First Team,First Week,Second Team,Second Week,Score
Annandale,Week4,Little Hunting Park,Week2,231.0 Little Hunting Park - 170.0 Annandale
Arlington Forest,Week2,Brandywine,Week5,227.0 Brandywine - 175.0 Arlington Forest
Annandale,Week4,Little Hunting Park,Week5,246.0 Little Hunting Park - 152.0 Annandale
Annandale,Week2,Rutherford,Week5,218.0 Rutherford - 184.0 Annandale
Annandale,Week2,Little Hunting Park,Week1,225.0 Little Hunting Park - 176.0 Annandale
Arlington Forest,Week3,Highlands Swim,Week3,325.0 Highlands Swim - 77.0 Arlington Forest
Arlington Forest,Week1,Hollin Hills,Week3,307.0 Arlington Forest - 95.0 Hollin Hills
Arlington Forest,Week1,Highlands Swim,Week1,302.0 Highlands Swim - 100.0 Arlington Forest
Annandale,Week3,Little Hunting Park,Week1,213.0 Little Hunting Park - 189.0 Annandale
Annandale,Week4,Herndon,Week3,251.0 Annandale - 150.0 Herndon
Annandale,Week5,Rutherford,Week5,208.0 Rutherford - 194.0 Annandale
Annandale,Week2,Hiddenbrook,Week2,206.0 Annandale - 195.0 Hiddenbrook
Annandale,Week5,Herndon,Week4,292.0 Annandale - 108.0 Herndon
Annandale,Week3,Hiddenbrook,Week2,225.0 Annandale - 172.0 Hiddenbrook
Annandale,Week5,Herndon,Week5,281.0 Annandale - 119.0 Herndon
Annandale,Week3,Little Hunting Park,Week5,224.0 Little Hunting Park - 177.0 Annandale
Annandale,Week4,Rolling Valley,Week2,206.0 Annandale - 196.0 Rolling Valley
Arlington Forest,Week3,Highlands Swim,Week1,320.0 Highlands Swim - 82.0 Arlington Forest
Arlington Forest,Week2,Pinewood Lake,Week2,365.0 Arlington Forest - 32.0 Pinewood Lake
Arlington Forest,Week4,Brandywine,Week4,203.0 Arlington Forest - 199.0 Brandywine
Arlington Forest,Week4,Brandywine,Week2,243.0 Arlington Forest - 159.0 Brandywine
Annandale,Week3,Hiddenbrook,Week1,223.0 Hiddenbrook - 179.0 Annandale
Annandale,Week4,Herndon,Week4,253.0 Annandale - 147.0 Herndon
Arlington Forest,Week5,Pinewood Lake,Week4,362.0 Arlington Forest - 39.0 Pinewood Lake
Arlington Forest,Week5,Highland Park,Week5,212.0 Arlington Forest - 190.0 Highland Park
Arlington Forest,Week4,Pinewood Lake,Week1,376.0 Arlington Forest - 23.0 Pinewood Lake
Annandale,Week2,Rutherford,Week4,226.0 Rutherford - 176.0 Annandale
Arlington Forest,Week2,Highlands Swim,Week1,306.0 Highlands Swim - 96.0 Arlington Forest
Annandale,Week4,Rutherford,Week4,239.0 Rutherford - 163.0 Annandale
Annandale,Week3,Herndon,Week5,267.0 Annandale - 135.0 Herndon
Arlington Forest,Week1,Pleasant Valley,Week1,319.0 Arlington Forest - 83.0 Pleasant Valley
Annandale,Week5,Herndon,Week1,294.0 Annandale - 105.0 Herndon
Arlington Forest,Week1,Pinewood Lake,Week3,374.0 Arlington Forest - 23.0 Pinewood Lake
Annandale,Week5,Lincolnia Park,Week5,228.5 Annandale - 164.5 Lincolnia Park
Arlington Forest,Week2,Highlands Swim,Week3,313.0 Highlands Swim - 89.0 Arlington Forest
Arlington Forest,Week1,Pinewood Lake,Week4,371.0 Arlington Forest - 26.0 Pinewood Lake
Annandale,Week1,Little Hunting Park,Week4,226.0 Little Hunting Park - 176.0 Annandale
Annandale,Week2,Hiddenbrook,Week5,273.0 Hiddenbrook - 129.0 Annandale
Annandale,Week1,Little Hunting Park,Week5,250.0 Little Hunting Park - 151.0 Annandale
Annandale,Week5,Lincolnia Park,Week3,220.0 Annandale - 173.0 Lincolnia Park
Annandale,Week5,Herndon,Week2,293.0 Annandale - 107.0 Herndon
Arlington Forest,Week1,Brandywine,Week1,224.0 Arlington Forest - 178.0 Brandywine
Annandale,Week1,Hiddenbrook,Week2,199.0 Annandale - 198.0 Hiddenbrook
Arlington Forest,Week1,Brandywine,Week2,213.0 Arlington Forest - 189.0 Brandywine
Annandale,Week2,Hiddenbrook,Week1,232.0 Hiddenbrook - 170.0 Annandale
Arlington Forest,Week5,Arlington Forest,Week3,273.0 Arlington Forest (AF1) - 129.0 Arlington Forest (AF2)
Annandale,Week5,Rutherford,Week4,234.0 Rutherford - 168.0 Annandale
Arlington Forest,Week1,Brandywine,Week3,199.0 Arlington Forest - 198.0 Brandywine
Arlington Forest,Week1,Pleasant Valley,Week2,314.0 Arlington Forest - 88.0 Pleasant Valley
Arlington Forest,Week1,Highlands Swim,Week2,327.0 Highlands Swim - 75.0 Arlington Forest
Arlington Forest,Week2,Pleasant Valley,Week2,300.0 Arlington Forest - 102.0 Pleasant Valley
Arlington Forest,Week2,Pinewood Lake,Week5,357.0 Arlington Forest - 44.0 Pinewood Lake
Arlington Forest,Week3,Brandywine,Week5,248.0 Brandywine - 154.0 Arlington Forest
Arlington Forest,Week5,Pinewood Lake,Week2,359.0 Arlington Forest - 37.0 Pinewood Lake
Annandale,Week2,Rutherford,Week3,221.0 Rutherford - 181.0 Annandale
Annandale,Week2,Hiddenbrook,Week3,241.0 Hiddenbrook - 160.0 Annandale
Arlington Forest,Week3,Highlands Swim,Week2,331.5 Highlands Swim - 70.5 Arlington Forest
Annandale,Week1,Rutherford,Week5,233.0 Rutherford - 169.0 Annandale
Annandale,Week5,Little Hunting Park,Week2,205.0 Little Hunting Park - 197.0 Annandale
Annandale,Week1,Little Hunting Park,Week1,233.0 Little Hunting Park - 168.0 Annandale
Annandale,Week4,Herndon,Week1,251.0 Annandale - 149.0 Herndon
Arlington Forest,Week2,Highlands Swim,Week2,330.0 Highlands Swim - 72.0 Arlington Forest
Arlington Forest,Week4,Highland Park,Week1,207.0 Highland Park - 195.0 Arlington Forest
Annandale,Week3,Rutherford,Week5,225.0 Rutherford - 177.0 Annandale
Annandale,Week3,Hiddenbrook,Week3,222.0 Hiddenbrook - 180.0 Annandale
Annandale,Week5,Lincolnia Park,Week4,250.5 Annandale - 151.5 Lincolnia Park
Arlington Forest,Week3,Pinewood Lake,Week2,364.0 Arlington Forest - 38.0 Pinewood Lake
Arlington Forest,Week5,Arlington Forest,Week4,240.0 Arlington Forest (AF1) - 162.0 Arlington Forest (AF2)
Annandale,Week4,Little Hunting Park,Week3,229.0 Little Hunting Park - 172.0 Annandale
Annandale,Week3,Rutherford,Week3,210.0 Rutherford - 192.0 Annandale
Annandale,Week2,Little Hunting Park,Week3,218.0 Little Hunting Park - 184.0 Annandale
Annandale,Week4,Little Hunting Park,Week4,224.0 Little Hunting Park - 177.0 Annandale
Arlington Forest,Week5,Highland Park,Week4,220.0 Arlington Forest - 182.0 Highland Park
Arlington Forest,Week5,Brandywine,Week2,246.0 Arlington Forest - 156.0 Brandywine
Arlington Forest,Week1,Pinewood Lake,Week5,362.0 Arlington Forest - 35.0 Pinewood Lake
Arlington Forest,Week2,Highlands Swim,Week5,313.5 Highlands Swim - 88.5 Arlington Forest
Arlington Forest,Week4,Brandywine,Week5,203.0 Arlington Forest - 199.0 Brandywine
Arlington Forest,Week1,Highlands Swim,Week4,305.0 Highlands Swim - 97.0 Arlington Forest
Annandale,Week5,Little Hunting Park,Week1,208.0 Little Hunting Park - 194.0 Annandale
Annandale,Week1,Shouse Village,Week3,273.0 Shouse Village - 129.0 Annandale
Arlington Forest,Week5,Arlington Forest,Week1,257.0 Arlington Forest (AF1) - 145.0 Arlington Forest (AF2)
Arlington Forest,Week5,Highland Park,Week1,205.0 Highland Park - 197.0 Arlington Forest
Annandale,Week2,Shouse Village,Week2,251.0 Shouse Village - 151.0 Annandale
Arlington Forest,Week5,Pinewood Lake,Week1,360.0 Arlington Forest - 36.0 Pinewood Lake
Arlington Forest,Week2,Pinewood Lake,Week4,366.0 Arlington Forest - 35.0 Pinewood Lake
Arlington Forest,Week2,Brandywine,Week1,221.0 Arlington Forest - 181.0 Brandywine
Arlington Forest,Week4,Arlington Forest,Week3,275.0 Arlington Forest (AF1) - 127.0 Arlington Forest (AF2)
Arlington Forest,Week1,Bren Mar-Edsall Park,Week5,365.0 Arlington Forest - 32.0 Bren Mar-Edsall Park
Arlington Forest,Week5,Arlington Forest,Week2,267.0 Arlington Forest (AF1) - 130.0 Arlington Forest (AF2)
Arlington Forest,Week2,Pleasant Valley,Week3,282.0 Arlington Forest - 120.0 Pleasant Valley
Annandale,Week5,Herndon,Week3,283.0 Annandale - 118.0 Herndon
Annandale,Week2,Shouse Village,Week4,280.0 Shouse Village - 122.0 Annandale
Arlington Forest,Week4,Highlands Swim,Week4,290.0 Highlands Swim - 112.0 Arlington Forest
Annandale,Week3,Rolling Valley,Week1,273.0 Annandale - 129.0 Rolling Valley
Arlington Forest,Week3,Pinewood Lake,Week5,354.0 Arlington Forest - 47.0 Pinewood Lake
Annandale,Week3,Little Hunting Park,Week3,209.0 Annandale - 193.0 Little Hunting Park
Annandale,Week3,Rutherford,Week2,209.0 Annandale - 193.0 Rutherford
Annandale,Week2,Rutherford,Week2,201.0 Annandale - 201.0 Rutherford
Annandale,Week2,Rutherford,Week1,208.5 Rutherford - 193.5 Annandale
Arlington Forest,Week1,Pleasant Valley,Week5,307.0 Arlington Forest - 95.0 Pleasant Valley
Annandale,Week4,Rutherford,Week1,204.0 Rutherford - 198.0 Annandale
Arlington Forest,Week2,Brandywine,Week4,224.0 Brandywine - 178.0 Arlington Forest
Arlington Forest,Week3,Highlands Swim,Week4,316.0 Highlands Swim - 86.0 Arlington Forest
Annandale,Week1,Hiddenbrook,Week5,279.0 Hiddenbrook - 123.0 Annandale
Arlington Forest,Week2,Highlands Swim,Week4,295.0 Highlands Swim - 107.0 Arlington Forest
Arlington Forest,Week3,Pleasant Valley,Week2,290.0 Arlington Forest - 108.0 Pleasant Valley
Arlington Forest,Week3,Pleasant Valley,Week1,295.0 Arlington Forest - 103.0 Pleasant Valley
Arlington Forest,Week3,Brandywine,Week1,219.5 Brandywine - 182.5 Arlington Forest
Arlington Forest,Week5,Brandywine,Week3,225.0 Arlington Forest - 177.0 Brandywine
Annandale,Week1,Little Rocky Run,Week1,312.0 Little Rocky Run - 85.0 Annandale
Annandale,Week3,Rutherford,Week4,220.0 Rutherford - 182.0 Annandale
Arlington Forest,Week3,Hollin Hills,Week2,298.0 Arlington Forest - 104.0 Hollin Hills
Annandale,Week1,Little Rocky Run,Week5,338.0 Little Rocky Run - 64.0 Annandale
Arlington Forest,Week1,Highlands Swim,Week5,311.0 Highlands Swim - 91.0 Arlington Forest
Annandale,Week1,Hiddenbrook,Week1,250.0 Hiddenbrook - 152.0 Annandale
Arlington Forest,Week4,Highland Park,Week3,211.0 Arlington Forest - 191.0 Highland Park
Annandale,Week1,Hiddenbrook,Week3,251.0 Hiddenbrook - 151.0 Annandale
Annandale,Week1,Hiddenbrook,Week4,254.0 Hiddenbrook - 148.0 Annandale
Arlington Forest,Week3,Brandywine,Week3,240.0 Brandywine - 162.0 Arlington Forest
Arlington Forest,Week2,Pleasant Valley,Week5,282.0 Arlington Forest - 120.0 Pleasant Valley
Annandale,Week1,Shouse Village,Week2,266.0 Shouse Village - 135.0 Annandale
Annandale,Week4,Herndon,Week5,243.0 Annandale - 157.0 Herndon
Arlington Forest,Week5,Highland Park,Week3,221.0 Arlington Forest - 181.0 Highland Park
Annandale,Week5,Little Hunting Park,Week4,210.0 Little Hunting Park - 192.0 Annandale
Arlington Forest,Week2,Pleasant Valley,Week4,308.0 Arlington Forest - 94.0 Pleasant Valley
Arlington Forest,Week2,Brandywine,Week2,207.0 Arlington Forest - 195.0 Brandywine
Annandale,Week1,Shouse Village,Week4,299.0 Shouse Village - 103.0 Annandale
Annandale,Week5,Little Hunting Park,Week3,201.0 Little Hunting Park - 200.0 Annandale
Arlington Forest,Week3,Pleasant Valley,Week3,271.0 Arlington Forest - 131.0 Pleasant Valley
Annandale,Week1,Little Rocky Run,Week2,323.0 Little Rocky Run - 79.0 Annandale
Arlington Forest,Week4,Brandywine,Week3,210.0 Arlington Forest - 192.0 Brandywine
Annandale,Week2,Little Rocky Run,Week1,317.0 Little Rocky Run - 85.0 Annandale
Annandale,Week2,Hiddenbrook,Week4,241.0 Hiddenbrook - 160.0 Annandale
Annandale,Week4,Rutherford,Week5,238.0 Rutherford - 164.0 Annandale
Arlington Forest,Week5,Pleasant Valley,Week2,320.0 Arlington Forest - 81.0 Pleasant Valley
Arlington Forest,Week4,Highlands Swim,Week3,291.0 Highlands Swim - 111.0 Arlington Forest
Annandale,Week2,Little Rocky Run,Week2,320.0 Little Rocky Run - 82.0 Annandale
Arlington Forest,Week4,Highland Park,Week4,215.0 Arlington Forest - 187.0 Highland Park
Arlington Forest,Week2,Brandywine,Week3,211.0 Brandywine - 191.0 Arlington Forest
Annandale,Week5,Hiddenbrook,Week2,215.0 Annandale - 185.0 Hiddenbrook
Annandale,Week1,Little Rocky Run,Week3,342.0 Little Rocky Run - 60.0 Annandale
Annandale,Week4,Rutherford,Week2,225.0 Rutherford - 177.0 Annandale
Annandale,Week1,High Point Pool,Week5,301.0 High Point Pool - 101.0 Annandale
Annandale,Week1,Little Rocky Run,Week4,339.0 Little Rocky Run - 63.0 Annandale
Arlington Forest,Week5,Brandywine,Week5,213.0 Arlington Forest - 189.0 Brandywine
Arlington Forest,Week3,Pleasant Valley,Week5,290.0 Arlington Forest - 111.0 Pleasant Valley
Annandale,Week3,Hiddenbrook,Week5,263.0 Hiddenbrook - 139.0 Annandale
Arlington Forest,Week5,Brandywine,Week1,253.0 Arlington Forest - 149.0 Brandywine
Annandale,Week4,Hiddenbrook,Week3,245.0 Hiddenbrook - 156.0 Annandale
Arlington Forest,Week5,Highlands Swim,Week1,259.0 Highlands Swim - 143.0 Arlington Forest
Arlington Forest,Week1,Highlands Swim,Week3,316.0 Highlands Swim - 86.0 Arlington Forest
Arlington Forest,Week2,Poplar Heights,Week1,225.0 Poplar Heights - 177.0 Arlington Forest
Annandale,Week4,Little Rocky Run,Week1,331.0 Little Rocky Run - 71.0 Annandale
Arlington Forest,Week3,Pleasant Valley,Week4,307.0 Arlington Forest - 91.0 Pleasant Valley
Arlington Forest,Week1,Bren Mar-Edsall Park,Week1,375.0 Arlington Forest - 27.0 Bren Mar-Edsall Park
Arlington Forest,Week1,Bren Mar-Edsall Park,Week2,376.0 Arlington Forest - 26.0 Bren Mar-Edsall Park
Annandale,Week5,Rutherford,Week2,207.0 Annandale - 195.0 Rutherford
Arlington Forest,Week5,Highlands Swim,Week2,284.0 Highlands Swim - 118.0 Arlington Forest
Annandale,Week5,Rutherford,Week3,218.0 Rutherford - 184.0 Annandale
Arlington Forest,Week1,Poplar Heights,Week1,209.0 Poplar Heights - 193.0 Arlington Forest
Annandale,Week4,Little Rocky Run,Week5,352.0 Little Rocky Run - 50.0 Annandale
Arlington Forest,Week4,Pleasant Valley,Week1,319.0 Arlington Forest - 83.0 Pleasant Valley
Annandale,Week4,Hiddenbrook,Week1,243.0 Hiddenbrook - 158.0 Annandale
Annandale,Week3,Rutherford,Week1,214.0 Annandale - 188.0 Rutherford
Annandale,Week5,Rutherford,Week1,204.0 Annandale - 198.0 Rutherford
Annandale,Week4,Hiddenbrook,Week5,277.0 Hiddenbrook - 125.0 Annandale
Annandale,Week2,Long Branch,Week1,239.0 Long Branch - 163.0 Annandale
Annandale,Week3,Little Rocky Run,Week4,335.0 Little Rocky Run - 67.0 Annandale
Arlington Forest,Week5,Highlands Swim,Week3,272.0 Highlands Swim - 130.0 Arlington Forest
Annandale,Week4,Hiddenbrook,Week4,255.0 Hiddenbrook - 146.0 Annandale
Arlington Forest,Week4,Brandywine,Week1,237.0 Arlington Forest - 165.0 Brandywine
Arlington Forest,Week4,Highlands Swim,Week5,298.0 Highlands Swim - 104.0 Arlington Forest
Arlington Forest,Week1,Bren Mar-Edsall Park,Week3,371.0 Arlington Forest - 26.0 Bren Mar-Edsall Park
Annandale,Week4,Rutherford,Week3,218.0 Rutherford - 184.0 Annandale
Arlington Forest,Week3,Brandywine,Week4,237.0 Brandywine - 165.0 Arlington Forest
Annandale,Week3,Hiddenbrook,Week4,232.5 Hiddenbrook - 169.5 Annandale
Annandale,Week5,Hiddenbrook,Week5,265.0 Hiddenbrook - 137.0 Annandale
Annandale,Week1,Long Branch,Week3,228.0 Long Branch - 174.0 Annandale
Arlington Forest,Week1,Poplar Heights,Week4,235.0 Poplar Heights - 167.0 Arlington Forest
Annandale,Week2,Long Branch,Week3,233.0 Long Branch - 168.0 Annandale
Arlington Forest,Week1,Poplar Heights,Week3,217.0 Poplar Heights - 185.0 Arlington Forest
Arlington Forest,Week3,Brandywine,Week2,207.0 Brandywine - 195.0 Arlington Forest
Annandale,Week2,Shouse Village,Week1,241.0 Shouse Village - 161.0 Annandale
Annandale,Week1,Shouse Village,Week1,270.0 Shouse Village - 132.0 Annandale
Arlington Forest,Week5,Pleasant Valley,Week1,313.0 Arlington Forest - 88.0 Pleasant Valley
Annandale,Week2,Shouse Village,Week3,270.0 Shouse Village - 132.0 Annandale
Arlington Forest,Week1,Bren Mar-Edsall Park,Week4,366.0 Arlington Forest - 36.0 Bren Mar-Edsall Park
Arlington Forest,Week5,Poplar Heights,Week2,224.0 Arlington Forest - 178.0 Poplar Heights
Annandale,Week1,Shouse Village,Week5,291.0 Shouse Village - 111.0 Annandale
Arlington Forest,Week4,Highlands Swim,Week1,278.0 Highlands Swim - 124.0 Arlington Forest
Annandale,Week5,Hiddenbrook,Week4,237.0 Hiddenbrook - 165.0 Annandale
Arlington Forest,Week5,Highlands Swim,Week4,279.0 Highlands Swim - 123.0 Arlington Forest
Arlington Forest,Week5,Brandywine,Week4,232.0 Arlington Forest - 170.0 Brandywine
Arlington Forest,Week5,Highlands Swim,Week5,286.0 Highlands Swim - 116.0 Arlington Forest
Annandale,Week5,Little Rocky Run,Week2,312.0 Little Rocky Run - 90.0 Annandale
Annandale,Week1,High Point Pool,Week2,320.0 High Point Pool - 82.0 Annandale
Arlington Forest,Week1,Hollin Hills,Week1,316.0 Arlington Forest - 86.0 Hollin Hills
Arlington Forest,Week5,Poplar Heights,Week4,221.0 Arlington Forest - 181.0 Poplar Heights
Annandale,Week4,Little Rocky Run,Week4,347.0 Little Rocky Run - 55.0 Annandale
Annandale,Week2,Sideburn Run,Week3,277.0 Sideburn Run - 125.0 Annandale
Annandale,Week1,Bren Mar-Edsall Park,Week2,302.0 Annandale - 96.0 Bren Mar-Edsall Park
Arlington Forest,Week2,Bren Mar-Edsall Park,Week2,367.0 Arlington Forest - 30.0 Bren Mar-Edsall Park
Arlington Forest,Week1,Hollin Hills,Week2,306.0 Arlington Forest - 96.0 Hollin Hills
Annandale,Week2,Sideburn Run,Week5,282.0 Sideburn Run - 120.0 Annandale
Arlington Forest,Week5,Pleasant Valley,Week5,307.0 Arlington Forest - 95.0 Pleasant Valley
Annandale,Week4,Long Branch,Week1,234.5 Long Branch - 167.5 Annandale
Arlington Forest,Week5,Pleasant Valley,Week4,326.0 Arlington Forest - 75.0 Pleasant Valley
Arlington Forest,Week4,Bren Mar-Edsall Park,Week3,370.0 Arlington Forest - 32.0 Bren Mar-Edsall Park
Annandale,Week3,Sideburn Run,Week3,271.0 Sideburn Run - 131.0 Annandale
Annandale,Week1,Long Branch,Week1,245.0 Long Branch - 152.0 Annandale
Annandale,Week1,High Point Pool,Week3,304.0 High Point Pool - 98.0 Annandale
Arlington Forest,Week1,Hollin Hills,Week4,310.0 Arlington Forest - 92.0 Hollin Hills
Annandale,Week2,High Point Pool,Week1,286.0 High Point Pool - 116.0 Annandale
Arlington Forest,Week2,Hollin Hills,Week1,300.0 Arlington Forest - 102.0 Hollin Hills
Arlington Forest,Week4,Bren Mar-Edsall Park,Week1,371.0 Arlington Forest - 31.0 Bren Mar-Edsall Park
Annandale,Week2,Shouse Village,Week5,280.0 Shouse Village - 121.0 Annandale
Annandale,Week4,Shouse Village,Week2,263.5 Shouse Village - 138.5 Annandale
Arlington Forest,Week2,Poplar Heights,Week4,247.0 Poplar Heights - 155.0 Arlington Forest
Annandale,Week5,Brandywine,Week2,248.0 Brandywine - 154.0 Annandale
Arlington Forest,Week4,Pleasant Valley,Week4,324.0 Arlington Forest - 78.0 Pleasant Valley
Annandale,Week1,Bren Mar-Edsall Park,Week4,282.0 Annandale - 116.0 Bren Mar-Edsall Park
Annandale,Week2,High Point Pool,Week2,305.0 High Point Pool - 97.0 Annandale
Annandale,Week4,Shouse Village,Week3,281.0 Shouse Village - 121.0 Annandale
Arlington Forest,Week2,Hollin Hills,Week3,306.0 Arlington Forest - 96.0 Hollin Hills
Annandale,Week4,Hiddenbrook,Week2,212.0 Annandale - 189.0 Hiddenbrook
Annandale,Week3,Little Rocky Run,Week2,325.0 Little Rocky Run - 77.0 Annandale
Arlington Forest,Week3,Poplar Heights,Week1,224.0 Poplar Heights - 178.0 Arlington Forest
Arlington Forest,Week1,Brookfield ,Week3,245.0 Arlington Forest - 157.0 Brookfield
Arlington Forest,Week1,Hollin Hills,Week5,302.0 Arlington Forest - 100.0 Hollin Hills
Annandale,Week3,Little Rocky Run,Week3,333.0 Little Rocky Run - 69.0 Annandale
Arlington Forest,Week3,Brookfield ,Week1,216.0 Brookfield - 186.0 Arlington Forest
Annandale,Week1,Bren Mar-Edsall Park,Week5,273.0 Annandale - 123.0 Bren Mar-Edsall Park
Arlington Forest,Week4,Highlands Swim,Week2,302.0 Highlands Swim - 100.0 Arlington Forest
Arlington Forest,Week5,Pleasant Valley,Week3,300.0 Arlington Forest - 102.0 Pleasant Valley
Annandale,Week5,Long Branch,Week1,233.0 Long Branch - 169.0 Annandale
Arlington Forest,Week2,Brookfield ,Week4,206.0 Arlington Forest - 196.0 Brookfield
Annandale,Week1,Bren Mar-Edsall Park,Week3,275.0 Annandale - 121.0 Bren Mar-Edsall Park
Annandale,Week3,Shouse Village,Week2,239.0 Shouse Village - 163.0 Annandale
Annandale,Week2,Long Branch,Week5,269.0 Long Branch - 133.0 Annandale
Annandale,Week1,High Point Pool,Week4,306.0 High Point Pool - 96.0 Annandale
Annandale,Week2,High Point Pool,Week4,311.0 High Point Pool - 91.0 Annandale
Annandale,Week2,Little Rocky Run,Week3,343.5 Little Rocky Run - 58.5 Annandale
Annandale,Week3,Little Rocky Run,Week1,305.0 Little Rocky Run - 92.0 Annandale
Annandale,Week4,Long Branch,Week4,241.0 Long Branch - 161.0 Annandale
Arlington Forest,Week3,Brookfield ,Week3,203.5 Arlington Forest - 197.5 Brookfield
Arlington Forest,Week4,Bren Mar-Edsall Park,Week4,364.0 Arlington Forest - 38.0 Bren Mar-Edsall Park
Arlington Forest,Week2,Hollin Hills,Week4,286.0 Arlington Forest - 116.0 Hollin Hills
Annandale,Week5,Brandywine,Week4,272.0 Brandywine - 130.0 Annandale
Annandale,Week2,High Point Pool,Week5,299.0 High Point Pool - 102.0 Annandale
Arlington Forest,Week3,Hollin Hills,Week1,303.0 Arlington Forest - 99.0 Hollin Hills
Arlington Forest,Week1,Poplar Heights,Week5,236.0 Poplar Heights - 166.0 Arlington Forest
Annandale,Week5,Brandywine,Week1,260.0 Brandywine - 142.0 Annandale
Arlington Forest,Week2,Hollin Hills,Week2,290.0 Arlington Forest - 112.0 Hollin Hills
Annandale,Week3,Shouse Village,Week4,283.0 Shouse Village - 119.0 Annandale
Arlington Forest,Week3,Poplar Heights,Week2,257.0 Poplar Heights - 145.0 Arlington Forest
Annandale,Week5,Shouse Village,Week5,275.0 Shouse Village - 127.0 Annandale
Arlington Forest,Week3,Bren Mar-Edsall Park,Week5,350.0 Arlington Forest - 52.0 Bren Mar-Edsall Park
Annandale,Week1,Sideburn Run,Week5,298.0 Sideburn Run - 104.0 Annandale
Arlington Forest,Week3,Poplar Heights,Week3,242.0 Poplar Heights - 160.0 Arlington Forest
Annandale,Week5,Hiddenbrook,Week1,225.0 Hiddenbrook - 176.0 Annandale
Arlington Forest,Week2,Hollin Hills,Week5,288.0 Arlington Forest - 109.0 Hollin Hills
Arlington Forest,Week1,Poplar Heights,Week2,233.0 Poplar Heights - 169.0 Arlington Forest
Annandale,Week2,High Point Pool,Week3,306.0 High Point Pool - 96.0 Annandale
Annandale,Week3,Sideburn Run,Week1,275.5 Sideburn Run - 126.5 Annandale
Arlington Forest,Week4,Pleasant Valley,Week3,305.0 Arlington Forest - 97.0 Pleasant Valley
Annandale,Week2,Little Rocky Run,Week4,336.0 Little Rocky Run - 66.0 Annandale
Arlington Forest,Week2,Bren Mar-Edsall Park,Week3,359.0 Arlington Forest - 43.0 Bren Mar-Edsall Park
Annandale,Week4,Little Rocky Run,Week3,352.0 Little Rocky Run - 50.0 Annandale
Annandale,Week2,Bren Mar-Edsall Park,Week1,319.0 Annandale - 82.0 Bren Mar-Edsall Park
Arlington Forest,Week3,Hollin Hills,Week4,302.0 Arlington Forest - 99.0 Hollin Hills
Annandale,Week4,Little Rocky Run,Week2,338.0 Little Rocky Run - 64.0 Annandale
Annandale,Week3,High Point Pool,Week1,282.0 High Point Pool - 120.0 Annandale
Arlington Forest,Week5,Bren Mar-Edsall Park,Week2,361.0 Arlington Forest - 36.0 Bren Mar-Edsall Park
Arlington Forest,Week4,Hollin Hills,Week1,323.0 Arlington Forest - 79.0 Hollin Hills
Annandale,Week1,High Point Pool,Week1,299.0 High Point Pool - 103.0 Annandale
Annandale,Week4,Shouse Village,Week4,296.0 Shouse Village - 106.0 Annandale
Arlington Forest,Week3,Bren Mar-Edsall Park,Week3,359.0 Arlington Forest - 43.0 Bren Mar-Edsall Park
Annandale,Week1,Bren Mar-Edsall Park,Week1,291.0 Annandale - 110.0 Bren Mar-Edsall Park
Annandale,Week1,Sideburn Run,Week4,286.0 Sideburn Run - 116.0 Annandale
Arlington Forest,Week2,Poplar Heights,Week2,254.0 Poplar Heights - 148.0 Arlington Forest
Annandale,Week5,Shouse Village,Week4,284.0 Shouse Village - 118.0 Annandale
Annandale,Week2,Bren Mar-Edsall Park,Week2,325.0 Annandale - 77.0 Bren Mar-Edsall Park
Annandale,Week5,Hiddenbrook,Week3,231.0 Hiddenbrook - 171.0 Annandale
Annandale,Week5,Little Rocky Run,Week1,298.0 Little Rocky Run - 104.0 Annandale
Annandale,Week4,Brandywine,Week5,294.0 Brandywine - 108.0 Annandale
Arlington Forest,Week4,Pleasant Valley,Week2,312.0 Arlington Forest - 90.0 Pleasant Valley
Arlington Forest,Week3,Hollin Hills,Week3,303.0 Arlington Forest - 99.0 Hollin Hills
Annandale,Week5,Brandywine,Week3,256.0 Brandywine - 145.0 Annandale
Annandale,Week5,Little Rocky Run,Week5,327.0 Little Rocky Run - 75.0 Annandale
Arlington Forest,Week4,Hollin Hills,Week3,323.0 Arlington Forest - 79.0 Hollin Hills
Annandale,Week3,Brandywine,Week2,238.0 Brandywine - 164.0 Annandale
Arlington Forest,Week4,Pleasant Valley,Week5,309.0 Arlington Forest - 92.0 Pleasant Valley
Arlington Forest,Week3,Poplar Heights,Week5,254.0 Poplar Heights - 148.0 Arlington Forest
Annandale,Week4,Brandywine,Week2,265.0 Brandywine - 137.0 Annandale
Annandale,Week1,Long Branch,Week2,240.0 Long Branch - 162.0 Annandale
Annandale,Week5,Shouse Village,Week3,269.0 Shouse Village - 133.0 Annandale
Arlington Forest,Week2,Poplar Heights,Week3,242.0 Poplar Heights - 160.0 Arlington Forest
Annandale,Week3,Little Rocky Run,Week5,337.0 Little Rocky Run - 60.0 Annandale
Arlington Forest,Week5,Hollin Hills,Week3,314.0 Arlington Forest - 88.0 Hollin Hills
Arlington Forest,Week5,Bren Mar-Edsall Park,Week5,357.0 Arlington Forest - 40.0 Bren Mar-Edsall Park
Arlington Forest,Week3,Hollin Hills,Week5,282.0 Arlington Forest - 120.0 Hollin Hills
Annandale,Week1,Sideburn Run,Week1,292.0 Sideburn Run - 110.0 Annandale
Annandale,Week4,Shouse Village,Week1,261.0 Shouse Village - 141.0 Annandale
Arlington Forest,Week4,Poplar Heights,Week1,222.0 Arlington Forest - 180.0 Poplar Heights
Arlington Forest,Week3,Poplar Heights,Week4,259.0 Poplar Heights - 143.0 Arlington Forest
Annandale,Week5,Brandywine,Week5,275.0 Brandywine - 127.0 Annandale
Arlington Forest,Week5,Hollin Hills,Week2,300.0 Arlington Forest - 102.0 Hollin Hills
Arlington Forest,Week1,Brookfield ,Week2,236.0 Arlington Forest - 166.0 Brookfield
Annandale,Week5,Shouse Village,Week1,246.0 Shouse Village - 156.0 Annandale
Arlington Forest,Week1,Brookfield ,Week5,242.0 Arlington Forest - 160.0 Brookfield
Annandale,Week5,Little Rocky Run,Week3,331.0 Little Rocky Run - 71.0 Annandale
Arlington Forest,Week5,Bren Mar-Edsall Park,Week1,365.0 Arlington Forest - 36.0 Bren Mar-Edsall Park
Arlington Forest,Week5,Bren Mar-Edsall Park,Week3,362.0 Arlington Forest - 40.0 Bren Mar-Edsall Park
Arlington Forest,Week3,Bren Mar-Edsall Park,Week4,352.0 Arlington Forest - 50.0 Bren Mar-Edsall Park
Arlington Forest,Week4,Hollin Hills,Week4,318.0 Arlington Forest - 84.0 Hollin Hills
Annandale,Week1,Long Branch,Week5,254.0 Long Branch - 148.0 Annandale
Arlington Forest,Week5,Hollin Hills,Week5,303.0 Arlington Forest - 94.0 Hollin Hills
Annandale,Week3,Shouse Village,Week3,261.0 Shouse Village - 141.0 Annandale
Arlington Forest,Week5,Hollin Hills,Week1,300.0 Arlington Forest - 102.0 Hollin Hills
Arlington Forest,Week2,Brookfield ,Week1,211.0 Brookfield - 191.0 Arlington Forest
Arlington Forest,Week4,Poplar Heights,Week3,202.0 Arlington Forest - 200.0 Poplar Heights
Arlington Forest,Week4,Poplar Heights,Week2,211.0 Poplar Heights - 191.0 Arlington Forest
Annandale,Week4,Arlington Forest,Week4,320.0 Arlington Forest - 82.0 Annandale
Arlington Forest,Week1,Brookfield ,Week4,215.0 Arlington Forest - 187.0 Brookfield
Annandale,Week3,Brandywine,Week1,239.0 Brandywine - 163.0 Annandale
Annandale,Week3,Shouse Village,Week5,279.0 Shouse Village - 123.0 Annandale
Annandale,Week4,Shouse Village,Week5,282.0 Shouse Village - 119.0 Annandale
Arlington Forest,Week3,Bren Mar-Edsall Park,Week1,361.0 Arlington Forest - 40.0 Bren Mar-Edsall Park
Arlington Forest,Week4,Poplar Heights,Week5,212.0 Poplar Heights - 190.0 Arlington Forest
Annandale,Week1,Long Branch,Week4,250.0 Long Branch - 152.0 Annandale
Annandale,Week2,Little Rocky Run,Week5,338.0 Little Rocky Run - 64.0 Annandale
Annandale,Week5,Little Rocky Run,Week4,330.0 Little Rocky Run - 72.0 Annandale
Arlington Forest,Week5,Hollin Hills,Week4,315.0 Arlington Forest - 87.0 Hollin Hills
Annandale,Week3,Shouse Village,Week1,240.0 Shouse Village - 162.0 Annandale
Arlington Forest,Week4,Poplar Heights,Week4,214.0 Poplar Heights - 188.0 Arlington Forest
Annandale,Week5,Arlington Forest,Week2,281.0 Arlington Forest - 121.0 Annandale
Annandale,Week2,Sideburn Run,Week2,260.0 Sideburn Run - 142.0 Annandale
Annandale,Week2,Brandywine,Week5,277.5 Brandywine - 124.5 Annandale
Arlington Forest,Week2,Bren Mar-Edsall Park,Week5,351.0 Arlington Forest - 46.0 Bren Mar-Edsall Park
Arlington Forest,Week2,Poplar Heights,Week5,254.0 Poplar Heights - 148.0 Arlington Forest
Arlington Forest,Week2,Bren Mar-Edsall Park,Week4,355.0 Arlington Forest - 42.0 Bren Mar-Edsall Park
Arlington Forest,Week5,Poplar Heights,Week1,241.0 Arlington Forest - 161.0 Poplar Heights
Annandale,Week2,Long Branch,Week2,249.0 Long Branch - 153.0 Annandale
Arlington Forest,Week4,Bren Mar-Edsall Park,Week2,377.0 Arlington Forest - 25.0 Bren Mar-Edsall Park
Arlington Forest,Week1,Brookfield ,Week1,222.0 Arlington Forest - 180.0 Brookfield
Annandale,Week1,Brandywine,Week2,261.0 Brandywine - 141.0 Annandale
Arlington Forest,Week5,Poplar Heights,Week3,221.0 Arlington Forest - 181.0 Poplar Heights
Arlington Forest,Week4,Hollin Hills,Week2,327.0 Arlington Forest - 75.0 Hollin Hills
Annandale,Week5,Arlington Forest,Week3,264.0 Arlington Forest - 138.0 Annandale
Annandale,Week2,Brandywine,Week1,257.0 Brandywine - 145.0 Annandale
Arlington Forest,Week1,Hollin Meadows,Week3,216.0 Hollin Meadows - 186.0 Arlington Forest
Arlington Forest,Week1,Hollin Meadows,Week2,224.0 Arlington Forest - 178.0 Hollin Meadows
Arlington Forest,Week5,Bren Mar-Edsall Park,Week4,363.0 Arlington Forest - 34.0 Bren Mar-Edsall Park
Annandale,Week5,Shouse Village,Week2,251.0 Shouse Village - 151.0 Annandale
Arlington Forest,Week2,Bren Mar-Edsall Park,Week1,364.0 Arlington Forest - 38.0 Bren Mar-Edsall Park
Annandale,Week1,Brandywine,Week3,273.0 Brandywine - 124.0 Annandale
Annandale,Week3,Long Branch,Week2,225.0 Long Branch - 177.0 Annandale
Annandale,Week2,Sideburn Run,Week1,281.0 Sideburn Run - 121.0 Annandale
Annandale,Week1,Brandywine,Week4,277.0 Brandywine - 125.0 Annandale
Annandale,Week3,Long Branch,Week3,220.0 Long Branch - 182.0 Annandale
Arlington Forest,Week3,Bren Mar-Edsall Park,Week2,364.0 Arlington Forest - 37.0 Bren Mar-Edsall Park
Annandale,Week2,Long Branch,Week4,245.0 Long Branch - 157.0 Annandale
Annandale,Week2,Sideburn Run,Week4,268.0 Sideburn Run - 134.0 Annandale
Annandale,Week1,Sideburn Run,Week3,283.0 Sideburn Run - 119.0 Annandale
Annandale,Week5,Arlington Forest,Week1,280.0 Arlington Forest - 122.0 Annandale
Annandale,Week3,Sideburn Run,Week2,249.0 Sideburn Run - 153.0 Annandale
Arlington Forest,Week1,Hollin Meadows,Week4,212.0 Arlington Forest - 190.0 Hollin Meadows
Arlington Forest,Week1,Hollin Meadows,Week1,204.0 Arlington Forest - 198.0 Hollin Meadows
Annandale,Week3,Long Branch,Week4,233.0 Long Branch - 169.0 Annandale
Arlington Forest,Week3,Poplar Tree,Week4,231.0 Poplar Tree - 171.0 Arlington Forest
Arlington Forest,Week3,Hollin Meadows,Week1,235.0 Hollin Meadows - 167.0 Arlington Forest
Annandale,Week3,Long Branch,Week5,234.0 Long Branch - 168.0 Annandale
Annandale,Week1,Sideburn Run,Week2,272.0 Sideburn Run - 130.0 Annandale
Annandale,Week2,Brandywine,Week3,257.0 Brandywine - 145.0 Annandale
Annandale,Week3,Long Branch,Week1,231.0 Long Branch - 161.0 Annandale
Arlington Forest,Week2,Poplar Tree,Week5,264.5 Poplar Tree - 137.5 Arlington Forest
Arlington Forest,Week5,Poplar Tree,Week3,207.0 Poplar Tree - 195.0 Arlington Forest
Arlington Forest,Week4,Hollin Hills,Week5,317.0 Arlington Forest - 85.0 Hollin Hills
Arlington Forest,Week2,Brookfield ,Week2,215.5 Arlington Forest - 186.5 Brookfield
Arlington Forest,Week4,Hollin Meadows,Week4,221.0 Arlington Forest - 181.0 Hollin Meadows
Annandale,Week4,Sideburn Run,Week2,283.0 Sideburn Run - 119.0 Annandale
Annandale,Week3,Sideburn Run,Week5,280.0 Sideburn Run - 122.0 Annandale
Arlington Forest,Week2,Hollin Meadows,Week5,236.0 Hollin Meadows - 166.0 Arlington Forest
Arlington Forest,Week4,Bren Mar-Edsall Park,Week5,370.0 Arlington Forest - 32.0 Bren Mar-Edsall Park
Arlington Forest,Week1,Hollin Meadows,Week5,205.5 Hollin Meadows - 196.5 Arlington Forest
Annandale,Week3,Mansion House,Week2,260.0 Mansion House - 137.0 Annandale
Annandale,Week3,Brandywine,Week3,248.0 Brandywine - 149.0 Annandale
Arlington Forest,Week4,Poplar Tree,Week5,240.0 Poplar Tree - 162.0 Arlington Forest
Annandale,Week4,Long Branch,Week3,229.0 Long Branch - 172.0 Annandale
Arlington Forest,Week3,Poplar Tree,Week3,263.0 Poplar Tree - 139.0 Arlington Forest
Annandale,Week4,Brandywine,Week1,270.0 Brandywine - 132.0 Annandale
Annandale,Week4,Mansion House,Week2,292.0 Mansion House - 110.0 Annandale
Arlington Forest,Week3,Brookfield ,Week2,206.0 Arlington Forest - 196.0 Brookfield
Annandale,Week3,Sideburn Run,Week4,269.0 Sideburn Run - 133.0 Annandale
Annandale,Week4,Sideburn Run,Week1,292.0 Sideburn Run - 110.0 Annandale
Arlington Forest,Week2,Brookfield ,Week5,215.0 Arlington Forest - 187.0 Brookfield
Arlington Forest,Week5,Hollin Meadows,Week4,221.0 Arlington Forest - 181.0 Hollin Meadows
Arlington Forest,Week5,Poplar Tree,Week2,203.0 Arlington Forest - 199.0 Poplar Tree
Annandale,Week4,Long Branch,Week2,241.0 Long Branch - 161.0 Annandale
Annandale,Week1,Sleepy Hollow B & R,Week3,315.0 Sleepy Hollow B & R - 87.0 Annandale
Arlington Forest,Week1,Holmes Run Acres,Week3,231.0 Holmes Run Acres - 171.0 Arlington Forest
Annandale,Week2,Brandywine,Week4,267.0 Brandywine - 135.0 Annandale
Arlington Forest,Week5,Poplar Tree,Week4,212.0 Arlington Forest - 190.0 Poplar Tree
Arlington Forest,Week2,Poplar Tree,Week3,250.0 Poplar Tree - 152.0 Arlington Forest
Arlington Forest,Week2,Holmes Run Acres,Week2,204.0 Arlington Forest - 198.0 Holmes Run Acres
Annandale,Week3,Brandywine,Week4,265.0 Brandywine - 137.0 Annandale
Annandale,Week4,Long Branch,Week5,258.0 Long Branch - 144.0 Annandale
Annandale,Week5,Long Branch,Week5,252.0 Long Branch - 150.0 Annandale
Arlington Forest,Week2,Brookfield ,Week3,218.0 Arlington Forest - 184.0 Brookfield
Annandale,Week3,Brandywine,Week5,275.0 Brandywine - 127.0 Annandale
Annandale,Week4,Sideburn Run,Week3,291.0 Sideburn Run - 111.0 Annandale
Arlington Forest,Week4,Poplar Tree,Week1,231.0 Poplar Tree - 171.0 Arlington Forest
Arlington Forest,Week3,Broyhill Crest,Week2,354.0 Arlington Forest - 48.0 Broyhill Crest
Annandale,Week4,Arlington Forest,Week5,314.0 Arlington Forest - 88.0 Annandale
Arlington Forest,Week3,Hollin Meadows,Week3,238.0 Hollin Meadows - 164.0 Arlington Forest
Arlington Forest,Week2,Poplar Tree,Week1,259.0 Poplar Tree - 143.0 Arlington Forest
Arlington Forest,Week5,Brookfield ,Week5,244.0 Arlington Forest - 158.0 Brookfield
Annandale,Week3,Sleepy Hollow B & R,Week3,295.0 Sleepy Hollow B & R - 107.0 Annandale
Arlington Forest,Week4,Broyhill Crest,Week1,374.0 Arlington Forest - 28.0 Broyhill Crest
Annandale,Week2,Mansion House,Week5,297.0 Mansion House - 105.0 Annandale
Arlington Forest,Week1,Ravensworth Farm,Week1,216.0 Ravensworth Farm - 186.0 Arlington Forest
Annandale,Week4,Brandywine,Week4,284.0 Brandywine - 118.0 Annandale
Arlington Forest,Week4,Hollin Meadows,Week2,230.0 Arlington Forest - 172.0 Hollin Meadows
Annandale,Week2,Brandywine,Week2,243.0 Brandywine - 159.0 Annandale
Annandale,Week1,Mansion House,Week5,301.0 Mansion House - 101.0 Annandale
Arlington Forest,Week5,Poplar Tree,Week5,228.0 Poplar Tree - 174.0 Arlington Forest
Arlington Forest,Week2,Poplar Tree,Week2,240.0 Poplar Tree - 162.0 Arlington Forest
Annandale,Week4,Brandywine,Week3,269.0 Brandywine - 129.0 Annandale
Arlington Forest,Week5,Hollin Meadows,Week5,214.0 Arlington Forest - 188.0 Hollin Meadows
Annandale,Week5,Sideburn Run,Week1,279.5 Sideburn Run - 122.5 Annandale
Annandale,Week1,Brandywine,Week5,298.0 Brandywine - 104.0 Annandale
Arlington Forest,Week2,Broyhill Crest,Week4,343.0 Arlington Forest - 59.0 Broyhill Crest
Annandale,Week5,Sideburn Run,Week2,268.0 Sideburn Run - 134.0 Annandale
Arlington Forest,Week5,Brookfield ,Week4,236.0 Arlington Forest - 166.0 Brookfield
Arlington Forest,Week1,Holmes Run Acres,Week1,230.5 Arlington Forest - 171.5 Holmes Run Acres
Arlington Forest,Week1,Ravensworth Farm,Week2,204.0 Arlington Forest - 198.0 Ravensworth Farm
Annandale,Week3,Mansion House,Week4,260.0 Mansion House - 137.0 Annandale
Annandale,Week2,Mansion House,Week4,264.0 Mansion House - 138.0 Annandale
Annandale,Week3,Sleepy Hollow B & R,Week4,313.0 Sleepy Hollow B & R - 89.0 Annandale
Arlington Forest,Week1,Poplar Tree,Week3,229.0 Poplar Tree - 173.0 Arlington Forest
Arlington Forest,Week4,Brookfield ,Week3,245.0 Arlington Forest - 157.0 Brookfield
Arlington Forest,Week2,Broyhill Crest,Week1,350.0 Arlington Forest - 52.0 Broyhill Crest
Arlington Forest,Week4,Holmes Run Acres,Week1,233.0 Arlington Forest - 169.0 Holmes Run Acres
Annandale,Week5,Sleepy Hollow B & R,Week2,301.0 Sleepy Hollow B & R - 100.0 Annandale
Annandale,Week4,Sideburn Run,Week5,299.0 Sideburn Run - 103.0 Annandale
Annandale,Week4,Sideburn Run,Week4,289.0 Sideburn Run - 113.0 Annandale
Arlington Forest,Week1,Broyhill Crest,Week4,361.0 Arlington Forest - 41.0 Broyhill Crest
Arlington Forest,Week1,Poplar Tree,Week5,253.0 Poplar Tree - 149.0 Arlington Forest
Arlington Forest,Week1,Poplar Tree,Week2,218.0 Poplar Tree - 184.0 Arlington Forest
Annandale,Week1,Mansion House,Week1,295.5 Mansion House - 106.5 Annandale
Arlington Forest,Week1,Broyhill Crest,Week2,375.0 Arlington Forest - 27.0 Broyhill Crest
Annandale,Week3,Mansion House,Week3,291.0 Mansion House - 111.0 Annandale
Arlington Forest,Week3,Poplar Tree,Week2,258.5 Poplar Tree - 143.5 Arlington Forest
Annandale,Week1,Mansion House,Week3,312.0 Mansion House - 90.0 Annandale
Arlington Forest,Week1,Broyhill Crest,Week5,354.0 Arlington Forest - 48.0 Broyhill Crest
Arlington Forest,Week2,Hollin Meadows,Week3,238.5 Hollin Meadows - 163.5 Arlington Forest
Arlington Forest,Week2,Holmes Run Acres,Week5,253.0 Holmes Run Acres - 149.0 Arlington Forest
Annandale,Week1,Sleepy Hollow Rec,Week3,233.0 Sleepy Hollow Rec - 169.0 Annandale
Arlington Forest,Week3,Broyhill Crest,Week1,348.0 Arlington Forest - 54.0 Broyhill Crest
Arlington Forest,Week4,Hollin Meadows,Week1,207.0 Hollin Meadows - 195.0 Arlington Forest
Annandale,Week2,Mansion House,Week2,257.0 Mansion House - 145.0 Annandale
Arlington Forest,Week4,Holmes Run Acres,Week3,207.0 Holmes Run Acres - 195.0 Arlington Forest
Annandale,Week2,Mansion House,Week3,293.5 Mansion House - 108.5 Annandale
Annandale,Week5,Long Branch,Week4,236.0 Long Branch - 166.0 Annandale
Annandale,Week5,Arlington Forest,Week5,305.0 Arlington Forest - 97.0 Annandale
Arlington Forest,Week2,Hollin Meadows,Week4,220.0 Hollin Meadows - 182.0 Arlington Forest
Annandale,Week2,Sleepy Hollow B & R,Week3,310.0 Sleepy Hollow B & R - 92.0 Annandale
Arlington Forest,Week2,Broyhill Crest,Week5,334.0 Arlington Forest - 68.0 Broyhill Crest
Annandale,Week1,Brandywine,Week1,272.0 Brandywine - 125.0 Annandale
Annandale,Week5,Arlington Forest,Week4,304.0 Arlington Forest - 98.0 Annandale
Annandale,Week5,Sideburn Run,Week5,288.0 Sideburn Run - 114.0 Annandale
Arlington Forest,Week3,Hollin Meadows,Week2,204.0 Hollin Meadows - 198.0 Arlington Forest
Arlington Forest,Week3,Poplar Tree,Week1,269.0 Poplar Tree - 133.0 Arlington Forest
Arlington Forest,Week5,Poplar Heights,Week5,221.0 Arlington Forest - 181.0 Poplar Heights
Annandale,Week1,Sleepy Hollow Rec,Week1,210.0 Sleepy Hollow Rec - 192.0 Annandale
Annandale,Week5,Sideburn Run,Week3,274.5 Sideburn Run - 127.5 Annandale
Arlington Forest,Week1,Ravensworth Farm,Week3,229.0 Ravensworth Farm - 173.0 Arlington Forest
Annandale,Week5,Long Branch,Week2,230.0 Long Branch - 172.0 Annandale
Annandale,Week5,Long Branch,Week3,225.0 Long Branch - 177.0 Annandale
Annandale,Week3,Mansion House,Week5,299.0 Mansion House - 103.0 Annandale
Annandale,Week4,Mansion House,Week1,301.0 Mansion House - 101.0 Annandale
Arlington Forest,Week4,Poplar Tree,Week2,222.0 Poplar Tree - 180.0 Arlington Forest
Arlington Forest,Week1,Poplar Tree,Week1,231.0 Poplar Tree - 171.0 Arlington Forest
Arlington Forest,Week4,Brookfield ,Week5,238.0 Arlington Forest - 164.0 Brookfield
Arlington Forest,Week2,Broyhill Crest,Week3,359.0 Arlington Forest - 38.0 Broyhill Crest
Arlington Forest,Week3,Poplar Tree,Week5,283.0 Poplar Tree - 119.0 Arlington Forest
Arlington Forest,Week5,Hollin Meadows,Week1,201.0 Arlington Forest - 201.0 Hollin Meadows
Annandale,Week3,Sleepy Hollow B & R,Week1,280.0 Sleepy Hollow B & R - 122.0 Annandale
Arlington Forest,Week4,Brookfield ,Week2,247.0 Arlington Forest - 155.0 Brookfield
Arlington Forest,Week5,Hollin Meadows,Week2,223.0 Arlington Forest - 179.0 Hollin Meadows
Annandale,Week2,Sleepy Hollow B & R,Week1,291.0 Sleepy Hollow B & R - 111.0 Annandale
Annandale,Week1,Sleepy Hollow B & R,Week5,325.0 Sleepy Hollow B & R - 77.0 Annandale
Annandale,Week1,Sleepy Hollow B & R,Week4,318.0 Sleepy Hollow B & R - 84.0 Annandale
Annandale,Week2,Sleepy Hollow B & R,Week5,326.0 Sleepy Hollow B & R - 76.0 Annandale
Annandale,Week3,Sleepy Hollow B & R,Week2,308.0 Sleepy Hollow B & R - 94.0 Annandale
Arlington Forest,Week3,Brookfield ,Week4,220.0 Brookfield - 182.0 Arlington Forest
Arlington Forest,Week1,Holmes Run Acres,Week4,224.0 Arlington Forest - 178.0 Holmes Run Acres
Annandale,Week4,Mansion House,Week4,279.0 Mansion House - 123.0 Annandale
Arlington Forest,Week2,Broyhill Crest,Week2,363.0 Arlington Forest - 39.0 Broyhill Crest
Arlington Forest,Week2,Poplar Tree,Week4,225.0 Poplar Tree - 177.0 Arlington Forest
Annandale,Week3,Mansion House,Week1,281.0 Mansion House - 116.0 Annandale
Arlington Forest,Week4,Hollin Meadows,Week5,210.0 Hollin Meadows - 192.0 Arlington Forest
Arlington Forest,Week4,Poplar Tree,Week4,201.0 Arlington Forest - 201.0 Poplar Tree
Arlington Forest,Week3,Hollin Meadows,Week4,226.0 Hollin Meadows - 176.0 Arlington Forest
Arlington Forest,Week2,Hollin Meadows,Week1,227.0 Hollin Meadows - 175.0 Arlington Forest
Arlington Forest,Week1,Broyhill Crest,Week1,368.0 Arlington Forest - 34.0 Broyhill Crest
Annandale,Week4,Mansion House,Week3,307.0 Mansion House - 95.0 Annandale
Arlington Forest,Week4,Hollin Meadows,Week3,202.0 Arlington Forest - 200.0 Hollin Meadows
Annandale,Week2,Sleepy Hollow B & R,Week4,316.0 Sleepy Hollow B & R - 86.0 Annandale
Arlington Forest,Week1,Poplar Tree,Week4,208.0 Poplar Tree - 194.0 Arlington Forest
Arlington Forest,Week5,Poplar Tree,Week1,209.0 Poplar Tree - 193.0 Arlington Forest
Annandale,Week1,Mansion House,Week2,289.0 Mansion House - 113.0 Annandale
Arlington Forest,Week5,Brookfield ,Week2,251.0 Arlington Forest - 151.0 Brookfield
Arlington Forest,Week5,Ravensworth Farm,Week1,202.0 Arlington Forest - 200.0 Ravensworth Farm
Arlington Forest,Week4,Poplar Tree,Week3,230.0 Poplar Tree - 172.0 Arlington Forest
Arlington Forest,Week5,Hollin Meadows,Week3,219.0 Arlington Forest - 183.0 Hollin Meadows
Arlington Forest,Week2,Hollin Meadows,Week2,205.0 Arlington Forest - 197.0 Hollin Meadows
Annandale,Week1,Mansion House,Week4,273.0 Mansion House - 128.0 Annandale
Annandale,Week4,Sleepy Hollow B & R,Week3,321.0 Sleepy Hollow B & R - 81.0 Annandale
Arlington Forest,Week4,Brookfield ,Week1,223.0 Arlington Forest - 179.0 Brookfield
Arlington Forest,Week4,Broyhill Crest,Week2,374.0 Arlington Forest - 28.0 Broyhill Crest
Arlington Forest,Week3,Broyhill Crest,Week3,358.0 Arlington Forest - 43.0 Broyhill Crest
Annandale,Week5,Mansion House,Week1,285.0 Mansion House - 117.0 Annandale
Annandale,Week2,Mansion House,Week1,291.0 Mansion House - 111.0 Annandale
Arlington Forest,Week5,Ravensworth Farm,Week5,212.0 Ravensworth Farm - 190.0 Arlington Forest
Arlington Forest,Week1,Holmes Run Acres,Week2,218.0 Arlington Forest - 184.0 Holmes Run Acres
Annandale,Week4,Sleepy Hollow B & R,Week1,305.0 Sleepy Hollow B & R - 96.0 Annandale
Annandale,Week4,Mansion House,Week5,308.0 Mansion House - 94.0 Annandale
Arlington Forest,Week2,Holmes Run Acres,Week1,201.0 Arlington Forest - 201.0 Holmes Run Acres
Arlington Forest,Week1,Holmes Run Acres,Week5,244.0 Holmes Run Acres - 158.0 Arlington Forest
Arlington Forest,Week3,Ravensworth Farm,Week3,261.0 Ravensworth Farm - 140.0 Arlington Forest
Arlington Forest,Week1,Broyhill Crest,Week3,377.0 Arlington Forest - 25.0 Broyhill Crest
Annandale,Week4,Sleepy Hollow B & R,Week2,322.0 Sleepy Hollow B & R - 79.0 Annandale
Arlington Forest,Week4,Ravensworth Farm,Week4,210.0 Ravensworth Farm - 192.0 Arlington Forest
Arlington Forest,Week5,Brookfield ,Week3,250.0 Arlington Forest - 152.0 Brookfield
Annandale,Week1,Sleepy Hollow B & R,Week1,304.0 Sleepy Hollow B & R - 98.0 Annandale
Arlington Forest,Week3,Hollin Meadows,Week5,233.0 Hollin Meadows - 169.0 Arlington Forest
Annandale,Week2,Mantua,Week3,326.0 Mantua - 76.0 Annandale
Annandale,Week3,Sleepy Hollow B & R,Week5,318.0 Sleepy Hollow B & R - 84.0 Annandale
Arlington Forest,Week4,Brookfield ,Week4,224.0 Arlington Forest - 178.0 Brookfield
Arlington Forest,Week2,Holmes Run Acres,Week3,239.0 Holmes Run Acres - 163.0 Arlington Forest
Arlington Forest,Week3,Broyhill Crest,Week5,343.0 Arlington Forest - 58.0 Broyhill Crest
Annandale,Week2,Mantua,Week4,316.0 Mantua - 86.0 Annandale
Arlington Forest,Week4,Ravensworth Farm,Week5,231.0 Ravensworth Farm - 171.0 Arlington Forest
Arlington Forest,Week5,Ravensworth Farm,Week4,212.0 Arlington Forest - 190.0 Ravensworth Farm
Arlington Forest,Week2,Ravensworth Farm,Week2,203.0 Arlington Forest - 199.0 Ravensworth Farm
Annandale,Week4,Sleepy Hollow B & R,Week4,321.0 Sleepy Hollow B & R - 81.0 Annandale
Arlington Forest,Week3,Ravensworth Farm,Week5,264.0 Ravensworth Farm - 138.0 Arlington Forest
Annandale,Week3,Mantua,Week4,307.0 Mantua - 95.0 Annandale
Arlington Forest,Week3,Riverside Gardens,Week2,280.0 Riverside Gardens - 122.0 Arlington Forest
Annandale,Week2,Mantua,Week2,284.0 Mantua - 118.0 Annandale
Arlington Forest,Week3,Holmes Run Acres,Week2,217.0 Holmes Run Acres - 185.0 Arlington Forest
Arlington Forest,Week4,Broyhill Crest,Week3,377.0 Arlington Forest - 25.0 Broyhill Crest
Arlington Forest,Week4,Broyhill Crest,Week4,366.0 Arlington Forest - 36.0 Broyhill Crest
Annandale,Week1,Sleepy Hollow B & R,Week2,308.0 Sleepy Hollow B & R - 94.0 Annandale
Arlington Forest,Week3,Brookfield ,Week5,216.0 Brookfield - 186.0 Arlington Forest
Annandale,Week2,Sleepy Hollow B & R,Week2,321.0 Sleepy Hollow B & R - 81.0 Annandale
Arlington Forest,Week1,Ravensworth Farm,Week4,214.0 Ravensworth Farm - 188.0 Arlington Forest
Annandale,Week2,Mantua,Week5,327.0 Mantua - 75.0 Annandale
Arlington Forest,Week3,Holmes Run Acres,Week1,211.0 Holmes Run Acres - 191.0 Arlington Forest
Annandale,Week5,Sideburn Run,Week4,276.0 Sideburn Run - 126.0 Annandale
Arlington Forest,Week3,Broyhill Crest,Week4,352.0 Arlington Forest - 50.0 Broyhill Crest
Arlington Forest,Week5,Brookfield ,Week1,233.0 Arlington Forest - 169.0 Brookfield
Arlington Forest,Week3,Holmes Run Acres,Week4,217.0 Holmes Run Acres - 185.0 Arlington Forest
Annandale,Week5,Sleepy Hollow B & R,Week3,301.0 Sleepy Hollow B & R - 101.0 Annandale
Arlington Forest,Week2,Holmes Run Acres,Week4,201.0 Arlington Forest - 201.0 Holmes Run Acres
Annandale,Week5,Sleepy Hollow B & R,Week1,289.5 Sleepy Hollow B & R - 111.5 Annandale
Annandale,Week1,Mantua,Week3,325.0 Mantua - 77.0 Annandale
Arlington Forest,Week3,Holmes Run Acres,Week3,248.0 Holmes Run Acres - 154.0 Arlington Forest
Annandale,Week2,Mantua,Week1,295.0 Mantua - 106.0 Annandale
Annandale,Week4,Sleepy Hollow B & R,Week5,337.0 Sleepy Hollow B & R - 65.0 Annandale
Annandale,Week1,Mantua,Week2,287.0 Mantua - 115.0 Annandale
Arlington Forest,Week2,Riverside Gardens,Week1,265.0 Riverside Gardens - 137.0 Arlington Forest
Arlington Forest,Week4,Holmes Run Acres,Week2,243.0 Arlington Forest - 159.0 Holmes Run Acres
Arlington Forest,Week5,Ravensworth Farm,Week2,220.0 Arlington Forest - 182.0 Ravensworth Farm
Annandale,Week3,Mantua,Week3,317.0 Mantua - 85.0 Annandale
Arlington Forest,Week5,Burke Station,Week3,284.0 Arlington Forest - 108.0 Burke Station
Arlington Forest,Week5,Holmes Run Acres,Week1,227.0 Arlington Forest - 175.0 Holmes Run Acres
Arlington Forest,Week1,Riverside Gardens,Week1,259.5 Riverside Gardens - 142.5 Arlington Forest
Arlington Forest,Week1,Riverside Gardens,Week2,246.0 Riverside Gardens - 156.0 Arlington Forest
Annandale,Week5,Mansion House,Week3,297.0 Mansion House - 105.0 Annandale
Annandale,Week5,Sleepy Hollow B & R,Week4,319.0 Sleepy Hollow B & R - 83.0 Annandale
Arlington Forest,Week3,Hunt Valley,Week3,316.0 Hunt Valley - 86.0 Arlington Forest
Arlington Forest,Week1,Hunt Valley,Week1,271.0 Hunt Valley - 131.0 Arlington Forest
Arlington Forest,Week1,Riverside Gardens,Week4,289.0 Riverside Gardens - 113.0 Arlington Forest
Arlington Forest,Week4,Ravensworth Farm,Week3,215.0 Ravensworth Farm - 187.0 Arlington Forest
Arlington Forest,Week2,Burke Station,Week3,261.0 Arlington Forest - 131.0 Burke Station
Annandale,Week5,Sleepy Hollow B & R,Week5,327.0 Sleepy Hollow B & R - 75.0 Annandale
Annandale,Week1,Mantua,Week5,326.0 Mantua - 76.0 Annandale
Arlington Forest,Week1,Burke Station,Week4,291.0 Arlington Forest - 111.0 Burke Station
Annandale,Week4,Mantua,Week1,298.0 Mantua - 103.0 Annandale
Arlington Forest,Week3,Ravensworth Farm,Week4,256.0 Ravensworth Farm - 146.0 Arlington Forest
Arlington Forest,Week5,Broyhill Crest,Week1,353.0 Arlington Forest - 49.0 Broyhill Crest
Arlington Forest,Week2,Burke Station,Week5,260.0 Arlington Forest - 137.0 Burke Station
Arlington Forest,Week4,Ravensworth Farm,Week2,220.0 Arlington Forest - 182.0 Ravensworth Farm
Annandale,Week3,Sleepy Hollow Rec,Week2,206.5 Annandale - 195.5 Sleepy Hollow Rec
Annandale,Week1,Sleepy Hollow Rec,Week2,224.0 Sleepy Hollow Rec - 177.0 Annandale
Annandale,Week2,Sleepy Hollow Rec,Week4,204.0 Annandale - 198.0 Sleepy Hollow Rec
Arlington Forest,Week3,Holmes Run Acres,Week5,270.0 Holmes Run Acres - 132.0 Arlington Forest
Annandale,Week1,Sleepy Hollow Rec,Week5,233.0 Sleepy Hollow Rec - 168.0 Annandale
Arlington Forest,Week4,Ravensworth Farm,Week1,210.0 Ravensworth Farm - 192.0 Arlington Forest
Annandale,Week1,Sleepy Hollow Rec,Week4,225.0 Sleepy Hollow Rec - 177.0 Annandale
Annandale,Week3,Mantua,Week1,289.0 Mantua - 108.0 Annandale
Arlington Forest,Week4,Burke Station,Week3,290.0 Arlington Forest - 107.0 Burke Station
Annandale,Week3,Mantua,Week5,309.0 Mantua - 93.0 Annandale
Annandale,Week4,Mantua,Week3,333.0 Mantua - 69.0 Annandale
Arlington Forest,Week3,Hunt Valley,Week2,293.0 Hunt Valley - 109.0 Arlington Forest
Arlington Forest,Week1,Hunt Valley,Week3,295.0 Hunt Valley - 107.0 Arlington Forest
Annandale,Week3,Sleepy Hollow Rec,Week3,220.0 Sleepy Hollow Rec - 182.0 Annandale
Arlington Forest,Week5,Holmes Run Acres,Week5,204.0 Holmes Run Acres - 198.0 Arlington Forest
Annandale,Week3,Mantua,Week2,279.0 Mantua - 123.0 Annandale
Arlington Forest,Week3,Burke Station,Week2,275.0 Arlington Forest - 123.0 Burke Station
Arlington Forest,Week1,Burke Station,Week1,256.0 Arlington Forest - 123.0 Burke Station
Annandale,Week1,Mantua,Week1,297.0 Mantua - 104.0 Annandale
Arlington Forest,Week3,Burke Station,Week1,233.0 Arlington Forest - 142.0 Burke Station
Annandale,Week4,Mantua,Week4,318.0 Mantua - 84.0 Annandale
Arlington Forest,Week1,Ravensworth Farm,Week5,238.0 Ravensworth Farm - 164.0 Arlington Forest
Annandale,Week3,Sleepy Hollow Rec,Week1,213.0 Annandale - 189.0 Sleepy Hollow Rec
Arlington Forest,Week5,Holmes Run Acres,Week4,246.0 Arlington Forest - 156.0 Holmes Run Acres
Arlington Forest,Week2,Hunt Valley,Week1,276.0 Hunt Valley - 126.0 Arlington Forest
Annandale,Week2,Sleepy Hollow Rec,Week5,214.0 Sleepy Hollow Rec - 188.0 Annandale
Arlington Forest,Week2,Ravensworth Farm,Week5,248.0 Ravensworth Farm - 154.0 Arlington Forest
Annandale,Week1,Mantua,Week4,317.0 Mantua - 85.0 Annandale
Annandale,Week3,Sleepy Hollow Rec,Week4,204.0 Sleepy Hollow Rec - 198.0 Annandale
Arlington Forest,Week2,Camelot,Week3,222.0 Arlington Forest - 180.0 Camelot
Annandale,Week5,Mansion House,Week5,298.0 Mansion House - 104.0 Annandale
Arlington Forest,Week2,Camelot,Week1,225.0 Arlington Forest - 177.0 Camelot
Annandale,Week3,Sleepy Hollow Rec,Week5,210.0 Sleepy Hollow Rec - 192.0 Annandale
Arlington Forest,Week3,Hunt Valley,Week5,317.0 Hunt Valley - 85.0 Arlington Forest
Arlington Forest,Week1,Riverside Gardens,Week3,277.0 Riverside Gardens - 125.0 Arlington Forest
Annandale,Week5,Mansion House,Week4,260.0 Mansion House - 142.0 Annandale
Annandale,Week2,Sleepy Hollow Rec,Week3,212.0 Sleepy Hollow Rec - 190.0 Annandale
Arlington Forest,Week2,Ravensworth Farm,Week3,239.0 Ravensworth Farm - 163.0 Arlington Forest
Arlington Forest,Week1,Burke Station,Week3,285.0 Arlington Forest - 112.0 Burke Station
Arlington Forest,Week3,Ravensworth Farm,Week1,250.0 Ravensworth Farm - 152.0 Arlington Forest
Arlington Forest,Week1,Hunt Valley,Week4,280.0 Hunt Valley - 122.0 Arlington Forest
Arlington Forest,Week5,Holmes Run Acres,Week3,204.0 Arlington Forest - 198.0 Holmes Run Acres
Arlington Forest,Week4,Holmes Run Acres,Week4,224.0 Arlington Forest - 178.0 Holmes Run Acres
Arlington Forest,Week5,Burke Station,Week2,300.0 Arlington Forest - 96.0 Burke Station
Arlington Forest,Week2,Ravensworth Farm,Week4,229.5 Ravensworth Farm - 172.5 Arlington Forest
Arlington Forest,Week2,Hunt Valley,Week5,304.0 Hunt Valley - 98.0 Arlington Forest
Arlington Forest,Week3,Hunt Valley,Week4,304.0 Hunt Valley - 98.0 Arlington Forest
Annandale,Week5,Mansion House,Week2,279.0 Mansion House - 123.0 Annandale
Arlington Forest,Week5,Broyhill Crest,Week3,363.0 Arlington Forest - 34.0 Broyhill Crest
Arlington Forest,Week2,Hunt Valley,Week2,274.0 Hunt Valley - 128.0 Arlington Forest
Arlington Forest,Week2,Ravensworth Farm,Week1,227.5 Ravensworth Farm - 174.5 Arlington Forest
Arlington Forest,Week4,Burke Station,Week2,309.0 Arlington Forest - 93.0 Burke Station
Annandale,Week4,Mantua,Week2,307.0 Mantua - 95.0 Annandale
Annandale,Week2,Sleepy Hollow Rec,Week1,210.0 Annandale - 192.0 Sleepy Hollow Rec
Arlington Forest,Week5,Ravensworth Farm,Week3,202.0 Ravensworth Farm - 200.0 Arlington Forest
Arlington Forest,Week1,Hunt Valley,Week2,258.0 Hunt Valley - 144.0 Arlington Forest
Arlington Forest,Week4,Hunt Valley,Week2,252.0 Hunt Valley - 150.0 Arlington Forest
Arlington Forest,Week3,Ravensworth Farm,Week2,232.0 Ravensworth Farm - 170.0 Arlington Forest
Arlington Forest,Week5,Broyhill Crest,Week5,357.0 Arlington Forest - 45.0 Broyhill Crest
Arlington Forest,Week4,Holmes Run Acres,Week5,220.0 Holmes Run Acres - 182.0 Arlington Forest
Arlington Forest,Week2,Riverside Gardens,Week3,286.0 Riverside Gardens - 116.0 Arlington Forest
Arlington Forest,Week2,Hunt Valley,Week3,298.0 Hunt Valley - 104.0 Arlington Forest
Arlington Forest,Week2,Burke Station,Week1,242.0 Arlington Forest - 137.0 Burke Station
Arlington Forest,Week1,Riverside Gardens,Week5,292.0 Riverside Gardens - 110.0 Arlington Forest
Annandale,Week2,Sleepy Hollow Rec,Week2,208.0 Annandale - 194.0 Sleepy Hollow Rec
Arlington Forest,Week3,Burke Station,Week4,271.0 Arlington Forest - 131.0 Burke Station
Arlington Forest,Week2,Riverside Gardens,Week4,285.0 Riverside Gardens - 117.0 Arlington Forest
Arlington Forest,Week3,Burke Station,Week5,237.0 Arlington Forest - 165.0 Burke Station
Arlington Forest,Week2,Burke Station,Week2,282.5 Arlington Forest - 114.5 Burke Station
Arlington Forest,Week5,Broyhill Crest,Week4,359.0 Arlington Forest - 43.0 Broyhill Crest
Arlington Forest,Week2,Hunt Valley,Week4,276.0 Hunt Valley - 126.0 Arlington Forest
Arlington Forest,Week2,Riverside Gardens,Week5,298.0 Riverside Gardens - 104.0 Arlington Forest
Arlington Forest,Week2,Riverside Gardens,Week2,244.0 Riverside Gardens - 158.0 Arlington Forest
Arlington Forest,Week3,Riverside Gardens,Week1,295.0 Riverside Gardens - 107.0 Arlington Forest
Arlington Forest,Week5,Broyhill Crest,Week2,363.0 Arlington Forest - 39.0 Broyhill Crest
Arlington Forest,Week4,Hunt Valley,Week1,264.0 Hunt Valley - 138.0 Arlington Forest
Arlington Forest,Week3,Burke Station,Week3,250.0 Arlington Forest - 146.0 Burke Station
Arlington Forest,Week5,Holmes Run Acres,Week2,256.0 Arlington Forest - 146.0 Holmes Run Acres
Arlington Forest,Week3,Rolling Forest,Week3,214.0 Rolling Forest - 188.0 Arlington Forest
Arlington Forest,Week3,Hunter Mill,Week3,256.0 Hunter Mill - 146.0 Arlington Forest
Arlington Forest,Week4,Broyhill Crest,Week5,363.0 Arlington Forest - 39.0 Broyhill Crest
Arlington Forest,Week5,Burke Station,Week4,295.0 Arlington Forest - 102.0 Burke Station
Arlington Forest,Week2,Hunter Mill,Week3,257.0 Hunter Mill - 145.0 Arlington Forest
Arlington Forest,Week5,Burke Station,Week5,274.0 Arlington Forest - 123.0 Burke Station
Arlington Forest,Week5,Burke Station,Week1,260.0 Arlington Forest - 118.0 Burke Station
Arlington Forest,Week3,Hunter Mill,Week2,243.0 Hunter Mill - 159.0 Arlington Forest
Arlington Forest,Week1,Rolling Forest,Week3,202.0 Arlington Forest - 200.0 Rolling Forest
Arlington Forest,Week4,Burke Station,Week1,260.0 Arlington Forest - 119.0 Burke Station
Arlington Forest,Week1,Burke Station,Week2,301.5 Arlington Forest - 100.5 Burke Station
Arlington Forest,Week4,Burke Station,Week5,283.0 Arlington Forest - 119.0 Burke Station
Arlington Forest,Week2,Rolling Forest,Week4,216.0 Arlington Forest - 186.0 Rolling Forest
Arlington Forest,Week3,Hunt Valley,Week1,297.0 Hunt Valley - 105.0 Arlington Forest
Arlington Forest,Week4,Hunter Mill,Week3,235.0 Hunter Mill - 167.0 Arlington Forest
Arlington Forest,Week1,Burke Station,Week5,256.0 Arlington Forest - 146.0 Burke Station
Arlington Forest,Week1,Rolling Forest,Week5,209.0 Rolling Forest - 193.0 Arlington Forest
Arlington Forest,Week1,Hunt Valley,Week5,294.0 Hunt Valley - 108.0 Arlington Forest
Arlington Forest,Week4,Hunt Valley,Week3,281.5 Hunt Valley - 120.5 Arlington Forest
Arlington Forest,Week4,Riverside Gardens,Week1,232.5 Riverside Gardens - 169.5 Arlington Forest
Arlington Forest,Week1,Camelot,Week4,240.0 Arlington Forest - 162.0 Camelot
Arlington Forest,Week4,Burke Station,Week4,306.0 Arlington Forest - 96.0 Burke Station
Arlington Forest,Week4,Rolling Forest,Week2,248.0 Arlington Forest - 154.0 Rolling Forest
Arlington Forest,Week2,Rolling Forest,Week3,207.0 Rolling Forest - 195.0 Arlington Forest
Arlington Forest,Week1,Camelot,Week1,228.0 Arlington Forest - 174.0 Camelot
Arlington Forest,Week1,Hunter Mill,Week3,238.0 Hunter Mill - 164.0 Arlington Forest
Arlington Forest,Week2,Burke Station,Week4,277.0 Arlington Forest - 120.0 Burke Station
Arlington Forest,Week4,Rolling Forest,Week1,241.0 Arlington Forest - 161.0 Rolling Forest
Arlington Forest,Week2,Hunter Mill,Week4,269.0 Hunter Mill - 133.0 Arlington Forest
Arlington Forest,Week4,Hunter Mill,Week4,235.0 Hunter Mill - 167.0 Arlington Forest
Arlington Forest,Week1,Camelot,Week5,226.0 Arlington Forest - 176.0 Camelot
Arlington Forest,Week3,Rolling Forest,Week2,214.0 Arlington Forest - 188.0 Rolling Forest
Arlington Forest,Week2,Rolling Forest,Week2,216.0 Arlington Forest - 186.0 Rolling Forest
Arlington Forest,Week1,Hunter Mill,Week2,234.0 Hunter Mill - 168.0 Arlington Forest
Arlington Forest,Week1,Ilda Community,Week4,273.0 Arlington Forest - 129.0 Ilda Community
Arlington Forest,Week3,Hunter Mill,Week4,287.0 Hunter Mill - 115.0 Arlington Forest
Arlington Forest,Week5,Riverside Gardens,Week2,209.0 Riverside Gardens - 193.0 Arlington Forest
Arlington Forest,Week2,Rolling Forest,Week1,214.0 Arlington Forest - 188.0 Rolling Forest
Arlington Forest,Week1,Camelot,Week2,228.0 Arlington Forest - 174.0 Camelot
Arlington Forest,Week4,Riverside Gardens,Week2,227.0 Riverside Gardens - 175.0 Arlington Forest
Arlington Forest,Week5,Camelot,Week1,258.0 Arlington Forest - 144.0 Camelot
Arlington Forest,Week5,Hunt Valley,Week5,262.0 Hunt Valley - 140.0 Arlington Forest
Arlington Forest,Week5,Hunt Valley,Week1,232.0 Hunt Valley - 170.0 Arlington Forest
Arlington Forest,Week1,Rolling Forest,Week1,210.0 Arlington Forest - 192.0 Rolling Forest
Arlington Forest,Week3,Riverside Gardens,Week4,301.0 Riverside Gardens - 101.0 Arlington Forest
Arlington Forest,Week4,Hunt Valley,Week5,278.0 Hunt Valley - 124.0 Arlington Forest
Arlington Forest,Week1,Camelot,Week3,243.0 Arlington Forest - 159.0 Camelot
Arlington Forest,Week5,Riverside Gardens,Week3,232.0 Riverside Gardens - 170.0 Arlington Forest
Arlington Forest,Week5,Riverside Gardens,Week4,250.0 Riverside Gardens - 152.0 Arlington Forest
Arlington Forest,Week2,Canterbury Woods,Week2,252.0 Arlington Forest - 150.0 Canterbury Woods
Arlington Forest,Week2,Camelot,Week2,213.0 Arlington Forest - 189.0 Camelot
Arlington Forest,Week1,Rolling Forest,Week2,221.0 Arlington Forest - 181.0 Rolling Forest
Arlington Forest,Week2,Hunter Mill,Week2,244.0 Hunter Mill - 158.0 Arlington Forest
Arlington Forest,Week3,Riverside Gardens,Week3,291.0 Riverside Gardens - 111.0 Arlington Forest
Arlington Forest,Week4,Riverside Gardens,Week4,260.0 Riverside Gardens - 142.0 Arlington Forest
Arlington Forest,Week3,Rolling Forest,Week4,207.0 Rolling Forest - 195.0 Arlington Forest
Arlington Forest,Week4,Camelot,Week4,240.0 Arlington Forest - 162.0 Camelot
Arlington Forest,Week1,Hunter Mill,Week5,257.0 Hunter Mill - 145.0 Arlington Forest
Arlington Forest,Week4,Hunt Valley,Week4,272.0 Hunt Valley - 130.0 Arlington Forest
Arlington Forest,Week2,Hunter Mill,Week5,280.5 Hunter Mill - 121.5 Arlington Forest
Arlington Forest,Week3,Camelot,Week4,219.0 Arlington Forest - 183.0 Camelot
Arlington Forest,Week1,Hunter Mill,Week4,257.0 Hunter Mill - 145.0 Arlington Forest
Arlington Forest,Week3,Rolling Forest,Week1,210.0 Arlington Forest - 192.0 Rolling Forest
Arlington Forest,Week4,Camelot,Week5,240.0 Arlington Forest - 162.0 Camelot
Arlington Forest,Week4,Camelot,Week1,243.0 Arlington Forest - 159.0 Camelot
Arlington Forest,Week5,Hunt Valley,Week3,271.0 Hunt Valley - 131.0 Arlington Forest
Arlington Forest,Week4,Riverside Gardens,Week3,257.0 Riverside Gardens - 145.0 Arlington Forest
Arlington Forest,Week3,Camelot,Week1,223.0 Arlington Forest - 179.0 Camelot
Arlington Forest,Week5,Hunt Valley,Week4,240.0 Hunt Valley - 162.0 Arlington Forest
Arlington Forest,Week1,Hunter Mill,Week1,231.0 Hunter Mill - 171.0 Arlington Forest
Arlington Forest,Week3,Hunter Mill,Week5,270.0 Hunter Mill - 132.0 Arlington Forest
Arlington Forest,Week3,Camelot,Week2,210.0 Arlington Forest - 191.0 Camelot
Arlington Forest,Week3,Camelot,Week3,225.0 Arlington Forest - 176.0 Camelot
Arlington Forest,Week5,Hunt Valley,Week2,236.0 Hunt Valley - 166.0 Arlington Forest
Arlington Forest,Week1,Canterbury Woods,Week1,264.0 Arlington Forest - 138.0 Canterbury Woods
Arlington Forest,Week3,Camelot,Week5,216.0 Arlington Forest - 186.0 Camelot
Arlington Forest,Week5,Hunter Mill,Week2,202.0 Arlington Forest - 200.0 Hunter Mill
Arlington Forest,Week4,Rolling Hills,Week1,266.0 Arlington Forest - 136.0 Rolling Hills
Arlington Forest,Week4,Hunter Mill,Week5,243.0 Hunter Mill - 159.0 Arlington Forest
Arlington Forest,Week2,Canterbury Woods,Week3,237.0 Arlington Forest - 165.0 Canterbury Woods
Arlington Forest,Week4,Hunter Mill,Week1,219.0 Hunter Mill - 183.0 Arlington Forest
Arlington Forest,Week3,Hunter Mill,Week1,269.0 Hunter Mill - 133.0 Arlington Forest
Arlington Forest,Week3,Riverside Gardens,Week5,301.0 Riverside Gardens - 101.0 Arlington Forest
Arlington Forest,Week3,Rolling Forest,Week5,219.0 Rolling Forest - 183.0 Arlington Forest
Arlington Forest,Week4,Hunter Mill,Week2,212.0 Hunter Mill - 190.0 Arlington Forest
Arlington Forest,Week2,Rolling Hills,Week3,245.0 Arlington Forest - 152.0 Rolling Hills
Arlington Forest,Week5,Riverside Gardens,Week1,212.0 Riverside Gardens - 190.0 Arlington Forest
Arlington Forest,Week5,Hunter Mill,Week1,199.0 Hunter Mill - 198.0 Arlington Forest
Arlington Forest,Week5,Riverside Gardens,Week5,250.0 Riverside Gardens - 152.0 Arlington Forest
Arlington Forest,Week1,Canterbury Woods,Week5,247.0 Arlington Forest - 155.0 Canterbury Woods
Arlington Forest,Week5,Camelot,Week2,243.0 Arlington Forest - 159.0 Camelot
Arlington Forest,Week2,Hunter Mill,Week1,251.0 Hunter Mill - 146.0 Arlington Forest
Arlington Forest,Week2,Rolling Forest,Week5,202.0 Arlington Forest - 200.0 Rolling Forest
Arlington Forest,Week1,Canterbury Woods,Week4,240.0 Arlington Forest - 162.0 Canterbury Woods
Arlington Forest,Week4,Riverside Gardens,Week5,266.0 Riverside Gardens - 136.0 Arlington Forest
Arlington Forest,Week1,Rolling Forest,Week4,228.0 Arlington Forest - 174.0 Rolling Forest
Arlington Forest,Week2,Camelot,Week5,220.0 Arlington Forest - 182.0 Camelot
Arlington Forest,Week4,Rolling Hills,Week5,263.0 Arlington Forest - 139.0 Rolling Hills
Arlington Forest,Week4,Camelot,Week3,243.0 Arlington Forest - 159.0 Camelot
Arlington Forest,Week1,Canterbury Woods,Week3,248.0 Arlington Forest - 154.0 Canterbury Woods
Arlington Forest,Week4,Camelot,Week2,236.0 Arlington Forest - 166.0 Camelot
Arlington Forest,Week5,Ilda Community,Week5,291.0 Arlington Forest - 111.0 Ilda Community
Arlington Forest,Week5,Rolling Forest,Week1,243.0 Arlington Forest - 159.0 Rolling Forest
Arlington Forest,Week5,Hunter Mill,Week4,220.0 Hunter Mill - 182.0 Arlington Forest
Arlington Forest,Week4,Rolling Forest,Week3,214.0 Arlington Forest - 188.0 Rolling Forest
Arlington Forest,Week3,Rolling Hills,Week3,218.0 Arlington Forest - 184.0 Rolling Hills
Arlington Forest,Week2,Rolling Hills,Week4,239.0 Arlington Forest - 163.0 Rolling Hills
Arlington Forest,Week3,Rolling Hills,Week5,226.0 Arlington Forest - 176.0 Rolling Hills
Arlington Forest,Week5,Hunter Mill,Week5,233.0 Hunter Mill - 169.0 Arlington Forest
Annandale,Week1,Daventry,Week2,220.0 Annandale - 181.0 Daventry
Annandale,Week3,Crosspointe,Week2,315.0 Crosspointe - 87.0 Annandale
Arlington Forest,Week3,Rolling Hills,Week4,212.0 Arlington Forest - 186.0 Rolling Hills
Arlington Forest,Week5,Rolling Hills,Week3,265.0 Arlington Forest - 132.0 Rolling Hills
Arlington Forest,Week4,Rolling Hills,Week3,256.0 Arlington Forest - 146.0 Rolling Hills
Arlington Forest,Week2,Camelot,Week4,229.0 Arlington Forest - 173.0 Camelot
Arlington Forest,Week1,Kent Gardens,Week1,212.0 Kent Gardens - 190.0 Arlington Forest
Arlington Forest,Week5,Camelot,Week4,259.0 Arlington Forest - 143.0 Camelot
Arlington Forest,Week1,Ilda Community,Week5,295.0 Arlington Forest - 107.0 Ilda Community
Arlington Forest,Week5,Canterbury Woods,Week2,273.0 Arlington Forest - 129.0 Canterbury Woods
Arlington Forest,Week5,Rolling Forest,Week2,247.0 Arlington Forest - 155.0 Rolling Forest
Arlington Forest,Week1,Ilda Community,Week3,302.5 Arlington Forest - 99.5 Ilda Community
Arlington Forest,Week1,Ilda Community,Week2,317.0 Arlington Forest - 85.0 Ilda Community
Arlington Forest,Week3,Ilda Community,Week5,256.0 Arlington Forest - 145.0 Ilda Community
Annandale,Week4,Crosspointe,Week5,346.0 Crosspointe - 56.0 Annandale
Arlington Forest,Week5,Ilda Community,Week1,298.0 Arlington Forest - 104.0 Ilda Community
Arlington Forest,Week1,Canterbury Woods,Week2,261.0 Arlington Forest - 141.0 Canterbury Woods
Arlington Forest,Week1,Rolling Hills,Week2,260.0 Arlington Forest - 142.0 Rolling Hills
Arlington Forest,Week2,Canterbury Woods,Week1,246.0 Arlington Forest - 151.0 Canterbury Woods
Arlington Forest,Week5,Camelot,Week5,251.0 Arlington Forest - 151.0 Camelot
Arlington Forest,Week4,Rolling Forest,Week5,218.0 Arlington Forest - 184.0 Rolling Forest
Arlington Forest,Week4,Canterbury Woods,Week2,273.0 Arlington Forest - 129.0 Canterbury Woods
Arlington Forest,Week1,Ilda Community,Week1,296.0 Arlington Forest - 106.0 Ilda Community
Arlington Forest,Week3,Rolling Hills,Week1,215.0 Arlington Forest - 186.0 Rolling Hills
Arlington Forest,Week3,Canterbury Woods,Week4,223.0 Arlington Forest - 179.0 Canterbury Woods
Arlington Forest,Week5,Hunter Mill,Week3,208.0 Hunter Mill - 194.0 Arlington Forest
Annandale,Week5,Crosspointe,Week4,321.0 Crosspointe - 81.0 Annandale
Arlington Forest,Week2,Kent Gardens,Week1,219.0 Kent Gardens - 183.0 Arlington Forest
Arlington Forest,Week3,Cardinal Hill,Week2,271.0 Cardinal Hill - 131.0 Arlington Forest
Arlington Forest,Week5,Camelot,Week3,256.0 Arlington Forest - 146.0 Camelot
Annandale,Week1,Crosspointe,Week4,326.0 Crosspointe - 76.0 Annandale
Arlington Forest,Week4,Canterbury Woods,Week5,258.0 Arlington Forest - 144.0 Canterbury Woods
Arlington Forest,Week3,Canterbury Woods,Week5,225.0 Arlington Forest - 173.0 Canterbury Woods
Arlington Forest,Week5,Rolling Forest,Week3,226.0 Arlington Forest - 176.0 Rolling Forest
Arlington Forest,Week1,Kent Gardens,Week4,202.0 Arlington Forest - 200.0 Kent Gardens
Arlington Forest,Week4,Ilda Community,Week5,309.0 Arlington Forest - 93.0 Ilda Community
Annandale,Week2,Crosspointe,Week1,332.0 Crosspointe - 70.0 Annandale
Arlington Forest,Week3,Ilda Community,Week4,237.0 Arlington Forest - 165.0 Ilda Community
Arlington Forest,Week2,Ilda Community,Week2,286.0 Arlington Forest - 116.0 Ilda Community
Arlington Forest,Week5,Canterbury Woods,Week5,268.0 Arlington Forest - 128.0 Canterbury Woods
Arlington Forest,Week1,Rolling Hills,Week1,251.0 Arlington Forest - 151.0 Rolling Hills
Arlington Forest,Week1,Cardinal Hill,Week2,232.0 Cardinal Hill - 170.0 Arlington Forest
Annandale,Week5,Country Club Hills,Week4,256.0 Country Club Hills - 146.0 Annandale
Arlington Forest,Week3,Rolling Hills,Week2,206.0 Arlington Forest - 196.0 Rolling Hills
Arlington Forest,Week2,Kent Gardens,Week2,201.0 Arlington Forest - 201.0 Kent Gardens
Arlington Forest,Week2,Canterbury Woods,Week5,229.0 Arlington Forest - 168.0 Canterbury Woods
Arlington Forest,Week2,Rolling Hills,Week5,244.0 Arlington Forest - 158.0 Rolling Hills
Annandale,Week3,Crosspointe,Week5,331.0 Crosspointe - 71.0 Annandale
Arlington Forest,Week2,Rolling Hills,Week1,245.0 Arlington Forest - 157.0 Rolling Hills
Arlington Forest,Week3,Ilda Community,Week3,260.0 Arlington Forest - 142.0 Ilda Community
Arlington Forest,Week1,Rolling Hills,Week4,261.0 Arlington Forest - 141.0 Rolling Hills
Arlington Forest,Week4,Rolling Forest,Week4,246.0 Arlington Forest - 156.0 Rolling Forest
Arlington Forest,Week3,Canterbury Woods,Week1,237.5 Arlington Forest - 164.5 Canterbury Woods
Annandale,Week2,Crosspointe,Week5,343.0 Crosspointe - 59.0 Annandale
Annandale,Week5,Country Club Hills,Week3,242.0 Country Club Hills - 160.0 Annandale
Arlington Forest,Week1,Cardinal Hill,Week1,263.0 Cardinal Hill - 139.0 Arlington Forest
Annandale,Week4,Crosspointe,Week2,319.0 Crosspointe - 83.0 Annandale
Arlington Forest,Week4,Rolling Hills,Week4,265.0 Arlington Forest - 137.0 Rolling Hills
Arlington Forest,Week3,Ilda Community,Week1,264.0 Arlington Forest - 138.0 Ilda Community
Arlington Forest,Week2,Ilda Community,Week5,271.5 Arlington Forest - 130.5 Ilda Community
Arlington Forest,Week4,Ilda Community,Week2,312.0 Arlington Forest - 90.0 Ilda Community
Arlington Forest,Week3,Canterbury Woods,Week3,227.0 Arlington Forest - 175.0 Canterbury Woods
Arlington Forest,Week4,Rolling Hills,Week2,269.0 Arlington Forest - 133.0 Rolling Hills
Arlington Forest,Week4,Ilda Community,Week3,297.0 Arlington Forest - 105.0 Ilda Community
Annandale,Week2,Crosspointe,Week4,322.0 Crosspointe - 80.0 Annandale
Arlington Forest,Week5,Ilda Community,Week2,302.0 Arlington Forest - 100.0 Ilda Community
Annandale,Week3,Crosspointe,Week3,318.0 Crosspointe - 84.0 Annandale
Arlington Forest,Week5,Rolling Forest,Week4,249.0 Arlington Forest - 153.0 Rolling Forest
Annandale,Week4,Crosspointe,Week1,332.0 Crosspointe - 70.0 Annandale
Arlington Forest,Week2,Cardinal Hill,Week2,252.0 Cardinal Hill - 145.0 Arlington Forest
Arlington Forest,Week1,Rolling Hills,Week3,262.0 Arlington Forest - 140.0 Rolling Hills
Annandale,Week1,Crosspointe,Week5,345.5 Crosspointe - 56.5 Annandale
Arlington Forest,Week5,Canterbury Woods,Week4,259.0 Arlington Forest - 143.0 Canterbury Woods
Annandale,Week1,Crosspointe,Week2,318.0 Crosspointe - 84.0 Annandale
Arlington Forest,Week2,Cardinal Hill,Week1,274.0 Cardinal Hill - 128.0 Arlington Forest
Arlington Forest,Week1,Rolling Hills,Week5,257.0 Arlington Forest - 145.0 Rolling Hills
Annandale,Week3,Crosspointe,Week4,314.0 Crosspointe - 88.0 Annandale
Arlington Forest,Week5,Rolling Hills,Week2,262.0 Arlington Forest - 140.0 Rolling Hills
Arlington Forest,Week1,Kent Gardens,Week2,231.0 Arlington Forest - 171.0 Kent Gardens
Arlington Forest,Week2,Ilda Community,Week3,285.0 Arlington Forest - 112.0 Ilda Community
Arlington Forest,Week2,Cardinal Hill,Week3,298.0 Cardinal Hill - 104.0 Arlington Forest
Arlington Forest,Week2,Cardinal Hill,Week5,272.0 Cardinal Hill - 130.0 Arlington Forest
Arlington Forest,Week5,Ilda Community,Week4,287.0 Arlington Forest - 115.0 Ilda Community
Arlington Forest,Week4,Canterbury Woods,Week1,272.0 Arlington Forest - 130.0 Canterbury Woods
Annandale,Week3,Crosspointe,Week1,319.0 Crosspointe - 83.0 Annandale
Arlington Forest,Week4,Ilda Community,Week1,299.0 Arlington Forest - 103.0 Ilda Community
Annandale,Week1,Crosspointe,Week3,319.0 Crosspointe - 78.0 Annandale
Arlington Forest,Week2,Rolling Hills,Week2,234.0 Arlington Forest - 168.0 Rolling Hills
Arlington Forest,Week5,Rolling Forest,Week5,225.0 Arlington Forest - 177.0 Rolling Forest
Annandale,Week5,Country Club Hills,Week2,244.0 Country Club Hills - 158.0 Annandale
Arlington Forest,Week5,Canterbury Woods,Week1,273.0 Arlington Forest - 124.0 Canterbury Woods
Annandale,Week4,Crosspointe,Week3,326.0 Crosspointe - 76.0 Annandale
Arlington Forest,Week3,Ilda Community,Week2,268.0 Arlington Forest - 134.0 Ilda Community
Arlington Forest,Week5,Ilda Community,Week3,304.0 Arlington Forest - 93.0 Ilda Community
Arlington Forest,Week3,Cardinal Hill,Week1,303.0 Cardinal Hill - 99.0 Arlington Forest
Arlington Forest,Week5,Kent Gardens,Week2,245.0 Arlington Forest - 157.0 Kent Gardens
Arlington Forest,Week1,Rutherford,Week4,278.0 Arlington Forest - 124.0 Rutherford
Arlington Forest,Week5,Canterbury Woods,Week3,266.0 Arlington Forest - 136.0 Canterbury Woods
Annandale,Week2,Crosspointe,Week3,317.0 Crosspointe - 85.0 Annandale
Arlington Forest,Week1,Cardinal Hill,Week3,289.0 Cardinal Hill - 113.0 Arlington Forest
Arlington Forest,Week5,Rolling Valley,Week4,312.0 Arlington Forest - 90.0 Rolling Valley
Arlington Forest,Week3,Canterbury Woods,Week2,241.0 Arlington Forest - 160.0 Canterbury Woods
Arlington Forest,Week1,Kent Gardens,Week5,251.0 Kent Gardens - 151.0 Arlington Forest
Arlington Forest,Week4,Canterbury Woods,Week3,260.0 Arlington Forest - 142.0 Canterbury Woods
Arlington Forest,Week5,Rolling Hills,Week5,267.0 Arlington Forest - 135.0 Rolling Hills
Annandale,Week1,Crosspointe,Week1,335.0 Crosspointe - 67.0 Annandale
Arlington Forest,Week3,Rolling Valley,Week1,321.0 Arlington Forest - 81.0 Rolling Valley
Arlington Forest,Week2,Cardinal Hill,Week4,271.0 Cardinal Hill - 131.0 Arlington Forest
Annandale,Week2,Crosspointe,Week2,313.0 Crosspointe - 89.0 Annandale
Arlington Forest,Week2,Rolling Valley,Week5,293.0 Arlington Forest - 109.0 Rolling Valley
Annandale,Week5,Crosspointe,Week2,322.0 Crosspointe - 80.0 Annandale
Arlington Forest,Week1,Cardinal Hill,Week5,263.0 Cardinal Hill - 139.0 Arlington Forest
Annandale,Week5,Crosspointe,Week5,330.0 Crosspointe - 72.0 Annandale
Arlington Forest,Week1,Rolling Valley,Week5,309.0 Arlington Forest - 93.0 Rolling Valley
Arlington Forest,Week1,Kent Gardens,Week3,219.0 Arlington Forest - 183.0 Kent Gardens
Arlington Forest,Week5,Kent Gardens,Week3,243.0 Arlington Forest - 159.0 Kent Gardens
Arlington Forest,Week4,Canterbury Woods,Week4,252.0 Arlington Forest - 150.0 Canterbury Woods
Annandale,Week5,Crosspointe,Week3,321.0 Crosspointe - 81.0 Annandale
Arlington Forest,Week4,Rolling Valley,Week4,329.0 Arlington Forest - 73.0 Rolling Valley
Arlington Forest,Week5,Rolling Hills,Week1,263.0 Arlington Forest - 139.0 Rolling Hills
Arlington Forest,Week2,Kings Ridge ,Week4,264.0 Arlington Forest - 138.0 Kings Ridge
Arlington Forest,Week1,Cardinal Hill,Week4,255.0 Cardinal Hill - 147.0 Arlington Forest
Arlington Forest,Week4,Ilda Community,Week4,288.0 Arlington Forest - 114.0 Ilda Community
Arlington Forest,Week2,Ilda Community,Week1,277.0 Arlington Forest - 125.0 Ilda Community
Annandale,Week4,Crosspointe,Week4,332.0 Crosspointe - 70.0 Annandale
Arlington Forest,Week5,Rolling Valley,Week1,341.0 Arlington Forest - 61.0 Rolling Valley
Annandale,Week5,Crosspointe,Week1,326.0 Crosspointe - 76.0 Annandale
Arlington Forest,Week2,Canterbury Woods,Week4,217.0 Arlington Forest - 185.0 Canterbury Woods
Arlington Forest,Week3,Rolling Valley,Week3,287.0 Arlington Forest - 115.0 Rolling Valley
Annandale,Week5,Country Club Hills,Week5,280.0 Country Club Hills - 122.0 Annandale
Arlington Forest,Week2,Ilda Community,Week4,260.0 Arlington Forest - 142.0 Ilda Community
Arlington Forest,Week4,Kent Gardens,Week4,221.0 Arlington Forest - 181.0 Kent Gardens
Annandale,Week2,Daventry,Week1,235.0 Annandale - 166.0 Daventry
Arlington Forest,Week5,Cardinal Hill,Week3,252.0 Cardinal Hill - 150.0 Arlington Forest
Arlington Forest,Week1,Rolling Valley,Week3,320.0 Arlington Forest - 82.0 Rolling Valley
Annandale,Week1,Daventry,Week3,229.0 Annandale - 167.0 Daventry
Arlington Forest,Week1,Chesterbrook,Week1,337.0 Chesterbrook - 65.0 Arlington Forest
Arlington Forest,Week5,Kent Gardens,Week5,205.0 Kent Gardens - 197.0 Arlington Forest
Arlington Forest,Week4,Kent Gardens,Week2,248.0 Arlington Forest - 154.0 Kent Gardens
Arlington Forest,Week3,Kent Gardens,Week1,241.0 Kent Gardens - 161.0 Arlington Forest
Arlington Forest,Week2,Rolling Valley,Week2,295.0 Arlington Forest - 107.0 Rolling Valley
Arlington Forest,Week4,Cardinal Hill,Week4,243.0 Cardinal Hill - 159.0 Arlington Forest
Arlington Forest,Week3,Cardinal Hill,Week3,311.0 Cardinal Hill - 91.0 Arlington Forest
Arlington Forest,Week4,Rolling Valley,Week5,323.0 Arlington Forest - 79.0 Rolling Valley
Annandale,Week1,Daventry,Week1,225.0 Annandale - 171.0 Daventry
Arlington Forest,Week5,Kent Gardens,Week4,230.0 Arlington Forest - 172.0 Kent Gardens
Annandale,Week5,Daventry,Week1,230.0 Annandale - 171.0 Daventry
Arlington Forest,Week5,Cardinal Hill,Week5,235.0 Cardinal Hill - 167.0 Arlington Forest
Arlington Forest,Week2,Chesterbrook,Week3,367.0 Chesterbrook - 35.0 Arlington Forest
Arlington Forest,Week1,Chesterbrook,Week3,360.5 Chesterbrook - 41.5 Arlington Forest
Arlington Forest,Week1,Rutherford,Week5,274.0 Arlington Forest - 128.0 Rutherford
Annandale,Week2,Daventry,Week3,242.0 Annandale - 159.0 Daventry
Annandale,Week1,Dominion Hills,Week4,286.0 Dominion Hills - 116.0 Annandale
Arlington Forest,Week2,Rutherford,Week1,277.0 Arlington Forest - 125.0 Rutherford
Arlington Forest,Week4,Rolling Valley,Week2,335.0 Arlington Forest - 67.0 Rolling Valley
Arlington Forest,Week1,Rolling Valley,Week1,343.0 Arlington Forest - 59.0 Rolling Valley
Arlington Forest,Week5,Kent Gardens,Week1,220.0 Arlington Forest - 182.0 Kent Gardens
Arlington Forest,Week2,Rolling Valley,Week3,295.5 Arlington Forest - 106.5 Rolling Valley
Annandale,Week1,Daventry,Week5,203.0 Daventry - 199.0 Annandale
Arlington Forest,Week2,Chesterbrook,Week2,360.0 Chesterbrook - 42.0 Arlington Forest
Arlington Forest,Week3,Kent Gardens,Week3,212.0 Kent Gardens - 190.0 Arlington Forest
Arlington Forest,Week4,Rolling Valley,Week1,348.0 Arlington Forest - 54.0 Rolling Valley
Arlington Forest,Week5,Cardinal Hill,Week2,203.0 Cardinal Hill - 194.0 Arlington Forest
Annandale,Week3,Daventry,Week4,249.0 Annandale - 153.0 Daventry
Arlington Forest,Week4,Kent Gardens,Week3,227.0 Arlington Forest - 175.0 Kent Gardens
Arlington Forest,Week5,Cardinal Hill,Week1,231.0 Cardinal Hill - 171.0 Arlington Forest
Arlington Forest,Week3,Kent Gardens,Week4,216.0 Kent Gardens - 186.0 Arlington Forest
Arlington Forest,Week5,Chesterbrook,Week2,318.0 Chesterbrook - 84.0 Arlington Forest
Arlington Forest,Week2,Rolling Valley,Week4,287.0 Arlington Forest - 115.0 Rolling Valley
Annandale,Week2,Daventry,Week4,241.0 Annandale - 160.0 Daventry
Arlington Forest,Week2,Kings Ridge ,Week1,274.0 Arlington Forest - 128.0 Kings Ridge
Arlington Forest,Week3,Rolling Valley,Week4,281.0 Arlington Forest - 121.0 Rolling Valley
Arlington Forest,Week3,Chesterbrook,Week1,352.0 Chesterbrook - 50.0 Arlington Forest
Arlington Forest,Week1,Rolling Valley,Week2,318.0 Arlington Forest - 84.0 Rolling Valley
Arlington Forest,Week4,Cardinal Hill,Week3,278.0 Cardinal Hill - 124.0 Arlington Forest
Arlington Forest,Week3,Rolling Valley,Week2,293.0 Arlington Forest - 109.0 Rolling Valley
Arlington Forest,Week2,Kent Gardens,Week5,275.0 Kent Gardens - 127.0 Arlington Forest
Arlington Forest,Week3,Kent Gardens,Week5,269.0 Kent Gardens - 133.0 Arlington Forest
Annandale,Week4,Daventry,Week2,219.0 Annandale - 181.0 Daventry
Annandale,Week2,Daventry,Week5,204.0 Annandale - 197.0 Daventry
Arlington Forest,Week2,Chesterbrook,Week1,349.0 Chesterbrook - 53.0 Arlington Forest
Annandale,Week4,Daventry,Week1,223.0 Annandale - 178.0 Daventry
Annandale,Week4,Daventry,Week4,233.5 Annandale - 167.5 Daventry
Arlington Forest,Week5,Rolling Valley,Week2,312.0 Arlington Forest - 90.0 Rolling Valley
Arlington Forest,Week1,Kings Ridge ,Week4,268.0 Arlington Forest - 134.0 Kings Ridge
Arlington Forest,Week2,Rolling Valley,Week1,329.0 Arlington Forest - 73.0 Rolling Valley
Arlington Forest,Week2,Kent Gardens,Week4,226.0 Kent Gardens - 176.0 Arlington Forest
Annandale,Week3,Daventry,Week2,246.0 Annandale - 156.0 Daventry
Annandale,Week4,Daventry,Week3,222.0 Annandale - 176.0 Daventry
Arlington Forest,Week4,Cardinal Hill,Week1,253.0 Cardinal Hill - 149.0 Arlington Forest
Arlington Forest,Week4,Kent Gardens,Week1,205.0 Arlington Forest - 197.0 Kent Gardens
Arlington Forest,Week5,Cardinal Hill,Week4,227.0 Cardinal Hill - 175.0 Arlington Forest
Arlington Forest,Week5,Rolling Hills,Week4,260.0 Arlington Forest - 141.0 Rolling Hills
Arlington Forest,Week1,Kings Ridge ,Week2,303.0 Arlington Forest - 99.0 Kings Ridge
Annandale,Week3,Daventry,Week5,221.0 Annandale - 176.0 Daventry
Annandale,Week2,Daventry,Week2,228.0 Annandale - 172.0 Daventry
Arlington Forest,Week1,Rutherford,Week3,291.0 Arlington Forest - 111.0 Rutherford
Arlington Forest,Week5,Rolling Valley,Week3,319.0 Arlington Forest - 83.0 Rolling Valley
Annandale,Week5,Cardinal Hill,Week5,320.0 Cardinal Hill - 82.0 Annandale
Arlington Forest,Week1,Rolling Valley,Week4,312.0 Arlington Forest - 90.0 Rolling Valley
Arlington Forest,Week1,Kings Ridge ,Week1,308.0 Arlington Forest - 94.0 Kings Ridge
Arlington Forest,Week1,Rutherford,Week2,306.0 Arlington Forest - 96.0 Rutherford
Arlington Forest,Week4,Cardinal Hill,Week5,252.0 Cardinal Hill - 150.0 Arlington Forest
Annandale,Week4,Cardinal Hill,Week2,326.0 Cardinal Hill - 76.0 Annandale
Annandale,Week1,Chesterbrook,Week1,362.0 Chesterbrook - 40.0 Annandale
Annandale,Week3,Chesterbrook,Week2,363.0 Chesterbrook - 39.0 Annandale
Annandale,Week4,Daventry,Week5,201.0 Daventry - 199.0 Annandale
Arlington Forest,Week1,Rutherford,Week1,316.0 Arlington Forest - 86.0 Rutherford
Arlington Forest,Week4,Rolling Valley,Week3,333.0 Arlington Forest - 69.0 Rolling Valley
Arlington Forest,Week1,Chesterbrook,Week2,347.0 Chesterbrook - 55.0 Arlington Forest
Arlington Forest,Week1,Chesterbrook,Week4,345.0 Chesterbrook - 57.0 Arlington Forest
Arlington Forest,Week1,Kings Ridge ,Week3,289.0 Arlington Forest - 113.0 Kings Ridge
Annandale,Week5,Daventry,Week3,251.0 Annandale - 148.0 Daventry
Annandale,Week5,Daventry,Week2,232.0 Annandale - 169.0 Daventry
Annandale,Week1,Chesterbrook,Week3,376.0 Chesterbrook - 26.0 Annandale
Arlington Forest,Week2,Kent Gardens,Week3,203.0 Arlington Forest - 199.0 Kent Gardens
Arlington Forest,Week4,Kent Gardens,Week5,230.0 Kent Gardens - 172.0 Arlington Forest
Annandale,Week3,Daventry,Week3,263.0 Annandale - 139.0 Daventry
Arlington Forest,Week3,Kent Gardens,Week2,207.0 Kent Gardens - 195.0 Arlington Forest
Arlington Forest,Week3,Chesterbrook,Week3,364.0 Chesterbrook - 38.0 Arlington Forest
Arlington Forest,Week3,Cardinal Hill,Week5,285.0 Cardinal Hill - 116.0 Arlington Forest
Arlington Forest,Week1,Kings Ridge ,Week5,274.0 Arlington Forest - 128.0 Kings Ridge
Arlington Forest,Week5,Rolling Valley,Week5,312.0 Arlington Forest - 90.0 Rolling Valley
Arlington Forest,Week3,Cardinal Hill,Week4,273.0 Cardinal Hill - 129.0 Arlington Forest
Annandale,Week1,Chesterbrook,Week5,374.0 Chesterbrook - 28.0 Annandale
Arlington Forest,Week3,Rolling Valley,Week5,286.0 Arlington Forest - 116.0 Rolling Valley
Arlington Forest,Week2,Kings Ridge ,Week2,284.0 Arlington Forest - 118.0 Kings Ridge
Annandale,Week3,Daventry,Week1,250.0 Annandale - 147.0 Daventry
Annandale,Week5,Daventry,Week5,220.0 Annandale - 181.0 Daventry
Arlington Forest,Week3,Chesterbrook,Week2,359.5 Chesterbrook - 42.5 Arlington Forest
Arlington Forest,Week1,Chesterbrook,Week5,351.0 Chesterbrook - 51.0 Arlington Forest
Arlington Forest,Week3,Chesterbrook,Week5,357.0 Chesterbrook - 45.0 Arlington Forest
Arlington Forest,Week5,Kings Ridge ,Week3,294.0 Arlington Forest - 108.0 Kings Ridge
Arlington Forest,Week1,Shouse Village,Week3,215.0 Arlington Forest - 187.0 Shouse Village
Arlington Forest,Week4,Kings Ridge ,Week2,309.5 Arlington Forest - 92.5 Kings Ridge
Annandale,Week5,Daventry,Week4,247.0 Annandale - 154.0 Daventry
Annandale,Week1,Dominion Hills,Week1,278.0 Dominion Hills - 119.0 Annandale
Arlington Forest,Week1,Shouse Village,Week5,211.0 Shouse Village - 191.0 Arlington Forest
Arlington Forest,Week2,Kings Ridge ,Week3,274.0 Arlington Forest - 128.0 Kings Ridge
Arlington Forest,Week5,Kings Ridge ,Week5,281.0 Arlington Forest - 121.0 Kings Ridge
Arlington Forest,Week4,Chesterbrook,Week1,321.0 Chesterbrook - 81.0 Arlington Forest
Annandale,Week5,Chesterbrook,Week5,363.0 Chesterbrook - 39.0 Annandale
Annandale,Week1,Daventry,Week4,227.0 Annandale - 175.0 Daventry
Arlington Forest,Week2,Shouse Village,Week3,209.0 Shouse Village - 193.0 Arlington Forest
Annandale,Week3,Chesterbrook,Week1,358.0 Chesterbrook - 44.0 Annandale
Arlington Forest,Week2,Rutherford,Week5,258.0 Arlington Forest - 144.0 Rutherford
Arlington Forest,Week4,Chesterbrook,Week2,333.0 Chesterbrook - 69.0 Arlington Forest
Annandale,Week1,Chesterbrook,Week2,374.0 Chesterbrook - 28.0 Annandale
Arlington Forest,Week4,Cardinal Hill,Week2,216.0 Cardinal Hill - 186.0 Arlington Forest
Arlington Forest,Week1,Shouse Village,Week4,201.0 Arlington Forest - 201.0 Shouse Village
Annandale,Week1,Dominion Hills,Week3,273.0 Dominion Hills - 129.0 Annandale
Arlington Forest,Week3,Lake Braddock,Week3,289.5 Arlington Forest - 112.5 Lake Braddock
Annandale,Week1,Dominion Hills,Week2,282.0 Dominion Hills - 120.0 Annandale
Arlington Forest,Week4,Kings Ridge ,Week5,288.0 Arlington Forest - 114.0 Kings Ridge
Annandale,Week4,Chesterbrook,Week3,386.0 Chesterbrook - 16.0 Annandale
Annandale,Week5,Chesterbrook,Week1,354.0 Chesterbrook - 48.0 Annandale
Arlington Forest,Week2,Chesterbrook,Week4,355.0 Chesterbrook - 47.0 Arlington Forest
Annandale,Week2,Chesterbrook,Week1,363.0 Chesterbrook - 39.0 Annandale
Arlington Forest,Week3,Chesterbrook,Week4,358.0 Chesterbrook - 44.0 Arlington Forest
Annandale,Week1,Dominion Hills,Week5,301.0 Dominion Hills - 101.0 Annandale
Arlington Forest,Week2,Rutherford,Week3,260.0 Arlington Forest - 142.0 Rutherford
Arlington Forest,Week4,Chesterbrook,Week4,339.0 Chesterbrook - 63.0 Arlington Forest
Annandale,Week4,Chesterbrook,Week1,372.0 Chesterbrook - 30.0 Annandale
Arlington Forest,Week2,Rutherford,Week2,284.0 Arlington Forest - 118.0 Rutherford
Annandale,Week2,Dominion Hills,Week4,293.0 Dominion Hills - 109.0 Annandale
Annandale,Week2,Dominion Hills,Week5,298.0 Dominion Hills - 104.0 Annandale
Arlington Forest,Week5,Rutherford,Week3,284.0 Arlington Forest - 118.0 Rutherford
Arlington Forest,Week1,Lake Braddock,Week3,318.0 Arlington Forest - 84.0 Lake Braddock
Arlington Forest,Week4,Kings Ridge ,Week3,297.0 Arlington Forest - 105.0 Kings Ridge
Arlington Forest,Week3,Kings Ridge ,Week1,266.0 Arlington Forest - 136.0 Kings Ridge
Arlington Forest,Week5,Chesterbrook,Week1,313.0 Chesterbrook - 89.0 Arlington Forest
Arlington Forest,Week4,Rutherford,Week2,306.0 Arlington Forest - 96.0 Rutherford
Annandale,Week3,Chesterbrook,Week3,370.0 Chesterbrook - 32.0 Annandale
Arlington Forest,Week5,Rutherford,Week5,278.0 Arlington Forest - 119.0 Rutherford
Annandale,Week2,Chesterbrook,Week2,369.0 Chesterbrook - 33.0 Annandale
Annandale,Week2,Dominion Hills,Week1,266.0 Dominion Hills - 136.0 Annandale
Annandale,Week4,Cardinal Hill,Week4,340.0 Cardinal Hill - 62.0 Annandale
Arlington Forest,Week4,Chesterbrook,Week3,352.0 Chesterbrook - 50.0 Arlington Forest
Arlington Forest,Week4,Chesterbrook,Week5,334.0 Chesterbrook - 68.0 Arlington Forest
Arlington Forest,Week1,Lake Braddock,Week4,327.0 Arlington Forest - 75.0 Lake Braddock
Arlington Forest,Week4,Rutherford,Week5,288.0 Arlington Forest - 114.0 Rutherford
Arlington Forest,Week3,Rutherford,Week3,241.0 Arlington Forest - 160.0 Rutherford
Annandale,Week1,Donaldson Run,Week3,344.0 Donaldson Run - 58.0 Annandale
Arlington Forest,Week3,Kings Ridge ,Week3,265.0 Arlington Forest - 137.0 Kings Ridge
Arlington Forest,Week2,Commonwealth,Week5,234.0 Arlington Forest - 168.0 Commonwealth
Annandale,Week2,Dominion Hills,Week2,267.0 Dominion Hills - 135.0 Annandale
Arlington Forest,Week2,Chesterbrook,Week5,362.0 Chesterbrook - 40.0 Arlington Forest
Arlington Forest,Week1,Lake Braddock,Week5,311.0 Arlington Forest - 91.0 Lake Braddock
Annandale,Week2,Chesterbrook,Week4,373.0 Chesterbrook - 29.0 Annandale
Annandale,Week4,Cardinal Hill,Week1,341.0 Cardinal Hill - 61.0 Annandale
Annandale,Week2,Dominion Hills,Week3,273.0 Dominion Hills - 129.0 Annandale
Annandale,Week5,Dominion Hills,Week2,267.0 Dominion Hills - 135.0 Annandale
Arlington Forest,Week5,Rutherford,Week4,275.0 Arlington Forest - 127.0 Rutherford
Arlington Forest,Week1,Commonwealth,Week1,278.0 Arlington Forest - 124.0 Commonwealth
Arlington Forest,Week4,Commonwealth,Week2,255.0 Arlington Forest - 147.0 Commonwealth
Annandale,Week5,Dominion Hills,Week4,281.0 Dominion Hills - 121.0 Annandale
Annandale,Week5,Cardinal Hill,Week2,311.0 Cardinal Hill - 91.0 Annandale
Annandale,Week4,Dominion Hills,Week4,312.0 Dominion Hills - 90.0 Annandale
Annandale,Week1,Donaldson Run,Week1,331.0 Donaldson Run - 71.0 Annandale
Arlington Forest,Week1,Commonwealth,Week3,263.0 Arlington Forest - 139.0 Commonwealth
Arlington Forest,Week2,Lake Braddock,Week5,280.0 Arlington Forest - 122.0 Lake Braddock
Arlington Forest,Week1,Commonwealth,Week2,245.0 Arlington Forest - 157.0 Commonwealth
Arlington Forest,Week4,Kings Ridge ,Week4,280.0 Arlington Forest - 122.0 Kings Ridge
Annandale,Week3,Chesterbrook,Week5,369.0 Chesterbrook - 33.0 Annandale
Annandale,Week4,Cardinal Hill,Week5,331.0 Cardinal Hill - 71.0 Annandale
Annandale,Week3,Chesterbrook,Week4,371.0 Chesterbrook - 31.0 Annandale
Annandale,Week3,Dominion Hills,Week3,266.0 Dominion Hills - 136.0 Annandale
Arlington Forest,Week2,Kings Ridge ,Week5,263.0 Arlington Forest - 139.0 Kings Ridge
Annandale,Week4,Dominion Hills,Week5,303.0 Dominion Hills - 99.0 Annandale
Annandale,Week1,Donaldson Run,Week2,338.0 Donaldson Run - 64.0 Annandale
Arlington Forest,Week1,Lake Braddock,Week2,316.0 Arlington Forest - 86.0 Lake Braddock
Annandale,Week5,Cardinal Hill,Week3,346.0 Cardinal Hill - 56.0 Annandale
Arlington Forest,Week4,Rutherford,Week1,309.0 Arlington Forest - 93.0 Rutherford
Arlington Forest,Week3,Rutherford,Week1,269.0 Arlington Forest - 132.0 Rutherford
Arlington Forest,Week3,Kings Ridge ,Week4,250.0 Arlington Forest - 152.0 Kings Ridge
Arlington Forest,Week2,Rutherford,Week4,249.0 Arlington Forest - 153.0 Rutherford
Arlington Forest,Week3,Rutherford,Week5,252.0 Arlington Forest - 149.0 Rutherford
Arlington Forest,Week5,Rutherford,Week2,290.0 Arlington Forest - 112.0 Rutherford
Arlington Forest,Week4,Rutherford,Week4,292.0 Arlington Forest - 110.0 Rutherford
Arlington Forest,Week1,Commonwealth,Week4,270.0 Arlington Forest - 132.0 Commonwealth
Arlington Forest,Week4,Commonwealth,Week1,295.0 Arlington Forest - 107.0 Commonwealth
Annandale,Week4,Cardinal Hill,Week3,354.0 Cardinal Hill - 48.0 Annandale
Arlington Forest,Week4,Kings Ridge ,Week1,308.0 Arlington Forest - 94.0 Kings Ridge
Annandale,Week2,Chesterbrook,Week3,377.0 Chesterbrook - 25.0 Annandale
Annandale,Week3,Donaldson Run,Week3,334.0 Donaldson Run - 68.0 Annandale
Annandale,Week1,Chesterbrook,Week4,378.0 Chesterbrook - 24.0 Annandale
Arlington Forest,Week5,Kings Ridge ,Week4,285.0 Arlington Forest - 117.0 Kings Ridge
Arlington Forest,Week3,Commonwealth,Week4,226.0 Arlington Forest - 176.0 Commonwealth
Arlington Forest,Week4,Commonwealth,Week4,274.0 Arlington Forest - 128.0 Commonwealth
Arlington Forest,Week5,Rutherford,Week1,296.0 Arlington Forest - 106.0 Rutherford
Arlington Forest,Week2,Lake Braddock,Week4,299.0 Arlington Forest - 103.0 Lake Braddock
Arlington Forest,Week5,Kings Ridge ,Week1,297.0 Arlington Forest - 105.0 Kings Ridge
Arlington Forest,Week2,Commonwealth,Week4,250.0 Arlington Forest - 152.0 Commonwealth
Arlington Forest,Week3,Kings Ridge ,Week2,286.0 Arlington Forest - 116.0 Kings Ridge
Annandale,Week5,Cardinal Hill,Week1,337.5 Cardinal Hill - 64.5 Annandale
Annandale,Week5,Dominion Hills,Week5,286.0 Dominion Hills - 116.0 Annandale
Annandale,Week2,Chesterbrook,Week5,373.0 Chesterbrook - 29.0 Annandale
Arlington Forest,Week2,Shouse Village,Week1,214.0 Arlington Forest - 188.0 Shouse Village
Annandale,Week4,Dominion Hills,Week3,288.0 Dominion Hills - 114.0 Annandale
Arlington Forest,Week1,Lake Braddock,Week1,332.0 Arlington Forest - 70.0 Lake Braddock
Annandale,Week5,Cardinal Hill,Week4,335.0 Cardinal Hill - 67.0 Annandale
Annandale,Week4,Chesterbrook,Week2,372.0 Chesterbrook - 30.0 Annandale
Annandale,Week3,Dominion Hills,Week2,275.0 Dominion Hills - 127.0 Annandale
Arlington Forest,Week3,Kings Ridge ,Week5,252.0 Arlington Forest - 150.0 Kings Ridge
Annandale,Week3,Dominion Hills,Week4,285.0 Dominion Hills - 117.0 Annandale
Arlington Forest,Week3,Commonwealth,Week2,210.0 Arlington Forest - 192.0 Commonwealth
Arlington Forest,Week5,Chesterbrook,Week4,323.0 Chesterbrook - 79.0 Arlington Forest
Arlington Forest,Week5,Chesterbrook,Week3,344.0 Chesterbrook - 58.0 Arlington Forest
Arlington Forest,Week4,Rutherford,Week3,293.0 Arlington Forest - 109.0 Rutherford
Arlington Forest,Week1,Shouse Village,Week1,231.0 Arlington Forest - 171.0 Shouse Village
Arlington Forest,Week2,Shouse Village,Week2,212.0 Arlington Forest - 190.0 Shouse Village
Arlington Forest,Week2,Lake Braddock,Week2,293.0 Arlington Forest - 109.0 Lake Braddock
Annandale,Week2,Donaldson Run,Week1,327.0 Donaldson Run - 75.0 Annandale
Arlington Forest,Week1,Shouse Village,Week2,241.0 Arlington Forest - 161.0 Shouse Village
Arlington Forest,Week3,Commonwealth,Week3,226.0 Arlington Forest - 176.0 Commonwealth
Annandale,Week4,Chesterbrook,Week4,383.0 Chesterbrook - 19.0 Annandale
Arlington Forest,Week3,Lake Braddock,Week1,317.0 Arlington Forest - 85.0 Lake Braddock
Arlington Forest,Week3,Lake Braddock,Week2,293.0 Arlington Forest - 109.0 Lake Braddock
Arlington Forest,Week2,Commonwealth,Week2,232.0 Arlington Forest - 170.0 Commonwealth
Annandale,Week5,Dominion Hills,Week1,251.0 Dominion Hills - 151.0 Annandale
Annandale,Week5,Chesterbrook,Week4,365.0 Chesterbrook - 37.0 Annandale
Annandale,Week5,Chesterbrook,Week3,366.0 Chesterbrook - 36.0 Annandale
Arlington Forest,Week4,Cottontail,Week1,240.0 Arlington Forest - 162.0 Cottontail
Annandale,Week1,Commonwealth,Week4,218.0 Commonwealth - 184.0 Annandale
Arlington Forest,Week5,Shouse Village,Week3,226.0 Arlington Forest - 176.0 Shouse Village
Arlington Forest,Week3,Sideburn Run,Week2,214.5 Sideburn Run - 187.5 Arlington Forest
Arlington Forest,Week4,Cottontail,Week3,265.0 Arlington Forest - 137.0 Cottontail
Arlington Forest,Week5,Kings Ridge ,Week2,295.0 Arlington Forest - 107.0 Kings Ridge
Annandale,Week1,Commonwealth,Week1,205.0 Annandale - 191.0 Commonwealth
Arlington Forest,Week1,Commonwealth,Week5,249.0 Arlington Forest - 153.0 Commonwealth
Annandale,Week2,Donaldson Run,Week4,344.0 Donaldson Run - 58.0 Annandale
Annandale,Week5,Chesterbrook,Week2,365.0 Chesterbrook - 37.0 Annandale
Arlington Forest,Week2,Lake Braddock,Week1,315.0 Arlington Forest - 87.0 Lake Braddock
Arlington Forest,Week3,Rutherford,Week4,237.0 Arlington Forest - 165.0 Rutherford
Arlington Forest,Week4,Lake Braddock,Week2,328.0 Arlington Forest - 74.0 Lake Braddock
Arlington Forest,Week3,Commonwealth,Week1,267.0 Arlington Forest - 135.0 Commonwealth
Annandale,Week2,Donaldson Run,Week5,349.0 Donaldson Run - 53.0 Annandale
Arlington Forest,Week2,Sideburn Run,Week1,225.0 Sideburn Run - 177.0 Arlington Forest
Arlington Forest,Week2,Lake Braddock,Week3,297.0 Arlington Forest - 105.0 Lake Braddock
Arlington Forest,Week4,Commonwealth,Week3,266.0 Arlington Forest - 136.0 Commonwealth
Arlington Forest,Week3,Rutherford,Week2,269.0 Arlington Forest - 132.0 Rutherford
Arlington Forest,Week3,Commonwealth,Week5,219.0 Arlington Forest - 183.0 Commonwealth
Arlington Forest,Week1,Sideburn Run,Week4,205.0 Arlington Forest - 197.0 Sideburn Run
Arlington Forest,Week4,Lake Braddock,Week3,322.0 Arlington Forest - 80.0 Lake Braddock
Annandale,Week1,Commonwealth,Week2,248.0 Commonwealth - 154.0 Annandale
Arlington Forest,Week1,Sideburn Run,Week1,223.0 Sideburn Run - 179.0 Arlington Forest
Annandale,Week4,Chesterbrook,Week5,380.0 Chesterbrook - 22.0 Annandale
Annandale,Week1,Donaldson Run,Week4,345.0 Donaldson Run - 57.0 Annandale
Annandale,Week1,Donaldson Run,Week5,348.0 Donaldson Run - 54.0 Annandale
Annandale,Week2,Donaldson Run,Week3,342.0 Donaldson Run - 60.0 Annandale
Annandale,Week2,Donaldson Run,Week2,341.0 Donaldson Run - 61.0 Annandale
Arlington Forest,Week4,Shouse Village,Week5,212.0 Shouse Village - 190.0 Arlington Forest
Annandale,Week4,Donaldson Run,Week1,335.5 Donaldson Run - 66.5 Annandale
Annandale,Week3,Commonwealth,Week3,212.0 Commonwealth - 190.0 Annandale
Arlington Forest,Week5,Chesterbrook,Week5,324.0 Chesterbrook - 78.0 Arlington Forest
Arlington Forest,Week5,Commonwealth,Week4,282.0 Arlington Forest - 120.0 Commonwealth
Annandale,Week3,Commonwealth,Week5,222.0 Commonwealth - 180.0 Annandale
Annandale,Week4,Dominion Hills,Week2,308.0 Dominion Hills - 94.0 Annandale
Arlington Forest,Week4,Lake Braddock,Week5,320.0 Arlington Forest - 82.0 Lake Braddock
Arlington Forest,Week4,Shouse Village,Week4,213.0 Shouse Village - 189.0 Arlington Forest
Arlington Forest,Week2,Lakevale Estates,Week1,258.0 Lakevale Estates - 144.0 Arlington Forest
Arlington Forest,Week2,Sideburn Run,Week5,221.0 Sideburn Run - 181.0 Arlington Forest
Arlington Forest,Week2,Commonwealth,Week3,242.5 Arlington Forest - 159.5 Commonwealth
Annandale,Week5,Dominion Hills,Week3,272.0 Dominion Hills - 130.0 Annandale
Arlington Forest,Week2,Sideburn Run,Week4,211.0 Sideburn Run - 191.0 Arlington Forest
Arlington Forest,Week3,Lake Braddock,Week5,265.0 Arlington Forest - 137.0 Lake Braddock
Arlington Forest,Week3,Shouse Village,Week2,205.0 Arlington Forest - 197.0 Shouse Village
Arlington Forest,Week4,Lake Braddock,Week1,336.5 Arlington Forest - 65.5 Lake Braddock
Arlington Forest,Week5,Shouse Village,Week5,208.0 Shouse Village - 194.0 Arlington Forest
Arlington Forest,Week4,Lake Braddock,Week4,340.0 Arlington Forest - 62.0 Lake Braddock
Arlington Forest,Week1,Cottontail,Week4,235.0 Arlington Forest - 162.0 Cottontail
Arlington Forest,Week5,Commonwealth,Week2,255.0 Arlington Forest - 147.0 Commonwealth
Arlington Forest,Week3,Lake Braddock,Week4,291.0 Arlington Forest - 111.0 Lake Braddock
Arlington Forest,Week2,Commonwealth,Week1,268.0 Arlington Forest - 129.0 Commonwealth
Annandale,Week3,Dominion Hills,Week1,258.0 Dominion Hills - 139.0 Annandale
Arlington Forest,Week1,Cottontail,Week1,230.0 Arlington Forest - 172.0 Cottontail
Arlington Forest,Week5,Lake Braddock,Week1,325.0 Arlington Forest - 77.0 Lake Braddock
Annandale,Week3,Donaldson Run,Week2,330.0 Donaldson Run - 72.0 Annandale
Arlington Forest,Week5,Commonwealth,Week5,256.0 Arlington Forest - 146.0 Commonwealth
Annandale,Week3,Commonwealth,Week1,220.0 Annandale - 177.0 Commonwealth
Annandale,Week1,Commonwealth,Week3,234.0 Commonwealth - 167.0 Annandale
Annandale,Week2,Commonwealth,Week5,247.0 Commonwealth - 155.0 Annandale
Annandale,Week2,Commonwealth,Week1,220.0 Annandale - 181.0 Commonwealth
Arlington Forest,Week4,Shouse Village,Week2,242.0 Arlington Forest - 160.0 Shouse Village
Arlington Forest,Week5,Lake Braddock,Week2,307.0 Arlington Forest - 95.0 Lake Braddock
Annandale,Week4,Dominion Hills,Week1,279.0 Dominion Hills - 123.0 Annandale
Annandale,Week3,Dominion Hills,Week5,290.0 Dominion Hills - 112.0 Annandale
Annandale,Week2,Commonwealth,Week4,216.0 Commonwealth - 185.0 Annandale
Annandale,Week3,Donaldson Run,Week1,321.0 Donaldson Run - 81.0 Annandale
Annandale,Week3,Commonwealth,Week4,212.0 Commonwealth - 190.0 Annandale
Arlington Forest,Week5,Shouse Village,Week4,202.0 Shouse Village - 200.0 Arlington Forest
Arlington Forest,Week3,Shouse Village,Week4,244.0 Shouse Village - 158.0 Arlington Forest
Annandale,Week1,Commonwealth,Week5,250.0 Commonwealth - 152.0 Annandale
Annandale,Week4,Donaldson Run,Week2,335.0 Donaldson Run - 67.0 Annandale
Annandale,Week4,Donaldson Run,Week3,343.0 Donaldson Run - 59.0 Annandale
Annandale,Week2,Commonwealth,Week3,229.0 Commonwealth - 172.0 Annandale
Annandale,Week3,Donaldson Run,Week5,346.0 Donaldson Run - 56.0 Annandale
Arlington Forest,Week2,Shouse Village,Week5,226.5 Shouse Village - 175.5 Arlington Forest
Arlington Forest,Week5,Lakevale Estates,Week4,260.0 Lakevale Estates - 142.0 Arlington Forest
Arlington Forest,Week1,Cottontail,Week2,241.0 Arlington Forest - 161.0 Cottontail
Annandale,Week2,Commonwealth,Week2,247.0 Commonwealth - 155.0 Annandale
Arlington Forest,Week2,Cottontail,Week1,218.0 Arlington Forest - 184.0 Cottontail
Arlington Forest,Week3,Shouse Village,Week5,224.0 Shouse Village - 178.0 Arlington Forest
Annandale,Week4,Donaldson Run,Week4,347.0 Donaldson Run - 55.0 Annandale
Arlington Forest,Week1,Lakevale Estates,Week1,258.0 Lakevale Estates - 139.0 Arlington Forest
Arlington Forest,Week4,Commonwealth,Week5,273.0 Arlington Forest - 129.0 Commonwealth
Arlington Forest,Week4,Shouse Village,Week1,229.0 Arlington Forest - 173.0 Shouse Village
Annandale,Week4,Commonwealth,Week1,207.0 Commonwealth - 193.0 Annandale
Arlington Forest,Week2,Cottontail,Week3,238.0 Arlington Forest - 164.0 Cottontail
Annandale,Week4,Commonwealth,Week3,251.0 Commonwealth - 150.0 Annandale
Arlington Forest,Week1,Lakeview,Week1,315.0 Arlington Forest - 87.0 Lakeview
Arlington Forest,Week2,Lakevale Estates,Week4,294.0 Lakevale Estates - 108.0 Arlington Forest
Arlington Forest,Week1,Lakevale Estates,Week3,276.0 Lakevale Estates - 121.0 Arlington Forest
Arlington Forest,Week1,Cottontail,Week3,248.0 Arlington Forest - 154.0 Cottontail
Annandale,Week4,Donaldson Run,Week5,353.0 Donaldson Run - 49.0 Annandale
Arlington Forest,Week3,Shouse Village,Week3,210.0 Shouse Village - 192.0 Arlington Forest
Arlington Forest,Week1,Lakevale Estates,Week4,295.0 Lakevale Estates - 107.0 Arlington Forest
Annandale,Week5,Donaldson Run,Week1,331.5 Donaldson Run - 70.5 Annandale
Arlington Forest,Week3,Shouse Village,Week1,206.0 Shouse Village - 196.0 Arlington Forest
Arlington Forest,Week4,Lakevale Estates,Week3,256.0 Lakevale Estates - 146.0 Arlington Forest
Arlington Forest,Week5,Commonwealth,Week1,298.0 Arlington Forest - 99.0 Commonwealth
Arlington Forest,Week2,Cottontail,Week5,220.0 Arlington Forest - 182.0 Cottontail
Annandale,Week5,Donaldson Run,Week5,349.0 Donaldson Run - 53.0 Annandale
Arlington Forest,Week2,Cottontail,Week4,215.0 Arlington Forest - 187.0 Cottontail
Annandale,Week5,Donaldson Run,Week4,340.0 Donaldson Run - 62.0 Annandale
Arlington Forest,Week1,Cottontail,Week5,230.0 Arlington Forest - 172.0 Cottontail
Arlington Forest,Week5,Shouse Village,Week1,236.0 Arlington Forest - 166.0 Shouse Village
Arlington Forest,Week1,Sideburn Run,Week2,205.0 Arlington Forest - 197.0 Sideburn Run
Annandale,Week4,Commonwealth,Week2,258.0 Commonwealth - 144.0 Annandale
Annandale,Week5,Donaldson Run,Week3,337.5 Donaldson Run - 64.5 Annandale
Annandale,Week3,Commonwealth,Week2,235.0 Commonwealth - 167.0 Annandale
Arlington Forest,Week2,Shouse Village,Week4,232.0 Shouse Village - 170.0 Arlington Forest
Arlington Forest,Week3,Lakevale Estates,Week3,286.0 Lakevale Estates - 116.0 Arlington Forest
Arlington Forest,Week5,Shouse Village,Week2,244.0 Arlington Forest - 158.0 Shouse Village
Annandale,Week5,Donaldson Run,Week2,331.0 Donaldson Run - 71.0 Annandale
Arlington Forest,Week5,Lake Braddock,Week4,315.0 Arlington Forest - 87.0 Lake Braddock
Arlington Forest,Week4,Lakevale Estates,Week1,243.0 Lakevale Estates - 159.0 Arlington Forest
Arlington Forest,Week3,Cottontail,Week3,209.5 Arlington Forest - 192.5 Cottontail
Arlington Forest,Week2,Cottontail,Week2,225.0 Arlington Forest - 177.0 Cottontail
Arlington Forest,Week3,Lakevale Estates,Week2,293.0 Lakevale Estates - 109.0 Arlington Forest
Arlington Forest,Week3,Cottontail,Week1,201.0 Arlington Forest - 201.0 Cottontail
Arlington Forest,Week2,Sideburn Run,Week2,201.0 Arlington Forest - 201.0 Sideburn Run
Arlington Forest,Week4,Shouse Village,Week3,225.0 Arlington Forest - 177.0 Shouse Village
Arlington Forest,Week5,Lake Braddock,Week5,306.0 Arlington Forest - 96.0 Lake Braddock
Arlington Forest,Week1,Sideburn Run,Week5,213.0 Sideburn Run - 189.0 Arlington Forest
Arlington Forest,Week3,Cottontail,Week2,204.0 Arlington Forest - 198.0 Cottontail
Annandale,Week1,Dowden Terrace,Week1,279.0 Dowden Terrace - 122.0 Annandale
Arlington Forest,Week5,Lake Braddock,Week3,320.0 Arlington Forest - 82.0 Lake Braddock
Annandale,Week3,Donaldson Run,Week4,338.0 Donaldson Run - 64.0 Annandale
Arlington Forest,Week3,Lakevale Estates,Week1,269.0 Lakevale Estates - 133.0 Arlington Forest
Annandale,Week1,Dowden Terrace,Week2,278.0 Dowden Terrace - 124.0 Annandale
Arlington Forest,Week4,Cottontail,Week2,239.0 Arlington Forest - 163.0 Cottontail
Arlington Forest,Week5,Cottontail,Week5,232.0 Arlington Forest - 170.0 Cottontail
Arlington Forest,Week1,Sideburn Run,Week3,206.0 Sideburn Run - 196.0 Arlington Forest
Annandale,Week5,Dowden Terrace,Week1,259.0 Dowden Terrace - 143.0 Annandale
Annandale,Week2,Dowden Terrace,Week2,266.0 Dowden Terrace - 136.0 Annandale
Annandale,Week1,Dowden Terrace,Week5,311.0 Dowden Terrace - 91.0 Annandale
Arlington Forest,Week1,Country Club Hills,Week2,262.5 Arlington Forest - 139.5 Country Club Hills
Arlington Forest,Week3,Sideburn Run,Week4,229.0 Sideburn Run - 173.0 Arlington Forest
Arlington Forest,Week1,Lakevale Estates,Week2,281.0 Lakevale Estates - 121.0 Arlington Forest
Arlington Forest,Week3,Cottontail,Week5,207.0 Cottontail - 195.0 Arlington Forest
Arlington Forest,Week3,Lakevale Estates,Week5,303.0 Lakevale Estates - 99.0 Arlington Forest
Arlington Forest,Week3,Lakevale Estates,Week4,305.0 Lakevale Estates - 97.0 Arlington Forest
Annandale,Week2,Dowden Terrace,Week1,257.0 Dowden Terrace - 144.0 Annandale
Arlington Forest,Week3,Cottontail,Week4,205.0 Arlington Forest - 197.0 Cottontail
Arlington Forest,Week4,Lakevale Estates,Week2,259.0 Lakevale Estates - 143.0 Arlington Forest
Arlington Forest,Week1,Lakevale Estates,Week5,297.0 Lakevale Estates - 105.0 Arlington Forest
Arlington Forest,Week5,Commonwealth,Week3,262.0 Arlington Forest - 140.0 Commonwealth
Annandale,Week5,Dowden Terrace,Week5,283.0 Dowden Terrace - 119.0 Annandale
Arlington Forest,Week3,Sideburn Run,Week5,240.0 Sideburn Run - 162.0 Arlington Forest
Arlington Forest,Week4,Sideburn Run,Week2,228.0 Arlington Forest - 174.0 Sideburn Run
Arlington Forest,Week2,Lakevale Estates,Week2,277.0 Lakevale Estates - 125.0 Arlington Forest
Arlington Forest,Week1,Country Club Hills,Week3,250.0 Arlington Forest - 152.0 Country Club Hills
Arlington Forest,Week3,Sideburn Run,Week1,248.0 Sideburn Run - 154.0 Arlington Forest
Annandale,Week3,Dowden Terrace,Week1,247.0 Dowden Terrace - 155.0 Annandale
Arlington Forest,Week5,Cottontail,Week3,276.0 Arlington Forest - 126.0 Cottontail
Annandale,Week4,Dowden Terrace,Week1,272.0 Dowden Terrace - 129.0 Annandale
Arlington Forest,Week3,Sideburn Run,Week3,227.0 Sideburn Run - 175.0 Arlington Forest
Arlington Forest,Week4,Sideburn Run,Week4,220.0 Arlington Forest - 182.0 Sideburn Run
Arlington Forest,Week5,Lakevale Estates,Week1,229.0 Lakevale Estates - 173.0 Arlington Forest
Arlington Forest,Week5,Cottontail,Week2,252.0 Arlington Forest - 150.0 Cottontail
Arlington Forest,Week4,Sideburn Run,Week1,213.0 Sideburn Run - 189.0 Arlington Forest
Arlington Forest,Week2,Sideburn Run,Week3,224.0 Sideburn Run - 178.0 Arlington Forest
Annandale,Week1,Dowden Terrace,Week3,278.0 Dowden Terrace - 124.0 Annandale
Arlington Forest,Week4,Lakevale Estates,Week4,281.0 Lakevale Estates - 121.0 Arlington Forest
Arlington Forest,Week2,Lakevale Estates,Week3,275.0 Lakevale Estates - 122.0 Arlington Forest
Arlington Forest,Week4,Sideburn Run,Week3,205.0 Arlington Forest - 197.0 Sideburn Run
Arlington Forest,Week5,Cottontail,Week1,247.0 Arlington Forest - 155.0 Cottontail
Annandale,Week3,Dunn Loring,Week1,304.0 Dunn Loring - 98.0 Annandale
Arlington Forest,Week4,Lakevale Estates,Week5,280.0 Lakevale Estates - 122.0 Arlington Forest
Annandale,Week5,Dowden Terrace,Week4,255.0 Dowden Terrace - 147.0 Annandale
Annandale,Week3,Dowden Terrace,Week2,267.0 Dowden Terrace - 135.0 Annandale
Arlington Forest,Week4,Cottontail,Week5,229.0 Arlington Forest - 173.0 Cottontail
Arlington Forest,Week3,Sleepy Hollow B & R,Week2,265.0 Sleepy Hollow B & R - 137.0 Arlington Forest
Annandale,Week3,Dowden Terrace,Week4,271.0 Dowden Terrace - 126.0 Annandale
Arlington Forest,Week5,Lakevale Estates,Week2,233.0 Lakevale Estates - 169.0 Arlington Forest
Arlington Forest,Week2,Sleepy Hollow B & R,Week2,245.0 Sleepy Hollow B & R - 157.0 Arlington Forest
Arlington Forest,Week4,Sideburn Run,Week5,207.0 Arlington Forest - 195.0 Sideburn Run
Arlington Forest,Week2,Lakevale Estates,Week5,293.0 Lakevale Estates - 109.0 Arlington Forest
Arlington Forest,Week1,Country Club Hills,Week5,217.5 Arlington Forest - 184.5 Country Club Hills
Arlington Forest,Week3,Lakeview,Week4,259.0 Arlington Forest - 143.0 Lakeview
Annandale,Week1,Dowden Terrace,Week4,292.0 Dowden Terrace - 110.0 Annandale
Arlington Forest,Week1,Sleepy Hollow B & R,Week3,244.0 Sleepy Hollow B & R - 158.0 Arlington Forest
Arlington Forest,Week2,Country Club Hills,Week2,224.0 Arlington Forest - 178.0 Country Club Hills
Annandale,Week3,Dunn Loring,Week4,333.0 Dunn Loring - 69.0 Annandale
Arlington Forest,Week1,Country Club Hills,Week4,244.0 Arlington Forest - 158.0 Country Club Hills
Annandale,Week2,Dowden Terrace,Week3,264.0 Dowden Terrace - 138.0 Annandale
Annandale,Week4,Dowden Terrace,Week3,272.0 Dowden Terrace - 130.0 Annandale
Arlington Forest,Week5,Sideburn Run,Week2,234.0 Arlington Forest - 168.0 Sideburn Run
Arlington Forest,Week2,Lakeview,Week5,278.0 Arlington Forest - 115.0 Lakeview
Annandale,Week3,Dunn Loring,Week3,334.0 Dunn Loring - 68.0 Annandale
Arlington Forest,Week5,Lakevale Estates,Week5,245.0 Lakevale Estates - 157.0 Arlington Forest
Arlington Forest,Week4,Cottontail,Week4,253.0 Arlington Forest - 149.0 Cottontail
Arlington Forest,Week2,Country Club Hills,Week1,221.0 Arlington Forest - 181.0 Country Club Hills
Arlington Forest,Week1,Country Club Hills,Week1,238.0 Arlington Forest - 164.0 Country Club Hills
Arlington Forest,Week5,Sideburn Run,Week1,232.0 Arlington Forest - 170.0 Sideburn Run
Arlington Forest,Week5,Lakevale Estates,Week3,236.0 Lakevale Estates - 161.0 Arlington Forest
Annandale,Week3,Dowden Terrace,Week3,262.0 Dowden Terrace - 140.0 Annandale
Arlington Forest,Week4,Lakeview,Week1,331.0 Arlington Forest - 71.0 Lakeview
Arlington Forest,Week1,Sleepy Hollow B & R,Week5,270.0 Sleepy Hollow B & R - 132.0 Arlington Forest
Annandale,Week4,Bren Mar-Edsall Park,Week3,304.0 Annandale - 98.0 Bren Mar-Edsall Park
Annandale,Week1,Dunn Loring,Week5,351.0 Dunn Loring - 51.0 Annandale
Arlington Forest,Week2,Country Club Hills,Week4,221.0 Arlington Forest - 181.0 Country Club Hills
Arlington Forest,Week2,Sleepy Hollow B & R,Week4,250.0 Sleepy Hollow B & R - 152.0 Arlington Forest
Arlington Forest,Week1,Sleepy Hollow Rec,Week3,265.0 Arlington Forest - 137.0 Sleepy Hollow Rec
Arlington Forest,Week1,Langley,Week2,254.5 Langley - 147.5 Arlington Forest
Annandale,Week4,Dowden Terrace,Week5,304.0 Dowden Terrace - 98.0 Annandale
Arlington Forest,Week5,Lakeview,Week5,297.0 Arlington Forest - 96.0 Lakeview
Arlington Forest,Week2,Sleepy Hollow B & R,Week5,277.0 Sleepy Hollow B & R - 125.0 Arlington Forest
Annandale,Week4,Bren Mar-Edsall Park,Week5,298.0 Annandale - 103.0 Bren Mar-Edsall Park
Arlington Forest,Week5,Country Club Hills,Week3,263.0 Arlington Forest - 139.0 Country Club Hills
Arlington Forest,Week4,Lakeview,Week5,303.0 Arlington Forest - 90.0 Lakeview
Arlington Forest,Week2,Country Club Hills,Week5,208.0 Country Club Hills - 194.0 Arlington Forest
Arlington Forest,Week1,Sleepy Hollow B & R,Week2,225.0 Sleepy Hollow B & R - 177.0 Arlington Forest
Arlington Forest,Week5,Cottontail,Week4,245.0 Arlington Forest - 157.0 Cottontail
Arlington Forest,Week2,Lakeview,Week3,280.0 Arlington Forest - 122.0 Lakeview
Annandale,Week4,Dowden Terrace,Week2,279.0 Dowden Terrace - 123.0 Annandale
Arlington Forest,Week3,Crosspointe,Week1,276.0 Crosspointe - 126.0 Arlington Forest
Arlington Forest,Week5,Lakeview,Week2,324.0 Arlington Forest - 78.0 Lakeview
Arlington Forest,Week3,Country Club Hills,Week1,211.0 Arlington Forest - 191.0 Country Club Hills
Annandale,Week4,Dowden Terrace,Week4,284.0 Dowden Terrace - 118.0 Annandale
Arlington Forest,Week1,Sleepy Hollow Rec,Week5,274.0 Arlington Forest - 128.0 Sleepy Hollow Rec
Arlington Forest,Week3,Lakeview,Week3,265.0 Arlington Forest - 137.0 Lakeview
Annandale,Week1,Dunn Loring,Week3,345.0 Dunn Loring - 57.0 Annandale
Arlington Forest,Week2,Langley,Week3,266.0 Langley - 136.0 Arlington Forest
Arlington Forest,Week3,Sleepy Hollow B & R,Week5,298.0 Sleepy Hollow B & R - 104.0 Arlington Forest
Annandale,Week5,Dowden Terrace,Week3,257.5 Dowden Terrace - 144.5 Annandale
Arlington Forest,Week5,Country Club Hills,Week5,240.0 Arlington Forest - 162.0 Country Club Hills
Annandale,Week1,Brookfield ,Week2,263.0 Brookfield - 139.0 Annandale
Arlington Forest,Week2,Country Club Hills,Week3,213.0 Arlington Forest - 189.0 Country Club Hills
Arlington Forest,Week2,Sleepy Hollow B & R,Week1,238.0 Sleepy Hollow B & R - 164.0 Arlington Forest
Arlington Forest,Week2,Crosspointe,Week2,271.0 Crosspointe - 131.0 Arlington Forest
Arlington Forest,Week1,Sleepy Hollow B & R,Week4,244.0 Sleepy Hollow B & R - 158.0 Arlington Forest
Annandale,Week2,Dunn Loring,Week1,297.0 Dunn Loring - 105.0 Annandale
Annandale,Week5,Bren Mar-Edsall Park,Week1,331.0 Annandale - 71.0 Bren Mar-Edsall Park
Arlington Forest,Week2,Langley,Week5,255.0 Langley - 147.0 Arlington Forest
Arlington Forest,Week3,Sleepy Hollow B & R,Week1,244.5 Sleepy Hollow B & R - 157.5 Arlington Forest
Arlington Forest,Week4,Crosspointe,Week1,243.0 Crosspointe - 159.0 Arlington Forest
Annandale,Week3,Dowden Terrace,Week5,298.0 Dowden Terrace - 104.0 Annandale
Arlington Forest,Week2,Sleepy Hollow B & R,Week3,244.5 Sleepy Hollow B & R - 157.5 Arlington Forest
Annandale,Week1,Brookfield ,Week5,276.0 Brookfield - 126.0 Annandale
Arlington Forest,Week1,Crosspointe,Week3,259.0 Crosspointe - 143.0 Arlington Forest
Annandale,Week4,Brookfield ,Week1,279.0 Brookfield - 123.0 Annandale
Annandale,Week2,Dowden Terrace,Week4,278.0 Dowden Terrace - 124.0 Annandale
Arlington Forest,Week2,Lakeview,Week2,310.0 Arlington Forest - 92.0 Lakeview
Annandale,Week3,Bren Mar-Edsall Park,Week2,333.0 Annandale - 63.0 Bren Mar-Edsall Park
Arlington Forest,Week4,Sleepy Hollow B & R,Week2,213.0 Sleepy Hollow B & R - 189.0 Arlington Forest
Annandale,Week2,Broyhill Crest,Week4,287.0 Annandale - 111.0 Broyhill Crest
Annandale,Week4,Brookfield ,Week5,263.0 Brookfield - 139.0 Annandale
Annandale,Week5,Dowden Terrace,Week2,275.0 Dowden Terrace - 127.0 Annandale
Arlington Forest,Week1,Langley,Week4,277.0 Langley - 125.0 Arlington Forest
Annandale,Week2,Dowden Terrace,Week5,296.0 Dowden Terrace - 106.0 Annandale
Arlington Forest,Week2,Langley,Week4,283.0 Langley - 119.0 Arlington Forest
Arlington Forest,Week4,Sleepy Hollow B & R,Week4,234.0 Sleepy Hollow B & R - 168.0 Arlington Forest
Arlington Forest,Week5,Sideburn Run,Week5,214.0 Arlington Forest - 188.0 Sideburn Run
Arlington Forest,Week1,Crosspointe,Week1,258.0 Crosspointe - 144.0 Arlington Forest
Arlington Forest,Week4,Country Club Hills,Week2,272.0 Arlington Forest - 130.0 Country Club Hills
Arlington Forest,Week1,Lakeview,Week5,293.0 Arlington Forest - 100.0 Lakeview
Annandale,Week1,Dunn Loring,Week2,340.0 Dunn Loring - 62.0 Annandale
Annandale,Week1,Brookfield ,Week1,282.0 Brookfield - 120.0 Annandale
Arlington Forest,Week1,Lakeview,Week2,327.0 Arlington Forest - 75.0 Lakeview
Annandale,Week5,Brookfield ,Week1,272.0 Brookfield - 130.0 Annandale
Arlington Forest,Week4,Country Club Hills,Week1,256.0 Arlington Forest - 146.0 Country Club Hills
Annandale,Week1,Brookfield ,Week4,285.0 Brookfield - 117.0 Annandale
Annandale,Week1,Dunn Loring,Week1,317.0 Dunn Loring - 85.0 Annandale
Arlington Forest,Week4,Sleepy Hollow B & R,Week3,220.0 Sleepy Hollow B & R - 182.0 Arlington Forest
Annandale,Week2,Bren Mar-Edsall Park,Week4,302.0 Annandale - 100.0 Bren Mar-Edsall Park
Arlington Forest,Week3,Crosspointe,Week2,273.0 Crosspointe - 129.0 Arlington Forest
Annandale,Week3,Broyhill Crest,Week3,317.0 Annandale - 79.0 Broyhill Crest
Arlington Forest,Week2,Lakeview,Week1,300.0 Arlington Forest - 102.0 Lakeview
Annandale,Week3,Bren Mar-Edsall Park,Week3,308.0 Annandale - 89.0 Bren Mar-Edsall Park
Arlington Forest,Week3,Lakeview,Week5,265.0 Arlington Forest - 128.0 Lakeview
Arlington Forest,Week5,Sideburn Run,Week3,227.0 Arlington Forest - 175.0 Sideburn Run
Annandale,Week2,Dunn Loring,Week3,340.0 Dunn Loring - 62.0 Annandale
Annandale,Week3,Bren Mar-Edsall Park,Week5,303.0 Annandale - 89.0 Bren Mar-Edsall Park
Annandale,Week4,Bren Mar-Edsall Park,Week4,296.0 Annandale - 104.0 Bren Mar-Edsall Park
Annandale,Week1,Broyhill Crest,Week5,235.0 Annandale - 166.0 Broyhill Crest
Arlington Forest,Week3,Lakeview,Week1,300.0 Arlington Forest - 102.0 Lakeview
Annandale,Week2,Brookfield ,Week4,280.0 Brookfield - 122.0 Annandale
Arlington Forest,Week2,Crosspointe,Week3,262.0 Crosspointe - 140.0 Arlington Forest
Arlington Forest,Week5,Sleepy Hollow B & R,Week1,239.0 Arlington Forest - 163.0 Sleepy Hollow B & R
Annandale,Week5,Brookfield ,Week4,282.0 Brookfield - 120.0 Annandale
Annandale,Week3,Broyhill Crest,Week5,283.0 Annandale - 119.0 Broyhill Crest
Arlington Forest,Week3,Sleepy Hollow B & R,Week3,259.0 Sleepy Hollow B & R - 143.0 Arlington Forest
Arlington Forest,Week5,Sleepy Hollow B & R,Week2,209.0 Arlington Forest - 193.0 Sleepy Hollow B & R
Annandale,Week2,Dunn Loring,Week2,337.5 Dunn Loring - 64.5 Annandale
Arlington Forest,Week1,Lakeview,Week3,296.0 Arlington Forest - 106.0 Lakeview
Annandale,Week1,Dunn Loring,Week4,350.0 Dunn Loring - 52.0 Annandale
Arlington Forest,Week3,Crosspointe,Week4,287.0 Crosspointe - 115.0 Arlington Forest
Arlington Forest,Week3,Lakeview,Week2,292.0 Arlington Forest - 110.0 Lakeview
Arlington Forest,Week5,Sideburn Run,Week4,234.0 Arlington Forest - 168.0 Sideburn Run
Annandale,Week2,Brookfield ,Week1,269.0 Brookfield - 133.0 Annandale
Arlington Forest,Week4,Country Club Hills,Week5,233.0 Arlington Forest - 169.0 Country Club Hills
Annandale,Week2,Dunn Loring,Week5,347.0 Dunn Loring - 55.0 Annandale
Annandale,Week2,Dunn Loring,Week4,338.0 Dunn Loring - 64.0 Annandale
Annandale,Week2,Bren Mar-Edsall Park,Week3,298.0 Annandale - 104.0 Bren Mar-Edsall Park
Arlington Forest,Week2,Crosspointe,Week5,313.0 Crosspointe - 89.0 Arlington Forest
Annandale,Week2,Brookfield ,Week2,257.0 Brookfield - 145.0 Annandale
Annandale,Week3,Bren Mar-Edsall Park,Week1,326.0 Annandale - 76.0 Bren Mar-Edsall Park
Annandale,Week5,Bren Mar-Edsall Park,Week3,324.0 Annandale - 77.0 Bren Mar-Edsall Park
Annandale,Week5,Brookfield ,Week2,266.0 Brookfield - 136.0 Annandale
Arlington Forest,Week2,Lakeview,Week4,260.0 Arlington Forest - 142.0 Lakeview
Annandale,Week3,Fair Oaks ,Week5,300.0 Fair Oaks - 102.0 Annandale
Arlington Forest,Week5,Lakeview,Week1,308.0 Arlington Forest - 94.0 Lakeview
Arlington Forest,Week1,Sleepy Hollow B & R,Week1,211.0 Sleepy Hollow B & R - 191.0 Arlington Forest
Arlington Forest,Week3,Crosspointe,Week5,300.0 Crosspointe - 102.0 Arlington Forest
Arlington Forest,Week3,Country Club Hills,Week2,219.0 Arlington Forest - 183.0 Country Club Hills
Arlington Forest,Week1,Crosspointe,Week4,253.0 Crosspointe - 149.0 Arlington Forest
Arlington Forest,Week2,Crosspointe,Week1,296.0 Crosspointe - 106.0 Arlington Forest
Arlington Forest,Week5,Sleepy Hollow B & R,Week5,239.0 Sleepy Hollow B & R - 163.0 Arlington Forest
Arlington Forest,Week4,Lakeview,Week2,335.0 Arlington Forest - 67.0 Lakeview
Annandale,Week4,Dunn Loring,Week3,363.0 Dunn Loring - 39.0 Annandale
Annandale,Week3,Brookfield ,Week2,252.0 Brookfield - 150.0 Annandale
Annandale,Week3,Brookfield ,Week5,257.0 Brookfield - 145.0 Annandale
Annandale,Week3,Dunn Loring,Week2,333.0 Dunn Loring - 69.0 Annandale
Arlington Forest,Week5,Lakeview,Week3,303.0 Arlington Forest - 99.0 Lakeview
Arlington Forest,Week5,Sleepy Hollow B & R,Week3,203.0 Sleepy Hollow B & R - 199.0 Arlington Forest
Annandale,Week5,Bren Mar-Edsall Park,Week2,336.0 Annandale - 66.0 Bren Mar-Edsall Park
Annandale,Week3,Broyhill Crest,Week1,303.0 Annandale - 96.0 Broyhill Crest
Arlington Forest,Week4,Lakeview,Week4,295.0 Arlington Forest - 107.0 Lakeview
Annandale,Week5,Bren Mar-Edsall Park,Week4,315.0 Annandale - 86.0 Bren Mar-Edsall Park
Arlington Forest,Week3,Sleepy Hollow B & R,Week4,268.0 Sleepy Hollow B & R - 134.0 Arlington Forest
Arlington Forest,Week1,Crosspointe,Week5,287.0 Crosspointe - 115.0 Arlington Forest
Arlington Forest,Week1,Lakeview,Week4,288.0 Arlington Forest - 114.0 Lakeview
Annandale,Week4,Dunn Loring,Week2,361.0 Dunn Loring - 41.0 Annandale
Annandale,Week3,Brookfield ,Week1,262.0 Brookfield - 140.0 Annandale
Arlington Forest,Week1,Crosspointe,Week2,251.0 Crosspointe - 151.0 Arlington Forest
Annandale,Week4,Brookfield ,Week2,277.0 Brookfield - 125.0 Annandale
Arlington Forest,Week5,Sleepy Hollow B & R,Week4,203.0 Arlington Forest - 199.0 Sleepy Hollow B & R
Annandale,Week3,Fair Oaks ,Week3,285.0 Fair Oaks - 117.0 Annandale
Annandale,Week2,Bren Mar-Edsall Park,Week5,310.0 Annandale - 91.0 Bren Mar-Edsall Park
Arlington Forest,Week1,Sleepy Hollow Rec,Week4,303.0 Arlington Forest - 99.0 Sleepy Hollow Rec
Arlington Forest,Week4,Country Club Hills,Week3,254.0 Arlington Forest - 148.0 Country Club Hills
Annandale,Week5,Brookfield ,Week3,263.0 Brookfield - 139.0 Annandale
Annandale,Week5,Brookfield ,Week5,268.0 Brookfield - 134.0 Annandale
Annandale,Week1,Fair Oaks ,Week3,314.0 Fair Oaks - 88.0 Annandale
Arlington Forest,Week1,Langley,Week5,259.0 Langley - 143.0 Arlington Forest
Annandale,Week1,Brookfield ,Week3,263.0 Brookfield - 139.0 Annandale
Annandale,Week4,Bren Mar-Edsall Park,Week2,318.0 Annandale - 82.0 Bren Mar-Edsall Park
Annandale,Week2,Fair Oaks ,Week4,292.0 Fair Oaks - 110.0 Annandale
Arlington Forest,Week1,Langley,Week1,263.0 Langley - 139.0 Arlington Forest
Arlington Forest,Week3,Country Club Hills,Week4,207.0 Arlington Forest - 195.0 Country Club Hills
Arlington Forest,Week5,Country Club Hills,Week1,260.0 Arlington Forest - 142.0 Country Club Hills
Annandale,Week3,Bren Mar-Edsall Park,Week4,313.0 Annandale - 83.0 Bren Mar-Edsall Park
Annandale,Week3,Fair Oaks ,Week1,285.0 Fair Oaks - 117.0 Annandale
Annandale,Week4,Bren Mar-Edsall Park,Week1,315.0 Annandale - 86.0 Bren Mar-Edsall Park
Annandale,Week3,Brookfield ,Week4,269.0 Brookfield - 133.0 Annandale
Arlington Forest,Week4,Lakeview,Week3,315.0 Arlington Forest - 87.0 Lakeview
Arlington Forest,Week4,Country Club Hills,Week4,264.0 Arlington Forest - 138.0 Country Club Hills
Annandale,Week1,Broyhill Crest,Week2,278.0 Annandale - 121.0 Broyhill Crest
Arlington Forest,Week4,Sleepy Hollow B & R,Week5,257.0 Sleepy Hollow B & R - 145.0 Arlington Forest
Arlington Forest,Week1,Langley,Week3,267.0 Langley - 135.0 Arlington Forest
Arlington Forest,Week3,Sleepy Hollow Rec,Week2,257.5 Arlington Forest - 144.5 Sleepy Hollow Rec
Annandale,Week5,Bren Mar-Edsall Park,Week5,318.0 Annandale - 84.0 Bren Mar-Edsall Park
Arlington Forest,Week3,Country Club Hills,Week5,215.0 Country Club Hills - 187.0 Arlington Forest
Arlington Forest,Week2,Langley,Week1,287.0 Langley - 115.0 Arlington Forest
Arlington Forest,Week1,Sleepy Hollow Rec,Week2,282.0 Arlington Forest - 120.0 Sleepy Hollow Rec
Annandale,Week5,Dunn Loring,Week4,332.5 Dunn Loring - 69.5 Annandale
Arlington Forest,Week1,Sleepy Hollow Rec,Week1,281.0 Arlington Forest - 121.0 Sleepy Hollow Rec
Arlington Forest,Week4,Sleepy Hollow B & R,Week1,215.0 Arlington Forest - 187.0 Sleepy Hollow B & R
Annandale,Week4,Dunn Loring,Week4,361.0 Dunn Loring - 41.0 Annandale
Annandale,Week5,Dunn Loring,Week1,302.0 Dunn Loring - 100.0 Annandale
Annandale,Week2,Brookfield ,Week3,255.5 Brookfield - 146.5 Annandale
Arlington Forest,Week3,Country Club Hills,Week3,210.0 Arlington Forest - 192.0 Country Club Hills
Annandale,Week4,Brookfield ,Week4,286.0 Brookfield - 116.0 Annandale
Annandale,Week4,Fair Oaks ,Week2,283.0 Fair Oaks - 119.0 Annandale
Arlington Forest,Week1,Somerset-Olde Creek,Week2,346.0 Arlington Forest - 56.0 Somerset-Olde Creek
Arlington Forest,Week5,Country Club Hills,Week2,274.0 Arlington Forest - 128.0 Country Club Hills
Annandale,Week3,Brookfield ,Week3,251.0 Brookfield - 151.0 Annandale
Arlington Forest,Week5,Lakeview,Week4,293.0 Arlington Forest - 109.0 Lakeview
Arlington Forest,Week2,Langley,Week2,266.0 Langley - 136.0 Arlington Forest
Arlington Forest,Week3,Crosspointe,Week3,271.0 Crosspointe - 131.0 Arlington Forest
Annandale,Week5,Dunn Loring,Week2,329.5 Dunn Loring - 72.5 Annandale
Arlington Forest,Week4,Langley,Week4,240.0 Langley - 162.0 Arlington Forest
Annandale,Week2,Broyhill Crest,Week1,294.0 Annandale - 103.0 Broyhill Crest
Arlington Forest,Week3,Langley,Week3,290.0 Langley - 112.0 Arlington Forest
Annandale,Week4,Dunn Loring,Week5,359.0 Dunn Loring - 43.0 Annandale
Arlington Forest,Week5,Country Club Hills,Week4,259.0 Arlington Forest - 143.0 Country Club Hills
Annandale,Week1,Broyhill Crest,Week4,257.0 Annandale - 143.0 Broyhill Crest
Arlington Forest,Week2,Sleepy Hollow Rec,Week1,265.0 Arlington Forest - 137.0 Sleepy Hollow Rec
Arlington Forest,Week4,Sleepy Hollow Rec,Week3,266.0 Arlington Forest - 136.0 Sleepy Hollow Rec
Annandale,Week4,Dunn Loring,Week1,329.0 Dunn Loring - 73.0 Annandale
Arlington Forest,Week3,Laurel Hill,Week2,287.0 Arlington Forest - 115.0 Laurel Hill
Arlington Forest,Week2,Crosspointe,Week4,275.0 Crosspointe - 127.0 Arlington Forest
Arlington Forest,Week1,Daventry,Week3,318.0 Arlington Forest - 84.0 Daventry
Annandale,Week2,Fair Oaks ,Week1,304.0 Fair Oaks - 98.0 Annandale
Annandale,Week2,Broyhill Crest,Week3,306.0 Annandale - 92.0 Broyhill Crest
Arlington Forest,Week5,Sleepy Hollow Rec,Week2,296.0 Arlington Forest - 106.0 Sleepy Hollow Rec
Arlington Forest,Week3,Langley,Week5,266.0 Langley - 136.0 Arlington Forest
Arlington Forest,Week3,Sleepy Hollow Rec,Week3,225.0 Arlington Forest - 177.0 Sleepy Hollow Rec
Annandale,Week1,Fair Oaks ,Week2,282.0 Fair Oaks - 120.0 Annandale
Arlington Forest,Week4,Crosspointe,Week4,250.0 Crosspointe - 152.0 Arlington Forest
Annandale,Week4,Brookfield ,Week3,267.0 Brookfield - 135.0 Annandale
Arlington Forest,Week2,Laurel Hill,Week1,276.0 Arlington Forest - 125.0 Laurel Hill
Annandale,Week2,Broyhill Crest,Week2,305.0 Annandale - 92.0 Broyhill Crest
Arlington Forest,Week1,Somerset-Olde Creek,Week4,345.0 Arlington Forest - 57.0 Somerset-Olde Creek
Annandale,Week2,Brookfield ,Week5,269.0 Brookfield - 133.0 Annandale
Annandale,Week2,Broyhill Crest,Week5,271.0 Annandale - 130.0 Broyhill Crest
Arlington Forest,Week1,Laurel Hill,Week1,282.0 Arlington Forest - 120.0 Laurel Hill
Arlington Forest,Week3,Sleepy Hollow Rec,Week5,255.0 Arlington Forest - 147.0 Sleepy Hollow Rec
Arlington Forest,Week1,Laurel Hill,Week2,313.0 Arlington Forest - 89.0 Laurel Hill
Arlington Forest,Week5,Sleepy Hollow Rec,Week4,306.0 Arlington Forest - 96.0 Sleepy Hollow Rec
Arlington Forest,Week4,Sleepy Hollow Rec,Week4,310.0 Arlington Forest - 92.0 Sleepy Hollow Rec
Annandale,Week1,Fair Oaks ,Week1,310.0 Fair Oaks - 92.0 Annandale
Arlington Forest,Week2,Daventry,Week1,303.0 Arlington Forest - 99.0 Daventry
Arlington Forest,Week5,Sleepy Hollow Rec,Week3,287.0 Arlington Forest - 115.0 Sleepy Hollow Rec
Arlington Forest,Week1,Daventry,Week4,330.0 Arlington Forest - 72.0 Daventry
Annandale,Week1,Broyhill Crest,Week1,258.0 Annandale - 138.0 Broyhill Crest
Annandale,Week3,Wakefield Chapel,Week2,338.0 Wakefield Chapel - 64.0 Annandale
Arlington Forest,Week4,Crosspointe,Week2,236.0 Crosspointe - 166.0 Arlington Forest
Arlington Forest,Week4,Sleepy Hollow Rec,Week5,287.0 Arlington Forest - 115.0 Sleepy Hollow Rec
Annandale,Week4,Broyhill Crest,Week2,316.0 Annandale - 79.0 Broyhill Crest
Annandale,Week3,Broyhill Crest,Week2,314.0 Annandale - 86.0 Broyhill Crest
Annandale,Week1,Wakefield Chapel,Week5,349.0 Wakefield Chapel - 53.0 Annandale
Annandale,Week2,Fair Oaks ,Week2,275.0 Fair Oaks - 127.0 Annandale
Annandale,Week1,Broyhill Crest,Week3,276.0 Annandale - 125.0 Broyhill Crest
Arlington Forest,Week2,Daventry,Week2,297.5 Arlington Forest - 104.5 Daventry
Arlington Forest,Week2,Daventry,Week4,312.0 Arlington Forest - 90.0 Daventry
Arlington Forest,Week2,Daventry,Week3,298.0 Arlington Forest - 104.0 Daventry
Annandale,Week4,Virginia Run,Week2,295.0 Virginia Run - 107.0 Annandale
Arlington Forest,Week1,Laurel Hill,Week3,275.0 Arlington Forest - 127.0 Laurel Hill
Annandale,Week2,Fair Oaks ,Week3,291.0 Fair Oaks - 111.0 Annandale
Arlington Forest,Week1,Laurel Hill,Week4,292.0 Arlington Forest - 110.0 Laurel Hill
Annandale,Week1,Fair Oaks ,Week5,324.0 Fair Oaks - 78.0 Annandale
Arlington Forest,Week5,Langley,Week4,227.0 Langley - 175.0 Arlington Forest
Annandale,Week3,Broyhill Crest,Week4,296.0 Annandale - 105.0 Broyhill Crest
Arlington Forest,Week4,Langley,Week5,232.0 Langley - 170.0 Arlington Forest
Annandale,Week2,Fair Oaks ,Week5,308.0 Fair Oaks - 94.0 Annandale
Annandale,Week5,Virginia Run,Week5,318.0 Virginia Run - 84.0 Annandale
Arlington Forest,Week4,Sleepy Hollow Rec,Week2,296.0 Arlington Forest - 106.0 Sleepy Hollow Rec
Annandale,Week3,Dunn Loring,Week5,337.5 Dunn Loring - 64.5 Annandale
Annandale,Week5,Dunn Loring,Week3,343.0 Dunn Loring - 59.0 Annandale
Annandale,Week4,Fair Oaks ,Week1,313.5 Fair Oaks - 88.5 Annandale
Arlington Forest,Week1,Laurel Hill,Week5,252.0 Arlington Forest - 145.0 Laurel Hill
Arlington Forest,Week3,Sleepy Hollow Rec,Week4,279.0 Arlington Forest - 123.0 Sleepy Hollow Rec
Annandale,Week3,Wakefield Chapel,Week5,347.0 Wakefield Chapel - 55.0 Annandale
Arlington Forest,Week4,Crosspointe,Week5,278.0 Crosspointe - 124.0 Arlington Forest
Arlington Forest,Week5,Sleepy Hollow Rec,Week1,290.0 Arlington Forest - 112.0 Sleepy Hollow Rec
Annandale,Week1,Hunt Valley,Week4,325.0 Hunt Valley - 77.0 Annandale
Annandale,Week4,Virginia Run,Week1,325.0 Virginia Run - 77.0 Annandale
Annandale,Week5,McLean,Week1,322.0 McLean - 80.0 Annandale
Arlington Forest,Week4,Langley,Week1,242.5 Langley - 159.5 Arlington Forest
Arlington Forest,Week2,Somerset-Olde Creek,Week1,319.0 Arlington Forest - 78.0 Somerset-Olde Creek
Annandale,Week3,McLean,Week3,334.0 McLean - 63.0 Annandale
Annandale,Week5,Broyhill Crest,Week5,287.0 Annandale - 114.0 Broyhill Crest
Arlington Forest,Week1,Somerset-Olde Creek,Week1,328.0 Arlington Forest - 74.0 Somerset-Olde Creek
Annandale,Week5,Dunn Loring,Week5,336.0 Dunn Loring - 66.0 Annandale
Annandale,Week3,McLean,Week4,326.0 McLean - 76.0 Annandale
Arlington Forest,Week2,Sleepy Hollow Rec,Week3,250.0 Arlington Forest - 152.0 Sleepy Hollow Rec
Annandale,Week4,Broyhill Crest,Week3,313.0 Annandale - 85.0 Broyhill Crest
Annandale,Week2,Hunt Valley,Week4,329.0 Hunt Valley - 73.0 Annandale
Annandale,Week4,Holmes Run Acres,Week2,271.0 Holmes Run Acres - 131.0 Annandale
Annandale,Week1,Fair Oaks ,Week4,307.0 Fair Oaks - 95.0 Annandale
Annandale,Week3,Fair Oaks ,Week2,259.0 Fair Oaks - 143.0 Annandale
Arlington Forest,Week5,Crosspointe,Week2,211.0 Crosspointe - 191.0 Arlington Forest
Annandale,Week2,Wakefield Chapel,Week2,342.0 Wakefield Chapel - 60.0 Annandale
Annandale,Week4,Broyhill Crest,Week4,283.0 Annandale - 115.0 Broyhill Crest
Arlington Forest,Week5,Langley,Week2,212.0 Langley - 190.0 Arlington Forest
Annandale,Week5,Broyhill Crest,Week2,321.0 Annandale - 75.0 Broyhill Crest
Annandale,Week2,Wakefield Chapel,Week1,340.0 Wakefield Chapel - 62.0 Annandale
Annandale,Week5,Virginia Run,Week3,286.0 Virginia Run - 116.0 Annandale
Arlington Forest,Week4,Langley,Week2,242.0 Langley - 160.0 Arlington Forest
Arlington Forest,Week5,Crosspointe,Week5,258.0 Crosspointe - 144.0 Arlington Forest
Annandale,Week1,Hunt Valley,Week5,353.0 Hunt Valley - 49.0 Annandale
Arlington Forest,Week4,Langley,Week3,239.0 Langley - 163.0 Arlington Forest
Annandale,Week3,Fair Oaks ,Week4,282.0 Fair Oaks - 120.0 Annandale
Arlington Forest,Week3,Daventry,Week1,284.0 Arlington Forest - 118.0 Daventry
Annandale,Week1,Burke Station,Week1,195.0 Burke Station - 183.0 Annandale
Annandale,Week4,McLean,Week2,347.0 McLean - 55.0 Annandale
Annandale,Week4,Virginia Run,Week4,329.0 Virginia Run - 73.0 Annandale
Arlington Forest,Week3,Daventry,Week4,301.0 Arlington Forest - 100.0 Daventry
Annandale,Week2,Wakefield Chapel,Week5,351.0 Wakefield Chapel - 51.0 Annandale
Annandale,Week4,Holmes Run Acres,Week3,306.0 Holmes Run Acres - 96.0 Annandale
Arlington Forest,Week2,Laurel Hill,Week5,243.0 Arlington Forest - 159.0 Laurel Hill
Annandale,Week1,Walden Glen,Week1,212.0 Walden Glen - 190.0 Annandale
Arlington Forest,Week2,Sleepy Hollow Rec,Week5,248.0 Arlington Forest - 154.0 Sleepy Hollow Rec
Annandale,Week1,Hunt Valley,Week3,339.0 Hunt Valley - 63.0 Annandale
Arlington Forest,Week3,Sleepy Hollow Rec,Week1,263.0 Arlington Forest - 139.0 Sleepy Hollow Rec
Arlington Forest,Week2,Laurel Hill,Week2,289.0 Arlington Forest - 113.0 Laurel Hill
Annandale,Week1,Burke Station,Week3,202.0 Annandale - 195.0 Burke Station
Arlington Forest,Week3,Langley,Week4,298.0 Langley - 104.0 Arlington Forest
Annandale,Week2,McLean,Week2,341.0 McLean - 61.0 Annandale
Annandale,Week1,Burke Station,Week5,208.0 Burke Station - 194.0 Annandale
Arlington Forest,Week5,Crosspointe,Week3,225.0 Crosspointe - 177.0 Arlington Forest
Annandale,Week2,Fairfax,Week2,330.0 Fairfax - 72.0 Annandale
Arlington Forest,Week5,Crosspointe,Week4,229.0 Crosspointe - 173.0 Arlington Forest
Arlington Forest,Week2,Somerset-Olde Creek,Week2,329.0 Arlington Forest - 68.0 Somerset-Olde Creek
Arlington Forest,Week4,Sleepy Hollow Rec,Week1,281.0 Arlington Forest - 121.0 Sleepy Hollow Rec
Arlington Forest,Week2,Laurel Hill,Week4,269.5 Arlington Forest - 132.5 Laurel Hill
Arlington Forest,Week4,Crosspointe,Week3,237.0 Crosspointe - 165.0 Arlington Forest
Annandale,Week5,Wakefield Chapel,Week4,343.0 Wakefield Chapel - 59.0 Annandale
Annandale,Week4,Fair Oaks ,Week5,318.0 Fair Oaks - 84.0 Annandale
Annandale,Week1,Fairfax,Week2,337.0 Fairfax - 65.0 Annandale
Annandale,Week4,Holmes Run Acres,Week4,284.0 Holmes Run Acres - 118.0 Annandale
Annandale,Week4,Mantua,Week5,332.0 Mantua - 70.0 Annandale
Annandale,Week1,Burke Station,Week2,214.0 Annandale - 186.0 Burke Station
Annandale,Week1,Mosby Woods,Week1,331.0 Mosby Woods - 71.0 Annandale
Arlington Forest,Week2,Sleepy Hollow Rec,Week4,280.0 Arlington Forest - 122.0 Sleepy Hollow Rec
Arlington Forest,Week2,Daventry,Week5,271.0 Arlington Forest - 126.0 Daventry
Arlington Forest,Week1,Daventry,Week5,294.0 Arlington Forest - 108.0 Daventry
Annandale,Week5,Broyhill Crest,Week1,300.0 Annandale - 96.0 Broyhill Crest
Arlington Forest,Week5,Langley,Week3,222.0 Langley - 180.0 Arlington Forest
Arlington Forest,Week5,Langley,Week1,232.0 Langley - 170.0 Arlington Forest
Annandale,Week4,Wakefield Chapel,Week1,356.0 Wakefield Chapel - 46.0 Annandale
Annandale,Week3,Virginia Run,Week4,309.0 Virginia Run - 93.0 Annandale
Annandale,Week1,Mosby Woods,Week3,335.0 Mosby Woods - 67.0 Annandale
Arlington Forest,Week2,Somerset-Olde Creek,Week4,329.0 Arlington Forest - 73.0 Somerset-Olde Creek
Arlington Forest,Week1,Daventry,Week1,313.0 Arlington Forest - 84.0 Daventry
Annandale,Week1,McLean,Week2,338.0 McLean - 64.0 Annandale
Annandale,Week4,McLean,Week4,344.0 McLean - 58.0 Annandale
Annandale,Week4,Holmes Run Acres,Week1,280.0 Holmes Run Acres - 122.0 Annandale
Annandale,Week2,Fairfax,Week1,312.0 Fairfax - 90.0 Annandale
Annandale,Week1,Hunt Valley,Week2,331.0 Hunt Valley - 71.0 Annandale
Arlington Forest,Week2,Somerset-Olde Creek,Week3,325.0 Arlington Forest - 72.0 Somerset-Olde Creek
Annandale,Week2,Burke Station,Week3,207.0 Annandale - 190.0 Burke Station
Arlington Forest,Week2,Sleepy Hollow Rec,Week2,264.0 Arlington Forest - 138.0 Sleepy Hollow Rec
Annandale,Week4,Fairfax,Week5,348.0 Fairfax - 54.0 Annandale
Annandale,Week3,Hunt Valley,Week1,324.0 Hunt Valley - 78.0 Annandale
Annandale,Week2,Burke Station,Week2,241.0 Annandale - 159.0 Burke Station
Annandale,Week2,Burke Station,Week4,230.0 Annandale - 171.0 Burke Station
Annandale,Week5,Fairfax,Week2,317.0 Fairfax - 85.0 Annandale
Arlington Forest,Week3,Langley,Week1,286.5 Langley - 115.5 Arlington Forest
Annandale,Week3,Virginia Run,Week5,322.5 Virginia Run - 79.5 Annandale
Annandale,Week5,Holmes Run Acres,Week4,261.0 Holmes Run Acres - 141.0 Annandale
Arlington Forest,Week3,Daventry,Week2,288.0 Arlington Forest - 110.0 Daventry
Arlington Forest,Week5,Langley,Week5,225.0 Langley - 177.0 Arlington Forest
Annandale,Week5,Fairfax,Week4,314.0 Fairfax - 88.0 Annandale
Arlington Forest,Week5,Crosspointe,Week1,229.0 Crosspointe - 173.0 Arlington Forest
Annandale,Week5,Virginia Run,Week2,285.0 Virginia Run - 117.0 Annandale
Annandale,Week4,Broyhill Crest,Week5,265.0 Annandale - 136.0 Broyhill Crest
Annandale,Week4,McLean,Week1,337.0 McLean - 65.0 Annandale
Annandale,Week5,Mantua,Week1,292.0 Mantua - 110.0 Annandale
Annandale,Week5,Mantua,Week3,322.0 Mantua - 80.0 Annandale
Annandale,Week2,Fairfax,Week5,337.0 Fairfax - 65.0 Annandale
Annandale,Week2,Hunt Valley,Week3,338.0 Hunt Valley - 64.0 Annandale
Arlington Forest,Week5,Sleepy Hollow Rec,Week5,288.0 Arlington Forest - 114.0 Sleepy Hollow Rec
Arlington Forest,Week3,Daventry,Week3,289.0 Arlington Forest - 112.0 Daventry
Annandale,Week4,Hunt Valley,Week5,355.0 Hunt Valley - 47.0 Annandale
Annandale,Week1,McLean,Week3,337.0 McLean - 65.0 Annandale
Annandale,Week5,Holmes Run Acres,Week3,278.0 Holmes Run Acres - 124.0 Annandale
Arlington Forest,Week1,Daventry,Week2,321.0 Arlington Forest - 81.0 Daventry
Annandale,Week2,Hunter Mill,Week1,306.0 Hunter Mill - 96.0 Annandale
Arlington Forest,Week2,South Run,Week2,227.0 Arlington Forest - 175.0 South Run
Annandale,Week5,Virginia Run,Week4,300.0 Virginia Run - 102.0 Annandale
Annandale,Week5,Broyhill Crest,Week3,310.0 Annandale - 91.0 Broyhill Crest
Arlington Forest,Week1,Somerset-Olde Creek,Week3,330.0 Arlington Forest - 72.0 Somerset-Olde Creek
Annandale,Week1,McLean,Week1,331.0 McLean - 66.0 Annandale
Arlington Forest,Week1,Somerset-Olde Creek,Week5,314.0 Arlington Forest - 88.0 Somerset-Olde Creek
Arlington Forest,Week3,Laurel Hill,Week1,275.0 Arlington Forest - 127.0 Laurel Hill
Annandale,Week1,Fairfax,Week1,319.0 Fairfax - 83.0 Annandale
Annandale,Week1,Burke Station,Week4,203.0 Burke Station - 198.0 Annandale
Arlington Forest,Week4,Laurel Hill,Week1,290.0 Arlington Forest - 112.0 Laurel Hill
Annandale,Week2,Burke Station,Week5,202.0 Annandale - 200.0 Burke Station
Annandale,Week2,Hunt Valley,Week5,345.0 Hunt Valley - 57.0 Annandale
Annandale,Week4,Fair Oaks ,Week4,299.0 Fair Oaks - 103.0 Annandale
Annandale,Week5,Holmes Run Acres,Week5,289.0 Holmes Run Acres - 113.0 Annandale
Annandale,Week4,Virginia Run,Week3,302.0 Virginia Run - 100.0 Annandale
Arlington Forest,Week3,Laurel Hill,Week5,237.0 Arlington Forest - 165.0 Laurel Hill
Annandale,Week4,Fair Oaks ,Week3,300.0 Fair Oaks - 102.0 Annandale
Annandale,Week5,Broyhill Crest,Week4,294.0 Annandale - 106.0 Broyhill Crest
Annandale,Week1,Wakefield Chapel,Week2,346.0 Wakefield Chapel - 56.0 Annandale
Annandale,Week5,Mantua,Week5,315.0 Mantua - 87.0 Annandale
Arlington Forest,Week3,Langley,Week2,280.0 Langley - 122.0 Arlington Forest
Annandale,Week1,Fairfax Club Estates,Week1,247.0 Fairfax Club Estates - 150.0 Annandale
Annandale,Week3,Burke Station,Week1,195.0 Burke Station - 184.0 Annandale
Arlington Forest,Week5,Somerset-Olde Creek,Week5,317.0 Arlington Forest - 85.0 Somerset-Olde Creek
Arlington Forest,Week2,Laurel Hill,Week3,259.0 Arlington Forest - 143.0 Laurel Hill
Annandale,Week2,McLean,Week1,325.0 McLean - 77.0 Annandale
Annandale,Week5,Fair Oaks ,Week3,299.0 Fair Oaks - 103.0 Annandale
Annandale,Week1,Wakefield Chapel,Week1,343.0 Wakefield Chapel - 59.0 Annandale
Annandale,Week4,Wakefield Chapel,Week3,365.0 Wakefield Chapel - 37.0 Annandale
Annandale,Week4,Hunt Valley,Week2,329.0 Hunt Valley - 73.0 Annandale
Annandale,Week4,Virginia Run,Week5,331.0 Virginia Run - 71.0 Annandale
Arlington Forest,Week2,Lee Graham,Week3,296.5 Lee Graham - 105.5 Arlington Forest
Annandale,Week1,Wakefield Chapel,Week4,334.0 Wakefield Chapel - 68.0 Annandale
Annandale,Week2,McLean,Week4,332.0 McLean - 70.0 Annandale
Arlington Forest,Week3,Somerset-Olde Creek,Week5,304.0 Arlington Forest - 97.0 Somerset-Olde Creek
Arlington Forest,Week4,South Run,Week1,211.0 Arlington Forest - 182.0 South Run
Annandale,Week5,Holmes Run Acres,Week1,262.0 Holmes Run Acres - 140.0 Annandale
Arlington Forest,Week2,Lee Graham,Week5,300.0 Lee Graham - 102.0 Arlington Forest
Annandale,Week4,Broyhill Crest,Week1,288.0 Annandale - 107.0 Broyhill Crest
Annandale,Week1,Fairfax,Week3,334.0 Fairfax - 68.0 Annandale
Arlington Forest,Week3,Somerset-Olde Creek,Week4,321.0 Arlington Forest - 80.0 Somerset-Olde Creek
Annandale,Week1,Wakefield Chapel,Week3,342.0 Wakefield Chapel - 60.0 Annandale
Annandale,Week3,McLean,Week1,324.0 McLean - 73.0 Annandale
Annandale,Week3,McLean,Week5,334.0 McLean - 68.0 Annandale
Annandale,Week2,Burke Station,Week1,191.0 Annandale - 187.0 Burke Station
Annandale,Week3,Hunt Valley,Week5,346.5 Hunt Valley - 55.5 Annandale
Arlington Forest,Week1,Lee Graham,Week4,286.0 Lee Graham - 116.0 Arlington Forest
Annandale,Week5,Fair Oaks ,Week4,301.0 Fair Oaks - 101.0 Annandale
Annandale,Week5,Mantua,Week2,285.0 Mantua - 117.0 Annandale
Arlington Forest,Week3,South Run,Week3,210.0 South Run - 191.0 Arlington Forest
Annandale,Week2,Wakefield Chapel,Week3,346.0 Wakefield Chapel - 56.0 Annandale
Arlington Forest,Week3,Lee Graham,Week1,295.0 Lee Graham - 107.0 Arlington Forest
Annandale,Week5,Fair Oaks ,Week1,294.0 Fair Oaks - 108.0 Annandale
Annandale,Week2,Hunt Valley,Week1,315.0 Hunt Valley - 87.0 Annandale
Annandale,Week5,Fair Oaks ,Week2,278.0 Fair Oaks - 124.0 Annandale
Arlington Forest,Week2,South Run,Week4,222.0 Arlington Forest - 180.0 South Run
Arlington Forest,Week4,Dominion Hills,Week3,216.0 Arlington Forest - 186.0 Dominion Hills
Annandale,Week3,Wakefield Chapel,Week1,345.0 Wakefield Chapel - 57.0 Annandale
Arlington Forest,Week3,Dominion Hills,Week4,247.0 Dominion Hills - 155.0 Arlington Forest
Arlington Forest,Week3,Lee Graham,Week2,316.0 Lee Graham - 86.0 Arlington Forest
Arlington Forest,Week4,Somerset-Olde Creek,Week2,344.0 Arlington Forest - 58.0 Somerset-Olde Creek
Annandale,Week2,Fairfax,Week3,329.0 Fairfax - 73.0 Annandale
Annandale,Week3,McLean,Week2,331.5 McLean - 70.5 Annandale
Arlington Forest,Week3,Lee Graham,Week3,312.0 Lee Graham - 90.0 Arlington Forest
Arlington Forest,Week5,Somerset-Olde Creek,Week3,330.0 Arlington Forest - 67.0 Somerset-Olde Creek
Arlington Forest,Week1,Dominion Hills,Week1,219.5 Arlington Forest - 177.5 Dominion Hills
Annandale,Week1,McLean,Week4,330.0 McLean - 72.0 Annandale
Annandale,Week5,Virginia Run,Week1,294.0 Virginia Run - 108.0 Annandale
Annandale,Week2,Fairfax,Week4,321.0 Fairfax - 81.0 Annandale
Arlington Forest,Week4,Dominion Hills,Week1,247.0 Arlington Forest - 155.0 Dominion Hills
Arlington Forest,Week2,Lee Graham,Week1,285.0 Lee Graham - 117.0 Arlington Forest
Arlington Forest,Week3,South Run,Week2,203.0 Arlington Forest - 198.0 South Run
Arlington Forest,Week1,Lee Graham,Week3,294.0 Lee Graham - 108.0 Arlington Forest
Annandale,Week3,Hunt Valley,Week3,330.0 Hunt Valley - 72.0 Annandale
Annandale,Week1,Hunt Valley,Week1,325.0 Hunt Valley - 77.0 Annandale
Annandale,Week2,Wakefield Chapel,Week4,331.0 Wakefield Chapel - 71.0 Annandale
Annandale,Week1,Fairfax,Week5,343.0 Fairfax - 59.0 Annandale
Annandale,Week3,Holmes Run Acres,Week5,297.0 Holmes Run Acres - 105.0 Annandale
Annandale,Week5,Fair Oaks ,Week5,308.5 Fair Oaks - 93.5 Annandale
Annandale,Week1,McLean,Week5,339.0 McLean - 63.0 Annandale
Arlington Forest,Week2,Lee Graham,Week2,300.0 Lee Graham - 102.0 Arlington Forest
Annandale,Week3,Wakefield Chapel,Week4,333.0 Wakefield Chapel - 69.0 Annandale
Annandale,Week5,Mantua,Week4,310.0 Mantua - 92.0 Annandale
Annandale,Week2,McLean,Week3,331.0 McLean - 70.0 Annandale
Annandale,Week3,Wakefield Chapel,Week3,337.0 Wakefield Chapel - 65.0 Annandale
Annandale,Week5,Holmes Run Acres,Week2,252.0 Holmes Run Acres - 150.0 Annandale
Arlington Forest,Week1,Dominion Hills,Week2,202.0 Dominion Hills - 200.0 Arlington Forest
Annandale,Week2,Hunt Valley,Week2,326.0 Hunt Valley - 76.0 Annandale
Arlington Forest,Week5,Somerset-Olde Creek,Week4,324.0 Arlington Forest - 78.0 Somerset-Olde Creek
Annandale,Week5,McLean,Week3,338.0 McLean - 64.0 Annandale
Arlington Forest,Week3,Somerset-Olde Creek,Week2,325.0 Arlington Forest - 76.0 Somerset-Olde Creek
Arlington Forest,Week4,Laurel Hill,Week2,315.0 Arlington Forest - 87.0 Laurel Hill
Annandale,Week4,Fairfax,Week2,337.0 Fairfax - 65.0 Annandale
Arlington Forest,Week5,Somerset-Olde Creek,Week1,322.0 Arlington Forest - 75.0 Somerset-Olde Creek
Arlington Forest,Week5,Laurel Hill,Week3,284.0 Arlington Forest - 118.0 Laurel Hill
Annandale,Week4,Holmes Run Acres,Week5,310.0 Holmes Run Acres - 92.0 Annandale
Arlington Forest,Week4,Daventry,Week2,323.0 Arlington Forest - 79.0 Daventry
Annandale,Week4,Hunt Valley,Week1,321.0 Hunt Valley - 81.0 Annandale
Arlington Forest,Week5,Daventry,Week1,307.0 Arlington Forest - 95.0 Daventry
Arlington Forest,Week2,South Run,Week1,198.0 Arlington Forest - 195.0 South Run
Annandale,Week3,Hunt Valley,Week2,329.0 Hunt Valley - 73.0 Annandale
Arlington Forest,Week4,Daventry,Week4,331.0 Arlington Forest - 71.0 Daventry
Annandale,Week2,McLean,Week5,340.0 McLean - 62.0 Annandale
Arlington Forest,Week5,Laurel Hill,Week2,298.0 Arlington Forest - 104.0 Laurel Hill
Annandale,Week4,Fairfax,Week1,317.0 Fairfax - 85.0 Annandale
Annandale,Week5,Wakefield Chapel,Week1,343.0 Wakefield Chapel - 59.0 Annandale
Annandale,Week4,Wakefield Chapel,Week2,353.5 Wakefield Chapel - 48.5 Annandale
Annandale,Week4,Hunt Valley,Week3,340.0 Hunt Valley - 62.0 Annandale
Annandale,Week4,Wakefield Chapel,Week5,365.0 Wakefield Chapel - 37.0 Annandale
Annandale,Week4,McLean,Week5,359.0 McLean - 43.0 Annandale
Arlington Forest,Week3,Daventry,Week5,263.0 Arlington Forest - 138.0 Daventry
Annandale,Week4,McLean,Week3,348.0 McLean - 53.0 Annandale
Annandale,Week1,Fairfax,Week4,324.0 Fairfax - 78.0 Annandale
Arlington Forest,Week3,Somerset-Olde Creek,Week1,319.0 Arlington Forest - 82.0 Somerset-Olde Creek
Arlington Forest,Week2,Somerset-Olde Creek,Week5,309.0 Arlington Forest - 93.0 Somerset-Olde Creek
Arlington Forest,Week2,Lee Graham,Week4,286.0 Lee Graham - 116.0 Arlington Forest
Arlington Forest,Week4,Daventry,Week3,329.0 Arlington Forest - 72.0 Daventry
Annandale,Week5,Wakefield Chapel,Week2,346.0 Wakefield Chapel - 56.0 Annandale
Annandale,Week5,Wakefield Chapel,Week3,339.0 Wakefield Chapel - 63.0 Annandale
Annandale,Week5,McLean,Week2,332.0 McLean - 70.0 Annandale
Arlington Forest,Week5,Laurel Hill,Week4,292.0 Arlington Forest - 110.0 Laurel Hill
Annandale,Week4,Hunt Valley,Week4,336.0 Hunt Valley - 66.0 Annandale
Annandale,Week3,Fairfax,Week3,321.0 Fairfax - 81.0 Annandale
Annandale,Week3,Fairfax,Week5,331.0 Fairfax - 71.0 Annandale
Annandale,Week4,Wakefield Chapel,Week4,350.0 Wakefield Chapel - 52.0 Annandale
Annandale,Week3,Fairfax,Week1,295.0 Fairfax - 107.0 Annandale
Annandale,Week3,Hunt Valley,Week4,331.0 Hunt Valley - 71.0 Annandale
Arlington Forest,Week3,South Run,Week4,202.0 South Run - 199.0 Arlington Forest
Arlington Forest,Week3,Laurel Hill,Week3,250.0 Arlington Forest - 152.0 Laurel Hill
Arlington Forest,Week4,Somerset-Olde Creek,Week3,345.0 Arlington Forest - 57.0 Somerset-Olde Creek
Annandale,Week5,McLean,Week4,328.0 McLean - 74.0 Annandale
Annandale,Week1,Mosby Woods,Week2,328.0 Mosby Woods - 74.0 Annandale
Annandale,Week5,Hunt Valley,Week3,333.0 Hunt Valley - 69.0 Annandale
Annandale,Week5,Hunt Valley,Week2,324.0 Hunt Valley - 78.0 Annandale
Arlington Forest,Week2,Dominion Hills,Week4,235.0 Dominion Hills - 167.0 Arlington Forest
Arlington Forest,Week1,Lee Graham,Week2,298.0 Lee Graham - 104.0 Arlington Forest
Annandale,Week4,Fairfax,Week3,337.0 Fairfax - 65.0 Annandale
Annandale,Week3,Fairfax,Week2,318.0 Fairfax - 84.0 Annandale
Annandale,Week5,Hunt Valley,Week1,320.0 Hunt Valley - 82.0 Annandale
Annandale,Week3,Fairfax,Week4,316.0 Fairfax - 86.0 Annandale
Arlington Forest,Week5,Daventry,Week3,314.0 Arlington Forest - 88.0 Daventry
Arlington Forest,Week1,South Run,Week1,208.0 Arlington Forest - 185.0 South Run
Annandale,Week5,McLean,Week5,336.0 McLean - 66.0 Annandale
Arlington Forest,Week1,Lee Graham,Week1,283.0 Lee Graham - 119.0 Arlington Forest
Arlington Forest,Week4,Somerset-Olde Creek,Week5,328.0 Arlington Forest - 74.0 Somerset-Olde Creek
Arlington Forest,Week2,Dominion Hills,Week3,202.0 Dominion Hills - 200.0 Arlington Forest
Arlington Forest,Week3,Somerset-Olde Creek,Week3,324.0 Arlington Forest - 77.0 Somerset-Olde Creek
Annandale,Week1,Mosby Woods,Week5,331.0 Mosby Woods - 71.0 Annandale
Annandale,Week2,Walden Glen,Week4,242.0 Walden Glen - 160.0 Annandale
Annandale,Week5,Wakefield Chapel,Week5,354.0 Wakefield Chapel - 48.0 Annandale
Annandale,Week1,Walden Glen,Week2,240.0 Walden Glen - 162.0 Annandale
Annandale,Week4,Fairfax,Week4,333.0 Fairfax - 69.0 Annandale
Arlington Forest,Week1,Lee Graham,Week5,295.0 Lee Graham - 107.0 Arlington Forest
Arlington Forest,Week1,Dominion Hills,Week3,210.0 Arlington Forest - 192.0 Dominion Hills
Annandale,Week4,Walden Glen,Week3,245.0 Walden Glen - 157.0 Annandale
Arlington Forest,Week4,Somerset-Olde Creek,Week1,339.0 Arlington Forest - 63.0 Somerset-Olde Creek
Annandale,Week2,Walden Glen,Week2,231.0 Walden Glen - 171.0 Annandale
Arlington Forest,Week5,Daventry,Week5,293.0 Arlington Forest - 104.0 Daventry
Annandale,Week5,Hunt Valley,Week4,333.0 Hunt Valley - 69.0 Annandale
Arlington Forest,Week2,Dominion Hills,Week5,238.0 Dominion Hills - 164.0 Arlington Forest
Annandale,Week2,Walden Glen,Week1,205.0 Walden Glen - 197.0 Annandale
Arlington Forest,Week5,Somerset-Olde Creek,Week2,330.0 Arlington Forest - 67.0 Somerset-Olde Creek
Arlington Forest,Week4,Laurel Hill,Week4,287.0 Arlington Forest - 115.0 Laurel Hill
Annandale,Week4,Walden Glen,Week4,269.0 Walden Glen - 133.0 Annandale
Annandale,Week5,Fairfax,Week3,312.0 Fairfax - 90.0 Annandale
Annandale,Week1,Hunter Mill,Week4,313.0 Hunter Mill - 89.0 Annandale
Arlington Forest,Week1,South Run,Week3,224.0 Arlington Forest - 178.0 South Run
Annandale,Week1,Walden Glen,Week4,259.0 Walden Glen - 143.0 Annandale
Annandale,Week1,Hunter Mill,Week3,313.0 Hunter Mill - 89.0 Annandale
Annandale,Week4,Mosby Woods,Week3,336.0 Mosby Woods - 66.0 Annandale
Annandale,Week1,Mount Vernon Park,Week1,317.0 Mount Vernon Park - 85.0 Annandale
Arlington Forest,Week4,Laurel Hill,Week3,274.0 Arlington Forest - 128.0 Laurel Hill
Annandale,Week5,Fairfax,Week5,331.0 Fairfax - 71.0 Annandale
Arlington Forest,Week1,Dominion Hills,Week5,232.0 Dominion Hills - 170.0 Arlington Forest
Annandale,Week5,Mosby Woods,Week3,331.0 Mosby Woods - 71.0 Annandale
Annandale,Week1,Hunter Mill,Week2,298.0 Hunter Mill - 104.0 Annandale
Arlington Forest,Week3,Laurel Hill,Week4,262.0 Arlington Forest - 140.0 Laurel Hill
Annandale,Week2,Mosby Woods,Week5,318.5 Mosby Woods - 83.5 Annandale
Annandale,Week5,Fairfax,Week1,300.0 Fairfax - 102.0 Annandale
Arlington Forest,Week4,Laurel Hill,Week5,266.0 Arlington Forest - 136.0 Laurel Hill
Arlington Forest,Week5,Daventry,Week4,323.0 Arlington Forest - 79.0 Daventry
Annandale,Week5,Walden Glen,Week1,206.0 Annandale - 196.0 Walden Glen
Arlington Forest,Week5,Laurel Hill,Week5,263.0 Arlington Forest - 139.0 Laurel Hill
Annandale,Week1,Hunter Mill,Week1,316.0 Hunter Mill - 86.0 Annandale
Annandale,Week3,Mosby Woods,Week5,316.0 Mosby Woods - 86.0 Annandale
Arlington Forest,Week2,Dominion Hills,Week2,223.0 Dominion Hills - 179.0 Arlington Forest
Annandale,Week1,Fairfax Club Estates,Week2,218.0 Fairfax Club Estates - 184.0 Annandale
Annandale,Week1,Fairfax Club Estates,Week3,241.0 Fairfax Club Estates - 161.0 Annandale
Arlington Forest,Week1,South Run,Week2,227.0 Arlington Forest - 175.0 South Run
Annandale,Week2,Walden Glen,Week3,225.0 Walden Glen - 177.0 Annandale
Annandale,Week3,Walden Glen,Week2,217.0 Walden Glen - 180.0 Annandale
Annandale,Week2,Fairfax Club Estates,Week2,209.0 Fairfax Club Estates - 192.0 Annandale
Annandale,Week2,Mosby Woods,Week1,329.0 Mosby Woods - 73.0 Annandale
Annandale,Week5,Walden Glen,Week2,228.0 Walden Glen - 174.0 Annandale
Annandale,Week1,Walden Glen,Week5,280.0 Walden Glen - 122.0 Annandale
Arlington Forest,Week1,South Run,Week4,229.0 Arlington Forest - 173.0 South Run
Annandale,Week2,Walden Glen,Week5,262.0 Walden Glen - 140.0 Annandale
Arlington Forest,Week5,Laurel Hill,Week1,293.0 Arlington Forest - 109.0 Laurel Hill
Arlington Forest,Week3,South Run,Week5,230.0 South Run - 172.0 Arlington Forest
Annandale,Week1,Hunter Mill,Week5,331.0 Hunter Mill - 71.0 Annandale
Annandale,Week2,Fairfax Club Estates,Week1,234.0 Fairfax Club Estates - 167.0 Annandale
Annandale,Week1,Fairfax Club Estates,Week5,248.0 Fairfax Club Estates - 153.0 Annandale
Arlington Forest,Week4,Daventry,Week5,297.0 Arlington Forest - 105.0 Daventry
Arlington Forest,Week2,Dominion Hills,Week1,202.0 Dominion Hills - 200.0 Arlington Forest
Annandale,Week5,Mosby Woods,Week2,330.0 Mosby Woods - 72.0 Annandale
Arlington Forest,Week4,Somerset-Olde Creek,Week4,346.0 Arlington Forest - 56.0 Somerset-Olde Creek
Annandale,Week2,Hunter Mill,Week5,315.0 Hunter Mill - 87.0 Annandale
Annandale,Week1,Fairfax Club Estates,Week4,260.0 Fairfax Club Estates - 142.0 Annandale
Arlington Forest,Week3,South Run,Week1,208.0 South Run - 184.0 Arlington Forest
Arlington Forest,Week1,South Run,Week5,213.0 South Run - 189.0 Arlington Forest
Arlington Forest,Week4,Daventry,Week1,320.0 Arlington Forest - 82.0 Daventry
Annandale,Week2,Fairfax Club Estates,Week3,235.0 Fairfax Club Estates - 166.0 Annandale
Arlington Forest,Week2,South Run,Week3,213.0 Arlington Forest - 189.0 South Run
Arlington Forest,Week2,South Run,Week5,215.0 South Run - 187.0 Arlington Forest
Arlington Forest,Week3,Dominion Hills,Week3,226.0 Dominion Hills - 176.0 Arlington Forest
Annandale,Week2,Fairfax Club Estates,Week4,252.0 Fairfax Club Estates - 150.0 Annandale
Annandale,Week5,Hunter Mill,Week4,316.0 Hunter Mill - 86.0 Annandale
Arlington Forest,Week5,Daventry,Week2,311.0 Arlington Forest - 90.0 Daventry
Annandale,Week2,Hunter Mill,Week4,311.0 Hunter Mill - 91.0 Annandale
Annandale,Week5,Hunter Mill,Week2,299.0 Hunter Mill - 103.0 Annandale
Annandale,Week3,Walden Glen,Week5,259.0 Walden Glen - 143.0 Annandale
Annandale,Week2,Mount Vernon Park,Week3,325.0 Mount Vernon Park - 77.0 Annandale
Annandale,Week4,Hunter Mill,Week4,327.0 Hunter Mill - 75.0 Annandale
Annandale,Week2,Mosby Woods,Week3,330.0 Mosby Woods - 72.0 Annandale
Annandale,Week2,Mount Vernon Park,Week1,316.0 Mount Vernon Park - 86.0 Annandale
Annandale,Week1,Mount Vernon Park,Week5,332.0 Mount Vernon Park - 65.0 Annandale
Annandale,Week5,Hunt Valley,Week5,350.0 Hunt Valley - 52.0 Annandale
Annandale,Week2,Mount Vernon Park,Week2,327.0 Mount Vernon Park - 75.0 Annandale
Arlington Forest,Week1,Dominion Hills,Week4,228.0 Dominion Hills - 174.0 Arlington Forest
Annandale,Week3,Hunter Mill,Week5,311.0 Hunter Mill - 91.0 Annandale
Annandale,Week5,Walden Glen,Week3,223.0 Walden Glen - 179.0 Annandale
Annandale,Week4,Hunter Mill,Week5,327.0 Hunter Mill - 75.0 Annandale
Arlington Forest,Week3,Donaldson Run,Week2,312.0 Donaldson Run - 90.0 Arlington Forest
Annandale,Week4,Hunter Mill,Week1,312.0 Hunter Mill - 90.0 Annandale
Arlington Forest,Week3,Dominion Hills,Week2,231.0 Dominion Hills - 171.0 Arlington Forest
Arlington Forest,Week4,South Run,Week3,226.0 Arlington Forest - 176.0 South Run
Annandale,Week4,Walden Glen,Week5,281.0 Walden Glen - 121.0 Annandale
Annandale,Week3,Mosby Woods,Week2,321.0 Mosby Woods - 81.0 Annandale
Annandale,Week4,Walden Glen,Week1,217.0 Walden Glen - 184.0 Annandale
Arlington Forest,Week5,South Run,Week2,226.0 Arlington Forest - 176.0 South Run
Annandale,Week2,Fairfax Club Estates,Week5,237.0 Fairfax Club Estates - 164.0 Annandale
Arlington Forest,Week2,Lincolnia Park,Week5,275.0 Arlington Forest - 118.0 Lincolnia Park
Arlington Forest,Week4,Dominion Hills,Week2,225.0 Arlington Forest - 177.0 Dominion Hills
Arlington Forest,Week3,Springboard,Week1,260.0 Arlington Forest - 138.0 Springboard
Arlington Forest,Week3,Dominion Hills,Week5,251.0 Dominion Hills - 151.0 Arlington Forest
Annandale,Week4,Mosby Woods,Week2,336.0 Mosby Woods - 66.0 Annandale
Arlington Forest,Week3,Lincolnia Park,Week3,283.0 Arlington Forest - 109.0 Lincolnia Park
Arlington Forest,Week1,Springboard,Week5,276.0 Arlington Forest - 126.0 Springboard
Annandale,Week3,Walden Glen,Week3,237.0 Walden Glen - 165.0 Annandale
Annandale,Week3,Walden Glen,Week4,232.0 Walden Glen - 165.0 Annandale
Annandale,Week5,Mosby Woods,Week4,320.0 Mosby Woods - 82.0 Annandale
Annandale,Week5,Hunter Mill,Week1,310.0 Hunter Mill - 92.0 Annandale
Annandale,Week3,Mosby Woods,Week3,322.0 Mosby Woods - 80.0 Annandale
Arlington Forest,Week3,Dominion Hills,Week1,219.0 Dominion Hills - 183.0 Arlington Forest
Arlington Forest,Week3,Lincolnia Park,Week2,324.0 Arlington Forest - 68.0 Lincolnia Park
Annandale,Week1,Walden Glen,Week3,241.0 Walden Glen - 160.0 Annandale
Annandale,Week3,Cottontail,Week4,240.0 Cottontail - 157.0 Annandale
Annandale,Week1,Waynewood,Week1,296.0 Waynewood - 106.0 Annandale
Annandale,Week2,Mosby Woods,Week2,321.0 Mosby Woods - 81.0 Annandale
Arlington Forest,Week5,Donaldson Run,Week2,253.0 Donaldson Run - 149.0 Arlington Forest
Arlington Forest,Week4,South Run,Week2,235.0 Arlington Forest - 167.0 South Run
Annandale,Week3,Mosby Woods,Week4,309.0 Mosby Woods - 93.0 Annandale
Annandale,Week4,Hunter Mill,Week3,323.0 Hunter Mill - 79.0 Annandale
Arlington Forest,Week4,Lincolnia Park,Week4,342.0 Arlington Forest - 60.0 Lincolnia Park
Annandale,Week3,Mosby Woods,Week1,318.0 Mosby Woods - 84.0 Annandale
Arlington Forest,Week2,Springboard,Week2,297.0 Arlington Forest - 100.0 Springboard
Arlington Forest,Week2,Springboard,Week3,287.0 Arlington Forest - 115.0 Springboard
Arlington Forest,Week1,Donaldson Run,Week5,314.0 Donaldson Run - 88.0 Arlington Forest
Arlington Forest,Week1,Springboard,Week4,283.0 Arlington Forest - 114.0 Springboard
Annandale,Week5,Mosby Woods,Week1,333.0 Mosby Woods - 69.0 Annandale
Annandale,Week5,Mosby Woods,Week5,329.0 Mosby Woods - 73.0 Annandale
Annandale,Week3,Walden Glen,Week1,209.0 Annandale - 188.0 Walden Glen
Annandale,Week4,Walden Glen,Week2,256.0 Walden Glen - 145.0 Annandale
Annandale,Week4,Annandale,Week2,225.0 Annandale (A2) - 176.0 Annandale (A1)
Annandale,Week5,Hunter Mill,Week3,309.0 Hunter Mill - 93.0 Annandale
Arlington Forest,Week1,Springboard,Week2,329.0 Arlington Forest - 73.0 Springboard
Annandale,Week5,Walden Glen,Week4,238.0 Walden Glen - 164.0 Annandale
Arlington Forest,Week4,Dominion Hills,Week5,232.0 Dominion Hills - 170.0 Arlington Forest
Arlington Forest,Week5,South Run,Week1,207.0 Arlington Forest - 186.0 South Run
Annandale,Week4,Hunter Mill,Week2,317.0 Hunter Mill - 85.0 Annandale
Arlington Forest,Week2,Lincolnia Park,Week3,288.0 Arlington Forest - 100.0 Lincolnia Park
Arlington Forest,Week2,Donaldson Run,Week1,291.0 Donaldson Run - 111.0 Arlington Forest
Arlington Forest,Week4,Lincolnia Park,Week3,322.0 Arlington Forest - 71.0 Lincolnia Park
Arlington Forest,Week1,Lincolnia Park,Week1,337.0 Arlington Forest - 65.0 Lincolnia Park
Arlington Forest,Week3,Lincolnia Park,Week5,288.0 Arlington Forest - 104.0 Lincolnia Park
Annandale,Week5,Hunter Mill,Week5,314.0 Hunter Mill - 88.0 Annandale
Annandale,Week3,Hunter Mill,Week2,289.0 Hunter Mill - 113.0 Annandale
Annandale,Week3,Hunter Mill,Week4,304.0 Hunter Mill - 98.0 Annandale
Arlington Forest,Week5,Dominion Hills,Week1,257.0 Arlington Forest - 145.0 Dominion Hills
Arlington Forest,Week2,Donaldson Run,Week2,289.0 Donaldson Run - 113.0 Arlington Forest
Annandale,Week4,Mosby Woods,Week4,327.0 Mosby Woods - 75.0 Annandale
Annandale,Week4,Commonwealth,Week5,250.0 Commonwealth - 152.0 Annandale
Arlington Forest,Week5,Dominion Hills,Week5,204.0 Dominion Hills - 198.0 Arlington Forest
Arlington Forest,Week5,South Run,Week4,241.0 Arlington Forest - 161.0 South Run
Annandale,Week4,Somerset-Olde Creek,Week3,273.0 Annandale - 126.0 Somerset-Olde Creek
Annandale,Week5,Cottontail,Week1,256.0 Cottontail - 146.0 Annandale
Arlington Forest,Week5,South Run,Week3,232.0 Arlington Forest - 170.0 South Run
Arlington Forest,Week2,Springboard,Week1,273.0 Arlington Forest - 129.0 Springboard
Annandale,Week1,Ilda Community,Week1,209.0 Ilda Community - 188.0 Annandale
Annandale,Week1,Mount Vernon Park,Week2,328.0 Mount Vernon Park - 74.0 Annandale
Annandale,Week4,Mosby Woods,Week5,331.0 Mosby Woods - 71.0 Annandale
Arlington Forest,Week3,Lee Graham,Week4,300.0 Lee Graham - 102.0 Arlington Forest
Arlington Forest,Week4,Lee Graham,Week1,272.0 Lee Graham - 130.0 Arlington Forest
Arlington Forest,Week1,Donaldson Run,Week1,274.0 Donaldson Run - 128.0 Arlington Forest
Annandale,Week1,Ilda Community,Week2,214.0 Ilda Community - 188.0 Annandale
Annandale,Week2,Hunter Mill,Week2,303.0 Hunter Mill - 99.0 Annandale
Annandale,Week2,Mosby Woods,Week4,317.0 Mosby Woods - 85.0 Annandale
Arlington Forest,Week4,Donaldson Run,Week2,278.0 Donaldson Run - 124.0 Arlington Forest
Arlington Forest,Week1,Donaldson Run,Week2,281.0 Donaldson Run - 121.0 Arlington Forest
Arlington Forest,Week2,Springboard,Week4,260.0 Arlington Forest - 137.0 Springboard
Arlington Forest,Week4,South Run,Week5,208.0 Arlington Forest - 194.0 South Run
Annandale,Week2,Somerset-Olde Creek,Week5,245.0 Annandale - 157.0 Somerset-Olde Creek
Annandale,Week5,Walden Glen,Week5,259.0 Walden Glen - 143.0 Annandale
Arlington Forest,Week4,Lee Graham,Week5,285.0 Lee Graham - 117.0 Arlington Forest
Annandale,Week4,Mosby Woods,Week1,333.0 Mosby Woods - 69.0 Annandale
Annandale,Week5,Commonwealth,Week2,234.0 Commonwealth - 168.0 Annandale
Arlington Forest,Week5,Dominion Hills,Week3,235.0 Arlington Forest - 167.0 Dominion Hills
Annandale,Week2,Cottontail,Week2,246.0 Cottontail - 156.0 Annandale
Annandale,Week4,Sleepy Hollow Rec,Week3,224.0 Sleepy Hollow Rec - 178.0 Annandale
Arlington Forest,Week5,Lee Graham,Week1,247.0 Lee Graham - 155.0 Arlington Forest
Annandale,Week3,Hunter Mill,Week3,309.0 Hunter Mill - 93.0 Annandale
Annandale,Week1,Mosby Woods,Week4,320.0 Mosby Woods - 82.0 Annandale
Arlington Forest,Week2,Lincolnia Park,Week1,308.0 Arlington Forest - 89.0 Lincolnia Park
Annandale,Week2,Cottontail,Week4,247.0 Cottontail - 155.0 Annandale
Annandale,Week1,Waynewood,Week2,315.5 Waynewood - 86.5 Annandale
Arlington Forest,Week4,Lee Graham,Week2,283.0 Lee Graham - 119.0 Arlington Forest
Annandale,Week3,Hunter Mill,Week1,296.0 Hunter Mill - 101.0 Annandale
Annandale,Week2,Cottontail,Week3,244.0 Cottontail - 158.0 Annandale
Annandale,Week4,Sleepy Hollow Rec,Week2,213.0 Sleepy Hollow Rec - 189.0 Annandale
Annandale,Week1,Ilda Community,Week3,201.0 Ilda Community - 196.0 Annandale
Annandale,Week4,Sleepy Hollow Rec,Week4,220.0 Sleepy Hollow Rec - 182.0 Annandale
Annandale,Week1,Mount Vernon Park,Week4,326.0 Mount Vernon Park - 76.0 Annandale
Annandale,Week3,Ilda Community,Week1,215.0 Annandale - 187.0 Ilda Community
Arlington Forest,Week1,Donaldson Run,Week3,285.0 Donaldson Run - 117.0 Arlington Forest
Arlington Forest,Week4,Lee Graham,Week4,277.0 Lee Graham - 125.0 Arlington Forest
Arlington Forest,Week1,Lincolnia Park,Week3,308.0 Arlington Forest - 85.0 Lincolnia Park
Annandale,Week5,Sleepy Hollow Rec,Week4,204.0 Annandale - 198.0 Sleepy Hollow Rec
Arlington Forest,Week5,Lee Graham,Week5,264.0 Lee Graham - 138.0 Arlington Forest
Annandale,Week3,Newington Forest,Week1,229.0 Annandale - 173.0 Newington Forest
Arlington Forest,Week1,Donaldson Run,Week4,300.0 Donaldson Run - 102.0 Arlington Forest
Arlington Forest,Week4,South Run,Week4,243.5 Arlington Forest - 158.5 South Run
Annandale,Week2,Cottontail,Week1,253.0 Cottontail - 149.0 Annandale
Annandale,Week4,Cottontail,Week3,265.0 Cottontail - 137.0 Annandale
Arlington Forest,Week1,Springboard,Week3,298.0 Arlington Forest - 104.0 Springboard
Arlington Forest,Week5,South Run,Week5,211.0 Arlington Forest - 191.0 South Run
Arlington Forest,Week3,Donaldson Run,Week3,301.0 Donaldson Run - 101.0 Arlington Forest
Annandale,Week2,Hunter Mill,Week3,311.0 Hunter Mill - 91.0 Annandale
Arlington Forest,Week1,Springboard,Week1,295.0 Arlington Forest - 107.0 Springboard
Arlington Forest,Week2,Donaldson Run,Week4,297.0 Donaldson Run - 105.0 Arlington Forest
Annandale,Week1,Mount Vernon Park,Week3,327.0 Mount Vernon Park - 75.0 Annandale
Annandale,Week5,Sleepy Hollow Rec,Week2,203.0 Sleepy Hollow Rec - 199.0 Annandale
Annandale,Week3,Cottontail,Week3,242.0 Cottontail - 160.0 Annandale
Annandale,Week3,Mount Vernon Park,Week2,321.0 Mount Vernon Park - 81.0 Annandale
Arlington Forest,Week5,Lee Graham,Week2,256.0 Lee Graham - 146.0 Arlington Forest
Annandale,Week5,Ilda Community,Week2,207.0 Ilda Community - 195.0 Annandale
Arlington Forest,Week2,Springboard,Week5,257.0 Arlington Forest - 145.0 Springboard
Annandale,Week1,Somerset-Olde Creek,Week5,234.0 Annandale - 164.0 Somerset-Olde Creek
Annandale,Week3,Mount Vernon Park,Week1,312.0 Mount Vernon Park - 90.0 Annandale
Annandale,Week5,Commonwealth,Week4,211.0 Commonwealth - 191.0 Annandale
Annandale,Week2,Ilda Community,Week1,204.0 Ilda Community - 198.0 Annandale
Annandale,Week3,Ilda Community,Week4,217.0 Ilda Community - 185.0 Annandale
Annandale,Week1,Somerset-Olde Creek,Week4,251.5 Annandale - 149.5 Somerset-Olde Creek
Arlington Forest,Week1,Lincolnia Park,Week5,315.0 Arlington Forest - 78.0 Lincolnia Park
Annandale,Week2,Newington Forest,Week4,226.0 Newington Forest - 176.0 Annandale
Arlington Forest,Week4,Lee Graham,Week3,288.0 Lee Graham - 114.0 Arlington Forest
Annandale,Week1,Cottontail,Week3,265.0 Cottontail - 137.0 Annandale
Arlington Forest,Week3,Donaldson Run,Week5,328.5 Donaldson Run - 73.5 Arlington Forest
Annandale,Week5,Commonwealth,Week3,216.0 Commonwealth - 186.0 Annandale
Annandale,Week4,Ilda Community,Week5,230.0 Ilda Community - 171.0 Annandale
Annandale,Week1,Somerset-Olde Creek,Week1,246.0 Annandale - 152.0 Somerset-Olde Creek
Annandale,Week1,Somerset-Olde Creek,Week3,264.0 Annandale - 129.0 Somerset-Olde Creek
Annandale,Week2,Newington Forest,Week3,201.0 Annandale - 201.0 Newington Forest
Annandale,Week1,Cottontail,Week2,265.0 Cottontail - 137.0 Annandale
Annandale,Week2,Kent Gardens,Week3,261.0 Kent Gardens - 141.0 Annandale
Annandale,Week1,Cottontail,Week4,256.0 Cottontail - 141.0 Annandale
Arlington Forest,Week5,Dominion Hills,Week2,238.0 Arlington Forest - 164.0 Dominion Hills
Arlington Forest,Week1,Lincolnia Park,Week4,334.0 Arlington Forest - 63.0 Lincolnia Park
Annandale,Week3,Mount Vernon Park,Week5,328.0 Mount Vernon Park - 74.0 Annandale
Annandale,Week4,Ilda Community,Week3,212.0 Ilda Community - 190.0 Annandale
Arlington Forest,Week2,Lincolnia Park,Week4,307.0 Arlington Forest - 90.0 Lincolnia Park
Annandale,Week4,Cottontail,Week1,272.0 Cottontail - 130.0 Annandale
Arlington Forest,Week5,Lee Graham,Week4,259.0 Lee Graham - 143.0 Arlington Forest
Arlington Forest,Week3,Springboard,Week2,289.0 Arlington Forest - 109.0 Springboard
Arlington Forest,Week3,Donaldson Run,Week4,316.0 Donaldson Run - 86.0 Arlington Forest
Annandale,Week1,Newington Forest,Week3,203.0 Newington Forest - 199.0 Annandale
Annandale,Week3,Somerset-Olde Creek,Week2,283.0 Annandale - 114.0 Somerset-Olde Creek
Arlington Forest,Week4,Donaldson Run,Week3,277.0 Donaldson Run - 125.0 Arlington Forest
Arlington Forest,Week5,Dominion Hills,Week4,202.0 Dominion Hills - 200.0 Arlington Forest
Annandale,Week3,Somerset-Olde Creek,Week4,271.0 Annandale - 131.0 Somerset-Olde Creek
Arlington Forest,Week2,Donaldson Run,Week3,296.0 Donaldson Run - 106.0 Arlington Forest
Annandale,Week5,Commonwealth,Week5,220.0 Commonwealth - 182.0 Annandale
Arlington Forest,Week3,Lee Graham,Week5,319.0 Lee Graham - 83.0 Arlington Forest
Arlington Forest,Week4,Lincolnia Park,Week1,345.0 Arlington Forest - 57.0 Lincolnia Park
Annandale,Week1,Ilda Community,Week4,249.0 Ilda Community - 153.0 Annandale
Arlington Forest,Week4,Donaldson Run,Week5,299.0 Donaldson Run - 103.0 Arlington Forest
Annandale,Week3,Mount Vernon Park,Week4,329.5 Mount Vernon Park - 72.5 Annandale
Annandale,Week5,Commonwealth,Week1,225.0 Annandale - 176.0 Commonwealth
Annandale,Week3,Ilda Community,Week3,213.0 Annandale - 184.0 Ilda Community
Arlington Forest,Week3,Lincolnia Park,Week1,311.0 Arlington Forest - 91.0 Lincolnia Park
Annandale,Week3,Somerset-Olde Creek,Week1,267.0 Annandale - 129.0 Somerset-Olde Creek
Annandale,Week2,Somerset-Olde Creek,Week4,269.0 Annandale - 133.0 Somerset-Olde Creek
Annandale,Week5,Mount Vernon Park,Week2,323.0 Mount Vernon Park - 79.0 Annandale
Annandale,Week5,Mount Vernon Park,Week5,324.0 Mount Vernon Park - 78.0 Annandale
Annandale,Week1,Newington Forest,Week5,237.0 Newington Forest - 165.0 Annandale
Annandale,Week2,Kent Gardens,Week2,268.0 Kent Gardens - 134.0 Annandale
Annandale,Week4,Kent Gardens,Week2,292.0 Kent Gardens - 110.0 Annandale
Arlington Forest,Week2,Lincolnia Park,Week2,324.0 Arlington Forest - 63.0 Lincolnia Park
Arlington Forest,Week3,Donaldson Run,Week1,315.0 Donaldson Run - 87.0 Arlington Forest
Annandale,Week5,Sleepy Hollow Rec,Week1,202.0 Annandale - 200.0 Sleepy Hollow Rec
Annandale,Week2,Somerset-Olde Creek,Week1,264.0 Annandale - 137.0 Somerset-Olde Creek
Arlington Forest,Week2,Donaldson Run,Week5,316.0 Donaldson Run - 86.0 Arlington Forest
Annandale,Week4,Mount Vernon Park,Week1,321.0 Mount Vernon Park - 81.0 Annandale
Arlington Forest,Week3,Lincolnia Park,Week4,312.0 Arlington Forest - 89.0 Lincolnia Park
Annandale,Week4,Cottontail,Week2,257.0 Cottontail - 145.0 Annandale
Annandale,Week4,Sleepy Hollow Rec,Week5,233.0 Sleepy Hollow Rec - 169.0 Annandale
Arlington Forest,Week5,Virginia Run,Week2,236.0 Arlington Forest - 166.0 Virginia Run
Annandale,Week3,Cottontail,Week5,258.0 Cottontail - 144.0 Annandale
Annandale,Week4,Mount Vernon Park,Week3,332.0 Mount Vernon Park - 69.0 Annandale
Arlington Forest,Week4,Dominion Hills,Week4,221.0 Dominion Hills - 181.0 Arlington Forest
Annandale,Week3,Cottontail,Week1,249.0 Cottontail - 153.0 Annandale
Arlington Forest,Week5,Lee Graham,Week3,270.0 Lee Graham - 132.0 Arlington Forest
Arlington Forest,Week1,Lincolnia Park,Week2,344.0 Arlington Forest - 49.0 Lincolnia Park
Annandale,Week2,Ilda Community,Week3,214.0 Annandale - 188.0 Ilda Community
Annandale,Week3,Mount Vernon Park,Week3,329.0 Mount Vernon Park - 73.0 Annandale
Annandale,Week1,Cottontail,Week1,262.0 Cottontail - 140.0 Annandale
Annandale,Week1,Kent Gardens,Week3,273.0 Kent Gardens - 129.0 Annandale
Annandale,Week2,Somerset-Olde Creek,Week3,276.0 Annandale - 125.0 Somerset-Olde Creek
Arlington Forest,Week4,Donaldson Run,Week4,280.0 Donaldson Run - 122.0 Arlington Forest
Annandale,Week5,Ilda Community,Week1,221.0 Annandale - 181.0 Ilda Community
Arlington Forest,Week3,Little Hunting Park,Week5,218.0 Arlington Forest - 184.0 Little Hunting Park
Annandale,Week1,Cottontail,Week5,285.0 Cottontail - 117.0 Annandale
Annandale,Week3,Somerset-Olde Creek,Week3,281.0 Annandale - 115.0 Somerset-Olde Creek
Arlington Forest,Week5,Donaldson Run,Week1,254.0 Donaldson Run - 148.0 Arlington Forest
Arlington Forest,Week4,Lincolnia Park,Week2,344.0 Arlington Forest - 49.0 Lincolnia Park
Arlington Forest,Week5,Donaldson Run,Week3,252.0 Donaldson Run - 150.0 Arlington Forest
Annandale,Week5,Mount Vernon Park,Week1,317.0 Mount Vernon Park - 85.0 Annandale
Arlington Forest,Week1,Dowden Terrace,Week1,206.0 Arlington Forest - 196.0 Dowden Terrace
Annandale,Week2,Ilda Community,Week2,203.0 Ilda Community - 199.0 Annandale
Annandale,Week1,Somerset-Olde Creek,Week2,261.0 Annandale - 140.0 Somerset-Olde Creek
Arlington Forest,Week5,Lincolnia Park,Week3,297.0 Arlington Forest - 91.0 Lincolnia Park
Annandale,Week5,Mount Vernon Park,Week4,326.0 Mount Vernon Park - 76.0 Annandale
Annandale,Week2,Mount Vernon Park,Week5,324.0 Mount Vernon Park - 78.0 Annandale
Annandale,Week2,Ilda Community,Week4,220.0 Ilda Community - 182.0 Annandale
Arlington Forest,Week4,Lincolnia Park,Week5,317.0 Arlington Forest - 76.0 Lincolnia Park
Arlington Forest,Week4,Donaldson Run,Week1,269.0 Donaldson Run - 133.0 Arlington Forest
Annandale,Week2,Cottontail,Week5,276.0 Cottontail - 126.0 Annandale
Annandale,Week4,Cottontail,Week4,260.0 Cottontail - 142.0 Annandale
Annandale,Week2,Ilda Community,Week5,201.0 Annandale - 201.0 Ilda Community
Arlington Forest,Week5,Donaldson Run,Week4,256.0 Donaldson Run - 146.0 Arlington Forest
Annandale,Week4,Mount Vernon Park,Week5,336.0 Mount Vernon Park - 66.0 Annandale
Annandale,Week3,Cottontail,Week2,242.0 Cottontail - 160.0 Annandale
Annandale,Week5,Sleepy Hollow Rec,Week5,211.0 Sleepy Hollow Rec - 191.0 Annandale
Annandale,Week4,Commonwealth,Week4,227.0 Commonwealth - 174.0 Annandale
Annandale,Week1,Kent Gardens,Week2,270.0 Kent Gardens - 132.0 Annandale
Annandale,Week5,Sleepy Hollow Rec,Week3,214.0 Sleepy Hollow Rec - 188.0 Annandale
Annandale,Week4,Cottontail,Week5,283.0 Cottontail - 119.0 Annandale
Annandale,Week2,Somerset-Olde Creek,Week2,287.0 Annandale - 114.0 Somerset-Olde Creek
Arlington Forest,Week1,Dowden Terrace,Week3,222.0 Arlington Forest - 180.0 Dowden Terrace
Annandale,Week1,Newington Forest,Week4,225.5 Newington Forest - 171.5 Annandale
Annandale,Week4,Somerset-Olde Creek,Week5,217.0 Annandale - 184.0 Somerset-Olde Creek
Annandale,Week1,Country Club Hills,Week1,264.0 Country Club Hills - 133.0 Annandale
Annandale,Week3,Somerset-Olde Creek,Week5,255.0 Annandale - 146.0 Somerset-Olde Creek
Annandale,Week1,Ilda Community,Week5,226.0 Ilda Community - 176.0 Annandale
Arlington Forest,Week4,Dowden Terrace,Week4,217.0 Arlington Forest - 185.0 Dowden Terrace
Annandale,Week4,Country Club Hills,Week4,273.0 Country Club Hills - 129.0 Annandale
Arlington Forest,Week2,Little Hunting Park,Week4,246.0 Arlington Forest - 156.0 Little Hunting Park
Arlington Forest,Week5,Virginia Run,Week5,207.0 Virginia Run - 195.0 Arlington Forest
Annandale,Week5,Ilda Community,Week5,203.0 Ilda Community - 199.0 Annandale
Annandale,Week5,Cottontail,Week3,264.0 Cottontail - 138.0 Annandale
Annandale,Week5,Ilda Community,Week4,234.0 Ilda Community - 168.0 Annandale
Annandale,Week5,Ilda Community,Week3,213.0 Annandale - 189.0 Ilda Community
Annandale,Week4,Country Club Hills,Week2,277.0 Country Club Hills - 125.0 Annandale
Annandale,Week2,Newington Forest,Week1,221.0 Annandale - 180.0 Newington Forest
Annandale,Week4,Somerset-Olde Creek,Week1,248.0 Annandale - 151.0 Somerset-Olde Creek
Annandale,Week4,Somerset-Olde Creek,Week2,265.0 Annandale - 136.0 Somerset-Olde Creek
Arlington Forest,Week5,Lincolnia Park,Week4,322.0 Arlington Forest - 75.0 Lincolnia Park
Annandale,Week1,Newington Forest,Week2,208.0 Annandale - 192.0 Newington Forest
Annandale,Week2,Mount Vernon Park,Week4,326.0 Mount Vernon Park - 76.0 Annandale
Annandale,Week4,Ilda Community,Week1,223.0 Ilda Community - 178.0 Annandale
Annandale,Week4,Ilda Community,Week2,228.0 Ilda Community - 174.0 Annandale
Annandale,Week4,Sleepy Hollow Rec,Week1,201.0 Annandale - 201.0 Sleepy Hollow Rec
Arlington Forest,Week3,Dowden Terrace,Week4,220.0 Dowden Terrace - 182.0 Arlington Forest
Arlington Forest,Week5,Donaldson Run,Week5,280.0 Donaldson Run - 122.0 Arlington Forest
Arlington Forest,Week5,Virginia Run,Week3,230.0 Arlington Forest - 172.0 Virginia Run
Arlington Forest,Week1,Dowden Terrace,Week2,202.0 Arlington Forest - 200.0 Dowden Terrace
Annandale,Week1,Newington Forest,Week1,210.0 Annandale - 191.0 Newington Forest
Arlington Forest,Week5,Lincolnia Park,Week5,313.0 Arlington Forest - 80.0 Lincolnia Park
Arlington Forest,Week2,Little Hunting Park,Week5,227.0 Arlington Forest - 175.0 Little Hunting Park
Arlington Forest,Week3,Little Hunting Park,Week1,238.0 Arlington Forest - 160.0 Little Hunting Park
Annandale,Week3,Ilda Community,Week2,206.0 Annandale - 196.0 Ilda Community
Annandale,Week1,North Springfield,Week3,228.0 Annandale - 168.0 North Springfield
Annandale,Week4,Ilda Community,Week4,247.0 Ilda Community - 155.0 Annandale
Annandale,Week2,Newington Forest,Week5,229.0 Newington Forest - 173.0 Annandale
Annandale,Week1,Country Club Hills,Week5,295.0 Country Club Hills - 107.0 Annandale
Annandale,Week5,Cottontail,Week5,271.0 Cottontail - 131.0 Annandale
Annandale,Week4,Country Club Hills,Week5,290.0 Country Club Hills - 112.0 Annandale
Arlington Forest,Week4,Little Hunting Park,Week2,274.5 Arlington Forest - 127.5 Little Hunting Park
Arlington Forest,Week2,Little Hunting Park,Week3,264.0 Arlington Forest - 138.0 Little Hunting Park
Annandale,Week1,Kent Gardens,Week5,318.0 Kent Gardens - 84.0 Annandale
Annandale,Week3,Ilda Community,Week5,204.0 Annandale - 198.0 Ilda Community
Annandale,Week2,Newington Forest,Week2,217.0 Annandale - 183.0 Newington Forest
Annandale,Week4,South Run,Week3,247.0 South Run - 155.0 Annandale
Annandale,Week2,Country Club Hills,Week5,279.0 Country Club Hills - 123.0 Annandale
Arlington Forest,Week3,Little Hunting Park,Week4,248.0 Arlington Forest - 153.0 Little Hunting Park
Annandale,Week5,Mount Vernon Park,Week3,323.0 Mount Vernon Park - 78.0 Annandale
Annandale,Week5,Somerset-Olde Creek,Week2,288.0 Annandale - 114.0 Somerset-Olde Creek
Annandale,Week4,Somerset-Olde Creek,Week4,247.0 Annandale - 155.0 Somerset-Olde Creek
Annandale,Week4,Mount Vernon Park,Week4,329.0 Mount Vernon Park - 73.0 Annandale
Arlington Forest,Week2,Dunn Loring,Week1,248.0 Dunn Loring - 154.0 Arlington Forest
Arlington Forest,Week5,Dowden Terrace,Week2,228.0 Arlington Forest - 174.0 Dowden Terrace
Arlington Forest,Week1,Little Hunting Park,Week4,269.0 Arlington Forest - 133.0 Little Hunting Park
Annandale,Week1,Kent Gardens,Week1,303.0 Kent Gardens - 99.0 Annandale
Annandale,Week4,Mount Vernon Park,Week2,335.0 Mount Vernon Park - 67.0 Annandale
Annandale,Week2,South Run,Week3,251.5 South Run - 150.5 Annandale
Annandale,Week2,North Springfield,Week5,227.0 Annandale - 145.0 North Springfield
Annandale,Week1,Kent Gardens,Week4,278.0 Kent Gardens - 124.0 Annandale
Arlington Forest,Week5,Lincolnia Park,Week2,325.0 Arlington Forest - 63.0 Lincolnia Park
Arlington Forest,Week3,Little Hunting Park,Week2,240.0 Arlington Forest - 161.0 Little Hunting Park
Annandale,Week4,North Springfield,Week4,259.0 Annandale - 131.0 North Springfield
Annandale,Week5,Newington Forest,Week4,217.0 Newington Forest - 185.0 Annandale
Annandale,Week5,Cottontail,Week4,258.0 Cottontail - 144.0 Annandale
Annandale,Week3,Country Club Hills,Week5,274.0 Country Club Hills - 128.0 Annandale
Arlington Forest,Week5,Little Hunting Park,Week4,263.0 Arlington Forest - 139.0 Little Hunting Park
Annandale,Week3,Country Club Hills,Week4,239.0 Country Club Hills - 163.0 Annandale
Annandale,Week3,South Run,Week5,246.0 South Run - 156.0 Annandale
Annandale,Week3,Kent Gardens,Week5,292.0 Kent Gardens - 110.0 Annandale
Arlington Forest,Week2,Dowden Terrace,Week1,205.0 Dowden Terrace - 197.0 Arlington Forest
Arlington Forest,Week1,Dowden Terrace,Week4,214.0 Dowden Terrace - 188.0 Arlington Forest
Arlington Forest,Week2,Dunn Loring,Week4,299.0 Dunn Loring - 103.0 Arlington Forest
Annandale,Week2,Kent Gardens,Week4,266.0 Kent Gardens - 136.0 Annandale
Arlington Forest,Week4,Dowden Terrace,Week2,224.0 Arlington Forest - 178.0 Dowden Terrace
Arlington Forest,Week5,Little Hunting Park,Week3,274.0 Arlington Forest - 128.0 Little Hunting Park
Annandale,Week5,South Run,Week1,239.0 South Run - 154.0 Annandale
Annandale,Week2,Country Club Hills,Week2,256.0 Country Club Hills - 146.0 Annandale
Arlington Forest,Week5,Little Hunting Park,Week1,275.0 Arlington Forest - 126.0 Little Hunting Park
Arlington Forest,Week4,Dowden Terrace,Week3,226.0 Arlington Forest - 176.0 Dowden Terrace
Annandale,Week4,Newington Forest,Week2,213.0 Newington Forest - 184.0 Annandale
Annandale,Week4,Country Club Hills,Week1,267.5 Country Club Hills - 134.5 Annandale
Annandale,Week2,North Springfield,Week2,238.0 Annandale - 149.0 North Springfield
Annandale,Week5,Cottontail,Week2,256.0 Cottontail - 146.0 Annandale
Arlington Forest,Week1,Little Hunting Park,Week2,276.0 Arlington Forest - 126.0 Little Hunting Park
Annandale,Week2,Kent Gardens,Week1,290.0 Kent Gardens - 112.0 Annandale
Annandale,Week1,Springboard,Week3,210.0 Springboard - 186.0 Annandale
Arlington Forest,Week3,Dowden Terrace,Week1,209.0 Dowden Terrace - 189.0 Arlington Forest
Annandale,Week5,Country Club Hills,Week1,244.0 Country Club Hills - 158.0 Annandale
Annandale,Week3,North Springfield,Week4,278.0 Annandale - 114.0 North Springfield
Annandale,Week2,South Run,Week5,252.0 South Run - 150.0 Annandale
Annandale,Week2,Country Club Hills,Week1,247.0 Country Club Hills - 155.0 Annandale
Arlington Forest,Week2,Dowden Terrace,Week5,237.0 Dowden Terrace - 165.0 Arlington Forest
Annandale,Week1,North Springfield,Week4,252.0 Annandale - 138.0 North Springfield
Annandale,Week3,Kent Gardens,Week2,257.0 Kent Gardens - 145.0 Annandale
Annandale,Week3,South Run,Week3,238.0 South Run - 164.0 Annandale
Arlington Forest,Week5,Lincolnia Park,Week1,334.0 Arlington Forest - 63.0 Lincolnia Park
Annandale,Week4,Kent Gardens,Week1,296.0 Kent Gardens - 106.0 Annandale
Annandale,Week3,Kent Gardens,Week4,269.0 Kent Gardens - 133.0 Annandale
Annandale,Week1,South Run,Week1,257.0 South Run - 136.0 Annandale
Arlington Forest,Week2,Dowden Terrace,Week4,220.0 Dowden Terrace - 177.0 Arlington Forest
Annandale,Week1,Country Club Hills,Week2,262.0 Country Club Hills - 140.0 Annandale
Annandale,Week1,North Springfield,Week5,214.0 Annandale - 159.0 North Springfield
Annandale,Week1,Springboard,Week4,212.0 Springboard - 184.0 Annandale
Annandale,Week4,South Run,Week4,240.0 South Run - 161.0 Annandale
Annandale,Week1,Country Club Hills,Week4,269.0 Country Club Hills - 133.0 Annandale
Annandale,Week5,Somerset-Olde Creek,Week5,257.0 Annandale - 145.0 Somerset-Olde Creek
Arlington Forest,Week4,Dowden Terrace,Week5,209.0 Dowden Terrace - 193.0 Arlington Forest
Arlington Forest,Week5,Dowden Terrace,Week1,236.0 Arlington Forest - 165.0 Dowden Terrace
Arlington Forest,Week5,Virginia Run,Week4,224.0 Arlington Forest - 178.0 Virginia Run
Arlington Forest,Week1,Dunn Loring,Week4,298.0 Dunn Loring - 104.0 Arlington Forest
Annandale,Week5,Newington Forest,Week2,206.0 Annandale - 192.0 Newington Forest
Annandale,Week5,Somerset-Olde Creek,Week1,264.0 Annandale - 138.0 Somerset-Olde Creek
Arlington Forest,Week3,Dowden Terrace,Week5,248.0 Dowden Terrace - 154.0 Arlington Forest
Arlington Forest,Week1,Little Hunting Park,Week3,282.0 Arlington Forest - 120.0 Little Hunting Park
Annandale,Week3,Kent Gardens,Week3,252.0 Kent Gardens - 150.0 Annandale
Annandale,Week2,South Run,Week4,240.0 South Run - 162.0 Annandale
Annandale,Week3,Kent Gardens,Week1,267.0 Kent Gardens - 135.0 Annandale
Arlington Forest,Week1,Little Rocky Run,Week1,249.0 Little Rocky Run - 148.0 Arlington Forest
Annandale,Week2,Kent Gardens,Week5,302.0 Kent Gardens - 100.0 Annandale
Annandale,Week2,North Springfield,Week1,254.0 Annandale - 96.0 North Springfield
Annandale,Week3,Country Club Hills,Week2,240.0 Country Club Hills - 162.0 Annandale
Arlington Forest,Week3,Dowden Terrace,Week3,210.0 Dowden Terrace - 192.0 Arlington Forest
Arlington Forest,Week1,Little Rocky Run,Week2,260.0 Little Rocky Run - 142.0 Arlington Forest
Arlington Forest,Week2,Little Hunting Park,Week1,258.0 Arlington Forest - 144.0 Little Hunting Park
Annandale,Week1,South Run,Week3,262.0 South Run - 140.0 Annandale
Annandale,Week4,Kings Ridge ,Week1,208.0 Kings Ridge - 194.0 Annandale
Annandale,Week2,Country Club Hills,Week3,252.0 Country Club Hills - 150.0 Annandale
Arlington Forest,Week1,Little Hunting Park,Week5,243.5 Arlington Forest - 158.5 Little Hunting Park
Arlington Forest,Week2,Dowden Terrace,Week2,221.0 Dowden Terrace - 181.0 Arlington Forest
Annandale,Week5,Newington Forest,Week5,219.5 Newington Forest - 182.5 Annandale
Arlington Forest,Week2,Little Hunting Park,Week2,256.0 Arlington Forest - 146.0 Little Hunting Park
Arlington Forest,Week5,Dowden Terrace,Week3,232.0 Arlington Forest - 170.0 Dowden Terrace
Annandale,Week1,Country Club Hills,Week3,265.0 Country Club Hills - 137.0 Annandale
Annandale,Week2,Country Club Hills,Week4,252.0 Country Club Hills - 150.0 Annandale
Annandale,Week4,Country Club Hills,Week3,274.0 Country Club Hills - 128.0 Annandale
Arlington Forest,Week1,Little Hunting Park,Week1,284.0 Arlington Forest - 118.0 Little Hunting Park
Annandale,Week1,Kings Ridge ,Week1,206.0 Kings Ridge - 196.0 Annandale
Annandale,Week3,Country Club Hills,Week1,236.0 Country Club Hills - 166.0 Annandale
Annandale,Week3,Country Club Hills,Week3,248.0 Country Club Hills - 154.0 Annandale
Annandale,Week1,Kings Ridge ,Week4,216.0 Kings Ridge - 186.0 Annandale
Annandale,Week3,Newington Forest,Week5,228.0 Newington Forest - 174.0 Annandale
Arlington Forest,Week4,Little Hunting Park,Week1,278.0 Arlington Forest - 124.0 Little Hunting Park
Arlington Forest,Week3,Dowden Terrace,Week2,210.0 Dowden Terrace - 192.0 Arlington Forest
Arlington Forest,Week3,Little Hunting Park,Week3,236.0 Arlington Forest - 166.0 Little Hunting Park
Annandale,Week4,North Springfield,Week1,241.0 Annandale - 108.0 North Springfield
Annandale,Week1,South Run,Week2,242.0 South Run - 159.0 Annandale
Annandale,Week4,Newington Forest,Week5,247.0 Newington Forest - 155.0 Annandale
Annandale,Week1,South Run,Week5,261.0 South Run - 141.0 Annandale
Arlington Forest,Week1,Dowden Terrace,Week5,225.0 Dowden Terrace - 177.0 Arlington Forest
Arlington Forest,Week5,Dowden Terrace,Week5,209.0 Arlington Forest - 193.0 Dowden Terrace
Annandale,Week5,South Run,Week5,249.0 South Run - 153.0 Annandale
Annandale,Week1,Springboard,Week1,202.0 Springboard - 198.0 Annandale
Arlington Forest,Week4,Little Hunting Park,Week3,280.0 Arlington Forest - 122.0 Little Hunting Park
Annandale,Week4,Newington Forest,Week4,239.0 Newington Forest - 163.0 Annandale
Arlington Forest,Week4,Dowden Terrace,Week1,222.0 Arlington Forest - 180.0 Dowden Terrace
Annandale,Week4,Newington Forest,Week3,217.0 Newington Forest - 185.0 Annandale
Annandale,Week1,Kings Ridge ,Week2,204.0 Kings Ridge - 197.0 Annandale
Annandale,Week1,South Run,Week4,248.0 South Run - 147.0 Annandale
Annandale,Week5,Kent Gardens,Week4,269.0 Kent Gardens - 133.0 Annandale
Annandale,Week5,Somerset-Olde Creek,Week3,285.0 Annandale - 116.0 Somerset-Olde Creek
Annandale,Week1,Kings Ridge ,Week3,202.0 Kings Ridge - 200.0 Annandale
Arlington Forest,Week1,Dunn Loring,Week2,291.0 Dunn Loring - 111.0 Arlington Forest
Annandale,Week4,Kent Gardens,Week3,282.0 Kent Gardens - 120.0 Annandale
Annandale,Week5,Kent Gardens,Week2,264.0 Kent Gardens - 138.0 Annandale
Arlington Forest,Week1,Dunn Loring,Week5,306.0 Dunn Loring - 96.0 Arlington Forest
Annandale,Week4,South Run,Week5,272.0 South Run - 130.0 Annandale
Arlington Forest,Week3,Little Rocky Run,Week1,275.0 Little Rocky Run - 127.0 Arlington Forest
Arlington Forest,Week1,Long Branch,Week5,247.0 Arlington Forest - 155.0 Long Branch
Annandale,Week3,Newington Forest,Week3,203.0 Annandale - 199.0 Newington Forest
Annandale,Week2,South Run,Week1,255.0 South Run - 138.0 Annandale
Arlington Forest,Week4,Little Hunting Park,Week5,258.0 Arlington Forest - 144.0 Little Hunting Park
Annandale,Week3,Newington Forest,Week4,211.0 Newington Forest - 186.0 Annandale
Arlington Forest,Week1,Dunn Loring,Week1,254.0 Dunn Loring - 148.0 Arlington Forest
Annandale,Week4,Kings Ridge ,Week2,216.0 Kings Ridge - 186.0 Annandale
Annandale,Week5,Newington Forest,Week1,208.0 Annandale - 193.0 Newington Forest
Annandale,Week1,North Springfield,Week2,219.0 Annandale - 164.0 North Springfield
Arlington Forest,Week2,Dowden Terrace,Week3,211.0 Arlington Forest - 191.0 Dowden Terrace
Annandale,Week3,Kings Ridge ,Week2,222.0 Annandale - 180.0 Kings Ridge
Annandale,Week3,South Run,Week2,228.0 South Run - 174.0 Annandale
Arlington Forest,Week1,Dunn Loring,Week3,294.0 Dunn Loring - 108.0 Arlington Forest
Arlington Forest,Week2,Dunn Loring,Week2,291.0 Dunn Loring - 111.0 Arlington Forest
Annandale,Week4,Kent Gardens,Week5,313.0 Kent Gardens - 89.0 Annandale
Annandale,Week5,Kent Gardens,Week5,313.0 Kent Gardens - 89.0 Annandale
Arlington Forest,Week3,Dunn Loring,Week5,318.0 Dunn Loring - 84.0 Arlington Forest
Annandale,Week5,Kent Gardens,Week1,283.0 Kent Gardens - 119.0 Annandale
Annandale,Week5,Somerset-Olde Creek,Week4,289.0 Annandale - 113.0 Somerset-Olde Creek
Annandale,Week5,South Run,Week2,222.0 South Run - 179.0 Annandale
Annandale,Week1,North Springfield,Week1,246.0 Annandale - 104.0 North Springfield
Annandale,Week5,Newington Forest,Week3,211.0 Annandale - 191.0 Newington Forest
Arlington Forest,Week1,Little Rocky Run,Week4,273.0 Little Rocky Run - 129.0 Arlington Forest
Arlington Forest,Week3,Fair Oaks ,Week1,235.0 Fair Oaks - 167.0 Arlington Forest
Annandale,Week4,South Run,Week2,232.0 South Run - 169.0 Annandale
Annandale,Week3,Newington Forest,Week2,231.0 Annandale - 171.0 Newington Forest
Annandale,Week2,North Springfield,Week3,248.0 Annandale - 146.0 North Springfield
Annandale,Week5,Kent Gardens,Week3,265.0 Kent Gardens - 137.0 Annandale
Arlington Forest,Week5,Little Hunting Park,Week5,259.0 Arlington Forest - 143.0 Little Hunting Park
Annandale,Week3,South Run,Week4,230.0 South Run - 172.0 Annandale
Arlington Forest,Week5,Little Hunting Park,Week2,274.0 Arlington Forest - 128.0 Little Hunting Park
Annandale,Week2,Kings Ridge ,Week4,205.0 Kings Ridge - 197.0 Annandale
Arlington Forest,Week5,Little Rocky Run,Week4,241.0 Little Rocky Run - 161.0 Arlington Forest
Annandale,Week2,South Run,Week2,233.0 South Run - 169.0 Annandale
Arlington Forest,Week2,Little Rocky Run,Week2,257.0 Little Rocky Run - 145.0 Arlington Forest
Annandale,Week5,South Run,Week3,235.0 South Run - 167.0 Annandale
Annandale,Week3,Kings Ridge ,Week1,211.0 Annandale - 191.0 Kings Ridge
Arlington Forest,Week3,Little Rocky Run,Week3,300.0 Little Rocky Run - 102.0 Arlington Forest
Annandale,Week3,North Springfield,Week1,251.0 Annandale - 100.0 North Springfield
Arlington Forest,Week2,Dunn Loring,Week3,308.0 Dunn Loring - 94.0 Arlington Forest
Annandale,Week4,South Run,Week1,248.0 South Run - 145.0 Annandale
Annandale,Week2,North Springfield,Week4,271.0 Annandale - 119.0 North Springfield
Annandale,Week3,Kings Ridge ,Week3,220.0 Annandale - 182.0 Kings Ridge
Annandale,Week3,South Run,Week1,228.0 South Run - 165.0 Annandale
Annandale,Week3,North Springfield,Week2,252.0 Annandale - 136.0 North Springfield
Arlington Forest,Week2,Little Rocky Run,Week3,287.0 Little Rocky Run - 115.0 Arlington Forest
Arlington Forest,Week4,Dunn Loring,Week2,256.0 Dunn Loring - 146.0 Arlington Forest
Annandale,Week4,Newington Forest,Week1,208.0 Newington Forest - 192.0 Annandale
Arlington Forest,Week2,Little Rocky Run,Week1,260.0 Little Rocky Run - 142.0 Arlington Forest
Arlington Forest,Week4,Dunn Loring,Week1,232.0 Dunn Loring - 170.0 Arlington Forest
Annandale,Week1,Kings Ridge ,Week5,234.0 Kings Ridge - 168.0 Annandale
Arlington Forest,Week4,Little Rocky Run,Week2,247.0 Little Rocky Run - 155.0 Arlington Forest
Arlington Forest,Week2,Dunn Loring,Week5,311.0 Dunn Loring - 91.0 Arlington Forest
Annandale,Week5,South Run,Week4,227.0 South Run - 174.0 Annandale
Arlington Forest,Week5,Dowden Terrace,Week4,232.0 Arlington Forest - 165.0 Dowden Terrace
Arlington Forest,Week4,Little Rocky Run,Week3,254.0 Little Rocky Run - 148.0 Arlington Forest
Annandale,Week2,Kings Ridge ,Week3,223.0 Annandale - 179.0 Kings Ridge
Annandale,Week2,Kings Ridge ,Week2,216.0 Annandale - 186.0 Kings Ridge
Annandale,Week5,Springboard,Week2,227.0 Annandale - 175.0 Springboard
Arlington Forest,Week3,Dunn Loring,Week2,310.0 Dunn Loring - 92.0 Arlington Forest
Annandale,Week3,North Springfield,Week3,254.0 Annandale - 143.0 North Springfield
Annandale,Week3,North Springfield,Week5,234.0 Annandale - 140.0 North Springfield
Arlington Forest,Week4,Little Rocky Run,Week4,255.0 Little Rocky Run - 147.0 Arlington Forest
Annandale,Week1,Springboard,Week2,208.0 Annandale - 193.0 Springboard
Arlington Forest,Week4,Dunn Loring,Week3,255.0 Dunn Loring - 147.0 Arlington Forest
Arlington Forest,Week4,Little Hunting Park,Week4,275.0 Arlington Forest - 127.0 Little Hunting Park
Annandale,Week3,Springboard,Week2,236.0 Annandale - 161.0 Springboard
Arlington Forest,Week1,Long Branch,Week1,255.0 Arlington Forest - 142.0 Long Branch
Annandale,Week2,Kings Ridge ,Week1,206.0 Annandale - 196.0 Kings Ridge
Annandale,Week4,North Springfield,Week3,230.0 Annandale - 165.0 North Springfield
Arlington Forest,Week3,Little Rocky Run,Week5,314.0 Little Rocky Run - 88.0 Arlington Forest
Annandale,Week4,Kent Gardens,Week4,291.5 Kent Gardens - 110.5 Annandale
Annandale,Week1,Springboard,Week5,222.0 Springboard - 179.0 Annandale
Annandale,Week3,Kings Ridge ,Week4,217.0 Kings Ridge - 185.0 Annandale
Annandale,Week4,North Springfield,Week2,228.0 Annandale - 159.0 North Springfield
Arlington Forest,Week5,Dunn Loring,Week4,244.0 Dunn Loring - 158.0 Arlington Forest
Arlington Forest,Week5,Dunn Loring,Week2,256.0 Dunn Loring - 146.0 Arlington Forest
Annandale,Week5,Lake Braddock,Week1,247.0 Annandale - 155.0 Lake Braddock
Arlington Forest,Week2,Fair Oaks ,Week5,258.0 Fair Oaks - 144.0 Arlington Forest
Arlington Forest,Week3,Little Rocky Run,Week2,289.0 Little Rocky Run - 113.0 Arlington Forest
Annandale,Week1,Old Keene Mill,Week2,225.0 Old Keene Mill - 177.0 Annandale
Arlington Forest,Week2,Fair Oaks ,Week2,209.0 Arlington Forest - 193.0 Fair Oaks
Arlington Forest,Week2,Little Rocky Run,Week5,295.0 Little Rocky Run - 102.0 Arlington Forest
Arlington Forest,Week2,Fair Oaks ,Week1,221.0 Fair Oaks - 181.0 Arlington Forest
Arlington Forest,Week5,Little Rocky Run,Week3,249.0 Little Rocky Run - 153.0 Arlington Forest
Annandale,Week2,Springboard,Week2,217.0 Annandale - 184.0 Springboard
Annandale,Week1,Springfield,Week2,314.0 Annandale - 68.0 Springfield
Annandale,Week2,Springboard,Week5,207.5 Springboard - 193.5 Annandale
Annandale,Week5,North Springfield,Week2,243.0 Annandale - 144.0 North Springfield
Arlington Forest,Week3,Dunn Loring,Week1,265.0 Dunn Loring - 137.0 Arlington Forest
Annandale,Week4,North Springfield,Week5,212.0 Annandale - 157.0 North Springfield
Arlington Forest,Week1,Fair Oaks ,Week4,212.0 Fair Oaks - 190.0 Arlington Forest
Arlington Forest,Week5,Little Rocky Run,Week5,250.0 Little Rocky Run - 147.0 Arlington Forest
Annandale,Week5,North Springfield,Week4,269.0 Annandale - 120.0 North Springfield
Arlington Forest,Week5,Little Rocky Run,Week2,234.0 Little Rocky Run - 168.0 Arlington Forest
Annandale,Week2,Springboard,Week4,204.0 Springboard - 198.0 Annandale
Arlington Forest,Week1,Fair Oaks ,Week1,216.0 Fair Oaks - 186.0 Arlington Forest
Annandale,Week3,Kings Ridge ,Week5,202.5 Kings Ridge - 199.5 Annandale
Annandale,Week1,Oakton ,Week3,330.0 Oakton - 67.0 Annandale
Annandale,Week5,Oakton ,Week5,337.0 Oakton - 65.0 Annandale
Annandale,Week1,Lake Braddock,Week5,212.0 Lake Braddock - 189.0 Annandale
Annandale,Week5,Kings Ridge ,Week5,209.0 Kings Ridge - 193.0 Annandale
Annandale,Week1,Lake Braddock,Week3,206.0 Annandale - 195.0 Lake Braddock
Annandale,Week2,Oakton ,Week3,327.0 Oakton - 75.0 Annandale
Arlington Forest,Week1,Little Rocky Run,Week3,279.0 Little Rocky Run - 123.0 Arlington Forest
Arlington Forest,Week4,Little Rocky Run,Week5,270.0 Little Rocky Run - 132.0 Arlington Forest
Arlington Forest,Week3,Dunn Loring,Week4,316.0 Dunn Loring - 86.0 Arlington Forest
Annandale,Week3,Springboard,Week5,213.0 Annandale - 189.0 Springboard
Annandale,Week5,North Springfield,Week1,257.0 Annandale - 93.0 North Springfield
Annandale,Week2,Springfield,Week4,315.0 Annandale - 81.0 Springfield
Annandale,Week3,Springboard,Week3,216.0 Annandale - 186.0 Springboard
Annandale,Week5,Kings Ridge ,Week2,214.0 Annandale - 188.0 Kings Ridge
Arlington Forest,Week5,Dunn Loring,Week5,259.0 Dunn Loring - 143.0 Arlington Forest
Annandale,Week2,Springboard,Week3,204.0 Springboard - 197.0 Annandale
Arlington Forest,Week2,Little Rocky Run,Week4,285.5 Little Rocky Run - 116.5 Arlington Forest
Annandale,Week1,Oakton ,Week5,340.0 Oakton - 62.0 Annandale
Annandale,Week2,Lake Braddock,Week3,213.0 Annandale - 188.0 Lake Braddock
Arlington Forest,Week4,Dunn Loring,Week5,279.0 Dunn Loring - 123.0 Arlington Forest
Annandale,Week4,Springboard,Week1,208.0 Springboard - 193.0 Annandale
Arlington Forest,Week3,Little Rocky Run,Week4,302.0 Little Rocky Run - 100.0 Arlington Forest
Annandale,Week2,Kings Ridge ,Week5,208.0 Annandale - 194.0 Kings Ridge
Annandale,Week5,North Springfield,Week3,255.0 Annandale - 141.0 North Springfield
Annandale,Week4,Kings Ridge ,Week3,218.0 Kings Ridge - 182.0 Annandale
Annandale,Week2,Lake Braddock,Week5,204.0 Annandale - 198.0 Lake Braddock
Annandale,Week2,Oakton ,Week5,345.0 Oakton - 57.0 Annandale
Arlington Forest,Week4,Little Rocky Run,Week1,247.0 Little Rocky Run - 155.0 Arlington Forest
Arlington Forest,Week5,Little Rocky Run,Week1,229.0 Little Rocky Run - 173.0 Arlington Forest
Arlington Forest,Week1,Fair Oaks ,Week2,226.0 Arlington Forest - 176.0 Fair Oaks
Arlington Forest,Week1,Long Branch,Week2,233.0 Arlington Forest - 169.0 Long Branch
Annandale,Week3,Springboard,Week1,211.0 Annandale - 191.0 Springboard
Annandale,Week5,Kings Ridge ,Week3,230.0 Annandale - 171.0 Kings Ridge
Annandale,Week1,Springfield,Week3,310.0 Annandale - 77.0 Springfield
Annandale,Week4,Springboard,Week3,212.0 Springboard - 189.0 Annandale
Arlington Forest,Week3,Dunn Loring,Week3,304.0 Dunn Loring - 98.0 Arlington Forest
Annandale,Week4,Springboard,Week2,209.0 Annandale - 192.0 Springboard
Annandale,Week4,Kings Ridge ,Week4,227.0 Kings Ridge - 175.0 Annandale
Arlington Forest,Week5,Dunn Loring,Week1,224.0 Dunn Loring - 178.0 Arlington Forest
Annandale,Week3,Oakton ,Week2,328.0 Oakton - 74.0 Annandale
Arlington Forest,Week1,Long Branch,Week3,261.0 Arlington Forest - 141.0 Long Branch
Annandale,Week2,Lake Braddock,Week4,206.0 Annandale - 196.0 Lake Braddock
Annandale,Week2,Oakton ,Week1,329.0 Oakton - 73.0 Annandale
Arlington Forest,Week1,Fair Oaks ,Week3,222.0 Fair Oaks - 180.0 Arlington Forest
Annandale,Week1,Oakton ,Week2,338.0 Oakton - 64.0 Annandale
Arlington Forest,Week2,Long Branch,Week4,243.5 Arlington Forest - 158.5 Long Branch
Annandale,Week5,Kings Ridge ,Week1,213.0 Annandale - 189.0 Kings Ridge
Arlington Forest,Week5,Long Branch,Week2,257.0 Arlington Forest - 145.0 Long Branch
Annandale,Week1,Oakton ,Week1,330.0 Oakton - 72.0 Annandale
Annandale,Week1,Springfield,Week5,321.0 Annandale - 65.0 Springfield
Annandale,Week2,Springfield,Week1,316.0 Annandale - 80.0 Springfield
Annandale,Week2,Lake Braddock,Week2,211.0 Annandale - 191.0 Lake Braddock
Annandale,Week5,Springboard,Week3,208.0 Annandale - 194.0 Springboard
Arlington Forest,Week1,Fair Oaks ,Week5,249.0 Fair Oaks - 153.0 Arlington Forest
Arlington Forest,Week1,Long Branch,Week4,257.0 Arlington Forest - 145.0 Long Branch
Arlington Forest,Week2,Fair Oaks ,Week3,237.0 Fair Oaks - 165.0 Arlington Forest
Annandale,Week5,Kings Ridge ,Week4,208.0 Annandale - 194.0 Kings Ridge
Annandale,Week1,Lake Braddock,Week4,203.0 Annandale - 198.0 Lake Braddock
Annandale,Week3,Oakton ,Week3,315.5 Oakton - 81.5 Annandale
Arlington Forest,Week5,Dunn Loring,Week3,255.0 Dunn Loring - 147.0 Arlington Forest
Arlington Forest,Week4,Dunn Loring,Week4,255.0 Dunn Loring - 147.0 Arlington Forest
Annandale,Week2,Springboard,Week1,203.0 Annandale - 198.0 Springboard
Annandale,Week4,Springboard,Week4,211.0 Springboard - 191.0 Annandale
Arlington Forest,Week1,Little Rocky Run,Week5,290.0 Little Rocky Run - 112.0 Arlington Forest
Arlington Forest,Week1,Mansion House,Week4,218.0 Arlington Forest - 184.0 Mansion House
Annandale,Week3,Oakton ,Week1,324.0 Oakton - 73.0 Annandale
Arlington Forest,Week2,Fair Oaks ,Week4,225.0 Fair Oaks - 177.0 Arlington Forest
Annandale,Week4,Oakton ,Week2,341.0 Oakton - 61.0 Annandale
Annandale,Week2,Oakton ,Week2,337.0 Oakton - 65.0 Annandale
Annandale,Week3,Lake Braddock,Week4,224.0 Annandale - 178.0 Lake Braddock
Arlington Forest,Week3,Fair Oaks ,Week5,255.0 Fair Oaks - 147.0 Arlington Forest
Annandale,Week4,Springboard,Week5,205.0 Springboard - 196.0 Annandale
Annandale,Week3,Springboard,Week4,206.5 Annandale - 185.5 Springboard
Arlington Forest,Week2,Mansion House,Week2,224.0 Mansion House - 173.0 Arlington Forest
Arlington Forest,Week4,Long Branch,Week2,263.5 Arlington Forest - 138.5 Long Branch
Annandale,Week5,North Springfield,Week5,221.0 Annandale - 148.0 North Springfield
Annandale,Week3,Lake Braddock,Week5,214.0 Annandale - 188.0 Lake Braddock
Arlington Forest,Week3,Fair Oaks ,Week3,237.0 Fair Oaks - 165.0 Arlington Forest
Arlington Forest,Week2,Long Branch,Week3,249.0 Arlington Forest - 153.0 Long Branch
Arlington Forest,Week3,Long Branch,Week1,225.0 Arlington Forest - 176.0 Long Branch
Annandale,Week5,Springboard,Week5,207.0 Springboard - 195.0 Annandale
Annandale,Week1,Oakton ,Week4,338.0 Oakton - 64.0 Annandale
Annandale,Week4,Lake Braddock,Week1,224.0 Annandale - 178.0 Lake Braddock
Annandale,Week2,Oakton ,Week4,337.0 Oakton - 65.0 Annandale
Arlington Forest,Week3,Fair Oaks ,Week2,216.0 Fair Oaks - 186.0 Arlington Forest
Annandale,Week5,Springboard,Week4,202.0 Springboard - 200.0 Annandale
Annandale,Week4,Lake Braddock,Week3,204.0 Lake Braddock - 197.0 Annandale
Annandale,Week4,Kings Ridge ,Week5,237.0 Kings Ridge - 165.0 Annandale
Arlington Forest,Week4,Fair Oaks ,Week1,209.0 Arlington Forest - 193.0 Fair Oaks
Arlington Forest,Week5,Fair Oaks ,Week2,252.0 Arlington Forest - 150.0 Fair Oaks
Arlington Forest,Week1,Mansion House,Week2,212.0 Mansion House - 190.0 Arlington Forest
Arlington Forest,Week3,Fair Oaks ,Week4,239.0 Fair Oaks - 163.0 Arlington Forest
Annandale,Week2,Lake Braddock,Week1,226.0 Annandale - 176.0 Lake Braddock
Annandale,Week4,Oakton ,Week4,343.0 Oakton - 59.0 Annandale
Annandale,Week4,Annandale,Week5,209.0 Annandale (A2) - 192.0 Annandale (A1)
Arlington Forest,Week4,Fair Oaks ,Week2,233.0 Arlington Forest - 169.0 Fair Oaks
Arlington Forest,Week5,Fair Oaks ,Week3,202.0 Arlington Forest - 200.0 Fair Oaks
Annandale,Week4,Oakton ,Week3,335.0 Oakton - 67.0 Annandale
Annandale,Week2,Springfield,Week3,329.0 Annandale - 68.0 Springfield
Annandale,Week2,Stratford,Week4,232.0 Stratford - 170.0 Annandale
Arlington Forest,Week4,Fairfax,Week5,277.0 Fairfax - 125.0 Arlington Forest
Arlington Forest,Week3,Fairfax,Week5,310.0 Fairfax - 91.0 Arlington Forest
Annandale,Week2,Springfield,Week2,340.0 Annandale - 55.0 Springfield
Annandale,Week3,Lake Braddock,Week2,222.0 Annandale - 180.0 Lake Braddock
Annandale,Week4,Annandale,Week3,224.0 Annandale (A2) - 178.0 Annandale (A1)
Annandale,Week4,Oakton ,Week5,339.0 Oakton - 63.0 Annandale
Annandale,Week5,Springboard,Week1,215.0 Springboard - 187.0 Annandale
Arlington Forest,Week3,Long Branch,Week5,214.0 Arlington Forest - 187.0 Long Branch
Annandale,Week3,Oakton ,Week4,333.0 Oakton - 69.0 Annandale
Arlington Forest,Week5,Long Branch,Week4,269.0 Arlington Forest - 133.0 Long Branch
Annandale,Week1,Springfield,Week1,308.0 Annandale - 86.0 Springfield
Annandale,Week1,Lake Braddock,Week1,226.0 Annandale - 176.0 Lake Braddock
Annandale,Week3,Arlington Forest,Week3,258.0 Arlington Forest - 144.0 Annandale
Annandale,Week4,Lake Braddock,Week5,223.0 Lake Braddock - 179.0 Annandale
Annandale,Week5,Oakton ,Week1,323.0 Oakton - 79.0 Annandale
Annandale,Week3,Oakton ,Week5,338.0 Oakton - 64.0 Annandale
Annandale,Week4,Arlington Forest,Week1,309.0 Arlington Forest - 93.0 Annandale
Annandale,Week3,Lake Braddock,Week3,226.5 Annandale - 175.5 Lake Braddock
Annandale,Week4,Lake Braddock,Week4,210.0 Lake Braddock - 192.0 Annandale
Annandale,Week1,Springfield,Week4,298.0 Annandale - 91.0 Springfield
Arlington Forest,Week5,Long Branch,Week3,268.0 Arlington Forest - 134.0 Long Branch
Arlington Forest,Week4,Mansion House,Week1,210.0 Mansion House - 192.0 Arlington Forest
Arlington Forest,Week3,Mansion House,Week5,259.0 Mansion House - 143.0 Arlington Forest
Arlington Forest,Week2,Mansion House,Week3,249.0 Mansion House - 153.0 Arlington Forest
Annandale,Week1,Lake Braddock,Week2,210.0 Lake Braddock - 191.0 Annandale
Arlington Forest,Week1,Fairfax,Week2,267.0 Fairfax - 135.0 Arlington Forest
Annandale,Week5,Oakton ,Week2,326.0 Oakton - 76.0 Annandale
Annandale,Week5,Springfield,Week1,316.5 Annandale - 75.5 Springfield
Annandale,Week3,Arlington Forest,Week5,290.0 Arlington Forest - 107.0 Annandale
Annandale,Week2,Arlington Forest,Week5,301.0 Arlington Forest - 101.0 Annandale
Annandale,Week5,Oakton ,Week4,333.5 Oakton - 68.5 Annandale
Arlington Forest,Week4,Fair Oaks ,Week5,219.0 Fair Oaks - 183.0 Arlington Forest
Arlington Forest,Week3,Long Branch,Week4,221.0 Arlington Forest - 181.0 Long Branch
Annandale,Week3,Stratford,Week3,207.0 Stratford - 195.0 Annandale
Annandale,Week5,Annandale,Week2,205.0 Annandale (A2) - 197.0 Annandale (A1)
Arlington Forest,Week2,Mansion House,Week5,240.0 Mansion House - 162.0 Arlington Forest
Annandale,Week4,Lake Braddock,Week2,204.0 Lake Braddock - 198.0 Annandale
Arlington Forest,Week2,Long Branch,Week5,233.0 Arlington Forest - 169.0 Long Branch
Arlington Forest,Week2,Long Branch,Week1,244.0 Arlington Forest - 153.0 Long Branch
Annandale,Week5,Lakevale Estates,Week4,332.0 Lakevale Estates - 70.0 Annandale
Annandale,Week3,Lake Braddock,Week1,257.0 Annandale - 145.0 Lake Braddock
Annandale,Week5,Oakton ,Week3,318.0 Oakton - 84.0 Annandale
Arlington Forest,Week1,Fairfax,Week4,252.0 Fairfax - 150.0 Arlington Forest
Annandale,Week3,Stratford,Week1,204.0 Annandale - 193.0 Stratford
Annandale,Week3,Springfield,Week3,328.0 Annandale - 64.0 Springfield
Annandale,Week4,Springfield,Week5,322.5 Annandale - 64.5 Springfield
Arlington Forest,Week5,Fair Oaks ,Week4,233.0 Arlington Forest - 169.0 Fair Oaks
Annandale,Week3,Springfield,Week1,321.0 Annandale - 75.0 Springfield
Annandale,Week1,Old Keene Mill,Week1,221.0 Old Keene Mill - 181.0 Annandale
Annandale,Week2,Lakevale Estates,Week3,317.0 Lakevale Estates - 85.0 Annandale
Annandale,Week3,Old Keene Mill,Week2,202.0 Annandale - 200.0 Old Keene Mill
Annandale,Week3,Springfield,Week5,337.0 Annandale - 53.0 Springfield
Annandale,Week1,Orange Hunt,Week3,291.0 Orange Hunt - 111.0 Annandale
Annandale,Week3,Springfield,Week2,330.0 Annandale - 61.0 Springfield
Arlington Forest,Week4,Long Branch,Week1,269.0 Arlington Forest - 133.0 Long Branch
Annandale,Week3,Lakevale Estates,Week1,315.0 Lakevale Estates - 82.0 Annandale
Arlington Forest,Week2,Fairfax,Week5,313.0 Fairfax - 89.0 Arlington Forest
Annandale,Week4,Old Keene Mill,Week1,214.0 Old Keene Mill - 187.0 Annandale
Annandale,Week3,Arlington Forest,Week1,288.0 Arlington Forest - 109.0 Annandale
Arlington Forest,Week4,Fairfax,Week2,261.5 Fairfax - 140.5 Arlington Forest
Annandale,Week4,Oakton ,Week1,336.0 Oakton - 66.0 Annandale
Arlington Forest,Week2,Fairfax,Week3,270.0 Fairfax - 132.0 Arlington Forest
Annandale,Week1,Lakevale Estates,Week2,318.0 Lakevale Estates - 84.0 Annandale
Annandale,Week5,Annandale,Week3,201.0 Annandale (A1) - 201.0 Annandale (A2)
Annandale,Week1,Lakeview,Week1,209.0 Annandale - 193.0 Lakeview
Arlington Forest,Week4,Long Branch,Week4,266.0 Arlington Forest - 136.0 Long Branch
Annandale,Week4,Springfield,Week2,318.0 Annandale - 69.0 Springfield
Annandale,Week1,Arlington Forest,Week3,284.0 Arlington Forest - 118.0 Annandale
Annandale,Week2,Arlington Forest,Week2,285.0 Arlington Forest - 117.0 Annandale
Annandale,Week4,Arlington Forest,Week2,290.0 Arlington Forest - 112.0 Annandale
Annandale,Week1,Orange Hunt,Week1,286.0 Orange Hunt - 116.0 Annandale
Arlington Forest,Week2,Fairfax,Week4,270.0 Fairfax - 132.0 Arlington Forest
Annandale,Week2,Lakevale Estates,Week1,314.0 Lakevale Estates - 88.0 Annandale
Arlington Forest,Week2,Fairfax,Week1,251.0 Fairfax - 151.0 Arlington Forest
Annandale,Week4,Arlington Forest,Week3,293.0 Arlington Forest - 109.0 Annandale
Arlington Forest,Week2,Long Branch,Week2,220.5 Arlington Forest - 181.5 Long Branch
Arlington Forest,Week4,Long Branch,Week3,284.0 Arlington Forest - 118.0 Long Branch
Annandale,Week1,Arlington Forest,Week1,296.0 Arlington Forest - 101.0 Annandale
Annandale,Week1,Stratford,Week3,238.0 Stratford - 164.0 Annandale
Annandale,Week1,Arlington Forest,Week5,314.0 Arlington Forest - 88.0 Annandale
Annandale,Week2,Old Keene Mill,Week5,237.0 Old Keene Mill - 164.0 Annandale
Annandale,Week2,Lakevale Estates,Week4,328.0 Lakevale Estates - 74.0 Annandale
Arlington Forest,Week4,Long Branch,Week5,251.0 Arlington Forest - 151.0 Long Branch
Annandale,Week5,Springfield,Week2,332.0 Annandale - 60.0 Springfield
Arlington Forest,Week5,Fair Oaks ,Week5,208.0 Arlington Forest - 194.0 Fair Oaks
Arlington Forest,Week4,Fair Oaks ,Week3,209.0 Arlington Forest - 193.0 Fair Oaks
Arlington Forest,Week3,Long Branch,Week2,215.0 Arlington Forest - 186.0 Long Branch
Annandale,Week5,Old Keene Mill,Week4,217.0 Old Keene Mill - 185.0 Annandale
Annandale,Week5,Annandale,Week4,209.0 Annandale (A1) - 192.0 Annandale (A2)
Arlington Forest,Week3,Fairfax,Week1,274.0 Fairfax - 128.0 Arlington Forest
Annandale,Week1,Stratford,Week2,237.0 Stratford - 165.0 Annandale
Annandale,Week3,Old Keene Mill,Week5,219.0 Old Keene Mill - 183.0 Annandale
Annandale,Week4,Annandale,Week4,199.5 Annandale (A1) - 199.5 Annandale (A2)
Annandale,Week3,Lakevale Estates,Week5,330.0 Lakevale Estates - 72.0 Annandale
Arlington Forest,Week5,Long Branch,Week5,260.0 Arlington Forest - 142.0 Long Branch
Annandale,Week3,Lakevale Estates,Week3,316.0 Lakevale Estates - 76.0 Annandale
Arlington Forest,Week1,Fairfax,Week1,256.0 Fairfax - 146.0 Arlington Forest
Annandale,Week2,Stratford,Week2,208.0 Stratford - 194.0 Annandale
Annandale,Week4,Old Keene Mill,Week3,232.0 Old Keene Mill - 170.0 Annandale
Arlington Forest,Week5,Long Branch,Week1,264.0 Arlington Forest - 133.0 Long Branch
Annandale,Week3,Arlington Forest,Week2,273.0 Arlington Forest - 124.0 Annandale
Annandale,Week5,Annandale,Week5,200.0 Annandale (A1) - 200.0 Annandale (A2)
Arlington Forest,Week3,Fairfax,Week3,282.0 Fairfax - 119.0 Arlington Forest
Annandale,Week4,Springfield,Week4,295.0 Annandale - 94.0 Springfield
Arlington Forest,Week1,Mansion House,Week1,225.0 Mansion House - 177.0 Arlington Forest
Annandale,Week3,Arlington Forest,Week4,307.0 Arlington Forest - 95.0 Annandale
Arlington Forest,Week4,Fair Oaks ,Week4,216.0 Arlington Forest - 186.0 Fair Oaks
Annandale,Week5,Old Keene Mill,Week2,213.0 Old Keene Mill - 189.0 Annandale
Annandale,Week1,Lakevale Estates,Week5,331.0 Lakevale Estates - 71.0 Annandale
Arlington Forest,Week2,Mansion House,Week4,199.0 Arlington Forest - 198.0 Mansion House
Arlington Forest,Week1,Fairfax,Week3,261.0 Fairfax - 141.0 Arlington Forest
Arlington Forest,Week3,Long Branch,Week3,235.0 Arlington Forest - 167.0 Long Branch
Annandale,Week1,Lakevale Estates,Week1,323.0 Lakevale Estates - 74.0 Annandale
Annandale,Week1,Lakevale Estates,Week4,331.0 Lakevale Estates - 71.0 Annandale
Annandale,Week2,Arlington Forest,Week3,265.0 Arlington Forest - 137.0 Annandale
Arlington Forest,Week2,Mansion House,Week1,229.5 Mansion House - 167.5 Arlington Forest
Annandale,Week1,Stratford,Week4,260.0 Stratford - 142.0 Annandale
Annandale,Week4,Springfield,Week3,310.0 Annandale - 77.0 Springfield
Annandale,Week1,Orange Hunt,Week4,277.0 Orange Hunt - 125.0 Annandale
Annandale,Week1,Stratford,Week1,228.5 Stratford - 168.5 Annandale
Annandale,Week1,Lakevale Estates,Week3,319.0 Lakevale Estates - 78.0 Annandale
Arlington Forest,Week1,Mansion House,Week3,228.0 Mansion House - 174.0 Arlington Forest
Annandale,Week5,Springfield,Week4,316.0 Annandale - 77.0 Springfield
Annandale,Week2,Arlington Forest,Week1,284.0 Arlington Forest - 118.0 Annandale
Annandale,Week3,Lakevale Estates,Week4,330.0 Lakevale Estates - 72.0 Annandale
Annandale,Week5,Springfield,Week3,334.0 Annandale - 59.0 Springfield
Annandale,Week4,Lakevale Estates,Week1,329.0 Lakevale Estates - 73.0 Annandale
Annandale,Week1,Arlington Forest,Week4,311.0 Arlington Forest - 91.0 Annandale
Annandale,Week1,Arlington Forest,Week2,295.0 Arlington Forest - 107.0 Annandale
Annandale,Week5,Lake Braddock,Week4,208.0 Annandale - 194.0 Lake Braddock
Arlington Forest,Week1,Mansion House,Week5,219.0 Mansion House - 183.0 Arlington Forest
Annandale,Week2,Old Keene Mill,Week3,233.0 Old Keene Mill - 169.0 Annandale
Annandale,Week3,Orange Hunt,Week1,270.0 Orange Hunt - 132.0 Annandale
Arlington Forest,Week3,Fairfax,Week4,273.0 Fairfax - 128.0 Arlington Forest
Annandale,Week2,Orange Hunt,Week3,286.0 Orange Hunt - 116.0 Annandale
Arlington Forest,Week2,Fairfax,Week2,273.0 Fairfax - 129.0 Arlington Forest
Annandale,Week2,Orange Hunt,Week5,295.0 Orange Hunt - 107.0 Annandale
Arlington Forest,Week4,Fairfax,Week1,248.0 Fairfax - 154.0 Arlington Forest
Annandale,Week2,Old Keene Mill,Week4,222.0 Old Keene Mill - 180.0 Annandale
Arlington Forest,Week3,Mansion House,Week1,245.0 Mansion House - 157.0 Arlington Forest
Arlington Forest,Week3,Mansion House,Week3,261.5 Mansion House - 140.5 Arlington Forest
Annandale,Week5,Springfield,Week5,345.0 Annandale - 44.0 Springfield
Annandale,Week2,Lakevale Estates,Week5,328.0 Lakevale Estates - 74.0 Annandale
Annandale,Week3,Canterbury Woods,Week4,245.0 Canterbury Woods - 157.0 Annandale
Arlington Forest,Week4,Fairfax,Week4,250.0 Fairfax - 152.0 Arlington Forest
Annandale,Week2,Springfield,Week5,341.0 Annandale - 52.0 Springfield
Arlington Forest,Week1,Fairfax,Week5,296.0 Fairfax - 106.0 Arlington Forest
Arlington Forest,Week5,Fair Oaks ,Week1,226.0 Arlington Forest - 176.0 Fair Oaks
Annandale,Week4,Lakevale Estates,Week5,341.0 Lakevale Estates - 61.0 Annandale
Annandale,Week2,Arlington Forest,Week4,294.0 Arlington Forest - 108.0 Annandale
Arlington Forest,Week4,Fairfax,Week3,256.0 Fairfax - 146.0 Arlington Forest
Annandale,Week1,Old Keene Mill,Week4,221.0 Old Keene Mill - 181.0 Annandale
Arlington Forest,Week3,Fairfax,Week2,286.5 Fairfax - 115.5 Arlington Forest
Annandale,Week1,Old Keene Mill,Week5,246.0 Old Keene Mill - 156.0 Annandale
Arlington Forest,Week3,Mansion House,Week2,229.5 Mansion House - 171.5 Arlington Forest
Annandale,Week4,Springfield,Week1,314.0 Annandale - 73.0 Springfield
Arlington Forest,Week2,Fairfax Club Estates,Week3,237.0 Arlington Forest - 165.0 Fairfax Club Estates
Arlington Forest,Week4,Fairfax Club Estates,Week4,255.0 Arlington Forest - 147.0 Fairfax Club Estates
Annandale,Week5,Annandale,Week1,221.0 Annandale (A1) - 181.0 Annandale (A2)
Annandale,Week5,Camelot,Week1,225.0 Camelot - 177.0 Annandale
Annandale,Week4,Lakevale Estates,Week3,330.0 Lakevale Estates - 72.0 Annandale
Annandale,Week2,Lakevale Estates,Week2,313.0 Lakevale Estates - 89.0 Annandale
Arlington Forest,Week4,Mansion House,Week4,227.0 Arlington Forest - 175.0 Mansion House
Annandale,Week5,Lake Braddock,Week3,221.0 Annandale - 181.0 Lake Braddock
Annandale,Week2,Old Keene Mill,Week2,225.0 Old Keene Mill - 177.0 Annandale
Annandale,Week3,Old Keene Mill,Week1,204.0 Annandale - 198.0 Old Keene Mill
Annandale,Week2,Stratford,Week3,217.0 Stratford - 185.0 Annandale
Annandale,Week2,Stratford,Week5,230.0 Stratford - 172.0 Annandale
Annandale,Week2,Stratford,Week1,206.0 Stratford - 196.0 Annandale
Annandale,Week4,Old Keene Mill,Week2,222.0 Old Keene Mill - 180.0 Annandale
Annandale,Week1,Stratford,Week5,253.0 Stratford - 144.0 Annandale
Annandale,Week3,Old Keene Mill,Week4,202.0 Annandale - 200.0 Old Keene Mill
Annandale,Week4,Camelot,Week3,230.0 Camelot - 171.0 Annandale
Annandale,Week3,Lakevale Estates,Week2,318.0 Lakevale Estates - 84.0 Annandale
Arlington Forest,Week1,Mantua,Week1,227.0 Mantua - 175.0 Arlington Forest
Arlington Forest,Week3,Mantua,Week1,261.0 Mantua - 141.0 Arlington Forest
Arlington Forest,Week3,Fairfax Club Estates,Week3,228.0 Arlington Forest - 173.0 Fairfax Club Estates
Annandale,Week4,Lakevale Estates,Week2,336.0 Lakevale Estates - 66.0 Annandale
Annandale,Week4,Canterbury Woods,Week1,234.0 Canterbury Woods - 168.0 Annandale
Arlington Forest,Week5,Fairfax,Week5,268.0 Fairfax - 134.0 Arlington Forest
Annandale,Week3,Springfield,Week4,313.0 Annandale - 78.0 Springfield
Annandale,Week5,Lake Braddock,Week2,220.0 Annandale - 182.0 Lake Braddock
Arlington Forest,Week3,Mansion House,Week4,230.0 Mansion House - 172.0 Arlington Forest
Annandale,Week3,Old Keene Mill,Week3,213.0 Old Keene Mill - 189.0 Annandale
Arlington Forest,Week5,Mansion House,Week4,219.0 Arlington Forest - 178.0 Mansion House
Arlington Forest,Week4,Mantua,Week5,250.0 Mantua - 152.0 Arlington Forest
Annandale,Week5,Old Keene Mill,Week1,213.0 Old Keene Mill - 188.0 Annandale
Annandale,Week4,Camelot,Week1,245.0 Camelot - 157.0 Annandale
Annandale,Week3,Stratford,Week2,207.0 Stratford - 190.0 Annandale
Arlington Forest,Week5,Fairfax Club Estates,Week2,283.0 Arlington Forest - 119.0 Fairfax Club Estates
Annandale,Week4,Camelot,Week4,247.0 Camelot - 155.0 Annandale
Annandale,Week4,Old Keene Mill,Week4,228.0 Old Keene Mill - 174.0 Annandale
Annandale,Week4,Stratford,Week1,214.0 Stratford - 184.0 Annandale
Arlington Forest,Week5,Fairfax,Week4,241.0 Fairfax - 161.0 Arlington Forest
Annandale,Week5,Lakevale Estates,Week1,320.0 Lakevale Estates - 82.0 Annandale
Arlington Forest,Week5,Mansion House,Week3,213.0 Mansion House - 189.0 Arlington Forest
Arlington Forest,Week5,Mantua,Week4,219.0 Mantua - 183.0 Arlington Forest
Annandale,Week1,Old Keene Mill,Week3,240.0 Old Keene Mill - 162.0 Annandale
Annandale,Week5,Camelot,Week3,225.0 Camelot - 177.0 Annandale
Annandale,Week3,Stratford,Week4,231.0 Stratford - 171.0 Annandale
Annandale,Week5,Lake Braddock,Week5,207.0 Annandale - 195.0 Lake Braddock
Arlington Forest,Week3,Fairfax Club Estates,Week4,209.0 Arlington Forest - 192.0 Fairfax Club Estates
Arlington Forest,Week5,Mansion House,Week2,210.0 Arlington Forest - 187.0 Mansion House
Annandale,Week4,Lakevale Estates,Week4,347.0 Lakevale Estates - 55.0 Annandale
Annandale,Week3,Camelot,Week5,231.0 Camelot - 171.0 Annandale
Annandale,Week1,Canterbury Woods,Week2,224.0 Canterbury Woods - 173.0 Annandale
Arlington Forest,Week5,Mansion House,Week1,215.0 Arlington Forest - 182.0 Mansion House
Annandale,Week2,Sully Station,Week1,309.0 Sully Station - 93.0 Annandale
Annandale,Week5,Old Keene Mill,Week3,218.0 Old Keene Mill - 184.0 Annandale
Annandale,Week3,Stratford,Week5,231.0 Stratford - 171.0 Annandale
Annandale,Week4,Old Keene Mill,Week5,241.0 Old Keene Mill - 160.0 Annandale
Arlington Forest,Week1,Fairfax Club Estates,Week2,273.5 Arlington Forest - 128.5 Fairfax Club Estates
Annandale,Week5,Camelot,Week4,219.0 Camelot - 183.0 Annandale
Arlington Forest,Week1,Mantua,Week2,231.0 Mantua - 171.0 Arlington Forest
Annandale,Week5,Old Keene Mill,Week5,240.0 Old Keene Mill - 162.0 Annandale
Annandale,Week4,Stratford,Week2,235.0 Stratford - 166.0 Annandale
Annandale,Week2,Old Keene Mill,Week1,221.0 Old Keene Mill - 181.0 Annandale
Arlington Forest,Week3,Fairfax Club Estates,Week5,216.0 Arlington Forest - 182.0 Fairfax Club Estates
Annandale,Week5,Lakevale Estates,Week5,329.0 Lakevale Estates - 73.0 Annandale
Arlington Forest,Week2,Fairfax Club Estates,Week1,238.0 Arlington Forest - 164.0 Fairfax Club Estates
Annandale,Week5,Lakevale Estates,Week2,323.0 Lakevale Estates - 79.0 Annandale
Annandale,Week4,Stratford,Week3,231.0 Stratford - 170.0 Annandale
Arlington Forest,Week1,Mantua,Week4,244.0 Mantua - 158.0 Arlington Forest
Annandale,Week5,Lakevale Estates,Week3,314.0 Lakevale Estates - 88.0 Annandale
Annandale,Week1,Lakeview,Week4,239.0 Lakeview - 163.0 Annandale
Annandale,Week2,Canterbury Woods,Week2,227.0 Canterbury Woods - 175.0 Annandale
Annandale,Week4,Sully Station,Week1,317.0 Sully Station - 85.0 Annandale
Annandale,Week4,Sully Station,Week2,304.0 Sully Station - 98.0 Annandale
Annandale,Week1,Orange Hunt,Week2,287.0 Orange Hunt - 115.0 Annandale
Arlington Forest,Week2,Fairfax Station,Week1,283.0 Fairfax Station - 119.0 Arlington Forest
Annandale,Week1,Orange Hunt,Week5,297.0 Orange Hunt - 105.0 Annandale
Annandale,Week3,Camelot,Week3,221.0 Camelot - 181.0 Annandale
Annandale,Week4,Orange Hunt,Week2,288.0 Orange Hunt - 114.0 Annandale
Arlington Forest,Week1,Fairfax Station,Week5,293.0 Fairfax Station - 109.0 Arlington Forest
Arlington Forest,Week2,Mantua,Week2,238.5 Mantua - 163.5 Arlington Forest
Arlington Forest,Week1,Mantua,Week5,267.0 Mantua - 135.0 Arlington Forest
Annandale,Week1,Canterbury Woods,Week3,256.0 Canterbury Woods - 146.0 Annandale
Annandale,Week3,Sully Station,Week1,305.0 Sully Station - 97.0 Annandale
Annandale,Week5,Stratford,Week4,242.0 Stratford - 160.0 Annandale
Arlington Forest,Week4,Mansion House,Week2,205.0 Arlington Forest - 197.0 Mansion House
Arlington Forest,Week2,Fairfax Club Estates,Week4,216.0 Arlington Forest - 186.0 Fairfax Club Estates
Annandale,Week1,Lakeview,Week2,205.0 Annandale - 197.0 Lakeview
Annandale,Week2,Orange Hunt,Week1,286.0 Orange Hunt - 116.0 Annandale
Annandale,Week5,Orange Hunt,Week1,272.0 Orange Hunt - 130.0 Annandale
Annandale,Week1,Overlee,Week1,353.0 Overlee - 49.0 Annandale
Annandale,Week1,Canterbury Woods,Week5,245.0 Canterbury Woods - 156.0 Annandale
Annandale,Week2,Lakeview,Week1,230.0 Annandale - 172.0 Lakeview
Annandale,Week5,Camelot,Week2,231.0 Camelot - 171.0 Annandale
Annandale,Week1,Canterbury Woods,Week4,260.0 Canterbury Woods - 142.0 Annandale
Annandale,Week3,Lakeview,Week5,201.0 Lakeview - 192.0 Annandale
Arlington Forest,Week1,Fairfax Club Estates,Week1,274.0 Arlington Forest - 128.0 Fairfax Club Estates
Annandale,Week4,Camelot,Week2,245.0 Camelot - 157.0 Annandale
Arlington Forest,Week2,Mantua,Week1,240.0 Mantua - 157.0 Arlington Forest
Arlington Forest,Week5,Fairfax,Week2,256.0 Fairfax - 146.0 Arlington Forest
Arlington Forest,Week4,Mantua,Week3,259.0 Mantua - 143.0 Arlington Forest
Annandale,Week4,Camelot,Week5,252.0 Camelot - 149.0 Annandale
Annandale,Week1,Lakeview,Week5,222.0 Lakeview - 171.0 Annandale
Annandale,Week3,Camelot,Week4,221.0 Camelot - 181.0 Annandale
Arlington Forest,Week4,Mantua,Week2,219.0 Mantua - 183.0 Arlington Forest
Arlington Forest,Week5,Fairfax,Week3,253.0 Fairfax - 149.0 Arlington Forest
Annandale,Week4,Stratford,Week5,249.5 Stratford - 151.5 Annandale
Annandale,Week3,Orange Hunt,Week5,283.0 Orange Hunt - 119.0 Annandale
Arlington Forest,Week4,Mansion House,Week3,219.0 Mansion House - 183.0 Arlington Forest
Arlington Forest,Week4,Fairfax Club Estates,Week3,273.0 Arlington Forest - 129.0 Fairfax Club Estates
Annandale,Week1,Sully Station,Week1,309.5 Sully Station - 92.5 Annandale
Arlington Forest,Week3,Mantua,Week2,261.0 Mantua - 141.0 Arlington Forest
Annandale,Week4,Lakeview,Week4,227.0 Lakeview - 175.0 Annandale
Annandale,Week2,Canterbury Woods,Week1,225.0 Canterbury Woods - 177.0 Annandale
Annandale,Week1,Sully Station II,Week4,305.0 Sully Station II - 97.0 Annandale
Annandale,Week1,Overlee,Week5,379.0 Overlee - 23.0 Annandale
Annandale,Week5,Stratford,Week5,235.0 Stratford - 167.0 Annandale
Annandale,Week5,Camelot,Week5,233.0 Camelot - 169.0 Annandale
Annandale,Week5,Lakeview,Week3,219.0 Annandale - 183.0 Lakeview
Annandale,Week4,Lakeview,Week3,203.0 Lakeview - 199.0 Annandale
Annandale,Week2,Orange Hunt,Week2,279.0 Orange Hunt - 123.0 Annandale
Arlington Forest,Week2,Fairfax Club Estates,Week2,244.0 Arlington Forest - 158.0 Fairfax Club Estates
Arlington Forest,Week5,Fairfax Club Estates,Week4,255.0 Arlington Forest - 147.0 Fairfax Club Estates
Annandale,Week2,Orange Hunt,Week4,283.0 Orange Hunt - 119.0 Annandale
Annandale,Week5,Stratford,Week2,219.0 Stratford - 183.0 Annandale
Annandale,Week1,Langley,Week3,319.0 Langley - 83.0 Annandale
Annandale,Week5,Stratford,Week1,203.0 Stratford - 198.0 Annandale
Arlington Forest,Week2,Mantua,Week3,292.0 Mantua - 110.0 Arlington Forest
Annandale,Week1,Lakeview,Week3,207.0 Lakeview - 195.0 Annandale
Annandale,Week2,Overlee,Week4,381.0 Overlee - 21.0 Annandale
Annandale,Week3,Lakeview,Week3,224.0 Annandale - 178.0 Lakeview
Arlington Forest,Week4,Mansion House,Week5,215.0 Mansion House - 187.0 Arlington Forest
Annandale,Week1,Canterbury Woods,Week1,220.0 Canterbury Woods - 182.0 Annandale
Arlington Forest,Week1,Fairfax Club Estates,Week5,256.5 Arlington Forest - 145.5 Fairfax Club Estates
Arlington Forest,Week5,Mansion House,Week5,206.0 Mansion House - 196.0 Arlington Forest
Arlington Forest,Week1,Fairfax Station,Week1,254.0 Fairfax Station - 148.0 Arlington Forest
Annandale,Week4,Stratford,Week4,258.0 Stratford - 144.0 Annandale
Arlington Forest,Week2,Fairfax Club Estates,Week5,226.0 Arlington Forest - 176.0 Fairfax Club Estates
Arlington Forest,Week1,Mantua,Week3,281.0 Mantua - 121.0 Arlington Forest
Annandale,Week2,Canterbury Woods,Week4,251.0 Canterbury Woods - 151.0 Annandale
Annandale,Week5,Stratford,Week3,216.0 Stratford - 186.0 Annandale
Annandale,Week1,Langley,Week2,307.0 Langley - 95.0 Annandale
Annandale,Week1,Overlee,Week3,364.0 Overlee - 38.0 Annandale
Annandale,Week5,Lakeview,Week1,245.0 Annandale - 157.0 Lakeview
Annandale,Week2,Canterbury Woods,Week3,254.0 Canterbury Woods - 148.0 Annandale
Annandale,Week1,Overlee,Week4,377.0 Overlee - 25.0 Annandale
Arlington Forest,Week2,Mantua,Week4,252.5 Mantua - 149.5 Arlington Forest
Annandale,Week3,Lakeview,Week2,239.0 Annandale - 163.0 Lakeview
Annandale,Week2,Canterbury Woods,Week5,243.0 Canterbury Woods - 158.0 Annandale
Arlington Forest,Week3,Fairfax Club Estates,Week1,236.0 Arlington Forest - 166.0 Fairfax Club Estates
Annandale,Week5,Lakeview,Week5,207.0 Lakeview - 186.0 Annandale
Annandale,Week1,Sully Station,Week3,313.0 Sully Station - 89.0 Annandale
Arlington Forest,Week3,Mantua,Week4,271.0 Mantua - 131.0 Arlington Forest
Arlington Forest,Week3,Mantua,Week3,297.0 Mantua - 105.0 Arlington Forest
Annandale,Week5,Orange Hunt,Week2,271.0 Orange Hunt - 131.0 Annandale
Annandale,Week3,Canterbury Woods,Week1,214.0 Canterbury Woods - 183.0 Annandale
Arlington Forest,Week1,Fairfax Club Estates,Week3,269.0 Arlington Forest - 133.0 Fairfax Club Estates
Annandale,Week2,Sully Station,Week2,299.0 Sully Station - 103.0 Annandale
Arlington Forest,Week3,Fairfax Club Estates,Week2,239.0 Arlington Forest - 162.0 Fairfax Club Estates
Annandale,Week2,Overlee,Week1,357.0 Overlee - 45.0 Annandale
Annandale,Week4,Sully Station,Week3,308.0 Sully Station - 94.0 Annandale
Arlington Forest,Week2,Springfield,Week4,359.0 Arlington Forest - 37.0 Springfield
Arlington Forest,Week4,Fairfax Club Estates,Week5,268.5 Arlington Forest - 133.5 Fairfax Club Estates
Annandale,Week1,Cardinal Hill,Week3,346.0 Cardinal Hill - 56.0 Annandale
Arlington Forest,Week1,Springfield,Week1,375.0 Arlington Forest - 27.0 Springfield
Annandale,Week3,Sully Station,Week4,312.0 Sully Station - 90.0 Annandale
Annandale,Week4,Lakeview,Week1,217.0 Annandale - 185.0 Lakeview
Arlington Forest,Week4,Springfield,Week2,377.0 Arlington Forest - 24.0 Springfield
Arlington Forest,Week4,Springboard,Week3,307.0 Arlington Forest - 95.0 Springboard
Arlington Forest,Week4,Fairfax Club Estates,Week1,279.0 Arlington Forest - 123.0 Fairfax Club Estates
Annandale,Week2,Sully Station,Week4,314.0 Sully Station - 88.0 Annandale
Annandale,Week3,Canterbury Woods,Week2,214.0 Canterbury Woods - 188.0 Annandale
Annandale,Week1,Langley,Week4,326.0 Langley - 76.0 Annandale
Annandale,Week3,Sully Station,Week3,305.0 Sully Station - 97.0 Annandale
Arlington Forest,Week1,Springfield,Week4,373.0 Arlington Forest - 24.0 Springfield
Annandale,Week4,Orange Hunt,Week1,287.0 Orange Hunt - 115.0 Annandale
Annandale,Week4,Orange Hunt,Week3,300.0 Orange Hunt - 102.0 Annandale
Annandale,Week2,Lakeview,Week2,234.0 Annandale - 168.0 Lakeview
Arlington Forest,Week4,Fairfax Club Estates,Week2,276.0 Arlington Forest - 126.0 Fairfax Club Estates
Annandale,Week2,Lakeview,Week5,196.5 Annandale - 196.5 Lakeview
Annandale,Week3,Canterbury Woods,Week3,238.0 Canterbury Woods - 164.0 Annandale
Annandale,Week3,Sully Station,Week5,309.0 Sully Station - 93.0 Annandale
Arlington Forest,Week5,Mantua,Week1,205.0 Mantua - 192.0 Arlington Forest
Arlington Forest,Week3,Mantua,Week5,289.0 Mantua - 113.0 Arlington Forest
Arlington Forest,Week4,Mantua,Week1,217.0 Mantua - 185.0 Arlington Forest
Arlington Forest,Week5,Fairfax,Week1,235.0 Fairfax - 167.0 Arlington Forest
Arlington Forest,Week5,Fairfax Club Estates,Week1,273.0 Arlington Forest - 129.0 Fairfax Club Estates
Annandale,Week3,Lakeview,Week1,233.0 Annandale - 169.0 Lakeview
Annandale,Week3,Fairfax Club Estates,Week1,230.0 Fairfax Club Estates - 172.0 Annandale
Arlington Forest,Week2,Mantua,Week5,269.0 Mantua - 133.0 Arlington Forest
Annandale,Week3,Sully Station,Week2,306.0 Sully Station - 91.0 Annandale
Annandale,Week3,Canterbury Woods,Week5,229.0 Canterbury Woods - 168.0 Annandale
Annandale,Week2,Cardinal Hill,Week2,322.0 Cardinal Hill - 80.0 Annandale
Annandale,Week5,Orange Hunt,Week4,264.0 Orange Hunt - 138.0 Annandale
Annandale,Week2,Sully Station,Week3,299.0 Sully Station - 103.0 Annandale
Annandale,Week2,Lakeview,Week3,222.0 Annandale - 180.0 Lakeview
Annandale,Week4,Orange Hunt,Week5,304.0 Orange Hunt - 98.0 Annandale
Annandale,Week4,Lakeview,Week5,206.0 Lakeview - 186.0 Annandale
Arlington Forest,Week5,Mantua,Week2,207.0 Mantua - 195.0 Arlington Forest
Arlington Forest,Week5,Mantua,Week3,239.0 Mantua - 163.0 Arlington Forest
Annandale,Week4,Orange Hunt,Week4,292.0 Orange Hunt - 110.0 Annandale
Arlington Forest,Week4,Mantua,Week4,222.0 Mantua - 180.0 Arlington Forest
Arlington Forest,Week1,Fairfax Club Estates,Week4,253.0 Arlington Forest - 149.0 Fairfax Club Estates
Annandale,Week5,Canterbury Woods,Week4,244.0 Canterbury Woods - 158.0 Annandale
Arlington Forest,Week2,Springfield,Week2,371.0 Arlington Forest - 24.0 Springfield
Annandale,Week3,Fairfax Station,Week4,324.0 Fairfax Station - 78.0 Annandale
Annandale,Week4,Sully Station,Week4,323.0 Sully Station - 79.0 Annandale
Annandale,Week2,Overlee,Week2,374.0 Overlee - 28.0 Annandale
Annandale,Week5,Orange Hunt,Week5,284.0 Orange Hunt - 118.0 Annandale
Annandale,Week3,Cardinal Hill,Week1,319.0 Cardinal Hill - 83.0 Annandale
Annandale,Week5,Fairfax Club Estates,Week2,214.0 Fairfax Club Estates - 187.0 Annandale
Annandale,Week4,Lakeview,Week2,206.5 Annandale - 195.5 Lakeview
Annandale,Week5,Fairfax Club Estates,Week5,241.0 Fairfax Club Estates - 161.0 Annandale
Annandale,Week3,Cardinal Hill,Week2,305.0 Cardinal Hill - 92.0 Annandale
Arlington Forest,Week1,Fairfax Station,Week2,272.0 Fairfax Station - 130.0 Arlington Forest
Annandale,Week5,Sully Station,Week3,302.0 Sully Station - 100.0 Annandale
Arlington Forest,Week5,McLean,Week3,286.0 McLean - 111.0 Arlington Forest
Annandale,Week5,Orange Hunt,Week3,281.0 Orange Hunt - 121.0 Annandale
Arlington Forest,Week1,Fairfax Station,Week4,258.0 Fairfax Station - 144.0 Arlington Forest
Annandale,Week2,Overlee,Week3,358.0 Overlee - 44.0 Annandale
Annandale,Week3,Lakeview,Week4,212.0 Lakeview - 190.0 Annandale
Annandale,Week4,Fairfax Station,Week3,356.0 Fairfax Station - 46.0 Annandale
Annandale,Week4,Canterbury Woods,Week5,248.0 Canterbury Woods - 153.0 Annandale
Arlington Forest,Week5,Fairfax Club Estates,Week5,266.0 Arlington Forest - 135.0 Fairfax Club Estates
Arlington Forest,Week5,Fairfax Club Estates,Week3,268.0 Arlington Forest - 134.0 Fairfax Club Estates
Arlington Forest,Week3,Springboard,Week3,258.0 Arlington Forest - 140.0 Springboard
Annandale,Week1,Langley,Week1,326.0 Langley - 76.0 Annandale
Annandale,Week5,Canterbury Woods,Week2,206.0 Canterbury Woods - 196.0 Annandale
Arlington Forest,Week3,Springfield,Week2,362.5 Arlington Forest - 38.5 Springfield
Arlington Forest,Week5,Springboard,Week2,315.0 Arlington Forest - 81.0 Springboard
Arlington Forest,Week1,Mosby Woods,Week3,269.0 Mosby Woods - 133.0 Arlington Forest
Arlington Forest,Week1,Springfield,Week2,378.0 Arlington Forest - 19.0 Springfield
Arlington Forest,Week2,McLean,Week2,306.0 McLean - 96.0 Arlington Forest
Annandale,Week5,Lakeview,Week4,225.0 Lakeview - 177.0 Annandale
Annandale,Week1,Sully Station,Week5,319.5 Sully Station - 82.5 Annandale
Annandale,Week5,Lakeview,Week2,226.0 Annandale - 176.0 Lakeview
Annandale,Week1,Cardinal Hill,Week5,335.0 Cardinal Hill - 67.0 Annandale
Arlington Forest,Week1,Fairfax Station,Week3,280.0 Fairfax Station - 122.0 Arlington Forest
Arlington Forest,Week1,Mosby Woods,Week1,273.0 Mosby Woods - 129.0 Arlington Forest
Annandale,Week1,Fairfax Station,Week3,351.0 Fairfax Station - 51.0 Annandale
Annandale,Week1,Cardinal Hill,Week2,323.0 Cardinal Hill - 79.0 Annandale
Annandale,Week1,Sully Station,Week2,311.0 Sully Station - 91.0 Annandale
Annandale,Week3,Orange Hunt,Week4,269.0 Orange Hunt - 133.0 Annandale
Annandale,Week3,Orange Hunt,Week3,277.0 Orange Hunt - 125.0 Annandale
Annandale,Week1,Fairfax Station,Week5,356.0 Fairfax Station - 46.0 Annandale
Annandale,Week3,Orange Hunt,Week2,266.5 Orange Hunt - 135.5 Annandale
Annandale,Week1,Sully Station,Week4,327.0 Sully Station - 75.0 Annandale
Annandale,Week2,Fairfax Station,Week2,342.0 Fairfax Station - 60.0 Annandale
Annandale,Week5,Sully Station,Week2,296.0 Sully Station - 106.0 Annandale
Annandale,Week1,Overlee,Week2,366.0 Overlee - 36.0 Annandale
Annandale,Week2,Sully Station,Week5,310.0 Sully Station - 92.0 Annandale
Arlington Forest,Week4,Springboard,Week5,291.0 Arlington Forest - 111.0 Springboard
Annandale,Week4,Canterbury Woods,Week2,228.0 Canterbury Woods - 174.0 Annandale
Arlington Forest,Week4,Fairfax Station,Week2,243.0 Fairfax Station - 159.0 Arlington Forest
Arlington Forest,Week5,Springboard,Week3,294.0 Arlington Forest - 107.0 Springboard
Arlington Forest,Week1,Forest Hollow,Week2,203.0 Arlington Forest - 199.0 Forest Hollow
Arlington Forest,Week2,McLean,Week4,295.0 McLean - 107.0 Arlington Forest
Arlington Forest,Week1,McLean,Week2,296.0 McLean - 106.0 Arlington Forest
Annandale,Week2,Lakeview,Week4,216.0 Lakeview - 186.0 Annandale
Annandale,Week2,Cardinal Hill,Week5,328.0 Cardinal Hill - 74.0 Annandale
Annandale,Week3,Fairfax Club Estates,Week3,219.0 Fairfax Club Estates - 183.0 Annandale
Annandale,Week5,Sully Station,Week1,310.0 Sully Station - 92.0 Annandale
Arlington Forest,Week1,McLean,Week1,294.0 McLean - 103.0 Arlington Forest
Arlington Forest,Week2,Fairfax Station,Week5,307.0 Fairfax Station - 95.0 Arlington Forest
Annandale,Week5,Sully Station,Week5,314.0 Sully Station - 88.0 Annandale
Annandale,Week5,Canterbury Woods,Week1,213.0 Canterbury Woods - 189.0 Annandale
Arlington Forest,Week1,McLean,Week4,285.0 McLean - 117.0 Arlington Forest
Annandale,Week1,Parklawn,Week4,222.0 Parklawn - 179.0 Annandale
Arlington Forest,Week2,Forest Hollow,Week5,253.0 Forest Hollow - 149.0 Arlington Forest
Annandale,Week4,Fairfax Club Estates,Week3,237.0 Fairfax Club Estates - 162.0 Annandale
Annandale,Week4,Overlee,Week2,375.0 Overlee - 27.0 Annandale
Arlington Forest,Week2,Springfield,Week3,368.0 Arlington Forest - 27.0 Springfield
Arlington Forest,Week1,Springfield,Week3,378.0 Arlington Forest - 19.0 Springfield
Annandale,Week5,Fairfax Club Estates,Week1,234.0 Fairfax Club Estates - 168.0 Annandale
Annandale,Week3,Cardinal Hill,Week3,333.5 Cardinal Hill - 68.5 Annandale
Arlington Forest,Week3,Fairfax Station,Week5,299.0 Fairfax Station - 103.0 Arlington Forest
Arlington Forest,Week3,McLean,Week3,313.5 McLean - 88.5 Arlington Forest
Annandale,Week1,Sully Station II,Week3,333.0 Sully Station II - 64.0 Annandale
Annandale,Week5,Fairfax Club Estates,Week3,229.0 Fairfax Club Estates - 172.0 Annandale
Annandale,Week5,Canterbury Woods,Week5,238.0 Canterbury Woods - 164.0 Annandale
Arlington Forest,Week5,Springboard,Week4,287.0 Arlington Forest - 110.0 Springboard
Arlington Forest,Week3,McLean,Week2,308.0 McLean - 94.0 Arlington Forest
Arlington Forest,Week2,McLean,Week5,313.0 McLean - 89.0 Arlington Forest
Annandale,Week5,Sully Station,Week4,311.0 Sully Station - 91.0 Annandale
Arlington Forest,Week5,Springboard,Week5,284.0 Arlington Forest - 117.0 Springboard
Arlington Forest,Week2,McLean,Week1,297.0 McLean - 105.0 Arlington Forest
Annandale,Week1,Sully Station II,Week1,299.0 Sully Station II - 103.0 Annandale
Annandale,Week3,Parklawn,Week1,218.0 Annandale - 175.0 Parklawn
Annandale,Week3,Cardinal Hill,Week4,324.0 Cardinal Hill - 78.0 Annandale
Annandale,Week3,Fairfax Club Estates,Week4,235.0 Fairfax Club Estates - 167.0 Annandale
Arlington Forest,Week4,Springboard,Week2,325.0 Arlington Forest - 77.0 Springboard
Annandale,Week1,Sully Station II,Week2,316.0 Sully Station II - 86.0 Annandale
Annandale,Week4,Sully Station,Week5,323.0 Sully Station - 79.0 Annandale
Annandale,Week4,Fairfax Club Estates,Week4,256.0 Fairfax Club Estates - 146.0 Annandale
Annandale,Week1,Parklawn,Week1,205.0 Annandale - 183.0 Parklawn
Annandale,Week4,Canterbury Woods,Week3,254.0 Canterbury Woods - 148.0 Annandale
Annandale,Week5,Overlee,Week2,368.0 Overlee - 34.0 Annandale
Arlington Forest,Week5,Mantua,Week5,237.0 Mantua - 165.0 Arlington Forest
Arlington Forest,Week3,Fairfax Station,Week3,314.0 Fairfax Station - 88.0 Arlington Forest
Arlington Forest,Week3,Fairfax Station,Week2,279.0 Fairfax Station - 123.0 Arlington Forest
Annandale,Week4,Canterbury Woods,Week4,258.0 Canterbury Woods - 144.0 Annandale
Arlington Forest,Week3,Fairfax Station,Week4,265.0 Fairfax Station - 137.0 Arlington Forest
Arlington Forest,Week4,Springboard,Week1,297.0 Arlington Forest - 105.0 Springboard
Arlington Forest,Week3,Springboard,Week4,252.0 Arlington Forest - 149.0 Springboard
Arlington Forest,Week4,Springboard,Week4,280.0 Arlington Forest - 122.0 Springboard
Annandale,Week3,Fairfax Club Estates,Week2,203.0 Fairfax Club Estates - 199.0 Annandale
Annandale,Week4,Fairfax Club Estates,Week1,247.0 Fairfax Club Estates - 154.0 Annandale
Annandale,Week5,Overlee,Week3,357.0 Overlee - 45.0 Annandale
Arlington Forest,Week3,Forest Hollow,Week4,246.0 Forest Hollow - 156.0 Arlington Forest
Annandale,Week1,Cardinal Hill,Week4,335.0 Cardinal Hill - 67.0 Annandale
Annandale,Week1,Fairfax Station,Week4,328.0 Fairfax Station - 74.0 Annandale
Annandale,Week4,Parklawn,Week1,203.0 Annandale - 190.0 Parklawn
Annandale,Week3,Cardinal Hill,Week5,315.0 Cardinal Hill - 87.0 Annandale
Annandale,Week2,Overlee,Week5,375.0 Overlee - 27.0 Annandale
Annandale,Week4,Sully Station II,Week5,337.0 Sully Station II - 65.0 Annandale
Annandale,Week3,Sully Station II,Week3,326.0 Sully Station II - 76.0 Annandale
Annandale,Week2,Parklawn,Week5,218.0 Parklawn - 183.0 Annandale
Annandale,Week5,Fairfax Club Estates,Week4,249.0 Fairfax Club Estates - 153.0 Annandale
Annandale,Week1,Cardinal Hill,Week1,336.0 Cardinal Hill - 66.0 Annandale
Annandale,Week2,Parklawn,Week3,202.0 Parklawn - 199.0 Annandale
Annandale,Week2,Sully Station II,Week3,325.5 Sully Station II - 76.5 Annandale
Annandale,Week3,Overlee,Week3,354.0 Overlee - 48.0 Annandale
Arlington Forest,Week4,McLean,Week2,276.0 McLean - 126.0 Arlington Forest
Annandale,Week3,Sully Station II,Week2,325.0 Sully Station II - 77.0 Annandale
Arlington Forest,Week4,McLean,Week3,282.0 McLean - 120.0 Arlington Forest
Arlington Forest,Week1,Springfield,Week5,380.0 Arlington Forest - 17.0 Springfield
Annandale,Week2,Cardinal Hill,Week1,330.0 Cardinal Hill - 72.0 Annandale
Annandale,Week5,Canterbury Woods,Week3,232.0 Canterbury Woods - 169.0 Annandale
Annandale,Week1,Parklawn,Week2,214.0 Parklawn - 187.0 Annandale
Arlington Forest,Week4,Fairfax Station,Week3,280.0 Fairfax Station - 122.0 Arlington Forest
Arlington Forest,Week3,Springfield,Week4,355.0 Arlington Forest - 46.0 Springfield
Annandale,Week3,Fairfax Club Estates,Week5,225.0 Fairfax Club Estates - 177.0 Annandale
Annandale,Week2,Cardinal Hill,Week3,347.0 Cardinal Hill - 55.0 Annandale
Annandale,Week4,Sully Station II,Week3,335.0 Sully Station II - 67.0 Annandale
Arlington Forest,Week4,McLean,Week1,272.0 McLean - 130.0 Arlington Forest
Arlington Forest,Week3,Springfield,Week1,356.5 Arlington Forest - 44.5 Springfield
Arlington Forest,Week4,Fairfax Station,Week5,267.0 Fairfax Station - 135.0 Arlington Forest
Arlington Forest,Week3,Springfield,Week3,358.0 Arlington Forest - 40.0 Springfield
Arlington Forest,Week4,Fairfax Station,Week1,241.0 Fairfax Station - 161.0 Arlington Forest
Annandale,Week2,Fairfax Station,Week4,329.0 Fairfax Station - 73.0 Annandale
Arlington Forest,Week1,McLean,Week3,303.0 McLean - 99.0 Arlington Forest
Arlington Forest,Week5,Springboard,Week1,297.0 Arlington Forest - 104.0 Springboard
Annandale,Week1,Truro,Week5,241.0 Truro - 160.0 Annandale
Arlington Forest,Week5,Fairfax Station,Week1,230.0 Fairfax Station - 172.0 Arlington Forest
Arlington Forest,Week2,Springfield,Week5,374.0 Arlington Forest - 22.0 Springfield
Arlington Forest,Week5,Fairfax Station,Week2,238.0 Fairfax Station - 164.0 Arlington Forest
Annandale,Week3,Overlee,Week1,353.0 Overlee - 49.0 Annandale
Annandale,Week4,Overlee,Week3,365.0 Overlee - 37.0 Annandale
Arlington Forest,Week2,Fairfax Station,Week3,310.0 Fairfax Station - 92.0 Arlington Forest
Annandale,Week4,Fairfax Club Estates,Week5,243.0 Fairfax Club Estates - 158.0 Annandale
Annandale,Week2,Fairfax Station,Week3,351.0 Fairfax Station - 51.0 Annandale
Arlington Forest,Week3,Springboard,Week5,257.0 Arlington Forest - 141.0 Springboard
Arlington Forest,Week5,McLean,Week4,264.0 McLean - 138.0 Arlington Forest
Arlington Forest,Week5,McLean,Week1,265.0 McLean - 137.0 Arlington Forest
Arlington Forest,Week5,McLean,Week2,281.0 McLean - 121.0 Arlington Forest
Annandale,Week2,Fairfax Station,Week5,358.0 Fairfax Station - 44.0 Annandale
Arlington Forest,Week3,McLean,Week5,321.5 McLean - 80.5 Arlington Forest
Annandale,Week2,Cardinal Hill,Week4,335.0 Cardinal Hill - 67.0 Annandale
Annandale,Week4,Sully Station II,Week1,310.0 Sully Station II - 92.0 Annandale
Arlington Forest,Week5,Fairfax Station,Week3,242.0 Fairfax Station - 160.0 Arlington Forest
Annandale,Week2,Truro,Week2,203.0 Truro - 199.0 Annandale
Arlington Forest,Week4,Springfield,Week1,376.0 Arlington Forest - 26.0 Springfield
Arlington Forest,Week2,Springfield,Week1,365.0 Arlington Forest - 31.0 Springfield
Annandale,Week4,Fairfax Club Estates,Week2,226.0 Fairfax Club Estates - 175.0 Annandale
Arlington Forest,Week1,Forest Hollow,Week3,217.0 Forest Hollow - 185.0 Arlington Forest
Arlington Forest,Week1,McLean,Week5,303.0 McLean - 99.0 Arlington Forest
Arlington Forest,Week2,Forest Hollow,Week3,231.0 Forest Hollow - 171.0 Arlington Forest
Annandale,Week3,Overlee,Week4,384.0 Overlee - 18.0 Annandale
Arlington Forest,Week3,McLean,Week4,304.0 McLean - 98.0 Arlington Forest
Annandale,Week1,Fairfax Station,Week1,338.0 Fairfax Station - 64.0 Annandale
Arlington Forest,Week5,Fairfax Station,Week4,229.0 Fairfax Station - 173.0 Arlington Forest
Annandale,Week2,Truro,Week1,208.0 Truro - 194.0 Annandale
Annandale,Week3,Overlee,Week2,369.0 Overlee - 33.0 Annandale
Annandale,Week2,Parklawn,Week2,206.0 Parklawn - 195.0 Annandale
Arlington Forest,Week3,Stratford,Week5,227.0 Arlington Forest - 175.0 Stratford
Annandale,Week2,Parklawn,Week1,223.0 Annandale - 170.0 Parklawn
Arlington Forest,Week2,Fairfax Station,Week2,285.0 Fairfax Station - 117.0 Arlington Forest
Annandale,Week2,Sully Station II,Week4,292.0 Sully Station II - 110.0 Annandale
Annandale,Week1,Truro,Week4,251.0 Truro - 150.0 Annandale
Arlington Forest,Week2,McLean,Week3,300.0 McLean - 97.0 Arlington Forest
Arlington Forest,Week3,McLean,Week1,295.0 McLean - 107.0 Arlington Forest
Annandale,Week3,Fairfax Station,Week1,323.0 Fairfax Station - 79.0 Annandale
Annandale,Week5,Overlee,Week5,374.0 Overlee - 28.0 Annandale
Arlington Forest,Week3,Springfield,Week5,371.0 Arlington Forest - 30.0 Springfield
Annandale,Week2,Fairfax Station,Week1,339.5 Fairfax Station - 62.5 Annandale
Arlington Forest,Week2,Stratford,Week1,263.0 Arlington Forest - 139.0 Stratford
Annandale,Week3,Fairfax Station,Week2,328.0 Fairfax Station - 74.0 Annandale
Annandale,Week2,Sully Station II,Week2,311.0 Sully Station II - 91.0 Annandale
Arlington Forest,Week2,Forest Hollow,Week4,237.0 Forest Hollow - 165.0 Arlington Forest
Annandale,Week1,Fairfax Station,Week2,339.0 Fairfax Station - 63.0 Annandale
Arlington Forest,Week2,Stratford,Week5,245.0 Arlington Forest - 157.0 Stratford
Arlington Forest,Week1,Mosby Woods,Week4,264.0 Mosby Woods - 138.0 Arlington Forest
Arlington Forest,Week5,Springfield,Week3,363.0 Arlington Forest - 32.0 Springfield
Annandale,Week4,Overlee,Week4,388.0 Overlee - 14.0 Annandale
Arlington Forest,Week1,Mosby Woods,Week5,264.0 Mosby Woods - 138.0 Arlington Forest
Annandale,Week4,Sully Station II,Week4,314.0 Sully Station II - 88.0 Annandale
Arlington Forest,Week3,Fairfax Station,Week1,281.0 Fairfax Station - 121.0 Arlington Forest
Arlington Forest,Week5,Springfield,Week5,371.0 Arlington Forest - 26.0 Springfield
Annandale,Week3,Parklawn,Week2,217.0 Parklawn - 185.0 Annandale
Annandale,Week3,Overlee,Week5,382.0 Overlee - 20.0 Annandale
Arlington Forest,Week2,Fairfax Station,Week4,285.0 Fairfax Station - 117.0 Arlington Forest
Arlington Forest,Week5,Springfield,Week4,363.0 Arlington Forest - 34.0 Springfield
Annandale,Week3,Fairfax Station,Week3,344.0 Fairfax Station - 58.0 Annandale
Annandale,Week3,Sully Station II,Week5,324.0 Sully Station II - 78.0 Annandale
Annandale,Week4,Fairfax Station,Week2,343.0 Fairfax Station - 59.0 Annandale
Arlington Forest,Week1,Forest Hollow,Week1,216.0 Forest Hollow - 186.0 Arlington Forest
Annandale,Week4,Fairfax Station,Week1,333.0 Fairfax Station - 69.0 Annandale
Annandale,Week3,Sully Station II,Week1,298.0 Sully Station II - 104.0 Annandale
Arlington Forest,Week4,Fairfax Station,Week4,248.0 Fairfax Station - 154.0 Arlington Forest
Arlington Forest,Week3,Stratford,Week2,260.5 Arlington Forest - 141.5 Stratford
Arlington Forest,Week5,Fairfax Station,Week5,247.0 Fairfax Station - 155.0 Arlington Forest
Arlington Forest,Week4,McLean,Week5,285.0 McLean - 117.0 Arlington Forest
Annandale,Week4,Overlee,Week5,382.0 Overlee - 20.0 Annandale
Arlington Forest,Week4,McLean,Week4,270.0 McLean - 132.0 Arlington Forest
Annandale,Week5,Overlee,Week4,377.0 Overlee - 25.0 Annandale
Annandale,Week4,Sully Station II,Week2,328.0 Sully Station II - 74.0 Annandale
Arlington Forest,Week1,Mosby Woods,Week2,269.0 Mosby Woods - 133.0 Arlington Forest
Arlington Forest,Week1,Forest Hollow,Week4,212.0 Forest Hollow - 190.0 Arlington Forest
Annandale,Week1,Sully Station II,Week5,328.0 Sully Station II - 74.0 Annandale
Arlington Forest,Week5,McLean,Week5,280.0 McLean - 122.0 Arlington Forest
Annandale,Week5,Overlee,Week1,355.0 Overlee - 47.0 Annandale
Annandale,Week3,Fairfax Station,Week5,347.0 Fairfax Station - 55.0 Annandale
Annandale,Week3,Sully Station II,Week4,298.0 Sully Station II - 104.0 Annandale
Arlington Forest,Week2,Forest Hollow,Week1,227.0 Forest Hollow - 175.0 Arlington Forest
Arlington Forest,Week1,Stratford,Week5,259.0 Arlington Forest - 143.0 Stratford
Annandale,Week3,Parklawn,Week5,210.0 Parklawn - 187.0 Annandale
Annandale,Week5,Forest Hollow,Week4,279.0 Forest Hollow - 123.0 Annandale
Arlington Forest,Week1,Forest Hollow,Week5,238.0 Forest Hollow - 164.0 Arlington Forest
Arlington Forest,Week4,Mosby Woods,Week5,258.0 Mosby Woods - 144.0 Arlington Forest
Annandale,Week1,Forest Hollow,Week1,288.0 Forest Hollow - 114.0 Annandale
Arlington Forest,Week1,Stratford,Week3,268.0 Arlington Forest - 134.0 Stratford
Arlington Forest,Week4,Springfield,Week3,378.0 Arlington Forest - 23.0 Springfield
Arlington Forest,Week2,Mount Vernon Park,Week2,268.0 Mount Vernon Park - 134.0 Arlington Forest
Annandale,Week4,Fairfax Station,Week4,333.0 Fairfax Station - 69.0 Annandale
Arlington Forest,Week3,Mosby Woods,Week4,287.0 Mosby Woods - 115.0 Arlington Forest
Arlington Forest,Week2,Mosby Woods,Week4,280.0 Mosby Woods - 122.0 Arlington Forest
Annandale,Week2,Forest Hollow,Week3,283.0 Forest Hollow - 119.0 Annandale
Annandale,Week2,Sully Station II,Week5,321.0 Sully Station II - 81.0 Annandale
Annandale,Week5,Forest Hollow,Week3,272.0 Forest Hollow - 130.0 Annandale
Annandale,Week5,Sully Station II,Week3,315.0 Sully Station II - 87.0 Annandale
Arlington Forest,Week2,Forest Hollow,Week2,215.0 Forest Hollow - 187.0 Arlington Forest
Annandale,Week1,Forest Hollow,Week5,312.0 Forest Hollow - 90.0 Annandale
Arlington Forest,Week3,Fox Hunt,Week4,219.0 Fox Hunt - 183.0 Arlington Forest
Annandale,Week2,Parklawn,Week4,219.0 Parklawn - 182.0 Annandale
Arlington Forest,Week3,Mosby Woods,Week5,288.0 Mosby Woods - 114.0 Arlington Forest
Annandale,Week3,Parliament,Week3,246.0 Parliament - 156.0 Annandale
Arlington Forest,Week2,Stratford,Week2,257.0 Arlington Forest - 140.0 Stratford
Arlington Forest,Week2,Mosby Woods,Week5,286.0 Mosby Woods - 116.0 Arlington Forest
Annandale,Week3,Parklawn,Week4,218.0 Parklawn - 184.0 Annandale
Annandale,Week5,Sully Station II,Week5,315.5 Sully Station II - 86.5 Annandale
Arlington Forest,Week3,Forest Hollow,Week1,231.0 Forest Hollow - 171.0 Arlington Forest
Arlington Forest,Week4,Fox Hunt,Week1,236.0 Arlington Forest - 166.0 Fox Hunt
Annandale,Week3,Parklawn,Week3,212.0 Annandale - 190.0 Parklawn
Annandale,Week4,Overlee,Week1,358.0 Overlee - 44.0 Annandale
Arlington Forest,Week4,Springfield,Week5,384.0 Arlington Forest - 18.0 Springfield
Arlington Forest,Week3,Stratford,Week3,237.5 Arlington Forest - 164.5 Stratford
Annandale,Week1,Truro,Week1,233.0 Truro - 169.0 Annandale
Arlington Forest,Week2,Stratford,Week3,251.0 Arlington Forest - 151.0 Stratford
Annandale,Week4,Fairfax Station,Week5,358.0 Fairfax Station - 44.0 Annandale
Annandale,Week2,Forest Hollow,Week5,301.0 Forest Hollow - 101.0 Annandale
Arlington Forest,Week3,Forest Hollow,Week2,224.0 Forest Hollow - 178.0 Arlington Forest
Annandale,Week5,Sully Station II,Week1,301.0 Sully Station II - 101.0 Annandale
Annandale,Week1,Truro,Week2,223.0 Truro - 177.0 Annandale
Arlington Forest,Week3,Forest Hollow,Week3,247.0 Forest Hollow - 155.0 Arlington Forest
Annandale,Week5,Sully Station II,Week2,314.0 Sully Station II - 88.0 Annandale
Annandale,Week1,Parklawn,Week3,218.0 Parklawn - 183.0 Annandale
Arlington Forest,Week4,Springfield,Week4,371.0 Arlington Forest - 31.0 Springfield
Arlington Forest,Week5,Springfield,Week2,363.0 Arlington Forest - 34.0 Springfield
Arlington Forest,Week2,Mount Vernon Park,Week4,272.0 Mount Vernon Park - 130.0 Arlington Forest
Arlington Forest,Week3,Mosby Woods,Week3,288.0 Mosby Woods - 114.0 Arlington Forest
Annandale,Week2,Forest Hollow,Week2,265.0 Forest Hollow - 137.0 Annandale
Annandale,Week1,Parklawn,Week5,222.0 Parklawn - 173.0 Annandale
Annandale,Week2,Sully Station II,Week1,293.0 Sully Station II - 109.0 Annandale
Annandale,Week5,Sully Station II,Week4,291.0 Sully Station II - 111.0 Annandale
Arlington Forest,Week5,Forest Hollow,Week5,204.0 Arlington Forest - 198.0 Forest Hollow
Arlington Forest,Week2,Stratford,Week4,228.0 Arlington Forest - 174.0 Stratford
Annandale,Week5,Fairfax Station,Week5,354.0 Fairfax Station - 48.0 Annandale
Annandale,Week1,Forest Hollow,Week3,304.0 Forest Hollow - 98.0 Annandale
Arlington Forest,Week2,Mosby Woods,Week1,297.0 Mosby Woods - 105.0 Arlington Forest
Arlington Forest,Week5,Mosby Woods,Week5,247.0 Mosby Woods - 155.0 Arlington Forest
Annandale,Week2,Parliament,Week4,255.0 Parliament - 147.0 Annandale
Annandale,Week1,Truro,Week3,214.0 Truro - 188.0 Annandale
Arlington Forest,Week4,Fox Hunt,Week3,208.0 Arlington Forest - 194.0 Fox Hunt
Arlington Forest,Week3,Stratford,Week1,253.0 Arlington Forest - 148.0 Stratford
Arlington Forest,Week1,Fox Hunt,Week1,218.0 Arlington Forest - 184.0 Fox Hunt
Annandale,Week4,Parliament,Week2,249.0 Parliament - 152.0 Annandale
Annandale,Week2,Tuckahoe,Week2,370.0 Tuckahoe - 32.0 Annandale
Arlington Forest,Week1,Mount Vernon Park,Week5,266.0 Mount Vernon Park - 136.0 Arlington Forest
Annandale,Week2,Parliament,Week5,260.0 Parliament - 142.0 Annandale
Arlington Forest,Week3,Mosby Woods,Week1,288.0 Mosby Woods - 114.0 Arlington Forest
Annandale,Week1,Forest Hollow,Week4,306.0 Forest Hollow - 96.0 Annandale
Annandale,Week4,Parliament,Week4,268.0 Parliament - 134.0 Annandale
Annandale,Week3,Forest Hollow,Week3,275.0 Forest Hollow - 127.0 Annandale
Arlington Forest,Week5,Mosby Woods,Week1,254.0 Mosby Woods - 148.0 Arlington Forest
Arlington Forest,Week4,Forest Hollow,Week5,208.0 Forest Hollow - 194.0 Arlington Forest
Annandale,Week5,Fairfax Station,Week3,344.0 Fairfax Station - 58.0 Annandale
Annandale,Week1,Parliament,Week3,256.0 Parliament - 146.0 Annandale
Annandale,Week1,Forest Hollow,Week2,289.0 Forest Hollow - 113.0 Annandale
Arlington Forest,Week2,Mosby Woods,Week3,284.0 Mosby Woods - 118.0 Arlington Forest
Arlington Forest,Week4,Forest Hollow,Week1,217.0 Arlington Forest - 185.0 Forest Hollow
Annandale,Week3,Truro,Week1,234.0 Truro - 168.0 Annandale
Arlington Forest,Week4,Stratford,Week4,257.0 Arlington Forest - 145.0 Stratford
Arlington Forest,Week4,Forest Hollow,Week3,205.0 Arlington Forest - 197.0 Forest Hollow
Arlington Forest,Week1,Stratford,Week2,280.0 Arlington Forest - 122.0 Stratford
Arlington Forest,Week4,Mosby Woods,Week2,260.0 Mosby Woods - 142.0 Arlington Forest
Annandale,Week2,Truro,Week5,218.0 Truro - 184.0 Annandale
Arlington Forest,Week3,Mosby Woods,Week2,289.0 Mosby Woods - 113.0 Arlington Forest
Arlington Forest,Week5,Forest Hollow,Week2,218.0 Arlington Forest - 184.0 Forest Hollow
Annandale,Week2,Truro,Week4,246.5 Truro - 155.5 Annandale
Annandale,Week3,Truro,Week2,201.0 Annandale - 196.0 Truro
Arlington Forest,Week3,Stratford,Week4,216.0 Arlington Forest - 186.0 Stratford
Annandale,Week5,Parliament,Week2,240.0 Parliament - 162.0 Annandale
Arlington Forest,Week1,Stratford,Week1,288.0 Arlington Forest - 109.0 Stratford
Annandale,Week2,Forest Hollow,Week4,276.0 Forest Hollow - 126.0 Annandale
Annandale,Week3,Parliament,Week5,245.0 Parliament - 152.0 Annandale
Arlington Forest,Week4,Forest Hollow,Week2,216.0 Arlington Forest - 186.0 Forest Hollow
Annandale,Week3,Forest Hollow,Week2,267.0 Forest Hollow - 135.0 Annandale
Annandale,Week5,Parliament,Week1,264.0 Parliament - 138.0 Annandale
Arlington Forest,Week4,Stratford,Week2,287.5 Arlington Forest - 114.5 Stratford
Annandale,Week1,Tuckahoe,Week4,366.0 Tuckahoe - 36.0 Annandale
Annandale,Week3,Burke Station,Week5,212.0 Burke Station - 185.0 Annandale
Arlington Forest,Week1,Mount Vernon Park,Week2,252.0 Mount Vernon Park - 150.0 Arlington Forest
Annandale,Week2,Camelot,Week3,220.0 Camelot - 181.0 Annandale
Arlington Forest,Week5,Forest Hollow,Week4,227.0 Arlington Forest - 175.0 Forest Hollow
Annandale,Week1,Tuckahoe,Week1,358.0 Tuckahoe - 44.0 Annandale
Arlington Forest,Week1,Mount Vernon Park,Week1,250.5 Mount Vernon Park - 151.5 Arlington Forest
Arlington Forest,Week1,Fox Hunt,Week2,218.0 Arlington Forest - 184.0 Fox Hunt
Arlington Forest,Week5,Mosby Woods,Week3,233.0 Mosby Woods - 169.0 Arlington Forest
Arlington Forest,Week1,Fox Hunt,Week4,203.0 Fox Hunt - 199.0 Arlington Forest
Arlington Forest,Week5,Stratford,Week3,270.0 Arlington Forest - 132.0 Stratford
Annandale,Week3,Burke Station,Week2,222.0 Annandale - 175.0 Burke Station
Annandale,Week5,Fairfax Station,Week1,329.5 Fairfax Station - 72.5 Annandale
Annandale,Week5,Truro,Week3,209.0 Truro - 192.0 Annandale
Annandale,Week5,Truro,Week5,222.0 Truro - 179.0 Annandale
Arlington Forest,Week2,Fox Hunt,Week3,229.0 Fox Hunt - 173.0 Arlington Forest
Annandale,Week1,Parliament,Week2,239.0 Parliament - 159.0 Annandale
Annandale,Week5,Parklawn,Week2,203.0 Parklawn - 199.0 Annandale
Annandale,Week5,Parklawn,Week3,208.0 Annandale - 194.0 Parklawn
Annandale,Week4,Fox Mill Estates,Week3,261.0 Fox Mill Estates - 141.0 Annandale
Arlington Forest,Week1,Mount Vernon Park,Week3,251.5 Mount Vernon Park - 150.5 Arlington Forest
Arlington Forest,Week1,Mount Vernon Park,Week4,257.0 Mount Vernon Park - 145.0 Arlington Forest
Arlington Forest,Week5,Stratford,Week1,282.0 Arlington Forest - 120.0 Stratford
Annandale,Week1,Camelot,Week3,240.0 Camelot - 162.0 Annandale
Annandale,Week2,Forest Hollow,Week1,275.0 Forest Hollow - 127.0 Annandale
Arlington Forest,Week2,Fox Hunt,Week1,203.0 Arlington Forest - 199.0 Fox Hunt
Annandale,Week1,Fox Mill Woods,Week1,324.0 Fox Mill Woods - 78.0 Annandale
Arlington Forest,Week5,Springfield,Week1,363.0 Arlington Forest - 34.0 Springfield
Arlington Forest,Week4,Stratford,Week5,272.0 Arlington Forest - 130.0 Stratford
Annandale,Week1,Tuckahoe,Week5,366.0 Tuckahoe - 36.0 Annandale
Annandale,Week1,Fox Mill Woods,Week5,316.0 Fox Mill Woods - 86.0 Annandale
Annandale,Week4,Fox Mill Woods,Week4,344.0 Fox Mill Woods - 58.0 Annandale
Arlington Forest,Week5,Stratford,Week2,296.0 Arlington Forest - 101.0 Stratford
Annandale,Week3,Tuckahoe,Week5,365.0 Tuckahoe - 37.0 Annandale
Annandale,Week5,Parklawn,Week1,236.0 Annandale - 157.0 Parklawn
Annandale,Week4,Parklawn,Week4,234.0 Parklawn - 166.0 Annandale
Annandale,Week5,Fairfax Station,Week2,333.0 Fairfax Station - 69.0 Annandale
Annandale,Week3,Forest Hollow,Week1,274.0 Forest Hollow - 128.0 Annandale
Arlington Forest,Week1,Stratford,Week4,253.0 Arlington Forest - 149.0 Stratford
Arlington Forest,Week3,Fox Hunt,Week2,217.0 Fox Hunt - 185.0 Arlington Forest
Annandale,Week3,Parliament,Week2,224.0 Parliament - 172.0 Annandale
Arlington Forest,Week2,Fox Hunt,Week2,215.0 Fox Hunt - 187.0 Arlington Forest
Annandale,Week4,Burke Station,Week2,212.0 Annandale - 188.0 Burke Station
Annandale,Week2,Truro,Week3,204.0 Truro - 198.0 Annandale
Arlington Forest,Week2,Mosby Woods,Week2,286.0 Mosby Woods - 116.0 Arlington Forest
Arlington Forest,Week5,Mosby Woods,Week2,246.0 Mosby Woods - 156.0 Arlington Forest
Arlington Forest,Week4,Stratford,Week3,279.5 Arlington Forest - 122.5 Stratford
Annandale,Week4,Forest Hollow,Week3,289.0 Forest Hollow - 113.0 Annandale
Annandale,Week5,Burke Station,Week4,224.0 Annandale - 178.0 Burke Station
Annandale,Week2,Fox Mill Woods,Week3,304.0 Fox Mill Woods - 98.0 Annandale
Annandale,Week4,Forest Hollow,Week2,275.0 Forest Hollow - 127.0 Annandale
Annandale,Week4,Parklawn,Week2,213.0 Parklawn - 188.0 Annandale
Annandale,Week4,Truro,Week3,236.0 Truro - 165.0 Annandale
Annandale,Week5,Fox Mill Estates,Week2,238.0 Fox Mill Estates - 164.0 Annandale
Annandale,Week4,Burke Station,Week1,194.0 Burke Station - 184.0 Annandale
Annandale,Week4,Truro,Week1,247.0 Truro - 155.0 Annandale
Arlington Forest,Week5,Forest Hollow,Week3,224.0 Arlington Forest - 178.0 Forest Hollow
Annandale,Week3,Forest Hollow,Week4,283.0 Forest Hollow - 119.0 Annandale
Annandale,Week1,Parliament,Week5,264.0 Parliament - 137.0 Annandale
Annandale,Week4,Forest Hollow,Week4,296.0 Forest Hollow - 106.0 Annandale
Annandale,Week5,Parklawn,Week4,224.0 Parklawn - 178.0 Annandale
Annandale,Week4,Truro,Week5,234.0 Truro - 168.0 Annandale
Annandale,Week3,Camelot,Week1,230.0 Camelot - 172.0 Annandale
Arlington Forest,Week2,Fox Hunt,Week4,213.0 Fox Hunt - 189.0 Arlington Forest
Arlington Forest,Week5,Stratford,Week4,264.0 Arlington Forest - 138.0 Stratford
Arlington Forest,Week1,Sully Station,Week1,252.0 Sully Station - 150.0 Arlington Forest
Annandale,Week1,Fox Mill Woods,Week3,313.0 Fox Mill Woods - 89.0 Annandale
Annandale,Week2,Fox Mill Woods,Week1,312.0 Fox Mill Woods - 90.0 Annandale
Arlington Forest,Week4,Mosby Woods,Week3,257.0 Mosby Woods - 145.0 Arlington Forest
Arlington Forest,Week2,Mount Vernon Park,Week1,269.0 Mount Vernon Park - 133.0 Arlington Forest
Annandale,Week4,Truro,Week4,265.0 Truro - 137.0 Annandale
Arlington Forest,Week5,Sully Station,Week3,232.0 Sully Station - 170.0 Arlington Forest
Annandale,Week3,Parliament,Week1,263.0 Parliament - 134.0 Annandale
Annandale,Week2,Camelot,Week1,241.0 Camelot - 161.0 Annandale
Arlington Forest,Week4,Forest Hollow,Week4,207.5 Arlington Forest - 194.5 Forest Hollow
Arlington Forest,Week5,Stratford,Week5,267.0 Arlington Forest - 135.0 Stratford
Arlington Forest,Week4,Stratford,Week1,288.0 Arlington Forest - 114.0 Stratford
Annandale,Week3,Truro,Week4,243.0 Truro - 159.0 Annandale
Annandale,Week5,Fairfax Station,Week4,318.0 Fairfax Station - 84.0 Annandale
Annandale,Week5,Truro,Week2,208.0 Truro - 193.0 Annandale
Annandale,Week2,Fox Mill Woods,Week4,322.0 Fox Mill Woods - 80.0 Annandale
Annandale,Week3,Camelot,Week2,231.0 Camelot - 171.0 Annandale
Arlington Forest,Week3,Fox Hunt,Week3,244.0 Fox Hunt - 158.0 Arlington Forest
Annandale,Week4,Parklawn,Week3,215.0 Parklawn - 186.0 Annandale
Annandale,Week1,Fox Mill Woods,Week4,326.0 Fox Mill Woods - 76.0 Annandale
Arlington Forest,Week4,Sully Station,Week4,245.0 Sully Station - 157.0 Arlington Forest
Annandale,Week4,Forest Hollow,Week5,303.0 Forest Hollow - 99.0 Annandale
Arlington Forest,Week4,Mosby Woods,Week4,250.0 Mosby Woods - 152.0 Arlington Forest
Annandale,Week5,Truro,Week1,211.0 Truro - 191.0 Annandale
Annandale,Week3,Forest Hollow,Week5,291.0 Forest Hollow - 111.0 Annandale
Arlington Forest,Week5,Mosby Woods,Week4,226.0 Mosby Woods - 176.0 Arlington Forest
Arlington Forest,Week2,Mount Vernon Park,Week3,270.0 Mount Vernon Park - 132.0 Arlington Forest
Arlington Forest,Week5,Forest Hollow,Week1,223.0 Arlington Forest - 179.0 Forest Hollow
Annandale,Week5,Fox Mill Estates,Week4,271.0 Fox Mill Estates - 130.0 Annandale
Annandale,Week2,Parliament,Week2,239.0 Parliament - 163.0 Annandale
Annandale,Week5,Fox Mill Estates,Week3,250.0 Fox Mill Estates - 152.0 Annandale
Annandale,Week1,Camelot,Week5,255.0 Camelot - 147.0 Annandale
Annandale,Week2,Camelot,Week2,233.0 Camelot - 169.0 Annandale
Arlington Forest,Week1,Fox Hunt,Week3,205.0 Fox Hunt - 192.0 Arlington Forest
Annandale,Week4,Forest Hollow,Week1,262.0 Forest Hollow - 140.0 Annandale
Arlington Forest,Week4,Mosby Woods,Week1,264.0 Mosby Woods - 138.0 Arlington Forest
Arlington Forest,Week2,Sully Station,Week2,264.0 Sully Station - 133.0 Arlington Forest
Arlington Forest,Week5,Mount Vernon Park,Week2,219.0 Mount Vernon Park - 183.0 Arlington Forest
Arlington Forest,Week3,Newington Forest,Week4,251.0 Arlington Forest - 151.0 Newington Forest
Arlington Forest,Week3,Forest Hollow,Week5,260.0 Forest Hollow - 142.0 Arlington Forest
Arlington Forest,Week4,Mount Vernon Park,Week1,238.0 Mount Vernon Park - 164.0 Arlington Forest
Arlington Forest,Week1,Sully Station,Week2,239.0 Sully Station - 163.0 Arlington Forest
Annandale,Week5,Burke Station,Week3,207.0 Annandale - 189.0 Burke Station
Arlington Forest,Week1,Newington Forest,Week2,294.0 Arlington Forest - 108.0 Newington Forest
Annandale,Week2,Parliament,Week3,253.0 Parliament - 149.0 Annandale
Annandale,Week1,Fox Hunt,Week2,274.0 Fox Hunt - 127.0 Annandale
Arlington Forest,Week2,Sully Station,Week1,279.0 Sully Station - 123.0 Arlington Forest
Arlington Forest,Week1,Fox Hunt,Week5,224.0 Fox Hunt - 178.0 Arlington Forest
Annandale,Week3,Truro,Week3,214.0 Truro - 188.0 Annandale
Annandale,Week5,Burke Station,Week1,204.0 Annandale - 175.0 Burke Station
Annandale,Week5,Fox Hunt,Week5,287.0 Fox Hunt - 115.0 Annandale
Arlington Forest,Week4,Sully Station,Week2,241.0 Sully Station - 161.0 Arlington Forest
Annandale,Week1,Camelot,Week1,248.0 Camelot - 154.0 Annandale
Annandale,Week1,Tuckahoe,Week3,368.0 Tuckahoe - 34.0 Annandale
Annandale,Week3,Parliament,Week4,233.0 Parliament - 164.0 Annandale
Annandale,Week2,Fox Mill Woods,Week5,319.0 Fox Mill Woods - 83.0 Annandale
Annandale,Week3,Fox Hunt,Week4,265.0 Fox Hunt - 137.0 Annandale
Annandale,Week4,Parklawn,Week5,227.0 Parklawn - 174.0 Annandale
Arlington Forest,Week1,Newington Forest,Week1,312.0 Arlington Forest - 90.0 Newington Forest
Annandale,Week5,Fox Mill Estates,Week1,229.0 Fox Mill Estates - 173.0 Annandale
Arlington Forest,Week5,Sully Station,Week2,232.0 Sully Station - 165.0 Arlington Forest
Annandale,Week5,Forest Hollow,Week2,267.0 Forest Hollow - 135.0 Annandale
Annandale,Week4,Fox Mill Estates,Week4,273.0 Fox Mill Estates - 128.0 Annandale
Arlington Forest,Week4,Fox Hunt,Week2,241.0 Arlington Forest - 161.0 Fox Hunt
Annandale,Week5,Forest Hollow,Week1,270.0 Forest Hollow - 132.0 Annandale
Annandale,Week1,Camelot,Week2,243.0 Camelot - 159.0 Annandale
Annandale,Week1,Parliament,Week4,249.0 Parliament - 152.0 Annandale
Annandale,Week3,Fox Mill Woods,Week2,301.0 Fox Mill Woods - 101.0 Annandale
Annandale,Week2,Fox Mill Woods,Week2,303.0 Fox Mill Woods - 99.0 Annandale
Annandale,Week1,Camelot,Week4,247.0 Camelot - 155.0 Annandale
Annandale,Week5,Truro,Week4,251.0 Truro - 151.0 Annandale
Arlington Forest,Week2,Sully Station,Week3,264.0 Sully Station - 138.0 Arlington Forest
Annandale,Week4,Truro,Week2,222.0 Truro - 179.0 Annandale
Arlington Forest,Week3,Fox Hunt,Week5,257.0 Fox Hunt - 145.0 Arlington Forest
Annandale,Week4,Burke Station,Week4,207.0 Annandale - 194.0 Burke Station
Annandale,Week3,Truro,Week5,207.0 Truro - 190.0 Annandale
Arlington Forest,Week3,Fox Hunt,Week1,217.0 Fox Hunt - 185.0 Arlington Forest
Arlington Forest,Week2,Fox Hunt,Week5,238.0 Fox Hunt - 164.0 Arlington Forest
Annandale,Week4,Fox Mill Estates,Week5,245.0 Fox Mill Estates - 157.0 Annandale
Arlington Forest,Week3,Newington Forest,Week1,263.0 Arlington Forest - 135.0 Newington Forest
Annandale,Week2,Parliament,Week1,272.0 Parliament - 129.0 Annandale
Annandale,Week4,Fox Hunt,Week3,293.0 Fox Hunt - 109.0 Annandale
Annandale,Week1,Tuckahoe,Week2,365.0 Tuckahoe - 37.0 Annandale
Annandale,Week1,Parliament,Week1,263.0 Parliament - 137.0 Annandale
Annandale,Week5,Parklawn,Week5,216.0 Parklawn - 186.0 Annandale
Annandale,Week5,Burke Station,Week5,202.0 Burke Station - 199.0 Annandale
Annandale,Week3,Fox Mill Woods,Week4,313.0 Fox Mill Woods - 89.0 Annandale
Annandale,Week1,Fox Hunt,Week1,262.0 Fox Hunt - 140.0 Annandale
Arlington Forest,Week2,Sully Station II,Week5,298.0 Sully Station II - 104.0 Arlington Forest
Annandale,Week2,Camelot,Week4,235.0 Camelot - 167.0 Annandale
Arlington Forest,Week4,Fox Hunt,Week4,220.0 Arlington Forest - 182.0 Fox Hunt
Annandale,Week3,Fox Hunt,Week2,262.0 Fox Hunt - 140.0 Annandale
Annandale,Week2,Tuckahoe,Week1,360.0 Tuckahoe - 42.0 Annandale
Annandale,Week1,Fox Hunt,Week3,293.0 Fox Hunt - 104.0 Annandale
Arlington Forest,Week1,Newington Forest,Week5,258.0 Arlington Forest - 144.0 Newington Forest
Arlington Forest,Week4,Fox Hunt,Week5,202.0 Arlington Forest - 200.0 Fox Hunt
Annandale,Week3,Fox Mill Woods,Week1,310.0 Fox Mill Woods - 92.0 Annandale
Arlington Forest,Week3,Mount Vernon Park,Week4,276.0 Mount Vernon Park - 126.0 Arlington Forest
Annandale,Week2,Tuckahoe,Week3,365.0 Tuckahoe - 37.0 Annandale
Annandale,Week1,Fox Mill Woods,Week2,321.0 Fox Mill Woods - 81.0 Annandale
Annandale,Week4,Parliament,Week3,270.0 Parliament - 132.0 Annandale
Annandale,Week4,Burke Station,Week3,204.0 Burke Station - 191.0 Annandale
Annandale,Week4,Parliament,Week1,284.0 Parliament - 117.0 Annandale
Arlington Forest,Week3,Sully Station II,Week2,281.0 Sully Station II - 121.0 Arlington Forest
Arlington Forest,Week4,Sully Station,Week1,256.0 Sully Station - 146.0 Arlington Forest
Arlington Forest,Week1,Sully Station,Week4,258.0 Sully Station - 144.0 Arlington Forest
Arlington Forest,Week3,Fox Mill Estates,Week1,241.5 Arlington Forest - 160.5 Fox Mill Estates
Arlington Forest,Week4,Newington Forest,Week3,293.0 Arlington Forest - 109.0 Newington Forest
Arlington Forest,Week4,Newington Forest,Week4,286.0 Arlington Forest - 116.0 Newington Forest
Annandale,Week5,Parliament,Week3,257.0 Parliament - 145.0 Annandale
Annandale,Week2,Tuckahoe,Week5,363.0 Tuckahoe - 39.0 Annandale
Annandale,Week3,Burke Station,Week3,197.0 Annandale - 195.0 Burke Station
Annandale,Week5,Fox Mill Estates,Week5,240.0 Fox Mill Estates - 162.0 Annandale
Annandale,Week4,Parliament,Week5,264.0 Parliament - 137.0 Annandale
Arlington Forest,Week3,Mount Vernon Park,Week5,302.0 Mount Vernon Park - 99.0 Arlington Forest
Annandale,Week3,Tuckahoe,Week1,357.0 Tuckahoe - 45.0 Annandale
Annandale,Week4,Fox Hunt,Week2,275.0 Fox Hunt - 126.0 Annandale
Annandale,Week4,Fox Hunt,Week5,315.5 Fox Hunt - 86.5 Annandale
Arlington Forest,Week3,Sully Station,Week5,297.0 Sully Station - 105.0 Arlington Forest
Annandale,Week2,Camelot,Week5,234.0 Camelot - 167.0 Annandale
Arlington Forest,Week5,Fox Mill Estates,Week1,288.0 Arlington Forest - 114.0 Fox Mill Estates
Annandale,Week3,Fox Mill Woods,Week5,320.0 Fox Mill Woods - 82.0 Annandale
Annandale,Week3,Tuckahoe,Week2,370.0 Tuckahoe - 32.0 Annandale
Annandale,Week4,Burke Station,Week5,209.5 Burke Station - 191.5 Annandale
Arlington Forest,Week5,Fox Mill Estates,Week2,259.0 Arlington Forest - 143.0 Fox Mill Estates
Annandale,Week1,Pinecrest,Week1,320.0 Pinecrest - 82.0 Annandale
Annandale,Week2,Vienna Aquatic,Week2,342.0 Vienna Aquatic - 60.0 Annandale
Arlington Forest,Week2,Sully Station,Week4,270.0 Sully Station - 132.0 Arlington Forest
Arlington Forest,Week4,Mount Vernon Park,Week3,242.0 Mount Vernon Park - 160.0 Arlington Forest
Arlington Forest,Week2,Fox Mill Woods,Week1,268.0 Fox Mill Woods - 134.0 Arlington Forest
Annandale,Week1,Pinewood Lake,Week4,313.0 Annandale - 65.0 Pinewood Lake
Arlington Forest,Week5,Mount Vernon Park,Week1,211.0 Mount Vernon Park - 191.0 Arlington Forest
Annandale,Week3,Fox Mill Woods,Week3,302.0 Fox Mill Woods - 100.0 Annandale
Annandale,Week2,Pinecrest,Week1,314.0 Pinecrest - 88.0 Annandale
Annandale,Week3,Vienna Aquatic,Week1,340.0 Vienna Aquatic - 62.0 Annandale
Annandale,Week3,Fox Hunt,Week1,258.0 Fox Hunt - 144.0 Annandale
Annandale,Week3,Pinecrest,Week5,322.0 Pinecrest - 80.0 Annandale
Annandale,Week3,Pinecrest,Week4,336.0 Pinecrest - 66.0 Annandale
Arlington Forest,Week4,Mount Vernon Park,Week2,240.0 Mount Vernon Park - 162.0 Arlington Forest
Annandale,Week4,Fox Mill Woods,Week3,323.0 Fox Mill Woods - 79.0 Annandale
Annandale,Week4,Fox Mill Woods,Week1,327.0 Fox Mill Woods - 75.0 Annandale
Annandale,Week2,Fox Hunt,Week1,253.0 Fox Hunt - 149.0 Annandale
Annandale,Week3,Burke Station,Week4,224.0 Annandale - 173.0 Burke Station
Arlington Forest,Week5,Mount Vernon Park,Week5,243.0 Mount Vernon Park - 159.0 Arlington Forest
Annandale,Week4,Fox Mill Woods,Week2,320.0 Fox Mill Woods - 82.0 Annandale
Arlington Forest,Week1,Fox Mill Estates,Week4,234.0 Arlington Forest - 168.0 Fox Mill Estates
Annandale,Week1,Pinewood Lake,Week1,320.0 Annandale - 59.0 Pinewood Lake
Arlington Forest,Week1,Fox Mill Estates,Week1,275.0 Arlington Forest - 127.0 Fox Mill Estates
Annandale,Week4,Fox Mill Woods,Week5,340.5 Fox Mill Woods - 61.5 Annandale
Annandale,Week3,Tuckahoe,Week3,370.0 Tuckahoe - 32.0 Annandale
Annandale,Week3,Fox Mill Estates,Week4,251.0 Fox Mill Estates - 151.0 Annandale
Arlington Forest,Week3,Sully Station,Week1,278.0 Sully Station - 124.0 Arlington Forest
Arlington Forest,Week5,Sully Station,Week5,242.0 Sully Station - 160.0 Arlington Forest
Arlington Forest,Week4,Mount Vernon Park,Week4,240.0 Mount Vernon Park - 162.0 Arlington Forest
Arlington Forest,Week3,Sully Station,Week4,278.5 Sully Station - 123.5 Arlington Forest
Annandale,Week5,Fox Hunt,Week4,259.0 Fox Hunt - 143.0 Annandale
Annandale,Week2,Great Falls,Week1,257.0 Great Falls - 144.0 Annandale
Annandale,Week3,Pinecrest,Week1,316.0 Pinecrest - 86.0 Annandale
Arlington Forest,Week3,Mount Vernon Park,Week2,266.0 Mount Vernon Park - 136.0 Arlington Forest
Annandale,Week3,Tuckahoe,Week4,369.0 Tuckahoe - 33.0 Annandale
Arlington Forest,Week1,Fox Mill Estates,Week5,237.0 Arlington Forest - 165.0 Fox Mill Estates
Annandale,Week1,Fox Mill Estates,Week1,243.0 Fox Mill Estates - 159.0 Annandale
Annandale,Week4,Great Falls,Week2,258.0 Great Falls - 125.0 Annandale
Arlington Forest,Week5,Mount Vernon Park,Week3,219.0 Mount Vernon Park - 183.0 Arlington Forest
Arlington Forest,Week4,Fox Mill Estates,Week1,270.0 Arlington Forest - 132.0 Fox Mill Estates
Annandale,Week5,Tuckahoe,Week2,368.0 Tuckahoe - 34.0 Annandale
Annandale,Week2,Tuckahoe,Week4,370.0 Tuckahoe - 32.0 Annandale
Annandale,Week5,Burke Station,Week2,239.0 Annandale - 163.0 Burke Station
Arlington Forest,Week5,Fox Hunt,Week5,213.0 Arlington Forest - 189.0 Fox Hunt
Annandale,Week2,Fox Mill Estates,Week4,265.0 Fox Mill Estates - 137.0 Annandale
Annandale,Week2,Fox Hunt,Week5,288.0 Fox Hunt - 114.0 Annandale
Arlington Forest,Week5,Sully Station,Week1,230.0 Sully Station - 172.0 Arlington Forest
Arlington Forest,Week1,Newington Forest,Week3,292.0 Arlington Forest - 110.0 Newington Forest
Arlington Forest,Week1,Sully Station II,Week4,221.0 Sully Station II - 181.0 Arlington Forest
Arlington Forest,Week3,Sully Station,Week2,272.0 Sully Station - 130.0 Arlington Forest
Arlington Forest,Week2,Fox Mill Estates,Week1,256.0 Arlington Forest - 146.0 Fox Mill Estates
Arlington Forest,Week1,Newington Forest,Week4,264.0 Arlington Forest - 133.0 Newington Forest
Arlington Forest,Week4,Sully Station,Week5,259.0 Sully Station - 143.0 Arlington Forest
Annandale,Week1,Vienna Aquatic,Week2,342.0 Vienna Aquatic - 60.0 Annandale
Annandale,Week4,Tuckahoe,Week1,376.0 Tuckahoe - 26.0 Annandale
Annandale,Week2,Fox Hunt,Week2,254.0 Fox Hunt - 147.0 Annandale
Annandale,Week5,Fox Mill Woods,Week3,301.0 Fox Mill Woods - 101.0 Annandale
Annandale,Week1,Fox Hunt,Week4,279.0 Fox Hunt - 122.0 Annandale
Annandale,Week1,Pinewood Lake,Week3,317.0 Annandale - 61.0 Pinewood Lake
Arlington Forest,Week5,Fox Hunt,Week2,250.0 Arlington Forest - 152.0 Fox Hunt
Annandale,Week4,Pinecrest,Week3,344.0 Pinecrest - 58.0 Annandale
Arlington Forest,Week1,Sully Station,Week3,246.0 Sully Station - 156.0 Arlington Forest
Annandale,Week2,Pinewood Lake,Week2,334.0 Annandale - 65.0 Pinewood Lake
Arlington Forest,Week1,Fox Mill Estates,Week2,243.0 Arlington Forest - 159.0 Fox Mill Estates
Annandale,Week1,Great Falls,Week2,258.0 Great Falls - 126.0 Annandale
Annandale,Week1,Pinecrest,Week4,331.0 Pinecrest - 71.0 Annandale
Arlington Forest,Week4,Mount Vernon Park,Week5,263.0 Mount Vernon Park - 139.0 Arlington Forest
Annandale,Week4,Great Falls,Week1,259.0 Great Falls - 141.0 Annandale
Arlington Forest,Week5,Fox Hunt,Week4,234.0 Arlington Forest - 168.0 Fox Hunt
Annandale,Week2,Fox Hunt,Week4,259.0 Fox Hunt - 143.0 Annandale
Arlington Forest,Week3,Mount Vernon Park,Week1,273.0 Mount Vernon Park - 129.0 Arlington Forest
Annandale,Week5,Fox Mill Woods,Week4,312.0 Fox Mill Woods - 90.0 Annandale
Arlington Forest,Week1,Fox Mill Estates,Week3,252.0 Arlington Forest - 150.0 Fox Mill Estates
Arlington Forest,Week1,Sully Station,Week5,273.0 Sully Station - 129.0 Arlington Forest
Annandale,Week4,Vienna Aquatic,Week3,350.0 Vienna Aquatic - 52.0 Annandale
Annandale,Week4,Tuckahoe,Week2,379.0 Tuckahoe - 23.0 Annandale
Annandale,Week3,Fox Hunt,Week5,302.0 Fox Hunt - 100.0 Annandale
Annandale,Week2,Pinewood Lake,Week3,344.0 Annandale - 55.0 Pinewood Lake
Annandale,Week2,Vienna Aquatic,Week5,356.0 Vienna Aquatic - 46.0 Annandale
Arlington Forest,Week4,Sully Station,Week3,246.0 Sully Station - 156.0 Arlington Forest
Arlington Forest,Week2,Sully Station,Week5,280.0 Sully Station - 122.0 Arlington Forest
Arlington Forest,Week3,Sully Station,Week3,278.0 Sully Station - 124.0 Arlington Forest
Annandale,Week4,Fox Hunt,Week1,270.5 Fox Hunt - 131.5 Annandale
Arlington Forest,Week5,Sully Station,Week4,217.0 Sully Station - 185.0 Arlington Forest
Arlington Forest,Week2,Fox Mill Estates,Week3,243.0 Arlington Forest - 159.0 Fox Mill Estates
Arlington Forest,Week3,Fox Mill Estates,Week2,213.0 Arlington Forest - 189.0 Fox Mill Estates
Arlington Forest,Week3,Mount Vernon Park,Week3,284.0 Mount Vernon Park - 118.0 Arlington Forest
Annandale,Week1,Pinecrest,Week2,318.0 Pinecrest - 84.0 Annandale
Annandale,Week4,Fox Hunt,Week4,270.0 Fox Hunt - 132.0 Annandale
Annandale,Week2,Great Falls,Week4,256.0 Great Falls - 145.0 Annandale
Annandale,Week2,Great Falls,Week3,271.0 Great Falls - 131.0 Annandale
Arlington Forest,Week3,Fox Mill Estates,Week4,210.0 Fox Mill Estates - 192.0 Arlington Forest
Annandale,Week4,Vienna Aquatic,Week5,368.0 Vienna Aquatic - 34.0 Annandale
Arlington Forest,Week2,Newington Forest,Week1,286.0 Arlington Forest - 116.0 Newington Forest
Arlington Forest,Week5,Mount Vernon Park,Week4,212.0 Mount Vernon Park - 190.0 Arlington Forest
Annandale,Week4,Vienna Aquatic,Week4,356.0 Vienna Aquatic - 46.0 Annandale
Annandale,Week5,Forest Hollow,Week5,300.0 Forest Hollow - 102.0 Annandale
Annandale,Week3,Great Falls,Week1,242.0 Great Falls - 159.0 Annandale
Annandale,Week5,Vienna Aquatic,Week1,340.0 Vienna Aquatic - 62.0 Annandale
Annandale,Week3,Pinecrest,Week3,337.0 Pinecrest - 65.0 Annandale
Annandale,Week2,Pinecrest,Week3,323.0 Pinecrest - 79.0 Annandale
Arlington Forest,Week2,Sully Station II,Week2,282.0 Sully Station II - 120.0 Arlington Forest
Arlington Forest,Week1,Sully Station II,Week3,293.0 Sully Station II - 109.0 Arlington Forest
Arlington Forest,Week5,Fox Hunt,Week1,240.0 Arlington Forest - 162.0 Fox Hunt
Arlington Forest,Week1,Sully Station II,Week1,246.5 Sully Station II - 155.5 Arlington Forest
Annandale,Week5,Tuckahoe,Week5,359.0 Tuckahoe - 43.0 Annandale
Annandale,Week1,Fox Hunt,Week5,301.0 Fox Hunt - 100.0 Annandale
Annandale,Week3,Vienna Aquatic,Week4,341.0 Vienna Aquatic - 61.0 Annandale
Annandale,Week5,Fox Hunt,Week2,261.0 Fox Hunt - 141.0 Annandale
Arlington Forest,Week2,Newington Forest,Week3,268.0 Arlington Forest - 134.0 Newington Forest
Arlington Forest,Week5,Fox Hunt,Week3,218.0 Arlington Forest - 184.0 Fox Hunt
Annandale,Week4,Pinecrest,Week5,332.0 Pinecrest - 70.0 Annandale
Arlington Forest,Week3,Fox Mill Estates,Week3,214.5 Arlington Forest - 186.5 Fox Mill Estates
Annandale,Week5,Tuckahoe,Week3,368.0 Tuckahoe - 34.0 Annandale
Annandale,Week1,Great Falls,Week1,257.0 Great Falls - 141.0 Annandale
Annandale,Week1,Pinecrest,Week3,326.0 Pinecrest - 76.0 Annandale
Annandale,Week1,Fox Mill Estates,Week2,254.0 Fox Mill Estates - 147.0 Annandale
Arlington Forest,Week4,Fox Mill Estates,Week4,246.0 Arlington Forest - 156.0 Fox Mill Estates
Annandale,Week3,Great Falls,Week5,270.0 Great Falls - 127.0 Annandale
Arlington Forest,Week2,Mount Vernon Park,Week5,277.0 Mount Vernon Park - 125.0 Arlington Forest
Arlington Forest,Week4,Fox Mill Estates,Week3,260.0 Arlington Forest - 142.0 Fox Mill Estates
Annandale,Week1,Vienna Aquatic,Week4,345.0 Vienna Aquatic - 57.0 Annandale
Arlington Forest,Week2,Newington Forest,Week2,258.0 Arlington Forest - 144.0 Newington Forest
Annandale,Week1,Great Falls,Week3,288.0 Great Falls - 114.0 Annandale
Annandale,Week2,Vienna Aquatic,Week4,351.0 Vienna Aquatic - 51.0 Annandale
Annandale,Week2,Pinecrest,Week4,330.0 Pinecrest - 72.0 Annandale
Arlington Forest,Week1,Sully Station II,Week5,288.0 Sully Station II - 114.0 Arlington Forest
Annandale,Week1,Vienna Aquatic,Week5,355.0 Vienna Aquatic - 46.0 Annandale
Annandale,Week3,Great Falls,Week3,264.0 Great Falls - 133.0 Annandale
Arlington Forest,Week2,Newington Forest,Week4,254.0 Arlington Forest - 148.0 Newington Forest
Annandale,Week2,Fox Hunt,Week3,281.0 Fox Hunt - 121.0 Annandale
Annandale,Week5,Fox Hunt,Week3,277.0 Fox Hunt - 125.0 Annandale
Arlington Forest,Week2,Sully Station II,Week1,250.0 Sully Station II - 152.0 Arlington Forest
Arlington Forest,Week2,Sully Station II,Week3,288.5 Sully Station II - 113.5 Arlington Forest
Annandale,Week2,Pinecrest,Week5,326.0 Pinecrest - 76.0 Annandale
Annandale,Week5,Fox Mill Woods,Week1,316.0 Fox Mill Woods - 86.0 Annandale
Arlington Forest,Week2,Sully Station II,Week4,231.0 Sully Station II - 171.0 Arlington Forest
Annandale,Week2,Great Falls,Week2,259.0 Great Falls - 124.0 Annandale
Arlington Forest,Week4,Fox Mill Estates,Week2,254.0 Arlington Forest - 148.0 Fox Mill Estates
Arlington Forest,Week2,Newington Forest,Week5,238.0 Arlington Forest - 164.0 Newington Forest
Annandale,Week5,Fox Hunt,Week1,246.0 Fox Hunt - 156.0 Annandale
Annandale,Week2,Pinecrest,Week2,318.0 Pinecrest - 84.0 Annandale
Annandale,Week3,Great Falls,Week4,241.0 Great Falls - 156.0 Annandale
Annandale,Week3,Fox Hunt,Week3,281.0 Fox Hunt - 116.0 Annandale
Arlington Forest,Week3,Newington Forest,Week2,261.0 Arlington Forest - 137.0 Newington Forest
Arlington Forest,Week3,Newington Forest,Week3,264.0 Arlington Forest - 138.0 Newington Forest
Annandale,Week5,Pinecrest,Week3,327.0 Pinecrest - 75.0 Annandale
Annandale,Week4,Great Falls,Week5,272.0 Great Falls - 128.0 Annandale
Annandale,Week4,Tuckahoe,Week4,383.0 Tuckahoe - 19.0 Annandale
Arlington Forest,Week2,Fox Mill Estates,Week4,216.5 Arlington Forest - 185.5 Fox Mill Estates
Arlington Forest,Week3,Sully Station II,Week1,269.0 Sully Station II - 133.0 Arlington Forest
Annandale,Week1,Fox Mill Estates,Week3,270.0 Fox Mill Estates - 132.0 Annandale
Arlington Forest,Week3,Newington Forest,Week5,227.0 Arlington Forest - 175.0 Newington Forest
Annandale,Week5,Pinecrest,Week4,327.0 Pinecrest - 75.0 Annandale
Annandale,Week1,Fox Mill Estates,Week4,274.0 Fox Mill Estates - 128.0 Annandale
Arlington Forest,Week2,Truro,Week4,239.0 Arlington Forest - 163.0 Truro
Annandale,Week1,Greenbriar,Week1,294.0 Greenbriar - 108.0 Annandale
Annandale,Week4,Pinecrest,Week2,333.0 Pinecrest - 69.0 Annandale
Annandale,Week1,Vienna Aquatic,Week3,344.0 Vienna Aquatic - 58.0 Annandale
Arlington Forest,Week4,Fox Mill Estates,Week5,248.0 Arlington Forest - 154.0 Fox Mill Estates
Arlington Forest,Week1,Sully Station II,Week2,277.0 Sully Station II - 125.0 Arlington Forest
Arlington Forest,Week5,North Springfield,Week1,301.0 Arlington Forest - 49.0 North Springfield
Arlington Forest,Week4,Newington Forest,Week1,312.0 Arlington Forest - 90.0 Newington Forest
Arlington Forest,Week2,Fox Mill Estates,Week5,231.0 Arlington Forest - 171.0 Fox Mill Estates
Annandale,Week1,Fox Mill Estates,Week5,253.0 Fox Mill Estates - 149.0 Annandale
Annandale,Week2,Vienna Aquatic,Week1,346.0 Vienna Aquatic - 56.0 Annandale
Annandale,Week1,Greenbriar,Week4,257.0 Greenbriar - 145.0 Annandale
Arlington Forest,Week4,Newington Forest,Week2,296.0 Arlington Forest - 106.0 Newington Forest
Annandale,Week5,Parliament,Week5,252.0 Parliament - 150.0 Annandale
Annandale,Week5,Parliament,Week4,244.0 Parliament - 158.0 Annandale
Arlington Forest,Week1,Truro,Week5,288.0 Arlington Forest - 114.0 Truro
Arlington Forest,Week3,Fox Mill Estates,Week5,214.0 Arlington Forest - 188.0 Fox Mill Estates
Annandale,Week1,Greenbriar,Week2,303.0 Greenbriar - 99.0 Annandale
Annandale,Week2,Fox Mill Estates,Week1,222.0 Fox Mill Estates - 180.0 Annandale
Annandale,Week4,Vienna Aquatic,Week1,357.0 Vienna Aquatic - 45.0 Annandale
Annandale,Week2,Fox Mill Estates,Week2,237.0 Fox Mill Estates - 165.0 Annandale
Annandale,Week5,Tuckahoe,Week4,370.0 Tuckahoe - 32.0 Annandale
Arlington Forest,Week2,Fox Mill Estates,Week2,222.0 Arlington Forest - 180.0 Fox Mill Estates
Annandale,Week1,Greenbriar,Week5,271.5 Greenbriar - 130.5 Annandale
Annandale,Week5,Pinecrest,Week1,302.0 Pinecrest - 100.0 Annandale
Annandale,Week2,Great Falls,Week5,274.5 Great Falls - 126.5 Annandale
Annandale,Week3,Pinecrest,Week2,321.0 Pinecrest - 81.0 Annandale
Annandale,Week1,Pinecrest,Week5,336.0 Pinecrest - 66.0 Annandale
Arlington Forest,Week5,Fox Mill Estates,Week3,252.0 Arlington Forest - 145.0 Fox Mill Estates
Annandale,Week2,Fox Mill Estates,Week5,235.0 Fox Mill Estates - 167.0 Annandale
Annandale,Week1,Vienna Aquatic,Week1,344.0 Vienna Aquatic - 58.0 Annandale
Annandale,Week2,Greenbriar,Week1,267.0 Greenbriar - 135.0 Annandale
Annandale,Week4,Tuckahoe,Week5,374.0 Tuckahoe - 28.0 Annandale
Annandale,Week4,Vienna Aquatic,Week2,347.0 Vienna Aquatic - 55.0 Annandale
Annandale,Week2,Fox Mill Estates,Week3,251.0 Fox Mill Estates - 151.0 Annandale
Annandale,Week4,Pinecrest,Week1,313.0 Pinecrest - 89.0 Annandale
Arlington Forest,Week3,Sully Station II,Week3,307.0 Sully Station II - 95.0 Arlington Forest
Arlington Forest,Week5,Newington Forest,Week3,293.0 Arlington Forest - 109.0 Newington Forest
Arlington Forest,Week5,Newington Forest,Week5,278.0 Arlington Forest - 124.0 Newington Forest
Annandale,Week5,Fox Mill Woods,Week5,313.0 Fox Mill Woods - 89.0 Annandale
Arlington Forest,Week5,Sully Station II,Week2,239.0 Sully Station II - 163.0 Arlington Forest
Arlington Forest,Week1,Fox Mill Woods,Week1,266.0 Fox Mill Woods - 136.0 Arlington Forest
Arlington Forest,Week5,Newington Forest,Week4,285.0 Arlington Forest - 117.0 Newington Forest
Annandale,Week3,Fox Mill Estates,Week1,203.0 Annandale - 199.0 Fox Mill Estates
Arlington Forest,Week1,Truro,Week3,284.0 Arlington Forest - 118.0 Truro
Arlington Forest,Week5,Fox Mill Estates,Week4,253.0 Arlington Forest - 149.0 Fox Mill Estates
Arlington Forest,Week3,Truro,Week5,246.0 Arlington Forest - 155.0 Truro
Annandale,Week3,Vienna Aquatic,Week2,331.0 Vienna Aquatic - 71.0 Annandale
Arlington Forest,Week1,North Springfield,Week1,313.0 Arlington Forest - 38.0 North Springfield
Annandale,Week3,Vienna Aquatic,Week3,342.0 Vienna Aquatic - 60.0 Annandale
Arlington Forest,Week1,Fox Mill Woods,Week2,258.0 Fox Mill Woods - 144.0 Arlington Forest
Annandale,Week1,Great Falls,Week4,265.0 Great Falls - 136.0 Annandale
Arlington Forest,Week5,Fox Mill Estates,Week5,255.0 Arlington Forest - 147.0 Fox Mill Estates
Arlington Forest,Week5,Newington Forest,Week2,298.0 Arlington Forest - 103.0 Newington Forest
Arlington Forest,Week2,Truro,Week3,269.5 Arlington Forest - 132.5 Truro
Annandale,Week4,Pinecrest,Week4,340.0 Pinecrest - 62.0 Annandale
Arlington Forest,Week5,Sully Station II,Week4,216.0 Sully Station II - 186.0 Arlington Forest
Annandale,Week3,Fox Mill Estates,Week2,224.0 Fox Mill Estates - 178.0 Annandale
Annandale,Week3,Fox Mill Estates,Week5,222.0 Fox Mill Estates - 180.0 Annandale
Annandale,Week3,Great Falls,Week2,241.0 Great Falls - 143.0 Annandale
Annandale,Week5,Tuckahoe,Week1,358.0 Tuckahoe - 44.0 Annandale
Arlington Forest,Week1,Truro,Week4,261.0 Arlington Forest - 141.0 Truro
Arlington Forest,Week1,Fox Mill Woods,Week4,262.0 Fox Mill Woods - 140.0 Arlington Forest
Annandale,Week3,Fox Mill Estates,Week3,232.0 Fox Mill Estates - 170.0 Annandale
Annandale,Week4,Fox Mill Estates,Week1,224.0 Fox Mill Estates - 178.0 Annandale
Arlington Forest,Week2,North Springfield,Week2,305.0 Arlington Forest - 83.0 North Springfield
Annandale,Week5,Fox Mill Woods,Week2,299.0 Fox Mill Woods - 103.0 Annandale
Arlington Forest,Week1,Fox Mill Woods,Week5,269.5 Fox Mill Woods - 132.5 Arlington Forest
Annandale,Week1,Pinewood Lake,Week2,314.0 Annandale - 67.0 Pinewood Lake
Arlington Forest,Week4,Newington Forest,Week5,267.0 Arlington Forest - 135.0 Newington Forest
Annandale,Week1,Pinewood Lake,Week5,306.0 Annandale - 84.0 Pinewood Lake
Annandale,Week4,Great Falls,Week3,280.0 Great Falls - 121.0 Annandale
Arlington Forest,Week1,Fox Mill Woods,Week3,258.0 Fox Mill Woods - 144.0 Arlington Forest
Annandale,Week5,Pinecrest,Week5,319.0 Pinecrest - 83.0 Annandale
Annandale,Week2,Vienna Aquatic,Week3,340.0 Vienna Aquatic - 62.0 Annandale
Arlington Forest,Week3,North Springfield,Week1,285.0 Arlington Forest - 66.0 North Springfield
Annandale,Week1,Great Falls,Week5,291.0 Great Falls - 110.0 Annandale
Annandale,Week4,Tuckahoe,Week3,381.0 Tuckahoe - 21.0 Annandale
Arlington Forest,Week3,Truro,Week4,237.0 Arlington Forest - 165.0 Truro
Annandale,Week5,Pinecrest,Week2,312.0 Pinecrest - 90.0 Annandale
Annandale,Week5,Great Falls,Week4,268.0 Great Falls - 134.0 Annandale
Annandale,Week3,Vienna Aquatic,Week5,346.5 Vienna Aquatic - 55.5 Annandale
Arlington Forest,Week1,Truro,Week2,289.0 Arlington Forest - 113.0 Truro
Arlington Forest,Week3,North Springfield,Week3,283.0 Arlington Forest - 114.0 North Springfield
Arlington Forest,Week4,Fox Mill Woods,Week3,225.0 Fox Mill Woods - 177.0 Arlington Forest
Annandale,Week1,Greenbriar,Week3,294.0 Greenbriar - 108.0 Annandale
Arlington Forest,Week5,Sully Station II,Week3,256.0 Sully Station II - 146.0 Arlington Forest
Arlington Forest,Week3,Fox Mill Woods,Week3,276.5 Fox Mill Woods - 125.5 Arlington Forest
Arlington Forest,Week4,Fox Mill Woods,Week2,224.0 Fox Mill Woods - 178.0 Arlington Forest
Arlington Forest,Week5,Fox Mill Woods,Week3,219.0 Fox Mill Woods - 183.0 Arlington Forest
Annandale,Week4,Fox Mill Estates,Week2,244.0 Fox Mill Estates - 158.0 Annandale
Annandale,Week2,Pleasant Valley,Week5,238.0 Annandale - 159.0 Pleasant Valley
Arlington Forest,Week4,North Springfield,Week2,320.0 Arlington Forest - 68.0 North Springfield
Arlington Forest,Week3,Truro,Week3,254.0 Arlington Forest - 148.0 Truro
Arlington Forest,Week2,Truro,Week1,257.0 Arlington Forest - 145.0 Truro
Annandale,Week5,Great Falls,Week1,262.5 Great Falls - 139.5 Annandale
Annandale,Week1,Vienna Woods,Week3,347.0 Vienna Woods - 55.0 Annandale
Annandale,Week2,Pleasant Valley,Week1,232.0 Annandale - 168.0 Pleasant Valley
Annandale,Week4,Great Falls,Week4,258.0 Great Falls - 142.0 Annandale
Annandale,Week3,Pinewood Lake,Week1,347.0 Annandale - 44.0 Pinewood Lake
Arlington Forest,Week1,North Springfield,Week5,295.0 Arlington Forest - 79.0 North Springfield
Annandale,Week5,Great Falls,Week3,284.0 Great Falls - 118.0 Annandale
Arlington Forest,Week2,North Springfield,Week4,315.0 Arlington Forest - 76.0 North Springfield
Arlington Forest,Week4,Sully Station II,Week1,233.0 Sully Station II - 169.0 Arlington Forest
Arlington Forest,Week3,North Springfield,Week5,260.0 Arlington Forest - 114.0 North Springfield
Annandale,Week1,Vienna Woods,Week4,338.0 Vienna Woods - 64.0 Annandale
Annandale,Week5,Vienna Woods,Week3,350.0 Vienna Woods - 52.0 Annandale
Arlington Forest,Week5,Fox Mill Woods,Week1,240.0 Fox Mill Woods - 162.0 Arlington Forest
Arlington Forest,Week2,Truro,Week5,263.0 Arlington Forest - 134.0 Truro
Annandale,Week5,Vienna Aquatic,Week4,346.0 Vienna Aquatic - 56.0 Annandale
Annandale,Week1,Villa Aquatic,Week2,275.0 Villa Aquatic - 127.0 Annandale
Arlington Forest,Week2,North Springfield,Week5,280.0 Arlington Forest - 94.0 North Springfield
Annandale,Week5,Pinewood Lake,Week4,335.0 Annandale - 60.0 Pinewood Lake
Annandale,Week5,Great Falls,Week5,275.0 Great Falls - 127.0 Annandale
Arlington Forest,Week5,Fox Mill Woods,Week5,222.0 Fox Mill Woods - 180.0 Arlington Forest
Arlington Forest,Week4,North Springfield,Week3,311.0 Arlington Forest - 85.0 North Springfield
Annandale,Week2,Pinewood Lake,Week1,342.0 Annandale - 57.0 Pinewood Lake
Arlington Forest,Week5,Sully Station II,Week5,256.0 Sully Station II - 146.0 Arlington Forest
Annandale,Week1,Pleasant Valley,Week5,207.0 Annandale - 188.0 Pleasant Valley
Arlington Forest,Week1,Truro,Week1,274.0 Arlington Forest - 128.0 Truro
Arlington Forest,Week2,North Springfield,Week3,297.0 Arlington Forest - 98.0 North Springfield
Annandale,Week5,Great Falls,Week2,248.0 Great Falls - 136.0 Annandale
Annandale,Week1,Pleasant Valley,Week4,227.0 Annandale - 164.0 Pleasant Valley
Arlington Forest,Week2,Great Falls,Week1,215.0 Arlington Forest - 187.0 Great Falls
Annandale,Week5,Vienna Woods,Week5,354.0 Vienna Woods - 48.0 Annandale
Arlington Forest,Week1,North Springfield,Week4,325.0 Arlington Forest - 67.0 North Springfield
Arlington Forest,Week4,Sully Station II,Week2,261.0 Sully Station II - 141.0 Arlington Forest
Annandale,Week3,Vienna Woods,Week4,336.0 Vienna Woods - 61.0 Annandale
Annandale,Week5,Vienna Woods,Week2,335.0 Vienna Woods - 67.0 Annandale
Annandale,Week1,Hamlet,Week2,346.0 Hamlet - 56.0 Annandale
Arlington Forest,Week2,Great Falls,Week3,223.0 Great Falls - 174.0 Arlington Forest
Annandale,Week1,Hamlet,Week1,337.0 Hamlet - 65.0 Annandale
Annandale,Week2,Pinewood Lake,Week4,335.0 Annandale - 65.0 Pinewood Lake
Annandale,Week2,Vienna Woods,Week2,346.0 Vienna Woods - 56.0 Annandale
Arlington Forest,Week3,Fox Mill Woods,Week2,269.5 Fox Mill Woods - 132.5 Arlington Forest
Arlington Forest,Week4,North Springfield,Week4,329.0 Arlington Forest - 62.0 North Springfield
Annandale,Week1,Pleasant Valley,Week1,216.0 Annandale - 185.0 Pleasant Valley
Arlington Forest,Week2,Great Falls,Week4,208.0 Great Falls - 189.0 Arlington Forest
Arlington Forest,Week2,Great Falls,Week2,194.0 Great Falls - 190.0 Arlington Forest
Annandale,Week4,Vienna Woods,Week5,372.0 Vienna Woods - 30.0 Annandale
Annandale,Week4,Pinewood Lake,Week3,337.0 Annandale - 54.0 Pinewood Lake
Arlington Forest,Week3,Truro,Week1,240.0 Arlington Forest - 161.0 Truro
Arlington Forest,Week1,North Springfield,Week3,311.0 Arlington Forest - 86.0 North Springfield
Annandale,Week2,Greenbriar,Week5,264.0 Greenbriar - 138.0 Annandale
Annandale,Week3,Pinewood Lake,Week4,335.0 Annandale - 61.0 Pinewood Lake
Arlington Forest,Week3,Truro,Week2,255.0 Arlington Forest - 146.0 Truro
Arlington Forest,Week2,Fox Mill Woods,Week4,276.0 Fox Mill Woods - 126.0 Arlington Forest
Annandale,Week5,Vienna Aquatic,Week5,359.0 Vienna Aquatic - 43.0 Annandale
Annandale,Week5,Vienna Aquatic,Week3,350.0 Vienna Aquatic - 52.0 Annandale
Arlington Forest,Week4,Sully Station II,Week4,211.0 Sully Station II - 191.0 Arlington Forest
Annandale,Week2,Pinewood Lake,Week5,327.0 Annandale - 74.0 Pinewood Lake
Annandale,Week4,Pinewood Lake,Week1,332.0 Annandale - 63.0 Pinewood Lake
Annandale,Week4,Greenbriar,Week1,289.0 Greenbriar - 113.0 Annandale
Annandale,Week2,Vienna Woods,Week1,341.0 Vienna Woods - 61.0 Annandale
Annandale,Week2,Vienna Woods,Week3,352.0 Vienna Woods - 50.0 Annandale
Arlington Forest,Week3,Sully Station II,Week4,260.0 Sully Station II - 142.0 Arlington Forest
Arlington Forest,Week2,Fox Mill Woods,Week3,245.0 Fox Mill Woods - 157.0 Arlington Forest
Arlington Forest,Week4,Sully Station II,Week5,263.0 Sully Station II - 139.0 Arlington Forest
Arlington Forest,Week3,Sully Station II,Week5,300.0 Sully Station II - 102.0 Arlington Forest
Arlington Forest,Week3,Fox Mill Woods,Week4,285.0 Fox Mill Woods - 117.0 Arlington Forest
Arlington Forest,Week2,North Springfield,Week1,303.0 Arlington Forest - 48.0 North Springfield
Arlington Forest,Week1,North Springfield,Week2,323.0 Arlington Forest - 65.0 North Springfield
Annandale,Week5,Greenbriar,Week1,275.0 Greenbriar - 127.0 Annandale
Annandale,Week4,Greenbriar,Week2,299.0 Greenbriar - 103.0 Annandale
Annandale,Week4,Pinewood Lake,Week2,327.0 Annandale - 64.0 Pinewood Lake
Arlington Forest,Week3,North Springfield,Week4,306.0 Arlington Forest - 86.0 North Springfield
Annandale,Week3,Greenbriar,Week1,266.0 Greenbriar - 136.0 Annandale
Arlington Forest,Week2,Fox Mill Woods,Week5,273.0 Fox Mill Woods - 129.0 Arlington Forest
Annandale,Week1,Vienna Woods,Week5,353.0 Vienna Woods - 49.0 Annandale
Arlington Forest,Week4,Fox Mill Woods,Week4,243.0 Fox Mill Woods - 159.0 Arlington Forest
Arlington Forest,Week5,Sully Station II,Week1,222.0 Sully Station II - 180.0 Arlington Forest
Annandale,Week4,Greenbriar,Week5,288.0 Greenbriar - 113.0 Annandale
Arlington Forest,Week3,North Springfield,Week2,290.0 Arlington Forest - 98.0 North Springfield
Arlington Forest,Week4,Fox Mill Woods,Week1,244.0 Fox Mill Woods - 158.0 Arlington Forest
Arlington Forest,Week5,Newington Forest,Week1,307.0 Arlington Forest - 94.0 Newington Forest
Annandale,Week5,Pinewood Lake,Week1,348.0 Annandale - 49.0 Pinewood Lake
Arlington Forest,Week4,Sully Station II,Week3,281.0 Sully Station II - 121.0 Arlington Forest
Annandale,Week3,Pinewood Lake,Week2,339.0 Annandale - 52.0 Pinewood Lake
Arlington Forest,Week4,North Springfield,Week1,302.0 Arlington Forest - 49.0 North Springfield
Annandale,Week5,Greenbriar,Week2,294.0 Greenbriar - 108.0 Annandale
Annandale,Week2,Pleasant Valley,Week2,241.0 Annandale - 159.0 Pleasant Valley
Arlington Forest,Week2,Oakton ,Week4,290.0 Oakton - 112.0 Arlington Forest
Arlington Forest,Week1,Great Falls,Week1,229.0 Arlington Forest - 173.0 Great Falls
Annandale,Week5,Greenbriar,Week4,254.0 Greenbriar - 148.0 Annandale
Arlington Forest,Week1,Oakton ,Week5,292.0 Oakton - 110.0 Arlington Forest
Annandale,Week5,Pinewood Lake,Week2,335.0 Annandale - 60.0 Pinewood Lake
Arlington Forest,Week4,Oakton ,Week5,287.0 Oakton - 115.0 Arlington Forest
Arlington Forest,Week5,Oakton ,Week2,269.0 Oakton - 133.0 Arlington Forest
Annandale,Week2,Vienna Woods,Week5,358.0 Vienna Woods - 44.0 Annandale
Arlington Forest,Week1,Great Falls,Week2,199.0 Arlington Forest - 185.0 Great Falls
Annandale,Week5,Vienna Aquatic,Week2,339.0 Vienna Aquatic - 63.0 Annandale
Arlington Forest,Week3,Tuckahoe,Week1,348.0 Tuckahoe - 54.0 Arlington Forest
Arlington Forest,Week4,Tuckahoe,Week4,339.0 Tuckahoe - 63.0 Arlington Forest
Arlington Forest,Week2,Truro,Week2,272.0 Arlington Forest - 125.0 Truro
Annandale,Week1,Vienna Woods,Week2,347.5 Vienna Woods - 54.5 Annandale
Annandale,Week1,Pleasant Valley,Week3,201.0 Annandale - 201.0 Pleasant Valley
Arlington Forest,Week4,North Springfield,Week5,290.0 Arlington Forest - 84.0 North Springfield
Arlington Forest,Week5,Fox Mill Woods,Week2,219.0 Fox Mill Woods - 183.0 Arlington Forest
Arlington Forest,Week4,Tuckahoe,Week2,334.0 Tuckahoe - 68.0 Arlington Forest
Arlington Forest,Week1,Oakton ,Week3,273.0 Oakton - 124.0 Arlington Forest
Arlington Forest,Week3,Fox Mill Woods,Week5,279.0 Fox Mill Woods - 123.0 Arlington Forest
Annandale,Week4,Hamlet,Week2,350.0 Hamlet - 52.0 Annandale
Arlington Forest,Week4,Fox Mill Woods,Week5,247.5 Fox Mill Woods - 154.5 Arlington Forest
Arlington Forest,Week4,Oakton ,Week2,276.5 Oakton - 125.5 Arlington Forest
Annandale,Week5,Pinewood Lake,Week3,344.0 Annandale - 50.0 Pinewood Lake
Arlington Forest,Week3,Tuckahoe,Week3,356.0 Tuckahoe - 46.0 Arlington Forest
Annandale,Week4,Pinewood Lake,Week5,319.0 Annandale - 76.0 Pinewood Lake
Annandale,Week3,Greenbriar,Week5,256.0 Greenbriar - 146.0 Annandale
Annandale,Week1,Pleasant Valley,Week2,222.0 Annandale - 179.0 Pleasant Valley
Annandale,Week4,Vienna Woods,Week1,357.0 Vienna Woods - 45.0 Annandale
Arlington Forest,Week3,Fox Mill Woods,Week1,288.0 Fox Mill Woods - 114.0 Arlington Forest
Annandale,Week4,Pinewood Lake,Week4,328.0 Annandale - 65.0 Pinewood Lake
Arlington Forest,Week5,Fox Mill Woods,Week4,222.0 Fox Mill Woods - 180.0 Arlington Forest
Annandale,Week2,Hamlet,Week2,339.0 Hamlet - 63.0 Annandale
Annandale,Week5,Pinewood Lake,Week5,330.0 Annandale - 67.0 Pinewood Lake
Annandale,Week1,Vienna Woods,Week1,336.0 Vienna Woods - 66.0 Annandale
Annandale,Week4,Vienna Woods,Week2,354.0 Vienna Woods - 48.0 Annandale
Annandale,Week4,Greenbriar,Week3,293.0 Greenbriar - 109.0 Annandale
Annandale,Week3,Vienna Woods,Week2,339.0 Vienna Woods - 63.0 Annandale
Annandale,Week3,Vienna Woods,Week3,352.0 Vienna Woods - 50.0 Annandale
Annandale,Week4,Greenbriar,Week4,268.0 Greenbriar - 134.0 Annandale
Arlington Forest,Week5,Truro,Week5,273.0 Arlington Forest - 124.0 Truro
Annandale,Week3,Hamlet,Week4,324.0 Hamlet - 78.0 Annandale
Annandale,Week3,Greenbriar,Week3,276.0 Greenbriar - 126.0 Annandale
Arlington Forest,Week3,Tuckahoe,Week5,350.5 Tuckahoe - 51.5 Arlington Forest
Arlington Forest,Week1,Great Falls,Week3,203.0 Great Falls - 199.0 Arlington Forest
Annandale,Week4,Vienna Woods,Week3,358.0 Vienna Woods - 44.0 Annandale
Arlington Forest,Week5,Tuckahoe,Week1,310.0 Tuckahoe - 92.0 Arlington Forest
Annandale,Week3,Pinewood Lake,Week5,326.0 Annandale - 70.0 Pinewood Lake
Arlington Forest,Week5,Tuckahoe,Week3,332.0 Tuckahoe - 70.0 Arlington Forest
Arlington Forest,Week4,Truro,Week3,295.0 Arlington Forest - 107.0 Truro
Arlington Forest,Week3,Oakton ,Week1,291.0 Oakton - 111.0 Arlington Forest
Arlington Forest,Week2,Oakton ,Week3,289.0 Oakton - 113.0 Arlington Forest
Annandale,Week2,Pleasant Valley,Week4,250.0 Annandale - 147.0 Pleasant Valley
Annandale,Week3,Greenbriar,Week2,285.0 Greenbriar - 117.0 Annandale
Annandale,Week2,Pleasant Valley,Week3,223.0 Annandale - 178.0 Pleasant Valley
Arlington Forest,Week3,Oakton ,Week5,317.5 Oakton - 84.5 Arlington Forest
Annandale,Week4,Vienna Woods,Week4,343.0 Vienna Woods - 59.0 Annandale
Arlington Forest,Week1,Great Falls,Week4,205.0 Arlington Forest - 197.0 Great Falls
Arlington Forest,Week1,Great Falls,Week5,213.0 Great Falls - 189.0 Arlington Forest
Annandale,Week3,Greenbriar,Week4,249.0 Greenbriar - 153.0 Annandale
Annandale,Week2,Greenbriar,Week3,271.0 Greenbriar - 131.0 Annandale
Arlington Forest,Week5,Tuckahoe,Week5,317.0 Tuckahoe - 85.0 Arlington Forest
Arlington Forest,Week1,Old Keene Mill,Week5,254.0 Arlington Forest - 148.0 Old Keene Mill
Arlington Forest,Week2,Fox Mill Woods,Week2,250.0 Fox Mill Woods - 152.0 Arlington Forest
Annandale,Week3,Vienna Woods,Week5,357.0 Vienna Woods - 45.0 Annandale
Arlington Forest,Week3,Great Falls,Week5,235.0 Great Falls - 167.0 Arlington Forest
Annandale,Week1,Poplar Heights,Week2,307.0 Poplar Heights - 95.0 Annandale
Annandale,Week5,Vienna Woods,Week4,334.0 Vienna Woods - 68.0 Annandale
Arlington Forest,Week4,Truro,Week5,277.5 Arlington Forest - 124.5 Truro
Annandale,Week2,Greenbriar,Week2,279.0 Greenbriar - 123.0 Annandale
Annandale,Week3,Poplar Heights,Week5,295.0 Poplar Heights - 107.0 Annandale
Annandale,Week1,Villa Aquatic,Week1,260.0 Villa Aquatic - 142.0 Annandale
Annandale,Week1,Hamlet,Week5,350.0 Hamlet - 52.0 Annandale
Arlington Forest,Week4,Great Falls,Week2,214.0 Arlington Forest - 170.0 Great Falls
Arlington Forest,Week5,Truro,Week2,285.0 Arlington Forest - 112.0 Truro
Arlington Forest,Week2,Old Keene Mill,Week3,243.0 Arlington Forest - 159.0 Old Keene Mill
Annandale,Week3,Pleasant Valley,Week2,242.0 Annandale - 160.0 Pleasant Valley
Arlington Forest,Week1,Oakton ,Week1,277.0 Oakton - 125.0 Arlington Forest
Arlington Forest,Week1,Tuckahoe,Week1,337.0 Tuckahoe - 65.0 Arlington Forest
Arlington Forest,Week4,Great Falls,Week1,222.5 Arlington Forest - 179.5 Great Falls
Arlington Forest,Week3,Great Falls,Week4,212.0 Great Falls - 190.0 Arlington Forest
Arlington Forest,Week4,Truro,Week4,274.0 Arlington Forest - 128.0 Truro
Annandale,Week5,Greenbriar,Week5,271.0 Greenbriar - 130.0 Annandale
Annandale,Week2,Hamlet,Week4,330.0 Hamlet - 72.0 Annandale
Annandale,Week5,Vienna Woods,Week1,340.0 Vienna Woods - 62.0 Annandale
Annandale,Week5,Pleasant Valley,Week4,244.0 Annandale - 156.0 Pleasant Valley
Arlington Forest,Week5,Oakton ,Week4,242.0 Oakton - 160.0 Arlington Forest
Arlington Forest,Week3,Greenbriar,Week1,216.0 Greenbriar - 186.0 Arlington Forest
Arlington Forest,Week1,Oakton ,Week2,294.0 Oakton - 108.0 Arlington Forest
Annandale,Week3,Pinewood Lake,Week3,347.0 Annandale - 49.0 Pinewood Lake
Annandale,Week1,Hamlet,Week3,342.0 Hamlet - 60.0 Annandale
Arlington Forest,Week4,Truro,Week1,286.0 Arlington Forest - 116.0 Truro
Arlington Forest,Week5,Truro,Week1,259.0 Arlington Forest - 143.0 Truro
Annandale,Week3,Vienna Woods,Week1,338.0 Vienna Woods - 64.0 Annandale
Annandale,Week5,Villa Aquatic,Week3,299.0 Villa Aquatic - 103.0 Annandale
Annandale,Week3,Pleasant Valley,Week1,234.0 Annandale - 168.0 Pleasant Valley
Annandale,Week2,Greenbriar,Week4,244.0 Greenbriar - 158.0 Annandale
Annandale,Week2,Vienna Woods,Week4,334.0 Vienna Woods - 68.0 Annandale
Arlington Forest,Week2,Old Keene Mill,Week2,251.0 Arlington Forest - 151.0 Old Keene Mill
Annandale,Week1,Poplar Heights,Week5,312.0 Poplar Heights - 85.0 Annandale
Annandale,Week3,Hamlet,Week3,340.0 Hamlet - 62.0 Annandale
Annandale,Week4,Villa Aquatic,Week1,263.0 Villa Aquatic - 139.0 Annandale
Annandale,Week1,Hamlet,Week4,324.0 Hamlet - 78.0 Annandale
Arlington Forest,Week2,Tuckahoe,Week3,357.0 Tuckahoe - 45.0 Arlington Forest
Arlington Forest,Week2,Tuckahoe,Week2,354.0 Tuckahoe - 48.0 Arlington Forest
Annandale,Week4,Poplar Heights,Week5,328.0 Poplar Heights - 74.0 Annandale
Annandale,Week1,Villa Aquatic,Week3,317.0 Villa Aquatic - 85.0 Annandale
Arlington Forest,Week2,Greenbriar,Week5,212.0 Greenbriar - 190.0 Arlington Forest
Annandale,Week2,Villa Aquatic,Week4,291.0 Villa Aquatic - 111.0 Annandale
Annandale,Week2,Village West,Week1,214.0 Village West - 188.0 Annandale
Arlington Forest,Week3,Great Falls,Week1,201.0 Arlington Forest - 201.0 Great Falls
Annandale,Week2,Hamlet,Week5,337.0 Hamlet - 65.0 Annandale
Annandale,Week1,Village West,Week3,235.0 Village West - 167.0 Annandale
Arlington Forest,Week4,Truro,Week2,296.0 Arlington Forest - 106.0 Truro
Annandale,Week5,Greenbriar,Week3,273.0 Greenbriar - 129.0 Annandale
Annandale,Week4,Villa Aquatic,Week5,308.0 Villa Aquatic - 94.0 Annandale
Arlington Forest,Week2,Tuckahoe,Week1,343.0 Tuckahoe - 59.0 Arlington Forest
Annandale,Week4,Pleasant Valley,Week5,229.0 Annandale - 167.0 Pleasant Valley
Annandale,Week1,Village West,Week1,223.0 Village West - 179.0 Annandale
Arlington Forest,Week5,North Springfield,Week5,285.0 Arlington Forest - 88.0 North Springfield
Annandale,Week2,Poplar Heights,Week5,307.0 Poplar Heights - 95.0 Annandale
Arlington Forest,Week2,Oakton ,Week2,317.0 Oakton - 85.0 Arlington Forest
Annandale,Week5,Pleasant Valley,Week5,221.0 Annandale - 175.0 Pleasant Valley
Arlington Forest,Week2,Tuckahoe,Week5,356.0 Tuckahoe - 46.0 Arlington Forest
Arlington Forest,Week2,Oakton ,Week5,303.0 Oakton - 99.0 Arlington Forest
Annandale,Week2,Hamlet,Week1,320.0 Hamlet - 82.0 Annandale
Annandale,Week2,Village West,Week2,212.0 Village West - 189.0 Annandale
Arlington Forest,Week1,Greenbriar,Week3,202.0 Greenbriar - 200.0 Arlington Forest
Arlington Forest,Week2,Greenbriar,Week1,208.0 Greenbriar - 194.0 Arlington Forest
Annandale,Week2,Hamlet,Week3,335.0 Hamlet - 66.0 Annandale
Arlington Forest,Week3,Great Falls,Week3,238.0 Great Falls - 164.0 Arlington Forest
Arlington Forest,Week5,Great Falls,Week3,229.0 Arlington Forest - 168.0 Great Falls
Arlington Forest,Week2,Oakton ,Week1,282.0 Oakton - 115.0 Arlington Forest
Arlington Forest,Week1,Greenbriar,Week5,208.0 Greenbriar - 194.0 Arlington Forest
Arlington Forest,Week5,North Springfield,Week3,309.0 Arlington Forest - 88.0 North Springfield
Arlington Forest,Week2,Greenbriar,Week4,228.0 Arlington Forest - 174.0 Greenbriar
Arlington Forest,Week1,Oakton ,Week4,286.0 Oakton - 116.0 Arlington Forest
Arlington Forest,Week5,Truro,Week3,291.0 Arlington Forest - 111.0 Truro
Annandale,Week3,Pleasant Valley,Week3,226.0 Annandale - 176.0 Pleasant Valley
Annandale,Week2,Poplar Heights,Week2,309.0 Poplar Heights - 93.0 Annandale
Arlington Forest,Week3,Oakton ,Week4,315.0 Oakton - 87.0 Arlington Forest
Arlington Forest,Week5,North Springfield,Week2,309.0 Arlington Forest - 79.0 North Springfield
Arlington Forest,Week1,Tuckahoe,Week2,343.0 Tuckahoe - 59.0 Arlington Forest
Annandale,Week3,Hamlet,Week1,325.0 Hamlet - 77.0 Annandale
Annandale,Week4,Hamlet,Week1,337.0 Hamlet - 65.0 Annandale
Annandale,Week4,Hamlet,Week4,341.0 Hamlet - 61.0 Annandale
Annandale,Week3,Villa Aquatic,Week4,296.0 Villa Aquatic - 106.0 Annandale
Arlington Forest,Week4,Oakton ,Week1,258.0 Oakton - 144.0 Arlington Forest
Arlington Forest,Week3,Oakton ,Week2,322.0 Oakton - 80.0 Arlington Forest
Annandale,Week4,Pleasant Valley,Week3,206.0 Pleasant Valley - 195.0 Annandale
Annandale,Week1,Poplar Heights,Week1,296.0 Poplar Heights - 106.0 Annandale
Annandale,Week5,Villa Aquatic,Week1,252.0 Villa Aquatic - 150.0 Annandale
Annandale,Week3,Hamlet,Week5,347.0 Hamlet - 55.0 Annandale
Arlington Forest,Week5,Truro,Week4,276.0 Arlington Forest - 126.0 Truro
Arlington Forest,Week4,Oakton ,Week3,263.0 Oakton - 139.0 Arlington Forest
Arlington Forest,Week1,Tuckahoe,Week4,349.0 Tuckahoe - 53.0 Arlington Forest
Arlington Forest,Week5,Great Falls,Week4,238.0 Arlington Forest - 159.0 Great Falls
Annandale,Week4,Villa Aquatic,Week2,259.0 Villa Aquatic - 143.0 Annandale
Arlington Forest,Week2,Great Falls,Week5,230.0 Great Falls - 167.0 Arlington Forest
Arlington Forest,Week5,Great Falls,Week1,258.0 Arlington Forest - 144.0 Great Falls
Arlington Forest,Week1,Tuckahoe,Week3,351.0 Tuckahoe - 51.0 Arlington Forest
Annandale,Week3,Hamlet,Week2,339.5 Hamlet - 62.5 Annandale
Arlington Forest,Week1,Tuckahoe,Week5,337.0 Tuckahoe - 65.0 Arlington Forest
Annandale,Week3,Pleasant Valley,Week5,231.0 Annandale - 169.0 Pleasant Valley
Annandale,Week5,Pleasant Valley,Week1,242.0 Annandale - 159.0 Pleasant Valley
Arlington Forest,Week3,Oakton ,Week3,310.0 Oakton - 92.0 Arlington Forest
Annandale,Week3,Villa Aquatic,Week1,252.0 Villa Aquatic - 150.0 Annandale
Arlington Forest,Week5,Oakton ,Week3,243.0 Oakton - 159.0 Arlington Forest
Annandale,Week3,Villa Aquatic,Week3,300.0 Villa Aquatic - 102.0 Annandale
Annandale,Week2,Villa Aquatic,Week2,251.0 Villa Aquatic - 151.0 Annandale
Annandale,Week3,Villa Aquatic,Week2,246.0 Villa Aquatic - 156.0 Annandale
Annandale,Week5,Hamlet,Week2,325.0 Hamlet - 77.0 Annandale
Annandale,Week2,Poplar Heights,Week1,296.0 Poplar Heights - 106.0 Annandale
Arlington Forest,Week3,Tuckahoe,Week2,353.0 Tuckahoe - 49.0 Arlington Forest
Arlington Forest,Week5,Oakton ,Week5,266.0 Oakton - 136.0 Arlington Forest
Arlington Forest,Week4,Great Falls,Week4,223.0 Arlington Forest - 179.0 Great Falls
Arlington Forest,Week3,Great Falls,Week2,206.0 Great Falls - 178.0 Arlington Forest
Arlington Forest,Week4,Great Falls,Week5,208.0 Great Falls - 194.0 Arlington Forest
Arlington Forest,Week4,Great Falls,Week3,206.0 Arlington Forest - 196.0 Great Falls
Annandale,Week3,Pleasant Valley,Week4,255.0 Annandale - 140.0 Pleasant Valley
Arlington Forest,Week4,Tuckahoe,Week1,328.0 Tuckahoe - 74.0 Arlington Forest
Arlington Forest,Week5,Oakton ,Week1,253.0 Oakton - 144.0 Arlington Forest
Annandale,Week5,Pleasant Valley,Week3,223.0 Annandale - 179.0 Pleasant Valley
Annandale,Week2,Villa Aquatic,Week5,293.0 Villa Aquatic - 109.0 Annandale
Annandale,Week5,Villa Aquatic,Week2,254.0 Villa Aquatic - 148.0 Annandale
Annandale,Week5,Hamlet,Week1,326.0 Hamlet - 76.0 Annandale
Annandale,Week4,Hamlet,Week3,346.0 Hamlet - 55.0 Annandale
Arlington Forest,Week2,Tuckahoe,Week4,357.0 Tuckahoe - 45.0 Arlington Forest
Arlington Forest,Week5,North Springfield,Week4,321.0 Arlington Forest - 71.0 North Springfield
Arlington Forest,Week4,Tuckahoe,Week3,342.0 Tuckahoe - 60.0 Arlington Forest
Annandale,Week5,Pleasant Valley,Week2,243.0 Annandale - 158.0 Pleasant Valley
Annandale,Week4,Pleasant Valley,Week2,229.0 Annandale - 171.0 Pleasant Valley
Annandale,Week5,Hamlet,Week3,332.0 Hamlet - 70.0 Annandale
Arlington Forest,Week5,Great Falls,Week5,215.0 Arlington Forest - 182.0 Great Falls
Annandale,Week4,Hamlet,Week5,363.0 Hamlet - 39.0 Annandale
Arlington Forest,Week3,Tuckahoe,Week4,355.0 Tuckahoe - 47.0 Arlington Forest
Arlington Forest,Week1,Greenbriar,Week1,204.0 Arlington Forest - 198.0 Greenbriar
Annandale,Week4,Pleasant Valley,Week1,229.0 Annandale - 171.0 Pleasant Valley
Arlington Forest,Week4,Oakton ,Week4,263.0 Oakton - 139.0 Arlington Forest
Annandale,Week5,Hamlet,Week4,321.0 Hamlet - 81.0 Annandale
Arlington Forest,Week5,Tuckahoe,Week2,314.0 Tuckahoe - 88.0 Arlington Forest
Arlington Forest,Week1,Greenbriar,Week4,239.0 Arlington Forest - 163.0 Greenbriar
Annandale,Week2,Poplar Heights,Week4,299.0 Poplar Heights - 103.0 Annandale
Arlington Forest,Week1,Greenbriar,Week2,220.0 Greenbriar - 182.0 Arlington Forest
Annandale,Week4,Villa Aquatic,Week3,307.0 Villa Aquatic - 95.0 Annandale
Annandale,Week1,Villa Aquatic,Week4,304.0 Villa Aquatic - 98.0 Annandale
Arlington Forest,Week1,Old Keene Mill,Week3,258.0 Arlington Forest - 144.0 Old Keene Mill
Annandale,Week2,Villa Aquatic,Week1,245.0 Villa Aquatic - 157.0 Annandale
Annandale,Week1,Villa Aquatic,Week5,295.0 Villa Aquatic - 107.0 Annandale
Arlington Forest,Week1,Old Keene Mill,Week1,275.0 Arlington Forest - 127.0 Old Keene Mill
Arlington Forest,Week5,Great Falls,Week2,225.0 Arlington Forest - 159.0 Great Falls
Arlington Forest,Week4,Tuckahoe,Week5,327.5 Tuckahoe - 74.5 Arlington Forest
Arlington Forest,Week5,Tuckahoe,Week4,323.0 Tuckahoe - 79.0 Arlington Forest
Annandale,Week5,High Point Pool,Week5,295.0 High Point Pool - 107.0 Annandale
Annandale,Week3,Poplar Heights,Week3,297.0 Poplar Heights - 105.0 Annandale
Arlington Forest,Week1,Vienna Woods,Week2,304.0 Vienna Woods - 98.0 Arlington Forest
Arlington Forest,Week3,Greenbriar,Week2,248.0 Greenbriar - 154.0 Arlington Forest
Annandale,Week4,Annandale,Week1,221.0 Annandale (A1) - 181.0 Annandale (A2)
Arlington Forest,Week3,Vienna Aquatic,Week4,310.0 Vienna Aquatic - 92.0 Arlington Forest
Arlington Forest,Week1,Old Keene Mill,Week4,274.0 Arlington Forest - 128.0 Old Keene Mill
Annandale,Week2,Highland Park,Week5,281.0 Highland Park - 121.0 Annandale
Arlington Forest,Week2,Orange Hunt,Week5,246.0 Orange Hunt - 156.0 Arlington Forest
Annandale,Week1,Highland Park,Week4,309.0 Highland Park - 93.0 Annandale
Annandale,Week2,Poplar Heights,Week3,307.0 Poplar Heights - 95.0 Annandale
Arlington Forest,Week2,Greenbriar,Week2,230.0 Greenbriar - 172.0 Arlington Forest
Annandale,Week1,Poplar Heights,Week3,308.0 Poplar Heights - 94.0 Annandale
Annandale,Week1,Annandale,Week2,220.0 Annandale (A2) - 182.0 Annandale (A1)
Annandale,Week4,Pleasant Valley,Week4,246.0 Annandale - 150.0 Pleasant Valley
Arlington Forest,Week2,Hamlet,Week5,328.0 Hamlet - 74.0 Arlington Forest
Annandale,Week4,High Point Pool,Week3,313.0 High Point Pool - 89.0 Annandale
Annandale,Week3,Highland Park,Week4,294.0 Highland Park - 108.0 Annandale
Arlington Forest,Week1,Orange Hunt,Week1,205.0 Orange Hunt - 197.0 Arlington Forest
Annandale,Week3,Villa Aquatic,Week5,293.0 Villa Aquatic - 109.0 Annandale
Annandale,Week1,Annandale,Week1,193.0 Annandale (A1) - 193.0 Annandale (A2)
Arlington Forest,Week2,Old Keene Mill,Week1,260.0 Arlington Forest - 142.0 Old Keene Mill
Annandale,Week2,Villa Aquatic,Week3,315.0 Villa Aquatic - 87.0 Annandale
Arlington Forest,Week2,Greenbriar,Week3,224.0 Greenbriar - 178.0 Arlington Forest
Arlington Forest,Week3,Vienna Aquatic,Week3,319.0 Vienna Aquatic - 83.0 Arlington Forest
Annandale,Week3,Poplar Heights,Week1,280.0 Poplar Heights - 122.0 Annandale
Arlington Forest,Week1,Old Keene Mill,Week2,260.0 Arlington Forest - 142.0 Old Keene Mill
Arlington Forest,Week3,Vienna Aquatic,Week5,328.0 Vienna Aquatic - 74.0 Arlington Forest
Annandale,Week4,Villa Aquatic,Week4,303.0 Villa Aquatic - 99.0 Annandale
Annandale,Week3,Poplar Heights,Week2,301.0 Poplar Heights - 101.0 Annandale
Annandale,Week5,High Point Pool,Week4,302.0 High Point Pool - 100.0 Annandale
Annandale,Week1,Annandale,Week5,221.0 Annandale (A2) - 181.0 Annandale (A1)
Annandale,Week4,High Point Pool,Week2,318.0 High Point Pool - 84.0 Annandale
Annandale,Week3,Annandale,Week1,240.0 Annandale (A1) - 157.0 Annandale (A2)
Arlington Forest,Week1,Vienna Aquatic,Week2,281.0 Vienna Aquatic - 121.0 Arlington Forest
Arlington Forest,Week3,Old Keene Mill,Week4,246.0 Arlington Forest - 156.0 Old Keene Mill
Arlington Forest,Week2,Vienna Aquatic,Week3,305.0 Vienna Aquatic - 97.0 Arlington Forest
Arlington Forest,Week3,Greenbriar,Week5,226.0 Greenbriar - 176.0 Arlington Forest
Arlington Forest,Week2,Old Keene Mill,Week5,238.0 Arlington Forest - 164.0 Old Keene Mill
Annandale,Week1,Village West,Week2,225.0 Village West - 177.0 Annandale
Annandale,Week5,Villa Aquatic,Week4,288.0 Villa Aquatic - 114.0 Annandale
Arlington Forest,Week4,Old Keene Mill,Week4,285.0 Arlington Forest - 117.0 Old Keene Mill
Annandale,Week5,High Point Pool,Week2,302.0 High Point Pool - 100.0 Annandale
Annandale,Week3,Poplar Heights,Week4,298.0 Poplar Heights - 104.0 Annandale
Annandale,Week1,Poplar Heights,Week4,304.0 Poplar Heights - 98.0 Annandale
Annandale,Week1,Village West,Week4,226.0 Village West - 171.0 Annandale
Annandale,Week4,Poplar Heights,Week1,298.0 Poplar Heights - 104.0 Annandale
Arlington Forest,Week2,Vienna Aquatic,Week5,333.0 Vienna Aquatic - 69.0 Arlington Forest
Arlington Forest,Week4,Greenbriar,Week5,217.0 Arlington Forest - 185.0 Greenbriar
Annandale,Week4,High Point Pool,Week5,312.0 High Point Pool - 89.0 Annandale
Arlington Forest,Week4,Greenbriar,Week2,202.0 Greenbriar - 200.0 Arlington Forest
Annandale,Week3,Annandale,Week2,206.0 Annandale (A2) - 196.0 Annandale (A1)
Annandale,Week5,Village West,Week5,219.0 Village West - 183.0 Annandale
Arlington Forest,Week3,Old Keene Mill,Week5,229.0 Arlington Forest - 173.0 Old Keene Mill
Arlington Forest,Week1,Orange Hunt,Week2,212.0 Orange Hunt - 190.0 Arlington Forest
Arlington Forest,Week1,Vienna Aquatic,Week4,289.0 Vienna Aquatic - 113.0 Arlington Forest
Annandale,Week2,Village West,Week4,222.0 Village West - 175.0 Annandale
Annandale,Week4,Poplar Heights,Week2,309.0 Poplar Heights - 93.0 Annandale
Arlington Forest,Week5,Greenbriar,Week2,216.0 Arlington Forest - 186.0 Greenbriar
Annandale,Week5,Poplar Heights,Week4,304.0 Poplar Heights - 98.0 Annandale
Annandale,Week5,High Point Pool,Week3,296.0 High Point Pool - 106.0 Annandale
Annandale,Week4,Poplar Heights,Week3,309.0 Poplar Heights - 93.0 Annandale
Annandale,Week5,Villa Aquatic,Week5,300.0 Villa Aquatic - 102.0 Annandale
Arlington Forest,Week5,Old Keene Mill,Week4,292.0 Arlington Forest - 110.0 Old Keene Mill
Annandale,Week2,Village West,Week5,221.0 Village West - 181.0 Annandale
Arlington Forest,Week4,Vienna Aquatic,Week1,270.0 Vienna Aquatic - 132.0 Arlington Forest
Arlington Forest,Week1,Hamlet,Week5,326.0 Hamlet - 76.0 Arlington Forest
Arlington Forest,Week5,Greenbriar,Week1,229.0 Arlington Forest - 173.0 Greenbriar
Arlington Forest,Week5,Old Keene Mill,Week3,281.0 Arlington Forest - 121.0 Old Keene Mill
Annandale,Week4,Poplar Heights,Week4,314.0 Poplar Heights - 88.0 Annandale
Arlington Forest,Week4,Greenbriar,Week4,247.0 Arlington Forest - 155.0 Greenbriar
Arlington Forest,Week4,Vienna Aquatic,Week5,310.5 Vienna Aquatic - 91.5 Arlington Forest
Annandale,Week1,Poplar Tree,Week4,285.0 Poplar Tree - 117.0 Annandale
Arlington Forest,Week3,Vienna Aquatic,Week2,295.0 Vienna Aquatic - 107.0 Arlington Forest
Annandale,Week1,Village West,Week5,226.5 Village West - 175.5 Annandale
Arlington Forest,Week1,Vienna Aquatic,Week1,297.0 Vienna Aquatic - 105.0 Arlington Forest
Arlington Forest,Week1,Vienna Aquatic,Week5,322.0 Vienna Aquatic - 80.0 Arlington Forest
Annandale,Week2,Highland Park,Week3,272.0 Highland Park - 130.0 Annandale
Annandale,Week2,Village West,Week3,224.0 Village West - 178.0 Annandale
Arlington Forest,Week4,Greenbriar,Week1,222.0 Arlington Forest - 180.0 Greenbriar
Annandale,Week1,Highland Park,Week2,301.0 Highland Park - 101.0 Annandale
Annandale,Week3,High Point Pool,Week2,303.0 High Point Pool - 99.0 Annandale
Annandale,Week4,High Point Pool,Week1,297.0 High Point Pool - 105.0 Annandale
Arlington Forest,Week5,Old Keene Mill,Week2,277.0 Arlington Forest - 125.0 Old Keene Mill
Arlington Forest,Week2,Hamlet,Week1,286.0 Hamlet - 116.0 Arlington Forest
Arlington Forest,Week5,Old Keene Mill,Week1,284.0 Arlington Forest - 118.0 Old Keene Mill
Arlington Forest,Week2,Hamlet,Week2,314.0 Hamlet - 88.0 Arlington Forest
Arlington Forest,Week4,Old Keene Mill,Week2,277.0 Arlington Forest - 125.0 Old Keene Mill
Arlington Forest,Week3,Old Keene Mill,Week1,255.0 Arlington Forest - 147.0 Old Keene Mill
Arlington Forest,Week4,Vienna Aquatic,Week4,280.0 Vienna Aquatic - 122.0 Arlington Forest
Annandale,Week2,Highland Park,Week4,292.0 Highland Park - 110.0 Annandale
Annandale,Week2,Annandale,Week1,220.0 Annandale (A1) - 182.0 Annandale (A2)
Annandale,Week1,Annandale,Week4,221.0 Annandale (A2) - 181.0 Annandale (A1)
Annandale,Week1,Highland Park,Week5,308.0 Highland Park - 94.0 Annandale
Annandale,Week1,Ravensworth Farm,Week1,305.0 Ravensworth Farm - 97.0 Annandale
Annandale,Week4,Poplar Tree,Week5,317.0 Poplar Tree - 85.0 Annandale
Annandale,Week1,Annandale,Week3,240.0 Annandale (A2) - 157.0 Annandale (A1)
Annandale,Week2,Virginia Hills,Week1,295.0 Annandale - 107.0 Virginia Hills
Arlington Forest,Week2,Hamlet,Week3,309.0 Hamlet - 93.0 Arlington Forest
Annandale,Week4,Village West,Week2,216.0 Village West - 185.0 Annandale
Arlington Forest,Week2,Vienna Aquatic,Week1,299.0 Vienna Aquatic - 103.0 Arlington Forest
Annandale,Week4,High Point Pool,Week4,319.5 High Point Pool - 82.5 Annandale
Annandale,Week1,Poplar Tree,Week3,303.0 Poplar Tree - 99.0 Annandale
Annandale,Week1,Highland Park,Week3,286.0 Highland Park - 111.0 Annandale
Annandale,Week4,Village West,Week4,227.0 Village West - 170.0 Annandale
Arlington Forest,Week2,Vienna Aquatic,Week2,303.0 Vienna Aquatic - 99.0 Arlington Forest
Arlington Forest,Week1,Orange Hunt,Week4,213.0 Orange Hunt - 189.0 Arlington Forest
Arlington Forest,Week1,Hamlet,Week1,282.0 Hamlet - 120.0 Arlington Forest
Arlington Forest,Week1,Hamlet,Week2,317.0 Hamlet - 85.0 Arlington Forest
Annandale,Week2,Highland Park,Week1,286.0 Highland Park - 116.0 Annandale
Annandale,Week5,Poplar Tree,Week5,299.0 Poplar Tree - 103.0 Annandale
Annandale,Week5,Poplar Tree,Week1,288.0 Poplar Tree - 114.0 Annandale
Annandale,Week2,Virginia Hills,Week4,290.0 Annandale - 112.0 Virginia Hills
Arlington Forest,Week5,Vienna Aquatic,Week3,252.0 Vienna Aquatic - 150.0 Arlington Forest
Arlington Forest,Week5,Vienna Aquatic,Week1,258.0 Vienna Aquatic - 144.0 Arlington Forest
Annandale,Week2,Annandale,Week2,200.5 Annandale (A1) - 200.5 Annandale (A2)
Arlington Forest,Week2,Vienna Aquatic,Week4,316.0 Vienna Aquatic - 86.0 Arlington Forest
Arlington Forest,Week1,Hamlet,Week3,309.0 Hamlet - 93.0 Arlington Forest
Arlington Forest,Week5,Old Keene Mill,Week5,259.0 Arlington Forest - 143.0 Old Keene Mill
Arlington Forest,Week3,Hamlet,Week2,320.0 Hamlet - 82.0 Arlington Forest
Annandale,Week4,Village West,Week3,226.0 Village West - 176.0 Annandale
Annandale,Week3,Highland Park,Week2,276.0 Highland Park - 126.0 Annandale
Annandale,Week2,Highland Park,Week2,278.0 Highland Park - 124.0 Annandale
Annandale,Week2,Poplar Tree,Week2,280.0 Poplar Tree - 122.0 Annandale
Annandale,Week3,Annandale,Week3,196.0 Annandale (A1) - 196.0 Annandale (A2)
Arlington Forest,Week5,Vienna Aquatic,Week4,262.0 Vienna Aquatic - 140.0 Arlington Forest
Arlington Forest,Week3,Old Keene Mill,Week3,239.0 Arlington Forest - 163.0 Old Keene Mill
Arlington Forest,Week3,Old Keene Mill,Week2,246.0 Arlington Forest - 156.0 Old Keene Mill
Annandale,Week1,Virginia Hills,Week4,280.0 Annandale - 122.0 Virginia Hills
Annandale,Week3,Poplar Tree,Week4,265.0 Poplar Tree - 137.0 Annandale
Arlington Forest,Week2,Old Keene Mill,Week4,262.0 Arlington Forest - 140.0 Old Keene Mill
Arlington Forest,Week3,Hamlet,Week4,308.0 Hamlet - 94.0 Arlington Forest
Annandale,Week2,Virginia Hills,Week2,300.0 Annandale - 101.0 Virginia Hills
Annandale,Week5,Poplar Heights,Week3,295.0 Poplar Heights - 107.0 Annandale
Annandale,Week4,Village West,Week1,227.0 Village West - 175.0 Annandale
Arlington Forest,Week1,Orange Hunt,Week5,235.0 Orange Hunt - 167.0 Arlington Forest
Annandale,Week2,Annandale,Week4,225.0 Annandale (A1) - 176.0 Annandale (A2)
Arlington Forest,Week3,Vienna Aquatic,Week1,304.0 Vienna Aquatic - 98.0 Arlington Forest
Annandale,Week5,Poplar Tree,Week2,268.0 Poplar Tree - 134.0 Annandale
Annandale,Week3,High Point Pool,Week5,294.0 High Point Pool - 108.0 Annandale
Arlington Forest,Week2,Orange Hunt,Week1,232.0 Orange Hunt - 170.0 Arlington Forest
Arlington Forest,Week5,Greenbriar,Week4,252.0 Arlington Forest - 150.0 Greenbriar
Annandale,Week5,High Point Pool,Week1,281.0 High Point Pool - 121.0 Annandale
Annandale,Week3,Highland Park,Week3,265.0 Highland Park - 132.0 Annandale
Arlington Forest,Week4,Vienna Aquatic,Week2,278.0 Vienna Aquatic - 124.0 Arlington Forest
Annandale,Week5,Village West,Week4,210.0 Village West - 187.0 Annandale
Arlington Forest,Week1,Vienna Aquatic,Week3,298.0 Vienna Aquatic - 104.0 Arlington Forest
Arlington Forest,Week5,Hamlet,Week1,244.0 Hamlet - 158.0 Arlington Forest
Annandale,Week3,Annandale,Week5,201.0 Annandale (A1) - 201.0 Annandale (A2)
Annandale,Week5,Poplar Heights,Week5,300.0 Poplar Heights - 102.0 Annandale
Arlington Forest,Week4,Old Keene Mill,Week1,289.0 Arlington Forest - 113.0 Old Keene Mill
Arlington Forest,Week5,Hamlet,Week3,263.0 Hamlet - 139.0 Arlington Forest
Annandale,Week1,Highland Park,Week1,308.0 Highland Park - 94.0 Annandale
Arlington Forest,Week4,Greenbriar,Week3,217.0 Arlington Forest - 185.0 Greenbriar
Annandale,Week3,Village West,Week4,203.0 Annandale - 194.0 Village West
Arlington Forest,Week4,Vienna Aquatic,Week3,286.0 Vienna Aquatic - 116.0 Arlington Forest
Annandale,Week1,Virginia Hills,Week2,271.0 Annandale - 130.0 Virginia Hills
Annandale,Week1,Poplar Tree,Week2,284.0 Poplar Tree - 118.0 Annandale
Annandale,Week2,Poplar Tree,Week3,298.0 Poplar Tree - 104.0 Annandale
Annandale,Week3,High Point Pool,Week3,288.0 High Point Pool - 114.0 Annandale
Annandale,Week1,Poplar Tree,Week5,313.0 Poplar Tree - 89.0 Annandale
Annandale,Week1,Virginia Hills,Week1,275.0 Annandale - 127.0 Virginia Hills
Arlington Forest,Week2,Orange Hunt,Week3,235.0 Orange Hunt - 167.0 Arlington Forest
Arlington Forest,Week1,Orange Hunt,Week3,214.0 Orange Hunt - 188.0 Arlington Forest
Arlington Forest,Week2,Hamlet,Week4,290.0 Hamlet - 112.0 Arlington Forest
Arlington Forest,Week1,Vienna Woods,Week1,308.0 Vienna Woods - 94.0 Arlington Forest
Annandale,Week5,Village West,Week2,206.0 Village West - 196.0 Annandale
Annandale,Week3,Highland Park,Week1,295.0 Highland Park - 107.0 Annandale
Arlington Forest,Week1,Vienna Woods,Week3,317.0 Vienna Woods - 85.0 Arlington Forest
Annandale,Week3,Village West,Week3,212.0 Village West - 190.0 Annandale
Arlington Forest,Week5,Vienna Aquatic,Week5,290.0 Vienna Aquatic - 112.0 Arlington Forest
Arlington Forest,Week3,Greenbriar,Week3,223.0 Greenbriar - 179.0 Arlington Forest
Arlington Forest,Week2,Orange Hunt,Week2,236.0 Orange Hunt - 166.0 Arlington Forest
Annandale,Week2,Annandale,Week3,206.0 Annandale (A1) - 196.0 Annandale (A2)
Arlington Forest,Week5,Greenbriar,Week5,218.0 Arlington Forest - 184.0 Greenbriar
Annandale,Week5,Poplar Heights,Week1,270.0 Poplar Heights - 132.0 Annandale
Annandale,Week2,Poplar Tree,Week1,300.0 Poplar Tree - 102.0 Annandale
Annandale,Week3,Annandale,Week4,224.0 Annandale (A1) - 178.0 Annandale (A2)
Arlington Forest,Week4,Old Keene Mill,Week5,256.0 Arlington Forest - 146.0 Old Keene Mill
Arlington Forest,Week1,Hamlet,Week4,293.5 Hamlet - 108.5 Arlington Forest
Annandale,Week2,Annandale,Week5,205.0 Annandale (A1) - 197.0 Annandale (A2)
Arlington Forest,Week5,Vienna Aquatic,Week2,247.0 Vienna Aquatic - 155.0 Arlington Forest
Arlington Forest,Week4,Old Keene Mill,Week3,277.0 Arlington Forest - 125.0 Old Keene Mill
Annandale,Week3,High Point Pool,Week4,300.0 High Point Pool - 102.0 Annandale
Annandale,Week2,Highlands Swim,Week5,342.0 Highlands Swim - 60.0 Annandale
Annandale,Week3,Village West,Week2,210.0 Village West - 192.0 Annandale
Annandale,Week5,Village West,Week1,204.0 Village West - 198.0 Annandale
Arlington Forest,Week2,Villa Aquatic,Week3,251.0 Villa Aquatic - 151.0 Arlington Forest
Arlington Forest,Week4,Vienna Woods,Week1,284.5 Vienna Woods - 117.5 Arlington Forest
Arlington Forest,Week3,Vienna Woods,Week4,312.0 Vienna Woods - 90.0 Arlington Forest
Annandale,Week1,Highlands Swim,Week5,343.0 Highlands Swim - 59.0 Annandale
Annandale,Week4,Poplar Tree,Week1,300.0 Poplar Tree - 102.0 Annandale
Annandale,Week1,Virginia Hills,Week3,268.0 Annandale - 134.0 Virginia Hills
Arlington Forest,Week3,Vienna Woods,Week1,337.5 Vienna Woods - 64.5 Arlington Forest
Arlington Forest,Week2,Overlee,Week2,353.0 Overlee - 49.0 Arlington Forest
Annandale,Week5,Highland Park,Week5,283.0 Highland Park - 119.0 Annandale
Annandale,Week3,Highlands Swim,Week1,347.0 Highlands Swim - 55.0 Annandale
Arlington Forest,Week1,Overlee,Week2,355.0 Overlee - 47.0 Arlington Forest
Annandale,Week2,Virginia Run,Week1,297.0 Virginia Run - 105.0 Annandale
Annandale,Week4,Highland Park,Week4,306.0 Highland Park - 96.0 Annandale
Annandale,Week3,Virginia Hills,Week5,268.0 Annandale - 134.0 Virginia Hills
Arlington Forest,Week5,Greenbriar,Week3,222.0 Arlington Forest - 180.0 Greenbriar
Arlington Forest,Week3,Overlee,Week5,373.0 Overlee - 29.0 Arlington Forest
Arlington Forest,Week3,Hamlet,Week1,300.0 Hamlet - 101.0 Arlington Forest
Arlington Forest,Week3,Greenbriar,Week4,211.0 Greenbriar - 191.0 Arlington Forest
Arlington Forest,Week1,Overlee,Week5,372.0 Overlee - 30.0 Arlington Forest
Annandale,Week1,Virginia Hills,Week5,241.0 Annandale - 160.0 Virginia Hills
Arlington Forest,Week2,Vienna Woods,Week3,322.0 Vienna Woods - 80.0 Arlington Forest
Annandale,Week1,Poplar Tree,Week1,297.0 Poplar Tree - 105.0 Annandale
Arlington Forest,Week4,Vienna Woods,Week5,315.0 Vienna Woods - 87.0 Arlington Forest
Annandale,Week4,Highland Park,Week5,299.0 Highland Park - 103.0 Annandale
Annandale,Week5,Poplar Heights,Week2,290.0 Poplar Heights - 112.0 Annandale
Arlington Forest,Week3,Hamlet,Week3,316.0 Hamlet - 86.0 Arlington Forest
Arlington Forest,Week4,Hamlet,Week4,256.0 Hamlet - 146.0 Arlington Forest
Arlington Forest,Week3,Overlee,Week1,339.5 Overlee - 62.5 Arlington Forest
Annandale,Week2,Virginia Hills,Week3,301.0 Annandale - 101.0 Virginia Hills
Annandale,Week2,Highlands Swim,Week1,341.0 Highlands Swim - 61.0 Annandale
Arlington Forest,Week3,Overlee,Week3,334.0 Overlee - 68.0 Arlington Forest
Annandale,Week4,Village West,Week5,218.0 Village West - 183.0 Annandale
Arlington Forest,Week1,Vienna Woods,Week4,278.0 Vienna Woods - 124.0 Arlington Forest
Annandale,Week3,Poplar Tree,Week3,287.0 Poplar Tree - 115.0 Annandale
Arlington Forest,Week2,Orange Hunt,Week4,218.0 Orange Hunt - 184.0 Arlington Forest
Annandale,Week1,Highlands Swim,Week1,338.0 Highlands Swim - 64.0 Annandale
Annandale,Week2,Poplar Tree,Week5,311.0 Poplar Tree - 91.0 Annandale
Annandale,Week4,Poplar Tree,Week2,290.0 Poplar Tree - 112.0 Annandale
Annandale,Week1,Highlands Swim,Week4,343.0 Highlands Swim - 59.0 Annandale
Arlington Forest,Week4,Hamlet,Week2,271.0 Hamlet - 131.0 Arlington Forest
Annandale,Week3,Poplar Tree,Week5,305.0 Poplar Tree - 97.0 Annandale
Annandale,Week3,Poplar Tree,Week2,281.0 Poplar Tree - 121.0 Annandale
Arlington Forest,Week4,Vienna Woods,Week4,266.0 Vienna Woods - 136.0 Arlington Forest
Arlington Forest,Week4,Hamlet,Week1,258.0 Hamlet - 144.0 Arlington Forest
Annandale,Week5,Highland Park,Week4,281.0 Highland Park - 121.0 Annandale
Annandale,Week5,Highlands Swim,Week5,335.0 Highlands Swim - 67.0 Annandale
Annandale,Week5,Village West,Week3,229.0 Village West - 173.0 Annandale
Arlington Forest,Week1,Overlee,Week1,337.0 Overlee - 65.0 Arlington Forest
Arlington Forest,Week5,Hamlet,Week2,259.0 Hamlet - 143.0 Arlington Forest
Annandale,Week3,Village West,Week1,203.0 Annandale - 199.0 Village West
Arlington Forest,Week1,Villa Aquatic,Week5,215.0 Villa Aquatic - 187.0 Arlington Forest
Arlington Forest,Week5,Orange Hunt,Week5,221.0 Orange Hunt - 181.0 Arlington Forest
Annandale,Week4,Poplar Tree,Week3,301.0 Poplar Tree - 101.0 Annandale
Annandale,Week3,Poplar Tree,Week1,292.0 Poplar Tree - 110.0 Annandale
Annandale,Week3,Virginia Hills,Week2,302.0 Annandale - 100.0 Virginia Hills
Annandale,Week5,Highland Park,Week2,285.0 Highland Park - 117.0 Annandale
Arlington Forest,Week2,Vienna Woods,Week4,287.0 Vienna Woods - 110.0 Arlington Forest
Annandale,Week4,Poplar Tree,Week4,277.0 Poplar Tree - 125.0 Annandale
Arlington Forest,Week5,Vienna Woods,Week1,268.0 Vienna Woods - 134.0 Arlington Forest
Arlington Forest,Week3,Hamlet,Week5,322.0 Hamlet - 80.0 Arlington Forest
Arlington Forest,Week1,Overlee,Week4,369.0 Overlee - 33.0 Arlington Forest
Arlington Forest,Week5,Orange Hunt,Week3,213.0 Orange Hunt - 189.0 Arlington Forest
Annandale,Week3,Village West,Week5,204.0 Village West - 198.0 Annandale
Arlington Forest,Week4,Hamlet,Week5,298.0 Hamlet - 104.0 Arlington Forest
Arlington Forest,Week4,Hamlet,Week3,272.5 Hamlet - 129.5 Arlington Forest
Annandale,Week1,Highlands Swim,Week2,353.0 Highlands Swim - 49.0 Annandale
Annandale,Week4,Highlands Swim,Week1,345.0 Highlands Swim - 57.0 Annandale
Annandale,Week5,Virginia Hills,Week3,311.0 Annandale - 91.0 Virginia Hills
Annandale,Week5,Ravensworth Farm,Week3,301.0 Ravensworth Farm - 101.0 Annandale
Arlington Forest,Week4,Vienna Woods,Week3,292.0 Vienna Woods - 110.0 Arlington Forest
Arlington Forest,Week4,Orange Hunt,Week4,204.0 Arlington Forest - 198.0 Orange Hunt
Annandale,Week5,Highland Park,Week1,292.0 Highland Park - 110.0 Annandale
Annandale,Week4,Virginia Hills,Week1,291.0 Annandale - 110.0 Virginia Hills
Arlington Forest,Week2,Vienna Woods,Week5,342.0 Vienna Woods - 60.0 Arlington Forest
Arlington Forest,Week4,Orange Hunt,Week3,207.0 Orange Hunt - 195.0 Arlington Forest
Arlington Forest,Week2,Hayfield Farm,Week1,204.5 Hayfield Farm - 197.5 Arlington Forest
Arlington Forest,Week3,Vienna Woods,Week5,357.0 Vienna Woods - 45.0 Arlington Forest
Arlington Forest,Week2,Vienna Woods,Week2,309.0 Vienna Woods - 93.0 Arlington Forest
Annandale,Week2,Highlands Swim,Week3,347.0 Highlands Swim - 55.0 Annandale
Arlington Forest,Week4,Orange Hunt,Week2,202.0 Arlington Forest - 200.0 Orange Hunt
Annandale,Week2,Poplar Tree,Week4,265.5 Poplar Tree - 136.5 Annandale
Annandale,Week5,Virginia Hills,Week1,303.0 Annandale - 98.0 Virginia Hills
Arlington Forest,Week5,Orange Hunt,Week1,202.0 Orange Hunt - 200.0 Arlington Forest
Arlington Forest,Week1,Herndon,Week2,337.0 Arlington Forest - 65.0 Herndon
Annandale,Week5,Poplar Tree,Week4,257.0 Poplar Tree - 145.0 Annandale
Annandale,Week3,Virginia Hills,Week4,300.0 Annandale - 102.0 Virginia Hills
Annandale,Week3,Highland Park,Week5,288.0 Highland Park - 114.0 Annandale
Arlington Forest,Week5,Vienna Woods,Week5,304.0 Vienna Woods - 98.0 Arlington Forest
Arlington Forest,Week5,Hayfield Farm,Week2,240.0 Arlington Forest - 162.0 Hayfield Farm
Arlington Forest,Week5,Hayfield Farm,Week4,223.0 Arlington Forest - 179.0 Hayfield Farm
Arlington Forest,Week2,Hayfield Farm,Week2,217.0 Hayfield Farm - 185.0 Arlington Forest
Arlington Forest,Week3,Orange Hunt,Week2,238.0 Orange Hunt - 164.0 Arlington Forest
Annandale,Week1,Ravensworth Farm,Week3,319.0 Ravensworth Farm - 83.0 Annandale
Arlington Forest,Week5,Orange Hunt,Week2,211.0 Orange Hunt - 191.0 Arlington Forest
Annandale,Week4,Virginia Hills,Week4,302.0 Annandale - 99.0 Virginia Hills
Arlington Forest,Week1,Vienna Woods,Week5,332.0 Vienna Woods - 70.0 Arlington Forest
Annandale,Week1,Highlands Swim,Week3,340.0 Highlands Swim - 62.0 Annandale
Annandale,Week5,Poplar Tree,Week3,289.0 Poplar Tree - 113.0 Annandale
Annandale,Week1,Ravensworth Farm,Week2,282.0 Ravensworth Farm - 120.0 Annandale
Arlington Forest,Week1,Villa Aquatic,Week1,241.0 Arlington Forest - 161.0 Villa Aquatic
Annandale,Week2,Highlands Swim,Week4,338.0 Highlands Swim - 64.0 Annandale
Arlington Forest,Week4,Orange Hunt,Week5,225.0 Orange Hunt - 177.0 Arlington Forest
Annandale,Week4,Virginia Hills,Week5,270.0 Annandale - 128.0 Virginia Hills
Arlington Forest,Week3,Hayfield Farm,Week4,237.0 Hayfield Farm - 165.0 Arlington Forest
Arlington Forest,Week4,Hayfield Farm,Week3,202.0 Hayfield Farm - 200.0 Arlington Forest
Annandale,Week1,Virginia Run,Week2,295.0 Virginia Run - 107.0 Annandale
Annandale,Week5,Highland Park,Week3,270.0 Highland Park - 132.0 Annandale
Annandale,Week4,Ravensworth Farm,Week1,304.0 Ravensworth Farm - 98.0 Annandale
Annandale,Week3,Virginia Hills,Week1,297.0 Annandale - 105.0 Virginia Hills
Arlington Forest,Week3,Orange Hunt,Week4,232.0 Orange Hunt - 170.0 Arlington Forest
Annandale,Week4,Highlands Swim,Week3,354.0 Highlands Swim - 48.0 Annandale
Arlington Forest,Week2,Hayfield Farm,Week3,229.0 Hayfield Farm - 173.0 Arlington Forest
Arlington Forest,Week2,Overlee,Week4,376.0 Overlee - 26.0 Arlington Forest
Annandale,Week2,Ravensworth Farm,Week4,285.0 Ravensworth Farm - 117.0 Annandale
Arlington Forest,Week2,Villa Aquatic,Week1,207.0 Arlington Forest - 195.0 Villa Aquatic
Arlington Forest,Week3,Orange Hunt,Week3,253.0 Orange Hunt - 149.0 Arlington Forest
Annandale,Week4,Virginia Hills,Week3,287.0 Annandale - 115.0 Virginia Hills
Arlington Forest,Week1,Hayfield Farm,Week1,208.0 Arlington Forest - 194.0 Hayfield Farm
Arlington Forest,Week5,Vienna Woods,Week3,281.0 Vienna Woods - 121.0 Arlington Forest
Arlington Forest,Week1,Hayfield Farm,Week3,216.0 Hayfield Farm - 186.0 Arlington Forest
Annandale,Week4,Ravensworth Farm,Week5,329.0 Ravensworth Farm - 73.0 Annandale
Arlington Forest,Week2,Overlee,Week5,370.0 Overlee - 32.0 Arlington Forest
Arlington Forest,Week5,Hamlet,Week4,236.0 Hamlet - 166.0 Arlington Forest
Annandale,Week2,Virginia Hills,Week5,267.0 Annandale - 134.0 Virginia Hills
Arlington Forest,Week3,Orange Hunt,Week5,253.0 Orange Hunt - 149.0 Arlington Forest
Arlington Forest,Week4,Hayfield Farm,Week4,220.0 Arlington Forest - 182.0 Hayfield Farm
Annandale,Week5,Virginia Hills,Week5,269.0 Annandale - 129.0 Virginia Hills
Arlington Forest,Week3,Vienna Woods,Week2,324.0 Vienna Woods - 77.0 Arlington Forest
Annandale,Week1,Virginia Run,Week1,303.5 Virginia Run - 98.5 Annandale
Annandale,Week3,Highlands Swim,Week4,329.0 Highlands Swim - 73.0 Annandale
Annandale,Week4,Virginia Hills,Week2,297.0 Annandale - 103.0 Virginia Hills
Arlington Forest,Week1,Villa Aquatic,Week4,203.0 Arlington Forest - 199.0 Villa Aquatic
Annandale,Week4,Highland Park,Week3,283.0 Highland Park - 119.0 Annandale
Annandale,Week1,Riverside Gardens,Week3,340.0 Riverside Gardens - 62.0 Annandale
Annandale,Week4,Highland Park,Week2,299.0 Highland Park - 103.0 Annandale
Arlington Forest,Week2,Vienna Woods,Week1,316.0 Vienna Woods - 86.0 Arlington Forest
Arlington Forest,Week1,Villa Aquatic,Week2,222.0 Arlington Forest - 180.0 Villa Aquatic
Annandale,Week5,Ravensworth Farm,Week1,292.0 Ravensworth Farm - 110.0 Annandale
Annandale,Week2,Riverside Gardens,Week2,311.0 Riverside Gardens - 91.0 Annandale
Arlington Forest,Week5,Hayfield Farm,Week5,239.0 Arlington Forest - 163.0 Hayfield Farm
Arlington Forest,Week2,Overlee,Week1,328.0 Overlee - 74.0 Arlington Forest
Annandale,Week3,Highlands Swim,Week2,349.0 Highlands Swim - 53.0 Annandale
Annandale,Week1,Riverside Gardens,Week1,318.0 Riverside Gardens - 84.0 Annandale
Annandale,Week4,Highland Park,Week1,306.0 Highland Park - 96.0 Annandale
Arlington Forest,Week5,Orange Hunt,Week4,202.0 Orange Hunt - 200.0 Arlington Forest
Annandale,Week3,Ravensworth Farm,Week1,286.0 Ravensworth Farm - 116.0 Annandale
Arlington Forest,Week4,Orange Hunt,Week1,201.0 Arlington Forest - 201.0 Orange Hunt
Annandale,Week4,Highlands Swim,Week2,359.0 Highlands Swim - 43.0 Annandale
Annandale,Week5,Virginia Hills,Week4,314.0 Annandale - 87.0 Virginia Hills
Annandale,Week1,Virginia Run,Week3,301.0 Virginia Run - 101.0 Annandale
Arlington Forest,Week5,Vienna Woods,Week4,252.0 Vienna Woods - 145.0 Arlington Forest
Annandale,Week2,Highlands Swim,Week2,351.0 Highlands Swim - 51.0 Annandale
Arlington Forest,Week3,Hayfield Farm,Week3,233.0 Hayfield Farm - 169.0 Arlington Forest
Arlington Forest,Week4,Vienna Woods,Week2,290.0 Vienna Woods - 112.0 Arlington Forest
Arlington Forest,Week2,Hayfield Farm,Week5,206.5 Hayfield Farm - 195.5 Arlington Forest
Annandale,Week3,Highlands Swim,Week3,343.0 Highlands Swim - 59.0 Annandale
Arlington Forest,Week3,Orange Hunt,Week1,238.0 Orange Hunt - 164.0 Arlington Forest
Annandale,Week5,Virginia Hills,Week2,310.0 Annandale - 91.0 Virginia Hills
Arlington Forest,Week2,Villa Aquatic,Week2,206.0 Arlington Forest - 196.0 Villa Aquatic
Arlington Forest,Week1,Overlee,Week3,333.0 Overlee - 69.0 Arlington Forest
Annandale,Week5,Ravensworth Farm,Week2,269.0 Ravensworth Farm - 133.0 Annandale
Arlington Forest,Week1,Hayfield Farm,Week5,211.5 Arlington Forest - 190.5 Hayfield Farm
Annandale,Week4,Ravensworth Farm,Week2,281.0 Ravensworth Farm - 120.0 Annandale
Arlington Forest,Week1,Villa Aquatic,Week3,233.0 Villa Aquatic - 169.0 Arlington Forest
Annandale,Week3,Ravensworth Farm,Week4,281.0 Ravensworth Farm - 121.0 Annandale
Arlington Forest,Week1,Hayfield Farm,Week4,203.0 Arlington Forest - 199.0 Hayfield Farm
Annandale,Week2,Virginia Run,Week3,284.0 Virginia Run - 118.0 Annandale
Arlington Forest,Week5,Hamlet,Week5,266.0 Hamlet - 136.0 Arlington Forest
Arlington Forest,Week5,Villa Aquatic,Week2,243.0 Arlington Forest - 159.0 Villa Aquatic
Arlington Forest,Week5,Hayfield Farm,Week1,230.0 Arlington Forest - 172.0 Hayfield Farm
Arlington Forest,Week3,Villa Aquatic,Week3,247.0 Villa Aquatic - 155.0 Arlington Forest
Annandale,Week5,Highlands Swim,Week1,333.0 Highlands Swim - 69.0 Annandale
Arlington Forest,Week2,Hayfield Farm,Week4,217.0 Hayfield Farm - 185.0 Arlington Forest
Arlington Forest,Week4,Overlee,Week2,339.0 Overlee - 63.0 Arlington Forest
Annandale,Week3,Ravensworth Farm,Week3,295.0 Ravensworth Farm - 107.0 Annandale
Arlington Forest,Week3,Overlee,Week2,359.0 Overlee - 43.0 Arlington Forest
Annandale,Week1,Virginia Run,Week5,319.0 Virginia Run - 83.0 Annandale
Arlington Forest,Week2,Overlee,Week3,331.0 Overlee - 71.0 Arlington Forest
Annandale,Week5,Highlands Swim,Week3,335.0 Highlands Swim - 67.0 Annandale
Annandale,Week1,Ravensworth Farm,Week5,313.0 Ravensworth Farm - 89.0 Annandale
Arlington Forest,Week5,Vienna Woods,Week2,258.0 Vienna Woods - 144.0 Arlington Forest
Arlington Forest,Week3,Village West,Week1,260.0 Arlington Forest - 141.0 Village West
Annandale,Week1,Virginia Run,Week4,309.0 Virginia Run - 93.0 Annandale
Arlington Forest,Week3,Hayfield Farm,Week5,216.5 Hayfield Farm - 185.5 Arlington Forest
Annandale,Week3,Highlands Swim,Week5,338.0 Highlands Swim - 64.0 Annandale
Arlington Forest,Week4,Overlee,Week1,319.0 Overlee - 83.0 Arlington Forest
Annandale,Week3,Ravensworth Farm,Week2,270.0 Ravensworth Farm - 132.0 Annandale
Annandale,Week2,Ravensworth Farm,Week1,282.0 Ravensworth Farm - 120.0 Annandale
Annandale,Week3,Virginia Hills,Week3,292.0 Annandale - 110.0 Virginia Hills
Annandale,Week4,Highlands Swim,Week4,342.0 Highlands Swim - 60.0 Annandale
Annandale,Week2,Virginia Run,Week2,290.0 Virginia Run - 112.0 Annandale
Arlington Forest,Week3,Hayfield Farm,Week2,224.0 Hayfield Farm - 178.0 Arlington Forest
Annandale,Week2,Ravensworth Farm,Week2,260.0 Ravensworth Farm - 141.0 Annandale
Annandale,Week2,Ravensworth Farm,Week5,314.0 Ravensworth Farm - 88.0 Annandale
Arlington Forest,Week3,Overlee,Week4,369.0 Overlee - 33.0 Arlington Forest
Annandale,Week5,Highlands Swim,Week4,327.0 Highlands Swim - 75.0 Annandale
Annandale,Week2,Virginia Run,Week4,305.0 Virginia Run - 97.0 Annandale
Annandale,Week4,Highlands Swim,Week5,349.0 Highlands Swim - 53.0 Annandale
Arlington Forest,Week3,Vienna Woods,Week3,340.0 Vienna Woods - 62.0 Arlington Forest
Arlington Forest,Week4,Villa Aquatic,Week2,234.0 Arlington Forest - 168.0 Villa Aquatic
Arlington Forest,Week4,Villa Aquatic,Week4,222.0 Arlington Forest - 180.0 Villa Aquatic
Annandale,Week1,Ravensworth Farm,Week4,299.0 Ravensworth Farm - 98.0 Annandale
Annandale,Week5,Highlands Swim,Week2,348.0 Highlands Swim - 54.0 Annandale
Annandale,Week1,Hollin Meadows,Week5,307.5 Hollin Meadows - 94.5 Annandale
Annandale,Week4,Ravensworth Farm,Week4,302.0 Ravensworth Farm - 100.0 Annandale
Arlington Forest,Week1,Hayfield Farm,Week2,206.0 Arlington Forest - 196.0 Hayfield Farm
Annandale,Week2,Virginia Run,Week5,312.0 Virginia Run - 90.0 Annandale
Annandale,Week4,Hollin Hills,Week3,227.0 Annandale - 175.0 Hollin Hills
Arlington Forest,Week5,Overlee,Week1,304.0 Overlee - 98.0 Arlington Forest
Arlington Forest,Week4,Overlee,Week4,358.5 Overlee - 43.5 Arlington Forest
Annandale,Week3,Hollin Hills,Week3,249.0 Annandale - 153.0 Hollin Hills
Arlington Forest,Week4,Hayfield Farm,Week2,232.0 Arlington Forest - 170.0 Hayfield Farm
Arlington Forest,Week4,Villa Aquatic,Week5,215.0 Arlington Forest - 187.0 Villa Aquatic
Arlington Forest,Week4,Overlee,Week5,361.0 Overlee - 41.0 Arlington Forest
Annandale,Week3,Virginia Run,Week2,279.0 Virginia Run - 123.0 Annandale
Annandale,Week3,Virginia Run,Week1,296.0 Virginia Run - 106.0 Annandale
Annandale,Week4,Ravensworth Farm,Week3,324.0 Ravensworth Farm - 78.0 Annandale
Arlington Forest,Week5,Hayfield Farm,Week3,224.0 Arlington Forest - 178.0 Hayfield Farm
Arlington Forest,Week3,Hayfield Farm,Week1,218.0 Hayfield Farm - 184.0 Arlington Forest
Arlington Forest,Week4,Hayfield Farm,Week1,226.0 Arlington Forest - 176.0 Hayfield Farm
Annandale,Week3,Ravensworth Farm,Week5,310.0 Ravensworth Farm - 92.0 Annandale
Annandale,Week3,Virginia Run,Week3,291.0 Virginia Run - 111.0 Annandale
Arlington Forest,Week3,Villa Aquatic,Week2,203.0 Villa Aquatic - 199.0 Arlington Forest
Annandale,Week4,Hollin Hills,Week2,216.0 Annandale - 183.0 Hollin Hills
Arlington Forest,Week5,Villa Aquatic,Week5,221.0 Arlington Forest - 181.0 Villa Aquatic
Arlington Forest,Week4,Parklawn,Week3,301.0 Arlington Forest - 101.0 Parklawn
Arlington Forest,Week4,Overlee,Week3,323.0 Overlee - 79.0 Arlington Forest
Arlington Forest,Week1,Village West,Week2,280.0 Arlington Forest - 122.0 Village West
Annandale,Week3,Langley,Week5,304.0 Langley - 98.0 Annandale
Arlington Forest,Week1,Herndon,Week1,332.0 Arlington Forest - 70.0 Herndon
Annandale,Week1,Hollin Hills,Week3,222.0 Annandale - 179.0 Hollin Hills
Arlington Forest,Week4,Hayfield Farm,Week5,239.0 Arlington Forest - 163.0 Hayfield Farm
Annandale,Week1,Laurel Hill,Week4,222.0 Laurel Hill - 180.0 Annandale
Arlington Forest,Week5,Overlee,Week2,325.0 Overlee - 77.0 Arlington Forest
Arlington Forest,Week3,Herndon,Week3,326.0 Arlington Forest - 75.0 Herndon
Annandale,Week5,Ravensworth Farm,Week4,285.0 Ravensworth Farm - 117.0 Annandale
Annandale,Week5,Langley,Week5,307.0 Langley - 95.0 Annandale
Annandale,Week2,Ravensworth Farm,Week3,309.0 Ravensworth Farm - 93.0 Annandale
Annandale,Week1,Hollin Meadows,Week2,283.0 Hollin Meadows - 114.0 Annandale
Arlington Forest,Week3,Village West,Week3,224.0 Arlington Forest - 178.0 Village West
Annandale,Week1,Riverside Gardens,Week2,311.0 Riverside Gardens - 91.0 Annandale
Arlington Forest,Week3,Villa Aquatic,Week5,238.0 Villa Aquatic - 164.0 Arlington Forest
Arlington Forest,Week4,Parklawn,Week5,279.0 Arlington Forest - 123.0 Parklawn
Arlington Forest,Week1,Parklawn,Week3,294.0 Arlington Forest - 108.0 Parklawn
Annandale,Week2,Hollin Hills,Week1,243.0 Annandale - 159.0 Hollin Hills
Arlington Forest,Week3,Parklawn,Week3,249.0 Arlington Forest - 149.0 Parklawn
Annandale,Week5,Ravensworth Farm,Week5,306.0 Ravensworth Farm - 96.0 Annandale
Annandale,Week1,Hollin Hills,Week5,227.0 Annandale - 173.0 Hollin Hills
Annandale,Week5,Hollin Hills,Week1,262.0 Annandale - 139.0 Hollin Hills
Arlington Forest,Week1,Parklawn,Week4,261.0 Arlington Forest - 141.0 Parklawn
Arlington Forest,Week4,Herndon,Week1,354.0 Arlington Forest - 48.0 Herndon
Annandale,Week4,Langley,Week2,322.0 Langley - 80.0 Annandale
Annandale,Week1,Riverside Gardens,Week4,332.0 Riverside Gardens - 70.0 Annandale
Annandale,Week2,Riverside Gardens,Week1,321.0 Riverside Gardens - 81.0 Annandale
Arlington Forest,Week3,Parklawn,Week4,222.0 Arlington Forest - 176.0 Parklawn
Arlington Forest,Week4,Villa Aquatic,Week1,248.0 Arlington Forest - 154.0 Villa Aquatic
Arlington Forest,Week1,Village West,Week3,256.0 Arlington Forest - 146.0 Village West
Annandale,Week1,Riverside Gardens,Week5,336.0 Riverside Gardens - 66.0 Annandale
Annandale,Week3,Hollin Meadows,Week1,273.0 Hollin Meadows - 129.0 Annandale
Arlington Forest,Week2,Herndon,Week5,336.0 Arlington Forest - 66.0 Herndon
Arlington Forest,Week1,Village West,Week4,274.0 Arlington Forest - 123.0 Village West
Annandale,Week4,Langley,Week4,342.0 Langley - 60.0 Annandale
Annandale,Week2,Langley,Week3,310.0 Langley - 92.0 Annandale
Annandale,Week5,Langley,Week3,320.0 Langley - 82.0 Annandale
Arlington Forest,Week3,Herndon,Week5,323.0 Arlington Forest - 79.0 Herndon
Arlington Forest,Week5,Villa Aquatic,Week1,250.0 Arlington Forest - 152.0 Villa Aquatic
Arlington Forest,Week3,Herndon,Week2,327.0 Arlington Forest - 75.0 Herndon
Arlington Forest,Week2,Herndon,Week2,327.0 Arlington Forest - 70.0 Herndon
Annandale,Week1,Waynewood,Week4,309.0 Waynewood - 93.0 Annandale
Arlington Forest,Week3,Parklawn,Week5,227.0 Arlington Forest - 171.0 Parklawn
Annandale,Week5,Riverside Gardens,Week5,329.0 Riverside Gardens - 73.0 Annandale
Annandale,Week3,Hollin Hills,Week2,238.0 Annandale - 163.0 Hollin Hills
Annandale,Week4,Hollin Hills,Week4,202.0 Annandale - 198.0 Hollin Hills
Annandale,Week1,Laurel Hill,Week3,239.0 Laurel Hill - 162.0 Annandale
Arlington Forest,Week3,Villa Aquatic,Week4,235.0 Villa Aquatic - 167.0 Arlington Forest
Arlington Forest,Week2,Parklawn,Week4,240.0 Arlington Forest - 162.0 Parklawn
Annandale,Week3,Hollin Hills,Week4,232.0 Annandale - 169.0 Hollin Hills
Arlington Forest,Week3,Herndon,Week1,315.0 Arlington Forest - 86.0 Herndon
Arlington Forest,Week2,Parklawn,Week1,289.0 Arlington Forest - 104.0 Parklawn
Arlington Forest,Week4,Herndon,Week2,354.0 Arlington Forest - 48.0 Herndon
Arlington Forest,Week4,Villa Aquatic,Week3,202.0 Arlington Forest - 200.0 Villa Aquatic
Annandale,Week2,Rolling Forest,Week4,252.0 Rolling Forest - 150.0 Annandale
Arlington Forest,Week2,Parliament,Week3,211.0 Parliament - 191.0 Arlington Forest
Annandale,Week2,Hollin Hills,Week3,240.0 Annandale - 162.0 Hollin Hills
Arlington Forest,Week5,Villa Aquatic,Week3,209.0 Arlington Forest - 193.0 Villa Aquatic
Annandale,Week5,Langley,Week4,315.0 Langley - 87.0 Annandale
Annandale,Week2,Woodley,Week2,204.0 Annandale - 198.0 Woodley
Annandale,Week4,Riverside Gardens,Week4,346.0 Riverside Gardens - 56.0 Annandale
Arlington Forest,Week2,Parklawn,Week5,245.0 Arlington Forest - 157.0 Parklawn
Annandale,Week3,Laurel Hill,Week5,222.0 Laurel Hill - 175.0 Annandale
Annandale,Week1,Woodley,Week5,225.5 Woodley - 171.5 Annandale
Arlington Forest,Week2,Villa Aquatic,Week5,219.0 Villa Aquatic - 183.0 Arlington Forest
Arlington Forest,Week2,Herndon,Week1,336.0 Arlington Forest - 61.0 Herndon
Annandale,Week3,Langley,Week1,317.0 Langley - 85.0 Annandale
Annandale,Week2,Hollin Hills,Week4,242.0 Annandale - 160.0 Hollin Hills
Annandale,Week1,Woodley,Week2,209.0 Woodley - 193.0 Annandale
Annandale,Week2,Langley,Week2,294.0 Langley - 108.0 Annandale
Annandale,Week2,Riverside Gardens,Week3,324.0 Riverside Gardens - 78.0 Annandale
Annandale,Week4,Riverside Gardens,Week3,332.0 Riverside Gardens - 70.0 Annandale
Arlington Forest,Week2,Herndon,Week4,328.0 Arlington Forest - 74.0 Herndon
Arlington Forest,Week5,Parklawn,Week5,273.0 Arlington Forest - 128.0 Parklawn
Annandale,Week2,Laurel Hill,Week5,230.0 Laurel Hill - 171.0 Annandale
Arlington Forest,Week2,Parklawn,Week3,272.0 Arlington Forest - 130.0 Parklawn
Annandale,Week4,Waynewood,Week1,293.0 Waynewood - 109.0 Annandale
Annandale,Week2,Hollin Hills,Week5,241.0 Annandale - 159.0 Hollin Hills
Arlington Forest,Week5,Villa Aquatic,Week4,232.0 Arlington Forest - 170.0 Villa Aquatic
Annandale,Week2,Waynewood,Week2,307.0 Waynewood - 95.0 Annandale
Annandale,Week4,Riverside Gardens,Week1,325.0 Riverside Gardens - 77.0 Annandale
Arlington Forest,Week5,Overlee,Week4,340.0 Overlee - 62.0 Arlington Forest
Arlington Forest,Week1,Parklawn,Week5,266.0 Arlington Forest - 131.0 Parklawn
Arlington Forest,Week3,Parklawn,Week2,246.0 Arlington Forest - 152.0 Parklawn
Annandale,Week4,Langley,Week3,329.0 Langley - 73.0 Annandale
Annandale,Week2,Waynewood,Week4,313.0 Waynewood - 89.0 Annandale
Annandale,Week4,Waynewood,Week2,326.0 Waynewood - 76.0 Annandale
Annandale,Week2,Rolling Forest,Week1,263.0 Rolling Forest - 139.0 Annandale
Arlington Forest,Week1,Herndon,Week3,343.0 Arlington Forest - 59.0 Herndon
Arlington Forest,Week1,Herndon,Week5,342.0 Arlington Forest - 60.0 Herndon
Annandale,Week4,Hollin Hills,Week1,230.0 Annandale - 171.0 Hollin Hills
Annandale,Week4,Langley,Week5,318.0 Langley - 83.0 Annandale
Annandale,Week1,Waynewood,Week5,331.0 Waynewood - 71.0 Annandale
Annandale,Week4,Riverside Gardens,Week2,320.0 Riverside Gardens - 82.0 Annandale
Annandale,Week3,Hollin Hills,Week1,249.0 Annandale - 153.0 Hollin Hills
Annandale,Week3,Waynewood,Week1,280.0 Waynewood - 122.0 Annandale
Arlington Forest,Week4,Parklawn,Week2,281.5 Arlington Forest - 120.5 Parklawn
Arlington Forest,Week2,Village West,Week1,273.0 Arlington Forest - 129.0 Village West
Annandale,Week1,Hollin Hills,Week2,220.0 Annandale - 178.0 Hollin Hills
Arlington Forest,Week2,Villa Aquatic,Week4,217.0 Villa Aquatic - 185.0 Arlington Forest
Arlington Forest,Week4,Herndon,Week4,354.0 Arlington Forest - 48.0 Herndon
Annandale,Week5,Riverside Gardens,Week4,331.0 Riverside Gardens - 71.0 Annandale
Arlington Forest,Week1,Village West,Week5,282.0 Arlington Forest - 120.0 Village West
Annandale,Week1,Laurel Hill,Week1,202.0 Annandale - 194.0 Laurel Hill
Annandale,Week2,Waynewood,Week3,314.0 Waynewood - 88.0 Annandale
Arlington Forest,Week2,Herndon,Week3,333.0 Arlington Forest - 64.0 Herndon
Arlington Forest,Week2,Village West,Week2,261.0 Arlington Forest - 141.0 Village West
Annandale,Week5,Hollin Hills,Week2,242.0 Annandale - 159.0 Hollin Hills
Annandale,Week4,Hollin Hills,Week5,223.0 Annandale - 176.0 Hollin Hills
Arlington Forest,Week3,Villa Aquatic,Week1,207.0 Arlington Forest - 195.0 Villa Aquatic
Annandale,Week1,Rolling Forest,Week4,268.0 Rolling Forest - 134.0 Annandale
Arlington Forest,Week3,Parklawn,Week1,278.0 Arlington Forest - 115.0 Parklawn
Arlington Forest,Week3,Herndon,Week4,327.5 Arlington Forest - 74.5 Herndon
Annandale,Week5,Langley,Week2,300.0 Langley - 102.0 Annandale
Annandale,Week3,Riverside Gardens,Week3,317.0 Riverside Gardens - 85.0 Annandale
Arlington Forest,Week2,Village West,Week3,245.0 Arlington Forest - 157.0 Village West
Annandale,Week5,Langley,Week1,323.0 Langley - 79.0 Annandale
Annandale,Week4,Waynewood,Week3,330.0 Waynewood - 72.0 Annandale
Annandale,Week2,Laurel Hill,Week1,207.0 Annandale - 194.0 Laurel Hill
Arlington Forest,Week1,Village West,Week1,277.0 Arlington Forest - 125.0 Village West
Arlington Forest,Week2,Village West,Week4,261.0 Arlington Forest - 136.0 Village West
Annandale,Week3,Riverside Gardens,Week2,303.0 Riverside Gardens - 99.0 Annandale
Annandale,Week1,Rolling Forest,Week2,252.0 Rolling Forest - 150.0 Annandale
Annandale,Week1,Laurel Hill,Week5,241.0 Laurel Hill - 156.0 Annandale
Annandale,Week1,Hollin Hills,Week4,205.0 Annandale - 192.0 Hollin Hills
Arlington Forest,Week4,Herndon,Week5,352.5 Arlington Forest - 49.5 Herndon
Annandale,Week3,Riverside Gardens,Week4,325.0 Riverside Gardens - 77.0 Annandale
Annandale,Week3,Langley,Week2,294.0 Langley - 108.0 Annandale
Annandale,Week1,Hollin Hills,Week1,228.0 Annandale - 173.0 Hollin Hills
Annandale,Week3,Hollin Hills,Week5,233.0 Annandale - 163.0 Hollin Hills
Arlington Forest,Week5,Herndon,Week3,336.0 Arlington Forest - 61.0 Herndon
Arlington Forest,Week2,Parklawn,Week2,269.0 Arlington Forest - 133.0 Parklawn
Arlington Forest,Week5,Herndon,Week1,337.5 Arlington Forest - 59.5 Herndon
Arlington Forest,Week5,Parklawn,Week1,291.0 Arlington Forest - 102.0 Parklawn
Annandale,Week3,Waynewood,Week3,311.0 Waynewood - 91.0 Annandale
Arlington Forest,Week1,Parklawn,Week1,303.0 Arlington Forest - 90.0 Parklawn
Arlington Forest,Week2,Village West,Week5,257.0 Arlington Forest - 145.0 Village West
Annandale,Week5,Waynewood,Week4,308.0 Waynewood - 94.0 Annandale
Arlington Forest,Week4,Village West,Week2,295.0 Arlington Forest - 107.0 Village West
Arlington Forest,Week4,Village West,Week1,296.0 Arlington Forest - 106.0 Village West
Annandale,Week1,Hollin Meadows,Week1,305.0 Hollin Meadows - 97.0 Annandale
Arlington Forest,Week5,Herndon,Week4,332.0 Arlington Forest - 70.0 Herndon
Annandale,Week1,Rolling Forest,Week1,280.0 Rolling Forest - 122.0 Annandale
Arlington Forest,Week1,Parklawn,Week2,280.0 Arlington Forest - 122.0 Parklawn
Arlington Forest,Week1,Parliament,Week2,243.0 Arlington Forest - 159.0 Parliament
Annandale,Week2,Riverside Gardens,Week5,333.0 Riverside Gardens - 69.0 Annandale
Annandale,Week5,Hollin Hills,Week5,240.0 Annandale - 158.0 Hollin Hills
Annandale,Week2,Langley,Week5,308.0 Langley - 94.0 Annandale
Arlington Forest,Week3,Village West,Week5,241.5 Arlington Forest - 159.5 Village West
Arlington Forest,Week4,Herndon,Week3,355.0 Arlington Forest - 47.0 Herndon
Annandale,Week3,Langley,Week4,317.0 Langley - 85.0 Annandale
Annandale,Week3,Waynewood,Week5,323.0 Waynewood - 79.0 Annandale
Annandale,Week5,Waynewood,Week2,300.0 Waynewood - 102.0 Annandale
Annandale,Week3,Langley,Week3,305.0 Langley - 97.0 Annandale
Arlington Forest,Week1,Herndon,Week4,337.0 Arlington Forest - 65.0 Herndon
Annandale,Week5,Hollin Hills,Week4,244.0 Annandale - 157.0 Hollin Hills
Arlington Forest,Week5,Herndon,Week2,335.0 Arlington Forest - 62.0 Herndon
Arlington Forest,Week5,Parklawn,Week3,287.0 Arlington Forest - 114.0 Parklawn
Arlington Forest,Week5,Overlee,Week3,295.0 Overlee - 107.0 Arlington Forest
Annandale,Week1,Rolling Forest,Week5,283.0 Rolling Forest - 119.0 Annandale
Arlington Forest,Week5,Herndon,Week5,334.0 Arlington Forest - 68.0 Herndon
Annandale,Week2,Hollin Hills,Week2,242.0 Annandale - 160.0 Hollin Hills
Annandale,Week5,Waynewood,Week5,320.0 Waynewood - 82.0 Annandale
Annandale,Week1,Rolling Forest,Week3,283.0 Rolling Forest - 119.0 Annandale
Annandale,Week1,Langley,Week5,317.0 Langley - 85.0 Annandale
Annandale,Week2,Langley,Week4,312.0 Langley - 90.0 Annandale
Arlington Forest,Week3,Village West,Week2,254.0 Arlington Forest - 147.0 Village West
Annandale,Week5,Waynewood,Week3,317.0 Waynewood - 85.0 Annandale
Annandale,Week5,Riverside Gardens,Week2,307.0 Riverside Gardens - 95.0 Annandale
Annandale,Week5,Hollin Hills,Week3,248.0 Annandale - 153.0 Hollin Hills
Annandale,Week4,Waynewood,Week5,339.5 Waynewood - 62.5 Annandale
Arlington Forest,Week1,Virginia Hills,Week1,360.0 Arlington Forest - 42.0 Virginia Hills
Arlington Forest,Week5,Overlee,Week5,337.0 Overlee - 65.0 Arlington Forest
Annandale,Week1,Laurel Hill,Week2,205.0 Annandale - 193.0 Laurel Hill
Arlington Forest,Week5,Parklawn,Week4,271.0 Arlington Forest - 130.0 Parklawn
Annandale,Week2,Waynewood,Week5,319.0 Waynewood - 83.0 Annandale
Arlington Forest,Week4,Parklawn,Week1,307.0 Arlington Forest - 86.0 Parklawn
Arlington Forest,Week1,Hiddenbrook,Week1,263.0 Arlington Forest - 139.0 Hiddenbrook
Annandale,Week2,Laurel Hill,Week4,210.0 Laurel Hill - 191.0 Annandale
Arlington Forest,Week4,Parklawn,Week4,268.0 Arlington Forest - 134.0 Parklawn
Annandale,Week4,Waynewood,Week4,323.0 Waynewood - 79.0 Annandale
Annandale,Week2,Rolling Forest,Week3,267.0 Rolling Forest - 135.0 Annandale
Annandale,Week3,Riverside Gardens,Week1,310.0 Riverside Gardens - 92.0 Annandale
Arlington Forest,Week1,Parliament,Week4,233.0 Arlington Forest - 169.0 Parliament
Annandale,Week2,Rolling Forest,Week2,243.0 Rolling Forest - 159.0 Annandale
Annandale,Week2,Langley,Week1,318.0 Langley - 84.0 Annandale
Arlington Forest,Week3,Virginia Hills,Week3,346.0 Arlington Forest - 56.0 Virginia Hills
Annandale,Week3,Waynewood,Week4,306.0 Waynewood - 96.0 Annandale
Annandale,Week1,Hollin Meadows,Week3,310.5 Hollin Meadows - 91.5 Annandale
Annandale,Week1,Hollin Meadows,Week4,297.0 Hollin Meadows - 105.0 Annandale
Annandale,Week4,Riverside Gardens,Week5,351.0 Riverside Gardens - 51.0 Annandale
Arlington Forest,Week4,Village West,Week3,272.0 Arlington Forest - 130.0 Village West
Annandale,Week4,Langley,Week1,338.0 Langley - 64.0 Annandale
Annandale,Week2,Hollin Meadows,Week1,284.0 Hollin Meadows - 118.0 Annandale
Annandale,Week1,Waynewood,Week3,316.0 Waynewood - 86.0 Annandale
Annandale,Week3,Waynewood,Week2,301.0 Waynewood - 101.0 Annandale
Annandale,Week2,Hollin Meadows,Week3,296.0 Hollin Meadows - 105.0 Annandale
Arlington Forest,Week5,Parklawn,Week2,284.0 Arlington Forest - 117.0 Parklawn
Arlington Forest,Week5,Virginia Hills,Week1,350.0 Arlington Forest - 52.0 Virginia Hills
Arlington Forest,Week1,Parliament,Week3,215.0 Arlington Forest - 187.0 Parliament
Annandale,Week1,Woodley,Week3,207.0 Woodley - 195.0 Annandale
Arlington Forest,Week5,Village West,Week4,277.0 Arlington Forest - 120.0 Village West
Arlington Forest,Week3,Village West,Week4,246.0 Arlington Forest - 150.0 Village West
Annandale,Week2,Laurel Hill,Week3,218.0 Laurel Hill - 183.0 Annandale
Annandale,Week2,Hollin Meadows,Week2,267.0 Hollin Meadows - 135.0 Annandale
Annandale,Week2,Laurel Hill,Week2,228.0 Annandale - 174.0 Laurel Hill
Annandale,Week2,Waynewood,Week1,284.0 Waynewood - 118.0 Annandale
Annandale,Week5,Riverside Gardens,Week1,313.0 Riverside Gardens - 89.0 Annandale
Arlington Forest,Week1,Parliament,Week1,221.0 Parliament - 181.0 Arlington Forest
Arlington Forest,Week4,Virginia Hills,Week2,368.0 Arlington Forest - 34.0 Virginia Hills
Annandale,Week2,Hollin Meadows,Week5,290.0 Hollin Meadows - 112.0 Annandale
Annandale,Week2,Hollin Meadows,Week4,291.0 Hollin Meadows - 111.0 Annandale
Annandale,Week5,Riverside Gardens,Week3,327.0 Riverside Gardens - 75.0 Annandale
Annandale,Week3,Laurel Hill,Week2,220.0 Annandale - 181.0 Laurel Hill
Annandale,Week3,Riverside Gardens,Week5,327.0 Riverside Gardens - 75.0 Annandale
Annandale,Week3,Laurel Hill,Week1,212.0 Annandale - 190.0 Laurel Hill
Arlington Forest,Week1,Virginia Hills,Week5,347.0 Arlington Forest - 55.0 Virginia Hills
Annandale,Week5,Waynewood,Week1,297.0 Waynewood - 105.0 Annandale
Arlington Forest,Week2,Virginia Hills,Week2,355.0 Arlington Forest - 47.0 Virginia Hills
Annandale,Week3,Rolling Forest,Week2,224.0 Rolling Forest - 178.0 Annandale
Arlington Forest,Week1,Parliament,Week5,204.0 Arlington Forest - 198.0 Parliament
Annandale,Week1,Woodley,Week1,211.0 Woodley - 191.0 Annandale
Annandale,Week2,Lee Graham,Week1,317.0 Lee Graham - 85.0 Annandale
Annandale,Week2,Riverside Gardens,Week4,338.0 Riverside Gardens - 64.0 Annandale
Arlington Forest,Week1,Virginia Hills,Week4,367.0 Arlington Forest - 35.0 Virginia Hills
Annandale,Week2,Rolling Forest,Week5,273.0 Rolling Forest - 129.0 Annandale
Annandale,Week4,Hollin Meadows,Week2,285.0 Hollin Meadows - 117.0 Annandale
Arlington Forest,Week2,Parliament,Week1,226.0 Parliament - 171.0 Arlington Forest
Annandale,Week5,Hollin Meadows,Week3,297.0 Hollin Meadows - 105.0 Annandale
Arlington Forest,Week3,Hiddenbrook,Week2,251.0 Arlington Forest - 151.0 Hiddenbrook
Arlington Forest,Week3,Virginia Hills,Week1,337.0 Arlington Forest - 64.0 Virginia Hills
Annandale,Week4,Hollin Meadows,Week1,296.0 Hollin Meadows - 106.0 Annandale
Arlington Forest,Week5,Hiddenbrook,Week3,272.0 Arlington Forest - 130.0 Hiddenbrook
Annandale,Week3,Laurel Hill,Week3,211.0 Laurel Hill - 191.0 Annandale
Annandale,Week3,Laurel Hill,Week4,207.0 Annandale - 195.0 Laurel Hill
Annandale,Week3,Hollin Meadows,Week3,287.0 Hollin Meadows - 115.0 Annandale
Arlington Forest,Week2,Parliament,Week2,209.0 Arlington Forest - 188.0 Parliament
Annandale,Week1,Woodley,Week4,203.0 Woodley - 199.0 Annandale
Annandale,Week1,Lee Graham,Week2,334.0 Lee Graham - 68.0 Annandale
Arlington Forest,Week4,Virginia Hills,Week5,351.0 Arlington Forest - 51.0 Virginia Hills
Arlington Forest,Week1,Hiddenbrook,Week2,290.0 Arlington Forest - 112.0 Hiddenbrook
Arlington Forest,Week5,Hiddenbrook,Week2,309.0 Arlington Forest - 88.0 Hiddenbrook
Annandale,Week3,Rolling Forest,Week5,258.5 Rolling Forest - 143.5 Annandale
Arlington Forest,Week4,Virginia Hills,Week4,364.0 Arlington Forest - 38.0 Virginia Hills
Annandale,Week3,Rolling Forest,Week1,247.0 Rolling Forest - 155.0 Annandale
Arlington Forest,Week4,Hiddenbrook,Week3,251.0 Arlington Forest - 151.0 Hiddenbrook
Annandale,Week3,Woodley,Week1,236.0 Annandale - 166.0 Woodley
Annandale,Week3,Rolling Forest,Week4,241.0 Rolling Forest - 161.0 Annandale
Annandale,Week2,Holmes Run Acres,Week4,262.0 Holmes Run Acres - 140.0 Annandale
Arlington Forest,Week1,Hiddenbrook,Week4,253.0 Arlington Forest - 149.0 Hiddenbrook
Annandale,Week3,Holmes Run Acres,Week1,257.0 Holmes Run Acres - 145.0 Annandale
Arlington Forest,Week5,Village West,Week2,280.0 Arlington Forest - 122.0 Village West
Arlington Forest,Week2,High Point Pool,Week2,261.0 High Point Pool - 141.0 Arlington Forest
Annandale,Week3,Rolling Forest,Week3,253.5 Rolling Forest - 148.5 Annandale
Arlington Forest,Week2,Parliament,Week5,220.0 Parliament - 177.0 Arlington Forest
Arlington Forest,Week2,Virginia Run,Week2,217.0 Virginia Run - 185.0 Arlington Forest
Arlington Forest,Week5,Village West,Week3,255.0 Arlington Forest - 147.0 Village West
Annandale,Week5,Laurel Hill,Week3,208.0 Laurel Hill - 190.0 Annandale
Arlington Forest,Week3,Annandale,Week1,284.0 Arlington Forest - 118.0 Annandale
Arlington Forest,Week3,Parliament,Week3,215.0 Parliament - 187.0 Arlington Forest
Annandale,Week4,Laurel Hill,Week2,211.0 Annandale - 188.0 Laurel Hill
Annandale,Week2,Holmes Run Acres,Week5,282.0 Holmes Run Acres - 120.0 Annandale
Annandale,Week2,Woodley,Week1,210.0 Annandale - 192.0 Woodley
Arlington Forest,Week3,Parliament,Week2,215.0 Arlington Forest - 187.0 Parliament
Arlington Forest,Week3,Parliament,Week1,234.0 Parliament - 168.0 Arlington Forest
Annandale,Week3,Rolling Hills,Week3,232.0 Rolling Hills - 165.0 Annandale
Annandale,Week4,Lee Graham,Week2,337.0 Lee Graham - 65.0 Annandale
Annandale,Week2,Woodley,Week5,214.0 Woodley - 188.0 Annandale
Annandale,Week2,Holmes Run Acres,Week2,255.0 Holmes Run Acres - 147.0 Annandale
Arlington Forest,Week1,Annandale,Week1,296.0 Arlington Forest - 101.0 Annandale
Arlington Forest,Week2,Parliament,Week4,206.0 Arlington Forest - 191.0 Parliament
Annandale,Week2,Lee Graham,Week2,331.0 Lee Graham - 71.0 Annandale
Arlington Forest,Week1,High Point Pool,Week1,220.0 High Point Pool - 182.0 Arlington Forest
Arlington Forest,Week2,Hiddenbrook,Week5,209.0 Arlington Forest - 193.0 Hiddenbrook
Annandale,Week2,Lee Graham,Week3,334.0 Lee Graham - 68.0 Annandale
Annandale,Week1,Rolling Hills,Week2,253.0 Rolling Hills - 149.0 Annandale
Annandale,Week4,Hollin Meadows,Week4,294.0 Hollin Meadows - 108.0 Annandale
Annandale,Week4,Rolling Forest,Week4,266.0 Rolling Forest - 136.0 Annandale
Annandale,Week2,Lee Graham,Week4,321.0 Lee Graham - 81.0 Annandale
Annandale,Week3,Holmes Run Acres,Week4,265.0 Holmes Run Acres - 137.0 Annandale
Annandale,Week4,Laurel Hill,Week4,204.0 Laurel Hill - 195.0 Annandale
Arlington Forest,Week4,Hiddenbrook,Week2,309.0 Arlington Forest - 93.0 Hiddenbrook
Arlington Forest,Week1,Annandale,Week2,284.0 Arlington Forest - 118.0 Annandale
Arlington Forest,Week5,Village West,Week1,290.0 Arlington Forest - 112.0 Village West
Annandale,Week5,Rolling Forest,Week5,266.0 Rolling Forest - 136.0 Annandale
Arlington Forest,Week4,Parliament,Week1,209.0 Parliament - 193.0 Arlington Forest
Arlington Forest,Week1,Virginia Hills,Week2,368.0 Arlington Forest - 34.0 Virginia Hills
Arlington Forest,Week3,High Point Pool,Week3,239.0 High Point Pool - 163.0 Arlington Forest
Arlington Forest,Week3,Hiddenbrook,Week1,226.0 Arlington Forest - 175.0 Hiddenbrook
Annandale,Week3,Rolling Hills,Week5,230.0 Rolling Hills - 172.0 Annandale
Arlington Forest,Week4,Village West,Week4,285.0 Arlington Forest - 112.0 Village West
Annandale,Week4,Hollin Meadows,Week3,305.0 Hollin Meadows - 96.0 Annandale
Arlington Forest,Week4,Parliament,Week5,206.5 Arlington Forest - 195.5 Parliament
Annandale,Week3,Holmes Run Acres,Week3,287.0 Holmes Run Acres - 115.0 Annandale
Arlington Forest,Week4,Parliament,Week3,223.0 Arlington Forest - 179.0 Parliament
Annandale,Week1,Holmes Run Acres,Week3,298.0 Holmes Run Acres - 104.0 Annandale
Annandale,Week5,Woodley,Week2,214.0 Annandale - 188.0 Woodley
Annandale,Week1,Lee Graham,Week3,331.0 Lee Graham - 71.0 Annandale
Annandale,Week1,Holmes Run Acres,Week1,255.0 Holmes Run Acres - 147.0 Annandale
Arlington Forest,Week2,Virginia Hills,Week1,348.0 Arlington Forest - 54.0 Virginia Hills
Arlington Forest,Week2,Virginia Run,Week4,234.0 Virginia Run - 168.0 Arlington Forest
Arlington Forest,Week5,Parliament,Week1,200.0 Parliament - 197.0 Arlington Forest
Annandale,Week4,Woodley,Week1,201.0 Annandale - 200.0 Woodley
Annandale,Week5,Woodley,Week1,215.0 Annandale - 187.0 Woodley
Annandale,Week1,Rolling Hills,Week1,253.0 Rolling Hills - 149.0 Annandale
Annandale,Week4,Woodley,Week5,207.0 Woodley - 195.0 Annandale
Arlington Forest,Week4,Parliament,Week2,247.0 Arlington Forest - 155.0 Parliament
Annandale,Week3,Holmes Run Acres,Week2,252.0 Holmes Run Acres - 150.0 Annandale
Arlington Forest,Week4,Hiddenbrook,Week4,256.0 Arlington Forest - 146.0 Hiddenbrook
Annandale,Week3,Lee Graham,Week1,316.0 Lee Graham - 86.0 Annandale
Arlington Forest,Week4,Parliament,Week4,224.0 Arlington Forest - 178.0 Parliament
Annandale,Week4,Rolling Forest,Week3,278.0 Rolling Forest - 124.0 Annandale
Annandale,Week5,Laurel Hill,Week4,206.0 Laurel Hill - 195.0 Annandale
Arlington Forest,Week3,Hiddenbrook,Week4,216.0 Arlington Forest - 186.0 Hiddenbrook
Arlington Forest,Week1,Virginia Hills,Week3,357.0 Arlington Forest - 45.0 Virginia Hills
Annandale,Week5,Rolling Forest,Week1,250.0 Rolling Forest - 152.0 Annandale
Annandale,Week4,Woodley,Week2,205.0 Annandale - 197.0 Woodley
Annandale,Week3,Woodley,Week5,216.5 Annandale - 180.5 Woodley
Arlington Forest,Week3,Parliament,Week5,220.0 Parliament - 182.0 Arlington Forest
Arlington Forest,Week2,Hiddenbrook,Week3,223.0 Arlington Forest - 179.0 Hiddenbrook
Annandale,Week4,Woodley,Week3,204.0 Annandale - 198.0 Woodley
Annandale,Week4,Laurel Hill,Week5,246.0 Laurel Hill - 153.0 Annandale
Annandale,Week3,Rolling Hills,Week1,233.0 Rolling Hills - 169.0 Annandale
Arlington Forest,Week3,Hiddenbrook,Week5,210.0 Arlington Forest - 192.0 Hiddenbrook
Annandale,Week2,Rolling Hills,Week5,226.0 Rolling Hills - 176.0 Annandale
Arlington Forest,Week3,Virginia Hills,Week2,349.0 Arlington Forest - 52.0 Virginia Hills
Arlington Forest,Week5,Parliament,Week3,228.0 Arlington Forest - 174.0 Parliament
Annandale,Week1,Lee Graham,Week1,328.0 Lee Graham - 74.0 Annandale
Annandale,Week4,Rolling Hills,Week2,256.0 Rolling Hills - 146.0 Annandale
Annandale,Week3,Hollin Meadows,Week2,267.0 Hollin Meadows - 135.0 Annandale
Annandale,Week4,Laurel Hill,Week1,201.0 Laurel Hill - 200.0 Annandale
Arlington Forest,Week5,Village West,Week5,287.0 Arlington Forest - 115.0 Village West
Annandale,Week1,Holmes Run Acres,Week4,274.0 Holmes Run Acres - 128.0 Annandale
Arlington Forest,Week3,Parliament,Week4,206.0 Parliament - 196.0 Arlington Forest
Arlington Forest,Week2,Virginia Hills,Week5,340.0 Arlington Forest - 62.0 Virginia Hills
Annandale,Week3,Woodley,Week3,220.0 Annandale - 182.0 Woodley
Arlington Forest,Week3,Hiddenbrook,Week3,220.0 Arlington Forest - 182.0 Hiddenbrook
Annandale,Week5,Hollin Meadows,Week2,277.0 Hollin Meadows - 125.0 Annandale
Annandale,Week3,Lee Graham,Week3,332.0 Lee Graham - 70.0 Annandale
Annandale,Week5,Hollin Meadows,Week4,286.0 Hollin Meadows - 116.0 Annandale
Arlington Forest,Week5,Parliament,Week4,242.0 Arlington Forest - 155.0 Parliament
Annandale,Week4,Woodley,Week4,208.0 Annandale - 194.0 Woodley
Arlington Forest,Week5,Hiddenbrook,Week1,262.0 Arlington Forest - 140.0 Hiddenbrook
Annandale,Week3,Lee Graham,Week4,333.0 Lee Graham - 69.0 Annandale
Arlington Forest,Week2,Virginia Hills,Week3,352.0 Arlington Forest - 50.0 Virginia Hills
Arlington Forest,Week5,Parliament,Week5,216.0 Arlington Forest - 181.0 Parliament
Annandale,Week3,Woodley,Week2,237.5 Annandale - 164.5 Woodley
Annandale,Week2,Holmes Run Acres,Week1,259.0 Holmes Run Acres - 143.0 Annandale
Annandale,Week5,Hollin Meadows,Week5,299.0 Hollin Meadows - 103.0 Annandale
Annandale,Week1,Rolling Valley,Week5,225.0 Rolling Valley - 177.0 Annandale
Annandale,Week5,Laurel Hill,Week2,234.0 Annandale - 167.0 Laurel Hill
Arlington Forest,Week1,Annandale,Week3,288.0 Arlington Forest - 109.0 Annandale
Arlington Forest,Week2,Hiddenbrook,Week2,285.0 Arlington Forest - 111.0 Hiddenbrook
Annandale,Week1,Rolling Hills,Week5,251.0 Rolling Hills - 151.0 Annandale
Annandale,Week5,Woodley,Week4,218.0 Annandale - 184.0 Woodley
Arlington Forest,Week4,Virginia Hills,Week1,362.0 Arlington Forest - 40.0 Virginia Hills
Arlington Forest,Week4,Hiddenbrook,Week1,268.0 Arlington Forest - 134.0 Hiddenbrook
Arlington Forest,Week1,Annandale,Week4,309.0 Arlington Forest - 93.0 Annandale
Arlington Forest,Week5,Hiddenbrook,Week4,267.0 Arlington Forest - 135.0 Hiddenbrook
Annandale,Week2,Rolling Hills,Week4,232.0 Rolling Hills - 169.0 Annandale
Arlington Forest,Week5,Parliament,Week2,243.0 Arlington Forest - 154.0 Parliament
Annandale,Week3,Hollin Meadows,Week4,274.0 Hollin Meadows - 128.0 Annandale
Annandale,Week4,Lee Graham,Week1,327.0 Lee Graham - 75.0 Annandale
Annandale,Week4,Rolling Hills,Week1,257.0 Rolling Hills - 145.0 Annandale
Arlington Forest,Week4,Village West,Week5,284.0 Arlington Forest - 118.0 Village West
Arlington Forest,Week3,Virginia Hills,Week5,325.0 Arlington Forest - 77.0 Virginia Hills
Arlington Forest,Week3,Virginia Hills,Week4,349.0 Arlington Forest - 52.0 Virginia Hills
Annandale,Week5,Rolling Forest,Week3,259.0 Rolling Forest - 143.0 Annandale
Annandale,Week3,Lee Graham,Week5,330.0 Lee Graham - 72.0 Annandale
Arlington Forest,Week1,Hiddenbrook,Week5,227.0 Arlington Forest - 175.0 Hiddenbrook
Annandale,Week2,Holmes Run Acres,Week3,290.0 Holmes Run Acres - 112.0 Annandale
Arlington Forest,Week2,Annandale,Week2,285.0 Arlington Forest - 117.0 Annandale
Arlington Forest,Week5,Virginia Hills,Week4,356.0 Arlington Forest - 46.0 Virginia Hills
Annandale,Week2,Woodley,Week3,205.0 Annandale - 197.0 Woodley
Annandale,Week5,Rolling Forest,Week2,239.5 Rolling Forest - 162.5 Annandale
Arlington Forest,Week2,Annandale,Week3,273.0 Arlington Forest - 124.0 Annandale
Annandale,Week1,Rolling Hills,Week3,233.0 Rolling Hills - 169.0 Annandale
Annandale,Week5,Hollin Meadows,Week1,289.0 Hollin Meadows - 113.0 Annandale
Annandale,Week1,Lee Graham,Week4,328.0 Lee Graham - 74.0 Annandale
Annandale,Week4,Lee Graham,Week3,336.0 Lee Graham - 66.0 Annandale
Arlington Forest,Week1,High Point Pool,Week2,253.0 High Point Pool - 149.0 Arlington Forest
Arlington Forest,Week2,Hiddenbrook,Week4,226.0 Arlington Forest - 176.0 Hiddenbrook
Arlington Forest,Week1,Pinewood Lake,Week2,370.0 Arlington Forest - 27.0 Pinewood Lake
Annandale,Week5,Hayfield Farm,Week4,285.0 Hayfield Farm - 117.0 Annandale
Annandale,Week4,Hollin Meadows,Week5,318.0 Hollin Meadows - 84.0 Annandale
Annandale,Week1,Holmes Run Acres,Week5,295.0 Holmes Run Acres - 102.0 Annandale
Arlington Forest,Week1,Annandale,Week5,280.0 Arlington Forest - 122.0 Annandale
Arlington Forest,Week2,Annandale,Week1,295.0 Arlington Forest - 107.0 Annandale
Arlington Forest,Week1,High Point Pool,Week4,244.0 High Point Pool - 158.0 Arlington Forest
Arlington Forest,Week2,Virginia Run,Week1,242.0 Virginia Run - 160.0 Arlington Forest
Annandale,Week2,Woodley,Week4,213.0 Annandale - 189.0 Woodley
Arlington Forest,Week2,Virginia Hills,Week4,360.0 Arlington Forest - 42.0 Virginia Hills
Arlington Forest,Week2,Hiddenbrook,Week1,235.0 Arlington Forest - 167.0 Hiddenbrook
Arlington Forest,Week1,Virginia Run,Week1,214.0 Virginia Run - 188.0 Arlington Forest
Annandale,Week4,Rolling Forest,Week5,284.0 Rolling Forest - 118.0 Annandale
Annandale,Week5,Laurel Hill,Week1,225.0 Annandale - 176.0 Laurel Hill
Annandale,Week1,Holmes Run Acres,Week2,258.0 Holmes Run Acres - 139.0 Annandale
Annandale,Week3,Woodley,Week4,238.0 Annandale - 164.0 Woodley
Arlington Forest,Week1,Virginia Run,Week5,244.0 Virginia Run - 158.0 Arlington Forest
Arlington Forest,Week1,Hiddenbrook,Week3,246.0 Arlington Forest - 156.0 Hiddenbrook
Annandale,Week2,Lee Graham,Week5,320.0 Lee Graham - 82.0 Annandale
Arlington Forest,Week5,Hiddenbrook,Week5,237.0 Arlington Forest - 165.0 Hiddenbrook
Annandale,Week5,Woodley,Week5,204.0 Annandale - 198.0 Woodley
Annandale,Week2,Rolling Hills,Week1,243.0 Rolling Hills - 159.0 Annandale
Annandale,Week5,Hayfield Farm,Week2,274.0 Hayfield Farm - 128.0 Annandale
Annandale,Week4,Rolling Forest,Week1,272.0 Rolling Forest - 130.0 Annandale
Annandale,Week4,Laurel Hill,Week3,227.0 Laurel Hill - 170.0 Annandale
Annandale,Week2,Rolling Hills,Week3,234.0 Rolling Hills - 168.0 Annandale
Annandale,Week5,Rolling Forest,Week4,245.0 Rolling Forest - 157.0 Annandale
Arlington Forest,Week5,Virginia Hills,Week3,354.0 Arlington Forest - 48.0 Virginia Hills
Arlington Forest,Week4,Virginia Hills,Week3,365.0 Arlington Forest - 37.0 Virginia Hills
Annandale,Week1,Lee Graham,Week5,336.0 Lee Graham - 66.0 Annandale
Arlington Forest,Week1,Virginia Run,Week4,221.0 Virginia Run - 181.0 Arlington Forest
Annandale,Week5,Laurel Hill,Week5,218.0 Laurel Hill - 182.0 Annandale
Arlington Forest,Week4,Hiddenbrook,Week5,234.0 Arlington Forest - 168.0 Hiddenbrook
Annandale,Week3,Hollin Meadows,Week5,293.0 Hollin Meadows - 109.0 Annandale
Arlington Forest,Week5,Pinecrest,Week2,228.0 Pinecrest - 174.0 Arlington Forest
Arlington Forest,Week1,High Point Pool,Week3,225.0 High Point Pool - 177.0 Arlington Forest
Arlington Forest,Week5,Virginia Hills,Week2,355.0 Arlington Forest - 47.0 Virginia Hills
Arlington Forest,Week2,High Point Pool,Week1,234.0 High Point Pool - 168.0 Arlington Forest
Annandale,Week1,Hayfield Farm,Week2,286.0 Hayfield Farm - 116.0 Annandale
Annandale,Week1,Lincolnia Park,Week1,228.0 Annandale - 170.0 Lincolnia Park
Annandale,Week1,Hayfield Farm,Week3,281.0 Hayfield Farm - 115.0 Annandale
Annandale,Week5,Woodley,Week3,209.0 Annandale - 193.0 Woodley
Annandale,Week3,Lee Graham,Week2,325.0 Lee Graham - 77.0 Annandale
Arlington Forest,Week1,Pinecrest,Week4,286.0 Pinecrest - 116.0 Arlington Forest
Annandale,Week1,Hayfield Farm,Week5,288.0 Hayfield Farm - 114.0 Annandale
Arlington Forest,Week2,Annandale,Week4,290.0 Arlington Forest - 112.0 Annandale
Annandale,Week5,Lincolnia Park,Week1,259.5 Annandale - 142.5 Lincolnia Park
Arlington Forest,Week5,Pinecrest,Week3,230.0 Pinecrest - 172.0 Arlington Forest
Annandale,Week4,Rolling Forest,Week2,250.0 Rolling Forest - 152.0 Annandale
Arlington Forest,Week5,Virginia Hills,Week5,346.0 Arlington Forest - 56.0 Virginia Hills
Arlington Forest,Week1,High Point Pool,Week5,246.0 High Point Pool - 156.0 Arlington Forest
Arlington Forest,Week2,Annandale,Week5,281.0 Arlington Forest - 121.0 Annandale
Arlington Forest,Week1,Virginia Run,Week2,202.0 Arlington Forest - 200.0 Virginia Run
Arlington Forest,Week5,Pinecrest,Week4,237.0 Pinecrest - 165.0 Arlington Forest
Annandale,Week1,Rolling Hills,Week4,252.0 Rolling Hills - 149.0 Annandale
Annandale,Week3,Rolling Hills,Week2,240.0 Rolling Hills - 162.0 Annandale
Arlington Forest,Week3,Pinecrest,Week1,260.0 Pinecrest - 142.0 Arlington Forest
Annandale,Week4,Lee Graham,Week5,335.0 Lee Graham - 67.0 Annandale
Annandale,Week2,Lincolnia Park,Week4,251.0 Annandale - 151.0 Lincolnia Park
Arlington Forest,Week2,Virginia Run,Week3,223.0 Virginia Run - 179.0 Arlington Forest
Arlington Forest,Week3,Virginia Run,Week2,250.0 Virginia Run - 152.0 Arlington Forest
Arlington Forest,Week2,High Point Pool,Week5,251.0 High Point Pool - 151.0 Arlington Forest
Arlington Forest,Week3,High Point Pool,Week1,237.0 High Point Pool - 165.0 Arlington Forest
Arlington Forest,Week4,Pinecrest,Week2,238.0 Pinecrest - 164.0 Arlington Forest
Arlington Forest,Week2,High Point Pool,Week4,255.0 High Point Pool - 147.0 Arlington Forest
Annandale,Week3,Rolling Hills,Week4,238.0 Rolling Hills - 164.0 Annandale
Arlington Forest,Week2,High Point Pool,Week3,244.0 High Point Pool - 158.0 Arlington Forest
Annandale,Week2,Hayfield Farm,Week5,263.5 Hayfield Farm - 138.5 Annandale
Annandale,Week1,Lincolnia Park,Week4,224.0 Annandale - 164.0 Lincolnia Park
Annandale,Week2,Rolling Hills,Week2,235.0 Rolling Hills - 167.0 Annandale
Arlington Forest,Week3,Annandale,Week5,264.0 Arlington Forest - 138.0 Annandale
Annandale,Week4,Rolling Hills,Week3,243.0 Rolling Hills - 158.0 Annandale
Arlington Forest,Week3,Virginia Run,Week3,238.0 Virginia Run - 164.0 Arlington Forest
Annandale,Week2,Lincolnia Park,Week5,230.0 Annandale - 163.0 Lincolnia Park
Annandale,Week4,Rolling Hills,Week4,253.0 Rolling Hills - 148.0 Annandale
Arlington Forest,Week1,Virginia Run,Week3,202.0 Virginia Run - 200.0 Arlington Forest
Arlington Forest,Week3,High Point Pool,Week2,270.0 High Point Pool - 132.0 Arlington Forest
Annandale,Week4,Hayfield Farm,Week5,289.0 Hayfield Farm - 113.0 Annandale
Arlington Forest,Week3,Annandale,Week4,293.0 Arlington Forest - 109.0 Annandale
Annandale,Week3,Hayfield Farm,Week1,262.0 Hayfield Farm - 140.0 Annandale
Arlington Forest,Week4,Pinecrest,Week4,247.0 Pinecrest - 155.0 Arlington Forest
Annandale,Week2,Hayfield Farm,Week4,270.5 Hayfield Farm - 131.5 Annandale
Annandale,Week5,Rolling Hills,Week2,235.0 Rolling Hills - 167.0 Annandale
Arlington Forest,Week2,Pinecrest,Week2,275.0 Pinecrest - 127.0 Arlington Forest
Annandale,Week2,Lincolnia Park,Week1,242.0 Annandale - 160.0 Lincolnia Park
Arlington Forest,Week3,Annandale,Week2,265.0 Arlington Forest - 137.0 Annandale
Annandale,Week1,Herndon,Week1,245.0 Annandale - 154.0 Herndon
Arlington Forest,Week1,Pinecrest,Week2,273.0 Pinecrest - 129.0 Arlington Forest
Arlington Forest,Week4,Annandale,Week1,311.0 Arlington Forest - 91.0 Annandale
Annandale,Week4,Hayfield Farm,Week3,302.0 Hayfield Farm - 100.0 Annandale
Arlington Forest,Week4,Virginia Run,Week2,216.0 Arlington Forest - 186.0 Virginia Run
Arlington Forest,Week1,Pinecrest,Week5,284.0 Pinecrest - 118.0 Arlington Forest
Annandale,Week3,Hayfield Farm,Week4,275.0 Hayfield Farm - 127.0 Annandale
Annandale,Week5,Rolling Hills,Week4,236.0 Rolling Hills - 166.0 Annandale
Arlington Forest,Week3,High Point Pool,Week4,257.0 High Point Pool - 145.0 Arlington Forest
Annandale,Week4,Hayfield Farm,Week4,300.0 Hayfield Farm - 102.0 Annandale
Annandale,Week2,Lincolnia Park,Week3,216.0 Annandale - 177.0 Lincolnia Park
Annandale,Week1,Rolling Valley,Week2,202.0 Rolling Valley - 195.0 Annandale
Annandale,Week3,Hayfield Farm,Week2,282.0 Hayfield Farm - 120.0 Annandale
Annandale,Week2,Hayfield Farm,Week2,277.0 Hayfield Farm - 125.0 Annandale
Arlington Forest,Week5,High Point Pool,Week1,208.0 Arlington Forest - 194.0 High Point Pool
Annandale,Week1,Lincolnia Park,Week5,208.5 Annandale - 184.5 Lincolnia Park
Arlington Forest,Week3,Pinecrest,Week4,306.0 Pinecrest - 96.0 Arlington Forest
Annandale,Week5,Hayfield Farm,Week5,269.0 Hayfield Farm - 133.0 Annandale
Annandale,Week5,Lee Graham,Week4,326.0 Lee Graham - 76.0 Annandale
Arlington Forest,Week3,Virginia Run,Week5,278.0 Virginia Run - 124.0 Arlington Forest
Annandale,Week3,Lincolnia Park,Week1,246.0 Annandale - 150.0 Lincolnia Park
Arlington Forest,Week1,Arlington Forest,Week1,198.5 Arlington Forest (AF1) - 198.5 Arlington Forest (AF2)
Arlington Forest,Week3,Virginia Run,Week4,249.0 Virginia Run - 153.0 Arlington Forest
Arlington Forest,Week4,High Point Pool,Week1,202.0 Arlington Forest - 200.0 High Point Pool
Arlington Forest,Week1,Arlington Forest,Week5,257.0 Arlington Forest (AF2) - 145.0 Arlington Forest (AF1)
Annandale,Week3,Lincolnia Park,Week5,226.0 Annandale - 167.0 Lincolnia Park
Arlington Forest,Week4,Arlington Forest,Week2,259.0 Arlington Forest (AF1) - 143.0 Arlington Forest (AF2)
Arlington Forest,Week3,Highland Park,Week5,236.0 Highland Park - 166.0 Arlington Forest
Arlington Forest,Week1,Pinecrest,Week3,288.0 Pinecrest - 114.0 Arlington Forest
Annandale,Week5,Rolling Hills,Week3,231.0 Rolling Hills - 170.0 Annandale
Arlington Forest,Week4,High Point Pool,Week5,225.0 High Point Pool - 177.0 Arlington Forest
Arlington Forest,Week4,Virginia Run,Week1,207.0 Virginia Run - 195.0 Arlington Forest
Annandale,Week1,Rolling Valley,Week1,218.0 Annandale - 184.0 Rolling Valley
Arlington Forest,Week2,Pinecrest,Week4,297.0 Pinecrest - 105.0 Arlington Forest
Arlington Forest,Week1,Pinecrest,Week1,243.0 Pinecrest - 159.0 Arlington Forest
Arlington Forest,Week2,Virginia Run,Week5,250.0 Virginia Run - 152.0 Arlington Forest
Arlington Forest,Week5,Annandale,Week4,314.0 Arlington Forest - 88.0 Annandale
Arlington Forest,Week3,Annandale,Week3,258.0 Arlington Forest - 144.0 Annandale
Annandale,Week4,Rolling Hills,Week5,257.0 Rolling Hills - 145.0 Annandale
Annandale,Week5,Lee Graham,Week5,333.0 Lee Graham - 69.0 Annandale
Arlington Forest,Week2,Pinecrest,Week5,287.0 Pinecrest - 115.0 Arlington Forest
Arlington Forest,Week4,Virginia Run,Week3,209.0 Arlington Forest - 193.0 Virginia Run
Annandale,Week5,Rolling Hills,Week5,233.5 Rolling Hills - 168.5 Annandale
Arlington Forest,Week3,Arlington Forest,Week3,200.5 Arlington Forest (AF1) - 200.5 Arlington Forest (AF2)
Arlington Forest,Week3,Arlington Forest,Week5,273.0 Arlington Forest (AF2) - 129.0 Arlington Forest (AF1)
Annandale,Week3,Herndon,Week4,268.0 Annandale - 134.0 Herndon
Arlington Forest,Week4,High Point Pool,Week4,209.0 High Point Pool - 193.0 Arlington Forest
Annandale,Week5,Lee Graham,Week1,323.0 Lee Graham - 79.0 Annandale
Arlington Forest,Week4,Virginia Run,Week4,204.0 Virginia Run - 198.0 Arlington Forest
Arlington Forest,Week1,Arlington Forest,Week4,219.0 Arlington Forest (AF2) - 183.0 Arlington Forest (AF1)
Arlington Forest,Week1,Highland Park,Week3,201.0 Arlington Forest - 196.0 Highland Park
Arlington Forest,Week5,High Point Pool,Week2,214.0 Arlington Forest - 188.0 High Point Pool
Annandale,Week4,Lee Graham,Week4,331.0 Lee Graham - 71.0 Annandale
Annandale,Week1,Rolling Valley,Week4,220.0 Rolling Valley - 182.0 Annandale
Arlington Forest,Week2,Arlington Forest,Week2,198.5 Arlington Forest (AF1) - 198.5 Arlington Forest (AF2)
Annandale,Week1,Rolling Valley,Week3,204.0 Annandale - 198.0 Rolling Valley
Annandale,Week5,Lee Graham,Week2,331.0 Lee Graham - 71.0 Annandale
Arlington Forest,Week3,Virginia Run,Week1,256.0 Virginia Run - 146.0 Arlington Forest
Arlington Forest,Week3,Pinecrest,Week3,308.0 Pinecrest - 94.0 Arlington Forest
Arlington Forest,Week5,Virginia Run,Week1,210.0 Arlington Forest - 192.0 Virginia Run
Arlington Forest,Week3,Pinecrest,Week5,297.0 Pinecrest - 104.0 Arlington Forest
Arlington Forest,Week4,High Point Pool,Week3,206.0 High Point Pool - 196.0 Arlington Forest
Annandale,Week3,Hayfield Farm,Week5,279.0 Hayfield Farm - 123.0 Annandale
Annandale,Week1,Hayfield Farm,Week4,289.0 Hayfield Farm - 113.0 Annandale
Arlington Forest,Week4,Pinecrest,Week1,225.0 Pinecrest - 177.0 Arlington Forest
Arlington Forest,Week3,Arlington Forest,Week1,238.0 Arlington Forest (AF2) - 164.0 Arlington Forest (AF1)
Annandale,Week5,Lee Graham,Week3,326.0 Lee Graham - 76.0 Annandale
Arlington Forest,Week4,Virginia Run,Week5,222.0 Virginia Run - 180.0 Arlington Forest
Annandale,Week4,Hayfield Farm,Week2,296.0 Hayfield Farm - 106.0 Annandale
Annandale,Week5,Rolling Hills,Week1,235.0 Rolling Hills - 167.0 Annandale
Arlington Forest,Week1,Pinewood Lake,Week1,373.0 Arlington Forest - 24.0 Pinewood Lake
Annandale,Week5,Hamlet,Week5,334.0 Hamlet - 68.0 Annandale
Arlington Forest,Week3,Pinecrest,Week2,288.0 Pinecrest - 114.0 Arlington Forest
Arlington Forest,Week5,Annandale,Week2,301.0 Arlington Forest - 101.0 Annandale
Annandale,Week3,Rolling Valley,Week2,230.0 Annandale - 172.0 Rolling Valley
Arlington Forest,Week3,High Point Pool,Week5,257.0 High Point Pool - 145.0 Arlington Forest
Annandale,Week1,Hayfield Farm,Week1,281.0 Hayfield Farm - 121.0 Annandale
Arlington Forest,Week5,Pinecrest,Week1,217.0 Pinecrest - 185.0 Arlington Forest
Annandale,Week2,Rolling Valley,Week4,205.0 Annandale - 197.0 Rolling Valley
Arlington Forest,Week3,Highland Park,Week1,246.0 Highland Park - 156.0 Arlington Forest
Annandale,Week4,Lincolnia Park,Week2,241.0 Annandale - 152.0 Lincolnia Park
Annandale,Week3,Rolling Valley,Week3,217.0 Annandale - 185.0 Rolling Valley
Arlington Forest,Week5,Annandale,Week3,290.0 Arlington Forest - 107.0 Annandale
Annandale,Week4,Lincolnia Park,Week4,240.0 Annandale - 161.0 Lincolnia Park
Annandale,Week5,Hayfield Farm,Week1,256.0 Hayfield Farm - 146.0 Annandale
Arlington Forest,Week4,Pinecrest,Week5,252.0 Pinecrest - 150.0 Arlington Forest
Arlington Forest,Week4,Arlington Forest,Week5,240.0 Arlington Forest (AF2) - 162.0 Arlington Forest (AF1)
Annandale,Week1,Lincolnia Park,Week2,224.0 Annandale - 169.0 Lincolnia Park
Annandale,Week2,Rolling Valley,Week2,221.0 Annandale - 181.0 Rolling Valley
Annandale,Week4,Lincolnia Park,Week1,240.0 Annandale - 160.0 Lincolnia Park
Annandale,Week3,Rolling Valley,Week5,223.0 Annandale - 179.0 Rolling Valley
Arlington Forest,Week4,Pinecrest,Week3,259.0 Pinecrest - 143.0 Arlington Forest
Arlington Forest,Week3,Highland Park,Week4,243.0 Highland Park - 159.0 Arlington Forest
Annandale,Week2,Hayfield Farm,Week3,284.0 Hayfield Farm - 118.0 Annandale
Arlington Forest,Week5,Arlington Forest,Week5,196.0 Arlington Forest (AF1) - 196.0 Arlington Forest (AF2)
Arlington Forest,Week2,Highland Park,Week3,210.0 Highland Park - 192.0 Arlington Forest
Arlington Forest,Week1,Brandywine,Week5,213.0 Brandywine - 189.0 Arlington Forest
Arlington Forest,Week2,Highland Park,Week5,219.0 Highland Park - 183.0 Arlington Forest
Annandale,Week3,Rolling Valley,Week4,220.0 Annandale - 182.0 Rolling Valley
Annandale,Week2,Hayfield Farm,Week1,245.5 Hayfield Farm - 156.5 Annandale
Arlington Forest,Week5,Pinecrest,Week5,235.0 Pinecrest - 167.0 Arlington Forest
Annandale,Week3,Lincolnia Park,Week3,222.0 Annandale - 166.0 Lincolnia Park
Arlington Forest,Week4,Annandale,Week3,307.0 Arlington Forest - 95.0 Annandale
Arlington Forest,Week5,Annandale,Week1,314.0 Arlington Forest - 88.0 Annandale
Annandale,Week2,Rolling Valley,Week1,249.0 Annandale - 153.0 Rolling Valley
Annandale,Week4,Hayfield Farm,Week1,287.0 Hayfield Farm - 115.0 Annandale
Annandale,Week3,Lincolnia Park,Week2,261.0 Annandale - 127.0 Lincolnia Park
Annandale,Week2,Herndon,Week2,281.0 Annandale - 120.0 Herndon
Annandale,Week2,Herndon,Week1,269.0 Annandale - 132.0 Herndon
Annandale,Week4,Rolling Valley,Week1,241.0 Annandale - 161.0 Rolling Valley
Annandale,Week5,Hayfield Farm,Week3,282.0 Hayfield Farm - 120.0 Annandale
Annandale,Week3,Lincolnia Park,Week4,253.0 Annandale - 138.0 Lincolnia Park
Arlington Forest,Week4,Pinewood Lake,Week2,374.0 Arlington Forest - 26.0 Pinewood Lake
Annandale,Week1,Lincolnia Park,Week3,198.0 Annandale - 195.0 Lincolnia Park
Annandale,Week1,Herndon,Week3,247.0 Annandale - 155.0 Herndon
Annandale,Week4,Lincolnia Park,Week5,221.0 Annandale - 171.0 Lincolnia Park
Annandale,Week5,Rolling Valley,Week3,215.0 Annandale - 186.0 Rolling Valley
Arlington Forest,Week1,Highland Park,Week5,208.0 Arlington Forest - 194.0 Highland Park
Annandale,Week2,Lincolnia Park,Week2,239.0 Annandale - 153.0 Lincolnia Park
Annandale,Week3,Hayfield Farm,Week3,283.0 Hayfield Farm - 119.0 Annandale
Arlington Forest,Week1,Highland Park,Week4,217.0 Highland Park - 185.0 Arlington Forest
Arlington Forest,Week2,Pinecrest,Week3,288.0 Pinecrest - 114.0 Arlington Forest
Arlington Forest,Week1,Brandywine,Week4,220.5 Brandywine - 181.5 Arlington Forest
Arlington Forest,Week1,Highland Park,Week1,216.0 Highland Park - 186.0 Arlington Forest
Arlington Forest,Week4,High Point Pool,Week2,230.0 High Point Pool - 172.0 Arlington Forest
Annandale,Week1,Herndon,Week2,249.0 Annandale - 152.0 Herndon
Arlington Forest,Week5,High Point Pool,Week3,207.0 Arlington Forest - 195.0 High Point Pool
Arlington Forest,Week5,Pinewood Lake,Week5,349.0 Arlington Forest - 52.0 Pinewood Lake
Annandale,Week2,Rolling Valley,Week5,204.0 Annandale - 198.0 Rolling Valley
Arlington Forest,Week1,Arlington Forest,Week2,233.5 Arlington Forest (AF1) - 168.5 Arlington Forest (AF2)
Arlington Forest,Week1,Pleasant Valley,Week3,305.0 Arlington Forest - 97.0 Pleasant Valley
Arlington Forest,Week2,Arlington Forest,Week5,267.0 Arlington Forest (AF2) - 130.0 Arlington Forest (AF1)
Arlington Forest,Week5,High Point Pool,Week4,211.0 Arlington Forest - 191.0 High Point Pool
Arlington Forest,Week2,Pleasant Valley,Week1,296.0 Arlington Forest - 106.0 Pleasant Valley
Annandale,Week5,Rolling Valley,Week1,249.0 Annandale - 153.0 Rolling Valley
Arlington Forest,Week5,Pinewood Lake,Week3,364.0 Arlington Forest - 37.0 Pinewood Lake
Annandale,Week2,Herndon,Week3,260.0 Annandale - 142.0 Herndon
Arlington Forest,Week2,Arlington Forest,Week1,233.5 Arlington Forest (AF2) - 168.5 Arlington Forest (AF1)
Annandale,Week4,Rolling Valley,Week5,209.0 Annandale - 193.0 Rolling Valley
Annandale,Week4,Lincolnia Park,Week3,197.0 Lincolnia Park - 195.0 Annandale
Arlington Forest,Week4,Annandale,Week4,320.0 Arlington Forest - 82.0 Annandale
Arlington Forest,Week5,High Point Pool,Week5,203.0 High Point Pool - 199.0 Arlington Forest
Annandale,Week1,Little Hunting Park,Week3,219.0 Little Hunting Park - 183.0 Annandale
Arlington Forest,Week2,Highland Park,Week1,235.0 Highland Park - 167.0 Arlington Forest
Annandale,Week3,Little Hunting Park,Week2,209.0 Little Hunting Park - 193.0 Annandale
Arlington Forest,Week1,Arlington Forest,Week3,238.0 Arlington Forest (AF1) - 164.0 Arlington Forest (AF2)
Arlington Forest,Week4,Pinewood Lake,Week5,367.0 Arlington Forest - 34.0 Pinewood Lake
Arlington Forest,Week2,Pinecrest,Week1,260.0 Pinecrest - 142.0 Arlington Forest
Annandale,Week2,Herndon,Week5,248.0 Annandale - 153.0 Herndon
Annandale,Week4,Rolling Valley,Week3,208.0 Annandale - 193.0 Rolling Valley
Arlington Forest,Week5,Annandale,Week5,305.0 Arlington Forest - 97.0 Annandale
Arlington Forest,Week2,Arlington Forest,Week3,209.0 Arlington Forest (AF1) - 193.0 Arlington Forest (AF2)
Arlington Forest,Week4,Annandale,Week2,294.0 Arlington Forest - 108.0 Annandale
Arlington Forest,Week3,Highland Park,Week2,234.0 Highland Park - 168.0 Arlington Forest
Arlington Forest,Week1,Pleasant Valley,Week4,329.0 Arlington Forest - 68.0 Pleasant Valley
Arlington Forest,Week2,Pinewood Lake,Week1,365.0 Arlington Forest - 29.0 Pinewood Lake
Arlington Forest,Week3,Pinewood Lake,Week3,369.0 Arlington Forest - 33.0 Pinewood Lake
Annandale,Week5,Lincolnia Park,Week2,264.0 Annandale - 128.0 Lincolnia Park
Arlington Forest,Week3,Arlington Forest,Week2,209.0 Arlington Forest (AF2) - 193.0 Arlington Forest (AF1)
Annandale,Week1,Rutherford,Week1,215.0 Rutherford - 187.0 Annandale
Annandale,Week5,Rolling Valley,Week2,219.0 Annandale - 183.0 Rolling Valley
Annandale,Week5,Rolling Valley,Week5,202.5 Annandale - 199.5 Rolling Valley
Arlington Forest,Week2,Highland Park,Week4,226.0 Highland Park - 176.0 Arlington Forest
Annandale,Week5,Little Hunting Park,Week5,225.0 Little Hunting Park - 176.0 Annandale
Annandale,Week1,Herndon,Week4,249.0 Annandale - 153.0 Herndon
Annandale,Week2,Little Hunting Park,Week2,216.0 Little Hunting Park - 185.0 Annandale
Annandale,Week2,Herndon,Week4,256.0 Annandale - 145.0 Herndon
Arlington Forest,Week1,Highland Park,Week2,209.0 Highland Park - 193.0 Arlington Forest
Arlington Forest,Week2,Highland Park,Week2,217.0 Highland Park - 185.0 Arlington Forest
Annandale,Week5,Rolling Valley,Week4,205.0 Rolling Valley - 197.0 Annandale
Arlington Forest,Week2,Arlington Forest,Week4,259.0 Arlington Forest (AF2) - 143.0 Arlington Forest (AF1)
Annandale,Week3,Herndon,Week2,277.0 Annandale - 120.0 Herndon
Annandale,Week2,Little Hunting Park,Week4,229.0 Little Hunting Park - 172.0 Annandale
Annandale,Week1,Herndon,Week5,234.0 Annandale - 168.0 Herndon
Arlington Forest,Week3,Pinewood Lake,Week4,367.0 Arlington Forest - 34.0 Pinewood Lake
Annandale,Week3,Little Hunting Park,Week4,217.5 Little Hunting Park - 184.5 Annandale
Arlington Forest,Week4,Pinewood Lake,Week3,379.0 Arlington Forest - 21.0 Pinewood Lake
Annandale,Week2,Little Hunting Park,Week5,239.0 Little Hunting Park - 159.0 Annandale
Annandale,Week1,Little Hunting Park,Week2,223.0 Little Hunting Park - 179.0 Annandale
Annandale,Week4,Rolling Valley,Week4,204.0 Rolling Valley - 198.0 Annandale
Arlington Forest,Week2,Pinewood Lake,Week3,367.0 Arlington Forest - 35.0 Pinewood Lake
Arlington Forest,Week5,Highland Park,Week2,206.0 Arlington Forest - 196.0 Highland Park
Annandale,Week4,Little Hunting Park,Week1,242.0 Little Hunting Park - 159.0 Annandale
Arlington Forest,Week4,Highland Park,Week5,212.0 Arlington Forest - 190.0 Highland Park
Annandale,Week2,Rolling Valley,Week3,214.0 Annandale - 188.0 Rolling Valley
Arlington Forest,Week3,Pinewood Lake,Week1,366.0 Arlington Forest - 35.0 Pinewood Lake
Arlington Forest,Week4,Pinewood Lake,Week4,375.0 Arlington Forest - 25.0 Pinewood Lake
Annandale,Week3,Herndon,Week3,258.0 Annandale - 139.0 Herndon
Arlington Forest,Week4,Arlington Forest,Week4,201.0 Arlington Forest (AF1) - 201.0 Arlington Forest (AF2)
Arlington Forest,Week3,Highland Park,Week3,217.0 Highland Park - 185.0 Arlington Forest
Arlington Forest,Week3,Highlands Swim,Week5,325.0 Highlands Swim - 77.0 Arlington Forest
Arlington Forest,Week4,Annandale,Week5,304.0 Arlington Forest - 98.0 Annandale
Annandale,Week3,Herndon,Week1,278.0 Annandale - 119.0 Herndon
Annandale,Week1,Rutherford,Week4,242.0 Rutherford - 160.0 Annandale
Arlington Forest,Week3,Arlington Forest,Week4,275.0 Arlington Forest (AF2) - 127.0 Arlington Forest (AF1)
Arlington Forest,Week4,Highland Park,Week2,217.0 Arlington Forest - 185.0 Highland Park
Annandale,Week1,Rutherford,Week2,213.0 Rutherford - 188.0 Annandale
Annandale,Week4,Herndon,Week2,249.0 Annandale - 151.0 Herndon
Annandale,Week1,Rutherford,Week3,238.0 Rutherford - 164.0 Annandale
Arlington Forest,Week4,Arlington Forest,Week1,219.0 Arlington Forest (AF1) - 183.0 Arlington Forest (AF2)
Brandywine,Week2,Fox Mill Woods,Week3,237.0 Fox Mill Woods - 165.0 Brandywine
Brandywine,Week5,Fox Mill Woods,Week3,217.0 Fox Mill Woods - 185.0 Brandywine
Bren Mar-Edsall Park,Week1,Broyhill Crest,Week2,230.0 Broyhill Crest - 165.0 Bren Mar-Edsall Park
Bren Mar-Edsall Park,Week4,Broyhill Crest,Week1,198.0 Broyhill Crest - 192.0 Bren Mar-Edsall Park
Brandywine,Week4,Truro,Week5,268.0 Brandywine - 134.0 Truro
Bren Mar-Edsall Park,Week2,Broyhill Crest,Week4,268.0 Broyhill Crest - 128.0 Bren Mar-Edsall Park
Bren Mar-Edsall Park,Week5,Brookfield ,Week4,355.0 Brookfield - 47.0 Bren Mar-Edsall Park
Brandywine,Week1,Fox Mill Woods,Week3,265.0 Fox Mill Woods - 137.0 Brandywine
Brandywine,Week3,Fox Hunt,Week5,225.0 Fox Hunt - 177.0 Brandywine
Brandywine,Week5,Fox Hunt,Week1,228.0 Brandywine - 174.0 Fox Hunt
Brandywine,Week4,Tuckahoe,Week4,342.0 Tuckahoe - 60.0 Brandywine
Bren Mar-Edsall Park,Week3,Burke Station,Week1,281.0 Burke Station - 97.0 Bren Mar-Edsall Park
Brandywine,Week5,Fox Mill Woods,Week2,217.0 Fox Mill Woods - 185.0 Brandywine
Brandywine,Week4,Sully Station II,Week1,230.0 Sully Station II - 172.0 Brandywine
Bren Mar-Edsall Park,Week4,Broyhill Crest,Week4,215.0 Broyhill Crest - 182.0 Bren Mar-Edsall Park
Brandywine,Week5,Tuckahoe,Week2,309.0 Tuckahoe - 93.0 Brandywine
Bren Mar-Edsall Park,Week3,Broyhill Crest,Week1,211.0 Broyhill Crest - 183.0 Bren Mar-Edsall Park
Brandywine,Week2,Fox Mill Estates,Week4,209.0 Brandywine - 193.0 Fox Mill Estates
Bren Mar-Edsall Park,Week2,Broyhill Crest,Week3,237.0 Broyhill Crest - 157.0 Bren Mar-Edsall Park
Brandywine,Week1,Fox Mill Estates,Week4,206.0 Brandywine - 196.0 Fox Mill Estates
Bren Mar-Edsall Park,Week5,Broyhill Crest,Week3,200.0 Broyhill Crest - 193.0 Bren Mar-Edsall Park
Brandywine,Week3,Tuckahoe,Week3,341.0 Tuckahoe - 56.0 Brandywine
Brandywine,Week2,Tuckahoe,Week2,327.0 Tuckahoe - 75.0 Brandywine
Bren Mar-Edsall Park,Week3,Broyhill Crest,Week4,231.0 Broyhill Crest - 169.0 Bren Mar-Edsall Park
Brandywine,Week3,Truro,Week3,264.0 Brandywine - 137.0 Truro
Bren Mar-Edsall Park,Week4,Burke Station,Week5,302.0 Burke Station - 93.0 Bren Mar-Edsall Park
Brandywine,Week1,Fox Mill Estates,Week5,219.0 Brandywine - 183.0 Fox Mill Estates
Bren Mar-Edsall Park,Week5,Brookfield ,Week2,350.0 Brookfield - 52.0 Bren Mar-Edsall Park
Brandywine,Week4,Truro,Week4,253.0 Brandywine - 149.0 Truro
Bren Mar-Edsall Park,Week1,Camelot,Week2,319.0 Camelot - 81.0 Bren Mar-Edsall Park
Brandywine,Week3,Fox Mill Estates,Week2,217.0 Brandywine - 185.0 Fox Mill Estates
Brandywine,Week2,Tuckahoe,Week3,342.0 Tuckahoe - 60.0 Brandywine
Brandywine,Week2,Fox Mill Estates,Week5,221.0 Brandywine - 181.0 Fox Mill Estates
Bren Mar-Edsall Park,Week3,Broyhill Crest,Week3,206.0 Bren Mar-Edsall Park - 196.0 Broyhill Crest
Bren Mar-Edsall Park,Week5,Brookfield ,Week3,333.0 Brookfield - 69.0 Bren Mar-Edsall Park
Brandywine,Week5,Sully Station II,Week1,217.0 Sully Station II - 185.0 Brandywine
Bren Mar-Edsall Park,Week1,Burke Station,Week1,277.0 Burke Station - 98.0 Bren Mar-Edsall Park
Bren Mar-Edsall Park,Week4,Broyhill Crest,Week5,236.0 Broyhill Crest - 161.0 Bren Mar-Edsall Park
Brandywine,Week3,Truro,Week2,258.0 Brandywine - 144.0 Truro
Brandywine,Week4,Sully Station II,Week2,254.0 Sully Station II - 148.0 Brandywine
Brandywine,Week3,Truro,Week1,260.0 Brandywine - 142.0 Truro
Brandywine,Week5,Fox Hunt,Week2,222.5 Brandywine - 179.5 Fox Hunt
Brandywine,Week5,Truro,Week1,271.5 Brandywine - 130.5 Truro
Brandywine,Week4,Fox Mill Woods,Week3,229.0 Fox Mill Woods - 173.0 Brandywine
Bren Mar-Edsall Park,Week1,Broyhill Crest,Week4,258.0 Broyhill Crest - 138.0 Bren Mar-Edsall Park
Bren Mar-Edsall Park,Week5,Broyhill Crest,Week1,195.0 Broyhill Crest - 193.0 Bren Mar-Edsall Park
Brandywine,Week3,Truro,Week4,236.0 Brandywine - 165.0 Truro
Brandywine,Week3,Sully Station II,Week5,280.0 Sully Station II - 122.0 Brandywine
Brandywine,Week5,Truro,Week3,280.0 Brandywine - 122.0 Truro
Brandywine,Week2,Tuckahoe,Week4,346.0 Tuckahoe - 56.0 Brandywine
Brandywine,Week1,Tuckahoe,Week2,343.0 Tuckahoe - 59.0 Brandywine
Brandywine,Week2,Fox Mill Woods,Week2,246.0 Fox Mill Woods - 156.0 Brandywine
Brandywine,Week5,Fox Mill Woods,Week4,235.0 Fox Mill Woods - 167.0 Brandywine
Bren Mar-Edsall Park,Week1,Camelot,Week1,334.0 Camelot - 68.0 Bren Mar-Edsall Park
Bren Mar-Edsall Park,Week5,Burke Station,Week3,281.0 Burke Station - 105.0 Bren Mar-Edsall Park
Brandywine,Week2,Fox Mill Woods,Week5,255.0 Fox Mill Woods - 147.0 Brandywine
Brandywine,Week1,Tuckahoe,Week1,338.0 Tuckahoe - 64.0 Brandywine
Brandywine,Week5,Truro,Week2,286.0 Brandywine - 116.0 Truro
Brandywine,Week4,Fox Hunt,Week1,214.0 Brandywine - 188.0 Fox Hunt
Brandywine,Week5,Fox Mill Woods,Week5,230.0 Fox Mill Woods - 172.0 Brandywine
Brandywine,Week3,Fox Mill Estates,Week4,231.0 Brandywine - 171.0 Fox Mill Estates
Brandywine,Week1,Tuckahoe,Week3,350.0 Tuckahoe - 52.0 Brandywine
Brandywine,Week2,Truro,Week4,228.0 Brandywine - 174.0 Truro
Bren Mar-Edsall Park,Week5,Brookfield ,Week1,351.0 Brookfield - 51.0 Bren Mar-Edsall Park
Bren Mar-Edsall Park,Week2,Broyhill Crest,Week2,242.0 Broyhill Crest - 154.0 Bren Mar-Edsall Park
Bren Mar-Edsall Park,Week3,Broyhill Crest,Week2,205.0 Broyhill Crest - 192.0 Bren Mar-Edsall Park
Bren Mar-Edsall Park,Week1,Broyhill Crest,Week1,235.0 Broyhill Crest - 157.0 Bren Mar-Edsall Park
Brandywine,Week5,Tuckahoe,Week1,317.0 Tuckahoe - 85.0 Brandywine
Brandywine,Week2,Tuckahoe,Week5,345.0 Tuckahoe - 57.0 Brandywine
Brandywine,Week4,Fox Mill Estates,Week2,231.0 Brandywine - 171.0 Fox Mill Estates
Brandywine,Week4,Tuckahoe,Week3,344.0 Tuckahoe - 58.0 Brandywine
Brandywine,Week1,Great Falls,Week1,208.0 Brandywine - 194.0 Great Falls
Brandywine,Week3,Tuckahoe,Week2,323.0 Tuckahoe - 79.0 Brandywine
Brandywine,Week4,Fox Mill Woods,Week5,242.0 Fox Mill Woods - 160.0 Brandywine
Brandywine,Week3,Tuckahoe,Week1,331.0 Tuckahoe - 71.0 Brandywine
Brandywine,Week3,Fox Mill Woods,Week2,230.0 Fox Mill Woods - 172.0 Brandywine
Brandywine,Week5,Truro,Week5,271.0 Brandywine - 131.0 Truro
Bren Mar-Edsall Park,Week1,Broyhill Crest,Week5,267.0 Broyhill Crest - 128.0 Bren Mar-Edsall Park
Bren Mar-Edsall Park,Week5,Brookfield ,Week5,342.0 Brookfield - 55.0 Bren Mar-Edsall Park
Brandywine,Week1,Tuckahoe,Week5,352.0 Tuckahoe - 50.0 Brandywine
Bren Mar-Edsall Park,Week4,Burke Station,Week1,270.0 Burke Station - 107.0 Bren Mar-Edsall Park
Brandywine,Week1,Fox Mill Estates,Week2,203.0 Fox Mill Estates - 199.0 Brandywine
Brandywine,Week5,Truro,Week4,267.0 Brandywine - 135.0 Truro
Bren Mar-Edsall Park,Week2,Burke Station,Week2,301.0 Burke Station - 87.0 Bren Mar-Edsall Park
Brandywine,Week4,Fox Hunt,Week5,216.0 Fox Hunt - 186.0 Brandywine
Bren Mar-Edsall Park,Week5,Broyhill Crest,Week2,214.0 Bren Mar-Edsall Park - 183.0 Broyhill Crest
Brandywine,Week5,Fox Mill Estates,Week3,258.0 Brandywine - 144.0 Fox Mill Estates
Brandywine,Week5,Fox Hunt,Week4,210.0 Brandywine - 192.0 Fox Hunt
Brandywine,Week4,Tuckahoe,Week1,326.0 Tuckahoe - 76.0 Brandywine
Brandywine,Week5,Fox Mill Estates,Week5,265.0 Brandywine - 137.0 Fox Mill Estates
Brandywine,Week4,Fox Hunt,Week2,215.0 Brandywine - 187.0 Fox Hunt
Bren Mar-Edsall Park,Week3,Broyhill Crest,Week5,258.0 Broyhill Crest - 142.0 Bren Mar-Edsall Park
Brandywine,Week4,Fox Mill Estates,Week4,227.0 Brandywine - 175.0 Fox Mill Estates
Brandywine,Week2,Fox Mill Estates,Week2,208.0 Brandywine - 194.0 Fox Mill Estates
Brandywine,Week3,Fox Mill Estates,Week5,233.0 Brandywine - 168.0 Fox Mill Estates
Brandywine,Week3,Fox Mill Woods,Week5,250.0 Fox Mill Woods - 152.0 Brandywine
Brandywine,Week4,Truro,Week3,273.0 Brandywine - 129.0 Truro
Bren Mar-Edsall Park,Week4,Broyhill Crest,Week2,217.0 Bren Mar-Edsall Park - 178.0 Broyhill Crest
Brandywine,Week3,Truro,Week5,255.0 Brandywine - 147.0 Truro
Bren Mar-Edsall Park,Week2,Broyhill Crest,Week1,244.0 Broyhill Crest - 147.0 Bren Mar-Edsall Park
Bren Mar-Edsall Park,Week2,Camelot,Week3,327.0 Camelot - 73.0 Bren Mar-Edsall Park
Bren Mar-Edsall Park,Week2,Camelot,Week2,323.0 Camelot - 77.0 Bren Mar-Edsall Park
Brandywine,Week4,Fox Mill Estates,Week5,237.0 Brandywine - 165.0 Fox Mill Estates
Brandywine,Week1,Fox Mill Woods,Week4,265.0 Fox Mill Woods - 137.0 Brandywine
Brandywine,Week3,Tuckahoe,Week4,341.0 Tuckahoe - 61.0 Brandywine
Brandywine,Week1,Fox Mill Woods,Week1,280.0 Fox Mill Woods - 122.0 Brandywine
Arlington Forest,Week5,Waynewood,Week5,237.0 Waynewood - 165.0 Arlington Forest
Brandywine,Week5,Fox Mill Estates,Week4,255.5 Brandywine - 146.5 Fox Mill Estates
Bren Mar-Edsall Park,Week2,Burke Station,Week5,317.0 Burke Station - 78.0 Bren Mar-Edsall Park
Arlington Forest,Week2,Woodley,Week1,287.0 Arlington Forest - 115.0 Woodley
Brandywine,Week1,Fox Mill Woods,Week5,272.0 Fox Mill Woods - 130.0 Brandywine
Bren Mar-Edsall Park,Week2,Burke Station,Week1,284.0 Burke Station - 90.0 Bren Mar-Edsall Park
Brandywine,Week4,Tuckahoe,Week2,330.0 Tuckahoe - 72.0 Brandywine
Arlington Forest,Week1,Woodley,Week4,298.0 Arlington Forest - 104.0 Woodley
Brandywine,Week3,Tuckahoe,Week5,337.0 Tuckahoe - 65.0 Brandywine
Brandywine,Week1,Tuckahoe,Week4,355.0 Tuckahoe - 47.0 Brandywine
Brandywine,Week5,Fox Mill Estates,Week2,252.0 Brandywine - 150.0 Fox Mill Estates
Bren Mar-Edsall Park,Week2,Camelot,Week4,348.0 Camelot - 54.0 Bren Mar-Edsall Park
Bren Mar-Edsall Park,Week4,Burke Station,Week2,282.0 Burke Station - 110.0 Bren Mar-Edsall Park
Arlington Forest,Week2,Woodley,Week4,294.0 Arlington Forest - 108.0 Woodley
Brandywine,Week2,Tuckahoe,Week1,330.0 Tuckahoe - 72.0 Brandywine
Brandywine,Week5,Fox Mill Estates,Week1,274.5 Brandywine - 127.5 Fox Mill Estates
Arlington Forest,Week2,Woodley,Week5,264.0 Arlington Forest - 138.0 Woodley
Bren Mar-Edsall Park,Week1,Burke Station,Week2,290.0 Burke Station - 105.0 Bren Mar-Edsall Park
Bren Mar-Edsall Park,Week3,Burke Station,Week4,270.0 Burke Station - 131.0 Bren Mar-Edsall Park
Arlington Forest,Week2,Woodley,Week3,291.0 Arlington Forest - 111.0 Woodley
Brandywine,Week3,Vienna Aquatic,Week1,291.0 Vienna Aquatic - 111.0 Brandywine
Bren Mar-Edsall Park,Week3,Burke Station,Week2,286.0 Burke Station - 114.0 Bren Mar-Edsall Park
Brandywine,Week2,Vienna Aquatic,Week4,288.0 Vienna Aquatic - 114.0 Brandywine
Brandywine,Week4,Vienna Aquatic,Week3,295.0 Vienna Aquatic - 107.0 Brandywine
Brandywine,Week5,Vienna Aquatic,Week4,259.0 Vienna Aquatic - 143.0 Brandywine
Brandywine,Week2,Arlington Forest,Week3,207.0 Brandywine - 195.0 Arlington Forest
Arlington Forest,Week1,Woodley,Week1,286.0 Arlington Forest - 116.0 Woodley
Brandywine,Week5,Vienna Aquatic,Week1,274.0 Vienna Aquatic - 128.0 Brandywine
Brandywine,Week3,Fox Mill Woods,Week4,242.0 Fox Mill Woods - 160.0 Brandywine
Brandywine,Week1,Fox Mill Woods,Week2,261.0 Fox Mill Woods - 141.0 Brandywine
Brandywine,Week4,Vienna Aquatic,Week1,296.0 Vienna Aquatic - 106.0 Brandywine
Bren Mar-Edsall Park,Week4,Burke Station,Week3,289.0 Burke Station - 100.0 Bren Mar-Edsall Park
Brandywine,Week3,Fox Mill Woods,Week1,246.0 Fox Mill Woods - 156.0 Brandywine
Arlington Forest,Week1,Woodley,Week5,289.0 Arlington Forest - 108.0 Woodley
Bren Mar-Edsall Park,Week5,Broyhill Crest,Week5,243.0 Broyhill Crest - 156.0 Bren Mar-Edsall Park
Brandywine,Week4,Fox Mill Woods,Week1,232.0 Fox Mill Woods - 170.0 Brandywine
Bren Mar-Edsall Park,Week3,Burke Station,Week5,305.0 Burke Station - 97.0 Bren Mar-Edsall Park
Bren Mar-Edsall Park,Week2,Burke Station,Week4,299.0 Burke Station - 93.0 Bren Mar-Edsall Park
Brandywine,Week2,Fox Mill Woods,Week4,250.0 Fox Mill Woods - 152.0 Brandywine
Brandywine,Week3,Fox Mill Woods,Week3,222.0 Fox Mill Woods - 179.0 Brandywine
Bren Mar-Edsall Park,Week1,Burke Station,Week4,288.0 Burke Station - 108.0 Bren Mar-Edsall Park
Brandywine,Week4,Fox Mill Woods,Week2,233.0 Fox Mill Woods - 169.0 Brandywine
Arlington Forest,Week5,Waynewood,Week4,215.0 Waynewood - 187.0 Arlington Forest
Brandywine,Week4,Tuckahoe,Week5,334.0 Tuckahoe - 68.0 Brandywine
Brandywine,Week4,Fox Mill Woods,Week4,247.0 Fox Mill Woods - 155.0 Brandywine
Brandywine,Week5,Vienna Aquatic,Week3,280.0 Vienna Aquatic - 122.0 Brandywine
Brandywine,Week1,Brandywine,Week1,198.5 Brandywine (B1) - 198.5 Brandywine (B2)
Arlington Forest,Week3,Woodley,Week1,275.0 Arlington Forest - 127.0 Woodley
Arlington Forest,Week2,Woodley,Week2,287.0 Arlington Forest - 115.0 Woodley
Brandywine,Week1,Vienna Aquatic,Week5,316.0 Vienna Aquatic - 86.0 Brandywine
Arlington Forest,Week1,Woodley,Week3,299.0 Arlington Forest - 103.0 Woodley
Brandywine,Week2,Fox Mill Woods,Week1,242.0 Fox Mill Woods - 160.0 Brandywine
Arlington Forest,Week1,Woodley,Week2,298.0 Arlington Forest - 104.0 Woodley
Bren Mar-Edsall Park,Week5,Burke Station,Week2,279.0 Burke Station - 114.0 Bren Mar-Edsall Park
Bren Mar-Edsall Park,Week1,Burke Station,Week5,309.0 Burke Station - 92.0 Bren Mar-Edsall Park
Brandywine,Week3,Vienna Aquatic,Week4,269.0 Vienna Aquatic - 128.0 Brandywine
Bren Mar-Edsall Park,Week1,Burke Station,Week3,303.0 Burke Station - 88.0 Bren Mar-Edsall Park
Brandywine,Week1,Brandywine,Week5,256.0 Brandywine (B2) - 146.0 Brandywine (B1)
Brandywine,Week2,Vienna Woods,Week1,302.0 Vienna Woods - 100.0 Brandywine
Brandywine,Week2,Vienna Aquatic,Week2,295.0 Vienna Aquatic - 107.0 Brandywine
Brandywine,Week5,Fox Mill Woods,Week1,229.0 Fox Mill Woods - 173.0 Brandywine
Brandywine,Week2,Arlington Forest,Week2,207.0 Arlington Forest - 195.0 Brandywine
Brandywine,Week5,Great Falls,Week5,202.0 Great Falls - 200.0 Brandywine
Brandywine,Week1,Arlington Forest,Week1,224.0 Arlington Forest - 178.0 Brandywine
Brandywine,Week1,Greenbriar,Week3,227.0 Greenbriar - 175.0 Brandywine
Brandywine,Week4,Arlington Forest,Week3,237.0 Brandywine - 165.0 Arlington Forest
Brandywine,Week1,Vienna Aquatic,Week4,288.0 Vienna Aquatic - 114.0 Brandywine
Brandywine,Week1,Arlington Forest,Week2,221.0 Arlington Forest - 181.0 Brandywine
Brandywine,Week1,Arlington Forest,Week4,237.0 Arlington Forest - 165.0 Brandywine
Bren Mar-Edsall Park,Week5,Burke Station,Week4,272.0 Burke Station - 121.0 Bren Mar-Edsall Park
Bren Mar-Edsall Park,Week5,Burke Station,Week1,281.0 Burke Station - 96.0 Bren Mar-Edsall Park
Brandywine,Week3,Vienna Aquatic,Week2,280.0 Vienna Aquatic - 122.0 Brandywine
Brandywine,Week1,Great Falls,Week2,201.0 Brandywine - 183.0 Great Falls
Bren Mar-Edsall Park,Week5,Burke Station,Week5,301.0 Burke Station - 95.0 Bren Mar-Edsall Park
Brandywine,Week3,Great Falls,Week1,229.0 Brandywine - 172.0 Great Falls
Brandywine,Week3,Great Falls,Week4,209.0 Brandywine - 192.0 Great Falls
Brandywine,Week2,Vienna Woods,Week5,322.0 Vienna Woods - 80.0 Brandywine
Brandywine,Week2,Great Falls,Week4,208.0 Great Falls - 194.0 Brandywine
Brandywine,Week3,Great Falls,Week5,201.0 Brandywine - 197.0 Great Falls
Bren Mar-Edsall Park,Week3,Burke Station,Week3,292.0 Burke Station - 103.0 Bren Mar-Edsall Park
Bren Mar-Edsall Park,Week2,Burke Station,Week3,307.0 Burke Station - 78.0 Bren Mar-Edsall Park
Brandywine,Week3,Vienna Aquatic,Week5,304.0 Vienna Aquatic - 98.0 Brandywine
Brandywine,Week4,Arlington Forest,Week4,203.0 Arlington Forest - 199.0 Brandywine
Brandywine,Week2,Greenbriar,Week3,226.0 Greenbriar - 176.0 Brandywine
Brandywine,Week2,Arlington Forest,Week1,213.0 Arlington Forest - 189.0 Brandywine
Brandywine,Week5,Arlington Forest,Week4,203.0 Arlington Forest - 199.0 Brandywine
Brandywine,Week2,Vienna Aquatic,Week5,321.0 Vienna Aquatic - 81.0 Brandywine
Bren Mar-Edsall Park,Week2,Camelot,Week1,326.0 Camelot - 74.0 Bren Mar-Edsall Park
Bren Mar-Edsall Park,Week1,Camelot,Week4,341.0 Camelot - 61.0 Bren Mar-Edsall Park
Brandywine,Week5,Arlington Forest,Week1,213.0 Brandywine - 189.0 Arlington Forest
Brandywine,Week3,Vienna Woods,Week1,291.0 Vienna Woods - 111.0 Brandywine
Brandywine,Week5,Tuckahoe,Week4,330.0 Tuckahoe - 72.0 Brandywine
Brandywine,Week2,Vienna Woods,Week2,297.0 Vienna Woods - 105.0 Brandywine
Brandywine,Week4,Great Falls,Week1,220.0 Brandywine - 182.0 Great Falls
Brandywine,Week1,Greenbriar,Week4,201.0 Brandywine - 201.0 Greenbriar
Brandywine,Week2,Arlington Forest,Week5,246.0 Arlington Forest - 156.0 Brandywine
Brandywine,Week5,Tuckahoe,Week3,337.0 Tuckahoe - 65.0 Brandywine
Bren Mar-Edsall Park,Week1,Camelot,Week3,328.0 Camelot - 72.0 Bren Mar-Edsall Park
Bren Mar-Edsall Park,Week4,Burke Station,Week4,268.0 Burke Station - 124.0 Bren Mar-Edsall Park
Bren Mar-Edsall Park,Week3,Camelot,Week4,319.0 Camelot - 83.0 Bren Mar-Edsall Park
Brandywine,Week1,Vienna Aquatic,Week2,294.0 Vienna Aquatic - 108.0 Brandywine
Brandywine,Week2,Arlington Forest,Week4,243.0 Arlington Forest - 159.0 Brandywine
Brandywine,Week3,Arlington Forest,Week1,199.0 Arlington Forest - 198.0 Brandywine
Brandywine,Week4,Great Falls,Week4,203.0 Brandywine - 199.0 Great Falls
Brandywine,Week5,Great Falls,Week2,224.5 Brandywine - 159.5 Great Falls
Brandywine,Week3,Arlington Forest,Week2,211.0 Brandywine - 191.0 Arlington Forest
Brandywine,Week1,Arlington Forest,Week5,253.0 Arlington Forest - 149.0 Brandywine
Bren Mar-Edsall Park,Week1,Camelot,Week5,339.0 Camelot - 61.0 Bren Mar-Edsall Park
Brandywine,Week1,Vienna Aquatic,Week3,311.0 Vienna Aquatic - 91.0 Brandywine
Brandywine,Week1,Great Falls,Week4,209.0 Great Falls - 193.0 Brandywine
Bren Mar-Edsall Park,Week3,Camelot,Week1,313.0 Camelot - 89.0 Bren Mar-Edsall Park
Brandywine,Week1,Vienna Aquatic,Week1,305.0 Vienna Aquatic - 97.0 Brandywine
Bren Mar-Edsall Park,Week4,Camelot,Week2,303.0 Camelot - 97.0 Bren Mar-Edsall Park
Brandywine,Week2,Vienna Aquatic,Week1,302.0 Vienna Aquatic - 100.0 Brandywine
Bren Mar-Edsall Park,Week3,Canterbury Woods,Week2,316.0 Canterbury Woods - 86.0 Bren Mar-Edsall Park
Brandywine,Week4,Arlington Forest,Week1,220.5 Brandywine - 181.5 Arlington Forest
Brandywine,Week3,Vienna Aquatic,Week3,292.0 Vienna Aquatic - 110.0 Brandywine
Brandywine,Week5,Great Falls,Week1,231.0 Brandywine - 171.0 Great Falls
Brandywine,Week4,Vienna Aquatic,Week5,313.0 Vienna Aquatic - 89.0 Brandywine
Bren Mar-Edsall Park,Week1,Canterbury Woods,Week4,349.0 Canterbury Woods - 52.0 Bren Mar-Edsall Park
Brandywine,Week5,Great Falls,Week3,224.5 Brandywine - 177.5 Great Falls
Brandywine,Week4,Arlington Forest,Week2,224.0 Brandywine - 178.0 Arlington Forest
Brandywine,Week5,Arlington Forest,Week3,248.0 Brandywine - 154.0 Arlington Forest
Bren Mar-Edsall Park,Week3,Camelot,Week2,313.0 Camelot - 88.0 Bren Mar-Edsall Park
Brandywine,Week4,Great Falls,Week2,211.0 Brandywine - 173.0 Great Falls
Bren Mar-Edsall Park,Week4,Canterbury Woods,Week1,310.0 Canterbury Woods - 86.0 Bren Mar-Edsall Park
Bren Mar-Edsall Park,Week3,Canterbury Woods,Week1,314.0 Canterbury Woods - 87.0 Bren Mar-Edsall Park
Brandywine,Week2,Great Falls,Week3,209.0 Great Falls - 193.0 Brandywine
Brandywine,Week4,Vienna Aquatic,Week4,275.0 Vienna Aquatic - 127.0 Brandywine
Brandywine,Week1,Vienna Woods,Week2,289.0 Vienna Woods - 113.0 Brandywine
Brandywine,Week3,Arlington Forest,Week3,240.0 Brandywine - 162.0 Arlington Forest
Brandywine,Week4,Arlington Forest,Week5,232.0 Arlington Forest - 170.0 Brandywine
Brandywine,Week2,Great Falls,Week2,198.0 Brandywine - 186.0 Great Falls
Brandywine,Week5,Vienna Aquatic,Week2,261.0 Vienna Aquatic - 141.0 Brandywine
Bren Mar-Edsall Park,Week3,Canterbury Woods,Week5,319.0 Canterbury Woods - 82.0 Bren Mar-Edsall Park
Brandywine,Week3,Arlington Forest,Week4,210.0 Arlington Forest - 192.0 Brandywine
Brandywine,Week4,Great Falls,Week5,215.0 Great Falls - 187.0 Brandywine
Brandywine,Week1,Brandywine,Week3,212.0 Brandywine (B2) - 190.0 Brandywine (B1)
Brandywine,Week1,Vienna Woods,Week1,307.0 Vienna Woods - 95.0 Brandywine
Brandywine,Week4,Vienna Aquatic,Week2,274.0 Vienna Aquatic - 128.0 Brandywine
Brandywine,Week3,Great Falls,Week3,202.0 Great Falls - 196.0 Brandywine
Brandywine,Week3,Great Falls,Week2,204.0 Brandywine - 179.0 Great Falls
Brandywine,Week3,Arlington Forest,Week5,225.0 Arlington Forest - 177.0 Brandywine
Brandywine,Week1,Arlington Forest,Week3,219.5 Brandywine - 182.5 Arlington Forest
Bren Mar-Edsall Park,Week3,Canterbury Woods,Week3,339.5 Canterbury Woods - 61.5 Bren Mar-Edsall Park
Brandywine,Week1,Great Falls,Week3,210.0 Great Falls - 192.0 Brandywine
Brandywine,Week1,Vienna Woods,Week3,310.0 Vienna Woods - 92.0 Brandywine
Brandywine,Week4,Great Falls,Week3,202.0 Brandywine - 200.0 Great Falls
Bren Mar-Edsall Park,Week4,Camelot,Week3,320.0 Camelot - 81.0 Bren Mar-Edsall Park
Bren Mar-Edsall Park,Week2,Canterbury Woods,Week1,338.0 Canterbury Woods - 59.0 Bren Mar-Edsall Park
Bren Mar-Edsall Park,Week3,Camelot,Week5,327.0 Camelot - 75.0 Bren Mar-Edsall Park
Brandywine,Week5,Great Falls,Week4,210.0 Brandywine - 192.0 Great Falls
Brandywine,Week2,Great Falls,Week5,215.0 Great Falls - 187.0 Brandywine
Bren Mar-Edsall Park,Week2,Canterbury Woods,Week2,320.0 Canterbury Woods - 81.0 Bren Mar-Edsall Park
Bren Mar-Edsall Park,Week2,Canterbury Woods,Week4,353.0 Canterbury Woods - 49.0 Bren Mar-Edsall Park
Brandywine,Week2,Vienna Aquatic,Week3,296.0 Vienna Aquatic - 106.0 Brandywine
Brandywine,Week1,Vienna Woods,Week5,322.0 Vienna Woods - 80.0 Brandywine
Brandywine,Week1,Great Falls,Week5,220.5 Great Falls - 181.5 Brandywine
Brandywine,Week5,Arlington Forest,Week2,227.0 Brandywine - 175.0 Arlington Forest
Brandywine,Week5,Arlington Forest,Week5,213.0 Arlington Forest - 189.0 Brandywine
Brandywine,Week5,Vienna Aquatic,Week5,295.0 Vienna Aquatic - 107.0 Brandywine
Bren Mar-Edsall Park,Week2,Canterbury Woods,Week3,345.0 Canterbury Woods - 57.0 Bren Mar-Edsall Park
Brandywine,Week1,Vienna Woods,Week4,282.0 Vienna Woods - 120.0 Brandywine
Bren Mar-Edsall Park,Week4,Camelot,Week4,316.0 Camelot - 86.0 Bren Mar-Edsall Park
Bren Mar-Edsall Park,Week4,Camelot,Week1,313.0 Camelot - 88.0 Bren Mar-Edsall Park
Brandywine,Week2,Great Falls,Week1,217.0 Brandywine - 185.0 Great Falls
Brandywine,Week1,Brandywine,Week2,208.0 Brandywine (B2) - 194.0 Brandywine (B1)
Brandywine,Week5,Tuckahoe,Week5,326.0 Tuckahoe - 76.0 Brandywine
Brandywine,Week4,Vienna Woods,Week2,293.0 Vienna Woods - 109.0 Brandywine
Brandywine,Week3,Vienna Woods,Week5,308.5 Vienna Woods - 93.5 Brandywine
Brandywine,Week1,Brandywine,Week4,234.0 Brandywine (B2) - 168.0 Brandywine (B1)
Bren Mar-Edsall Park,Week1,Canterbury Woods,Week1,335.0 Canterbury Woods - 67.0 Bren Mar-Edsall Park
Brandywine,Week2,Brandywine,Week5,269.0 Brandywine (B2) - 133.0 Brandywine (B1)
Brandywine,Week2,Brandywine,Week2,200.5 Brandywine (B1) - 200.5 Brandywine (B2)
Brandywine,Week2,Greenbriar,Week1,216.0 Greenbriar - 186.0 Brandywine
Brandywine,Week2,Vienna Woods,Week4,291.0 Vienna Woods - 111.0 Brandywine
Bren Mar-Edsall Park,Week1,Cardinal Hill,Week1,387.0 Cardinal Hill - 15.0 Bren Mar-Edsall Park
Brandywine,Week2,Villa Aquatic,Week4,213.0 Villa Aquatic - 189.0 Brandywine
Brandywine,Week2,Brandywine,Week1,208.0 Brandywine (B1) - 194.0 Brandywine (B2)
Brandywine,Week2,Greenbriar,Week2,223.0 Greenbriar - 179.0 Brandywine
Brandywine,Week1,Greenbriar,Week1,225.0 Greenbriar - 177.0 Brandywine
Bren Mar-Edsall Park,Week5,Camelot,Week4,308.0 Camelot - 94.0 Bren Mar-Edsall Park
Brandywine,Week3,Greenbriar,Week2,231.0 Greenbriar - 171.0 Brandywine
Brandywine,Week3,Brandywine,Week4,204.5 Brandywine (B2) - 197.5 Brandywine (B1)
Brandywine,Week4,Brandywine,Week2,252.0 Brandywine (B1) - 150.0 Brandywine (B2)
Brandywine,Week1,Greenbriar,Week2,231.0 Greenbriar - 171.0 Brandywine
Brandywine,Week1,Greenbriar,Week5,222.0 Greenbriar - 180.0 Brandywine
Brandywine,Week3,Brandywine,Week5,227.5 Brandywine (B2) - 174.5 Brandywine (B1)
Brandywine,Week2,Villa Aquatic,Week2,208.0 Brandywine - 194.0 Villa Aquatic
Brandywine,Week5,Vienna Woods,Week1,281.0 Vienna Woods - 121.0 Brandywine
Brandywine,Week2,Vienna Woods,Week3,306.0 Vienna Woods - 96.0 Brandywine
Bren Mar-Edsall Park,Week5,Camelot,Week3,313.0 Camelot - 88.0 Bren Mar-Edsall Park
Bren Mar-Edsall Park,Week2,Camelot,Week5,346.0 Camelot - 56.0 Bren Mar-Edsall Park
Brandywine,Week4,Brandywine,Week4,201.0 Brandywine (B1) - 201.0 Brandywine (B2)
Brandywine,Week2,Greenbriar,Week4,211.0 Greenbriar - 191.0 Brandywine
Bren Mar-Edsall Park,Week5,Camelot,Week5,322.0 Camelot - 79.0 Bren Mar-Edsall Park
Brandywine,Week2,Brandywine,Week3,231.0 Brandywine (B2) - 170.0 Brandywine (B1)
Brandywine,Week4,Vienna Woods,Week3,308.5 Vienna Woods - 93.5 Brandywine
Brandywine,Week3,Greenbriar,Week4,204.0 Greenbriar - 198.0 Brandywine
Bren Mar-Edsall Park,Week1,Canterbury Woods,Week3,347.0 Canterbury Woods - 55.0 Bren Mar-Edsall Park
Brandywine,Week2,Brandywine,Week4,252.0 Brandywine (B2) - 150.0 Brandywine (B1)
Brandywine,Week3,Brandywine,Week1,212.0 Brandywine (B1) - 190.0 Brandywine (B2)
Bren Mar-Edsall Park,Week3,Camelot,Week3,321.0 Camelot - 81.0 Bren Mar-Edsall Park
Bren Mar-Edsall Park,Week5,Camelot,Week2,302.0 Camelot - 99.0 Bren Mar-Edsall Park
Brandywine,Week3,Greenbriar,Week5,225.0 Greenbriar - 175.0 Brandywine
Brandywine,Week4,Vienna Woods,Week5,318.5 Vienna Woods - 83.5 Brandywine
Brandywine,Week3,Greenbriar,Week3,220.0 Greenbriar - 182.0 Brandywine
Brandywine,Week4,Brandywine,Week5,236.0 Brandywine (B2) - 166.0 Brandywine (B1)
Brandywine,Week5,Vienna Woods,Week4,251.0 Vienna Woods - 151.0 Brandywine
Bren Mar-Edsall Park,Week5,Camelot,Week1,310.0 Camelot - 91.0 Bren Mar-Edsall Park
Brandywine,Week3,Vienna Woods,Week2,284.0 Vienna Woods - 118.0 Brandywine
Brandywine,Week4,Greenbriar,Week1,201.0 Brandywine - 201.0 Greenbriar
Brandywine,Week5,Brandywine,Week1,256.0 Brandywine (B1) - 146.0 Brandywine (B2)
Brandywine,Week2,Greenbriar,Week5,219.0 Greenbriar - 182.0 Brandywine
Bren Mar-Edsall Park,Week1,Canterbury Woods,Week5,329.0 Canterbury Woods - 65.0 Bren Mar-Edsall Park
Brandywine,Week5,Brandywine,Week2,269.0 Brandywine (B1) - 133.0 Brandywine (B2)
Brandywine,Week4,Greenbriar,Week4,212.0 Brandywine - 190.0 Greenbriar
Brandywine,Week2,Villa Aquatic,Week5,225.0 Villa Aquatic - 177.0 Brandywine
Brandywine,Week3,Brandywine,Week2,231.0 Brandywine (B1) - 170.0 Brandywine (B2)
Brandywine,Week2,Villa Aquatic,Week3,230.5 Villa Aquatic - 171.5 Brandywine
Bren Mar-Edsall Park,Week2,Canterbury Woods,Week5,326.0 Canterbury Woods - 67.0 Bren Mar-Edsall Park
Brandywine,Week4,Greenbriar,Week3,202.5 Greenbriar - 199.5 Brandywine
Brandywine,Week5,Brandywine,Week5,201.0 Brandywine (B1) - 201.0 Brandywine (B2)
Brandywine,Week1,Villa Aquatic,Week4,229.0 Villa Aquatic - 173.0 Brandywine
Brandywine,Week3,Villa Aquatic,Week1,227.0 Brandywine - 175.0 Villa Aquatic
Brandywine,Week5,Vienna Woods,Week2,257.0 Vienna Woods - 145.0 Brandywine
Bren Mar-Edsall Park,Week4,Camelot,Week5,326.0 Camelot - 75.0 Bren Mar-Edsall Park
Brandywine,Week3,Greenbriar,Week1,209.0 Greenbriar - 192.0 Brandywine
Brandywine,Week1,Bren Mar-Edsall Park,Week1,359.0 Brandywine - 43.0 Bren Mar-Edsall Park
Brandywine,Week5,Brandywine,Week3,227.5 Brandywine (B1) - 174.5 Brandywine (B2)
Brandywine,Week4,Brandywine,Week3,204.5 Brandywine (B1) - 197.5 Brandywine (B2)
Bren Mar-Edsall Park,Week4,Canterbury Woods,Week5,322.0 Canterbury Woods - 73.0 Bren Mar-Edsall Park
Brandywine,Week1,Villa Aquatic,Week2,213.0 Brandywine - 189.0 Villa Aquatic
Bren Mar-Edsall Park,Week3,Canterbury Woods,Week4,340.0 Canterbury Woods - 62.0 Bren Mar-Edsall Park
Brandywine,Week4,Greenbriar,Week2,219.0 Greenbriar - 183.0 Brandywine
Bren Mar-Edsall Park,Week1,Canterbury Woods,Week2,326.0 Canterbury Woods - 74.0 Bren Mar-Edsall Park
Brandywine,Week5,Vienna Woods,Week3,275.0 Vienna Woods - 127.0 Brandywine
Bren Mar-Edsall Park,Week4,Canterbury Woods,Week3,337.0 Canterbury Woods - 65.0 Bren Mar-Edsall Park
Brandywine,Week3,Vienna Woods,Week3,305.0 Vienna Woods - 97.0 Brandywine
Bren Mar-Edsall Park,Week5,Canterbury Woods,Week3,326.0 Canterbury Woods - 71.0 Bren Mar-Edsall Park
Bren Mar-Edsall Park,Week5,Canterbury Woods,Week1,312.0 Canterbury Woods - 85.0 Bren Mar-Edsall Park
Brandywine,Week4,Brandywine,Week1,234.0 Brandywine (B1) - 168.0 Brandywine (B2)
Bren Mar-Edsall Park,Week3,Cardinal Hill,Week2,365.0 Cardinal Hill - 37.0 Bren Mar-Edsall Park
Brandywine,Week3,Brandywine,Week3,188.5 Brandywine (B1) - 188.5 Brandywine (B2)
Brandywine,Week1,Bren Mar-Edsall Park,Week2,352.0 Brandywine - 50.0 Bren Mar-Edsall Park
Bren Mar-Edsall Park,Week4,Canterbury Woods,Week2,304.0 Canterbury Woods - 98.0 Bren Mar-Edsall Park
Brandywine,Week4,Vienna Woods,Week1,302.5 Vienna Woods - 99.5 Brandywine
Brandywine,Week3,Vienna Woods,Week4,283.0 Vienna Woods - 119.0 Brandywine
Brandywine,Week1,Village West,Week4,243.0 Brandywine - 154.0 Village West
Brandywine,Week4,Villa Aquatic,Week2,222.0 Brandywine - 180.0 Villa Aquatic
Bren Mar-Edsall Park,Week1,Cardinal Hill,Week3,382.0 Cardinal Hill - 20.0 Bren Mar-Edsall Park
Bren Mar-Edsall Park,Week2,Cardinal Hill,Week1,387.0 Cardinal Hill - 15.0 Bren Mar-Edsall Park
Brandywine,Week5,Oakton ,Week1,244.0 Oakton - 158.0 Brandywine
Brandywine,Week5,Brandywine,Week4,236.0 Brandywine (B1) - 166.0 Brandywine (B2)
Bren Mar-Edsall Park,Week2,Cardinal Hill,Week4,376.0 Cardinal Hill - 26.0 Bren Mar-Edsall Park
Bren Mar-Edsall Park,Week2,Cardinal Hill,Week2,368.0 Cardinal Hill - 29.0 Bren Mar-Edsall Park
Brandywine,Week4,Oakton ,Week3,255.0 Oakton - 147.0 Brandywine
Brandywine,Week4,Oakton ,Week1,265.0 Oakton - 137.0 Brandywine
Brandywine,Week2,Village West,Week4,238.0 Brandywine - 159.0 Village West
Brandywine,Week5,Vienna Woods,Week5,293.0 Vienna Woods - 109.0 Brandywine
Bren Mar-Edsall Park,Week5,Canterbury Woods,Week4,328.0 Canterbury Woods - 73.0 Bren Mar-Edsall Park
Brandywine,Week2,Village West,Week1,261.0 Brandywine - 141.0 Village West
Brandywine,Week1,Village West,Week5,254.0 Brandywine - 148.0 Village West
Brandywine,Week4,Villa Aquatic,Week4,217.0 Brandywine - 185.0 Villa Aquatic
Brandywine,Week5,Villa Aquatic,Week2,225.0 Brandywine - 177.0 Villa Aquatic
Brandywine,Week3,Village West,Week2,257.0 Brandywine - 145.0 Village West
Brandywine,Week2,Village West,Week2,243.0 Brandywine - 159.0 Village West
Brandywine,Week1,Villa Aquatic,Week1,211.0 Brandywine - 191.0 Villa Aquatic
Brandywine,Week1,Villa Aquatic,Week5,241.0 Villa Aquatic - 161.0 Brandywine
Bren Mar-Edsall Park,Week5,Canterbury Woods,Week5,326.0 Canterbury Woods - 68.0 Bren Mar-Edsall Park
Bren Mar-Edsall Park,Week1,Cardinal Hill,Week4,382.0 Cardinal Hill - 20.0 Bren Mar-Edsall Park
Brandywine,Week3,Village West,Week1,257.0 Brandywine - 144.0 Village West
Brandywine,Week5,North Springfield,Week4,305.0 Brandywine - 86.0 North Springfield
Brandywine,Week1,Bren Mar-Edsall Park,Week3,335.0 Brandywine - 67.0 Bren Mar-Edsall Park
Bren Mar-Edsall Park,Week2,Cardinal Hill,Week5,365.0 Cardinal Hill - 36.0 Bren Mar-Edsall Park
Brandywine,Week5,Villa Aquatic,Week1,244.0 Brandywine - 158.0 Villa Aquatic
Bren Mar-Edsall Park,Week3,Cardinal Hill,Week1,385.0 Cardinal Hill - 17.0 Bren Mar-Edsall Park
Bren Mar-Edsall Park,Week2,Cardinal Hill,Week3,377.0 Cardinal Hill - 25.0 Bren Mar-Edsall Park
Brandywine,Week5,Village West,Week2,286.0 Brandywine - 116.0 Village West
Bren Mar-Edsall Park,Week5,Canterbury Woods,Week2,311.0 Canterbury Woods - 90.0 Bren Mar-Edsall Park
Bren Mar-Edsall Park,Week4,Canterbury Woods,Week4,337.0 Canterbury Woods - 65.0 Bren Mar-Edsall Park
Brandywine,Week2,Villa Aquatic,Week1,214.0 Brandywine - 188.0 Villa Aquatic
Brandywine,Week3,Villa Aquatic,Week2,216.0 Brandywine - 186.0 Villa Aquatic
Bren Mar-Edsall Park,Week1,Cardinal Hill,Week2,375.0 Cardinal Hill - 27.0 Bren Mar-Edsall Park
Brandywine,Week1,Villa Aquatic,Week3,240.0 Villa Aquatic - 162.0 Brandywine
Brandywine,Week5,Villa Aquatic,Week4,228.0 Brandywine - 174.0 Villa Aquatic
Brandywine,Week1,Village West,Week2,252.0 Brandywine - 150.0 Village West
Brandywine,Week4,Vienna Woods,Week4,289.0 Vienna Woods - 113.0 Brandywine
Brandywine,Week2,Oakton ,Week4,265.0 Oakton - 137.0 Brandywine
Brandywine,Week3,Villa Aquatic,Week5,210.0 Villa Aquatic - 192.0 Brandywine
Brandywine,Week4,North Springfield,Week4,307.0 Brandywine - 85.0 North Springfield
Bren Mar-Edsall Park,Week1,Cardinal Hill,Week5,373.0 Cardinal Hill - 28.0 Bren Mar-Edsall Park
Brandywine,Week3,Village West,Week4,242.0 Brandywine - 155.0 Village West
Brandywine,Week3,Village West,Week5,251.0 Brandywine - 142.0 Village West
Brandywine,Week4,Oakton ,Week4,261.0 Oakton - 141.0 Brandywine
Brandywine,Week2,Oakton ,Week5,268.0 Oakton - 134.0 Brandywine
Brandywine,Week5,Oakton ,Week5,262.0 Oakton - 140.0 Brandywine
Brandywine,Week1,Village West,Week1,255.0 Brandywine - 147.0 Village West
Brandywine,Week5,North Springfield,Week5,273.0 Brandywine - 101.0 North Springfield
Brandywine,Week4,Villa Aquatic,Week3,204.0 Villa Aquatic - 198.0 Brandywine
Brandywine,Week1,Oakton ,Week5,295.0 Oakton - 107.0 Brandywine
Brandywine,Week5,Villa Aquatic,Week5,209.0 Brandywine - 193.0 Villa Aquatic
Brandywine,Week3,Oakton ,Week4,263.0 Oakton - 139.0 Brandywine
Brandywine,Week2,Oakton ,Week2,274.0 Oakton - 128.0 Brandywine
Brandywine,Week1,Oakton ,Week2,291.0 Oakton - 111.0 Brandywine
Brandywine,Week4,North Springfield,Week3,306.0 Brandywine - 91.0 North Springfield
Brandywine,Week3,Villa Aquatic,Week4,208.0 Brandywine - 194.0 Villa Aquatic
Brandywine,Week5,North Springfield,Week2,304.0 Brandywine - 84.0 North Springfield
Brandywine,Week4,North Springfield,Week5,271.0 Brandywine - 103.0 North Springfield
Brandywine,Week3,Villa Aquatic,Week3,213.5 Villa Aquatic - 188.5 Brandywine
Brandywine,Week5,Villa Aquatic,Week3,201.0 Brandywine - 201.0 Villa Aquatic
Brandywine,Week4,Villa Aquatic,Week1,233.0 Brandywine - 169.0 Villa Aquatic
Brandywine,Week4,Villa Aquatic,Week5,216.0 Villa Aquatic - 186.0 Brandywine
Brandywine,Week4,North Springfield,Week2,302.0 Brandywine - 86.0 North Springfield
Brandywine,Week1,Village West,Week3,237.0 Brandywine - 165.0 Village West
Brandywine,Week1,Oakton ,Week4,287.0 Oakton - 115.0 Brandywine
Brandywine,Week4,Village West,Week5,276.0 Brandywine - 126.0 Village West
Brandywine,Week1,Virginia Hills,Week2,325.0 Brandywine - 77.0 Virginia Hills
Brandywine,Week4,North Springfield,Week1,289.0 Brandywine - 61.0 North Springfield
Brandywine,Week2,Oakton ,Week1,261.0 Oakton - 141.0 Brandywine
Brandywine,Week5,Virginia Hills,Week5,324.0 Brandywine - 78.0 Virginia Hills
Brandywine,Week2,Village West,Week5,256.0 Brandywine - 146.0 Village West
Brandywine,Week2,Village West,Week3,245.0 Brandywine - 157.0 Village West
Brandywine,Week2,Oakton ,Week3,259.0 Oakton - 143.0 Brandywine
Brandywine,Week5,North Springfield,Week1,294.0 Brandywine - 57.0 North Springfield
Brandywine,Week3,Oakton ,Week1,256.0 Oakton - 146.0 Brandywine
Brandywine,Week5,Village West,Week5,279.0 Brandywine - 123.0 Village West
Brandywine,Week3,Village West,Week3,248.0 Brandywine - 153.0 Village West
Brandywine,Week5,Village West,Week1,286.0 Brandywine - 116.0 Village West
Brandywine,Week1,Oakton ,Week1,277.0 Oakton - 125.0 Brandywine
Brandywine,Week4,Village West,Week2,283.0 Brandywine - 119.0 Village West
Brandywine,Week4,Village West,Week1,268.0 Brandywine - 134.0 Village West
Brandywine,Week3,Oakton ,Week5,256.0 Oakton - 146.0 Brandywine
Brandywine,Week1,Oakton ,Week3,269.0 Oakton - 133.0 Brandywine
Brandywine,Week4,Village West,Week3,268.5 Brandywine - 133.5 Village West
Brandywine,Week4,Village West,Week4,266.0 Brandywine - 131.0 Village West
Brandywine,Week3,Oakton ,Week2,265.0 Oakton - 137.0 Brandywine
Brandywine,Week5,North Springfield,Week3,309.0 Brandywine - 87.0 North Springfield
Brandywine,Week5,Village West,Week4,275.0 Brandywine - 122.0 Village West
Brandywine,Week5,Virginia Hills,Week1,337.0 Brandywine - 65.0 Virginia Hills
Brandywine,Week1,Orange Hunt,Week1,231.0 Orange Hunt - 171.0 Brandywine
Brandywine,Week3,Oakton ,Week3,250.0 Oakton - 142.0 Brandywine
Brandywine,Week4,Hamlet,Week5,289.0 Hamlet - 113.0 Brandywine
Brandywine,Week4,Hamlet,Week2,271.0 Hamlet - 131.0 Brandywine
Brandywine,Week2,Old Keene Mill,Week2,248.0 Brandywine - 154.0 Old Keene Mill
Brandywine,Week5,Hamlet,Week4,236.0 Hamlet - 166.0 Brandywine
Brandywine,Week2,Virginia Hills,Week1,322.0 Brandywine - 79.0 Virginia Hills
Brandywine,Week4,Virginia Hills,Week4,340.0 Brandywine - 62.0 Virginia Hills
Brandywine,Week4,Virginia Hills,Week5,324.0 Brandywine - 78.0 Virginia Hills
Brandywine,Week1,Virginia Hills,Week3,308.0 Brandywine - 94.0 Virginia Hills
Brandywine,Week5,Old Keene Mill,Week1,286.0 Brandywine - 116.0 Old Keene Mill
Brandywine,Week1,Virginia Hills,Week1,313.0 Brandywine - 89.0 Virginia Hills
Brandywine,Week2,Virginia Hills,Week5,301.0 Brandywine - 99.0 Virginia Hills
Brandywine,Week3,Virginia Hills,Week4,322.0 Brandywine - 79.0 Virginia Hills
Brandywine,Week4,Old Keene Mill,Week4,288.0 Brandywine - 114.0 Old Keene Mill
Brandywine,Week2,Virginia Hills,Week2,328.0 Brandywine - 73.0 Virginia Hills
Brandywine,Week5,Old Keene Mill,Week3,268.0 Brandywine - 134.0 Old Keene Mill
Brandywine,Week5,Old Keene Mill,Week5,267.0 Brandywine - 135.0 Old Keene Mill
Brandywine,Week4,Virginia Hills,Week3,337.0 Brandywine - 65.0 Virginia Hills
Brandywine,Week3,Virginia Hills,Week2,321.0 Brandywine - 75.0 Virginia Hills
Brandywine,Week1,Virginia Hills,Week5,305.0 Brandywine - 96.0 Virginia Hills
Brandywine,Week4,Virginia Hills,Week1,332.0 Brandywine - 70.0 Virginia Hills
Brandywine,Week3,Virginia Hills,Week1,313.0 Brandywine - 87.0 Virginia Hills
Brandywine,Week5,Old Keene Mill,Week4,283.0 Brandywine - 119.0 Old Keene Mill
Brandywine,Week1,Old Keene Mill,Week1,247.0 Brandywine - 155.0 Old Keene Mill
Brandywine,Week2,Old Keene Mill,Week4,260.0 Brandywine - 141.0 Old Keene Mill
Brandywine,Week4,Old Keene Mill,Week5,258.0 Brandywine - 144.0 Old Keene Mill
Brandywine,Week5,Oakton ,Week3,240.0 Oakton - 162.0 Brandywine
Brandywine,Week2,Old Keene Mill,Week1,248.0 Brandywine - 153.0 Old Keene Mill
Brandywine,Week5,Village West,Week3,272.0 Brandywine - 130.0 Village West
Brandywine,Week5,Hamlet,Week5,273.0 Hamlet - 129.0 Brandywine
Brandywine,Week5,Oakton ,Week4,264.5 Oakton - 137.5 Brandywine
Brandywine,Week3,Virginia Hills,Week3,310.5 Brandywine - 90.5 Virginia Hills
Brandywine,Week3,Hamlet,Week5,284.5 Hamlet - 117.5 Brandywine
Brandywine,Week1,Orange Hunt,Week3,241.0 Orange Hunt - 161.0 Brandywine
Brandywine,Week5,Virginia Hills,Week4,342.0 Brandywine - 60.0 Virginia Hills
Brandywine,Week3,Old Keene Mill,Week4,267.0 Brandywine - 133.0 Old Keene Mill
Brandywine,Week4,Virginia Hills,Week2,343.0 Brandywine - 59.0 Virginia Hills
Brandywine,Week1,Hamlet,Week1,270.0 Hamlet - 132.0 Brandywine
Brandywine,Week5,Virginia Hills,Week3,335.0 Brandywine - 67.0 Virginia Hills
Brandywine,Week1,Virginia Hills,Week4,324.0 Brandywine - 78.0 Virginia Hills
Brandywine,Week1,Old Keene Mill,Week2,235.0 Brandywine - 167.0 Old Keene Mill
Brandywine,Week3,Hamlet,Week2,278.0 Hamlet - 124.0 Brandywine
Brandywine,Week4,Oakton ,Week5,270.0 Oakton - 132.0 Brandywine
Brandywine,Week1,Orange Hunt,Week4,230.0 Orange Hunt - 172.0 Brandywine
Brandywine,Week2,Virginia Hills,Week3,304.0 Brandywine - 98.0 Virginia Hills
Brandywine,Week1,Orange Hunt,Week2,232.0 Orange Hunt - 170.0 Brandywine
Brandywine,Week2,Virginia Hills,Week4,325.0 Brandywine - 76.0 Virginia Hills
Brandywine,Week3,Virginia Hills,Week5,301.5 Brandywine - 99.5 Virginia Hills
Brandywine,Week5,Virginia Hills,Week2,345.0 Brandywine - 57.0 Virginia Hills
Brandywine,Week4,Old Keene Mill,Week1,276.0 Brandywine - 126.0 Old Keene Mill
Brandywine,Week5,Oakton ,Week2,268.0 Oakton - 134.0 Brandywine
Brandywine,Week4,Oakton ,Week2,278.0 Oakton - 124.0 Brandywine
Brandywine,Week4,Old Keene Mill,Week2,265.0 Brandywine - 137.0 Old Keene Mill
Brandywine,Week1,Wakefield Chapel,Week3,299.0 Wakefield Chapel - 103.0 Brandywine
Brandywine,Week3,Virginia Run,Week2,215.0 Brandywine - 182.0 Virginia Run
Brandywine,Week3,Old Keene Mill,Week2,246.0 Brandywine - 155.0 Old Keene Mill
Brandywine,Week3,Old Keene Mill,Week5,241.0 Brandywine - 161.0 Old Keene Mill
Brandywine,Week1,Hamlet,Week5,297.0 Hamlet - 105.0 Brandywine
Brandywine,Week2,Hamlet,Week4,262.0 Hamlet - 140.0 Brandywine
Brandywine,Week5,Virginia Run,Week3,215.0 Brandywine - 187.0 Virginia Run
Brandywine,Week1,Hamlet,Week4,276.0 Hamlet - 126.0 Brandywine
Brandywine,Week2,Old Keene Mill,Week3,248.0 Brandywine - 154.0 Old Keene Mill
Brandywine,Week1,Old Keene Mill,Week4,253.0 Brandywine - 149.0 Old Keene Mill
Brandywine,Week5,Hamlet,Week3,252.0 Hamlet - 150.0 Brandywine
Brandywine,Week4,Virginia Run,Week2,216.0 Brandywine - 186.0 Virginia Run
Brandywine,Week1,Old Keene Mill,Week5,229.0 Brandywine - 173.0 Old Keene Mill
Brandywine,Week5,Greenbriar,Week1,211.0 Brandywine - 191.0 Greenbriar
Brandywine,Week3,Old Keene Mill,Week1,256.0 Brandywine - 144.0 Old Keene Mill
Brandywine,Week4,Virginia Run,Week4,207.0 Virginia Run - 195.0 Brandywine
Brandywine,Week1,Virginia Run,Week1,244.0 Virginia Run - 158.0 Brandywine
Brandywine,Week2,Old Keene Mill,Week5,232.0 Brandywine - 170.0 Old Keene Mill
Brandywine,Week5,Greenbriar,Week2,212.0 Greenbriar - 190.0 Brandywine
Brandywine,Week1,Old Keene Mill,Week3,243.0 Brandywine - 159.0 Old Keene Mill
Brandywine,Week5,Hamlet,Week1,221.0 Hamlet - 181.0 Brandywine
Brandywine,Week5,Greenbriar,Week3,212.0 Brandywine - 190.0 Greenbriar
Brandywine,Week5,Old Keene Mill,Week2,264.0 Brandywine - 138.0 Old Keene Mill
Brandywine,Week2,Wakefield Chapel,Week1,304.0 Wakefield Chapel - 98.0 Brandywine
Brandywine,Week2,Hamlet,Week2,285.0 Hamlet - 117.0 Brandywine
Brandywine,Week1,Wakefield Chapel,Week2,292.0 Wakefield Chapel - 110.0 Brandywine
Brandywine,Week1,Mantua,Week2,248.0 Mantua - 154.0 Brandywine
Brandywine,Week2,Virginia Run,Week4,220.0 Virginia Run - 182.0 Brandywine
Brandywine,Week3,Wakefield Chapel,Week2,275.0 Wakefield Chapel - 127.0 Brandywine
Brandywine,Week3,Mansion House,Week5,226.0 Mansion House - 176.0 Brandywine
Brandywine,Week4,Mantua,Week3,247.0 Mantua - 155.0 Brandywine
Brandywine,Week4,Greenbriar,Week5,202.0 Brandywine - 200.0 Greenbriar
Brandywine,Week4,Virginia Run,Week1,208.0 Virginia Run - 194.0 Brandywine
Brandywine,Week4,Mansion House,Week3,231.0 Mansion House - 171.0 Brandywine
Brandywine,Week1,Hamlet,Week3,289.0 Hamlet - 113.0 Brandywine
Brandywine,Week1,Virginia Run,Week2,221.0 Virginia Run - 181.0 Brandywine
Brandywine,Week3,Old Keene Mill,Week3,253.0 Brandywine - 149.0 Old Keene Mill
Brandywine,Week3,Hamlet,Week4,253.0 Hamlet - 149.0 Brandywine
Brandywine,Week4,Old Keene Mill,Week3,273.0 Brandywine - 129.0 Old Keene Mill
Brandywine,Week3,Wakefield Chapel,Week4,265.0 Wakefield Chapel - 137.0 Brandywine
Brandywine,Week2,Wakefield Chapel,Week2,288.0 Wakefield Chapel - 114.0 Brandywine
Brandywine,Week4,Hamlet,Week1,251.0 Hamlet - 151.0 Brandywine
Brandywine,Week5,Greenbriar,Week5,220.0 Brandywine - 182.0 Greenbriar
Brandywine,Week4,Mansion House,Week5,234.0 Mansion House - 168.0 Brandywine
Brandywine,Week5,Mansion House,Week1,215.0 Mansion House - 187.0 Brandywine
Brandywine,Week1,Mantua,Week4,246.0 Mantua - 156.0 Brandywine
Brandywine,Week2,Mantua,Week2,240.0 Mantua - 162.0 Brandywine
Brandywine,Week4,Virginia Run,Week3,210.0 Brandywine - 192.0 Virginia Run
Brandywine,Week1,Virginia Run,Week4,226.0 Virginia Run - 176.0 Brandywine
Brandywine,Week5,Hamlet,Week2,270.0 Hamlet - 132.0 Brandywine
Brandywine,Week1,Hamlet,Week2,292.0 Hamlet - 110.0 Brandywine
Brandywine,Week4,Virginia Run,Week5,225.0 Virginia Run - 177.0 Brandywine
Brandywine,Week3,Mantua,Week1,231.5 Mantua - 170.5 Brandywine
Brandywine,Week3,Hayfield Farm,Week3,217.0 Hayfield Farm - 185.0 Brandywine
Brandywine,Week4,Hamlet,Week4,260.0 Hamlet - 142.0 Brandywine
Brandywine,Week2,Hamlet,Week5,292.0 Hamlet - 110.0 Brandywine
Brandywine,Week3,Virginia Run,Week3,207.0 Brandywine - 195.0 Virginia Run
Brandywine,Week3,Virginia Run,Week5,229.0 Virginia Run - 173.0 Brandywine
Brandywine,Week1,Virginia Run,Week5,253.0 Virginia Run - 149.0 Brandywine
Brandywine,Week3,Virginia Run,Week4,204.0 Virginia Run - 198.0 Brandywine
Brandywine,Week2,Virginia Run,Week1,240.0 Virginia Run - 162.0 Brandywine
Brandywine,Week5,Virginia Run,Week1,212.0 Brandywine - 190.0 Virginia Run
Brandywine,Week3,Hamlet,Week3,272.0 Hamlet - 130.0 Brandywine
Brandywine,Week1,Mantua,Week1,251.0 Mantua - 151.0 Brandywine
Brandywine,Week1,Virginia Run,Week3,223.0 Virginia Run - 179.0 Brandywine
Brandywine,Week5,Mansion House,Week3,207.0 Mansion House - 195.0 Brandywine
Brandywine,Week5,Greenbriar,Week4,236.0 Brandywine - 166.0 Greenbriar
Brandywine,Week3,Virginia Run,Week1,212.0 Virginia Run - 190.0 Brandywine
Brandywine,Week2,Virginia Run,Week3,210.0 Virginia Run - 192.0 Brandywine
Brandywine,Week3,Hamlet,Week1,252.0 Hamlet - 145.0 Brandywine
Brandywine,Week2,Virginia Run,Week2,207.0 Brandywine - 195.0 Virginia Run
Brandywine,Week5,Mansion House,Week4,209.0 Brandywine - 193.0 Mansion House
Brandywine,Week2,Mantua,Week4,240.0 Mantua - 162.0 Brandywine
Brandywine,Week5,Mansion House,Week5,225.0 Mansion House - 177.0 Brandywine
Brandywine,Week5,Virginia Run,Week2,221.5 Brandywine - 180.5 Virginia Run
Brandywine,Week2,Hamlet,Week3,278.0 Hamlet - 124.0 Brandywine
Brandywine,Week4,Hamlet,Week3,288.0 Hamlet - 114.0 Brandywine
Brandywine,Week3,Mantua,Week5,261.0 Mantua - 141.0 Brandywine
Brandywine,Week1,Herndon,Week5,297.0 Brandywine - 105.0 Herndon
Brandywine,Week4,Mansion House,Week1,221.0 Mansion House - 181.0 Brandywine
Brandywine,Week3,Mantua,Week3,246.0 Mantua - 156.0 Brandywine
Brandywine,Week4,Hayfield Farm,Week1,216.0 Brandywine - 186.0 Hayfield Farm
Brandywine,Week2,Virginia Run,Week5,238.0 Virginia Run - 164.0 Brandywine
Brandywine,Week2,Mantua,Week1,246.0 Mantua - 156.0 Brandywine
Brandywine,Week2,Hamlet,Week1,269.0 Hamlet - 133.0 Brandywine
Brandywine,Week1,Herndon,Week1,303.0 Brandywine - 99.0 Herndon
Brandywine,Week4,Mantua,Week1,233.0 Mantua - 169.0 Brandywine
Brandywine,Week2,Mantua,Week3,256.0 Mantua - 146.0 Brandywine
Arlington Forest,Week3,Walden Glen,Week3,229.0 Arlington Forest - 173.0 Walden Glen
Brandywine,Week1,Wakefield Chapel,Week1,307.0 Wakefield Chapel - 95.0 Brandywine
Arlington Forest,Week3,Walden Glen,Week2,225.0 Arlington Forest - 177.0 Walden Glen
Brandywine,Week4,Mansion House,Week4,209.0 Brandywine - 193.0 Mansion House
Brandywine,Week3,Hayfield Farm,Week1,213.0 Brandywine - 189.0 Hayfield Farm
Bren Mar-Edsall Park,Week3,Parliament,Week4,327.0 Parliament - 74.0 Bren Mar-Edsall Park
Brandywine,Week5,Hayfield Farm,Week4,221.0 Brandywine - 181.0 Hayfield Farm
Brandywine,Week1,Wakefield Chapel,Week4,289.0 Wakefield Chapel - 113.0 Brandywine
Brandywine,Week5,Virginia Run,Week4,212.0 Brandywine - 190.0 Virginia Run
Arlington Forest,Week2,Walden Glen,Week5,207.0 Arlington Forest - 195.0 Walden Glen
Brandywine,Week2,Hayfield Farm,Week1,208.0 Brandywine - 194.0 Hayfield Farm
Brandywine,Week1,Mantua,Week5,269.0 Mantua - 133.0 Brandywine
Bren Mar-Edsall Park,Week1,Pinecrest,Week1,377.0 Pinecrest - 25.0 Bren Mar-Edsall Park
Bren Mar-Edsall Park,Week5,Parliament,Week3,325.0 Parliament - 76.0 Bren Mar-Edsall Park
Brandywine,Week3,Hayfield Farm,Week2,209.0 Brandywine - 193.0 Hayfield Farm
Brandywine,Week2,Wakefield Chapel,Week5,295.0 Wakefield Chapel - 107.0 Brandywine
Brandywine,Week3,Hayfield Farm,Week5,202.0 Hayfield Farm - 200.0 Brandywine
Brandywine,Week4,Mansion House,Week2,216.0 Mansion House - 186.0 Brandywine
Brandywine,Week2,Hayfield Farm,Week3,216.0 Hayfield Farm - 186.0 Brandywine
Brandywine,Week1,Hayfield Farm,Week1,205.0 Brandywine - 197.0 Hayfield Farm
Brandywine,Week3,Mantua,Week2,228.0 Mantua - 169.0 Brandywine
Brandywine,Week5,Mansion House,Week2,211.0 Brandywine - 191.0 Mansion House
Brandywine,Week2,Mantua,Week5,255.0 Mantua - 147.0 Brandywine
Brandywine,Week2,Wakefield Chapel,Week3,291.0 Wakefield Chapel - 111.0 Brandywine
Brandywine,Week1,Hayfield Farm,Week4,203.0 Brandywine - 199.0 Hayfield Farm
Brandywine,Week2,Hayfield Farm,Week5,214.0 Hayfield Farm - 188.0 Brandywine
Brandywine,Week5,Virginia Run,Week5,214.0 Virginia Run - 188.0 Brandywine
Brandywine,Week2,Wakefield Chapel,Week4,280.0 Wakefield Chapel - 122.0 Brandywine
Brandywine,Week1,Wakefield Chapel,Week5,304.0 Wakefield Chapel - 98.0 Brandywine
Brandywine,Week1,Mantua,Week3,270.0 Mantua - 132.0 Brandywine
Brandywine,Week3,Mantua,Week4,228.0 Mantua - 174.0 Brandywine
Arlington Forest,Week2,Walden Glen,Week4,216.0 Arlington Forest - 181.0 Walden Glen
Brandywine,Week3,McLean,Week2,263.0 McLean - 139.0 Brandywine
Bren Mar-Edsall Park,Week1,Pinecrest,Week5,375.0 Pinecrest - 26.0 Bren Mar-Edsall Park
Brandywine,Week5,Hayfield Farm,Week2,222.0 Brandywine - 180.0 Hayfield Farm
Bren Mar-Edsall Park,Week2,Parliament,Week2,338.0 Parliament - 49.0 Bren Mar-Edsall Park
Brandywine,Week4,McLean,Week1,273.0 McLean - 129.0 Brandywine
Brandywine,Week4,Canterbury Woods,Week2,258.0 Brandywine - 144.0 Canterbury Woods
Brandywine,Week1,Hayfield Farm,Week3,220.0 Hayfield Farm - 177.0 Brandywine
Brandywine,Week4,Mantua,Week4,227.0 Mantua - 175.0 Brandywine
Brandywine,Week4,Wakefield Chapel,Week2,283.0 Wakefield Chapel - 119.0 Brandywine
Arlington Forest,Week3,Walden Glen,Week4,223.0 Arlington Forest - 178.0 Walden Glen
Arlington Forest,Week4,Walden Glen,Week1,296.0 Arlington Forest - 106.0 Walden Glen
Brandywine,Week4,Wakefield Chapel,Week1,289.0 Wakefield Chapel - 113.0 Brandywine
Arlington Forest,Week3,Walden Glen,Week5,207.0 Walden Glen - 194.0 Arlington Forest
Bren Mar-Edsall Park,Week1,Parliament,Week5,328.0 Parliament - 72.0 Bren Mar-Edsall Park
Brandywine,Week4,Hayfield Farm,Week3,210.0 Hayfield Farm - 192.0 Brandywine
Brandywine,Week1,Little Rocky Run,Week5,291.0 Little Rocky Run - 111.0 Brandywine
Brandywine,Week3,Wakefield Chapel,Week5,291.0 Wakefield Chapel - 111.0 Brandywine
Bren Mar-Edsall Park,Week3,Parliament,Week1,320.0 Parliament - 79.0 Bren Mar-Edsall Park
Brandywine,Week3,Wakefield Chapel,Week3,293.0 Wakefield Chapel - 104.0 Brandywine
Bren Mar-Edsall Park,Week1,Parliament,Week2,323.0 Parliament - 75.0 Bren Mar-Edsall Park
Brandywine,Week3,Wakefield Chapel,Week1,293.0 Wakefield Chapel - 109.0 Brandywine
Brandywine,Week4,Mantua,Week2,222.0 Mantua - 180.0 Brandywine
Arlington Forest,Week4,Walden Glen,Week2,272.0 Arlington Forest - 130.0 Walden Glen
Brandywine,Week4,Hayfield Farm,Week2,216.0 Brandywine - 186.0 Hayfield Farm
Arlington Forest,Week2,Walden Glen,Week3,240.0 Arlington Forest - 162.0 Walden Glen
Brandywine,Week4,Hayfield Farm,Week4,205.0 Brandywine - 197.0 Hayfield Farm
Bren Mar-Edsall Park,Week4,Parliament,Week1,311.0 Parliament - 82.0 Bren Mar-Edsall Park
Bren Mar-Edsall Park,Week4,Parliament,Week2,303.0 Parliament - 85.0 Bren Mar-Edsall Park
Brandywine,Week1,Long Branch,Week1,226.0 Brandywine - 176.0 Long Branch
Bren Mar-Edsall Park,Week4,Parliament,Week5,316.0 Parliament - 77.0 Bren Mar-Edsall Park
Brandywine,Week1,Hayfield Farm,Week5,210.0 Brandywine - 192.0 Hayfield Farm
Arlington Forest,Week4,Walden Glen,Week5,247.0 Arlington Forest - 155.0 Walden Glen
Brandywine,Week5,McLean,Week5,241.0 McLean - 161.0 Brandywine
Brandywine,Week5,Hayfield Farm,Week1,229.0 Brandywine - 173.0 Hayfield Farm
Brandywine,Week1,Hayfield Farm,Week2,207.0 Brandywine - 195.0 Hayfield Farm
Bren Mar-Edsall Park,Week3,Parliament,Week5,326.0 Parliament - 74.0 Bren Mar-Edsall Park
Brandywine,Week4,Canterbury Woods,Week1,248.0 Brandywine - 154.0 Canterbury Woods
Brandywine,Week4,Wakefield Chapel,Week4,277.0 Wakefield Chapel - 125.0 Brandywine
Brandywine,Week1,McLean,Week5,281.0 McLean - 121.0 Brandywine
Brandywine,Week1,Little Rocky Run,Week1,266.0 Little Rocky Run - 136.0 Brandywine
Brandywine,Week3,Little Rocky Run,Week5,263.0 Little Rocky Run - 139.0 Brandywine
Arlington Forest,Week5,Walden Glen,Week1,282.0 Arlington Forest - 115.0 Walden Glen
Brandywine,Week5,McLean,Week1,243.0 McLean - 159.0 Brandywine
Brandywine,Week5,Wakefield Chapel,Week2,251.0 Wakefield Chapel - 151.0 Brandywine
Brandywine,Week5,Hayfield Farm,Week3,202.0 Brandywine - 200.0 Hayfield Farm
Brandywine,Week3,Canterbury Woods,Week3,203.0 Brandywine - 199.0 Canterbury Woods
Brandywine,Week1,Cardinal Hill,Week3,291.0 Cardinal Hill - 111.0 Brandywine
Brandywine,Week5,Wakefield Chapel,Week1,265.0 Wakefield Chapel - 137.0 Brandywine
Brandywine,Week3,Little Rocky Run,Week1,244.0 Little Rocky Run - 153.0 Brandywine
Brandywine,Week5,Wakefield Chapel,Week5,264.0 Wakefield Chapel - 138.0 Brandywine
Brandywine,Week1,McLean,Week2,285.0 McLean - 117.0 Brandywine
Brandywine,Week4,Cardinal Hill,Week3,271.0 Cardinal Hill - 131.0 Brandywine
Brandywine,Week2,Hayfield Farm,Week2,211.0 Hayfield Farm - 191.0 Brandywine
Brandywine,Week5,Hayfield Farm,Week5,224.0 Brandywine - 178.0 Hayfield Farm
Brandywine,Week1,Little Rocky Run,Week4,273.0 Little Rocky Run - 129.0 Brandywine
Brandywine,Week2,McLean,Week4,262.0 McLean - 140.0 Brandywine
Brandywine,Week2,Long Branch,Week2,231.0 Brandywine - 171.0 Long Branch
Bren Mar-Edsall Park,Week1,Parliament,Week3,332.0 Parliament - 70.0 Bren Mar-Edsall Park
Bren Mar-Edsall Park,Week2,Parliament,Week4,331.0 Parliament - 61.0 Bren Mar-Edsall Park
Brandywine,Week1,Cardinal Hill,Week1,261.0 Cardinal Hill - 141.0 Brandywine
Arlington Forest,Week3,Walden Glen,Week1,255.0 Arlington Forest - 147.0 Walden Glen
Brandywine,Week3,Cardinal Hill,Week3,259.0 Cardinal Hill - 143.0 Brandywine
Brandywine,Week4,Wakefield Chapel,Week5,292.0 Wakefield Chapel - 110.0 Brandywine
Brandywine,Week2,McLean,Week5,275.0 McLean - 127.0 Brandywine
Arlington Forest,Week4,Walden Glen,Week4,261.0 Arlington Forest - 141.0 Walden Glen
Brandywine,Week5,Wakefield Chapel,Week3,261.0 Wakefield Chapel - 141.0 Brandywine
Arlington Forest,Week4,Walden Glen,Week3,278.0 Arlington Forest - 124.0 Walden Glen
Brandywine,Week4,McLean,Week5,276.0 McLean - 126.0 Brandywine
Bren Mar-Edsall Park,Week5,Parliament,Week5,320.0 Parliament - 74.0 Bren Mar-Edsall Park
Brandywine,Week2,Hayfield Farm,Week4,205.0 Hayfield Farm - 197.0 Brandywine
Brandywine,Week5,Little Rocky Run,Week1,232.0 Little Rocky Run - 170.0 Brandywine
Brandywine,Week5,Canterbury Woods,Week1,263.0 Brandywine - 139.0 Canterbury Woods
Brandywine,Week4,Hayfield Farm,Week5,213.0 Brandywine - 189.0 Hayfield Farm
Arlington Forest,Week5,Walden Glen,Week2,270.0 Arlington Forest - 127.0 Walden Glen
Bren Mar-Edsall Park,Week5,Parliament,Week2,311.5 Parliament - 80.5 Bren Mar-Edsall Park
Brandywine,Week2,Cardinal Hill,Week5,261.0 Cardinal Hill - 141.0 Brandywine
Bren Mar-Edsall Park,Week5,Parliament,Week1,313.0 Parliament - 81.0 Bren Mar-Edsall Park
Brandywine,Week3,Little Rocky Run,Week2,227.0 Little Rocky Run - 175.0 Brandywine
Brandywine,Week1,Mosby Woods,Week3,282.0 Mosby Woods - 120.0 Brandywine
Brandywine,Week3,Hayfield Farm,Week4,206.0 Brandywine - 196.0 Hayfield Farm
Brandywine,Week2,Little Rocky Run,Week1,237.0 Little Rocky Run - 165.0 Brandywine
Brandywine,Week5,McLean,Week4,221.5 McLean - 180.5 Brandywine
Brandywine,Week4,Little Rocky Run,Week3,262.0 Little Rocky Run - 140.0 Brandywine
Brandywine,Week1,Cardinal Hill,Week5,271.0 Cardinal Hill - 131.0 Brandywine
Brandywine,Week4,Mantua,Week5,245.0 Mantua - 157.0 Brandywine
Brandywine,Week4,Wakefield Chapel,Week3,281.0 Wakefield Chapel - 121.0 Brandywine
Brandywine,Week3,Cardinal Hill,Week4,238.0 Cardinal Hill - 164.0 Brandywine
Brandywine,Week3,Little Rocky Run,Week4,248.0 Little Rocky Run - 154.0 Brandywine
Arlington Forest,Week1,Walden Glen,Week1,277.0 Arlington Forest - 125.0 Walden Glen
Brandywine,Week1,Walden Glen,Week2,216.0 Brandywine - 186.0 Walden Glen
Arlington Forest,Week1,Walden Glen,Week3,252.0 Arlington Forest - 150.0 Walden Glen
Brandywine,Week1,Walden Glen,Week3,230.0 Brandywine - 172.0 Walden Glen
Arlington Forest,Week1,Walden Glen,Week2,253.0 Arlington Forest - 149.0 Walden Glen
Brandywine,Week1,Herndon,Week2,296.0 Brandywine - 106.0 Herndon
Brandywine,Week1,Walden Glen,Week1,243.0 Brandywine - 159.0 Walden Glen
Brandywine,Week4,Canterbury Woods,Week3,238.0 Brandywine - 164.0 Canterbury Woods
Arlington Forest,Week5,Wakefield Chapel,Week5,284.0 Wakefield Chapel - 118.0 Arlington Forest
Bren Mar-Edsall Park,Week1,Parliament,Week4,331.0 Parliament - 70.0 Bren Mar-Edsall Park
Brandywine,Week1,Mosby Woods,Week2,292.0 Mosby Woods - 110.0 Brandywine
Brandywine,Week5,Mantua,Week2,207.0 Mantua - 195.0 Brandywine
Bren Mar-Edsall Park,Week1,Parliament,Week1,324.0 Parliament - 76.0 Bren Mar-Edsall Park
Brandywine,Week3,Canterbury Woods,Week4,204.0 Canterbury Woods - 198.0 Brandywine
Bren Mar-Edsall Park,Week2,Parliament,Week3,346.0 Parliament - 54.0 Bren Mar-Edsall Park
Brandywine,Week1,Herndon,Week4,301.0 Brandywine - 101.0 Herndon
Brandywine,Week1,Long Branch,Week2,218.0 Brandywine - 184.0 Long Branch
Arlington Forest,Week5,Wakefield Chapel,Week3,278.0 Wakefield Chapel - 124.0 Arlington Forest
Brandywine,Week1,Cardinal Hill,Week2,251.5 Cardinal Hill - 150.5 Brandywine
Bren Mar-Edsall Park,Week2,Parliament,Week1,325.0 Parliament - 63.0 Bren Mar-Edsall Park
Brandywine,Week2,Cardinal Hill,Week3,293.0 Cardinal Hill - 109.0 Brandywine
Brandywine,Week5,Mantua,Week1,217.0 Mantua - 185.0 Brandywine
Brandywine,Week5,Mantua,Week5,230.0 Mantua - 172.0 Brandywine
Arlington Forest,Week2,Walden Glen,Week1,262.0 Arlington Forest - 135.0 Walden Glen
Brandywine,Week5,Little Rocky Run,Week3,243.0 Little Rocky Run - 159.0 Brandywine
Brandywine,Week2,Herndon,Week1,309.0 Brandywine - 92.0 Herndon
Arlington Forest,Week5,Wakefield Chapel,Week4,250.0 Wakefield Chapel - 152.0 Arlington Forest
Brandywine,Week1,Herndon,Week3,298.0 Brandywine - 104.0 Herndon
Brandywine,Week5,Wakefield Chapel,Week4,248.0 Wakefield Chapel - 154.0 Brandywine
Brandywine,Week2,Herndon,Week2,290.0 Brandywine - 111.0 Herndon
Brandywine,Week5,Canterbury Woods,Week3,243.0 Brandywine - 159.0 Canterbury Woods
Brandywine,Week1,Long Branch,Week4,216.0 Brandywine - 186.0 Long Branch
Arlington Forest,Week1,Walden Glen,Week5,227.5 Arlington Forest - 174.5 Walden Glen
Brandywine,Week1,Little Rocky Run,Week2,269.0 Little Rocky Run - 133.0 Brandywine
Bren Mar-Edsall Park,Week3,Parliament,Week3,333.0 Parliament - 69.0 Bren Mar-Edsall Park
Brandywine,Week2,McLean,Week1,263.0 McLean - 139.0 Brandywine
Brandywine,Week1,McLean,Week1,278.0 McLean - 124.0 Brandywine
Brandywine,Week1,Cardinal Hill,Week4,264.0 Cardinal Hill - 138.0 Brandywine
Bren Mar-Edsall Park,Week5,Parliament,Week4,310.0 Parliament - 86.0 Bren Mar-Edsall Park
Bren Mar-Edsall Park,Week1,Pinecrest,Week2,378.0 Pinecrest - 24.0 Bren Mar-Edsall Park
Bren Mar-Edsall Park,Week1,Pinecrest,Week4,385.0 Pinecrest - 17.0 Bren Mar-Edsall Park
Brandywine,Week2,Cardinal Hill,Week1,267.0 Cardinal Hill - 135.0 Brandywine
Brandywine,Week4,Canterbury Woods,Week4,232.0 Brandywine - 170.0 Canterbury Woods
Bren Mar-Edsall Park,Week1,Pinecrest,Week3,385.0 Pinecrest - 17.0 Bren Mar-Edsall Park
Brandywine,Week3,Hiddenbrook,Week4,229.0 Brandywine - 173.0 Hiddenbrook
Brandywine,Week5,Herndon,Week4,322.0 Brandywine - 80.0 Herndon
Brandywine,Week3,Herndon,Week4,284.0 Brandywine - 116.0 Herndon
Brandywine,Week2,Little Rocky Run,Week5,284.0 Little Rocky Run - 118.0 Brandywine
Bren Mar-Edsall Park,Week4,Parliament,Week3,327.0 Parliament - 74.0 Bren Mar-Edsall Park
Brandywine,Week1,Hiddenbrook,Week1,236.0 Brandywine - 166.0 Hiddenbrook
Brandywine,Week3,Canterbury Woods,Week2,234.0 Brandywine - 167.0 Canterbury Woods
Brandywine,Week2,McLean,Week3,272.5 McLean - 129.5 Brandywine
Brandywine,Week4,Little Rocky Run,Week1,244.0 Little Rocky Run - 158.0 Brandywine
Bren Mar-Edsall Park,Week3,Parliament,Week2,324.0 Parliament - 74.0 Bren Mar-Edsall Park
Brandywine,Week1,McLean,Week3,291.0 McLean - 111.0 Brandywine
Brandywine,Week3,McLean,Week5,266.0 McLean - 136.0 Brandywine
Brandywine,Week4,Little Rocky Run,Week5,278.0 Little Rocky Run - 124.0 Brandywine
Brandywine,Week2,Herndon,Week3,300.0 Brandywine - 101.0 Herndon
Brandywine,Week2,Cardinal Hill,Week2,252.0 Cardinal Hill - 150.0 Brandywine
Brandywine,Week3,McLean,Week1,253.0 McLean - 144.0 Brandywine
Bren Mar-Edsall Park,Week2,Parliament,Week5,331.0 Parliament - 57.0 Bren Mar-Edsall Park
Brandywine,Week5,Mantua,Week3,230.0 Mantua - 172.0 Brandywine
Arlington Forest,Week5,Wakefield Chapel,Week2,256.0 Wakefield Chapel - 146.0 Arlington Forest
Brandywine,Week2,McLean,Week2,266.0 McLean - 136.0 Brandywine
Brandywine,Week4,Little Rocky Run,Week4,262.0 Little Rocky Run - 140.0 Brandywine
Arlington Forest,Week1,Walden Glen,Week4,247.0 Arlington Forest - 155.0 Walden Glen
Bren Mar-Edsall Park,Week4,Parliament,Week4,314.0 Parliament - 79.0 Bren Mar-Edsall Park
Brandywine,Week3,Canterbury Woods,Week1,214.0 Brandywine - 188.0 Canterbury Woods
Brandywine,Week2,Little Rocky Run,Week2,257.0 Little Rocky Run - 145.0 Brandywine
Brandywine,Week3,Little Rocky Run,Week3,245.0 Little Rocky Run - 157.0 Brandywine
Brandywine,Week5,Herndon,Week1,321.0 Brandywine - 81.0 Herndon
Brandywine,Week2,Hiddenbrook,Week4,224.0 Brandywine - 178.0 Hiddenbrook
Brandywine,Week4,Cardinal Hill,Week1,252.0 Cardinal Hill - 150.0 Brandywine
Brandywine,Week2,Little Rocky Run,Week3,269.0 Little Rocky Run - 133.0 Brandywine
Brandywine,Week4,Herndon,Week5,323.0 Brandywine - 79.0 Herndon
Arlington Forest,Week2,Walden Glen,Week2,232.0 Arlington Forest - 165.0 Walden Glen
Brandywine,Week4,Canterbury Woods,Week5,222.0 Brandywine - 180.0 Canterbury Woods
Brandywine,Week5,Mantua,Week4,217.0 Mantua - 185.0 Brandywine
Brandywine,Week4,Little Rocky Run,Week2,250.0 Little Rocky Run - 152.0 Brandywine
Brandywine,Week2,Cardinal Hill,Week4,258.0 Cardinal Hill - 144.0 Brandywine
Brandywine,Week5,Herndon,Week2,319.0 Brandywine - 83.0 Herndon
Brandywine,Week5,Canterbury Woods,Week5,234.0 Brandywine - 167.0 Canterbury Woods
Bren Mar-Edsall Park,Week3,Pinecrest,Week3,386.0 Pinecrest - 16.0 Bren Mar-Edsall Park
Brandywine,Week5,Herndon,Week5,317.0 Brandywine - 85.0 Herndon
Brandywine,Week1,McLean,Week4,273.0 McLean - 129.0 Brandywine
Brandywine,Week4,McLean,Week2,273.0 McLean - 129.0 Brandywine
Bren Mar-Edsall Park,Week3,Pinewood Lake,Week1,276.0 Bren Mar-Edsall Park - 106.0 Pinewood Lake
Brandywine,Week5,Little Rocky Run,Week4,237.0 Little Rocky Run - 165.0 Brandywine
Bren Mar-Edsall Park,Week3,Pinecrest,Week1,377.0 Pinecrest - 25.0 Bren Mar-Edsall Park
Brandywine,Week2,Little Rocky Run,Week4,265.0 Little Rocky Run - 137.0 Brandywine
Brandywine,Week5,Canterbury Woods,Week2,263.0 Brandywine - 139.0 Canterbury Woods
Brandywine,Week5,Little Rocky Run,Week2,235.5 Little Rocky Run - 166.5 Brandywine
Brandywine,Week5,Canterbury Woods,Week4,234.0 Brandywine - 168.0 Canterbury Woods
Brandywine,Week3,Cardinal Hill,Week1,244.0 Cardinal Hill - 158.0 Brandywine
Brandywine,Week2,Hiddenbrook,Week5,221.0 Brandywine - 181.0 Hiddenbrook
Bren Mar-Edsall Park,Week4,Pinecrest,Week3,383.0 Pinecrest - 19.0 Bren Mar-Edsall Park
Bren Mar-Edsall Park,Week2,Pinewood Lake,Week1,245.0 Bren Mar-Edsall Park - 133.0 Pinewood Lake
Brandywine,Week4,Herndon,Week3,317.0 Brandywine - 85.0 Herndon
Bren Mar-Edsall Park,Week4,Pinecrest,Week2,379.0 Pinecrest - 23.0 Bren Mar-Edsall Park
Brandywine,Week5,Little Rocky Run,Week5,261.0 Little Rocky Run - 141.0 Brandywine
Brandywine,Week3,Hiddenbrook,Week3,225.0 Brandywine - 172.0 Hiddenbrook
Brandywine,Week2,Hiddenbrook,Week3,217.0 Brandywine - 185.0 Hiddenbrook
Brandywine,Week4,McLean,Week4,253.0 McLean - 149.0 Brandywine
Brandywine,Week4,McLean,Week3,274.0 McLean - 128.0 Brandywine
Brandywine,Week3,McLean,Week3,270.0 McLean - 132.0 Brandywine
Brandywine,Week1,Long Branch,Week3,235.0 Brandywine - 167.0 Long Branch
Brandywine,Week3,McLean,Week4,248.0 McLean - 154.0 Brandywine
Brandywine,Week1,Little Rocky Run,Week3,277.0 Little Rocky Run - 125.0 Brandywine
Brandywine,Week4,Herndon,Week2,310.0 Brandywine - 92.0 Herndon
Brandywine,Week3,Canterbury Woods,Week5,201.0 Brandywine - 201.0 Canterbury Woods
Bren Mar-Edsall Park,Week4,Pinecrest,Week5,374.0 Pinecrest - 28.0 Bren Mar-Edsall Park
Bren Mar-Edsall Park,Week2,Pinecrest,Week2,386.0 Pinecrest - 16.0 Bren Mar-Edsall Park
Brandywine,Week4,Cardinal Hill,Week2,233.0 Cardinal Hill - 169.0 Brandywine
Brandywine,Week5,McLean,Week3,243.0 McLean - 159.0 Brandywine
Bren Mar-Edsall Park,Week2,Lakeview,Week2,322.0 Lakeview - 79.0 Bren Mar-Edsall Park
Brandywine,Week3,Cardinal Hill,Week5,235.0 Cardinal Hill - 167.0 Brandywine
Brandywine,Week1,Mansion House,Week2,228.0 Mansion House - 174.0 Brandywine
Brandywine,Week5,Long Branch,Week3,262.5 Brandywine - 139.5 Long Branch
Bren Mar-Edsall Park,Week2,Pinecrest,Week5,375.0 Pinecrest - 26.0 Bren Mar-Edsall Park
Brandywine,Week4,Herndon,Week4,304.5 Brandywine - 97.5 Herndon
Brandywine,Week5,Long Branch,Week5,252.0 Brandywine - 150.0 Long Branch
Brandywine,Week1,Mosby Woods,Week1,289.0 Mosby Woods - 113.0 Brandywine
Bren Mar-Edsall Park,Week2,Pinecrest,Week1,383.5 Pinecrest - 18.5 Bren Mar-Edsall Park
Brandywine,Week1,Hiddenbrook,Week3,207.0 Brandywine - 195.0 Hiddenbrook
Brandywine,Week4,Mosby Woods,Week1,274.0 Mosby Woods - 128.0 Brandywine
Brandywine,Week2,Hiddenbrook,Week2,284.0 Brandywine - 114.0 Hiddenbrook
Brandywine,Week1,Mount Vernon Park,Week2,266.0 Mount Vernon Park - 136.0 Brandywine
Brandywine,Week4,Cardinal Hill,Week5,236.0 Cardinal Hill - 166.0 Brandywine
Brandywine,Week4,Cardinal Hill,Week4,239.0 Cardinal Hill - 163.0 Brandywine
Brandywine,Week3,Cardinal Hill,Week2,224.0 Cardinal Hill - 178.0 Brandywine
Brandywine,Week5,McLean,Week2,242.5 McLean - 159.5 Brandywine
Brandywine,Week1,Long Branch,Week5,210.0 Brandywine - 192.0 Long Branch
Bren Mar-Edsall Park,Week5,Pinecrest,Week3,384.0 Pinecrest - 18.0 Bren Mar-Edsall Park
Bren Mar-Edsall Park,Week2,Pinecrest,Week3,388.0 Pinecrest - 14.0 Bren Mar-Edsall Park
Brandywine,Week3,Herndon,Week3,294.0 Brandywine - 101.0 Herndon
Brandywine,Week2,Long Branch,Week1,238.0 Brandywine - 164.0 Long Branch
Bren Mar-Edsall Park,Week5,Lakeview,Week4,300.0 Lakeview - 100.0 Bren Mar-Edsall Park
Brandywine,Week1,Mosby Woods,Week4,275.5 Mosby Woods - 126.5 Brandywine
Brandywine,Week1,Mansion House,Week5,253.0 Mansion House - 149.0 Brandywine
Brandywine,Week4,Mosby Woods,Week3,251.5 Mosby Woods - 150.5 Brandywine
Brandywine,Week2,Herndon,Week4,293.0 Brandywine - 108.0 Herndon
Brandywine,Week5,Cardinal Hill,Week2,202.0 Brandywine - 200.0 Cardinal Hill
Bren Mar-Edsall Park,Week4,Pinecrest,Week1,376.0 Pinecrest - 26.0 Bren Mar-Edsall Park
Bren Mar-Edsall Park,Week3,Pinecrest,Week5,372.0 Pinecrest - 30.0 Bren Mar-Edsall Park
Brandywine,Week4,Herndon,Week1,320.0 Brandywine - 82.0 Herndon
Brandywine,Week5,Cardinal Hill,Week4,223.0 Cardinal Hill - 179.0 Brandywine
Brandywine,Week1,Mansion House,Week1,246.0 Mansion House - 156.0 Brandywine
Brandywine,Week1,Chesterbrook,Week4,348.0 Chesterbrook - 54.0 Brandywine
Brandywine,Week3,Mosby Woods,Week3,247.0 Mosby Woods - 150.0 Brandywine
Brandywine,Week3,Long Branch,Week5,222.0 Brandywine - 180.0 Long Branch
Bren Mar-Edsall Park,Week1,Lakeview,Week2,304.0 Lakeview - 98.0 Bren Mar-Edsall Park
Bren Mar-Edsall Park,Week4,Pinecrest,Week4,383.0 Pinecrest - 19.0 Bren Mar-Edsall Park
Bren Mar-Edsall Park,Week2,Pinecrest,Week4,384.0 Pinecrest - 18.0 Bren Mar-Edsall Park
Bren Mar-Edsall Park,Week5,Pinecrest,Week1,373.0 Pinecrest - 29.0 Bren Mar-Edsall Park
Brandywine,Week3,Mosby Woods,Week1,267.0 Mosby Woods - 135.0 Brandywine
Bren Mar-Edsall Park,Week5,Pinecrest,Week2,378.0 Pinecrest - 24.0 Bren Mar-Edsall Park
Brandywine,Week3,Mansion House,Week3,232.0 Mansion House - 169.0 Brandywine
Brandywine,Week1,Mount Vernon Park,Week5,276.0 Mount Vernon Park - 121.0 Brandywine
Brandywine,Week2,Mount Vernon Park,Week5,280.5 Mount Vernon Park - 121.5 Brandywine
Brandywine,Week3,Herndon,Week1,300.0 Brandywine - 101.0 Herndon
Bren Mar-Edsall Park,Week2,Lakeview,Week3,324.0 Lakeview - 78.0 Bren Mar-Edsall Park
Brandywine,Week2,Chesterbrook,Week1,344.0 Chesterbrook - 58.0 Brandywine
Brandywine,Week5,Long Branch,Week1,257.0 Brandywine - 145.0 Long Branch
Brandywine,Week2,Mansion House,Week1,227.0 Mansion House - 175.0 Brandywine
Brandywine,Week1,Hiddenbrook,Week2,274.5 Brandywine - 121.5 Hiddenbrook
Brandywine,Week5,Herndon,Week3,325.0 Brandywine - 77.0 Herndon
Bren Mar-Edsall Park,Week1,Lakeview,Week4,326.0 Lakeview - 76.0 Bren Mar-Edsall Park
Brandywine,Week1,Hiddenbrook,Week5,201.0 Brandywine - 201.0 Hiddenbrook
Brandywine,Week4,Mosby Woods,Week2,267.0 Mosby Woods - 135.0 Brandywine
Bren Mar-Edsall Park,Week1,Langley,Week3,380.0 Langley - 21.0 Bren Mar-Edsall Park
Bren Mar-Edsall Park,Week2,Lakeview,Week5,313.0 Lakeview - 77.0 Bren Mar-Edsall Park
Brandywine,Week4,Long Branch,Week1,246.0 Brandywine - 156.0 Long Branch
Brandywine,Week1,Chesterbrook,Week2,344.0 Chesterbrook - 58.0 Brandywine
Brandywine,Week1,Chesterbrook,Week1,343.0 Chesterbrook - 59.0 Brandywine
Brandywine,Week1,Hiddenbrook,Week4,217.0 Brandywine - 185.0 Hiddenbrook
Brandywine,Week1,Chesterbrook,Week5,352.0 Chesterbrook - 50.0 Brandywine
Brandywine,Week3,Herndon,Week2,291.0 Brandywine - 110.0 Herndon
Bren Mar-Edsall Park,Week1,Pinewood Lake,Week1,257.0 Bren Mar-Edsall Park - 125.0 Pinewood Lake
Bren Mar-Edsall Park,Week5,Lakeview,Week1,270.0 Lakeview - 126.0 Bren Mar-Edsall Park
Bren Mar-Edsall Park,Week5,Pinecrest,Week5,371.0 Pinecrest - 31.0 Bren Mar-Edsall Park
Bren Mar-Edsall Park,Week3,Lakeview,Week2,302.0 Lakeview - 100.0 Bren Mar-Edsall Park
Brandywine,Week3,Herndon,Week5,294.0 Brandywine - 106.0 Herndon
Bren Mar-Edsall Park,Week5,Pinecrest,Week4,382.0 Pinecrest - 20.0 Bren Mar-Edsall Park
Brandywine,Week2,Mosby Woods,Week1,275.0 Mosby Woods - 127.0 Brandywine
Bren Mar-Edsall Park,Week3,Pinecrest,Week4,381.0 Pinecrest - 21.0 Bren Mar-Edsall Park
Brandywine,Week2,Mount Vernon Park,Week1,256.0 Mount Vernon Park - 146.0 Brandywine
Brandywine,Week5,Mosby Woods,Week1,260.0 Mosby Woods - 142.0 Brandywine
Brandywine,Week2,Hiddenbrook,Week1,248.0 Brandywine - 154.0 Hiddenbrook
Brandywine,Week3,Hiddenbrook,Week2,272.0 Brandywine - 125.0 Hiddenbrook
Brandywine,Week1,Chesterbrook,Week3,367.0 Chesterbrook - 35.0 Brandywine
Brandywine,Week5,Cardinal Hill,Week1,234.0 Cardinal Hill - 168.0 Brandywine
Bren Mar-Edsall Park,Week3,Lakeview,Week5,296.0 Lakeview - 97.0 Bren Mar-Edsall Park
Brandywine,Week3,Mansion House,Week4,212.0 Mansion House - 185.0 Brandywine
Bren Mar-Edsall Park,Week1,Langley,Week2,366.0 Langley - 36.0 Bren Mar-Edsall Park
Brandywine,Week2,Mosby Woods,Week5,271.0 Mosby Woods - 131.0 Brandywine
Brandywine,Week1,Mansion House,Week3,248.5 Mansion House - 153.5 Brandywine
Brandywine,Week2,Herndon,Week5,301.0 Brandywine - 100.0 Herndon
Bren Mar-Edsall Park,Week2,Langley,Week5,370.0 Langley - 31.0 Bren Mar-Edsall Park
Brandywine,Week5,Mosby Woods,Week4,229.0 Mosby Woods - 173.0 Brandywine
Brandywine,Week2,Long Branch,Week4,215.0 Brandywine - 187.0 Long Branch
Brandywine,Week2,Chesterbrook,Week5,350.0 Chesterbrook - 52.0 Brandywine
Brandywine,Week2,Mansion House,Week3,238.0 Mansion House - 164.0 Brandywine
Brandywine,Week5,Mosby Woods,Week2,254.0 Mosby Woods - 148.0 Brandywine
Bren Mar-Edsall Park,Week5,Lakeview,Week2,286.0 Lakeview - 115.0 Bren Mar-Edsall Park
Brandywine,Week3,Long Branch,Week3,237.0 Brandywine - 165.0 Long Branch
Brandywine,Week2,Chesterbrook,Week3,361.0 Chesterbrook - 41.0 Brandywine
Brandywine,Week2,Chesterbrook,Week4,341.0 Chesterbrook - 61.0 Brandywine
Brandywine,Week3,Long Branch,Week1,228.0 Brandywine - 169.0 Long Branch
Bren Mar-Edsall Park,Week3,Pinecrest,Week2,381.0 Pinecrest - 21.0 Bren Mar-Edsall Park
Brandywine,Week3,Hiddenbrook,Week1,253.0 Brandywine - 148.0 Hiddenbrook
Bren Mar-Edsall Park,Week1,Pinewood Lake,Week2,245.0 Bren Mar-Edsall Park - 140.0 Pinewood Lake
Brandywine,Week4,Long Branch,Week2,234.5 Brandywine - 167.5 Long Branch
Brandywine,Week5,Cardinal Hill,Week3,257.0 Cardinal Hill - 145.0 Brandywine
Bren Mar-Edsall Park,Week2,Lakeview,Week1,303.0 Lakeview - 98.0 Bren Mar-Edsall Park
Bren Mar-Edsall Park,Week2,Pinewood Lake,Week2,238.0 Bren Mar-Edsall Park - 142.0 Pinewood Lake
Brandywine,Week5,Mosby Woods,Week3,243.0 Mosby Woods - 159.0 Brandywine
Brandywine,Week4,High Point Pool,Week3,239.0 High Point Pool - 163.0 Brandywine
Brandywine,Week2,Long Branch,Week5,235.0 Brandywine - 167.0 Long Branch
Brandywine,Week3,High Point Pool,Week4,236.0 High Point Pool - 166.0 Brandywine
Brandywine,Week1,High Point Pool,Week4,257.0 High Point Pool - 145.0 Brandywine
Brandywine,Week4,Long Branch,Week3,252.5 Brandywine - 149.5 Long Branch
Brandywine,Week3,Chesterbrook,Week2,338.0 Chesterbrook - 64.0 Brandywine
Bren Mar-Edsall Park,Week1,Lakeview,Week1,294.0 Lakeview - 108.0 Bren Mar-Edsall Park
Bren Mar-Edsall Park,Week1,Pinewood Lake,Week5,243.0 Bren Mar-Edsall Park - 143.0 Pinewood Lake
Bren Mar-Edsall Park,Week3,Lakeview,Week1,277.0 Lakeview - 125.0 Bren Mar-Edsall Park
Bren Mar-Edsall Park,Week1,Pinewood Lake,Week4,243.0 Bren Mar-Edsall Park - 143.0 Pinewood Lake
Brandywine,Week2,Mansion House,Week4,217.0 Mansion House - 185.0 Brandywine
Bren Mar-Edsall Park,Week1,Pinewood Lake,Week3,265.0 Bren Mar-Edsall Park - 119.0 Pinewood Lake
Brandywine,Week3,High Point Pool,Week2,255.0 High Point Pool - 147.0 Brandywine
Brandywine,Week5,Mosby Woods,Week5,241.5 Mosby Woods - 160.5 Brandywine
Bren Mar-Edsall Park,Week1,Lakeview,Week3,313.0 Lakeview - 89.0 Bren Mar-Edsall Park
Brandywine,Week3,Chesterbrook,Week1,331.0 Chesterbrook - 66.0 Brandywine
Brandywine,Week2,Chesterbrook,Week2,343.0 Chesterbrook - 59.0 Brandywine
Brandywine,Week5,Cardinal Hill,Week5,219.0 Cardinal Hill - 183.0 Brandywine
Brandywine,Week1,Mosby Woods,Week5,281.0 Mosby Woods - 121.0 Brandywine
Brandywine,Week3,Mosby Woods,Week5,251.0 Mosby Woods - 151.0 Brandywine
Brandywine,Week2,High Point Pool,Week1,251.0 High Point Pool - 151.0 Brandywine
Bren Mar-Edsall Park,Week4,Lakeview,Week1,272.0 Lakeview - 129.0 Bren Mar-Edsall Park
Bren Mar-Edsall Park,Week2,Pleasant Valley,Week3,307.0 Pleasant Valley - 94.0 Bren Mar-Edsall Park
Bren Mar-Edsall Park,Week1,Lakeview,Week5,303.0 Lakeview - 90.0 Bren Mar-Edsall Park
Brandywine,Week3,Long Branch,Week2,231.5 Brandywine - 170.5 Long Branch
Bren Mar-Edsall Park,Week5,Lakeview,Week3,285.0 Lakeview - 115.0 Bren Mar-Edsall Park
Bren Mar-Edsall Park,Week4,Lakeview,Week4,304.0 Lakeview - 98.0 Bren Mar-Edsall Park
Brandywine,Week4,Long Branch,Week5,237.0 Brandywine - 165.0 Long Branch
Brandywine,Week2,Long Branch,Week3,250.0 Brandywine - 152.0 Long Branch
Brandywine,Week4,High Point Pool,Week1,230.0 High Point Pool - 172.0 Brandywine
Bren Mar-Edsall Park,Week5,Lakevale Estates,Week5,364.0 Lakevale Estates - 38.0 Bren Mar-Edsall Park
Brandywine,Week4,High Point Pool,Week4,236.0 High Point Pool - 166.0 Brandywine
Bren Mar-Edsall Park,Week3,Pinewood Lake,Week4,257.0 Bren Mar-Edsall Park - 130.0 Pinewood Lake
Brandywine,Week2,Mosby Woods,Week2,273.0 Mosby Woods - 129.0 Brandywine
Brandywine,Week1,Mount Vernon Park,Week1,265.0 Mount Vernon Park - 137.0 Brandywine
Brandywine,Week4,Mosby Woods,Week4,248.0 Mosby Woods - 154.0 Brandywine
Bren Mar-Edsall Park,Week4,Lakeview,Week2,281.0 Lakeview - 121.0 Bren Mar-Edsall Park
Brandywine,Week3,Chesterbrook,Week3,359.0 Chesterbrook - 43.0 Brandywine
Brandywine,Week2,Mansion House,Week2,208.0 Mansion House - 194.0 Brandywine
Brandywine,Week4,Long Branch,Week4,235.0 Brandywine - 167.0 Long Branch
Brandywine,Week3,Mosby Woods,Week2,257.0 Mosby Woods - 145.0 Brandywine
Brandywine,Week5,Hiddenbrook,Week1,260.0 Brandywine - 142.0 Hiddenbrook
Brandywine,Week4,Mosby Woods,Week5,254.0 Mosby Woods - 148.0 Brandywine
Bren Mar-Edsall Park,Week3,Pinewood Lake,Week3,277.0 Bren Mar-Edsall Park - 109.0 Pinewood Lake
Brandywine,Week3,Long Branch,Week4,221.0 Brandywine - 181.0 Long Branch
Bren Mar-Edsall Park,Week2,Pinewood Lake,Week4,227.0 Bren Mar-Edsall Park - 159.0 Pinewood Lake
Brandywine,Week5,Long Branch,Week2,256.0 Brandywine - 146.0 Long Branch
Bren Mar-Edsall Park,Week3,Pinewood Lake,Week2,270.0 Bren Mar-Edsall Park - 116.0 Pinewood Lake
Bren Mar-Edsall Park,Week2,Pinewood Lake,Week3,245.0 Bren Mar-Edsall Park - 138.0 Pinewood Lake
Brandywine,Week4,Hiddenbrook,Week3,238.0 Brandywine - 164.0 Hiddenbrook
Brandywine,Week3,Mosby Woods,Week4,241.0 Mosby Woods - 160.0 Brandywine
Brandywine,Week2,Mosby Woods,Week3,262.0 Mosby Woods - 140.0 Brandywine
Brandywine,Week3,Hiddenbrook,Week5,231.0 Brandywine - 171.0 Hiddenbrook
Brandywine,Week1,High Point Pool,Week3,242.0 High Point Pool - 160.0 Brandywine
Bren Mar-Edsall Park,Week2,Pinewood Lake,Week5,222.0 Bren Mar-Edsall Park - 164.0 Pinewood Lake
Brandywine,Week2,High Point Pool,Week5,254.0 High Point Pool - 148.0 Brandywine
Bren Mar-Edsall Park,Week2,Pleasant Valley,Week1,274.0 Pleasant Valley - 124.0 Bren Mar-Edsall Park
Bren Mar-Edsall Park,Week3,Lakeview,Week3,298.5 Lakeview - 103.5 Bren Mar-Edsall Park
Brandywine,Week2,Mosby Woods,Week4,259.0 Mosby Woods - 143.0 Brandywine
Brandywine,Week5,Long Branch,Week4,247.0 Brandywine - 155.0 Long Branch
Bren Mar-Edsall Park,Week3,Lakeview,Week4,317.0 Lakeview - 85.0 Bren Mar-Edsall Park
Bren Mar-Edsall Park,Week5,Pinewood Lake,Week2,244.0 Bren Mar-Edsall Park - 123.0 Pinewood Lake
Bren Mar-Edsall Park,Week2,Lakeview,Week4,334.0 Lakeview - 68.0 Bren Mar-Edsall Park
Brandywine,Week2,Mount Vernon Park,Week2,259.0 Mount Vernon Park - 143.0 Brandywine
Brandywine,Week1,High Point Pool,Week1,250.0 High Point Pool - 152.0 Brandywine
Brandywine,Week2,Mount Vernon Park,Week3,268.0 Mount Vernon Park - 134.0 Brandywine
Bren Mar-Edsall Park,Week3,Pleasant Valley,Week2,256.0 Pleasant Valley - 144.0 Bren Mar-Edsall Park
Bren Mar-Edsall Park,Week5,Pleasant Valley,Week1,248.0 Pleasant Valley - 147.0 Bren Mar-Edsall Park
Brandywine,Week4,Hiddenbrook,Week1,254.0 Brandywine - 148.0 Hiddenbrook
Bren Mar-Edsall Park,Week4,Lakeview,Week5,282.0 Lakeview - 110.0 Bren Mar-Edsall Park
Brandywine,Week3,Mansion House,Week1,231.0 Mansion House - 170.0 Brandywine
Brandywine,Week1,Mansion House,Week4,216.0 Mansion House - 186.0 Brandywine
Bren Mar-Edsall Park,Week1,Pleasant Valley,Week1,283.0 Pleasant Valley - 114.0 Bren Mar-Edsall Park
Brandywine,Week4,Lakeview,Week1,308.0 Brandywine - 94.0 Lakeview
Brandywine,Week1,Mount Vernon Park,Week4,271.0 Mount Vernon Park - 131.0 Brandywine
Brandywine,Week2,Mansion House,Week5,253.0 Mansion House - 149.0 Brandywine
Brandywine,Week5,Hiddenbrook,Week2,300.0 Brandywine - 101.0 Hiddenbrook
Brandywine,Week3,Mansion House,Week2,206.0 Mansion House - 196.0 Brandywine
Brandywine,Week3,Mount Vernon Park,Week5,257.0 Mount Vernon Park - 145.0 Brandywine
Bren Mar-Edsall Park,Week2,Pleasant Valley,Week2,290.0 Pleasant Valley - 108.0 Bren Mar-Edsall Park
Bren Mar-Edsall Park,Week1,Langley,Week4,380.0 Langley - 22.0 Bren Mar-Edsall Park
Brandywine,Week5,Mount Vernon Park,Week2,225.5 Mount Vernon Park - 176.5 Brandywine
Bren Mar-Edsall Park,Week2,Langley,Week1,375.0 Langley - 27.0 Bren Mar-Edsall Park
Brandywine,Week2,Mount Vernon Park,Week4,267.0 Mount Vernon Park - 135.0 Brandywine
Bren Mar-Edsall Park,Week4,Lakeview,Week3,284.0 Lakeview - 118.0 Bren Mar-Edsall Park
Brandywine,Week1,High Point Pool,Week2,262.0 High Point Pool - 140.0 Brandywine
Bren Mar-Edsall Park,Week4,Pleasant Valley,Week4,235.0 Pleasant Valley - 156.0 Bren Mar-Edsall Park
Brandywine,Week5,Hiddenbrook,Week4,240.0 Brandywine - 162.0 Hiddenbrook
Brandywine,Week1,Mount Vernon Park,Week3,274.0 Mount Vernon Park - 128.0 Brandywine
Bren Mar-Edsall Park,Week5,Lakeview,Week5,282.0 Lakeview - 110.0 Bren Mar-Edsall Park
Bren Mar-Edsall Park,Week4,Pleasant Valley,Week2,254.0 Pleasant Valley - 147.0 Bren Mar-Edsall Park
Brandywine,Week2,Lakeview,Week1,274.0 Brandywine - 128.0 Lakeview
Brandywine,Week4,Hiddenbrook,Week5,222.0 Brandywine - 180.0 Hiddenbrook
Bren Mar-Edsall Park,Week1,Langley,Week1,382.0 Langley - 20.0 Bren Mar-Edsall Park
Brandywine,Week4,Hiddenbrook,Week4,225.0 Brandywine - 177.0 Hiddenbrook
Brandywine,Week5,Lakeview,Week4,284.0 Brandywine - 118.0 Lakeview
Bren Mar-Edsall Park,Week1,Langley,Week5,374.0 Langley - 28.0 Bren Mar-Edsall Park
Bren Mar-Edsall Park,Week1,Poplar Heights,Week4,375.0 Poplar Heights - 26.0 Bren Mar-Edsall Park
Bren Mar-Edsall Park,Week4,Pinewood Lake,Week4,274.0 Bren Mar-Edsall Park - 107.0 Pinewood Lake
Bren Mar-Edsall Park,Week1,Pleasant Valley,Week3,308.0 Pleasant Valley - 93.0 Bren Mar-Edsall Park
Bren Mar-Edsall Park,Week5,Langley,Week2,360.0 Langley - 42.0 Bren Mar-Edsall Park
Brandywine,Week2,High Point Pool,Week3,254.0 High Point Pool - 147.0 Brandywine
Bren Mar-Edsall Park,Week2,Pleasant Valley,Week5,273.0 Pleasant Valley - 126.0 Bren Mar-Edsall Park
Brandywine,Week2,High Point Pool,Week4,254.0 High Point Pool - 148.0 Brandywine
Bren Mar-Edsall Park,Week1,Pleasant Valley,Week4,253.0 Pleasant Valley - 137.0 Bren Mar-Edsall Park
Brandywine,Week3,Mount Vernon Park,Week3,248.0 Mount Vernon Park - 154.0 Brandywine
Bren Mar-Edsall Park,Week2,Langley,Week4,379.0 Langley - 23.0 Bren Mar-Edsall Park
Brandywine,Week3,Newington Forest,Week4,255.0 Brandywine - 137.0 Newington Forest
Brandywine,Week5,Daventry,Week2,307.0 Brandywine - 94.0 Daventry
Brandywine,Week5,Mount Vernon Park,Week1,231.5 Mount Vernon Park - 170.5 Brandywine
Brandywine,Week1,High Point Pool,Week5,251.0 High Point Pool - 151.0 Brandywine
Brandywine,Week4,Mount Vernon Park,Week4,252.0 Mount Vernon Park - 150.0 Brandywine
Bren Mar-Edsall Park,Week2,Langley,Week2,369.0 Langley - 32.0 Bren Mar-Edsall Park
Brandywine,Week1,Langley,Week3,267.0 Langley - 135.0 Brandywine
Brandywine,Week2,Daventry,Week1,288.0 Brandywine - 114.0 Daventry
Brandywine,Week2,High Point Pool,Week2,274.0 High Point Pool - 128.0 Brandywine
Brandywine,Week5,Lakeview,Week5,297.0 Brandywine - 96.0 Lakeview
Brandywine,Week3,Daventry,Week2,277.0 Brandywine - 124.0 Daventry
Brandywine,Week1,Lakeview,Week3,265.0 Brandywine - 137.0 Lakeview
Brandywine,Week5,Lakeview,Week2,313.0 Brandywine - 89.0 Lakeview
Brandywine,Week1,Newington Forest,Week4,251.0 Brandywine - 151.0 Newington Forest
Brandywine,Week3,High Point Pool,Week5,234.0 High Point Pool - 168.0 Brandywine
Bren Mar-Edsall Park,Week3,Laurel Hill,Week2,267.0 Laurel Hill - 131.0 Bren Mar-Edsall Park
Bren Mar-Edsall Park,Week5,Langley,Week5,368.0 Langley - 34.0 Bren Mar-Edsall Park
Bren Mar-Edsall Park,Week2,Langley,Week3,378.0 Langley - 24.0 Bren Mar-Edsall Park
Brandywine,Week5,Crosspointe,Week4,255.0 Crosspointe - 147.0 Brandywine
Brandywine,Week4,Lakeview,Week5,280.0 Brandywine - 113.0 Lakeview
Brandywine,Week1,Langley,Week2,262.0 Langley - 140.0 Brandywine
Bren Mar-Edsall Park,Week4,Pinewood Lake,Week2,271.0 Bren Mar-Edsall Park - 105.0 Pinewood Lake
Brandywine,Week3,Langley,Week3,232.0 Langley - 170.0 Brandywine
Brandywine,Week4,High Point Pool,Week2,253.0 High Point Pool - 149.0 Brandywine
Brandywine,Week2,Daventry,Week4,297.0 Brandywine - 105.0 Daventry
Brandywine,Week3,Lakeview,Week3,280.0 Brandywine - 122.0 Lakeview
Brandywine,Week3,Mount Vernon Park,Week1,239.0 Mount Vernon Park - 162.0 Brandywine
Brandywine,Week1,Dominion Hills,Week4,231.0 Dominion Hills - 171.0 Brandywine
Bren Mar-Edsall Park,Week3,Pleasant Valley,Week4,232.0 Pleasant Valley - 159.0 Bren Mar-Edsall Park
Brandywine,Week5,Crosspointe,Week3,247.0 Crosspointe - 155.0 Brandywine
Bren Mar-Edsall Park,Week4,Langley,Week1,378.0 Langley - 24.0 Bren Mar-Edsall Park
Brandywine,Week3,Lakeview,Week5,280.0 Brandywine - 109.0 Lakeview
Brandywine,Week4,Hiddenbrook,Week2,284.0 Brandywine - 118.0 Hiddenbrook
Bren Mar-Edsall Park,Week4,Langley,Week3,378.0 Langley - 24.0 Bren Mar-Edsall Park
Brandywine,Week2,Langley,Week4,267.0 Langley - 135.0 Brandywine
Brandywine,Week3,Daventry,Week3,282.0 Brandywine - 115.0 Daventry
Bren Mar-Edsall Park,Week3,Langley,Week4,368.0 Langley - 34.0 Bren Mar-Edsall Park
Bren Mar-Edsall Park,Week3,Pleasant Valley,Week3,279.0 Pleasant Valley - 123.0 Bren Mar-Edsall Park
Bren Mar-Edsall Park,Week4,Pinewood Lake,Week1,277.0 Bren Mar-Edsall Park - 99.0 Pinewood Lake
Brandywine,Week4,Daventry,Week3,306.0 Brandywine - 96.0 Daventry
Bren Mar-Edsall Park,Week3,Pleasant Valley,Week1,252.0 Pleasant Valley - 148.0 Bren Mar-Edsall Park
Brandywine,Week5,Mount Vernon Park,Week5,243.0 Mount Vernon Park - 159.0 Brandywine
Bren Mar-Edsall Park,Week1,Laurel Hill,Week2,295.0 Laurel Hill - 103.0 Bren Mar-Edsall Park
Bren Mar-Edsall Park,Week5,Pinewood Lake,Week4,234.0 Bren Mar-Edsall Park - 139.0 Pinewood Lake
Brandywine,Week5,Hiddenbrook,Week3,243.0 Brandywine - 159.0 Hiddenbrook
Brandywine,Week4,Mount Vernon Park,Week3,244.0 Mount Vernon Park - 158.0 Brandywine
Brandywine,Week4,Daventry,Week1,303.0 Brandywine - 99.0 Daventry
Brandywine,Week3,Newington Forest,Week3,261.0 Brandywine - 141.0 Newington Forest
Brandywine,Week3,High Point Pool,Week3,235.0 High Point Pool - 166.0 Brandywine
Bren Mar-Edsall Park,Week3,Langley,Week5,368.0 Langley - 34.0 Bren Mar-Edsall Park
Brandywine,Week5,Hiddenbrook,Week5,240.0 Brandywine - 162.0 Hiddenbrook
Brandywine,Week1,Lakeview,Week1,276.0 Brandywine - 126.0 Lakeview
Brandywine,Week4,Mount Vernon Park,Week5,269.0 Mount Vernon Park - 133.0 Brandywine
Brandywine,Week3,Mount Vernon Park,Week2,237.0 Mount Vernon Park - 165.0 Brandywine
Brandywine,Week3,High Point Pool,Week1,236.5 High Point Pool - 160.5 Brandywine
Bren Mar-Edsall Park,Week1,Pleasant Valley,Week2,266.0 Pleasant Valley - 131.0 Bren Mar-Edsall Park
Brandywine,Week3,Annandale,Week1,273.0 Brandywine - 124.0 Annandale
Brandywine,Week2,Daventry,Week5,267.0 Brandywine - 135.0 Daventry
Arlington Forest,Week5,Woodley,Week5,292.0 Arlington Forest - 110.0 Woodley
Bren Mar-Edsall Park,Week5,Pinewood Lake,Week1,254.0 Bren Mar-Edsall Park - 107.0 Pinewood Lake
Brandywine,Week5,High Point Pool,Week2,229.0 High Point Pool - 173.0 Brandywine
Bren Mar-Edsall Park,Week1,Pleasant Valley,Week5,277.0 Pleasant Valley - 116.0 Bren Mar-Edsall Park
Brandywine,Week2,Newington Forest,Week2,249.0 Brandywine - 152.0 Newington Forest
Bren Mar-Edsall Park,Week2,Laurel Hill,Week4,325.0 Laurel Hill - 76.0 Bren Mar-Edsall Park
Brandywine,Week4,High Point Pool,Week5,250.0 High Point Pool - 152.0 Brandywine
Bren Mar-Edsall Park,Week4,Pinewood Lake,Week3,291.0 Bren Mar-Edsall Park - 91.0 Pinewood Lake
Brandywine,Week5,High Point Pool,Week1,215.0 High Point Pool - 187.0 Brandywine
Brandywine,Week4,Mount Vernon Park,Week2,244.0 Mount Vernon Park - 158.0 Brandywine
Brandywine,Week4,Highland Park,Week3,216.0 Brandywine - 186.0 Highland Park
Brandywine,Week3,Langley,Week5,231.0 Langley - 167.0 Brandywine
Brandywine,Week4,Daventry,Week2,292.5 Brandywine - 109.5 Daventry
Bren Mar-Edsall Park,Week4,Pinewood Lake,Week5,268.0 Bren Mar-Edsall Park - 116.0 Pinewood Lake
Brandywine,Week3,Daventry,Week4,280.0 Brandywine - 121.0 Daventry
Bren Mar-Edsall Park,Week3,Pinewood Lake,Week5,259.0 Bren Mar-Edsall Park - 127.0 Pinewood Lake
Bren Mar-Edsall Park,Week5,Langley,Week1,373.0 Langley - 29.0 Bren Mar-Edsall Park
Brandywine,Week2,Lakeview,Week3,258.0 Brandywine - 144.0 Lakeview
Brandywine,Week2,Highland Park,Week4,222.0 Highland Park - 180.0 Brandywine
Brandywine,Week1,Newington Forest,Week3,258.0 Brandywine - 144.0 Newington Forest
Bren Mar-Edsall Park,Week2,Laurel Hill,Week3,326.0 Laurel Hill - 74.0 Bren Mar-Edsall Park
Brandywine,Week1,Lakeview,Week4,247.0 Brandywine - 155.0 Lakeview
Brandywine,Week1,Lakeview,Week2,282.0 Brandywine - 120.0 Lakeview
Brandywine,Week5,Mount Vernon Park,Week3,230.0 Mount Vernon Park - 172.0 Brandywine
Bren Mar-Edsall Park,Week3,Langley,Week2,364.0 Langley - 38.0 Bren Mar-Edsall Park
Brandywine,Week5,Mount Vernon Park,Week4,237.0 Mount Vernon Park - 165.0 Brandywine
Brandywine,Week3,Daventry,Week1,274.0 Brandywine - 122.0 Daventry
Brandywine,Week1,Dominion Hills,Week2,210.0 Dominion Hills - 192.0 Brandywine
Bren Mar-Edsall Park,Week3,Laurel Hill,Week3,314.5 Laurel Hill - 87.5 Bren Mar-Edsall Park
Brandywine,Week2,Lakeview,Week2,283.0 Brandywine - 119.0 Lakeview
Bren Mar-Edsall Park,Week5,Pinewood Lake,Week3,251.0 Bren Mar-Edsall Park - 120.0 Pinewood Lake
Brandywine,Week3,Annandale,Week4,269.0 Brandywine - 129.0 Annandale
Bren Mar-Edsall Park,Week4,Langley,Week5,366.0 Langley - 36.0 Bren Mar-Edsall Park
Brandywine,Week2,Lakeview,Week5,277.0 Brandywine - 116.0 Lakeview
Brandywine,Week4,Daventry,Week5,272.0 Brandywine - 130.0 Daventry
Brandywine,Week5,Highland Park,Week5,230.0 Brandywine - 172.0 Highland Park
Brandywine,Week1,Daventry,Week5,260.0 Brandywine - 142.0 Daventry
Bren Mar-Edsall Park,Week5,Pinewood Lake,Week5,230.0 Bren Mar-Edsall Park - 145.0 Pinewood Lake
Brandywine,Week2,Annandale,Week3,238.0 Brandywine - 164.0 Annandale
Brandywine,Week5,High Point Pool,Week5,223.0 High Point Pool - 179.0 Brandywine
Brandywine,Week4,Mount Vernon Park,Week1,243.0 Mount Vernon Park - 159.0 Brandywine
Brandywine,Week5,Annandale,Week3,275.0 Brandywine - 127.0 Annandale
Bren Mar-Edsall Park,Week4,Langley,Week4,374.0 Langley - 28.0 Bren Mar-Edsall Park
Brandywine,Week3,Mount Vernon Park,Week4,241.0 Mount Vernon Park - 161.0 Brandywine
Brandywine,Week2,Newington Forest,Week3,254.0 Brandywine - 148.0 Newington Forest
Brandywine,Week4,Annandale,Week3,265.0 Brandywine - 137.0 Annandale
Brandywine,Week5,Highland Park,Week3,231.0 Brandywine - 171.0 Highland Park
Brandywine,Week4,Highland Park,Week5,202.0 Brandywine - 200.0 Highland Park
Brandywine,Week2,Newington Forest,Week1,269.0 Brandywine - 132.0 Newington Forest
Brandywine,Week3,Lakeview,Week4,273.0 Brandywine - 128.0 Lakeview
Brandywine,Week3,Lakeview,Week1,283.0 Brandywine - 118.0 Lakeview
Bren Mar-Edsall Park,Week4,Pleasant Valley,Week1,254.0 Pleasant Valley - 147.0 Bren Mar-Edsall Park
Brandywine,Week5,Crosspointe,Week1,258.0 Crosspointe - 144.0 Brandywine
Bren Mar-Edsall Park,Week5,Langley,Week3,374.0 Langley - 28.0 Bren Mar-Edsall Park
Brandywine,Week3,Daventry,Week5,256.0 Brandywine - 142.0 Daventry
Bren Mar-Edsall Park,Week5,Pleasant Valley,Week4,238.0 Pleasant Valley - 144.0 Bren Mar-Edsall Park
Bren Mar-Edsall Park,Week2,Pleasant Valley,Week4,251.0 Pleasant Valley - 137.0 Bren Mar-Edsall Park
Brandywine,Week1,Newington Forest,Week5,238.0 Brandywine - 164.0 Newington Forest
Bren Mar-Edsall Park,Week3,Langley,Week1,379.0 Langley - 23.0 Bren Mar-Edsall Park
Brandywine,Week4,Brookfield ,Week4,202.0 Brandywine - 200.0 Brookfield
Brandywine,Week1,Highlands Swim,Week3,303.0 Highlands Swim - 99.0 Brandywine
Brandywine,Week1,Newington Forest,Week2,257.0 Brandywine - 144.0 Newington Forest
Brandywine,Week4,Lakeview,Week3,285.5 Brandywine - 116.5 Lakeview
Brandywine,Week4,Brookfield ,Week3,215.0 Brandywine - 187.0 Brookfield
Bren Mar-Edsall Park,Week4,Pleasant Valley,Week5,261.0 Pleasant Valley - 137.0 Bren Mar-Edsall Park
Brandywine,Week1,Lakeview,Week5,254.0 Brandywine - 139.0 Lakeview
Brandywine,Week2,Newington Forest,Week4,253.0 Brandywine - 149.0 Newington Forest
Brandywine,Week5,Lakevale Estates,Week5,257.0 Lakevale Estates - 145.0 Brandywine
Brandywine,Week4,Lakeview,Week2,304.0 Brandywine - 98.0 Lakeview
Brandywine,Week1,Annandale,Week3,239.0 Brandywine - 163.0 Annandale
Bren Mar-Edsall Park,Week2,Laurel Hill,Week1,306.0 Laurel Hill - 89.0 Bren Mar-Edsall Park
Brandywine,Week2,Annandale,Week1,261.0 Brandywine - 141.0 Annandale
Brandywine,Week1,Broyhill Crest,Week5,309.0 Brandywine - 93.0 Broyhill Crest
Bren Mar-Edsall Park,Week5,Pleasant Valley,Week5,254.0 Pleasant Valley - 135.0 Bren Mar-Edsall Park
Brandywine,Week2,Broyhill Crest,Week5,307.0 Brandywine - 95.0 Broyhill Crest
Bren Mar-Edsall Park,Week1,Laurel Hill,Week3,331.0 Laurel Hill - 71.0 Bren Mar-Edsall Park
Brandywine,Week5,Crosspointe,Week2,241.0 Crosspointe - 161.0 Brandywine
Bren Mar-Edsall Park,Week3,Langley,Week3,375.0 Langley - 27.0 Bren Mar-Edsall Park
Brandywine,Week2,Lakeview,Week4,259.0 Brandywine - 143.0 Lakeview
Brandywine,Week3,Annandale,Week2,257.0 Brandywine - 145.0 Annandale
Brandywine,Week2,Daventry,Week3,288.0 Brandywine - 113.0 Daventry
Brandywine,Week2,Highland Park,Week5,203.0 Highland Park - 199.0 Brandywine
Brandywine,Week3,Lakeview,Week2,294.0 Brandywine - 107.0 Lakeview
Brandywine,Week2,Highlands Swim,Week2,309.0 Highlands Swim - 93.0 Brandywine
Brandywine,Week4,Annandale,Week2,267.0 Brandywine - 135.0 Annandale
Bren Mar-Edsall Park,Week1,Laurel Hill,Week5,319.0 Laurel Hill - 81.0 Bren Mar-Edsall Park
Brandywine,Week1,Broyhill Crest,Week1,330.0 Brandywine - 71.0 Broyhill Crest
Brandywine,Week2,Newington Forest,Week5,232.0 Brandywine - 170.0 Newington Forest
Brandywine,Week1,Highland Park,Week4,224.0 Highland Park - 178.0 Brandywine
Brandywine,Week4,Daventry,Week4,309.0 Brandywine - 93.0 Daventry
Brandywine,Week3,Annandale,Week3,248.0 Brandywine - 149.0 Annandale
Brandywine,Week1,Newington Forest,Week1,278.0 Brandywine - 124.0 Newington Forest
Bren Mar-Edsall Park,Week4,Pleasant Valley,Week3,281.0 Pleasant Valley - 120.0 Bren Mar-Edsall Park
Bren Mar-Edsall Park,Week3,Pleasant Valley,Week5,254.0 Pleasant Valley - 143.0 Bren Mar-Edsall Park
Brandywine,Week2,Broyhill Crest,Week2,331.0 Brandywine - 70.0 Broyhill Crest
Brandywine,Week1,Daventry,Week4,290.0 Brandywine - 112.0 Daventry
Brandywine,Week1,Highlands Swim,Week4,291.0 Highlands Swim - 111.0 Brandywine
Brandywine,Week5,Crosspointe,Week5,270.0 Crosspointe - 132.0 Brandywine
Brandywine,Week1,Highland Park,Week3,221.0 Highland Park - 181.0 Brandywine
Brandywine,Week2,Annandale,Week2,243.0 Brandywine - 159.0 Annandale
Brandywine,Week3,Newington Forest,Week5,260.0 Brandywine - 142.0 Newington Forest
Bren Mar-Edsall Park,Week2,Laurel Hill,Week2,279.0 Laurel Hill - 111.0 Bren Mar-Edsall Park
Bren Mar-Edsall Park,Week1,Laurel Hill,Week4,330.0 Laurel Hill - 71.0 Bren Mar-Edsall Park
Brandywine,Week5,Annandale,Week5,275.0 Brandywine - 127.0 Annandale
Brandywine,Week2,Daventry,Week2,281.0 Brandywine - 121.0 Daventry
Brandywine,Week3,Newington Forest,Week2,269.0 Brandywine - 133.0 Newington Forest
Brandywine,Week5,High Point Pool,Week4,223.0 High Point Pool - 179.0 Brandywine
Brandywine,Week1,Daventry,Week3,281.0 Brandywine - 116.0 Daventry
Bren Mar-Edsall Park,Week5,Pleasant Valley,Week2,259.0 Pleasant Valley - 135.0 Bren Mar-Edsall Park
Brandywine,Week3,Newington Forest,Week1,272.0 Brandywine - 129.0 Newington Forest
Bren Mar-Edsall Park,Week1,Poplar Heights,Week2,370.0 Poplar Heights - 32.0 Bren Mar-Edsall Park
Brandywine,Week1,Annandale,Week4,270.0 Brandywine - 132.0 Annandale
Brandywine,Week5,Annandale,Week4,294.0 Brandywine - 108.0 Annandale
Brandywine,Week5,Brookfield ,Week3,244.0 Brandywine - 158.0 Brookfield
Bren Mar-Edsall Park,Week5,Pleasant Valley,Week3,282.0 Pleasant Valley - 119.0 Bren Mar-Edsall Park
Brandywine,Week1,Brookfield ,Week5,207.0 Brookfield - 195.0 Brandywine
Brandywine,Week1,Highland Park,Week5,220.0 Highland Park - 182.0 Brandywine
Bren Mar-Edsall Park,Week1,Poplar Heights,Week1,359.0 Poplar Heights - 43.0 Bren Mar-Edsall Park
Brandywine,Week1,Daventry,Week2,284.0 Brandywine - 118.0 Daventry
Brandywine,Week5,Lakeview,Week1,315.0 Brandywine - 87.0 Lakeview
Bren Mar-Edsall Park,Week4,Langley,Week2,364.0 Langley - 37.0 Bren Mar-Edsall Park
Brandywine,Week4,Highland Park,Week2,217.0 Brandywine - 185.0 Highland Park
Brandywine,Week1,Langley,Week1,278.0 Langley - 124.0 Brandywine
Brandywine,Week4,Lakeview,Week4,272.0 Brandywine - 130.0 Lakeview
Brandywine,Week3,Broyhill Crest,Week2,323.0 Brandywine - 75.0 Broyhill Crest
Brandywine,Week1,Daventry,Week1,286.0 Brandywine - 116.0 Daventry
Bren Mar-Edsall Park,Week5,Langley,Week4,371.0 Langley - 31.0 Bren Mar-Edsall Park
Brandywine,Week5,Brookfield ,Week1,217.0 Brandywine - 185.0 Brookfield
Brandywine,Week4,Newington Forest,Week1,280.0 Brandywine - 122.0 Newington Forest
Brandywine,Week5,Lakeview,Week3,302.5 Brandywine - 99.5 Lakeview
Bren Mar-Edsall Park,Week3,Springboard,Week4,306.0 Springboard - 90.0 Bren Mar-Edsall Park
Bren Mar-Edsall Park,Week3,Laurel Hill,Week1,297.0 Laurel Hill - 103.0 Bren Mar-Edsall Park
Brandywine,Week2,Brookfield ,Week3,206.5 Brookfield - 195.5 Brandywine
Bren Mar-Edsall Park,Week1,Laurel Hill,Week1,300.0 Laurel Hill - 95.0 Bren Mar-Edsall Park
Brandywine,Week5,Newington Forest,Week5,268.0 Brandywine - 134.0 Newington Forest
Brandywine,Week2,Langley,Week1,263.5 Langley - 138.5 Brandywine
Brandywine,Week2,Annandale,Week5,248.0 Brandywine - 154.0 Annandale
Bren Mar-Edsall Park,Week2,Laurel Hill,Week5,331.0 Laurel Hill - 70.0 Bren Mar-Edsall Park
Bren Mar-Edsall Park,Week5,South Run,Week2,291.0 South Run - 99.0 Bren Mar-Edsall Park
Brandywine,Week1,Langley,Week4,280.0 Langley - 122.0 Brandywine
Brandywine,Week2,Annandale,Week4,265.0 Brandywine - 137.0 Annandale
Brandywine,Week2,Highland Park,Week2,201.0 Brandywine - 201.0 Highland Park
Brandywine,Week5,Newington Forest,Week4,281.0 Brandywine - 121.0 Newington Forest
Brandywine,Week3,Highland Park,Week5,208.0 Brandywine - 194.0 Highland Park
Brandywine,Week4,Brookfield ,Week1,204.0 Brookfield - 198.0 Brandywine
Brandywine,Week1,Annandale,Week5,260.0 Brandywine - 142.0 Annandale
Brandywine,Week3,Highland Park,Week2,221.0 Brandywine - 181.0 Highland Park
Bren Mar-Edsall Park,Week1,Poplar Heights,Week3,378.0 Poplar Heights - 23.0 Bren Mar-Edsall Park
Bren Mar-Edsall Park,Week1,Poplar Heights,Week5,380.0 Poplar Heights - 21.0 Bren Mar-Edsall Park
Brandywine,Week5,Daventry,Week5,287.0 Brandywine - 115.0 Daventry
Brandywine,Week5,Daventry,Week4,312.5 Brandywine - 89.5 Daventry
Brandywine,Week1,Langley,Week5,260.0 Langley - 142.0 Brandywine
Brandywine,Week4,Newington Forest,Week2,283.0 Brandywine - 119.0 Newington Forest
Brandywine,Week3,Brookfield ,Week1,206.0 Brandywine - 196.0 Brookfield
Brandywine,Week5,Daventry,Week1,308.0 Brandywine - 94.0 Daventry
Brandywine,Week1,North Springfield,Week5,273.0 Brandywine - 100.0 North Springfield
Bren Mar-Edsall Park,Week1,Springboard,Week5,314.0 Springboard - 84.0 Bren Mar-Edsall Park
Brandywine,Week1,Annandale,Week2,257.0 Brandywine - 145.0 Annandale
Brandywine,Week3,Langley,Week1,236.0 Langley - 165.0 Brandywine
Brandywine,Week3,Brookfield ,Week4,201.0 Brandywine - 201.0 Brookfield
Brandywine,Week2,Langley,Week2,254.0 Langley - 148.0 Brandywine
Brandywine,Week2,Brookfield ,Week4,225.5 Brookfield - 176.5 Brandywine
Bren Mar-Edsall Park,Week2,Springboard,Week2,303.0 Springboard - 89.0 Bren Mar-Edsall Park
Bren Mar-Edsall Park,Week5,South Run,Week1,304.0 South Run - 84.0 Bren Mar-Edsall Park
Brandywine,Week2,Highland Park,Week3,211.0 Highland Park - 191.0 Brandywine
Brandywine,Week1,Annandale,Week1,272.0 Brandywine - 125.0 Annandale
Brandywine,Week2,North Springfield,Week3,269.0 Brandywine - 124.0 North Springfield
Brandywine,Week4,Annandale,Week1,277.0 Brandywine - 125.0 Annandale
Brandywine,Week1,Dominion Hills,Week5,236.0 Dominion Hills - 166.0 Brandywine
Brandywine,Week3,Annandale,Week5,256.0 Brandywine - 145.0 Annandale
Brandywine,Week1,North Springfield,Week2,288.0 Brandywine - 95.0 North Springfield
Bren Mar-Edsall Park,Week4,Poplar Heights,Week1,354.0 Poplar Heights - 48.0 Bren Mar-Edsall Park
Brandywine,Week5,Daventry,Week3,320.0 Brandywine - 82.0 Daventry
Brandywine,Week3,North Springfield,Week3,277.0 Brandywine - 114.0 North Springfield
Brandywine,Week1,Highland Park,Week2,220.0 Highland Park - 182.0 Brandywine
Brandywine,Week3,Brookfield ,Week2,214.0 Brandywine - 188.0 Brookfield
Bren Mar-Edsall Park,Week4,Herndon,Week5,267.0 Herndon - 133.0 Bren Mar-Edsall Park
Brandywine,Week3,Highland Park,Week4,204.0 Brandywine - 198.0 Highland Park
Brandywine,Week4,Annandale,Week4,284.0 Brandywine - 118.0 Annandale
Bren Mar-Edsall Park,Week2,Hiddenbrook,Week1,327.0 Hiddenbrook - 74.0 Bren Mar-Edsall Park
Bren Mar-Edsall Park,Week4,Poplar Heights,Week3,368.0 Poplar Heights - 34.0 Bren Mar-Edsall Park
Brandywine,Week3,North Springfield,Week4,286.0 Brandywine - 101.0 North Springfield
Brandywine,Week5,High Point Pool,Week3,218.0 High Point Pool - 184.0 Brandywine
Bren Mar-Edsall Park,Week3,Poplar Heights,Week1,360.0 Poplar Heights - 42.0 Bren Mar-Edsall Park
Bren Mar-Edsall Park,Week4,Herndon,Week3,250.0 Herndon - 145.0 Bren Mar-Edsall Park
Bren Mar-Edsall Park,Week1,Herndon,Week3,281.0 Herndon - 119.0 Bren Mar-Edsall Park
Brandywine,Week2,Dominion Hills,Week4,227.0 Dominion Hills - 175.0 Brandywine
Brandywine,Week2,Langley,Week3,269.0 Langley - 133.0 Brandywine
Brandywine,Week2,Langley,Week5,252.0 Langley - 150.0 Brandywine
Brandywine,Week3,Highland Park,Week1,206.0 Brandywine - 196.0 Highland Park
Bren Mar-Edsall Park,Week2,Poplar Heights,Week5,379.0 Poplar Heights - 22.0 Bren Mar-Edsall Park
Bren Mar-Edsall Park,Week2,Poplar Heights,Week3,377.0 Poplar Heights - 25.0 Bren Mar-Edsall Park
Brandywine,Week2,Brookfield ,Week5,204.0 Brookfield - 198.0 Brandywine
Brandywine,Week1,Dominion Hills,Week3,203.0 Dominion Hills - 199.0 Brandywine
Bren Mar-Edsall Park,Week3,Herndon,Week5,275.0 Herndon - 126.0 Bren Mar-Edsall Park
Brandywine,Week1,Dominion Hills,Week1,208.5 Dominion Hills - 193.5 Brandywine
Bren Mar-Edsall Park,Week1,Springboard,Week2,290.0 Springboard - 108.0 Bren Mar-Edsall Park
Bren Mar-Edsall Park,Week3,Springboard,Week1,307.0 Springboard - 93.0 Bren Mar-Edsall Park
Brandywine,Week4,Brookfield ,Week2,218.0 Brandywine - 184.0 Brookfield
Brandywine,Week4,Annandale,Week5,272.0 Brandywine - 130.0 Annandale
Brandywine,Week3,Langley,Week4,251.0 Langley - 151.0 Brandywine
Bren Mar-Edsall Park,Week3,Herndon,Week1,254.5 Herndon - 144.5 Bren Mar-Edsall Park
Bren Mar-Edsall Park,Week2,Herndon,Week2,274.0 Herndon - 119.0 Bren Mar-Edsall Park
Bren Mar-Edsall Park,Week2,Herndon,Week3,276.0 Herndon - 119.0 Bren Mar-Edsall Park
Bren Mar-Edsall Park,Week5,Poplar Heights,Week1,362.0 Poplar Heights - 40.0 Bren Mar-Edsall Park
Brandywine,Week4,Brookfield ,Week5,208.0 Brandywine - 194.0 Brookfield
Brandywine,Week5,Annandale,Week2,277.5 Brandywine - 124.5 Annandale
Brandywine,Week4,Dominion Hills,Week3,227.0 Brandywine - 175.0 Dominion Hills
Bren Mar-Edsall Park,Week2,Poplar Heights,Week1,370.0 Poplar Heights - 31.0 Bren Mar-Edsall Park
Bren Mar-Edsall Park,Week4,Poplar Heights,Week4,364.0 Poplar Heights - 38.0 Bren Mar-Edsall Park
Brandywine,Week1,Broyhill Crest,Week2,333.0 Brandywine - 68.0 Broyhill Crest
Brandywine,Week1,Highland Park,Week1,226.0 Highland Park - 176.0 Brandywine
Brandywine,Week5,Newington Forest,Week1,298.0 Brandywine - 103.0 Newington Forest
Bren Mar-Edsall Park,Week2,Herndon,Week4,295.0 Herndon - 107.0 Bren Mar-Edsall Park
Brandywine,Week2,Highland Park,Week1,220.0 Highland Park - 182.0 Brandywine
Brandywine,Week3,Dominion Hills,Week5,225.0 Dominion Hills - 172.0 Brandywine
Bren Mar-Edsall Park,Week5,Poplar Heights,Week3,368.0 Poplar Heights - 34.0 Bren Mar-Edsall Park
Brandywine,Week1,Laurel Hill,Week1,256.0 Brandywine - 140.0 Laurel Hill
Brandywine,Week2,Brookfield ,Week1,220.0 Brookfield - 182.0 Brandywine
Bren Mar-Edsall Park,Week2,Springboard,Week5,317.0 Springboard - 79.0 Bren Mar-Edsall Park
Bren Mar-Edsall Park,Week2,Springboard,Week3,328.0 Springboard - 69.0 Bren Mar-Edsall Park
Bren Mar-Edsall Park,Week1,Springboard,Week4,305.0 Springboard - 95.0 Bren Mar-Edsall Park
Brandywine,Week4,Dominion Hills,Week1,228.0 Brandywine - 174.0 Dominion Hills
Brandywine,Week1,North Springfield,Week3,283.0 Brandywine - 113.0 North Springfield
Brandywine,Week5,Annandale,Week1,298.0 Brandywine - 104.0 Annandale
Brandywine,Week4,Dominion Hills,Week2,213.0 Brandywine - 189.0 Dominion Hills
Brandywine,Week5,Langley,Week4,227.0 Langley - 175.0 Brandywine
Brandywine,Week2,North Springfield,Week2,280.0 Brandywine - 107.0 North Springfield
Brandywine,Week3,Langley,Week2,235.0 Langley - 166.0 Brandywine
Brandywine,Week3,Highland Park,Week3,200.0 Brandywine - 197.0 Highland Park
Bren Mar-Edsall Park,Week4,South Run,Week4,309.0 South Run - 85.0 Bren Mar-Edsall Park
Bren Mar-Edsall Park,Week1,Poplar Tree,Week3,367.0 Poplar Tree - 34.0 Bren Mar-Edsall Park
Brandywine,Week5,Brookfield ,Week4,220.0 Brandywine - 182.0 Brookfield
Brandywine,Week3,North Springfield,Week5,254.0 Brandywine - 114.0 North Springfield
Bren Mar-Edsall Park,Week2,Springboard,Week4,324.0 Springboard - 68.0 Bren Mar-Edsall Park
Brandywine,Week5,Brookfield ,Week5,232.0 Brandywine - 170.0 Brookfield
Bren Mar-Edsall Park,Week3,South Run,Week3,335.0 South Run - 67.0 Bren Mar-Edsall Park
Brandywine,Week2,Brookfield ,Week2,208.0 Brookfield - 194.0 Brandywine
Bren Mar-Edsall Park,Week3,Hiddenbrook,Week5,349.0 Hiddenbrook - 53.0 Bren Mar-Edsall Park
Brandywine,Week5,Langley,Week1,224.0 Langley - 178.0 Brandywine
Brandywine,Week4,Highland Park,Week4,202.0 Brandywine - 200.0 Highland Park
Bren Mar-Edsall Park,Week5,South Run,Week4,298.0 South Run - 101.0 Bren Mar-Edsall Park
Bren Mar-Edsall Park,Week5,Poplar Heights,Week4,361.0 Poplar Heights - 41.0 Bren Mar-Edsall Park
Brandywine,Week3,North Springfield,Week1,278.0 Brandywine - 72.0 North Springfield
Brandywine,Week5,Langley,Week5,212.0 Langley - 190.0 Brandywine
Brandywine,Week4,Dominion Hills,Week4,204.5 Dominion Hills - 197.5 Brandywine
Bren Mar-Edsall Park,Week1,Hiddenbrook,Week2,283.0 Hiddenbrook - 115.0 Bren Mar-Edsall Park
Brandywine,Week4,Langley,Week1,252.0 Langley - 150.0 Brandywine
Brandywine,Week1,North Springfield,Week4,291.0 Brandywine - 100.0 North Springfield
Bren Mar-Edsall Park,Week1,Poplar Tree,Week1,357.0 Poplar Tree - 44.0 Bren Mar-Edsall Park
Brandywine,Week2,Dominion Hills,Week1,211.0 Brandywine - 191.0 Dominion Hills
Brandywine,Week4,Highland Park,Week1,202.0 Brandywine - 200.0 Highland Park
Brandywine,Week5,Highland Park,Week1,216.0 Brandywine - 186.0 Highland Park
Brandywine,Week2,Dominion Hills,Week2,208.0 Brandywine - 194.0 Dominion Hills
Bren Mar-Edsall Park,Week1,Hiddenbrook,Week1,320.0 Hiddenbrook - 81.0 Bren Mar-Edsall Park
Brandywine,Week1,Highlands Swim,Week2,310.0 Highlands Swim - 92.0 Brandywine
Brandywine,Week1,Laurel Hill,Week2,269.0 Brandywine - 133.0 Laurel Hill
Brandywine,Week2,North Springfield,Week4,283.0 Brandywine - 105.0 North Springfield
Bren Mar-Edsall Park,Week3,South Run,Week5,330.0 South Run - 72.0 Bren Mar-Edsall Park
Brandywine,Week5,Dominion Hills,Week3,235.0 Brandywine - 167.0 Dominion Hills
Brandywine,Week5,Highland Park,Week4,218.0 Brandywine - 184.0 Highland Park
Bren Mar-Edsall Park,Week2,Poplar Heights,Week2,374.0 Poplar Heights - 26.0 Bren Mar-Edsall Park
Brandywine,Week3,Brookfield ,Week3,223.0 Brandywine - 179.0 Brookfield
Brandywine,Week1,Highlands Swim,Week5,302.0 Highlands Swim - 100.0 Brandywine
Brandywine,Week1,Highlands Swim,Week1,301.0 Highlands Swim - 101.0 Brandywine
Bren Mar-Edsall Park,Week4,South Run,Week5,333.0 South Run - 69.0 Bren Mar-Edsall Park
Brandywine,Week4,Kings Ridge ,Week2,279.0 Brandywine - 123.0 Kings Ridge
Brandywine,Week4,Newington Forest,Week4,264.0 Brandywine - 138.0 Newington Forest
Brandywine,Week4,Newington Forest,Week3,264.0 Brandywine - 138.0 Newington Forest
Brandywine,Week1,Laurel Hill,Week5,230.0 Brandywine - 172.0 Laurel Hill
Brandywine,Week4,Langley,Week4,253.0 Langley - 149.0 Brandywine
Brandywine,Week5,Dominion Hills,Week1,233.0 Brandywine - 169.0 Dominion Hills
Bren Mar-Edsall Park,Week4,South Run,Week3,337.0 South Run - 63.0 Bren Mar-Edsall Park
Brandywine,Week2,North Springfield,Week1,278.0 Brandywine - 72.0 North Springfield
Brandywine,Week5,Highland Park,Week2,228.0 Brandywine - 174.0 Highland Park
Bren Mar-Edsall Park,Week3,Poplar Heights,Week3,375.0 Poplar Heights - 27.0 Bren Mar-Edsall Park
Brandywine,Week3,Brookfield ,Week5,219.0 Brandywine - 183.0 Brookfield
Brandywine,Week2,Laurel Hill,Week1,265.0 Brandywine - 133.0 Laurel Hill
Bren Mar-Edsall Park,Week3,Herndon,Week4,277.0 Herndon - 124.0 Bren Mar-Edsall Park
Brandywine,Week2,Laurel Hill,Week3,243.0 Brandywine - 158.0 Laurel Hill
Bren Mar-Edsall Park,Week1,Poplar Tree,Week2,344.0 Poplar Tree - 58.0 Bren Mar-Edsall Park
Bren Mar-Edsall Park,Week1,Herndon,Week5,283.0 Herndon - 115.0 Bren Mar-Edsall Park
Brandywine,Week1,Broyhill Crest,Week4,331.0 Brandywine - 71.0 Broyhill Crest
Bren Mar-Edsall Park,Week2,Poplar Heights,Week4,372.0 Poplar Heights - 30.0 Bren Mar-Edsall Park
Bren Mar-Edsall Park,Week4,Herndon,Week1,239.0 Herndon - 152.0 Bren Mar-Edsall Park
Brandywine,Week1,North Springfield,Week1,284.0 Brandywine - 67.0 North Springfield
Brandywine,Week2,Dominion Hills,Week5,230.0 Dominion Hills - 172.0 Brandywine
Brandywine,Week1,Broyhill Crest,Week3,337.0 Brandywine - 65.0 Broyhill Crest
Bren Mar-Edsall Park,Week1,Springboard,Week1,303.0 Springboard - 93.0 Bren Mar-Edsall Park
Brandywine,Week5,Dominion Hills,Week2,229.0 Brandywine - 173.0 Dominion Hills
Bren Mar-Edsall Park,Week3,Herndon,Week3,267.0 Herndon - 135.0 Bren Mar-Edsall Park
Brandywine,Week5,Brookfield ,Week2,240.0 Brandywine - 162.0 Brookfield
Bren Mar-Edsall Park,Week3,Herndon,Week2,257.0 Herndon - 143.0 Bren Mar-Edsall Park
Bren Mar-Edsall Park,Week4,Poplar Heights,Week5,372.0 Poplar Heights - 30.0 Bren Mar-Edsall Park
Brandywine,Week3,Dominion Hills,Week3,217.0 Brandywine - 185.0 Dominion Hills
Bren Mar-Edsall Park,Week3,Poplar Heights,Week5,376.0 Poplar Heights - 26.0 Bren Mar-Edsall Park
Brandywine,Week2,Riverside Gardens,Week3,257.0 Riverside Gardens - 145.0 Brandywine
Bren Mar-Edsall Park,Week4,Laurel Hill,Week3,305.0 Laurel Hill - 93.0 Bren Mar-Edsall Park
Bren Mar-Edsall Park,Week4,Crosspointe,Week1,371.0 Crosspointe - 31.0 Bren Mar-Edsall Park
Brandywine,Week3,Riverside Gardens,Week1,226.0 Riverside Gardens - 176.0 Brandywine
Brandywine,Week4,Dominion Hills,Week5,222.0 Dominion Hills - 180.0 Brandywine
Brandywine,Week2,Laurel Hill,Week4,259.0 Brandywine - 143.0 Laurel Hill
Bren Mar-Edsall Park,Week4,South Run,Week2,307.0 South Run - 89.0 Bren Mar-Edsall Park
Brandywine,Week3,Lake Braddock,Week1,279.0 Brandywine - 118.0 Lake Braddock
Brandywine,Week5,Newington Forest,Week2,304.0 Brandywine - 97.0 Newington Forest
Brandywine,Week2,Highlands Swim,Week5,299.0 Highlands Swim - 103.0 Brandywine
Bren Mar-Edsall Park,Week3,Daventry,Week3,269.0 Daventry - 130.0 Bren Mar-Edsall Park
Brandywine,Week2,Broyhill Crest,Week1,319.0 Brandywine - 82.0 Broyhill Crest
Brandywine,Week2,Highlands Swim,Week1,292.0 Highlands Swim - 110.0 Brandywine
Bren Mar-Edsall Park,Week1,Herndon,Week4,292.0 Herndon - 107.0 Bren Mar-Edsall Park
Brandywine,Week1,Laurel Hill,Week4,263.0 Brandywine - 139.0 Laurel Hill
Bren Mar-Edsall Park,Week5,Poplar Heights,Week5,369.0 Poplar Heights - 33.0 Bren Mar-Edsall Park
Bren Mar-Edsall Park,Week5,Laurel Hill,Week2,266.0 Laurel Hill - 120.0 Bren Mar-Edsall Park
Bren Mar-Edsall Park,Week2,Lee Graham,Week5,385.0 Lee Graham - 16.0 Bren Mar-Edsall Park
Brandywine,Week2,Laurel Hill,Week5,244.0 Brandywine - 157.0 Laurel Hill
Brandywine,Week1,Hollin Hills,Week1,278.0 Brandywine - 124.0 Hollin Hills
Bren Mar-Edsall Park,Week2,Herndon,Week1,262.0 Herndon - 128.0 Bren Mar-Edsall Park
Brandywine,Week5,Newington Forest,Week3,287.0 Brandywine - 115.0 Newington Forest
Bren Mar-Edsall Park,Week5,Herndon,Week1,241.0 Herndon - 148.0 Bren Mar-Edsall Park
Bren Mar-Edsall Park,Week3,South Run,Week4,313.0 South Run - 87.0 Bren Mar-Edsall Park
Bren Mar-Edsall Park,Week5,South Run,Week5,322.0 South Run - 80.0 Bren Mar-Edsall Park
Brandywine,Week4,Newington Forest,Week5,241.0 Brandywine - 161.0 Newington Forest
Brandywine,Week2,Lake Braddock,Week3,274.0 Brandywine - 128.0 Lake Braddock
Brandywine,Week3,Dominion Hills,Week1,214.0 Brandywine - 183.0 Dominion Hills
Bren Mar-Edsall Park,Week2,Daventry,Week2,287.0 Daventry - 109.0 Bren Mar-Edsall Park
Brandywine,Week2,Broyhill Crest,Week4,326.0 Brandywine - 76.0 Broyhill Crest
Bren Mar-Edsall Park,Week4,Poplar Heights,Week2,360.0 Poplar Heights - 41.0 Bren Mar-Edsall Park
Brandywine,Week5,Riverside Gardens,Week1,202.5 Riverside Gardens - 199.5 Brandywine
Brandywine,Week3,Kings Ridge ,Week4,251.0 Brandywine - 151.0 Kings Ridge
Brandywine,Week2,Broyhill Crest,Week3,344.0 Brandywine - 57.0 Broyhill Crest
Brandywine,Week4,Kings Ridge ,Week1,285.0 Brandywine - 117.0 Kings Ridge
Bren Mar-Edsall Park,Week3,Poplar Heights,Week2,371.0 Poplar Heights - 31.0 Bren Mar-Edsall Park
Bren Mar-Edsall Park,Week5,Crosspointe,Week3,371.0 Crosspointe - 26.0 Bren Mar-Edsall Park
Brandywine,Week3,Laurel Hill,Week1,257.0 Brandywine - 137.0 Laurel Hill
Brandywine,Week3,Dominion Hills,Week4,212.0 Dominion Hills - 185.0 Brandywine
Brandywine,Week1,Hollin Hills,Week5,273.0 Brandywine - 128.0 Hollin Hills
Bren Mar-Edsall Park,Week3,Poplar Heights,Week4,369.0 Poplar Heights - 33.0 Bren Mar-Edsall Park
Bren Mar-Edsall Park,Week5,Herndon,Week4,264.0 Herndon - 137.0 Bren Mar-Edsall Park
Brandywine,Week1,Riverside Gardens,Week2,252.0 Riverside Gardens - 150.0 Brandywine
Brandywine,Week2,Dominion Hills,Week3,210.0 Brandywine - 192.0 Dominion Hills
Bren Mar-Edsall Park,Week5,Herndon,Week3,248.0 Herndon - 148.0 Bren Mar-Edsall Park
Bren Mar-Edsall Park,Week4,Daventry,Week3,253.0 Daventry - 145.0 Bren Mar-Edsall Park
Bren Mar-Edsall Park,Week5,South Run,Week3,328.0 South Run - 74.0 Bren Mar-Edsall Park
Brandywine,Week2,North Springfield,Week5,261.0 Brandywine - 111.0 North Springfield
Brandywine,Week3,North Springfield,Week2,285.0 Brandywine - 102.0 North Springfield
Brandywine,Week3,Broyhill Crest,Week3,320.0 Brandywine - 81.0 Broyhill Crest
Bren Mar-Edsall Park,Week2,Springboard,Week1,317.0 Springboard - 76.0 Bren Mar-Edsall Park
Bren Mar-Edsall Park,Week4,Daventry,Week2,258.0 Daventry - 141.0 Bren Mar-Edsall Park
Bren Mar-Edsall Park,Week5,Laurel Hill,Week5,313.0 Laurel Hill - 82.0 Bren Mar-Edsall Park
Brandywine,Week2,Hollin Hills,Week1,293.0 Brandywine - 109.0 Hollin Hills
Brandywine,Week3,Broyhill Crest,Week1,316.0 Brandywine - 86.0 Broyhill Crest
Brandywine,Week4,Riverside Gardens,Week3,252.0 Riverside Gardens - 150.0 Brandywine
Brandywine,Week5,Langley,Week3,218.0 Langley - 184.0 Brandywine
Bren Mar-Edsall Park,Week4,Laurel Hill,Week1,281.0 Laurel Hill - 115.0 Bren Mar-Edsall Park
Brandywine,Week4,Lake Braddock,Week1,299.0 Brandywine - 103.0 Lake Braddock
Bren Mar-Edsall Park,Week5,Laurel Hill,Week1,286.0 Laurel Hill - 113.0 Bren Mar-Edsall Park
Brandywine,Week4,Langley,Week2,240.0 Langley - 162.0 Brandywine
Brandywine,Week4,Langley,Week5,234.0 Langley - 168.0 Brandywine
Bren Mar-Edsall Park,Week3,Springboard,Week3,318.0 Springboard - 83.0 Bren Mar-Edsall Park
Bren Mar-Edsall Park,Week1,Springboard,Week3,320.0 Springboard - 78.0 Bren Mar-Edsall Park
Brandywine,Week1,Rolling Forest,Week3,219.0 Rolling Forest - 183.0 Brandywine
Brandywine,Week4,Broyhill Crest,Week1,349.0 Brandywine - 53.0 Broyhill Crest
Brandywine,Week3,Riverside Gardens,Week3,241.0 Riverside Gardens - 161.0 Brandywine
Brandywine,Week4,Langley,Week3,243.0 Langley - 159.0 Brandywine
Brandywine,Week3,Dominion Hills,Week2,208.0 Brandywine - 194.0 Dominion Hills
Brandywine,Week2,Riverside Gardens,Week1,237.0 Riverside Gardens - 165.0 Brandywine
Bren Mar-Edsall Park,Week4,Herndon,Week2,253.0 Herndon - 137.0 Bren Mar-Edsall Park
Bren Mar-Edsall Park,Week5,Daventry,Week2,266.0 Daventry - 133.0 Bren Mar-Edsall Park
Bren Mar-Edsall Park,Week2,Herndon,Week5,289.0 Herndon - 113.0 Bren Mar-Edsall Park
Bren Mar-Edsall Park,Week5,Poplar Tree,Week5,359.0 Poplar Tree - 43.0 Bren Mar-Edsall Park
Bren Mar-Edsall Park,Week3,Springboard,Week2,289.0 Springboard - 112.0 Bren Mar-Edsall Park
Bren Mar-Edsall Park,Week4,Laurel Hill,Week4,311.0 Laurel Hill - 90.0 Bren Mar-Edsall Park
Brandywine,Week1,Lake Braddock,Week3,272.0 Brandywine - 130.0 Lake Braddock
Bren Mar-Edsall Park,Week4,Crosspointe,Week4,379.0 Crosspointe - 22.0 Bren Mar-Edsall Park
Brandywine,Week5,Broyhill Crest,Week1,348.0 Brandywine - 53.0 Broyhill Crest
Brandywine,Week2,Rolling Forest,Week3,210.0 Brandywine - 192.0 Rolling Forest
Brandywine,Week2,Hollin Hills,Week3,280.0 Brandywine - 122.0 Hollin Hills
Bren Mar-Edsall Park,Week5,Laurel Hill,Week4,314.0 Laurel Hill - 85.0 Bren Mar-Edsall Park
Brandywine,Week1,Laurel Hill,Week3,243.0 Brandywine - 158.0 Laurel Hill
Bren Mar-Edsall Park,Week4,South Run,Week1,309.0 South Run - 83.0 Bren Mar-Edsall Park
Bren Mar-Edsall Park,Week5,Herndon,Week5,264.0 Herndon - 136.0 Bren Mar-Edsall Park
Bren Mar-Edsall Park,Week2,Lee Graham,Week3,383.0 Lee Graham - 19.0 Bren Mar-Edsall Park
Bren Mar-Edsall Park,Week1,Daventry,Week2,282.0 Daventry - 114.0 Bren Mar-Edsall Park
Bren Mar-Edsall Park,Week5,Poplar Heights,Week2,365.0 Poplar Heights - 37.0 Bren Mar-Edsall Park
Brandywine,Week2,Hollin Hills,Week2,290.0 Brandywine - 112.0 Hollin Hills
Bren Mar-Edsall Park,Week2,Poplar Tree,Week3,363.0 Poplar Tree - 39.0 Bren Mar-Edsall Park
Brandywine,Week2,Hollin Hills,Week4,286.0 Brandywine - 116.0 Hollin Hills
Brandywine,Week5,Highlands Swim,Week5,290.0 Highlands Swim - 112.0 Brandywine
Bren Mar-Edsall Park,Week5,Herndon,Week2,248.0 Herndon - 145.0 Bren Mar-Edsall Park
Brandywine,Week5,Kings Ridge ,Week4,268.0 Brandywine - 134.0 Kings Ridge
Bren Mar-Edsall Park,Week4,Poplar Tree,Week5,363.0 Poplar Tree - 38.0 Bren Mar-Edsall Park
Brandywine,Week4,Broyhill Crest,Week2,349.0 Brandywine - 53.0 Broyhill Crest
Brandywine,Week4,Lake Braddock,Week4,298.0 Brandywine - 104.0 Lake Braddock
Brandywine,Week4,Broyhill Crest,Week5,334.0 Brandywine - 68.0 Broyhill Crest
Brandywine,Week2,Hollin Hills,Week5,283.0 Brandywine - 118.0 Hollin Hills
Bren Mar-Edsall Park,Week1,Hiddenbrook,Week4,330.0 Hiddenbrook - 71.0 Bren Mar-Edsall Park
Bren Mar-Edsall Park,Week3,Laurel Hill,Week5,313.0 Laurel Hill - 83.0 Bren Mar-Edsall Park
Bren Mar-Edsall Park,Week4,Herndon,Week4,266.0 Herndon - 134.0 Bren Mar-Edsall Park
Brandywine,Week5,Broyhill Crest,Week2,352.5 Brandywine - 48.5 Broyhill Crest
Brandywine,Week4,Kings Ridge ,Week5,270.5 Brandywine - 131.5 Kings Ridge
Brandywine,Week3,Hollin Hills,Week1,283.0 Brandywine - 117.0 Hollin Hills
Brandywine,Week1,Rolling Forest,Week4,201.0 Brandywine - 201.0 Rolling Forest
Brandywine,Week3,Laurel Hill,Week2,269.0 Brandywine - 124.0 Laurel Hill
Brandywine,Week1,Riverside Gardens,Week4,278.0 Riverside Gardens - 124.0 Brandywine
Brandywine,Week3,Highlands Swim,Week1,290.0 Highlands Swim - 112.0 Brandywine
Brandywine,Week2,Laurel Hill,Week2,262.0 Brandywine - 140.0 Laurel Hill
Bren Mar-Edsall Park,Week2,Springfield,Week2,223.0 Bren Mar-Edsall Park - 152.0 Springfield
Bren Mar-Edsall Park,Week2,Ravensworth Farm,Week3,364.0 Ravensworth Farm - 37.0 Bren Mar-Edsall Park
Bren Mar-Edsall Park,Week4,Laurel Hill,Week5,312.0 Laurel Hill - 89.0 Bren Mar-Edsall Park
Brandywine,Week3,Laurel Hill,Week3,261.0 Brandywine - 137.0 Laurel Hill
Bren Mar-Edsall Park,Week1,Dominion Hills,Week1,369.0 Dominion Hills - 33.0 Bren Mar-Edsall Park
Bren Mar-Edsall Park,Week2,Springfield,Week4,199.0 Springfield - 183.0 Bren Mar-Edsall Park
Brandywine,Week2,Highlands Swim,Week3,299.0 Highlands Swim - 103.0 Brandywine
Brandywine,Week5,Riverside Gardens,Week5,241.0 Riverside Gardens - 161.0 Brandywine
Bren Mar-Edsall Park,Week5,Lee Graham,Week3,378.0 Lee Graham - 24.0 Bren Mar-Edsall Park
Brandywine,Week3,Broyhill Crest,Week5,307.0 Brandywine - 95.0 Broyhill Crest
Bren Mar-Edsall Park,Week5,Poplar Tree,Week3,352.0 Poplar Tree - 50.0 Bren Mar-Edsall Park
Brandywine,Week4,Kings Ridge ,Week4,274.0 Brandywine - 128.0 Kings Ridge
Brandywine,Week1,Riverside Gardens,Week1,259.0 Riverside Gardens - 143.0 Brandywine
Bren Mar-Edsall Park,Week4,Crosspointe,Week3,370.0 Crosspointe - 32.0 Bren Mar-Edsall Park
Bren Mar-Edsall Park,Week5,Springboard,Week5,308.0 Springboard - 92.0 Bren Mar-Edsall Park
Bren Mar-Edsall Park,Week1,Lee Graham,Week1,376.0 Lee Graham - 26.0 Bren Mar-Edsall Park
Bren Mar-Edsall Park,Week3,Springfield,Week2,259.0 Bren Mar-Edsall Park - 128.0 Springfield
Bren Mar-Edsall Park,Week2,Daventry,Week3,281.0 Daventry - 117.0 Bren Mar-Edsall Park
Brandywine,Week3,Kings Ridge ,Week3,256.0 Brandywine - 144.0 Kings Ridge
Bren Mar-Edsall Park,Week1,Hiddenbrook,Week3,331.0 Hiddenbrook - 70.0 Bren Mar-Edsall Park
Bren Mar-Edsall Park,Week1,Daventry,Week1,271.0 Daventry - 128.0 Bren Mar-Edsall Park
Brandywine,Week3,Kings Ridge ,Week5,252.0 Brandywine - 150.0 Kings Ridge
Brandywine,Week5,Broyhill Crest,Week4,346.0 Brandywine - 56.0 Broyhill Crest
Bren Mar-Edsall Park,Week3,Poplar Tree,Week2,334.0 Poplar Tree - 68.0 Bren Mar-Edsall Park
Bren Mar-Edsall Park,Week3,Poplar Tree,Week4,343.0 Poplar Tree - 59.0 Bren Mar-Edsall Park
Brandywine,Week5,Langley,Week2,216.0 Langley - 186.0 Brandywine
Brandywine,Week4,Broyhill Crest,Week4,356.0 Brandywine - 46.0 Broyhill Crest
Bren Mar-Edsall Park,Week1,Lincolnia Park,Week3,301.0 Lincolnia Park - 89.0 Bren Mar-Edsall Park
Bren Mar-Edsall Park,Week2,Hiddenbrook,Week4,340.0 Hiddenbrook - 62.0 Bren Mar-Edsall Park
Bren Mar-Edsall Park,Week3,Poplar Tree,Week3,359.0 Poplar Tree - 43.0 Bren Mar-Edsall Park
Brandywine,Week4,Kings Ridge ,Week3,274.0 Brandywine - 127.0 Kings Ridge
Brandywine,Week5,Broyhill Crest,Week5,332.0 Brandywine - 70.0 Broyhill Crest
Bren Mar-Edsall Park,Week4,Springfield,Week2,253.0 Bren Mar-Edsall Park - 125.0 Springfield
Brandywine,Week5,Highlands Swim,Week4,271.5 Highlands Swim - 130.5 Brandywine
Brandywine,Week2,Rolling Forest,Week2,223.0 Brandywine - 179.0 Rolling Forest
Brandywine,Week1,Lee Graham,Week3,290.0 Lee Graham - 112.0 Brandywine
Bren Mar-Edsall Park,Week4,Crosspointe,Week2,376.0 Crosspointe - 26.0 Bren Mar-Edsall Park
Bren Mar-Edsall Park,Week1,Springfield,Week5,245.5 Bren Mar-Edsall Park - 140.5 Springfield
Bren Mar-Edsall Park,Week1,Lee Graham,Week2,382.0 Lee Graham - 20.0 Bren Mar-Edsall Park
Brandywine,Week1,Burke Station,Week3,247.0 Brandywine - 150.0 Burke Station
Bren Mar-Edsall Park,Week1,Hiddenbrook,Week5,345.0 Hiddenbrook - 57.0 Bren Mar-Edsall Park
Bren Mar-Edsall Park,Week2,Hiddenbrook,Week2,287.0 Hiddenbrook - 108.0 Bren Mar-Edsall Park
Brandywine,Week1,Hollin Hills,Week2,280.0 Brandywine - 122.0 Hollin Hills
Brandywine,Week5,Laurel Hill,Week1,285.0 Brandywine - 116.0 Laurel Hill
Brandywine,Week3,Kings Ridge ,Week2,259.0 Brandywine - 143.0 Kings Ridge
Brandywine,Week3,Rolling Forest,Week4,212.0 Brandywine - 190.0 Rolling Forest
Brandywine,Week5,Kings Ridge ,Week3,285.0 Brandywine - 117.0 Kings Ridge
Bren Mar-Edsall Park,Week5,Crosspointe,Week2,374.0 Crosspointe - 28.0 Bren Mar-Edsall Park
Bren Mar-Edsall Park,Week4,Poplar Tree,Week1,345.0 Poplar Tree - 57.0 Bren Mar-Edsall Park
Bren Mar-Edsall Park,Week3,Lee Graham,Week1,368.0 Lee Graham - 34.0 Bren Mar-Edsall Park
Brandywine,Week2,Lake Braddock,Week1,279.0 Brandywine - 123.0 Lake Braddock
Bren Mar-Edsall Park,Week1,Poplar Tree,Week4,342.0 Poplar Tree - 58.0 Bren Mar-Edsall Park
Bren Mar-Edsall Park,Week1,Daventry,Week3,273.0 Daventry - 125.0 Bren Mar-Edsall Park
Brandywine,Week5,Laurel Hill,Week3,285.0 Brandywine - 117.0 Laurel Hill
Brandywine,Week1,Burke Station,Week5,240.0 Brandywine - 162.0 Burke Station
Brandywine,Week3,Broyhill Crest,Week4,316.0 Brandywine - 86.0 Broyhill Crest
Bren Mar-Edsall Park,Week2,Hiddenbrook,Week5,353.0 Hiddenbrook - 49.0 Bren Mar-Edsall Park
Bren Mar-Edsall Park,Week5,Poplar Tree,Week1,346.0 Poplar Tree - 56.0 Bren Mar-Edsall Park
Bren Mar-Edsall Park,Week5,Springfield,Week1,215.0 Bren Mar-Edsall Park - 155.0 Springfield
Bren Mar-Edsall Park,Week1,Springfield,Week4,200.0 Bren Mar-Edsall Park - 188.0 Springfield
Bren Mar-Edsall Park,Week3,Hiddenbrook,Week3,329.0 Hiddenbrook - 73.0 Bren Mar-Edsall Park
Bren Mar-Edsall Park,Week2,Daventry,Week5,289.0 Daventry - 104.0 Bren Mar-Edsall Park
Bren Mar-Edsall Park,Week2,Ravensworth Farm,Week2,361.0 Ravensworth Farm - 41.0 Bren Mar-Edsall Park
Bren Mar-Edsall Park,Week3,Hiddenbrook,Week1,321.0 Hiddenbrook - 81.0 Bren Mar-Edsall Park
Bren Mar-Edsall Park,Week2,Ravensworth Farm,Week1,375.0 Ravensworth Farm - 26.0 Bren Mar-Edsall Park
Bren Mar-Edsall Park,Week1,Daventry,Week5,287.0 Daventry - 112.0 Bren Mar-Edsall Park
Brandywine,Week4,Lee Graham,Week4,256.0 Lee Graham - 146.0 Brandywine
Bren Mar-Edsall Park,Week2,Hiddenbrook,Week3,330.0 Hiddenbrook - 72.0 Bren Mar-Edsall Park
Brandywine,Week2,Riverside Gardens,Week2,226.0 Riverside Gardens - 176.0 Brandywine
Bren Mar-Edsall Park,Week5,Crosspointe,Week5,376.0 Crosspointe - 26.0 Bren Mar-Edsall Park
Bren Mar-Edsall Park,Week2,Lee Graham,Week1,375.0 Lee Graham - 26.0 Bren Mar-Edsall Park
Brandywine,Week3,Highlands Swim,Week2,292.0 Highlands Swim - 109.0 Brandywine
Brandywine,Week1,Lee Graham,Week4,278.0 Lee Graham - 124.0 Brandywine
Brandywine,Week1,Lake Braddock,Week2,274.0 Brandywine - 128.0 Lake Braddock
Brandywine,Week2,Highlands Swim,Week4,289.0 Highlands Swim - 113.0 Brandywine
Brandywine,Week1,Burke Station,Week4,266.0 Brandywine - 136.0 Burke Station
Bren Mar-Edsall Park,Week4,Laurel Hill,Week2,265.0 Laurel Hill - 127.0 Bren Mar-Edsall Park
Brandywine,Week1,Lake Braddock,Week4,270.0 Brandywine - 132.0 Lake Braddock
Brandywine,Week1,Burke Station,Week1,235.0 Brandywine - 144.0 Burke Station
Brandywine,Week3,Riverside Gardens,Week5,245.0 Riverside Gardens - 157.0 Brandywine
Bren Mar-Edsall Park,Week1,Lee Graham,Week3,381.0 Lee Graham - 21.0 Bren Mar-Edsall Park
Brandywine,Week5,Laurel Hill,Week4,287.0 Brandywine - 115.0 Laurel Hill
Bren Mar-Edsall Park,Week5,Springboard,Week2,277.0 Springboard - 119.0 Bren Mar-Edsall Park
Brandywine,Week3,Riverside Gardens,Week2,217.0 Riverside Gardens - 185.0 Brandywine
Brandywine,Week1,Hollin Hills,Week3,283.0 Brandywine - 119.0 Hollin Hills
Bren Mar-Edsall Park,Week4,Springfield,Week4,220.0 Bren Mar-Edsall Park - 163.0 Springfield
Brandywine,Week2,Riverside Gardens,Week4,271.0 Riverside Gardens - 131.0 Brandywine
Brandywine,Week4,Highlands Swim,Week2,300.0 Highlands Swim - 102.0 Brandywine
Brandywine,Week5,Lee Graham,Week1,240.0 Lee Graham - 162.0 Brandywine
Brandywine,Week3,Highlands Swim,Week5,293.0 Highlands Swim - 109.0 Brandywine
Bren Mar-Edsall Park,Week1,Lee Graham,Week5,389.0 Lee Graham - 13.0 Bren Mar-Edsall Park
Bren Mar-Edsall Park,Week2,Lee Graham,Week2,385.0 Lee Graham - 17.0 Bren Mar-Edsall Park
Brandywine,Week4,Highlands Swim,Week3,288.0 Highlands Swim - 114.0 Brandywine
Bren Mar-Edsall Park,Week4,Crosspointe,Week5,381.0 Crosspointe - 21.0 Bren Mar-Edsall Park
Bren Mar-Edsall Park,Week1,High Point Pool,Week4,376.0 High Point Pool - 26.0 Bren Mar-Edsall Park
Brandywine,Week2,Burke Station,Week2,264.0 Brandywine - 138.0 Burke Station
Brandywine,Week3,Kings Ridge ,Week1,261.0 Brandywine - 141.0 Kings Ridge
Brandywine,Week5,Ravensworth Farm,Week5,219.0 Ravensworth Farm - 183.0 Brandywine
Brandywine,Week4,Riverside Gardens,Week2,226.0 Riverside Gardens - 176.0 Brandywine
Bren Mar-Edsall Park,Week2,Daventry,Week1,280.0 Daventry - 118.0 Bren Mar-Edsall Park
Bren Mar-Edsall Park,Week3,Hiddenbrook,Week2,281.0 Hiddenbrook - 120.0 Bren Mar-Edsall Park
Bren Mar-Edsall Park,Week2,Poplar Tree,Week5,372.0 Poplar Tree - 30.0 Bren Mar-Edsall Park
Brandywine,Week4,Broyhill Crest,Week3,358.0 Brandywine - 44.0 Broyhill Crest
Bren Mar-Edsall Park,Week1,Poplar Tree,Week5,368.0 Poplar Tree - 33.0 Bren Mar-Edsall Park
Brandywine,Week5,Kings Ridge ,Week1,300.0 Brandywine - 102.0 Kings Ridge
Bren Mar-Edsall Park,Week5,Crosspointe,Week1,379.0 Crosspointe - 23.0 Bren Mar-Edsall Park
Brandywine,Week1,Riverside Gardens,Week3,281.0 Riverside Gardens - 121.0 Brandywine
Bren Mar-Edsall Park,Week3,Springboard,Week5,318.0 Springboard - 83.0 Bren Mar-Edsall Park
Brandywine,Week1,Lake Braddock,Week1,277.0 Brandywine - 125.0 Lake Braddock
Bren Mar-Edsall Park,Week3,Hiddenbrook,Week4,327.0 Hiddenbrook - 75.0 Bren Mar-Edsall Park
Brandywine,Week4,Highlands Swim,Week4,281.0 Highlands Swim - 121.0 Brandywine
Brandywine,Week4,Highlands Swim,Week1,271.0 Highlands Swim - 131.0 Brandywine
Bren Mar-Edsall Park,Week2,Lee Graham,Week4,376.0 Lee Graham - 26.0 Bren Mar-Edsall Park
Bren Mar-Edsall Park,Week2,Daventry,Week4,298.0 Daventry - 102.0 Bren Mar-Edsall Park
Brandywine,Week4,Riverside Gardens,Week1,217.0 Riverside Gardens - 185.0 Brandywine
Bren Mar-Edsall Park,Week4,Poplar Tree,Week4,333.0 Poplar Tree - 67.0 Bren Mar-Edsall Park
Bren Mar-Edsall Park,Week3,Lee Graham,Week5,383.0 Lee Graham - 19.0 Bren Mar-Edsall Park
Brandywine,Week2,Lake Braddock,Week2,271.0 Brandywine - 131.0 Lake Braddock
Bren Mar-Edsall Park,Week1,Stratford,Week1,314.0 Stratford - 87.0 Bren Mar-Edsall Park
Bren Mar-Edsall Park,Week5,Springfield,Week5,243.0 Bren Mar-Edsall Park - 125.0 Springfield
Brandywine,Week3,Laurel Hill,Week4,262.0 Brandywine - 136.0 Laurel Hill
Brandywine,Week1,Burke Station,Week2,259.0 Brandywine - 143.0 Burke Station
Bren Mar-Edsall Park,Week3,Springfield,Week5,255.0 Bren Mar-Edsall Park - 129.0 Springfield
Brandywine,Week4,Laurel Hill,Week4,285.0 Brandywine - 117.0 Laurel Hill
Bren Mar-Edsall Park,Week5,Crosspointe,Week4,381.0 Crosspointe - 21.0 Bren Mar-Edsall Park
Bren Mar-Edsall Park,Week4,Hiddenbrook,Week1,306.0 Hiddenbrook - 95.0 Bren Mar-Edsall Park
Bren Mar-Edsall Park,Week4,Springboard,Week1,298.0 Springboard - 99.0 Bren Mar-Edsall Park
Brandywine,Week1,Lake Braddock,Week5,246.0 Brandywine - 156.0 Lake Braddock
Bren Mar-Edsall Park,Week3,Poplar Tree,Week1,352.0 Poplar Tree - 50.0 Bren Mar-Edsall Park
Brandywine,Week1,Riverside Gardens,Week5,278.0 Riverside Gardens - 124.0 Brandywine
Bren Mar-Edsall Park,Week2,Poplar Tree,Week2,347.0 Poplar Tree - 55.0 Bren Mar-Edsall Park
Bren Mar-Edsall Park,Week1,Daventry,Week4,288.0 Daventry - 110.0 Bren Mar-Edsall Park
Bren Mar-Edsall Park,Week4,Springboard,Week5,302.0 Springboard - 98.0 Bren Mar-Edsall Park
Brandywine,Week5,Kings Ridge ,Week5,276.0 Brandywine - 126.0 Kings Ridge
Brandywine,Week5,Highlands Swim,Week1,264.0 Highlands Swim - 138.0 Brandywine
Brandywine,Week5,Kings Ridge ,Week2,294.0 Brandywine - 108.0 Kings Ridge
Brandywine,Week2,Lee Graham,Week1,266.0 Lee Graham - 136.0 Brandywine
Brandywine,Week2,Burke Station,Week1,216.0 Brandywine - 163.0 Burke Station
Brandywine,Week5,Highlands Swim,Week2,280.0 Highlands Swim - 122.0 Brandywine
Bren Mar-Edsall Park,Week3,Daventry,Week1,256.0 Daventry - 138.0 Bren Mar-Edsall Park
Brandywine,Week2,Riverside Gardens,Week5,279.0 Riverside Gardens - 123.0 Brandywine
Bren Mar-Edsall Park,Week4,Lee Graham,Week1,372.0 Lee Graham - 29.0 Bren Mar-Edsall Park
Bren Mar-Edsall Park,Week4,Hiddenbrook,Week4,327.0 Hiddenbrook - 75.0 Bren Mar-Edsall Park
Brandywine,Week1,Lee Graham,Week1,271.0 Lee Graham - 131.0 Brandywine
Brandywine,Week2,Lee Graham,Week2,270.0 Lee Graham - 132.0 Brandywine
Bren Mar-Edsall Park,Week4,Poplar Tree,Week2,327.0 Poplar Tree - 75.0 Bren Mar-Edsall Park
Bren Mar-Edsall Park,Week5,Laurel Hill,Week3,305.0 Laurel Hill - 95.0 Bren Mar-Edsall Park
Brandywine,Week5,Broyhill Crest,Week3,358.0 Brandywine - 44.0 Broyhill Crest
Bren Mar-Edsall Park,Week2,High Point Pool,Week3,373.0 High Point Pool - 29.0 Bren Mar-Edsall Park
Bren Mar-Edsall Park,Week4,Poplar Tree,Week3,350.0 Poplar Tree - 52.0 Bren Mar-Edsall Park
Brandywine,Week3,Highlands Swim,Week4,288.0 Highlands Swim - 114.0 Brandywine
Brandywine,Week5,Riverside Gardens,Week3,220.0 Riverside Gardens - 182.0 Brandywine
Bren Mar-Edsall Park,Week4,Springboard,Week2,276.0 Springboard - 120.0 Bren Mar-Edsall Park
Brandywine,Week3,Lake Braddock,Week3,276.0 Brandywine - 126.0 Lake Braddock
Brandywine,Week3,Highlands Swim,Week3,292.0 Highlands Swim - 110.0 Brandywine
Bren Mar-Edsall Park,Week3,High Point Pool,Week1,366.0 High Point Pool - 36.0 Bren Mar-Edsall Park
Bren Mar-Edsall Park,Week4,Daventry,Week1,240.0 Daventry - 157.0 Bren Mar-Edsall Park
Bren Mar-Edsall Park,Week1,Lee Graham,Week4,381.0 Lee Graham - 20.0 Bren Mar-Edsall Park
Brandywine,Week3,Riverside Gardens,Week4,250.0 Riverside Gardens - 152.0 Brandywine
Bren Mar-Edsall Park,Week2,Poplar Tree,Week4,347.0 Poplar Tree - 54.0 Bren Mar-Edsall Park
Bren Mar-Edsall Park,Week1,High Point Pool,Week2,383.0 High Point Pool - 18.0 Bren Mar-Edsall Park
Brandywine,Week3,Lee Graham,Week3,274.0 Lee Graham - 127.0 Brandywine
Brandywine,Week4,Riverside Gardens,Week4,255.0 Riverside Gardens - 147.0 Brandywine
Brandywine,Week4,Highlands Swim,Week5,298.0 Highlands Swim - 104.0 Brandywine
Bren Mar-Edsall Park,Week1,High Point Pool,Week5,367.0 High Point Pool - 34.0 Bren Mar-Edsall Park
Brandywine,Week4,Riverside Gardens,Week5,258.0 Riverside Gardens - 144.0 Brandywine
Bren Mar-Edsall Park,Week4,Springboard,Week4,294.0 Springboard - 99.0 Bren Mar-Edsall Park
Brandywine,Week4,Lee Graham,Week3,266.0 Lee Graham - 136.0 Brandywine
Brandywine,Week2,Lee Graham,Week5,276.0 Lee Graham - 126.0 Brandywine
Brandywine,Week5,Highlands Swim,Week3,272.0 Highlands Swim - 130.0 Brandywine
Bren Mar-Edsall Park,Week3,Daventry,Week2,279.0 Daventry - 120.0 Bren Mar-Edsall Park
Brandywine,Week3,Lake Braddock,Week2,286.0 Brandywine - 116.0 Lake Braddock
Bren Mar-Edsall Park,Week1,Ravensworth Farm,Week2,359.0 Ravensworth Farm - 38.0 Bren Mar-Edsall Park
Bren Mar-Edsall Park,Week5,Lee Graham,Week2,383.0 Lee Graham - 19.0 Bren Mar-Edsall Park
Bren Mar-Edsall Park,Week1,Ravensworth Farm,Week1,373.0 Ravensworth Farm - 29.0 Bren Mar-Edsall Park
Bren Mar-Edsall Park,Week3,Daventry,Week5,292.0 Daventry - 108.0 Bren Mar-Edsall Park
Bren Mar-Edsall Park,Week3,Lee Graham,Week3,379.0 Lee Graham - 23.0 Bren Mar-Edsall Park
Bren Mar-Edsall Park,Week3,High Point Pool,Week2,380.0 High Point Pool - 22.0 Bren Mar-Edsall Park
Brandywine,Week5,Riverside Gardens,Week2,206.0 Brandywine - 196.0 Riverside Gardens
Bren Mar-Edsall Park,Week1,Springfield,Week1,217.5 Bren Mar-Edsall Park - 167.5 Springfield
Bren Mar-Edsall Park,Week3,Laurel Hill,Week4,314.0 Laurel Hill - 88.0 Bren Mar-Edsall Park
Brandywine,Week2,Lee Graham,Week3,277.0 Lee Graham - 125.0 Brandywine
Bren Mar-Edsall Park,Week5,Springboard,Week3,304.0 Springboard - 97.0 Bren Mar-Edsall Park
Bren Mar-Edsall Park,Week3,Daventry,Week4,279.0 Daventry - 121.0 Bren Mar-Edsall Park
Bren Mar-Edsall Park,Week3,Lee Graham,Week2,376.0 Lee Graham - 26.0 Bren Mar-Edsall Park
Bren Mar-Edsall Park,Week5,Springboard,Week1,299.0 Springboard - 101.0 Bren Mar-Edsall Park
Brandywine,Week2,Lake Braddock,Week5,255.0 Brandywine - 147.0 Lake Braddock
Brandywine,Week2,Lake Braddock,Week4,278.0 Brandywine - 124.0 Lake Braddock
Bren Mar-Edsall Park,Week5,Daventry,Week1,250.0 Daventry - 145.0 Bren Mar-Edsall Park
Brandywine,Week4,Hollin Hills,Week4,296.5 Brandywine - 104.5 Hollin Hills
Bren Mar-Edsall Park,Week2,Springfield,Week1,200.0 Bren Mar-Edsall Park - 177.0 Springfield
Brandywine,Week1,Hollin Meadows,Week1,213.0 Hollin Meadows - 189.0 Brandywine
Brandywine,Week4,Lake Braddock,Week3,286.5 Brandywine - 115.5 Lake Braddock
Brandywine,Week4,Laurel Hill,Week3,292.0 Brandywine - 110.0 Laurel Hill
Brandywine,Week3,Lake Braddock,Week5,259.0 Brandywine - 143.0 Lake Braddock
Bren Mar-Edsall Park,Week5,Poplar Tree,Week2,326.0 Poplar Tree - 76.0 Bren Mar-Edsall Park
Brandywine,Week1,Hollin Hills,Week4,278.0 Brandywine - 124.0 Hollin Hills
Bren Mar-Edsall Park,Week1,Springfield,Week2,237.0 Bren Mar-Edsall Park - 149.0 Springfield
Brandywine,Week1,Rolling Forest,Week1,206.0 Rolling Forest - 196.0 Brandywine
Bren Mar-Edsall Park,Week3,Poplar Tree,Week5,365.0 Poplar Tree - 37.0 Bren Mar-Edsall Park
Bren Mar-Edsall Park,Week5,Lee Graham,Week5,378.0 Lee Graham - 24.0 Bren Mar-Edsall Park
Brandywine,Week4,Lake Braddock,Week2,301.0 Brandywine - 101.0 Lake Braddock
Bren Mar-Edsall Park,Week3,High Point Pool,Week3,377.0 High Point Pool - 25.0 Bren Mar-Edsall Park
Brandywine,Week3,Lake Braddock,Week4,275.0 Brandywine - 127.0 Lake Braddock
Bren Mar-Edsall Park,Week5,Daventry,Week3,262.0 Daventry - 138.0 Bren Mar-Edsall Park
Brandywine,Week1,Hollin Meadows,Week3,229.0 Hollin Meadows - 173.0 Brandywine
Bren Mar-Edsall Park,Week1,Lincolnia Park,Week2,271.0 Lincolnia Park - 115.0 Bren Mar-Edsall Park
Bren Mar-Edsall Park,Week4,Daventry,Week5,268.0 Daventry - 127.0 Bren Mar-Edsall Park
Bren Mar-Edsall Park,Week4,Hiddenbrook,Week5,347.0 Hiddenbrook - 55.0 Bren Mar-Edsall Park
Brandywine,Week1,Rolling Forest,Week2,210.0 Brandywine - 192.0 Rolling Forest
Bren Mar-Edsall Park,Week1,Springfield,Week3,236.0 Bren Mar-Edsall Park - 144.0 Springfield
Brandywine,Week3,Lee Graham,Week4,267.0 Lee Graham - 135.0 Brandywine
Bren Mar-Edsall Park,Week2,Poplar Tree,Week1,356.0 Poplar Tree - 46.0 Bren Mar-Edsall Park
Brandywine,Week3,Laurel Hill,Week5,244.0 Brandywine - 148.0 Laurel Hill
Bren Mar-Edsall Park,Week2,Springfield,Week5,229.0 Bren Mar-Edsall Park - 153.0 Springfield
Brandywine,Week1,Rolling Forest,Week5,220.0 Rolling Forest - 182.0 Brandywine
Bren Mar-Edsall Park,Week3,Lee Graham,Week4,365.0 Lee Graham - 37.0 Bren Mar-Edsall Park
Bren Mar-Edsall Park,Week1,Ravensworth Farm,Week3,366.0 Ravensworth Farm - 34.0 Bren Mar-Edsall Park
Bren Mar-Edsall Park,Week1,Lincolnia Park,Week1,281.0 Lincolnia Park - 116.0 Bren Mar-Edsall Park
Bren Mar-Edsall Park,Week2,High Point Pool,Week5,364.0 High Point Pool - 38.0 Bren Mar-Edsall Park
Bren Mar-Edsall Park,Week4,Hiddenbrook,Week3,326.0 Hiddenbrook - 76.0 Bren Mar-Edsall Park
Bren Mar-Edsall Park,Week4,Daventry,Week4,283.0 Daventry - 116.0 Bren Mar-Edsall Park
Brandywine,Week4,Laurel Hill,Week1,281.0 Brandywine - 121.0 Laurel Hill
Brandywine,Week5,Riverside Gardens,Week4,233.0 Riverside Gardens - 169.0 Brandywine
Brandywine,Week1,Lee Graham,Week5,270.0 Lee Graham - 132.0 Brandywine
Bren Mar-Edsall Park,Week4,Springboard,Week3,306.0 Springboard - 95.0 Bren Mar-Edsall Park
Brandywine,Week1,Hollin Meadows,Week2,206.0 Hollin Meadows - 191.0 Brandywine
Bren Mar-Edsall Park,Week5,Daventry,Week4,277.0 Daventry - 124.0 Bren Mar-Edsall Park
Bren Mar-Edsall Park,Week1,Ravensworth Farm,Week5,378.0 Ravensworth Farm - 24.0 Bren Mar-Edsall Park
Bren Mar-Edsall Park,Week3,High Point Pool,Week4,367.0 High Point Pool - 35.0 Bren Mar-Edsall Park
Bren Mar-Edsall Park,Week5,Springboard,Week4,298.0 Springboard - 93.0 Bren Mar-Edsall Park
Bren Mar-Edsall Park,Week2,High Point Pool,Week4,361.0 High Point Pool - 41.0 Bren Mar-Edsall Park
Brandywine,Week2,Rolling Forest,Week4,216.0 Brandywine - 186.0 Rolling Forest
Bren Mar-Edsall Park,Week4,Lee Graham,Week5,381.0 Lee Graham - 20.0 Bren Mar-Edsall Park
Brandywine,Week1,Hollin Meadows,Week4,216.0 Hollin Meadows - 186.0 Brandywine
Brandywine,Week1,Lakevale Estates,Week2,261.0 Lakevale Estates - 141.0 Brandywine
Brandywine,Week1,Lakevale Estates,Week4,288.0 Lakevale Estates - 114.0 Brandywine
Bren Mar-Edsall Park,Week5,Lee Graham,Week1,369.0 Lee Graham - 33.0 Bren Mar-Edsall Park
Brandywine,Week5,Hollin Hills,Week3,291.0 Brandywine - 111.0 Hollin Hills
Bren Mar-Edsall Park,Week5,Daventry,Week5,265.0 Daventry - 128.0 Bren Mar-Edsall Park
Brandywine,Week4,Laurel Hill,Week2,302.0 Brandywine - 100.0 Laurel Hill
Bren Mar-Edsall Park,Week5,Poplar Tree,Week4,321.0 Poplar Tree - 81.0 Bren Mar-Edsall Park
Brandywine,Week2,Lakevale Estates,Week3,278.0 Lakevale Estates - 124.0 Brandywine
Bren Mar-Edsall Park,Week1,Ravensworth Farm,Week4,372.0 Ravensworth Farm - 30.0 Bren Mar-Edsall Park
Bren Mar-Edsall Park,Week5,Hiddenbrook,Week1,308.0 Hiddenbrook - 94.0 Bren Mar-Edsall Park
Brandywine,Week2,Rolling Forest,Week1,205.0 Brandywine - 197.0 Rolling Forest
Bren Mar-Edsall Park,Week1,Dominion Hills,Week5,371.0 Dominion Hills - 31.0 Bren Mar-Edsall Park
Brandywine,Week5,Laurel Hill,Week5,267.0 Brandywine - 135.0 Laurel Hill
Bren Mar-Edsall Park,Week4,Lee Graham,Week2,381.0 Lee Graham - 21.0 Bren Mar-Edsall Park
Bren Mar-Edsall Park,Week4,Dominion Hills,Week3,357.0 Dominion Hills - 45.0 Bren Mar-Edsall Park
Bren Mar-Edsall Park,Week2,Dominion Hills,Week3,365.0 Dominion Hills - 37.0 Bren Mar-Edsall Park
Bren Mar-Edsall Park,Week5,Hiddenbrook,Week5,340.0 Hiddenbrook - 62.0 Bren Mar-Edsall Park
Bren Mar-Edsall Park,Week4,Springfield,Week1,238.0 Bren Mar-Edsall Park - 142.0 Springfield
Bren Mar-Edsall Park,Week2,Riverside Gardens,Week4,382.0 Riverside Gardens - 20.0 Bren Mar-Edsall Park
Bren Mar-Edsall Park,Week2,Springfield,Week3,230.0 Bren Mar-Edsall Park - 144.0 Springfield
Bren Mar-Edsall Park,Week3,High Point Pool,Week5,363.0 High Point Pool - 39.0 Bren Mar-Edsall Park
Brandywine,Week2,Hollin Meadows,Week1,218.0 Hollin Meadows - 184.0 Brandywine
Bren Mar-Edsall Park,Week3,Springfield,Week1,235.0 Bren Mar-Edsall Park - 158.0 Springfield
Bren Mar-Edsall Park,Week3,Springfield,Week4,216.0 Bren Mar-Edsall Park - 175.0 Springfield
Brandywine,Week3,Rolling Forest,Week1,202.0 Brandywine - 200.0 Rolling Forest
Brandywine,Week4,Hollin Hills,Week3,298.0 Brandywine - 104.0 Hollin Hills
Bren Mar-Edsall Park,Week1,Dominion Hills,Week2,372.0 Dominion Hills - 30.0 Bren Mar-Edsall Park
Brandywine,Week3,Rolling Forest,Week3,220.0 Rolling Forest - 182.0 Brandywine
Brandywine,Week4,Lakevale Estates,Week4,263.0 Lakevale Estates - 139.0 Brandywine
Bren Mar-Edsall Park,Week3,Springfield,Week3,244.0 Bren Mar-Edsall Park - 139.0 Springfield
Brandywine,Week4,Laurel Hill,Week5,260.0 Brandywine - 142.0 Laurel Hill
Bren Mar-Edsall Park,Week4,Lee Graham,Week3,379.0 Lee Graham - 23.0 Bren Mar-Edsall Park
Brandywine,Week4,Lakevale Estates,Week3,258.5 Lakevale Estates - 143.5 Brandywine
Brandywine,Week1,Lee Graham,Week2,277.0 Lee Graham - 125.0 Brandywine
Bren Mar-Edsall Park,Week3,Dominion Hills,Week1,352.0 Dominion Hills - 45.0 Bren Mar-Edsall Park
Brandywine,Week1,Rolling Hills,Week4,220.0 Brandywine - 182.0 Rolling Hills
Brandywine,Week2,Rolling Forest,Week5,203.0 Brandywine - 199.0 Rolling Forest
Brandywine,Week3,Rolling Forest,Week2,204.0 Brandywine - 198.0 Rolling Forest
Bren Mar-Edsall Park,Week4,Lee Graham,Week4,369.0 Lee Graham - 33.0 Bren Mar-Edsall Park
Brandywine,Week5,Lake Braddock,Week2,302.0 Brandywine - 100.0 Lake Braddock
Brandywine,Week3,Lee Graham,Week1,256.0 Lee Graham - 141.0 Brandywine
Bren Mar-Edsall Park,Week5,Lee Graham,Week4,376.0 Lee Graham - 26.0 Bren Mar-Edsall Park
Bren Mar-Edsall Park,Week5,Ravensworth Farm,Week1,360.0 Ravensworth Farm - 42.0 Bren Mar-Edsall Park
Brandywine,Week4,Lakevale Estates,Week5,282.0 Lakevale Estates - 120.0 Brandywine
Bren Mar-Edsall Park,Week1,High Point Pool,Week1,363.0 High Point Pool - 38.0 Bren Mar-Edsall Park
Brandywine,Week5,Laurel Hill,Week2,304.0 Brandywine - 98.0 Laurel Hill
Brandywine,Week2,Hollin Meadows,Week2,210.0 Brandywine - 192.0 Hollin Meadows
Bren Mar-Edsall Park,Week5,Hiddenbrook,Week2,268.0 Hiddenbrook - 127.0 Bren Mar-Edsall Park
Brandywine,Week2,Hollin Meadows,Week3,206.0 Hollin Meadows - 196.0 Brandywine
Bren Mar-Edsall Park,Week1,Lincolnia Park,Week4,269.0 Lincolnia Park - 127.0 Bren Mar-Edsall Park
Brandywine,Week4,Hollin Hills,Week1,301.0 Brandywine - 100.0 Hollin Hills
Bren Mar-Edsall Park,Week5,Ravensworth Farm,Week4,363.0 Ravensworth Farm - 39.0 Bren Mar-Edsall Park
Bren Mar-Edsall Park,Week4,Ravensworth Farm,Week2,343.0 Ravensworth Farm - 58.0 Bren Mar-Edsall Park
Bren Mar-Edsall Park,Week4,Dominion Hills,Week5,368.0 Dominion Hills - 34.0 Bren Mar-Edsall Park
Brandywine,Week3,Lee Graham,Week2,263.0 Lee Graham - 139.0 Brandywine
Brandywine,Week2,Lee Graham,Week4,260.0 Lee Graham - 142.0 Brandywine
Bren Mar-Edsall Park,Week3,Ravensworth Farm,Week2,343.0 Ravensworth Farm - 59.0 Bren Mar-Edsall Park
Brandywine,Week1,Hollin Meadows,Week5,242.0 Hollin Meadows - 160.0 Brandywine
Bren Mar-Edsall Park,Week2,Lincolnia Park,Week5,314.0 Lincolnia Park - 74.0 Bren Mar-Edsall Park
Bren Mar-Edsall Park,Week4,Springfield,Week3,248.0 Bren Mar-Edsall Park - 127.0 Springfield
Bren Mar-Edsall Park,Week1,Dominion Hills,Week3,364.0 Dominion Hills - 38.0 Bren Mar-Edsall Park
Brandywine,Week4,Rolling Forest,Week3,210.0 Brandywine - 192.0 Rolling Forest
Brandywine,Week5,Lake Braddock,Week5,290.5 Brandywine - 111.5 Lake Braddock
Bren Mar-Edsall Park,Week3,Ravensworth Farm,Week5,373.0 Ravensworth Farm - 29.0 Bren Mar-Edsall Park
Brandywine,Week5,Rolling Forest,Week1,237.0 Brandywine - 165.0 Rolling Forest
Brandywine,Week3,Lee Graham,Week5,266.0 Lee Graham - 136.0 Brandywine
Brandywine,Week4,Rolling Forest,Week2,234.0 Brandywine - 168.0 Rolling Forest
Bren Mar-Edsall Park,Week3,Lincolnia Park,Week4,279.0 Lincolnia Park - 114.0 Bren Mar-Edsall Park
Brandywine,Week3,Rolling Forest,Week5,216.0 Rolling Forest - 186.0 Brandywine
Bren Mar-Edsall Park,Week1,High Point Pool,Week3,381.0 High Point Pool - 20.0 Bren Mar-Edsall Park
Bren Mar-Edsall Park,Week4,Ravensworth Farm,Week3,353.0 Ravensworth Farm - 49.0 Bren Mar-Edsall Park
Brandywine,Week3,Hollin Hills,Week3,279.0 Brandywine - 123.0 Hollin Hills
Bren Mar-Edsall Park,Week3,Lincolnia Park,Week2,278.0 Lincolnia Park - 113.0 Bren Mar-Edsall Park
Bren Mar-Edsall Park,Week4,Lincolnia Park,Week1,253.0 Lincolnia Park - 135.0 Bren Mar-Edsall Park
Brandywine,Week5,Lake Braddock,Week4,297.0 Brandywine - 105.0 Lake Braddock
Bren Mar-Edsall Park,Week4,Dominion Hills,Week4,360.0 Dominion Hills - 42.0 Bren Mar-Edsall Park
Bren Mar-Edsall Park,Week2,High Point Pool,Week1,365.0 High Point Pool - 37.0 Bren Mar-Edsall Park
Bren Mar-Edsall Park,Week5,Dominion Hills,Week1,352.5 Dominion Hills - 44.5 Bren Mar-Edsall Park
Bren Mar-Edsall Park,Week5,Hiddenbrook,Week4,315.0 Hiddenbrook - 86.0 Bren Mar-Edsall Park
Brandywine,Week1,Lakevale Estates,Week3,274.0 Lakevale Estates - 128.0 Brandywine
Bren Mar-Edsall Park,Week5,Springfield,Week2,235.0 Bren Mar-Edsall Park - 126.0 Springfield
Brandywine,Week4,Hollin Hills,Week5,286.0 Brandywine - 116.0 Hollin Hills
Brandywine,Week4,Lee Graham,Week1,255.0 Lee Graham - 147.0 Brandywine
Bren Mar-Edsall Park,Week5,Springfield,Week3,228.0 Bren Mar-Edsall Park - 136.0 Springfield
Bren Mar-Edsall Park,Week2,High Point Pool,Week2,381.0 High Point Pool - 21.0 Bren Mar-Edsall Park
Bren Mar-Edsall Park,Week4,Ravensworth Farm,Week5,371.0 Ravensworth Farm - 31.0 Bren Mar-Edsall Park
Brandywine,Week2,Lakevale Estates,Week1,276.0 Lakevale Estates - 126.0 Brandywine
Bren Mar-Edsall Park,Week4,Springfield,Week5,264.0 Bren Mar-Edsall Park - 117.0 Springfield
Brandywine,Week2,Hollin Meadows,Week4,208.0 Hollin Meadows - 194.0 Brandywine
Brandywine,Week3,Hollin Hills,Week4,276.0 Brandywine - 125.0 Hollin Hills
Bren Mar-Edsall Park,Week3,Ravensworth Farm,Week4,365.0 Ravensworth Farm - 37.0 Bren Mar-Edsall Park
Bren Mar-Edsall Park,Week5,Ravensworth Farm,Week3,354.0 Ravensworth Farm - 48.0 Bren Mar-Edsall Park
Brandywine,Week5,Lakevale Estates,Week2,227.0 Lakevale Estates - 175.0 Brandywine
Bren Mar-Edsall Park,Week5,Dominion Hills,Week4,360.0 Dominion Hills - 42.0 Bren Mar-Edsall Park
Bren Mar-Edsall Park,Week1,Sully Station,Week2,366.0 Sully Station - 36.0 Bren Mar-Edsall Park
Brandywine,Week4,Lee Graham,Week2,259.5 Lee Graham - 142.5 Brandywine
Bren Mar-Edsall Park,Week3,Lincolnia Park,Week5,301.0 Lincolnia Park - 90.0 Bren Mar-Edsall Park
Brandywine,Week5,Lakevale Estates,Week1,222.0 Lakevale Estates - 180.0 Brandywine
Bren Mar-Edsall Park,Week4,High Point Pool,Week1,361.0 High Point Pool - 41.0 Bren Mar-Edsall Park
Bren Mar-Edsall Park,Week4,Lincolnia Park,Week4,254.0 Lincolnia Park - 133.0 Bren Mar-Edsall Park
Bren Mar-Edsall Park,Week2,Dominion Hills,Week1,365.0 Dominion Hills - 37.0 Bren Mar-Edsall Park
Brandywine,Week2,Rolling Hills,Week1,223.0 Brandywine - 179.0 Rolling Hills
Bren Mar-Edsall Park,Week4,Ravensworth Farm,Week4,362.0 Ravensworth Farm - 40.0 Bren Mar-Edsall Park
Brandywine,Week1,Rolling Hills,Week1,225.0 Brandywine - 177.0 Rolling Hills
Bren Mar-Edsall Park,Week4,Hiddenbrook,Week2,265.0 Hiddenbrook - 129.0 Bren Mar-Edsall Park
Brandywine,Week4,Hollin Hills,Week2,301.0 Brandywine - 100.0 Hollin Hills
Bren Mar-Edsall Park,Week5,Springfield,Week4,200.0 Bren Mar-Edsall Park - 171.0 Springfield
Bren Mar-Edsall Park,Week5,Hiddenbrook,Week3,313.0 Hiddenbrook - 88.0 Bren Mar-Edsall Park
Brandywine,Week5,Rolling Forest,Week4,246.0 Brandywine - 156.0 Rolling Forest
Bren Mar-Edsall Park,Week2,Lincolnia Park,Week3,297.0 Lincolnia Park - 86.0 Bren Mar-Edsall Park
Brandywine,Week4,Lee Graham,Week5,269.0 Lee Graham - 133.0 Brandywine
Brandywine,Week2,Lakevale Estates,Week4,296.0 Lakevale Estates - 106.0 Brandywine
Bren Mar-Edsall Park,Week1,Donaldson Run,Week1,383.0 Donaldson Run - 19.0 Bren Mar-Edsall Park
Brandywine,Week2,Lincolnia Park,Week1,270.0 Brandywine - 132.0 Lincolnia Park
Bren Mar-Edsall Park,Week2,Dominion Hills,Week4,368.0 Dominion Hills - 34.0 Bren Mar-Edsall Park
Brandywine,Week5,Lakevale Estates,Week3,230.0 Lakevale Estates - 172.0 Brandywine
Bren Mar-Edsall Park,Week5,Ravensworth Farm,Week5,364.0 Ravensworth Farm - 38.0 Bren Mar-Edsall Park
Bren Mar-Edsall Park,Week4,Lincolnia Park,Week5,296.0 Lincolnia Park - 96.0 Bren Mar-Edsall Park
Brandywine,Week5,Lakevale Estates,Week4,250.0 Lakevale Estates - 152.0 Brandywine
Bren Mar-Edsall Park,Week5,Lincolnia Park,Week1,261.0 Lincolnia Park - 130.0 Bren Mar-Edsall Park
Bren Mar-Edsall Park,Week1,Donaldson Run,Week2,379.0 Donaldson Run - 23.0 Bren Mar-Edsall Park
Bren Mar-Edsall Park,Week2,Ravensworth Farm,Week4,372.0 Ravensworth Farm - 30.0 Bren Mar-Edsall Park
Brandywine,Week5,Hollin Hills,Week2,299.0 Brandywine - 103.0 Hollin Hills
Brandywine,Week1,Rolling Hills,Week5,226.0 Brandywine - 176.0 Rolling Hills
Brandywine,Week3,Rolling Hills,Week1,243.0 Brandywine - 159.0 Rolling Hills
Bren Mar-Edsall Park,Week5,High Point Pool,Week4,362.0 High Point Pool - 40.0 Bren Mar-Edsall Park
Bren Mar-Edsall Park,Week2,Highland Park,Week4,376.0 Highland Park - 25.0 Bren Mar-Edsall Park
Brandywine,Week5,Lincolnia Park,Week1,321.0 Brandywine - 81.0 Lincolnia Park
Bren Mar-Edsall Park,Week5,Dominion Hills,Week3,347.0 Dominion Hills - 55.0 Bren Mar-Edsall Park
Bren Mar-Edsall Park,Week1,Riverside Gardens,Week1,384.0 Riverside Gardens - 18.0 Bren Mar-Edsall Park
Bren Mar-Edsall Park,Week5,Lincolnia Park,Week4,258.0 Lincolnia Park - 129.0 Bren Mar-Edsall Park
Bren Mar-Edsall Park,Week3,Ravensworth Farm,Week1,360.0 Ravensworth Farm - 42.0 Bren Mar-Edsall Park
Brandywine,Week3,Hollin Hills,Week5,274.0 Brandywine - 128.0 Hollin Hills
Bren Mar-Edsall Park,Week2,Sully Station,Week1,379.0 Sully Station - 21.0 Bren Mar-Edsall Park
Bren Mar-Edsall Park,Week3,Stratford,Week1,313.0 Stratford - 83.0 Bren Mar-Edsall Park
Brandywine,Week2,Lakevale Estates,Week2,256.0 Lakevale Estates - 146.0 Brandywine
Brandywine,Week2,Rolling Hills,Week5,239.0 Brandywine - 163.0 Rolling Hills
Bren Mar-Edsall Park,Week5,Lincolnia Park,Week2,254.0 Lincolnia Park - 128.0 Bren Mar-Edsall Park
Bren Mar-Edsall Park,Week2,Stratford,Week3,351.0 Stratford - 50.0 Bren Mar-Edsall Park
Brandywine,Week5,Lincolnia Park,Week3,286.0 Brandywine - 107.0 Lincolnia Park
Brandywine,Week5,Hollin Hills,Week4,292.0 Brandywine - 110.0 Hollin Hills
Bren Mar-Edsall Park,Week4,Stratford,Week5,328.0 Stratford - 74.0 Bren Mar-Edsall Park
Brandywine,Week2,Lincolnia Park,Week4,272.0 Brandywine - 130.0 Lincolnia Park
Bren Mar-Edsall Park,Week1,Donaldson Run,Week3,386.0 Donaldson Run - 16.0 Bren Mar-Edsall Park
Brandywine,Week5,Hollin Hills,Week1,301.5 Brandywine - 100.5 Hollin Hills
Bren Mar-Edsall Park,Week4,Highland Park,Week5,368.0 Highland Park - 34.0 Bren Mar-Edsall Park
Brandywine,Week4,Rolling Forest,Week5,214.0 Brandywine - 188.0 Rolling Forest
Brandywine,Week1,Lincolnia Park,Week3,258.0 Brandywine - 135.0 Lincolnia Park
Bren Mar-Edsall Park,Week1,Highland Park,Week2,372.0 Highland Park - 30.0 Bren Mar-Edsall Park
Brandywine,Week5,Hollin Hills,Week5,294.0 Brandywine - 107.0 Hollin Hills
Bren Mar-Edsall Park,Week3,Stratford,Week4,355.5 Stratford - 46.5 Bren Mar-Edsall Park
Brandywine,Week5,Lincolnia Park,Week5,295.0 Brandywine - 98.0 Lincolnia Park
Brandywine,Week2,Lakevale Estates,Week5,290.0 Lakevale Estates - 112.0 Brandywine
Bren Mar-Edsall Park,Week1,Little Hunting Park,Week2,326.0 Little Hunting Park - 73.0 Bren Mar-Edsall Park
Bren Mar-Edsall Park,Week4,Highland Park,Week1,364.0 Highland Park - 37.0 Bren Mar-Edsall Park
Bren Mar-Edsall Park,Week2,Dominion Hills,Week2,374.0 Dominion Hills - 28.0 Bren Mar-Edsall Park
Bren Mar-Edsall Park,Week1,Stratford,Week2,344.0 Stratford - 57.0 Bren Mar-Edsall Park
Bren Mar-Edsall Park,Week3,Dominion Hills,Week5,368.0 Dominion Hills - 34.0 Bren Mar-Edsall Park
Bren Mar-Edsall Park,Week4,Lincolnia Park,Week2,260.0 Lincolnia Park - 125.0 Bren Mar-Edsall Park
Bren Mar-Edsall Park,Week1,Stratford,Week4,355.0 Stratford - 47.0 Bren Mar-Edsall Park
Bren Mar-Edsall Park,Week5,High Point Pool,Week5,356.5 High Point Pool - 44.5 Bren Mar-Edsall Park
Bren Mar-Edsall Park,Week4,High Point Pool,Week5,359.0 High Point Pool - 43.0 Bren Mar-Edsall Park
Brandywine,Week1,Rolling Hills,Week3,218.0 Brandywine - 184.0 Rolling Hills
Brandywine,Week3,Hollin Hills,Week2,281.0 Brandywine - 114.0 Hollin Hills
Bren Mar-Edsall Park,Week2,Riverside Gardens,Week2,371.0 Riverside Gardens - 31.0 Bren Mar-Edsall Park
Brandywine,Week1,Lincolnia Park,Week4,289.0 Brandywine - 113.0 Lincolnia Park
Brandywine,Week4,Rolling Forest,Week4,238.0 Brandywine - 164.0 Rolling Forest
Bren Mar-Edsall Park,Week1,Lincolnia Park,Week5,297.0 Lincolnia Park - 94.0 Bren Mar-Edsall Park
Brandywine,Week1,Lincolnia Park,Week1,289.0 Brandywine - 113.0 Lincolnia Park
Bren Mar-Edsall Park,Week1,Riverside Gardens,Week5,390.0 Riverside Gardens - 12.0 Bren Mar-Edsall Park
Brandywine,Week3,Lakevale Estates,Week5,284.0 Lakevale Estates - 118.0 Brandywine
Brandywine,Week1,Little Hunting Park,Week1,240.0 Brandywine - 162.0 Little Hunting Park
Bren Mar-Edsall Park,Week1,Donaldson Run,Week4,386.0 Donaldson Run - 16.0 Bren Mar-Edsall Park
Bren Mar-Edsall Park,Week5,Lincolnia Park,Week3,283.0 Lincolnia Park - 104.0 Bren Mar-Edsall Park
Brandywine,Week4,Lakevale Estates,Week2,249.0 Lakevale Estates - 153.0 Brandywine
Bren Mar-Edsall Park,Week2,Stratford,Week1,324.0 Stratford - 71.0 Bren Mar-Edsall Park
Brandywine,Week5,Rolling Forest,Week3,221.0 Brandywine - 181.0 Rolling Forest
Bren Mar-Edsall Park,Week1,Riverside Gardens,Week2,374.0 Riverside Gardens - 28.0 Bren Mar-Edsall Park
Bren Mar-Edsall Park,Week1,Highland Park,Week4,372.0 Highland Park - 30.0 Bren Mar-Edsall Park
Bren Mar-Edsall Park,Week3,Stratford,Week2,331.0 Stratford - 71.0 Bren Mar-Edsall Park
Bren Mar-Edsall Park,Week2,Ravensworth Farm,Week5,379.0 Ravensworth Farm - 23.0 Bren Mar-Edsall Park
Brandywine,Week4,Lakevale Estates,Week1,252.0 Lakevale Estates - 150.0 Brandywine
Brandywine,Week5,Lee Graham,Week5,254.0 Lee Graham - 148.0 Brandywine
Brandywine,Week3,Lakevale Estates,Week4,275.0 Lakevale Estates - 126.0 Brandywine
Bren Mar-Edsall Park,Week4,Ravensworth Farm,Week1,364.0 Ravensworth Farm - 37.0 Bren Mar-Edsall Park
Bren Mar-Edsall Park,Week3,Highland Park,Week3,359.0 Highland Park - 38.0 Bren Mar-Edsall Park
Brandywine,Week5,Rolling Forest,Week5,218.0 Brandywine - 184.0 Rolling Forest
Bren Mar-Edsall Park,Week2,Dominion Hills,Week5,372.0 Dominion Hills - 30.0 Bren Mar-Edsall Park
Brandywine,Week5,Lake Braddock,Week3,299.0 Brandywine - 103.0 Lake Braddock
Bren Mar-Edsall Park,Week3,Dominion Hills,Week4,362.0 Dominion Hills - 40.0 Bren Mar-Edsall Park
Bren Mar-Edsall Park,Week3,Lincolnia Park,Week3,295.0 Lincolnia Park - 97.0 Bren Mar-Edsall Park
Brandywine,Week3,Lakevale Estates,Week3,265.0 Lakevale Estates - 132.0 Brandywine
Brandywine,Week2,Lincolnia Park,Week2,272.0 Brandywine - 117.0 Lincolnia Park
Bren Mar-Edsall Park,Week3,Stratford,Week3,348.0 Stratford - 54.0 Bren Mar-Edsall Park
Bren Mar-Edsall Park,Week1,Highland Park,Week3,363.0 Highland Park - 39.0 Bren Mar-Edsall Park
Bren Mar-Edsall Park,Week4,Stratford,Week2,330.0 Stratford - 67.0 Bren Mar-Edsall Park
Bren Mar-Edsall Park,Week2,Lincolnia Park,Week1,288.0 Lincolnia Park - 96.0 Bren Mar-Edsall Park
Bren Mar-Edsall Park,Week4,Stratford,Week3,329.0 Stratford - 73.0 Bren Mar-Edsall Park
Bren Mar-Edsall Park,Week2,Highland Park,Week1,373.0 Highland Park - 28.0 Bren Mar-Edsall Park
Brandywine,Week1,Lakevale Estates,Week1,267.0 Lakevale Estates - 135.0 Brandywine
Brandywine,Week4,Rolling Forest,Week1,231.0 Brandywine - 171.0 Rolling Forest
Bren Mar-Edsall Park,Week5,Dominion Hills,Week2,369.0 Dominion Hills - 33.0 Bren Mar-Edsall Park
Brandywine,Week5,Rolling Forest,Week2,247.0 Brandywine - 155.0 Rolling Forest
Bren Mar-Edsall Park,Week2,Lincolnia Park,Week2,284.0 Lincolnia Park - 101.0 Bren Mar-Edsall Park
Bren Mar-Edsall Park,Week1,Riverside Gardens,Week4,385.0 Riverside Gardens - 17.0 Bren Mar-Edsall Park
Arlington Forest,Week5,Wakefield Chapel,Week1,272.0 Wakefield Chapel - 130.0 Arlington Forest
Bren Mar-Edsall Park,Week3,Highland Park,Week1,368.0 Highland Park - 34.0 Bren Mar-Edsall Park
Brandywine,Week5,Lincolnia Park,Week4,314.0 Brandywine - 88.0 Lincolnia Park
Brandywine,Week2,Rolling Hills,Week2,224.0 Brandywine - 178.0 Rolling Hills
Bren Mar-Edsall Park,Week2,Riverside Gardens,Week1,386.0 Riverside Gardens - 16.0 Bren Mar-Edsall Park
Brandywine,Week4,Lake Braddock,Week5,281.0 Brandywine - 121.0 Lake Braddock
Brandywine,Week5,Lee Graham,Week3,250.0 Lee Graham - 152.0 Brandywine
Bren Mar-Edsall Park,Week4,Dominion Hills,Week2,362.0 Dominion Hills - 40.0 Bren Mar-Edsall Park
Bren Mar-Edsall Park,Week2,Riverside Gardens,Week3,388.0 Riverside Gardens - 14.0 Bren Mar-Edsall Park
Bren Mar-Edsall Park,Week4,Dominion Hills,Week1,357.0 Dominion Hills - 45.0 Bren Mar-Edsall Park
Brandywine,Week2,Burke Station,Week4,263.0 Brandywine - 139.0 Burke Station
Bren Mar-Edsall Park,Week5,Lincolnia Park,Week5,297.0 Lincolnia Park - 95.0 Bren Mar-Edsall Park
Bren Mar-Edsall Park,Week4,Stratford,Week4,339.0 Stratford - 62.0 Bren Mar-Edsall Park
Brandywine,Week1,Little Hunting Park,Week2,233.0 Brandywine - 169.0 Little Hunting Park
Bren Mar-Edsall Park,Week4,Lincolnia Park,Week3,282.0 Lincolnia Park - 106.0 Bren Mar-Edsall Park
Bren Mar-Edsall Park,Week1,Little Hunting Park,Week1,330.0 Little Hunting Park - 67.0 Bren Mar-Edsall Park
Brandywine,Week2,Rolling Hills,Week3,215.0 Brandywine - 187.0 Rolling Hills
Bren Mar-Edsall Park,Week3,Dominion Hills,Week3,350.0 Dominion Hills - 52.0 Bren Mar-Edsall Park
Brandywine,Week5,Lake Braddock,Week1,307.0 Brandywine - 95.0 Lake Braddock
Bren Mar-Edsall Park,Week1,Riverside Gardens,Week3,383.0 Riverside Gardens - 19.0 Bren Mar-Edsall Park
Bren Mar-Edsall Park,Week3,Dominion Hills,Week2,368.0 Dominion Hills - 34.0 Bren Mar-Edsall Park
Bren Mar-Edsall Park,Week5,Stratford,Week2,313.0 Stratford - 84.0 Bren Mar-Edsall Park
Brandywine,Week1,Camelot,Week2,206.0 Brandywine - 196.0 Camelot
Bren Mar-Edsall Park,Week4,Highland Park,Week3,352.0 Highland Park - 50.0 Bren Mar-Edsall Park
Bren Mar-Edsall Park,Week2,Lincolnia Park,Week4,286.0 Lincolnia Park - 100.0 Bren Mar-Edsall Park
Brandywine,Week5,Lee Graham,Week2,235.0 Lee Graham - 167.0 Brandywine
Bren Mar-Edsall Park,Week5,Dominion Hills,Week5,366.0 Dominion Hills - 31.0 Bren Mar-Edsall Park
Bren Mar-Edsall Park,Week4,Highland Park,Week2,359.0 Highland Park - 43.0 Bren Mar-Edsall Park
Bren Mar-Edsall Park,Week5,Stratford,Week4,336.0 Stratford - 66.0 Bren Mar-Edsall Park
Bren Mar-Edsall Park,Week1,Sully Station,Week1,370.0 Sully Station - 31.0 Bren Mar-Edsall Park
Brandywine,Week1,Rolling Hills,Week2,228.0 Brandywine - 174.0 Rolling Hills
Brandywine,Week3,Rolling Hills,Week3,228.0 Brandywine - 174.0 Rolling Hills
Brandywine,Week3,Lakevale Estates,Week2,251.0 Lakevale Estates - 151.0 Brandywine
Brandywine,Week3,Rolling Hills,Week2,237.0 Brandywine - 160.0 Rolling Hills
Bren Mar-Edsall Park,Week5,Ravensworth Farm,Week2,338.0 Ravensworth Farm - 61.0 Bren Mar-Edsall Park
Brandywine,Week2,Lincolnia Park,Week5,252.0 Brandywine - 141.0 Lincolnia Park
Brandywine,Week1,Lakevale Estates,Week5,292.0 Lakevale Estates - 110.0 Brandywine
Brandywine,Week3,Lincolnia Park,Week1,294.0 Brandywine - 108.0 Lincolnia Park
Bren Mar-Edsall Park,Week5,High Point Pool,Week2,376.0 High Point Pool - 26.0 Bren Mar-Edsall Park
Bren Mar-Edsall Park,Week3,Lincolnia Park,Week1,272.5 Lincolnia Park - 124.5 Bren Mar-Edsall Park
Bren Mar-Edsall Park,Week3,Ravensworth Farm,Week3,355.0 Ravensworth Farm - 47.0 Bren Mar-Edsall Park
Bren Mar-Edsall Park,Week1,Dominion Hills,Week4,368.0 Dominion Hills - 33.0 Bren Mar-Edsall Park
Brandywine,Week5,Burke Station,Week1,266.0 Brandywine - 112.0 Burke Station
Brandywine,Week2,Rolling Hills,Week4,221.0 Brandywine - 181.0 Rolling Hills
Brandywine,Week3,Lakevale Estates,Week1,229.0 Lakevale Estates - 168.0 Brandywine
Bren Mar-Edsall Park,Week5,High Point Pool,Week1,363.0 High Point Pool - 33.0 Bren Mar-Edsall Park
Bren Mar-Edsall Park,Week3,Riverside Gardens,Week1,381.0 Riverside Gardens - 21.0 Bren Mar-Edsall Park
Bren Mar-Edsall Park,Week1,Stratford,Week3,347.0 Stratford - 54.0 Bren Mar-Edsall Park
Bren Mar-Edsall Park,Week3,Little Hunting Park,Week2,312.0 Little Hunting Park - 90.0 Bren Mar-Edsall Park
Brandywine,Week2,Lincolnia Park,Week3,252.0 Brandywine - 141.0 Lincolnia Park
Bren Mar-Edsall Park,Week3,Riverside Gardens,Week3,386.0 Riverside Gardens - 16.0 Bren Mar-Edsall Park
Bren Mar-Edsall Park,Week3,Donaldson Run,Week4,380.0 Donaldson Run - 22.0 Bren Mar-Edsall Park
Brandywine,Week4,Lincolnia Park,Week1,313.0 Brandywine - 89.0 Lincolnia Park
Bren Mar-Edsall Park,Week2,Little Hunting Park,Week4,317.0 Little Hunting Park - 84.0 Bren Mar-Edsall Park
Bren Mar-Edsall Park,Week3,Riverside Gardens,Week2,367.0 Riverside Gardens - 35.0 Bren Mar-Edsall Park
Bren Mar-Edsall Park,Week1,Highland Park,Week5,368.0 Highland Park - 34.0 Bren Mar-Edsall Park
Brandywine,Week2,Camelot,Week2,209.0 Camelot - 193.0 Brandywine
Bren Mar-Edsall Park,Week2,Riverside Gardens,Week5,381.0 Riverside Gardens - 21.0 Bren Mar-Edsall Park
Brandywine,Week3,Hollin Meadows,Week1,217.0 Brandywine - 185.0 Hollin Meadows
Bren Mar-Edsall Park,Week4,Donaldson Run,Week2,376.0 Donaldson Run - 26.0 Bren Mar-Edsall Park
Brandywine,Week3,Camelot,Week2,215.0 Brandywine - 186.0 Camelot
Bren Mar-Edsall Park,Week5,Donaldson Run,Week4,375.0 Donaldson Run - 27.0 Bren Mar-Edsall Park
Bren Mar-Edsall Park,Week1,Stratford,Week5,344.0 Stratford - 57.0 Bren Mar-Edsall Park
Brandywine,Week1,Holmes Run Acres,Week1,204.0 Holmes Run Acres - 198.0 Brandywine
Brandywine,Week5,Lee Graham,Week4,234.0 Lee Graham - 168.0 Brandywine
Bren Mar-Edsall Park,Week1,Highland Park,Week1,368.0 Highland Park - 34.0 Bren Mar-Edsall Park
Bren Mar-Edsall Park,Week4,High Point Pool,Week4,364.0 High Point Pool - 38.0 Bren Mar-Edsall Park
Brandywine,Week2,Rolling Valley,Week3,267.0 Brandywine - 135.0 Rolling Valley
Bren Mar-Edsall Park,Week2,Donaldson Run,Week2,379.0 Donaldson Run - 23.0 Bren Mar-Edsall Park
Brandywine,Week3,Lincolnia Park,Week5,269.0 Brandywine - 124.0 Lincolnia Park
Brandywine,Week1,Rolling Valley,Week1,315.0 Brandywine - 87.0 Rolling Valley
Brandywine,Week2,Camelot,Week4,216.0 Brandywine - 186.0 Camelot
Bren Mar-Edsall Park,Week2,Highland Park,Week5,377.0 Highland Park - 25.0 Bren Mar-Edsall Park
Brandywine,Week4,Rolling Hills,Week3,237.0 Brandywine - 165.0 Rolling Hills
Brandywine,Week1,Rolling Valley,Week3,275.0 Brandywine - 127.0 Rolling Valley
Brandywine,Week3,Holmes Run Acres,Week2,221.0 Brandywine - 180.0 Holmes Run Acres
Brandywine,Week3,Hollin Meadows,Week5,202.0 Brandywine - 200.0 Hollin Meadows
Bren Mar-Edsall Park,Week5,Stratford,Week1,304.0 Stratford - 86.0 Bren Mar-Edsall Park
Bren Mar-Edsall Park,Week2,Stratford,Week4,369.5 Stratford - 31.5 Bren Mar-Edsall Park
Bren Mar-Edsall Park,Week3,Riverside Gardens,Week4,381.0 Riverside Gardens - 21.0 Bren Mar-Edsall Park
Brandywine,Week4,Burke Station,Week4,282.0 Brandywine - 120.0 Burke Station
Bren Mar-Edsall Park,Week1,Little Rocky Run,Week3,384.0 Little Rocky Run - 18.0 Bren Mar-Edsall Park
Bren Mar-Edsall Park,Week2,Stratford,Week5,350.5 Stratford - 49.5 Bren Mar-Edsall Park
Bren Mar-Edsall Park,Week1,Little Hunting Park,Week4,318.0 Little Hunting Park - 81.0 Bren Mar-Edsall Park
Brandywine,Week1,Lincolnia Park,Week2,278.0 Brandywine - 114.0 Lincolnia Park
Bren Mar-Edsall Park,Week3,Highland Park,Week5,374.0 Highland Park - 28.0 Bren Mar-Edsall Park
Brandywine,Week4,Lincolnia Park,Week3,279.0 Brandywine - 114.0 Lincolnia Park
Bren Mar-Edsall Park,Week1,Little Rocky Run,Week1,379.0 Little Rocky Run - 23.0 Bren Mar-Edsall Park
Bren Mar-Edsall Park,Week3,Riverside Gardens,Week5,379.0 Riverside Gardens - 23.0 Bren Mar-Edsall Park
Brandywine,Week3,Hollin Meadows,Week2,226.0 Brandywine - 176.0 Hollin Meadows
Bren Mar-Edsall Park,Week1,Dowden Terrace,Week4,368.0 Dowden Terrace - 34.0 Bren Mar-Edsall Park
Brandywine,Week4,Lincolnia Park,Week2,300.0 Brandywine - 93.0 Lincolnia Park
Bren Mar-Edsall Park,Week2,Highland Park,Week2,373.0 Highland Park - 29.0 Bren Mar-Edsall Park
Bren Mar-Edsall Park,Week3,Little Hunting Park,Week3,316.0 Little Hunting Park - 86.0 Bren Mar-Edsall Park
Brandywine,Week1,Rolling Valley,Week4,267.0 Brandywine - 135.0 Rolling Valley
Brandywine,Week4,Burke Station,Week1,245.0 Brandywine - 134.0 Burke Station
Bren Mar-Edsall Park,Week3,Stratford,Week5,331.0 Stratford - 71.0 Bren Mar-Edsall Park
Bren Mar-Edsall Park,Week2,Donaldson Run,Week4,382.0 Donaldson Run - 20.0 Bren Mar-Edsall Park
Brandywine,Week3,Hollin Meadows,Week4,204.0 Brandywine - 198.0 Hollin Meadows
Brandywine,Week2,Rolling Valley,Week4,257.0 Brandywine - 145.0 Rolling Valley
Bren Mar-Edsall Park,Week4,Riverside Gardens,Week2,374.0 Riverside Gardens - 28.0 Bren Mar-Edsall Park
Bren Mar-Edsall Park,Week5,Donaldson Run,Week5,381.0 Donaldson Run - 16.0 Bren Mar-Edsall Park
Bren Mar-Edsall Park,Week2,Highland Park,Week3,363.0 Highland Park - 39.0 Bren Mar-Edsall Park
Bren Mar-Edsall Park,Week4,Riverside Gardens,Week1,381.0 Riverside Gardens - 21.0 Bren Mar-Edsall Park
Brandywine,Week4,Hollin Meadows,Week3,208.0 Brandywine - 194.0 Hollin Meadows
Bren Mar-Edsall Park,Week3,Little Hunting Park,Week5,314.0 Little Hunting Park - 88.0 Bren Mar-Edsall Park
Bren Mar-Edsall Park,Week4,Stratford,Week1,300.0 Stratford - 100.0 Bren Mar-Edsall Park
Brandywine,Week3,Burke Station,Week3,247.0 Brandywine - 150.0 Burke Station
Brandywine,Week4,Camelot,Week1,223.0 Brandywine - 179.0 Camelot
Brandywine,Week5,Hollin Meadows,Week1,228.0 Brandywine - 174.0 Hollin Meadows
Bren Mar-Edsall Park,Week5,Stratford,Week3,327.0 Stratford - 75.0 Bren Mar-Edsall Park
Bren Mar-Edsall Park,Week2,Stratford,Week2,351.0 Stratford - 45.0 Bren Mar-Edsall Park
Brandywine,Week4,Rolling Hills,Week4,241.0 Brandywine - 161.0 Rolling Hills
Bren Mar-Edsall Park,Week4,High Point Pool,Week3,375.0 High Point Pool - 27.0 Bren Mar-Edsall Park
Bren Mar-Edsall Park,Week3,Little Rocky Run,Week4,385.0 Little Rocky Run - 17.0 Bren Mar-Edsall Park
Bren Mar-Edsall Park,Week5,High Point Pool,Week3,368.0 High Point Pool - 34.0 Bren Mar-Edsall Park
Brandywine,Week4,Burke Station,Week3,260.0 Brandywine - 136.0 Burke Station
Brandywine,Week5,Burke Station,Week3,281.0 Brandywine - 116.0 Burke Station
Bren Mar-Edsall Park,Week5,Donaldson Run,Week1,372.0 Donaldson Run - 30.0 Bren Mar-Edsall Park
Bren Mar-Edsall Park,Week5,Riverside Gardens,Week3,376.0 Riverside Gardens - 26.0 Bren Mar-Edsall Park
Brandywine,Week4,Rolling Valley,Week4,296.0 Brandywine - 106.0 Rolling Valley
Bren Mar-Edsall Park,Week2,Little Hunting Park,Week2,315.0 Little Hunting Park - 86.0 Bren Mar-Edsall Park
Bren Mar-Edsall Park,Week1,Dowden Terrace,Week3,374.0 Dowden Terrace - 28.0 Bren Mar-Edsall Park
Bren Mar-Edsall Park,Week3,Highland Park,Week4,369.0 Highland Park - 33.0 Bren Mar-Edsall Park
Bren Mar-Edsall Park,Week4,Rolling Forest,Week2,347.0 Rolling Forest - 55.0 Bren Mar-Edsall Park
Brandywine,Week3,Lincolnia Park,Week3,265.0 Brandywine - 128.0 Lincolnia Park
Brandywine,Week5,Hollin Meadows,Week3,226.0 Brandywine - 176.0 Hollin Meadows
Bren Mar-Edsall Park,Week1,Little Rocky Run,Week2,386.0 Little Rocky Run - 16.0 Bren Mar-Edsall Park
Brandywine,Week1,Holmes Run Acres,Week4,214.0 Holmes Run Acres - 188.0 Brandywine
Bren Mar-Edsall Park,Week4,High Point Pool,Week2,377.0 High Point Pool - 25.0 Bren Mar-Edsall Park
Bren Mar-Edsall Park,Week1,Sully Station,Week4,378.0 Sully Station - 24.0 Bren Mar-Edsall Park
Brandywine,Week1,Lincolnia Park,Week5,259.0 Brandywine - 134.0 Lincolnia Park
Brandywine,Week3,Camelot,Week3,232.0 Brandywine - 169.0 Camelot
Brandywine,Week1,Holmes Run Acres,Week2,211.0 Holmes Run Acres - 191.0 Brandywine
Brandywine,Week4,Lincolnia Park,Week5,275.0 Brandywine - 118.0 Lincolnia Park
Bren Mar-Edsall Park,Week3,Dowden Terrace,Week5,368.0 Dowden Terrace - 34.0 Bren Mar-Edsall Park
Brandywine,Week3,Lincolnia Park,Week2,284.0 Brandywine - 105.0 Lincolnia Park
Brandywine,Week3,Lincolnia Park,Week4,288.0 Brandywine - 109.0 Lincolnia Park
Brandywine,Week2,Rolling Valley,Week1,298.0 Brandywine - 103.0 Rolling Valley
Bren Mar-Edsall Park,Week1,Sully Station,Week3,375.0 Sully Station - 26.0 Bren Mar-Edsall Park
Bren Mar-Edsall Park,Week1,Rolling Forest,Week4,359.0 Rolling Forest - 43.0 Bren Mar-Edsall Park
Brandywine,Week3,Rolling Valley,Week1,310.0 Brandywine - 91.0 Rolling Valley
Brandywine,Week5,Rolling Hills,Week4,249.0 Brandywine - 152.0 Rolling Hills
Bren Mar-Edsall Park,Week5,Rolling Forest,Week2,340.0 Rolling Forest - 62.0 Bren Mar-Edsall Park
Brandywine,Week3,Burke Station,Week5,242.0 Brandywine - 154.0 Burke Station
Bren Mar-Edsall Park,Week4,Little Hunting Park,Week2,300.0 Little Hunting Park - 102.0 Bren Mar-Edsall Park
Bren Mar-Edsall Park,Week2,Dowden Terrace,Week5,377.0 Dowden Terrace - 25.0 Bren Mar-Edsall Park
Bren Mar-Edsall Park,Week5,Stratford,Week5,325.0 Stratford - 77.0 Bren Mar-Edsall Park
Bren Mar-Edsall Park,Week2,Rolling Forest,Week2,355.0 Rolling Forest - 47.0 Bren Mar-Edsall Park
Brandywine,Week3,Little Hunting Park,Week1,252.0 Brandywine - 150.0 Little Hunting Park
Bren Mar-Edsall Park,Week4,Little Hunting Park,Week1,310.0 Little Hunting Park - 91.0 Bren Mar-Edsall Park
Brandywine,Week5,Lincolnia Park,Week2,305.0 Brandywine - 87.0 Lincolnia Park
Bren Mar-Edsall Park,Week1,Little Hunting Park,Week3,337.0 Little Hunting Park - 64.0 Bren Mar-Edsall Park
Brandywine,Week2,Little Hunting Park,Week3,250.0 Brandywine - 151.0 Little Hunting Park
Bren Mar-Edsall Park,Week3,Dowden Terrace,Week1,341.5 Dowden Terrace - 59.5 Bren Mar-Edsall Park
Brandywine,Week5,Holmes Run Acres,Week3,210.0 Holmes Run Acres - 192.0 Brandywine
Bren Mar-Edsall Park,Week3,Dowden Terrace,Week3,367.0 Dowden Terrace - 35.0 Bren Mar-Edsall Park
Brandywine,Week3,Rolling Valley,Week3,278.0 Brandywine - 124.0 Rolling Valley
Brandywine,Week4,Hollin Meadows,Week2,228.0 Brandywine - 174.0 Hollin Meadows
Brandywine,Week3,Burke Station,Week1,228.0 Brandywine - 151.0 Burke Station
Brandywine,Week4,Lincolnia Park,Week4,303.0 Brandywine - 99.0 Lincolnia Park
Bren Mar-Edsall Park,Week3,Dowden Terrace,Week4,368.0 Dowden Terrace - 34.0 Bren Mar-Edsall Park
Bren Mar-Edsall Park,Week4,Highland Park,Week4,365.0 Highland Park - 36.0 Bren Mar-Edsall Park
Bren Mar-Edsall Park,Week3,Rolling Forest,Week2,347.0 Rolling Forest - 55.0 Bren Mar-Edsall Park
Brandywine,Week3,Rolling Hills,Week4,232.0 Brandywine - 170.0 Rolling Hills
Bren Mar-Edsall Park,Week3,Little Hunting Park,Week1,320.0 Little Hunting Park - 81.0 Bren Mar-Edsall Park
Bren Mar-Edsall Park,Week2,Highlands Swim,Week2,381.0 Highlands Swim - 21.0 Bren Mar-Edsall Park
Brandywine,Week3,Rolling Valley,Week2,273.0 Brandywine - 129.0 Rolling Valley
Bren Mar-Edsall Park,Week5,Rolling Forest,Week1,345.0 Rolling Forest - 57.0 Bren Mar-Edsall Park
Bren Mar-Edsall Park,Week2,Sully Station,Week5,381.0 Sully Station - 21.0 Bren Mar-Edsall Park
Bren Mar-Edsall Park,Week5,Highland Park,Week5,367.0 Highland Park - 35.0 Bren Mar-Edsall Park
Brandywine,Week4,Hollin Meadows,Week1,210.0 Brandywine - 192.0 Hollin Meadows
Brandywine,Week5,Burke Station,Week5,273.0 Brandywine - 129.0 Burke Station
Bren Mar-Edsall Park,Week4,Dowden Terrace,Week2,349.0 Dowden Terrace - 53.0 Bren Mar-Edsall Park
Bren Mar-Edsall Park,Week3,Highland Park,Week2,362.0 Highland Park - 40.0 Bren Mar-Edsall Park
Bren Mar-Edsall Park,Week2,Rolling Forest,Week4,357.0 Rolling Forest - 45.0 Bren Mar-Edsall Park
Brandywine,Week5,Camelot,Week3,265.0 Brandywine - 137.0 Camelot
Brandywine,Week2,Holmes Run Acres,Week1,203.0 Holmes Run Acres - 198.0 Brandywine
Bren Mar-Edsall Park,Week3,Sully Station,Week5,375.0 Sully Station - 27.0 Bren Mar-Edsall Park
Bren Mar-Edsall Park,Week2,Sully Station II,Week2,371.0 Sully Station II - 31.0 Bren Mar-Edsall Park
Brandywine,Week4,Rolling Hills,Week1,246.0 Brandywine - 156.0 Rolling Hills
Bren Mar-Edsall Park,Week2,Little Rocky Run,Week4,392.0 Little Rocky Run - 10.0 Bren Mar-Edsall Park
Brandywine,Week5,Burke Station,Week2,295.0 Brandywine - 106.0 Burke Station
Bren Mar-Edsall Park,Week1,Sully Station,Week5,370.0 Sully Station - 32.0 Bren Mar-Edsall Park
Bren Mar-Edsall Park,Week1,Rolling Forest,Week5,359.0 Rolling Forest - 43.0 Bren Mar-Edsall Park
Brandywine,Week4,Little Hunting Park,Week3,255.0 Brandywine - 147.0 Little Hunting Park
Bren Mar-Edsall Park,Week1,Donaldson Run,Week5,389.0 Donaldson Run - 13.0 Bren Mar-Edsall Park
Bren Mar-Edsall Park,Week3,Highlands Swim,Week5,378.0 Highlands Swim - 24.0 Bren Mar-Edsall Park
Bren Mar-Edsall Park,Week4,Sully Station,Week2,368.0 Sully Station - 29.0 Bren Mar-Edsall Park
Brandywine,Week5,Rolling Hills,Week1,262.5 Brandywine - 139.5 Rolling Hills
Brandywine,Week3,Rolling Valley,Week5,259.0 Brandywine - 143.0 Rolling Valley
Brandywine,Week2,Hollin Meadows,Week5,231.0 Hollin Meadows - 171.0 Brandywine
Bren Mar-Edsall Park,Week5,Highlands Swim,Week4,371.0 Highlands Swim - 31.0 Bren Mar-Edsall Park
Bren Mar-Edsall Park,Week2,Rolling Forest,Week5,363.0 Rolling Forest - 39.0 Bren Mar-Edsall Park
Bren Mar-Edsall Park,Week2,Little Hunting Park,Week3,329.0 Little Hunting Park - 73.0 Bren Mar-Edsall Park
Bren Mar-Edsall Park,Week2,Little Hunting Park,Week1,322.0 Little Hunting Park - 76.0 Bren Mar-Edsall Park
Brandywine,Week5,Burke Station,Week4,291.0 Brandywine - 111.0 Burke Station
Brandywine,Week5,Rolling Valley,Week4,288.0 Brandywine - 114.0 Rolling Valley
Bren Mar-Edsall Park,Week3,Donaldson Run,Week1,382.0 Donaldson Run - 20.0 Bren Mar-Edsall Park
Brandywine,Week1,Camelot,Week5,204.0 Brandywine - 198.0 Camelot
Bren Mar-Edsall Park,Week3,Donaldson Run,Week5,385.0 Donaldson Run - 17.0 Bren Mar-Edsall Park
Brandywine,Week4,Hollin Meadows,Week5,210.5 Hollin Meadows - 191.5 Brandywine
Brandywine,Week3,Burke Station,Week4,256.0 Brandywine - 145.0 Burke Station
Brandywine,Week5,Hollin Meadows,Week5,206.0 Brandywine - 196.0 Hollin Meadows
Bren Mar-Edsall Park,Week3,Sully Station II,Week2,363.0 Sully Station II - 39.0 Bren Mar-Edsall Park
Bren Mar-Edsall Park,Week2,Highlands Swim,Week1,385.0 Highlands Swim - 17.0 Bren Mar-Edsall Park
Bren Mar-Edsall Park,Week1,Little Hunting Park,Week5,311.5 Little Hunting Park - 85.5 Bren Mar-Edsall Park
Bren Mar-Edsall Park,Week5,Riverside Gardens,Week5,374.0 Riverside Gardens - 28.0 Bren Mar-Edsall Park
Brandywine,Week1,Little Hunting Park,Week5,227.0 Brandywine - 175.0 Little Hunting Park
Bren Mar-Edsall Park,Week3,Donaldson Run,Week3,379.0 Donaldson Run - 23.0 Bren Mar-Edsall Park
Brandywine,Week2,Burke Station,Week3,239.0 Brandywine - 158.0 Burke Station
Bren Mar-Edsall Park,Week4,Sully Station,Week5,373.0 Sully Station - 29.0 Bren Mar-Edsall Park
Brandywine,Week1,Little Hunting Park,Week3,245.0 Brandywine - 157.0 Little Hunting Park
Brandywine,Week1,Camelot,Week4,214.0 Brandywine - 188.0 Camelot
Brandywine,Week5,Little Hunting Park,Week3,278.0 Brandywine - 124.0 Little Hunting Park
Bren Mar-Edsall Park,Week2,Sully Station,Week3,380.0 Sully Station - 22.0 Bren Mar-Edsall Park
Bren Mar-Edsall Park,Week5,Sully Station,Week4,375.0 Sully Station - 27.0 Bren Mar-Edsall Park
Bren Mar-Edsall Park,Week4,Rolling Forest,Week1,347.0 Rolling Forest - 55.0 Bren Mar-Edsall Park
Bren Mar-Edsall Park,Week4,Highlands Swim,Week4,375.0 Highlands Swim - 27.0 Bren Mar-Edsall Park
Brandywine,Week4,Rolling Hills,Week5,255.0 Brandywine - 147.0 Rolling Hills
Bren Mar-Edsall Park,Week4,Donaldson Run,Week1,377.0 Donaldson Run - 25.0 Bren Mar-Edsall Park
Bren Mar-Edsall Park,Week2,Donaldson Run,Week3,379.0 Donaldson Run - 23.0 Bren Mar-Edsall Park
Brandywine,Week1,Rolling Valley,Week5,274.0 Brandywine - 128.0 Rolling Valley
Bren Mar-Edsall Park,Week4,Highlands Swim,Week5,375.0 Highlands Swim - 27.0 Bren Mar-Edsall Park
Bren Mar-Edsall Park,Week3,Sully Station,Week4,377.0 Sully Station - 25.0 Bren Mar-Edsall Park
Bren Mar-Edsall Park,Week3,Rolling Forest,Week4,348.0 Rolling Forest - 54.0 Bren Mar-Edsall Park
Brandywine,Week5,Little Hunting Park,Week4,277.0 Brandywine - 125.0 Little Hunting Park
Bren Mar-Edsall Park,Week1,Rolling Forest,Week2,355.0 Rolling Forest - 47.0 Bren Mar-Edsall Park
Brandywine,Week3,Hollin Meadows,Week3,208.0 Brandywine - 194.0 Hollin Meadows
Brandywine,Week4,Little Hunting Park,Week5,239.0 Brandywine - 163.0 Little Hunting Park
Bren Mar-Edsall Park,Week5,Riverside Gardens,Week1,376.0 Riverside Gardens - 26.0 Bren Mar-Edsall Park
Brandywine,Week5,Rolling Hills,Week3,256.0 Brandywine - 146.0 Rolling Hills
Brandywine,Week1,Camelot,Week3,228.0 Brandywine - 174.0 Camelot
Brandywine,Week5,Hollin Meadows,Week2,242.0 Brandywine - 160.0 Hollin Meadows
Bren Mar-Edsall Park,Week3,Highlands Swim,Week3,373.0 Highlands Swim - 29.0 Bren Mar-Edsall Park
Bren Mar-Edsall Park,Week5,Little Hunting Park,Week4,290.0 Little Hunting Park - 111.0 Bren Mar-Edsall Park
Brandywine,Week4,Burke Station,Week2,289.0 Brandywine - 113.0 Burke Station
Bren Mar-Edsall Park,Week5,Highland Park,Week4,365.0 Highland Park - 37.0 Bren Mar-Edsall Park
Bren Mar-Edsall Park,Week3,Donaldson Run,Week2,378.5 Donaldson Run - 23.5 Bren Mar-Edsall Park
Brandywine,Week4,Hollin Meadows,Week4,211.0 Brandywine - 191.0 Hollin Meadows
Brandywine,Week5,Rolling Hills,Week2,258.0 Brandywine - 144.0 Rolling Hills
Bren Mar-Edsall Park,Week2,Sully Station,Week2,376.0 Sully Station - 21.0 Bren Mar-Edsall Park
Bren Mar-Edsall Park,Week4,Little Hunting Park,Week5,306.0 Little Hunting Park - 94.0 Bren Mar-Edsall Park
Brandywine,Week1,Holmes Run Acres,Week5,258.0 Holmes Run Acres - 139.0 Brandywine
Brandywine,Week5,Little Hunting Park,Week1,274.0 Brandywine - 127.0 Little Hunting Park
Bren Mar-Edsall Park,Week5,Little Hunting Park,Week2,303.0 Little Hunting Park - 98.0 Bren Mar-Edsall Park
Bren Mar-Edsall Park,Week5,Little Hunting Park,Week1,307.0 Little Hunting Park - 94.0 Bren Mar-Edsall Park
Bren Mar-Edsall Park,Week1,Rolling Forest,Week1,360.0 Rolling Forest - 42.0 Bren Mar-Edsall Park
Bren Mar-Edsall Park,Week5,Highland Park,Week2,355.0 Highland Park - 47.0 Bren Mar-Edsall Park
Brandywine,Week4,Burke Station,Week5,263.0 Brandywine - 139.0 Burke Station
Brandywine,Week3,Rolling Hills,Week5,248.0 Brandywine - 153.0 Rolling Hills
Bren Mar-Edsall Park,Week2,Donaldson Run,Week5,384.5 Donaldson Run - 17.5 Bren Mar-Edsall Park
Brandywine,Week1,Rolling Valley,Week2,279.0 Brandywine - 118.0 Rolling Valley
Bren Mar-Edsall Park,Week1,Sully Station II,Week3,374.0 Sully Station II - 28.0 Bren Mar-Edsall Park
Bren Mar-Edsall Park,Week4,Donaldson Run,Week3,379.0 Donaldson Run - 23.0 Bren Mar-Edsall Park
Bren Mar-Edsall Park,Week5,Riverside Gardens,Week4,381.0 Riverside Gardens - 21.0 Bren Mar-Edsall Park
Bren Mar-Edsall Park,Week5,Highlands Swim,Week2,376.0 Highlands Swim - 26.0 Bren Mar-Edsall Park
Bren Mar-Edsall Park,Week5,Highland Park,Week3,349.0 Highland Park - 48.0 Bren Mar-Edsall Park
Bren Mar-Edsall Park,Week3,Sully Station,Week3,377.0 Sully Station - 25.0 Bren Mar-Edsall Park
Bren Mar-Edsall Park,Week4,Little Hunting Park,Week3,316.0 Little Hunting Park - 85.0 Bren Mar-Edsall Park
Brandywine,Week4,Little Hunting Park,Week2,260.0 Brandywine - 142.0 Little Hunting Park
Brandywine,Week4,Rolling Hills,Week2,249.0 Brandywine - 153.0 Rolling Hills
Brandywine,Week5,Rolling Hills,Week5,265.0 Brandywine - 137.0 Rolling Hills
Brandywine,Week5,Hollin Meadows,Week4,230.0 Brandywine - 172.0 Hollin Meadows
Brandywine,Week5,Little Hunting Park,Week5,262.0 Brandywine - 140.0 Little Hunting Park
Brandywine,Week3,Burke Station,Week2,271.0 Brandywine - 131.0 Burke Station
Bren Mar-Edsall Park,Week2,Donaldson Run,Week1,383.0 Donaldson Run - 19.0 Bren Mar-Edsall Park
Bren Mar-Edsall Park,Week2,Little Hunting Park,Week5,319.0 Little Hunting Park - 81.0 Bren Mar-Edsall Park
Bren Mar-Edsall Park,Week3,Little Hunting Park,Week4,299.0 Little Hunting Park - 103.0 Bren Mar-Edsall Park
Brandywine,Week2,Holmes Run Acres,Week2,216.0 Brandywine - 185.0 Holmes Run Acres
Bren Mar-Edsall Park,Week3,Rolling Forest,Week1,349.0 Rolling Forest - 53.0 Bren Mar-Edsall Park
Bren Mar-Edsall Park,Week4,Rolling Forest,Week3,357.0 Rolling Forest - 44.0 Bren Mar-Edsall Park
Bren Mar-Edsall Park,Week4,Sully Station,Week4,374.0 Sully Station - 28.0 Bren Mar-Edsall Park
Bren Mar-Edsall Park,Week4,Donaldson Run,Week4,381.0 Donaldson Run - 21.0 Bren Mar-Edsall Park
Brandywine,Week5,Little Hunting Park,Week2,279.0 Brandywine - 123.0 Little Hunting Park
Bren Mar-Edsall Park,Week3,Sully Station,Week2,366.0 Sully Station - 36.0 Bren Mar-Edsall Park
Bren Mar-Edsall Park,Week4,Little Hunting Park,Week4,297.0 Little Hunting Park - 105.0 Bren Mar-Edsall Park
Brandywine,Week2,Burke Station,Week5,242.0 Brandywine - 160.0 Burke Station
Brandywine,Week3,Little Hunting Park,Week5,235.0 Brandywine - 166.0 Little Hunting Park
Bren Mar-Edsall Park,Week1,Highlands Swim,Week4,374.0 Highlands Swim - 28.0 Bren Mar-Edsall Park
Brandywine,Week1,Holmes Run Acres,Week3,241.0 Holmes Run Acres - 161.0 Brandywine
Brandywine,Week1,Camelot,Week1,213.0 Brandywine - 189.0 Camelot
Brandywine,Week2,Holmes Run Acres,Week4,201.0 Holmes Run Acres - 200.0 Brandywine
Bren Mar-Edsall Park,Week2,Rolling Forest,Week1,356.0 Rolling Forest - 46.0 Bren Mar-Edsall Park
Bren Mar-Edsall Park,Week2,Highlands Swim,Week5,381.0 Highlands Swim - 21.0 Bren Mar-Edsall Park
Brandywine,Week2,Camelot,Week1,202.0 Camelot - 200.0 Brandywine
Bren Mar-Edsall Park,Week2,Highlands Swim,Week4,377.0 Highlands Swim - 25.0 Bren Mar-Edsall Park
Brandywine,Week2,Camelot,Week5,212.5 Camelot - 189.5 Brandywine
Brandywine,Week1,Little Hunting Park,Week4,248.0 Brandywine - 154.0 Little Hunting Park
Brandywine,Week3,Holmes Run Acres,Week1,224.0 Brandywine - 177.0 Holmes Run Acres
Brandywine,Week2,Rolling Valley,Week2,277.0 Brandywine - 125.0 Rolling Valley
Bren Mar-Edsall Park,Week1,Little Rocky Run,Week4,388.0 Little Rocky Run - 14.0 Bren Mar-Edsall Park
Brandywine,Week3,Rolling Valley,Week4,266.0 Brandywine - 135.0 Rolling Valley
Brandywine,Week2,Holmes Run Acres,Week3,231.0 Holmes Run Acres - 170.0 Brandywine
Brandywine,Week2,Camelot,Week3,212.0 Brandywine - 190.0 Camelot
Bren Mar-Edsall Park,Week5,Donaldson Run,Week3,376.0 Donaldson Run - 26.0 Bren Mar-Edsall Park
Bren Mar-Edsall Park,Week4,Sully Station,Week3,375.0 Sully Station - 26.0 Bren Mar-Edsall Park
Bren Mar-Edsall Park,Week5,Little Hunting Park,Week3,309.0 Little Hunting Park - 93.0 Bren Mar-Edsall Park
Bren Mar-Edsall Park,Week5,Sully Station,Week3,371.0 Sully Station - 31.0 Bren Mar-Edsall Park
Brandywine,Week2,Holmes Run Acres,Week5,241.0 Holmes Run Acres - 161.0 Brandywine
Bren Mar-Edsall Park,Week4,Sully Station,Week1,373.0 Sully Station - 27.0 Bren Mar-Edsall Park
Bren Mar-Edsall Park,Week4,Riverside Gardens,Week5,378.0 Riverside Gardens - 24.0 Bren Mar-Edsall Park
Brandywine,Week2,Little Hunting Park,Week1,238.0 Brandywine - 164.0 Little Hunting Park
Brandywine,Week2,Rolling Valley,Week5,247.0 Brandywine - 155.0 Rolling Valley
Bren Mar-Edsall Park,Week5,Donaldson Run,Week2,370.0 Donaldson Run - 32.0 Bren Mar-Edsall Park
Bren Mar-Edsall Park,Week2,Highlands Swim,Week3,381.0 Highlands Swim - 21.0 Bren Mar-Edsall Park
Bren Mar-Edsall Park,Week5,Little Hunting Park,Week5,300.0 Little Hunting Park - 98.0 Bren Mar-Edsall Park
Bren Mar-Edsall Park,Week3,Rolling Forest,Week3,361.0 Rolling Forest - 41.0 Bren Mar-Edsall Park
Bren Mar-Edsall Park,Week4,Donaldson Run,Week5,386.0 Donaldson Run - 16.0 Bren Mar-Edsall Park
Brandywine,Week3,Holmes Run Acres,Week5,232.0 Holmes Run Acres - 170.0 Brandywine
Brandywine,Week2,Little Hunting Park,Week4,247.0 Brandywine - 155.0 Little Hunting Park
Brandywine,Week3,Camelot,Week1,212.0 Brandywine - 189.0 Camelot
Brandywine,Week4,Rolling Valley,Week3,299.0 Brandywine - 103.0 Rolling Valley
Bren Mar-Edsall Park,Week3,Rolling Forest,Week5,349.0 Rolling Forest - 53.0 Bren Mar-Edsall Park
Brandywine,Week3,Camelot,Week5,205.0 Brandywine - 196.0 Camelot
Brandywine,Week4,Holmes Run Acres,Week2,225.0 Brandywine - 177.0 Holmes Run Acres
Bren Mar-Edsall Park,Week1,Highlands Swim,Week2,385.0 Highlands Swim - 17.0 Bren Mar-Edsall Park
Brandywine,Week4,Rolling Valley,Week5,288.5 Brandywine - 113.5 Rolling Valley
Bren Mar-Edsall Park,Week2,Rolling Forest,Week3,368.0 Rolling Forest - 33.0 Bren Mar-Edsall Park
Bren Mar-Edsall Park,Week1,Highlands Swim,Week1,378.0 Highlands Swim - 24.0 Bren Mar-Edsall Park
Brandywine,Week4,Rolling Valley,Week1,342.0 Brandywine - 60.0 Rolling Valley
Bren Mar-Edsall Park,Week3,Sully Station,Week1,378.0 Sully Station - 24.0 Bren Mar-Edsall Park
Bren Mar-Edsall Park,Week3,Highlands Swim,Week1,374.0 Highlands Swim - 28.0 Bren Mar-Edsall Park
Bren Mar-Edsall Park,Week1,Dowden Terrace,Week5,380.0 Dowden Terrace - 22.0 Bren Mar-Edsall Park
Brandywine,Week2,Little Hunting Park,Week5,235.0 Brandywine - 166.0 Little Hunting Park
Brandywine,Week3,Holmes Run Acres,Week3,212.0 Holmes Run Acres - 189.0 Brandywine
Bren Mar-Edsall Park,Week2,Little Rocky Run,Week1,380.0 Little Rocky Run - 22.0 Bren Mar-Edsall Park
Brandywine,Week3,Little Hunting Park,Week2,253.0 Brandywine - 148.0 Little Hunting Park
Brandywine,Week3,Camelot,Week4,235.0 Brandywine - 166.0 Camelot
Bren Mar-Edsall Park,Week1,Little Rocky Run,Week5,388.0 Little Rocky Run - 14.0 Bren Mar-Edsall Park
Bren Mar-Edsall Park,Week2,Little Rocky Run,Week5,388.0 Little Rocky Run - 9.0 Bren Mar-Edsall Park
Bren Mar-Edsall Park,Week4,Riverside Gardens,Week4,382.0 Riverside Gardens - 20.0 Bren Mar-Edsall Park
Bren Mar-Edsall Park,Week3,Highlands Swim,Week2,383.0 Highlands Swim - 19.0 Bren Mar-Edsall Park
Bren Mar-Edsall Park,Week4,Riverside Gardens,Week3,383.0 Riverside Gardens - 19.0 Bren Mar-Edsall Park
Bren Mar-Edsall Park,Week5,Riverside Gardens,Week2,360.0 Riverside Gardens - 42.0 Bren Mar-Edsall Park
Brandywine,Week4,Holmes Run Acres,Week1,228.0 Brandywine - 174.0 Holmes Run Acres
Bren Mar-Edsall Park,Week1,Sully Station II,Week1,356.0 Sully Station II - 44.0 Bren Mar-Edsall Park
Brandywine,Week3,Little Hunting Park,Week3,246.5 Brandywine - 154.5 Little Hunting Park
Bren Mar-Edsall Park,Week2,Dowden Terrace,Week1,349.0 Dowden Terrace - 49.0 Bren Mar-Edsall Park
Bren Mar-Edsall Park,Week1,Dowden Terrace,Week2,359.0 Dowden Terrace - 43.0 Bren Mar-Edsall Park
Bren Mar-Edsall Park,Week1,Sully Station II,Week2,375.0 Sully Station II - 26.0 Bren Mar-Edsall Park
Brandywine,Week2,Little Hunting Park,Week2,240.0 Brandywine - 161.0 Little Hunting Park
Brandywine,Week4,Rolling Valley,Week2,297.0 Brandywine - 105.0 Rolling Valley
Bren Mar-Edsall Park,Week2,Little Rocky Run,Week2,390.0 Little Rocky Run - 12.0 Bren Mar-Edsall Park
Bren Mar-Edsall Park,Week5,Sully Station,Week1,371.0 Sully Station - 31.0 Bren Mar-Edsall Park
Brandywine,Week4,Camelot,Week2,226.0 Brandywine - 176.0 Camelot
Bren Mar-Edsall Park,Week1,Highlands Swim,Week5,377.0 Highlands Swim - 25.0 Bren Mar-Edsall Park
Bren Mar-Edsall Park,Week1,Dowden Terrace,Week1,350.0 Dowden Terrace - 48.0 Bren Mar-Edsall Park
Bren Mar-Edsall Park,Week3,Dowden Terrace,Week2,352.0 Dowden Terrace - 50.0 Bren Mar-Edsall Park
Bren Mar-Edsall Park,Week4,Rolling Forest,Week5,357.0 Rolling Forest - 45.0 Bren Mar-Edsall Park
Brandywine,Week3,Little Hunting Park,Week4,253.0 Brandywine - 149.0 Little Hunting Park
Brandywine,Week4,Holmes Run Acres,Week5,225.0 Holmes Run Acres - 177.0 Brandywine
Brandywine,Week4,Camelot,Week5,224.0 Brandywine - 178.0 Camelot
Bren Mar-Edsall Park,Week5,Sully Station,Week5,372.0 Sully Station - 30.0 Bren Mar-Edsall Park
Bren Mar-Edsall Park,Week1,Sully Station II,Week4,372.0 Sully Station II - 30.0 Bren Mar-Edsall Park
Brandywine,Week5,Rolling Valley,Week2,296.0 Brandywine - 106.0 Rolling Valley
Brandywine,Week4,Camelot,Week3,243.0 Brandywine - 159.0 Camelot
Brandywine,Week4,Holmes Run Acres,Week3,233.0 Holmes Run Acres - 169.0 Brandywine
Bren Mar-Edsall Park,Week4,Highlands Swim,Week2,386.0 Highlands Swim - 16.0 Bren Mar-Edsall Park
Bren Mar-Edsall Park,Week3,Highlands Swim,Week4,366.0 Highlands Swim - 36.0 Bren Mar-Edsall Park
Brandywine,Week3,Holmes Run Acres,Week4,203.0 Brandywine - 198.0 Holmes Run Acres
Brandywine,Week4,Holmes Run Acres,Week4,225.0 Brandywine - 177.0 Holmes Run Acres
Bren Mar-Edsall Park,Week2,Dowden Terrace,Week2,358.0 Dowden Terrace - 44.0 Bren Mar-Edsall Park
Brandywine,Week4,Camelot,Week4,236.0 Brandywine - 166.0 Camelot
Brandywine,Week4,Rutherford,Week5,245.0 Brandywine - 157.0 Rutherford
Bren Mar-Edsall Park,Week2,Dowden Terrace,Week3,378.0 Dowden Terrace - 24.0 Bren Mar-Edsall Park
Brandywine,Week5,Camelot,Week1,249.0 Brandywine - 153.0 Camelot
Bren Mar-Edsall Park,Week2,Little Rocky Run,Week3,390.0 Little Rocky Run - 11.0 Bren Mar-Edsall Park
Bren Mar-Edsall Park,Week3,Little Rocky Run,Week3,380.0 Little Rocky Run - 22.0 Bren Mar-Edsall Park
Brandywine,Week4,Little Hunting Park,Week4,263.0 Brandywine - 139.0 Little Hunting Park
Brandywine,Week2,Rutherford,Week1,254.0 Brandywine - 148.0 Rutherford
Bren Mar-Edsall Park,Week3,Little Rocky Run,Week2,380.0 Little Rocky Run - 22.0 Bren Mar-Edsall Park
Brandywine,Week5,Rutherford,Week4,264.0 Brandywine - 138.0 Rutherford
Brandywine,Week5,Holmes Run Acres,Week1,240.0 Brandywine - 162.0 Holmes Run Acres
Bren Mar-Edsall Park,Week2,Dowden Terrace,Week4,375.0 Dowden Terrace - 22.0 Bren Mar-Edsall Park
Brandywine,Week4,Little Hunting Park,Week1,248.0 Brandywine - 154.0 Little Hunting Park
Bren Mar-Edsall Park,Week2,Sully Station,Week4,382.0 Sully Station - 20.0 Bren Mar-Edsall Park
Bren Mar-Edsall Park,Week5,Sully Station,Week2,358.0 Sully Station - 39.0 Bren Mar-Edsall Park
Bren Mar-Edsall Park,Week3,Little Rocky Run,Week1,372.0 Little Rocky Run - 25.0 Bren Mar-Edsall Park
Bren Mar-Edsall Park,Week4,Highlands Swim,Week1,376.0 Highlands Swim - 26.0 Bren Mar-Edsall Park
Bren Mar-Edsall Park,Week5,Highland Park,Week1,355.0 Highland Park - 47.0 Bren Mar-Edsall Park
Bren Mar-Edsall Park,Week4,Rolling Forest,Week4,350.0 Rolling Forest - 52.0 Bren Mar-Edsall Park
Bren Mar-Edsall Park,Week1,Rolling Forest,Week3,367.0 Rolling Forest - 35.0 Bren Mar-Edsall Park
Bren Mar-Edsall Park,Week3,Rolling Hills,Week2,332.0 Rolling Hills - 69.0 Bren Mar-Edsall Park
Bren Mar-Edsall Park,Week1,Long Branch,Week2,318.0 Long Branch - 83.0 Bren Mar-Edsall Park
Brandywine,Week1,Canterbury Woods,Week1,220.0 Brandywine - 182.0 Canterbury Woods
Brandywine,Week1,Hunt Valley,Week4,290.0 Hunt Valley - 112.0 Brandywine
Brandywine,Week5,Camelot,Week4,263.0 Brandywine - 139.0 Camelot
Bren Mar-Edsall Park,Week4,Dowden Terrace,Week1,343.0 Dowden Terrace - 58.0 Bren Mar-Edsall Park
Bren Mar-Edsall Park,Week2,Long Branch,Week2,327.0 Long Branch - 73.0 Bren Mar-Edsall Park
Brandywine,Week5,Camelot,Week2,252.0 Brandywine - 150.0 Camelot
Bren Mar-Edsall Park,Week5,Highlands Swim,Week1,374.0 Highlands Swim - 28.0 Bren Mar-Edsall Park
Bren Mar-Edsall Park,Week3,Little Rocky Run,Week5,383.0 Little Rocky Run - 19.0 Bren Mar-Edsall Park
Brandywine,Week5,Rolling Valley,Week1,337.0 Brandywine - 65.0 Rolling Valley
Bren Mar-Edsall Park,Week3,Dunn Loring,Week1,375.0 Dunn Loring - 27.0 Bren Mar-Edsall Park
Bren Mar-Edsall Park,Week4,Highlands Swim,Week3,378.0 Highlands Swim - 24.0 Bren Mar-Edsall Park
Bren Mar-Edsall Park,Week2,Sully Station II,Week1,354.0 Sully Station II - 48.0 Bren Mar-Edsall Park
Brandywine,Week5,Rutherford,Week3,277.0 Brandywine - 125.0 Rutherford
Bren Mar-Edsall Park,Week1,Highlands Swim,Week3,378.0 Highlands Swim - 24.0 Bren Mar-Edsall Park
Brandywine,Week1,Rutherford,Week5,230.0 Brandywine - 172.0 Rutherford
Bren Mar-Edsall Park,Week2,Sully Station II,Week3,372.0 Sully Station II - 30.0 Bren Mar-Edsall Park
Bren Mar-Edsall Park,Week1,Sully Station II,Week5,384.0 Sully Station II - 18.0 Bren Mar-Edsall Park
Brandywine,Week5,Holmes Run Acres,Week2,236.0 Brandywine - 166.0 Holmes Run Acres
Bren Mar-Edsall Park,Week1,Rolling Hills,Week5,345.0 Rolling Hills - 56.0 Bren Mar-Edsall Park
Bren Mar-Edsall Park,Week1,Rolling Valley,Week1,297.0 Rolling Valley - 104.0 Bren Mar-Edsall Park
Brandywine,Week5,Camelot,Week5,247.5 Brandywine - 154.5 Camelot
Bren Mar-Edsall Park,Week5,Dowden Terrace,Week5,365.0 Dowden Terrace - 37.0 Bren Mar-Edsall Park
Brandywine,Week5,Holmes Run Acres,Week5,221.0 Holmes Run Acres - 181.0 Brandywine
Bren Mar-Edsall Park,Week4,Rolling Hills,Week5,325.0 Rolling Hills - 77.0 Bren Mar-Edsall Park
Bren Mar-Edsall Park,Week4,Dunn Loring,Week1,375.0 Dunn Loring - 27.0 Bren Mar-Edsall Park
Bren Mar-Edsall Park,Week1,Hollin Hills,Week1,256.0 Hollin Hills - 144.0 Bren Mar-Edsall Park
Bren Mar-Edsall Park,Week1,Rolling Hills,Week4,343.0 Rolling Hills - 55.0 Bren Mar-Edsall Park
Brandywine,Week5,Rolling Valley,Week3,301.5 Brandywine - 100.5 Rolling Valley
Brandywine,Week1,Canterbury Woods,Week3,201.5 Canterbury Woods - 200.5 Brandywine
Bren Mar-Edsall Park,Week2,Sully Station II,Week4,362.0 Sully Station II - 40.0 Bren Mar-Edsall Park
Bren Mar-Edsall Park,Week5,Dowden Terrace,Week2,339.0 Dowden Terrace - 53.0 Bren Mar-Edsall Park
Brandywine,Week1,Hunt Valley,Week5,302.0 Hunt Valley - 100.0 Brandywine
Brandywine,Week1,Fairfax Station,Week4,282.0 Fairfax Station - 120.0 Brandywine
Brandywine,Week2,Hunt Valley,Week5,291.0 Hunt Valley - 111.0 Brandywine
Bren Mar-Edsall Park,Week3,Sully Station II,Week1,345.0 Sully Station II - 57.0 Bren Mar-Edsall Park
Brandywine,Week3,Rutherford,Week3,241.0 Brandywine - 161.0 Rutherford
Bren Mar-Edsall Park,Week1,Hollin Hills,Week2,261.0 Hollin Hills - 136.0 Bren Mar-Edsall Park
Bren Mar-Edsall Park,Week5,Little Rocky Run,Week3,382.0 Little Rocky Run - 20.0 Bren Mar-Edsall Park
Brandywine,Week4,Hunt Valley,Week1,261.0 Hunt Valley - 141.0 Brandywine
Bren Mar-Edsall Park,Week3,Long Branch,Week5,333.0 Long Branch - 69.0 Bren Mar-Edsall Park
Bren Mar-Edsall Park,Week4,Rolling Hills,Week3,328.0 Rolling Hills - 66.0 Bren Mar-Edsall Park
Bren Mar-Edsall Park,Week1,Dunn Loring,Week3,391.0 Dunn Loring - 11.0 Bren Mar-Edsall Park
Bren Mar-Edsall Park,Week5,Highlands Swim,Week5,376.0 Highlands Swim - 26.0 Bren Mar-Edsall Park
Brandywine,Week5,Rolling Valley,Week5,297.0 Brandywine - 105.0 Rolling Valley
Brandywine,Week1,Hunt Valley,Week1,283.0 Hunt Valley - 119.0 Brandywine
Brandywine,Week5,Fairfax Club Estates,Week5,261.0 Brandywine - 140.0 Fairfax Club Estates
Bren Mar-Edsall Park,Week4,Little Rocky Run,Week4,385.0 Little Rocky Run - 17.0 Bren Mar-Edsall Park
Bren Mar-Edsall Park,Week1,Dunn Loring,Week1,379.5 Dunn Loring - 22.5 Bren Mar-Edsall Park
Bren Mar-Edsall Park,Week1,Long Branch,Week5,346.0 Long Branch - 55.0 Bren Mar-Edsall Park
Bren Mar-Edsall Park,Week4,Little Rocky Run,Week5,386.0 Little Rocky Run - 11.0 Bren Mar-Edsall Park
Brandywine,Week3,Rutherford,Week5,235.0 Brandywine - 162.0 Rutherford
Bren Mar-Edsall Park,Week5,Rolling Forest,Week4,345.0 Rolling Forest - 57.0 Bren Mar-Edsall Park
Bren Mar-Edsall Park,Week3,Rolling Hills,Week1,328.0 Rolling Hills - 74.0 Bren Mar-Edsall Park
Brandywine,Week3,Rutherford,Week1,263.0 Brandywine - 134.0 Rutherford
Bren Mar-Edsall Park,Week3,Dunn Loring,Week3,389.0 Dunn Loring - 13.0 Bren Mar-Edsall Park
Brandywine,Week1,Fairfax Station,Week3,296.0 Fairfax Station - 106.0 Brandywine
Bren Mar-Edsall Park,Week2,Sully Station II,Week5,381.0 Sully Station II - 21.0 Bren Mar-Edsall Park
Brandywine,Week1,Canterbury Woods,Week2,239.0 Brandywine - 163.0 Canterbury Woods
Bren Mar-Edsall Park,Week3,Sully Station II,Week3,374.0 Sully Station II - 28.0 Bren Mar-Edsall Park
Brandywine,Week1,Canterbury Woods,Week5,209.0 Brandywine - 193.0 Canterbury Woods
Brandywine,Week1,Canterbury Woods,Week4,204.5 Canterbury Woods - 197.5 Brandywine
Brandywine,Week5,Fairfax Station,Week5,281.0 Fairfax Station - 121.0 Brandywine
Bren Mar-Edsall Park,Week4,Sully Station II,Week4,363.0 Sully Station II - 39.0 Bren Mar-Edsall Park
Bren Mar-Edsall Park,Week1,Rolling Hills,Week2,341.0 Rolling Hills - 61.0 Bren Mar-Edsall Park
Bren Mar-Edsall Park,Week5,Highlands Swim,Week3,373.0 Highlands Swim - 29.0 Bren Mar-Edsall Park
Brandywine,Week3,Fairfax Station,Week3,269.0 Fairfax Station - 133.0 Brandywine
Brandywine,Week2,Rutherford,Week3,248.0 Brandywine - 154.0 Rutherford
Brandywine,Week2,Hunt Valley,Week2,269.0 Hunt Valley - 133.0 Brandywine
Bren Mar-Edsall Park,Week5,Rolling Forest,Week3,352.0 Rolling Forest - 50.0 Bren Mar-Edsall Park
Bren Mar-Edsall Park,Week3,Sully Station II,Week4,359.0 Sully Station II - 43.0 Bren Mar-Edsall Park
Bren Mar-Edsall Park,Week3,Sully Station II,Week5,382.0 Sully Station II - 20.0 Bren Mar-Edsall Park
Brandywine,Week2,Canterbury Woods,Week4,202.0 Brandywine - 200.0 Canterbury Woods
Bren Mar-Edsall Park,Week3,Dunn Loring,Week4,385.0 Dunn Loring - 17.0 Bren Mar-Edsall Park
Bren Mar-Edsall Park,Week1,Hollin Hills,Week4,270.0 Hollin Hills - 126.0 Bren Mar-Edsall Park
Brandywine,Week2,Canterbury Woods,Week1,226.0 Brandywine - 176.0 Canterbury Woods
Brandywine,Week2,Canterbury Woods,Week3,202.0 Canterbury Woods - 200.0 Brandywine
Bren Mar-Edsall Park,Week3,Long Branch,Week4,337.0 Long Branch - 65.0 Bren Mar-Edsall Park
Brandywine,Week4,Rutherford,Week2,280.0 Brandywine - 122.0 Rutherford
Bren Mar-Edsall Park,Week4,Dunn Loring,Week2,389.0 Dunn Loring - 13.0 Bren Mar-Edsall Park
Brandywine,Week1,Rutherford,Week3,243.0 Brandywine - 159.0 Rutherford
Brandywine,Week2,Rutherford,Week5,227.0 Brandywine - 175.0 Rutherford
Bren Mar-Edsall Park,Week1,Hollin Hills,Week5,245.0 Hollin Hills - 151.0 Bren Mar-Edsall Park
Brandywine,Week1,Hunt Valley,Week2,280.5 Hunt Valley - 121.5 Brandywine
Bren Mar-Edsall Park,Week5,Hollin Hills,Week4,255.0 Hollin Hills - 139.0 Bren Mar-Edsall Park
Brandywine,Week2,Canterbury Woods,Week2,230.0 Brandywine - 172.0 Canterbury Woods
Bren Mar-Edsall Park,Week4,Long Branch,Week1,308.0 Long Branch - 88.0 Bren Mar-Edsall Park
Bren Mar-Edsall Park,Week1,Truro,Week5,326.0 Truro - 74.0 Bren Mar-Edsall Park
Bren Mar-Edsall Park,Week1,Dunn Loring,Week5,387.0 Dunn Loring - 15.0 Bren Mar-Edsall Park
Bren Mar-Edsall Park,Week5,Rolling Hills,Week4,324.0 Rolling Hills - 72.0 Bren Mar-Edsall Park
Brandywine,Week4,Hunt Valley,Week2,265.0 Hunt Valley - 137.0 Brandywine
Bren Mar-Edsall Park,Week3,Long Branch,Week3,312.0 Long Branch - 90.0 Bren Mar-Edsall Park
Brandywine,Week4,Hunt Valley,Week3,271.0 Hunt Valley - 131.0 Brandywine
Brandywine,Week3,Fairfax Station,Week5,290.0 Fairfax Station - 112.0 Brandywine
Brandywine,Week4,Fairfax Station,Week2,274.5 Fairfax Station - 127.5 Brandywine
Bren Mar-Edsall Park,Week5,Little Rocky Run,Week1,372.0 Little Rocky Run - 25.0 Bren Mar-Edsall Park
Bren Mar-Edsall Park,Week4,Dowden Terrace,Week5,367.0 Dowden Terrace - 35.0 Bren Mar-Edsall Park
Bren Mar-Edsall Park,Week1,Hollin Hills,Week3,284.5 Hollin Hills - 116.5 Bren Mar-Edsall Park
Brandywine,Week2,Forest Hollow,Week1,225.0 Forest Hollow - 177.0 Brandywine
Bren Mar-Edsall Park,Week1,Rolling Hills,Week3,344.0 Rolling Hills - 58.0 Bren Mar-Edsall Park
Bren Mar-Edsall Park,Week1,Truro,Week3,322.0 Truro - 80.0 Bren Mar-Edsall Park
Bren Mar-Edsall Park,Week2,Dunn Loring,Week3,390.0 Dunn Loring - 12.0 Bren Mar-Edsall Park
Brandywine,Week2,Fairfax Station,Week3,287.0 Fairfax Station - 115.0 Brandywine
Bren Mar-Edsall Park,Week1,Hollin Meadows,Week4,373.0 Hollin Meadows - 29.0 Bren Mar-Edsall Park
Brandywine,Week2,Canterbury Woods,Week5,207.5 Brandywine - 194.5 Canterbury Woods
Bren Mar-Edsall Park,Week1,Long Branch,Week1,327.0 Long Branch - 73.0 Bren Mar-Edsall Park
Bren Mar-Edsall Park,Week2,Rolling Hills,Week4,338.0 Rolling Hills - 58.0 Bren Mar-Edsall Park
Brandywine,Week2,Rutherford,Week4,226.0 Brandywine - 176.0 Rutherford
Bren Mar-Edsall Park,Week4,Little Rocky Run,Week2,382.0 Little Rocky Run - 20.0 Bren Mar-Edsall Park
Brandywine,Week1,Fairfax Station,Week5,298.0 Fairfax Station - 104.0 Brandywine
Brandywine,Week2,Hunt Valley,Week4,275.0 Hunt Valley - 127.0 Brandywine
Bren Mar-Edsall Park,Week1,Dunn Loring,Week4,386.0 Dunn Loring - 16.0 Bren Mar-Edsall Park
Bren Mar-Edsall Park,Week3,Rolling Hills,Week4,329.0 Rolling Hills - 71.0 Bren Mar-Edsall Park
Brandywine,Week3,Hunt Valley,Week1,259.0 Hunt Valley - 143.0 Brandywine
Brandywine,Week5,Fairfax Station,Week2,257.0 Fairfax Station - 145.0 Brandywine
Bren Mar-Edsall Park,Week2,Truro,Week4,342.0 Truro - 56.0 Bren Mar-Edsall Park
Brandywine,Week1,Rutherford,Week2,263.0 Brandywine - 139.0 Rutherford
Bren Mar-Edsall Park,Week4,Dunn Loring,Week3,388.0 Dunn Loring - 14.0 Bren Mar-Edsall Park
Bren Mar-Edsall Park,Week3,Hollin Hills,Week3,267.0 Hollin Hills - 133.0 Bren Mar-Edsall Park
Bren Mar-Edsall Park,Week2,Hollin Meadows,Week1,369.0 Hollin Meadows - 33.0 Bren Mar-Edsall Park
Brandywine,Week2,Hunt Valley,Week3,286.0 Hunt Valley - 116.0 Brandywine
Bren Mar-Edsall Park,Week1,Long Branch,Week3,325.0 Long Branch - 75.0 Bren Mar-Edsall Park
Brandywine,Week1,Rutherford,Week4,219.0 Brandywine - 183.0 Rutherford
Bren Mar-Edsall Park,Week3,Rolling Hills,Week3,331.0 Rolling Hills - 70.0 Bren Mar-Edsall Park
Bren Mar-Edsall Park,Week4,Truro,Week2,294.0 Truro - 99.0 Bren Mar-Edsall Park
Brandywine,Week3,Fairfax Station,Week4,266.0 Fairfax Station - 135.0 Brandywine
Bren Mar-Edsall Park,Week4,Rolling Hills,Week1,331.0 Rolling Hills - 70.0 Bren Mar-Edsall Park
Brandywine,Week3,Hunt Valley,Week4,264.0 Hunt Valley - 138.0 Brandywine
Brandywine,Week4,Rutherford,Week4,251.0 Brandywine - 151.0 Rutherford
Bren Mar-Edsall Park,Week5,Little Rocky Run,Week4,383.0 Little Rocky Run - 19.0 Bren Mar-Edsall Park
Brandywine,Week5,Hunt Valley,Week3,255.0 Hunt Valley - 147.0 Brandywine
Brandywine,Week1,Forest Hollow,Week1,237.0 Forest Hollow - 165.0 Brandywine
Brandywine,Week4,Rutherford,Week3,263.0 Brandywine - 139.0 Rutherford
Bren Mar-Edsall Park,Week2,Rolling Hills,Week2,345.0 Rolling Hills - 57.0 Bren Mar-Edsall Park
Bren Mar-Edsall Park,Week5,Truro,Week1,318.0 Truro - 84.0 Bren Mar-Edsall Park
Bren Mar-Edsall Park,Week5,Sully Station II,Week3,365.0 Sully Station II - 37.0 Bren Mar-Edsall Park
Brandywine,Week2,Fairfax Station,Week5,290.0 Fairfax Station - 112.0 Brandywine
Bren Mar-Edsall Park,Week5,Dowden Terrace,Week1,334.0 Dowden Terrace - 67.0 Bren Mar-Edsall Park
Bren Mar-Edsall Park,Week5,Little Rocky Run,Week5,382.0 Little Rocky Run - 15.0 Bren Mar-Edsall Park
Bren Mar-Edsall Park,Week2,Rolling Hills,Week5,346.0 Rolling Hills - 56.0 Bren Mar-Edsall Park
Bren Mar-Edsall Park,Week3,Hollin Meadows,Week1,372.0 Hollin Meadows - 30.0 Bren Mar-Edsall Park
Bren Mar-Edsall Park,Week1,Truro,Week4,340.0 Truro - 61.0 Bren Mar-Edsall Park
Bren Mar-Edsall Park,Week2,Hollin Hills,Week3,287.0 Hollin Hills - 110.0 Bren Mar-Edsall Park
Bren Mar-Edsall Park,Week2,Hollin Meadows,Week4,373.0 Hollin Meadows - 29.0 Bren Mar-Edsall Park
Bren Mar-Edsall Park,Week3,Rolling Hills,Week5,328.0 Rolling Hills - 74.0 Bren Mar-Edsall Park
Brandywine,Week3,Hunt Valley,Week5,276.0 Hunt Valley - 126.0 Brandywine
Bren Mar-Edsall Park,Week5,Dowden Terrace,Week4,357.5 Dowden Terrace - 39.5 Bren Mar-Edsall Park
Brandywine,Week1,Rutherford,Week1,273.0 Brandywine - 129.0 Rutherford
Bren Mar-Edsall Park,Week2,Long Branch,Week3,329.0 Long Branch - 72.0 Bren Mar-Edsall Park
Bren Mar-Edsall Park,Week4,Little Rocky Run,Week3,383.0 Little Rocky Run - 18.0 Bren Mar-Edsall Park
Bren Mar-Edsall Park,Week2,Hollin Meadows,Week3,364.0 Hollin Meadows - 38.0 Bren Mar-Edsall Park
Bren Mar-Edsall Park,Week4,Dowden Terrace,Week4,354.0 Dowden Terrace - 43.0 Bren Mar-Edsall Park
Brandywine,Week4,Hunt Valley,Week5,273.5 Hunt Valley - 128.5 Brandywine
Bren Mar-Edsall Park,Week4,Dowden Terrace,Week3,366.0 Dowden Terrace - 36.0 Bren Mar-Edsall Park
Bren Mar-Edsall Park,Week4,Truro,Week4,332.0 Truro - 66.0 Bren Mar-Edsall Park
Bren Mar-Edsall Park,Week3,Long Branch,Week1,317.0 Long Branch - 80.0 Bren Mar-Edsall Park
Bren Mar-Edsall Park,Week3,Hollin Meadows,Week4,370.0 Hollin Meadows - 32.0 Bren Mar-Edsall Park
Brandywine,Week3,Hunt Valley,Week2,261.0 Hunt Valley - 141.0 Brandywine
Brandywine,Week5,Rutherford,Week1,296.0 Brandywine - 106.0 Rutherford
Bren Mar-Edsall Park,Week1,Truro,Week1,331.0 Truro - 69.0 Bren Mar-Edsall Park
Bren Mar-Edsall Park,Week2,Rolling Hills,Week1,341.0 Rolling Hills - 58.0 Bren Mar-Edsall Park
Bren Mar-Edsall Park,Week4,Little Rocky Run,Week1,367.0 Little Rocky Run - 35.0 Bren Mar-Edsall Park
Brandywine,Week1,Fairfax Station,Week1,288.0 Fairfax Station - 114.0 Brandywine
Bren Mar-Edsall Park,Week3,Hollin Hills,Week4,257.0 Hollin Hills - 141.0 Bren Mar-Edsall Park
Bren Mar-Edsall Park,Week2,Long Branch,Week4,359.0 Long Branch - 43.0 Bren Mar-Edsall Park
Bren Mar-Edsall Park,Week2,Dunn Loring,Week4,387.0 Dunn Loring - 15.0 Bren Mar-Edsall Park
Brandywine,Week5,Rutherford,Week2,291.0 Brandywine - 111.0 Rutherford
Bren Mar-Edsall Park,Week4,Rolling Hills,Week2,333.0 Rolling Hills - 68.0 Bren Mar-Edsall Park
Brandywine,Week2,Fairfax Station,Week1,264.0 Fairfax Station - 138.0 Brandywine
Bren Mar-Edsall Park,Week4,Rolling Hills,Week4,326.0 Rolling Hills - 73.0 Bren Mar-Edsall Park
Bren Mar-Edsall Park,Week1,Hollin Meadows,Week3,375.0 Hollin Meadows - 26.0 Bren Mar-Edsall Park
Bren Mar-Edsall Park,Week2,Long Branch,Week5,344.0 Long Branch - 57.0 Bren Mar-Edsall Park
Brandywine,Week5,Hunt Valley,Week1,250.0 Hunt Valley - 152.0 Brandywine
Brandywine,Week3,Rutherford,Week4,232.0 Brandywine - 169.0 Rutherford
Brandywine,Week2,Fairfax Station,Week2,281.0 Fairfax Station - 121.0 Brandywine
Brandywine,Week5,Hunt Valley,Week2,245.0 Hunt Valley - 157.0 Brandywine
Brandywine,Week3,Rutherford,Week2,261.0 Brandywine - 140.0 Rutherford
Bren Mar-Edsall Park,Week4,Sully Station II,Week1,342.0 Sully Station II - 59.0 Bren Mar-Edsall Park
Bren Mar-Edsall Park,Week3,Dunn Loring,Week2,390.0 Dunn Loring - 12.0 Bren Mar-Edsall Park
Bren Mar-Edsall Park,Week2,Dunn Loring,Week5,388.0 Dunn Loring - 14.0 Bren Mar-Edsall Park
Brandywine,Week1,Forest Hollow,Week3,247.5 Forest Hollow - 154.5 Brandywine
Bren Mar-Edsall Park,Week1,Rolling Hills,Week1,343.0 Rolling Hills - 58.0 Bren Mar-Edsall Park
Brandywine,Week4,Fairfax Station,Week5,285.0 Fairfax Station - 117.0 Brandywine
Bren Mar-Edsall Park,Week3,Dunn Loring,Week5,385.0 Dunn Loring - 17.0 Bren Mar-Edsall Park
Bren Mar-Edsall Park,Week1,Tuckahoe,Week5,394.0 Tuckahoe - 8.0 Bren Mar-Edsall Park
Bren Mar-Edsall Park,Week5,Sully Station II,Week5,374.0 Sully Station II - 28.0 Bren Mar-Edsall Park
Bren Mar-Edsall Park,Week2,Hollin Hills,Week2,272.0 Hollin Hills - 117.0 Bren Mar-Edsall Park
Bren Mar-Edsall Park,Week5,Hollin Hills,Week1,247.0 Hollin Hills - 153.0 Bren Mar-Edsall Park
Bren Mar-Edsall Park,Week5,Rolling Forest,Week5,351.0 Rolling Forest - 51.0 Bren Mar-Edsall Park
Brandywine,Week5,Fairfax Club Estates,Week4,256.0 Brandywine - 146.0 Fairfax Club Estates
Bren Mar-Edsall Park,Week5,Dowden Terrace,Week3,361.0 Dowden Terrace - 41.0 Bren Mar-Edsall Park
Brandywine,Week4,Rutherford,Week1,286.0 Brandywine - 116.0 Rutherford
Brandywine,Week2,Hunt Valley,Week1,272.0 Hunt Valley - 130.0 Brandywine
Bren Mar-Edsall Park,Week2,Truro,Week2,309.0 Truro - 75.0 Bren Mar-Edsall Park
Bren Mar-Edsall Park,Week5,Little Rocky Run,Week2,378.0 Little Rocky Run - 24.0 Bren Mar-Edsall Park
Brandywine,Week3,Hunt Valley,Week3,272.0 Hunt Valley - 130.0 Brandywine
Brandywine,Week2,Rutherford,Week2,255.0 Brandywine - 147.0 Rutherford
Brandywine,Week3,Chesterbrook,Week5,344.0 Chesterbrook - 58.0 Brandywine
Bren Mar-Edsall Park,Week2,Dunn Loring,Week1,379.0 Dunn Loring - 23.0 Bren Mar-Edsall Park
Bren Mar-Edsall Park,Week1,Long Branch,Week4,344.0 Long Branch - 58.0 Bren Mar-Edsall Park
Bren Mar-Edsall Park,Week2,Dunn Loring,Week2,390.0 Dunn Loring - 12.0 Bren Mar-Edsall Park
Brandywine,Week4,Fairfax Station,Week1,269.0 Fairfax Station - 133.0 Brandywine
Bren Mar-Edsall Park,Week3,Hollin Hills,Week1,248.0 Hollin Hills - 152.0 Bren Mar-Edsall Park
Brandywine,Week1,Shouse Village,Week1,209.0 Brandywine - 193.0 Shouse Village
Brandywine,Week5,Rutherford,Week5,262.0 Brandywine - 140.0 Rutherford
Brandywine,Week5,Holmes Run Acres,Week4,234.0 Brandywine - 168.0 Holmes Run Acres
Bren Mar-Edsall Park,Week2,Rolling Hills,Week3,340.0 Rolling Hills - 55.0 Bren Mar-Edsall Park
Bren Mar-Edsall Park,Week1,Dunn Loring,Week2,390.0 Dunn Loring - 12.0 Bren Mar-Edsall Park
Bren Mar-Edsall Park,Week5,Rolling Hills,Week3,323.0 Rolling Hills - 74.0 Bren Mar-Edsall Park
Bren Mar-Edsall Park,Week2,Truro,Week5,324.0 Truro - 66.0 Bren Mar-Edsall Park
Bren Mar-Edsall Park,Week5,Sully Station II,Week1,341.0 Sully Station II - 60.0 Bren Mar-Edsall Park
Bren Mar-Edsall Park,Week2,Long Branch,Week1,327.0 Long Branch - 68.0 Bren Mar-Edsall Park
Bren Mar-Edsall Park,Week5,Rolling Hills,Week2,333.0 Rolling Hills - 69.0 Bren Mar-Edsall Park
Brandywine,Week4,Fairfax Station,Week3,276.0 Fairfax Station - 126.0 Brandywine
Bren Mar-Edsall Park,Week3,Long Branch,Week2,323.0 Long Branch - 79.0 Bren Mar-Edsall Park
Bren Mar-Edsall Park,Week4,Hollin Hills,Week1,235.0 Hollin Hills - 162.0 Bren Mar-Edsall Park
Bren Mar-Edsall Park,Week4,Hollin Hills,Week4,248.0 Hollin Hills - 144.0 Bren Mar-Edsall Park
Bren Mar-Edsall Park,Week2,Hollin Hills,Week4,278.0 Hollin Hills - 109.0 Bren Mar-Edsall Park
Brandywine,Week4,Hunt Valley,Week4,275.0 Hunt Valley - 127.0 Brandywine
Brandywine,Week4,Fairfax Station,Week4,266.0 Fairfax Station - 136.0 Brandywine
Brandywine,Week1,Hunt Valley,Week3,294.0 Hunt Valley - 108.0 Brandywine
Bren Mar-Edsall Park,Week3,Truro,Week1,339.0 Truro - 63.0 Bren Mar-Edsall Park
Bren Mar-Edsall Park,Week5,Truro,Week4,320.0 Truro - 81.0 Bren Mar-Edsall Park
Bren Mar-Edsall Park,Week5,Rolling Hills,Week1,327.0 Rolling Hills - 74.0 Bren Mar-Edsall Park
Brandywine,Week1,Shouse Village,Week2,213.0 Brandywine - 189.0 Shouse Village
Bren Mar-Edsall Park,Week1,Mansion House,Week3,368.0 Mansion House - 34.0 Bren Mar-Edsall Park
Bren Mar-Edsall Park,Week1,Hollin Meadows,Week1,375.0 Hollin Meadows - 27.0 Bren Mar-Edsall Park
Brandywine,Week3,Fairfax Station,Week2,253.0 Fairfax Station - 144.0 Brandywine
Brandywine,Week5,Shouse Village,Week1,233.0 Brandywine - 169.0 Shouse Village
Bren Mar-Edsall Park,Week2,Truro,Week3,332.0 Truro - 69.0 Bren Mar-Edsall Park
Bren Mar-Edsall Park,Week1,Fair Oaks ,Week4,375.0 Fair Oaks - 23.0 Bren Mar-Edsall Park
Bren Mar-Edsall Park,Week4,Mansion House,Week1,352.0 Mansion House - 45.0 Bren Mar-Edsall Park
Brandywine,Week5,Chesterbrook,Week1,333.0 Chesterbrook - 69.0 Brandywine
Bren Mar-Edsall Park,Week2,Hollin Hills,Week1,270.0 Hollin Hills - 126.0 Bren Mar-Edsall Park
Bren Mar-Edsall Park,Week1,Rolling Valley,Week4,339.0 Rolling Valley - 63.0 Bren Mar-Edsall Park
Brandywine,Week1,Commonwealth,Week5,209.0 Commonwealth - 193.0 Brandywine
Bren Mar-Edsall Park,Week2,Mansion House,Week1,365.5 Mansion House - 31.5 Bren Mar-Edsall Park
Bren Mar-Edsall Park,Week5,Long Branch,Week4,338.0 Long Branch - 64.0 Bren Mar-Edsall Park
Brandywine,Week5,Hunter Mill,Week4,239.0 Hunter Mill - 163.0 Brandywine
Bren Mar-Edsall Park,Week5,Dunn Loring,Week2,388.0 Dunn Loring - 14.0 Bren Mar-Edsall Park
Brandywine,Week3,Hunter Mill,Week1,241.0 Hunter Mill - 161.0 Brandywine
Bren Mar-Edsall Park,Week1,Rolling Valley,Week3,322.0 Rolling Valley - 80.0 Bren Mar-Edsall Park
Brandywine,Week3,Hunter Mill,Week4,236.5 Hunter Mill - 165.5 Brandywine
Bren Mar-Edsall Park,Week3,Hollin Hills,Week5,247.0 Hollin Hills - 149.0 Bren Mar-Edsall Park
Bren Mar-Edsall Park,Week1,Fair Oaks ,Week5,372.0 Fair Oaks - 30.0 Bren Mar-Edsall Park
Brandywine,Week1,Ilda Community,Week3,262.0 Brandywine - 140.0 Ilda Community
Bren Mar-Edsall Park,Week4,Truro,Week1,322.0 Truro - 79.0 Bren Mar-Edsall Park
Bren Mar-Edsall Park,Week5,Dunn Loring,Week4,383.0 Dunn Loring - 19.0 Bren Mar-Edsall Park
Brandywine,Week5,Shouse Village,Week5,202.0 Brandywine - 200.0 Shouse Village
Brandywine,Week5,Fairfax Station,Week1,256.0 Fairfax Station - 146.0 Brandywine
Bren Mar-Edsall Park,Week5,Sully Station II,Week4,354.0 Sully Station II - 48.0 Bren Mar-Edsall Park
Brandywine,Week4,Shouse Village,Week2,236.0 Brandywine - 166.0 Shouse Village
Brandywine,Week4,Chesterbrook,Week1,339.0 Chesterbrook - 63.0 Brandywine
Brandywine,Week2,Fairfax Station,Week4,269.0 Fairfax Station - 133.0 Brandywine
Bren Mar-Edsall Park,Week5,Rolling Hills,Week5,327.0 Rolling Hills - 75.0 Bren Mar-Edsall Park
Bren Mar-Edsall Park,Week2,Hollin Hills,Week5,262.0 Hollin Hills - 126.0 Bren Mar-Edsall Park
Brandywine,Week4,Commonwealth,Week2,225.0 Brandywine - 177.0 Commonwealth
Brandywine,Week5,Commonwealth,Week2,247.0 Brandywine - 155.0 Commonwealth
Bren Mar-Edsall Park,Week1,Truro,Week2,304.0 Truro - 95.0 Bren Mar-Edsall Park
Bren Mar-Edsall Park,Week4,Rolling Valley,Week3,301.0 Rolling Valley - 98.0 Bren Mar-Edsall Park
Brandywine,Week2,Hunter Mill,Week3,253.0 Hunter Mill - 149.0 Brandywine
Brandywine,Week1,Hunter Mill,Week2,266.0 Hunter Mill - 136.0 Brandywine
Bren Mar-Edsall Park,Week5,Long Branch,Week5,333.0 Long Branch - 69.0 Bren Mar-Edsall Park
Bren Mar-Edsall Park,Week5,Fair Oaks ,Week3,361.0 Fair Oaks - 41.0 Bren Mar-Edsall Park
Brandywine,Week1,Fairfax Station,Week2,291.0 Fairfax Station - 111.0 Brandywine
Brandywine,Week2,Sideburn Run,Week4,222.0 Sideburn Run - 180.0 Brandywine
Bren Mar-Edsall Park,Week4,Hollin Hills,Week3,244.0 Hollin Hills - 154.0 Bren Mar-Edsall Park
Bren Mar-Edsall Park,Week4,Sully Station II,Week2,365.0 Sully Station II - 37.0 Bren Mar-Edsall Park
Brandywine,Week1,Sideburn Run,Week3,207.0 Sideburn Run - 195.0 Brandywine
Brandywine,Week5,Hunter Mill,Week2,225.5 Hunter Mill - 176.5 Brandywine
Bren Mar-Edsall Park,Week1,Rolling Valley,Week5,338.0 Rolling Valley - 64.0 Bren Mar-Edsall Park
Brandywine,Week4,Chesterbrook,Week5,349.0 Chesterbrook - 53.0 Brandywine
Brandywine,Week2,Commonwealth,Week2,203.0 Commonwealth - 199.0 Brandywine
Bren Mar-Edsall Park,Week4,Hollin Hills,Week5,236.0 Hollin Hills - 155.0 Bren Mar-Edsall Park
Bren Mar-Edsall Park,Week1,Rolling Valley,Week2,322.0 Rolling Valley - 80.0 Bren Mar-Edsall Park
Bren Mar-Edsall Park,Week1,Fairfax,Week2,386.0 Fairfax - 16.0 Bren Mar-Edsall Park
Brandywine,Week2,Shouse Village,Week4,217.0 Shouse Village - 185.0 Brandywine
Bren Mar-Edsall Park,Week3,Truro,Week5,317.0 Truro - 83.0 Bren Mar-Edsall Park
Bren Mar-Edsall Park,Week5,Dunn Loring,Week5,384.0 Dunn Loring - 18.0 Bren Mar-Edsall Park
Bren Mar-Edsall Park,Week4,Long Branch,Week4,335.0 Long Branch - 67.0 Bren Mar-Edsall Park
Bren Mar-Edsall Park,Week5,Long Branch,Week2,314.0 Long Branch - 83.0 Bren Mar-Edsall Park
Brandywine,Week3,Shouse Village,Week4,207.0 Brandywine - 194.0 Shouse Village
Brandywine,Week2,Hunter Mill,Week5,278.0 Hunter Mill - 124.0 Brandywine
Bren Mar-Edsall Park,Week3,Truro,Week4,325.0 Truro - 76.0 Bren Mar-Edsall Park
Brandywine,Week2,Shouse Village,Week1,203.0 Brandywine - 199.0 Shouse Village
Brandywine,Week3,Fairfax Station,Week1,255.0 Fairfax Station - 146.0 Brandywine
Bren Mar-Edsall Park,Week1,Rutherford,Week2,338.0 Rutherford - 62.0 Bren Mar-Edsall Park
Brandywine,Week5,Fairfax Station,Week3,277.0 Fairfax Station - 125.0 Brandywine
Bren Mar-Edsall Park,Week4,Sully Station II,Week3,372.0 Sully Station II - 30.0 Bren Mar-Edsall Park
Brandywine,Week1,Forest Hollow,Week2,234.0 Forest Hollow - 168.0 Brandywine
Bren Mar-Edsall Park,Week3,Hollin Hills,Week2,241.0 Hollin Hills - 155.0 Bren Mar-Edsall Park
Brandywine,Week2,Commonwealth,Week4,229.0 Brandywine - 173.0 Commonwealth
Brandywine,Week5,Fairfax Station,Week4,260.0 Fairfax Station - 142.0 Brandywine
Bren Mar-Edsall Park,Week1,Mansion House,Week2,359.0 Mansion House - 42.0 Bren Mar-Edsall Park
Bren Mar-Edsall Park,Week2,Rolling Valley,Week1,310.0 Rolling Valley - 92.0 Bren Mar-Edsall Park
Bren Mar-Edsall Park,Week5,Fair Oaks ,Week5,363.5 Fair Oaks - 38.5 Bren Mar-Edsall Park
Bren Mar-Edsall Park,Week4,Hollin Hills,Week2,235.0 Hollin Hills - 158.0 Bren Mar-Edsall Park
Bren Mar-Edsall Park,Week1,Mansion House,Week1,355.0 Mansion House - 47.0 Bren Mar-Edsall Park
Brandywine,Week1,Hunter Mill,Week4,270.0 Hunter Mill - 132.0 Brandywine
Brandywine,Week5,Shouse Village,Week4,217.0 Brandywine - 185.0 Shouse Village
Bren Mar-Edsall Park,Week4,Dunn Loring,Week5,386.0 Dunn Loring - 16.0 Bren Mar-Edsall Park
Bren Mar-Edsall Park,Week1,Fair Oaks ,Week2,361.0 Fair Oaks - 41.0 Bren Mar-Edsall Park
Bren Mar-Edsall Park,Week2,Fair Oaks ,Week2,357.0 Fair Oaks - 45.0 Bren Mar-Edsall Park
Brandywine,Week2,Sideburn Run,Week1,222.0 Sideburn Run - 180.0 Brandywine
Brandywine,Week3,Shouse Village,Week3,203.0 Shouse Village - 199.0 Brandywine
Brandywine,Week1,Forest Hollow,Week4,246.0 Forest Hollow - 156.0 Brandywine
Bren Mar-Edsall Park,Week3,Truro,Week3,317.0 Truro - 85.0 Bren Mar-Edsall Park
Brandywine,Week1,Forest Hollow,Week5,257.0 Forest Hollow - 145.0 Brandywine
Brandywine,Week5,Chesterbrook,Week2,326.0 Chesterbrook - 76.0 Brandywine
Bren Mar-Edsall Park,Week5,Hollin Hills,Week5,239.0 Hollin Hills - 153.0 Bren Mar-Edsall Park
Brandywine,Week2,Hunter Mill,Week4,271.0 Hunter Mill - 131.0 Brandywine
Bren Mar-Edsall Park,Week4,Sully Station II,Week5,382.0 Sully Station II - 20.0 Bren Mar-Edsall Park
Bren Mar-Edsall Park,Week1,Rutherford,Week4,341.0 Rutherford - 61.0 Bren Mar-Edsall Park
Brandywine,Week1,Fox Hunt,Week1,213.0 Fox Hunt - 189.0 Brandywine
Brandywine,Week2,Hunter Mill,Week1,252.0 Hunter Mill - 150.0 Brandywine
Bren Mar-Edsall Park,Week2,Rutherford,Week2,341.0 Rutherford - 56.0 Bren Mar-Edsall Park
Bren Mar-Edsall Park,Week1,Mansion House,Week5,368.0 Mansion House - 34.0 Bren Mar-Edsall Park
Bren Mar-Edsall Park,Week5,Long Branch,Week1,313.0 Long Branch - 79.0 Bren Mar-Edsall Park
Bren Mar-Edsall Park,Week2,Rutherford,Week4,345.0 Rutherford - 56.0 Bren Mar-Edsall Park
Bren Mar-Edsall Park,Week5,Hollin Hills,Week2,248.0 Hollin Hills - 143.0 Bren Mar-Edsall Park
Brandywine,Week5,Hunt Valley,Week4,253.0 Hunt Valley - 149.0 Brandywine
Brandywine,Week3,Commonwealth,Week4,231.0 Brandywine - 166.0 Commonwealth
Bren Mar-Edsall Park,Week5,Hollin Hills,Week3,256.0 Hollin Hills - 145.0 Bren Mar-Edsall Park
Brandywine,Week5,Chesterbrook,Week5,339.0 Chesterbrook - 63.0 Brandywine
Bren Mar-Edsall Park,Week5,Sully Station II,Week2,365.0 Sully Station II - 37.0 Bren Mar-Edsall Park
Bren Mar-Edsall Park,Week4,Truro,Week3,310.0 Truro - 90.0 Bren Mar-Edsall Park
Bren Mar-Edsall Park,Week2,Rolling Valley,Week4,338.0 Rolling Valley - 64.0 Bren Mar-Edsall Park
Bren Mar-Edsall Park,Week3,Mansion House,Week4,340.0 Mansion House - 61.0 Bren Mar-Edsall Park
Bren Mar-Edsall Park,Week2,Fair Oaks ,Week3,370.0 Fair Oaks - 32.0 Bren Mar-Edsall Park
Brandywine,Week3,Forest Hollow,Week4,220.0 Forest Hollow - 182.0 Brandywine
Bren Mar-Edsall Park,Week3,Truro,Week2,311.0 Truro - 89.0 Bren Mar-Edsall Park
Brandywine,Week4,Commonwealth,Week3,247.0 Brandywine - 155.0 Commonwealth
Bren Mar-Edsall Park,Week2,Fair Oaks ,Week4,367.0 Fair Oaks - 35.0 Bren Mar-Edsall Park
Bren Mar-Edsall Park,Week1,Hollin Meadows,Week5,378.0 Hollin Meadows - 24.0 Bren Mar-Edsall Park
Brandywine,Week2,Sideburn Run,Week2,203.0 Sideburn Run - 199.0 Brandywine
Bren Mar-Edsall Park,Week3,Rutherford,Week2,326.0 Rutherford - 75.0 Bren Mar-Edsall Park
Brandywine,Week5,Forest Hollow,Week2,212.0 Brandywine - 190.0 Forest Hollow
Bren Mar-Edsall Park,Week2,Truro,Week1,344.0 Truro - 56.0 Bren Mar-Edsall Park
Bren Mar-Edsall Park,Week3,Fair Oaks ,Week2,345.0 Fair Oaks - 57.0 Bren Mar-Edsall Park
Brandywine,Week1,Hunter Mill,Week1,252.0 Hunter Mill - 150.0 Brandywine
Bren Mar-Edsall Park,Week4,Long Branch,Week3,311.0 Long Branch - 90.0 Bren Mar-Edsall Park
Brandywine,Week3,Hunter Mill,Week5,262.0 Hunter Mill - 140.0 Brandywine
Bren Mar-Edsall Park,Week3,Rolling Valley,Week3,312.0 Rolling Valley - 89.0 Bren Mar-Edsall Park
Bren Mar-Edsall Park,Week2,Mansion House,Week2,360.0 Mansion House - 36.0 Bren Mar-Edsall Park
Brandywine,Week2,Commonwealth,Week1,246.0 Brandywine - 156.0 Commonwealth
Bren Mar-Edsall Park,Week2,Mansion House,Week3,375.5 Mansion House - 26.5 Bren Mar-Edsall Park
Bren Mar-Edsall Park,Week5,Fair Oaks ,Week1,355.0 Fair Oaks - 47.0 Bren Mar-Edsall Park
Brandywine,Week5,Forest Hollow,Week4,208.0 Forest Hollow - 194.0 Brandywine
Brandywine,Week3,Hunter Mill,Week3,246.0 Hunter Mill - 156.0 Brandywine
Brandywine,Week2,Sideburn Run,Week3,234.0 Sideburn Run - 168.0 Brandywine
Brandywine,Week5,Forest Hollow,Week5,216.0 Forest Hollow - 186.0 Brandywine
Brandywine,Week1,Commonwealth,Week2,212.0 Brandywine - 190.0 Commonwealth
Bren Mar-Edsall Park,Week1,Hollin Meadows,Week2,365.0 Hollin Meadows - 37.0 Bren Mar-Edsall Park
Bren Mar-Edsall Park,Week2,Hollin Meadows,Week2,359.0 Hollin Meadows - 43.0 Bren Mar-Edsall Park
Brandywine,Week1,Sideburn Run,Week4,204.0 Sideburn Run - 198.0 Brandywine
Bren Mar-Edsall Park,Week5,Fair Oaks ,Week2,349.0 Fair Oaks - 52.0 Bren Mar-Edsall Park
Bren Mar-Edsall Park,Week5,Long Branch,Week3,306.5 Long Branch - 94.5 Bren Mar-Edsall Park
Brandywine,Week3,Shouse Village,Week1,219.0 Brandywine - 182.0 Shouse Village
Bren Mar-Edsall Park,Week4,Rutherford,Week1,310.0 Rutherford - 91.0 Bren Mar-Edsall Park
Bren Mar-Edsall Park,Week3,Mansion House,Week2,348.0 Mansion House - 54.0 Bren Mar-Edsall Park
Brandywine,Week1,Fox Hunt,Week4,234.0 Fox Hunt - 168.0 Brandywine
Bren Mar-Edsall Park,Week4,Truro,Week5,315.0 Truro - 78.0 Bren Mar-Edsall Park
Brandywine,Week2,Commonwealth,Week3,222.0 Brandywine - 180.0 Commonwealth
Brandywine,Week4,Hunter Mill,Week2,236.0 Hunter Mill - 166.0 Brandywine
Bren Mar-Edsall Park,Week1,Mantua,Week4,377.0 Mantua - 25.0 Bren Mar-Edsall Park
Bren Mar-Edsall Park,Week5,Truro,Week3,297.0 Truro - 105.0 Bren Mar-Edsall Park
Bren Mar-Edsall Park,Week3,Hollin Meadows,Week3,365.0 Hollin Meadows - 37.0 Bren Mar-Edsall Park
Bren Mar-Edsall Park,Week5,Truro,Week2,297.0 Truro - 94.0 Bren Mar-Edsall Park
Brandywine,Week3,Forest Hollow,Week5,234.0 Forest Hollow - 168.0 Brandywine
Brandywine,Week4,Hunter Mill,Week1,239.0 Hunter Mill - 163.0 Brandywine
Bren Mar-Edsall Park,Week3,Rutherford,Week3,326.5 Rutherford - 75.5 Bren Mar-Edsall Park
Brandywine,Week1,Fox Hunt,Week5,249.0 Fox Hunt - 153.0 Brandywine
Bren Mar-Edsall Park,Week4,Rolling Valley,Week4,316.0 Rolling Valley - 86.0 Bren Mar-Edsall Park
Bren Mar-Edsall Park,Week2,Hollin Meadows,Week5,373.0 Hollin Meadows - 28.0 Bren Mar-Edsall Park
Brandywine,Week2,Shouse Village,Week5,222.0 Shouse Village - 180.0 Brandywine
Bren Mar-Edsall Park,Week1,Tuckahoe,Week1,392.0 Tuckahoe - 10.0 Bren Mar-Edsall Park
Brandywine,Week5,Hunt Valley,Week5,259.0 Hunt Valley - 143.0 Brandywine
Brandywine,Week1,Shouse Village,Week5,225.0 Shouse Village - 177.0 Brandywine
Brandywine,Week3,Commonwealth,Week2,215.0 Brandywine - 187.0 Commonwealth
Bren Mar-Edsall Park,Week3,Fair Oaks ,Week1,363.0 Fair Oaks - 39.0 Bren Mar-Edsall Park
Brandywine,Week1,Shouse Village,Week4,210.0 Shouse Village - 192.0 Brandywine
Brandywine,Week4,Hunter Mill,Week5,270.5 Hunter Mill - 131.5 Brandywine
Brandywine,Week4,Commonwealth,Week5,220.0 Brandywine - 182.0 Commonwealth
Brandywine,Week4,Chesterbrook,Week3,360.0 Chesterbrook - 42.0 Brandywine
Bren Mar-Edsall Park,Week3,Fair Oaks ,Week5,369.0 Fair Oaks - 33.0 Bren Mar-Edsall Park
Bren Mar-Edsall Park,Week5,Truro,Week5,308.0 Truro - 87.0 Bren Mar-Edsall Park
Brandywine,Week5,Hunter Mill,Week1,221.0 Hunter Mill - 181.0 Brandywine
Bren Mar-Edsall Park,Week1,Rutherford,Week1,324.0 Rutherford - 77.0 Bren Mar-Edsall Park
Bren Mar-Edsall Park,Week3,Hollin Meadows,Week2,354.0 Hollin Meadows - 48.0 Bren Mar-Edsall Park
Bren Mar-Edsall Park,Week2,Mansion House,Week4,350.0 Mansion House - 43.0 Bren Mar-Edsall Park
Bren Mar-Edsall Park,Week2,Holmes Run Acres,Week4,356.0 Holmes Run Acres - 45.0 Bren Mar-Edsall Park
Brandywine,Week4,Forest Hollow,Week5,230.0 Forest Hollow - 172.0 Brandywine
Bren Mar-Edsall Park,Week1,Holmes Run Acres,Week5,366.0 Holmes Run Acres - 36.0 Bren Mar-Edsall Park
Bren Mar-Edsall Park,Week4,Dunn Loring,Week4,386.0 Dunn Loring - 16.0 Bren Mar-Edsall Park
Bren Mar-Edsall Park,Week3,Rolling Valley,Week2,312.0 Rolling Valley - 90.0 Bren Mar-Edsall Park
Brandywine,Week2,Shouse Village,Week2,204.0 Shouse Village - 198.0 Brandywine
Brandywine,Week4,Chesterbrook,Week2,338.0 Chesterbrook - 64.0 Brandywine
Bren Mar-Edsall Park,Week4,Fair Oaks ,Week2,349.0 Fair Oaks - 53.0 Bren Mar-Edsall Park
Brandywine,Week3,Commonwealth,Week1,239.0 Brandywine - 158.0 Commonwealth
Bren Mar-Edsall Park,Week1,Fair Oaks ,Week1,372.0 Fair Oaks - 30.0 Bren Mar-Edsall Park
Bren Mar-Edsall Park,Week1,Tuckahoe,Week2,394.0 Tuckahoe - 8.0 Bren Mar-Edsall Park
Bren Mar-Edsall Park,Week3,Holmes Run Acres,Week2,337.0 Holmes Run Acres - 65.0 Bren Mar-Edsall Park
Bren Mar-Edsall Park,Week1,Holmes Run Acres,Week4,353.0 Holmes Run Acres - 48.0 Bren Mar-Edsall Park
Brandywine,Week5,Hunter Mill,Week3,224.0 Hunter Mill - 178.0 Brandywine
Bren Mar-Edsall Park,Week1,Tuckahoe,Week3,393.0 Tuckahoe - 9.0 Bren Mar-Edsall Park
Bren Mar-Edsall Park,Week2,Rolling Valley,Week3,325.0 Rolling Valley - 76.0 Bren Mar-Edsall Park
Brandywine,Week1,Shouse Village,Week3,207.0 Shouse Village - 195.0 Brandywine
Brandywine,Week3,Fox Hunt,Week2,209.0 Fox Hunt - 193.0 Brandywine
Brandywine,Week4,Hunter Mill,Week4,260.5 Hunter Mill - 141.5 Brandywine
Bren Mar-Edsall Park,Week4,Long Branch,Week2,314.0 Long Branch - 87.0 Bren Mar-Edsall Park
Brandywine,Week5,Chesterbrook,Week4,321.0 Chesterbrook - 81.0 Brandywine
Bren Mar-Edsall Park,Week4,Fair Oaks ,Week4,361.0 Fair Oaks - 40.0 Bren Mar-Edsall Park
Brandywine,Week2,Forest Hollow,Week3,229.0 Forest Hollow - 173.0 Brandywine
Bren Mar-Edsall Park,Week1,Tuckahoe,Week4,397.0 Tuckahoe - 5.0 Bren Mar-Edsall Park
Bren Mar-Edsall Park,Week3,Mansion House,Week3,365.0 Mansion House - 37.0 Bren Mar-Edsall Park
Brandywine,Week4,Shouse Village,Week5,201.0 Brandywine - 201.0 Shouse Village
Brandywine,Week1,Hunter Mill,Week5,272.0 Hunter Mill - 130.0 Brandywine
Brandywine,Week5,Chesterbrook,Week3,351.0 Chesterbrook - 51.0 Brandywine
Bren Mar-Edsall Park,Week2,Holmes Run Acres,Week5,368.0 Holmes Run Acres - 34.0 Bren Mar-Edsall Park
Bren Mar-Edsall Park,Week2,Fair Oaks ,Week1,373.0 Fair Oaks - 29.0 Bren Mar-Edsall Park
Bren Mar-Edsall Park,Week3,Rolling Valley,Week4,320.5 Rolling Valley - 81.5 Bren Mar-Edsall Park
Brandywine,Week3,Shouse Village,Week2,224.0 Brandywine - 178.0 Shouse Village
Bren Mar-Edsall Park,Week4,Rolling Valley,Week1,265.0 Rolling Valley - 137.0 Bren Mar-Edsall Park
Brandywine,Week2,Fox Hunt,Week5,228.0 Fox Hunt - 174.0 Brandywine
Bren Mar-Edsall Park,Week3,Mansion House,Week1,358.0 Mansion House - 44.0 Bren Mar-Edsall Park
Bren Mar-Edsall Park,Week5,Rolling Valley,Week4,313.0 Rolling Valley - 89.0 Bren Mar-Edsall Park
Bren Mar-Edsall Park,Week4,Tuckahoe,Week3,394.0 Tuckahoe - 7.0 Bren Mar-Edsall Park
Bren Mar-Edsall Park,Week4,Holmes Run Acres,Week1,337.0 Holmes Run Acres - 65.0 Bren Mar-Edsall Park
Bren Mar-Edsall Park,Week5,Dunn Loring,Week1,373.5 Dunn Loring - 23.5 Bren Mar-Edsall Park
Bren Mar-Edsall Park,Week1,Mansion House,Week4,342.0 Mansion House - 59.0 Bren Mar-Edsall Park
Brandywine,Week1,Fox Hunt,Week2,226.0 Fox Hunt - 176.0 Brandywine
Brandywine,Week2,Commonwealth,Week5,209.0 Brandywine - 193.0 Commonwealth
Brandywine,Week4,Shouse Village,Week1,224.0 Brandywine - 178.0 Shouse Village
Brandywine,Week5,Shouse Village,Week3,215.0 Brandywine - 187.0 Shouse Village
Bren Mar-Edsall Park,Week3,Holmes Run Acres,Week3,364.0 Holmes Run Acres - 38.0 Bren Mar-Edsall Park
Brandywine,Week1,Commonwealth,Week4,230.0 Brandywine - 172.0 Commonwealth
Brandywine,Week2,Forest Hollow,Week5,236.0 Forest Hollow - 166.0 Brandywine
Bren Mar-Edsall Park,Week3,Mansion House,Week5,361.0 Mansion House - 41.0 Bren Mar-Edsall Park
Bren Mar-Edsall Park,Week5,Rolling Valley,Week1,262.0 Rolling Valley - 139.0 Bren Mar-Edsall Park
Brandywine,Week1,Hunter Mill,Week3,264.0 Hunter Mill - 138.0 Brandywine
Bren Mar-Edsall Park,Week1,Fair Oaks ,Week3,374.0 Fair Oaks - 28.0 Bren Mar-Edsall Park
Brandywine,Week2,Hunter Mill,Week2,249.0 Hunter Mill - 153.0 Brandywine
Bren Mar-Edsall Park,Week3,Rolling Valley,Week1,274.0 Rolling Valley - 128.0 Bren Mar-Edsall Park
Brandywine,Week2,Fox Hunt,Week2,202.0 Brandywine - 200.0 Fox Hunt
Brandywine,Week3,Hunter Mill,Week2,247.0 Hunter Mill - 155.0 Brandywine
Bren Mar-Edsall Park,Week2,Tuckahoe,Week3,394.0 Tuckahoe - 7.0 Bren Mar-Edsall Park
Bren Mar-Edsall Park,Week4,Holmes Run Acres,Week2,334.0 Holmes Run Acres - 68.0 Bren Mar-Edsall Park
Brandywine,Week3,Chesterbrook,Week4,343.5 Chesterbrook - 58.5 Brandywine
Bren Mar-Edsall Park,Week4,Long Branch,Week5,326.0 Long Branch - 76.0 Bren Mar-Edsall Park
Brandywine,Week3,Shouse Village,Week5,212.0 Shouse Village - 190.0 Brandywine
Bren Mar-Edsall Park,Week5,Dunn Loring,Week3,390.0 Dunn Loring - 12.0 Bren Mar-Edsall Park
Bren Mar-Edsall Park,Week3,Tuckahoe,Week1,390.5 Tuckahoe - 11.5 Bren Mar-Edsall Park
Brandywine,Week3,Forest Hollow,Week2,205.0 Brandywine - 197.0 Forest Hollow
Brandywine,Week4,Shouse Village,Week4,205.0 Shouse Village - 197.0 Brandywine
Bren Mar-Edsall Park,Week4,Mansion House,Week2,348.0 Mansion House - 49.0 Bren Mar-Edsall Park
Brandywine,Week4,Forest Hollow,Week1,202.0 Brandywine - 200.0 Forest Hollow
Bren Mar-Edsall Park,Week1,Holmes Run Acres,Week3,364.0 Holmes Run Acres - 37.0 Bren Mar-Edsall Park
Brandywine,Week4,Chesterbrook,Week4,335.0 Chesterbrook - 67.0 Brandywine
Bren Mar-Edsall Park,Week4,Fair Oaks ,Week1,364.0 Fair Oaks - 38.0 Bren Mar-Edsall Park
Bren Mar-Edsall Park,Week4,Tuckahoe,Week5,393.0 Tuckahoe - 9.0 Bren Mar-Edsall Park
Bren Mar-Edsall Park,Week2,Tuckahoe,Week5,395.0 Tuckahoe - 7.0 Bren Mar-Edsall Park
Bren Mar-Edsall Park,Week4,Rolling Valley,Week2,298.0 Rolling Valley - 104.0 Bren Mar-Edsall Park
Bren Mar-Edsall Park,Week2,Rolling Valley,Week5,337.0 Rolling Valley - 65.0 Bren Mar-Edsall Park
Brandywine,Week3,Commonwealth,Week3,228.0 Brandywine - 174.0 Commonwealth
Bren Mar-Edsall Park,Week5,Mansion House,Week1,351.0 Mansion House - 46.0 Bren Mar-Edsall Park
Brandywine,Week1,Sideburn Run,Week1,205.0 Sideburn Run - 197.0 Brandywine
Brandywine,Week1,Ilda Community,Week1,266.0 Brandywine - 131.0 Ilda Community
Bren Mar-Edsall Park,Week5,Mansion House,Week2,344.0 Mansion House - 53.0 Bren Mar-Edsall Park
Brandywine,Week5,Shouse Village,Week2,245.0 Brandywine - 157.0 Shouse Village
Bren Mar-Edsall Park,Week3,Fair Oaks ,Week4,362.0 Fair Oaks - 40.0 Bren Mar-Edsall Park
Bren Mar-Edsall Park,Week3,Hollin Meadows,Week5,372.0 Hollin Meadows - 30.0 Bren Mar-Edsall Park
Brandywine,Week3,Ilda Community,Week2,257.0 Brandywine - 145.0 Ilda Community
Brandywine,Week1,Commonwealth,Week3,229.0 Brandywine - 173.0 Commonwealth
Bren Mar-Edsall Park,Week5,Tuckahoe,Week1,390.5 Tuckahoe - 11.5 Bren Mar-Edsall Park
Brandywine,Week1,Ilda Community,Week2,263.0 Brandywine - 139.0 Ilda Community
Bren Mar-Edsall Park,Week2,Holmes Run Acres,Week1,340.0 Holmes Run Acres - 62.0 Bren Mar-Edsall Park
Bren Mar-Edsall Park,Week5,Tuckahoe,Week3,394.0 Tuckahoe - 3.0 Bren Mar-Edsall Park
Brandywine,Week4,Forest Hollow,Week2,206.0 Forest Hollow - 196.0 Brandywine
Brandywine,Week4,Hunter Mill,Week3,256.0 Hunter Mill - 146.0 Brandywine
Bren Mar-Edsall Park,Week3,Tuckahoe,Week5,393.0 Tuckahoe - 9.0 Bren Mar-Edsall Park
Brandywine,Week1,Commonwealth,Week1,253.0 Brandywine - 144.0 Commonwealth
Bren Mar-Edsall Park,Week4,Fair Oaks ,Week3,365.0 Fair Oaks - 37.0 Bren Mar-Edsall Park
Bren Mar-Edsall Park,Week2,Holmes Run Acres,Week3,361.0 Holmes Run Acres - 41.0 Bren Mar-Edsall Park
Bren Mar-Edsall Park,Week2,Fair Oaks ,Week5,369.0 Fair Oaks - 33.0 Bren Mar-Edsall Park
Bren Mar-Edsall Park,Week2,Mansion House,Week5,375.0 Mansion House - 27.0 Bren Mar-Edsall Park
Bren Mar-Edsall Park,Week4,Rolling Valley,Week5,319.0 Rolling Valley - 83.0 Bren Mar-Edsall Park
Brandywine,Week2,Fox Hunt,Week3,218.0 Fox Hunt - 184.0 Brandywine
Brandywine,Week4,Shouse Village,Week3,210.0 Brandywine - 192.0 Shouse Village
Bren Mar-Edsall Park,Week2,Rolling Valley,Week2,323.0 Rolling Valley - 79.0 Bren Mar-Edsall Park
Bren Mar-Edsall Park,Week5,Rolling Valley,Week3,294.0 Rolling Valley - 103.0 Bren Mar-Edsall Park
Bren Mar-Edsall Park,Week3,Fair Oaks ,Week3,364.0 Fair Oaks - 38.0 Bren Mar-Edsall Park
Brandywine,Week3,Commonwealth,Week5,212.0 Brandywine - 189.0 Commonwealth
Brandywine,Week2,Shouse Village,Week3,226.0 Shouse Village - 176.0 Brandywine
Brandywine,Week5,Hunter Mill,Week5,252.0 Hunter Mill - 150.0 Brandywine
Brandywine,Week2,Forest Hollow,Week4,224.5 Forest Hollow - 177.5 Brandywine
Bren Mar-Edsall Park,Week5,Mantua,Week2,355.0 Mantua - 47.0 Bren Mar-Edsall Park
Bren Mar-Edsall Park,Week4,Holmes Run Acres,Week3,363.0 Holmes Run Acres - 39.0 Bren Mar-Edsall Park
Bren Mar-Edsall Park,Week5,Tuckahoe,Week4,398.0 Tuckahoe - 4.0 Bren Mar-Edsall Park
Brandywine,Week4,Commonwealth,Week1,257.0 Brandywine - 145.0 Commonwealth
Bren Mar-Edsall Park,Week5,Rolling Valley,Week2,295.0 Rolling Valley - 107.0 Bren Mar-Edsall Park
Brandywine,Week1,Kent Gardens,Week4,218.0 Kent Gardens - 184.0 Brandywine
Bren Mar-Edsall Park,Week1,Mantua,Week3,382.0 Mantua - 20.0 Bren Mar-Edsall Park
Brandywine,Week4,Commonwealth,Week4,254.0 Brandywine - 148.0 Commonwealth
Brandywine,Week2,Forest Hollow,Week2,223.0 Forest Hollow - 179.0 Brandywine
Bren Mar-Edsall Park,Week5,Hollin Meadows,Week1,359.0 Hollin Meadows - 43.0 Bren Mar-Edsall Park
Bren Mar-Edsall Park,Week3,Rolling Valley,Week5,316.0 Rolling Valley - 86.0 Bren Mar-Edsall Park
Brandywine,Week1,Sideburn Run,Week5,228.0 Sideburn Run - 174.0 Brandywine
Bren Mar-Edsall Park,Week1,Fairfax,Week1,377.0 Fairfax - 25.0 Bren Mar-Edsall Park
Brandywine,Week5,Commonwealth,Week1,270.0 Brandywine - 132.0 Commonwealth
Brandywine,Week4,Forest Hollow,Week4,218.5 Forest Hollow - 183.5 Brandywine
Bren Mar-Edsall Park,Week4,Hollin Meadows,Week1,360.0 Hollin Meadows - 42.0 Bren Mar-Edsall Park
Bren Mar-Edsall Park,Week4,Mansion House,Week3,363.0 Mansion House - 39.0 Bren Mar-Edsall Park
Brandywine,Week1,Ilda Community,Week5,257.0 Brandywine - 145.0 Ilda Community
Brandywine,Week1,Sideburn Run,Week2,208.0 Brandywine - 194.0 Sideburn Run
Bren Mar-Edsall Park,Week4,Fair Oaks ,Week5,367.0 Fair Oaks - 35.0 Bren Mar-Edsall Park
Bren Mar-Edsall Park,Week1,Vienna Aquatic,Week2,386.0 Vienna Aquatic - 16.0 Bren Mar-Edsall Park
Bren Mar-Edsall Park,Week4,Mansion House,Week4,334.0 Mansion House - 59.0 Bren Mar-Edsall Park
Brandywine,Week4,Forest Hollow,Week3,215.0 Forest Hollow - 187.0 Brandywine
Brandywine,Week4,Ilda Community,Week3,281.0 Brandywine - 121.0 Ilda Community
Bren Mar-Edsall Park,Week3,Holmes Run Acres,Week5,365.0 Holmes Run Acres - 37.0 Bren Mar-Edsall Park
Bren Mar-Edsall Park,Week1,Vienna Aquatic,Week3,383.0 Vienna Aquatic - 19.0 Bren Mar-Edsall Park
Brandywine,Week2,Sleepy Hollow B & R,Week2,229.0 Sleepy Hollow B & R - 173.0 Brandywine
Bren Mar-Edsall Park,Week5,Rolling Valley,Week5,316.0 Rolling Valley - 86.0 Bren Mar-Edsall Park
Bren Mar-Edsall Park,Week5,Fair Oaks ,Week4,354.0 Fair Oaks - 46.0 Bren Mar-Edsall Park
Bren Mar-Edsall Park,Week3,Mantua,Week1,354.0 Mantua - 47.0 Bren Mar-Edsall Park
Brandywine,Week3,Sleepy Hollow B & R,Week1,207.0 Brandywine - 195.0 Sleepy Hollow B & R
Bren Mar-Edsall Park,Week1,Vienna Aquatic,Week4,384.0 Vienna Aquatic - 18.0 Bren Mar-Edsall Park
Brandywine,Week3,Forest Hollow,Week1,214.0 Forest Hollow - 188.0 Brandywine
Bren Mar-Edsall Park,Week4,Holmes Run Acres,Week4,348.0 Holmes Run Acres - 53.0 Bren Mar-Edsall Park
Bren Mar-Edsall Park,Week1,Rutherford,Week5,334.0 Rutherford - 67.0 Bren Mar-Edsall Park
Brandywine,Week4,Ilda Community,Week4,256.0 Brandywine - 146.0 Ilda Community
Brandywine,Week5,Ilda Community,Week2,284.0 Brandywine - 118.0 Ilda Community
Bren Mar-Edsall Park,Week5,Tuckahoe,Week5,395.0 Tuckahoe - 7.0 Bren Mar-Edsall Park
Brandywine,Week5,Ilda Community,Week4,268.0 Brandywine - 134.0 Ilda Community
Brandywine,Week3,Forest Hollow,Week3,214.0 Forest Hollow - 188.0 Brandywine
Brandywine,Week3,Cottontail,Week3,234.0 Brandywine - 168.0 Cottontail
Brandywine,Week5,Forest Hollow,Week3,204.0 Brandywine - 198.0 Forest Hollow
Bren Mar-Edsall Park,Week2,Rutherford,Week1,325.0 Rutherford - 74.0 Bren Mar-Edsall Park
Brandywine,Week3,Sleepy Hollow B & R,Week3,222.0 Sleepy Hollow B & R - 179.0 Brandywine
Bren Mar-Edsall Park,Week3,Mantua,Week4,379.0 Mantua - 23.0 Bren Mar-Edsall Park
Bren Mar-Edsall Park,Week2,Fairfax,Week1,379.0 Fairfax - 23.0 Bren Mar-Edsall Park
Bren Mar-Edsall Park,Week1,Fairfax,Week4,381.0 Fairfax - 20.0 Bren Mar-Edsall Park
Bren Mar-Edsall Park,Week5,Tuckahoe,Week2,399.0 Tuckahoe - 3.0 Bren Mar-Edsall Park
Brandywine,Week3,Cottontail,Week4,233.0 Brandywine - 163.0 Cottontail
Bren Mar-Edsall Park,Week3,Fairfax,Week1,371.0 Fairfax - 31.0 Bren Mar-Edsall Park
Brandywine,Week4,Cottontail,Week5,233.0 Brandywine - 169.0 Cottontail
Bren Mar-Edsall Park,Week4,Mantua,Week1,349.0 Mantua - 44.0 Bren Mar-Edsall Park
Brandywine,Week4,Sideburn Run,Week2,219.0 Brandywine - 183.0 Sideburn Run
Brandywine,Week5,Forest Hollow,Week1,203.0 Brandywine - 199.0 Forest Hollow
Bren Mar-Edsall Park,Week1,Vienna Aquatic,Week1,386.0 Vienna Aquatic - 15.0 Bren Mar-Edsall Park
Brandywine,Week4,Sideburn Run,Week5,208.0 Sideburn Run - 194.0 Brandywine
Bren Mar-Edsall Park,Week5,Hollin Meadows,Week3,352.0 Hollin Meadows - 49.0 Bren Mar-Edsall Park
Bren Mar-Edsall Park,Week3,Mantua,Week2,366.0 Mantua - 36.0 Bren Mar-Edsall Park
Bren Mar-Edsall Park,Week1,Rutherford,Week3,345.0 Rutherford - 56.0 Bren Mar-Edsall Park
Bren Mar-Edsall Park,Week4,Hollin Meadows,Week5,369.0 Hollin Meadows - 32.0 Bren Mar-Edsall Park
Bren Mar-Edsall Park,Week4,Hollin Meadows,Week3,354.0 Hollin Meadows - 48.0 Bren Mar-Edsall Park
Brandywine,Week5,Cottontail,Week1,250.0 Brandywine - 152.0 Cottontail
Bren Mar-Edsall Park,Week5,Hollin Meadows,Week2,344.0 Hollin Meadows - 58.0 Bren Mar-Edsall Park
Bren Mar-Edsall Park,Week4,Hollin Meadows,Week4,361.0 Hollin Meadows - 41.0 Bren Mar-Edsall Park
Brandywine,Week2,Fox Hunt,Week1,202.0 Brandywine - 200.0 Fox Hunt
Brandywine,Week4,Sleepy Hollow B & R,Week1,210.0 Brandywine - 192.0 Sleepy Hollow B & R
Bren Mar-Edsall Park,Week1,Fairfax Club Estates,Week1,322.0 Fairfax Club Estates - 78.0 Bren Mar-Edsall Park
Brandywine,Week1,Fox Hunt,Week3,234.0 Fox Hunt - 168.0 Brandywine
Bren Mar-Edsall Park,Week2,Tuckahoe,Week4,398.0 Tuckahoe - 4.0 Bren Mar-Edsall Park
Brandywine,Week4,Ilda Community,Week5,275.0 Brandywine - 126.0 Ilda Community
Brandywine,Week1,Cottontail,Week5,203.0 Brandywine - 199.0 Cottontail
Brandywine,Week1,Ilda Community,Week4,244.0 Brandywine - 158.0 Ilda Community
Brandywine,Week2,Fox Hunt,Week4,210.0 Fox Hunt - 192.0 Brandywine
Brandywine,Week5,Sideburn Run,Week1,223.0 Brandywine - 179.0 Sideburn Run
Brandywine,Week5,Ilda Community,Week3,289.0 Brandywine - 113.0 Ilda Community
Bren Mar-Edsall Park,Week3,Rutherford,Week5,325.0 Rutherford - 77.0 Bren Mar-Edsall Park
Bren Mar-Edsall Park,Week3,Rutherford,Week1,313.0 Rutherford - 89.0 Bren Mar-Edsall Park
Bren Mar-Edsall Park,Week2,Rutherford,Week3,343.0 Rutherford - 57.0 Bren Mar-Edsall Park
Brandywine,Week3,Sideburn Run,Week5,202.0 Brandywine - 200.0 Sideburn Run
Bren Mar-Edsall Park,Week5,Hollin Meadows,Week5,365.0 Hollin Meadows - 37.0 Bren Mar-Edsall Park
Bren Mar-Edsall Park,Week2,Fairfax,Week2,389.0 Fairfax - 13.0 Bren Mar-Edsall Park
Bren Mar-Edsall Park,Week4,Tuckahoe,Week4,398.0 Tuckahoe - 4.0 Bren Mar-Edsall Park
Bren Mar-Edsall Park,Week1,Mantua,Week2,366.0 Mantua - 35.0 Bren Mar-Edsall Park
Bren Mar-Edsall Park,Week1,Mantua,Week1,358.0 Mantua - 42.0 Bren Mar-Edsall Park
Bren Mar-Edsall Park,Week2,Tuckahoe,Week1,392.0 Tuckahoe - 10.0 Bren Mar-Edsall Park
Bren Mar-Edsall Park,Week3,Rutherford,Week4,327.0 Rutherford - 75.0 Bren Mar-Edsall Park
Bren Mar-Edsall Park,Week1,Holmes Run Acres,Week1,342.0 Holmes Run Acres - 59.0 Bren Mar-Edsall Park
Bren Mar-Edsall Park,Week1,Fairfax Club Estates,Week2,311.0 Fairfax Club Estates - 87.0 Bren Mar-Edsall Park
Bren Mar-Edsall Park,Week5,Mansion House,Week4,336.0 Mansion House - 55.0 Bren Mar-Edsall Park
Brandywine,Week2,Cottontail,Week1,223.0 Brandywine - 179.0 Cottontail
Bren Mar-Edsall Park,Week2,Rutherford,Week5,342.0 Rutherford - 58.0 Bren Mar-Edsall Park
Brandywine,Week4,Cottontail,Week1,238.0 Brandywine - 164.0 Cottontail
Brandywine,Week3,Ilda Community,Week5,250.0 Brandywine - 150.0 Ilda Community
Bren Mar-Edsall Park,Week5,Mansion House,Week3,359.0 Mansion House - 43.0 Bren Mar-Edsall Park
Brandywine,Week3,Cottontail,Week5,221.0 Brandywine - 180.0 Cottontail
Bren Mar-Edsall Park,Week3,Fairfax,Week2,385.0 Fairfax - 17.0 Bren Mar-Edsall Park
Brandywine,Week3,Kent Gardens,Week2,202.0 Brandywine - 200.0 Kent Gardens
Bren Mar-Edsall Park,Week5,Fairfax,Week2,376.0 Fairfax - 26.0 Bren Mar-Edsall Park
Bren Mar-Edsall Park,Week3,Tuckahoe,Week2,392.0 Tuckahoe - 10.0 Bren Mar-Edsall Park
Brandywine,Week3,Fox Hunt,Week1,203.0 Brandywine - 199.0 Fox Hunt
Brandywine,Week5,Sideburn Run,Week2,240.0 Brandywine - 162.0 Sideburn Run
Bren Mar-Edsall Park,Week4,Mansion House,Week5,362.0 Mansion House - 40.0 Bren Mar-Edsall Park
Bren Mar-Edsall Park,Week2,Mantua,Week3,385.0 Mantua - 17.0 Bren Mar-Edsall Park
Bren Mar-Edsall Park,Week4,Tuckahoe,Week1,385.0 Tuckahoe - 17.0 Bren Mar-Edsall Park
Bren Mar-Edsall Park,Week2,Mantua,Week2,366.0 Mantua - 35.0 Bren Mar-Edsall Park
Bren Mar-Edsall Park,Week5,Hollin Meadows,Week4,358.0 Hollin Meadows - 44.0 Bren Mar-Edsall Park
Bren Mar-Edsall Park,Week5,Fairfax,Week5,379.0 Fairfax - 23.0 Bren Mar-Edsall Park
Bren Mar-Edsall Park,Week3,Shouse Village,Week4,345.0 Shouse Village - 57.0 Bren Mar-Edsall Park
Brandywine,Week3,Cottontail,Week1,216.5 Brandywine - 185.5 Cottontail
Bren Mar-Edsall Park,Week4,Hollin Meadows,Week2,349.0 Hollin Meadows - 53.0 Bren Mar-Edsall Park
Bren Mar-Edsall Park,Week2,Fairfax,Week4,383.0 Fairfax - 18.0 Bren Mar-Edsall Park
Bren Mar-Edsall Park,Week5,Mansion House,Week5,359.0 Mansion House - 43.0 Bren Mar-Edsall Park
Bren Mar-Edsall Park,Week3,Tuckahoe,Week4,397.0 Tuckahoe - 5.0 Bren Mar-Edsall Park
Brandywine,Week1,Country Club Hills,Week2,210.0 Brandywine - 192.0 Country Club Hills
Brandywine,Week1,Country Club Hills,Week1,221.0 Brandywine - 181.0 Country Club Hills
Bren Mar-Edsall Park,Week1,Holmes Run Acres,Week2,335.0 Holmes Run Acres - 65.0 Bren Mar-Edsall Park
Brandywine,Week4,Ilda Community,Week2,282.0 Brandywine - 120.0 Ilda Community
Bren Mar-Edsall Park,Week2,Shouse Village,Week5,350.0 Shouse Village - 52.0 Bren Mar-Edsall Park
Bren Mar-Edsall Park,Week3,Tuckahoe,Week3,393.0 Tuckahoe - 9.0 Bren Mar-Edsall Park
Brandywine,Week1,Fairfax Club Estates,Week5,224.0 Brandywine - 178.0 Fairfax Club Estates
Brandywine,Week1,Fairfax Club Estates,Week3,220.0 Brandywine - 182.0 Fairfax Club Estates
Brandywine,Week5,Fairfax,Week2,241.0 Fairfax - 161.0 Brandywine
Brandywine,Week2,Sleepy Hollow B & R,Week5,252.0 Sleepy Hollow B & R - 149.0 Brandywine
Bren Mar-Edsall Park,Week4,Rutherford,Week4,334.0 Rutherford - 68.0 Bren Mar-Edsall Park
Brandywine,Week2,Fairfax,Week4,253.0 Fairfax - 149.0 Brandywine
Brandywine,Week4,Ilda Community,Week1,286.0 Brandywine - 115.0 Ilda Community
Brandywine,Week2,Sideburn Run,Week5,234.0 Sideburn Run - 168.0 Brandywine
Bren Mar-Edsall Park,Week3,Fairfax,Week4,381.0 Fairfax - 21.0 Bren Mar-Edsall Park
Brandywine,Week5,Sideburn Run,Week5,215.0 Brandywine - 187.0 Sideburn Run
Brandywine,Week2,Kent Gardens,Week3,213.0 Brandywine - 189.0 Kent Gardens
Brandywine,Week3,Ilda Community,Week1,259.0 Brandywine - 142.0 Ilda Community
Bren Mar-Edsall Park,Week2,Mantua,Week4,381.0 Mantua - 21.0 Bren Mar-Edsall Park
Brandywine,Week1,Sleepy Hollow B & R,Week1,222.0 Sleepy Hollow B & R - 180.0 Brandywine
Brandywine,Week1,Cottontail,Week3,227.0 Brandywine - 175.0 Cottontail
Bren Mar-Edsall Park,Week2,Shouse Village,Week4,353.0 Shouse Village - 49.0 Bren Mar-Edsall Park
Brandywine,Week1,Sleepy Hollow B & R,Week3,254.0 Sleepy Hollow B & R - 148.0 Brandywine
Brandywine,Week1,Kent Gardens,Week1,219.0 Kent Gardens - 183.0 Brandywine
Bren Mar-Edsall Park,Week3,Holmes Run Acres,Week1,342.0 Holmes Run Acres - 60.0 Bren Mar-Edsall Park
Brandywine,Week5,Fairfax,Week4,229.0 Fairfax - 173.0 Brandywine
Brandywine,Week1,Sleepy Hollow B & R,Week2,240.0 Sleepy Hollow B & R - 162.0 Brandywine
Bren Mar-Edsall Park,Week4,Tuckahoe,Week2,392.0 Tuckahoe - 10.0 Bren Mar-Edsall Park
Bren Mar-Edsall Park,Week2,Tuckahoe,Week2,398.0 Tuckahoe - 4.0 Bren Mar-Edsall Park
Bren Mar-Edsall Park,Week2,Mantua,Week1,364.0 Mantua - 28.0 Bren Mar-Edsall Park
Bren Mar-Edsall Park,Week3,Fairfax,Week5,383.0 Fairfax - 19.0 Bren Mar-Edsall Park
Bren Mar-Edsall Park,Week3,Vienna Aquatic,Week2,384.0 Vienna Aquatic - 18.0 Bren Mar-Edsall Park
Bren Mar-Edsall Park,Week3,Mantua,Week3,382.0 Mantua - 20.0 Bren Mar-Edsall Park
Bren Mar-Edsall Park,Week3,Holmes Run Acres,Week4,341.0 Holmes Run Acres - 61.0 Bren Mar-Edsall Park
Bren Mar-Edsall Park,Week3,Shouse Village,Week5,337.0 Shouse Village - 65.0 Bren Mar-Edsall Park
Brandywine,Week3,Sideburn Run,Week4,213.0 Brandywine - 189.0 Sideburn Run
Bren Mar-Edsall Park,Week4,Shouse Village,Week1,334.0 Shouse Village - 67.0 Bren Mar-Edsall Park
Brandywine,Week4,Cottontail,Week3,243.5 Brandywine - 158.5 Cottontail
Bren Mar-Edsall Park,Week2,Holmes Run Acres,Week2,341.0 Holmes Run Acres - 61.0 Bren Mar-Edsall Park
Bren Mar-Edsall Park,Week1,Vienna Woods,Week4,382.0 Vienna Woods - 20.0 Bren Mar-Edsall Park
Bren Mar-Edsall Park,Week4,Fairfax,Week3,381.0 Fairfax - 21.0 Bren Mar-Edsall Park
Brandywine,Week2,Kent Gardens,Week1,216.0 Kent Gardens - 186.0 Brandywine
Brandywine,Week2,Fairfax Club Estates,Week2,249.0 Brandywine - 152.0 Fairfax Club Estates
Bren Mar-Edsall Park,Week4,Fairfax,Week1,370.0 Fairfax - 32.0 Bren Mar-Edsall Park
Brandywine,Week5,Commonwealth,Week5,237.0 Brandywine - 165.0 Commonwealth
Brandywine,Week5,Cottontail,Week3,255.0 Brandywine - 147.0 Cottontail
Brandywine,Week3,Fairfax Club Estates,Week1,230.0 Brandywine - 172.0 Fairfax Club Estates
Brandywine,Week2,Ilda Community,Week5,257.0 Brandywine - 145.0 Ilda Community
Bren Mar-Edsall Park,Week2,Vienna Woods,Week3,389.0 Vienna Woods - 13.0 Bren Mar-Edsall Park
Bren Mar-Edsall Park,Week4,Shouse Village,Week4,341.0 Shouse Village - 61.0 Bren Mar-Edsall Park
Bren Mar-Edsall Park,Week3,Vienna Aquatic,Week3,385.0 Vienna Aquatic - 17.0 Bren Mar-Edsall Park
Bren Mar-Edsall Park,Week3,Mantua,Week5,377.0 Mantua - 25.0 Bren Mar-Edsall Park
Bren Mar-Edsall Park,Week1,Fairfax Club Estates,Week5,326.0 Fairfax Club Estates - 70.0 Bren Mar-Edsall Park
Brandywine,Week2,Fairfax,Week2,271.0 Fairfax - 131.0 Brandywine
Brandywine,Week5,Ilda Community,Week5,293.0 Brandywine - 109.0 Ilda Community
Brandywine,Week2,Ilda Community,Week1,266.0 Brandywine - 136.0 Ilda Community
Brandywine,Week4,Fairfax Club Estates,Week2,255.0 Brandywine - 147.0 Fairfax Club Estates
Bren Mar-Edsall Park,Week4,Mantua,Week2,361.0 Mantua - 41.0 Bren Mar-Edsall Park
Brandywine,Week3,Ilda Community,Week4,242.0 Brandywine - 159.0 Ilda Community
Bren Mar-Edsall Park,Week4,Mantua,Week4,374.0 Mantua - 28.0 Bren Mar-Edsall Park
Bren Mar-Edsall Park,Week2,Vienna Aquatic,Week4,384.0 Vienna Aquatic - 17.0 Bren Mar-Edsall Park
Bren Mar-Edsall Park,Week4,Shouse Village,Week2,329.0 Shouse Village - 69.0 Bren Mar-Edsall Park
Bren Mar-Edsall Park,Week5,Fairfax,Week3,374.0 Fairfax - 28.0 Bren Mar-Edsall Park
Brandywine,Week5,Sideburn Run,Week3,235.0 Brandywine - 167.0 Sideburn Run
Brandywine,Week1,Sleepy Hollow B & R,Week4,255.0 Sleepy Hollow B & R - 147.0 Brandywine
Brandywine,Week2,Sleepy Hollow B & R,Week1,215.0 Sleepy Hollow B & R - 187.0 Brandywine
Brandywine,Week2,Fairfax,Week5,291.0 Fairfax - 111.0 Brandywine
Bren Mar-Edsall Park,Week2,Hunt Valley,Week1,381.0 Hunt Valley - 21.0 Bren Mar-Edsall Park
Bren Mar-Edsall Park,Week4,Mantua,Week5,375.0 Mantua - 27.0 Bren Mar-Edsall Park
Bren Mar-Edsall Park,Week4,Shouse Village,Week3,336.0 Shouse Village - 66.0 Bren Mar-Edsall Park
Brandywine,Week2,Cottontail,Week3,225.0 Brandywine - 177.0 Cottontail
Brandywine,Week4,Sideburn Run,Week4,212.0 Brandywine - 190.0 Sideburn Run
Bren Mar-Edsall Park,Week3,Shouse Village,Week3,346.0 Shouse Village - 56.0 Bren Mar-Edsall Park
Bren Mar-Edsall Park,Week4,Holmes Run Acres,Week5,360.0 Holmes Run Acres - 42.0 Bren Mar-Edsall Park
Brandywine,Week3,Fairfax Club Estates,Week3,239.0 Brandywine - 158.0 Fairfax Club Estates
Bren Mar-Edsall Park,Week4,Mantua,Week3,379.0 Mantua - 23.0 Bren Mar-Edsall Park
Brandywine,Week2,Fairfax Club Estates,Week4,222.0 Brandywine - 180.0 Fairfax Club Estates
Bren Mar-Edsall Park,Week3,Vienna Aquatic,Week5,389.0 Vienna Aquatic - 12.0 Bren Mar-Edsall Park
Brandywine,Week5,Cottontail,Week4,258.0 Brandywine - 144.0 Cottontail
Bren Mar-Edsall Park,Week2,Fairfax Club Estates,Week2,311.0 Fairfax Club Estates - 90.0 Bren Mar-Edsall Park
Bren Mar-Edsall Park,Week1,Fairfax Club Estates,Week4,337.0 Fairfax Club Estates - 63.0 Bren Mar-Edsall Park
Bren Mar-Edsall Park,Week2,Hunt Valley,Week5,392.0 Hunt Valley - 10.0 Bren Mar-Edsall Park
Bren Mar-Edsall Park,Week5,Holmes Run Acres,Week3,358.0 Holmes Run Acres - 44.0 Bren Mar-Edsall Park
Brandywine,Week5,Ilda Community,Week1,296.0 Brandywine - 106.0 Ilda Community
Bren Mar-Edsall Park,Week4,Rutherford,Week2,321.0 Rutherford - 77.0 Bren Mar-Edsall Park
Brandywine,Week5,Cottontail,Week5,250.0 Brandywine - 152.0 Cottontail
Bren Mar-Edsall Park,Week2,Fairfax,Week3,382.0 Fairfax - 19.0 Bren Mar-Edsall Park
Bren Mar-Edsall Park,Week2,Hunt Valley,Week4,376.0 Hunt Valley - 26.0 Bren Mar-Edsall Park
Bren Mar-Edsall Park,Week4,Rutherford,Week5,325.0 Rutherford - 76.0 Bren Mar-Edsall Park
Brandywine,Week2,Cottontail,Week2,229.0 Brandywine - 173.0 Cottontail
Brandywine,Week1,Cottontail,Week1,216.0 Brandywine - 186.0 Cottontail
Bren Mar-Edsall Park,Week1,Vienna Woods,Week1,377.0 Vienna Woods - 25.0 Bren Mar-Edsall Park
Bren Mar-Edsall Park,Week2,Shouse Village,Week3,353.0 Shouse Village - 49.0 Bren Mar-Edsall Park
Brandywine,Week3,Sideburn Run,Week1,208.0 Brandywine - 194.0 Sideburn Run
Brandywine,Week3,Sideburn Run,Week2,222.0 Brandywine - 180.0 Sideburn Run
Brandywine,Week1,Kent Gardens,Week2,216.0 Kent Gardens - 186.0 Brandywine
Bren Mar-Edsall Park,Week5,Mantua,Week1,350.0 Mantua - 45.0 Bren Mar-Edsall Park
Bren Mar-Edsall Park,Week1,Mantua,Week5,380.0 Mantua - 22.0 Bren Mar-Edsall Park
Brandywine,Week1,Fairfax Club Estates,Week1,206.0 Brandywine - 196.0 Fairfax Club Estates
Brandywine,Week2,Cottontail,Week4,226.0 Brandywine - 176.0 Cottontail
Bren Mar-Edsall Park,Week4,Fairfax,Week4,382.0 Fairfax - 20.0 Bren Mar-Edsall Park
Brandywine,Week5,Fairfax,Week3,247.0 Fairfax - 155.0 Brandywine
Bren Mar-Edsall Park,Week2,Vienna Aquatic,Week2,389.0 Vienna Aquatic - 13.0 Bren Mar-Edsall Park
Bren Mar-Edsall Park,Week4,Hunt Valley,Week1,375.0 Hunt Valley - 27.0 Bren Mar-Edsall Park
Bren Mar-Edsall Park,Week1,Hunter Mill,Week2,363.0 Hunter Mill - 38.0 Bren Mar-Edsall Park
Brandywine,Week3,Fairfax,Week1,253.0 Fairfax - 149.0 Brandywine
Bren Mar-Edsall Park,Week3,Shouse Village,Week1,329.0 Shouse Village - 73.0 Bren Mar-Edsall Park
Brandywine,Week4,Sideburn Run,Week3,205.0 Brandywine - 197.0 Sideburn Run
Bren Mar-Edsall Park,Week4,Fairfax,Week5,386.0 Fairfax - 16.0 Bren Mar-Edsall Park
Brandywine,Week2,Ilda Community,Week4,240.0 Brandywine - 161.0 Ilda Community
Brandywine,Week2,Ilda Community,Week2,265.0 Brandywine - 137.0 Ilda Community
Bren Mar-Edsall Park,Week1,Hunt Valley,Week2,380.0 Hunt Valley - 22.0 Bren Mar-Edsall Park
Brandywine,Week2,Cottontail,Week5,212.0 Brandywine - 190.0 Cottontail
Bren Mar-Edsall Park,Week5,Fairfax,Week1,364.0 Fairfax - 38.0 Bren Mar-Edsall Park
Brandywine,Week5,Sideburn Run,Week4,224.0 Brandywine - 178.0 Sideburn Run
Bren Mar-Edsall Park,Week4,Vienna Aquatic,Week2,376.0 Vienna Aquatic - 26.0 Bren Mar-Edsall Park
Bren Mar-Edsall Park,Week2,Mantua,Week5,383.0 Mantua - 19.0 Bren Mar-Edsall Park
Bren Mar-Edsall Park,Week1,Vienna Woods,Week2,387.0 Vienna Woods - 14.0 Bren Mar-Edsall Park
Bren Mar-Edsall Park,Week4,Shouse Village,Week5,339.0 Shouse Village - 63.0 Bren Mar-Edsall Park
Bren Mar-Edsall Park,Week4,Rutherford,Week3,325.0 Rutherford - 76.0 Bren Mar-Edsall Park
Bren Mar-Edsall Park,Week3,Vienna Woods,Week5,384.0 Vienna Woods - 18.0 Bren Mar-Edsall Park
Brandywine,Week3,Ilda Community,Week3,259.0 Brandywine - 142.0 Ilda Community
Brandywine,Week1,Sleepy Hollow B & R,Week5,262.0 Sleepy Hollow B & R - 140.0 Brandywine
Brandywine,Week5,Commonwealth,Week3,259.0 Brandywine - 143.0 Commonwealth
Bren Mar-Edsall Park,Week2,Fairfax,Week5,387.0 Fairfax - 14.0 Bren Mar-Edsall Park
Bren Mar-Edsall Park,Week1,McLean,Week2,378.0 McLean - 23.0 Bren Mar-Edsall Park
Bren Mar-Edsall Park,Week3,Fairfax,Week3,387.0 Fairfax - 15.0 Bren Mar-Edsall Park
Brandywine,Week4,Sideburn Run,Week1,204.0 Sideburn Run - 198.0 Brandywine
Bren Mar-Edsall Park,Week4,Vienna Aquatic,Week5,386.0 Vienna Aquatic - 12.0 Bren Mar-Edsall Park
Bren Mar-Edsall Park,Week5,Hunt Valley,Week5,383.0 Hunt Valley - 19.0 Bren Mar-Edsall Park
Bren Mar-Edsall Park,Week5,Mantua,Week4,375.0 Mantua - 27.0 Bren Mar-Edsall Park
Brandywine,Week1,Cottontail,Week4,227.0 Brandywine - 175.0 Cottontail
Brandywine,Week1,Fairfax Club Estates,Week2,231.0 Brandywine - 171.0 Fairfax Club Estates
Brandywine,Week2,Ilda Community,Week3,265.0 Brandywine - 136.0 Ilda Community
Bren Mar-Edsall Park,Week4,Hunt Valley,Week5,388.0 Hunt Valley - 14.0 Bren Mar-Edsall Park
Brandywine,Week4,Fairfax,Week1,247.0 Fairfax - 155.0 Brandywine
Bren Mar-Edsall Park,Week4,Hunt Valley,Week2,378.0 Hunt Valley - 24.0 Bren Mar-Edsall Park
Brandywine,Week3,Sideburn Run,Week3,210.0 Brandywine - 191.0 Sideburn Run
Brandywine,Week1,Kent Gardens,Week3,201.0 Brandywine - 201.0 Kent Gardens
Brandywine,Week5,Commonwealth,Week4,264.0 Brandywine - 138.0 Commonwealth
Bren Mar-Edsall Park,Week1,Fairfax,Week5,387.0 Fairfax - 14.0 Bren Mar-Edsall Park
Brandywine,Week1,Cottontail,Week2,225.0 Brandywine - 177.0 Cottontail
Bren Mar-Edsall Park,Week2,Vienna Woods,Week2,387.0 Vienna Woods - 14.0 Bren Mar-Edsall Park
Bren Mar-Edsall Park,Week1,Shouse Village,Week1,344.0 Shouse Village - 57.0 Bren Mar-Edsall Park
Brandywine,Week2,Fairfax,Week3,264.0 Fairfax - 138.0 Brandywine
Bren Mar-Edsall Park,Week5,Rutherford,Week1,313.0 Rutherford - 84.0 Bren Mar-Edsall Park
Bren Mar-Edsall Park,Week1,McLean,Week1,382.0 McLean - 20.0 Bren Mar-Edsall Park
Brandywine,Week4,Cottontail,Week2,261.0 Brandywine - 141.0 Cottontail
Brandywine,Week4,Fairfax,Week3,262.0 Fairfax - 140.0 Brandywine
Brandywine,Week3,Kent Gardens,Week1,212.0 Kent Gardens - 190.0 Brandywine
Bren Mar-Edsall Park,Week2,Fairfax Club Estates,Week1,322.0 Fairfax Club Estates - 80.0 Bren Mar-Edsall Park
Bren Mar-Edsall Park,Week4,Vienna Aquatic,Week1,386.0 Vienna Aquatic - 16.0 Bren Mar-Edsall Park
Brandywine,Week2,Kent Gardens,Week5,238.0 Kent Gardens - 164.0 Brandywine
Bren Mar-Edsall Park,Week5,Rutherford,Week4,328.0 Rutherford - 69.0 Bren Mar-Edsall Park
Brandywine,Week1,Kent Gardens,Week5,234.0 Kent Gardens - 168.0 Brandywine
Bren Mar-Edsall Park,Week5,Rutherford,Week5,324.0 Rutherford - 73.0 Bren Mar-Edsall Park
Bren Mar-Edsall Park,Week5,Fairfax,Week4,372.0 Fairfax - 30.0 Bren Mar-Edsall Park
Bren Mar-Edsall Park,Week1,Shouse Village,Week3,348.0 Shouse Village - 54.0 Bren Mar-Edsall Park
Brandywine,Week3,Cottontail,Week2,240.0 Brandywine - 162.0 Cottontail
Brandywine,Week3,Fairfax,Week5,294.0 Fairfax - 108.0 Brandywine
Bren Mar-Edsall Park,Week1,McLean,Week5,387.0 McLean - 15.0 Bren Mar-Edsall Park
Bren Mar-Edsall Park,Week1,McLean,Week3,372.0 McLean - 29.0 Bren Mar-Edsall Park
Bren Mar-Edsall Park,Week4,Hunt Valley,Week4,374.0 Hunt Valley - 28.0 Bren Mar-Edsall Park
Bren Mar-Edsall Park,Week2,Hunter Mill,Week3,380.0 Hunter Mill - 21.0 Bren Mar-Edsall Park
Bren Mar-Edsall Park,Week5,Mantua,Week3,378.0 Mantua - 24.0 Bren Mar-Edsall Park
Bren Mar-Edsall Park,Week1,Shouse Village,Week2,350.0 Shouse Village - 51.0 Bren Mar-Edsall Park
Bren Mar-Edsall Park,Week2,Vienna Aquatic,Week3,392.0 Vienna Aquatic - 10.0 Bren Mar-Edsall Park
Brandywine,Week2,Kent Gardens,Week2,203.0 Kent Gardens - 199.0 Brandywine
Bren Mar-Edsall Park,Week5,Mantua,Week5,373.0 Mantua - 29.0 Bren Mar-Edsall Park
Brandywine,Week4,Cottontail,Week4,251.0 Brandywine - 151.0 Cottontail
Brandywine,Week2,Kent Gardens,Week4,203.0 Brandywine - 199.0 Kent Gardens
Bren Mar-Edsall Park,Week3,Vienna Aquatic,Week1,384.0 Vienna Aquatic - 18.0 Bren Mar-Edsall Park
Bren Mar-Edsall Park,Week3,Hunt Valley,Week1,372.0 Hunt Valley - 30.0 Bren Mar-Edsall Park
Bren Mar-Edsall Park,Week1,McLean,Week4,373.0 McLean - 29.0 Bren Mar-Edsall Park
Brandywine,Week2,Sleepy Hollow B & R,Week3,223.0 Sleepy Hollow B & R - 178.0 Brandywine
Brandywine,Week5,Fairfax,Week1,224.0 Fairfax - 178.0 Brandywine
Brandywine,Week4,Fairfax,Week2,256.0 Fairfax - 146.0 Brandywine
Bren Mar-Edsall Park,Week5,Holmes Run Acres,Week4,345.0 Holmes Run Acres - 57.0 Bren Mar-Edsall Park
Bren Mar-Edsall Park,Week1,Fairfax Club Estates,Week3,335.0 Fairfax Club Estates - 64.0 Bren Mar-Edsall Park
Bren Mar-Edsall Park,Week1,Hunter Mill,Week1,379.0 Hunter Mill - 23.0 Bren Mar-Edsall Park
Brandywine,Week3,Sleepy Hollow B & R,Week2,212.0 Sleepy Hollow B & R - 189.0 Brandywine
Brandywine,Week2,Sleepy Hollow B & R,Week4,239.0 Sleepy Hollow B & R - 163.0 Brandywine
Bren Mar-Edsall Park,Week1,Fairfax,Week3,379.0 Fairfax - 22.0 Bren Mar-Edsall Park
Brandywine,Week3,Fairfax,Week4,257.0 Fairfax - 145.0 Brandywine
Bren Mar-Edsall Park,Week2,Vienna Aquatic,Week1,387.0 Vienna Aquatic - 15.0 Bren Mar-Edsall Park
Brandywine,Week5,Cottontail,Week2,261.0 Brandywine - 141.0 Cottontail
Bren Mar-Edsall Park,Week4,Fairfax,Week2,386.0 Fairfax - 16.0 Bren Mar-Edsall Park
Brandywine,Week3,Sleepy Hollow B & R,Week4,220.0 Sleepy Hollow B & R - 182.0 Brandywine
Brandywine,Week3,Fairfax,Week3,264.0 Fairfax - 138.0 Brandywine
Bren Mar-Edsall Park,Week5,Vienna Aquatic,Week2,375.0 Vienna Aquatic - 27.0 Bren Mar-Edsall Park
Bren Mar-Edsall Park,Week4,McLean,Week4,370.0 McLean - 32.0 Bren Mar-Edsall Park
Bren Mar-Edsall Park,Week1,Shouse Village,Week5,350.0 Shouse Village - 51.0 Bren Mar-Edsall Park
Bren Mar-Edsall Park,Week2,Shouse Village,Week1,349.0 Shouse Village - 53.0 Bren Mar-Edsall Park
Brandywine,Week2,Kings Ridge ,Week2,245.0 Brandywine - 157.0 Kings Ridge
Bren Mar-Edsall Park,Week5,Vienna Aquatic,Week1,380.0 Vienna Aquatic - 22.0 Bren Mar-Edsall Park
Brandywine,Week2,Orange Hunt,Week3,232.0 Orange Hunt - 170.0 Brandywine
Brandywine,Week2,Kings Ridge ,Week1,246.0 Brandywine - 156.0 Kings Ridge
Brandywine,Week1,Kings Ridge ,Week2,266.0 Brandywine - 136.0 Kings Ridge
Bren Mar-Edsall Park,Week2,Fairfax Station,Week4,381.0 Fairfax Station - 21.0 Bren Mar-Edsall Park
Brandywine,Week4,Orange Hunt,Week5,225.5 Orange Hunt - 176.5 Brandywine
Bren Mar-Edsall Park,Week3,McLean,Week2,374.0 McLean - 28.0 Bren Mar-Edsall Park
Arlington Forest,Week4,Wakefield Chapel,Week4,278.0 Wakefield Chapel - 124.0 Arlington Forest
Brandywine,Week2,Country Club Hills,Week2,215.5 Brandywine - 186.5 Country Club Hills
Brandywine,Week3,Sleepy Hollow B & R,Week5,237.0 Sleepy Hollow B & R - 163.0 Brandywine
Bren Mar-Edsall Park,Week5,Holmes Run Acres,Week5,366.0 Holmes Run Acres - 36.0 Bren Mar-Edsall Park
Bren Mar-Edsall Park,Week5,Holmes Run Acres,Week2,334.0 Holmes Run Acres - 68.0 Bren Mar-Edsall Park
Brandywine,Week1,Orange Hunt,Week5,239.0 Orange Hunt - 163.0 Brandywine
Bren Mar-Edsall Park,Week2,Fairfax Club Estates,Week4,330.0 Fairfax Club Estates - 71.0 Bren Mar-Edsall Park
Brandywine,Week4,Fairfax,Week5,280.5 Fairfax - 121.5 Brandywine
Bren Mar-Edsall Park,Week5,Rutherford,Week3,326.0 Rutherford - 71.0 Bren Mar-Edsall Park
Brandywine,Week4,Fairfax,Week4,247.5 Fairfax - 154.5 Brandywine
Brandywine,Week4,Country Club Hills,Week3,237.0 Brandywine - 165.0 Country Club Hills
Bren Mar-Edsall Park,Week5,Fairfax Club Estates,Week3,305.0 Fairfax Club Estates - 96.0 Bren Mar-Edsall Park
Brandywine,Week1,Crosspointe,Week1,284.0 Crosspointe - 118.0 Brandywine
Bren Mar-Edsall Park,Week5,Holmes Run Acres,Week1,339.0 Holmes Run Acres - 62.0 Bren Mar-Edsall Park
Bren Mar-Edsall Park,Week2,Mosby Woods,Week4,363.0 Mosby Woods - 37.0 Bren Mar-Edsall Park
Bren Mar-Edsall Park,Week1,Vienna Aquatic,Week5,387.0 Vienna Aquatic - 14.0 Bren Mar-Edsall Park
Bren Mar-Edsall Park,Week2,Fairfax Club Estates,Week3,326.0 Fairfax Club Estates - 73.0 Bren Mar-Edsall Park
Brandywine,Week2,Country Club Hills,Week1,220.0 Brandywine - 182.0 Country Club Hills
Bren Mar-Edsall Park,Week1,Fairfax Station,Week1,382.0 Fairfax Station - 20.0 Bren Mar-Edsall Park
Bren Mar-Edsall Park,Week3,Shouse Village,Week2,334.5 Shouse Village - 66.5 Bren Mar-Edsall Park
Brandywine,Week4,Country Club Hills,Week2,244.5 Brandywine - 157.5 Country Club Hills
Brandywine,Week2,Crosspointe,Week2,271.0 Crosspointe - 131.0 Brandywine
Brandywine,Week4,Orange Hunt,Week1,207.0 Orange Hunt - 195.0 Brandywine
Bren Mar-Edsall Park,Week1,Vienna Woods,Week3,389.0 Vienna Woods - 12.0 Bren Mar-Edsall Park
Bren Mar-Edsall Park,Week2,Shouse Village,Week2,341.0 Shouse Village - 57.0 Bren Mar-Edsall Park
Brandywine,Week5,Fairfax,Week5,266.0 Fairfax - 136.0 Brandywine
Bren Mar-Edsall Park,Week2,McLean,Week1,378.0 McLean - 24.0 Bren Mar-Edsall Park
Bren Mar-Edsall Park,Week3,Fairfax Club Estates,Week4,321.0 Fairfax Club Estates - 81.0 Bren Mar-Edsall Park
Bren Mar-Edsall Park,Week5,Rutherford,Week2,321.5 Rutherford - 79.5 Bren Mar-Edsall Park
Bren Mar-Edsall Park,Week1,Hunt Valley,Week1,378.0 Hunt Valley - 24.0 Bren Mar-Edsall Park
Bren Mar-Edsall Park,Week2,Vienna Aquatic,Week5,390.0 Vienna Aquatic - 8.0 Bren Mar-Edsall Park
Bren Mar-Edsall Park,Week4,McLean,Week3,368.0 McLean - 29.0 Bren Mar-Edsall Park
Brandywine,Week2,Kings Ridge ,Week3,250.0 Brandywine - 151.0 Kings Ridge
Bren Mar-Edsall Park,Week1,Hunt Valley,Week5,391.0 Hunt Valley - 11.0 Bren Mar-Edsall Park
Brandywine,Week4,Orange Hunt,Week4,205.0 Orange Hunt - 197.0 Brandywine
Bren Mar-Edsall Park,Week1,Hunt Valley,Week3,389.0 Hunt Valley - 13.0 Bren Mar-Edsall Park
Bren Mar-Edsall Park,Week1,Shouse Village,Week4,355.0 Shouse Village - 47.0 Bren Mar-Edsall Park
Bren Mar-Edsall Park,Week1,Mosby Woods,Week2,375.0 Mosby Woods - 27.0 Bren Mar-Edsall Park
Brandywine,Week1,Overlee,Week1,332.0 Overlee - 70.0 Brandywine
Brandywine,Week5,Country Club Hills,Week3,252.0 Brandywine - 150.0 Country Club Hills
Bren Mar-Edsall Park,Week5,Vienna Aquatic,Week4,382.0 Vienna Aquatic - 20.0 Bren Mar-Edsall Park
Brandywine,Week1,Kings Ridge ,Week1,255.0 Brandywine - 147.0 Kings Ridge
Bren Mar-Edsall Park,Week3,Vienna Aquatic,Week4,386.0 Vienna Aquatic - 16.0 Bren Mar-Edsall Park
Brandywine,Week3,Fairfax,Week2,255.0 Fairfax - 147.0 Brandywine
Brandywine,Week2,Kings Ridge ,Week4,232.0 Brandywine - 170.0 Kings Ridge
Brandywine,Week2,Fairfax,Week1,256.0 Fairfax - 146.0 Brandywine
Brandywine,Week2,Kings Ridge ,Week5,254.0 Brandywine - 148.0 Kings Ridge
Brandywine,Week3,Overlee,Week2,322.5 Overlee - 79.5 Brandywine
Bren Mar-Edsall Park,Week2,Mosby Woods,Week2,374.0 Mosby Woods - 27.0 Bren Mar-Edsall Park
Bren Mar-Edsall Park,Week5,McLean,Week5,378.5 McLean - 23.5 Bren Mar-Edsall Park
Brandywine,Week2,Fairfax Club Estates,Week3,237.0 Brandywine - 164.0 Fairfax Club Estates
Brandywine,Week5,Country Club Hills,Week5,240.0 Brandywine - 162.0 Country Club Hills
Bren Mar-Edsall Park,Week5,Vienna Aquatic,Week5,386.0 Vienna Aquatic - 15.0 Bren Mar-Edsall Park
Bren Mar-Edsall Park,Week4,Vienna Aquatic,Week4,382.0 Vienna Aquatic - 19.0 Bren Mar-Edsall Park
Brandywine,Week1,Fairfax Club Estates,Week4,212.5 Brandywine - 189.5 Fairfax Club Estates
Bren Mar-Edsall Park,Week1,Sideburn Run,Week3,372.0 Sideburn Run - 30.0 Bren Mar-Edsall Park
Bren Mar-Edsall Park,Week2,Hunt Valley,Week2,386.0 Hunt Valley - 16.0 Bren Mar-Edsall Park
Bren Mar-Edsall Park,Week5,Fairfax Club Estates,Week2,296.0 Fairfax Club Estates - 104.0 Bren Mar-Edsall Park
Brandywine,Week3,Overlee,Week4,346.0 Overlee - 56.0 Brandywine
Bren Mar-Edsall Park,Week3,McLean,Week1,374.0 McLean - 23.0 Bren Mar-Edsall Park
Bren Mar-Edsall Park,Week4,Vienna Aquatic,Week3,380.5 Vienna Aquatic - 21.5 Bren Mar-Edsall Park
Bren Mar-Edsall Park,Week5,Shouse Village,Week5,335.0 Shouse Village - 66.0 Bren Mar-Edsall Park
Bren Mar-Edsall Park,Week2,McLean,Week4,372.0 McLean - 29.0 Bren Mar-Edsall Park
Brandywine,Week1,Crosspointe,Week4,277.0 Crosspointe - 125.0 Brandywine
Brandywine,Week3,Orange Hunt,Week2,210.0 Orange Hunt - 192.0 Brandywine
Arlington Forest,Week4,Wakefield Chapel,Week5,310.0 Wakefield Chapel - 92.0 Arlington Forest
Bren Mar-Edsall Park,Week4,Fairfax Club Estates,Week3,301.0 Fairfax Club Estates - 99.0 Bren Mar-Edsall Park
Brandywine,Week5,Kent Gardens,Week4,223.0 Brandywine - 179.0 Kent Gardens
Bren Mar-Edsall Park,Week3,Sideburn Run,Week5,371.0 Sideburn Run - 31.0 Bren Mar-Edsall Park
Bren Mar-Edsall Park,Week3,Hunt Valley,Week3,380.0 Hunt Valley - 22.0 Bren Mar-Edsall Park
Bren Mar-Edsall Park,Week2,Mosby Woods,Week1,376.0 Mosby Woods - 26.0 Bren Mar-Edsall Park
Bren Mar-Edsall Park,Week5,Vienna Aquatic,Week3,379.0 Vienna Aquatic - 23.0 Bren Mar-Edsall Park
Brandywine,Week2,Fairfax Club Estates,Week1,233.0 Brandywine - 169.0 Fairfax Club Estates
Brandywine,Week1,Overlee,Week5,362.0 Overlee - 40.0 Brandywine
Brandywine,Week1,Country Club Hills,Week5,201.0 Brandywine - 201.0 Country Club Hills
Bren Mar-Edsall Park,Week3,Sideburn Run,Week1,349.0 Sideburn Run - 53.0 Bren Mar-Edsall Park
Bren Mar-Edsall Park,Week5,Fairfax Club Estates,Week1,299.0 Fairfax Club Estates - 102.0 Bren Mar-Edsall Park
Brandywine,Week4,Kent Gardens,Week4,210.0 Brandywine - 192.0 Kent Gardens
Bren Mar-Edsall Park,Week4,Fairfax Club Estates,Week1,312.5 Fairfax Club Estates - 89.5 Bren Mar-Edsall Park
Bren Mar-Edsall Park,Week3,Hunt Valley,Week2,381.0 Hunt Valley - 21.0 Bren Mar-Edsall Park
Bren Mar-Edsall Park,Week3,Hunt Valley,Week5,387.0 Hunt Valley - 15.0 Bren Mar-Edsall Park
Bren Mar-Edsall Park,Week4,Fairfax Club Estates,Week5,306.0 Fairfax Club Estates - 94.0 Bren Mar-Edsall Park
Brandywine,Week4,Kent Gardens,Week1,204.0 Brandywine - 198.0 Kent Gardens
Bren Mar-Edsall Park,Week1,Hunt Valley,Week4,381.0 Hunt Valley - 21.0 Bren Mar-Edsall Park
Brandywine,Week3,Kent Gardens,Week3,214.0 Brandywine - 188.0 Kent Gardens
Brandywine,Week2,Crosspointe,Week1,274.0 Crosspointe - 128.0 Brandywine
Brandywine,Week2,Fairfax Club Estates,Week5,241.0 Brandywine - 160.0 Fairfax Club Estates
Brandywine,Week4,Kent Gardens,Week5,232.0 Kent Gardens - 170.0 Brandywine
Brandywine,Week5,Orange Hunt,Week1,202.0 Brandywine - 200.0 Orange Hunt
Brandywine,Week4,Fairfax Club Estates,Week1,250.5 Brandywine - 151.5 Fairfax Club Estates
Brandywine,Week3,Fairfax Club Estates,Week2,242.0 Brandywine - 158.0 Fairfax Club Estates
Bren Mar-Edsall Park,Week5,Hunt Valley,Week1,357.0 Hunt Valley - 45.0 Bren Mar-Edsall Park
Bren Mar-Edsall Park,Week5,Sideburn Run,Week1,345.0 Sideburn Run - 52.0 Bren Mar-Edsall Park
Bren Mar-Edsall Park,Week4,Hunt Valley,Week3,385.0 Hunt Valley - 17.0 Bren Mar-Edsall Park
Bren Mar-Edsall Park,Week2,Sideburn Run,Week2,366.0 Sideburn Run - 36.0 Bren Mar-Edsall Park
Bren Mar-Edsall Park,Week5,Fairfax Club Estates,Week5,300.0 Fairfax Club Estates - 101.0 Bren Mar-Edsall Park
Bren Mar-Edsall Park,Week1,Fairfax Station,Week2,379.0 Fairfax Station - 23.0 Bren Mar-Edsall Park
Brandywine,Week1,Overlee,Week2,348.0 Overlee - 54.0 Brandywine
Brandywine,Week1,Overlee,Week4,361.0 Overlee - 41.0 Brandywine
Bren Mar-Edsall Park,Week2,Vienna Woods,Week1,380.0 Vienna Woods - 22.0 Bren Mar-Edsall Park
Brandywine,Week4,Kent Gardens,Week2,215.0 Brandywine - 187.0 Kent Gardens
Brandywine,Week4,Country Club Hills,Week5,230.0 Brandywine - 172.0 Country Club Hills
Brandywine,Week2,Country Club Hills,Week4,228.0 Brandywine - 174.0 Country Club Hills
Brandywine,Week3,Fairfax Club Estates,Week4,233.0 Brandywine - 169.0 Fairfax Club Estates
Bren Mar-Edsall Park,Week3,Fairfax Club Estates,Week1,307.0 Fairfax Club Estates - 95.0 Bren Mar-Edsall Park
Bren Mar-Edsall Park,Week1,Vienna Woods,Week5,386.0 Vienna Woods - 16.0 Bren Mar-Edsall Park
Brandywine,Week3,Fairfax Club Estates,Week5,231.0 Brandywine - 164.0 Fairfax Club Estates
Brandywine,Week2,Overlee,Week3,322.0 Overlee - 80.0 Brandywine
Bren Mar-Edsall Park,Week3,Sideburn Run,Week4,363.0 Sideburn Run - 39.0 Bren Mar-Edsall Park
Bren Mar-Edsall Park,Week2,Hunt Valley,Week3,383.0 Hunt Valley - 19.0 Bren Mar-Edsall Park
Bren Mar-Edsall Park,Week4,McLean,Week5,378.0 McLean - 24.0 Bren Mar-Edsall Park
Bren Mar-Edsall Park,Week2,McLean,Week5,381.0 McLean - 21.0 Bren Mar-Edsall Park
Brandywine,Week4,Kent Gardens,Week3,216.0 Brandywine - 186.0 Kent Gardens
Brandywine,Week2,Country Club Hills,Week5,207.0 Country Club Hills - 195.0 Brandywine
Bren Mar-Edsall Park,Week4,McLean,Week1,375.0 McLean - 27.0 Bren Mar-Edsall Park
Bren Mar-Edsall Park,Week2,Vienna Woods,Week4,383.0 Vienna Woods - 14.0 Bren Mar-Edsall Park
Bren Mar-Edsall Park,Week1,Sleepy Hollow B & R,Week2,376.0 Sleepy Hollow B & R - 26.0 Bren Mar-Edsall Park
Brandywine,Week3,Kent Gardens,Week4,201.0 Brandywine - 200.0 Kent Gardens
Bren Mar-Edsall Park,Week5,Hunt Valley,Week2,370.0 Hunt Valley - 32.0 Bren Mar-Edsall Park
Brandywine,Week3,Overlee,Week1,318.5 Overlee - 83.5 Brandywine
Brandywine,Week1,Country Club Hills,Week3,211.0 Brandywine - 191.0 Country Club Hills
Bren Mar-Edsall Park,Week3,Vienna Woods,Week1,378.0 Vienna Woods - 24.0 Bren Mar-Edsall Park
Bren Mar-Edsall Park,Week3,Fairfax Club Estates,Week3,306.0 Fairfax Club Estates - 96.0 Bren Mar-Edsall Park
Brandywine,Week1,Country Club Hills,Week4,223.0 Brandywine - 179.0 Country Club Hills
Bren Mar-Edsall Park,Week3,Hunt Valley,Week4,369.0 Hunt Valley - 33.0 Bren Mar-Edsall Park
Brandywine,Week2,Orange Hunt,Week1,236.0 Orange Hunt - 166.0 Brandywine
Brandywine,Week3,Country Club Hills,Week1,228.0 Brandywine - 173.0 Country Club Hills
Bren Mar-Edsall Park,Week3,Vienna Woods,Week4,380.0 Vienna Woods - 22.0 Bren Mar-Edsall Park
Bren Mar-Edsall Park,Week5,McLean,Week1,375.0 McLean - 22.0 Bren Mar-Edsall Park
Brandywine,Week4,Fairfax Club Estates,Week3,247.5 Brandywine - 154.5 Fairfax Club Estates
Bren Mar-Edsall Park,Week1,Sleepy Hollow B & R,Week5,379.0 Sleepy Hollow B & R - 21.0 Bren Mar-Edsall Park
Bren Mar-Edsall Park,Week2,Fairfax Station,Week2,382.5 Fairfax Station - 19.5 Bren Mar-Edsall Park
Bren Mar-Edsall Park,Week5,Sideburn Run,Week5,363.0 Sideburn Run - 39.0 Bren Mar-Edsall Park
Brandywine,Week5,Kent Gardens,Week5,215.0 Kent Gardens - 187.0 Brandywine
Bren Mar-Edsall Park,Week5,Hunt Valley,Week3,373.0 Hunt Valley - 29.0 Bren Mar-Edsall Park
Bren Mar-Edsall Park,Week1,Fairfax Station,Week3,381.0 Fairfax Station - 21.0 Bren Mar-Edsall Park
Brandywine,Week2,Country Club Hills,Week3,217.0 Brandywine - 185.0 Country Club Hills
Brandywine,Week2,Orange Hunt,Week4,233.0 Orange Hunt - 169.0 Brandywine
Bren Mar-Edsall Park,Week2,Vienna Woods,Week5,391.0 Vienna Woods - 11.0 Bren Mar-Edsall Park
Bren Mar-Edsall Park,Week3,Vienna Woods,Week2,385.0 Vienna Woods - 17.0 Bren Mar-Edsall Park
Bren Mar-Edsall Park,Week3,McLean,Week4,374.0 McLean - 28.0 Bren Mar-Edsall Park
Bren Mar-Edsall Park,Week5,Sideburn Run,Week2,351.0 Sideburn Run - 51.0 Bren Mar-Edsall Park
Bren Mar-Edsall Park,Week5,McLean,Week2,369.0 McLean - 33.0 Bren Mar-Edsall Park
Brandywine,Week4,Fairfax Club Estates,Week5,243.0 Brandywine - 159.0 Fairfax Club Estates
Brandywine,Week5,Kent Gardens,Week2,234.0 Brandywine - 168.0 Kent Gardens
Brandywine,Week4,Fairfax Club Estates,Week4,239.0 Brandywine - 163.0 Fairfax Club Estates
Bren Mar-Edsall Park,Week4,McLean,Week2,369.0 McLean - 33.0 Bren Mar-Edsall Park
Brandywine,Week1,Kings Ridge ,Week4,255.0 Brandywine - 147.0 Kings Ridge
Bren Mar-Edsall Park,Week2,Fairfax Station,Week1,385.0 Fairfax Station - 17.0 Bren Mar-Edsall Park
Brandywine,Week3,Country Club Hills,Week4,236.5 Brandywine - 165.5 Country Club Hills
Bren Mar-Edsall Park,Week5,Sideburn Run,Week4,358.0 Sideburn Run - 44.0 Bren Mar-Edsall Park
Bren Mar-Edsall Park,Week5,Hunt Valley,Week4,366.0 Hunt Valley - 36.0 Bren Mar-Edsall Park
Bren Mar-Edsall Park,Week1,Hunter Mill,Week3,374.0 Hunter Mill - 28.0 Bren Mar-Edsall Park
Bren Mar-Edsall Park,Week1,Fairfax Station,Week4,374.0 Fairfax Station - 28.0 Bren Mar-Edsall Park
Bren Mar-Edsall Park,Week1,Hunter Mill,Week4,378.0 Hunter Mill - 24.0 Bren Mar-Edsall Park
Bren Mar-Edsall Park,Week3,McLean,Week3,374.0 McLean - 28.0 Bren Mar-Edsall Park
Bren Mar-Edsall Park,Week4,Vienna Woods,Week2,385.0 Vienna Woods - 17.0 Bren Mar-Edsall Park
Brandywine,Week1,Kings Ridge ,Week5,246.0 Brandywine - 156.0 Kings Ridge
Bren Mar-Edsall Park,Week4,Vienna Woods,Week1,378.0 Vienna Woods - 24.0 Bren Mar-Edsall Park
Brandywine,Week3,Orange Hunt,Week5,234.0 Orange Hunt - 168.0 Brandywine
Bren Mar-Edsall Park,Week2,McLean,Week3,371.0 McLean - 26.0 Bren Mar-Edsall Park
Brandywine,Week5,Fairfax Club Estates,Week3,266.0 Brandywine - 136.0 Fairfax Club Estates
Bren Mar-Edsall Park,Week5,Shouse Village,Week2,336.0 Shouse Village - 65.0 Bren Mar-Edsall Park
Brandywine,Week2,Orange Hunt,Week5,247.0 Orange Hunt - 155.0 Brandywine
Brandywine,Week1,Kings Ridge ,Week3,253.0 Brandywine - 149.0 Kings Ridge
Bren Mar-Edsall Park,Week4,Vienna Woods,Week3,388.0 Vienna Woods - 14.0 Bren Mar-Edsall Park
Bren Mar-Edsall Park,Week2,Fairfax Station,Week3,383.5 Fairfax Station - 17.5 Bren Mar-Edsall Park
Brandywine,Week5,Kent Gardens,Week1,210.0 Brandywine - 192.0 Kent Gardens
Bren Mar-Edsall Park,Week4,Sideburn Run,Week1,351.0 Sideburn Run - 50.0 Bren Mar-Edsall Park
Bren Mar-Edsall Park,Week5,McLean,Week4,372.0 McLean - 29.0 Bren Mar-Edsall Park
Bren Mar-Edsall Park,Week1,Sleepy Hollow B & R,Week3,382.0 Sleepy Hollow B & R - 19.0 Bren Mar-Edsall Park
Brandywine,Week3,Country Club Hills,Week2,226.5 Brandywine - 175.5 Country Club Hills
Brandywine,Week3,Country Club Hills,Week5,216.0 Brandywine - 186.0 Country Club Hills
Bren Mar-Edsall Park,Week3,Vienna Woods,Week3,387.0 Vienna Woods - 15.0 Bren Mar-Edsall Park
Bren Mar-Edsall Park,Week5,McLean,Week3,369.0 McLean - 27.0 Bren Mar-Edsall Park
Brandywine,Week5,Fairfax Club Estates,Week2,272.0 Brandywine - 130.0 Fairfax Club Estates
Bren Mar-Edsall Park,Week1,Hunter Mill,Week5,377.0 Hunter Mill - 25.0 Bren Mar-Edsall Park
Brandywine,Week3,Country Club Hills,Week3,227.0 Brandywine - 174.0 Country Club Hills
Brandywine,Week3,Kent Gardens,Week5,225.0 Kent Gardens - 177.0 Brandywine
Bren Mar-Edsall Park,Week3,Fairfax Club Estates,Week2,301.0 Fairfax Club Estates - 100.0 Bren Mar-Edsall Park
Bren Mar-Edsall Park,Week2,Hunter Mill,Week1,373.0 Hunter Mill - 24.0 Bren Mar-Edsall Park
Brandywine,Week3,Orange Hunt,Week1,207.0 Orange Hunt - 195.0 Brandywine
Brandywine,Week5,Fairfax Club Estates,Week1,251.5 Brandywine - 150.5 Fairfax Club Estates
Brandywine,Week1,Dunn Loring,Week5,291.0 Dunn Loring - 111.0 Brandywine
Brandywine,Week3,Orange Hunt,Week3,220.0 Orange Hunt - 182.0 Brandywine
Brandywine,Week2,Orange Hunt,Week2,232.0 Orange Hunt - 170.0 Brandywine
Bren Mar-Edsall Park,Week4,Fairfax Club Estates,Week2,286.0 Fairfax Club Estates - 116.0 Bren Mar-Edsall Park
Bren Mar-Edsall Park,Week2,McLean,Week2,374.0 McLean - 28.0 Bren Mar-Edsall Park
Brandywine,Week3,Orange Hunt,Week4,200.5 Orange Hunt - 196.5 Brandywine
Bren Mar-Edsall Park,Week3,Cardinal Hill,Week3,375.0 Cardinal Hill - 27.0 Bren Mar-Edsall Park
Bren Mar-Edsall Park,Week1,Sideburn Run,Week4,365.0 Sideburn Run - 37.0 Bren Mar-Edsall Park
Brandywine,Week4,Orange Hunt,Week2,203.0 Orange Hunt - 199.0 Brandywine
Bren Mar-Edsall Park,Week5,Vienna Woods,Week2,384.0 Vienna Woods - 18.0 Bren Mar-Edsall Park
Brandywine,Week4,Country Club Hills,Week1,238.0 Brandywine - 164.0 Country Club Hills
Brandywine,Week3,Dunn Loring,Week2,257.0 Dunn Loring - 145.0 Brandywine
Brandywine,Week4,Dunn Loring,Week2,262.0 Dunn Loring - 140.0 Brandywine
Bren Mar-Edsall Park,Week3,Fairfax Club Estates,Week5,308.0 Fairfax Club Estates - 93.0 Bren Mar-Edsall Park
Brandywine,Week5,Kent Gardens,Week3,238.0 Brandywine - 164.0 Kent Gardens
Bren Mar-Edsall Park,Week5,Fairfax Club Estates,Week4,315.0 Fairfax Club Estates - 82.0 Bren Mar-Edsall Park
Bren Mar-Edsall Park,Week2,Fairfax Club Estates,Week5,320.0 Fairfax Club Estates - 77.0 Bren Mar-Edsall Park
Brandywine,Week4,Dunn Loring,Week5,283.0 Dunn Loring - 119.0 Brandywine
Bren Mar-Edsall Park,Week2,Hunter Mill,Week2,364.0 Hunter Mill - 38.0 Bren Mar-Edsall Park
Brandywine,Week5,Country Club Hills,Week2,261.0 Brandywine - 141.0 Country Club Hills
Bren Mar-Edsall Park,Week1,Mosby Woods,Week3,370.0 Mosby Woods - 32.0 Bren Mar-Edsall Park
Brandywine,Week4,Country Club Hills,Week4,251.0 Brandywine - 151.0 Country Club Hills
Bren Mar-Edsall Park,Week5,Vienna Woods,Week5,384.0 Vienna Woods - 18.0 Bren Mar-Edsall Park
Bren Mar-Edsall Park,Week1,Sideburn Run,Week1,346.0 Sideburn Run - 56.0 Bren Mar-Edsall Park
Bren Mar-Edsall Park,Week3,Hunter Mill,Week3,368.0 Hunter Mill - 34.0 Bren Mar-Edsall Park
Bren Mar-Edsall Park,Week5,Shouse Village,Week3,338.0 Shouse Village - 64.0 Bren Mar-Edsall Park
Bren Mar-Edsall Park,Week5,Shouse Village,Week4,345.0 Shouse Village - 57.0 Bren Mar-Edsall Park
Bren Mar-Edsall Park,Week5,Hunter Mill,Week2,358.0 Hunter Mill - 44.0 Bren Mar-Edsall Park
Bren Mar-Edsall Park,Week4,Cardinal Hill,Week4,368.0 Cardinal Hill - 34.0 Bren Mar-Edsall Park
Bren Mar-Edsall Park,Week1,Mosby Woods,Week1,378.0 Mosby Woods - 24.0 Bren Mar-Edsall Park
Brandywine,Week5,Country Club Hills,Week1,252.0 Brandywine - 150.0 Country Club Hills
Bren Mar-Edsall Park,Week5,Vienna Woods,Week4,376.0 Vienna Woods - 21.0 Bren Mar-Edsall Park
Brandywine,Week5,Orange Hunt,Week2,205.0 Brandywine - 197.0 Orange Hunt
Bren Mar-Edsall Park,Week3,Chesterbrook,Week5,390.0 Chesterbrook - 12.0 Bren Mar-Edsall Park
Brandywine,Week5,Dowden Terrace,Week1,232.0 Brandywine - 169.0 Dowden Terrace
Bren Mar-Edsall Park,Week2,Chesterbrook,Week5,395.0 Chesterbrook - 7.0 Bren Mar-Edsall Park
Bren Mar-Edsall Park,Week2,Sideburn Run,Week1,356.0 Sideburn Run - 45.0 Bren Mar-Edsall Park
Brandywine,Week5,Orange Hunt,Week3,205.0 Brandywine - 197.0 Orange Hunt
Brandywine,Week5,Dunn Loring,Week4,233.0 Dunn Loring - 169.0 Brandywine
Bren Mar-Edsall Park,Week1,Fairfax Station,Week5,390.0 Fairfax Station - 12.0 Bren Mar-Edsall Park
Bren Mar-Edsall Park,Week1,Ilda Community,Week1,318.0 Ilda Community - 84.0 Bren Mar-Edsall Park
Bren Mar-Edsall Park,Week1,Ilda Community,Week2,327.0 Ilda Community - 74.0 Bren Mar-Edsall Park
Bren Mar-Edsall Park,Week3,Hunter Mill,Week4,372.0 Hunter Mill - 30.0 Bren Mar-Edsall Park
Bren Mar-Edsall Park,Week1,Sideburn Run,Week5,378.0 Sideburn Run - 24.0 Bren Mar-Edsall Park
Bren Mar-Edsall Park,Week1,Mosby Woods,Week4,363.0 Mosby Woods - 39.0 Bren Mar-Edsall Park
Bren Mar-Edsall Park,Week5,Vienna Woods,Week3,385.0 Vienna Woods - 17.0 Bren Mar-Edsall Park
Bren Mar-Edsall Park,Week4,Fairfax Station,Week5,387.0 Fairfax Station - 15.0 Bren Mar-Edsall Park
Brandywine,Week5,Country Club Hills,Week4,257.0 Brandywine - 145.0 Country Club Hills
Bren Mar-Edsall Park,Week1,Sideburn Run,Week2,362.0 Sideburn Run - 40.0 Bren Mar-Edsall Park
Brandywine,Week1,Crosspointe,Week2,268.0 Crosspointe - 134.0 Brandywine
Bren Mar-Edsall Park,Week3,McLean,Week5,381.0 McLean - 21.0 Bren Mar-Edsall Park
Bren Mar-Edsall Park,Week4,Fairfax Club Estates,Week4,317.0 Fairfax Club Estates - 85.0 Bren Mar-Edsall Park
Bren Mar-Edsall Park,Week4,Vienna Woods,Week4,380.0 Vienna Woods - 17.0 Bren Mar-Edsall Park
Bren Mar-Edsall Park,Week4,Vienna Woods,Week5,385.0 Vienna Woods - 17.0 Bren Mar-Edsall Park
Bren Mar-Edsall Park,Week4,Hunter Mill,Week2,357.0 Hunter Mill - 44.0 Bren Mar-Edsall Park
Brandywine,Week5,Dowden Terrace,Week2,220.5 Brandywine - 181.5 Dowden Terrace
Bren Mar-Edsall Park,Week5,Cardinal Hill,Week3,371.0 Cardinal Hill - 31.0 Bren Mar-Edsall Park
Brandywine,Week4,Orange Hunt,Week3,217.0 Orange Hunt - 185.0 Brandywine
Brandywine,Week1,Crosspointe,Week3,267.0 Crosspointe - 130.0 Brandywine
Bren Mar-Edsall Park,Week5,Fairfax Station,Week4,377.0 Fairfax Station - 25.0 Bren Mar-Edsall Park
Brandywine,Week4,Dunn Loring,Week1,239.0 Dunn Loring - 163.0 Brandywine
Bren Mar-Edsall Park,Week1,Mosby Woods,Week5,372.0 Mosby Woods - 30.0 Bren Mar-Edsall Park
Brandywine,Week5,Orange Hunt,Week5,204.0 Orange Hunt - 198.0 Brandywine
Bren Mar-Edsall Park,Week5,Shouse Village,Week1,328.0 Shouse Village - 74.0 Bren Mar-Edsall Park
Brandywine,Week1,Overlee,Week3,332.0 Overlee - 70.0 Brandywine
Brandywine,Week4,Dowden Terrace,Week3,240.5 Brandywine - 161.5 Dowden Terrace
Bren Mar-Edsall Park,Week5,Mosby Woods,Week5,363.0 Mosby Woods - 39.0 Bren Mar-Edsall Park
Brandywine,Week4,Dunn Loring,Week3,270.0 Dunn Loring - 132.0 Brandywine
Brandywine,Week1,Crosspointe,Week5,297.0 Crosspointe - 105.0 Brandywine
Brandywine,Week4,Dowden Terrace,Week5,223.0 Dowden Terrace - 179.0 Brandywine
Bren Mar-Edsall Park,Week4,Hunter Mill,Week5,372.0 Hunter Mill - 30.0 Bren Mar-Edsall Park
Bren Mar-Edsall Park,Week2,Mount Vernon Park,Week4,376.0 Mount Vernon Park - 26.0 Bren Mar-Edsall Park
Bren Mar-Edsall Park,Week2,Forest Hollow,Week1,361.0 Forest Hollow - 40.0 Bren Mar-Edsall Park
Bren Mar-Edsall Park,Week4,Hunter Mill,Week4,368.0 Hunter Mill - 34.0 Bren Mar-Edsall Park
Bren Mar-Edsall Park,Week2,Sideburn Run,Week4,363.0 Sideburn Run - 39.0 Bren Mar-Edsall Park
Bren Mar-Edsall Park,Week2,Mosby Woods,Week3,373.0 Mosby Woods - 28.0 Bren Mar-Edsall Park
Bren Mar-Edsall Park,Week4,Hunter Mill,Week3,372.0 Hunter Mill - 30.0 Bren Mar-Edsall Park
Bren Mar-Edsall Park,Week3,Hunter Mill,Week2,359.0 Hunter Mill - 43.0 Bren Mar-Edsall Park
Bren Mar-Edsall Park,Week1,Forest Hollow,Week5,369.0 Forest Hollow - 33.0 Bren Mar-Edsall Park
Bren Mar-Edsall Park,Week4,Fairfax Station,Week2,378.0 Fairfax Station - 24.0 Bren Mar-Edsall Park
Brandywine,Week3,Crosspointe,Week1,262.0 Crosspointe - 140.0 Brandywine
Bren Mar-Edsall Park,Week3,Mount Vernon Park,Week1,365.0 Mount Vernon Park - 37.0 Bren Mar-Edsall Park
Bren Mar-Edsall Park,Week5,Hunter Mill,Week5,368.0 Hunter Mill - 34.0 Bren Mar-Edsall Park
Brandywine,Week4,Dowden Terrace,Week2,207.0 Brandywine - 195.0 Dowden Terrace
Bren Mar-Edsall Park,Week5,Cardinal Hill,Week2,360.0 Cardinal Hill - 37.0 Bren Mar-Edsall Park
Bren Mar-Edsall Park,Week2,Mount Vernon Park,Week1,370.0 Mount Vernon Park - 32.0 Bren Mar-Edsall Park
Bren Mar-Edsall Park,Week4,Cardinal Hill,Week5,367.0 Cardinal Hill - 35.0 Bren Mar-Edsall Park
Bren Mar-Edsall Park,Week3,Fairfax Station,Week2,378.0 Fairfax Station - 24.0 Bren Mar-Edsall Park
Bren Mar-Edsall Park,Week2,Sideburn Run,Week5,369.0 Sideburn Run - 33.0 Bren Mar-Edsall Park
Bren Mar-Edsall Park,Week3,Cardinal Hill,Week4,371.0 Cardinal Hill - 31.0 Bren Mar-Edsall Park
Brandywine,Week3,Crosspointe,Week2,255.0 Crosspointe - 147.0 Brandywine
Bren Mar-Edsall Park,Week1,Chesterbrook,Week1,386.0 Chesterbrook - 16.0 Bren Mar-Edsall Park
Bren Mar-Edsall Park,Week3,Sideburn Run,Week2,352.5 Sideburn Run - 49.5 Bren Mar-Edsall Park
Brandywine,Week3,Crosspointe,Week3,253.0 Crosspointe - 139.0 Brandywine
Brandywine,Week5,Orange Hunt,Week4,214.0 Brandywine - 188.0 Orange Hunt
Bren Mar-Edsall Park,Week2,Chesterbrook,Week1,388.0 Chesterbrook - 14.0 Bren Mar-Edsall Park
Bren Mar-Edsall Park,Week2,Sideburn Run,Week3,370.0 Sideburn Run - 32.0 Bren Mar-Edsall Park
Brandywine,Week1,Dunn Loring,Week1,265.0 Dunn Loring - 137.0 Brandywine
Brandywine,Week2,Crosspointe,Week4,274.0 Crosspointe - 128.0 Brandywine
Bren Mar-Edsall Park,Week3,Forest Hollow,Week5,359.0 Forest Hollow - 43.0 Bren Mar-Edsall Park
Brandywine,Week2,Overlee,Week2,338.0 Overlee - 64.0 Brandywine
Brandywine,Week2,Overlee,Week1,319.0 Overlee - 83.0 Brandywine
Bren Mar-Edsall Park,Week5,Vienna Woods,Week1,375.0 Vienna Woods - 22.0 Bren Mar-Edsall Park
Brandywine,Week2,Overlee,Week4,351.0 Overlee - 51.0 Brandywine
Bren Mar-Edsall Park,Week4,Sideburn Run,Week5,369.0 Sideburn Run - 33.0 Bren Mar-Edsall Park
Bren Mar-Edsall Park,Week1,Ilda Community,Week3,309.0 Ilda Community - 91.0 Bren Mar-Edsall Park
Bren Mar-Edsall Park,Week1,Ilda Community,Week4,328.0 Ilda Community - 72.0 Bren Mar-Edsall Park
Brandywine,Week3,Overlee,Week3,317.0 Overlee - 85.0 Brandywine
Bren Mar-Edsall Park,Week4,Sideburn Run,Week3,366.0 Sideburn Run - 36.0 Bren Mar-Edsall Park
Bren Mar-Edsall Park,Week1,Chesterbrook,Week4,393.0 Chesterbrook - 9.0 Bren Mar-Edsall Park
Brandywine,Week5,Dowden Terrace,Week5,218.0 Dowden Terrace - 184.0 Brandywine
Brandywine,Week3,Crosspointe,Week5,275.0 Crosspointe - 127.0 Brandywine
Brandywine,Week4,Crosspointe,Week1,270.5 Crosspointe - 131.5 Brandywine
Bren Mar-Edsall Park,Week4,Sideburn Run,Week2,361.0 Sideburn Run - 41.0 Bren Mar-Edsall Park
Brandywine,Week3,Parklawn,Week2,250.0 Brandywine - 151.0 Parklawn
Brandywine,Week2,Overlee,Week5,340.0 Overlee - 62.0 Brandywine
Bren Mar-Edsall Park,Week3,Sideburn Run,Week3,365.0 Sideburn Run - 37.0 Bren Mar-Edsall Park
Bren Mar-Edsall Park,Week3,Chesterbrook,Week3,392.0 Chesterbrook - 10.0 Bren Mar-Edsall Park
Brandywine,Week4,Crosspointe,Week2,250.5 Crosspointe - 151.5 Brandywine
Bren Mar-Edsall Park,Week4,Fairfax Station,Week1,376.0 Fairfax Station - 26.0 Bren Mar-Edsall Park
Bren Mar-Edsall Park,Week5,Hunter Mill,Week3,369.0 Hunter Mill - 31.0 Bren Mar-Edsall Park
Bren Mar-Edsall Park,Week4,Mount Vernon Park,Week1,370.0 Mount Vernon Park - 32.0 Bren Mar-Edsall Park
Bren Mar-Edsall Park,Week4,Mosby Woods,Week1,369.0 Mosby Woods - 33.0 Bren Mar-Edsall Park
Brandywine,Week2,Dunn Loring,Week3,279.0 Dunn Loring - 123.0 Brandywine
Brandywine,Week4,Overlee,Week1,315.0 Overlee - 87.0 Brandywine
Bren Mar-Edsall Park,Week3,Chesterbrook,Week1,386.0 Chesterbrook - 16.0 Bren Mar-Edsall Park
Brandywine,Week3,Crosspointe,Week4,267.0 Crosspointe - 135.0 Brandywine
Bren Mar-Edsall Park,Week3,Mount Vernon Park,Week3,370.0 Mount Vernon Park - 32.0 Bren Mar-Edsall Park
Brandywine,Week1,Dunn Loring,Week3,291.0 Dunn Loring - 111.0 Brandywine
Bren Mar-Edsall Park,Week3,Mosby Woods,Week2,373.0 Mosby Woods - 29.0 Bren Mar-Edsall Park
Bren Mar-Edsall Park,Week2,Forest Hollow,Week4,373.0 Forest Hollow - 29.0 Bren Mar-Edsall Park
Bren Mar-Edsall Park,Week1,Commonwealth,Week1,285.0 Commonwealth - 112.0 Bren Mar-Edsall Park
Bren Mar-Edsall Park,Week4,Forest Hollow,Week3,351.0 Forest Hollow - 51.0 Bren Mar-Edsall Park
Bren Mar-Edsall Park,Week5,Cardinal Hill,Week5,361.0 Cardinal Hill - 41.0 Bren Mar-Edsall Park
Bren Mar-Edsall Park,Week4,Sideburn Run,Week4,360.0 Sideburn Run - 42.0 Bren Mar-Edsall Park
Bren Mar-Edsall Park,Week4,Mosby Woods,Week5,365.0 Mosby Woods - 37.0 Bren Mar-Edsall Park
Brandywine,Week2,Dunn Loring,Week5,284.0 Dunn Loring - 118.0 Brandywine
Bren Mar-Edsall Park,Week3,Mosby Woods,Week1,372.0 Mosby Woods - 30.0 Bren Mar-Edsall Park
Bren Mar-Edsall Park,Week5,Hunter Mill,Week4,369.0 Hunter Mill - 33.0 Bren Mar-Edsall Park
Brandywine,Week3,Parklawn,Week3,254.0 Brandywine - 148.0 Parklawn
Bren Mar-Edsall Park,Week2,Ilda Community,Week1,324.0 Ilda Community - 78.0 Bren Mar-Edsall Park
Bren Mar-Edsall Park,Week2,Chesterbrook,Week2,396.0 Chesterbrook - 6.0 Bren Mar-Edsall Park
Brandywine,Week4,Crosspointe,Week3,265.5 Crosspointe - 136.5 Brandywine
Bren Mar-Edsall Park,Week5,Cardinal Hill,Week4,369.0 Cardinal Hill - 33.0 Bren Mar-Edsall Park
Bren Mar-Edsall Park,Week1,Sleepy Hollow B & R,Week1,370.0 Sleepy Hollow B & R - 32.0 Bren Mar-Edsall Park
Bren Mar-Edsall Park,Week1,Forest Hollow,Week2,350.0 Forest Hollow - 52.0 Bren Mar-Edsall Park
Brandywine,Week4,Crosspointe,Week4,256.5 Crosspointe - 145.5 Brandywine
Brandywine,Week1,Dunn Loring,Week2,283.0 Dunn Loring - 119.0 Brandywine
Bren Mar-Edsall Park,Week3,Hunter Mill,Week1,368.0 Hunter Mill - 34.0 Bren Mar-Edsall Park
Bren Mar-Edsall Park,Week4,Mount Vernon Park,Week4,375.0 Mount Vernon Park - 27.0 Bren Mar-Edsall Park
Brandywine,Week2,Crosspointe,Week3,273.0 Crosspointe - 129.0 Brandywine
Bren Mar-Edsall Park,Week1,Ilda Community,Week5,321.0 Ilda Community - 80.0 Bren Mar-Edsall Park
Brandywine,Week4,Parklawn,Week2,267.0 Brandywine - 135.0 Parklawn
Brandywine,Week3,Dunn Loring,Week5,269.0 Dunn Loring - 133.0 Brandywine
Bren Mar-Edsall Park,Week5,Sideburn Run,Week3,365.0 Sideburn Run - 37.0 Bren Mar-Edsall Park
Brandywine,Week4,Overlee,Week4,352.0 Overlee - 50.0 Brandywine
Bren Mar-Edsall Park,Week2,Forest Hollow,Week2,357.0 Forest Hollow - 44.0 Bren Mar-Edsall Park
Brandywine,Week4,Overlee,Week2,332.0 Overlee - 70.0 Brandywine
Brandywine,Week2,Crosspointe,Week5,289.0 Crosspointe - 113.0 Brandywine
Bren Mar-Edsall Park,Week3,Forest Hollow,Week1,352.0 Forest Hollow - 50.0 Bren Mar-Edsall Park
Brandywine,Week2,Dunn Loring,Week2,273.0 Dunn Loring - 129.0 Brandywine
Bren Mar-Edsall Park,Week1,Mount Vernon Park,Week1,375.5 Mount Vernon Park - 26.5 Bren Mar-Edsall Park
Bren Mar-Edsall Park,Week2,Forest Hollow,Week5,367.0 Forest Hollow - 34.0 Bren Mar-Edsall Park
Bren Mar-Edsall Park,Week5,Sleepy Hollow B & R,Week5,371.0 Sleepy Hollow B & R - 31.0 Bren Mar-Edsall Park
Bren Mar-Edsall Park,Week1,Chesterbrook,Week3,394.0 Chesterbrook - 8.0 Bren Mar-Edsall Park
Brandywine,Week1,Parklawn,Week5,232.0 Brandywine - 170.0 Parklawn
Bren Mar-Edsall Park,Week4,Hunter Mill,Week1,368.0 Hunter Mill - 29.0 Bren Mar-Edsall Park
Bren Mar-Edsall Park,Week3,Cardinal Hill,Week5,373.0 Cardinal Hill - 29.0 Bren Mar-Edsall Park
Bren Mar-Edsall Park,Week2,Ilda Community,Week2,324.0 Ilda Community - 77.0 Bren Mar-Edsall Park
Brandywine,Week4,Dowden Terrace,Week4,204.0 Brandywine - 198.0 Dowden Terrace
Bren Mar-Edsall Park,Week1,Sleepy Hollow B & R,Week4,380.0 Sleepy Hollow B & R - 22.0 Bren Mar-Edsall Park
Brandywine,Week2,Dunn Loring,Week1,240.0 Dunn Loring - 162.0 Brandywine
Bren Mar-Edsall Park,Week5,Cardinal Hill,Week1,380.0 Cardinal Hill - 22.0 Bren Mar-Edsall Park
Bren Mar-Edsall Park,Week2,Hunter Mill,Week4,380.0 Hunter Mill - 22.0 Bren Mar-Edsall Park
Brandywine,Week5,Dowden Terrace,Week3,242.0 Brandywine - 160.0 Dowden Terrace
Bren Mar-Edsall Park,Week3,Fairfax Station,Week3,379.0 Fairfax Station - 23.0 Bren Mar-Edsall Park
Brandywine,Week2,Parklawn,Week1,265.0 Brandywine - 128.0 Parklawn
Arlington Forest,Week1,Waynewood,Week4,238.0 Waynewood - 164.0 Arlington Forest
Bren Mar-Edsall Park,Week1,Chesterbrook,Week2,392.5 Chesterbrook - 9.5 Bren Mar-Edsall Park
Bren Mar-Edsall Park,Week1,Forest Hollow,Week3,357.0 Forest Hollow - 45.0 Bren Mar-Edsall Park
Bren Mar-Edsall Park,Week3,Sleepy Hollow B & R,Week1,362.0 Sleepy Hollow B & R - 40.0 Bren Mar-Edsall Park
Brandywine,Week3,Dunn Loring,Week3,263.0 Dunn Loring - 139.0 Brandywine
Bren Mar-Edsall Park,Week2,Ilda Community,Week3,311.0 Ilda Community - 85.0 Bren Mar-Edsall Park
Bren Mar-Edsall Park,Week4,Mosby Woods,Week4,360.0 Mosby Woods - 41.0 Bren Mar-Edsall Park
Brandywine,Week5,Overlee,Week1,300.0 Overlee - 102.0 Brandywine
Bren Mar-Edsall Park,Week3,Mosby Woods,Week5,368.0 Mosby Woods - 34.0 Bren Mar-Edsall Park
Brandywine,Week4,Crosspointe,Week5,281.0 Crosspointe - 121.0 Brandywine
Bren Mar-Edsall Park,Week2,Mosby Woods,Week5,376.0 Mosby Woods - 26.0 Bren Mar-Edsall Park
Bren Mar-Edsall Park,Week4,Cardinal Hill,Week3,372.0 Cardinal Hill - 30.0 Bren Mar-Edsall Park
Brandywine,Week2,Dunn Loring,Week4,267.0 Dunn Loring - 135.0 Brandywine
Bren Mar-Edsall Park,Week3,Fairfax Station,Week4,377.0 Fairfax Station - 25.0 Bren Mar-Edsall Park
Bren Mar-Edsall Park,Week5,Fairfax Station,Week3,383.0 Fairfax Station - 19.0 Bren Mar-Edsall Park
Brandywine,Week3,Parklawn,Week5,246.0 Brandywine - 151.0 Parklawn
Bren Mar-Edsall Park,Week5,Mosby Woods,Week3,366.0 Mosby Woods - 36.0 Bren Mar-Edsall Park
Arlington Forest,Week3,Waynewood,Week2,268.0 Waynewood - 134.0 Arlington Forest
Bren Mar-Edsall Park,Week4,Cardinal Hill,Week1,377.0 Cardinal Hill - 25.0 Bren Mar-Edsall Park
Brandywine,Week3,Parklawn,Week1,276.0 Brandywine - 117.0 Parklawn
Bren Mar-Edsall Park,Week2,Fairfax Station,Week5,390.0 Fairfax Station - 12.0 Bren Mar-Edsall Park
Bren Mar-Edsall Park,Week2,Sleepy Hollow B & R,Week3,385.0 Sleepy Hollow B & R - 17.0 Bren Mar-Edsall Park
Bren Mar-Edsall Park,Week5,Mosby Woods,Week1,368.0 Mosby Woods - 34.0 Bren Mar-Edsall Park
Bren Mar-Edsall Park,Week3,Sleepy Hollow B & R,Week2,369.0 Sleepy Hollow B & R - 33.0 Bren Mar-Edsall Park
Bren Mar-Edsall Park,Week3,Hunter Mill,Week5,372.0 Hunter Mill - 30.0 Bren Mar-Edsall Park
Bren Mar-Edsall Park,Week5,Sleepy Hollow B & R,Week1,349.0 Sleepy Hollow B & R - 53.0 Bren Mar-Edsall Park
Arlington Forest,Week2,Waynewood,Week3,269.5 Waynewood - 132.5 Arlington Forest
Brandywine,Week3,Dunn Loring,Week4,261.0 Dunn Loring - 141.0 Brandywine
Brandywine,Week1,Dunn Loring,Week4,283.0 Dunn Loring - 119.0 Brandywine
Bren Mar-Edsall Park,Week3,Sleepy Hollow B & R,Week4,370.0 Sleepy Hollow B & R - 32.0 Bren Mar-Edsall Park
Bren Mar-Edsall Park,Week4,Fairfax Station,Week3,381.0 Fairfax Station - 20.0 Bren Mar-Edsall Park
Bren Mar-Edsall Park,Week2,Kent Gardens,Week4,365.0 Kent Gardens - 37.0 Bren Mar-Edsall Park
Bren Mar-Edsall Park,Week3,Fairfax Station,Week5,386.0 Fairfax Station - 16.0 Bren Mar-Edsall Park
Bren Mar-Edsall Park,Week2,Sleepy Hollow B & R,Week1,376.0 Sleepy Hollow B & R - 26.0 Bren Mar-Edsall Park
Bren Mar-Edsall Park,Week3,Mosby Woods,Week3,365.0 Mosby Woods - 37.0 Bren Mar-Edsall Park
Bren Mar-Edsall Park,Week1,Forest Hollow,Week4,364.0 Forest Hollow - 38.0 Bren Mar-Edsall Park
Bren Mar-Edsall Park,Week1,Chesterbrook,Week5,392.0 Chesterbrook - 10.0 Bren Mar-Edsall Park
Bren Mar-Edsall Park,Week1,Mount Vernon Park,Week3,378.0 Mount Vernon Park - 24.0 Bren Mar-Edsall Park
Bren Mar-Edsall Park,Week1,Forest Hollow,Week1,365.0 Forest Hollow - 36.0 Bren Mar-Edsall Park
Bren Mar-Edsall Park,Week5,Sleepy Hollow B & R,Week4,374.0 Sleepy Hollow B & R - 28.0 Bren Mar-Edsall Park
Brandywine,Week3,Dunn Loring,Week1,243.0 Dunn Loring - 159.0 Brandywine
Brandywine,Week5,Dowden Terrace,Week4,213.0 Brandywine - 189.0 Dowden Terrace
Brandywine,Week4,Overlee,Week5,346.0 Overlee - 56.0 Brandywine
Arlington Forest,Week3,Waynewood,Week4,266.0 Waynewood - 136.0 Arlington Forest
Bren Mar-Edsall Park,Week2,Hunter Mill,Week5,380.0 Hunter Mill - 22.0 Bren Mar-Edsall Park
Bren Mar-Edsall Park,Week2,Chesterbrook,Week3,395.0 Chesterbrook - 7.0 Bren Mar-Edsall Park
Bren Mar-Edsall Park,Week2,Chesterbrook,Week4,395.0 Chesterbrook - 7.0 Bren Mar-Edsall Park
Brandywine,Week4,Parklawn,Week1,289.0 Brandywine - 104.0 Parklawn
Brandywine,Week3,Overlee,Week5,343.0 Overlee - 59.0 Brandywine
Arlington Forest,Week2,Waynewood,Week5,284.0 Waynewood - 118.0 Arlington Forest
Bren Mar-Edsall Park,Week4,Mosby Woods,Week3,365.0 Mosby Woods - 36.0 Bren Mar-Edsall Park
Bren Mar-Edsall Park,Week4,Ilda Community,Week1,299.0 Ilda Community - 103.0 Bren Mar-Edsall Park
Brandywine,Week5,Overlee,Week4,349.0 Overlee - 53.0 Brandywine
Bren Mar-Edsall Park,Week5,Hunter Mill,Week1,369.0 Hunter Mill - 28.0 Bren Mar-Edsall Park
Arlington Forest,Week1,Waynewood,Week5,260.0 Waynewood - 142.0 Arlington Forest
Bren Mar-Edsall Park,Week5,Mosby Woods,Week4,353.0 Mosby Woods - 47.0 Bren Mar-Edsall Park
Brandywine,Week5,Dunn Loring,Week3,238.0 Dunn Loring - 164.0 Brandywine
Bren Mar-Edsall Park,Week3,Kent Gardens,Week4,359.0 Kent Gardens - 43.0 Bren Mar-Edsall Park
Bren Mar-Edsall Park,Week1,Sleepy Hollow Rec,Week5,349.0 Sleepy Hollow Rec - 52.0 Bren Mar-Edsall Park
Brandywine,Week1,Parklawn,Week3,255.0 Brandywine - 147.0 Parklawn
Bren Mar-Edsall Park,Week3,Fairfax Station,Week1,380.0 Fairfax Station - 22.0 Bren Mar-Edsall Park
Brandywine,Week2,Parklawn,Week3,245.0 Brandywine - 157.0 Parklawn
Bren Mar-Edsall Park,Week4,Chesterbrook,Week1,389.0 Chesterbrook - 13.0 Bren Mar-Edsall Park
Bren Mar-Edsall Park,Week4,Mosby Woods,Week2,364.0 Mosby Woods - 37.0 Bren Mar-Edsall Park
Arlington Forest,Week3,Waynewood,Week3,279.5 Waynewood - 122.5 Arlington Forest
Bren Mar-Edsall Park,Week4,Sleepy Hollow B & R,Week1,356.0 Sleepy Hollow B & R - 45.0 Bren Mar-Edsall Park
Bren Mar-Edsall Park,Week3,Ilda Community,Week4,322.0 Ilda Community - 80.0 Bren Mar-Edsall Park
Bren Mar-Edsall Park,Week1,Sleepy Hollow Rec,Week4,335.0 Sleepy Hollow Rec - 67.0 Bren Mar-Edsall Park
Arlington Forest,Week5,Walden Glen,Week4,259.0 Arlington Forest - 138.0 Walden Glen
Brandywine,Week4,Dunn Loring,Week4,276.0 Dunn Loring - 126.0 Brandywine
Bren Mar-Edsall Park,Week1,Mount Vernon Park,Week2,380.0 Mount Vernon Park - 22.0 Bren Mar-Edsall Park
Brandywine,Week5,Dunn Loring,Week2,246.0 Dunn Loring - 156.0 Brandywine
Bren Mar-Edsall Park,Week3,Chesterbrook,Week2,389.0 Chesterbrook - 13.0 Bren Mar-Edsall Park
Bren Mar-Edsall Park,Week4,Cardinal Hill,Week2,360.0 Cardinal Hill - 37.0 Bren Mar-Edsall Park
Bren Mar-Edsall Park,Week4,Fairfax Station,Week4,373.0 Fairfax Station - 29.0 Bren Mar-Edsall Park
Bren Mar-Edsall Park,Week5,Fairfax Station,Week2,382.0 Fairfax Station - 20.0 Bren Mar-Edsall Park
Arlington Forest,Week1,Waynewood,Week1,207.0 Waynewood - 195.0 Arlington Forest
Bren Mar-Edsall Park,Week3,Mosby Woods,Week4,360.0 Mosby Woods - 42.0 Bren Mar-Edsall Park
Bren Mar-Edsall Park,Week5,Ilda Community,Week1,311.0 Ilda Community - 91.0 Bren Mar-Edsall Park
Bren Mar-Edsall Park,Week5,Ilda Community,Week3,286.0 Ilda Community - 110.0 Bren Mar-Edsall Park
Brandywine,Week1,Parklawn,Week1,266.0 Brandywine - 122.0 Parklawn
Bren Mar-Edsall Park,Week2,Forest Hollow,Week3,363.0 Forest Hollow - 39.0 Bren Mar-Edsall Park
Bren Mar-Edsall Park,Week1,Sleepy Hollow Rec,Week3,347.0 Sleepy Hollow Rec - 55.0 Bren Mar-Edsall Park
Bren Mar-Edsall Park,Week3,Chesterbrook,Week4,391.0 Chesterbrook - 11.0 Bren Mar-Edsall Park
Brandywine,Week5,Dunn Loring,Week1,212.0 Dunn Loring - 190.0 Brandywine
Arlington Forest,Week4,Waynewood,Week3,252.0 Waynewood - 150.0 Arlington Forest
Bren Mar-Edsall Park,Week5,Mosby Woods,Week2,366.0 Mosby Woods - 36.0 Bren Mar-Edsall Park
Bren Mar-Edsall Park,Week5,Fairfax Station,Week1,380.0 Fairfax Station - 22.0 Bren Mar-Edsall Park
Arlington Forest,Week5,Waynewood,Week1,217.0 Arlington Forest - 185.0 Waynewood
Brandywine,Week4,Parklawn,Week3,271.0 Brandywine - 131.0 Parklawn
Bren Mar-Edsall Park,Week4,Chesterbrook,Week2,393.0 Chesterbrook - 9.0 Bren Mar-Edsall Park
Arlington Forest,Week4,Waynewood,Week5,250.0 Waynewood - 152.0 Arlington Forest
Bren Mar-Edsall Park,Week1,Mount Vernon Park,Week5,374.0 Mount Vernon Park - 27.0 Bren Mar-Edsall Park
Bren Mar-Edsall Park,Week1,Mount Vernon Park,Week4,378.0 Mount Vernon Park - 24.0 Bren Mar-Edsall Park
Bren Mar-Edsall Park,Week2,Sleepy Hollow B & R,Week5,380.0 Sleepy Hollow B & R - 21.0 Bren Mar-Edsall Park
Bren Mar-Edsall Park,Week5,Fairfax Station,Week5,387.0 Fairfax Station - 15.0 Bren Mar-Edsall Park
Brandywine,Week2,Parklawn,Week5,229.0 Brandywine - 173.0 Parklawn
Bren Mar-Edsall Park,Week4,Ilda Community,Week5,296.0 Ilda Community - 106.0 Bren Mar-Edsall Park
Bren Mar-Edsall Park,Week4,Chesterbrook,Week4,393.0 Chesterbrook - 9.0 Bren Mar-Edsall Park
Brandywine,Week4,Fair Oaks ,Week4,209.0 Fair Oaks - 193.0 Brandywine
Bren Mar-Edsall Park,Week2,Ilda Community,Week5,319.0 Ilda Community - 82.0 Bren Mar-Edsall Park
Bren Mar-Edsall Park,Week3,Forest Hollow,Week2,342.0 Forest Hollow - 60.0 Bren Mar-Edsall Park
Bren Mar-Edsall Park,Week1,Kent Gardens,Week1,369.0 Kent Gardens - 33.0 Bren Mar-Edsall Park
Brandywine,Week2,Parklawn,Week2,239.0 Brandywine - 162.0 Parklawn
Brandywine,Week5,Dunn Loring,Week5,246.0 Dunn Loring - 156.0 Brandywine
Bren Mar-Edsall Park,Week3,Ilda Community,Week1,300.0 Ilda Community - 102.0 Bren Mar-Edsall Park
Bren Mar-Edsall Park,Week3,Forest Hollow,Week3,350.0 Forest Hollow - 52.0 Bren Mar-Edsall Park
Bren Mar-Edsall Park,Week2,Mount Vernon Park,Week2,375.0 Mount Vernon Park - 27.0 Bren Mar-Edsall Park
Arlington Forest,Week4,Waynewood,Week2,235.0 Waynewood - 167.0 Arlington Forest
Bren Mar-Edsall Park,Week2,Mount Vernon Park,Week3,370.0 Mount Vernon Park - 32.0 Bren Mar-Edsall Park
Arlington Forest,Week5,Waynewood,Week2,205.0 Waynewood - 197.0 Arlington Forest
Bren Mar-Edsall Park,Week4,Chesterbrook,Week3,394.0 Chesterbrook - 8.0 Bren Mar-Edsall Park
Arlington Forest,Week3,Waynewood,Week5,291.0 Waynewood - 111.0 Arlington Forest
Brandywine,Week2,Fair Oaks ,Week4,222.0 Fair Oaks - 180.0 Brandywine
Brandywine,Week5,Overlee,Week5,330.0 Overlee - 72.0 Brandywine
Bren Mar-Edsall Park,Week2,Sleepy Hollow Rec,Week1,337.0 Sleepy Hollow Rec - 65.0 Bren Mar-Edsall Park
Bren Mar-Edsall Park,Week2,Sleepy Hollow B & R,Week2,374.0 Sleepy Hollow B & R - 28.0 Bren Mar-Edsall Park
Bren Mar-Edsall Park,Week2,Sleepy Hollow Rec,Week3,356.0 Sleepy Hollow Rec - 46.0 Bren Mar-Edsall Park
Bren Mar-Edsall Park,Week4,Chesterbrook,Week5,392.0 Chesterbrook - 10.0 Bren Mar-Edsall Park
Bren Mar-Edsall Park,Week5,Chesterbrook,Week1,383.0 Chesterbrook - 19.0 Bren Mar-Edsall Park
Bren Mar-Edsall Park,Week3,Sleepy Hollow B & R,Week5,375.0 Sleepy Hollow B & R - 27.0 Bren Mar-Edsall Park
Brandywine,Week4,Fair Oaks ,Week5,240.5 Fair Oaks - 161.5 Brandywine
Bren Mar-Edsall Park,Week2,Mount Vernon Park,Week5,372.0 Mount Vernon Park - 29.0 Bren Mar-Edsall Park
Bren Mar-Edsall Park,Week3,Forest Hollow,Week4,356.0 Forest Hollow - 46.0 Bren Mar-Edsall Park
Brandywine,Week2,Parklawn,Week4,227.0 Brandywine - 175.0 Parklawn
Brandywine,Week4,Fair Oaks ,Week2,227.0 Brandywine - 175.0 Fair Oaks
Bren Mar-Edsall Park,Week3,Ilda Community,Week3,295.0 Ilda Community - 107.0 Bren Mar-Edsall Park
Arlington Forest,Week2,Waynewood,Week1,221.0 Waynewood - 181.0 Arlington Forest
Brandywine,Week5,Overlee,Week2,325.0 Overlee - 77.0 Brandywine
Bren Mar-Edsall Park,Week4,Ilda Community,Week3,290.0 Ilda Community - 107.0 Bren Mar-Edsall Park
Arlington Forest,Week5,Walden Glen,Week5,252.0 Arlington Forest - 150.0 Walden Glen
Bren Mar-Edsall Park,Week3,Mount Vernon Park,Week5,372.0 Mount Vernon Park - 30.0 Bren Mar-Edsall Park
Bren Mar-Edsall Park,Week4,Sleepy Hollow B & R,Week5,373.0 Sleepy Hollow B & R - 28.0 Bren Mar-Edsall Park
Arlington Forest,Week2,Waynewood,Week2,253.0 Waynewood - 149.0 Arlington Forest
Brandywine,Week1,Fairfax,Week1,259.0 Fairfax - 143.0 Brandywine
Brandywine,Week4,Overlee,Week3,323.0 Overlee - 79.0 Brandywine
Bren Mar-Edsall Park,Week3,Mount Vernon Park,Week4,372.0 Mount Vernon Park - 30.0 Bren Mar-Edsall Park
Bren Mar-Edsall Park,Week5,Chesterbrook,Week3,391.0 Chesterbrook - 11.0 Bren Mar-Edsall Park
Bren Mar-Edsall Park,Week5,Sleepy Hollow B & R,Week2,363.0 Sleepy Hollow B & R - 39.0 Bren Mar-Edsall Park
Bren Mar-Edsall Park,Week4,Forest Hollow,Week2,340.0 Forest Hollow - 61.0 Bren Mar-Edsall Park
Bren Mar-Edsall Park,Week3,Mount Vernon Park,Week2,378.0 Mount Vernon Park - 24.0 Bren Mar-Edsall Park
Arlington Forest,Week1,Waynewood,Week2,243.0 Waynewood - 159.0 Arlington Forest
Bren Mar-Edsall Park,Week2,Ilda Community,Week4,337.0 Ilda Community - 64.0 Bren Mar-Edsall Park
Bren Mar-Edsall Park,Week5,Chesterbrook,Week2,390.0 Chesterbrook - 12.0 Bren Mar-Edsall Park
Bren Mar-Edsall Park,Week4,Forest Hollow,Week4,355.0 Forest Hollow - 47.0 Bren Mar-Edsall Park
Brandywine,Week5,Fair Oaks ,Week3,204.0 Brandywine - 198.0 Fair Oaks
Bren Mar-Edsall Park,Week3,Ilda Community,Week2,311.0 Ilda Community - 91.0 Bren Mar-Edsall Park
Bren Mar-Edsall Park,Week4,Forest Hollow,Week1,351.0 Forest Hollow - 50.0 Bren Mar-Edsall Park
Brandywine,Week5,Overlee,Week3,304.0 Overlee - 98.0 Brandywine
Brandywine,Week1,Parklawn,Week2,244.0 Brandywine - 158.0 Parklawn
Brandywine,Week3,Fair Oaks ,Week3,226.0 Fair Oaks - 176.0 Brandywine
Bren Mar-Edsall Park,Week2,Sleepy Hollow Rec,Week2,347.0 Sleepy Hollow Rec - 51.0 Bren Mar-Edsall Park
Bren Mar-Edsall Park,Week5,Chesterbrook,Week4,392.0 Chesterbrook - 10.0 Bren Mar-Edsall Park
Brandywine,Week2,Fair Oaks ,Week3,234.0 Fair Oaks - 168.0 Brandywine
Bren Mar-Edsall Park,Week5,Chesterbrook,Week5,389.0 Chesterbrook - 13.0 Bren Mar-Edsall Park
Bren Mar-Edsall Park,Week1,Sleepy Hollow Rec,Week1,321.0 Sleepy Hollow Rec - 81.0 Bren Mar-Edsall Park
Bren Mar-Edsall Park,Week5,Forest Hollow,Week3,342.0 Forest Hollow - 60.0 Bren Mar-Edsall Park
Bren Mar-Edsall Park,Week2,Commonwealth,Week2,347.0 Commonwealth - 54.0 Bren Mar-Edsall Park
Bren Mar-Edsall Park,Week3,Commonwealth,Week1,288.0 Commonwealth - 113.0 Bren Mar-Edsall Park
Bren Mar-Edsall Park,Week5,Forest Hollow,Week1,347.5 Forest Hollow - 54.5 Bren Mar-Edsall Park
Bren Mar-Edsall Park,Week4,Mount Vernon Park,Week5,370.0 Mount Vernon Park - 32.0 Bren Mar-Edsall Park
Bren Mar-Edsall Park,Week4,Commonwealth,Week3,322.0 Commonwealth - 74.0 Bren Mar-Edsall Park
Bren Mar-Edsall Park,Week2,Sleepy Hollow Rec,Week4,345.0 Sleepy Hollow Rec - 57.0 Bren Mar-Edsall Park
Arlington Forest,Week1,Waynewood,Week3,264.0 Waynewood - 138.0 Arlington Forest
Bren Mar-Edsall Park,Week4,Forest Hollow,Week5,361.0 Forest Hollow - 40.0 Bren Mar-Edsall Park
Bren Mar-Edsall Park,Week3,Fox Hunt,Week4,350.0 Fox Hunt - 51.0 Bren Mar-Edsall Park
Brandywine,Week1,Fairfax,Week3,284.0 Fairfax - 118.0 Brandywine
Brandywine,Week3,Parklawn,Week4,238.0 Brandywine - 163.0 Parklawn
Bren Mar-Edsall Park,Week2,Sleepy Hollow B & R,Week4,378.0 Sleepy Hollow B & R - 24.0 Bren Mar-Edsall Park
Bren Mar-Edsall Park,Week5,Ilda Community,Week5,304.5 Ilda Community - 96.5 Bren Mar-Edsall Park
Brandywine,Week1,Fairfax,Week2,282.0 Fairfax - 120.0 Brandywine
Bren Mar-Edsall Park,Week4,Mount Vernon Park,Week2,374.0 Mount Vernon Park - 28.0 Bren Mar-Edsall Park
Arlington Forest,Week3,Waynewood,Week1,239.0 Waynewood - 163.0 Arlington Forest
Brandywine,Week1,Parklawn,Week4,232.0 Brandywine - 170.0 Parklawn
Arlington Forest,Week5,Walden Glen,Week3,280.0 Arlington Forest - 122.0 Walden Glen
Bren Mar-Edsall Park,Week3,Commonwealth,Week2,338.0 Commonwealth - 64.0 Bren Mar-Edsall Park
Arlington Forest,Week4,Waynewood,Week4,230.0 Waynewood - 172.0 Arlington Forest
Brandywine,Week2,Fair Oaks ,Week1,212.0 Fair Oaks - 190.0 Brandywine
Brandywine,Week5,Parklawn,Week1,298.0 Brandywine - 95.0 Parklawn
Bren Mar-Edsall Park,Week3,Sleepy Hollow B & R,Week3,380.0 Sleepy Hollow B & R - 22.0 Bren Mar-Edsall Park
Bren Mar-Edsall Park,Week4,Ilda Community,Week4,312.0 Ilda Community - 89.0 Bren Mar-Edsall Park
Bren Mar-Edsall Park,Week5,Ilda Community,Week4,313.0 Ilda Community - 89.0 Bren Mar-Edsall Park
Brandywine,Week4,Parklawn,Week5,251.0 Brandywine - 151.0 Parklawn
Bren Mar-Edsall Park,Week4,Mount Vernon Park,Week3,374.0 Mount Vernon Park - 27.0 Bren Mar-Edsall Park
Bren Mar-Edsall Park,Week5,Ilda Community,Week2,306.0 Ilda Community - 96.0 Bren Mar-Edsall Park
Bren Mar-Edsall Park,Week5,Mount Vernon Park,Week3,360.0 Mount Vernon Park - 37.0 Bren Mar-Edsall Park
Bren Mar-Edsall Park,Week3,Commonwealth,Week4,320.0 Commonwealth - 81.0 Bren Mar-Edsall Park
Bren Mar-Edsall Park,Week4,Ilda Community,Week2,308.0 Ilda Community - 93.0 Bren Mar-Edsall Park
Bren Mar-Edsall Park,Week1,Commonwealth,Week2,339.0 Commonwealth - 62.0 Bren Mar-Edsall Park
Bren Mar-Edsall Park,Week4,Sleepy Hollow B & R,Week4,374.0 Sleepy Hollow B & R - 28.0 Bren Mar-Edsall Park
Bren Mar-Edsall Park,Week2,Fox Hunt,Week2,365.0 Fox Hunt - 33.0 Bren Mar-Edsall Park
Bren Mar-Edsall Park,Week3,Newington Forest,Week4,299.0 Newington Forest - 98.0 Bren Mar-Edsall Park
Brandywine,Week1,Fair Oaks ,Week4,229.0 Fair Oaks - 173.0 Brandywine
Arlington Forest,Week5,Waynewood,Week3,223.0 Waynewood - 179.0 Arlington Forest
Brandywine,Week5,Bren Mar-Edsall Park,Week3,356.0 Brandywine - 46.0 Bren Mar-Edsall Park
Bren Mar-Edsall Park,Week1,Commonwealth,Week4,321.0 Commonwealth - 79.0 Bren Mar-Edsall Park
Bren Mar-Edsall Park,Week5,Sleepy Hollow B & R,Week3,371.0 Sleepy Hollow B & R - 31.0 Bren Mar-Edsall Park
Arlington Forest,Week4,Waynewood,Week1,208.0 Arlington Forest - 194.0 Waynewood
Bren Mar-Edsall Park,Week5,Newington Forest,Week3,290.0 Newington Forest - 112.0 Bren Mar-Edsall Park
Brandywine,Week2,Parliament,Week1,229.0 Parliament - 173.0 Brandywine
Bren Mar-Edsall Park,Week2,Fox Hunt,Week1,367.0 Fox Hunt - 34.0 Bren Mar-Edsall Park
Bren Mar-Edsall Park,Week4,Newington Forest,Week4,293.0 Newington Forest - 109.0 Bren Mar-Edsall Park
Bren Mar-Edsall Park,Week4,Sleepy Hollow B & R,Week3,372.0 Sleepy Hollow B & R - 30.0 Bren Mar-Edsall Park
Brandywine,Week3,Parliament,Week1,216.0 Parliament - 186.0 Brandywine
Bren Mar-Edsall Park,Week1,Fox Hunt,Week1,349.0 Fox Hunt - 53.0 Bren Mar-Edsall Park
Brandywine,Week2,Parliament,Week4,214.0 Parliament - 188.0 Brandywine
Brandywine,Week5,Parklawn,Week3,285.5 Brandywine - 115.5 Parklawn
Bren Mar-Edsall Park,Week1,Kent Gardens,Week2,356.0 Kent Gardens - 46.0 Bren Mar-Edsall Park
Bren Mar-Edsall Park,Week5,Sleepy Hollow Rec,Week1,310.5 Sleepy Hollow Rec - 86.5 Bren Mar-Edsall Park
Bren Mar-Edsall Park,Week1,Fox Mill Estates,Week1,330.0 Fox Mill Estates - 72.0 Bren Mar-Edsall Park
Brandywine,Week1,Fairfax,Week4,274.0 Fairfax - 128.0 Brandywine
Bren Mar-Edsall Park,Week1,Kent Gardens,Week3,353.0 Kent Gardens - 49.0 Bren Mar-Edsall Park
Bren Mar-Edsall Park,Week5,Newington Forest,Week5,314.0 Newington Forest - 83.0 Bren Mar-Edsall Park
Brandywine,Week5,Fair Oaks ,Week4,228.0 Brandywine - 174.0 Fair Oaks
Brandywine,Week1,Fairfax,Week5,293.0 Fairfax - 109.0 Brandywine
Bren Mar-Edsall Park,Week2,Commonwealth,Week3,335.0 Commonwealth - 61.0 Bren Mar-Edsall Park
Bren Mar-Edsall Park,Week4,Sleepy Hollow B & R,Week2,364.5 Sleepy Hollow B & R - 36.5 Bren Mar-Edsall Park
Bren Mar-Edsall Park,Week1,Sleepy Hollow Rec,Week2,331.0 Sleepy Hollow Rec - 69.0 Bren Mar-Edsall Park
Bren Mar-Edsall Park,Week3,Ilda Community,Week5,306.0 Ilda Community - 96.0 Bren Mar-Edsall Park
Arlington Forest,Week2,Waynewood,Week4,258.0 Waynewood - 144.0 Arlington Forest
Bren Mar-Edsall Park,Week3,Fox Hunt,Week3,357.0 Fox Hunt - 40.0 Bren Mar-Edsall Park
Brandywine,Week1,Fair Oaks ,Week1,237.0 Fair Oaks - 165.0 Brandywine
Brandywine,Week5,Parliament,Week4,243.0 Brandywine - 159.0 Parliament
Bren Mar-Edsall Park,Week1,Newington Forest,Week1,300.0 Newington Forest - 97.0 Bren Mar-Edsall Park
Bren Mar-Edsall Park,Week1,Kent Gardens,Week4,359.0 Kent Gardens - 43.0 Bren Mar-Edsall Park
Brandywine,Week1,Fair Oaks ,Week3,248.0 Fair Oaks - 154.0 Brandywine
Bren Mar-Edsall Park,Week2,Commonwealth,Week5,332.0 Commonwealth - 68.0 Bren Mar-Edsall Park
Bren Mar-Edsall Park,Week5,Mount Vernon Park,Week1,364.0 Mount Vernon Park - 38.0 Bren Mar-Edsall Park
Bren Mar-Edsall Park,Week2,Sleepy Hollow Rec,Week5,348.0 Sleepy Hollow Rec - 50.0 Bren Mar-Edsall Park
Bren Mar-Edsall Park,Week2,Kent Gardens,Week2,367.0 Kent Gardens - 34.0 Bren Mar-Edsall Park
Brandywine,Week4,Parliament,Week2,225.0 Brandywine - 177.0 Parliament
Bren Mar-Edsall Park,Week2,Somerset-Olde Creek,Week4,286.0 Somerset-Olde Creek - 110.0 Bren Mar-Edsall Park
Brandywine,Week4,Bren Mar-Edsall Park,Week1,362.0 Brandywine - 40.0 Bren Mar-Edsall Park
Bren Mar-Edsall Park,Week1,Kent Gardens,Week5,372.0 Kent Gardens - 30.0 Bren Mar-Edsall Park
Brandywine,Week2,Fair Oaks ,Week5,233.5 Fair Oaks - 168.5 Brandywine
Bren Mar-Edsall Park,Week1,Fox Hunt,Week4,360.0 Fox Hunt - 41.0 Bren Mar-Edsall Park
Brandywine,Week3,Bren Mar-Edsall Park,Week3,319.0 Brandywine - 77.0 Bren Mar-Edsall Park
Bren Mar-Edsall Park,Week5,Forest Hollow,Week5,354.0 Forest Hollow - 48.0 Bren Mar-Edsall Park
Bren Mar-Edsall Park,Week2,Kent Gardens,Week1,372.0 Kent Gardens - 29.0 Bren Mar-Edsall Park
Brandywine,Week5,Parklawn,Week4,265.0 Brandywine - 136.0 Parklawn
Bren Mar-Edsall Park,Week2,Kent Gardens,Week3,360.0 Kent Gardens - 40.0 Bren Mar-Edsall Park
Bren Mar-Edsall Park,Week4,Fox Hunt,Week5,363.0 Fox Hunt - 35.0 Bren Mar-Edsall Park
Bren Mar-Edsall Park,Week3,Commonwealth,Week3,332.0 Commonwealth - 68.0 Bren Mar-Edsall Park
Brandywine,Week5,Parklawn,Week5,272.0 Brandywine - 129.0 Parklawn
Bren Mar-Edsall Park,Week5,Forest Hollow,Week4,350.0 Forest Hollow - 52.0 Bren Mar-Edsall Park
Brandywine,Week1,Brookfield ,Week1,222.0 Brookfield - 180.0 Brandywine
Bren Mar-Edsall Park,Week2,Commonwealth,Week1,289.0 Commonwealth - 105.0 Bren Mar-Edsall Park
Brandywine,Week1,Parliament,Week2,204.0 Parliament - 198.0 Brandywine
Bren Mar-Edsall Park,Week4,Newington Forest,Week1,278.5 Newington Forest - 120.5 Bren Mar-Edsall Park
Bren Mar-Edsall Park,Week4,Commonwealth,Week4,311.0 Commonwealth - 88.0 Bren Mar-Edsall Park
Brandywine,Week2,Fair Oaks ,Week2,203.0 Brandywine - 199.0 Fair Oaks
Bren Mar-Edsall Park,Week3,Sleepy Hollow Rec,Week3,340.0 Sleepy Hollow Rec - 62.0 Bren Mar-Edsall Park
Bren Mar-Edsall Park,Week5,Mount Vernon Park,Week4,368.0 Mount Vernon Park - 34.0 Bren Mar-Edsall Park
Bren Mar-Edsall Park,Week5,Newington Forest,Week2,279.0 Newington Forest - 121.0 Bren Mar-Edsall Park
Brandywine,Week3,Fair Oaks ,Week1,207.0 Fair Oaks - 195.0 Brandywine
Bren Mar-Edsall Park,Week2,Commonwealth,Week4,330.0 Commonwealth - 70.0 Bren Mar-Edsall Park
Bren Mar-Edsall Park,Week4,Newington Forest,Week5,306.0 Newington Forest - 96.0 Bren Mar-Edsall Park
Bren Mar-Edsall Park,Week1,Fox Hunt,Week5,370.0 Fox Hunt - 31.0 Bren Mar-Edsall Park
Bren Mar-Edsall Park,Week4,Newington Forest,Week3,289.5 Newington Forest - 112.5 Bren Mar-Edsall Park
Brandywine,Week2,Parliament,Week2,204.0 Brandywine - 198.0 Parliament
Brandywine,Week5,Parliament,Week3,235.0 Brandywine - 167.0 Parliament
Bren Mar-Edsall Park,Week5,Sleepy Hollow Rec,Week4,317.0 Sleepy Hollow Rec - 85.0 Bren Mar-Edsall Park
Brandywine,Week4,Bren Mar-Edsall Park,Week3,349.0 Brandywine - 53.0 Bren Mar-Edsall Park
Bren Mar-Edsall Park,Week2,Kent Gardens,Week5,375.0 Kent Gardens - 27.0 Bren Mar-Edsall Park
Bren Mar-Edsall Park,Week3,Kent Gardens,Week2,357.0 Kent Gardens - 45.0 Bren Mar-Edsall Park
Bren Mar-Edsall Park,Week3,Kent Gardens,Week1,362.0 Kent Gardens - 40.0 Bren Mar-Edsall Park
Brandywine,Week3,Fair Oaks ,Week4,208.0 Fair Oaks - 194.0 Brandywine
Bren Mar-Edsall Park,Week4,Commonwealth,Week5,307.0 Commonwealth - 94.0 Bren Mar-Edsall Park
Brandywine,Week3,Fair Oaks ,Week2,208.0 Brandywine - 194.0 Fair Oaks
Brandywine,Week4,Parliament,Week3,216.0 Brandywine - 186.0 Parliament
Bren Mar-Edsall Park,Week5,Sleepy Hollow Rec,Week2,314.0 Sleepy Hollow Rec - 87.0 Bren Mar-Edsall Park
Bren Mar-Edsall Park,Week4,Sleepy Hollow Rec,Week3,331.0 Sleepy Hollow Rec - 71.0 Bren Mar-Edsall Park
Brandywine,Week1,Brookfield ,Week4,220.0 Brookfield - 182.0 Brandywine
Bren Mar-Edsall Park,Week3,Fox Hunt,Week5,365.0 Fox Hunt - 36.0 Bren Mar-Edsall Park
Bren Mar-Edsall Park,Week3,Kent Gardens,Week3,343.0 Kent Gardens - 59.0 Bren Mar-Edsall Park
Brandywine,Week1,Fair Oaks ,Week5,253.0 Fair Oaks - 149.0 Brandywine
Bren Mar-Edsall Park,Week3,Commonwealth,Week5,322.0 Commonwealth - 80.0 Bren Mar-Edsall Park
Brandywine,Week1,Brookfield ,Week3,205.0 Brookfield - 197.0 Brandywine
Bren Mar-Edsall Park,Week1,Newington Forest,Week2,294.0 Newington Forest - 104.0 Bren Mar-Edsall Park
Bren Mar-Edsall Park,Week4,Fox Hunt,Week1,350.0 Fox Hunt - 51.0 Bren Mar-Edsall Park
Brandywine,Week3,Bren Mar-Edsall Park,Week4,315.0 Brandywine - 86.0 Bren Mar-Edsall Park
Bren Mar-Edsall Park,Week2,North Springfield,Week2,252.0 North Springfield - 135.0 Bren Mar-Edsall Park
Bren Mar-Edsall Park,Week3,Fox Hunt,Week1,345.0 Fox Hunt - 57.0 Bren Mar-Edsall Park
Bren Mar-Edsall Park,Week5,Commonwealth,Week1,277.0 Commonwealth - 111.0 Bren Mar-Edsall Park
Bren Mar-Edsall Park,Week4,Sleepy Hollow Rec,Week1,306.0 Sleepy Hollow Rec - 96.0 Bren Mar-Edsall Park
Brandywine,Week3,Fair Oaks ,Week5,236.0 Fair Oaks - 165.0 Brandywine
Bren Mar-Edsall Park,Week3,Newington Forest,Week5,310.0 Newington Forest - 92.0 Bren Mar-Edsall Park
Brandywine,Week4,Fair Oaks ,Week3,220.0 Fair Oaks - 182.0 Brandywine
Brandywine,Week1,Parliament,Week3,220.0 Parliament - 182.0 Brandywine
Bren Mar-Edsall Park,Week5,Commonwealth,Week3,322.0 Commonwealth - 77.0 Bren Mar-Edsall Park
Bren Mar-Edsall Park,Week5,Somerset-Olde Creek,Week2,202.0 Somerset-Olde Creek - 182.0 Bren Mar-Edsall Park
Brandywine,Week4,Bren Mar-Edsall Park,Week2,363.0 Brandywine - 39.0 Bren Mar-Edsall Park
Brandywine,Week3,Parliament,Week2,221.0 Brandywine - 181.0 Parliament
Bren Mar-Edsall Park,Week2,Fox Hunt,Week4,367.5 Fox Hunt - 30.5 Bren Mar-Edsall Park
Bren Mar-Edsall Park,Week2,Kings Ridge ,Week3,340.0 Kings Ridge - 61.0 Bren Mar-Edsall Park
Brandywine,Week5,Fair Oaks ,Week5,205.0 Fair Oaks - 197.0 Brandywine
Brandywine,Week5,Bren Mar-Edsall Park,Week5,352.0 Brandywine - 50.0 Bren Mar-Edsall Park
Bren Mar-Edsall Park,Week3,Kings Ridge ,Week2,309.5 Kings Ridge - 91.5 Bren Mar-Edsall Park
Brandywine,Week1,Parliament,Week4,214.0 Parliament - 188.0 Brandywine
Bren Mar-Edsall Park,Week2,Kings Ridge ,Week4,335.0 Kings Ridge - 67.0 Bren Mar-Edsall Park
Brandywine,Week4,Fair Oaks ,Week1,208.0 Fair Oaks - 194.0 Brandywine
Brandywine,Week3,Parliament,Week5,202.5 Parliament - 199.5 Brandywine
Bren Mar-Edsall Park,Week4,Somerset-Olde Creek,Week3,214.0 Somerset-Olde Creek - 171.0 Bren Mar-Edsall Park
Brandywine,Week5,Parklawn,Week2,272.0 Brandywine - 129.0 Parklawn
Bren Mar-Edsall Park,Week3,Kings Ridge ,Week5,318.0 Kings Ridge - 84.0 Bren Mar-Edsall Park
Bren Mar-Edsall Park,Week2,Fox Hunt,Week3,364.0 Fox Hunt - 37.0 Bren Mar-Edsall Park
Bren Mar-Edsall Park,Week5,Commonwealth,Week5,314.0 Commonwealth - 88.0 Bren Mar-Edsall Park
Bren Mar-Edsall Park,Week2,Newington Forest,Week3,302.0 Newington Forest - 100.0 Bren Mar-Edsall Park
Brandywine,Week2,Bren Mar-Edsall Park,Week5,327.0 Brandywine - 75.0 Bren Mar-Edsall Park
Brandywine,Week1,Parliament,Week5,221.0 Parliament - 181.0 Brandywine
Bren Mar-Edsall Park,Week1,North Springfield,Week2,248.0 North Springfield - 133.0 Bren Mar-Edsall Park
Brandywine,Week2,Bren Mar-Edsall Park,Week4,328.0 Brandywine - 74.0 Bren Mar-Edsall Park
Brandywine,Week4,Bren Mar-Edsall Park,Week5,350.0 Brandywine - 52.0 Bren Mar-Edsall Park
Brandywine,Week1,Fair Oaks ,Week2,209.5 Brandywine - 192.5 Fair Oaks
Bren Mar-Edsall Park,Week1,Newington Forest,Week3,304.0 Newington Forest - 98.0 Bren Mar-Edsall Park
Bren Mar-Edsall Park,Week5,Mount Vernon Park,Week5,369.0 Mount Vernon Park - 33.0 Bren Mar-Edsall Park
Bren Mar-Edsall Park,Week1,Somerset-Olde Creek,Week1,245.0 Somerset-Olde Creek - 149.0 Bren Mar-Edsall Park
Brandywine,Week5,Fair Oaks ,Week2,248.0 Brandywine - 154.0 Fair Oaks
Bren Mar-Edsall Park,Week4,Commonwealth,Week1,267.0 Commonwealth - 125.0 Bren Mar-Edsall Park
Bren Mar-Edsall Park,Week5,Forest Hollow,Week2,339.0 Forest Hollow - 58.0 Bren Mar-Edsall Park
Bren Mar-Edsall Park,Week5,Commonwealth,Week4,308.0 Commonwealth - 93.0 Bren Mar-Edsall Park
Bren Mar-Edsall Park,Week3,Fox Hunt,Week2,356.0 Fox Hunt - 45.0 Bren Mar-Edsall Park
Bren Mar-Edsall Park,Week3,Sleepy Hollow Rec,Week2,316.0 Sleepy Hollow Rec - 85.0 Bren Mar-Edsall Park
Bren Mar-Edsall Park,Week4,Fox Hunt,Week2,347.0 Fox Hunt - 51.0 Bren Mar-Edsall Park
Bren Mar-Edsall Park,Week5,Kent Gardens,Week5,367.0 Kent Gardens - 35.0 Bren Mar-Edsall Park
Bren Mar-Edsall Park,Week4,Somerset-Olde Creek,Week4,256.5 Somerset-Olde Creek - 140.5 Bren Mar-Edsall Park
Bren Mar-Edsall Park,Week4,Commonwealth,Week2,331.0 Commonwealth - 69.0 Bren Mar-Edsall Park
Bren Mar-Edsall Park,Week4,Sleepy Hollow Rec,Week2,310.0 Sleepy Hollow Rec - 88.0 Bren Mar-Edsall Park
Brandywine,Week3,Bren Mar-Edsall Park,Week1,333.0 Brandywine - 68.0 Bren Mar-Edsall Park
Bren Mar-Edsall Park,Week4,Fox Hunt,Week3,349.0 Fox Hunt - 52.0 Bren Mar-Edsall Park
Brandywine,Week1,Bren Mar-Edsall Park,Week5,328.0 Brandywine - 74.0 Bren Mar-Edsall Park
Bren Mar-Edsall Park,Week1,Commonwealth,Week5,329.0 Commonwealth - 73.0 Bren Mar-Edsall Park
Brandywine,Week4,Parliament,Week5,203.0 Parliament - 199.0 Brandywine
Brandywine,Week3,Parliament,Week4,210.0 Brandywine - 192.0 Parliament
Brandywine,Week5,Donaldson Run,Week5,265.0 Donaldson Run - 137.0 Brandywine
Brandywine,Week4,Parliament,Week1,216.0 Parliament - 186.0 Brandywine
Bren Mar-Edsall Park,Week2,Newington Forest,Week2,288.0 Newington Forest - 109.0 Bren Mar-Edsall Park
Brandywine,Week5,Fair Oaks ,Week1,227.0 Brandywine - 175.0 Fair Oaks
Bren Mar-Edsall Park,Week3,Sleepy Hollow Rec,Week1,301.0 Sleepy Hollow Rec - 101.0 Bren Mar-Edsall Park
Bren Mar-Edsall Park,Week4,Sleepy Hollow Rec,Week5,324.0 Sleepy Hollow Rec - 74.0 Bren Mar-Edsall Park
Brandywine,Week3,Bren Mar-Edsall Park,Week5,312.0 Brandywine - 80.0 Bren Mar-Edsall Park
Bren Mar-Edsall Park,Week1,Kings Ridge ,Week4,335.0 Kings Ridge - 67.0 Bren Mar-Edsall Park
Bren Mar-Edsall Park,Week1,Cottontail,Week1,362.0 Cottontail - 40.0 Bren Mar-Edsall Park
Bren Mar-Edsall Park,Week5,Commonwealth,Week2,330.0 Commonwealth - 72.0 Bren Mar-Edsall Park
Bren Mar-Edsall Park,Week4,Kings Ridge ,Week4,318.0 Kings Ridge - 84.0 Bren Mar-Edsall Park
Brandywine,Week5,Bren Mar-Edsall Park,Week4,362.0 Brandywine - 40.0 Bren Mar-Edsall Park
Bren Mar-Edsall Park,Week5,Kings Ridge ,Week1,306.0 Kings Ridge - 91.0 Bren Mar-Edsall Park
Bren Mar-Edsall Park,Week2,Newington Forest,Week4,304.0 Newington Forest - 98.0 Bren Mar-Edsall Park
Bren Mar-Edsall Park,Week2,Newington Forest,Week5,322.0 Newington Forest - 80.0 Bren Mar-Edsall Park
Brandywine,Week5,Donaldson Run,Week1,221.0 Donaldson Run - 181.0 Brandywine
Bren Mar-Edsall Park,Week3,Sleepy Hollow Rec,Week5,343.0 Sleepy Hollow Rec - 58.0 Bren Mar-Edsall Park
Bren Mar-Edsall Park,Week5,Kings Ridge ,Week2,289.5 Kings Ridge - 111.5 Bren Mar-Edsall Park
Bren Mar-Edsall Park,Week1,Fox Hunt,Week2,356.0 Fox Hunt - 44.0 Bren Mar-Edsall Park
Bren Mar-Edsall Park,Week1,Commonwealth,Week3,330.0 Commonwealth - 68.0 Bren Mar-Edsall Park
Brandywine,Week1,Donaldson Run,Week2,269.0 Donaldson Run - 133.0 Brandywine
Bren Mar-Edsall Park,Week1,Fox Hunt,Week3,356.0 Fox Hunt - 46.0 Bren Mar-Edsall Park
Bren Mar-Edsall Park,Week4,Fox Hunt,Week4,347.0 Fox Hunt - 51.0 Bren Mar-Edsall Park
Bren Mar-Edsall Park,Week5,Mount Vernon Park,Week2,373.0 Mount Vernon Park - 29.0 Bren Mar-Edsall Park
Brandywine,Week1,Dowden Terrace,Week4,222.0 Dowden Terrace - 180.0 Brandywine
Bren Mar-Edsall Park,Week1,Country Club Hills,Week3,352.0 Country Club Hills - 50.0 Bren Mar-Edsall Park
Brandywine,Week2,Bren Mar-Edsall Park,Week3,327.0 Brandywine - 75.0 Bren Mar-Edsall Park
Brandywine,Week4,Parklawn,Week4,254.0 Brandywine - 147.0 Parklawn
Bren Mar-Edsall Park,Week5,Fox Hunt,Week1,337.0 Fox Hunt - 65.0 Bren Mar-Edsall Park
Brandywine,Week4,Bren Mar-Edsall Park,Week4,348.0 Brandywine - 54.0 Bren Mar-Edsall Park
Bren Mar-Edsall Park,Week1,Somerset-Olde Creek,Week5,284.0 Somerset-Olde Creek - 110.0 Bren Mar-Edsall Park
Bren Mar-Edsall Park,Week2,Kings Ridge ,Week2,315.0 Kings Ridge - 83.0 Bren Mar-Edsall Park
Bren Mar-Edsall Park,Week2,Fox Hunt,Week5,377.0 Fox Hunt - 21.0 Bren Mar-Edsall Park
Brandywine,Week5,Bren Mar-Edsall Park,Week1,367.0 Brandywine - 35.0 Bren Mar-Edsall Park
Brandywine,Week3,Parliament,Week3,207.0 Brandywine - 195.0 Parliament
Bren Mar-Edsall Park,Week3,Cottontail,Week2,352.0 Cottontail - 50.0 Bren Mar-Edsall Park
Bren Mar-Edsall Park,Week1,Cottontail,Week5,367.0 Cottontail - 35.0 Bren Mar-Edsall Park
Bren Mar-Edsall Park,Week3,Sleepy Hollow Rec,Week4,329.0 Sleepy Hollow Rec - 72.0 Bren Mar-Edsall Park
Brandywine,Week1,Dowden Terrace,Week2,213.0 Dowden Terrace - 189.0 Brandywine
Brandywine,Week5,Dominion Hills,Week5,201.0 Brandywine - 201.0 Dominion Hills
Bren Mar-Edsall Park,Week3,Newington Forest,Week3,292.0 Newington Forest - 110.0 Bren Mar-Edsall Park
Bren Mar-Edsall Park,Week3,Newington Forest,Week2,275.0 Newington Forest - 126.0 Bren Mar-Edsall Park
Brandywine,Week1,Parliament,Week1,237.0 Parliament - 165.0 Brandywine
Brandywine,Week2,Parliament,Week3,212.0 Parliament - 190.0 Brandywine
Bren Mar-Edsall Park,Week3,Kent Gardens,Week5,366.0 Kent Gardens - 36.0 Bren Mar-Edsall Park
Bren Mar-Edsall Park,Week2,Newington Forest,Week1,296.0 Newington Forest - 102.0 Bren Mar-Edsall Park
Bren Mar-Edsall Park,Week5,Fox Hunt,Week2,336.0 Fox Hunt - 64.0 Bren Mar-Edsall Park
Bren Mar-Edsall Park,Week5,Kent Gardens,Week2,353.0 Kent Gardens - 49.0 Bren Mar-Edsall Park
Bren Mar-Edsall Park,Week4,Cottontail,Week3,344.0 Cottontail - 58.0 Bren Mar-Edsall Park
Brandywine,Week5,Bren Mar-Edsall Park,Week2,370.0 Brandywine - 32.0 Bren Mar-Edsall Park
Bren Mar-Edsall Park,Week5,Sleepy Hollow Rec,Week5,324.0 Sleepy Hollow Rec - 77.0 Bren Mar-Edsall Park
Bren Mar-Edsall Park,Week1,Somerset-Olde Creek,Week4,278.5 Somerset-Olde Creek - 120.5 Bren Mar-Edsall Park
Bren Mar-Edsall Park,Week4,Kent Gardens,Week2,350.5 Kent Gardens - 51.5 Bren Mar-Edsall Park
Bren Mar-Edsall Park,Week2,Country Club Hills,Week5,361.0 Country Club Hills - 41.0 Bren Mar-Edsall Park
Brandywine,Week2,Parliament,Week5,219.0 Parliament - 183.0 Brandywine
Bren Mar-Edsall Park,Week2,Kings Ridge ,Week5,335.0 Kings Ridge - 67.0 Bren Mar-Edsall Park
Bren Mar-Edsall Park,Week5,Sleepy Hollow Rec,Week3,332.0 Sleepy Hollow Rec - 70.0 Bren Mar-Edsall Park
Bren Mar-Edsall Park,Week5,Fox Mill Estates,Week5,310.0 Fox Mill Estates - 92.0 Bren Mar-Edsall Park
Bren Mar-Edsall Park,Week1,Kings Ridge ,Week2,309.0 Kings Ridge - 91.0 Bren Mar-Edsall Park
Bren Mar-Edsall Park,Week4,Fox Mill Estates,Week5,315.0 Fox Mill Estates - 87.0 Bren Mar-Edsall Park
Brandywine,Week2,Bren Mar-Edsall Park,Week2,338.0 Brandywine - 64.0 Bren Mar-Edsall Park
Bren Mar-Edsall Park,Week4,Cottontail,Week4,343.0 Cottontail - 59.0 Bren Mar-Edsall Park
Bren Mar-Edsall Park,Week1,Newington Forest,Week5,322.0 Newington Forest - 80.0 Bren Mar-Edsall Park
Bren Mar-Edsall Park,Week5,Newington Forest,Week1,285.0 Newington Forest - 116.0 Bren Mar-Edsall Park
Bren Mar-Edsall Park,Week2,Somerset-Olde Creek,Week1,253.0 Somerset-Olde Creek - 133.0 Bren Mar-Edsall Park
Brandywine,Week1,Brookfield ,Week2,203.5 Brookfield - 198.5 Brandywine
Bren Mar-Edsall Park,Week4,Kent Gardens,Week5,364.0 Kent Gardens - 38.0 Bren Mar-Edsall Park
Bren Mar-Edsall Park,Week4,Sleepy Hollow Rec,Week4,317.0 Sleepy Hollow Rec - 84.0 Bren Mar-Edsall Park
Bren Mar-Edsall Park,Week5,Fox Hunt,Week3,343.0 Fox Hunt - 54.0 Bren Mar-Edsall Park
Bren Mar-Edsall Park,Week2,Kings Ridge ,Week1,335.0 Kings Ridge - 67.0 Bren Mar-Edsall Park
Bren Mar-Edsall Park,Week5,Cottontail,Week2,348.0 Cottontail - 54.0 Bren Mar-Edsall Park
Brandywine,Week5,Dominion Hills,Week4,201.0 Brandywine - 201.0 Dominion Hills
Brandywine,Week3,Donaldson Run,Week1,243.0 Donaldson Run - 159.0 Brandywine
Brandywine,Week4,Donaldson Run,Week1,244.0 Donaldson Run - 158.0 Brandywine
Bren Mar-Edsall Park,Week1,Newington Forest,Week4,310.0 Newington Forest - 92.0 Bren Mar-Edsall Park
Bren Mar-Edsall Park,Week3,Newington Forest,Week1,279.0 Newington Forest - 121.0 Bren Mar-Edsall Park
Brandywine,Week2,Donaldson Run,Week5,277.0 Donaldson Run - 125.0 Brandywine
Bren Mar-Edsall Park,Week5,Fox Hunt,Week4,345.0 Fox Hunt - 56.0 Bren Mar-Edsall Park
Brandywine,Week4,Donaldson Run,Week5,269.0 Donaldson Run - 133.0 Brandywine
Brandywine,Week5,Parliament,Week1,202.0 Brandywine - 200.0 Parliament
Brandywine,Week2,Donaldson Run,Week2,267.0 Donaldson Run - 135.0 Brandywine
Brandywine,Week4,Parliament,Week4,218.0 Brandywine - 184.0 Parliament
Bren Mar-Edsall Park,Week5,Cottontail,Week4,335.0 Cottontail - 62.0 Bren Mar-Edsall Park
Brandywine,Week5,Parliament,Week2,239.0 Brandywine - 163.0 Parliament
Bren Mar-Edsall Park,Week1,Cottontail,Week4,352.0 Cottontail - 50.0 Bren Mar-Edsall Park
Bren Mar-Edsall Park,Week5,Fox Hunt,Week5,362.0 Fox Hunt - 39.0 Bren Mar-Edsall Park
Brandywine,Week3,Bren Mar-Edsall Park,Week2,332.0 Brandywine - 66.0 Bren Mar-Edsall Park
Bren Mar-Edsall Park,Week1,Somerset-Olde Creek,Week2,230.0 Somerset-Olde Creek - 166.0 Bren Mar-Edsall Park
Brandywine,Week2,Bren Mar-Edsall Park,Week1,354.0 Brandywine - 46.0 Bren Mar-Edsall Park
Bren Mar-Edsall Park,Week1,Somerset-Olde Creek,Week3,239.0 Somerset-Olde Creek - 155.0 Bren Mar-Edsall Park
Bren Mar-Edsall Park,Week4,Newington Forest,Week2,265.0 Newington Forest - 132.0 Bren Mar-Edsall Park
Brandywine,Week4,Pinecrest,Week5,258.0 Pinecrest - 144.0 Brandywine
Brandywine,Week1,Bren Mar-Edsall Park,Week4,341.0 Brandywine - 61.0 Bren Mar-Edsall Park
Brandywine,Week2,Pinecrest,Week1,251.5 Pinecrest - 150.5 Brandywine
Bren Mar-Edsall Park,Week4,Cottontail,Week5,362.0 Cottontail - 40.0 Bren Mar-Edsall Park
Bren Mar-Edsall Park,Week3,Fox Mill Estates,Week1,306.0 Fox Mill Estates - 96.0 Bren Mar-Edsall Park
Bren Mar-Edsall Park,Week5,Newington Forest,Week4,301.5 Newington Forest - 94.5 Bren Mar-Edsall Park
Bren Mar-Edsall Park,Week3,Cottontail,Week5,370.0 Cottontail - 32.0 Bren Mar-Edsall Park
Brandywine,Week1,Donaldson Run,Week4,276.0 Donaldson Run - 126.0 Brandywine
Brandywine,Week3,Donaldson Run,Week5,278.0 Donaldson Run - 124.0 Brandywine
Bren Mar-Edsall Park,Week2,Somerset-Olde Creek,Week2,233.0 Somerset-Olde Creek - 156.0 Bren Mar-Edsall Park
Brandywine,Week2,Donaldson Run,Week3,267.0 Donaldson Run - 135.0 Brandywine
Bren Mar-Edsall Park,Week1,North Springfield,Week1,184.0 North Springfield - 155.0 Bren Mar-Edsall Park
Bren Mar-Edsall Park,Week1,Fox Mill Estates,Week4,355.0 Fox Mill Estates - 47.0 Bren Mar-Edsall Park
Brandywine,Week2,Pinecrest,Week2,278.0 Pinecrest - 124.0 Brandywine
Brandywine,Week3,Donaldson Run,Week2,245.0 Donaldson Run - 157.0 Brandywine
Bren Mar-Edsall Park,Week4,Kent Gardens,Week4,351.0 Kent Gardens - 51.0 Bren Mar-Edsall Park
Bren Mar-Edsall Park,Week4,Kings Ridge ,Week1,314.0 Kings Ridge - 88.0 Bren Mar-Edsall Park
Bren Mar-Edsall Park,Week5,Kent Gardens,Week1,363.0 Kent Gardens - 39.0 Bren Mar-Edsall Park
Bren Mar-Edsall Park,Week3,Somerset-Olde Creek,Week1,235.0 Somerset-Olde Creek - 162.0 Bren Mar-Edsall Park
Bren Mar-Edsall Park,Week5,Cottontail,Week3,332.0 Cottontail - 70.0 Bren Mar-Edsall Park
Bren Mar-Edsall Park,Week1,Fox Mill Estates,Week2,331.0 Fox Mill Estates - 70.0 Bren Mar-Edsall Park
Bren Mar-Edsall Park,Week4,Kent Gardens,Week1,362.0 Kent Gardens - 40.0 Bren Mar-Edsall Park
Brandywine,Week2,Pinecrest,Week5,272.0 Pinecrest - 130.0 Brandywine
Bren Mar-Edsall Park,Week1,Fox Mill Woods,Week5,372.0 Fox Mill Woods - 30.0 Bren Mar-Edsall Park
Bren Mar-Edsall Park,Week2,Somerset-Olde Creek,Week5,280.0 Somerset-Olde Creek - 111.0 Bren Mar-Edsall Park
Bren Mar-Edsall Park,Week2,Country Club Hills,Week3,353.0 Country Club Hills - 48.0 Bren Mar-Edsall Park
Brandywine,Week1,Pinewood Lake,Week3,359.0 Brandywine - 36.0 Pinewood Lake
Bren Mar-Edsall Park,Week1,North Springfield,Week4,237.0 North Springfield - 144.0 Bren Mar-Edsall Park
Bren Mar-Edsall Park,Week1,North Springfield,Week3,262.0 North Springfield - 125.0 Bren Mar-Edsall Park
Bren Mar-Edsall Park,Week3,Kings Ridge ,Week3,315.0 Kings Ridge - 87.0 Bren Mar-Edsall Park
Bren Mar-Edsall Park,Week2,Somerset-Olde Creek,Week3,255.0 Somerset-Olde Creek - 131.0 Bren Mar-Edsall Park
Bren Mar-Edsall Park,Week3,Somerset-Olde Creek,Week5,272.0 Somerset-Olde Creek - 125.0 Bren Mar-Edsall Park
Bren Mar-Edsall Park,Week2,Fox Mill Estates,Week1,315.0 Fox Mill Estates - 87.0 Bren Mar-Edsall Park
Brandywine,Week1,Donaldson Run,Week3,272.0 Donaldson Run - 130.0 Brandywine
Brandywine,Week4,Donaldson Run,Week4,264.0 Donaldson Run - 138.0 Brandywine
Bren Mar-Edsall Park,Week4,Kent Gardens,Week3,345.0 Kent Gardens - 56.0 Bren Mar-Edsall Park
Brandywine,Week2,Pinewood Lake,Week1,353.0 Brandywine - 43.0 Pinewood Lake
Bren Mar-Edsall Park,Week3,Somerset-Olde Creek,Week3,230.0 Somerset-Olde Creek - 167.0 Bren Mar-Edsall Park
Bren Mar-Edsall Park,Week3,Fox Mill Estates,Week5,328.0 Fox Mill Estates - 74.0 Bren Mar-Edsall Park
Brandywine,Week1,Pinecrest,Week4,271.0 Pinecrest - 131.0 Brandywine
Bren Mar-Edsall Park,Week5,North Springfield,Week5,218.0 North Springfield - 142.0 Bren Mar-Edsall Park
Brandywine,Week5,Donaldson Run,Week4,239.0 Donaldson Run - 163.0 Brandywine
Bren Mar-Edsall Park,Week1,Cottontail,Week2,358.0 Cottontail - 44.0 Bren Mar-Edsall Park
Bren Mar-Edsall Park,Week5,Kent Gardens,Week3,346.0 Kent Gardens - 56.0 Bren Mar-Edsall Park
Bren Mar-Edsall Park,Week4,Cottontail,Week2,347.0 Cottontail - 55.0 Bren Mar-Edsall Park
Bren Mar-Edsall Park,Week2,Fox Mill Woods,Week2,374.0 Fox Mill Woods - 28.0 Bren Mar-Edsall Park
Bren Mar-Edsall Park,Week1,North Springfield,Week5,232.0 North Springfield - 131.0 Bren Mar-Edsall Park
Bren Mar-Edsall Park,Week4,North Springfield,Week1,174.0 Bren Mar-Edsall Park - 167.0 North Springfield
Bren Mar-Edsall Park,Week2,North Springfield,Week1,196.0 North Springfield - 150.0 Bren Mar-Edsall Park
Bren Mar-Edsall Park,Week2,Fox Mill Estates,Week2,328.0 Fox Mill Estates - 70.0 Bren Mar-Edsall Park
Bren Mar-Edsall Park,Week3,North Springfield,Week3,236.0 North Springfield - 156.0 Bren Mar-Edsall Park
Bren Mar-Edsall Park,Week4,Cottontail,Week1,350.0 Cottontail - 52.0 Bren Mar-Edsall Park
Bren Mar-Edsall Park,Week2,Fox Mill Woods,Week1,374.0 Fox Mill Woods - 28.0 Bren Mar-Edsall Park
Bren Mar-Edsall Park,Week3,Somerset-Olde Creek,Week4,260.0 Somerset-Olde Creek - 140.0 Bren Mar-Edsall Park
Brandywine,Week4,Donaldson Run,Week3,257.0 Donaldson Run - 145.0 Brandywine
Brandywine,Week5,Parliament,Week5,220.0 Brandywine - 182.0 Parliament
Bren Mar-Edsall Park,Week3,Cottontail,Week1,359.0 Cottontail - 43.0 Bren Mar-Edsall Park
Bren Mar-Edsall Park,Week3,Somerset-Olde Creek,Week2,208.0 Somerset-Olde Creek - 192.0 Bren Mar-Edsall Park
Bren Mar-Edsall Park,Week1,Kings Ridge ,Week5,337.0 Kings Ridge - 65.0 Bren Mar-Edsall Park
Brandywine,Week4,Pinecrest,Week3,288.0 Pinecrest - 114.0 Brandywine
Bren Mar-Edsall Park,Week5,Kent Gardens,Week4,355.0 Kent Gardens - 47.0 Bren Mar-Edsall Park
Bren Mar-Edsall Park,Week1,Oakton ,Week3,375.0 Oakton - 27.0 Bren Mar-Edsall Park
Brandywine,Week1,Pinecrest,Week5,273.0 Pinecrest - 129.0 Brandywine
Bren Mar-Edsall Park,Week1,Kings Ridge ,Week3,335.0 Kings Ridge - 66.0 Bren Mar-Edsall Park
Bren Mar-Edsall Park,Week2,Fox Mill Estates,Week5,345.0 Fox Mill Estates - 57.0 Bren Mar-Edsall Park
Bren Mar-Edsall Park,Week2,North Springfield,Week3,263.0 North Springfield - 130.0 Bren Mar-Edsall Park
Bren Mar-Edsall Park,Week3,Cottontail,Week4,343.0 Cottontail - 54.0 Bren Mar-Edsall Park
Brandywine,Week1,Donaldson Run,Week5,292.0 Donaldson Run - 110.0 Brandywine
Bren Mar-Edsall Park,Week4,Somerset-Olde Creek,Week2,198.0 Bren Mar-Edsall Park - 193.0 Somerset-Olde Creek
Bren Mar-Edsall Park,Week5,Cottontail,Week1,346.0 Cottontail - 56.0 Bren Mar-Edsall Park
Bren Mar-Edsall Park,Week5,North Springfield,Week4,206.0 North Springfield - 179.0 Bren Mar-Edsall Park
Bren Mar-Edsall Park,Week4,Somerset-Olde Creek,Week5,249.0 Somerset-Olde Creek - 142.0 Bren Mar-Edsall Park
Brandywine,Week2,Pinecrest,Week4,285.0 Pinecrest - 117.0 Brandywine
Bren Mar-Edsall Park,Week1,Fox Mill Estates,Week5,349.0 Fox Mill Estates - 53.0 Bren Mar-Edsall Park
Brandywine,Week1,Pinecrest,Week2,269.0 Pinecrest - 133.0 Brandywine
Brandywine,Week2,Donaldson Run,Week1,267.0 Donaldson Run - 135.0 Brandywine
Bren Mar-Edsall Park,Week1,Oakton ,Week1,380.0 Oakton - 22.0 Bren Mar-Edsall Park
Bren Mar-Edsall Park,Week5,Somerset-Olde Creek,Week4,257.0 Somerset-Olde Creek - 144.0 Bren Mar-Edsall Park
Bren Mar-Edsall Park,Week3,Fox Mill Estates,Week4,347.0 Fox Mill Estates - 55.0 Bren Mar-Edsall Park
Bren Mar-Edsall Park,Week1,Fox Mill Estates,Week3,340.0 Fox Mill Estates - 61.0 Bren Mar-Edsall Park
Bren Mar-Edsall Park,Week4,Kings Ridge ,Week3,317.0 Kings Ridge - 83.0 Bren Mar-Edsall Park
Bren Mar-Edsall Park,Week4,Somerset-Olde Creek,Week1,223.0 Somerset-Olde Creek - 163.0 Bren Mar-Edsall Park
Bren Mar-Edsall Park,Week3,Kings Ridge ,Week1,316.0 Kings Ridge - 86.0 Bren Mar-Edsall Park
Brandywine,Week1,Donaldson Run,Week1,271.0 Donaldson Run - 131.0 Brandywine
Bren Mar-Edsall Park,Week1,Country Club Hills,Week1,352.0 Country Club Hills - 50.0 Bren Mar-Edsall Park
Bren Mar-Edsall Park,Week4,Kings Ridge ,Week2,298.0 Kings Ridge - 99.0 Bren Mar-Edsall Park
Brandywine,Week3,Pinecrest,Week1,232.0 Pinecrest - 170.0 Brandywine
Brandywine,Week3,Pinecrest,Week2,262.0 Pinecrest - 140.0 Brandywine
Bren Mar-Edsall Park,Week2,Cottontail,Week1,366.0 Cottontail - 36.0 Bren Mar-Edsall Park
Brandywine,Week5,Pinecrest,Week1,229.0 Pinecrest - 173.0 Brandywine
Bren Mar-Edsall Park,Week5,Fox Mill Estates,Week1,290.0 Fox Mill Estates - 107.0 Bren Mar-Edsall Park
Bren Mar-Edsall Park,Week1,Kings Ridge ,Week1,332.0 Kings Ridge - 70.0 Bren Mar-Edsall Park
Bren Mar-Edsall Park,Week5,Somerset-Olde Creek,Week3,228.0 Somerset-Olde Creek - 157.0 Bren Mar-Edsall Park
Bren Mar-Edsall Park,Week4,North Springfield,Week5,212.0 North Springfield - 152.0 Bren Mar-Edsall Park
Bren Mar-Edsall Park,Week5,Cottontail,Week5,358.0 Cottontail - 44.0 Bren Mar-Edsall Park
Bren Mar-Edsall Park,Week3,Kings Ridge ,Week4,322.0 Kings Ridge - 80.0 Bren Mar-Edsall Park
Bren Mar-Edsall Park,Week5,Somerset-Olde Creek,Week1,231.0 Somerset-Olde Creek - 151.0 Bren Mar-Edsall Park
Bren Mar-Edsall Park,Week1,Cottontail,Week3,344.0 Cottontail - 58.0 Bren Mar-Edsall Park
Brandywine,Week3,Donaldson Run,Week4,251.0 Donaldson Run - 151.0 Brandywine
Brandywine,Week2,Donaldson Run,Week4,259.0 Donaldson Run - 143.0 Brandywine
Bren Mar-Edsall Park,Week4,Fox Mill Estates,Week1,304.0 Fox Mill Estates - 98.0 Bren Mar-Edsall Park
Brandywine,Week3,Donaldson Run,Week3,245.0 Donaldson Run - 157.0 Brandywine
Bren Mar-Edsall Park,Week3,Fox Mill Estates,Week3,325.0 Fox Mill Estates - 77.0 Bren Mar-Edsall Park
Brandywine,Week5,Donaldson Run,Week3,232.0 Donaldson Run - 170.0 Brandywine
Bren Mar-Edsall Park,Week1,South Run,Week1,327.0 South Run - 64.0 Bren Mar-Edsall Park
Bren Mar-Edsall Park,Week2,Cottontail,Week4,352.0 Cottontail - 50.0 Bren Mar-Edsall Park
Bren Mar-Edsall Park,Week2,Cottontail,Week3,349.0 Cottontail - 53.0 Bren Mar-Edsall Park
Bren Mar-Edsall Park,Week4,Fox Mill Estates,Week3,318.0 Fox Mill Estates - 83.0 Bren Mar-Edsall Park
Bren Mar-Edsall Park,Week2,Cottontail,Week2,361.0 Cottontail - 41.0 Bren Mar-Edsall Park
Bren Mar-Edsall Park,Week2,Cottontail,Week5,372.0 Cottontail - 30.0 Bren Mar-Edsall Park
Bren Mar-Edsall Park,Week1,Oakton ,Week4,384.0 Oakton - 18.0 Bren Mar-Edsall Park
Brandywine,Week4,Donaldson Run,Week2,248.0 Donaldson Run - 154.0 Brandywine
Bren Mar-Edsall Park,Week3,Lake Braddock,Week4,308.0 Lake Braddock - 93.0 Bren Mar-Edsall Park
Bren Mar-Edsall Park,Week4,Lake Braddock,Week3,299.0 Lake Braddock - 99.0 Bren Mar-Edsall Park
Bren Mar-Edsall Park,Week3,Lake Braddock,Week1,284.0 Lake Braddock - 118.0 Bren Mar-Edsall Park
Bren Mar-Edsall Park,Week2,Oakton ,Week1,381.0 Oakton - 16.0 Bren Mar-Edsall Park
Bren Mar-Edsall Park,Week1,South Run,Week2,311.0 South Run - 85.0 Bren Mar-Edsall Park
Brandywine,Week3,Pinecrest,Week3,274.0 Pinecrest - 128.0 Brandywine
Brandywine,Week5,Donaldson Run,Week2,229.0 Donaldson Run - 173.0 Brandywine
Brandywine,Week5,Pinecrest,Week5,233.0 Pinecrest - 169.0 Brandywine
Bren Mar-Edsall Park,Week5,Somerset-Olde Creek,Week5,267.0 Somerset-Olde Creek - 131.0 Bren Mar-Edsall Park
Bren Mar-Edsall Park,Week1,Oakton ,Week2,380.0 Oakton - 22.0 Bren Mar-Edsall Park
Bren Mar-Edsall Park,Week4,Fox Mill Estates,Week4,333.0 Fox Mill Estates - 68.0 Bren Mar-Edsall Park
Bren Mar-Edsall Park,Week4,Kings Ridge ,Week5,312.0 Kings Ridge - 90.0 Bren Mar-Edsall Park
Bren Mar-Edsall Park,Week2,South Run,Week1,321.0 South Run - 70.0 Bren Mar-Edsall Park
Brandywine,Week4,Pinecrest,Week2,272.0 Pinecrest - 130.0 Brandywine
Brandywine,Week4,Pinecrest,Week1,235.0 Pinecrest - 167.0 Brandywine
Brandywine,Week1,Dowden Terrace,Week1,210.5 Dowden Terrace - 191.5 Brandywine
Bren Mar-Edsall Park,Week2,Fox Mill Estates,Week3,334.0 Fox Mill Estates - 66.0 Bren Mar-Edsall Park
Bren Mar-Edsall Park,Week1,Oakton ,Week5,386.0 Oakton - 16.0 Bren Mar-Edsall Park
Bren Mar-Edsall Park,Week2,Oakton ,Week2,383.0 Oakton - 19.0 Bren Mar-Edsall Park
Bren Mar-Edsall Park,Week5,Lake Braddock,Week1,291.0 Lake Braddock - 110.0 Bren Mar-Edsall Park
Brandywine,Week5,Pinecrest,Week2,249.0 Pinecrest - 153.0 Brandywine
Bren Mar-Edsall Park,Week5,Fox Mill Estates,Week2,294.0 Fox Mill Estates - 107.0 Bren Mar-Edsall Park
Brandywine,Week5,Pinecrest,Week3,251.5 Pinecrest - 150.5 Brandywine
Bren Mar-Edsall Park,Week4,Lake Braddock,Week1,272.0 Lake Braddock - 129.0 Bren Mar-Edsall Park
Bren Mar-Edsall Park,Week2,South Run,Week5,339.0 South Run - 63.0 Bren Mar-Edsall Park
Bren Mar-Edsall Park,Week2,Fox Mill Estates,Week4,353.0 Fox Mill Estates - 49.0 Bren Mar-Edsall Park
Bren Mar-Edsall Park,Week1,Country Club Hills,Week2,362.0 Country Club Hills - 40.0 Bren Mar-Edsall Park
Bren Mar-Edsall Park,Week1,South Run,Week3,343.0 South Run - 57.0 Bren Mar-Edsall Park
Bren Mar-Edsall Park,Week2,South Run,Week4,320.0 South Run - 76.0 Bren Mar-Edsall Park
Brandywine,Week2,Dowden Terrace,Week1,204.0 Brandywine - 198.0 Dowden Terrace
Bren Mar-Edsall Park,Week3,Cottontail,Week3,347.0 Cottontail - 55.0 Bren Mar-Edsall Park
Bren Mar-Edsall Park,Week1,Lake Braddock,Week5,326.0 Lake Braddock - 74.0 Bren Mar-Edsall Park
Bren Mar-Edsall Park,Week3,North Springfield,Week4,211.0 North Springfield - 176.0 Bren Mar-Edsall Park
Bren Mar-Edsall Park,Week3,Fox Mill Estates,Week2,308.5 Fox Mill Estates - 92.5 Bren Mar-Edsall Park
Bren Mar-Edsall Park,Week2,North Springfield,Week5,252.0 North Springfield - 120.0 Bren Mar-Edsall Park
Bren Mar-Edsall Park,Week1,Country Club Hills,Week5,363.5 Country Club Hills - 38.5 Bren Mar-Edsall Park
Brandywine,Week2,Dowden Terrace,Week2,217.0 Dowden Terrace - 185.0 Brandywine
Bren Mar-Edsall Park,Week5,Lake Braddock,Week3,299.0 Lake Braddock - 101.0 Bren Mar-Edsall Park
Brandywine,Week4,Pinecrest,Week4,283.5 Pinecrest - 118.5 Brandywine
Brandywine,Week1,Pinecrest,Week1,266.0 Pinecrest - 136.0 Brandywine
Bren Mar-Edsall Park,Week2,Oakton ,Week3,380.0 Oakton - 22.0 Bren Mar-Edsall Park
Bren Mar-Edsall Park,Week2,South Run,Week3,347.0 South Run - 53.0 Bren Mar-Edsall Park
Bren Mar-Edsall Park,Week4,Fox Mill Estates,Week2,304.0 Fox Mill Estates - 94.0 Bren Mar-Edsall Park
Bren Mar-Edsall Park,Week2,Country Club Hills,Week1,355.0 Country Club Hills - 47.0 Bren Mar-Edsall Park
Brandywine,Week1,Dowden Terrace,Week5,244.0 Dowden Terrace - 158.0 Brandywine
Bren Mar-Edsall Park,Week1,Country Club Hills,Week4,355.0 Country Club Hills - 47.0 Bren Mar-Edsall Park
Bren Mar-Edsall Park,Week4,North Springfield,Week2,222.0 North Springfield - 162.0 Bren Mar-Edsall Park
Brandywine,Week3,Pinecrest,Week5,243.0 Pinecrest - 153.0 Brandywine
Brandywine,Week1,Dowden Terrace,Week3,205.0 Brandywine - 197.0 Dowden Terrace
Bren Mar-Edsall Park,Week1,South Run,Week4,321.0 South Run - 74.0 Bren Mar-Edsall Park
Brandywine,Week2,Pinecrest,Week3,291.0 Pinecrest - 111.0 Brandywine
Bren Mar-Edsall Park,Week3,North Springfield,Week5,224.0 North Springfield - 148.0 Bren Mar-Edsall Park
Bren Mar-Edsall Park,Week2,Lake Braddock,Week2,319.0 Lake Braddock - 79.0 Bren Mar-Edsall Park
Brandywine,Week5,Pinecrest,Week4,253.0 Pinecrest - 149.0 Brandywine
Bren Mar-Edsall Park,Week5,Fox Mill Estates,Week3,309.0 Fox Mill Estates - 93.0 Bren Mar-Edsall Park
Bren Mar-Edsall Park,Week4,North Springfield,Week3,232.0 North Springfield - 157.0 Bren Mar-Edsall Park
Brandywine,Week2,Dowden Terrace,Week3,218.0 Brandywine - 184.0 Dowden Terrace
Brandywine,Week1,Pinecrest,Week3,284.5 Pinecrest - 117.5 Brandywine
Bren Mar-Edsall Park,Week2,Lake Braddock,Week4,321.0 Lake Braddock - 77.0 Bren Mar-Edsall Park
Bren Mar-Edsall Park,Week1,South Run,Week5,346.0 South Run - 56.0 Bren Mar-Edsall Park
Bren Mar-Edsall Park,Week3,North Springfield,Week2,235.0 North Springfield - 151.0 Bren Mar-Edsall Park
Bren Mar-Edsall Park,Week2,Country Club Hills,Week2,359.0 Country Club Hills - 43.0 Bren Mar-Edsall Park
Bren Mar-Edsall Park,Week5,Fox Mill Estates,Week4,338.0 Fox Mill Estates - 64.0 Bren Mar-Edsall Park
Brandywine,Week2,Dowden Terrace,Week4,211.0 Dowden Terrace - 191.0 Brandywine
Bren Mar-Edsall Park,Week2,North Springfield,Week4,244.0 North Springfield - 140.0 Bren Mar-Edsall Park
Brandywine,Week3,Pinecrest,Week4,264.0 Pinecrest - 138.0 Brandywine
Bren Mar-Edsall Park,Week4,North Springfield,Week4,205.0 North Springfield - 177.0 Bren Mar-Edsall Park
Bren Mar-Edsall Park,Week3,North Springfield,Week1,179.0 North Springfield - 168.0 Bren Mar-Edsall Park
Bren Mar-Edsall Park,Week2,South Run,Week2,314.0 South Run - 85.0 Bren Mar-Edsall Park
Bren Mar-Edsall Park,Week4,Country Club Hills,Week5,348.0 Country Club Hills - 54.0 Bren Mar-Edsall Park
Brandywine,Week3,Dowden Terrace,Week2,211.0 Brandywine - 186.0 Dowden Terrace
Bren Mar-Edsall Park,Week1,Fox Mill Woods,Week1,373.0 Fox Mill Woods - 29.0 Bren Mar-Edsall Park
Bren Mar-Edsall Park,Week1,Lake Braddock,Week4,325.0 Lake Braddock - 76.0 Bren Mar-Edsall Park
Brandywine,Week1,Pinewood Lake,Week2,356.0 Brandywine - 39.0 Pinewood Lake
Bren Mar-Edsall Park,Week3,South Run,Week1,321.0 South Run - 72.0 Bren Mar-Edsall Park
Bren Mar-Edsall Park,Week1,Fox Mill Woods,Week3,372.0 Fox Mill Woods - 30.0 Bren Mar-Edsall Park
Brandywine,Week3,Dowden Terrace,Week3,223.0 Brandywine - 179.0 Dowden Terrace
Bren Mar-Edsall Park,Week2,Country Club Hills,Week4,355.0 Country Club Hills - 47.0 Bren Mar-Edsall Park
Bren Mar-Edsall Park,Week3,Crosspointe,Week5,380.0 Crosspointe - 22.0 Bren Mar-Edsall Park
Brandywine,Week3,Dowden Terrace,Week1,208.0 Brandywine - 189.0 Dowden Terrace
Bren Mar-Edsall Park,Week1,Fox Mill Woods,Week4,377.0 Fox Mill Woods - 25.0 Bren Mar-Edsall Park
Brandywine,Week2,Dowden Terrace,Week5,231.5 Dowden Terrace - 170.5 Brandywine
Bren Mar-Edsall Park,Week1,Crosspointe,Week2,380.0 Crosspointe - 22.0 Bren Mar-Edsall Park
Bren Mar-Edsall Park,Week1,Fox Mill Woods,Week2,374.0 Fox Mill Woods - 28.0 Bren Mar-Edsall Park
Bren Mar-Edsall Park,Week3,Country Club Hills,Week1,351.0 Country Club Hills - 51.0 Bren Mar-Edsall Park
Bren Mar-Edsall Park,Week3,South Run,Week2,311.0 South Run - 89.0 Bren Mar-Edsall Park
Bren Mar-Edsall Park,Week2,Lakevale Estates,Week5,374.0 Lakevale Estates - 28.0 Bren Mar-Edsall Park
Bren Mar-Edsall Park,Week2,Lakevale Estates,Week1,377.0 Lakevale Estates - 25.0 Bren Mar-Edsall Park
Bren Mar-Edsall Park,Week5,Lake Braddock,Week4,300.0 Lake Braddock - 101.0 Bren Mar-Edsall Park
Brandywine,Week1,Pinewood Lake,Week1,352.0 Brandywine - 43.0 Pinewood Lake
Bren Mar-Edsall Park,Week2,Fox Mill Woods,Week4,377.0 Fox Mill Woods - 25.0 Bren Mar-Edsall Park
Bren Mar-Edsall Park,Week4,Fox Mill Woods,Week3,368.0 Fox Mill Woods - 34.0 Bren Mar-Edsall Park
Bren Mar-Edsall Park,Week3,Lake Braddock,Week2,303.0 Lake Braddock - 98.0 Bren Mar-Edsall Park
Bren Mar-Edsall Park,Week2,Lakevale Estates,Week2,376.5 Lakevale Estates - 25.5 Bren Mar-Edsall Park
Bren Mar-Edsall Park,Week5,North Springfield,Week3,227.0 North Springfield - 163.0 Bren Mar-Edsall Park
Bren Mar-Edsall Park,Week3,Lake Braddock,Week5,311.0 Lake Braddock - 90.0 Bren Mar-Edsall Park
Brandywine,Week3,Dowden Terrace,Week4,208.0 Dowden Terrace - 194.0 Brandywine
Brandywine,Week3,Dowden Terrace,Week5,237.0 Dowden Terrace - 165.0 Brandywine
Bren Mar-Edsall Park,Week5,North Springfield,Week1,173.0 Bren Mar-Edsall Park - 168.0 North Springfield
Bren Mar-Edsall Park,Week3,Country Club Hills,Week4,352.0 Country Club Hills - 50.0 Bren Mar-Edsall Park
Bren Mar-Edsall Park,Week2,Oakton ,Week4,381.0 Oakton - 21.0 Bren Mar-Edsall Park
Bren Mar-Edsall Park,Week5,Kings Ridge ,Week4,313.0 Kings Ridge - 89.0 Bren Mar-Edsall Park
Bren Mar-Edsall Park,Week2,Lake Braddock,Week5,329.0 Lake Braddock - 69.0 Bren Mar-Edsall Park
Bren Mar-Edsall Park,Week4,Country Club Hills,Week4,336.0 Country Club Hills - 66.0 Bren Mar-Edsall Park
Bren Mar-Edsall Park,Week5,Oakton ,Week4,376.0 Oakton - 26.0 Bren Mar-Edsall Park
Bren Mar-Edsall Park,Week3,Country Club Hills,Week2,356.0 Country Club Hills - 46.0 Bren Mar-Edsall Park
Bren Mar-Edsall Park,Week3,Fox Mill Woods,Week5,368.0 Fox Mill Woods - 34.0 Bren Mar-Edsall Park
Bren Mar-Edsall Park,Week2,Fox Mill Woods,Week3,372.0 Fox Mill Woods - 30.0 Bren Mar-Edsall Park
Bren Mar-Edsall Park,Week1,Crosspointe,Week1,385.0 Crosspointe - 17.0 Bren Mar-Edsall Park
Brandywine,Week4,Dowden Terrace,Week1,215.0 Brandywine - 187.0 Dowden Terrace
Bren Mar-Edsall Park,Week2,Fox Mill Woods,Week5,372.0 Fox Mill Woods - 29.0 Bren Mar-Edsall Park
Brandywine,Week5,Pinewood Lake,Week5,365.0 Brandywine - 37.0 Pinewood Lake
Brandywine,Week1,Pinewood Lake,Week5,337.0 Brandywine - 63.0 Pinewood Lake
Bren Mar-Edsall Park,Week3,Country Club Hills,Week3,347.0 Country Club Hills - 55.0 Bren Mar-Edsall Park
Brandywine,Week2,Pinewood Lake,Week2,355.0 Brandywine - 42.0 Pinewood Lake
Brandywine,Week3,Pinewood Lake,Week5,331.0 Brandywine - 54.0 Pinewood Lake
Bren Mar-Edsall Park,Week5,North Springfield,Week2,227.0 North Springfield - 155.0 Bren Mar-Edsall Park
Bren Mar-Edsall Park,Week3,Lakevale Estates,Week1,369.0 Lakevale Estates - 28.0 Bren Mar-Edsall Park
Brandywine,Week1,Pinewood Lake,Week4,352.5 Brandywine - 41.5 Pinewood Lake
Bren Mar-Edsall Park,Week5,Fox Mill Woods,Week1,366.0 Fox Mill Woods - 36.0 Bren Mar-Edsall Park
Bren Mar-Edsall Park,Week5,Kings Ridge ,Week5,308.0 Kings Ridge - 94.0 Bren Mar-Edsall Park
Brandywine,Week3,Pleasant Valley,Week1,306.0 Brandywine - 96.0 Pleasant Valley
Bren Mar-Edsall Park,Week4,Great Falls,Week3,341.0 Great Falls - 56.0 Bren Mar-Edsall Park
Brandywine,Week4,Pinewood Lake,Week3,369.0 Brandywine - 31.0 Pinewood Lake
Brandywine,Week4,Sleepy Hollow Rec,Week1,258.5 Brandywine - 143.5 Sleepy Hollow Rec
Brandywine,Week1,Pleasant Valley,Week4,298.0 Brandywine - 104.0 Pleasant Valley
Bren Mar-Edsall Park,Week2,Crosspointe,Week3,373.0 Crosspointe - 29.0 Bren Mar-Edsall Park
Bren Mar-Edsall Park,Week4,Great Falls,Week1,303.0 Great Falls - 89.0 Bren Mar-Edsall Park
Bren Mar-Edsall Park,Week1,Crosspointe,Week4,383.0 Crosspointe - 19.0 Bren Mar-Edsall Park
Brandywine,Week3,Sleepy Hollow Rec,Week3,224.0 Brandywine - 178.0 Sleepy Hollow Rec
Bren Mar-Edsall Park,Week2,Great Falls,Week3,354.0 Great Falls - 42.0 Bren Mar-Edsall Park
Bren Mar-Edsall Park,Week1,Lake Braddock,Week2,314.0 Lake Braddock - 86.0 Bren Mar-Edsall Park
Bren Mar-Edsall Park,Week1,Lake Braddock,Week1,299.0 Lake Braddock - 102.0 Bren Mar-Edsall Park
Bren Mar-Edsall Park,Week1,Lake Braddock,Week3,329.0 Lake Braddock - 71.0 Bren Mar-Edsall Park
Brandywine,Week4,Sleepy Hollow B & R,Week5,243.0 Sleepy Hollow B & R - 159.0 Brandywine
Brandywine,Week4,Pinewood Lake,Week5,360.0 Brandywine - 40.0 Pinewood Lake
Bren Mar-Edsall Park,Week3,Oakton ,Week3,378.0 Oakton - 19.0 Bren Mar-Edsall Park
Bren Mar-Edsall Park,Week5,Country Club Hills,Week4,334.0 Country Club Hills - 63.0 Bren Mar-Edsall Park
Bren Mar-Edsall Park,Week3,Great Falls,Week2,327.0 Great Falls - 56.0 Bren Mar-Edsall Park
Bren Mar-Edsall Park,Week4,Oakton ,Week1,383.0 Oakton - 14.0 Bren Mar-Edsall Park
Brandywine,Week2,Pleasant Valley,Week2,297.0 Brandywine - 105.0 Pleasant Valley
Bren Mar-Edsall Park,Week3,Old Keene Mill,Week1,299.0 Old Keene Mill - 103.0 Bren Mar-Edsall Park
Bren Mar-Edsall Park,Week2,Oakton ,Week5,388.0 Oakton - 14.0 Bren Mar-Edsall Park
Bren Mar-Edsall Park,Week5,Kings Ridge ,Week3,315.0 Kings Ridge - 87.0 Bren Mar-Edsall Park
Brandywine,Week2,Sleepy Hollow Rec,Week5,225.0 Brandywine - 177.0 Sleepy Hollow Rec
Bren Mar-Edsall Park,Week4,Country Club Hills,Week2,347.0 Country Club Hills - 55.0 Bren Mar-Edsall Park
Bren Mar-Edsall Park,Week3,Oakton ,Week2,382.0 Oakton - 20.0 Bren Mar-Edsall Park
Bren Mar-Edsall Park,Week4,Country Club Hills,Week3,330.0 Country Club Hills - 71.0 Bren Mar-Edsall Park
Bren Mar-Edsall Park,Week4,Fox Mill Woods,Week1,368.0 Fox Mill Woods - 34.0 Bren Mar-Edsall Park
Brandywine,Week3,Pinewood Lake,Week2,345.0 Brandywine - 40.0 Pinewood Lake
Bren Mar-Edsall Park,Week5,Oakton ,Week5,384.0 Oakton - 18.0 Bren Mar-Edsall Park
Brandywine,Week4,Pinewood Lake,Week4,372.0 Brandywine - 28.0 Pinewood Lake
Bren Mar-Edsall Park,Week1,Crosspointe,Week5,386.0 Crosspointe - 16.0 Bren Mar-Edsall Park
Bren Mar-Edsall Park,Week3,Fox Mill Woods,Week2,373.0 Fox Mill Woods - 29.0 Bren Mar-Edsall Park
Brandywine,Week3,Pinewood Lake,Week1,341.0 Brandywine - 35.0 Pinewood Lake
Bren Mar-Edsall Park,Week5,Oakton ,Week1,375.5 Oakton - 21.5 Bren Mar-Edsall Park
Bren Mar-Edsall Park,Week1,Old Keene Mill,Week2,324.0 Old Keene Mill - 77.0 Bren Mar-Edsall Park
Bren Mar-Edsall Park,Week4,Fox Mill Woods,Week4,376.0 Fox Mill Woods - 26.0 Bren Mar-Edsall Park
Brandywine,Week5,Pinewood Lake,Week2,370.0 Brandywine - 32.0 Pinewood Lake
Brandywine,Week1,Sleepy Hollow Rec,Week1,245.0 Brandywine - 157.0 Sleepy Hollow Rec
Bren Mar-Edsall Park,Week3,Lake Braddock,Week3,307.0 Lake Braddock - 94.0 Bren Mar-Edsall Park
Bren Mar-Edsall Park,Week3,Fox Mill Woods,Week3,367.0 Fox Mill Woods - 35.0 Bren Mar-Edsall Park
Bren Mar-Edsall Park,Week2,Crosspointe,Week1,385.0 Crosspointe - 17.0 Bren Mar-Edsall Park
Bren Mar-Edsall Park,Week5,Lake Braddock,Week2,304.0 Lake Braddock - 97.0 Bren Mar-Edsall Park
Brandywine,Week3,Pinewood Lake,Week3,352.0 Brandywine - 33.0 Pinewood Lake
Bren Mar-Edsall Park,Week4,Lake Braddock,Week2,293.0 Lake Braddock - 104.0 Bren Mar-Edsall Park
Bren Mar-Edsall Park,Week1,Old Keene Mill,Week4,318.0 Old Keene Mill - 83.0 Bren Mar-Edsall Park
Brandywine,Week5,Sleepy Hollow Rec,Week4,278.0 Brandywine - 124.0 Sleepy Hollow Rec
Brandywine,Week5,Sleepy Hollow Rec,Week1,276.0 Brandywine - 126.0 Sleepy Hollow Rec
Brandywine,Week1,Sleepy Hollow Rec,Week5,231.0 Brandywine - 171.0 Sleepy Hollow Rec
Brandywine,Week1,Pleasant Valley,Week2,283.0 Brandywine - 119.0 Pleasant Valley
Bren Mar-Edsall Park,Week4,Lake Braddock,Week4,303.0 Lake Braddock - 95.0 Bren Mar-Edsall Park
Bren Mar-Edsall Park,Week3,Great Falls,Week5,317.0 Great Falls - 83.0 Bren Mar-Edsall Park
Bren Mar-Edsall Park,Week4,Lake Braddock,Week5,317.0 Lake Braddock - 80.0 Bren Mar-Edsall Park
Bren Mar-Edsall Park,Week3,Great Falls,Week1,313.0 Great Falls - 84.0 Bren Mar-Edsall Park
Bren Mar-Edsall Park,Week5,Fox Mill Woods,Week2,373.0 Fox Mill Woods - 29.0 Bren Mar-Edsall Park
Brandywine,Week3,Sleepy Hollow Rec,Week1,251.0 Brandywine - 151.0 Sleepy Hollow Rec
Bren Mar-Edsall Park,Week4,Oakton ,Week4,380.0 Oakton - 22.0 Bren Mar-Edsall Park
Bren Mar-Edsall Park,Week5,Old Keene Mill,Week2,304.0 Old Keene Mill - 98.0 Bren Mar-Edsall Park
Bren Mar-Edsall Park,Week2,Lake Braddock,Week3,321.0 Lake Braddock - 77.0 Bren Mar-Edsall Park
Brandywine,Week4,Sleepy Hollow B & R,Week3,212.0 Sleepy Hollow B & R - 190.0 Brandywine
Brandywine,Week1,Somerset-Olde Creek,Week1,301.0 Brandywine - 101.0 Somerset-Olde Creek
Bren Mar-Edsall Park,Week5,Country Club Hills,Week5,345.0 Country Club Hills - 57.0 Bren Mar-Edsall Park
Brandywine,Week4,Pinewood Lake,Week1,362.0 Brandywine - 39.0 Pinewood Lake
Bren Mar-Edsall Park,Week5,Country Club Hills,Week2,338.0 Country Club Hills - 64.0 Bren Mar-Edsall Park
Bren Mar-Edsall Park,Week5,Country Club Hills,Week1,329.0 Country Club Hills - 73.0 Bren Mar-Edsall Park
Bren Mar-Edsall Park,Week2,Crosspointe,Week2,381.0 Crosspointe - 21.0 Bren Mar-Edsall Park
Bren Mar-Edsall Park,Week1,Crosspointe,Week3,375.0 Crosspointe - 27.0 Bren Mar-Edsall Park
Bren Mar-Edsall Park,Week2,Lake Braddock,Week1,304.0 Lake Braddock - 96.0 Bren Mar-Edsall Park
Bren Mar-Edsall Park,Week3,Oakton ,Week5,386.0 Oakton - 16.0 Bren Mar-Edsall Park
Bren Mar-Edsall Park,Week5,Oakton ,Week3,370.0 Oakton - 27.0 Bren Mar-Edsall Park
Bren Mar-Edsall Park,Week4,Country Club Hills,Week1,340.0 Country Club Hills - 62.0 Bren Mar-Edsall Park
Brandywine,Week4,Pinewood Lake,Week2,363.0 Brandywine - 37.0 Pinewood Lake
Bren Mar-Edsall Park,Week1,Lakevale Estates,Week2,381.0 Lakevale Estates - 21.0 Bren Mar-Edsall Park
Bren Mar-Edsall Park,Week1,Lakevale Estates,Week1,374.0 Lakevale Estates - 28.0 Bren Mar-Edsall Park
Brandywine,Week2,Pleasant Valley,Week3,286.0 Brandywine - 116.0 Pleasant Valley
Bren Mar-Edsall Park,Week3,Great Falls,Week3,339.0 Great Falls - 63.0 Bren Mar-Edsall Park
Bren Mar-Edsall Park,Week4,Oakton ,Week3,376.0 Oakton - 26.0 Bren Mar-Edsall Park
Brandywine,Week1,Somerset-Olde Creek,Week4,296.0 Brandywine - 106.0 Somerset-Olde Creek
Bren Mar-Edsall Park,Week2,Crosspointe,Week5,388.0 Crosspointe - 14.0 Bren Mar-Edsall Park
Brandywine,Week5,Pinewood Lake,Week1,372.0 Brandywine - 29.0 Pinewood Lake
Bren Mar-Edsall Park,Week4,Fox Mill Woods,Week5,369.0 Fox Mill Woods - 33.0 Bren Mar-Edsall Park
Brandywine,Week2,Sleepy Hollow Rec,Week1,227.0 Brandywine - 175.0 Sleepy Hollow Rec
Brandywine,Week1,Sleepy Hollow Rec,Week4,239.0 Brandywine - 163.0 Sleepy Hollow Rec
Bren Mar-Edsall Park,Week3,Oakton ,Week4,383.0 Oakton - 19.0 Bren Mar-Edsall Park
Bren Mar-Edsall Park,Week3,Fox Mill Woods,Week1,366.0 Fox Mill Woods - 36.0 Bren Mar-Edsall Park
Bren Mar-Edsall Park,Week2,Crosspointe,Week4,382.0 Crosspointe - 19.0 Bren Mar-Edsall Park
Bren Mar-Edsall Park,Week3,Country Club Hills,Week5,361.0 Country Club Hills - 41.0 Bren Mar-Edsall Park
Brandywine,Week5,Sleepy Hollow B & R,Week5,217.0 Sleepy Hollow B & R - 185.0 Brandywine
Bren Mar-Edsall Park,Week2,Great Falls,Week5,332.0 Great Falls - 59.0 Bren Mar-Edsall Park
Bren Mar-Edsall Park,Week5,Lake Braddock,Week5,305.0 Lake Braddock - 96.0 Bren Mar-Edsall Park
Bren Mar-Edsall Park,Week1,Lakevale Estates,Week3,370.0 Lakevale Estates - 32.0 Bren Mar-Edsall Park
Bren Mar-Edsall Park,Week5,Fox Mill Woods,Week3,365.0 Fox Mill Woods - 37.0 Bren Mar-Edsall Park
Brandywine,Week2,Pleasant Valley,Week4,306.0 Brandywine - 96.0 Pleasant Valley
Bren Mar-Edsall Park,Week4,Oakton ,Week5,384.0 Oakton - 18.0 Bren Mar-Edsall Park
Bren Mar-Edsall Park,Week4,Oakton ,Week2,381.0 Oakton - 21.0 Bren Mar-Edsall Park
Bren Mar-Edsall Park,Week3,Crosspointe,Week1,379.0 Crosspointe - 23.0 Bren Mar-Edsall Park
Brandywine,Week2,Pinewood Lake,Week5,340.0 Brandywine - 58.0 Pinewood Lake
Brandywine,Week5,Sleepy Hollow B & R,Week1,230.0 Brandywine - 172.0 Sleepy Hollow B & R
Bren Mar-Edsall Park,Week1,Great Falls,Week2,331.0 Great Falls - 52.0 Bren Mar-Edsall Park
Bren Mar-Edsall Park,Week1,Great Falls,Week3,342.0 Great Falls - 59.0 Bren Mar-Edsall Park
Brandywine,Week5,Pinewood Lake,Week3,377.0 Brandywine - 25.0 Pinewood Lake
Bren Mar-Edsall Park,Week1,Lakevale Estates,Week5,372.0 Lakevale Estates - 30.0 Bren Mar-Edsall Park
Bren Mar-Edsall Park,Week3,Oakton ,Week1,382.0 Oakton - 20.0 Bren Mar-Edsall Park
Bren Mar-Edsall Park,Week3,Fox Mill Woods,Week4,378.0 Fox Mill Woods - 24.0 Bren Mar-Edsall Park
Brandywine,Week4,Sleepy Hollow B & R,Week2,209.0 Sleepy Hollow B & R - 193.0 Brandywine
Brandywine,Week2,Pleasant Valley,Week1,300.0 Brandywine - 102.0 Pleasant Valley
Brandywine,Week1,Pleasant Valley,Week1,283.0 Brandywine - 119.0 Pleasant Valley
Bren Mar-Edsall Park,Week2,Old Keene Mill,Week3,336.0 Old Keene Mill - 66.0 Bren Mar-Edsall Park
Brandywine,Week2,Sleepy Hollow Rec,Week3,227.0 Brandywine - 175.0 Sleepy Hollow Rec
Bren Mar-Edsall Park,Week1,Lakevale Estates,Week4,375.0 Lakevale Estates - 27.0 Bren Mar-Edsall Park
Bren Mar-Edsall Park,Week5,Oakton ,Week2,376.0 Oakton - 26.0 Bren Mar-Edsall Park
Bren Mar-Edsall Park,Week3,Crosspointe,Week2,375.0 Crosspointe - 27.0 Bren Mar-Edsall Park
Brandywine,Week1,Pleasant Valley,Week5,271.0 Brandywine - 129.0 Pleasant Valley
Bren Mar-Edsall Park,Week1,Old Keene Mill,Week3,334.0 Old Keene Mill - 67.0 Bren Mar-Edsall Park
Bren Mar-Edsall Park,Week1,Great Falls,Week5,319.0 Great Falls - 80.0 Bren Mar-Edsall Park
Bren Mar-Edsall Park,Week3,Crosspointe,Week3,370.0 Crosspointe - 32.0 Bren Mar-Edsall Park
Bren Mar-Edsall Park,Week2,Lakevale Estates,Week4,381.0 Lakevale Estates - 21.0 Bren Mar-Edsall Park
Bren Mar-Edsall Park,Week5,Country Club Hills,Week3,319.0 Country Club Hills - 83.0 Bren Mar-Edsall Park
Brandywine,Week5,Sleepy Hollow B & R,Week3,210.0 Brandywine - 192.0 Sleepy Hollow B & R
Bren Mar-Edsall Park,Week3,Lakevale Estates,Week3,367.0 Lakevale Estates - 30.0 Bren Mar-Edsall Park
Brandywine,Week5,Pinewood Lake,Week4,369.0 Brandywine - 33.0 Pinewood Lake
Bren Mar-Edsall Park,Week2,Lakevale Estates,Week3,367.0 Lakevale Estates - 30.0 Bren Mar-Edsall Park
Bren Mar-Edsall Park,Week3,Crosspointe,Week4,378.0 Crosspointe - 24.0 Bren Mar-Edsall Park
Brandywine,Week3,Walden Glen,Week3,242.0 Brandywine - 160.0 Walden Glen
Bren Mar-Edsall Park,Week1,Great Falls,Week4,313.0 Great Falls - 86.0 Bren Mar-Edsall Park
Brandywine,Week5,Sleepy Hollow B & R,Week2,203.0 Brandywine - 199.0 Sleepy Hollow B & R
Brandywine,Week1,Sleepy Hollow Rec,Week3,229.0 Brandywine - 173.0 Sleepy Hollow Rec
Bren Mar-Edsall Park,Week2,Old Keene Mill,Week2,317.0 Old Keene Mill - 85.0 Bren Mar-Edsall Park
Brandywine,Week1,Walden Glen,Week5,203.5 Walden Glen - 198.5 Brandywine
Brandywine,Week2,Poplar Heights,Week5,248.0 Poplar Heights - 154.0 Brandywine
Bren Mar-Edsall Park,Week2,Old Keene Mill,Week5,321.0 Old Keene Mill - 81.0 Bren Mar-Edsall Park
Brandywine,Week2,Pleasant Valley,Week5,291.0 Brandywine - 109.0 Pleasant Valley
Bren Mar-Edsall Park,Week4,Fox Mill Woods,Week2,372.0 Fox Mill Woods - 30.0 Bren Mar-Edsall Park
Brandywine,Week2,Pinewood Lake,Week3,368.0 Brandywine - 29.0 Pinewood Lake
Bren Mar-Edsall Park,Week5,Lakevale Estates,Week3,363.0 Lakevale Estates - 29.0 Bren Mar-Edsall Park
Bren Mar-Edsall Park,Week3,Old Keene Mill,Week4,301.0 Old Keene Mill - 101.0 Bren Mar-Edsall Park
Brandywine,Week3,Sleepy Hollow Rec,Week2,254.0 Brandywine - 148.0 Sleepy Hollow Rec
Brandywine,Week2,Pinewood Lake,Week4,358.0 Brandywine - 38.0 Pinewood Lake
Brandywine,Week2,Sleepy Hollow Rec,Week4,241.0 Brandywine - 161.0 Sleepy Hollow Rec
Brandywine,Week4,Sleepy Hollow B & R,Week4,231.0 Sleepy Hollow B & R - 171.0 Brandywine
Bren Mar-Edsall Park,Week1,Old Keene Mill,Week1,316.5 Old Keene Mill - 84.5 Bren Mar-Edsall Park
Bren Mar-Edsall Park,Week5,Lakevale Estates,Week2,366.0 Lakevale Estates - 36.0 Bren Mar-Edsall Park
Bren Mar-Edsall Park,Week4,Lakevale Estates,Week4,381.0 Lakevale Estates - 21.0 Bren Mar-Edsall Park
Brandywine,Week5,Pleasant Valley,Week3,301.0 Brandywine - 101.0 Pleasant Valley
Brandywine,Week5,Sleepy Hollow B & R,Week4,201.0 Brandywine - 201.0 Sleepy Hollow B & R
Bren Mar-Edsall Park,Week1,Old Keene Mill,Week5,330.0 Old Keene Mill - 71.0 Bren Mar-Edsall Park
Brandywine,Week2,Waynewood,Week2,263.0 Waynewood - 139.0 Brandywine
Bren Mar-Edsall Park,Week4,Lakevale Estates,Week2,369.0 Lakevale Estates - 33.0 Bren Mar-Edsall Park
Bren Mar-Edsall Park,Week3,Lakevale Estates,Week5,367.0 Lakevale Estates - 35.0 Bren Mar-Edsall Park
Bren Mar-Edsall Park,Week5,Fox Mill Woods,Week4,371.0 Fox Mill Woods - 31.0 Bren Mar-Edsall Park
Brandywine,Week3,Walden Glen,Week2,237.0 Brandywine - 164.0 Walden Glen
Bren Mar-Edsall Park,Week2,Old Keene Mill,Week4,320.0 Old Keene Mill - 82.0 Bren Mar-Edsall Park
Bren Mar-Edsall Park,Week2,Great Falls,Week2,332.0 Great Falls - 51.0 Bren Mar-Edsall Park
Brandywine,Week1,Pleasant Valley,Week3,268.0 Brandywine - 134.0 Pleasant Valley
Brandywine,Week1,Waynewood,Week4,245.0 Waynewood - 157.0 Brandywine
Brandywine,Week1,Sleepy Hollow Rec,Week2,253.0 Brandywine - 149.0 Sleepy Hollow Rec
Brandywine,Week2,Walden Glen,Week1,249.0 Brandywine - 153.0 Walden Glen
Bren Mar-Edsall Park,Week4,Lakevale Estates,Week1,372.0 Lakevale Estates - 30.0 Bren Mar-Edsall Park
Brandywine,Week3,Pinewood Lake,Week4,350.0 Brandywine - 38.0 Pinewood Lake
Bren Mar-Edsall Park,Week5,Fox Mill Woods,Week5,371.0 Fox Mill Woods - 30.0 Bren Mar-Edsall Park
Bren Mar-Edsall Park,Week1,Great Falls,Week1,311.0 Great Falls - 85.0 Bren Mar-Edsall Park
Brandywine,Week3,Sleepy Hollow Rec,Week4,242.0 Brandywine - 160.0 Sleepy Hollow Rec
Bren Mar-Edsall Park,Week2,Great Falls,Week4,324.0 Great Falls - 65.0 Bren Mar-Edsall Park
Bren Mar-Edsall Park,Week3,Lakevale Estates,Week4,374.0 Lakevale Estates - 28.0 Bren Mar-Edsall Park
Brandywine,Week5,Walden Glen,Week1,279.0 Brandywine - 123.0 Walden Glen
Bren Mar-Edsall Park,Week2,Old Keene Mill,Week1,313.0 Old Keene Mill - 88.0 Bren Mar-Edsall Park
Brandywine,Week2,Sleepy Hollow Rec,Week2,234.0 Brandywine - 168.0 Sleepy Hollow Rec
Bren Mar-Edsall Park,Week2,Great Falls,Week1,330.0 Great Falls - 63.0 Bren Mar-Edsall Park
Bren Mar-Edsall Park,Week3,Old Keene Mill,Week3,318.0 Old Keene Mill - 84.0 Bren Mar-Edsall Park
Brandywine,Week4,Walden Glen,Week4,229.0 Brandywine - 173.0 Walden Glen
Bren Mar-Edsall Park,Week3,Old Keene Mill,Week5,312.5 Old Keene Mill - 89.5 Bren Mar-Edsall Park
Bren Mar-Edsall Park,Week4,Lakevale Estates,Week5,367.0 Lakevale Estates - 35.0 Bren Mar-Edsall Park
Brandywine,Week3,Poplar Heights,Week3,225.0 Poplar Heights - 177.0 Brandywine
Brandywine,Week5,Walden Glen,Week4,242.0 Brandywine - 160.0 Walden Glen
Bren Mar-Edsall Park,Week3,Great Falls,Week4,312.0 Great Falls - 88.0 Bren Mar-Edsall Park
Brandywine,Week3,Sleepy Hollow Rec,Week5,232.0 Brandywine - 170.0 Sleepy Hollow Rec
Bren Mar-Edsall Park,Week3,Greenbriar,Week4,362.0 Greenbriar - 40.0 Bren Mar-Edsall Park
Brandywine,Week1,Poplar Heights,Week4,251.0 Poplar Heights - 151.0 Brandywine
Bren Mar-Edsall Park,Week3,Old Keene Mill,Week2,305.0 Old Keene Mill - 97.0 Bren Mar-Edsall Park
Brandywine,Week3,Poplar Heights,Week5,243.0 Poplar Heights - 159.0 Brandywine
Bren Mar-Edsall Park,Week4,Old Keene Mill,Week3,304.0 Old Keene Mill - 98.0 Bren Mar-Edsall Park
Brandywine,Week5,Walden Glen,Week5,218.0 Brandywine - 184.0 Walden Glen
Brandywine,Week2,Poplar Heights,Week1,243.5 Poplar Heights - 158.5 Brandywine
Bren Mar-Edsall Park,Week3,Lakevale Estates,Week2,373.0 Lakevale Estates - 29.0 Bren Mar-Edsall Park
Bren Mar-Edsall Park,Week5,Lakevale Estates,Week1,367.0 Lakevale Estates - 30.0 Bren Mar-Edsall Park
Bren Mar-Edsall Park,Week4,Lakevale Estates,Week3,366.0 Lakevale Estates - 31.0 Bren Mar-Edsall Park
Brandywine,Week1,Walden Glen,Week4,221.0 Brandywine - 181.0 Walden Glen
Brandywine,Week4,Sleepy Hollow Rec,Week2,255.0 Brandywine - 147.0 Sleepy Hollow Rec
Bren Mar-Edsall Park,Week4,Great Falls,Week2,322.0 Great Falls - 60.0 Bren Mar-Edsall Park
Brandywine,Week5,Pleasant Valley,Week2,311.0 Brandywine - 90.0 Pleasant Valley
Brandywine,Week4,Sleepy Hollow Rec,Week3,248.5 Brandywine - 153.5 Sleepy Hollow Rec
Bren Mar-Edsall Park,Week1,Greenbriar,Week5,364.0 Greenbriar - 37.0 Bren Mar-Edsall Park
Brandywine,Week3,Walden Glen,Week5,203.0 Brandywine - 198.0 Walden Glen
Bren Mar-Edsall Park,Week4,Old Keene Mill,Week2,302.0 Old Keene Mill - 100.0 Bren Mar-Edsall Park
Bren Mar-Edsall Park,Week5,Lakevale Estates,Week4,373.0 Lakevale Estates - 29.0 Bren Mar-Edsall Park
Bren Mar-Edsall Park,Week4,Great Falls,Week5,316.0 Great Falls - 76.0 Bren Mar-Edsall Park
Bren Mar-Edsall Park,Week4,Old Keene Mill,Week1,298.0 Old Keene Mill - 102.0 Bren Mar-Edsall Park
Brandywine,Week4,Sleepy Hollow Rec,Week4,263.0 Brandywine - 139.0 Sleepy Hollow Rec
Brandywine,Week2,Walden Glen,Week5,210.0 Walden Glen - 192.0 Brandywine
Bren Mar-Edsall Park,Week4,Greenbriar,Week2,353.0 Greenbriar - 48.0 Bren Mar-Edsall Park
Bren Mar-Edsall Park,Week3,Greenbriar,Week5,360.0 Greenbriar - 42.0 Bren Mar-Edsall Park
Brandywine,Week2,Walden Glen,Week3,215.0 Brandywine - 187.0 Walden Glen
Bren Mar-Edsall Park,Week3,Orange Hunt,Week4,334.0 Orange Hunt - 68.0 Bren Mar-Edsall Park
Brandywine,Week5,Sleepy Hollow Rec,Week5,262.0 Brandywine - 140.0 Sleepy Hollow Rec
Bren Mar-Edsall Park,Week2,Greenbriar,Week4,373.0 Greenbriar - 29.0 Bren Mar-Edsall Park
Brandywine,Week5,Sleepy Hollow Rec,Week2,266.0 Brandywine - 136.0 Sleepy Hollow Rec
Bren Mar-Edsall Park,Week5,Great Falls,Week2,314.0 Great Falls - 69.0 Bren Mar-Edsall Park
Bren Mar-Edsall Park,Week5,Old Keene Mill,Week1,294.0 Old Keene Mill - 108.0 Bren Mar-Edsall Park
Brandywine,Week1,Somerset-Olde Creek,Week2,311.0 Brandywine - 91.0 Somerset-Olde Creek
Bren Mar-Edsall Park,Week5,Old Keene Mill,Week5,304.0 Old Keene Mill - 92.0 Bren Mar-Edsall Park
Brandywine,Week3,Pleasant Valley,Week2,305.0 Brandywine - 97.0 Pleasant Valley
Brandywine,Week4,Sleepy Hollow Rec,Week5,250.0 Brandywine - 152.0 Sleepy Hollow Rec
Brandywine,Week4,Walden Glen,Week2,237.0 Brandywine - 164.0 Walden Glen
Brandywine,Week4,Walden Glen,Week3,242.0 Brandywine - 160.0 Walden Glen
Brandywine,Week3,Poplar Heights,Week1,208.0 Poplar Heights - 194.0 Brandywine
Bren Mar-Edsall Park,Week1,Orange Hunt,Week2,349.0 Orange Hunt - 52.0 Bren Mar-Edsall Park
Bren Mar-Edsall Park,Week3,Greenbriar,Week3,364.0 Greenbriar - 38.0 Bren Mar-Edsall Park
Brandywine,Week1,Somerset-Olde Creek,Week3,310.0 Brandywine - 92.0 Somerset-Olde Creek
Brandywine,Week4,Pleasant Valley,Week5,306.0 Brandywine - 96.0 Pleasant Valley
Bren Mar-Edsall Park,Week1,Greenbriar,Week2,360.0 Greenbriar - 38.0 Bren Mar-Edsall Park
Brandywine,Week3,Pleasant Valley,Week5,285.0 Brandywine - 112.0 Pleasant Valley
Bren Mar-Edsall Park,Week4,Old Keene Mill,Week5,302.0 Old Keene Mill - 100.0 Bren Mar-Edsall Park
Brandywine,Week5,Sleepy Hollow Rec,Week3,261.0 Brandywine - 141.0 Sleepy Hollow Rec
Bren Mar-Edsall Park,Week4,Old Keene Mill,Week4,296.0 Old Keene Mill - 106.0 Bren Mar-Edsall Park
Brandywine,Week5,Pleasant Valley,Week5,299.0 Brandywine - 102.0 Pleasant Valley
Brandywine,Week4,Poplar Heights,Week5,246.0 Poplar Heights - 156.0 Brandywine
Brandywine,Week4,Walden Glen,Week1,276.0 Brandywine - 126.0 Walden Glen
Brandywine,Week3,Walden Glen,Week4,229.0 Brandywine - 168.0 Walden Glen
Bren Mar-Edsall Park,Week5,Greenbriar,Week1,350.0 Greenbriar - 52.0 Bren Mar-Edsall Park
Brandywine,Week5,Pleasant Valley,Week4,320.0 Brandywine - 81.0 Pleasant Valley
Bren Mar-Edsall Park,Week5,Greenbriar,Week3,362.0 Greenbriar - 40.0 Bren Mar-Edsall Park
Bren Mar-Edsall Park,Week5,Greenbriar,Week4,352.0 Greenbriar - 50.0 Bren Mar-Edsall Park
Brandywine,Week3,Pleasant Valley,Week3,284.0 Brandywine - 118.0 Pleasant Valley
Brandywine,Week3,Somerset-Olde Creek,Week4,280.0 Brandywine - 117.0 Somerset-Olde Creek
Bren Mar-Edsall Park,Week2,Greenbriar,Week1,375.0 Greenbriar - 27.0 Bren Mar-Edsall Park
Brandywine,Week1,Waynewood,Week3,276.0 Waynewood - 126.0 Brandywine
Brandywine,Week2,Somerset-Olde Creek,Week3,297.0 Brandywine - 104.0 Somerset-Olde Creek
Brandywine,Week5,Walden Glen,Week2,259.0 Brandywine - 143.0 Walden Glen
Brandywine,Week1,Waynewood,Week1,247.0 Waynewood - 155.0 Brandywine
Bren Mar-Edsall Park,Week2,Orange Hunt,Week1,362.0 Orange Hunt - 40.0 Bren Mar-Edsall Park
Brandywine,Week3,Walden Glen,Week1,247.0 Brandywine - 155.0 Walden Glen
Brandywine,Week1,Somerset-Olde Creek,Week5,285.0 Brandywine - 117.0 Somerset-Olde Creek
Brandywine,Week2,Somerset-Olde Creek,Week2,308.0 Brandywine - 93.0 Somerset-Olde Creek
Bren Mar-Edsall Park,Week4,Greenbriar,Week1,352.0 Greenbriar - 50.0 Bren Mar-Edsall Park
Bren Mar-Edsall Park,Week4,Orange Hunt,Week3,330.0 Orange Hunt - 72.0 Bren Mar-Edsall Park
Bren Mar-Edsall Park,Week2,Orange Hunt,Week5,361.0 Orange Hunt - 41.0 Bren Mar-Edsall Park
Brandywine,Week3,Pleasant Valley,Week4,307.0 Brandywine - 80.0 Pleasant Valley
Brandywine,Week3,Somerset-Olde Creek,Week1,292.0 Brandywine - 102.0 Somerset-Olde Creek
Brandywine,Week3,Somerset-Olde Creek,Week5,283.0 Brandywine - 118.0 Somerset-Olde Creek
Bren Mar-Edsall Park,Week5,Great Falls,Week4,306.0 Great Falls - 87.0 Bren Mar-Edsall Park
Brandywine,Week4,Walden Glen,Week5,216.0 Brandywine - 186.0 Walden Glen
Bren Mar-Edsall Park,Week2,Orange Hunt,Week3,359.0 Orange Hunt - 43.0 Bren Mar-Edsall Park
Brandywine,Week5,Pleasant Valley,Week1,313.0 Brandywine - 88.0 Pleasant Valley
Bren Mar-Edsall Park,Week4,Greenbriar,Week5,354.0 Greenbriar - 47.0 Bren Mar-Edsall Park
Bren Mar-Edsall Park,Week4,Orange Hunt,Week1,334.0 Orange Hunt - 68.0 Bren Mar-Edsall Park
Brandywine,Week4,Pleasant Valley,Week3,296.0 Brandywine - 106.0 Pleasant Valley
Brandywine,Week4,Somerset-Olde Creek,Week1,319.0 Brandywine - 82.0 Somerset-Olde Creek
Bren Mar-Edsall Park,Week2,Orange Hunt,Week2,360.0 Orange Hunt - 42.0 Bren Mar-Edsall Park
Bren Mar-Edsall Park,Week5,Greenbriar,Week2,353.0 Greenbriar - 48.0 Bren Mar-Edsall Park
Brandywine,Week2,Somerset-Olde Creek,Week1,281.0 Brandywine - 120.0 Somerset-Olde Creek
Brandywine,Week1,Waynewood,Week2,267.0 Waynewood - 135.0 Brandywine
Brandywine,Week5,Walden Glen,Week3,245.0 Brandywine - 157.0 Walden Glen
Brandywine,Week2,Walden Glen,Week2,218.0 Brandywine - 184.0 Walden Glen
Bren Mar-Edsall Park,Week4,Orange Hunt,Week4,332.0 Orange Hunt - 70.0 Bren Mar-Edsall Park
Brandywine,Week1,Poplar Heights,Week2,251.0 Poplar Heights - 151.0 Brandywine
Brandywine,Week4,Somerset-Olde Creek,Week4,313.0 Brandywine - 89.0 Somerset-Olde Creek
Brandywine,Week1,Poplar Heights,Week1,236.0 Poplar Heights - 166.0 Brandywine
Brandywine,Week4,Pleasant Valley,Week1,307.0 Brandywine - 95.0 Pleasant Valley
Bren Mar-Edsall Park,Week5,Old Keene Mill,Week3,308.0 Old Keene Mill - 94.0 Bren Mar-Edsall Park
Brandywine,Week4,Somerset-Olde Creek,Week5,310.0 Brandywine - 92.0 Somerset-Olde Creek
Bren Mar-Edsall Park,Week5,Great Falls,Week5,317.0 Great Falls - 71.0 Bren Mar-Edsall Park
Brandywine,Week5,Somerset-Olde Creek,Week3,326.0 Brandywine - 76.0 Somerset-Olde Creek
Brandywine,Week2,Walden Glen,Week4,207.0 Brandywine - 195.0 Walden Glen
Bren Mar-Edsall Park,Week5,Orange Hunt,Week1,340.0 Orange Hunt - 62.0 Bren Mar-Edsall Park
Brandywine,Week4,Waynewood,Week4,244.0 Waynewood - 158.0 Brandywine
Brandywine,Week1,Woodley,Week3,280.0 Brandywine - 122.0 Woodley
Bren Mar-Edsall Park,Week1,Greenbriar,Week3,370.0 Greenbriar - 32.0 Bren Mar-Edsall Park
Bren Mar-Edsall Park,Week1,Orange Hunt,Week4,343.0 Orange Hunt - 59.0 Bren Mar-Edsall Park
Bren Mar-Edsall Park,Week5,Great Falls,Week1,303.0 Great Falls - 88.0 Bren Mar-Edsall Park
Brandywine,Week2,Somerset-Olde Creek,Week4,283.0 Brandywine - 119.0 Somerset-Olde Creek
Arlington Forest,Week1,Wakefield Chapel,Week1,315.0 Wakefield Chapel - 87.0 Arlington Forest
Arlington Forest,Week1,Wakefield Chapel,Week3,311.0 Wakefield Chapel - 91.0 Arlington Forest
Brandywine,Week1,Poplar Heights,Week5,247.0 Poplar Heights - 155.0 Brandywine
Brandywine,Week1,Waynewood,Week5,276.0 Waynewood - 126.0 Brandywine
Bren Mar-Edsall Park,Week4,Orange Hunt,Week2,327.0 Orange Hunt - 75.0 Bren Mar-Edsall Park
Brandywine,Week5,Somerset-Olde Creek,Week1,321.0 Brandywine - 81.0 Somerset-Olde Creek
Brandywine,Week2,Poplar Heights,Week3,256.0 Poplar Heights - 146.0 Brandywine
Brandywine,Week4,Pleasant Valley,Week2,309.0 Brandywine - 93.0 Pleasant Valley
Bren Mar-Edsall Park,Week1,Greenbriar,Week4,369.0 Greenbriar - 33.0 Bren Mar-Edsall Park
Bren Mar-Edsall Park,Week3,Orange Hunt,Week5,350.0 Orange Hunt - 52.0 Bren Mar-Edsall Park
Arlington Forest,Week2,Wakefield Chapel,Week3,329.0 Wakefield Chapel - 73.0 Arlington Forest
Brandywine,Week2,Waynewood,Week1,250.0 Waynewood - 152.0 Brandywine
Bren Mar-Edsall Park,Week5,Old Keene Mill,Week4,296.0 Old Keene Mill - 106.0 Bren Mar-Edsall Park
Brandywine,Week1,Woodley,Week5,262.0 Brandywine - 140.0 Woodley
Brandywine,Week2,Poplar Heights,Week2,253.0 Poplar Heights - 149.0 Brandywine
Brandywine,Week5,Somerset-Olde Creek,Week2,347.0 Brandywine - 55.0 Somerset-Olde Creek
Brandywine,Week1,Poplar Heights,Week3,242.0 Poplar Heights - 160.0 Brandywine
Bren Mar-Edsall Park,Week1,Greenbriar,Week1,366.0 Greenbriar - 36.0 Bren Mar-Edsall Park
Bren Mar-Edsall Park,Week2,Greenbriar,Week3,376.0 Greenbriar - 25.0 Bren Mar-Edsall Park
Bren Mar-Edsall Park,Week1,Orange Hunt,Week3,347.0 Orange Hunt - 54.0 Bren Mar-Edsall Park
Bren Mar-Edsall Park,Week2,Greenbriar,Week5,371.0 Greenbriar - 31.0 Bren Mar-Edsall Park
Brandywine,Week5,Somerset-Olde Creek,Week4,330.0 Brandywine - 72.0 Somerset-Olde Creek
Arlington Forest,Week3,Wakefield Chapel,Week3,328.0 Wakefield Chapel - 74.0 Arlington Forest
Bren Mar-Edsall Park,Week5,Great Falls,Week3,335.0 Great Falls - 62.0 Bren Mar-Edsall Park
Brandywine,Week4,Pleasant Valley,Week4,314.0 Brandywine - 88.0 Pleasant Valley
Brandywine,Week2,Waynewood,Week5,267.0 Waynewood - 135.0 Brandywine
Bren Mar-Edsall Park,Week1,Orange Hunt,Week1,346.0 Orange Hunt - 55.0 Bren Mar-Edsall Park
Bren Mar-Edsall Park,Week2,Greenbriar,Week2,369.0 Greenbriar - 33.0 Bren Mar-Edsall Park
Brandywine,Week5,Somerset-Olde Creek,Week5,318.0 Brandywine - 84.0 Somerset-Olde Creek
Brandywine,Week2,Woodley,Week3,261.0 Brandywine - 141.0 Woodley
Arlington Forest,Week1,Wakefield Chapel,Week2,302.0 Wakefield Chapel - 100.0 Arlington Forest
Brandywine,Week3,Somerset-Olde Creek,Week3,295.0 Brandywine - 106.0 Somerset-Olde Creek
Bren Mar-Edsall Park,Week3,Orange Hunt,Week2,330.0 Orange Hunt - 72.0 Bren Mar-Edsall Park
Bren Mar-Edsall Park,Week3,Orange Hunt,Week1,339.0 Orange Hunt - 63.0 Bren Mar-Edsall Park
Brandywine,Week3,Waynewood,Week4,229.0 Waynewood - 173.0 Brandywine
Brandywine,Week2,Poplar Heights,Week4,250.0 Poplar Heights - 152.0 Brandywine
Arlington Forest,Week1,Wakefield Chapel,Week5,323.0 Wakefield Chapel - 79.0 Arlington Forest
Brandywine,Week3,Poplar Heights,Week2,222.0 Poplar Heights - 180.0 Brandywine
Brandywine,Week4,Poplar Heights,Week1,225.0 Poplar Heights - 177.0 Brandywine
Brandywine,Week3,Somerset-Olde Creek,Week2,307.0 Brandywine - 88.0 Somerset-Olde Creek
Bren Mar-Edsall Park,Week3,Orange Hunt,Week3,340.0 Orange Hunt - 62.0 Bren Mar-Edsall Park
Bren Mar-Edsall Park,Week3,Greenbriar,Week1,359.0 Greenbriar - 43.0 Bren Mar-Edsall Park
Brandywine,Week3,Woodley,Week3,270.0 Brandywine - 132.0 Woodley
Brandywine,Week2,Woodley,Week5,247.0 Brandywine - 155.0 Woodley
Bren Mar-Edsall Park,Week1,Orange Hunt,Week5,357.0 Orange Hunt - 41.0 Bren Mar-Edsall Park
Bren Mar-Edsall Park,Week4,Great Falls,Week4,306.0 Great Falls - 87.0 Bren Mar-Edsall Park
Brandywine,Week3,Poplar Heights,Week4,231.0 Poplar Heights - 171.0 Brandywine
Brandywine,Week2,Somerset-Olde Creek,Week5,271.0 Brandywine - 130.0 Somerset-Olde Creek
Bren Mar-Edsall Park,Week4,Orange Hunt,Week5,344.0 Orange Hunt - 57.0 Bren Mar-Edsall Park
Brandywine,Week3,Waynewood,Week5,241.0 Waynewood - 161.0 Brandywine
Brandywine,Week4,Poplar Heights,Week4,239.0 Poplar Heights - 163.0 Brandywine
Brandywine,Week3,Waynewood,Week3,238.0 Waynewood - 164.0 Brandywine
Arlington Forest,Week2,Wakefield Chapel,Week2,299.0 Wakefield Chapel - 103.0 Arlington Forest
Brandywine,Week4,Poplar Tree,Week3,234.0 Poplar Tree - 168.0 Brandywine
Arlington Forest,Week2,Wakefield Chapel,Week4,303.0 Wakefield Chapel - 99.0 Arlington Forest
Brandywine,Week4,Poplar Heights,Week2,233.0 Poplar Heights - 169.0 Brandywine
Brandywine,Week3,Woodley,Week4,259.0 Brandywine - 138.0 Woodley
Bren Mar-Edsall Park,Week1,Hayfield Farm,Week1,368.0 Hayfield Farm - 34.0 Bren Mar-Edsall Park
Brandywine,Week1,South Run,Week5,209.0 South Run - 193.0 Brandywine
Bren Mar-Edsall Park,Week4,Greenbriar,Week3,359.0 Greenbriar - 42.0 Bren Mar-Edsall Park
Bren Mar-Edsall Park,Week1,Overlee,Week1,392.0 Overlee - 10.0 Bren Mar-Edsall Park
Bren Mar-Edsall Park,Week4,Greenbriar,Week4,360.0 Greenbriar - 42.0 Bren Mar-Edsall Park
Brandywine,Week1,South Run,Week1,198.0 South Run - 195.0 Brandywine
Bren Mar-Edsall Park,Week3,Greenbriar,Week2,363.5 Greenbriar - 38.5 Bren Mar-Edsall Park
Bren Mar-Edsall Park,Week3,Hamlet,Week3,381.0 Hamlet - 21.0 Bren Mar-Edsall Park
Bren Mar-Edsall Park,Week2,Orange Hunt,Week4,352.0 Orange Hunt - 50.0 Bren Mar-Edsall Park
Bren Mar-Edsall Park,Week3,Overlee,Week5,394.0 Overlee - 8.0 Bren Mar-Edsall Park
Bren Mar-Edsall Park,Week1,Hamlet,Week5,389.0 Hamlet - 13.0 Bren Mar-Edsall Park
Brandywine,Week5,Poplar Tree,Week2,207.0 Poplar Tree - 195.0 Brandywine
Brandywine,Week1,South Run,Week3,208.0 Brandywine - 194.0 South Run
Brandywine,Week4,Waynewood,Week5,258.0 Waynewood - 144.0 Brandywine
Brandywine,Week5,Poplar Heights,Week1,208.0 Poplar Heights - 194.0 Brandywine
Brandywine,Week1,Woodley,Week2,264.0 Brandywine - 138.0 Woodley
Arlington Forest,Week3,Wakefield Chapel,Week2,335.0 Wakefield Chapel - 67.0 Arlington Forest
Bren Mar-Edsall Park,Week1,Hamlet,Week2,390.0 Hamlet - 12.0 Bren Mar-Edsall Park
Brandywine,Week5,Poplar Tree,Week1,214.0 Poplar Tree - 188.0 Brandywine
Bren Mar-Edsall Park,Week3,Overlee,Week1,389.0 Overlee - 13.0 Bren Mar-Edsall Park
Brandywine,Week4,Woodley,Week2,287.0 Brandywine - 115.0 Woodley
Arlington Forest,Week4,Wakefield Chapel,Week3,293.0 Wakefield Chapel - 109.0 Arlington Forest
Brandywine,Week1,South Run,Week2,219.0 Brandywine - 183.0 South Run
Bren Mar-Edsall Park,Week5,Overlee,Week4,397.0 Overlee - 5.0 Bren Mar-Edsall Park
Brandywine,Week4,Poplar Heights,Week3,238.0 Poplar Heights - 164.0 Brandywine
Bren Mar-Edsall Park,Week5,Orange Hunt,Week2,325.0 Orange Hunt - 77.0 Bren Mar-Edsall Park
Brandywine,Week2,Waynewood,Week4,251.0 Waynewood - 151.0 Brandywine
Arlington Forest,Week4,Wakefield Chapel,Week2,277.0 Wakefield Chapel - 125.0 Arlington Forest
Brandywine,Week4,Somerset-Olde Creek,Week2,330.0 Brandywine - 72.0 Somerset-Olde Creek
Brandywine,Week4,Somerset-Olde Creek,Week3,321.0 Brandywine - 81.0 Somerset-Olde Creek
Brandywine,Week3,Poplar Tree,Week1,238.0 Poplar Tree - 163.0 Brandywine
Brandywine,Week1,South Run,Week4,214.0 Brandywine - 188.0 South Run
Brandywine,Week1,Ravensworth Farm,Week3,241.0 Ravensworth Farm - 161.0 Brandywine
Brandywine,Week3,South Run,Week2,224.0 Brandywine - 173.0 South Run
Brandywine,Week1,Poplar Tree,Week2,227.0 Poplar Tree - 175.0 Brandywine
Arlington Forest,Week3,Wakefield Chapel,Week4,329.0 Wakefield Chapel - 73.0 Arlington Forest
Brandywine,Week5,Waynewood,Week2,230.0 Waynewood - 172.0 Brandywine
Bren Mar-Edsall Park,Week3,Hamlet,Week4,371.0 Hamlet - 31.0 Bren Mar-Edsall Park
Arlington Forest,Week1,Wakefield Chapel,Week4,300.0 Wakefield Chapel - 102.0 Arlington Forest
Brandywine,Week4,South Run,Week2,246.0 Brandywine - 156.0 South Run
Brandywine,Week5,Waynewood,Week5,225.0 Waynewood - 177.0 Brandywine
Bren Mar-Edsall Park,Week4,Hamlet,Week1,372.0 Hamlet - 30.0 Bren Mar-Edsall Park
Bren Mar-Edsall Park,Week2,Hamlet,Week3,380.0 Hamlet - 22.0 Bren Mar-Edsall Park
Brandywine,Week2,South Run,Week5,217.0 South Run - 185.0 Brandywine
Brandywine,Week2,South Run,Week2,215.0 Brandywine - 187.0 South Run
Brandywine,Week3,Waynewood,Week2,234.0 Waynewood - 168.0 Brandywine
Brandywine,Week4,Waynewood,Week2,235.0 Waynewood - 167.0 Brandywine
Bren Mar-Edsall Park,Week1,Hamlet,Week1,377.0 Hamlet - 23.0 Bren Mar-Edsall Park
Bren Mar-Edsall Park,Week3,Overlee,Week4,397.0 Overlee - 5.0 Bren Mar-Edsall Park
Brandywine,Week2,Poplar Tree,Week1,251.0 Poplar Tree - 150.0 Brandywine
Brandywine,Week5,Poplar Heights,Week3,220.0 Poplar Heights - 182.0 Brandywine
Brandywine,Week5,Poplar Tree,Week5,233.0 Poplar Tree - 169.0 Brandywine
Bren Mar-Edsall Park,Week2,Overlee,Week4,400.0 Overlee - 2.0 Bren Mar-Edsall Park
Brandywine,Week1,Springboard,Week4,252.0 Brandywine - 150.0 Springboard
Brandywine,Week5,Waynewood,Week1,214.0 Waynewood - 188.0 Brandywine
Arlington Forest,Week3,Wakefield Chapel,Week1,336.0 Wakefield Chapel - 66.0 Arlington Forest
Bren Mar-Edsall Park,Week2,Hamlet,Week5,388.0 Hamlet - 14.0 Bren Mar-Edsall Park
Bren Mar-Edsall Park,Week3,Overlee,Week2,392.0 Overlee - 10.0 Bren Mar-Edsall Park
Bren Mar-Edsall Park,Week2,Overlee,Week1,392.0 Overlee - 10.0 Bren Mar-Edsall Park
Bren Mar-Edsall Park,Week5,Orange Hunt,Week5,340.0 Orange Hunt - 61.0 Bren Mar-Edsall Park
Brandywine,Week4,South Run,Week5,211.0 Brandywine - 191.0 South Run
Bren Mar-Edsall Park,Week4,Hamlet,Week3,379.0 Hamlet - 23.0 Bren Mar-Edsall Park
Arlington Forest,Week4,Wakefield Chapel,Week1,287.0 Wakefield Chapel - 115.0 Arlington Forest
Brandywine,Week5,Waynewood,Week3,235.0 Waynewood - 167.0 Brandywine
Arlington Forest,Week2,Wakefield Chapel,Week5,335.0 Wakefield Chapel - 67.0 Arlington Forest
Brandywine,Week4,Waynewood,Week3,265.0 Waynewood - 137.0 Brandywine
Brandywine,Week2,Waynewood,Week3,272.0 Waynewood - 130.0 Brandywine
Arlington Forest,Week3,Wakefield Chapel,Week5,347.0 Wakefield Chapel - 55.0 Arlington Forest
Brandywine,Week5,Waynewood,Week4,213.0 Waynewood - 189.0 Brandywine
Brandywine,Week3,Poplar Tree,Week2,214.0 Poplar Tree - 183.0 Brandywine
Brandywine,Week2,Springboard,Week1,264.0 Brandywine - 137.0 Springboard
Bren Mar-Edsall Park,Week5,Hamlet,Week1,371.0 Hamlet - 26.0 Bren Mar-Edsall Park
Brandywine,Week5,South Run,Week4,268.0 Brandywine - 134.0 South Run
Brandywine,Week3,Waynewood,Week1,218.0 Waynewood - 184.0 Brandywine
Brandywine,Week2,Ravensworth Farm,Week2,208.0 Ravensworth Farm - 194.0 Brandywine
Bren Mar-Edsall Park,Week3,Overlee,Week3,394.0 Overlee - 8.0 Bren Mar-Edsall Park
Bren Mar-Edsall Park,Week1,Hamlet,Week4,373.0 Hamlet - 29.0 Bren Mar-Edsall Park
Brandywine,Week1,Springboard,Week3,254.0 Brandywine - 143.0 Springboard
Bren Mar-Edsall Park,Week1,Overlee,Week3,393.0 Overlee - 9.0 Bren Mar-Edsall Park
Bren Mar-Edsall Park,Week1,Hamlet,Week3,385.0 Hamlet - 15.0 Bren Mar-Edsall Park
Bren Mar-Edsall Park,Week5,Orange Hunt,Week3,339.0 Orange Hunt - 63.0 Bren Mar-Edsall Park
Brandywine,Week3,Springboard,Week1,260.0 Brandywine - 141.0 Springboard
Brandywine,Week1,Poplar Tree,Week1,243.0 Poplar Tree - 159.0 Brandywine
Arlington Forest,Week2,Wakefield Chapel,Week1,323.5 Wakefield Chapel - 78.5 Arlington Forest
Bren Mar-Edsall Park,Week5,Hamlet,Week3,376.5 Hamlet - 24.5 Bren Mar-Edsall Park
Bren Mar-Edsall Park,Week2,Overlee,Week3,398.5 Overlee - 3.5 Bren Mar-Edsall Park
Brandywine,Week4,Waynewood,Week1,238.0 Waynewood - 164.0 Brandywine
Bren Mar-Edsall Park,Week1,Overlee,Week5,396.0 Overlee - 6.0 Bren Mar-Edsall Park
Brandywine,Week5,Poplar Heights,Week2,213.0 Poplar Heights - 189.0 Brandywine
Brandywine,Week1,Poplar Tree,Week5,260.0 Poplar Tree - 142.0 Brandywine
Brandywine,Week2,Springboard,Week2,272.0 Brandywine - 130.0 Springboard
Bren Mar-Edsall Park,Week5,Greenbriar,Week5,353.0 Greenbriar - 49.0 Bren Mar-Edsall Park
Brandywine,Week3,Poplar Tree,Week4,219.0 Poplar Tree - 182.0 Brandywine
Bren Mar-Edsall Park,Week2,Hamlet,Week4,372.0 Hamlet - 29.0 Bren Mar-Edsall Park
Brandywine,Week1,Poplar Tree,Week4,224.0 Poplar Tree - 178.0 Brandywine
Brandywine,Week1,Woodley,Week4,262.5 Brandywine - 139.5 Woodley
Brandywine,Week4,Springboard,Week2,284.5 Brandywine - 117.5 Springboard
Brandywine,Week2,South Run,Week3,208.0 Brandywine - 194.0 South Run
Brandywine,Week4,Poplar Tree,Week2,217.0 Poplar Tree - 185.0 Brandywine
Brandywine,Week3,Springboard,Week3,258.0 Brandywine - 143.0 Springboard
Bren Mar-Edsall Park,Week4,Overlee,Week2,394.0 Overlee - 8.0 Bren Mar-Edsall Park
Bren Mar-Edsall Park,Week5,Orange Hunt,Week4,337.0 Orange Hunt - 65.0 Bren Mar-Edsall Park
Brandywine,Week4,Springboard,Week3,269.0 Brandywine - 133.0 Springboard
Bren Mar-Edsall Park,Week3,Hamlet,Week1,374.0 Hamlet - 28.0 Bren Mar-Edsall Park
Bren Mar-Edsall Park,Week4,Overlee,Week4,400.0 Overlee - 2.0 Bren Mar-Edsall Park
Bren Mar-Edsall Park,Week4,Hamlet,Week5,391.0 Hamlet - 11.0 Bren Mar-Edsall Park
Brandywine,Week2,Woodley,Week1,266.0 Brandywine - 136.0 Woodley
Brandywine,Week2,Woodley,Week2,264.0 Brandywine - 138.0 Woodley
Brandywine,Week2,Woodley,Week4,260.5 Brandywine - 141.5 Woodley
Brandywine,Week3,Poplar Tree,Week3,237.0 Poplar Tree - 164.0 Brandywine
Bren Mar-Edsall Park,Week5,Overlee,Week1,386.0 Overlee - 16.0 Bren Mar-Edsall Park
Brandywine,Week3,South Run,Week4,248.0 Brandywine - 153.0 South Run
Brandywine,Week3,Woodley,Week2,268.0 Brandywine - 134.0 Woodley
Brandywine,Week4,Springboard,Week5,255.0 Brandywine - 147.0 Springboard
Brandywine,Week2,South Run,Week1,198.0 Brandywine - 195.0 South Run
Bren Mar-Edsall Park,Week1,Overlee,Week4,398.0 Overlee - 4.0 Bren Mar-Edsall Park
Brandywine,Week5,Poplar Heights,Week4,220.0 Poplar Heights - 182.0 Brandywine
Brandywine,Week2,Poplar Tree,Week4,223.0 Poplar Tree - 178.0 Brandywine
Bren Mar-Edsall Park,Week3,Hamlet,Week2,388.0 Hamlet - 14.0 Bren Mar-Edsall Park
Brandywine,Week3,Woodley,Week5,254.0 Brandywine - 143.0 Woodley
Brandywine,Week2,Poplar Tree,Week2,225.0 Poplar Tree - 177.0 Brandywine
Brandywine,Week3,Woodley,Week1,261.0 Brandywine - 137.0 Woodley
Brandywine,Week3,South Run,Week1,205.0 Brandywine - 187.0 South Run
Bren Mar-Edsall Park,Week2,Hamlet,Week2,385.0 Hamlet - 17.0 Bren Mar-Edsall Park
Bren Mar-Edsall Park,Week2,Hamlet,Week1,376.0 Hamlet - 25.0 Bren Mar-Edsall Park
Bren Mar-Edsall Park,Week4,Hamlet,Week4,373.0 Hamlet - 29.0 Bren Mar-Edsall Park
Brandywine,Week1,Woodley,Week1,273.0 Brandywine - 129.0 Woodley
Bren Mar-Edsall Park,Week4,Hamlet,Week2,386.0 Hamlet - 16.0 Bren Mar-Edsall Park
Bren Mar-Edsall Park,Week4,Overlee,Week3,392.0 Overlee - 10.0 Bren Mar-Edsall Park
Brandywine,Week2,Poplar Tree,Week5,263.0 Poplar Tree - 139.0 Brandywine
Bren Mar-Edsall Park,Week2,Overlee,Week5,401.0 Overlee - 1.0 Bren Mar-Edsall Park
Bren Mar-Edsall Park,Week4,Overlee,Week5,398.0 Overlee - 4.0 Bren Mar-Edsall Park
Brandywine,Week4,Woodley,Week5,275.0 Brandywine - 127.0 Woodley
Bren Mar-Edsall Park,Week5,Hamlet,Week2,379.0 Hamlet - 23.0 Bren Mar-Edsall Park
Bren Mar-Edsall Park,Week5,Annandale,Week1,273.0 Annandale - 123.0 Bren Mar-Edsall Park
Bren Mar-Edsall Park,Week1,Overlee,Week2,395.0 Overlee - 7.0 Bren Mar-Edsall Park
Brandywine,Week4,Woodley,Week1,288.0 Brandywine - 114.0 Woodley
Bren Mar-Edsall Park,Week3,Hamlet,Week5,386.0 Hamlet - 16.0 Bren Mar-Edsall Park
Bren Mar-Edsall Park,Week2,Overlee,Week2,395.0 Overlee - 7.0 Bren Mar-Edsall Park
Bren Mar-Edsall Park,Week1,Annandale,Week3,326.0 Annandale - 76.0 Bren Mar-Edsall Park
Bren Mar-Edsall Park,Week5,Overlee,Week3,391.0 Overlee - 11.0 Bren Mar-Edsall Park
Bren Mar-Edsall Park,Week3,Annandale,Week4,304.0 Annandale - 98.0 Bren Mar-Edsall Park
Bren Mar-Edsall Park,Week5,Hamlet,Week5,385.0 Hamlet - 17.0 Bren Mar-Edsall Park
Brandywine,Week4,Poplar Tree,Week4,209.0 Poplar Tree - 193.0 Brandywine
Bren Mar-Edsall Park,Week4,Overlee,Week1,391.0 Overlee - 11.0 Bren Mar-Edsall Park
Brandywine,Week4,South Run,Week4,240.0 Brandywine - 162.0 South Run
Brandywine,Week3,Poplar Tree,Week5,250.0 Poplar Tree - 152.0 Brandywine
Brandywine,Week5,Poplar Heights,Week5,222.0 Poplar Heights - 180.0 Brandywine
Brandywine,Week4,South Run,Week1,220.0 Brandywine - 173.0 South Run
Bren Mar-Edsall Park,Week3,Hayfield Farm,Week4,366.0 Hayfield Farm - 36.0 Bren Mar-Edsall Park
Brandywine,Week1,Poplar Tree,Week3,251.0 Poplar Tree - 151.0 Brandywine
Bren Mar-Edsall Park,Week5,Overlee,Week2,392.0 Overlee - 10.0 Bren Mar-Edsall Park
Brandywine,Week5,Woodley,Week5,290.0 Brandywine - 112.0 Woodley
Brandywine,Week3,South Run,Week3,229.0 Brandywine - 173.0 South Run
Brandywine,Week4,Poplar Tree,Week1,236.0 Poplar Tree - 166.0 Brandywine
Brandywine,Week3,South Run,Week5,203.0 Brandywine - 199.0 South Run
Brandywine,Week2,Poplar Tree,Week3,253.0 Poplar Tree - 148.0 Brandywine
Bren Mar-Edsall Park,Week1,Parklawn,Week3,313.0 Parklawn - 84.0 Bren Mar-Edsall Park
Bren Mar-Edsall Park,Week5,Hamlet,Week4,362.0 Hamlet - 39.0 Bren Mar-Edsall Park
Brandywine,Week4,South Run,Week3,233.0 Brandywine - 169.0 South Run
Brandywine,Week2,South Run,Week4,228.0 Brandywine - 174.0 South Run
Bren Mar-Edsall Park,Week1,Hayfield Farm,Week2,373.0 Hayfield Farm - 29.0 Bren Mar-Edsall Park
Brandywine,Week5,Poplar Tree,Week3,211.0 Poplar Tree - 191.0 Brandywine
Brandywine,Week5,Poplar Tree,Week4,201.0 Brandywine - 201.0 Poplar Tree
Bren Mar-Edsall Park,Week3,Parklawn,Week1,258.0 Parklawn - 135.0 Bren Mar-Edsall Park
Bren Mar-Edsall Park,Week2,Annandale,Week1,302.0 Annandale - 96.0 Bren Mar-Edsall Park
Bren Mar-Edsall Park,Week2,Parklawn,Week4,307.0 Parklawn - 91.0 Bren Mar-Edsall Park
Bren Mar-Edsall Park,Week3,Hayfield Farm,Week5,365.0 Hayfield Farm - 37.0 Bren Mar-Edsall Park
Bren Mar-Edsall Park,Week1,Hayfield Farm,Week4,374.0 Hayfield Farm - 28.0 Bren Mar-Edsall Park
Brandywine,Week4,Poplar Tree,Week5,251.0 Poplar Tree - 151.0 Brandywine
Brandywine,Week1,Ravensworth Farm,Week1,228.0 Ravensworth Farm - 174.0 Brandywine
Bren Mar-Edsall Park,Week3,Parklawn,Week2,299.0 Parklawn - 102.0 Bren Mar-Edsall Park
Bren Mar-Edsall Park,Week1,Parklawn,Week1,272.0 Parklawn - 121.0 Bren Mar-Edsall Park
Brandywine,Week5,South Run,Week3,261.0 Brandywine - 141.0 South Run
Brandywine,Week5,South Run,Week5,234.0 Brandywine - 168.0 South Run
Brandywine,Week1,Springboard,Week2,282.0 Brandywine - 120.0 Springboard
Bren Mar-Edsall Park,Week2,Annandale,Week3,333.0 Annandale - 63.0 Bren Mar-Edsall Park
Brandywine,Week1,Ravensworth Farm,Week4,249.0 Ravensworth Farm - 153.0 Brandywine
Brandywine,Week4,Woodley,Week3,294.0 Brandywine - 108.0 Woodley
Bren Mar-Edsall Park,Week3,Parklawn,Week3,281.0 Parklawn - 120.0 Bren Mar-Edsall Park
Bren Mar-Edsall Park,Week2,Hayfield Farm,Week1,367.0 Hayfield Farm - 35.0 Bren Mar-Edsall Park
Bren Mar-Edsall Park,Week4,Annandale,Week2,302.0 Annandale - 100.0 Bren Mar-Edsall Park
Brandywine,Week1,Springboard,Week1,270.0 Brandywine - 132.0 Springboard
Bren Mar-Edsall Park,Week1,Arlington Forest,Week4,371.0 Arlington Forest - 31.0 Bren Mar-Edsall Park
Bren Mar-Edsall Park,Week5,Hayfield Farm,Week4,367.0 Hayfield Farm - 35.0 Bren Mar-Edsall Park
Brandywine,Week5,South Run,Week1,239.0 Brandywine - 154.0 South Run
Bren Mar-Edsall Park,Week5,Hayfield Farm,Week2,363.0 Hayfield Farm - 39.0 Bren Mar-Edsall Park
Bren Mar-Edsall Park,Week1,Annandale,Week4,315.0 Annandale - 86.0 Bren Mar-Edsall Park
Brandywine,Week1,Ravensworth Farm,Week2,211.0 Ravensworth Farm - 191.0 Brandywine
Bren Mar-Edsall Park,Week1,Parklawn,Week4,313.0 Parklawn - 85.0 Bren Mar-Edsall Park
Brandywine,Week5,South Run,Week2,262.0 Brandywine - 140.0 South Run
Bren Mar-Edsall Park,Week5,Hayfield Farm,Week5,362.0 Hayfield Farm - 40.0 Bren Mar-Edsall Park
Bren Mar-Edsall Park,Week3,Annandale,Week3,308.0 Annandale - 89.0 Bren Mar-Edsall Park
Brandywine,Week3,Springboard,Week4,254.0 Brandywine - 143.0 Springboard
Brandywine,Week4,Woodley,Week4,279.0 Brandywine - 123.0 Woodley
Bren Mar-Edsall Park,Week5,Parklawn,Week2,300.0 Parklawn - 101.0 Bren Mar-Edsall Park
Brandywine,Week3,Springboard,Week5,246.0 Brandywine - 156.0 Springboard
Brandywine,Week2,Springboard,Week3,264.0 Brandywine - 138.0 Springboard
Bren Mar-Edsall Park,Week1,Hayfield Farm,Week5,366.0 Hayfield Farm - 36.0 Bren Mar-Edsall Park
Bren Mar-Edsall Park,Week2,Annandale,Week2,325.0 Annandale - 77.0 Bren Mar-Edsall Park
Bren Mar-Edsall Park,Week1,Herndon,Week2,263.0 Herndon - 131.0 Bren Mar-Edsall Park
Bren Mar-Edsall Park,Week1,Annandale,Week2,319.0 Annandale - 82.0 Bren Mar-Edsall Park
Brandywine,Week2,Ravensworth Farm,Week4,241.0 Ravensworth Farm - 161.0 Brandywine
Bren Mar-Edsall Park,Week4,Hayfield Farm,Week1,353.0 Hayfield Farm - 49.0 Bren Mar-Edsall Park
Brandywine,Week1,Springboard,Week5,241.0 Brandywine - 161.0 Springboard
Brandywine,Week3,Ravensworth Farm,Week5,243.0 Ravensworth Farm - 159.0 Brandywine
Brandywine,Week5,Woodley,Week2,303.0 Brandywine - 99.0 Woodley
Brandywine,Week1,Ravensworth Farm,Week5,264.0 Ravensworth Farm - 138.0 Brandywine
Bren Mar-Edsall Park,Week5,Hayfield Farm,Week3,358.0 Hayfield Farm - 43.0 Bren Mar-Edsall Park
Brandywine,Week3,Ravensworth Farm,Week1,208.0 Brandywine - 194.0 Ravensworth Farm
Brandywine,Week2,Springboard,Week5,249.0 Brandywine - 153.0 Springboard
Bren Mar-Edsall Park,Week3,Hayfield Farm,Week3,360.0 Hayfield Farm - 41.0 Bren Mar-Edsall Park
Bren Mar-Edsall Park,Week3,Hayfield Farm,Week1,351.0 Hayfield Farm - 51.0 Bren Mar-Edsall Park
Bren Mar-Edsall Park,Week4,Parklawn,Week2,304.0 Parklawn - 97.0 Bren Mar-Edsall Park
Bren Mar-Edsall Park,Week5,Parklawn,Week1,270.0 Parklawn - 122.0 Bren Mar-Edsall Park
Bren Mar-Edsall Park,Week2,Hayfield Farm,Week4,377.0 Hayfield Farm - 25.0 Bren Mar-Edsall Park
Brandywine,Week3,Ravensworth Farm,Week4,225.0 Ravensworth Farm - 177.0 Brandywine
Bren Mar-Edsall Park,Week4,Parklawn,Week1,258.0 Parklawn - 134.0 Bren Mar-Edsall Park
Brandywine,Week4,Springboard,Week1,274.0 Brandywine - 128.0 Springboard
Bren Mar-Edsall Park,Week4,Parklawn,Week3,291.0 Parklawn - 110.0 Bren Mar-Edsall Park
Brandywine,Week3,Springboard,Week2,272.0 Brandywine - 125.0 Springboard
Brandywine,Week3,Ravensworth Farm,Week2,207.0 Brandywine - 195.0 Ravensworth Farm
Bren Mar-Edsall Park,Week5,Parklawn,Week5,300.0 Parklawn - 90.0 Bren Mar-Edsall Park
Bren Mar-Edsall Park,Week3,Parklawn,Week4,298.0 Parklawn - 103.0 Bren Mar-Edsall Park
Bren Mar-Edsall Park,Week5,Hayfield Farm,Week1,350.0 Hayfield Farm - 52.0 Bren Mar-Edsall Park
Brandywine,Week2,Ravensworth Farm,Week1,220.5 Ravensworth Farm - 181.5 Brandywine
Bren Mar-Edsall Park,Week4,Annandale,Week3,313.0 Annandale - 83.0 Bren Mar-Edsall Park
Bren Mar-Edsall Park,Week2,Parklawn,Week3,301.0 Parklawn - 97.0 Bren Mar-Edsall Park
Brandywine,Week2,Springboard,Week4,255.0 Brandywine - 147.0 Springboard
Bren Mar-Edsall Park,Week3,Annandale,Week1,275.0 Annandale - 121.0 Bren Mar-Edsall Park
Brandywine,Week5,Woodley,Week1,301.0 Brandywine - 101.0 Woodley
Brandywine,Week2,Ravensworth Farm,Week3,232.0 Ravensworth Farm - 170.0 Brandywine
Bren Mar-Edsall Park,Week4,Annandale,Week5,315.0 Annandale - 86.0 Bren Mar-Edsall Park
Brandywine,Week4,Ravensworth Farm,Week3,223.0 Ravensworth Farm - 179.0 Brandywine
Brandywine,Week4,Ravensworth Farm,Week1,204.0 Brandywine - 198.0 Ravensworth Farm
Brandywine,Week1,Springfield,Week3,351.0 Brandywine - 43.0 Springfield
Brandywine,Week4,Ravensworth Farm,Week2,209.0 Brandywine - 193.0 Ravensworth Farm
Brandywine,Week4,Springboard,Week4,265.0 Brandywine - 137.0 Springboard
Bren Mar-Edsall Park,Week5,Overlee,Week5,393.0 Overlee - 9.0 Bren Mar-Edsall Park
Brandywine,Week5,Springboard,Week5,262.0 Brandywine - 139.0 Springboard
Bren Mar-Edsall Park,Week2,Parklawn,Week1,283.0 Parklawn - 109.0 Bren Mar-Edsall Park
Bren Mar-Edsall Park,Week2,Hayfield Farm,Week5,371.0 Hayfield Farm - 31.0 Bren Mar-Edsall Park
Bren Mar-Edsall Park,Week3,Annandale,Week5,324.0 Annandale - 77.0 Bren Mar-Edsall Park
Bren Mar-Edsall Park,Week4,Hayfield Farm,Week5,363.0 Hayfield Farm - 39.0 Bren Mar-Edsall Park
Bren Mar-Edsall Park,Week5,Annandale,Week3,303.0 Annandale - 89.0 Bren Mar-Edsall Park
Bren Mar-Edsall Park,Week5,Parklawn,Week3,286.0 Parklawn - 115.0 Bren Mar-Edsall Park
Brandywine,Week4,Ravensworth Farm,Week4,210.0 Ravensworth Farm - 192.0 Brandywine
Bren Mar-Edsall Park,Week1,Parklawn,Week5,310.0 Parklawn - 87.0 Bren Mar-Edsall Park
Brandywine,Week2,Springfield,Week5,362.0 Brandywine - 33.0 Springfield
Bren Mar-Edsall Park,Week4,Hayfield Farm,Week3,355.0 Hayfield Farm - 43.0 Bren Mar-Edsall Park
Brandywine,Week5,Woodley,Week4,301.0 Brandywine - 101.0 Woodley
Bren Mar-Edsall Park,Week1,Annandale,Week1,291.0 Annandale - 110.0 Bren Mar-Edsall Park
Bren Mar-Edsall Park,Week1,Parklawn,Week2,318.0 Parklawn - 79.0 Bren Mar-Edsall Park
Bren Mar-Edsall Park,Week3,Annandale,Week2,298.0 Annandale - 104.0 Bren Mar-Edsall Park
Brandywine,Week2,Ravensworth Farm,Week5,244.0 Ravensworth Farm - 158.0 Brandywine
Brandywine,Week2,Springfield,Week4,339.0 Brandywine - 58.0 Springfield
Bren Mar-Edsall Park,Week1,Herndon,Week1,267.0 Herndon - 130.0 Bren Mar-Edsall Park
Bren Mar-Edsall Park,Week4,Hayfield Farm,Week2,370.0 Hayfield Farm - 32.0 Bren Mar-Edsall Park
Brandywine,Week1,Springfield,Week4,339.0 Brandywine - 56.0 Springfield
Bren Mar-Edsall Park,Week4,Parklawn,Week4,297.0 Parklawn - 104.0 Bren Mar-Edsall Park
Brandywine,Week4,Ravensworth Farm,Week5,232.0 Ravensworth Farm - 170.0 Brandywine
Brandywine,Week5,Ravensworth Farm,Week1,222.0 Brandywine - 180.0 Ravensworth Farm
Bren Mar-Edsall Park,Week2,Annandale,Week4,318.0 Annandale - 82.0 Bren Mar-Edsall Park
Brandywine,Week3,Ravensworth Farm,Week3,216.0 Ravensworth Farm - 186.0 Brandywine
Brandywine,Week4,Springfield,Week1,356.0 Brandywine - 45.0 Springfield
Bren Mar-Edsall Park,Week2,Hayfield Farm,Week3,368.0 Hayfield Farm - 30.0 Bren Mar-Edsall Park
Brandywine,Week5,Ravensworth Farm,Week2,239.0 Brandywine - 163.0 Ravensworth Farm
Bren Mar-Edsall Park,Week5,Annandale,Week2,310.0 Annandale - 91.0 Bren Mar-Edsall Park
Bren Mar-Edsall Park,Week2,Parklawn,Week5,314.0 Parklawn - 80.0 Bren Mar-Edsall Park
Bren Mar-Edsall Park,Week4,Annandale,Week4,296.0 Annandale - 104.0 Bren Mar-Edsall Park
Brandywine,Week2,Springfield,Week3,342.0 Brandywine - 53.0 Springfield
Bren Mar-Edsall Park,Week1,Hayfield Farm,Week3,363.0 Hayfield Farm - 38.0 Bren Mar-Edsall Park
Bren Mar-Edsall Park,Week2,Hayfield Farm,Week2,382.0 Hayfield Farm - 20.0 Bren Mar-Edsall Park
Bren Mar-Edsall Park,Week4,Parklawn,Week5,294.0 Parklawn - 103.0 Bren Mar-Edsall Park
Bren Mar-Edsall Park,Week2,Parklawn,Week2,322.0 Parklawn - 76.0 Bren Mar-Edsall Park
Brandywine,Week3,Springfield,Week2,335.0 Brandywine - 43.0 Springfield
Brandywine,Week5,Ravensworth Farm,Week4,201.0 Brandywine - 201.0 Ravensworth Farm
Bren Mar-Edsall Park,Week3,Hayfield Farm,Week2,371.0 Hayfield Farm - 31.0 Bren Mar-Edsall Park
Bren Mar-Edsall Park,Week4,Annandale,Week1,282.0 Annandale - 116.0 Bren Mar-Edsall Park
Brandywine,Week5,Springboard,Week3,278.0 Brandywine - 123.0 Springboard
Bren Mar-Edsall Park,Week4,Hayfield Farm,Week4,367.0 Hayfield Farm - 35.0 Bren Mar-Edsall Park
Bren Mar-Edsall Park,Week1,Annandale,Week5,331.0 Annandale - 71.0 Bren Mar-Edsall Park
Bren Mar-Edsall Park,Week2,Annandale,Week5,336.0 Annandale - 66.0 Bren Mar-Edsall Park
Bren Mar-Edsall Park,Week3,Parklawn,Week5,298.0 Parklawn - 97.0 Bren Mar-Edsall Park
Brandywine,Week5,Woodley,Week3,306.0 Brandywine - 96.0 Woodley
Brandywine,Week3,Springfield,Week5,338.0 Brandywine - 40.0 Springfield
Brandywine,Week3,Springfield,Week4,323.0 Brandywine - 61.0 Springfield
Brandywine,Week5,Ravensworth Farm,Week3,203.0 Brandywine - 199.0 Ravensworth Farm
Brandywine,Week4,Springfield,Week4,341.0 Brandywine - 60.0 Springfield
Brandywine,Week2,Springfield,Week1,341.0 Brandywine - 54.0 Springfield
Bren Mar-Edsall Park,Week5,Parklawn,Week4,303.0 Parklawn - 92.0 Bren Mar-Edsall Park
Brandywine,Week2,Springfield,Week2,352.5 Brandywine - 44.5 Springfield
Bren Mar-Edsall Park,Week1,Brandywine,Week3,333.0 Brandywine - 68.0 Bren Mar-Edsall Park
Brandywine,Week5,Springboard,Week2,295.0 Brandywine - 106.0 Springboard
Brandywine,Week1,Sully Station,Week2,263.0 Sully Station - 139.0 Brandywine
Bren Mar-Edsall Park,Week1,Arlington Forest,Week1,375.0 Arlington Forest - 27.0 Bren Mar-Edsall Park
Bren Mar-Edsall Park,Week1,Arlington Forest,Week3,361.0 Arlington Forest - 40.0 Bren Mar-Edsall Park
Brandywine,Week5,Springfield,Week3,364.0 Brandywine - 36.0 Springfield
Brandywine,Week2,Stratford,Week3,252.0 Brandywine - 150.0 Stratford
Bren Mar-Edsall Park,Week5,Annandale,Week4,298.0 Annandale - 103.0 Bren Mar-Edsall Park
Bren Mar-Edsall Park,Week4,Arlington Forest,Week2,355.0 Arlington Forest - 42.0 Bren Mar-Edsall Park
Bren Mar-Edsall Park,Week1,Brandywine,Week1,359.0 Brandywine - 43.0 Bren Mar-Edsall Park
Bren Mar-Edsall Park,Week1,Arlington Forest,Week5,365.0 Arlington Forest - 36.0 Bren Mar-Edsall Park
Brandywine,Week5,Stratford,Week3,285.0 Brandywine - 117.0 Stratford
Brandywine,Week1,Springfield,Week1,347.0 Brandywine - 47.0 Springfield
Bren Mar-Edsall Park,Week5,Annandale,Week5,318.0 Annandale - 84.0 Bren Mar-Edsall Park
Bren Mar-Edsall Park,Week4,Arlington Forest,Week4,364.0 Arlington Forest - 38.0 Bren Mar-Edsall Park
Brandywine,Week1,Stratford,Week2,244.0 Brandywine - 158.0 Stratford
Bren Mar-Edsall Park,Week5,Arlington Forest,Week1,365.0 Arlington Forest - 32.0 Bren Mar-Edsall Park
Brandywine,Week1,Springfield,Week2,347.0 Brandywine - 48.0 Springfield
Bren Mar-Edsall Park,Week5,Arlington Forest,Week3,350.0 Arlington Forest - 52.0 Bren Mar-Edsall Park
Brandywine,Week3,Springfield,Week1,336.0 Brandywine - 48.0 Springfield
Brandywine,Week2,Stratford,Week2,252.0 Brandywine - 150.0 Stratford
Bren Mar-Edsall Park,Week3,Arlington Forest,Week2,359.0 Arlington Forest - 43.0 Bren Mar-Edsall Park
Brandywine,Week4,Stratford,Week3,274.0 Brandywine - 128.0 Stratford
Bren Mar-Edsall Park,Week5,Arlington Forest,Week2,351.0 Arlington Forest - 46.0 Bren Mar-Edsall Park
Bren Mar-Edsall Park,Week5,Arlington Forest,Week5,357.0 Arlington Forest - 40.0 Bren Mar-Edsall Park
Bren Mar-Edsall Park,Week2,Arlington Forest,Week2,367.0 Arlington Forest - 30.0 Bren Mar-Edsall Park
Bren Mar-Edsall Park,Week1,Arlington Forest,Week2,364.0 Arlington Forest - 38.0 Bren Mar-Edsall Park
Bren Mar-Edsall Park,Week3,Arlington Forest,Week4,370.0 Arlington Forest - 32.0 Bren Mar-Edsall Park
Brandywine,Week5,Springboard,Week1,286.0 Brandywine - 115.0 Springboard
Brandywine,Week4,Springfield,Week2,351.0 Brandywine - 50.0 Springfield
Brandywine,Week1,Stratford,Week3,248.0 Brandywine - 154.0 Stratford
Bren Mar-Edsall Park,Week3,Arlington Forest,Week1,371.0 Arlington Forest - 26.0 Bren Mar-Edsall Park
Brandywine,Week5,Springboard,Week4,266.0 Brandywine - 136.0 Springboard
Bren Mar-Edsall Park,Week2,Arlington Forest,Week5,361.0 Arlington Forest - 36.0 Bren Mar-Edsall Park
Brandywine,Week3,Springfield,Week3,337.0 Brandywine - 35.0 Springfield
Bren Mar-Edsall Park,Week2,Arlington Forest,Week3,364.0 Arlington Forest - 37.0 Bren Mar-Edsall Park
Bren Mar-Edsall Park,Week4,Arlington Forest,Week3,352.0 Arlington Forest - 50.0 Bren Mar-Edsall Park
Brandywine,Week4,Springfield,Week3,359.0 Brandywine - 41.0 Springfield
Brandywine,Week5,Springfield,Week5,371.0 Brandywine - 29.0 Springfield
Brandywine,Week1,Springfield,Week5,356.0 Brandywine - 37.0 Springfield
Bren Mar-Edsall Park,Week1,Brandywine,Week4,362.0 Brandywine - 40.0 Bren Mar-Edsall Park
Brandywine,Week4,Stratford,Week4,243.0 Brandywine - 159.0 Stratford
Bren Mar-Edsall Park,Week4,Arlington Forest,Week5,363.0 Arlington Forest - 34.0 Bren Mar-Edsall Park
Bren Mar-Edsall Park,Week2,Arlington Forest,Week1,376.0 Arlington Forest - 26.0 Bren Mar-Edsall Park
Brandywine,Week1,Stratford,Week4,219.0 Brandywine - 183.0 Stratford
Bren Mar-Edsall Park,Week4,Brandywine,Week4,348.0 Brandywine - 54.0 Bren Mar-Edsall Park
Bren Mar-Edsall Park,Week2,Bren Mar-Edsall Park,Week2,191.5 Bren Mar-Edsall Park (BEP1) - 191.5 Bren Mar-Edsall Park (BEP2)
Brandywine,Week5,Springfield,Week1,370.0 Brandywine - 31.0 Springfield
Bren Mar-Edsall Park,Week1,Brandywine,Week2,354.0 Brandywine - 46.0 Bren Mar-Edsall Park
Brandywine,Week2,Stratford,Week4,232.0 Brandywine - 170.0 Stratford
Bren Mar-Edsall Park,Week5,Brandywine,Week2,327.0 Brandywine - 75.0 Bren Mar-Edsall Park
Brandywine,Week3,Sully Station,Week1,250.0 Sully Station - 152.0 Brandywine
Brandywine,Week5,Stratford,Week1,287.0 Brandywine - 115.0 Stratford
Brandywine,Week2,Stratford,Week5,244.0 Brandywine - 157.0 Stratford
Bren Mar-Edsall Park,Week3,Arlington Forest,Week5,362.0 Arlington Forest - 40.0 Bren Mar-Edsall Park
Brandywine,Week1,Stratford,Week5,240.0 Brandywine - 162.0 Stratford
Brandywine,Week3,Stratford,Week2,261.0 Brandywine - 137.0 Stratford
Brandywine,Week4,Springfield,Week5,363.0 Brandywine - 38.0 Springfield
Bren Mar-Edsall Park,Week5,Arlington Forest,Week4,370.0 Arlington Forest - 32.0 Bren Mar-Edsall Park
Brandywine,Week3,Stratford,Week1,267.0 Brandywine - 121.0 Stratford
Bren Mar-Edsall Park,Week2,Brandywine,Week1,352.0 Brandywine - 50.0 Bren Mar-Edsall Park
Bren Mar-Edsall Park,Week4,Arlington Forest,Week1,366.0 Arlington Forest - 36.0 Bren Mar-Edsall Park
Bren Mar-Edsall Park,Week1,Brandywine,Week5,367.0 Brandywine - 35.0 Bren Mar-Edsall Park
Bren Mar-Edsall Park,Week2,Arlington Forest,Week4,377.0 Arlington Forest - 25.0 Bren Mar-Edsall Park
Brandywine,Week3,Stratford,Week4,238.0 Brandywine - 163.0 Stratford
Bren Mar-Edsall Park,Week3,Arlington Forest,Week3,359.0 Arlington Forest - 43.0 Bren Mar-Edsall Park
Brandywine,Week5,Springfield,Week2,368.0 Brandywine - 33.0 Springfield
Brandywine,Week3,Stratford,Week5,257.0 Brandywine - 140.0 Stratford
Brandywine,Week2,Stratford,Week1,258.0 Brandywine - 144.0 Stratford
Bren Mar-Edsall Park,Week5,Brandywine,Week4,350.0 Brandywine - 52.0 Bren Mar-Edsall Park
Bren Mar-Edsall Park,Week3,Bren Mar-Edsall Park,Week1,247.0 Bren Mar-Edsall Park (BEP1) - 153.0 Bren Mar-Edsall Park (BEP2)
Brandywine,Week1,Sully Station,Week5,277.0 Sully Station - 125.0 Brandywine
Brandywine,Week5,Stratford,Week4,260.0 Brandywine - 142.0 Stratford
Bren Mar-Edsall Park,Week4,Brandywine,Week1,341.0 Brandywine - 61.0 Bren Mar-Edsall Park
Bren Mar-Edsall Park,Week3,Brandywine,Week2,327.0 Brandywine - 75.0 Bren Mar-Edsall Park
Brandywine,Week4,Stratford,Week5,271.0 Brandywine - 131.0 Stratford
Bren Mar-Edsall Park,Week5,Brandywine,Week3,312.0 Brandywine - 80.0 Bren Mar-Edsall Park
Brandywine,Week5,Stratford,Week2,274.0 Brandywine - 128.0 Stratford
Bren Mar-Edsall Park,Week1,Bren Mar-Edsall Park,Week5,227.0 Bren Mar-Edsall Park (BEP2) - 169.0 Bren Mar-Edsall Park (BEP1)
Brandywine,Week5,Springfield,Week4,351.0 Brandywine - 50.0 Springfield
Bren Mar-Edsall Park,Week4,Brandywine,Week3,315.0 Brandywine - 86.0 Bren Mar-Edsall Park
Brandywine,Week1,Sully Station,Week1,274.0 Sully Station - 128.0 Brandywine
Brandywine,Week4,Stratford,Week2,273.0 Brandywine - 129.0 Stratford
Arlington Forest,Week5,Woodley,Week4,308.0 Arlington Forest - 94.0 Woodley
Brandywine,Week4,Stratford,Week1,294.0 Brandywine - 108.0 Stratford
Brandywine,Week1,Sully Station,Week4,279.0 Sully Station - 123.0 Brandywine
Arlington Forest,Week5,Woodley,Week3,302.0 Arlington Forest - 100.0 Woodley
Brandywine,Week1,Stratford,Week1,265.0 Brandywine - 137.0 Stratford
Bren Mar-Edsall Park,Week2,Brandywine,Week4,363.0 Brandywine - 39.0 Bren Mar-Edsall Park
Brandywine,Week3,Stratford,Week3,255.0 Brandywine - 143.0 Stratford
Bren Mar-Edsall Park,Week2,Brandywine,Week5,370.0 Brandywine - 32.0 Bren Mar-Edsall Park
Bren Mar-Edsall Park,Week1,Bren Mar-Edsall Park,Week3,247.0 Bren Mar-Edsall Park (BEP2) - 153.0 Bren Mar-Edsall Park (BEP1)
Arlington Forest,Week5,Woodley,Week1,308.0 Arlington Forest - 94.0 Woodley
Brandywine,Week5,Stratford,Week5,272.0 Brandywine - 130.0 Stratford
Bren Mar-Edsall Park,Week2,Brandywine,Week2,338.0 Brandywine - 64.0 Bren Mar-Edsall Park
Brandywine,Week1,Sully Station,Week3,272.0 Sully Station - 130.0 Brandywine
Bren Mar-Edsall Park,Week4,Brandywine,Week2,328.0 Brandywine - 74.0 Bren Mar-Edsall Park
Bren Mar-Edsall Park,Week3,Brandywine,Week4,349.0 Brandywine - 53.0 Bren Mar-Edsall Park
Bren Mar-Edsall Park,Week5,Brandywine,Week1,328.0 Brandywine - 74.0 Bren Mar-Edsall Park
Arlington Forest,Week3,Woodley,Week3,273.5 Arlington Forest - 128.5 Woodley
Bren Mar-Edsall Park,Week1,Bren Mar-Edsall Park,Week4,246.0 Bren Mar-Edsall Park (BEP2) - 147.0 Bren Mar-Edsall Park (BEP1)
Bren Mar-Edsall Park,Week5,Brandywine,Week5,352.0 Brandywine - 50.0 Bren Mar-Edsall Park
Bren Mar-Edsall Park,Week3,Brandywine,Week1,335.0 Brandywine - 67.0 Bren Mar-Edsall Park
Arlington Forest,Week3,Woodley,Week2,262.5 Arlington Forest - 138.5 Woodley
Arlington Forest,Week3,Woodley,Week5,245.0 Arlington Forest - 156.0 Woodley
Arlington Forest,Week4,Woodley,Week1,311.0 Arlington Forest - 91.0 Woodley
Bren Mar-Edsall Park,Week2,Bren Mar-Edsall Park,Week4,253.0 Bren Mar-Edsall Park (BEP2) - 135.0 Bren Mar-Edsall Park (BEP1)
Bren Mar-Edsall Park,Week3,Brandywine,Week3,319.0 Brandywine - 77.0 Bren Mar-Edsall Park
Brandywine,Week2,Sully Station,Week2,240.0 Sully Station - 162.0 Brandywine
Bren Mar-Edsall Park,Week2,Bren Mar-Edsall Park,Week5,226.0 Bren Mar-Edsall Park (BEP2) - 166.0 Bren Mar-Edsall Park (BEP1)
Brandywine,Week4,Sully Station,Week1,258.0 Sully Station - 144.0 Brandywine
Bren Mar-Edsall Park,Week1,Bren Mar-Edsall Park,Week2,204.0 Bren Mar-Edsall Park (BEP2) - 193.0 Bren Mar-Edsall Park (BEP1)
Brandywine,Week4,Sully Station,Week4,261.0 Sully Station - 141.0 Brandywine
Brandywine,Week3,Sully Station,Week5,257.0 Sully Station - 145.0 Brandywine
Brandywine,Week1,Sully Station II,Week2,280.0 Sully Station II - 122.0 Brandywine
Brandywine,Week2,Sully Station,Week1,266.0 Sully Station - 136.0 Brandywine
Bren Mar-Edsall Park,Week1,Brookfield ,Week1,370.0 Brookfield - 32.0 Bren Mar-Edsall Park
Brandywine,Week2,Sully Station,Week5,251.5 Sully Station - 150.5 Brandywine
Bren Mar-Edsall Park,Week2,Bren Mar-Edsall Park,Week1,204.0 Bren Mar-Edsall Park (BEP1) - 193.0 Bren Mar-Edsall Park (BEP2)
Arlington Forest,Week4,Woodley,Week2,298.0 Arlington Forest - 104.0 Woodley
Brandywine,Week1,Sully Station II,Week3,284.0 Sully Station II - 118.0 Brandywine
Brandywine,Week1,Sully Station II,Week1,256.0 Sully Station II - 146.0 Brandywine
Arlington Forest,Week4,Woodley,Week3,302.0 Arlington Forest - 100.0 Woodley
Arlington Forest,Week4,Woodley,Week5,299.0 Arlington Forest - 103.0 Woodley
Brandywine,Week4,Sully Station,Week3,246.0 Sully Station - 156.0 Brandywine
Arlington Forest,Week5,Woodley,Week2,292.0 Arlington Forest - 110.0 Woodley
Brandywine,Week5,Sully Station,Week2,231.0 Sully Station - 171.0 Brandywine
Bren Mar-Edsall Park,Week2,Bren Mar-Edsall Park,Week3,256.0 Bren Mar-Edsall Park (BEP2) - 142.0 Bren Mar-Edsall Park (BEP1)
Bren Mar-Edsall Park,Week3,Brandywine,Week5,356.0 Brandywine - 46.0 Bren Mar-Edsall Park
Brandywine,Week2,Sully Station,Week4,257.0 Sully Station - 145.0 Brandywine
Bren Mar-Edsall Park,Week2,Brandywine,Week3,332.0 Brandywine - 66.0 Bren Mar-Edsall Park
Arlington Forest,Week4,Woodley,Week4,303.0 Arlington Forest - 99.0 Woodley
Bren Mar-Edsall Park,Week4,Bren Mar-Edsall Park,Week5,216.0 Bren Mar-Edsall Park (BEP1) - 176.0 Bren Mar-Edsall Park (BEP2)
Arlington Forest,Week3,Woodley,Week4,266.0 Arlington Forest - 136.0 Woodley
Brandywine,Week3,Sully Station,Week2,236.0 Sully Station - 166.0 Brandywine
Bren Mar-Edsall Park,Week1,Bren Mar-Edsall Park,Week1,194.0 Bren Mar-Edsall Park (BEP1) - 194.0 Bren Mar-Edsall Park (BEP2)
Brandywine,Week2,Sully Station,Week3,245.0 Sully Station - 157.0 Brandywine
Brandywine,Week3,Sully Station,Week4,248.0 Sully Station - 154.0 Brandywine
Brandywine,Week4,Sully Station,Week5,260.0 Sully Station - 142.0 Brandywine
Bren Mar-Edsall Park,Week4,Brandywine,Week5,362.0 Brandywine - 40.0 Bren Mar-Edsall Park
Brandywine,Week4,Sully Station,Week2,244.0 Sully Station - 158.0 Brandywine
Bren Mar-Edsall Park,Week4,Bren Mar-Edsall Park,Week4,192.0 Bren Mar-Edsall Park (BEP1) - 192.0 Bren Mar-Edsall Park (BEP2)
Brandywine,Week5,Sully Station,Week1,254.0 Sully Station - 148.0 Brandywine
Brandywine,Week1,Sully Station II,Week5,291.0 Sully Station II - 111.0 Brandywine
Brandywine,Week1,Truro,Week1,238.0 Brandywine - 164.0 Truro
Bren Mar-Edsall Park,Week4,Brookfield ,Week5,350.0 Brookfield - 52.0 Bren Mar-Edsall Park
Brandywine,Week5,Sully Station,Week3,243.0 Sully Station - 159.0 Brandywine
Bren Mar-Edsall Park,Week3,Brookfield ,Week2,356.0 Brookfield - 46.0 Bren Mar-Edsall Park
Bren Mar-Edsall Park,Week1,Brookfield ,Week2,371.0 Brookfield - 31.0 Bren Mar-Edsall Park
Bren Mar-Edsall Park,Week3,Bren Mar-Edsall Park,Week3,197.0 Bren Mar-Edsall Park (BEP1) - 197.0 Bren Mar-Edsall Park (BEP2)
Bren Mar-Edsall Park,Week3,Bren Mar-Edsall Park,Week2,256.0 Bren Mar-Edsall Park (BEP1) - 142.0 Bren Mar-Edsall Park (BEP2)
Brandywine,Week5,Sully Station,Week5,254.0 Sully Station - 148.0 Brandywine
Bren Mar-Edsall Park,Week5,Bren Mar-Edsall Park,Week3,217.0 Bren Mar-Edsall Park (BEP2) - 179.0 Bren Mar-Edsall Park (BEP1)
Brandywine,Week2,Sully Station II,Week2,264.0 Sully Station II - 137.0 Brandywine
Bren Mar-Edsall Park,Week1,Brookfield ,Week3,364.0 Brookfield - 37.0 Bren Mar-Edsall Park
Bren Mar-Edsall Park,Week5,Bren Mar-Edsall Park,Week5,184.0 Bren Mar-Edsall Park (BEP1) - 184.0 Bren Mar-Edsall Park (BEP2)
Brandywine,Week4,Sully Station II,Week5,273.0 Sully Station II - 129.0 Brandywine
Brandywine,Week2,Sully Station II,Week3,275.0 Sully Station II - 127.0 Brandywine
Bren Mar-Edsall Park,Week5,Bren Mar-Edsall Park,Week4,216.0 Bren Mar-Edsall Park (BEP2) - 176.0 Bren Mar-Edsall Park (BEP1)
Brandywine,Week3,Sully Station,Week3,246.0 Sully Station - 156.0 Brandywine
Bren Mar-Edsall Park,Week2,Brookfield ,Week1,369.0 Brookfield - 33.0 Bren Mar-Edsall Park
Bren Mar-Edsall Park,Week4,Brookfield ,Week1,354.0 Brookfield - 48.0 Bren Mar-Edsall Park
Brandywine,Week5,Sully Station,Week4,248.0 Sully Station - 154.0 Brandywine
Brandywine,Week2,Sully Station II,Week1,243.0 Sully Station II - 158.0 Brandywine
Bren Mar-Edsall Park,Week2,Brookfield ,Week2,362.0 Brookfield - 40.0 Bren Mar-Edsall Park
Bren Mar-Edsall Park,Week2,Brookfield ,Week4,370.0 Brookfield - 32.0 Bren Mar-Edsall Park
Bren Mar-Edsall Park,Week1,Brookfield ,Week5,372.5 Brookfield - 29.5 Bren Mar-Edsall Park
Brandywine,Week2,Truro,Week5,254.0 Brandywine - 148.0 Truro
Brandywine,Week1,Sully Station II,Week4,241.0 Sully Station II - 161.0 Brandywine
Bren Mar-Edsall Park,Week2,Brookfield ,Week3,359.0 Brookfield - 42.0 Bren Mar-Edsall Park
Brandywine,Week1,Truro,Week5,240.0 Brandywine - 162.0 Truro
Brandywine,Week4,Fox Mill Estates,Week1,254.0 Brandywine - 148.0 Fox Mill Estates
Brandywine,Week4,Truro,Week2,283.0 Brandywine - 119.0 Truro
Bren Mar-Edsall Park,Week5,Bren Mar-Edsall Park,Week2,226.0 Bren Mar-Edsall Park (BEP1) - 166.0 Bren Mar-Edsall Park (BEP2)
Brandywine,Week1,Truro,Week2,255.0 Brandywine - 147.0 Truro
Brandywine,Week4,Sully Station II,Week4,227.5 Sully Station II - 174.5 Brandywine
Bren Mar-Edsall Park,Week3,Brookfield ,Week4,359.0 Brookfield - 43.0 Bren Mar-Edsall Park
Brandywine,Week3,Fox Mill Estates,Week1,252.0 Brandywine - 145.0 Fox Mill Estates
Bren Mar-Edsall Park,Week3,Bren Mar-Edsall Park,Week5,217.0 Bren Mar-Edsall Park (BEP1) - 179.0 Bren Mar-Edsall Park (BEP2)
Brandywine,Week1,Fox Mill Estates,Week1,230.0 Brandywine - 172.0 Fox Mill Estates
Brandywine,Week2,Truro,Week2,256.0 Brandywine - 146.0 Truro
Bren Mar-Edsall Park,Week1,Brookfield ,Week4,376.0 Brookfield - 26.0 Bren Mar-Edsall Park
Brandywine,Week3,Sully Station II,Week3,265.0 Sully Station II - 137.0 Brandywine
Brandywine,Week5,Sully Station II,Week3,251.0 Sully Station II - 151.0 Brandywine
Bren Mar-Edsall Park,Week5,Bren Mar-Edsall Park,Week1,227.0 Bren Mar-Edsall Park (BEP1) - 169.0 Bren Mar-Edsall Park (BEP2)
Bren Mar-Edsall Park,Week3,Bren Mar-Edsall Park,Week4,212.0 Bren Mar-Edsall Park (BEP2) - 185.0 Bren Mar-Edsall Park (BEP1)
Brandywine,Week4,Truro,Week1,265.0 Brandywine - 137.0 Truro
Bren Mar-Edsall Park,Week4,Bren Mar-Edsall Park,Week1,246.0 Bren Mar-Edsall Park (BEP1) - 147.0 Bren Mar-Edsall Park (BEP2)
Bren Mar-Edsall Park,Week4,Bren Mar-Edsall Park,Week3,212.0 Bren Mar-Edsall Park (BEP1) - 185.0 Bren Mar-Edsall Park (BEP2)
Bren Mar-Edsall Park,Week3,Brookfield ,Week1,361.0 Brookfield - 41.0 Bren Mar-Edsall Park
Brandywine,Week2,Truro,Week1,244.0 Brandywine - 158.0 Truro
Bren Mar-Edsall Park,Week2,Brookfield ,Week5,368.0 Brookfield - 34.0 Bren Mar-Edsall Park
Brandywine,Week3,Sully Station II,Week2,255.0 Sully Station II - 146.0 Brandywine
Brandywine,Week4,Fox Hunt,Week4,205.0 Fox Hunt - 197.0 Brandywine
Brandywine,Week4,Fox Mill Estates,Week3,232.0 Brandywine - 170.0 Fox Mill Estates
Brandywine,Week1,Truro,Week3,252.0 Brandywine - 150.0 Truro
Brandywine,Week5,Sully Station II,Week4,205.0 Sully Station II - 197.0 Brandywine
Brandywine,Week2,Sully Station II,Week4,231.0 Sully Station II - 171.0 Brandywine
Bren Mar-Edsall Park,Week4,Bren Mar-Edsall Park,Week2,253.0 Bren Mar-Edsall Park (BEP1) - 135.0 Bren Mar-Edsall Park (BEP2)
Bren Mar-Edsall Park,Week4,Brookfield ,Week3,342.0 Brookfield - 60.0 Bren Mar-Edsall Park
Bren Mar-Edsall Park,Week3,Brookfield ,Week3,350.0 Brookfield - 52.0 Bren Mar-Edsall Park
Brandywine,Week2,Sully Station II,Week5,281.0 Sully Station II - 121.0 Brandywine
Bren Mar-Edsall Park,Week3,Brookfield ,Week5,355.0 Brookfield - 47.0 Bren Mar-Edsall Park
Brandywine,Week5,Sully Station II,Week2,235.0 Sully Station II - 167.0 Brandywine
Bren Mar-Edsall Park,Week4,Brookfield ,Week4,357.0 Brookfield - 45.0 Bren Mar-Edsall Park
Brandywine,Week2,Truro,Week3,251.0 Brandywine - 151.0 Truro
Bren Mar-Edsall Park,Week4,Brookfield ,Week2,352.0 Brookfield - 50.0 Bren Mar-Edsall Park
Brandywine,Week5,Fox Hunt,Week5,212.5 Fox Hunt - 189.5 Brandywine
Brandywine,Week5,Fox Hunt,Week3,207.0 Brandywine - 195.0 Fox Hunt
Brandywine,Week3,Fox Mill Estates,Week3,227.0 Brandywine - 175.0 Fox Mill Estates
Brandywine,Week2,Fox Mill Estates,Week3,217.0 Brandywine - 185.0 Fox Mill Estates
Bren Mar-Edsall Park,Week1,Broyhill Crest,Week3,228.0 Broyhill Crest - 168.0 Bren Mar-Edsall Park
Bren Mar-Edsall Park,Week5,Broyhill Crest,Week4,215.0 Broyhill Crest - 181.0 Bren Mar-Edsall Park
Brandywine,Week3,Fox Hunt,Week4,218.0 Fox Hunt - 184.0 Brandywine
Bren Mar-Edsall Park,Week2,Broyhill Crest,Week5,287.0 Broyhill Crest - 109.0 Bren Mar-Edsall Park
Brandywine,Week1,Fox Mill Estates,Week3,215.0 Brandywine - 187.0 Fox Mill Estates
Brandywine,Week2,Fox Mill Estates,Week1,239.0 Brandywine - 163.0 Fox Mill Estates
Brandywine,Week5,Sully Station II,Week5,252.0 Sully Station II - 150.0 Brandywine
Brandywine,Week3,Fox Hunt,Week3,209.0 Fox Hunt - 183.0 Brandywine
Brandywine,Week1,Truro,Week4,230.0 Brandywine - 172.0 Truro
Brandywine,Week3,Sully Station II,Week1,237.0 Sully Station II - 163.0 Brandywine
Brandywine,Week4,Fox Hunt,Week3,210.0 Fox Hunt - 192.0 Brandywine
Brandywine,Week4,Sully Station II,Week3,263.0 Sully Station II - 139.0 Brandywine
Brandywine,Week3,Sully Station II,Week4,235.0 Sully Station II - 167.0 Brandywine
Bren Mar-Edsall Park,Week4,Broyhill Crest,Week3,202.0 Bren Mar-Edsall Park - 193.0 Broyhill Crest
Brookfield ,Week1,Donaldson Run,Week1,278.0 Donaldson Run - 124.0 Brookfield
Brookfield ,Week1,Country Club Hills,Week4,226.0 Brookfield - 176.0 Country Club Hills
Brookfield ,Week4,Long Branch,Week2,241.0 Brookfield - 161.0 Long Branch
Brookfield ,Week5,Truro,Week2,269.0 Brookfield - 133.0 Truro
Brookfield ,Week4,Truro,Week4,251.0 Brookfield - 151.0 Truro
Broyhill Crest,Week1,Chesterbrook,Week5,400.0 Chesterbrook - 2.0 Broyhill Crest
Brookfield ,Week3,Country Club Hills,Week3,202.0 Brookfield - 200.0 Country Club Hills
Brookfield ,Week1,Truro,Week1,262.0 Brookfield - 140.0 Truro
Brookfield ,Week2,Long Branch,Week3,241.0 Brookfield - 161.0 Long Branch
Brookfield ,Week1,Crosspointe,Week1,275.0 Crosspointe - 127.0 Brookfield
Brookfield ,Week2,Truro,Week4,230.0 Brookfield - 172.0 Truro
Broyhill Crest,Week1,Chesterbrook,Week2,401.0 Chesterbrook - 1.0 Broyhill Crest
Brookfield ,Week1,Long Branch,Week5,249.0 Brookfield - 153.0 Long Branch
Brookfield ,Week4,Dominion Hills,Week5,244.0 Dominion Hills - 158.0 Brookfield
Brookfield ,Week3,Truro,Week1,249.0 Brookfield - 152.0 Truro
Brookfield ,Week3,Long Branch,Week5,221.0 Brookfield - 180.0 Long Branch
Brookfield ,Week2,Rolling Forest,Week4,215.0 Brookfield - 187.0 Rolling Forest
Broyhill Crest,Week3,Pinecrest,Week5,383.0 Pinecrest - 18.0 Broyhill Crest
Broyhill Crest,Week2,Commonwealth,Week3,311.0 Commonwealth - 86.0 Broyhill Crest
Brookfield ,Week5,Riverside Gardens,Week5,272.0 Riverside Gardens - 130.0 Brookfield
Brookfield ,Week3,Truro,Week3,263.0 Brookfield - 139.0 Truro
Brookfield ,Week4,Riverside Gardens,Week3,256.0 Riverside Gardens - 146.0 Brookfield
Broyhill Crest,Week2,Pinewood Lake,Week4,266.0 Broyhill Crest - 119.0 Pinewood Lake
Brookfield ,Week3,Long Branch,Week2,227.0 Brookfield - 174.0 Long Branch
Brookfield ,Week3,Rolling Forest,Week2,207.0 Brookfield - 195.0 Rolling Forest
Brookfield ,Week3,Rolling Forest,Week5,227.0 Rolling Forest - 175.0 Brookfield
Broyhill Crest,Week5,Cardinal Hill,Week4,367.0 Cardinal Hill - 35.0 Broyhill Crest
Broyhill Crest,Week1,Chesterbrook,Week4,400.0 Chesterbrook - 2.0 Broyhill Crest
Broyhill Crest,Week3,Pinecrest,Week3,388.0 Pinecrest - 14.0 Broyhill Crest
Broyhill Crest,Week5,Cardinal Hill,Week5,359.0 Cardinal Hill - 42.0 Broyhill Crest
Brookfield ,Week1,Donaldson Run,Week3,285.0 Donaldson Run - 117.0 Brookfield
Brookfield ,Week3,Long Branch,Week3,247.5 Brookfield - 154.5 Long Branch
Broyhill Crest,Week1,Commonwealth,Week1,267.0 Commonwealth - 128.0 Broyhill Crest
Broyhill Crest,Week2,Pinecrest,Week1,379.0 Pinecrest - 23.0 Broyhill Crest
Brookfield ,Week3,Rolling Forest,Week4,202.0 Rolling Forest - 200.0 Brookfield
Brookfield ,Week5,Dominion Hills,Week5,250.0 Dominion Hills - 152.0 Brookfield
Brookfield ,Week1,Donaldson Run,Week4,293.0 Donaldson Run - 109.0 Brookfield
Brookfield ,Week3,Riverside Gardens,Week5,278.0 Riverside Gardens - 124.0 Brookfield
Brookfield ,Week1,Crosspointe,Week5,294.0 Crosspointe - 108.0 Brookfield
Broyhill Crest,Week1,Commonwealth,Week5,321.0 Commonwealth - 78.0 Broyhill Crest
Brookfield ,Week5,Country Club Hills,Week3,215.5 Brookfield - 186.5 Country Club Hills
Broyhill Crest,Week5,Pinecrest,Week2,370.0 Pinecrest - 32.0 Broyhill Crest
Brookfield ,Week2,Tuckahoe,Week2,347.0 Tuckahoe - 55.0 Brookfield
Brookfield ,Week5,Riverside Gardens,Week4,272.0 Riverside Gardens - 130.0 Brookfield
Brookfield ,Week3,Dominion Hills,Week4,233.5 Dominion Hills - 168.5 Brookfield
Brookfield ,Week2,Long Branch,Week5,217.0 Brookfield - 185.0 Long Branch
Broyhill Crest,Week2,Pinecrest,Week5,383.0 Pinecrest - 19.0 Broyhill Crest
Brookfield ,Week2,Truro,Week3,263.0 Brookfield - 139.0 Truro
Broyhill Crest,Week4,Parliament,Week3,338.0 Parliament - 63.0 Broyhill Crest
Brookfield ,Week4,Riverside Gardens,Week5,260.0 Riverside Gardens - 142.0 Brookfield
Broyhill Crest,Week3,Pinewood Lake,Week5,271.0 Broyhill Crest - 126.0 Pinewood Lake
Broyhill Crest,Week4,Parliament,Week2,322.0 Parliament - 76.0 Broyhill Crest
Brookfield ,Week2,Donaldson Run,Week2,286.0 Donaldson Run - 116.0 Brookfield
Brookfield ,Week3,Truro,Week2,269.5 Brookfield - 131.5 Truro
Brookfield ,Week4,Riverside Gardens,Week4,263.0 Riverside Gardens - 139.0 Brookfield
Brookfield ,Week3,Dominion Hills,Week3,203.0 Dominion Hills - 199.0 Brookfield
Broyhill Crest,Week1,Chesterbrook,Week3,399.0 Chesterbrook - 3.0 Broyhill Crest
Brookfield ,Week4,Dominion Hills,Week1,201.0 Brookfield - 201.0 Dominion Hills
Broyhill Crest,Week5,Cardinal Hill,Week3,371.0 Cardinal Hill - 31.0 Broyhill Crest
Brookfield ,Week4,Long Branch,Week3,253.0 Brookfield - 149.0 Long Branch
Brookfield ,Week1,Crosspointe,Week4,268.0 Crosspointe - 134.0 Brookfield
Brookfield ,Week2,Riverside Gardens,Week5,286.0 Riverside Gardens - 116.0 Brookfield
Brookfield ,Week1,Truro,Week5,263.0 Brookfield - 139.0 Truro
Brookfield ,Week1,Truro,Week4,255.0 Brookfield - 147.0 Truro
Brookfield ,Week3,Little Rocky Run,Week2,276.0 Little Rocky Run - 126.0 Brookfield
Brookfield ,Week3,Country Club Hills,Week2,220.0 Brookfield - 182.0 Country Club Hills
Brookfield ,Week5,Dominion Hills,Week3,219.0 Dominion Hills - 183.0 Brookfield
Brookfield ,Week4,Dominion Hills,Week3,212.0 Brookfield - 190.0 Dominion Hills
Brookfield ,Week5,Country Club Hills,Week5,211.0 Country Club Hills - 191.0 Brookfield
Brookfield ,Week3,Truro,Week4,221.0 Brookfield - 181.0 Truro
Brookfield ,Week3,Riverside Gardens,Week3,271.0 Riverside Gardens - 131.0 Brookfield
Brookfield ,Week1,Crosspointe,Week2,259.0 Crosspointe - 143.0 Brookfield
Brookfield ,Week2,Country Club Hills,Week3,216.0 Brookfield - 186.0 Country Club Hills
Brookfield ,Week2,Crosspointe,Week2,269.0 Crosspointe - 133.0 Brookfield
Broyhill Crest,Week2,Pinewood Lake,Week3,276.0 Broyhill Crest - 102.0 Pinewood Lake
Brookfield ,Week4,Long Branch,Week4,232.0 Brookfield - 170.0 Long Branch
Broyhill Crest,Week2,Chesterbrook,Week3,399.0 Chesterbrook - 3.0 Broyhill Crest
Brookfield ,Week3,Long Branch,Week4,207.0 Brookfield - 195.0 Long Branch
Broyhill Crest,Week2,Chesterbrook,Week4,399.0 Chesterbrook - 3.0 Broyhill Crest
Brookfield ,Week5,Dominion Hills,Week2,219.0 Dominion Hills - 183.0 Brookfield
Broyhill Crest,Week3,Chesterbrook,Week2,401.0 Chesterbrook - 1.0 Broyhill Crest
Broyhill Crest,Week1,Pinecrest,Week5,375.0 Pinecrest - 27.0 Broyhill Crest
Brookfield ,Week5,Country Club Hills,Week4,217.0 Brookfield - 180.0 Country Club Hills
Brookfield ,Week5,Riverside Gardens,Week3,265.0 Riverside Gardens - 137.0 Brookfield
Brookfield ,Week2,Truro,Week2,273.0 Brookfield - 128.0 Truro
Broyhill Crest,Week2,Pinecrest,Week3,391.0 Pinecrest - 11.0 Broyhill Crest
Broyhill Crest,Week3,Pinecrest,Week1,382.0 Pinecrest - 20.0 Broyhill Crest
Brookfield ,Week4,Little Rocky Run,Week3,262.0 Little Rocky Run - 140.0 Brookfield
Broyhill Crest,Week1,Chesterbrook,Week1,390.0 Chesterbrook - 12.0 Broyhill Crest
Brookfield ,Week5,Country Club Hills,Week2,222.5 Brookfield - 179.5 Country Club Hills
Brookfield ,Week4,Dominion Hills,Week2,218.0 Dominion Hills - 184.0 Brookfield
Brookfield ,Week3,Dominion Hills,Week5,261.0 Dominion Hills - 141.0 Brookfield
Broyhill Crest,Week2,Chesterbrook,Week2,401.0 Chesterbrook - 1.0 Broyhill Crest
Brookfield ,Week4,Long Branch,Week1,246.0 Brookfield - 156.0 Long Branch
Broyhill Crest,Week4,Parliament,Week1,328.0 Parliament - 69.0 Broyhill Crest
Brookfield ,Week2,Long Branch,Week1,232.0 Brookfield - 170.0 Long Branch
Brookfield ,Week3,Rolling Forest,Week1,204.0 Rolling Forest - 198.0 Brookfield
Brookfield ,Week1,Truro,Week3,274.0 Brookfield - 128.0 Truro
Brookfield ,Week4,Riverside Gardens,Week2,237.0 Riverside Gardens - 165.0 Brookfield
Brookfield ,Week4,Country Club Hills,Week2,234.0 Brookfield - 168.0 Country Club Hills
Brookfield ,Week5,Long Branch,Week1,228.0 Brookfield - 174.0 Long Branch
Brookfield ,Week4,Sully Station II,Week5,266.0 Sully Station II - 136.0 Brookfield
Brookfield ,Week2,Crosspointe,Week4,285.0 Crosspointe - 117.0 Brookfield
Brookfield ,Week2,Rolling Forest,Week1,209.0 Brookfield - 193.0 Rolling Forest
Brookfield ,Week3,Crosspointe,Week1,291.0 Crosspointe - 111.0 Brookfield
Brookfield ,Week5,Sully Station II,Week1,237.0 Sully Station II - 165.0 Brookfield
Brookfield ,Week4,Long Branch,Week5,224.0 Brookfield - 178.0 Long Branch
Broyhill Crest,Week4,Chesterbrook,Week5,401.0 Chesterbrook - 1.0 Broyhill Crest
Brookfield ,Week2,Donaldson Run,Week5,323.0 Donaldson Run - 79.0 Brookfield
Broyhill Crest,Week3,Commonwealth,Week4,313.0 Commonwealth - 85.0 Broyhill Crest
Broyhill Crest,Week5,Pinecrest,Week3,376.0 Pinecrest - 26.0 Broyhill Crest
Brookfield ,Week5,Long Branch,Week3,242.0 Brookfield - 160.0 Long Branch
Broyhill Crest,Week5,Pinecrest,Week4,378.0 Pinecrest - 24.0 Broyhill Crest
Brookfield ,Week1,Rolling Forest,Week3,202.0 Rolling Forest - 200.0 Brookfield
Brookfield ,Week5,Riverside Gardens,Week2,247.0 Riverside Gardens - 155.0 Brookfield
Brookfield ,Week3,Donaldson Run,Week5,331.0 Donaldson Run - 71.0 Brookfield
Brookfield ,Week3,Crosspointe,Week2,281.0 Crosspointe - 121.0 Brookfield
Broyhill Crest,Week5,Chesterbrook,Week2,400.0 Chesterbrook - 2.0 Broyhill Crest
Brookfield ,Week1,Mansion House,Week1,218.0 Mansion House - 184.0 Brookfield
Brookfield ,Week2,Crosspointe,Week3,287.5 Crosspointe - 114.5 Brookfield
Brookfield ,Week2,Rolling Forest,Week3,208.0 Rolling Forest - 194.0 Brookfield
Brookfield ,Week1,Dowden Terrace,Week3,212.0 Brookfield - 190.0 Dowden Terrace
Brookfield ,Week5,Donaldson Run,Week4,286.0 Donaldson Run - 116.0 Brookfield
Brookfield ,Week2,Crosspointe,Week5,308.0 Crosspointe - 94.0 Brookfield
Broyhill Crest,Week5,Chesterbrook,Week4,401.0 Chesterbrook - 1.0 Broyhill Crest
Broyhill Crest,Week4,Pinecrest,Week2,372.0 Pinecrest - 30.0 Broyhill Crest
Brookfield ,Week3,Crosspointe,Week4,304.5 Crosspointe - 97.5 Brookfield
Broyhill Crest,Week5,Chesterbrook,Week5,401.0 Chesterbrook - 1.0 Broyhill Crest
Brookfield ,Week2,Dowden Terrace,Week2,216.0 Dowden Terrace - 186.0 Brookfield
Broyhill Crest,Week4,Pinewood Lake,Week2,285.0 Broyhill Crest - 97.0 Pinewood Lake
Brookfield ,Week4,Sully Station II,Week4,219.0 Sully Station II - 183.0 Brookfield
Brookfield ,Week3,Truro,Week5,246.5 Brookfield - 154.5 Truro
Brookfield ,Week3,Mansion House,Week5,249.0 Mansion House - 153.0 Brookfield
Brookfield ,Week3,Rolling Forest,Week3,224.0 Rolling Forest - 178.0 Brookfield
Brookfield ,Week3,Mansion House,Week3,251.0 Mansion House - 151.0 Brookfield
Brookfield ,Week3,Crosspointe,Week5,316.0 Crosspointe - 86.0 Brookfield
Brookfield ,Week5,Rolling Forest,Week2,214.0 Brookfield - 188.0 Rolling Forest
Brookfield ,Week5,Sully Station II,Week5,267.0 Sully Station II - 135.0 Brookfield
Brookfield ,Week5,Sully Station II,Week2,258.0 Sully Station II - 144.0 Brookfield
Broyhill Crest,Week3,Pinewood Lake,Week1,303.0 Broyhill Crest - 85.0 Pinewood Lake
Brookfield ,Week3,Dowden Terrace,Week4,230.0 Dowden Terrace - 172.0 Brookfield
Broyhill Crest,Week4,Pinewood Lake,Week4,293.0 Broyhill Crest - 95.0 Pinewood Lake
Broyhill Crest,Week4,Pinewood Lake,Week3,300.0 Broyhill Crest - 83.0 Pinewood Lake
Brookfield ,Week2,Mansion House,Week2,229.5 Mansion House - 172.5 Brookfield
Broyhill Crest,Week4,Pinecrest,Week1,375.0 Pinecrest - 27.0 Broyhill Crest
Brookfield ,Week4,Truro,Week1,261.0 Brookfield - 141.0 Truro
Broyhill Crest,Week4,Chesterbrook,Week3,399.0 Chesterbrook - 3.0 Broyhill Crest
Brookfield ,Week4,Dowden Terrace,Week3,206.0 Brookfield - 196.0 Dowden Terrace
Brookfield ,Week2,Dowden Terrace,Week3,209.0 Dowden Terrace - 193.0 Brookfield
Brookfield ,Week1,Rolling Forest,Week1,208.0 Brookfield - 194.0 Rolling Forest
Brookfield ,Week5,Riverside Gardens,Week1,264.0 Riverside Gardens - 138.0 Brookfield
Broyhill Crest,Week5,Pinecrest,Week1,357.0 Pinecrest - 45.0 Broyhill Crest
Brookfield ,Week3,Crosspointe,Week3,294.0 Crosspointe - 108.0 Brookfield
Brookfield ,Week4,Mansion House,Week1,217.5 Mansion House - 184.5 Brookfield
Brookfield ,Week1,Dowden Terrace,Week4,204.0 Dowden Terrace - 198.0 Brookfield
Brookfield ,Week1,Mansion House,Week2,210.0 Mansion House - 192.0 Brookfield
Brookfield ,Week4,Crosspointe,Week3,270.0 Crosspointe - 132.0 Brookfield
Brookfield ,Week4,Rolling Forest,Week3,202.0 Rolling Forest - 200.0 Brookfield
Brookfield ,Week1,Mansion House,Week4,203.0 Mansion House - 199.0 Brookfield
Brookfield ,Week4,Truro,Week3,269.0 Brookfield - 133.0 Truro
Broyhill Crest,Week5,Pinecrest,Week5,375.0 Pinecrest - 26.0 Broyhill Crest
Broyhill Crest,Week2,Chesterbrook,Week5,400.0 Chesterbrook - 2.0 Broyhill Crest
Brookfield ,Week4,Crosspointe,Week2,256.0 Crosspointe - 146.0 Brookfield
Brookfield ,Week2,Truro,Week5,254.0 Brookfield - 148.0 Truro
Brookfield ,Week2,Rolling Forest,Week2,219.0 Brookfield - 183.0 Rolling Forest
Broyhill Crest,Week1,Pinewood Lake,Week3,276.0 Broyhill Crest - 92.0 Pinewood Lake
Brookfield ,Week4,Rolling Hills,Week1,238.0 Brookfield - 164.0 Rolling Hills
Broyhill Crest,Week1,Commonwealth,Week3,305.5 Commonwealth - 87.5 Broyhill Crest
Brookfield ,Week4,Mansion House,Week5,226.0 Mansion House - 176.0 Brookfield
Broyhill Crest,Week4,Pinecrest,Week4,381.0 Pinecrest - 21.0 Broyhill Crest
Broyhill Crest,Week3,Chesterbrook,Week4,401.0 Chesterbrook - 1.0 Broyhill Crest
Brookfield ,Week4,Rolling Forest,Week4,217.0 Brookfield - 185.0 Rolling Forest
Broyhill Crest,Week5,Chesterbrook,Week1,393.0 Chesterbrook - 9.0 Broyhill Crest
Broyhill Crest,Week3,Chesterbrook,Week1,393.0 Chesterbrook - 9.0 Broyhill Crest
Brookfield ,Week1,Dowden Terrace,Week5,219.0 Dowden Terrace - 183.0 Brookfield
Broyhill Crest,Week2,Chesterbrook,Week1,389.0 Chesterbrook - 13.0 Broyhill Crest
Broyhill Crest,Week1,Pinewood Lake,Week2,255.0 Broyhill Crest - 111.0 Pinewood Lake
Brookfield ,Week1,Dowden Terrace,Week2,207.0 Brookfield - 195.0 Dowden Terrace
Broyhill Crest,Week4,Pinecrest,Week5,382.0 Pinecrest - 20.0 Broyhill Crest
Brookfield ,Week5,Dowden Terrace,Week5,233.0 Dowden Terrace - 169.0 Brookfield
Broyhill Crest,Week4,Chesterbrook,Week1,392.0 Chesterbrook - 10.0 Broyhill Crest
Brookfield ,Week5,Truro,Week3,267.5 Brookfield - 134.5 Truro
Broyhill Crest,Week3,Pinecrest,Week4,384.0 Pinecrest - 18.0 Broyhill Crest
Brookfield ,Week2,Dowden Terrace,Week4,225.0 Dowden Terrace - 177.0 Brookfield
Brookfield ,Week4,Crosspointe,Week4,278.0 Crosspointe - 124.0 Brookfield
Brookfield ,Week1,Rolling Forest,Week4,209.0 Brookfield - 193.0 Rolling Forest
Brookfield ,Week5,Truro,Week1,257.0 Brookfield - 145.0 Truro
Brookfield ,Week1,Tuckahoe,Week2,341.0 Tuckahoe - 61.0 Brookfield
Brookfield ,Week1,Tuckahoe,Week5,336.0 Tuckahoe - 66.0 Brookfield
Brookfield ,Week5,Truro,Week5,251.0 Brookfield - 151.0 Truro
Brookfield ,Week4,Mansion House,Week2,211.0 Mansion House - 191.0 Brookfield
Brookfield ,Week3,Mansion House,Week4,214.0 Mansion House - 188.0 Brookfield
Brookfield ,Week4,Donaldson Run,Week3,292.0 Donaldson Run - 110.0 Brookfield
Brookfield ,Week4,Crosspointe,Week1,267.0 Crosspointe - 135.0 Brookfield
Broyhill Crest,Week1,Commonwealth,Week4,297.0 Commonwealth - 99.0 Broyhill Crest
Brookfield ,Week5,Sully Station II,Week4,224.0 Sully Station II - 178.0 Brookfield
Brookfield ,Week4,Mansion House,Week3,230.0 Mansion House - 172.0 Brookfield
Brookfield ,Week2,Dowden Terrace,Week1,208.0 Brookfield - 193.0 Dowden Terrace
Brookfield ,Week4,Rolling Forest,Week2,233.0 Brookfield - 169.0 Rolling Forest
Brookfield ,Week1,Mansion House,Week3,222.0 Mansion House - 180.0 Brookfield
Brookfield ,Week5,Mansion House,Week1,232.0 Mansion House - 170.0 Brookfield
Brookfield ,Week2,Dowden Terrace,Week5,252.0 Dowden Terrace - 150.0 Brookfield
Brookfield ,Week2,Rolling Forest,Week5,214.0 Rolling Forest - 188.0 Brookfield
Broyhill Crest,Week1,Pinewood Lake,Week1,277.0 Broyhill Crest - 91.0 Pinewood Lake
Broyhill Crest,Week4,Chesterbrook,Week4,401.0 Chesterbrook - 1.0 Broyhill Crest
Brookfield ,Week1,Rolling Forest,Week2,222.0 Brookfield - 180.0 Rolling Forest
Broyhill Crest,Week5,Chesterbrook,Week3,400.0 Chesterbrook - 2.0 Broyhill Crest
Brookfield ,Week3,Dowden Terrace,Week2,222.0 Dowden Terrace - 180.0 Brookfield
Broyhill Crest,Week4,Chesterbrook,Week2,401.0 Chesterbrook - 1.0 Broyhill Crest
Brookfield ,Week2,Tuckahoe,Week1,329.0 Tuckahoe - 73.0 Brookfield
Broyhill Crest,Week1,Pinewood Lake,Week4,264.0 Broyhill Crest - 111.0 Pinewood Lake
Brookfield ,Week5,Mansion House,Week2,215.0 Mansion House - 187.0 Brookfield
Brookfield ,Week5,Truro,Week4,233.0 Brookfield - 169.0 Truro
Brookfield ,Week3,Rolling Hills,Week1,217.0 Brookfield - 184.0 Rolling Hills
Brookfield ,Week2,Mansion House,Week3,237.0 Mansion House - 165.0 Brookfield
Broyhill Crest,Week2,Pinewood Lake,Week1,289.0 Broyhill Crest - 92.0 Pinewood Lake
Brookfield ,Week1,Rolling Hills,Week3,242.0 Brookfield - 160.0 Rolling Hills
Brookfield ,Week1,Vienna Aquatic,Week3,301.0 Vienna Aquatic - 101.0 Brookfield
Brookfield ,Week1,Vienna Aquatic,Week5,305.0 Vienna Aquatic - 97.0 Brookfield
Brookfield ,Week3,Dowden Terrace,Week3,223.0 Dowden Terrace - 179.0 Brookfield
Brookfield ,Week5,Mansion House,Week3,219.5 Mansion House - 182.5 Brookfield
Brookfield ,Week4,Donaldson Run,Week5,317.0 Donaldson Run - 85.0 Brookfield
Brookfield ,Week3,Mansion House,Week2,229.0 Mansion House - 172.0 Brookfield
Brookfield ,Week4,Rolling Forest,Week1,215.0 Brookfield - 187.0 Rolling Forest
Brookfield ,Week5,Donaldson Run,Week1,283.0 Donaldson Run - 119.0 Brookfield
Brookfield ,Week1,Rolling Forest,Week5,209.0 Rolling Forest - 193.0 Brookfield
Broyhill Crest,Week4,Pinecrest,Week3,380.0 Pinecrest - 22.0 Broyhill Crest
Brookfield ,Week5,Donaldson Run,Week2,281.0 Donaldson Run - 121.0 Brookfield
Broyhill Crest,Week3,Chesterbrook,Week3,400.0 Chesterbrook - 2.0 Broyhill Crest
Brookfield ,Week3,Dowden Terrace,Week5,246.0 Dowden Terrace - 156.0 Brookfield
Brookfield ,Week5,Mansion House,Week4,212.0 Mansion House - 190.0 Brookfield
Broyhill Crest,Week2,Commonwealth,Week1,280.0 Commonwealth - 118.0 Broyhill Crest
Brookfield ,Week1,Rolling Hills,Week5,239.0 Brookfield - 163.0 Rolling Hills
Brookfield ,Week2,Vienna Aquatic,Week2,305.0 Vienna Aquatic - 97.0 Brookfield
Brookfield ,Week2,Mansion House,Week4,212.0 Mansion House - 190.0 Brookfield
Broyhill Crest,Week1,Pinewood Lake,Week5,256.0 Broyhill Crest - 118.0 Pinewood Lake
Broyhill Crest,Week2,Commonwealth,Week2,320.0 Commonwealth - 81.0 Broyhill Crest
Brookfield ,Week4,Rolling Forest,Week5,208.0 Rolling Forest - 194.0 Brookfield
Brookfield ,Week1,Vienna Aquatic,Week1,287.0 Vienna Aquatic - 115.0 Brookfield
Brookfield ,Week4,Mansion House,Week4,201.0 Brookfield - 201.0 Mansion House
Broyhill Crest,Week3,Chesterbrook,Week5,401.0 Chesterbrook - 1.0 Broyhill Crest
Broyhill Crest,Week2,Pinewood Lake,Week2,266.0 Broyhill Crest - 110.0 Pinewood Lake
Broyhill Crest,Week3,Pinewood Lake,Week2,275.0 Broyhill Crest - 111.0 Pinewood Lake
Brookfield ,Week4,Truro,Week5,259.0 Brookfield - 143.0 Truro
Broyhill Crest,Week1,Commonwealth,Week2,318.0 Commonwealth - 81.0 Broyhill Crest
Brookfield ,Week1,Mansion House,Week5,231.0 Mansion House - 171.0 Brookfield
Brookfield ,Week5,Donaldson Run,Week5,313.5 Donaldson Run - 83.5 Brookfield
Brookfield ,Week1,Tuckahoe,Week1,328.0 Tuckahoe - 74.0 Brookfield
Broyhill Crest,Week2,Pinewood Lake,Week5,259.0 Broyhill Crest - 125.0 Pinewood Lake
Brookfield ,Week4,Donaldson Run,Week4,290.5 Donaldson Run - 111.5 Brookfield
Broyhill Crest,Week3,Pinewood Lake,Week3,274.0 Broyhill Crest - 117.0 Pinewood Lake
Brookfield ,Week5,Long Branch,Week5,207.0 Brookfield - 195.0 Long Branch
Brookfield ,Week5,Rolling Forest,Week1,203.0 Brookfield - 199.0 Rolling Forest
Brookfield ,Week2,Mantua,Week5,300.0 Mantua - 102.0 Brookfield
Broyhill Crest,Week3,Commonwealth,Week1,275.0 Commonwealth - 118.0 Broyhill Crest
Brookfield ,Week5,Rolling Forest,Week4,210.0 Brookfield - 192.0 Rolling Forest
Brookfield ,Week1,Rolling Hills,Week1,243.0 Brookfield - 159.0 Rolling Hills
Broyhill Crest,Week3,Commonwealth,Week2,333.0 Commonwealth - 68.0 Broyhill Crest
Brookfield ,Week2,Tuckahoe,Week5,351.0 Tuckahoe - 51.0 Brookfield
Brookfield ,Week4,Tuckahoe,Week1,325.0 Tuckahoe - 77.0 Brookfield
Broyhill Crest,Week5,Pinewood Lake,Week5,286.0 Broyhill Crest - 104.0 Pinewood Lake
Brookfield ,Week3,Tuckahoe,Week5,355.0 Tuckahoe - 47.0 Brookfield
Brookfield ,Week2,Mansion House,Week5,254.0 Mansion House - 148.0 Brookfield
Brookfield ,Week4,Dowden Terrace,Week2,204.0 Dowden Terrace - 198.0 Brookfield
Brookfield ,Week5,Donaldson Run,Week3,292.0 Donaldson Run - 110.0 Brookfield
Brookfield ,Week1,Tuckahoe,Week4,342.0 Tuckahoe - 60.0 Brookfield
Brookfield ,Week2,Rolling Hills,Week1,212.0 Brookfield - 190.0 Rolling Hills
Brookfield ,Week4,Dowden Terrace,Week1,203.0 Brookfield - 199.0 Dowden Terrace
Brookfield ,Week2,Rolling Hills,Week4,229.0 Brookfield - 172.0 Rolling Hills
Broyhill Crest,Week4,Commonwealth,Week3,303.0 Commonwealth - 93.0 Broyhill Crest
Broyhill Crest,Week3,Commonwealth,Week3,317.0 Commonwealth - 81.0 Broyhill Crest
Brookfield ,Week1,Tuckahoe,Week3,351.0 Tuckahoe - 51.0 Brookfield
Brookfield ,Week2,Rolling Hills,Week5,224.0 Brookfield - 178.0 Rolling Hills
Brookfield ,Week2,Rolling Hills,Week2,206.0 Brookfield - 196.0 Rolling Hills
Broyhill Crest,Week3,Pleasant Valley,Week5,243.0 Pleasant Valley - 147.0 Broyhill Crest
Broyhill Crest,Week2,Pleasant Valley,Week2,262.0 Pleasant Valley - 131.0 Broyhill Crest
Broyhill Crest,Week3,Pleasant Valley,Week4,223.0 Pleasant Valley - 165.0 Broyhill Crest
Broyhill Crest,Week1,Cottontail,Week1,344.0 Cottontail - 58.0 Broyhill Crest
Broyhill Crest,Week2,Commonwealth,Week4,305.0 Commonwealth - 92.0 Broyhill Crest
Brookfield ,Week1,Mantua,Week4,234.0 Mantua - 168.0 Brookfield
Brookfield ,Week2,Rolling Hills,Week3,220.0 Brookfield - 182.0 Rolling Hills
Broyhill Crest,Week4,Pinewood Lake,Week1,303.0 Broyhill Crest - 83.0 Pinewood Lake
Brookfield ,Week4,Dowden Terrace,Week4,219.0 Dowden Terrace - 183.0 Brookfield
Brookfield ,Week1,Dowden Terrace,Week1,218.0 Brookfield - 184.0 Dowden Terrace
Broyhill Crest,Week1,Cottontail,Week2,342.0 Cottontail - 60.0 Broyhill Crest
Brookfield ,Week1,McLean,Week3,263.0 McLean - 139.0 Brookfield
Broyhill Crest,Week3,Pinewood Lake,Week4,287.0 Broyhill Crest - 108.0 Pinewood Lake
Brookfield ,Week5,Dowden Terrace,Week1,213.0 Dowden Terrace - 189.0 Brookfield
Broyhill Crest,Week1,Pleasant Valley,Week1,233.0 Pleasant Valley - 155.0 Broyhill Crest
Brookfield ,Week5,Tuckahoe,Week2,343.0 Tuckahoe - 59.0 Brookfield
Brookfield ,Week5,Mantua,Week3,282.0 Mantua - 120.0 Brookfield
Brookfield ,Week4,Dowden Terrace,Week5,233.0 Dowden Terrace - 169.0 Brookfield
Broyhill Crest,Week2,Commonwealth,Week5,333.0 Commonwealth - 68.0 Broyhill Crest
Brookfield ,Week3,Dowden Terrace,Week1,210.0 Dowden Terrace - 188.0 Brookfield
Brookfield ,Week3,Mansion House,Week1,238.0 Mansion House - 164.0 Brookfield
Broyhill Crest,Week5,Commonwealth,Week5,297.0 Commonwealth - 104.0 Broyhill Crest
Brookfield ,Week2,Mansion House,Week1,229.0 Mansion House - 173.0 Brookfield
Brookfield ,Week2,Tuckahoe,Week3,355.0 Tuckahoe - 47.0 Brookfield
Broyhill Crest,Week1,Poplar Heights,Week1,357.0 Poplar Heights - 44.0 Broyhill Crest
Brookfield ,Week1,Rolling Hills,Week4,241.0 Brookfield - 161.0 Rolling Hills
Brookfield ,Week3,Mantua,Week3,300.0 Mantua - 102.0 Brookfield
Brookfield ,Week5,Tuckahoe,Week1,333.0 Tuckahoe - 69.0 Brookfield
Broyhill Crest,Week4,Commonwealth,Week4,304.0 Commonwealth - 93.0 Broyhill Crest
Brookfield ,Week4,Tuckahoe,Week4,348.0 Tuckahoe - 54.0 Brookfield
Brookfield ,Week3,Rolling Hills,Week3,214.0 Brookfield - 188.0 Rolling Hills
Brookfield ,Week5,Tuckahoe,Week4,358.0 Tuckahoe - 44.0 Brookfield
Brookfield ,Week5,Dowden Terrace,Week3,220.0 Dowden Terrace - 182.0 Brookfield
Brookfield ,Week5,Dowden Terrace,Week2,211.0 Dowden Terrace - 186.0 Brookfield
Brookfield ,Week4,Mantua,Week3,273.0 Mantua - 129.0 Brookfield
Broyhill Crest,Week1,Pleasant Valley,Week2,238.0 Pleasant Valley - 149.0 Broyhill Crest
Brookfield ,Week5,Tuckahoe,Week3,359.0 Tuckahoe - 43.0 Brookfield
Brookfield ,Week1,Rolling Hills,Week2,242.0 Brookfield - 160.0 Rolling Hills
Brookfield ,Week3,Rolling Hills,Week4,222.0 Brookfield - 176.0 Rolling Hills
Broyhill Crest,Week1,Cottontail,Week5,348.5 Cottontail - 53.5 Broyhill Crest
Broyhill Crest,Week1,Pleasant Valley,Week4,205.0 Pleasant Valley - 174.0 Broyhill Crest
Broyhill Crest,Week2,Cottontail,Week1,343.0 Cottontail - 59.0 Broyhill Crest
Brookfield ,Week5,Rolling Forest,Week3,212.0 Rolling Forest - 190.0 Brookfield
Brookfield ,Week5,Mansion House,Week5,234.0 Mansion House - 168.0 Brookfield
Brookfield ,Week5,Dowden Terrace,Week4,222.0 Dowden Terrace - 180.0 Brookfield
Brookfield ,Week2,McLean,Week1,294.0 McLean - 108.0 Brookfield
Broyhill Crest,Week2,Cottontail,Week3,340.0 Cottontail - 62.0 Broyhill Crest
Broyhill Crest,Week4,Pleasant Valley,Week3,257.0 Pleasant Valley - 141.0 Broyhill Crest
Broyhill Crest,Week1,Pleasant Valley,Week3,257.0 Pleasant Valley - 138.0 Broyhill Crest
Brookfield ,Week3,Tuckahoe,Week3,370.0 Tuckahoe - 32.0 Brookfield
Brookfield ,Week3,Tuckahoe,Week1,341.5 Tuckahoe - 60.5 Brookfield
Brookfield ,Week3,Tuckahoe,Week2,354.0 Tuckahoe - 48.0 Brookfield
Brookfield ,Week5,Rolling Forest,Week5,220.0 Rolling Forest - 182.0 Brookfield
Brookfield ,Week5,Mantua,Week1,245.0 Mantua - 157.0 Brookfield
Brookfield ,Week4,Tuckahoe,Week2,337.0 Tuckahoe - 65.0 Brookfield
Broyhill Crest,Week1,Cottontail,Week4,324.0 Cottontail - 78.0 Broyhill Crest
Broyhill Crest,Week5,Pleasant Valley,Week1,222.0 Pleasant Valley - 174.0 Broyhill Crest
Broyhill Crest,Week5,Commonwealth,Week1,258.0 Commonwealth - 142.0 Broyhill Crest
Brookfield ,Week4,Daventry,Week2,303.0 Brookfield - 99.0 Daventry
Brookfield ,Week3,Rolling Hills,Week5,216.0 Brookfield - 186.0 Rolling Hills
Brookfield ,Week1,Mantua,Week2,237.0 Mantua - 165.0 Brookfield
Brookfield ,Week2,Tuckahoe,Week4,357.0 Tuckahoe - 45.0 Brookfield
Brookfield ,Week1,Mantua,Week3,273.0 Mantua - 129.0 Brookfield
Brookfield ,Week3,Mantua,Week4,270.0 Mantua - 132.0 Brookfield
Brookfield ,Week1,Dunn Loring,Week1,217.0 Dunn Loring - 185.0 Brookfield
Brookfield ,Week3,Daventry,Week2,294.0 Brookfield - 104.0 Daventry
Broyhill Crest,Week5,Pleasant Valley,Week3,230.0 Pleasant Valley - 171.0 Broyhill Crest
Broyhill Crest,Week4,Commonwealth,Week1,270.0 Commonwealth - 127.0 Broyhill Crest
Brookfield ,Week3,Tuckahoe,Week4,362.0 Tuckahoe - 40.0 Brookfield
Broyhill Crest,Week4,Commonwealth,Week5,319.0 Commonwealth - 81.0 Broyhill Crest
Broyhill Crest,Week5,Pleasant Valley,Week2,216.0 Pleasant Valley - 180.0 Broyhill Crest
Brookfield ,Week1,Daventry,Week3,305.0 Brookfield - 97.0 Daventry
Broyhill Crest,Week4,Pleasant Valley,Week4,204.0 Pleasant Valley - 183.0 Broyhill Crest
Brookfield ,Week1,Mantua,Week5,274.0 Mantua - 128.0 Brookfield
Brookfield ,Week4,Rolling Hills,Week2,240.0 Brookfield - 162.0 Rolling Hills
Broyhill Crest,Week2,Cottontail,Week4,338.0 Cottontail - 64.0 Broyhill Crest
Brookfield ,Week4,Rolling Hills,Week3,225.0 Brookfield - 177.0 Rolling Hills
Brookfield ,Week3,Rolling Hills,Week2,230.0 Brookfield - 172.0 Rolling Hills
Brookfield ,Week5,Crosspointe,Week2,268.0 Crosspointe - 134.0 Brookfield
Brookfield ,Week4,Rolling Hills,Week5,235.5 Brookfield - 166.5 Rolling Hills
Brookfield ,Week4,Tuckahoe,Week5,343.0 Tuckahoe - 59.0 Brookfield
Brookfield ,Week5,Rolling Hills,Week2,216.0 Brookfield - 186.0 Rolling Hills
Brookfield ,Week4,Tuckahoe,Week3,352.0 Tuckahoe - 50.0 Brookfield
Brookfield ,Week5,Rolling Hills,Week1,214.0 Brookfield - 188.0 Rolling Hills
Brookfield ,Week5,Mantua,Week4,260.0 Mantua - 142.0 Brookfield
Broyhill Crest,Week2,Pleasant Valley,Week3,278.0 Pleasant Valley - 119.0 Broyhill Crest
Broyhill Crest,Week4,Commonwealth,Week2,324.0 Commonwealth - 77.0 Broyhill Crest
Brookfield ,Week3,Mantua,Week2,252.0 Mantua - 150.0 Brookfield
Broyhill Crest,Week4,Pleasant Valley,Week2,243.0 Pleasant Valley - 153.0 Broyhill Crest
Broyhill Crest,Week4,Pinewood Lake,Week5,279.0 Broyhill Crest - 109.0 Pinewood Lake
Broyhill Crest,Week3,Commonwealth,Week5,319.0 Commonwealth - 82.0 Broyhill Crest
Brookfield ,Week2,Daventry,Week4,305.0 Brookfield - 97.0 Daventry
Brookfield ,Week5,Mantua,Week2,243.0 Mantua - 159.0 Brookfield
Brookfield ,Week4,McLean,Week3,267.0 McLean - 135.0 Brookfield
Brookfield ,Week1,McLean,Week1,279.0 McLean - 123.0 Brookfield
Brookfield ,Week1,Vienna Aquatic,Week4,286.0 Vienna Aquatic - 116.0 Brookfield
Brookfield ,Week3,Vienna Aquatic,Week5,326.0 Vienna Aquatic - 76.0 Brookfield
Brookfield ,Week1,Vienna Aquatic,Week2,289.0 Vienna Aquatic - 113.0 Brookfield
Broyhill Crest,Week5,Commonwealth,Week2,297.0 Commonwealth - 105.0 Broyhill Crest
Brookfield ,Week1,Daventry,Week1,288.0 Brookfield - 114.0 Daventry
Broyhill Crest,Week1,Cottontail,Week3,332.0 Cottontail - 70.0 Broyhill Crest
Brookfield ,Week4,Rolling Hills,Week4,243.0 Brookfield - 159.0 Rolling Hills
Broyhill Crest,Week2,Pleasant Valley,Week1,250.0 Pleasant Valley - 143.0 Broyhill Crest
Broyhill Crest,Week5,Pinewood Lake,Week1,318.0 Broyhill Crest - 69.0 Pinewood Lake
Broyhill Crest,Week5,Pinewood Lake,Week2,295.0 Broyhill Crest - 90.0 Pinewood Lake
Broyhill Crest,Week4,Pleasant Valley,Week5,237.0 Pleasant Valley - 152.0 Broyhill Crest
Brookfield ,Week4,Daventry,Week1,293.0 Brookfield - 109.0 Daventry
Brookfield ,Week2,Vienna Woods,Week5,331.0 Vienna Woods - 71.0 Brookfield
Brookfield ,Week3,Vienna Aquatic,Week3,316.0 Vienna Aquatic - 86.0 Brookfield
Brookfield ,Week2,Mantua,Week4,261.0 Mantua - 141.0 Brookfield
Brookfield ,Week5,Virginia Run,Week3,242.0 Virginia Run - 160.0 Brookfield
Brookfield ,Week2,Mantua,Week2,241.0 Mantua - 161.0 Brookfield
Brookfield ,Week3,Daventry,Week5,257.0 Brookfield - 143.0 Daventry
Brookfield ,Week4,Crosspointe,Week5,299.0 Crosspointe - 103.0 Brookfield
Brookfield ,Week4,Mantua,Week1,238.0 Mantua - 164.0 Brookfield
Broyhill Crest,Week2,Pleasant Valley,Week5,245.0 Pleasant Valley - 138.0 Broyhill Crest
Broyhill Crest,Week2,Cottontail,Week5,359.0 Cottontail - 43.0 Broyhill Crest
Brookfield ,Week5,Crosspointe,Week1,289.0 Crosspointe - 113.0 Brookfield
Broyhill Crest,Week5,Commonwealth,Week4,282.0 Commonwealth - 118.0 Broyhill Crest
Brookfield ,Week2,Daventry,Week3,305.0 Brookfield - 97.0 Daventry
Broyhill Crest,Week2,Pleasant Valley,Week4,233.0 Pleasant Valley - 151.0 Broyhill Crest
Broyhill Crest,Week2,Cottontail,Week2,350.0 Cottontail - 52.0 Broyhill Crest
Brookfield ,Week2,Vienna Aquatic,Week5,317.0 Vienna Aquatic - 85.0 Brookfield
Brookfield ,Week2,Daventry,Week1,290.0 Brookfield - 112.0 Daventry
Brookfield ,Week1,Daventry,Week5,277.0 Brookfield - 125.0 Daventry
Brookfield ,Week5,Crosspointe,Week3,294.0 Crosspointe - 108.0 Brookfield
Brookfield ,Week3,Mantua,Week1,257.0 Mantua - 145.0 Brookfield
Broyhill Crest,Week1,Pleasant Valley,Week5,227.0 Pleasant Valley - 151.0 Broyhill Crest
Brookfield ,Week5,Rolling Hills,Week3,214.0 Brookfield - 188.0 Rolling Hills
Broyhill Crest,Week3,Pleasant Valley,Week2,262.0 Pleasant Valley - 132.0 Broyhill Crest
Brookfield ,Week5,Tuckahoe,Week5,346.0 Tuckahoe - 56.0 Brookfield
Broyhill Crest,Week3,Cottontail,Week1,353.0 Cottontail - 49.0 Broyhill Crest
Broyhill Crest,Week5,Pinewood Lake,Week4,299.0 Broyhill Crest - 91.0 Pinewood Lake
Brookfield ,Week2,Mantua,Week3,280.0 Mantua - 122.0 Brookfield
Brookfield ,Week5,Vienna Aquatic,Week3,305.0 Vienna Aquatic - 97.0 Brookfield
Brookfield ,Week2,Daventry,Week2,299.0 Brookfield - 102.0 Daventry
Brookfield ,Week5,Virginia Run,Week1,251.5 Virginia Run - 150.5 Brookfield
Broyhill Crest,Week5,Commonwealth,Week3,297.0 Commonwealth - 102.0 Broyhill Crest
Brookfield ,Week2,Mantua,Week1,253.0 Mantua - 149.0 Brookfield
Brookfield ,Week2,Vienna Aquatic,Week1,298.0 Vienna Aquatic - 104.0 Brookfield
Brookfield ,Week1,Virginia Run,Week2,218.0 Virginia Run - 184.0 Brookfield
Brookfield ,Week3,Daventry,Week3,292.0 Brookfield - 108.0 Daventry
Brookfield ,Week3,Vienna Woods,Week3,329.0 Vienna Woods - 73.0 Brookfield
Broyhill Crest,Week5,Pinewood Lake,Week3,307.0 Broyhill Crest - 79.0 Pinewood Lake
Brookfield ,Week3,Mantua,Week5,285.0 Mantua - 117.0 Brookfield
Broyhill Crest,Week3,Pleasant Valley,Week1,251.0 Pleasant Valley - 143.0 Broyhill Crest
Brookfield ,Week1,Virginia Run,Week4,228.0 Virginia Run - 174.0 Brookfield
Brookfield ,Week5,Mantua,Week5,282.0 Mantua - 120.0 Brookfield
Brookfield ,Week3,Vienna Woods,Week1,319.0 Vienna Woods - 83.0 Brookfield
Brookfield ,Week3,Daventry,Week4,294.0 Brookfield - 107.0 Daventry
Brookfield ,Week4,Vienna Aquatic,Week3,307.0 Vienna Aquatic - 95.0 Brookfield
Brookfield ,Week4,Daventry,Week3,312.0 Brookfield - 89.0 Daventry
Brookfield ,Week1,Wakefield Chapel,Week3,291.0 Wakefield Chapel - 111.0 Brookfield
Broyhill Crest,Week3,Pleasant Valley,Week3,274.0 Pleasant Valley - 124.0 Broyhill Crest
Brookfield ,Week1,Mantua,Week1,246.0 Mantua - 156.0 Brookfield
Brookfield ,Week5,Daventry,Week1,283.0 Brookfield - 119.0 Daventry
Brookfield ,Week5,Vienna Aquatic,Week4,297.5 Vienna Aquatic - 104.5 Brookfield
Brookfield ,Week3,Virginia Run,Week1,266.0 Virginia Run - 136.0 Brookfield
Broyhill Crest,Week4,Pleasant Valley,Week1,235.0 Pleasant Valley - 161.0 Broyhill Crest
Brookfield ,Week2,Vienna Woods,Week3,316.0 Vienna Woods - 86.0 Brookfield
Brookfield ,Week5,Crosspointe,Week5,300.0 Crosspointe - 102.0 Brookfield
Brookfield ,Week1,Vienna Woods,Week5,322.0 Vienna Woods - 80.0 Brookfield
Broyhill Crest,Week5,Pleasant Valley,Week5,221.5 Pleasant Valley - 171.5 Broyhill Crest
Brookfield ,Week4,Mantua,Week4,251.5 Mantua - 150.5 Brookfield
Brookfield ,Week2,Virginia Run,Week1,262.0 Virginia Run - 140.0 Brookfield
Brookfield ,Week5,Vienna Aquatic,Week2,287.0 Vienna Aquatic - 115.0 Brookfield
Brookfield ,Week1,Daventry,Week2,311.0 Brookfield - 91.0 Daventry
Brookfield ,Week4,Mantua,Week2,232.0 Mantua - 170.0 Brookfield
Brookfield ,Week1,McLean,Week2,283.0 McLean - 119.0 Brookfield
Brookfield ,Week4,Daventry,Week4,318.0 Brookfield - 84.0 Daventry
Brookfield ,Week3,Virginia Run,Week3,252.0 Virginia Run - 150.0 Brookfield
Brookfield ,Week1,McLean,Week4,257.0 McLean - 145.0 Brookfield
Brookfield ,Week3,Vienna Aquatic,Week1,314.0 Vienna Aquatic - 88.0 Brookfield
Brookfield ,Week2,Daventry,Week5,272.0 Brookfield - 130.0 Daventry
Brookfield ,Week5,Virginia Run,Week5,263.0 Virginia Run - 139.0 Brookfield
Brookfield ,Week2,Wakefield Chapel,Week5,308.0 Wakefield Chapel - 94.0 Brookfield
Brookfield ,Week5,Crosspointe,Week4,286.0 Crosspointe - 116.0 Brookfield
Broyhill Crest,Week5,Pleasant Valley,Week4,198.0 Broyhill Crest - 191.0 Pleasant Valley
Broyhill Crest,Week1,Poplar Tree,Week4,316.0 Poplar Tree - 84.0 Broyhill Crest
Brookfield ,Week3,Virginia Run,Week2,244.0 Virginia Run - 158.0 Brookfield
Brookfield ,Week4,Mantua,Week5,278.0 Mantua - 124.0 Brookfield
Broyhill Crest,Week1,Poplar Tree,Week2,328.0 Poplar Tree - 68.0 Broyhill Crest
Brookfield ,Week1,Vienna Woods,Week2,293.0 Vienna Woods - 109.0 Brookfield
Brookfield ,Week5,Daventry,Week4,301.0 Brookfield - 101.0 Daventry
Broyhill Crest,Week1,Poplar Heights,Week4,353.0 Poplar Heights - 48.0 Broyhill Crest
Brookfield ,Week2,McLean,Week3,280.0 McLean - 122.0 Brookfield
Brookfield ,Week4,Vienna Aquatic,Week4,288.5 Vienna Aquatic - 113.5 Brookfield
Broyhill Crest,Week3,Poplar Heights,Week3,370.0 Poplar Heights - 32.0 Broyhill Crest
Brookfield ,Week3,Vienna Aquatic,Week2,299.0 Vienna Aquatic - 103.0 Brookfield
Brookfield ,Week4,Vienna Aquatic,Week2,292.0 Vienna Aquatic - 110.0 Brookfield
Brookfield ,Week3,Wakefield Chapel,Week2,306.0 Wakefield Chapel - 96.0 Brookfield
Brookfield ,Week4,Daventry,Week5,270.0 Brookfield - 132.0 Daventry
Brookfield ,Week1,McLean,Week5,275.0 McLean - 127.0 Brookfield
Brookfield ,Week3,McLean,Week3,280.0 McLean - 122.0 Brookfield
Brookfield ,Week5,Virginia Hills,Week5,326.0 Brookfield - 70.0 Virginia Hills
Brookfield ,Week4,Virginia Run,Week1,254.0 Virginia Run - 148.0 Brookfield
Brookfield ,Week2,Vienna Aquatic,Week4,297.0 Vienna Aquatic - 105.0 Brookfield
Brookfield ,Week3,Daventry,Week1,278.0 Brookfield - 124.0 Daventry
Brookfield ,Week5,Daventry,Week3,303.0 Brookfield - 99.0 Daventry
Broyhill Crest,Week3,Poplar Heights,Week2,365.0 Poplar Heights - 36.0 Broyhill Crest
Brookfield ,Week5,Vienna Aquatic,Week1,299.0 Vienna Aquatic - 103.0 Brookfield
Brookfield ,Week2,Dominion Hills,Week2,226.0 Dominion Hills - 176.0 Brookfield
Brookfield ,Week1,Daventry,Week4,313.0 Brookfield - 89.0 Daventry
Brookfield ,Week2,McLean,Week4,276.0 McLean - 126.0 Brookfield
Brookfield ,Week3,McLean,Week1,285.0 McLean - 117.0 Brookfield
Brookfield ,Week5,Daventry,Week2,289.0 Brookfield - 113.0 Daventry
Brookfield ,Week2,Virginia Run,Week5,269.0 Virginia Run - 133.0 Brookfield
Brookfield ,Week2,Vienna Woods,Week1,317.0 Vienna Woods - 85.0 Brookfield
Brookfield ,Week2,Virginia Run,Week3,235.0 Virginia Run - 167.0 Brookfield
Broyhill Crest,Week1,Poplar Heights,Week3,360.0 Poplar Heights - 42.0 Broyhill Crest
Brookfield ,Week3,McLean,Week5,294.0 McLean - 108.0 Brookfield
Brookfield ,Week3,Virginia Run,Week4,255.0 Virginia Run - 147.0 Brookfield
Brookfield ,Week1,Vienna Woods,Week3,301.0 Vienna Woods - 101.0 Brookfield
Broyhill Crest,Week2,Poplar Heights,Week5,370.5 Poplar Heights - 31.5 Broyhill Crest
Brookfield ,Week2,Virginia Run,Week4,261.0 Virginia Run - 141.0 Brookfield
Brookfield ,Week1,Dominion Hills,Week5,233.0 Dominion Hills - 169.0 Brookfield
Brookfield ,Week5,Vienna Aquatic,Week5,317.5 Vienna Aquatic - 84.5 Brookfield
Brookfield ,Week4,Vienna Aquatic,Week1,295.0 Vienna Aquatic - 107.0 Brookfield
Brookfield ,Week4,McLean,Week2,280.0 McLean - 122.0 Brookfield
Brookfield ,Week4,McLean,Week1,282.5 McLean - 119.5 Brookfield
Brookfield ,Week4,Vienna Aquatic,Week5,312.0 Vienna Aquatic - 90.0 Brookfield
Broyhill Crest,Week4,Poplar Heights,Week3,361.0 Poplar Heights - 41.0 Broyhill Crest
Broyhill Crest,Week2,Poplar Heights,Week3,370.0 Poplar Heights - 32.0 Broyhill Crest
Broyhill Crest,Week2,Poplar Heights,Week4,366.0 Poplar Heights - 35.0 Broyhill Crest
Brookfield ,Week3,McLean,Week2,296.0 McLean - 106.0 Brookfield
Brookfield ,Week5,Daventry,Week5,260.0 Brookfield - 142.0 Daventry
Brookfield ,Week3,Virginia Run,Week5,272.0 Virginia Run - 130.0 Brookfield
Brookfield ,Week4,Virginia Run,Week2,228.0 Virginia Run - 174.0 Brookfield
Brookfield ,Week1,Virginia Run,Week5,252.0 Virginia Run - 150.0 Brookfield
Broyhill Crest,Week3,Poplar Heights,Week1,351.0 Poplar Heights - 51.0 Broyhill Crest
Brookfield ,Week2,Vienna Aquatic,Week3,312.0 Vienna Aquatic - 90.0 Brookfield
Broyhill Crest,Week1,Poplar Heights,Week2,361.0 Poplar Heights - 37.0 Broyhill Crest
Brookfield ,Week2,McLean,Week2,293.0 McLean - 109.0 Brookfield
Broyhill Crest,Week1,Poplar Heights,Week5,367.5 Poplar Heights - 33.5 Broyhill Crest
Brookfield ,Week2,McLean,Week5,297.0 McLean - 105.0 Brookfield
Brookfield ,Week1,Dominion Hills,Week4,220.0 Dominion Hills - 182.0 Brookfield
Brookfield ,Week1,Dominion Hills,Week3,210.0 Brookfield - 192.0 Dominion Hills
Brookfield ,Week3,McLean,Week4,268.0 McLean - 134.0 Brookfield
Brookfield ,Week4,McLean,Week5,286.0 McLean - 116.0 Brookfield
Brookfield ,Week1,Virginia Run,Week3,219.0 Virginia Run - 183.0 Brookfield
Broyhill Crest,Week4,Poplar Heights,Week1,341.0 Poplar Heights - 60.0 Broyhill Crest
Brookfield ,Week2,Dominion Hills,Week3,209.0 Dominion Hills - 193.0 Brookfield
Brookfield ,Week3,Vienna Aquatic,Week4,306.0 Vienna Aquatic - 96.0 Brookfield
Brookfield ,Week2,Vienna Woods,Week2,308.0 Vienna Woods - 94.0 Brookfield
Broyhill Crest,Week4,Poplar Heights,Week5,366.0 Poplar Heights - 35.0 Broyhill Crest
Brookfield ,Week4,Virginia Run,Week3,229.0 Virginia Run - 173.0 Brookfield
Broyhill Crest,Week3,Poplar Heights,Week4,361.0 Poplar Heights - 41.0 Broyhill Crest
Brookfield ,Week4,Virginia Run,Week4,236.0 Virginia Run - 166.0 Brookfield
Brookfield ,Week5,McLean,Week3,279.0 McLean - 123.0 Brookfield
Brookfield ,Week2,Dominion Hills,Week4,232.0 Dominion Hills - 170.0 Brookfield
Brookfield ,Week4,Virginia Run,Week5,246.0 Virginia Run - 156.0 Brookfield
Brookfield ,Week1,Dominion Hills,Week2,209.0 Dominion Hills - 193.0 Brookfield
Brookfield ,Week5,McLean,Week4,274.0 McLean - 128.0 Brookfield
Brookfield ,Week1,Virginia Run,Week1,238.0 Virginia Run - 164.0 Brookfield
Brookfield ,Week2,Dominion Hills,Week5,265.5 Dominion Hills - 136.5 Brookfield
Brookfield ,Week1,Vienna Woods,Week1,299.0 Vienna Woods - 103.0 Brookfield
Brookfield ,Week1,Vienna Woods,Week4,283.0 Vienna Woods - 119.0 Brookfield
Broyhill Crest,Week5,Poplar Heights,Week1,345.0 Poplar Heights - 56.0 Broyhill Crest
Brookfield ,Week5,Vienna Woods,Week1,313.0 Vienna Woods - 84.0 Brookfield
Brookfield ,Week5,McLean,Week1,283.0 McLean - 119.0 Brookfield
Broyhill Crest,Week2,Poplar Heights,Week2,364.0 Poplar Heights - 36.0 Broyhill Crest
Broyhill Crest,Week2,Poplar Heights,Week1,351.0 Poplar Heights - 51.0 Broyhill Crest
Broyhill Crest,Week5,Poplar Heights,Week2,357.0 Poplar Heights - 44.0 Broyhill Crest
Brookfield ,Week2,Virginia Run,Week2,244.0 Virginia Run - 158.0 Brookfield
Brookfield ,Week3,Vienna Woods,Week2,311.5 Vienna Woods - 89.5 Brookfield
Brookfield ,Week3,Vienna Woods,Week4,311.0 Vienna Woods - 91.0 Brookfield
Brookfield ,Week3,Dominion Hills,Week1,214.0 Dominion Hills - 188.0 Brookfield
Brookfield ,Week4,Vienna Woods,Week2,292.0 Vienna Woods - 110.0 Brookfield
Brookfield ,Week5,Virginia Run,Week2,240.0 Virginia Run - 162.0 Brookfield
Brookfield ,Week1,Mosby Woods,Week5,265.0 Mosby Woods - 137.0 Brookfield
Brookfield ,Week1,Mosby Woods,Week3,260.0 Mosby Woods - 142.0 Brookfield
Brookfield ,Week3,Dominion Hills,Week2,227.0 Dominion Hills - 175.0 Brookfield
Brookfield ,Week1,Wakefield Chapel,Week1,295.0 Wakefield Chapel - 107.0 Brookfield
Brookfield ,Week2,Dominion Hills,Week1,209.0 Dominion Hills - 193.0 Brookfield
Broyhill Crest,Week4,Poplar Heights,Week4,352.0 Poplar Heights - 50.0 Broyhill Crest
Brookfield ,Week5,Virginia Run,Week4,253.0 Virginia Run - 149.0 Brookfield
Brookfield ,Week2,Vienna Woods,Week4,294.0 Vienna Woods - 108.0 Brookfield
Brookfield ,Week1,Mosby Woods,Week2,262.0 Mosby Woods - 140.0 Brookfield
Broyhill Crest,Week3,Poplar Heights,Week5,372.0 Poplar Heights - 30.0 Broyhill Crest
Brookfield ,Week1,Mosby Woods,Week1,261.0 Mosby Woods - 141.0 Brookfield
Brookfield ,Week1,Dominion Hills,Week1,209.0 Brookfield - 193.0 Dominion Hills
Brookfield ,Week5,McLean,Week5,296.0 McLean - 106.0 Brookfield
Broyhill Crest,Week3,Poplar Tree,Week4,340.0 Poplar Tree - 61.0 Broyhill Crest
Brookfield ,Week1,Villa Aquatic,Week4,209.0 Villa Aquatic - 193.0 Brookfield
Broyhill Crest,Week2,Poplar Tree,Week3,351.0 Poplar Tree - 51.0 Broyhill Crest
Brookfield ,Week5,Vienna Woods,Week4,296.0 Vienna Woods - 106.0 Brookfield
Brookfield ,Week3,Mosby Woods,Week2,290.0 Mosby Woods - 112.0 Brookfield
Brookfield ,Week1,Wakefield Chapel,Week2,287.0 Wakefield Chapel - 115.0 Brookfield
Brookfield ,Week3,Mosby Woods,Week3,278.0 Mosby Woods - 124.0 Brookfield
Brookfield ,Week1,Wakefield Chapel,Week5,297.0 Wakefield Chapel - 105.0 Brookfield
Broyhill Crest,Week1,Poplar Tree,Week5,356.0 Poplar Tree - 45.0 Broyhill Crest
Brookfield ,Week1,Mosby Woods,Week4,236.0 Mosby Woods - 166.0 Brookfield
Brookfield ,Week1,Walden Glen,Week3,250.0 Brookfield - 152.0 Walden Glen
Broyhill Crest,Week1,Ravensworth Farm,Week3,360.0 Ravensworth Farm - 41.0 Broyhill Crest
Brookfield ,Week4,Wakefield Chapel,Week1,295.0 Wakefield Chapel - 107.0 Brookfield
Brookfield ,Week2,Villa Aquatic,Week1,207.0 Villa Aquatic - 195.0 Brookfield
Brookfield ,Week1,Villa Aquatic,Week1,216.0 Brookfield - 186.0 Villa Aquatic
Brookfield ,Week5,Wakefield Chapel,Week1,315.0 Wakefield Chapel - 87.0 Brookfield
Brookfield ,Week1,Villa Aquatic,Week3,233.0 Villa Aquatic - 169.0 Brookfield
Brookfield ,Week2,Villa Aquatic,Week4,233.0 Villa Aquatic - 169.0 Brookfield
Brookfield ,Week2,Mosby Woods,Week2,284.0 Mosby Woods - 118.0 Brookfield
Broyhill Crest,Week5,Poplar Heights,Week4,353.0 Poplar Heights - 49.0 Broyhill Crest
Brookfield ,Week2,Villa Aquatic,Week3,259.0 Villa Aquatic - 143.0 Brookfield
Brookfield ,Week2,Mosby Woods,Week1,288.0 Mosby Woods - 114.0 Brookfield
Brookfield ,Week4,McLean,Week4,265.0 McLean - 137.0 Brookfield
Brookfield ,Week1,Villa Aquatic,Week5,219.0 Villa Aquatic - 183.0 Brookfield
Broyhill Crest,Week5,Poplar Heights,Week5,362.0 Poplar Heights - 39.0 Broyhill Crest
Brookfield ,Week1,Wakefield Chapel,Week4,288.0 Wakefield Chapel - 114.0 Brookfield
Brookfield ,Week3,Wakefield Chapel,Week1,329.0 Wakefield Chapel - 73.0 Brookfield
Brookfield ,Week1,Walden Glen,Week4,246.0 Brookfield - 156.0 Walden Glen
Brookfield ,Week3,Wakefield Chapel,Week5,311.0 Wakefield Chapel - 91.0 Brookfield
Brookfield ,Week2,Wakefield Chapel,Week1,309.0 Wakefield Chapel - 93.0 Brookfield
Brookfield ,Week1,Mount Vernon Park,Week4,252.0 Mount Vernon Park - 150.0 Brookfield
Brookfield ,Week5,Vienna Woods,Week2,302.0 Vienna Woods - 100.0 Brookfield
Brookfield ,Week2,Mosby Woods,Week5,276.0 Mosby Woods - 126.0 Brookfield
Broyhill Crest,Week1,Poplar Tree,Week1,345.0 Poplar Tree - 57.0 Broyhill Crest
Brookfield ,Week2,Villa Aquatic,Week5,235.0 Villa Aquatic - 167.0 Brookfield
Broyhill Crest,Week4,Poplar Heights,Week2,359.0 Poplar Heights - 41.0 Broyhill Crest
Brookfield ,Week2,Mount Vernon Park,Week1,279.0 Mount Vernon Park - 123.0 Brookfield
Brookfield ,Week2,Mosby Woods,Week3,285.0 Mosby Woods - 117.0 Brookfield
Broyhill Crest,Week3,Ravensworth Farm,Week1,368.0 Ravensworth Farm - 33.0 Broyhill Crest
Brookfield ,Week2,Mosby Woods,Week4,259.0 Mosby Woods - 143.0 Brookfield
Brookfield ,Week1,Villa Aquatic,Week2,221.0 Brookfield - 181.0 Villa Aquatic
Brookfield ,Week2,Wakefield Chapel,Week4,302.5 Wakefield Chapel - 99.5 Brookfield
Brookfield ,Week2,Villa Aquatic,Week2,205.0 Villa Aquatic - 197.0 Brookfield
Broyhill Crest,Week1,Poplar Tree,Week3,346.0 Poplar Tree - 56.0 Broyhill Crest
Broyhill Crest,Week1,Ravensworth Farm,Week5,366.0 Ravensworth Farm - 34.0 Broyhill Crest
Broyhill Crest,Week5,Poplar Heights,Week3,353.0 Poplar Heights - 49.0 Broyhill Crest
Broyhill Crest,Week2,Poplar Tree,Week2,334.0 Poplar Tree - 67.0 Broyhill Crest
Brookfield ,Week4,Vienna Woods,Week1,298.0 Vienna Woods - 104.0 Brookfield
Brookfield ,Week4,Vienna Woods,Week3,311.0 Vienna Woods - 91.0 Brookfield
Brookfield ,Week5,McLean,Week2,289.0 McLean - 113.0 Brookfield
Brookfield ,Week3,Mosby Woods,Week1,295.0 Mosby Woods - 107.0 Brookfield
Brookfield ,Week2,Wakefield Chapel,Week3,309.0 Wakefield Chapel - 93.0 Brookfield
Brookfield ,Week2,Wakefield Chapel,Week2,300.0 Wakefield Chapel - 102.0 Brookfield
Broyhill Crest,Week2,Poplar Tree,Week1,350.0 Poplar Tree - 51.0 Broyhill Crest
Brookfield ,Week1,Walden Glen,Week2,268.0 Brookfield - 134.0 Walden Glen
Brookfield ,Week5,Vienna Woods,Week5,328.0 Vienna Woods - 74.0 Brookfield
Brookfield ,Week4,Wakefield Chapel,Week3,296.0 Wakefield Chapel - 106.0 Brookfield
Broyhill Crest,Week4,Poplar Tree,Week1,336.0 Poplar Tree - 66.0 Broyhill Crest
Brookfield ,Week1,Mount Vernon Park,Week1,251.0 Mount Vernon Park - 151.0 Brookfield
Brookfield ,Week4,Vienna Woods,Week5,323.0 Vienna Woods - 79.0 Brookfield
Brookfield ,Week4,Wakefield Chapel,Week2,286.0 Wakefield Chapel - 116.0 Brookfield
Brookfield ,Week3,Mount Vernon Park,Week4,279.0 Mount Vernon Park - 123.0 Brookfield
Brookfield ,Week3,Vienna Woods,Week5,337.0 Vienna Woods - 65.0 Brookfield
Brookfield ,Week1,Walden Glen,Week5,212.0 Brookfield - 190.0 Walden Glen
Brookfield ,Week4,Mosby Woods,Week2,271.0 Mosby Woods - 131.0 Brookfield
Brookfield ,Week4,Mount Vernon Park,Week4,243.0 Mount Vernon Park - 159.0 Brookfield
Broyhill Crest,Week2,Ravensworth Farm,Week1,365.0 Ravensworth Farm - 36.0 Broyhill Crest
Brookfield ,Week2,Walden Glen,Week4,204.0 Brookfield - 198.0 Walden Glen
Broyhill Crest,Week5,Poplar Tree,Week2,321.0 Poplar Tree - 81.0 Broyhill Crest
Broyhill Crest,Week5,Poplar Tree,Week4,318.0 Poplar Tree - 84.0 Broyhill Crest
Brookfield ,Week4,Vienna Woods,Week4,285.0 Vienna Woods - 117.0 Brookfield
Brookfield ,Week5,Mount Vernon Park,Week1,264.0 Mount Vernon Park - 138.0 Brookfield
Brookfield ,Week2,Walden Glen,Week2,226.0 Brookfield - 176.0 Walden Glen
Broyhill Crest,Week3,Ravensworth Farm,Week2,353.0 Ravensworth Farm - 45.0 Broyhill Crest
Brookfield ,Week2,Walden Glen,Week1,250.5 Brookfield - 151.5 Walden Glen
Brookfield ,Week5,Vienna Woods,Week3,322.0 Vienna Woods - 80.0 Brookfield
Broyhill Crest,Week2,Poplar Tree,Week4,326.0 Poplar Tree - 75.0 Broyhill Crest
Broyhill Crest,Week5,Ravensworth Farm,Week3,360.0 Ravensworth Farm - 41.0 Broyhill Crest
Brookfield ,Week4,Mosby Woods,Week5,261.0 Mosby Woods - 141.0 Brookfield
Brookfield ,Week2,Walden Glen,Week3,236.0 Brookfield - 166.0 Walden Glen
Broyhill Crest,Week5,Poplar Tree,Week1,330.0 Poplar Tree - 72.0 Broyhill Crest
Brookfield ,Week4,Mosby Woods,Week4,250.0 Mosby Woods - 152.0 Brookfield
Broyhill Crest,Week2,Ravensworth Farm,Week2,344.0 Ravensworth Farm - 54.0 Broyhill Crest
Brookfield ,Week5,Mosby Woods,Week3,275.0 Mosby Woods - 127.0 Brookfield
Brookfield ,Week2,Walden Glen,Week5,223.0 Walden Glen - 179.0 Brookfield
Brookfield ,Week3,Mosby Woods,Week5,284.0 Mosby Woods - 118.0 Brookfield
Brookfield ,Week5,Wakefield Chapel,Week3,300.0 Wakefield Chapel - 102.0 Brookfield
Broyhill Crest,Week2,Ravensworth Farm,Week3,369.0 Ravensworth Farm - 32.0 Broyhill Crest
Brookfield ,Week3,Walden Glen,Week3,256.0 Brookfield - 146.0 Walden Glen
Brookfield ,Week3,Walden Glen,Week1,255.0 Brookfield - 147.0 Walden Glen
Brookfield ,Week5,Wakefield Chapel,Week2,301.0 Wakefield Chapel - 101.0 Brookfield
Brookfield ,Week3,Mosby Woods,Week4,277.0 Mosby Woods - 125.0 Brookfield
Broyhill Crest,Week3,Poplar Tree,Week3,357.0 Poplar Tree - 44.0 Broyhill Crest
Brookfield ,Week1,Mount Vernon Park,Week2,249.0 Mount Vernon Park - 153.0 Brookfield
Brookfield ,Week2,Mount Vernon Park,Week4,261.0 Mount Vernon Park - 141.0 Brookfield
Broyhill Crest,Week4,Poplar Tree,Week4,317.0 Poplar Tree - 85.0 Broyhill Crest
Brookfield ,Week1,Mount Vernon Park,Week3,263.0 Mount Vernon Park - 139.0 Brookfield
Broyhill Crest,Week2,Ravensworth Farm,Week4,361.0 Ravensworth Farm - 41.0 Broyhill Crest
Brookfield ,Week3,Walden Glen,Week2,242.0 Brookfield - 160.0 Walden Glen
Brookfield ,Week4,Mosby Woods,Week3,260.0 Mosby Woods - 142.0 Brookfield
Brookfield ,Week3,Mount Vernon Park,Week5,299.0 Mount Vernon Park - 102.0 Brookfield
Brookfield ,Week3,Mount Vernon Park,Week3,271.0 Mount Vernon Park - 131.0 Brookfield
Broyhill Crest,Week1,Ravensworth Farm,Week1,357.0 Ravensworth Farm - 43.0 Broyhill Crest
Brookfield ,Week1,Waynewood,Week2,240.0 Waynewood - 162.0 Brookfield
Brookfield ,Week1,Walden Glen,Week1,285.0 Brookfield - 117.0 Walden Glen
Brookfield ,Week3,Waynewood,Week2,264.0 Waynewood - 138.0 Brookfield
Brookfield ,Week3,Wakefield Chapel,Week3,313.0 Wakefield Chapel - 89.0 Brookfield
Brookfield ,Week1,Mount Vernon Park,Week5,267.0 Mount Vernon Park - 135.0 Brookfield
Brookfield ,Week2,Mount Vernon Park,Week5,284.0 Mount Vernon Park - 118.0 Brookfield
Brookfield ,Week5,Walden Glen,Week4,225.0 Brookfield - 177.0 Walden Glen
Broyhill Crest,Week2,Ravensworth Farm,Week5,375.0 Ravensworth Farm - 25.0 Broyhill Crest
Broyhill Crest,Week3,Poplar Tree,Week5,361.0 Poplar Tree - 41.0 Broyhill Crest
Broyhill Crest,Week1,Ravensworth Farm,Week4,352.0 Ravensworth Farm - 50.0 Broyhill Crest
Broyhill Crest,Week1,Ravensworth Farm,Week2,330.0 Ravensworth Farm - 68.0 Broyhill Crest
Brookfield ,Week3,Wakefield Chapel,Week4,300.0 Wakefield Chapel - 102.0 Brookfield
Brookfield ,Week5,Wakefield Chapel,Week5,306.0 Wakefield Chapel - 96.0 Brookfield
Brookfield ,Week4,Mosby Woods,Week1,254.0 Mosby Woods - 148.0 Brookfield
Brookfield ,Week2,Mount Vernon Park,Week3,276.0 Mount Vernon Park - 126.0 Brookfield
Broyhill Crest,Week4,Poplar Tree,Week2,325.0 Poplar Tree - 76.0 Broyhill Crest
Broyhill Crest,Week5,Poplar Tree,Week5,353.0 Poplar Tree - 49.0 Broyhill Crest
Broyhill Crest,Week4,Poplar Tree,Week3,350.0 Poplar Tree - 52.0 Broyhill Crest
Brookfield ,Week3,Mount Vernon Park,Week1,272.0 Mount Vernon Park - 130.0 Brookfield
Broyhill Crest,Week3,Ravensworth Farm,Week4,362.0 Ravensworth Farm - 40.0 Broyhill Crest
Brookfield ,Week4,Waynewood,Week5,262.0 Waynewood - 140.0 Brookfield
Brookfield ,Week5,Mosby Woods,Week5,270.0 Mosby Woods - 132.0 Brookfield
Brookfield ,Week4,Mount Vernon Park,Week1,261.0 Mount Vernon Park - 141.0 Brookfield
Broyhill Crest,Week4,Poplar Tree,Week5,352.0 Poplar Tree - 50.0 Broyhill Crest
Broyhill Crest,Week4,Ravensworth Farm,Week1,363.0 Ravensworth Farm - 38.0 Broyhill Crest
Brookfield ,Week5,Mosby Woods,Week2,281.0 Mosby Woods - 121.0 Brookfield
Brookfield ,Week4,Wakefield Chapel,Week4,291.0 Wakefield Chapel - 111.0 Brookfield
Brookfield ,Week3,Mount Vernon Park,Week2,267.0 Mount Vernon Park - 135.0 Brookfield
Brookfield ,Week5,Wakefield Chapel,Week4,293.0 Wakefield Chapel - 109.0 Brookfield
Broyhill Crest,Week2,Poplar Tree,Week5,362.0 Poplar Tree - 39.0 Broyhill Crest
Brookfield ,Week4,Walden Glen,Week3,258.5 Brookfield - 143.5 Walden Glen
Broyhill Crest,Week3,Poplar Tree,Week1,349.0 Poplar Tree - 52.0 Broyhill Crest
Brookfield ,Week4,Mount Vernon Park,Week3,265.0 Mount Vernon Park - 137.0 Brookfield
Brookfield ,Week4,Wakefield Chapel,Week5,299.0 Wakefield Chapel - 103.0 Brookfield
Brookfield ,Week1,Waynewood,Week3,263.0 Waynewood - 139.0 Brookfield
Brookfield ,Week5,Mosby Woods,Week1,279.0 Mosby Woods - 123.0 Brookfield
Brookfield ,Week4,Waynewood,Week2,241.0 Waynewood - 161.0 Brookfield
Brookfield ,Week3,Walden Glen,Week4,216.0 Brookfield - 185.0 Walden Glen
Broyhill Crest,Week3,Poplar Tree,Week2,338.0 Poplar Tree - 63.0 Broyhill Crest
Broyhill Crest,Week3,Ravensworth Farm,Week3,365.0 Ravensworth Farm - 35.0 Broyhill Crest
Brookfield ,Week4,Mount Vernon Park,Week2,250.0 Mount Vernon Park - 152.0 Brookfield
Brookfield ,Week2,Waynewood,Week2,250.0 Waynewood - 152.0 Brookfield
Broyhill Crest,Week5,Poplar Tree,Week3,341.5 Poplar Tree - 60.5 Broyhill Crest
Broyhill Crest,Week3,Ravensworth Farm,Week5,374.0 Ravensworth Farm - 27.0 Broyhill Crest
Brookfield ,Week4,Walden Glen,Week1,288.0 Brookfield - 113.0 Walden Glen
Brookfield ,Week5,Mosby Woods,Week4,265.0 Mosby Woods - 137.0 Brookfield
Brookfield ,Week2,Mount Vernon Park,Week2,264.0 Mount Vernon Park - 138.0 Brookfield
Brookfield ,Week3,Newington Forest,Week2,266.0 Brookfield - 132.0 Newington Forest
Brookfield ,Week4,Walden Glen,Week2,251.5 Brookfield - 150.5 Walden Glen
Brookfield ,Week1,Newington Forest,Week1,306.0 Brookfield - 96.0 Newington Forest
Broyhill Crest,Week4,Ravensworth Farm,Week2,329.0 Ravensworth Farm - 69.0 Broyhill Crest
Broyhill Crest,Week2,Riverside Gardens,Week1,393.0 Riverside Gardens - 9.0 Broyhill Crest
Broyhill Crest,Week4,Ravensworth Farm,Week5,366.0 Ravensworth Farm - 35.0 Broyhill Crest
Brookfield ,Week3,Waynewood,Week3,277.0 Waynewood - 125.0 Brookfield
Brookfield ,Week4,Mount Vernon Park,Week5,266.5 Mount Vernon Park - 135.5 Brookfield
Brookfield ,Week4,Walden Glen,Week4,226.0 Brookfield - 176.0 Walden Glen
Broyhill Crest,Week3,Riverside Gardens,Week5,385.0 Riverside Gardens - 17.0 Broyhill Crest
Brookfield ,Week1,Newington Forest,Week4,281.0 Brookfield - 121.0 Newington Forest
Brookfield ,Week5,Mount Vernon Park,Week4,277.0 Mount Vernon Park - 125.0 Brookfield
Broyhill Crest,Week5,Ravensworth Farm,Week1,346.0 Ravensworth Farm - 56.0 Broyhill Crest
Brookfield ,Week1,Waynewood,Week1,219.0 Waynewood - 183.0 Brookfield
Broyhill Crest,Week4,Ravensworth Farm,Week3,367.0 Ravensworth Farm - 34.0 Broyhill Crest
Broyhill Crest,Week4,Ravensworth Farm,Week4,357.0 Ravensworth Farm - 45.0 Broyhill Crest
Brookfield ,Week1,Newington Forest,Week5,253.0 Brookfield - 149.0 Newington Forest
Brookfield ,Week1,Newington Forest,Week2,292.0 Brookfield - 110.0 Newington Forest
Brookfield ,Week3,Waynewood,Week1,257.0 Waynewood - 145.0 Brookfield
Broyhill Crest,Week5,Ravensworth Farm,Week2,323.0 Ravensworth Farm - 77.0 Broyhill Crest
Brookfield ,Week2,Woodley,Week2,271.0 Brookfield - 131.0 Woodley
Brookfield ,Week3,Waynewood,Week5,288.0 Waynewood - 114.0 Brookfield
Brookfield ,Week2,Waynewood,Week5,296.0 Waynewood - 106.0 Brookfield
Brookfield ,Week2,Newington Forest,Week3,262.0 Brookfield - 140.0 Newington Forest
Brookfield ,Week5,Mount Vernon Park,Week3,273.0 Mount Vernon Park - 129.0 Brookfield
Brookfield ,Week1,Waynewood,Week5,270.0 Waynewood - 132.0 Brookfield
Broyhill Crest,Week4,Riverside Gardens,Week1,382.0 Riverside Gardens - 20.0 Broyhill Crest
Broyhill Crest,Week5,Sleepy Hollow Rec,Week4,283.0 Sleepy Hollow Rec - 119.0 Broyhill Crest
Brookfield ,Week5,Walden Glen,Week1,257.0 Brookfield - 145.0 Walden Glen
Brookfield ,Week5,Walden Glen,Week3,244.0 Brookfield - 158.0 Walden Glen
Brookfield ,Week2,Newington Forest,Week2,273.0 Brookfield - 128.0 Newington Forest
Broyhill Crest,Week2,Sleepy Hollow Rec,Week2,323.0 Sleepy Hollow Rec - 78.0 Broyhill Crest
Brookfield ,Week4,Walden Glen,Week5,217.0 Brookfield - 185.0 Walden Glen
Broyhill Crest,Week1,Riverside Gardens,Week3,381.0 Riverside Gardens - 21.0 Broyhill Crest
Brookfield ,Week3,Newington Forest,Week5,228.0 Brookfield - 174.0 Newington Forest
Broyhill Crest,Week4,Sleepy Hollow Rec,Week3,314.0 Sleepy Hollow Rec - 88.0 Broyhill Crest
Brookfield ,Week5,Walden Glen,Week2,236.5 Brookfield - 165.5 Walden Glen
Broyhill Crest,Week1,Riverside Gardens,Week2,371.0 Riverside Gardens - 31.0 Broyhill Crest
Broyhill Crest,Week4,Riverside Gardens,Week3,382.0 Riverside Gardens - 20.0 Broyhill Crest
Broyhill Crest,Week1,Sleepy Hollow Rec,Week4,319.0 Sleepy Hollow Rec - 83.0 Broyhill Crest
Brookfield ,Week2,Newington Forest,Week4,251.0 Brookfield - 151.0 Newington Forest
Brookfield ,Week1,Waynewood,Week4,236.0 Waynewood - 166.0 Brookfield
Brookfield ,Week5,Walden Glen,Week5,202.0 Brookfield - 200.0 Walden Glen
Brookfield ,Week4,Newington Forest,Week2,282.0 Brookfield - 120.0 Newington Forest
Broyhill Crest,Week3,Sleepy Hollow Rec,Week1,311.0 Sleepy Hollow Rec - 91.0 Broyhill Crest
Brookfield ,Week1,Newington Forest,Week3,291.0 Brookfield - 111.0 Newington Forest
Broyhill Crest,Week2,Riverside Gardens,Week4,389.0 Riverside Gardens - 13.0 Broyhill Crest
Broyhill Crest,Week5,Ravensworth Farm,Week4,347.0 Ravensworth Farm - 55.0 Broyhill Crest
Brookfield ,Week3,Newington Forest,Week3,261.0 Brookfield - 141.0 Newington Forest
Broyhill Crest,Week3,Sleepy Hollow Rec,Week4,330.0 Sleepy Hollow Rec - 72.0 Broyhill Crest
Brookfield ,Week5,Newington Forest,Week5,225.0 Brookfield - 172.0 Newington Forest
Brookfield ,Week5,Mount Vernon Park,Week5,277.0 Mount Vernon Park - 125.0 Brookfield
Broyhill Crest,Week4,Sleepy Hollow Rec,Week2,295.0 Sleepy Hollow Rec - 106.0 Broyhill Crest
Brookfield ,Week2,Newington Forest,Week1,270.0 Brookfield - 131.0 Newington Forest
Brookfield ,Week2,Forest Hollow,Week2,232.0 Forest Hollow - 170.0 Brookfield
Brookfield ,Week2,Waynewood,Week4,276.0 Waynewood - 126.0 Brookfield
Broyhill Crest,Week2,Riverside Gardens,Week3,390.0 Riverside Gardens - 12.0 Broyhill Crest
Broyhill Crest,Week1,Riverside Gardens,Week1,383.0 Riverside Gardens - 19.0 Broyhill Crest
Broyhill Crest,Week3,Sleepy Hollow Rec,Week3,339.0 Sleepy Hollow Rec - 63.0 Broyhill Crest
Broyhill Crest,Week3,Somerset-Olde Creek,Week2,211.0 Somerset-Olde Creek - 180.0 Broyhill Crest
Broyhill Crest,Week2,Riverside Gardens,Week5,388.0 Riverside Gardens - 14.0 Broyhill Crest
Brookfield ,Week1,Forest Hollow,Week4,227.0 Forest Hollow - 175.0 Brookfield
Broyhill Crest,Week4,Riverside Gardens,Week4,387.0 Riverside Gardens - 15.0 Broyhill Crest
Broyhill Crest,Week3,Sleepy Hollow Rec,Week2,324.0 Sleepy Hollow Rec - 78.0 Broyhill Crest
Broyhill Crest,Week5,Riverside Gardens,Week2,355.0 Riverside Gardens - 47.0 Broyhill Crest
Brookfield ,Week1,North Springfield,Week1,303.0 Brookfield - 48.0 North Springfield
Broyhill Crest,Week1,Somerset-Olde Creek,Week2,202.0 Somerset-Olde Creek - 186.0 Broyhill Crest
Broyhill Crest,Week2,Sleepy Hollow Rec,Week5,336.5 Sleepy Hollow Rec - 63.5 Broyhill Crest
Broyhill Crest,Week4,Sleepy Hollow Rec,Week1,300.0 Sleepy Hollow Rec - 102.0 Broyhill Crest
Broyhill Crest,Week1,Riverside Gardens,Week5,383.0 Riverside Gardens - 19.0 Broyhill Crest
Broyhill Crest,Week5,Riverside Gardens,Week1,367.0 Riverside Gardens - 35.0 Broyhill Crest
Brookfield ,Week5,Waynewood,Week3,268.0 Waynewood - 134.0 Brookfield
Brookfield ,Week1,North Springfield,Week2,309.0 Brookfield - 79.0 North Springfield
Broyhill Crest,Week4,Riverside Gardens,Week5,385.0 Riverside Gardens - 17.0 Broyhill Crest
Brookfield ,Week2,Waynewood,Week3,271.0 Waynewood - 131.0 Brookfield
Brookfield ,Week4,Newington Forest,Week4,267.0 Brookfield - 135.0 Newington Forest
Brookfield ,Week4,Waynewood,Week4,243.0 Waynewood - 159.0 Brookfield
Brookfield ,Week4,Waynewood,Week1,231.0 Waynewood - 171.0 Brookfield
Brookfield ,Week2,Newington Forest,Week5,234.0 Brookfield - 168.0 Newington Forest
Brookfield ,Week2,Waynewood,Week1,235.0 Waynewood - 167.0 Brookfield
Broyhill Crest,Week4,Sleepy Hollow Rec,Week4,306.0 Sleepy Hollow Rec - 96.0 Broyhill Crest
Brookfield ,Week3,Waynewood,Week4,276.0 Waynewood - 126.0 Brookfield
Brookfield ,Week3,Walden Glen,Week5,213.0 Walden Glen - 188.0 Brookfield
Broyhill Crest,Week2,Sleepy Hollow Rec,Week3,336.0 Sleepy Hollow Rec - 66.0 Broyhill Crest
Broyhill Crest,Week1,Riverside Gardens,Week4,385.0 Riverside Gardens - 17.0 Broyhill Crest
Brookfield ,Week5,Newington Forest,Week4,256.0 Brookfield - 146.0 Newington Forest
Broyhill Crest,Week2,Riverside Gardens,Week2,380.0 Riverside Gardens - 22.0 Broyhill Crest
Brookfield ,Week5,Mount Vernon Park,Week2,267.0 Mount Vernon Park - 135.0 Brookfield
Brookfield ,Week3,Newington Forest,Week1,266.0 Brookfield - 132.0 Newington Forest
Brookfield ,Week5,Newington Forest,Week3,263.5 Brookfield - 138.5 Newington Forest
Broyhill Crest,Week2,Sleepy Hollow Rec,Week4,323.0 Sleepy Hollow Rec - 79.0 Broyhill Crest
Brookfield ,Week5,Waynewood,Week4,247.0 Waynewood - 155.0 Brookfield
Broyhill Crest,Week5,Ravensworth Farm,Week5,366.0 Ravensworth Farm - 36.0 Broyhill Crest
Brookfield ,Week4,Waynewood,Week3,262.0 Waynewood - 140.0 Brookfield
Brookfield ,Week5,Waynewood,Week2,253.0 Waynewood - 149.0 Brookfield
Broyhill Crest,Week4,Somerset-Olde Creek,Week5,259.0 Somerset-Olde Creek - 137.0 Broyhill Crest
Broyhill Crest,Week4,Riverside Gardens,Week2,370.0 Riverside Gardens - 32.0 Broyhill Crest
Brookfield ,Week3,Newington Forest,Week4,252.0 Brookfield - 150.0 Newington Forest
Broyhill Crest,Week3,Riverside Gardens,Week1,391.0 Riverside Gardens - 11.0 Broyhill Crest
Brookfield ,Week2,Dunn Loring,Week1,247.0 Dunn Loring - 155.0 Brookfield
Brookfield ,Week1,Forest Hollow,Week1,222.0 Forest Hollow - 180.0 Brookfield
Brookfield ,Week1,Woodley,Week1,285.0 Brookfield - 117.0 Woodley
Brookfield ,Week4,Newington Forest,Week1,287.0 Brookfield - 115.0 Newington Forest
Brookfield ,Week1,Fair Oaks ,Week5,246.0 Fair Oaks - 156.0 Brookfield
Brookfield ,Week1,Woodley,Week3,270.0 Brookfield - 132.0 Woodley
Broyhill Crest,Week3,Riverside Gardens,Week3,392.0 Riverside Gardens - 10.0 Broyhill Crest
Brookfield ,Week5,Waynewood,Week1,237.0 Waynewood - 165.0 Brookfield
Brookfield ,Week1,Fair Oaks ,Week3,240.0 Fair Oaks - 162.0 Brookfield
Broyhill Crest,Week5,Somerset-Olde Creek,Week3,201.0 Broyhill Crest - 190.0 Somerset-Olde Creek
Brookfield ,Week3,Forest Hollow,Week4,254.0 Forest Hollow - 148.0 Brookfield
Brookfield ,Week3,Forest Hollow,Week3,245.0 Forest Hollow - 157.0 Brookfield
Brookfield ,Week1,Woodley,Week2,277.0 Brookfield - 125.0 Woodley
Broyhill Crest,Week3,Riverside Gardens,Week2,382.0 Riverside Gardens - 20.0 Broyhill Crest
Brookfield ,Week4,Newington Forest,Week3,275.0 Brookfield - 127.0 Newington Forest
Broyhill Crest,Week2,Sleepy Hollow Rec,Week1,309.0 Sleepy Hollow Rec - 93.0 Broyhill Crest
Brookfield ,Week4,Fairfax Station,Week2,277.0 Fairfax Station - 125.0 Brookfield
Broyhill Crest,Week4,Sleepy Hollow Rec,Week5,316.0 Sleepy Hollow Rec - 84.0 Broyhill Crest
Brookfield ,Week5,Newington Forest,Week1,267.0 Brookfield - 135.0 Newington Forest
Brookfield ,Week5,Dunn Loring,Week4,280.0 Dunn Loring - 122.0 Brookfield
Brookfield ,Week4,Forest Hollow,Week2,222.0 Forest Hollow - 180.0 Brookfield
Brookfield ,Week4,Newington Forest,Week5,248.0 Brookfield - 154.0 Newington Forest
Brookfield ,Week5,Waynewood,Week5,271.0 Waynewood - 131.0 Brookfield
Brookfield ,Week2,Forest Hollow,Week5,256.0 Forest Hollow - 146.0 Brookfield
Broyhill Crest,Week2,Somerset-Olde Creek,Week2,219.0 Somerset-Olde Creek - 178.0 Broyhill Crest
Broyhill Crest,Week3,Riverside Gardens,Week4,393.0 Riverside Gardens - 9.0 Broyhill Crest
Broyhill Crest,Week1,Rolling Forest,Week3,347.0 Rolling Forest - 54.0 Broyhill Crest
Brookfield ,Week2,Woodley,Week4,277.0 Brookfield - 125.0 Woodley
Broyhill Crest,Week1,Sleepy Hollow Rec,Week5,327.0 Sleepy Hollow Rec - 70.0 Broyhill Crest
Broyhill Crest,Week5,Sleepy Hollow Rec,Week1,280.0 Sleepy Hollow Rec - 122.0 Broyhill Crest
Brookfield ,Week4,Dunn Loring,Week1,235.0 Dunn Loring - 167.0 Brookfield
Brookfield ,Week3,North Springfield,Week2,299.0 Brookfield - 89.0 North Springfield
Broyhill Crest,Week5,Rolling Forest,Week1,322.0 Rolling Forest - 75.0 Broyhill Crest
Brookfield ,Week2,Woodley,Week1,279.0 Brookfield - 123.0 Woodley
Brookfield ,Week1,North Springfield,Week5,278.0 Brookfield - 96.0 North Springfield
Broyhill Crest,Week5,Riverside Gardens,Week3,365.0 Riverside Gardens - 37.0 Broyhill Crest
Brookfield ,Week2,Dunn Loring,Week4,286.0 Dunn Loring - 116.0 Brookfield
Brookfield ,Week1,Woodley,Week4,288.0 Brookfield - 114.0 Woodley
Brookfield ,Week3,North Springfield,Week1,294.0 Brookfield - 57.0 North Springfield
Broyhill Crest,Week5,Sleepy Hollow Rec,Week3,302.0 Sleepy Hollow Rec - 100.0 Broyhill Crest
Broyhill Crest,Week5,Rolling Forest,Week3,339.0 Rolling Forest - 63.0 Broyhill Crest
Brookfield ,Week1,Dunn Loring,Week5,279.0 Dunn Loring - 123.0 Brookfield
Brookfield ,Week1,Fair Oaks ,Week1,235.0 Fair Oaks - 167.0 Brookfield
Broyhill Crest,Week5,Rolling Forest,Week4,325.0 Rolling Forest - 77.0 Broyhill Crest
Brookfield ,Week5,Newington Forest,Week2,262.0 Brookfield - 139.0 Newington Forest
Brookfield ,Week1,Woodley,Week5,259.0 Brookfield - 143.0 Woodley
Broyhill Crest,Week5,Sleepy Hollow Rec,Week2,282.0 Sleepy Hollow Rec - 119.0 Broyhill Crest
Brookfield ,Week2,Fairfax Station,Week5,298.0 Fairfax Station - 104.0 Brookfield
Brookfield ,Week3,Fairfax Station,Week5,311.5 Fairfax Station - 90.5 Brookfield
Brookfield ,Week5,Fairfax Station,Week3,298.0 Fairfax Station - 104.0 Brookfield
Brookfield ,Week3,Fairfax Station,Week4,300.0 Fairfax Station - 102.0 Brookfield
Brookfield ,Week4,Dunn Loring,Week2,261.0 Dunn Loring - 141.0 Brookfield
Brookfield ,Week2,Woodley,Week5,258.0 Brookfield - 144.0 Woodley
Brookfield ,Week3,Fairfax Station,Week2,303.0 Fairfax Station - 99.0 Brookfield
Brookfield ,Week2,North Springfield,Week5,274.0 Brookfield - 100.0 North Springfield
Brookfield ,Week3,North Springfield,Week5,269.0 Brookfield - 105.0 North Springfield
Brookfield ,Week4,Dunn Loring,Week5,276.0 Dunn Loring - 126.0 Brookfield
Brookfield ,Week1,Dunn Loring,Week4,269.0 Dunn Loring - 133.0 Brookfield
Brookfield ,Week4,Fairfax Station,Week1,262.0 Fairfax Station - 140.0 Brookfield
Broyhill Crest,Week2,Rolling Forest,Week1,329.0 Rolling Forest - 73.0 Broyhill Crest
Brookfield ,Week2,Dunn Loring,Week2,280.0 Dunn Loring - 122.0 Brookfield
Broyhill Crest,Week1,Rolling Forest,Week1,323.0 Rolling Forest - 79.0 Broyhill Crest
Brookfield ,Week3,Fairfax Station,Week3,310.0 Fairfax Station - 92.0 Brookfield
Broyhill Crest,Week1,Rolling Forest,Week2,321.0 Rolling Forest - 76.0 Broyhill Crest
Broyhill Crest,Week2,Somerset-Olde Creek,Week5,271.0 Somerset-Olde Creek - 125.0 Broyhill Crest
Brookfield ,Week2,North Springfield,Week1,293.0 Brookfield - 58.0 North Springfield
Brookfield ,Week3,Woodley,Week5,255.0 Brookfield - 146.0 Woodley
Brookfield ,Week5,Dunn Loring,Week2,277.0 Dunn Loring - 125.0 Brookfield
Broyhill Crest,Week3,Rolling Forest,Week5,351.0 Rolling Forest - 51.0 Broyhill Crest
Broyhill Crest,Week3,Rolling Forest,Week4,356.0 Rolling Forest - 46.0 Broyhill Crest
Brookfield ,Week3,Woodley,Week3,265.0 Brookfield - 137.0 Woodley
Brookfield ,Week4,Woodley,Week2,285.0 Brookfield - 117.0 Woodley
Broyhill Crest,Week1,Somerset-Olde Creek,Week5,272.0 Somerset-Olde Creek - 117.0 Broyhill Crest
Brookfield ,Week4,North Springfield,Week5,281.0 Brookfield - 93.0 North Springfield
Broyhill Crest,Week1,Rolling Hills,Week4,319.0 Rolling Hills - 75.0 Broyhill Crest
Brookfield ,Week4,Woodley,Week1,293.0 Brookfield - 109.0 Woodley
Broyhill Crest,Week3,Sleepy Hollow Rec,Week5,335.0 Sleepy Hollow Rec - 66.0 Broyhill Crest
Brookfield ,Week3,Dunn Loring,Week4,290.0 Dunn Loring - 112.0 Brookfield
Broyhill Crest,Week1,Somerset-Olde Creek,Week1,225.0 Somerset-Olde Creek - 158.0 Broyhill Crest
Broyhill Crest,Week5,Sleepy Hollow Rec,Week5,307.0 Sleepy Hollow Rec - 94.0 Broyhill Crest
Brookfield ,Week4,North Springfield,Week2,304.0 Brookfield - 84.0 North Springfield
Brookfield ,Week4,North Springfield,Week4,313.0 Brookfield - 79.0 North Springfield
Brookfield ,Week3,Woodley,Week2,266.0 Brookfield - 135.0 Woodley
Brookfield ,Week4,Fairfax Station,Week4,267.5 Fairfax Station - 134.5 Brookfield
Brookfield ,Week2,Fairfax Station,Week4,286.0 Fairfax Station - 116.0 Brookfield
Broyhill Crest,Week1,Somerset-Olde Creek,Week3,208.0 Somerset-Olde Creek - 173.0 Broyhill Crest
Brookfield ,Week4,Fairfax Station,Week5,289.0 Fairfax Station - 113.0 Brookfield
Brookfield ,Week5,North Springfield,Week1,296.5 Brookfield - 54.5 North Springfield
Brookfield ,Week3,Fairfax Station,Week1,296.0 Fairfax Station - 106.0 Brookfield
Brookfield ,Week3,Woodley,Week4,271.0 Brookfield - 131.0 Woodley
Broyhill Crest,Week3,Rolling Forest,Week1,346.0 Rolling Forest - 56.0 Broyhill Crest
Brookfield ,Week5,Fairfax Station,Week2,284.0 Fairfax Station - 118.0 Brookfield
Brookfield ,Week3,North Springfield,Week4,303.0 Brookfield - 89.0 North Springfield
Brookfield ,Week5,Dunn Loring,Week1,234.0 Dunn Loring - 163.0 Brookfield
Broyhill Crest,Week3,Somerset-Olde Creek,Week5,269.0 Somerset-Olde Creek - 129.0 Broyhill Crest
Brookfield ,Week2,North Springfield,Week2,301.0 Brookfield - 87.0 North Springfield
Broyhill Crest,Week4,Rolling Forest,Week4,336.0 Rolling Forest - 66.0 Broyhill Crest
Broyhill Crest,Week4,Somerset-Olde Creek,Week1,226.0 Somerset-Olde Creek - 166.0 Broyhill Crest
Brookfield ,Week4,North Springfield,Week3,288.0 Brookfield - 109.0 North Springfield
Broyhill Crest,Week3,Rolling Forest,Week3,356.0 Rolling Forest - 46.0 Broyhill Crest
Brookfield ,Week5,Woodley,Week1,268.0 Brookfield - 134.0 Woodley
Brookfield ,Week4,Woodley,Week3,275.0 Brookfield - 127.0 Woodley
Broyhill Crest,Week1,Rolling Forest,Week4,337.0 Rolling Forest - 65.0 Broyhill Crest
Brookfield ,Week5,Woodley,Week2,267.0 Brookfield - 135.0 Woodley
Brookfield ,Week4,Dunn Loring,Week3,274.5 Dunn Loring - 127.5 Brookfield
Brookfield ,Week2,Dunn Loring,Week5,293.0 Dunn Loring - 109.0 Brookfield
Brookfield ,Week3,Dunn Loring,Week2,281.0 Dunn Loring - 121.0 Brookfield
Broyhill Crest,Week3,Somerset-Olde Creek,Week3,217.0 Somerset-Olde Creek - 173.0 Broyhill Crest
Broyhill Crest,Week3,Somerset-Olde Creek,Week1,242.0 Somerset-Olde Creek - 147.0 Broyhill Crest
Brookfield ,Week3,North Springfield,Week3,283.0 Brookfield - 114.0 North Springfield
Brookfield ,Week4,Woodley,Week5,284.0 Brookfield - 118.0 Woodley
Brookfield ,Week3,Dunn Loring,Week3,294.0 Dunn Loring - 108.0 Brookfield
Brookfield ,Week1,Forest Hollow,Week3,223.0 Forest Hollow - 179.0 Brookfield
Broyhill Crest,Week4,Somerset-Olde Creek,Week2,203.0 Somerset-Olde Creek - 193.0 Broyhill Crest
Broyhill Crest,Week4,Rolling Forest,Week2,316.0 Rolling Forest - 86.0 Broyhill Crest
Brookfield ,Week1,Forest Hollow,Week2,210.0 Forest Hollow - 192.0 Brookfield
Brookfield ,Week1,North Springfield,Week4,318.0 Brookfield - 74.0 North Springfield
Brookfield ,Week5,Fairfax Station,Week4,277.0 Fairfax Station - 125.0 Brookfield
Broyhill Crest,Week4,Rolling Forest,Week3,336.0 Rolling Forest - 66.0 Broyhill Crest
Brookfield ,Week2,Woodley,Week3,267.0 Brookfield - 135.0 Woodley
Brookfield ,Week1,Fair Oaks ,Week2,207.0 Fair Oaks - 195.0 Brookfield
Brookfield ,Week4,Woodley,Week4,292.0 Brookfield - 110.0 Woodley
Brookfield ,Week5,Fairfax Station,Week5,298.0 Fairfax Station - 104.0 Brookfield
Brookfield ,Week4,Fairfax Station,Week3,296.0 Fairfax Station - 106.0 Brookfield
Broyhill Crest,Week4,Somerset-Olde Creek,Week3,203.0 Somerset-Olde Creek - 191.0 Broyhill Crest
Brookfield ,Week5,Woodley,Week3,257.0 Brookfield - 145.0 Woodley
Brookfield ,Week5,North Springfield,Week2,294.0 Brookfield - 94.0 North Springfield
Brookfield ,Week4,Dunn Loring,Week4,268.0 Dunn Loring - 134.0 Brookfield
Brookfield ,Week4,North Springfield,Week1,306.0 Brookfield - 45.0 North Springfield
Brookfield ,Week3,Dunn Loring,Week1,248.0 Dunn Loring - 154.0 Brookfield
Broyhill Crest,Week2,Rolling Forest,Week5,341.0 Rolling Forest - 61.0 Broyhill Crest
Brookfield ,Week5,Fairfax Station,Week1,283.0 Fairfax Station - 119.0 Brookfield
Brookfield ,Week1,North Springfield,Week3,307.0 Brookfield - 90.0 North Springfield
Broyhill Crest,Week2,Somerset-Olde Creek,Week1,243.0 Somerset-Olde Creek - 149.0 Broyhill Crest
Brookfield ,Week2,Forest Hollow,Week1,240.0 Forest Hollow - 162.0 Brookfield
Brookfield ,Week1,Forest Hollow,Week5,231.0 Forest Hollow - 171.0 Brookfield
Brookfield ,Week3,Woodley,Week1,276.0 Brookfield - 126.0 Woodley
Broyhill Crest,Week3,Somerset-Olde Creek,Week4,266.0 Somerset-Olde Creek - 134.0 Broyhill Crest
Brookfield ,Week5,Woodley,Week5,260.0 Brookfield - 142.0 Woodley
Broyhill Crest,Week4,Rolling Forest,Week5,329.0 Rolling Forest - 73.0 Broyhill Crest
Broyhill Crest,Week2,Rolling Forest,Week4,346.0 Rolling Forest - 56.0 Broyhill Crest
Brookfield ,Week3,Dunn Loring,Week5,299.0 Dunn Loring - 103.0 Brookfield
Brookfield ,Week2,Dunn Loring,Week3,295.0 Dunn Loring - 107.0 Brookfield
Brookfield ,Week2,North Springfield,Week3,286.0 Brookfield - 111.0 North Springfield
Brookfield ,Week5,Woodley,Week4,268.0 Brookfield - 134.0 Woodley
Broyhill Crest,Week2,Somerset-Olde Creek,Week3,224.0 Somerset-Olde Creek - 168.0 Broyhill Crest
Broyhill Crest,Week2,Rolling Forest,Week2,327.0 Rolling Forest - 75.0 Broyhill Crest
Broyhill Crest,Week2,Somerset-Olde Creek,Week4,260.0 Somerset-Olde Creek - 140.0 Broyhill Crest
Brookfield ,Week5,Dunn Loring,Week5,289.0 Dunn Loring - 113.0 Brookfield
Broyhill Crest,Week1,Somerset-Olde Creek,Week4,252.0 Somerset-Olde Creek - 144.0 Broyhill Crest
Brookfield ,Week3,Forest Hollow,Week2,241.0 Forest Hollow - 161.0 Brookfield
Broyhill Crest,Week2,Rolling Forest,Week3,341.0 Rolling Forest - 61.0 Broyhill Crest
Brookfield ,Week5,North Springfield,Week4,305.0 Brookfield - 87.0 North Springfield
Brookfield ,Week1,Fair Oaks ,Week4,224.0 Fair Oaks - 178.0 Brookfield
Broyhill Crest,Week5,Annandale,Week4,265.0 Annandale - 136.0 Broyhill Crest
Broyhill Crest,Week1,Rolling Forest,Week5,336.0 Rolling Forest - 66.0 Broyhill Crest
Broyhill Crest,Week2,South Run,Week4,316.0 South Run - 84.0 Broyhill Crest
Brookfield ,Week3,Forest Hollow,Week5,270.0 Forest Hollow - 132.0 Brookfield
Brookfield ,Week2,Forest Hollow,Week4,253.0 Forest Hollow - 149.0 Brookfield
Brookfield ,Week3,Forest Hollow,Week1,234.0 Forest Hollow - 168.0 Brookfield
Broyhill Crest,Week4,Somerset-Olde Creek,Week4,248.0 Somerset-Olde Creek - 151.0 Broyhill Crest
Broyhill Crest,Week3,Rolling Forest,Week2,328.0 Rolling Forest - 74.0 Broyhill Crest
Broyhill Crest,Week5,Rolling Forest,Week2,316.0 Rolling Forest - 86.0 Broyhill Crest
Broyhill Crest,Week5,Somerset-Olde Creek,Week2,233.0 Broyhill Crest - 165.0 Somerset-Olde Creek
Broyhill Crest,Week5,Somerset-Olde Creek,Week1,207.0 Somerset-Olde Creek - 187.0 Broyhill Crest
Brookfield ,Week2,Forest Hollow,Week3,249.0 Forest Hollow - 153.0 Brookfield
Broyhill Crest,Week1,Annandale,Week1,258.0 Annandale - 138.0 Broyhill Crest
Brookfield ,Week1,Dunn Loring,Week2,267.0 Dunn Loring - 135.0 Brookfield
Brookfield ,Week2,Fair Oaks ,Week5,254.0 Fair Oaks - 148.0 Brookfield
Broyhill Crest,Week1,Annandale,Week2,294.0 Annandale - 103.0 Broyhill Crest
Brookfield ,Week2,North Springfield,Week4,311.0 Brookfield - 81.0 North Springfield
Brookfield ,Week5,Dunn Loring,Week3,280.0 Dunn Loring - 122.0 Brookfield
Brookfield ,Week5,North Springfield,Week5,267.0 Brookfield - 106.0 North Springfield
Broyhill Crest,Week1,Arlington Forest,Week4,374.0 Arlington Forest - 28.0 Broyhill Crest
Broyhill Crest,Week4,Rolling Forest,Week1,322.0 Rolling Forest - 80.0 Broyhill Crest
Broyhill Crest,Week5,Riverside Gardens,Week5,377.0 Riverside Gardens - 25.0 Broyhill Crest
Brookfield ,Week5,North Springfield,Week3,292.0 Brookfield - 105.0 North Springfield
Brookfield ,Week1,Fox Hunt,Week1,211.0 Brookfield - 191.0 Fox Hunt
Broyhill Crest,Week1,Annandale,Week4,288.0 Annandale - 107.0 Broyhill Crest
Broyhill Crest,Week5,Riverside Gardens,Week4,381.0 Riverside Gardens - 21.0 Broyhill Crest
Broyhill Crest,Week5,Somerset-Olde Creek,Week5,231.0 Somerset-Olde Creek - 165.0 Broyhill Crest
Broyhill Crest,Week1,Arlington Forest,Week2,350.0 Arlington Forest - 52.0 Broyhill Crest
Brookfield ,Week2,Fair Oaks ,Week4,239.0 Fair Oaks - 163.0 Brookfield
Brookfield ,Week2,Fair Oaks ,Week2,205.0 Fair Oaks - 197.0 Brookfield
Broyhill Crest,Week3,South Run,Week2,328.0 South Run - 73.0 Broyhill Crest
Brookfield ,Week4,Forest Hollow,Week1,220.0 Forest Hollow - 182.0 Brookfield
Brookfield ,Week1,Dunn Loring,Week3,280.0 Dunn Loring - 122.0 Brookfield
Brookfield ,Week4,Forest Hollow,Week3,227.0 Forest Hollow - 175.0 Brookfield
Brookfield ,Week4,Fair Oaks ,Week2,205.0 Fair Oaks - 197.0 Brookfield
Broyhill Crest,Week1,South Run,Week5,334.0 South Run - 68.0 Broyhill Crest
Broyhill Crest,Week1,Newington Forest,Week4,308.0 Newington Forest - 93.0 Broyhill Crest
Broyhill Crest,Week2,South Run,Week1,327.0 South Run - 65.0 Broyhill Crest
Broyhill Crest,Week3,Rolling Hills,Week4,327.0 Rolling Hills - 71.0 Broyhill Crest
Broyhill Crest,Week3,South Run,Week3,347.0 South Run - 54.0 Broyhill Crest
Brookfield ,Week5,Forest Hollow,Week1,217.0 Forest Hollow - 185.0 Brookfield
Brookfield ,Week2,Fairfax,Week2,282.0 Fairfax - 120.0 Brookfield
Brookfield ,Week1,Fairfax,Week1,255.0 Fairfax - 147.0 Brookfield
Broyhill Crest,Week1,Rolling Hills,Week2,313.0 Rolling Hills - 89.0 Broyhill Crest
Brookfield ,Week1,Fox Hunt,Week5,230.0 Fox Hunt - 172.0 Brookfield
Brookfield ,Week5,Forest Hollow,Week4,225.0 Forest Hollow - 177.0 Brookfield
Broyhill Crest,Week2,Arlington Forest,Week1,375.0 Arlington Forest - 27.0 Broyhill Crest
Broyhill Crest,Week2,South Run,Week5,339.0 South Run - 63.0 Broyhill Crest
Broyhill Crest,Week2,Rolling Hills,Week1,322.0 Rolling Hills - 80.0 Broyhill Crest
Broyhill Crest,Week4,Annandale,Week2,287.0 Annandale - 111.0 Broyhill Crest
Broyhill Crest,Week5,Somerset-Olde Creek,Week4,219.0 Somerset-Olde Creek - 180.0 Broyhill Crest
Brookfield ,Week5,Fair Oaks ,Week5,248.0 Fair Oaks - 154.0 Brookfield
Broyhill Crest,Week4,South Run,Week1,315.0 South Run - 77.0 Broyhill Crest
Brookfield ,Week2,Fair Oaks ,Week3,250.0 Fair Oaks - 152.0 Brookfield
Broyhill Crest,Week2,South Run,Week2,316.0 South Run - 85.0 Broyhill Crest
Brookfield ,Week2,Fairfax,Week4,265.0 Fairfax - 137.0 Brookfield
Broyhill Crest,Week1,Rolling Hills,Week1,310.0 Rolling Hills - 91.0 Broyhill Crest
Brookfield ,Week1,Fox Hunt,Week2,207.0 Brookfield - 195.0 Fox Hunt
Broyhill Crest,Week1,Rolling Hills,Week3,308.0 Rolling Hills - 91.0 Broyhill Crest
Broyhill Crest,Week3,Annandale,Week5,310.0 Annandale - 91.0 Broyhill Crest
Broyhill Crest,Week2,Annandale,Week1,278.0 Annandale - 121.0 Broyhill Crest
Brookfield ,Week5,Fair Oaks ,Week1,236.0 Fair Oaks - 166.0 Brookfield
Broyhill Crest,Week3,Arlington Forest,Week1,377.0 Arlington Forest - 25.0 Broyhill Crest
Broyhill Crest,Week1,Arlington Forest,Week1,368.0 Arlington Forest - 34.0 Broyhill Crest
Brookfield ,Week3,Fox Hunt,Week2,222.0 Fox Hunt - 180.0 Brookfield
Brookfield ,Week1,Fox Hunt,Week4,201.0 Brookfield - 201.0 Fox Hunt
Broyhill Crest,Week5,Rolling Forest,Week5,322.0 Rolling Forest - 80.0 Broyhill Crest
Broyhill Crest,Week2,Annandale,Week2,305.0 Annandale - 92.0 Broyhill Crest
Broyhill Crest,Week2,Rolling Hills,Week2,323.5 Rolling Hills - 78.5 Broyhill Crest
Broyhill Crest,Week3,South Run,Week5,347.0 South Run - 55.0 Broyhill Crest
Broyhill Crest,Week1,Annandale,Week5,300.0 Annandale - 96.0 Broyhill Crest
Brookfield ,Week2,Fox Hunt,Week4,220.0 Fox Hunt - 182.0 Brookfield
Broyhill Crest,Week2,South Run,Week3,337.0 South Run - 65.0 Broyhill Crest
Broyhill Crest,Week3,Annandale,Week3,317.0 Annandale - 79.0 Broyhill Crest
Broyhill Crest,Week1,South Run,Week4,313.0 South Run - 79.0 Broyhill Crest
Brookfield ,Week4,Fair Oaks ,Week5,247.0 Fair Oaks - 155.0 Brookfield
Brookfield ,Week5,Forest Hollow,Week3,233.0 Forest Hollow - 169.0 Brookfield
Broyhill Crest,Week4,South Run,Week2,300.0 South Run - 102.0 Broyhill Crest
Broyhill Crest,Week2,Newington Forest,Week2,282.0 Newington Forest - 115.0 Broyhill Crest
Broyhill Crest,Week4,Rolling Hills,Week1,311.0 Rolling Hills - 91.0 Broyhill Crest
Broyhill Crest,Week1,South Run,Week2,312.0 South Run - 83.0 Broyhill Crest
Broyhill Crest,Week2,Annandale,Week5,321.0 Annandale - 75.0 Broyhill Crest
Broyhill Crest,Week5,Rolling Hills,Week1,306.0 Rolling Hills - 95.0 Broyhill Crest
Brookfield ,Week5,Fair Oaks ,Week4,223.0 Fair Oaks - 179.0 Brookfield
Brookfield ,Week2,Fox Hunt,Week3,230.0 Fox Hunt - 172.0 Brookfield
Broyhill Crest,Week5,Mount Vernon Park,Week1,375.0 Mount Vernon Park - 27.0 Broyhill Crest
Brookfield ,Week5,Fair Oaks ,Week2,209.0 Fair Oaks - 193.0 Brookfield
Broyhill Crest,Week2,Newington Forest,Week1,291.0 Newington Forest - 109.0 Broyhill Crest
Brookfield ,Week1,Fox Hunt,Week3,208.0 Fox Hunt - 194.0 Brookfield
Broyhill Crest,Week3,Annandale,Week2,306.0 Annandale - 92.0 Broyhill Crest
Broyhill Crest,Week5,Mount Vernon Park,Week3,381.0 Mount Vernon Park - 21.0 Broyhill Crest
Broyhill Crest,Week3,Annandale,Week4,313.0 Annandale - 85.0 Broyhill Crest
Broyhill Crest,Week5,Rolling Hills,Week3,294.0 Rolling Hills - 107.0 Broyhill Crest
Broyhill Crest,Week2,Rolling Hills,Week4,312.0 Rolling Hills - 89.0 Broyhill Crest
Brookfield ,Week1,Fairfax,Week2,278.0 Fairfax - 124.0 Brookfield
Broyhill Crest,Week1,Newington Forest,Week1,271.0 Newington Forest - 128.0 Broyhill Crest
Broyhill Crest,Week1,South Run,Week1,321.0 South Run - 65.0 Broyhill Crest
Broyhill Crest,Week3,Mount Vernon Park,Week4,394.0 Mount Vernon Park - 8.0 Broyhill Crest
Brookfield ,Week5,Forest Hollow,Week2,215.0 Forest Hollow - 182.0 Brookfield
Brookfield ,Week2,Fox Hunt,Week2,207.0 Fox Hunt - 195.0 Brookfield
Broyhill Crest,Week5,Rolling Hills,Week4,306.0 Rolling Hills - 91.0 Broyhill Crest
Brookfield ,Week1,Fairfax,Week3,277.0 Fairfax - 125.0 Brookfield
Brookfield ,Week5,Fair Oaks ,Week3,244.0 Fair Oaks - 158.0 Brookfield
Broyhill Crest,Week5,Rolling Hills,Week2,309.0 Rolling Hills - 93.0 Broyhill Crest
Brookfield ,Week4,Brookfield ,Week4,201.0 Brookfield  (BF1) - 201.0 Brookfield  (BF2)
Broyhill Crest,Week1,South Run,Week3,335.0 South Run - 66.0 Broyhill Crest
Broyhill Crest,Week1,Rolling Hills,Week5,311.0 Rolling Hills - 91.0 Broyhill Crest
Brookfield ,Week4,Fox Hunt,Week1,216.0 Brookfield - 186.0 Fox Hunt
Broyhill Crest,Week2,Annandale,Week3,314.0 Annandale - 86.0 Broyhill Crest
Broyhill Crest,Week5,Mount Vernon Park,Week2,386.0 Mount Vernon Park - 16.0 Broyhill Crest
Broyhill Crest,Week4,Annandale,Week1,257.0 Annandale - 143.0 Broyhill Crest
Broyhill Crest,Week3,South Run,Week1,333.0 South Run - 58.0 Broyhill Crest
Brookfield ,Week3,Fox Hunt,Week3,232.0 Fox Hunt - 170.0 Brookfield
Broyhill Crest,Week3,Rolling Hills,Week2,332.0 Rolling Hills - 70.0 Broyhill Crest
Broyhill Crest,Week3,Springboard,Week4,301.0 Springboard - 95.0 Broyhill Crest
Brookfield ,Week3,Fox Hunt,Week4,218.0 Fox Hunt - 184.0 Brookfield
Brookfield ,Week1,Fairfax,Week5,285.0 Fairfax - 117.0 Brookfield
Broyhill Crest,Week3,Mount Vernon Park,Week5,381.0 Mount Vernon Park - 20.0 Broyhill Crest
Brookfield ,Week5,Brookfield ,Week5,198.5 Brookfield  (BF1) - 198.5 Brookfield  (BF2)
Broyhill Crest,Week1,Annandale,Week3,303.0 Annandale - 96.0 Broyhill Crest
Brookfield ,Week2,Fairfax,Week5,296.0 Fairfax - 106.0 Brookfield
Broyhill Crest,Week4,Annandale,Week4,283.0 Annandale - 115.0 Broyhill Crest
Broyhill Crest,Week2,Annandale,Week4,316.0 Annandale - 79.0 Broyhill Crest
Brookfield ,Week3,Brookfield ,Week3,200.0 Brookfield  (BF1) - 200.0 Brookfield  (BF2)
Brookfield ,Week2,Fairfax,Week3,282.0 Fairfax - 120.0 Brookfield
Brookfield ,Week5,Bren Mar-Edsall Park,Week4,350.0 Brookfield - 52.0 Bren Mar-Edsall Park
Brookfield ,Week3,Fox Hunt,Week5,249.0 Fox Hunt - 153.0 Brookfield
Broyhill Crest,Week4,Mount Vernon Park,Week3,388.0 Mount Vernon Park - 14.0 Broyhill Crest
Brookfield ,Week2,Fairfax,Week1,263.0 Fairfax - 139.0 Brookfield
Broyhill Crest,Week3,South Run,Week4,320.5 South Run - 80.5 Broyhill Crest
Broyhill Crest,Week5,Rolling Hills,Week5,303.0 Rolling Hills - 99.0 Broyhill Crest
Broyhill Crest,Week3,Rolling Hills,Week1,320.0 Rolling Hills - 81.0 Broyhill Crest
Broyhill Crest,Week1,Newington Forest,Week5,302.0 Newington Forest - 95.0 Broyhill Crest
Brookfield ,Week5,Forest Hollow,Week5,237.0 Forest Hollow - 165.0 Brookfield
Broyhill Crest,Week1,North Springfield,Week1,178.0 Broyhill Crest - 155.0 North Springfield
Brookfield ,Week3,Fair Oaks ,Week4,242.0 Fair Oaks - 160.0 Brookfield
Brookfield ,Week3,Fair Oaks ,Week5,264.0 Fair Oaks - 138.0 Brookfield
Brookfield ,Week4,Brookfield ,Week2,231.0 Brookfield  (BF1) - 171.0 Brookfield  (BF2)
Broyhill Crest,Week4,Mount Vernon Park,Week2,393.0 Mount Vernon Park - 9.0 Broyhill Crest
Broyhill Crest,Week4,Springboard,Week3,282.0 Springboard - 118.0 Broyhill Crest
Broyhill Crest,Week4,Rolling Hills,Week2,317.0 Rolling Hills - 85.0 Broyhill Crest
Broyhill Crest,Week2,Rolling Hills,Week5,321.0 Rolling Hills - 81.0 Broyhill Crest
Broyhill Crest,Week5,Mount Vernon Park,Week4,387.0 Mount Vernon Park - 15.0 Broyhill Crest
Brookfield ,Week3,Fair Oaks ,Week3,254.0 Fair Oaks - 148.0 Brookfield
Brookfield ,Week2,Fox Hunt,Week1,207.0 Fox Hunt - 195.0 Brookfield
Brookfield ,Week4,Fox Hunt,Week3,203.0 Fox Hunt - 199.0 Brookfield
Brookfield ,Week3,Brookfield ,Week2,217.0 Brookfield  (BF2) - 185.0 Brookfield  (BF1)
Brookfield ,Week1,Brookfield ,Week2,235.0 Brookfield  (BF1) - 167.0 Brookfield  (BF2)
Broyhill Crest,Week4,Annandale,Week3,296.0 Annandale - 105.0 Broyhill Crest
Broyhill Crest,Week4,Springboard,Week2,264.5 Springboard - 135.5 Broyhill Crest
Brookfield ,Week3,Fair Oaks ,Week1,243.0 Fair Oaks - 159.0 Brookfield
Brookfield ,Week3,Fair Oaks ,Week2,215.0 Fair Oaks - 187.0 Brookfield
Brookfield ,Week4,Fox Hunt,Week2,212.0 Brookfield - 190.0 Fox Hunt
Broyhill Crest,Week5,Annandale,Week3,283.0 Annandale - 119.0 Broyhill Crest
Broyhill Crest,Week2,Springboard,Week1,300.0 Springboard - 99.0 Broyhill Crest
Broyhill Crest,Week4,Rolling Hills,Week4,316.0 Rolling Hills - 84.0 Broyhill Crest
Broyhill Crest,Week5,Annandale,Week2,271.0 Annandale - 130.0 Broyhill Crest
Broyhill Crest,Week4,Mount Vernon Park,Week4,397.0 Mount Vernon Park - 5.0 Broyhill Crest
Brookfield ,Week4,Forest Hollow,Week4,228.0 Forest Hollow - 174.0 Brookfield
Broyhill Crest,Week3,Rolling Hills,Week5,322.0 Rolling Hills - 80.0 Broyhill Crest
Broyhill Crest,Week4,Mount Vernon Park,Week5,384.0 Mount Vernon Park - 18.0 Broyhill Crest
Brookfield ,Week5,Bren Mar-Edsall Park,Week3,355.0 Brookfield - 47.0 Bren Mar-Edsall Park
Broyhill Crest,Week3,Springboard,Week5,318.0 Springboard - 80.0 Broyhill Crest
Broyhill Crest,Week4,Rolling Hills,Week3,308.0 Rolling Hills - 93.0 Broyhill Crest
Broyhill Crest,Week4,South Run,Week3,335.0 South Run - 67.0 Broyhill Crest
Brookfield ,Week3,Brookfield ,Week4,246.0 Brookfield  (BF2) - 156.0 Brookfield  (BF1)
Broyhill Crest,Week3,Annandale,Week1,276.0 Annandale - 125.0 Broyhill Crest
Broyhill Crest,Week4,Annandale,Week5,294.0 Annandale - 106.0 Broyhill Crest
Brookfield ,Week2,Brookfield ,Week4,231.0 Brookfield  (BF2) - 171.0 Brookfield  (BF1)
Broyhill Crest,Week4,Rolling Hills,Week5,313.0 Rolling Hills - 89.0 Broyhill Crest
Brookfield ,Week4,Fair Oaks ,Week4,224.0 Fair Oaks - 178.0 Brookfield
Brookfield ,Week1,Brookfield ,Week5,225.0 Brookfield  (BF1) - 177.0 Brookfield  (BF2)
Broyhill Crest,Week1,Springboard,Week4,273.0 Springboard - 124.0 Broyhill Crest
Brookfield ,Week3,Fox Hunt,Week1,226.0 Fox Hunt - 176.0 Brookfield
Broyhill Crest,Week4,Springboard,Week5,289.0 Springboard - 112.0 Broyhill Crest
Brookfield ,Week4,Fair Oaks ,Week3,240.0 Fair Oaks - 162.0 Brookfield
Brookfield ,Week5,Bren Mar-Edsall Park,Week5,342.0 Brookfield - 55.0 Bren Mar-Edsall Park
Brookfield ,Week4,Forest Hollow,Week5,242.0 Forest Hollow - 160.0 Brookfield
Broyhill Crest,Week2,Arlington Forest,Week2,363.0 Arlington Forest - 39.0 Broyhill Crest
Brookfield ,Week2,Fair Oaks ,Week1,243.0 Fair Oaks - 159.0 Brookfield
Brookfield ,Week2,Fox Hunt,Week5,232.0 Fox Hunt - 170.0 Brookfield
Broyhill Crest,Week5,Annandale,Week5,287.0 Annandale - 114.0 Broyhill Crest
Broyhill Crest,Week4,South Run,Week5,344.0 South Run - 58.0 Broyhill Crest
Broyhill Crest,Week2,Newington Forest,Week4,311.0 Newington Forest - 90.0 Broyhill Crest
Broyhill Crest,Week3,Rolling Hills,Week3,325.5 Rolling Hills - 71.5 Broyhill Crest
Brookfield ,Week4,Fair Oaks ,Week1,233.0 Fair Oaks - 169.0 Brookfield
Broyhill Crest,Week1,North Springfield,Week5,212.0 North Springfield - 147.0 Broyhill Crest
Broyhill Crest,Week1,Arlington Forest,Week3,348.0 Arlington Forest - 54.0 Broyhill Crest
Broyhill Crest,Week1,Springfield,Week1,247.0 Broyhill Crest - 125.0 Springfield
Broyhill Crest,Week5,Annandale,Week1,235.0 Annandale - 166.0 Broyhill Crest
Broyhill Crest,Week1,Newington Forest,Week2,264.0 Newington Forest - 132.0 Broyhill Crest
Brookfield ,Week4,Fox Hunt,Week4,206.0 Brookfield - 196.0 Fox Hunt
Broyhill Crest,Week2,Rolling Hills,Week3,320.0 Rolling Hills - 81.0 Broyhill Crest
Brookfield ,Week3,Brookfield ,Week1,255.0 Brookfield  (BF2) - 147.0 Brookfield  (BF1)
Broyhill Crest,Week5,Newington Forest,Week2,252.0 Newington Forest - 145.0 Broyhill Crest
Brookfield ,Week2,Brookfield ,Week2,201.0 Brookfield  (BF1) - 201.0 Brookfield  (BF2)
Brookfield ,Week5,Fox Mill Estates,Week2,232.0 Brookfield - 170.0 Fox Mill Estates
Broyhill Crest,Week4,Mount Vernon Park,Week1,386.0 Mount Vernon Park - 15.0 Broyhill Crest
Broyhill Crest,Week4,South Run,Week4,314.0 South Run - 87.0 Broyhill Crest
Brookfield ,Week3,Fox Mill Estates,Week3,222.0 Brookfield - 179.0 Fox Mill Estates
Broyhill Crest,Week1,Springboard,Week1,286.0 Springboard - 109.0 Broyhill Crest
Broyhill Crest,Week1,Brandywine,Week4,349.0 Brandywine - 53.0 Broyhill Crest
Brookfield ,Week1,Fox Mill Estates,Week1,264.0 Brookfield - 138.0 Fox Mill Estates
Brookfield ,Week4,Brookfield ,Week3,246.0 Brookfield  (BF1) - 156.0 Brookfield  (BF2)
Broyhill Crest,Week5,South Run,Week1,315.0 South Run - 77.0 Broyhill Crest
Broyhill Crest,Week1,Arlington Forest,Week5,353.0 Arlington Forest - 49.0 Broyhill Crest
Broyhill Crest,Week2,North Springfield,Week3,228.0 North Springfield - 161.0 Broyhill Crest
Brookfield ,Week3,Fairfax,Week4,283.0 Fairfax - 118.0 Brookfield
Broyhill Crest,Week1,Springboard,Week2,274.0 Springboard - 120.0 Broyhill Crest
Brookfield ,Week4,Brookfield ,Week5,223.0 Brookfield  (BF1) - 179.0 Brookfield  (BF2)
Broyhill Crest,Week5,Mount Vernon Park,Week5,376.0 Mount Vernon Park - 25.0 Broyhill Crest
Brookfield ,Week2,Brookfield ,Week5,211.0 Brookfield  (BF2) - 191.0 Brookfield  (BF1)
Broyhill Crest,Week3,Newington Forest,Week1,281.0 Newington Forest - 116.0 Broyhill Crest
Brookfield ,Week5,Fox Hunt,Week2,209.0 Fox Hunt - 193.0 Brookfield
Brookfield ,Week3,Fairfax,Week1,279.0 Fairfax - 123.0 Brookfield
Broyhill Crest,Week4,Newington Forest,Week5,298.0 Newington Forest - 104.0 Broyhill Crest
Brookfield ,Week3,Fairfax,Week5,302.0 Fairfax - 99.0 Brookfield
Brookfield ,Week3,Fairfax,Week3,284.0 Fairfax - 117.0 Brookfield
Brookfield ,Week4,Fox Hunt,Week5,213.5 Fox Hunt - 188.5 Brookfield
Brookfield ,Week3,Fairfax,Week2,289.0 Fairfax - 113.0 Brookfield
Brookfield ,Week2,Brookfield ,Week1,235.0 Brookfield  (BF2) - 167.0 Brookfield  (BF1)
Broyhill Crest,Week2,Arlington Forest,Week4,374.0 Arlington Forest - 28.0 Broyhill Crest
Broyhill Crest,Week3,Newington Forest,Week2,277.0 Newington Forest - 120.0 Broyhill Crest
Brookfield ,Week5,Fox Hunt,Week1,204.0 Fox Hunt - 198.0 Brookfield
Broyhill Crest,Week2,Arlington Forest,Week5,363.0 Arlington Forest - 39.0 Broyhill Crest
Broyhill Crest,Week2,Arlington Forest,Week3,354.0 Arlington Forest - 48.0 Broyhill Crest
Brookfield ,Week4,Brookfield ,Week1,210.0 Brookfield  (BF2) - 192.0 Brookfield  (BF1)
Broyhill Crest,Week5,South Run,Week4,300.0 South Run - 100.0 Broyhill Crest
Brookfield ,Week1,Fairfax,Week4,265.0 Fairfax - 137.0 Brookfield
Brookfield ,Week1,Brookfield ,Week3,255.0 Brookfield  (BF1) - 147.0 Brookfield  (BF2)
Broyhill Crest,Week3,Arlington Forest,Week4,377.0 Arlington Forest - 25.0 Broyhill Crest
Broyhill Crest,Week1,Springboard,Week3,289.0 Springboard - 110.0 Broyhill Crest
Broyhill Crest,Week1,Brandywine,Week1,330.0 Brandywine - 71.0 Broyhill Crest
Broyhill Crest,Week1,Brandywine,Week2,319.0 Brandywine - 82.0 Broyhill Crest
Brookfield ,Week1,Brookfield ,Week1,201.0 Brookfield  (BF1) - 201.0 Brookfield  (BF2)
Brookfield ,Week3,Fairfax Club Estates,Week1,232.0 Brookfield - 170.0 Fairfax Club Estates
Broyhill Crest,Week2,Springboard,Week3,310.0 Springboard - 90.0 Broyhill Crest
Broyhill Crest,Week3,Newington Forest,Week5,322.0 Newington Forest - 80.0 Broyhill Crest
Broyhill Crest,Week5,South Run,Week2,299.0 South Run - 102.0 Broyhill Crest
Brookfield ,Week1,Fox Mill Woods,Week1,248.0 Fox Mill Woods - 154.0 Brookfield
Brookfield ,Week2,Fox Mill Woods,Week1,271.0 Fox Mill Woods - 131.0 Brookfield
Brookfield ,Week5,Brookfield ,Week1,225.0 Brookfield  (BF2) - 177.0 Brookfield  (BF1)
Broyhill Crest,Week1,Brandywine,Week5,348.0 Brandywine - 53.0 Broyhill Crest
Brookfield ,Week3,Fairfax Club Estates,Week5,232.0 Brookfield - 166.0 Fairfax Club Estates
Broyhill Crest,Week5,South Run,Week3,324.0 South Run - 77.0 Broyhill Crest
Brookfield ,Week2,Brookfield ,Week3,217.0 Brookfield  (BF1) - 185.0 Brookfield  (BF2)
Brookfield ,Week5,Brookfield ,Week2,211.0 Brookfield  (BF1) - 191.0 Brookfield  (BF2)
Broyhill Crest,Week1,Springboard,Week5,297.0 Springboard - 103.0 Broyhill Crest
Brookfield ,Week1,Fairfax Club Estates,Week1,259.0 Brookfield - 143.0 Fairfax Club Estates
Brookfield ,Week4,Fairfax,Week1,248.0 Fairfax - 154.0 Brookfield
Broyhill Crest,Week4,Newington Forest,Week2,272.0 Newington Forest - 129.0 Broyhill Crest
Brookfield ,Week3,Brookfield ,Week5,222.0 Brookfield  (BF2) - 180.0 Brookfield  (BF1)
Broyhill Crest,Week3,Arlington Forest,Week3,358.0 Arlington Forest - 43.0 Broyhill Crest
Broyhill Crest,Week5,Arlington Forest,Week4,363.0 Arlington Forest - 39.0 Broyhill Crest
Broyhill Crest,Week3,Arlington Forest,Week5,363.0 Arlington Forest - 34.0 Broyhill Crest
Broyhill Crest,Week2,Springboard,Week4,292.0 Springboard - 109.0 Broyhill Crest
Broyhill Crest,Week2,Newington Forest,Week3,306.0 Newington Forest - 94.0 Broyhill Crest
Brookfield ,Week5,Fairfax,Week1,268.0 Fairfax - 134.0 Brookfield
Broyhill Crest,Week4,Arlington Forest,Week3,352.0 Arlington Forest - 50.0 Broyhill Crest
Brookfield ,Week5,Fox Mill Estates,Week4,203.0 Brookfield - 199.0 Fox Mill Estates
Brookfield ,Week2,Fox Mill Estates,Week5,217.0 Brookfield - 185.0 Fox Mill Estates
Broyhill Crest,Week3,Springboard,Week1,310.0 Springboard - 87.0 Broyhill Crest
Brookfield ,Week1,Fox Mill Estates,Week5,235.0 Brookfield - 167.0 Fox Mill Estates
Brookfield ,Week5,Brookfield ,Week4,223.0 Brookfield  (BF2) - 179.0 Brookfield  (BF1)
Broyhill Crest,Week3,Newington Forest,Week3,306.0 Newington Forest - 95.0 Broyhill Crest
Brookfield ,Week5,Fairfax Club Estates,Week2,251.0 Brookfield - 151.0 Fairfax Club Estates
Broyhill Crest,Week1,Newington Forest,Week3,292.0 Newington Forest - 107.0 Broyhill Crest
Brookfield ,Week2,Fox Mill Estates,Week4,202.0 Fox Mill Estates - 200.0 Brookfield
Broyhill Crest,Week2,Newington Forest,Week5,309.0 Newington Forest - 93.0 Broyhill Crest
Brookfield ,Week2,Broyhill Crest,Week4,353.5 Brookfield - 48.5 Broyhill Crest
Broyhill Crest,Week3,Brandywine,Week1,337.0 Brandywine - 65.0 Broyhill Crest
Brookfield ,Week3,Fox Mill Estates,Week2,207.5 Brookfield - 194.5 Fox Mill Estates
Broyhill Crest,Week2,Springboard,Week2,271.0 Springboard - 130.0 Broyhill Crest
Broyhill Crest,Week4,Newington Forest,Week1,270.0 Newington Forest - 131.0 Broyhill Crest
Broyhill Crest,Week1,Brandywine,Week3,316.0 Brandywine - 86.0 Broyhill Crest
Brookfield ,Week5,Brookfield ,Week3,222.0 Brookfield  (BF1) - 180.0 Brookfield  (BF2)
Brookfield ,Week5,Fairfax,Week5,287.0 Fairfax - 115.0 Brookfield
Broyhill Crest,Week5,Newington Forest,Week1,241.5 Newington Forest - 156.5 Broyhill Crest
Broyhill Crest,Week4,Newington Forest,Week4,301.0 Newington Forest - 100.0 Broyhill Crest
Broyhill Crest,Week5,Arlington Forest,Week3,343.0 Arlington Forest - 58.0 Broyhill Crest
Brookfield ,Week5,Fairfax,Week4,262.0 Fairfax - 140.0 Brookfield
Broyhill Crest,Week5,South Run,Week5,328.0 South Run - 74.0 Broyhill Crest
Broyhill Crest,Week3,Springboard,Week2,290.0 Springboard - 103.0 Broyhill Crest
Brookfield ,Week3,Fox Mill Estates,Week5,213.0 Brookfield - 189.0 Fox Mill Estates
Brookfield ,Week5,Fox Hunt,Week4,217.0 Fox Hunt - 185.0 Brookfield
Brookfield ,Week3,Fairfax Club Estates,Week4,230.0 Brookfield - 171.0 Fairfax Club Estates
Brookfield ,Week1,Brookfield ,Week4,210.0 Brookfield  (BF1) - 192.0 Brookfield  (BF2)
Brookfield ,Week1,Fox Mill Estates,Week3,242.0 Brookfield - 160.0 Fox Mill Estates
Broyhill Crest,Week3,Newington Forest,Week4,311.0 Newington Forest - 90.0 Broyhill Crest
Broyhill Crest,Week5,Arlington Forest,Week1,354.0 Arlington Forest - 48.0 Broyhill Crest
Brookfield ,Week5,Fox Hunt,Week5,225.0 Fox Hunt - 177.0 Brookfield
Broyhill Crest,Week4,Newington Forest,Week3,290.0 Newington Forest - 111.0 Broyhill Crest
Brookfield ,Week1,Fairfax Club Estates,Week4,258.0 Brookfield - 144.0 Fairfax Club Estates
Brookfield ,Week1,Broyhill Crest,Week1,356.0 Brookfield - 46.0 Broyhill Crest
Broyhill Crest,Week3,Springboard,Week3,320.0 Springboard - 78.0 Broyhill Crest
Broyhill Crest,Week2,Springboard,Week5,308.0 Springboard - 93.0 Broyhill Crest
Broyhill Crest,Week3,Arlington Forest,Week2,359.0 Arlington Forest - 38.0 Broyhill Crest
Brookfield ,Week1,Fairfax Club Estates,Week2,274.0 Brookfield - 128.0 Fairfax Club Estates
Broyhill Crest,Week5,Newington Forest,Week4,293.0 Newington Forest - 109.0 Broyhill Crest
Brookfield ,Week1,Fox Mill Estates,Week4,218.0 Brookfield - 184.0 Fox Mill Estates
Brookfield ,Week3,Fox Mill Estates,Week4,205.0 Fox Mill Estates - 197.0 Brookfield
Brookfield ,Week4,Fairfax Club Estates,Week2,269.0 Brookfield - 133.0 Fairfax Club Estates
Brookfield ,Week2,Broyhill Crest,Week1,352.0 Brookfield - 50.0 Broyhill Crest
Broyhill Crest,Week4,Springboard,Week4,280.0 Springboard - 121.0 Broyhill Crest
Broyhill Crest,Week5,Springboard,Week1,268.0 Springboard - 128.0 Broyhill Crest
Brookfield ,Week2,Broyhill Crest,Week5,343.5 Brookfield - 58.5 Broyhill Crest
Brookfield ,Week2,Fox Mill Estates,Week3,226.0 Brookfield - 176.0 Fox Mill Estates
Brookfield ,Week4,Broyhill Crest,Week1,369.0 Brookfield - 33.0 Broyhill Crest
Brookfield ,Week3,Fox Mill Estates,Week1,233.0 Brookfield - 169.0 Fox Mill Estates
Broyhill Crest,Week5,Newington Forest,Week5,284.0 Newington Forest - 113.0 Broyhill Crest
Brookfield ,Week4,Fox Mill Estates,Week1,259.0 Brookfield - 143.0 Fox Mill Estates
Brookfield ,Week3,Fairfax Club Estates,Week2,265.0 Brookfield - 136.0 Fairfax Club Estates
Broyhill Crest,Week5,Springboard,Week3,269.0 Springboard - 128.0 Broyhill Crest
Broyhill Crest,Week5,Arlington Forest,Week2,334.0 Arlington Forest - 68.0 Broyhill Crest
Broyhill Crest,Week1,North Springfield,Week3,230.0 North Springfield - 157.0 Broyhill Crest
Brookfield ,Week2,Fairfax Club Estates,Week4,218.0 Brookfield - 184.0 Fairfax Club Estates
Broyhill Crest,Week4,Arlington Forest,Week1,361.0 Arlington Forest - 41.0 Broyhill Crest
Broyhill Crest,Week1,North Springfield,Week4,195.0 North Springfield - 176.0 Broyhill Crest
Broyhill Crest,Week2,Brandywine,Week3,323.0 Brandywine - 75.0 Broyhill Crest
Brookfield ,Week3,Broyhill Crest,Week3,362.0 Brookfield - 39.0 Broyhill Crest
Broyhill Crest,Week1,North Springfield,Week2,215.0 North Springfield - 162.0 Broyhill Crest
Brookfield ,Week4,Broyhill Crest,Week4,365.0 Brookfield - 37.0 Broyhill Crest
Brookfield ,Week5,Broyhill Crest,Week2,366.0 Brookfield - 36.0 Broyhill Crest
Brookfield ,Week2,Fox Mill Estates,Week1,246.0 Brookfield - 156.0 Fox Mill Estates
Broyhill Crest,Week5,Springboard,Week2,254.0 Springboard - 143.0 Broyhill Crest
Broyhill Crest,Week3,Brandywine,Week2,344.0 Brandywine - 57.0 Broyhill Crest
Brookfield ,Week4,Fairfax Club Estates,Week3,277.0 Brookfield - 125.0 Fairfax Club Estates
Broyhill Crest,Week2,Brandywine,Week4,349.0 Brandywine - 53.0 Broyhill Crest
Brookfield ,Week4,Fairfax,Week4,254.0 Fairfax - 148.0 Brookfield
Broyhill Crest,Week5,Newington Forest,Week3,274.0 Newington Forest - 128.0 Broyhill Crest
Brookfield ,Week4,Fairfax,Week3,278.5 Fairfax - 123.5 Brookfield
Broyhill Crest,Week5,Springboard,Week4,265.0 Springboard - 135.0 Broyhill Crest
Broyhill Crest,Week4,Springboard,Week1,288.0 Springboard - 111.0 Broyhill Crest
Brookfield ,Week2,Broyhill Crest,Week2,364.0 Brookfield - 38.0 Broyhill Crest
Broyhill Crest,Week3,Brandywine,Week3,320.0 Brandywine - 81.0 Broyhill Crest
Broyhill Crest,Week2,North Springfield,Week1,173.0 Broyhill Crest - 166.0 North Springfield
Brookfield ,Week1,Broyhill Crest,Week3,364.0 Brookfield - 38.0 Broyhill Crest
Broyhill Crest,Week1,Springfield,Week3,248.0 Broyhill Crest - 124.0 Springfield
Brookfield ,Week4,Fox Mill Estates,Week4,229.0 Brookfield - 173.0 Fox Mill Estates
Brookfield ,Week4,Broyhill Crest,Week5,360.0 Brookfield - 42.0 Broyhill Crest
Broyhill Crest,Week5,Springboard,Week5,281.0 Springboard - 117.0 Broyhill Crest
Brookfield ,Week2,Fairfax Club Estates,Week1,230.0 Brookfield - 172.0 Fairfax Club Estates
Broyhill Crest,Week4,Arlington Forest,Week4,366.0 Arlington Forest - 36.0 Broyhill Crest
Broyhill Crest,Week3,North Springfield,Week3,218.0 North Springfield - 171.0 Broyhill Crest
Broyhill Crest,Week3,Brandywine,Week4,358.0 Brandywine - 44.0 Broyhill Crest
Broyhill Crest,Week2,Brandywine,Week2,331.0 Brandywine - 70.0 Broyhill Crest
Brookfield ,Week2,Fairfax Club Estates,Week2,247.0 Brookfield - 155.0 Fairfax Club Estates
Broyhill Crest,Week5,Springfield,Week2,280.0 Broyhill Crest - 104.0 Springfield
Brookfield ,Week4,Fox Mill Estates,Week3,244.0 Brookfield - 158.0 Fox Mill Estates
Brookfield ,Week3,Fairfax Club Estates,Week3,227.0 Brookfield - 174.0 Fairfax Club Estates
Brookfield ,Week1,Fairfax Club Estates,Week5,262.0 Brookfield - 140.0 Fairfax Club Estates
Brookfield ,Week3,Broyhill Crest,Week2,361.0 Brookfield - 41.0 Broyhill Crest
Broyhill Crest,Week1,Stratford,Week1,278.0 Stratford - 118.0 Broyhill Crest
Broyhill Crest,Week2,North Springfield,Week2,230.0 North Springfield - 149.0 Broyhill Crest
Broyhill Crest,Week4,Springfield,Week4,235.5 Broyhill Crest - 149.5 Springfield
Broyhill Crest,Week5,Arlington Forest,Week5,357.0 Arlington Forest - 45.0 Broyhill Crest
Brookfield ,Week4,Fairfax,Week2,281.0 Fairfax - 121.0 Brookfield
Brookfield ,Week5,Broyhill Crest,Week4,357.0 Brookfield - 45.0 Broyhill Crest
Broyhill Crest,Week3,North Springfield,Week2,212.0 North Springfield - 171.0 Broyhill Crest
Brookfield ,Week1,Fairfax Club Estates,Week3,271.0 Brookfield - 131.0 Fairfax Club Estates
Broyhill Crest,Week3,North Springfield,Week5,211.0 North Springfield - 158.0 Broyhill Crest
Brookfield ,Week1,Fox Mill Estates,Week2,237.0 Brookfield - 165.0 Fox Mill Estates
Broyhill Crest,Week1,Springfield,Week4,227.0 Broyhill Crest - 143.0 Springfield
Brookfield ,Week5,Fox Mill Estates,Week1,255.0 Brookfield - 147.0 Fox Mill Estates
Broyhill Crest,Week3,North Springfield,Week4,213.0 North Springfield - 171.0 Broyhill Crest
Brookfield ,Week4,Fox Mill Estates,Week5,228.0 Brookfield - 174.0 Fox Mill Estates
Broyhill Crest,Week4,Arlington Forest,Week2,343.0 Arlington Forest - 59.0 Broyhill Crest
Brookfield ,Week4,Broyhill Crest,Week3,373.0 Brookfield - 29.0 Broyhill Crest
Brookfield ,Week5,Fox Hunt,Week3,208.0 Fox Hunt - 194.0 Brookfield
Broyhill Crest,Week4,North Springfield,Week3,217.0 North Springfield - 172.0 Broyhill Crest
Brookfield ,Week4,Fairfax,Week5,290.5 Fairfax - 111.5 Brookfield
Brookfield ,Week5,Fairfax,Week3,284.0 Fairfax - 118.0 Brookfield
Broyhill Crest,Week2,North Springfield,Week4,220.0 North Springfield - 159.0 Broyhill Crest
Brookfield ,Week4,Fox Mill Estates,Week2,242.0 Brookfield - 160.0 Fox Mill Estates
Brookfield ,Week2,Fox Mill Estates,Week2,237.0 Brookfield - 165.0 Fox Mill Estates
Broyhill Crest,Week2,Brandywine,Week5,352.5 Brandywine - 48.5 Broyhill Crest
Brookfield ,Week3,Broyhill Crest,Week1,353.0 Brookfield - 49.0 Broyhill Crest
Brookfield ,Week2,Fairfax Club Estates,Week3,222.0 Brookfield - 180.0 Fairfax Club Estates
Broyhill Crest,Week5,North Springfield,Week3,199.0 North Springfield - 195.0 Broyhill Crest
Broyhill Crest,Week2,Brandywine,Week1,333.0 Brandywine - 68.0 Broyhill Crest
Broyhill Crest,Week4,North Springfield,Week5,215.0 North Springfield - 153.0 Broyhill Crest
Brookfield ,Week3,Broyhill Crest,Week5,343.0 Brookfield - 58.0 Broyhill Crest
Broyhill Crest,Week3,Springfield,Week5,266.0 Broyhill Crest - 114.0 Springfield
Brookfield ,Week1,Broyhill Crest,Week5,336.0 Brookfield - 66.0 Broyhill Crest
Broyhill Crest,Week1,Springfield,Week2,257.0 Broyhill Crest - 108.0 Springfield
Broyhill Crest,Week5,Springfield,Week3,273.0 Broyhill Crest - 108.0 Springfield
Brookfield ,Week5,Fox Mill Estates,Week3,223.0 Brookfield - 179.0 Fox Mill Estates
Brookfield ,Week2,Broyhill Crest,Week3,361.0 Brookfield - 41.0 Broyhill Crest
Broyhill Crest,Week3,Brandywine,Week5,358.0 Brandywine - 44.0 Broyhill Crest
Broyhill Crest,Week2,Springfield,Week2,244.0 Broyhill Crest - 130.0 Springfield
Brookfield ,Week5,Fairfax,Week2,282.0 Fairfax - 120.0 Brookfield
Brookfield ,Week4,Broyhill Crest,Week2,378.0 Brookfield - 24.0 Broyhill Crest
Brookfield ,Week5,Fox Mill Estates,Week5,223.0 Brookfield - 179.0 Fox Mill Estates
Broyhill Crest,Week4,Arlington Forest,Week5,359.0 Arlington Forest - 43.0 Broyhill Crest
Broyhill Crest,Week5,North Springfield,Week2,196.0 North Springfield - 189.0 Broyhill Crest
Broyhill Crest,Week4,Brandywine,Week1,331.0 Brandywine - 71.0 Broyhill Crest
Broyhill Crest,Week1,Bren Mar-Edsall Park,Week5,195.0 Broyhill Crest - 193.0 Bren Mar-Edsall Park
Broyhill Crest,Week5,North Springfield,Week1,207.0 Broyhill Crest - 136.0 North Springfield
Broyhill Crest,Week5,North Springfield,Week5,199.0 North Springfield - 168.0 Broyhill Crest
Brookfield ,Week5,Fairfax Club Estates,Week1,246.0 Brookfield - 156.0 Fairfax Club Estates
Broyhill Crest,Week1,Springfield,Week5,274.0 Broyhill Crest - 94.0 Springfield
Broyhill Crest,Week3,Bren Mar-Edsall Park,Week4,202.0 Bren Mar-Edsall Park - 193.0 Broyhill Crest
Broyhill Crest,Week4,North Springfield,Week1,194.0 Broyhill Crest - 148.0 North Springfield
Broyhill Crest,Week4,Springfield,Week1,256.0 Broyhill Crest - 128.0 Springfield
Broyhill Crest,Week3,Springfield,Week2,250.0 Broyhill Crest - 129.0 Springfield
Brookfield ,Week1,Fox Mill Woods,Week4,256.0 Fox Mill Woods - 146.0 Brookfield
Brookfield ,Week1,Fox Mill Woods,Week5,246.0 Fox Mill Woods - 156.0 Brookfield
Broyhill Crest,Week4,Bren Mar-Edsall Park,Week3,231.0 Broyhill Crest - 169.0 Bren Mar-Edsall Park
Broyhill Crest,Week5,North Springfield,Week4,210.0 Broyhill Crest - 178.0 North Springfield
Brookfield ,Week4,Fairfax Club Estates,Week5,261.0 Brookfield - 141.0 Fairfax Club Estates
Broyhill Crest,Week1,Bren Mar-Edsall Park,Week1,235.0 Broyhill Crest - 157.0 Bren Mar-Edsall Park
Brookfield ,Week3,Broyhill Crest,Week4,355.0 Brookfield - 47.0 Broyhill Crest
Broyhill Crest,Week1,Oakton ,Week1,386.0 Oakton - 16.0 Broyhill Crest
Brookfield ,Week2,Great Falls,Week1,208.0 Brookfield - 194.0 Great Falls
Broyhill Crest,Week2,Springfield,Week5,267.0 Broyhill Crest - 105.0 Springfield
Broyhill Crest,Week4,Springfield,Week2,266.0 Broyhill Crest - 115.0 Springfield
Broyhill Crest,Week4,North Springfield,Week2,219.0 North Springfield - 163.0 Broyhill Crest
Brookfield ,Week4,Fairfax Club Estates,Week4,244.0 Brookfield - 158.0 Fairfax Club Estates
Brookfield ,Week1,Fox Mill Woods,Week3,237.0 Fox Mill Woods - 165.0 Brookfield
Broyhill Crest,Week5,Bren Mar-Edsall Park,Week1,267.0 Broyhill Crest - 128.0 Bren Mar-Edsall Park
Brookfield ,Week1,Broyhill Crest,Week2,364.0 Brookfield - 38.0 Broyhill Crest
Brookfield ,Week2,Fairfax Club Estates,Week5,223.0 Brookfield - 178.0 Fairfax Club Estates
Brookfield ,Week4,Fairfax Club Estates,Week1,254.5 Brookfield - 147.5 Fairfax Club Estates
Brookfield ,Week1,Broyhill Crest,Week4,352.0 Brookfield - 50.0 Broyhill Crest
Broyhill Crest,Week2,Bren Mar-Edsall Park,Week4,217.0 Bren Mar-Edsall Park - 178.0 Broyhill Crest
Brookfield ,Week5,Fairfax Club Estates,Week3,239.0 Brookfield - 163.0 Fairfax Club Estates
Brookfield ,Week1,Great Falls,Week5,211.0 Great Falls - 191.0 Brookfield
Broyhill Crest,Week5,Springfield,Week1,285.0 Broyhill Crest - 102.0 Springfield
Brookfield ,Week5,Broyhill Crest,Week5,345.0 Brookfield - 57.0 Broyhill Crest
Brookfield ,Week5,Broyhill Crest,Week1,358.0 Brookfield - 39.0 Broyhill Crest
Brookfield ,Week1,Fox Mill Woods,Week2,247.0 Fox Mill Woods - 155.0 Brookfield
Brookfield ,Week5,Broyhill Crest,Week3,366.0 Brookfield - 36.0 Broyhill Crest
Broyhill Crest,Week4,Springfield,Week3,259.0 Broyhill Crest - 125.0 Springfield
Broyhill Crest,Week4,Oakton ,Week4,394.0 Oakton - 8.0 Broyhill Crest
Brookfield ,Week5,Fairfax Club Estates,Week4,216.0 Brookfield - 181.0 Fairfax Club Estates
Broyhill Crest,Week4,Springfield,Week5,287.0 Broyhill Crest - 99.0 Springfield
Broyhill Crest,Week1,Stratford,Week2,306.0 Stratford - 96.0 Broyhill Crest
Broyhill Crest,Week2,North Springfield,Week5,223.0 North Springfield - 137.0 Broyhill Crest
Broyhill Crest,Week4,Brandywine,Week3,316.0 Brandywine - 86.0 Broyhill Crest
Brookfield ,Week1,Fairfax Station,Week4,273.0 Fairfax Station - 129.0 Brookfield
Broyhill Crest,Week1,Stratford,Week3,300.0 Stratford - 102.0 Broyhill Crest
Brookfield ,Week4,Fox Mill Woods,Week5,252.0 Fox Mill Woods - 150.0 Brookfield
Brookfield ,Week5,Fox Mill Woods,Week5,249.0 Fox Mill Woods - 153.0 Brookfield
Broyhill Crest,Week3,Springfield,Week1,240.0 Broyhill Crest - 141.0 Springfield
Brookfield ,Week4,Fox Mill Woods,Week1,262.0 Fox Mill Woods - 140.0 Brookfield
Brookfield ,Week2,Fairfax Station,Week1,284.5 Fairfax Station - 117.5 Brookfield
Brookfield ,Week3,Fox Mill Woods,Week5,268.0 Fox Mill Woods - 134.0 Brookfield
Brookfield ,Week1,Fairfax Station,Week2,278.0 Fairfax Station - 124.0 Brookfield
Brookfield ,Week5,Fairfax Club Estates,Week5,241.0 Brookfield - 161.0 Fairfax Club Estates
Brookfield ,Week1,Great Falls,Week1,230.0 Brookfield - 172.0 Great Falls
Brookfield ,Week3,Fox Mill Woods,Week4,273.0 Fox Mill Woods - 129.0 Brookfield
Brookfield ,Week1,Fairfax Station,Week1,262.0 Fairfax Station - 140.0 Brookfield
Broyhill Crest,Week3,Springfield,Week3,249.0 Broyhill Crest - 132.0 Springfield
Broyhill Crest,Week3,Oakton ,Week1,390.0 Oakton - 7.0 Broyhill Crest
Broyhill Crest,Week4,Brandywine,Week5,346.0 Brandywine - 56.0 Broyhill Crest
Broyhill Crest,Week5,Brandywine,Week4,334.0 Brandywine - 68.0 Broyhill Crest
Broyhill Crest,Week1,Oakton ,Week2,384.0 Oakton - 13.0 Broyhill Crest
Brookfield ,Week1,Fairfax Station,Week3,286.0 Fairfax Station - 116.0 Brookfield
Broyhill Crest,Week5,Brandywine,Week5,332.0 Brandywine - 70.0 Broyhill Crest
Broyhill Crest,Week1,Bren Mar-Edsall Park,Week3,211.0 Broyhill Crest - 183.0 Bren Mar-Edsall Park
Broyhill Crest,Week4,North Springfield,Week4,194.0 Broyhill Crest - 190.0 North Springfield
Broyhill Crest,Week5,Springfield,Week4,260.5 Broyhill Crest - 126.5 Springfield
Broyhill Crest,Week3,North Springfield,Week1,186.0 Broyhill Crest - 160.0 North Springfield
Broyhill Crest,Week5,Brandywine,Week1,309.0 Brandywine - 93.0 Broyhill Crest
Brookfield ,Week5,Fox Mill Woods,Week2,255.0 Fox Mill Woods - 147.0 Brookfield
Broyhill Crest,Week5,Brandywine,Week2,307.0 Brandywine - 95.0 Broyhill Crest
Broyhill Crest,Week5,Oakton ,Week2,378.0 Oakton - 24.0 Broyhill Crest
Broyhill Crest,Week2,Springfield,Week3,245.0 Broyhill Crest - 134.0 Springfield
Brookfield ,Week1,Great Falls,Week3,202.0 Brookfield - 200.0 Great Falls
Broyhill Crest,Week2,Springfield,Week4,220.0 Broyhill Crest - 158.0 Springfield
Broyhill Crest,Week1,Stratford,Week5,301.0 Stratford - 99.0 Broyhill Crest
Broyhill Crest,Week5,Springfield,Week5,299.0 Broyhill Crest - 87.0 Springfield
Brookfield ,Week2,Great Falls,Week5,242.0 Great Falls - 160.0 Brookfield
Broyhill Crest,Week3,Oakton ,Week2,389.0 Oakton - 13.0 Broyhill Crest
Broyhill Crest,Week4,Oakton ,Week1,387.0 Oakton - 15.0 Broyhill Crest
Brookfield ,Week3,Great Falls,Week1,206.0 Brookfield - 196.0 Great Falls
Broyhill Crest,Week1,Stratford,Week4,317.0 Stratford - 84.0 Broyhill Crest
Broyhill Crest,Week2,Bren Mar-Edsall Park,Week1,230.0 Broyhill Crest - 165.0 Bren Mar-Edsall Park
Broyhill Crest,Week1,Bren Mar-Edsall Park,Week4,198.0 Broyhill Crest - 192.0 Bren Mar-Edsall Park
Broyhill Crest,Week2,Springfield,Week1,246.0 Broyhill Crest - 130.0 Springfield
Broyhill Crest,Week3,Springfield,Week4,226.0 Broyhill Crest - 155.0 Springfield
Brookfield ,Week2,Fairfax Station,Week2,291.0 Fairfax Station - 111.0 Brookfield
Broyhill Crest,Week5,Oakton ,Week1,381.0 Oakton - 21.0 Broyhill Crest
Brookfield ,Week1,Fairfax Station,Week5,290.0 Fairfax Station - 112.0 Brookfield
Brookfield ,Week3,Fox Mill Woods,Week2,264.5 Fox Mill Woods - 137.5 Brookfield
Broyhill Crest,Week2,Bren Mar-Edsall Park,Week5,214.0 Bren Mar-Edsall Park - 183.0 Broyhill Crest
Broyhill Crest,Week3,Bren Mar-Edsall Park,Week2,237.0 Broyhill Crest - 157.0 Bren Mar-Edsall Park
Broyhill Crest,Week2,Bren Mar-Edsall Park,Week3,205.0 Broyhill Crest - 192.0 Bren Mar-Edsall Park
Broyhill Crest,Week1,Oakton ,Week4,389.0 Oakton - 13.0 Broyhill Crest
Broyhill Crest,Week3,Oakton ,Week3,387.0 Oakton - 15.0 Broyhill Crest
Brookfield ,Week2,Fox Mill Woods,Week5,263.0 Fox Mill Woods - 139.0 Brookfield
Broyhill Crest,Week2,Oakton ,Week3,388.0 Oakton - 14.0 Broyhill Crest
Broyhill Crest,Week3,Bren Mar-Edsall Park,Week1,228.0 Broyhill Crest - 168.0 Bren Mar-Edsall Park
Brookfield ,Week2,Fox Mill Woods,Week4,273.0 Fox Mill Woods - 129.0 Brookfield
Brookfield ,Week2,Fox Mill Woods,Week3,253.0 Fox Mill Woods - 149.0 Brookfield
Brookfield ,Week2,Fairfax Station,Week3,309.0 Fairfax Station - 93.0 Brookfield
Brookfield ,Week4,Fox Mill Woods,Week4,262.0 Fox Mill Woods - 140.0 Brookfield
Broyhill Crest,Week2,Oakton ,Week5,393.0 Oakton - 9.0 Broyhill Crest
Broyhill Crest,Week1,Sully Station,Week3,353.0 Sully Station - 49.0 Broyhill Crest
Brookfield ,Week1,Great Falls,Week2,196.0 Great Falls - 188.0 Brookfield
Broyhill Crest,Week4,Old Keene Mill,Week3,269.0 Old Keene Mill - 132.0 Broyhill Crest
Broyhill Crest,Week2,Stratford,Week1,300.0 Stratford - 98.0 Broyhill Crest
Broyhill Crest,Week3,Bren Mar-Edsall Park,Week3,206.0 Bren Mar-Edsall Park - 196.0 Broyhill Crest
Brookfield ,Week1,Great Falls,Week4,216.0 Brookfield - 186.0 Great Falls
Broyhill Crest,Week4,Bren Mar-Edsall Park,Week1,258.0 Broyhill Crest - 138.0 Bren Mar-Edsall Park
Brookfield ,Week4,Fox Mill Woods,Week2,252.0 Fox Mill Woods - 150.0 Brookfield
Broyhill Crest,Week1,Oakton ,Week5,384.0 Oakton - 13.0 Broyhill Crest
Brookfield ,Week4,Fox Mill Woods,Week3,245.0 Fox Mill Woods - 157.0 Brookfield
Broyhill Crest,Week1,Bren Mar-Edsall Park,Week2,244.0 Broyhill Crest - 147.0 Bren Mar-Edsall Park
Broyhill Crest,Week4,Bren Mar-Edsall Park,Week4,215.0 Broyhill Crest - 182.0 Bren Mar-Edsall Park
Broyhill Crest,Week5,Brandywine,Week3,307.0 Brandywine - 95.0 Broyhill Crest
Brookfield ,Week5,Fox Mill Woods,Week4,265.0 Fox Mill Woods - 137.0 Brookfield
Broyhill Crest,Week2,Bren Mar-Edsall Park,Week2,242.0 Broyhill Crest - 154.0 Bren Mar-Edsall Park
Broyhill Crest,Week1,Oakton ,Week3,382.0 Oakton - 20.0 Broyhill Crest
Broyhill Crest,Week2,Stratford,Week2,316.5 Stratford - 84.5 Broyhill Crest
Broyhill Crest,Week4,Stratford,Week4,318.0 Stratford - 84.0 Broyhill Crest
Broyhill Crest,Week4,Brandywine,Week4,356.0 Brandywine - 46.0 Broyhill Crest
Broyhill Crest,Week4,Oakton ,Week5,386.0 Oakton - 16.0 Broyhill Crest
Brookfield ,Week3,Fox Mill Woods,Week3,257.0 Fox Mill Woods - 145.0 Brookfield
Broyhill Crest,Week3,Oakton ,Week4,394.0 Oakton - 8.0 Broyhill Crest
Brookfield ,Week2,Fox Mill Woods,Week2,268.0 Fox Mill Woods - 134.0 Brookfield
Brookfield ,Week5,Fox Mill Woods,Week1,265.0 Fox Mill Woods - 137.0 Brookfield
Broyhill Crest,Week2,Stratford,Week4,332.0 Stratford - 70.0 Broyhill Crest
Broyhill Crest,Week3,Stratford,Week5,327.5 Stratford - 72.5 Broyhill Crest
Broyhill Crest,Week3,Bren Mar-Edsall Park,Week5,200.0 Broyhill Crest - 193.0 Bren Mar-Edsall Park
Broyhill Crest,Week4,Oakton ,Week2,386.0 Oakton - 16.0 Broyhill Crest
Broyhill Crest,Week3,Sully Station,Week1,351.0 Sully Station - 51.0 Broyhill Crest
Broyhill Crest,Week2,Oakton ,Week2,390.0 Oakton - 12.0 Broyhill Crest
Broyhill Crest,Week2,Oakton ,Week4,394.0 Oakton - 8.0 Broyhill Crest
Broyhill Crest,Week5,Stratford,Week3,294.0 Stratford - 108.0 Broyhill Crest
Broyhill Crest,Week4,Bren Mar-Edsall Park,Week2,268.0 Broyhill Crest - 128.0 Bren Mar-Edsall Park
Broyhill Crest,Week2,Sully Station,Week3,355.0 Sully Station - 47.0 Broyhill Crest
Broyhill Crest,Week4,Brandywine,Week2,326.0 Brandywine - 76.0 Broyhill Crest
Broyhill Crest,Week5,Stratford,Week2,290.0 Stratford - 112.0 Broyhill Crest
Brookfield ,Week2,Great Falls,Week4,207.0 Brookfield - 195.0 Great Falls
Broyhill Crest,Week3,Brookfield ,Week2,361.0 Brookfield - 41.0 Broyhill Crest
Broyhill Crest,Week2,Old Keene Mill,Week5,296.0 Old Keene Mill - 102.0 Broyhill Crest
Broyhill Crest,Week1,Sully Station,Week1,345.0 Sully Station - 55.0 Broyhill Crest
Broyhill Crest,Week3,Stratford,Week4,337.0 Stratford - 65.0 Broyhill Crest
Broyhill Crest,Week5,Old Keene Mill,Week3,274.0 Old Keene Mill - 128.0 Broyhill Crest
Brookfield ,Week5,Great Falls,Week3,216.0 Great Falls - 186.0 Brookfield
Broyhill Crest,Week4,Brookfield ,Week2,353.5 Brookfield - 48.5 Broyhill Crest
Broyhill Crest,Week5,Old Keene Mill,Week1,265.0 Old Keene Mill - 137.0 Broyhill Crest
Broyhill Crest,Week2,Stratford,Week5,320.0 Stratford - 80.0 Broyhill Crest
Broyhill Crest,Week5,Brookfield ,Week1,336.0 Brookfield - 66.0 Broyhill Crest
Brookfield ,Week3,Fox Mill Woods,Week1,274.0 Fox Mill Woods - 128.0 Brookfield
Broyhill Crest,Week5,Oakton ,Week4,391.0 Oakton - 11.0 Broyhill Crest
Brookfield ,Week2,Great Falls,Week3,220.0 Great Falls - 182.0 Brookfield
Broyhill Crest,Week5,Stratford,Week4,311.0 Stratford - 91.0 Broyhill Crest
Broyhill Crest,Week2,Brookfield ,Week2,364.0 Brookfield - 38.0 Broyhill Crest
Broyhill Crest,Week4,Oakton ,Week3,377.0 Oakton - 25.0 Broyhill Crest
Brookfield ,Week3,Great Falls,Week4,205.0 Great Falls - 197.0 Brookfield
Broyhill Crest,Week5,Bren Mar-Edsall Park,Week5,243.0 Broyhill Crest - 156.0 Bren Mar-Edsall Park
Broyhill Crest,Week5,Brookfield ,Week5,345.0 Brookfield - 57.0 Broyhill Crest
Broyhill Crest,Week1,Brookfield ,Week4,369.0 Brookfield - 33.0 Broyhill Crest
Broyhill Crest,Week3,Old Keene Mill,Week2,295.0 Old Keene Mill - 107.0 Broyhill Crest
Brookfield ,Week2,Great Falls,Week2,205.0 Great Falls - 179.0 Brookfield
Broyhill Crest,Week3,Stratford,Week3,330.0 Stratford - 72.0 Broyhill Crest
Broyhill Crest,Week2,Oakton ,Week1,391.0 Oakton - 11.0 Broyhill Crest
Broyhill Crest,Week4,Old Keene Mill,Week5,288.0 Old Keene Mill - 110.0 Broyhill Crest
Brookfield ,Week5,Fox Mill Woods,Week3,247.0 Fox Mill Woods - 155.0 Brookfield
Brookfield ,Week4,Great Falls,Week3,203.0 Great Falls - 199.0 Brookfield
Broyhill Crest,Week5,Brookfield ,Week2,343.5 Brookfield - 58.5 Broyhill Crest
Broyhill Crest,Week3,Oakton ,Week5,393.0 Oakton - 9.0 Broyhill Crest
Broyhill Crest,Week4,Stratford,Week3,305.0 Stratford - 97.0 Broyhill Crest
Broyhill Crest,Week3,Stratford,Week1,293.0 Stratford - 108.0 Broyhill Crest
Brookfield ,Week3,Great Falls,Week2,203.5 Great Falls - 180.5 Brookfield
Broyhill Crest,Week4,Bren Mar-Edsall Park,Week5,215.0 Broyhill Crest - 181.0 Bren Mar-Edsall Park
Broyhill Crest,Week4,Stratford,Week2,304.0 Stratford - 98.0 Broyhill Crest
Brookfield ,Week3,Greenbriar,Week4,221.0 Greenbriar - 181.0 Brookfield
Broyhill Crest,Week1,Sully Station,Week2,345.0 Sully Station - 57.0 Broyhill Crest
Brookfield ,Week4,Great Falls,Week5,227.0 Great Falls - 175.0 Brookfield
Broyhill Crest,Week1,Broyhill Crest,Week5,239.0 Broyhill Crest (BC2) - 150.0 Broyhill Crest (BC1)
Broyhill Crest,Week1,Old Keene Mill,Week5,299.0 Old Keene Mill - 94.0 Broyhill Crest
Broyhill Crest,Week1,Old Keene Mill,Week2,301.0 Old Keene Mill - 101.0 Broyhill Crest
Brookfield ,Week4,Greenbriar,Week4,216.5 Brookfield - 185.5 Greenbriar
Broyhill Crest,Week3,Stratford,Week2,323.0 Stratford - 74.0 Broyhill Crest
Broyhill Crest,Week2,Old Keene Mill,Week3,295.0 Old Keene Mill - 106.0 Broyhill Crest
Brookfield ,Week5,Brandywine,Week1,207.0 Brookfield - 195.0 Brandywine
Broyhill Crest,Week5,Oakton ,Week5,378.0 Oakton - 24.0 Broyhill Crest
Brookfield ,Week1,Brandywine,Week5,217.0 Brandywine - 185.0 Brookfield
Brookfield ,Week5,Greenbriar,Week1,233.0 Greenbriar - 169.0 Brookfield
Broyhill Crest,Week5,Bren Mar-Edsall Park,Week2,287.0 Broyhill Crest - 109.0 Bren Mar-Edsall Park
Brookfield ,Week3,Great Falls,Week5,237.0 Great Falls - 165.0 Brookfield
Brookfield ,Week1,Brandywine,Week1,222.0 Brookfield - 180.0 Brandywine
Broyhill Crest,Week4,Brookfield ,Week1,352.0 Brookfield - 50.0 Broyhill Crest
Broyhill Crest,Week5,Stratford,Week5,301.0 Stratford - 100.0 Broyhill Crest
Brookfield ,Week5,Arlington Forest,Week2,215.0 Arlington Forest - 187.0 Brookfield
Brookfield ,Week5,Great Falls,Week2,212.0 Great Falls - 172.0 Brookfield
Broyhill Crest,Week4,Stratford,Week5,314.0 Stratford - 86.0 Broyhill Crest
Broyhill Crest,Week2,Old Keene Mill,Week2,296.0 Old Keene Mill - 106.0 Broyhill Crest
Broyhill Crest,Week1,Sully Station,Week4,363.0 Sully Station - 39.0 Broyhill Crest
Broyhill Crest,Week5,Brookfield ,Week3,343.0 Brookfield - 58.0 Broyhill Crest
Broyhill Crest,Week2,Stratford,Week3,320.0 Stratford - 81.0 Broyhill Crest
Broyhill Crest,Week1,Old Keene Mill,Week1,293.0 Old Keene Mill - 106.0 Broyhill Crest
Broyhill Crest,Week3,Brookfield ,Week5,366.0 Brookfield - 36.0 Broyhill Crest
Broyhill Crest,Week1,Old Keene Mill,Week3,303.0 Old Keene Mill - 98.0 Broyhill Crest
Brookfield ,Week1,Brandywine,Week2,220.0 Brookfield - 182.0 Brandywine
Broyhill Crest,Week4,Stratford,Week1,276.0 Stratford - 126.0 Broyhill Crest
Broyhill Crest,Week2,Sully Station,Week4,364.0 Sully Station - 38.0 Broyhill Crest
Broyhill Crest,Week5,Oakton ,Week3,374.0 Oakton - 28.0 Broyhill Crest
Brookfield ,Week5,Arlington Forest,Week5,244.0 Arlington Forest - 158.0 Brookfield
Broyhill Crest,Week5,Bren Mar-Edsall Park,Week3,258.0 Broyhill Crest - 142.0 Bren Mar-Edsall Park
Bren Mar-Edsall Park,Week2,Virginia Run,Week4,385.0 Virginia Run - 17.0 Bren Mar-Edsall Park
Broyhill Crest,Week3,Old Keene Mill,Week4,290.0 Old Keene Mill - 110.0 Broyhill Crest
Broyhill Crest,Week5,Bren Mar-Edsall Park,Week4,236.0 Broyhill Crest - 161.0 Bren Mar-Edsall Park
Bren Mar-Edsall Park,Week2,Virginia Run,Week1,391.0 Virginia Run - 11.0 Bren Mar-Edsall Park
Brookfield ,Week1,Greenbriar,Week5,214.0 Greenbriar - 188.0 Brookfield
Broyhill Crest,Week2,Brookfield ,Week4,378.0 Brookfield - 24.0 Broyhill Crest
Broyhill Crest,Week5,Stratford,Week1,268.0 Stratford - 128.0 Broyhill Crest
Brookfield ,Week2,Brandywine,Week2,208.0 Brookfield - 194.0 Brandywine
Brookfield ,Week3,Great Falls,Week3,214.0 Great Falls - 188.0 Brookfield
Broyhill Crest,Week2,Sully Station,Week1,353.0 Sully Station - 49.0 Broyhill Crest
Broyhill Crest,Week3,Old Keene Mill,Week1,288.0 Old Keene Mill - 112.0 Broyhill Crest
Broyhill Crest,Week3,Brookfield ,Week1,364.0 Brookfield - 38.0 Broyhill Crest
Bren Mar-Edsall Park,Week1,Virginia Run,Week2,370.0 Virginia Run - 32.0 Bren Mar-Edsall Park
Broyhill Crest,Week1,Sully Station,Week5,349.0 Sully Station - 52.0 Broyhill Crest
Broyhill Crest,Week2,Old Keene Mill,Week1,295.0 Old Keene Mill - 105.0 Broyhill Crest
Broyhill Crest,Week2,Old Keene Mill,Week4,296.0 Old Keene Mill - 104.0 Broyhill Crest
Brookfield ,Week1,Greenbriar,Week2,234.0 Greenbriar - 168.0 Brookfield
Broyhill Crest,Week2,Sully Station,Week2,347.0 Sully Station - 55.0 Broyhill Crest
Brookfield ,Week5,Great Falls,Week1,217.0 Brookfield - 185.0 Great Falls
Brookfield ,Week1,Greenbriar,Week1,219.0 Greenbriar - 183.0 Brookfield
Brookfield ,Week3,Brandywine,Week2,206.5 Brookfield - 195.5 Brandywine
Bren Mar-Edsall Park,Week2,Virginia Run,Week5,390.0 Virginia Run - 12.0 Bren Mar-Edsall Park
Broyhill Crest,Week3,Brookfield ,Week3,362.0 Brookfield - 39.0 Broyhill Crest
Broyhill Crest,Week1,Old Keene Mill,Week4,301.0 Old Keene Mill - 99.0 Broyhill Crest
Brookfield ,Week2,Brandywine,Week1,203.5 Brookfield - 198.5 Brandywine
Broyhill Crest,Week1,Brookfield ,Week3,353.0 Brookfield - 49.0 Broyhill Crest
Broyhill Crest,Week2,Brookfield ,Week5,366.0 Brookfield - 36.0 Broyhill Crest
Brookfield ,Week4,Brandywine,Week3,201.0 Brandywine - 201.0 Brookfield
Brookfield ,Week1,Greenbriar,Week4,211.0 Brookfield - 191.0 Greenbriar
Brookfield ,Week1,Brandywine,Week4,204.0 Brookfield - 198.0 Brandywine
Broyhill Crest,Week4,Old Keene Mill,Week2,282.0 Old Keene Mill - 120.0 Broyhill Crest
Bren Mar-Edsall Park,Week1,Virginia Run,Week5,390.0 Virginia Run - 12.0 Bren Mar-Edsall Park
Brookfield ,Week2,Brandywine,Week5,240.0 Brandywine - 162.0 Brookfield
Broyhill Crest,Week4,Old Keene Mill,Week1,274.0 Old Keene Mill - 127.0 Broyhill Crest
Broyhill Crest,Week2,Sully Station II,Week5,385.0 Sully Station II - 17.0 Broyhill Crest
Broyhill Crest,Week3,Sully Station II,Week3,379.0 Sully Station II - 23.0 Broyhill Crest
Broyhill Crest,Week3,Old Keene Mill,Week3,297.0 Old Keene Mill - 104.0 Broyhill Crest
Brookfield ,Week3,Brandywine,Week3,223.0 Brandywine - 179.0 Brookfield
Broyhill Crest,Week4,Sully Station,Week5,349.0 Sully Station - 53.0 Broyhill Crest
Broyhill Crest,Week1,Brookfield ,Week2,352.0 Brookfield - 50.0 Broyhill Crest
Brookfield ,Week2,Brandywine,Week3,214.0 Brandywine - 188.0 Brookfield
Broyhill Crest,Week2,Brookfield ,Week3,361.0 Brookfield - 41.0 Broyhill Crest
Bren Mar-Edsall Park,Week2,Virginia Run,Week3,385.0 Virginia Run - 17.0 Bren Mar-Edsall Park
Broyhill Crest,Week2,Sully Station,Week5,357.0 Sully Station - 45.0 Broyhill Crest
Broyhill Crest,Week1,Brookfield ,Week5,358.0 Brookfield - 39.0 Broyhill Crest
Bren Mar-Edsall Park,Week1,Virginia Run,Week3,382.0 Virginia Run - 20.0 Bren Mar-Edsall Park
Brookfield ,Week1,Brandywine,Week3,206.0 Brandywine - 196.0 Brookfield
Broyhill Crest,Week3,Brookfield ,Week4,373.0 Brookfield - 29.0 Broyhill Crest
Brookfield ,Week3,Greenbriar,Week3,258.0 Greenbriar - 144.0 Brookfield
Broyhill Crest,Week4,Brookfield ,Week3,355.0 Brookfield - 47.0 Broyhill Crest
Broyhill Crest,Week3,Sully Station,Week4,364.0 Sully Station - 38.0 Broyhill Crest
Brookfield ,Week2,Greenbriar,Week2,248.0 Greenbriar - 154.0 Brookfield
Brookfield ,Week4,Greenbriar,Week1,214.0 Greenbriar - 188.0 Brookfield
Broyhill Crest,Week3,Old Keene Mill,Week5,295.0 Old Keene Mill - 103.0 Broyhill Crest
Broyhill Crest,Week5,Old Keene Mill,Week2,272.0 Old Keene Mill - 130.0 Broyhill Crest
Brookfield ,Week1,Greenbriar,Week3,215.0 Greenbriar - 187.0 Brookfield
Brookfield ,Week3,Brandywine,Week1,205.0 Brookfield - 197.0 Brandywine
Brookfield ,Week5,Great Falls,Week4,206.0 Brookfield - 196.0 Great Falls
Broyhill Crest,Week1,Sully Station II,Week5,380.0 Sully Station II - 22.0 Broyhill Crest
Broyhill Crest,Week2,Brookfield ,Week1,364.0 Brookfield - 38.0 Broyhill Crest
Bren Mar-Edsall Park,Week1,Virginia Run,Week1,383.0 Virginia Run - 19.0 Bren Mar-Edsall Park
Brookfield ,Week4,Brandywine,Week2,225.5 Brookfield - 176.5 Brandywine
Brookfield ,Week4,Great Falls,Week4,220.0 Brookfield - 181.0 Great Falls
Bren Mar-Edsall Park,Week2,Virginia Run,Week2,371.0 Virginia Run - 31.0 Bren Mar-Edsall Park
Broyhill Crest,Week4,Old Keene Mill,Week4,287.0 Old Keene Mill - 114.0 Broyhill Crest
Bren Mar-Edsall Park,Week5,Virginia Hills,Week5,256.0 Virginia Hills - 140.0 Bren Mar-Edsall Park
Brookfield ,Week4,Arlington Forest,Week5,236.0 Arlington Forest - 166.0 Brookfield
Brookfield ,Week5,Arlington Forest,Week1,242.0 Arlington Forest - 160.0 Brookfield
Brookfield ,Week3,Brandywine,Week5,244.0 Brandywine - 158.0 Brookfield
Bren Mar-Edsall Park,Week5,Virginia Hills,Week4,232.0 Virginia Hills - 169.0 Bren Mar-Edsall Park
Bren Mar-Edsall Park,Week3,Virginia Run,Week1,383.0 Virginia Run - 19.0 Bren Mar-Edsall Park
Brookfield ,Week3,Greenbriar,Week5,225.0 Greenbriar - 177.0 Brookfield
Broyhill Crest,Week4,Brookfield ,Week4,365.0 Brookfield - 37.0 Broyhill Crest
Broyhill Crest,Week1,Orange Hunt,Week1,352.0 Orange Hunt - 50.0 Broyhill Crest
Brookfield ,Week2,Greenbriar,Week1,240.0 Greenbriar - 162.0 Brookfield
Brookfield ,Week4,Brandywine,Week4,202.0 Brandywine - 200.0 Brookfield
Broyhill Crest,Week1,Brookfield ,Week1,356.0 Brookfield - 46.0 Broyhill Crest
Brookfield ,Week2,Greenbriar,Week4,211.5 Greenbriar - 190.5 Brookfield
Broyhill Crest,Week5,Old Keene Mill,Week5,275.0 Old Keene Mill - 126.0 Broyhill Crest
Broyhill Crest,Week4,Brookfield ,Week5,357.0 Brookfield - 45.0 Broyhill Crest
Brookfield ,Week2,Greenbriar,Week5,220.0 Greenbriar - 182.0 Brookfield
Broyhill Crest,Week2,Sully Station II,Week3,378.0 Sully Station II - 24.0 Broyhill Crest
Brookfield ,Week4,Great Falls,Week1,227.0 Brookfield - 175.0 Great Falls
Broyhill Crest,Week1,Broyhill Crest,Week1,180.5 Broyhill Crest (BC1) - 180.5 Broyhill Crest (BC2)
Broyhill Crest,Week4,Sully Station II,Week2,373.0 Sully Station II - 29.0 Broyhill Crest
Broyhill Crest,Week1,Sully Station II,Week1,357.0 Sully Station II - 44.0 Broyhill Crest
Bren Mar-Edsall Park,Week1,Virginia Run,Week4,388.0 Virginia Run - 14.0 Bren Mar-Edsall Park
Broyhill Crest,Week5,Old Keene Mill,Week4,280.0 Old Keene Mill - 122.0 Broyhill Crest
Broyhill Crest,Week4,Sully Station,Week4,356.0 Sully Station - 46.0 Broyhill Crest
Broyhill Crest,Week5,Brookfield ,Week4,360.0 Brookfield - 42.0 Broyhill Crest
Broyhill Crest,Week1,Orange Hunt,Week3,359.0 Orange Hunt - 42.0 Broyhill Crest
Brookfield ,Week3,Brandywine,Week4,215.0 Brandywine - 187.0 Brookfield
Broyhill Crest,Week4,Sully Station II,Week5,387.0 Sully Station II - 15.0 Broyhill Crest
Broyhill Crest,Week4,Sully Station,Week3,351.0 Sully Station - 51.0 Broyhill Crest
Brookfield ,Week4,Brandywine,Week1,220.0 Brookfield - 182.0 Brandywine
Broyhill Crest,Week1,Broyhill Crest,Week4,213.0 Broyhill Crest (BC2) - 170.0 Broyhill Crest (BC1)
Broyhill Crest,Week5,Sully Station,Week5,346.0 Sully Station - 56.0 Broyhill Crest
Brookfield ,Week3,Greenbriar,Week1,253.0 Greenbriar - 149.0 Brookfield
Broyhill Crest,Week2,Sully Station II,Week1,361.0 Sully Station II - 40.0 Broyhill Crest
Brookfield ,Week5,Great Falls,Week5,226.0 Great Falls - 176.0 Brookfield
Broyhill Crest,Week1,Broyhill Crest,Week2,206.0 Broyhill Crest (BC1) - 173.0 Broyhill Crest (BC2)
Broyhill Crest,Week5,Sully Station,Week1,342.0 Sully Station - 59.0 Broyhill Crest
Brookfield ,Week2,Greenbriar,Week3,249.0 Greenbriar - 153.0 Brookfield
Broyhill Crest,Week1,Broyhill Crest,Week3,198.0 Broyhill Crest (BC1) - 193.0 Broyhill Crest (BC2)
Brookfield ,Week4,Brandywine,Week5,220.0 Brandywine - 182.0 Brookfield
Broyhill Crest,Week2,Orange Hunt,Week2,356.0 Orange Hunt - 46.0 Broyhill Crest
Brookfield ,Week5,Arlington Forest,Week4,238.0 Arlington Forest - 164.0 Brookfield
Broyhill Crest,Week3,Orange Hunt,Week1,355.0 Orange Hunt - 47.0 Broyhill Crest
Brookfield ,Week5,Brandywine,Week5,232.0 Brandywine - 170.0 Brookfield
Brookfield ,Week4,Great Falls,Week2,195.0 Great Falls - 189.0 Brookfield
Broyhill Crest,Week2,Orange Hunt,Week4,349.0 Orange Hunt - 52.0 Broyhill Crest
Brookfield ,Week5,Arlington Forest,Week3,216.0 Brookfield - 186.0 Arlington Forest
Broyhill Crest,Week1,Orange Hunt,Week4,339.0 Orange Hunt - 62.0 Broyhill Crest
Brookfield ,Week3,Greenbriar,Week2,268.0 Greenbriar - 134.0 Brookfield
Brookfield ,Week1,Bren Mar-Edsall Park,Week1,370.0 Brookfield - 32.0 Bren Mar-Edsall Park
Broyhill Crest,Week2,Broyhill Crest,Week2,190.0 Broyhill Crest (BC1) - 190.0 Broyhill Crest (BC2)
Broyhill Crest,Week2,Orange Hunt,Week5,356.0 Orange Hunt - 45.0 Broyhill Crest
Broyhill Crest,Week3,Orange Hunt,Week2,352.0 Orange Hunt - 50.0 Broyhill Crest
Broyhill Crest,Week2,Orange Hunt,Week1,358.0 Orange Hunt - 44.0 Broyhill Crest
Broyhill Crest,Week3,Orange Hunt,Week3,359.0 Orange Hunt - 42.0 Broyhill Crest
Broyhill Crest,Week5,Sully Station,Week3,344.0 Sully Station - 58.0 Broyhill Crest
Broyhill Crest,Week1,Sully Station II,Week4,360.0 Sully Station II - 41.0 Broyhill Crest
Brookfield ,Week2,Brandywine,Week4,218.0 Brandywine - 184.0 Brookfield
Brookfield ,Week4,Greenbriar,Week2,229.0 Greenbriar - 173.0 Brookfield
Broyhill Crest,Week2,Hamlet,Week2,393.0 Hamlet - 8.0 Broyhill Crest
Brookfield ,Week4,Greenbriar,Week3,216.0 Greenbriar - 186.0 Brookfield
Broyhill Crest,Week4,Broyhill Crest,Week4,194.5 Broyhill Crest (BC1) - 194.5 Broyhill Crest (BC2)
Broyhill Crest,Week2,Burke Station,Week4,273.0 Burke Station - 124.0 Broyhill Crest
Broyhill Crest,Week2,Burke Station,Week2,281.0 Burke Station - 113.0 Broyhill Crest
Broyhill Crest,Week4,Sully Station,Week2,334.0 Sully Station - 68.0 Broyhill Crest
Broyhill Crest,Week4,Orange Hunt,Week1,350.0 Orange Hunt - 52.0 Broyhill Crest
Broyhill Crest,Week2,Broyhill Crest,Week4,230.0 Broyhill Crest (BC2) - 158.0 Broyhill Crest (BC1)
Broyhill Crest,Week3,Sully Station,Week3,363.0 Sully Station - 39.0 Broyhill Crest
Broyhill Crest,Week2,Hamlet,Week4,381.0 Hamlet - 21.0 Broyhill Crest
Broyhill Crest,Week3,Hamlet,Week3,386.0 Hamlet - 12.0 Broyhill Crest
Broyhill Crest,Week2,Orange Hunt,Week3,359.5 Orange Hunt - 41.5 Broyhill Crest
Broyhill Crest,Week3,Broyhill Crest,Week2,210.0 Broyhill Crest (BC1) - 182.0 Broyhill Crest (BC2)
Broyhill Crest,Week3,Orange Hunt,Week4,348.0 Orange Hunt - 53.0 Broyhill Crest
Broyhill Crest,Week3,Sully Station,Week2,350.0 Sully Station - 47.0 Broyhill Crest
Brookfield ,Week5,Hamlet,Week2,286.0 Hamlet - 116.0 Brookfield
Broyhill Crest,Week1,Hayfield Farm,Week2,355.0 Hayfield Farm - 47.0 Broyhill Crest
Brookfield ,Week5,Hamlet,Week5,298.0 Hamlet - 104.0 Brookfield
Broyhill Crest,Week4,Sully Station,Week1,343.0 Sully Station - 58.0 Broyhill Crest
Brookfield ,Week3,Bren Mar-Edsall Park,Week4,342.0 Brookfield - 60.0 Bren Mar-Edsall Park
Brookfield ,Week3,Hamlet,Week2,301.0 Hamlet - 101.0 Brookfield
Brookfield ,Week1,Bren Mar-Edsall Park,Week3,361.0 Brookfield - 41.0 Bren Mar-Edsall Park
Brookfield ,Week3,Bren Mar-Edsall Park,Week5,333.0 Brookfield - 69.0 Bren Mar-Edsall Park
Broyhill Crest,Week1,Hayfield Farm,Week4,355.0 Hayfield Farm - 47.0 Broyhill Crest
Brookfield ,Week5,Greenbriar,Week5,223.0 Greenbriar - 179.0 Brookfield
Brookfield ,Week5,Brandywine,Week4,208.0 Brandywine - 194.0 Brookfield
Broyhill Crest,Week3,Broyhill Crest,Week3,193.0 Broyhill Crest (BC1) - 193.0 Broyhill Crest (BC2)
Broyhill Crest,Week1,Orange Hunt,Week5,351.0 Orange Hunt - 49.0 Broyhill Crest
Broyhill Crest,Week5,Sully Station,Week2,332.0 Sully Station - 70.0 Broyhill Crest
Broyhill Crest,Week5,Sully Station,Week4,357.0 Sully Station - 45.0 Broyhill Crest
Brookfield ,Week4,Bren Mar-Edsall Park,Week4,357.0 Brookfield - 45.0 Bren Mar-Edsall Park
Broyhill Crest,Week3,Broyhill Crest,Week1,198.0 Broyhill Crest (BC2) - 193.0 Broyhill Crest (BC1)
Broyhill Crest,Week3,Orange Hunt,Week5,354.0 Orange Hunt - 47.0 Broyhill Crest
Broyhill Crest,Week1,Sully Station II,Week3,369.0 Sully Station II - 33.0 Broyhill Crest
Broyhill Crest,Week3,Hamlet,Week1,387.0 Hamlet - 14.0 Broyhill Crest
Broyhill Crest,Week5,Hamlet,Week4,379.0 Hamlet - 23.0 Broyhill Crest
Brookfield ,Week5,Hamlet,Week4,276.5 Hamlet - 125.5 Brookfield
Broyhill Crest,Week5,Broyhill Crest,Week1,239.0 Broyhill Crest (BC1) - 150.0 Broyhill Crest (BC2)
Brookfield ,Week4,Greenbriar,Week5,205.5 Brookfield - 196.5 Greenbriar
Broyhill Crest,Week2,Broyhill Crest,Week5,265.0 Broyhill Crest (BC2) - 128.0 Broyhill Crest (BC1)
Broyhill Crest,Week1,Orange Hunt,Week2,351.0 Orange Hunt - 51.0 Broyhill Crest
Brookfield ,Week4,Bren Mar-Edsall Park,Week3,359.0 Brookfield - 43.0 Bren Mar-Edsall Park
Brookfield ,Week2,Bren Mar-Edsall Park,Week3,356.0 Brookfield - 46.0 Bren Mar-Edsall Park
Broyhill Crest,Week3,Broyhill Crest,Week4,210.5 Broyhill Crest (BC2) - 182.5 Broyhill Crest (BC1)
Brookfield ,Week5,Greenbriar,Week2,243.0 Greenbriar - 159.0 Brookfield
Brookfield ,Week4,Bren Mar-Edsall Park,Week5,355.0 Brookfield - 47.0 Bren Mar-Edsall Park
Broyhill Crest,Week2,Sully Station II,Week4,365.0 Sully Station II - 35.0 Broyhill Crest
Brookfield ,Week5,Brandywine,Week2,204.0 Brookfield - 198.0 Brandywine
Brookfield ,Week2,Hamlet,Week4,273.0 Hamlet - 129.0 Brookfield
Broyhill Crest,Week1,Hamlet,Week2,389.0 Hamlet - 12.0 Broyhill Crest
Broyhill Crest,Week5,Greenbriar,Week5,331.0 Greenbriar - 71.0 Broyhill Crest
Broyhill Crest,Week5,Lakeview,Week5,266.0 Lakeview - 121.0 Broyhill Crest
Broyhill Crest,Week1,Hamlet,Week4,380.0 Hamlet - 22.0 Broyhill Crest
Broyhill Crest,Week1,Hayfield Farm,Week1,335.0 Hayfield Farm - 67.0 Broyhill Crest
Brookfield ,Week2,Hamlet,Week3,309.0 Hamlet - 93.0 Brookfield
Brookfield ,Week1,Hamlet,Week4,271.0 Hamlet - 131.0 Brookfield
Broyhill Crest,Week3,Sully Station II,Week1,364.0 Sully Station II - 36.0 Broyhill Crest
Broyhill Crest,Week1,Sully Station II,Week2,368.0 Sully Station II - 34.0 Broyhill Crest
Broyhill Crest,Week3,Sully Station,Week5,358.0 Sully Station - 44.0 Broyhill Crest
Broyhill Crest,Week2,Hamlet,Week5,390.0 Hamlet - 11.0 Broyhill Crest
Broyhill Crest,Week5,Broyhill Crest,Week3,255.0 Broyhill Crest (BC1) - 142.0 Broyhill Crest (BC2)
Broyhill Crest,Week1,Burke Station,Week3,285.0 Burke Station - 102.0 Broyhill Crest
Broyhill Crest,Week4,Broyhill Crest,Week2,230.0 Broyhill Crest (BC1) - 158.0 Broyhill Crest (BC2)
Brookfield ,Week5,Bren Mar-Edsall Park,Week1,372.5 Brookfield - 29.5 Bren Mar-Edsall Park
Broyhill Crest,Week2,Sully Station II,Week2,377.0 Sully Station II - 25.0 Broyhill Crest
Brookfield ,Week2,Hamlet,Week2,300.0 Hamlet - 102.0 Brookfield
Broyhill Crest,Week2,Lakeview,Week2,298.0 Lakeview - 104.0 Broyhill Crest
Broyhill Crest,Week2,Langley,Week1,385.0 Langley - 16.0 Broyhill Crest
Broyhill Crest,Week1,Langley,Week4,374.0 Langley - 28.0 Broyhill Crest
Broyhill Crest,Week5,Broyhill Crest,Week5,195.5 Broyhill Crest (BC1) - 195.5 Broyhill Crest (BC2)
Broyhill Crest,Week3,Broyhill Crest,Week5,255.0 Broyhill Crest (BC2) - 142.0 Broyhill Crest (BC1)
Broyhill Crest,Week2,Fairfax Station,Week3,384.0 Fairfax Station - 18.0 Broyhill Crest
Broyhill Crest,Week3,Lakeview,Week3,299.0 Lakeview - 103.0 Broyhill Crest
Brookfield ,Week1,Hamlet,Week1,285.0 Hamlet - 117.0 Brookfield
Broyhill Crest,Week3,Sully Station II,Week4,369.0 Sully Station II - 32.0 Broyhill Crest
Broyhill Crest,Week4,Lakeview,Week5,289.0 Lakeview - 103.0 Broyhill Crest
Broyhill Crest,Week3,Langley,Week4,378.0 Langley - 24.0 Broyhill Crest
Brookfield ,Week3,Hamlet,Week4,287.0 Hamlet - 115.0 Brookfield
Brookfield ,Week4,Bren Mar-Edsall Park,Week1,376.0 Brookfield - 26.0 Bren Mar-Edsall Park
Broyhill Crest,Week3,Hamlet,Week5,392.0 Hamlet - 9.0 Broyhill Crest
Broyhill Crest,Week4,Sully Station II,Week3,374.5 Sully Station II - 27.5 Broyhill Crest
Brookfield ,Week5,Greenbriar,Week3,229.0 Greenbriar - 173.0 Brookfield
Broyhill Crest,Week3,Sully Station II,Week2,382.0 Sully Station II - 19.0 Broyhill Crest
Broyhill Crest,Week2,Lakeview,Week1,282.0 Lakeview - 120.0 Broyhill Crest
Broyhill Crest,Week3,Fairfax Club Estates,Week5,323.0 Fairfax Club Estates - 73.0 Broyhill Crest
Broyhill Crest,Week4,Hamlet,Week1,376.0 Hamlet - 26.0 Broyhill Crest
Broyhill Crest,Week5,Broyhill Crest,Week2,265.0 Broyhill Crest (BC1) - 128.0 Broyhill Crest (BC2)
Brookfield ,Week5,Brandywine,Week3,219.0 Brandywine - 183.0 Brookfield
Brookfield ,Week1,Bren Mar-Edsall Park,Week2,369.0 Brookfield - 33.0 Bren Mar-Edsall Park
Brookfield ,Week5,Bren Mar-Edsall Park,Week2,368.0 Brookfield - 34.0 Bren Mar-Edsall Park
Broyhill Crest,Week3,Sully Station II,Week5,388.0 Sully Station II - 14.0 Broyhill Crest
Brookfield ,Week3,Bren Mar-Edsall Park,Week3,350.0 Brookfield - 52.0 Bren Mar-Edsall Park
Broyhill Crest,Week2,Broyhill Crest,Week3,210.0 Broyhill Crest (BC2) - 182.0 Broyhill Crest (BC1)
Broyhill Crest,Week2,Hamlet,Week3,384.0 Hamlet - 14.0 Broyhill Crest
Broyhill Crest,Week2,Fairfax Club Estates,Week3,329.0 Fairfax Club Estates - 67.0 Broyhill Crest
Broyhill Crest,Week1,Hamlet,Week3,383.0 Hamlet - 15.0 Broyhill Crest
Brookfield ,Week1,Bren Mar-Edsall Park,Week5,351.0 Brookfield - 51.0 Bren Mar-Edsall Park
Brookfield ,Week3,Hamlet,Week3,308.5 Hamlet - 93.5 Brookfield
Broyhill Crest,Week1,Hamlet,Week1,377.0 Hamlet - 25.0 Broyhill Crest
Broyhill Crest,Week4,Sully Station II,Week1,355.0 Sully Station II - 46.0 Broyhill Crest
Broyhill Crest,Week2,Langley,Week3,378.0 Langley - 24.0 Broyhill Crest
Broyhill Crest,Week4,Lakeview,Week2,286.0 Lakeview - 115.0 Broyhill Crest
Broyhill Crest,Week1,Burke Station,Week2,247.0 Burke Station - 142.0 Broyhill Crest
Broyhill Crest,Week4,Broyhill Crest,Week5,235.0 Broyhill Crest (BC2) - 160.0 Broyhill Crest (BC1)
Broyhill Crest,Week4,Sully Station II,Week4,367.0 Sully Station II - 34.0 Broyhill Crest
Brookfield ,Week3,Hamlet,Week5,319.0 Hamlet - 83.0 Brookfield
Broyhill Crest,Week3,Hamlet,Week4,389.0 Hamlet - 13.0 Broyhill Crest
Broyhill Crest,Week1,Burke Station,Week4,263.0 Burke Station - 129.0 Broyhill Crest
Broyhill Crest,Week4,Broyhill Crest,Week1,213.0 Broyhill Crest (BC1) - 170.0 Broyhill Crest (BC2)
Broyhill Crest,Week3,Hamlet,Week2,392.0 Hamlet - 9.0 Broyhill Crest
Broyhill Crest,Week4,Hamlet,Week2,383.0 Hamlet - 18.0 Broyhill Crest
Broyhill Crest,Week5,Sully Station II,Week1,345.0 Sully Station II - 57.0 Broyhill Crest
Broyhill Crest,Week3,Fairfax Station,Week1,384.0 Fairfax Station - 18.0 Broyhill Crest
Broyhill Crest,Week1,Hamlet,Week5,385.0 Hamlet - 16.0 Broyhill Crest
Broyhill Crest,Week4,Hamlet,Week3,377.0 Hamlet - 21.0 Broyhill Crest
Brookfield ,Week2,Bren Mar-Edsall Park,Week5,350.0 Brookfield - 52.0 Bren Mar-Edsall Park
Brookfield ,Week4,Hamlet,Week5,303.0 Hamlet - 99.0 Brookfield
Brookfield ,Week3,Bren Mar-Edsall Park,Week2,359.0 Brookfield - 42.0 Bren Mar-Edsall Park
Brookfield ,Week4,Hamlet,Week3,296.0 Hamlet - 106.0 Brookfield
Broyhill Crest,Week4,Fairfax Club Estates,Week4,328.0 Fairfax Club Estates - 73.0 Broyhill Crest
Broyhill Crest,Week2,Lakeview,Week3,302.0 Lakeview - 100.0 Broyhill Crest
Broyhill Crest,Week2,Burke Station,Week1,264.0 Burke Station - 114.0 Broyhill Crest
Brookfield ,Week2,Hamlet,Week1,294.0 Hamlet - 108.0 Brookfield
Brookfield ,Week3,Bren Mar-Edsall Park,Week1,364.0 Brookfield - 37.0 Bren Mar-Edsall Park
Broyhill Crest,Week5,Fairfax Club Estates,Week4,320.0 Fairfax Club Estates - 81.0 Broyhill Crest
Broyhill Crest,Week4,Lakeview,Week3,290.0 Lakeview - 112.0 Broyhill Crest
Brookfield ,Week4,Hamlet,Week2,286.0 Hamlet - 116.0 Brookfield
Broyhill Crest,Week1,Burke Station,Week1,260.0 Burke Station - 115.0 Broyhill Crest
Broyhill Crest,Week3,Lakeview,Week2,291.0 Lakeview - 111.0 Broyhill Crest
Broyhill Crest,Week1,Lakeview,Week5,284.0 Lakeview - 106.0 Broyhill Crest
Broyhill Crest,Week4,Hamlet,Week4,384.0 Hamlet - 18.0 Broyhill Crest
Broyhill Crest,Week1,Burke Station,Week5,286.0 Burke Station - 111.0 Broyhill Crest
Brookfield ,Week2,Bren Mar-Edsall Park,Week4,352.0 Brookfield - 50.0 Bren Mar-Edsall Park
Brookfield ,Week4,Bren Mar-Edsall Park,Week2,370.0 Brookfield - 32.0 Bren Mar-Edsall Park
Brookfield ,Week1,Bren Mar-Edsall Park,Week4,354.0 Brookfield - 48.0 Bren Mar-Edsall Park
Broyhill Crest,Week5,Fairfax Club Estates,Week3,299.0 Fairfax Club Estates - 101.0 Broyhill Crest
Broyhill Crest,Week1,Fairfax Station,Week5,382.0 Fairfax Station - 20.0 Broyhill Crest
Brookfield ,Week1,Hamlet,Week3,291.0 Hamlet - 111.0 Brookfield
Brookfield ,Week5,Hamlet,Week1,285.0 Hamlet - 117.0 Brookfield
Broyhill Crest,Week2,Broyhill Crest,Week1,206.0 Broyhill Crest (BC2) - 173.0 Broyhill Crest (BC1)
Broyhill Crest,Week2,Lakeview,Week5,297.0 Lakeview - 94.0 Broyhill Crest
Broyhill Crest,Week4,Fairfax Club Estates,Week5,312.0 Fairfax Club Estates - 88.0 Broyhill Crest
Brookfield ,Week3,Hamlet,Week1,298.0 Hamlet - 103.0 Brookfield
Broyhill Crest,Week5,Broyhill Crest,Week4,235.0 Broyhill Crest (BC1) - 160.0 Broyhill Crest (BC2)
Broyhill Crest,Week4,Hamlet,Week5,385.0 Hamlet - 16.0 Broyhill Crest
Broyhill Crest,Week5,Fairfax Club Estates,Week1,290.0 Fairfax Club Estates - 111.0 Broyhill Crest
Broyhill Crest,Week3,Lakeview,Week1,276.0 Lakeview - 126.0 Broyhill Crest
Broyhill Crest,Week5,Hamlet,Week2,388.0 Hamlet - 14.0 Broyhill Crest
Broyhill Crest,Week4,Lakeview,Week1,272.0 Lakeview - 130.0 Broyhill Crest
Broyhill Crest,Week5,Fairfax Club Estates,Week2,277.0 Fairfax Club Estates - 122.0 Broyhill Crest
Brookfield ,Week2,Bren Mar-Edsall Park,Week2,362.0 Brookfield - 40.0 Bren Mar-Edsall Park
Broyhill Crest,Week4,Broyhill Crest,Week3,210.5 Broyhill Crest (BC1) - 182.5 Broyhill Crest (BC2)
Broyhill Crest,Week2,Hamlet,Week1,383.0 Hamlet - 19.0 Broyhill Crest
Broyhill Crest,Week5,Sully Station II,Week3,371.0 Sully Station II - 31.0 Broyhill Crest
Broyhill Crest,Week5,Sully Station II,Week5,379.0 Sully Station II - 23.0 Broyhill Crest
Brookfield ,Week2,Hamlet,Week5,319.0 Hamlet - 83.0 Brookfield
Broyhill Crest,Week1,Langley,Week1,380.0 Langley - 21.0 Broyhill Crest
Broyhill Crest,Week5,Greenbriar,Week4,333.0 Greenbriar - 69.0 Broyhill Crest
Broyhill Crest,Week3,Burke Station,Week5,297.0 Burke Station - 100.0 Broyhill Crest
Broyhill Crest,Week5,Fairfax Club Estates,Week5,300.0 Fairfax Club Estates - 98.0 Broyhill Crest
Broyhill Crest,Week5,Sully Station II,Week4,360.0 Sully Station II - 42.0 Broyhill Crest
Broyhill Crest,Week4,Fairfax Club Estates,Week3,311.0 Fairfax Club Estates - 87.0 Broyhill Crest
Broyhill Crest,Week3,Lakeview,Week5,296.0 Lakeview - 97.0 Broyhill Crest
Broyhill Crest,Week2,Burke Station,Week3,288.0 Burke Station - 105.0 Broyhill Crest
Brookfield ,Week1,Hamlet,Week2,290.0 Hamlet - 112.0 Brookfield
Broyhill Crest,Week5,Hamlet,Week1,376.0 Hamlet - 25.0 Broyhill Crest
Brookfield ,Week2,Bren Mar-Edsall Park,Week1,371.0 Brookfield - 31.0 Bren Mar-Edsall Park
Brookfield ,Week4,Hamlet,Week1,281.0 Hamlet - 121.0 Brookfield
Broyhill Crest,Week5,Lakeview,Week1,240.0 Lakeview - 162.0 Broyhill Crest
Broyhill Crest,Week1,Hayfield Farm,Week3,343.0 Hayfield Farm - 55.0 Broyhill Crest
Broyhill Crest,Week3,Hayfield Farm,Week3,360.0 Hayfield Farm - 42.0 Broyhill Crest
Brookfield ,Week2,Hayfield Farm,Week1,207.0 Brookfield - 195.0 Hayfield Farm
Brookfield ,Week2,Hayfield Farm,Week3,229.0 Hayfield Farm - 173.0 Brookfield
Broyhill Crest,Week3,Lakeview,Week4,322.0 Lakeview - 80.0 Broyhill Crest
Broyhill Crest,Week5,Sully Station II,Week2,371.0 Sully Station II - 31.0 Broyhill Crest
Broyhill Crest,Week2,Camelot,Week1,323.0 Camelot - 78.0 Broyhill Crest
Broyhill Crest,Week3,Camelot,Week2,299.0 Camelot - 101.0 Broyhill Crest
Brookfield ,Week1,Hamlet,Week5,302.0 Hamlet - 100.0 Brookfield
Broyhill Crest,Week3,Fairfax Club Estates,Week3,322.0 Fairfax Club Estates - 74.0 Broyhill Crest
Broyhill Crest,Week5,Lakeview,Week2,267.0 Lakeview - 134.0 Broyhill Crest
Broyhill Crest,Week2,Fairfax Club Estates,Week4,341.0 Fairfax Club Estates - 60.0 Broyhill Crest
Brookfield ,Week3,Hayfield Farm,Week1,211.5 Hayfield Farm - 190.5 Brookfield
Broyhill Crest,Week4,Burke Station,Week2,258.0 Burke Station - 136.0 Broyhill Crest
Broyhill Crest,Week1,Fairfax Station,Week3,382.0 Fairfax Station - 19.0 Broyhill Crest
Broyhill Crest,Week1,Camelot,Week4,305.0 Camelot - 96.0 Broyhill Crest
Broyhill Crest,Week2,Hayfield Farm,Week5,353.0 Hayfield Farm - 49.0 Broyhill Crest
Broyhill Crest,Week2,Camelot,Week2,320.0 Camelot - 80.0 Broyhill Crest
Broyhill Crest,Week1,Fairfax Station,Week4,371.0 Fairfax Station - 31.0 Broyhill Crest
Broyhill Crest,Week1,Fairfax Station,Week1,373.5 Fairfax Station - 28.5 Broyhill Crest
Broyhill Crest,Week5,Hayfield Farm,Week3,338.0 Hayfield Farm - 63.0 Broyhill Crest
Brookfield ,Week4,Hamlet,Week4,272.0 Hamlet - 130.0 Brookfield
Broyhill Crest,Week3,Hayfield Farm,Week5,355.0 Hayfield Farm - 47.0 Broyhill Crest
Broyhill Crest,Week3,Camelot,Week3,319.0 Camelot - 78.0 Broyhill Crest
Broyhill Crest,Week5,Lakeview,Week4,289.0 Lakeview - 108.0 Broyhill Crest
Brookfield ,Week5,Greenbriar,Week4,220.0 Greenbriar - 182.0 Brookfield
Broyhill Crest,Week5,Hamlet,Week5,381.0 Hamlet - 21.0 Broyhill Crest
Broyhill Crest,Week5,Lakeview,Week3,275.0 Lakeview - 127.0 Broyhill Crest
Broyhill Crest,Week2,Lakeview,Week4,311.0 Lakeview - 90.0 Broyhill Crest
Brookfield ,Week2,Hayfield Farm,Week4,207.0 Hayfield Farm - 195.0 Brookfield
Broyhill Crest,Week2,Fairfax Station,Week1,372.0 Fairfax Station - 30.0 Broyhill Crest
Broyhill Crest,Week5,Hamlet,Week3,380.0 Hamlet - 21.0 Broyhill Crest
Broyhill Crest,Week1,Langley,Week2,365.0 Langley - 36.0 Broyhill Crest
Broyhill Crest,Week2,Fairfax Club Estates,Week5,322.0 Fairfax Club Estates - 78.0 Broyhill Crest
Broyhill Crest,Week5,Burke Station,Week3,262.0 Burke Station - 129.0 Broyhill Crest
Broyhill Crest,Week4,Lakeview,Week4,305.5 Lakeview - 96.5 Broyhill Crest
Brookfield ,Week5,Hamlet,Week3,285.0 Hamlet - 117.0 Brookfield
Broyhill Crest,Week2,Camelot,Week3,327.0 Camelot - 71.0 Broyhill Crest
Broyhill Crest,Week2,Herndon,Week3,250.0 Herndon - 149.0 Broyhill Crest
Broyhill Crest,Week2,Fairfax Club Estates,Week2,312.0 Fairfax Club Estates - 82.0 Broyhill Crest
Brookfield ,Week3,Hayfield Farm,Week2,226.0 Hayfield Farm - 176.0 Brookfield
Broyhill Crest,Week2,Herndon,Week5,245.0 Herndon - 148.0 Broyhill Crest
Broyhill Crest,Week1,Langley,Week3,369.0 Langley - 33.0 Broyhill Crest
Broyhill Crest,Week3,Hayfield Farm,Week1,354.0 Hayfield Farm - 48.0 Broyhill Crest
Broyhill Crest,Week3,Fairfax Club Estates,Week1,323.5 Fairfax Club Estates - 74.5 Broyhill Crest
Broyhill Crest,Week4,Camelot,Week4,314.0 Camelot - 88.0 Broyhill Crest
Broyhill Crest,Week3,Langley,Week2,371.0 Langley - 31.0 Broyhill Crest
Broyhill Crest,Week5,Burke Station,Week2,240.0 Burke Station - 155.0 Broyhill Crest
Broyhill Crest,Week2,Fairfax Station,Week2,369.0 Fairfax Station - 33.0 Broyhill Crest
Broyhill Crest,Week4,Burke Station,Week5,279.0 Burke Station - 121.0 Broyhill Crest
Broyhill Crest,Week5,Burke Station,Week5,274.0 Burke Station - 127.0 Broyhill Crest
Broyhill Crest,Week4,Fairfax Club Estates,Week1,319.0 Fairfax Club Estates - 79.0 Broyhill Crest
Broyhill Crest,Week3,Fairfax Club Estates,Week4,340.0 Fairfax Club Estates - 60.0 Broyhill Crest
Broyhill Crest,Week4,Hayfield Farm,Week3,354.0 Hayfield Farm - 47.0 Broyhill Crest
Broyhill Crest,Week2,Langley,Week4,381.0 Langley - 21.0 Broyhill Crest
Broyhill Crest,Week2,Camelot,Week4,320.0 Camelot - 81.0 Broyhill Crest
Broyhill Crest,Week2,Langley,Week2,372.5 Langley - 29.5 Broyhill Crest
Broyhill Crest,Week1,Langley,Week5,372.0 Langley - 24.0 Broyhill Crest
Brookfield ,Week3,Hayfield Farm,Week5,223.0 Hayfield Farm - 179.0 Brookfield
Broyhill Crest,Week1,Fairfax Station,Week2,368.0 Fairfax Station - 34.0 Broyhill Crest
Broyhill Crest,Week4,Fairfax Club Estates,Week2,300.0 Fairfax Club Estates - 97.0 Broyhill Crest
Brookfield ,Week2,Hayfield Farm,Week5,216.0 Hayfield Farm - 186.0 Brookfield
Brookfield ,Week1,Hayfield Farm,Week3,205.0 Hayfield Farm - 197.0 Brookfield
Broyhill Crest,Week2,Hayfield Farm,Week2,361.0 Hayfield Farm - 41.0 Broyhill Crest
Broyhill Crest,Week2,Langley,Week5,378.0 Langley - 22.0 Broyhill Crest
Broyhill Crest,Week3,Fairfax Club Estates,Week2,308.0 Fairfax Club Estates - 88.0 Broyhill Crest
Broyhill Crest,Week3,Herndon,Week2,250.0 Herndon - 142.0 Broyhill Crest
Broyhill Crest,Week2,Camelot,Week5,325.0 Camelot - 73.0 Broyhill Crest
Brookfield ,Week4,Hayfield Farm,Week3,218.0 Hayfield Farm - 184.0 Brookfield
Broyhill Crest,Week3,Langley,Week1,381.0 Langley - 21.0 Broyhill Crest
Brookfield ,Week4,Hayfield Farm,Week2,204.0 Hayfield Farm - 198.0 Brookfield
Broyhill Crest,Week5,Hayfield Farm,Week4,351.0 Hayfield Farm - 51.0 Broyhill Crest
Brookfield ,Week1,Hayfield Farm,Week5,207.0 Brookfield - 195.0 Hayfield Farm
Broyhill Crest,Week3,Burke Station,Week4,280.0 Burke Station - 113.0 Broyhill Crest
Broyhill Crest,Week3,Langley,Week3,372.0 Langley - 30.0 Broyhill Crest
Broyhill Crest,Week1,Herndon,Week2,235.0 Herndon - 154.0 Broyhill Crest
Brookfield ,Week4,Hayfield Farm,Week1,209.0 Brookfield - 193.0 Hayfield Farm
Broyhill Crest,Week3,Hayfield Farm,Week2,371.0 Hayfield Farm - 31.0 Broyhill Crest
Broyhill Crest,Week1,Herndon,Week5,244.0 Herndon - 148.0 Broyhill Crest
Broyhill Crest,Week3,Forest Hollow,Week2,345.0 Forest Hollow - 57.0 Broyhill Crest
Broyhill Crest,Week4,Burke Station,Week1,246.0 Burke Station - 131.0 Broyhill Crest
Brookfield ,Week1,Hayfield Farm,Week4,207.0 Hayfield Farm - 195.0 Brookfield
Broyhill Crest,Week2,Fairfax Station,Week4,370.0 Fairfax Station - 32.0 Broyhill Crest
Brookfield ,Week4,Hayfield Farm,Week5,201.5 Brookfield - 200.5 Hayfield Farm
Broyhill Crest,Week2,Fairfax Station,Week5,381.0 Fairfax Station - 21.0 Broyhill Crest
Broyhill Crest,Week5,Hayfield Farm,Week2,351.0 Hayfield Farm - 51.0 Broyhill Crest
Broyhill Crest,Week3,Laurel Hill,Week2,260.0 Laurel Hill - 140.0 Broyhill Crest
Broyhill Crest,Week2,Burke Station,Week5,302.0 Burke Station - 98.0 Broyhill Crest
Broyhill Crest,Week5,Burke Station,Week4,250.0 Burke Station - 148.0 Broyhill Crest
Broyhill Crest,Week4,Laurel Hill,Week1,253.0 Laurel Hill - 146.0 Broyhill Crest
Broyhill Crest,Week4,Hayfield Farm,Week4,353.0 Hayfield Farm - 49.0 Broyhill Crest
Broyhill Crest,Week4,Langley,Week5,370.5 Langley - 31.5 Broyhill Crest
Broyhill Crest,Week3,Burke Station,Week1,271.0 Burke Station - 104.0 Broyhill Crest
Broyhill Crest,Week3,Fairfax Station,Week4,374.0 Fairfax Station - 28.0 Broyhill Crest
Broyhill Crest,Week5,Fairfax Station,Week4,363.0 Fairfax Station - 39.0 Broyhill Crest
Brookfield ,Week4,Hayfield Farm,Week4,203.0 Brookfield - 199.0 Hayfield Farm
Broyhill Crest,Week4,Burke Station,Week4,261.0 Burke Station - 134.0 Broyhill Crest
Broyhill Crest,Week3,Laurel Hill,Week4,273.0 Laurel Hill - 125.0 Broyhill Crest
Brookfield ,Week3,Hayfield Farm,Week4,229.0 Hayfield Farm - 173.0 Brookfield
Broyhill Crest,Week5,Langley,Week2,352.0 Langley - 50.0 Broyhill Crest
Broyhill Crest,Week3,Fairfax Station,Week5,382.0 Fairfax Station - 20.0 Broyhill Crest
Broyhill Crest,Week3,Langley,Week5,372.0 Langley - 30.0 Broyhill Crest
Broyhill Crest,Week1,Laurel Hill,Week5,288.0 Laurel Hill - 105.0 Broyhill Crest
Broyhill Crest,Week1,Forest Hollow,Week2,331.0 Forest Hollow - 65.0 Broyhill Crest
Brookfield ,Week2,Hayfield Farm,Week2,213.0 Hayfield Farm - 189.0 Brookfield
Brookfield ,Week5,Hayfield Farm,Week1,207.0 Hayfield Farm - 195.0 Brookfield
Brookfield ,Week5,Hayfield Farm,Week2,227.0 Hayfield Farm - 175.0 Brookfield
Broyhill Crest,Week4,Fairfax Station,Week4,372.0 Fairfax Station - 30.0 Broyhill Crest
Broyhill Crest,Week1,Camelot,Week2,304.0 Camelot - 94.0 Broyhill Crest
Broyhill Crest,Week5,Langley,Week4,365.0 Langley - 37.0 Broyhill Crest
Broyhill Crest,Week1,Laurel Hill,Week4,286.0 Laurel Hill - 110.0 Broyhill Crest
Broyhill Crest,Week3,Burke Station,Week3,299.0 Burke Station - 90.0 Broyhill Crest
Broyhill Crest,Week4,Hayfield Farm,Week5,344.0 Hayfield Farm - 58.0 Broyhill Crest
Brookfield ,Week1,Hayfield Farm,Week2,210.0 Hayfield Farm - 192.0 Brookfield
Broyhill Crest,Week2,Hayfield Farm,Week3,359.0 Hayfield Farm - 42.0 Broyhill Crest
Broyhill Crest,Week4,Hayfield Farm,Week2,354.0 Hayfield Farm - 48.0 Broyhill Crest
Brookfield ,Week3,Hayfield Farm,Week3,235.0 Hayfield Farm - 167.0 Brookfield
Broyhill Crest,Week3,Burke Station,Week2,274.0 Burke Station - 115.0 Broyhill Crest
Broyhill Crest,Week4,Burke Station,Week3,280.0 Burke Station - 109.0 Broyhill Crest
Broyhill Crest,Week4,Laurel Hill,Week2,243.0 Laurel Hill - 153.0 Broyhill Crest
Broyhill Crest,Week4,Forest Hollow,Week1,346.0 Forest Hollow - 55.0 Broyhill Crest
Broyhill Crest,Week2,Hayfield Farm,Week1,345.0 Hayfield Farm - 57.0 Broyhill Crest
Brookfield ,Week1,Hayfield Farm,Week1,208.0 Brookfield - 194.0 Hayfield Farm
Broyhill Crest,Week2,Hayfield Farm,Week4,365.0 Hayfield Farm - 37.0 Broyhill Crest
Broyhill Crest,Week2,Laurel Hill,Week1,273.0 Laurel Hill - 126.0 Broyhill Crest
Broyhill Crest,Week1,Camelot,Week1,314.0 Camelot - 85.0 Broyhill Crest
Brookfield ,Week5,Hayfield Farm,Week3,237.0 Hayfield Farm - 165.0 Brookfield
Broyhill Crest,Week5,Burke Station,Week1,238.0 Burke Station - 137.0 Broyhill Crest
Broyhill Crest,Week4,Hayfield Farm,Week1,338.0 Hayfield Farm - 64.0 Broyhill Crest
Broyhill Crest,Week5,Fairfax Station,Week3,378.0 Fairfax Station - 24.0 Broyhill Crest
Broyhill Crest,Week1,Camelot,Week3,307.0 Camelot - 90.0 Broyhill Crest
Broyhill Crest,Week5,Hayfield Farm,Week5,333.0 Hayfield Farm - 69.0 Broyhill Crest
Broyhill Crest,Week4,Forest Hollow,Week3,344.0 Forest Hollow - 57.0 Broyhill Crest
Broyhill Crest,Week4,Laurel Hill,Week3,277.0 Laurel Hill - 125.0 Broyhill Crest
Broyhill Crest,Week5,Fairfax Station,Week2,374.0 Fairfax Station - 28.0 Broyhill Crest
Broyhill Crest,Week5,Hayfield Farm,Week1,329.0 Hayfield Farm - 73.0 Broyhill Crest
Broyhill Crest,Week2,Forest Hollow,Week5,357.0 Forest Hollow - 45.0 Broyhill Crest
Broyhill Crest,Week3,Forest Hollow,Week1,364.0 Forest Hollow - 37.0 Broyhill Crest
Broyhill Crest,Week1,Laurel Hill,Week3,287.0 Laurel Hill - 110.0 Broyhill Crest
Brookfield ,Week5,Highlands Swim,Week4,289.0 Highlands Swim - 113.0 Brookfield
Brookfield ,Week5,Highlands Swim,Week5,309.0 Highlands Swim - 93.0 Brookfield
Broyhill Crest,Week2,Herndon,Week2,244.0 Herndon - 148.0 Broyhill Crest
Broyhill Crest,Week1,Herndon,Week3,237.0 Herndon - 161.0 Broyhill Crest
Brookfield ,Week3,Highlands Swim,Week1,307.0 Highlands Swim - 95.0 Brookfield
Broyhill Crest,Week4,Camelot,Week1,306.0 Camelot - 94.0 Broyhill Crest
Brookfield ,Week3,Hollin Hills,Week2,299.0 Brookfield - 103.0 Hollin Hills
Broyhill Crest,Week2,Forest Hollow,Week2,335.0 Forest Hollow - 67.0 Broyhill Crest
Broyhill Crest,Week1,Herndon,Week4,245.0 Herndon - 148.0 Broyhill Crest
Broyhill Crest,Week3,Forest Hollow,Week4,362.0 Forest Hollow - 39.0 Broyhill Crest
Brookfield ,Week4,Highlands Swim,Week2,294.0 Highlands Swim - 108.0 Brookfield
Broyhill Crest,Week2,Laurel Hill,Week2,258.0 Laurel Hill - 136.0 Broyhill Crest
Broyhill Crest,Week4,Camelot,Week3,309.0 Camelot - 89.0 Broyhill Crest
Broyhill Crest,Week3,Hayfield Farm,Week4,368.0 Hayfield Farm - 34.0 Broyhill Crest
Brookfield ,Week2,Highlands Swim,Week5,301.0 Highlands Swim - 101.0 Brookfield
Broyhill Crest,Week1,Camelot,Week5,321.0 Camelot - 77.0 Broyhill Crest
Broyhill Crest,Week3,Camelot,Week1,320.0 Camelot - 81.0 Broyhill Crest
Broyhill Crest,Week5,Langley,Week3,367.0 Langley - 35.0 Broyhill Crest
Broyhill Crest,Week1,Herndon,Week1,233.0 Herndon - 157.0 Broyhill Crest
Broyhill Crest,Week5,Fairfax Station,Week5,379.0 Fairfax Station - 23.0 Broyhill Crest
Broyhill Crest,Week4,Langley,Week3,373.0 Langley - 29.0 Broyhill Crest
Broyhill Crest,Week3,Camelot,Week4,327.5 Camelot - 74.5 Broyhill Crest
Brookfield ,Week3,Highlands Swim,Week2,316.0 Highlands Swim - 86.0 Brookfield
Bren Mar-Edsall Park,Week5,Villa Aquatic,Week1,341.0 Villa Aquatic - 61.0 Bren Mar-Edsall Park
Broyhill Crest,Week1,Hayfield Farm,Week5,347.0 Hayfield Farm - 55.0 Broyhill Crest
Broyhill Crest,Week4,Langley,Week1,377.0 Langley - 25.0 Broyhill Crest
Broyhill Crest,Week3,Camelot,Week5,332.0 Camelot - 66.0 Broyhill Crest
Broyhill Crest,Week1,Laurel Hill,Week1,267.0 Laurel Hill - 128.0 Broyhill Crest
Broyhill Crest,Week5,Langley,Week1,368.0 Langley - 34.0 Broyhill Crest
Broyhill Crest,Week2,Herndon,Week1,243.0 Herndon - 152.0 Broyhill Crest
Broyhill Crest,Week4,Fairfax Station,Week2,372.0 Fairfax Station - 30.0 Broyhill Crest
Broyhill Crest,Week4,Fairfax Station,Week1,375.0 Fairfax Station - 27.0 Broyhill Crest
Broyhill Crest,Week4,Camelot,Week2,294.5 Camelot - 105.5 Broyhill Crest
Broyhill Crest,Week3,Fairfax Station,Week3,385.0 Fairfax Station - 17.0 Broyhill Crest
Broyhill Crest,Week2,Forest Hollow,Week4,354.0 Forest Hollow - 47.0 Broyhill Crest
Broyhill Crest,Week1,Canterbury Woods,Week3,321.0 Canterbury Woods - 71.0 Broyhill Crest
Broyhill Crest,Week4,Canterbury Woods,Week1,305.0 Canterbury Woods - 97.0 Broyhill Crest
Broyhill Crest,Week2,Laurel Hill,Week5,291.0 Laurel Hill - 101.0 Broyhill Crest
Brookfield ,Week3,Highlands Swim,Week4,301.0 Highlands Swim - 101.0 Brookfield
Brookfield ,Week2,Annandale,Week4,277.0 Brookfield - 125.0 Annandale
Broyhill Crest,Week4,Camelot,Week5,318.0 Camelot - 80.0 Broyhill Crest
Brookfield ,Week5,Annandale,Week1,276.0 Brookfield - 126.0 Annandale
Brookfield ,Week3,Highlands Swim,Week3,305.0 Highlands Swim - 97.0 Brookfield
Brookfield ,Week4,Annandale,Week4,286.0 Brookfield - 116.0 Annandale
Broyhill Crest,Week3,Herndon,Week3,267.0 Herndon - 127.0 Broyhill Crest
Brookfield ,Week4,Annandale,Week2,280.0 Brookfield - 122.0 Annandale
Broyhill Crest,Week3,Herndon,Week4,274.0 Herndon - 123.0 Broyhill Crest
Broyhill Crest,Week3,Herndon,Week1,243.0 Herndon - 148.0 Broyhill Crest
Broyhill Crest,Week2,Canterbury Woods,Week5,315.0 Canterbury Woods - 85.0 Broyhill Crest
Broyhill Crest,Week2,Herndon,Week4,262.0 Herndon - 131.0 Broyhill Crest
Broyhill Crest,Week2,Forest Hollow,Week1,354.0 Forest Hollow - 47.0 Broyhill Crest
Broyhill Crest,Week3,Fairfax Station,Week2,376.0 Fairfax Station - 26.0 Broyhill Crest
Brookfield ,Week2,Hollin Hills,Week2,296.0 Brookfield - 106.0 Hollin Hills
Broyhill Crest,Week1,Laurel Hill,Week2,256.0 Laurel Hill - 128.0 Broyhill Crest
Brookfield ,Week1,Annandale,Week1,282.0 Brookfield - 120.0 Annandale
Broyhill Crest,Week5,Camelot,Week4,301.0 Camelot - 101.0 Broyhill Crest
Brookfield ,Week1,Hollin Hills,Week3,317.0 Brookfield - 85.0 Hollin Hills
Broyhill Crest,Week2,Laurel Hill,Week4,284.0 Laurel Hill - 111.0 Broyhill Crest
Broyhill Crest,Week4,Langley,Week2,366.0 Langley - 36.0 Broyhill Crest
Broyhill Crest,Week2,Laurel Hill,Week3,298.0 Laurel Hill - 98.0 Broyhill Crest
Broyhill Crest,Week1,Forest Hollow,Week5,353.0 Forest Hollow - 48.0 Broyhill Crest
Bren Mar-Edsall Park,Week5,Woodley,Week5,303.0 Woodley - 94.0 Bren Mar-Edsall Park
Broyhill Crest,Week2,Hiddenbrook,Week5,336.5 Hiddenbrook - 65.5 Broyhill Crest
Brookfield ,Week1,Hollin Hills,Week5,305.0 Brookfield - 97.0 Hollin Hills
Brookfield ,Week4,Highlands Swim,Week3,282.0 Highlands Swim - 120.0 Brookfield
Bren Mar-Edsall Park,Week5,Woodley,Week4,307.0 Woodley - 95.0 Bren Mar-Edsall Park
Broyhill Crest,Week1,Forest Hollow,Week1,352.0 Forest Hollow - 48.0 Broyhill Crest
Brookfield ,Week1,Annandale,Week2,269.0 Brookfield - 133.0 Annandale
Broyhill Crest,Week1,Canterbury Woods,Week2,295.0 Canterbury Woods - 107.0 Broyhill Crest
Brookfield ,Week1,Hollin Hills,Week4,317.5 Brookfield - 83.5 Hollin Hills
Brookfield ,Week2,Hollin Hills,Week1,302.0 Brookfield - 100.0 Hollin Hills
Bren Mar-Edsall Park,Week5,Woodley,Week3,307.0 Woodley - 95.0 Bren Mar-Edsall Park
Broyhill Crest,Week5,Herndon,Week1,200.0 Broyhill Crest - 198.0 Herndon
Broyhill Crest,Week5,Fairfax Station,Week1,376.0 Fairfax Station - 26.0 Broyhill Crest
Broyhill Crest,Week4,Herndon,Week2,227.5 Herndon - 168.5 Broyhill Crest
Broyhill Crest,Week5,Camelot,Week5,313.0 Camelot - 88.0 Broyhill Crest
Broyhill Crest,Week3,Laurel Hill,Week1,266.0 Laurel Hill - 132.0 Broyhill Crest
Broyhill Crest,Week4,Fairfax Station,Week5,380.0 Fairfax Station - 22.0 Broyhill Crest
Broyhill Crest,Week1,Canterbury Woods,Week4,326.0 Canterbury Woods - 71.0 Broyhill Crest
Brookfield ,Week2,Hollin Hills,Week3,307.0 Brookfield - 95.0 Hollin Hills
Broyhill Crest,Week3,Laurel Hill,Week5,280.0 Laurel Hill - 117.0 Broyhill Crest
Broyhill Crest,Week3,Laurel Hill,Week3,285.0 Laurel Hill - 116.0 Broyhill Crest
Broyhill Crest,Week4,Langley,Week4,373.0 Langley - 29.0 Broyhill Crest
Broyhill Crest,Week1,Forest Hollow,Week4,351.0 Forest Hollow - 50.0 Broyhill Crest
Broyhill Crest,Week4,Hiddenbrook,Week1,309.0 Hiddenbrook - 92.0 Broyhill Crest
Broyhill Crest,Week4,Canterbury Woods,Week4,319.0 Canterbury Woods - 83.0 Broyhill Crest
Bren Mar-Edsall Park,Week5,Woodley,Week2,289.0 Woodley - 113.0 Bren Mar-Edsall Park
Broyhill Crest,Week1,Forest Hollow,Week3,348.0 Forest Hollow - 53.0 Broyhill Crest
Brookfield ,Week1,Hollin Hills,Week2,312.0 Brookfield - 90.0 Hollin Hills
Broyhill Crest,Week1,Canterbury Woods,Week5,304.0 Canterbury Woods - 95.0 Broyhill Crest
Broyhill Crest,Week4,Fairfax Station,Week3,383.0 Fairfax Station - 19.0 Broyhill Crest
Broyhill Crest,Week4,Herndon,Week3,233.5 Herndon - 167.5 Broyhill Crest
Bren Mar-Edsall Park,Week4,Woodley,Week3,314.0 Woodley - 88.0 Bren Mar-Edsall Park
Broyhill Crest,Week4,Hiddenbrook,Week5,339.0 Hiddenbrook - 63.0 Broyhill Crest
Broyhill Crest,Week5,Langley,Week5,367.0 Langley - 35.0 Broyhill Crest
Broyhill Crest,Week3,Hiddenbrook,Week4,329.5 Hiddenbrook - 68.5 Broyhill Crest
Broyhill Crest,Week5,Camelot,Week3,293.0 Camelot - 107.0 Broyhill Crest
Broyhill Crest,Week2,Lee Graham,Week2,390.0 Lee Graham - 12.0 Broyhill Crest
Broyhill Crest,Week4,Lee Graham,Week5,377.0 Lee Graham - 25.0 Broyhill Crest
Broyhill Crest,Week1,Hiddenbrook,Week2,261.0 Hiddenbrook - 132.0 Broyhill Crest
Broyhill Crest,Week3,Canterbury Woods,Week1,328.0 Canterbury Woods - 69.0 Broyhill Crest
Broyhill Crest,Week5,Laurel Hill,Week4,256.0 Laurel Hill - 145.0 Broyhill Crest
Broyhill Crest,Week4,Lee Graham,Week3,377.0 Lee Graham - 25.0 Broyhill Crest
Broyhill Crest,Week5,Hiddenbrook,Week3,314.0 Hiddenbrook - 87.0 Broyhill Crest
Broyhill Crest,Week2,Forest Hollow,Week3,348.0 Forest Hollow - 53.0 Broyhill Crest
Broyhill Crest,Week2,Lee Graham,Week3,383.0 Lee Graham - 19.0 Broyhill Crest
Broyhill Crest,Week3,Forest Hollow,Week3,358.0 Forest Hollow - 43.0 Broyhill Crest
Broyhill Crest,Week4,Forest Hollow,Week2,331.0 Forest Hollow - 71.0 Broyhill Crest
Brookfield ,Week1,Annandale,Week4,279.0 Brookfield - 123.0 Annandale
Brookfield ,Week2,Hollin Hills,Week4,303.0 Brookfield - 98.0 Hollin Hills
Brookfield ,Week3,Annandale,Week1,263.0 Brookfield - 139.0 Annandale
Broyhill Crest,Week2,Canterbury Woods,Week3,319.0 Canterbury Woods - 78.0 Broyhill Crest
Broyhill Crest,Week4,Herndon,Week1,224.0 Herndon - 171.0 Broyhill Crest
Broyhill Crest,Week1,Hiddenbrook,Week4,313.0 Hiddenbrook - 80.0 Broyhill Crest
Broyhill Crest,Week2,Canterbury Woods,Week4,327.0 Canterbury Woods - 75.0 Broyhill Crest
Broyhill Crest,Week2,Hiddenbrook,Week3,327.0 Hiddenbrook - 70.0 Broyhill Crest
Broyhill Crest,Week2,Lee Graham,Week4,385.0 Lee Graham - 17.0 Broyhill Crest
Broyhill Crest,Week2,Canterbury Woods,Week1,321.0 Canterbury Woods - 80.0 Broyhill Crest
Broyhill Crest,Week4,Forest Hollow,Week4,344.0 Forest Hollow - 57.0 Broyhill Crest
Broyhill Crest,Week4,Forest Hollow,Week5,354.0 Forest Hollow - 48.0 Broyhill Crest
Brookfield ,Week3,Highlands Swim,Week5,306.0 Highlands Swim - 96.0 Brookfield
Brookfield ,Week2,Annandale,Week3,252.0 Brookfield - 150.0 Annandale
Bren Mar-Edsall Park,Week4,Woodley,Week5,292.0 Woodley - 109.0 Bren Mar-Edsall Park
Broyhill Crest,Week1,Cardinal Hill,Week4,380.0 Cardinal Hill - 20.0 Broyhill Crest
Brookfield ,Week4,Highlands Swim,Week4,272.0 Highlands Swim - 130.0 Brookfield
Brookfield ,Week3,Annandale,Week4,267.0 Brookfield - 135.0 Annandale
Brookfield ,Week5,Highlands Swim,Week2,314.0 Highlands Swim - 88.0 Brookfield
Broyhill Crest,Week1,Canterbury Woods,Week1,311.0 Canterbury Woods - 91.0 Broyhill Crest
Broyhill Crest,Week3,Lee Graham,Week4,379.0 Lee Graham - 23.0 Broyhill Crest
Brookfield ,Week4,Highlands Swim,Week1,284.0 Highlands Swim - 118.0 Brookfield
Broyhill Crest,Week2,Hiddenbrook,Week1,316.0 Hiddenbrook - 84.0 Broyhill Crest
Bren Mar-Edsall Park,Week4,Woodley,Week2,284.0 Woodley - 118.0 Bren Mar-Edsall Park
Brookfield ,Week2,Highlands Swim,Week2,312.0 Highlands Swim - 90.0 Brookfield
Broyhill Crest,Week3,Forest Hollow,Week5,367.0 Forest Hollow - 35.0 Broyhill Crest
Brookfield ,Week2,Annandale,Week5,266.0 Brookfield - 136.0 Annandale
Broyhill Crest,Week5,Forest Hollow,Week5,347.0 Forest Hollow - 55.0 Broyhill Crest
Broyhill Crest,Week5,Forest Hollow,Week2,318.0 Forest Hollow - 84.0 Broyhill Crest
Brookfield ,Week1,Annandale,Week5,272.0 Brookfield - 130.0 Annandale
Broyhill Crest,Week3,Lee Graham,Week1,382.0 Lee Graham - 20.0 Broyhill Crest
Broyhill Crest,Week5,Laurel Hill,Week1,240.5 Laurel Hill - 159.5 Broyhill Crest
Broyhill Crest,Week3,Canterbury Woods,Week2,297.0 Canterbury Woods - 104.0 Broyhill Crest
Brookfield ,Week2,Highlands Swim,Week1,287.0 Highlands Swim - 115.0 Brookfield
Brookfield ,Week2,Highlands Swim,Week4,296.0 Highlands Swim - 106.0 Brookfield
Brookfield ,Week3,Annandale,Week3,251.0 Brookfield - 151.0 Annandale
Broyhill Crest,Week1,Hiddenbrook,Week5,336.0 Hiddenbrook - 66.0 Broyhill Crest
Broyhill Crest,Week3,Canterbury Woods,Week4,345.0 Canterbury Woods - 57.0 Broyhill Crest
Broyhill Crest,Week3,Canterbury Woods,Week3,336.0 Canterbury Woods - 65.0 Broyhill Crest
Brookfield ,Week5,Highlands Swim,Week1,289.0 Highlands Swim - 113.0 Brookfield
Broyhill Crest,Week3,Herndon,Week5,262.0 Herndon - 135.0 Broyhill Crest
Broyhill Crest,Week1,Fox Hunt,Week2,339.0 Fox Hunt - 50.0 Broyhill Crest
Broyhill Crest,Week5,Canterbury Woods,Week4,308.0 Canterbury Woods - 94.0 Broyhill Crest
Brookfield ,Week4,Highlands Swim,Week5,287.0 Highlands Swim - 115.0 Brookfield
Brookfield ,Week2,Highlands Swim,Week3,296.0 Highlands Swim - 106.0 Brookfield
Bren Mar-Edsall Park,Week5,Woodley,Week1,302.0 Woodley - 100.0 Bren Mar-Edsall Park
Broyhill Crest,Week5,Fox Hunt,Week2,331.5 Fox Hunt - 68.5 Broyhill Crest
Broyhill Crest,Week1,Lee Graham,Week1,379.0 Lee Graham - 22.0 Broyhill Crest
Broyhill Crest,Week1,Fox Hunt,Week3,348.0 Fox Hunt - 53.0 Broyhill Crest
Broyhill Crest,Week2,Lee Graham,Week5,391.0 Lee Graham - 11.0 Broyhill Crest
Broyhill Crest,Week5,Herndon,Week5,209.0 Herndon - 191.0 Broyhill Crest
Broyhill Crest,Week3,Cardinal Hill,Week3,381.0 Cardinal Hill - 20.0 Broyhill Crest
Broyhill Crest,Week5,Herndon,Week3,207.0 Herndon - 194.0 Broyhill Crest
Broyhill Crest,Week4,Laurel Hill,Week5,283.0 Laurel Hill - 114.0 Broyhill Crest
Broyhill Crest,Week1,Fox Hunt,Week1,336.0 Fox Hunt - 59.0 Broyhill Crest
Broyhill Crest,Week4,Canterbury Woods,Week2,293.0 Canterbury Woods - 109.0 Broyhill Crest
Brookfield ,Week2,Annandale,Week2,257.0 Brookfield - 145.0 Annandale
Brookfield ,Week5,Highlands Swim,Week3,302.0 Highlands Swim - 100.0 Brookfield
Brookfield ,Week1,Annandale,Week3,262.0 Brookfield - 140.0 Annandale
Broyhill Crest,Week5,Camelot,Week1,297.0 Camelot - 104.0 Broyhill Crest
Broyhill Crest,Week2,Hiddenbrook,Week4,318.0 Hiddenbrook - 80.0 Broyhill Crest
Brookfield ,Week2,Annandale,Week1,263.0 Brookfield - 139.0 Annandale
Broyhill Crest,Week4,Fox Hunt,Week3,341.0 Fox Hunt - 61.0 Broyhill Crest
Brookfield ,Week4,Hollin Hills,Week5,297.0 Brookfield - 104.0 Hollin Hills
Broyhill Crest,Week1,Lincolnia Park,Week3,258.0 Lincolnia Park - 131.0 Broyhill Crest
Broyhill Crest,Week3,Canterbury Woods,Week5,301.0 Canterbury Woods - 91.0 Broyhill Crest
Broyhill Crest,Week5,Laurel Hill,Week5,274.0 Laurel Hill - 126.0 Broyhill Crest
Broyhill Crest,Week2,Canterbury Woods,Week2,302.0 Canterbury Woods - 100.0 Broyhill Crest
Broyhill Crest,Week5,Camelot,Week2,290.0 Camelot - 111.0 Broyhill Crest
Broyhill Crest,Week1,Fox Hunt,Week5,364.0 Fox Hunt - 34.0 Broyhill Crest
Broyhill Crest,Week1,Hiddenbrook,Week3,313.0 Hiddenbrook - 84.0 Broyhill Crest
Broyhill Crest,Week5,Lee Graham,Week5,377.0 Lee Graham - 25.0 Broyhill Crest
Broyhill Crest,Week5,Fox Hunt,Week5,352.0 Fox Hunt - 49.0 Broyhill Crest
Brookfield ,Week3,Annandale,Week2,255.5 Brookfield - 146.5 Annandale
Broyhill Crest,Week4,Canterbury Woods,Week3,316.0 Canterbury Woods - 84.0 Broyhill Crest
Brookfield ,Week2,Hollin Hills,Week5,292.0 Brookfield - 110.0 Hollin Hills
Bren Mar-Edsall Park,Week4,Woodley,Week4,309.0 Woodley - 93.0 Bren Mar-Edsall Park
Brookfield ,Week2,Hollin Meadows,Week3,232.5 Hollin Meadows - 169.5 Brookfield
Broyhill Crest,Week3,Lee Graham,Week5,384.0 Lee Graham - 18.0 Broyhill Crest
Brookfield ,Week3,Hollin Hills,Week1,300.0 Brookfield - 102.0 Hollin Hills
Broyhill Crest,Week1,Fox Mill Estates,Week2,316.0 Fox Mill Estates - 81.0 Broyhill Crest
Broyhill Crest,Week5,Laurel Hill,Week3,264.0 Laurel Hill - 137.0 Broyhill Crest
Brookfield ,Week3,Annandale,Week5,263.0 Brookfield - 139.0 Annandale
Broyhill Crest,Week4,Herndon,Week4,238.0 Herndon - 159.0 Broyhill Crest
Broyhill Crest,Week1,Fox Mill Estates,Week5,334.0 Fox Mill Estates - 67.0 Broyhill Crest
Broyhill Crest,Week4,Herndon,Week5,240.0 Herndon - 156.0 Broyhill Crest
Brookfield ,Week1,Hollin Hills,Week1,312.0 Brookfield - 90.0 Hollin Hills
Broyhill Crest,Week3,Hiddenbrook,Week2,274.0 Hiddenbrook - 118.0 Broyhill Crest
Broyhill Crest,Week5,Lee Graham,Week1,379.0 Lee Graham - 23.0 Broyhill Crest
Broyhill Crest,Week2,Hiddenbrook,Week2,277.0 Hiddenbrook - 122.0 Broyhill Crest
Broyhill Crest,Week4,Canterbury Woods,Week5,291.0 Canterbury Woods - 108.0 Broyhill Crest
Brookfield ,Week4,Annandale,Week5,282.0 Brookfield - 120.0 Annandale
Broyhill Crest,Week1,Hiddenbrook,Week1,307.0 Hiddenbrook - 93.0 Broyhill Crest
Brookfield ,Week4,Annandale,Week3,269.0 Brookfield - 133.0 Annandale
Broyhill Crest,Week2,Fox Hunt,Week3,345.0 Fox Hunt - 57.0 Broyhill Crest
Brookfield ,Week1,Hollin Meadows,Week3,205.0 Hollin Meadows - 197.0 Brookfield
Broyhill Crest,Week1,Cardinal Hill,Week2,362.0 Cardinal Hill - 39.0 Broyhill Crest
Brookfield ,Week2,Arlington Forest,Week2,215.5 Arlington Forest - 186.5 Brookfield
Broyhill Crest,Week3,Hiddenbrook,Week3,326.0 Hiddenbrook - 72.0 Broyhill Crest
Broyhill Crest,Week1,Cardinal Hill,Week3,380.0 Cardinal Hill - 20.0 Broyhill Crest
Brookfield ,Week4,Annandale,Week1,285.0 Brookfield - 117.0 Annandale
Broyhill Crest,Week5,Canterbury Woods,Week1,295.5 Canterbury Woods - 106.5 Broyhill Crest
Broyhill Crest,Week1,Lee Graham,Week2,384.0 Lee Graham - 18.0 Broyhill Crest
Brookfield ,Week1,Arlington Forest,Week4,223.0 Arlington Forest - 179.0 Brookfield
Broyhill Crest,Week5,Canterbury Woods,Week2,287.0 Canterbury Woods - 114.0 Broyhill Crest
Broyhill Crest,Week5,Forest Hollow,Week3,338.0 Forest Hollow - 64.0 Broyhill Crest
Broyhill Crest,Week4,Lee Graham,Week1,380.0 Lee Graham - 22.0 Broyhill Crest
Brookfield ,Week3,Hollin Hills,Week4,297.0 Brookfield - 104.0 Hollin Hills
Broyhill Crest,Week3,Hiddenbrook,Week1,317.0 Hiddenbrook - 83.0 Broyhill Crest
Brookfield ,Week5,Hollin Hills,Week3,300.0 Brookfield - 102.0 Hollin Hills
Broyhill Crest,Week2,Fox Hunt,Week2,350.0 Fox Hunt - 47.0 Broyhill Crest
Broyhill Crest,Week3,Lee Graham,Week2,386.0 Lee Graham - 16.0 Broyhill Crest
Brookfield ,Week2,Hollin Meadows,Week2,222.0 Hollin Meadows - 180.0 Brookfield
Broyhill Crest,Week4,Fox Hunt,Week1,336.0 Fox Hunt - 65.0 Broyhill Crest
Broyhill Crest,Week5,Herndon,Week2,206.0 Herndon - 192.0 Broyhill Crest
Broyhill Crest,Week1,Lee Graham,Week4,372.0 Lee Graham - 30.0 Broyhill Crest
Broyhill Crest,Week5,Herndon,Week4,214.0 Herndon - 186.0 Broyhill Crest
Brookfield ,Week4,Hollin Meadows,Week3,212.0 Hollin Meadows - 190.0 Brookfield
Brookfield ,Week5,Annandale,Week5,268.0 Brookfield - 134.0 Annandale
Broyhill Crest,Week3,Hiddenbrook,Week5,343.0 Hiddenbrook - 59.0 Broyhill Crest
Broyhill Crest,Week4,Laurel Hill,Week4,266.0 Laurel Hill - 132.0 Broyhill Crest
Broyhill Crest,Week3,Fox Hunt,Week1,348.0 Fox Hunt - 53.0 Broyhill Crest
Brookfield ,Week4,Hollin Meadows,Week4,218.0 Hollin Meadows - 184.0 Brookfield
Broyhill Crest,Week1,Cardinal Hill,Week5,369.0 Cardinal Hill - 32.0 Broyhill Crest
Broyhill Crest,Week3,Fox Hunt,Week3,356.0 Fox Hunt - 46.0 Broyhill Crest
Broyhill Crest,Week5,Laurel Hill,Week2,224.0 Laurel Hill - 173.0 Broyhill Crest
Broyhill Crest,Week2,Lee Graham,Week1,384.0 Lee Graham - 18.0 Broyhill Crest
Brookfield ,Week2,Hollin Meadows,Week1,240.0 Hollin Meadows - 162.0 Brookfield
Broyhill Crest,Week5,Hiddenbrook,Week2,257.0 Hiddenbrook - 145.0 Broyhill Crest
Broyhill Crest,Week3,Lee Graham,Week3,383.0 Lee Graham - 19.0 Broyhill Crest
Brookfield ,Week5,Hollin Hills,Week2,299.0 Brookfield - 103.0 Hollin Hills
Broyhill Crest,Week5,Hiddenbrook,Week1,303.0 Hiddenbrook - 98.0 Broyhill Crest
Broyhill Crest,Week2,Fox Hunt,Week1,344.0 Fox Hunt - 57.0 Broyhill Crest
Broyhill Crest,Week3,Fox Hunt,Week4,354.0 Fox Hunt - 48.0 Broyhill Crest
Broyhill Crest,Week3,Fox Hunt,Week5,377.0 Fox Hunt - 25.0 Broyhill Crest
Broyhill Crest,Week4,Hiddenbrook,Week3,322.0 Hiddenbrook - 76.0 Broyhill Crest
Broyhill Crest,Week2,Fox Hunt,Week4,349.0 Fox Hunt - 52.0 Broyhill Crest
Brookfield ,Week1,Arlington Forest,Week5,233.0 Arlington Forest - 169.0 Brookfield
Brookfield ,Week1,Arlington Forest,Week2,211.0 Brookfield - 191.0 Arlington Forest
Broyhill Crest,Week4,Hiddenbrook,Week4,317.0 Hiddenbrook - 81.0 Broyhill Crest
Brookfield ,Week5,Hollin Hills,Week5,290.5 Brookfield - 111.5 Hollin Hills
Broyhill Crest,Week1,Lee Graham,Week3,378.0 Lee Graham - 24.0 Broyhill Crest
Broyhill Crest,Week4,Hiddenbrook,Week2,267.0 Hiddenbrook - 133.0 Broyhill Crest
Broyhill Crest,Week2,Cardinal Hill,Week5,371.0 Cardinal Hill - 30.0 Broyhill Crest
Brookfield ,Week2,Arlington Forest,Week4,247.0 Arlington Forest - 155.0 Brookfield
Brookfield ,Week3,Arlington Forest,Week4,245.0 Arlington Forest - 157.0 Brookfield
Broyhill Crest,Week2,Cardinal Hill,Week2,370.0 Cardinal Hill - 31.0 Broyhill Crest
Brookfield ,Week3,Hollin Hills,Week3,306.0 Brookfield - 96.0 Hollin Hills
Brookfield ,Week2,Arlington Forest,Week3,206.0 Arlington Forest - 196.0 Brookfield
Broyhill Crest,Week2,Cardinal Hill,Week3,382.0 Cardinal Hill - 18.0 Broyhill Crest
Broyhill Crest,Week1,Lee Graham,Week5,378.0 Lee Graham - 23.0 Broyhill Crest
Broyhill Crest,Week1,Fox Hunt,Week4,345.0 Fox Hunt - 53.0 Broyhill Crest
Broyhill Crest,Week2,Cardinal Hill,Week4,382.0 Cardinal Hill - 18.0 Broyhill Crest
Broyhill Crest,Week5,Forest Hollow,Week1,338.0 Forest Hollow - 64.0 Broyhill Crest
Brookfield ,Week3,Hollin Hills,Week5,294.0 Brookfield - 108.0 Hollin Hills
Brookfield ,Week3,Arlington Forest,Week3,203.5 Arlington Forest - 197.5 Brookfield
Broyhill Crest,Week5,Canterbury Woods,Week5,284.0 Canterbury Woods - 108.0 Broyhill Crest
Broyhill Crest,Week2,Cardinal Hill,Week1,382.0 Cardinal Hill - 20.0 Broyhill Crest
Broyhill Crest,Week1,Highland Park,Week1,365.0 Highland Park - 36.0 Broyhill Crest
Broyhill Crest,Week2,High Point Pool,Week4,372.0 High Point Pool - 30.0 Broyhill Crest
Brookfield ,Week2,Hollin Meadows,Week4,228.0 Hollin Meadows - 174.0 Brookfield
Broyhill Crest,Week5,Lee Graham,Week4,373.0 Lee Graham - 29.0 Broyhill Crest
Brookfield ,Week3,Arlington Forest,Week2,218.0 Arlington Forest - 184.0 Brookfield
Broyhill Crest,Week3,Fox Hunt,Week2,355.0 Fox Hunt - 43.0 Broyhill Crest
Broyhill Crest,Week5,High Point Pool,Week2,366.0 High Point Pool - 36.0 Broyhill Crest
Brookfield ,Week4,Arlington Forest,Week1,215.0 Arlington Forest - 187.0 Brookfield
Brookfield ,Week1,Hollin Meadows,Week1,216.0 Hollin Meadows - 186.0 Brookfield
Broyhill Crest,Week5,Lee Graham,Week2,379.0 Lee Graham - 23.0 Broyhill Crest
Broyhill Crest,Week4,Fox Hunt,Week2,339.0 Fox Hunt - 58.0 Broyhill Crest
Broyhill Crest,Week4,Lee Graham,Week2,384.0 Lee Graham - 18.0 Broyhill Crest
Broyhill Crest,Week5,Forest Hollow,Week4,342.0 Forest Hollow - 60.0 Broyhill Crest
Brookfield ,Week5,Hollin Hills,Week1,312.0 Brookfield - 90.0 Hollin Hills
Brookfield ,Week3,Hollin Meadows,Week1,236.0 Hollin Meadows - 166.0 Brookfield
Broyhill Crest,Week5,Canterbury Woods,Week3,308.0 Canterbury Woods - 93.0 Broyhill Crest
Broyhill Crest,Week5,High Point Pool,Week4,357.0 High Point Pool - 45.0 Broyhill Crest
Brookfield ,Week4,Hollin Hills,Week4,311.0 Brookfield - 90.0 Hollin Hills
Brookfield ,Week3,Arlington Forest,Week5,250.0 Arlington Forest - 152.0 Brookfield
Broyhill Crest,Week2,Fox Hunt,Week5,368.0 Fox Hunt - 33.0 Broyhill Crest
Broyhill Crest,Week3,Cardinal Hill,Week2,369.0 Cardinal Hill - 27.0 Broyhill Crest
Broyhill Crest,Week4,Fox Hunt,Week5,364.0 Fox Hunt - 37.0 Broyhill Crest
Broyhill Crest,Week5,Lee Graham,Week3,379.0 Lee Graham - 23.0 Broyhill Crest
Broyhill Crest,Week3,Cardinal Hill,Week1,377.5 Cardinal Hill - 24.5 Broyhill Crest
Broyhill Crest,Week2,High Point Pool,Week5,367.0 High Point Pool - 31.0 Broyhill Crest
Brookfield ,Week5,Annandale,Week4,263.0 Brookfield - 139.0 Annandale
Brookfield ,Week3,Arlington Forest,Week1,245.0 Arlington Forest - 157.0 Brookfield
Broyhill Crest,Week4,Lee Graham,Week4,378.0 Lee Graham - 24.0 Broyhill Crest
Broyhill Crest,Week5,High Point Pool,Week3,364.0 High Point Pool - 38.0 Broyhill Crest
Broyhill Crest,Week1,Lincolnia Park,Week1,231.0 Lincolnia Park - 158.0 Broyhill Crest
Brookfield ,Week4,Hollin Meadows,Week1,228.5 Hollin Meadows - 173.5 Brookfield
Broyhill Crest,Week1,Cardinal Hill,Week1,379.0 Cardinal Hill - 23.0 Broyhill Crest
Broyhill Crest,Week4,Cardinal Hill,Week2,362.0 Cardinal Hill - 39.0 Broyhill Crest
Broyhill Crest,Week5,Fox Hunt,Week1,332.0 Fox Hunt - 70.0 Broyhill Crest
Broyhill Crest,Week4,Cardinal Hill,Week1,374.0 Cardinal Hill - 28.0 Broyhill Crest
Broyhill Crest,Week1,High Point Pool,Week4,370.0 High Point Pool - 32.0 Broyhill Crest
Brookfield ,Week1,Arlington Forest,Week3,216.0 Brookfield - 186.0 Arlington Forest
Broyhill Crest,Week5,Hiddenbrook,Week5,324.0 Hiddenbrook - 78.0 Broyhill Crest
Brookfield ,Week3,Hollin Meadows,Week2,212.0 Hollin Meadows - 190.0 Brookfield
Broyhill Crest,Week1,Little Hunting Park,Week1,323.0 Little Hunting Park - 77.0 Broyhill Crest
Broyhill Crest,Week1,High Point Pool,Week5,365.0 High Point Pool - 33.0 Broyhill Crest
Broyhill Crest,Week4,High Point Pool,Week1,347.0 High Point Pool - 55.0 Broyhill Crest
Brookfield ,Week1,Hollin Meadows,Week2,215.0 Brookfield - 187.0 Hollin Meadows
Broyhill Crest,Week5,Fox Hunt,Week3,338.0 Fox Hunt - 64.0 Broyhill Crest
Broyhill Crest,Week1,Lincolnia Park,Week5,252.0 Lincolnia Park - 136.0 Broyhill Crest
Broyhill Crest,Week4,Cardinal Hill,Week4,374.0 Cardinal Hill - 27.0 Broyhill Crest
Brookfield ,Week4,Hollin Hills,Week1,316.0 Brookfield - 86.0 Hollin Hills
Broyhill Crest,Week4,Cardinal Hill,Week5,369.0 Cardinal Hill - 32.0 Broyhill Crest
Brookfield ,Week4,Arlington Forest,Week3,220.0 Brookfield - 182.0 Arlington Forest
Broyhill Crest,Week5,Fox Hunt,Week4,333.0 Fox Hunt - 68.0 Broyhill Crest
Brookfield ,Week4,Hollin Hills,Week3,308.0 Brookfield - 94.0 Hollin Hills
Broyhill Crest,Week3,High Point Pool,Week3,377.0 High Point Pool - 24.0 Broyhill Crest
Brookfield ,Week4,Arlington Forest,Week2,206.0 Arlington Forest - 196.0 Brookfield
Broyhill Crest,Week3,Lincolnia Park,Week3,265.0 Lincolnia Park - 121.0 Broyhill Crest
Broyhill Crest,Week1,Lincolnia Park,Week2,239.0 Lincolnia Park - 152.0 Broyhill Crest
Brookfield ,Week5,Annandale,Week3,257.0 Brookfield - 145.0 Annandale
Broyhill Crest,Week5,Lincolnia Park,Week5,237.0 Lincolnia Park - 151.0 Broyhill Crest
Broyhill Crest,Week1,Fox Mill Estates,Week1,313.0 Fox Mill Estates - 88.0 Broyhill Crest
Brookfield ,Week1,Arlington Forest,Week1,222.0 Arlington Forest - 180.0 Brookfield
Brookfield ,Week2,Arlington Forest,Week1,236.0 Arlington Forest - 166.0 Brookfield
Brookfield ,Week4,Hollin Hills,Week2,306.0 Brookfield - 95.0 Hollin Hills
Broyhill Crest,Week4,Fox Hunt,Week4,345.0 Fox Hunt - 56.0 Broyhill Crest
Broyhill Crest,Week4,Cardinal Hill,Week3,376.0 Cardinal Hill - 25.0 Broyhill Crest
Broyhill Crest,Week1,Little Hunting Park,Week3,319.0 Little Hunting Park - 81.0 Broyhill Crest
Brookfield ,Week5,Hollin Hills,Week4,301.0 Brookfield - 101.0 Hollin Hills
Broyhill Crest,Week3,Cardinal Hill,Week4,381.0 Cardinal Hill - 20.0 Broyhill Crest
Broyhill Crest,Week1,Fox Mill Estates,Week3,335.0 Fox Mill Estates - 66.0 Broyhill Crest
Broyhill Crest,Week5,High Point Pool,Week5,357.0 High Point Pool - 44.0 Broyhill Crest
Broyhill Crest,Week2,Lincolnia Park,Week3,277.0 Lincolnia Park - 115.0 Broyhill Crest
Brookfield ,Week2,Arlington Forest,Week5,251.0 Arlington Forest - 151.0 Brookfield
Brookfield ,Week3,Hollin Meadows,Week4,237.0 Hollin Meadows - 165.0 Brookfield
Broyhill Crest,Week4,High Point Pool,Week5,361.0 High Point Pool - 37.0 Broyhill Crest
Broyhill Crest,Week1,Fox Mill Estates,Week4,341.0 Fox Mill Estates - 60.0 Broyhill Crest
Broyhill Crest,Week3,Lincolnia Park,Week4,259.0 Lincolnia Park - 135.0 Broyhill Crest
Broyhill Crest,Week1,Fox Mill Woods,Week5,374.0 Fox Mill Woods - 28.0 Broyhill Crest
Brookfield ,Week1,Hollin Meadows,Week4,202.0 Brookfield - 200.0 Hollin Meadows
Broyhill Crest,Week2,High Point Pool,Week1,356.0 High Point Pool - 46.0 Broyhill Crest
Broyhill Crest,Week5,Cardinal Hill,Week2,359.0 Cardinal Hill - 43.0 Broyhill Crest
Broyhill Crest,Week4,Lincolnia Park,Week5,261.0 Lincolnia Park - 128.0 Broyhill Crest
Brookfield ,Week4,Arlington Forest,Week4,224.0 Arlington Forest - 178.0 Brookfield
Broyhill Crest,Week5,Lincolnia Park,Week3,236.0 Lincolnia Park - 152.0 Broyhill Crest
Broyhill Crest,Week3,Lincolnia Park,Week2,253.0 Lincolnia Park - 130.0 Broyhill Crest
Brookfield ,Week5,Annandale,Week2,269.0 Brookfield - 133.0 Annandale
Broyhill Crest,Week5,High Point Pool,Week1,345.0 High Point Pool - 57.0 Broyhill Crest
Broyhill Crest,Week5,Hiddenbrook,Week4,307.0 Hiddenbrook - 94.0 Broyhill Crest
Brookfield ,Week2,Hollin Meadows,Week5,261.0 Hollin Meadows - 141.0 Brookfield
Broyhill Crest,Week2,Fox Mill Estates,Week2,316.0 Fox Mill Estates - 84.0 Broyhill Crest
Broyhill Crest,Week3,Cardinal Hill,Week5,372.0 Cardinal Hill - 28.0 Broyhill Crest
Broyhill Crest,Week1,Fox Mill Woods,Week2,377.0 Fox Mill Woods - 25.0 Broyhill Crest
Brookfield ,Week1,Hollin Meadows,Week5,213.0 Hollin Meadows - 189.0 Brookfield
Broyhill Crest,Week4,Lincolnia Park,Week2,229.0 Lincolnia Park - 162.0 Broyhill Crest
Broyhill Crest,Week3,Fox Mill Estates,Week5,338.0 Fox Mill Estates - 63.0 Broyhill Crest
Brookfield ,Week3,Hollin Meadows,Week3,225.0 Hollin Meadows - 177.0 Brookfield
Broyhill Crest,Week1,High Point Pool,Week1,354.0 High Point Pool - 48.0 Broyhill Crest
Broyhill Crest,Week5,Cardinal Hill,Week1,370.0 Cardinal Hill - 32.0 Broyhill Crest
Broyhill Crest,Week4,High Point Pool,Week2,376.0 High Point Pool - 26.0 Broyhill Crest
Broyhill Crest,Week3,Fox Mill Estates,Week4,347.0 Fox Mill Estates - 55.0 Broyhill Crest
Broyhill Crest,Week4,Fox Mill Estates,Week1,307.0 Fox Mill Estates - 95.0 Broyhill Crest
Brookfield ,Week1,Holmes Run Acres,Week1,214.0 Brookfield - 188.0 Holmes Run Acres
Broyhill Crest,Week1,High Point Pool,Week2,372.0 High Point Pool - 30.0 Broyhill Crest
Broyhill Crest,Week2,Lincolnia Park,Week2,256.0 Lincolnia Park - 136.0 Broyhill Crest
Broyhill Crest,Week1,Little Hunting Park,Week2,309.0 Little Hunting Park - 88.0 Broyhill Crest
Broyhill Crest,Week1,High Point Pool,Week3,372.0 High Point Pool - 30.0 Broyhill Crest
Broyhill Crest,Week4,High Point Pool,Week3,371.0 High Point Pool - 31.0 Broyhill Crest
Broyhill Crest,Week2,Lincolnia Park,Week1,242.0 Lincolnia Park - 155.0 Broyhill Crest
Broyhill Crest,Week5,Fox Mill Estates,Week5,321.0 Fox Mill Estates - 81.0 Broyhill Crest
Broyhill Crest,Week3,High Point Pool,Week5,367.0 High Point Pool - 31.0 Broyhill Crest
Broyhill Crest,Week2,Lincolnia Park,Week5,288.0 Lincolnia Park - 103.0 Broyhill Crest
Brookfield ,Week4,Hollin Meadows,Week2,205.0 Hollin Meadows - 197.0 Brookfield
Broyhill Crest,Week5,Lincolnia Park,Week2,211.0 Lincolnia Park - 180.0 Broyhill Crest
Brookfield ,Week3,Hollin Meadows,Week5,261.0 Hollin Meadows - 141.0 Brookfield
Broyhill Crest,Week3,Lincolnia Park,Week1,239.0 Lincolnia Park - 156.0 Broyhill Crest
Brookfield ,Week3,Holmes Run Acres,Week1,208.0 Holmes Run Acres - 194.0 Brookfield
Broyhill Crest,Week2,High Point Pool,Week2,370.0 High Point Pool - 32.0 Broyhill Crest
Broyhill Crest,Week2,High Point Pool,Week3,372.0 High Point Pool - 30.0 Broyhill Crest
Broyhill Crest,Week1,Fox Mill Woods,Week3,373.0 Fox Mill Woods - 28.0 Broyhill Crest
Brookfield ,Week5,Hollin Meadows,Week3,234.0 Hollin Meadows - 168.0 Brookfield
Broyhill Crest,Week3,Lincolnia Park,Week5,269.0 Lincolnia Park - 122.0 Broyhill Crest
Broyhill Crest,Week3,High Point Pool,Week4,373.0 High Point Pool - 29.0 Broyhill Crest
Brookfield ,Week2,Holmes Run Acres,Week1,209.0 Holmes Run Acres - 193.0 Brookfield
Broyhill Crest,Week1,Fox Mill Woods,Week4,373.0 Fox Mill Woods - 29.0 Broyhill Crest
Broyhill Crest,Week2,Fox Mill Estates,Week5,338.0 Fox Mill Estates - 63.0 Broyhill Crest
Broyhill Crest,Week2,Lincolnia Park,Week4,260.0 Lincolnia Park - 137.0 Broyhill Crest
Brookfield ,Week2,Holmes Run Acres,Week4,221.0 Holmes Run Acres - 181.0 Brookfield
Brookfield ,Week3,Holmes Run Acres,Week2,203.0 Holmes Run Acres - 199.0 Brookfield
Broyhill Crest,Week3,High Point Pool,Week1,354.0 High Point Pool - 48.0 Broyhill Crest
Brookfield ,Week1,Holmes Run Acres,Week3,224.0 Holmes Run Acres - 178.0 Brookfield
Broyhill Crest,Week5,Fox Mill Estates,Week4,332.5 Fox Mill Estates - 69.5 Broyhill Crest
Broyhill Crest,Week5,Lincolnia Park,Week1,203.0 Lincolnia Park - 191.0 Broyhill Crest
Broyhill Crest,Week5,Fox Mill Estates,Week2,313.0 Fox Mill Estates - 88.0 Broyhill Crest
Broyhill Crest,Week3,High Point Pool,Week2,373.0 High Point Pool - 29.0 Broyhill Crest
Broyhill Crest,Week4,Fox Mill Estates,Week4,347.5 Fox Mill Estates - 54.5 Broyhill Crest
Brookfield ,Week1,Holmes Run Acres,Week2,215.0 Brookfield - 187.0 Holmes Run Acres
Broyhill Crest,Week1,Little Hunting Park,Week4,309.0 Little Hunting Park - 89.0 Broyhill Crest
Broyhill Crest,Week3,Fox Mill Estates,Week1,315.0 Fox Mill Estates - 87.0 Broyhill Crest
Broyhill Crest,Week3,Fox Mill Estates,Week3,339.0 Fox Mill Estates - 62.0 Broyhill Crest
Brookfield ,Week1,Hunt Valley,Week3,292.0 Hunt Valley - 110.0 Brookfield
Broyhill Crest,Week1,Little Hunting Park,Week5,319.0 Little Hunting Park - 72.0 Broyhill Crest
Broyhill Crest,Week4,High Point Pool,Week4,376.0 High Point Pool - 26.0 Broyhill Crest
Broyhill Crest,Week2,Little Hunting Park,Week2,320.0 Little Hunting Park - 78.0 Broyhill Crest
Brookfield ,Week2,Holmes Run Acres,Week5,258.0 Holmes Run Acres - 144.0 Brookfield
Broyhill Crest,Week4,Fox Mill Estates,Week2,316.0 Fox Mill Estates - 84.0 Broyhill Crest
Broyhill Crest,Week2,Fox Mill Estates,Week3,345.0 Fox Mill Estates - 57.0 Broyhill Crest
Broyhill Crest,Week4,Lincolnia Park,Week4,242.0 Lincolnia Park - 154.0 Broyhill Crest
Broyhill Crest,Week4,Highland Park,Week3,345.0 Highland Park - 57.0 Broyhill Crest
Broyhill Crest,Week2,Highlands Swim,Week2,395.5 Highlands Swim - 6.5 Broyhill Crest
Brookfield ,Week1,Holmes Run Acres,Week4,214.0 Brookfield - 188.0 Holmes Run Acres
Broyhill Crest,Week4,Lincolnia Park,Week3,252.0 Lincolnia Park - 137.0 Broyhill Crest
Broyhill Crest,Week1,Lincolnia Park,Week4,238.0 Lincolnia Park - 153.0 Broyhill Crest
Broyhill Crest,Week4,Highland Park,Week1,369.0 Highland Park - 33.0 Broyhill Crest
Brookfield ,Week5,Hollin Meadows,Week2,204.0 Brookfield - 198.0 Hollin Meadows
Broyhill Crest,Week3,Fox Mill Estates,Week2,318.0 Fox Mill Estates - 83.0 Broyhill Crest
Broyhill Crest,Week3,Highland Park,Week5,367.0 Highland Park - 35.0 Broyhill Crest
Broyhill Crest,Week4,Lincolnia Park,Week1,219.0 Lincolnia Park - 175.0 Broyhill Crest
Broyhill Crest,Week2,Fox Mill Estates,Week4,357.0 Fox Mill Estates - 44.0 Broyhill Crest
Brookfield ,Week3,Holmes Run Acres,Week4,224.0 Holmes Run Acres - 178.0 Brookfield
Brookfield ,Week2,Hunt Valley,Week1,283.0 Hunt Valley - 119.0 Brookfield
Broyhill Crest,Week1,Highlands Swim,Week5,387.0 Highlands Swim - 10.0 Broyhill Crest
Broyhill Crest,Week2,Fox Mill Woods,Week2,384.0 Fox Mill Woods - 18.0 Broyhill Crest
Broyhill Crest,Week1,Highland Park,Week3,342.0 Highland Park - 60.0 Broyhill Crest
Brookfield ,Week5,Hollin Meadows,Week1,228.5 Hollin Meadows - 173.5 Brookfield
Broyhill Crest,Week2,Fox Mill Woods,Week1,381.0 Fox Mill Woods - 21.0 Broyhill Crest
Broyhill Crest,Week1,Highlands Swim,Week2,394.0 Highlands Swim - 8.0 Broyhill Crest
Brookfield ,Week1,Hunt Valley,Week2,274.0 Hunt Valley - 128.0 Brookfield
Broyhill Crest,Week2,Little Hunting Park,Week1,342.0 Little Hunting Park - 58.0 Broyhill Crest
Broyhill Crest,Week5,Lincolnia Park,Week4,205.0 Lincolnia Park - 191.0 Broyhill Crest
Broyhill Crest,Week5,Fox Mill Estates,Week3,316.0 Fox Mill Estates - 85.0 Broyhill Crest
Broyhill Crest,Week1,Highlands Swim,Week3,388.0 Highlands Swim - 14.0 Broyhill Crest
Brookfield ,Week4,Holmes Run Acres,Week5,244.0 Holmes Run Acres - 158.0 Brookfield
Broyhill Crest,Week2,Little Hunting Park,Week3,343.0 Little Hunting Park - 57.0 Broyhill Crest
Broyhill Crest,Week4,Highland Park,Week4,368.0 Highland Park - 34.0 Broyhill Crest
Broyhill Crest,Week3,Highland Park,Week3,361.0 Highland Park - 41.0 Broyhill Crest
Broyhill Crest,Week3,Little Hunting Park,Week1,329.0 Little Hunting Park - 68.0 Broyhill Crest
Brookfield ,Week4,Holmes Run Acres,Week1,201.0 Brookfield - 201.0 Holmes Run Acres
Broyhill Crest,Week5,Little Hunting Park,Week5,294.0 Little Hunting Park - 104.0 Broyhill Crest
Broyhill Crest,Week2,Little Rocky Run,Week3,384.0 Little Rocky Run - 18.0 Broyhill Crest
Broyhill Crest,Week2,Fox Mill Woods,Week3,375.0 Fox Mill Woods - 26.0 Broyhill Crest
Broyhill Crest,Week1,Little Rocky Run,Week4,389.0 Little Rocky Run - 13.0 Broyhill Crest
Broyhill Crest,Week5,Fox Mill Estates,Week1,300.0 Fox Mill Estates - 102.0 Broyhill Crest
Broyhill Crest,Week2,Fox Mill Estates,Week1,316.5 Fox Mill Estates - 84.5 Broyhill Crest
Broyhill Crest,Week1,Highland Park,Week4,358.0 Highland Park - 43.0 Broyhill Crest
Broyhill Crest,Week1,Fox Mill Woods,Week1,377.0 Fox Mill Woods - 25.0 Broyhill Crest
Broyhill Crest,Week3,Little Rocky Run,Week1,380.0 Little Rocky Run - 22.0 Broyhill Crest
Broyhill Crest,Week2,Fox Mill Woods,Week4,380.0 Fox Mill Woods - 22.0 Broyhill Crest
Broyhill Crest,Week3,Highland Park,Week1,376.0 Highland Park - 26.0 Broyhill Crest
Broyhill Crest,Week2,Highland Park,Week4,376.0 Highland Park - 26.0 Broyhill Crest
Broyhill Crest,Week4,Fox Mill Estates,Week3,330.0 Fox Mill Estates - 72.0 Broyhill Crest
Brookfield ,Week4,Holmes Run Acres,Week2,210.0 Brookfield - 192.0 Holmes Run Acres
Brookfield ,Week2,Holmes Run Acres,Week2,212.0 Holmes Run Acres - 190.0 Brookfield
Brookfield ,Week5,Hollin Meadows,Week5,243.5 Hollin Meadows - 158.5 Brookfield
Broyhill Crest,Week2,Little Rocky Run,Week4,391.0 Little Rocky Run - 11.0 Broyhill Crest
Brookfield ,Week5,Hollin Meadows,Week4,237.0 Hollin Meadows - 165.0 Brookfield
Broyhill Crest,Week2,Highland Park,Week5,371.0 Highland Park - 31.0 Broyhill Crest
Brookfield ,Week5,Holmes Run Acres,Week2,216.0 Holmes Run Acres - 186.0 Brookfield
Broyhill Crest,Week4,Fox Mill Estates,Week5,333.0 Fox Mill Estates - 68.0 Broyhill Crest
Broyhill Crest,Week5,Highland Park,Week3,321.0 Highland Park - 76.0 Broyhill Crest
Brookfield ,Week5,Holmes Run Acres,Week3,243.0 Holmes Run Acres - 159.0 Brookfield
Broyhill Crest,Week4,Highland Park,Week2,362.0 Highland Park - 40.0 Broyhill Crest
Broyhill Crest,Week3,Great Falls,Week1,307.0 Great Falls - 90.0 Broyhill Crest
Brookfield ,Week3,Holmes Run Acres,Week3,257.0 Holmes Run Acres - 145.0 Brookfield
Broyhill Crest,Week4,Little Hunting Park,Week2,307.0 Little Hunting Park - 91.0 Broyhill Crest
Brookfield ,Week4,Holmes Run Acres,Week3,240.0 Holmes Run Acres - 162.0 Brookfield
Brookfield ,Week3,Holmes Run Acres,Week5,262.0 Holmes Run Acres - 140.0 Brookfield
Brookfield ,Week5,Holmes Run Acres,Week1,211.0 Holmes Run Acres - 191.0 Brookfield
Broyhill Crest,Week4,Little Hunting Park,Week5,315.0 Little Hunting Park - 78.0 Broyhill Crest
Broyhill Crest,Week2,Great Falls,Week5,320.0 Great Falls - 74.0 Broyhill Crest
Broyhill Crest,Week4,Fox Mill Woods,Week4,373.0 Fox Mill Woods - 29.0 Broyhill Crest
Broyhill Crest,Week3,Highland Park,Week2,372.0 Highland Park - 30.0 Broyhill Crest
Broyhill Crest,Week5,Little Hunting Park,Week1,291.0 Little Hunting Park - 107.0 Broyhill Crest
Broyhill Crest,Week3,Little Hunting Park,Week5,325.0 Little Hunting Park - 67.0 Broyhill Crest
Broyhill Crest,Week5,Highland Park,Week1,347.0 Highland Park - 55.0 Broyhill Crest
Broyhill Crest,Week2,Great Falls,Week1,311.0 Great Falls - 82.0 Broyhill Crest
Broyhill Crest,Week5,Highland Park,Week4,351.0 Highland Park - 51.0 Broyhill Crest
Brookfield ,Week1,Holmes Run Acres,Week5,253.0 Holmes Run Acres - 149.0 Brookfield
Broyhill Crest,Week1,Little Rocky Run,Week2,370.0 Little Rocky Run - 32.0 Broyhill Crest
Broyhill Crest,Week1,Great Falls,Week2,313.0 Great Falls - 60.0 Broyhill Crest
Broyhill Crest,Week2,Fox Mill Woods,Week5,374.0 Fox Mill Woods - 28.0 Broyhill Crest
Broyhill Crest,Week3,Little Hunting Park,Week3,332.0 Little Hunting Park - 68.0 Broyhill Crest
Broyhill Crest,Week5,Little Hunting Park,Week4,285.0 Little Hunting Park - 115.0 Broyhill Crest
Brookfield ,Week4,Holmes Run Acres,Week4,214.0 Brookfield - 188.0 Holmes Run Acres
Brookfield ,Week4,Hollin Meadows,Week5,232.0 Hollin Meadows - 170.0 Brookfield
Broyhill Crest,Week1,Highland Park,Week5,364.0 Highland Park - 38.0 Broyhill Crest
Broyhill Crest,Week4,Highland Park,Week5,365.0 Highland Park - 37.0 Broyhill Crest
Broyhill Crest,Week4,Little Hunting Park,Week4,302.0 Little Hunting Park - 96.0 Broyhill Crest
Brookfield ,Week2,Holmes Run Acres,Week3,255.0 Holmes Run Acres - 147.0 Brookfield
Broyhill Crest,Week5,Little Hunting Park,Week3,290.0 Little Hunting Park - 112.0 Broyhill Crest
Broyhill Crest,Week3,Highland Park,Week4,367.0 Highland Park - 35.0 Broyhill Crest
Broyhill Crest,Week5,Fox Mill Woods,Week1,362.0 Fox Mill Woods - 40.0 Broyhill Crest
Broyhill Crest,Week5,Highland Park,Week2,345.0 Highland Park - 57.0 Broyhill Crest
Broyhill Crest,Week1,Highland Park,Week2,358.5 Highland Park - 43.5 Broyhill Crest
Broyhill Crest,Week3,Great Falls,Week3,350.0 Great Falls - 46.0 Broyhill Crest
Broyhill Crest,Week3,Fox Mill Woods,Week3,382.0 Fox Mill Woods - 20.0 Broyhill Crest
Brookfield ,Week3,Hunt Valley,Week4,298.0 Hunt Valley - 104.0 Brookfield
Brookfield ,Week1,Hunt Valley,Week1,283.0 Hunt Valley - 119.0 Brookfield
Broyhill Crest,Week2,Highland Park,Week1,376.0 Highland Park - 26.0 Broyhill Crest
Brookfield ,Week5,Holmes Run Acres,Week5,255.0 Holmes Run Acres - 147.0 Brookfield
Broyhill Crest,Week5,Highland Park,Week5,352.0 Highland Park - 50.0 Broyhill Crest
Broyhill Crest,Week2,Highlands Swim,Week1,387.0 Highlands Swim - 14.0 Broyhill Crest
Brookfield ,Week4,Hunt Valley,Week3,290.0 Hunt Valley - 112.0 Brookfield
Broyhill Crest,Week2,Highland Park,Week3,361.0 Highland Park - 41.0 Broyhill Crest
Brookfield ,Week5,Holmes Run Acres,Week4,217.5 Holmes Run Acres - 184.5 Brookfield
Brookfield ,Week5,Hunt Valley,Week2,278.0 Hunt Valley - 124.0 Brookfield
Brookfield ,Week3,Hunt Valley,Week1,310.0 Hunt Valley - 92.0 Brookfield
Broyhill Crest,Week4,Little Hunting Park,Week3,315.0 Little Hunting Park - 86.0 Broyhill Crest
Broyhill Crest,Week5,Fox Mill Woods,Week5,362.0 Fox Mill Woods - 40.0 Broyhill Crest
Brookfield ,Week1,Hunt Valley,Week4,285.0 Hunt Valley - 117.0 Brookfield
Broyhill Crest,Week5,Little Hunting Park,Week2,291.0 Little Hunting Park - 109.0 Broyhill Crest
Broyhill Crest,Week3,Fox Mill Woods,Week2,385.0 Fox Mill Woods - 17.0 Broyhill Crest
Broyhill Crest,Week1,Highlands Swim,Week4,383.0 Highlands Swim - 18.0 Broyhill Crest
Broyhill Crest,Week5,Fox Mill Woods,Week3,362.0 Fox Mill Woods - 40.0 Broyhill Crest
Broyhill Crest,Week2,Little Hunting Park,Week5,324.0 Little Hunting Park - 68.0 Broyhill Crest
Broyhill Crest,Week1,Little Rocky Run,Week5,388.0 Little Rocky Run - 14.0 Broyhill Crest
Broyhill Crest,Week2,Highland Park,Week2,380.0 Highland Park - 22.0 Broyhill Crest
Broyhill Crest,Week4,Fox Mill Woods,Week2,374.0 Fox Mill Woods - 28.0 Broyhill Crest
Broyhill Crest,Week1,Highlands Swim,Week1,390.0 Highlands Swim - 11.0 Broyhill Crest
Broyhill Crest,Week1,Hollin Hills,Week3,262.0 Hollin Hills - 129.0 Broyhill Crest
Broyhill Crest,Week5,Fox Mill Woods,Week2,367.0 Fox Mill Woods - 35.0 Broyhill Crest
Broyhill Crest,Week1,Great Falls,Week4,295.0 Great Falls - 90.0 Broyhill Crest
Brookfield ,Week1,Hunt Valley,Week5,310.0 Hunt Valley - 92.0 Brookfield
Broyhill Crest,Week1,Little Rocky Run,Week3,385.0 Little Rocky Run - 16.0 Broyhill Crest
Broyhill Crest,Week3,Little Hunting Park,Week2,319.0 Little Hunting Park - 77.0 Broyhill Crest
Broyhill Crest,Week1,Great Falls,Week1,315.0 Great Falls - 73.0 Broyhill Crest
Broyhill Crest,Week4,Little Hunting Park,Week1,312.0 Little Hunting Park - 88.0 Broyhill Crest
Broyhill Crest,Week3,Fox Mill Woods,Week5,377.0 Fox Mill Woods - 25.0 Broyhill Crest
Broyhill Crest,Week3,Fox Mill Woods,Week1,382.0 Fox Mill Woods - 20.0 Broyhill Crest
Broyhill Crest,Week5,Highlands Swim,Week4,381.0 Highlands Swim - 21.0 Broyhill Crest
Broyhill Crest,Week2,Little Hunting Park,Week4,320.0 Little Hunting Park - 78.0 Broyhill Crest
Broyhill Crest,Week2,Little Rocky Run,Week2,381.0 Little Rocky Run - 21.0 Broyhill Crest
Broyhill Crest,Week2,Little Rocky Run,Week1,380.0 Little Rocky Run - 22.0 Broyhill Crest
Broyhill Crest,Week1,Little Rocky Run,Week1,381.0 Little Rocky Run - 21.0 Broyhill Crest
Brookfield ,Week3,Rolling Valley,Week1,313.0 Brookfield - 89.0 Rolling Valley
Broyhill Crest,Week1,Great Falls,Week5,315.0 Great Falls - 77.0 Broyhill Crest
Broyhill Crest,Week4,Fox Mill Woods,Week3,367.0 Fox Mill Woods - 35.0 Broyhill Crest
Brookfield ,Week2,Hunt Valley,Week3,297.0 Hunt Valley - 105.0 Brookfield
Broyhill Crest,Week2,Great Falls,Week2,313.0 Great Falls - 66.0 Broyhill Crest
Broyhill Crest,Week4,Fox Mill Woods,Week5,367.0 Fox Mill Woods - 35.0 Broyhill Crest
Broyhill Crest,Week2,Little Rocky Run,Week5,389.0 Little Rocky Run - 13.0 Broyhill Crest
Broyhill Crest,Week3,Little Hunting Park,Week4,328.0 Little Hunting Park - 69.0 Broyhill Crest
Broyhill Crest,Week2,Hollin Hills,Week1,231.0 Hollin Hills - 164.0 Broyhill Crest
Brookfield ,Week2,Rolling Valley,Week5,273.0 Brookfield - 129.0 Rolling Valley
Brookfield ,Week1,Hunter Mill,Week1,245.0 Hunter Mill - 157.0 Brookfield
Broyhill Crest,Week5,Fox Mill Woods,Week4,369.0 Fox Mill Woods - 33.0 Broyhill Crest
Broyhill Crest,Week2,Hollin Hills,Week5,249.0 Hollin Hills - 138.0 Broyhill Crest
Broyhill Crest,Week3,Highlands Swim,Week3,389.0 Highlands Swim - 13.0 Broyhill Crest
Broyhill Crest,Week2,Great Falls,Week4,308.0 Great Falls - 88.0 Broyhill Crest
Brookfield ,Week5,Hunt Valley,Week3,292.0 Hunt Valley - 110.0 Brookfield
Broyhill Crest,Week5,Little Rocky Run,Week5,386.0 Little Rocky Run - 16.0 Broyhill Crest
Brookfield ,Week5,Hunt Valley,Week4,285.5 Hunt Valley - 116.5 Brookfield
Broyhill Crest,Week3,Little Rocky Run,Week3,386.0 Little Rocky Run - 16.0 Broyhill Crest
Brookfield ,Week5,Rolling Hills,Week4,231.0 Brookfield - 166.0 Rolling Hills
Broyhill Crest,Week1,Hollin Hills,Week1,229.0 Hollin Hills - 154.0 Broyhill Crest
Broyhill Crest,Week3,Highlands Swim,Week2,394.0 Highlands Swim - 8.0 Broyhill Crest
Brookfield ,Week1,Hunter Mill,Week2,246.0 Hunter Mill - 156.0 Brookfield
Brookfield ,Week5,Rolling Valley,Week2,282.0 Brookfield - 120.0 Rolling Valley
Brookfield ,Week5,Hunt Valley,Week5,307.5 Hunt Valley - 94.5 Brookfield
Broyhill Crest,Week3,Fox Mill Woods,Week4,380.0 Fox Mill Woods - 22.0 Broyhill Crest
Brookfield ,Week1,Hunter Mill,Week3,258.0 Hunter Mill - 144.0 Brookfield
Broyhill Crest,Week3,Long Branch,Week2,325.0 Long Branch - 76.0 Broyhill Crest
Brookfield ,Week3,Hunt Valley,Week3,312.0 Hunt Valley - 90.0 Brookfield
Broyhill Crest,Week3,Highlands Swim,Week4,392.0 Highlands Swim - 9.0 Broyhill Crest
Brookfield ,Week1,Rolling Valley,Week5,280.0 Brookfield - 122.0 Rolling Valley
Broyhill Crest,Week3,Great Falls,Week2,309.0 Great Falls - 71.0 Broyhill Crest
Broyhill Crest,Week1,Greenbriar,Week1,346.0 Greenbriar - 56.0 Broyhill Crest
Brookfield ,Week4,Rolling Valley,Week2,314.0 Brookfield - 88.0 Rolling Valley
Broyhill Crest,Week5,Little Rocky Run,Week4,383.0 Little Rocky Run - 19.0 Broyhill Crest
Brookfield ,Week2,Hunter Mill,Week1,258.0 Hunter Mill - 144.0 Brookfield
Broyhill Crest,Week3,Long Branch,Week4,335.0 Long Branch - 67.0 Broyhill Crest
Brookfield ,Week3,Hunt Valley,Week2,295.0 Hunt Valley - 107.0 Brookfield
Brookfield ,Week2,Rutherford,Week1,254.0 Brookfield - 148.0 Rutherford
Broyhill Crest,Week3,Highlands Swim,Week5,386.0 Highlands Swim - 16.0 Broyhill Crest
Brookfield ,Week1,Hunter Mill,Week4,257.0 Hunter Mill - 145.0 Brookfield
Broyhill Crest,Week3,Great Falls,Week5,314.0 Great Falls - 79.0 Broyhill Crest
Broyhill Crest,Week2,Great Falls,Week3,351.0 Great Falls - 48.0 Broyhill Crest
Broyhill Crest,Week4,Fox Mill Woods,Week1,366.0 Fox Mill Woods - 36.0 Broyhill Crest
Broyhill Crest,Week1,Hollin Hills,Week4,240.0 Hollin Hills - 146.0 Broyhill Crest
Brookfield ,Week2,Hunt Valley,Week5,308.0 Hunt Valley - 94.0 Brookfield
Broyhill Crest,Week2,Hollin Hills,Week2,236.0 Hollin Hills - 155.0 Broyhill Crest
Brookfield ,Week3,Rolling Valley,Week4,266.0 Brookfield - 136.0 Rolling Valley
Brookfield ,Week1,Rutherford,Week2,276.0 Brookfield - 126.0 Rutherford
Broyhill Crest,Week2,Hollin Hills,Week4,260.0 Hollin Hills - 134.0 Broyhill Crest
Broyhill Crest,Week4,Long Branch,Week2,313.0 Long Branch - 89.0 Broyhill Crest
Broyhill Crest,Week4,Little Rocky Run,Week4,385.0 Little Rocky Run - 17.0 Broyhill Crest
Broyhill Crest,Week2,Highlands Swim,Week4,387.0 Highlands Swim - 14.0 Broyhill Crest
Broyhill Crest,Week3,Hollin Hills,Week3,255.5 Hollin Hills - 145.5 Broyhill Crest
Brookfield ,Week4,Hunt Valley,Week4,279.0 Hunt Valley - 123.0 Brookfield
Brookfield ,Week1,Rutherford,Week4,258.0 Brookfield - 144.0 Rutherford
Broyhill Crest,Week1,Great Falls,Week3,342.0 Great Falls - 58.0 Broyhill Crest
Broyhill Crest,Week1,Greenbriar,Week2,355.0 Greenbriar - 47.0 Broyhill Crest
Broyhill Crest,Week3,Hollin Hills,Week1,244.0 Hollin Hills - 156.0 Broyhill Crest
Broyhill Crest,Week1,Long Branch,Week5,325.0 Long Branch - 77.0 Broyhill Crest
Brookfield ,Week5,Rolling Valley,Week4,281.0 Brookfield - 121.0 Rolling Valley
Broyhill Crest,Week4,Long Branch,Week5,325.0 Long Branch - 77.0 Broyhill Crest
Brookfield ,Week2,Hunter Mill,Week3,276.0 Hunter Mill - 126.0 Brookfield
Brookfield ,Week4,Hunt Valley,Week5,307.0 Hunt Valley - 95.0 Brookfield
Broyhill Crest,Week2,Greenbriar,Week3,363.0 Greenbriar - 39.0 Broyhill Crest
Brookfield ,Week1,Rutherford,Week1,269.0 Brookfield - 133.0 Rutherford
Broyhill Crest,Week4,Greenbriar,Week4,341.0 Greenbriar - 61.0 Broyhill Crest
Brookfield ,Week2,Hunter Mill,Week2,255.0 Hunter Mill - 147.0 Brookfield
Brookfield ,Week2,Hunt Valley,Week2,292.0 Hunt Valley - 110.0 Brookfield
Broyhill Crest,Week4,Little Rocky Run,Week5,387.0 Little Rocky Run - 15.0 Broyhill Crest
Broyhill Crest,Week1,Long Branch,Week3,309.0 Long Branch - 88.0 Broyhill Crest
Broyhill Crest,Week3,Highlands Swim,Week1,393.0 Highlands Swim - 8.0 Broyhill Crest
Brookfield ,Week1,Rolling Valley,Week2,295.0 Brookfield - 107.0 Rolling Valley
Brookfield ,Week2,Rolling Valley,Week2,285.0 Brookfield - 117.0 Rolling Valley
Broyhill Crest,Week5,Greenbriar,Week1,334.0 Greenbriar - 68.0 Broyhill Crest
Broyhill Crest,Week3,Long Branch,Week5,336.5 Long Branch - 64.5 Broyhill Crest
Brookfield ,Week2,Hunt Valley,Week4,295.0 Hunt Valley - 107.0 Brookfield
Broyhill Crest,Week3,Little Rocky Run,Week2,391.0 Little Rocky Run - 11.0 Broyhill Crest
Brookfield ,Week1,Rolling Valley,Week1,321.0 Brookfield - 81.0 Rolling Valley
Brookfield ,Week2,Rolling Valley,Week1,318.0 Brookfield - 84.0 Rolling Valley
Broyhill Crest,Week2,Highlands Swim,Week5,387.0 Highlands Swim - 15.0 Broyhill Crest
Broyhill Crest,Week4,Highlands Swim,Week1,386.0 Highlands Swim - 15.0 Broyhill Crest
Broyhill Crest,Week4,Highlands Swim,Week4,387.0 Highlands Swim - 14.0 Broyhill Crest
Broyhill Crest,Week4,Highlands Swim,Week3,390.0 Highlands Swim - 12.0 Broyhill Crest
Broyhill Crest,Week3,Little Rocky Run,Week5,386.0 Little Rocky Run - 11.0 Broyhill Crest
Broyhill Crest,Week4,Greenbriar,Week2,347.0 Greenbriar - 55.0 Broyhill Crest
Broyhill Crest,Week4,Highlands Swim,Week2,392.0 Highlands Swim - 10.0 Broyhill Crest
Broyhill Crest,Week4,Highlands Swim,Week5,384.0 Highlands Swim - 18.0 Broyhill Crest
Broyhill Crest,Week5,Little Rocky Run,Week1,370.0 Little Rocky Run - 32.0 Broyhill Crest
Brookfield ,Week4,Hunt Valley,Week1,267.5 Hunt Valley - 134.5 Brookfield
Broyhill Crest,Week5,Great Falls,Week1,309.0 Great Falls - 88.0 Broyhill Crest
Broyhill Crest,Week1,Greenbriar,Week5,346.0 Greenbriar - 54.0 Broyhill Crest
Brookfield ,Week1,Hunter Mill,Week5,256.0 Hunter Mill - 146.0 Brookfield
Broyhill Crest,Week1,Long Branch,Week4,321.0 Long Branch - 81.0 Broyhill Crest
Brookfield ,Week5,Rolling Valley,Week5,272.0 Brookfield - 130.0 Rolling Valley
Brookfield ,Week4,Hunt Valley,Week2,277.5 Hunt Valley - 124.5 Brookfield
Brookfield ,Week5,Rolling Hills,Week5,215.0 Brookfield - 187.0 Rolling Hills
Broyhill Crest,Week3,Greenbriar,Week5,349.0 Greenbriar - 52.0 Broyhill Crest
Brookfield ,Week5,Hunt Valley,Week1,279.0 Hunt Valley - 123.0 Brookfield
Broyhill Crest,Week4,Great Falls,Week2,310.0 Great Falls - 70.0 Broyhill Crest
Brookfield ,Week3,Rolling Valley,Week3,268.0 Brookfield - 134.0 Rolling Valley
Brookfield ,Week3,Hunt Valley,Week5,324.0 Hunt Valley - 78.0 Brookfield
Broyhill Crest,Week5,Great Falls,Week2,309.0 Great Falls - 74.0 Broyhill Crest
Broyhill Crest,Week4,Little Rocky Run,Week1,375.0 Little Rocky Run - 27.0 Broyhill Crest
Broyhill Crest,Week3,Great Falls,Week4,315.0 Great Falls - 77.0 Broyhill Crest
Brookfield ,Week2,Rolling Valley,Week4,269.0 Brookfield - 133.0 Rolling Valley
Broyhill Crest,Week5,Little Rocky Run,Week2,367.0 Little Rocky Run - 35.0 Broyhill Crest
Broyhill Crest,Week5,Highlands Swim,Week1,384.0 Highlands Swim - 18.0 Broyhill Crest
Broyhill Crest,Week5,Little Rocky Run,Week3,381.5 Little Rocky Run - 20.5 Broyhill Crest
Broyhill Crest,Week1,Long Branch,Week2,321.0 Long Branch - 80.0 Broyhill Crest
Broyhill Crest,Week3,Little Rocky Run,Week4,389.0 Little Rocky Run - 13.0 Broyhill Crest
Brookfield ,Week1,Ilda Community,Week4,267.0 Brookfield - 135.0 Ilda Community
Brookfield ,Week3,Hunter Mill,Week5,274.0 Hunter Mill - 128.0 Brookfield
Brookfield ,Week5,Hunter Mill,Week2,255.0 Hunter Mill - 147.0 Brookfield
Brookfield ,Week3,Rolling Valley,Week2,282.0 Brookfield - 120.0 Rolling Valley
Broyhill Crest,Week5,Great Falls,Week3,338.0 Great Falls - 64.0 Broyhill Crest
Broyhill Crest,Week5,Highlands Swim,Week5,384.0 Highlands Swim - 18.0 Broyhill Crest
Broyhill Crest,Week5,Highlands Swim,Week3,384.0 Highlands Swim - 18.0 Broyhill Crest
Brookfield ,Week4,Rolling Valley,Week1,328.0 Brookfield - 74.0 Rolling Valley
Brookfield ,Week3,Rolling Valley,Week5,270.0 Brookfield - 132.0 Rolling Valley
Broyhill Crest,Week2,Highlands Swim,Week3,386.0 Highlands Swim - 16.0 Broyhill Crest
Broyhill Crest,Week3,Greenbriar,Week3,361.0 Greenbriar - 41.0 Broyhill Crest
Broyhill Crest,Week5,Highlands Swim,Week2,388.0 Highlands Swim - 14.0 Broyhill Crest
Broyhill Crest,Week2,Long Branch,Week1,318.0 Long Branch - 82.0 Broyhill Crest
Brookfield ,Week2,Rolling Valley,Week3,280.0 Brookfield - 122.0 Rolling Valley
Broyhill Crest,Week2,Long Branch,Week3,318.0 Long Branch - 80.0 Broyhill Crest
Broyhill Crest,Week2,Hollin Hills,Week3,267.0 Hollin Hills - 129.0 Broyhill Crest
Brookfield ,Week3,Ilda Community,Week4,244.0 Brookfield - 158.0 Ilda Community
Broyhill Crest,Week3,Hollin Hills,Week2,241.0 Hollin Hills - 157.0 Broyhill Crest
Brookfield ,Week4,Rolling Valley,Week4,296.0 Brookfield - 106.0 Rolling Valley
Broyhill Crest,Week1,Hollin Hills,Week2,225.0 Hollin Hills - 155.0 Broyhill Crest
Brookfield ,Week2,Hunter Mill,Week4,269.0 Hunter Mill - 133.0 Brookfield
Bren Mar-Edsall Park,Week1,Village West,Week3,323.0 Village West - 79.0 Bren Mar-Edsall Park
Broyhill Crest,Week4,Great Falls,Week1,310.0 Great Falls - 84.0 Broyhill Crest
Broyhill Crest,Week2,Long Branch,Week4,329.0 Long Branch - 73.0 Broyhill Crest
Broyhill Crest,Week1,Hollin Hills,Week5,231.0 Hollin Hills - 149.0 Broyhill Crest
Brookfield ,Week1,Rolling Valley,Week4,283.0 Brookfield - 119.0 Rolling Valley
Broyhill Crest,Week1,Long Branch,Week1,308.0 Long Branch - 90.0 Broyhill Crest
Brookfield ,Week1,Ilda Community,Week2,279.0 Brookfield - 123.0 Ilda Community
Bren Mar-Edsall Park,Week1,Village West,Week5,309.0 Village West - 92.0 Bren Mar-Edsall Park
Broyhill Crest,Week4,Great Falls,Week3,347.0 Great Falls - 54.0 Broyhill Crest
Broyhill Crest,Week2,Long Branch,Week2,323.0 Long Branch - 79.0 Broyhill Crest
Broyhill Crest,Week3,Hollin Hills,Week4,266.0 Hollin Hills - 131.0 Broyhill Crest
Broyhill Crest,Week3,Greenbriar,Week2,363.0 Greenbriar - 39.0 Broyhill Crest
Broyhill Crest,Week5,Great Falls,Week4,297.0 Great Falls - 94.0 Broyhill Crest
Broyhill Crest,Week5,Hollin Hills,Week2,200.0 Hollin Hills - 192.0 Broyhill Crest
Broyhill Crest,Week2,Greenbriar,Week1,360.0 Greenbriar - 42.0 Broyhill Crest
Brookfield ,Week1,Rolling Valley,Week3,288.0 Brookfield - 114.0 Rolling Valley
Broyhill Crest,Week4,Little Rocky Run,Week2,378.0 Little Rocky Run - 24.0 Broyhill Crest
Brookfield ,Week4,Rolling Valley,Week3,304.0 Brookfield - 98.0 Rolling Valley
Broyhill Crest,Week1,Greenbriar,Week4,338.0 Greenbriar - 64.0 Broyhill Crest
Brookfield ,Week2,Hunter Mill,Week5,294.0 Hunter Mill - 108.0 Brookfield
Broyhill Crest,Week5,Great Falls,Week5,312.0 Great Falls - 88.0 Broyhill Crest
Broyhill Crest,Week3,Hollin Hills,Week5,251.0 Hollin Hills - 140.0 Broyhill Crest
Brookfield ,Week3,Hunter Mill,Week1,257.0 Hunter Mill - 145.0 Brookfield
Bren Mar-Edsall Park,Week5,Villa Aquatic,Week2,342.0 Villa Aquatic - 60.0 Bren Mar-Edsall Park
Broyhill Crest,Week4,Little Rocky Run,Week3,380.0 Little Rocky Run - 22.0 Broyhill Crest
Brookfield ,Week4,Rolling Valley,Week5,288.0 Brookfield - 114.0 Rolling Valley
Brookfield ,Week5,Rolling Valley,Week1,311.0 Brookfield - 91.0 Rolling Valley
Brookfield ,Week5,Hunter Mill,Week3,269.0 Hunter Mill - 133.0 Brookfield
Bren Mar-Edsall Park,Week4,Village West,Week1,298.0 Village West - 104.0 Bren Mar-Edsall Park
Brookfield ,Week3,Hunter Mill,Week3,273.5 Hunter Mill - 128.5 Brookfield
Brookfield ,Week1,Rutherford,Week3,252.0 Brookfield - 150.0 Rutherford
Broyhill Crest,Week1,Hollin Meadows,Week4,356.0 Hollin Meadows - 46.0 Broyhill Crest
Broyhill Crest,Week1,Greenbriar,Week3,353.0 Greenbriar - 48.0 Broyhill Crest
Broyhill Crest,Week3,Long Branch,Week1,308.0 Long Branch - 87.0 Broyhill Crest
Broyhill Crest,Week4,Hollin Meadows,Week3,353.0 Hollin Meadows - 45.0 Broyhill Crest
Brookfield ,Week5,Rolling Valley,Week3,273.0 Brookfield - 124.0 Rolling Valley
Broyhill Crest,Week2,Greenbriar,Week5,350.0 Greenbriar - 50.0 Broyhill Crest
Brookfield ,Week4,Rutherford,Week2,273.0 Brookfield - 129.0 Rutherford
Bren Mar-Edsall Park,Week4,Village West,Week5,292.0 Village West - 110.0 Bren Mar-Edsall Park
Brookfield ,Week3,Hunter Mill,Week4,270.0 Hunter Mill - 132.0 Brookfield
Broyhill Crest,Week2,Long Branch,Week5,346.0 Long Branch - 56.0 Broyhill Crest
Broyhill Crest,Week2,Greenbriar,Week4,357.0 Greenbriar - 45.0 Broyhill Crest
Broyhill Crest,Week2,Greenbriar,Week2,367.0 Greenbriar - 35.0 Broyhill Crest
Broyhill Crest,Week4,Hollin Hills,Week1,224.0 Hollin Hills - 173.0 Broyhill Crest
Bren Mar-Edsall Park,Week4,Village West,Week3,315.0 Village West - 87.0 Bren Mar-Edsall Park
Bren Mar-Edsall Park,Week1,Village West,Week1,323.0 Village West - 78.0 Bren Mar-Edsall Park
Bren Mar-Edsall Park,Week2,Village West,Week5,318.5 Village West - 81.5 Bren Mar-Edsall Park
Bren Mar-Edsall Park,Week4,Village West,Week4,293.0 Village West - 103.0 Bren Mar-Edsall Park
Brookfield ,Week4,Hunter Mill,Week1,254.0 Hunter Mill - 148.0 Brookfield
Brookfield ,Week1,Rutherford,Week5,262.0 Brookfield - 140.0 Rutherford
Brookfield ,Week2,Ilda Community,Week1,263.0 Brookfield - 139.0 Ilda Community
Broyhill Crest,Week4,Long Branch,Week3,305.0 Long Branch - 93.0 Broyhill Crest
Broyhill Crest,Week2,Hollin Meadows,Week3,359.0 Hollin Meadows - 39.0 Broyhill Crest
Broyhill Crest,Week4,Hollin Hills,Week2,223.0 Hollin Hills - 168.0 Broyhill Crest
Brookfield ,Week5,Hunter Mill,Week1,261.5 Hunter Mill - 140.5 Brookfield
Broyhill Crest,Week3,Long Branch,Week3,313.0 Long Branch - 85.0 Broyhill Crest
Brookfield ,Week5,Rutherford,Week5,234.0 Brookfield - 168.0 Rutherford
Bren Mar-Edsall Park,Week4,Villa Aquatic,Week4,355.0 Villa Aquatic - 47.0 Bren Mar-Edsall Park
Brookfield ,Week2,Rutherford,Week3,237.0 Brookfield - 165.0 Rutherford
Broyhill Crest,Week4,Hollin Hills,Week4,258.0 Hollin Hills - 137.0 Broyhill Crest
Broyhill Crest,Week4,Long Branch,Week4,316.0 Long Branch - 86.0 Broyhill Crest
Broyhill Crest,Week4,Great Falls,Week4,311.0 Great Falls - 82.0 Broyhill Crest
Bren Mar-Edsall Park,Week5,Village West,Week1,297.0 Village West - 105.0 Bren Mar-Edsall Park
Broyhill Crest,Week4,Great Falls,Week5,320.0 Great Falls - 76.0 Broyhill Crest
Broyhill Crest,Week4,Long Branch,Week1,297.0 Long Branch - 104.0 Broyhill Crest
Brookfield ,Week4,Hunter Mill,Week5,270.0 Hunter Mill - 132.0 Brookfield
Broyhill Crest,Week3,Greenbriar,Week1,355.0 Greenbriar - 47.0 Broyhill Crest
Broyhill Crest,Week5,Long Branch,Week1,285.0 Long Branch - 111.0 Broyhill Crest
Brookfield ,Week4,Rutherford,Week5,243.0 Brookfield - 159.0 Rutherford
Broyhill Crest,Week4,Greenbriar,Week3,348.0 Greenbriar - 54.0 Broyhill Crest
Bren Mar-Edsall Park,Week5,Village West,Week2,296.0 Village West - 105.0 Bren Mar-Edsall Park
Bren Mar-Edsall Park,Week4,Villa Aquatic,Week5,361.0 Villa Aquatic - 41.0 Bren Mar-Edsall Park
Brookfield ,Week3,Rutherford,Week1,261.0 Brookfield - 140.0 Rutherford
Broyhill Crest,Week5,Mansion House,Week3,344.0 Mansion House - 58.0 Broyhill Crest
Bren Mar-Edsall Park,Week3,Village West,Week5,305.0 Village West - 97.0 Bren Mar-Edsall Park
Brookfield ,Week2,Ilda Community,Week3,260.0 Brookfield - 142.0 Ilda Community
Broyhill Crest,Week3,Greenbriar,Week4,350.0 Greenbriar - 52.0 Broyhill Crest
Brookfield ,Week1,Ilda Community,Week5,278.0 Brookfield - 124.0 Ilda Community
Brookfield ,Week5,Hunter Mill,Week5,256.0 Hunter Mill - 146.0 Brookfield
Bren Mar-Edsall Park,Week1,Village West,Week4,323.0 Village West - 72.0 Bren Mar-Edsall Park
Broyhill Crest,Week4,Greenbriar,Week1,344.0 Greenbriar - 58.0 Broyhill Crest
Bren Mar-Edsall Park,Week5,Villa Aquatic,Week4,352.0 Villa Aquatic - 50.0 Bren Mar-Edsall Park
Broyhill Crest,Week4,Hollin Hills,Week3,255.0 Hollin Hills - 143.0 Broyhill Crest
Broyhill Crest,Week2,Mansion House,Week1,360.0 Mansion House - 42.0 Broyhill Crest
Broyhill Crest,Week3,Hollin Meadows,Week1,358.0 Hollin Meadows - 44.0 Broyhill Crest
Broyhill Crest,Week2,Hollin Meadows,Week4,356.0 Hollin Meadows - 46.0 Broyhill Crest
Brookfield ,Week5,Rutherford,Week3,249.0 Brookfield - 148.0 Rutherford
Broyhill Crest,Week5,Mansion House,Week5,357.0 Mansion House - 45.0 Broyhill Crest
Brookfield ,Week4,Hunter Mill,Week2,243.0 Hunter Mill - 159.0 Brookfield
Brookfield ,Week1,Shouse Village,Week3,212.0 Shouse Village - 190.0 Brookfield
Broyhill Crest,Week3,Hollin Meadows,Week2,352.0 Hollin Meadows - 49.0 Broyhill Crest
Brookfield ,Week4,Rutherford,Week4,251.0 Brookfield - 151.0 Rutherford
Brookfield ,Week5,Hunter Mill,Week4,259.0 Hunter Mill - 143.0 Brookfield
Brookfield ,Week4,Hunter Mill,Week4,246.0 Hunter Mill - 156.0 Brookfield
Brookfield ,Week3,Rutherford,Week4,229.0 Brookfield - 173.0 Rutherford
Bren Mar-Edsall Park,Week3,Village West,Week1,308.0 Village West - 94.0 Bren Mar-Edsall Park
Broyhill Crest,Week2,Country Club Hills,Week1,335.0 Country Club Hills - 67.0 Broyhill Crest
Broyhill Crest,Week4,Mansion House,Week3,357.0 Mansion House - 45.0 Broyhill Crest
Brookfield ,Week2,Shouse Village,Week4,237.0 Shouse Village - 165.0 Brookfield
Broyhill Crest,Week4,Greenbriar,Week5,339.0 Greenbriar - 63.0 Broyhill Crest
Broyhill Crest,Week3,Country Club Hills,Week4,341.0 Country Club Hills - 61.0 Broyhill Crest
Broyhill Crest,Week5,Greenbriar,Week3,349.0 Greenbriar - 53.0 Broyhill Crest
Bren Mar-Edsall Park,Week5,Villa Aquatic,Week5,363.0 Villa Aquatic - 39.0 Bren Mar-Edsall Park
Brookfield ,Week1,Ilda Community,Week1,288.0 Brookfield - 114.0 Ilda Community
Brookfield ,Week2,Ilda Community,Week5,255.0 Brookfield - 147.0 Ilda Community
Brookfield ,Week5,Lee Graham,Week5,291.0 Lee Graham - 111.0 Brookfield
Brookfield ,Week5,Lincolnia Park,Week1,309.0 Brookfield - 93.0 Lincolnia Park
Brookfield ,Week3,Rutherford,Week2,248.0 Brookfield - 153.0 Rutherford
Broyhill Crest,Week3,Hollin Meadows,Week4,361.0 Hollin Meadows - 41.0 Broyhill Crest
Broyhill Crest,Week3,Mansion House,Week2,355.0 Mansion House - 41.0 Broyhill Crest
Broyhill Crest,Week3,Hollin Meadows,Week3,360.0 Hollin Meadows - 38.0 Broyhill Crest
Broyhill Crest,Week5,Hollin Hills,Week3,226.0 Hollin Hills - 173.0 Broyhill Crest
Broyhill Crest,Week2,Hollin Meadows,Week5,371.0 Hollin Meadows - 31.0 Broyhill Crest
Brookfield ,Week1,Little Hunting Park,Week1,268.0 Brookfield - 134.0 Little Hunting Park
Broyhill Crest,Week2,Mansion House,Week5,373.0 Mansion House - 29.0 Broyhill Crest
Bren Mar-Edsall Park,Week5,Villa Aquatic,Week3,362.0 Villa Aquatic - 40.0 Bren Mar-Edsall Park
Broyhill Crest,Week2,Mansion House,Week3,366.0 Mansion House - 35.0 Broyhill Crest
Bren Mar-Edsall Park,Week3,Village West,Week3,316.0 Village West - 86.0 Bren Mar-Edsall Park
Broyhill Crest,Week4,Mansion House,Week5,364.0 Mansion House - 38.0 Broyhill Crest
Brookfield ,Week4,Hunter Mill,Week3,253.0 Hunter Mill - 149.0 Brookfield
Brookfield ,Week2,Lincolnia Park,Week4,301.0 Brookfield - 101.0 Lincolnia Park
Bren Mar-Edsall Park,Week4,Village West,Week2,301.0 Village West - 100.0 Bren Mar-Edsall Park
Broyhill Crest,Week5,Greenbriar,Week2,349.0 Greenbriar - 52.0 Broyhill Crest
Bren Mar-Edsall Park,Week2,Village West,Week2,319.0 Village West - 81.0 Bren Mar-Edsall Park
Brookfield ,Week3,Shouse Village,Week1,218.0 Shouse Village - 184.0 Brookfield
Brookfield ,Week1,Shouse Village,Week4,220.0 Shouse Village - 182.0 Brookfield
Brookfield ,Week3,Ilda Community,Week1,257.0 Brookfield - 145.0 Ilda Community
Brookfield ,Week4,Lincolnia Park,Week5,287.0 Brookfield - 105.0 Lincolnia Park
Broyhill Crest,Week2,Hollin Meadows,Week2,356.0 Hollin Meadows - 45.0 Broyhill Crest
Broyhill Crest,Week1,Mansion House,Week3,357.0 Mansion House - 44.0 Broyhill Crest
Brookfield ,Week3,Rutherford,Week3,243.0 Brookfield - 158.0 Rutherford
Brookfield ,Week1,Lincolnia Park,Week5,276.0 Brookfield - 117.0 Lincolnia Park
Broyhill Crest,Week4,Cottontail,Week5,354.0 Cottontail - 48.0 Broyhill Crest
Brookfield ,Week2,Ilda Community,Week4,245.0 Brookfield - 157.0 Ilda Community
Brookfield ,Week2,Shouse Village,Week1,202.0 Brookfield - 200.0 Shouse Village
Brookfield ,Week3,Hunter Mill,Week2,257.0 Hunter Mill - 145.0 Brookfield
Brookfield ,Week3,Ilda Community,Week2,271.0 Brookfield - 131.0 Ilda Community
Broyhill Crest,Week4,Hollin Meadows,Week2,346.0 Hollin Meadows - 55.0 Broyhill Crest
Broyhill Crest,Week5,Cottontail,Week2,330.0 Cottontail - 72.0 Broyhill Crest
Brookfield ,Week2,Lincolnia Park,Week2,296.0 Brookfield - 97.0 Lincolnia Park
Broyhill Crest,Week3,Hollin Meadows,Week5,375.0 Hollin Meadows - 27.0 Broyhill Crest
Broyhill Crest,Week1,Hollin Meadows,Week2,346.0 Hollin Meadows - 55.0 Broyhill Crest
Broyhill Crest,Week5,Cottontail,Week5,341.0 Cottontail - 61.0 Broyhill Crest
Broyhill Crest,Week5,Hollin Hills,Week4,225.0 Hollin Hills - 170.0 Broyhill Crest
Broyhill Crest,Week5,Long Branch,Week4,306.0 Long Branch - 96.0 Broyhill Crest
Bren Mar-Edsall Park,Week3,Village West,Week2,306.0 Village West - 96.0 Bren Mar-Edsall Park
Bren Mar-Edsall Park,Week2,Village West,Week3,335.0 Village West - 67.0 Bren Mar-Edsall Park
Brookfield ,Week4,Rutherford,Week3,249.0 Brookfield - 153.0 Rutherford
Broyhill Crest,Week3,Mansion House,Week1,356.0 Mansion House - 41.0 Broyhill Crest
Brookfield ,Week5,Lincolnia Park,Week4,304.0 Brookfield - 98.0 Lincolnia Park
Bren Mar-Edsall Park,Week2,Village West,Week4,322.0 Village West - 73.0 Bren Mar-Edsall Park
Brookfield ,Week1,Ilda Community,Week3,282.0 Brookfield - 120.0 Ilda Community
Broyhill Crest,Week1,Mansion House,Week1,351.0 Mansion House - 51.0 Broyhill Crest
Broyhill Crest,Week4,Hollin Hills,Week5,237.0 Hollin Hills - 152.0 Broyhill Crest
Brookfield ,Week2,Rutherford,Week5,234.0 Brookfield - 168.0 Rutherford
Brookfield ,Week1,Lincolnia Park,Week4,305.0 Brookfield - 97.0 Lincolnia Park
Bren Mar-Edsall Park,Week2,Village West,Week1,325.0 Village West - 76.0 Bren Mar-Edsall Park
Broyhill Crest,Week3,Cottontail,Week5,372.0 Cottontail - 30.0 Broyhill Crest
Broyhill Crest,Week2,Mansion House,Week4,344.0 Mansion House - 57.0 Broyhill Crest
Brookfield ,Week5,Rutherford,Week1,272.0 Brookfield - 130.0 Rutherford
Broyhill Crest,Week5,Hollin Hills,Week1,209.0 Hollin Hills - 189.0 Broyhill Crest
Broyhill Crest,Week5,Long Branch,Week5,309.0 Long Branch - 92.0 Broyhill Crest
Brookfield ,Week3,Ilda Community,Week3,264.0 Brookfield - 138.0 Ilda Community
Brookfield ,Week3,Lincolnia Park,Week5,260.0 Brookfield - 132.0 Lincolnia Park
Bren Mar-Edsall Park,Week3,Village West,Week4,307.0 Village West - 90.0 Bren Mar-Edsall Park
Broyhill Crest,Week2,Country Club Hills,Week3,334.0 Country Club Hills - 68.0 Broyhill Crest
Broyhill Crest,Week3,Cottontail,Week4,338.0 Cottontail - 64.0 Broyhill Crest
Broyhill Crest,Week1,Mansion House,Week2,343.0 Mansion House - 54.0 Broyhill Crest
Brookfield ,Week2,Ilda Community,Week2,263.0 Brookfield - 139.0 Ilda Community
Brookfield ,Week2,Kent Gardens,Week3,208.0 Brookfield - 194.0 Kent Gardens
Broyhill Crest,Week1,Country Club Hills,Week1,329.0 Country Club Hills - 73.0 Broyhill Crest
Broyhill Crest,Week2,Country Club Hills,Week5,353.0 Country Club Hills - 49.0 Broyhill Crest
Brookfield ,Week1,Shouse Village,Week1,206.0 Brookfield - 196.0 Shouse Village
Brookfield ,Week4,Lincolnia Park,Week1,314.0 Brookfield - 87.0 Lincolnia Park
Broyhill Crest,Week3,Mansion House,Week4,345.0 Mansion House - 52.0 Broyhill Crest
Broyhill Crest,Week1,Hollin Meadows,Week1,358.0 Hollin Meadows - 42.0 Broyhill Crest
Broyhill Crest,Week5,Hollin Hills,Week5,214.0 Hollin Hills - 178.0 Broyhill Crest
Brookfield ,Week3,Rutherford,Week5,219.0 Brookfield - 182.0 Rutherford
Broyhill Crest,Week1,Hollin Meadows,Week3,357.0 Hollin Meadows - 41.0 Broyhill Crest
Brookfield ,Week2,Rutherford,Week2,253.0 Brookfield - 149.0 Rutherford
Brookfield ,Week3,Lincolnia Park,Week1,299.0 Brookfield - 103.0 Lincolnia Park
Broyhill Crest,Week2,Mansion House,Week2,345.0 Mansion House - 57.0 Broyhill Crest
Brookfield ,Week5,Ilda Community,Week5,260.0 Brookfield - 142.0 Ilda Community
Broyhill Crest,Week1,Country Club Hills,Week3,320.5 Country Club Hills - 80.5 Broyhill Crest
Brookfield ,Week2,Shouse Village,Week3,224.0 Shouse Village - 178.0 Brookfield
Bren Mar-Edsall Park,Week1,Village West,Week2,317.0 Village West - 83.0 Bren Mar-Edsall Park
Broyhill Crest,Week3,Mansion House,Week3,365.0 Mansion House - 37.0 Broyhill Crest
Brookfield ,Week3,Kent Gardens,Week1,212.0 Kent Gardens - 190.0 Brookfield
Broyhill Crest,Week4,Cottontail,Week1,342.0 Cottontail - 60.0 Broyhill Crest
Brookfield ,Week5,Lee Graham,Week3,284.0 Lee Graham - 118.0 Brookfield
Brookfield ,Week2,Lincolnia Park,Week3,266.0 Brookfield - 127.0 Lincolnia Park
Broyhill Crest,Week2,Hollin Meadows,Week1,367.0 Hollin Meadows - 34.0 Broyhill Crest
Brookfield ,Week5,Villa Aquatic,Week3,245.0 Villa Aquatic - 157.0 Brookfield
Broyhill Crest,Week1,Mansion House,Week4,335.0 Mansion House - 63.0 Broyhill Crest
Brookfield ,Week1,Lincolnia Park,Week3,266.0 Brookfield - 127.0 Lincolnia Park
Broyhill Crest,Week2,Country Club Hills,Week4,346.0 Country Club Hills - 56.0 Broyhill Crest
Broyhill Crest,Week4,Mansion House,Week1,348.5 Mansion House - 53.5 Broyhill Crest
Broyhill Crest,Week5,Mansion House,Week1,339.0 Mansion House - 63.0 Broyhill Crest
Broyhill Crest,Week4,Hollin Meadows,Week4,349.0 Hollin Meadows - 53.0 Broyhill Crest
Broyhill Crest,Week4,Mansion House,Week4,343.0 Mansion House - 58.0 Broyhill Crest
Brookfield ,Week2,Kent Gardens,Week5,251.0 Kent Gardens - 151.0 Brookfield
Brookfield ,Week1,Lincolnia Park,Week1,312.0 Brookfield - 90.0 Lincolnia Park
Brookfield ,Week2,Rutherford,Week4,237.0 Brookfield - 165.0 Rutherford
Brookfield ,Week4,Villa Aquatic,Week3,234.0 Villa Aquatic - 168.0 Brookfield
Broyhill Crest,Week3,Mansion House,Week5,370.0 Mansion House - 32.0 Broyhill Crest
Brookfield ,Week2,Village West,Week5,240.0 Brookfield - 162.0 Village West
Broyhill Crest,Week3,Country Club Hills,Week1,342.0 Country Club Hills - 60.0 Broyhill Crest
Broyhill Crest,Week1,Holmes Run Acres,Week3,355.0 Holmes Run Acres - 47.0 Broyhill Crest
Brookfield ,Week1,Kent Gardens,Week5,225.0 Kent Gardens - 177.0 Brookfield
Broyhill Crest,Week5,Cottontail,Week4,316.0 Cottontail - 81.0 Broyhill Crest
Brookfield ,Week4,Rutherford,Week1,280.0 Brookfield - 122.0 Rutherford
Broyhill Crest,Week1,Country Club Hills,Week2,330.0 Country Club Hills - 72.0 Broyhill Crest
Brookfield ,Week5,Lee Graham,Week4,290.0 Lee Graham - 112.0 Brookfield
Brookfield ,Week2,Village West,Week4,234.0 Brookfield - 163.0 Village West
Broyhill Crest,Week4,Hollin Meadows,Week1,356.0 Hollin Meadows - 46.0 Broyhill Crest
Brookfield ,Week2,Shouse Village,Week2,202.0 Shouse Village - 200.0 Brookfield
Brookfield ,Week3,Shouse Village,Week2,207.0 Shouse Village - 195.0 Brookfield
Broyhill Crest,Week2,Country Club Hills,Week2,340.0 Country Club Hills - 62.0 Broyhill Crest
Brookfield ,Week5,Rutherford,Week2,267.0 Brookfield - 135.0 Rutherford
Brookfield ,Week2,Lincolnia Park,Week1,299.0 Brookfield - 103.0 Lincolnia Park
Brookfield ,Week5,Ilda Community,Week2,260.0 Brookfield - 142.0 Ilda Community
Brookfield ,Week3,Villa Aquatic,Week4,244.0 Villa Aquatic - 158.0 Brookfield
Brookfield ,Week1,Kent Gardens,Week2,230.0 Brookfield - 172.0 Kent Gardens
Brookfield ,Week1,Kent Gardens,Week1,207.0 Brookfield - 195.0 Kent Gardens
Brookfield ,Week4,Ilda Community,Week3,287.0 Brookfield - 115.0 Ilda Community
Brookfield ,Week3,Village West,Week5,242.0 Brookfield - 159.0 Village West
Brookfield ,Week2,Lincolnia Park,Week5,270.0 Brookfield - 123.0 Lincolnia Park
Broyhill Crest,Week1,Hollin Meadows,Week5,368.0 Hollin Meadows - 33.0 Broyhill Crest
Broyhill Crest,Week5,Hollin Meadows,Week5,358.5 Hollin Meadows - 43.5 Broyhill Crest
Brookfield ,Week5,Villa Aquatic,Week1,208.5 Brookfield - 193.5 Villa Aquatic
Brookfield ,Week3,Ilda Community,Week5,259.0 Brookfield - 142.0 Ilda Community
Brookfield ,Week3,Lincolnia Park,Week4,303.0 Brookfield - 98.0 Lincolnia Park
Broyhill Crest,Week2,Holmes Run Acres,Week3,363.0 Holmes Run Acres - 39.0 Broyhill Crest
Broyhill Crest,Week5,Long Branch,Week2,295.0 Long Branch - 106.0 Broyhill Crest
Broyhill Crest,Week5,Cottontail,Week1,322.0 Cottontail - 80.0 Broyhill Crest
Brookfield ,Week1,Kent Gardens,Week3,224.0 Brookfield - 178.0 Kent Gardens
Broyhill Crest,Week5,Long Branch,Week3,295.0 Long Branch - 106.0 Broyhill Crest
Brookfield ,Week3,Villa Aquatic,Week2,214.0 Villa Aquatic - 188.0 Brookfield
Brookfield ,Week5,Rutherford,Week4,243.0 Brookfield - 154.0 Rutherford
Brookfield ,Week4,Lincolnia Park,Week4,312.0 Brookfield - 90.0 Lincolnia Park
Broyhill Crest,Week1,Mansion House,Week5,359.0 Mansion House - 43.0 Broyhill Crest
Brookfield ,Week3,Oakton ,Week5,312.0 Oakton - 90.0 Brookfield
Broyhill Crest,Week5,Mansion House,Week2,335.0 Mansion House - 66.0 Broyhill Crest
Brookfield ,Week4,Lincolnia Park,Week3,277.0 Brookfield - 115.0 Lincolnia Park
Broyhill Crest,Week3,Holmes Run Acres,Week3,362.0 Holmes Run Acres - 39.0 Broyhill Crest
Broyhill Crest,Week5,Holmes Run Acres,Week2,319.0 Holmes Run Acres - 78.0 Broyhill Crest
Brookfield ,Week1,Shouse Village,Week5,209.0 Shouse Village - 193.0 Brookfield
Broyhill Crest,Week4,Mansion House,Week2,340.0 Mansion House - 62.0 Broyhill Crest
Brookfield ,Week1,Village West,Week4,257.0 Brookfield - 140.0 Village West
Brookfield ,Week4,Villa Aquatic,Week4,209.0 Villa Aquatic - 193.0 Brookfield
Broyhill Crest,Week3,Cottontail,Week3,336.0 Cottontail - 66.0 Broyhill Crest
Brookfield ,Week2,Shouse Village,Week5,224.0 Shouse Village - 178.0 Brookfield
Brookfield ,Week1,Shouse Village,Week2,225.0 Brookfield - 177.0 Shouse Village
Broyhill Crest,Week3,Country Club Hills,Week2,344.0 Country Club Hills - 58.0 Broyhill Crest
Broyhill Crest,Week4,Holmes Run Acres,Week4,331.0 Holmes Run Acres - 70.0 Broyhill Crest
Brookfield ,Week3,Lincolnia Park,Week2,291.0 Brookfield - 101.0 Lincolnia Park
Broyhill Crest,Week4,Cottontail,Week3,333.0 Cottontail - 69.0 Broyhill Crest
Brookfield ,Week4,Ilda Community,Week2,288.0 Brookfield - 114.0 Ilda Community
Brookfield ,Week4,Kent Gardens,Week5,222.0 Kent Gardens - 180.0 Brookfield
Brookfield ,Week5,Lee Graham,Week2,290.0 Lee Graham - 112.0 Brookfield
Brookfield ,Week5,Villa Aquatic,Week2,206.0 Villa Aquatic - 196.0 Brookfield
Broyhill Crest,Week1,Country Club Hills,Week4,334.0 Country Club Hills - 63.0 Broyhill Crest
Brookfield ,Week3,Village West,Week3,234.0 Brookfield - 168.0 Village West
Broyhill Crest,Week1,Hunt Valley,Week1,378.0 Hunt Valley - 19.0 Broyhill Crest
Brookfield ,Week4,Lincolnia Park,Week2,311.0 Brookfield - 82.0 Lincolnia Park
Brookfield ,Week2,Kent Gardens,Week4,207.0 Brookfield - 195.0 Kent Gardens
Brookfield ,Week5,Lincolnia Park,Week2,297.0 Brookfield - 96.0 Lincolnia Park
Brookfield ,Week4,Ilda Community,Week5,284.0 Brookfield - 118.0 Ilda Community
Broyhill Crest,Week5,Mansion House,Week4,319.0 Mansion House - 82.0 Broyhill Crest
Broyhill Crest,Week4,Cottontail,Week2,343.0 Cottontail - 59.0 Broyhill Crest
Broyhill Crest,Week3,Holmes Run Acres,Week1,345.0 Holmes Run Acres - 56.0 Broyhill Crest
Brookfield ,Week4,Villa Aquatic,Week2,221.5 Brookfield - 180.5 Villa Aquatic
Brookfield ,Week5,Villa Aquatic,Week5,229.5 Villa Aquatic - 172.5 Brookfield
Brookfield ,Week2,Oakton ,Week4,289.0 Oakton - 113.0 Brookfield
Broyhill Crest,Week5,Mantua,Week3,378.0 Mantua - 24.0 Broyhill Crest
Broyhill Crest,Week1,McLean,Week1,379.0 McLean - 23.0 Broyhill Crest
Brookfield ,Week3,Kent Gardens,Week3,209.0 Brookfield - 193.0 Kent Gardens
Brookfield ,Week3,Villa Aquatic,Week3,263.5 Villa Aquatic - 138.5 Brookfield
Broyhill Crest,Week5,Cottontail,Week3,321.0 Cottontail - 81.0 Broyhill Crest
Brookfield ,Week3,Oakton ,Week2,298.0 Oakton - 104.0 Brookfield
Broyhill Crest,Week3,Holmes Run Acres,Week2,344.0 Holmes Run Acres - 57.0 Broyhill Crest
Brookfield ,Week2,Kent Gardens,Week1,225.0 Kent Gardens - 177.0 Brookfield
Broyhill Crest,Week3,Cottontail,Week2,357.0 Cottontail - 45.0 Broyhill Crest
Broyhill Crest,Week4,Holmes Run Acres,Week1,331.0 Holmes Run Acres - 71.0 Broyhill Crest
Broyhill Crest,Week1,Holmes Run Acres,Week4,339.0 Holmes Run Acres - 61.0 Broyhill Crest
Brookfield ,Week4,Oakton ,Week3,271.0 Oakton - 131.0 Brookfield
Brookfield ,Week2,Oakton ,Week2,287.0 Oakton - 115.0 Brookfield
Brookfield ,Week1,Village West,Week5,260.0 Brookfield - 142.0 Village West
Brookfield ,Week5,Ilda Community,Week1,258.0 Brookfield - 144.0 Ilda Community
Broyhill Crest,Week3,Mantua,Week4,385.0 Mantua - 17.0 Broyhill Crest
Brookfield ,Week3,Lincolnia Park,Week3,268.0 Brookfield - 124.0 Lincolnia Park
Broyhill Crest,Week4,Cottontail,Week4,334.0 Cottontail - 68.0 Broyhill Crest
Brookfield ,Week1,Lincolnia Park,Week2,305.0 Brookfield - 88.0 Lincolnia Park
Brookfield ,Week4,Oakton ,Week2,268.0 Oakton - 134.0 Brookfield
Broyhill Crest,Week3,Crosspointe,Week3,375.0 Crosspointe - 27.0 Broyhill Crest
Broyhill Crest,Week4,Hollin Meadows,Week5,366.0 Hollin Meadows - 36.0 Broyhill Crest
Brookfield ,Week5,Lincolnia Park,Week3,256.0 Brookfield - 137.0 Lincolnia Park
Brookfield ,Week1,Little Rocky Run,Week2,246.0 Little Rocky Run - 156.0 Brookfield
Broyhill Crest,Week3,Holmes Run Acres,Week4,358.0 Holmes Run Acres - 42.0 Broyhill Crest
Broyhill Crest,Week3,Crosspointe,Week1,387.0 Crosspointe - 15.0 Broyhill Crest
Brookfield ,Week1,Village West,Week1,273.0 Brookfield - 129.0 Village West
Broyhill Crest,Week1,Country Club Hills,Week5,342.0 Country Club Hills - 60.0 Broyhill Crest
Broyhill Crest,Week1,Holmes Run Acres,Week2,326.0 Holmes Run Acres - 76.0 Broyhill Crest
Broyhill Crest,Week3,Country Club Hills,Week3,345.5 Country Club Hills - 56.5 Broyhill Crest
Brookfield ,Week5,Lincolnia Park,Week5,268.0 Brookfield - 125.0 Lincolnia Park
Brookfield ,Week5,Ilda Community,Week4,239.0 Brookfield - 163.0 Ilda Community
Brookfield ,Week4,Little Hunting Park,Week3,269.0 Brookfield - 133.0 Little Hunting Park
Brookfield ,Week5,Kent Gardens,Week2,204.0 Kent Gardens - 198.0 Brookfield
Broyhill Crest,Week1,Mantua,Week2,364.0 Mantua - 35.0 Broyhill Crest
Brookfield ,Week4,Villa Aquatic,Week5,214.0 Villa Aquatic - 188.0 Brookfield
Broyhill Crest,Week4,Country Club Hills,Week3,313.0 Country Club Hills - 89.0 Broyhill Crest
Brookfield ,Week5,Ilda Community,Week3,258.5 Brookfield - 143.5 Ilda Community
Brookfield ,Week1,Oakton ,Week4,275.0 Oakton - 127.0 Brookfield
Brookfield ,Week5,Villa Aquatic,Week4,219.0 Villa Aquatic - 183.0 Brookfield
Broyhill Crest,Week1,Mantua,Week4,373.5 Mantua - 28.5 Broyhill Crest
Broyhill Crest,Week5,Holmes Run Acres,Week5,354.0 Holmes Run Acres - 48.0 Broyhill Crest
Brookfield ,Week2,Oakton ,Week3,286.0 Oakton - 116.0 Brookfield
Brookfield ,Week3,Villa Aquatic,Week5,249.0 Villa Aquatic - 153.0 Brookfield
Brookfield ,Week3,Little Hunting Park,Week2,243.0 Brookfield - 158.0 Little Hunting Park
Brookfield ,Week2,Village West,Week1,252.0 Brookfield - 150.0 Village West
Brookfield ,Week1,Oakton ,Week1,257.0 Oakton - 145.0 Brookfield
Brookfield ,Week1,Little Rocky Run,Week1,250.0 Little Rocky Run - 152.0 Brookfield
Broyhill Crest,Week5,Holmes Run Acres,Week4,331.0 Holmes Run Acres - 71.0 Broyhill Crest
Brookfield ,Week4,Oakton ,Week1,262.0 Oakton - 140.0 Brookfield
Broyhill Crest,Week1,Mantua,Week3,387.0 Mantua - 15.0 Broyhill Crest
Brookfield ,Week4,Ilda Community,Week1,276.5 Brookfield - 125.5 Ilda Community
Brookfield ,Week2,Old Keene Mill,Week4,255.0 Brookfield - 147.0 Old Keene Mill
Brookfield ,Week5,Kent Gardens,Week1,224.0 Kent Gardens - 178.0 Brookfield
Broyhill Crest,Week1,McLean,Week3,376.0 McLean - 22.0 Broyhill Crest
Broyhill Crest,Week4,Mantua,Week1,349.0 Mantua - 47.0 Broyhill Crest
Broyhill Crest,Week5,Mantua,Week4,362.0 Mantua - 40.0 Broyhill Crest
Brookfield ,Week2,Oakton ,Week5,297.0 Oakton - 105.0 Brookfield
Brookfield ,Week3,Village West,Week1,259.0 Brookfield - 142.0 Village West
Broyhill Crest,Week2,Mantua,Week2,371.5 Mantua - 28.5 Broyhill Crest
Broyhill Crest,Week2,Holmes Run Acres,Week1,341.0 Holmes Run Acres - 61.0 Broyhill Crest
Brookfield ,Week2,Oakton ,Week1,284.0 Oakton - 118.0 Brookfield
Brookfield ,Week4,Oakton ,Week5,282.0 Oakton - 120.0 Brookfield
Broyhill Crest,Week5,Hollin Meadows,Week2,337.0 Hollin Meadows - 65.0 Broyhill Crest
Brookfield ,Week2,Little Hunting Park,Week5,215.0 Brookfield - 187.0 Little Hunting Park
Brookfield ,Week1,Village West,Week3,250.0 Brookfield - 152.0 Village West
Brookfield ,Week1,Oakton ,Week3,272.0 Oakton - 130.0 Brookfield
Broyhill Crest,Week1,Crosspointe,Week2,379.0 Crosspointe - 23.0 Broyhill Crest
Broyhill Crest,Week1,Crosspointe,Week3,373.0 Crosspointe - 29.0 Broyhill Crest
Broyhill Crest,Week1,Crosspointe,Week4,384.0 Crosspointe - 16.0 Broyhill Crest
Brookfield ,Week1,Oakton ,Week5,289.0 Oakton - 113.0 Brookfield
Brookfield ,Week4,Little Hunting Park,Week1,270.0 Brookfield - 132.0 Little Hunting Park
Brookfield ,Week2,Kent Gardens,Week2,204.0 Brookfield - 198.0 Kent Gardens
Broyhill Crest,Week1,McLean,Week4,373.0 McLean - 29.0 Broyhill Crest
Brookfield ,Week2,Village West,Week2,249.0 Brookfield - 153.0 Village West
Broyhill Crest,Week4,Mantua,Week4,368.0 Mantua - 34.0 Broyhill Crest
Brookfield ,Week4,Ilda Community,Week4,265.0 Brookfield - 137.0 Ilda Community
Brookfield ,Week5,Little Hunting Park,Week1,250.0 Brookfield - 152.0 Little Hunting Park
Broyhill Crest,Week5,Mantua,Week2,358.0 Mantua - 43.0 Broyhill Crest
Broyhill Crest,Week3,Crosspointe,Week4,384.0 Crosspointe - 17.0 Broyhill Crest
Brookfield ,Week3,Villa Aquatic,Week1,218.0 Villa Aquatic - 184.0 Brookfield
Brookfield ,Week2,Village West,Week3,233.0 Brookfield - 169.0 Village West
Brookfield ,Week1,Kent Gardens,Week4,226.0 Brookfield - 176.0 Kent Gardens
Broyhill Crest,Week1,Hunt Valley,Week4,382.0 Hunt Valley - 20.0 Broyhill Crest
Broyhill Crest,Week4,Country Club Hills,Week5,336.0 Country Club Hills - 66.0 Broyhill Crest
Broyhill Crest,Week5,Hollin Meadows,Week3,351.0 Hollin Meadows - 50.0 Broyhill Crest
Brookfield ,Week4,Kent Gardens,Week1,205.0 Kent Gardens - 197.0 Brookfield
Brookfield ,Week1,Little Hunting Park,Week2,275.0 Brookfield - 127.0 Little Hunting Park
Broyhill Crest,Week5,Hollin Meadows,Week1,342.0 Hollin Meadows - 60.0 Broyhill Crest
Broyhill Crest,Week1,McLean,Week5,384.0 McLean - 17.0 Broyhill Crest
Brookfield ,Week3,Kent Gardens,Week5,247.0 Kent Gardens - 155.0 Brookfield
Brookfield ,Week3,Little Hunting Park,Week1,244.0 Brookfield - 154.0 Little Hunting Park
Broyhill Crest,Week1,Mantua,Week5,385.0 Mantua - 17.0 Broyhill Crest
Brookfield ,Week5,Oakton ,Week2,279.0 Oakton - 123.0 Brookfield
Brookfield ,Week5,Little Hunting Park,Week2,249.0 Brookfield - 153.0 Little Hunting Park
Broyhill Crest,Week5,Hollin Meadows,Week4,347.0 Hollin Meadows - 55.0 Broyhill Crest
Broyhill Crest,Week5,Country Club Hills,Week2,316.0 Country Club Hills - 86.0 Broyhill Crest
Brookfield ,Week3,Kent Gardens,Week4,207.0 Brookfield - 195.0 Kent Gardens
Brookfield ,Week1,Old Keene Mill,Week1,279.0 Brookfield - 123.0 Old Keene Mill
Broyhill Crest,Week3,Holmes Run Acres,Week5,367.0 Holmes Run Acres - 35.0 Broyhill Crest
Brookfield ,Week4,Villa Aquatic,Week1,227.0 Brookfield - 175.0 Villa Aquatic
Brookfield ,Week3,Oakton ,Week3,290.0 Oakton - 112.0 Brookfield
Brookfield ,Week2,Little Rocky Run,Week2,272.0 Little Rocky Run - 130.0 Brookfield
Brookfield ,Week3,Village West,Week4,232.0 Brookfield - 164.0 Village West
Brookfield ,Week5,Little Hunting Park,Week4,273.0 Brookfield - 129.0 Little Hunting Park
Broyhill Crest,Week3,Mantua,Week3,391.0 Mantua - 11.0 Broyhill Crest
Brookfield ,Week3,Village West,Week2,247.5 Brookfield - 153.5 Village West
Brookfield ,Week1,Village West,Week2,279.0 Brookfield - 123.0 Village West
Brookfield ,Week4,Kent Gardens,Week2,221.0 Brookfield - 181.0 Kent Gardens
Broyhill Crest,Week1,Holmes Run Acres,Week1,331.0 Holmes Run Acres - 71.0 Broyhill Crest
Broyhill Crest,Week1,Holmes Run Acres,Week5,357.0 Holmes Run Acres - 45.0 Broyhill Crest
Broyhill Crest,Week5,Crosspointe,Week5,382.0 Crosspointe - 20.0 Broyhill Crest
Broyhill Crest,Week5,Crosspointe,Week3,372.0 Crosspointe - 30.0 Broyhill Crest
Broyhill Crest,Week2,Mantua,Week4,377.0 Mantua - 25.0 Broyhill Crest
Brookfield ,Week2,Little Hunting Park,Week3,251.0 Brookfield - 151.0 Little Hunting Park
Brookfield ,Week3,Kent Gardens,Week2,207.0 Brookfield - 195.0 Kent Gardens
Brookfield ,Week4,Kent Gardens,Week4,225.0 Brookfield - 177.0 Kent Gardens
Brookfield ,Week5,Oakton ,Week3,275.0 Oakton - 127.0 Brookfield
Broyhill Crest,Week5,Crosspointe,Week4,372.0 Crosspointe - 30.0 Broyhill Crest
Broyhill Crest,Week5,Country Club Hills,Week4,307.0 Country Club Hills - 95.0 Broyhill Crest
Brookfield ,Week1,Kings Ridge ,Week1,284.0 Brookfield - 118.0 Kings Ridge
Brookfield ,Week4,Kent Gardens,Week3,218.0 Brookfield - 184.0 Kent Gardens
Brookfield ,Week1,Old Keene Mill,Week3,272.0 Brookfield - 130.0 Old Keene Mill
Brookfield ,Week4,Virginia Hills,Week1,352.0 Brookfield - 50.0 Virginia Hills
Broyhill Crest,Week2,Holmes Run Acres,Week4,349.0 Holmes Run Acres - 52.0 Broyhill Crest
Broyhill Crest,Week3,Mantua,Week1,359.0 Mantua - 34.0 Broyhill Crest
Broyhill Crest,Week4,Holmes Run Acres,Week2,325.0 Holmes Run Acres - 77.0 Broyhill Crest
Brookfield ,Week5,Oakton ,Week1,278.0 Oakton - 124.0 Brookfield
Broyhill Crest,Week1,Mantua,Week1,355.0 Mantua - 37.0 Broyhill Crest
Broyhill Crest,Week4,Holmes Run Acres,Week3,348.0 Holmes Run Acres - 54.0 Broyhill Crest
Brookfield ,Week4,Little Hunting Park,Week5,228.0 Brookfield - 174.0 Little Hunting Park
Brookfield ,Week1,Little Hunting Park,Week5,242.0 Brookfield - 160.0 Little Hunting Park
Broyhill Crest,Week2,Holmes Run Acres,Week5,364.0 Holmes Run Acres - 38.0 Broyhill Crest
Brookfield ,Week3,Kings Ridge ,Week4,232.0 Brookfield - 170.0 Kings Ridge
Brookfield ,Week1,Kings Ridge ,Week5,262.0 Brookfield - 140.0 Kings Ridge
Broyhill Crest,Week2,Holmes Run Acres,Week2,341.0 Holmes Run Acres - 61.0 Broyhill Crest
Brookfield ,Week1,Virginia Hills,Week1,340.0 Brookfield - 62.0 Virginia Hills
Brookfield ,Week1,Little Hunting Park,Week4,270.0 Brookfield - 132.0 Little Hunting Park
Brookfield ,Week3,Kings Ridge ,Week3,257.0 Brookfield - 145.0 Kings Ridge
Brookfield ,Week3,Oakton ,Week1,289.0 Oakton - 113.0 Brookfield
Broyhill Crest,Week5,Country Club Hills,Week1,314.0 Country Club Hills - 88.0 Broyhill Crest
Brookfield ,Week2,Little Hunting Park,Week1,243.0 Brookfield - 158.0 Little Hunting Park
Broyhill Crest,Week4,Country Club Hills,Week1,327.0 Country Club Hills - 75.0 Broyhill Crest
Brookfield ,Week2,Virginia Hills,Week2,343.0 Brookfield - 59.0 Virginia Hills
Brookfield ,Week1,Oakton ,Week2,268.0 Oakton - 134.0 Brookfield
Brookfield ,Week3,Little Hunting Park,Week3,238.0 Brookfield - 164.0 Little Hunting Park
Broyhill Crest,Week3,Mantua,Week5,388.0 Mantua - 14.0 Broyhill Crest
Brookfield ,Week1,Old Keene Mill,Week4,271.0 Brookfield - 131.0 Old Keene Mill
Broyhill Crest,Week4,Holmes Run Acres,Week5,360.0 Holmes Run Acres - 42.0 Broyhill Crest
Broyhill Crest,Week2,Mantua,Week5,384.0 Mantua - 18.0 Broyhill Crest
Broyhill Crest,Week1,Crosspointe,Week5,382.5 Crosspointe - 19.5 Broyhill Crest
Broyhill Crest,Week2,Mantua,Week1,357.0 Mantua - 39.0 Broyhill Crest
Broyhill Crest,Week2,Mantua,Week3,385.0 Mantua - 17.0 Broyhill Crest
Broyhill Crest,Week2,Crosspointe,Week2,386.0 Crosspointe - 16.0 Broyhill Crest
Brookfield ,Week2,Virginia Hills,Week5,330.0 Brookfield - 72.0 Virginia Hills
Brookfield ,Week3,Virginia Hills,Week5,309.0 Brookfield - 93.0 Virginia Hills
Brookfield ,Week3,Oakton ,Week4,296.0 Oakton - 106.0 Brookfield
Brookfield ,Week3,Virginia Hills,Week1,334.0 Brookfield - 67.0 Virginia Hills
Brookfield ,Week4,Kings Ridge ,Week5,250.0 Brookfield - 152.0 Kings Ridge
Brookfield ,Week5,Village West,Week4,256.0 Brookfield - 141.0 Village West
Brookfield ,Week5,Little Hunting Park,Week3,260.0 Brookfield - 142.0 Little Hunting Park
Brookfield ,Week5,Village West,Week5,248.0 Brookfield - 154.0 Village West
Broyhill Crest,Week4,Mantua,Week5,377.0 Mantua - 25.0 Broyhill Crest
Brookfield ,Week4,Oakton ,Week4,281.0 Oakton - 121.0 Brookfield
Broyhill Crest,Week2,Crosspointe,Week1,387.0 Crosspointe - 15.0 Broyhill Crest
Brookfield ,Week1,Old Keene Mill,Week2,268.0 Brookfield - 134.0 Old Keene Mill
Brookfield ,Week2,Kings Ridge ,Week2,282.0 Brookfield - 120.0 Kings Ridge
Broyhill Crest,Week1,Hunt Valley,Week3,392.0 Hunt Valley - 10.0 Broyhill Crest
Broyhill Crest,Week3,Country Club Hills,Week5,357.0 Country Club Hills - 45.0 Broyhill Crest
Brookfield ,Week5,Kent Gardens,Week4,203.0 Brookfield - 199.0 Kent Gardens
Broyhill Crest,Week3,Hunt Valley,Week4,388.0 Hunt Valley - 14.0 Broyhill Crest
Broyhill Crest,Week4,Country Club Hills,Week4,328.0 Country Club Hills - 74.0 Broyhill Crest
Brookfield ,Week2,Kings Ridge ,Week5,227.0 Brookfield - 175.0 Kings Ridge
Brookfield ,Week4,Village West,Week1,275.0 Brookfield - 127.0 Village West
Brookfield ,Week5,Oakton ,Week4,280.0 Oakton - 122.0 Brookfield
Broyhill Crest,Week5,Holmes Run Acres,Week3,344.0 Holmes Run Acres - 58.0 Broyhill Crest
Brookfield ,Week1,Little Hunting Park,Week3,272.0 Brookfield - 130.0 Little Hunting Park
Broyhill Crest,Week2,Crosspointe,Week3,373.0 Crosspointe - 29.0 Broyhill Crest
Brookfield ,Week3,Little Hunting Park,Week4,243.0 Brookfield - 158.0 Little Hunting Park
Broyhill Crest,Week3,Mantua,Week2,374.0 Mantua - 27.0 Broyhill Crest
Broyhill Crest,Week5,Country Club Hills,Week5,330.0 Country Club Hills - 72.0 Broyhill Crest
Broyhill Crest,Week5,Mantua,Week1,349.0 Mantua - 50.0 Broyhill Crest
Brookfield ,Week5,Oakton ,Week5,293.0 Oakton - 109.0 Brookfield
Brookfield ,Week2,Little Hunting Park,Week4,247.0 Brookfield - 155.0 Little Hunting Park
Broyhill Crest,Week1,Crosspointe,Week1,379.0 Crosspointe - 23.0 Broyhill Crest
Broyhill Crest,Week5,Holmes Run Acres,Week1,319.0 Holmes Run Acres - 83.0 Broyhill Crest
Broyhill Crest,Week4,Mantua,Week3,381.0 Mantua - 21.0 Broyhill Crest
Broyhill Crest,Week1,Hunt Valley,Week2,382.0 Hunt Valley - 19.0 Broyhill Crest
Broyhill Crest,Week4,Mantua,Week2,358.0 Mantua - 42.0 Broyhill Crest
Brookfield ,Week1,Virginia Hills,Week5,327.0 Brookfield - 75.0 Virginia Hills
Brookfield ,Week3,Little Hunting Park,Week5,222.0 Brookfield - 180.0 Little Hunting Park
Brookfield ,Week4,Kings Ridge ,Week2,281.0 Brookfield - 121.0 Kings Ridge
Broyhill Crest,Week2,Crosspointe,Week4,378.0 Crosspointe - 23.0 Broyhill Crest
Brookfield ,Week4,Little Hunting Park,Week4,267.0 Brookfield - 135.0 Little Hunting Park
Brookfield ,Week2,Old Keene Mill,Week3,227.0 Brookfield - 175.0 Old Keene Mill
Brookfield ,Week5,Kent Gardens,Week5,250.0 Kent Gardens - 152.0 Brookfield
Broyhill Crest,Week2,Crosspointe,Week5,383.0 Crosspointe - 19.0 Broyhill Crest
Broyhill Crest,Week1,Hunter Mill,Week3,365.0 Hunter Mill - 37.0 Broyhill Crest
Brookfield ,Week5,Little Hunting Park,Week5,234.0 Brookfield - 168.0 Little Hunting Park
Brookfield ,Week5,Village West,Week2,258.0 Brookfield - 144.0 Village West
Brookfield ,Week4,Little Hunting Park,Week2,273.0 Brookfield - 129.0 Little Hunting Park
Broyhill Crest,Week2,Hunt Valley,Week3,387.0 Hunt Valley - 15.0 Broyhill Crest
Broyhill Crest,Week2,McLean,Week3,380.0 McLean - 18.0 Broyhill Crest
Broyhill Crest,Week3,Hunt Valley,Week1,388.0 Hunt Valley - 14.0 Broyhill Crest
Broyhill Crest,Week4,Country Club Hills,Week2,321.0 Country Club Hills - 81.0 Broyhill Crest
Brookfield ,Week2,Old Keene Mill,Week1,263.0 Brookfield - 139.0 Old Keene Mill
Brookfield ,Week4,Village West,Week4,258.0 Brookfield - 139.0 Village West
Broyhill Crest,Week2,Hunt Valley,Week1,377.0 Hunt Valley - 25.0 Broyhill Crest
Broyhill Crest,Week1,McLean,Week2,374.0 McLean - 27.0 Broyhill Crest
Broyhill Crest,Week5,Mantua,Week5,378.0 Mantua - 24.0 Broyhill Crest
Brookfield ,Week1,Kings Ridge ,Week4,257.0 Brookfield - 145.0 Kings Ridge
Brookfield ,Week2,Little Hunting Park,Week2,247.0 Brookfield - 155.0 Little Hunting Park
Brookfield ,Week5,Kent Gardens,Week3,205.0 Kent Gardens - 197.0 Brookfield
Brookfield ,Week3,Virginia Hills,Week3,344.0 Brookfield - 58.0 Virginia Hills
Brookfield ,Week5,Virginia Hills,Week3,351.0 Brookfield - 51.0 Virginia Hills
Brookfield ,Week1,Old Keene Mill,Week5,240.0 Brookfield - 162.0 Old Keene Mill
Brookfield ,Week1,Kings Ridge ,Week3,274.0 Brookfield - 128.0 Kings Ridge
Broyhill Crest,Week2,McLean,Week2,380.0 McLean - 21.0 Broyhill Crest
Brookfield ,Week2,Old Keene Mill,Week2,238.0 Brookfield - 164.0 Old Keene Mill
Broyhill Crest,Week3,Hunt Valley,Week5,396.0 Hunt Valley - 6.0 Broyhill Crest
Broyhill Crest,Week3,McLean,Week2,380.0 McLean - 21.0 Broyhill Crest
Brookfield ,Week4,Kings Ridge ,Week1,286.0 Brookfield - 116.0 Kings Ridge
Broyhill Crest,Week5,Country Club Hills,Week3,306.0 Country Club Hills - 96.0 Broyhill Crest
Bren Mar-Edsall Park,Week2,Wakefield Chapel,Week2,389.0 Wakefield Chapel - 13.0 Bren Mar-Edsall Park
Brookfield ,Week3,Virginia Hills,Week2,337.0 Brookfield - 64.0 Virginia Hills
Brookfield ,Week2,Little Rocky Run,Week3,291.0 Little Rocky Run - 111.0 Brookfield
Brookfield ,Week4,Village West,Week5,260.0 Brookfield - 142.0 Village West
Brookfield ,Week1,Virginia Hills,Week2,355.0 Brookfield - 47.0 Virginia Hills
Brookfield ,Week3,Kings Ridge ,Week1,261.0 Brookfield - 141.0 Kings Ridge
Broyhill Crest,Week5,Hunt Valley,Week1,378.0 Hunt Valley - 24.0 Broyhill Crest
Brookfield ,Week1,Orange Hunt,Week5,226.0 Orange Hunt - 176.0 Brookfield
Brookfield ,Week3,Orange Hunt,Week2,232.0 Orange Hunt - 170.0 Brookfield
Brookfield ,Week4,Old Keene Mill,Week2,262.0 Brookfield - 140.0 Old Keene Mill
Brookfield ,Week3,Kings Ridge ,Week5,231.0 Brookfield - 171.0 Kings Ridge
Broyhill Crest,Week2,McLean,Week1,380.0 McLean - 22.0 Broyhill Crest
Brookfield ,Week1,Little Rocky Run,Week4,264.0 Little Rocky Run - 138.0 Brookfield
Brookfield ,Week4,Village West,Week3,263.0 Brookfield - 139.0 Village West
Broyhill Crest,Week3,Crosspointe,Week2,389.0 Crosspointe - 13.0 Broyhill Crest
Brookfield ,Week4,Old Keene Mill,Week5,237.0 Brookfield - 165.0 Old Keene Mill
Broyhill Crest,Week2,Hunt Valley,Week2,380.0 Hunt Valley - 21.0 Broyhill Crest
Broyhill Crest,Week3,Mosby Woods,Week2,379.0 Mosby Woods - 22.0 Broyhill Crest
Broyhill Crest,Week4,Crosspointe,Week1,378.0 Crosspointe - 24.0 Broyhill Crest
Brookfield ,Week2,Kings Ridge ,Week4,245.0 Brookfield - 157.0 Kings Ridge
Broyhill Crest,Week3,Crosspointe,Week5,385.0 Crosspointe - 17.0 Broyhill Crest
Brookfield ,Week1,Little Rocky Run,Week5,291.0 Little Rocky Run - 111.0 Brookfield
Broyhill Crest,Week4,Hunt Valley,Week5,394.0 Hunt Valley - 8.0 Broyhill Crest
Bren Mar-Edsall Park,Week5,Virginia Run,Week4,375.0 Virginia Run - 27.0 Bren Mar-Edsall Park
Brookfield ,Week2,Virginia Hills,Week4,352.0 Brookfield - 50.0 Virginia Hills
Brookfield ,Week2,Little Rocky Run,Week1,277.0 Little Rocky Run - 125.0 Brookfield
Brookfield ,Week5,Old Keene Mill,Week2,262.0 Brookfield - 140.0 Old Keene Mill
Broyhill Crest,Week4,Hunt Valley,Week1,380.0 Hunt Valley - 22.0 Broyhill Crest
Brookfield ,Week1,Little Rocky Run,Week3,269.0 Little Rocky Run - 133.0 Brookfield
Broyhill Crest,Week2,McLean,Week5,386.0 McLean - 15.0 Broyhill Crest
Broyhill Crest,Week2,McLean,Week4,375.0 McLean - 27.0 Broyhill Crest
Broyhill Crest,Week4,Crosspointe,Week2,377.0 Crosspointe - 25.0 Broyhill Crest
Brookfield ,Week3,Kings Ridge ,Week2,268.0 Brookfield - 134.0 Kings Ridge
Broyhill Crest,Week2,Hunt Valley,Week4,381.0 Hunt Valley - 21.0 Broyhill Crest
Brookfield ,Week5,Old Keene Mill,Week5,234.0 Brookfield - 163.0 Old Keene Mill
Broyhill Crest,Week1,Mosby Woods,Week2,374.0 Mosby Woods - 26.0 Broyhill Crest
Broyhill Crest,Week4,Crosspointe,Week5,384.0 Crosspointe - 18.0 Broyhill Crest
Brookfield ,Week2,Little Rocky Run,Week4,277.0 Little Rocky Run - 125.0 Brookfield
Brookfield ,Week4,Village West,Week2,281.5 Brookfield - 120.5 Village West
Brookfield ,Week2,Kings Ridge ,Week1,263.0 Brookfield - 139.0 Kings Ridge
Bren Mar-Edsall Park,Week5,Virginia Run,Week3,369.0 Virginia Run - 33.0 Bren Mar-Edsall Park
Brookfield ,Week3,Orange Hunt,Week4,230.0 Orange Hunt - 172.0 Brookfield
Bren Mar-Edsall Park,Week5,Virginia Run,Week5,381.0 Virginia Run - 21.0 Bren Mar-Edsall Park
Broyhill Crest,Week4,Hunt Valley,Week4,384.0 Hunt Valley - 18.0 Broyhill Crest
Brookfield ,Week4,Kings Ridge ,Week4,271.0 Brookfield - 131.0 Kings Ridge
Brookfield ,Week2,Kings Ridge ,Week3,260.0 Brookfield - 142.0 Kings Ridge
Brookfield ,Week5,Kings Ridge ,Week2,266.0 Brookfield - 136.0 Kings Ridge
Broyhill Crest,Week5,Crosspointe,Week2,374.0 Crosspointe - 28.0 Broyhill Crest
Brookfield ,Week1,Virginia Hills,Week4,358.0 Brookfield - 44.0 Virginia Hills
Brookfield ,Week3,Lake Braddock,Week2,267.0 Brookfield - 135.0 Lake Braddock
Broyhill Crest,Week5,Hunt Valley,Week3,391.0 Hunt Valley - 11.0 Broyhill Crest
Broyhill Crest,Week1,Hunt Valley,Week5,387.0 Hunt Valley - 15.0 Broyhill Crest
Brookfield ,Week2,Lake Braddock,Week4,281.0 Brookfield - 121.0 Lake Braddock
Broyhill Crest,Week4,Crosspointe,Week3,377.0 Crosspointe - 25.0 Broyhill Crest
Brookfield ,Week2,Little Rocky Run,Week5,298.0 Little Rocky Run - 104.0 Brookfield
Broyhill Crest,Week5,Crosspointe,Week1,380.0 Crosspointe - 22.0 Broyhill Crest
Brookfield ,Week3,Old Keene Mill,Week4,256.0 Brookfield - 146.0 Old Keene Mill
Bren Mar-Edsall Park,Week4,Virginia Run,Week3,375.0 Virginia Run - 27.0 Bren Mar-Edsall Park
Brookfield ,Week1,Virginia Hills,Week3,353.0 Brookfield - 49.0 Virginia Hills
Brookfield ,Week3,Orange Hunt,Week3,248.0 Orange Hunt - 154.0 Brookfield
Brookfield ,Week2,Virginia Hills,Week1,333.0 Brookfield - 69.0 Virginia Hills
Brookfield ,Week1,Kings Ridge ,Week2,296.0 Brookfield - 106.0 Kings Ridge
Brookfield ,Week4,Kings Ridge ,Week3,276.0 Brookfield - 126.0 Kings Ridge
Brookfield ,Week5,Village West,Week3,235.0 Brookfield - 167.0 Village West
Broyhill Crest,Week2,Mosby Woods,Week4,373.0 Mosby Woods - 29.0 Broyhill Crest
Broyhill Crest,Week4,Crosspointe,Week4,375.0 Crosspointe - 26.0 Broyhill Crest
Broyhill Crest,Week5,McLean,Week3,365.0 McLean - 36.0 Broyhill Crest
Broyhill Crest,Week4,McLean,Week4,374.0 McLean - 28.0 Broyhill Crest
Bren Mar-Edsall Park,Week4,Virginia Run,Week2,358.0 Virginia Run - 44.0 Bren Mar-Edsall Park
Broyhill Crest,Week4,Daventry,Week5,263.0 Daventry - 133.0 Broyhill Crest
Broyhill Crest,Week1,Mosby Woods,Week1,373.0 Mosby Woods - 28.0 Broyhill Crest
Brookfield ,Week2,Lake Braddock,Week2,276.5 Brookfield - 125.5 Lake Braddock
Broyhill Crest,Week3,Daventry,Week2,279.0 Daventry - 115.0 Broyhill Crest
Brookfield ,Week4,Old Keene Mill,Week3,250.0 Brookfield - 152.0 Old Keene Mill
Bren Mar-Edsall Park,Week4,Virginia Run,Week5,385.0 Virginia Run - 17.0 Bren Mar-Edsall Park
Broyhill Crest,Week5,McLean,Week4,363.0 McLean - 34.0 Broyhill Crest
Brookfield ,Week2,Orange Hunt,Week1,227.0 Orange Hunt - 175.0 Brookfield
Broyhill Crest,Week1,Mosby Woods,Week3,366.0 Mosby Woods - 33.0 Broyhill Crest
Brookfield ,Week2,Virginia Hills,Week3,349.0 Brookfield - 53.0 Virginia Hills
Broyhill Crest,Week5,Hunt Valley,Week4,387.0 Hunt Valley - 15.0 Broyhill Crest
Brookfield ,Week5,Village West,Week1,251.0 Brookfield - 151.0 Village West
Bren Mar-Edsall Park,Week2,Woodley,Week3,329.0 Woodley - 73.0 Bren Mar-Edsall Park
Brookfield ,Week1,Orange Hunt,Week4,207.0 Orange Hunt - 195.0 Brookfield
Brookfield ,Week5,Kings Ridge ,Week3,257.0 Brookfield - 145.0 Kings Ridge
Bren Mar-Edsall Park,Week4,Waynewood,Week5,380.0 Waynewood - 22.0 Bren Mar-Edsall Park
Broyhill Crest,Week3,Mosby Woods,Week5,387.0 Mosby Woods - 15.0 Broyhill Crest
Broyhill Crest,Week5,Hunt Valley,Week2,384.0 Hunt Valley - 18.0 Broyhill Crest
Broyhill Crest,Week3,Hunt Valley,Week2,394.0 Hunt Valley - 7.0 Broyhill Crest
Brookfield ,Week3,Old Keene Mill,Week1,264.0 Brookfield - 138.0 Old Keene Mill
Bren Mar-Edsall Park,Week3,Wakefield Chapel,Week1,380.0 Wakefield Chapel - 22.0 Bren Mar-Edsall Park
Bren Mar-Edsall Park,Week2,Wakefield Chapel,Week5,391.0 Wakefield Chapel - 11.0 Bren Mar-Edsall Park
Brookfield ,Week3,Virginia Hills,Week4,346.0 Brookfield - 55.0 Virginia Hills
Bren Mar-Edsall Park,Week1,Woodley,Week3,330.0 Woodley - 72.0 Bren Mar-Edsall Park
Broyhill Crest,Week1,Daventry,Week5,272.0 Daventry - 115.0 Broyhill Crest
Bren Mar-Edsall Park,Week3,Virginia Run,Week4,381.0 Virginia Run - 21.0 Bren Mar-Edsall Park
Brookfield ,Week2,Lake Braddock,Week5,274.0 Brookfield - 128.0 Lake Braddock
Brookfield ,Week1,Lake Braddock,Week1,322.0 Brookfield - 80.0 Lake Braddock
Broyhill Crest,Week5,McLean,Week5,379.0 McLean - 23.0 Broyhill Crest
Bren Mar-Edsall Park,Week5,Waynewood,Week3,375.0 Waynewood - 27.0 Bren Mar-Edsall Park
Broyhill Crest,Week5,McLean,Week2,364.0 McLean - 38.0 Broyhill Crest
Brookfield ,Week4,Virginia Hills,Week2,356.0 Brookfield - 46.0 Virginia Hills
Bren Mar-Edsall Park,Week4,Waynewood,Week3,379.0 Waynewood - 23.0 Bren Mar-Edsall Park
Broyhill Crest,Week1,Hunter Mill,Week2,351.0 Hunter Mill - 50.0 Broyhill Crest
Broyhill Crest,Week1,Mosby Woods,Week4,368.0 Mosby Woods - 33.0 Broyhill Crest
Broyhill Crest,Week5,Hunt Valley,Week5,390.0 Hunt Valley - 12.0 Broyhill Crest
Bren Mar-Edsall Park,Week1,Wakefield Chapel,Week3,386.0 Wakefield Chapel - 16.0 Bren Mar-Edsall Park
Bren Mar-Edsall Park,Week1,Woodley,Week5,320.0 Woodley - 80.0 Bren Mar-Edsall Park
Brookfield ,Week4,Virginia Hills,Week4,366.0 Brookfield - 36.0 Virginia Hills
Brookfield ,Week5,Kings Ridge ,Week1,268.5 Brookfield - 128.5 Kings Ridge
Brookfield ,Week2,Old Keene Mill,Week5,217.0 Brookfield - 185.0 Old Keene Mill
Brookfield ,Week4,Old Keene Mill,Week1,272.0 Brookfield - 130.0 Old Keene Mill
Broyhill Crest,Week3,Hunter Mill,Week5,375.0 Hunter Mill - 27.0 Broyhill Crest
Brookfield ,Week4,Virginia Hills,Week5,339.0 Brookfield - 63.0 Virginia Hills
Broyhill Crest,Week2,Daventry,Week1,265.0 Daventry - 128.0 Broyhill Crest
Bren Mar-Edsall Park,Week3,Wakefield Chapel,Week2,385.0 Wakefield Chapel - 17.0 Bren Mar-Edsall Park
Bren Mar-Edsall Park,Week2,Woodley,Week4,323.0 Woodley - 79.0 Bren Mar-Edsall Park
Brookfield ,Week2,Lake Braddock,Week1,300.0 Brookfield - 102.0 Lake Braddock
Brookfield ,Week4,Old Keene Mill,Week4,268.0 Brookfield - 134.0 Old Keene Mill
Broyhill Crest,Week4,Daventry,Week4,258.0 Daventry - 139.0 Broyhill Crest
Broyhill Crest,Week2,Daventry,Week4,277.0 Daventry - 117.0 Broyhill Crest
Brookfield ,Week5,Virginia Hills,Week2,346.0 Brookfield - 56.0 Virginia Hills
Brookfield ,Week3,Lake Braddock,Week3,272.0 Brookfield - 130.0 Lake Braddock
Bren Mar-Edsall Park,Week2,Woodley,Week1,333.0 Woodley - 68.0 Bren Mar-Edsall Park
Bren Mar-Edsall Park,Week4,Virginia Run,Week1,374.0 Virginia Run - 28.0 Bren Mar-Edsall Park
Broyhill Crest,Week2,Daventry,Week2,277.0 Daventry - 116.0 Broyhill Crest
Broyhill Crest,Week1,Hunter Mill,Week1,361.0 Hunter Mill - 41.0 Broyhill Crest
Broyhill Crest,Week2,Dominion Hills,Week2,373.0 Dominion Hills - 29.0 Broyhill Crest
Broyhill Crest,Week3,Hunter Mill,Week2,358.0 Hunter Mill - 44.0 Broyhill Crest
Broyhill Crest,Week3,McLean,Week3,375.0 McLean - 18.0 Broyhill Crest
Brookfield ,Week1,Lake Braddock,Week4,306.0 Brookfield - 96.0 Lake Braddock
Brookfield ,Week4,Virginia Hills,Week3,362.0 Brookfield - 40.0 Virginia Hills
Brookfield ,Week1,Orange Hunt,Week1,218.0 Orange Hunt - 184.0 Brookfield
Bren Mar-Edsall Park,Week1,Wakefield Chapel,Week2,386.0 Wakefield Chapel - 16.0 Bren Mar-Edsall Park
Broyhill Crest,Week2,Mosby Woods,Week3,375.0 Mosby Woods - 25.0 Broyhill Crest
Bren Mar-Edsall Park,Week3,Woodley,Week1,312.0 Woodley - 90.0 Bren Mar-Edsall Park
Broyhill Crest,Week2,Mosby Woods,Week5,390.0 Mosby Woods - 12.0 Broyhill Crest
Bren Mar-Edsall Park,Week3,Woodley,Week3,310.0 Woodley - 92.0 Bren Mar-Edsall Park
Brookfield ,Week5,Old Keene Mill,Week4,251.0 Brookfield - 151.0 Old Keene Mill
Broyhill Crest,Week1,Dominion Hills,Week3,363.0 Dominion Hills - 39.0 Broyhill Crest
Bren Mar-Edsall Park,Week5,Waynewood,Week5,378.0 Waynewood - 24.0 Bren Mar-Edsall Park
Broyhill Crest,Week2,Mosby Woods,Week2,384.0 Mosby Woods - 17.0 Broyhill Crest
Brookfield ,Week5,Kings Ridge ,Week4,255.0 Brookfield - 147.0 Kings Ridge
Broyhill Crest,Week2,Hunter Mill,Week1,366.0 Hunter Mill - 36.0 Broyhill Crest
Brookfield ,Week3,Old Keene Mill,Week5,225.0 Brookfield - 177.0 Old Keene Mill
Bren Mar-Edsall Park,Week2,Wakefield Chapel,Week4,386.0 Wakefield Chapel - 16.0 Bren Mar-Edsall Park
Broyhill Crest,Week2,Hunt Valley,Week5,391.0 Hunt Valley - 11.0 Broyhill Crest
Broyhill Crest,Week2,Daventry,Week3,271.0 Daventry - 121.0 Broyhill Crest
Bren Mar-Edsall Park,Week1,Wakefield Chapel,Week5,389.0 Wakefield Chapel - 13.0 Bren Mar-Edsall Park
Broyhill Crest,Week5,Hunter Mill,Week5,361.0 Hunter Mill - 41.0 Broyhill Crest
Bren Mar-Edsall Park,Week2,Wakefield Chapel,Week1,386.0 Wakefield Chapel - 16.0 Bren Mar-Edsall Park
Broyhill Crest,Week1,Dominion Hills,Week2,357.0 Dominion Hills - 45.0 Broyhill Crest
Brookfield ,Week5,Virginia Hills,Week1,337.0 Brookfield - 65.0 Virginia Hills
Brookfield ,Week5,Old Keene Mill,Week3,251.0 Brookfield - 151.0 Old Keene Mill
Brookfield ,Week3,Old Keene Mill,Week3,245.0 Brookfield - 157.0 Old Keene Mill
Broyhill Crest,Week4,Hunt Valley,Week3,382.0 Hunt Valley - 20.0 Broyhill Crest
Bren Mar-Edsall Park,Week2,Woodley,Week2,318.0 Woodley - 83.0 Bren Mar-Edsall Park
Brookfield ,Week4,Lake Braddock,Week5,275.0 Brookfield - 127.0 Lake Braddock
Brookfield ,Week5,Shouse Village,Week4,226.5 Shouse Village - 175.5 Brookfield
Brookfield ,Week1,Orange Hunt,Week2,204.0 Brookfield - 198.0 Orange Hunt
Broyhill Crest,Week1,Mosby Woods,Week5,376.0 Mosby Woods - 26.0 Broyhill Crest
Broyhill Crest,Week3,McLean,Week4,372.0 McLean - 30.0 Broyhill Crest
Brookfield ,Week5,Virginia Hills,Week4,350.0 Brookfield - 52.0 Virginia Hills
Bren Mar-Edsall Park,Week3,Virginia Run,Week3,376.0 Virginia Run - 26.0 Bren Mar-Edsall Park
Broyhill Crest,Week5,Daventry,Week3,228.0 Daventry - 169.0 Broyhill Crest
Brookfield ,Week3,Lake Braddock,Week1,294.0 Brookfield - 108.0 Lake Braddock
Broyhill Crest,Week3,Hunt Valley,Week3,388.0 Hunt Valley - 14.0 Broyhill Crest
Brookfield ,Week2,Sideburn Run,Week5,230.0 Sideburn Run - 172.0 Brookfield
Brookfield ,Week4,Lake Braddock,Week1,311.0 Brookfield - 91.0 Lake Braddock
Bren Mar-Edsall Park,Week1,Wakefield Chapel,Week1,382.0 Wakefield Chapel - 20.0 Bren Mar-Edsall Park
Bren Mar-Edsall Park,Week5,Waynewood,Week2,367.0 Waynewood - 35.0 Bren Mar-Edsall Park
Brookfield ,Week3,Sideburn Run,Week4,222.0 Sideburn Run - 180.0 Brookfield
Broyhill Crest,Week5,Daventry,Week2,222.0 Daventry - 173.0 Broyhill Crest
Broyhill Crest,Week5,Daventry,Week4,235.0 Daventry - 164.0 Broyhill Crest
Brookfield ,Week3,Shouse Village,Week3,220.0 Shouse Village - 182.0 Brookfield
Bren Mar-Edsall Park,Week3,Woodley,Week4,307.0 Woodley - 95.0 Bren Mar-Edsall Park
Bren Mar-Edsall Park,Week5,Virginia Run,Week1,373.0 Virginia Run - 29.0 Bren Mar-Edsall Park
Broyhill Crest,Week4,Hunt Valley,Week2,384.0 Hunt Valley - 17.0 Broyhill Crest
Bren Mar-Edsall Park,Week1,Wakefield Chapel,Week4,387.0 Wakefield Chapel - 14.0 Bren Mar-Edsall Park
Brookfield ,Week3,Lakevale Estates,Week3,290.0 Lakevale Estates - 112.0 Brookfield
Broyhill Crest,Week1,Hunter Mill,Week4,366.0 Hunter Mill - 35.0 Broyhill Crest
Bren Mar-Edsall Park,Week5,Waynewood,Week4,371.5 Waynewood - 30.5 Bren Mar-Edsall Park
Bren Mar-Edsall Park,Week3,Virginia Run,Week2,367.0 Virginia Run - 35.0 Bren Mar-Edsall Park
Brookfield ,Week2,Orange Hunt,Week2,229.0 Orange Hunt - 173.0 Brookfield
Bren Mar-Edsall Park,Week3,Woodley,Week2,302.0 Woodley - 100.0 Bren Mar-Edsall Park
Broyhill Crest,Week3,Daventry,Week3,262.0 Daventry - 135.0 Broyhill Crest
Broyhill Crest,Week1,Dominion Hills,Week1,352.0 Dominion Hills - 50.0 Broyhill Crest
Brookfield ,Week1,Sideburn Run,Week1,215.0 Sideburn Run - 187.0 Brookfield
Broyhill Crest,Week4,Hunter Mill,Week5,373.0 Hunter Mill - 29.0 Broyhill Crest
Brookfield ,Week1,Lake Braddock,Week5,280.0 Brookfield - 122.0 Lake Braddock
Brookfield ,Week2,Orange Hunt,Week4,228.0 Orange Hunt - 174.0 Brookfield
Broyhill Crest,Week3,McLean,Week1,376.0 McLean - 26.0 Broyhill Crest
Broyhill Crest,Week4,McLean,Week2,373.0 McLean - 28.0 Broyhill Crest
Brookfield ,Week3,Sideburn Run,Week2,225.0 Sideburn Run - 177.0 Brookfield
Broyhill Crest,Week4,McLean,Week1,378.0 McLean - 24.0 Broyhill Crest
Brookfield ,Week4,Lake Braddock,Week2,286.0 Brookfield - 116.0 Lake Braddock
Brookfield ,Week1,Orange Hunt,Week3,213.0 Orange Hunt - 189.0 Brookfield
Brookfield ,Week3,Old Keene Mill,Week2,235.0 Brookfield - 167.0 Old Keene Mill
Bren Mar-Edsall Park,Week4,Waynewood,Week4,375.0 Waynewood - 27.0 Bren Mar-Edsall Park
Broyhill Crest,Week4,Hunter Mill,Week1,361.0 Hunter Mill - 41.0 Broyhill Crest
Broyhill Crest,Week1,Daventry,Week2,266.0 Daventry - 124.0 Broyhill Crest
Brookfield ,Week2,Lakevale Estates,Week4,296.0 Lakevale Estates - 106.0 Brookfield
Bren Mar-Edsall Park,Week4,Waynewood,Week1,368.0 Waynewood - 33.0 Bren Mar-Edsall Park
Brookfield ,Week1,Lake Braddock,Week2,292.0 Brookfield - 110.0 Lake Braddock
Bren Mar-Edsall Park,Week4,Virginia Run,Week4,373.0 Virginia Run - 29.0 Bren Mar-Edsall Park
Bren Mar-Edsall Park,Week1,Woodley,Week4,334.0 Woodley - 67.0 Bren Mar-Edsall Park
Broyhill Crest,Week4,McLean,Week5,381.0 McLean - 20.0 Broyhill Crest
Broyhill Crest,Week5,McLean,Week1,367.0 McLean - 35.0 Broyhill Crest
Bren Mar-Edsall Park,Week5,Virginia Run,Week2,360.0 Virginia Run - 37.0 Bren Mar-Edsall Park
Broyhill Crest,Week3,Hunter Mill,Week4,371.0 Hunter Mill - 31.0 Broyhill Crest
Broyhill Crest,Week3,Daventry,Week4,278.0 Daventry - 119.0 Broyhill Crest
Brookfield ,Week2,Orange Hunt,Week5,250.0 Orange Hunt - 152.0 Brookfield
Bren Mar-Edsall Park,Week2,Wakefield Chapel,Week3,385.0 Wakefield Chapel - 17.0 Bren Mar-Edsall Park
Broyhill Crest,Week1,Hunter Mill,Week5,373.0 Hunter Mill - 29.0 Broyhill Crest
Brookfield ,Week5,Old Keene Mill,Week1,271.0 Brookfield - 131.0 Old Keene Mill
Brookfield ,Week3,Orange Hunt,Week1,240.0 Orange Hunt - 162.0 Brookfield
Brookfield ,Week3,Shouse Village,Week4,244.0 Shouse Village - 158.0 Brookfield
Brookfield ,Week2,Lake Braddock,Week3,282.0 Brookfield - 120.0 Lake Braddock
Brookfield ,Week5,Sideburn Run,Week2,214.0 Sideburn Run - 188.0 Brookfield
Broyhill Crest,Week4,McLean,Week3,377.0 McLean - 21.0 Broyhill Crest
Bren Mar-Edsall Park,Week1,Woodley,Week1,328.0 Woodley - 74.0 Bren Mar-Edsall Park
Broyhill Crest,Week2,Hunter Mill,Week2,358.0 Hunter Mill - 44.0 Broyhill Crest
Brookfield ,Week3,Lakevale Estates,Week5,303.0 Lakevale Estates - 99.0 Brookfield
Broyhill Crest,Week5,Daventry,Week5,249.0 Daventry - 150.0 Broyhill Crest
Brookfield ,Week3,Lake Braddock,Week5,247.0 Brookfield - 155.0 Lake Braddock
Brookfield ,Week2,Orange Hunt,Week3,234.0 Orange Hunt - 168.0 Brookfield
Broyhill Crest,Week5,Hunter Mill,Week3,354.0 Hunter Mill - 48.0 Broyhill Crest
Bren Mar-Edsall Park,Week3,Virginia Run,Week5,383.0 Virginia Run - 19.0 Bren Mar-Edsall Park
Brookfield ,Week2,Sideburn Run,Week4,214.0 Sideburn Run - 188.0 Brookfield
Broyhill Crest,Week3,McLean,Week5,379.0 McLean - 22.0 Broyhill Crest
Broyhill Crest,Week1,Dominion Hills,Week4,363.0 Dominion Hills - 38.0 Broyhill Crest
Bren Mar-Edsall Park,Week3,Woodley,Week5,305.0 Woodley - 92.0 Bren Mar-Edsall Park
Broyhill Crest,Week3,Mosby Woods,Week1,378.0 Mosby Woods - 23.0 Broyhill Crest
Brookfield ,Week2,Sideburn Run,Week2,203.0 Sideburn Run - 199.0 Brookfield
Bren Mar-Edsall Park,Week4,Waynewood,Week2,377.0 Waynewood - 25.0 Bren Mar-Edsall Park
Bren Mar-Edsall Park,Week4,Woodley,Week1,299.0 Woodley - 103.0 Bren Mar-Edsall Park
Broyhill Crest,Week3,Mosby Woods,Week4,370.0 Mosby Woods - 32.0 Broyhill Crest
Brookfield ,Week4,Sideburn Run,Week1,216.0 Sideburn Run - 186.0 Brookfield
Brookfield ,Week1,Lakevale Estates,Week5,279.0 Lakevale Estates - 123.0 Brookfield
Brookfield ,Week1,Lakevale Estates,Week3,275.0 Lakevale Estates - 127.0 Brookfield
Brookfield ,Week4,Shouse Village,Week2,220.0 Brookfield - 182.0 Shouse Village
Broyhill Crest,Week5,Mosby Woods,Week2,369.0 Mosby Woods - 33.0 Broyhill Crest
Broyhill Crest,Week4,Ilda Community,Week2,301.0 Ilda Community - 101.0 Broyhill Crest
Broyhill Crest,Week4,Daventry,Week2,262.0 Daventry - 132.0 Broyhill Crest
Brookfield ,Week3,Shouse Village,Week5,235.0 Shouse Village - 167.0 Brookfield
Broyhill Crest,Week2,Hunter Mill,Week3,371.0 Hunter Mill - 31.0 Broyhill Crest
Broyhill Crest,Week2,Daventry,Week5,292.0 Daventry - 101.0 Broyhill Crest
Brookfield ,Week1,Lakevale Estates,Week1,269.0 Lakevale Estates - 133.0 Brookfield
Brookfield ,Week3,Orange Hunt,Week5,259.0 Orange Hunt - 143.0 Brookfield
Brookfield ,Week1,Lake Braddock,Week3,301.0 Brookfield - 101.0 Lake Braddock
Brookfield ,Week4,Orange Hunt,Week5,227.0 Orange Hunt - 175.0 Brookfield
Broyhill Crest,Week1,Daventry,Week4,261.0 Daventry - 132.0 Broyhill Crest
Broyhill Crest,Week5,Hunter Mill,Week4,362.0 Hunter Mill - 40.0 Broyhill Crest
Brookfield ,Week5,Kings Ridge ,Week5,251.0 Brookfield - 151.0 Kings Ridge
Broyhill Crest,Week2,Mosby Woods,Week1,381.0 Mosby Woods - 20.0 Broyhill Crest
Brookfield ,Week5,Sideburn Run,Week5,228.0 Sideburn Run - 174.0 Brookfield
Brookfield ,Week4,Orange Hunt,Week2,201.0 Brookfield - 201.0 Orange Hunt
Bren Mar-Edsall Park,Week2,Woodley,Week5,318.0 Woodley - 82.0 Bren Mar-Edsall Park
Broyhill Crest,Week4,Ilda Community,Week3,283.0 Ilda Community - 119.0 Broyhill Crest
Broyhill Crest,Week3,Ilda Community,Week5,312.0 Ilda Community - 87.0 Broyhill Crest
Broyhill Crest,Week3,Daventry,Week1,264.0 Daventry - 134.0 Broyhill Crest
Bren Mar-Edsall Park,Week5,Waynewood,Week1,367.0 Waynewood - 35.0 Bren Mar-Edsall Park
Brookfield ,Week4,Orange Hunt,Week3,210.0 Orange Hunt - 192.0 Brookfield
Brookfield ,Week1,Sideburn Run,Week4,207.0 Brookfield - 195.0 Sideburn Run
Bren Mar-Edsall Park,Week1,Woodley,Week2,317.0 Woodley - 84.0 Bren Mar-Edsall Park
Broyhill Crest,Week3,Mosby Woods,Week3,371.0 Mosby Woods - 30.0 Broyhill Crest
Broyhill Crest,Week3,Daventry,Week5,286.0 Daventry - 106.0 Broyhill Crest
Broyhill Crest,Week1,Daventry,Week1,253.5 Daventry - 136.5 Broyhill Crest
Broyhill Crest,Week4,Mosby Woods,Week3,366.0 Mosby Woods - 35.0 Broyhill Crest
Brookfield ,Week5,Orange Hunt,Week1,220.0 Orange Hunt - 182.0 Brookfield
Brookfield ,Week1,Overlee,Week3,332.0 Overlee - 70.0 Brookfield
Broyhill Crest,Week4,Daventry,Week3,248.0 Daventry - 148.0 Broyhill Crest
Broyhill Crest,Week2,Hunter Mill,Week5,369.0 Hunter Mill - 33.0 Broyhill Crest
Brookfield ,Week4,Shouse Village,Week5,218.0 Shouse Village - 184.0 Brookfield
Brookfield ,Week3,Lake Braddock,Week4,274.0 Brookfield - 128.0 Lake Braddock
Brookfield ,Week4,Shouse Village,Week4,231.0 Shouse Village - 171.0 Brookfield
Broyhill Crest,Week4,Daventry,Week1,250.0 Daventry - 146.0 Broyhill Crest
Brookfield ,Week5,Orange Hunt,Week4,213.0 Orange Hunt - 189.0 Brookfield
Brookfield ,Week4,Lake Braddock,Week4,310.0 Brookfield - 92.0 Lake Braddock
Brookfield ,Week5,Shouse Village,Week5,219.0 Shouse Village - 183.0 Brookfield
Broyhill Crest,Week1,Daventry,Week3,257.0 Daventry - 133.0 Broyhill Crest
Broyhill Crest,Week5,Mosby Woods,Week5,374.0 Mosby Woods - 28.0 Broyhill Crest
Brookfield ,Week4,Orange Hunt,Week4,205.0 Brookfield - 197.0 Orange Hunt
Brookfield ,Week5,Lake Braddock,Week4,292.0 Brookfield - 110.0 Lake Braddock
Broyhill Crest,Week3,Hunter Mill,Week1,365.0 Hunter Mill - 32.0 Broyhill Crest
Brookfield ,Week5,Orange Hunt,Week5,239.0 Orange Hunt - 163.0 Brookfield
Brookfield ,Week5,Lake Braddock,Week2,270.0 Brookfield - 132.0 Lake Braddock
Broyhill Crest,Week5,Mosby Woods,Week4,361.0 Mosby Woods - 41.0 Broyhill Crest
Broyhill Crest,Week5,Mosby Woods,Week3,359.0 Mosby Woods - 43.0 Broyhill Crest
Broyhill Crest,Week2,Hunter Mill,Week4,371.0 Hunter Mill - 31.0 Broyhill Crest
Broyhill Crest,Week3,Hunter Mill,Week3,375.0 Hunter Mill - 27.0 Broyhill Crest
Brookfield ,Week4,Lake Braddock,Week3,287.0 Brookfield - 115.0 Lake Braddock
Broyhill Crest,Week1,Mount Vernon Park,Week3,383.5 Mount Vernon Park - 17.5 Broyhill Crest
Broyhill Crest,Week5,Daventry,Week1,233.0 Daventry - 166.0 Broyhill Crest
Brookfield ,Week5,Shouse Village,Week3,219.0 Shouse Village - 183.0 Brookfield
Brookfield ,Week1,Sideburn Run,Week3,209.0 Sideburn Run - 193.0 Brookfield
Brookfield ,Week5,Overlee,Week2,351.0 Overlee - 51.0 Brookfield
Brookfield ,Week4,Shouse Village,Week1,202.0 Shouse Village - 200.0 Brookfield
Broyhill Crest,Week2,Mount Vernon Park,Week5,381.0 Mount Vernon Park - 21.0 Broyhill Crest
Brookfield ,Week2,Lakevale Estates,Week1,275.0 Lakevale Estates - 127.0 Brookfield
Brookfield ,Week5,Shouse Village,Week1,207.0 Shouse Village - 195.0 Brookfield
Broyhill Crest,Week1,Dominion Hills,Week5,370.0 Dominion Hills - 32.0 Broyhill Crest
Broyhill Crest,Week2,Ilda Community,Week3,303.0 Ilda Community - 99.0 Broyhill Crest
Brookfield ,Week2,Overlee,Week4,375.0 Overlee - 27.0 Brookfield
Brookfield ,Week3,Overlee,Week1,350.0 Overlee - 52.0 Brookfield
Brookfield ,Week1,Sideburn Run,Week5,212.0 Sideburn Run - 190.0 Brookfield
Broyhill Crest,Week4,Dominion Hills,Week3,355.0 Dominion Hills - 47.0 Broyhill Crest
Broyhill Crest,Week2,Dominion Hills,Week1,361.0 Dominion Hills - 41.0 Broyhill Crest
Brookfield ,Week5,Shouse Village,Week2,207.0 Brookfield - 195.0 Shouse Village
Brookfield ,Week1,Lakevale Estates,Week2,257.0 Lakevale Estates - 145.0 Brookfield
Broyhill Crest,Week4,Hunter Mill,Week3,366.0 Hunter Mill - 36.0 Broyhill Crest
Brookfield ,Week1,Parklawn,Week3,280.0 Brookfield - 122.0 Parklawn
Brookfield ,Week2,Lakevale Estates,Week2,277.0 Lakevale Estates - 125.0 Brookfield
Broyhill Crest,Week4,Hunter Mill,Week2,352.0 Hunter Mill - 50.0 Broyhill Crest
Brookfield ,Week4,Overlee,Week2,351.0 Overlee - 51.0 Brookfield
Broyhill Crest,Week2,Mount Vernon Park,Week3,385.0 Mount Vernon Park - 16.0 Broyhill Crest
Brookfield ,Week1,Lakevale Estates,Week4,282.0 Lakevale Estates - 120.0 Brookfield
Brookfield ,Week1,Sideburn Run,Week2,206.0 Brookfield - 196.0 Sideburn Run
Brookfield ,Week5,Orange Hunt,Week3,214.0 Orange Hunt - 188.0 Brookfield
Brookfield ,Week4,Shouse Village,Week3,208.0 Shouse Village - 194.0 Brookfield
Brookfield ,Week2,Lakevale Estates,Week3,292.0 Lakevale Estates - 110.0 Brookfield
Broyhill Crest,Week1,Mount Vernon Park,Week2,385.0 Mount Vernon Park - 17.0 Broyhill Crest
Broyhill Crest,Week1,Mount Vernon Park,Week5,383.0 Mount Vernon Park - 19.0 Broyhill Crest
Broyhill Crest,Week1,Ilda Community,Week3,286.0 Ilda Community - 115.0 Broyhill Crest
Broyhill Crest,Week2,Mount Vernon Park,Week2,392.0 Mount Vernon Park - 10.0 Broyhill Crest
Broyhill Crest,Week4,Hunter Mill,Week4,362.0 Hunter Mill - 40.0 Broyhill Crest
Broyhill Crest,Week1,Ilda Community,Week1,275.0 Ilda Community - 123.0 Broyhill Crest
Broyhill Crest,Week1,Donaldson Run,Week3,385.0 Donaldson Run - 17.0 Broyhill Crest
Brookfield ,Week5,Lake Braddock,Week5,266.0 Brookfield - 136.0 Lake Braddock
Broyhill Crest,Week2,Mount Vernon Park,Week4,393.0 Mount Vernon Park - 9.0 Broyhill Crest
Broyhill Crest,Week3,Dominion Hills,Week5,377.0 Dominion Hills - 25.0 Broyhill Crest
Broyhill Crest,Week2,Dominion Hills,Week4,368.0 Dominion Hills - 34.0 Broyhill Crest
Broyhill Crest,Week4,Mosby Woods,Week4,372.0 Mosby Woods - 30.0 Broyhill Crest
Brookfield ,Week5,Overlee,Week1,338.5 Overlee - 63.5 Brookfield
Brookfield ,Week4,Sideburn Run,Week3,216.0 Sideburn Run - 186.0 Brookfield
Brookfield ,Week3,Lakevale Estates,Week1,281.0 Lakevale Estates - 121.0 Brookfield
Broyhill Crest,Week5,Dominion Hills,Week3,347.0 Dominion Hills - 55.0 Broyhill Crest
Brookfield ,Week3,Sideburn Run,Week3,229.0 Sideburn Run - 173.0 Brookfield
Broyhill Crest,Week4,Mosby Woods,Week5,384.0 Mosby Woods - 18.0 Broyhill Crest
Brookfield ,Week3,Overlee,Week5,378.0 Overlee - 24.0 Brookfield
Broyhill Crest,Week1,Ilda Community,Week4,320.0 Ilda Community - 80.0 Broyhill Crest
Brookfield ,Week2,Overlee,Week2,353.0 Overlee - 49.0 Brookfield
Brookfield ,Week3,Overlee,Week3,355.0 Overlee - 47.0 Brookfield
Brookfield ,Week5,Lake Braddock,Week1,293.0 Brookfield - 109.0 Lake Braddock
Broyhill Crest,Week5,Mosby Woods,Week1,369.0 Mosby Woods - 33.0 Broyhill Crest
Broyhill Crest,Week3,Donaldson Run,Week1,390.0 Donaldson Run - 12.0 Broyhill Crest
Brookfield ,Week2,Lakevale Estates,Week5,277.0 Lakevale Estates - 125.0 Brookfield
Brookfield ,Week1,Overlee,Week5,366.0 Overlee - 36.0 Brookfield
Brookfield ,Week4,Orange Hunt,Week1,210.0 Brookfield - 192.0 Orange Hunt
Broyhill Crest,Week2,Ilda Community,Week5,299.0 Ilda Community - 100.0 Broyhill Crest
Broyhill Crest,Week5,Hunter Mill,Week1,354.0 Hunter Mill - 48.0 Broyhill Crest
Brookfield ,Week3,Overlee,Week2,367.0 Overlee - 35.0 Brookfield
Broyhill Crest,Week1,Mount Vernon Park,Week1,380.0 Mount Vernon Park - 16.0 Broyhill Crest
Brookfield ,Week5,Lake Braddock,Week3,276.0 Brookfield - 126.0 Lake Braddock
Brookfield ,Week3,Lakevale Estates,Week4,297.0 Lakevale Estates - 105.0 Brookfield
Broyhill Crest,Week5,Hunter Mill,Week2,348.0 Hunter Mill - 54.0 Broyhill Crest
Broyhill Crest,Week2,Ilda Community,Week2,321.0 Ilda Community - 81.0 Broyhill Crest
Broyhill Crest,Week2,Dominion Hills,Week3,369.0 Dominion Hills - 33.0 Broyhill Crest
Brookfield ,Week2,Sideburn Run,Week1,222.0 Sideburn Run - 180.0 Brookfield
Brookfield ,Week3,Lakevale Estates,Week2,273.0 Lakevale Estates - 129.0 Brookfield
Brookfield ,Week2,Sideburn Run,Week3,224.0 Sideburn Run - 178.0 Brookfield
Broyhill Crest,Week1,Mount Vernon Park,Week4,394.0 Mount Vernon Park - 8.0 Broyhill Crest
Broyhill Crest,Week2,Donaldson Run,Week4,387.0 Donaldson Run - 15.0 Broyhill Crest
Broyhill Crest,Week4,Mosby Woods,Week2,378.0 Mosby Woods - 23.0 Broyhill Crest
Broyhill Crest,Week2,Mount Vernon Park,Week1,385.0 Mount Vernon Park - 16.0 Broyhill Crest
Brookfield ,Week4,Sideburn Run,Week2,211.0 Brookfield - 191.0 Sideburn Run
Broyhill Crest,Week3,Donaldson Run,Week2,385.0 Donaldson Run - 17.0 Broyhill Crest
Broyhill Crest,Week4,Dominion Hills,Week4,364.0 Dominion Hills - 38.0 Broyhill Crest
Brookfield ,Week3,Sideburn Run,Week1,233.0 Sideburn Run - 169.0 Brookfield
Broyhill Crest,Week2,Ilda Community,Week1,289.0 Ilda Community - 112.0 Broyhill Crest
Broyhill Crest,Week2,Ilda Community,Week4,322.0 Ilda Community - 80.0 Broyhill Crest
Broyhill Crest,Week2,Donaldson Run,Week1,386.0 Donaldson Run - 16.0 Broyhill Crest
Broyhill Crest,Week1,Ilda Community,Week2,305.0 Ilda Community - 95.0 Broyhill Crest
Brookfield ,Week4,Sideburn Run,Week4,206.0 Brookfield - 196.0 Sideburn Run
Broyhill Crest,Week1,Donaldson Run,Week1,383.0 Donaldson Run - 19.0 Broyhill Crest
Brookfield ,Week4,Sideburn Run,Week5,222.0 Sideburn Run - 180.0 Brookfield
Broyhill Crest,Week3,Mount Vernon Park,Week3,386.5 Mount Vernon Park - 15.5 Broyhill Crest
Broyhill Crest,Week4,Dominion Hills,Week2,358.0 Dominion Hills - 44.0 Broyhill Crest
Brookfield ,Week2,Lakeview,Week1,304.0 Brookfield - 98.0 Lakeview
Brookfield ,Week1,Lakeview,Week1,307.0 Brookfield - 95.0 Lakeview
Brookfield ,Week1,Lakeview,Week2,310.0 Brookfield - 92.0 Lakeview
Broyhill Crest,Week1,Ilda Community,Week5,299.0 Ilda Community - 97.0 Broyhill Crest
Brookfield ,Week1,Overlee,Week2,346.0 Overlee - 56.0 Brookfield
Broyhill Crest,Week3,Ilda Community,Week2,314.0 Ilda Community - 88.0 Broyhill Crest
Brookfield ,Week4,Overlee,Week1,324.0 Overlee - 78.0 Brookfield
Broyhill Crest,Week3,Ilda Community,Week1,293.0 Ilda Community - 108.0 Broyhill Crest
Brookfield ,Week5,Sideburn Run,Week3,229.0 Sideburn Run - 173.0 Brookfield
Brookfield ,Week1,Overlee,Week1,326.0 Overlee - 76.0 Brookfield
Brookfield ,Week5,Orange Hunt,Week2,213.0 Orange Hunt - 189.0 Brookfield
Broyhill Crest,Week2,Dominion Hills,Week5,383.0 Dominion Hills - 19.0 Broyhill Crest
Broyhill Crest,Week4,Mosby Woods,Week1,380.0 Mosby Woods - 21.0 Broyhill Crest
Broyhill Crest,Week3,Mount Vernon Park,Week2,389.0 Mount Vernon Park - 13.0 Broyhill Crest
Brookfield ,Week3,Sideburn Run,Week5,237.0 Sideburn Run - 165.0 Brookfield
Brookfield ,Week5,Lakevale Estates,Week2,280.0 Lakevale Estates - 122.0 Brookfield
Broyhill Crest,Week3,Mount Vernon Park,Week1,385.0 Mount Vernon Park - 16.0 Broyhill Crest
Broyhill Crest,Week1,Donaldson Run,Week2,384.0 Donaldson Run - 18.0 Broyhill Crest
Brookfield ,Week5,Sideburn Run,Week1,221.0 Sideburn Run - 181.0 Brookfield
Broyhill Crest,Week4,Ilda Community,Week1,267.0 Ilda Community - 134.0 Broyhill Crest
Brookfield ,Week5,Sideburn Run,Week4,225.0 Sideburn Run - 177.0 Brookfield
Broyhill Crest,Week3,Donaldson Run,Week4,389.0 Donaldson Run - 13.0 Broyhill Crest
Brookfield ,Week4,Overlee,Week4,371.0 Overlee - 31.0 Brookfield
Brookfield ,Week2,Overlee,Week3,338.0 Overlee - 64.0 Brookfield
Brookfield ,Week4,Overlee,Week3,338.0 Overlee - 64.0 Brookfield
Brookfield ,Week2,Lakeview,Week4,262.0 Brookfield - 140.0 Lakeview
Brookfield ,Week2,Overlee,Week1,326.0 Overlee - 76.0 Brookfield
Brookfield ,Week2,Overlee,Week5,367.0 Overlee - 35.0 Brookfield
Brookfield ,Week3,Overlee,Week4,380.0 Overlee - 22.0 Brookfield
Broyhill Crest,Week1,Kent Gardens,Week1,349.0 Kent Gardens - 52.0 Broyhill Crest
Brookfield ,Week5,Sleepy Hollow B & R,Week1,226.0 Sleepy Hollow B & R - 176.0 Brookfield
Broyhill Crest,Week1,Donaldson Run,Week4,390.0 Donaldson Run - 12.0 Broyhill Crest
Brookfield ,Week4,Lakevale Estates,Week3,274.0 Lakevale Estates - 128.0 Brookfield
Brookfield ,Week5,Sleepy Hollow B & R,Week3,252.0 Sleepy Hollow B & R - 150.0 Brookfield
Broyhill Crest,Week3,Donaldson Run,Week3,389.0 Donaldson Run - 13.0 Broyhill Crest
Broyhill Crest,Week4,Ilda Community,Week5,291.0 Ilda Community - 109.0 Broyhill Crest
Brookfield ,Week4,Overlee,Week5,363.5 Overlee - 38.5 Brookfield
Brookfield ,Week4,Lakevale Estates,Week5,272.5 Lakevale Estates - 129.5 Brookfield
Brookfield ,Week1,Sleepy Hollow B & R,Week4,257.0 Sleepy Hollow B & R - 145.0 Brookfield
Brookfield ,Week2,Lakeview,Week2,303.0 Brookfield - 99.0 Lakeview
Brookfield ,Week2,Sleepy Hollow B & R,Week3,249.5 Sleepy Hollow B & R - 152.5 Brookfield
Broyhill Crest,Week3,Ilda Community,Week4,323.0 Ilda Community - 78.0 Broyhill Crest
Broyhill Crest,Week3,Dominion Hills,Week2,369.0 Dominion Hills - 33.0 Broyhill Crest
Broyhill Crest,Week1,Kent Gardens,Week3,331.0 Kent Gardens - 67.0 Broyhill Crest
Broyhill Crest,Week5,Dominion Hills,Week1,345.0 Dominion Hills - 57.0 Broyhill Crest
Brookfield ,Week5,Lakevale Estates,Week1,283.0 Lakevale Estates - 119.0 Brookfield
Broyhill Crest,Week3,Dominion Hills,Week1,363.0 Dominion Hills - 39.0 Broyhill Crest
Brookfield ,Week4,Sleepy Hollow B & R,Week4,244.0 Sleepy Hollow B & R - 158.0 Brookfield
Brookfield ,Week2,Lakeview,Week3,280.0 Brookfield - 122.0 Lakeview
Broyhill Crest,Week3,Dominion Hills,Week3,368.0 Dominion Hills - 34.0 Broyhill Crest
Broyhill Crest,Week1,Kent Gardens,Week4,337.0 Kent Gardens - 64.0 Broyhill Crest
Broyhill Crest,Week3,Ilda Community,Week3,293.0 Ilda Community - 103.0 Broyhill Crest
Brookfield ,Week1,Lakeview,Week3,291.0 Brookfield - 111.0 Lakeview
Brookfield ,Week1,Overlee,Week4,365.0 Overlee - 37.0 Brookfield
Brookfield ,Week1,Sleepy Hollow Rec,Week1,274.5 Brookfield - 127.5 Sleepy Hollow Rec
Brookfield ,Week4,Lakevale Estates,Week2,265.0 Lakevale Estates - 137.0 Brookfield
Broyhill Crest,Week4,Dominion Hills,Week5,368.0 Dominion Hills - 34.0 Broyhill Crest
Broyhill Crest,Week5,Dominion Hills,Week2,354.0 Dominion Hills - 48.0 Broyhill Crest
Broyhill Crest,Week1,Donaldson Run,Week5,389.0 Donaldson Run - 8.0 Broyhill Crest
Brookfield ,Week5,Overlee,Week5,368.0 Overlee - 34.0 Brookfield
Broyhill Crest,Week2,Rutherford,Week1,308.0 Rutherford - 93.0 Broyhill Crest
Brookfield ,Week1,Hiddenbrook,Week3,248.0 Brookfield - 154.0 Hiddenbrook
Broyhill Crest,Week2,Rolling Valley,Week1,267.0 Rolling Valley - 134.0 Broyhill Crest
Brookfield ,Week4,Herndon,Week5,326.0 Brookfield - 76.0 Herndon
Brookfield ,Week3,Sleepy Hollow B & R,Week3,262.0 Sleepy Hollow B & R - 140.0 Brookfield
Brookfield ,Week5,Overlee,Week4,370.0 Overlee - 32.0 Brookfield
Brookfield ,Week4,Sleepy Hollow B & R,Week5,260.0 Sleepy Hollow B & R - 142.0 Brookfield
Broyhill Crest,Week3,Rolling Valley,Week1,254.0 Rolling Valley - 146.0 Broyhill Crest
Broyhill Crest,Week5,Ilda Community,Week3,267.0 Ilda Community - 135.0 Broyhill Crest
Brookfield ,Week1,Lakeview,Week5,295.0 Brookfield - 98.0 Lakeview
Broyhill Crest,Week3,Dominion Hills,Week4,373.0 Dominion Hills - 29.0 Broyhill Crest
Broyhill Crest,Week2,Rolling Valley,Week4,309.0 Rolling Valley - 93.0 Broyhill Crest
Brookfield ,Week5,Overlee,Week3,334.5 Overlee - 67.5 Brookfield
Brookfield ,Week1,Parklawn,Week1,297.0 Brookfield - 96.0 Parklawn
Brookfield ,Week4,Lakevale Estates,Week1,254.0 Lakevale Estates - 148.0 Brookfield
Broyhill Crest,Week2,Kent Gardens,Week1,352.0 Kent Gardens - 50.0 Broyhill Crest
Brookfield ,Week1,Parklawn,Week2,278.0 Brookfield - 124.0 Parklawn
Brookfield ,Week3,Sleepy Hollow B & R,Week2,254.0 Sleepy Hollow B & R - 148.0 Brookfield
Broyhill Crest,Week4,Ilda Community,Week4,308.0 Ilda Community - 94.0 Broyhill Crest
Broyhill Crest,Week5,Kent Gardens,Week3,325.0 Kent Gardens - 76.0 Broyhill Crest
Brookfield ,Week1,Lakeview,Week4,286.0 Brookfield - 116.0 Lakeview
Broyhill Crest,Week1,Kent Gardens,Week2,336.0 Kent Gardens - 64.0 Broyhill Crest
Brookfield ,Week5,Lakevale Estates,Week4,293.0 Lakevale Estates - 109.0 Brookfield
Broyhill Crest,Week4,Dominion Hills,Week1,340.0 Dominion Hills - 62.0 Broyhill Crest
Brookfield ,Week5,Lakevale Estates,Week3,280.0 Lakevale Estates - 122.0 Brookfield
Broyhill Crest,Week4,Rolling Valley,Week4,289.0 Rolling Valley - 113.0 Broyhill Crest
Brookfield ,Week4,Sleepy Hollow B & R,Week1,230.0 Sleepy Hollow B & R - 172.0 Brookfield
Broyhill Crest,Week1,Rutherford,Week4,310.0 Rutherford - 85.0 Broyhill Crest
Brookfield ,Week5,Herndon,Week5,328.0 Brookfield - 74.0 Herndon
Brookfield ,Week2,Herndon,Week2,328.0 Brookfield - 74.0 Herndon
Broyhill Crest,Week1,Kings Ridge ,Week1,290.0 Kings Ridge - 107.0 Broyhill Crest
Brookfield ,Week2,Sleepy Hollow B & R,Week2,245.0 Sleepy Hollow B & R - 157.0 Brookfield
Brookfield ,Week2,Langley,Week2,261.5 Langley - 140.5 Brookfield
Broyhill Crest,Week2,Donaldson Run,Week2,384.0 Donaldson Run - 18.0 Broyhill Crest
Brookfield ,Week4,Lakevale Estates,Week4,282.0 Lakevale Estates - 120.0 Brookfield
Broyhill Crest,Week2,Rutherford,Week3,317.0 Rutherford - 84.0 Broyhill Crest
Broyhill Crest,Week2,Kings Ridge ,Week1,296.0 Kings Ridge - 106.0 Broyhill Crest
Brookfield ,Week3,Langley,Week1,287.0 Langley - 115.0 Brookfield
Brookfield ,Week3,Herndon,Week5,310.0 Brookfield - 92.0 Herndon
Brookfield ,Week3,Herndon,Week1,313.0 Brookfield - 88.0 Herndon
Broyhill Crest,Week5,Dominion Hills,Week4,351.0 Dominion Hills - 51.0 Broyhill Crest
Broyhill Crest,Week1,Rolling Valley,Week3,273.0 Rolling Valley - 121.0 Broyhill Crest
Brookfield ,Week1,Parklawn,Week5,253.0 Brookfield - 149.0 Parklawn
Broyhill Crest,Week4,Kent Gardens,Week4,345.0 Kent Gardens - 56.0 Broyhill Crest
Brookfield ,Week4,Parklawn,Week2,268.0 Brookfield - 134.0 Parklawn
Brookfield ,Week4,Sleepy Hollow B & R,Week3,247.0 Sleepy Hollow B & R - 155.0 Brookfield
Broyhill Crest,Week5,Dominion Hills,Week5,362.0 Dominion Hills - 40.0 Broyhill Crest
Brookfield ,Week2,Parklawn,Week5,234.0 Brookfield - 167.0 Parklawn
Brookfield ,Week5,Hayfield Farm,Week4,225.0 Hayfield Farm - 177.0 Brookfield
Broyhill Crest,Week5,Ilda Community,Week1,263.0 Ilda Community - 138.0 Broyhill Crest
Broyhill Crest,Week2,Donaldson Run,Week3,391.0 Donaldson Run - 11.0 Broyhill Crest
Brookfield ,Week1,Herndon,Week1,335.0 Brookfield - 67.0 Herndon
Brookfield ,Week2,Parklawn,Week4,233.0 Brookfield - 168.0 Parklawn
Brookfield ,Week5,Lakevale Estates,Week5,285.0 Lakevale Estates - 117.0 Brookfield
Brookfield ,Week3,Sleepy Hollow B & R,Week1,249.0 Sleepy Hollow B & R - 153.0 Brookfield
Broyhill Crest,Week4,Kent Gardens,Week2,337.5 Kent Gardens - 62.5 Broyhill Crest
Broyhill Crest,Week3,Rolling Valley,Week4,310.0 Rolling Valley - 92.0 Broyhill Crest
Brookfield ,Week4,Sleepy Hollow B & R,Week2,236.0 Sleepy Hollow B & R - 166.0 Brookfield
Brookfield ,Week2,Sleepy Hollow B & R,Week4,258.0 Sleepy Hollow B & R - 144.0 Brookfield
Brookfield ,Week1,Herndon,Week5,328.0 Brookfield - 74.0 Herndon
Broyhill Crest,Week2,Kent Gardens,Week4,341.0 Kent Gardens - 60.0 Broyhill Crest
Broyhill Crest,Week3,Kent Gardens,Week4,344.0 Kent Gardens - 57.0 Broyhill Crest
Brookfield ,Week2,Herndon,Week1,317.0 Brookfield - 85.0 Herndon
Broyhill Crest,Week5,Donaldson Run,Week3,385.0 Donaldson Run - 17.0 Broyhill Crest
Brookfield ,Week3,Lakeview,Week5,274.0 Brookfield - 119.0 Lakeview
Broyhill Crest,Week2,Rolling Valley,Week2,303.0 Rolling Valley - 98.0 Broyhill Crest
Brookfield ,Week5,Parklawn,Week5,246.0 Brookfield - 151.0 Parklawn
Broyhill Crest,Week4,Rolling Valley,Week3,262.5 Rolling Valley - 138.5 Broyhill Crest
Brookfield ,Week5,Lakeview,Week5,286.0 Brookfield - 107.0 Lakeview
Brookfield ,Week5,Parklawn,Week4,228.0 Brookfield - 169.0 Parklawn
Broyhill Crest,Week1,Dowden Terrace,Week1,331.0 Dowden Terrace - 70.0 Broyhill Crest
Brookfield ,Week5,Sleepy Hollow B & R,Week4,251.0 Sleepy Hollow B & R - 151.0 Brookfield
Broyhill Crest,Week2,Dowden Terrace,Week2,343.0 Dowden Terrace - 59.0 Broyhill Crest
Broyhill Crest,Week2,Rolling Valley,Week3,283.0 Rolling Valley - 117.0 Broyhill Crest
Brookfield ,Week2,Langley,Week1,283.0 Langley - 119.0 Brookfield
Broyhill Crest,Week5,Rolling Valley,Week3,254.0 Rolling Valley - 148.0 Broyhill Crest
Brookfield ,Week1,Herndon,Week3,336.0 Brookfield - 66.0 Herndon
Brookfield ,Week5,Sleepy Hollow B & R,Week2,234.0 Sleepy Hollow B & R - 168.0 Brookfield
Broyhill Crest,Week2,Donaldson Run,Week5,390.0 Donaldson Run - 12.0 Broyhill Crest
Broyhill Crest,Week2,Kent Gardens,Week3,335.0 Kent Gardens - 65.0 Broyhill Crest
Brookfield ,Week5,Lakeview,Week4,282.0 Brookfield - 120.0 Lakeview
Broyhill Crest,Week3,Kent Gardens,Week2,340.0 Kent Gardens - 61.0 Broyhill Crest
Brookfield ,Week1,Herndon,Week2,327.0 Brookfield - 75.0 Herndon
Brookfield ,Week1,Parliament,Week1,215.0 Brookfield - 187.0 Parliament
Brookfield ,Week1,Sleepy Hollow B & R,Week2,233.0 Sleepy Hollow B & R - 169.0 Brookfield
Broyhill Crest,Week5,Ilda Community,Week4,296.0 Ilda Community - 106.0 Broyhill Crest
Broyhill Crest,Week4,Rolling Valley,Week5,286.0 Rolling Valley - 116.0 Broyhill Crest
Broyhill Crest,Week1,Rutherford,Week1,288.0 Rutherford - 110.0 Broyhill Crest
Brookfield ,Week4,Parklawn,Week1,291.0 Brookfield - 102.0 Parklawn
Broyhill Crest,Week1,Dowden Terrace,Week4,333.0 Dowden Terrace - 69.0 Broyhill Crest
Brookfield ,Week2,Herndon,Week4,330.0 Brookfield - 72.0 Herndon
Brookfield ,Week1,Sleepy Hollow B & R,Week1,227.0 Sleepy Hollow B & R - 175.0 Brookfield
Brookfield ,Week5,Parklawn,Week2,259.0 Brookfield - 143.0 Parklawn
Broyhill Crest,Week5,Donaldson Run,Week1,378.0 Donaldson Run - 24.0 Broyhill Crest
Brookfield ,Week3,Sleepy Hollow B & R,Week5,281.0 Sleepy Hollow B & R - 121.0 Brookfield
Brookfield ,Week3,Lakeview,Week2,306.0 Brookfield - 96.0 Lakeview
Brookfield ,Week4,Herndon,Week1,326.0 Brookfield - 76.0 Herndon
Broyhill Crest,Week4,Rolling Valley,Week1,246.0 Rolling Valley - 155.0 Broyhill Crest
Brookfield ,Week1,Langley,Week4,273.0 Langley - 129.0 Brookfield
Brookfield ,Week2,Langley,Week5,262.5 Langley - 139.5 Brookfield
Brookfield ,Week2,Parklawn,Week2,251.0 Brookfield - 150.0 Parklawn
Broyhill Crest,Week3,Rolling Valley,Week5,310.0 Rolling Valley - 92.0 Broyhill Crest
Brookfield ,Week4,Herndon,Week3,345.0 Brookfield - 57.0 Herndon
Broyhill Crest,Week3,Kent Gardens,Week5,370.0 Kent Gardens - 32.0 Broyhill Crest
Broyhill Crest,Week5,Donaldson Run,Week2,381.0 Donaldson Run - 21.0 Broyhill Crest
Broyhill Crest,Week2,Kent Gardens,Week5,370.0 Kent Gardens - 32.0 Broyhill Crest
Broyhill Crest,Week2,Kent Gardens,Week2,339.0 Kent Gardens - 62.0 Broyhill Crest
Brookfield ,Week2,Sleepy Hollow B & R,Week1,245.5 Sleepy Hollow B & R - 156.5 Brookfield
Broyhill Crest,Week1,Rolling Valley,Week5,283.0 Rolling Valley - 119.0 Broyhill Crest
Brookfield ,Week2,Herndon,Week5,321.5 Brookfield - 80.5 Herndon
Brookfield ,Week2,Sleepy Hollow B & R,Week5,271.0 Sleepy Hollow B & R - 131.0 Brookfield
Brookfield ,Week5,Lakeview,Week3,294.0 Brookfield - 108.0 Lakeview
Brookfield ,Week4,Parklawn,Week5,253.0 Brookfield - 149.0 Parklawn
Brookfield ,Week1,Sleepy Hollow B & R,Week3,247.0 Sleepy Hollow B & R - 155.0 Brookfield
Brookfield ,Week5,Sleepy Hollow B & R,Week5,273.0 Sleepy Hollow B & R - 129.0 Brookfield
Brookfield ,Week1,Parklawn,Week4,254.0 Brookfield - 148.0 Parklawn
Broyhill Crest,Week2,Dowden Terrace,Week1,335.0 Dowden Terrace - 66.0 Broyhill Crest
Brookfield ,Week3,Langley,Week5,275.0 Langley - 127.0 Brookfield
Brookfield ,Week3,Sleepy Hollow B & R,Week4,271.0 Sleepy Hollow B & R - 131.0 Brookfield
Broyhill Crest,Week4,Donaldson Run,Week3,387.0 Donaldson Run - 15.0 Broyhill Crest
Brookfield ,Week3,Parklawn,Week2,257.0 Brookfield - 140.0 Parklawn
Brookfield ,Week1,Sleepy Hollow B & R,Week5,262.0 Sleepy Hollow B & R - 140.0 Brookfield
Broyhill Crest,Week3,Rolling Valley,Week3,289.0 Rolling Valley - 112.0 Broyhill Crest
Broyhill Crest,Week5,Ilda Community,Week2,281.0 Ilda Community - 121.0 Broyhill Crest
Brookfield ,Week3,Herndon,Week4,317.0 Brookfield - 85.0 Herndon
Broyhill Crest,Week3,Rolling Valley,Week2,291.0 Rolling Valley - 111.0 Broyhill Crest
Brookfield ,Week2,Langley,Week4,287.0 Langley - 115.0 Brookfield
Brookfield ,Week4,Herndon,Week2,327.0 Brookfield - 75.0 Herndon
Broyhill Crest,Week3,Donaldson Run,Week5,386.0 Donaldson Run - 16.0 Broyhill Crest
Brookfield ,Week3,Parklawn,Week1,276.0 Brookfield - 116.0 Parklawn
Broyhill Crest,Week5,Dowden Terrace,Week3,322.0 Dowden Terrace - 80.0 Broyhill Crest
Broyhill Crest,Week4,Kent Gardens,Week1,339.0 Kent Gardens - 62.0 Broyhill Crest
Brookfield ,Week1,Sleepy Hollow Rec,Week5,251.0 Brookfield - 151.0 Sleepy Hollow Rec
Brookfield ,Week3,Parklawn,Week3,259.0 Brookfield - 139.0 Parklawn
Broyhill Crest,Week4,Donaldson Run,Week5,385.0 Donaldson Run - 17.0 Broyhill Crest
Broyhill Crest,Week1,Kent Gardens,Week5,362.5 Kent Gardens - 39.5 Broyhill Crest
Broyhill Crest,Week3,Kent Gardens,Week3,336.0 Kent Gardens - 65.0 Broyhill Crest
Brookfield ,Week1,Herndon,Week4,330.0 Brookfield - 72.0 Herndon
Brookfield ,Week4,Herndon,Week4,328.0 Brookfield - 74.0 Herndon
Brookfield ,Week5,Lakeview,Week1,308.0 Brookfield - 94.0 Lakeview
Broyhill Crest,Week4,Rolling Valley,Week2,270.0 Rolling Valley - 132.0 Broyhill Crest
Brookfield ,Week4,Lakeview,Week2,326.0 Brookfield - 76.0 Lakeview
Broyhill Crest,Week2,Dowden Terrace,Week4,341.0 Dowden Terrace - 61.0 Broyhill Crest
Broyhill Crest,Week1,Rolling Valley,Week2,289.0 Rolling Valley - 112.0 Broyhill Crest
Brookfield ,Week1,Sleepy Hollow Rec,Week4,277.0 Brookfield - 125.0 Sleepy Hollow Rec
Broyhill Crest,Week1,Dowden Terrace,Week5,357.0 Dowden Terrace - 44.0 Broyhill Crest
Brookfield ,Week2,Parklawn,Week1,267.5 Brookfield - 125.5 Parklawn
Broyhill Crest,Week5,Ilda Community,Week5,284.5 Ilda Community - 115.5 Broyhill Crest
Broyhill Crest,Week5,Donaldson Run,Week4,385.0 Donaldson Run - 17.0 Broyhill Crest
Broyhill Crest,Week3,Kent Gardens,Week1,348.0 Kent Gardens - 54.0 Broyhill Crest
Brookfield ,Week3,Lakeview,Week1,294.0 Brookfield - 108.0 Lakeview
Brookfield ,Week1,Sleepy Hollow Rec,Week2,279.0 Brookfield - 123.0 Sleepy Hollow Rec
Brookfield ,Week5,Parklawn,Week3,265.5 Brookfield - 136.5 Parklawn
Broyhill Crest,Week5,Rolling Valley,Week1,213.0 Rolling Valley - 189.0 Broyhill Crest
Brookfield ,Week2,Parklawn,Week3,259.0 Brookfield - 142.0 Parklawn
Broyhill Crest,Week1,Rolling Valley,Week4,293.0 Rolling Valley - 109.0 Broyhill Crest
Brookfield ,Week5,Hayfield Farm,Week5,212.0 Hayfield Farm - 190.0 Brookfield
Brookfield ,Week3,Herndon,Week2,312.0 Brookfield - 90.0 Herndon
Brookfield ,Week4,Lakeview,Week3,307.0 Brookfield - 95.0 Lakeview
Brookfield ,Week5,Herndon,Week3,322.0 Brookfield - 80.0 Herndon
Brookfield ,Week2,Lakeview,Week5,267.0 Brookfield - 126.0 Lakeview
Broyhill Crest,Week4,Donaldson Run,Week4,385.0 Donaldson Run - 17.0 Broyhill Crest
Brookfield ,Week2,Sleepy Hollow Rec,Week2,281.0 Brookfield - 121.0 Sleepy Hollow Rec
Bren Mar-Edsall Park,Week3,Walden Glen,Week3,329.0 Walden Glen - 72.0 Bren Mar-Edsall Park
Broyhill Crest,Week5,Kent Gardens,Week4,328.0 Kent Gardens - 74.0 Broyhill Crest
Broyhill Crest,Week1,Rolling Valley,Week1,241.0 Rolling Valley - 160.0 Broyhill Crest
Brookfield ,Week5,Herndon,Week2,321.0 Brookfield - 81.0 Herndon
Brookfield ,Week4,Sleepy Hollow Rec,Week5,255.0 Brookfield - 147.0 Sleepy Hollow Rec
Brookfield ,Week2,Somerset-Olde Creek,Week2,312.0 Brookfield - 90.0 Somerset-Olde Creek
Broyhill Crest,Week5,Rolling Valley,Week4,272.0 Rolling Valley - 130.0 Broyhill Crest
Brookfield ,Week1,Parliament,Week3,239.0 Brookfield - 163.0 Parliament
Brookfield ,Week3,Parklawn,Week5,219.0 Brookfield - 179.0 Parklawn
Broyhill Crest,Week5,Kent Gardens,Week1,326.0 Kent Gardens - 75.0 Broyhill Crest
Brookfield ,Week4,Lakeview,Week4,292.0 Brookfield - 110.0 Lakeview
Broyhill Crest,Week1,Dowden Terrace,Week2,334.0 Dowden Terrace - 63.0 Broyhill Crest
Brookfield ,Week1,Langley,Week1,264.0 Langley - 138.0 Brookfield
Brookfield ,Week2,Herndon,Week3,329.0 Brookfield - 73.0 Herndon
Brookfield ,Week4,Parklawn,Week4,252.5 Brookfield - 149.5 Parklawn
Brookfield ,Week3,Lakeview,Week3,285.0 Brookfield - 117.0 Lakeview
Broyhill Crest,Week4,Kent Gardens,Week5,362.0 Kent Gardens - 40.0 Broyhill Crest
Broyhill Crest,Week2,Rolling Valley,Week5,300.0 Rolling Valley - 102.0 Broyhill Crest
Broyhill Crest,Week4,Donaldson Run,Week2,385.0 Donaldson Run - 17.0 Broyhill Crest
Brookfield ,Week5,Herndon,Week1,331.0 Brookfield - 71.0 Herndon
Brookfield ,Week3,Parklawn,Week4,219.0 Brookfield - 179.0 Parklawn
Brookfield ,Week1,Somerset-Olde Creek,Week5,307.0 Brookfield - 95.0 Somerset-Olde Creek
Broyhill Crest,Week5,Kent Gardens,Week2,325.0 Kent Gardens - 76.0 Broyhill Crest
Broyhill Crest,Week4,Kent Gardens,Week3,341.0 Kent Gardens - 59.0 Broyhill Crest
Brookfield ,Week1,Parliament,Week2,249.0 Brookfield - 153.0 Parliament
Broyhill Crest,Week5,Rolling Valley,Week2,270.0 Rolling Valley - 132.0 Broyhill Crest
Brookfield ,Week3,Herndon,Week3,326.0 Brookfield - 75.0 Herndon
Broyhill Crest,Week3,Dowden Terrace,Week1,337.0 Dowden Terrace - 61.0 Broyhill Crest
Brookfield ,Week3,Lakeview,Week4,258.0 Brookfield - 144.0 Lakeview
Brookfield ,Week4,Lakeview,Week1,319.0 Brookfield - 83.0 Lakeview
Broyhill Crest,Week5,Rolling Valley,Week5,269.5 Rolling Valley - 132.5 Broyhill Crest
Brookfield ,Week1,Somerset-Olde Creek,Week2,325.0 Brookfield - 77.0 Somerset-Olde Creek
Broyhill Crest,Week3,Dowden Terrace,Week2,346.0 Dowden Terrace - 56.0 Broyhill Crest
Brookfield ,Week2,Hiddenbrook,Week1,235.0 Brookfield - 167.0 Hiddenbrook
Broyhill Crest,Week4,Dowden Terrace,Week2,319.0 Dowden Terrace - 83.0 Broyhill Crest
Broyhill Crest,Week5,Kent Gardens,Week5,352.0 Kent Gardens - 50.0 Broyhill Crest
Brookfield ,Week5,Parklawn,Week1,279.0 Brookfield - 114.0 Parklawn
Brookfield ,Week2,Parliament,Week3,221.0 Brookfield - 181.0 Parliament
Brookfield ,Week4,Hiddenbrook,Week3,231.0 Brookfield - 171.0 Hiddenbrook
Broyhill Crest,Week2,Dowden Terrace,Week5,353.0 Dowden Terrace - 48.0 Broyhill Crest
Broyhill Crest,Week2,Rutherford,Week2,308.0 Rutherford - 93.0 Broyhill Crest
Brookfield ,Week5,Lakeview,Week2,318.0 Brookfield - 84.0 Lakeview
Brookfield ,Week2,Pinecrest,Week1,270.0 Pinecrest - 132.0 Brookfield
Brookfield ,Week1,Langley,Week5,256.0 Langley - 146.0 Brookfield
Broyhill Crest,Week1,Kings Ridge ,Week2,271.0 Kings Ridge - 126.0 Broyhill Crest
Broyhill Crest,Week3,Dowden Terrace,Week5,358.0 Dowden Terrace - 43.0 Broyhill Crest
Broyhill Crest,Week4,Dowden Terrace,Week3,328.0 Dowden Terrace - 74.0 Broyhill Crest
Brookfield ,Week5,Parliament,Week3,220.0 Brookfield - 182.0 Parliament
Bren Mar-Edsall Park,Week4,Wakefield Chapel,Week3,384.0 Wakefield Chapel - 18.0 Bren Mar-Edsall Park
Broyhill Crest,Week1,Rutherford,Week2,293.0 Rutherford - 105.0 Broyhill Crest
Brookfield ,Week1,Hiddenbrook,Week1,260.0 Brookfield - 142.0 Hiddenbrook
Broyhill Crest,Week1,Kings Ridge ,Week3,293.0 Kings Ridge - 101.0 Broyhill Crest
Brookfield ,Week1,Hiddenbrook,Week2,294.0 Brookfield - 108.0 Hiddenbrook
Brookfield ,Week2,Somerset-Olde Creek,Week4,302.0 Brookfield - 100.0 Somerset-Olde Creek
Brookfield ,Week1,Langley,Week2,244.0 Langley - 158.0 Brookfield
Brookfield ,Week4,Parklawn,Week3,279.0 Brookfield - 123.0 Parklawn
Broyhill Crest,Week1,Kings Ridge ,Week4,294.0 Kings Ridge - 107.0 Broyhill Crest
Brookfield ,Week1,Sleepy Hollow Rec,Week3,251.0 Brookfield - 151.0 Sleepy Hollow Rec
Brookfield ,Week5,Herndon,Week4,331.0 Brookfield - 71.0 Herndon
Bren Mar-Edsall Park,Week3,Wakefield Chapel,Week4,382.0 Wakefield Chapel - 20.0 Bren Mar-Edsall Park
Brookfield ,Week4,Sleepy Hollow Rec,Week3,255.0 Brookfield - 147.0 Sleepy Hollow Rec
Brookfield ,Week1,Langley,Week3,257.0 Langley - 145.0 Brookfield
Broyhill Crest,Week1,Kings Ridge ,Week5,294.0 Kings Ridge - 107.0 Broyhill Crest
Broyhill Crest,Week1,Rutherford,Week5,306.0 Rutherford - 95.0 Broyhill Crest
Brookfield ,Week1,Somerset-Olde Creek,Week4,313.0 Brookfield - 89.0 Somerset-Olde Creek
Bren Mar-Edsall Park,Week4,Walden Glen,Week2,318.0 Walden Glen - 78.0 Bren Mar-Edsall Park
Brookfield ,Week2,Sleepy Hollow Rec,Week4,264.0 Brookfield - 138.0 Sleepy Hollow Rec
Broyhill Crest,Week1,Rutherford,Week3,302.0 Rutherford - 93.0 Broyhill Crest
Bren Mar-Edsall Park,Week1,Walden Glen,Week1,324.0 Walden Glen - 77.0 Bren Mar-Edsall Park
Brookfield ,Week3,Sleepy Hollow Rec,Week3,260.0 Brookfield - 142.0 Sleepy Hollow Rec
Bren Mar-Edsall Park,Week3,Walden Glen,Week1,303.0 Walden Glen - 98.0 Bren Mar-Edsall Park
Brookfield ,Week4,Lakeview,Week5,301.0 Brookfield - 92.0 Lakeview
Bren Mar-Edsall Park,Week2,Walden Glen,Week4,344.0 Walden Glen - 51.0 Bren Mar-Edsall Park
Brookfield ,Week3,Sleepy Hollow Rec,Week5,235.0 Brookfield - 167.0 Sleepy Hollow Rec
Broyhill Crest,Week2,Dowden Terrace,Week3,346.0 Dowden Terrace - 56.0 Broyhill Crest
Broyhill Crest,Week4,Rutherford,Week2,289.0 Rutherford - 112.0 Broyhill Crest
Brookfield ,Week3,Parliament,Week2,230.0 Brookfield - 172.0 Parliament
Broyhill Crest,Week1,Dowden Terrace,Week3,349.0 Dowden Terrace - 53.0 Broyhill Crest
Brookfield ,Week3,Langley,Week2,278.0 Langley - 124.0 Brookfield
Broyhill Crest,Week3,Shouse Village,Week2,334.0 Shouse Village - 67.0 Broyhill Crest
Broyhill Crest,Week5,Kings Ridge ,Week2,256.0 Kings Ridge - 145.0 Broyhill Crest
Bren Mar-Edsall Park,Week2,Walden Glen,Week3,343.0 Walden Glen - 55.0 Bren Mar-Edsall Park
Broyhill Crest,Week4,Donaldson Run,Week1,383.0 Donaldson Run - 19.0 Broyhill Crest
Broyhill Crest,Week4,Kings Ridge ,Week1,272.0 Kings Ridge - 130.0 Broyhill Crest
Brookfield ,Week2,Langley,Week3,269.0 Langley - 133.0 Brookfield
Brookfield ,Week1,High Point Pool,Week3,216.0 High Point Pool - 186.0 Brookfield
Broyhill Crest,Week2,Rutherford,Week5,314.0 Rutherford - 88.0 Broyhill Crest
Broyhill Crest,Week2,Kings Ridge ,Week3,309.0 Kings Ridge - 89.0 Broyhill Crest
Brookfield ,Week2,Hiddenbrook,Week5,203.0 Brookfield - 199.0 Hiddenbrook
Brookfield ,Week3,Parliament,Week4,222.0 Brookfield - 180.0 Parliament
Broyhill Crest,Week5,Donaldson Run,Week5,382.5 Donaldson Run - 19.5 Broyhill Crest
Bren Mar-Edsall Park,Week5,Wakefield Chapel,Week2,384.0 Wakefield Chapel - 18.0 Bren Mar-Edsall Park
Brookfield ,Week2,Sleepy Hollow Rec,Week5,225.0 Brookfield - 177.0 Sleepy Hollow Rec
Brookfield ,Week2,High Point Pool,Week1,256.0 High Point Pool - 146.0 Brookfield
Broyhill Crest,Week3,Rutherford,Week3,319.0 Rutherford - 82.0 Broyhill Crest
Brookfield ,Week4,Parliament,Week2,246.0 Brookfield - 156.0 Parliament
Broyhill Crest,Week1,Lake Braddock,Week2,284.0 Lake Braddock - 114.0 Broyhill Crest
Broyhill Crest,Week4,Dowden Terrace,Week1,327.0 Dowden Terrace - 74.0 Broyhill Crest
Brookfield ,Week4,Sleepy Hollow Rec,Week4,274.0 Brookfield - 128.0 Sleepy Hollow Rec
Brookfield ,Week4,Langley,Week2,246.0 Langley - 156.0 Brookfield
Broyhill Crest,Week1,Lake Braddock,Week3,287.0 Lake Braddock - 106.0 Broyhill Crest
Broyhill Crest,Week2,Shouse Village,Week1,324.0 Shouse Village - 77.0 Broyhill Crest
Broyhill Crest,Week3,Kings Ridge ,Week1,293.0 Kings Ridge - 109.0 Broyhill Crest
Broyhill Crest,Week4,Kings Ridge ,Week2,273.0 Kings Ridge - 128.0 Broyhill Crest
Broyhill Crest,Week4,Dowden Terrace,Week4,327.0 Dowden Terrace - 75.0 Broyhill Crest
Brookfield ,Week2,Parliament,Week2,230.0 Brookfield - 172.0 Parliament
Brookfield ,Week5,Parliament,Week5,215.0 Brookfield - 187.0 Parliament
Bren Mar-Edsall Park,Week3,Wakefield Chapel,Week3,384.0 Wakefield Chapel - 18.0 Bren Mar-Edsall Park
Brookfield ,Week1,High Point Pool,Week2,251.0 High Point Pool - 151.0 Brookfield
Broyhill Crest,Week3,Dowden Terrace,Week3,350.0 Dowden Terrace - 52.0 Broyhill Crest
Broyhill Crest,Week2,Rutherford,Week4,319.0 Rutherford - 82.0 Broyhill Crest
Brookfield ,Week4,Sleepy Hollow Rec,Week2,286.0 Brookfield - 116.0 Sleepy Hollow Rec
Brookfield ,Week4,Parliament,Week5,217.0 Brookfield - 184.0 Parliament
Brookfield ,Week5,Hiddenbrook,Week3,210.0 Brookfield - 192.0 Hiddenbrook
Broyhill Crest,Week3,Rutherford,Week4,324.0 Rutherford - 78.0 Broyhill Crest
Bren Mar-Edsall Park,Week5,Wakefield Chapel,Week4,377.0 Wakefield Chapel - 25.0 Bren Mar-Edsall Park
Brookfield ,Week2,Parliament,Week1,215.0 Parliament - 187.0 Brookfield
Broyhill Crest,Week1,Lake Braddock,Week1,265.0 Lake Braddock - 134.0 Broyhill Crest
Brookfield ,Week3,Hiddenbrook,Week3,220.5 Brookfield - 181.5 Hiddenbrook
Brookfield ,Week5,Hiddenbrook,Week1,238.0 Brookfield - 164.0 Hiddenbrook
Broyhill Crest,Week2,Shouse Village,Week5,350.5 Shouse Village - 46.5 Broyhill Crest
Brookfield ,Week4,Langley,Week5,257.5 Langley - 144.5 Brookfield
Brookfield ,Week5,Hiddenbrook,Week2,284.0 Brookfield - 118.0 Hiddenbrook
Brookfield ,Week5,Langley,Week1,271.0 Langley - 131.0 Brookfield
Brookfield ,Week2,Sleepy Hollow Rec,Week3,246.0 Brookfield - 156.0 Sleepy Hollow Rec
Brookfield ,Week3,Langley,Week3,286.0 Langley - 116.0 Brookfield
Broyhill Crest,Week3,Dowden Terrace,Week4,339.0 Dowden Terrace - 58.0 Broyhill Crest
Bren Mar-Edsall Park,Week4,Wakefield Chapel,Week4,384.0 Wakefield Chapel - 18.0 Bren Mar-Edsall Park
Brookfield ,Week4,Sleepy Hollow Rec,Week1,277.0 Brookfield - 125.0 Sleepy Hollow Rec
Brookfield ,Week4,Parliament,Week3,223.5 Brookfield - 178.5 Parliament
Bren Mar-Edsall Park,Week5,Wakefield Chapel,Week1,378.0 Wakefield Chapel - 19.0 Bren Mar-Edsall Park
Brookfield ,Week3,Sleepy Hollow Rec,Week1,250.0 Brookfield - 152.0 Sleepy Hollow Rec
Brookfield ,Week2,Laurel Hill,Week2,287.0 Brookfield - 115.0 Laurel Hill
Brookfield ,Week1,High Point Pool,Week4,226.0 High Point Pool - 176.0 Brookfield
Broyhill Crest,Week3,Shouse Village,Week4,343.5 Shouse Village - 57.5 Broyhill Crest
Broyhill Crest,Week3,Kings Ridge ,Week5,306.0 Kings Ridge - 95.0 Broyhill Crest
Broyhill Crest,Week5,Kings Ridge ,Week3,283.0 Kings Ridge - 118.0 Broyhill Crest
Broyhill Crest,Week5,Dowden Terrace,Week2,314.0 Dowden Terrace - 88.0 Broyhill Crest
Brookfield ,Week1,Pinecrest,Week1,255.0 Pinecrest - 147.0 Brookfield
Broyhill Crest,Week3,Rutherford,Week2,307.0 Rutherford - 94.0 Broyhill Crest
Broyhill Crest,Week1,Shouse Village,Week2,320.0 Shouse Village - 76.0 Broyhill Crest
Brookfield ,Week5,Langley,Week3,268.0 Langley - 134.0 Brookfield
Broyhill Crest,Week5,Dowden Terrace,Week1,307.0 Dowden Terrace - 91.0 Broyhill Crest
Brookfield ,Week2,Sleepy Hollow Rec,Week1,268.0 Brookfield - 134.0 Sleepy Hollow Rec
Broyhill Crest,Week2,Dunn Loring,Week4,394.0 Dunn Loring - 8.0 Broyhill Crest
Brookfield ,Week1,Parliament,Week4,240.0 Brookfield - 162.0 Parliament
Brookfield ,Week3,Sleepy Hollow Rec,Week2,283.0 Brookfield - 119.0 Sleepy Hollow Rec
Bren Mar-Edsall Park,Week1,Walden Glen,Week3,333.0 Walden Glen - 68.0 Bren Mar-Edsall Park
Broyhill Crest,Week5,Rutherford,Week3,288.0 Rutherford - 113.0 Broyhill Crest
Brookfield ,Week5,Langley,Week4,274.0 Langley - 128.0 Brookfield
Broyhill Crest,Week4,Kings Ridge ,Week5,290.0 Kings Ridge - 111.0 Broyhill Crest
Bren Mar-Edsall Park,Week1,Walden Glen,Week4,334.0 Walden Glen - 67.0 Bren Mar-Edsall Park
Brookfield ,Week3,High Point Pool,Week1,261.0 High Point Pool - 141.0 Brookfield
Brookfield ,Week4,Langley,Week3,262.0 Langley - 140.0 Brookfield
Bren Mar-Edsall Park,Week5,Wakefield Chapel,Week5,388.0 Wakefield Chapel - 14.0 Bren Mar-Edsall Park
Broyhill Crest,Week5,Rutherford,Week5,295.0 Rutherford - 106.0 Broyhill Crest
Bren Mar-Edsall Park,Week3,Wakefield Chapel,Week5,389.0 Wakefield Chapel - 13.0 Bren Mar-Edsall Park
Brookfield ,Week4,Parliament,Week1,201.0 Brookfield - 200.0 Parliament
Brookfield ,Week5,Sleepy Hollow Rec,Week2,267.0 Brookfield - 135.0 Sleepy Hollow Rec
Broyhill Crest,Week3,Dunn Loring,Week1,373.0 Dunn Loring - 29.0 Broyhill Crest
Brookfield ,Week4,Hiddenbrook,Week1,248.0 Brookfield - 154.0 Hiddenbrook
Brookfield ,Week5,Sleepy Hollow Rec,Week3,250.0 Brookfield - 152.0 Sleepy Hollow Rec
Brookfield ,Week3,Langley,Week4,292.0 Langley - 110.0 Brookfield
Bren Mar-Edsall Park,Week4,Wakefield Chapel,Week2,385.0 Wakefield Chapel - 17.0 Bren Mar-Edsall Park
Brookfield ,Week1,Laurel Hill,Week2,300.0 Brookfield - 102.0 Laurel Hill
Broyhill Crest,Week5,Kings Ridge ,Week5,285.0 Kings Ridge - 117.0 Broyhill Crest
Brookfield ,Week3,High Point Pool,Week2,272.0 High Point Pool - 130.0 Brookfield
Broyhill Crest,Week4,Dowden Terrace,Week5,345.0 Dowden Terrace - 56.0 Broyhill Crest
Brookfield ,Week2,Parliament,Week4,222.0 Brookfield - 180.0 Parliament
Brookfield ,Week5,Langley,Week2,258.0 Langley - 144.0 Brookfield
Brookfield ,Week5,Sleepy Hollow Rec,Week5,250.5 Brookfield - 151.5 Sleepy Hollow Rec
Broyhill Crest,Week5,Rutherford,Week1,257.0 Rutherford - 143.0 Broyhill Crest
Broyhill Crest,Week4,Dunn Loring,Week4,390.0 Dunn Loring - 12.0 Broyhill Crest
Brookfield ,Week1,Somerset-Olde Creek,Week1,320.0 Brookfield - 82.0 Somerset-Olde Creek
Broyhill Crest,Week3,Kings Ridge ,Week2,278.0 Kings Ridge - 124.0 Broyhill Crest
Broyhill Crest,Week1,Shouse Village,Week4,336.0 Shouse Village - 64.0 Broyhill Crest
Brookfield ,Week5,Parliament,Week4,226.0 Brookfield - 176.0 Parliament
Broyhill Crest,Week3,Kings Ridge ,Week4,303.5 Kings Ridge - 97.5 Broyhill Crest
Brookfield ,Week1,Pinecrest,Week4,279.0 Pinecrest - 123.0 Brookfield
Broyhill Crest,Week2,Lake Braddock,Week1,290.0 Lake Braddock - 111.0 Broyhill Crest
Bren Mar-Edsall Park,Week1,Walden Glen,Week5,348.0 Walden Glen - 53.0 Bren Mar-Edsall Park
Broyhill Crest,Week2,Dunn Loring,Week1,381.0 Dunn Loring - 21.0 Broyhill Crest
Brookfield ,Week4,Parliament,Week4,236.0 Brookfield - 166.0 Parliament
Bren Mar-Edsall Park,Week4,Villa Aquatic,Week3,362.0 Villa Aquatic - 40.0 Bren Mar-Edsall Park
Bren Mar-Edsall Park,Week4,Wakefield Chapel,Week5,388.0 Wakefield Chapel - 14.0 Bren Mar-Edsall Park
Brookfield ,Week1,Pinecrest,Week2,274.0 Pinecrest - 128.0 Brookfield
Brookfield ,Week4,Langley,Week4,278.0 Langley - 124.0 Brookfield
Brookfield ,Week5,Sleepy Hollow Rec,Week1,262.5 Brookfield - 134.5 Sleepy Hollow Rec
Broyhill Crest,Week1,Fair Oaks ,Week1,354.0 Fair Oaks - 47.0 Broyhill Crest
Brookfield ,Week1,Laurel Hill,Week4,280.0 Brookfield - 122.0 Laurel Hill
Brookfield ,Week2,Hiddenbrook,Week4,230.0 Brookfield - 172.0 Hiddenbrook
Brookfield ,Week3,Sleepy Hollow Rec,Week4,257.0 Brookfield - 145.0 Sleepy Hollow Rec
Broyhill Crest,Week1,Shouse Village,Week1,309.0 Shouse Village - 92.0 Broyhill Crest
Bren Mar-Edsall Park,Week5,Wakefield Chapel,Week3,383.0 Wakefield Chapel - 19.0 Bren Mar-Edsall Park
Brookfield ,Week3,Hiddenbrook,Week5,201.0 Brookfield - 201.0 Hiddenbrook
Brookfield ,Week4,Hiddenbrook,Week2,293.0 Brookfield - 109.0 Hiddenbrook
Broyhill Crest,Week2,Kings Ridge ,Week5,296.0 Kings Ridge - 105.0 Broyhill Crest
Broyhill Crest,Week3,Rutherford,Week5,326.0 Rutherford - 75.0 Broyhill Crest
Brookfield ,Week2,Parliament,Week5,213.0 Brookfield - 189.0 Parliament
Brookfield ,Week1,Hiddenbrook,Week4,244.0 Brookfield - 158.0 Hiddenbrook
Brookfield ,Week1,Parliament,Week5,234.0 Brookfield - 168.0 Parliament
Brookfield ,Week3,Parliament,Week1,222.0 Parliament - 180.0 Brookfield
Brookfield ,Week2,Hiddenbrook,Week3,225.0 Brookfield - 177.0 Hiddenbrook
Broyhill Crest,Week1,Fair Oaks ,Week3,360.0 Fair Oaks - 42.0 Broyhill Crest
Broyhill Crest,Week1,Shouse Village,Week5,346.0 Shouse Village - 51.0 Broyhill Crest
Brookfield ,Week3,Parliament,Week3,217.5 Brookfield - 184.5 Parliament
Brookfield ,Week3,Hiddenbrook,Week1,232.0 Brookfield - 169.0 Hiddenbrook
Brookfield ,Week4,Somerset-Olde Creek,Week2,329.0 Brookfield - 73.0 Somerset-Olde Creek
Brookfield ,Week1,Somerset-Olde Creek,Week3,332.0 Brookfield - 70.0 Somerset-Olde Creek
Brookfield ,Week2,Laurel Hill,Week1,272.0 Brookfield - 130.0 Laurel Hill
Brookfield ,Week2,Somerset-Olde Creek,Week1,299.0 Brookfield - 103.0 Somerset-Olde Creek
Broyhill Crest,Week3,Dunn Loring,Week4,391.0 Dunn Loring - 11.0 Broyhill Crest
Bren Mar-Edsall Park,Week1,Walden Glen,Week2,330.0 Walden Glen - 71.0 Bren Mar-Edsall Park
Bren Mar-Edsall Park,Week1,Villa Aquatic,Week3,370.0 Villa Aquatic - 32.0 Bren Mar-Edsall Park
Bren Mar-Edsall Park,Week2,Walden Glen,Week5,357.0 Walden Glen - 43.0 Bren Mar-Edsall Park
Broyhill Crest,Week4,Rutherford,Week4,313.0 Rutherford - 88.0 Broyhill Crest
Broyhill Crest,Week5,Kings Ridge ,Week4,282.0 Kings Ridge - 120.0 Broyhill Crest
Brookfield ,Week1,Laurel Hill,Week5,253.0 Brookfield - 149.0 Laurel Hill
Bren Mar-Edsall Park,Week2,Walden Glen,Week2,326.0 Walden Glen - 69.0 Bren Mar-Edsall Park
Broyhill Crest,Week1,Fair Oaks ,Week2,332.0 Fair Oaks - 70.0 Broyhill Crest
Brookfield ,Week1,Hiddenbrook,Week5,228.0 Brookfield - 174.0 Hiddenbrook
Broyhill Crest,Week1,Dunn Loring,Week3,384.0 Dunn Loring - 18.0 Broyhill Crest
Broyhill Crest,Week4,Rutherford,Week1,295.0 Rutherford - 106.0 Broyhill Crest
Broyhill Crest,Week3,Rutherford,Week1,305.0 Rutherford - 96.0 Broyhill Crest
Brookfield ,Week4,Hiddenbrook,Week4,234.0 Brookfield - 168.0 Hiddenbrook
Broyhill Crest,Week2,Kings Ridge ,Week4,304.0 Kings Ridge - 97.0 Broyhill Crest
Broyhill Crest,Week3,Kings Ridge ,Week3,306.0 Kings Ridge - 93.0 Broyhill Crest
Brookfield ,Week4,Langley,Week1,268.0 Langley - 134.0 Brookfield
Bren Mar-Edsall Park,Week1,Villa Aquatic,Week2,355.5 Villa Aquatic - 46.5 Bren Mar-Edsall Park
Brookfield ,Week5,Sleepy Hollow Rec,Week4,265.0 Brookfield - 137.0 Sleepy Hollow Rec
Broyhill Crest,Week4,Kings Ridge ,Week3,293.0 Kings Ridge - 107.0 Broyhill Crest
Brookfield ,Week4,Laurel Hill,Week2,300.0 Brookfield - 102.0 Laurel Hill
Bren Mar-Edsall Park,Week4,Wakefield Chapel,Week1,380.0 Wakefield Chapel - 22.0 Bren Mar-Edsall Park
Bren Mar-Edsall Park,Week2,Villa Aquatic,Week3,373.0 Villa Aquatic - 29.0 Bren Mar-Edsall Park
Brookfield ,Week5,Parliament,Week2,232.0 Brookfield - 170.0 Parliament
Bren Mar-Edsall Park,Week3,Walden Glen,Week5,344.0 Walden Glen - 58.0 Bren Mar-Edsall Park
Brookfield ,Week3,Laurel Hill,Week4,263.0 Brookfield - 139.0 Laurel Hill
Broyhill Crest,Week4,Dunn Loring,Week5,381.0 Dunn Loring - 21.0 Broyhill Crest
Broyhill Crest,Week2,Shouse Village,Week3,340.0 Shouse Village - 60.0 Broyhill Crest
Broyhill Crest,Week1,Lake Braddock,Week4,295.0 Lake Braddock - 103.0 Broyhill Crest
Brookfield ,Week2,Somerset-Olde Creek,Week3,327.0 Brookfield - 75.0 Somerset-Olde Creek
Broyhill Crest,Week2,Dunn Loring,Week2,388.0 Dunn Loring - 14.0 Broyhill Crest
Brookfield ,Week4,Laurel Hill,Week4,269.0 Brookfield - 133.0 Laurel Hill
Broyhill Crest,Week1,Shouse Village,Week3,328.0 Shouse Village - 72.0 Broyhill Crest
Bren Mar-Edsall Park,Week2,Villa Aquatic,Week2,349.0 Villa Aquatic - 53.0 Bren Mar-Edsall Park
Broyhill Crest,Week1,Lake Braddock,Week5,298.0 Lake Braddock - 99.0 Broyhill Crest
Broyhill Crest,Week5,Dowden Terrace,Week4,321.0 Dowden Terrace - 81.0 Broyhill Crest
Brookfield ,Week5,Parliament,Week1,202.0 Parliament - 200.0 Brookfield
Brookfield ,Week3,Hiddenbrook,Week2,274.0 Brookfield - 128.0 Hiddenbrook
Brookfield ,Week1,South Run,Week4,223.0 Brookfield - 179.0 South Run
Bren Mar-Edsall Park,Week3,Walden Glen,Week2,314.0 Walden Glen - 88.0 Bren Mar-Edsall Park
Brookfield ,Week2,South Run,Week2,237.0 Brookfield - 165.0 South Run
Broyhill Crest,Week5,Kings Ridge ,Week1,261.0 Kings Ridge - 141.0 Broyhill Crest
Brookfield ,Week1,Pinecrest,Week3,284.0 Pinecrest - 118.0 Brookfield
Bren Mar-Edsall Park,Week2,Walden Glen,Week1,325.0 Walden Glen - 67.0 Bren Mar-Edsall Park
Brookfield ,Week4,Hiddenbrook,Week5,214.0 Brookfield - 188.0 Hiddenbrook
Brookfield ,Week3,Parliament,Week5,203.0 Parliament - 199.0 Brookfield
Broyhill Crest,Week4,Dunn Loring,Week3,382.0 Dunn Loring - 20.0 Broyhill Crest
Broyhill Crest,Week5,Rutherford,Week4,296.0 Rutherford - 105.0 Broyhill Crest
Bren Mar-Edsall Park,Week1,Villa Aquatic,Week4,362.0 Villa Aquatic - 40.0 Bren Mar-Edsall Park
Brookfield ,Week1,Laurel Hill,Week3,273.0 Brookfield - 129.0 Laurel Hill
Broyhill Crest,Week5,Dowden Terrace,Week5,341.0 Dowden Terrace - 61.0 Broyhill Crest
Bren Mar-Edsall Park,Week3,Walden Glen,Week4,327.0 Walden Glen - 75.0 Bren Mar-Edsall Park
Brookfield ,Week3,Somerset-Olde Creek,Week2,317.0 Brookfield - 83.0 Somerset-Olde Creek
Brookfield ,Week3,Laurel Hill,Week3,240.0 Brookfield - 162.0 Laurel Hill
Broyhill Crest,Week2,Lake Braddock,Week2,297.0 Lake Braddock - 104.0 Broyhill Crest
Broyhill Crest,Week5,Rutherford,Week2,263.0 Rutherford - 137.0 Broyhill Crest
Brookfield ,Week5,Hiddenbrook,Week4,227.0 Brookfield - 175.0 Hiddenbrook
Brookfield ,Week3,Hiddenbrook,Week4,220.0 Brookfield - 182.0 Hiddenbrook
Bren Mar-Edsall Park,Week2,Villa Aquatic,Week1,358.0 Villa Aquatic - 44.0 Bren Mar-Edsall Park
Brookfield ,Week3,Laurel Hill,Week2,291.0 Brookfield - 111.0 Laurel Hill
Bren Mar-Edsall Park,Week4,Walden Glen,Week5,338.0 Walden Glen - 63.0 Bren Mar-Edsall Park
Broyhill Crest,Week2,Shouse Village,Week2,333.0 Shouse Village - 66.0 Broyhill Crest
Broyhill Crest,Week4,Kings Ridge ,Week4,290.0 Kings Ridge - 111.0 Broyhill Crest
Brookfield ,Week2,Pinewood Lake,Week1,363.0 Brookfield - 37.0 Pinewood Lake
Brookfield ,Week4,Somerset-Olde Creek,Week1,322.0 Brookfield - 80.0 Somerset-Olde Creek
Broyhill Crest,Week3,Lake Braddock,Week4,302.0 Lake Braddock - 100.0 Broyhill Crest
Broyhill Crest,Week2,Kings Ridge ,Week2,274.0 Kings Ridge - 126.0 Broyhill Crest
Broyhill Crest,Week3,Dunn Loring,Week5,383.0 Dunn Loring - 19.0 Broyhill Crest
Brookfield ,Week2,Hiddenbrook,Week2,290.0 Brookfield - 112.0 Hiddenbrook
Broyhill Crest,Week2,Shouse Village,Week4,351.0 Shouse Village - 50.0 Broyhill Crest
Brookfield ,Week2,Laurel Hill,Week5,233.0 Brookfield - 169.0 Laurel Hill
Broyhill Crest,Week1,Dunn Loring,Week5,385.0 Dunn Loring - 17.0 Broyhill Crest
Brookfield ,Week1,Pinecrest,Week5,280.0 Pinecrest - 122.0 Brookfield
Broyhill Crest,Week4,Rutherford,Week3,296.0 Rutherford - 106.0 Broyhill Crest
Brookfield ,Week3,Laurel Hill,Week1,257.0 Brookfield - 145.0 Laurel Hill
Brookfield ,Week4,Somerset-Olde Creek,Week3,334.0 Brookfield - 68.0 Somerset-Olde Creek
Bren Mar-Edsall Park,Week4,Walden Glen,Week4,318.0 Walden Glen - 78.0 Bren Mar-Edsall Park
Bren Mar-Edsall Park,Week4,Walden Glen,Week1,293.0 Walden Glen - 103.0 Bren Mar-Edsall Park
Brookfield ,Week1,South Run,Week2,230.0 Brookfield - 172.0 South Run
Brookfield ,Week1,High Point Pool,Week1,225.0 High Point Pool - 177.0 Brookfield
Brookfield ,Week5,Hiddenbrook,Week5,212.0 Hiddenbrook - 190.0 Brookfield
Bren Mar-Edsall Park,Week4,Walden Glen,Week3,318.0 Walden Glen - 80.0 Bren Mar-Edsall Park
Bren Mar-Edsall Park,Week1,Villa Aquatic,Week5,375.0 Villa Aquatic - 27.0 Bren Mar-Edsall Park
Broyhill Crest,Week2,Dunn Loring,Week3,388.0 Dunn Loring - 14.0 Broyhill Crest
Brookfield ,Week1,Pinewood Lake,Week4,363.0 Brookfield - 37.0 Pinewood Lake
Brookfield ,Week4,Laurel Hill,Week1,273.0 Brookfield - 129.0 Laurel Hill
Broyhill Crest,Week4,Dunn Loring,Week1,362.0 Dunn Loring - 40.0 Broyhill Crest
Brookfield ,Week1,South Run,Week1,213.0 Brookfield - 180.0 South Run
Brookfield ,Week2,Pinecrest,Week5,284.0 Pinecrest - 118.0 Brookfield
Brookfield ,Week2,Laurel Hill,Week3,243.0 Brookfield - 159.0 Laurel Hill
Bren Mar-Edsall Park,Week2,Villa Aquatic,Week5,373.0 Villa Aquatic - 29.0 Bren Mar-Edsall Park
Bren Mar-Edsall Park,Week5,Walden Glen,Week2,311.0 Walden Glen - 85.0 Bren Mar-Edsall Park
Brookfield ,Week5,Somerset-Olde Creek,Week4,297.0 Brookfield - 105.0 Somerset-Olde Creek
Broyhill Crest,Week2,Lake Braddock,Week5,312.0 Lake Braddock - 88.0 Broyhill Crest
Bren Mar-Edsall Park,Week1,Waynewood,Week3,384.0 Waynewood - 18.0 Bren Mar-Edsall Park
Broyhill Crest,Week3,Dunn Loring,Week2,387.0 Dunn Loring - 15.0 Broyhill Crest
Brookfield ,Week5,Somerset-Olde Creek,Week1,307.0 Brookfield - 95.0 Somerset-Olde Creek
Broyhill Crest,Week3,Shouse Village,Week1,328.0 Shouse Village - 73.0 Broyhill Crest
Brookfield ,Week5,Pinecrest,Week1,270.0 Pinecrest - 132.0 Brookfield
Bren Mar-Edsall Park,Week3,Villa Aquatic,Week2,348.0 Villa Aquatic - 54.0 Bren Mar-Edsall Park
Brookfield ,Week5,Laurel Hill,Week1,279.0 Brookfield - 123.0 Laurel Hill
Bren Mar-Edsall Park,Week2,Villa Aquatic,Week4,368.0 Villa Aquatic - 34.0 Bren Mar-Edsall Park
Broyhill Crest,Week4,Rutherford,Week5,306.0 Rutherford - 96.0 Broyhill Crest
Broyhill Crest,Week1,Lakevale Estates,Week3,380.0 Lakevale Estates - 22.0 Broyhill Crest
Brookfield ,Week2,High Point Pool,Week2,268.0 High Point Pool - 134.0 Brookfield
Bren Mar-Edsall Park,Week5,Walden Glen,Week5,337.0 Walden Glen - 65.0 Bren Mar-Edsall Park
Brookfield ,Week2,High Point Pool,Week3,242.0 High Point Pool - 160.0 Brookfield
Broyhill Crest,Week2,Lakevale Estates,Week4,389.0 Lakevale Estates - 13.0 Broyhill Crest
Brookfield ,Week5,Pinecrest,Week2,291.0 Pinecrest - 111.0 Brookfield
Broyhill Crest,Week3,Dunn Loring,Week3,387.0 Dunn Loring - 15.0 Broyhill Crest
Brookfield ,Week1,High Point Pool,Week5,219.0 High Point Pool - 183.0 Brookfield
Broyhill Crest,Week4,Shouse Village,Week4,343.0 Shouse Village - 58.0 Broyhill Crest
Brookfield ,Week2,High Point Pool,Week4,254.0 High Point Pool - 148.0 Brookfield
Brookfield ,Week1,South Run,Week5,210.0 South Run - 192.0 Brookfield
Broyhill Crest,Week3,Lake Braddock,Week1,281.0 Lake Braddock - 120.0 Broyhill Crest
Bren Mar-Edsall Park,Week3,Villa Aquatic,Week3,372.0 Villa Aquatic - 30.0 Bren Mar-Edsall Park
Brookfield ,Week3,Pinecrest,Week2,294.0 Pinecrest - 108.0 Brookfield
Broyhill Crest,Week1,Dunn Loring,Week2,382.0 Dunn Loring - 20.0 Broyhill Crest
Brookfield ,Week5,Langley,Week5,267.0 Langley - 135.0 Brookfield
Bren Mar-Edsall Park,Week1,Waynewood,Week4,379.0 Waynewood - 23.0 Bren Mar-Edsall Park
Broyhill Crest,Week3,Shouse Village,Week3,345.0 Shouse Village - 56.0 Broyhill Crest
Brookfield ,Week4,Laurel Hill,Week5,239.0 Brookfield - 163.0 Laurel Hill
Brookfield ,Week3,Somerset-Olde Creek,Week5,291.0 Brookfield - 109.0 Somerset-Olde Creek
Brookfield ,Week5,Pinecrest,Week4,286.0 Pinecrest - 116.0 Brookfield
Brookfield ,Week3,Somerset-Olde Creek,Week3,319.0 Brookfield - 81.0 Somerset-Olde Creek
Broyhill Crest,Week1,Dunn Loring,Week4,392.0 Dunn Loring - 10.0 Broyhill Crest
Broyhill Crest,Week2,Lake Braddock,Week4,305.0 Lake Braddock - 96.0 Broyhill Crest
Brookfield ,Week4,High Point Pool,Week4,236.0 High Point Pool - 166.0 Brookfield
Brookfield ,Week4,Pinecrest,Week4,282.0 Pinecrest - 120.0 Brookfield
Bren Mar-Edsall Park,Week5,Walden Glen,Week1,294.0 Walden Glen - 102.0 Bren Mar-Edsall Park
Brookfield ,Week5,Laurel Hill,Week2,288.0 Brookfield - 109.0 Laurel Hill
Broyhill Crest,Week1,Sideburn Run,Week5,374.0 Sideburn Run - 28.0 Broyhill Crest
Broyhill Crest,Week4,Sideburn Run,Week2,339.0 Sideburn Run - 62.0 Broyhill Crest
Broyhill Crest,Week4,Dunn Loring,Week2,378.5 Dunn Loring - 23.5 Broyhill Crest
Bren Mar-Edsall Park,Week3,Villa Aquatic,Week5,371.0 Villa Aquatic - 31.0 Bren Mar-Edsall Park
Brookfield ,Week3,Laurel Hill,Week5,240.0 Brookfield - 162.0 Laurel Hill
Broyhill Crest,Week2,Sideburn Run,Week1,343.0 Sideburn Run - 59.0 Broyhill Crest
Brookfield ,Week1,Laurel Hill,Week1,281.0 Brookfield - 121.0 Laurel Hill
Broyhill Crest,Week2,Lakevale Estates,Week2,389.0 Lakevale Estates - 12.0 Broyhill Crest
Bren Mar-Edsall Park,Week2,Waynewood,Week1,378.0 Waynewood - 23.0 Bren Mar-Edsall Park
Broyhill Crest,Week3,Lakevale Estates,Week3,382.0 Lakevale Estates - 15.0 Broyhill Crest
Brookfield ,Week3,Somerset-Olde Creek,Week4,302.0 Brookfield - 98.0 Somerset-Olde Creek
Brookfield ,Week3,High Point Pool,Week3,250.0 High Point Pool - 152.0 Brookfield
Broyhill Crest,Week4,Sideburn Run,Week4,356.0 Sideburn Run - 45.0 Broyhill Crest
Broyhill Crest,Week5,Dunn Loring,Week1,356.0 Dunn Loring - 46.0 Broyhill Crest
Broyhill Crest,Week5,Dunn Loring,Week3,378.0 Dunn Loring - 24.0 Broyhill Crest
Brookfield ,Week2,High Point Pool,Week5,243.0 High Point Pool - 159.0 Brookfield
Brookfield ,Week3,Pinecrest,Week4,299.0 Pinecrest - 103.0 Brookfield
Bren Mar-Edsall Park,Week3,Villa Aquatic,Week4,364.0 Villa Aquatic - 38.0 Bren Mar-Edsall Park
Bren Mar-Edsall Park,Week1,Waynewood,Week2,378.0 Waynewood - 24.0 Bren Mar-Edsall Park
Brookfield ,Week4,High Point Pool,Week3,230.0 High Point Pool - 172.0 Brookfield
Brookfield ,Week5,Laurel Hill,Week3,262.0 Brookfield - 139.0 Laurel Hill
Bren Mar-Edsall Park,Week2,Waynewood,Week2,381.0 Waynewood - 21.0 Bren Mar-Edsall Park
Brookfield ,Week3,Somerset-Olde Creek,Week1,305.0 Brookfield - 95.0 Somerset-Olde Creek
Brookfield ,Week2,Somerset-Olde Creek,Week5,299.0 Brookfield - 103.0 Somerset-Olde Creek
Broyhill Crest,Week4,Lakevale Estates,Week1,382.0 Lakevale Estates - 20.0 Broyhill Crest
Brookfield ,Week2,Pinecrest,Week2,286.0 Pinecrest - 116.0 Brookfield
Brookfield ,Week4,Pinecrest,Week3,294.0 Pinecrest - 108.0 Brookfield
Broyhill Crest,Week1,Dunn Loring,Week1,371.0 Dunn Loring - 26.0 Broyhill Crest
Brookfield ,Week4,Pinewood Lake,Week2,366.0 Brookfield - 34.0 Pinewood Lake
Brookfield ,Week2,South Run,Week1,217.0 Brookfield - 176.0 South Run
Brookfield ,Week1,Highland Park,Week5,206.0 Highland Park - 196.0 Brookfield
Brookfield ,Week4,Pinecrest,Week5,278.0 Pinecrest - 124.0 Brookfield
Bren Mar-Edsall Park,Week5,Walden Glen,Week3,320.0 Walden Glen - 81.0 Bren Mar-Edsall Park
Brookfield ,Week5,High Point Pool,Week1,249.0 High Point Pool - 153.0 Brookfield
Brookfield ,Week3,High Point Pool,Week5,246.0 High Point Pool - 156.0 Brookfield
Bren Mar-Edsall Park,Week1,Waynewood,Week5,385.0 Waynewood - 17.0 Bren Mar-Edsall Park
Brookfield ,Week4,Laurel Hill,Week3,259.0 Brookfield - 143.0 Laurel Hill
Broyhill Crest,Week5,Lake Braddock,Week2,249.0 Lake Braddock - 152.0 Broyhill Crest
Brookfield ,Week5,Somerset-Olde Creek,Week5,288.0 Brookfield - 114.0 Somerset-Olde Creek
Broyhill Crest,Week3,Sideburn Run,Week1,349.0 Sideburn Run - 53.0 Broyhill Crest
Brookfield ,Week4,High Point Pool,Week1,242.0 High Point Pool - 160.0 Brookfield
Broyhill Crest,Week2,Dunn Loring,Week5,387.0 Dunn Loring - 15.0 Broyhill Crest
Brookfield ,Week2,Laurel Hill,Week4,264.0 Brookfield - 138.0 Laurel Hill
Bren Mar-Edsall Park,Week2,Waynewood,Week3,383.0 Waynewood - 19.0 Bren Mar-Edsall Park
Broyhill Crest,Week4,Lake Braddock,Week5,294.0 Lake Braddock - 106.0 Broyhill Crest
Brookfield ,Week3,Lee Graham,Week3,310.0 Lee Graham - 92.0 Brookfield
Broyhill Crest,Week5,Dunn Loring,Week2,376.0 Dunn Loring - 26.0 Broyhill Crest
Bren Mar-Edsall Park,Week4,Villa Aquatic,Week2,338.0 Villa Aquatic - 64.0 Bren Mar-Edsall Park
Brookfield ,Week4,Somerset-Olde Creek,Week4,311.0 Brookfield - 91.0 Somerset-Olde Creek
Bren Mar-Edsall Park,Week4,Villa Aquatic,Week1,341.0 Villa Aquatic - 61.0 Bren Mar-Edsall Park
Broyhill Crest,Week5,Sideburn Run,Week1,328.0 Sideburn Run - 69.0 Broyhill Crest
Brookfield ,Week3,Pinecrest,Week3,305.0 Pinecrest - 97.0 Brookfield
Broyhill Crest,Week5,Lake Braddock,Week4,261.0 Lake Braddock - 140.0 Broyhill Crest
Broyhill Crest,Week4,Shouse Village,Week2,324.5 Shouse Village - 75.5 Broyhill Crest
Broyhill Crest,Week3,Shouse Village,Week5,343.0 Shouse Village - 55.0 Broyhill Crest
Brookfield ,Week4,Lee Graham,Week5,289.0 Lee Graham - 113.0 Brookfield
Brookfield ,Week2,Pinewood Lake,Week3,374.0 Brookfield - 27.0 Pinewood Lake
Brookfield ,Week5,Laurel Hill,Week5,233.0 Brookfield - 169.0 Laurel Hill
Broyhill Crest,Week4,Lake Braddock,Week3,280.0 Lake Braddock - 117.0 Broyhill Crest
Bren Mar-Edsall Park,Week1,Villa Aquatic,Week1,361.5 Villa Aquatic - 40.5 Bren Mar-Edsall Park
Brookfield ,Week4,Pinecrest,Week1,268.0 Pinecrest - 134.0 Brookfield
Broyhill Crest,Week5,Shouse Village,Week5,329.0 Shouse Village - 72.0 Broyhill Crest
Broyhill Crest,Week2,Fairfax,Week1,381.0 Fairfax - 19.0 Broyhill Crest
Bren Mar-Edsall Park,Week2,Waynewood,Week4,378.0 Waynewood - 24.0 Bren Mar-Edsall Park
Brookfield ,Week1,Pinewood Lake,Week1,370.0 Brookfield - 31.0 Pinewood Lake
Bren Mar-Edsall Park,Week3,Villa Aquatic,Week1,351.0 Villa Aquatic - 51.0 Bren Mar-Edsall Park
Brookfield ,Week1,Highland Park,Week2,209.0 Highland Park - 193.0 Brookfield
Brookfield ,Week3,Lee Graham,Week4,292.0 Lee Graham - 110.0 Brookfield
Broyhill Crest,Week1,Fairfax,Week4,384.0 Fairfax - 17.0 Broyhill Crest
Brookfield ,Week5,High Point Pool,Week5,233.0 High Point Pool - 169.0 Brookfield
Brookfield ,Week5,Somerset-Olde Creek,Week2,328.0 Brookfield - 69.0 Somerset-Olde Creek
Broyhill Crest,Week4,Shouse Village,Week3,341.0 Shouse Village - 60.0 Broyhill Crest
Broyhill Crest,Week5,Dunn Loring,Week4,389.5 Dunn Loring - 12.5 Broyhill Crest
Brookfield ,Week5,High Point Pool,Week2,254.0 High Point Pool - 148.0 Brookfield
Brookfield ,Week2,South Run,Week4,220.0 Brookfield - 182.0 South Run
Bren Mar-Edsall Park,Week2,Waynewood,Week5,385.0 Waynewood - 17.0 Bren Mar-Edsall Park
Broyhill Crest,Week5,Shouse Village,Week1,310.0 Shouse Village - 92.0 Broyhill Crest
Bren Mar-Edsall Park,Week3,Waynewood,Week2,376.0 Waynewood - 26.0 Bren Mar-Edsall Park
Brookfield ,Week2,South Run,Week3,224.0 Brookfield - 178.0 South Run
Bren Mar-Edsall Park,Week3,Waynewood,Week1,370.0 Waynewood - 32.0 Bren Mar-Edsall Park
Brookfield ,Week5,Highland Park,Week1,230.0 Highland Park - 172.0 Brookfield
Broyhill Crest,Week1,Lakevale Estates,Week1,382.0 Lakevale Estates - 20.0 Broyhill Crest
Broyhill Crest,Week1,Sideburn Run,Week1,342.0 Sideburn Run - 59.0 Broyhill Crest
Brookfield ,Week3,Pinecrest,Week1,286.0 Pinecrest - 116.0 Brookfield
Broyhill Crest,Week5,Dunn Loring,Week5,379.0 Dunn Loring - 23.0 Broyhill Crest
Broyhill Crest,Week5,Lake Braddock,Week3,265.0 Lake Braddock - 135.0 Broyhill Crest
Brookfield ,Week1,South Run,Week3,220.0 Brookfield - 182.0 South Run
Brookfield ,Week2,Lee Graham,Week1,277.0 Lee Graham - 125.0 Brookfield
Broyhill Crest,Week4,Lake Braddock,Week1,265.0 Lake Braddock - 135.0 Broyhill Crest
Broyhill Crest,Week2,Lake Braddock,Week3,297.0 Lake Braddock - 99.0 Broyhill Crest
Broyhill Crest,Week3,Fair Oaks ,Week4,355.0 Fair Oaks - 47.0 Broyhill Crest
Bren Mar-Edsall Park,Week3,Waynewood,Week3,381.0 Waynewood - 21.0 Bren Mar-Edsall Park
Broyhill Crest,Week2,Fair Oaks ,Week1,354.0 Fair Oaks - 47.0 Broyhill Crest
Brookfield ,Week4,High Point Pool,Week2,251.0 High Point Pool - 151.0 Brookfield
Brookfield ,Week5,Lee Graham,Week1,278.0 Lee Graham - 124.0 Brookfield
Bren Mar-Edsall Park,Week5,Walden Glen,Week4,326.0 Walden Glen - 71.0 Bren Mar-Edsall Park
Brookfield ,Week5,Pinecrest,Week3,296.0 Pinecrest - 106.0 Brookfield
Broyhill Crest,Week4,Fair Oaks ,Week1,350.0 Fair Oaks - 51.0 Broyhill Crest
Bren Mar-Edsall Park,Week1,Waynewood,Week1,375.0 Waynewood - 27.0 Bren Mar-Edsall Park
Brookfield ,Week2,Pinecrest,Week3,298.0 Pinecrest - 104.0 Brookfield
Brookfield ,Week4,Lee Graham,Week1,267.0 Lee Graham - 135.0 Brookfield
Brookfield ,Week3,South Run,Week3,208.0 South Run - 193.0 Brookfield
Brookfield ,Week1,Highland Park,Week4,209.0 Highland Park - 193.0 Brookfield
Brookfield ,Week4,High Point Pool,Week5,224.0 High Point Pool - 178.0 Brookfield
Brookfield ,Week4,Pinecrest,Week2,284.0 Pinecrest - 118.0 Brookfield
Brookfield ,Week2,Lee Graham,Week3,279.5 Lee Graham - 122.5 Brookfield
Brookfield ,Week3,Highland Park,Week2,230.0 Highland Park - 172.0 Brookfield
Bren Mar-Edsall Park,Week3,Waynewood,Week4,372.0 Waynewood - 30.0 Bren Mar-Edsall Park
Broyhill Crest,Week2,Fair Oaks ,Week3,359.0 Fair Oaks - 43.0 Broyhill Crest
Broyhill Crest,Week4,Shouse Village,Week5,340.0 Shouse Village - 58.0 Broyhill Crest
Bren Mar-Edsall Park,Week3,Waynewood,Week5,385.0 Waynewood - 17.0 Bren Mar-Edsall Park
Brookfield ,Week3,South Run,Week1,198.0 South Run - 194.0 Brookfield
Brookfield ,Week1,Lee Graham,Week3,275.0 Lee Graham - 127.0 Brookfield
Brookfield ,Week5,Pinecrest,Week5,285.5 Pinecrest - 116.5 Brookfield
Broyhill Crest,Week3,Lake Braddock,Week3,292.0 Lake Braddock - 106.0 Broyhill Crest
Broyhill Crest,Week2,Sideburn Run,Week5,375.0 Sideburn Run - 27.0 Broyhill Crest
Brookfield ,Week1,Pinewood Lake,Week2,366.0 Brookfield - 34.0 Pinewood Lake
Broyhill Crest,Week3,Lake Braddock,Week2,295.0 Lake Braddock - 107.0 Broyhill Crest
Brookfield ,Week3,Lee Graham,Week5,312.0 Lee Graham - 90.0 Brookfield
Brookfield ,Week5,Somerset-Olde Creek,Week3,320.0 Brookfield - 77.0 Somerset-Olde Creek
Broyhill Crest,Week1,Lakevale Estates,Week2,386.0 Lakevale Estates - 15.0 Broyhill Crest
Broyhill Crest,Week1,Sideburn Run,Week2,338.0 Sideburn Run - 63.0 Broyhill Crest
Broyhill Crest,Week1,Lakevale Estates,Week5,380.0 Lakevale Estates - 22.0 Broyhill Crest
Brookfield ,Week2,South Run,Week5,212.0 South Run - 190.0 Brookfield
Broyhill Crest,Week2,Sideburn Run,Week4,362.0 Sideburn Run - 38.0 Broyhill Crest
Broyhill Crest,Week1,Fair Oaks ,Week4,356.0 Fair Oaks - 46.0 Broyhill Crest
Brookfield ,Week4,Somerset-Olde Creek,Week5,307.0 Brookfield - 95.0 Somerset-Olde Creek
Broyhill Crest,Week4,Lake Braddock,Week4,286.0 Lake Braddock - 115.0 Broyhill Crest
Broyhill Crest,Week4,Fair Oaks ,Week3,359.0 Fair Oaks - 43.0 Broyhill Crest
Brookfield ,Week3,High Point Pool,Week4,252.0 High Point Pool - 150.0 Brookfield
Broyhill Crest,Week5,Shouse Village,Week2,296.0 Shouse Village - 105.0 Broyhill Crest
Brookfield ,Week3,Highland Park,Week1,235.5 Highland Park - 166.5 Brookfield
Brookfield ,Week1,Highland Park,Week3,204.0 Highland Park - 198.0 Brookfield
Broyhill Crest,Week1,Sideburn Run,Week3,358.0 Sideburn Run - 44.0 Broyhill Crest
Brookfield ,Week1,Lee Graham,Week5,289.0 Lee Graham - 113.0 Brookfield
Brookfield ,Week2,Pinecrest,Week4,297.5 Pinecrest - 104.5 Brookfield
Broyhill Crest,Week5,Fair Oaks ,Week3,340.0 Fair Oaks - 62.0 Broyhill Crest
Brookfield ,Week2,Burke Station,Week2,282.0 Brookfield - 119.0 Burke Station
Broyhill Crest,Week5,Lake Braddock,Week1,237.0 Lake Braddock - 164.0 Broyhill Crest
Brookfield ,Week3,South Run,Week2,213.0 Brookfield - 188.0 South Run
Broyhill Crest,Week5,Lake Braddock,Week5,277.0 Lake Braddock - 124.0 Broyhill Crest
Brookfield ,Week4,Lee Graham,Week2,271.5 Lee Graham - 130.5 Brookfield
Brookfield ,Week3,South Run,Week4,201.0 Brookfield - 200.0 South Run
Broyhill Crest,Week1,Sideburn Run,Week4,356.0 Sideburn Run - 44.0 Broyhill Crest
Brookfield ,Week1,Burke Station,Week4,285.0 Brookfield - 117.0 Burke Station
Broyhill Crest,Week2,Fair Oaks ,Week2,339.0 Fair Oaks - 63.0 Broyhill Crest
Brookfield ,Week1,Pinewood Lake,Week5,355.0 Brookfield - 46.0 Pinewood Lake
Brookfield ,Week2,Lee Graham,Week2,289.0 Lee Graham - 113.0 Brookfield
Brookfield ,Week2,Highland Park,Week3,210.0 Highland Park - 192.0 Brookfield
Brookfield ,Week3,South Run,Week5,236.0 South Run - 166.0 Brookfield
Brookfield ,Week1,Pinewood Lake,Week3,371.0 Brookfield - 29.0 Pinewood Lake
Broyhill Crest,Week2,Lakevale Estates,Week1,386.0 Lakevale Estates - 16.0 Broyhill Crest
Broyhill Crest,Week2,Fair Oaks ,Week4,358.0 Fair Oaks - 44.0 Broyhill Crest
Broyhill Crest,Week4,Shouse Village,Week1,310.0 Shouse Village - 91.0 Broyhill Crest
Brookfield ,Week3,Burke Station,Week5,251.0 Brookfield - 151.0 Burke Station
Brookfield ,Week2,Highland Park,Week5,226.0 Highland Park - 176.0 Brookfield
Broyhill Crest,Week3,Lake Braddock,Week5,315.0 Lake Braddock - 86.0 Broyhill Crest
Broyhill Crest,Week5,Shouse Village,Week4,328.0 Shouse Village - 69.0 Broyhill Crest
Brookfield ,Week3,Pinewood Lake,Week3,363.0 Brookfield - 39.0 Pinewood Lake
Brookfield ,Week3,Highland Park,Week4,241.0 Highland Park - 161.0 Brookfield
Broyhill Crest,Week4,Lake Braddock,Week2,277.0 Lake Braddock - 124.0 Broyhill Crest
Brookfield ,Week1,Lee Graham,Week2,290.0 Lee Graham - 112.0 Brookfield
Brookfield ,Week2,Pinewood Lake,Week5,356.0 Brookfield - 44.0 Pinewood Lake
Brookfield ,Week2,Springboard,Week3,264.0 Brookfield - 137.0 Springboard
Brookfield ,Week4,Springboard,Week2,311.5 Brookfield - 90.5 Springboard
Brookfield ,Week1,Burke Station,Week2,292.0 Brookfield - 110.0 Burke Station
Broyhill Crest,Week3,Sideburn Run,Week2,348.0 Sideburn Run - 53.0 Broyhill Crest
Brookfield ,Week2,Lee Graham,Week4,293.0 Lee Graham - 109.0 Brookfield
Brookfield ,Week2,Highland Park,Week1,238.0 Highland Park - 164.0 Brookfield
Brookfield ,Week1,Burke Station,Week3,262.0 Brookfield - 134.0 Burke Station
Brookfield ,Week3,Springboard,Week5,251.0 Brookfield - 147.0 Springboard
Brookfield ,Week1,Burke Station,Week5,259.0 Brookfield - 143.0 Burke Station
Brookfield ,Week5,Laurel Hill,Week4,265.0 Brookfield - 137.0 Laurel Hill
Broyhill Crest,Week3,Fair Oaks ,Week2,332.0 Fair Oaks - 70.0 Broyhill Crest
Broyhill Crest,Week4,Fair Oaks ,Week2,332.0 Fair Oaks - 70.0 Broyhill Crest
Brookfield ,Week2,Burke Station,Week3,241.0 Brookfield - 156.0 Burke Station
Broyhill Crest,Week1,Lakevale Estates,Week4,386.0 Lakevale Estates - 16.0 Broyhill Crest
Brookfield ,Week1,Springboard,Week4,280.0 Brookfield - 122.0 Springboard
Broyhill Crest,Week2,Fair Oaks ,Week5,361.0 Fair Oaks - 40.0 Broyhill Crest
Broyhill Crest,Week5,Fair Oaks ,Week4,344.0 Fair Oaks - 57.0 Broyhill Crest
Brookfield ,Week3,Pinewood Lake,Week1,360.0 Brookfield - 41.0 Pinewood Lake
Brookfield ,Week2,Pinewood Lake,Week2,354.0 Brookfield - 47.0 Pinewood Lake
Brookfield ,Week3,Pinecrest,Week5,293.0 Pinecrest - 108.0 Brookfield
Brookfield ,Week2,Highland Park,Week4,229.0 Highland Park - 173.0 Brookfield
Brookfield ,Week1,Highland Park,Week1,205.0 Highland Park - 197.0 Brookfield
Brookfield ,Week4,Lee Graham,Week3,281.0 Lee Graham - 121.0 Brookfield
Broyhill Crest,Week2,Sideburn Run,Week3,364.0 Sideburn Run - 38.0 Broyhill Crest
Broyhill Crest,Week2,Sideburn Run,Week2,354.0 Sideburn Run - 47.0 Broyhill Crest
Broyhill Crest,Week2,Lakevale Estates,Week3,383.0 Lakevale Estates - 19.0 Broyhill Crest
Brookfield ,Week3,Lee Graham,Week1,290.0 Lee Graham - 112.0 Brookfield
Brookfield ,Week4,Springboard,Week5,273.0 Brookfield - 129.0 Springboard
Broyhill Crest,Week4,Sideburn Run,Week1,336.0 Sideburn Run - 66.0 Broyhill Crest
Brookfield ,Week5,Highland Park,Week4,219.0 Highland Park - 183.0 Brookfield
Broyhill Crest,Week3,Lakevale Estates,Week4,391.0 Lakevale Estates - 11.0 Broyhill Crest
Broyhill Crest,Week2,Lakevale Estates,Week5,379.0 Lakevale Estates - 23.0 Broyhill Crest
Broyhill Crest,Week5,Fair Oaks ,Week5,354.0 Fair Oaks - 48.0 Broyhill Crest
Brookfield ,Week1,Lee Graham,Week1,273.0 Lee Graham - 129.0 Brookfield
Brookfield ,Week3,Pinewood Lake,Week5,353.0 Brookfield - 48.0 Pinewood Lake
Brookfield ,Week5,South Run,Week3,215.0 Brookfield - 187.0 South Run
Brookfield ,Week3,Springboard,Week2,304.0 Brookfield - 93.0 Springboard
Broyhill Crest,Week3,Sideburn Run,Week3,371.0 Sideburn Run - 31.0 Broyhill Crest
Brookfield ,Week5,South Run,Week5,218.5 South Run - 183.5 Brookfield
Brookfield ,Week3,Pinewood Lake,Week4,358.0 Brookfield - 43.0 Pinewood Lake
Brookfield ,Week4,Lee Graham,Week4,286.0 Lee Graham - 116.0 Brookfield
Broyhill Crest,Week3,Lakevale Estates,Week5,386.0 Lakevale Estates - 16.0 Broyhill Crest
Broyhill Crest,Week3,Lakevale Estates,Week1,389.0 Lakevale Estates - 13.0 Broyhill Crest
Brookfield ,Week5,Burke Station,Week1,229.0 Brookfield - 150.0 Burke Station
Brookfield ,Week4,Highland Park,Week5,209.0 Highland Park - 193.0 Brookfield
Broyhill Crest,Week3,Fair Oaks ,Week5,367.0 Fair Oaks - 35.0 Broyhill Crest
Broyhill Crest,Week3,Lakevale Estates,Week2,390.0 Lakevale Estates - 11.0 Broyhill Crest
Broyhill Crest,Week3,Sideburn Run,Week4,368.0 Sideburn Run - 33.0 Broyhill Crest
Brookfield ,Week5,South Run,Week1,199.0 Brookfield - 189.0 South Run
Broyhill Crest,Week5,Fair Oaks ,Week2,324.0 Fair Oaks - 78.0 Broyhill Crest
Broyhill Crest,Week5,Fair Oaks ,Week1,343.0 Fair Oaks - 59.0 Broyhill Crest
Brookfield ,Week3,Burke Station,Week1,223.0 Brookfield - 151.0 Burke Station
Brookfield ,Week4,Highland Park,Week1,216.0 Highland Park - 186.0 Brookfield
Broyhill Crest,Week5,Shouse Village,Week3,318.0 Shouse Village - 84.0 Broyhill Crest
Broyhill Crest,Week4,Fair Oaks ,Week5,363.0 Fair Oaks - 39.0 Broyhill Crest
Brookfield ,Week3,Camelot,Week1,206.0 Brookfield - 196.0 Camelot
Brookfield ,Week2,Lee Graham,Week5,295.0 Lee Graham - 107.0 Brookfield
Brookfield ,Week4,Pinewood Lake,Week1,364.0 Brookfield - 36.0 Pinewood Lake
Broyhill Crest,Week3,Sideburn Run,Week5,374.0 Sideburn Run - 28.0 Broyhill Crest
Brookfield ,Week3,Highland Park,Week3,226.0 Highland Park - 176.0 Brookfield
Brookfield ,Week1,Lee Graham,Week4,279.0 Lee Graham - 123.0 Brookfield
Brookfield ,Week2,Burke Station,Week1,219.5 Brookfield - 158.5 Burke Station
Brookfield ,Week3,Burke Station,Week2,277.0 Brookfield - 121.0 Burke Station
Brookfield ,Week2,Pinewood Lake,Week4,366.0 Brookfield - 34.0 Pinewood Lake
Brookfield ,Week1,Springboard,Week3,280.0 Brookfield - 122.0 Springboard
Brookfield ,Week5,South Run,Week4,213.0 Brookfield - 189.0 South Run
Brookfield ,Week4,South Run,Week4,234.0 Brookfield - 168.0 South Run
Brookfield ,Week5,High Point Pool,Week4,244.0 High Point Pool - 158.0 Brookfield
Broyhill Crest,Week4,Sideburn Run,Week3,361.0 Sideburn Run - 41.0 Broyhill Crest
Broyhill Crest,Week4,Lakevale Estates,Week2,387.0 Lakevale Estates - 14.0 Broyhill Crest
Brookfield ,Week3,Pinewood Lake,Week2,361.0 Brookfield - 41.0 Pinewood Lake
Broyhill Crest,Week1,Fairfax,Week1,377.0 Fairfax - 23.0 Broyhill Crest
Brookfield ,Week1,Springboard,Week2,309.0 Brookfield - 93.0 Springboard
Broyhill Crest,Week4,Lakevale Estates,Week4,387.0 Lakevale Estates - 15.0 Broyhill Crest
Broyhill Crest,Week3,Sleepy Hollow B & R,Week1,368.0 Sleepy Hollow B & R - 34.0 Broyhill Crest
Brookfield ,Week1,Camelot,Week4,228.0 Brookfield - 174.0 Camelot
Brookfield ,Week3,Pleasant Valley,Week2,289.0 Brookfield - 109.0 Pleasant Valley
Brookfield ,Week5,Pinewood Lake,Week2,358.0 Brookfield - 43.0 Pinewood Lake
Brookfield ,Week5,High Point Pool,Week3,256.0 High Point Pool - 146.0 Brookfield
Brookfield ,Week1,Pleasant Valley,Week4,309.0 Brookfield - 93.0 Pleasant Valley
Broyhill Crest,Week4,Sideburn Run,Week5,367.0 Sideburn Run - 35.0 Broyhill Crest
Brookfield ,Week2,Burke Station,Week5,239.0 Brookfield - 163.0 Burke Station
Brookfield ,Week3,Highland Park,Week5,236.0 Highland Park - 166.0 Brookfield
Broyhill Crest,Week5,Lakevale Estates,Week1,376.0 Lakevale Estates - 26.0 Broyhill Crest
Broyhill Crest,Week3,Sleepy Hollow B & R,Week2,382.0 Sleepy Hollow B & R - 20.0 Broyhill Crest
Brookfield ,Week3,Lee Graham,Week2,292.0 Lee Graham - 110.0 Brookfield
Broyhill Crest,Week1,Fair Oaks ,Week5,357.0 Fair Oaks - 44.0 Broyhill Crest
Broyhill Crest,Week4,Lakevale Estates,Week5,379.0 Lakevale Estates - 23.0 Broyhill Crest
Brookfield ,Week2,Highland Park,Week2,220.5 Highland Park - 181.5 Brookfield
Broyhill Crest,Week3,Fair Oaks ,Week1,358.0 Fair Oaks - 43.0 Broyhill Crest
Brookfield ,Week1,Burke Station,Week1,243.0 Brookfield - 136.0 Burke Station
Broyhill Crest,Week2,Fairfax,Week3,394.0 Fairfax - 8.0 Broyhill Crest
Brookfield ,Week3,Springboard,Week1,260.0 Brookfield - 137.0 Springboard
Brookfield ,Week5,Highland Park,Week3,216.0 Highland Park - 186.0 Brookfield
Broyhill Crest,Week5,Lakevale Estates,Week5,372.0 Lakevale Estates - 30.0 Broyhill Crest
Broyhill Crest,Week1,Lakeview,Week1,273.0 Lakeview - 128.0 Broyhill Crest
Brookfield ,Week5,Pleasant Valley,Week4,301.0 Brookfield - 101.0 Pleasant Valley
Brookfield ,Week4,Highland Park,Week4,212.0 Highland Park - 190.0 Brookfield
Brookfield ,Week5,Burke Station,Week2,281.0 Brookfield - 121.0 Burke Station
Brookfield ,Week2,Springboard,Week2,291.0 Brookfield - 110.0 Springboard
Brookfield ,Week2,Camelot,Week3,222.0 Brookfield - 180.0 Camelot
Brookfield ,Week3,Springboard,Week3,265.0 Brookfield - 133.0 Springboard
Brookfield ,Week5,Pinewood Lake,Week4,363.0 Brookfield - 38.0 Pinewood Lake
Brookfield ,Week1,Pleasant Valley,Week1,301.0 Brookfield - 101.0 Pleasant Valley
Brookfield ,Week4,South Run,Week2,244.0 Brookfield - 158.0 South Run
Broyhill Crest,Week4,Fair Oaks ,Week4,353.0 Fair Oaks - 49.0 Broyhill Crest
Broyhill Crest,Week1,Fairfax,Week3,389.0 Fairfax - 13.0 Broyhill Crest
Broyhill Crest,Week1,Fairfax,Week2,387.0 Fairfax - 15.0 Broyhill Crest
Broyhill Crest,Week5,Sleepy Hollow B & R,Week1,338.5 Sleepy Hollow B & R - 63.5 Broyhill Crest
Brookfield ,Week4,Burke Station,Week2,285.0 Brookfield - 117.0 Burke Station
Broyhill Crest,Week5,Sideburn Run,Week4,347.0 Sideburn Run - 55.0 Broyhill Crest
Brookfield ,Week3,Pleasant Valley,Week1,282.0 Brookfield - 116.0 Pleasant Valley
Brookfield ,Week5,Burke Station,Week5,239.0 Brookfield - 163.0 Burke Station
Brookfield ,Week5,Pinewood Lake,Week3,367.0 Brookfield - 34.0 Pinewood Lake
Broyhill Crest,Week5,Lakevale Estates,Week4,381.0 Lakevale Estates - 21.0 Broyhill Crest
Brookfield ,Week4,Highland Park,Week2,202.0 Highland Park - 200.0 Brookfield
Brookfield ,Week2,Springboard,Week1,263.0 Brookfield - 138.0 Springboard
Broyhill Crest,Week5,Lakevale Estates,Week3,371.0 Lakevale Estates - 31.0 Broyhill Crest
Brookfield ,Week4,Highland Park,Week3,203.0 Highland Park - 199.0 Brookfield
Broyhill Crest,Week1,Lakeview,Week3,295.0 Lakeview - 107.0 Broyhill Crest
Brookfield ,Week4,Camelot,Week2,231.0 Brookfield - 171.0 Camelot
Brookfield ,Week5,Highland Park,Week5,219.0 Highland Park - 183.0 Brookfield
Broyhill Crest,Week5,Sleepy Hollow B & R,Week2,370.0 Sleepy Hollow B & R - 32.0 Broyhill Crest
Broyhill Crest,Week1,Fairfax,Week5,385.0 Fairfax - 17.0 Broyhill Crest
Broyhill Crest,Week1,Sleepy Hollow Rec,Week1,291.0 Sleepy Hollow Rec - 106.0 Broyhill Crest
Broyhill Crest,Week4,Sleepy Hollow B & R,Week1,346.0 Sleepy Hollow B & R - 56.0 Broyhill Crest
Broyhill Crest,Week3,Fair Oaks ,Week3,361.0 Fair Oaks - 41.0 Broyhill Crest
Brookfield ,Week1,Highlands Swim,Week1,298.0 Highlands Swim - 104.0 Brookfield
Brookfield ,Week4,South Run,Week1,209.0 Brookfield - 184.0 South Run
Brookfield ,Week4,Pleasant Valley,Week5,302.0 Brookfield - 100.0 Pleasant Valley
Brookfield ,Week4,Pleasant Valley,Week1,294.0 Brookfield - 108.0 Pleasant Valley
Broyhill Crest,Week4,Fairfax,Week1,372.0 Fairfax - 29.0 Broyhill Crest
Broyhill Crest,Week1,Lakeview,Week2,287.0 Lakeview - 114.0 Broyhill Crest
Brookfield ,Week3,Burke Station,Week4,270.0 Brookfield - 132.0 Burke Station
Brookfield ,Week3,Burke Station,Week3,247.0 Brookfield - 149.0 Burke Station
Broyhill Crest,Week2,Fairfax,Week5,386.0 Fairfax - 16.0 Broyhill Crest
Brookfield ,Week5,South Run,Week2,214.0 Brookfield - 183.0 South Run
Broyhill Crest,Week1,Lakeview,Week4,305.5 Lakeview - 95.5 Broyhill Crest
Brookfield ,Week2,Burke Station,Week4,268.0 Brookfield - 134.0 Burke Station
Brookfield ,Week1,Springboard,Week1,277.0 Brookfield - 125.0 Springboard
Broyhill Crest,Week4,Sleepy Hollow B & R,Week2,368.0 Sleepy Hollow B & R - 34.0 Broyhill Crest
Brookfield ,Week4,Pleasant Valley,Week3,293.0 Brookfield - 109.0 Pleasant Valley
Broyhill Crest,Week5,Fairfax,Week2,370.0 Fairfax - 32.0 Broyhill Crest
Brookfield ,Week4,Pleasant Valley,Week4,315.0 Brookfield - 87.0 Pleasant Valley
Brookfield ,Week3,Pleasant Valley,Week5,285.0 Brookfield - 116.0 Pleasant Valley
Brookfield ,Week5,Pinewood Lake,Week5,359.0 Brookfield - 43.0 Pinewood Lake
Broyhill Crest,Week5,Lakevale Estates,Week2,378.0 Lakevale Estates - 24.0 Broyhill Crest
Broyhill Crest,Week5,Sideburn Run,Week2,338.0 Sideburn Run - 64.0 Broyhill Crest
Broyhill Crest,Week2,Sleepy Hollow B & R,Week2,373.0 Sleepy Hollow B & R - 28.0 Broyhill Crest
Brookfield ,Week1,Highlands Swim,Week3,290.0 Highlands Swim - 112.0 Brookfield
Brookfield ,Week4,Burke Station,Week5,262.0 Brookfield - 140.0 Burke Station
Brookfield ,Week2,Springboard,Week4,264.0 Brookfield - 138.0 Springboard
Broyhill Crest,Week1,Sleepy Hollow B & R,Week5,372.0 Sleepy Hollow B & R - 29.0 Broyhill Crest
Broyhill Crest,Week5,Fairfax,Week4,373.0 Fairfax - 28.0 Broyhill Crest
Brookfield ,Week3,Springboard,Week4,270.0 Brookfield - 131.0 Springboard
Broyhill Crest,Week3,Fairfax,Week2,390.0 Fairfax - 12.0 Broyhill Crest
Broyhill Crest,Week4,Lakevale Estates,Week3,378.0 Lakevale Estates - 24.0 Broyhill Crest
Broyhill Crest,Week2,Sleepy Hollow B & R,Week4,377.0 Sleepy Hollow B & R - 24.0 Broyhill Crest
Brookfield ,Week1,Highlands Swim,Week4,283.0 Highlands Swim - 119.0 Brookfield
Brookfield ,Week5,Highland Park,Week2,223.0 Highland Park - 179.0 Brookfield
Brookfield ,Week1,Highlands Swim,Week2,303.0 Highlands Swim - 99.0 Brookfield
Brookfield ,Week4,South Run,Week5,202.0 South Run - 200.0 Brookfield
Brookfield ,Week5,Burke Station,Week4,267.0 Brookfield - 135.0 Burke Station
Brookfield ,Week4,Burke Station,Week1,234.0 Brookfield - 145.0 Burke Station
Broyhill Crest,Week4,Fairfax,Week5,388.0 Fairfax - 14.0 Broyhill Crest
Brookfield ,Week1,Pleasant Valley,Week5,294.0 Brookfield - 107.0 Pleasant Valley
Broyhill Crest,Week1,Fairfax Club Estates,Week4,332.0 Fairfax Club Estates - 64.0 Broyhill Crest
Broyhill Crest,Week2,Sleepy Hollow B & R,Week3,371.0 Sleepy Hollow B & R - 31.0 Broyhill Crest
Brookfield ,Week1,Highlands Swim,Week5,298.0 Highlands Swim - 104.0 Brookfield
Broyhill Crest,Week4,Fairfax,Week3,386.0 Fairfax - 16.0 Broyhill Crest
Brookfield ,Week4,Burke Station,Week3,248.0 Brookfield - 148.0 Burke Station
Broyhill Crest,Week1,Fairfax Club Estates,Week1,316.0 Fairfax Club Estates - 75.0 Broyhill Crest
Brookfield ,Week2,Springboard,Week5,241.0 Brookfield - 160.0 Springboard
Brookfield ,Week4,Springboard,Week1,290.0 Brookfield - 112.0 Springboard
Brookfield ,Week1,Camelot,Week1,221.0 Brookfield - 181.0 Camelot
Broyhill Crest,Week5,Fairfax,Week5,378.0 Fairfax - 23.0 Broyhill Crest
Brookfield ,Week4,Pinewood Lake,Week4,369.0 Brookfield - 32.0 Pinewood Lake
Brookfield ,Week4,Springboard,Week3,283.0 Brookfield - 119.0 Springboard
Broyhill Crest,Week4,Sleepy Hollow B & R,Week3,364.0 Sleepy Hollow B & R - 38.0 Broyhill Crest
Broyhill Crest,Week4,Sleepy Hollow B & R,Week4,372.0 Sleepy Hollow B & R - 29.0 Broyhill Crest
Brookfield ,Week1,Camelot,Week3,228.0 Brookfield - 174.0 Camelot
Brookfield ,Week4,Pleasant Valley,Week2,315.0 Brookfield - 87.0 Pleasant Valley
Broyhill Crest,Week2,Sleepy Hollow B & R,Week1,360.0 Sleepy Hollow B & R - 41.0 Broyhill Crest
Brookfield ,Week1,Camelot,Week2,220.0 Brookfield - 182.0 Camelot
Brookfield ,Week5,Pleasant Valley,Week1,298.0 Brookfield - 99.0 Pleasant Valley
Brookfield ,Week5,Burke Station,Week3,243.0 Brookfield - 154.0 Burke Station
Broyhill Crest,Week3,Sleepy Hollow B & R,Week3,380.0 Sleepy Hollow B & R - 21.0 Broyhill Crest
Brookfield ,Week4,South Run,Week3,220.0 Brookfield - 182.0 South Run
Brookfield ,Week3,Pleasant Valley,Week4,294.0 Brookfield - 104.0 Pleasant Valley
Brookfield ,Week1,Springboard,Week5,272.0 Brookfield - 130.0 Springboard
Broyhill Crest,Week5,Sideburn Run,Week5,351.0 Sideburn Run - 51.0 Broyhill Crest
Brookfield ,Week4,Pinewood Lake,Week3,374.0 Brookfield - 25.0 Pinewood Lake
Brookfield ,Week1,Camelot,Week5,220.0 Brookfield - 182.0 Camelot
Broyhill Crest,Week4,Sleepy Hollow B & R,Week5,369.0 Sleepy Hollow B & R - 33.0 Broyhill Crest
Broyhill Crest,Week5,Sleepy Hollow B & R,Week3,364.0 Sleepy Hollow B & R - 38.0 Broyhill Crest
Brookfield ,Week1,Springfield,Week3,367.0 Brookfield - 34.0 Springfield
Brookfield ,Week2,Camelot,Week1,219.0 Brookfield - 183.0 Camelot
Broyhill Crest,Week1,Fairfax Club Estates,Week5,318.5 Fairfax Club Estates - 75.5 Broyhill Crest
Brookfield ,Week5,Springfield,Week3,357.0 Brookfield - 44.0 Springfield
Brookfield ,Week1,Springfield,Week4,358.0 Brookfield - 43.0 Springfield
Broyhill Crest,Week2,Fairfax,Week4,383.0 Fairfax - 18.0 Broyhill Crest
Broyhill Crest,Week3,Fairfax,Week1,379.0 Fairfax - 22.0 Broyhill Crest
Brookfield ,Week2,Camelot,Week4,208.0 Brookfield - 194.0 Camelot
Brookfield ,Week1,Stratford,Week2,261.0 Brookfield - 141.0 Stratford
Broyhill Crest,Week3,Fairfax,Week5,388.0 Fairfax - 13.0 Broyhill Crest
Brookfield ,Week2,Pleasant Valley,Week2,301.0 Brookfield - 100.0 Pleasant Valley
Brookfield ,Week3,Camelot,Week2,210.0 Brookfield - 191.0 Camelot
Broyhill Crest,Week4,Fairfax,Week2,381.0 Fairfax - 21.0 Broyhill Crest
Brookfield ,Week2,Pleasant Valley,Week1,276.0 Brookfield - 125.0 Pleasant Valley
Broyhill Crest,Week2,Sleepy Hollow B & R,Week5,375.0 Sleepy Hollow B & R - 27.0 Broyhill Crest
Brookfield ,Week1,Pleasant Valley,Week2,301.0 Brookfield - 101.0 Pleasant Valley
Broyhill Crest,Week5,Sideburn Run,Week3,338.0 Sideburn Run - 64.0 Broyhill Crest
Brookfield ,Week2,Camelot,Week5,202.0 Camelot - 200.0 Brookfield
Broyhill Crest,Week1,Sleepy Hollow Rec,Week2,311.0 Sleepy Hollow Rec - 87.0 Broyhill Crest
Broyhill Crest,Week1,Fairfax Club Estates,Week2,307.0 Fairfax Club Estates - 87.0 Broyhill Crest
Brookfield ,Week4,Burke Station,Week4,282.0 Brookfield - 120.0 Burke Station
Broyhill Crest,Week1,Sleepy Hollow B & R,Week2,372.0 Sleepy Hollow B & R - 29.0 Broyhill Crest
Brookfield ,Week5,Springfield,Week1,356.0 Brookfield - 45.0 Springfield
Broyhill Crest,Week1,Fairfax Club Estates,Week3,319.0 Fairfax Club Estates - 76.0 Broyhill Crest
Brookfield ,Week4,Springfield,Week5,376.0 Brookfield - 26.0 Springfield
Brookfield ,Week4,Springboard,Week4,281.0 Brookfield - 121.0 Springboard
Brookfield ,Week1,Pleasant Valley,Week3,280.0 Brookfield - 122.0 Pleasant Valley
Broyhill Crest,Week2,Fairfax Club Estates,Week1,330.0 Fairfax Club Estates - 67.0 Broyhill Crest
Brookfield ,Week2,Pleasant Valley,Week4,292.0 Brookfield - 109.0 Pleasant Valley
Broyhill Crest,Week1,Sleepy Hollow B & R,Week1,356.0 Sleepy Hollow B & R - 45.0 Broyhill Crest
Brookfield ,Week2,Camelot,Week2,209.0 Brookfield - 193.0 Camelot
Brookfield ,Week5,Pinewood Lake,Week1,363.0 Brookfield - 34.0 Pinewood Lake
Brookfield ,Week4,Springfield,Week4,362.0 Brookfield - 40.0 Springfield
Brookfield ,Week2,Springfield,Week5,363.0 Brookfield - 39.0 Springfield
Brookfield ,Week5,Camelot,Week2,219.0 Brookfield - 183.0 Camelot
Brookfield ,Week3,Camelot,Week4,202.0 Brookfield - 200.0 Camelot
Broyhill Crest,Week3,Sleepy Hollow B & R,Week4,381.0 Sleepy Hollow B & R - 20.0 Broyhill Crest
Brookfield ,Week2,Pleasant Valley,Week5,289.0 Brookfield - 113.0 Pleasant Valley
Broyhill Crest,Week1,Sleepy Hollow B & R,Week4,374.0 Sleepy Hollow B & R - 27.0 Broyhill Crest
Broyhill Crest,Week3,Sleepy Hollow B & R,Week5,377.0 Sleepy Hollow B & R - 24.0 Broyhill Crest
Brookfield ,Week3,Camelot,Week3,216.0 Brookfield - 185.0 Camelot
Brookfield ,Week5,Camelot,Week1,217.0 Brookfield - 185.0 Camelot
Brookfield ,Week5,Pleasant Valley,Week2,305.0 Brookfield - 92.0 Pleasant Valley
Broyhill Crest,Week5,Sleepy Hollow B & R,Week5,364.0 Sleepy Hollow B & R - 38.0 Broyhill Crest
Broyhill Crest,Week1,Sleepy Hollow B & R,Week3,372.0 Sleepy Hollow B & R - 30.0 Broyhill Crest
Brookfield ,Week4,Pinewood Lake,Week5,360.0 Brookfield - 41.0 Pinewood Lake
Brookfield ,Week5,Springboard,Week3,268.0 Brookfield - 134.0 Springboard
Brookfield ,Week2,Pleasant Valley,Week3,270.0 Brookfield - 132.0 Pleasant Valley
Brookfield ,Week4,Springfield,Week3,360.0 Brookfield - 41.0 Springfield
Broyhill Crest,Week4,Fairfax,Week4,387.0 Fairfax - 15.0 Broyhill Crest
Broyhill Crest,Week5,Fairfax,Week1,362.0 Fairfax - 40.0 Broyhill Crest
Brookfield ,Week5,Springboard,Week4,267.0 Brookfield - 135.0 Springboard
Brookfield ,Week4,Poplar Heights,Week5,241.0 Poplar Heights - 161.0 Brookfield
Brookfield ,Week5,Camelot,Week4,224.0 Brookfield - 178.0 Camelot
Broyhill Crest,Week5,Fairfax,Week3,374.0 Fairfax - 27.0 Broyhill Crest
Broyhill Crest,Week5,Sleepy Hollow B & R,Week4,374.0 Sleepy Hollow B & R - 28.0 Broyhill Crest
Broyhill Crest,Week1,Sleepy Hollow Rec,Week3,324.0 Sleepy Hollow Rec - 78.0 Broyhill Crest
Brookfield ,Week5,Pleasant Valley,Week3,282.0 Brookfield - 120.0 Pleasant Valley
Brookfield ,Week5,Camelot,Week3,220.0 Brookfield - 182.0 Camelot
Broyhill Crest,Week3,Fairfax,Week4,388.0 Fairfax - 13.0 Broyhill Crest
Broyhill Crest,Week2,Fairfax,Week2,392.0 Fairfax - 10.0 Broyhill Crest
Brookfield ,Week2,Springfield,Week2,356.0 Brookfield - 45.0 Springfield
Broyhill Crest,Week3,Fairfax,Week3,389.0 Fairfax - 12.0 Broyhill Crest
Brookfield ,Week3,Pleasant Valley,Week3,265.0 Brookfield - 137.0 Pleasant Valley
Brookfield ,Week3,Camelot,Week5,204.0 Camelot - 198.0 Brookfield
Brookfield ,Week5,Springfield,Week4,347.0 Brookfield - 54.0 Springfield
Brookfield ,Week5,Springboard,Week5,255.0 Brookfield - 147.0 Springboard
Brookfield ,Week5,Poplar Heights,Week3,249.0 Poplar Heights - 153.0 Brookfield
Brookfield ,Week4,Camelot,Week1,227.0 Brookfield - 175.0 Camelot
Broyhill Crest,Week4,Overlee,Week4,402.0 Overlee - 0.0 Broyhill Crest
Brookfield ,Week1,Canterbury Woods,Week3,214.0 Brookfield - 188.0 Canterbury Woods
Brookfield ,Week1,Poplar Heights,Week1,226.0 Poplar Heights - 176.0 Brookfield
Brookfield ,Week1,Canterbury Woods,Week2,222.0 Brookfield - 180.0 Canterbury Woods
Brookfield ,Week1,Poplar Tree,Week4,217.0 Poplar Tree - 185.0 Brookfield
Brookfield ,Week1,Springfield,Week1,364.0 Brookfield - 37.0 Springfield
Brookfield ,Week2,Canterbury Woods,Week1,222.0 Brookfield - 180.0 Canterbury Woods
Brookfield ,Week5,Camelot,Week5,202.5 Brookfield - 199.5 Camelot
Broyhill Crest,Week5,Orange Hunt,Week4,331.0 Orange Hunt - 71.0 Broyhill Crest
Brookfield ,Week1,Springfield,Week2,365.0 Brookfield - 35.0 Springfield
Brookfield ,Week2,Springfield,Week3,348.0 Brookfield - 53.0 Springfield
Brookfield ,Week1,Poplar Heights,Week4,239.0 Poplar Heights - 163.0 Brookfield
Brookfield ,Week4,Springfield,Week1,375.0 Brookfield - 27.0 Springfield
Brookfield ,Week2,Canterbury Woods,Week4,208.5 Canterbury Woods - 193.5 Brookfield
Broyhill Crest,Week1,Overlee,Week2,398.0 Overlee - 4.0 Broyhill Crest
Broyhill Crest,Week2,Overlee,Week1,398.0 Overlee - 4.0 Broyhill Crest
Brookfield ,Week2,Poplar Heights,Week2,249.0 Poplar Heights - 153.0 Brookfield
Brookfield ,Week1,Canterbury Woods,Week1,228.0 Brookfield - 174.0 Canterbury Woods
Brookfield ,Week2,Springfield,Week1,357.0 Brookfield - 45.0 Springfield
Brookfield ,Week3,Springfield,Week3,357.0 Brookfield - 40.0 Springfield
Brookfield ,Week2,Poplar Heights,Week3,252.0 Poplar Heights - 150.0 Brookfield
Brookfield ,Week3,Poplar Heights,Week4,261.0 Poplar Heights - 141.0 Brookfield
Brookfield ,Week3,Springfield,Week2,356.0 Brookfield - 45.0 Springfield
Broyhill Crest,Week1,Overlee,Week3,400.0 Overlee - 2.0 Broyhill Crest
Broyhill Crest,Week4,Orange Hunt,Week5,345.0 Orange Hunt - 56.0 Broyhill Crest
Brookfield ,Week2,Canterbury Woods,Week2,222.0 Brookfield - 180.0 Canterbury Woods
Broyhill Crest,Week5,Orange Hunt,Week3,334.0 Orange Hunt - 68.0 Broyhill Crest
Brookfield ,Week3,Springfield,Week1,353.0 Brookfield - 48.0 Springfield
Broyhill Crest,Week5,Overlee,Week4,402.0 Overlee - 0.0 Broyhill Crest
Brookfield ,Week4,Chesterbrook,Week1,339.0 Chesterbrook - 63.0 Brookfield
Brookfield ,Week5,Pleasant Valley,Week5,300.0 Brookfield - 97.0 Pleasant Valley
Brookfield ,Week2,Poplar Heights,Week4,263.0 Poplar Heights - 139.0 Brookfield
Brookfield ,Week1,Springfield,Week5,374.0 Brookfield - 28.0 Springfield
Brookfield ,Week4,Commonwealth,Week1,254.0 Brookfield - 148.0 Commonwealth
Brookfield ,Week5,Chesterbrook,Week5,355.0 Chesterbrook - 47.0 Brookfield
Brookfield ,Week2,Canterbury Woods,Week5,203.0 Canterbury Woods - 198.0 Brookfield
Broyhill Crest,Week1,Parklawn,Week1,245.0 Parklawn - 138.0 Broyhill Crest
Brookfield ,Week3,Springfield,Week4,346.0 Brookfield - 55.0 Springfield
Brookfield ,Week1,Poplar Heights,Week5,235.0 Poplar Heights - 167.0 Brookfield
Brookfield ,Week5,Chesterbrook,Week2,354.0 Chesterbrook - 48.0 Brookfield
Brookfield ,Week2,Poplar Heights,Week1,240.0 Poplar Heights - 162.0 Brookfield
Broyhill Crest,Week5,Orange Hunt,Week2,331.0 Orange Hunt - 71.0 Broyhill Crest
Broyhill Crest,Week1,Overlee,Week1,400.0 Overlee - 2.0 Broyhill Crest
Brookfield ,Week1,Canterbury Woods,Week5,214.0 Brookfield - 188.0 Canterbury Woods
Broyhill Crest,Week4,Orange Hunt,Week2,337.0 Orange Hunt - 65.0 Broyhill Crest
Brookfield ,Week5,Springboard,Week1,269.0 Brookfield - 133.0 Springboard
Brookfield ,Week2,Poplar Heights,Week5,261.0 Poplar Heights - 141.0 Brookfield
Brookfield ,Week2,Springfield,Week4,344.0 Brookfield - 58.0 Springfield
Brookfield ,Week3,Poplar Heights,Week3,250.0 Poplar Heights - 152.0 Brookfield
Brookfield ,Week2,Canterbury Woods,Week3,204.5 Brookfield - 197.5 Canterbury Woods
Brookfield ,Week4,Springfield,Week2,370.0 Brookfield - 30.0 Springfield
Brookfield ,Week3,Poplar Heights,Week2,263.5 Poplar Heights - 138.5 Brookfield
Brookfield ,Week4,Chesterbrook,Week5,354.0 Chesterbrook - 48.0 Brookfield
Brookfield ,Week4,Camelot,Week5,214.0 Brookfield - 188.0 Camelot
Brookfield ,Week5,Springboard,Week2,281.0 Brookfield - 121.0 Springboard
Brookfield ,Week4,Chesterbrook,Week2,351.0 Chesterbrook - 51.0 Brookfield
Broyhill Crest,Week3,Overlee,Week2,402.0 Overlee - 0.0 Broyhill Crest
Brookfield ,Week1,Poplar Heights,Week2,238.0 Poplar Heights - 164.0 Brookfield
Brookfield ,Week3,Commonwealth,Week2,208.0 Brookfield - 194.0 Commonwealth
Brookfield ,Week3,Canterbury Woods,Week1,207.0 Brookfield - 195.0 Canterbury Woods
Brookfield ,Week4,Camelot,Week4,214.0 Brookfield - 188.0 Camelot
Brookfield ,Week4,Camelot,Week3,225.0 Brookfield - 177.0 Camelot
Broyhill Crest,Week3,Overlee,Week4,402.0 Overlee - 0.0 Broyhill Crest
Brookfield ,Week1,Canterbury Woods,Week4,207.0 Brookfield - 195.0 Canterbury Woods
Broyhill Crest,Week3,Overlee,Week5,402.0 Overlee - 0.0 Broyhill Crest
Broyhill Crest,Week5,Orange Hunt,Week1,334.0 Orange Hunt - 68.0 Broyhill Crest
Brookfield ,Week1,Poplar Heights,Week3,232.0 Poplar Heights - 170.0 Brookfield
Brookfield ,Week2,Commonwealth,Week4,243.0 Brookfield - 159.0 Commonwealth
Brookfield ,Week1,Stratford,Week4,234.0 Brookfield - 168.0 Stratford
Brookfield ,Week5,Poplar Heights,Week4,248.0 Poplar Heights - 154.0 Brookfield
Brookfield ,Week4,Poplar Heights,Week1,231.0 Poplar Heights - 171.0 Brookfield
Broyhill Crest,Week5,Orange Hunt,Week5,338.0 Orange Hunt - 63.0 Broyhill Crest
Broyhill Crest,Week1,Overlee,Week5,401.0 Overlee - 1.0 Broyhill Crest
Brookfield ,Week5,Springfield,Week2,355.0 Brookfield - 41.0 Springfield
Brookfield ,Week3,Canterbury Woods,Week4,206.0 Canterbury Woods - 196.0 Brookfield
Brookfield ,Week1,Stratford,Week3,245.0 Brookfield - 157.0 Stratford
Brookfield ,Week5,Poplar Heights,Week2,246.0 Poplar Heights - 156.0 Brookfield
Brookfield ,Week4,Poplar Heights,Week2,232.0 Poplar Heights - 170.0 Brookfield
Brookfield ,Week4,Poplar Heights,Week3,245.0 Poplar Heights - 157.0 Brookfield
Brookfield ,Week2,Cardinal Hill,Week3,292.0 Cardinal Hill - 110.0 Brookfield
Brookfield ,Week2,Cardinal Hill,Week2,252.0 Cardinal Hill - 150.0 Brookfield
Brookfield ,Week4,Chesterbrook,Week4,350.0 Chesterbrook - 52.0 Brookfield
Brookfield ,Week5,Chesterbrook,Week3,365.0 Chesterbrook - 37.0 Brookfield
Brookfield ,Week2,Commonwealth,Week1,256.0 Brookfield - 146.0 Commonwealth
Broyhill Crest,Week4,Orange Hunt,Week3,345.0 Orange Hunt - 56.0 Broyhill Crest
Brookfield ,Week5,Springfield,Week5,370.0 Brookfield - 31.0 Springfield
Brookfield ,Week3,Poplar Heights,Week5,262.5 Poplar Heights - 139.5 Brookfield
Brookfield ,Week4,Canterbury Woods,Week4,214.0 Brookfield - 188.0 Canterbury Woods
Broyhill Crest,Week2,Overlee,Week3,400.0 Overlee - 2.0 Broyhill Crest
Brookfield ,Week3,Chesterbrook,Week4,363.0 Chesterbrook - 39.0 Brookfield
Brookfield ,Week1,Stratford,Week1,263.0 Brookfield - 139.0 Stratford
Brookfield ,Week3,Chesterbrook,Week5,374.0 Chesterbrook - 28.0 Brookfield
Brookfield ,Week3,Canterbury Woods,Week2,214.0 Brookfield - 187.0 Canterbury Woods
Broyhill Crest,Week2,Overlee,Week5,402.0 Overlee - 0.0 Broyhill Crest
Brookfield ,Week3,Springfield,Week5,367.0 Brookfield - 34.0 Springfield
Brookfield ,Week3,Canterbury Woods,Week3,213.0 Canterbury Woods - 189.0 Brookfield
Brookfield ,Week2,Stratford,Week5,231.0 Brookfield - 171.0 Stratford
Brookfield ,Week1,Commonwealth,Week2,226.0 Brookfield - 176.0 Commonwealth
Broyhill Crest,Week1,Overlee,Week4,401.0 Overlee - 1.0 Broyhill Crest
Brookfield ,Week1,Commonwealth,Week3,232.0 Brookfield - 170.0 Commonwealth
Brookfield ,Week1,Poplar Tree,Week1,232.0 Poplar Tree - 170.0 Brookfield
Brookfield ,Week5,Canterbury Woods,Week4,205.0 Canterbury Woods - 197.0 Brookfield
Brookfield ,Week5,Poplar Heights,Week5,258.0 Poplar Heights - 144.0 Brookfield
Brookfield ,Week2,Sully Station,Week2,261.0 Sully Station - 141.0 Brookfield
Brookfield ,Week3,Cardinal Hill,Week3,291.0 Cardinal Hill - 111.0 Brookfield
Brookfield ,Week4,Poplar Heights,Week4,244.0 Poplar Heights - 158.0 Brookfield
Broyhill Crest,Week4,Orange Hunt,Week4,332.0 Orange Hunt - 69.0 Broyhill Crest
Broyhill Crest,Week2,Overlee,Week2,398.0 Overlee - 4.0 Broyhill Crest
Brookfield ,Week2,Sully Station,Week4,275.0 Sully Station - 127.0 Brookfield
Brookfield ,Week3,Poplar Heights,Week1,249.0 Poplar Heights - 153.0 Brookfield
Brookfield ,Week2,Commonwealth,Week5,232.0 Brookfield - 170.0 Commonwealth
Brookfield ,Week1,Cardinal Hill,Week2,238.0 Cardinal Hill - 164.0 Brookfield
Brookfield ,Week5,Poplar Heights,Week1,234.0 Poplar Heights - 168.0 Brookfield
Brookfield ,Week1,Cardinal Hill,Week5,244.0 Cardinal Hill - 158.0 Brookfield
Brookfield ,Week4,Stratford,Week1,269.0 Brookfield - 133.0 Stratford
Brookfield ,Week3,Cardinal Hill,Week4,280.0 Cardinal Hill - 122.0 Brookfield
Brookfield ,Week5,Chesterbrook,Week4,350.0 Chesterbrook - 52.0 Brookfield
Brookfield ,Week5,Chesterbrook,Week1,333.0 Chesterbrook - 69.0 Brookfield
Brookfield ,Week3,Chesterbrook,Week3,373.0 Chesterbrook - 29.0 Brookfield
Broyhill Crest,Week4,Overlee,Week1,396.0 Overlee - 6.0 Broyhill Crest
Brookfield ,Week5,Canterbury Woods,Week2,211.0 Brookfield - 191.0 Canterbury Woods
Brookfield ,Week3,Stratford,Week3,230.0 Brookfield - 172.0 Stratford
Brookfield ,Week5,Stratford,Week1,270.0 Brookfield - 127.0 Stratford
Brookfield ,Week2,Commonwealth,Week3,234.0 Brookfield - 168.0 Commonwealth
Broyhill Crest,Week3,Overlee,Week1,396.0 Overlee - 6.0 Broyhill Crest
Brookfield ,Week3,Stratford,Week2,246.0 Brookfield - 156.0 Stratford
Broyhill Crest,Week3,Overlee,Week3,402.0 Overlee - 0.0 Broyhill Crest
Brookfield ,Week5,Stratford,Week2,247.0 Brookfield - 155.0 Stratford
Brookfield ,Week3,Cardinal Hill,Week1,280.0 Cardinal Hill - 122.0 Brookfield
Broyhill Crest,Week4,Overlee,Week5,402.0 Overlee - 0.0 Broyhill Crest
Brookfield ,Week1,Commonwealth,Week5,248.0 Brookfield - 154.0 Commonwealth
Brookfield ,Week3,Commonwealth,Week1,245.0 Brookfield - 156.0 Commonwealth
Brookfield ,Week1,Sully Station,Week1,265.0 Sully Station - 137.0 Brookfield
Brookfield ,Week4,Canterbury Woods,Week2,245.0 Brookfield - 157.0 Canterbury Woods
Brookfield ,Week1,Poplar Tree,Week3,234.0 Poplar Tree - 168.0 Brookfield
Brookfield ,Week1,Cardinal Hill,Week3,263.0 Cardinal Hill - 139.0 Brookfield
Brookfield ,Week2,Cardinal Hill,Week5,263.0 Cardinal Hill - 139.0 Brookfield
Brookfield ,Week1,Cardinal Hill,Week1,251.0 Cardinal Hill - 151.0 Brookfield
Broyhill Crest,Week4,Overlee,Week2,397.0 Overlee - 5.0 Broyhill Crest
Brookfield ,Week4,Chesterbrook,Week3,370.0 Chesterbrook - 32.0 Brookfield
Broyhill Crest,Week2,Overlee,Week4,402.0 Overlee - 0.0 Broyhill Crest
Brookfield ,Week1,Ravensworth Farm,Week1,235.0 Ravensworth Farm - 167.0 Brookfield
Brookfield ,Week1,Cardinal Hill,Week4,243.0 Cardinal Hill - 159.0 Brookfield
Brookfield ,Week2,Poplar Tree,Week1,252.0 Poplar Tree - 150.0 Brookfield
Brookfield ,Week1,Ravensworth Farm,Week3,238.0 Ravensworth Farm - 164.0 Brookfield
Brookfield ,Week1,Poplar Tree,Week5,260.0 Poplar Tree - 142.0 Brookfield
Brookfield ,Week1,Stratford,Week5,246.0 Brookfield - 156.0 Stratford
Brookfield ,Week5,Stratford,Week4,230.0 Brookfield - 172.0 Stratford
Broyhill Crest,Week4,Overlee,Week3,400.0 Overlee - 2.0 Broyhill Crest
Brookfield ,Week4,Stratford,Week4,239.0 Brookfield - 163.0 Stratford
Brookfield ,Week2,Commonwealth,Week2,207.5 Brookfield - 194.5 Commonwealth
Brookfield ,Week1,Ravensworth Farm,Week5,240.0 Ravensworth Farm - 162.0 Brookfield
Brookfield ,Week2,Sully Station,Week1,277.0 Sully Station - 125.0 Brookfield
Brookfield ,Week1,Poplar Tree,Week2,215.0 Poplar Tree - 187.0 Brookfield
Brookfield ,Week3,Commonwealth,Week5,229.0 Brookfield - 173.0 Commonwealth
Broyhill Crest,Week5,Overlee,Week1,399.0 Overlee - 3.0 Broyhill Crest
Brookfield ,Week1,Commonwealth,Week1,255.0 Brookfield - 147.0 Commonwealth
Broyhill Crest,Week5,Overlee,Week2,401.0 Overlee - 1.0 Broyhill Crest
Brookfield ,Week2,Ravensworth Farm,Week3,246.0 Ravensworth Farm - 156.0 Brookfield
Brookfield ,Week5,Cardinal Hill,Week5,261.0 Cardinal Hill - 141.0 Brookfield
Brookfield ,Week2,Stratford,Week2,256.0 Brookfield - 146.0 Stratford
Brookfield ,Week3,Commonwealth,Week4,238.0 Brookfield - 164.0 Commonwealth
Broyhill Crest,Week5,Overlee,Week3,401.0 Overlee - 1.0 Broyhill Crest
Brookfield ,Week4,Canterbury Woods,Week5,203.0 Brookfield - 199.0 Canterbury Woods
Brookfield ,Week5,Stratford,Week5,232.0 Brookfield - 170.0 Stratford
Broyhill Crest,Week2,Parklawn,Week1,257.0 Parklawn - 134.0 Broyhill Crest
Brookfield ,Week1,Sully Station,Week3,263.0 Sully Station - 139.0 Brookfield
Broyhill Crest,Week1,Parliament,Week4,335.0 Parliament - 62.0 Broyhill Crest
Brookfield ,Week4,Stratford,Week5,247.5 Brookfield - 154.5 Stratford
Brookfield ,Week5,Commonwealth,Week1,251.0 Brookfield - 151.0 Commonwealth
Broyhill Crest,Week1,Parklawn,Week3,289.0 Parklawn - 111.0 Broyhill Crest
Brookfield ,Week5,Commonwealth,Week2,209.0 Brookfield - 193.0 Commonwealth
Broyhill Crest,Week2,Parklawn,Week3,295.0 Parklawn - 105.0 Broyhill Crest
Brookfield ,Week3,Cardinal Hill,Week2,249.0 Cardinal Hill - 153.0 Brookfield
Brookfield ,Week2,Cottontail,Week4,213.0 Brookfield - 189.0 Cottontail
Brookfield ,Week2,Stratford,Week1,259.0 Brookfield - 143.0 Stratford
Brookfield ,Week2,Stratford,Week3,250.5 Brookfield - 151.5 Stratford
Brookfield ,Week5,Canterbury Woods,Week3,201.0 Brookfield - 196.0 Canterbury Woods
Brookfield ,Week3,Stratford,Week1,253.5 Brookfield - 147.5 Stratford
Broyhill Crest,Week5,Overlee,Week5,402.0 Overlee - 0.0 Broyhill Crest
Brookfield ,Week3,Commonwealth,Week3,223.0 Brookfield - 179.0 Commonwealth
Broyhill Crest,Week4,Parklawn,Week5,289.0 Parklawn - 111.0 Broyhill Crest
Brookfield ,Week3,Canterbury Woods,Week5,207.0 Canterbury Woods - 191.0 Brookfield
Brookfield ,Week3,Stratford,Week4,217.0 Brookfield - 185.0 Stratford
Brookfield ,Week3,Cottontail,Week2,224.0 Brookfield - 178.0 Cottontail
Brookfield ,Week2,Poplar Tree,Week2,226.0 Poplar Tree - 176.0 Brookfield
Brookfield ,Week4,Canterbury Woods,Week3,219.0 Brookfield - 183.0 Canterbury Woods
Brookfield ,Week2,Ravensworth Farm,Week4,232.0 Ravensworth Farm - 170.0 Brookfield
Brookfield ,Week1,Commonwealth,Week4,247.0 Brookfield - 155.0 Commonwealth
Brookfield ,Week3,Poplar Tree,Week1,259.0 Poplar Tree - 143.0 Brookfield
Brookfield ,Week2,Ravensworth Farm,Week1,240.0 Ravensworth Farm - 162.0 Brookfield
Brookfield ,Week2,Cardinal Hill,Week1,273.0 Cardinal Hill - 129.0 Brookfield
Brookfield ,Week5,Poplar Tree,Week3,242.0 Poplar Tree - 160.0 Brookfield
Brookfield ,Week5,Commonwealth,Week3,235.0 Brookfield - 167.0 Commonwealth
Brookfield ,Week4,Poplar Tree,Week5,261.0 Poplar Tree - 141.0 Brookfield
Brookfield ,Week5,Canterbury Woods,Week1,216.0 Brookfield - 186.0 Canterbury Woods
Brookfield ,Week2,Cottontail,Week2,234.0 Brookfield - 168.0 Cottontail
Broyhill Crest,Week4,Parklawn,Week4,283.0 Parklawn - 116.0 Broyhill Crest
Broyhill Crest,Week1,Parliament,Week5,329.0 Parliament - 64.0 Broyhill Crest
Brookfield ,Week4,Poplar Tree,Week4,226.0 Poplar Tree - 176.0 Brookfield
Brookfield ,Week4,Commonwealth,Week3,240.0 Brookfield - 162.0 Commonwealth
Brookfield ,Week3,Cardinal Hill,Week5,268.0 Cardinal Hill - 133.0 Brookfield
Brookfield ,Week1,Sully Station,Week4,258.0 Sully Station - 144.0 Brookfield
Broyhill Crest,Week2,Parklawn,Week2,296.0 Parklawn - 105.0 Broyhill Crest
Brookfield ,Week1,Cottontail,Week1,219.0 Brookfield - 183.0 Cottontail
Brookfield ,Week4,Poplar Tree,Week1,245.0 Poplar Tree - 157.0 Brookfield
Brookfield ,Week2,Cottontail,Week5,205.5 Brookfield - 196.5 Cottontail
Brookfield ,Week4,Poplar Tree,Week3,249.0 Poplar Tree - 153.0 Brookfield
Brookfield ,Week4,Cardinal Hill,Week1,264.0 Cardinal Hill - 138.0 Brookfield
Broyhill Crest,Week3,Parklawn,Week4,295.0 Parklawn - 102.0 Broyhill Crest
Broyhill Crest,Week3,Parklawn,Week5,300.0 Parklawn - 98.0 Broyhill Crest
Broyhill Crest,Week5,Parklawn,Week5,275.0 Parklawn - 122.0 Broyhill Crest
Brookfield ,Week1,Cottontail,Week4,219.0 Brookfield - 183.0 Cottontail
Brookfield ,Week5,Poplar Tree,Week4,223.0 Poplar Tree - 179.0 Brookfield
Brookfield ,Week5,Stratford,Week3,230.0 Brookfield - 172.0 Stratford
Brookfield ,Week2,Poplar Tree,Week4,229.0 Poplar Tree - 173.0 Brookfield
Brookfield ,Week1,Sully Station,Week5,269.5 Sully Station - 132.5 Brookfield
Brookfield ,Week4,Commonwealth,Week5,238.0 Brookfield - 164.0 Commonwealth
Brookfield ,Week2,Cardinal Hill,Week4,282.0 Cardinal Hill - 120.0 Brookfield
Brookfield ,Week4,Cardinal Hill,Week2,232.0 Cardinal Hill - 170.0 Brookfield
Brookfield ,Week2,Stratford,Week4,234.5 Brookfield - 167.5 Stratford
Brookfield ,Week3,Stratford,Week5,226.0 Brookfield - 176.0 Stratford
Broyhill Crest,Week1,Parklawn,Week4,291.0 Parklawn - 100.0 Broyhill Crest
Brookfield ,Week5,Poplar Tree,Week2,226.0 Poplar Tree - 176.0 Brookfield
Brookfield ,Week4,Stratford,Week3,253.0 Brookfield - 149.0 Stratford
Brookfield ,Week5,Canterbury Woods,Week5,205.0 Canterbury Woods - 197.0 Brookfield
Brookfield ,Week4,Canterbury Woods,Week1,243.0 Brookfield - 159.0 Canterbury Woods
Broyhill Crest,Week5,Parklawn,Week3,266.0 Parklawn - 132.0 Broyhill Crest
Brookfield ,Week2,Sully Station II,Week2,270.0 Sully Station II - 132.0 Brookfield
Brookfield ,Week2,Sully Station II,Week4,236.0 Sully Station II - 166.0 Brookfield
Brookfield ,Week3,Poplar Tree,Week3,260.0 Poplar Tree - 142.0 Brookfield
Brookfield ,Week4,Stratford,Week2,272.0 Brookfield - 130.0 Stratford
Brookfield ,Week5,Poplar Tree,Week5,257.0 Poplar Tree - 145.0 Brookfield
Brookfield ,Week3,Poplar Tree,Week4,241.0 Poplar Tree - 161.0 Brookfield
Brookfield ,Week5,Cardinal Hill,Week1,271.0 Cardinal Hill - 131.0 Brookfield
Brookfield ,Week4,Cardinal Hill,Week5,258.0 Cardinal Hill - 144.0 Brookfield
Brookfield ,Week1,Chesterbrook,Week2,349.0 Chesterbrook - 53.0 Brookfield
Brookfield ,Week1,Sully Station,Week2,256.0 Sully Station - 146.0 Brookfield
Broyhill Crest,Week4,Parklawn,Week1,249.0 Parklawn - 142.0 Broyhill Crest
Brookfield ,Week5,Cardinal Hill,Week3,272.5 Cardinal Hill - 129.5 Brookfield
Brookfield ,Week3,Cottontail,Week1,206.0 Brookfield - 196.0 Cottontail
Broyhill Crest,Week1,Parklawn,Week5,288.0 Parklawn - 104.0 Broyhill Crest
Brookfield ,Week2,Sully Station,Week3,273.0 Sully Station - 129.0 Brookfield
Broyhill Crest,Week1,Parklawn,Week2,296.0 Parklawn - 104.0 Broyhill Crest
Brookfield ,Week2,Cottontail,Week1,225.0 Brookfield - 177.0 Cottontail
Brookfield ,Week3,Poplar Tree,Week5,288.0 Poplar Tree - 114.0 Brookfield
Brookfield ,Week3,Cottontail,Week3,238.0 Brookfield - 164.0 Cottontail
Brookfield ,Week5,Cardinal Hill,Week2,242.0 Cardinal Hill - 160.0 Brookfield
Brookfield ,Week4,Poplar Tree,Week2,220.0 Poplar Tree - 182.0 Brookfield
Brookfield ,Week3,Poplar Tree,Week2,236.0 Poplar Tree - 166.0 Brookfield
Brookfield ,Week4,Commonwealth,Week2,223.0 Brookfield - 179.0 Commonwealth
Brookfield ,Week5,Cardinal Hill,Week4,264.0 Cardinal Hill - 138.0 Brookfield
Broyhill Crest,Week3,Parklawn,Week1,256.0 Parklawn - 136.0 Broyhill Crest
Broyhill Crest,Week2,Parklawn,Week5,300.0 Parklawn - 100.0 Broyhill Crest
Brookfield ,Week2,Chesterbrook,Week4,361.5 Chesterbrook - 40.5 Brookfield
Brookfield ,Week5,Commonwealth,Week4,245.0 Brookfield - 157.0 Commonwealth
Brookfield ,Week5,Poplar Tree,Week1,249.0 Poplar Tree - 153.0 Brookfield
Brookfield ,Week1,Sully Station II,Week5,270.0 Sully Station II - 132.0 Brookfield
Brookfield ,Week4,Cottontail,Week5,207.0 Brookfield - 195.0 Cottontail
Brookfield ,Week1,Cottontail,Week5,215.0 Brookfield - 187.0 Cottontail
Broyhill Crest,Week2,Parklawn,Week4,298.0 Parklawn - 102.0 Broyhill Crest
Brookfield ,Week4,Sully Station,Week3,263.0 Sully Station - 139.0 Brookfield
Brookfield ,Week3,Sully Station II,Week5,290.0 Sully Station II - 112.0 Brookfield
Brookfield ,Week4,Sully Station,Week5,273.0 Sully Station - 129.0 Brookfield
Brookfield ,Week1,Ravensworth Farm,Week4,236.0 Ravensworth Farm - 166.0 Brookfield
Brookfield ,Week4,Cottontail,Week2,242.5 Brookfield - 159.5 Cottontail
Brookfield ,Week2,Chesterbrook,Week5,365.0 Chesterbrook - 37.0 Brookfield
Brookfield ,Week5,Cottontail,Week3,217.5 Brookfield - 184.5 Cottontail
Brookfield ,Week3,Ravensworth Farm,Week1,249.0 Ravensworth Farm - 153.0 Brookfield
Brookfield ,Week1,Sully Station II,Week1,229.0 Sully Station II - 173.0 Brookfield
Broyhill Crest,Week4,Parklawn,Week3,275.0 Parklawn - 125.0 Broyhill Crest
Brookfield ,Week5,Sully Station,Week3,265.0 Sully Station - 137.0 Brookfield
Broyhill Crest,Week1,Parliament,Week1,333.0 Parliament - 60.0 Broyhill Crest
Brookfield ,Week4,Cottontail,Week1,231.5 Brookfield - 170.5 Cottontail
Brookfield ,Week2,Sully Station II,Week5,278.5 Sully Station II - 123.5 Brookfield
Brookfield ,Week2,Cottontail,Week3,240.0 Brookfield - 162.0 Cottontail
Bren Mar-Edsall Park,Week4,Virginia Hills,Week2,217.0 Virginia Hills - 179.0 Bren Mar-Edsall Park
Brookfield ,Week4,Sully Station II,Week1,217.0 Sully Station II - 185.0 Brookfield
Brookfield ,Week2,Ravensworth Farm,Week2,214.0 Ravensworth Farm - 188.0 Brookfield
Brookfield ,Week2,Chesterbrook,Week2,359.0 Chesterbrook - 43.0 Brookfield
Brookfield ,Week2,Chesterbrook,Week1,342.0 Chesterbrook - 60.0 Brookfield
Brookfield ,Week5,Commonwealth,Week5,231.0 Brookfield - 171.0 Commonwealth
Brookfield ,Week1,Cottontail,Week2,232.0 Brookfield - 170.0 Cottontail
Brookfield ,Week3,Chesterbrook,Week1,355.5 Chesterbrook - 46.5 Brookfield
Broyhill Crest,Week5,Parklawn,Week2,271.0 Parklawn - 127.0 Broyhill Crest
Broyhill Crest,Week4,Parklawn,Week2,277.0 Parklawn - 124.0 Broyhill Crest
Bren Mar-Edsall Park,Week1,Virginia Hills,Week3,271.0 Virginia Hills - 130.0 Bren Mar-Edsall Park
Brookfield ,Week5,Cottontail,Week2,213.0 Brookfield - 189.0 Cottontail
Brookfield ,Week2,Poplar Tree,Week3,249.0 Poplar Tree - 153.0 Brookfield
Brookfield ,Week3,Ravensworth Farm,Week2,235.0 Ravensworth Farm - 167.0 Brookfield
Broyhill Crest,Week5,Parklawn,Week1,232.0 Parklawn - 161.0 Broyhill Crest
Brookfield ,Week2,Riverside Gardens,Week4,279.0 Riverside Gardens - 123.0 Brookfield
Broyhill Crest,Week5,Parklawn,Week4,270.5 Parklawn - 126.5 Broyhill Crest
Brookfield ,Week1,Sully Station II,Week3,272.0 Sully Station II - 130.0 Brookfield
Brookfield ,Week1,Ravensworth Farm,Week2,218.0 Ravensworth Farm - 184.0 Brookfield
Brookfield ,Week4,Cardinal Hill,Week4,262.0 Cardinal Hill - 140.0 Brookfield
Broyhill Crest,Week3,Parklawn,Week3,287.0 Parklawn - 110.0 Broyhill Crest
Brookfield ,Week1,Chesterbrook,Week3,362.0 Chesterbrook - 40.0 Brookfield
Brookfield ,Week4,Cardinal Hill,Week3,281.0 Cardinal Hill - 121.0 Brookfield
Brookfield ,Week2,Poplar Tree,Week5,266.0 Poplar Tree - 136.0 Brookfield
Brookfield ,Week3,Riverside Gardens,Week2,258.0 Riverside Gardens - 144.0 Brookfield
Brookfield ,Week5,Cottontail,Week5,211.0 Cottontail - 191.0 Brookfield
Broyhill Crest,Week5,Parliament,Week5,314.0 Parliament - 83.0 Broyhill Crest
Broyhill Crest,Week1,Pinecrest,Week1,368.0 Pinecrest - 34.0 Broyhill Crest
Broyhill Crest,Week3,Parklawn,Week2,298.0 Parklawn - 99.0 Broyhill Crest
Brookfield ,Week1,Chesterbrook,Week4,349.0 Chesterbrook - 53.0 Brookfield
Brookfield ,Week5,Cottontail,Week4,210.0 Brookfield - 192.0 Cottontail
Brookfield ,Week2,Chesterbrook,Week3,374.0 Chesterbrook - 28.0 Brookfield
Brookfield ,Week3,Sully Station,Week1,275.0 Sully Station - 127.0 Brookfield
Bren Mar-Edsall Park,Week4,Virginia Hills,Week5,272.0 Virginia Hills - 126.0 Bren Mar-Edsall Park
Brookfield ,Week3,Cottontail,Week5,203.0 Cottontail - 199.0 Brookfield
Brookfield ,Week4,Commonwealth,Week4,245.0 Brookfield - 157.0 Commonwealth
Broyhill Crest,Week1,Parliament,Week2,330.0 Parliament - 63.0 Broyhill Crest
Brookfield ,Week3,Riverside Gardens,Week4,278.0 Riverside Gardens - 124.0 Brookfield
Brookfield ,Week3,Chesterbrook,Week2,366.0 Chesterbrook - 36.0 Brookfield
Broyhill Crest,Week1,Parliament,Week3,348.0 Parliament - 52.0 Broyhill Crest
Bren Mar-Edsall Park,Week5,Virginia Hills,Week1,223.0 Virginia Hills - 176.0 Bren Mar-Edsall Park
Bren Mar-Edsall Park,Week4,Virginia Hills,Week1,212.0 Virginia Hills - 187.0 Bren Mar-Edsall Park
Bren Mar-Edsall Park,Week3,Virginia Hills,Week5,267.0 Virginia Hills - 135.0 Bren Mar-Edsall Park
Brookfield ,Week5,Sully Station,Week5,280.0 Sully Station - 122.0 Brookfield
Brookfield ,Week3,Sully Station II,Week1,247.0 Sully Station II - 155.0 Brookfield
Brookfield ,Week1,Cottontail,Week3,239.0 Brookfield - 163.0 Cottontail
Brookfield ,Week3,Sully Station II,Week3,292.0 Sully Station II - 110.0 Brookfield
Brookfield ,Week1,Riverside Gardens,Week2,238.0 Riverside Gardens - 164.0 Brookfield
Brookfield ,Week3,Ravensworth Farm,Week4,255.0 Ravensworth Farm - 147.0 Brookfield
Bren Mar-Edsall Park,Week1,Virginia Hills,Week4,262.0 Virginia Hills - 136.0 Bren Mar-Edsall Park
Brookfield ,Week1,Chesterbrook,Week5,346.0 Chesterbrook - 56.0 Brookfield
Broyhill Crest,Week2,Pinecrest,Week2,377.0 Pinecrest - 25.0 Broyhill Crest
Bren Mar-Edsall Park,Week5,Virginia Hills,Week3,237.0 Virginia Hills - 164.0 Bren Mar-Edsall Park
Brookfield ,Week1,Country Club Hills,Week1,229.0 Brookfield - 173.0 Country Club Hills
Bren Mar-Edsall Park,Week3,Virginia Hills,Week1,228.0 Virginia Hills - 174.0 Bren Mar-Edsall Park
Brookfield ,Week3,Cottontail,Week4,202.0 Brookfield - 200.0 Cottontail
Broyhill Crest,Week3,Pinecrest,Week2,379.0 Pinecrest - 23.0 Broyhill Crest
Brookfield ,Week2,Long Branch,Week2,226.0 Brookfield - 176.0 Long Branch
Brookfield ,Week3,Little Rocky Run,Week5,303.0 Little Rocky Run - 99.0 Brookfield
Broyhill Crest,Week2,Pinecrest,Week4,389.0 Pinecrest - 13.0 Broyhill Crest
Brookfield ,Week4,Sully Station,Week4,271.0 Sully Station - 131.0 Brookfield
Brookfield ,Week1,Chesterbrook,Week1,335.0 Chesterbrook - 67.0 Brookfield
Brookfield ,Week3,Riverside Gardens,Week1,275.0 Riverside Gardens - 127.0 Brookfield
Brookfield ,Week2,Long Branch,Week4,222.0 Brookfield - 180.0 Long Branch
Brookfield ,Week4,Sully Station,Week2,262.0 Sully Station - 140.0 Brookfield
Brookfield ,Week5,Little Rocky Run,Week4,269.0 Little Rocky Run - 133.0 Brookfield
Bren Mar-Edsall Park,Week4,Virginia Hills,Week4,227.0 Virginia Hills - 173.0 Bren Mar-Edsall Park
Broyhill Crest,Week2,Parliament,Week5,333.0 Parliament - 66.0 Broyhill Crest
Brookfield ,Week4,Cottontail,Week4,221.0 Brookfield - 181.0 Cottontail
Brookfield ,Week3,Sully Station,Week2,269.0 Sully Station - 133.0 Brookfield
Broyhill Crest,Week3,Parliament,Week3,351.0 Parliament - 50.0 Broyhill Crest
Brookfield ,Week5,Ravensworth Farm,Week5,265.0 Ravensworth Farm - 137.0 Brookfield
Brookfield ,Week3,Sully Station,Week4,280.0 Sully Station - 122.0 Brookfield
Bren Mar-Edsall Park,Week2,Virginia Hills,Week4,271.0 Virginia Hills - 130.0 Bren Mar-Edsall Park
Brookfield ,Week3,Little Rocky Run,Week3,299.0 Little Rocky Run - 103.0 Brookfield
Brookfield ,Week3,Sully Station,Week3,278.0 Sully Station - 124.0 Brookfield
Brookfield ,Week2,Ravensworth Farm,Week5,261.0 Ravensworth Farm - 141.0 Brookfield
Brookfield ,Week4,Riverside Gardens,Week1,253.0 Riverside Gardens - 149.0 Brookfield
Bren Mar-Edsall Park,Week2,Virginia Hills,Week2,246.0 Virginia Hills - 151.0 Bren Mar-Edsall Park
Brookfield ,Week5,Sully Station,Week2,260.0 Sully Station - 142.0 Brookfield
Brookfield ,Week4,Ravensworth Farm,Week2,211.0 Ravensworth Farm - 191.0 Brookfield
Brookfield ,Week5,Cottontail,Week1,214.0 Brookfield - 188.0 Cottontail
Bren Mar-Edsall Park,Week1,Virginia Hills,Week5,305.0 Virginia Hills - 95.0 Bren Mar-Edsall Park
Brookfield ,Week4,Cottontail,Week3,244.0 Brookfield - 158.0 Cottontail
Brookfield ,Week5,Little Rocky Run,Week5,284.0 Little Rocky Run - 118.0 Brookfield
Brookfield ,Week4,Ravensworth Farm,Week1,231.0 Ravensworth Farm - 171.0 Brookfield
Brookfield ,Week4,Ravensworth Farm,Week5,251.0 Ravensworth Farm - 151.0 Brookfield
Bren Mar-Edsall Park,Week1,Virginia Hills,Week1,247.0 Virginia Hills - 151.0 Bren Mar-Edsall Park
Broyhill Crest,Week3,Parliament,Week4,336.0 Parliament - 61.0 Broyhill Crest
Brookfield ,Week1,Crosspointe,Week3,274.0 Crosspointe - 128.0 Brookfield
Brookfield ,Week2,Sully Station,Week5,280.0 Sully Station - 122.0 Brookfield
Broyhill Crest,Week2,Parliament,Week1,334.0 Parliament - 66.0 Broyhill Crest
Brookfield ,Week5,Sully Station,Week1,268.0 Sully Station - 134.0 Brookfield
Brookfield ,Week5,Little Rocky Run,Week1,266.0 Little Rocky Run - 136.0 Brookfield
Brookfield ,Week4,Country Club Hills,Week5,211.0 Brookfield - 191.0 Country Club Hills
Brookfield ,Week1,Long Branch,Week2,249.0 Brookfield - 153.0 Long Branch
Broyhill Crest,Week1,Pinecrest,Week3,378.0 Pinecrest - 24.0 Broyhill Crest
Brookfield ,Week4,Dominion Hills,Week4,223.0 Dominion Hills - 179.0 Brookfield
Brookfield ,Week2,Country Club Hills,Week2,206.0 Brookfield - 196.0 Country Club Hills
Brookfield ,Week3,Donaldson Run,Week1,302.0 Donaldson Run - 100.0 Brookfield
Brookfield ,Week4,Sully Station,Week1,265.0 Sully Station - 137.0 Brookfield
Bren Mar-Edsall Park,Week5,Village West,Week3,313.0 Village West - 88.0 Bren Mar-Edsall Park
Brookfield ,Week1,Riverside Gardens,Week1,255.0 Riverside Gardens - 147.0 Brookfield
Brookfield ,Week2,Crosspointe,Week1,291.5 Crosspointe - 110.5 Brookfield
Brookfield ,Week3,Ravensworth Farm,Week5,269.0 Ravensworth Farm - 133.0 Brookfield
Brookfield ,Week5,Ravensworth Farm,Week3,236.0 Ravensworth Farm - 166.0 Brookfield
Brookfield ,Week5,Ravensworth Farm,Week4,245.0 Ravensworth Farm - 157.0 Brookfield
Broyhill Crest,Week5,Parliament,Week3,316.0 Parliament - 86.0 Broyhill Crest
Brookfield ,Week2,Donaldson Run,Week3,297.0 Donaldson Run - 105.0 Brookfield
Bren Mar-Edsall Park,Week5,Village West,Week4,299.5 Village West - 96.5 Bren Mar-Edsall Park
Brookfield ,Week3,Country Club Hills,Week5,221.0 Country Club Hills - 181.0 Brookfield
Brookfield ,Week1,Sully Station II,Week2,257.0 Sully Station II - 145.0 Brookfield
Brookfield ,Week5,Little Rocky Run,Week2,263.0 Little Rocky Run - 139.0 Brookfield
Bren Mar-Edsall Park,Week3,Virginia Hills,Week4,239.0 Virginia Hills - 163.0 Bren Mar-Edsall Park
Brookfield ,Week4,Little Rocky Run,Week2,249.0 Little Rocky Run - 153.0 Brookfield
Bren Mar-Edsall Park,Week5,Virginia Hills,Week2,221.0 Virginia Hills - 171.0 Bren Mar-Edsall Park
Brookfield ,Week5,Sully Station,Week4,263.0 Sully Station - 139.0 Brookfield
Brookfield ,Week5,Ravensworth Farm,Week2,222.0 Ravensworth Farm - 180.0 Brookfield
Broyhill Crest,Week2,Parliament,Week4,336.0 Parliament - 65.0 Broyhill Crest
Broyhill Crest,Week3,Parliament,Week1,339.0 Parliament - 57.0 Broyhill Crest
Bren Mar-Edsall Park,Week4,Virginia Hills,Week3,237.0 Virginia Hills - 164.0 Bren Mar-Edsall Park
Brookfield ,Week5,Little Rocky Run,Week3,278.0 Little Rocky Run - 124.0 Brookfield
Brookfield ,Week3,Sully Station,Week5,289.0 Sully Station - 113.0 Brookfield
Brookfield ,Week3,Country Club Hills,Week1,208.0 Brookfield - 194.0 Country Club Hills
Brookfield ,Week1,Sully Station II,Week4,225.0 Sully Station II - 177.0 Brookfield
Brookfield ,Week3,Ravensworth Farm,Week3,254.0 Ravensworth Farm - 147.0 Brookfield
Broyhill Crest,Week4,Parliament,Week5,332.0 Parliament - 64.0 Broyhill Crest
Broyhill Crest,Week5,Parliament,Week2,304.0 Parliament - 94.0 Broyhill Crest
Brookfield ,Week5,Long Branch,Week4,219.0 Brookfield - 183.0 Long Branch
Brookfield ,Week1,Riverside Gardens,Week4,268.0 Riverside Gardens - 134.0 Brookfield
Brookfield ,Week4,Little Rocky Run,Week1,262.0 Little Rocky Run - 140.0 Brookfield
Brookfield ,Week1,Donaldson Run,Week5,308.0 Donaldson Run - 94.0 Brookfield
Brookfield ,Week4,Ravensworth Farm,Week3,236.0 Ravensworth Farm - 166.0 Brookfield
Brookfield ,Week1,Country Club Hills,Week3,228.0 Brookfield - 174.0 Country Club Hills
Brookfield ,Week4,Ravensworth Farm,Week4,240.0 Ravensworth Farm - 162.0 Brookfield
Brookfield ,Week4,Donaldson Run,Week1,279.0 Donaldson Run - 123.0 Brookfield
Broyhill Crest,Week4,Parliament,Week4,330.0 Parliament - 70.0 Broyhill Crest
Brookfield ,Week1,Donaldson Run,Week2,281.0 Donaldson Run - 121.0 Brookfield
Brookfield ,Week2,Country Club Hills,Week1,208.0 Brookfield - 194.0 Country Club Hills
Brookfield ,Week5,Long Branch,Week2,221.0 Brookfield - 181.0 Long Branch
Brookfield ,Week4,Little Rocky Run,Week4,256.0 Little Rocky Run - 146.0 Brookfield
Bren Mar-Edsall Park,Week3,Virginia Hills,Week2,221.0 Virginia Hills - 180.0 Bren Mar-Edsall Park
Brookfield ,Week5,Dominion Hills,Week1,218.0 Dominion Hills - 184.0 Brookfield
Bren Mar-Edsall Park,Week5,Village West,Week5,304.0 Village West - 97.0 Bren Mar-Edsall Park
Brookfield ,Week2,Sully Station II,Week1,232.0 Sully Station II - 170.0 Brookfield
Broyhill Crest,Week5,Parliament,Week1,316.0 Parliament - 81.0 Broyhill Crest
Brookfield ,Week4,Country Club Hills,Week3,236.0 Brookfield - 166.0 Country Club Hills
Brookfield ,Week4,Country Club Hills,Week1,226.0 Brookfield - 176.0 Country Club Hills
Brookfield ,Week3,Sully Station II,Week2,266.0 Sully Station II - 136.0 Brookfield
Brookfield ,Week2,Sully Station II,Week3,276.0 Sully Station II - 126.0 Brookfield
Bren Mar-Edsall Park,Week2,Virginia Hills,Week3,269.0 Virginia Hills - 132.0 Bren Mar-Edsall Park
Brookfield ,Week1,Long Branch,Week4,229.0 Brookfield - 173.0 Long Branch
Broyhill Crest,Week1,Pinecrest,Week2,371.0 Pinecrest - 31.0 Broyhill Crest
Brookfield ,Week3,Long Branch,Week1,223.0 Brookfield - 178.0 Long Branch
Brookfield ,Week4,Truro,Week2,285.0 Brookfield - 115.0 Truro
Broyhill Crest,Week2,Parliament,Week3,347.0 Parliament - 54.0 Broyhill Crest
Brookfield ,Week5,Ravensworth Farm,Week1,234.0 Ravensworth Farm - 168.0 Brookfield
Brookfield ,Week2,Riverside Gardens,Week2,260.0 Riverside Gardens - 142.0 Brookfield
Brookfield ,Week5,Dominion Hills,Week4,229.0 Dominion Hills - 173.0 Brookfield
Brookfield ,Week2,Donaldson Run,Week4,300.0 Donaldson Run - 102.0 Brookfield
Brookfield ,Week3,Donaldson Run,Week2,304.0 Donaldson Run - 98.0 Brookfield
Brookfield ,Week1,Riverside Gardens,Week3,251.0 Riverside Gardens - 151.0 Brookfield
Brookfield ,Week1,Country Club Hills,Week2,241.0 Brookfield - 161.0 Country Club Hills
Brookfield ,Week3,Little Rocky Run,Week1,283.0 Little Rocky Run - 119.0 Brookfield
Brookfield ,Week2,Country Club Hills,Week5,220.0 Country Club Hills - 182.0 Brookfield
Bren Mar-Edsall Park,Week2,Virginia Hills,Week1,256.0 Virginia Hills - 144.0 Bren Mar-Edsall Park
Bren Mar-Edsall Park,Week2,Virginia Hills,Week5,295.0 Virginia Hills - 106.0 Bren Mar-Edsall Park
Brookfield ,Week3,Little Rocky Run,Week4,297.0 Little Rocky Run - 105.0 Brookfield
Brookfield ,Week2,Country Club Hills,Week4,211.0 Brookfield - 191.0 Country Club Hills
Brookfield ,Week2,Riverside Gardens,Week3,268.0 Riverside Gardens - 134.0 Brookfield
Bren Mar-Edsall Park,Week1,Virginia Hills,Week2,244.0 Virginia Hills - 152.0 Bren Mar-Edsall Park
Broyhill Crest,Week3,Parliament,Week5,340.0 Parliament - 55.0 Broyhill Crest
Brookfield ,Week3,Sully Station II,Week4,237.0 Sully Station II - 165.0 Brookfield
Brookfield ,Week5,Sully Station II,Week3,262.0 Sully Station II - 140.0 Brookfield
Brookfield ,Week4,Country Club Hills,Week4,229.0 Brookfield - 173.0 Country Club Hills
Brookfield ,Week3,Donaldson Run,Week3,313.0 Donaldson Run - 89.0 Brookfield
Bren Mar-Edsall Park,Week3,Virginia Hills,Week3,235.0 Virginia Hills - 167.0 Bren Mar-Edsall Park
Broyhill Crest,Week1,Pinecrest,Week4,380.0 Pinecrest - 22.0 Broyhill Crest
Brookfield ,Week3,Donaldson Run,Week4,303.0 Donaldson Run - 99.0 Brookfield
Brookfield ,Week1,Country Club Hills,Week5,205.0 Brookfield - 197.0 Country Club Hills
Brookfield ,Week4,Sully Station II,Week2,249.0 Sully Station II - 153.0 Brookfield
Brookfield ,Week4,Little Rocky Run,Week5,282.0 Little Rocky Run - 120.0 Brookfield
Brookfield ,Week1,Riverside Gardens,Week5,266.0 Riverside Gardens - 136.0 Brookfield
Broyhill Crest,Week5,Parliament,Week4,310.0 Parliament - 90.0 Broyhill Crest
Brookfield ,Week1,Long Branch,Week1,237.0 Brookfield - 165.0 Long Branch
Brookfield ,Week4,Sully Station II,Week3,267.0 Sully Station II - 135.0 Brookfield
Brookfield ,Week2,Riverside Gardens,Week1,280.0 Riverside Gardens - 122.0 Brookfield
Brookfield ,Week2,Truro,Week1,252.0 Brookfield - 150.0 Truro
Brookfield ,Week3,Country Club Hills,Week4,210.0 Brookfield - 192.0 Country Club Hills
Brookfield ,Week4,Donaldson Run,Week2,286.0 Donaldson Run - 116.0 Brookfield
Brookfield ,Week2,Donaldson Run,Week1,294.0 Donaldson Run - 108.0 Brookfield
Brookfield ,Week5,Country Club Hills,Week1,212.0 Brookfield - 190.0 Country Club Hills
Broyhill Crest,Week2,Parliament,Week2,329.0 Parliament - 69.0 Broyhill Crest
Brookfield ,Week1,Long Branch,Week3,255.0 Brookfield - 147.0 Long Branch
Brookfield ,Week1,Truro,Week2,284.0 Brookfield - 117.0 Truro
Broyhill Crest,Week3,Parliament,Week2,334.0 Parliament - 62.0 Broyhill Crest
Camelot,Week4,Holmes Run Acres,Week3,267.0 Holmes Run Acres - 135.0 Camelot
Camelot,Week4,Camelot,Week4,201.0 Camelot (CCC1) - 201.0 Camelot (CCC2)
Camelot,Week2,Holmes Run Acres,Week1,219.0 Holmes Run Acres - 183.0 Camelot
Camelot,Week2,Holmes Run Acres,Week5,240.0 Holmes Run Acres - 162.0 Camelot
Camelot,Week3,Lakeview,Week4,229.0 Camelot - 173.0 Lakeview
Camelot,Week2,Fox Hunt,Week1,217.0 Fox Hunt - 185.0 Camelot
Camelot,Week5,Camelot,Week1,226.0 Camelot (CCC1) - 176.0 Camelot (CCC2)
Burke Station,Week2,Dominion Hills,Week2,293.0 Dominion Hills - 109.0 Burke Station
Burke Station,Week3,Sully Station II,Week1,282.0 Sully Station II - 115.0 Burke Station
Camelot,Week1,Hunt Valley,Week2,288.0 Hunt Valley - 114.0 Camelot
Broyhill Crest,Week4,Village West,Week1,277.0 Village West - 125.0 Broyhill Crest
Burke Station,Week1,Langley,Week4,287.0 Langley - 92.0 Burke Station
Camelot,Week5,Forest Hollow,Week3,240.0 Forest Hollow - 162.0 Camelot
Burke Station,Week5,Sully Station II,Week1,264.0 Sully Station II - 138.0 Burke Station
Burke Station,Week5,Sully Station II,Week5,330.0 Sully Station II - 72.0 Burke Station
Camelot,Week1,Old Keene Mill,Week4,238.0 Camelot - 164.0 Old Keene Mill
Burke Station,Week3,Highland Park,Week2,270.0 Highland Park - 127.0 Burke Station
Burke Station,Week3,Sully Station II,Week5,330.0 Sully Station II - 67.0 Burke Station
Camelot,Week4,Forest Hollow,Week1,237.0 Forest Hollow - 165.0 Camelot
Burke Station,Week2,Highland Park,Week1,303.0 Highland Park - 98.0 Burke Station
Camelot,Week3,Canterbury Woods,Week1,215.0 Camelot - 187.0 Canterbury Woods
Broyhill Crest,Week5,Village West,Week2,270.0 Village West - 130.0 Broyhill Crest
Burke Station,Week4,Highlands Swim,Week4,337.5 Highlands Swim - 64.5 Burke Station
Burke Station,Week4,Highlands Swim,Week2,353.0 Highlands Swim - 49.0 Burke Station
Burke Station,Week4,Langley,Week5,321.0 Langley - 81.0 Burke Station
Camelot,Week4,Oakton ,Week3,279.0 Oakton - 123.0 Camelot
Camelot,Week5,Lakevale Estates,Week5,304.0 Lakevale Estates - 98.0 Camelot
Camelot,Week3,Holmes Run Acres,Week3,258.0 Holmes Run Acres - 144.0 Camelot
Burke Station,Week3,Laurel Hill,Week5,219.0 Laurel Hill - 177.0 Burke Station
Camelot,Week3,Oakton ,Week3,283.0 Oakton - 119.0 Camelot
Camelot,Week2,Canterbury Woods,Week5,212.0 Camelot - 185.0 Canterbury Woods
Broyhill Crest,Week5,Village West,Week1,279.0 Village West - 122.0 Broyhill Crest
Camelot,Week3,Holmes Run Acres,Week2,222.0 Holmes Run Acres - 180.0 Camelot
Camelot,Week3,Forest Hollow,Week4,254.0 Forest Hollow - 148.0 Camelot
Burke Station,Week4,Sully Station II,Week5,344.0 Sully Station II - 58.0 Burke Station
Camelot,Week4,Lakevale Estates,Week4,300.0 Lakevale Estates - 102.0 Camelot
Burke Station,Week4,Sully Station II,Week2,313.0 Sully Station II - 89.0 Burke Station
Camelot,Week5,Camelot,Week3,218.0 Camelot (CCC1) - 183.0 Camelot (CCC2)
Camelot,Week2,Hunt Valley,Week3,280.5 Hunt Valley - 121.5 Camelot
Burke Station,Week1,Lee Graham,Week2,300.0 Lee Graham - 79.0 Burke Station
Camelot,Week5,Holmes Run Acres,Week2,206.0 Holmes Run Acres - 196.0 Camelot
Burke Station,Week3,Dominion Hills,Week2,270.0 Dominion Hills - 127.0 Burke Station
Camelot,Week2,Lakeview,Week3,255.0 Camelot - 147.0 Lakeview
Camelot,Week1,Canterbury Woods,Week2,213.0 Camelot - 189.0 Canterbury Woods
Camelot,Week1,Hunt Valley,Week1,281.0 Hunt Valley - 121.0 Camelot
Camelot,Week5,Camelot,Week5,200.0 Camelot (CCC1) - 200.0 Camelot (CCC2)
Broyhill Crest,Week3,Village West,Week5,302.0 Village West - 99.0 Broyhill Crest
Camelot,Week2,Fox Hunt,Week3,225.0 Fox Hunt - 177.0 Camelot
Burke Station,Week5,Langley,Week5,302.0 Langley - 100.0 Burke Station
Camelot,Week3,Fox Hunt,Week5,242.0 Fox Hunt - 160.0 Camelot
Burke Station,Week3,Highlands Swim,Week5,326.0 Highlands Swim - 71.0 Burke Station
Camelot,Week4,Canterbury Woods,Week5,208.0 Camelot - 193.0 Canterbury Woods
Burke Station,Week5,Sully Station II,Week3,319.0 Sully Station II - 83.0 Burke Station
Broyhill Crest,Week2,Village West,Week3,309.0 Village West - 91.0 Broyhill Crest
Burke Station,Week5,Sully Station II,Week4,280.0 Sully Station II - 122.0 Burke Station
Camelot,Week2,Fox Hunt,Week2,218.0 Fox Hunt - 184.0 Camelot
Burke Station,Week5,Highlands Swim,Week1,327.0 Highlands Swim - 75.0 Burke Station
Camelot,Week3,Lakeview,Week1,258.0 Camelot - 144.0 Lakeview
Camelot,Week5,Lakevale Estates,Week1,262.0 Lakevale Estates - 140.0 Camelot
Camelot,Week3,Forest Hollow,Week3,250.0 Forest Hollow - 152.0 Camelot
Broyhill Crest,Week3,Village West,Week1,297.0 Village West - 104.0 Broyhill Crest
Burke Station,Week2,Highlands Swim,Week1,350.0 Highlands Swim - 52.0 Burke Station
Burke Station,Week4,Dominion Hills,Week5,315.0 Dominion Hills - 87.0 Burke Station
Broyhill Crest,Week4,Village West,Week5,271.0 Village West - 131.0 Broyhill Crest
Burke Station,Week3,Dominion Hills,Week3,257.0 Dominion Hills - 139.0 Burke Station
Burke Station,Week1,Laurel Hill,Week1,192.0 Burke Station - 186.0 Laurel Hill
Burke Station,Week4,Dominion Hills,Week2,297.0 Dominion Hills - 105.0 Burke Station
Burke Station,Week2,Sully Station II,Week4,307.0 Sully Station II - 94.0 Burke Station
Camelot,Week5,Lakeview,Week2,255.0 Camelot - 147.0 Lakeview
Broyhill Crest,Week3,Village West,Week4,309.0 Village West - 87.0 Broyhill Crest
Burke Station,Week1,Langley,Week1,277.0 Langley - 102.0 Burke Station
Burke Station,Week5,Langley,Week4,308.0 Langley - 94.0 Burke Station
Burke Station,Week1,Donaldson Run,Week5,319.0 Donaldson Run - 60.0 Burke Station
Broyhill Crest,Week5,Village West,Week3,282.0 Village West - 120.0 Broyhill Crest
Camelot,Week5,Canterbury Woods,Week2,231.0 Camelot - 171.0 Canterbury Woods
Burke Station,Week2,Donaldson Run,Week1,360.0 Donaldson Run - 42.0 Burke Station
Burke Station,Week1,Donaldson Run,Week3,309.0 Donaldson Run - 70.0 Burke Station
Camelot,Week4,Forest Hollow,Week4,252.0 Forest Hollow - 150.0 Camelot
Burke Station,Week1,Truro,Week2,203.0 Burke Station - 172.0 Truro
Burke Station,Week4,Highland Park,Week5,287.0 Highland Park - 115.0 Burke Station
Camelot,Week3,Oakton ,Week5,301.0 Oakton - 101.0 Camelot
Camelot,Week3,Lakeview,Week5,235.0 Camelot - 158.0 Lakeview
Camelot,Week1,Old Keene Mill,Week1,240.0 Camelot - 162.0 Old Keene Mill
Camelot,Week1,Old Keene Mill,Week5,220.0 Camelot - 182.0 Old Keene Mill
Burke Station,Week2,Highlands Swim,Week4,339.0 Highlands Swim - 63.0 Burke Station
Camelot,Week5,Oakton ,Week4,287.0 Oakton - 115.0 Camelot
Burke Station,Week4,Langley,Week4,324.0 Langley - 78.0 Burke Station
Broyhill Crest,Week4,Village West,Week4,289.0 Village West - 108.0 Broyhill Crest
Camelot,Week2,Old Keene Mill,Week2,232.0 Camelot - 169.0 Old Keene Mill
Camelot,Week1,Lakeview,Week5,239.0 Camelot - 153.0 Lakeview
Camelot,Week1,Fox Hunt,Week2,227.0 Fox Hunt - 175.0 Camelot
Camelot,Week3,Holmes Run Acres,Week5,259.0 Holmes Run Acres - 143.0 Camelot
Camelot,Week4,Oakton ,Week2,294.0 Oakton - 108.0 Camelot
Camelot,Week3,Old Keene Mill,Week2,233.0 Camelot - 169.0 Old Keene Mill
Camelot,Week4,Lakevale Estates,Week5,305.0 Lakevale Estates - 97.0 Camelot
Camelot,Week2,Canterbury Woods,Week4,204.0 Canterbury Woods - 198.0 Camelot
Burke Station,Week3,Highlands Swim,Week1,338.5 Highlands Swim - 58.5 Burke Station
Burke Station,Week1,Donaldson Run,Week2,309.0 Donaldson Run - 70.0 Burke Station
Burke Station,Week4,Dominion Hills,Week4,299.0 Dominion Hills - 103.0 Burke Station
Burke Station,Week5,Langley,Week3,305.0 Langley - 97.0 Burke Station
Camelot,Week3,Lakevale Estates,Week2,272.0 Lakevale Estates - 130.0 Camelot
Camelot,Week4,Fox Hunt,Week4,217.0 Fox Hunt - 185.0 Camelot
Camelot,Week2,Holmes Run Acres,Week4,226.0 Holmes Run Acres - 176.0 Camelot
Broyhill Crest,Week4,Village West,Week3,298.0 Village West - 103.0 Broyhill Crest
Camelot,Week3,Fox Hunt,Week3,235.5 Fox Hunt - 166.5 Camelot
Burke Station,Week2,Donaldson Run,Week2,352.0 Donaldson Run - 50.0 Burke Station
Camelot,Week4,Oakton ,Week5,301.0 Oakton - 101.0 Camelot
Camelot,Week1,Canterbury Woods,Week5,217.0 Camelot - 184.0 Canterbury Woods
Broyhill Crest,Week5,Village West,Week5,267.0 Village West - 134.0 Broyhill Crest
Burke Station,Week5,Highland Park,Week5,272.0 Highland Park - 130.0 Burke Station
Burke Station,Week2,Donaldson Run,Week4,352.0 Donaldson Run - 50.0 Burke Station
Burke Station,Week4,Sully Station II,Week3,339.0 Sully Station II - 63.0 Burke Station
Camelot,Week3,Lakevale Estates,Week5,300.0 Lakevale Estates - 102.0 Camelot
Camelot,Week2,Old Keene Mill,Week4,236.0 Camelot - 166.0 Old Keene Mill
Burke Station,Week2,Highlands Swim,Week2,349.0 Highlands Swim - 53.0 Burke Station
Camelot,Week1,Canterbury Woods,Week3,216.0 Canterbury Woods - 186.0 Camelot
Burke Station,Week2,Laurel Hill,Week2,205.0 Burke Station - 191.0 Laurel Hill
Burke Station,Week1,Lee Graham,Week5,307.0 Lee Graham - 72.0 Burke Station
Burke Station,Week4,Truro,Week1,271.0 Truro - 131.0 Burke Station
Camelot,Week5,Lakevale Estates,Week3,266.0 Lakevale Estates - 136.0 Camelot
Camelot,Week1,Hunt Valley,Week3,297.0 Hunt Valley - 105.0 Camelot
Camelot,Week5,Forest Hollow,Week1,220.0 Forest Hollow - 182.0 Camelot
Camelot,Week4,Holmes Run Acres,Week4,232.0 Holmes Run Acres - 170.0 Camelot
Burke Station,Week3,Highlands Swim,Week3,334.0 Highlands Swim - 63.0 Burke Station
Burke Station,Week1,Truro,Week3,190.0 Truro - 188.0 Burke Station
Camelot,Week5,Holmes Run Acres,Week5,241.0 Holmes Run Acres - 161.0 Camelot
Burke Station,Week1,Highlands Swim,Week3,295.0 Highlands Swim - 84.0 Burke Station
Camelot,Week2,Canterbury Woods,Week3,205.0 Canterbury Woods - 197.0 Camelot
Camelot,Week4,Oakton ,Week1,285.0 Oakton - 117.0 Camelot
Camelot,Week5,Lakevale Estates,Week4,299.0 Lakevale Estates - 103.0 Camelot
Burke Station,Week5,Laurel Hill,Week3,203.0 Laurel Hill - 195.0 Burke Station
Camelot,Week1,Fox Mill Estates,Week3,210.0 Camelot - 192.0 Fox Mill Estates
Camelot,Week1,Fox Mill Estates,Week5,209.0 Fox Mill Estates - 193.0 Camelot
Burke Station,Week4,Sully Station II,Week4,313.0 Sully Station II - 89.0 Burke Station
Broyhill Crest,Week1,Virginia Hills,Week5,235.0 Virginia Hills - 157.0 Broyhill Crest
Broyhill Crest,Week2,Virginia Hills,Week3,237.0 Virginia Hills - 164.0 Broyhill Crest
Camelot,Week3,Oakton ,Week4,289.0 Oakton - 113.0 Camelot
Burke Station,Week3,Donaldson Run,Week4,323.0 Donaldson Run - 74.0 Burke Station
Burke Station,Week1,Lee Graham,Week3,315.0 Lee Graham - 64.0 Burke Station
Camelot,Week1,Canterbury Woods,Week4,204.0 Camelot - 198.0 Canterbury Woods
Broyhill Crest,Week2,Virginia Hills,Week2,214.0 Virginia Hills - 182.0 Broyhill Crest
Camelot,Week1,Fox Hunt,Week1,218.0 Fox Hunt - 184.0 Camelot
Burke Station,Week2,Lee Graham,Week5,353.0 Lee Graham - 49.0 Burke Station
Camelot,Week5,Camelot,Week2,204.0 Camelot (CCC1) - 198.0 Camelot (CCC2)
Broyhill Crest,Week1,Virginia Hills,Week2,196.0 Virginia Hills - 195.0 Broyhill Crest
Camelot,Week3,Lakevale Estates,Week3,271.0 Lakevale Estates - 131.0 Camelot
Camelot,Week1,Hunt Valley,Week4,292.0 Hunt Valley - 110.0 Camelot
Burke Station,Week3,Donaldson Run,Week3,322.0 Donaldson Run - 75.0 Burke Station
Camelot,Week2,Oakton ,Week5,287.0 Oakton - 115.0 Camelot
Camelot,Week1,Hunt Valley,Week5,304.0 Hunt Valley - 98.0 Camelot
Burke Station,Week2,Donaldson Run,Week5,364.0 Donaldson Run - 38.0 Burke Station
Burke Station,Week3,Donaldson Run,Week2,329.0 Donaldson Run - 68.0 Burke Station
Camelot,Week3,Canterbury Woods,Week3,208.0 Canterbury Woods - 194.0 Camelot
Burke Station,Week2,Highlands Swim,Week5,341.0 Highlands Swim - 61.0 Burke Station
Camelot,Week3,Canterbury Woods,Week4,203.0 Camelot - 199.0 Canterbury Woods
Burke Station,Week2,Sully Station II,Week2,322.0 Sully Station II - 80.0 Burke Station
Camelot,Week2,Holmes Run Acres,Week3,240.0 Holmes Run Acres - 162.0 Camelot
Burke Station,Week2,Highlands Swim,Week3,335.0 Highlands Swim - 67.0 Burke Station
Camelot,Week1,Lakeview,Week1,252.0 Camelot - 150.0 Lakeview
Burke Station,Week2,Lee Graham,Week2,345.0 Lee Graham - 57.0 Burke Station
Camelot,Week3,Forest Hollow,Week5,260.0 Forest Hollow - 142.0 Camelot
Camelot,Week4,Lakevale Estates,Week3,273.0 Lakevale Estates - 129.0 Camelot
Broyhill Crest,Week1,Virginia Hills,Week4,213.0 Virginia Hills - 187.0 Broyhill Crest
Burke Station,Week2,Sully Station II,Week5,343.0 Sully Station II - 59.0 Burke Station
Burke Station,Week3,Donaldson Run,Week1,333.0 Donaldson Run - 64.0 Burke Station
Camelot,Week3,Oakton ,Week1,275.0 Oakton - 127.0 Camelot
Broyhill Crest,Week2,Virginia Hills,Week1,227.0 Virginia Hills - 173.0 Broyhill Crest
Camelot,Week4,Holmes Run Acres,Week2,207.0 Holmes Run Acres - 195.0 Camelot
Camelot,Week1,Lakeview,Week2,258.0 Camelot - 143.0 Lakeview
Burke Station,Week2,Laurel Hill,Week4,220.0 Laurel Hill - 181.0 Burke Station
Burke Station,Week1,Highlands Swim,Week2,310.0 Highlands Swim - 69.0 Burke Station
Burke Station,Week1,Laurel Hill,Week5,211.0 Laurel Hill - 168.0 Burke Station
Camelot,Week1,Lakeview,Week3,246.0 Camelot - 156.0 Lakeview
Burke Station,Week3,Sully Station II,Week2,305.0 Sully Station II - 92.0 Burke Station
Burke Station,Week3,Sully Station II,Week3,324.0 Sully Station II - 73.0 Burke Station
Camelot,Week5,Oakton ,Week1,285.0 Oakton - 117.0 Camelot
Camelot,Week2,Holmes Run Acres,Week2,203.0 Holmes Run Acres - 199.0 Camelot
Broyhill Crest,Week2,Virginia Hills,Week4,231.0 Virginia Hills - 169.0 Broyhill Crest
Camelot,Week4,Holmes Run Acres,Week1,220.0 Holmes Run Acres - 182.0 Camelot
Camelot,Week5,Fox Hunt,Week5,249.0 Fox Hunt - 153.0 Camelot
Camelot,Week1,Canterbury Woods,Week1,205.0 Camelot - 197.0 Canterbury Woods
Burke Station,Week4,Donaldson Run,Week2,336.0 Donaldson Run - 66.0 Burke Station
Burke Station,Week3,Donaldson Run,Week5,338.0 Donaldson Run - 59.0 Burke Station
Camelot,Week4,Oakton ,Week4,284.0 Oakton - 118.0 Camelot
Camelot,Week4,Canterbury Woods,Week1,217.0 Camelot - 185.0 Canterbury Woods
Burke Station,Week2,Laurel Hill,Week3,230.0 Laurel Hill - 171.0 Burke Station
Burke Station,Week2,Truro,Week3,241.0 Truro - 160.0 Burke Station
Burke Station,Week4,Highlands Swim,Week3,345.0 Highlands Swim - 57.0 Burke Station
Camelot,Week3,Canterbury Woods,Week5,216.0 Camelot - 182.0 Canterbury Woods
Burke Station,Week4,Highlands Swim,Week5,348.0 Highlands Swim - 54.0 Burke Station
Burke Station,Week2,Truro,Week4,245.0 Truro - 155.0 Burke Station
Burke Station,Week5,Highland Park,Week4,281.0 Highland Park - 121.0 Burke Station
Camelot,Week2,Fox Hunt,Week4,222.0 Fox Hunt - 180.0 Camelot
Broyhill Crest,Week1,Virginia Hills,Week3,213.0 Virginia Hills - 187.0 Broyhill Crest
Camelot,Week1,Fox Hunt,Week3,236.0 Fox Hunt - 166.0 Camelot
Camelot,Week3,Lakevale Estates,Week4,300.0 Lakevale Estates - 102.0 Camelot
Camelot,Week1,Old Keene Mill,Week2,233.0 Camelot - 169.0 Old Keene Mill
Camelot,Week1,Old Keene Mill,Week3,232.0 Camelot - 170.0 Old Keene Mill
Burke Station,Week5,Dominion Hills,Week5,285.0 Dominion Hills - 117.0 Burke Station
Burke Station,Week3,Laurel Hill,Week1,201.0 Burke Station - 192.0 Laurel Hill
Burke Station,Week3,Sully Station II,Week4,283.0 Sully Station II - 113.0 Burke Station
Camelot,Week3,Lakevale Estates,Week1,273.0 Lakevale Estates - 129.0 Camelot
Burke Station,Week3,Laurel Hill,Week2,228.0 Burke Station - 164.0 Laurel Hill
Camelot,Week5,Holmes Run Acres,Week1,207.0 Holmes Run Acres - 195.0 Camelot
Camelot,Week2,Old Keene Mill,Week3,227.0 Camelot - 175.0 Old Keene Mill
Burke Station,Week1,Highlands Swim,Week1,311.0 Highlands Swim - 68.0 Burke Station
Burke Station,Week4,Laurel Hill,Week2,200.0 Burke Station - 197.0 Laurel Hill
Camelot,Week4,Forest Hollow,Week5,264.0 Forest Hollow - 138.0 Camelot
Camelot,Week4,Canterbury Woods,Week4,209.0 Camelot - 193.0 Canterbury Woods
Broyhill Crest,Week3,Virginia Hills,Week3,220.0 Virginia Hills - 181.0 Broyhill Crest
Camelot,Week5,Holmes Run Acres,Week3,242.0 Holmes Run Acres - 160.0 Camelot
Broyhill Crest,Week2,Virginia Hills,Week5,265.0 Virginia Hills - 132.0 Broyhill Crest
Burke Station,Week5,Donaldson Run,Week1,327.0 Donaldson Run - 75.0 Burke Station
Camelot,Week4,Canterbury Woods,Week2,228.0 Camelot - 174.0 Canterbury Woods
Camelot,Week5,Forest Hollow,Week2,229.5 Forest Hollow - 172.5 Camelot
Burke Station,Week4,Donaldson Run,Week5,355.0 Donaldson Run - 47.0 Burke Station
Burke Station,Week4,Sully Station II,Week1,290.0 Sully Station II - 112.0 Burke Station
Camelot,Week5,Oakton ,Week2,290.0 Oakton - 112.0 Camelot
Camelot,Week2,Lakeview,Week1,263.0 Camelot - 139.0 Lakeview
Camelot,Week1,Lakeview,Week4,226.0 Camelot - 176.0 Lakeview
Burke Station,Week1,Highlands Swim,Week4,291.0 Highlands Swim - 88.0 Burke Station
Burke Station,Week4,Donaldson Run,Week4,347.0 Donaldson Run - 55.0 Burke Station
Camelot,Week1,Cardinal Hill,Week3,294.0 Cardinal Hill - 108.0 Camelot
Camelot,Week5,Canterbury Woods,Week4,217.0 Camelot - 185.0 Canterbury Woods
Burke Station,Week3,Truro,Week5,206.0 Truro - 181.0 Burke Station
Camelot,Week3,Holmes Run Acres,Week1,232.0 Holmes Run Acres - 170.0 Camelot
Burke Station,Week1,Truro,Week5,190.0 Truro - 185.0 Burke Station
Camelot,Week5,Oakton ,Week5,292.0 Oakton - 110.0 Camelot
Camelot,Week3,Lakeview,Week2,251.0 Camelot - 151.0 Lakeview
Camelot,Week3,Oakton ,Week2,290.0 Oakton - 112.0 Camelot
Burke Station,Week2,Truro,Week2,230.0 Truro - 157.0 Burke Station
Camelot,Week4,Forest Hollow,Week2,227.0 Forest Hollow - 175.0 Camelot
Burke Station,Week3,Highlands Swim,Week2,342.0 Highlands Swim - 55.0 Burke Station
Burke Station,Week3,Tuckahoe,Week2,348.0 Tuckahoe - 49.0 Burke Station
Broyhill Crest,Week3,Virginia Hills,Week1,219.0 Virginia Hills - 180.0 Broyhill Crest
Burke Station,Week4,Highlands Swim,Week1,346.0 Highlands Swim - 56.0 Burke Station
Camelot,Week1,Cardinal Hill,Week2,239.0 Cardinal Hill - 163.0 Camelot
Burke Station,Week3,Laurel Hill,Week3,207.0 Laurel Hill - 189.0 Burke Station
Camelot,Week5,Canterbury Woods,Week1,231.0 Camelot - 171.0 Canterbury Woods
Camelot,Week3,Holmes Run Acres,Week4,240.0 Holmes Run Acres - 162.0 Camelot
Broyhill Crest,Week3,Virginia Hills,Week4,228.0 Virginia Hills - 171.0 Broyhill Crest
Camelot,Week2,Lakeview,Week5,237.0 Camelot - 156.0 Lakeview
Burke Station,Week5,Sully Station II,Week2,300.0 Sully Station II - 102.0 Burke Station
Burke Station,Week5,Laurel Hill,Week5,204.5 Laurel Hill - 196.5 Burke Station
Camelot,Week4,Lakeview,Week3,257.0 Camelot - 145.0 Lakeview
Camelot,Week1,Cardinal Hill,Week1,253.0 Cardinal Hill - 149.0 Camelot
Burke Station,Week4,Donaldson Run,Week3,335.0 Donaldson Run - 67.0 Burke Station
Burke Station,Week4,Laurel Hill,Week5,234.0 Laurel Hill - 167.0 Burke Station
Burke Station,Week1,Highlands Swim,Week5,299.0 Highlands Swim - 80.0 Burke Station
Burke Station,Week1,Laurel Hill,Week4,196.0 Laurel Hill - 183.0 Burke Station
Burke Station,Week5,Laurel Hill,Week4,211.0 Burke Station - 190.0 Laurel Hill
Burke Station,Week5,Donaldson Run,Week2,323.0 Donaldson Run - 79.0 Burke Station
Camelot,Week3,Lakeview,Week3,242.0 Camelot - 160.0 Lakeview
Broyhill Crest,Week3,Virginia Hills,Week2,203.0 Virginia Hills - 193.0 Broyhill Crest
Broyhill Crest,Week3,Virginia Hills,Week5,258.0 Virginia Hills - 141.0 Broyhill Crest
Burke Station,Week5,Donaldson Run,Week3,322.0 Donaldson Run - 80.0 Burke Station
Camelot,Week1,Holmes Run Acres,Week5,244.0 Holmes Run Acres - 158.0 Camelot
Camelot,Week4,Holmes Run Acres,Week5,256.0 Holmes Run Acres - 146.0 Camelot
Camelot,Week5,Oakton ,Week3,284.0 Oakton - 118.0 Camelot
Camelot,Week5,Holmes Run Acres,Week4,218.0 Holmes Run Acres - 184.0 Camelot
Camelot,Week5,Forest Hollow,Week5,250.0 Forest Hollow - 152.0 Camelot
Camelot,Week3,Fox Hunt,Week1,228.0 Fox Hunt - 174.0 Camelot
Burke Station,Week3,Highlands Swim,Week4,323.0 Highlands Swim - 74.0 Burke Station
Camelot,Week4,Forest Hollow,Week3,243.0 Forest Hollow - 159.0 Camelot
Camelot,Week1,Fox Hunt,Week5,249.0 Fox Hunt - 153.0 Camelot
Camelot,Week3,Old Keene Mill,Week1,243.0 Camelot - 159.0 Old Keene Mill
Camelot,Week3,Old Keene Mill,Week3,224.0 Camelot - 178.0 Old Keene Mill
Camelot,Week2,Hunt Valley,Week2,272.0 Hunt Valley - 130.0 Camelot
Camelot,Week4,Lakeview,Week5,242.0 Camelot - 151.0 Lakeview
Burke Station,Week3,Villa Aquatic,Week1,247.0 Villa Aquatic - 150.0 Burke Station
Camelot,Week3,Old Keene Mill,Week4,227.0 Camelot - 175.0 Old Keene Mill
Camelot,Week2,Old Keene Mill,Week5,235.0 Camelot - 167.0 Old Keene Mill
Camelot,Week5,Forest Hollow,Week4,240.0 Forest Hollow - 162.0 Camelot
Burke Station,Week2,Villa Aquatic,Week1,278.0 Villa Aquatic - 124.0 Burke Station
Camelot,Week4,Lakeview,Week2,257.0 Camelot - 145.0 Lakeview
Camelot,Week5,Lakeview,Week1,266.0 Camelot - 136.0 Lakeview
Camelot,Week2,Hunt Valley,Week1,266.0 Hunt Valley - 136.0 Camelot
Camelot,Week1,Fox Hunt,Week4,235.0 Fox Hunt - 167.0 Camelot
Burke Station,Week4,Laurel Hill,Week3,229.0 Laurel Hill - 172.0 Burke Station
Burke Station,Week3,Truro,Week2,207.0 Burke Station - 175.0 Truro
Burke Station,Week5,Laurel Hill,Week2,222.0 Burke Station - 172.0 Laurel Hill
Burke Station,Week1,Arlington Forest,Week2,242.0 Arlington Forest - 137.0 Burke Station
Burke Station,Week1,Arlington Forest,Week1,256.0 Arlington Forest - 123.0 Burke Station
Camelot,Week4,Lakeview,Week4,241.0 Camelot - 161.0 Lakeview
Burke Station,Week3,Arlington Forest,Week3,250.0 Arlington Forest - 146.0 Burke Station
Camelot,Week2,Fox Hunt,Week5,239.0 Fox Hunt - 163.0 Camelot
Camelot,Week3,Hunt Valley,Week4,281.0 Hunt Valley - 121.0 Camelot
Camelot,Week5,Langley,Week3,262.0 Langley - 140.0 Camelot
Burke Station,Week4,Vienna Woods,Week3,360.0 Vienna Woods - 42.0 Burke Station
Camelot,Week4,Old Keene Mill,Week1,243.0 Camelot - 159.0 Old Keene Mill
Burke Station,Week4,Arlington Forest,Week5,295.0 Arlington Forest - 102.0 Burke Station
Camelot,Week3,Hunt Valley,Week3,281.0 Hunt Valley - 121.0 Camelot
Burke Station,Week4,Laurel Hill,Week4,221.0 Laurel Hill - 180.0 Burke Station
Camelot,Week3,Fox Hunt,Week2,226.0 Fox Hunt - 175.0 Camelot
Burke Station,Week5,Truro,Week1,221.0 Truro - 181.0 Burke Station
Burke Station,Week3,Truro,Week4,227.0 Truro - 168.0 Burke Station
Burke Station,Week3,Truro,Week1,235.0 Truro - 160.0 Burke Station
Burke Station,Week4,Laurel Hill,Week1,205.0 Laurel Hill - 194.0 Burke Station
Burke Station,Week1,Villa Aquatic,Week5,263.0 Villa Aquatic - 116.0 Burke Station
Camelot,Week3,Old Keene Mill,Week5,225.0 Camelot - 176.0 Old Keene Mill
Burke Station,Week2,Arlington Forest,Week1,301.5 Arlington Forest - 100.5 Burke Station
Camelot,Week5,Langley,Week1,266.0 Langley - 136.0 Camelot
Burke Station,Week2,Arlington Forest,Week4,309.0 Arlington Forest - 93.0 Burke Station
Camelot,Week1,Langley,Week4,288.0 Langley - 114.0 Camelot
Camelot,Week2,Hunt Valley,Week4,279.0 Hunt Valley - 123.0 Camelot
Burke Station,Week2,Laurel Hill,Week5,222.5 Laurel Hill - 178.5 Burke Station
Burke Station,Week2,Laurel Hill,Week1,215.0 Laurel Hill - 184.0 Burke Station
Camelot,Week4,Old Keene Mill,Week2,235.0 Camelot - 167.0 Old Keene Mill
Burke Station,Week4,Villa Aquatic,Week1,271.0 Villa Aquatic - 131.0 Burke Station
Camelot,Week4,Old Keene Mill,Week3,230.0 Camelot - 172.0 Old Keene Mill
Camelot,Week4,Fox Hunt,Week2,206.0 Fox Hunt - 196.0 Camelot
Camelot,Week4,Hunt Valley,Week2,272.0 Hunt Valley - 130.0 Camelot
Burke Station,Week2,Villa Aquatic,Week2,281.5 Villa Aquatic - 120.5 Burke Station
Camelot,Week4,Fox Hunt,Week3,231.0 Fox Hunt - 171.0 Camelot
Camelot,Week4,Hunt Valley,Week4,284.0 Hunt Valley - 118.0 Camelot
Burke Station,Week1,Tuckahoe,Week4,317.0 Tuckahoe - 62.0 Burke Station
Burke Station,Week2,Arlington Forest,Week2,282.5 Arlington Forest - 114.5 Burke Station
Burke Station,Week5,Vienna Woods,Week5,355.0 Vienna Woods - 47.0 Burke Station
Burke Station,Week2,Truro,Week1,262.0 Truro - 136.0 Burke Station
Camelot,Week3,Fox Hunt,Week4,230.0 Fox Hunt - 172.0 Camelot
Burke Station,Week4,Truro,Week3,230.0 Truro - 172.0 Burke Station
Burke Station,Week3,Laurel Hill,Week4,199.0 Laurel Hill - 198.0 Burke Station
Burke Station,Week2,Villa Aquatic,Week4,297.0 Villa Aquatic - 105.0 Burke Station
Camelot,Week3,Langley,Week1,264.0 Langley - 138.0 Camelot
Burke Station,Week4,Arlington Forest,Week2,277.0 Arlington Forest - 120.0 Burke Station
Camelot,Week4,Fox Hunt,Week5,242.0 Fox Hunt - 160.0 Camelot
Burke Station,Week1,Lee Graham,Week4,304.0 Lee Graham - 75.0 Burke Station
Camelot,Week5,Langley,Week4,276.0 Langley - 126.0 Camelot
Camelot,Week5,Fox Hunt,Week2,213.0 Fox Hunt - 188.0 Camelot
Burke Station,Week3,Arlington Forest,Week4,290.0 Arlington Forest - 107.0 Burke Station
Camelot,Week4,Orange Hunt,Week2,227.5 Orange Hunt - 174.5 Camelot
Camelot,Week5,Hunt Valley,Week5,289.0 Hunt Valley - 113.0 Camelot
Burke Station,Week5,Vienna Woods,Week1,329.0 Vienna Woods - 73.0 Burke Station
Camelot,Week1,Langley,Week5,270.0 Langley - 132.0 Camelot
Camelot,Week1,Langley,Week2,283.0 Langley - 119.0 Camelot
Camelot,Week5,Hunt Valley,Week3,268.0 Hunt Valley - 134.0 Camelot
Burke Station,Week1,Village West,Week3,209.0 Village West - 169.0 Burke Station
Camelot,Week1,Orange Hunt,Week5,246.5 Orange Hunt - 155.5 Camelot
Camelot,Week5,Fox Hunt,Week1,216.0 Fox Hunt - 186.0 Camelot
Burke Station,Week4,Truro,Week4,247.0 Truro - 154.0 Burke Station
Burke Station,Week2,Truro,Week5,245.0 Truro - 146.0 Burke Station
Burke Station,Week3,Truro,Week3,212.0 Truro - 184.0 Burke Station
Camelot,Week5,Hunt Valley,Week2,276.0 Hunt Valley - 126.0 Camelot
Camelot,Week5,Old Keene Mill,Week5,225.0 Camelot - 176.0 Old Keene Mill
Burke Station,Week2,Brandywine,Week4,289.0 Brandywine - 113.0 Burke Station
Camelot,Week5,Fox Hunt,Week3,240.0 Fox Hunt - 162.0 Camelot
Burke Station,Week2,Lee Graham,Week1,338.0 Lee Graham - 64.0 Burke Station
Burke Station,Week1,Lee Graham,Week1,303.0 Lee Graham - 76.0 Burke Station
Burke Station,Week2,Tuckahoe,Week1,354.0 Tuckahoe - 48.0 Burke Station
Burke Station,Week3,Arlington Forest,Week5,284.0 Arlington Forest - 108.0 Burke Station
Burke Station,Week1,Village West,Week1,196.0 Village West - 178.0 Burke Station
Camelot,Week3,Orange Hunt,Week5,244.0 Orange Hunt - 158.0 Camelot
Burke Station,Week5,Laurel Hill,Week1,219.0 Burke Station - 181.0 Laurel Hill
Camelot,Week2,Langley,Week3,254.0 Langley - 148.0 Camelot
Camelot,Week5,Old Keene Mill,Week4,232.0 Camelot - 170.0 Old Keene Mill
Camelot,Week5,Hunt Valley,Week1,265.0 Hunt Valley - 137.0 Camelot
Camelot,Week4,Fox Hunt,Week1,215.0 Fox Hunt - 187.0 Camelot
Burke Station,Week3,Villa Aquatic,Week2,247.0 Villa Aquatic - 150.0 Burke Station
Camelot,Week1,Hunter Mill,Week2,261.0 Hunter Mill - 141.0 Camelot
Burke Station,Week1,Villa Aquatic,Week3,267.0 Villa Aquatic - 111.0 Burke Station
Burke Station,Week2,Lee Graham,Week4,348.0 Lee Graham - 54.0 Burke Station
Burke Station,Week3,Brandywine,Week1,247.0 Brandywine - 150.0 Burke Station
Burke Station,Week5,Truro,Week3,203.0 Truro - 198.0 Burke Station
Burke Station,Week3,Arlington Forest,Week2,261.0 Arlington Forest - 131.0 Burke Station
Camelot,Week1,Fox Mill Estates,Week4,208.5 Fox Mill Estates - 193.5 Camelot
Camelot,Week1,Fox Mill Estates,Week2,208.0 Camelot - 194.0 Fox Mill Estates
Camelot,Week3,Orange Hunt,Week3,236.0 Orange Hunt - 166.0 Camelot
Camelot,Week4,Langley,Week1,277.0 Langley - 125.0 Camelot
Burke Station,Week4,Truro,Week5,230.0 Truro - 165.0 Burke Station
Camelot,Week3,Langley,Week2,264.0 Langley - 138.0 Camelot
Camelot,Week1,Hunter Mill,Week1,270.0 Hunter Mill - 132.0 Camelot
Burke Station,Week5,Truro,Week2,207.0 Burke Station - 186.0 Truro
Burke Station,Week3,Lee Graham,Week2,315.0 Lee Graham - 82.0 Burke Station
Camelot,Week5,Orange Hunt,Week4,236.0 Orange Hunt - 166.0 Camelot
Burke Station,Week3,Brandywine,Week4,260.0 Brandywine - 136.0 Burke Station
Burke Station,Week5,Vienna Woods,Week2,336.5 Vienna Woods - 65.5 Burke Station
Camelot,Week4,Langley,Week2,272.0 Langley - 130.0 Camelot
Burke Station,Week5,Villa Aquatic,Week4,252.0 Villa Aquatic - 150.0 Burke Station
Burke Station,Week3,Lee Graham,Week1,318.0 Lee Graham - 79.0 Burke Station
Camelot,Week1,Hunter Mill,Week4,273.5 Hunter Mill - 128.5 Camelot
Camelot,Week4,Orange Hunt,Week1,225.0 Orange Hunt - 177.0 Camelot
Camelot,Week3,Hunt Valley,Week1,265.0 Hunt Valley - 137.0 Camelot
Camelot,Week4,Langley,Week3,274.0 Langley - 128.0 Camelot
Camelot,Week1,Orange Hunt,Week2,233.0 Orange Hunt - 169.0 Camelot
Camelot,Week1,Fox Mill Estates,Week1,222.0 Camelot - 180.0 Fox Mill Estates
Burke Station,Week2,Lee Graham,Week3,355.0 Lee Graham - 47.0 Burke Station
Burke Station,Week5,Truro,Week4,219.0 Truro - 183.0 Burke Station
Burke Station,Week4,Arlington Forest,Week4,306.0 Arlington Forest - 96.0 Burke Station
Burke Station,Week5,Villa Aquatic,Week5,266.0 Villa Aquatic - 136.0 Burke Station
Camelot,Week5,Fox Hunt,Week4,222.0 Fox Hunt - 180.0 Camelot
Burke Station,Week4,Truro,Week2,222.5 Truro - 168.5 Burke Station
Camelot,Week1,Overlee,Week5,356.0 Overlee - 46.0 Camelot
Burke Station,Week1,Arlington Forest,Week5,260.0 Arlington Forest - 118.0 Burke Station
Camelot,Week2,Fox Mill Estates,Week2,209.0 Fox Mill Estates - 193.0 Camelot
Burke Station,Week1,Ilda Community,Week2,197.0 Burke Station - 180.0 Ilda Community
Camelot,Week1,Orange Hunt,Week3,239.0 Orange Hunt - 163.0 Camelot
Burke Station,Week5,Arlington Forest,Week2,260.0 Arlington Forest - 137.0 Burke Station
Camelot,Week1,Langley,Week1,279.0 Langley - 123.0 Camelot
Camelot,Week5,Lakeview,Week3,259.0 Camelot - 143.0 Lakeview
Burke Station,Week5,Ilda Community,Week2,213.0 Burke Station - 189.0 Ilda Community
Camelot,Week2,Hunter Mill,Week2,238.0 Hunter Mill - 164.0 Camelot
Camelot,Week3,Langley,Week3,265.0 Langley - 137.0 Camelot
Burke Station,Week3,Lee Graham,Week4,321.0 Lee Graham - 76.0 Burke Station
Camelot,Week1,Hunter Mill,Week5,273.0 Hunter Mill - 129.0 Camelot
Camelot,Week4,Orange Hunt,Week4,222.0 Orange Hunt - 180.0 Camelot
Burke Station,Week1,Tuckahoe,Week2,315.0 Tuckahoe - 63.0 Burke Station
Camelot,Week2,Hunter Mill,Week1,249.0 Hunter Mill - 153.0 Camelot
Camelot,Week2,Fox Mill Estates,Week1,223.0 Camelot - 179.0 Fox Mill Estates
Burke Station,Week4,Vienna Woods,Week4,347.0 Vienna Woods - 50.0 Burke Station
Burke Station,Week5,Truro,Week5,200.0 Truro - 196.0 Burke Station
Camelot,Week2,Langley,Week5,258.0 Langley - 144.0 Camelot
Burke Station,Week2,Villa Aquatic,Week3,302.0 Villa Aquatic - 99.0 Burke Station
Burke Station,Week1,Tuckahoe,Week1,317.0 Tuckahoe - 62.0 Burke Station
Camelot,Week4,Hunt Valley,Week1,258.0 Hunt Valley - 144.0 Camelot
Burke Station,Week1,Villa Aquatic,Week1,233.0 Villa Aquatic - 146.0 Burke Station
Burke Station,Week4,Arlington Forest,Week3,271.0 Arlington Forest - 131.0 Burke Station
Camelot,Week2,Fox Mill Estates,Week3,203.0 Camelot - 198.0 Fox Mill Estates
Burke Station,Week5,Annandale,Week5,202.0 Burke Station - 199.0 Annandale
Camelot,Week2,Fox Mill Estates,Week4,204.0 Fox Mill Estates - 198.0 Camelot
Burke Station,Week3,Lee Graham,Week3,333.0 Lee Graham - 64.0 Burke Station
Camelot,Week5,Orange Hunt,Week2,230.0 Orange Hunt - 172.0 Camelot
Burke Station,Week2,Tuckahoe,Week3,367.0 Tuckahoe - 35.0 Burke Station
Camelot,Week5,Lakeview,Week5,236.0 Camelot - 157.0 Lakeview
Camelot,Week5,Lakeview,Week4,236.0 Camelot - 166.0 Lakeview
Camelot,Week3,Hunt Valley,Week2,278.0 Hunt Valley - 124.0 Camelot
Burke Station,Week1,Tuckahoe,Week3,331.0 Tuckahoe - 48.0 Burke Station
Camelot,Week2,Langley,Week2,260.0 Langley - 142.0 Camelot
Burke Station,Week5,Arlington Forest,Week1,256.0 Arlington Forest - 146.0 Burke Station
Camelot,Week2,Hunt Valley,Week5,280.0 Hunt Valley - 122.0 Camelot
Burke Station,Week1,Villa Aquatic,Week4,249.0 Villa Aquatic - 130.0 Burke Station
Burke Station,Week2,Arlington Forest,Week3,275.0 Arlington Forest - 123.0 Burke Station
Camelot,Week1,Hunter Mill,Week3,266.0 Hunter Mill - 135.0 Camelot
Burke Station,Week5,Vienna Woods,Week3,344.0 Vienna Woods - 58.0 Burke Station
Camelot,Week5,Old Keene Mill,Week3,241.0 Camelot - 161.0 Old Keene Mill
Burke Station,Week1,Villa Aquatic,Week2,226.0 Villa Aquatic - 153.0 Burke Station
Burke Station,Week3,Ilda Community,Week4,200.0 Ilda Community - 197.0 Burke Station
Burke Station,Week3,Ilda Community,Week2,206.0 Burke Station - 191.0 Ilda Community
Camelot,Week4,Hunt Valley,Week3,284.0 Hunt Valley - 118.0 Camelot
Burke Station,Week3,Villa Aquatic,Week4,255.0 Villa Aquatic - 142.0 Burke Station
Burke Station,Week3,Ilda Community,Week3,205.0 Burke Station - 185.0 Ilda Community
Burke Station,Week2,Tuckahoe,Week2,353.0 Tuckahoe - 48.0 Burke Station
Camelot,Week2,Langley,Week4,266.0 Langley - 136.0 Camelot
Burke Station,Week5,Arlington Forest,Week3,237.0 Arlington Forest - 165.0 Burke Station
Camelot,Week1,Orange Hunt,Week4,230.0 Orange Hunt - 172.0 Camelot
Camelot,Week2,Langley,Week1,264.0 Langley - 138.0 Camelot
Burke Station,Week2,Ilda Community,Week2,225.0 Ilda Community - 175.0 Burke Station
Camelot,Week5,Hunt Valley,Week4,285.0 Hunt Valley - 117.0 Camelot
Burke Station,Week3,Arlington Forest,Week1,285.0 Arlington Forest - 112.0 Burke Station
Burke Station,Week5,Vienna Woods,Week4,321.0 Vienna Woods - 76.0 Burke Station
Camelot,Week5,Orange Hunt,Week3,232.0 Orange Hunt - 170.0 Camelot
Burke Station,Week4,Ilda Community,Week4,235.0 Ilda Community - 167.0 Burke Station
Burke Station,Week4,Vienna Woods,Week5,367.0 Vienna Woods - 35.0 Burke Station
Burke Station,Week2,Tuckahoe,Week4,367.0 Tuckahoe - 35.0 Burke Station
Burke Station,Week2,Arlington Forest,Week5,300.0 Arlington Forest - 96.0 Burke Station
Camelot,Week4,Old Keene Mill,Week5,223.0 Camelot - 179.0 Old Keene Mill
Burke Station,Week1,Tuckahoe,Week5,321.0 Tuckahoe - 58.0 Burke Station
Camelot,Week2,Orange Hunt,Week3,231.0 Orange Hunt - 171.0 Camelot
Burke Station,Week1,Arlington Forest,Week3,233.0 Arlington Forest - 142.0 Burke Station
Burke Station,Week1,Arlington Forest,Week4,260.0 Arlington Forest - 119.0 Burke Station
Burke Station,Week2,Villa Aquatic,Week5,304.0 Villa Aquatic - 98.0 Burke Station
Burke Station,Week3,Kent Gardens,Week1,239.0 Kent Gardens - 154.0 Burke Station
Burke Station,Week4,Ilda Community,Week1,222.0 Ilda Community - 179.0 Burke Station
Camelot,Week4,Langley,Week4,288.0 Langley - 114.0 Camelot
Burke Station,Week2,Kent Gardens,Week3,268.0 Kent Gardens - 133.0 Burke Station
Camelot,Week4,Hunt Valley,Week5,297.0 Hunt Valley - 105.0 Camelot
Camelot,Week2,Orange Hunt,Week1,231.0 Orange Hunt - 171.0 Camelot
Burke Station,Week5,Ilda Community,Week3,214.0 Burke Station - 183.0 Ilda Community
Burke Station,Week4,Vienna Woods,Week2,352.0 Vienna Woods - 50.0 Burke Station
Camelot,Week1,Orange Hunt,Week1,226.0 Orange Hunt - 176.0 Camelot
Burke Station,Week5,Arlington Forest,Week4,283.0 Arlington Forest - 119.0 Burke Station
Burke Station,Week5,Arlington Forest,Week5,274.0 Arlington Forest - 123.0 Burke Station
Camelot,Week3,Hunt Valley,Week5,289.0 Hunt Valley - 113.0 Camelot
Burke Station,Week3,Tuckahoe,Week3,358.0 Tuckahoe - 38.0 Burke Station
Burke Station,Week1,Brandywine,Week1,235.0 Brandywine - 144.0 Burke Station
Camelot,Week3,Langley,Week5,265.0 Langley - 137.0 Camelot
Burke Station,Week4,Villa Aquatic,Week4,290.0 Villa Aquatic - 112.0 Burke Station
Burke Station,Week4,Arlington Forest,Week1,291.0 Arlington Forest - 111.0 Burke Station
Burke Station,Week3,Tuckahoe,Week1,337.0 Tuckahoe - 60.0 Burke Station
Burke Station,Week2,Tuckahoe,Week5,362.0 Tuckahoe - 40.0 Burke Station
Camelot,Week4,Langley,Week5,275.0 Langley - 127.0 Camelot
Camelot,Week1,Langley,Week3,270.0 Langley - 132.0 Camelot
Burke Station,Week2,Ilda Community,Week1,223.0 Ilda Community - 174.0 Burke Station
Burke Station,Week3,Villa Aquatic,Week5,272.5 Villa Aquatic - 124.5 Burke Station
Camelot,Week3,Langley,Week4,280.0 Langley - 122.0 Camelot
Burke Station,Week3,Tuckahoe,Week5,354.0 Tuckahoe - 42.0 Burke Station
Camelot,Week2,Orange Hunt,Week2,226.0 Orange Hunt - 176.0 Camelot
Camelot,Week5,Old Keene Mill,Week1,252.0 Camelot - 150.0 Old Keene Mill
Burke Station,Week3,Villa Aquatic,Week3,283.0 Villa Aquatic - 114.0 Burke Station
Burke Station,Week3,Tuckahoe,Week4,359.0 Tuckahoe - 38.0 Burke Station
Camelot,Week2,Orange Hunt,Week4,228.0 Orange Hunt - 174.0 Camelot
Burke Station,Week4,Tuckahoe,Week3,370.0 Tuckahoe - 32.0 Burke Station
Camelot,Week5,Langley,Week2,269.0 Langley - 133.0 Camelot
Burke Station,Week1,Brandywine,Week5,266.0 Brandywine - 112.0 Burke Station
Camelot,Week3,Orange Hunt,Week2,229.0 Orange Hunt - 173.0 Camelot
Camelot,Week1,Lee Graham,Week4,282.0 Lee Graham - 120.0 Camelot
Camelot,Week1,Lee Graham,Week1,278.0 Lee Graham - 124.0 Camelot
Camelot,Week2,Orange Hunt,Week5,238.0 Orange Hunt - 164.0 Camelot
Burke Station,Week1,Ilda Community,Week1,200.0 Burke Station - 174.0 Ilda Community
Camelot,Week2,Laurel Hill,Week4,227.0 Camelot - 175.0 Laurel Hill
Burke Station,Week4,Tuckahoe,Week1,360.0 Tuckahoe - 42.0 Burke Station
Burke Station,Week5,Villa Aquatic,Week3,269.0 Villa Aquatic - 133.0 Burke Station
Burke Station,Week4,Villa Aquatic,Week3,299.0 Villa Aquatic - 103.0 Burke Station
Burke Station,Week5,Tuckahoe,Week3,360.0 Tuckahoe - 42.0 Burke Station
Burke Station,Week1,Brandywine,Week2,216.0 Brandywine - 163.0 Burke Station
Burke Station,Week4,Tuckahoe,Week2,368.0 Tuckahoe - 34.0 Burke Station
Burke Station,Week4,Tuckahoe,Week4,373.0 Tuckahoe - 29.0 Burke Station
Burke Station,Week5,Hunter Mill,Week5,303.0 Hunter Mill - 99.0 Burke Station
Burke Station,Week1,Ilda Community,Week5,202.0 Burke Station - 169.0 Ilda Community
Burke Station,Week4,Villa Aquatic,Week5,301.0 Villa Aquatic - 101.0 Burke Station
Camelot,Week3,Orange Hunt,Week1,235.0 Orange Hunt - 167.0 Camelot
Burke Station,Week2,Kent Gardens,Week1,281.0 Kent Gardens - 120.0 Burke Station
Burke Station,Week5,Ilda Community,Week1,210.0 Burke Station - 192.0 Ilda Community
Camelot,Week4,Old Keene Mill,Week4,228.0 Camelot - 174.0 Old Keene Mill
Burke Station,Week2,Brandywine,Week1,259.0 Brandywine - 143.0 Burke Station
Camelot,Week2,Laurel Hill,Week3,221.0 Camelot - 181.0 Laurel Hill
Burke Station,Week1,Brandywine,Week3,228.0 Brandywine - 151.0 Burke Station
Camelot,Week5,Old Keene Mill,Week2,236.0 Camelot - 166.0 Old Keene Mill
Burke Station,Week5,Villa Aquatic,Week2,233.0 Villa Aquatic - 169.0 Burke Station
Burke Station,Week3,Vienna Aquatic,Week1,322.0 Vienna Aquatic - 75.0 Burke Station
Burke Station,Week1,Brandywine,Week4,245.0 Brandywine - 134.0 Burke Station
Burke Station,Week5,Villa Aquatic,Week1,236.0 Villa Aquatic - 166.0 Burke Station
Camelot,Week1,Laurel Hill,Week2,233.0 Camelot - 167.0 Laurel Hill
Camelot,Week1,Overlee,Week2,341.0 Overlee - 61.0 Camelot
Camelot,Week4,Orange Hunt,Week5,240.0 Orange Hunt - 162.0 Camelot
Burke Station,Week2,Vienna Aquatic,Week5,339.0 Vienna Aquatic - 61.0 Burke Station
Burke Station,Week1,Vienna Aquatic,Week1,293.0 Vienna Aquatic - 86.0 Burke Station
Burke Station,Week3,Village West,Week2,209.0 Burke Station - 187.0 Village West
Camelot,Week3,Laurel Hill,Week5,216.0 Camelot - 185.0 Laurel Hill
Burke Station,Week1,Virginia Hills,Week4,249.0 Burke Station - 126.0 Virginia Hills
Burke Station,Week1,Virginia Hills,Week3,241.0 Burke Station - 137.0 Virginia Hills
Burke Station,Week2,Ilda Community,Week4,236.0 Ilda Community - 164.0 Burke Station
Burke Station,Week2,Brandywine,Week5,295.0 Brandywine - 106.0 Burke Station
Burke Station,Week3,Ilda Community,Week5,210.0 Burke Station - 184.0 Ilda Community
Camelot,Week3,Orange Hunt,Week4,233.0 Orange Hunt - 169.0 Camelot
Burke Station,Week3,Brandywine,Week5,281.0 Brandywine - 116.0 Burke Station
Burke Station,Week4,Village West,Week2,201.0 Village West - 200.0 Burke Station
Burke Station,Week4,Villa Aquatic,Week2,259.0 Villa Aquatic - 143.0 Burke Station
Burke Station,Week2,Ilda Community,Week5,208.0 Ilda Community - 185.0 Burke Station
Camelot,Week3,Laurel Hill,Week4,234.5 Camelot - 166.5 Laurel Hill
Burke Station,Week3,Brandywine,Week2,239.0 Brandywine - 158.0 Burke Station
Camelot,Week1,Overlee,Week1,331.0 Overlee - 71.0 Camelot
Burke Station,Week2,Brandywine,Week2,264.0 Brandywine - 138.0 Burke Station
Camelot,Week2,Laurel Hill,Week2,246.0 Camelot - 155.0 Laurel Hill
Burke Station,Week4,Tuckahoe,Week5,367.0 Tuckahoe - 35.0 Burke Station
Burke Station,Week1,Vienna Aquatic,Week4,301.0 Vienna Aquatic - 78.0 Burke Station
Burke Station,Week1,Ilda Community,Week3,200.0 Burke Station - 177.0 Ilda Community
Camelot,Week2,Laurel Hill,Week5,220.0 Camelot - 182.0 Laurel Hill
Burke Station,Week1,Ilda Community,Week4,189.0 Burke Station - 188.0 Ilda Community
Burke Station,Week2,Ilda Community,Week3,214.0 Ilda Community - 181.0 Burke Station
Camelot,Week4,Laurel Hill,Week1,236.0 Camelot - 166.0 Laurel Hill
Burke Station,Week5,Tuckahoe,Week4,359.0 Tuckahoe - 43.0 Burke Station
Burke Station,Week3,Brandywine,Week3,247.0 Brandywine - 150.0 Burke Station
Burke Station,Week2,Brandywine,Week3,271.0 Brandywine - 131.0 Burke Station
Camelot,Week5,Orange Hunt,Week1,219.5 Orange Hunt - 182.5 Camelot
Burke Station,Week2,Vienna Aquatic,Week4,341.0 Vienna Aquatic - 61.0 Burke Station
Burke Station,Week3,Ilda Community,Week1,201.0 Burke Station - 195.0 Ilda Community
Camelot,Week4,Orange Hunt,Week3,223.0 Orange Hunt - 179.0 Camelot
Burke Station,Week1,Village West,Week2,205.0 Village West - 170.0 Burke Station
Camelot,Week4,Laurel Hill,Week3,235.0 Camelot - 166.0 Laurel Hill
Burke Station,Week5,Village West,Week1,212.0 Burke Station - 190.0 Village West
Camelot,Week5,Orange Hunt,Week5,247.0 Orange Hunt - 155.0 Camelot
Camelot,Week1,Overlee,Week4,362.0 Overlee - 40.0 Camelot
Burke Station,Week1,Bren Mar-Edsall Park,Week2,284.0 Burke Station - 90.0 Bren Mar-Edsall Park
Burke Station,Week5,Tuckahoe,Week5,358.0 Tuckahoe - 44.0 Burke Station
Burke Station,Week1,Vienna Woods,Week4,307.0 Vienna Woods - 71.0 Burke Station
Camelot,Week1,Laurel Hill,Week1,222.0 Camelot - 178.0 Laurel Hill
Camelot,Week1,Laurel Hill,Week5,218.0 Camelot - 184.0 Laurel Hill
Camelot,Week1,Overlee,Week3,334.0 Overlee - 68.0 Camelot
Burke Station,Week4,Ilda Community,Week5,229.0 Ilda Community - 172.0 Burke Station
Burke Station,Week1,Bren Mar-Edsall Park,Week3,281.0 Burke Station - 97.0 Bren Mar-Edsall Park
Camelot,Week2,Overlee,Week2,322.0 Overlee - 80.0 Camelot
Burke Station,Week2,Vienna Woods,Week1,356.0 Vienna Woods - 46.0 Burke Station
Burke Station,Week4,Ilda Community,Week2,220.0 Ilda Community - 182.0 Burke Station
Burke Station,Week1,Virginia Hills,Week1,258.0 Burke Station - 116.0 Virginia Hills
Burke Station,Week4,Village West,Week3,234.0 Village West - 168.0 Burke Station
Camelot,Week4,Laurel Hill,Week4,220.0 Camelot - 182.0 Laurel Hill
Burke Station,Week2,Bren Mar-Edsall Park,Week2,301.0 Burke Station - 87.0 Bren Mar-Edsall Park
Burke Station,Week1,Virginia Hills,Week2,259.0 Burke Station - 114.0 Virginia Hills
Camelot,Week3,Laurel Hill,Week2,255.0 Camelot - 146.0 Laurel Hill
Burke Station,Week1,Bren Mar-Edsall Park,Week5,281.0 Burke Station - 96.0 Bren Mar-Edsall Park
Burke Station,Week4,Brandywine,Week2,263.0 Brandywine - 139.0 Burke Station
Burke Station,Week3,Vienna Aquatic,Week2,317.0 Vienna Aquatic - 80.0 Burke Station
Burke Station,Week1,Kent Gardens,Week1,228.0 Kent Gardens - 151.0 Burke Station
Camelot,Week2,Overlee,Week5,343.0 Overlee - 59.0 Camelot
Burke Station,Week1,Kent Gardens,Week3,230.0 Kent Gardens - 149.0 Burke Station
Burke Station,Week4,Ilda Community,Week3,207.0 Ilda Community - 190.0 Burke Station
Burke Station,Week5,Tuckahoe,Week2,348.0 Tuckahoe - 54.0 Burke Station
Camelot,Week4,Laurel Hill,Week5,215.0 Camelot - 187.0 Laurel Hill
Camelot,Week4,Overlee,Week5,372.0 Overlee - 30.0 Camelot
Burke Station,Week2,Village West,Week1,226.0 Village West - 171.0 Burke Station
Camelot,Week5,Laurel Hill,Week1,242.0 Camelot - 158.0 Laurel Hill
Camelot,Week3,Overlee,Week3,332.0 Overlee - 70.0 Camelot
Burke Station,Week4,Village West,Week4,229.0 Village West - 168.0 Burke Station
Camelot,Week4,Overlee,Week3,339.0 Overlee - 63.0 Camelot
Camelot,Week5,Overlee,Week4,364.0 Overlee - 38.0 Camelot
Burke Station,Week2,Vienna Aquatic,Week2,333.0 Vienna Aquatic - 69.0 Burke Station
Camelot,Week5,Laurel Hill,Week3,237.5 Camelot - 164.5 Laurel Hill
Burke Station,Week1,Kent Gardens,Week4,235.0 Kent Gardens - 144.0 Burke Station
Burke Station,Week3,Village West,Week3,208.0 Village West - 188.0 Burke Station
Burke Station,Week5,Ilda Community,Week5,222.0 Burke Station - 180.0 Ilda Community
Burke Station,Week3,Bren Mar-Edsall Park,Week2,307.0 Burke Station - 78.0 Bren Mar-Edsall Park
Camelot,Week4,Laurel Hill,Week2,250.0 Camelot - 152.0 Laurel Hill
Burke Station,Week5,Brandywine,Week4,263.0 Brandywine - 139.0 Burke Station
Camelot,Week2,Overlee,Week3,328.0 Overlee - 74.0 Camelot
Burke Station,Week1,Kent Gardens,Week5,250.0 Kent Gardens - 129.0 Burke Station
Burke Station,Week2,Kent Gardens,Week4,272.0 Kent Gardens - 130.0 Burke Station
Burke Station,Week4,Vienna Aquatic,Week2,331.0 Vienna Aquatic - 71.0 Burke Station
Burke Station,Week1,Bren Mar-Edsall Park,Week1,277.0 Burke Station - 98.0 Bren Mar-Edsall Park
Burke Station,Week1,Virginia Hills,Week5,241.0 Burke Station - 137.0 Virginia Hills
Burke Station,Week2,Bren Mar-Edsall Park,Week4,282.0 Burke Station - 110.0 Bren Mar-Edsall Park
Burke Station,Week1,Vienna Aquatic,Week3,300.0 Vienna Aquatic - 79.0 Burke Station
Burke Station,Week1,Vienna Aquatic,Week2,284.0 Vienna Aquatic - 95.0 Burke Station
Camelot,Week3,Laurel Hill,Week1,240.0 Camelot - 161.0 Laurel Hill
Camelot,Week4,Overlee,Week4,372.0 Overlee - 30.0 Camelot
Camelot,Week5,Langley,Week5,267.0 Langley - 135.0 Camelot
Burke Station,Week2,Village West,Week5,218.0 Village West - 180.0 Burke Station
Burke Station,Week2,Kent Gardens,Week2,273.0 Kent Gardens - 128.0 Burke Station
Burke Station,Week4,Vienna Aquatic,Week1,332.0 Vienna Aquatic - 70.0 Burke Station
Burke Station,Week2,Village West,Week2,217.0 Village West - 180.0 Burke Station
Burke Station,Week2,Bren Mar-Edsall Park,Week1,290.0 Burke Station - 105.0 Bren Mar-Edsall Park
Burke Station,Week4,Village West,Week1,207.0 Village West - 195.0 Burke Station
Camelot,Week5,Overlee,Week1,328.0 Overlee - 74.0 Camelot
Burke Station,Week4,Brandywine,Week1,266.0 Brandywine - 136.0 Burke Station
Burke Station,Week5,Vienna Aquatic,Week1,310.0 Vienna Aquatic - 92.0 Burke Station
Burke Station,Week3,Village West,Week1,212.0 Burke Station - 184.0 Village West
Burke Station,Week3,Bren Mar-Edsall Park,Week1,303.0 Burke Station - 88.0 Bren Mar-Edsall Park
Burke Station,Week5,Brandywine,Week2,242.0 Brandywine - 160.0 Burke Station
Camelot,Week5,Laurel Hill,Week4,245.0 Camelot - 156.0 Laurel Hill
Camelot,Week1,Laurel Hill,Week4,225.0 Camelot - 177.0 Laurel Hill
Burke Station,Week4,Vienna Aquatic,Week5,341.0 Vienna Aquatic - 60.0 Burke Station
Burke Station,Week1,Kent Gardens,Week2,229.0 Kent Gardens - 150.0 Burke Station
Burke Station,Week3,Village West,Week4,197.0 Village West - 193.0 Burke Station
Camelot,Week1,Laurel Hill,Week3,219.0 Camelot - 183.0 Laurel Hill
Burke Station,Week1,Vienna Aquatic,Week5,303.0 Vienna Aquatic - 75.0 Burke Station
Burke Station,Week5,Kent Gardens,Week4,248.0 Kent Gardens - 154.0 Burke Station
Burke Station,Week4,Village West,Week5,208.0 Village West - 194.0 Burke Station
Camelot,Week1,Parklawn,Week1,250.0 Camelot - 143.0 Parklawn
Camelot,Week2,Overlee,Week4,359.0 Overlee - 43.0 Camelot
Burke Station,Week4,Brandywine,Week4,282.0 Brandywine - 120.0 Burke Station
Burke Station,Week2,Kent Gardens,Week5,297.0 Kent Gardens - 105.0 Burke Station
Burke Station,Week2,Bren Mar-Edsall Park,Week3,286.0 Burke Station - 114.0 Bren Mar-Edsall Park
Burke Station,Week1,Village West,Week4,205.0 Village West - 165.0 Burke Station
Camelot,Week2,Parklawn,Week2,239.0 Camelot - 159.0 Parklawn
Burke Station,Week4,Vienna Aquatic,Week3,332.0 Vienna Aquatic - 70.0 Burke Station
Burke Station,Week5,Ilda Community,Week4,206.0 Ilda Community - 196.0 Burke Station
Camelot,Week2,Parklawn,Week1,268.0 Camelot - 123.0 Parklawn
Burke Station,Week4,Kent Gardens,Week4,266.0 Kent Gardens - 136.0 Burke Station
Camelot,Week5,Laurel Hill,Week2,260.0 Camelot - 142.0 Laurel Hill
Burke Station,Week3,Bren Mar-Edsall Park,Week3,292.0 Burke Station - 103.0 Bren Mar-Edsall Park
Camelot,Week5,Laurel Hill,Week5,226.0 Camelot - 175.0 Laurel Hill
Burke Station,Week1,Village West,Week5,196.0 Village West - 179.0 Burke Station
Camelot,Week2,Overlee,Week1,332.0 Overlee - 70.0 Camelot
Burke Station,Week1,Bren Mar-Edsall Park,Week4,270.0 Burke Station - 107.0 Bren Mar-Edsall Park
Camelot,Week2,Laurel Hill,Week1,227.0 Camelot - 174.0 Laurel Hill
Burke Station,Week3,Vienna Aquatic,Week4,322.5 Vienna Aquatic - 73.5 Burke Station
Burke Station,Week5,Tuckahoe,Week1,353.0 Tuckahoe - 49.0 Burke Station
Burke Station,Week2,Village West,Week3,241.0 Village West - 160.0 Burke Station
Burke Station,Week3,Kings Ridge ,Week1,212.0 Burke Station - 184.0 Kings Ridge
Camelot,Week1,Lee Graham,Week3,294.0 Lee Graham - 108.0 Camelot
Camelot,Week1,Lee Graham,Week2,290.0 Lee Graham - 112.0 Camelot
Burke Station,Week5,Village West,Week3,212.0 Village West - 190.0 Burke Station
Camelot,Week3,Overlee,Week2,338.0 Overlee - 64.0 Camelot
Burke Station,Week5,Brandywine,Week5,273.0 Brandywine - 129.0 Burke Station
Burke Station,Week5,Village West,Week5,209.0 Burke Station - 188.0 Village West
Camelot,Week5,Overlee,Week3,327.0 Overlee - 75.0 Camelot
Burke Station,Week3,Kent Gardens,Week3,234.0 Kent Gardens - 159.0 Burke Station
Burke Station,Week5,Village West,Week2,218.0 Burke Station - 184.0 Village West
Camelot,Week3,Overlee,Week1,342.0 Overlee - 60.0 Camelot
Burke Station,Week4,Brandywine,Week5,291.0 Brandywine - 111.0 Burke Station
Burke Station,Week3,Vienna Aquatic,Week3,317.0 Vienna Aquatic - 80.0 Burke Station
Burke Station,Week4,Vienna Aquatic,Week4,331.0 Vienna Aquatic - 71.0 Burke Station
Burke Station,Week5,Brandywine,Week1,240.0 Brandywine - 162.0 Burke Station
Burke Station,Week2,Bren Mar-Edsall Park,Week5,279.0 Burke Station - 114.0 Bren Mar-Edsall Park
Camelot,Week5,Overlee,Week5,357.0 Overlee - 45.0 Camelot
Burke Station,Week4,Brandywine,Week3,256.0 Brandywine - 145.0 Burke Station
Burke Station,Week3,Kings Ridge ,Week2,210.0 Burke Station - 185.0 Kings Ridge
Burke Station,Week2,Vienna Aquatic,Week3,340.0 Vienna Aquatic - 62.0 Burke Station
Burke Station,Week2,Vienna Aquatic,Week1,332.0 Vienna Aquatic - 70.0 Burke Station
Camelot,Week4,Lee Graham,Week2,289.0 Lee Graham - 113.0 Camelot
Camelot,Week3,Laurel Hill,Week3,223.0 Camelot - 179.0 Laurel Hill
Burke Station,Week2,Kings Ridge ,Week3,234.0 Kings Ridge - 164.0 Burke Station
Burke Station,Week5,Vienna Aquatic,Week3,315.0 Vienna Aquatic - 87.0 Burke Station
Burke Station,Week3,Village West,Week5,213.0 Burke Station - 182.0 Village West
Camelot,Week1,Lincolnia Park,Week1,256.0 Camelot - 141.0 Lincolnia Park
Burke Station,Week2,Kings Ridge ,Week4,237.0 Kings Ridge - 165.0 Burke Station
Burke Station,Week5,Vienna Aquatic,Week2,308.0 Vienna Aquatic - 94.0 Burke Station
Burke Station,Week5,Village West,Week4,200.0 Village West - 197.0 Burke Station
Burke Station,Week1,Kings Ridge ,Week3,190.0 Kings Ridge - 185.0 Burke Station
Camelot,Week4,Overlee,Week1,330.5 Overlee - 71.5 Camelot
Burke Station,Week5,Kent Gardens,Week5,263.0 Kent Gardens - 139.0 Burke Station
Burke Station,Week3,Kings Ridge ,Week3,201.0 Kings Ridge - 193.0 Burke Station
Camelot,Week5,Lee Graham,Week4,278.0 Lee Graham - 124.0 Camelot
Camelot,Week1,Parklawn,Week5,236.0 Camelot - 165.0 Parklawn
Burke Station,Week1,Vienna Woods,Week1,312.0 Vienna Woods - 67.0 Burke Station
Burke Station,Week5,Virginia Hills,Week5,264.0 Burke Station - 134.0 Virginia Hills
Burke Station,Week4,Kent Gardens,Week5,283.0 Kent Gardens - 119.0 Burke Station
Camelot,Week2,Lee Graham,Week3,284.5 Lee Graham - 117.5 Camelot
Burke Station,Week5,Brandywine,Week3,242.0 Brandywine - 154.0 Burke Station
Burke Station,Week1,Vienna Woods,Week2,326.0 Vienna Woods - 49.0 Burke Station
Burke Station,Week1,Kings Ridge ,Week1,198.0 Burke Station - 180.0 Kings Ridge
Burke Station,Week4,Bren Mar-Edsall Park,Week4,268.0 Burke Station - 124.0 Bren Mar-Edsall Park
Burke Station,Week1,Brookfield ,Week5,229.0 Brookfield - 150.0 Burke Station
Burke Station,Week1,Virginia Run,Week1,279.0 Virginia Run - 100.0 Burke Station
Camelot,Week3,Overlee,Week4,364.0 Overlee - 38.0 Camelot
Burke Station,Week3,Virginia Hills,Week1,269.0 Burke Station - 123.0 Virginia Hills
Camelot,Week3,Overlee,Week5,355.0 Overlee - 47.0 Camelot
Camelot,Week2,Lincolnia Park,Week3,222.0 Camelot - 170.0 Lincolnia Park
Burke Station,Week3,Virginia Hills,Week3,265.0 Burke Station - 131.0 Virginia Hills
Camelot,Week3,Lee Graham,Week2,286.0 Lee Graham - 116.0 Camelot
Camelot,Week3,Lee Graham,Week5,295.0 Lee Graham - 107.0 Camelot
Camelot,Week1,Parklawn,Week4,233.0 Camelot - 168.0 Parklawn
Burke Station,Week5,Vienna Aquatic,Week5,333.0 Vienna Aquatic - 69.0 Burke Station
Camelot,Week5,Overlee,Week2,336.0 Overlee - 66.0 Camelot
Burke Station,Week5,Vienna Aquatic,Week4,322.0 Vienna Aquatic - 75.0 Burke Station
Burke Station,Week4,Kent Gardens,Week2,267.0 Kent Gardens - 134.0 Burke Station
Camelot,Week1,Parklawn,Week2,232.0 Camelot - 169.0 Parklawn
Burke Station,Week5,Kent Gardens,Week3,238.0 Kent Gardens - 163.0 Burke Station
Burke Station,Week2,Brookfield ,Week2,282.0 Brookfield - 119.0 Burke Station
Burke Station,Week1,Vienna Woods,Week3,324.0 Vienna Woods - 54.0 Burke Station
Burke Station,Week1,Brookfield ,Week3,223.0 Brookfield - 151.0 Burke Station
Burke Station,Week2,Village West,Week4,227.0 Village West - 166.0 Burke Station
Camelot,Week2,Lee Graham,Week1,271.0 Lee Graham - 131.0 Camelot
Burke Station,Week4,Virginia Hills,Week5,235.0 Burke Station - 166.0 Virginia Hills
Burke Station,Week1,Kings Ridge ,Week2,196.0 Burke Station - 183.0 Kings Ridge
Camelot,Week2,Parliament,Week4,218.0 Parliament - 184.0 Camelot
Burke Station,Week1,Kings Ridge ,Week4,207.0 Kings Ridge - 172.0 Burke Station
Camelot,Week4,Overlee,Week2,341.0 Overlee - 61.0 Camelot
Burke Station,Week2,Virginia Hills,Week2,264.0 Burke Station - 130.0 Virginia Hills
Burke Station,Week1,Vienna Woods,Week5,336.0 Vienna Woods - 42.0 Burke Station
Burke Station,Week4,Virginia Hills,Week1,243.0 Burke Station - 158.0 Virginia Hills
Camelot,Week3,Lee Graham,Week1,290.0 Lee Graham - 112.0 Camelot
Burke Station,Week5,Bren Mar-Edsall Park,Week1,309.0 Burke Station - 92.0 Bren Mar-Edsall Park
Burke Station,Week5,Brookfield ,Week4,262.0 Brookfield - 140.0 Burke Station
Burke Station,Week2,Vienna Woods,Week4,360.0 Vienna Woods - 36.0 Burke Station
Camelot,Week2,Lee Graham,Week5,281.0 Lee Graham - 121.0 Camelot
Camelot,Week4,Lee Graham,Week5,291.0 Lee Graham - 111.0 Camelot
Burke Station,Week4,Kent Gardens,Week3,263.0 Kent Gardens - 138.0 Burke Station
Burke Station,Week4,Virginia Hills,Week3,250.0 Burke Station - 152.0 Virginia Hills
Camelot,Week5,Parklawn,Week4,240.0 Camelot - 162.0 Parklawn
Camelot,Week1,Lincolnia Park,Week5,225.0 Camelot - 164.0 Lincolnia Park
Burke Station,Week3,Virginia Run,Week4,303.0 Virginia Run - 93.0 Burke Station
Burke Station,Week3,Kent Gardens,Week4,250.0 Kent Gardens - 146.0 Burke Station
Burke Station,Week5,Kent Gardens,Week1,244.0 Kent Gardens - 157.0 Burke Station
Burke Station,Week2,Vienna Woods,Week2,369.0 Vienna Woods - 29.0 Burke Station
Camelot,Week1,Parliament,Week5,217.0 Parliament - 181.0 Camelot
Burke Station,Week3,Vienna Woods,Week1,339.0 Vienna Woods - 58.0 Burke Station
Camelot,Week3,Lee Graham,Week4,288.0 Lee Graham - 114.0 Camelot
Camelot,Week1,Parklawn,Week3,248.0 Camelot - 153.0 Parklawn
Camelot,Week1,Lincolnia Park,Week4,258.0 Camelot - 142.0 Lincolnia Park
Camelot,Week1,Parliament,Week3,214.0 Parliament - 188.0 Camelot
Burke Station,Week3,Bren Mar-Edsall Park,Week5,281.0 Burke Station - 105.0 Bren Mar-Edsall Park
Burke Station,Week4,Brookfield ,Week5,267.0 Brookfield - 135.0 Burke Station
Burke Station,Week3,Kent Gardens,Week2,238.0 Kent Gardens - 154.0 Burke Station
Burke Station,Week3,Vienna Aquatic,Week5,327.0 Vienna Aquatic - 69.0 Burke Station
Burke Station,Week2,Vienna Woods,Week3,375.0 Vienna Woods - 26.0 Burke Station
Burke Station,Week4,Bren Mar-Edsall Park,Week1,288.0 Burke Station - 108.0 Bren Mar-Edsall Park
Burke Station,Week2,Virginia Hills,Week3,256.0 Burke Station - 145.0 Virginia Hills
Burke Station,Week1,Brookfield ,Week4,234.0 Brookfield - 145.0 Burke Station
Camelot,Week4,Lee Graham,Week3,295.5 Lee Graham - 106.5 Camelot
Burke Station,Week2,Kings Ridge ,Week2,215.0 Kings Ridge - 186.0 Burke Station
Camelot,Week2,Lincolnia Park,Week1,255.0 Camelot - 146.0 Lincolnia Park
Burke Station,Week2,Kings Ridge ,Week1,229.0 Kings Ridge - 172.0 Burke Station
Burke Station,Week1,Brookfield ,Week1,243.0 Brookfield - 136.0 Burke Station
Camelot,Week2,Lee Graham,Week4,272.0 Lee Graham - 130.0 Camelot
Burke Station,Week4,Virginia Hills,Week4,251.0 Burke Station - 151.0 Virginia Hills
Burke Station,Week3,Vienna Woods,Week5,368.0 Vienna Woods - 29.0 Burke Station
Burke Station,Week4,Vienna Woods,Week1,341.0 Vienna Woods - 61.0 Burke Station
Burke Station,Week3,Vienna Woods,Week2,344.0 Vienna Woods - 52.0 Burke Station
Burke Station,Week1,Kings Ridge ,Week5,207.0 Kings Ridge - 172.0 Burke Station
Camelot,Week1,Parliament,Week1,214.0 Parliament - 184.0 Camelot
Burke Station,Week3,Bren Mar-Edsall Park,Week4,289.0 Burke Station - 100.0 Bren Mar-Edsall Park
Burke Station,Week2,Brookfield ,Week1,292.0 Brookfield - 110.0 Burke Station
Camelot,Week5,Parklawn,Week3,262.0 Camelot - 140.0 Parklawn
Camelot,Week2,Lincolnia Park,Week2,251.0 Camelot - 139.0 Lincolnia Park
Burke Station,Week5,Brookfield ,Week2,239.0 Brookfield - 163.0 Burke Station
Burke Station,Week3,Kent Gardens,Week5,262.0 Kent Gardens - 134.0 Burke Station
Burke Station,Week4,Brookfield ,Week4,282.0 Brookfield - 120.0 Burke Station
Camelot,Week4,Parliament,Week2,206.0 Camelot - 196.0 Parliament
Burke Station,Week2,Virginia Hills,Week1,262.0 Burke Station - 135.0 Virginia Hills
Camelot,Week5,Lee Graham,Week1,290.0 Lee Graham - 112.0 Camelot
Burke Station,Week5,Bren Mar-Edsall Park,Week4,302.0 Burke Station - 93.0 Bren Mar-Edsall Park
Burke Station,Week3,Virginia Run,Week1,310.0 Virginia Run - 87.0 Burke Station
Burke Station,Week5,Virginia Hills,Week2,285.0 Burke Station - 115.0 Virginia Hills
Burke Station,Week5,Kent Gardens,Week2,237.0 Kent Gardens - 164.0 Burke Station
Camelot,Week4,Parklawn,Week4,229.0 Camelot - 172.0 Parklawn
Burke Station,Week5,Virginia Hills,Week3,277.0 Burke Station - 125.0 Virginia Hills
Burke Station,Week3,Vienna Woods,Week4,338.0 Vienna Woods - 54.0 Burke Station
Burke Station,Week3,Vienna Woods,Week3,359.0 Vienna Woods - 38.0 Burke Station
Burke Station,Week2,Virginia Run,Week4,317.5 Virginia Run - 84.5 Burke Station
Camelot,Week5,Parklawn,Week5,237.0 Camelot - 165.0 Parklawn
Camelot,Week4,Lee Graham,Week4,282.5 Lee Graham - 119.5 Camelot
Camelot,Week4,Parklawn,Week2,241.0 Camelot - 160.0 Parklawn
Burke Station,Week2,Vienna Woods,Week5,376.0 Vienna Woods - 25.0 Burke Station
Burke Station,Week2,Virginia Run,Week5,319.0 Virginia Run - 83.0 Burke Station
Burke Station,Week2,Lake Braddock,Week3,200.0 Burke Station - 199.0 Lake Braddock
Camelot,Week3,Lee Graham,Week3,304.0 Lee Graham - 98.0 Camelot
Burke Station,Week1,Virginia Run,Week3,267.0 Virginia Run - 112.0 Burke Station
Camelot,Week5,Lee Graham,Week3,297.0 Lee Graham - 105.0 Camelot
Burke Station,Week2,Brookfield ,Week5,281.0 Brookfield - 121.0 Burke Station
Burke Station,Week4,Kings Ridge ,Week5,247.0 Kings Ridge - 155.0 Burke Station
Burke Station,Week4,Kings Ridge ,Week3,236.0 Kings Ridge - 165.0 Burke Station
Camelot,Week3,Parklawn,Week5,226.0 Camelot - 172.0 Parklawn
Camelot,Week2,Lee Graham,Week2,274.0 Lee Graham - 128.0 Camelot
Burke Station,Week3,Virginia Hills,Week5,259.0 Burke Station - 137.0 Virginia Hills
Camelot,Week5,Lee Graham,Week5,296.0 Lee Graham - 106.0 Camelot
Camelot,Week5,Parklawn,Week2,250.0 Camelot - 152.0 Parklawn
Burke Station,Week2,Virginia Hills,Week5,241.0 Burke Station - 160.0 Virginia Hills
Camelot,Week1,Lee Graham,Week5,298.5 Lee Graham - 103.5 Camelot
Camelot,Week2,Parliament,Week1,227.0 Parliament - 175.0 Camelot
Burke Station,Week3,Brookfield ,Week5,243.0 Brookfield - 154.0 Burke Station
Burke Station,Week2,Lake Braddock,Week2,205.0 Burke Station - 195.0 Lake Braddock
Camelot,Week3,Parklawn,Week1,249.0 Camelot - 144.0 Parklawn
Burke Station,Week5,Virginia Hills,Week4,275.0 Burke Station - 126.0 Virginia Hills
Burke Station,Week4,Kent Gardens,Week1,268.0 Kent Gardens - 133.0 Burke Station
Camelot,Week5,Parklawn,Week1,260.0 Camelot - 133.0 Parklawn
Burke Station,Week2,Kings Ridge ,Week5,235.0 Kings Ridge - 167.0 Burke Station
Burke Station,Week1,Brookfield ,Week2,219.5 Brookfield - 158.5 Burke Station
Burke Station,Week3,Brookfield ,Week4,248.0 Brookfield - 148.0 Burke Station
Burke Station,Week5,Bren Mar-Edsall Park,Week3,305.0 Burke Station - 97.0 Bren Mar-Edsall Park
Burke Station,Week3,Virginia Hills,Week2,280.0 Burke Station - 111.0 Virginia Hills
Burke Station,Week4,Bren Mar-Edsall Park,Week2,299.0 Burke Station - 93.0 Bren Mar-Edsall Park
Camelot,Week2,Parklawn,Week4,238.0 Camelot - 159.0 Parklawn
Burke Station,Week1,Lake Braddock,Week1,198.0 Burke Station - 180.0 Lake Braddock
Camelot,Week3,Parliament,Week5,223.0 Parliament - 179.0 Camelot
Burke Station,Week3,Kings Ridge ,Week4,203.0 Kings Ridge - 193.0 Burke Station
Burke Station,Week3,Virginia Hills,Week4,262.0 Burke Station - 133.0 Virginia Hills
Camelot,Week4,Parklawn,Week1,255.0 Camelot - 138.0 Parklawn
Burke Station,Week5,Kings Ridge ,Week5,203.0 Kings Ridge - 199.0 Burke Station
Burke Station,Week5,Virginia Hills,Week1,282.0 Burke Station - 118.0 Virginia Hills
Burke Station,Week4,Bren Mar-Edsall Park,Week3,270.0 Burke Station - 131.0 Bren Mar-Edsall Park
Burke Station,Week2,Virginia Hills,Week4,250.0 Burke Station - 148.0 Virginia Hills
Burke Station,Week3,Kings Ridge ,Week5,203.0 Kings Ridge - 194.0 Burke Station
Burke Station,Week3,Brookfield ,Week1,262.0 Brookfield - 134.0 Burke Station
Camelot,Week1,Lincolnia Park,Week2,253.0 Camelot - 138.0 Lincolnia Park
Burke Station,Week4,Bren Mar-Edsall Park,Week5,272.0 Burke Station - 121.0 Bren Mar-Edsall Park
Burke Station,Week1,Lake Braddock,Week4,206.0 Burke Station - 172.0 Lake Braddock
Burke Station,Week4,Virginia Hills,Week2,259.0 Burke Station - 140.0 Virginia Hills
Camelot,Week1,Lincolnia Park,Week3,231.0 Camelot - 158.0 Lincolnia Park
Burke Station,Week5,Bren Mar-Edsall Park,Week2,317.0 Burke Station - 78.0 Bren Mar-Edsall Park
Burke Station,Week2,Brookfield ,Week4,285.0 Brookfield - 117.0 Burke Station
Burke Station,Week1,Virginia Run,Week4,274.0 Virginia Run - 105.0 Burke Station
Burke Station,Week5,Kings Ridge ,Week3,213.0 Burke Station - 188.0 Kings Ridge
Camelot,Week5,Lee Graham,Week2,291.0 Lee Graham - 111.0 Camelot
Burke Station,Week1,Virginia Run,Week2,264.0 Virginia Run - 115.0 Burke Station
Burke Station,Week2,Brookfield ,Week3,277.0 Brookfield - 121.0 Burke Station
Camelot,Week1,Parliament,Week4,213.0 Parliament - 188.0 Camelot
Camelot,Week2,Lincolnia Park,Week4,252.0 Camelot - 148.0 Lincolnia Park
Burke Station,Week2,Virginia Run,Week1,319.0 Virginia Run - 83.0 Burke Station
Burke Station,Week5,Lake Braddock,Week2,222.0 Burke Station - 180.0 Lake Braddock
Camelot,Week2,Parklawn,Week5,229.0 Camelot - 169.0 Parklawn
Burke Station,Week1,Lake Braddock,Week2,190.0 Burke Station - 188.0 Lake Braddock
Camelot,Week3,Lincolnia Park,Week2,254.0 Camelot - 137.0 Lincolnia Park
Camelot,Week3,Parklawn,Week3,241.0 Camelot - 157.0 Parklawn
Burke Station,Week5,Bren Mar-Edsall Park,Week5,301.0 Burke Station - 95.0 Bren Mar-Edsall Park
Camelot,Week2,Parliament,Week5,224.0 Parliament - 178.0 Camelot
Camelot,Week2,Lincolnia Park,Week5,228.0 Camelot - 163.0 Lincolnia Park
Camelot,Week4,Parklawn,Week5,227.0 Camelot - 174.0 Parklawn
Camelot,Week4,Lee Graham,Week1,290.0 Lee Graham - 112.0 Camelot
Burke Station,Week1,Virginia Run,Week5,284.0 Virginia Run - 95.0 Burke Station
Burke Station,Week5,Brookfield ,Week3,251.0 Brookfield - 151.0 Burke Station
Camelot,Week2,Little Hunting Park,Week3,214.0 Camelot - 188.0 Little Hunting Park
Burke Station,Week4,Brookfield ,Week3,270.0 Brookfield - 132.0 Burke Station
Burke Station,Week3,Virginia Run,Week3,287.0 Virginia Run - 110.0 Burke Station
Burke Station,Week3,Brookfield ,Week3,247.0 Brookfield - 149.0 Burke Station
Burke Station,Week4,Lake Braddock,Week2,205.0 Lake Braddock - 196.0 Burke Station
Burke Station,Week3,Virginia Run,Week2,282.0 Virginia Run - 115.0 Burke Station
Burke Station,Week5,Kings Ridge ,Week2,233.0 Burke Station - 169.0 Kings Ridge
Burke Station,Week4,Virginia Run,Week3,310.0 Virginia Run - 92.0 Burke Station
Burke Station,Week2,Virginia Run,Week2,303.0 Virginia Run - 99.0 Burke Station
Burke Station,Week4,Lake Braddock,Week4,204.0 Burke Station - 197.0 Lake Braddock
Burke Station,Week1,Lake Braddock,Week5,190.0 Lake Braddock - 188.0 Burke Station
Burke Station,Week3,Wakefield Chapel,Week2,345.0 Wakefield Chapel - 52.0 Burke Station
Burke Station,Week3,Brookfield ,Week2,241.0 Brookfield - 156.0 Burke Station
Camelot,Week3,Lincolnia Park,Week1,272.0 Camelot - 129.0 Lincolnia Park
Camelot,Week2,Parklawn,Week3,249.0 Camelot - 149.0 Parklawn
Burke Station,Week4,Lake Braddock,Week3,212.0 Lake Braddock - 188.0 Burke Station
Burke Station,Week2,Virginia Run,Week3,314.0 Virginia Run - 88.0 Burke Station
Burke Station,Week4,Lake Braddock,Week1,211.0 Lake Braddock - 190.0 Burke Station
Camelot,Week3,Lincolnia Park,Week3,227.0 Camelot - 165.0 Lincolnia Park
Camelot,Week3,Lincolnia Park,Week5,228.0 Camelot - 164.0 Lincolnia Park
Camelot,Week3,Parklawn,Week2,234.0 Camelot - 164.0 Parklawn
Burke Station,Week4,Brookfield ,Week1,285.0 Brookfield - 117.0 Burke Station
Camelot,Week1,Parliament,Week2,211.0 Parliament - 190.0 Camelot
Burke Station,Week4,Brookfield ,Week2,268.0 Brookfield - 134.0 Burke Station
Camelot,Week5,Lincolnia Park,Week4,275.0 Camelot - 126.0 Lincolnia Park
Camelot,Week2,Parliament,Week2,203.0 Parliament - 198.0 Camelot
Camelot,Week4,Parklawn,Week3,236.0 Camelot - 165.0 Parklawn
Camelot,Week5,Lincolnia Park,Week3,243.5 Camelot - 149.5 Lincolnia Park
Camelot,Week5,Lincolnia Park,Week5,249.0 Camelot - 144.0 Lincolnia Park
Camelot,Week3,Parklawn,Week4,231.0 Camelot - 167.0 Parklawn
Burke Station,Week1,Broyhill Crest,Week3,271.0 Burke Station - 104.0 Broyhill Crest
Camelot,Week3,Little Hunting Park,Week4,220.5 Camelot - 179.5 Little Hunting Park
Camelot,Week3,Parliament,Week2,208.5 Parliament - 192.5 Camelot
Burke Station,Week2,Wakefield Chapel,Week2,357.0 Wakefield Chapel - 44.0 Burke Station
Camelot,Week2,Parliament,Week3,212.0 Parliament - 190.0 Camelot
Camelot,Week4,Little Hunting Park,Week1,234.0 Camelot - 167.0 Little Hunting Park
Burke Station,Week4,Kings Ridge ,Week4,240.0 Kings Ridge - 162.0 Burke Station
Burke Station,Week4,Kings Ridge ,Week2,211.0 Kings Ridge - 190.0 Burke Station
Burke Station,Week2,Broyhill Crest,Week3,274.0 Burke Station - 115.0 Broyhill Crest
Burke Station,Week3,Lake Braddock,Week3,214.5 Burke Station - 182.5 Lake Braddock
Burke Station,Week1,Broyhill Crest,Week2,264.0 Burke Station - 114.0 Broyhill Crest
Burke Station,Week2,Broyhill Crest,Week2,281.0 Burke Station - 113.0 Broyhill Crest
Burke Station,Week5,Kings Ridge ,Week4,204.0 Kings Ridge - 198.0 Burke Station
Camelot,Week4,Parliament,Week1,214.0 Parliament - 187.0 Camelot
Burke Station,Week5,Virginia Run,Week1,304.0 Virginia Run - 98.0 Burke Station
Burke Station,Week5,Virginia Run,Week5,303.0 Virginia Run - 99.0 Burke Station
Camelot,Week3,Parliament,Week1,223.0 Parliament - 179.0 Camelot
Burke Station,Week1,Broyhill Crest,Week4,246.0 Burke Station - 131.0 Broyhill Crest
Burke Station,Week2,Lake Braddock,Week5,213.5 Lake Braddock - 186.5 Burke Station
Camelot,Week3,Parliament,Week4,211.0 Parliament - 191.0 Camelot
Camelot,Week4,Little Hunting Park,Week5,204.0 Camelot - 198.0 Little Hunting Park
Burke Station,Week2,Lake Braddock,Week1,217.0 Burke Station - 183.0 Lake Braddock
Burke Station,Week1,Wakefield Chapel,Week2,308.0 Wakefield Chapel - 70.0 Burke Station
Burke Station,Week2,Wakefield Chapel,Week4,348.0 Wakefield Chapel - 54.0 Burke Station
Camelot,Week3,Parliament,Week3,221.0 Parliament - 181.0 Camelot
Camelot,Week1,Little Hunting Park,Week5,211.0 Camelot - 190.0 Little Hunting Park
Camelot,Week5,Little Hunting Park,Week2,232.0 Camelot - 169.0 Little Hunting Park
Camelot,Week4,Little Hunting Park,Week2,226.0 Camelot - 176.0 Little Hunting Park
Burke Station,Week5,Brookfield ,Week1,259.0 Brookfield - 143.0 Burke Station
Camelot,Week4,Lincolnia Park,Week5,235.0 Camelot - 157.0 Lincolnia Park
Camelot,Week4,Lincolnia Park,Week3,239.0 Camelot - 153.0 Lincolnia Park
Camelot,Week5,Parliament,Week2,202.0 Parliament - 200.0 Camelot
Burke Station,Week1,Wakefield Chapel,Week3,322.0 Wakefield Chapel - 57.0 Burke Station
Burke Station,Week4,Kings Ridge ,Week1,231.0 Kings Ridge - 171.0 Burke Station
Camelot,Week1,Little Rocky Run,Week2,272.0 Little Rocky Run - 130.0 Camelot
Burke Station,Week1,Broyhill Crest,Week5,238.0 Burke Station - 137.0 Broyhill Crest
Camelot,Week1,Pinecrest,Week1,269.0 Pinecrest - 133.0 Camelot
Burke Station,Week5,Kings Ridge ,Week1,218.0 Burke Station - 184.0 Kings Ridge
Burke Station,Week2,Wakefield Chapel,Week5,362.0 Wakefield Chapel - 40.0 Burke Station
Camelot,Week5,Little Hunting Park,Week5,210.0 Camelot - 188.0 Little Hunting Park
Burke Station,Week1,Lake Braddock,Week3,192.0 Burke Station - 186.0 Lake Braddock
Burke Station,Week3,Wakefield Chapel,Week1,346.0 Wakefield Chapel - 51.0 Burke Station
Camelot,Week4,Pinecrest,Week2,303.0 Pinecrest - 99.0 Camelot
Burke Station,Week3,Lake Braddock,Week1,232.0 Burke Station - 161.0 Lake Braddock
Burke Station,Week3,Broyhill Crest,Week1,285.0 Burke Station - 102.0 Broyhill Crest
Burke Station,Week5,Virginia Run,Week2,275.0 Virginia Run - 127.0 Burke Station
Burke Station,Week2,Lake Braddock,Week4,205.0 Burke Station - 195.0 Lake Braddock
Camelot,Week3,Pinecrest,Week4,292.0 Pinecrest - 110.0 Camelot
Camelot,Week4,Pinecrest,Week4,301.0 Pinecrest - 101.0 Camelot
Burke Station,Week2,Broyhill Crest,Week5,240.0 Burke Station - 155.0 Broyhill Crest
Burke Station,Week5,Brookfield ,Week5,239.0 Brookfield - 163.0 Burke Station
Camelot,Week5,Lincolnia Park,Week2,265.0 Camelot - 126.0 Lincolnia Park
Camelot,Week4,Pinecrest,Week3,304.0 Pinecrest - 98.0 Camelot
Burke Station,Week3,Broyhill Crest,Week3,299.0 Burke Station - 90.0 Broyhill Crest
Burke Station,Week3,Broyhill Crest,Week2,288.0 Burke Station - 105.0 Broyhill Crest
Burke Station,Week3,Wakefield Chapel,Week4,337.0 Wakefield Chapel - 60.0 Burke Station
Burke Station,Week3,Lake Braddock,Week5,208.0 Burke Station - 187.0 Lake Braddock
Camelot,Week4,Parliament,Week4,206.0 Camelot - 196.0 Parliament
Camelot,Week2,Little Hunting Park,Week1,222.0 Camelot - 176.0 Little Hunting Park
Camelot,Week1,Pinecrest,Week4,285.0 Pinecrest - 117.0 Camelot
Burke Station,Week3,Lake Braddock,Week4,220.0 Burke Station - 177.0 Lake Braddock
Burke Station,Week3,Wakefield Chapel,Week5,355.0 Wakefield Chapel - 42.0 Burke Station
Burke Station,Week2,Broyhill Crest,Week1,247.0 Burke Station - 142.0 Broyhill Crest
Burke Station,Week2,Wakefield Chapel,Week3,358.0 Wakefield Chapel - 44.0 Burke Station
Burke Station,Week4,Virginia Run,Week1,322.0 Virginia Run - 80.0 Burke Station
Burke Station,Week2,Broyhill Crest,Week4,258.0 Burke Station - 136.0 Broyhill Crest
Burke Station,Week3,Lake Braddock,Week2,215.0 Burke Station - 180.0 Lake Braddock
Camelot,Week1,Little Hunting Park,Week1,223.0 Camelot - 178.0 Little Hunting Park
Camelot,Week1,Little Hunting Park,Week3,217.0 Camelot - 185.0 Little Hunting Park
Camelot,Week2,Little Hunting Park,Week2,215.0 Camelot - 186.0 Little Hunting Park
Burke Station,Week1,Lakevale Estates,Week3,265.0 Lakevale Estates - 114.0 Burke Station
Burke Station,Week3,Virginia Run,Week5,303.0 Virginia Run - 94.0 Burke Station
Burke Station,Week3,Lakevale Estates,Week1,301.0 Lakevale Estates - 96.0 Burke Station
Burke Station,Week5,Lake Braddock,Week5,213.0 Burke Station - 189.0 Lake Braddock
Burke Station,Week5,Lakevale Estates,Week5,316.0 Lakevale Estates - 86.0 Burke Station
Camelot,Week5,Parliament,Week4,203.0 Parliament - 199.0 Camelot
Camelot,Week3,Pinecrest,Week3,293.0 Pinecrest - 109.0 Camelot
Camelot,Week2,Pinecrest,Week4,271.0 Pinecrest - 131.0 Camelot
Camelot,Week1,Pinecrest,Week5,268.0 Pinecrest - 134.0 Camelot
Camelot,Week2,Little Hunting Park,Week4,224.0 Camelot - 177.0 Little Hunting Park
Camelot,Week4,Lincolnia Park,Week4,267.0 Camelot - 135.0 Lincolnia Park
Burke Station,Week4,Virginia Run,Week2,318.0 Virginia Run - 84.0 Burke Station
Camelot,Week5,Lincolnia Park,Week1,273.5 Camelot - 128.5 Lincolnia Park
Burke Station,Week1,Lakeview,Week1,209.0 Burke Station - 169.0 Lakeview
Burke Station,Week5,Virginia Run,Week3,284.0 Virginia Run - 118.0 Burke Station
Burke Station,Week1,Lakevale Estates,Week4,290.0 Lakevale Estates - 89.0 Burke Station
Camelot,Week1,Little Hunting Park,Week4,226.0 Camelot - 176.0 Little Hunting Park
Burke Station,Week1,Wakefield Chapel,Week4,314.0 Wakefield Chapel - 65.0 Burke Station
Burke Station,Week4,Wakefield Chapel,Week3,346.0 Wakefield Chapel - 56.0 Burke Station
Camelot,Week4,Pinecrest,Week1,280.0 Pinecrest - 122.0 Camelot
Burke Station,Week4,Lake Braddock,Week5,218.0 Lake Braddock - 183.0 Burke Station
Burke Station,Week1,Broyhill Crest,Week1,260.0 Burke Station - 115.0 Broyhill Crest
Burke Station,Week4,Virginia Run,Week4,328.0 Virginia Run - 74.0 Burke Station
Camelot,Week3,Pinecrest,Week5,277.0 Pinecrest - 124.0 Camelot
Camelot,Week4,Parliament,Week3,206.0 Camelot - 196.0 Parliament
Camelot,Week3,Lincolnia Park,Week4,266.0 Camelot - 134.0 Lincolnia Park
Burke Station,Week4,Wakefield Chapel,Week4,342.0 Wakefield Chapel - 60.0 Burke Station
Camelot,Week4,Lincolnia Park,Week2,266.0 Camelot - 127.0 Lincolnia Park
Burke Station,Week5,Virginia Run,Week4,293.0 Virginia Run - 109.0 Burke Station
Burke Station,Week5,Lake Braddock,Week1,227.0 Burke Station - 169.0 Lake Braddock
Camelot,Week5,Parliament,Week5,223.0 Parliament - 179.0 Camelot
Camelot,Week4,Pinecrest,Week5,289.0 Pinecrest - 113.0 Camelot
Camelot,Week3,Little Hunting Park,Week2,222.0 Camelot - 178.0 Little Hunting Park
Camelot,Week4,Lincolnia Park,Week1,279.0 Camelot - 122.0 Lincolnia Park
Camelot,Week1,Little Hunting Park,Week2,219.5 Camelot - 182.5 Little Hunting Park
Burke Station,Week5,Lake Braddock,Week3,221.0 Burke Station - 181.0 Lake Braddock
Camelot,Week3,Little Hunting Park,Week3,213.0 Camelot - 189.0 Little Hunting Park
Burke Station,Week4,Lakevale Estates,Week2,340.0 Lakevale Estates - 62.0 Burke Station
Camelot,Week1,Pinecrest,Week3,293.0 Pinecrest - 109.0 Camelot
Burke Station,Week4,Lakevale Estates,Week1,322.0 Lakevale Estates - 80.0 Burke Station
Burke Station,Week1,Wakefield Chapel,Week1,321.0 Wakefield Chapel - 58.0 Burke Station
Camelot,Week3,Pinecrest,Week1,273.0 Pinecrest - 129.0 Camelot
Burke Station,Week4,Virginia Run,Week5,334.0 Virginia Run - 68.0 Burke Station
Burke Station,Week1,Lakeview,Week2,212.0 Burke Station - 166.0 Lakeview
Camelot,Week3,Pinecrest,Week2,296.0 Pinecrest - 106.0 Camelot
Burke Station,Week2,Wakefield Chapel,Week1,359.0 Wakefield Chapel - 43.0 Burke Station
Camelot,Week5,Parliament,Week3,214.0 Parliament - 188.0 Camelot
Camelot,Week2,Little Hunting Park,Week5,203.0 Little Hunting Park - 198.0 Camelot
Burke Station,Week3,Lakevale Estates,Week4,334.0 Lakevale Estates - 63.0 Burke Station
Camelot,Week3,Little Hunting Park,Week1,227.0 Camelot - 171.0 Little Hunting Park
Camelot,Week3,Little Hunting Park,Week5,208.0 Little Hunting Park - 190.0 Camelot
Burke Station,Week3,Lakevale Estates,Week5,316.0 Lakevale Estates - 81.0 Burke Station
Burke Station,Week1,Wakefield Chapel,Week5,325.0 Wakefield Chapel - 54.0 Burke Station
Camelot,Week5,Pinecrest,Week1,260.0 Pinecrest - 142.0 Camelot
Burke Station,Week4,Wakefield Chapel,Week1,351.0 Wakefield Chapel - 51.0 Burke Station
Burke Station,Week3,Wakefield Chapel,Week3,347.0 Wakefield Chapel - 50.0 Burke Station
Burke Station,Week1,Lakevale Estates,Week5,294.0 Lakevale Estates - 85.0 Burke Station
Camelot,Week2,Pinecrest,Week2,286.0 Pinecrest - 116.0 Camelot
Burke Station,Week4,Wakefield Chapel,Week2,348.0 Wakefield Chapel - 54.0 Burke Station
Burke Station,Week4,Walden Glen,Week5,278.0 Walden Glen - 124.0 Burke Station
Burke Station,Week2,Walden Glen,Week3,250.0 Walden Glen - 150.0 Burke Station
Camelot,Week4,Parliament,Week5,212.0 Parliament - 189.0 Camelot
Burke Station,Week2,Lakevale Estates,Week2,317.0 Lakevale Estates - 85.0 Burke Station
Camelot,Week2,Little Rocky Run,Week3,275.0 Little Rocky Run - 127.0 Camelot
Camelot,Week1,Pinecrest,Week2,293.0 Pinecrest - 109.0 Camelot
Camelot,Week5,Little Hunting Park,Week1,235.0 Camelot - 167.0 Little Hunting Park
Burke Station,Week4,Lakevale Estates,Week3,329.0 Lakevale Estates - 68.0 Burke Station
Burke Station,Week4,Fair Oaks ,Week2,268.0 Fair Oaks - 134.0 Burke Station
Burke Station,Week5,Wakefield Chapel,Week2,331.0 Wakefield Chapel - 71.0 Burke Station
Burke Station,Week1,Walden Glen,Week2,205.0 Walden Glen - 169.0 Burke Station
Camelot,Week2,Pinecrest,Week5,265.0 Pinecrest - 136.0 Camelot
Burke Station,Week2,Walden Glen,Week1,234.0 Walden Glen - 158.0 Burke Station
Burke Station,Week5,Wakefield Chapel,Week1,341.0 Wakefield Chapel - 61.0 Burke Station
Burke Station,Week3,Walden Glen,Week5,247.0 Walden Glen - 149.0 Burke Station
Camelot,Week5,Little Hunting Park,Week4,222.0 Camelot - 179.0 Little Hunting Park
Burke Station,Week3,Walden Glen,Week3,217.5 Walden Glen - 179.5 Burke Station
Camelot,Week4,Little Hunting Park,Week4,240.0 Camelot - 162.0 Little Hunting Park
Camelot,Week2,Pinecrest,Week3,285.0 Pinecrest - 117.0 Camelot
Camelot,Week5,Little Hunting Park,Week3,231.0 Camelot - 171.0 Little Hunting Park
Burke Station,Week4,Lakevale Estates,Week5,340.0 Lakevale Estates - 62.0 Burke Station
Burke Station,Week1,Lakevale Estates,Week1,267.0 Lakevale Estates - 112.0 Burke Station
Burke Station,Week5,Lakevale Estates,Week3,299.0 Lakevale Estates - 98.0 Burke Station
Burke Station,Week5,Fair Oaks ,Week5,278.0 Fair Oaks - 124.0 Burke Station
Camelot,Week3,Little Rocky Run,Week2,276.0 Little Rocky Run - 126.0 Camelot
Camelot,Week5,Parliament,Week1,231.0 Parliament - 171.0 Camelot
Camelot,Week2,Pinecrest,Week1,270.0 Pinecrest - 132.0 Camelot
Burke Station,Week2,Lakevale Estates,Week1,315.0 Lakevale Estates - 87.0 Burke Station
Burke Station,Week4,Fair Oaks ,Week1,299.0 Fair Oaks - 103.0 Burke Station
Burke Station,Week1,Walden Glen,Week3,199.0 Walden Glen - 179.0 Burke Station
Burke Station,Week2,Lakevale Estates,Week3,321.0 Lakevale Estates - 76.0 Burke Station
Burke Station,Week5,Lake Braddock,Week4,234.0 Burke Station - 168.0 Lake Braddock
Camelot,Week2,Pinewood Lake,Week1,337.0 Camelot - 53.0 Pinewood Lake
Camelot,Week4,Little Hunting Park,Week3,226.0 Camelot - 176.0 Little Hunting Park
Camelot,Week4,Pinewood Lake,Week1,353.0 Camelot - 46.0 Pinewood Lake
Camelot,Week1,Little Rocky Run,Week1,273.0 Little Rocky Run - 129.0 Camelot
Burke Station,Week2,Lakevale Estates,Week4,332.0 Lakevale Estates - 70.0 Burke Station
Camelot,Week3,Little Rocky Run,Week3,286.0 Little Rocky Run - 116.0 Camelot
Camelot,Week1,Pinewood Lake,Week5,331.0 Camelot - 61.0 Pinewood Lake
Camelot,Week4,Little Rocky Run,Week5,301.0 Little Rocky Run - 101.0 Camelot
Camelot,Week2,Pinewood Lake,Week4,333.0 Camelot - 58.0 Pinewood Lake
Camelot,Week3,Pinewood Lake,Week2,334.0 Camelot - 66.0 Pinewood Lake
Burke Station,Week3,Fairfax,Week1,309.0 Fairfax - 88.0 Burke Station
Burke Station,Week5,Fair Oaks ,Week2,241.0 Fair Oaks - 161.0 Burke Station
Camelot,Week5,Pinewood Lake,Week4,349.0 Camelot - 50.0 Pinewood Lake
Camelot,Week4,Little Rocky Run,Week1,276.0 Little Rocky Run - 126.0 Camelot
Burke Station,Week3,Lakevale Estates,Week2,304.0 Lakevale Estates - 93.0 Burke Station
Camelot,Week1,Pleasant Valley,Week2,263.0 Camelot - 138.0 Pleasant Valley
Burke Station,Week3,Fairfax,Week4,308.0 Fairfax - 88.0 Burke Station
Burke Station,Week3,Walden Glen,Week1,192.5 Walden Glen - 190.5 Burke Station
Burke Station,Week4,Walden Glen,Week2,243.0 Walden Glen - 153.0 Burke Station
Camelot,Week2,Pinewood Lake,Week2,337.0 Camelot - 55.0 Pinewood Lake
Camelot,Week5,Little Rocky Run,Week3,284.0 Little Rocky Run - 118.0 Camelot
Burke Station,Week5,Wakefield Chapel,Week4,323.0 Wakefield Chapel - 79.0 Burke Station
Burke Station,Week3,Walden Glen,Week4,224.0 Walden Glen - 167.0 Burke Station
Camelot,Week2,Little Rocky Run,Week5,289.0 Little Rocky Run - 113.0 Camelot
Camelot,Week1,Little Rocky Run,Week3,285.0 Little Rocky Run - 117.0 Camelot
Burke Station,Week2,Lakevale Estates,Week5,326.0 Lakevale Estates - 76.0 Burke Station
Camelot,Week2,Little Rocky Run,Week2,251.0 Little Rocky Run - 151.0 Camelot
Burke Station,Week5,Wakefield Chapel,Week3,334.0 Wakefield Chapel - 63.0 Burke Station
Burke Station,Week3,Lakevale Estates,Week3,315.0 Lakevale Estates - 77.0 Burke Station
Burke Station,Week1,Walden Glen,Week1,208.0 Walden Glen - 170.0 Burke Station
Burke Station,Week2,Fairfax,Week5,343.0 Fairfax - 55.0 Burke Station
Burke Station,Week4,Fair Oaks ,Week3,290.0 Fair Oaks - 112.0 Burke Station
Burke Station,Week5,Lakevale Estates,Week2,295.0 Lakevale Estates - 107.0 Burke Station
Camelot,Week5,Pinecrest,Week5,270.0 Pinecrest - 132.0 Camelot
Burke Station,Week5,Fair Oaks ,Week1,265.5 Fair Oaks - 136.5 Burke Station
Camelot,Week2,Little Rocky Run,Week1,265.0 Little Rocky Run - 137.0 Camelot
Burke Station,Week1,Lakevale Estates,Week2,273.0 Lakevale Estates - 106.0 Burke Station
Burke Station,Week4,Wakefield Chapel,Week5,354.0 Wakefield Chapel - 48.0 Burke Station
Burke Station,Week5,Lakevale Estates,Week1,301.0 Lakevale Estates - 101.0 Burke Station
Burke Station,Week4,Fair Oaks ,Week4,285.0 Fair Oaks - 116.0 Burke Station
Burke Station,Week1,Fairfax,Week2,278.0 Fairfax - 101.0 Burke Station
Camelot,Week3,Pleasant Valley,Week1,267.0 Camelot - 130.0 Pleasant Valley
Burke Station,Week4,Fair Oaks ,Week5,296.0 Fair Oaks - 106.0 Burke Station
Camelot,Week4,Little Rocky Run,Week2,278.0 Little Rocky Run - 124.0 Camelot
Camelot,Week5,Little Rocky Run,Week4,276.0 Little Rocky Run - 126.0 Camelot
Burke Station,Week3,Lakeview,Week5,209.0 Burke Station - 175.0 Lakeview
Burke Station,Week5,Lakeview,Week1,232.0 Burke Station - 170.0 Lakeview
Camelot,Week5,Pinecrest,Week2,291.0 Pinecrest - 111.0 Camelot
Camelot,Week1,Long Branch,Week1,218.0 Camelot - 184.0 Long Branch
Burke Station,Week5,Lakevale Estates,Week4,318.0 Lakevale Estates - 84.0 Burke Station
Camelot,Week1,Little Rocky Run,Week4,285.0 Little Rocky Run - 117.0 Camelot
Burke Station,Week4,Walden Glen,Week3,240.5 Walden Glen - 160.5 Burke Station
Camelot,Week1,Pleasant Valley,Week1,260.0 Camelot - 141.0 Pleasant Valley
Burke Station,Week2,Lakeview,Week5,209.0 Lakeview - 183.0 Burke Station
Burke Station,Week4,Lakevale Estates,Week4,348.0 Lakevale Estates - 54.0 Burke Station
Burke Station,Week5,Fairfax,Week3,297.0 Fairfax - 105.0 Burke Station
Burke Station,Week2,Walden Glen,Week5,267.0 Walden Glen - 130.0 Burke Station
Burke Station,Week4,Walden Glen,Week4,240.0 Walden Glen - 157.0 Burke Station
Camelot,Week5,Little Rocky Run,Week5,294.0 Little Rocky Run - 108.0 Camelot
Burke Station,Week4,Lakeview,Week2,217.0 Burke Station - 184.0 Lakeview
Burke Station,Week1,Walden Glen,Week5,241.0 Walden Glen - 133.0 Burke Station
Burke Station,Week5,Wakefield Chapel,Week5,345.0 Wakefield Chapel - 57.0 Burke Station
Camelot,Week3,Pinewood Lake,Week4,342.0 Camelot - 56.0 Pinewood Lake
Camelot,Week2,Pleasant Valley,Week3,244.0 Camelot - 158.0 Pleasant Valley
Camelot,Week5,Pinewood Lake,Week5,341.0 Camelot - 58.0 Pinewood Lake
Burke Station,Week1,Fairfax Club Estates,Week2,188.0 Fairfax Club Estates - 187.0 Burke Station
Burke Station,Week3,Fairfax,Week2,309.0 Fairfax - 88.0 Burke Station
Camelot,Week3,Little Rocky Run,Week5,289.0 Little Rocky Run - 113.0 Camelot
Burke Station,Week2,Walden Glen,Week2,254.0 Walden Glen - 138.0 Burke Station
Camelot,Week4,Little Rocky Run,Week3,294.5 Little Rocky Run - 107.5 Camelot
Camelot,Week1,Long Branch,Week2,220.0 Camelot - 182.0 Long Branch
Burke Station,Week2,Lakeview,Week4,226.0 Lakeview - 176.0 Burke Station
Camelot,Week1,Pinewood Lake,Week1,345.0 Camelot - 47.0 Pinewood Lake
Burke Station,Week3,Walden Glen,Week2,224.0 Walden Glen - 166.0 Burke Station
Burke Station,Week4,Waynewood,Week3,316.0 Waynewood - 86.0 Burke Station
Burke Station,Week5,Fair Oaks ,Week3,270.0 Fair Oaks - 132.0 Burke Station
Burke Station,Week4,Walden Glen,Week1,223.0 Walden Glen - 170.0 Burke Station
Burke Station,Week1,Walden Glen,Week4,213.0 Walden Glen - 161.0 Burke Station
Burke Station,Week5,Lakeview,Week2,239.0 Burke Station - 162.0 Lakeview
Camelot,Week5,Pinecrest,Week4,288.0 Pinecrest - 114.0 Camelot
Camelot,Week1,Pinewood Lake,Week3,344.0 Camelot - 44.0 Pinewood Lake
Burke Station,Week1,Fairfax,Week5,299.0 Fairfax - 76.0 Burke Station
Camelot,Week1,Pinewood Lake,Week2,333.0 Camelot - 60.0 Pinewood Lake
Camelot,Week2,Pinewood Lake,Week3,337.0 Camelot - 51.0 Pinewood Lake
Burke Station,Week2,Waynewood,Week4,308.0 Waynewood - 93.0 Burke Station
Camelot,Week4,Little Rocky Run,Week4,279.0 Little Rocky Run - 123.0 Camelot
Burke Station,Week2,Walden Glen,Week4,255.0 Walden Glen - 137.0 Burke Station
Burke Station,Week3,Fair Oaks ,Week5,290.0 Fair Oaks - 106.0 Burke Station
Burke Station,Week4,Lakeview,Week5,197.0 Burke Station - 195.0 Lakeview
Burke Station,Week5,Walden Glen,Week1,213.0 Walden Glen - 180.0 Burke Station
Burke Station,Week3,Fair Oaks ,Week3,289.0 Fair Oaks - 108.0 Burke Station
Camelot,Week5,Little Rocky Run,Week1,259.0 Little Rocky Run - 143.0 Camelot
Burke Station,Week2,Lakeview,Week3,216.0 Lakeview - 185.0 Burke Station
Camelot,Week1,Pinewood Lake,Week4,334.0 Camelot - 58.0 Pinewood Lake
Burke Station,Week5,Lakeview,Week3,221.0 Burke Station - 181.0 Lakeview
Burke Station,Week3,Lakeview,Week1,222.0 Burke Station - 175.0 Lakeview
Burke Station,Week2,Fairfax,Week4,320.0 Fairfax - 78.0 Burke Station
Burke Station,Week3,Fair Oaks ,Week4,270.0 Fair Oaks - 126.0 Burke Station
Camelot,Week3,Pinewood Lake,Week3,337.0 Camelot - 62.0 Pinewood Lake
Burke Station,Week2,Fairfax,Week2,331.0 Fairfax - 71.0 Burke Station
Camelot,Week2,Little Rocky Run,Week4,274.0 Little Rocky Run - 128.0 Camelot
Camelot,Week3,Pinewood Lake,Week5,332.0 Camelot - 67.0 Pinewood Lake
Camelot,Week1,Little Rocky Run,Week5,297.0 Little Rocky Run - 105.0 Camelot
Burke Station,Week5,Lakeview,Week4,201.0 Burke Station - 201.0 Lakeview
Camelot,Week3,Little Rocky Run,Week4,281.0 Little Rocky Run - 121.0 Camelot
Burke Station,Week5,Lakeview,Week5,213.0 Burke Station - 179.0 Lakeview
Burke Station,Week3,Fairfax,Week3,306.0 Fairfax - 90.0 Burke Station
Burke Station,Week1,Woodley,Week3,192.0 Burke Station - 185.0 Woodley
Camelot,Week5,Pinewood Lake,Week1,354.0 Camelot - 44.0 Pinewood Lake
Camelot,Week5,Little Rocky Run,Week2,271.0 Little Rocky Run - 131.0 Camelot
Camelot,Week5,Pinecrest,Week3,298.0 Pinecrest - 104.0 Camelot
Burke Station,Week3,Lakeview,Week3,215.0 Burke Station - 182.0 Lakeview
Camelot,Week3,Long Branch,Week3,221.5 Camelot - 179.5 Long Branch
Burke Station,Week4,Fairfax,Week2,322.0 Fairfax - 80.0 Burke Station
Burke Station,Week1,Waynewood,Week4,271.0 Waynewood - 107.0 Burke Station
Burke Station,Week2,Waynewood,Week2,305.0 Waynewood - 96.0 Burke Station
Burke Station,Week1,Woodley,Week1,203.0 Burke Station - 176.0 Woodley
Camelot,Week4,Long Branch,Week2,215.0 Camelot - 187.0 Long Branch
Camelot,Week4,Pinewood Lake,Week4,348.0 Camelot - 48.0 Pinewood Lake
Burke Station,Week1,Fairfax,Week4,284.0 Fairfax - 91.0 Burke Station
Camelot,Week5,Long Branch,Week4,221.0 Camelot - 181.0 Long Branch
Burke Station,Week3,Waynewood,Week3,298.0 Waynewood - 99.0 Burke Station
Burke Station,Week2,Lakeview,Week2,207.0 Burke Station - 193.0 Lakeview
Burke Station,Week1,Lakeview,Week5,196.0 Burke Station - 174.0 Lakeview
Burke Station,Week4,Fairfax,Week3,314.0 Fairfax - 88.0 Burke Station
Camelot,Week3,Little Rocky Run,Week1,269.0 Little Rocky Run - 133.0 Camelot
Camelot,Week2,Mansion House,Week2,241.0 Mansion House - 160.0 Camelot
Camelot,Week2,Pinewood Lake,Week5,325.0 Camelot - 67.0 Pinewood Lake
Burke Station,Week2,Waynewood,Week1,301.0 Waynewood - 101.0 Burke Station
Camelot,Week4,Pinewood Lake,Week3,354.0 Camelot - 43.0 Pinewood Lake
Burke Station,Week4,Waynewood,Week1,298.0 Waynewood - 104.0 Burke Station
Burke Station,Week3,Lakeview,Week4,203.0 Lakeview - 194.0 Burke Station
Burke Station,Week5,Fair Oaks ,Week4,259.0 Fair Oaks - 143.0 Burke Station
Burke Station,Week2,Fairfax,Week3,324.0 Fairfax - 74.0 Burke Station
Burke Station,Week1,Lakeview,Week3,209.0 Burke Station - 169.0 Lakeview
Burke Station,Week3,Lakeview,Week2,223.0 Burke Station - 170.0 Lakeview
Camelot,Week3,Pinewood Lake,Week1,341.0 Camelot - 58.0 Pinewood Lake
Camelot,Week4,Long Branch,Week5,211.0 Camelot - 191.0 Long Branch
Burke Station,Week5,Fairfax,Week1,303.0 Fairfax - 99.0 Burke Station
Camelot,Week2,Mansion House,Week4,227.0 Mansion House - 175.0 Camelot
Camelot,Week1,Pleasant Valley,Week5,254.0 Camelot - 146.0 Pleasant Valley
Burke Station,Week2,Fairfax,Week1,321.0 Fairfax - 81.0 Burke Station
Camelot,Week3,Long Branch,Week5,205.0 Long Branch - 196.0 Camelot
Burke Station,Week1,Waynewood,Week1,249.0 Waynewood - 130.0 Burke Station
Burke Station,Week4,Lakeview,Week3,206.0 Burke Station - 196.0 Lakeview
Burke Station,Week4,Lakeview,Week1,211.0 Burke Station - 191.0 Lakeview
Burke Station,Week4,Lakeview,Week4,214.0 Lakeview - 188.0 Burke Station
Burke Station,Week4,Waynewood,Week2,301.5 Waynewood - 100.5 Burke Station
Burke Station,Week5,Walden Glen,Week3,217.0 Walden Glen - 185.0 Burke Station
Camelot,Week1,Pleasant Valley,Week4,267.0 Camelot - 132.0 Pleasant Valley
Camelot,Week3,Long Branch,Week1,210.0 Camelot - 191.0 Long Branch
Camelot,Week5,Pinewood Lake,Week2,349.0 Camelot - 50.0 Pinewood Lake
Burke Station,Week3,Waynewood,Week1,268.0 Waynewood - 129.0 Burke Station
Burke Station,Week1,Fairfax,Week1,282.5 Fairfax - 96.5 Burke Station
Burke Station,Week4,Fairfax,Week1,326.0 Fairfax - 76.0 Burke Station
Burke Station,Week1,Waynewood,Week5,283.0 Waynewood - 95.0 Burke Station
Camelot,Week4,Pinewood Lake,Week2,349.0 Camelot - 49.0 Pinewood Lake
Camelot,Week2,Long Branch,Week4,205.0 Camelot - 197.0 Long Branch
Camelot,Week2,Long Branch,Week5,204.0 Camelot - 197.0 Long Branch
Burke Station,Week1,Lakeview,Week4,192.0 Lakeview - 187.0 Burke Station
Burke Station,Week1,Fairfax,Week3,281.0 Fairfax - 94.0 Burke Station
Camelot,Week2,Long Branch,Week3,234.0 Camelot - 168.0 Long Branch
Burke Station,Week2,Lakeview,Week1,202.0 Burke Station - 199.0 Lakeview
Broyhill Crest,Week2,Tuckahoe,Week4,397.0 Tuckahoe - 5.0 Broyhill Crest
Camelot,Week4,Pinewood Lake,Week5,336.0 Camelot - 62.0 Pinewood Lake
Burke Station,Week3,Fairfax,Week5,327.0 Fairfax - 69.0 Burke Station
Camelot,Week5,Pinewood Lake,Week3,356.0 Camelot - 41.0 Pinewood Lake
Burke Station,Week4,Fairfax,Week4,318.0 Fairfax - 84.0 Burke Station
Camelot,Week3,Pleasant Valley,Week5,250.0 Camelot - 146.0 Pleasant Valley
Camelot,Week5,Long Branch,Week3,236.0 Camelot - 165.0 Long Branch
Burke Station,Week1,Waynewood,Week3,273.0 Waynewood - 106.0 Burke Station
Burke Station,Week5,Waynewood,Week3,296.0 Waynewood - 106.0 Burke Station
Burke Station,Week2,Waynewood,Week3,314.0 Waynewood - 88.0 Burke Station
Burke Station,Week4,Fairfax Club Estates,Week4,255.0 Fairfax Club Estates - 147.0 Burke Station
Camelot,Week5,Long Branch,Week2,229.0 Camelot - 173.0 Long Branch
Burke Station,Week5,Walden Glen,Week5,244.0 Walden Glen - 158.0 Burke Station
Burke Station,Week5,Fairfax,Week4,303.0 Fairfax - 99.0 Burke Station
Burke Station,Week5,Fairfax Club Estates,Week4,223.0 Fairfax Club Estates - 179.0 Burke Station
Camelot,Week3,Pleasant Valley,Week2,254.0 Camelot - 143.0 Pleasant Valley
Broyhill Crest,Week4,Tuckahoe,Week4,396.0 Tuckahoe - 6.0 Broyhill Crest
Camelot,Week3,Long Branch,Week2,204.0 Camelot - 197.0 Long Branch
Burke Station,Week5,Waynewood,Week2,274.0 Waynewood - 128.0 Burke Station
Burke Station,Week5,Fairfax,Week5,322.0 Fairfax - 80.0 Burke Station
Burke Station,Week5,Walden Glen,Week2,229.0 Walden Glen - 168.0 Burke Station
Burke Station,Week5,Walden Glen,Week4,227.0 Walden Glen - 165.0 Burke Station
Camelot,Week2,Pleasant Valley,Week5,263.0 Camelot - 135.0 Pleasant Valley
Camelot,Week2,Pleasant Valley,Week4,275.0 Camelot - 121.0 Pleasant Valley
Burke Station,Week1,Fairfax Club Estates,Week1,207.0 Fairfax Club Estates - 170.0 Burke Station
Broyhill Crest,Week5,Tuckahoe,Week1,391.0 Tuckahoe - 11.0 Broyhill Crest
Camelot,Week1,Mansion House,Week1,240.5 Mansion House - 161.5 Camelot
Camelot,Week2,Mansion House,Week1,247.5 Mansion House - 154.5 Camelot
Burke Station,Week4,Waynewood,Week5,322.0 Waynewood - 80.0 Burke Station
Burke Station,Week5,Fairfax,Week2,303.0 Fairfax - 99.0 Burke Station
Broyhill Crest,Week5,Tuckahoe,Week2,395.0 Tuckahoe - 7.0 Broyhill Crest
Broyhill Crest,Week3,Tuckahoe,Week5,397.0 Tuckahoe - 5.0 Broyhill Crest
Camelot,Week1,Pleasant Valley,Week3,243.0 Camelot - 159.0 Pleasant Valley
Camelot,Week2,Pleasant Valley,Week1,256.0 Camelot - 142.0 Pleasant Valley
Camelot,Week1,Long Branch,Week5,217.0 Camelot - 185.0 Long Branch
Broyhill Crest,Week4,Tuckahoe,Week3,393.0 Tuckahoe - 9.0 Broyhill Crest
Broyhill Crest,Week1,Tuckahoe,Week1,393.0 Tuckahoe - 9.0 Broyhill Crest
Camelot,Week5,Long Branch,Week5,217.0 Camelot - 185.0 Long Branch
Broyhill Crest,Week5,Truro,Week4,316.5 Truro - 84.5 Broyhill Crest
Broyhill Crest,Week4,Tuckahoe,Week5,398.0 Tuckahoe - 4.0 Broyhill Crest
Camelot,Week3,Pleasant Valley,Week4,265.0 Camelot - 128.0 Pleasant Valley
Camelot,Week2,Pleasant Valley,Week2,259.0 Camelot - 139.0 Pleasant Valley
Burke Station,Week4,Fairfax,Week5,330.0 Fairfax - 72.0 Burke Station
Burke Station,Week1,Fairfax Club Estates,Week3,199.0 Fairfax Club Estates - 175.0 Burke Station
Broyhill Crest,Week1,Tuckahoe,Week2,396.0 Tuckahoe - 6.0 Broyhill Crest
Broyhill Crest,Week1,Tuckahoe,Week3,392.0 Tuckahoe - 9.0 Broyhill Crest
Camelot,Week4,Pleasant Valley,Week4,273.0 Camelot - 128.0 Pleasant Valley
Camelot,Week1,Long Branch,Week4,213.0 Camelot - 189.0 Long Branch
Burke Station,Week1,Waynewood,Week2,250.0 Waynewood - 129.0 Burke Station
Camelot,Week4,Pleasant Valley,Week2,263.0 Camelot - 138.0 Pleasant Valley
Burke Station,Week1,Fairfax Club Estates,Week4,213.0 Fairfax Club Estates - 162.0 Burke Station
Burke Station,Week5,Fairfax Club Estates,Week1,213.0 Fairfax Club Estates - 189.0 Burke Station
Camelot,Week1,Long Branch,Week3,234.5 Camelot - 167.5 Long Branch
Burke Station,Week3,Waynewood,Week4,280.0 Waynewood - 117.0 Burke Station
Burke Station,Week4,Fairfax Club Estates,Week2,221.0 Fairfax Club Estates - 179.0 Burke Station
Camelot,Week2,Long Branch,Week1,216.0 Camelot - 185.0 Long Branch
Camelot,Week4,Pleasant Valley,Week3,244.0 Camelot - 158.0 Pleasant Valley
Burke Station,Week3,Fairfax Club Estates,Week2,204.0 Burke Station - 191.0 Fairfax Club Estates
Broyhill Crest,Week1,Tuckahoe,Week5,393.0 Tuckahoe - 9.0 Broyhill Crest
Camelot,Week4,Pleasant Valley,Week5,255.0 Camelot - 145.0 Pleasant Valley
Broyhill Crest,Week3,Tuckahoe,Week1,393.0 Tuckahoe - 9.0 Broyhill Crest
Burke Station,Week4,Waynewood,Week4,312.0 Waynewood - 90.0 Burke Station
Camelot,Week4,Long Branch,Week1,227.0 Camelot - 175.0 Long Branch
Burke Station,Week3,Waynewood,Week2,279.0 Waynewood - 117.0 Burke Station
Camelot,Week5,Pleasant Valley,Week1,266.0 Camelot - 135.0 Pleasant Valley
Camelot,Week4,Long Branch,Week3,234.0 Camelot - 168.0 Long Branch
Burke Station,Week3,Waynewood,Week5,308.0 Waynewood - 89.0 Burke Station
Camelot,Week2,Long Branch,Week2,219.0 Camelot - 182.0 Long Branch
Broyhill Crest,Week2,Tuckahoe,Week1,395.0 Tuckahoe - 7.0 Broyhill Crest
Burke Station,Week2,Waynewood,Week5,317.0 Waynewood - 84.0 Burke Station
Broyhill Crest,Week4,Woodley,Week2,286.0 Woodley - 116.0 Broyhill Crest
Broyhill Crest,Week3,Tuckahoe,Week4,397.0 Tuckahoe - 5.0 Broyhill Crest
Camelot,Week5,Pleasant Valley,Week2,271.0 Camelot - 130.0 Pleasant Valley
Burke Station,Week4,Fairfax Club Estates,Week3,246.0 Fairfax Club Estates - 155.0 Burke Station
Burke Station,Week2,Fairfax Club Estates,Week2,223.0 Fairfax Club Estates - 174.0 Burke Station
Camelot,Week3,Long Branch,Week4,205.0 Long Branch - 197.0 Camelot
Burke Station,Week3,Fairfax Club Estates,Week1,215.0 Fairfax Club Estates - 182.0 Burke Station
Broyhill Crest,Week3,Tuckahoe,Week3,393.0 Tuckahoe - 9.0 Broyhill Crest
Broyhill Crest,Week1,Woodley,Week2,291.0 Woodley - 110.0 Broyhill Crest
Broyhill Crest,Week2,Tuckahoe,Week2,399.0 Tuckahoe - 3.0 Broyhill Crest
Burke Station,Week1,Woodley,Week4,189.0 Burke Station - 189.0 Woodley
Broyhill Crest,Week3,Woodley,Week2,303.0 Woodley - 98.0 Broyhill Crest
Burke Station,Week3,Fairfax Club Estates,Week3,200.0 Fairfax Club Estates - 196.0 Burke Station
Broyhill Crest,Week1,Woodley,Week3,292.0 Woodley - 109.0 Broyhill Crest
Burke Station,Week2,Fairfax Club Estates,Week1,240.0 Fairfax Club Estates - 159.0 Burke Station
Broyhill Crest,Week4,Tuckahoe,Week2,397.0 Tuckahoe - 5.0 Broyhill Crest
Broyhill Crest,Week2,Tuckahoe,Week5,397.0 Tuckahoe - 5.0 Broyhill Crest
Broyhill Crest,Week5,Woodley,Week2,257.0 Woodley - 144.0 Broyhill Crest
Burke Station,Week1,Woodley,Week2,197.0 Burke Station - 178.0 Woodley
Camelot,Week4,Long Branch,Week4,211.0 Camelot - 191.0 Long Branch
Burke Station,Week1,Fairfax Club Estates,Week5,205.0 Fairfax Club Estates - 165.0 Burke Station
Burke Station,Week5,Fairfax Club Estates,Week3,212.0 Fairfax Club Estates - 189.0 Burke Station
Camelot,Week5,Pleasant Valley,Week4,289.0 Camelot - 109.0 Pleasant Valley
Camelot,Week3,Pleasant Valley,Week3,240.0 Camelot - 161.0 Pleasant Valley
Burke Station,Week5,Waynewood,Week1,269.0 Waynewood - 133.0 Burke Station
Camelot,Week1,Mansion House,Week4,240.0 Mansion House - 162.0 Camelot
Camelot,Week1,Mansion House,Week2,243.0 Mansion House - 159.0 Camelot
Burke Station,Week5,Waynewood,Week5,301.5 Waynewood - 100.5 Burke Station
Camelot,Week5,Pleasant Valley,Week3,255.0 Camelot - 146.0 Pleasant Valley
Broyhill Crest,Week5,Truro,Week3,296.0 Truro - 106.0 Broyhill Crest
Broyhill Crest,Week5,Woodley,Week4,272.0 Woodley - 130.0 Broyhill Crest
Camelot,Week5,Long Branch,Week1,220.0 Camelot - 182.0 Long Branch
Camelot,Week1,Mansion House,Week3,253.0 Mansion House - 149.0 Camelot
Burke Station,Week5,Waynewood,Week4,279.0 Waynewood - 123.0 Burke Station
Camelot,Week4,Pleasant Valley,Week1,264.0 Camelot - 137.0 Pleasant Valley
Camelot,Week1,Mantua,Week2,236.0 Mantua - 165.0 Camelot
Broyhill Crest,Week4,Woodley,Week1,277.0 Woodley - 125.0 Broyhill Crest
Burke Station,Week2,Woodley,Week1,212.0 Woodley - 190.0 Burke Station
Broyhill Crest,Week1,Tuckahoe,Week4,397.0 Tuckahoe - 5.0 Broyhill Crest
Broyhill Crest,Week5,Truro,Week2,285.0 Truro - 111.0 Broyhill Crest
Camelot,Week2,Mantua,Week4,236.0 Mantua - 166.0 Camelot
Camelot,Week3,Mantua,Week2,245.0 Mantua - 157.0 Camelot
Burke Station,Week5,Woodley,Week3,230.0 Burke Station - 172.0 Woodley
Broyhill Crest,Week3,Tuckahoe,Week2,397.0 Tuckahoe - 5.0 Broyhill Crest
Broyhill Crest,Week5,Waynewood,Week5,376.0 Waynewood - 26.0 Broyhill Crest
Burke Station,Week3,Fairfax Club Estates,Week4,214.0 Fairfax Club Estates - 182.0 Burke Station
Broyhill Crest,Week5,Waynewood,Week2,362.0 Waynewood - 40.0 Broyhill Crest
Camelot,Week2,Annandale,Week1,243.0 Camelot - 159.0 Annandale
Camelot,Week3,Annandale,Week2,220.0 Camelot - 181.0 Annandale
Burke Station,Week3,Annandale,Week1,202.0 Annandale - 195.0 Burke Station
Camelot,Week3,Mansion House,Week5,271.0 Mansion House - 131.0 Camelot
Burke Station,Week5,Fairfax Club Estates,Week5,212.0 Fairfax Club Estates - 184.0 Burke Station
Burke Station,Week2,Woodley,Week2,216.0 Woodley - 182.0 Burke Station
Broyhill Crest,Week2,Woodley,Week5,309.0 Woodley - 93.0 Broyhill Crest
Broyhill Crest,Week3,Woodley,Week4,305.0 Woodley - 97.0 Broyhill Crest
Burke Station,Week2,Fairfax Club Estates,Week4,250.0 Fairfax Club Estates - 148.0 Burke Station
Broyhill Crest,Week5,Truro,Week5,290.0 Truro - 108.0 Broyhill Crest
Burke Station,Week4,Fairfax Club Estates,Week1,240.0 Fairfax Club Estates - 161.0 Burke Station
Camelot,Week1,Mansion House,Week5,253.0 Mansion House - 149.0 Camelot
Broyhill Crest,Week4,Tuckahoe,Week1,392.0 Tuckahoe - 10.0 Broyhill Crest
Burke Station,Week2,Fairfax Club Estates,Week3,231.0 Fairfax Club Estates - 165.0 Burke Station
Broyhill Crest,Week3,Woodley,Week1,288.0 Woodley - 114.0 Broyhill Crest
Burke Station,Week2,Fairfax Club Estates,Week5,237.0 Fairfax Club Estates - 156.0 Burke Station
Camelot,Week2,Mantua,Week5,271.0 Mantua - 131.0 Camelot
Broyhill Crest,Week2,Tuckahoe,Week3,393.0 Tuckahoe - 9.0 Broyhill Crest
Burke Station,Week3,Fairfax Club Estates,Week5,204.0 Fairfax Club Estates - 189.0 Burke Station
Camelot,Week2,Annandale,Week2,233.0 Camelot - 169.0 Annandale
Burke Station,Week1,Woodley,Week5,200.0 Burke Station - 175.0 Woodley
Burke Station,Week1,Fairfax Station,Week1,299.0 Fairfax Station - 79.0 Burke Station
Camelot,Week2,Mansion House,Week3,244.0 Mansion House - 158.0 Camelot
Broyhill Crest,Week5,Waynewood,Week4,360.5 Waynewood - 41.5 Broyhill Crest
Burke Station,Week2,Woodley,Week3,214.0 Woodley - 186.0 Burke Station
Broyhill Crest,Week3,Woodley,Week5,301.0 Woodley - 100.0 Broyhill Crest
Camelot,Week3,Mantua,Week4,261.0 Mantua - 141.0 Camelot
Burke Station,Week5,Woodley,Week4,228.0 Burke Station - 169.0 Woodley
Burke Station,Week5,Fairfax Club Estates,Week2,212.0 Burke Station - 190.0 Fairfax Club Estates
Broyhill Crest,Week2,Woodley,Week1,291.0 Woodley - 109.0 Broyhill Crest
Burke Station,Week2,Forest Hollow,Week2,291.0 Forest Hollow - 111.0 Burke Station
Broyhill Crest,Week3,Woodley,Week3,300.0 Woodley - 102.0 Broyhill Crest
Broyhill Crest,Week5,Woodley,Week5,274.0 Woodley - 127.0 Broyhill Crest
Burke Station,Week1,Annandale,Week3,195.0 Burke Station - 184.0 Annandale
Camelot,Week4,Mansion House,Week2,246.0 Mansion House - 156.0 Camelot
Broyhill Crest,Week1,Woodley,Week5,296.0 Woodley - 105.0 Broyhill Crest
Burke Station,Week4,Fairfax Club Estates,Week5,233.0 Fairfax Club Estates - 168.0 Burke Station
Camelot,Week2,Annandale,Week3,231.0 Camelot - 171.0 Annandale
Burke Station,Week1,Fairfax Station,Week3,305.0 Fairfax Station - 74.0 Burke Station
Camelot,Week1,Annandale,Week4,245.0 Camelot - 157.0 Annandale
Broyhill Crest,Week2,Woodley,Week2,296.0 Woodley - 105.0 Broyhill Crest
Camelot,Week3,Mansion House,Week2,262.0 Mansion House - 139.0 Camelot
Camelot,Week5,Mansion House,Week5,263.0 Mansion House - 139.0 Camelot
Camelot,Week1,Mantua,Week1,244.0 Mantua - 157.0 Camelot
Burke Station,Week3,Woodley,Week3,214.0 Burke Station - 183.0 Woodley
Broyhill Crest,Week2,Woodley,Week4,312.0 Woodley - 89.0 Broyhill Crest
Broyhill Crest,Week1,Woodley,Week1,277.0 Woodley - 124.0 Broyhill Crest
Burke Station,Week3,Fairfax Station,Week1,308.0 Fairfax Station - 89.0 Burke Station
Burke Station,Week5,Woodley,Week2,221.0 Burke Station - 181.0 Woodley
Camelot,Week2,Mantua,Week3,262.0 Mantua - 140.0 Camelot
Camelot,Week1,Mantua,Week3,272.0 Mantua - 130.0 Camelot
Burke Station,Week5,Fairfax Station,Week4,299.0 Fairfax Station - 103.0 Burke Station
Camelot,Week4,Mansion House,Week4,245.0 Mansion House - 157.0 Camelot
Burke Station,Week5,Woodley,Week1,232.0 Burke Station - 170.0 Woodley
Burke Station,Week1,Forest Hollow,Week3,275.5 Forest Hollow - 103.5 Burke Station
Burke Station,Week1,Forest Hollow,Week1,274.0 Forest Hollow - 105.0 Burke Station
Burke Station,Week3,Woodley,Week1,216.0 Burke Station - 181.0 Woodley
Burke Station,Week3,Woodley,Week5,219.0 Burke Station - 177.0 Woodley
Camelot,Week2,Mansion House,Week5,257.0 Mansion House - 145.0 Camelot
Broyhill Crest,Week5,Waynewood,Week3,374.0 Waynewood - 28.0 Broyhill Crest
Burke Station,Week1,Fairfax Station,Week5,303.0 Fairfax Station - 76.0 Burke Station
Burke Station,Week1,Fairfax Station,Week4,291.0 Fairfax Station - 88.0 Burke Station
Burke Station,Week2,Fairfax Station,Week3,332.0 Fairfax Station - 70.0 Burke Station
Burke Station,Week2,Fairfax Station,Week2,329.0 Fairfax Station - 72.0 Burke Station
Camelot,Week3,Annandale,Week1,240.0 Camelot - 162.0 Annandale
Broyhill Crest,Week4,Woodley,Week3,301.5 Woodley - 100.5 Broyhill Crest
Burke Station,Week2,Forest Hollow,Week1,306.0 Forest Hollow - 96.0 Burke Station
Camelot,Week2,Mantua,Week1,242.0 Mantua - 160.0 Camelot
Camelot,Week1,Annandale,Week1,248.0 Camelot - 154.0 Annandale
Burke Station,Week4,Woodley,Week1,209.0 Woodley - 193.0 Burke Station
Burke Station,Week4,Fairfax Station,Week4,312.0 Fairfax Station - 90.0 Burke Station
Camelot,Week4,Mansion House,Week5,260.0 Mansion House - 142.0 Camelot
Broyhill Crest,Week4,Woodley,Week5,279.0 Woodley - 123.0 Broyhill Crest
Camelot,Week1,Mantua,Week4,247.0 Mantua - 155.0 Camelot
Camelot,Week5,Mansion House,Week2,237.0 Mansion House - 165.0 Camelot
Burke Station,Week3,Fairfax Station,Week3,322.0 Fairfax Station - 75.0 Burke Station
Burke Station,Week2,Woodley,Week4,203.0 Woodley - 198.0 Burke Station
Camelot,Week2,Annandale,Week4,245.0 Camelot - 157.0 Annandale
Camelot,Week1,Mantua,Week5,263.0 Mantua - 139.0 Camelot
Burke Station,Week5,Woodley,Week5,218.0 Burke Station - 184.0 Woodley
Camelot,Week3,Mansion House,Week4,233.0 Mansion House - 169.0 Camelot
Broyhill Crest,Week2,Woodley,Week3,305.0 Woodley - 97.0 Broyhill Crest
Broyhill Crest,Week4,Woodley,Week4,280.0 Woodley - 122.0 Broyhill Crest
Broyhill Crest,Week1,Woodley,Week4,289.0 Woodley - 112.0 Broyhill Crest
Camelot,Week1,Annandale,Week2,241.0 Camelot - 161.0 Annandale
Broyhill Crest,Week5,Woodley,Week1,257.0 Woodley - 145.0 Broyhill Crest
Camelot,Week3,Mansion House,Week3,266.0 Mansion House - 136.0 Camelot
Burke Station,Week2,Woodley,Week5,208.5 Woodley - 189.5 Burke Station
Burke Station,Week4,Fairfax Station,Week5,326.0 Fairfax Station - 76.0 Burke Station
Camelot,Week1,Annandale,Week3,230.0 Camelot - 172.0 Annandale
Burke Station,Week1,Annandale,Week4,194.0 Burke Station - 184.0 Annandale
Camelot,Week1,Annandale,Week5,225.0 Camelot - 177.0 Annandale
Camelot,Week5,Mansion House,Week4,227.0 Mansion House - 175.0 Camelot
Camelot,Week3,Mansion House,Week1,264.0 Mansion House - 138.0 Camelot
Burke Station,Week5,Fairfax Station,Week1,301.0 Fairfax Station - 101.0 Burke Station
Burke Station,Week2,Fairfax Station,Week4,320.0 Fairfax Station - 82.0 Burke Station
Burke Station,Week1,Annandale,Week5,204.0 Annandale - 175.0 Burke Station
Burke Station,Week4,Fairfax Station,Week1,316.0 Fairfax Station - 86.0 Burke Station
Burke Station,Week3,Woodley,Week4,215.0 Burke Station - 181.0 Woodley
Burke Station,Week4,Woodley,Week3,213.0 Woodley - 189.0 Burke Station
Camelot,Week3,Mantua,Week1,261.0 Mantua - 140.0 Camelot
Camelot,Week3,Mantua,Week5,272.0 Mantua - 130.0 Camelot
Burke Station,Week5,Fairfax Station,Week2,303.0 Fairfax Station - 94.0 Burke Station
Broyhill Crest,Week5,Woodley,Week3,278.0 Woodley - 124.0 Broyhill Crest
Camelot,Week4,Mansion House,Week3,260.0 Mansion House - 142.0 Camelot
Burke Station,Week3,Fairfax Station,Week2,322.0 Fairfax Station - 74.0 Burke Station
Burke Station,Week4,Fairfax Station,Week3,332.0 Fairfax Station - 70.0 Burke Station
Camelot,Week2,Mantua,Week2,244.0 Mantua - 158.0 Camelot
Burke Station,Week2,Annandale,Week1,214.0 Annandale - 186.0 Burke Station
Burke Station,Week5,Fairfax Station,Week3,318.0 Fairfax Station - 84.0 Burke Station
Camelot,Week4,Mansion House,Week1,246.0 Mansion House - 156.0 Camelot
Burke Station,Week4,Woodley,Week5,203.0 Burke Station - 199.0 Woodley
Burke Station,Week1,Annandale,Week1,195.0 Burke Station - 183.0 Annandale
Burke Station,Week4,Woodley,Week4,213.0 Woodley - 189.0 Burke Station
Camelot,Week5,Mansion House,Week1,256.0 Mansion House - 146.0 Camelot
Burke Station,Week4,Woodley,Week2,204.0 Woodley - 198.0 Burke Station
Burke Station,Week3,Fairfax Station,Week4,300.0 Fairfax Station - 97.0 Burke Station
Burke Station,Week2,Annandale,Week4,212.0 Annandale - 188.0 Burke Station
Camelot,Week2,Annandale,Week5,231.0 Camelot - 171.0 Annandale
Burke Station,Week2,Annandale,Week2,241.0 Annandale - 159.0 Burke Station
Camelot,Week5,Mansion House,Week3,256.0 Mansion House - 146.0 Camelot
Burke Station,Week3,Fairfax Station,Week5,320.0 Fairfax Station - 77.0 Burke Station
Burke Station,Week2,Annandale,Week5,239.0 Annandale - 163.0 Burke Station
Burke Station,Week2,Annandale,Week3,222.0 Annandale - 175.0 Burke Station
Burke Station,Week3,Woodley,Week2,219.0 Burke Station - 176.0 Woodley
Burke Station,Week1,Annandale,Week2,191.0 Annandale - 187.0 Burke Station
Camelot,Week3,Mantua,Week3,279.0 Mantua - 123.0 Camelot
Camelot,Week2,McLean,Week3,290.0 McLean - 112.0 Camelot
Burke Station,Week3,Annandale,Week4,204.0 Burke Station - 191.0 Annandale
Burke Station,Week4,Annandale,Week3,224.0 Annandale - 173.0 Burke Station
Camelot,Week5,Mantua,Week5,271.0 Mantua - 131.0 Camelot
Camelot,Week4,Mantua,Week1,246.5 Mantua - 155.5 Camelot
Burke Station,Week4,Fairfax Station,Week2,320.0 Fairfax Station - 82.0 Burke Station
Burke Station,Week2,Fairfax Station,Week1,319.0 Fairfax Station - 82.0 Burke Station
Burke Station,Week3,Annandale,Week2,207.0 Annandale - 190.0 Burke Station
Camelot,Week5,Mantua,Week4,253.0 Mantua - 149.0 Camelot
Camelot,Week4,Arlington Forest,Week1,240.0 Arlington Forest - 162.0 Camelot
Camelot,Week1,Arlington Forest,Week1,228.0 Arlington Forest - 174.0 Camelot
Burke Station,Week2,Fairfax Station,Week5,341.0 Fairfax Station - 61.0 Burke Station
Burke Station,Week1,Forest Hollow,Week2,259.0 Forest Hollow - 120.0 Burke Station
Burke Station,Week1,Fairfax Station,Week2,305.0 Fairfax Station - 73.0 Burke Station
Camelot,Week3,Arlington Forest,Week5,256.0 Arlington Forest - 146.0 Camelot
Camelot,Week4,McLean,Week4,286.0 McLean - 116.0 Camelot
Camelot,Week1,McLean,Week5,302.0 McLean - 100.0 Camelot
Camelot,Week4,Annandale,Week2,235.0 Camelot - 167.0 Annandale
Burke Station,Week1,Forest Hollow,Week4,278.0 Forest Hollow - 100.0 Burke Station
Burke Station,Week4,Annandale,Week2,230.0 Annandale - 171.0 Burke Station
Camelot,Week5,Mantua,Week1,249.0 Mantua - 152.0 Camelot
Burke Station,Week1,Forest Hollow,Week5,275.0 Forest Hollow - 103.0 Burke Station
Camelot,Week5,Annandale,Week1,255.0 Camelot - 147.0 Annandale
Camelot,Week5,Annandale,Week3,231.0 Camelot - 171.0 Annandale
Burke Station,Week3,Annandale,Week5,207.0 Annandale - 189.0 Burke Station
Camelot,Week1,Arlington Forest,Week4,243.0 Arlington Forest - 159.0 Camelot
Camelot,Week4,McLean,Week5,307.0 McLean - 95.0 Camelot
Burke Station,Week4,Annandale,Week4,207.0 Annandale - 194.0 Burke Station
Camelot,Week4,Annandale,Week5,219.0 Camelot - 183.0 Annandale
Burke Station,Week3,Annandale,Week3,197.0 Annandale - 195.0 Burke Station
Burke Station,Week5,Fairfax Station,Week5,314.0 Fairfax Station - 88.0 Burke Station
Burke Station,Week4,Annandale,Week1,203.0 Burke Station - 198.0 Annandale
Camelot,Week4,Mantua,Week4,260.0 Mantua - 142.0 Camelot
Burke Station,Week5,Annandale,Week2,202.0 Annandale - 200.0 Burke Station
Camelot,Week1,McLean,Week4,282.0 McLean - 120.0 Camelot
Burke Station,Week4,Annandale,Week5,224.0 Annandale - 178.0 Burke Station
Burke Station,Week2,Forest Hollow,Week3,305.0 Forest Hollow - 97.0 Burke Station
Burke Station,Week5,Annandale,Week4,209.5 Burke Station - 191.5 Annandale
Camelot,Week5,Annandale,Week5,233.0 Camelot - 169.0 Annandale
Camelot,Week1,McLean,Week2,299.0 McLean - 103.0 Camelot
Camelot,Week1,Arlington Forest,Week2,225.0 Arlington Forest - 177.0 Camelot
Burke Station,Week5,Annandale,Week3,212.0 Burke Station - 185.0 Annandale
Camelot,Week5,Arlington Forest,Week2,220.0 Arlington Forest - 182.0 Camelot
Burke Station,Week4,Forest Hollow,Week2,282.0 Forest Hollow - 120.0 Burke Station
Camelot,Week2,Arlington Forest,Week3,210.0 Arlington Forest - 191.0 Camelot
Camelot,Week2,Arlington Forest,Week4,236.0 Arlington Forest - 166.0 Camelot
Camelot,Week2,McLean,Week1,275.0 McLean - 127.0 Camelot
Camelot,Week4,Annandale,Week3,221.0 Camelot - 181.0 Annandale
Camelot,Week3,McLean,Week3,295.0 McLean - 106.0 Camelot
Burke Station,Week4,Forest Hollow,Week5,303.0 Forest Hollow - 99.0 Burke Station
Camelot,Week3,Annandale,Week5,225.0 Camelot - 177.0 Annandale
Camelot,Week1,McLean,Week3,299.0 McLean - 103.0 Camelot
Camelot,Week5,Annandale,Week4,252.0 Camelot - 149.0 Annandale
Camelot,Week3,McLean,Week2,300.0 McLean - 102.0 Camelot
Burke Station,Week4,Forest Hollow,Week4,307.0 Forest Hollow - 95.0 Burke Station
Burke Station,Week2,Fox Hunt,Week3,284.0 Fox Hunt - 117.0 Burke Station
Burke Station,Week3,Fox Hunt,Week3,281.0 Fox Hunt - 116.0 Burke Station
Burke Station,Week5,Annandale,Week1,208.0 Burke Station - 194.0 Annandale
Camelot,Week5,Mantua,Week2,243.0 Mantua - 159.0 Camelot
Burke Station,Week2,Fox Hunt,Week5,306.0 Fox Hunt - 95.0 Burke Station
Burke Station,Week3,Forest Hollow,Week4,287.0 Forest Hollow - 110.0 Burke Station
Camelot,Week4,Mantua,Week3,282.0 Mantua - 120.0 Camelot
Burke Station,Week1,Fox Hunt,Week1,256.0 Fox Hunt - 123.0 Burke Station
Burke Station,Week5,Forest Hollow,Week3,279.0 Forest Hollow - 123.0 Burke Station
Camelot,Week4,Mantua,Week2,245.0 Mantua - 157.0 Camelot
Camelot,Week3,McLean,Week5,299.0 McLean - 103.0 Camelot
Camelot,Week5,Mantua,Week3,269.0 Mantua - 133.0 Camelot
Camelot,Week2,McLean,Week5,283.0 McLean - 119.0 Camelot
Camelot,Week3,Arlington Forest,Week3,225.0 Arlington Forest - 176.0 Camelot
Camelot,Week2,Arlington Forest,Week2,213.0 Arlington Forest - 189.0 Camelot
Camelot,Week3,Arlington Forest,Week4,243.0 Arlington Forest - 159.0 Camelot
Burke Station,Week4,Forest Hollow,Week3,308.0 Forest Hollow - 94.0 Burke Station
Burke Station,Week3,Forest Hollow,Week1,289.0 Forest Hollow - 108.0 Burke Station
Burke Station,Week3,Forest Hollow,Week2,281.0 Forest Hollow - 116.0 Burke Station
Camelot,Week2,Arlington Forest,Week1,228.0 Arlington Forest - 174.0 Camelot
Burke Station,Week2,Forest Hollow,Week4,306.5 Forest Hollow - 94.5 Burke Station
Burke Station,Week5,Forest Hollow,Week4,277.5 Forest Hollow - 124.5 Burke Station
Camelot,Week1,Arlington Forest,Week3,223.0 Arlington Forest - 179.0 Camelot
Camelot,Week3,Arlington Forest,Week1,243.0 Arlington Forest - 159.0 Camelot
Camelot,Week4,Annandale,Week1,247.0 Camelot - 155.0 Annandale
Camelot,Week2,Mosby Woods,Week3,262.0 Mosby Woods - 140.0 Camelot
Camelot,Week3,Arlington Forest,Week2,222.0 Arlington Forest - 180.0 Camelot
Camelot,Week4,McLean,Week3,300.0 McLean - 102.0 Camelot
Burke Station,Week5,Forest Hollow,Week1,277.0 Forest Hollow - 125.0 Burke Station
Burke Station,Week1,Fox Hunt,Week3,253.0 Fox Hunt - 125.0 Burke Station
Burke Station,Week3,Forest Hollow,Week5,289.0 Forest Hollow - 108.0 Burke Station
Camelot,Week4,McLean,Week1,294.0 McLean - 108.0 Camelot
Camelot,Week3,Annandale,Week3,221.0 Camelot - 181.0 Annandale
Burke Station,Week2,Forest Hollow,Week5,307.0 Forest Hollow - 94.0 Burke Station
Camelot,Week1,McLean,Week1,292.0 McLean - 110.0 Camelot
Camelot,Week3,Annandale,Week4,230.0 Camelot - 171.0 Annandale
Camelot,Week4,Mantua,Week5,264.0 Mantua - 138.0 Camelot
Burke Station,Week5,Forest Hollow,Week5,286.0 Forest Hollow - 116.0 Burke Station
Camelot,Week2,McLean,Week2,288.0 McLean - 114.0 Camelot
Camelot,Week4,Annandale,Week4,247.0 Camelot - 155.0 Annandale
Camelot,Week5,Annandale,Week2,234.0 Camelot - 167.0 Annandale
Burke Station,Week3,Forest Hollow,Week3,291.0 Forest Hollow - 106.0 Burke Station
Camelot,Week1,Arlington Forest,Week5,258.0 Arlington Forest - 144.0 Camelot
Camelot,Week3,McLean,Week1,289.0 McLean - 113.0 Camelot
Camelot,Week2,McLean,Week4,275.5 McLean - 126.5 Camelot
Camelot,Week4,McLean,Week2,302.0 McLean - 100.0 Camelot
Camelot,Week3,McLean,Week4,286.0 McLean - 116.0 Camelot
Camelot,Week4,Arlington Forest,Week4,240.0 Arlington Forest - 162.0 Camelot
Camelot,Week4,Arlington Forest,Week2,229.0 Arlington Forest - 173.0 Camelot
Burke Station,Week5,Forest Hollow,Week2,268.0 Forest Hollow - 134.0 Burke Station
Burke Station,Week4,Forest Hollow,Week1,299.0 Forest Hollow - 103.0 Burke Station
Burke Station,Week2,Fox Hunt,Week1,289.0 Fox Hunt - 113.0 Burke Station
Camelot,Week4,Arlington Forest,Week5,259.0 Arlington Forest - 143.0 Camelot
Camelot,Week4,Brandywine,Week5,263.0 Brandywine - 139.0 Camelot
Burke Station,Week2,Fox Hunt,Week4,298.0 Fox Hunt - 103.0 Burke Station
Camelot,Week5,McLean,Week4,293.5 McLean - 108.5 Camelot
Camelot,Week5,McLean,Week1,285.0 McLean - 117.0 Camelot
Burke Station,Week1,Fox Hunt,Week5,263.0 Fox Hunt - 116.0 Burke Station
Burke Station,Week2,Fox Hunt,Week2,285.0 Fox Hunt - 115.0 Burke Station
Camelot,Week5,McLean,Week3,300.0 McLean - 101.0 Camelot
Camelot,Week3,Brandywine,Week3,232.0 Brandywine - 169.0 Camelot
Camelot,Week5,McLean,Week2,299.0 McLean - 103.0 Camelot
Burke Station,Week3,Fox Hunt,Week1,262.0 Fox Hunt - 134.0 Burke Station
Burke Station,Week3,Fox Hunt,Week2,266.0 Fox Hunt - 130.0 Burke Station
Burke Station,Week3,Fox Hunt,Week4,271.0 Fox Hunt - 126.0 Burke Station
Camelot,Week1,Mosby Woods,Week1,282.0 Mosby Woods - 120.0 Camelot
Camelot,Week4,Arlington Forest,Week3,219.0 Arlington Forest - 183.0 Camelot
Camelot,Week1,Mosby Woods,Week4,272.0 Mosby Woods - 130.0 Camelot
Camelot,Week2,Arlington Forest,Week5,243.0 Arlington Forest - 159.0 Camelot
Burke Station,Week1,Fox Hunt,Week2,258.0 Fox Hunt - 121.0 Burke Station
Camelot,Week2,Brandywine,Week5,252.0 Brandywine - 150.0 Camelot
Camelot,Week5,Brandywine,Week5,247.5 Brandywine - 154.5 Camelot
Burke Station,Week1,Fox Hunt,Week4,257.0 Fox Hunt - 122.0 Burke Station
Camelot,Week1,Mosby Woods,Week5,279.0 Mosby Woods - 123.0 Camelot
Camelot,Week5,Arlington Forest,Week1,226.0 Arlington Forest - 176.0 Camelot
Camelot,Week1,Mosby Woods,Week3,272.0 Mosby Woods - 130.0 Camelot
Camelot,Week2,Brandywine,Week1,206.0 Brandywine - 196.0 Camelot
Camelot,Week5,Brandywine,Week2,212.5 Camelot - 189.5 Brandywine
Camelot,Week5,Mosby Woods,Week2,290.0 Mosby Woods - 112.0 Camelot
Burke Station,Week3,Fox Mill Estates,Week2,233.0 Fox Mill Estates - 164.0 Burke Station
Burke Station,Week5,Fox Hunt,Week1,263.0 Fox Hunt - 139.0 Burke Station
Burke Station,Week4,Fox Mill Estates,Week1,230.0 Fox Mill Estates - 172.0 Burke Station
Camelot,Week4,Brandywine,Week1,214.0 Brandywine - 188.0 Camelot
Camelot,Week5,Brandywine,Week4,224.0 Brandywine - 178.0 Camelot
Camelot,Week4,Brandywine,Week2,216.0 Brandywine - 186.0 Camelot
Broyhill Crest,Week3,Virginia Run,Week3,373.0 Virginia Run - 28.0 Broyhill Crest
Camelot,Week4,Mosby Woods,Week5,280.0 Mosby Woods - 122.0 Camelot
Burke Station,Week3,Fox Hunt,Week5,285.0 Fox Hunt - 112.0 Burke Station
Camelot,Week4,Mosby Woods,Week2,294.0 Mosby Woods - 108.0 Camelot
Burke Station,Week4,Fox Hunt,Week4,294.0 Fox Hunt - 107.0 Burke Station
Burke Station,Week5,Fox Hunt,Week4,268.0 Fox Hunt - 134.0 Burke Station
Camelot,Week5,McLean,Week5,299.0 McLean - 103.0 Camelot
Camelot,Week2,Mosby Woods,Week1,271.0 Mosby Woods - 131.0 Camelot
Camelot,Week3,Brandywine,Week5,265.0 Brandywine - 137.0 Camelot
Camelot,Week1,Mount Vernon Park,Week2,264.0 Mount Vernon Park - 138.0 Camelot
Broyhill Crest,Week2,Virginia Run,Week4,383.0 Virginia Run - 19.0 Broyhill Crest
Camelot,Week2,Brandywine,Week2,209.0 Camelot - 193.0 Brandywine
Camelot,Week1,Mosby Woods,Week2,286.0 Mosby Woods - 116.0 Camelot
Burke Station,Week2,Fox Mill Estates,Week2,248.0 Fox Mill Estates - 152.0 Burke Station
Camelot,Week5,Arlington Forest,Week4,240.0 Arlington Forest - 162.0 Camelot
Camelot,Week5,Brandywine,Week3,205.0 Brandywine - 196.0 Camelot
Burke Station,Week2,Fox Mill Estates,Week5,278.0 Fox Mill Estates - 124.0 Burke Station
Camelot,Week3,Mosby Woods,Week4,266.0 Mosby Woods - 136.0 Camelot
Camelot,Week1,Brandywine,Week4,223.0 Brandywine - 179.0 Camelot
Burke Station,Week5,Fox Hunt,Week3,261.0 Fox Hunt - 136.0 Burke Station
Camelot,Week2,Mosby Woods,Week2,269.0 Mosby Woods - 133.0 Camelot
Broyhill Crest,Week4,Virginia Hills,Week3,210.0 Virginia Hills - 191.0 Broyhill Crest
Burke Station,Week1,Fox Mill Estates,Week1,195.0 Fox Mill Estates - 183.0 Burke Station
Broyhill Crest,Week2,Virginia Run,Week1,383.0 Virginia Run - 19.0 Broyhill Crest
Broyhill Crest,Week4,Virginia Run,Week3,370.0 Virginia Run - 31.0 Broyhill Crest
Burke Station,Week3,Fox Mill Estates,Week1,205.0 Fox Mill Estates - 190.0 Burke Station
Broyhill Crest,Week5,Virginia Hills,Week2,233.0 Broyhill Crest - 166.0 Virginia Hills
Camelot,Week5,Mosby Woods,Week4,271.0 Mosby Woods - 131.0 Camelot
Camelot,Week5,Arlington Forest,Week3,216.0 Arlington Forest - 186.0 Camelot
Broyhill Crest,Week4,Virginia Hills,Week2,206.0 Broyhill Crest - 190.0 Virginia Hills
Camelot,Week1,Brandywine,Week2,202.0 Camelot - 200.0 Brandywine
Camelot,Week1,Mount Vernon Park,Week3,273.0 Mount Vernon Park - 129.0 Camelot
Camelot,Week5,Arlington Forest,Week5,251.0 Arlington Forest - 151.0 Camelot
Camelot,Week1,Mount Vernon Park,Week1,272.0 Mount Vernon Park - 130.0 Camelot
Burke Station,Week1,Fox Mill Woods,Week2,292.0 Fox Mill Woods - 86.0 Burke Station
Broyhill Crest,Week4,Virginia Run,Week5,378.0 Virginia Run - 24.0 Broyhill Crest
Camelot,Week1,Mount Vernon Park,Week4,276.0 Mount Vernon Park - 126.0 Camelot
Burke Station,Week4,Fox Mill Estates,Week5,267.0 Fox Mill Estates - 135.0 Burke Station
Burke Station,Week1,Fox Mill Estates,Week5,215.0 Fox Mill Estates - 164.0 Burke Station
Camelot,Week3,Brandywine,Week1,228.0 Brandywine - 174.0 Camelot
Broyhill Crest,Week2,Virginia Run,Week3,370.0 Virginia Run - 31.0 Broyhill Crest
Camelot,Week3,Mosby Woods,Week1,273.0 Mosby Woods - 129.0 Camelot
Camelot,Week1,Brandywine,Week1,213.0 Brandywine - 189.0 Camelot
Camelot,Week3,Brandywine,Week4,243.0 Brandywine - 159.0 Camelot
Camelot,Week3,Brandywine,Week2,212.0 Brandywine - 190.0 Camelot
Camelot,Week1,Mount Vernon Park,Week5,279.0 Mount Vernon Park - 123.0 Camelot
Broyhill Crest,Week2,Virginia Run,Week5,389.0 Virginia Run - 13.0 Broyhill Crest
Burke Station,Week5,Fox Hunt,Week2,252.0 Fox Hunt - 150.0 Burke Station
Camelot,Week5,Mosby Woods,Week1,277.0 Mosby Woods - 125.0 Camelot
Camelot,Week1,Brandywine,Week3,212.0 Brandywine - 189.0 Camelot
Burke Station,Week4,Fox Hunt,Week2,279.0 Fox Hunt - 121.0 Burke Station
Camelot,Week2,Brandywine,Week3,215.0 Brandywine - 186.0 Camelot
Broyhill Crest,Week5,Virginia Hills,Week3,219.0 Broyhill Crest - 183.0 Virginia Hills
Burke Station,Week4,Fox Hunt,Week5,296.0 Fox Hunt - 105.0 Burke Station
Broyhill Crest,Week4,Virginia Hills,Week4,213.0 Virginia Hills - 188.0 Broyhill Crest
Camelot,Week4,Mosby Woods,Week3,275.0 Mosby Woods - 127.0 Camelot
Camelot,Week2,Brandywine,Week4,226.0 Brandywine - 176.0 Camelot
Burke Station,Week4,Fox Hunt,Week1,280.0 Fox Hunt - 122.0 Burke Station
Camelot,Week5,Mosby Woods,Week3,267.0 Mosby Woods - 135.0 Camelot
Camelot,Week3,Mosby Woods,Week2,286.0 Mosby Woods - 116.0 Camelot
Camelot,Week3,Mosby Woods,Week3,265.0 Mosby Woods - 137.0 Camelot
Camelot,Week2,Bren Mar-Edsall Park,Week3,313.0 Camelot - 88.0 Bren Mar-Edsall Park
Camelot,Week4,Mosby Woods,Week1,286.0 Mosby Woods - 116.0 Camelot
Camelot,Week3,Bren Mar-Edsall Park,Week1,328.0 Camelot - 72.0 Bren Mar-Edsall Park
Burke Station,Week2,Fox Mill Estates,Week3,252.0 Fox Mill Estates - 146.0 Burke Station
Camelot,Week4,Brandywine,Week4,236.0 Brandywine - 166.0 Camelot
Burke Station,Week2,Fox Mill Estates,Week4,289.0 Fox Mill Estates - 113.0 Burke Station
Camelot,Week2,Mosby Woods,Week5,277.0 Mosby Woods - 125.0 Camelot
Broyhill Crest,Week1,Virginia Run,Week2,363.0 Virginia Run - 39.0 Broyhill Crest
Burke Station,Week3,Fox Mill Estates,Week4,253.0 Fox Mill Estates - 143.0 Burke Station
Burke Station,Week4,Fox Hunt,Week3,279.0 Fox Hunt - 123.0 Burke Station
Burke Station,Week3,Fox Mill Estates,Week3,232.0 Fox Mill Estates - 164.0 Burke Station
Broyhill Crest,Week1,Virginia Run,Week4,382.0 Virginia Run - 20.0 Broyhill Crest
Broyhill Crest,Week4,Virginia Hills,Week5,238.5 Virginia Hills - 162.5 Broyhill Crest
Broyhill Crest,Week1,Virginia Run,Week1,374.0 Virginia Run - 28.0 Broyhill Crest
Camelot,Week2,Mosby Woods,Week4,267.0 Mosby Woods - 135.0 Camelot
Camelot,Week4,Brandywine,Week3,235.0 Brandywine - 166.0 Camelot
Broyhill Crest,Week3,Virginia Run,Week5,387.0 Virginia Run - 15.0 Broyhill Crest
Broyhill Crest,Week5,Virginia Hills,Week5,227.0 Virginia Hills - 174.0 Broyhill Crest
Camelot,Week4,Mosby Woods,Week4,267.0 Mosby Woods - 135.0 Camelot
Camelot,Week1,Newington Forest,Week5,228.0 Camelot - 174.0 Newington Forest
Camelot,Week3,Bren Mar-Edsall Park,Week5,313.0 Camelot - 88.0 Bren Mar-Edsall Park
Camelot,Week3,Mosby Woods,Week5,276.0 Mosby Woods - 126.0 Camelot
Camelot,Week1,Brandywine,Week5,249.0 Brandywine - 153.0 Camelot
Broyhill Crest,Week5,Virginia Hills,Week1,205.0 Broyhill Crest - 196.0 Virginia Hills
Camelot,Week5,Mosby Woods,Week5,281.0 Mosby Woods - 121.0 Camelot
Camelot,Week5,Brandywine,Week1,204.0 Brandywine - 198.0 Camelot
Burke Station,Week1,Fox Mill Estates,Week3,220.0 Fox Mill Estates - 155.0 Burke Station
Camelot,Week1,Bren Mar-Edsall Park,Week1,334.0 Camelot - 68.0 Bren Mar-Edsall Park
Burke Station,Week5,Fox Hunt,Week5,285.0 Fox Hunt - 117.0 Burke Station
Burke Station,Week1,Fox Mill Estates,Week2,216.0 Fox Mill Estates - 162.0 Burke Station
Broyhill Crest,Week3,Virginia Run,Week2,368.0 Virginia Run - 34.0 Broyhill Crest
Burke Station,Week4,Fox Mill Estates,Week4,270.0 Fox Mill Estates - 132.0 Burke Station
Broyhill Crest,Week1,Virginia Run,Week5,381.0 Virginia Run - 21.0 Broyhill Crest
Camelot,Week3,Mount Vernon Park,Week2,266.0 Mount Vernon Park - 136.0 Camelot
Camelot,Week2,Mount Vernon Park,Week3,268.0 Mount Vernon Park - 134.0 Camelot
Burke Station,Week4,Fox Mill Estates,Week3,262.0 Fox Mill Estates - 140.0 Burke Station
Broyhill Crest,Week4,Virginia Run,Week1,374.0 Virginia Run - 28.0 Broyhill Crest
Camelot,Week1,Shouse Village,Week2,210.0 Shouse Village - 192.0 Camelot
Camelot,Week3,Bren Mar-Edsall Park,Week2,327.0 Camelot - 73.0 Bren Mar-Edsall Park
Camelot,Week2,Mount Vernon Park,Week4,266.0 Mount Vernon Park - 136.0 Camelot
Camelot,Week4,Mount Vernon Park,Week3,272.0 Mount Vernon Park - 130.0 Camelot
Camelot,Week4,Mount Vernon Park,Week1,274.0 Mount Vernon Park - 128.0 Camelot
Broyhill Crest,Week5,Virginia Hills,Week4,207.0 Broyhill Crest - 194.0 Virginia Hills
Camelot,Week4,Shouse Village,Week2,216.0 Shouse Village - 186.0 Camelot
Camelot,Week5,Shouse Village,Week1,209.0 Shouse Village - 192.0 Camelot
Burke Station,Week5,Fox Mill Estates,Week1,202.0 Fox Mill Estates - 200.0 Burke Station
Camelot,Week5,Rutherford,Week2,259.0 Camelot - 143.0 Rutherford
Broyhill Crest,Week1,Virginia Run,Week3,369.0 Virginia Run - 32.0 Broyhill Crest
Camelot,Week1,Shouse Village,Week3,208.0 Shouse Village - 194.0 Camelot
Camelot,Week2,Bren Mar-Edsall Park,Week4,303.0 Camelot - 97.0 Bren Mar-Edsall Park
Broyhill Crest,Week3,Virginia Run,Week4,387.0 Virginia Run - 15.0 Broyhill Crest
Broyhill Crest,Week2,Virginia Run,Week2,370.0 Virginia Run - 32.0 Broyhill Crest
Camelot,Week4,Bren Mar-Edsall Park,Week4,316.0 Camelot - 86.0 Bren Mar-Edsall Park
Camelot,Week1,Shouse Village,Week4,224.0 Shouse Village - 178.0 Camelot
Camelot,Week2,Bren Mar-Edsall Park,Week5,302.0 Camelot - 99.0 Bren Mar-Edsall Park
Burke Station,Week3,Fox Mill Estates,Week5,249.0 Fox Mill Estates - 148.0 Burke Station
Burke Station,Week1,Fox Mill Estates,Week4,230.0 Fox Mill Estates - 149.0 Burke Station
Camelot,Week5,Mount Vernon Park,Week3,272.0 Mount Vernon Park - 130.0 Camelot
Camelot,Week1,Bren Mar-Edsall Park,Week4,313.0 Camelot - 88.0 Bren Mar-Edsall Park
Burke Station,Week2,Fox Mill Estates,Week1,235.0 Fox Mill Estates - 166.0 Burke Station
Camelot,Week1,Bren Mar-Edsall Park,Week3,313.0 Camelot - 89.0 Bren Mar-Edsall Park
Camelot,Week2,Mount Vernon Park,Week1,275.0 Mount Vernon Park - 127.0 Camelot
Burke Station,Week4,Mount Vernon Park,Week1,315.0 Mount Vernon Park - 87.0 Burke Station
Burke Station,Week4,Fox Mill Estates,Week2,248.0 Fox Mill Estates - 153.0 Burke Station
Camelot,Week4,Bren Mar-Edsall Park,Week2,348.0 Camelot - 54.0 Bren Mar-Edsall Park
Broyhill Crest,Week4,Virginia Hills,Week1,200.0 Broyhill Crest - 200.0 Virginia Hills
Burke Station,Week5,Fox Mill Estates,Week2,225.0 Fox Mill Estates - 177.0 Burke Station
Broyhill Crest,Week3,Virginia Run,Week1,386.0 Virginia Run - 16.0 Broyhill Crest
Camelot,Week5,Bren Mar-Edsall Park,Week3,327.0 Camelot - 75.0 Bren Mar-Edsall Park
Camelot,Week1,Newington Forest,Week2,260.0 Camelot - 141.0 Newington Forest
Burke Station,Week5,Mount Vernon Park,Week1,293.0 Mount Vernon Park - 109.0 Burke Station
Camelot,Week2,Mount Vernon Park,Week2,272.0 Mount Vernon Park - 130.0 Camelot
Burke Station,Week1,Fox Mill Woods,Week1,295.0 Fox Mill Woods - 83.0 Burke Station
Broyhill Crest,Week4,Virginia Run,Week4,372.0 Virginia Run - 30.0 Broyhill Crest
Camelot,Week2,Shouse Village,Week2,211.0 Shouse Village - 191.0 Camelot
Broyhill Crest,Week5,Virginia Run,Week4,370.0 Virginia Run - 32.0 Broyhill Crest
Camelot,Week3,Shouse Village,Week1,220.0 Shouse Village - 182.0 Camelot
Camelot,Week2,Bren Mar-Edsall Park,Week2,323.0 Camelot - 77.0 Bren Mar-Edsall Park
Burke Station,Week5,Fox Mill Estates,Week4,249.0 Fox Mill Estates - 152.0 Burke Station
Broyhill Crest,Week5,Virginia Run,Week3,354.0 Virginia Run - 48.0 Broyhill Crest
Camelot,Week5,Bren Mar-Edsall Park,Week5,322.0 Camelot - 79.0 Bren Mar-Edsall Park
Broyhill Crest,Week4,Virginia Run,Week2,356.0 Virginia Run - 46.0 Broyhill Crest
Camelot,Week3,Mount Vernon Park,Week3,278.0 Mount Vernon Park - 124.0 Camelot
Burke Station,Week5,Fox Mill Estates,Week5,237.0 Fox Mill Estates - 165.0 Burke Station
Burke Station,Week3,Mount Vernon Park,Week4,292.0 Mount Vernon Park - 105.0 Burke Station
Camelot,Week2,Shouse Village,Week5,231.0 Shouse Village - 171.0 Camelot
Burke Station,Week5,Mount Vernon Park,Week5,299.0 Mount Vernon Park - 103.0 Burke Station
Camelot,Week2,Shouse Village,Week4,216.0 Shouse Village - 186.0 Camelot
Burke Station,Week5,Fox Mill Estates,Week3,231.0 Fox Mill Estates - 171.0 Burke Station
Burke Station,Week4,Fox Mill Woods,Week3,318.0 Fox Mill Woods - 84.0 Burke Station
Burke Station,Week3,Mount Vernon Park,Week5,305.5 Mount Vernon Park - 90.5 Burke Station
Camelot,Week5,Mount Vernon Park,Week5,273.0 Mount Vernon Park - 129.0 Camelot
Camelot,Week4,Rutherford,Week5,203.0 Rutherford - 199.0 Camelot
Camelot,Week5,Mount Vernon Park,Week1,259.0 Mount Vernon Park - 143.0 Camelot
Broyhill Crest,Week1,Wakefield Chapel,Week2,390.0 Wakefield Chapel - 12.0 Broyhill Crest
Camelot,Week5,Bren Mar-Edsall Park,Week4,326.0 Camelot - 75.0 Bren Mar-Edsall Park
Camelot,Week1,Shouse Village,Week5,231.0 Shouse Village - 171.0 Camelot
Camelot,Week3,Bren Mar-Edsall Park,Week4,320.0 Camelot - 81.0 Bren Mar-Edsall Park
Camelot,Week5,Mount Vernon Park,Week4,265.0 Mount Vernon Park - 137.0 Camelot
Camelot,Week3,Bren Mar-Edsall Park,Week3,321.0 Camelot - 81.0 Bren Mar-Edsall Park
Camelot,Week3,Shouse Village,Week3,223.0 Shouse Village - 179.0 Camelot
Burke Station,Week5,Fox Mill Woods,Week2,311.0 Fox Mill Woods - 91.0 Burke Station
Camelot,Week5,Bren Mar-Edsall Park,Week1,339.0 Camelot - 61.0 Bren Mar-Edsall Park
Broyhill Crest,Week2,Wakefield Chapel,Week3,393.0 Wakefield Chapel - 9.0 Broyhill Crest
Burke Station,Week1,Fox Mill Woods,Week4,292.0 Fox Mill Woods - 87.0 Burke Station
Burke Station,Week4,Mount Vernon Park,Week3,327.0 Mount Vernon Park - 75.0 Burke Station
Burke Station,Week5,Fox Mill Woods,Week4,315.0 Fox Mill Woods - 87.0 Burke Station
Broyhill Crest,Week1,Wakefield Chapel,Week4,385.0 Wakefield Chapel - 17.0 Broyhill Crest
Camelot,Week4,Rutherford,Week4,204.0 Camelot - 198.0 Rutherford
Camelot,Week2,Shouse Village,Week1,209.5 Shouse Village - 192.5 Camelot
Camelot,Week2,Newington Forest,Week1,260.0 Camelot - 137.0 Newington Forest
Burke Station,Week2,Newington Forest,Week3,218.0 Newington Forest - 182.0 Burke Station
Camelot,Week2,Mount Vernon Park,Week5,275.0 Mount Vernon Park - 126.0 Camelot
Camelot,Week1,Bren Mar-Edsall Park,Week2,326.0 Camelot - 74.0 Bren Mar-Edsall Park
Camelot,Week3,Shouse Village,Week4,240.0 Shouse Village - 162.0 Camelot
Camelot,Week5,Rutherford,Week1,261.0 Camelot - 141.0 Rutherford
Camelot,Week1,Newington Forest,Week4,245.0 Camelot - 157.0 Newington Forest
Burke Station,Week2,Fox Mill Woods,Week5,322.0 Fox Mill Woods - 80.0 Burke Station
Broyhill Crest,Week5,Virginia Run,Week2,353.0 Virginia Run - 44.0 Broyhill Crest
Burke Station,Week1,Mount Vernon Park,Week5,272.0 Mount Vernon Park - 103.0 Burke Station
Burke Station,Week2,Mount Vernon Park,Week4,314.0 Mount Vernon Park - 88.0 Burke Station
Camelot,Week4,Bren Mar-Edsall Park,Week1,341.0 Camelot - 61.0 Bren Mar-Edsall Park
Burke Station,Week3,Newington Forest,Week1,222.0 Burke Station - 169.0 Newington Forest
Camelot,Week1,Newington Forest,Week3,252.0 Camelot - 150.0 Newington Forest
Burke Station,Week2,Fox Mill Woods,Week2,330.0 Fox Mill Woods - 71.0 Burke Station
Camelot,Week4,Bren Mar-Edsall Park,Week5,308.0 Camelot - 94.0 Bren Mar-Edsall Park
Camelot,Week4,Mount Vernon Park,Week5,278.0 Mount Vernon Park - 124.0 Camelot
Camelot,Week4,Bren Mar-Edsall Park,Week3,319.0 Camelot - 83.0 Bren Mar-Edsall Park
Broyhill Crest,Week2,Wakefield Chapel,Week1,387.0 Wakefield Chapel - 15.0 Broyhill Crest
Camelot,Week5,Rutherford,Week5,232.0 Camelot - 170.0 Rutherford
Broyhill Crest,Week3,Wakefield Chapel,Week3,391.0 Wakefield Chapel - 11.0 Broyhill Crest
Broyhill Crest,Week3,Wakefield Chapel,Week1,389.0 Wakefield Chapel - 13.0 Broyhill Crest
Camelot,Week5,Bren Mar-Edsall Park,Week2,346.0 Camelot - 56.0 Bren Mar-Edsall Park
Camelot,Week1,North Springfield,Week1,289.0 Camelot - 61.0 North Springfield
Burke Station,Week5,Mount Vernon Park,Week3,300.0 Mount Vernon Park - 101.0 Burke Station
Broyhill Crest,Week5,Virginia Run,Week5,372.0 Virginia Run - 30.0 Broyhill Crest
Camelot,Week2,Bren Mar-Edsall Park,Week1,319.0 Camelot - 81.0 Bren Mar-Edsall Park
Camelot,Week4,Shouse Village,Week1,211.0 Shouse Village - 191.0 Camelot
Burke Station,Week3,Fox Mill Woods,Week2,309.0 Fox Mill Woods - 88.0 Burke Station
Camelot,Week3,Mount Vernon Park,Week5,273.0 Mount Vernon Park - 128.0 Camelot
Broyhill Crest,Week3,Wakefield Chapel,Week4,393.0 Wakefield Chapel - 9.0 Broyhill Crest
Camelot,Week1,Bren Mar-Edsall Park,Week5,310.0 Camelot - 91.0 Bren Mar-Edsall Park
Camelot,Week3,Shouse Village,Week2,214.0 Shouse Village - 188.0 Camelot
Burke Station,Week5,Fox Mill Woods,Week3,308.0 Fox Mill Woods - 94.0 Burke Station
Burke Station,Week5,Fox Mill Woods,Week1,317.0 Fox Mill Woods - 85.0 Burke Station
Burke Station,Week3,Mount Vernon Park,Week2,296.0 Mount Vernon Park - 101.0 Burke Station
Camelot,Week4,Shouse Village,Week3,231.0 Shouse Village - 171.0 Camelot
Camelot,Week3,Shouse Village,Week5,229.0 Shouse Village - 172.0 Camelot
Burke Station,Week5,Fox Mill Woods,Week5,313.0 Fox Mill Woods - 89.0 Burke Station
Camelot,Week4,Mount Vernon Park,Week2,270.0 Mount Vernon Park - 132.0 Camelot
Burke Station,Week2,Newington Forest,Week4,232.0 Newington Forest - 169.0 Burke Station
Burke Station,Week2,Newington Forest,Week5,258.0 Newington Forest - 143.0 Burke Station
Camelot,Week4,Rutherford,Week3,208.0 Rutherford - 194.0 Camelot
Burke Station,Week3,Fox Mill Woods,Week4,320.0 Fox Mill Woods - 77.0 Burke Station
Camelot,Week3,Mount Vernon Park,Week1,285.0 Mount Vernon Park - 117.0 Camelot
Burke Station,Week2,Mount Vernon Park,Week1,302.0 Mount Vernon Park - 99.0 Burke Station
Broyhill Crest,Week2,Wakefield Chapel,Week5,395.0 Wakefield Chapel - 7.0 Broyhill Crest
Camelot,Week5,Mount Vernon Park,Week2,260.5 Mount Vernon Park - 141.5 Camelot
Broyhill Crest,Week1,Wakefield Chapel,Week3,387.0 Wakefield Chapel - 15.0 Broyhill Crest
Burke Station,Week4,Newington Forest,Week4,229.0 Newington Forest - 173.0 Burke Station
Burke Station,Week2,Mount Vernon Park,Week3,310.0 Mount Vernon Park - 92.0 Burke Station
Camelot,Week1,Newington Forest,Week1,256.0 Camelot - 145.0 Newington Forest
Burke Station,Week3,Mount Vernon Park,Week1,292.0 Mount Vernon Park - 105.0 Burke Station
Camelot,Week4,Mount Vernon Park,Week4,270.0 Mount Vernon Park - 132.0 Camelot
Camelot,Week4,Shouse Village,Week5,242.0 Shouse Village - 160.0 Camelot
Camelot,Week3,Newington Forest,Week1,256.0 Camelot - 142.0 Newington Forest
Burke Station,Week4,Mount Vernon Park,Week2,316.0 Mount Vernon Park - 86.0 Burke Station
Camelot,Week4,Shouse Village,Week4,249.0 Shouse Village - 153.0 Camelot
Burke Station,Week2,Fox Mill Woods,Week1,345.5 Fox Mill Woods - 55.5 Burke Station
Camelot,Week4,Sideburn Run,Week2,234.5 Sideburn Run - 167.5 Camelot
Camelot,Week5,Rutherford,Week3,234.0 Camelot - 168.0 Rutherford
Burke Station,Week2,Mount Vernon Park,Week5,314.0 Mount Vernon Park - 84.0 Burke Station
Burke Station,Week4,Fox Mill Woods,Week5,323.0 Fox Mill Woods - 79.0 Burke Station
Camelot,Week5,Rutherford,Week4,215.0 Camelot - 187.0 Rutherford
Burke Station,Week3,Mount Vernon Park,Week3,297.0 Mount Vernon Park - 99.0 Burke Station
Camelot,Week3,Newington Forest,Week4,233.0 Camelot - 169.0 Newington Forest
Burke Station,Week1,Great Falls,Week2,217.0 Great Falls - 144.0 Burke Station
Broyhill Crest,Week2,Wakefield Chapel,Week4,390.0 Wakefield Chapel - 12.0 Broyhill Crest
Broyhill Crest,Week1,Wakefield Chapel,Week5,391.0 Wakefield Chapel - 11.0 Broyhill Crest
Broyhill Crest,Week4,Wakefield Chapel,Week1,386.0 Wakefield Chapel - 16.0 Broyhill Crest
Broyhill Crest,Week4,Wakefield Chapel,Week3,389.0 Wakefield Chapel - 13.0 Broyhill Crest
Camelot,Week4,Rutherford,Week2,231.0 Camelot - 171.0 Rutherford
Burke Station,Week1,Great Falls,Week3,232.0 Great Falls - 147.0 Burke Station
Burke Station,Week5,Mount Vernon Park,Week4,291.0 Mount Vernon Park - 111.0 Burke Station
Burke Station,Week5,Mount Vernon Park,Week2,292.0 Mount Vernon Park - 110.0 Burke Station
Camelot,Week2,Newington Forest,Week3,254.5 Camelot - 147.5 Newington Forest
Camelot,Week3,Newington Forest,Week5,221.0 Camelot - 181.0 Newington Forest
Camelot,Week4,Newington Forest,Week1,263.0 Camelot - 138.0 Newington Forest
Burke Station,Week1,Fox Mill Woods,Week3,288.0 Fox Mill Woods - 91.0 Burke Station
Burke Station,Week1,Great Falls,Week4,210.0 Great Falls - 169.0 Burke Station
Camelot,Week1,Shouse Village,Week1,221.0 Shouse Village - 181.0 Camelot
Camelot,Week3,Mount Vernon Park,Week4,273.0 Mount Vernon Park - 129.0 Camelot
Broyhill Crest,Week3,Wakefield Chapel,Week5,393.0 Wakefield Chapel - 9.0 Broyhill Crest
Broyhill Crest,Week5,Virginia Run,Week1,364.0 Virginia Run - 38.0 Broyhill Crest
Burke Station,Week2,Fox Mill Woods,Week3,326.0 Fox Mill Woods - 76.0 Burke Station
Broyhill Crest,Week2,Wakefield Chapel,Week2,392.0 Wakefield Chapel - 10.0 Broyhill Crest
Burke Station,Week1,Great Falls,Week1,216.0 Great Falls - 162.0 Burke Station
Camelot,Week2,Shouse Village,Week3,211.0 Shouse Village - 191.0 Camelot
Broyhill Crest,Week4,Wakefield Chapel,Week2,393.0 Wakefield Chapel - 9.0 Broyhill Crest
Camelot,Week4,Newington Forest,Week3,244.0 Camelot - 158.0 Newington Forest
Broyhill Crest,Week3,Wakefield Chapel,Week2,391.0 Wakefield Chapel - 11.0 Broyhill Crest
Camelot,Week5,Sideburn Run,Week2,218.0 Sideburn Run - 184.0 Camelot
Burke Station,Week4,Fox Mill Woods,Week1,334.0 Fox Mill Woods - 68.0 Burke Station
Camelot,Week2,Sideburn Run,Week5,230.0 Sideburn Run - 172.0 Camelot
Camelot,Week2,Sideburn Run,Week2,207.0 Sideburn Run - 195.0 Camelot
Broyhill Crest,Week1,Wakefield Chapel,Week1,386.0 Wakefield Chapel - 16.0 Broyhill Crest
Burke Station,Week2,Fox Mill Woods,Week4,326.0 Fox Mill Woods - 76.0 Burke Station
Burke Station,Week3,Fox Mill Woods,Week3,313.0 Fox Mill Woods - 84.0 Burke Station
Camelot,Week3,Sideburn Run,Week2,236.0 Sideburn Run - 166.0 Camelot
Burke Station,Week4,Mount Vernon Park,Week5,325.0 Mount Vernon Park - 77.0 Burke Station
Camelot,Week4,Newington Forest,Week4,233.0 Camelot - 169.0 Newington Forest
Burke Station,Week4,Mount Vernon Park,Week4,317.0 Mount Vernon Park - 85.0 Burke Station
Burke Station,Week3,Fox Mill Woods,Week5,317.5 Fox Mill Woods - 79.5 Burke Station
Burke Station,Week2,Mount Vernon Park,Week2,301.0 Mount Vernon Park - 101.0 Burke Station
Burke Station,Week2,Newington Forest,Week1,206.0 Newington Forest - 186.0 Burke Station
Burke Station,Week4,Fox Mill Woods,Week2,325.0 Fox Mill Woods - 77.0 Burke Station
Burke Station,Week1,Newington Forest,Week2,191.0 Burke Station - 178.0 Newington Forest
Burke Station,Week1,Fox Mill Woods,Week5,287.0 Fox Mill Woods - 92.0 Burke Station
Camelot,Week5,Newington Forest,Week3,263.0 Camelot - 139.0 Newington Forest
Camelot,Week2,Newington Forest,Week4,242.0 Camelot - 160.0 Newington Forest
Burke Station,Week3,Fox Mill Woods,Week1,319.0 Fox Mill Woods - 78.0 Burke Station
Camelot,Week5,Newington Forest,Week1,276.0 Camelot - 126.0 Newington Forest
Camelot,Week2,Newington Forest,Week2,266.0 Camelot - 132.0 Newington Forest
Burke Station,Week1,Newington Forest,Week3,192.0 Burke Station - 185.0 Newington Forest
Burke Station,Week1,Newington Forest,Week4,203.0 Newington Forest - 175.0 Burke Station
Camelot,Week1,Sleepy Hollow B & R,Week3,241.0 Sleepy Hollow B & R - 161.0 Camelot
Camelot,Week2,Sideburn Run,Week4,233.0 Sideburn Run - 169.0 Camelot
Camelot,Week4,Newington Forest,Week2,264.0 Camelot - 136.0 Newington Forest
Camelot,Week1,Sideburn Run,Week3,250.0 Sideburn Run - 152.0 Camelot
Burke Station,Week4,Fox Mill Woods,Week4,327.0 Fox Mill Woods - 75.0 Burke Station
Burke Station,Week1,Newington Forest,Week5,211.0 Newington Forest - 167.0 Burke Station
Burke Station,Week2,Great Falls,Week2,255.0 Great Falls - 128.0 Burke Station
Camelot,Week5,Shouse Village,Week4,230.0 Shouse Village - 172.0 Camelot
Camelot,Week5,Newington Forest,Week5,245.0 Camelot - 157.0 Newington Forest
Camelot,Week2,Newington Forest,Week5,236.0 Camelot - 166.0 Newington Forest
Camelot,Week3,Newington Forest,Week2,260.0 Camelot - 138.0 Newington Forest
Camelot,Week4,Sideburn Run,Week1,230.0 Sideburn Run - 172.0 Camelot
Burke Station,Week4,Great Falls,Week4,246.5 Great Falls - 143.5 Burke Station
Camelot,Week3,Newington Forest,Week3,256.0 Camelot - 146.0 Newington Forest
Burke Station,Week4,Newington Forest,Week2,209.0 Newington Forest - 191.0 Burke Station
Camelot,Week2,Sideburn Run,Week1,221.0 Sideburn Run - 181.0 Camelot
Burke Station,Week3,Newington Forest,Week3,201.0 Newington Forest - 195.0 Burke Station
Camelot,Week1,Sideburn Run,Week1,236.0 Sideburn Run - 166.0 Camelot
Burke Station,Week1,Great Falls,Week5,232.0 Great Falls - 147.0 Burke Station
Camelot,Week1,Sideburn Run,Week5,248.0 Sideburn Run - 154.0 Camelot
Burke Station,Week4,Great Falls,Week1,246.0 Great Falls - 151.0 Burke Station
Burke Station,Week2,Newington Forest,Week2,214.0 Newington Forest - 178.0 Burke Station
Burke Station,Week1,Newington Forest,Week1,194.0 Burke Station - 175.0 Newington Forest
Camelot,Week4,Newington Forest,Week5,230.0 Camelot - 172.0 Newington Forest
Camelot,Week5,Newington Forest,Week4,259.0 Camelot - 143.0 Newington Forest
Burke Station,Week3,Newington Forest,Week5,225.0 Newington Forest - 172.0 Burke Station
Camelot,Week5,Newington Forest,Week2,284.0 Camelot - 118.0 Newington Forest
Burke Station,Week4,Newington Forest,Week1,202.0 Newington Forest - 199.0 Burke Station
Burke Station,Week4,Great Falls,Week5,264.0 Great Falls - 130.0 Burke Station
Burke Station,Week3,Newington Forest,Week4,210.0 Newington Forest - 185.0 Burke Station
Burke Station,Week5,Great Falls,Week1,214.0 Great Falls - 187.0 Burke Station
Camelot,Week3,Sideburn Run,Week5,242.0 Sideburn Run - 160.0 Camelot
Camelot,Week4,Sideburn Run,Week4,235.0 Sideburn Run - 167.0 Camelot
Camelot,Week1,North Springfield,Week2,273.0 Camelot - 114.0 North Springfield
Burke Station,Week2,Great Falls,Week3,264.0 Great Falls - 133.0 Burke Station
Burke Station,Week5,Great Falls,Week3,241.0 Great Falls - 156.0 Burke Station
Burke Station,Week2,Great Falls,Week4,249.0 Great Falls - 142.0 Burke Station
Camelot,Week3,Sideburn Run,Week4,246.0 Sideburn Run - 156.0 Camelot
Camelot,Week5,Shouse Village,Week5,234.0 Shouse Village - 167.0 Camelot
Burke Station,Week1,North Springfield,Week5,188.0 Burke Station - 161.0 North Springfield
Burke Station,Week4,Great Falls,Week3,276.0 Great Falls - 121.0 Burke Station
Camelot,Week4,Sideburn Run,Week5,252.0 Sideburn Run - 150.0 Camelot
Burke Station,Week2,Great Falls,Week1,240.0 Great Falls - 157.0 Burke Station
Burke Station,Week1,North Springfield,Week2,207.0 Burke Station - 154.0 North Springfield
Burke Station,Week4,North Springfield,Week3,209.0 Burke Station - 183.0 North Springfield
Burke Station,Week3,North Springfield,Week5,211.0 Burke Station - 157.0 North Springfield
Burke Station,Week1,North Springfield,Week1,205.0 Burke Station - 116.0 North Springfield
Burke Station,Week2,Great Falls,Week5,259.0 Great Falls - 136.0 Burke Station
Burke Station,Week3,North Springfield,Week1,246.0 Burke Station - 94.0 North Springfield
Burke Station,Week5,Great Falls,Week4,228.0 Great Falls - 165.0 Burke Station
Camelot,Week5,Shouse Village,Week3,213.0 Shouse Village - 189.0 Camelot
Camelot,Week2,Sideburn Run,Week3,225.0 Sideburn Run - 177.0 Camelot
Burke Station,Week4,Great Falls,Week2,244.0 Great Falls - 139.0 Burke Station
Burke Station,Week3,Newington Forest,Week2,204.0 Burke Station - 188.0 Newington Forest
Burke Station,Week5,Great Falls,Week2,227.0 Great Falls - 157.0 Burke Station
Burke Station,Week3,Great Falls,Week4,224.0 Great Falls - 159.0 Burke Station
Burke Station,Week4,Newington Forest,Week3,228.0 Newington Forest - 174.0 Burke Station
Camelot,Week5,Sideburn Run,Week5,232.0 Sideburn Run - 170.0 Camelot
Camelot,Week5,Shouse Village,Week2,209.0 Shouse Village - 193.0 Camelot
Burke Station,Week5,Newington Forest,Week1,230.0 Burke Station - 170.0 Newington Forest
Camelot,Week3,Sideburn Run,Week3,238.0 Sideburn Run - 164.0 Camelot
Camelot,Week1,North Springfield,Week4,283.0 Camelot - 107.0 North Springfield
Camelot,Week1,North Springfield,Week3,274.0 Camelot - 120.0 North Springfield
Camelot,Week5,Sideburn Run,Week4,232.0 Sideburn Run - 170.0 Camelot
Burke Station,Week2,North Springfield,Week5,186.0 North Springfield - 184.0 Burke Station
Camelot,Week1,Sideburn Run,Week4,235.5 Sideburn Run - 166.5 Camelot
Burke Station,Week4,North Springfield,Week1,244.0 Burke Station - 98.0 North Springfield
Burke Station,Week5,Great Falls,Week5,240.0 Great Falls - 157.0 Burke Station
Camelot,Week1,Sideburn Run,Week2,228.0 Sideburn Run - 174.0 Camelot
Burke Station,Week3,Great Falls,Week1,231.0 Great Falls - 165.0 Burke Station
Camelot,Week3,Sideburn Run,Week1,231.0 Sideburn Run - 171.0 Camelot
Burke Station,Week4,North Springfield,Week2,220.0 Burke Station - 165.0 North Springfield
Burke Station,Week1,Greenbriar,Week1,256.0 Greenbriar - 122.0 Burke Station
Camelot,Week4,Sideburn Run,Week3,248.5 Sideburn Run - 153.5 Camelot
Burke Station,Week4,Newington Forest,Week5,252.0 Newington Forest - 150.0 Burke Station
Burke Station,Week2,North Springfield,Week4,219.0 Burke Station - 169.0 North Springfield
Camelot,Week2,Sleepy Hollow B & R,Week5,259.0 Sleepy Hollow B & R - 143.0 Camelot
Burke Station,Week5,Newington Forest,Week3,220.0 Burke Station - 182.0 Newington Forest
Camelot,Week2,Sleepy Hollow B & R,Week1,217.0 Sleepy Hollow B & R - 185.0 Camelot
Burke Station,Week2,North Springfield,Week2,198.0 Burke Station - 185.0 North Springfield
Burke Station,Week5,Newington Forest,Week2,221.0 Burke Station - 176.0 Newington Forest
Burke Station,Week5,Hayfield Farm,Week4,256.0 Hayfield Farm - 146.0 Burke Station
Camelot,Week5,Sideburn Run,Week1,228.0 Sideburn Run - 174.0 Camelot
Camelot,Week1,Sleepy Hollow B & R,Week4,250.0 Sleepy Hollow B & R - 152.0 Camelot
Camelot,Week1,Sleepy Hollow Rec,Week3,207.0 Camelot - 195.0 Sleepy Hollow Rec
Burke Station,Week3,North Springfield,Week2,236.0 Burke Station - 145.0 North Springfield
Camelot,Week1,Sleepy Hollow B & R,Week5,278.0 Sleepy Hollow B & R - 124.0 Camelot
Burke Station,Week1,North Springfield,Week4,234.0 Burke Station - 133.0 North Springfield
Burke Station,Week3,Hayfield Farm,Week3,288.0 Hayfield Farm - 108.0 Burke Station
Burke Station,Week1,North Springfield,Week3,207.0 Burke Station - 163.0 North Springfield
Camelot,Week1,Sleepy Hollow B & R,Week1,235.0 Sleepy Hollow B & R - 167.0 Camelot
Burke Station,Week2,North Springfield,Week3,200.0 Burke Station - 192.0 North Springfield
Camelot,Week4,Sleepy Hollow B & R,Week3,243.0 Sleepy Hollow B & R - 159.0 Camelot
Camelot,Week4,Sleepy Hollow B & R,Week5,265.0 Sleepy Hollow B & R - 137.0 Camelot
Burke Station,Week5,Newington Forest,Week5,218.0 Newington Forest - 184.0 Burke Station
Burke Station,Week2,Hayfield Farm,Week1,280.0 Hayfield Farm - 122.0 Burke Station
Burke Station,Week2,North Springfield,Week1,210.0 Burke Station - 130.0 North Springfield
Burke Station,Week5,Newington Forest,Week4,212.0 Burke Station - 185.0 Newington Forest
Camelot,Week5,Sideburn Run,Week3,237.0 Sideburn Run - 165.0 Camelot
Burke Station,Week3,Great Falls,Week5,248.0 Great Falls - 143.0 Burke Station
Burke Station,Week3,Great Falls,Week2,225.0 Great Falls - 153.0 Burke Station
Camelot,Week1,Sleepy Hollow B & R,Week2,250.0 Sleepy Hollow B & R - 152.0 Camelot
Burke Station,Week1,Greenbriar,Week2,272.0 Greenbriar - 107.0 Burke Station
Burke Station,Week3,Great Falls,Week3,247.0 Great Falls - 144.0 Burke Station
Camelot,Week4,Sleepy Hollow B & R,Week4,264.5 Sleepy Hollow B & R - 137.5 Camelot
Broyhill Crest,Week5,Truro,Week1,297.0 Truro - 104.0 Broyhill Crest
Camelot,Week2,Sleepy Hollow B & R,Week3,233.0 Sleepy Hollow B & R - 169.0 Camelot
Camelot,Week3,Sleepy Hollow Rec,Week5,212.0 Camelot - 190.0 Sleepy Hollow Rec
Broyhill Crest,Week5,Wakefield Chapel,Week5,390.0 Wakefield Chapel - 12.0 Broyhill Crest
Broyhill Crest,Week4,Walden Glen,Week3,325.0 Walden Glen - 75.0 Broyhill Crest
Burke Station,Week5,North Springfield,Week2,233.0 Burke Station - 154.0 North Springfield
Camelot,Week3,Sleepy Hollow Rec,Week3,204.0 Camelot - 198.0 Sleepy Hollow Rec
Broyhill Crest,Week3,Walden Glen,Week4,335.0 Walden Glen - 61.0 Broyhill Crest
Burke Station,Week5,Hamlet,Week5,337.0 Hamlet - 65.0 Burke Station
Camelot,Week4,Sleepy Hollow Rec,Week3,215.0 Camelot - 187.0 Sleepy Hollow Rec
Burke Station,Week4,Oakton ,Week1,332.0 Oakton - 65.0 Burke Station
Burke Station,Week2,Oakton ,Week5,354.0 Oakton - 48.0 Burke Station
Camelot,Week2,Sleepy Hollow Rec,Week4,238.0 Camelot - 163.0 Sleepy Hollow Rec
Burke Station,Week1,Hayfield Farm,Week2,241.0 Hayfield Farm - 138.0 Burke Station
Camelot,Week3,Sleepy Hollow Rec,Week2,220.0 Camelot - 182.0 Sleepy Hollow Rec
Camelot,Week5,Sleepy Hollow B & R,Week5,280.0 Sleepy Hollow B & R - 122.0 Camelot
Burke Station,Week3,North Springfield,Week3,230.0 Burke Station - 157.0 North Springfield
Burke Station,Week2,Hayfield Farm,Week2,300.0 Hayfield Farm - 102.0 Burke Station
Burke Station,Week5,Hamlet,Week4,312.0 Hamlet - 90.0 Burke Station
Burke Station,Week2,Hayfield Farm,Week5,303.0 Hayfield Farm - 99.0 Burke Station
Broyhill Crest,Week1,Walden Glen,Week5,342.0 Walden Glen - 58.0 Broyhill Crest
Burke Station,Week3,Hayfield Farm,Week4,272.0 Hayfield Farm - 124.0 Burke Station
Burke Station,Week4,North Springfield,Week5,194.0 Burke Station - 174.0 North Springfield
Burke Station,Week3,Hayfield Farm,Week5,248.0 Hayfield Farm - 148.0 Burke Station
Burke Station,Week1,Oakton ,Week2,306.0 Oakton - 73.0 Burke Station
Broyhill Crest,Week5,Wakefield Chapel,Week4,387.0 Wakefield Chapel - 15.0 Broyhill Crest
Broyhill Crest,Week3,Walden Glen,Week1,300.0 Walden Glen - 96.0 Broyhill Crest
Burke Station,Week3,North Springfield,Week4,246.0 Burke Station - 142.0 North Springfield
Burke Station,Week2,Hayfield Farm,Week3,311.0 Hayfield Farm - 90.0 Burke Station
Broyhill Crest,Week5,Wakefield Chapel,Week3,382.0 Wakefield Chapel - 20.0 Broyhill Crest
Broyhill Crest,Week2,Vienna Woods,Week3,397.0 Vienna Woods - 5.0 Broyhill Crest
Burke Station,Week1,Oakton ,Week3,306.0 Oakton - 73.0 Burke Station
Burke Station,Week5,Oakton ,Week4,312.0 Oakton - 90.0 Burke Station
Burke Station,Week1,Oakton ,Week4,307.0 Oakton - 71.0 Burke Station
Camelot,Week3,Sleepy Hollow B & R,Week5,267.0 Sleepy Hollow B & R - 135.0 Camelot
Broyhill Crest,Week4,Walden Glen,Week2,318.0 Walden Glen - 82.0 Broyhill Crest
Broyhill Crest,Week3,Walden Glen,Week2,321.0 Walden Glen - 74.0 Broyhill Crest
Camelot,Week1,Sleepy Hollow Rec,Week1,241.0 Camelot - 161.0 Sleepy Hollow Rec
Broyhill Crest,Week3,Walden Glen,Week5,346.0 Walden Glen - 55.0 Broyhill Crest
Broyhill Crest,Week3,Walden Glen,Week3,335.0 Walden Glen - 66.0 Broyhill Crest
Camelot,Week3,Sleepy Hollow B & R,Week3,256.0 Sleepy Hollow B & R - 146.0 Camelot
Camelot,Week4,Sleepy Hollow B & R,Week2,236.0 Sleepy Hollow B & R - 166.0 Camelot
Burke Station,Week4,Hayfield Farm,Week4,297.0 Hayfield Farm - 105.0 Burke Station
Burke Station,Week5,Oakton ,Week3,305.0 Oakton - 92.0 Burke Station
Broyhill Crest,Week1,Waynewood,Week5,385.0 Waynewood - 17.0 Broyhill Crest
Broyhill Crest,Week4,Vienna Woods,Week5,393.0 Vienna Woods - 9.0 Broyhill Crest
Burke Station,Week4,Hayfield Farm,Week3,312.0 Hayfield Farm - 89.0 Burke Station
Burke Station,Week2,Oakton ,Week2,340.0 Oakton - 62.0 Burke Station
Broyhill Crest,Week3,Vienna Woods,Week5,394.0 Vienna Woods - 8.0 Broyhill Crest
Broyhill Crest,Week2,Vienna Woods,Week2,393.5 Vienna Woods - 8.5 Broyhill Crest
Burke Station,Week1,Old Keene Mill,Week2,200.0 Old Keene Mill - 179.0 Burke Station
Camelot,Week5,Sleepy Hollow B & R,Week3,249.0 Sleepy Hollow B & R - 153.0 Camelot
Broyhill Crest,Week1,Walden Glen,Week1,301.0 Walden Glen - 96.0 Broyhill Crest
Broyhill Crest,Week3,Vienna Woods,Week2,393.0 Vienna Woods - 8.0 Broyhill Crest
Camelot,Week5,Sleepy Hollow B & R,Week4,268.0 Sleepy Hollow B & R - 134.0 Camelot
Broyhill Crest,Week2,Waynewood,Week2,380.0 Waynewood - 20.0 Broyhill Crest
Burke Station,Week3,Hayfield Farm,Week2,274.0 Hayfield Farm - 123.0 Burke Station
Burke Station,Week5,North Springfield,Week5,215.0 Burke Station - 154.0 North Springfield
Broyhill Crest,Week4,Vienna Woods,Week4,387.0 Vienna Woods - 15.0 Broyhill Crest
Burke Station,Week1,Hayfield Farm,Week5,236.0 Hayfield Farm - 143.0 Burke Station
Camelot,Week5,Sleepy Hollow B & R,Week1,219.0 Sleepy Hollow B & R - 183.0 Camelot
Broyhill Crest,Week4,Wakefield Chapel,Week5,395.0 Wakefield Chapel - 7.0 Broyhill Crest
Burke Station,Week5,Hamlet,Week3,325.0 Hamlet - 77.0 Burke Station
Burke Station,Week4,Hayfield Farm,Week1,280.0 Hayfield Farm - 122.0 Burke Station
Broyhill Crest,Week2,Vienna Woods,Week1,387.0 Vienna Woods - 15.0 Broyhill Crest
Burke Station,Week3,Hayfield Farm,Week1,242.0 Hayfield Farm - 154.0 Burke Station
Broyhill Crest,Week3,Vienna Woods,Week3,398.0 Vienna Woods - 4.0 Broyhill Crest
Camelot,Week2,Sleepy Hollow B & R,Week2,235.0 Sleepy Hollow B & R - 167.0 Camelot
Burke Station,Week2,Oakton ,Week1,335.0 Oakton - 61.0 Burke Station
Burke Station,Week4,Hayfield Farm,Week2,294.0 Hayfield Farm - 108.0 Burke Station
Broyhill Crest,Week5,Vienna Woods,Week1,384.5 Vienna Woods - 17.5 Broyhill Crest
Burke Station,Week3,Oakton ,Week5,337.0 Oakton - 60.0 Burke Station
Broyhill Crest,Week2,Walden Glen,Week3,337.0 Walden Glen - 63.0 Broyhill Crest
Broyhill Crest,Week5,Vienna Aquatic,Week5,389.0 Vienna Aquatic - 12.0 Broyhill Crest
Camelot,Week4,Sleepy Hollow B & R,Week1,226.0 Sleepy Hollow B & R - 176.0 Camelot
Broyhill Crest,Week2,Walden Glen,Week1,309.0 Walden Glen - 92.0 Broyhill Crest
Burke Station,Week1,Hayfield Farm,Week1,232.0 Hayfield Farm - 147.0 Burke Station
Burke Station,Week5,Hamlet,Week1,318.0 Hamlet - 84.0 Burke Station
Burke Station,Week4,Oakton ,Week3,322.0 Oakton - 80.0 Burke Station
Burke Station,Week4,Hayfield Farm,Week5,297.0 Hayfield Farm - 105.0 Burke Station
Burke Station,Week5,Hayfield Farm,Week1,242.0 Hayfield Farm - 160.0 Burke Station
Broyhill Crest,Week1,Walden Glen,Week4,327.0 Walden Glen - 73.0 Broyhill Crest
Camelot,Week3,Sleepy Hollow B & R,Week1,233.0 Sleepy Hollow B & R - 169.0 Camelot
Broyhill Crest,Week2,Walden Glen,Week2,324.0 Walden Glen - 76.0 Broyhill Crest
Camelot,Week1,Sleepy Hollow Rec,Week2,229.0 Camelot - 173.0 Sleepy Hollow Rec
Broyhill Crest,Week5,Vienna Woods,Week3,396.0 Vienna Woods - 6.0 Broyhill Crest
Burke Station,Week1,Hayfield Farm,Week3,261.0 Hayfield Farm - 118.0 Burke Station
Burke Station,Week3,Oakton ,Week2,330.0 Oakton - 67.0 Burke Station
Camelot,Week2,Sleepy Hollow B & R,Week4,244.0 Sleepy Hollow B & R - 158.0 Camelot
Broyhill Crest,Week5,Vienna Woods,Week2,383.0 Vienna Woods - 18.0 Broyhill Crest
Burke Station,Week1,Hayfield Farm,Week4,262.0 Hayfield Farm - 117.0 Burke Station
Camelot,Week3,Sleepy Hollow B & R,Week4,261.0 Sleepy Hollow B & R - 141.0 Camelot
Broyhill Crest,Week1,Vienna Woods,Week5,394.0 Vienna Woods - 8.0 Broyhill Crest
Broyhill Crest,Week2,Walden Glen,Week4,331.0 Walden Glen - 71.0 Broyhill Crest
Camelot,Week3,Sleepy Hollow B & R,Week2,250.0 Sleepy Hollow B & R - 152.0 Camelot
Burke Station,Week4,Oakton ,Week4,337.0 Oakton - 65.0 Burke Station
Broyhill Crest,Week5,Wakefield Chapel,Week2,389.0 Wakefield Chapel - 13.0 Broyhill Crest
Burke Station,Week5,North Springfield,Week4,240.0 Burke Station - 149.0 North Springfield
Broyhill Crest,Week2,Vienna Woods,Week4,388.0 Vienna Woods - 14.0 Broyhill Crest
Broyhill Crest,Week1,Walden Glen,Week3,328.0 Walden Glen - 68.0 Broyhill Crest
Burke Station,Week2,Oakton ,Week3,336.0 Oakton - 66.0 Burke Station
Burke Station,Week5,North Springfield,Week1,257.0 Burke Station - 92.0 North Springfield
Burke Station,Week5,Hayfield Farm,Week2,264.0 Hayfield Farm - 138.0 Burke Station
Camelot,Week2,Sleepy Hollow Rec,Week1,244.5 Camelot - 157.5 Sleepy Hollow Rec
Broyhill Crest,Week4,Wakefield Chapel,Week4,392.0 Wakefield Chapel - 10.0 Broyhill Crest
Burke Station,Week2,Hayfield Farm,Week4,305.0 Hayfield Farm - 97.0 Burke Station
Camelot,Week1,Sleepy Hollow Rec,Week5,206.0 Camelot - 196.0 Sleepy Hollow Rec
Broyhill Crest,Week5,Wakefield Chapel,Week1,385.0 Wakefield Chapel - 17.0 Broyhill Crest
Burke Station,Week1,Oakton ,Week5,314.0 Oakton - 65.0 Burke Station
Burke Station,Week2,Herndon,Week3,209.0 Burke Station - 184.0 Herndon
Camelot,Week2,Sleepy Hollow Rec,Week2,235.0 Camelot - 167.0 Sleepy Hollow Rec
Broyhill Crest,Week3,Vienna Woods,Week1,386.0 Vienna Woods - 16.0 Broyhill Crest
Burke Station,Week4,North Springfield,Week4,236.5 Burke Station - 150.5 North Springfield
Broyhill Crest,Week1,Vienna Woods,Week1,384.0 Vienna Woods - 8.0 Broyhill Crest
Burke Station,Week3,Oakton ,Week1,323.0 Oakton - 69.0 Burke Station
Broyhill Crest,Week4,Vienna Woods,Week1,381.0 Vienna Woods - 21.0 Broyhill Crest
Burke Station,Week5,Hayfield Farm,Week3,285.0 Hayfield Farm - 117.0 Burke Station
Burke Station,Week4,Oakton ,Week5,337.0 Oakton - 65.0 Burke Station
Broyhill Crest,Week4,Walden Glen,Week1,294.0 Walden Glen - 104.0 Broyhill Crest
Burke Station,Week5,Hamlet,Week2,336.5 Hamlet - 65.5 Burke Station
Broyhill Crest,Week2,Vienna Woods,Week5,392.0 Vienna Woods - 10.0 Broyhill Crest
Camelot,Week1,Sleepy Hollow Rec,Week4,230.0 Camelot - 172.0 Sleepy Hollow Rec
Broyhill Crest,Week2,Walden Glen,Week5,351.0 Walden Glen - 51.0 Broyhill Crest
Camelot,Week2,Sleepy Hollow Rec,Week3,213.5 Camelot - 188.5 Sleepy Hollow Rec
Broyhill Crest,Week5,Vienna Woods,Week4,382.0 Vienna Woods - 20.0 Broyhill Crest
Camelot,Week5,Sleepy Hollow B & R,Week2,253.0 Sleepy Hollow B & R - 149.0 Camelot
Broyhill Crest,Week1,Walden Glen,Week2,320.0 Walden Glen - 76.0 Broyhill Crest
Burke Station,Week4,Herndon,Week5,216.0 Burke Station - 183.0 Herndon
Burke Station,Week1,Oakton ,Week1,289.0 Oakton - 89.0 Burke Station
Broyhill Crest,Week3,Vienna Woods,Week4,392.0 Vienna Woods - 5.0 Broyhill Crest
Broyhill Crest,Week1,Waynewood,Week4,370.0 Waynewood - 31.0 Broyhill Crest
Broyhill Crest,Week4,Vienna Woods,Week2,389.0 Vienna Woods - 13.0 Broyhill Crest
Burke Station,Week5,Oakton ,Week1,317.0 Oakton - 80.0 Burke Station
Broyhill Crest,Week5,Walden Glen,Week5,331.0 Walden Glen - 70.0 Broyhill Crest
Burke Station,Week1,Hiddenbrook,Week3,212.0 Hiddenbrook - 167.0 Burke Station
Broyhill Crest,Week4,Walden Glen,Week5,342.0 Walden Glen - 60.0 Broyhill Crest
Burke Station,Week3,Oakton ,Week3,321.0 Oakton - 76.0 Burke Station
Camelot,Week4,Sleepy Hollow Rec,Week1,249.0 Camelot - 153.0 Sleepy Hollow Rec
Broyhill Crest,Week1,Vienna Woods,Week2,391.0 Vienna Woods - 11.0 Broyhill Crest
Broyhill Crest,Week1,Vienna Woods,Week4,386.0 Vienna Woods - 16.0 Broyhill Crest
Camelot,Week3,Sleepy Hollow Rec,Week1,244.0 Camelot - 158.0 Sleepy Hollow Rec
Camelot,Week2,Somerset-Olde Creek,Week3,277.0 Camelot - 122.0 Somerset-Olde Creek
Broyhill Crest,Week1,Waynewood,Week2,367.0 Waynewood - 34.0 Broyhill Crest
Broyhill Crest,Week5,Walden Glen,Week2,303.0 Walden Glen - 98.0 Broyhill Crest
Camelot,Week3,Sleepy Hollow Rec,Week4,230.0 Camelot - 172.0 Sleepy Hollow Rec
Broyhill Crest,Week5,Walden Glen,Week4,318.0 Walden Glen - 83.0 Broyhill Crest
Burke Station,Week5,North Springfield,Week3,225.0 Burke Station - 169.0 North Springfield
Burke Station,Week5,Herndon,Week4,250.0 Burke Station - 151.0 Herndon
Broyhill Crest,Week1,Vienna Woods,Week3,397.0 Vienna Woods - 5.0 Broyhill Crest
Burke Station,Week3,Oakton ,Week4,334.0 Oakton - 63.0 Burke Station
Camelot,Week2,Sleepy Hollow Rec,Week5,214.0 Camelot - 188.0 Sleepy Hollow Rec
Burke Station,Week1,Hiddenbrook,Week4,209.0 Hiddenbrook - 169.0 Burke Station
Burke Station,Week4,Oakton ,Week2,329.0 Oakton - 73.0 Burke Station
Burke Station,Week5,Oakton ,Week2,319.0 Oakton - 83.0 Burke Station
Burke Station,Week2,Oakton ,Week4,346.0 Oakton - 55.0 Burke Station
Burke Station,Week1,Hiddenbrook,Week5,217.0 Hiddenbrook - 161.0 Burke Station
Camelot,Week4,Sleepy Hollow Rec,Week2,234.0 Camelot - 168.0 Sleepy Hollow Rec
Camelot,Week2,Somerset-Olde Creek,Week2,278.0 Camelot - 122.0 Somerset-Olde Creek
Broyhill Crest,Week4,Walden Glen,Week4,323.0 Walden Glen - 79.0 Broyhill Crest
Broyhill Crest,Week5,Walden Glen,Week3,307.0 Walden Glen - 94.0 Broyhill Crest
Camelot,Week5,Sleepy Hollow Rec,Week2,243.0 Camelot - 159.0 Sleepy Hollow Rec
Burke Station,Week4,Herndon,Week4,207.0 Burke Station - 194.0 Herndon
Burke Station,Week1,Herndon,Week3,223.0 Burke Station - 152.0 Herndon
Burke Station,Week2,Herndon,Week2,214.0 Burke Station - 180.0 Herndon
Broyhill Crest,Week5,Vienna Aquatic,Week4,383.0 Vienna Aquatic - 19.0 Broyhill Crest
Broyhill Crest,Week5,Walden Glen,Week1,279.0 Walden Glen - 119.0 Broyhill Crest
Burke Station,Week5,Oakton ,Week5,328.0 Oakton - 74.0 Burke Station
Broyhill Crest,Week4,Vienna Woods,Week3,396.0 Vienna Woods - 6.0 Broyhill Crest
Burke Station,Week1,Hiddenbrook,Week1,191.0 Hiddenbrook - 184.0 Burke Station
Broyhill Crest,Week3,Waynewood,Week1,373.0 Waynewood - 29.0 Broyhill Crest
Camelot,Week4,Sleepy Hollow Rec,Week4,237.0 Camelot - 165.0 Sleepy Hollow Rec
Broyhill Crest,Week1,Waynewood,Week1,370.0 Waynewood - 31.0 Broyhill Crest
Camelot,Week3,Somerset-Olde Creek,Week5,251.0 Camelot - 149.0 Somerset-Olde Creek
Broyhill Crest,Week3,Waynewood,Week4,370.0 Waynewood - 31.0 Broyhill Crest
Burke Station,Week2,Old Keene Mill,Week4,227.0 Old Keene Mill - 175.0 Burke Station
Burke Station,Week1,Orange Hunt,Week5,278.0 Orange Hunt - 100.0 Burke Station
Camelot,Week1,Somerset-Olde Creek,Week1,267.0 Camelot - 133.0 Somerset-Olde Creek
Camelot,Week1,Somerset-Olde Creek,Week2,290.0 Camelot - 111.0 Somerset-Olde Creek
Burke Station,Week4,Old Keene Mill,Week3,215.0 Old Keene Mill - 187.0 Burke Station
Camelot,Week2,Somerset-Olde Creek,Week4,263.0 Camelot - 137.0 Somerset-Olde Creek
Burke Station,Week1,Old Keene Mill,Week5,195.0 Old Keene Mill - 184.0 Burke Station
Burke Station,Week1,Herndon,Week5,217.0 Burke Station - 160.0 Herndon
Burke Station,Week5,Hayfield Farm,Week5,253.0 Hayfield Farm - 149.0 Burke Station
Burke Station,Week3,Herndon,Week5,242.0 Burke Station - 151.0 Herndon
Burke Station,Week1,Orange Hunt,Week1,265.0 Orange Hunt - 113.0 Burke Station
Broyhill Crest,Week2,Waynewood,Week5,387.0 Waynewood - 15.0 Broyhill Crest
Burke Station,Week4,Old Keene Mill,Week1,214.0 Old Keene Mill - 188.0 Burke Station
Burke Station,Week3,Herndon,Week4,237.0 Burke Station - 158.0 Herndon
Broyhill Crest,Week2,Waynewood,Week1,378.0 Waynewood - 24.0 Broyhill Crest
Broyhill Crest,Week2,Waynewood,Week3,388.0 Waynewood - 14.0 Broyhill Crest
Burke Station,Week5,Herndon,Week2,246.0 Burke Station - 150.0 Herndon
Camelot,Week5,Sleepy Hollow Rec,Week3,220.0 Camelot - 182.0 Sleepy Hollow Rec
Broyhill Crest,Week3,Waynewood,Week2,374.0 Waynewood - 27.0 Broyhill Crest
Camelot,Week1,Somerset-Olde Creek,Week5,248.0 Camelot - 152.0 Somerset-Olde Creek
Burke Station,Week2,Herndon,Week4,211.0 Burke Station - 190.0 Herndon
Camelot,Week3,Somerset-Olde Creek,Week1,274.0 Camelot - 125.0 Somerset-Olde Creek
Burke Station,Week3,Herndon,Week2,244.0 Burke Station - 145.0 Herndon
Broyhill Crest,Week1,Waynewood,Week3,382.0 Waynewood - 20.0 Broyhill Crest
Burke Station,Week4,Herndon,Week2,221.5 Burke Station - 171.5 Herndon
Burke Station,Week1,Old Keene Mill,Week1,190.0 Burke Station - 188.0 Old Keene Mill
Burke Station,Week3,Old Keene Mill,Week1,213.0 Burke Station - 183.0 Old Keene Mill
Camelot,Week5,Sleepy Hollow Rec,Week1,249.5 Camelot - 152.5 Sleepy Hollow Rec
Burke Station,Week4,Burke Station,Week2,207.0 Burke Station (BKS2) - 185.0 Burke Station (BKS1)
Burke Station,Week2,Old Keene Mill,Week1,229.0 Old Keene Mill - 172.0 Burke Station
Burke Station,Week4,Herndon,Week1,214.0 Burke Station - 179.0 Herndon
Burke Station,Week1,Herndon,Week4,219.0 Burke Station - 160.0 Herndon
Broyhill Crest,Week4,Waynewood,Week4,361.0 Waynewood - 40.0 Broyhill Crest
Burke Station,Week1,Burke Station,Week4,220.0 Burke Station (BKS1) - 157.0 Burke Station (BKS2)
Burke Station,Week4,Old Keene Mill,Week2,229.0 Old Keene Mill - 173.0 Burke Station
Burke Station,Week3,Long Branch,Week3,203.0 Long Branch - 193.0 Burke Station
Camelot,Week4,Somerset-Olde Creek,Week2,293.0 Camelot - 109.0 Somerset-Olde Creek
Broyhill Crest,Week3,Waynewood,Week3,382.0 Waynewood - 20.0 Broyhill Crest
Broyhill Crest,Week4,Waynewood,Week2,367.0 Waynewood - 34.0 Broyhill Crest
Camelot,Week4,Sleepy Hollow Rec,Week5,218.0 Camelot - 184.0 Sleepy Hollow Rec
Burke Station,Week3,Herndon,Week3,242.0 Burke Station - 149.0 Herndon
Burke Station,Week1,Mansion House,Week1,241.0 Mansion House - 137.0 Burke Station
Broyhill Crest,Week4,Waynewood,Week1,361.0 Waynewood - 41.0 Broyhill Crest
Burke Station,Week4,Old Keene Mill,Week5,231.0 Old Keene Mill - 170.0 Burke Station
Burke Station,Week3,Herndon,Week1,243.0 Burke Station - 140.0 Herndon
Burke Station,Week4,Old Keene Mill,Week4,206.0 Old Keene Mill - 196.0 Burke Station
Burke Station,Week5,Herndon,Week3,245.0 Burke Station - 146.0 Herndon
Burke Station,Week2,Long Branch,Week1,227.5 Long Branch - 163.5 Burke Station
Burke Station,Week3,Long Branch,Week4,211.0 Long Branch - 186.0 Burke Station
Burke Station,Week4,Broyhill Crest,Week1,263.0 Burke Station - 129.0 Broyhill Crest
Camelot,Week5,Sleepy Hollow Rec,Week4,245.0 Camelot - 157.0 Sleepy Hollow Rec
Camelot,Week3,Somerset-Olde Creek,Week2,287.0 Camelot - 113.0 Somerset-Olde Creek
Burke Station,Week1,Long Branch,Week3,214.5 Long Branch - 163.5 Burke Station
Burke Station,Week3,Broyhill Crest,Week4,280.0 Burke Station - 109.0 Broyhill Crest
Burke Station,Week3,Old Keene Mill,Week2,200.0 Old Keene Mill - 196.0 Burke Station
Broyhill Crest,Week3,Waynewood,Week5,386.0 Waynewood - 16.0 Broyhill Crest
Broyhill Crest,Week4,Waynewood,Week3,376.0 Waynewood - 26.0 Broyhill Crest
Burke Station,Week1,Old Keene Mill,Week3,192.0 Old Keene Mill - 187.0 Burke Station
Camelot,Week2,Somerset-Olde Creek,Week5,253.0 Camelot - 146.0 Somerset-Olde Creek
Broyhill Crest,Week4,Waynewood,Week5,377.0 Waynewood - 25.0 Broyhill Crest
Burke Station,Week2,Herndon,Week1,214.0 Burke Station - 175.0 Herndon
Burke Station,Week5,Long Branch,Week2,221.0 Long Branch - 181.0 Burke Station
Burke Station,Week4,Long Branch,Week5,252.0 Long Branch - 150.0 Burke Station
Burke Station,Week2,Long Branch,Week4,238.0 Long Branch - 163.0 Burke Station
Burke Station,Week5,Broyhill Crest,Week1,286.0 Burke Station - 111.0 Broyhill Crest
Broyhill Crest,Week5,Waynewood,Week1,364.0 Waynewood - 38.0 Broyhill Crest
Burke Station,Week1,Orange Hunt,Week4,258.0 Orange Hunt - 120.0 Burke Station
Burke Station,Week2,Long Branch,Week3,228.0 Long Branch - 172.0 Burke Station
Burke Station,Week5,Old Keene Mill,Week2,207.0 Old Keene Mill - 195.0 Burke Station
Camelot,Week4,Somerset-Olde Creek,Week3,296.0 Camelot - 106.0 Somerset-Olde Creek
Burke Station,Week4,Herndon,Week3,224.0 Burke Station - 173.0 Herndon
Burke Station,Week3,Burke Station,Week5,212.0 Burke Station (BKS2) - 172.0 Burke Station (BKS1)
Burke Station,Week1,Herndon,Week1,233.0 Burke Station - 141.0 Herndon
Burke Station,Week1,Orange Hunt,Week2,266.0 Orange Hunt - 112.0 Burke Station
Burke Station,Week3,Long Branch,Week5,216.0 Long Branch - 179.0 Burke Station
Burke Station,Week2,Long Branch,Week5,255.0 Long Branch - 143.0 Burke Station
Burke Station,Week4,Long Branch,Week4,247.0 Long Branch - 155.0 Burke Station
Camelot,Week4,Somerset-Olde Creek,Week4,269.0 Camelot - 133.0 Somerset-Olde Creek
Burke Station,Week5,Herndon,Week5,237.0 Burke Station - 163.0 Herndon
Burke Station,Week3,Burke Station,Week3,185.5 Burke Station (BKS1) - 185.5 Burke Station (BKS2)
Burke Station,Week4,Broyhill Crest,Week4,261.0 Burke Station - 134.0 Broyhill Crest
Burke Station,Week5,Herndon,Week1,252.0 Burke Station - 142.0 Herndon
Burke Station,Week3,Old Keene Mill,Week3,199.0 Burke Station - 198.0 Old Keene Mill
Broyhill Crest,Week2,Waynewood,Week4,377.0 Waynewood - 24.0 Broyhill Crest
Camelot,Week5,Sleepy Hollow Rec,Week5,224.0 Camelot - 178.0 Sleepy Hollow Rec
Camelot,Week1,Somerset-Olde Creek,Week4,269.5 Camelot - 131.5 Somerset-Olde Creek
Burke Station,Week4,Burke Station,Week1,220.0 Burke Station (BKS2) - 157.0 Burke Station (BKS1)
Burke Station,Week5,Old Keene Mill,Week5,210.0 Old Keene Mill - 192.0 Burke Station
Burke Station,Week5,Broyhill Crest,Week2,302.0 Burke Station - 98.0 Broyhill Crest
Camelot,Week3,Somerset-Olde Creek,Week4,271.0 Camelot - 130.0 Somerset-Olde Creek
Burke Station,Week2,Herndon,Week5,212.0 Burke Station - 187.0 Herndon
Burke Station,Week5,Broyhill Crest,Week3,297.0 Burke Station - 100.0 Broyhill Crest
Burke Station,Week5,Old Keene Mill,Week3,202.0 Old Keene Mill - 200.0 Burke Station
Burke Station,Week1,Herndon,Week2,230.0 Burke Station - 148.0 Herndon
Camelot,Week2,Somerset-Olde Creek,Week1,266.0 Camelot - 133.0 Somerset-Olde Creek
Burke Station,Week2,Burke Station,Week3,215.0 Burke Station (BKS2) - 164.0 Burke Station (BKS1)
Burke Station,Week2,Old Keene Mill,Week2,238.5 Old Keene Mill - 163.5 Burke Station
Burke Station,Week1,Mansion House,Week3,246.0 Mansion House - 132.0 Burke Station
Burke Station,Week2,Mansion House,Week3,302.0 Mansion House - 99.0 Burke Station
Burke Station,Week1,Hiddenbrook,Week2,199.0 Burke Station - 179.0 Hiddenbrook
Camelot,Week4,Somerset-Olde Creek,Week1,276.0 Camelot - 126.0 Somerset-Olde Creek
Burke Station,Week5,Broyhill Crest,Week5,274.0 Burke Station - 127.0 Broyhill Crest
Burke Station,Week2,Long Branch,Week2,246.0 Long Branch - 152.0 Burke Station
Burke Station,Week3,Old Keene Mill,Week4,201.0 Burke Station - 196.0 Old Keene Mill
Burke Station,Week2,Hiddenbrook,Week1,236.0 Hiddenbrook - 162.0 Burke Station
Burke Station,Week2,Old Keene Mill,Week3,233.0 Old Keene Mill - 169.0 Burke Station
Burke Station,Week2,Hiddenbrook,Week3,253.0 Hiddenbrook - 148.0 Burke Station
Burke Station,Week3,Old Keene Mill,Week5,204.5 Old Keene Mill - 192.5 Burke Station
Camelot,Week4,Somerset-Olde Creek,Week5,262.0 Camelot - 140.0 Somerset-Olde Creek
Burke Station,Week2,Burke Station,Week1,218.0 Burke Station (BKS2) - 150.0 Burke Station (BKS1)
Burke Station,Week2,Hiddenbrook,Week4,242.0 Hiddenbrook - 158.0 Burke Station
Burke Station,Week1,Old Keene Mill,Week4,190.0 Old Keene Mill - 189.0 Burke Station
Camelot,Week3,Somerset-Olde Creek,Week3,282.0 Camelot - 117.0 Somerset-Olde Creek
Burke Station,Week1,Long Branch,Week2,202.0 Long Branch - 173.0 Burke Station
Burke Station,Week2,Hiddenbrook,Week2,216.0 Hiddenbrook - 180.0 Burke Station
Burke Station,Week1,Long Branch,Week5,213.0 Long Branch - 162.0 Burke Station
Camelot,Week4,South Run,Week1,221.0 South Run - 172.0 Camelot
Burke Station,Week2,Burke Station,Week4,207.0 Burke Station (BKS1) - 185.0 Burke Station (BKS2)
Burke Station,Week3,Long Branch,Week2,212.0 Long Branch - 184.0 Burke Station
Camelot,Week2,South Run,Week3,213.0 South Run - 188.0 Camelot
Burke Station,Week3,Burke Station,Week1,185.0 Burke Station (BKS1) - 181.0 Burke Station (BKS2)
Burke Station,Week3,Greenbriar,Week4,253.0 Greenbriar - 143.0 Burke Station
Burke Station,Week5,Old Keene Mill,Week1,202.0 Burke Station - 199.0 Old Keene Mill
Camelot,Week3,South Run,Week2,200.0 Camelot - 200.0 South Run
Burke Station,Week1,Burke Station,Week1,183.0 Burke Station (BKS1) - 183.0 Burke Station (BKS2)
Camelot,Week1,Somerset-Olde Creek,Week3,276.0 Camelot - 125.0 Somerset-Olde Creek
Burke Station,Week2,Old Keene Mill,Week5,237.5 Old Keene Mill - 163.5 Burke Station
Burke Station,Week2,Orange Hunt,Week2,303.0 Orange Hunt - 98.0 Burke Station
Burke Station,Week5,Old Keene Mill,Week4,215.0 Burke Station - 187.0 Old Keene Mill
Camelot,Week3,South Run,Week5,221.0 South Run - 181.0 Camelot
Burke Station,Week3,Burke Station,Week2,215.0 Burke Station (BKS1) - 164.0 Burke Station (BKS2)
Burke Station,Week2,Greenbriar,Week1,296.0 Greenbriar - 105.0 Burke Station
Burke Station,Week1,Orange Hunt,Week3,277.0 Orange Hunt - 101.0 Burke Station
Burke Station,Week4,Broyhill Crest,Week3,280.0 Burke Station - 113.0 Broyhill Crest
Burke Station,Week1,Burke Station,Week5,210.0 Burke Station (BKS2) - 167.0 Burke Station (BKS1)
Burke Station,Week4,Long Branch,Week1,236.0 Long Branch - 161.0 Burke Station
Burke Station,Week2,Orange Hunt,Week1,303.0 Orange Hunt - 98.0 Burke Station
Burke Station,Week3,Long Branch,Week1,198.0 Burke Station - 193.0 Long Branch
Burke Station,Week1,Long Branch,Week4,215.0 Long Branch - 163.0 Burke Station
Burke Station,Week5,Long Branch,Week5,225.0 Long Branch - 177.0 Burke Station
Burke Station,Week3,Greenbriar,Week3,286.0 Greenbriar - 110.0 Burke Station
Camelot,Week2,South Run,Week1,204.0 South Run - 188.0 Camelot
Camelot,Week1,South Run,Week3,212.0 South Run - 190.0 Camelot
Burke Station,Week1,Hamlet,Week1,306.0 Hamlet - 69.0 Burke Station
Burke Station,Week4,Greenbriar,Week4,282.0 Greenbriar - 120.0 Burke Station
Burke Station,Week1,Burke Station,Week2,218.0 Burke Station (BKS1) - 150.0 Burke Station (BKS2)
Burke Station,Week1,Overlee,Week3,336.0 Overlee - 43.0 Burke Station
Burke Station,Week2,Hamlet,Week2,355.0 Hamlet - 47.0 Burke Station
Burke Station,Week4,Long Branch,Week3,229.0 Long Branch - 172.0 Burke Station
Burke Station,Week3,Crosspointe,Week3,303.0 Crosspointe - 94.0 Burke Station
Camelot,Week4,South Run,Week3,220.0 South Run - 182.0 Camelot
Burke Station,Week3,Broyhill Crest,Week5,262.0 Burke Station - 129.0 Broyhill Crest
Burke Station,Week2,Burke Station,Week2,190.5 Burke Station (BKS1) - 190.5 Burke Station (BKS2)
Camelot,Week5,South Run,Week5,213.0 South Run - 189.0 Camelot
Burke Station,Week2,Hamlet,Week4,333.0 Hamlet - 69.0 Burke Station
Burke Station,Week5,Long Branch,Week1,205.0 Burke Station - 192.0 Long Branch
Burke Station,Week5,Country Club Hills,Week5,244.0 Country Club Hills - 158.0 Burke Station
Burke Station,Week5,Country Club Hills,Week4,216.5 Country Club Hills - 185.5 Burke Station
Burke Station,Week3,Crosspointe,Week1,309.0 Crosspointe - 88.0 Burke Station
Burke Station,Week4,Long Branch,Week2,243.0 Long Branch - 159.0 Burke Station
Burke Station,Week1,Hamlet,Week2,318.0 Hamlet - 61.0 Burke Station
Burke Station,Week4,Broyhill Crest,Week2,273.0 Burke Station - 124.0 Broyhill Crest
Burke Station,Week2,Burke Station,Week5,243.0 Burke Station (BKS2) - 151.0 Burke Station (BKS1)
Burke Station,Week5,Orange Hunt,Week3,274.0 Orange Hunt - 128.0 Burke Station
Burke Station,Week2,Crosspointe,Week3,319.0 Crosspointe - 83.0 Burke Station
Camelot,Week1,South Run,Week5,221.0 South Run - 181.0 Camelot
Burke Station,Week1,Greenbriar,Week5,265.0 Greenbriar - 114.0 Burke Station
Burke Station,Week3,Burke Station,Week4,232.0 Burke Station (BKS1) - 151.0 Burke Station (BKS2)
Burke Station,Week3,Orange Hunt,Week1,274.0 Orange Hunt - 122.0 Burke Station
Burke Station,Week5,Long Branch,Week4,212.0 Long Branch - 190.0 Burke Station
Burke Station,Week4,Orange Hunt,Week3,293.0 Orange Hunt - 109.0 Burke Station
Burke Station,Week1,Mansion House,Week2,228.0 Mansion House - 147.0 Burke Station
Camelot,Week5,Somerset-Olde Creek,Week5,270.0 Camelot - 131.0 Somerset-Olde Creek
Camelot,Week1,South Run,Week4,211.0 South Run - 190.0 Camelot
Burke Station,Week3,Orange Hunt,Week3,282.0 Orange Hunt - 115.0 Burke Station
Burke Station,Week2,Mansion House,Week1,277.0 Mansion House - 119.0 Burke Station
Burke Station,Week4,Greenbriar,Week1,285.0 Greenbriar - 117.0 Burke Station
Burke Station,Week2,Overlee,Week5,392.0 Overlee - 10.0 Burke Station
Camelot,Week2,South Run,Week5,225.0 South Run - 177.0 Camelot
Camelot,Week5,Somerset-Olde Creek,Week2,302.0 Camelot - 98.0 Somerset-Olde Creek
Burke Station,Week1,Mansion House,Week5,257.0 Mansion House - 122.0 Burke Station
Burke Station,Week1,Burke Station,Week3,185.0 Burke Station (BKS2) - 181.0 Burke Station (BKS1)
Burke Station,Week4,Greenbriar,Week2,292.0 Greenbriar - 109.0 Burke Station
Burke Station,Week5,Broyhill Crest,Week4,279.0 Burke Station - 121.0 Broyhill Crest
Burke Station,Week4,Country Club Hills,Week5,271.0 Country Club Hills - 131.0 Burke Station
Camelot,Week2,South Run,Week2,200.0 South Run - 199.0 Camelot
Camelot,Week4,South Run,Week4,203.0 South Run - 198.0 Camelot
Burke Station,Week4,Orange Hunt,Week5,298.0 Orange Hunt - 103.0 Burke Station
Burke Station,Week5,Orange Hunt,Week2,265.0 Orange Hunt - 137.0 Burke Station
Burke Station,Week2,Greenbriar,Week2,306.0 Greenbriar - 96.0 Burke Station
Burke Station,Week4,Crosspointe,Week2,322.0 Crosspointe - 80.0 Burke Station
Burke Station,Week4,Broyhill Crest,Week5,250.0 Burke Station - 148.0 Broyhill Crest
Burke Station,Week5,Long Branch,Week3,201.0 Burke Station - 201.0 Long Branch
Burke Station,Week5,Country Club Hills,Week2,244.0 Country Club Hills - 158.0 Burke Station
Burke Station,Week1,Hamlet,Week4,296.0 Hamlet - 83.0 Burke Station
Burke Station,Week1,Mantua,Week4,287.0 Mantua - 92.0 Burke Station
Burke Station,Week1,Daventry,Week3,204.0 Burke Station - 170.0 Daventry
Burke Station,Week2,Greenbriar,Week4,286.0 Greenbriar - 115.0 Burke Station
Burke Station,Week1,Hamlet,Week5,325.5 Hamlet - 53.5 Burke Station
Burke Station,Week5,Burke Station,Week4,249.0 Burke Station (BKS1) - 146.0 Burke Station (BKS2)
Burke Station,Week4,Burke Station,Week5,249.0 Burke Station (BKS2) - 146.0 Burke Station (BKS1)
Burke Station,Week4,Camelot,Week4,268.0 Camelot - 134.0 Burke Station
Camelot,Week5,Somerset-Olde Creek,Week3,303.0 Camelot - 97.0 Somerset-Olde Creek
Burke Station,Week5,Camelot,Week3,215.0 Camelot - 187.0 Burke Station
Burke Station,Week5,Camelot,Week1,220.0 Camelot - 181.0 Burke Station
Burke Station,Week1,Greenbriar,Week3,278.0 Greenbriar - 101.0 Burke Station
Burke Station,Week4,Greenbriar,Week5,290.0 Greenbriar - 112.0 Burke Station
Burke Station,Week2,Mantua,Week5,336.0 Mantua - 65.0 Burke Station
Burke Station,Week4,Greenbriar,Week3,295.0 Greenbriar - 107.0 Burke Station
Burke Station,Week2,Overlee,Week1,379.0 Overlee - 23.0 Burke Station
Burke Station,Week5,Burke Station,Week3,212.0 Burke Station (BKS1) - 172.0 Burke Station (BKS2)
Burke Station,Week1,Crosspointe,Week2,284.0 Crosspointe - 95.0 Burke Station
Burke Station,Week2,Crosspointe,Week1,326.0 Crosspointe - 76.0 Burke Station
Burke Station,Week3,Crosspointe,Week2,295.0 Crosspointe - 102.0 Burke Station
Burke Station,Week2,Mantua,Week3,347.0 Mantua - 54.0 Burke Station
Burke Station,Week2,Overlee,Week4,383.0 Overlee - 19.0 Burke Station
Camelot,Week5,South Run,Week2,205.0 Camelot - 193.0 South Run
Burke Station,Week1,Overlee,Week4,356.0 Overlee - 23.0 Burke Station
Burke Station,Week5,Crosspointe,Week1,307.0 Crosspointe - 95.0 Burke Station
Camelot,Week5,Somerset-Olde Creek,Week1,289.0 Camelot - 111.0 Somerset-Olde Creek
Burke Station,Week3,Mantua,Week2,291.0 Mantua - 102.0 Burke Station
Burke Station,Week2,Mansion House,Week2,289.0 Mansion House - 104.0 Burke Station
Camelot,Week3,Springboard,Week4,225.0 Camelot - 176.0 Springboard
Burke Station,Week5,Orange Hunt,Week5,280.0 Orange Hunt - 122.0 Burke Station
Camelot,Week5,South Run,Week1,199.0 Camelot - 194.0 South Run
Burke Station,Week2,Orange Hunt,Week5,313.0 Orange Hunt - 88.0 Burke Station
Burke Station,Week3,Greenbriar,Week2,288.5 Greenbriar - 106.5 Burke Station
Burke Station,Week2,Mansion House,Week5,311.0 Mansion House - 91.0 Burke Station
Burke Station,Week1,Mansion House,Week4,220.0 Mansion House - 158.0 Burke Station
Burke Station,Week3,Orange Hunt,Week5,287.5 Orange Hunt - 108.5 Burke Station
Burke Station,Week2,Mansion House,Week4,287.0 Mansion House - 108.0 Burke Station
Burke Station,Week2,Camelot,Week1,261.0 Camelot - 139.0 Burke Station
Burke Station,Week4,Country Club Hills,Week3,263.0 Country Club Hills - 139.0 Burke Station
Burke Station,Week3,Greenbriar,Week5,274.0 Greenbriar - 123.0 Burke Station
Burke Station,Week4,Country Club Hills,Week2,269.0 Country Club Hills - 133.0 Burke Station
Burke Station,Week5,Orange Hunt,Week1,261.0 Orange Hunt - 141.0 Burke Station
Burke Station,Week1,Greenbriar,Week4,251.0 Greenbriar - 127.0 Burke Station
Burke Station,Week3,Mansion House,Week1,258.0 Mansion House - 134.0 Burke Station
Burke Station,Week5,Country Club Hills,Week1,235.0 Country Club Hills - 167.0 Burke Station
Camelot,Week5,Somerset-Olde Creek,Week4,300.0 Camelot - 102.0 Somerset-Olde Creek
Burke Station,Week2,Greenbriar,Week5,299.5 Greenbriar - 102.5 Burke Station
Burke Station,Week3,Orange Hunt,Week4,270.0 Orange Hunt - 126.0 Burke Station
Burke Station,Week5,Burke Station,Week5,194.5 Burke Station (BKS1) - 194.5 Burke Station (BKS2)
Camelot,Week2,South Run,Week4,201.0 South Run - 199.0 Camelot
Burke Station,Week4,Burke Station,Week3,232.0 Burke Station (BKS2) - 151.0 Burke Station (BKS1)
Burke Station,Week4,Orange Hunt,Week1,290.0 Orange Hunt - 112.0 Burke Station
Camelot,Week1,South Run,Week1,208.0 South Run - 185.0 Camelot
Camelot,Week1,South Run,Week2,202.0 South Run - 199.0 Camelot
Burke Station,Week1,Crosspointe,Week1,293.0 Crosspointe - 86.0 Burke Station
Burke Station,Week4,Orange Hunt,Week4,286.0 Orange Hunt - 116.0 Burke Station
Burke Station,Week3,Mansion House,Week4,252.0 Mansion House - 139.0 Burke Station
Burke Station,Week2,Camelot,Week5,268.0 Camelot - 133.0 Burke Station
Camelot,Week3,South Run,Week1,214.0 South Run - 178.0 Camelot
Burke Station,Week5,Greenbriar,Week1,266.0 Greenbriar - 136.0 Burke Station
Burke Station,Week2,Camelot,Week2,250.0 Camelot - 147.0 Burke Station
Burke Station,Week5,Country Club Hills,Week3,238.0 Country Club Hills - 164.0 Burke Station
Burke Station,Week5,Cardinal Hill,Week5,286.0 Cardinal Hill - 116.0 Burke Station
Burke Station,Week5,Greenbriar,Week5,261.0 Greenbriar - 140.0 Burke Station
Burke Station,Week5,Mansion House,Week4,247.0 Mansion House - 150.0 Burke Station
Burke Station,Week5,Greenbriar,Week3,275.0 Greenbriar - 127.0 Burke Station
Burke Station,Week5,Camelot,Week5,244.0 Camelot - 158.0 Burke Station
Burke Station,Week2,Crosspointe,Week5,339.0 Crosspointe - 62.0 Burke Station
Burke Station,Week5,Greenbriar,Week4,247.0 Greenbriar - 155.0 Burke Station
Burke Station,Week4,Camelot,Week1,267.0 Camelot - 134.0 Burke Station
Burke Station,Week2,Overlee,Week3,375.0 Overlee - 27.0 Burke Station
Burke Station,Week2,Overlee,Week2,378.0 Overlee - 24.0 Burke Station
Camelot,Week3,South Run,Week4,215.0 South Run - 185.0 Camelot
Camelot,Week4,South Run,Week2,202.0 Camelot - 199.0 South Run
Burke Station,Week2,Greenbriar,Week3,302.0 Greenbriar - 100.0 Burke Station
Camelot,Week5,South Run,Week4,207.5 Camelot - 190.5 South Run
Burke Station,Week1,Camelot,Week1,222.0 Camelot - 156.0 Burke Station
Burke Station,Week4,Chesterbrook,Week4,378.0 Chesterbrook - 24.0 Burke Station
Camelot,Week3,South Run,Week3,209.0 South Run - 192.0 Camelot
Burke Station,Week3,Camelot,Week2,231.0 Camelot - 161.0 Burke Station
Burke Station,Week3,Crosspointe,Week5,313.0 Crosspointe - 84.0 Burke Station
Burke Station,Week5,Orange Hunt,Week4,258.0 Orange Hunt - 139.0 Burke Station
Burke Station,Week3,Camelot,Week1,228.0 Camelot - 164.0 Burke Station
Burke Station,Week4,Mansion House,Week1,291.0 Mansion House - 106.0 Burke Station
Burke Station,Week1,Overlee,Week2,344.0 Overlee - 35.0 Burke Station
Burke Station,Week3,Greenbriar,Week1,277.0 Greenbriar - 120.0 Burke Station
Burke Station,Week3,Crosspointe,Week4,306.0 Crosspointe - 91.0 Burke Station
Burke Station,Week1,Crosspointe,Week4,284.0 Crosspointe - 95.0 Burke Station
Camelot,Week5,South Run,Week3,201.0 South Run - 200.0 Camelot
Camelot,Week4,South Run,Week5,216.0 South Run - 186.0 Camelot
Burke Station,Week2,Crosspointe,Week4,326.0 Crosspointe - 76.0 Burke Station
Burke Station,Week2,Camelot,Week4,250.0 Camelot - 151.0 Burke Station
Burke Station,Week4,Mansion House,Week5,302.0 Mansion House - 100.0 Burke Station
Burke Station,Week1,Overlee,Week1,340.0 Overlee - 39.0 Burke Station
Burke Station,Week2,Orange Hunt,Week4,298.0 Orange Hunt - 103.0 Burke Station
Burke Station,Week5,Greenbriar,Week2,271.0 Greenbriar - 131.0 Burke Station
Burke Station,Week3,Mansion House,Week5,293.0 Mansion House - 104.0 Burke Station
Burke Station,Week1,Mantua,Week1,263.0 Mantua - 115.0 Burke Station
Burke Station,Week3,Mansion House,Week3,285.0 Mansion House - 112.0 Burke Station
Burke Station,Week5,Chesterbrook,Week3,379.0 Chesterbrook - 23.0 Burke Station
Burke Station,Week1,Crosspointe,Week3,287.0 Crosspointe - 92.0 Burke Station
Burke Station,Week2,Orange Hunt,Week3,310.0 Orange Hunt - 91.0 Burke Station
Burke Station,Week3,Chesterbrook,Week4,361.0 Chesterbrook - 36.0 Burke Station
Burke Station,Week3,Mansion House,Week2,260.0 Mansion House - 131.0 Burke Station
Burke Station,Week2,Hamlet,Week3,349.0 Hamlet - 51.0 Burke Station
Camelot,Week1,Springboard,Week1,225.0 Camelot - 175.0 Springboard
Burke Station,Week2,Chesterbrook,Week1,364.0 Chesterbrook - 38.0 Burke Station
Burke Station,Week5,Burke Station,Week1,210.0 Burke Station (BKS1) - 167.0 Burke Station (BKS2)
Burke Station,Week3,Chesterbrook,Week5,375.0 Chesterbrook - 22.0 Burke Station
Burke Station,Week2,Hamlet,Week1,349.0 Hamlet - 49.0 Burke Station
Camelot,Week1,Springboard,Week2,244.0 Camelot - 156.0 Springboard
Burke Station,Week4,Mansion House,Week4,270.5 Mansion House - 125.5 Burke Station
Burke Station,Week5,Mansion House,Week2,258.0 Mansion House - 139.0 Burke Station
Burke Station,Week1,Mantua,Week3,298.0 Mantua - 80.0 Burke Station
Burke Station,Week4,Country Club Hills,Week4,263.0 Country Club Hills - 139.0 Burke Station
Burke Station,Week1,Camelot,Week3,213.0 Camelot - 162.0 Burke Station
Burke Station,Week1,Camelot,Week2,224.0 Camelot - 150.0 Burke Station
Burke Station,Week1,Crosspointe,Week5,304.0 Crosspointe - 74.0 Burke Station
Burke Station,Week1,Overlee,Week5,357.0 Overlee - 22.0 Burke Station
Burke Station,Week2,Crosspointe,Week2,309.0 Crosspointe - 93.0 Burke Station
Camelot,Week1,Springboard,Week4,218.5 Camelot - 183.5 Springboard
Burke Station,Week4,Burke Station,Week4,195.5 Burke Station (BKS1) - 195.5 Burke Station (BKS2)
Burke Station,Week4,Mansion House,Week3,293.0 Mansion House - 109.0 Burke Station
Burke Station,Week2,Hamlet,Week5,355.0 Hamlet - 47.0 Burke Station
Burke Station,Week3,Orange Hunt,Week2,272.0 Orange Hunt - 125.0 Burke Station
Burke Station,Week1,Hamlet,Week3,313.0 Hamlet - 65.0 Burke Station
Camelot,Week1,Springboard,Week3,207.0 Camelot - 193.0 Springboard
Burke Station,Week3,Hamlet,Week1,327.0 Hamlet - 68.0 Burke Station
Burke Station,Week2,Chesterbrook,Week4,378.0 Chesterbrook - 24.0 Burke Station
Burke Station,Week4,Crosspointe,Week1,323.0 Crosspointe - 79.0 Burke Station
Camelot,Week1,Chesterbrook,Week1,337.0 Chesterbrook - 65.0 Camelot
Camelot,Week3,Hunter Mill,Week4,269.0 Hunter Mill - 133.0 Camelot
Burke Station,Week4,Orange Hunt,Week2,291.0 Orange Hunt - 111.0 Burke Station
Burke Station,Week4,Overlee,Week3,365.0 Overlee - 37.0 Burke Station
Burke Station,Week4,Hamlet,Week1,340.5 Hamlet - 61.5 Burke Station
Camelot,Week3,Cardinal Hill,Week3,285.0 Cardinal Hill - 117.0 Camelot
Burke Station,Week3,Hamlet,Week2,350.0 Hamlet - 47.0 Burke Station
Burke Station,Week1,Parklawn,Week5,197.0 Parklawn - 173.0 Burke Station
Camelot,Week1,Springboard,Week5,208.5 Camelot - 192.5 Springboard
Camelot,Week4,Cardinal Hill,Week1,261.0 Cardinal Hill - 141.0 Camelot
Burke Station,Week1,Camelot,Week4,231.0 Camelot - 147.0 Burke Station
Burke Station,Week4,Chesterbrook,Week5,381.0 Chesterbrook - 21.0 Burke Station
Burke Station,Week3,Overlee,Week5,381.0 Overlee - 16.0 Burke Station
Burke Station,Week5,Mansion House,Week5,281.0 Mansion House - 121.0 Burke Station
Camelot,Week5,Cardinal Hill,Week5,254.0 Cardinal Hill - 148.0 Camelot
Burke Station,Week3,Hamlet,Week4,325.0 Hamlet - 72.0 Burke Station
Burke Station,Week1,Chesterbrook,Week1,326.0 Chesterbrook - 53.0 Burke Station
Burke Station,Week2,Mantua,Week2,316.0 Mantua - 84.0 Burke Station
Camelot,Week5,Hunter Mill,Week5,271.5 Hunter Mill - 130.5 Camelot
Burke Station,Week2,Camelot,Week3,251.5 Camelot - 145.5 Burke Station
Burke Station,Week5,Crosspointe,Week2,302.0 Crosspointe - 100.0 Burke Station
Camelot,Week2,Ilda Community,Week5,248.0 Camelot - 153.0 Ilda Community
Burke Station,Week4,Crosspointe,Week5,338.0 Crosspointe - 64.0 Burke Station
Camelot,Week2,Springboard,Week2,253.0 Camelot - 145.0 Springboard
Burke Station,Week4,Crosspointe,Week4,317.0 Crosspointe - 85.0 Burke Station
Burke Station,Week5,Chesterbrook,Week1,357.0 Chesterbrook - 40.0 Burke Station
Camelot,Week3,Hunter Mill,Week5,278.0 Hunter Mill - 124.0 Camelot
Burke Station,Week1,Parklawn,Week4,200.0 Parklawn - 165.0 Burke Station
Burke Station,Week1,Camelot,Week5,236.0 Camelot - 143.0 Burke Station
Burke Station,Week1,Mantua,Week5,305.0 Mantua - 73.0 Burke Station
Burke Station,Week2,Commonwealth,Week1,212.0 Commonwealth - 182.0 Burke Station
Camelot,Week2,Springboard,Week3,226.0 Camelot - 172.0 Springboard
Burke Station,Week4,Crosspointe,Week3,314.0 Crosspointe - 88.0 Burke Station
Burke Station,Week4,Parklawn,Week3,224.5 Parklawn - 176.5 Burke Station
Burke Station,Week4,Hamlet,Week2,354.0 Hamlet - 48.0 Burke Station
Burke Station,Week5,Mansion House,Week3,275.0 Mansion House - 127.0 Burke Station
Burke Station,Week1,Chesterbrook,Week4,336.0 Chesterbrook - 43.0 Burke Station
Camelot,Week3,Springboard,Week2,241.0 Camelot - 157.0 Springboard
Burke Station,Week3,Parklawn,Week5,211.0 Parklawn - 181.0 Burke Station
Burke Station,Week4,Mansion House,Week2,278.0 Mansion House - 119.0 Burke Station
Burke Station,Week4,Hamlet,Week3,343.0 Hamlet - 58.0 Burke Station
Burke Station,Week3,Camelot,Week4,239.0 Camelot - 157.0 Burke Station
Camelot,Week2,Springboard,Week4,238.0 Camelot - 163.0 Springboard
Burke Station,Week5,Cardinal Hill,Week3,306.0 Cardinal Hill - 96.0 Burke Station
Camelot,Week4,Cardinal Hill,Week4,253.0 Cardinal Hill - 149.0 Camelot
Camelot,Week5,Cardinal Hill,Week4,258.0 Cardinal Hill - 144.0 Camelot
Burke Station,Week3,Camelot,Week5,252.0 Camelot - 145.0 Burke Station
Burke Station,Week3,Camelot,Week3,210.0 Camelot - 186.0 Burke Station
Camelot,Week2,Ilda Community,Week3,248.0 Camelot - 154.0 Ilda Community
Camelot,Week4,Hunter Mill,Week3,279.0 Hunter Mill - 123.0 Camelot
Burke Station,Week5,Cardinal Hill,Week4,288.0 Cardinal Hill - 114.0 Burke Station
Camelot,Week2,Springboard,Week1,237.0 Camelot - 161.0 Springboard
Camelot,Week2,Springboard,Week5,231.0 Camelot - 167.0 Springboard
Camelot,Week5,Hunter Mill,Week1,243.0 Hunter Mill - 159.0 Camelot
Burke Station,Week2,Chesterbrook,Week2,379.0 Chesterbrook - 23.0 Burke Station
Camelot,Week5,Hunter Mill,Week2,237.0 Hunter Mill - 164.0 Camelot
Burke Station,Week4,Hamlet,Week5,349.0 Hamlet - 53.0 Burke Station
Burke Station,Week5,Burke Station,Week2,243.0 Burke Station (BKS1) - 151.0 Burke Station (BKS2)
Burke Station,Week5,Crosspointe,Week4,300.0 Crosspointe - 102.0 Burke Station
Burke Station,Week5,Crosspointe,Week3,293.5 Crosspointe - 103.5 Burke Station
Burke Station,Week5,Mansion House,Week1,264.0 Mansion House - 133.0 Burke Station
Camelot,Week3,Springboard,Week1,220.0 Camelot - 178.0 Springboard
Burke Station,Week1,Daventry,Week1,236.5 Burke Station - 141.5 Daventry
Burke Station,Week2,Parklawn,Week5,238.0 Parklawn - 154.0 Burke Station
Burke Station,Week1,Mantua,Week2,275.0 Mantua - 103.0 Burke Station
Burke Station,Week4,Camelot,Week2,255.0 Camelot - 146.0 Burke Station
Camelot,Week3,Cardinal Hill,Week4,268.0 Cardinal Hill - 134.0 Camelot
Burke Station,Week4,Hamlet,Week4,335.0 Hamlet - 67.0 Burke Station
Burke Station,Week3,Overlee,Week2,368.0 Overlee - 29.0 Burke Station
Camelot,Week2,Cardinal Hill,Week4,234.0 Cardinal Hill - 168.0 Camelot
Burke Station,Week1,Daventry,Week2,207.0 Burke Station - 162.0 Daventry
Camelot,Week1,Cardinal Hill,Week4,258.0 Cardinal Hill - 144.0 Camelot
Burke Station,Week4,Camelot,Week5,277.0 Camelot - 124.0 Burke Station
Camelot,Week4,Hunter Mill,Week1,262.0 Hunter Mill - 140.0 Camelot
Camelot,Week3,Springboard,Week5,209.0 Camelot - 189.0 Springboard
Burke Station,Week2,Mantua,Week1,313.0 Mantua - 80.0 Burke Station
Burke Station,Week1,Daventry,Week5,193.0 Burke Station - 180.0 Daventry
Burke Station,Week3,Hamlet,Week3,339.5 Hamlet - 56.5 Burke Station
Camelot,Week2,Cardinal Hill,Week5,243.0 Cardinal Hill - 158.0 Camelot
Burke Station,Week4,Camelot,Week3,246.0 Camelot - 155.0 Burke Station
Burke Station,Week3,Mantua,Week1,300.0 Mantua - 88.0 Burke Station
Camelot,Week3,Hunter Mill,Week3,277.0 Hunter Mill - 125.0 Camelot
Burke Station,Week3,Hamlet,Week5,351.0 Hamlet - 46.0 Burke Station
Camelot,Week2,Cardinal Hill,Week3,274.0 Cardinal Hill - 128.0 Camelot
Burke Station,Week1,Chesterbrook,Week2,340.0 Chesterbrook - 39.0 Burke Station
Burke Station,Week2,Chesterbrook,Week3,386.0 Chesterbrook - 16.0 Burke Station
Camelot,Week1,Ilda Community,Week1,255.0 Camelot - 147.0 Ilda Community
Burke Station,Week3,Mantua,Week3,331.0 Mantua - 66.0 Burke Station
Camelot,Week4,Springboard,Week1,241.0 Camelot - 160.0 Springboard
Burke Station,Week5,Overlee,Week3,351.0 Overlee - 51.0 Burke Station
Burke Station,Week3,Daventry,Week1,235.0 Burke Station - 160.0 Daventry
Camelot,Week3,Springboard,Week3,212.0 Camelot - 186.0 Springboard
Burke Station,Week3,Overlee,Week4,380.0 Overlee - 17.0 Burke Station
Burke Station,Week5,Crosspointe,Week5,315.0 Crosspointe - 87.0 Burke Station
Burke Station,Week4,Overlee,Week1,365.0 Overlee - 37.0 Burke Station
Burke Station,Week2,Mantua,Week4,330.0 Mantua - 72.0 Burke Station
Camelot,Week2,Hunter Mill,Week5,260.0 Hunter Mill - 142.0 Camelot
Burke Station,Week5,Overlee,Week2,362.0 Overlee - 40.0 Burke Station
Burke Station,Week5,Camelot,Week2,225.0 Camelot - 176.0 Burke Station
Burke Station,Week1,Dominion Hills,Week2,239.0 Dominion Hills - 140.0 Burke Station
Camelot,Week3,Cardinal Hill,Week2,272.0 Cardinal Hill - 130.0 Camelot
Burke Station,Week3,Chesterbrook,Week1,355.0 Chesterbrook - 42.0 Burke Station
Burke Station,Week2,Chesterbrook,Week5,380.0 Chesterbrook - 21.0 Burke Station
Camelot,Week4,Springboard,Week2,251.0 Camelot - 150.0 Springboard
Burke Station,Week5,Cardinal Hill,Week1,287.0 Cardinal Hill - 115.0 Burke Station
Camelot,Week3,Hunter Mill,Week1,257.0 Hunter Mill - 145.0 Camelot
Burke Station,Week3,Chesterbrook,Week2,364.0 Chesterbrook - 33.0 Burke Station
Burke Station,Week2,Daventry,Week3,200.0 Daventry - 196.0 Burke Station
Burke Station,Week1,Chesterbrook,Week3,345.0 Chesterbrook - 34.0 Burke Station
Camelot,Week1,Cardinal Hill,Week5,262.0 Cardinal Hill - 140.0 Camelot
Camelot,Week4,Springboard,Week3,221.0 Camelot - 180.0 Springboard
Burke Station,Week2,McLean,Week5,351.0 McLean - 51.0 Burke Station
Burke Station,Week5,Mantua,Week4,301.0 Mantua - 101.0 Burke Station
Burke Station,Week4,Daventry,Week4,202.0 Burke Station - 199.0 Daventry
Burke Station,Week5,Camelot,Week4,232.0 Camelot - 170.0 Burke Station
Burke Station,Week4,Canterbury Woods,Week2,235.0 Canterbury Woods - 167.0 Burke Station
Camelot,Week2,Hunter Mill,Week3,261.0 Hunter Mill - 141.0 Camelot
Burke Station,Week5,Daventry,Week1,252.0 Burke Station - 150.0 Daventry
Camelot,Week4,Springboard,Week4,235.0 Camelot - 167.0 Springboard
Burke Station,Week3,Overlee,Week3,361.0 Overlee - 36.0 Burke Station
Camelot,Week4,Hunter Mill,Week4,276.0 Hunter Mill - 126.0 Camelot
Burke Station,Week1,Canterbury Woods,Week1,230.0 Canterbury Woods - 148.0 Burke Station
Burke Station,Week3,Mantua,Week5,323.0 Mantua - 73.0 Burke Station
Burke Station,Week5,Overlee,Week1,351.0 Overlee - 51.0 Burke Station
Camelot,Week2,Cardinal Hill,Week2,254.0 Cardinal Hill - 148.0 Camelot
Camelot,Week5,Springboard,Week2,268.0 Camelot - 134.0 Springboard
Camelot,Week3,Cardinal Hill,Week5,253.0 Cardinal Hill - 148.0 Camelot
Burke Station,Week1,Canterbury Woods,Week2,204.0 Canterbury Woods - 171.0 Burke Station
Camelot,Week4,Hunter Mill,Week2,259.0 Hunter Mill - 143.0 Camelot
Burke Station,Week2,Parklawn,Week2,242.0 Parklawn - 150.0 Burke Station
Camelot,Week4,Cardinal Hill,Week3,290.0 Cardinal Hill - 112.0 Camelot
Burke Station,Week3,Mantua,Week4,307.0 Mantua - 90.0 Burke Station
Camelot,Week5,Springboard,Week4,246.0 Camelot - 156.0 Springboard
Burke Station,Week5,Daventry,Week5,222.0 Burke Station - 174.0 Daventry
Burke Station,Week1,Chesterbrook,Week5,341.0 Chesterbrook - 37.0 Burke Station
Burke Station,Week2,Parklawn,Week4,241.5 Parklawn - 146.5 Burke Station
Burke Station,Week3,Chesterbrook,Week3,374.0 Chesterbrook - 23.0 Burke Station
Camelot,Week5,Springboard,Week5,235.0 Camelot - 167.0 Springboard
Camelot,Week5,Chesterbrook,Week2,333.0 Chesterbrook - 69.0 Camelot
Camelot,Week5,Hunter Mill,Week4,264.0 Hunter Mill - 138.0 Camelot
Camelot,Week3,Cardinal Hill,Week1,269.0 Cardinal Hill - 133.0 Camelot
Camelot,Week4,Hunter Mill,Week5,279.0 Hunter Mill - 123.0 Camelot
Camelot,Week4,Cardinal Hill,Week2,250.0 Cardinal Hill - 152.0 Camelot
Camelot,Week5,Chesterbrook,Week4,342.0 Chesterbrook - 60.0 Camelot
Burke Station,Week2,Parklawn,Week3,222.0 Parklawn - 170.0 Burke Station
Burke Station,Week5,Mantua,Week5,311.0 Mantua - 91.0 Burke Station
Camelot,Week1,Ilda Community,Week2,253.0 Camelot - 149.0 Ilda Community
Burke Station,Week4,Overlee,Week4,381.0 Overlee - 21.0 Burke Station
Camelot,Week5,Cardinal Hill,Week2,250.0 Cardinal Hill - 152.0 Camelot
Burke Station,Week2,McLean,Week1,339.0 McLean - 63.0 Burke Station
Burke Station,Week4,Chesterbrook,Week1,369.0 Chesterbrook - 33.0 Burke Station
Burke Station,Week4,Overlee,Week2,370.0 Overlee - 32.0 Burke Station
Burke Station,Week5,Daventry,Week2,242.0 Burke Station - 157.0 Daventry
Burke Station,Week4,Chesterbrook,Week2,379.0 Chesterbrook - 23.0 Burke Station
Burke Station,Week1,Cardinal Hill,Week3,283.0 Cardinal Hill - 95.0 Burke Station
Camelot,Week5,Springboard,Week3,244.5 Camelot - 157.5 Springboard
Burke Station,Week2,Daventry,Week4,210.0 Burke Station - 187.0 Daventry
Burke Station,Week2,Cardinal Hill,Week1,332.0 Cardinal Hill - 70.0 Burke Station
Burke Station,Week1,Dominion Hills,Week3,228.0 Dominion Hills - 151.0 Burke Station
Burke Station,Week5,Cardinal Hill,Week2,274.0 Cardinal Hill - 123.0 Burke Station
Burke Station,Week1,McLean,Week1,292.0 McLean - 87.0 Burke Station
Burke Station,Week5,Canterbury Woods,Week1,223.0 Canterbury Woods - 174.0 Burke Station
Burke Station,Week4,McLean,Week5,337.0 McLean - 65.0 Burke Station
Camelot,Week3,Hunter Mill,Week2,249.0 Hunter Mill - 153.0 Camelot
Camelot,Week5,Hunter Mill,Week3,267.0 Hunter Mill - 135.0 Camelot
Burke Station,Week4,Mantua,Week4,323.0 Mantua - 79.0 Burke Station
Burke Station,Week1,Dominion Hills,Week4,267.0 Dominion Hills - 111.0 Burke Station
Burke Station,Week5,Canterbury Woods,Week5,218.0 Canterbury Woods - 177.0 Burke Station
Burke Station,Week5,Overlee,Week5,379.0 Overlee - 23.0 Burke Station
Burke Station,Week4,Chesterbrook,Week3,381.0 Chesterbrook - 21.0 Burke Station
Burke Station,Week4,Canterbury Woods,Week1,248.0 Canterbury Woods - 149.0 Burke Station
Burke Station,Week3,Parklawn,Week1,205.0 Burke Station - 178.0 Parklawn
Camelot,Week5,Springboard,Week1,257.0 Camelot - 145.0 Springboard
Burke Station,Week4,Overlee,Week5,378.0 Overlee - 24.0 Burke Station
Burke Station,Week1,Commonwealth,Week1,195.0 Commonwealth - 182.0 Burke Station
Burke Station,Week4,McLean,Week3,339.0 McLean - 57.0 Burke Station
Burke Station,Week5,Chesterbrook,Week5,370.0 Chesterbrook - 32.0 Burke Station
Burke Station,Week2,Canterbury Woods,Week4,262.0 Canterbury Woods - 139.0 Burke Station
Camelot,Week1,Ilda Community,Week4,231.0 Camelot - 171.0 Ilda Community
Burke Station,Week5,Chesterbrook,Week4,366.0 Chesterbrook - 36.0 Burke Station
Burke Station,Week2,Parklawn,Week1,207.0 Parklawn - 184.0 Burke Station
Camelot,Week1,Ilda Community,Week3,254.0 Camelot - 148.0 Ilda Community
Burke Station,Week5,Canterbury Woods,Week4,231.0 Canterbury Woods - 171.0 Burke Station
Burke Station,Week1,McLean,Week3,299.0 McLean - 80.0 Burke Station
Burke Station,Week1,Dominion Hills,Week5,265.0 Dominion Hills - 113.0 Burke Station
Camelot,Week1,Chesterbrook,Week2,342.0 Chesterbrook - 60.0 Camelot
Burke Station,Week3,Canterbury Woods,Week4,244.0 Canterbury Woods - 153.0 Burke Station
Burke Station,Week3,Daventry,Week4,235.0 Burke Station - 159.0 Daventry
Burke Station,Week3,Daventry,Week3,230.0 Burke Station - 161.0 Daventry
Camelot,Week4,Springboard,Week5,223.0 Camelot - 178.0 Springboard
Burke Station,Week3,Daventry,Week2,230.0 Burke Station - 155.0 Daventry
Burke Station,Week1,Parklawn,Week3,188.0 Parklawn - 182.0 Burke Station
Burke Station,Week1,Parklawn,Week1,199.0 Burke Station - 168.0 Parklawn
Burke Station,Week3,Canterbury Woods,Week1,224.0 Canterbury Woods - 166.0 Burke Station
Burke Station,Week5,Chesterbrook,Week2,369.0 Chesterbrook - 33.0 Burke Station
Camelot,Week5,Cardinal Hill,Week1,268.0 Cardinal Hill - 134.0 Camelot
Camelot,Week2,Ilda Community,Week2,242.0 Camelot - 160.0 Ilda Community
Camelot,Week4,Cardinal Hill,Week5,252.0 Cardinal Hill - 150.0 Camelot
Burke Station,Week2,Daventry,Week5,217.0 Daventry - 174.0 Burke Station
Camelot,Week2,Chesterbrook,Week2,331.0 Chesterbrook - 71.0 Camelot
Burke Station,Week4,McLean,Week4,329.0 McLean - 73.0 Burke Station
Camelot,Week1,Ilda Community,Week5,249.0 Camelot - 153.0 Ilda Community
Burke Station,Week4,Mantua,Week3,331.0 Mantua - 71.0 Burke Station
Camelot,Week5,Cardinal Hill,Week3,286.0 Cardinal Hill - 116.0 Camelot
Burke Station,Week1,Commonwealth,Week2,240.0 Commonwealth - 138.0 Burke Station
Burke Station,Week2,McLean,Week3,348.0 McLean - 48.0 Burke Station
Burke Station,Week2,Daventry,Week2,199.0 Burke Station - 191.0 Daventry
Burke Station,Week1,Parklawn,Week2,207.0 Parklawn - 161.0 Burke Station
Burke Station,Week4,Canterbury Woods,Week3,264.0 Canterbury Woods - 138.0 Burke Station
Burke Station,Week1,Mosby Woods,Week5,287.0 Mosby Woods - 92.0 Burke Station
Burke Station,Week1,Canterbury Woods,Week4,248.0 Canterbury Woods - 130.0 Burke Station
Burke Station,Week3,Daventry,Week5,213.0 Burke Station - 173.0 Daventry
Camelot,Week2,Hunter Mill,Week4,251.0 Hunter Mill - 151.0 Camelot
Burke Station,Week1,McLean,Week2,303.0 McLean - 75.0 Burke Station
Burke Station,Week1,Commonwealth,Week4,213.0 Commonwealth - 166.0 Burke Station
Camelot,Week1,Chesterbrook,Week4,345.5 Chesterbrook - 56.5 Camelot
Burke Station,Week1,Mosby Woods,Week2,287.0 Mosby Woods - 92.0 Burke Station
Camelot,Week5,Ilda Community,Week3,253.0 Camelot - 149.0 Ilda Community
Camelot,Week2,Chesterbrook,Week1,328.0 Chesterbrook - 74.0 Camelot
Burke Station,Week1,Daventry,Week4,217.0 Burke Station - 158.0 Daventry
Burke Station,Week5,Canterbury Woods,Week3,230.0 Canterbury Woods - 172.0 Burke Station
Burke Station,Week1,Commonwealth,Week3,225.0 Commonwealth - 154.0 Burke Station
Camelot,Week2,Cardinal Hill,Week1,259.0 Cardinal Hill - 143.0 Camelot
Camelot,Week2,Ilda Community,Week4,235.0 Camelot - 167.0 Ilda Community
Burke Station,Week3,Parklawn,Week2,216.0 Parklawn - 176.0 Burke Station
Burke Station,Week2,Canterbury Woods,Week2,227.0 Canterbury Woods - 171.0 Burke Station
Burke Station,Week4,Canterbury Woods,Week5,246.0 Canterbury Woods - 148.0 Burke Station
Burke Station,Week3,Overlee,Week1,364.0 Overlee - 33.0 Burke Station
Burke Station,Week5,Overlee,Week4,370.0 Overlee - 32.0 Burke Station
Camelot,Week2,Ilda Community,Week1,246.0 Camelot - 156.0 Ilda Community
Burke Station,Week4,Daventry,Week1,221.0 Burke Station - 178.0 Daventry
Burke Station,Week1,Commonwealth,Week5,242.0 Commonwealth - 137.0 Burke Station
Burke Station,Week5,Mantua,Week1,273.5 Mantua - 122.5 Burke Station
Burke Station,Week2,Canterbury Woods,Week1,239.0 Canterbury Woods - 156.0 Burke Station
Burke Station,Week5,Daventry,Week4,251.0 Burke Station - 151.0 Daventry
Camelot,Week2,Chesterbrook,Week5,334.0 Chesterbrook - 68.0 Camelot
Camelot,Week3,Kent Gardens,Week1,237.0 Kent Gardens - 165.0 Camelot
Burke Station,Week3,Canterbury Woods,Week5,223.0 Canterbury Woods - 160.0 Burke Station
Burke Station,Week5,Mantua,Week2,288.0 Mantua - 108.0 Burke Station
Camelot,Week3,Chesterbrook,Week2,340.0 Chesterbrook - 62.0 Camelot
Burke Station,Week3,Parklawn,Week3,218.0 Burke Station - 174.0 Parklawn
Burke Station,Week1,Cardinal Hill,Week5,266.0 Cardinal Hill - 109.0 Burke Station
Camelot,Week2,Chesterbrook,Week4,334.0 Chesterbrook - 68.0 Camelot
Camelot,Week4,Kent Gardens,Week2,222.0 Kent Gardens - 180.0 Camelot
Burke Station,Week3,Commonwealth,Week5,231.0 Commonwealth - 162.0 Burke Station
Burke Station,Week4,Mantua,Week1,306.0 Mantua - 88.0 Burke Station
Camelot,Week3,Kent Gardens,Week5,251.0 Kent Gardens - 151.0 Camelot
Camelot,Week2,Kent Gardens,Week4,218.0 Kent Gardens - 184.0 Camelot
Burke Station,Week4,Daventry,Week5,214.0 Daventry - 181.0 Burke Station
Burke Station,Week3,Commonwealth,Week2,246.0 Commonwealth - 150.0 Burke Station
Burke Station,Week1,Canterbury Woods,Week3,232.5 Canterbury Woods - 145.5 Burke Station
Burke Station,Week4,Parklawn,Week4,238.0 Parklawn - 161.0 Burke Station
Camelot,Week3,Chesterbrook,Week1,332.0 Chesterbrook - 70.0 Camelot
Camelot,Week3,Kent Gardens,Week2,232.0 Kent Gardens - 170.0 Camelot
Burke Station,Week4,Daventry,Week3,201.0 Burke Station - 198.0 Daventry
Burke Station,Week4,Parklawn,Week2,242.0 Parklawn - 159.0 Burke Station
Burke Station,Week4,Commonwealth,Week2,269.0 Commonwealth - 133.0 Burke Station
Burke Station,Week4,Parklawn,Week1,204.0 Parklawn - 188.0 Burke Station
Burke Station,Week1,Canterbury Woods,Week5,236.0 Canterbury Woods - 133.0 Burke Station
Burke Station,Week5,Daventry,Week3,239.0 Burke Station - 160.0 Daventry
Camelot,Week1,Chesterbrook,Week3,358.0 Chesterbrook - 44.0 Camelot
Camelot,Week3,Ilda Community,Week5,233.0 Camelot - 168.0 Ilda Community
Burke Station,Week5,Mantua,Week3,320.0 Mantua - 82.0 Burke Station
Burke Station,Week4,Daventry,Week2,200.0 Burke Station - 198.0 Daventry
Burke Station,Week3,Parklawn,Week4,211.0 Parklawn - 177.0 Burke Station
Burke Station,Week4,Mantua,Week2,304.0 Mantua - 97.0 Burke Station
Camelot,Week2,Chesterbrook,Week3,349.5 Chesterbrook - 52.5 Camelot
Burke Station,Week2,Commonwealth,Week4,238.5 Commonwealth - 160.5 Burke Station
Burke Station,Week4,Mantua,Week5,336.0 Mantua - 66.0 Burke Station
Burke Station,Week3,Commonwealth,Week4,212.0 Commonwealth - 180.0 Burke Station
Burke Station,Week3,Commonwealth,Week3,228.0 Commonwealth - 164.0 Burke Station
Burke Station,Week3,Canterbury Woods,Week3,238.0 Canterbury Woods - 158.0 Burke Station
Burke Station,Week3,McLean,Week3,331.0 McLean - 60.0 Burke Station
Burke Station,Week1,Cottontail,Week4,208.0 Cottontail - 170.0 Burke Station
Camelot,Week3,Ilda Community,Week3,248.0 Camelot - 154.0 Ilda Community
Burke Station,Week1,Dominion Hills,Week1,236.0 Dominion Hills - 142.0 Burke Station
Burke Station,Week4,Canterbury Woods,Week4,258.0 Canterbury Woods - 144.0 Burke Station
Burke Station,Week4,Parklawn,Week5,239.0 Parklawn - 161.0 Burke Station
Burke Station,Week1,Parliament,Week2,220.0 Parliament - 157.0 Burke Station
Camelot,Week4,Chesterbrook,Week2,354.0 Chesterbrook - 48.0 Camelot
Camelot,Week4,Ilda Community,Week1,241.0 Camelot - 161.0 Ilda Community
Camelot,Week4,Chesterbrook,Week1,337.0 Chesterbrook - 65.0 Camelot
Camelot,Week2,Kent Gardens,Week1,234.0 Kent Gardens - 168.0 Camelot
Burke Station,Week2,Cottontail,Week3,253.0 Cottontail - 149.0 Burke Station
Broyhill Crest,Week4,Truro,Week4,330.0 Truro - 70.0 Broyhill Crest
Burke Station,Week3,McLean,Week5,328.0 McLean - 69.0 Burke Station
Burke Station,Week5,Parklawn,Week1,218.0 Burke Station - 174.0 Parklawn
Camelot,Week4,Ilda Community,Week2,257.0 Camelot - 145.0 Ilda Community
Burke Station,Week5,Parliament,Week2,240.0 Parliament - 156.0 Burke Station
Burke Station,Week2,Canterbury Woods,Week5,232.0 Canterbury Woods - 155.0 Burke Station
Burke Station,Week2,McLean,Week2,345.0 McLean - 56.0 Burke Station
Burke Station,Week5,Commonwealth,Week2,233.0 Commonwealth - 169.0 Burke Station
Burke Station,Week2,Parliament,Week5,271.0 Parliament - 120.0 Burke Station
Burke Station,Week2,Canterbury Woods,Week3,252.0 Canterbury Woods - 149.0 Burke Station
Burke Station,Week2,Daventry,Week1,207.0 Burke Station - 192.0 Daventry
Burke Station,Week4,Commonwealth,Week3,235.0 Commonwealth - 164.0 Burke Station
Burke Station,Week1,Cardinal Hill,Week1,263.0 Cardinal Hill - 116.0 Burke Station
Burke Station,Week4,Commonwealth,Week5,255.0 Commonwealth - 146.0 Burke Station
Burke Station,Week5,Commonwealth,Week5,232.0 Commonwealth - 169.0 Burke Station
Burke Station,Week2,Commonwealth,Week3,263.0 Commonwealth - 136.0 Burke Station
Camelot,Week3,Chesterbrook,Week5,347.0 Chesterbrook - 55.0 Camelot
Burke Station,Week2,McLean,Week4,329.0 McLean - 73.0 Burke Station
Camelot,Week3,Chesterbrook,Week3,345.0 Chesterbrook - 57.0 Camelot
Burke Station,Week2,Parliament,Week4,272.0 Parliament - 123.0 Burke Station
Burke Station,Week3,Commonwealth,Week1,196.0 Commonwealth - 192.0 Burke Station
Burke Station,Week3,McLean,Week2,330.0 McLean - 67.0 Burke Station
Camelot,Week4,Chesterbrook,Week4,355.0 Chesterbrook - 47.0 Camelot
Camelot,Week5,Chesterbrook,Week1,327.0 Chesterbrook - 75.0 Camelot
Burke Station,Week2,Commonwealth,Week5,270.0 Commonwealth - 131.0 Burke Station
Camelot,Week4,Ilda Community,Week5,246.5 Camelot - 155.5 Ilda Community
Burke Station,Week2,Cottontail,Week2,263.0 Cottontail - 139.0 Burke Station
Burke Station,Week3,Parliament,Week5,250.0 Parliament - 133.0 Burke Station
Camelot,Week4,Ilda Community,Week4,225.0 Camelot - 177.0 Ilda Community
Burke Station,Week3,Parliament,Week1,251.0 Parliament - 132.0 Burke Station
Camelot,Week4,Chesterbrook,Week5,354.5 Chesterbrook - 47.5 Camelot
Camelot,Week4,Chesterbrook,Week3,359.0 Chesterbrook - 43.0 Camelot
Camelot,Week3,Chesterbrook,Week4,343.0 Chesterbrook - 59.0 Camelot
Burke Station,Week5,Parklawn,Week4,213.5 Parklawn - 186.5 Burke Station
Burke Station,Week1,Cardinal Hill,Week4,268.0 Cardinal Hill - 111.0 Burke Station
Burke Station,Week1,Country Club Hills,Week5,242.0 Country Club Hills - 136.0 Burke Station
Burke Station,Week1,McLean,Week5,306.0 McLean - 73.0 Burke Station
Burke Station,Week1,McLean,Week4,288.0 McLean - 91.0 Burke Station
Burke Station,Week1,Country Club Hills,Week3,240.0 Country Club Hills - 138.0 Burke Station
Burke Station,Week5,Canterbury Woods,Week2,202.0 Canterbury Woods - 200.0 Burke Station
Burke Station,Week3,Cottontail,Week5,239.0 Cottontail - 158.0 Burke Station
Camelot,Week5,Ilda Community,Week5,251.0 Camelot - 151.0 Ilda Community
Camelot,Week1,Kent Gardens,Week3,215.0 Kent Gardens - 186.0 Camelot
Burke Station,Week4,McLean,Week1,333.0 McLean - 69.0 Burke Station
Burke Station,Week5,Commonwealth,Week3,216.0 Commonwealth - 185.0 Burke Station
Burke Station,Week3,Canterbury Woods,Week2,211.0 Canterbury Woods - 184.0 Burke Station
Burke Station,Week2,Commonwealth,Week2,278.0 Commonwealth - 123.0 Burke Station
Burke Station,Week1,Cardinal Hill,Week2,267.0 Cardinal Hill - 111.0 Burke Station
Camelot,Week3,Ilda Community,Week2,242.0 Camelot - 160.0 Ilda Community
Burke Station,Week3,McLean,Week4,319.0 McLean - 78.0 Burke Station
Burke Station,Week4,Commonwealth,Week1,216.0 Commonwealth - 179.0 Burke Station
Burke Station,Week4,Cottontail,Week4,249.0 Cottontail - 153.0 Burke Station
Burke Station,Week2,Pinecrest,Week5,328.0 Pinecrest - 70.0 Burke Station
Burke Station,Week5,McLean,Week3,324.0 McLean - 73.0 Burke Station
Burke Station,Week5,Commonwealth,Week1,203.0 Burke Station - 188.0 Commonwealth
Camelot,Week2,Commonwealth,Week5,206.0 Commonwealth - 196.0 Camelot
Burke Station,Week2,Cardinal Hill,Week4,320.0 Cardinal Hill - 82.0 Burke Station
Burke Station,Week3,Cardinal Hill,Week2,283.0 Cardinal Hill - 109.0 Burke Station
Burke Station,Week2,Cottontail,Week4,267.0 Cottontail - 134.0 Burke Station
Burke Station,Week4,Commonwealth,Week4,238.0 Commonwealth - 162.0 Burke Station
Camelot,Week2,Kent Gardens,Week3,217.0 Kent Gardens - 185.0 Camelot
Camelot,Week5,Chesterbrook,Week3,347.0 Chesterbrook - 55.0 Camelot
Burke Station,Week3,McLean,Week1,325.0 McLean - 72.0 Burke Station
Camelot,Week1,Commonwealth,Week5,210.0 Camelot - 191.0 Commonwealth
Camelot,Week5,Ilda Community,Week1,263.0 Camelot - 139.0 Ilda Community
Burke Station,Week4,Cottontail,Week5,281.0 Cottontail - 121.0 Burke Station
Broyhill Crest,Week4,Truro,Week5,308.0 Truro - 90.0 Broyhill Crest
Burke Station,Week1,Cottontail,Week2,197.0 Cottontail - 182.0 Burke Station
Burke Station,Week5,McLean,Week2,327.0 McLean - 75.0 Burke Station
Burke Station,Week1,Parliament,Week4,234.0 Parliament - 145.0 Burke Station
Burke Station,Week4,Parliament,Week1,280.0 Parliament - 111.0 Burke Station
Camelot,Week1,Kent Gardens,Week1,229.0 Kent Gardens - 172.0 Camelot
Burke Station,Week4,Cardinal Hill,Week1,305.0 Cardinal Hill - 97.0 Burke Station
Burke Station,Week1,Parliament,Week5,231.0 Parliament - 147.0 Burke Station
Burke Station,Week2,Parliament,Week1,281.0 Parliament - 109.0 Burke Station
Burke Station,Week4,McLean,Week2,337.5 McLean - 64.5 Burke Station
Camelot,Week2,Kent Gardens,Week2,210.0 Kent Gardens - 192.0 Camelot
Burke Station,Week2,Cardinal Hill,Week2,311.0 Cardinal Hill - 85.0 Burke Station
Camelot,Week2,Commonwealth,Week3,201.0 Commonwealth - 200.0 Camelot
Camelot,Week1,Chesterbrook,Week5,347.0 Chesterbrook - 55.0 Camelot
Camelot,Week5,Ilda Community,Week4,227.5 Camelot - 174.5 Ilda Community
Burke Station,Week3,Cardinal Hill,Week1,295.0 Cardinal Hill - 102.0 Burke Station
Burke Station,Week4,Cottontail,Week3,246.0 Cottontail - 156.0 Burke Station
Burke Station,Week5,McLean,Week1,312.0 McLean - 90.0 Burke Station
Burke Station,Week4,Parliament,Week3,286.0 Parliament - 116.0 Burke Station
Burke Station,Week2,Country Club Hills,Week3,265.0 Country Club Hills - 136.0 Burke Station
Burke Station,Week2,Cardinal Hill,Week5,315.0 Cardinal Hill - 83.0 Burke Station
Camelot,Week2,Commonwealth,Week1,216.0 Camelot - 185.0 Commonwealth
Camelot,Week5,Ilda Community,Week2,257.0 Camelot - 145.0 Ilda Community
Burke Station,Week1,Parliament,Week1,244.0 Parliament - 134.0 Burke Station
Burke Station,Week5,McLean,Week4,312.5 McLean - 89.5 Burke Station
Burke Station,Week4,Cardinal Hill,Week3,317.0 Cardinal Hill - 85.0 Burke Station
Camelot,Week2,Commonwealth,Week2,203.0 Commonwealth - 199.0 Camelot
Burke Station,Week5,Parklawn,Week3,202.0 Burke Station - 199.0 Parklawn
Camelot,Week4,Ilda Community,Week3,260.0 Camelot - 142.0 Ilda Community
Burke Station,Week3,Cardinal Hill,Week3,306.0 Cardinal Hill - 91.0 Burke Station
Burke Station,Week2,Cottontail,Week5,281.0 Cottontail - 120.0 Burke Station
Burke Station,Week1,Mosby Woods,Week3,283.5 Mosby Woods - 94.5 Burke Station
Burke Station,Week3,Cardinal Hill,Week4,293.0 Cardinal Hill - 104.0 Burke Station
Burke Station,Week1,Parliament,Week3,238.0 Parliament - 141.0 Burke Station
Burke Station,Week5,McLean,Week5,327.0 McLean - 75.0 Burke Station
Burke Station,Week4,Cardinal Hill,Week2,298.0 Cardinal Hill - 99.0 Burke Station
Burke Station,Week5,Cottontail,Week1,241.0 Cottontail - 161.0 Burke Station
Camelot,Week5,Chesterbrook,Week5,337.0 Chesterbrook - 65.0 Camelot
Burke Station,Week5,Cottontail,Week2,216.0 Cottontail - 186.0 Burke Station
Burke Station,Week5,Cottontail,Week4,217.0 Cottontail - 185.0 Burke Station
Camelot,Week3,Ilda Community,Week1,240.0 Camelot - 162.0 Ilda Community
Burke Station,Week3,Cardinal Hill,Week5,287.0 Cardinal Hill - 109.0 Burke Station
Camelot,Week3,Commonwealth,Week1,227.0 Camelot - 173.0 Commonwealth
Camelot,Week1,Commonwealth,Week4,218.0 Camelot - 183.0 Commonwealth
Burke Station,Week2,Parliament,Week3,283.0 Parliament - 119.0 Burke Station
Burke Station,Week1,Mosby Woods,Week1,284.0 Mosby Woods - 95.0 Burke Station
Camelot,Week2,Commonwealth,Week4,212.0 Camelot - 189.0 Commonwealth
Camelot,Week1,Kent Gardens,Week2,221.0 Kent Gardens - 180.0 Camelot
Burke Station,Week1,Mosby Woods,Week4,266.0 Mosby Woods - 113.0 Burke Station
Burke Station,Week5,Commonwealth,Week4,204.0 Commonwealth - 192.0 Burke Station
Camelot,Week1,Kent Gardens,Week5,241.0 Kent Gardens - 161.0 Camelot
Camelot,Week3,Ilda Community,Week4,231.0 Camelot - 171.0 Ilda Community
Burke Station,Week5,Parliament,Week4,249.0 Parliament - 147.0 Burke Station
Camelot,Week3,Commonwealth,Week2,207.0 Commonwealth - 195.0 Camelot
Camelot,Week1,Commonwealth,Week2,207.0 Commonwealth - 195.0 Camelot
Burke Station,Week3,Mosby Woods,Week4,288.0 Mosby Woods - 108.0 Burke Station
Burke Station,Week2,Cardinal Hill,Week3,329.0 Cardinal Hill - 72.0 Burke Station
Burke Station,Week1,Cottontail,Week1,234.5 Cottontail - 144.5 Burke Station
Burke Station,Week3,Mosby Woods,Week2,301.0 Mosby Woods - 96.0 Burke Station
Burke Station,Week4,Mosby Woods,Week3,307.0 Mosby Woods - 95.0 Burke Station
Burke Station,Week3,Cottontail,Week2,221.5 Cottontail - 175.5 Burke Station
Camelot,Week2,Kent Gardens,Week5,237.0 Kent Gardens - 165.0 Camelot
Burke Station,Week1,Cottontail,Week3,200.0 Cottontail - 179.0 Burke Station
Camelot,Week3,Kent Gardens,Week3,218.0 Kent Gardens - 184.0 Camelot
Camelot,Week3,Kent Gardens,Week4,242.0 Kent Gardens - 160.0 Camelot
Camelot,Week4,Kent Gardens,Week1,248.0 Kent Gardens - 154.0 Camelot
Burke Station,Week4,Mosby Woods,Week1,314.0 Mosby Woods - 88.0 Burke Station
Camelot,Week3,Commonwealth,Week4,208.0 Camelot - 193.0 Commonwealth
Burke Station,Week4,Cardinal Hill,Week5,300.0 Cardinal Hill - 102.0 Burke Station
Camelot,Week1,Commonwealth,Week3,205.0 Camelot - 196.0 Commonwealth
Burke Station,Week1,Cottontail,Week5,227.0 Cottontail - 151.0 Burke Station
Burke Station,Week3,Cottontail,Week1,237.0 Cottontail - 160.0 Burke Station
Burke Station,Week4,Parliament,Week2,256.0 Parliament - 137.0 Burke Station
Camelot,Week1,Kent Gardens,Week4,216.0 Kent Gardens - 186.0 Camelot
Burke Station,Week3,Parliament,Week4,236.5 Parliament - 151.5 Burke Station
Burke Station,Week5,Parklawn,Week5,208.0 Parklawn - 193.0 Burke Station
Burke Station,Week4,Mosby Woods,Week5,323.0 Mosby Woods - 79.0 Burke Station
Burke Station,Week2,Parliament,Week2,270.0 Parliament - 122.0 Burke Station
Burke Station,Week4,Cardinal Hill,Week4,304.0 Cardinal Hill - 98.0 Burke Station
Burke Station,Week5,Mosby Woods,Week2,292.0 Mosby Woods - 110.0 Burke Station
Burke Station,Week5,Parklawn,Week2,201.0 Parklawn - 200.0 Burke Station
Camelot,Week3,Commonwealth,Week3,205.0 Commonwealth - 196.0 Camelot
Burke Station,Week1,Mount Vernon Park,Week1,261.0 Mount Vernon Park - 117.0 Burke Station
Camelot,Week4,Kent Gardens,Week4,232.0 Kent Gardens - 170.0 Camelot
Burke Station,Week4,Cottontail,Week1,275.0 Cottontail - 127.0 Burke Station
Burke Station,Week2,Mosby Woods,Week1,322.5 Mosby Woods - 79.5 Burke Station
Camelot,Week5,Kent Gardens,Week1,232.0 Kent Gardens - 170.0 Camelot
Burke Station,Week4,Rolling Hills,Week4,238.0 Rolling Hills - 162.0 Burke Station
Burke Station,Week5,Mosby Woods,Week3,283.0 Mosby Woods - 114.0 Burke Station
Camelot,Week4,Kent Gardens,Week3,218.0 Kent Gardens - 184.0 Camelot
Burke Station,Week3,Rolling Valley,Week2,220.0 Burke Station - 176.0 Rolling Valley
Burke Station,Week3,Cottontail,Week3,208.0 Cottontail - 189.0 Burke Station
Camelot,Week3,Commonwealth,Week5,208.0 Commonwealth - 194.0 Camelot
Burke Station,Week2,Cottontail,Week1,289.0 Cottontail - 113.0 Burke Station
Burke Station,Week4,Parliament,Week5,273.0 Parliament - 119.0 Burke Station
Burke Station,Week3,Parliament,Week2,240.0 Parliament - 150.0 Burke Station
Burke Station,Week4,Rolling Hills,Week3,238.0 Rolling Hills - 158.0 Burke Station
Burke Station,Week3,Parliament,Week3,240.0 Parliament - 156.0 Burke Station
Burke Station,Week4,Parliament,Week4,276.0 Parliament - 119.0 Burke Station
Camelot,Week4,Fox Mill Estates,Week4,212.0 Fox Mill Estates - 190.0 Camelot
Burke Station,Week3,Mosby Woods,Week5,297.0 Mosby Woods - 100.0 Burke Station
Burke Station,Week4,Rolling Hills,Week5,229.0 Rolling Hills - 173.0 Burke Station
Camelot,Week4,Commonwealth,Week1,240.0 Camelot - 161.0 Commonwealth
Burke Station,Week3,Cottontail,Week4,223.0 Cottontail - 174.0 Burke Station
Burke Station,Week1,Pinecrest,Week1,285.0 Pinecrest - 94.0 Burke Station
Camelot,Week5,Commonwealth,Week1,238.0 Camelot - 159.0 Commonwealth
Camelot,Week2,Fox Mill Woods,Week1,272.0 Fox Mill Woods - 130.0 Camelot
Camelot,Week4,Kent Gardens,Week5,252.0 Kent Gardens - 150.0 Camelot
Burke Station,Week5,Cottontail,Week3,204.0 Cottontail - 198.0 Burke Station
Camelot,Week2,Cottontail,Week2,212.0 Camelot - 190.0 Cottontail
Burke Station,Week3,Rolling Valley,Week5,219.0 Burke Station - 178.0 Rolling Valley
Burke Station,Week3,Rolling Hills,Week3,211.0 Rolling Hills - 177.0 Burke Station
Burke Station,Week2,Mosby Woods,Week2,324.0 Mosby Woods - 78.0 Burke Station
Camelot,Week4,Commonwealth,Week2,215.0 Commonwealth - 187.0 Camelot
Burke Station,Week5,Cottontail,Week5,249.0 Cottontail - 153.0 Burke Station
Burke Station,Week5,Parliament,Week1,255.0 Parliament - 138.0 Burke Station
Camelot,Week5,Commonwealth,Week2,203.0 Camelot - 198.0 Commonwealth
Burke Station,Week5,Mosby Woods,Week5,294.0 Mosby Woods - 108.0 Burke Station
Burke Station,Week5,Parliament,Week3,260.0 Parliament - 142.0 Burke Station
Camelot,Week1,Commonwealth,Week1,219.0 Camelot - 180.0 Commonwealth
Burke Station,Week4,Cottontail,Week2,245.0 Cottontail - 157.0 Burke Station
Burke Station,Week1,Country Club Hills,Week4,231.0 Country Club Hills - 148.0 Burke Station
Camelot,Week3,Fox Mill Estates,Week3,210.0 Fox Mill Estates - 191.0 Camelot
Burke Station,Week5,Rolling Hills,Week1,226.0 Rolling Hills - 176.0 Burke Station
Burke Station,Week1,Pinecrest,Week2,285.0 Pinecrest - 93.0 Burke Station
Camelot,Week4,Cottontail,Week5,222.0 Cottontail - 180.0 Camelot
Burke Station,Week2,Country Club Hills,Week1,276.0 Country Club Hills - 126.0 Burke Station
Burke Station,Week3,Mosby Woods,Week1,302.5 Mosby Woods - 93.5 Burke Station
Burke Station,Week1,Country Club Hills,Week1,229.0 Country Club Hills - 150.0 Burke Station
Broyhill Crest,Week2,Villa Aquatic,Week2,341.0 Villa Aquatic - 60.0 Broyhill Crest
Burke Station,Week1,Mount Vernon Park,Week2,267.0 Mount Vernon Park - 112.0 Burke Station
Broyhill Crest,Week2,Villa Aquatic,Week5,371.0 Villa Aquatic - 31.0 Broyhill Crest
Camelot,Week4,Fox Mill Estates,Week2,209.0 Fox Mill Estates - 193.0 Camelot
Burke Station,Week1,Pinecrest,Week4,284.0 Pinecrest - 95.0 Burke Station
Burke Station,Week4,Mosby Woods,Week2,319.0 Mosby Woods - 83.0 Burke Station
Camelot,Week1,Cottontail,Week3,205.0 Cottontail - 197.0 Camelot
Camelot,Week4,Cottontail,Week2,208.0 Camelot - 194.0 Cottontail
Camelot,Week2,Fox Mill Estates,Week5,206.0 Camelot - 196.0 Fox Mill Estates
Burke Station,Week1,Rolling Valley,Week1,229.0 Burke Station - 149.0 Rolling Valley
Camelot,Week3,Fox Mill Woods,Week2,283.0 Fox Mill Woods - 119.0 Camelot
Camelot,Week5,Commonwealth,Week3,211.0 Camelot - 189.0 Commonwealth
Burke Station,Week2,Country Club Hills,Week2,288.0 Country Club Hills - 114.0 Burke Station
Burke Station,Week1,Country Club Hills,Week2,239.0 Country Club Hills - 140.0 Burke Station
Burke Station,Week2,Pinecrest,Week1,325.0 Pinecrest - 77.0 Burke Station
Burke Station,Week1,Rolling Valley,Week2,194.0 Burke Station - 185.0 Rolling Valley
Burke Station,Week1,Mount Vernon Park,Week3,274.0 Mount Vernon Park - 105.0 Burke Station
Broyhill Crest,Week1,Villa Aquatic,Week2,337.0 Villa Aquatic - 64.0 Broyhill Crest
Burke Station,Week5,Rolling Hills,Week5,208.0 Rolling Hills - 194.0 Burke Station
Broyhill Crest,Week2,Villa Aquatic,Week3,373.0 Villa Aquatic - 29.0 Broyhill Crest
Burke Station,Week5,Parliament,Week5,260.5 Parliament - 132.5 Burke Station
Camelot,Week5,Fox Mill Estates,Week4,201.0 Camelot - 201.0 Fox Mill Estates
Burke Station,Week4,Mosby Woods,Week4,301.0 Mosby Woods - 101.0 Burke Station
Burke Station,Week1,Pinecrest,Week5,286.0 Pinecrest - 89.0 Burke Station
Camelot,Week1,Country Club Hills,Week2,203.0 Country Club Hills - 199.0 Camelot
Broyhill Crest,Week2,Villa Aquatic,Week1,340.0 Villa Aquatic - 61.0 Broyhill Crest
Burke Station,Week2,Pinecrest,Week3,331.0 Pinecrest - 71.0 Burke Station
Burke Station,Week2,Country Club Hills,Week4,269.0 Country Club Hills - 133.0 Burke Station
Burke Station,Week1,Rolling Valley,Week5,194.5 Burke Station - 184.5 Rolling Valley
Burke Station,Week3,Country Club Hills,Week2,262.0 Country Club Hills - 135.0 Burke Station
Camelot,Week5,Fox Mill Estates,Week5,210.0 Camelot - 192.0 Fox Mill Estates
Broyhill Crest,Week1,Villa Aquatic,Week1,327.0 Villa Aquatic - 74.0 Broyhill Crest
Burke Station,Week2,Pinecrest,Week4,325.0 Pinecrest - 77.0 Burke Station
Burke Station,Week2,Mosby Woods,Week4,306.0 Mosby Woods - 96.0 Burke Station
Burke Station,Week5,Mosby Woods,Week1,302.0 Mosby Woods - 100.0 Burke Station
Camelot,Week5,Commonwealth,Week5,216.0 Camelot - 186.0 Commonwealth
Burke Station,Week2,Mosby Woods,Week5,320.0 Mosby Woods - 82.0 Burke Station
Burke Station,Week2,Country Club Hills,Week5,291.0 Country Club Hills - 110.0 Burke Station
Burke Station,Week2,Rolling Valley,Week1,229.0 Burke Station - 172.0 Rolling Valley
Burke Station,Week3,Country Club Hills,Week1,260.0 Country Club Hills - 137.0 Burke Station
Burke Station,Week3,Mosby Woods,Week3,297.0 Mosby Woods - 100.0 Burke Station
Camelot,Week4,Cottontail,Week1,219.0 Cottontail - 183.0 Camelot
Broyhill Crest,Week3,Villa Aquatic,Week1,342.0 Villa Aquatic - 60.0 Broyhill Crest
Burke Station,Week2,Pinecrest,Week2,330.0 Pinecrest - 71.0 Burke Station
Broyhill Crest,Week2,Villa Aquatic,Week4,358.0 Villa Aquatic - 44.0 Broyhill Crest
Burke Station,Week5,Rolling Hills,Week3,223.0 Rolling Hills - 172.0 Burke Station
Camelot,Week5,Fox Mill Estates,Week2,201.0 Camelot - 201.0 Fox Mill Estates
Burke Station,Week1,Rolling Valley,Week4,199.0 Burke Station - 179.0 Rolling Valley
Camelot,Week1,Fox Mill Woods,Week1,286.0 Fox Mill Woods - 116.0 Camelot
Burke Station,Week1,Pinecrest,Week3,291.0 Pinecrest - 88.0 Burke Station
Burke Station,Week4,Rolling Hills,Week1,253.0 Rolling Hills - 149.0 Burke Station
Camelot,Week3,Cottontail,Week5,222.0 Cottontail - 180.0 Camelot
Camelot,Week3,Fox Mill Estates,Week4,216.0 Fox Mill Estates - 186.0 Camelot
Camelot,Week5,Commonwealth,Week4,217.0 Camelot - 183.0 Commonwealth
Camelot,Week1,Country Club Hills,Week4,212.0 Country Club Hills - 190.0 Camelot
Burke Station,Week2,Mosby Woods,Week3,318.0 Mosby Woods - 83.0 Burke Station
Burke Station,Week2,Rolling Valley,Week2,205.0 Rolling Valley - 197.0 Burke Station
Camelot,Week1,Cottontail,Week5,215.5 Cottontail - 186.5 Camelot
Burke Station,Week3,Country Club Hills,Week5,265.0 Country Club Hills - 132.0 Burke Station
Burke Station,Week3,Country Club Hills,Week4,244.0 Country Club Hills - 153.0 Burke Station
Camelot,Week1,Fox Mill Woods,Week4,284.0 Fox Mill Woods - 118.0 Camelot
Burke Station,Week4,Pinecrest,Week1,316.0 Pinecrest - 86.0 Burke Station
Camelot,Week1,Fox Mill Woods,Week3,274.0 Fox Mill Woods - 128.0 Camelot
Burke Station,Week3,Lincolnia Park,Week5,206.0 Burke Station - 172.0 Lincolnia Park
Burke Station,Week3,Country Club Hills,Week3,244.0 Country Club Hills - 152.0 Burke Station
Broyhill Crest,Week1,Villa Aquatic,Week4,354.0 Villa Aquatic - 48.0 Broyhill Crest
Camelot,Week5,Cottontail,Week2,208.0 Camelot - 194.0 Cottontail
Burke Station,Week3,Rolling Hills,Week2,216.5 Rolling Hills - 179.5 Burke Station
Camelot,Week2,Country Club Hills,Week2,210.0 Camelot - 192.0 Country Club Hills
Broyhill Crest,Week5,Vienna Woods,Week5,390.0 Vienna Woods - 12.0 Broyhill Crest
Burke Station,Week4,Pinecrest,Week5,331.0 Pinecrest - 71.0 Burke Station
Broyhill Crest,Week1,Villa Aquatic,Week3,367.0 Villa Aquatic - 35.0 Broyhill Crest
Burke Station,Week4,Lincolnia Park,Week2,222.0 Burke Station - 164.0 Lincolnia Park
Camelot,Week2,Fox Mill Woods,Week2,263.0 Fox Mill Woods - 139.0 Camelot
Burke Station,Week5,Rolling Hills,Week2,220.0 Rolling Hills - 177.0 Burke Station
Burke Station,Week1,Mount Vernon Park,Week4,266.0 Mount Vernon Park - 113.0 Burke Station
Burke Station,Week3,Lincolnia Park,Week2,236.0 Burke Station - 142.0 Lincolnia Park
Broyhill Crest,Week3,Villa Aquatic,Week2,341.0 Villa Aquatic - 61.0 Broyhill Crest
Camelot,Week5,Fox Mill Woods,Week4,286.0 Fox Mill Woods - 116.0 Camelot
Broyhill Crest,Week1,Villa Aquatic,Week5,363.0 Villa Aquatic - 39.0 Broyhill Crest
Camelot,Week2,Fox Mill Woods,Week5,277.0 Fox Mill Woods - 125.0 Camelot
Burke Station,Week4,Country Club Hills,Week1,275.0 Country Club Hills - 127.0 Burke Station
Burke Station,Week1,Rolling Valley,Week3,208.0 Burke Station - 171.0 Rolling Valley
Burke Station,Week3,Rolling Hills,Week1,217.0 Rolling Hills - 178.0 Burke Station
Camelot,Week3,Fox Mill Estates,Week1,216.0 Camelot - 186.0 Fox Mill Estates
Burke Station,Week3,Pinecrest,Week1,307.0 Pinecrest - 90.0 Burke Station
Burke Station,Week5,Mosby Woods,Week4,288.0 Mosby Woods - 114.0 Burke Station
Camelot,Week4,Commonwealth,Week4,216.0 Camelot - 186.0 Commonwealth
Burke Station,Week5,Pinecrest,Week1,291.0 Pinecrest - 111.0 Burke Station
Burke Station,Week3,Pinecrest,Week2,305.0 Pinecrest - 92.0 Burke Station
Burke Station,Week3,Pinecrest,Week5,314.0 Pinecrest - 82.0 Burke Station
Burke Station,Week2,Rolling Valley,Week4,205.0 Rolling Valley - 196.0 Burke Station
Camelot,Week3,Cottontail,Week2,212.0 Cottontail - 190.0 Camelot
Burke Station,Week1,Pinewood Lake,Week1,307.0 Burke Station - 64.0 Pinewood Lake
Camelot,Week1,Cottontail,Week4,202.0 Cottontail - 200.0 Camelot
Burke Station,Week4,Lee Graham,Week5,334.0 Lee Graham - 68.0 Burke Station
Burke Station,Week2,Rolling Valley,Week3,201.5 Burke Station - 200.5 Rolling Valley
Camelot,Week4,Fox Mill Estates,Week3,212.0 Fox Mill Estates - 190.0 Camelot
Camelot,Week3,Fox Mill Woods,Week1,284.0 Fox Mill Woods - 118.0 Camelot
Camelot,Week2,Cottontail,Week1,211.0 Cottontail - 191.0 Camelot
Burke Station,Week2,Rolling Valley,Week5,207.0 Rolling Valley - 195.0 Burke Station
Camelot,Week3,Fox Mill Estates,Week2,209.0 Fox Mill Estates - 193.0 Camelot
Burke Station,Week3,Lee Graham,Week5,334.0 Lee Graham - 63.0 Burke Station
Burke Station,Week3,Rolling Valley,Week1,246.0 Burke Station - 151.0 Rolling Valley
Burke Station,Week3,Rolling Hills,Week4,202.0 Rolling Hills - 187.0 Burke Station
Camelot,Week5,Fox Mill Estates,Week1,231.0 Camelot - 171.0 Fox Mill Estates
Camelot,Week1,Fox Mill Woods,Week5,289.0 Fox Mill Woods - 113.0 Camelot
Burke Station,Week5,Lee Graham,Week1,309.0 Lee Graham - 88.0 Burke Station
Burke Station,Week5,Pinecrest,Week2,302.0 Pinecrest - 100.0 Burke Station
Burke Station,Week4,Lincolnia Park,Week4,228.0 Burke Station - 164.0 Lincolnia Park
Camelot,Week2,Cottontail,Week5,217.0 Cottontail - 185.0 Camelot
Burke Station,Week3,Pinecrest,Week4,311.0 Pinecrest - 86.0 Burke Station
Burke Station,Week5,Pinecrest,Week3,310.0 Pinecrest - 92.0 Burke Station
Burke Station,Week5,Lee Graham,Week3,331.0 Lee Graham - 71.0 Burke Station
Camelot,Week3,Cottontail,Week4,208.0 Cottontail - 194.0 Camelot
Burke Station,Week4,Rolling Hills,Week2,241.0 Rolling Hills - 161.0 Burke Station
Burke Station,Week5,Lee Graham,Week2,309.0 Lee Graham - 93.0 Burke Station
Burke Station,Week3,Rolling Hills,Week5,201.0 Rolling Hills - 195.0 Burke Station
Camelot,Week5,Fox Mill Estates,Week3,209.0 Camelot - 193.0 Fox Mill Estates
Camelot,Week4,Commonwealth,Week3,207.0 Camelot - 195.0 Commonwealth
Camelot,Week4,Commonwealth,Week5,203.0 Camelot - 199.0 Commonwealth
Burke Station,Week4,Pinecrest,Week2,323.0 Pinecrest - 79.0 Burke Station
Burke Station,Week5,Pinecrest,Week5,314.0 Pinecrest - 83.0 Burke Station
Camelot,Week4,Fox Mill Estates,Week1,211.0 Camelot - 191.0 Fox Mill Estates
Burke Station,Week1,Lincolnia Park,Week1,226.0 Burke Station - 151.0 Lincolnia Park
Burke Station,Week1,Pinewood Lake,Week2,294.0 Burke Station - 74.0 Pinewood Lake
Burke Station,Week1,Rutherford,Week3,193.0 Rutherford - 182.0 Burke Station
Burke Station,Week1,Lincolnia Park,Week4,237.0 Burke Station - 137.0 Lincolnia Park
Camelot,Week1,Fox Mill Woods,Week2,277.0 Fox Mill Woods - 125.0 Camelot
Burke Station,Week1,Pinewood Lake,Week4,286.0 Burke Station - 81.0 Pinewood Lake
Burke Station,Week3,Rolling Valley,Week4,217.0 Burke Station - 179.0 Rolling Valley
Burke Station,Week5,Lee Graham,Week4,324.0 Lee Graham - 78.0 Burke Station
Burke Station,Week3,Pinecrest,Week3,314.0 Pinecrest - 83.0 Burke Station
Camelot,Week3,Cottontail,Week3,217.0 Cottontail - 185.0 Camelot
Burke Station,Week2,Pinewood Lake,Week2,312.0 Burke Station - 62.0 Pinewood Lake
Camelot,Week3,Cottontail,Week1,223.0 Cottontail - 179.0 Camelot
Burke Station,Week1,Pinewood Lake,Week3,304.0 Burke Station - 60.0 Pinewood Lake
Burke Station,Week4,Pinecrest,Week4,330.0 Pinecrest - 72.0 Burke Station
Camelot,Week2,Cottontail,Week4,217.0 Camelot - 185.0 Cottontail
Camelot,Week4,Cottontail,Week3,206.0 Cottontail - 196.0 Camelot
Burke Station,Week2,Lincolnia Park,Week1,230.0 Burke Station - 158.0 Lincolnia Park
Burke Station,Week3,Rutherford,Week1,221.0 Burke Station - 170.0 Rutherford
Camelot,Week1,Cottontail,Week2,203.0 Cottontail - 199.0 Camelot
Camelot,Week1,Cottontail,Week1,214.0 Cottontail - 188.0 Camelot
Burke Station,Week3,Rolling Valley,Week3,226.0 Burke Station - 170.0 Rolling Valley
Camelot,Week3,Fox Mill Estates,Week5,205.0 Fox Mill Estates - 197.0 Camelot
Burke Station,Week2,Lincolnia Park,Week3,202.0 Burke Station - 178.0 Lincolnia Park
Camelot,Week2,Fox Mill Woods,Week3,260.0 Fox Mill Woods - 142.0 Camelot
Camelot,Week2,Fox Mill Woods,Week4,268.0 Fox Mill Woods - 134.0 Camelot
Burke Station,Week5,Rolling Hills,Week4,214.0 Rolling Hills - 186.0 Burke Station
Camelot,Week4,Fox Mill Estates,Week5,213.0 Fox Mill Estates - 189.0 Camelot
Burke Station,Week2,Rutherford,Week1,219.5 Rutherford - 176.5 Burke Station
Burke Station,Week4,Lee Graham,Week1,327.0 Lee Graham - 75.0 Burke Station
Burke Station,Week4,Rutherford,Week2,209.0 Rutherford - 192.0 Burke Station
Burke Station,Week5,Rutherford,Week3,206.0 Burke Station - 196.0 Rutherford
Burke Station,Week4,Rutherford,Week3,226.0 Rutherford - 176.0 Burke Station
Camelot,Week4,Fox Mill Woods,Week1,273.0 Fox Mill Woods - 129.0 Camelot
Camelot,Week5,Cottontail,Week5,203.0 Camelot - 199.0 Cottontail
Burke Station,Week4,Rolling Valley,Week2,202.0 Burke Station - 200.0 Rolling Valley
Burke Station,Week1,Pinewood Lake,Week5,288.0 Burke Station - 80.0 Pinewood Lake
Camelot,Week3,Fox Mill Woods,Week4,288.0 Fox Mill Woods - 114.0 Camelot
Camelot,Week2,Cottontail,Week3,204.0 Cottontail - 198.0 Camelot
Burke Station,Week4,Pinecrest,Week3,335.0 Pinecrest - 67.0 Burke Station
Burke Station,Week2,Lincolnia Park,Week4,227.0 Burke Station - 161.0 Lincolnia Park
Burke Station,Week1,Lincolnia Park,Week2,215.0 Burke Station - 151.0 Lincolnia Park
Burke Station,Week2,Pinewood Lake,Week5,306.0 Burke Station - 76.0 Pinewood Lake
Camelot,Week1,Country Club Hills,Week1,202.0 Country Club Hills - 200.0 Camelot
Burke Station,Week4,Rutherford,Week5,243.0 Rutherford - 159.0 Burke Station
Camelot,Week3,Fox Mill Woods,Week3,276.0 Fox Mill Woods - 126.0 Camelot
Burke Station,Week3,Rutherford,Week4,214.0 Rutherford - 178.0 Burke Station
Burke Station,Week4,Pinewood Lake,Week2,301.0 Burke Station - 76.0 Pinewood Lake
Camelot,Week4,Fox Mill Woods,Week4,291.0 Fox Mill Woods - 111.0 Camelot
Camelot,Week5,Cottontail,Week4,207.0 Camelot - 195.0 Cottontail
Burke Station,Week4,Lee Graham,Week2,328.0 Lee Graham - 74.0 Burke Station
Burke Station,Week4,Rutherford,Week1,211.0 Rutherford - 190.0 Burke Station
Burke Station,Week4,Lee Graham,Week3,347.0 Lee Graham - 55.0 Burke Station
Burke Station,Week2,Pinewood Lake,Week3,314.0 Burke Station - 64.0 Pinewood Lake
Burke Station,Week5,Pinecrest,Week4,317.0 Pinecrest - 85.0 Burke Station
Camelot,Week4,Cottontail,Week4,204.0 Cottontail - 198.0 Camelot
Camelot,Week4,Fox Mill Woods,Week5,278.0 Fox Mill Woods - 124.0 Camelot
Burke Station,Week4,Rolling Valley,Week4,207.0 Rolling Valley - 195.0 Burke Station
Camelot,Week3,Fox Mill Woods,Week5,281.0 Fox Mill Woods - 121.0 Camelot
Camelot,Week5,Cottontail,Week3,211.0 Camelot - 191.0 Cottontail
Burke Station,Week2,Pinewood Lake,Week4,311.0 Burke Station - 71.0 Pinewood Lake
Burke Station,Week1,Lincolnia Park,Week5,205.0 Burke Station - 161.0 Lincolnia Park
Burke Station,Week2,Pinewood Lake,Week1,319.0 Burke Station - 59.0 Pinewood Lake
Burke Station,Week1,Lincolnia Park,Week3,205.0 Burke Station - 161.0 Lincolnia Park
Camelot,Week5,Fox Mill Woods,Week1,274.0 Fox Mill Woods - 128.0 Camelot
Camelot,Week5,Cottontail,Week1,209.0 Cottontail - 193.0 Camelot
Camelot,Week4,Fox Mill Woods,Week3,270.0 Fox Mill Woods - 132.0 Camelot
Burke Station,Week3,Lincolnia Park,Week4,234.0 Burke Station - 152.0 Lincolnia Park
Burke Station,Week4,Lee Graham,Week4,334.0 Lee Graham - 68.0 Burke Station
Camelot,Week1,Crosspointe,Week5,282.0 Crosspointe - 120.0 Camelot
Burke Station,Week2,Pleasant Valley,Week2,222.0 Burke Station - 169.0 Pleasant Valley
Burke Station,Week5,Rolling Valley,Week4,228.0 Burke Station - 174.0 Rolling Valley
Burke Station,Week1,Rutherford,Week5,200.0 Rutherford - 175.0 Burke Station
Camelot,Week2,Great Falls,Week4,202.0 Camelot - 200.0 Great Falls
Camelot,Week1,Country Club Hills,Week3,203.0 Camelot - 199.0 Country Club Hills
Burke Station,Week2,Pleasant Valley,Week5,220.0 Burke Station - 173.0 Pleasant Valley
Burke Station,Week1,Rutherford,Week2,188.0 Burke Station - 187.0 Rutherford
Camelot,Week5,Fox Mill Woods,Week2,271.0 Fox Mill Woods - 131.0 Camelot
Burke Station,Week2,Lincolnia Park,Week2,220.0 Burke Station - 163.0 Lincolnia Park
Camelot,Week1,Country Club Hills,Week5,221.0 Country Club Hills - 181.0 Camelot
Camelot,Week5,Fox Mill Woods,Week3,262.0 Fox Mill Woods - 140.0 Camelot
Burke Station,Week2,Pleasant Valley,Week1,227.0 Burke Station - 165.0 Pleasant Valley
Burke Station,Week5,Lee Graham,Week5,318.0 Lee Graham - 84.0 Burke Station
Burke Station,Week2,Rutherford,Week2,217.0 Rutherford - 180.0 Burke Station
Burke Station,Week3,Pleasant Valley,Week4,257.0 Burke Station - 135.0 Pleasant Valley
Camelot,Week4,Fox Mill Woods,Week2,283.0 Fox Mill Woods - 119.0 Camelot
Burke Station,Week3,Pinewood Lake,Week1,319.0 Burke Station - 50.0 Pinewood Lake
Burke Station,Week1,Rutherford,Week1,193.0 Burke Station - 181.0 Rutherford
Burke Station,Week3,Lincolnia Park,Week1,250.0 Burke Station - 132.0 Lincolnia Park
Burke Station,Week5,Pinewood Lake,Week3,320.0 Burke Station - 61.0 Pinewood Lake
Camelot,Week2,Country Club Hills,Week3,205.0 Camelot - 197.0 Country Club Hills
Camelot,Week3,Great Falls,Week4,217.0 Great Falls - 184.0 Camelot
Camelot,Week2,Country Club Hills,Week4,217.0 Camelot - 185.0 Country Club Hills
Burke Station,Week4,Lincolnia Park,Week1,235.0 Burke Station - 154.0 Lincolnia Park
Camelot,Week5,Country Club Hills,Week5,217.0 Country Club Hills - 185.0 Camelot
Camelot,Week1,Great Falls,Week3,236.0 Great Falls - 166.0 Camelot
Burke Station,Week2,Lincolnia Park,Week5,193.0 Burke Station - 192.0 Lincolnia Park
Camelot,Week3,Great Falls,Week2,215.0 Great Falls - 168.0 Camelot
Burke Station,Week3,Lincolnia Park,Week3,212.5 Burke Station - 160.5 Lincolnia Park
Camelot,Week2,Country Club Hills,Week1,223.0 Camelot - 179.0 Country Club Hills
Burke Station,Week5,Rolling Valley,Week1,259.0 Burke Station - 143.0 Rolling Valley
Burke Station,Week1,Little Hunting Park,Week2,203.0 Little Hunting Park - 171.0 Burke Station
Camelot,Week4,Country Club Hills,Week3,202.0 Country Club Hills - 200.0 Camelot
Burke Station,Week5,Little Hunting Park,Week2,208.0 Little Hunting Park - 194.0 Burke Station
Camelot,Week5,Country Club Hills,Week4,204.0 Camelot - 198.0 Country Club Hills
Burke Station,Week4,Pinewood Lake,Week3,305.0 Burke Station - 75.0 Pinewood Lake
Burke Station,Week4,Rolling Valley,Week1,243.0 Burke Station - 159.0 Rolling Valley
Burke Station,Week5,Rolling Valley,Week5,226.0 Burke Station - 176.0 Rolling Valley
Burke Station,Week5,Rolling Valley,Week3,222.0 Burke Station - 179.0 Rolling Valley
Camelot,Week1,Crosspointe,Week2,259.0 Crosspointe - 143.0 Camelot
Burke Station,Week3,Pleasant Valley,Week2,242.0 Burke Station - 149.0 Pleasant Valley
Camelot,Week4,Country Club Hills,Week2,208.0 Country Club Hills - 194.0 Camelot
Burke Station,Week4,Lincolnia Park,Week3,202.0 Burke Station - 182.0 Lincolnia Park
Burke Station,Week5,Pinewood Lake,Week1,324.0 Burke Station - 57.0 Pinewood Lake
Burke Station,Week1,Rutherford,Week4,215.0 Rutherford - 163.0 Burke Station
Camelot,Week3,Great Falls,Week1,206.0 Great Falls - 194.0 Camelot
Camelot,Week1,Great Falls,Week4,204.0 Great Falls - 194.0 Camelot
Camelot,Week2,Great Falls,Week3,211.0 Great Falls - 191.0 Camelot
Camelot,Week2,Great Falls,Week2,192.0 Great Falls - 191.0 Camelot
Camelot,Week3,Country Club Hills,Week2,211.0 Country Club Hills - 191.0 Camelot
Burke Station,Week1,Little Hunting Park,Week1,195.0 Little Hunting Park - 175.0 Burke Station
Burke Station,Week3,Little Hunting Park,Week5,235.0 Little Hunting Park - 162.0 Burke Station
Burke Station,Week3,Pleasant Valley,Week3,222.0 Burke Station - 174.0 Pleasant Valley
Burke Station,Week2,Rutherford,Week4,247.0 Rutherford - 153.0 Burke Station
Camelot,Week5,Country Club Hills,Week3,208.0 Country Club Hills - 194.0 Camelot
Burke Station,Week5,Lincolnia Park,Week4,256.0 Burke Station - 139.0 Lincolnia Park
Burke Station,Week1,Pleasant Valley,Week1,222.0 Burke Station - 148.0 Pleasant Valley
Burke Station,Week5,Pinewood Lake,Week4,320.0 Burke Station - 63.0 Pinewood Lake
Camelot,Week5,Fox Mill Woods,Week5,280.0 Fox Mill Woods - 122.0 Camelot
Burke Station,Week2,Rutherford,Week3,227.0 Rutherford - 171.0 Burke Station
Burke Station,Week2,Little Hunting Park,Week5,252.0 Little Hunting Park - 145.0 Burke Station
Burke Station,Week1,Little Hunting Park,Week4,214.0 Little Hunting Park - 161.0 Burke Station
Burke Station,Week4,Pinewood Lake,Week4,299.0 Burke Station - 87.0 Pinewood Lake
Camelot,Week4,Country Club Hills,Week4,203.0 Camelot - 199.0 Country Club Hills
Camelot,Week1,Great Falls,Week5,232.0 Great Falls - 169.0 Camelot
Burke Station,Week5,Pinewood Lake,Week5,311.0 Burke Station - 75.0 Pinewood Lake
Burke Station,Week4,Pinewood Lake,Week1,319.0 Burke Station - 62.0 Pinewood Lake
Camelot,Week1,Great Falls,Week1,204.0 Great Falls - 197.0 Camelot
Burke Station,Week4,Rutherford,Week4,237.0 Rutherford - 164.0 Burke Station
Burke Station,Week3,Little Hunting Park,Week3,211.0 Little Hunting Park - 185.0 Burke Station
Burke Station,Week5,Lincolnia Park,Week2,246.0 Burke Station - 140.0 Lincolnia Park
Burke Station,Week3,Rutherford,Week5,219.0 Rutherford - 175.0 Burke Station
Camelot,Week3,Country Club Hills,Week1,207.0 Camelot - 195.0 Country Club Hills
Burke Station,Week4,Rolling Valley,Week3,205.0 Burke Station - 197.0 Rolling Valley
Burke Station,Week3,Pinewood Lake,Week5,304.0 Burke Station - 70.0 Pinewood Lake
Burke Station,Week3,Pinewood Lake,Week2,310.0 Burke Station - 54.0 Pinewood Lake
Burke Station,Week4,Little Hunting Park,Week3,240.0 Little Hunting Park - 162.0 Burke Station
Camelot,Week3,Great Falls,Week5,226.0 Great Falls - 174.0 Camelot
Burke Station,Week3,Rutherford,Week2,209.0 Burke Station - 187.0 Rutherford
Camelot,Week2,Country Club Hills,Week5,207.0 Country Club Hills - 195.0 Camelot
Camelot,Week4,Country Club Hills,Week5,215.0 Country Club Hills - 187.0 Camelot
Burke Station,Week3,Little Hunting Park,Week4,216.0 Little Hunting Park - 180.0 Burke Station
Camelot,Week4,Country Club Hills,Week1,205.0 Country Club Hills - 197.0 Camelot
Camelot,Week1,Great Falls,Week2,217.0 Great Falls - 167.0 Camelot
Burke Station,Week3,Rutherford,Week3,205.0 Rutherford - 191.0 Burke Station
Camelot,Week4,Great Falls,Week4,219.0 Great Falls - 182.0 Camelot
Camelot,Week3,Country Club Hills,Week4,204.0 Camelot - 198.0 Country Club Hills
Camelot,Week3,Great Falls,Week3,244.0 Great Falls - 158.0 Camelot
Burke Station,Week4,Rolling Valley,Week5,208.0 Rolling Valley - 194.0 Burke Station
Camelot,Week4,Great Falls,Week2,204.0 Great Falls - 180.0 Camelot
Camelot,Week3,Country Club Hills,Week3,215.0 Country Club Hills - 187.0 Camelot
Burke Station,Week4,Little Hunting Park,Week1,236.0 Little Hunting Park - 165.0 Burke Station
Burke Station,Week3,Pinewood Lake,Week3,322.0 Burke Station - 47.0 Pinewood Lake
Camelot,Week4,Great Falls,Week5,232.0 Great Falls - 169.0 Camelot
Burke Station,Week1,Pleasant Valley,Week3,204.0 Burke Station - 173.0 Pleasant Valley
Burke Station,Week2,Little Hunting Park,Week3,254.0 Little Hunting Park - 147.0 Burke Station
Burke Station,Week5,Rolling Valley,Week2,233.0 Burke Station - 169.0 Rolling Valley
Burke Station,Week1,Pleasant Valley,Week2,224.0 Burke Station - 145.0 Pleasant Valley
Burke Station,Week2,Rutherford,Week5,258.0 Rutherford - 140.0 Burke Station
Camelot,Week5,Great Falls,Week1,211.0 Camelot - 190.0 Great Falls
Camelot,Week4,Great Falls,Week1,203.0 Camelot - 199.0 Great Falls
Camelot,Week5,Country Club Hills,Week1,210.0 Country Club Hills - 192.0 Camelot
Burke Station,Week5,Rutherford,Week2,220.0 Burke Station - 182.0 Rutherford
Camelot,Week5,Country Club Hills,Week2,203.0 Country Club Hills - 199.0 Camelot
Burke Station,Week1,Pleasant Valley,Week5,219.0 Burke Station - 156.0 Pleasant Valley
Burke Station,Week5,Lincolnia Park,Week3,227.0 Burke Station - 157.0 Lincolnia Park
Burke Station,Week1,Little Hunting Park,Week3,212.0 Little Hunting Park - 166.0 Burke Station
Burke Station,Week2,Pleasant Valley,Week3,211.0 Burke Station - 188.0 Pleasant Valley
Camelot,Week5,Great Falls,Week2,195.0 Camelot - 188.0 Great Falls
Burke Station,Week4,Pinewood Lake,Week5,298.0 Burke Station - 89.0 Pinewood Lake
Burke Station,Week4,Little Hunting Park,Week2,230.0 Little Hunting Park - 171.0 Burke Station
Burke Station,Week4,Lincolnia Park,Week5,195.0 Burke Station - 194.0 Lincolnia Park
Burke Station,Week5,Rutherford,Week1,215.0 Burke Station - 186.0 Rutherford
Burke Station,Week1,Pleasant Valley,Week4,244.0 Burke Station - 125.0 Pleasant Valley
Camelot,Week1,Crosspointe,Week4,270.0 Crosspointe - 132.0 Camelot
Camelot,Week2,Great Falls,Week5,207.0 Great Falls - 194.0 Camelot
Burke Station,Week3,Little Hunting Park,Week1,198.0 Little Hunting Park - 194.0 Burke Station
Camelot,Week3,Country Club Hills,Week5,231.0 Country Club Hills - 171.0 Camelot
Camelot,Week1,Crosspointe,Week1,265.0 Crosspointe - 137.0 Camelot
Camelot,Week4,Great Falls,Week3,236.0 Great Falls - 166.0 Camelot
Burke Station,Week3,Pinewood Lake,Week4,314.0 Burke Station - 60.0 Pinewood Lake
Camelot,Week2,Crosspointe,Week1,261.0 Crosspointe - 141.0 Camelot
Burke Station,Week1,Shouse Village,Week5,226.0 Shouse Village - 153.0 Burke Station
Camelot,Week1,Crosspointe,Week3,258.0 Crosspointe - 144.0 Camelot
Camelot,Week2,Great Falls,Week1,207.0 Camelot - 193.0 Great Falls
Burke Station,Week5,Shouse Village,Week1,237.0 Shouse Village - 165.0 Burke Station
Burke Station,Week5,Lincolnia Park,Week5,225.0 Burke Station - 164.0 Lincolnia Park
Burke Station,Week2,Shouse Village,Week3,278.0 Shouse Village - 124.0 Burke Station
Camelot,Week5,Great Falls,Week3,220.0 Great Falls - 182.0 Camelot
Burke Station,Week5,Rutherford,Week4,203.0 Rutherford - 198.0 Burke Station
Burke Station,Week2,Pleasant Valley,Week4,258.0 Burke Station - 127.0 Pleasant Valley
Camelot,Week1,Daventry,Week5,242.0 Camelot - 160.0 Daventry
Burke Station,Week2,Little Hunting Park,Week1,237.0 Little Hunting Park - 156.0 Burke Station
Burke Station,Week4,Shouse Village,Week4,278.0 Shouse Village - 124.0 Burke Station
Camelot,Week2,Daventry,Week1,266.0 Camelot - 135.0 Daventry
Burke Station,Week5,Rutherford,Week5,217.0 Rutherford - 185.0 Burke Station
Camelot,Week3,Daventry,Week1,263.0 Camelot - 138.0 Daventry
Burke Station,Week2,Shouse Village,Week4,284.0 Shouse Village - 117.0 Burke Station
Burke Station,Week4,Pleasant Valley,Week3,205.0 Burke Station - 196.0 Pleasant Valley
Camelot,Week4,Greenbriar,Week5,237.0 Greenbriar - 165.0 Camelot
Burke Station,Week3,Shouse Village,Week1,235.0 Shouse Village - 162.0 Burke Station
Camelot,Week4,Crosspointe,Week2,266.0 Crosspointe - 136.0 Camelot
Camelot,Week3,Greenbriar,Week4,235.0 Greenbriar - 167.0 Camelot
Burke Station,Week2,Poplar Heights,Week1,290.0 Poplar Heights - 110.0 Burke Station
Burke Station,Week5,Pinewood Lake,Week2,312.0 Burke Station - 64.0 Pinewood Lake
Camelot,Week1,Greenbriar,Week1,240.0 Greenbriar - 162.0 Camelot
Camelot,Week4,Greenbriar,Week3,247.0 Greenbriar - 155.0 Camelot
Burke Station,Week1,Little Hunting Park,Week5,223.0 Little Hunting Park - 155.0 Burke Station
Burke Station,Week4,Pleasant Valley,Week1,239.0 Burke Station - 161.0 Pleasant Valley
Camelot,Week1,Hamlet,Week3,294.0 Hamlet - 108.0 Camelot
Burke Station,Week3,Little Hunting Park,Week2,205.0 Little Hunting Park - 190.0 Burke Station
Burke Station,Week3,Shouse Village,Week4,254.0 Shouse Village - 143.0 Burke Station
Camelot,Week2,Crosspointe,Week4,267.0 Crosspointe - 135.0 Camelot
Burke Station,Week1,Shouse Village,Week2,209.0 Shouse Village - 170.0 Burke Station
Burke Station,Week5,Little Hunting Park,Week1,209.0 Little Hunting Park - 192.0 Burke Station
Burke Station,Week3,Poplar Heights,Week2,281.0 Poplar Heights - 112.0 Burke Station
Burke Station,Week4,Little Hunting Park,Week5,244.0 Little Hunting Park - 154.0 Burke Station
Burke Station,Week5,Lincolnia Park,Week1,259.0 Burke Station - 133.0 Lincolnia Park
Camelot,Week2,Daventry,Week4,258.0 Camelot - 141.0 Daventry
Burke Station,Week3,Pleasant Valley,Week1,246.0 Burke Station - 147.0 Pleasant Valley
Burke Station,Week4,Poplar Heights,Week5,307.0 Poplar Heights - 94.0 Burke Station
Burke Station,Week4,Shouse Village,Week2,258.0 Shouse Village - 143.0 Burke Station
Camelot,Week3,Crosspointe,Week3,262.0 Crosspointe - 140.0 Camelot
Burke Station,Week2,Little Hunting Park,Week4,238.0 Little Hunting Park - 159.0 Burke Station
Burke Station,Week5,Poplar Heights,Week3,273.0 Poplar Heights - 129.0 Burke Station
Camelot,Week3,Greenbriar,Week2,265.0 Greenbriar - 137.0 Camelot
Camelot,Week4,Greenbriar,Week1,246.0 Greenbriar - 156.0 Camelot
Camelot,Week5,Crosspointe,Week5,281.0 Crosspointe - 121.0 Camelot
Burke Station,Week1,Shouse Village,Week1,221.0 Shouse Village - 158.0 Burke Station
Burke Station,Week2,Shouse Village,Week5,278.0 Shouse Village - 123.0 Burke Station
Burke Station,Week5,Little Hunting Park,Week5,232.5 Little Hunting Park - 169.5 Burke Station
Burke Station,Week1,Poplar Heights,Week2,266.0 Poplar Heights - 112.0 Burke Station
Camelot,Week2,Crosspointe,Week5,271.0 Crosspointe - 131.0 Camelot
Burke Station,Week1,Little Rocky Run,Week1,304.0 Little Rocky Run - 75.0 Burke Station
Camelot,Week2,Greenbriar,Week4,222.0 Greenbriar - 180.0 Camelot
Camelot,Week2,Crosspointe,Week2,256.0 Crosspointe - 146.0 Camelot
Burke Station,Week4,Shouse Village,Week5,274.0 Shouse Village - 127.0 Burke Station
Camelot,Week3,Crosspointe,Week1,273.0 Crosspointe - 129.0 Camelot
Burke Station,Week1,Shouse Village,Week4,230.0 Shouse Village - 148.0 Burke Station
Camelot,Week2,Greenbriar,Week5,224.0 Greenbriar - 178.0 Camelot
Camelot,Week1,Greenbriar,Week3,242.0 Greenbriar - 160.0 Camelot
Burke Station,Week5,Pleasant Valley,Week5,253.0 Burke Station - 142.0 Pleasant Valley
Burke Station,Week4,Poplar Heights,Week4,304.0 Poplar Heights - 98.0 Burke Station
Burke Station,Week1,Little Rocky Run,Week2,311.0 Little Rocky Run - 68.0 Burke Station
Burke Station,Week5,Little Hunting Park,Week4,211.0 Little Hunting Park - 191.0 Burke Station
Burke Station,Week5,Pleasant Valley,Week4,273.0 Burke Station - 122.0 Pleasant Valley
Camelot,Week3,Greenbriar,Week1,251.0 Greenbriar - 151.0 Camelot
Camelot,Week3,Crosspointe,Week4,274.0 Crosspointe - 128.0 Camelot
Camelot,Week1,Hamlet,Week5,308.0 Hamlet - 94.0 Camelot
Burke Station,Week2,Little Hunting Park,Week2,237.0 Little Hunting Park - 159.0 Burke Station
Camelot,Week5,Greenbriar,Week1,230.0 Greenbriar - 172.0 Camelot
Burke Station,Week5,Pleasant Valley,Week1,263.0 Burke Station - 138.0 Pleasant Valley
Camelot,Week3,Daventry,Week4,258.0 Camelot - 142.0 Daventry
Burke Station,Week4,Little Hunting Park,Week4,238.0 Little Hunting Park - 163.0 Burke Station
Burke Station,Week3,Sideburn Run,Week4,260.0 Sideburn Run - 136.0 Burke Station
Burke Station,Week5,Pleasant Valley,Week3,231.0 Burke Station - 171.0 Pleasant Valley
Burke Station,Week3,Shouse Village,Week3,238.0 Shouse Village - 158.0 Burke Station
Burke Station,Week5,Little Hunting Park,Week3,213.0 Little Hunting Park - 188.0 Burke Station
Burke Station,Week2,Shouse Village,Week2,258.0 Shouse Village - 143.0 Burke Station
Burke Station,Week1,Shouse Village,Week3,222.0 Shouse Village - 157.0 Burke Station
Camelot,Week2,Greenbriar,Week1,232.0 Greenbriar - 170.0 Camelot
Burke Station,Week1,Little Rocky Run,Week3,317.0 Little Rocky Run - 62.0 Burke Station
Burke Station,Week3,Little Rocky Run,Week4,334.0 Little Rocky Run - 62.0 Burke Station
Camelot,Week5,Greenbriar,Week2,247.0 Greenbriar - 155.0 Camelot
Camelot,Week1,Daventry,Week1,263.0 Camelot - 139.0 Daventry
Burke Station,Week5,Shouse Village,Week2,233.0 Shouse Village - 169.0 Burke Station
Camelot,Week1,Daventry,Week2,258.0 Camelot - 142.0 Daventry
Burke Station,Week3,Shouse Village,Week2,231.0 Shouse Village - 165.0 Burke Station
Burke Station,Week3,Poplar Heights,Week4,277.0 Poplar Heights - 119.0 Burke Station
Camelot,Week4,Crosspointe,Week4,281.0 Crosspointe - 121.0 Camelot
Camelot,Week3,Crosspointe,Week5,283.0 Crosspointe - 119.0 Camelot
Burke Station,Week2,Poplar Heights,Week3,303.0 Poplar Heights - 99.0 Burke Station
Camelot,Week5,Crosspointe,Week2,264.0 Crosspointe - 138.0 Camelot
Burke Station,Week2,Shouse Village,Week1,254.0 Shouse Village - 148.0 Burke Station
Camelot,Week5,Greenbriar,Week5,225.0 Greenbriar - 177.0 Camelot
Burke Station,Week2,Little Rocky Run,Week3,348.0 Little Rocky Run - 54.0 Burke Station
Camelot,Week5,Great Falls,Week4,202.0 Great Falls - 199.0 Camelot
Camelot,Week3,Greenbriar,Week3,255.0 Greenbriar - 147.0 Camelot
Burke Station,Week1,Poplar Heights,Week3,270.0 Poplar Heights - 109.0 Burke Station
Burke Station,Week3,Poplar Heights,Week1,270.0 Poplar Heights - 122.0 Burke Station
Burke Station,Week5,Little Rocky Run,Week1,309.0 Little Rocky Run - 93.0 Burke Station
Burke Station,Week1,Sideburn Run,Week1,233.0 Sideburn Run - 146.0 Burke Station
Camelot,Week1,Greenbriar,Week4,221.5 Greenbriar - 180.5 Camelot
Burke Station,Week5,Little Rocky Run,Week3,321.0 Little Rocky Run - 81.0 Burke Station
Burke Station,Week3,Little Rocky Run,Week1,314.0 Little Rocky Run - 82.0 Burke Station
Burke Station,Week3,Poplar Heights,Week5,289.0 Poplar Heights - 104.0 Burke Station
Camelot,Week4,Crosspointe,Week5,295.0 Crosspointe - 107.0 Camelot
Burke Station,Week1,Sideburn Run,Week2,217.0 Sideburn Run - 161.0 Burke Station
Burke Station,Week4,Pleasant Valley,Week5,233.0 Burke Station - 165.0 Pleasant Valley
Camelot,Week1,Daventry,Week3,245.0 Camelot - 155.0 Daventry
Camelot,Week1,Hamlet,Week2,310.0 Hamlet - 92.0 Camelot
Camelot,Week2,Crosspointe,Week3,253.0 Crosspointe - 149.0 Camelot
Burke Station,Week1,Poplar Heights,Week4,261.0 Poplar Heights - 117.0 Burke Station
Burke Station,Week5,Little Rocky Run,Week4,321.0 Little Rocky Run - 81.0 Burke Station
Burke Station,Week4,Shouse Village,Week3,269.0 Shouse Village - 133.0 Burke Station
Camelot,Week5,Crosspointe,Week4,263.0 Crosspointe - 139.0 Camelot
Camelot,Week4,Crosspointe,Week3,270.0 Crosspointe - 132.0 Camelot
Camelot,Week1,Greenbriar,Week2,252.0 Greenbriar - 150.0 Camelot
Camelot,Week2,Greenbriar,Week3,227.0 Greenbriar - 175.0 Camelot
Burke Station,Week4,Shouse Village,Week1,257.0 Shouse Village - 145.0 Burke Station
Camelot,Week5,Great Falls,Week5,228.0 Great Falls - 172.0 Camelot
Burke Station,Week5,Shouse Village,Week4,258.0 Shouse Village - 144.0 Burke Station
Burke Station,Week3,Pleasant Valley,Week5,242.0 Burke Station - 153.0 Pleasant Valley
Camelot,Week1,Greenbriar,Week5,233.0 Greenbriar - 169.0 Camelot
Camelot,Week5,Crosspointe,Week1,269.5 Crosspointe - 132.5 Camelot
Burke Station,Week1,Sideburn Run,Week3,239.0 Sideburn Run - 139.0 Burke Station
Burke Station,Week3,Little Rocky Run,Week2,324.0 Little Rocky Run - 73.0 Burke Station
Burke Station,Week3,Shouse Village,Week5,249.0 Shouse Village - 148.0 Burke Station
Burke Station,Week1,Long Branch,Week1,203.0 Long Branch - 171.0 Burke Station
Burke Station,Week5,Little Rocky Run,Week5,334.0 Little Rocky Run - 63.0 Burke Station
Camelot,Week4,Crosspointe,Week1,285.0 Crosspointe - 117.0 Camelot
Burke Station,Week2,Poplar Heights,Week2,307.0 Poplar Heights - 93.0 Burke Station
Burke Station,Week4,Poplar Heights,Week1,301.0 Poplar Heights - 100.0 Burke Station
Burke Station,Week5,Little Rocky Run,Week2,316.0 Little Rocky Run - 86.0 Burke Station
Camelot,Week3,Crosspointe,Week2,263.0 Crosspointe - 139.0 Camelot
Burke Station,Week4,Pleasant Valley,Week2,236.0 Burke Station - 163.0 Pleasant Valley
Burke Station,Week3,Little Rocky Run,Week3,328.0 Little Rocky Run - 69.0 Burke Station
Camelot,Week2,Greenbriar,Week2,248.0 Greenbriar - 154.0 Camelot
Burke Station,Week5,Shouse Village,Week3,239.0 Shouse Village - 163.0 Burke Station
Burke Station,Week5,Pleasant Valley,Week2,257.0 Burke Station - 144.0 Pleasant Valley
Burke Station,Week4,Pleasant Valley,Week4,247.0 Burke Station - 146.0 Pleasant Valley
Camelot,Week4,Greenbriar,Week4,243.0 Greenbriar - 159.0 Camelot
Burke Station,Week2,Poplar Heights,Week5,305.0 Poplar Heights - 96.0 Burke Station
Camelot,Week3,Daventry,Week2,263.0 Camelot - 134.0 Daventry
Burke Station,Week4,Little Rocky Run,Week3,333.0 Little Rocky Run - 69.0 Burke Station
Burke Station,Week2,Poplar Heights,Week4,297.0 Poplar Heights - 104.0 Burke Station
Burke Station,Week4,Little Rocky Run,Week1,337.0 Little Rocky Run - 65.0 Burke Station
Burke Station,Week1,Little Rocky Run,Week5,311.0 Little Rocky Run - 68.0 Burke Station
Camelot,Week5,Crosspointe,Week3,258.0 Crosspointe - 144.0 Camelot
Camelot,Week2,Daventry,Week3,254.0 Camelot - 144.0 Daventry
Camelot,Week2,Daventry,Week2,262.0 Camelot - 134.0 Daventry
Burke Station,Week3,Poplar Heights,Week3,284.0 Poplar Heights - 113.0 Burke Station
Camelot,Week4,Greenbriar,Week2,256.0 Greenbriar - 146.0 Camelot
Burke Station,Week1,Poplar Heights,Week1,268.0 Poplar Heights - 110.0 Burke Station
Burke Station,Week2,Sideburn Run,Week3,294.0 Sideburn Run - 107.0 Burke Station
Camelot,Week3,Greenbriar,Week5,239.0 Greenbriar - 163.0 Camelot
Burke Station,Week2,Little Rocky Run,Week5,348.5 Little Rocky Run - 48.5 Burke Station
Burke Station,Week4,Poplar Heights,Week3,311.0 Poplar Heights - 91.0 Burke Station
Camelot,Week1,Hamlet,Week1,284.0 Hamlet - 118.0 Camelot
Camelot,Week2,Daventry,Week5,243.0 Camelot - 156.0 Daventry
Burke Station,Week1,Poplar Heights,Week5,262.0 Poplar Heights - 117.0 Burke Station
Burke Station,Week3,Sideburn Run,Week1,249.0 Sideburn Run - 147.0 Burke Station
Camelot,Week1,Hamlet,Week4,295.0 Hamlet - 107.0 Camelot
Burke Station,Week2,Sideburn Run,Week4,292.0 Sideburn Run - 109.0 Burke Station
Burke Station,Week2,Sideburn Run,Week5,297.0 Sideburn Run - 104.0 Burke Station
Burke Station,Week1,Sideburn Run,Week5,247.0 Sideburn Run - 131.0 Burke Station
Burke Station,Week4,Poplar Heights,Week2,306.0 Poplar Heights - 95.0 Burke Station
Camelot,Week5,Greenbriar,Week3,239.0 Greenbriar - 163.0 Camelot
Burke Station,Week1,Little Rocky Run,Week4,314.0 Little Rocky Run - 65.0 Burke Station
Camelot,Week5,Greenbriar,Week4,221.0 Greenbriar - 181.0 Camelot
Camelot,Week5,Hamlet,Week5,307.0 Hamlet - 95.0 Camelot
Burke Station,Week1,Sideburn Run,Week4,254.0 Sideburn Run - 124.0 Burke Station
Burke Station,Week3,Little Rocky Run,Week5,332.0 Little Rocky Run - 60.0 Burke Station
Burke Station,Week4,Little Rocky Run,Week2,340.5 Little Rocky Run - 61.5 Burke Station
Burke Station,Week2,Sideburn Run,Week1,273.0 Sideburn Run - 129.0 Burke Station
Burke Station,Week2,Sideburn Run,Week2,277.0 Sideburn Run - 124.0 Burke Station
Burke Station,Week2,Little Rocky Run,Week2,340.0 Little Rocky Run - 62.0 Burke Station
Camelot,Week3,Daventry,Week3,268.0 Camelot - 132.0 Daventry
Camelot,Week1,Daventry,Week4,263.0 Camelot - 139.0 Daventry
Camelot,Week4,Daventry,Week1,268.0 Camelot - 134.0 Daventry
Camelot,Week2,Hamlet,Week5,309.0 Hamlet - 93.0 Camelot
Camelot,Week3,Poplar Heights,Week1,247.0 Poplar Heights - 155.0 Camelot
Camelot,Week3,Poplar Heights,Week3,267.0 Poplar Heights - 135.0 Camelot
Camelot,Week3,Dominion Hills,Week5,249.0 Dominion Hills - 153.0 Camelot
Burke Station,Week5,Poplar Heights,Week1,253.0 Poplar Heights - 148.0 Burke Station
Burke Station,Week3,Sideburn Run,Week3,261.0 Sideburn Run - 136.0 Burke Station
Camelot,Week2,Hayfield Farm,Week3,225.0 Hayfield Farm - 177.0 Camelot
Burke Station,Week5,Poplar Tree,Week4,258.5 Poplar Tree - 143.5 Burke Station
Burke Station,Week3,Sideburn Run,Week5,262.0 Sideburn Run - 135.0 Burke Station
Burke Station,Week4,Little Rocky Run,Week5,341.0 Little Rocky Run - 56.0 Burke Station
Burke Station,Week5,Poplar Heights,Week4,270.0 Poplar Heights - 132.0 Burke Station
Burke Station,Week2,Little Rocky Run,Week4,357.0 Little Rocky Run - 45.0 Burke Station
Camelot,Week2,Hayfield Farm,Week1,226.0 Hayfield Farm - 176.0 Camelot
Camelot,Week5,Daventry,Week3,282.0 Camelot - 117.0 Daventry
Camelot,Week5,Poplar Heights,Week5,260.0 Poplar Heights - 142.0 Camelot
Camelot,Week2,Hayfield Farm,Week5,211.0 Hayfield Farm - 191.0 Camelot
Burke Station,Week1,Poplar Tree,Week1,289.0 Poplar Tree - 90.0 Burke Station
Burke Station,Week5,Shouse Village,Week5,250.0 Shouse Village - 152.0 Burke Station
Camelot,Week2,Hamlet,Week2,296.0 Hamlet - 106.0 Camelot
Camelot,Week2,Hamlet,Week4,274.0 Hamlet - 128.0 Camelot
Burke Station,Week2,Little Rocky Run,Week1,338.0 Little Rocky Run - 64.0 Burke Station
Burke Station,Week3,Sideburn Run,Week2,233.0 Sideburn Run - 163.0 Burke Station
Camelot,Week3,Dominion Hills,Week3,222.0 Dominion Hills - 180.0 Camelot
Camelot,Week1,Poplar Heights,Week3,251.0 Poplar Heights - 151.0 Camelot
Burke Station,Week1,Ravensworth Farm,Week2,248.0 Ravensworth Farm - 130.0 Burke Station
Burke Station,Week4,Little Rocky Run,Week4,347.0 Little Rocky Run - 55.0 Burke Station
Camelot,Week5,Pleasant Valley,Week5,264.0 Camelot - 132.0 Pleasant Valley
Burke Station,Week5,Poplar Heights,Week2,268.0 Poplar Heights - 133.0 Burke Station
Camelot,Week4,Daventry,Week3,278.0 Camelot - 123.0 Daventry
Burke Station,Week4,Sideburn Run,Week4,295.0 Sideburn Run - 107.0 Burke Station
Camelot,Week4,Dominion Hills,Week3,220.0 Dominion Hills - 182.0 Camelot
Camelot,Week4,Poplar Heights,Week4,254.0 Poplar Heights - 148.0 Camelot
Camelot,Week5,Daventry,Week4,279.0 Camelot - 121.0 Daventry
Camelot,Week1,Dominion Hills,Week4,234.0 Dominion Hills - 168.0 Camelot
Burke Station,Week3,Poplar Tree,Week3,287.0 Poplar Tree - 109.0 Burke Station
Burke Station,Week1,Sleepy Hollow B & R,Week5,291.0 Sleepy Hollow B & R - 88.0 Burke Station
Camelot,Week1,Dominion Hills,Week2,225.0 Dominion Hills - 177.0 Camelot
Camelot,Week4,Daventry,Week4,276.0 Camelot - 126.0 Daventry
Burke Station,Week2,Poplar Tree,Week2,301.0 Poplar Tree - 100.0 Burke Station
Burke Station,Week2,Sleepy Hollow B & R,Week3,323.0 Sleepy Hollow B & R - 79.0 Burke Station
Camelot,Week1,Poplar Heights,Week4,253.0 Poplar Heights - 149.0 Camelot
Camelot,Week4,Hamlet,Week3,304.0 Hamlet - 98.0 Camelot
Camelot,Week2,Poplar Heights,Week3,247.0 Poplar Heights - 155.0 Camelot
Burke Station,Week3,Poplar Tree,Week2,272.0 Poplar Tree - 125.0 Burke Station
Burke Station,Week5,Sideburn Run,Week3,261.0 Sideburn Run - 141.0 Burke Station
Camelot,Week2,Poplar Heights,Week2,250.0 Poplar Heights - 152.0 Camelot
Burke Station,Week1,Poplar Tree,Week5,299.0 Poplar Tree - 80.0 Burke Station
Camelot,Week2,Hamlet,Week3,288.0 Hamlet - 114.0 Camelot
Camelot,Week5,Daventry,Week5,264.0 Camelot - 137.0 Daventry
Camelot,Week4,Poplar Heights,Week1,243.0 Poplar Heights - 159.0 Camelot
Camelot,Week4,Hamlet,Week1,291.0 Hamlet - 111.0 Camelot
Burke Station,Week5,Sideburn Run,Week1,259.0 Sideburn Run - 143.0 Burke Station
Burke Station,Week2,Sleepy Hollow B & R,Week1,320.0 Sleepy Hollow B & R - 82.0 Burke Station
Camelot,Week1,Dominion Hills,Week1,220.0 Dominion Hills - 182.0 Camelot
Burke Station,Week1,Sleepy Hollow B & R,Week4,281.0 Sleepy Hollow B & R - 98.0 Burke Station
Burke Station,Week3,Poplar Tree,Week4,270.0 Poplar Tree - 127.0 Burke Station
Camelot,Week3,Hamlet,Week1,295.0 Hamlet - 106.0 Camelot
Camelot,Week3,Hamlet,Week3,300.0 Hamlet - 101.0 Camelot
Camelot,Week4,Hamlet,Week5,310.0 Hamlet - 92.0 Camelot
Camelot,Week4,Poplar Heights,Week3,261.0 Poplar Heights - 141.0 Camelot
Burke Station,Week5,Poplar Tree,Week5,306.0 Poplar Tree - 96.0 Burke Station
Camelot,Week3,Daventry,Week5,240.0 Camelot - 160.0 Daventry
Burke Station,Week1,Poplar Tree,Week2,274.0 Poplar Tree - 104.0 Burke Station
Burke Station,Week4,Poplar Tree,Week3,311.0 Poplar Tree - 91.0 Burke Station
Camelot,Week2,Dominion Hills,Week4,224.0 Dominion Hills - 178.0 Camelot
Camelot,Week5,Poplar Heights,Week3,263.0 Poplar Heights - 139.0 Camelot
Camelot,Week2,Dominion Hills,Week2,211.0 Dominion Hills - 191.0 Camelot
Camelot,Week4,Poplar Heights,Week5,256.0 Poplar Heights - 146.0 Camelot
Camelot,Week1,Hayfield Farm,Week1,217.0 Hayfield Farm - 185.0 Camelot
Burke Station,Week5,Poplar Tree,Week1,297.0 Poplar Tree - 105.0 Burke Station
Camelot,Week4,Dominion Hills,Week2,221.5 Dominion Hills - 180.5 Camelot
Camelot,Week3,Poplar Heights,Week5,261.0 Poplar Heights - 141.0 Camelot
Camelot,Week1,Hayfield Farm,Week5,230.0 Hayfield Farm - 172.0 Camelot
Burke Station,Week3,Sleepy Hollow B & R,Week3,295.0 Sleepy Hollow B & R - 102.0 Burke Station
Camelot,Week1,Hayfield Farm,Week4,228.0 Hayfield Farm - 174.0 Camelot
Camelot,Week4,Daventry,Week5,256.0 Camelot - 146.0 Daventry
Camelot,Week1,Hayfield Farm,Week2,223.0 Hayfield Farm - 179.0 Camelot
Burke Station,Week4,Poplar Tree,Week1,311.0 Poplar Tree - 91.0 Burke Station
Burke Station,Week4,Sideburn Run,Week5,286.0 Sideburn Run - 116.0 Burke Station
Burke Station,Week2,Sleepy Hollow B & R,Week4,329.0 Sleepy Hollow B & R - 73.0 Burke Station
Camelot,Week3,Hamlet,Week4,285.0 Hamlet - 117.0 Camelot
Burke Station,Week3,Poplar Tree,Week5,303.0 Poplar Tree - 94.0 Burke Station
Burke Station,Week2,Poplar Tree,Week3,315.0 Poplar Tree - 87.0 Burke Station
Camelot,Week1,Dominion Hills,Week5,249.0 Dominion Hills - 153.0 Camelot
Camelot,Week5,Hamlet,Week1,287.0 Hamlet - 115.0 Camelot
Burke Station,Week2,Sleepy Hollow B & R,Week5,333.0 Sleepy Hollow B & R - 69.0 Burke Station
Camelot,Week1,Poplar Heights,Week5,255.0 Poplar Heights - 146.0 Camelot
Camelot,Week1,Poplar Heights,Week1,238.0 Poplar Heights - 163.0 Camelot
Camelot,Week5,Poplar Heights,Week2,256.0 Poplar Heights - 146.0 Camelot
Burke Station,Week4,Sideburn Run,Week3,292.0 Sideburn Run - 110.0 Burke Station
Camelot,Week5,Daventry,Week1,281.0 Camelot - 120.0 Daventry
Camelot,Week3,Dominion Hills,Week1,222.0 Dominion Hills - 180.0 Camelot
Camelot,Week3,Hamlet,Week5,321.0 Hamlet - 81.0 Camelot
Burke Station,Week5,Poplar Tree,Week3,292.0 Poplar Tree - 110.0 Burke Station
Camelot,Week1,Poplar Heights,Week2,258.0 Poplar Heights - 143.0 Camelot
Burke Station,Week3,Sleepy Hollow B & R,Week2,293.0 Sleepy Hollow B & R - 104.0 Burke Station
Burke Station,Week4,Sideburn Run,Week1,274.0 Sideburn Run - 128.0 Burke Station
Burke Station,Week5,Sideburn Run,Week2,246.0 Sideburn Run - 156.0 Burke Station
Camelot,Week5,Poplar Heights,Week4,252.0 Poplar Heights - 150.0 Camelot
Burke Station,Week1,Sleepy Hollow B & R,Week2,271.0 Sleepy Hollow B & R - 107.0 Burke Station
Camelot,Week1,Poplar Tree,Week1,247.0 Poplar Tree - 155.0 Camelot
Burke Station,Week2,Poplar Tree,Week4,288.0 Poplar Tree - 113.0 Burke Station
Camelot,Week4,Daventry,Week2,272.0 Camelot - 129.0 Daventry
Camelot,Week5,Hamlet,Week4,279.0 Hamlet - 123.0 Camelot
Burke Station,Week2,Poplar Tree,Week5,324.0 Poplar Tree - 78.0 Burke Station
Burke Station,Week2,Poplar Tree,Week1,314.0 Poplar Tree - 87.0 Burke Station
Camelot,Week2,Poplar Heights,Week5,250.0 Poplar Heights - 152.0 Camelot
Camelot,Week4,Hamlet,Week2,300.0 Hamlet - 102.0 Camelot
Burke Station,Week1,Poplar Tree,Week4,261.0 Poplar Tree - 117.0 Burke Station
Camelot,Week2,Dominion Hills,Week5,236.0 Dominion Hills - 166.0 Camelot
Burke Station,Week4,Poplar Tree,Week4,280.0 Poplar Tree - 122.0 Burke Station
Camelot,Week5,Poplar Heights,Week1,240.0 Poplar Heights - 162.0 Camelot
Camelot,Week5,Hamlet,Week3,289.0 Hamlet - 112.0 Camelot
Camelot,Week1,Dominion Hills,Week3,229.0 Dominion Hills - 173.0 Camelot
Camelot,Week2,Hamlet,Week1,278.0 Hamlet - 123.0 Camelot
Burke Station,Week1,Poplar Tree,Week3,291.0 Poplar Tree - 88.0 Burke Station
Camelot,Week2,Dominion Hills,Week3,212.0 Dominion Hills - 190.0 Camelot
Camelot,Week2,Dominion Hills,Week1,203.0 Dominion Hills - 199.0 Camelot
Burke Station,Week2,Sleepy Hollow B & R,Week2,315.0 Sleepy Hollow B & R - 86.0 Burke Station
Camelot,Week2,Poplar Heights,Week1,236.0 Poplar Heights - 166.0 Camelot
Camelot,Week5,Daventry,Week2,283.0 Camelot - 118.0 Daventry
Burke Station,Week3,Sleepy Hollow B & R,Week1,280.0 Sleepy Hollow B & R - 117.0 Burke Station
Camelot,Week5,Hamlet,Week2,301.0 Hamlet - 101.0 Camelot
Camelot,Week3,Hamlet,Week2,305.0 Hamlet - 97.0 Camelot
Camelot,Week4,Poplar Heights,Week2,253.0 Poplar Heights - 149.0 Camelot
Burke Station,Week5,Sideburn Run,Week5,273.0 Sideburn Run - 129.0 Burke Station
Burke Station,Week3,Poplar Tree,Week1,287.5 Poplar Tree - 108.5 Burke Station
Camelot,Week3,Poplar Heights,Week2,256.0 Poplar Heights - 146.0 Camelot
Burke Station,Week1,Sleepy Hollow B & R,Week3,280.0 Sleepy Hollow B & R - 99.0 Burke Station
Burke Station,Week5,Sideburn Run,Week4,269.0 Sideburn Run - 133.0 Burke Station
Camelot,Week4,Hamlet,Week4,286.0 Hamlet - 116.0 Camelot
Burke Station,Week1,Sleepy Hollow B & R,Week1,272.0 Sleepy Hollow B & R - 107.0 Burke Station
Camelot,Week3,Poplar Heights,Week4,251.5 Poplar Heights - 150.5 Camelot
Camelot,Week3,Dominion Hills,Week2,225.0 Dominion Hills - 177.0 Camelot
Camelot,Week1,Hayfield Farm,Week3,241.0 Hayfield Farm - 161.0 Camelot
Camelot,Week3,Dominion Hills,Week4,245.0 Dominion Hills - 157.0 Camelot
Camelot,Week2,Hayfield Farm,Week2,215.0 Hayfield Farm - 187.0 Camelot
Camelot,Week3,Hayfield Farm,Week1,237.0 Hayfield Farm - 165.0 Camelot
Camelot,Week5,Poplar Tree,Week2,229.5 Poplar Tree - 172.5 Camelot
Camelot,Week3,Hayfield Farm,Week2,242.0 Hayfield Farm - 160.0 Camelot
Burke Station,Week4,Sideburn Run,Week2,265.0 Sideburn Run - 137.0 Burke Station
Camelot,Week5,Poplar Tree,Week1,248.0 Poplar Tree - 154.0 Camelot
Camelot,Week4,Dominion Hills,Week5,256.0 Dominion Hills - 146.0 Camelot
Burke Station,Week4,Sleepy Hollow B & R,Week3,312.0 Sleepy Hollow B & R - 90.0 Burke Station
Burke Station,Week5,Poplar Tree,Week2,276.0 Poplar Tree - 121.0 Burke Station
Burke Station,Week1,Ravensworth Farm,Week1,257.0 Ravensworth Farm - 121.0 Burke Station
Camelot,Week1,Donaldson Run,Week2,292.0 Donaldson Run - 110.0 Camelot
Burke Station,Week4,Sleepy Hollow B & R,Week2,312.5 Sleepy Hollow B & R - 89.5 Burke Station
Camelot,Week4,Poplar Tree,Week3,251.0 Poplar Tree - 151.0 Camelot
Camelot,Week2,Hayfield Farm,Week4,221.0 Hayfield Farm - 181.0 Camelot
Burke Station,Week4,Poplar Tree,Week5,320.0 Poplar Tree - 82.0 Burke Station
Camelot,Week4,Dominion Hills,Week4,244.0 Dominion Hills - 158.0 Camelot
Camelot,Week2,Poplar Heights,Week4,245.0 Poplar Heights - 157.0 Camelot
Camelot,Week2,Herndon,Week1,258.0 Camelot - 136.0 Herndon
Burke Station,Week4,Sleepy Hollow B & R,Week1,300.0 Sleepy Hollow B & R - 102.0 Burke Station
Burke Station,Week5,Poplar Heights,Week5,277.0 Poplar Heights - 124.0 Burke Station
Camelot,Week4,Dominion Hills,Week1,227.0 Dominion Hills - 175.0 Camelot
Burke Station,Week1,Sleepy Hollow Rec,Week2,204.0 Sleepy Hollow Rec - 174.0 Burke Station
Camelot,Week3,Poplar Tree,Week4,235.0 Poplar Tree - 167.0 Camelot
Burke Station,Week4,Poplar Tree,Week2,295.0 Poplar Tree - 107.0 Burke Station
Burke Station,Week4,Sleepy Hollow B & R,Week5,322.0 Sleepy Hollow B & R - 80.0 Burke Station
Camelot,Week5,Donaldson Run,Week5,297.0 Donaldson Run - 105.0 Camelot
Camelot,Week3,Donaldson Run,Week5,291.0 Donaldson Run - 111.0 Camelot
Burke Station,Week4,Ravensworth Farm,Week1,292.0 Ravensworth Farm - 110.0 Burke Station
Burke Station,Week3,Sleepy Hollow Rec,Week2,212.0 Sleepy Hollow Rec - 184.0 Burke Station
Camelot,Week5,Hayfield Farm,Week5,211.0 Hayfield Farm - 191.0 Camelot
Burke Station,Week5,Ravensworth Farm,Week4,277.0 Ravensworth Farm - 125.0 Burke Station
Burke Station,Week1,Riverside Gardens,Week4,298.0 Riverside Gardens - 81.0 Burke Station
Burke Station,Week2,Ravensworth Farm,Week4,316.0 Ravensworth Farm - 86.0 Burke Station
Camelot,Week2,Poplar Tree,Week4,227.0 Poplar Tree - 175.0 Camelot
Burke Station,Week5,Hollin Hills,Week3,246.0 Burke Station - 155.0 Hollin Hills
Burke Station,Week5,Sleepy Hollow B & R,Week3,291.0 Sleepy Hollow B & R - 111.0 Burke Station
Camelot,Week2,Herndon,Week4,255.0 Camelot - 147.0 Herndon
Camelot,Week5,Donaldson Run,Week1,285.0 Donaldson Run - 117.0 Camelot
Burke Station,Week1,Hollin Hills,Week1,238.0 Burke Station - 137.0 Hollin Hills
Burke Station,Week5,Sleepy Hollow Rec,Week3,227.0 Sleepy Hollow Rec - 175.0 Burke Station
Camelot,Week2,Ravensworth Farm,Week1,237.0 Ravensworth Farm - 165.0 Camelot
Camelot,Week2,Donaldson Run,Week5,285.0 Donaldson Run - 117.0 Camelot
Camelot,Week5,Poplar Tree,Week4,224.0 Poplar Tree - 177.0 Camelot
Camelot,Week4,Donaldson Run,Week4,281.0 Donaldson Run - 121.0 Camelot
Camelot,Week3,Hayfield Farm,Week4,244.0 Hayfield Farm - 158.0 Camelot
Burke Station,Week2,Sleepy Hollow Rec,Week5,263.0 Sleepy Hollow Rec - 137.0 Burke Station
Camelot,Week3,Poplar Tree,Week2,245.0 Poplar Tree - 157.0 Camelot
Camelot,Week3,Hayfield Farm,Week3,243.0 Hayfield Farm - 159.0 Camelot
Burke Station,Week4,Ravensworth Farm,Week4,296.0 Ravensworth Farm - 106.0 Burke Station
Camelot,Week1,Poplar Tree,Week3,253.0 Poplar Tree - 149.0 Camelot
Burke Station,Week4,Sleepy Hollow Rec,Week1,231.0 Sleepy Hollow Rec - 171.0 Burke Station
Burke Station,Week3,Ravensworth Farm,Week4,288.0 Ravensworth Farm - 108.0 Burke Station
Camelot,Week1,Herndon,Week3,275.0 Camelot - 127.0 Herndon
Burke Station,Week5,Hollin Hills,Week5,243.0 Burke Station - 149.0 Hollin Hills
Camelot,Week1,Herndon,Week1,270.0 Camelot - 129.0 Herndon
Burke Station,Week3,Sleepy Hollow Rec,Week1,202.0 Burke Station - 195.0 Sleepy Hollow Rec
Burke Station,Week3,Hollin Hills,Week4,255.0 Burke Station - 135.0 Hollin Hills
Camelot,Week1,Dowden Terrace,Week2,234.0 Dowden Terrace - 168.0 Camelot
Camelot,Week5,Dominion Hills,Week5,249.0 Dominion Hills - 153.0 Camelot
Burke Station,Week4,Ravensworth Farm,Week3,305.0 Ravensworth Farm - 97.0 Burke Station
Camelot,Week3,Poplar Tree,Week1,263.0 Poplar Tree - 139.0 Camelot
Camelot,Week5,Hayfield Farm,Week2,223.0 Hayfield Farm - 179.0 Camelot
Camelot,Week2,Poplar Tree,Week5,256.0 Poplar Tree - 146.0 Camelot
Burke Station,Week4,Hollin Hills,Week1,244.0 Burke Station - 155.0 Hollin Hills
Camelot,Week3,Donaldson Run,Week3,284.0 Donaldson Run - 118.0 Camelot
Camelot,Week2,Poplar Tree,Week1,250.0 Poplar Tree - 151.0 Camelot
Burke Station,Week1,Riverside Gardens,Week2,275.0 Riverside Gardens - 104.0 Burke Station
Burke Station,Week5,Sleepy Hollow B & R,Week5,295.0 Sleepy Hollow B & R - 107.0 Burke Station
Burke Station,Week2,Ravensworth Farm,Week2,292.0 Ravensworth Farm - 108.0 Burke Station
Burke Station,Week2,Hollin Hills,Week2,225.0 Burke Station - 164.0 Hollin Hills
Burke Station,Week5,Sleepy Hollow Rec,Week5,209.0 Sleepy Hollow Rec - 193.0 Burke Station
Camelot,Week1,Herndon,Week4,261.0 Camelot - 141.0 Herndon
Burke Station,Week3,Sleepy Hollow B & R,Week4,309.0 Sleepy Hollow B & R - 88.0 Burke Station
Burke Station,Week1,Hollin Hills,Week5,227.0 Burke Station - 150.0 Hollin Hills
Burke Station,Week1,Somerset-Olde Creek,Week3,245.0 Burke Station - 127.0 Somerset-Olde Creek
Burke Station,Week2,Ravensworth Farm,Week1,306.0 Ravensworth Farm - 95.0 Burke Station
Camelot,Week3,Donaldson Run,Week1,281.0 Donaldson Run - 121.0 Camelot
Burke Station,Week1,Hollin Hills,Week4,225.0 Burke Station - 145.0 Hollin Hills
Burke Station,Week4,Sleepy Hollow B & R,Week4,321.0 Sleepy Hollow B & R - 81.0 Burke Station
Burke Station,Week2,Hollin Hills,Week3,224.0 Burke Station - 174.0 Hollin Hills
Camelot,Week4,Poplar Tree,Week1,248.0 Poplar Tree - 154.0 Camelot
Camelot,Week4,Hayfield Farm,Week1,231.0 Hayfield Farm - 171.0 Camelot
Camelot,Week1,Herndon,Week5,264.0 Camelot - 138.0 Herndon
Camelot,Week3,Donaldson Run,Week2,278.0 Donaldson Run - 124.0 Camelot
Camelot,Week4,Hayfield Farm,Week5,214.0 Hayfield Farm - 188.0 Camelot
Burke Station,Week2,Hollin Hills,Week1,239.0 Burke Station - 157.0 Hollin Hills
Burke Station,Week5,Ravensworth Farm,Week5,287.0 Ravensworth Farm - 115.0 Burke Station
Camelot,Week5,Poplar Tree,Week5,262.0 Poplar Tree - 139.0 Camelot
Camelot,Week2,Herndon,Week2,258.0 Camelot - 144.0 Herndon
Camelot,Week3,Poplar Tree,Week3,261.0 Poplar Tree - 141.0 Camelot
Burke Station,Week2,Riverside Gardens,Week2,318.0 Riverside Gardens - 84.0 Burke Station
Burke Station,Week5,Ravensworth Farm,Week1,261.0 Ravensworth Farm - 141.0 Burke Station
Camelot,Week1,Donaldson Run,Week4,290.5 Donaldson Run - 111.5 Camelot
Camelot,Week1,Ravensworth Farm,Week2,220.0 Ravensworth Farm - 181.0 Camelot
Camelot,Week4,Donaldson Run,Week2,288.0 Donaldson Run - 114.0 Camelot
Burke Station,Week4,Hollin Hills,Week2,233.0 Burke Station - 159.0 Hollin Hills
Burke Station,Week3,Ravensworth Farm,Week5,296.0 Ravensworth Farm - 101.0 Burke Station
Burke Station,Week2,Hollin Hills,Week5,221.0 Burke Station - 167.0 Hollin Hills
Burke Station,Week3,Ravensworth Farm,Week2,257.0 Ravensworth Farm - 138.0 Burke Station
Camelot,Week5,Hayfield Farm,Week3,223.0 Hayfield Farm - 179.0 Camelot
Camelot,Week1,Ravensworth Farm,Week3,229.0 Ravensworth Farm - 173.0 Camelot
Camelot,Week1,Poplar Tree,Week4,227.0 Poplar Tree - 175.0 Camelot
Camelot,Week1,Donaldson Run,Week1,281.0 Donaldson Run - 121.0 Camelot
Burke Station,Week2,Ravensworth Farm,Week5,317.0 Ravensworth Farm - 85.0 Burke Station
Burke Station,Week4,Sleepy Hollow Rec,Week2,235.0 Sleepy Hollow Rec - 166.0 Burke Station
Burke Station,Week1,Sleepy Hollow Rec,Week5,205.0 Sleepy Hollow Rec - 173.0 Burke Station
Camelot,Week5,Dominion Hills,Week3,205.0 Camelot - 197.0 Dominion Hills
Camelot,Week5,Herndon,Week1,279.0 Camelot - 120.0 Herndon
Camelot,Week3,Hayfield Farm,Week5,221.0 Hayfield Farm - 181.0 Camelot
Burke Station,Week3,Ravensworth Farm,Week1,278.0 Ravensworth Farm - 119.0 Burke Station
Camelot,Week5,Dominion Hills,Week2,217.5 Dominion Hills - 184.5 Camelot
Camelot,Week5,Hayfield Farm,Week4,223.0 Hayfield Farm - 179.0 Camelot
Camelot,Week1,Poplar Tree,Week2,238.0 Poplar Tree - 164.0 Camelot
Burke Station,Week4,Ravensworth Farm,Week2,276.0 Ravensworth Farm - 124.0 Burke Station
Burke Station,Week3,Hollin Hills,Week2,250.0 Burke Station - 136.0 Hollin Hills
Burke Station,Week3,Sleepy Hollow B & R,Week5,314.0 Sleepy Hollow B & R - 83.0 Burke Station
Camelot,Week2,Donaldson Run,Week2,270.0 Donaldson Run - 132.0 Camelot
Burke Station,Week4,Hollin Hills,Week4,237.0 Burke Station - 158.0 Hollin Hills
Burke Station,Week2,Sleepy Hollow Rec,Week2,258.0 Sleepy Hollow Rec - 142.0 Burke Station
Burke Station,Week5,Sleepy Hollow B & R,Week4,302.0 Sleepy Hollow B & R - 100.0 Burke Station
Camelot,Week3,Ravensworth Farm,Week2,220.0 Ravensworth Farm - 181.0 Camelot
Camelot,Week4,Herndon,Week5,265.0 Camelot - 137.0 Herndon
Camelot,Week1,Poplar Tree,Week5,272.0 Poplar Tree - 130.0 Camelot
Camelot,Week5,Dominion Hills,Week1,211.0 Dominion Hills - 191.0 Camelot
Burke Station,Week5,Sleepy Hollow B & R,Week1,278.0 Sleepy Hollow B & R - 123.0 Burke Station
Camelot,Week2,Donaldson Run,Week1,268.0 Donaldson Run - 134.0 Camelot
Burke Station,Week5,Highlands Swim,Week3,325.0 Highlands Swim - 77.0 Burke Station
Camelot,Week1,Donaldson Run,Week3,285.0 Donaldson Run - 117.0 Camelot
Camelot,Week2,Donaldson Run,Week4,266.0 Donaldson Run - 136.0 Camelot
Burke Station,Week4,Ravensworth Farm,Week5,316.0 Ravensworth Farm - 86.0 Burke Station
Camelot,Week2,Poplar Tree,Week3,255.0 Poplar Tree - 147.0 Camelot
Burke Station,Week1,Riverside Gardens,Week3,291.0 Riverside Gardens - 88.0 Burke Station
Burke Station,Week2,Sleepy Hollow Rec,Week4,257.0 Sleepy Hollow Rec - 145.0 Burke Station
Camelot,Week3,Poplar Tree,Week5,265.0 Poplar Tree - 137.0 Camelot
Camelot,Week3,Herndon,Week4,256.0 Camelot - 145.0 Herndon
Burke Station,Week5,Ravensworth Farm,Week3,272.0 Ravensworth Farm - 130.0 Burke Station
Burke Station,Week5,Highlands Swim,Week2,337.0 Highlands Swim - 65.0 Burke Station
Burke Station,Week5,Ravensworth Farm,Week2,251.0 Ravensworth Farm - 151.0 Burke Station
Burke Station,Week3,Hollin Hills,Week3,247.0 Burke Station - 146.0 Hollin Hills
Camelot,Week4,Poplar Tree,Week5,269.0 Poplar Tree - 133.0 Camelot
Camelot,Week3,Herndon,Week3,259.0 Camelot - 142.0 Herndon
Burke Station,Week3,Sleepy Hollow Rec,Week5,223.0 Sleepy Hollow Rec - 174.0 Burke Station
Burke Station,Week5,Sleepy Hollow B & R,Week2,285.0 Sleepy Hollow B & R - 116.0 Burke Station
Camelot,Week2,Donaldson Run,Week3,267.0 Donaldson Run - 135.0 Camelot
Burke Station,Week1,Ravensworth Farm,Week3,266.0 Ravensworth Farm - 109.0 Burke Station
Burke Station,Week5,Highlands Swim,Week4,327.0 Highlands Swim - 75.0 Burke Station
Burke Station,Week1,Sleepy Hollow Rec,Week1,193.0 Sleepy Hollow Rec - 186.0 Burke Station
Camelot,Week1,Donaldson Run,Week5,309.0 Donaldson Run - 93.0 Camelot
Camelot,Week3,Donaldson Run,Week4,285.0 Donaldson Run - 117.0 Camelot
Burke Station,Week5,Highlands Swim,Week5,330.0 Highlands Swim - 72.0 Burke Station
Burke Station,Week1,Hollin Hills,Week2,235.0 Burke Station - 138.0 Hollin Hills
Camelot,Week2,Poplar Tree,Week2,229.0 Poplar Tree - 173.0 Camelot
Burke Station,Week1,Sleepy Hollow Rec,Week4,193.0 Sleepy Hollow Rec - 186.0 Burke Station
Camelot,Week3,Hiddenbrook,Week2,230.0 Camelot - 171.0 Hiddenbrook
Burke Station,Week3,Hollin Hills,Week5,241.0 Burke Station - 141.0 Hollin Hills
Camelot,Week4,Poplar Tree,Week2,230.0 Poplar Tree - 172.0 Camelot
Burke Station,Week3,Sleepy Hollow Rec,Week3,230.0 Sleepy Hollow Rec - 167.0 Burke Station
Camelot,Week4,Hayfield Farm,Week3,244.0 Hayfield Farm - 158.0 Camelot
Camelot,Week4,Poplar Tree,Week4,241.0 Poplar Tree - 161.0 Camelot
Camelot,Week2,Herndon,Week3,268.0 Camelot - 133.0 Herndon
Burke Station,Week1,Ravensworth Farm,Week5,269.0 Ravensworth Farm - 110.0 Burke Station
Camelot,Week5,Poplar Tree,Week3,247.0 Poplar Tree - 155.0 Camelot
Camelot,Week4,Hayfield Farm,Week2,233.0 Hayfield Farm - 169.0 Camelot
Camelot,Week2,Herndon,Week5,250.0 Camelot - 150.0 Herndon
Camelot,Week5,Donaldson Run,Week2,277.0 Donaldson Run - 125.0 Camelot
Burke Station,Week3,Sleepy Hollow Rec,Week4,209.0 Sleepy Hollow Rec - 188.0 Burke Station
Camelot,Week1,Ravensworth Farm,Week5,259.0 Ravensworth Farm - 143.0 Camelot
Burke Station,Week2,Sleepy Hollow Rec,Week1,247.0 Sleepy Hollow Rec - 155.0 Burke Station
Broyhill Crest,Week4,Truro,Week2,300.0 Truro - 96.0 Broyhill Crest
Burke Station,Week3,Ravensworth Farm,Week3,298.0 Ravensworth Farm - 98.0 Burke Station
Burke Station,Week1,Hollin Hills,Week3,231.0 Burke Station - 146.0 Hollin Hills
Camelot,Week2,Ravensworth Farm,Week2,223.0 Ravensworth Farm - 179.0 Camelot
Burke Station,Week2,Hollin Hills,Week4,231.0 Burke Station - 156.0 Hollin Hills
Burke Station,Week1,Ravensworth Farm,Week4,262.0 Ravensworth Farm - 117.0 Burke Station
Burke Station,Week4,Hollin Hills,Week5,221.5 Burke Station - 168.5 Hollin Hills
Burke Station,Week5,Hollin Hills,Week2,251.0 Burke Station - 146.0 Hollin Hills
Camelot,Week1,Ravensworth Farm,Week4,243.0 Ravensworth Farm - 159.0 Camelot
Broyhill Crest,Week2,Truro,Week5,317.0 Truro - 79.0 Broyhill Crest
Burke Station,Week2,Sleepy Hollow Rec,Week3,272.0 Sleepy Hollow Rec - 130.0 Burke Station
Camelot,Week5,Dominion Hills,Week4,245.0 Dominion Hills - 157.0 Camelot
Burke Station,Week1,Sleepy Hollow Rec,Week3,229.0 Sleepy Hollow Rec - 150.0 Burke Station
Camelot,Week1,Herndon,Week2,257.0 Camelot - 144.0 Herndon
Burke Station,Week4,Sleepy Hollow Rec,Week3,262.0 Sleepy Hollow Rec - 140.0 Burke Station
Burke Station,Week1,Riverside Gardens,Week5,292.5 Riverside Gardens - 85.5 Burke Station
Camelot,Week4,Hayfield Farm,Week4,238.0 Hayfield Farm - 164.0 Camelot
Camelot,Week4,Donaldson Run,Week1,287.0 Donaldson Run - 115.0 Camelot
Camelot,Week4,Donaldson Run,Week3,297.0 Donaldson Run - 105.0 Camelot
Burke Station,Week1,Riverside Gardens,Week1,291.0 Riverside Gardens - 88.0 Burke Station
Burke Station,Week4,Hollin Hills,Week3,242.5 Burke Station - 157.5 Hollin Hills
Burke Station,Week2,Ravensworth Farm,Week3,309.0 Ravensworth Farm - 89.0 Burke Station
Broyhill Crest,Week1,Truro,Week2,303.5 Truro - 88.5 Broyhill Crest
Camelot,Week4,Donaldson Run,Week5,303.0 Donaldson Run - 99.0 Camelot
Camelot,Week5,Hayfield Farm,Week1,224.0 Hayfield Farm - 178.0 Camelot
Camelot,Week1,Ravensworth Farm,Week1,239.0 Ravensworth Farm - 163.0 Camelot
Camelot,Week3,Herndon,Week2,259.5 Camelot - 141.5 Herndon
Camelot,Week3,Ravensworth Farm,Week3,263.0 Ravensworth Farm - 138.0 Camelot
Burke Station,Week3,Hollin Hills,Week1,258.0 Burke Station - 134.0 Hollin Hills
Camelot,Week2,Ravensworth Farm,Week5,248.0 Ravensworth Farm - 154.0 Camelot
Camelot,Week4,Herndon,Week1,259.0 Camelot - 143.0 Herndon
Camelot,Week4,Herndon,Week2,266.0 Camelot - 136.0 Herndon
Camelot,Week5,Donaldson Run,Week4,281.0 Donaldson Run - 121.0 Camelot
Burke Station,Week2,Riverside Gardens,Week1,330.0 Riverside Gardens - 72.0 Burke Station
Burke Station,Week5,Hollin Hills,Week1,255.0 Burke Station - 146.0 Hollin Hills
Broyhill Crest,Week4,Truro,Week3,321.0 Truro - 81.0 Broyhill Crest
Burke Station,Week2,Riverside Gardens,Week4,334.0 Riverside Gardens - 68.0 Burke Station
Camelot,Week1,Dowden Terrace,Week1,210.0 Dowden Terrace - 191.0 Camelot
Burke Station,Week2,Riverside Gardens,Week5,322.0 Riverside Gardens - 79.0 Burke Station
Broyhill Crest,Week1,Truro,Week5,305.0 Truro - 87.0 Broyhill Crest
Camelot,Week5,Donaldson Run,Week3,281.0 Donaldson Run - 121.0 Camelot
Burke Station,Week5,Sleepy Hollow Rec,Week2,206.0 Sleepy Hollow Rec - 196.0 Burke Station
Burke Station,Week2,Riverside Gardens,Week3,333.0 Riverside Gardens - 69.0 Burke Station
Burke Station,Week4,Sleepy Hollow Rec,Week5,247.0 Sleepy Hollow Rec - 154.0 Burke Station
Camelot,Week3,Ravensworth Farm,Week1,256.0 Ravensworth Farm - 146.0 Camelot
Camelot,Week5,Herndon,Week3,289.0 Camelot - 113.0 Herndon
Burke Station,Week4,Sleepy Hollow Rec,Week4,239.0 Sleepy Hollow Rec - 163.0 Burke Station
Camelot,Week5,Dowden Terrace,Week5,230.0 Dowden Terrace - 172.0 Camelot
Camelot,Week2,Ravensworth Farm,Week4,236.0 Ravensworth Farm - 166.0 Camelot
Burke Station,Week2,Hollin Meadows,Week3,297.0 Hollin Meadows - 103.0 Burke Station
Burke Station,Week5,Hollin Hills,Week4,255.0 Burke Station - 145.0 Hollin Hills
Burke Station,Week5,Sleepy Hollow Rec,Week1,202.0 Sleepy Hollow Rec - 200.0 Burke Station
Broyhill Crest,Week3,Truro,Week1,334.0 Truro - 66.0 Broyhill Crest
Camelot,Week4,Herndon,Week4,274.0 Camelot - 128.0 Herndon
Camelot,Week2,Ravensworth Farm,Week3,227.0 Ravensworth Farm - 174.0 Camelot
Burke Station,Week3,Riverside Gardens,Week2,300.0 Riverside Gardens - 96.0 Burke Station
Camelot,Week5,Herndon,Week4,277.0 Camelot - 123.0 Herndon
Camelot,Week3,Riverside Gardens,Week1,270.0 Riverside Gardens - 132.0 Camelot
Camelot,Week3,Riverside Gardens,Week3,278.0 Riverside Gardens - 124.0 Camelot
Broyhill Crest,Week2,Truro,Week2,313.0 Truro - 84.0 Broyhill Crest
Camelot,Week1,Hiddenbrook,Week2,242.0 Camelot - 158.0 Hiddenbrook
Camelot,Week5,Herndon,Week5,279.0 Camelot - 121.0 Herndon
Burke Station,Week3,Hollin Meadows,Week1,267.0 Hollin Meadows - 130.0 Burke Station
Broyhill Crest,Week2,Truro,Week1,332.0 Truro - 68.0 Broyhill Crest
Burke Station,Week1,Hollin Meadows,Week3,237.0 Hollin Meadows - 141.0 Burke Station
Burke Station,Week5,Hollin Meadows,Week2,237.0 Hollin Meadows - 165.0 Burke Station
Camelot,Week3,Riverside Gardens,Week2,255.0 Riverside Gardens - 147.0 Camelot
Camelot,Week4,Riverside Gardens,Week2,239.0 Riverside Gardens - 163.0 Camelot
Burke Station,Week5,Hollin Meadows,Week3,260.0 Hollin Meadows - 142.0 Burke Station
Camelot,Week1,Dunn Loring,Week5,303.0 Dunn Loring - 99.0 Camelot
Camelot,Week1,Dowden Terrace,Week3,212.0 Dowden Terrace - 190.0 Camelot
Burke Station,Week1,Somerset-Olde Creek,Week1,230.0 Burke Station - 139.0 Somerset-Olde Creek
Burke Station,Week1,Rolling Forest,Week1,247.0 Rolling Forest - 131.0 Burke Station
Burke Station,Week2,Holmes Run Acres,Week3,302.0 Holmes Run Acres - 99.0 Burke Station
Camelot,Week4,Ravensworth Farm,Week1,248.0 Ravensworth Farm - 154.0 Camelot
Camelot,Week4,Herndon,Week3,273.0 Camelot - 129.0 Herndon
Burke Station,Week3,Riverside Gardens,Week1,312.0 Riverside Gardens - 85.0 Burke Station
Camelot,Week2,Dowden Terrace,Week5,241.0 Dowden Terrace - 161.0 Camelot
Camelot,Week1,Dunn Loring,Week3,295.0 Dunn Loring - 107.0 Camelot
Broyhill Crest,Week1,Truro,Week4,323.0 Truro - 73.0 Broyhill Crest
Burke Station,Week4,Somerset-Olde Creek,Week5,204.0 Burke Station - 193.0 Somerset-Olde Creek
Burke Station,Week3,Riverside Gardens,Week4,321.0 Riverside Gardens - 76.0 Burke Station
Burke Station,Week5,Sleepy Hollow Rec,Week4,210.0 Burke Station - 192.0 Sleepy Hollow Rec
Camelot,Week3,Herndon,Week1,266.0 Camelot - 134.0 Herndon
Broyhill Crest,Week1,Truro,Week3,319.0 Truro - 80.0 Broyhill Crest
Burke Station,Week1,Somerset-Olde Creek,Week2,253.0 Burke Station - 121.0 Somerset-Olde Creek
Camelot,Week2,Dowden Terrace,Week3,211.0 Dowden Terrace - 191.0 Camelot
Camelot,Week1,Riverside Gardens,Week3,267.0 Riverside Gardens - 135.0 Camelot
Burke Station,Week5,Riverside Gardens,Week5,305.0 Riverside Gardens - 97.0 Burke Station
Camelot,Week1,Hiddenbrook,Week1,212.0 Camelot - 190.0 Hiddenbrook
Burke Station,Week1,Somerset-Olde Creek,Week4,211.0 Burke Station - 163.0 Somerset-Olde Creek
Burke Station,Week1,Hollin Meadows,Week2,211.0 Hollin Meadows - 168.0 Burke Station
Camelot,Week2,Dunn Loring,Week2,282.5 Dunn Loring - 119.5 Camelot
Burke Station,Week3,Riverside Gardens,Week3,310.0 Riverside Gardens - 87.0 Burke Station
Burke Station,Week5,Somerset-Olde Creek,Week5,227.0 Burke Station - 173.0 Somerset-Olde Creek
Burke Station,Week2,Hollin Meadows,Week2,276.0 Hollin Meadows - 126.0 Burke Station
Burke Station,Week3,Hollin Meadows,Week5,263.0 Hollin Meadows - 134.0 Burke Station
Camelot,Week3,Dowden Terrace,Week4,240.0 Dowden Terrace - 162.0 Camelot
Burke Station,Week4,Somerset-Olde Creek,Week3,231.0 Burke Station - 161.0 Somerset-Olde Creek
Camelot,Week3,Dowden Terrace,Week1,233.0 Dowden Terrace - 165.0 Camelot
Broyhill Crest,Week3,Truro,Week2,312.0 Truro - 81.0 Broyhill Crest
Camelot,Week1,Dowden Terrace,Week4,236.0 Dowden Terrace - 166.0 Camelot
Camelot,Week1,Riverside Gardens,Week2,261.0 Riverside Gardens - 141.0 Camelot
Camelot,Week5,Herndon,Week2,276.0 Camelot - 124.0 Herndon
Camelot,Week1,Riverside Gardens,Week4,270.0 Riverside Gardens - 132.0 Camelot
Burke Station,Week3,Somerset-Olde Creek,Week2,260.0 Burke Station - 126.0 Somerset-Olde Creek
Burke Station,Week3,Rolling Forest,Week3,278.0 Rolling Forest - 119.0 Burke Station
Camelot,Week1,Hiddenbrook,Week3,217.0 Camelot - 185.0 Hiddenbrook
Camelot,Week1,Riverside Gardens,Week1,261.0 Riverside Gardens - 141.0 Camelot
Broyhill Crest,Week2,Truro,Week4,335.0 Truro - 64.0 Broyhill Crest
Burke Station,Week3,Somerset-Olde Creek,Week3,257.0 Burke Station - 131.0 Somerset-Olde Creek
Burke Station,Week2,Rolling Forest,Week1,284.0 Rolling Forest - 117.0 Burke Station
Burke Station,Week1,Hollin Meadows,Week5,256.0 Hollin Meadows - 123.0 Burke Station
Camelot,Week3,Herndon,Week5,250.0 Camelot - 151.0 Herndon
Camelot,Week4,Ravensworth Farm,Week3,258.0 Ravensworth Farm - 144.0 Camelot
Camelot,Week1,Hiddenbrook,Week4,201.5 Camelot - 200.5 Hiddenbrook
Burke Station,Week4,Rolling Forest,Week4,272.0 Rolling Forest - 130.0 Burke Station
Camelot,Week2,Dowden Terrace,Week4,233.0 Dowden Terrace - 169.0 Camelot
Burke Station,Week2,Hollin Meadows,Week4,299.0 Hollin Meadows - 103.0 Burke Station
Burke Station,Week2,Somerset-Olde Creek,Week2,248.0 Burke Station - 142.0 Somerset-Olde Creek
Burke Station,Week5,Rolling Forest,Week1,247.0 Rolling Forest - 155.0 Burke Station
Camelot,Week3,Dowden Terrace,Week2,237.0 Dowden Terrace - 165.0 Camelot
Burke Station,Week4,Riverside Gardens,Week3,335.0 Riverside Gardens - 67.0 Burke Station
Burke Station,Week5,Hollin Meadows,Week5,271.0 Hollin Meadows - 131.0 Burke Station
Burke Station,Week4,Somerset-Olde Creek,Week4,216.0 Burke Station - 184.0 Somerset-Olde Creek
Broyhill Crest,Week2,Truro,Week3,322.0 Truro - 78.0 Broyhill Crest
Camelot,Week1,Hiddenbrook,Week5,207.5 Hiddenbrook - 194.5 Camelot
Burke Station,Week1,Rolling Forest,Week3,255.0 Rolling Forest - 124.0 Burke Station
Burke Station,Week4,Rolling Forest,Week1,262.0 Rolling Forest - 140.0 Burke Station
Burke Station,Week2,Hollin Meadows,Week1,316.0 Hollin Meadows - 84.0 Burke Station
Camelot,Week5,Dowden Terrace,Week1,216.0 Dowden Terrace - 186.0 Camelot
Burke Station,Week1,Holmes Run Acres,Week3,266.0 Holmes Run Acres - 112.0 Burke Station
Camelot,Week3,Riverside Gardens,Week4,271.0 Riverside Gardens - 131.0 Camelot
Camelot,Week4,Ravensworth Farm,Week5,265.0 Ravensworth Farm - 137.0 Camelot
Camelot,Week4,Riverside Gardens,Week1,255.0 Riverside Gardens - 147.0 Camelot
Camelot,Week2,Hiddenbrook,Week4,202.0 Hiddenbrook - 200.0 Camelot
Camelot,Week2,Hiddenbrook,Week3,221.0 Camelot - 181.0 Hiddenbrook
Camelot,Week4,Dowden Terrace,Week2,229.0 Dowden Terrace - 173.0 Camelot
Burke Station,Week1,Somerset-Olde Creek,Week5,211.0 Burke Station - 161.0 Somerset-Olde Creek
Burke Station,Week1,Holmes Run Acres,Week1,237.5 Holmes Run Acres - 140.5 Burke Station
Camelot,Week1,Dunn Loring,Week2,290.0 Dunn Loring - 112.0 Camelot
Burke Station,Week3,Rolling Forest,Week4,252.0 Rolling Forest - 145.0 Burke Station
Broyhill Crest,Week3,Truro,Week4,338.0 Truro - 63.0 Broyhill Crest
Camelot,Week2,Riverside Gardens,Week4,268.0 Riverside Gardens - 134.0 Camelot
Burke Station,Week4,Riverside Gardens,Week4,328.0 Riverside Gardens - 74.0 Burke Station
Broyhill Crest,Week3,Truro,Week5,317.0 Truro - 78.0 Broyhill Crest
Camelot,Week2,Hiddenbrook,Week2,239.0 Camelot - 162.0 Hiddenbrook
Camelot,Week2,Hiddenbrook,Week1,229.0 Camelot - 172.0 Hiddenbrook
Burke Station,Week3,Somerset-Olde Creek,Week4,234.0 Burke Station - 158.0 Somerset-Olde Creek
Camelot,Week4,Dowden Terrace,Week4,238.0 Dowden Terrace - 164.0 Camelot
Broyhill Crest,Week3,Truro,Week3,323.0 Truro - 79.0 Broyhill Crest
Burke Station,Week4,Hollin Meadows,Week1,295.0 Hollin Meadows - 107.0 Burke Station
Camelot,Week1,Riverside Gardens,Week5,269.0 Riverside Gardens - 133.0 Camelot
Burke Station,Week2,Somerset-Olde Creek,Week1,224.0 Burke Station - 159.0 Somerset-Olde Creek
Burke Station,Week5,Somerset-Olde Creek,Week2,257.0 Burke Station - 139.0 Somerset-Olde Creek
Burke Station,Week5,Hollin Meadows,Week1,269.0 Hollin Meadows - 133.0 Burke Station
Burke Station,Week1,Rolling Forest,Week5,247.0 Rolling Forest - 131.0 Burke Station
Camelot,Week3,Ravensworth Farm,Week4,249.0 Ravensworth Farm - 153.0 Camelot
Camelot,Week5,Dowden Terrace,Week2,224.0 Dowden Terrace - 178.0 Camelot
Camelot,Week4,Dowden Terrace,Week3,221.0 Dowden Terrace - 181.0 Camelot
Camelot,Week4,Hiddenbrook,Week5,217.0 Hiddenbrook - 185.0 Camelot
Burke Station,Week1,Rolling Forest,Week4,240.0 Rolling Forest - 138.0 Burke Station
Burke Station,Week4,Hollin Meadows,Week3,284.0 Hollin Meadows - 117.0 Burke Station
Camelot,Week4,Hiddenbrook,Week1,209.0 Camelot - 193.0 Hiddenbrook
Burke Station,Week1,Hollin Meadows,Week1,239.0 Hollin Meadows - 138.0 Burke Station
Broyhill Crest,Week1,Truro,Week1,324.0 Truro - 75.0 Broyhill Crest
Burke Station,Week4,Rolling Forest,Week2,263.0 Rolling Forest - 139.0 Burke Station
Burke Station,Week4,Riverside Gardens,Week2,320.0 Riverside Gardens - 82.0 Burke Station
Camelot,Week1,Dowden Terrace,Week5,254.0 Dowden Terrace - 148.0 Camelot
Burke Station,Week2,Somerset-Olde Creek,Week3,236.0 Burke Station - 151.0 Somerset-Olde Creek
Burke Station,Week3,Somerset-Olde Creek,Week1,241.0 Burke Station - 144.0 Somerset-Olde Creek
Burke Station,Week2,Hollin Meadows,Week5,294.0 Hollin Meadows - 108.0 Burke Station
Camelot,Week2,Riverside Gardens,Week1,250.0 Riverside Gardens - 152.0 Camelot
Camelot,Week3,Dowden Terrace,Week5,254.0 Dowden Terrace - 148.0 Camelot
Burke Station,Week3,Riverside Gardens,Week5,309.0 Riverside Gardens - 88.0 Burke Station
Camelot,Week2,Dowden Terrace,Week2,212.0 Dowden Terrace - 190.0 Camelot
Camelot,Week2,Riverside Gardens,Week2,247.0 Riverside Gardens - 155.0 Camelot
Camelot,Week3,Ravensworth Farm,Week5,260.0 Ravensworth Farm - 142.0 Camelot
Camelot,Week3,Hiddenbrook,Week3,201.0 Camelot - 200.0 Hiddenbrook
Camelot,Week2,Dowden Terrace,Week1,216.0 Dowden Terrace - 182.0 Camelot
Camelot,Week5,Ravensworth Farm,Week3,247.0 Ravensworth Farm - 155.0 Camelot
Burke Station,Week3,Somerset-Olde Creek,Week5,216.0 Burke Station - 175.0 Somerset-Olde Creek
Burke Station,Week3,Hollin Meadows,Week2,236.0 Hollin Meadows - 161.0 Burke Station
Burke Station,Week3,Hollin Meadows,Week4,271.0 Hollin Meadows - 126.0 Burke Station
Camelot,Week3,Hiddenbrook,Week4,213.0 Hiddenbrook - 188.0 Camelot
Burke Station,Week4,Somerset-Olde Creek,Week1,217.0 Burke Station - 173.0 Somerset-Olde Creek
Burke Station,Week4,Somerset-Olde Creek,Week2,250.0 Burke Station - 144.0 Somerset-Olde Creek
Burke Station,Week5,Riverside Gardens,Week1,305.0 Riverside Gardens - 97.0 Burke Station
Broyhill Crest,Week4,Truro,Week1,322.0 Truro - 79.0 Broyhill Crest
Camelot,Week3,Hiddenbrook,Week1,202.0 Camelot - 199.0 Hiddenbrook
Camelot,Week4,Hiddenbrook,Week2,238.0 Camelot - 164.0 Hiddenbrook
Camelot,Week4,Dowden Terrace,Week1,225.0 Dowden Terrace - 176.0 Camelot
Camelot,Week5,Ravensworth Farm,Week1,238.0 Ravensworth Farm - 164.0 Camelot
Burke Station,Week2,Somerset-Olde Creek,Week4,219.0 Burke Station - 177.0 Somerset-Olde Creek
Camelot,Week2,Hiddenbrook,Week5,204.0 Hiddenbrook - 198.0 Camelot
Burke Station,Week4,Hollin Meadows,Week4,286.0 Hollin Meadows - 116.0 Burke Station
Camelot,Week4,Dowden Terrace,Week5,253.0 Dowden Terrace - 149.0 Camelot
Camelot,Week5,Hiddenbrook,Week2,253.0 Camelot - 148.0 Hiddenbrook
Burke Station,Week5,Somerset-Olde Creek,Week1,244.0 Burke Station - 151.0 Somerset-Olde Creek
Camelot,Week3,Dowden Terrace,Week3,220.0 Dowden Terrace - 182.0 Camelot
Burke Station,Week3,Hollin Meadows,Week3,262.0 Hollin Meadows - 135.0 Burke Station
Camelot,Week5,Hiddenbrook,Week4,220.0 Camelot - 181.0 Hiddenbrook
Camelot,Week2,Riverside Gardens,Week5,263.0 Riverside Gardens - 139.0 Camelot
Burke Station,Week1,South Run,Week1,234.5 South Run - 131.5 Burke Station
Camelot,Week5,Hiddenbrook,Week3,227.0 Camelot - 174.0 Hiddenbrook
Camelot,Week4,Ravensworth Farm,Week4,257.0 Ravensworth Farm - 145.0 Camelot
Camelot,Week5,Ravensworth Farm,Week5,255.0 Ravensworth Farm - 147.0 Camelot
Camelot,Week5,Dowden Terrace,Week4,224.0 Dowden Terrace - 178.0 Camelot
Burke Station,Week1,Holmes Run Acres,Week2,225.0 Holmes Run Acres - 154.0 Burke Station
Camelot,Week4,Ravensworth Farm,Week2,227.0 Ravensworth Farm - 175.0 Camelot
Burke Station,Week1,Rolling Forest,Week2,236.0 Rolling Forest - 142.0 Burke Station
Camelot,Week3,Hiddenbrook,Week5,215.0 Hiddenbrook - 187.0 Camelot
Burke Station,Week5,Somerset-Olde Creek,Week3,256.0 Burke Station - 139.0 Somerset-Olde Creek
Burke Station,Week1,Hollin Meadows,Week4,235.0 Hollin Meadows - 144.0 Burke Station
Camelot,Week5,Ravensworth Farm,Week2,215.0 Ravensworth Farm - 186.0 Camelot
Camelot,Week1,Dunn Loring,Week1,264.0 Dunn Loring - 138.0 Camelot
Burke Station,Week1,Holmes Run Acres,Week4,244.0 Holmes Run Acres - 134.0 Burke Station
Camelot,Week5,Hiddenbrook,Week1,215.0 Camelot - 187.0 Hiddenbrook
Burke Station,Week2,Rolling Forest,Week2,271.0 Rolling Forest - 130.0 Burke Station
Camelot,Week5,Dowden Terrace,Week3,203.0 Camelot - 199.0 Dowden Terrace
Burke Station,Week5,Riverside Gardens,Week4,310.0 Riverside Gardens - 92.0 Burke Station
Burke Station,Week5,Somerset-Olde Creek,Week4,235.0 Burke Station - 161.0 Somerset-Olde Creek
Burke Station,Week5,Riverside Gardens,Week2,296.0 Riverside Gardens - 106.0 Burke Station
Burke Station,Week2,Rolling Forest,Week3,300.0 Rolling Forest - 102.0 Burke Station
Burke Station,Week5,Hollin Meadows,Week4,262.0 Hollin Meadows - 140.0 Burke Station
Burke Station,Week2,Somerset-Olde Creek,Week5,206.0 Burke Station - 186.0 Somerset-Olde Creek
Burke Station,Week4,Riverside Gardens,Week1,326.0 Riverside Gardens - 76.0 Burke Station
Burke Station,Week5,South Run,Week5,263.0 South Run - 139.0 Burke Station
Camelot,Week2,Dunn Loring,Week4,276.0 Dunn Loring - 126.0 Camelot
Camelot,Week2,Riverside Gardens,Week3,264.0 Riverside Gardens - 138.0 Camelot
Burke Station,Week2,Rolling Forest,Week5,278.0 Rolling Forest - 123.0 Burke Station
Burke Station,Week4,Hollin Meadows,Week2,273.0 Hollin Meadows - 129.0 Burke Station
Burke Station,Week1,Holmes Run Acres,Week5,274.0 Holmes Run Acres - 105.0 Burke Station
Camelot,Week4,Hiddenbrook,Week4,218.0 Hiddenbrook - 184.0 Camelot
Burke Station,Week5,Riverside Gardens,Week3,312.0 Riverside Gardens - 90.0 Burke Station
Burke Station,Week2,Holmes Run Acres,Week1,273.0 Holmes Run Acres - 128.0 Burke Station
Burke Station,Week1,South Run,Week4,224.0 South Run - 151.0 Burke Station
Camelot,Week2,Dunn Loring,Week3,284.0 Dunn Loring - 118.0 Camelot
Burke Station,Week2,Rolling Forest,Week4,276.0 Rolling Forest - 125.0 Burke Station
Camelot,Week2,Rolling Forest,Week4,216.0 Rolling Forest - 186.0 Camelot
Camelot,Week5,Ravensworth Farm,Week4,245.0 Ravensworth Farm - 157.0 Camelot
Camelot,Week4,Hiddenbrook,Week3,208.0 Camelot - 194.0 Hiddenbrook
Burke Station,Week4,Riverside Gardens,Week5,326.0 Riverside Gardens - 76.0 Burke Station
Burke Station,Week3,South Run,Week2,239.0 South Run - 156.0 Burke Station
Burke Station,Week1,Springboard,Week2,223.0 Burke Station - 145.0 Springboard
Camelot,Week5,Hiddenbrook,Week5,207.0 Camelot - 195.0 Hiddenbrook
Camelot,Week4,High Point Pool,Week1,248.0 High Point Pool - 154.0 Camelot
Burke Station,Week4,Hollin Meadows,Week5,294.0 Hollin Meadows - 107.0 Burke Station
Camelot,Week3,Riverside Gardens,Week5,286.0 Riverside Gardens - 116.0 Camelot
Camelot,Week1,High Point Pool,Week1,256.0 High Point Pool - 146.0 Camelot
Camelot,Week2,Dunn Loring,Week1,262.0 Dunn Loring - 140.0 Camelot
Camelot,Week1,Dunn Loring,Week4,293.0 Dunn Loring - 109.0 Camelot
Burke Station,Week1,South Run,Week2,235.0 South Run - 140.0 Burke Station
Camelot,Week2,Rolling Forest,Week1,208.0 Rolling Forest - 194.0 Camelot
Camelot,Week2,Fair Oaks ,Week2,205.0 Camelot - 197.0 Fair Oaks
Burke Station,Week2,Springboard,Week3,219.0 Springboard - 173.0 Burke Station
Burke Station,Week4,South Run,Week5,287.0 South Run - 115.0 Burke Station
Camelot,Week3,High Point Pool,Week5,260.0 High Point Pool - 141.0 Camelot
Camelot,Week3,Dunn Loring,Week5,296.0 Dunn Loring - 106.0 Camelot
Burke Station,Week2,Holmes Run Acres,Week2,270.0 Holmes Run Acres - 132.0 Burke Station
Burke Station,Week2,Springboard,Week2,196.5 Burke Station - 189.5 Springboard
Camelot,Week5,Rolling Forest,Week1,218.0 Rolling Forest - 184.0 Camelot
Camelot,Week4,Rolling Forest,Week5,243.0 Rolling Forest - 159.0 Camelot
Burke Station,Week3,Hunt Valley,Week3,324.0 Hunt Valley - 73.0 Burke Station
Camelot,Week1,Rolling Forest,Week1,221.0 Rolling Forest - 181.0 Camelot
Camelot,Week5,Riverside Gardens,Week2,261.0 Riverside Gardens - 141.0 Camelot
Camelot,Week1,Fair Oaks ,Week1,251.0 Fair Oaks - 151.0 Camelot
Burke Station,Week4,Rolling Forest,Week5,279.0 Rolling Forest - 123.0 Burke Station
Camelot,Week4,Riverside Gardens,Week5,268.0 Riverside Gardens - 134.0 Camelot
Camelot,Week3,Dunn Loring,Week4,287.0 Dunn Loring - 115.0 Camelot
Camelot,Week2,High Point Pool,Week4,245.0 High Point Pool - 157.0 Camelot
Burke Station,Week4,Holmes Run Acres,Week5,316.0 Holmes Run Acres - 86.0 Burke Station
Burke Station,Week1,Springboard,Week4,202.0 Burke Station - 172.0 Springboard
Camelot,Week3,Dunn Loring,Week2,299.0 Dunn Loring - 103.0 Camelot
Camelot,Week3,High Point Pool,Week4,256.0 High Point Pool - 146.0 Camelot
Burke Station,Week3,Rolling Forest,Week1,248.0 Rolling Forest - 149.0 Burke Station
Burke Station,Week2,Holmes Run Acres,Week5,317.0 Holmes Run Acres - 85.0 Burke Station
Burke Station,Week3,Rolling Forest,Week2,246.0 Rolling Forest - 151.0 Burke Station
Burke Station,Week2,Holmes Run Acres,Week4,268.0 Holmes Run Acres - 133.0 Burke Station
Burke Station,Week4,Rolling Forest,Week3,280.0 Rolling Forest - 122.0 Burke Station
Burke Station,Week1,South Run,Week5,256.0 South Run - 122.0 Burke Station
Camelot,Week2,High Point Pool,Week1,235.0 High Point Pool - 167.0 Camelot
Burke Station,Week5,Rolling Forest,Week3,254.0 Rolling Forest - 148.0 Burke Station
Camelot,Week2,Fair Oaks ,Week5,252.0 Fair Oaks - 150.0 Camelot
Camelot,Week1,High Point Pool,Week3,253.0 High Point Pool - 149.0 Camelot
Camelot,Week5,Riverside Gardens,Week5,271.0 Riverside Gardens - 131.0 Camelot
Camelot,Week1,Rolling Forest,Week3,236.0 Rolling Forest - 166.0 Camelot
Burke Station,Week3,Rolling Forest,Week5,251.0 Rolling Forest - 146.0 Burke Station
Camelot,Week2,Dunn Loring,Week5,283.0 Dunn Loring - 119.0 Camelot
Burke Station,Week3,Holmes Run Acres,Week3,281.0 Holmes Run Acres - 116.0 Burke Station
Camelot,Week1,High Point Pool,Week4,252.0 High Point Pool - 150.0 Camelot
Burke Station,Week5,Rolling Forest,Week2,245.0 Rolling Forest - 157.0 Burke Station
Burke Station,Week1,Hunt Valley,Week2,282.0 Hunt Valley - 97.0 Burke Station
Burke Station,Week2,South Run,Week1,272.0 South Run - 117.0 Burke Station
Burke Station,Week2,South Run,Week3,276.0 South Run - 122.0 Burke Station
Camelot,Week4,Dunn Loring,Week2,300.0 Dunn Loring - 102.0 Camelot
Burke Station,Week5,Rolling Forest,Week4,238.0 Rolling Forest - 164.0 Burke Station
Burke Station,Week1,Rolling Hills,Week4,204.0 Rolling Hills - 166.0 Burke Station
Camelot,Week2,Rolling Forest,Week2,212.0 Rolling Forest - 190.0 Camelot
Camelot,Week5,Dunn Loring,Week1,258.0 Dunn Loring - 144.0 Camelot
Camelot,Week1,Rolling Forest,Week4,223.0 Rolling Forest - 179.0 Camelot
Camelot,Week5,Dunn Loring,Week3,294.0 Dunn Loring - 108.0 Camelot
Camelot,Week1,Rolling Forest,Week5,240.5 Rolling Forest - 161.5 Camelot
Burke Station,Week4,South Run,Week2,257.0 South Run - 145.0 Burke Station
Burke Station,Week2,Rolling Hills,Week1,253.0 Rolling Hills - 145.0 Burke Station
Camelot,Week1,Fair Oaks ,Week5,260.0 Fair Oaks - 142.0 Camelot
Camelot,Week3,Rolling Forest,Week4,230.0 Rolling Forest - 172.0 Camelot
Burke Station,Week3,South Run,Week4,239.0 South Run - 157.0 Burke Station
Camelot,Week5,High Point Pool,Week2,262.0 High Point Pool - 140.0 Camelot
Burke Station,Week3,Holmes Run Acres,Week1,245.0 Holmes Run Acres - 151.0 Burke Station
Camelot,Week3,Highland Park,Week2,238.0 Highland Park - 164.0 Camelot
Camelot,Week3,Rolling Forest,Week3,245.0 Rolling Forest - 157.0 Camelot
Burke Station,Week2,South Run,Week4,253.0 South Run - 144.0 Burke Station
Burke Station,Week1,Rolling Hills,Week3,209.0 Rolling Hills - 169.0 Burke Station
Camelot,Week2,Highland Park,Week4,241.0 Highland Park - 161.0 Camelot
Burke Station,Week5,Holmes Run Acres,Week2,230.0 Holmes Run Acres - 172.0 Burke Station
Burke Station,Week3,Holmes Run Acres,Week4,253.0 Holmes Run Acres - 144.0 Burke Station
Camelot,Week1,Fair Oaks ,Week2,220.0 Fair Oaks - 182.0 Camelot
Burke Station,Week5,South Run,Week1,248.0 South Run - 145.0 Burke Station
Burke Station,Week2,Rolling Hills,Week3,249.0 Rolling Hills - 146.0 Burke Station
Camelot,Week1,Fair Oaks ,Week4,230.0 Fair Oaks - 172.0 Camelot
Camelot,Week1,High Point Pool,Week2,269.0 High Point Pool - 133.0 Camelot
Burke Station,Week5,Holmes Run Acres,Week4,249.0 Holmes Run Acres - 153.0 Burke Station
Camelot,Week4,High Point Pool,Week2,262.0 High Point Pool - 140.0 Camelot
Burke Station,Week5,South Run,Week2,242.0 South Run - 155.0 Burke Station
Burke Station,Week4,Holmes Run Acres,Week2,269.0 Holmes Run Acres - 133.0 Burke Station
Camelot,Week1,High Point Pool,Week5,259.0 High Point Pool - 143.0 Camelot
Camelot,Week5,High Point Pool,Week1,245.0 High Point Pool - 157.0 Camelot
Burke Station,Week1,Hunt Valley,Week3,290.0 Hunt Valley - 89.0 Burke Station
Burke Station,Week5,South Run,Week3,251.0 South Run - 151.0 Burke Station
Burke Station,Week2,Rolling Hills,Week2,243.0 Rolling Hills - 158.0 Burke Station
Burke Station,Week1,Rolling Hills,Week5,201.0 Rolling Hills - 177.0 Burke Station
Burke Station,Week5,South Run,Week4,237.0 South Run - 165.0 Burke Station
Camelot,Week2,High Point Pool,Week3,242.0 High Point Pool - 160.0 Camelot
Burke Station,Week5,Holmes Run Acres,Week1,239.0 Holmes Run Acres - 163.0 Burke Station
Burke Station,Week1,Rolling Hills,Week2,222.0 Rolling Hills - 156.0 Burke Station
Camelot,Week2,Fair Oaks ,Week1,239.0 Fair Oaks - 163.0 Camelot
Camelot,Week3,Dunn Loring,Week3,296.0 Dunn Loring - 106.0 Camelot
Camelot,Week3,High Point Pool,Week2,267.0 High Point Pool - 135.0 Camelot
Burke Station,Week2,Hunt Valley,Week3,345.0 Hunt Valley - 57.0 Burke Station
Camelot,Week2,Rolling Forest,Week3,226.0 Rolling Forest - 176.0 Camelot
Burke Station,Week3,South Run,Week3,241.0 South Run - 155.0 Burke Station
Burke Station,Week2,South Run,Week5,293.5 South Run - 107.5 Burke Station
Burke Station,Week1,Hunt Valley,Week4,274.0 Hunt Valley - 105.0 Burke Station
Camelot,Week5,Riverside Gardens,Week3,288.0 Riverside Gardens - 114.0 Camelot
Camelot,Week5,High Point Pool,Week3,253.0 High Point Pool - 149.0 Camelot
Burke Station,Week3,South Run,Week5,277.0 South Run - 120.0 Burke Station
Camelot,Week5,Riverside Gardens,Week4,288.0 Riverside Gardens - 114.0 Camelot
Burke Station,Week5,Rolling Forest,Week5,255.0 Rolling Forest - 147.0 Burke Station
Burke Station,Week2,Rolling Hills,Week4,241.0 Rolling Hills - 151.0 Burke Station
Camelot,Week1,Rolling Hills,Week2,211.0 Camelot - 191.0 Rolling Hills
Burke Station,Week5,Holmes Run Acres,Week3,277.0 Holmes Run Acres - 125.0 Burke Station
Camelot,Week5,Dunn Loring,Week4,288.0 Dunn Loring - 114.0 Camelot
Camelot,Week3,Rolling Forest,Week2,226.0 Rolling Forest - 176.0 Camelot
Camelot,Week3,Dunn Loring,Week1,263.0 Dunn Loring - 139.0 Camelot
Burke Station,Week4,Holmes Run Acres,Week3,302.0 Holmes Run Acres - 100.0 Burke Station
Burke Station,Week4,Holmes Run Acres,Week1,278.0 Holmes Run Acres - 124.0 Burke Station
Burke Station,Week2,Hunt Valley,Week4,326.0 Hunt Valley - 76.0 Burke Station
Camelot,Week5,Dunn Loring,Week5,295.0 Dunn Loring - 107.0 Camelot
Burke Station,Week2,Rolling Hills,Week5,251.0 Rolling Hills - 150.0 Burke Station
Burke Station,Week4,Holmes Run Acres,Week4,277.0 Holmes Run Acres - 125.0 Burke Station
Camelot,Week2,Rolling Forest,Week5,233.0 Rolling Forest - 169.0 Camelot
Burke Station,Week2,South Run,Week2,266.0 South Run - 132.0 Burke Station
Camelot,Week5,Riverside Gardens,Week1,266.0 Riverside Gardens - 136.0 Camelot
Burke Station,Week4,South Run,Week4,269.0 South Run - 132.0 Burke Station
Burke Station,Week1,Hunt Valley,Week1,281.0 Hunt Valley - 98.0 Burke Station
Burke Station,Week1,South Run,Week3,242.0 South Run - 133.0 Burke Station
Camelot,Week5,High Point Pool,Week5,270.0 High Point Pool - 131.0 Camelot
Camelot,Week2,Fair Oaks ,Week4,223.0 Fair Oaks - 179.0 Camelot
Burke Station,Week3,South Run,Week1,244.0 South Run - 143.0 Burke Station
Camelot,Week4,Rolling Forest,Week4,231.0 Rolling Forest - 171.0 Camelot
Camelot,Week4,Dunn Loring,Week4,299.0 Dunn Loring - 103.0 Camelot
Camelot,Week1,Highland Park,Week2,242.0 Highland Park - 160.0 Camelot
Camelot,Week4,High Point Pool,Week3,257.0 High Point Pool - 145.0 Camelot
Camelot,Week5,Fair Oaks ,Week2,209.0 Fair Oaks - 193.0 Camelot
Burke Station,Week5,Holmes Run Acres,Week5,285.0 Holmes Run Acres - 117.0 Burke Station
Camelot,Week4,Dunn Loring,Week3,310.5 Dunn Loring - 91.5 Camelot
Camelot,Week1,Highland Park,Week1,258.0 Highland Park - 144.0 Camelot
Camelot,Week2,High Point Pool,Week2,256.0 High Point Pool - 146.0 Camelot
Burke Station,Week1,Rolling Hills,Week1,208.0 Rolling Hills - 167.0 Burke Station
Camelot,Week4,Rolling Forest,Week1,226.0 Rolling Forest - 176.0 Camelot
Burke Station,Week4,South Run,Week1,271.0 South Run - 122.0 Burke Station
Camelot,Week4,Riverside Gardens,Week4,264.0 Riverside Gardens - 138.0 Camelot
Camelot,Week2,Fair Oaks ,Week3,230.0 Fair Oaks - 172.0 Camelot
Camelot,Week4,Rolling Forest,Week2,216.0 Rolling Forest - 186.0 Camelot
Burke Station,Week3,Holmes Run Acres,Week5,294.0 Holmes Run Acres - 103.0 Burke Station
Camelot,Week5,Dunn Loring,Week2,290.5 Dunn Loring - 111.5 Camelot
Camelot,Week3,High Point Pool,Week1,242.5 High Point Pool - 159.5 Camelot
Burke Station,Week2,Hunt Valley,Week2,328.0 Hunt Valley - 74.0 Burke Station
Burke Station,Week1,Springboard,Week1,200.0 Burke Station - 169.0 Springboard
Camelot,Week2,High Point Pool,Week5,255.0 High Point Pool - 146.0 Camelot
Camelot,Week4,High Point Pool,Week4,249.0 High Point Pool - 153.0 Camelot
Burke Station,Week4,South Run,Week3,267.0 South Run - 135.0 Burke Station
Camelot,Week4,Dunn Loring,Week1,280.0 Dunn Loring - 122.0 Camelot
Camelot,Week4,Riverside Gardens,Week3,276.0 Riverside Gardens - 126.0 Camelot
Burke Station,Week3,Hunt Valley,Week1,309.0 Hunt Valley - 88.0 Burke Station
Camelot,Week1,Highland Park,Week5,247.0 Highland Park - 155.0 Camelot
Camelot,Week4,Dunn Loring,Week5,309.0 Dunn Loring - 93.0 Camelot
Camelot,Week3,Fairfax,Week4,283.0 Fairfax - 118.0 Camelot
Camelot,Week1,Fairfax,Week2,287.0 Fairfax - 115.0 Camelot
Camelot,Week4,Brookfield ,Week4,214.0 Brookfield - 188.0 Camelot
Burke Station,Week2,Springfield,Week2,283.0 Burke Station - 94.0 Springfield
Camelot,Week1,Highland Park,Week3,248.0 Highland Park - 154.0 Camelot
Camelot,Week3,Rolling Forest,Week1,221.0 Rolling Forest - 181.0 Camelot
Camelot,Week5,High Point Pool,Week4,258.0 High Point Pool - 144.0 Camelot
Camelot,Week5,Rolling Forest,Week4,208.0 Rolling Forest - 194.0 Camelot
Camelot,Week2,Highland Park,Week1,241.0 Highland Park - 161.0 Camelot
Burke Station,Week3,Hunt Valley,Week2,311.0 Hunt Valley - 86.0 Burke Station
Camelot,Week3,High Point Pool,Week3,258.0 High Point Pool - 144.0 Camelot
Burke Station,Week1,Springboard,Week5,198.0 Burke Station - 172.0 Springboard
Burke Station,Week1,Hunt Valley,Week5,310.0 Hunt Valley - 69.0 Burke Station
Burke Station,Week2,Hunt Valley,Week5,346.0 Hunt Valley - 56.0 Burke Station
Camelot,Week1,Rolling Forest,Week2,206.0 Rolling Forest - 196.0 Camelot
Camelot,Week3,Fair Oaks ,Week4,250.0 Fair Oaks - 152.0 Camelot
Camelot,Week5,Fair Oaks ,Week1,236.0 Fair Oaks - 166.0 Camelot
Camelot,Week4,Brookfield ,Week2,208.0 Brookfield - 194.0 Camelot
Burke Station,Week2,Springboard,Week1,218.0 Springboard - 173.0 Burke Station
Burke Station,Week3,Springfield,Week1,295.0 Burke Station - 81.0 Springfield
Camelot,Week4,Brookfield ,Week3,202.0 Brookfield - 200.0 Camelot
Camelot,Week4,Rolling Forest,Week3,230.0 Rolling Forest - 172.0 Camelot
Camelot,Week5,Brookfield ,Week5,202.5 Brookfield - 199.5 Camelot
Camelot,Week5,Rolling Forest,Week3,206.0 Rolling Forest - 196.0 Camelot
Burke Station,Week1,Springboard,Week3,189.0 Burke Station - 181.0 Springboard
Camelot,Week3,Rolling Forest,Week5,244.0 Rolling Forest - 158.0 Camelot
Burke Station,Week2,Springfield,Week4,263.0 Burke Station - 120.0 Springfield
Burke Station,Week3,Holmes Run Acres,Week2,249.0 Holmes Run Acres - 147.0 Burke Station
Camelot,Week1,Fair Oaks ,Week3,249.0 Fair Oaks - 153.0 Camelot
Burke Station,Week3,Hunter Mill,Week2,285.0 Hunter Mill - 112.0 Burke Station
Burke Station,Week3,Springboard,Week3,205.0 Burke Station - 184.0 Springboard
Camelot,Week1,Rolling Hills,Week1,208.0 Camelot - 194.0 Rolling Hills
Camelot,Week2,Highland Park,Week3,227.0 Highland Park - 175.0 Camelot
Camelot,Week2,Highland Park,Week2,237.0 Highland Park - 165.0 Camelot
Camelot,Week2,Fairfax,Week5,297.0 Fairfax - 104.0 Camelot
Camelot,Week1,Highland Park,Week4,244.0 Highland Park - 158.0 Camelot
Burke Station,Week4,Hunt Valley,Week2,331.0 Hunt Valley - 71.0 Burke Station
Camelot,Week1,Rolling Valley,Week5,247.0 Camelot - 155.0 Rolling Valley
Camelot,Week4,Brookfield ,Week1,228.0 Brookfield - 174.0 Camelot
Burke Station,Week2,Hunt Valley,Week1,327.0 Hunt Valley - 75.0 Burke Station
Camelot,Week4,High Point Pool,Week5,264.0 High Point Pool - 138.0 Camelot
Camelot,Week3,Fair Oaks ,Week5,264.0 Fair Oaks - 138.0 Camelot
Camelot,Week3,Fairfax,Week2,294.0 Fairfax - 108.0 Camelot
Camelot,Week2,Brookfield ,Week5,219.0 Brookfield - 183.0 Camelot
Camelot,Week2,Broyhill Crest,Week2,320.0 Camelot - 80.0 Broyhill Crest
Camelot,Week5,Rolling Forest,Week5,230.0 Rolling Forest - 172.0 Camelot
Burke Station,Week4,Springboard,Week3,228.0 Springboard - 172.0 Burke Station
Camelot,Week3,Brookfield ,Week4,225.0 Brookfield - 177.0 Camelot
Burke Station,Week3,Springboard,Week1,203.0 Burke Station - 186.0 Springboard
Camelot,Week5,Fair Oaks ,Week4,228.0 Fair Oaks - 174.0 Camelot
Camelot,Week1,Rolling Valley,Week2,251.0 Camelot - 151.0 Rolling Valley
Camelot,Week5,Rolling Forest,Week2,215.0 Camelot - 187.0 Rolling Forest
Burke Station,Week4,Hunter Mill,Week3,304.0 Hunter Mill - 98.0 Burke Station
Burke Station,Week4,Springboard,Week4,202.0 Springboard - 194.0 Burke Station
Burke Station,Week4,Hunt Valley,Week3,340.0 Hunt Valley - 62.0 Burke Station
Camelot,Week2,Highland Park,Week5,236.0 Highland Park - 166.0 Camelot
Burke Station,Week4,Springboard,Week5,223.0 Springboard - 178.0 Burke Station
Burke Station,Week5,Springboard,Week1,217.0 Burke Station - 183.0 Springboard
Camelot,Week3,Highland Park,Week1,250.0 Highland Park - 152.0 Camelot
Burke Station,Week5,Springboard,Week4,225.0 Burke Station - 172.0 Springboard
Burke Station,Week4,Hunt Valley,Week1,316.0 Hunt Valley - 86.0 Burke Station
Burke Station,Week1,Springfield,Week4,270.0 Burke Station - 101.0 Springfield
Burke Station,Week5,Hunt Valley,Week3,324.0 Hunt Valley - 78.0 Burke Station
Camelot,Week3,Fair Oaks ,Week1,247.0 Fair Oaks - 155.0 Camelot
Camelot,Week2,Brookfield ,Week1,220.0 Brookfield - 182.0 Camelot
Burke Station,Week5,Springboard,Week2,234.0 Burke Station - 156.0 Springboard
Camelot,Week3,Fairfax,Week3,289.0 Fairfax - 112.0 Camelot
Burke Station,Week5,Hunt Valley,Week4,300.0 Hunt Valley - 102.0 Burke Station
Camelot,Week1,Fairfax,Week1,270.0 Fairfax - 132.0 Camelot
Burke Station,Week1,Hunter Mill,Week4,275.0 Hunter Mill - 103.0 Burke Station
Camelot,Week3,Rolling Hills,Week1,205.0 Camelot - 196.0 Rolling Hills
Camelot,Week2,Highlands Swim,Week1,302.0 Highlands Swim - 100.0 Camelot
Camelot,Week1,Rolling Valley,Week3,248.0 Camelot - 154.0 Rolling Valley
Camelot,Week3,Fair Oaks ,Week3,251.0 Fair Oaks - 151.0 Camelot
Camelot,Week3,Brookfield ,Week2,222.0 Brookfield - 180.0 Camelot
Camelot,Week2,Highlands Swim,Week5,306.0 Highlands Swim - 96.0 Camelot
Camelot,Week2,Brookfield ,Week3,210.0 Brookfield - 191.0 Camelot
Camelot,Week5,Highland Park,Week4,249.0 Highland Park - 153.0 Camelot
Camelot,Week3,Rolling Hills,Week2,206.0 Rolling Hills - 196.0 Camelot
Camelot,Week5,Fair Oaks ,Week5,250.0 Fair Oaks - 152.0 Camelot
Camelot,Week2,Broyhill Crest,Week1,304.0 Camelot - 94.0 Broyhill Crest
Camelot,Week3,Brookfield ,Week3,216.0 Brookfield - 185.0 Camelot
Camelot,Week3,Highlands Swim,Week5,308.0 Highlands Swim - 94.0 Camelot
Camelot,Week5,Brookfield ,Week2,202.0 Camelot - 200.0 Brookfield
Camelot,Week4,Rolling Hills,Week3,203.0 Rolling Hills - 199.0 Camelot
Burke Station,Week1,Hunter Mill,Week3,270.0 Hunter Mill - 109.0 Burke Station
Camelot,Week4,Highland Park,Week4,252.0 Highland Park - 150.0 Camelot
Camelot,Week2,Rolling Hills,Week4,212.0 Camelot - 185.0 Rolling Hills
Camelot,Week4,Fair Oaks ,Week2,222.0 Fair Oaks - 180.0 Camelot
Burke Station,Week3,Springboard,Week4,207.0 Burke Station - 184.0 Springboard
Camelot,Week1,Brookfield ,Week2,219.0 Brookfield - 183.0 Camelot
Camelot,Week4,Fair Oaks ,Week5,273.0 Fair Oaks - 129.0 Camelot
Camelot,Week5,Highland Park,Week2,231.0 Highland Park - 171.0 Camelot
Burke Station,Week5,Hunt Valley,Week5,328.0 Hunt Valley - 74.0 Burke Station
Burke Station,Week1,Springfield,Week2,298.0 Burke Station - 71.0 Springfield
Camelot,Week3,Rolling Hills,Week5,202.0 Camelot - 200.0 Rolling Hills
Burke Station,Week4,Hunt Valley,Week4,326.0 Hunt Valley - 76.0 Burke Station
Burke Station,Week2,Springfield,Week1,267.0 Burke Station - 114.0 Springfield
Camelot,Week3,Brookfield ,Week1,228.0 Brookfield - 174.0 Camelot
Camelot,Week4,Highland Park,Week3,222.0 Highland Park - 180.0 Camelot
Burke Station,Week3,Springfield,Week4,286.0 Burke Station - 91.0 Springfield
Camelot,Week5,Fair Oaks ,Week3,241.0 Fair Oaks - 161.0 Camelot
Burke Station,Week2,Springboard,Week4,207.0 Springboard - 184.0 Burke Station
Camelot,Week3,Highland Park,Week3,228.0 Highland Park - 174.0 Camelot
Burke Station,Week2,Hunter Mill,Week4,318.0 Hunter Mill - 83.0 Burke Station
Burke Station,Week1,Hunter Mill,Week5,279.5 Hunter Mill - 99.5 Burke Station
Camelot,Week5,Brookfield ,Week3,204.0 Camelot - 198.0 Brookfield
Camelot,Week1,Broyhill Crest,Week1,314.0 Camelot - 85.0 Broyhill Crest
Camelot,Week3,Highlands Swim,Week1,307.0 Highlands Swim - 95.0 Camelot
Burke Station,Week5,Springboard,Week5,208.0 Burke Station - 193.0 Springboard
Burke Station,Week1,Hunter Mill,Week2,254.0 Hunter Mill - 124.0 Burke Station
Camelot,Week5,Rolling Hills,Week3,211.0 Camelot - 191.0 Rolling Hills
Camelot,Week1,Rolling Hills,Week4,206.0 Camelot - 194.0 Rolling Hills
Camelot,Week5,Highland Park,Week1,245.0 Highland Park - 157.0 Camelot
Camelot,Week4,Rolling Hills,Week4,201.0 Camelot - 200.0 Rolling Hills
Camelot,Week5,Rolling Hills,Week5,213.0 Camelot - 189.0 Rolling Hills
Camelot,Week5,Rolling Hills,Week4,213.5 Camelot - 188.5 Rolling Hills
Camelot,Week1,Fairfax,Week3,287.0 Fairfax - 115.0 Camelot
Burke Station,Week3,Hunt Valley,Week4,315.0 Hunt Valley - 82.0 Burke Station
Camelot,Week1,Fairfax,Week4,282.0 Fairfax - 120.0 Camelot
Burke Station,Week3,Springboard,Week5,213.0 Burke Station - 179.0 Springboard
Camelot,Week3,Highland Park,Week5,242.0 Highland Park - 160.0 Camelot
Burke Station,Week5,Hunt Valley,Week1,303.0 Hunt Valley - 99.0 Burke Station
Camelot,Week3,Fair Oaks ,Week2,210.0 Fair Oaks - 192.0 Camelot
Burke Station,Week4,Springboard,Week1,217.0 Springboard - 182.0 Burke Station
Camelot,Week4,Fair Oaks ,Week3,251.0 Fair Oaks - 151.0 Camelot
Camelot,Week4,Rolling Hills,Week5,202.0 Camelot - 200.0 Rolling Hills
Camelot,Week1,Brookfield ,Week4,227.0 Brookfield - 175.0 Camelot
Camelot,Week1,Brookfield ,Week1,221.0 Brookfield - 181.0 Camelot
Camelot,Week4,Fair Oaks ,Week4,236.0 Fair Oaks - 166.0 Camelot
Camelot,Week1,Highlands Swim,Week2,321.0 Highlands Swim - 81.0 Camelot
Burke Station,Week2,Dowden Terrace,Week3,284.0 Dowden Terrace - 118.0 Burke Station
Camelot,Week4,Fair Oaks ,Week1,262.0 Fair Oaks - 140.0 Camelot
Camelot,Week1,Rolling Hills,Week5,213.0 Camelot - 189.0 Rolling Hills
Burke Station,Week4,Hunt Valley,Week5,343.0 Hunt Valley - 59.0 Burke Station
Camelot,Week2,Fairfax,Week1,272.0 Fairfax - 130.0 Camelot
Camelot,Week3,Highlands Swim,Week2,310.0 Highlands Swim - 92.0 Camelot
Camelot,Week4,Brookfield ,Week5,224.0 Brookfield - 178.0 Camelot
Burke Station,Week2,Springboard,Week5,218.0 Springboard - 175.0 Burke Station
Camelot,Week2,Rolling Hills,Week2,207.0 Camelot - 194.0 Rolling Hills
Burke Station,Week1,Hunter Mill,Week1,257.0 Hunter Mill - 122.0 Burke Station
Camelot,Week2,Brookfield ,Week2,209.0 Brookfield - 193.0 Camelot
Burke Station,Week5,Donaldson Run,Week5,337.5 Donaldson Run - 64.5 Burke Station
Burke Station,Week3,Hunter Mill,Week1,287.0 Hunter Mill - 105.0 Burke Station
Burke Station,Week4,Dowden Terrace,Week4,289.0 Dowden Terrace - 108.0 Burke Station
Camelot,Week5,Brookfield ,Week1,220.0 Brookfield - 182.0 Camelot
Burke Station,Week3,Springboard,Week2,239.0 Burke Station - 145.0 Springboard
Burke Station,Week2,Hunter Mill,Week2,292.0 Hunter Mill - 109.0 Burke Station
Camelot,Week3,Brookfield ,Week5,220.0 Brookfield - 182.0 Camelot
Burke Station,Week2,Dowden Terrace,Week2,280.0 Dowden Terrace - 121.0 Burke Station
Camelot,Week1,Highlands Swim,Week3,299.0 Highlands Swim - 103.0 Camelot
Camelot,Week2,Rolling Hills,Week1,213.0 Camelot - 188.0 Rolling Hills
Burke Station,Week1,Springfield,Week1,277.0 Burke Station - 93.0 Springfield
Camelot,Week1,Fairfax,Week5,292.0 Fairfax - 110.0 Camelot
Burke Station,Week4,Springboard,Week2,198.0 Burke Station - 197.0 Springboard
Camelot,Week4,Highland Park,Week2,241.0 Highland Park - 161.0 Camelot
Camelot,Week1,Rolling Hills,Week3,203.0 Rolling Hills - 198.0 Camelot
Camelot,Week1,Brookfield ,Week5,217.0 Brookfield - 185.0 Camelot
Burke Station,Week2,Hunter Mill,Week3,311.0 Hunter Mill - 91.0 Burke Station
Burke Station,Week5,Springboard,Week3,205.0 Burke Station - 195.0 Springboard
Burke Station,Week1,Springfield,Week3,281.0 Burke Station - 81.0 Springfield
Camelot,Week2,Fairfax,Week2,287.0 Fairfax - 115.0 Camelot
Camelot,Week2,Highlands Swim,Week4,300.0 Highlands Swim - 102.0 Camelot
Camelot,Week3,Highlands Swim,Week3,303.0 Highlands Swim - 99.0 Camelot
Camelot,Week1,Brookfield ,Week3,206.0 Brookfield - 196.0 Camelot
Camelot,Week2,Rolling Hills,Week3,208.0 Camelot - 193.0 Rolling Hills
Burke Station,Week3,Dowden Terrace,Week2,255.0 Dowden Terrace - 142.0 Burke Station
Burke Station,Week1,Springfield,Week5,289.0 Burke Station - 83.0 Springfield
Camelot,Week5,Highland Park,Week5,235.0 Highland Park - 167.0 Camelot
Camelot,Week5,Brookfield ,Week4,214.0 Brookfield - 188.0 Camelot
Burke Station,Week3,Hunter Mill,Week3,289.0 Hunter Mill - 108.0 Burke Station
Burke Station,Week2,Dowden Terrace,Week4,286.0 Dowden Terrace - 111.0 Burke Station
Camelot,Week2,Fairfax,Week3,295.0 Fairfax - 106.0 Camelot
Camelot,Week2,Fairfax,Week4,281.0 Fairfax - 120.0 Camelot
Camelot,Week2,Brookfield ,Week4,231.0 Brookfield - 171.0 Camelot
Burke Station,Week2,Springfield,Week5,286.0 Burke Station - 99.0 Springfield
Burke Station,Week2,Springfield,Week3,277.0 Burke Station - 99.0 Springfield
Camelot,Week4,Rolling Hills,Week1,208.0 Camelot - 194.0 Rolling Hills
Camelot,Week3,Fairfax,Week5,299.0 Fairfax - 102.0 Camelot
Camelot,Week1,Highlands Swim,Week1,305.0 Highlands Swim - 97.0 Camelot
Camelot,Week1,Broyhill Crest,Week2,323.0 Camelot - 78.0 Broyhill Crest
Burke Station,Week1,Dowden Terrace,Week2,240.5 Dowden Terrace - 137.5 Burke Station
Burke Station,Week4,Hunter Mill,Week2,294.0 Hunter Mill - 108.0 Burke Station
Camelot,Week1,Broyhill Crest,Week3,320.0 Camelot - 81.0 Broyhill Crest
Burke Station,Week3,Dowden Terrace,Week3,254.0 Dowden Terrace - 143.0 Burke Station
Camelot,Week3,Rolling Hills,Week3,210.0 Camelot - 192.0 Rolling Hills
Burke Station,Week2,Hunter Mill,Week1,314.0 Hunter Mill - 83.0 Burke Station
Burke Station,Week3,Hunter Mill,Week5,294.0 Hunter Mill - 103.0 Burke Station
Burke Station,Week1,Dowden Terrace,Week4,266.0 Dowden Terrace - 113.0 Burke Station
Camelot,Week3,Rolling Hills,Week4,203.0 Camelot - 195.0 Rolling Hills
Camelot,Week4,Fairfax,Week2,291.0 Fairfax - 111.0 Camelot
Burke Station,Week3,Dowden Terrace,Week5,279.0 Dowden Terrace - 118.0 Burke Station
Camelot,Week3,Fairfax,Week1,280.0 Fairfax - 122.0 Camelot
Camelot,Week2,Highlands Swim,Week2,306.0 Highlands Swim - 96.0 Camelot
Camelot,Week4,Rolling Hills,Week2,205.0 Camelot - 197.0 Rolling Hills
Burke Station,Week2,Hunter Mill,Week5,323.0 Hunter Mill - 79.0 Burke Station
Camelot,Week4,Highland Park,Week1,258.0 Highland Park - 144.0 Camelot
Broyhill Crest,Week1,Vienna Aquatic,Week3,393.0 Vienna Aquatic - 9.0 Broyhill Crest
Camelot,Week5,Rolling Hills,Week2,217.0 Camelot - 185.0 Rolling Hills
Camelot,Week4,Kings Ridge ,Week4,238.0 Camelot - 164.0 Kings Ridge
Burke Station,Week3,Springfield,Week2,302.0 Burke Station - 69.0 Springfield
Camelot,Week2,Rolling Hills,Week5,211.0 Camelot - 191.0 Rolling Hills
Camelot,Week1,Broyhill Crest,Week5,297.0 Camelot - 104.0 Broyhill Crest
Burke Station,Week3,Springfield,Week5,301.0 Burke Station - 86.0 Springfield
Burke Station,Week3,Hunt Valley,Week5,340.0 Hunt Valley - 57.0 Burke Station
Burke Station,Week3,Springfield,Week3,296.0 Burke Station - 70.0 Springfield
Camelot,Week4,Fairfax,Week4,273.0 Fairfax - 129.0 Camelot
Camelot,Week4,Fairfax,Week3,299.0 Fairfax - 103.0 Camelot
Burke Station,Week1,Dunn Loring,Week1,293.0 Dunn Loring - 86.0 Burke Station
Burke Station,Week4,Springfield,Week1,288.0 Burke Station - 93.0 Springfield
Burke Station,Week5,Dowden Terrace,Week1,239.0 Dowden Terrace - 157.0 Burke Station
Broyhill Crest,Week5,Tuckahoe,Week5,396.0 Tuckahoe - 6.0 Broyhill Crest
Camelot,Week4,Highland Park,Week5,245.0 Highland Park - 157.0 Camelot
Camelot,Week1,Highlands Swim,Week5,315.0 Highlands Swim - 87.0 Camelot
Broyhill Crest,Week1,Vienna Aquatic,Week4,389.0 Vienna Aquatic - 11.0 Broyhill Crest
Camelot,Week1,Broyhill Crest,Week4,306.0 Camelot - 94.0 Broyhill Crest
Camelot,Week5,Rolling Hills,Week1,215.0 Camelot - 187.0 Rolling Hills
Camelot,Week1,Rolling Valley,Week1,273.0 Camelot - 129.0 Rolling Valley
Camelot,Week3,Highland Park,Week4,245.0 Highland Park - 157.0 Camelot
Burke Station,Week3,Hunter Mill,Week4,297.0 Hunter Mill - 99.0 Burke Station
Camelot,Week4,Fairfax,Week5,301.0 Fairfax - 101.0 Camelot
Camelot,Week4,Fairfax,Week1,283.0 Fairfax - 119.0 Camelot
Camelot,Week5,Broyhill Crest,Week1,321.0 Camelot - 77.0 Broyhill Crest
Camelot,Week5,Kings Ridge ,Week4,242.0 Camelot - 160.0 Kings Ridge
Camelot,Week5,Kings Ridge ,Week1,256.0 Camelot - 146.0 Kings Ridge
Camelot,Week4,Broyhill Crest,Week2,320.0 Camelot - 81.0 Broyhill Crest
Burke Station,Week5,Hunt Valley,Week2,302.0 Hunt Valley - 100.0 Burke Station
Camelot,Week2,Highlands Swim,Week3,297.0 Highlands Swim - 105.0 Camelot
Burke Station,Week1,Dowden Terrace,Week3,247.0 Dowden Terrace - 132.0 Burke Station
Burke Station,Week4,Dowden Terrace,Week5,310.0 Dowden Terrace - 92.0 Burke Station
Camelot,Week5,Fairfax,Week2,293.0 Fairfax - 109.0 Camelot
Camelot,Week2,Kings Ridge ,Week1,246.0 Camelot - 156.0 Kings Ridge
Burke Station,Week4,Hunter Mill,Week5,315.0 Hunter Mill - 87.0 Burke Station
Camelot,Week1,Rolling Valley,Week4,249.0 Camelot - 153.0 Rolling Valley
Broyhill Crest,Week4,Vienna Aquatic,Week3,390.0 Vienna Aquatic - 12.0 Broyhill Crest
Camelot,Week3,Highlands Swim,Week4,311.0 Highlands Swim - 91.0 Camelot
Broyhill Crest,Week4,Vienna Aquatic,Week4,388.0 Vienna Aquatic - 13.0 Broyhill Crest
Camelot,Week1,Lake Braddock,Week1,257.5 Camelot - 143.5 Lake Braddock
Camelot,Week5,Fairfax,Week3,287.0 Fairfax - 115.0 Camelot
Camelot,Week1,Highlands Swim,Week4,302.0 Highlands Swim - 100.0 Camelot
Broyhill Crest,Week3,Vienna Aquatic,Week1,394.0 Vienna Aquatic - 8.0 Broyhill Crest
Burke Station,Week4,Hunter Mill,Week4,312.0 Hunter Mill - 90.0 Burke Station
Camelot,Week4,Rolling Valley,Week1,288.0 Camelot - 114.0 Rolling Valley
Camelot,Week1,Kings Ridge ,Week3,227.0 Camelot - 175.0 Kings Ridge
Camelot,Week2,Broyhill Crest,Week3,299.0 Camelot - 101.0 Broyhill Crest
Burke Station,Week3,Stratford,Week3,216.0 Stratford - 181.0 Burke Station
Camelot,Week2,Rolling Valley,Week1,280.0 Camelot - 122.0 Rolling Valley
Burke Station,Week5,Donaldson Run,Week4,328.0 Donaldson Run - 74.0 Burke Station
Camelot,Week3,Broyhill Crest,Week3,319.0 Camelot - 78.0 Broyhill Crest
Burke Station,Week1,Dowden Terrace,Week1,245.0 Dowden Terrace - 125.0 Burke Station
Camelot,Week5,Highland Park,Week3,215.0 Highland Park - 187.0 Camelot
Burke Station,Week4,Hunter Mill,Week1,304.5 Hunter Mill - 92.5 Burke Station
Burke Station,Week2,Dowden Terrace,Week1,264.0 Dowden Terrace - 129.0 Burke Station
Camelot,Week2,Burke Station,Week4,255.0 Camelot - 146.0 Burke Station
Burke Station,Week4,Stratford,Week4,253.0 Stratford - 149.0 Burke Station
Camelot,Week5,Fairfax,Week1,267.0 Fairfax - 135.0 Camelot
Burke Station,Week5,Springfield,Week2,314.0 Burke Station - 69.0 Springfield
Camelot,Week1,Burke Station,Week1,222.0 Camelot - 156.0 Burke Station
Camelot,Week1,Burke Station,Week2,261.0 Camelot - 139.0 Burke Station
Camelot,Week4,Highlands Swim,Week3,300.0 Highlands Swim - 102.0 Camelot
Camelot,Week1,Kings Ridge ,Week5,215.0 Camelot - 187.0 Kings Ridge
Camelot,Week4,Fairfax Club Estates,Week1,220.0 Camelot - 182.0 Fairfax Club Estates
Camelot,Week5,Highlands Swim,Week2,320.0 Highlands Swim - 82.0 Camelot
Broyhill Crest,Week5,Vienna Aquatic,Week1,390.0 Vienna Aquatic - 12.0 Broyhill Crest
Camelot,Week5,Kent Gardens,Week2,208.0 Kent Gardens - 194.0 Camelot
Camelot,Week2,Broyhill Crest,Week5,290.0 Camelot - 111.0 Broyhill Crest
Burke Station,Week4,Springfield,Week5,302.0 Burke Station - 79.0 Springfield
Broyhill Crest,Week4,Vienna Aquatic,Week1,392.0 Vienna Aquatic - 10.0 Broyhill Crest
Burke Station,Week4,Dowden Terrace,Week3,273.0 Dowden Terrace - 129.0 Burke Station
Camelot,Week5,Kent Gardens,Week3,211.0 Kent Gardens - 191.0 Camelot
Camelot,Week2,Fairfax Club Estates,Week2,236.0 Camelot - 165.0 Fairfax Club Estates
Burke Station,Week5,Hunter Mill,Week2,273.0 Hunter Mill - 129.0 Burke Station
Camelot,Week3,Rolling Valley,Week5,247.0 Camelot - 155.0 Rolling Valley
Broyhill Crest,Week5,Tuckahoe,Week3,393.0 Tuckahoe - 9.0 Broyhill Crest
Camelot,Week4,Rolling Valley,Week2,259.0 Camelot - 143.0 Rolling Valley
Camelot,Week1,Kings Ridge ,Week4,214.0 Camelot - 188.0 Kings Ridge
Camelot,Week5,Broyhill Crest,Week5,313.0 Camelot - 88.0 Broyhill Crest
Burke Station,Week5,Hunter Mill,Week4,289.0 Hunter Mill - 113.0 Burke Station
Camelot,Week1,Fairfax Club Estates,Week4,226.0 Camelot - 176.0 Fairfax Club Estates
Burke Station,Week2,Stratford,Week3,227.0 Stratford - 174.0 Burke Station
Camelot,Week1,Hollin Hills,Week1,262.0 Camelot - 139.0 Hollin Hills
Camelot,Week2,Rolling Valley,Week4,241.0 Camelot - 161.0 Rolling Valley
Burke Station,Week5,Springfield,Week4,301.0 Burke Station - 85.0 Springfield
Camelot,Week2,Rutherford,Week4,212.0 Camelot - 190.0 Rutherford
Burke Station,Week1,Dowden Terrace,Week5,264.0 Dowden Terrace - 115.0 Burke Station
Burke Station,Week5,Springfield,Week5,317.0 Burke Station - 71.0 Springfield
Burke Station,Week3,Stratford,Week1,219.0 Burke Station - 177.0 Stratford
Burke Station,Week5,Hunter Mill,Week3,289.0 Hunter Mill - 113.0 Burke Station
Burke Station,Week5,Dowden Terrace,Week3,242.0 Dowden Terrace - 160.0 Burke Station
Burke Station,Week5,Hunter Mill,Week1,278.0 Hunter Mill - 119.0 Burke Station
Broyhill Crest,Week1,Vienna Aquatic,Week5,389.0 Vienna Aquatic - 8.0 Broyhill Crest
Burke Station,Week5,Dowden Terrace,Week5,279.0 Dowden Terrace - 123.0 Burke Station
Camelot,Week4,Hollin Hills,Week2,259.0 Camelot - 142.0 Hollin Hills
Camelot,Week4,Fairfax Club Estates,Week2,234.0 Camelot - 168.0 Fairfax Club Estates
Broyhill Crest,Week3,Vienna Aquatic,Week4,391.0 Vienna Aquatic - 10.0 Broyhill Crest
Camelot,Week3,Rolling Valley,Week4,248.0 Camelot - 154.0 Rolling Valley
Burke Station,Week3,Hiddenbrook,Week3,228.0 Hiddenbrook - 168.0 Burke Station
Burke Station,Week5,Hiddenbrook,Week1,201.0 Burke Station - 200.0 Hiddenbrook
Camelot,Week2,Kings Ridge ,Week2,242.0 Camelot - 160.0 Kings Ridge
Camelot,Week1,Fairfax Club Estates,Week5,225.0 Camelot - 176.0 Fairfax Club Estates
Camelot,Week2,Hollin Hills,Week1,258.0 Camelot - 144.0 Hollin Hills
Camelot,Week3,Burke Station,Week2,251.5 Camelot - 145.5 Burke Station
Camelot,Week2,Kings Ridge ,Week4,224.0 Camelot - 178.0 Kings Ridge
Burke Station,Week3,Stratford,Week2,197.0 Stratford - 195.0 Burke Station
Camelot,Week5,Rolling Valley,Week1,292.0 Camelot - 110.0 Rolling Valley
Burke Station,Week3,Stratford,Week4,222.0 Stratford - 174.0 Burke Station
Burke Station,Week5,Hiddenbrook,Week3,228.0 Hiddenbrook - 169.0 Burke Station
Burke Station,Week4,Dowden Terrace,Week1,273.0 Dowden Terrace - 128.0 Burke Station
Camelot,Week2,Burke Station,Week5,225.0 Camelot - 176.0 Burke Station
Camelot,Week5,Rolling Valley,Week3,269.0 Camelot - 133.0 Rolling Valley
Camelot,Week5,Hollin Hills,Week4,266.0 Camelot - 135.0 Hollin Hills
Camelot,Week2,Fairfax Club Estates,Week5,215.0 Camelot - 183.0 Fairfax Club Estates
Burke Station,Week2,High Point Pool,Week1,302.0 High Point Pool - 100.0 Burke Station
Camelot,Week5,Kent Gardens,Week5,247.0 Kent Gardens - 155.0 Camelot
Camelot,Week2,Hollin Hills,Week2,268.0 Camelot - 133.0 Hollin Hills
Camelot,Week2,Burke Station,Week2,250.0 Camelot - 147.0 Burke Station
Camelot,Week3,Kings Ridge ,Week2,262.0 Camelot - 140.0 Kings Ridge
Camelot,Week3,Broyhill Crest,Week5,293.0 Camelot - 107.0 Broyhill Crest
Burke Station,Week3,Dowden Terrace,Week4,273.0 Dowden Terrace - 119.0 Burke Station
Burke Station,Week2,Stratford,Week1,214.0 Stratford - 184.0 Burke Station
Burke Station,Week5,Dunn Loring,Week2,323.0 Dunn Loring - 79.0 Burke Station
Broyhill Crest,Week4,Vienna Aquatic,Week2,389.0 Vienna Aquatic - 13.0 Broyhill Crest
Broyhill Crest,Week3,Vienna Aquatic,Week5,392.0 Vienna Aquatic - 9.0 Broyhill Crest
Broyhill Crest,Week2,Vienna Aquatic,Week1,394.0 Vienna Aquatic - 8.0 Broyhill Crest
Camelot,Week3,Fairfax Club Estates,Week5,202.0 Camelot - 196.0 Fairfax Club Estates
Camelot,Week5,Rolling Valley,Week2,272.0 Camelot - 130.0 Rolling Valley
Camelot,Week5,Fairfax,Week5,302.0 Fairfax - 100.0 Camelot
Camelot,Week1,Hollin Hills,Week5,249.0 Camelot - 149.0 Hollin Hills
Burke Station,Week2,Dowden Terrace,Week5,306.0 Dowden Terrace - 96.0 Burke Station
Camelot,Week4,Kings Ridge ,Week1,244.5 Camelot - 157.5 Kings Ridge
Broyhill Crest,Week4,Vienna Aquatic,Week5,388.0 Vienna Aquatic - 12.0 Broyhill Crest
Burke Station,Week4,Springfield,Week2,291.0 Burke Station - 87.0 Springfield
Burke Station,Week1,Stratford,Week2,191.5 Burke Station - 186.5 Stratford
Camelot,Week2,Rutherford,Week5,204.0 Camelot - 197.0 Rutherford
Camelot,Week3,Hollin Hills,Week5,262.0 Camelot - 139.0 Hollin Hills
Burke Station,Week3,High Point Pool,Week1,264.0 High Point Pool - 132.0 Burke Station
Camelot,Week2,Broyhill Crest,Week4,294.5 Camelot - 105.5 Broyhill Crest
Camelot,Week5,Fairfax,Week4,274.0 Fairfax - 128.0 Camelot
Broyhill Crest,Week5,Vienna Aquatic,Week2,381.0 Vienna Aquatic - 21.0 Broyhill Crest
Camelot,Week3,Hollin Hills,Week2,269.0 Camelot - 132.0 Hollin Hills
Camelot,Week4,Broyhill Crest,Week5,301.0 Camelot - 101.0 Broyhill Crest
Camelot,Week2,Fairfax Club Estates,Week1,222.0 Camelot - 180.0 Fairfax Club Estates
Camelot,Week4,Hollin Hills,Week4,258.0 Camelot - 144.0 Hollin Hills
Camelot,Week5,Kings Ridge ,Week2,248.0 Camelot - 153.0 Kings Ridge
Burke Station,Week4,Stratford,Week1,202.0 Burke Station - 199.0 Stratford
Burke Station,Week3,High Point Pool,Week3,285.0 High Point Pool - 112.0 Burke Station
Camelot,Week1,Rutherford,Week2,227.0 Camelot - 175.0 Rutherford
Camelot,Week1,Fairfax Club Estates,Week1,221.0 Camelot - 181.0 Fairfax Club Estates
Broyhill Crest,Week2,Vienna Aquatic,Week5,393.0 Vienna Aquatic - 7.0 Broyhill Crest
Camelot,Week1,Rutherford,Week1,256.0 Camelot - 145.0 Rutherford
Burke Station,Week5,Hiddenbrook,Week2,206.0 Burke Station - 189.0 Hiddenbrook
Burke Station,Week3,Dowden Terrace,Week1,240.0 Dowden Terrace - 152.0 Burke Station
Burke Station,Week5,Dowden Terrace,Week4,262.0 Dowden Terrace - 135.0 Burke Station
Camelot,Week3,Kings Ridge ,Week4,241.0 Camelot - 161.0 Kings Ridge
Burke Station,Week4,Dowden Terrace,Week2,277.5 Dowden Terrace - 124.5 Burke Station
Camelot,Week3,Burke Station,Week3,210.0 Camelot - 186.0 Burke Station
Burke Station,Week1,High Point Pool,Week3,252.0 High Point Pool - 127.0 Burke Station
Camelot,Week3,Rolling Valley,Week2,259.0 Camelot - 143.0 Rolling Valley
Broyhill Crest,Week2,Vienna Aquatic,Week2,396.0 Vienna Aquatic - 6.0 Broyhill Crest
Burke Station,Week4,Springfield,Week3,294.0 Burke Station - 83.0 Springfield
Burke Station,Week4,High Point Pool,Week2,322.0 High Point Pool - 80.0 Burke Station
Camelot,Week2,Kings Ridge ,Week5,219.0 Camelot - 183.0 Kings Ridge
Camelot,Week4,Rolling Valley,Week4,254.0 Camelot - 148.0 Rolling Valley
Broyhill Crest,Week2,Vienna Aquatic,Week3,399.0 Vienna Aquatic - 3.0 Broyhill Crest
Broyhill Crest,Week5,Tuckahoe,Week4,397.0 Tuckahoe - 5.0 Broyhill Crest
Burke Station,Week5,High Point Pool,Week2,295.0 High Point Pool - 107.0 Burke Station
Camelot,Week3,Hollin Hills,Week4,261.0 Camelot - 139.0 Hollin Hills
Camelot,Week3,Kings Ridge ,Week3,242.0 Camelot - 160.0 Kings Ridge
Burke Station,Week1,Dunn Loring,Week4,295.0 Dunn Loring - 83.0 Burke Station
Camelot,Week5,Highlands Swim,Week5,302.0 Highlands Swim - 100.0 Camelot
Burke Station,Week3,High Point Pool,Week5,285.0 High Point Pool - 112.0 Burke Station
Camelot,Week3,Fairfax Club Estates,Week3,211.0 Camelot - 189.0 Fairfax Club Estates
Camelot,Week5,Kent Gardens,Week4,226.0 Kent Gardens - 176.0 Camelot
Camelot,Week1,Kings Ridge ,Week1,256.0 Camelot - 146.0 Kings Ridge
Camelot,Week2,Rolling Valley,Week3,249.0 Camelot - 152.0 Rolling Valley
Camelot,Week3,Fairfax Station,Week3,278.0 Fairfax Station - 124.0 Camelot
Camelot,Week1,Fairfax Club Estates,Week3,239.0 Camelot - 163.0 Fairfax Club Estates
Burke Station,Week1,Dunn Loring,Week2,307.5 Dunn Loring - 71.5 Burke Station
Camelot,Week1,Burke Station,Week3,228.0 Camelot - 164.0 Burke Station
Burke Station,Week1,Stratford,Week1,209.0 Burke Station - 166.0 Stratford
Camelot,Week5,Rolling Valley,Week5,256.5 Camelot - 145.5 Rolling Valley
Camelot,Week2,Burke Station,Week3,231.0 Camelot - 161.0 Burke Station
Burke Station,Week5,Springfield,Week3,309.0 Burke Station - 66.0 Springfield
Burke Station,Week4,High Point Pool,Week4,305.0 High Point Pool - 97.0 Burke Station
Burke Station,Week1,Dunn Loring,Week3,312.0 Dunn Loring - 67.0 Burke Station
Camelot,Week4,Hollin Hills,Week1,256.0 Camelot - 146.0 Hollin Hills
Broyhill Crest,Week1,Vienna Aquatic,Week1,394.0 Vienna Aquatic - 8.0 Broyhill Crest
Camelot,Week3,Kings Ridge ,Week1,265.0 Camelot - 137.0 Kings Ridge
Burke Station,Week5,Springfield,Week1,301.0 Burke Station - 83.0 Springfield
Camelot,Week3,Fairfax Station,Week1,275.0 Fairfax Station - 127.0 Camelot
Camelot,Week5,Broyhill Crest,Week2,325.0 Camelot - 73.0 Broyhill Crest
Camelot,Week3,Burke Station,Week4,246.0 Camelot - 155.0 Burke Station
Burke Station,Week2,Dunn Loring,Week2,339.5 Dunn Loring - 62.5 Burke Station
Camelot,Week2,Rolling Valley,Week2,252.0 Camelot - 150.0 Rolling Valley
Broyhill Crest,Week2,Vienna Aquatic,Week4,391.0 Vienna Aquatic - 10.0 Broyhill Crest
Burke Station,Week2,Stratford,Week4,254.0 Stratford - 147.0 Burke Station
Camelot,Week4,Highlands Swim,Week5,314.0 Highlands Swim - 88.0 Camelot
Burke Station,Week1,Stratford,Week3,199.0 Stratford - 179.0 Burke Station
Burke Station,Week2,Stratford,Week5,237.0 Stratford - 163.0 Burke Station
Burke Station,Week2,Dunn Loring,Week4,349.0 Dunn Loring - 52.0 Burke Station
Camelot,Week4,Broyhill Crest,Week4,314.0 Camelot - 88.0 Broyhill Crest
Camelot,Week1,Hollin Hills,Week2,254.0 Camelot - 143.0 Hollin Hills
Camelot,Week2,Kings Ridge ,Week3,234.0 Camelot - 168.0 Kings Ridge
Camelot,Week1,Rutherford,Week3,215.0 Camelot - 187.0 Rutherford
Camelot,Week5,Fairfax Club Estates,Week2,225.0 Camelot - 176.0 Fairfax Club Estates
Broyhill Crest,Week3,Vienna Aquatic,Week2,392.0 Vienna Aquatic - 10.0 Broyhill Crest
Burke Station,Week3,Hiddenbrook,Week1,208.0 Hiddenbrook - 188.0 Burke Station
Camelot,Week4,Rolling Valley,Week3,257.0 Camelot - 145.0 Rolling Valley
Camelot,Week5,Broyhill Crest,Week4,318.0 Camelot - 80.0 Broyhill Crest
Broyhill Crest,Week5,Vienna Aquatic,Week3,386.5 Vienna Aquatic - 15.5 Broyhill Crest
Camelot,Week3,Kings Ridge ,Week5,227.0 Camelot - 175.0 Kings Ridge
Camelot,Week4,Broyhill Crest,Week1,305.0 Camelot - 96.0 Broyhill Crest
Camelot,Week5,Rolling Valley,Week4,264.0 Camelot - 138.0 Rolling Valley
Camelot,Week2,Fairfax Club Estates,Week4,211.0 Camelot - 190.0 Fairfax Club Estates
Burke Station,Week4,Hiddenbrook,Week1,235.0 Hiddenbrook - 167.0 Burke Station
Camelot,Week4,Fairfax Club Estates,Week3,225.0 Camelot - 177.0 Fairfax Club Estates
Camelot,Week3,Hollin Hills,Week3,259.0 Camelot - 143.0 Hollin Hills
Burke Station,Week2,Dunn Loring,Week3,351.0 Dunn Loring - 51.0 Burke Station
Camelot,Week3,Broyhill Crest,Week4,309.0 Camelot - 89.0 Broyhill Crest
Burke Station,Week3,Stratford,Week5,208.0 Stratford - 185.0 Burke Station
Camelot,Week2,Hollin Hills,Week3,255.0 Camelot - 147.0 Hollin Hills
Camelot,Week1,Kings Ridge ,Week2,252.0 Camelot - 150.0 Kings Ridge
Camelot,Week2,Fairfax Club Estates,Week3,223.0 Camelot - 178.0 Fairfax Club Estates
Broyhill Crest,Week1,Vienna Aquatic,Week2,390.0 Vienna Aquatic - 12.0 Broyhill Crest
Burke Station,Week2,Dunn Loring,Week1,331.0 Dunn Loring - 71.0 Burke Station
Burke Station,Week4,Hiddenbrook,Week3,256.0 Hiddenbrook - 145.0 Burke Station
Camelot,Week1,Fairfax Club Estates,Week2,220.0 Camelot - 182.0 Fairfax Club Estates
Camelot,Week3,Rolling Valley,Week1,286.0 Camelot - 116.0 Rolling Valley
Burke Station,Week4,Dunn Loring,Week2,332.0 Dunn Loring - 70.0 Burke Station
Burke Station,Week1,High Point Pool,Week2,266.0 High Point Pool - 112.0 Burke Station
Camelot,Week5,Highlands Swim,Week1,307.0 Highlands Swim - 95.0 Camelot
Burke Station,Week1,Stratford,Week5,205.0 Stratford - 173.0 Burke Station
Burke Station,Week5,Hiddenbrook,Week4,228.0 Hiddenbrook - 174.0 Burke Station
Camelot,Week5,Kings Ridge ,Week3,246.0 Camelot - 156.0 Kings Ridge
Camelot,Week4,Hollin Hills,Week3,253.0 Camelot - 149.0 Hollin Hills
Burke Station,Week1,High Point Pool,Week4,250.0 High Point Pool - 129.0 Burke Station
Burke Station,Week4,Stratford,Week3,245.0 Stratford - 157.0 Burke Station
Camelot,Week1,Burke Station,Week5,220.0 Camelot - 181.0 Burke Station
Camelot,Week4,Kings Ridge ,Week3,244.0 Camelot - 158.0 Kings Ridge
Camelot,Week2,Rutherford,Week1,236.0 Camelot - 165.0 Rutherford
Camelot,Week5,Fairfax Club Estates,Week4,214.0 Camelot - 188.0 Fairfax Club Estates
Burke Station,Week5,Dowden Terrace,Week2,246.0 Dowden Terrace - 156.0 Burke Station
Camelot,Week1,Hollin Hills,Week4,264.0 Camelot - 135.0 Hollin Hills
Burke Station,Week1,Stratford,Week4,209.0 Stratford - 169.0 Burke Station
Burke Station,Week1,Dunn Loring,Week5,298.0 Dunn Loring - 80.0 Burke Station
Camelot,Week5,Fairfax Club Estates,Week3,219.0 Camelot - 182.0 Fairfax Club Estates
Burke Station,Week4,Hiddenbrook,Week5,264.0 Hiddenbrook - 138.0 Burke Station
Camelot,Week1,Rutherford,Week5,215.0 Camelot - 187.0 Rutherford
Broyhill Crest,Week3,Vienna Aquatic,Week3,393.0 Vienna Aquatic - 9.0 Broyhill Crest
Burke Station,Week3,Dunn Loring,Week3,338.5 Dunn Loring - 58.5 Burke Station
Camelot,Week3,Broyhill Crest,Week2,327.0 Camelot - 71.0 Broyhill Crest
Camelot,Week2,Rolling Valley,Week5,230.0 Camelot - 172.0 Rolling Valley
Camelot,Week4,Kings Ridge ,Week5,231.0 Camelot - 171.0 Kings Ridge
Camelot,Week4,Kings Ridge ,Week2,249.0 Camelot - 153.0 Kings Ridge
Camelot,Week3,Broyhill Crest,Week1,307.0 Camelot - 90.0 Broyhill Crest
Burke Station,Week4,Springfield,Week4,272.0 Burke Station - 110.0 Springfield
Camelot,Week4,Highlands Swim,Week4,310.0 Highlands Swim - 92.0 Camelot
Camelot,Week4,Highlands Swim,Week1,308.0 Highlands Swim - 94.0 Camelot
Burke Station,Week2,Hiddenbrook,Week5,257.0 Hiddenbrook - 144.0 Burke Station
Camelot,Week4,Broyhill Crest,Week3,327.5 Camelot - 74.5 Broyhill Crest
Burke Station,Week3,Dunn Loring,Week5,324.0 Dunn Loring - 73.0 Burke Station
Burke Station,Week1,High Point Pool,Week5,265.0 High Point Pool - 113.0 Burke Station
Burke Station,Week3,Dunn Loring,Week1,300.0 Dunn Loring - 97.0 Burke Station
Camelot,Week2,Rutherford,Week2,223.0 Camelot - 178.0 Rutherford
Burke Station,Week4,Dunn Loring,Week3,344.0 Dunn Loring - 58.0 Burke Station
Burke Station,Week2,Sully Station,Week2,294.0 Sully Station - 103.0 Burke Station
Camelot,Week1,Rutherford,Week4,209.5 Camelot - 191.5 Rutherford
Camelot,Week5,Lake Braddock,Week3,249.5 Camelot - 151.5 Lake Braddock
Camelot,Week5,Broyhill Crest,Week3,332.0 Camelot - 66.0 Broyhill Crest
Burke Station,Week4,Dunn Loring,Week4,341.0 Dunn Loring - 61.0 Burke Station
Camelot,Week1,Fairfax Station,Week1,279.0 Fairfax Station - 123.0 Camelot
Burke Station,Week4,Stratford,Week2,227.0 Stratford - 170.0 Burke Station
Camelot,Week2,Lake Braddock,Week2,236.0 Camelot - 166.0 Lake Braddock
Camelot,Week2,Burke Station,Week1,224.0 Camelot - 150.0 Burke Station
Burke Station,Week3,Hiddenbrook,Week2,206.0 Burke Station - 185.0 Hiddenbrook
Burke Station,Week4,Stratford,Week5,236.0 Stratford - 165.0 Burke Station
Camelot,Week4,Fairfax Club Estates,Week5,217.0 Camelot - 184.0 Fairfax Club Estates
Burke Station,Week2,Sully Station,Week1,302.0 Sully Station - 99.0 Burke Station
Burke Station,Week3,Hiddenbrook,Week5,223.0 Hiddenbrook - 174.0 Burke Station
Camelot,Week3,Fairfax Club Estates,Week4,208.0 Fairfax Club Estates - 193.0 Camelot
Camelot,Week2,Rutherford,Week3,211.0 Camelot - 190.0 Rutherford
Burke Station,Week1,High Point Pool,Week1,243.0 High Point Pool - 136.0 Burke Station
Camelot,Week3,Rolling Valley,Week3,246.0 Camelot - 156.0 Rolling Valley
Camelot,Week1,Lakevale Estates,Week4,303.0 Lakevale Estates - 99.0 Camelot
Camelot,Week3,Fairfax Club Estates,Week1,209.0 Camelot - 192.0 Fairfax Club Estates
Camelot,Week3,Hollin Hills,Week1,266.0 Camelot - 136.0 Hollin Hills
Camelot,Week5,Kings Ridge ,Week5,231.0 Camelot - 171.0 Kings Ridge
Camelot,Week2,Hollin Hills,Week5,250.0 Camelot - 151.0 Hollin Hills
Camelot,Week4,Highlands Swim,Week2,308.0 Highlands Swim - 94.0 Camelot
Camelot,Week5,Highlands Swim,Week4,310.0 Highlands Swim - 92.0 Camelot
Camelot,Week1,Burke Station,Week4,267.0 Camelot - 134.0 Burke Station
Camelot,Week3,Burke Station,Week1,213.0 Camelot - 162.0 Burke Station
Burke Station,Week2,Stratford,Week2,237.0 Stratford - 159.0 Burke Station
Camelot,Week4,Rolling Valley,Week5,247.0 Camelot - 155.0 Rolling Valley
Burke Station,Week3,Dunn Loring,Week2,336.0 Dunn Loring - 61.0 Burke Station
Camelot,Week3,Fairfax Club Estates,Week2,221.0 Camelot - 179.0 Fairfax Club Estates
Camelot,Week3,Rutherford,Week2,229.5 Camelot - 171.5 Rutherford
Camelot,Week2,Hollin Hills,Week4,264.0 Camelot - 136.0 Hollin Hills
Burke Station,Week4,Hiddenbrook,Week2,216.0 Hiddenbrook - 180.0 Burke Station
Camelot,Week5,Lake Braddock,Week1,278.0 Camelot - 124.0 Lake Braddock
Burke Station,Week4,Hiddenbrook,Week4,244.0 Hiddenbrook - 157.0 Burke Station
Camelot,Week3,Camelot,Week3,200.0 Camelot (CCC1) - 200.0 Camelot (CCC2)
Burke Station,Week3,Dunn Loring,Week4,336.0 Dunn Loring - 61.0 Burke Station
Camelot,Week1,Fairfax Station,Week2,278.0 Fairfax Station - 124.0 Camelot
Camelot,Week4,Burke Station,Week4,268.0 Camelot - 134.0 Burke Station
Burke Station,Week3,Hiddenbrook,Week4,226.0 Hiddenbrook - 171.0 Burke Station
Burke Station,Week5,Dunn Loring,Week1,298.0 Dunn Loring - 104.0 Burke Station
Burke Station,Week4,Sully Station,Week4,293.0 Sully Station - 109.0 Burke Station
Camelot,Week2,Lake Braddock,Week5,224.0 Camelot - 178.0 Lake Braddock
Burke Station,Week5,Hiddenbrook,Week5,232.0 Hiddenbrook - 170.0 Burke Station
Burke Station,Week5,Sully Station,Week5,293.0 Sully Station - 109.0 Burke Station
Camelot,Week3,Rutherford,Week1,239.0 Camelot - 162.0 Rutherford
Camelot,Week4,Camelot,Week2,201.0 Camelot (CCC1) - 201.0 Camelot (CCC2)
Burke Station,Week4,Dunn Loring,Week1,312.0 Dunn Loring - 90.0 Burke Station
Camelot,Week1,Hollin Hills,Week3,254.0 Camelot - 147.0 Hollin Hills
Burke Station,Week2,Dunn Loring,Week5,347.0 Dunn Loring - 54.0 Burke Station
Camelot,Week2,Lake Braddock,Week4,232.0 Camelot - 170.0 Lake Braddock
Camelot,Week5,Highlands Swim,Week3,302.0 Highlands Swim - 100.0 Camelot
Camelot,Week5,Burke Station,Week2,268.0 Camelot - 133.0 Burke Station
Camelot,Week5,Fairfax Club Estates,Week5,217.0 Camelot - 185.0 Fairfax Club Estates
Camelot,Week3,Rutherford,Week3,201.0 Rutherford - 200.0 Camelot
Camelot,Week1,Fairfax Station,Week3,286.0 Fairfax Station - 116.0 Camelot
Camelot,Week1,Lake Braddock,Week5,230.0 Camelot - 172.0 Lake Braddock
Camelot,Week4,Fairfax Club Estates,Week4,214.0 Camelot - 188.0 Fairfax Club Estates
Burke Station,Week5,Sully Station,Week3,268.0 Sully Station - 134.0 Burke Station
Camelot,Week4,Hollin Hills,Week5,257.0 Camelot - 143.0 Hollin Hills
Camelot,Week4,Lake Braddock,Week3,242.0 Camelot - 160.0 Lake Braddock
Burke Station,Week2,High Point Pool,Week5,310.0 High Point Pool - 90.0 Burke Station
Burke Station,Week1,Fair Oaks ,Week2,239.0 Fair Oaks - 139.0 Burke Station
Burke Station,Week4,Dunn Loring,Week5,334.0 Dunn Loring - 68.0 Burke Station
Camelot,Week2,Fairfax Station,Week1,255.0 Fairfax Station - 147.0 Camelot
Camelot,Week2,Fairfax Station,Week3,273.0 Fairfax Station - 129.0 Camelot
Burke Station,Week5,Stratford,Week5,205.0 Stratford - 196.0 Burke Station
Camelot,Week1,Fairfax Station,Week4,269.5 Fairfax Station - 132.5 Camelot
Burke Station,Week2,High Point Pool,Week2,313.0 High Point Pool - 88.0 Burke Station
Camelot,Week5,Lake Braddock,Week2,256.0 Camelot - 145.0 Lake Braddock
Camelot,Week3,Rutherford,Week4,206.0 Camelot - 196.0 Rutherford
Camelot,Week2,Hollin Meadows,Week2,214.0 Hollin Meadows - 188.0 Camelot
Camelot,Week5,Hollin Hills,Week2,265.0 Camelot - 137.0 Hollin Hills
Camelot,Week3,Rutherford,Week5,214.0 Rutherford - 187.0 Camelot
Camelot,Week1,Oakton ,Week2,289.0 Oakton - 113.0 Camelot
Camelot,Week5,Burke Station,Week4,277.0 Camelot - 124.0 Burke Station
Burke Station,Week2,Sully Station,Week4,311.5 Sully Station - 90.5 Burke Station
Camelot,Week5,Lake Braddock,Week4,259.0 Camelot - 143.0 Lake Braddock
Burke Station,Week2,High Point Pool,Week3,314.0 High Point Pool - 88.0 Burke Station
Camelot,Week4,Lake Braddock,Week1,255.0 Camelot - 147.0 Lake Braddock
Camelot,Week5,Hollin Hills,Week1,265.0 Camelot - 136.0 Hollin Hills
Camelot,Week3,Camelot,Week1,206.0 Camelot (CCC1) - 196.0 Camelot (CCC2)
Camelot,Week2,Fairfax Station,Week2,253.0 Fairfax Station - 149.0 Camelot
Camelot,Week4,Rutherford,Week1,244.0 Camelot - 158.0 Rutherford
Camelot,Week2,Camelot,Week3,211.0 Camelot (CCC1) - 190.0 Camelot (CCC2)
Burke Station,Week5,Stratford,Week4,222.0 Stratford - 180.0 Burke Station
Burke Station,Week5,Dunn Loring,Week4,324.0 Dunn Loring - 78.0 Burke Station
Camelot,Week5,Hollin Hills,Week3,258.0 Camelot - 144.0 Hollin Hills
Burke Station,Week1,Sully Station II,Week2,269.0 Sully Station II - 110.0 Burke Station
Camelot,Week5,Burke Station,Week5,244.0 Camelot - 158.0 Burke Station
Burke Station,Week5,Dunn Loring,Week5,325.0 Dunn Loring - 77.0 Burke Station
Camelot,Week1,Fairfax Station,Week5,294.0 Fairfax Station - 108.0 Camelot
Camelot,Week2,North Springfield,Week2,260.0 Camelot - 126.0 North Springfield
Burke Station,Week5,Stratford,Week3,203.0 Stratford - 199.0 Burke Station
Camelot,Week2,Oakton ,Week4,273.0 Oakton - 129.0 Camelot
Camelot,Week5,Hollin Meadows,Week4,217.0 Hollin Meadows - 185.0 Camelot
Broyhill Crest,Week4,Villa Aquatic,Week5,356.0 Villa Aquatic - 46.0 Broyhill Crest
Camelot,Week3,Lake Braddock,Week2,236.0 Camelot - 166.0 Lake Braddock
Camelot,Week1,Lakevale Estates,Week1,266.0 Lakevale Estates - 136.0 Camelot
Camelot,Week5,Fairfax Club Estates,Week1,223.0 Camelot - 178.0 Fairfax Club Estates
Burke Station,Week3,High Point Pool,Week4,274.0 High Point Pool - 123.0 Burke Station
Camelot,Week2,Oakton ,Week2,287.0 Oakton - 115.0 Camelot
Camelot,Week1,Oakton ,Week4,274.0 Oakton - 128.0 Camelot
Camelot,Week2,Fairfax Station,Week4,260.0 Fairfax Station - 142.0 Camelot
Camelot,Week2,Fairfax Station,Week5,272.0 Fairfax Station - 130.0 Camelot
Burke Station,Week1,Fair Oaks ,Week3,259.0 Fair Oaks - 120.0 Burke Station
Burke Station,Week2,High Point Pool,Week4,307.0 High Point Pool - 95.0 Burke Station
Camelot,Week3,North Springfield,Week1,283.0 Camelot - 67.0 North Springfield
Camelot,Week3,Fairfax Station,Week2,277.0 Fairfax Station - 125.0 Camelot
Camelot,Week2,Lake Braddock,Week1,249.0 Camelot - 153.0 Lake Braddock
Burke Station,Week1,Fair Oaks ,Week5,269.0 Fair Oaks - 109.0 Burke Station
Camelot,Week5,Burke Station,Week1,236.0 Camelot - 143.0 Burke Station
Burke Station,Week3,Sully Station,Week3,272.0 Sully Station - 125.0 Burke Station
Camelot,Week2,Hollin Meadows,Week1,218.0 Hollin Meadows - 184.0 Camelot
Burke Station,Week3,Sully Station,Week1,282.0 Sully Station - 111.0 Burke Station
Camelot,Week1,Lake Braddock,Week3,239.0 Camelot - 163.0 Lake Braddock
Burke Station,Week1,Fair Oaks ,Week4,252.0 Fair Oaks - 126.0 Burke Station
Burke Station,Week2,Fair Oaks ,Week2,282.0 Fair Oaks - 119.0 Burke Station
Burke Station,Week4,High Point Pool,Week1,311.0 High Point Pool - 91.0 Burke Station
Burke Station,Week3,Sully Station,Week5,302.0 Sully Station - 95.0 Burke Station
Camelot,Week2,Camelot,Week1,230.0 Camelot (CCC1) - 172.0 Camelot (CCC2)
Camelot,Week1,Lake Braddock,Week2,236.0 Camelot - 166.0 Lake Braddock
Burke Station,Week2,Sully Station,Week5,320.0 Sully Station - 80.0 Burke Station
Burke Station,Week3,High Point Pool,Week2,295.0 High Point Pool - 102.0 Burke Station
Camelot,Week4,Burke Station,Week2,250.0 Camelot - 151.0 Burke Station
Camelot,Week4,Burke Station,Week5,232.0 Camelot - 170.0 Burke Station
Broyhill Crest,Week4,Villa Aquatic,Week4,349.0 Villa Aquatic - 53.0 Broyhill Crest
Burke Station,Week4,High Point Pool,Week3,301.0 High Point Pool - 101.0 Burke Station
Camelot,Week1,Hollin Meadows,Week5,237.0 Hollin Meadows - 165.0 Camelot
Camelot,Week1,Holmes Run Acres,Week4,228.0 Holmes Run Acres - 174.0 Camelot
Camelot,Week3,Hollin Meadows,Week2,223.0 Hollin Meadows - 179.0 Camelot
Camelot,Week3,Hollin Meadows,Week3,233.0 Hollin Meadows - 168.0 Camelot
Burke Station,Week2,Fair Oaks ,Week5,305.5 Fair Oaks - 95.5 Burke Station
Camelot,Week3,North Springfield,Week4,278.0 Camelot - 112.0 North Springfield
Camelot,Week4,Lake Braddock,Week4,241.0 Camelot - 161.0 Lake Braddock
Burke Station,Week5,High Point Pool,Week1,274.5 High Point Pool - 127.5 Burke Station
Burke Station,Week3,Highland Park,Week1,275.0 Highland Park - 122.0 Burke Station
Camelot,Week2,Hollin Meadows,Week3,220.0 Hollin Meadows - 182.0 Camelot
Broyhill Crest,Week2,Village West,Week4,297.0 Village West - 100.0 Broyhill Crest
Burke Station,Week4,High Point Pool,Week5,309.0 High Point Pool - 92.0 Burke Station
Broyhill Crest,Week4,Village West,Week2,277.0 Village West - 121.0 Broyhill Crest
Burke Station,Week5,Sully Station,Week1,282.0 Sully Station - 119.0 Burke Station
Camelot,Week3,Camelot,Week2,211.0 Camelot (CCC2) - 190.0 Camelot (CCC1)
Camelot,Week2,Lake Braddock,Week3,239.0 Camelot - 163.0 Lake Braddock
Burke Station,Week1,Sully Station,Week2,269.0 Sully Station - 110.0 Burke Station
Camelot,Week5,Fairfax Station,Week1,276.0 Fairfax Station - 126.0 Camelot
Camelot,Week3,North Springfield,Week3,275.0 Camelot - 119.0 North Springfield
Burke Station,Week5,Stratford,Week1,234.0 Burke Station - 167.0 Stratford
Broyhill Crest,Week5,Villa Aquatic,Week5,344.0 Villa Aquatic - 58.0 Broyhill Crest
Camelot,Week3,North Springfield,Week2,272.0 Camelot - 115.0 North Springfield
Camelot,Week3,Fairfax Station,Week5,282.0 Fairfax Station - 120.0 Camelot
Burke Station,Week2,Fair Oaks ,Week4,298.0 Fair Oaks - 103.0 Burke Station
Camelot,Week2,Camelot,Week4,201.0 Camelot (CCC1) - 201.0 Camelot (CCC2)
Camelot,Week5,Hollin Hills,Week5,250.0 Camelot - 150.0 Hollin Hills
Burke Station,Week2,Fair Oaks ,Week3,296.0 Fair Oaks - 106.0 Burke Station
Camelot,Week1,Camelot,Week2,230.0 Camelot (CCC2) - 172.0 Camelot (CCC1)
Camelot,Week3,Lake Braddock,Week1,249.0 Camelot - 153.0 Lake Braddock
Camelot,Week3,Burke Station,Week5,215.0 Camelot - 187.0 Burke Station
Broyhill Crest,Week3,Village West,Week2,287.0 Village West - 110.0 Broyhill Crest
Camelot,Week5,Fairfax Station,Week4,274.0 Fairfax Station - 128.0 Camelot
Broyhill Crest,Week5,Villa Aquatic,Week2,319.0 Villa Aquatic - 83.0 Broyhill Crest
Burke Station,Week1,Sully Station,Week5,289.5 Sully Station - 87.5 Burke Station
Camelot,Week5,Lake Braddock,Week5,246.0 Camelot - 155.0 Lake Braddock
Burke Station,Week5,Stratford,Week2,199.0 Burke Station - 198.0 Stratford
Burke Station,Week3,Fair Oaks ,Week1,288.0 Fair Oaks - 109.0 Burke Station
Camelot,Week1,Camelot,Week1,200.0 Camelot (CCC1) - 200.0 Camelot (CCC2)
Burke Station,Week2,Highland Park,Week5,301.0 Highland Park - 100.0 Burke Station
Burke Station,Week1,Fair Oaks ,Week1,271.0 Fair Oaks - 108.0 Burke Station
Burke Station,Week5,High Point Pool,Week3,290.0 High Point Pool - 112.0 Burke Station
Burke Station,Week1,Sully Station,Week3,272.0 Sully Station - 106.0 Burke Station
Camelot,Week2,North Springfield,Week1,263.0 Camelot - 84.0 North Springfield
Camelot,Week3,Lake Braddock,Week3,235.0 Camelot - 166.0 Lake Braddock
Burke Station,Week2,Langley,Week1,321.0 Langley - 81.0 Burke Station
Camelot,Week2,Hollin Meadows,Week5,225.0 Hollin Meadows - 177.0 Camelot
Burke Station,Week5,High Point Pool,Week4,284.0 High Point Pool - 118.0 Burke Station
Burke Station,Week3,Fair Oaks ,Week2,244.0 Fair Oaks - 152.0 Burke Station
Camelot,Week5,Fairfax Station,Week5,287.0 Fairfax Station - 115.0 Camelot
Burke Station,Week2,Highland Park,Week3,284.0 Highland Park - 117.0 Burke Station
Camelot,Week5,Burke Station,Week3,252.0 Camelot - 145.0 Burke Station
Burke Station,Week5,Dunn Loring,Week3,329.0 Dunn Loring - 73.0 Burke Station
Camelot,Week4,North Springfield,Week2,266.0 Camelot - 122.0 North Springfield
Broyhill Crest,Week3,Villa Aquatic,Week3,370.0 Villa Aquatic - 32.0 Broyhill Crest
Camelot,Week3,North Springfield,Week5,250.0 Camelot - 123.0 North Springfield
Burke Station,Week5,Sully Station,Week2,273.0 Sully Station - 124.0 Burke Station
Broyhill Crest,Week2,Village West,Week2,286.0 Village West - 112.0 Broyhill Crest
Camelot,Week4,Lake Braddock,Week5,237.0 Camelot - 165.0 Lake Braddock
Camelot,Week2,Camelot,Week5,204.0 Camelot (CCC2) - 198.0 Camelot (CCC1)
Camelot,Week1,Forest Hollow,Week5,256.0 Forest Hollow - 146.0 Camelot
Camelot,Week4,Fairfax Station,Week5,293.0 Fairfax Station - 109.0 Camelot
Camelot,Week4,Hollin Meadows,Week2,227.0 Hollin Meadows - 175.0 Camelot
Camelot,Week3,Hollin Meadows,Week4,238.0 Hollin Meadows - 164.0 Camelot
Camelot,Week1,Oakton ,Week5,285.0 Oakton - 117.0 Camelot
Burke Station,Week2,Fair Oaks ,Week1,295.0 Fair Oaks - 107.0 Burke Station
Camelot,Week1,Hollin Meadows,Week3,227.0 Hollin Meadows - 175.0 Camelot
Camelot,Week1,Lakevale Estates,Week3,282.0 Lakevale Estates - 120.0 Camelot
Burke Station,Week2,Sully Station,Week3,304.0 Sully Station - 97.0 Burke Station
Camelot,Week5,Fairfax Station,Week3,284.0 Fairfax Station - 118.0 Camelot
Burke Station,Week3,Langley,Week5,307.0 Langley - 90.0 Burke Station
Burke Station,Week4,Sully Station,Week1,298.0 Sully Station - 103.0 Burke Station
Camelot,Week4,Hollin Meadows,Week3,227.0 Hollin Meadows - 175.0 Camelot
Camelot,Week3,Lake Braddock,Week5,230.0 Camelot - 172.0 Lake Braddock
Camelot,Week3,Camelot,Week4,216.0 Camelot (CCC2) - 186.0 Camelot (CCC1)
Burke Station,Week3,Highland Park,Week4,283.0 Highland Park - 114.0 Burke Station
Camelot,Week1,Camelot,Week3,206.0 Camelot (CCC2) - 196.0 Camelot (CCC1)
Camelot,Week5,North Springfield,Week2,281.0 Camelot - 105.0 North Springfield
Broyhill Crest,Week3,Village West,Week3,309.0 Village West - 92.0 Broyhill Crest
Burke Station,Week1,Highland Park,Week4,271.0 Highland Park - 108.0 Burke Station
Camelot,Week4,Hollin Meadows,Week1,228.0 Hollin Meadows - 174.0 Camelot
Burke Station,Week1,Laurel Hill,Week3,209.0 Laurel Hill - 169.0 Burke Station
Camelot,Week5,North Springfield,Week4,287.0 Camelot - 102.0 North Springfield
Camelot,Week4,North Springfield,Week5,244.0 Camelot - 129.0 North Springfield
Broyhill Crest,Week5,Villa Aquatic,Week3,356.0 Villa Aquatic - 46.0 Broyhill Crest
Burke Station,Week1,Highland Park,Week5,267.0 Highland Park - 111.0 Burke Station
Camelot,Week3,Lake Braddock,Week4,239.0 Camelot - 163.0 Lake Braddock
Broyhill Crest,Week2,Village West,Week5,283.0 Village West - 118.0 Broyhill Crest
Camelot,Week4,Burke Station,Week1,231.0 Camelot - 147.0 Burke Station
Burke Station,Week2,Langley,Week2,299.5 Langley - 102.5 Burke Station
Burke Station,Week5,Dominion Hills,Week2,266.0 Dominion Hills - 136.0 Burke Station
Broyhill Crest,Week1,Virginia Hills,Week1,215.0 Virginia Hills - 183.0 Broyhill Crest
Burke Station,Week3,Sully Station,Week2,267.0 Sully Station - 125.0 Burke Station
Camelot,Week3,Fairfax Station,Week4,271.0 Fairfax Station - 131.0 Camelot
Camelot,Week4,Hollin Meadows,Week4,225.0 Hollin Meadows - 177.0 Camelot
Camelot,Week1,Camelot,Week4,218.0 Camelot (CCC2) - 184.0 Camelot (CCC1)
Camelot,Week4,Fairfax Station,Week1,278.0 Fairfax Station - 124.0 Camelot
Camelot,Week5,Fairfax Station,Week2,273.0 Fairfax Station - 129.0 Camelot
Burke Station,Week1,Laurel Hill,Week2,203.0 Burke Station - 174.0 Laurel Hill
Burke Station,Week2,Dominion Hills,Week4,312.0 Dominion Hills - 89.0 Burke Station
Burke Station,Week4,Highland Park,Week3,277.0 Highland Park - 125.0 Burke Station
Burke Station,Week2,Dominion Hills,Week5,314.0 Dominion Hills - 87.0 Burke Station
Camelot,Week1,Lake Braddock,Week4,244.0 Camelot - 158.0 Lake Braddock
Burke Station,Week4,Dominion Hills,Week1,277.0 Dominion Hills - 125.0 Burke Station
Burke Station,Week1,Sully Station,Week4,269.0 Sully Station - 110.0 Burke Station
Burke Station,Week1,Sully Station,Week1,277.0 Sully Station - 102.0 Burke Station
Camelot,Week2,Hollin Meadows,Week4,224.0 Hollin Meadows - 178.0 Camelot
Camelot,Week2,North Springfield,Week4,273.0 Camelot - 116.0 North Springfield
Burke Station,Week5,Highland Park,Week1,274.0 Highland Park - 128.0 Burke Station
Camelot,Week1,Lakevale Estates,Week5,298.5 Lakevale Estates - 103.5 Camelot
Burke Station,Week5,Langley,Week1,308.0 Langley - 94.0 Burke Station
Camelot,Week1,Forest Hollow,Week3,240.0 Forest Hollow - 162.0 Camelot
Camelot,Week4,North Springfield,Week3,267.0 Camelot - 130.0 North Springfield
Broyhill Crest,Week5,Village West,Week4,275.0 Village West - 121.0 Broyhill Crest
Burke Station,Week5,Highland Park,Week2,267.0 Highland Park - 135.0 Burke Station
Burke Station,Week4,Langley,Week1,326.0 Langley - 76.0 Burke Station
Camelot,Week5,Hollin Meadows,Week1,223.0 Hollin Meadows - 179.0 Camelot
Camelot,Week3,Camelot,Week5,218.0 Camelot (CCC2) - 183.0 Camelot (CCC1)
Burke Station,Week2,Langley,Week5,315.0 Langley - 87.0 Burke Station
Broyhill Crest,Week1,Village West,Week3,308.0 Village West - 92.0 Broyhill Crest
Camelot,Week1,North Springfield,Week5,261.0 Camelot - 112.0 North Springfield
Camelot,Week1,Camelot,Week5,226.0 Camelot (CCC2) - 176.0 Camelot (CCC1)
Camelot,Week1,Lakevale Estates,Week2,275.0 Lakevale Estates - 127.0 Camelot
Camelot,Week4,Fairfax Station,Week4,279.0 Fairfax Station - 123.0 Camelot
Burke Station,Week3,Dominion Hills,Week1,261.0 Dominion Hills - 136.0 Burke Station
Broyhill Crest,Week5,Villa Aquatic,Week4,337.0 Villa Aquatic - 65.0 Broyhill Crest
Burke Station,Week3,Dominion Hills,Week5,297.0 Dominion Hills - 98.0 Burke Station
Camelot,Week2,Forest Hollow,Week1,229.0 Forest Hollow - 173.0 Camelot
Burke Station,Week5,High Point Pool,Week5,290.0 High Point Pool - 112.0 Burke Station
Burke Station,Week3,Sully Station,Week4,286.0 Sully Station - 111.0 Burke Station
Camelot,Week2,Camelot,Week2,199.0 Camelot (CCC1) - 199.0 Camelot (CCC2)
Camelot,Week3,Hollin Meadows,Week5,245.0 Hollin Meadows - 157.0 Camelot
Camelot,Week4,Lake Braddock,Week2,237.0 Camelot - 165.0 Lake Braddock
Burke Station,Week2,Dominion Hills,Week1,281.0 Dominion Hills - 120.0 Burke Station
Camelot,Week2,Lakevale Estates,Week1,266.5 Lakevale Estates - 135.5 Camelot
Burke Station,Week4,Dominion Hills,Week3,276.0 Dominion Hills - 126.0 Burke Station
Broyhill Crest,Week4,Villa Aquatic,Week3,361.0 Villa Aquatic - 41.0 Broyhill Crest
Burke Station,Week4,Sully Station,Week5,306.0 Sully Station - 96.0 Burke Station
Camelot,Week5,Hollin Meadows,Week2,218.0 Hollin Meadows - 184.0 Camelot
Burke Station,Week5,Langley,Week2,299.0 Langley - 103.0 Burke Station
Burke Station,Week1,Highland Park,Week3,245.0 Highland Park - 133.0 Burke Station
Burke Station,Week4,Sully Station,Week2,279.0 Sully Station - 118.0 Burke Station
Camelot,Week5,Hollin Meadows,Week5,230.0 Hollin Meadows - 172.0 Camelot
Burke Station,Week3,Highland Park,Week5,271.0 Highland Park - 126.0 Burke Station
Burke Station,Week1,Highland Park,Week1,263.0 Highland Park - 115.0 Burke Station
Burke Station,Week1,Langley,Week2,269.0 Langley - 110.0 Burke Station
Camelot,Week5,North Springfield,Week1,287.0 Camelot - 62.0 North Springfield
Camelot,Week4,Fairfax Station,Week3,292.0 Fairfax Station - 110.0 Camelot
Camelot,Week4,Camelot,Week1,218.0 Camelot (CCC1) - 184.0 Camelot (CCC2)
Broyhill Crest,Week1,Village West,Week1,290.0 Village West - 111.0 Broyhill Crest
Camelot,Week5,Hollin Meadows,Week3,224.0 Hollin Meadows - 177.0 Camelot
Camelot,Week5,North Springfield,Week5,258.0 Camelot - 114.0 North Springfield
Camelot,Week2,Forest Hollow,Week4,227.0 Forest Hollow - 175.0 Camelot
Camelot,Week4,Camelot,Week5,205.0 Camelot (CCC1) - 197.0 Camelot (CCC2)
Burke Station,Week1,Langley,Week5,277.0 Langley - 102.0 Burke Station
Burke Station,Week1,Donaldson Run,Week4,311.0 Donaldson Run - 68.0 Burke Station
Camelot,Week4,Burke Station,Week3,239.0 Camelot - 157.0 Burke Station
Camelot,Week2,Lakevale Estates,Week2,256.0 Lakevale Estates - 146.0 Camelot
Camelot,Week4,North Springfield,Week4,275.0 Camelot - 117.0 North Springfield
Broyhill Crest,Week3,Villa Aquatic,Week5,370.0 Villa Aquatic - 32.0 Broyhill Crest
Burke Station,Week4,Sully Station,Week3,292.0 Sully Station - 110.0 Burke Station
Burke Station,Week5,Sully Station,Week4,284.0 Sully Station - 118.0 Burke Station
Camelot,Week2,Forest Hollow,Week3,238.0 Forest Hollow - 164.0 Camelot
Camelot,Week2,Lakevale Estates,Week3,263.0 Lakevale Estates - 139.0 Camelot
Burke Station,Week1,Sully Station II,Week1,251.0 Sully Station II - 128.0 Burke Station
Broyhill Crest,Week1,Village West,Week4,299.0 Village West - 97.0 Broyhill Crest
Camelot,Week4,Lakevale Estates,Week1,278.0 Lakevale Estates - 124.0 Camelot
Burke Station,Week4,Donaldson Run,Week1,338.0 Donaldson Run - 64.0 Burke Station
Camelot,Week2,Forest Hollow,Week2,216.0 Forest Hollow - 186.0 Camelot
Burke Station,Week3,Langley,Week1,305.0 Langley - 91.0 Burke Station
Camelot,Week1,Hollin Meadows,Week1,238.0 Hollin Meadows - 164.0 Camelot
Burke Station,Week5,Dominion Hills,Week4,274.0 Dominion Hills - 123.0 Burke Station
Camelot,Week5,North Springfield,Week3,284.0 Camelot - 110.0 North Springfield
Camelot,Week2,Lakevale Estates,Week5,290.0 Lakevale Estates - 112.0 Camelot
Burke Station,Week3,Langley,Week4,317.0 Langley - 79.0 Burke Station
Camelot,Week4,Hollin Meadows,Week5,239.0 Hollin Meadows - 163.0 Camelot
Camelot,Week4,Fairfax Station,Week2,281.0 Fairfax Station - 121.0 Camelot
Burke Station,Week2,Langley,Week4,326.0 Langley - 76.0 Burke Station
Burke Station,Week5,Highland Park,Week3,265.0 Highland Park - 137.0 Burke Station
Burke Station,Week1,Highland Park,Week2,261.0 Highland Park - 118.0 Burke Station
Camelot,Week1,Holmes Run Acres,Week2,216.0 Holmes Run Acres - 186.0 Camelot
Camelot,Week2,Lakevale Estates,Week4,296.0 Lakevale Estates - 106.0 Camelot
Camelot,Week2,North Springfield,Week5,242.0 Camelot - 130.0 North Springfield
Camelot,Week1,Forest Hollow,Week4,237.0 Forest Hollow - 165.0 Camelot
Camelot,Week3,Canterbury Woods,Week2,222.0 Camelot - 179.0 Canterbury Woods
Camelot,Week4,Canterbury Woods,Week3,207.0 Camelot - 195.0 Canterbury Woods
Broyhill Crest,Week5,Villa Aquatic,Week1,316.0 Villa Aquatic - 86.0 Broyhill Crest
Camelot,Week2,North Springfield,Week3,262.0 Camelot - 129.0 North Springfield
Camelot,Week2,Canterbury Woods,Week2,235.0 Camelot - 166.0 Canterbury Woods
Camelot,Week4,Lakevale Estates,Week2,281.0 Lakevale Estates - 121.0 Camelot
Broyhill Crest,Week4,Villa Aquatic,Week1,322.0 Villa Aquatic - 80.0 Broyhill Crest
Burke Station,Week4,Highland Park,Week1,296.0 Highland Park - 106.0 Burke Station
Burke Station,Week5,Dominion Hills,Week3,252.0 Dominion Hills - 150.0 Burke Station
Burke Station,Week3,Highland Park,Week3,256.0 Highland Park - 140.0 Burke Station
Burke Station,Week1,Sully Station II,Week3,296.0 Sully Station II - 83.0 Burke Station
Broyhill Crest,Week1,Village West,Week2,287.0 Village West - 110.0 Broyhill Crest
Burke Station,Week1,Sully Station II,Week4,262.0 Sully Station II - 117.0 Burke Station
Camelot,Week1,Hollin Meadows,Week2,220.0 Hollin Meadows - 182.0 Camelot
Camelot,Week4,North Springfield,Week1,278.0 Camelot - 73.0 North Springfield
Burke Station,Week1,Donaldson Run,Week1,308.0 Donaldson Run - 71.0 Burke Station
Camelot,Week2,Canterbury Woods,Week1,204.0 Camelot - 197.0 Canterbury Woods
Camelot,Week2,Forest Hollow,Week5,240.0 Forest Hollow - 162.0 Camelot
Burke Station,Week2,Langley,Week3,321.5 Langley - 80.5 Burke Station
Camelot,Week2,Lakeview,Week4,229.0 Camelot - 173.0 Lakeview
Camelot,Week1,Oakton ,Week3,279.0 Oakton - 123.0 Camelot
Camelot,Week2,Lakeview,Week2,258.0 Camelot - 144.0 Lakeview
Burke Station,Week5,Dominion Hills,Week1,245.0 Dominion Hills - 157.0 Burke Station
Camelot,Week5,Canterbury Woods,Week5,222.0 Camelot - 180.0 Canterbury Woods
Camelot,Week2,Oakton ,Week1,272.0 Oakton - 130.0 Camelot
Burke Station,Week2,Dominion Hills,Week3,275.0 Dominion Hills - 127.0 Burke Station
Burke Station,Week4,Langley,Week2,319.0 Langley - 83.0 Burke Station
Camelot,Week5,Lakevale Estates,Week2,265.0 Lakevale Estates - 137.0 Camelot
Camelot,Week5,Camelot,Week4,205.0 Camelot (CCC2) - 197.0 Camelot (CCC1)
Camelot,Week1,Oakton ,Week1,276.0 Oakton - 126.0 Camelot
Camelot,Week5,Canterbury Woods,Week3,208.0 Camelot - 194.0 Canterbury Woods
Burke Station,Week2,Highland Park,Week4,308.0 Highland Park - 94.0 Burke Station
Burke Station,Week1,Truro,Week4,211.0 Truro - 167.0 Burke Station
Burke Station,Week2,Donaldson Run,Week3,349.0 Donaldson Run - 53.0 Burke Station
Burke Station,Week3,Langley,Week2,289.0 Langley - 107.0 Burke Station
Camelot,Week1,Hollin Meadows,Week4,234.0 Hollin Meadows - 168.0 Camelot
Burke Station,Week1,Langley,Week3,278.0 Langley - 101.0 Burke Station
Camelot,Week3,Hollin Meadows,Week1,230.0 Hollin Meadows - 172.0 Camelot
Burke Station,Week1,Sully Station II,Week5,299.0 Sully Station II - 80.0 Burke Station
Camelot,Week1,Forest Hollow,Week2,226.0 Forest Hollow - 176.0 Camelot
Camelot,Week1,Forest Hollow,Week1,234.0 Forest Hollow - 168.0 Camelot
Camelot,Week1,Holmes Run Acres,Week1,214.0 Holmes Run Acres - 187.0 Camelot
Broyhill Crest,Week1,Village West,Week5,281.0 Village West - 121.0 Broyhill Crest
Burke Station,Week2,Highland Park,Week2,304.0 Highland Park - 98.0 Burke Station
Burke Station,Week4,Highland Park,Week2,288.0 Highland Park - 114.0 Burke Station
Camelot,Week3,Forest Hollow,Week1,250.0 Forest Hollow - 152.0 Camelot
Burke Station,Week1,Truro,Week1,211.0 Truro - 164.0 Burke Station
Broyhill Crest,Week4,Villa Aquatic,Week2,322.0 Villa Aquatic - 80.0 Broyhill Crest
Broyhill Crest,Week2,Village West,Week1,298.0 Village West - 104.0 Broyhill Crest
Burke Station,Week4,Highland Park,Week4,299.0 Highland Park - 103.0 Burke Station
Burke Station,Week3,Dominion Hills,Week4,294.5 Dominion Hills - 102.5 Burke Station
Burke Station,Week4,Langley,Week3,324.0 Langley - 78.0 Burke Station
Camelot,Week2,Old Keene Mill,Week1,249.0 Camelot - 153.0 Old Keene Mill
Camelot,Week2,Oakton ,Week3,279.0 Oakton - 123.0 Camelot
Camelot,Week4,Camelot,Week3,216.0 Camelot (CCC1) - 186.0 Camelot (CCC2)
Burke Station,Week2,Sully Station II,Week1,304.0 Sully Station II - 98.0 Burke Station
Camelot,Week3,Forest Hollow,Week2,235.0 Forest Hollow - 167.0 Camelot
Camelot,Week4,Lakeview,Week1,274.0 Camelot - 128.0 Lakeview
Burke Station,Week3,Langley,Week3,305.0 Langley - 92.0 Burke Station
Broyhill Crest,Week3,Villa Aquatic,Week4,366.0 Villa Aquatic - 36.0 Broyhill Crest
Camelot,Week1,Holmes Run Acres,Week3,259.0 Holmes Run Acres - 143.0 Camelot
Burke Station,Week2,Sully Station II,Week3,335.0 Sully Station II - 67.0 Burke Station
Canterbury Woods,Week1,Tuckahoe,Week4,363.0 Tuckahoe - 39.0 Canterbury Woods
Canterbury Woods,Week3,Lakeview,Week1,255.0 Canterbury Woods - 147.0 Lakeview
Canterbury Woods,Week5,Lakevale Estates,Week2,277.5 Lakevale Estates - 124.5 Canterbury Woods
Canterbury Woods,Week1,Rutherford,Week3,212.0 Canterbury Woods - 190.0 Rutherford
Canterbury Woods,Week3,Country Club Hills,Week4,206.0 Country Club Hills - 191.0 Canterbury Woods
Canterbury Woods,Week2,Tuckahoe,Week5,355.0 Tuckahoe - 47.0 Canterbury Woods
Canterbury Woods,Week4,Broyhill Crest,Week4,319.0 Canterbury Woods - 83.0 Broyhill Crest
Canterbury Woods,Week4,Dowden Terrace,Week3,234.0 Dowden Terrace - 168.0 Canterbury Woods
Canterbury Woods,Week5,Rutherford,Week5,214.0 Canterbury Woods - 184.0 Rutherford
Cardinal Hill,Week2,Hiddenbrook,Week5,268.0 Cardinal Hill - 134.0 Hiddenbrook
Cardinal Hill,Week3,Hiddenbrook,Week4,317.0 Cardinal Hill - 85.0 Hiddenbrook
Cardinal Hill,Week5,Hiddenbrook,Week4,291.0 Cardinal Hill - 111.0 Hiddenbrook
Canterbury Woods,Week2,Rutherford,Week5,207.0 Rutherford - 194.0 Canterbury Woods
Canterbury Woods,Week2,Dunn Loring,Week1,275.0 Dunn Loring - 127.0 Canterbury Woods
Canterbury Woods,Week5,Lakevale Estates,Week1,264.0 Lakevale Estates - 138.0 Canterbury Woods
Canterbury Woods,Week5,Rolling Valley,Week3,242.0 Canterbury Woods - 160.0 Rolling Valley
Cardinal Hill,Week2,Brookfield ,Week1,238.0 Cardinal Hill - 164.0 Brookfield
Canterbury Woods,Week4,Country Club Hills,Week2,208.0 Canterbury Woods - 194.0 Country Club Hills
Canterbury Woods,Week1,Rutherford,Week2,228.0 Canterbury Woods - 174.0 Rutherford
Canterbury Woods,Week3,Lake Braddock,Week5,237.0 Canterbury Woods - 165.0 Lake Braddock
Canterbury Woods,Week4,Dowden Terrace,Week4,249.0 Dowden Terrace - 153.0 Canterbury Woods
Canterbury Woods,Week4,Rutherford,Week5,235.0 Canterbury Woods - 167.0 Rutherford
Canterbury Woods,Week2,Tuckahoe,Week3,361.0 Tuckahoe - 41.0 Canterbury Woods
Canterbury Woods,Week4,Rutherford,Week4,229.0 Canterbury Woods - 173.0 Rutherford
Canterbury Woods,Week3,Burke Station,Week2,252.0 Canterbury Woods - 149.0 Burke Station
Cardinal Hill,Week2,High Point Pool,Week1,208.0 High Point Pool - 194.0 Cardinal Hill
Canterbury Woods,Week4,Tuckahoe,Week2,341.0 Tuckahoe - 61.0 Canterbury Woods
Cardinal Hill,Week1,Brookfield ,Week1,251.0 Cardinal Hill - 151.0 Brookfield
Canterbury Woods,Week1,Lakevale Estates,Week5,313.0 Lakevale Estates - 89.0 Canterbury Woods
Cardinal Hill,Week3,Hiddenbrook,Week5,296.0 Cardinal Hill - 106.0 Hiddenbrook
Canterbury Woods,Week5,Tuckahoe,Week3,350.0 Tuckahoe - 52.0 Canterbury Woods
Canterbury Woods,Week2,Rutherford,Week3,206.0 Rutherford - 195.0 Canterbury Woods
Cardinal Hill,Week5,Brookfield ,Week3,268.0 Cardinal Hill - 133.0 Brookfield
Canterbury Woods,Week3,Country Club Hills,Week3,210.0 Country Club Hills - 192.0 Canterbury Woods
Canterbury Woods,Week5,Broyhill Crest,Week1,304.0 Canterbury Woods - 95.0 Broyhill Crest
Canterbury Woods,Week3,Tuckahoe,Week5,344.0 Tuckahoe - 58.0 Canterbury Woods
Cardinal Hill,Week2,Hiddenbrook,Week4,275.0 Cardinal Hill - 127.0 Hiddenbrook
Canterbury Woods,Week1,Lakeview,Week2,246.0 Canterbury Woods - 156.0 Lakeview
Canterbury Woods,Week4,Broyhill Crest,Week3,345.0 Canterbury Woods - 57.0 Broyhill Crest
Canterbury Woods,Week3,Tuckahoe,Week4,345.0 Tuckahoe - 57.0 Canterbury Woods
Canterbury Woods,Week2,Lakeview,Week2,233.0 Canterbury Woods - 168.0 Lakeview
Canterbury Woods,Week4,Rutherford,Week1,270.0 Canterbury Woods - 132.0 Rutherford
Canterbury Woods,Week3,Dowden Terrace,Week2,237.0 Dowden Terrace - 160.0 Canterbury Woods
Canterbury Woods,Week1,Crosspointe,Week1,314.0 Crosspointe - 88.0 Canterbury Woods
Cardinal Hill,Week2,High Point Pool,Week3,203.0 Cardinal Hill - 199.0 High Point Pool
Canterbury Woods,Week4,Country Club Hills,Week1,208.0 Country Club Hills - 194.0 Canterbury Woods
Cardinal Hill,Week4,Hiddenbrook,Week3,288.0 Cardinal Hill - 114.0 Hiddenbrook
Canterbury Woods,Week5,Tuckahoe,Week5,342.0 Tuckahoe - 60.0 Canterbury Woods
Canterbury Woods,Week4,Burke Station,Week1,248.0 Canterbury Woods - 130.0 Burke Station
Canterbury Woods,Week2,Dunn Loring,Week4,320.0 Dunn Loring - 82.0 Canterbury Woods
Canterbury Woods,Week5,Country Club Hills,Week3,214.0 Country Club Hills - 187.0 Canterbury Woods
Canterbury Woods,Week4,Dowden Terrace,Week2,231.0 Dowden Terrace - 171.0 Canterbury Woods
Cardinal Hill,Week5,Brookfield ,Week5,261.0 Cardinal Hill - 141.0 Brookfield
Cardinal Hill,Week4,Hiddenbrook,Week5,274.0 Cardinal Hill - 128.0 Hiddenbrook
Canterbury Woods,Week5,Lakevale Estates,Week3,268.0 Lakevale Estates - 129.0 Canterbury Woods
Canterbury Woods,Week1,Lakevale Estates,Week4,304.0 Lakevale Estates - 98.0 Canterbury Woods
Canterbury Woods,Week4,Lakevale Estates,Week4,297.0 Lakevale Estates - 105.0 Canterbury Woods
Cardinal Hill,Week2,Brookfield ,Week2,252.0 Cardinal Hill - 150.0 Brookfield
Canterbury Woods,Week5,Burke Station,Week2,232.0 Canterbury Woods - 155.0 Burke Station
Canterbury Woods,Week3,Country Club Hills,Week2,204.0 Canterbury Woods - 198.0 Country Club Hills
Canterbury Woods,Week2,Dunn Loring,Week5,318.0 Dunn Loring - 84.0 Canterbury Woods
Canterbury Woods,Week3,Tuckahoe,Week3,351.0 Tuckahoe - 51.0 Canterbury Woods
Canterbury Woods,Week3,Burke Station,Week5,230.0 Canterbury Woods - 172.0 Burke Station
Cardinal Hill,Week3,Brookfield ,Week2,292.0 Cardinal Hill - 110.0 Brookfield
Canterbury Woods,Week5,Lake Braddock,Week5,212.0 Canterbury Woods - 189.0 Lake Braddock
Canterbury Woods,Week2,Country Club Hills,Week4,222.0 Country Club Hills - 180.0 Canterbury Woods
Cardinal Hill,Week1,High Point Pool,Week2,214.0 Cardinal Hill - 188.0 High Point Pool
Cardinal Hill,Week3,Brookfield ,Week3,291.0 Cardinal Hill - 111.0 Brookfield
Cardinal Hill,Week3,Hiddenbrook,Week1,318.0 Cardinal Hill - 84.0 Hiddenbrook
Canterbury Woods,Week5,Tuckahoe,Week2,330.0 Tuckahoe - 71.0 Canterbury Woods
Cardinal Hill,Week1,Hiddenbrook,Week3,306.0 Cardinal Hill - 96.0 Hiddenbrook
Canterbury Woods,Week4,Country Club Hills,Week4,209.0 Country Club Hills - 193.0 Canterbury Woods
Cardinal Hill,Week1,Broyhill Crest,Week4,374.0 Cardinal Hill - 28.0 Broyhill Crest
Cardinal Hill,Week3,Brookfield ,Week5,272.5 Cardinal Hill - 129.5 Brookfield
Canterbury Woods,Week2,Lake Braddock,Week4,216.0 Canterbury Woods - 186.0 Lake Braddock
Canterbury Woods,Week3,Rutherford,Week2,251.5 Canterbury Woods - 150.5 Rutherford
Canterbury Woods,Week2,Vienna Aquatic,Week1,307.0 Vienna Aquatic - 95.0 Canterbury Woods
Canterbury Woods,Week2,Burke Station,Week5,202.0 Canterbury Woods - 200.0 Burke Station
Cardinal Hill,Week5,Brookfield ,Week2,263.0 Cardinal Hill - 139.0 Brookfield
Canterbury Woods,Week4,Burke Station,Week3,244.0 Canterbury Woods - 153.0 Burke Station
Canterbury Woods,Week3,Dunn Loring,Week5,304.0 Dunn Loring - 98.0 Canterbury Woods
Canterbury Woods,Week4,Dowden Terrace,Week1,227.0 Dowden Terrace - 174.0 Canterbury Woods
Canterbury Woods,Week2,Crosspointe,Week1,300.0 Crosspointe - 102.0 Canterbury Woods
Cardinal Hill,Week2,Hiddenbrook,Week1,282.0 Cardinal Hill - 120.0 Hiddenbrook
Canterbury Woods,Week3,Rutherford,Week4,215.0 Canterbury Woods - 182.0 Rutherford
Canterbury Woods,Week4,Dowden Terrace,Week5,264.0 Dowden Terrace - 138.0 Canterbury Woods
Canterbury Woods,Week5,Country Club Hills,Week2,202.0 Canterbury Woods - 200.0 Country Club Hills
Canterbury Woods,Week5,Broyhill Crest,Week5,284.0 Canterbury Woods - 108.0 Broyhill Crest
Cardinal Hill,Week3,Brookfield ,Week1,263.0 Cardinal Hill - 139.0 Brookfield
Canterbury Woods,Week5,Dowden Terrace,Week2,249.5 Dowden Terrace - 151.5 Canterbury Woods
Cardinal Hill,Week5,Brookfield ,Week1,244.0 Cardinal Hill - 158.0 Brookfield
Cardinal Hill,Week1,Broyhill Crest,Week1,379.0 Cardinal Hill - 23.0 Broyhill Crest
Canterbury Woods,Week4,Country Club Hills,Week3,201.0 Canterbury Woods - 201.0 Country Club Hills
Canterbury Woods,Week1,Vienna Aquatic,Week3,321.0 Vienna Aquatic - 81.0 Canterbury Woods
Canterbury Woods,Week2,Burke Station,Week4,235.0 Canterbury Woods - 167.0 Burke Station
Canterbury Woods,Week5,Rutherford,Week2,232.0 Canterbury Woods - 166.0 Rutherford
Canterbury Woods,Week1,Vienna Aquatic,Week4,318.0 Vienna Aquatic - 84.0 Canterbury Woods
Canterbury Woods,Week2,Burke Station,Week1,204.0 Canterbury Woods - 171.0 Burke Station
Canterbury Woods,Week1,Crosspointe,Week2,293.0 Crosspointe - 109.0 Canterbury Woods
Canterbury Woods,Week3,Dunn Loring,Week1,264.0 Dunn Loring - 133.0 Canterbury Woods
Canterbury Woods,Week1,Lakeview,Week1,247.0 Canterbury Woods - 155.0 Lakeview
Canterbury Woods,Week5,Burke Station,Week4,246.0 Canterbury Woods - 148.0 Burke Station
Canterbury Woods,Week1,Dunn Loring,Week2,314.0 Dunn Loring - 88.0 Canterbury Woods
Cardinal Hill,Week5,Hiddenbrook,Week1,284.0 Cardinal Hill - 117.0 Hiddenbrook
Canterbury Woods,Week2,Rutherford,Week1,242.0 Canterbury Woods - 159.0 Rutherford
Canterbury Woods,Week4,Tuckahoe,Week4,347.0 Tuckahoe - 55.0 Canterbury Woods
Canterbury Woods,Week1,Crosspointe,Week4,304.5 Crosspointe - 97.5 Canterbury Woods
Canterbury Woods,Week2,Lakevale Estates,Week4,305.0 Lakevale Estates - 97.0 Canterbury Woods
Canterbury Woods,Week1,Rutherford,Week1,240.0 Canterbury Woods - 162.0 Rutherford
Canterbury Woods,Week5,Country Club Hills,Week4,216.0 Country Club Hills - 186.0 Canterbury Woods
Canterbury Woods,Week2,Vienna Aquatic,Week3,319.0 Vienna Aquatic - 83.0 Canterbury Woods
Cardinal Hill,Week4,Brookfield ,Week4,262.0 Cardinal Hill - 140.0 Brookfield
Canterbury Woods,Week5,Burke Station,Week5,218.0 Canterbury Woods - 177.0 Burke Station
Cardinal Hill,Week4,Brookfield ,Week1,243.0 Cardinal Hill - 159.0 Brookfield
Cardinal Hill,Week5,Hiddenbrook,Week2,321.0 Cardinal Hill - 81.0 Hiddenbrook
Canterbury Woods,Week5,Rolling Valley,Week2,243.5 Canterbury Woods - 158.5 Rolling Valley
Canterbury Woods,Week1,Crosspointe,Week5,316.0 Crosspointe - 86.0 Canterbury Woods
Cardinal Hill,Week5,Brookfield ,Week4,258.0 Cardinal Hill - 144.0 Brookfield
Canterbury Woods,Week3,Dowden Terrace,Week4,261.0 Dowden Terrace - 141.0 Canterbury Woods
Canterbury Woods,Week2,Vienna Aquatic,Week5,333.0 Vienna Aquatic - 69.0 Canterbury Woods
Canterbury Woods,Week1,Camelot,Week3,215.0 Camelot - 187.0 Canterbury Woods
Canterbury Woods,Week1,Dunn Loring,Week3,324.0 Dunn Loring - 78.0 Canterbury Woods
Canterbury Woods,Week3,Lakevale Estates,Week1,268.0 Lakevale Estates - 134.0 Canterbury Woods
Canterbury Woods,Week5,Rolling Valley,Week5,239.0 Canterbury Woods - 163.0 Rolling Valley
Cardinal Hill,Week1,Hiddenbrook,Week4,308.0 Cardinal Hill - 94.0 Hiddenbrook
Canterbury Woods,Week1,Camelot,Week4,217.0 Camelot - 185.0 Canterbury Woods
Canterbury Woods,Week3,Lakevale Estates,Week5,309.5 Lakevale Estates - 92.5 Canterbury Woods
Canterbury Woods,Week3,Vienna Aquatic,Week1,306.0 Vienna Aquatic - 96.0 Canterbury Woods
Canterbury Woods,Week5,Dowden Terrace,Week5,266.0 Dowden Terrace - 136.0 Canterbury Woods
Cardinal Hill,Week4,Brookfield ,Week3,280.0 Cardinal Hill - 122.0 Brookfield
Canterbury Woods,Week1,Daventry,Week1,274.5 Canterbury Woods - 126.5 Daventry
Canterbury Woods,Week3,Lakevale Estates,Week4,305.0 Lakevale Estates - 97.0 Canterbury Woods
Canterbury Woods,Week5,Rolling Valley,Week1,267.0 Canterbury Woods - 134.0 Rolling Valley
Canterbury Woods,Week5,Dowden Terrace,Week1,251.0 Dowden Terrace - 142.0 Canterbury Woods
Cardinal Hill,Week3,Hiddenbrook,Week2,342.0 Cardinal Hill - 60.0 Hiddenbrook
Canterbury Woods,Week1,Camelot,Week5,231.0 Camelot - 171.0 Canterbury Woods
Canterbury Woods,Week4,Lakevale Estates,Week2,275.0 Lakevale Estates - 127.0 Canterbury Woods
Cardinal Hill,Week1,Broyhill Crest,Week3,377.5 Cardinal Hill - 24.5 Broyhill Crest
Canterbury Woods,Week3,Lakevale Estates,Week3,279.0 Lakevale Estates - 123.0 Canterbury Woods
Cardinal Hill,Week4,Hiddenbrook,Week4,288.5 Cardinal Hill - 113.5 Hiddenbrook
Cardinal Hill,Week1,High Point Pool,Week1,232.0 Cardinal Hill - 170.0 High Point Pool
Cardinal Hill,Week1,High Point Pool,Week5,234.5 Cardinal Hill - 167.5 High Point Pool
Cardinal Hill,Week1,High Point Pool,Week3,240.0 Cardinal Hill - 162.0 High Point Pool
Canterbury Woods,Week3,Dunn Loring,Week3,301.0 Dunn Loring - 101.0 Canterbury Woods
Canterbury Woods,Week5,Crosspointe,Week1,298.0 Crosspointe - 104.0 Canterbury Woods
Cardinal Hill,Week5,Hiddenbrook,Week3,293.0 Cardinal Hill - 109.0 Hiddenbrook
Canterbury Woods,Week1,Camelot,Week2,204.0 Camelot - 197.0 Canterbury Woods
Canterbury Woods,Week3,Rutherford,Week3,228.0 Canterbury Woods - 169.0 Rutherford
Canterbury Woods,Week5,Country Club Hills,Week1,220.0 Country Club Hills - 182.0 Canterbury Woods
Canterbury Woods,Week5,Country Club Hills,Week5,222.0 Country Club Hills - 179.0 Canterbury Woods
Canterbury Woods,Week2,Country Club Hills,Week5,250.0 Country Club Hills - 152.0 Canterbury Woods
Canterbury Woods,Week2,Rutherford,Week4,209.0 Rutherford - 193.0 Canterbury Woods
Canterbury Woods,Week2,Camelot,Week1,213.0 Camelot - 189.0 Canterbury Woods
Canterbury Woods,Week4,Lakevale Estates,Week5,306.0 Lakevale Estates - 96.0 Canterbury Woods
Cardinal Hill,Week4,Broyhill Crest,Week4,374.0 Cardinal Hill - 27.0 Broyhill Crest
Canterbury Woods,Week2,Vienna Woods,Week2,314.0 Vienna Woods - 87.0 Canterbury Woods
Cardinal Hill,Week1,Broyhill Crest,Week2,382.0 Cardinal Hill - 20.0 Broyhill Crest
Canterbury Woods,Week3,Vienna Aquatic,Week2,301.0 Vienna Aquatic - 101.0 Canterbury Woods
Canterbury Woods,Week2,Vienna Woods,Week3,328.0 Vienna Woods - 74.0 Canterbury Woods
Canterbury Woods,Week2,Rutherford,Week2,217.0 Canterbury Woods - 184.0 Rutherford
Canterbury Woods,Week2,Vienna Woods,Week1,316.0 Vienna Woods - 86.0 Canterbury Woods
Cardinal Hill,Week5,Broyhill Crest,Week5,359.0 Cardinal Hill - 42.0 Broyhill Crest
Canterbury Woods,Week3,Dunn Loring,Week2,306.0 Dunn Loring - 96.0 Canterbury Woods
Canterbury Woods,Week4,Fair Oaks ,Week1,250.0 Fair Oaks - 152.0 Canterbury Woods
Cardinal Hill,Week2,Broyhill Crest,Week1,362.0 Cardinal Hill - 39.0 Broyhill Crest
Canterbury Woods,Week3,Rutherford,Week5,235.0 Canterbury Woods - 167.0 Rutherford
Canterbury Woods,Week1,Rutherford,Week5,208.0 Canterbury Woods - 194.0 Rutherford
Cardinal Hill,Week3,Hiddenbrook,Week3,305.0 Cardinal Hill - 97.0 Hiddenbrook
Canterbury Woods,Week4,Burke Station,Week5,231.0 Canterbury Woods - 171.0 Burke Station
Cardinal Hill,Week2,Burke Station,Week2,311.0 Cardinal Hill - 85.0 Burke Station
Canterbury Woods,Week4,Burke Station,Week4,258.0 Canterbury Woods - 144.0 Burke Station
Canterbury Woods,Week1,Vienna Woods,Week4,297.0 Vienna Woods - 100.0 Canterbury Woods
Canterbury Woods,Week4,Crosspointe,Week2,261.0 Crosspointe - 141.0 Canterbury Woods
Canterbury Woods,Week3,Country Club Hills,Week1,214.0 Country Club Hills - 188.0 Canterbury Woods
Canterbury Woods,Week5,Dunn Loring,Week1,276.0 Dunn Loring - 126.0 Canterbury Woods
Cardinal Hill,Week2,Hiddenbrook,Week3,276.0 Cardinal Hill - 126.0 Hiddenbrook
Canterbury Woods,Week2,Lakevale Estates,Week2,293.0 Lakevale Estates - 109.0 Canterbury Woods
Canterbury Woods,Week2,Camelot,Week3,222.0 Camelot - 179.0 Canterbury Woods
Canterbury Woods,Week1,Lakeview,Week4,217.0 Canterbury Woods - 185.0 Lakeview
Canterbury Woods,Week4,Crosspointe,Week3,278.5 Crosspointe - 123.5 Canterbury Woods
Canterbury Woods,Week3,Rutherford,Week1,272.0 Canterbury Woods - 130.0 Rutherford
Canterbury Woods,Week4,Rutherford,Week2,245.0 Canterbury Woods - 157.0 Rutherford
Canterbury Woods,Week1,Fair Oaks ,Week1,257.0 Fair Oaks - 145.0 Canterbury Woods
Cardinal Hill,Week2,Burke Station,Week5,274.0 Cardinal Hill - 123.0 Burke Station
Canterbury Woods,Week5,Burke Station,Week1,236.0 Canterbury Woods - 133.0 Burke Station
Canterbury Woods,Week1,Lakeview,Week5,226.0 Canterbury Woods - 167.0 Lakeview
Canterbury Woods,Week5,Burke Station,Week3,223.0 Canterbury Woods - 160.0 Burke Station
Canterbury Woods,Week2,Fair Oaks ,Week1,276.0 Fair Oaks - 126.0 Canterbury Woods
Canterbury Woods,Week3,Vienna Aquatic,Week5,328.5 Vienna Aquatic - 73.5 Canterbury Woods
Canterbury Woods,Week1,Fair Oaks ,Week2,233.0 Fair Oaks - 169.0 Canterbury Woods
Canterbury Woods,Week4,Vienna Aquatic,Week1,298.0 Vienna Aquatic - 104.0 Canterbury Woods
Cardinal Hill,Week1,Hiddenbrook,Week5,291.0 Cardinal Hill - 111.0 Hiddenbrook
Canterbury Woods,Week2,Lakevale Estates,Week5,313.0 Lakevale Estates - 89.0 Canterbury Woods
Cardinal Hill,Week1,Burke Station,Week3,295.0 Cardinal Hill - 102.0 Burke Station
Canterbury Woods,Week2,Lakeview,Week1,235.0 Canterbury Woods - 166.0 Lakeview
Canterbury Woods,Week5,Rutherford,Week1,254.0 Canterbury Woods - 144.0 Rutherford
Canterbury Woods,Week4,Country Club Hills,Week5,220.0 Country Club Hills - 182.0 Canterbury Woods
Canterbury Woods,Week1,Camelot,Week1,205.0 Camelot - 197.0 Canterbury Woods
Canterbury Woods,Week4,Vienna Woods,Week5,318.0 Vienna Woods - 84.0 Canterbury Woods
Canterbury Woods,Week5,Dunn Loring,Week5,305.0 Dunn Loring - 96.0 Canterbury Woods
Cardinal Hill,Week2,Hiddenbrook,Week2,306.0 Cardinal Hill - 91.0 Hiddenbrook
Canterbury Woods,Week1,Crosspointe,Week3,299.0 Crosspointe - 103.0 Canterbury Woods
Canterbury Woods,Week4,Vienna Aquatic,Week4,301.0 Vienna Aquatic - 101.0 Canterbury Woods
Canterbury Woods,Week2,Camelot,Week2,235.0 Camelot - 166.0 Canterbury Woods
Canterbury Woods,Week4,Dunn Loring,Week4,291.0 Dunn Loring - 111.0 Canterbury Woods
Cardinal Hill,Week4,Broyhill Crest,Week3,381.0 Cardinal Hill - 20.0 Broyhill Crest
Canterbury Woods,Week5,Rutherford,Week3,229.0 Canterbury Woods - 169.0 Rutherford
Canterbury Woods,Week2,Lakevale Estates,Week3,292.0 Lakevale Estates - 110.0 Canterbury Woods
Canterbury Woods,Week4,Lakevale Estates,Week1,254.0 Lakevale Estates - 148.0 Canterbury Woods
Cardinal Hill,Week5,Hiddenbrook,Week5,268.0 Cardinal Hill - 134.0 Hiddenbrook
Cardinal Hill,Week3,Broyhill Crest,Week2,382.0 Cardinal Hill - 18.0 Broyhill Crest
Canterbury Woods,Week3,Crosspointe,Week1,299.0 Crosspointe - 103.0 Canterbury Woods
Cardinal Hill,Week3,Broyhill Crest,Week4,376.0 Cardinal Hill - 25.0 Broyhill Crest
Canterbury Woods,Week5,Vienna Aquatic,Week4,292.5 Vienna Aquatic - 109.5 Canterbury Woods
Canterbury Woods,Week1,Sideburn Run,Week3,247.0 Sideburn Run - 155.0 Canterbury Woods
Cardinal Hill,Week4,Broyhill Crest,Week1,380.0 Cardinal Hill - 20.0 Broyhill Crest
Canterbury Woods,Week4,Lakevale Estates,Week3,273.0 Lakevale Estates - 129.0 Canterbury Woods
Canterbury Woods,Week3,Fair Oaks ,Week5,272.0 Fair Oaks - 130.0 Canterbury Woods
Canterbury Woods,Week2,Crosspointe,Week2,287.0 Crosspointe - 115.0 Canterbury Woods
Canterbury Woods,Week5,Vienna Aquatic,Week1,285.0 Vienna Aquatic - 117.0 Canterbury Woods
Canterbury Woods,Week3,Fair Oaks ,Week2,223.0 Fair Oaks - 179.0 Canterbury Woods
Cardinal Hill,Week4,Hiddenbrook,Week2,325.0 Cardinal Hill - 77.0 Hiddenbrook
Cardinal Hill,Week4,Hiddenbrook,Week1,291.5 Cardinal Hill - 110.5 Hiddenbrook
Canterbury Woods,Week5,Rutherford,Week4,209.0 Canterbury Woods - 192.0 Rutherford
Canterbury Woods,Week5,Lakevale Estates,Week4,291.0 Lakevale Estates - 111.0 Canterbury Woods
Canterbury Woods,Week5,Dunn Loring,Week2,307.0 Dunn Loring - 95.0 Canterbury Woods
Canterbury Woods,Week3,Vienna Aquatic,Week4,298.5 Vienna Aquatic - 103.5 Canterbury Woods
Canterbury Woods,Week3,Country Club Hills,Week5,229.0 Country Club Hills - 173.0 Canterbury Woods
Canterbury Woods,Week1,Shouse Village,Week3,240.0 Shouse Village - 162.0 Canterbury Woods
Cardinal Hill,Week1,High Point Pool,Week4,214.0 Cardinal Hill - 188.0 High Point Pool
Canterbury Woods,Week1,Shouse Village,Week5,254.0 Shouse Village - 148.0 Canterbury Woods
Canterbury Woods,Week5,Vienna Aquatic,Week3,303.0 Vienna Aquatic - 99.0 Canterbury Woods
Cardinal Hill,Week5,Broyhill Crest,Week3,372.0 Cardinal Hill - 28.0 Broyhill Crest
Canterbury Woods,Week4,Crosspointe,Week5,303.0 Crosspointe - 99.0 Canterbury Woods
Canterbury Woods,Week5,Lakevale Estates,Week5,298.0 Lakevale Estates - 104.0 Canterbury Woods
Canterbury Woods,Week5,Crosspointe,Week3,274.0 Crosspointe - 128.0 Canterbury Woods
Canterbury Woods,Week3,Vienna Woods,Week1,300.0 Vienna Woods - 97.0 Canterbury Woods
Canterbury Woods,Week4,Fair Oaks ,Week4,218.0 Fair Oaks - 184.0 Canterbury Woods
Cardinal Hill,Week4,Burke Station,Week1,268.0 Cardinal Hill - 111.0 Burke Station
Canterbury Woods,Week4,Vienna Aquatic,Week2,300.0 Vienna Aquatic - 102.0 Canterbury Woods
Cardinal Hill,Week2,High Point Pool,Week2,217.0 High Point Pool - 185.0 Cardinal Hill
Canterbury Woods,Week5,Crosspointe,Week5,303.0 Crosspointe - 98.0 Canterbury Woods
Canterbury Woods,Week2,Crosspointe,Week5,318.0 Crosspointe - 84.0 Canterbury Woods
Cardinal Hill,Week5,High Point Pool,Week2,214.0 Cardinal Hill - 188.0 High Point Pool
Canterbury Woods,Week3,Crosspointe,Week5,293.0 Crosspointe - 109.0 Canterbury Woods
Cardinal Hill,Week5,Burke Station,Week5,286.0 Cardinal Hill - 116.0 Burke Station
Canterbury Woods,Week1,Vienna Woods,Week5,333.0 Vienna Woods - 69.0 Canterbury Woods
Canterbury Woods,Week4,Fair Oaks ,Week3,254.0 Fair Oaks - 148.0 Canterbury Woods
Canterbury Woods,Week1,Vienna Woods,Week2,308.0 Vienna Woods - 94.0 Canterbury Woods
Canterbury Woods,Week2,Shouse Village,Week4,258.5 Shouse Village - 143.5 Canterbury Woods
Canterbury Woods,Week5,Vienna Aquatic,Week5,332.5 Vienna Aquatic - 68.5 Canterbury Woods
Canterbury Woods,Week1,Shouse Village,Week4,249.0 Shouse Village - 153.0 Canterbury Woods
Canterbury Woods,Week4,Vienna Aquatic,Week3,315.0 Vienna Aquatic - 87.0 Canterbury Woods
Canterbury Woods,Week2,Lakeview,Week5,223.0 Canterbury Woods - 169.0 Lakeview
Canterbury Woods,Week3,Lakeview,Week3,237.0 Canterbury Woods - 165.0 Lakeview
Canterbury Woods,Week3,Shouse Village,Week1,220.0 Shouse Village - 182.0 Canterbury Woods
Canterbury Woods,Week4,Shouse Village,Week3,220.0 Shouse Village - 182.0 Canterbury Woods
Canterbury Woods,Week2,Lakeview,Week3,223.0 Canterbury Woods - 178.0 Lakeview
Cardinal Hill,Week4,Broyhill Crest,Week2,382.0 Cardinal Hill - 18.0 Broyhill Crest
Canterbury Woods,Week5,Crosspointe,Week2,261.0 Crosspointe - 141.0 Canterbury Woods
Canterbury Woods,Week2,Fair Oaks ,Week3,273.0 Fair Oaks - 129.0 Canterbury Woods
Canterbury Woods,Week1,Lakeview,Week3,226.0 Canterbury Woods - 176.0 Lakeview
Cardinal Hill,Week1,Burke Station,Week1,263.0 Cardinal Hill - 116.0 Burke Station
Cardinal Hill,Week4,High Point Pool,Week4,211.0 Cardinal Hill - 191.0 High Point Pool
Canterbury Woods,Week4,Dunn Loring,Week2,293.0 Dunn Loring - 109.0 Canterbury Woods
Canterbury Woods,Week5,Dunn Loring,Week4,306.0 Dunn Loring - 95.0 Canterbury Woods
Canterbury Woods,Week1,Shouse Village,Week1,236.0 Shouse Village - 166.0 Canterbury Woods
Canterbury Woods,Week3,Vienna Aquatic,Week3,319.0 Vienna Aquatic - 83.0 Canterbury Woods
Canterbury Woods,Week2,Lakeview,Week4,220.0 Canterbury Woods - 181.0 Lakeview
Cardinal Hill,Week3,High Point Pool,Week3,246.0 Cardinal Hill - 156.0 High Point Pool
Canterbury Woods,Week3,Lakeview,Week4,233.0 Canterbury Woods - 169.0 Lakeview
Cardinal Hill,Week2,Burke Station,Week4,298.0 Cardinal Hill - 99.0 Burke Station
Canterbury Woods,Week4,Shouse Village,Week4,232.0 Shouse Village - 170.0 Canterbury Woods
Canterbury Woods,Week3,Lakeview,Week2,255.0 Canterbury Woods - 147.0 Lakeview
Cardinal Hill,Week1,Burke Station,Week5,287.0 Cardinal Hill - 115.0 Burke Station
Canterbury Woods,Week1,Fair Oaks ,Week3,279.0 Fair Oaks - 123.0 Canterbury Woods
Canterbury Woods,Week3,Lakevale Estates,Week2,286.0 Lakevale Estates - 116.0 Canterbury Woods
Canterbury Woods,Week3,Crosspointe,Week4,293.0 Crosspointe - 109.0 Canterbury Woods
Canterbury Woods,Week5,Shouse Village,Week1,221.0 Shouse Village - 181.0 Canterbury Woods
Cardinal Hill,Week3,High Point Pool,Week4,238.0 Cardinal Hill - 164.0 High Point Pool
Cardinal Hill,Week3,High Point Pool,Week1,241.0 Cardinal Hill - 161.0 High Point Pool
Cardinal Hill,Week5,Broyhill Crest,Week4,369.0 Cardinal Hill - 32.0 Broyhill Crest
Canterbury Woods,Week5,Fair Oaks ,Week3,281.0 Fair Oaks - 121.0 Canterbury Woods
Canterbury Woods,Week4,Crosspointe,Week1,288.0 Crosspointe - 114.0 Canterbury Woods
Canterbury Woods,Week4,Vienna Aquatic,Week5,331.0 Vienna Aquatic - 71.0 Canterbury Woods
Canterbury Woods,Week5,Shouse Village,Week2,221.0 Shouse Village - 181.0 Canterbury Woods
Cardinal Hill,Week5,High Point Pool,Week1,216.0 Cardinal Hill - 186.0 High Point Pool
Cardinal Hill,Week5,Broyhill Crest,Week2,371.0 Cardinal Hill - 30.0 Broyhill Crest
Canterbury Woods,Week3,Fair Oaks ,Week1,255.0 Fair Oaks - 147.0 Canterbury Woods
Cardinal Hill,Week2,High Point Pool,Week4,204.0 High Point Pool - 198.0 Cardinal Hill
Canterbury Woods,Week5,Dunn Loring,Week3,311.0 Dunn Loring - 91.0 Canterbury Woods
Canterbury Woods,Week3,Crosspointe,Week3,285.0 Crosspointe - 117.0 Canterbury Woods
Cardinal Hill,Week4,High Point Pool,Week2,207.0 Cardinal Hill - 195.0 High Point Pool
Canterbury Woods,Week2,Shouse Village,Week1,236.0 Shouse Village - 166.0 Canterbury Woods
Canterbury Woods,Week2,Shouse Village,Week5,250.0 Shouse Village - 152.0 Canterbury Woods
Canterbury Woods,Week3,Lakeview,Week5,236.0 Canterbury Woods - 157.0 Lakeview
Canterbury Woods,Week5,Crosspointe,Week4,286.0 Crosspointe - 116.0 Canterbury Woods
Cardinal Hill,Week3,Broyhill Crest,Week5,371.0 Cardinal Hill - 31.0 Broyhill Crest
Canterbury Woods,Week4,Dunn Loring,Week5,289.0 Dunn Loring - 113.0 Canterbury Woods
Canterbury Woods,Week1,Vienna Woods,Week3,314.0 Vienna Woods - 88.0 Canterbury Woods
Canterbury Woods,Week4,Lakeview,Week1,263.0 Canterbury Woods - 138.0 Lakeview
Canterbury Woods,Week4,Crosspointe,Week4,279.0 Crosspointe - 123.0 Canterbury Woods
Canterbury Woods,Week1,Vienna Woods,Week1,313.0 Vienna Woods - 89.0 Canterbury Woods
Cardinal Hill,Week1,Burke Station,Week2,332.0 Cardinal Hill - 70.0 Burke Station
Cardinal Hill,Week3,High Point Pool,Week5,253.0 Cardinal Hill - 149.0 High Point Pool
Canterbury Woods,Week1,Fair Oaks ,Week4,252.0 Fair Oaks - 150.0 Canterbury Woods
Cardinal Hill,Week3,High Point Pool,Week2,237.0 Cardinal Hill - 165.0 High Point Pool
Canterbury Woods,Week1,Fair Oaks ,Week5,291.0 Fair Oaks - 111.0 Canterbury Woods
Canterbury Woods,Week4,Lakeview,Week3,246.0 Canterbury Woods - 155.0 Lakeview
Canterbury Woods,Week2,Crosspointe,Week3,299.0 Crosspointe - 103.0 Canterbury Woods
Canterbury Woods,Week2,Vienna Woods,Week5,341.0 Vienna Woods - 61.0 Canterbury Woods
Canterbury Woods,Week3,Crosspointe,Week2,269.0 Crosspointe - 133.0 Canterbury Woods
Cardinal Hill,Week3,Broyhill Crest,Week3,381.0 Cardinal Hill - 20.0 Broyhill Crest
Canterbury Woods,Week2,Crosspointe,Week4,301.0 Crosspointe - 101.0 Canterbury Woods
Cardinal Hill,Week2,Burke Station,Week1,267.0 Cardinal Hill - 111.0 Burke Station
Cardinal Hill,Week4,High Point Pool,Week3,225.0 Cardinal Hill - 177.0 High Point Pool
Canterbury Woods,Week4,Lakeview,Week2,254.0 Canterbury Woods - 147.0 Lakeview
Canterbury Woods,Week3,Vienna Woods,Week2,308.0 Vienna Woods - 94.0 Canterbury Woods
Canterbury Woods,Week4,Dunn Loring,Week3,284.0 Dunn Loring - 118.0 Canterbury Woods
Canterbury Woods,Week5,Shouse Village,Week3,235.0 Shouse Village - 167.0 Canterbury Woods
Canterbury Woods,Week5,Vienna Aquatic,Week2,294.0 Vienna Aquatic - 108.0 Canterbury Woods
Canterbury Woods,Week1,Sideburn Run,Week1,249.0 Sideburn Run - 153.0 Canterbury Woods
Cardinal Hill,Week1,Burke Station,Week4,305.0 Cardinal Hill - 97.0 Burke Station
Cardinal Hill,Week4,High Point Pool,Week1,211.0 Cardinal Hill - 191.0 High Point Pool
Canterbury Woods,Week1,Daventry,Week2,272.0 Canterbury Woods - 128.0 Daventry
Cardinal Hill,Week2,High Point Pool,Week5,211.0 Cardinal Hill - 191.0 High Point Pool
Canterbury Woods,Week2,Fair Oaks ,Week2,258.0 Fair Oaks - 144.0 Canterbury Woods
Canterbury Woods,Week1,Langley,Week3,300.5 Langley - 101.5 Canterbury Woods
Canterbury Woods,Week1,Sideburn Run,Week2,240.5 Sideburn Run - 161.5 Canterbury Woods
Canterbury Woods,Week5,Shouse Village,Week4,233.0 Shouse Village - 164.0 Canterbury Woods
Canterbury Woods,Week3,Shouse Village,Week5,237.0 Shouse Village - 165.0 Canterbury Woods
Cardinal Hill,Week3,Broyhill Crest,Week1,380.0 Cardinal Hill - 20.0 Broyhill Crest
Cardinal Hill,Week4,High Point Pool,Week5,218.0 Cardinal Hill - 184.0 High Point Pool
Canterbury Woods,Week2,Fair Oaks ,Week4,263.0 Fair Oaks - 139.0 Canterbury Woods
Canterbury Woods,Week3,Daventry,Week1,291.0 Canterbury Woods - 110.0 Daventry
Canterbury Woods,Week3,Fair Oaks ,Week4,242.0 Fair Oaks - 160.0 Canterbury Woods
Cardinal Hill,Week2,Burke Station,Week3,283.0 Cardinal Hill - 109.0 Burke Station
Canterbury Woods,Week3,Vienna Woods,Week3,319.0 Vienna Woods - 83.0 Canterbury Woods
Canterbury Woods,Week3,Vienna Woods,Week5,334.0 Vienna Woods - 68.0 Canterbury Woods
Canterbury Woods,Week1,Daventry,Week5,229.0 Canterbury Woods - 167.0 Daventry
Canterbury Woods,Week2,Shouse Village,Week3,235.0 Shouse Village - 167.0 Canterbury Woods
Canterbury Woods,Week2,Daventry,Week5,220.0 Canterbury Woods - 180.0 Daventry
Canterbury Woods,Week1,Daventry,Week3,259.0 Canterbury Woods - 142.0 Daventry
Canterbury Woods,Week5,Lakeview,Week3,234.0 Canterbury Woods - 167.0 Lakeview
Canterbury Woods,Week2,Langley,Week3,301.0 Langley - 101.0 Canterbury Woods
Cardinal Hill,Week2,Broyhill Crest,Week5,359.0 Cardinal Hill - 43.0 Broyhill Crest
Canterbury Woods,Week4,Vienna Woods,Week1,293.0 Vienna Woods - 104.0 Canterbury Woods
Canterbury Woods,Week3,Shouse Village,Week4,234.0 Shouse Village - 168.0 Canterbury Woods
Canterbury Woods,Week3,Fair Oaks ,Week3,265.0 Fair Oaks - 137.0 Canterbury Woods
Cardinal Hill,Week4,Broyhill Crest,Week5,367.0 Cardinal Hill - 35.0 Broyhill Crest
Canterbury Woods,Week5,Langley,Week2,274.0 Langley - 128.0 Canterbury Woods
Canterbury Woods,Week4,Shouse Village,Week2,215.0 Shouse Village - 187.0 Canterbury Woods
Canterbury Woods,Week2,Vienna Woods,Week4,307.0 Vienna Woods - 95.0 Canterbury Woods
Canterbury Woods,Week1,Langley,Week1,290.0 Langley - 112.0 Canterbury Woods
Canterbury Woods,Week4,Fair Oaks ,Week2,210.0 Fair Oaks - 192.0 Canterbury Woods
Canterbury Woods,Week1,Shouse Village,Week2,232.0 Shouse Village - 170.0 Canterbury Woods
Canterbury Woods,Week3,Daventry,Week3,276.0 Canterbury Woods - 125.0 Daventry
Canterbury Woods,Week3,Daventry,Week5,256.0 Canterbury Woods - 145.0 Daventry
Cardinal Hill,Week5,High Point Pool,Week3,228.0 Cardinal Hill - 174.0 High Point Pool
Canterbury Woods,Week5,Lakeview,Week5,231.0 Canterbury Woods - 157.0 Lakeview
Cardinal Hill,Week3,Burke Station,Week2,329.0 Cardinal Hill - 72.0 Burke Station
Canterbury Woods,Week1,Daventry,Week4,255.0 Canterbury Woods - 146.0 Daventry
Canterbury Woods,Week4,Vienna Woods,Week4,283.0 Vienna Woods - 119.0 Canterbury Woods
Canterbury Woods,Week4,Vienna Woods,Week2,290.0 Vienna Woods - 112.0 Canterbury Woods
Cardinal Hill,Week5,High Point Pool,Week4,214.5 Cardinal Hill - 187.5 High Point Pool
Cardinal Hill,Week3,Burke Station,Week3,306.0 Cardinal Hill - 91.0 Burke Station
Cardinal Hill,Week5,Broyhill Crest,Week1,369.0 Cardinal Hill - 32.0 Broyhill Crest
Canterbury Woods,Week2,Langley,Week1,296.0 Langley - 106.0 Canterbury Woods
Canterbury Woods,Week3,Vienna Woods,Week4,298.0 Vienna Woods - 104.0 Canterbury Woods
Canterbury Woods,Week4,Vienna Woods,Week3,296.0 Vienna Woods - 106.0 Canterbury Woods
Canterbury Woods,Week5,Fair Oaks ,Week1,259.0 Fair Oaks - 143.0 Canterbury Woods
Canterbury Woods,Week4,Shouse Village,Week5,232.0 Shouse Village - 170.0 Canterbury Woods
Canterbury Woods,Week2,Fair Oaks ,Week5,281.0 Fair Oaks - 121.0 Canterbury Woods
Canterbury Woods,Week4,Fair Oaks ,Week5,267.5 Fair Oaks - 134.5 Canterbury Woods
Canterbury Woods,Week5,Lakeview,Week2,245.0 Canterbury Woods - 156.0 Lakeview
Cardinal Hill,Week3,Burke Station,Week1,283.0 Cardinal Hill - 95.0 Burke Station
Canterbury Woods,Week1,Langley,Week4,295.0 Langley - 107.0 Canterbury Woods
Canterbury Woods,Week4,Daventry,Week2,282.0 Canterbury Woods - 119.0 Daventry
Cardinal Hill,Week3,Burke Station,Week4,317.0 Cardinal Hill - 85.0 Burke Station
Canterbury Woods,Week5,Fair Oaks ,Week5,276.0 Fair Oaks - 125.0 Canterbury Woods
Canterbury Woods,Week4,Shouse Village,Week1,220.0 Shouse Village - 182.0 Canterbury Woods
Canterbury Woods,Week3,Shouse Village,Week2,207.0 Shouse Village - 195.0 Canterbury Woods
Canterbury Woods,Week2,Langley,Week2,290.0 Langley - 112.0 Canterbury Woods
Canterbury Woods,Week4,Villa Aquatic,Week3,256.0 Villa Aquatic - 146.0 Canterbury Woods
Canterbury Woods,Week4,Daventry,Week5,256.0 Canterbury Woods - 140.0 Daventry
Canterbury Woods,Week3,Villa Aquatic,Week3,242.0 Villa Aquatic - 160.0 Canterbury Woods
Canterbury Woods,Week2,Shouse Village,Week2,222.0 Shouse Village - 180.0 Canterbury Woods
Canterbury Woods,Week5,Villa Aquatic,Week4,243.0 Villa Aquatic - 159.0 Canterbury Woods
Canterbury Woods,Week5,Fair Oaks ,Week2,224.0 Fair Oaks - 177.0 Canterbury Woods
Canterbury Woods,Week2,Daventry,Week1,255.0 Canterbury Woods - 147.0 Daventry
Canterbury Woods,Week5,Fair Oaks ,Week4,241.0 Fair Oaks - 159.0 Canterbury Woods
Cardinal Hill,Week4,Burke Station,Week2,320.0 Cardinal Hill - 82.0 Burke Station
Canterbury Woods,Week4,Lakeview,Week4,241.0 Canterbury Woods - 160.0 Lakeview
Canterbury Woods,Week3,Langley,Week2,273.0 Langley - 129.0 Canterbury Woods
Canterbury Woods,Week5,Daventry,Week1,271.0 Canterbury Woods - 130.0 Daventry
Cardinal Hill,Week4,Burke Station,Week3,293.0 Cardinal Hill - 104.0 Burke Station
Canterbury Woods,Week1,Fairfax,Week1,298.0 Fairfax - 104.0 Canterbury Woods
Cardinal Hill,Week3,Burke Station,Week5,306.0 Cardinal Hill - 96.0 Burke Station
Canterbury Woods,Week5,Shouse Village,Week5,239.0 Shouse Village - 163.0 Canterbury Woods
Canterbury Woods,Week2,Langley,Week4,305.0 Langley - 97.0 Canterbury Woods
Canterbury Woods,Week2,Daventry,Week3,239.0 Canterbury Woods - 161.0 Daventry
Canterbury Woods,Week2,Villa Aquatic,Week2,233.0 Villa Aquatic - 169.0 Canterbury Woods
Canterbury Woods,Week4,Villa Aquatic,Week1,201.0 Canterbury Woods - 201.0 Villa Aquatic
Canterbury Woods,Week3,Shouse Village,Week3,218.0 Shouse Village - 184.0 Canterbury Woods
Canterbury Woods,Week5,Lakeview,Week4,223.0 Canterbury Woods - 174.0 Lakeview
Canterbury Woods,Week2,Fairfax,Week4,325.0 Fairfax - 76.0 Canterbury Woods
Cardinal Hill,Week4,Burke Station,Week4,304.0 Cardinal Hill - 98.0 Burke Station
Canterbury Woods,Week1,Sideburn Run,Week4,249.0 Sideburn Run - 153.0 Canterbury Woods
Cardinal Hill,Week4,Shouse Village,Week3,224.0 Cardinal Hill - 178.0 Shouse Village
Canterbury Woods,Week5,Fairfax,Week3,307.0 Fairfax - 91.0 Canterbury Woods
Canterbury Woods,Week1,Langley,Week2,291.0 Langley - 111.0 Canterbury Woods
Canterbury Woods,Week3,Daventry,Week4,284.0 Canterbury Woods - 117.0 Daventry
Canterbury Woods,Week1,Sideburn Run,Week5,260.0 Sideburn Run - 142.0 Canterbury Woods
Canterbury Woods,Week1,Fairfax,Week2,314.0 Fairfax - 88.0 Canterbury Woods
Canterbury Woods,Week3,Langley,Week3,271.0 Langley - 131.0 Canterbury Woods
Cardinal Hill,Week3,Shouse Village,Week4,252.0 Cardinal Hill - 150.0 Shouse Village
Canterbury Woods,Week3,Langley,Week4,291.0 Langley - 111.0 Canterbury Woods
Cardinal Hill,Week4,Burke Station,Week5,288.0 Cardinal Hill - 114.0 Burke Station
Cardinal Hill,Week5,Burke Station,Week2,315.0 Cardinal Hill - 83.0 Burke Station
Canterbury Woods,Week2,Sideburn Run,Week1,258.0 Sideburn Run - 144.0 Canterbury Woods
Cardinal Hill,Week1,Sideburn Run,Week3,253.0 Cardinal Hill - 149.0 Sideburn Run
Canterbury Woods,Week2,Daventry,Week2,249.0 Canterbury Woods - 149.0 Daventry
Canterbury Woods,Week2,Villa Aquatic,Week5,267.0 Villa Aquatic - 135.0 Canterbury Woods
Cardinal Hill,Week5,Burke Station,Week1,266.0 Cardinal Hill - 109.0 Burke Station
Cardinal Hill,Week2,Sideburn Run,Week2,242.0 Cardinal Hill - 160.0 Sideburn Run
Canterbury Woods,Week3,Fairfax,Week4,324.0 Fairfax - 78.0 Canterbury Woods
Canterbury Woods,Week5,Vienna Woods,Week3,303.0 Vienna Woods - 98.0 Canterbury Woods
Canterbury Woods,Week2,Villa Aquatic,Week3,279.0 Villa Aquatic - 123.0 Canterbury Woods
Canterbury Woods,Week3,Daventry,Week2,290.0 Canterbury Woods - 110.0 Daventry
Cardinal Hill,Week5,Shouse Village,Week4,218.0 Cardinal Hill - 184.0 Shouse Village
Cardinal Hill,Week1,Camelot,Week4,261.0 Cardinal Hill - 141.0 Camelot
Canterbury Woods,Week5,Daventry,Week2,268.0 Canterbury Woods - 124.0 Daventry
Canterbury Woods,Week5,Langley,Week1,286.0 Langley - 116.0 Canterbury Woods
Canterbury Woods,Week2,Fairfax,Week5,336.0 Fairfax - 65.0 Canterbury Woods
Canterbury Woods,Week2,Villa Aquatic,Week4,253.0 Villa Aquatic - 149.0 Canterbury Woods
Canterbury Woods,Week2,Fairfax,Week3,319.0 Fairfax - 82.0 Canterbury Woods
Canterbury Woods,Week4,Fairfax,Week5,318.0 Fairfax - 84.0 Canterbury Woods
Canterbury Woods,Week3,Villa Aquatic,Week4,222.0 Villa Aquatic - 180.0 Canterbury Woods
Canterbury Woods,Week4,Daventry,Week3,278.0 Canterbury Woods - 122.0 Daventry
Canterbury Woods,Week2,Fairfax,Week1,308.0 Fairfax - 94.0 Canterbury Woods
Cardinal Hill,Week5,Shouse Village,Week5,216.0 Cardinal Hill - 186.0 Shouse Village
Cardinal Hill,Week5,Shouse Village,Week1,237.0 Cardinal Hill - 165.0 Shouse Village
Canterbury Woods,Week4,Daventry,Week1,279.0 Canterbury Woods - 123.0 Daventry
Cardinal Hill,Week2,Camelot,Week2,254.0 Cardinal Hill - 148.0 Camelot
Cardinal Hill,Week5,Burke Station,Week3,287.0 Cardinal Hill - 109.0 Burke Station
Cardinal Hill,Week4,Camelot,Week2,234.0 Cardinal Hill - 168.0 Camelot
Canterbury Woods,Week1,Sleepy Hollow B & R,Week1,261.0 Sleepy Hollow B & R - 141.0 Canterbury Woods
Cardinal Hill,Week1,Sideburn Run,Week4,249.0 Cardinal Hill - 153.0 Sideburn Run
Canterbury Woods,Week1,Sleepy Hollow B & R,Week4,287.0 Sleepy Hollow B & R - 115.0 Canterbury Woods
Canterbury Woods,Week1,Langley,Week5,289.0 Langley - 113.0 Canterbury Woods
Canterbury Woods,Week5,Vienna Woods,Week1,294.0 Vienna Woods - 108.0 Canterbury Woods
Canterbury Woods,Week5,Vienna Woods,Week5,324.0 Vienna Woods - 77.0 Canterbury Woods
Canterbury Woods,Week2,Sleepy Hollow B & R,Week2,272.0 Sleepy Hollow B & R - 130.0 Canterbury Woods
Canterbury Woods,Week5,Lakeview,Week1,236.0 Canterbury Woods - 165.0 Lakeview
Canterbury Woods,Week3,Langley,Week1,288.0 Langley - 114.0 Canterbury Woods
Canterbury Woods,Week2,Daventry,Week4,250.0 Canterbury Woods - 151.0 Daventry
Canterbury Woods,Week3,Cottontail,Week5,213.0 Cottontail - 189.0 Canterbury Woods
Canterbury Woods,Week2,Sleepy Hollow B & R,Week4,288.0 Sleepy Hollow B & R - 114.0 Canterbury Woods
Canterbury Woods,Week4,Langley,Week3,293.0 Langley - 109.0 Canterbury Woods
Canterbury Woods,Week1,Villa Aquatic,Week2,234.0 Villa Aquatic - 168.0 Canterbury Woods
Cardinal Hill,Week3,Camelot,Week4,290.0 Cardinal Hill - 112.0 Camelot
Canterbury Woods,Week4,Sideburn Run,Week5,246.0 Sideburn Run - 156.0 Canterbury Woods
Canterbury Woods,Week4,Langley,Week2,286.0 Langley - 116.0 Canterbury Woods
Canterbury Woods,Week3,Villa Aquatic,Week1,207.0 Canterbury Woods - 195.0 Villa Aquatic
Canterbury Woods,Week4,Fairfax,Week1,285.0 Fairfax - 117.0 Canterbury Woods
Canterbury Woods,Week4,Fairfax,Week3,303.0 Fairfax - 99.0 Canterbury Woods
Canterbury Woods,Week4,Fairfax,Week2,305.0 Fairfax - 97.0 Canterbury Woods
Cardinal Hill,Week5,Burke Station,Week4,300.0 Cardinal Hill - 102.0 Burke Station
Canterbury Woods,Week4,Daventry,Week4,283.0 Canterbury Woods - 119.0 Daventry
Cardinal Hill,Week3,Shouse Village,Week3,255.0 Cardinal Hill - 147.0 Shouse Village
Canterbury Woods,Week4,Langley,Week5,278.0 Langley - 119.0 Canterbury Woods
Canterbury Woods,Week2,Sideburn Run,Week3,255.0 Sideburn Run - 147.0 Canterbury Woods
Cardinal Hill,Week1,Camelot,Week2,259.0 Cardinal Hill - 143.0 Camelot
Cardinal Hill,Week3,Sideburn Run,Week5,260.0 Cardinal Hill - 142.0 Sideburn Run
Canterbury Woods,Week1,Cottontail,Week4,217.0 Cottontail - 185.0 Canterbury Woods
Cardinal Hill,Week1,Sideburn Run,Week1,260.0 Cardinal Hill - 142.0 Sideburn Run
Canterbury Woods,Week2,Sideburn Run,Week2,244.0 Sideburn Run - 158.0 Canterbury Woods
Canterbury Woods,Week1,Villa Aquatic,Week4,249.0 Villa Aquatic - 153.0 Canterbury Woods
Canterbury Woods,Week2,Fairfax,Week2,327.0 Fairfax - 75.0 Canterbury Woods
Cardinal Hill,Week3,Camelot,Week2,274.0 Cardinal Hill - 128.0 Camelot
Canterbury Woods,Week1,Fairfax,Week4,320.0 Fairfax - 82.0 Canterbury Woods
Canterbury Woods,Week4,Lakeview,Week5,239.5 Canterbury Woods - 152.5 Lakeview
Canterbury Woods,Week5,Commonwealth,Week5,206.0 Commonwealth - 196.0 Canterbury Woods
Canterbury Woods,Week2,Villa Aquatic,Week1,233.0 Villa Aquatic - 169.0 Canterbury Woods
Canterbury Woods,Week4,Sideburn Run,Week4,242.5 Sideburn Run - 159.5 Canterbury Woods
Canterbury Woods,Week1,Villa Aquatic,Week1,221.0 Villa Aquatic - 181.0 Canterbury Woods
Canterbury Woods,Week4,Cottontail,Week4,204.0 Canterbury Woods - 198.0 Cottontail
Canterbury Woods,Week1,Fairfax,Week3,314.0 Fairfax - 88.0 Canterbury Woods
Canterbury Woods,Week3,Villa Aquatic,Week2,205.0 Villa Aquatic - 197.0 Canterbury Woods
Cardinal Hill,Week3,Camelot,Week1,294.0 Cardinal Hill - 108.0 Camelot
Canterbury Woods,Week2,Langley,Week5,291.0 Langley - 111.0 Canterbury Woods
Canterbury Woods,Week2,Sideburn Run,Week4,259.5 Sideburn Run - 142.5 Canterbury Woods
Cardinal Hill,Week1,Sideburn Run,Week5,248.0 Cardinal Hill - 154.0 Sideburn Run
Canterbury Woods,Week3,Fairfax,Week1,301.0 Fairfax - 101.0 Canterbury Woods
Canterbury Woods,Week1,Cottontail,Week1,237.0 Cottontail - 165.0 Canterbury Woods
Canterbury Woods,Week1,Fairfax,Week5,340.0 Fairfax - 62.0 Canterbury Woods
Canterbury Woods,Week3,Sideburn Run,Week5,260.0 Sideburn Run - 142.0 Canterbury Woods
Cardinal Hill,Week1,Camelot,Week3,269.0 Cardinal Hill - 133.0 Camelot
Canterbury Woods,Week1,Cottontail,Week2,221.0 Cottontail - 181.0 Canterbury Woods
Canterbury Woods,Week3,Langley,Week5,271.0 Langley - 131.0 Canterbury Woods
Cardinal Hill,Week2,Sideburn Run,Week3,229.0 Cardinal Hill - 173.0 Sideburn Run
Canterbury Woods,Week4,Sideburn Run,Week2,233.0 Sideburn Run - 169.0 Canterbury Woods
Canterbury Woods,Week4,Commonwealth,Week2,203.0 Canterbury Woods - 199.0 Commonwealth
Cardinal Hill,Week2,Sideburn Run,Week5,238.0 Cardinal Hill - 164.0 Sideburn Run
Canterbury Woods,Week3,Sideburn Run,Week3,242.0 Sideburn Run - 160.0 Canterbury Woods
Cardinal Hill,Week2,Camelot,Week5,250.0 Cardinal Hill - 152.0 Camelot
Canterbury Woods,Week1,Villa Aquatic,Week3,263.0 Villa Aquatic - 139.0 Canterbury Woods
Canterbury Woods,Week4,Langley,Week4,284.0 Langley - 118.0 Canterbury Woods
Cardinal Hill,Week3,Sideburn Run,Week2,283.0 Cardinal Hill - 119.0 Sideburn Run
Canterbury Woods,Week4,Villa Aquatic,Week2,203.0 Villa Aquatic - 199.0 Canterbury Woods
Canterbury Woods,Week3,Fairfax,Week3,316.0 Fairfax - 86.0 Canterbury Woods
Cardinal Hill,Week4,Shouse Village,Week4,226.0 Cardinal Hill - 176.0 Shouse Village
Cardinal Hill,Week2,Camelot,Week1,239.0 Cardinal Hill - 163.0 Camelot
Canterbury Woods,Week4,Commonwealth,Week3,210.0 Canterbury Woods - 192.0 Commonwealth
Canterbury Woods,Week4,Commonwealth,Week1,214.0 Canterbury Woods - 188.0 Commonwealth
Canterbury Woods,Week4,Villa Aquatic,Week4,235.0 Villa Aquatic - 167.0 Canterbury Woods
Cardinal Hill,Week4,Camelot,Week3,268.0 Cardinal Hill - 134.0 Camelot
Cardinal Hill,Week1,Camelot,Week1,253.0 Cardinal Hill - 149.0 Camelot
Canterbury Woods,Week5,Laurel Hill,Week3,209.0 Canterbury Woods - 192.0 Laurel Hill
Canterbury Woods,Week5,Villa Aquatic,Week1,212.0 Villa Aquatic - 190.0 Canterbury Woods
Canterbury Woods,Week4,Laurel Hill,Week2,264.0 Canterbury Woods - 138.0 Laurel Hill
Canterbury Woods,Week1,Sleepy Hollow B & R,Week2,283.0 Sleepy Hollow B & R - 119.0 Canterbury Woods
Cardinal Hill,Week3,Sideburn Run,Week1,269.0 Cardinal Hill - 133.0 Sideburn Run
Canterbury Woods,Week5,Fairfax,Week1,296.0 Fairfax - 106.0 Canterbury Woods
Canterbury Woods,Week4,Fairfax,Week4,308.0 Fairfax - 94.0 Canterbury Woods
Cardinal Hill,Week1,Sideburn Run,Week2,258.0 Cardinal Hill - 144.0 Sideburn Run
Canterbury Woods,Week4,Langley,Week1,287.0 Langley - 115.0 Canterbury Woods
Canterbury Woods,Week2,Sleepy Hollow B & R,Week1,259.0 Sleepy Hollow B & R - 143.0 Canterbury Woods
Canterbury Woods,Week5,Sideburn Run,Week4,247.0 Sideburn Run - 154.0 Canterbury Woods
Canterbury Woods,Week5,Sleepy Hollow B & R,Week4,265.0 Sleepy Hollow B & R - 137.0 Canterbury Woods
Canterbury Woods,Week2,Cottontail,Week5,233.0 Cottontail - 169.0 Canterbury Woods
Canterbury Woods,Week3,Fairfax,Week2,321.0 Fairfax - 81.0 Canterbury Woods
Canterbury Woods,Week5,Villa Aquatic,Week2,214.0 Villa Aquatic - 188.0 Canterbury Woods
Canterbury Woods,Week1,Lee Graham,Week2,310.0 Lee Graham - 92.0 Canterbury Woods
Cardinal Hill,Week3,Sideburn Run,Week3,271.0 Cardinal Hill - 131.0 Sideburn Run
Canterbury Woods,Week3,Cottontail,Week1,226.5 Cottontail - 175.5 Canterbury Woods
Cardinal Hill,Week2,Sleepy Hollow B & R,Week3,227.0 Cardinal Hill - 175.0 Sleepy Hollow B & R
Canterbury Woods,Week5,Commonwealth,Week1,203.0 Canterbury Woods - 194.0 Commonwealth
Canterbury Woods,Week5,Sideburn Run,Week5,261.0 Sideburn Run - 140.0 Canterbury Woods
Cardinal Hill,Week2,Sleepy Hollow B & R,Week1,243.0 Cardinal Hill - 159.0 Sleepy Hollow B & R
Cardinal Hill,Week5,Camelot,Week2,243.0 Cardinal Hill - 158.0 Camelot
Cardinal Hill,Week5,Camelot,Week3,253.0 Cardinal Hill - 148.0 Camelot
Canterbury Woods,Week5,Laurel Hill,Week5,201.0 Canterbury Woods - 201.0 Laurel Hill
Canterbury Woods,Week2,Cottontail,Week4,222.0 Cottontail - 180.0 Canterbury Woods
Canterbury Woods,Week1,Laurel Hill,Week5,212.0 Laurel Hill - 190.0 Canterbury Woods
Cardinal Hill,Week5,Sideburn Run,Week3,245.0 Cardinal Hill - 157.0 Sideburn Run
Canterbury Woods,Week3,Villa Aquatic,Week5,242.0 Villa Aquatic - 160.0 Canterbury Woods
Canterbury Woods,Week2,Sideburn Run,Week5,272.0 Sideburn Run - 130.0 Canterbury Woods
Canterbury Woods,Week3,Fairfax,Week5,345.0 Fairfax - 57.0 Canterbury Woods
Cardinal Hill,Week1,Camelot,Week5,268.0 Cardinal Hill - 134.0 Camelot
Canterbury Woods,Week1,Villa Aquatic,Week5,263.0 Villa Aquatic - 139.0 Canterbury Woods
Canterbury Woods,Week5,Vienna Woods,Week4,285.0 Vienna Woods - 111.0 Canterbury Woods
Canterbury Woods,Week4,Sleepy Hollow B & R,Week2,248.0 Sleepy Hollow B & R - 154.0 Canterbury Woods
Canterbury Woods,Week5,Fairfax,Week2,309.0 Fairfax - 93.0 Canterbury Woods
Canterbury Woods,Week1,Laurel Hill,Week1,219.0 Canterbury Woods - 182.0 Laurel Hill
Canterbury Woods,Week1,Laurel Hill,Week4,214.0 Canterbury Woods - 188.0 Laurel Hill
Cardinal Hill,Week4,Shouse Village,Week5,230.0 Cardinal Hill - 172.0 Shouse Village
Canterbury Woods,Week5,Sideburn Run,Week3,242.0 Sideburn Run - 159.0 Canterbury Woods
Canterbury Woods,Week4,Sideburn Run,Week3,230.0 Sideburn Run - 172.0 Canterbury Woods
Canterbury Woods,Week4,Cottontail,Week1,217.0 Cottontail - 185.0 Canterbury Woods
Cardinal Hill,Week4,Camelot,Week4,253.0 Cardinal Hill - 149.0 Camelot
Cardinal Hill,Week5,Shouse Village,Week3,229.0 Cardinal Hill - 173.0 Shouse Village
Canterbury Woods,Week5,Langley,Week5,276.0 Langley - 126.0 Canterbury Woods
Canterbury Woods,Week4,Villa Aquatic,Week5,241.0 Villa Aquatic - 161.0 Canterbury Woods
Canterbury Woods,Week5,Vienna Woods,Week2,292.0 Vienna Woods - 106.0 Canterbury Woods
Canterbury Woods,Week4,Commonwealth,Week4,210.0 Canterbury Woods - 192.0 Commonwealth
Cardinal Hill,Week3,Camelot,Week5,286.0 Cardinal Hill - 116.0 Camelot
Cardinal Hill,Week3,Camelot,Week3,285.0 Cardinal Hill - 117.0 Camelot
Cardinal Hill,Week4,Shouse Village,Week2,261.0 Cardinal Hill - 141.0 Shouse Village
Cardinal Hill,Week2,Canterbury Woods,Week4,256.0 Cardinal Hill - 146.0 Canterbury Woods
Canterbury Woods,Week5,Villa Aquatic,Week3,254.0 Villa Aquatic - 147.0 Canterbury Woods
Canterbury Woods,Week1,Sleepy Hollow B & R,Week3,291.0 Sleepy Hollow B & R - 111.0 Canterbury Woods
Cardinal Hill,Week2,Sideburn Run,Week4,238.0 Cardinal Hill - 164.0 Sideburn Run
Canterbury Woods,Week5,Village West,Week1,223.0 Canterbury Woods - 175.0 Village West
Canterbury Woods,Week2,Laurel Hill,Week3,201.0 Laurel Hill - 200.0 Canterbury Woods
Cardinal Hill,Week5,Shouse Village,Week2,262.0 Cardinal Hill - 140.0 Shouse Village
Cardinal Hill,Week3,Shouse Village,Week5,233.0 Cardinal Hill - 169.0 Shouse Village
Canterbury Woods,Week1,Cottontail,Week5,222.0 Cottontail - 180.0 Canterbury Woods
Canterbury Woods,Week4,Sideburn Run,Week1,242.0 Sideburn Run - 160.0 Canterbury Woods
Canterbury Woods,Week5,Langley,Week4,290.0 Langley - 112.0 Canterbury Woods
Canterbury Woods,Week1,Virginia Hills,Week5,285.0 Canterbury Woods - 117.0 Virginia Hills
Cardinal Hill,Week4,Shouse Village,Week1,250.0 Cardinal Hill - 152.0 Shouse Village
Canterbury Woods,Week3,Sideburn Run,Week4,247.0 Sideburn Run - 155.0 Canterbury Woods
Canterbury Woods,Week5,Village West,Week5,225.0 Canterbury Woods - 173.0 Village West
Cardinal Hill,Week5,Canterbury Woods,Week3,267.0 Cardinal Hill - 135.0 Canterbury Woods
Canterbury Woods,Week5,Commonwealth,Week4,209.0 Canterbury Woods - 193.0 Commonwealth
Canterbury Woods,Week4,Laurel Hill,Week1,239.0 Canterbury Woods - 162.0 Laurel Hill
Cardinal Hill,Week2,Camelot,Week4,250.0 Cardinal Hill - 152.0 Camelot
Canterbury Woods,Week3,Laurel Hill,Week2,257.0 Canterbury Woods - 140.0 Laurel Hill
Canterbury Woods,Week5,Sideburn Run,Week1,255.0 Sideburn Run - 142.0 Canterbury Woods
Cardinal Hill,Week2,Sideburn Run,Week1,223.0 Cardinal Hill - 179.0 Sideburn Run
Cardinal Hill,Week5,Camelot,Week1,262.0 Cardinal Hill - 140.0 Camelot
Canterbury Woods,Week5,Commonwealth,Week2,218.0 Commonwealth - 184.0 Canterbury Woods
Canterbury Woods,Week5,Villa Aquatic,Week5,258.0 Villa Aquatic - 144.0 Canterbury Woods
Cardinal Hill,Week2,Camelot,Week3,272.0 Cardinal Hill - 130.0 Camelot
Canterbury Woods,Week2,Cottontail,Week3,220.0 Cottontail - 182.0 Canterbury Woods
Canterbury Woods,Week3,Sideburn Run,Week1,249.0 Sideburn Run - 153.0 Canterbury Woods
Canterbury Woods,Week1,Cottontail,Week3,217.0 Cottontail - 185.0 Canterbury Woods
Canterbury Woods,Week3,Laurel Hill,Week1,249.0 Canterbury Woods - 153.0 Laurel Hill
Canterbury Woods,Week2,Laurel Hill,Week5,208.0 Laurel Hill - 193.0 Canterbury Woods
Cardinal Hill,Week4,Camelot,Week1,258.0 Cardinal Hill - 144.0 Camelot
Canterbury Woods,Week1,Sleepy Hollow B & R,Week5,287.0 Sleepy Hollow B & R - 115.0 Canterbury Woods
Cardinal Hill,Week3,Sideburn Run,Week4,270.0 Cardinal Hill - 132.0 Sideburn Run
Canterbury Woods,Week2,Village West,Week1,208.0 Canterbury Woods - 193.0 Village West
Canterbury Woods,Week3,Village West,Week5,244.0 Canterbury Woods - 158.0 Village West
Canterbury Woods,Week2,Cottontail,Week2,240.0 Cottontail - 162.0 Canterbury Woods
Canterbury Woods,Week4,Laurel Hill,Week3,223.0 Canterbury Woods - 178.0 Laurel Hill
Canterbury Woods,Week2,Cottontail,Week1,238.5 Cottontail - 163.5 Canterbury Woods
Cardinal Hill,Week4,Camelot,Week5,258.0 Cardinal Hill - 144.0 Camelot
Canterbury Woods,Week4,Laurel Hill,Week5,209.0 Canterbury Woods - 192.0 Laurel Hill
Canterbury Woods,Week4,Commonwealth,Week5,206.0 Canterbury Woods - 196.0 Commonwealth
Canterbury Woods,Week5,Sideburn Run,Week2,237.0 Sideburn Run - 164.0 Canterbury Woods
Cardinal Hill,Week1,Cardinal Hill,Week1,201.0 Cardinal Hill (CH1) - 201.0 Cardinal Hill (CH2)
Cardinal Hill,Week4,Sideburn Run,Week1,235.0 Cardinal Hill - 167.0 Sideburn Run
Cardinal Hill,Week4,Sideburn Run,Week3,242.0 Cardinal Hill - 160.0 Sideburn Run
Canterbury Woods,Week5,Commonwealth,Week3,217.0 Commonwealth - 185.0 Canterbury Woods
Canterbury Woods,Week2,Sleepy Hollow B & R,Week3,289.0 Sleepy Hollow B & R - 113.0 Canterbury Woods
Canterbury Woods,Week3,Sideburn Run,Week2,221.0 Sideburn Run - 181.0 Canterbury Woods
Canterbury Woods,Week3,Cottontail,Week3,206.0 Cottontail - 196.0 Canterbury Woods
Canterbury Woods,Week2,Village West,Week2,203.0 Canterbury Woods - 198.0 Village West
Canterbury Woods,Week2,Virginia Hills,Week2,308.0 Canterbury Woods - 92.0 Virginia Hills
Canterbury Woods,Week3,Village West,Week3,210.0 Canterbury Woods - 192.0 Village West
Canterbury Woods,Week3,Laurel Hill,Week3,234.5 Canterbury Woods - 167.5 Laurel Hill
Canterbury Woods,Week2,Sleepy Hollow B & R,Week5,303.0 Sleepy Hollow B & R - 99.0 Canterbury Woods
Cardinal Hill,Week1,Cardinal Hill,Week3,215.5 Cardinal Hill (CH2) - 186.5 Cardinal Hill (CH1)
Cardinal Hill,Week4,Sideburn Run,Week5,237.0 Cardinal Hill - 165.0 Sideburn Run
Canterbury Woods,Week3,Cottontail,Week4,206.0 Canterbury Woods - 196.0 Cottontail
Canterbury Woods,Week1,Laurel Hill,Week2,249.0 Canterbury Woods - 153.0 Laurel Hill
Cardinal Hill,Week3,Canterbury Woods,Week2,310.0 Cardinal Hill - 92.0 Canterbury Woods
Canterbury Woods,Week3,Sleepy Hollow B & R,Week2,269.0 Sleepy Hollow B & R - 133.0 Canterbury Woods
Canterbury Woods,Week5,Langley,Week3,288.0 Langley - 114.0 Canterbury Woods
Canterbury Woods,Week5,Village West,Week4,217.0 Canterbury Woods - 176.0 Village West
Cardinal Hill,Week5,Sideburn Run,Week1,241.0 Cardinal Hill - 161.0 Sideburn Run
Cardinal Hill,Week1,Cardinal Hill,Week5,238.0 Cardinal Hill (CH1) - 164.0 Cardinal Hill (CH2)
Canterbury Woods,Week3,Village West,Week2,241.0 Canterbury Woods - 161.0 Village West
Canterbury Woods,Week3,Sleepy Hollow B & R,Week3,272.0 Sleepy Hollow B & R - 130.0 Canterbury Woods
Canterbury Woods,Week5,Laurel Hill,Week1,236.0 Canterbury Woods - 166.0 Laurel Hill
Canterbury Woods,Week3,Cottontail,Week2,209.0 Cottontail - 193.0 Canterbury Woods
Canterbury Woods,Week4,Cottontail,Week5,208.0 Cottontail - 194.0 Canterbury Woods
Canterbury Woods,Week2,Laurel Hill,Week1,216.0 Canterbury Woods - 184.0 Laurel Hill
Canterbury Woods,Week3,Sleepy Hollow B & R,Week5,301.0 Sleepy Hollow B & R - 101.0 Canterbury Woods
Cardinal Hill,Week1,Canterbury Woods,Week5,281.0 Cardinal Hill - 121.0 Canterbury Woods
Canterbury Woods,Week3,Sleepy Hollow B & R,Week4,278.0 Sleepy Hollow B & R - 124.0 Canterbury Woods
Cardinal Hill,Week1,Canterbury Woods,Week4,277.0 Cardinal Hill - 125.0 Canterbury Woods
Cardinal Hill,Week4,Sideburn Run,Week4,259.0 Cardinal Hill - 143.0 Sideburn Run
Canterbury Woods,Week1,Laurel Hill,Week3,207.0 Canterbury Woods - 195.0 Laurel Hill
Cardinal Hill,Week1,Canterbury Woods,Week3,281.0 Cardinal Hill - 121.0 Canterbury Woods
Canterbury Woods,Week2,Laurel Hill,Week4,208.0 Canterbury Woods - 193.0 Laurel Hill
Cardinal Hill,Week4,Sideburn Run,Week2,255.5 Cardinal Hill - 146.5 Sideburn Run
Cardinal Hill,Week5,Sideburn Run,Week2,253.0 Cardinal Hill - 149.0 Sideburn Run
Canterbury Woods,Week2,Village West,Week4,214.0 Canterbury Woods - 182.0 Village West
Canterbury Woods,Week4,Sleepy Hollow B & R,Week1,232.0 Sleepy Hollow B & R - 170.0 Canterbury Woods
Cardinal Hill,Week1,Sleepy Hollow B & R,Week1,264.0 Cardinal Hill - 138.0 Sleepy Hollow B & R
Canterbury Woods,Week4,Laurel Hill,Week4,230.0 Canterbury Woods - 171.0 Laurel Hill
Canterbury Woods,Week3,Village West,Week4,233.5 Canterbury Woods - 163.5 Village West
Cardinal Hill,Week2,Canterbury Woods,Week5,265.0 Cardinal Hill - 131.0 Canterbury Woods
Canterbury Woods,Week5,Cottontail,Week2,214.0 Cottontail - 188.0 Canterbury Woods
Canterbury Woods,Week4,Village West,Week4,236.0 Canterbury Woods - 161.0 Village West
Cardinal Hill,Week3,Canterbury Woods,Week5,295.0 Cardinal Hill - 106.0 Canterbury Woods
Cardinal Hill,Week1,Sleepy Hollow B & R,Week2,259.0 Cardinal Hill - 143.0 Sleepy Hollow B & R
Canterbury Woods,Week4,Cottontail,Week2,208.0 Cottontail - 194.0 Canterbury Woods
Canterbury Woods,Week4,Cottontail,Week3,202.0 Canterbury Woods - 200.0 Cottontail
Canterbury Woods,Week4,Village West,Week2,242.0 Canterbury Woods - 160.0 Village West
Canterbury Woods,Week3,Sleepy Hollow B & R,Week1,253.0 Sleepy Hollow B & R - 149.0 Canterbury Woods
Canterbury Woods,Week1,Country Club Hills,Week4,224.0 Country Club Hills - 178.0 Canterbury Woods
Canterbury Woods,Week1,Country Club Hills,Week2,220.0 Country Club Hills - 182.0 Canterbury Woods
Canterbury Woods,Week4,Sleepy Hollow B & R,Week5,281.5 Sleepy Hollow B & R - 120.5 Canterbury Woods
Cardinal Hill,Week5,Camelot,Week5,254.0 Cardinal Hill - 148.0 Camelot
Cardinal Hill,Week4,Canterbury Woods,Week2,290.0 Cardinal Hill - 112.0 Canterbury Woods
Cardinal Hill,Week5,Sideburn Run,Week4,247.0 Cardinal Hill - 155.0 Sideburn Run
Canterbury Woods,Week4,Sleepy Hollow B & R,Week4,264.0 Sleepy Hollow B & R - 138.0 Canterbury Woods
Cardinal Hill,Week5,Sideburn Run,Week5,230.0 Cardinal Hill - 172.0 Sideburn Run
Canterbury Woods,Week2,Village West,Week3,210.0 Village West - 191.0 Canterbury Woods
Cardinal Hill,Week5,Camelot,Week4,252.0 Cardinal Hill - 150.0 Camelot
Cardinal Hill,Week2,Canterbury Woods,Week2,288.0 Cardinal Hill - 114.0 Canterbury Woods
Cardinal Hill,Week1,Canterbury Woods,Week1,291.0 Cardinal Hill - 111.0 Canterbury Woods
Canterbury Woods,Week2,Laurel Hill,Week2,229.0 Canterbury Woods - 173.0 Laurel Hill
Cardinal Hill,Week1,Sleepy Hollow B & R,Week3,233.0 Cardinal Hill - 169.0 Sleepy Hollow B & R
Canterbury Woods,Week5,Cottontail,Week5,230.5 Cottontail - 170.5 Canterbury Woods
Cardinal Hill,Week2,Canterbury Woods,Week3,275.0 Cardinal Hill - 127.0 Canterbury Woods
Canterbury Woods,Week1,Country Club Hills,Week1,233.0 Country Club Hills - 169.0 Canterbury Woods
Canterbury Woods,Week5,Sleepy Hollow B & R,Week1,248.0 Sleepy Hollow B & R - 154.0 Canterbury Woods
Canterbury Woods,Week1,Village West,Week3,203.0 Canterbury Woods - 199.0 Village West
Canterbury Woods,Week1,Country Club Hills,Week3,226.0 Country Club Hills - 176.0 Canterbury Woods
Canterbury Woods,Week4,Sleepy Hollow B & R,Week3,259.0 Sleepy Hollow B & R - 143.0 Canterbury Woods
Canterbury Woods,Week1,Virginia Hills,Week1,309.0 Canterbury Woods - 93.0 Virginia Hills
Canterbury Woods,Week5,Sleepy Hollow B & R,Week3,280.0 Sleepy Hollow B & R - 122.0 Canterbury Woods
Canterbury Woods,Week4,Village West,Week1,247.0 Canterbury Woods - 155.0 Village West
Canterbury Woods,Week5,Cottontail,Week1,223.0 Cottontail - 179.0 Canterbury Woods
Canterbury Woods,Week2,Village West,Week5,213.0 Canterbury Woods - 187.0 Village West
Canterbury Woods,Week5,Laurel Hill,Week4,219.0 Canterbury Woods - 183.0 Laurel Hill
Cardinal Hill,Week4,Canterbury Woods,Week3,268.0 Cardinal Hill - 134.0 Canterbury Woods
Canterbury Woods,Week3,Laurel Hill,Week4,240.0 Canterbury Woods - 162.0 Laurel Hill
Canterbury Woods,Week3,Laurel Hill,Week5,215.0 Canterbury Woods - 186.0 Laurel Hill
Canterbury Woods,Week5,Laurel Hill,Week2,237.0 Canterbury Woods - 164.0 Laurel Hill
Cardinal Hill,Week1,Sleepy Hollow B & R,Week5,209.0 Cardinal Hill - 193.0 Sleepy Hollow B & R
Cardinal Hill,Week3,Sleepy Hollow B & R,Week1,278.0 Cardinal Hill - 124.0 Sleepy Hollow B & R
Cardinal Hill,Week1,Sleepy Hollow B & R,Week4,235.0 Cardinal Hill - 167.0 Sleepy Hollow B & R
Canterbury Woods,Week1,Lee Graham,Week1,305.0 Lee Graham - 97.0 Canterbury Woods
Canterbury Woods,Week1,Village West,Week4,221.0 Canterbury Woods - 176.0 Village West
Canterbury Woods,Week2,Country Club Hills,Week1,232.0 Country Club Hills - 165.0 Canterbury Woods
Canterbury Woods,Week1,Lee Graham,Week3,315.0 Lee Graham - 87.0 Canterbury Woods
Canterbury Woods,Week5,Sleepy Hollow B & R,Week2,264.0 Sleepy Hollow B & R - 137.0 Canterbury Woods
Canterbury Woods,Week1,Village West,Week2,211.0 Canterbury Woods - 191.0 Village West
Canterbury Woods,Week1,Village West,Week5,210.0 Canterbury Woods - 192.0 Village West
Cardinal Hill,Week2,Sleepy Hollow B & R,Week2,230.0 Cardinal Hill - 172.0 Sleepy Hollow B & R
Canterbury Woods,Week1,Country Club Hills,Week5,238.0 Country Club Hills - 164.0 Canterbury Woods
Cardinal Hill,Week1,Canterbury Woods,Week2,292.0 Cardinal Hill - 110.0 Canterbury Woods
Canterbury Woods,Week5,Sleepy Hollow B & R,Week5,277.0 Sleepy Hollow B & R - 125.0 Canterbury Woods
Canterbury Woods,Week2,Country Club Hills,Week3,231.0 Country Club Hills - 171.0 Canterbury Woods
Canterbury Woods,Week2,Lee Graham,Week2,308.0 Lee Graham - 94.0 Canterbury Woods
Canterbury Woods,Week1,Sleepy Hollow Rec,Week2,226.0 Canterbury Woods - 176.0 Sleepy Hollow Rec
Canterbury Woods,Week1,Lee Graham,Week5,310.0 Lee Graham - 92.0 Canterbury Woods
Cardinal Hill,Week3,Sleepy Hollow B & R,Week5,240.0 Cardinal Hill - 162.0 Sleepy Hollow B & R
Canterbury Woods,Week5,Cottontail,Week3,210.0 Cottontail - 192.0 Canterbury Woods
Canterbury Woods,Week1,Lee Graham,Week4,311.0 Lee Graham - 91.0 Canterbury Woods
Cardinal Hill,Week3,Canterbury Woods,Week3,303.0 Cardinal Hill - 99.0 Canterbury Woods
Canterbury Woods,Week2,Country Club Hills,Week2,221.0 Country Club Hills - 181.0 Canterbury Woods
Cardinal Hill,Week3,Canterbury Woods,Week1,306.0 Cardinal Hill - 96.0 Canterbury Woods
Cardinal Hill,Week3,Sleepy Hollow B & R,Week2,268.5 Cardinal Hill - 133.5 Sleepy Hollow B & R
Canterbury Woods,Week1,Sleepy Hollow Rec,Week3,206.0 Canterbury Woods - 196.0 Sleepy Hollow Rec
Canterbury Woods,Week3,Village West,Week1,232.0 Canterbury Woods - 170.0 Village West
Cardinal Hill,Week4,Canterbury Woods,Week4,268.0 Cardinal Hill - 134.0 Canterbury Woods
Canterbury Woods,Week2,Lee Graham,Week1,302.0 Lee Graham - 100.0 Canterbury Woods
Canterbury Woods,Week1,Sleepy Hollow Rec,Week1,216.0 Canterbury Woods - 186.0 Sleepy Hollow Rec
Canterbury Woods,Week5,Village West,Week2,212.0 Canterbury Woods - 186.0 Village West
Cardinal Hill,Week3,Sleepy Hollow B & R,Week4,271.0 Cardinal Hill - 131.0 Sleepy Hollow B & R
Cardinal Hill,Week2,Sleepy Hollow B & R,Week4,220.0 Cardinal Hill - 182.0 Sleepy Hollow B & R
Canterbury Woods,Week4,Village West,Week5,241.0 Canterbury Woods - 160.0 Village West
Canterbury Woods,Week5,Hunter Mill,Week3,273.0 Hunter Mill - 129.0 Canterbury Woods
Cardinal Hill,Week5,Sleepy Hollow B & R,Week3,235.0 Cardinal Hill - 167.0 Sleepy Hollow B & R
Canterbury Woods,Week2,Virginia Hills,Week1,304.0 Canterbury Woods - 97.0 Virginia Hills
Canterbury Woods,Week5,Village West,Week3,203.0 Canterbury Woods - 198.0 Village West
Cardinal Hill,Week4,Sleepy Hollow B & R,Week4,218.0 Cardinal Hill - 184.0 Sleepy Hollow B & R
Canterbury Woods,Week4,Village West,Week3,216.0 Canterbury Woods - 185.0 Village West
Canterbury Woods,Week5,Cottontail,Week4,203.0 Cottontail - 193.0 Canterbury Woods
Canterbury Woods,Week1,Virginia Hills,Week2,314.0 Canterbury Woods - 88.0 Virginia Hills
Cardinal Hill,Week5,Canterbury Woods,Week5,259.5 Cardinal Hill - 138.5 Canterbury Woods
Canterbury Woods,Week1,Virginia Hills,Week3,293.0 Canterbury Woods - 109.0 Virginia Hills
Canterbury Woods,Week5,Hunter Mill,Week4,267.0 Hunter Mill - 135.0 Canterbury Woods
Canterbury Woods,Week2,Virginia Hills,Week5,273.0 Canterbury Woods - 129.0 Virginia Hills
Cardinal Hill,Week3,Sleepy Hollow B & R,Week3,259.0 Cardinal Hill - 143.0 Sleepy Hollow B & R
Canterbury Woods,Week1,Village West,Week1,223.0 Canterbury Woods - 179.0 Village West
Canterbury Woods,Week4,Hunter Mill,Week5,274.0 Hunter Mill - 128.0 Canterbury Woods
Cardinal Hill,Week4,Sleepy Hollow B & R,Week1,237.5 Cardinal Hill - 164.5 Sleepy Hollow B & R
Canterbury Woods,Week1,Virginia Hills,Week4,299.0 Canterbury Woods - 103.0 Virginia Hills
Canterbury Woods,Week1,Ilda Community,Week3,234.0 Canterbury Woods - 163.0 Ilda Community
Cardinal Hill,Week5,Canterbury Woods,Week4,253.0 Cardinal Hill - 149.0 Canterbury Woods
Canterbury Woods,Week1,Sleepy Hollow Rec,Week5,207.0 Sleepy Hollow Rec - 195.0 Canterbury Woods
Cardinal Hill,Week4,Sleepy Hollow B & R,Week5,208.0 Sleepy Hollow B & R - 194.0 Cardinal Hill
Canterbury Woods,Week1,Ilda Community,Week4,214.0 Canterbury Woods - 188.0 Ilda Community
Cardinal Hill,Week5,Canterbury Woods,Week1,273.0 Cardinal Hill - 129.0 Canterbury Woods
Canterbury Woods,Week5,Ilda Community,Week5,229.0 Canterbury Woods - 169.0 Ilda Community
Cardinal Hill,Week5,Sleepy Hollow B & R,Week1,246.0 Cardinal Hill - 156.0 Sleepy Hollow B & R
Canterbury Woods,Week1,Sleepy Hollow Rec,Week4,226.0 Canterbury Woods - 175.0 Sleepy Hollow Rec
Cardinal Hill,Week5,Sleepy Hollow B & R,Week2,240.5 Cardinal Hill - 161.5 Sleepy Hollow B & R
Cardinal Hill,Week3,Canterbury Woods,Week4,290.5 Cardinal Hill - 111.5 Canterbury Woods
Cardinal Hill,Week2,Canterbury Woods,Week1,277.0 Cardinal Hill - 120.0 Canterbury Woods
Canterbury Woods,Week2,Ilda Community,Week3,226.0 Canterbury Woods - 171.0 Ilda Community
Canterbury Woods,Week2,Ilda Community,Week4,213.0 Canterbury Woods - 189.0 Ilda Community
Cardinal Hill,Week4,Sleepy Hollow B & R,Week3,221.0 Cardinal Hill - 181.0 Sleepy Hollow B & R
Cardinal Hill,Week5,Canterbury Woods,Week2,276.0 Cardinal Hill - 125.0 Canterbury Woods
Cardinal Hill,Week4,Canterbury Woods,Week5,269.0 Cardinal Hill - 133.0 Canterbury Woods
Cardinal Hill,Week4,Canterbury Woods,Week1,284.0 Cardinal Hill - 118.0 Canterbury Woods
Canterbury Woods,Week3,Virginia Hills,Week1,327.0 Canterbury Woods - 75.0 Virginia Hills
Canterbury Woods,Week2,Virginia Hills,Week4,282.0 Canterbury Woods - 119.0 Virginia Hills
Cardinal Hill,Week4,Cardinal Hill,Week4,201.0 Cardinal Hill (CH1) - 201.0 Cardinal Hill (CH2)
Canterbury Woods,Week2,Ilda Community,Week5,228.0 Canterbury Woods - 173.0 Ilda Community
Cardinal Hill,Week1,Cardinal Hill,Week4,240.0 Cardinal Hill (CH1) - 162.0 Cardinal Hill (CH2)
Canterbury Woods,Week3,Ilda Community,Week4,227.0 Canterbury Woods - 175.0 Ilda Community
Canterbury Woods,Week5,Virginia Hills,Week4,293.0 Canterbury Woods - 105.0 Virginia Hills
Cardinal Hill,Week2,Cardinal Hill,Week1,254.0 Cardinal Hill (CH2) - 148.0 Cardinal Hill (CH1)
Cardinal Hill,Week1,Cardinal Hill,Week2,254.0 Cardinal Hill (CH1) - 148.0 Cardinal Hill (CH2)
Cardinal Hill,Week5,Cardinal Hill,Week3,264.5 Cardinal Hill (CH2) - 137.5 Cardinal Hill (CH1)
Canterbury Woods,Week4,Ilda Community,Week3,254.0 Canterbury Woods - 148.0 Ilda Community
Canterbury Woods,Week1,Kent Gardens,Week2,249.0 Kent Gardens - 153.0 Canterbury Woods
Cardinal Hill,Week1,Chesterbrook,Week2,304.0 Chesterbrook - 98.0 Cardinal Hill
Cardinal Hill,Week5,Sleepy Hollow B & R,Week4,238.0 Cardinal Hill - 164.0 Sleepy Hollow B & R
Canterbury Woods,Week3,Virginia Hills,Week4,327.0 Canterbury Woods - 75.0 Virginia Hills
Canterbury Woods,Week5,Ilda Community,Week4,233.0 Canterbury Woods - 168.0 Ilda Community
Cardinal Hill,Week3,Cardinal Hill,Week3,201.0 Cardinal Hill (CH1) - 201.0 Cardinal Hill (CH2)
Cardinal Hill,Week2,Cardinal Hill,Week2,198.5 Cardinal Hill (CH1) - 198.5 Cardinal Hill (CH2)
Canterbury Woods,Week1,Ilda Community,Week5,223.0 Canterbury Woods - 179.0 Ilda Community
Canterbury Woods,Week4,Virginia Hills,Week3,311.0 Canterbury Woods - 91.0 Virginia Hills
Canterbury Woods,Week3,Ilda Community,Week1,263.0 Canterbury Woods - 139.0 Ilda Community
Canterbury Woods,Week4,Ilda Community,Week4,238.0 Canterbury Woods - 164.0 Ilda Community
Canterbury Woods,Week4,Virginia Hills,Week5,295.0 Canterbury Woods - 107.0 Virginia Hills
Cardinal Hill,Week1,Chesterbrook,Week4,310.0 Chesterbrook - 92.0 Cardinal Hill
Cardinal Hill,Week4,Sleepy Hollow B & R,Week2,224.0 Cardinal Hill - 178.0 Sleepy Hollow B & R
Canterbury Woods,Week5,Virginia Hills,Week3,290.0 Canterbury Woods - 111.0 Virginia Hills
Canterbury Woods,Week4,Hunter Mill,Week4,265.0 Hunter Mill - 137.0 Canterbury Woods
Canterbury Woods,Week4,Virginia Hills,Week1,332.0 Canterbury Woods - 70.0 Virginia Hills
Cardinal Hill,Week5,Sleepy Hollow B & R,Week5,210.0 Cardinal Hill - 192.0 Sleepy Hollow B & R
Canterbury Woods,Week5,Ilda Community,Week2,245.0 Canterbury Woods - 156.0 Ilda Community
Cardinal Hill,Week3,Cardinal Hill,Week2,267.0 Cardinal Hill (CH1) - 135.0 Cardinal Hill (CH2)
Canterbury Woods,Week4,Virginia Hills,Week2,338.0 Canterbury Woods - 63.0 Virginia Hills
Canterbury Woods,Week5,Virginia Hills,Week5,280.0 Canterbury Woods - 121.0 Virginia Hills
Cardinal Hill,Week2,Cardinal Hill,Week3,267.0 Cardinal Hill (CH2) - 135.0 Cardinal Hill (CH1)
Cardinal Hill,Week2,Cardinal Hill,Week5,206.0 Cardinal Hill (CH2) - 196.0 Cardinal Hill (CH1)
Canterbury Woods,Week2,Ilda Community,Week2,233.0 Canterbury Woods - 169.0 Ilda Community
Cardinal Hill,Week2,Sleepy Hollow B & R,Week5,203.0 Sleepy Hollow B & R - 199.0 Cardinal Hill
Canterbury Woods,Week5,Virginia Hills,Week1,302.0 Canterbury Woods - 95.0 Virginia Hills
Canterbury Woods,Week5,Hunter Mill,Week2,277.0 Hunter Mill - 125.0 Canterbury Woods
Canterbury Woods,Week4,Virginia Hills,Week4,311.0 Canterbury Woods - 91.0 Virginia Hills
Cardinal Hill,Week3,Cardinal Hill,Week1,215.5 Cardinal Hill (CH1) - 186.5 Cardinal Hill (CH2)
Cardinal Hill,Week2,Chesterbrook,Week2,325.0 Chesterbrook - 77.0 Cardinal Hill
Canterbury Woods,Week4,Ilda Community,Week1,257.0 Canterbury Woods - 145.0 Ilda Community
Canterbury Woods,Week3,Virginia Hills,Week2,336.0 Canterbury Woods - 66.0 Virginia Hills
Canterbury Woods,Week3,Virginia Hills,Week5,294.0 Canterbury Woods - 103.0 Virginia Hills
Canterbury Woods,Week1,Virginia Run,Week2,254.0 Virginia Run - 148.0 Canterbury Woods
Cardinal Hill,Week4,Cardinal Hill,Week1,240.0 Cardinal Hill (CH2) - 162.0 Cardinal Hill (CH1)
Cardinal Hill,Week3,Cardinal Hill,Week5,264.5 Cardinal Hill (CH1) - 137.5 Cardinal Hill (CH2)
Canterbury Woods,Week2,Virginia Hills,Week3,295.0 Canterbury Woods - 107.0 Virginia Hills
Canterbury Woods,Week5,Hunter Mill,Week1,269.0 Hunter Mill - 128.0 Canterbury Woods
Canterbury Woods,Week1,Ilda Community,Week2,240.0 Canterbury Woods - 162.0 Ilda Community
Canterbury Woods,Week5,Virginia Hills,Week2,320.0 Canterbury Woods - 77.0 Virginia Hills
Cardinal Hill,Week4,Cardinal Hill,Week3,267.0 Cardinal Hill (CH2) - 135.0 Cardinal Hill (CH1)
Cardinal Hill,Week5,Cardinal Hill,Week4,207.0 Cardinal Hill (CH1) - 195.0 Cardinal Hill (CH2)
Canterbury Woods,Week4,Hunter Mill,Week3,282.0 Hunter Mill - 120.0 Canterbury Woods
Cardinal Hill,Week5,Cardinal Hill,Week1,238.0 Cardinal Hill (CH2) - 164.0 Cardinal Hill (CH1)
Canterbury Woods,Week3,Ilda Community,Week2,248.0 Canterbury Woods - 154.0 Ilda Community
Canterbury Woods,Week1,Virginia Run,Week3,263.0 Virginia Run - 139.0 Canterbury Woods
Canterbury Woods,Week1,Virginia Run,Week1,279.0 Virginia Run - 123.0 Canterbury Woods
Canterbury Woods,Week3,Virginia Hills,Week3,317.0 Canterbury Woods - 85.0 Virginia Hills
Cardinal Hill,Week4,Cardinal Hill,Week2,208.0 Cardinal Hill (CH1) - 194.0 Cardinal Hill (CH2)
Canterbury Woods,Week5,Hunter Mill,Week5,281.0 Hunter Mill - 121.0 Canterbury Woods
Canterbury Woods,Week1,Ilda Community,Week1,235.0 Canterbury Woods - 167.0 Ilda Community
Canterbury Woods,Week2,Ilda Community,Week1,236.0 Canterbury Woods - 166.0 Ilda Community
Cardinal Hill,Week5,Cardinal Hill,Week5,200.5 Cardinal Hill (CH1) - 200.5 Cardinal Hill (CH2)
Cardinal Hill,Week2,Chesterbrook,Week1,319.3 Chesterbrook - 82.7 Cardinal Hill
Cardinal Hill,Week5,Cardinal Hill,Week2,206.0 Cardinal Hill (CH1) - 196.0 Cardinal Hill (CH2)
Cardinal Hill,Week3,Chesterbrook,Week2,293.0 Chesterbrook - 109.0 Cardinal Hill
Cardinal Hill,Week4,Chesterbrook,Week2,318.5 Chesterbrook - 83.5 Cardinal Hill
Cardinal Hill,Week4,Chesterbrook,Week3,332.5 Chesterbrook - 69.5 Cardinal Hill
Canterbury Woods,Week1,Kent Gardens,Week1,261.0 Kent Gardens - 141.0 Canterbury Woods
Canterbury Woods,Week4,Kent Gardens,Week2,226.0 Kent Gardens - 176.0 Canterbury Woods
Canterbury Woods,Week4,Ilda Community,Week5,253.0 Canterbury Woods - 149.0 Ilda Community
Cardinal Hill,Week1,Chesterbrook,Week5,312.0 Chesterbrook - 90.0 Cardinal Hill
Cardinal Hill,Week2,Chesterbrook,Week4,322.0 Chesterbrook - 80.0 Cardinal Hill
Canterbury Woods,Week3,Ilda Community,Week3,237.0 Canterbury Woods - 165.0 Ilda Community
Canterbury Woods,Week1,Kings Ridge ,Week2,224.0 Canterbury Woods - 178.0 Kings Ridge
Cardinal Hill,Week1,Chesterbrook,Week1,301.0 Chesterbrook - 101.0 Cardinal Hill
Cardinal Hill,Week1,Commonwealth,Week3,303.0 Cardinal Hill - 99.0 Commonwealth
Canterbury Woods,Week2,Kent Gardens,Week1,257.0 Kent Gardens - 145.0 Canterbury Woods
Canterbury Woods,Week1,Kent Gardens,Week5,283.0 Kent Gardens - 119.0 Canterbury Woods
Canterbury Woods,Week3,Ilda Community,Week5,236.0 Canterbury Woods - 166.0 Ilda Community
Cardinal Hill,Week3,Cardinal Hill,Week4,267.0 Cardinal Hill (CH1) - 135.0 Cardinal Hill (CH2)
Cardinal Hill,Week1,Chesterbrook,Week3,327.0 Chesterbrook - 75.0 Cardinal Hill
Canterbury Woods,Week1,Kent Gardens,Week3,235.0 Kent Gardens - 167.0 Canterbury Woods
Cardinal Hill,Week2,Chesterbrook,Week3,342.0 Chesterbrook - 60.0 Cardinal Hill
Canterbury Woods,Week2,Kent Gardens,Week5,279.0 Kent Gardens - 123.0 Canterbury Woods
Canterbury Woods,Week4,Ilda Community,Week2,259.0 Canterbury Woods - 143.0 Ilda Community
Cardinal Hill,Week4,Cardinal Hill,Week5,207.0 Cardinal Hill (CH2) - 195.0 Cardinal Hill (CH1)
Cardinal Hill,Week3,Chesterbrook,Week1,285.0 Chesterbrook - 117.0 Cardinal Hill
Canterbury Woods,Week5,Ilda Community,Week3,234.0 Canterbury Woods - 162.0 Ilda Community
Canterbury Woods,Week1,Kent Gardens,Week4,256.0 Kent Gardens - 146.0 Canterbury Woods
Cardinal Hill,Week2,Cardinal Hill,Week4,208.0 Cardinal Hill (CH2) - 194.0 Cardinal Hill (CH1)
Canterbury Woods,Week3,Kent Gardens,Week2,222.0 Kent Gardens - 180.0 Canterbury Woods
Canterbury Woods,Week5,Ilda Community,Week1,245.0 Canterbury Woods - 156.0 Ilda Community
Canterbury Woods,Week3,Kent Gardens,Week3,224.0 Kent Gardens - 178.0 Canterbury Woods
Cardinal Hill,Week2,Chesterbrook,Week5,342.0 Chesterbrook - 60.0 Cardinal Hill
Canterbury Woods,Week3,Kent Gardens,Week4,234.0 Kent Gardens - 168.0 Canterbury Woods
Canterbury Woods,Week2,Kent Gardens,Week2,253.0 Kent Gardens - 149.0 Canterbury Woods
Cardinal Hill,Week5,Chesterbrook,Week2,307.0 Chesterbrook - 95.0 Cardinal Hill
Canterbury Woods,Week4,Kent Gardens,Week1,232.0 Kent Gardens - 170.0 Canterbury Woods
Canterbury Woods,Week3,Hayfield Farm,Week1,225.0 Hayfield Farm - 177.0 Canterbury Woods
Cardinal Hill,Week2,Commonwealth,Week2,269.0 Cardinal Hill - 133.0 Commonwealth
Cardinal Hill,Week3,Commonwealth,Week2,298.0 Cardinal Hill - 104.0 Commonwealth
Cardinal Hill,Week1,Commonwealth,Week4,304.0 Cardinal Hill - 98.0 Commonwealth
Cardinal Hill,Week3,Chesterbrook,Week4,292.0 Chesterbrook - 110.0 Cardinal Hill
Canterbury Woods,Week5,Hamlet,Week2,321.0 Hamlet - 81.0 Canterbury Woods
Cardinal Hill,Week3,Commonwealth,Week3,310.0 Cardinal Hill - 92.0 Commonwealth
Canterbury Woods,Week4,Kent Gardens,Week4,231.0 Kent Gardens - 171.0 Canterbury Woods
Canterbury Woods,Week3,Kent Gardens,Week1,237.0 Kent Gardens - 165.0 Canterbury Woods
Canterbury Woods,Week2,Kent Gardens,Week4,252.0 Kent Gardens - 150.0 Canterbury Woods
Cardinal Hill,Week4,Commonwealth,Week1,307.0 Cardinal Hill - 95.0 Commonwealth
Cardinal Hill,Week5,Chesterbrook,Week3,327.0 Chesterbrook - 75.0 Cardinal Hill
Canterbury Woods,Week2,Kent Gardens,Week3,243.0 Kent Gardens - 159.0 Canterbury Woods
Cardinal Hill,Week2,Commonwealth,Week5,264.0 Cardinal Hill - 138.0 Commonwealth
Canterbury Woods,Week5,Hamlet,Week1,303.0 Hamlet - 95.0 Canterbury Woods
Canterbury Woods,Week2,Hayfield Farm,Week5,241.0 Hayfield Farm - 161.0 Canterbury Woods
Canterbury Woods,Week4,Kent Gardens,Week3,222.0 Kent Gardens - 180.0 Canterbury Woods
Canterbury Woods,Week2,Hayfield Farm,Week2,257.0 Hayfield Farm - 145.0 Canterbury Woods
Cardinal Hill,Week1,Cottontail,Week1,279.0 Cardinal Hill - 123.0 Cottontail
Canterbury Woods,Week1,Kings Ridge ,Week5,201.5 Canterbury Woods - 200.5 Kings Ridge
Canterbury Woods,Week1,Kings Ridge ,Week3,222.0 Canterbury Woods - 180.0 Kings Ridge
Canterbury Woods,Week4,Hamlet,Week1,295.0 Hamlet - 107.0 Canterbury Woods
Canterbury Woods,Week5,Kent Gardens,Week5,276.0 Kent Gardens - 126.0 Canterbury Woods
Cardinal Hill,Week1,Commonwealth,Week1,318.0 Cardinal Hill - 84.0 Commonwealth
Canterbury Woods,Week5,Kent Gardens,Week3,230.5 Kent Gardens - 171.5 Canterbury Woods
Cardinal Hill,Week4,Chesterbrook,Week4,319.5 Chesterbrook - 82.5 Cardinal Hill
Cardinal Hill,Week5,Chesterbrook,Week4,311.0 Chesterbrook - 91.0 Cardinal Hill
Cardinal Hill,Week1,Commonwealth,Week5,298.0 Cardinal Hill - 104.0 Commonwealth
Canterbury Woods,Week3,Hamlet,Week4,304.0 Hamlet - 98.0 Canterbury Woods
Canterbury Woods,Week1,Kings Ridge ,Week1,224.0 Canterbury Woods - 178.0 Kings Ridge
Cardinal Hill,Week4,Commonwealth,Week3,289.0 Cardinal Hill - 113.0 Commonwealth
Canterbury Woods,Week4,Hamlet,Week5,320.0 Hamlet - 82.0 Canterbury Woods
Canterbury Woods,Week5,Kent Gardens,Week2,226.0 Kent Gardens - 176.0 Canterbury Woods
Canterbury Woods,Week1,Kings Ridge ,Week4,220.0 Canterbury Woods - 182.0 Kings Ridge
Cardinal Hill,Week3,Chesterbrook,Week3,307.0 Chesterbrook - 95.0 Cardinal Hill
Canterbury Woods,Week5,Kent Gardens,Week4,250.0 Kent Gardens - 152.0 Canterbury Woods
Cardinal Hill,Week4,Chesterbrook,Week1,317.0 Chesterbrook - 85.0 Cardinal Hill
Cardinal Hill,Week2,Commonwealth,Week3,281.0 Cardinal Hill - 121.0 Commonwealth
Cardinal Hill,Week4,Commonwealth,Week5,276.0 Cardinal Hill - 126.0 Commonwealth
Canterbury Woods,Week4,Kent Gardens,Week5,254.0 Kent Gardens - 148.0 Canterbury Woods
Canterbury Woods,Week5,Kent Gardens,Week1,254.0 Kent Gardens - 148.0 Canterbury Woods
Canterbury Woods,Week3,Kent Gardens,Week5,260.0 Kent Gardens - 142.0 Canterbury Woods
Canterbury Woods,Week1,Hayfield Farm,Week1,233.0 Hayfield Farm - 169.0 Canterbury Woods
Canterbury Woods,Week2,Kings Ridge ,Week1,220.0 Canterbury Woods - 182.0 Kings Ridge
Canterbury Woods,Week4,Hayfield Farm,Week1,228.0 Hayfield Farm - 174.0 Canterbury Woods
Cardinal Hill,Week4,Chesterbrook,Week5,327.0 Chesterbrook - 75.0 Cardinal Hill
Canterbury Woods,Week3,Kings Ridge ,Week2,243.0 Canterbury Woods - 159.0 Kings Ridge
Canterbury Woods,Week5,Hayfield Farm,Week1,235.0 Hayfield Farm - 167.0 Canterbury Woods
Cardinal Hill,Week5,Chesterbrook,Week1,307.0 Chesterbrook - 95.0 Cardinal Hill
Cardinal Hill,Week1,Commonwealth,Week2,285.0 Cardinal Hill - 117.0 Commonwealth
Canterbury Woods,Week4,Kings Ridge ,Week3,237.0 Canterbury Woods - 165.0 Kings Ridge
Canterbury Woods,Week4,Kings Ridge ,Week4,232.0 Canterbury Woods - 170.0 Kings Ridge
Cardinal Hill,Week2,Commonwealth,Week1,298.0 Cardinal Hill - 99.0 Commonwealth
Canterbury Woods,Week4,Kings Ridge ,Week1,250.5 Canterbury Woods - 151.5 Kings Ridge
Canterbury Woods,Week4,Hamlet,Week2,305.0 Hamlet - 97.0 Canterbury Woods
Canterbury Woods,Week4,Hamlet,Week4,292.0 Hamlet - 110.0 Canterbury Woods
Canterbury Woods,Week2,Hayfield Farm,Week1,248.0 Hayfield Farm - 154.0 Canterbury Woods
Cardinal Hill,Week5,Chesterbrook,Week5,310.0 Chesterbrook - 92.0 Cardinal Hill
Canterbury Woods,Week2,Kings Ridge ,Week4,217.0 Canterbury Woods - 185.0 Kings Ridge
Canterbury Woods,Week3,Kings Ridge ,Week5,224.0 Canterbury Woods - 178.0 Kings Ridge
Cardinal Hill,Week2,Commonwealth,Week4,285.0 Cardinal Hill - 117.0 Commonwealth
Canterbury Woods,Week5,Kings Ridge ,Week1,229.0 Canterbury Woods - 172.0 Kings Ridge
Canterbury Woods,Week3,Hayfield Farm,Week5,226.0 Hayfield Farm - 176.0 Canterbury Woods
Cardinal Hill,Week3,Chesterbrook,Week5,298.0 Chesterbrook - 104.0 Cardinal Hill
Canterbury Woods,Week3,Kings Ridge ,Week4,240.0 Canterbury Woods - 162.0 Kings Ridge
Cardinal Hill,Week4,Commonwealth,Week4,289.0 Cardinal Hill - 113.0 Commonwealth
Canterbury Woods,Week3,Hamlet,Week5,339.0 Hamlet - 63.0 Canterbury Woods
Cardinal Hill,Week5,Commonwealth,Week3,289.0 Cardinal Hill - 113.0 Commonwealth
Canterbury Woods,Week5,Kings Ridge ,Week3,228.0 Canterbury Woods - 174.0 Kings Ridge
Canterbury Woods,Week1,Lake Braddock,Week1,258.0 Canterbury Woods - 144.0 Lake Braddock
Canterbury Woods,Week2,Hayfield Farm,Week3,258.0 Hayfield Farm - 144.0 Canterbury Woods
Canterbury Woods,Week4,Hamlet,Week3,293.0 Hamlet - 109.0 Canterbury Woods
Cardinal Hill,Week3,Commonwealth,Week5,307.0 Cardinal Hill - 95.0 Commonwealth
Canterbury Woods,Week2,Kings Ridge ,Week3,220.0 Canterbury Woods - 182.0 Kings Ridge
Canterbury Woods,Week4,Kings Ridge ,Week5,231.0 Canterbury Woods - 171.0 Kings Ridge
Cardinal Hill,Week4,Commonwealth,Week2,265.5 Cardinal Hill - 136.5 Commonwealth
Canterbury Woods,Week5,Hamlet,Week3,304.0 Hamlet - 97.0 Canterbury Woods
Cardinal Hill,Week5,Commonwealth,Week1,300.0 Cardinal Hill - 101.0 Commonwealth
Canterbury Woods,Week1,Hayfield Farm,Week3,243.0 Hayfield Farm - 159.0 Canterbury Woods
Cardinal Hill,Week3,Commonwealth,Week1,316.0 Cardinal Hill - 86.0 Commonwealth
Canterbury Woods,Week3,Kings Ridge ,Week1,241.0 Canterbury Woods - 156.0 Kings Ridge
Canterbury Woods,Week1,Hayfield Farm,Week2,230.0 Hayfield Farm - 172.0 Canterbury Woods
Canterbury Woods,Week5,Hamlet,Week5,326.0 Hamlet - 76.0 Canterbury Woods
Canterbury Woods,Week5,Hamlet,Week4,293.0 Hamlet - 109.0 Canterbury Woods
Canterbury Woods,Week1,Hayfield Farm,Week4,239.0 Hayfield Farm - 163.0 Canterbury Woods
Canterbury Woods,Week2,Kings Ridge ,Week2,223.5 Canterbury Woods - 178.5 Kings Ridge
Canterbury Woods,Week2,Hayfield Farm,Week4,258.0 Hayfield Farm - 144.0 Canterbury Woods
Canterbury Woods,Week1,Hayfield Farm,Week5,241.0 Hayfield Farm - 161.0 Canterbury Woods
Cardinal Hill,Week5,Commonwealth,Week4,308.0 Cardinal Hill - 94.0 Commonwealth
Cardinal Hill,Week5,Commonwealth,Week5,286.0 Cardinal Hill - 116.0 Commonwealth
Cardinal Hill,Week3,Commonwealth,Week4,316.0 Cardinal Hill - 86.0 Commonwealth
Canterbury Woods,Week1,Lake Braddock,Week3,226.0 Canterbury Woods - 176.0 Lake Braddock
Cardinal Hill,Week5,Commonwealth,Week2,271.0 Cardinal Hill - 131.0 Commonwealth
Canterbury Woods,Week5,Kings Ridge ,Week2,251.0 Canterbury Woods - 151.0 Kings Ridge
Canterbury Woods,Week5,Kings Ridge ,Week5,221.0 Canterbury Woods - 181.0 Kings Ridge
Canterbury Woods,Week3,Hayfield Farm,Week2,227.0 Hayfield Farm - 175.0 Canterbury Woods
Canterbury Woods,Week4,Herndon,Week4,290.0 Canterbury Woods - 112.0 Herndon
Cardinal Hill,Week4,Cottontail,Week5,267.0 Cardinal Hill - 135.0 Cottontail
Cardinal Hill,Week3,Cottontail,Week1,278.0 Cardinal Hill - 124.0 Cottontail
Cardinal Hill,Week2,Cottontail,Week2,263.0 Cardinal Hill - 139.0 Cottontail
Canterbury Woods,Week4,Hayfield Farm,Week2,221.0 Hayfield Farm - 181.0 Canterbury Woods
Cardinal Hill,Week3,Cottontail,Week4,282.0 Cardinal Hill - 120.0 Cottontail
Canterbury Woods,Week2,Herndon,Week4,255.0 Canterbury Woods - 147.0 Herndon
Canterbury Woods,Week5,Kings Ridge ,Week4,228.0 Canterbury Woods - 174.0 Kings Ridge
Cardinal Hill,Week1,Cottontail,Week3,293.0 Cardinal Hill - 109.0 Cottontail
Canterbury Woods,Week1,Herndon,Week1,255.0 Canterbury Woods - 141.0 Herndon
Canterbury Woods,Week4,Kings Ridge ,Week2,248.0 Canterbury Woods - 154.0 Kings Ridge
Canterbury Woods,Week3,Kings Ridge ,Week3,237.0 Canterbury Woods - 165.0 Kings Ridge
Cardinal Hill,Week4,Cottontail,Week3,289.0 Cardinal Hill - 113.0 Cottontail
Canterbury Woods,Week1,Lake Braddock,Week2,216.5 Canterbury Woods - 185.5 Lake Braddock
Canterbury Woods,Week1,Lake Braddock,Week4,222.0 Canterbury Woods - 180.0 Lake Braddock
Canterbury Woods,Week4,Hayfield Farm,Week3,229.0 Hayfield Farm - 173.0 Canterbury Woods
Canterbury Woods,Week5,Hayfield Farm,Week2,232.0 Hayfield Farm - 170.0 Canterbury Woods
Canterbury Woods,Week4,Hayfield Farm,Week5,217.0 Hayfield Farm - 185.0 Canterbury Woods
Canterbury Woods,Week1,Herndon,Week2,248.0 Canterbury Woods - 149.0 Herndon
Canterbury Woods,Week3,Hayfield Farm,Week3,238.0 Hayfield Farm - 164.0 Canterbury Woods
Canterbury Woods,Week4,Hayfield Farm,Week4,224.0 Hayfield Farm - 178.0 Canterbury Woods
Canterbury Woods,Week1,Herndon,Week5,259.0 Canterbury Woods - 143.0 Herndon
Canterbury Woods,Week2,Kings Ridge ,Week5,203.0 Kings Ridge - 199.0 Canterbury Woods
Cardinal Hill,Week5,Cottontail,Week1,248.5 Cardinal Hill - 153.5 Cottontail
Cardinal Hill,Week1,Cottontail,Week2,288.5 Cardinal Hill - 113.5 Cottontail
Cardinal Hill,Week2,Cottontail,Week4,253.0 Cardinal Hill - 149.0 Cottontail
Canterbury Woods,Week3,Hayfield Farm,Week4,230.0 Hayfield Farm - 172.0 Canterbury Woods
Canterbury Woods,Week4,Herndon,Week2,277.0 Canterbury Woods - 125.0 Herndon
Cardinal Hill,Week5,Cottontail,Week5,266.0 Cardinal Hill - 136.0 Cottontail
Cardinal Hill,Week2,Cottontail,Week1,256.0 Cardinal Hill - 146.0 Cottontail
Cardinal Hill,Week3,Cottontail,Week5,291.0 Cardinal Hill - 111.0 Cottontail
Canterbury Woods,Week1,Herndon,Week3,268.0 Canterbury Woods - 129.0 Herndon
Cardinal Hill,Week2,Cottontail,Week5,254.5 Cardinal Hill - 147.5 Cottontail
Cardinal Hill,Week1,Cottontail,Week5,274.0 Cardinal Hill - 128.0 Cottontail
Canterbury Woods,Week5,Hayfield Farm,Week3,233.0 Hayfield Farm - 169.0 Canterbury Woods
Cardinal Hill,Week3,Cottontail,Week2,284.5 Cardinal Hill - 117.5 Cottontail
Cardinal Hill,Week2,Cottontail,Week3,276.0 Cardinal Hill - 126.0 Cottontail
Canterbury Woods,Week3,Herndon,Week1,275.0 Canterbury Woods - 127.0 Herndon
Cardinal Hill,Week4,Cottontail,Week2,278.0 Cardinal Hill - 124.0 Cottontail
Canterbury Woods,Week2,Herndon,Week3,251.0 Canterbury Woods - 150.0 Herndon
Cardinal Hill,Week4,Cottontail,Week4,270.0 Cardinal Hill - 132.0 Cottontail
Cardinal Hill,Week4,Cottontail,Week1,258.0 Cardinal Hill - 144.0 Cottontail
Canterbury Woods,Week2,Herndon,Week1,248.0 Canterbury Woods - 152.0 Herndon
Canterbury Woods,Week5,Hayfield Farm,Week4,233.0 Hayfield Farm - 169.0 Canterbury Woods
Canterbury Woods,Week5,Hayfield Farm,Week5,232.0 Hayfield Farm - 170.0 Canterbury Woods
Cardinal Hill,Week3,Cottontail,Week3,301.0 Cardinal Hill - 101.0 Cottontail
Cardinal Hill,Week1,Cottontail,Week4,276.0 Cardinal Hill - 126.0 Cottontail
Cardinal Hill,Week5,Cottontail,Week2,259.0 Cardinal Hill - 143.0 Cottontail
Canterbury Woods,Week3,Herndon,Week2,284.0 Canterbury Woods - 117.0 Herndon
Cardinal Hill,Week5,Cottontail,Week3,284.0 Cardinal Hill - 118.0 Cottontail
Camelot,Week3,Virginia Hills,Week3,303.0 Camelot - 99.0 Virginia Hills
Camelot,Week3,Woodley,Week5,241.0 Camelot - 160.0 Woodley
Camelot,Week2,Virginia Hills,Week5,280.0 Camelot - 122.0 Virginia Hills
Camelot,Week3,Woodley,Week3,242.0 Camelot - 160.0 Woodley
Cardinal Hill,Week5,Cottontail,Week4,265.5 Cardinal Hill - 136.5 Cottontail
Cardinal Hill,Week1,Country Club Hills,Week4,291.0 Cardinal Hill - 111.0 Country Club Hills
Camelot,Week3,Virginia Hills,Week5,291.0 Camelot - 111.0 Virginia Hills
Camelot,Week1,Virginia Run,Week4,247.0 Virginia Run - 155.0 Camelot
Camelot,Week4,Waynewood,Week3,282.0 Waynewood - 120.0 Camelot
Canterbury Woods,Week3,Herndon,Week3,279.0 Canterbury Woods - 123.0 Herndon
Canterbury Woods,Week2,Herndon,Week2,248.0 Canterbury Woods - 154.0 Herndon
Canterbury Woods,Week2,Herndon,Week5,247.0 Canterbury Woods - 155.0 Herndon
Camelot,Week2,Virginia Hills,Week3,300.0 Camelot - 102.0 Virginia Hills
Canterbury Woods,Week3,Herndon,Week4,285.0 Canterbury Woods - 116.0 Herndon
Camelot,Week1,Woodley,Week4,246.0 Camelot - 156.0 Woodley
Cardinal Hill,Week1,Country Club Hills,Week1,285.5 Cardinal Hill - 116.5 Country Club Hills
Cardinal Hill,Week5,Country Club Hills,Week3,282.0 Cardinal Hill - 120.0 Country Club Hills
Canterbury Woods,Week3,Herndon,Week5,278.0 Canterbury Woods - 123.0 Herndon
Camelot,Week3,Virginia Hills,Week4,302.0 Camelot - 99.0 Virginia Hills
Cardinal Hill,Week2,Crosspointe,Week3,232.0 Crosspointe - 170.0 Cardinal Hill
Canterbury Woods,Week4,Herndon,Week5,279.0 Canterbury Woods - 123.0 Herndon
Canterbury Woods,Week5,Herndon,Week3,258.0 Canterbury Woods - 135.0 Herndon
Camelot,Week4,Virginia Run,Week1,264.0 Virginia Run - 138.0 Camelot
Canterbury Woods,Week1,Herndon,Week4,264.0 Canterbury Woods - 138.0 Herndon
Canterbury Woods,Week4,Herndon,Week3,275.5 Canterbury Woods - 126.5 Herndon
Cardinal Hill,Week1,Crosspointe,Week3,210.0 Crosspointe - 192.0 Cardinal Hill
Camelot,Week5,Waynewood,Week3,281.0 Waynewood - 121.0 Camelot
Camelot,Week3,Virginia Hills,Week1,305.0 Camelot - 96.0 Virginia Hills
Camelot,Week4,Virginia Run,Week5,268.0 Virginia Run - 134.0 Camelot
Camelot,Week5,Waynewood,Week1,254.0 Waynewood - 148.0 Camelot
Cardinal Hill,Week2,Country Club Hills,Week3,267.0 Cardinal Hill - 135.0 Country Club Hills
Camelot,Week3,Woodley,Week2,246.0 Camelot - 155.0 Woodley
Cardinal Hill,Week1,Country Club Hills,Week3,285.5 Cardinal Hill - 116.5 Country Club Hills
Canterbury Woods,Week5,Herndon,Week1,261.0 Canterbury Woods - 131.0 Herndon
Camelot,Week4,Woodley,Week4,248.0 Camelot - 154.0 Woodley
Canterbury Woods,Week4,Herndon,Week1,281.0 Canterbury Woods - 121.0 Herndon
Camelot,Week2,Woodley,Week1,254.0 Camelot - 148.0 Woodley
Cardinal Hill,Week2,Country Club Hills,Week4,283.0 Cardinal Hill - 119.0 Country Club Hills
Cardinal Hill,Week3,Country Club Hills,Week5,289.0 Cardinal Hill - 113.0 Country Club Hills
Camelot,Week5,Virginia Hills,Week1,326.0 Camelot - 75.0 Virginia Hills
Camelot,Week2,Woodley,Week4,238.0 Camelot - 164.0 Woodley
Camelot,Week1,Virginia Run,Week3,236.0 Virginia Run - 166.0 Camelot
Camelot,Week4,Waynewood,Week1,252.0 Waynewood - 150.0 Camelot
Camelot,Week1,Virginia Run,Week2,238.0 Virginia Run - 164.0 Camelot
Cardinal Hill,Week2,Crosspointe,Week5,260.0 Crosspointe - 142.0 Cardinal Hill
Camelot,Week3,Woodley,Week4,247.0 Camelot - 155.0 Woodley
Canterbury Woods,Week5,Forest Hollow,Week2,251.0 Forest Hollow - 151.0 Canterbury Woods
Cardinal Hill,Week3,Country Club Hills,Week3,296.0 Cardinal Hill - 106.0 Country Club Hills
Canterbury Woods,Week5,Herndon,Week5,256.0 Canterbury Woods - 144.0 Herndon
Camelot,Week3,Virginia Run,Week1,262.0 Virginia Run - 140.0 Camelot
Camelot,Week4,Woodley,Week1,251.0 Camelot - 151.0 Woodley
Camelot,Week3,Waynewood,Week4,268.0 Waynewood - 134.0 Camelot
Camelot,Week5,Virginia Hills,Week3,314.0 Camelot - 88.0 Virginia Hills
Cardinal Hill,Week2,Country Club Hills,Week2,265.0 Cardinal Hill - 137.0 Country Club Hills
Camelot,Week1,Woodley,Week1,247.0 Camelot - 155.0 Woodley
Camelot,Week2,Woodley,Week5,249.0 Camelot - 152.0 Woodley
Cardinal Hill,Week5,Country Club Hills,Week4,280.0 Cardinal Hill - 122.0 Country Club Hills
Camelot,Week4,Waynewood,Week4,256.0 Waynewood - 146.0 Camelot
Cardinal Hill,Week3,Crosspointe,Week3,213.0 Cardinal Hill - 189.0 Crosspointe
Canterbury Woods,Week5,Herndon,Week2,263.5 Canterbury Woods - 131.5 Herndon
Cardinal Hill,Week4,Country Club Hills,Week4,283.0 Cardinal Hill - 119.0 Country Club Hills
Canterbury Woods,Week4,Fox Hunt,Week1,215.0 Fox Hunt - 182.0 Canterbury Woods
Camelot,Week3,Virginia Hills,Week2,322.0 Camelot - 78.0 Virginia Hills
Camelot,Week4,Virginia Hills,Week5,283.0 Camelot - 118.0 Virginia Hills
Canterbury Woods,Week3,Forest Hollow,Week3,263.0 Forest Hollow - 139.0 Canterbury Woods
Camelot,Week2,Virginia Run,Week1,264.0 Virginia Run - 138.0 Camelot
Canterbury Woods,Week5,Forest Hollow,Week3,262.0 Forest Hollow - 140.0 Canterbury Woods
Cardinal Hill,Week1,Country Club Hills,Week5,277.0 Cardinal Hill - 125.0 Country Club Hills
Camelot,Week4,Waynewood,Week2,263.0 Waynewood - 139.0 Camelot
Camelot,Week4,Waynewood,Week5,293.0 Waynewood - 109.0 Camelot
Camelot,Week5,Waynewood,Week4,265.0 Waynewood - 137.0 Camelot
Camelot,Week4,Virginia Hills,Week4,313.0 Camelot - 89.0 Virginia Hills
Canterbury Woods,Week1,Hiddenbrook,Week1,206.0 Hiddenbrook - 196.0 Canterbury Woods
Cardinal Hill,Week3,Country Club Hills,Week1,292.0 Cardinal Hill - 110.0 Country Club Hills
Camelot,Week1,Woodley,Week5,236.0 Camelot - 166.0 Woodley
Camelot,Week1,Woodley,Week3,245.0 Camelot - 157.0 Woodley
Camelot,Week2,Virginia Run,Week2,236.0 Virginia Run - 166.0 Camelot
Cardinal Hill,Week4,Country Club Hills,Week3,274.0 Cardinal Hill - 128.0 Country Club Hills
Camelot,Week2,Virginia Run,Week5,255.0 Virginia Run - 147.0 Camelot
Cardinal Hill,Week2,Country Club Hills,Week1,271.0 Cardinal Hill - 131.0 Country Club Hills
Camelot,Week1,Woodley,Week2,241.0 Camelot - 161.0 Woodley
Camelot,Week2,Virginia Hills,Week4,287.0 Camelot - 114.0 Virginia Hills
Canterbury Woods,Week5,Forest Hollow,Week1,252.0 Forest Hollow - 150.0 Canterbury Woods
Camelot,Week4,Virginia Hills,Week1,313.0 Camelot - 89.0 Virginia Hills
Cardinal Hill,Week4,Country Club Hills,Week5,256.5 Cardinal Hill - 145.5 Country Club Hills
Camelot,Week5,Waynewood,Week5,286.0 Waynewood - 116.0 Camelot
Camelot,Week5,Virginia Hills,Week4,312.5 Camelot - 88.5 Virginia Hills
Camelot,Week5,Virginia Hills,Week2,326.0 Camelot - 74.0 Virginia Hills
Cardinal Hill,Week3,Country Club Hills,Week2,296.0 Cardinal Hill - 106.0 Country Club Hills
Camelot,Week1,Virginia Run,Week5,252.0 Virginia Run - 150.0 Camelot
Canterbury Woods,Week1,Hiddenbrook,Week2,226.0 Canterbury Woods - 170.0 Hiddenbrook
Cardinal Hill,Week1,Country Club Hills,Week2,290.0 Cardinal Hill - 112.0 Country Club Hills
Canterbury Woods,Week4,Forest Hollow,Week3,232.0 Forest Hollow - 170.0 Canterbury Woods
Canterbury Woods,Week4,Forest Hollow,Week1,229.0 Forest Hollow - 173.0 Canterbury Woods
Canterbury Woods,Week5,Herndon,Week4,253.0 Canterbury Woods - 149.0 Herndon
Cardinal Hill,Week4,Country Club Hills,Week2,280.0 Cardinal Hill - 122.0 Country Club Hills
Canterbury Woods,Week4,Forest Hollow,Week4,230.0 Forest Hollow - 172.0 Canterbury Woods
Camelot,Week3,Woodley,Week1,250.0 Camelot - 152.0 Woodley
Canterbury Woods,Week1,Fox Hunt,Week2,241.0 Fox Hunt - 161.0 Canterbury Woods
Camelot,Week2,Virginia Run,Week3,240.0 Virginia Run - 162.0 Camelot
Camelot,Week2,Woodley,Week2,245.0 Camelot - 156.0 Woodley
Camelot,Week3,Waynewood,Week5,289.0 Waynewood - 113.0 Camelot
Camelot,Week1,Virginia Run,Week1,266.0 Virginia Run - 136.0 Camelot
Camelot,Week5,Virginia Hills,Week5,294.0 Camelot - 108.0 Virginia Hills
Cardinal Hill,Week3,Country Club Hills,Week4,296.0 Cardinal Hill - 106.0 Country Club Hills
Cardinal Hill,Week2,Country Club Hills,Week5,257.0 Cardinal Hill - 145.0 Country Club Hills
Canterbury Woods,Week3,Forest Hollow,Week4,268.0 Forest Hollow - 134.0 Canterbury Woods
Camelot,Week2,Woodley,Week3,235.0 Camelot - 167.0 Woodley
Camelot,Week4,Virginia Hills,Week3,307.0 Camelot - 95.0 Virginia Hills
Cardinal Hill,Week5,Country Club Hills,Week1,278.0 Cardinal Hill - 124.0 Country Club Hills
Camelot,Week5,Waynewood,Week2,268.0 Waynewood - 134.0 Camelot
Cardinal Hill,Week5,Country Club Hills,Week2,282.5 Cardinal Hill - 119.5 Country Club Hills
Cardinal Hill,Week4,Country Club Hills,Week1,273.0 Cardinal Hill - 129.0 Country Club Hills
Camelot,Week4,Virginia Hills,Week2,316.0 Camelot - 86.0 Virginia Hills
Canterbury Woods,Week1,Fox Hunt,Week4,247.0 Fox Hunt - 155.0 Canterbury Woods
Canterbury Woods,Week5,Forest Hollow,Week4,263.0 Forest Hollow - 138.0 Canterbury Woods
Canterbury Woods,Week1,Fox Hunt,Week3,253.0 Fox Hunt - 149.0 Canterbury Woods
Canterbury Woods,Week3,Forest Hollow,Week5,273.0 Forest Hollow - 129.0 Canterbury Woods
Camelot,Week3,Virginia Run,Week3,250.0 Virginia Run - 152.0 Camelot
Canterbury Woods,Week1,Fox Hunt,Week1,250.0 Fox Hunt - 152.0 Canterbury Woods
Canterbury Woods,Week4,Forest Hollow,Week2,222.0 Forest Hollow - 180.0 Canterbury Woods
Canterbury Woods,Week2,Annandale,Week3,214.0 Canterbury Woods - 188.0 Annandale
Camelot,Week3,Virginia Run,Week5,268.0 Virginia Run - 134.0 Camelot
Cardinal Hill,Week1,Crosspointe,Week2,208.0 Crosspointe - 194.0 Cardinal Hill
Canterbury Woods,Week5,Annandale,Week1,245.0 Canterbury Woods - 156.0 Annandale
Canterbury Woods,Week2,Fox Hunt,Week3,250.0 Fox Hunt - 152.0 Canterbury Woods
Camelot,Week4,Woodley,Week2,254.0 Camelot - 148.0 Woodley
Canterbury Woods,Week3,Fox Hunt,Week1,230.0 Fox Hunt - 172.0 Canterbury Woods
Cardinal Hill,Week1,Crosspointe,Week5,238.0 Crosspointe - 164.0 Cardinal Hill
Cardinal Hill,Week1,Crosspointe,Week1,215.0 Crosspointe - 187.0 Cardinal Hill
Camelot,Week2,Virginia Run,Week4,248.0 Virginia Run - 154.0 Camelot
Canterbury Woods,Week1,Annandale,Week2,225.0 Canterbury Woods - 177.0 Annandale
Canterbury Woods,Week3,Fox Hunt,Week2,227.0 Fox Hunt - 175.0 Canterbury Woods
Camelot,Week4,Woodley,Week3,249.0 Camelot - 153.0 Woodley
Cardinal Hill,Week1,Crosspointe,Week4,204.0 Crosspointe - 198.0 Cardinal Hill
Camelot,Week3,Virginia Run,Week2,239.5 Virginia Run - 162.5 Camelot
Camelot,Week3,Virginia Run,Week4,254.0 Virginia Run - 148.0 Camelot
Cardinal Hill,Week5,Country Club Hills,Week5,264.0 Cardinal Hill - 138.0 Country Club Hills
Canterbury Woods,Week3,Annandale,Week2,254.0 Canterbury Woods - 148.0 Annandale
Cardinal Hill,Week2,Crosspointe,Week2,225.0 Crosspointe - 177.0 Cardinal Hill
Canterbury Woods,Week2,Fox Hunt,Week5,259.0 Fox Hunt - 143.0 Canterbury Woods
Canterbury Woods,Week4,Forest Hollow,Week5,237.0 Forest Hollow - 165.0 Canterbury Woods
Camelot,Week4,Virginia Run,Week3,251.0 Virginia Run - 151.0 Camelot
Cardinal Hill,Week3,Crosspointe,Week1,205.0 Cardinal Hill - 197.0 Crosspointe
Camelot,Week5,Virginia Run,Week3,235.0 Virginia Run - 167.0 Camelot
Canterbury Woods,Week2,Fox Hunt,Week4,243.0 Fox Hunt - 159.0 Canterbury Woods
Cardinal Hill,Week5,Pinewood Lake,Week3,367.0 Cardinal Hill - 33.0 Pinewood Lake
Cardinal Hill,Week4,Crosspointe,Week4,221.0 Crosspointe - 181.0 Cardinal Hill
Cardinal Hill,Week5,Pinewood Lake,Week2,363.0 Cardinal Hill - 37.0 Pinewood Lake
Cardinal Hill,Week3,Crosspointe,Week2,217.0 Cardinal Hill - 185.0 Crosspointe
Cardinal Hill,Week2,Crosspointe,Week1,243.0 Crosspointe - 159.0 Cardinal Hill
Cardinal Hill,Week3,Crosspointe,Week4,206.0 Crosspointe - 196.0 Cardinal Hill
Canterbury Woods,Week1,Annandale,Week1,220.0 Canterbury Woods - 182.0 Annandale
Canterbury Woods,Week3,Fox Hunt,Week4,231.0 Fox Hunt - 171.0 Canterbury Woods
Cardinal Hill,Week2,Crosspointe,Week4,241.0 Crosspointe - 161.0 Cardinal Hill
Canterbury Woods,Week4,Annandale,Week3,245.0 Canterbury Woods - 157.0 Annandale
Canterbury Woods,Week1,Annandale,Week5,213.0 Canterbury Woods - 189.0 Annandale
Canterbury Woods,Week5,Annandale,Week4,248.0 Canterbury Woods - 153.0 Annandale
Canterbury Woods,Week3,Fox Hunt,Week3,238.0 Fox Hunt - 164.0 Canterbury Woods
Canterbury Woods,Week2,Annandale,Week1,224.0 Canterbury Woods - 173.0 Annandale
Canterbury Woods,Week2,Annandale,Week2,227.0 Canterbury Woods - 175.0 Annandale
Cardinal Hill,Week2,Pleasant Valley,Week1,330.0 Cardinal Hill - 71.0 Pleasant Valley
Camelot,Week4,Virginia Run,Week4,249.0 Virginia Run - 153.0 Camelot
Canterbury Woods,Week2,Fox Hunt,Week2,241.0 Fox Hunt - 161.0 Canterbury Woods
Camelot,Week4,Virginia Run,Week2,239.0 Virginia Run - 163.0 Camelot
Cardinal Hill,Week1,Pleasant Valley,Week1,346.0 Cardinal Hill - 56.0 Pleasant Valley
Cardinal Hill,Week1,Daventry,Week2,347.0 Cardinal Hill - 55.0 Daventry
Cardinal Hill,Week5,Pinewood Lake,Week1,360.0 Cardinal Hill - 39.0 Pinewood Lake
Camelot,Week5,Woodley,Week5,267.0 Camelot - 135.0 Woodley
Camelot,Week5,Virginia Run,Week1,265.0 Virginia Run - 137.0 Camelot
Camelot,Week1,Wakefield Chapel,Week5,303.0 Wakefield Chapel - 99.0 Camelot
Canterbury Woods,Week1,Fox Hunt,Week5,263.0 Fox Hunt - 139.0 Canterbury Woods
Camelot,Week5,Virginia Run,Week5,262.5 Virginia Run - 139.5 Camelot
Camelot,Week1,Wakefield Chapel,Week2,289.5 Wakefield Chapel - 112.5 Camelot
Canterbury Woods,Week1,Annandale,Week3,214.0 Canterbury Woods - 183.0 Annandale
Canterbury Woods,Week5,Forest Hollow,Week5,265.0 Forest Hollow - 136.0 Canterbury Woods
Camelot,Week1,Wakefield Chapel,Week4,278.0 Wakefield Chapel - 124.0 Camelot
Cardinal Hill,Week3,Crosspointe,Week5,232.0 Crosspointe - 170.0 Cardinal Hill
Cardinal Hill,Week4,Crosspointe,Week3,219.0 Crosspointe - 183.0 Cardinal Hill
Cardinal Hill,Week5,Crosspointe,Week3,220.0 Crosspointe - 182.0 Cardinal Hill
Cardinal Hill,Week1,Daventry,Week3,339.0 Cardinal Hill - 63.0 Daventry
Canterbury Woods,Week3,Fox Hunt,Week5,253.0 Fox Hunt - 149.0 Canterbury Woods
Canterbury Woods,Week4,Fox Hunt,Week5,247.0 Fox Hunt - 155.0 Canterbury Woods
Canterbury Woods,Week2,Annandale,Week4,228.0 Canterbury Woods - 174.0 Annandale
Cardinal Hill,Week2,Pleasant Valley,Week2,331.0 Cardinal Hill - 70.0 Pleasant Valley
Camelot,Week2,Wakefield Chapel,Week2,267.0 Wakefield Chapel - 135.0 Camelot
Cardinal Hill,Week5,Pleasant Valley,Week5,328.0 Cardinal Hill - 71.0 Pleasant Valley
Canterbury Woods,Week4,Annandale,Week4,258.0 Canterbury Woods - 144.0 Annandale
Cardinal Hill,Week4,Pinewood Lake,Week4,370.0 Cardinal Hill - 32.0 Pinewood Lake
Cardinal Hill,Week4,Crosspointe,Week2,212.0 Crosspointe - 190.0 Cardinal Hill
Camelot,Week2,Wakefield Chapel,Week1,280.0 Wakefield Chapel - 122.0 Camelot
Canterbury Woods,Week2,Fox Mill Estates,Week2,203.0 Fox Mill Estates - 199.0 Canterbury Woods
Camelot,Week5,Virginia Run,Week4,250.0 Virginia Run - 152.0 Camelot
Canterbury Woods,Week2,Fox Hunt,Week1,239.0 Fox Hunt - 163.0 Canterbury Woods
Cardinal Hill,Week1,Daventry,Week4,349.5 Cardinal Hill - 52.5 Daventry
Cardinal Hill,Week1,Pleasant Valley,Week2,354.0 Cardinal Hill - 48.0 Pleasant Valley
Cardinal Hill,Week3,Pleasant Valley,Week5,340.0 Cardinal Hill - 60.0 Pleasant Valley
Cardinal Hill,Week4,Pleasant Valley,Week4,341.0 Cardinal Hill - 60.0 Pleasant Valley
Canterbury Woods,Week1,Annandale,Week4,234.0 Canterbury Woods - 168.0 Annandale
Cardinal Hill,Week5,Pleasant Valley,Week2,331.0 Cardinal Hill - 67.0 Pleasant Valley
Camelot,Week5,Virginia Run,Week2,227.0 Virginia Run - 175.0 Camelot
Canterbury Woods,Week4,Annandale,Week2,251.0 Canterbury Woods - 151.0 Annandale
Camelot,Week5,Woodley,Week4,261.0 Camelot - 141.0 Woodley
Camelot,Week2,Wakefield Chapel,Week3,281.0 Wakefield Chapel - 121.0 Camelot
Camelot,Week1,Wakefield Chapel,Week1,296.0 Wakefield Chapel - 106.0 Camelot
Camelot,Week1,Wakefield Chapel,Week3,290.0 Wakefield Chapel - 112.0 Camelot
Canterbury Woods,Week4,Fox Mill Estates,Week4,220.0 Canterbury Woods - 182.0 Fox Mill Estates
Canterbury Woods,Week3,Fox Mill Estates,Week5,214.0 Canterbury Woods - 188.0 Fox Mill Estates
Canterbury Woods,Week5,Fox Hunt,Week3,228.0 Fox Hunt - 173.0 Canterbury Woods
Camelot,Week5,Woodley,Week1,272.0 Camelot - 130.0 Woodley
Canterbury Woods,Week3,Annandale,Week4,254.0 Canterbury Woods - 148.0 Annandale
Canterbury Woods,Week5,Fox Mill Estates,Week1,226.5 Canterbury Woods - 174.5 Fox Mill Estates
Cardinal Hill,Week1,Pleasant Valley,Week4,353.0 Cardinal Hill - 49.0 Pleasant Valley
Camelot,Week5,Woodley,Week2,269.0 Camelot - 133.0 Woodley
Camelot,Week2,Wakefield Chapel,Week4,259.0 Wakefield Chapel - 143.0 Camelot
Cardinal Hill,Week5,Crosspointe,Week5,257.0 Crosspointe - 145.0 Cardinal Hill
Cardinal Hill,Week2,Daventry,Week1,312.0 Cardinal Hill - 90.0 Daventry
Cardinal Hill,Week2,Daventry,Week3,319.0 Cardinal Hill - 83.0 Daventry
Canterbury Woods,Week3,Annandale,Week3,238.0 Canterbury Woods - 164.0 Annandale
Cardinal Hill,Week3,Daventry,Week3,335.0 Cardinal Hill - 67.0 Daventry
Canterbury Woods,Week5,Fox Hunt,Week5,255.0 Fox Hunt - 147.0 Canterbury Woods
Canterbury Woods,Week3,Annandale,Week1,256.0 Canterbury Woods - 146.0 Annandale
Cardinal Hill,Week3,Pleasant Valley,Week1,345.0 Cardinal Hill - 56.0 Pleasant Valley
Cardinal Hill,Week4,Crosspointe,Week5,240.0 Crosspointe - 162.0 Cardinal Hill
Canterbury Woods,Week4,Fox Hunt,Week4,220.0 Fox Hunt - 182.0 Canterbury Woods
Canterbury Woods,Week2,Fox Mill Estates,Week3,203.0 Canterbury Woods - 198.0 Fox Mill Estates
Cardinal Hill,Week5,Pinewood Lake,Week5,357.0 Cardinal Hill - 43.0 Pinewood Lake
Cardinal Hill,Week2,Daventry,Week4,323.0 Cardinal Hill - 79.0 Daventry
Cardinal Hill,Week5,Pleasant Valley,Week1,334.0 Cardinal Hill - 64.0 Pleasant Valley
Canterbury Woods,Week2,Fox Mill Estates,Week1,226.0 Canterbury Woods - 176.0 Fox Mill Estates
Cardinal Hill,Week3,Daventry,Week4,342.0 Cardinal Hill - 60.0 Daventry
Camelot,Week2,Wakefield Chapel,Week5,295.0 Wakefield Chapel - 107.0 Camelot
Camelot,Week5,Woodley,Week3,271.5 Camelot - 130.5 Woodley
Camelot,Week4,Woodley,Week5,244.0 Camelot - 158.0 Woodley
Cardinal Hill,Week3,Pleasant Valley,Week3,338.0 Cardinal Hill - 64.0 Pleasant Valley
Canterbury Woods,Week2,Annandale,Week5,206.0 Canterbury Woods - 196.0 Annandale
Cardinal Hill,Week5,Crosspointe,Week4,216.0 Crosspointe - 186.0 Cardinal Hill
Cardinal Hill,Week4,Pleasant Valley,Week1,341.0 Cardinal Hill - 61.0 Pleasant Valley
Canterbury Woods,Week1,Fox Mill Estates,Week2,209.0 Fox Mill Estates - 193.0 Canterbury Woods
Cardinal Hill,Week4,Crosspointe,Week1,226.0 Crosspointe - 176.0 Cardinal Hill
Canterbury Woods,Week1,Fox Mill Estates,Week3,206.0 Canterbury Woods - 196.0 Fox Mill Estates
Canterbury Woods,Week5,Annandale,Week3,229.0 Canterbury Woods - 168.0 Annandale
Cardinal Hill,Week5,Crosspointe,Week2,212.5 Crosspointe - 189.5 Cardinal Hill
Canterbury Woods,Week4,Fox Mill Estates,Week1,238.0 Canterbury Woods - 164.0 Fox Mill Estates
Canterbury Woods,Week1,Arlington Forest,Week1,264.0 Arlington Forest - 138.0 Canterbury Woods
Cardinal Hill,Week1,Pleasant Valley,Week5,338.0 Cardinal Hill - 64.0 Pleasant Valley
Canterbury Woods,Week4,Annandale,Week5,244.0 Canterbury Woods - 158.0 Annandale
Cardinal Hill,Week5,Pinewood Lake,Week4,361.0 Cardinal Hill - 37.0 Pinewood Lake
Cardinal Hill,Week3,Daventry,Week1,336.0 Cardinal Hill - 66.0 Daventry
Canterbury Woods,Week5,Annandale,Week2,243.0 Canterbury Woods - 158.0 Annandale
Canterbury Woods,Week2,Fox Mill Estates,Week5,207.0 Fox Mill Estates - 195.0 Canterbury Woods
Canterbury Woods,Week1,Fox Mill Estates,Week1,228.0 Canterbury Woods - 174.0 Fox Mill Estates
Canterbury Woods,Week4,Fox Mill Estates,Week2,221.0 Canterbury Woods - 181.0 Fox Mill Estates
Cardinal Hill,Week5,Crosspointe,Week1,227.0 Crosspointe - 175.0 Cardinal Hill
Cardinal Hill,Week2,Daventry,Week2,322.0 Cardinal Hill - 79.0 Daventry
Canterbury Woods,Week3,Fox Mill Estates,Week2,206.0 Canterbury Woods - 196.0 Fox Mill Estates
Canterbury Woods,Week4,Annandale,Week1,260.0 Canterbury Woods - 142.0 Annandale
Canterbury Woods,Week5,Annandale,Week5,238.0 Canterbury Woods - 164.0 Annandale
Cardinal Hill,Week2,Pleasant Valley,Week3,312.0 Cardinal Hill - 90.0 Pleasant Valley
Cardinal Hill,Week3,Daventry,Week2,339.0 Cardinal Hill - 62.0 Daventry
Cardinal Hill,Week2,Pleasant Valley,Week5,320.0 Cardinal Hill - 81.0 Pleasant Valley
Cardinal Hill,Week2,Daventry,Week5,299.0 Cardinal Hill - 98.0 Daventry
Canterbury Woods,Week1,Arlington Forest,Week2,246.0 Arlington Forest - 151.0 Canterbury Woods
Cardinal Hill,Week3,Pleasant Valley,Week2,348.0 Cardinal Hill - 53.0 Pleasant Valley
Cardinal Hill,Week1,Daventry,Week5,319.0 Cardinal Hill - 83.0 Daventry
Canterbury Woods,Week2,Arlington Forest,Week2,252.0 Arlington Forest - 150.0 Canterbury Woods
Cardinal Hill,Week4,Pinewood Lake,Week5,365.5 Cardinal Hill - 36.5 Pinewood Lake
Cardinal Hill,Week4,Pleasant Valley,Week3,318.0 Cardinal Hill - 84.0 Pleasant Valley
Cardinal Hill,Week3,Daventry,Week5,323.0 Cardinal Hill - 79.0 Daventry
Cardinal Hill,Week2,Pleasant Valley,Week4,333.0 Cardinal Hill - 67.0 Pleasant Valley
Cardinal Hill,Week1,Pleasant Valley,Week3,333.0 Cardinal Hill - 69.0 Pleasant Valley
Canterbury Woods,Week3,Fox Mill Estates,Week1,237.0 Canterbury Woods - 165.0 Fox Mill Estates
Canterbury Woods,Week3,Annandale,Week5,232.0 Canterbury Woods - 169.0 Annandale
Canterbury Woods,Week3,Fox Mill Estates,Week3,221.0 Canterbury Woods - 181.0 Fox Mill Estates
Canterbury Woods,Week4,Fox Hunt,Week2,209.0 Fox Hunt - 188.0 Canterbury Woods
Cardinal Hill,Week4,Pleasant Valley,Week2,335.0 Cardinal Hill - 67.0 Pleasant Valley
Cardinal Hill,Week2,Dominion Hills,Week4,226.0 Cardinal Hill - 176.0 Dominion Hills
Canterbury Woods,Week5,Arlington Forest,Week4,258.0 Arlington Forest - 144.0 Canterbury Woods
Cardinal Hill,Week4,Daventry,Week1,330.0 Cardinal Hill - 72.0 Daventry
Cardinal Hill,Week2,Poplar Heights,Week2,204.0 Poplar Heights - 198.0 Cardinal Hill
Cardinal Hill,Week4,Poplar Heights,Week2,204.0 Cardinal Hill - 198.0 Poplar Heights
Cardinal Hill,Week4,Dominion Hills,Week4,230.5 Cardinal Hill - 171.5 Dominion Hills
Canterbury Woods,Week2,Brandywine,Week1,239.0 Brandywine - 163.0 Canterbury Woods
Canterbury Woods,Week4,Arlington Forest,Week5,259.0 Arlington Forest - 143.0 Canterbury Woods
Cardinal Hill,Week5,Pleasant Valley,Week3,323.0 Cardinal Hill - 79.0 Pleasant Valley
Cardinal Hill,Week3,Pleasant Valley,Week4,349.0 Cardinal Hill - 51.0 Pleasant Valley
Canterbury Woods,Week2,Fox Mill Estates,Week4,212.0 Fox Mill Estates - 190.0 Canterbury Woods
Canterbury Woods,Week1,Brandywine,Week4,248.0 Brandywine - 154.0 Canterbury Woods
Canterbury Woods,Week4,Fox Mill Estates,Week3,231.0 Canterbury Woods - 171.0 Fox Mill Estates
Cardinal Hill,Week4,Pleasant Valley,Week5,325.0 Cardinal Hill - 75.0 Pleasant Valley
Canterbury Woods,Week3,Arlington Forest,Week2,237.0 Arlington Forest - 165.0 Canterbury Woods
Cardinal Hill,Week5,Pleasant Valley,Week4,333.0 Cardinal Hill - 64.0 Pleasant Valley
Canterbury Woods,Week2,Arlington Forest,Week3,241.0 Arlington Forest - 160.0 Canterbury Woods
Canterbury Woods,Week5,Fox Hunt,Week4,232.5 Fox Hunt - 169.5 Canterbury Woods
Canterbury Woods,Week5,Fox Hunt,Week1,229.0 Fox Hunt - 173.0 Canterbury Woods
Canterbury Woods,Week1,Fox Mill Estates,Week5,206.0 Fox Mill Estates - 196.0 Canterbury Woods
Canterbury Woods,Week1,Brandywine,Week1,220.0 Brandywine - 182.0 Canterbury Woods
Cardinal Hill,Week1,Dominion Hills,Week4,222.0 Cardinal Hill - 180.0 Dominion Hills
Cardinal Hill,Week5,Poplar Heights,Week4,219.0 Cardinal Hill - 183.0 Poplar Heights
Cardinal Hill,Week4,Daventry,Week4,341.0 Cardinal Hill - 61.0 Daventry
Canterbury Woods,Week4,Arlington Forest,Week1,240.0 Arlington Forest - 162.0 Canterbury Woods
Canterbury Woods,Week4,Fox Mill Estates,Week5,222.0 Canterbury Woods - 180.0 Fox Mill Estates
Canterbury Woods,Week1,Fox Mill Estates,Week4,217.0 Fox Mill Estates - 185.0 Canterbury Woods
Canterbury Woods,Week5,Arlington Forest,Week3,225.0 Arlington Forest - 173.0 Canterbury Woods
Canterbury Woods,Week5,Fox Mill Estates,Week2,211.0 Canterbury Woods - 190.0 Fox Mill Estates
Canterbury Woods,Week4,Fox Hunt,Week3,238.0 Fox Hunt - 164.0 Canterbury Woods
Cardinal Hill,Week1,Daventry,Week1,335.0 Cardinal Hill - 67.0 Daventry
Cardinal Hill,Week4,Dominion Hills,Week2,263.0 Cardinal Hill - 139.0 Dominion Hills
Canterbury Woods,Week5,Fox Hunt,Week2,227.0 Fox Hunt - 175.0 Canterbury Woods
Cardinal Hill,Week5,Daventry,Week1,320.0 Cardinal Hill - 82.0 Daventry
Canterbury Woods,Week3,Fox Mill Estates,Week4,204.0 Canterbury Woods - 198.0 Fox Mill Estates
Cardinal Hill,Week2,Dominion Hills,Week5,206.0 Cardinal Hill - 196.0 Dominion Hills
Cardinal Hill,Week1,Poplar Heights,Week3,221.0 Cardinal Hill - 181.0 Poplar Heights
Canterbury Woods,Week1,Arlington Forest,Week3,237.5 Arlington Forest - 164.5 Canterbury Woods
Cardinal Hill,Week1,Poplar Heights,Week1,249.0 Cardinal Hill - 153.0 Poplar Heights
Cardinal Hill,Week1,Dominion Hills,Week2,264.0 Cardinal Hill - 138.0 Dominion Hills
Cardinal Hill,Week2,Poplar Heights,Week4,214.0 Poplar Heights - 188.0 Cardinal Hill
Canterbury Woods,Week3,Arlington Forest,Week4,260.0 Arlington Forest - 142.0 Canterbury Woods
Canterbury Woods,Week4,Arlington Forest,Week2,217.0 Arlington Forest - 185.0 Canterbury Woods
Canterbury Woods,Week5,Fox Mill Estates,Week4,205.0 Fox Mill Estates - 197.0 Canterbury Woods
Cardinal Hill,Week3,Poplar Heights,Week5,237.0 Cardinal Hill - 165.0 Poplar Heights
Cardinal Hill,Week5,Daventry,Week3,330.0 Cardinal Hill - 71.0 Daventry
Canterbury Woods,Week2,Fox Mill Woods,Week5,301.0 Fox Mill Woods - 101.0 Canterbury Woods
Cardinal Hill,Week1,Poplar Tree,Week3,218.5 Cardinal Hill - 183.5 Poplar Tree
Cardinal Hill,Week2,Dominion Hills,Week3,245.0 Cardinal Hill - 157.0 Dominion Hills
Cardinal Hill,Week1,Poplar Heights,Week4,226.0 Cardinal Hill - 176.0 Poplar Heights
Canterbury Woods,Week5,Fox Mill Estates,Week5,212.0 Canterbury Woods - 190.0 Fox Mill Estates
Canterbury Woods,Week3,Arlington Forest,Week1,248.0 Arlington Forest - 154.0 Canterbury Woods
Cardinal Hill,Week3,Dominion Hills,Week3,280.0 Cardinal Hill - 122.0 Dominion Hills
Cardinal Hill,Week1,Poplar Heights,Week2,229.0 Cardinal Hill - 173.0 Poplar Heights
Canterbury Woods,Week2,Arlington Forest,Week4,273.0 Arlington Forest - 129.0 Canterbury Woods
Cardinal Hill,Week2,Dominion Hills,Week1,249.0 Cardinal Hill - 153.0 Dominion Hills
Canterbury Woods,Week5,Fox Mill Estates,Week3,212.0 Canterbury Woods - 186.0 Fox Mill Estates
Cardinal Hill,Week3,Poplar Heights,Week3,237.0 Cardinal Hill - 165.0 Poplar Heights
Cardinal Hill,Week5,Daventry,Week2,323.0 Cardinal Hill - 75.0 Daventry
Canterbury Woods,Week1,Fox Mill Woods,Week1,291.0 Fox Mill Woods - 111.0 Canterbury Woods
Canterbury Woods,Week2,Arlington Forest,Week5,273.0 Arlington Forest - 129.0 Canterbury Woods
Canterbury Woods,Week1,Arlington Forest,Week5,273.0 Arlington Forest - 124.0 Canterbury Woods
Cardinal Hill,Week5,Little Hunting Park,Week5,290.0 Cardinal Hill - 111.0 Little Hunting Park
Canterbury Woods,Week5,Arlington Forest,Week5,268.0 Arlington Forest - 128.0 Canterbury Woods
Cardinal Hill,Week2,Poplar Heights,Week1,205.0 Cardinal Hill - 197.0 Poplar Heights
Canterbury Woods,Week1,Great Falls,Week1,223.0 Great Falls - 178.0 Canterbury Woods
Cardinal Hill,Week3,Dominion Hills,Week4,264.0 Cardinal Hill - 138.0 Dominion Hills
Cardinal Hill,Week2,Little Rocky Run,Week4,241.0 Little Rocky Run - 161.0 Cardinal Hill
Cardinal Hill,Week3,Little Hunting Park,Week3,314.0 Cardinal Hill - 88.0 Little Hunting Park
Cardinal Hill,Week4,Poplar Heights,Week1,215.0 Cardinal Hill - 187.0 Poplar Heights
Canterbury Woods,Week1,Brandywine,Week2,226.0 Brandywine - 176.0 Canterbury Woods
Cardinal Hill,Week5,Daventry,Week4,328.0 Cardinal Hill - 73.0 Daventry
Camelot,Week4,Villa Aquatic,Week1,209.0 Camelot - 193.0 Villa Aquatic
Cardinal Hill,Week1,Dominion Hills,Week5,231.0 Cardinal Hill - 171.0 Dominion Hills
Canterbury Woods,Week1,Great Falls,Week2,219.0 Great Falls - 164.0 Canterbury Woods
Cardinal Hill,Week4,Poplar Heights,Week3,206.0 Cardinal Hill - 196.0 Poplar Heights
Cardinal Hill,Week4,Poplar Heights,Week5,206.5 Cardinal Hill - 195.5 Poplar Heights
Cardinal Hill,Week3,Dominion Hills,Week2,277.0 Cardinal Hill - 125.0 Dominion Hills
Canterbury Woods,Week5,Fox Mill Woods,Week1,282.0 Fox Mill Woods - 119.0 Canterbury Woods
Cardinal Hill,Week1,Little Rocky Run,Week4,214.0 Little Rocky Run - 188.0 Cardinal Hill
Cardinal Hill,Week3,Poplar Heights,Week4,248.0 Cardinal Hill - 154.0 Poplar Heights
Canterbury Woods,Week5,Fox Mill Woods,Week4,279.0 Fox Mill Woods - 123.0 Canterbury Woods
Canterbury Woods,Week2,Great Falls,Week2,218.0 Great Falls - 166.0 Canterbury Woods
Cardinal Hill,Week3,Dominion Hills,Week5,262.0 Cardinal Hill - 140.0 Dominion Hills
Canterbury Woods,Week4,Arlington Forest,Week4,252.0 Arlington Forest - 150.0 Canterbury Woods
Canterbury Woods,Week3,Arlington Forest,Week3,227.0 Arlington Forest - 175.0 Canterbury Woods
Cardinal Hill,Week4,Poplar Heights,Week4,202.0 Cardinal Hill - 200.0 Poplar Heights
Cardinal Hill,Week4,Dominion Hills,Week1,272.0 Cardinal Hill - 130.0 Dominion Hills
Cardinal Hill,Week5,Little Hunting Park,Week1,294.0 Cardinal Hill - 104.0 Little Hunting Park
Cardinal Hill,Week5,Little Hunting Park,Week3,300.0 Cardinal Hill - 102.0 Little Hunting Park
Canterbury Woods,Week5,Arlington Forest,Week2,229.0 Arlington Forest - 168.0 Canterbury Woods
Cardinal Hill,Week5,Little Hunting Park,Week2,295.0 Cardinal Hill - 106.0 Little Hunting Park
Canterbury Woods,Week5,Fox Mill Woods,Week3,284.0 Fox Mill Woods - 118.0 Canterbury Woods
Cardinal Hill,Week2,Dominion Hills,Week2,236.0 Cardinal Hill - 166.0 Dominion Hills
Cardinal Hill,Week2,Poplar Heights,Week5,221.5 Poplar Heights - 180.5 Cardinal Hill
Camelot,Week2,Villa Aquatic,Week5,227.0 Villa Aquatic - 175.0 Camelot
Canterbury Woods,Week1,Arlington Forest,Week4,272.0 Arlington Forest - 130.0 Canterbury Woods
Cardinal Hill,Week5,Daventry,Week5,310.0 Cardinal Hill - 91.0 Daventry
Canterbury Woods,Week1,Brandywine,Week5,263.0 Brandywine - 139.0 Canterbury Woods
Canterbury Woods,Week5,Arlington Forest,Week1,247.0 Arlington Forest - 155.0 Canterbury Woods
Cardinal Hill,Week3,Poplar Heights,Week1,256.0 Cardinal Hill - 146.0 Poplar Heights
Canterbury Woods,Week4,Fox Mill Woods,Week3,265.0 Fox Mill Woods - 137.0 Canterbury Woods
Cardinal Hill,Week4,Daventry,Week3,330.0 Cardinal Hill - 72.0 Daventry
Canterbury Woods,Week2,Brandywine,Week3,234.0 Brandywine - 167.0 Canterbury Woods
Cardinal Hill,Week3,Poplar Heights,Week2,263.0 Cardinal Hill - 139.0 Poplar Heights
Camelot,Week5,Villa Aquatic,Week1,210.0 Camelot - 192.0 Villa Aquatic
Cardinal Hill,Week5,Poplar Heights,Week5,217.5 Cardinal Hill - 184.5 Poplar Heights
Camelot,Week4,Villa Aquatic,Week4,222.0 Villa Aquatic - 180.0 Camelot
Canterbury Woods,Week1,Brandywine,Week3,214.0 Brandywine - 188.0 Canterbury Woods
Canterbury Woods,Week2,Fox Mill Woods,Week2,287.0 Fox Mill Woods - 115.0 Canterbury Woods
Cardinal Hill,Week4,Daventry,Week5,312.5 Cardinal Hill - 89.5 Daventry
Canterbury Woods,Week3,Great Falls,Week3,229.0 Great Falls - 173.0 Canterbury Woods
Camelot,Week4,Sully Station II,Week2,267.0 Sully Station II - 135.0 Camelot
Canterbury Woods,Week3,Fox Mill Woods,Week1,288.0 Fox Mill Woods - 114.0 Canterbury Woods
Canterbury Woods,Week5,Fox Mill Woods,Week2,268.0 Fox Mill Woods - 133.0 Canterbury Woods
Canterbury Woods,Week1,Fox Mill Woods,Week2,290.0 Fox Mill Woods - 112.0 Canterbury Woods
Canterbury Woods,Week2,Arlington Forest,Week1,261.0 Arlington Forest - 141.0 Canterbury Woods
Cardinal Hill,Week2,Little Rocky Run,Week2,233.0 Little Rocky Run - 169.0 Cardinal Hill
Camelot,Week3,Sully Station II,Week5,294.0 Sully Station II - 108.0 Camelot
Cardinal Hill,Week1,Dominion Hills,Week3,265.0 Cardinal Hill - 137.0 Dominion Hills
Canterbury Woods,Week4,Arlington Forest,Week3,223.0 Arlington Forest - 179.0 Canterbury Woods
Camelot,Week4,Villa Aquatic,Week5,235.0 Villa Aquatic - 167.0 Camelot
Cardinal Hill,Week1,Poplar Tree,Week1,219.0 Cardinal Hill - 183.0 Poplar Tree
Cardinal Hill,Week1,Dominion Hills,Week1,275.0 Cardinal Hill - 127.0 Dominion Hills
Camelot,Week3,Villa Aquatic,Week1,211.0 Villa Aquatic - 191.0 Camelot
Cardinal Hill,Week1,Poplar Tree,Week2,224.0 Cardinal Hill - 178.0 Poplar Tree
Cardinal Hill,Week5,Poplar Heights,Week3,210.0 Cardinal Hill - 192.0 Poplar Heights
Cardinal Hill,Week3,Dominion Hills,Week1,296.0 Cardinal Hill - 106.0 Dominion Hills
Cardinal Hill,Week4,Little Hunting Park,Week2,299.0 Cardinal Hill - 103.0 Little Hunting Park
Camelot,Week3,Villa Aquatic,Week4,229.0 Villa Aquatic - 173.0 Camelot
Camelot,Week3,Village West,Week1,232.0 Camelot - 169.0 Village West
Cardinal Hill,Week4,Little Rocky Run,Week5,228.0 Little Rocky Run - 174.0 Cardinal Hill
Cardinal Hill,Week1,Little Rocky Run,Week5,236.0 Little Rocky Run - 166.0 Cardinal Hill
Camelot,Week3,Sully Station II,Week4,251.0 Sully Station II - 151.0 Camelot
Canterbury Woods,Week3,Great Falls,Week1,205.0 Great Falls - 197.0 Canterbury Woods
Canterbury Woods,Week3,Arlington Forest,Week5,266.0 Arlington Forest - 136.0 Canterbury Woods
Cardinal Hill,Week4,Daventry,Week2,339.0 Cardinal Hill - 63.0 Daventry
Cardinal Hill,Week2,Little Rocky Run,Week1,236.0 Little Rocky Run - 166.0 Cardinal Hill
Cardinal Hill,Week3,Little Hunting Park,Week2,313.0 Cardinal Hill - 89.0 Little Hunting Park
Camelot,Week1,Villa Aquatic,Week5,229.0 Villa Aquatic - 173.0 Camelot
Cardinal Hill,Week3,Little Hunting Park,Week4,317.0 Cardinal Hill - 85.0 Little Hunting Park
Cardinal Hill,Week5,Poplar Heights,Week2,215.0 Cardinal Hill - 187.0 Poplar Heights
Canterbury Woods,Week3,Brandywine,Week1,201.5 Canterbury Woods - 200.5 Brandywine
Camelot,Week4,Sully Station II,Week1,259.0 Sully Station II - 143.0 Camelot
Camelot,Week2,Villa Aquatic,Week3,222.0 Villa Aquatic - 180.0 Camelot
Canterbury Woods,Week3,Fox Mill Woods,Week4,293.0 Fox Mill Woods - 109.0 Canterbury Woods
Cardinal Hill,Week4,Dominion Hills,Week3,262.5 Cardinal Hill - 139.5 Dominion Hills
Cardinal Hill,Week2,Donaldson Run,Week1,244.5 Donaldson Run - 157.5 Cardinal Hill
Cardinal Hill,Week1,Poplar Heights,Week5,218.5 Cardinal Hill - 183.5 Poplar Heights
Canterbury Woods,Week2,Fox Mill Woods,Week1,299.0 Fox Mill Woods - 103.0 Canterbury Woods
Cardinal Hill,Week2,Little Hunting Park,Week5,264.0 Cardinal Hill - 137.0 Little Hunting Park
Cardinal Hill,Week2,Poplar Heights,Week3,205.0 Cardinal Hill - 197.0 Poplar Heights
Cardinal Hill,Week2,Little Hunting Park,Week3,289.0 Cardinal Hill - 113.0 Little Hunting Park
Camelot,Week3,Sully Station II,Week2,279.0 Sully Station II - 123.0 Camelot
Canterbury Woods,Week2,Brandywine,Week4,258.0 Brandywine - 144.0 Canterbury Woods
Camelot,Week2,Villa Aquatic,Week1,206.0 Villa Aquatic - 196.0 Camelot
Cardinal Hill,Week5,Dominion Hills,Week2,247.0 Cardinal Hill - 155.0 Dominion Hills
Canterbury Woods,Week2,Fox Mill Woods,Week3,290.0 Fox Mill Woods - 112.0 Canterbury Woods
Camelot,Week3,Sully Station II,Week3,295.5 Sully Station II - 106.5 Camelot
Cardinal Hill,Week3,Little Hunting Park,Week1,314.0 Cardinal Hill - 87.0 Little Hunting Park
Camelot,Week5,Villa Aquatic,Week3,243.0 Villa Aquatic - 159.0 Camelot
Canterbury Woods,Week4,Brandywine,Week2,202.0 Brandywine - 200.0 Canterbury Woods
Cardinal Hill,Week5,Poplar Heights,Week1,221.0 Cardinal Hill - 181.0 Poplar Heights
Cardinal Hill,Week1,Poplar Tree,Week5,208.0 Poplar Tree - 194.0 Cardinal Hill
Canterbury Woods,Week5,Brandywine,Week3,201.0 Brandywine - 201.0 Canterbury Woods
Camelot,Week4,Sully Station II,Week3,287.0 Sully Station II - 115.0 Camelot
Cardinal Hill,Week3,Little Hunting Park,Week5,292.0 Cardinal Hill - 109.0 Little Hunting Park
Camelot,Week4,Sully Station II,Week4,248.0 Sully Station II - 154.0 Camelot
Cardinal Hill,Week5,Dominion Hills,Week4,230.0 Cardinal Hill - 172.0 Dominion Hills
Canterbury Woods,Week2,Brandywine,Week5,263.0 Brandywine - 139.0 Canterbury Woods
Cardinal Hill,Week1,Poplar Tree,Week4,243.0 Cardinal Hill - 159.0 Poplar Tree
Camelot,Week4,Villa Aquatic,Week3,240.0 Villa Aquatic - 162.0 Camelot
Cardinal Hill,Week4,Dominion Hills,Week5,229.0 Cardinal Hill - 173.0 Dominion Hills
Cardinal Hill,Week2,Little Hunting Park,Week4,299.0 Cardinal Hill - 103.0 Little Hunting Park
Cardinal Hill,Week4,Little Hunting Park,Week5,280.0 Cardinal Hill - 121.0 Little Hunting Park
Camelot,Week3,Villa Aquatic,Week5,235.0 Villa Aquatic - 167.0 Camelot
Camelot,Week5,Sully Station II,Week1,253.0 Sully Station II - 148.0 Camelot
Canterbury Woods,Week3,Fox Mill Woods,Week2,286.0 Fox Mill Woods - 116.0 Canterbury Woods
Camelot,Week3,Villa Aquatic,Week2,211.0 Villa Aquatic - 191.0 Camelot
Canterbury Woods,Week1,Fox Mill Woods,Week4,301.0 Fox Mill Woods - 101.0 Canterbury Woods
Cardinal Hill,Week2,Donaldson Run,Week4,255.0 Donaldson Run - 147.0 Cardinal Hill
Cardinal Hill,Week3,Donaldson Run,Week1,201.0 Cardinal Hill - 201.0 Donaldson Run
Camelot,Week4,Sully Station II,Week5,296.0 Sully Station II - 106.0 Camelot
Canterbury Woods,Week2,Fox Mill Woods,Week4,304.0 Fox Mill Woods - 98.0 Canterbury Woods
Canterbury Woods,Week4,Fox Mill Woods,Week1,280.0 Fox Mill Woods - 122.0 Canterbury Woods
Cardinal Hill,Week5,Little Hunting Park,Week4,313.0 Cardinal Hill - 88.0 Little Hunting Park
Canterbury Woods,Week5,Brandywine,Week1,209.0 Brandywine - 193.0 Canterbury Woods
Canterbury Woods,Week5,Brandywine,Week5,234.0 Brandywine - 167.0 Canterbury Woods
Cardinal Hill,Week4,Little Hunting Park,Week3,300.0 Cardinal Hill - 102.0 Little Hunting Park
Camelot,Week5,Villa Aquatic,Week5,231.0 Villa Aquatic - 171.0 Camelot
Cardinal Hill,Week2,Poplar Tree,Week1,210.0 Poplar Tree - 192.0 Cardinal Hill
Camelot,Week1,Village West,Week2,229.0 Camelot - 173.0 Village West
Cardinal Hill,Week2,Poplar Tree,Week2,204.0 Poplar Tree - 198.0 Cardinal Hill
Cardinal Hill,Week3,Donaldson Run,Week3,221.0 Donaldson Run - 181.0 Cardinal Hill
Canterbury Woods,Week5,Brandywine,Week2,207.5 Brandywine - 194.5 Canterbury Woods
Canterbury Woods,Week1,Fox Mill Woods,Week5,307.0 Fox Mill Woods - 95.0 Canterbury Woods
Camelot,Week5,Sully Station II,Week2,279.0 Sully Station II - 123.0 Camelot
Cardinal Hill,Week3,Highland Park,Week2,276.0 Cardinal Hill - 126.0 Highland Park
Canterbury Woods,Week4,Fox Mill Woods,Week2,265.0 Fox Mill Woods - 137.0 Canterbury Woods
Camelot,Week2,Village West,Week3,220.0 Camelot - 182.0 Village West
Cardinal Hill,Week1,Little Rocky Run,Week1,220.0 Little Rocky Run - 182.0 Cardinal Hill
Cardinal Hill,Week3,Donaldson Run,Week5,232.0 Donaldson Run - 170.0 Cardinal Hill
Camelot,Week5,Sully Station II,Week3,295.0 Sully Station II - 107.0 Camelot
Cardinal Hill,Week3,Poplar Tree,Week1,239.0 Cardinal Hill - 163.0 Poplar Tree
Cardinal Hill,Week4,Donaldson Run,Week1,234.0 Donaldson Run - 168.0 Cardinal Hill
Camelot,Week5,Sully Station II,Week4,241.0 Sully Station II - 161.0 Camelot
Canterbury Woods,Week2,Brandywine,Week2,230.0 Brandywine - 172.0 Canterbury Woods
Cardinal Hill,Week3,Donaldson Run,Week4,212.0 Donaldson Run - 190.0 Cardinal Hill
Canterbury Woods,Week1,Bren Mar-Edsall Park,Week1,335.0 Canterbury Woods - 67.0 Bren Mar-Edsall Park
Canterbury Woods,Week3,Fox Mill Woods,Week5,289.0 Fox Mill Woods - 113.0 Canterbury Woods
Cardinal Hill,Week2,Ravensworth Farm,Week2,241.0 Cardinal Hill - 161.0 Ravensworth Farm
Camelot,Week2,Village West,Week1,237.0 Camelot - 164.0 Village West
Canterbury Woods,Week3,Brandywine,Week4,238.0 Brandywine - 164.0 Canterbury Woods
Canterbury Woods,Week5,Brandywine,Week4,222.0 Brandywine - 180.0 Canterbury Woods
Cardinal Hill,Week4,Little Hunting Park,Week4,300.0 Cardinal Hill - 102.0 Little Hunting Park
Cardinal Hill,Week3,Poplar Tree,Week2,253.0 Cardinal Hill - 149.0 Poplar Tree
Camelot,Week1,Village West,Week4,226.0 Camelot - 171.0 Village West
Cardinal Hill,Week4,Donaldson Run,Week2,229.0 Donaldson Run - 173.0 Cardinal Hill
Camelot,Week2,Villa Aquatic,Week4,219.0 Villa Aquatic - 183.0 Camelot
Cardinal Hill,Week4,Little Hunting Park,Week1,299.0 Cardinal Hill - 103.0 Little Hunting Park
Canterbury Woods,Week4,Fox Mill Woods,Week5,273.0 Fox Mill Woods - 129.0 Canterbury Woods
Cardinal Hill,Week2,Little Rocky Run,Week3,257.0 Little Rocky Run - 145.0 Cardinal Hill
Canterbury Woods,Week4,Brandywine,Week4,232.0 Brandywine - 170.0 Canterbury Woods
Cardinal Hill,Week3,Highland Park,Week5,258.0 Cardinal Hill - 144.0 Highland Park
Cardinal Hill,Week2,Little Hunting Park,Week2,292.0 Cardinal Hill - 110.0 Little Hunting Park
Cardinal Hill,Week1,Little Rocky Run,Week3,229.0 Little Rocky Run - 173.0 Cardinal Hill
Canterbury Woods,Week4,Brandywine,Week1,204.5 Canterbury Woods - 197.5 Brandywine
Canterbury Woods,Week1,Fox Mill Woods,Week3,288.0 Fox Mill Woods - 114.0 Canterbury Woods
Cardinal Hill,Week4,Poplar Tree,Week3,213.0 Cardinal Hill - 189.0 Poplar Tree
Cardinal Hill,Week4,Donaldson Run,Week3,241.0 Donaldson Run - 161.0 Cardinal Hill
Canterbury Woods,Week4,Fox Mill Woods,Week4,274.0 Fox Mill Woods - 128.0 Canterbury Woods
Cardinal Hill,Week4,Highland Park,Week1,229.0 Cardinal Hill - 173.0 Highland Park
Camelot,Week2,Villa Aquatic,Week2,204.0 Camelot - 198.0 Villa Aquatic
Cardinal Hill,Week1,Ravensworth Farm,Week2,264.0 Cardinal Hill - 138.0 Ravensworth Farm
Canterbury Woods,Week5,Fox Mill Woods,Week5,281.0 Fox Mill Woods - 121.0 Canterbury Woods
Cardinal Hill,Week2,Ravensworth Farm,Week3,209.0 Ravensworth Farm - 193.0 Cardinal Hill
Cardinal Hill,Week1,Little Rocky Run,Week2,215.0 Little Rocky Run - 187.0 Cardinal Hill
Canterbury Woods,Week3,Fox Mill Woods,Week3,273.0 Fox Mill Woods - 129.0 Canterbury Woods
Cardinal Hill,Week3,Ravensworth Farm,Week2,266.0 Cardinal Hill - 136.0 Ravensworth Farm
Cardinal Hill,Week1,Donaldson Run,Week3,215.0 Donaldson Run - 187.0 Cardinal Hill
Canterbury Woods,Week3,Brandywine,Week3,203.0 Brandywine - 199.0 Canterbury Woods
Camelot,Week4,Villa Aquatic,Week2,203.0 Camelot - 199.0 Villa Aquatic
Cardinal Hill,Week5,Poplar Tree,Week4,234.0 Cardinal Hill - 168.0 Poplar Tree
Cardinal Hill,Week5,Dominion Hills,Week1,274.0 Cardinal Hill - 128.0 Dominion Hills
Camelot,Week1,Village West,Week1,234.0 Camelot - 168.0 Village West
Cardinal Hill,Week3,Little Rocky Run,Week3,203.0 Little Rocky Run - 199.0 Cardinal Hill
Canterbury Woods,Week4,Brandywine,Week3,204.0 Canterbury Woods - 198.0 Brandywine
Cardinal Hill,Week1,Ravensworth Farm,Week5,216.0 Cardinal Hill - 186.0 Ravensworth Farm
Cardinal Hill,Week2,Donaldson Run,Week5,276.3 Donaldson Run - 125.7 Cardinal Hill
Cardinal Hill,Week3,Highland Park,Week4,256.0 Cardinal Hill - 146.0 Highland Park
Cardinal Hill,Week3,Little Rocky Run,Week2,216.0 Cardinal Hill - 186.0 Little Rocky Run
Canterbury Woods,Week1,Great Falls,Week4,223.0 Great Falls - 173.0 Canterbury Woods
Cardinal Hill,Week1,Ravensworth Farm,Week3,223.5 Cardinal Hill - 178.5 Ravensworth Farm
Camelot,Week5,Villa Aquatic,Week2,207.0 Camelot - 195.0 Villa Aquatic
Cardinal Hill,Week1,Highlands Swim,Week4,254.0 Highlands Swim - 148.0 Cardinal Hill
Canterbury Woods,Week1,Great Falls,Week3,237.0 Great Falls - 160.0 Canterbury Woods
Camelot,Week2,Village West,Week2,226.0 Camelot - 175.0 Village West
Canterbury Woods,Week4,Brandywine,Week5,234.0 Brandywine - 168.0 Canterbury Woods
Canterbury Woods,Week3,Brandywine,Week2,202.0 Canterbury Woods - 200.0 Brandywine
Cardinal Hill,Week2,Little Rocky Run,Week5,263.0 Little Rocky Run - 134.0 Cardinal Hill
Cardinal Hill,Week2,Donaldson Run,Week2,245.0 Donaldson Run - 157.0 Cardinal Hill
Cardinal Hill,Week4,Highland Park,Week5,241.0 Cardinal Hill - 161.0 Highland Park
Canterbury Woods,Week1,Great Falls,Week5,237.0 Great Falls - 160.0 Canterbury Woods
Cardinal Hill,Week4,Poplar Tree,Week5,214.0 Poplar Tree - 188.0 Cardinal Hill
Canterbury Woods,Week3,Overlee,Week3,358.0 Overlee - 44.0 Canterbury Woods
Cardinal Hill,Week2,Highland Park,Week2,233.0 Cardinal Hill - 169.0 Highland Park
Cardinal Hill,Week3,Donaldson Run,Week2,207.0 Donaldson Run - 195.0 Cardinal Hill
Cardinal Hill,Week2,Ravensworth Farm,Week1,211.0 Cardinal Hill - 191.0 Ravensworth Farm
Cardinal Hill,Week1,Donaldson Run,Week1,214.0 Donaldson Run - 188.0 Cardinal Hill
Camelot,Week2,Village West,Week4,227.0 Camelot - 169.0 Village West
Canterbury Woods,Week5,Overlee,Week4,372.0 Overlee - 30.0 Canterbury Woods
Cardinal Hill,Week1,Donaldson Run,Week2,209.0 Donaldson Run - 193.0 Cardinal Hill
Canterbury Woods,Week2,Great Falls,Week3,241.0 Great Falls - 161.0 Canterbury Woods
Canterbury Woods,Week2,Great Falls,Week5,247.0 Great Falls - 151.0 Canterbury Woods
Cardinal Hill,Week3,Little Rocky Run,Week4,219.0 Cardinal Hill - 183.0 Little Rocky Run
Canterbury Woods,Week3,Brandywine,Week5,243.0 Brandywine - 159.0 Canterbury Woods
Cardinal Hill,Week1,Highland Park,Week4,244.0 Cardinal Hill - 158.0 Highland Park
Cardinal Hill,Week1,Highland Park,Week3,252.0 Cardinal Hill - 150.0 Highland Park
Cardinal Hill,Week4,Poplar Tree,Week1,211.0 Cardinal Hill - 191.0 Poplar Tree
Cardinal Hill,Week1,Donaldson Run,Week4,220.0 Donaldson Run - 182.0 Cardinal Hill
Cardinal Hill,Week4,Little Rocky Run,Week1,215.0 Little Rocky Run - 187.0 Cardinal Hill
Canterbury Woods,Week2,Great Falls,Week1,228.0 Great Falls - 173.0 Canterbury Woods
Cardinal Hill,Week5,Highland Park,Week5,238.0 Cardinal Hill - 164.0 Highland Park
Camelot,Week5,Villa Aquatic,Week4,220.0 Villa Aquatic - 182.0 Camelot
Camelot,Week3,Villa Aquatic,Week3,240.0 Villa Aquatic - 162.0 Camelot
Cardinal Hill,Week4,Little Rocky Run,Week2,205.0 Little Rocky Run - 197.0 Cardinal Hill
Cardinal Hill,Week5,Poplar Tree,Week2,229.0 Cardinal Hill - 173.0 Poplar Tree
Cardinal Hill,Week2,Poplar Tree,Week5,221.0 Poplar Tree - 181.0 Cardinal Hill
Camelot,Week1,Village West,Week3,219.0 Camelot - 183.0 Village West
Canterbury Woods,Week1,Parklawn,Week3,256.0 Canterbury Woods - 145.0 Parklawn
Canterbury Woods,Week2,Overlee,Week4,380.0 Overlee - 22.0 Canterbury Woods
Camelot,Week1,Village West,Week5,234.0 Camelot - 168.0 Village West
Canterbury Woods,Week3,Great Falls,Week2,202.0 Great Falls - 182.0 Canterbury Woods
Cardinal Hill,Week1,Highland Park,Week1,226.0 Cardinal Hill - 176.0 Highland Park
Cardinal Hill,Week3,Little Rocky Run,Week5,212.0 Little Rocky Run - 190.0 Cardinal Hill
Canterbury Woods,Week2,Great Falls,Week4,228.0 Great Falls - 173.0 Canterbury Woods
Cardinal Hill,Week5,Dominion Hills,Week3,260.0 Cardinal Hill - 142.0 Dominion Hills
Cardinal Hill,Week2,Highland Park,Week1,221.0 Cardinal Hill - 181.0 Highland Park
Canterbury Woods,Week5,Great Falls,Week4,207.0 Great Falls - 185.0 Canterbury Woods
Cardinal Hill,Week2,Donaldson Run,Week3,252.0 Donaldson Run - 150.0 Cardinal Hill
Cardinal Hill,Week1,Donaldson Run,Week5,245.0 Donaldson Run - 157.0 Cardinal Hill
Cardinal Hill,Week4,Little Rocky Run,Week4,208.0 Little Rocky Run - 194.0 Cardinal Hill
Camelot,Week4,Village West,Week5,237.0 Camelot - 165.0 Village West
Cardinal Hill,Week2,Poplar Tree,Week3,202.0 Cardinal Hill - 200.0 Poplar Tree
Cardinal Hill,Week5,Poplar Tree,Week1,219.0 Cardinal Hill - 183.0 Poplar Tree
Canterbury Woods,Week2,Overlee,Week5,374.0 Overlee - 28.0 Canterbury Woods
Cardinal Hill,Week3,Poplar Tree,Week4,251.0 Cardinal Hill - 151.0 Poplar Tree
Cardinal Hill,Week4,Little Rocky Run,Week3,236.0 Little Rocky Run - 166.0 Cardinal Hill
Cardinal Hill,Week5,Dominion Hills,Week5,228.0 Cardinal Hill - 174.0 Dominion Hills
Cardinal Hill,Week2,Highland Park,Week5,229.0 Cardinal Hill - 173.0 Highland Park
Camelot,Week2,Village West,Week5,228.0 Camelot - 173.0 Village West
Camelot,Week1,Virginia Hills,Week1,305.0 Camelot - 96.0 Virginia Hills
Canterbury Woods,Week4,Great Falls,Week1,208.0 Great Falls - 193.0 Canterbury Woods
Canterbury Woods,Week4,Overlee,Week4,368.0 Overlee - 34.0 Canterbury Woods
Canterbury Woods,Week1,Greenbriar,Week2,276.0 Greenbriar - 126.0 Canterbury Woods
Camelot,Week3,Village West,Week3,224.0 Camelot - 178.0 Village West
Cardinal Hill,Week3,Little Rocky Run,Week1,202.0 Little Rocky Run - 200.0 Cardinal Hill
Cardinal Hill,Week2,Highland Park,Week3,235.0 Cardinal Hill - 167.0 Highland Park
Cardinal Hill,Week5,Little Rocky Run,Week5,234.0 Little Rocky Run - 168.0 Cardinal Hill
Camelot,Week3,Village West,Week5,219.0 Camelot - 182.0 Village West
Canterbury Woods,Week3,Overlee,Week1,357.0 Overlee - 45.0 Canterbury Woods
Cardinal Hill,Week2,Poplar Tree,Week4,220.0 Cardinal Hill - 182.0 Poplar Tree
Cardinal Hill,Week4,Highland Park,Week4,239.0 Cardinal Hill - 163.0 Highland Park
Canterbury Woods,Week1,Overlee,Week1,355.0 Overlee - 47.0 Canterbury Woods
Cardinal Hill,Week5,Highland Park,Week3,238.0 Cardinal Hill - 164.0 Highland Park
Cardinal Hill,Week1,Long Branch,Week4,302.0 Cardinal Hill - 100.0 Long Branch
Cardinal Hill,Week1,Long Branch,Week3,284.0 Cardinal Hill - 118.0 Long Branch
Cardinal Hill,Week3,Highland Park,Week3,269.0 Cardinal Hill - 133.0 Highland Park
Cardinal Hill,Week5,Poplar Tree,Week3,215.0 Cardinal Hill - 187.0 Poplar Tree
Canterbury Woods,Week1,Greenbriar,Week5,269.0 Greenbriar - 133.0 Canterbury Woods
Cardinal Hill,Week3,Poplar Tree,Week5,221.5 Cardinal Hill - 180.5 Poplar Tree
Canterbury Woods,Week4,Holmes Run Acres,Week1,220.0 Holmes Run Acres - 182.0 Canterbury Woods
Canterbury Woods,Week1,Holmes Run Acres,Week5,284.0 Holmes Run Acres - 118.0 Canterbury Woods
Canterbury Woods,Week5,Orange Hunt,Week5,259.0 Orange Hunt - 142.0 Canterbury Woods
Canterbury Woods,Week1,Hunt Valley,Week4,303.0 Hunt Valley - 99.0 Canterbury Woods
Cardinal Hill,Week2,Long Branch,Week2,275.0 Cardinal Hill - 127.0 Long Branch
Camelot,Week1,Virginia Hills,Week2,311.0 Camelot - 91.0 Virginia Hills
Canterbury Woods,Week1,Overlee,Week2,361.0 Overlee - 41.0 Canterbury Woods
Canterbury Woods,Week3,Great Falls,Week4,206.0 Great Falls - 195.0 Canterbury Woods
Cardinal Hill,Week1,Highland Park,Week2,265.0 Cardinal Hill - 137.0 Highland Park
Canterbury Woods,Week2,Greenbriar,Week4,245.0 Greenbriar - 157.0 Canterbury Woods
Camelot,Week5,Village West,Week5,239.0 Camelot - 163.0 Village West
Cardinal Hill,Week3,Poplar Tree,Week3,239.0 Cardinal Hill - 163.0 Poplar Tree
Cardinal Hill,Week1,Ravensworth Farm,Week4,246.0 Cardinal Hill - 156.0 Ravensworth Farm
Canterbury Woods,Week5,Great Falls,Week3,232.0 Great Falls - 165.0 Canterbury Woods
Canterbury Woods,Week4,Holmes Run Acres,Week4,236.0 Holmes Run Acres - 166.0 Canterbury Woods
Cardinal Hill,Week5,Highland Park,Week4,244.0 Cardinal Hill - 158.0 Highland Park
Cardinal Hill,Week2,Long Branch,Week4,268.0 Cardinal Hill - 134.0 Long Branch
Cardinal Hill,Week3,Highland Park,Week1,249.0 Cardinal Hill - 153.0 Highland Park
Camelot,Week3,Village West,Week2,238.0 Camelot - 162.0 Village West
Canterbury Woods,Week4,Overlee,Week5,363.0 Overlee - 39.0 Canterbury Woods
Cardinal Hill,Week5,Highland Park,Week2,244.0 Cardinal Hill - 158.0 Highland Park
Canterbury Woods,Week5,Overlee,Week5,359.0 Overlee - 43.0 Canterbury Woods
Canterbury Woods,Week3,Greenbriar,Week3,247.0 Greenbriar - 155.0 Canterbury Woods
Camelot,Week4,Village West,Week2,240.0 Camelot - 162.0 Village West
Canterbury Woods,Week4,Overlee,Week3,338.0 Overlee - 64.0 Canterbury Woods
Camelot,Week1,Virginia Hills,Week4,294.0 Camelot - 108.0 Virginia Hills
Cardinal Hill,Week3,Long Branch,Week1,306.0 Cardinal Hill - 96.0 Long Branch
Cardinal Hill,Week1,Ravensworth Farm,Week1,238.0 Cardinal Hill - 164.0 Ravensworth Farm
Cardinal Hill,Week4,Long Branch,Week1,272.0 Cardinal Hill - 130.0 Long Branch
Canterbury Woods,Week2,Hunt Valley,Week2,301.0 Hunt Valley - 101.0 Canterbury Woods
Canterbury Woods,Week5,Great Falls,Week2,211.5 Great Falls - 172.5 Canterbury Woods
Canterbury Woods,Week2,Hunt Valley,Week4,305.0 Hunt Valley - 97.0 Canterbury Woods
Cardinal Hill,Week4,Poplar Tree,Week2,224.0 Cardinal Hill - 178.0 Poplar Tree
Canterbury Woods,Week3,Overlee,Week4,380.0 Overlee - 22.0 Canterbury Woods
Canterbury Woods,Week1,Overlee,Week5,369.0 Overlee - 33.0 Canterbury Woods
Cardinal Hill,Week1,Long Branch,Week5,281.5 Cardinal Hill - 120.5 Long Branch
Canterbury Woods,Week3,Overlee,Week5,371.0 Overlee - 31.0 Canterbury Woods
Cardinal Hill,Week4,Highland Park,Week2,247.0 Cardinal Hill - 155.0 Highland Park
Cardinal Hill,Week4,Long Branch,Week2,286.0 Cardinal Hill - 116.0 Long Branch
Cardinal Hill,Week1,Long Branch,Week2,299.0 Cardinal Hill - 103.0 Long Branch
Canterbury Woods,Week3,Holmes Run Acres,Week2,221.0 Holmes Run Acres - 181.0 Canterbury Woods
Canterbury Woods,Week3,Holmes Run Acres,Week1,208.0 Holmes Run Acres - 194.0 Canterbury Woods
Cardinal Hill,Week5,High Point Pool,Week5,234.0 Cardinal Hill - 168.0 High Point Pool
Cardinal Hill,Week2,Long Branch,Week3,277.0 Cardinal Hill - 125.0 Long Branch
Cardinal Hill,Week5,Poplar Tree,Week5,205.0 Poplar Tree - 197.0 Cardinal Hill
Cardinal Hill,Week4,Highland Park,Week3,241.0 Cardinal Hill - 161.0 Highland Park
Canterbury Woods,Week2,Greenbriar,Week3,264.5 Greenbriar - 137.5 Canterbury Woods
Camelot,Week5,Village West,Week3,225.0 Camelot - 177.0 Village West
Cardinal Hill,Week4,Poplar Tree,Week4,230.0 Cardinal Hill - 172.0 Poplar Tree
Camelot,Week1,Virginia Hills,Week5,283.0 Camelot - 119.0 Virginia Hills
Camelot,Week4,Village West,Week4,245.5 Camelot - 151.5 Village West
Cardinal Hill,Week2,Highland Park,Week4,228.0 Cardinal Hill - 174.0 Highland Park
Canterbury Woods,Week3,Hunt Valley,Week1,283.0 Hunt Valley - 119.0 Canterbury Woods
Cardinal Hill,Week1,Highland Park,Week5,247.0 Cardinal Hill - 155.0 Highland Park
Canterbury Woods,Week5,Great Falls,Week1,208.0 Great Falls - 194.0 Canterbury Woods
Canterbury Woods,Week1,Overlee,Week3,355.0 Overlee - 47.0 Canterbury Woods
Canterbury Woods,Week3,Greenbriar,Week5,240.0 Greenbriar - 162.0 Canterbury Woods
Canterbury Woods,Week2,Overlee,Week1,362.0 Overlee - 40.0 Canterbury Woods
Camelot,Week3,Village West,Week4,217.0 Camelot - 179.0 Village West
Cardinal Hill,Week2,Ravensworth Farm,Week4,217.0 Cardinal Hill - 185.0 Ravensworth Farm
Camelot,Week5,Village West,Week2,238.0 Camelot - 163.0 Village West
Canterbury Woods,Week1,Greenbriar,Week3,264.0 Greenbriar - 138.0 Canterbury Woods
Canterbury Woods,Week3,Greenbriar,Week4,223.0 Greenbriar - 179.0 Canterbury Woods
Canterbury Woods,Week4,Holmes Run Acres,Week2,221.5 Holmes Run Acres - 180.5 Canterbury Woods
Cardinal Hill,Week3,Long Branch,Week2,309.0 Cardinal Hill - 93.0 Long Branch
Cardinal Hill,Week2,Ravensworth Farm,Week5,202.0 Ravensworth Farm - 200.0 Cardinal Hill
Cardinal Hill,Week2,Long Branch,Week5,255.0 Cardinal Hill - 147.0 Long Branch
Cardinal Hill,Week3,Long Branch,Week5,297.0 Cardinal Hill - 105.0 Long Branch
Cardinal Hill,Week2,Riverside Gardens,Week3,222.0 Riverside Gardens - 180.0 Cardinal Hill
Cardinal Hill,Week1,Highlands Swim,Week3,255.0 Highlands Swim - 147.0 Cardinal Hill
Canterbury Woods,Week2,Holmes Run Acres,Week2,252.0 Holmes Run Acres - 145.0 Canterbury Woods
Camelot,Week2,Virginia Hills,Week1,304.0 Camelot - 96.0 Virginia Hills
Cardinal Hill,Week5,Highlands Swim,Week1,268.0 Highlands Swim - 134.0 Cardinal Hill
Canterbury Woods,Week2,Holmes Run Acres,Week5,284.0 Holmes Run Acres - 118.0 Canterbury Woods
Canterbury Woods,Week5,Great Falls,Week5,231.0 Great Falls - 166.0 Canterbury Woods
Canterbury Woods,Week1,Greenbriar,Week1,256.0 Greenbriar - 146.0 Canterbury Woods
Cardinal Hill,Week4,Long Branch,Week3,291.0 Cardinal Hill - 111.0 Long Branch
Canterbury Woods,Week5,Holmes Run Acres,Week5,254.0 Holmes Run Acres - 148.0 Canterbury Woods
Cardinal Hill,Week1,Highlands Swim,Week2,273.0 Highlands Swim - 129.0 Cardinal Hill
Camelot,Week4,Village West,Week3,231.0 Camelot - 171.0 Village West
Canterbury Woods,Week2,Overlee,Week2,365.5 Overlee - 36.5 Canterbury Woods
Canterbury Woods,Week5,Holmes Run Acres,Week2,218.5 Holmes Run Acres - 178.5 Canterbury Woods
Canterbury Woods,Week2,Overlee,Week3,359.0 Overlee - 43.0 Canterbury Woods
Camelot,Week5,Village West,Week1,253.0 Camelot - 149.0 Village West
Canterbury Woods,Week4,Overlee,Week1,336.0 Overlee - 66.0 Canterbury Woods
Cardinal Hill,Week5,Highland Park,Week1,232.0 Cardinal Hill - 170.0 Highland Park
Cardinal Hill,Week3,Long Branch,Week4,303.0 Cardinal Hill - 99.0 Long Branch
Cardinal Hill,Week4,Ravensworth Farm,Week2,241.0 Cardinal Hill - 161.0 Ravensworth Farm
Cardinal Hill,Week3,Long Branch,Week3,303.0 Cardinal Hill - 99.0 Long Branch
Camelot,Week5,Village West,Week4,234.0 Camelot - 163.0 Village West
Canterbury Woods,Week4,Great Falls,Week4,206.0 Great Falls - 190.0 Canterbury Woods
Canterbury Woods,Week4,Overlee,Week2,344.0 Overlee - 58.0 Canterbury Woods
Camelot,Week1,Virginia Hills,Week3,309.0 Camelot - 93.0 Virginia Hills
Canterbury Woods,Week5,Holmes Run Acres,Week4,231.0 Holmes Run Acres - 170.0 Canterbury Woods
Cardinal Hill,Week1,Highlands Swim,Week1,261.0 Highlands Swim - 141.0 Cardinal Hill
Camelot,Week2,Virginia Hills,Week2,309.0 Camelot - 90.0 Virginia Hills
Cardinal Hill,Week5,Little Rocky Run,Week3,230.0 Little Rocky Run - 172.0 Cardinal Hill
Cardinal Hill,Week3,Ravensworth Farm,Week1,250.0 Cardinal Hill - 152.0 Ravensworth Farm
Canterbury Woods,Week4,Great Falls,Week2,192.0 Canterbury Woods - 187.0 Great Falls
Canterbury Woods,Week1,Overlee,Week4,380.0 Overlee - 22.0 Canterbury Woods
Cardinal Hill,Week3,Riverside Gardens,Week4,232.0 Cardinal Hill - 170.0 Riverside Gardens
Cardinal Hill,Week4,Ravensworth Farm,Week4,216.0 Cardinal Hill - 186.0 Ravensworth Farm
Cardinal Hill,Week3,Ravensworth Farm,Week3,257.0 Cardinal Hill - 145.0 Ravensworth Farm
Canterbury Woods,Week4,Great Falls,Week3,237.5 Great Falls - 164.5 Canterbury Woods
Cardinal Hill,Week1,Hollin Hills,Week1,348.0 Cardinal Hill - 53.0 Hollin Hills
Canterbury Woods,Week2,Holmes Run Acres,Week1,243.0 Holmes Run Acres - 159.0 Canterbury Woods
Canterbury Woods,Week5,Overlee,Week2,350.0 Overlee - 52.0 Canterbury Woods
Canterbury Woods,Week4,Great Falls,Week5,217.0 Great Falls - 181.0 Canterbury Woods
Canterbury Woods,Week3,Holmes Run Acres,Week5,274.0 Holmes Run Acres - 128.0 Canterbury Woods
Cardinal Hill,Week5,Ravensworth Farm,Week3,211.0 Cardinal Hill - 190.0 Ravensworth Farm
Canterbury Woods,Week3,Overlee,Week2,360.0 Overlee - 42.0 Canterbury Woods
Canterbury Woods,Week5,Overlee,Week1,342.0 Overlee - 60.0 Canterbury Woods
Cardinal Hill,Week5,Little Rocky Run,Week4,211.0 Little Rocky Run - 191.0 Cardinal Hill
Cardinal Hill,Week3,Highlands Swim,Week5,245.0 Highlands Swim - 157.0 Cardinal Hill
Canterbury Woods,Week2,Greenbriar,Week5,259.0 Greenbriar - 143.0 Canterbury Woods
Canterbury Woods,Week3,Holmes Run Acres,Week4,229.0 Holmes Run Acres - 173.0 Canterbury Woods
Canterbury Woods,Week2,Holmes Run Acres,Week4,265.0 Holmes Run Acres - 137.0 Canterbury Woods
Canterbury Woods,Week2,Greenbriar,Week1,261.0 Greenbriar - 141.0 Canterbury Woods
Camelot,Week4,Village West,Week1,238.5 Camelot - 163.5 Village West
Cardinal Hill,Week1,Riverside Gardens,Week5,202.0 Cardinal Hill - 200.0 Riverside Gardens
Cardinal Hill,Week5,Little Rocky Run,Week1,227.0 Little Rocky Run - 175.0 Cardinal Hill
Canterbury Woods,Week1,Parklawn,Week1,250.0 Canterbury Woods - 143.0 Parklawn
Canterbury Woods,Week2,Holmes Run Acres,Week3,281.0 Holmes Run Acres - 121.0 Canterbury Woods
Cardinal Hill,Week1,Riverside Gardens,Week4,208.0 Riverside Gardens - 194.0 Cardinal Hill
Canterbury Woods,Week3,Great Falls,Week5,227.0 Great Falls - 175.0 Canterbury Woods
Cardinal Hill,Week5,Highlands Swim,Week4,260.5 Highlands Swim - 141.5 Cardinal Hill
Cardinal Hill,Week2,Hollin Hills,Week3,326.0 Cardinal Hill - 76.0 Hollin Hills
Canterbury Woods,Week1,Greenbriar,Week4,247.0 Greenbriar - 155.0 Canterbury Woods
Canterbury Woods,Week5,Overlee,Week3,340.0 Overlee - 62.0 Canterbury Woods
Cardinal Hill,Week1,Long Branch,Week1,284.0 Cardinal Hill - 118.0 Long Branch
Cardinal Hill,Week5,Little Rocky Run,Week2,207.5 Little Rocky Run - 194.5 Cardinal Hill
Cardinal Hill,Week4,Riverside Gardens,Week5,232.0 Riverside Gardens - 170.0 Cardinal Hill
Cardinal Hill,Week1,Riverside Gardens,Week1,214.0 Cardinal Hill - 188.0 Riverside Gardens
Canterbury Woods,Week1,Holmes Run Acres,Week4,239.0 Holmes Run Acres - 163.0 Canterbury Woods
Cardinal Hill,Week4,Long Branch,Week5,276.0 Cardinal Hill - 126.0 Long Branch
Canterbury Woods,Week1,Hunt Valley,Week2,292.0 Hunt Valley - 110.0 Canterbury Woods
Canterbury Woods,Week1,Hunt Valley,Week1,293.0 Hunt Valley - 109.0 Canterbury Woods
Canterbury Woods,Week4,Greenbriar,Week4,220.0 Greenbriar - 182.0 Canterbury Woods
Canterbury Woods,Week5,Parklawn,Week4,225.0 Canterbury Woods - 167.0 Parklawn
Canterbury Woods,Week2,Parliament,Week3,225.0 Parliament - 177.0 Canterbury Woods
Cardinal Hill,Week4,Highlands Swim,Week4,263.0 Highlands Swim - 139.0 Cardinal Hill
Cardinal Hill,Week3,Mansion House,Week5,226.0 Cardinal Hill - 176.0 Mansion House
Canterbury Woods,Week3,Greenbriar,Week1,238.5 Greenbriar - 163.5 Canterbury Woods
Canterbury Woods,Week2,Parliament,Week1,239.0 Parliament - 163.0 Canterbury Woods
Cardinal Hill,Week2,Riverside Gardens,Week5,248.0 Riverside Gardens - 154.0 Cardinal Hill
Canterbury Woods,Week4,Holmes Run Acres,Week5,262.0 Holmes Run Acres - 140.0 Canterbury Woods
Canterbury Woods,Week3,Greenbriar,Week2,248.0 Greenbriar - 154.0 Canterbury Woods
Canterbury Woods,Week1,Parklawn,Week2,223.0 Canterbury Woods - 178.0 Parklawn
Cardinal Hill,Week4,Mansion House,Week3,209.0 Cardinal Hill - 193.0 Mansion House
Cardinal Hill,Week3,Highlands Swim,Week2,254.0 Highlands Swim - 148.0 Cardinal Hill
Cardinal Hill,Week4,Ravensworth Farm,Week3,210.0 Cardinal Hill - 192.0 Ravensworth Farm
Canterbury Woods,Week4,Holmes Run Acres,Week3,251.0 Holmes Run Acres - 151.0 Canterbury Woods
Cardinal Hill,Week4,Long Branch,Week4,272.0 Cardinal Hill - 130.0 Long Branch
Canterbury Woods,Week2,Greenbriar,Week2,266.0 Greenbriar - 136.0 Canterbury Woods
Canterbury Woods,Week4,Greenbriar,Week5,237.0 Greenbriar - 165.0 Canterbury Woods
Canterbury Woods,Week5,Holmes Run Acres,Week1,220.0 Holmes Run Acres - 181.0 Canterbury Woods
Cardinal Hill,Week2,Riverside Gardens,Week4,225.5 Riverside Gardens - 176.5 Cardinal Hill
Cardinal Hill,Week4,Highlands Swim,Week3,267.0 Highlands Swim - 135.0 Cardinal Hill
Cardinal Hill,Week4,Highlands Swim,Week1,261.0 Highlands Swim - 141.0 Cardinal Hill
Cardinal Hill,Week3,Ravensworth Farm,Week4,260.0 Cardinal Hill - 142.0 Ravensworth Farm
Cardinal Hill,Week2,Riverside Gardens,Week1,204.0 Riverside Gardens - 198.0 Cardinal Hill
Cardinal Hill,Week5,Highlands Swim,Week2,285.5 Highlands Swim - 116.5 Cardinal Hill
Cardinal Hill,Week2,Long Branch,Week1,267.0 Cardinal Hill - 130.0 Long Branch
Canterbury Woods,Week5,Parklawn,Week2,228.0 Canterbury Woods - 165.0 Parklawn
Cardinal Hill,Week2,Highlands Swim,Week1,274.0 Highlands Swim - 128.0 Cardinal Hill
Canterbury Woods,Week4,Parklawn,Week1,261.0 Canterbury Woods - 127.0 Parklawn
Cardinal Hill,Week3,Riverside Gardens,Week3,218.0 Cardinal Hill - 184.0 Riverside Gardens
Canterbury Woods,Week2,Parklawn,Week3,237.0 Canterbury Woods - 161.0 Parklawn
Canterbury Woods,Week4,Parklawn,Week3,257.0 Canterbury Woods - 144.0 Parklawn
Cardinal Hill,Week4,Riverside Gardens,Week2,214.0 Cardinal Hill - 188.0 Riverside Gardens
Cardinal Hill,Week3,Mansion House,Week1,223.0 Cardinal Hill - 179.0 Mansion House
Canterbury Woods,Week5,Parklawn,Week1,261.0 Canterbury Woods - 131.0 Parklawn
Cardinal Hill,Week4,Riverside Gardens,Week1,205.0 Riverside Gardens - 197.0 Cardinal Hill
Canterbury Woods,Week5,Parklawn,Week5,225.0 Canterbury Woods - 168.0 Parklawn
Cardinal Hill,Week4,Ravensworth Farm,Week1,215.0 Cardinal Hill - 187.0 Ravensworth Farm
Cardinal Hill,Week5,Ravensworth Farm,Week4,228.0 Cardinal Hill - 174.0 Ravensworth Farm
Canterbury Woods,Week2,Hamlet,Week2,324.0 Hamlet - 78.0 Canterbury Woods
Canterbury Woods,Week5,Greenbriar,Week5,246.0 Greenbriar - 156.0 Canterbury Woods
Canterbury Woods,Week1,Hamlet,Week2,330.0 Hamlet - 72.0 Canterbury Woods
Canterbury Woods,Week5,Holmes Run Acres,Week3,255.0 Holmes Run Acres - 146.0 Canterbury Woods
Canterbury Woods,Week4,Greenbriar,Week3,233.0 Greenbriar - 169.0 Canterbury Woods
Cardinal Hill,Week5,Highlands Swim,Week5,271.0 Highlands Swim - 131.0 Cardinal Hill
Canterbury Woods,Week1,Parklawn,Week5,227.0 Canterbury Woods - 174.0 Parklawn
Cardinal Hill,Week4,Highlands Swim,Week2,266.0 Highlands Swim - 136.0 Cardinal Hill
Cardinal Hill,Week5,Mansion House,Week1,219.0 Cardinal Hill - 183.0 Mansion House
Canterbury Woods,Week2,Hunt Valley,Week1,285.0 Hunt Valley - 117.0 Canterbury Woods
Canterbury Woods,Week3,Holmes Run Acres,Week3,263.0 Holmes Run Acres - 139.0 Canterbury Woods
Cardinal Hill,Week3,Mansion House,Week2,259.0 Cardinal Hill - 143.0 Mansion House
Cardinal Hill,Week2,Riverside Gardens,Week2,211.0 Cardinal Hill - 191.0 Riverside Gardens
Canterbury Woods,Week5,Greenbriar,Week1,245.0 Greenbriar - 156.0 Canterbury Woods
Cardinal Hill,Week2,Highlands Swim,Week3,280.0 Highlands Swim - 122.0 Cardinal Hill
Cardinal Hill,Week3,Riverside Gardens,Week5,211.0 Cardinal Hill - 191.0 Riverside Gardens
Cardinal Hill,Week1,Hollin Hills,Week2,338.0 Cardinal Hill - 63.0 Hollin Hills
Canterbury Woods,Week3,Parklawn,Week5,241.0 Canterbury Woods - 155.0 Parklawn
Canterbury Woods,Week1,Hamlet,Week4,302.0 Hamlet - 100.0 Canterbury Woods
Cardinal Hill,Week2,Highlands Swim,Week4,278.0 Highlands Swim - 124.0 Cardinal Hill
Cardinal Hill,Week3,Highlands Swim,Week4,232.0 Highlands Swim - 170.0 Cardinal Hill
Cardinal Hill,Week1,Mansion House,Week4,247.0 Cardinal Hill - 155.0 Mansion House
Canterbury Woods,Week5,Greenbriar,Week4,225.0 Greenbriar - 176.0 Canterbury Woods
Canterbury Woods,Week1,Hamlet,Week3,315.0 Hamlet - 87.0 Canterbury Woods
Canterbury Woods,Week2,Parklawn,Week2,210.0 Canterbury Woods - 188.0 Parklawn
Canterbury Woods,Week1,Hunt Valley,Week3,306.0 Hunt Valley - 96.0 Canterbury Woods
Cardinal Hill,Week5,Mansion House,Week3,207.0 Cardinal Hill - 195.0 Mansion House
Canterbury Woods,Week2,Hunt Valley,Week5,320.0 Hunt Valley - 82.0 Canterbury Woods
Cardinal Hill,Week2,Highlands Swim,Week5,291.5 Highlands Swim - 110.5 Cardinal Hill
Cardinal Hill,Week1,Mansion House,Week3,217.0 Cardinal Hill - 185.0 Mansion House
Cardinal Hill,Week3,Mansion House,Week3,226.0 Cardinal Hill - 176.0 Mansion House
Canterbury Woods,Week1,Hunt Valley,Week5,319.0 Hunt Valley - 83.0 Canterbury Woods
Cardinal Hill,Week4,Highlands Swim,Week5,277.0 Highlands Swim - 125.0 Cardinal Hill
Canterbury Woods,Week2,Hunt Valley,Week3,307.0 Hunt Valley - 95.0 Canterbury Woods
Cardinal Hill,Week1,Mansion House,Week2,234.0 Cardinal Hill - 168.0 Mansion House
Cardinal Hill,Week4,Ravensworth Farm,Week5,204.0 Cardinal Hill - 198.0 Ravensworth Farm
Canterbury Woods,Week3,Parklawn,Week1,265.0 Canterbury Woods - 128.0 Parklawn
Canterbury Woods,Week3,Hunt Valley,Week4,298.0 Hunt Valley - 104.0 Canterbury Woods
Cardinal Hill,Week1,Hollin Hills,Week5,323.0 Cardinal Hill - 79.0 Hollin Hills
Cardinal Hill,Week3,Highlands Swim,Week1,235.0 Highlands Swim - 167.0 Cardinal Hill
Canterbury Woods,Week1,Hunter Mill,Week5,293.0 Hunter Mill - 109.0 Canterbury Woods
Canterbury Woods,Week1,Parliament,Week1,250.0 Parliament - 146.0 Canterbury Woods
Cardinal Hill,Week5,Mansion House,Week2,233.0 Cardinal Hill - 168.0 Mansion House
Canterbury Woods,Week1,Hamlet,Week1,311.0 Hamlet - 91.0 Canterbury Woods
Cardinal Hill,Week1,Hollin Hills,Week4,341.0 Cardinal Hill - 60.0 Hollin Hills
Canterbury Woods,Week1,Parliament,Week2,207.5 Parliament - 189.5 Canterbury Woods
Canterbury Woods,Week2,Hamlet,Week3,317.0 Hamlet - 85.0 Canterbury Woods
Canterbury Woods,Week5,Hunt Valley,Week3,288.0 Hunt Valley - 114.0 Canterbury Woods
Cardinal Hill,Week1,Riverside Gardens,Week3,207.0 Riverside Gardens - 195.0 Cardinal Hill
Cardinal Hill,Week3,Ravensworth Farm,Week5,224.0 Cardinal Hill - 178.0 Ravensworth Farm
Canterbury Woods,Week3,Hunter Mill,Week1,280.0 Hunter Mill - 122.0 Canterbury Woods
Canterbury Woods,Week5,Parklawn,Week3,233.0 Canterbury Woods - 160.0 Parklawn
Cardinal Hill,Week4,Mansion House,Week5,212.0 Mansion House - 190.0 Cardinal Hill
Cardinal Hill,Week2,Mantua,Week4,206.0 Cardinal Hill - 196.0 Mantua
Canterbury Woods,Week1,Hamlet,Week5,341.0 Hamlet - 61.0 Canterbury Woods
Cardinal Hill,Week4,Riverside Gardens,Week3,233.0 Riverside Gardens - 169.0 Cardinal Hill
Cardinal Hill,Week2,Mansion House,Week2,201.0 Cardinal Hill - 196.0 Mansion House
Cardinal Hill,Week2,Hollin Hills,Week1,331.0 Cardinal Hill - 70.0 Hollin Hills
Cardinal Hill,Week5,Long Branch,Week3,288.0 Cardinal Hill - 114.0 Long Branch
Canterbury Woods,Week1,Parliament,Week3,234.0 Parliament - 168.0 Canterbury Woods
Canterbury Woods,Week4,Hunt Valley,Week2,289.5 Hunt Valley - 112.5 Canterbury Woods
Canterbury Woods,Week2,Hamlet,Week1,308.0 Hamlet - 93.0 Canterbury Woods
Canterbury Woods,Week5,Greenbriar,Week2,251.0 Greenbriar - 150.0 Canterbury Woods
Cardinal Hill,Week5,Highlands Swim,Week3,273.0 Highlands Swim - 129.0 Cardinal Hill
Cardinal Hill,Week5,Ravensworth Farm,Week1,231.0 Cardinal Hill - 171.0 Ravensworth Farm
Cardinal Hill,Week2,Highlands Swim,Week2,283.0 Highlands Swim - 119.0 Cardinal Hill
Canterbury Woods,Week4,Hunt Valley,Week3,287.0 Hunt Valley - 115.0 Canterbury Woods
Canterbury Woods,Week2,Parklawn,Week4,210.0 Canterbury Woods - 188.0 Parklawn
Cardinal Hill,Week5,Ravensworth Farm,Week2,241.0 Cardinal Hill - 161.0 Ravensworth Farm
Canterbury Woods,Week2,Hamlet,Week5,342.5 Hamlet - 59.5 Canterbury Woods
Canterbury Woods,Week2,Parliament,Week2,219.0 Parliament - 183.0 Canterbury Woods
Canterbury Woods,Week2,Hamlet,Week4,307.0 Hamlet - 95.0 Canterbury Woods
Cardinal Hill,Week5,Long Branch,Week5,272.0 Cardinal Hill - 129.0 Long Branch
Cardinal Hill,Week1,Mansion House,Week1,214.0 Cardinal Hill - 188.0 Mansion House
Cardinal Hill,Week1,Highlands Swim,Week5,257.0 Highlands Swim - 145.0 Cardinal Hill
Canterbury Woods,Week2,Parklawn,Week5,212.0 Canterbury Woods - 186.0 Parklawn
Cardinal Hill,Week5,Long Branch,Week4,277.0 Cardinal Hill - 125.0 Long Branch
Canterbury Woods,Week3,Hunt Valley,Week3,292.0 Hunt Valley - 110.0 Canterbury Woods
Cardinal Hill,Week3,Highlands Swim,Week3,236.0 Highlands Swim - 166.0 Cardinal Hill
Canterbury Woods,Week4,Hunt Valley,Week4,289.0 Hunt Valley - 113.0 Canterbury Woods
Cardinal Hill,Week1,Riverside Gardens,Week2,221.0 Cardinal Hill - 181.0 Riverside Gardens
Canterbury Woods,Week3,Hamlet,Week1,308.5 Hamlet - 93.5 Canterbury Woods
Canterbury Woods,Week4,Greenbriar,Week2,249.0 Greenbriar - 153.0 Canterbury Woods
Cardinal Hill,Week1,Hollin Hills,Week3,346.0 Cardinal Hill - 56.0 Hollin Hills
Cardinal Hill,Week1,Mansion House,Week5,209.5 Cardinal Hill - 192.5 Mansion House
Canterbury Woods,Week1,Hunter Mill,Week3,284.0 Hunter Mill - 118.0 Canterbury Woods
Cardinal Hill,Week3,Riverside Gardens,Week1,241.0 Cardinal Hill - 161.0 Riverside Gardens
Canterbury Woods,Week3,Hunt Valley,Week5,310.0 Hunt Valley - 92.0 Canterbury Woods
Canterbury Woods,Week3,Parklawn,Week2,243.5 Canterbury Woods - 157.5 Parklawn
Cardinal Hill,Week5,Ravensworth Farm,Week5,219.0 Cardinal Hill - 183.0 Ravensworth Farm
Cardinal Hill,Week2,Hollin Hills,Week2,332.0 Cardinal Hill - 69.0 Hollin Hills
Cardinal Hill,Week3,Riverside Gardens,Week2,246.0 Cardinal Hill - 156.0 Riverside Gardens
Canterbury Woods,Week1,Parklawn,Week4,222.0 Canterbury Woods - 179.0 Parklawn
Cardinal Hill,Week2,Mansion House,Week5,215.0 Mansion House - 187.0 Cardinal Hill
Cardinal Hill,Week2,Mansion House,Week3,226.0 Mansion House - 176.0 Cardinal Hill
Canterbury Woods,Week5,Hunt Valley,Week5,300.5 Hunt Valley - 101.5 Canterbury Woods
Canterbury Woods,Week2,Hunter Mill,Week5,288.0 Hunter Mill - 114.0 Canterbury Woods
Canterbury Woods,Week3,Hamlet,Week2,324.0 Hamlet - 78.0 Canterbury Woods
Canterbury Woods,Week3,Hamlet,Week3,311.0 Hamlet - 91.0 Canterbury Woods
Canterbury Woods,Week5,Hunt Valley,Week4,280.0 Hunt Valley - 122.0 Canterbury Woods
Cardinal Hill,Week4,Riverside Gardens,Week4,211.0 Riverside Gardens - 191.0 Cardinal Hill
Cardinal Hill,Week5,Long Branch,Week1,279.0 Cardinal Hill - 122.0 Long Branch
Cardinal Hill,Week5,Riverside Gardens,Week1,210.0 Riverside Gardens - 192.0 Cardinal Hill
Canterbury Woods,Week4,Parklawn,Week4,239.0 Canterbury Woods - 162.0 Parklawn
Cardinal Hill,Week2,Hollin Hills,Week4,331.5 Cardinal Hill - 69.5 Hollin Hills
Canterbury Woods,Week3,Parklawn,Week4,245.0 Canterbury Woods - 151.0 Parklawn
Cardinal Hill,Week3,Hollin Hills,Week1,341.0 Cardinal Hill - 61.0 Hollin Hills
Canterbury Woods,Week5,Greenbriar,Week3,241.5 Greenbriar - 160.5 Canterbury Woods
Cardinal Hill,Week3,Hollin Hills,Week3,334.0 Cardinal Hill - 68.0 Hollin Hills
Cardinal Hill,Week4,Mansion House,Week1,203.0 Mansion House - 199.0 Cardinal Hill
Canterbury Woods,Week4,Hunt Valley,Week5,284.0 Hunt Valley - 118.0 Canterbury Woods
Cardinal Hill,Week4,Rolling Forest,Week2,278.0 Cardinal Hill - 124.0 Rolling Forest
Cardinal Hill,Week2,Rolling Forest,Week4,251.0 Cardinal Hill - 151.0 Rolling Forest
Cardinal Hill,Week2,Hollin Hills,Week5,310.0 Cardinal Hill - 87.0 Hollin Hills
Cardinal Hill,Week2,Hollin Meadows,Week3,240.0 Cardinal Hill - 162.0 Hollin Meadows
Canterbury Woods,Week2,Hunter Mill,Week2,280.0 Hunter Mill - 122.0 Canterbury Woods
Canterbury Woods,Week3,Parklawn,Week3,264.0 Canterbury Woods - 137.0 Parklawn
Cardinal Hill,Week2,Mansion House,Week1,202.0 Mansion House - 195.0 Cardinal Hill
Cardinal Hill,Week3,Hollin Meadows,Week4,273.0 Cardinal Hill - 129.0 Hollin Meadows
Cardinal Hill,Week5,Rolling Forest,Week3,246.0 Cardinal Hill - 156.0 Rolling Forest
Cardinal Hill,Week3,Hollin Hills,Week2,340.0 Cardinal Hill - 62.0 Hollin Hills
Cardinal Hill,Week3,Mansion House,Week4,247.0 Cardinal Hill - 155.0 Mansion House
Canterbury Woods,Week2,Parklawn,Week1,247.0 Canterbury Woods - 146.0 Parklawn
Cardinal Hill,Week5,Long Branch,Week2,285.0 Cardinal Hill - 116.0 Long Branch
Cardinal Hill,Week2,Mansion House,Week4,224.0 Cardinal Hill - 173.0 Mansion House
Cardinal Hill,Week1,Rolling Forest,Week5,254.0 Cardinal Hill - 148.0 Rolling Forest
Canterbury Woods,Week4,Parklawn,Week2,236.0 Canterbury Woods - 165.0 Parklawn
Canterbury Woods,Week1,Parliament,Week4,217.0 Parliament - 180.0 Canterbury Woods
Canterbury Woods,Week4,Parklawn,Week5,234.0 Canterbury Woods - 167.0 Parklawn
Cardinal Hill,Week5,Rolling Forest,Week1,255.5 Cardinal Hill - 146.5 Rolling Forest
Canterbury Woods,Week2,Hunter Mill,Week1,299.0 Hunter Mill - 103.0 Canterbury Woods
Canterbury Woods,Week2,Hunter Mill,Week4,292.0 Hunter Mill - 110.0 Canterbury Woods
Canterbury Woods,Week2,Hunter Mill,Week3,288.0 Hunter Mill - 114.0 Canterbury Woods
Cardinal Hill,Week1,Rolling Forest,Week2,281.0 Cardinal Hill - 121.0 Rolling Forest
Canterbury Woods,Week4,Greenbriar,Week1,240.0 Greenbriar - 162.0 Canterbury Woods
Cardinal Hill,Week4,Hollin Hills,Week2,338.0 Cardinal Hill - 64.0 Hollin Hills
Cardinal Hill,Week4,Hollin Meadows,Week1,234.5 Cardinal Hill - 167.5 Hollin Meadows
Cardinal Hill,Week4,Hollin Meadows,Week3,247.0 Cardinal Hill - 155.0 Hollin Meadows
Canterbury Woods,Week3,Parliament,Week1,236.0 Parliament - 164.0 Canterbury Woods
Cardinal Hill,Week5,Riverside Gardens,Week5,233.0 Riverside Gardens - 169.0 Cardinal Hill
Cardinal Hill,Week5,Riverside Gardens,Week3,230.0 Riverside Gardens - 172.0 Cardinal Hill
Canterbury Woods,Week1,Parliament,Week5,228.0 Parliament - 168.0 Canterbury Woods
Cardinal Hill,Week4,Mansion House,Week4,234.0 Cardinal Hill - 168.0 Mansion House
Canterbury Woods,Week1,Hunter Mill,Week4,286.0 Hunter Mill - 116.0 Canterbury Woods
Cardinal Hill,Week3,Rolling Forest,Week2,294.0 Cardinal Hill - 108.0 Rolling Forest
Canterbury Woods,Week2,Parliament,Week4,220.0 Parliament - 182.0 Canterbury Woods
Canterbury Woods,Week5,Hunt Valley,Week2,273.0 Hunt Valley - 129.0 Canterbury Woods
Camelot,Week4,Vienna Aquatic,Week5,317.0 Vienna Aquatic - 85.0 Camelot
Canterbury Woods,Week3,Hunter Mill,Week2,269.0 Hunter Mill - 133.0 Canterbury Woods
Canterbury Woods,Week2,Parliament,Week5,224.0 Parliament - 178.0 Canterbury Woods
Cardinal Hill,Week4,Mansion House,Week2,234.0 Cardinal Hill - 168.0 Mansion House
Cardinal Hill,Week4,Hollin Hills,Week3,340.0 Cardinal Hill - 62.0 Hollin Hills
Canterbury Woods,Week1,Hunter Mill,Week1,285.0 Hunter Mill - 112.0 Canterbury Woods
Camelot,Week5,Springfield,Week1,348.0 Camelot - 45.0 Springfield
Cardinal Hill,Week5,Mansion House,Week5,204.0 Cardinal Hill - 198.0 Mansion House
Cardinal Hill,Week5,Mansion House,Week4,240.0 Cardinal Hill - 162.0 Mansion House
Camelot,Week1,Vienna Woods,Week2,299.0 Vienna Woods - 103.0 Camelot
Canterbury Woods,Week5,Hunt Valley,Week1,276.0 Hunt Valley - 126.0 Canterbury Woods
Canterbury Woods,Week2,Lee Graham,Week3,313.0 Lee Graham - 89.0 Canterbury Woods
Cardinal Hill,Week3,Rolling Forest,Week4,287.0 Cardinal Hill - 115.0 Rolling Forest
Cardinal Hill,Week1,Rolling Hills,Week1,291.0 Cardinal Hill - 111.0 Rolling Hills
Cardinal Hill,Week1,Mantua,Week3,220.0 Mantua - 182.0 Cardinal Hill
Cardinal Hill,Week1,Mantua,Week5,220.0 Mantua - 182.0 Cardinal Hill
Cardinal Hill,Week4,Rolling Forest,Week1,258.0 Cardinal Hill - 144.0 Rolling Forest
Cardinal Hill,Week5,Rolling Forest,Week2,261.0 Cardinal Hill - 141.0 Rolling Forest
Cardinal Hill,Week2,Mantua,Week1,202.0 Cardinal Hill - 195.0 Mantua
Camelot,Week3,Vienna Aquatic,Week5,303.0 Vienna Aquatic - 99.0 Camelot
Canterbury Woods,Week4,Lee Graham,Week4,294.0 Lee Graham - 108.0 Canterbury Woods
Cardinal Hill,Week1,Mantua,Week4,210.0 Cardinal Hill - 192.0 Mantua
Canterbury Woods,Week3,Parliament,Week2,209.0 Parliament - 193.0 Canterbury Woods
Cardinal Hill,Week1,Mantua,Week2,215.0 Cardinal Hill - 187.0 Mantua
Camelot,Week5,Vienna Aquatic,Week1,306.0 Vienna Aquatic - 96.0 Camelot
Cardinal Hill,Week5,Hollin Hills,Week3,329.0 Cardinal Hill - 73.0 Hollin Hills
Cardinal Hill,Week4,Hollin Hills,Week4,336.0 Cardinal Hill - 65.0 Hollin Hills
Canterbury Woods,Week3,Hunt Valley,Week2,294.0 Hunt Valley - 108.0 Canterbury Woods
Canterbury Woods,Week1,Lincolnia Park,Week4,269.0 Canterbury Woods - 128.0 Lincolnia Park
Canterbury Woods,Week3,Hunter Mill,Week3,283.0 Hunter Mill - 119.0 Canterbury Woods
Canterbury Woods,Week1,Hunter Mill,Week2,280.0 Hunter Mill - 122.0 Canterbury Woods
Cardinal Hill,Week3,Hollin Hills,Week4,349.0 Cardinal Hill - 53.0 Hollin Hills
Cardinal Hill,Week5,Hollin Hills,Week2,329.0 Cardinal Hill - 72.0 Hollin Hills
Camelot,Week1,Vienna Woods,Week5,324.0 Vienna Woods - 78.0 Camelot
Canterbury Woods,Week3,Parliament,Week3,223.0 Parliament - 179.0 Canterbury Woods
Cardinal Hill,Week4,Rolling Forest,Week3,257.0 Cardinal Hill - 145.0 Rolling Forest
Cardinal Hill,Week5,Riverside Gardens,Week4,225.0 Riverside Gardens - 177.0 Cardinal Hill
Cardinal Hill,Week2,Mantua,Week2,202.0 Mantua - 200.0 Cardinal Hill
Cardinal Hill,Week1,Hollin Meadows,Week1,252.0 Cardinal Hill - 150.0 Hollin Meadows
Canterbury Woods,Week3,Hunter Mill,Week4,275.0 Hunter Mill - 127.0 Canterbury Woods
Canterbury Woods,Week3,Lincolnia Park,Week1,274.5 Canterbury Woods - 126.5 Lincolnia Park
Cardinal Hill,Week2,Rolling Forest,Week2,247.5 Cardinal Hill - 154.5 Rolling Forest
Canterbury Woods,Week3,Lee Graham,Week2,312.0 Lee Graham - 90.0 Canterbury Woods
Cardinal Hill,Week4,Rolling Forest,Week4,274.0 Cardinal Hill - 128.0 Rolling Forest
Camelot,Week1,Vienna Aquatic,Week5,319.0 Vienna Aquatic - 83.0 Camelot
Canterbury Woods,Week4,Hiddenbrook,Week2,249.0 Canterbury Woods - 148.0 Hiddenbrook
Canterbury Woods,Week4,Hunt Valley,Week1,270.0 Hunt Valley - 127.0 Canterbury Woods
Cardinal Hill,Week3,Mantua,Week5,206.0 Cardinal Hill - 196.0 Mantua
Cardinal Hill,Week1,Hollin Meadows,Week3,258.0 Cardinal Hill - 144.0 Hollin Meadows
Canterbury Woods,Week2,Lincolnia Park,Week2,243.0 Canterbury Woods - 148.0 Lincolnia Park
Cardinal Hill,Week4,Hollin Hills,Week5,318.0 Cardinal Hill - 83.0 Hollin Hills
Camelot,Week3,Vienna Aquatic,Week4,287.0 Vienna Aquatic - 115.0 Camelot
Camelot,Week3,Vienna Aquatic,Week1,302.0 Vienna Aquatic - 100.0 Camelot
Cardinal Hill,Week4,Mantua,Week4,210.0 Cardinal Hill - 192.0 Mantua
Cardinal Hill,Week1,Rolling Forest,Week3,256.0 Cardinal Hill - 146.0 Rolling Forest
Canterbury Woods,Week3,Hunter Mill,Week5,278.0 Hunter Mill - 124.0 Canterbury Woods
Canterbury Woods,Week1,Lincolnia Park,Week5,235.0 Canterbury Woods - 156.0 Lincolnia Park
Canterbury Woods,Week4,Hunter Mill,Week1,271.0 Hunter Mill - 131.0 Canterbury Woods
Canterbury Woods,Week4,Hunter Mill,Week2,270.0 Hunter Mill - 132.0 Canterbury Woods
Cardinal Hill,Week2,Rolling Forest,Week3,228.0 Cardinal Hill - 174.0 Rolling Forest
Cardinal Hill,Week1,Rolling Forest,Week1,274.0 Cardinal Hill - 128.0 Rolling Forest
Cardinal Hill,Week1,Hollin Meadows,Week5,247.0 Cardinal Hill - 155.0 Hollin Meadows
Camelot,Week1,Vienna Woods,Week3,314.0 Vienna Woods - 88.0 Camelot
Cardinal Hill,Week1,Mantua,Week1,208.0 Cardinal Hill - 194.0 Mantua
Camelot,Week2,Vienna Woods,Week3,302.0 Vienna Woods - 100.0 Camelot
Camelot,Week1,Vienna Woods,Week1,303.0 Vienna Woods - 99.0 Camelot
Cardinal Hill,Week4,Mantua,Week3,232.0 Mantua - 170.0 Cardinal Hill
Cardinal Hill,Week2,Mantua,Week3,241.0 Mantua - 161.0 Cardinal Hill
Camelot,Week2,Vienna Aquatic,Week1,301.0 Vienna Aquatic - 101.0 Camelot
Canterbury Woods,Week3,Hiddenbrook,Week3,202.0 Hiddenbrook - 200.0 Canterbury Woods
Cardinal Hill,Week3,Hollin Meadows,Week1,260.0 Cardinal Hill - 142.0 Hollin Meadows
Cardinal Hill,Week1,Hollin Meadows,Week4,254.0 Cardinal Hill - 148.0 Hollin Meadows
Canterbury Woods,Week1,Lincolnia Park,Week2,253.0 Canterbury Woods - 133.0 Lincolnia Park
Cardinal Hill,Week3,Rolling Forest,Week1,291.0 Cardinal Hill - 111.0 Rolling Forest
Canterbury Woods,Week2,Lincolnia Park,Week5,223.0 Canterbury Woods - 169.0 Lincolnia Park
Cardinal Hill,Week2,Hollin Meadows,Week4,239.0 Cardinal Hill - 163.0 Hollin Meadows
Canterbury Woods,Week4,Lincolnia Park,Week4,290.0 Canterbury Woods - 112.0 Lincolnia Park
Canterbury Woods,Week4,Lee Graham,Week5,306.0 Lee Graham - 96.0 Canterbury Woods
Camelot,Week2,Vienna Aquatic,Week4,275.0 Vienna Aquatic - 127.0 Camelot
Cardinal Hill,Week5,Mantua,Week4,207.0 Cardinal Hill - 195.0 Mantua
Camelot,Week1,Vienna Aquatic,Week2,307.0 Vienna Aquatic - 95.0 Camelot
Cardinal Hill,Week4,Mantua,Week5,227.0 Mantua - 175.0 Cardinal Hill
Cardinal Hill,Week2,Hollin Meadows,Week1,220.0 Cardinal Hill - 182.0 Hollin Meadows
Cardinal Hill,Week4,Mantua,Week2,213.0 Cardinal Hill - 189.0 Mantua
Cardinal Hill,Week4,Hollin Hills,Week1,339.0 Cardinal Hill - 63.0 Hollin Hills
Camelot,Week2,Vienna Aquatic,Week2,291.0 Vienna Aquatic - 111.0 Camelot
Cardinal Hill,Week5,Hollin Hills,Week1,328.0 Cardinal Hill - 73.0 Hollin Hills
Cardinal Hill,Week4,Rolling Forest,Week5,252.0 Cardinal Hill - 150.0 Rolling Forest
Cardinal Hill,Week2,McLean,Week1,243.0 McLean - 159.0 Cardinal Hill
Canterbury Woods,Week4,Hiddenbrook,Week1,206.0 Canterbury Woods - 196.0 Hiddenbrook
Canterbury Woods,Week2,Lincolnia Park,Week1,241.0 Canterbury Woods - 160.0 Lincolnia Park
Cardinal Hill,Week5,Riverside Gardens,Week2,227.0 Cardinal Hill - 175.0 Riverside Gardens
Cardinal Hill,Week5,Mantua,Week2,206.5 Cardinal Hill - 195.5 Mantua
Cardinal Hill,Week1,Rolling Forest,Week4,285.0 Cardinal Hill - 117.0 Rolling Forest
Cardinal Hill,Week1,McLean,Week1,239.0 McLean - 163.0 Cardinal Hill
Camelot,Week4,Vienna Aquatic,Week1,298.0 Vienna Aquatic - 104.0 Camelot
Canterbury Woods,Week1,High Point Pool,Week5,272.0 High Point Pool - 130.0 Canterbury Woods
Camelot,Week2,Vienna Aquatic,Week5,307.0 Vienna Aquatic - 95.0 Camelot
Canterbury Woods,Week4,Lee Graham,Week1,290.0 Lee Graham - 112.0 Canterbury Woods
Canterbury Woods,Week3,Hiddenbrook,Week5,223.0 Hiddenbrook - 179.0 Canterbury Woods
Cardinal Hill,Week3,Hollin Meadows,Week2,269.0 Cardinal Hill - 133.0 Hollin Meadows
Cardinal Hill,Week3,Hollin Meadows,Week3,273.0 Cardinal Hill - 129.0 Hollin Meadows
Canterbury Woods,Week2,High Point Pool,Week2,281.0 High Point Pool - 121.0 Canterbury Woods
Canterbury Woods,Week3,Lee Graham,Week5,310.0 Lee Graham - 92.0 Canterbury Woods
Cardinal Hill,Week3,Rolling Forest,Week3,275.0 Cardinal Hill - 127.0 Rolling Forest
Canterbury Woods,Week5,Hiddenbrook,Week4,205.0 Hiddenbrook - 196.0 Canterbury Woods
Cardinal Hill,Week1,Hollin Meadows,Week2,260.0 Cardinal Hill - 142.0 Hollin Meadows
Cardinal Hill,Week3,Rolling Forest,Week5,265.5 Cardinal Hill - 136.5 Rolling Forest
Canterbury Woods,Week5,Lee Graham,Week3,297.0 Lee Graham - 105.0 Canterbury Woods
Canterbury Woods,Week2,Hiddenbrook,Week4,228.0 Hiddenbrook - 174.0 Canterbury Woods
Cardinal Hill,Week2,Rolling Forest,Week1,249.0 Cardinal Hill - 153.0 Rolling Forest
Canterbury Woods,Week1,Hiddenbrook,Week3,212.0 Hiddenbrook - 190.0 Canterbury Woods
Canterbury Woods,Week3,Lee Graham,Week4,296.0 Lee Graham - 106.0 Canterbury Woods
Cardinal Hill,Week5,Mantua,Week3,216.0 Mantua - 186.0 Cardinal Hill
Cardinal Hill,Week2,Mantua,Week5,238.0 Mantua - 164.0 Cardinal Hill
Cardinal Hill,Week5,Hollin Hills,Week5,322.0 Cardinal Hill - 80.0 Hollin Hills
Camelot,Week1,Vienna Aquatic,Week4,292.0 Vienna Aquatic - 110.0 Camelot
Cardinal Hill,Week2,Hollin Meadows,Week2,246.0 Cardinal Hill - 156.0 Hollin Meadows
Camelot,Week1,Vienna Aquatic,Week3,310.0 Vienna Aquatic - 92.0 Camelot
Camelot,Week2,Vienna Aquatic,Week3,306.0 Vienna Aquatic - 96.0 Camelot
Canterbury Woods,Week3,Lee Graham,Week1,308.0 Lee Graham - 94.0 Canterbury Woods
Canterbury Woods,Week4,Hiddenbrook,Week5,209.0 Hiddenbrook - 193.0 Canterbury Woods
Cardinal Hill,Week5,Rolling Forest,Week4,265.0 Cardinal Hill - 137.0 Rolling Forest
Canterbury Woods,Week2,Hiddenbrook,Week3,220.0 Hiddenbrook - 182.0 Canterbury Woods
Camelot,Week3,Vienna Aquatic,Week3,304.0 Vienna Aquatic - 98.0 Camelot
Canterbury Woods,Week4,Lee Graham,Week2,297.0 Lee Graham - 105.0 Canterbury Woods
Cardinal Hill,Week3,Hollin Hills,Week5,326.0 Cardinal Hill - 75.0 Hollin Hills
Canterbury Woods,Week2,Lee Graham,Week4,303.0 Lee Graham - 99.0 Canterbury Woods
Cardinal Hill,Week1,Rolling Valley,Week3,347.0 Cardinal Hill - 55.0 Rolling Valley
Cardinal Hill,Week5,Hollin Hills,Week4,335.0 Cardinal Hill - 64.0 Hollin Hills
Cardinal Hill,Week1,McLean,Week2,244.0 McLean - 158.0 Cardinal Hill
Canterbury Woods,Week1,Hiddenbrook,Week5,228.0 Hiddenbrook - 174.0 Canterbury Woods
Cardinal Hill,Week2,McLean,Week2,264.0 McLean - 138.0 Cardinal Hill
Cardinal Hill,Week2,Rolling Forest,Week5,238.0 Cardinal Hill - 164.0 Rolling Forest
Camelot,Week4,Vienna Aquatic,Week3,304.0 Vienna Aquatic - 98.0 Camelot
Cardinal Hill,Week1,Rolling Valley,Week1,365.0 Cardinal Hill - 37.0 Rolling Valley
Cardinal Hill,Week4,Rolling Hills,Week5,290.0 Cardinal Hill - 112.0 Rolling Hills
Canterbury Woods,Week1,Hiddenbrook,Week4,218.0 Hiddenbrook - 184.0 Canterbury Woods
Canterbury Woods,Week5,Hiddenbrook,Week1,211.0 Canterbury Woods - 187.0 Hiddenbrook
Camelot,Week5,Vienna Aquatic,Week2,303.0 Vienna Aquatic - 99.0 Camelot
Cardinal Hill,Week3,Rolling Hills,Week4,298.0 Cardinal Hill - 103.0 Rolling Hills
Canterbury Woods,Week3,Hiddenbrook,Week4,209.0 Canterbury Woods - 193.0 Hiddenbrook
Camelot,Week4,Vienna Aquatic,Week2,289.0 Vienna Aquatic - 113.0 Camelot
Cardinal Hill,Week4,Holmes Run Acres,Week3,211.0 Cardinal Hill - 191.0 Holmes Run Acres
Cardinal Hill,Week3,Mantua,Week3,205.0 Cardinal Hill - 197.0 Mantua
Cardinal Hill,Week4,Rolling Hills,Week2,288.0 Cardinal Hill - 114.0 Rolling Hills
Camelot,Week5,Vienna Aquatic,Week3,313.0 Vienna Aquatic - 89.0 Camelot
Cardinal Hill,Week3,Mantua,Week2,228.0 Cardinal Hill - 174.0 Mantua
Camelot,Week5,Vienna Aquatic,Week4,289.0 Vienna Aquatic - 113.0 Camelot
Cardinal Hill,Week2,Hollin Meadows,Week5,224.0 Cardinal Hill - 178.0 Hollin Meadows
Canterbury Woods,Week4,Lee Graham,Week3,302.0 Lee Graham - 100.0 Canterbury Woods
Cardinal Hill,Week2,Rolling Hills,Week5,275.0 Cardinal Hill - 127.0 Rolling Hills
Cardinal Hill,Week3,Holmes Run Acres,Week3,227.0 Cardinal Hill - 175.0 Holmes Run Acres
Canterbury Woods,Week5,Lee Graham,Week5,302.0 Lee Graham - 100.0 Canterbury Woods
Cardinal Hill,Week1,McLean,Week3,240.0 McLean - 162.0 Cardinal Hill
Canterbury Woods,Week5,Hiddenbrook,Week2,238.0 Canterbury Woods - 158.0 Hiddenbrook
Cardinal Hill,Week1,McLean,Week5,245.0 McLean - 157.0 Cardinal Hill
Cardinal Hill,Week4,Hollin Meadows,Week2,257.0 Cardinal Hill - 145.0 Hollin Meadows
Canterbury Woods,Week5,Lee Graham,Week4,304.0 Lee Graham - 98.0 Canterbury Woods
Canterbury Woods,Week2,Hiddenbrook,Week2,213.0 Canterbury Woods - 188.0 Hiddenbrook
Cardinal Hill,Week5,Mantua,Week5,218.0 Mantua - 184.0 Cardinal Hill
Canterbury Woods,Week2,Lee Graham,Week5,309.0 Lee Graham - 93.0 Canterbury Woods
Cardinal Hill,Week5,Hollin Meadows,Week5,219.0 Cardinal Hill - 183.0 Hollin Meadows
Cardinal Hill,Week1,McLean,Week4,241.0 McLean - 161.0 Cardinal Hill
Canterbury Woods,Week3,Lee Graham,Week3,315.0 Lee Graham - 87.0 Canterbury Woods
Camelot,Week3,Vienna Aquatic,Week2,298.0 Vienna Aquatic - 104.0 Camelot
Canterbury Woods,Week5,Lee Graham,Week1,297.5 Lee Graham - 104.5 Canterbury Woods
Cardinal Hill,Week5,Hollin Meadows,Week2,256.0 Cardinal Hill - 146.0 Hollin Meadows
Canterbury Woods,Week5,Hiddenbrook,Week3,207.0 Hiddenbrook - 195.0 Canterbury Woods
Cardinal Hill,Week2,Rolling Hills,Week3,272.0 Cardinal Hill - 125.0 Rolling Hills
Canterbury Woods,Week5,Lee Graham,Week2,305.0 Lee Graham - 97.0 Canterbury Woods
Cardinal Hill,Week1,Rolling Hills,Week2,289.0 Cardinal Hill - 113.0 Rolling Hills
Canterbury Woods,Week3,Hiddenbrook,Week1,215.0 Canterbury Woods - 187.0 Hiddenbrook
Camelot,Week4,Vienna Aquatic,Week4,297.0 Vienna Aquatic - 105.0 Camelot
Cardinal Hill,Week3,Hollin Meadows,Week5,261.0 Cardinal Hill - 141.0 Hollin Meadows
Cardinal Hill,Week3,Mantua,Week1,246.0 Cardinal Hill - 156.0 Mantua
Cardinal Hill,Week1,Rolling Hills,Week3,294.0 Cardinal Hill - 108.0 Rolling Hills
Cardinal Hill,Week1,Holmes Run Acres,Week2,255.0 Cardinal Hill - 147.0 Holmes Run Acres
Cardinal Hill,Week5,Mantua,Week1,214.0 Cardinal Hill - 188.0 Mantua
Canterbury Woods,Week1,High Point Pool,Week1,266.0 High Point Pool - 136.0 Canterbury Woods
Canterbury Woods,Week1,Lincolnia Park,Week3,225.0 Canterbury Woods - 162.0 Lincolnia Park
Cardinal Hill,Week4,Mantua,Week1,201.0 Cardinal Hill - 201.0 Mantua
Camelot,Week1,Vienna Woods,Week4,301.0 Vienna Woods - 101.0 Camelot
Cardinal Hill,Week5,Rolling Forest,Week5,241.0 Cardinal Hill - 161.0 Rolling Forest
Camelot,Week5,Vienna Aquatic,Week5,321.0 Vienna Aquatic - 81.0 Camelot
Cardinal Hill,Week2,McLean,Week3,255.0 McLean - 142.0 Cardinal Hill
Canterbury Woods,Week4,Hiddenbrook,Week3,215.0 Canterbury Woods - 187.0 Hiddenbrook
Canterbury Woods,Week2,Hiddenbrook,Week5,241.0 Hiddenbrook - 161.0 Canterbury Woods
Camelot,Week4,Vienna Woods,Week3,312.0 Vienna Woods - 90.0 Camelot
Canterbury Woods,Week4,Hiddenbrook,Week4,203.0 Canterbury Woods - 194.0 Hiddenbrook
Camelot,Week2,Vienna Woods,Week1,296.0 Vienna Woods - 106.0 Camelot
Camelot,Week5,Vienna Woods,Week1,299.0 Vienna Woods - 103.0 Camelot
Cardinal Hill,Week2,Rolling Hills,Week1,284.5 Cardinal Hill - 117.5 Rolling Hills
Cardinal Hill,Week4,Hollin Meadows,Week5,236.0 Cardinal Hill - 166.0 Hollin Meadows
Cardinal Hill,Week3,Mantua,Week4,227.0 Cardinal Hill - 175.0 Mantua
Cardinal Hill,Week4,Rolling Hills,Week3,278.0 Cardinal Hill - 124.0 Rolling Hills
Cardinal Hill,Week5,Holmes Run Acres,Week4,240.0 Cardinal Hill - 162.0 Holmes Run Acres
Canterbury Woods,Week3,Lincolnia Park,Week4,280.0 Canterbury Woods - 122.0 Lincolnia Park
Cardinal Hill,Week4,Rolling Hills,Week1,294.0 Cardinal Hill - 108.0 Rolling Hills
Canterbury Woods,Week3,Hiddenbrook,Week2,239.0 Canterbury Woods - 163.0 Hiddenbrook
Canterbury Woods,Week1,Lincolnia Park,Week1,257.0 Canterbury Woods - 139.0 Lincolnia Park
Cardinal Hill,Week2,Holmes Run Acres,Week1,237.0 Cardinal Hill - 165.0 Holmes Run Acres
Camelot,Week2,Vienna Woods,Week2,301.0 Vienna Woods - 100.0 Camelot
Cardinal Hill,Week5,Holmes Run Acres,Week5,206.0 Holmes Run Acres - 196.0 Cardinal Hill
Cardinal Hill,Week2,McLean,Week4,251.0 McLean - 151.0 Cardinal Hill
Canterbury Woods,Week3,Lincolnia Park,Week3,238.0 Canterbury Woods - 154.0 Lincolnia Park
Canterbury Woods,Week2,Lincolnia Park,Week3,212.0 Canterbury Woods - 180.0 Lincolnia Park
Canterbury Woods,Week2,Lincolnia Park,Week4,252.5 Canterbury Woods - 143.5 Lincolnia Park
Cardinal Hill,Week3,Rolling Hills,Week1,306.0 Cardinal Hill - 96.0 Rolling Hills
Cardinal Hill,Week4,Holmes Run Acres,Week2,236.5 Cardinal Hill - 165.5 Holmes Run Acres
Canterbury Woods,Week5,Hiddenbrook,Week5,204.0 Hiddenbrook - 197.0 Canterbury Woods
Canterbury Woods,Week1,High Point Pool,Week4,277.0 High Point Pool - 125.0 Canterbury Woods
Cardinal Hill,Week5,McLean,Week4,237.0 McLean - 165.0 Cardinal Hill
Canterbury Woods,Week2,Hiddenbrook,Week1,218.0 Hiddenbrook - 183.0 Canterbury Woods
Camelot,Week4,Vienna Woods,Week1,302.0 Vienna Woods - 100.0 Camelot
Camelot,Week3,Vienna Woods,Week3,315.0 Vienna Woods - 87.0 Camelot
Cardinal Hill,Week5,Rolling Hills,Week1,280.0 Cardinal Hill - 121.0 Rolling Hills
Cardinal Hill,Week3,Mosby Woods,Week3,208.0 Mosby Woods - 194.0 Cardinal Hill
Cardinal Hill,Week5,McLean,Week1,225.5 McLean - 176.5 Cardinal Hill
Cardinal Hill,Week1,Rolling Hills,Week5,298.0 Cardinal Hill - 104.0 Rolling Hills
Cardinal Hill,Week2,Mosby Woods,Week2,261.0 Mosby Woods - 141.0 Cardinal Hill
Cardinal Hill,Week2,Holmes Run Acres,Week5,215.0 Holmes Run Acres - 187.0 Cardinal Hill
Canterbury Woods,Week1,High Point Pool,Week2,282.0 High Point Pool - 120.0 Canterbury Woods
Canterbury Woods,Week4,Lincolnia Park,Week2,274.0 Canterbury Woods - 119.0 Lincolnia Park
Cardinal Hill,Week5,Hollin Meadows,Week3,245.0 Cardinal Hill - 157.0 Hollin Meadows
Cardinal Hill,Week1,Hunt Valley,Week2,225.0 Hunt Valley - 177.0 Cardinal Hill
Camelot,Week4,Vienna Woods,Week5,334.0 Vienna Woods - 68.0 Camelot
Cardinal Hill,Week3,Rolling Hills,Week3,302.0 Cardinal Hill - 100.0 Rolling Hills
Camelot,Week3,Vienna Woods,Week4,305.0 Vienna Woods - 97.0 Camelot
Canterbury Woods,Week3,Lincolnia Park,Week2,253.5 Canterbury Woods - 139.5 Lincolnia Park
Cardinal Hill,Week1,Rolling Hills,Week4,292.0 Cardinal Hill - 110.0 Rolling Hills
Canterbury Woods,Week1,High Point Pool,Week3,270.0 High Point Pool - 132.0 Canterbury Woods
Canterbury Woods,Week3,Lincolnia Park,Week5,246.0 Canterbury Woods - 146.0 Lincolnia Park
Cardinal Hill,Week3,Holmes Run Acres,Week4,264.0 Cardinal Hill - 138.0 Holmes Run Acres
Canterbury Woods,Week4,Lincolnia Park,Week1,275.0 Canterbury Woods - 126.0 Lincolnia Park
Cardinal Hill,Week2,Mosby Woods,Week5,247.0 Mosby Woods - 155.0 Cardinal Hill
Canterbury Woods,Week2,Highland Park,Week5,273.0 Highland Park - 129.0 Canterbury Woods
Canterbury Woods,Week2,High Point Pool,Week1,262.0 High Point Pool - 140.0 Canterbury Woods
Canterbury Woods,Week5,Lincolnia Park,Week3,225.0 Canterbury Woods - 159.0 Lincolnia Park
Cardinal Hill,Week4,Rolling Hills,Week4,285.0 Cardinal Hill - 117.0 Rolling Hills
Cardinal Hill,Week3,McLean,Week5,244.0 McLean - 158.0 Cardinal Hill
Cardinal Hill,Week4,McLean,Week2,247.0 McLean - 155.0 Cardinal Hill
Cardinal Hill,Week5,Rolling Hills,Week3,276.0 Cardinal Hill - 126.0 Rolling Hills
Cardinal Hill,Week2,Mosby Woods,Week4,222.0 Mosby Woods - 180.0 Cardinal Hill
Canterbury Woods,Week3,Canterbury Woods,Week2,235.0 Canterbury Woods (CW1) - 167.0 Canterbury Woods (CW2)
Canterbury Woods,Week2,Little Hunting Park,Week4,207.0 Canterbury Woods - 194.0 Little Hunting Park
Canterbury Woods,Week2,Canterbury Woods,Week2,197.5 Canterbury Woods (CW1) - 197.5 Canterbury Woods (CW2)
Cardinal Hill,Week3,McLean,Week1,225.0 McLean - 177.0 Cardinal Hill
Canterbury Woods,Week5,Lincolnia Park,Week2,255.0 Canterbury Woods - 129.0 Lincolnia Park
Canterbury Woods,Week5,High Point Pool,Week5,257.0 High Point Pool - 144.0 Canterbury Woods
Cardinal Hill,Week2,Rolling Hills,Week2,273.5 Cardinal Hill - 128.5 Rolling Hills
Cardinal Hill,Week1,Mosby Woods,Week3,212.0 Mosby Woods - 190.0 Cardinal Hill
Cardinal Hill,Week2,Mosby Woods,Week1,254.0 Mosby Woods - 148.0 Cardinal Hill
Canterbury Woods,Week3,Little Hunting Park,Week2,248.0 Canterbury Woods - 154.0 Little Hunting Park
Cardinal Hill,Week3,Rolling Hills,Week2,295.0 Cardinal Hill - 107.0 Rolling Hills
Canterbury Woods,Week2,Camelot,Week5,231.0 Camelot - 171.0 Canterbury Woods
Camelot,Week4,Vienna Woods,Week2,315.0 Vienna Woods - 87.0 Camelot
Camelot,Week3,Vienna Woods,Week1,307.0 Vienna Woods - 95.0 Camelot
Cardinal Hill,Week5,Rolling Hills,Week2,279.0 Cardinal Hill - 123.0 Rolling Hills
Cardinal Hill,Week1,Holmes Run Acres,Week3,220.0 Cardinal Hill - 182.0 Holmes Run Acres
Canterbury Woods,Week2,Highland Park,Week1,278.0 Highland Park - 124.0 Canterbury Woods
Camelot,Week2,Vienna Woods,Week5,310.0 Vienna Woods - 92.0 Camelot
Camelot,Week2,Vienna Woods,Week4,292.0 Vienna Woods - 110.0 Camelot
Cardinal Hill,Week4,Hollin Meadows,Week4,248.0 Cardinal Hill - 154.0 Hollin Meadows
Canterbury Woods,Week4,Lincolnia Park,Week3,242.0 Canterbury Woods - 151.0 Lincolnia Park
Cardinal Hill,Week2,Holmes Run Acres,Week4,230.0 Cardinal Hill - 172.0 Holmes Run Acres
Camelot,Week3,Vienna Woods,Week5,325.0 Vienna Woods - 77.0 Camelot
Canterbury Woods,Week1,Little Hunting Park,Week1,229.0 Canterbury Woods - 172.0 Little Hunting Park
Canterbury Woods,Week2,Canterbury Woods,Week1,216.0 Canterbury Woods (CW2) - 186.0 Canterbury Woods (CW1)
Canterbury Woods,Week2,Highland Park,Week4,266.0 Highland Park - 136.0 Canterbury Woods
Camelot,Week5,Vienna Woods,Week2,298.0 Vienna Woods - 104.0 Camelot
Cardinal Hill,Week1,Holmes Run Acres,Week5,206.0 Cardinal Hill - 196.0 Holmes Run Acres
Cardinal Hill,Week5,Hollin Meadows,Week4,236.0 Cardinal Hill - 166.0 Hollin Meadows
Canterbury Woods,Week2,High Point Pool,Week5,267.0 High Point Pool - 135.0 Canterbury Woods
Cardinal Hill,Week3,Rolling Hills,Week5,307.0 Cardinal Hill - 95.0 Rolling Hills
Cardinal Hill,Week5,Hollin Meadows,Week1,227.0 Cardinal Hill - 175.0 Hollin Meadows
Canterbury Woods,Week1,Canterbury Woods,Week5,232.0 Canterbury Woods (CW2) - 164.0 Canterbury Woods (CW1)
Cardinal Hill,Week4,Mosby Woods,Week5,236.0 Mosby Woods - 166.0 Cardinal Hill
Canterbury Woods,Week5,Lincolnia Park,Week4,278.0 Canterbury Woods - 115.0 Lincolnia Park
Camelot,Week5,Vienna Woods,Week3,294.0 Vienna Woods - 108.0 Camelot
Canterbury Woods,Week2,High Point Pool,Week4,279.0 High Point Pool - 123.0 Canterbury Woods
Cardinal Hill,Week5,Rolling Hills,Week5,282.0 Cardinal Hill - 120.0 Rolling Hills
Canterbury Woods,Week3,Camelot,Week3,208.0 Canterbury Woods - 194.0 Camelot
Canterbury Woods,Week3,Canterbury Woods,Week4,209.0 Canterbury Woods (CW1) - 193.0 Canterbury Woods (CW2)
Canterbury Woods,Week4,Little Hunting Park,Week2,248.0 Canterbury Woods - 154.0 Little Hunting Park
Cardinal Hill,Week2,Holmes Run Acres,Week3,208.0 Holmes Run Acres - 194.0 Cardinal Hill
Cardinal Hill,Week1,Mosby Woods,Week5,210.0 Mosby Woods - 192.0 Cardinal Hill
Camelot,Week1,Villa Aquatic,Week1,209.0 Villa Aquatic - 193.0 Camelot
Cardinal Hill,Week2,Holmes Run Acres,Week2,239.0 Cardinal Hill - 163.0 Holmes Run Acres
Cardinal Hill,Week5,Rolling Hills,Week4,287.0 Cardinal Hill - 111.0 Rolling Hills
Cardinal Hill,Week2,Rolling Hills,Week4,275.0 Cardinal Hill - 126.0 Rolling Hills
Canterbury Woods,Week2,Little Hunting Park,Week2,209.0 Canterbury Woods - 192.0 Little Hunting Park
Canterbury Woods,Week1,Highland Park,Week1,268.0 Highland Park - 134.0 Canterbury Woods
Cardinal Hill,Week3,Holmes Run Acres,Week1,268.0 Cardinal Hill - 134.0 Holmes Run Acres
Camelot,Week5,Vienna Woods,Week5,315.0 Vienna Woods - 87.0 Camelot
Cardinal Hill,Week1,Holmes Run Acres,Week1,258.0 Cardinal Hill - 144.0 Holmes Run Acres
Canterbury Woods,Week3,Little Hunting Park,Week5,217.0 Canterbury Woods - 184.0 Little Hunting Park
Canterbury Woods,Week1,Highland Park,Week3,253.0 Highland Park - 149.0 Canterbury Woods
Cardinal Hill,Week4,McLean,Week5,255.0 McLean - 147.0 Cardinal Hill
Canterbury Woods,Week4,High Point Pool,Week1,236.0 High Point Pool - 166.0 Canterbury Woods
Camelot,Week5,Vienna Woods,Week4,290.0 Vienna Woods - 112.0 Camelot
Camelot,Week4,Vienna Woods,Week4,301.0 Vienna Woods - 101.0 Camelot
Canterbury Woods,Week1,Canterbury Woods,Week1,197.5 Canterbury Woods (CW1) - 197.5 Canterbury Woods (CW2)
Canterbury Woods,Week4,Camelot,Week3,203.0 Camelot - 199.0 Canterbury Woods
Cardinal Hill,Week1,Rolling Valley,Week2,343.0 Cardinal Hill - 59.0 Rolling Valley
Cardinal Hill,Week3,McLean,Week3,226.0 McLean - 176.0 Cardinal Hill
Canterbury Woods,Week2,Little Hunting Park,Week3,207.0 Canterbury Woods - 195.0 Little Hunting Park
Cardinal Hill,Week1,Rolling Valley,Week5,330.0 Cardinal Hill - 72.0 Rolling Valley
Cardinal Hill,Week4,McLean,Week1,231.0 McLean - 171.0 Cardinal Hill
Cardinal Hill,Week1,Rolling Valley,Week4,338.0 Cardinal Hill - 64.0 Rolling Valley
Canterbury Woods,Week3,Little Hunting Park,Week3,222.0 Canterbury Woods - 180.0 Little Hunting Park
Canterbury Woods,Week1,Highland Park,Week4,261.0 Highland Park - 141.0 Canterbury Woods
Canterbury Woods,Week1,Canterbury Woods,Week3,226.0 Canterbury Woods (CW2) - 176.0 Canterbury Woods (CW1)
Cardinal Hill,Week3,McLean,Week4,214.0 McLean - 188.0 Cardinal Hill
Canterbury Woods,Week4,Little Hunting Park,Week4,244.0 Canterbury Woods - 158.0 Little Hunting Park
Cardinal Hill,Week1,Mosby Woods,Week2,212.5 Mosby Woods - 189.5 Cardinal Hill
Camelot,Week1,Villa Aquatic,Week3,242.0 Villa Aquatic - 160.0 Camelot
Canterbury Woods,Week3,Camelot,Week1,216.0 Canterbury Woods - 186.0 Camelot
Cardinal Hill,Week3,Holmes Run Acres,Week5,227.0 Cardinal Hill - 175.0 Holmes Run Acres
Canterbury Woods,Week2,Little Hunting Park,Week1,222.0 Canterbury Woods - 176.0 Little Hunting Park
Cardinal Hill,Week3,Holmes Run Acres,Week2,281.0 Cardinal Hill - 121.0 Holmes Run Acres
Camelot,Week1,Villa Aquatic,Week4,233.0 Villa Aquatic - 169.0 Camelot
Canterbury Woods,Week2,High Point Pool,Week3,277.0 High Point Pool - 125.0 Canterbury Woods
Cardinal Hill,Week2,McLean,Week5,262.0 McLean - 140.0 Cardinal Hill
Cardinal Hill,Week2,Rolling Valley,Week1,346.0 Cardinal Hill - 56.0 Rolling Valley
Camelot,Week1,Villa Aquatic,Week2,207.0 Villa Aquatic - 195.0 Camelot
Camelot,Week3,Vienna Woods,Week2,302.0 Vienna Woods - 99.0 Camelot
Canterbury Woods,Week5,Little Hunting Park,Week1,231.0 Canterbury Woods - 162.0 Little Hunting Park
Canterbury Woods,Week3,High Point Pool,Week4,266.0 High Point Pool - 136.0 Canterbury Woods
Cardinal Hill,Week2,Rolling Valley,Week3,324.0 Cardinal Hill - 78.0 Rolling Valley
Canterbury Woods,Week4,Camelot,Week1,204.0 Camelot - 198.0 Canterbury Woods
Canterbury Woods,Week5,High Point Pool,Week2,265.0 High Point Pool - 136.0 Canterbury Woods
Cardinal Hill,Week1,Holmes Run Acres,Week4,258.0 Cardinal Hill - 144.0 Holmes Run Acres
Cardinal Hill,Week2,Rolling Valley,Week2,316.0 Cardinal Hill - 86.0 Rolling Valley
Cardinal Hill,Week4,Holmes Run Acres,Week1,243.0 Cardinal Hill - 159.0 Holmes Run Acres
Canterbury Woods,Week2,Canterbury Woods,Week3,235.0 Canterbury Woods (CW2) - 167.0 Canterbury Woods (CW1)
Canterbury Woods,Week4,High Point Pool,Week3,247.0 High Point Pool - 155.0 Canterbury Woods
Cardinal Hill,Week4,Holmes Run Acres,Week4,232.0 Cardinal Hill - 170.0 Holmes Run Acres
Cardinal Hill,Week4,McLean,Week4,230.5 McLean - 171.5 Cardinal Hill
Cardinal Hill,Week3,Mosby Woods,Week4,216.0 Cardinal Hill - 186.0 Mosby Woods
Canterbury Woods,Week1,Little Hunting Park,Week2,232.0 Canterbury Woods - 170.0 Little Hunting Park
Canterbury Woods,Week4,Camelot,Week4,209.0 Camelot - 193.0 Canterbury Woods
Canterbury Woods,Week1,Little Hunting Park,Week4,216.0 Canterbury Woods - 186.0 Little Hunting Park
Cardinal Hill,Week1,Hunt Valley,Week1,222.0 Hunt Valley - 180.0 Cardinal Hill
Cardinal Hill,Week5,Rolling Valley,Week3,322.0 Cardinal Hill - 80.0 Rolling Valley
Canterbury Woods,Week4,High Point Pool,Week4,256.0 High Point Pool - 146.0 Canterbury Woods
Canterbury Woods,Week2,Little Hunting Park,Week5,205.0 Little Hunting Park - 197.0 Canterbury Woods
Canterbury Woods,Week3,Little Hunting Park,Week1,244.0 Canterbury Woods - 157.0 Little Hunting Park
Cardinal Hill,Week5,McLean,Week2,241.0 McLean - 161.0 Cardinal Hill
Canterbury Woods,Week5,Camelot,Week1,217.0 Camelot - 184.0 Canterbury Woods
Canterbury Woods,Week5,High Point Pool,Week4,254.0 High Point Pool - 148.0 Canterbury Woods
Cardinal Hill,Week1,Mosby Woods,Week1,215.5 Mosby Woods - 186.5 Cardinal Hill
Cardinal Hill,Week4,McLean,Week3,251.0 McLean - 151.0 Cardinal Hill
Cardinal Hill,Week3,Rutherford,Week5,315.0 Cardinal Hill - 87.0 Rutherford
Cardinal Hill,Week4,Hunt Valley,Week5,242.5 Hunt Valley - 159.5 Cardinal Hill
Canterbury Woods,Week2,Canterbury Woods,Week5,225.0 Canterbury Woods (CW2) - 173.0 Canterbury Woods (CW1)
Cardinal Hill,Week5,Holmes Run Acres,Week2,242.0 Cardinal Hill - 160.0 Holmes Run Acres
Cardinal Hill,Week5,Rolling Valley,Week2,329.5 Cardinal Hill - 72.5 Rolling Valley
Canterbury Woods,Week3,High Point Pool,Week2,273.0 High Point Pool - 129.0 Canterbury Woods
Canterbury Woods,Week5,Camelot,Week3,216.0 Camelot - 182.0 Canterbury Woods
Cardinal Hill,Week5,Holmes Run Acres,Week3,202.0 Holmes Run Acres - 200.0 Cardinal Hill
Cardinal Hill,Week5,Holmes Run Acres,Week1,243.0 Cardinal Hill - 159.0 Holmes Run Acres
Canterbury Woods,Week1,Highland Park,Week2,256.0 Highland Park - 146.0 Canterbury Woods
Cardinal Hill,Week3,McLean,Week2,236.0 McLean - 166.0 Cardinal Hill
Canterbury Woods,Week1,Little Hunting Park,Week3,217.0 Canterbury Woods - 185.0 Little Hunting Park
Canterbury Woods,Week4,Camelot,Week5,217.0 Camelot - 185.0 Canterbury Woods
Cardinal Hill,Week2,Mosby Woods,Week3,240.0 Mosby Woods - 162.0 Cardinal Hill
Cardinal Hill,Week4,Holmes Run Acres,Week5,204.0 Holmes Run Acres - 198.0 Cardinal Hill
Canterbury Woods,Week3,Camelot,Week4,207.0 Camelot - 195.0 Canterbury Woods
Canterbury Woods,Week3,High Point Pool,Week3,257.0 High Point Pool - 145.0 Canterbury Woods
Canterbury Woods,Week4,High Point Pool,Week5,256.0 High Point Pool - 146.0 Canterbury Woods
Cardinal Hill,Week2,Rolling Valley,Week5,312.0 Cardinal Hill - 90.0 Rolling Valley
Cardinal Hill,Week5,Rolling Valley,Week1,339.5 Cardinal Hill - 62.5 Rolling Valley
Cardinal Hill,Week2,Rolling Valley,Week4,321.0 Cardinal Hill - 81.0 Rolling Valley
Cardinal Hill,Week4,Rolling Valley,Week4,329.5 Cardinal Hill - 72.5 Rolling Valley
Canterbury Woods,Week5,Lincolnia Park,Week1,258.0 Canterbury Woods - 138.0 Lincolnia Park
Canterbury Woods,Week5,Lincolnia Park,Week5,246.0 Canterbury Woods - 143.0 Lincolnia Park
Cardinal Hill,Week1,Mosby Woods,Week4,210.0 Cardinal Hill - 192.0 Mosby Woods
Canterbury Woods,Week3,High Point Pool,Week5,262.0 High Point Pool - 140.0 Canterbury Woods
Canterbury Woods,Week3,High Point Pool,Week1,254.0 High Point Pool - 148.0 Canterbury Woods
Cardinal Hill,Week4,Hunt Valley,Week1,228.0 Hunt Valley - 174.0 Cardinal Hill
Cardinal Hill,Week5,McLean,Week3,240.0 McLean - 162.0 Cardinal Hill
Cardinal Hill,Week3,Mosby Woods,Week2,211.0 Mosby Woods - 191.0 Cardinal Hill
Cardinal Hill,Week3,Rolling Valley,Week4,335.0 Cardinal Hill - 67.0 Rolling Valley
Cardinal Hill,Week1,Rutherford,Week1,327.0 Cardinal Hill - 75.0 Rutherford
Canterbury Woods,Week4,Lincolnia Park,Week5,246.0 Canterbury Woods - 147.0 Lincolnia Park
Canterbury Woods,Week3,Camelot,Week2,205.0 Canterbury Woods - 197.0 Camelot
Canterbury Woods,Week3,Camelot,Week5,208.0 Camelot - 194.0 Canterbury Woods
Canterbury Woods,Week2,Highland Park,Week2,274.0 Highland Park - 128.0 Canterbury Woods
Cardinal Hill,Week1,Hunt Valley,Week3,248.0 Hunt Valley - 154.0 Cardinal Hill
Canterbury Woods,Week5,Camelot,Week2,212.0 Camelot - 185.0 Canterbury Woods
Canterbury Woods,Week4,Little Hunting Park,Week3,242.0 Canterbury Woods - 160.0 Little Hunting Park
Canterbury Woods,Week1,Highland Park,Week5,263.0 Highland Park - 139.0 Canterbury Woods
Cardinal Hill,Week2,Rutherford,Week2,306.0 Cardinal Hill - 96.0 Rutherford
Canterbury Woods,Week3,Little Hunting Park,Week4,235.0 Canterbury Woods - 167.0 Little Hunting Park
Cardinal Hill,Week5,McLean,Week5,254.0 McLean - 148.0 Cardinal Hill
Cardinal Hill,Week2,Hunter Mill,Week1,199.0 Hunter Mill - 198.0 Cardinal Hill
Canterbury Woods,Week2,Camelot,Week4,228.0 Camelot - 174.0 Canterbury Woods
Cardinal Hill,Week3,Rolling Valley,Week1,355.0 Cardinal Hill - 47.0 Rolling Valley
Cardinal Hill,Week1,Rutherford,Week2,338.0 Cardinal Hill - 64.0 Rutherford
Canterbury Woods,Week5,Camelot,Week5,222.0 Camelot - 180.0 Canterbury Woods
Cardinal Hill,Week3,Mosby Woods,Week5,202.0 Mosby Woods - 200.0 Cardinal Hill
Canterbury Woods,Week5,High Point Pool,Week1,248.0 High Point Pool - 154.0 Canterbury Woods
Canterbury Woods,Week1,Canterbury Woods,Week2,216.0 Canterbury Woods (CW1) - 186.0 Canterbury Woods (CW2)
Cardinal Hill,Week2,Hunt Valley,Week1,242.0 Hunt Valley - 160.0 Cardinal Hill
Canterbury Woods,Week4,Little Hunting Park,Week1,253.5 Canterbury Woods - 147.5 Little Hunting Park
Cardinal Hill,Week2,Hunt Valley,Week3,267.0 Hunt Valley - 135.0 Cardinal Hill
Cardinal Hill,Week3,Mosby Woods,Week1,219.0 Mosby Woods - 183.0 Cardinal Hill
Canterbury Woods,Week1,Little Hunting Park,Week5,204.0 Canterbury Woods - 198.0 Little Hunting Park
Canterbury Woods,Week3,Little Rocky Run,Week2,268.0 Little Rocky Run - 134.0 Canterbury Woods
Canterbury Woods,Week2,Highland Park,Week3,249.0 Highland Park - 153.0 Canterbury Woods
Cardinal Hill,Week4,Mosby Woods,Week3,229.0 Mosby Woods - 173.0 Cardinal Hill
Canterbury Woods,Week3,Highland Park,Week2,249.0 Highland Park - 153.0 Canterbury Woods
Cardinal Hill,Week3,Rolling Valley,Week5,334.0 Cardinal Hill - 68.0 Rolling Valley
Canterbury Woods,Week2,Canterbury Woods,Week4,214.0 Canterbury Woods (CW2) - 187.0 Canterbury Woods (CW1)
Canterbury Woods,Week5,Camelot,Week4,208.0 Camelot - 193.0 Canterbury Woods
Canterbury Woods,Week5,High Point Pool,Week3,251.0 High Point Pool - 151.0 Canterbury Woods
Canterbury Woods,Week4,Camelot,Week2,204.0 Canterbury Woods - 198.0 Camelot
Cardinal Hill,Week4,Mosby Woods,Week1,237.0 Mosby Woods - 165.0 Cardinal Hill
Canterbury Woods,Week4,High Point Pool,Week2,263.0 High Point Pool - 139.0 Canterbury Woods
Cardinal Hill,Week4,Hunt Valley,Week2,236.0 Hunt Valley - 166.0 Cardinal Hill
Canterbury Woods,Week1,Little Rocky Run,Week4,297.5 Little Rocky Run - 104.5 Canterbury Woods
Cardinal Hill,Week2,Hunt Valley,Week2,241.0 Hunt Valley - 161.0 Cardinal Hill
Cardinal Hill,Week2,Hunt Valley,Week4,260.0 Hunt Valley - 142.0 Cardinal Hill
Canterbury Woods,Week2,Little Rocky Run,Week5,324.0 Little Rocky Run - 78.0 Canterbury Woods
Cardinal Hill,Week4,Hunt Valley,Week3,249.0 Hunt Valley - 153.0 Cardinal Hill
Cardinal Hill,Week3,Rolling Valley,Week3,341.0 Cardinal Hill - 61.0 Rolling Valley
Cardinal Hill,Week4,Rolling Valley,Week2,333.0 Cardinal Hill - 69.0 Rolling Valley
Cardinal Hill,Week1,Hunt Valley,Week5,251.0 Hunt Valley - 151.0 Cardinal Hill
Cardinal Hill,Week4,Rolling Valley,Week5,326.0 Cardinal Hill - 76.0 Rolling Valley
Canterbury Woods,Week3,Highland Park,Week1,262.0 Highland Park - 140.0 Canterbury Woods
Cardinal Hill,Week1,Rutherford,Week5,315.0 Cardinal Hill - 87.0 Rutherford
Canterbury Woods,Week4,Little Hunting Park,Week5,222.0 Canterbury Woods - 180.0 Little Hunting Park
Cardinal Hill,Week5,Mount Vernon Park,Week1,205.0 Cardinal Hill - 197.0 Mount Vernon Park
Cardinal Hill,Week4,Mosby Woods,Week2,239.5 Mosby Woods - 162.5 Cardinal Hill
Canterbury Woods,Week1,Canterbury Woods,Week4,219.0 Canterbury Woods (CW2) - 183.0 Canterbury Woods (CW1)
Cardinal Hill,Week1,Mount Vernon Park,Week2,206.0 Mount Vernon Park - 196.0 Cardinal Hill
Cardinal Hill,Week3,Hunt Valley,Week2,206.0 Cardinal Hill - 196.0 Hunt Valley
Cardinal Hill,Week1,Rutherford,Week4,304.0 Cardinal Hill - 98.0 Rutherford
Canterbury Woods,Week5,Canterbury Woods,Week5,190.5 Canterbury Woods (CW1) - 190.5 Canterbury Woods (CW2)
Cardinal Hill,Week4,Mosby Woods,Week4,202.5 Cardinal Hill - 199.5 Mosby Woods
Cardinal Hill,Week2,Rutherford,Week1,303.0 Cardinal Hill - 99.0 Rutherford
Cardinal Hill,Week2,Rutherford,Week4,271.0 Cardinal Hill - 131.0 Rutherford
Canterbury Woods,Week3,Highland Park,Week5,254.0 Highland Park - 148.0 Canterbury Woods
Canterbury Woods,Week4,Little Rocky Run,Week4,266.0 Little Rocky Run - 136.0 Canterbury Woods
Cardinal Hill,Week5,Mosby Woods,Week1,241.0 Mosby Woods - 161.0 Cardinal Hill
Canterbury Woods,Week3,Highlands Swim,Week2,344.0 Highlands Swim - 58.0 Canterbury Woods
Cardinal Hill,Week4,Rolling Valley,Week3,328.5 Cardinal Hill - 73.5 Rolling Valley
Canterbury Woods,Week3,Cardinal Hill,Week3,303.0 Cardinal Hill - 99.0 Canterbury Woods
Cardinal Hill,Week3,Hunt Valley,Week3,225.0 Hunt Valley - 177.0 Cardinal Hill
Cardinal Hill,Week3,Mount Vernon Park,Week1,229.0 Cardinal Hill - 173.0 Mount Vernon Park
Canterbury Woods,Week3,Little Rocky Run,Week3,292.0 Little Rocky Run - 110.0 Canterbury Woods
Cardinal Hill,Week2,Hunt Valley,Week5,261.0 Hunt Valley - 141.0 Cardinal Hill
Canterbury Woods,Week2,Little Rocky Run,Week1,287.0 Little Rocky Run - 115.0 Canterbury Woods
Cardinal Hill,Week5,Hunt Valley,Week5,251.0 Hunt Valley - 151.0 Cardinal Hill
Cardinal Hill,Week1,Hunt Valley,Week4,239.0 Hunt Valley - 163.0 Cardinal Hill
Canterbury Woods,Week4,Cardinal Hill,Week4,268.0 Cardinal Hill - 134.0 Canterbury Woods
Canterbury Woods,Week2,Cardinal Hill,Week5,276.0 Cardinal Hill - 125.0 Canterbury Woods
Canterbury Woods,Week3,Canterbury Woods,Week1,226.0 Canterbury Woods (CW1) - 176.0 Canterbury Woods (CW2)
Canterbury Woods,Week3,Canterbury Woods,Week3,198.0 Canterbury Woods (CW1) - 198.0 Canterbury Woods (CW2)
Canterbury Woods,Week3,Highland Park,Week4,256.0 Highland Park - 146.0 Canterbury Woods
Cardinal Hill,Week5,Hunt Valley,Week1,223.0 Hunt Valley - 179.0 Cardinal Hill
Cardinal Hill,Week2,Mount Vernon Park,Week3,231.0 Mount Vernon Park - 171.0 Cardinal Hill
Cardinal Hill,Week3,Mount Vernon Park,Week4,218.0 Cardinal Hill - 184.0 Mount Vernon Park
Canterbury Woods,Week5,Little Rocky Run,Week5,291.0 Little Rocky Run - 106.0 Canterbury Woods
Canterbury Woods,Week1,Little Rocky Run,Week3,310.0 Little Rocky Run - 92.0 Canterbury Woods
Canterbury Woods,Week2,Little Rocky Run,Week4,306.0 Little Rocky Run - 96.0 Canterbury Woods
Canterbury Woods,Week4,Highland Park,Week1,256.0 Highland Park - 146.0 Canterbury Woods
Cardinal Hill,Week1,Mount Vernon Park,Week4,203.0 Cardinal Hill - 199.0 Mount Vernon Park
Cardinal Hill,Week1,Hunter Mill,Week1,225.0 Cardinal Hill - 177.0 Hunter Mill
Canterbury Woods,Week3,Highland Park,Week3,238.0 Highland Park - 164.0 Canterbury Woods
Canterbury Woods,Week4,Highlands Swim,Week2,334.0 Highlands Swim - 68.0 Canterbury Woods
Canterbury Woods,Week2,Cardinal Hill,Week4,290.0 Cardinal Hill - 112.0 Canterbury Woods
Canterbury Woods,Week1,Long Branch,Week4,219.0 Long Branch - 183.0 Canterbury Woods
Cardinal Hill,Week3,Rutherford,Week3,311.0 Cardinal Hill - 91.0 Rutherford
Cardinal Hill,Week3,Rutherford,Week1,325.0 Cardinal Hill - 77.0 Rutherford
Canterbury Woods,Week1,Highlands Swim,Week4,325.0 Highlands Swim - 77.0 Canterbury Woods
Canterbury Woods,Week1,Highlands Swim,Week3,323.0 Highlands Swim - 79.0 Canterbury Woods
Canterbury Woods,Week4,Little Rocky Run,Week5,288.0 Little Rocky Run - 114.0 Canterbury Woods
Cardinal Hill,Week5,Mosby Woods,Week5,227.0 Mosby Woods - 175.0 Cardinal Hill
Cardinal Hill,Week3,Hunt Valley,Week5,208.0 Hunt Valley - 194.0 Cardinal Hill
Cardinal Hill,Week1,Mount Vernon Park,Week5,225.0 Mount Vernon Park - 177.0 Cardinal Hill
Canterbury Woods,Week4,Canterbury Woods,Week4,198.0 Canterbury Woods (CW1) - 198.0 Canterbury Woods (CW2)
Cardinal Hill,Week4,Hunt Valley,Week4,248.0 Hunt Valley - 154.0 Cardinal Hill
Cardinal Hill,Week3,Mount Vernon Park,Week2,229.0 Cardinal Hill - 173.0 Mount Vernon Park
Cardinal Hill,Week5,Rolling Valley,Week4,324.0 Cardinal Hill - 78.0 Rolling Valley
Cardinal Hill,Week3,Rolling Valley,Week2,342.0 Cardinal Hill - 60.0 Rolling Valley
Canterbury Woods,Week1,Cardinal Hill,Week5,273.0 Cardinal Hill - 129.0 Canterbury Woods
Cardinal Hill,Week5,Hunt Valley,Week2,228.0 Hunt Valley - 174.0 Cardinal Hill
Canterbury Woods,Week4,Highland Park,Week2,244.0 Highland Park - 158.0 Canterbury Woods
Cardinal Hill,Week4,Rolling Valley,Week1,345.0 Cardinal Hill - 57.0 Rolling Valley
Canterbury Woods,Week5,Highland Park,Week4,248.0 Highland Park - 154.0 Canterbury Woods
Canterbury Woods,Week4,Little Rocky Run,Week1,274.0 Little Rocky Run - 128.0 Canterbury Woods
Canterbury Woods,Week3,Little Rocky Run,Week4,282.0 Little Rocky Run - 120.0 Canterbury Woods
Cardinal Hill,Week2,Mount Vernon Park,Week5,241.0 Mount Vernon Park - 161.0 Cardinal Hill
Cardinal Hill,Week5,Rolling Valley,Week5,321.0 Cardinal Hill - 81.0 Rolling Valley
Cardinal Hill,Week2,Rutherford,Week3,278.0 Cardinal Hill - 124.0 Rutherford
Canterbury Woods,Week5,Little Hunting Park,Week4,227.0 Canterbury Woods - 171.0 Little Hunting Park
Canterbury Woods,Week3,Little Rocky Run,Week5,307.0 Little Rocky Run - 95.0 Canterbury Woods
Canterbury Woods,Week5,Highland Park,Week5,259.0 Highland Park - 142.0 Canterbury Woods
Canterbury Woods,Week1,Cardinal Hill,Week4,284.0 Cardinal Hill - 118.0 Canterbury Woods
Cardinal Hill,Week5,Hunt Valley,Week3,252.0 Hunt Valley - 150.0 Cardinal Hill
Canterbury Woods,Week3,Little Rocky Run,Week1,284.0 Little Rocky Run - 118.0 Canterbury Woods
Canterbury Woods,Week2,Highlands Swim,Week3,328.0 Highlands Swim - 74.0 Canterbury Woods
Canterbury Woods,Week1,Cardinal Hill,Week3,306.0 Cardinal Hill - 96.0 Canterbury Woods
Cardinal Hill,Week3,Hunt Valley,Week4,210.0 Hunt Valley - 192.0 Cardinal Hill
Canterbury Woods,Week1,Cardinal Hill,Week1,291.0 Cardinal Hill - 111.0 Canterbury Woods
Cardinal Hill,Week1,Rutherford,Week3,303.0 Cardinal Hill - 99.0 Rutherford
Cardinal Hill,Week3,Mount Vernon Park,Week5,205.0 Mount Vernon Park - 197.0 Cardinal Hill
Canterbury Woods,Week4,Canterbury Woods,Week2,214.0 Canterbury Woods (CW1) - 187.0 Canterbury Woods (CW2)
Cardinal Hill,Week5,Mosby Woods,Week2,242.5 Mosby Woods - 159.5 Cardinal Hill
Cardinal Hill,Week3,Hunt Valley,Week1,209.0 Cardinal Hill - 193.0 Hunt Valley
Cardinal Hill,Week5,Mosby Woods,Week3,220.0 Mosby Woods - 182.0 Cardinal Hill
Canterbury Woods,Week3,Cardinal Hill,Week4,268.0 Cardinal Hill - 134.0 Canterbury Woods
Cardinal Hill,Week1,Hunter Mill,Week4,202.0 Cardinal Hill - 200.0 Hunter Mill
Cardinal Hill,Week1,Hunter Mill,Week5,204.0 Hunter Mill - 198.0 Cardinal Hill
Cardinal Hill,Week3,Rutherford,Week2,331.0 Cardinal Hill - 71.0 Rutherford
Cardinal Hill,Week4,Mount Vernon Park,Week1,203.0 Mount Vernon Park - 199.0 Cardinal Hill
Cardinal Hill,Week2,Mount Vernon Park,Week2,221.0 Mount Vernon Park - 181.0 Cardinal Hill
Cardinal Hill,Week5,Hunt Valley,Week4,241.0 Hunt Valley - 161.0 Cardinal Hill
Canterbury Woods,Week2,Cardinal Hill,Week3,310.0 Cardinal Hill - 92.0 Canterbury Woods
Canterbury Woods,Week2,Highlands Swim,Week2,347.0 Highlands Swim - 55.0 Canterbury Woods
Canterbury Woods,Week3,Highlands Swim,Week1,331.5 Highlands Swim - 70.5 Canterbury Woods
Canterbury Woods,Week3,Highlands Swim,Week3,323.0 Highlands Swim - 79.0 Canterbury Woods
Cardinal Hill,Week5,Mosby Woods,Week4,202.0 Cardinal Hill - 200.0 Mosby Woods
Canterbury Woods,Week5,Little Hunting Park,Week3,216.0 Canterbury Woods - 185.0 Little Hunting Park
Canterbury Woods,Week5,Little Hunting Park,Week2,241.0 Canterbury Woods - 157.0 Little Hunting Park
Canterbury Woods,Week5,Little Rocky Run,Week1,272.0 Little Rocky Run - 130.0 Canterbury Woods
Canterbury Woods,Week5,Little Rocky Run,Week4,276.0 Little Rocky Run - 126.0 Canterbury Woods
Canterbury Woods,Week1,Highlands Swim,Week2,336.0 Highlands Swim - 66.0 Canterbury Woods
Cardinal Hill,Week4,Rutherford,Week5,296.0 Cardinal Hill - 106.0 Rutherford
Cardinal Hill,Week3,Rutherford,Week4,306.0 Cardinal Hill - 96.0 Rutherford
Canterbury Woods,Week4,Cardinal Hill,Week1,277.0 Cardinal Hill - 125.0 Canterbury Woods
Cardinal Hill,Week2,Rutherford,Week5,284.0 Cardinal Hill - 118.0 Rutherford
Canterbury Woods,Week3,Cardinal Hill,Week2,275.0 Cardinal Hill - 127.0 Canterbury Woods
Cardinal Hill,Week1,Hunter Mill,Week2,215.0 Cardinal Hill - 187.0 Hunter Mill
Cardinal Hill,Week4,Mount Vernon Park,Week2,208.0 Mount Vernon Park - 194.0 Cardinal Hill
Canterbury Woods,Week1,Hollin Hills,Week1,250.0 Canterbury Woods - 152.0 Hollin Hills
Canterbury Woods,Week5,Canterbury Woods,Week2,225.0 Canterbury Woods (CW1) - 173.0 Canterbury Woods (CW2)
Cardinal Hill,Week2,Mount Vernon Park,Week4,222.0 Mount Vernon Park - 180.0 Cardinal Hill
Cardinal Hill,Week2,Hunter Mill,Week4,226.0 Hunter Mill - 176.0 Cardinal Hill
Canterbury Woods,Week5,Canterbury Woods,Week1,232.0 Canterbury Woods (CW1) - 164.0 Canterbury Woods (CW2)
Canterbury Woods,Week4,Canterbury Woods,Week1,219.0 Canterbury Woods (CW1) - 183.0 Canterbury Woods (CW2)
Cardinal Hill,Week4,Mount Vernon Park,Week3,224.0 Mount Vernon Park - 178.0 Cardinal Hill
Cardinal Hill,Week1,Shouse Village,Week5,224.0 Cardinal Hill - 178.0 Shouse Village
Canterbury Woods,Week3,Highlands Swim,Week4,323.0 Highlands Swim - 79.0 Canterbury Woods
Cardinal Hill,Week3,Mount Vernon Park,Week3,220.0 Cardinal Hill - 182.0 Mount Vernon Park
Canterbury Woods,Week1,Highlands Swim,Week5,327.0 Highlands Swim - 75.0 Canterbury Woods
Cardinal Hill,Week5,Hunter Mill,Week3,209.0 Hunter Mill - 193.0 Cardinal Hill
Canterbury Woods,Week5,Little Hunting Park,Week5,210.0 Canterbury Woods - 190.0 Little Hunting Park
Cardinal Hill,Week1,Hunter Mill,Week3,209.0 Cardinal Hill - 193.0 Hunter Mill
Cardinal Hill,Week1,Shouse Village,Week3,233.0 Cardinal Hill - 169.0 Shouse Village
Canterbury Woods,Week2,Cardinal Hill,Week1,292.0 Cardinal Hill - 110.0 Canterbury Woods
Canterbury Woods,Week5,Little Rocky Run,Week2,267.0 Little Rocky Run - 135.0 Canterbury Woods
Cardinal Hill,Week3,Ilda Community,Week2,342.0 Cardinal Hill - 60.0 Ilda Community
Cardinal Hill,Week2,Mount Vernon Park,Week1,235.0 Mount Vernon Park - 167.0 Cardinal Hill
Canterbury Woods,Week1,Highlands Swim,Week1,330.0 Highlands Swim - 72.0 Canterbury Woods
Canterbury Woods,Week2,Hollin Hills,Week2,241.0 Canterbury Woods - 160.0 Hollin Hills
Cardinal Hill,Week1,Mount Vernon Park,Week1,202.0 Cardinal Hill - 200.0 Mount Vernon Park
Cardinal Hill,Week2,Shouse Village,Week5,203.0 Shouse Village - 199.0 Cardinal Hill
Cardinal Hill,Week1,Ilda Community,Week4,305.0 Cardinal Hill - 97.0 Ilda Community
Canterbury Woods,Week1,Little Rocky Run,Week2,283.0 Little Rocky Run - 119.0 Canterbury Woods
Canterbury Woods,Week4,Canterbury Woods,Week5,215.0 Canterbury Woods (CW1) - 186.0 Canterbury Woods (CW2)
Canterbury Woods,Week4,Little Rocky Run,Week3,280.0 Little Rocky Run - 122.0 Canterbury Woods
Canterbury Woods,Week5,Highland Park,Week1,267.0 Highland Park - 134.0 Canterbury Woods
Canterbury Woods,Week3,Highlands Swim,Week5,323.0 Highlands Swim - 79.0 Canterbury Woods
Canterbury Woods,Week2,Little Rocky Run,Week3,306.0 Little Rocky Run - 96.0 Canterbury Woods
Canterbury Woods,Week1,Little Rocky Run,Week1,292.0 Little Rocky Run - 110.0 Canterbury Woods
Canterbury Woods,Week3,Cardinal Hill,Week5,267.0 Cardinal Hill - 135.0 Canterbury Woods
Cardinal Hill,Week5,Rutherford,Week5,299.0 Cardinal Hill - 102.0 Rutherford
Cardinal Hill,Week2,Shouse Village,Week3,225.0 Cardinal Hill - 177.0 Shouse Village
Canterbury Woods,Week2,Little Rocky Run,Week2,280.0 Little Rocky Run - 122.0 Canterbury Woods
Cardinal Hill,Week5,Rutherford,Week3,291.0 Cardinal Hill - 110.0 Rutherford
Canterbury Woods,Week4,Canterbury Woods,Week3,209.0 Canterbury Woods (CW2) - 193.0 Canterbury Woods (CW1)
Cardinal Hill,Week2,Ilda Community,Week4,285.0 Cardinal Hill - 117.0 Ilda Community
Cardinal Hill,Week5,Rutherford,Week2,308.0 Cardinal Hill - 93.0 Rutherford
Cardinal Hill,Week5,Mount Vernon Park,Week3,212.0 Mount Vernon Park - 190.0 Cardinal Hill
Cardinal Hill,Week5,Hunter Mill,Week5,205.0 Hunter Mill - 197.0 Cardinal Hill
Cardinal Hill,Week4,Rutherford,Week4,295.0 Cardinal Hill - 107.0 Rutherford
Canterbury Woods,Week5,Highland Park,Week3,249.0 Highland Park - 147.0 Canterbury Woods
Cardinal Hill,Week5,Donaldson Run,Week3,234.0 Donaldson Run - 168.0 Cardinal Hill
Cardinal Hill,Week3,Hunter Mill,Week2,234.0 Cardinal Hill - 168.0 Hunter Mill
Canterbury Woods,Week1,Long Branch,Week1,213.0 Long Branch - 184.0 Canterbury Woods
Canterbury Woods,Week5,Little Rocky Run,Week3,298.0 Little Rocky Run - 104.0 Canterbury Woods
Cardinal Hill,Week5,Rutherford,Week4,290.0 Cardinal Hill - 112.0 Rutherford
Cardinal Hill,Week1,Shouse Village,Week4,237.0 Cardinal Hill - 165.0 Shouse Village
Canterbury Woods,Week5,Canterbury Woods,Week4,215.0 Canterbury Woods (CW2) - 186.0 Canterbury Woods (CW1)
Canterbury Woods,Week1,Little Rocky Run,Week5,312.0 Little Rocky Run - 85.0 Canterbury Woods
Canterbury Woods,Week4,Highland Park,Week5,240.0 Highland Park - 162.0 Canterbury Woods
Canterbury Woods,Week5,Canterbury Woods,Week3,212.0 Canterbury Woods (CW2) - 189.0 Canterbury Woods (CW1)
Cardinal Hill,Week5,Mount Vernon Park,Week2,213.0 Mount Vernon Park - 189.0 Cardinal Hill
Canterbury Woods,Week3,Canterbury Woods,Week5,212.0 Canterbury Woods (CW1) - 189.0 Canterbury Woods (CW2)
Canterbury Woods,Week1,Long Branch,Week2,216.0 Long Branch - 186.0 Canterbury Woods
Cardinal Hill,Week5,Hunter Mill,Week2,212.0 Cardinal Hill - 190.0 Hunter Mill
Canterbury Woods,Week5,Highland Park,Week2,248.0 Highland Park - 154.0 Canterbury Woods
Cardinal Hill,Week1,Mount Vernon Park,Week3,209.0 Mount Vernon Park - 193.0 Cardinal Hill
Cardinal Hill,Week5,Dowden Terrace,Week2,240.0 Cardinal Hill - 162.0 Dowden Terrace
Canterbury Woods,Week4,Little Rocky Run,Week2,257.0 Little Rocky Run - 145.0 Canterbury Woods
Canterbury Woods,Week1,Cardinal Hill,Week2,277.0 Cardinal Hill - 120.0 Canterbury Woods
Cardinal Hill,Week2,Shouse Village,Week1,236.0 Cardinal Hill - 166.0 Shouse Village
Cardinal Hill,Week4,Donaldson Run,Week5,264.0 Donaldson Run - 138.0 Cardinal Hill
Cardinal Hill,Week4,Mount Vernon Park,Week4,208.0 Mount Vernon Park - 194.0 Cardinal Hill
Cardinal Hill,Week1,Shouse Village,Week1,263.0 Cardinal Hill - 139.0 Shouse Village
Cardinal Hill,Week3,Dowden Terrace,Week2,272.0 Cardinal Hill - 130.0 Dowden Terrace
Cardinal Hill,Week1,Ilda Community,Week3,321.0 Cardinal Hill - 81.0 Ilda Community
Canterbury Woods,Week2,Highlands Swim,Week4,322.0 Highlands Swim - 80.0 Canterbury Woods
Canterbury Woods,Week2,Highlands Swim,Week1,334.0 Highlands Swim - 68.0 Canterbury Woods
Cardinal Hill,Week2,Hunter Mill,Week2,218.0 Hunter Mill - 184.0 Cardinal Hill
Cardinal Hill,Week4,Mount Vernon Park,Week5,230.0 Mount Vernon Park - 172.0 Cardinal Hill
Cardinal Hill,Week3,Hunter Mill,Week5,222.0 Cardinal Hill - 180.0 Hunter Mill
Canterbury Woods,Week2,Long Branch,Week5,224.0 Long Branch - 177.0 Canterbury Woods
Cardinal Hill,Week5,Donaldson Run,Week5,268.0 Donaldson Run - 134.0 Cardinal Hill
Cardinal Hill,Week1,North Springfield,Week3,336.0 Cardinal Hill - 61.0 North Springfield
Cardinal Hill,Week2,Dowden Terrace,Week4,218.0 Cardinal Hill - 179.0 Dowden Terrace
Cardinal Hill,Week4,Newington Forest,Week2,317.5 Cardinal Hill - 84.5 Newington Forest
Canterbury Woods,Week4,Highland Park,Week4,242.0 Highland Park - 160.0 Canterbury Woods
Canterbury Woods,Week3,Cardinal Hill,Week1,281.0 Cardinal Hill - 121.0 Canterbury Woods
Canterbury Woods,Week4,Cardinal Hill,Week3,290.5 Cardinal Hill - 111.5 Canterbury Woods
Canterbury Woods,Week2,Cardinal Hill,Week2,288.0 Cardinal Hill - 114.0 Canterbury Woods
Canterbury Woods,Week2,Highlands Swim,Week5,336.0 Highlands Swim - 66.0 Canterbury Woods
Canterbury Woods,Week4,Cardinal Hill,Week2,256.0 Cardinal Hill - 146.0 Canterbury Woods
Canterbury Woods,Week4,Highland Park,Week3,225.0 Highland Park - 177.0 Canterbury Woods
Cardinal Hill,Week3,Newington Forest,Week3,343.0 Cardinal Hill - 59.0 Newington Forest
Cardinal Hill,Week2,Dowden Terrace,Week3,256.0 Cardinal Hill - 146.0 Dowden Terrace
Cardinal Hill,Week2,Shouse Village,Week2,255.0 Cardinal Hill - 147.0 Shouse Village
Canterbury Woods,Week4,Highlands Swim,Week1,324.0 Highlands Swim - 78.0 Canterbury Woods
Cardinal Hill,Week5,Donaldson Run,Week2,241.0 Donaldson Run - 161.0 Cardinal Hill
Cardinal Hill,Week2,Shouse Village,Week4,202.0 Shouse Village - 200.0 Cardinal Hill
Cardinal Hill,Week4,Rutherford,Week1,313.0 Cardinal Hill - 89.0 Rutherford
Canterbury Woods,Week2,Long Branch,Week2,218.0 Long Branch - 183.0 Canterbury Woods
Cardinal Hill,Week1,Ilda Community,Week5,328.0 Cardinal Hill - 73.0 Ilda Community
Cardinal Hill,Week2,Ilda Community,Week2,314.5 Cardinal Hill - 87.5 Ilda Community
Cardinal Hill,Week3,Hunter Mill,Week4,230.0 Cardinal Hill - 172.0 Hunter Mill
Canterbury Woods,Week1,Long Branch,Week3,206.0 Long Branch - 196.0 Canterbury Woods
Cardinal Hill,Week4,Newington Forest,Week1,315.0 Cardinal Hill - 87.0 Newington Forest
Cardinal Hill,Week4,Rutherford,Week2,313.0 Cardinal Hill - 89.0 Rutherford
Cardinal Hill,Week2,Hunter Mill,Week5,244.0 Hunter Mill - 158.0 Cardinal Hill
Canterbury Woods,Week5,Chesterbrook,Week4,336.0 Chesterbrook - 66.0 Canterbury Woods
Canterbury Woods,Week4,Highlands Swim,Week4,313.0 Highlands Swim - 89.0 Canterbury Woods
Canterbury Woods,Week5,Highlands Swim,Week1,308.0 Highlands Swim - 94.0 Canterbury Woods
Canterbury Woods,Week5,Cardinal Hill,Week2,265.0 Cardinal Hill - 131.0 Canterbury Woods
Canterbury Woods,Week2,Long Branch,Week1,218.0 Long Branch - 183.0 Canterbury Woods
Cardinal Hill,Week3,Newington Forest,Week5,320.0 Cardinal Hill - 82.0 Newington Forest
Cardinal Hill,Week1,Newington Forest,Week2,325.0 Cardinal Hill - 77.0 Newington Forest
Canterbury Woods,Week4,Cardinal Hill,Week5,253.0 Cardinal Hill - 149.0 Canterbury Woods
Cardinal Hill,Week4,Rutherford,Week3,301.0 Cardinal Hill - 101.0 Rutherford
Cardinal Hill,Week2,Newington Forest,Week3,314.0 Cardinal Hill - 88.0 Newington Forest
Cardinal Hill,Week1,North Springfield,Week1,312.0 Cardinal Hill - 38.0 North Springfield
Cardinal Hill,Week2,Dowden Terrace,Week5,202.0 Dowden Terrace - 200.0 Cardinal Hill
Cardinal Hill,Week2,Ilda Community,Week3,312.0 Cardinal Hill - 85.0 Ilda Community
Cardinal Hill,Week2,Hunter Mill,Week3,225.0 Hunter Mill - 177.0 Cardinal Hill
Canterbury Woods,Week1,Commonwealth,Week1,207.0 Commonwealth - 190.0 Canterbury Woods
Canterbury Woods,Week5,Long Branch,Week2,201.0 Long Branch - 197.0 Canterbury Woods
Cardinal Hill,Week3,Shouse Village,Week2,278.0 Cardinal Hill - 124.0 Shouse Village
Canterbury Woods,Week5,Highlands Swim,Week5,310.0 Highlands Swim - 92.0 Canterbury Woods
Cardinal Hill,Week5,Donaldson Run,Week4,241.5 Donaldson Run - 160.5 Cardinal Hill
Canterbury Woods,Week5,Highlands Swim,Week2,327.0 Highlands Swim - 75.0 Canterbury Woods
Canterbury Woods,Week3,Long Branch,Week5,201.5 Long Branch - 200.5 Canterbury Woods
Canterbury Woods,Week5,Cardinal Hill,Week1,281.0 Cardinal Hill - 121.0 Canterbury Woods
Canterbury Woods,Week5,Highlands Swim,Week4,307.0 Highlands Swim - 95.0 Canterbury Woods
Cardinal Hill,Week4,Hunter Mill,Week3,218.0 Hunter Mill - 184.0 Cardinal Hill
Cardinal Hill,Week5,Rutherford,Week1,306.0 Cardinal Hill - 95.0 Rutherford
Cardinal Hill,Week1,Shouse Village,Week2,279.0 Cardinal Hill - 123.0 Shouse Village
Cardinal Hill,Week4,Hunter Mill,Week2,206.0 Cardinal Hill - 196.0 Hunter Mill
Cardinal Hill,Week1,Newington Forest,Week5,305.0 Cardinal Hill - 97.0 Newington Forest
Cardinal Hill,Week4,Dowden Terrace,Week2,241.0 Cardinal Hill - 161.0 Dowden Terrace
Canterbury Woods,Week5,Highlands Swim,Week3,320.0 Highlands Swim - 82.0 Canterbury Woods
Canterbury Woods,Week3,Chesterbrook,Week1,354.0 Chesterbrook - 48.0 Canterbury Woods
Canterbury Woods,Week1,Long Branch,Week5,226.0 Long Branch - 176.0 Canterbury Woods
Cardinal Hill,Week3,Shouse Village,Week1,269.0 Cardinal Hill - 133.0 Shouse Village
Canterbury Woods,Week2,Mansion House,Week2,273.0 Mansion House - 128.0 Canterbury Woods
Cardinal Hill,Week5,Newington Forest,Week1,318.0 Cardinal Hill - 80.0 Newington Forest
Cardinal Hill,Week4,Dowden Terrace,Week3,255.0 Cardinal Hill - 147.0 Dowden Terrace
Cardinal Hill,Week1,Dowden Terrace,Week1,251.0 Cardinal Hill - 151.0 Dowden Terrace
Cardinal Hill,Week4,Hunter Mill,Week1,219.0 Cardinal Hill - 183.0 Hunter Mill
Canterbury Woods,Week2,Mansion House,Week3,278.0 Mansion House - 124.0 Canterbury Woods
Cardinal Hill,Week1,Dowden Terrace,Week4,257.0 Cardinal Hill - 145.0 Dowden Terrace
Cardinal Hill,Week1,Ilda Community,Week1,318.0 Cardinal Hill - 83.0 Ilda Community
Cardinal Hill,Week1,Newington Forest,Week4,315.0 Cardinal Hill - 87.0 Newington Forest
Canterbury Woods,Week1,Hollin Hills,Week5,239.0 Canterbury Woods - 157.0 Hollin Hills
Canterbury Woods,Week1,Hollin Hills,Week2,248.0 Canterbury Woods - 153.0 Hollin Hills
Canterbury Woods,Week1,Chesterbrook,Week1,343.0 Chesterbrook - 59.0 Canterbury Woods
Canterbury Woods,Week4,Long Branch,Week2,218.0 Canterbury Woods - 184.0 Long Branch
Canterbury Woods,Week1,Hollin Hills,Week4,242.5 Canterbury Woods - 159.5 Hollin Hills
Canterbury Woods,Week5,Long Branch,Week3,207.0 Canterbury Woods - 194.0 Long Branch
Cardinal Hill,Week3,Newington Forest,Week1,342.5 Cardinal Hill - 58.5 Newington Forest
Cardinal Hill,Week3,Hunter Mill,Week1,245.0 Cardinal Hill - 157.0 Hunter Mill
Canterbury Woods,Week2,Chesterbrook,Week5,362.0 Chesterbrook - 40.0 Canterbury Woods
Canterbury Woods,Week4,Long Branch,Week4,213.0 Canterbury Woods - 189.0 Long Branch
Cardinal Hill,Week3,Dowden Terrace,Week4,252.0 Cardinal Hill - 150.0 Dowden Terrace
Canterbury Woods,Week2,Chesterbrook,Week4,346.0 Chesterbrook - 56.0 Canterbury Woods
Cardinal Hill,Week1,Ilda Community,Week2,327.0 Cardinal Hill - 75.0 Ilda Community
Cardinal Hill,Week4,Hunter Mill,Week4,212.0 Hunter Mill - 190.0 Cardinal Hill
Canterbury Woods,Week5,Long Branch,Week5,214.0 Long Branch - 184.0 Canterbury Woods
Canterbury Woods,Week1,Hollin Hills,Week3,251.0 Canterbury Woods - 151.0 Hollin Hills
Cardinal Hill,Week1,Dowden Terrace,Week5,242.5 Cardinal Hill - 159.5 Dowden Terrace
Cardinal Hill,Week5,Donaldson Run,Week1,227.0 Donaldson Run - 175.0 Cardinal Hill
Cardinal Hill,Week1,Dowden Terrace,Week2,265.0 Cardinal Hill - 137.0 Dowden Terrace
Canterbury Woods,Week4,Highlands Swim,Week5,312.0 Highlands Swim - 85.0 Canterbury Woods
Canterbury Woods,Week2,Chesterbrook,Week3,368.0 Chesterbrook - 34.0 Canterbury Woods
Canterbury Woods,Week1,Mansion House,Week2,260.0 Mansion House - 137.0 Canterbury Woods
Canterbury Woods,Week1,Chesterbrook,Week2,351.5 Chesterbrook - 50.5 Canterbury Woods
Cardinal Hill,Week5,Mount Vernon Park,Week4,203.0 Mount Vernon Park - 199.0 Cardinal Hill
Cardinal Hill,Week5,Hunter Mill,Week1,211.0 Cardinal Hill - 191.0 Hunter Mill
Canterbury Woods,Week1,Mansion House,Week4,237.0 Mansion House - 160.0 Canterbury Woods
Canterbury Woods,Week5,Cardinal Hill,Week4,269.0 Cardinal Hill - 133.0 Canterbury Woods
Cardinal Hill,Week2,Newington Forest,Week2,311.0 Cardinal Hill - 89.0 Newington Forest
Cardinal Hill,Week3,Dowden Terrace,Week3,287.0 Cardinal Hill - 115.0 Dowden Terrace
Cardinal Hill,Week2,Newington Forest,Week4,295.0 Cardinal Hill - 107.0 Newington Forest
Cardinal Hill,Week5,Hunter Mill,Week4,215.0 Hunter Mill - 187.0 Cardinal Hill
Cardinal Hill,Week4,Donaldson Run,Week4,236.0 Donaldson Run - 166.0 Cardinal Hill
Canterbury Woods,Week3,Chesterbrook,Week4,358.0 Chesterbrook - 44.0 Canterbury Woods
Canterbury Woods,Week4,Hollin Hills,Week1,262.0 Canterbury Woods - 135.0 Hollin Hills
Canterbury Woods,Week4,Long Branch,Week3,224.0 Canterbury Woods - 178.0 Long Branch
Cardinal Hill,Week3,Hunter Mill,Week3,220.0 Cardinal Hill - 182.0 Hunter Mill
Cardinal Hill,Week3,Newington Forest,Week4,333.5 Cardinal Hill - 68.5 Newington Forest
Canterbury Woods,Week2,Long Branch,Week3,201.0 Canterbury Woods - 201.0 Long Branch
Canterbury Woods,Week2,Mansion House,Week4,259.0 Mansion House - 143.0 Canterbury Woods
Canterbury Woods,Week3,Chesterbrook,Week2,354.0 Chesterbrook - 48.0 Canterbury Woods
Cardinal Hill,Week2,Ilda Community,Week1,307.0 Cardinal Hill - 94.0 Ilda Community
Canterbury Woods,Week1,Mansion House,Week5,271.0 Mansion House - 131.0 Canterbury Woods
Cardinal Hill,Week2,Dowden Terrace,Week1,229.0 Cardinal Hill - 172.0 Dowden Terrace
Canterbury Woods,Week5,Hollin Hills,Week3,258.0 Canterbury Woods - 143.0 Hollin Hills
Cardinal Hill,Week4,Hunter Mill,Week5,224.0 Hunter Mill - 178.0 Cardinal Hill
Canterbury Woods,Week3,Chesterbrook,Week3,371.0 Chesterbrook - 31.0 Canterbury Woods
Cardinal Hill,Week2,Ilda Community,Week5,316.0 Cardinal Hill - 85.0 Ilda Community
Cardinal Hill,Week2,Dowden Terrace,Week2,217.0 Cardinal Hill - 185.0 Dowden Terrace
Canterbury Woods,Week2,Hollin Hills,Week1,239.0 Canterbury Woods - 163.0 Hollin Hills
Canterbury Woods,Week4,Highlands Swim,Week3,319.0 Highlands Swim - 83.0 Canterbury Woods
Cardinal Hill,Week5,Mount Vernon Park,Week5,234.0 Mount Vernon Park - 167.0 Cardinal Hill
Cardinal Hill,Week3,Dowden Terrace,Week1,265.5 Cardinal Hill - 135.5 Dowden Terrace
Cardinal Hill,Week4,Newington Forest,Week5,292.0 Cardinal Hill - 110.0 Newington Forest
Canterbury Woods,Week2,Chesterbrook,Week1,342.0 Chesterbrook - 60.0 Canterbury Woods
Cardinal Hill,Week1,Newington Forest,Week3,327.0 Cardinal Hill - 75.0 Newington Forest
Cardinal Hill,Week5,Newington Forest,Week3,315.0 Cardinal Hill - 87.0 Newington Forest
Canterbury Woods,Week2,Hollin Hills,Week5,246.0 Canterbury Woods - 156.0 Hollin Hills
Cardinal Hill,Week3,Ilda Community,Week3,335.0 Cardinal Hill - 67.0 Ilda Community
Cardinal Hill,Week4,Dowden Terrace,Week1,244.0 Cardinal Hill - 158.0 Dowden Terrace
Canterbury Woods,Week1,Hollin Meadows,Week2,221.0 Hollin Meadows - 181.0 Canterbury Woods
Canterbury Woods,Week1,Hollin Meadows,Week4,249.0 Hollin Meadows - 153.0 Canterbury Woods
Canterbury Woods,Week4,Chesterbrook,Week1,343.0 Chesterbrook - 59.0 Canterbury Woods
Cardinal Hill,Week1,Kent Gardens,Week1,260.0 Cardinal Hill - 142.0 Kent Gardens
Cardinal Hill,Week1,Dowden Terrace,Week3,283.0 Cardinal Hill - 119.0 Dowden Terrace
Canterbury Woods,Week1,Chesterbrook,Week4,351.0 Chesterbrook - 51.0 Canterbury Woods
Cardinal Hill,Week5,Newington Forest,Week2,309.0 Cardinal Hill - 89.0 Newington Forest
Cardinal Hill,Week5,Dowden Terrace,Week1,243.0 Cardinal Hill - 155.0 Dowden Terrace
Canterbury Woods,Week3,Long Branch,Week2,207.0 Canterbury Woods - 195.0 Long Branch
Canterbury Woods,Week2,Mansion House,Week5,287.0 Mansion House - 115.0 Canterbury Woods
Canterbury Woods,Week4,Long Branch,Week1,220.0 Canterbury Woods - 182.0 Long Branch
Canterbury Woods,Week4,Long Branch,Week5,201.0 Canterbury Woods - 201.0 Long Branch
Canterbury Woods,Week4,Chesterbrook,Week4,341.0 Chesterbrook - 61.0 Canterbury Woods
Canterbury Woods,Week1,Hollin Meadows,Week1,244.0 Hollin Meadows - 158.0 Canterbury Woods
Cardinal Hill,Week3,Dowden Terrace,Week5,251.0 Cardinal Hill - 151.0 Dowden Terrace
Cardinal Hill,Week2,Newington Forest,Week5,294.0 Cardinal Hill - 108.0 Newington Forest
Cardinal Hill,Week3,Newington Forest,Week2,340.0 Cardinal Hill - 61.0 Newington Forest
Canterbury Woods,Week3,Hollin Hills,Week2,252.0 Canterbury Woods - 148.0 Hollin Hills
Cardinal Hill,Week3,Ilda Community,Week5,342.0 Cardinal Hill - 60.0 Ilda Community
Canterbury Woods,Week1,Hollin Meadows,Week3,253.0 Hollin Meadows - 149.0 Canterbury Woods
Cardinal Hill,Week3,Ilda Community,Week1,328.0 Cardinal Hill - 74.0 Ilda Community
Canterbury Woods,Week1,Mansion House,Week3,273.0 Mansion House - 129.0 Canterbury Woods
Cardinal Hill,Week1,Newington Forest,Week1,337.5 Cardinal Hill - 64.5 Newington Forest
Cardinal Hill,Week4,Newington Forest,Week3,312.0 Cardinal Hill - 90.0 Newington Forest
Canterbury Woods,Week5,Hollin Hills,Week5,248.0 Canterbury Woods - 148.0 Hollin Hills
Cardinal Hill,Week2,Newington Forest,Week1,314.0 Cardinal Hill - 87.0 Newington Forest
Canterbury Woods,Week2,Long Branch,Week4,229.0 Long Branch - 173.0 Canterbury Woods
Cardinal Hill,Week4,Newington Forest,Week4,313.0 Cardinal Hill - 89.0 Newington Forest
Canterbury Woods,Week3,Chesterbrook,Week5,358.0 Chesterbrook - 44.0 Canterbury Woods
Cardinal Hill,Week4,Dowden Terrace,Week4,227.0 Cardinal Hill - 175.0 Dowden Terrace
Cardinal Hill,Week4,Ilda Community,Week1,312.0 Cardinal Hill - 90.0 Ilda Community
Canterbury Woods,Week5,Cardinal Hill,Week3,295.0 Cardinal Hill - 106.0 Canterbury Woods
Canterbury Woods,Week5,Cardinal Hill,Week5,259.5 Cardinal Hill - 138.5 Canterbury Woods
Cardinal Hill,Week3,Dunn Loring,Week2,205.5 Cardinal Hill - 196.5 Dunn Loring
Canterbury Woods,Week1,Chesterbrook,Week3,368.0 Chesterbrook - 34.0 Canterbury Woods
Cardinal Hill,Week4,Dowden Terrace,Week5,224.0 Cardinal Hill - 178.0 Dowden Terrace
Cardinal Hill,Week3,Ilda Community,Week4,327.0 Cardinal Hill - 75.0 Ilda Community
Canterbury Woods,Week1,Mansion House,Week1,278.0 Mansion House - 119.0 Canterbury Woods
Canterbury Woods,Week2,Chesterbrook,Week2,349.0 Chesterbrook - 53.0 Canterbury Woods
Canterbury Woods,Week4,Chesterbrook,Week3,360.0 Chesterbrook - 42.0 Canterbury Woods
Cardinal Hill,Week3,Kent Gardens,Week5,239.0 Cardinal Hill - 163.0 Kent Gardens
Canterbury Woods,Week1,Chesterbrook,Week5,352.0 Chesterbrook - 50.0 Canterbury Woods
Cardinal Hill,Week5,Newington Forest,Week4,297.0 Cardinal Hill - 105.0 Newington Forest
Cardinal Hill,Week1,Fair Oaks ,Week3,249.0 Cardinal Hill - 153.0 Fair Oaks
Cardinal Hill,Week1,Oakton ,Week2,233.0 Oakton - 169.0 Cardinal Hill
Cardinal Hill,Week3,Kent Gardens,Week2,275.0 Cardinal Hill - 127.0 Kent Gardens
Cardinal Hill,Week1,Kent Gardens,Week4,285.5 Cardinal Hill - 116.5 Kent Gardens
Canterbury Woods,Week5,Long Branch,Week4,207.0 Long Branch - 194.0 Canterbury Woods
Cardinal Hill,Week5,Dunn Loring,Week1,211.0 Cardinal Hill - 191.0 Dunn Loring
Canterbury Woods,Week5,Long Branch,Week1,202.0 Canterbury Woods - 186.0 Long Branch
Cardinal Hill,Week5,Dunn Loring,Week3,221.0 Dunn Loring - 181.0 Cardinal Hill
Canterbury Woods,Week4,Hollin Hills,Week5,260.0 Canterbury Woods - 142.0 Hollin Hills
Canterbury Woods,Week3,Hollin Hills,Week4,256.0 Canterbury Woods - 146.0 Hollin Hills
Cardinal Hill,Week2,Kent Gardens,Week3,243.0 Cardinal Hill - 159.0 Kent Gardens
Cardinal Hill,Week5,North Springfield,Week2,317.0 Cardinal Hill - 71.0 North Springfield
Cardinal Hill,Week5,Dowden Terrace,Week4,237.0 Cardinal Hill - 165.0 Dowden Terrace
Cardinal Hill,Week4,Kent Gardens,Week3,259.0 Cardinal Hill - 143.0 Kent Gardens
Canterbury Woods,Week3,Long Branch,Week3,213.0 Canterbury Woods - 189.0 Long Branch
Canterbury Woods,Week4,Chesterbrook,Week5,341.0 Chesterbrook - 61.0 Canterbury Woods
Canterbury Woods,Week3,Hollin Hills,Week3,254.0 Canterbury Woods - 147.0 Hollin Hills
Canterbury Woods,Week2,Hollin Hills,Week3,245.0 Canterbury Woods - 157.0 Hollin Hills
Canterbury Woods,Week5,Chesterbrook,Week1,332.0 Chesterbrook - 70.0 Canterbury Woods
Canterbury Woods,Week3,Hollin Hills,Week1,252.0 Canterbury Woods - 149.0 Hollin Hills
Canterbury Woods,Week3,Long Branch,Week1,207.0 Canterbury Woods - 195.0 Long Branch
Canterbury Woods,Week3,Long Branch,Week4,209.0 Long Branch - 193.0 Canterbury Woods
Canterbury Woods,Week1,Hollin Meadows,Week5,257.0 Hollin Meadows - 145.0 Canterbury Woods
Cardinal Hill,Week5,Newington Forest,Week5,286.0 Cardinal Hill - 116.0 Newington Forest
Cardinal Hill,Week5,Ilda Community,Week2,329.0 Cardinal Hill - 73.0 Ilda Community
Cardinal Hill,Week1,Dunn Loring,Week4,202.0 Dunn Loring - 200.0 Cardinal Hill
Cardinal Hill,Week1,Dunn Loring,Week1,218.0 Cardinal Hill - 184.0 Dunn Loring
Cardinal Hill,Week1,North Springfield,Week2,338.0 Cardinal Hill - 50.0 North Springfield
Cardinal Hill,Week4,Dunn Loring,Week2,217.0 Dunn Loring - 185.0 Cardinal Hill
Canterbury Woods,Week2,Mantua,Week4,280.0 Mantua - 122.0 Canterbury Woods
Canterbury Woods,Week1,Mantua,Week2,268.5 Mantua - 133.5 Canterbury Woods
Cardinal Hill,Week2,Dunn Loring,Week1,211.5 Dunn Loring - 190.5 Cardinal Hill
Cardinal Hill,Week4,North Springfield,Week1,309.0 Cardinal Hill - 42.0 North Springfield
Canterbury Woods,Week4,Hollin Hills,Week4,265.0 Canterbury Woods - 137.0 Hollin Hills
Cardinal Hill,Week2,Oakton ,Week2,255.0 Oakton - 147.0 Cardinal Hill
Cardinal Hill,Week4,Ilda Community,Week5,322.0 Cardinal Hill - 80.0 Ilda Community
Canterbury Woods,Week3,Mansion House,Week1,272.0 Mansion House - 130.0 Canterbury Woods
Canterbury Woods,Week5,Hollin Hills,Week1,258.0 Canterbury Woods - 144.0 Hollin Hills
Canterbury Woods,Week5,Chesterbrook,Week3,359.0 Chesterbrook - 43.0 Canterbury Woods
Cardinal Hill,Week5,Kent Gardens,Week5,214.0 Cardinal Hill - 188.0 Kent Gardens
Canterbury Woods,Week1,Commonwealth,Week3,226.0 Commonwealth - 175.0 Canterbury Woods
Canterbury Woods,Week5,Chesterbrook,Week5,339.0 Chesterbrook - 62.0 Canterbury Woods
Cardinal Hill,Week5,North Springfield,Week5,297.0 Cardinal Hill - 77.0 North Springfield
Cardinal Hill,Week3,Kent Gardens,Week1,263.0 Cardinal Hill - 139.0 Kent Gardens
Canterbury Woods,Week2,Mansion House,Week1,287.0 Mansion House - 115.0 Canterbury Woods
Cardinal Hill,Week4,North Springfield,Week2,332.0 Cardinal Hill - 56.0 North Springfield
Canterbury Woods,Week2,Hollin Hills,Week4,239.0 Canterbury Woods - 162.0 Hollin Hills
Canterbury Woods,Week3,Hollin Hills,Week5,260.0 Canterbury Woods - 137.0 Hollin Hills
Canterbury Woods,Week4,Chesterbrook,Week2,338.5 Chesterbrook - 63.5 Canterbury Woods
Cardinal Hill,Week3,Dunn Loring,Week4,223.0 Cardinal Hill - 179.0 Dunn Loring
Canterbury Woods,Week5,Chesterbrook,Week2,334.0 Chesterbrook - 68.0 Canterbury Woods
Canterbury Woods,Week3,Mansion House,Week4,248.0 Mansion House - 154.0 Canterbury Woods
Cardinal Hill,Week3,Kent Gardens,Week4,280.0 Cardinal Hill - 122.0 Kent Gardens
Camelot,Week4,Springfield,Week4,322.0 Camelot - 78.0 Springfield
Cardinal Hill,Week4,Dunn Loring,Week5,242.0 Dunn Loring - 160.0 Cardinal Hill
Canterbury Woods,Week4,Mantua,Week4,254.0 Mantua - 148.0 Canterbury Woods
Cardinal Hill,Week5,North Springfield,Week3,313.0 Cardinal Hill - 84.0 North Springfield
Canterbury Woods,Week2,Commonwealth,Week2,218.0 Commonwealth - 184.0 Canterbury Woods
Cardinal Hill,Week2,Dunn Loring,Week5,253.0 Dunn Loring - 149.0 Cardinal Hill
Cardinal Hill,Week2,North Springfield,Week2,314.0 Cardinal Hill - 74.0 North Springfield
Cardinal Hill,Week4,North Springfield,Week5,295.0 Cardinal Hill - 79.0 North Springfield
Cardinal Hill,Week5,Ilda Community,Week3,318.0 Cardinal Hill - 84.0 Ilda Community
Cardinal Hill,Week5,Ilda Community,Week1,315.0 Cardinal Hill - 86.0 Ilda Community
Canterbury Woods,Week1,Holmes Run Acres,Week3,281.0 Holmes Run Acres - 121.0 Canterbury Woods
Canterbury Woods,Week3,Hollin Meadows,Week4,233.0 Hollin Meadows - 169.0 Canterbury Woods
Canterbury Woods,Week3,Mantua,Week5,289.0 Mantua - 113.0 Canterbury Woods
Cardinal Hill,Week2,Kent Gardens,Week2,251.0 Cardinal Hill - 151.0 Kent Gardens
Canterbury Woods,Week5,Hollin Hills,Week4,244.5 Canterbury Woods - 153.5 Hollin Hills
Cardinal Hill,Week5,Dunn Loring,Week5,229.0 Dunn Loring - 173.0 Cardinal Hill
Canterbury Woods,Week3,Mantua,Week3,292.0 Mantua - 110.0 Canterbury Woods
Cardinal Hill,Week2,Dunn Loring,Week2,227.0 Dunn Loring - 175.0 Cardinal Hill
Canterbury Woods,Week4,Hollin Hills,Week2,260.0 Canterbury Woods - 141.0 Hollin Hills
Cardinal Hill,Week1,North Springfield,Week5,303.0 Cardinal Hill - 71.0 North Springfield
Canterbury Woods,Week4,Hollin Hills,Week3,268.0 Canterbury Woods - 134.0 Hollin Hills
Cardinal Hill,Week5,Dunn Loring,Week4,204.0 Cardinal Hill - 198.0 Dunn Loring
Cardinal Hill,Week5,Dunn Loring,Week2,217.0 Dunn Loring - 185.0 Cardinal Hill
Canterbury Woods,Week3,Commonwealth,Week1,212.0 Canterbury Woods - 190.0 Commonwealth
Canterbury Woods,Week3,Commonwealth,Week3,205.0 Commonwealth - 197.0 Canterbury Woods
Canterbury Woods,Week4,Mansion House,Week5,267.0 Mansion House - 135.0 Canterbury Woods
Cardinal Hill,Week4,Kent Gardens,Week4,263.0 Cardinal Hill - 139.0 Kent Gardens
Canterbury Woods,Week3,Commonwealth,Week2,202.0 Commonwealth - 200.0 Canterbury Woods
Canterbury Woods,Week2,Commonwealth,Week4,221.0 Commonwealth - 181.0 Canterbury Woods
Camelot,Week4,Springfield,Week5,343.0 Camelot - 54.0 Springfield
Canterbury Woods,Week1,Commonwealth,Week5,215.0 Commonwealth - 187.0 Canterbury Woods
Canterbury Woods,Week3,Hollin Meadows,Week1,227.0 Hollin Meadows - 175.0 Canterbury Woods
Cardinal Hill,Week4,Ilda Community,Week3,322.0 Cardinal Hill - 80.0 Ilda Community
Cardinal Hill,Week3,North Springfield,Week3,335.0 Cardinal Hill - 62.0 North Springfield
Cardinal Hill,Week2,Kent Gardens,Week5,220.0 Kent Gardens - 182.0 Cardinal Hill
Cardinal Hill,Week4,North Springfield,Week4,338.0 Cardinal Hill - 54.0 North Springfield
Canterbury Woods,Week4,Mantua,Week2,241.0 Mantua - 161.0 Canterbury Woods
Canterbury Woods,Week4,Mansion House,Week1,259.0 Mansion House - 143.0 Canterbury Woods
Cardinal Hill,Week5,Dowden Terrace,Week5,223.0 Cardinal Hill - 179.0 Dowden Terrace
Canterbury Woods,Week5,Hollin Hills,Week2,257.0 Canterbury Woods - 144.0 Hollin Hills
Cardinal Hill,Week5,Ilda Community,Week5,319.0 Cardinal Hill - 81.0 Ilda Community
Cardinal Hill,Week4,North Springfield,Week3,330.0 Cardinal Hill - 67.0 North Springfield
Canterbury Woods,Week4,Hollin Meadows,Week3,241.0 Hollin Meadows - 161.0 Canterbury Woods
Canterbury Woods,Week3,Mansion House,Week2,262.0 Mansion House - 140.0 Canterbury Woods
Canterbury Woods,Week5,Mansion House,Week4,232.0 Mansion House - 164.0 Canterbury Woods
Cardinal Hill,Week5,North Springfield,Week1,300.0 Cardinal Hill - 50.0 North Springfield
Canterbury Woods,Week1,Commonwealth,Week4,213.0 Commonwealth - 187.0 Canterbury Woods
Canterbury Woods,Week2,Commonwealth,Week1,205.0 Commonwealth - 197.0 Canterbury Woods
Cardinal Hill,Week2,Dunn Loring,Week3,244.0 Dunn Loring - 158.0 Cardinal Hill
Canterbury Woods,Week1,Mantua,Week3,304.0 Mantua - 98.0 Canterbury Woods
Cardinal Hill,Week2,Kent Gardens,Week1,217.0 Cardinal Hill - 185.0 Kent Gardens
Cardinal Hill,Week3,Dunn Loring,Week1,228.0 Cardinal Hill - 174.0 Dunn Loring
Canterbury Woods,Week2,Hollin Meadows,Week1,244.0 Hollin Meadows - 158.0 Canterbury Woods
Canterbury Woods,Week5,Mansion House,Week3,264.0 Mansion House - 137.0 Canterbury Woods
Cardinal Hill,Week3,Kent Gardens,Week3,279.0 Cardinal Hill - 123.0 Kent Gardens
Cardinal Hill,Week1,Kent Gardens,Week2,279.0 Cardinal Hill - 123.0 Kent Gardens
Canterbury Woods,Week3,Commonwealth,Week5,207.0 Canterbury Woods - 195.0 Commonwealth
Cardinal Hill,Week3,Dunn Loring,Week3,214.0 Cardinal Hill - 188.0 Dunn Loring
Cardinal Hill,Week2,Dunn Loring,Week4,242.0 Dunn Loring - 160.0 Cardinal Hill
Cardinal Hill,Week2,North Springfield,Week5,277.0 Cardinal Hill - 96.0 North Springfield
Cardinal Hill,Week2,North Springfield,Week4,326.0 Cardinal Hill - 66.0 North Springfield
Cardinal Hill,Week4,Ilda Community,Week4,301.0 Cardinal Hill - 101.0 Ilda Community
Cardinal Hill,Week1,Dunn Loring,Week2,220.0 Dunn Loring - 182.0 Cardinal Hill
Canterbury Woods,Week2,Hollin Meadows,Week4,253.0 Hollin Meadows - 149.0 Canterbury Woods
Cardinal Hill,Week3,North Springfield,Week1,314.0 Cardinal Hill - 37.0 North Springfield
Cardinal Hill,Week1,Dunn Loring,Week3,227.0 Dunn Loring - 175.0 Cardinal Hill
Canterbury Woods,Week2,Hollin Meadows,Week5,248.0 Hollin Meadows - 154.0 Canterbury Woods
Canterbury Woods,Week2,Commonwealth,Week5,217.0 Commonwealth - 185.0 Canterbury Woods
Cardinal Hill,Week3,North Springfield,Week5,305.0 Cardinal Hill - 69.0 North Springfield
Canterbury Woods,Week1,Commonwealth,Week2,224.0 Commonwealth - 178.0 Canterbury Woods
Canterbury Woods,Week3,Hollin Meadows,Week3,223.0 Hollin Meadows - 179.0 Canterbury Woods
Cardinal Hill,Week4,Kent Gardens,Week5,210.0 Cardinal Hill - 192.0 Kent Gardens
Canterbury Woods,Week2,Mantua,Week1,278.0 Mantua - 124.0 Canterbury Woods
Canterbury Woods,Week4,Mansion House,Week2,249.0 Mansion House - 148.0 Canterbury Woods
Canterbury Woods,Week3,Commonwealth,Week4,213.0 Canterbury Woods - 189.0 Commonwealth
Cardinal Hill,Week5,Kent Gardens,Week1,244.0 Cardinal Hill - 158.0 Kent Gardens
Cardinal Hill,Week1,Oakton ,Week1,212.0 Cardinal Hill - 190.0 Oakton
Cardinal Hill,Week5,Ilda Community,Week4,304.0 Cardinal Hill - 98.0 Ilda Community
Canterbury Woods,Week5,Hollin Meadows,Week2,222.0 Hollin Meadows - 180.0 Canterbury Woods
Cardinal Hill,Week3,North Springfield,Week2,336.0 Cardinal Hill - 52.0 North Springfield
Canterbury Woods,Week4,Hollin Meadows,Week4,245.0 Hollin Meadows - 157.0 Canterbury Woods
Camelot,Week5,Wakefield Chapel,Week4,282.0 Wakefield Chapel - 120.0 Camelot
Cardinal Hill,Week4,Ilda Community,Week2,330.0 Cardinal Hill - 72.0 Ilda Community
Camelot,Week3,Wakefield Chapel,Week1,290.0 Wakefield Chapel - 112.0 Camelot
Canterbury Woods,Week2,Hollin Meadows,Week3,258.0 Hollin Meadows - 144.0 Canterbury Woods
Cardinal Hill,Week1,North Springfield,Week4,346.0 Cardinal Hill - 46.0 North Springfield
Cardinal Hill,Week4,Dunn Loring,Week4,215.5 Dunn Loring - 186.5 Cardinal Hill
Cardinal Hill,Week1,Dunn Loring,Week5,218.0 Dunn Loring - 184.0 Cardinal Hill
Canterbury Woods,Week4,Mansion House,Week4,234.0 Mansion House - 168.0 Canterbury Woods
Canterbury Woods,Week2,Commonwealth,Week3,221.0 Commonwealth - 181.0 Canterbury Woods
Canterbury Woods,Week4,Hollin Meadows,Week2,212.0 Hollin Meadows - 190.0 Canterbury Woods
Cardinal Hill,Week5,Dowden Terrace,Week3,248.0 Cardinal Hill - 154.0 Dowden Terrace
Cardinal Hill,Week4,Dunn Loring,Week3,224.0 Dunn Loring - 178.0 Cardinal Hill
Cardinal Hill,Week1,Oakton ,Week3,233.0 Oakton - 169.0 Cardinal Hill
Canterbury Woods,Week5,Mansion House,Week2,254.0 Mansion House - 139.0 Canterbury Woods
Canterbury Woods,Week5,Mansion House,Week5,268.0 Mansion House - 134.0 Canterbury Woods
Camelot,Week2,Walden Glen,Week3,209.5 Camelot - 192.5 Walden Glen
Cardinal Hill,Week1,Kent Gardens,Week5,215.0 Cardinal Hill - 187.0 Kent Gardens
Cardinal Hill,Week1,Oakton ,Week5,232.0 Oakton - 170.0 Cardinal Hill
Canterbury Woods,Week4,Hollin Meadows,Week5,238.0 Hollin Meadows - 164.0 Canterbury Woods
Canterbury Woods,Week3,Mansion House,Week3,266.0 Mansion House - 136.0 Canterbury Woods
Cardinal Hill,Week1,Kent Gardens,Week3,281.0 Cardinal Hill - 121.0 Kent Gardens
Canterbury Woods,Week3,Hollin Meadows,Week5,233.0 Hollin Meadows - 169.0 Canterbury Woods
Camelot,Week2,Walden Glen,Week2,215.0 Camelot - 187.0 Walden Glen
Cardinal Hill,Week2,Oakton ,Week1,219.0 Oakton - 178.0 Cardinal Hill
Cardinal Hill,Week1,Oakton ,Week4,231.0 Oakton - 171.0 Cardinal Hill
Cardinal Hill,Week3,Dunn Loring,Week5,202.0 Cardinal Hill - 200.0 Dunn Loring
Camelot,Week2,Walden Glen,Week5,223.0 Walden Glen - 178.0 Camelot
Cardinal Hill,Week1,Fair Oaks ,Week2,266.0 Cardinal Hill - 136.0 Fair Oaks
Canterbury Woods,Week1,Mantua,Week1,273.0 Mantua - 124.0 Canterbury Woods
Canterbury Woods,Week5,Hollin Meadows,Week5,235.0 Hollin Meadows - 167.0 Canterbury Woods
Canterbury Woods,Week5,Sleepy Hollow Rec,Week4,231.0 Canterbury Woods - 171.0 Sleepy Hollow Rec
Cardinal Hill,Week5,Kent Gardens,Week4,268.0 Cardinal Hill - 134.0 Kent Gardens
Camelot,Week3,Wakefield Chapel,Week3,289.0 Wakefield Chapel - 113.0 Camelot
Camelot,Week4,Walden Glen,Week4,211.0 Walden Glen - 191.0 Camelot
Canterbury Woods,Week2,Mantua,Week2,253.0 Mantua - 149.0 Canterbury Woods
Canterbury Woods,Week3,Mansion House,Week5,278.0 Mansion House - 124.0 Canterbury Woods
Cardinal Hill,Week1,Fair Oaks ,Week5,232.0 Cardinal Hill - 170.0 Fair Oaks
Canterbury Woods,Week1,Holmes Run Acres,Week1,240.0 Holmes Run Acres - 162.0 Canterbury Woods
Cardinal Hill,Week5,North Springfield,Week4,334.0 Cardinal Hill - 58.0 North Springfield
Canterbury Woods,Week1,Mantua,Week5,301.5 Mantua - 100.5 Canterbury Woods
Camelot,Week3,Walden Glen,Week3,203.0 Walden Glen - 199.0 Camelot
Cardinal Hill,Week1,Fair Oaks ,Week4,267.0 Cardinal Hill - 135.0 Fair Oaks
Cardinal Hill,Week5,Kent Gardens,Week3,263.0 Cardinal Hill - 139.0 Kent Gardens
Cardinal Hill,Week2,North Springfield,Week1,295.0 Cardinal Hill - 55.0 North Springfield
Canterbury Woods,Week4,Mansion House,Week3,257.0 Mansion House - 145.0 Canterbury Woods
Canterbury Woods,Week3,Hollin Meadows,Week2,217.0 Hollin Meadows - 185.0 Canterbury Woods
Cardinal Hill,Week3,North Springfield,Week4,347.0 Cardinal Hill - 45.0 North Springfield
Canterbury Woods,Week1,Mantua,Week4,284.0 Mantua - 118.0 Canterbury Woods
Cardinal Hill,Week2,Fair Oaks ,Week1,221.0 Cardinal Hill - 181.0 Fair Oaks
Cardinal Hill,Week4,Kent Gardens,Week2,268.0 Cardinal Hill - 134.0 Kent Gardens
Canterbury Woods,Week4,Hollin Meadows,Week1,233.0 Hollin Meadows - 169.0 Canterbury Woods
Cardinal Hill,Week2,North Springfield,Week3,310.0 Cardinal Hill - 87.0 North Springfield
Camelot,Week3,Walden Glen,Week2,209.0 Camelot - 193.0 Walden Glen
Cardinal Hill,Week2,Kent Gardens,Week4,244.0 Cardinal Hill - 158.0 Kent Gardens
Canterbury Woods,Week5,Mansion House,Week1,261.0 Mansion House - 135.0 Canterbury Woods
Cardinal Hill,Week4,Dunn Loring,Week1,208.0 Cardinal Hill - 194.0 Dunn Loring
Canterbury Woods,Week2,Sleepy Hollow Rec,Week3,209.5 Sleepy Hollow Rec - 192.5 Canterbury Woods
Cardinal Hill,Week5,Kent Gardens,Week2,271.0 Cardinal Hill - 131.0 Kent Gardens
Cardinal Hill,Week1,Fair Oaks ,Week1,241.0 Cardinal Hill - 161.0 Fair Oaks
Canterbury Woods,Week5,Hollin Meadows,Week3,239.0 Hollin Meadows - 162.0 Canterbury Woods
Cardinal Hill,Week4,Kent Gardens,Week1,240.0 Cardinal Hill - 162.0 Kent Gardens
Canterbury Woods,Week2,Mantua,Week3,298.0 Mantua - 104.0 Canterbury Woods
Canterbury Woods,Week2,Mantua,Week5,302.0 Mantua - 100.0 Canterbury Woods
Canterbury Woods,Week2,Somerset-Olde Creek,Week3,277.0 Canterbury Woods - 119.0 Somerset-Olde Creek
Cardinal Hill,Week2,Oakton ,Week5,255.5 Oakton - 146.5 Cardinal Hill
Cardinal Hill,Week2,Oakton ,Week4,239.0 Oakton - 163.0 Cardinal Hill
Cardinal Hill,Week5,Kings Ridge ,Week4,318.0 Cardinal Hill - 84.0 Kings Ridge
Cardinal Hill,Week4,Fair Oaks ,Week3,230.0 Cardinal Hill - 172.0 Fair Oaks
Cardinal Hill,Week3,Oakton ,Week2,220.0 Oakton - 182.0 Cardinal Hill
Canterbury Woods,Week5,Sleepy Hollow Rec,Week1,224.0 Canterbury Woods - 178.0 Sleepy Hollow Rec
Canterbury Woods,Week4,Sleepy Hollow Rec,Week5,220.0 Canterbury Woods - 182.0 Sleepy Hollow Rec
Camelot,Week5,Wakefield Chapel,Week1,282.0 Wakefield Chapel - 120.0 Camelot
Canterbury Woods,Week1,Holmes Run Acres,Week2,241.5 Holmes Run Acres - 160.5 Canterbury Woods
Canterbury Woods,Week5,Hollin Meadows,Week1,238.0 Hollin Meadows - 163.0 Canterbury Woods
Canterbury Woods,Week3,Mantua,Week1,260.0 Mantua - 142.0 Canterbury Woods
Cardinal Hill,Week1,Lake Braddock,Week1,366.0 Cardinal Hill - 36.0 Lake Braddock
Canterbury Woods,Week2,Hollin Meadows,Week2,233.0 Hollin Meadows - 169.0 Canterbury Woods
Canterbury Woods,Week3,Sleepy Hollow Rec,Week2,231.0 Canterbury Woods - 171.0 Sleepy Hollow Rec
Canterbury Woods,Week5,Hollin Meadows,Week4,240.0 Hollin Meadows - 162.0 Canterbury Woods
Cardinal Hill,Week3,Oakton ,Week1,219.0 Cardinal Hill - 183.0 Oakton
Cardinal Hill,Week2,Oakton ,Week3,238.0 Oakton - 164.0 Cardinal Hill
Camelot,Week3,Wakefield Chapel,Week4,285.0 Wakefield Chapel - 117.0 Camelot
Cardinal Hill,Week1,Lake Braddock,Week4,357.0 Cardinal Hill - 45.0 Lake Braddock
Cardinal Hill,Week1,Kings Ridge ,Week1,333.0 Cardinal Hill - 69.0 Kings Ridge
Cardinal Hill,Week5,Fair Oaks ,Week1,244.0 Cardinal Hill - 158.0 Fair Oaks
Camelot,Week3,Walden Glen,Week5,236.0 Walden Glen - 165.0 Camelot
Camelot,Week3,Walden Glen,Week1,231.0 Camelot - 171.0 Walden Glen
Cardinal Hill,Week1,Fairfax,Week4,211.0 Cardinal Hill - 191.0 Fairfax
Cardinal Hill,Week2,Fair Oaks ,Week2,254.0 Cardinal Hill - 148.0 Fair Oaks
Canterbury Woods,Week5,Sleepy Hollow Rec,Week2,231.0 Canterbury Woods - 170.0 Sleepy Hollow Rec
Camelot,Week3,Wakefield Chapel,Week2,289.0 Wakefield Chapel - 113.0 Camelot
Cardinal Hill,Week2,Kings Ridge ,Week4,310.0 Cardinal Hill - 92.0 Kings Ridge
Cardinal Hill,Week2,Fairfax,Week2,231.0 Fairfax - 171.0 Cardinal Hill
Canterbury Woods,Week3,Mantua,Week2,258.0 Mantua - 144.0 Canterbury Woods
Cardinal Hill,Week2,Fair Oaks ,Week3,215.0 Cardinal Hill - 187.0 Fair Oaks
Camelot,Week2,Sully Station II,Week3,289.0 Sully Station II - 113.0 Camelot
Cardinal Hill,Week4,Old Keene Mill,Week2,287.0 Cardinal Hill - 115.0 Old Keene Mill
Camelot,Week3,Wakefield Chapel,Week5,306.0 Wakefield Chapel - 96.0 Camelot
Cardinal Hill,Week5,Kings Ridge ,Week2,325.0 Cardinal Hill - 77.0 Kings Ridge
Canterbury Woods,Week3,Mantua,Week4,276.0 Mantua - 126.0 Canterbury Woods
Canterbury Woods,Week2,McLean,Week4,293.0 McLean - 109.0 Canterbury Woods
Camelot,Week1,Sully Station II,Week3,303.0 Sully Station II - 99.0 Camelot
Cardinal Hill,Week1,Lake Braddock,Week5,340.0 Cardinal Hill - 62.0 Lake Braddock
Cardinal Hill,Week2,Old Keene Mill,Week3,279.0 Cardinal Hill - 123.0 Old Keene Mill
Canterbury Woods,Week4,Mantua,Week1,250.0 Mantua - 152.0 Canterbury Woods
Camelot,Week1,Sully Station II,Week5,293.0 Sully Station II - 109.0 Camelot
Camelot,Week4,Wakefield Chapel,Week5,318.0 Wakefield Chapel - 84.0 Camelot
Cardinal Hill,Week3,Old Keene Mill,Week1,322.0 Cardinal Hill - 80.0 Old Keene Mill
Canterbury Woods,Week3,Sleepy Hollow Rec,Week1,236.0 Canterbury Woods - 161.0 Sleepy Hollow Rec
Cardinal Hill,Week2,Kings Ridge ,Week2,329.0 Cardinal Hill - 73.0 Kings Ridge
Canterbury Woods,Week2,Sleepy Hollow Rec,Week2,210.0 Canterbury Woods - 192.0 Sleepy Hollow Rec
Canterbury Woods,Week3,Sleepy Hollow Rec,Week3,218.0 Canterbury Woods - 184.0 Sleepy Hollow Rec
Camelot,Week4,Wakefield Chapel,Week1,297.0 Wakefield Chapel - 105.0 Camelot
Cardinal Hill,Week2,Fairfax,Week5,263.0 Fairfax - 139.0 Cardinal Hill
Cardinal Hill,Week3,Old Keene Mill,Week5,300.0 Cardinal Hill - 102.0 Old Keene Mill
Canterbury Woods,Week1,Somerset-Olde Creek,Week5,249.0 Canterbury Woods - 152.0 Somerset-Olde Creek
Camelot,Week5,Wakefield Chapel,Week2,284.0 Wakefield Chapel - 118.0 Camelot
Cardinal Hill,Week3,Fair Oaks ,Week4,275.0 Cardinal Hill - 127.0 Fair Oaks
Canterbury Woods,Week4,Mantua,Week3,280.5 Mantua - 121.5 Canterbury Woods
Cardinal Hill,Week4,Kings Ridge ,Week1,325.0 Cardinal Hill - 77.0 Kings Ridge
Camelot,Week1,Sully Station II,Week1,250.0 Sully Station II - 152.0 Camelot
Camelot,Week2,Sully Station II,Week1,235.0 Sully Station II - 167.0 Camelot
Cardinal Hill,Week4,Oakton ,Week4,240.0 Oakton - 162.0 Cardinal Hill
Canterbury Woods,Week2,McLean,Week2,299.5 McLean - 102.5 Canterbury Woods
Cardinal Hill,Week3,Kings Ridge ,Week4,337.0 Cardinal Hill - 65.0 Kings Ridge
Canterbury Woods,Week4,Sleepy Hollow Rec,Week1,245.0 Canterbury Woods - 157.0 Sleepy Hollow Rec
Cardinal Hill,Week2,Fairfax,Week1,212.0 Fairfax - 190.0 Cardinal Hill
Camelot,Week2,Sully Station II,Week4,244.0 Sully Station II - 158.0 Camelot
Canterbury Woods,Week5,Somerset-Olde Creek,Week2,297.0 Canterbury Woods - 96.0 Somerset-Olde Creek
Cardinal Hill,Week4,Fair Oaks ,Week2,269.0 Cardinal Hill - 133.0 Fair Oaks
Camelot,Week4,Wakefield Chapel,Week3,301.0 Wakefield Chapel - 101.0 Camelot
Cardinal Hill,Week3,Fair Oaks ,Week2,293.0 Cardinal Hill - 109.0 Fair Oaks
Cardinal Hill,Week5,Fair Oaks ,Week5,236.0 Cardinal Hill - 166.0 Fair Oaks
Camelot,Week5,Wakefield Chapel,Week5,301.0 Wakefield Chapel - 101.0 Camelot
Canterbury Woods,Week3,Sleepy Hollow Rec,Week4,240.0 Canterbury Woods - 162.0 Sleepy Hollow Rec
Camelot,Week4,Wakefield Chapel,Week4,290.0 Wakefield Chapel - 112.0 Camelot
Canterbury Woods,Week1,McLean,Week5,313.0 McLean - 89.0 Canterbury Woods
Canterbury Woods,Week1,Somerset-Olde Creek,Week4,287.0 Canterbury Woods - 114.0 Somerset-Olde Creek
Camelot,Week4,Stratford,Week2,210.0 Camelot - 192.0 Stratford
Canterbury Woods,Week4,McLean,Week5,298.0 McLean - 104.0 Canterbury Woods
Cardinal Hill,Week4,Oakton ,Week5,248.5 Oakton - 153.5 Cardinal Hill
Cardinal Hill,Week4,Kings Ridge ,Week5,311.0 Cardinal Hill - 91.0 Kings Ridge
Canterbury Woods,Week5,Mantua,Week2,245.0 Mantua - 156.0 Canterbury Woods
Canterbury Woods,Week2,McLean,Week1,302.0 McLean - 100.0 Canterbury Woods
Cardinal Hill,Week2,Kings Ridge ,Week5,301.0 Cardinal Hill - 101.0 Kings Ridge
Cardinal Hill,Week1,Kings Ridge ,Week2,342.0 Cardinal Hill - 60.0 Kings Ridge
Cardinal Hill,Week3,Oakton ,Week5,218.0 Oakton - 184.0 Cardinal Hill
Camelot,Week1,Walden Glen,Week1,231.0 Camelot - 167.0 Walden Glen
Camelot,Week4,Stratford,Week4,203.0 Stratford - 199.0 Camelot
Camelot,Week5,Springfield,Week2,354.0 Camelot - 41.0 Springfield
Cardinal Hill,Week5,Oakton ,Week3,239.0 Oakton - 163.0 Cardinal Hill
Cardinal Hill,Week4,Fairfax,Week2,234.0 Fairfax - 168.0 Cardinal Hill
Camelot,Week5,Wakefield Chapel,Week3,285.0 Wakefield Chapel - 117.0 Camelot
Cardinal Hill,Week1,Fairfax,Week3,209.0 Fairfax - 193.0 Cardinal Hill
Cardinal Hill,Week1,Kings Ridge ,Week5,324.0 Cardinal Hill - 78.0 Kings Ridge
Canterbury Woods,Week5,McLean,Week3,292.5 McLean - 104.5 Canterbury Woods
Camelot,Week2,Sully Station II,Week2,274.0 Sully Station II - 128.0 Camelot
Camelot,Week1,Sully Station II,Week4,242.0 Sully Station II - 160.0 Camelot
Camelot,Week5,Sully Station,Week4,254.0 Sully Station - 148.0 Camelot
Cardinal Hill,Week4,Oakton ,Week3,234.0 Oakton - 168.0 Cardinal Hill
Canterbury Woods,Week2,Somerset-Olde Creek,Week1,262.0 Canterbury Woods - 139.0 Somerset-Olde Creek
Cardinal Hill,Week2,Fair Oaks ,Week5,214.0 Cardinal Hill - 188.0 Fair Oaks
Cardinal Hill,Week5,Oakton ,Week4,231.0 Oakton - 171.0 Cardinal Hill
Camelot,Week1,Walden Glen,Week2,204.5 Camelot - 197.5 Walden Glen
Camelot,Week4,Stratford,Week5,217.0 Camelot - 185.0 Stratford
Canterbury Woods,Week5,Mantua,Week1,245.0 Mantua - 151.0 Canterbury Woods
Cardinal Hill,Week3,Fair Oaks ,Week3,260.0 Cardinal Hill - 142.0 Fair Oaks
Cardinal Hill,Week1,Old Keene Mill,Week2,300.0 Cardinal Hill - 102.0 Old Keene Mill
Canterbury Woods,Week4,Sleepy Hollow Rec,Week2,247.0 Canterbury Woods - 155.0 Sleepy Hollow Rec
Camelot,Week1,Walden Glen,Week5,225.0 Walden Glen - 177.0 Camelot
Canterbury Woods,Week5,Mantua,Week3,287.0 Mantua - 114.0 Canterbury Woods
Camelot,Week3,Sully Station II,Week1,255.0 Sully Station II - 147.0 Camelot
Canterbury Woods,Week3,McLean,Week5,297.0 McLean - 105.0 Canterbury Woods
Cardinal Hill,Week3,Kings Ridge ,Week3,338.0 Cardinal Hill - 64.0 Kings Ridge
Camelot,Week5,Sully Station,Week5,264.0 Sully Station - 138.0 Camelot
Cardinal Hill,Week1,Old Keene Mill,Week4,311.0 Cardinal Hill - 91.0 Old Keene Mill
Camelot,Week1,Walden Glen,Week3,208.0 Camelot - 194.0 Walden Glen
Camelot,Week1,Stratford,Week1,230.0 Camelot - 171.0 Stratford
Cardinal Hill,Week1,Kings Ridge ,Week4,327.0 Cardinal Hill - 75.0 Kings Ridge
Canterbury Woods,Week2,Sleepy Hollow Rec,Week1,221.0 Canterbury Woods - 181.0 Sleepy Hollow Rec
Cardinal Hill,Week2,Old Keene Mill,Week1,297.0 Cardinal Hill - 105.0 Old Keene Mill
Camelot,Week2,Sully Station II,Week5,285.0 Sully Station II - 117.0 Camelot
Cardinal Hill,Week1,Kings Ridge ,Week3,336.0 Cardinal Hill - 65.0 Kings Ridge
Camelot,Week5,Springfield,Week3,348.0 Camelot - 48.0 Springfield
Cardinal Hill,Week1,Old Keene Mill,Week5,286.0 Cardinal Hill - 116.0 Old Keene Mill
Cardinal Hill,Week5,Fair Oaks ,Week4,249.5 Cardinal Hill - 152.5 Fair Oaks
Cardinal Hill,Week3,Kings Ridge ,Week5,330.5 Cardinal Hill - 71.5 Kings Ridge
Canterbury Woods,Week3,McLean,Week4,281.0 McLean - 121.0 Canterbury Woods
Cardinal Hill,Week1,Fairfax,Week2,210.0 Fairfax - 192.0 Cardinal Hill
Canterbury Woods,Week5,Sleepy Hollow Rec,Week5,219.0 Canterbury Woods - 182.0 Sleepy Hollow Rec
Canterbury Woods,Week2,Sleepy Hollow Rec,Week4,226.0 Canterbury Woods - 176.0 Sleepy Hollow Rec
Camelot,Week2,Stratford,Week1,237.0 Camelot - 163.0 Stratford
Camelot,Week1,Sully Station II,Week2,273.0 Sully Station II - 129.0 Camelot
Camelot,Week1,Walden Glen,Week4,214.0 Walden Glen - 188.0 Camelot
Cardinal Hill,Week3,Kings Ridge ,Week2,342.0 Cardinal Hill - 60.0 Kings Ridge
Cardinal Hill,Week3,Fair Oaks ,Week1,271.0 Cardinal Hill - 131.0 Fair Oaks
Canterbury Woods,Week4,Sleepy Hollow Rec,Week4,248.5 Canterbury Woods - 153.5 Sleepy Hollow Rec
Camelot,Week2,Walden Glen,Week1,230.0 Camelot - 172.0 Walden Glen
Cardinal Hill,Week5,Oakton ,Week1,222.0 Oakton - 180.0 Cardinal Hill
Cardinal Hill,Week3,Kings Ridge ,Week1,336.0 Cardinal Hill - 66.0 Kings Ridge
Cardinal Hill,Week4,Fair Oaks ,Week4,263.0 Cardinal Hill - 139.0 Fair Oaks
Cardinal Hill,Week3,Fair Oaks ,Week5,259.0 Cardinal Hill - 143.0 Fair Oaks
Camelot,Week1,Stratford,Week5,201.0 Stratford - 200.0 Camelot
Cardinal Hill,Week2,Old Keene Mill,Week5,277.0 Cardinal Hill - 125.0 Old Keene Mill
Canterbury Woods,Week3,Virginia Run,Week3,248.0 Virginia Run - 154.0 Canterbury Woods
Camelot,Week3,Walden Glen,Week4,216.5 Walden Glen - 184.5 Camelot
Canterbury Woods,Week2,Sleepy Hollow Rec,Week5,206.0 Canterbury Woods - 196.0 Sleepy Hollow Rec
Camelot,Week4,Wakefield Chapel,Week2,295.0 Wakefield Chapel - 107.0 Camelot
Camelot,Week1,Stratford,Week2,209.0 Camelot - 193.0 Stratford
Canterbury Woods,Week1,McLean,Week1,296.0 McLean - 106.0 Canterbury Woods
Cardinal Hill,Week4,Kings Ridge ,Week3,324.0 Cardinal Hill - 78.0 Kings Ridge
Canterbury Woods,Week4,Virginia Run,Week1,254.0 Virginia Run - 148.0 Canterbury Woods
Cardinal Hill,Week3,Oakton ,Week3,202.0 Oakton - 200.0 Cardinal Hill
Cardinal Hill,Week2,Kings Ridge ,Week1,327.0 Cardinal Hill - 75.0 Kings Ridge
Camelot,Week5,Springfield,Week5,357.0 Camelot - 34.0 Springfield
Camelot,Week2,Walden Glen,Week4,204.0 Walden Glen - 197.0 Camelot
Canterbury Woods,Week5,Virginia Run,Week4,252.0 Virginia Run - 150.0 Canterbury Woods
Canterbury Woods,Week5,McLean,Week1,294.0 McLean - 108.0 Canterbury Woods
Canterbury Woods,Week5,Sleepy Hollow Rec,Week3,209.0 Canterbury Woods - 193.0 Sleepy Hollow Rec
Canterbury Woods,Week4,Sleepy Hollow Rec,Week3,233.0 Canterbury Woods - 169.0 Sleepy Hollow Rec
Canterbury Woods,Week4,McLean,Week1,289.0 McLean - 113.0 Canterbury Woods
Cardinal Hill,Week4,Kings Ridge ,Week4,320.0 Cardinal Hill - 82.0 Kings Ridge
Canterbury Woods,Week1,Somerset-Olde Creek,Week1,267.0 Canterbury Woods - 129.0 Somerset-Olde Creek
Canterbury Woods,Week1,Somerset-Olde Creek,Week3,283.0 Canterbury Woods - 113.0 Somerset-Olde Creek
Cardinal Hill,Week3,Old Keene Mill,Week2,311.0 Cardinal Hill - 91.0 Old Keene Mill
Camelot,Week4,Walden Glen,Week1,242.0 Camelot - 159.0 Walden Glen
Camelot,Week4,Walden Glen,Week3,211.0 Camelot - 191.0 Walden Glen
Canterbury Woods,Week1,Wakefield Chapel,Week5,321.0 Wakefield Chapel - 81.0 Canterbury Woods
Cardinal Hill,Week4,Kings Ridge ,Week2,334.0 Cardinal Hill - 68.0 Kings Ridge
Cardinal Hill,Week3,Old Keene Mill,Week4,322.0 Cardinal Hill - 80.0 Old Keene Mill
Camelot,Week3,Stratford,Week1,226.0 Camelot - 174.0 Stratford
Camelot,Week1,Stratford,Week3,202.0 Stratford - 200.0 Camelot
Camelot,Week4,Walden Glen,Week2,224.0 Camelot - 178.0 Walden Glen
Canterbury Woods,Week5,Virginia Run,Week3,262.0 Virginia Run - 140.0 Canterbury Woods
Canterbury Woods,Week3,McLean,Week1,296.0 McLean - 106.0 Canterbury Woods
Canterbury Woods,Week1,Somerset-Olde Creek,Week2,304.0 Canterbury Woods - 92.0 Somerset-Olde Creek
Cardinal Hill,Week4,Fair Oaks ,Week1,241.0 Cardinal Hill - 161.0 Fair Oaks
Cardinal Hill,Week4,Oakton ,Week2,239.0 Oakton - 163.0 Cardinal Hill
Camelot,Week5,Walden Glen,Week3,208.0 Camelot - 194.0 Walden Glen
Cardinal Hill,Week5,Fair Oaks ,Week3,239.0 Cardinal Hill - 163.0 Fair Oaks
Cardinal Hill,Week5,Kings Ridge ,Week3,317.0 Cardinal Hill - 84.0 Kings Ridge
Cardinal Hill,Week3,Fairfax,Week1,211.0 Cardinal Hill - 191.0 Fairfax
Canterbury Woods,Week5,Mantua,Week4,260.0 Mantua - 142.0 Canterbury Woods
Cardinal Hill,Week2,Kings Ridge ,Week3,312.0 Cardinal Hill - 89.0 Kings Ridge
Canterbury Woods,Week1,Wakefield Chapel,Week2,311.0 Wakefield Chapel - 91.0 Canterbury Woods
Cardinal Hill,Week5,Kings Ridge ,Week1,324.0 Cardinal Hill - 78.0 Kings Ridge
Canterbury Woods,Week1,McLean,Week2,304.0 McLean - 98.0 Canterbury Woods
Canterbury Woods,Week3,McLean,Week2,298.0 McLean - 104.0 Canterbury Woods
Cardinal Hill,Week2,Old Keene Mill,Week2,277.0 Cardinal Hill - 125.0 Old Keene Mill
Canterbury Woods,Week2,Virginia Run,Week4,267.0 Virginia Run - 135.0 Canterbury Woods
Camelot,Week3,Stratford,Week3,206.0 Camelot - 196.0 Stratford
Cardinal Hill,Week3,Fairfax,Week2,209.0 Fairfax - 193.0 Cardinal Hill
Canterbury Woods,Week4,Virginia Run,Week5,264.0 Virginia Run - 138.0 Canterbury Woods
Canterbury Woods,Week2,Somerset-Olde Creek,Week2,286.0 Canterbury Woods - 115.0 Somerset-Olde Creek
Camelot,Week5,Walden Glen,Week2,208.0 Camelot - 194.0 Walden Glen
Cardinal Hill,Week1,Fairfax,Week5,228.0 Fairfax - 174.0 Cardinal Hill
Canterbury Woods,Week2,McLean,Week5,304.0 McLean - 98.0 Canterbury Woods
Camelot,Week2,Stratford,Week4,206.0 Camelot - 196.0 Stratford
Camelot,Week3,Stratford,Week2,207.0 Camelot - 195.0 Stratford
Canterbury Woods,Week3,Sleepy Hollow Rec,Week5,221.0 Canterbury Woods - 181.0 Sleepy Hollow Rec
Cardinal Hill,Week1,Old Keene Mill,Week3,311.0 Cardinal Hill - 91.0 Old Keene Mill
Canterbury Woods,Week3,Somerset-Olde Creek,Week2,312.0 Canterbury Woods - 85.0 Somerset-Olde Creek
Canterbury Woods,Week2,McLean,Week3,301.0 McLean - 101.0 Canterbury Woods
Camelot,Week5,Stratford,Week1,248.0 Camelot - 153.0 Stratford
Cardinal Hill,Week1,Lake Braddock,Week2,344.0 Cardinal Hill - 58.0 Lake Braddock
Canterbury Woods,Week4,Mantua,Week5,267.0 Mantua - 135.0 Canterbury Woods
Cardinal Hill,Week1,Fairfax,Week1,203.0 Cardinal Hill - 199.0 Fairfax
Cardinal Hill,Week4,Fair Oaks ,Week5,229.0 Cardinal Hill - 173.0 Fair Oaks
Camelot,Week1,Waynewood,Week1,259.5 Waynewood - 142.5 Camelot
Cardinal Hill,Week5,Fair Oaks ,Week2,266.0 Cardinal Hill - 136.0 Fair Oaks
Camelot,Week3,Stratford,Week4,209.0 Stratford - 193.0 Camelot
Canterbury Woods,Week3,Virginia Run,Week2,245.0 Virginia Run - 157.0 Canterbury Woods
Cardinal Hill,Week2,Fair Oaks ,Week4,245.0 Cardinal Hill - 157.0 Fair Oaks
Cardinal Hill,Week3,Oakton ,Week4,205.0 Cardinal Hill - 197.0 Oakton
Canterbury Woods,Week2,Somerset-Olde Creek,Week4,271.0 Canterbury Woods - 130.0 Somerset-Olde Creek
Canterbury Woods,Week1,McLean,Week4,290.5 McLean - 111.5 Canterbury Woods
Cardinal Hill,Week5,Oakton ,Week2,236.0 Oakton - 166.0 Cardinal Hill
Cardinal Hill,Week5,Oakton ,Week5,239.0 Oakton - 163.0 Cardinal Hill
Canterbury Woods,Week1,Wakefield Chapel,Week1,307.0 Wakefield Chapel - 95.0 Canterbury Woods
Camelot,Week4,Stratford,Week3,224.0 Camelot - 178.0 Stratford
Camelot,Week5,Springfield,Week4,337.0 Camelot - 59.0 Springfield
Cardinal Hill,Week4,Oakton ,Week1,222.5 Oakton - 179.5 Cardinal Hill
Canterbury Woods,Week3,McLean,Week3,294.0 McLean - 108.0 Canterbury Woods
Cardinal Hill,Week1,Lake Braddock,Week3,346.0 Cardinal Hill - 56.0 Lake Braddock
Canterbury Woods,Week3,Wakefield Chapel,Week2,298.0 Wakefield Chapel - 104.0 Canterbury Woods
Cardinal Hill,Week2,Fairfax,Week3,236.0 Fairfax - 166.0 Cardinal Hill
Canterbury Woods,Week2,Virginia Run,Week2,260.0 Virginia Run - 142.0 Canterbury Woods
Camelot,Week5,Walden Glen,Week5,210.0 Walden Glen - 192.0 Camelot
Canterbury Woods,Week3,Somerset-Olde Creek,Week1,279.0 Canterbury Woods - 123.0 Somerset-Olde Creek
Camelot,Week5,Walden Glen,Week4,205.0 Camelot - 197.0 Walden Glen
Cardinal Hill,Week5,Kings Ridge ,Week5,307.0 Cardinal Hill - 95.0 Kings Ridge
Cardinal Hill,Week3,Lake Braddock,Week5,343.0 Cardinal Hill - 59.0 Lake Braddock
Camelot,Week1,Waynewood,Week4,259.0 Waynewood - 143.0 Camelot
Canterbury Woods,Week3,Somerset-Olde Creek,Week3,303.0 Canterbury Woods - 94.0 Somerset-Olde Creek
Cardinal Hill,Week2,Fairfax,Week4,237.5 Fairfax - 164.5 Cardinal Hill
Canterbury Woods,Week1,McLean,Week3,297.0 McLean - 100.0 Canterbury Woods
Camelot,Week5,Walden Glen,Week1,237.0 Camelot - 165.0 Walden Glen
Cardinal Hill,Week2,Old Keene Mill,Week4,289.0 Cardinal Hill - 113.0 Old Keene Mill
Canterbury Woods,Week1,Virginia Run,Week5,287.0 Virginia Run - 115.0 Canterbury Woods
Canterbury Woods,Week4,Somerset-Olde Creek,Week1,291.0 Canterbury Woods - 111.0 Somerset-Olde Creek
Cardinal Hill,Week3,Fairfax,Week3,214.0 Fairfax - 188.0 Cardinal Hill
Camelot,Week2,Stratford,Week2,217.0 Camelot - 185.0 Stratford
Cardinal Hill,Week1,Old Keene Mill,Week1,319.0 Cardinal Hill - 83.0 Old Keene Mill
Camelot,Week1,Waynewood,Week5,290.0 Waynewood - 112.0 Camelot
Canterbury Woods,Week5,Mantua,Week5,272.0 Mantua - 129.0 Canterbury Woods
Cardinal Hill,Week5,Lake Braddock,Week4,338.0 Cardinal Hill - 64.0 Lake Braddock
Camelot,Week2,Stratford,Week5,218.0 Camelot - 184.0 Stratford
Cardinal Hill,Week3,Fairfax,Week5,223.0 Fairfax - 179.0 Cardinal Hill
Cardinal Hill,Week2,Lake Braddock,Week3,327.0 Cardinal Hill - 75.0 Lake Braddock
Canterbury Woods,Week2,Wakefield Chapel,Week1,312.0 Wakefield Chapel - 90.0 Canterbury Woods
Camelot,Week1,Stratford,Week4,219.0 Stratford - 183.0 Camelot
Cardinal Hill,Week3,Lake Braddock,Week4,352.0 Cardinal Hill - 50.0 Lake Braddock
Camelot,Week1,Waynewood,Week2,259.0 Waynewood - 143.0 Camelot
Canterbury Woods,Week2,Virginia Run,Week3,264.0 Virginia Run - 138.0 Canterbury Woods
Canterbury Woods,Week4,Somerset-Olde Creek,Week3,301.0 Canterbury Woods - 101.0 Somerset-Olde Creek
Canterbury Woods,Week5,Virginia Run,Week2,232.0 Virginia Run - 165.0 Canterbury Woods
Canterbury Woods,Week4,McLean,Week3,287.5 McLean - 114.5 Canterbury Woods
Camelot,Week5,Stratford,Week2,231.0 Camelot - 171.0 Stratford
Canterbury Woods,Week3,Somerset-Olde Creek,Week4,297.0 Canterbury Woods - 105.0 Somerset-Olde Creek
Cardinal Hill,Week3,Old Keene Mill,Week3,311.0 Cardinal Hill - 91.0 Old Keene Mill
Canterbury Woods,Week4,McLean,Week4,277.0 McLean - 125.0 Canterbury Woods
Camelot,Week2,Waynewood,Week1,252.0 Waynewood - 150.0 Camelot
Cardinal Hill,Week5,Old Keene Mill,Week3,295.0 Cardinal Hill - 107.0 Old Keene Mill
Canterbury Woods,Week5,McLean,Week4,281.0 McLean - 116.0 Canterbury Woods
Cardinal Hill,Week4,Fairfax,Week1,225.0 Fairfax - 177.0 Cardinal Hill
Cardinal Hill,Week1,Fairfax Club Estates,Week1,292.0 Cardinal Hill - 110.0 Fairfax Club Estates
Canterbury Woods,Week4,Mosby Woods,Week5,279.0 Mosby Woods - 123.0 Canterbury Woods
Cardinal Hill,Week4,Old Keene Mill,Week1,310.0 Cardinal Hill - 92.0 Old Keene Mill
Canterbury Woods,Week5,Somerset-Olde Creek,Week1,273.0 Canterbury Woods - 120.0 Somerset-Olde Creek
Canterbury Woods,Week4,Virginia Run,Week3,236.0 Virginia Run - 166.0 Canterbury Woods
Cardinal Hill,Week1,Orange Hunt,Week3,227.0 Cardinal Hill - 175.0 Orange Hunt
Canterbury Woods,Week3,Virginia Run,Week4,254.0 Virginia Run - 148.0 Canterbury Woods
Cardinal Hill,Week4,Lakevale Estates,Week1,216.0 Lakevale Estates - 186.0 Cardinal Hill
Camelot,Week2,Waynewood,Week3,274.0 Waynewood - 128.0 Camelot
Camelot,Week2,Stratford,Week3,213.0 Camelot - 189.0 Stratford
Canterbury Woods,Week4,Virginia Run,Week4,243.0 Virginia Run - 159.0 Canterbury Woods
Canterbury Woods,Week3,Somerset-Olde Creek,Week5,282.0 Canterbury Woods - 120.0 Somerset-Olde Creek
Canterbury Woods,Week2,Virginia Run,Week5,282.0 Virginia Run - 120.0 Canterbury Woods
Canterbury Woods,Week3,Mosby Woods,Week2,291.5 Mosby Woods - 110.5 Canterbury Woods
Canterbury Woods,Week4,Somerset-Olde Creek,Week4,300.0 Canterbury Woods - 102.0 Somerset-Olde Creek
Canterbury Woods,Week4,Somerset-Olde Creek,Week2,313.0 Canterbury Woods - 89.0 Somerset-Olde Creek
Cardinal Hill,Week1,Orange Hunt,Week1,249.0 Cardinal Hill - 153.0 Orange Hunt
Camelot,Week3,Stratford,Week5,204.0 Camelot - 198.0 Stratford
Cardinal Hill,Week4,Lake Braddock,Week5,331.0 Cardinal Hill - 71.0 Lake Braddock
Canterbury Woods,Week5,McLean,Week2,298.0 McLean - 103.0 Canterbury Woods
Camelot,Week1,Waynewood,Week3,287.0 Waynewood - 115.0 Camelot
Cardinal Hill,Week4,Lake Braddock,Week4,338.0 Cardinal Hill - 64.0 Lake Braddock
Cardinal Hill,Week3,Fairfax,Week4,209.0 Cardinal Hill - 193.0 Fairfax
Cardinal Hill,Week3,Lakevale Estates,Week4,224.0 Lakevale Estates - 178.0 Cardinal Hill
Cardinal Hill,Week4,Fairfax,Week3,230.0 Fairfax - 172.0 Cardinal Hill
Cardinal Hill,Week3,Orange Hunt,Week3,236.5 Cardinal Hill - 165.5 Orange Hunt
Cardinal Hill,Week4,Fairfax Club Estates,Week2,294.0 Cardinal Hill - 108.0 Fairfax Club Estates
Camelot,Week4,Stratford,Week1,232.0 Camelot - 169.0 Stratford
Canterbury Woods,Week4,Somerset-Olde Creek,Week5,281.0 Canterbury Woods - 121.0 Somerset-Olde Creek
Canterbury Woods,Week4,McLean,Week2,288.0 McLean - 114.0 Canterbury Woods
Cardinal Hill,Week3,Lake Braddock,Week1,358.0 Cardinal Hill - 44.0 Lake Braddock
Cardinal Hill,Week5,Lake Braddock,Week5,325.0 Cardinal Hill - 77.0 Lake Braddock
Camelot,Week4,Walden Glen,Week5,220.0 Walden Glen - 182.0 Camelot
Cardinal Hill,Week3,Orange Hunt,Week4,253.0 Cardinal Hill - 149.0 Orange Hunt
Canterbury Woods,Week2,Virginia Run,Week1,274.0 Virginia Run - 128.0 Canterbury Woods
Camelot,Week2,Waynewood,Week2,255.0 Waynewood - 147.0 Camelot
Camelot,Week3,Waynewood,Week3,281.0 Waynewood - 121.0 Camelot
Cardinal Hill,Week2,Fairfax Club Estates,Week4,271.0 Cardinal Hill - 131.0 Fairfax Club Estates
Cardinal Hill,Week2,Orange Hunt,Week2,225.0 Cardinal Hill - 177.0 Orange Hunt
Canterbury Woods,Week5,Virginia Run,Week5,267.0 Virginia Run - 135.0 Canterbury Woods
Camelot,Week3,Waynewood,Week2,264.0 Waynewood - 138.0 Camelot
Canterbury Woods,Week1,South Run,Week5,242.0 South Run - 160.0 Canterbury Woods
Cardinal Hill,Week5,Orange Hunt,Week1,224.5 Cardinal Hill - 177.5 Orange Hunt
Canterbury Woods,Week3,Mosby Woods,Week4,262.0 Mosby Woods - 140.0 Canterbury Woods
Canterbury Woods,Week4,Mosby Woods,Week3,277.0 Mosby Woods - 125.0 Canterbury Woods
Cardinal Hill,Week1,Fairfax Club Estates,Week5,283.0 Cardinal Hill - 119.0 Fairfax Club Estates
Cardinal Hill,Week5,Lake Braddock,Week1,343.0 Cardinal Hill - 59.0 Lake Braddock
Canterbury Woods,Week2,Somerset-Olde Creek,Week5,239.0 Canterbury Woods - 162.0 Somerset-Olde Creek
Cardinal Hill,Week1,Lakevale Estates,Week1,212.0 Lakevale Estates - 190.0 Cardinal Hill
Canterbury Woods,Week1,South Run,Week3,226.0 South Run - 176.0 Canterbury Woods
Camelot,Week3,Waynewood,Week1,248.5 Waynewood - 153.5 Camelot
Canterbury Woods,Week1,South Run,Week2,216.0 South Run - 185.0 Canterbury Woods
Cardinal Hill,Week5,Fairfax,Week4,220.0 Fairfax - 181.0 Cardinal Hill
Canterbury Woods,Week1,Mosby Woods,Week1,304.0 Mosby Woods - 98.0 Canterbury Woods
Canterbury Woods,Week2,Wakefield Chapel,Week2,312.0 Wakefield Chapel - 90.0 Canterbury Woods
Canterbury Woods,Week1,Virginia Run,Week4,269.0 Virginia Run - 133.0 Canterbury Woods
Canterbury Woods,Week2,Wakefield Chapel,Week3,317.0 Wakefield Chapel - 85.0 Canterbury Woods
Cardinal Hill,Week5,Fairfax,Week2,232.0 Fairfax - 170.0 Cardinal Hill
Camelot,Week2,Waynewood,Week5,271.0 Waynewood - 131.0 Camelot
Cardinal Hill,Week2,Lake Braddock,Week5,318.0 Cardinal Hill - 84.0 Lake Braddock
Cardinal Hill,Week5,Old Keene Mill,Week1,309.0 Cardinal Hill - 93.0 Old Keene Mill
Canterbury Woods,Week1,Mount Vernon Park,Week4,281.0 Mount Vernon Park - 121.0 Canterbury Woods
Cardinal Hill,Week2,Lakevale Estates,Week4,260.0 Lakevale Estates - 142.0 Cardinal Hill
Cardinal Hill,Week5,Orange Hunt,Week4,217.0 Cardinal Hill - 185.0 Orange Hunt
Camelot,Week2,Waynewood,Week4,253.0 Waynewood - 149.0 Camelot
Cardinal Hill,Week2,Fairfax Club Estates,Week3,280.0 Cardinal Hill - 122.0 Fairfax Club Estates
Canterbury Woods,Week3,Virginia Run,Week1,265.0 Virginia Run - 137.0 Canterbury Woods
Canterbury Woods,Week1,Mount Vernon Park,Week2,279.0 Mount Vernon Park - 123.0 Canterbury Woods
Canterbury Woods,Week5,Somerset-Olde Creek,Week4,281.0 Canterbury Woods - 117.0 Somerset-Olde Creek
Canterbury Woods,Week4,Virginia Run,Week2,229.0 Virginia Run - 173.0 Canterbury Woods
Canterbury Woods,Week1,Wakefield Chapel,Week3,314.0 Wakefield Chapel - 88.0 Canterbury Woods
Cardinal Hill,Week1,Fairfax Club Estates,Week2,300.0 Cardinal Hill - 102.0 Fairfax Club Estates
Canterbury Woods,Week3,Virginia Run,Week5,276.0 Virginia Run - 126.0 Canterbury Woods
Cardinal Hill,Week3,Orange Hunt,Week1,263.0 Cardinal Hill - 139.0 Orange Hunt
Cardinal Hill,Week3,Fairfax Club Estates,Week1,303.0 Cardinal Hill - 99.0 Fairfax Club Estates
Cardinal Hill,Week2,Lake Braddock,Week2,321.0 Cardinal Hill - 81.0 Lake Braddock
Canterbury Woods,Week1,South Run,Week4,215.0 South Run - 187.0 Canterbury Woods
Canterbury Woods,Week1,Mosby Woods,Week3,293.0 Mosby Woods - 109.0 Canterbury Woods
Cardinal Hill,Week3,Lake Braddock,Week3,346.0 Cardinal Hill - 56.0 Lake Braddock
Canterbury Woods,Week2,South Run,Week3,229.0 South Run - 172.0 Canterbury Woods
Cardinal Hill,Week2,Lake Braddock,Week1,338.0 Cardinal Hill - 64.0 Lake Braddock
Canterbury Woods,Week5,Virginia Run,Week1,256.0 Virginia Run - 146.0 Canterbury Woods
Camelot,Week5,Tuckahoe,Week3,340.0 Tuckahoe - 62.0 Camelot
Cardinal Hill,Week4,Fairfax,Week4,222.0 Fairfax - 180.0 Cardinal Hill
Canterbury Woods,Week5,Mosby Woods,Week1,288.0 Mosby Woods - 114.0 Canterbury Woods
Canterbury Woods,Week2,South Run,Week5,248.0 South Run - 154.0 Canterbury Woods
Canterbury Woods,Week4,Mosby Woods,Week2,291.0 Mosby Woods - 111.0 Canterbury Woods
Camelot,Week1,Tuckahoe,Week2,325.0 Tuckahoe - 77.0 Camelot
Cardinal Hill,Week5,Lake Braddock,Week3,334.0 Cardinal Hill - 68.0 Lake Braddock
Camelot,Week1,Vienna Aquatic,Week1,307.5 Vienna Aquatic - 94.5 Camelot
Cardinal Hill,Week2,Fairfax Club Estates,Week2,288.0 Cardinal Hill - 114.0 Fairfax Club Estates
Canterbury Woods,Week3,Mosby Woods,Week1,290.0 Mosby Woods - 112.0 Canterbury Woods
Cardinal Hill,Week5,Old Keene Mill,Week4,300.0 Cardinal Hill - 102.0 Old Keene Mill
Cardinal Hill,Week5,Orange Hunt,Week3,213.0 Cardinal Hill - 189.0 Orange Hunt
Canterbury Woods,Week2,South Run,Week1,225.5 South Run - 166.5 Canterbury Woods
Cardinal Hill,Week5,Orange Hunt,Week5,203.0 Cardinal Hill - 199.0 Orange Hunt
Camelot,Week2,Tuckahoe,Week1,319.0 Tuckahoe - 83.0 Camelot
Canterbury Woods,Week3,South Run,Week4,201.0 Canterbury Woods - 201.0 South Run
Cardinal Hill,Week5,Fairfax,Week1,220.0 Fairfax - 182.0 Cardinal Hill
Canterbury Woods,Week3,South Run,Week1,206.0 South Run - 182.0 Canterbury Woods
Camelot,Week5,Tuckahoe,Week2,327.0 Tuckahoe - 75.0 Camelot
Cardinal Hill,Week2,Lakevale Estates,Week2,240.0 Lakevale Estates - 162.0 Cardinal Hill
Cardinal Hill,Week1,Fairfax Club Estates,Week4,281.0 Cardinal Hill - 121.0 Fairfax Club Estates
Canterbury Woods,Week1,Mosby Woods,Week4,286.0 Mosby Woods - 116.0 Canterbury Woods
Cardinal Hill,Week4,Fairfax,Week5,241.5 Fairfax - 160.5 Cardinal Hill
Cardinal Hill,Week3,Fairfax Club Estates,Week2,307.0 Cardinal Hill - 95.0 Fairfax Club Estates
Cardinal Hill,Week2,Lakevale Estates,Week5,264.0 Lakevale Estates - 138.0 Cardinal Hill
Canterbury Woods,Week2,Mosby Woods,Week2,295.0 Mosby Woods - 107.0 Canterbury Woods
Canterbury Woods,Week2,Wakefield Chapel,Week5,321.0 Wakefield Chapel - 81.0 Canterbury Woods
Cardinal Hill,Week1,Lakevale Estates,Week2,214.0 Lakevale Estates - 188.0 Cardinal Hill
Camelot,Week2,Truro,Week1,229.0 Camelot - 172.0 Truro
Canterbury Woods,Week2,Wakefield Chapel,Week4,306.0 Wakefield Chapel - 96.0 Canterbury Woods
Canterbury Woods,Week1,Wakefield Chapel,Week4,303.0 Wakefield Chapel - 99.0 Canterbury Woods
Camelot,Week1,Tuckahoe,Week1,323.0 Tuckahoe - 79.0 Camelot
Canterbury Woods,Week5,Mosby Woods,Week2,277.0 Mosby Woods - 125.0 Canterbury Woods
Canterbury Woods,Week4,South Run,Week1,204.0 South Run - 189.0 Canterbury Woods
Cardinal Hill,Week5,Fairfax,Week3,234.0 Fairfax - 167.0 Cardinal Hill
Canterbury Woods,Week3,Wakefield Chapel,Week1,303.0 Wakefield Chapel - 99.0 Canterbury Woods
Canterbury Woods,Week4,Mosby Woods,Week4,258.0 Mosby Woods - 144.0 Canterbury Woods
Camelot,Week5,Sully Station II,Week5,293.0 Sully Station II - 109.0 Camelot
Cardinal Hill,Week4,Old Keene Mill,Week5,283.0 Cardinal Hill - 119.0 Old Keene Mill
Cardinal Hill,Week1,Orange Hunt,Week4,227.0 Cardinal Hill - 175.0 Orange Hunt
Camelot,Week1,Tuckahoe,Week5,333.0 Tuckahoe - 69.0 Camelot
Cardinal Hill,Week3,Lake Braddock,Week2,341.0 Cardinal Hill - 61.0 Lake Braddock
Cardinal Hill,Week5,Old Keene Mill,Week5,281.0 Cardinal Hill - 121.0 Old Keene Mill
Canterbury Woods,Week1,South Run,Week1,226.0 South Run - 167.0 Canterbury Woods
Canterbury Woods,Week5,Mosby Woods,Week3,278.0 Mosby Woods - 123.0 Canterbury Woods
Canterbury Woods,Week2,South Run,Week2,217.0 South Run - 184.0 Canterbury Woods
Canterbury Woods,Week3,South Run,Week5,225.0 South Run - 177.0 Canterbury Woods
Cardinal Hill,Week4,Lake Braddock,Week1,345.0 Cardinal Hill - 57.0 Lake Braddock
Cardinal Hill,Week1,Overlee,Week1,270.0 Overlee - 132.0 Cardinal Hill
Camelot,Week3,Tuckahoe,Week3,337.0 Tuckahoe - 65.0 Camelot
Canterbury Woods,Week3,Walden Glen,Week4,207.0 Walden Glen - 195.0 Canterbury Woods
Cardinal Hill,Week2,Orange Hunt,Week5,208.0 Orange Hunt - 194.0 Cardinal Hill
Cardinal Hill,Week1,Lakevale Estates,Week5,242.5 Lakevale Estates - 159.5 Cardinal Hill
Cardinal Hill,Week5,Old Keene Mill,Week2,291.0 Cardinal Hill - 111.0 Old Keene Mill
Cardinal Hill,Week2,Orange Hunt,Week3,202.0 Cardinal Hill - 200.0 Orange Hunt
Canterbury Woods,Week1,Mount Vernon Park,Week3,287.5 Mount Vernon Park - 114.5 Canterbury Woods
Cardinal Hill,Week2,Orange Hunt,Week1,215.0 Cardinal Hill - 187.0 Orange Hunt
Canterbury Woods,Week3,South Run,Week3,207.5 South Run - 194.5 Canterbury Woods
Canterbury Woods,Week5,Wakefield Chapel,Week1,297.0 Wakefield Chapel - 105.0 Canterbury Woods
Camelot,Week5,Tuckahoe,Week1,321.0 Tuckahoe - 81.0 Camelot
Canterbury Woods,Week5,Wakefield Chapel,Week5,313.5 Wakefield Chapel - 88.5 Canterbury Woods
Canterbury Woods,Week3,Wakefield Chapel,Week3,307.0 Wakefield Chapel - 95.0 Canterbury Woods
Camelot,Week4,Truro,Week4,208.0 Camelot - 194.0 Truro
Cardinal Hill,Week4,Lake Braddock,Week2,329.0 Cardinal Hill - 73.0 Lake Braddock
Cardinal Hill,Week5,Lake Braddock,Week2,328.0 Cardinal Hill - 74.0 Lake Braddock
Canterbury Woods,Week3,Walden Glen,Week3,211.0 Canterbury Woods - 191.0 Walden Glen
Cardinal Hill,Week1,Fairfax Club Estates,Week3,294.0 Cardinal Hill - 108.0 Fairfax Club Estates
Cardinal Hill,Week2,Orange Hunt,Week4,209.0 Cardinal Hill - 193.0 Orange Hunt
Camelot,Week2,Tuckahoe,Week2,327.0 Tuckahoe - 75.0 Camelot
Camelot,Week1,Tuckahoe,Week3,338.0 Tuckahoe - 64.0 Camelot
Canterbury Woods,Week5,Mosby Woods,Week4,271.0 Mosby Woods - 131.0 Canterbury Woods
Camelot,Week2,Tuckahoe,Week5,326.0 Tuckahoe - 76.0 Camelot
Canterbury Woods,Week1,Mosby Woods,Week5,291.0 Mosby Woods - 111.0 Canterbury Woods
Canterbury Woods,Week2,South Run,Week4,225.0 South Run - 171.0 Canterbury Woods
Cardinal Hill,Week4,Lake Braddock,Week3,339.0 Cardinal Hill - 63.0 Lake Braddock
Cardinal Hill,Week2,Fairfax Club Estates,Week5,277.0 Cardinal Hill - 124.0 Fairfax Club Estates
Canterbury Woods,Week2,Mosby Woods,Week1,299.0 Mosby Woods - 103.0 Canterbury Woods
Camelot,Week3,Truro,Week2,225.0 Camelot - 176.0 Truro
Cardinal Hill,Week3,Fairfax Club Estates,Week3,299.0 Cardinal Hill - 103.0 Fairfax Club Estates
Camelot,Week3,Tuckahoe,Week4,332.5 Tuckahoe - 69.5 Camelot
Camelot,Week2,Truro,Week4,215.0 Camelot - 187.0 Truro
Canterbury Woods,Week4,South Run,Week3,202.0 South Run - 200.0 Canterbury Woods
Cardinal Hill,Week2,Lake Braddock,Week4,330.0 Cardinal Hill - 72.0 Lake Braddock
Cardinal Hill,Week3,Fairfax Club Estates,Week4,291.0 Cardinal Hill - 111.0 Fairfax Club Estates
Cardinal Hill,Week1,Orange Hunt,Week2,238.0 Cardinal Hill - 164.0 Orange Hunt
Camelot,Week4,Truro,Week5,208.0 Camelot - 194.0 Truro
Canterbury Woods,Week3,South Run,Week2,205.0 South Run - 192.0 Canterbury Woods
Canterbury Woods,Week5,Somerset-Olde Creek,Week3,288.0 Canterbury Woods - 100.0 Somerset-Olde Creek
Cardinal Hill,Week1,Lakevale Estates,Week4,246.0 Lakevale Estates - 156.0 Cardinal Hill
Canterbury Woods,Week5,McLean,Week5,294.0 McLean - 108.0 Canterbury Woods
Cardinal Hill,Week1,Lakevale Estates,Week3,220.0 Lakevale Estates - 182.0 Cardinal Hill
Canterbury Woods,Week2,Walden Glen,Week1,213.0 Canterbury Woods - 189.0 Walden Glen
Canterbury Woods,Week4,Wakefield Chapel,Week4,278.0 Wakefield Chapel - 124.0 Canterbury Woods
Cardinal Hill,Week4,Old Keene Mill,Week4,307.0 Cardinal Hill - 95.0 Old Keene Mill
Camelot,Week1,Truro,Week3,222.0 Camelot - 180.0 Truro
Cardinal Hill,Week4,Fairfax Club Estates,Week1,281.0 Cardinal Hill - 121.0 Fairfax Club Estates
Camelot,Week2,Truro,Week2,228.0 Camelot - 173.0 Truro
Camelot,Week1,Truro,Week1,222.0 Camelot - 180.0 Truro
Canterbury Woods,Week4,South Run,Week2,209.0 Canterbury Woods - 193.0 South Run
Canterbury Woods,Week2,Mosby Woods,Week3,300.0 Mosby Woods - 102.0 Canterbury Woods
Cardinal Hill,Week3,Fairfax Club Estates,Week5,293.0 Cardinal Hill - 108.0 Fairfax Club Estates
Canterbury Woods,Week3,Mosby Woods,Week5,284.0 Mosby Woods - 118.0 Canterbury Woods
Camelot,Week4,Tuckahoe,Week1,332.0 Tuckahoe - 70.0 Camelot
Canterbury Woods,Week2,Mosby Woods,Week5,290.0 Mosby Woods - 112.0 Canterbury Woods
Canterbury Woods,Week1,Walden Glen,Week3,211.0 Walden Glen - 191.0 Canterbury Woods
Cardinal Hill,Week5,Fairfax,Week5,250.0 Fairfax - 151.0 Cardinal Hill
Cardinal Hill,Week2,Fairfax Club Estates,Week1,287.0 Cardinal Hill - 115.0 Fairfax Club Estates
Canterbury Woods,Week1,Walden Glen,Week4,211.0 Walden Glen - 186.0 Canterbury Woods
Camelot,Week4,Tuckahoe,Week5,347.0 Tuckahoe - 55.0 Camelot
Cardinal Hill,Week2,Lakevale Estates,Week1,216.0 Lakevale Estates - 186.0 Cardinal Hill
Camelot,Week4,Tuckahoe,Week3,349.0 Tuckahoe - 53.0 Camelot
Cardinal Hill,Week4,Old Keene Mill,Week3,306.0 Cardinal Hill - 96.0 Old Keene Mill
Canterbury Woods,Week4,South Run,Week4,202.5 Canterbury Woods - 194.5 South Run
Cardinal Hill,Week1,Orange Hunt,Week5,227.0 Cardinal Hill - 175.0 Orange Hunt
Cardinal Hill,Week3,Orange Hunt,Week5,226.0 Cardinal Hill - 176.0 Orange Hunt
Canterbury Woods,Week4,Parliament,Week3,210.0 Parliament - 192.0 Canterbury Woods
Camelot,Week4,Tuckahoe,Week2,332.0 Tuckahoe - 70.0 Camelot
Camelot,Week3,Tuckahoe,Week1,325.0 Tuckahoe - 77.0 Camelot
Camelot,Week4,Tuckahoe,Week4,339.0 Tuckahoe - 63.0 Camelot
Camelot,Week5,Truro,Week3,237.0 Camelot - 165.0 Truro
Cardinal Hill,Week4,Orange Hunt,Week2,222.5 Cardinal Hill - 179.5 Orange Hunt
Canterbury Woods,Week2,Mosby Woods,Week4,278.0 Mosby Woods - 124.0 Canterbury Woods
Canterbury Woods,Week2,Walden Glen,Week2,202.0 Walden Glen - 200.0 Canterbury Woods
Cardinal Hill,Week2,Fairfax Station,Week5,254.0 Fairfax Station - 148.0 Cardinal Hill
Camelot,Week1,Truro,Week2,230.0 Camelot - 167.0 Truro
Canterbury Woods,Week5,Mosby Woods,Week5,277.0 Mosby Woods - 125.0 Canterbury Woods
Cardinal Hill,Week3,Orange Hunt,Week2,248.0 Cardinal Hill - 154.0 Orange Hunt
Camelot,Week3,Truro,Week1,208.0 Camelot - 193.0 Truro
Cardinal Hill,Week3,Lakevale Estates,Week2,206.0 Cardinal Hill - 196.0 Lakevale Estates
Cardinal Hill,Week4,Fairfax Club Estates,Week5,282.0 Cardinal Hill - 120.0 Fairfax Club Estates
Camelot,Week2,Tuckahoe,Week4,330.0 Tuckahoe - 72.0 Camelot
Cardinal Hill,Week2,Lakevale Estates,Week3,235.0 Lakevale Estates - 162.0 Cardinal Hill
Cardinal Hill,Week4,Orange Hunt,Week1,227.0 Cardinal Hill - 175.0 Orange Hunt
Canterbury Woods,Week3,Mosby Woods,Week3,277.0 Mosby Woods - 125.0 Canterbury Woods
Cardinal Hill,Week3,Lakevale Estates,Week5,216.5 Lakevale Estates - 185.5 Cardinal Hill
Canterbury Woods,Week2,Pinecrest,Week2,309.0 Pinecrest - 93.0 Canterbury Woods
Canterbury Woods,Week2,Pinecrest,Week5,294.0 Pinecrest - 107.0 Canterbury Woods
Cardinal Hill,Week5,Fairfax Club Estates,Week1,285.0 Cardinal Hill - 117.0 Fairfax Club Estates
Canterbury Woods,Week5,Wakefield Chapel,Week2,290.0 Wakefield Chapel - 111.0 Canterbury Woods
Camelot,Week3,Tuckahoe,Week2,322.0 Tuckahoe - 80.0 Camelot
Canterbury Woods,Week5,Parliament,Week1,235.0 Parliament - 162.0 Canterbury Woods
Cardinal Hill,Week3,Lakevale Estates,Week1,217.0 Cardinal Hill - 185.0 Lakevale Estates
Cardinal Hill,Week4,Fairfax Club Estates,Week3,289.0 Cardinal Hill - 113.0 Fairfax Club Estates
Canterbury Woods,Week5,Somerset-Olde Creek,Week5,271.0 Canterbury Woods - 127.0 Somerset-Olde Creek
Cardinal Hill,Week4,Fairfax Club Estates,Week4,275.0 Cardinal Hill - 127.0 Fairfax Club Estates
Canterbury Woods,Week1,Mosby Woods,Week2,298.0 Mosby Woods - 104.0 Canterbury Woods
Camelot,Week5,Truro,Week1,238.0 Camelot - 164.0 Truro
Canterbury Woods,Week4,Mosby Woods,Week1,292.0 Mosby Woods - 110.0 Canterbury Woods
Camelot,Week5,Truro,Week2,248.0 Camelot - 154.0 Truro
Cardinal Hill,Week4,Orange Hunt,Week3,219.0 Cardinal Hill - 183.0 Orange Hunt
Cardinal Hill,Week3,Lakevale Estates,Week3,205.0 Lakevale Estates - 197.0 Cardinal Hill
Canterbury Woods,Week4,Wakefield Chapel,Week2,277.0 Wakefield Chapel - 125.0 Canterbury Woods
Canterbury Woods,Week3,Wakefield Chapel,Week4,299.5 Wakefield Chapel - 102.5 Canterbury Woods
Canterbury Woods,Week1,Walden Glen,Week2,200.0 Walden Glen - 197.0 Canterbury Woods
Canterbury Woods,Week1,Pinecrest,Week3,309.0 Pinecrest - 93.0 Canterbury Woods
Camelot,Week5,Tuckahoe,Week5,330.0 Tuckahoe - 72.0 Camelot
Camelot,Week4,Truro,Week2,236.0 Camelot - 165.0 Truro
Canterbury Woods,Week3,Mount Vernon Park,Week5,285.0 Mount Vernon Park - 117.0 Canterbury Woods
Canterbury Woods,Week3,Wakefield Chapel,Week5,320.0 Wakefield Chapel - 82.0 Canterbury Woods
Camelot,Week2,Tuckahoe,Week3,330.0 Tuckahoe - 72.0 Camelot
Cardinal Hill,Week1,Forest Hollow,Week1,244.0 Cardinal Hill - 158.0 Forest Hollow
Cardinal Hill,Week4,Lakevale Estates,Week4,260.0 Lakevale Estates - 142.0 Cardinal Hill
Cardinal Hill,Week3,Fairfax Station,Week4,203.0 Fairfax Station - 199.0 Cardinal Hill
Camelot,Week2,Truro,Week3,232.0 Camelot - 170.0 Truro
Cardinal Hill,Week5,Orange Hunt,Week2,214.0 Cardinal Hill - 188.0 Orange Hunt
Canterbury Woods,Week4,Wakefield Chapel,Week1,295.0 Wakefield Chapel - 107.0 Canterbury Woods
Canterbury Woods,Week3,Parliament,Week4,212.0 Parliament - 190.0 Canterbury Woods
Canterbury Woods,Week2,Pinecrest,Week1,298.0 Pinecrest - 104.0 Canterbury Woods
Cardinal Hill,Week4,Orange Hunt,Week4,223.0 Cardinal Hill - 179.0 Orange Hunt
Cardinal Hill,Week1,Lakeview,Week1,348.0 Cardinal Hill - 54.0 Lakeview
Canterbury Woods,Week5,Wakefield Chapel,Week4,281.0 Wakefield Chapel - 121.0 Canterbury Woods
Canterbury Woods,Week2,Walden Glen,Week3,206.0 Walden Glen - 196.0 Canterbury Woods
Canterbury Woods,Week1,Mount Vernon Park,Week1,276.0 Mount Vernon Park - 126.0 Canterbury Woods
Cardinal Hill,Week3,Lakeview,Week1,350.0 Cardinal Hill - 52.0 Lakeview
Camelot,Week5,Tuckahoe,Week4,331.0 Tuckahoe - 71.0 Camelot
Cardinal Hill,Week3,Fairfax Station,Week2,201.5 Fairfax Station - 200.5 Cardinal Hill
Cardinal Hill,Week5,Lakevale Estates,Week2,214.0 Lakevale Estates - 188.0 Cardinal Hill
Camelot,Week3,Tuckahoe,Week5,333.0 Tuckahoe - 69.0 Camelot
Cardinal Hill,Week4,Overlee,Week5,326.0 Overlee - 76.0 Cardinal Hill
Camelot,Week3,Truro,Week3,214.0 Camelot - 188.0 Truro
Camelot,Week1,Truro,Week5,214.0 Camelot - 187.0 Truro
Canterbury Woods,Week4,Mount Vernon Park,Week3,281.0 Mount Vernon Park - 121.0 Canterbury Woods
Cardinal Hill,Week3,Fairfax Station,Week3,219.0 Fairfax Station - 183.0 Cardinal Hill
Canterbury Woods,Week1,Newington Forest,Week4,216.0 Canterbury Woods - 186.0 Newington Forest
Cardinal Hill,Week4,Orange Hunt,Week5,205.0 Cardinal Hill - 197.0 Orange Hunt
Camelot,Week3,Truro,Week4,207.0 Camelot - 195.0 Truro
Canterbury Woods,Week5,Parliament,Week5,218.0 Parliament - 178.0 Canterbury Woods
Cardinal Hill,Week2,Overlee,Week4,356.0 Overlee - 46.0 Cardinal Hill
Cardinal Hill,Week1,Parklawn,Week1,315.0 Cardinal Hill - 78.0 Parklawn
Canterbury Woods,Week1,Walden Glen,Week5,245.5 Walden Glen - 156.5 Canterbury Woods
Canterbury Woods,Week2,Walden Glen,Week4,229.0 Walden Glen - 172.0 Canterbury Woods
Cardinal Hill,Week5,Lakevale Estates,Week1,226.5 Lakevale Estates - 175.5 Cardinal Hill
Canterbury Woods,Week4,Wakefield Chapel,Week3,286.0 Wakefield Chapel - 116.0 Canterbury Woods
Cardinal Hill,Week5,Fairfax Club Estates,Week5,272.0 Cardinal Hill - 126.0 Fairfax Club Estates
Cardinal Hill,Week1,Lakeview,Week3,329.0 Cardinal Hill - 73.0 Lakeview
Cardinal Hill,Week5,Fairfax Club Estates,Week2,284.0 Cardinal Hill - 117.0 Fairfax Club Estates
Camelot,Week1,Tuckahoe,Week4,338.0 Tuckahoe - 64.0 Camelot
Canterbury Woods,Week3,Mount Vernon Park,Week4,272.0 Mount Vernon Park - 130.0 Canterbury Woods
Cardinal Hill,Week1,Overlee,Week4,319.0 Overlee - 83.0 Cardinal Hill
Canterbury Woods,Week2,Mount Vernon Park,Week4,293.0 Mount Vernon Park - 109.0 Canterbury Woods
Camelot,Week3,Truro,Week5,204.0 Truro - 197.0 Camelot
Cardinal Hill,Week4,Lakevale Estates,Week2,229.0 Lakevale Estates - 173.0 Cardinal Hill
Cardinal Hill,Week2,Overlee,Week2,321.0 Overlee - 81.0 Cardinal Hill
Canterbury Woods,Week4,Pinecrest,Week2,294.0 Pinecrest - 108.0 Canterbury Woods
Canterbury Woods,Week3,Pinecrest,Week2,296.0 Pinecrest - 106.0 Canterbury Woods
Canterbury Woods,Week5,Wakefield Chapel,Week3,296.0 Wakefield Chapel - 106.0 Canterbury Woods
Cardinal Hill,Week4,Fairfax Station,Week2,223.0 Fairfax Station - 179.0 Cardinal Hill
Cardinal Hill,Week4,Fairfax Station,Week3,224.0 Fairfax Station - 178.0 Cardinal Hill
Cardinal Hill,Week4,Lakevale Estates,Week5,253.0 Lakevale Estates - 149.0 Cardinal Hill
Camelot,Week5,Truro,Week4,222.0 Camelot - 180.0 Truro
Canterbury Woods,Week3,Pinecrest,Week1,271.0 Pinecrest - 131.0 Canterbury Woods
Canterbury Woods,Week3,Mount Vernon Park,Week3,279.0 Mount Vernon Park - 123.0 Canterbury Woods
Camelot,Week5,Truro,Week5,225.0 Camelot - 177.0 Truro
Canterbury Woods,Week4,Parliament,Week2,205.0 Parliament - 197.0 Canterbury Woods
Cardinal Hill,Week2,Fairfax Station,Week1,237.0 Fairfax Station - 165.0 Cardinal Hill
Camelot,Week4,Truro,Week1,217.0 Camelot - 185.0 Truro
Canterbury Woods,Week3,Mount Vernon Park,Week2,262.0 Mount Vernon Park - 140.0 Canterbury Woods
Canterbury Woods,Week1,Pinecrest,Week2,313.0 Pinecrest - 89.0 Canterbury Woods
Camelot,Week4,Truro,Week3,222.0 Camelot - 180.0 Truro
Canterbury Woods,Week2,Mount Vernon Park,Week2,285.0 Mount Vernon Park - 117.0 Canterbury Woods
Cardinal Hill,Week1,Fairfax Station,Week5,244.0 Fairfax Station - 158.0 Cardinal Hill
Cardinal Hill,Week3,Fairfax Station,Week1,210.0 Cardinal Hill - 192.0 Fairfax Station
Canterbury Woods,Week1,Pinewood Lake,Week3,347.0 Canterbury Woods - 49.0 Pinewood Lake
Cardinal Hill,Week5,Lakevale Estates,Week5,250.0 Lakevale Estates - 152.0 Cardinal Hill
Cardinal Hill,Week2,Lakeview,Week2,336.0 Cardinal Hill - 66.0 Lakeview
Canterbury Woods,Week4,Pinecrest,Week3,293.0 Pinecrest - 109.0 Canterbury Woods
Cardinal Hill,Week2,Parklawn,Week2,280.0 Cardinal Hill - 121.0 Parklawn
Canterbury Woods,Week3,Parliament,Week5,223.0 Parliament - 178.0 Canterbury Woods
Cardinal Hill,Week5,Lakevale Estates,Week3,230.0 Lakevale Estates - 172.0 Cardinal Hill
Camelot,Week2,Truro,Week5,214.0 Camelot - 187.0 Truro
Cardinal Hill,Week3,Overlee,Week3,254.0 Overlee - 148.0 Cardinal Hill
Canterbury Woods,Week5,Mount Vernon Park,Week2,264.0 Mount Vernon Park - 138.0 Canterbury Woods
Canterbury Woods,Week5,Parliament,Week4,210.0 Parliament - 187.0 Canterbury Woods
Cardinal Hill,Week1,Overlee,Week5,305.0 Overlee - 97.0 Cardinal Hill
Cardinal Hill,Week1,Fairfax Station,Week4,219.0 Fairfax Station - 183.0 Cardinal Hill
Cardinal Hill,Week2,Lakeview,Week4,309.0 Cardinal Hill - 93.0 Lakeview
Canterbury Woods,Week1,Newington Forest,Week3,224.0 Canterbury Woods - 178.0 Newington Forest
Cardinal Hill,Week1,Lakeview,Week4,322.0 Cardinal Hill - 80.0 Lakeview
Canterbury Woods,Week3,Walden Glen,Week1,236.0 Canterbury Woods - 165.0 Walden Glen
Canterbury Woods,Week3,Walden Glen,Week5,219.0 Walden Glen - 183.0 Canterbury Woods
Canterbury Woods,Week1,Walden Glen,Week1,212.0 Canterbury Woods - 184.0 Walden Glen
Cardinal Hill,Week2,Fairfax Station,Week3,244.0 Fairfax Station - 158.0 Cardinal Hill
Canterbury Woods,Week2,Walden Glen,Week5,247.0 Walden Glen - 154.0 Canterbury Woods
Cardinal Hill,Week1,Fairfax Station,Week2,213.0 Fairfax Station - 189.0 Cardinal Hill
Canterbury Woods,Week4,Wakefield Chapel,Week5,307.0 Wakefield Chapel - 95.0 Canterbury Woods
Canterbury Woods,Week1,Pinewood Lake,Week1,336.0 Canterbury Woods - 51.0 Pinewood Lake
Canterbury Woods,Week3,Walden Glen,Week2,215.0 Canterbury Woods - 187.0 Walden Glen
Canterbury Woods,Week2,Mount Vernon Park,Week5,299.0 Mount Vernon Park - 102.0 Canterbury Woods
Cardinal Hill,Week1,Overlee,Week2,285.0 Overlee - 117.0 Cardinal Hill
Cardinal Hill,Week2,Lakeview,Week5,319.0 Cardinal Hill - 74.0 Lakeview
Camelot,Week1,Truro,Week4,207.0 Camelot - 195.0 Truro
Cardinal Hill,Week3,Parklawn,Week2,309.0 Cardinal Hill - 92.0 Parklawn
Canterbury Woods,Week5,Mount Vernon Park,Week5,269.0 Mount Vernon Park - 129.0 Canterbury Woods
Cardinal Hill,Week2,Parklawn,Week5,279.0 Cardinal Hill - 122.0 Parklawn
Canterbury Woods,Week3,Mount Vernon Park,Week1,276.0 Mount Vernon Park - 126.0 Canterbury Woods
Canterbury Woods,Week5,Parliament,Week3,225.0 Parliament - 177.0 Canterbury Woods
Canterbury Woods,Week4,Mount Vernon Park,Week1,278.0 Mount Vernon Park - 119.0 Canterbury Woods
Canterbury Woods,Week4,Walden Glen,Week1,238.5 Canterbury Woods - 163.5 Walden Glen
Cardinal Hill,Week2,Lakeview,Week3,317.0 Cardinal Hill - 85.0 Lakeview
Cardinal Hill,Week1,Fairfax Station,Week1,207.0 Fairfax Station - 195.0 Cardinal Hill
Canterbury Woods,Week2,Waynewood,Week3,305.0 Waynewood - 97.0 Canterbury Woods
Cardinal Hill,Week4,Lakevale Estates,Week3,240.0 Lakevale Estates - 162.0 Cardinal Hill
Canterbury Woods,Week5,Mount Vernon Park,Week1,267.0 Mount Vernon Park - 134.0 Canterbury Woods
Cardinal Hill,Week1,Overlee,Week3,266.0 Overlee - 136.0 Cardinal Hill
Cardinal Hill,Week4,Overlee,Week1,284.0 Overlee - 118.0 Cardinal Hill
Canterbury Woods,Week2,Newington Forest,Week2,234.0 Canterbury Woods - 164.0 Newington Forest
Canterbury Woods,Week2,Waynewood,Week4,281.0 Waynewood - 121.0 Canterbury Woods
Canterbury Woods,Week2,Newington Forest,Week1,247.0 Canterbury Woods - 151.0 Newington Forest
Cardinal Hill,Week5,Overlee,Week1,275.0 Overlee - 127.0 Cardinal Hill
Cardinal Hill,Week5,Fairfax Station,Week2,231.0 Fairfax Station - 171.0 Cardinal Hill
Cardinal Hill,Week5,Overlee,Week4,330.0 Overlee - 72.0 Cardinal Hill
Canterbury Woods,Week3,Pinecrest,Week3,292.0 Pinecrest - 110.0 Canterbury Woods
Canterbury Woods,Week4,Walden Glen,Week2,214.0 Canterbury Woods - 188.0 Walden Glen
Cardinal Hill,Week4,Fairfax Station,Week5,244.0 Fairfax Station - 158.0 Cardinal Hill
Cardinal Hill,Week4,Overlee,Week2,297.0 Overlee - 105.0 Cardinal Hill
Canterbury Woods,Week4,Parliament,Week4,206.0 Canterbury Woods - 196.0 Parliament
Cardinal Hill,Week1,Lakeview,Week5,330.0 Cardinal Hill - 63.0 Lakeview
Canterbury Woods,Week1,Waynewood,Week5,307.0 Waynewood - 95.0 Canterbury Woods
Cardinal Hill,Week2,Overlee,Week5,341.0 Overlee - 61.0 Cardinal Hill
Canterbury Woods,Week3,Newington Forest,Week1,290.0 Canterbury Woods - 111.0 Newington Forest
Cardinal Hill,Week4,Lakeview,Week1,338.0 Cardinal Hill - 64.0 Lakeview
Cardinal Hill,Week3,Lakeview,Week4,334.0 Cardinal Hill - 68.0 Lakeview
Cardinal Hill,Week3,Lakeview,Week5,330.0 Cardinal Hill - 63.0 Lakeview
Canterbury Woods,Week1,Pinecrest,Week5,285.0 Pinecrest - 117.0 Canterbury Woods
Canterbury Woods,Week3,Pinecrest,Week5,275.0 Pinecrest - 127.0 Canterbury Woods
Cardinal Hill,Week5,Fairfax Club Estates,Week3,282.0 Cardinal Hill - 119.0 Fairfax Club Estates
Cardinal Hill,Week5,Fairfax Station,Week1,214.0 Fairfax Station - 188.0 Cardinal Hill
Canterbury Woods,Week4,Mount Vernon Park,Week2,284.0 Mount Vernon Park - 118.0 Canterbury Woods
Cardinal Hill,Week3,Overlee,Week5,302.5 Overlee - 99.5 Cardinal Hill
Canterbury Woods,Week5,Waynewood,Week2,260.5 Waynewood - 141.5 Canterbury Woods
Cardinal Hill,Week2,Fairfax Station,Week4,239.0 Fairfax Station - 163.0 Cardinal Hill
Canterbury Woods,Week2,Waynewood,Week2,277.0 Waynewood - 125.0 Canterbury Woods
Cardinal Hill,Week4,Lakeview,Week2,351.0 Cardinal Hill - 51.0 Lakeview
Canterbury Woods,Week1,Mount Vernon Park,Week5,277.0 Mount Vernon Park - 125.0 Canterbury Woods
Cardinal Hill,Week5,Fairfax Club Estates,Week4,274.0 Cardinal Hill - 127.0 Fairfax Club Estates
Canterbury Woods,Week5,Parliament,Week2,214.0 Parliament - 182.0 Canterbury Woods
Canterbury Woods,Week3,Waynewood,Week2,255.5 Waynewood - 146.5 Canterbury Woods
Cardinal Hill,Week4,Lakeview,Week4,313.0 Cardinal Hill - 89.0 Lakeview
Canterbury Woods,Week1,Pinecrest,Week4,290.0 Pinecrest - 112.0 Canterbury Woods
Canterbury Woods,Week2,Pinecrest,Week3,315.0 Pinecrest - 87.0 Canterbury Woods
Cardinal Hill,Week3,Overlee,Week4,305.0 Overlee - 97.0 Cardinal Hill
Cardinal Hill,Week4,Lakeview,Week3,319.0 Cardinal Hill - 83.0 Lakeview
Cardinal Hill,Week2,Fairfax Station,Week2,241.5 Fairfax Station - 160.5 Cardinal Hill
Cardinal Hill,Week3,Fairfax Station,Week5,222.0 Fairfax Station - 180.0 Cardinal Hill
Canterbury Woods,Week4,Waynewood,Week3,283.0 Waynewood - 119.0 Canterbury Woods
Canterbury Woods,Week4,Parliament,Week5,218.5 Parliament - 183.5 Canterbury Woods
Canterbury Woods,Week4,Parliament,Week1,221.0 Parliament - 181.0 Canterbury Woods
Cardinal Hill,Week3,Lakeview,Week3,336.0 Cardinal Hill - 66.0 Lakeview
Canterbury Woods,Week4,Mount Vernon Park,Week5,281.0 Mount Vernon Park - 121.0 Canterbury Woods
Cardinal Hill,Week4,Fairfax Station,Week1,228.0 Fairfax Station - 174.0 Cardinal Hill
Cardinal Hill,Week3,Overlee,Week2,275.5 Overlee - 126.5 Cardinal Hill
Canterbury Woods,Week2,Mount Vernon Park,Week3,297.0 Mount Vernon Park - 105.0 Canterbury Woods
Cardinal Hill,Week2,Overlee,Week1,294.0 Overlee - 108.0 Cardinal Hill
Canterbury Woods,Week3,Waynewood,Week3,282.0 Waynewood - 120.0 Canterbury Woods
Canterbury Woods,Week3,Pinecrest,Week4,286.0 Pinecrest - 116.0 Canterbury Woods
Cardinal Hill,Week5,Lakeview,Week1,335.0 Cardinal Hill - 67.0 Lakeview
Canterbury Woods,Week1,Newington Forest,Week2,245.0 Canterbury Woods - 156.0 Newington Forest
Cardinal Hill,Week1,Lakeview,Week2,356.0 Cardinal Hill - 46.0 Lakeview
Cardinal Hill,Week5,Overlee,Week2,299.0 Overlee - 103.0 Cardinal Hill
Cardinal Hill,Week4,Langley,Week5,218.0 Langley - 184.0 Cardinal Hill
Canterbury Woods,Week5,Pinecrest,Week1,262.0 Pinecrest - 140.0 Canterbury Woods
Canterbury Woods,Week2,Newington Forest,Week3,214.0 Canterbury Woods - 188.0 Newington Forest
Cardinal Hill,Week5,Overlee,Week5,314.0 Overlee - 88.0 Cardinal Hill
Canterbury Woods,Week5,Walden Glen,Week2,209.0 Canterbury Woods - 187.0 Walden Glen
Cardinal Hill,Week4,Overlee,Week4,327.0 Overlee - 75.0 Cardinal Hill
Cardinal Hill,Week5,Fairfax Station,Week3,226.0 Fairfax Station - 176.0 Cardinal Hill
Canterbury Woods,Week1,Waynewood,Week1,256.0 Waynewood - 146.0 Canterbury Woods
Cardinal Hill,Week5,Lakevale Estates,Week4,246.0 Lakevale Estates - 156.0 Cardinal Hill
Canterbury Woods,Week1,Waynewood,Week3,301.0 Waynewood - 101.0 Canterbury Woods
Canterbury Woods,Week4,Pinecrest,Week4,271.0 Pinecrest - 131.0 Canterbury Woods
Cardinal Hill,Week5,Lakeview,Week2,339.0 Cardinal Hill - 63.0 Lakeview
Canterbury Woods,Week1,Pinecrest,Week1,276.0 Pinecrest - 126.0 Canterbury Woods
Canterbury Woods,Week5,Walden Glen,Week5,219.0 Walden Glen - 179.0 Canterbury Woods
Canterbury Woods,Week2,Mount Vernon Park,Week1,292.0 Mount Vernon Park - 110.0 Canterbury Woods
Cardinal Hill,Week5,Fairfax Station,Week4,212.0 Fairfax Station - 190.0 Cardinal Hill
Cardinal Hill,Week3,Overlee,Week1,259.0 Overlee - 143.0 Cardinal Hill
Canterbury Woods,Week1,Newington Forest,Week1,259.0 Canterbury Woods - 141.0 Newington Forest
Canterbury Woods,Week5,Mount Vernon Park,Week4,260.0 Mount Vernon Park - 142.0 Canterbury Woods
Cardinal Hill,Week4,Overlee,Week3,273.0 Overlee - 129.0 Cardinal Hill
Canterbury Woods,Week4,Mount Vernon Park,Week4,274.0 Mount Vernon Park - 128.0 Canterbury Woods
Canterbury Woods,Week4,Pinecrest,Week1,263.0 Pinecrest - 139.0 Canterbury Woods
Cardinal Hill,Week3,Lakeview,Week2,354.5 Cardinal Hill - 47.5 Lakeview
Canterbury Woods,Week4,Pinecrest,Week5,276.0 Pinecrest - 126.0 Canterbury Woods
Cardinal Hill,Week5,Overlee,Week3,269.0 Overlee - 133.0 Cardinal Hill
Cardinal Hill,Week2,Overlee,Week3,297.0 Overlee - 105.0 Cardinal Hill
Canterbury Woods,Week2,Pinecrest,Week4,306.0 Pinecrest - 96.0 Canterbury Woods
Cardinal Hill,Week5,Fairfax Station,Week5,224.0 Fairfax Station - 178.0 Cardinal Hill
Canterbury Woods,Week5,Mount Vernon Park,Week3,269.0 Mount Vernon Park - 133.0 Canterbury Woods
Cardinal Hill,Week4,Fairfax Station,Week4,218.0 Fairfax Station - 184.0 Cardinal Hill
Canterbury Woods,Week5,Walden Glen,Week4,203.0 Walden Glen - 190.0 Canterbury Woods
Canterbury Woods,Week4,Walden Glen,Week5,223.0 Walden Glen - 179.0 Canterbury Woods
Cardinal Hill,Week1,Fairfax Station,Week3,235.0 Fairfax Station - 167.0 Cardinal Hill
Cardinal Hill,Week2,Lakeview,Week1,320.0 Cardinal Hill - 82.0 Lakeview
Cardinal Hill,Week5,Forest Hollow,Week3,226.0 Cardinal Hill - 176.0 Forest Hollow
Canterbury Woods,Week4,Waynewood,Week1,234.0 Waynewood - 168.0 Canterbury Woods
Cardinal Hill,Week3,Forest Hollow,Week1,262.0 Cardinal Hill - 140.0 Forest Hollow
Canterbury Woods,Week3,Newington Forest,Week3,261.0 Canterbury Woods - 141.0 Newington Forest
Cardinal Hill,Week4,Forest Hollow,Week2,225.0 Cardinal Hill - 177.0 Forest Hollow
Canterbury Woods,Week3,Newington Forest,Week2,268.0 Canterbury Woods - 133.0 Newington Forest
Canterbury Woods,Week4,Waynewood,Week2,260.0 Waynewood - 142.0 Canterbury Woods
Cardinal Hill,Week2,Langley,Week1,238.0 Langley - 164.0 Cardinal Hill
Canterbury Woods,Week3,Waynewood,Week5,287.0 Waynewood - 115.0 Canterbury Woods
Canterbury Woods,Week2,Newington Forest,Week4,212.0 Canterbury Woods - 190.0 Newington Forest
Cardinal Hill,Week1,Forest Hollow,Week2,250.0 Cardinal Hill - 152.0 Forest Hollow
Canterbury Woods,Week5,Pinecrest,Week3,293.0 Pinecrest - 109.0 Canterbury Woods
Cardinal Hill,Week1,Parklawn,Week5,294.0 Cardinal Hill - 108.0 Parklawn
Cardinal Hill,Week4,Lakeview,Week5,325.0 Cardinal Hill - 68.0 Lakeview
Canterbury Woods,Week1,Newington Forest,Week5,211.0 Canterbury Woods - 191.0 Newington Forest
Canterbury Woods,Week5,Walden Glen,Week1,217.0 Canterbury Woods - 179.0 Walden Glen
Canterbury Woods,Week4,Walden Glen,Week3,219.0 Canterbury Woods - 183.0 Walden Glen
Cardinal Hill,Week5,Lakeview,Week5,321.0 Cardinal Hill - 72.0 Lakeview
Canterbury Woods,Week2,Newington Forest,Week5,206.0 Newington Forest - 196.0 Canterbury Woods
Canterbury Woods,Week5,Pinecrest,Week5,267.0 Pinecrest - 131.0 Canterbury Woods
Canterbury Woods,Week5,Pinecrest,Week2,294.0 Pinecrest - 107.0 Canterbury Woods
Cardinal Hill,Week1,Parklawn,Week4,287.0 Cardinal Hill - 114.0 Parklawn
Cardinal Hill,Week1,Parklawn,Week2,313.0 Cardinal Hill - 89.0 Parklawn
Canterbury Woods,Week3,Newington Forest,Week4,252.0 Canterbury Woods - 150.0 Newington Forest
Canterbury Woods,Week5,Pinecrest,Week4,287.0 Pinecrest - 115.0 Canterbury Woods
Canterbury Woods,Week1,Pinewood Lake,Week2,334.0 Canterbury Woods - 57.0 Pinewood Lake
Canterbury Woods,Week2,Waynewood,Week1,255.0 Waynewood - 147.0 Canterbury Woods
Cardinal Hill,Week2,Forest Hollow,Week3,212.5 Cardinal Hill - 189.5 Forest Hollow
Cardinal Hill,Week3,Forest Hollow,Week3,255.0 Cardinal Hill - 147.0 Forest Hollow
Cardinal Hill,Week1,Parklawn,Week3,314.0 Cardinal Hill - 88.0 Parklawn
Cardinal Hill,Week1,Langley,Week1,213.0 Langley - 189.0 Cardinal Hill
Cardinal Hill,Week5,Forest Hollow,Week4,228.0 Cardinal Hill - 174.0 Forest Hollow
Cardinal Hill,Week2,Parklawn,Week1,306.0 Cardinal Hill - 87.0 Parklawn
Cardinal Hill,Week1,Langley,Week5,206.0 Cardinal Hill - 196.0 Langley
Canterbury Woods,Week1,Pleasant Valley,Week2,256.0 Canterbury Woods - 145.0 Pleasant Valley
Cardinal Hill,Week1,Laurel Hill,Week5,303.0 Cardinal Hill - 99.0 Laurel Hill
Cardinal Hill,Week2,Laurel Hill,Week1,297.0 Cardinal Hill - 105.0 Laurel Hill
Canterbury Woods,Week1,Waynewood,Week2,279.0 Waynewood - 122.0 Canterbury Woods
Cardinal Hill,Week1,Laurel Hill,Week2,343.0 Cardinal Hill - 59.0 Laurel Hill
Cardinal Hill,Week3,Parklawn,Week1,332.0 Cardinal Hill - 61.0 Parklawn
Cardinal Hill,Week2,Parklawn,Week4,270.0 Cardinal Hill - 130.0 Parklawn
Canterbury Woods,Week3,North Springfield,Week5,256.0 Canterbury Woods - 117.0 North Springfield
Canterbury Woods,Week3,Newington Forest,Week5,224.0 Canterbury Woods - 173.0 Newington Forest
Cardinal Hill,Week2,Forest Hollow,Week1,217.0 Cardinal Hill - 185.0 Forest Hollow
Canterbury Woods,Week3,Pinewood Lake,Week4,349.0 Canterbury Woods - 52.0 Pinewood Lake
Cardinal Hill,Week3,Parliament,Week3,267.0 Cardinal Hill - 135.0 Parliament
Canterbury Woods,Week1,North Springfield,Week2,253.0 Canterbury Woods - 133.0 North Springfield
Cardinal Hill,Week1,Parliament,Week2,275.0 Cardinal Hill - 127.0 Parliament
Canterbury Woods,Week4,Walden Glen,Week4,208.0 Walden Glen - 194.0 Canterbury Woods
Canterbury Woods,Week4,North Springfield,Week1,285.0 Canterbury Woods - 65.0 North Springfield
Cardinal Hill,Week4,Langley,Week3,219.0 Langley - 183.0 Cardinal Hill
Canterbury Woods,Week1,Pinewood Lake,Week5,328.0 Canterbury Woods - 69.0 Pinewood Lake
Canterbury Woods,Week4,Pinewood Lake,Week1,358.0 Canterbury Woods - 39.0 Pinewood Lake
Canterbury Woods,Week3,Pinewood Lake,Week1,343.0 Canterbury Woods - 50.0 Pinewood Lake
Cardinal Hill,Week2,Parklawn,Week3,304.0 Cardinal Hill - 97.0 Parklawn
Cardinal Hill,Week2,Forest Hollow,Week4,215.0 Cardinal Hill - 187.0 Forest Hollow
Canterbury Woods,Week1,Waynewood,Week4,275.0 Waynewood - 127.0 Canterbury Woods
Cardinal Hill,Week2,Fox Hunt,Week3,218.0 Cardinal Hill - 184.0 Fox Hunt
Cardinal Hill,Week2,Fox Hunt,Week2,251.0 Cardinal Hill - 151.0 Fox Hunt
Cardinal Hill,Week3,Langley,Week2,217.0 Cardinal Hill - 185.0 Langley
Canterbury Woods,Week2,Waynewood,Week5,307.0 Waynewood - 95.0 Canterbury Woods
Cardinal Hill,Week1,Langley,Week4,216.0 Langley - 186.0 Cardinal Hill
Cardinal Hill,Week3,Parklawn,Week4,300.0 Cardinal Hill - 101.0 Parklawn
Cardinal Hill,Week4,Langley,Week1,225.0 Langley - 177.0 Cardinal Hill
Cardinal Hill,Week3,Forest Hollow,Week4,237.0 Cardinal Hill - 165.0 Forest Hollow
Canterbury Woods,Week2,Pinewood Lake,Week4,325.0 Canterbury Woods - 68.0 Pinewood Lake
Canterbury Woods,Week5,Walden Glen,Week3,209.0 Canterbury Woods - 193.0 Walden Glen
Cardinal Hill,Week3,Parklawn,Week5,305.0 Cardinal Hill - 96.0 Parklawn
Canterbury Woods,Week3,Waynewood,Week1,233.5 Waynewood - 168.5 Canterbury Woods
Cardinal Hill,Week2,Langley,Week5,222.0 Langley - 180.0 Cardinal Hill
Cardinal Hill,Week3,Langley,Week4,207.0 Cardinal Hill - 195.0 Langley
Canterbury Woods,Week3,Waynewood,Week4,252.0 Waynewood - 150.0 Canterbury Woods
Cardinal Hill,Week2,Fox Hunt,Week5,223.0 Cardinal Hill - 179.0 Fox Hunt
Canterbury Woods,Week5,Newington Forest,Week3,227.0 Canterbury Woods - 174.0 Newington Forest
Canterbury Woods,Week1,North Springfield,Week5,234.0 Canterbury Woods - 139.0 North Springfield
Cardinal Hill,Week4,Forest Hollow,Week5,212.0 Cardinal Hill - 190.0 Forest Hollow
Canterbury Woods,Week2,Pinewood Lake,Week3,335.0 Canterbury Woods - 57.0 Pinewood Lake
Cardinal Hill,Week5,Parklawn,Week3,306.0 Cardinal Hill - 92.0 Parklawn
Canterbury Woods,Week5,Waynewood,Week1,236.0 Waynewood - 166.0 Canterbury Woods
Canterbury Woods,Week5,Newington Forest,Week1,249.0 Canterbury Woods - 144.0 Newington Forest
Canterbury Woods,Week3,Pinewood Lake,Week2,345.0 Canterbury Woods - 54.0 Pinewood Lake
Canterbury Woods,Week3,Woodley,Week4,237.0 Canterbury Woods - 165.0 Woodley
Cardinal Hill,Week2,Fox Hunt,Week4,234.0 Cardinal Hill - 168.0 Fox Hunt
Canterbury Woods,Week2,North Springfield,Week3,260.0 Canterbury Woods - 135.0 North Springfield
Cardinal Hill,Week5,Parklawn,Week4,285.0 Cardinal Hill - 112.0 Parklawn
Cardinal Hill,Week3,Parliament,Week5,267.0 Cardinal Hill - 135.0 Parliament
Cardinal Hill,Week5,Forest Hollow,Week1,245.0 Cardinal Hill - 157.0 Forest Hollow
Canterbury Woods,Week4,Waynewood,Week4,248.0 Waynewood - 154.0 Canterbury Woods
Cardinal Hill,Week2,Langley,Week3,239.0 Langley - 163.0 Cardinal Hill
Cardinal Hill,Week2,Forest Hollow,Week2,224.0 Cardinal Hill - 178.0 Forest Hollow
Canterbury Woods,Week4,Newington Forest,Week4,239.0 Canterbury Woods - 163.0 Newington Forest
Canterbury Woods,Week4,Pinewood Lake,Week3,362.0 Canterbury Woods - 36.0 Pinewood Lake
Cardinal Hill,Week4,Parklawn,Week1,317.0 Cardinal Hill - 76.0 Parklawn
Canterbury Woods,Week3,Pinewood Lake,Week5,340.0 Canterbury Woods - 60.0 Pinewood Lake
Cardinal Hill,Week5,Parklawn,Week5,285.0 Cardinal Hill - 113.0 Parklawn
Cardinal Hill,Week1,Langley,Week3,209.0 Langley - 193.0 Cardinal Hill
Canterbury Woods,Week2,North Springfield,Week4,264.0 Canterbury Woods - 127.0 North Springfield
Canterbury Woods,Week4,Waynewood,Week5,289.0 Waynewood - 113.0 Canterbury Woods
Canterbury Woods,Week3,Pinewood Lake,Week3,356.0 Canterbury Woods - 44.0 Pinewood Lake
Cardinal Hill,Week1,Forest Hollow,Week5,220.0 Cardinal Hill - 182.0 Forest Hollow
Canterbury Woods,Week2,North Springfield,Week1,255.0 Canterbury Woods - 95.0 North Springfield
Canterbury Woods,Week5,Pinewood Lake,Week1,335.0 Canterbury Woods - 57.0 Pinewood Lake
Cardinal Hill,Week2,Langley,Week4,240.0 Langley - 162.0 Cardinal Hill
Canterbury Woods,Week5,Newington Forest,Week4,228.0 Canterbury Woods - 173.0 Newington Forest
Canterbury Woods,Week4,Woodley,Week4,245.0 Canterbury Woods - 157.0 Woodley
Cardinal Hill,Week1,Annandale,Week1,336.0 Cardinal Hill - 66.0 Annandale
Canterbury Woods,Week4,Woodley,Week2,256.0 Canterbury Woods - 146.0 Woodley
Canterbury Woods,Week4,Pinewood Lake,Week5,343.0 Canterbury Woods - 56.0 Pinewood Lake
Cardinal Hill,Week2,Parliament,Week4,232.0 Cardinal Hill - 165.0 Parliament
Cardinal Hill,Week3,Forest Hollow,Week2,260.0 Cardinal Hill - 142.0 Forest Hollow
Cardinal Hill,Week4,Forest Hollow,Week4,221.0 Cardinal Hill - 181.0 Forest Hollow
Cardinal Hill,Week2,Parliament,Week2,242.0 Cardinal Hill - 155.0 Parliament
Cardinal Hill,Week2,Forest Hollow,Week5,206.0 Forest Hollow - 196.0 Cardinal Hill
Cardinal Hill,Week5,Lakeview,Week4,315.0 Cardinal Hill - 87.0 Lakeview
Cardinal Hill,Week4,Forest Hollow,Week1,228.0 Cardinal Hill - 174.0 Forest Hollow
Cardinal Hill,Week3,Parliament,Week4,285.0 Cardinal Hill - 117.0 Parliament
Canterbury Woods,Week2,Pinewood Lake,Week2,319.0 Canterbury Woods - 74.0 Pinewood Lake
Canterbury Woods,Week4,Newington Forest,Week2,262.0 Canterbury Woods - 139.0 Newington Forest
Cardinal Hill,Week2,Langley,Week2,234.0 Langley - 168.0 Cardinal Hill
Canterbury Woods,Week2,Woodley,Week4,220.0 Canterbury Woods - 182.0 Woodley
Canterbury Woods,Week4,Newington Forest,Week3,245.0 Canterbury Woods - 157.0 Newington Forest
Cardinal Hill,Week1,Forest Hollow,Week4,228.0 Cardinal Hill - 174.0 Forest Hollow
Cardinal Hill,Week5,Lakeview,Week3,319.0 Cardinal Hill - 83.0 Lakeview
Cardinal Hill,Week4,Parklawn,Week4,278.0 Cardinal Hill - 124.0 Parklawn
Cardinal Hill,Week4,Forest Hollow,Week3,219.0 Cardinal Hill - 183.0 Forest Hollow
Canterbury Woods,Week4,Pinewood Lake,Week4,349.0 Canterbury Woods - 49.0 Pinewood Lake
Cardinal Hill,Week3,Langley,Week5,210.0 Cardinal Hill - 192.0 Langley
Canterbury Woods,Week4,Newington Forest,Week1,281.0 Canterbury Woods - 120.0 Newington Forest
Canterbury Woods,Week5,Pinewood Lake,Week2,327.0 Canterbury Woods - 62.0 Pinewood Lake
Cardinal Hill,Week2,Parliament,Week3,242.0 Cardinal Hill - 160.0 Parliament
Cardinal Hill,Week1,Langley,Week2,214.5 Langley - 187.5 Cardinal Hill
Canterbury Woods,Week2,Woodley,Week3,215.0 Canterbury Woods - 187.0 Woodley
Canterbury Woods,Week1,North Springfield,Week4,262.0 Canterbury Woods - 127.0 North Springfield
Canterbury Woods,Week4,Pinewood Lake,Week2,351.0 Canterbury Woods - 47.0 Pinewood Lake
Cardinal Hill,Week1,Parliament,Week4,269.0 Cardinal Hill - 133.0 Parliament
Cardinal Hill,Week4,Langley,Week4,212.0 Langley - 190.0 Cardinal Hill
Cardinal Hill,Week4,Parklawn,Week2,293.0 Cardinal Hill - 109.0 Parklawn
Cardinal Hill,Week3,Langley,Week3,209.0 Cardinal Hill - 193.0 Langley
Canterbury Woods,Week5,Pinewood Lake,Week5,323.0 Canterbury Woods - 70.0 Pinewood Lake
Canterbury Woods,Week3,Woodley,Week5,240.0 Canterbury Woods - 162.0 Woodley
Canterbury Woods,Week1,Woodley,Week5,228.0 Canterbury Woods - 174.0 Woodley
Cardinal Hill,Week1,Parliament,Week3,270.0 Cardinal Hill - 132.0 Parliament
Canterbury Woods,Week1,Pinewood Lake,Week4,340.0 Canterbury Woods - 57.0 Pinewood Lake
Cardinal Hill,Week3,Forest Hollow,Week5,248.0 Cardinal Hill - 154.0 Forest Hollow
Canterbury Woods,Week5,Pinewood Lake,Week3,335.0 Canterbury Woods - 58.0 Pinewood Lake
Canterbury Woods,Week3,Woodley,Week1,256.0 Canterbury Woods - 146.0 Woodley
Canterbury Woods,Week1,North Springfield,Week1,247.0 Canterbury Woods - 102.0 North Springfield
Canterbury Woods,Week2,North Springfield,Week2,257.0 Canterbury Woods - 130.0 North Springfield
Cardinal Hill,Week4,Langley,Week2,210.0 Langley - 192.0 Cardinal Hill
Canterbury Woods,Week4,Newington Forest,Week5,227.0 Canterbury Woods - 175.0 Newington Forest
Canterbury Woods,Week2,North Springfield,Week5,243.0 Canterbury Woods - 130.0 North Springfield
Cardinal Hill,Week5,Forest Hollow,Week5,219.0 Cardinal Hill - 183.0 Forest Hollow
Cardinal Hill,Week4,Parklawn,Week5,292.0 Cardinal Hill - 110.0 Parklawn
Cardinal Hill,Week3,Langley,Week1,220.0 Cardinal Hill - 182.0 Langley
Canterbury Woods,Week3,North Springfield,Week1,265.0 Canterbury Woods - 85.0 North Springfield
Cardinal Hill,Week3,Parklawn,Week3,324.0 Cardinal Hill - 77.0 Parklawn
Canterbury Woods,Week5,Waynewood,Week4,254.0 Waynewood - 147.0 Canterbury Woods
Canterbury Woods,Week3,Woodley,Week2,254.0 Canterbury Woods - 148.0 Woodley
Cardinal Hill,Week1,Forest Hollow,Week3,227.0 Cardinal Hill - 175.0 Forest Hollow
Canterbury Woods,Week2,Pinewood Lake,Week5,314.0 Canterbury Woods - 85.0 Pinewood Lake
Cardinal Hill,Week5,Forest Hollow,Week2,237.0 Cardinal Hill - 165.0 Forest Hollow
Canterbury Woods,Week3,North Springfield,Week3,275.0 Canterbury Woods - 121.0 North Springfield
Canterbury Woods,Week1,Woodley,Week2,249.0 Canterbury Woods - 153.0 Woodley
Cardinal Hill,Week5,Langley,Week5,213.0 Langley - 189.0 Cardinal Hill
Canterbury Woods,Week3,North Springfield,Week4,285.0 Canterbury Woods - 106.0 North Springfield
Canterbury Woods,Week2,Pinewood Lake,Week1,332.0 Canterbury Woods - 60.0 Pinewood Lake
Canterbury Woods,Week1,Pleasant Valley,Week1,260.0 Canterbury Woods - 141.0 Pleasant Valley
Canterbury Woods,Week1,Woodley,Week3,230.0 Canterbury Woods - 172.0 Woodley
Cardinal Hill,Week1,Parliament,Week5,265.0 Cardinal Hill - 137.0 Parliament
Canterbury Woods,Week2,Pleasant Valley,Week5,231.0 Canterbury Woods - 165.0 Pleasant Valley
Cardinal Hill,Week1,Parliament,Week1,249.0 Cardinal Hill - 153.0 Parliament
Canterbury Woods,Week3,Pleasant Valley,Week4,292.0 Canterbury Woods - 107.0 Pleasant Valley
Cardinal Hill,Week2,Fox Hunt,Week1,241.0 Cardinal Hill - 161.0 Fox Hunt
Canterbury Woods,Week3,Woodley,Week3,255.0 Canterbury Woods - 147.0 Woodley
Cardinal Hill,Week5,Parklawn,Week2,299.0 Cardinal Hill - 99.0 Parklawn
Cardinal Hill,Week1,Laurel Hill,Week1,324.0 Cardinal Hill - 78.0 Laurel Hill
Canterbury Woods,Week2,Woodley,Week5,207.0 Canterbury Woods - 194.0 Woodley
Cardinal Hill,Week1,Fox Hunt,Week4,240.0 Cardinal Hill - 162.0 Fox Hunt
Cardinal Hill,Week1,Fox Hunt,Week2,263.0 Cardinal Hill - 139.0 Fox Hunt
Cardinal Hill,Week2,Parliament,Week1,211.0 Cardinal Hill - 186.0 Parliament
Canterbury Woods,Week4,Woodley,Week3,253.0 Canterbury Woods - 149.0 Woodley
Cardinal Hill,Week4,Parklawn,Week3,306.0 Cardinal Hill - 96.0 Parklawn
Canterbury Woods,Week5,Pinewood Lake,Week4,333.0 Canterbury Woods - 60.0 Pinewood Lake
Canterbury Woods,Week1,Woodley,Week1,240.0 Canterbury Woods - 162.0 Woodley
Canterbury Woods,Week2,Woodley,Week2,223.0 Canterbury Woods - 178.0 Woodley
Cardinal Hill,Week1,Fox Hunt,Week3,237.0 Cardinal Hill - 165.0 Fox Hunt
Canterbury Woods,Week3,Pleasant Valley,Week3,250.0 Canterbury Woods - 152.0 Pleasant Valley
Cardinal Hill,Week1,Fox Hunt,Week5,229.0 Cardinal Hill - 173.0 Fox Hunt
Canterbury Woods,Week2,Poplar Heights,Week2,272.0 Poplar Heights - 130.0 Canterbury Woods
Canterbury Woods,Week5,Newington Forest,Week2,234.0 Canterbury Woods - 159.0 Newington Forest
Canterbury Woods,Week1,North Springfield,Week3,245.0 Canterbury Woods - 146.0 North Springfield
Cardinal Hill,Week5,Langley,Week4,209.0 Langley - 193.0 Cardinal Hill
Cardinal Hill,Week1,Laurel Hill,Week3,319.0 Cardinal Hill - 83.0 Laurel Hill
Canterbury Woods,Week3,North Springfield,Week2,278.0 Canterbury Woods - 109.0 North Springfield
Cardinal Hill,Week5,Langley,Week2,207.0 Langley - 195.0 Cardinal Hill
Cardinal Hill,Week5,Langley,Week3,211.0 Langley - 191.0 Cardinal Hill
Cardinal Hill,Week1,Fox Hunt,Week1,256.0 Cardinal Hill - 146.0 Fox Hunt
Cardinal Hill,Week5,Langley,Week1,205.0 Langley - 197.0 Cardinal Hill
Cardinal Hill,Week5,Parklawn,Week1,314.0 Cardinal Hill - 79.0 Parklawn
Canterbury Woods,Week5,Newington Forest,Week5,208.0 Canterbury Woods - 188.0 Newington Forest
Cardinal Hill,Week2,Fox Mill Estates,Week1,280.0 Cardinal Hill - 122.0 Fox Mill Estates
Cardinal Hill,Week1,Fox Mill Estates,Week2,288.0 Cardinal Hill - 114.0 Fox Mill Estates
Canterbury Woods,Week4,Pleasant Valley,Week2,252.5 Canterbury Woods - 147.5 Pleasant Valley
Canterbury Woods,Week2,Oakton ,Week2,325.0 Oakton - 77.0 Canterbury Woods
Canterbury Woods,Week5,Woodley,Week3,230.0 Canterbury Woods - 171.0 Woodley
Canterbury Woods,Week1,Pleasant Valley,Week5,232.0 Canterbury Woods - 170.0 Pleasant Valley
Canterbury Woods,Week2,Oakton ,Week4,316.0 Oakton - 86.0 Canterbury Woods
Canterbury Woods,Week1,Woodley,Week4,231.0 Canterbury Woods - 171.0 Woodley
Cardinal Hill,Week3,Parliament,Week1,257.0 Cardinal Hill - 145.0 Parliament
Cardinal Hill,Week3,Laurel Hill,Week3,309.0 Cardinal Hill - 93.0 Laurel Hill
Cardinal Hill,Week4,Laurel Hill,Week1,306.0 Cardinal Hill - 96.0 Laurel Hill
Canterbury Woods,Week5,Woodley,Week2,230.0 Canterbury Woods - 168.0 Woodley
Cardinal Hill,Week3,Fox Hunt,Week2,281.0 Cardinal Hill - 121.0 Fox Hunt
Canterbury Woods,Week5,Oakton ,Week3,291.0 Oakton - 111.0 Canterbury Woods
Canterbury Woods,Week4,Woodley,Week5,246.0 Canterbury Woods - 156.0 Woodley
Canterbury Woods,Week4,North Springfield,Week3,277.0 Canterbury Woods - 119.0 North Springfield
Cardinal Hill,Week4,Parliament,Week1,221.0 Cardinal Hill - 181.0 Parliament
Cardinal Hill,Week4,Pinecrest,Week2,225.0 Pinecrest - 177.0 Cardinal Hill
Cardinal Hill,Week3,Fox Mill Estates,Week4,292.0 Cardinal Hill - 110.0 Fox Mill Estates
Cardinal Hill,Week3,Laurel Hill,Week1,325.0 Cardinal Hill - 77.0 Laurel Hill
Canterbury Woods,Week4,Pleasant Valley,Week3,237.0 Canterbury Woods - 165.0 Pleasant Valley
Canterbury Woods,Week2,Oakton ,Week5,323.0 Oakton - 79.0 Canterbury Woods
Cardinal Hill,Week3,Parliament,Week2,269.0 Cardinal Hill - 133.0 Parliament
Canterbury Woods,Week3,Pleasant Valley,Week2,279.0 Canterbury Woods - 116.0 Pleasant Valley
Cardinal Hill,Week1,Laurel Hill,Week4,324.0 Cardinal Hill - 78.0 Laurel Hill
Cardinal Hill,Week2,Parliament,Week5,227.0 Cardinal Hill - 170.0 Parliament
Canterbury Woods,Week5,Woodley,Week4,234.0 Canterbury Woods - 167.0 Woodley
Cardinal Hill,Week1,Pinecrest,Week5,208.0 Pinecrest - 194.0 Cardinal Hill
Canterbury Woods,Week5,Pleasant Valley,Week3,231.0 Canterbury Woods - 170.0 Pleasant Valley
Canterbury Woods,Week3,Oakton ,Week1,295.0 Oakton - 107.0 Canterbury Woods
Cardinal Hill,Week4,Fox Hunt,Week2,253.0 Cardinal Hill - 149.0 Fox Hunt
Cardinal Hill,Week2,Laurel Hill,Week2,320.0 Cardinal Hill - 82.0 Laurel Hill
Cardinal Hill,Week3,Fox Hunt,Week4,271.0 Cardinal Hill - 131.0 Fox Hunt
Cardinal Hill,Week3,Laurel Hill,Week5,302.0 Cardinal Hill - 100.0 Laurel Hill
Cardinal Hill,Week4,Parliament,Week4,242.0 Cardinal Hill - 160.0 Parliament
Cardinal Hill,Week4,Fox Hunt,Week1,239.0 Cardinal Hill - 163.0 Fox Hunt
Cardinal Hill,Week1,Fox Mill Estates,Week3,284.0 Cardinal Hill - 118.0 Fox Mill Estates
Canterbury Woods,Week5,North Springfield,Week4,278.0 Canterbury Woods - 113.0 North Springfield
Canterbury Woods,Week4,North Springfield,Week4,285.0 Canterbury Woods - 102.0 North Springfield
Canterbury Woods,Week1,Pleasant Valley,Week4,267.0 Canterbury Woods - 134.0 Pleasant Valley
Cardinal Hill,Week5,Laurel Hill,Week1,300.0 Cardinal Hill - 102.0 Laurel Hill
Cardinal Hill,Week3,Pinecrest,Week1,232.0 Cardinal Hill - 170.0 Pinecrest
Canterbury Woods,Week2,Pleasant Valley,Week1,231.0 Canterbury Woods - 167.0 Pleasant Valley
Canterbury Woods,Week2,Pleasant Valley,Week3,213.0 Canterbury Woods - 189.0 Pleasant Valley
Cardinal Hill,Week4,Laurel Hill,Week2,326.0 Cardinal Hill - 76.0 Laurel Hill
Cardinal Hill,Week4,Fox Hunt,Week4,236.0 Cardinal Hill - 166.0 Fox Hunt
Canterbury Woods,Week5,Waynewood,Week5,283.0 Waynewood - 118.0 Canterbury Woods
Cardinal Hill,Week4,Fox Hunt,Week5,227.0 Cardinal Hill - 175.0 Fox Hunt
Canterbury Woods,Week3,Oakton ,Week5,318.0 Oakton - 84.0 Canterbury Woods
Canterbury Woods,Week5,Waynewood,Week3,285.0 Waynewood - 117.0 Canterbury Woods
Canterbury Woods,Week4,Woodley,Week1,249.0 Canterbury Woods - 153.0 Woodley
Cardinal Hill,Week4,Fox Hunt,Week3,222.0 Cardinal Hill - 180.0 Fox Hunt
Canterbury Woods,Week5,Pleasant Valley,Week2,254.0 Canterbury Woods - 139.0 Pleasant Valley
Canterbury Woods,Week5,North Springfield,Week2,259.0 Canterbury Woods - 126.0 North Springfield
Cardinal Hill,Week5,Laurel Hill,Week2,329.0 Cardinal Hill - 73.0 Laurel Hill
Cardinal Hill,Week5,Pinecrest,Week2,213.0 Pinecrest - 189.0 Cardinal Hill
Cardinal Hill,Week4,Pinecrest,Week5,230.0 Pinecrest - 172.0 Cardinal Hill
Cardinal Hill,Week4,Laurel Hill,Week4,312.0 Cardinal Hill - 90.0 Laurel Hill
Canterbury Woods,Week3,Pleasant Valley,Week1,270.0 Canterbury Woods - 125.0 Pleasant Valley
Canterbury Woods,Week2,Woodley,Week1,222.0 Canterbury Woods - 180.0 Woodley
Canterbury Woods,Week5,Woodley,Week1,234.0 Canterbury Woods - 168.0 Woodley
Cardinal Hill,Week1,Annandale,Week5,337.5 Cardinal Hill - 64.5 Annandale
Canterbury Woods,Week1,Poplar Heights,Week2,274.0 Poplar Heights - 128.0 Canterbury Woods
Cardinal Hill,Week5,Laurel Hill,Week4,313.0 Cardinal Hill - 89.0 Laurel Hill
Cardinal Hill,Week1,Annandale,Week3,319.0 Cardinal Hill - 83.0 Annandale
Canterbury Woods,Week5,Woodley,Week5,230.0 Canterbury Woods - 168.0 Woodley
Canterbury Woods,Week5,North Springfield,Week3,257.0 Canterbury Woods - 137.0 North Springfield
Canterbury Woods,Week4,Pleasant Valley,Week5,248.0 Canterbury Woods - 154.0 Pleasant Valley
Canterbury Woods,Week1,Oakton ,Week3,308.0 Oakton - 94.0 Canterbury Woods
Cardinal Hill,Week3,Pinecrest,Week2,205.0 Cardinal Hill - 197.0 Pinecrest
Cardinal Hill,Week5,Laurel Hill,Week3,289.5 Cardinal Hill - 112.5 Laurel Hill
Canterbury Woods,Week2,Pleasant Valley,Week4,253.0 Canterbury Woods - 145.0 Pleasant Valley
Canterbury Woods,Week2,Poplar Heights,Week1,267.0 Poplar Heights - 135.0 Canterbury Woods
Canterbury Woods,Week1,Oakton ,Week5,330.0 Oakton - 72.0 Canterbury Woods
Cardinal Hill,Week1,Pinecrest,Week4,215.0 Pinecrest - 187.0 Cardinal Hill
Canterbury Woods,Week1,Poplar Heights,Week4,285.0 Poplar Heights - 117.0 Canterbury Woods
Cardinal Hill,Week4,Laurel Hill,Week5,295.0 Cardinal Hill - 107.0 Laurel Hill
Canterbury Woods,Week4,North Springfield,Week2,275.0 Canterbury Woods - 112.0 North Springfield
Cardinal Hill,Week5,Fox Hunt,Week1,249.0 Cardinal Hill - 153.0 Fox Hunt
Cardinal Hill,Week1,Lee Graham,Week5,231.0 Lee Graham - 171.0 Cardinal Hill
Cardinal Hill,Week2,Laurel Hill,Week3,293.0 Cardinal Hill - 108.0 Laurel Hill
Cardinal Hill,Week1,Lee Graham,Week2,233.0 Lee Graham - 169.0 Cardinal Hill
Cardinal Hill,Week3,Laurel Hill,Week2,333.0 Cardinal Hill - 69.0 Laurel Hill
Cardinal Hill,Week1,Annandale,Week4,341.0 Cardinal Hill - 61.0 Annandale
Cardinal Hill,Week1,Annandale,Week2,330.0 Cardinal Hill - 72.0 Annandale
Cardinal Hill,Week5,Fox Hunt,Week3,237.0 Cardinal Hill - 165.0 Fox Hunt
Canterbury Woods,Week5,Pleasant Valley,Week1,249.0 Canterbury Woods - 144.0 Pleasant Valley
Canterbury Woods,Week1,Oakton ,Week1,310.0 Oakton - 87.0 Canterbury Woods
Cardinal Hill,Week3,Fox Mill Estates,Week1,320.0 Cardinal Hill - 82.0 Fox Mill Estates
Cardinal Hill,Week1,Fox Mill Estates,Week4,279.0 Cardinal Hill - 123.0 Fox Mill Estates
Cardinal Hill,Week3,Fox Hunt,Week5,261.0 Cardinal Hill - 141.0 Fox Hunt
Canterbury Woods,Week1,Oakton ,Week2,324.0 Oakton - 78.0 Canterbury Woods
Cardinal Hill,Week5,Parliament,Week2,263.0 Cardinal Hill - 139.0 Parliament
Cardinal Hill,Week2,Pinecrest,Week2,230.0 Pinecrest - 172.0 Cardinal Hill
Cardinal Hill,Week3,Pinecrest,Week4,215.0 Cardinal Hill - 187.0 Pinecrest
Canterbury Woods,Week5,Pleasant Valley,Week5,237.0 Canterbury Woods - 160.0 Pleasant Valley
Cardinal Hill,Week2,Annandale,Week1,323.0 Cardinal Hill - 79.0 Annandale
Cardinal Hill,Week2,Pinecrest,Week5,236.0 Pinecrest - 166.0 Cardinal Hill
Canterbury Woods,Week4,North Springfield,Week5,258.0 Canterbury Woods - 115.0 North Springfield
Cardinal Hill,Week2,Fox Mill Estates,Week2,262.0 Cardinal Hill - 140.0 Fox Mill Estates
Cardinal Hill,Week5,Parliament,Week1,218.0 Cardinal Hill - 184.0 Parliament
Canterbury Woods,Week4,Springboard,Week5,238.0 Canterbury Woods - 163.0 Springboard
Cardinal Hill,Week5,Parliament,Week5,240.0 Cardinal Hill - 162.0 Parliament
Cardinal Hill,Week5,Fox Hunt,Week5,234.0 Cardinal Hill - 168.0 Fox Hunt
Canterbury Woods,Week1,Pleasant Valley,Week3,231.0 Canterbury Woods - 171.0 Pleasant Valley
Canterbury Woods,Week4,Oakton ,Week3,287.0 Oakton - 115.0 Canterbury Woods
Canterbury Woods,Week2,Springboard,Week4,202.0 Springboard - 199.0 Canterbury Woods
Canterbury Woods,Week1,Oakton ,Week4,321.0 Oakton - 81.0 Canterbury Woods
Canterbury Woods,Week5,South Run,Week5,240.0 South Run - 161.0 Canterbury Woods
Cardinal Hill,Week3,Fox Hunt,Week3,258.5 Cardinal Hill - 143.5 Fox Hunt
Canterbury Woods,Week4,Springboard,Week3,241.0 Canterbury Woods - 160.0 Springboard
Cardinal Hill,Week4,Pinecrest,Week1,210.0 Pinecrest - 192.0 Cardinal Hill
Canterbury Woods,Week2,Oakton ,Week1,310.0 Oakton - 92.0 Canterbury Woods
Canterbury Woods,Week5,Springboard,Week4,225.0 Canterbury Woods - 168.0 Springboard
Canterbury Woods,Week2,Oakton ,Week3,314.0 Oakton - 88.0 Canterbury Woods
Canterbury Woods,Week3,Oakton ,Week4,328.0 Oakton - 74.0 Canterbury Woods
Canterbury Woods,Week4,Pleasant Valley,Week1,256.0 Canterbury Woods - 145.0 Pleasant Valley
Cardinal Hill,Week2,Laurel Hill,Week5,278.0 Cardinal Hill - 124.0 Laurel Hill
Cardinal Hill,Week5,Parliament,Week3,254.0 Cardinal Hill - 148.0 Parliament
Cardinal Hill,Week4,Parliament,Week2,256.0 Cardinal Hill - 146.0 Parliament
Canterbury Woods,Week5,North Springfield,Week1,267.0 Canterbury Woods - 78.0 North Springfield
Cardinal Hill,Week1,Fox Mill Estates,Week5,281.0 Cardinal Hill - 121.0 Fox Mill Estates
Canterbury Woods,Week5,Springboard,Week2,248.0 Canterbury Woods - 140.0 Springboard
Cardinal Hill,Week2,Fox Mill Estates,Week3,262.0 Cardinal Hill - 140.0 Fox Mill Estates
Canterbury Woods,Week3,Pleasant Valley,Week5,241.0 Canterbury Woods - 151.0 Pleasant Valley
Cardinal Hill,Week5,Laurel Hill,Week5,294.0 Cardinal Hill - 108.0 Laurel Hill
Cardinal Hill,Week4,Laurel Hill,Week3,303.0 Cardinal Hill - 99.0 Laurel Hill
Cardinal Hill,Week3,Pinecrest,Week5,218.0 Cardinal Hill - 184.0 Pinecrest
Cardinal Hill,Week1,Lee Graham,Week4,232.0 Lee Graham - 170.0 Cardinal Hill
Cardinal Hill,Week1,Fox Mill Estates,Week1,302.0 Cardinal Hill - 100.0 Fox Mill Estates
Canterbury Woods,Week2,Pleasant Valley,Week2,246.0 Canterbury Woods - 151.0 Pleasant Valley
Cardinal Hill,Week1,Lee Graham,Week3,233.0 Lee Graham - 169.0 Cardinal Hill
Cardinal Hill,Week5,Fox Hunt,Week4,249.0 Cardinal Hill - 153.0 Fox Hunt
Canterbury Woods,Week4,Pleasant Valley,Week4,274.5 Canterbury Woods - 126.5 Pleasant Valley
Canterbury Woods,Week3,Oakton ,Week3,313.5 Oakton - 88.5 Canterbury Woods
Cardinal Hill,Week5,Fox Hunt,Week2,268.0 Cardinal Hill - 134.0 Fox Hunt
Cardinal Hill,Week4,Parliament,Week3,254.0 Cardinal Hill - 148.0 Parliament
Camelot,Week3,Springfield,Week3,328.0 Camelot - 64.0 Springfield
Cardinal Hill,Week5,Parliament,Week4,257.0 Cardinal Hill - 145.0 Parliament
Canterbury Woods,Week3,Springboard,Week2,262.0 Canterbury Woods - 139.0 Springboard
Canterbury Woods,Week2,Springboard,Week3,208.0 Canterbury Woods - 190.0 Springboard
Cardinal Hill,Week1,Pinecrest,Week1,203.5 Pinecrest - 198.5 Cardinal Hill
Canterbury Woods,Week1,Springboard,Week5,216.0 Canterbury Woods - 185.0 Springboard
Cardinal Hill,Week2,Laurel Hill,Week4,308.0 Cardinal Hill - 94.0 Laurel Hill
Cardinal Hill,Week2,Fox Mill Estates,Week5,257.0 Cardinal Hill - 145.0 Fox Mill Estates
Canterbury Woods,Week1,Poplar Heights,Week3,275.5 Poplar Heights - 126.5 Canterbury Woods
Cardinal Hill,Week2,Lee Graham,Week1,235.0 Lee Graham - 167.0 Cardinal Hill
Cardinal Hill,Week2,Fox Mill Estates,Week4,267.0 Cardinal Hill - 135.0 Fox Mill Estates
Canterbury Woods,Week4,Oakton ,Week1,287.0 Oakton - 115.0 Canterbury Woods
Canterbury Woods,Week1,Poplar Heights,Week1,276.0 Poplar Heights - 126.0 Canterbury Woods
Canterbury Woods,Week5,Pleasant Valley,Week4,259.0 Canterbury Woods - 133.0 Pleasant Valley
Cardinal Hill,Week3,Fox Hunt,Week1,271.0 Cardinal Hill - 131.0 Fox Hunt
Canterbury Woods,Week5,North Springfield,Week5,239.0 Canterbury Woods - 131.0 North Springfield
Cardinal Hill,Week2,Lee Graham,Week2,255.5 Lee Graham - 146.5 Cardinal Hill
Canterbury Woods,Week1,Springboard,Week4,225.0 Canterbury Woods - 172.0 Springboard
Cardinal Hill,Week1,Lee Graham,Week1,222.0 Lee Graham - 180.0 Cardinal Hill
Canterbury Woods,Week1,Poplar Heights,Week5,297.0 Poplar Heights - 105.0 Canterbury Woods
Canterbury Woods,Week3,Oakton ,Week2,329.0 Oakton - 73.0 Canterbury Woods
Camelot,Week4,Springfield,Week3,335.0 Camelot - 62.0 Springfield
Cardinal Hill,Week1,Pinecrest,Week3,217.0 Pinecrest - 185.0 Cardinal Hill
Cardinal Hill,Week2,Pinecrest,Week3,250.0 Pinecrest - 152.0 Cardinal Hill
Canterbury Woods,Week5,Oakton ,Week1,291.0 Oakton - 105.0 Canterbury Woods
Canterbury Woods,Week4,Poplar Heights,Week4,247.0 Poplar Heights - 155.0 Canterbury Woods
Cardinal Hill,Week3,Fox Mill Estates,Week2,291.0 Cardinal Hill - 111.0 Fox Mill Estates
Cardinal Hill,Week4,Fox Mill Estates,Week5,275.0 Cardinal Hill - 127.0 Fox Mill Estates
Canterbury Woods,Week4,Oakton ,Week4,309.0 Oakton - 93.0 Canterbury Woods
Canterbury Woods,Week5,South Run,Week1,230.0 South Run - 159.0 Canterbury Woods
Camelot,Week3,Springfield,Week2,338.0 Camelot - 56.0 Springfield
Canterbury Woods,Week5,South Run,Week4,212.0 South Run - 186.0 Canterbury Woods
Cardinal Hill,Week4,Fox Mill Woods,Week4,210.0 Fox Mill Woods - 192.0 Cardinal Hill
Cardinal Hill,Week1,Lincolnia Park,Week3,339.0 Cardinal Hill - 54.0 Lincolnia Park
Canterbury Woods,Week4,Oakton ,Week2,299.0 Oakton - 98.0 Canterbury Woods
Canterbury Woods,Week3,Springboard,Week4,228.0 Canterbury Woods - 174.0 Springboard
Camelot,Week1,Springfield,Week3,334.0 Camelot - 57.0 Springfield
Cardinal Hill,Week2,Fox Mill Woods,Week1,232.0 Fox Mill Woods - 170.0 Cardinal Hill
Canterbury Woods,Week5,Poplar Heights,Week4,258.0 Poplar Heights - 143.0 Canterbury Woods
Cardinal Hill,Week5,Lee Graham,Week2,238.0 Lee Graham - 164.0 Cardinal Hill
Cardinal Hill,Week3,Laurel Hill,Week4,322.0 Cardinal Hill - 80.0 Laurel Hill
Cardinal Hill,Week3,Lincolnia Park,Week1,351.0 Cardinal Hill - 51.0 Lincolnia Park
Cardinal Hill,Week2,Pinecrest,Week4,250.0 Pinecrest - 152.0 Cardinal Hill
Cardinal Hill,Week2,Lee Graham,Week3,246.0 Lee Graham - 156.0 Cardinal Hill
Canterbury Woods,Week4,Oakton ,Week5,298.0 Oakton - 99.0 Canterbury Woods
Cardinal Hill,Week2,Lincolnia Park,Week4,325.0 Cardinal Hill - 72.0 Lincolnia Park
Cardinal Hill,Week3,Fox Mill Woods,Week3,233.0 Cardinal Hill - 169.0 Fox Mill Woods
Canterbury Woods,Week2,Springboard,Week1,213.0 Canterbury Woods - 185.0 Springboard
Cardinal Hill,Week3,Fox Mill Estates,Week3,297.0 Cardinal Hill - 105.0 Fox Mill Estates
Canterbury Woods,Week3,Poplar Heights,Week4,259.5 Poplar Heights - 142.5 Canterbury Woods
Canterbury Woods,Week1,Springboard,Week3,221.0 Canterbury Woods - 180.0 Springboard
Canterbury Woods,Week5,South Run,Week3,227.0 South Run - 171.0 Canterbury Woods
Canterbury Woods,Week3,Poplar Heights,Week3,273.0 Poplar Heights - 129.0 Canterbury Woods
Camelot,Week3,Springfield,Week1,332.0 Camelot - 60.0 Springfield
Cardinal Hill,Week4,Parliament,Week5,238.5 Cardinal Hill - 163.5 Parliament
Canterbury Woods,Week5,Oakton ,Week2,306.0 Oakton - 96.0 Canterbury Woods
Cardinal Hill,Week2,Pinecrest,Week1,219.5 Pinecrest - 182.5 Cardinal Hill
Canterbury Woods,Week3,Poplar Tree,Week1,257.0 Poplar Tree - 145.0 Canterbury Woods
Cardinal Hill,Week3,Pinecrest,Week3,203.0 Pinecrest - 199.0 Cardinal Hill
Canterbury Woods,Week5,Oakton ,Week4,299.0 Oakton - 102.0 Canterbury Woods
Cardinal Hill,Week4,Pinecrest,Week3,234.0 Pinecrest - 168.0 Cardinal Hill
Cardinal Hill,Week1,Pinecrest,Week2,211.0 Pinecrest - 191.0 Cardinal Hill
Canterbury Woods,Week5,Poplar Heights,Week2,255.0 Poplar Heights - 146.0 Canterbury Woods
Camelot,Week4,Springfield,Week1,329.0 Camelot - 68.0 Springfield
Canterbury Woods,Week2,Poplar Heights,Week5,295.0 Poplar Heights - 102.0 Canterbury Woods
Canterbury Woods,Week4,Poplar Heights,Week2,249.0 Poplar Heights - 153.0 Canterbury Woods
Canterbury Woods,Week5,Old Keene Mill,Week1,224.0 Canterbury Woods - 177.0 Old Keene Mill
Cardinal Hill,Week3,Fox Mill Woods,Week1,212.0 Cardinal Hill - 190.0 Fox Mill Woods
Cardinal Hill,Week5,Pinecrest,Week4,212.0 Pinecrest - 190.0 Cardinal Hill
Camelot,Week2,Springfield,Week1,326.0 Camelot - 64.0 Springfield
Cardinal Hill,Week4,Lee Graham,Week2,234.0 Lee Graham - 168.0 Cardinal Hill
Canterbury Woods,Week5,Oakton ,Week5,311.0 Oakton - 91.0 Canterbury Woods
Cardinal Hill,Week3,Lee Graham,Week1,207.0 Cardinal Hill - 195.0 Lee Graham
Camelot,Week1,Springfield,Week4,322.0 Camelot - 75.0 Springfield
Cardinal Hill,Week4,Fox Mill Woods,Week3,205.0 Cardinal Hill - 197.0 Fox Mill Woods
Canterbury Woods,Week1,Old Keene Mill,Week2,202.0 Old Keene Mill - 200.0 Canterbury Woods
Canterbury Woods,Week5,South Run,Week2,219.0 South Run - 179.0 Canterbury Woods
Canterbury Woods,Week4,Poplar Heights,Week1,244.0 Poplar Heights - 158.0 Canterbury Woods
Canterbury Woods,Week5,Poplar Heights,Week3,248.0 Poplar Heights - 154.0 Canterbury Woods
Cardinal Hill,Week3,Fox Mill Woods,Week5,225.0 Cardinal Hill - 177.0 Fox Mill Woods
Canterbury Woods,Week4,Springboard,Week2,269.0 Canterbury Woods - 127.0 Springboard
Cardinal Hill,Week2,Pinewood Lake,Week3,366.0 Cardinal Hill - 34.0 Pinewood Lake
Cardinal Hill,Week2,Lincolnia Park,Week1,334.0 Cardinal Hill - 63.0 Lincolnia Park
Cardinal Hill,Week2,Pinewood Lake,Week1,361.0 Cardinal Hill - 35.0 Pinewood Lake
Canterbury Woods,Week1,Old Keene Mill,Week1,216.0 Canterbury Woods - 186.0 Old Keene Mill
Cardinal Hill,Week5,Pinecrest,Week1,217.0 Cardinal Hill - 185.0 Pinecrest
Cardinal Hill,Week2,Lee Graham,Week4,246.5 Lee Graham - 155.5 Cardinal Hill
Canterbury Woods,Week4,Old Keene Mill,Week1,238.0 Canterbury Woods - 164.0 Old Keene Mill
Cardinal Hill,Week4,Pinecrest,Week4,224.0 Pinecrest - 178.0 Cardinal Hill
Canterbury Woods,Week3,Springboard,Week5,229.0 Canterbury Woods - 172.0 Springboard
Cardinal Hill,Week5,Fox Mill Estates,Week3,275.0 Cardinal Hill - 126.0 Fox Mill Estates
Canterbury Woods,Week4,Poplar Heights,Week5,270.0 Poplar Heights - 132.0 Canterbury Woods
Cardinal Hill,Week3,Lee Graham,Week5,219.0 Lee Graham - 183.0 Cardinal Hill
Canterbury Woods,Week4,Springboard,Week1,249.0 Canterbury Woods - 152.0 Springboard
Canterbury Woods,Week1,Springboard,Week1,232.0 Canterbury Woods - 169.0 Springboard
Cardinal Hill,Week5,Lee Graham,Week1,226.0 Lee Graham - 176.0 Cardinal Hill
Cardinal Hill,Week4,Fox Mill Estates,Week3,288.0 Cardinal Hill - 114.0 Fox Mill Estates
Cardinal Hill,Week2,Pinewood Lake,Week5,358.0 Cardinal Hill - 43.0 Pinewood Lake
Camelot,Week2,Springfield,Week4,317.0 Camelot - 75.0 Springfield
Canterbury Woods,Week1,Poplar Tree,Week3,269.0 Poplar Tree - 133.0 Canterbury Woods
Canterbury Woods,Week3,Springboard,Week3,235.0 Canterbury Woods - 166.0 Springboard
Canterbury Woods,Week2,Poplar Heights,Week3,279.0 Poplar Heights - 123.0 Canterbury Woods
Cardinal Hill,Week5,Pinecrest,Week3,239.0 Pinecrest - 163.0 Cardinal Hill
Cardinal Hill,Week4,Lee Graham,Week4,230.0 Lee Graham - 172.0 Cardinal Hill
Canterbury Woods,Week2,Springboard,Week5,201.0 Canterbury Woods - 197.0 Springboard
Cardinal Hill,Week5,Fox Mill Estates,Week5,266.0 Cardinal Hill - 136.0 Fox Mill Estates
Canterbury Woods,Week2,Springboard,Week2,231.0 Canterbury Woods - 167.0 Springboard
Camelot,Week2,Springfield,Week3,328.0 Camelot - 58.0 Springfield
Cardinal Hill,Week2,Lee Graham,Week5,252.0 Lee Graham - 150.0 Cardinal Hill
Camelot,Week3,Springfield,Week4,325.0 Camelot - 70.0 Springfield
Canterbury Woods,Week4,Old Keene Mill,Week4,217.0 Canterbury Woods - 185.0 Old Keene Mill
Cardinal Hill,Week3,Pinewood Lake,Week1,373.0 Cardinal Hill - 28.0 Pinewood Lake
Canterbury Woods,Week2,Orange Hunt,Week1,250.0 Orange Hunt - 152.0 Canterbury Woods
Camelot,Week2,Springfield,Week5,337.0 Camelot - 56.0 Springfield
Canterbury Woods,Week1,Springboard,Week2,251.0 Canterbury Woods - 145.0 Springboard
Cardinal Hill,Week1,Fox Mill Woods,Week1,206.0 Fox Mill Woods - 196.0 Cardinal Hill
Canterbury Woods,Week2,Old Keene Mill,Week5,204.0 Canterbury Woods - 198.0 Old Keene Mill
Cardinal Hill,Week1,Pinewood Lake,Week4,376.0 Cardinal Hill - 25.0 Pinewood Lake
Cardinal Hill,Week1,Lincolnia Park,Week1,359.0 Cardinal Hill - 43.0 Lincolnia Park
Canterbury Woods,Week3,Poplar Heights,Week5,276.0 Poplar Heights - 126.0 Canterbury Woods
Cardinal Hill,Week4,Fox Mill Estates,Week1,293.0 Cardinal Hill - 109.0 Fox Mill Estates
Canterbury Woods,Week3,Old Keene Mill,Week1,233.0 Canterbury Woods - 169.0 Old Keene Mill
Cardinal Hill,Week2,Fox Mill Woods,Week3,214.0 Fox Mill Woods - 188.0 Cardinal Hill
Canterbury Woods,Week5,Poplar Heights,Week5,264.0 Poplar Heights - 138.0 Canterbury Woods
Canterbury Woods,Week1,Poplar Tree,Week4,260.0 Poplar Tree - 142.0 Canterbury Woods
Canterbury Woods,Week3,Poplar Heights,Week2,254.0 Poplar Heights - 148.0 Canterbury Woods
Cardinal Hill,Week2,Lincolnia Park,Week3,310.0 Cardinal Hill - 78.0 Lincolnia Park
Canterbury Woods,Week4,Poplar Heights,Week3,253.0 Poplar Heights - 149.0 Canterbury Woods
Canterbury Woods,Week3,Springboard,Week1,241.0 Canterbury Woods - 160.0 Springboard
Cardinal Hill,Week3,Fox Mill Estates,Week5,295.5 Cardinal Hill - 106.5 Fox Mill Estates
Cardinal Hill,Week4,Lee Graham,Week5,234.0 Lee Graham - 168.0 Cardinal Hill
Cardinal Hill,Week3,Pinewood Lake,Week4,370.0 Cardinal Hill - 30.0 Pinewood Lake
Cardinal Hill,Week4,Fox Mill Woods,Week1,217.0 Fox Mill Woods - 185.0 Cardinal Hill
Canterbury Woods,Week4,Springboard,Week4,241.0 Canterbury Woods - 161.0 Springboard
Cardinal Hill,Week1,Lincolnia Park,Week4,353.0 Cardinal Hill - 49.0 Lincolnia Park
Cardinal Hill,Week3,Fox Mill Woods,Week4,228.5 Cardinal Hill - 173.5 Fox Mill Woods
Canterbury Woods,Week3,Old Keene Mill,Week4,216.0 Canterbury Woods - 186.0 Old Keene Mill
Canterbury Woods,Week3,Old Keene Mill,Week3,217.0 Canterbury Woods - 185.0 Old Keene Mill
Cardinal Hill,Week3,Pinewood Lake,Week3,376.0 Cardinal Hill - 24.0 Pinewood Lake
Canterbury Woods,Week4,Old Keene Mill,Week5,215.0 Canterbury Woods - 187.0 Old Keene Mill
Canterbury Woods,Week2,Old Keene Mill,Week2,209.0 Canterbury Woods - 193.0 Old Keene Mill
Cardinal Hill,Week5,Fox Mill Estates,Week1,295.0 Cardinal Hill - 107.0 Fox Mill Estates
Canterbury Woods,Week5,Springboard,Week3,222.0 Canterbury Woods - 171.0 Springboard
Cardinal Hill,Week4,Pinewood Lake,Week1,371.0 Cardinal Hill - 31.0 Pinewood Lake
Canterbury Woods,Week5,Springfield,Week2,345.0 Canterbury Woods - 37.0 Springfield
Canterbury Woods,Week5,Springboard,Week1,239.0 Canterbury Woods - 154.0 Springboard
Canterbury Woods,Week3,Old Keene Mill,Week2,213.0 Canterbury Woods - 189.0 Old Keene Mill
Cardinal Hill,Week3,Lee Graham,Week2,203.0 Lee Graham - 199.0 Cardinal Hill
Cardinal Hill,Week1,Fox Mill Woods,Week2,208.0 Cardinal Hill - 194.0 Fox Mill Woods
Cardinal Hill,Week2,Pinewood Lake,Week2,366.0 Cardinal Hill - 29.0 Pinewood Lake
Cardinal Hill,Week4,Lee Graham,Week3,234.0 Lee Graham - 168.0 Cardinal Hill
Canterbury Woods,Week4,Old Keene Mill,Week2,216.0 Canterbury Woods - 186.0 Old Keene Mill
Cardinal Hill,Week1,Lincolnia Park,Week2,360.0 Cardinal Hill - 33.0 Lincolnia Park
Canterbury Woods,Week1,Poplar Tree,Week2,244.0 Poplar Tree - 158.0 Canterbury Woods
Cardinal Hill,Week4,Fox Mill Estates,Week4,279.0 Cardinal Hill - 123.0 Fox Mill Estates
Camelot,Week1,Springfield,Week1,333.0 Camelot - 62.0 Springfield
Camelot,Week2,Springfield,Week2,331.0 Camelot - 58.0 Springfield
Cardinal Hill,Week5,Lee Graham,Week5,245.0 Lee Graham - 157.0 Cardinal Hill
Cardinal Hill,Week3,Pinewood Lake,Week2,377.0 Cardinal Hill - 25.0 Pinewood Lake
Canterbury Woods,Week2,Poplar Heights,Week4,277.0 Poplar Heights - 125.0 Canterbury Woods
Canterbury Woods,Week1,Poplar Tree,Week5,287.0 Poplar Tree - 115.0 Canterbury Woods
Camelot,Week1,Springfield,Week2,342.0 Camelot - 51.0 Springfield
Cardinal Hill,Week1,Pinewood Lake,Week2,380.0 Cardinal Hill - 21.0 Pinewood Lake
Canterbury Woods,Week4,South Run,Week5,216.0 South Run - 186.0 Canterbury Woods
Cardinal Hill,Week4,Lee Graham,Week1,227.0 Lee Graham - 175.0 Cardinal Hill
Cardinal Hill,Week1,Pinewood Lake,Week3,378.0 Cardinal Hill - 23.0 Pinewood Lake
Cardinal Hill,Week3,Pinewood Lake,Week5,364.0 Cardinal Hill - 37.0 Pinewood Lake
Canterbury Woods,Week1,Poplar Tree,Week1,266.0 Poplar Tree - 135.0 Canterbury Woods
Canterbury Woods,Week1,Springfield,Week1,340.0 Canterbury Woods - 54.0 Springfield
Canterbury Woods,Week5,Springfield,Week4,332.0 Canterbury Woods - 50.0 Springfield
Canterbury Woods,Week1,Springfield,Week2,342.0 Canterbury Woods - 48.0 Springfield
Canterbury Woods,Week3,Old Keene Mill,Week5,214.0 Canterbury Woods - 183.0 Old Keene Mill
Canterbury Woods,Week2,Poplar Tree,Week4,270.0 Poplar Tree - 132.0 Canterbury Woods
Canterbury Woods,Week1,Old Keene Mill,Week5,203.0 Old Keene Mill - 199.0 Canterbury Woods
Cardinal Hill,Week1,Lincolnia Park,Week5,345.0 Cardinal Hill - 48.0 Lincolnia Park
Cardinal Hill,Week3,Lee Graham,Week3,224.0 Lee Graham - 178.0 Cardinal Hill
Cardinal Hill,Week1,Fox Mill Woods,Week5,209.0 Fox Mill Woods - 193.0 Cardinal Hill
Cardinal Hill,Week2,Lincolnia Park,Week2,337.0 Cardinal Hill - 51.0 Lincolnia Park
Canterbury Woods,Week1,Old Keene Mill,Week3,210.0 Old Keene Mill - 192.0 Canterbury Woods
Canterbury Woods,Week2,Springfield,Week3,334.0 Canterbury Woods - 57.0 Springfield
Camelot,Week3,Springfield,Week5,345.0 Camelot - 46.0 Springfield
Canterbury Woods,Week3,Poplar Heights,Week1,252.0 Poplar Heights - 150.0 Canterbury Woods
Canterbury Woods,Week1,Old Keene Mill,Week4,202.0 Canterbury Woods - 200.0 Old Keene Mill
Camelot,Week4,Springfield,Week2,335.0 Camelot - 64.0 Springfield
Cardinal Hill,Week1,Fox Mill Woods,Week3,214.5 Cardinal Hill - 187.5 Fox Mill Woods
Cardinal Hill,Week5,Lee Graham,Week3,243.0 Lee Graham - 159.0 Cardinal Hill
Cardinal Hill,Week5,Pinecrest,Week5,202.0 Pinecrest - 199.0 Cardinal Hill
Canterbury Woods,Week5,Poplar Heights,Week1,238.0 Poplar Heights - 163.0 Canterbury Woods
Canterbury Woods,Week2,Poplar Tree,Week3,266.0 Poplar Tree - 136.0 Canterbury Woods
Canterbury Woods,Week3,Springfield,Week1,356.0 Canterbury Woods - 44.0 Springfield
Canterbury Woods,Week5,Old Keene Mill,Week5,201.0 Canterbury Woods - 201.0 Old Keene Mill
Cardinal Hill,Week4,Pinewood Lake,Week2,372.0 Cardinal Hill - 30.0 Pinewood Lake
Cardinal Hill,Week5,Fox Mill Estates,Week2,267.0 Cardinal Hill - 135.0 Fox Mill Estates
Cardinal Hill,Week2,Fox Mill Woods,Week2,210.0 Fox Mill Woods - 192.0 Cardinal Hill
Camelot,Week1,Springfield,Week5,342.0 Camelot - 54.0 Springfield
Cardinal Hill,Week1,Fox Mill Woods,Week4,211.0 Fox Mill Woods - 191.0 Cardinal Hill
Cardinal Hill,Week4,Pinewood Lake,Week3,375.0 Cardinal Hill - 27.0 Pinewood Lake
Canterbury Woods,Week2,Springfield,Week1,321.0 Canterbury Woods - 73.0 Springfield
Canterbury Woods,Week1,Fairfax Club Estates,Week2,219.0 Canterbury Woods - 183.0 Fairfax Club Estates
Canterbury Woods,Week4,Springfield,Week2,361.0 Canterbury Woods - 39.0 Springfield
Canterbury Woods,Week3,Springfield,Week3,357.0 Canterbury Woods - 41.0 Springfield
Canterbury Woods,Week2,Poplar Tree,Week1,268.0 Poplar Tree - 134.0 Canterbury Woods
Cardinal Hill,Week5,Fox Mill Estates,Week4,259.0 Cardinal Hill - 143.0 Fox Mill Estates
Cardinal Hill,Week3,Lincolnia Park,Week3,331.0 Cardinal Hill - 62.0 Lincolnia Park
Cardinal Hill,Week2,Lincolnia Park,Week5,309.0 Cardinal Hill - 84.0 Lincolnia Park
Canterbury Woods,Week5,Old Keene Mill,Week2,221.0 Canterbury Woods - 181.0 Old Keene Mill
Canterbury Woods,Week2,Old Keene Mill,Week1,225.0 Canterbury Woods - 177.0 Old Keene Mill
Canterbury Woods,Week4,Fairfax Club Estates,Week1,221.0 Canterbury Woods - 176.0 Fairfax Club Estates
Canterbury Woods,Week3,Poplar Tree,Week3,262.0 Poplar Tree - 140.0 Canterbury Woods
Cardinal Hill,Week1,Pinewood Lake,Week1,378.0 Cardinal Hill - 23.0 Pinewood Lake
Canterbury Woods,Week4,Fairfax Club Estates,Week4,233.0 Canterbury Woods - 169.0 Fairfax Club Estates
Cardinal Hill,Week2,Pinewood Lake,Week4,365.0 Cardinal Hill - 35.0 Pinewood Lake
Canterbury Woods,Week3,Poplar Tree,Week4,239.0 Poplar Tree - 163.0 Canterbury Woods
Cardinal Hill,Week3,Fox Mill Woods,Week2,222.0 Cardinal Hill - 180.0 Fox Mill Woods
Canterbury Woods,Week2,Old Keene Mill,Week4,204.0 Canterbury Woods - 198.0 Old Keene Mill
Cardinal Hill,Week1,Pinewood Lake,Week5,366.0 Cardinal Hill - 35.0 Pinewood Lake
Cardinal Hill,Week3,Lee Graham,Week4,202.0 Cardinal Hill - 200.0 Lee Graham
Cardinal Hill,Week2,Fox Mill Woods,Week5,228.0 Fox Mill Woods - 174.0 Cardinal Hill
Cardinal Hill,Week5,Lee Graham,Week4,237.5 Lee Graham - 164.5 Cardinal Hill
Canterbury Woods,Week2,Poplar Tree,Week2,255.0 Poplar Tree - 147.0 Canterbury Woods
Canterbury Woods,Week2,Poplar Tree,Week5,291.0 Poplar Tree - 111.0 Canterbury Woods
Canterbury Woods,Week2,Stratford,Week1,205.0 Canterbury Woods - 194.0 Stratford
Cardinal Hill,Week4,Fox Mill Estates,Week2,277.0 Cardinal Hill - 125.0 Fox Mill Estates
Canterbury Woods,Week5,Old Keene Mill,Week4,225.0 Canterbury Woods - 177.0 Old Keene Mill
Canterbury Woods,Week4,Springfield,Week5,356.0 Canterbury Woods - 37.0 Springfield
Canterbury Woods,Week2,Stratford,Week3,219.0 Stratford - 183.0 Canterbury Woods
Canterbury Woods,Week5,Fairfax,Week4,307.0 Fairfax - 91.0 Canterbury Woods
Cardinal Hill,Week5,Fox Mill Woods,Week2,202.0 Fox Mill Woods - 200.0 Cardinal Hill
Canterbury Woods,Week5,Old Keene Mill,Week3,222.0 Canterbury Woods - 180.0 Old Keene Mill
Cardinal Hill,Week5,Fox Mill Woods,Week1,213.0 Fox Mill Woods - 189.0 Cardinal Hill
Cardinal Hill,Week4,Fox Mill Woods,Week2,212.0 Fox Mill Woods - 190.0 Cardinal Hill
Cardinal Hill,Week5,Fox Mill Woods,Week3,208.0 Cardinal Hill - 194.0 Fox Mill Woods
Cardinal Hill,Week4,Fox Mill Woods,Week5,217.0 Fox Mill Woods - 185.0 Cardinal Hill
Canterbury Woods,Week3,Poplar Tree,Week2,240.0 Poplar Tree - 162.0 Canterbury Woods
Cardinal Hill,Week5,Lincolnia Park,Week2,336.0 Cardinal Hill - 56.0 Lincolnia Park
Canterbury Woods,Week2,Ravensworth Farm,Week3,282.0 Ravensworth Farm - 119.0 Canterbury Woods
Canterbury Woods,Week2,Springfield,Week4,311.0 Canterbury Woods - 86.0 Springfield
Canterbury Woods,Week1,Fairfax Club Estates,Week5,211.0 Canterbury Woods - 190.0 Fairfax Club Estates
Canterbury Woods,Week5,Springboard,Week5,222.0 Canterbury Woods - 171.0 Springboard
Cardinal Hill,Week4,Lincolnia Park,Week3,316.5 Cardinal Hill - 76.5 Lincolnia Park
Canterbury Woods,Week3,Poplar Tree,Week5,288.0 Poplar Tree - 114.0 Canterbury Woods
Canterbury Woods,Week5,Fairfax Club Estates,Week1,209.0 Canterbury Woods - 192.0 Fairfax Club Estates
Canterbury Woods,Week5,Springfield,Week1,334.0 Canterbury Woods - 48.0 Springfield
Cardinal Hill,Week4,Lincolnia Park,Week4,338.0 Cardinal Hill - 64.0 Lincolnia Park
Canterbury Woods,Week5,Fairfax Club Estates,Week2,232.0 Canterbury Woods - 166.0 Fairfax Club Estates
Cardinal Hill,Week3,Lincolnia Park,Week2,356.0 Cardinal Hill - 37.0 Lincolnia Park
Canterbury Woods,Week1,Orange Hunt,Week1,245.5 Orange Hunt - 156.5 Canterbury Woods
Cardinal Hill,Week5,Lincolnia Park,Week4,331.0 Cardinal Hill - 70.0 Lincolnia Park
Canterbury Woods,Week4,Poplar Tree,Week1,243.0 Poplar Tree - 159.0 Canterbury Woods
Canterbury Woods,Week4,Ravensworth Farm,Week1,242.0 Ravensworth Farm - 160.0 Canterbury Woods
Canterbury Woods,Week4,Old Keene Mill,Week3,220.0 Canterbury Woods - 182.0 Old Keene Mill
Cardinal Hill,Week2,Fox Mill Woods,Week4,233.0 Fox Mill Woods - 169.0 Cardinal Hill
Canterbury Woods,Week2,Old Keene Mill,Week3,208.0 Canterbury Woods - 194.0 Old Keene Mill
Canterbury Woods,Week2,Fairfax Club Estates,Week3,212.0 Canterbury Woods - 189.0 Fairfax Club Estates
Cardinal Hill,Week5,Fox Mill Woods,Week4,205.0 Fox Mill Woods - 197.0 Cardinal Hill
Canterbury Woods,Week1,Fairfax Station,Week4,306.0 Fairfax Station - 96.0 Canterbury Woods
Canterbury Woods,Week2,Springfield,Week2,338.0 Canterbury Woods - 53.0 Springfield
Canterbury Woods,Week1,Orange Hunt,Week3,261.0 Orange Hunt - 141.0 Canterbury Woods
Canterbury Woods,Week1,Orange Hunt,Week5,273.0 Orange Hunt - 129.0 Canterbury Woods
Cardinal Hill,Week5,Lincolnia Park,Week1,336.0 Cardinal Hill - 66.0 Lincolnia Park
Canterbury Woods,Week2,Stratford,Week2,205.0 Stratford - 197.0 Canterbury Woods
Canterbury Woods,Week4,Ravensworth Farm,Week4,254.0 Ravensworth Farm - 148.0 Canterbury Woods
Canterbury Woods,Week1,Orange Hunt,Week2,244.0 Orange Hunt - 158.0 Canterbury Woods
Canterbury Woods,Week5,Fairfax Club Estates,Week3,229.0 Canterbury Woods - 169.0 Fairfax Club Estates
Canterbury Woods,Week4,Springfield,Week3,361.0 Canterbury Woods - 37.0 Springfield
Cardinal Hill,Week1,Greenbriar,Week4,261.0 Cardinal Hill - 141.0 Greenbriar
Canterbury Woods,Week3,Fairfax Club Estates,Week3,238.0 Canterbury Woods - 164.0 Fairfax Club Estates
Canterbury Woods,Week3,Fairfax Club Estates,Week4,222.0 Canterbury Woods - 175.0 Fairfax Club Estates
Cardinal Hill,Week4,Lincolnia Park,Week1,339.0 Cardinal Hill - 63.0 Lincolnia Park
Canterbury Woods,Week3,Orange Hunt,Week1,234.0 Orange Hunt - 168.0 Canterbury Woods
Cardinal Hill,Week1,Little Hunting Park,Week5,285.0 Cardinal Hill - 117.0 Little Hunting Park
Canterbury Woods,Week1,Fairfax Club Estates,Week1,207.0 Canterbury Woods - 195.0 Fairfax Club Estates
Canterbury Woods,Week1,Ravensworth Farm,Week1,268.0 Ravensworth Farm - 134.0 Canterbury Woods
Canterbury Woods,Week4,Poplar Tree,Week5,265.0 Poplar Tree - 137.0 Canterbury Woods
Canterbury Woods,Week1,Springfield,Week5,341.0 Canterbury Woods - 54.0 Springfield
Canterbury Woods,Week1,Orange Hunt,Week4,252.0 Orange Hunt - 150.0 Canterbury Woods
Canterbury Woods,Week5,Ravensworth Farm,Week1,250.0 Ravensworth Farm - 151.0 Canterbury Woods
Cardinal Hill,Week3,Great Falls,Week5,238.0 Cardinal Hill - 164.0 Great Falls
Canterbury Woods,Week4,Springfield,Week1,357.0 Canterbury Woods - 41.0 Springfield
Cardinal Hill,Week1,Greenbriar,Week1,242.0 Cardinal Hill - 160.0 Greenbriar
Canterbury Woods,Week4,Poplar Tree,Week2,224.0 Poplar Tree - 173.0 Canterbury Woods
Canterbury Woods,Week5,Poplar Tree,Week4,244.0 Poplar Tree - 157.0 Canterbury Woods
Cardinal Hill,Week1,Little Hunting Park,Week4,307.0 Cardinal Hill - 95.0 Little Hunting Park
Canterbury Woods,Week3,Orange Hunt,Week5,259.0 Orange Hunt - 143.0 Canterbury Woods
Canterbury Woods,Week2,Orange Hunt,Week2,254.0 Orange Hunt - 148.0 Canterbury Woods
Canterbury Woods,Week2,Springfield,Week5,320.0 Canterbury Woods - 74.0 Springfield
Canterbury Woods,Week3,Fairfax Club Estates,Week1,213.0 Canterbury Woods - 189.0 Fairfax Club Estates
Cardinal Hill,Week1,Little Hunting Park,Week3,306.0 Cardinal Hill - 96.0 Little Hunting Park
Canterbury Woods,Week2,Fairfax Club Estates,Week4,207.0 Canterbury Woods - 194.0 Fairfax Club Estates
Cardinal Hill,Week2,Little Hunting Park,Week1,295.0 Cardinal Hill - 106.0 Little Hunting Park
Canterbury Woods,Week5,Poplar Tree,Week1,259.0 Poplar Tree - 143.0 Canterbury Woods
Cardinal Hill,Week5,Great Falls,Week3,236.0 Cardinal Hill - 166.0 Great Falls
Canterbury Woods,Week3,Springfield,Week4,342.0 Canterbury Woods - 58.0 Springfield
Cardinal Hill,Week3,Great Falls,Week2,256.0 Cardinal Hill - 128.0 Great Falls
Canterbury Woods,Week2,Fairfax Club Estates,Week2,206.0 Canterbury Woods - 195.0 Fairfax Club Estates
Canterbury Woods,Week2,Orange Hunt,Week3,263.0 Orange Hunt - 139.0 Canterbury Woods
Cardinal Hill,Week1,Little Hunting Park,Week1,304.0 Cardinal Hill - 98.0 Little Hunting Park
Canterbury Woods,Week2,Ravensworth Farm,Week2,250.0 Ravensworth Farm - 152.0 Canterbury Woods
Canterbury Woods,Week4,Orange Hunt,Week1,228.0 Orange Hunt - 174.0 Canterbury Woods
Canterbury Woods,Week3,Springfield,Week5,355.0 Canterbury Woods - 41.0 Springfield
Canterbury Woods,Week5,Orange Hunt,Week3,251.0 Orange Hunt - 150.0 Canterbury Woods
Canterbury Woods,Week3,Springfield,Week2,362.0 Canterbury Woods - 31.0 Springfield
Canterbury Woods,Week4,Fairfax Club Estates,Week2,223.0 Canterbury Woods - 179.0 Fairfax Club Estates
Canterbury Woods,Week3,Fairfax Club Estates,Week5,218.0 Canterbury Woods - 183.0 Fairfax Club Estates
Cardinal Hill,Week4,Lincolnia Park,Week2,341.0 Cardinal Hill - 52.0 Lincolnia Park
Canterbury Woods,Week1,Ravensworth Farm,Week2,240.0 Ravensworth Farm - 162.0 Canterbury Woods
Cardinal Hill,Week2,Great Falls,Week3,218.0 Cardinal Hill - 179.0 Great Falls
Canterbury Woods,Week2,Orange Hunt,Week4,250.0 Orange Hunt - 152.0 Canterbury Woods
Canterbury Woods,Week2,Fairfax Club Estates,Week5,209.0 Canterbury Woods - 189.0 Fairfax Club Estates
Canterbury Woods,Week1,Springfield,Week3,347.0 Canterbury Woods - 43.0 Springfield
Cardinal Hill,Week5,Great Falls,Week2,252.0 Cardinal Hill - 132.0 Great Falls
Camelot,Week4,Sully Station,Week4,269.0 Sully Station - 133.0 Camelot
Camelot,Week2,Sully Station,Week3,255.0 Sully Station - 147.0 Camelot
Cardinal Hill,Week1,Little Hunting Park,Week2,307.0 Cardinal Hill - 95.0 Little Hunting Park
Cardinal Hill,Week1,Great Falls,Week2,254.0 Cardinal Hill - 130.0 Great Falls
Canterbury Woods,Week4,Fairfax Club Estates,Week5,234.5 Canterbury Woods - 161.5 Fairfax Club Estates
Canterbury Woods,Week1,Springfield,Week4,320.5 Canterbury Woods - 74.5 Springfield
Cardinal Hill,Week4,Lincolnia Park,Week5,328.0 Cardinal Hill - 65.0 Lincolnia Park
Cardinal Hill,Week3,Lincolnia Park,Week5,330.0 Cardinal Hill - 63.0 Lincolnia Park
Canterbury Woods,Week2,Ravensworth Farm,Week4,275.0 Ravensworth Farm - 122.0 Canterbury Woods
Cardinal Hill,Week5,Great Falls,Week5,224.0 Cardinal Hill - 178.0 Great Falls
Canterbury Woods,Week4,Orange Hunt,Week5,252.0 Orange Hunt - 150.0 Canterbury Woods
Cardinal Hill,Week4,Great Falls,Week4,255.5 Cardinal Hill - 146.5 Great Falls
Canterbury Woods,Week1,Ravensworth Farm,Week3,276.5 Ravensworth Farm - 125.5 Canterbury Woods
Camelot,Week5,Sully Station,Week2,255.0 Sully Station - 147.0 Camelot
Cardinal Hill,Week5,Great Falls,Week1,256.0 Cardinal Hill - 146.0 Great Falls
Canterbury Woods,Week1,Fairfax Station,Week1,291.0 Fairfax Station - 111.0 Canterbury Woods
Canterbury Woods,Week3,Ravensworth Farm,Week2,237.0 Ravensworth Farm - 165.0 Canterbury Woods
Canterbury Woods,Week1,Ravensworth Farm,Week4,268.0 Ravensworth Farm - 134.0 Canterbury Woods
Canterbury Woods,Week1,Stratford,Week3,214.0 Stratford - 188.0 Canterbury Woods
Canterbury Woods,Week4,Springfield,Week4,346.0 Canterbury Woods - 50.0 Springfield
Cardinal Hill,Week5,Lincolnia Park,Week3,317.0 Cardinal Hill - 75.0 Lincolnia Park
Cardinal Hill,Week5,Lincolnia Park,Week5,317.0 Cardinal Hill - 75.0 Lincolnia Park
Camelot,Week3,Sully Station,Week4,264.0 Sully Station - 138.0 Camelot
Cardinal Hill,Week3,Great Falls,Week1,286.0 Cardinal Hill - 116.0 Great Falls
Camelot,Week5,Sully Station,Week1,266.0 Sully Station - 135.0 Camelot
Canterbury Woods,Week3,Orange Hunt,Week4,227.0 Orange Hunt - 175.0 Canterbury Woods
Canterbury Woods,Week1,Fairfax Club Estates,Week3,216.0 Canterbury Woods - 186.0 Fairfax Club Estates
Camelot,Week5,Stratford,Week3,223.0 Camelot - 179.0 Stratford
Cardinal Hill,Week5,Fox Mill Woods,Week5,201.0 Cardinal Hill - 201.0 Fox Mill Woods
Cardinal Hill,Week2,Great Falls,Week2,222.0 Cardinal Hill - 162.0 Great Falls
Canterbury Woods,Week3,Orange Hunt,Week2,233.0 Orange Hunt - 169.0 Canterbury Woods
Canterbury Woods,Week5,Fairfax,Week5,333.0 Fairfax - 65.0 Canterbury Woods
Canterbury Woods,Week3,Ravensworth Farm,Week1,260.0 Ravensworth Farm - 142.0 Canterbury Woods
Canterbury Woods,Week1,Stratford,Week2,208.0 Canterbury Woods - 189.0 Stratford
Cardinal Hill,Week1,Great Falls,Week4,271.0 Cardinal Hill - 131.0 Great Falls
Canterbury Woods,Week4,Poplar Tree,Week3,246.0 Poplar Tree - 156.0 Canterbury Woods
Cardinal Hill,Week2,Great Falls,Week1,243.0 Cardinal Hill - 159.0 Great Falls
Camelot,Week1,Sully Station,Week4,262.0 Sully Station - 140.0 Camelot
Canterbury Woods,Week3,Orange Hunt,Week3,250.0 Orange Hunt - 152.0 Canterbury Woods
Canterbury Woods,Week3,Ravensworth Farm,Week4,257.0 Ravensworth Farm - 145.0 Canterbury Woods
Camelot,Week2,Sully Station,Week1,254.0 Sully Station - 148.0 Camelot
Canterbury Woods,Week2,Fairfax Club Estates,Week1,200.0 Fairfax Club Estates - 197.0 Canterbury Woods
Canterbury Woods,Week5,Springfield,Week5,340.0 Canterbury Woods - 47.0 Springfield
Canterbury Woods,Week5,Fairfax Club Estates,Week5,222.0 Canterbury Woods - 171.0 Fairfax Club Estates
Canterbury Woods,Week4,Orange Hunt,Week2,235.0 Orange Hunt - 167.0 Canterbury Woods
Canterbury Woods,Week5,Springfield,Week3,346.0 Canterbury Woods - 29.0 Springfield
Canterbury Woods,Week3,Ravensworth Farm,Week3,260.0 Ravensworth Farm - 142.0 Canterbury Woods
Canterbury Woods,Week2,Orange Hunt,Week5,264.0 Orange Hunt - 138.0 Canterbury Woods
Canterbury Woods,Week4,Orange Hunt,Week3,247.0 Orange Hunt - 155.0 Canterbury Woods
Cardinal Hill,Week3,Lincolnia Park,Week4,345.0 Cardinal Hill - 57.0 Lincolnia Park
Canterbury Woods,Week1,Stratford,Week1,216.0 Canterbury Woods - 186.0 Stratford
Canterbury Woods,Week2,Ravensworth Farm,Week5,280.0 Ravensworth Farm - 122.0 Canterbury Woods
Cardinal Hill,Week1,Great Falls,Week1,266.0 Cardinal Hill - 136.0 Great Falls
Canterbury Woods,Week3,Fairfax Club Estates,Week2,229.0 Canterbury Woods - 172.0 Fairfax Club Estates
Canterbury Woods,Week5,Fairfax Club Estates,Week4,225.0 Canterbury Woods - 173.0 Fairfax Club Estates
Cardinal Hill,Week4,Great Falls,Week3,247.0 Cardinal Hill - 155.0 Great Falls
Camelot,Week1,Sully Station,Week2,257.0 Sully Station - 145.0 Camelot
Canterbury Woods,Week5,Poplar Tree,Week5,269.0 Poplar Tree - 133.0 Canterbury Woods
Canterbury Woods,Week4,Ravensworth Farm,Week2,228.0 Ravensworth Farm - 174.0 Canterbury Woods
Canterbury Woods,Week1,Stratford,Week4,220.0 Stratford - 182.0 Canterbury Woods
Canterbury Woods,Week1,Stratford,Week5,212.0 Stratford - 190.0 Canterbury Woods
Canterbury Woods,Week4,Fairfax Club Estates,Week3,240.0 Canterbury Woods - 162.0 Fairfax Club Estates
Canterbury Woods,Week5,Orange Hunt,Week4,238.0 Orange Hunt - 163.0 Canterbury Woods
Camelot,Week1,Sully Station,Week5,264.0 Sully Station - 138.0 Camelot
Canterbury Woods,Week5,Orange Hunt,Week1,241.0 Orange Hunt - 160.0 Canterbury Woods
Canterbury Woods,Week3,Stratford,Week5,207.0 Canterbury Woods - 195.0 Stratford
Cardinal Hill,Week2,Great Falls,Week4,233.0 Cardinal Hill - 164.0 Great Falls
Canterbury Woods,Week4,Orange Hunt,Week4,230.0 Orange Hunt - 172.0 Canterbury Woods
Canterbury Woods,Week1,Fairfax Station,Week2,297.0 Fairfax Station - 105.0 Canterbury Woods
Camelot,Week5,Sully Station,Week3,249.0 Sully Station - 152.0 Camelot
Canterbury Woods,Week5,Poplar Tree,Week3,257.0 Poplar Tree - 145.0 Canterbury Woods
Canterbury Woods,Week4,Poplar Tree,Week4,232.0 Poplar Tree - 170.0 Canterbury Woods
Canterbury Woods,Week3,Stratford,Week2,227.0 Canterbury Woods - 175.0 Stratford
Cardinal Hill,Week1,Great Falls,Week5,225.0 Cardinal Hill - 177.0 Great Falls
Canterbury Woods,Week2,Sully Station,Week1,295.0 Sully Station - 107.0 Canterbury Woods
Camelot,Week2,Sully Station,Week5,255.0 Sully Station - 147.0 Camelot
Canterbury Woods,Week5,Orange Hunt,Week2,239.0 Orange Hunt - 162.0 Canterbury Woods
Canterbury Woods,Week2,Stratford,Week5,217.0 Stratford - 180.0 Canterbury Woods
Cardinal Hill,Week5,Annandale,Week5,320.0 Cardinal Hill - 82.0 Annandale
Canterbury Woods,Week1,Fairfax Station,Week3,313.0 Fairfax Station - 89.0 Canterbury Woods
Camelot,Week4,Sully Station,Week1,269.0 Sully Station - 133.0 Camelot
Canterbury Woods,Week5,Poplar Tree,Week2,245.0 Poplar Tree - 156.0 Canterbury Woods
Canterbury Woods,Week5,Fairfax Station,Week4,272.0 Fairfax Station - 130.0 Canterbury Woods
Camelot,Week5,Stratford,Week4,210.0 Camelot - 192.0 Stratford
Cardinal Hill,Week3,Great Falls,Week3,256.0 Cardinal Hill - 146.0 Great Falls
Canterbury Woods,Week1,Fairfax Club Estates,Week4,212.0 Canterbury Woods - 190.0 Fairfax Club Estates
Canterbury Woods,Week1,Forest Hollow,Week4,271.0 Forest Hollow - 131.0 Canterbury Woods
Cardinal Hill,Week2,Annandale,Week4,326.0 Cardinal Hill - 76.0 Annandale
Canterbury Woods,Week2,Forest Hollow,Week5,277.0 Forest Hollow - 125.0 Canterbury Woods
Canterbury Woods,Week4,Ravensworth Farm,Week3,255.0 Ravensworth Farm - 147.0 Canterbury Woods
Canterbury Woods,Week2,Ravensworth Farm,Week1,263.0 Ravensworth Farm - 139.0 Canterbury Woods
Canterbury Woods,Week4,Stratford,Week3,215.0 Canterbury Woods - 187.0 Stratford
Canterbury Woods,Week4,Stratford,Week4,204.0 Canterbury Woods - 198.0 Stratford
Camelot,Week2,Sully Station,Week2,256.0 Sully Station - 146.0 Camelot
Camelot,Week2,Sully Station,Week4,256.0 Sully Station - 146.0 Camelot
Cardinal Hill,Week5,Great Falls,Week4,256.0 Cardinal Hill - 146.0 Great Falls
Cardinal Hill,Week1,Great Falls,Week3,254.0 Cardinal Hill - 148.0 Great Falls
Camelot,Week3,Sully Station,Week2,258.0 Sully Station - 144.0 Camelot
Cardinal Hill,Week2,Great Falls,Week5,201.0 Great Falls - 196.0 Cardinal Hill
Camelot,Week1,Sully Station,Week3,249.0 Sully Station - 153.0 Camelot
Canterbury Woods,Week1,Ravensworth Farm,Week5,279.0 Ravensworth Farm - 123.0 Canterbury Woods
Canterbury Woods,Week2,Forest Hollow,Week3,269.0 Forest Hollow - 133.0 Canterbury Woods
Cardinal Hill,Week3,Greenbriar,Week1,262.0 Cardinal Hill - 140.0 Greenbriar
Cardinal Hill,Week2,Arlington Forest,Week4,216.0 Cardinal Hill - 186.0 Arlington Forest
Cardinal Hill,Week3,Arlington Forest,Week1,289.0 Cardinal Hill - 113.0 Arlington Forest
Camelot,Week5,Stratford,Week5,208.0 Camelot - 194.0 Stratford
Cardinal Hill,Week4,Great Falls,Week2,240.0 Cardinal Hill - 144.0 Great Falls
Canterbury Woods,Week3,Stratford,Week1,225.0 Canterbury Woods - 172.0 Stratford
Canterbury Woods,Week3,Ravensworth Farm,Week5,265.0 Ravensworth Farm - 137.0 Canterbury Woods
Cardinal Hill,Week2,Arlington Forest,Week2,252.0 Cardinal Hill - 145.0 Arlington Forest
Canterbury Woods,Week1,Sully Station,Week2,288.0 Sully Station - 109.0 Canterbury Woods
Canterbury Woods,Week2,Forest Hollow,Week1,263.0 Forest Hollow - 139.0 Canterbury Woods
Canterbury Woods,Week4,Stratford,Week5,210.0 Canterbury Woods - 192.0 Stratford
Canterbury Woods,Week3,Riverside Gardens,Week1,291.0 Riverside Gardens - 111.0 Canterbury Woods
Canterbury Woods,Week3,Fairfax Station,Week2,277.0 Fairfax Station - 125.0 Canterbury Woods
Canterbury Woods,Week5,Riverside Gardens,Week4,293.0 Riverside Gardens - 109.0 Canterbury Woods
Canterbury Woods,Week2,Stratford,Week4,227.0 Stratford - 175.0 Canterbury Woods
Camelot,Week3,Sully Station,Week1,269.0 Sully Station - 133.0 Camelot
Cardinal Hill,Week4,Great Falls,Week5,226.0 Cardinal Hill - 175.0 Great Falls
Canterbury Woods,Week3,Stratford,Week4,210.0 Canterbury Woods - 192.0 Stratford
Canterbury Woods,Week4,Riverside Gardens,Week3,282.0 Riverside Gardens - 120.0 Canterbury Woods
Canterbury Woods,Week5,Fairfax Station,Week1,277.5 Fairfax Station - 123.5 Canterbury Woods
Canterbury Woods,Week5,Fairfax Station,Week3,296.5 Fairfax Station - 105.5 Canterbury Woods
Cardinal Hill,Week1,Greenbriar,Week5,238.0 Cardinal Hill - 164.0 Greenbriar
Cardinal Hill,Week1,Greenbriar,Week3,244.0 Cardinal Hill - 158.0 Greenbriar
Canterbury Woods,Week5,Ravensworth Farm,Week5,262.0 Ravensworth Farm - 140.0 Canterbury Woods
Canterbury Woods,Week5,Stratford,Week3,206.0 Canterbury Woods - 195.0 Stratford
Cardinal Hill,Week3,Annandale,Week5,346.0 Cardinal Hill - 56.0 Annandale
Cardinal Hill,Week4,Great Falls,Week1,262.0 Cardinal Hill - 140.0 Great Falls
Cardinal Hill,Week1,Greenbriar,Week2,228.0 Cardinal Hill - 174.0 Greenbriar
Cardinal Hill,Week5,Annandale,Week2,328.0 Cardinal Hill - 74.0 Annandale
Canterbury Woods,Week1,Sully Station,Week4,296.0 Sully Station - 106.0 Canterbury Woods
Camelot,Week4,Sully Station,Week2,255.0 Sully Station - 147.0 Camelot
Canterbury Woods,Week5,Stratford,Week1,220.0 Canterbury Woods - 173.0 Stratford
Cardinal Hill,Week3,Annandale,Week4,354.0 Cardinal Hill - 48.0 Annandale
Camelot,Week4,Sully Station,Week3,266.0 Sully Station - 136.0 Camelot
Cardinal Hill,Week4,Annandale,Week5,335.0 Cardinal Hill - 67.0 Annandale
Camelot,Week3,Sully Station,Week3,256.0 Sully Station - 146.0 Camelot
Cardinal Hill,Week4,Annandale,Week3,324.0 Cardinal Hill - 78.0 Annandale
Camelot,Week3,Sully Station,Week5,267.0 Sully Station - 135.0 Camelot
Cardinal Hill,Week3,Great Falls,Week4,274.0 Cardinal Hill - 128.0 Great Falls
Camelot,Week1,Sully Station,Week1,259.0 Sully Station - 142.0 Camelot
Cardinal Hill,Week3,Annandale,Week1,346.0 Cardinal Hill - 56.0 Annandale
Canterbury Woods,Week1,Sully Station,Week3,297.0 Sully Station - 105.0 Canterbury Woods
Canterbury Woods,Week5,Fairfax Station,Week5,305.0 Fairfax Station - 97.0 Canterbury Woods
Canterbury Woods,Week1,Riverside Gardens,Week4,303.0 Riverside Gardens - 99.0 Canterbury Woods
Canterbury Woods,Week1,Fairfax Station,Week5,324.0 Fairfax Station - 78.0 Canterbury Woods
Canterbury Woods,Week2,Fairfax Station,Week2,286.0 Fairfax Station - 116.0 Canterbury Woods
Cardinal Hill,Week2,Annandale,Week5,311.0 Cardinal Hill - 91.0 Annandale
Canterbury Woods,Week4,Ravensworth Farm,Week5,255.0 Ravensworth Farm - 147.0 Canterbury Woods
Canterbury Woods,Week5,Ravensworth Farm,Week3,262.0 Ravensworth Farm - 136.0 Canterbury Woods
Cardinal Hill,Week1,Arlington Forest,Week5,231.0 Cardinal Hill - 171.0 Arlington Forest
Cardinal Hill,Week3,Greenbriar,Week2,239.0 Cardinal Hill - 163.0 Greenbriar
Canterbury Woods,Week1,Rolling Forest,Week3,246.0 Rolling Forest - 156.0 Canterbury Woods
Canterbury Woods,Week1,Sully Station II,Week3,310.0 Sully Station II - 92.0 Canterbury Woods
Cardinal Hill,Week1,Arlington Forest,Week3,303.0 Cardinal Hill - 99.0 Arlington Forest
Cardinal Hill,Week3,Annandale,Week2,347.0 Cardinal Hill - 55.0 Annandale
Cardinal Hill,Week2,Greenbriar,Week1,219.0 Cardinal Hill - 183.0 Greenbriar
Canterbury Woods,Week1,Forest Hollow,Week2,255.0 Forest Hollow - 147.0 Canterbury Woods
Canterbury Woods,Week4,Stratford,Week1,240.0 Canterbury Woods - 161.0 Stratford
Canterbury Woods,Week5,Riverside Gardens,Week2,276.0 Riverside Gardens - 126.0 Canterbury Woods
Cardinal Hill,Week2,Greenbriar,Week4,242.0 Cardinal Hill - 160.0 Greenbriar
Canterbury Woods,Week4,Fairfax Station,Week1,286.0 Fairfax Station - 116.0 Canterbury Woods
Canterbury Woods,Week4,Sully Station,Week2,264.0 Sully Station - 138.0 Canterbury Woods
Canterbury Woods,Week2,Fairfax Station,Week3,317.0 Fairfax Station - 85.0 Canterbury Woods
Cardinal Hill,Week5,Annandale,Week3,315.0 Cardinal Hill - 87.0 Annandale
Canterbury Woods,Week2,Riverside Gardens,Week3,306.0 Riverside Gardens - 96.0 Canterbury Woods
Cardinal Hill,Week5,Greenbriar,Week4,249.0 Cardinal Hill - 153.0 Greenbriar
Canterbury Woods,Week1,Sully Station,Week1,301.0 Sully Station - 101.0 Canterbury Woods
Canterbury Woods,Week4,Fairfax Station,Week3,300.0 Fairfax Station - 102.0 Canterbury Woods
Cardinal Hill,Week4,Greenbriar,Week5,236.0 Cardinal Hill - 166.0 Greenbriar
Canterbury Woods,Week1,Sully Station,Week5,312.0 Sully Station - 90.0 Canterbury Woods
Canterbury Woods,Week3,Fairfax Station,Week5,315.0 Fairfax Station - 87.0 Canterbury Woods
Canterbury Woods,Week2,Fairfax Station,Week5,327.0 Fairfax Station - 75.0 Canterbury Woods
Canterbury Woods,Week1,Rolling Forest,Week5,266.0 Rolling Forest - 136.0 Canterbury Woods
Cardinal Hill,Week2,Hamlet,Week5,275.0 Hamlet - 127.0 Cardinal Hill
Cardinal Hill,Week1,Arlington Forest,Week1,263.0 Cardinal Hill - 139.0 Arlington Forest
Canterbury Woods,Week1,Rolling Forest,Week1,253.0 Rolling Forest - 149.0 Canterbury Woods
Cardinal Hill,Week2,Greenbriar,Week2,202.0 Greenbriar - 200.0 Cardinal Hill
Camelot,Week4,Sully Station,Week5,274.0 Sully Station - 128.0 Camelot
Canterbury Woods,Week5,Stratford,Week4,202.0 Stratford - 199.0 Canterbury Woods
Canterbury Woods,Week1,Rolling Forest,Week2,232.0 Rolling Forest - 170.0 Canterbury Woods
Cardinal Hill,Week2,Arlington Forest,Week1,232.0 Cardinal Hill - 170.0 Arlington Forest
Canterbury Woods,Week3,Fairfax Station,Week4,290.0 Fairfax Station - 112.0 Canterbury Woods
Cardinal Hill,Week5,Annandale,Week1,335.0 Cardinal Hill - 67.0 Annandale
Canterbury Woods,Week3,Stratford,Week3,208.0 Canterbury Woods - 194.0 Stratford
Cardinal Hill,Week1,Hamlet,Week2,247.0 Hamlet - 155.0 Cardinal Hill
Canterbury Woods,Week2,Riverside Gardens,Week2,290.0 Riverside Gardens - 112.0 Canterbury Woods
Canterbury Woods,Week5,Ravensworth Farm,Week2,246.0 Ravensworth Farm - 154.0 Canterbury Woods
Canterbury Woods,Week3,Riverside Gardens,Week2,285.0 Riverside Gardens - 117.0 Canterbury Woods
Canterbury Woods,Week4,Fairfax Station,Week2,276.0 Fairfax Station - 126.0 Canterbury Woods
Cardinal Hill,Week1,Hamlet,Week5,249.0 Hamlet - 153.0 Cardinal Hill
Cardinal Hill,Week3,Annandale,Week3,333.5 Cardinal Hill - 68.5 Annandale
Canterbury Woods,Week1,Forest Hollow,Week1,260.0 Forest Hollow - 142.0 Canterbury Woods
Canterbury Woods,Week5,Stratford,Week5,202.0 Canterbury Woods - 199.0 Stratford
Cardinal Hill,Week2,Annandale,Week3,305.0 Cardinal Hill - 92.0 Annandale
Cardinal Hill,Week4,Annandale,Week4,340.0 Cardinal Hill - 62.0 Annandale
Canterbury Woods,Week4,Stratford,Week2,225.0 Canterbury Woods - 177.0 Stratford
Canterbury Woods,Week1,Riverside Gardens,Week1,297.0 Riverside Gardens - 105.0 Canterbury Woods
Canterbury Woods,Week2,Fairfax Station,Week4,304.0 Fairfax Station - 98.0 Canterbury Woods
Cardinal Hill,Week1,Hamlet,Week3,235.0 Hamlet - 167.0 Cardinal Hill
Canterbury Woods,Week3,Sully Station,Week1,290.0 Sully Station - 112.0 Canterbury Woods
Cardinal Hill,Week4,Annandale,Week1,335.0 Cardinal Hill - 67.0 Annandale
Canterbury Woods,Week2,Fairfax Station,Week1,299.5 Fairfax Station - 102.5 Canterbury Woods
Canterbury Woods,Week5,Stratford,Week2,205.0 Canterbury Woods - 191.0 Stratford
Canterbury Woods,Week2,Riverside Gardens,Week4,313.5 Riverside Gardens - 88.5 Canterbury Woods
Canterbury Woods,Week4,Fairfax Station,Week5,319.0 Fairfax Station - 83.0 Canterbury Woods
Cardinal Hill,Week4,Greenbriar,Week1,237.0 Cardinal Hill - 165.0 Greenbriar
Canterbury Woods,Week3,Sully Station,Week2,284.0 Sully Station - 118.0 Canterbury Woods
Cardinal Hill,Week1,Arlington Forest,Week4,253.0 Cardinal Hill - 149.0 Arlington Forest
Canterbury Woods,Week3,Riverside Gardens,Week5,297.0 Riverside Gardens - 105.0 Canterbury Woods
Cardinal Hill,Week4,Greenbriar,Week3,238.0 Cardinal Hill - 164.0 Greenbriar
Canterbury Woods,Week5,Fairfax Station,Week2,274.0 Fairfax Station - 127.0 Canterbury Woods
Cardinal Hill,Week3,Greenbriar,Week3,264.0 Cardinal Hill - 138.0 Greenbriar
Canterbury Woods,Week3,Sully Station,Week3,296.0 Sully Station - 106.0 Canterbury Woods
Canterbury Woods,Week1,Brookfield ,Week1,228.0 Brookfield - 174.0 Canterbury Woods
Canterbury Woods,Week1,Forest Hollow,Week5,284.0 Forest Hollow - 118.0 Canterbury Woods
Cardinal Hill,Week3,Greenbriar,Week5,263.0 Cardinal Hill - 139.0 Greenbriar
Canterbury Woods,Week4,Sully Station,Week1,269.0 Sully Station - 133.0 Canterbury Woods
Canterbury Woods,Week3,Fairfax Station,Week3,300.0 Fairfax Station - 102.0 Canterbury Woods
Cardinal Hill,Week1,Brandywine,Week5,234.0 Cardinal Hill - 168.0 Brandywine
Canterbury Woods,Week1,Forest Hollow,Week3,268.0 Forest Hollow - 134.0 Canterbury Woods
Canterbury Woods,Week2,Sully Station,Week5,311.0 Sully Station - 91.0 Canterbury Woods
Canterbury Woods,Week2,Bren Mar-Edsall Park,Week3,316.0 Canterbury Woods - 86.0 Bren Mar-Edsall Park
Canterbury Woods,Week2,Sully Station,Week2,294.0 Sully Station - 108.0 Canterbury Woods
Cardinal Hill,Week5,Greenbriar,Week1,232.0 Cardinal Hill - 170.0 Greenbriar
Canterbury Woods,Week2,Forest Hollow,Week2,257.0 Forest Hollow - 145.0 Canterbury Woods
Canterbury Woods,Week1,Riverside Gardens,Week2,293.0 Riverside Gardens - 109.0 Canterbury Woods
Canterbury Woods,Week2,Bren Mar-Edsall Park,Week2,320.0 Canterbury Woods - 81.0 Bren Mar-Edsall Park
Cardinal Hill,Week1,Arlington Forest,Week2,274.0 Cardinal Hill - 128.0 Arlington Forest
Canterbury Woods,Week2,Riverside Gardens,Week1,295.0 Riverside Gardens - 107.0 Canterbury Woods
Cardinal Hill,Week5,Annandale,Week4,331.0 Cardinal Hill - 71.0 Annandale
Canterbury Woods,Week2,Riverside Gardens,Week5,306.0 Riverside Gardens - 96.0 Canterbury Woods
Canterbury Woods,Week3,Fairfax Station,Week1,292.0 Fairfax Station - 110.0 Canterbury Woods
Cardinal Hill,Week2,Greenbriar,Week3,226.0 Cardinal Hill - 176.0 Greenbriar
Canterbury Woods,Week1,Bren Mar-Edsall Park,Week2,338.0 Canterbury Woods - 59.0 Bren Mar-Edsall Park
Canterbury Woods,Week3,Riverside Gardens,Week3,311.0 Riverside Gardens - 91.0 Canterbury Woods
Canterbury Woods,Week1,Riverside Gardens,Week3,303.0 Riverside Gardens - 99.0 Canterbury Woods
Cardinal Hill,Week2,Greenbriar,Week5,216.5 Cardinal Hill - 185.5 Greenbriar
Canterbury Woods,Week2,Sully Station,Week3,304.0 Sully Station - 98.0 Canterbury Woods
Cardinal Hill,Week2,Arlington Forest,Week5,203.0 Cardinal Hill - 194.0 Arlington Forest
Canterbury Woods,Week2,Sully Station,Week4,296.0 Sully Station - 106.0 Canterbury Woods
Canterbury Woods,Week3,Sully Station,Week5,296.0 Sully Station - 106.0 Canterbury Woods
Cardinal Hill,Week2,Arlington Forest,Week3,271.0 Cardinal Hill - 131.0 Arlington Forest
Cardinal Hill,Week3,Greenbriar,Week4,278.0 Cardinal Hill - 124.0 Greenbriar
Canterbury Woods,Week5,Ravensworth Farm,Week4,261.0 Ravensworth Farm - 141.0 Canterbury Woods
Canterbury Woods,Week1,Riverside Gardens,Week5,304.0 Riverside Gardens - 98.0 Canterbury Woods
Canterbury Woods,Week4,Fairfax Station,Week4,295.0 Fairfax Station - 107.0 Canterbury Woods
Cardinal Hill,Week2,Hamlet,Week1,245.5 Hamlet - 156.5 Cardinal Hill
Cardinal Hill,Week4,Annandale,Week2,335.0 Cardinal Hill - 67.0 Annandale
Cardinal Hill,Week2,Annandale,Week2,322.0 Cardinal Hill - 80.0 Annandale
Cardinal Hill,Week4,Arlington Forest,Week2,271.0 Cardinal Hill - 131.0 Arlington Forest
Canterbury Woods,Week5,Sully Station,Week1,285.0 Sully Station - 117.0 Canterbury Woods
Canterbury Woods,Week5,Sully Station,Week3,282.0 Sully Station - 119.0 Canterbury Woods
Cardinal Hill,Week1,Hamlet,Week4,225.0 Hamlet - 177.0 Cardinal Hill
Cardinal Hill,Week4,Arlington Forest,Week4,243.0 Cardinal Hill - 159.0 Arlington Forest
Canterbury Woods,Week3,Bren Mar-Edsall Park,Week1,347.0 Canterbury Woods - 55.0 Bren Mar-Edsall Park
Canterbury Woods,Week5,Daventry,Week4,262.0 Canterbury Woods - 136.0 Daventry
Canterbury Woods,Week3,Bren Mar-Edsall Park,Week3,339.5 Canterbury Woods - 61.5 Bren Mar-Edsall Park
Canterbury Woods,Week4,Riverside Gardens,Week4,299.0 Riverside Gardens - 103.0 Canterbury Woods
Canterbury Woods,Week4,Sully Station,Week3,272.0 Sully Station - 130.0 Canterbury Woods
Cardinal Hill,Week1,Hamlet,Week1,222.0 Hamlet - 180.0 Cardinal Hill
Cardinal Hill,Week5,Greenbriar,Week2,212.0 Cardinal Hill - 190.0 Greenbriar
Canterbury Woods,Week2,Brookfield ,Week5,211.0 Brookfield - 191.0 Canterbury Woods
Cardinal Hill,Week5,Arlington Forest,Week3,285.0 Cardinal Hill - 116.0 Arlington Forest
Canterbury Woods,Week3,Riverside Gardens,Week4,320.0 Riverside Gardens - 82.0 Canterbury Woods
Canterbury Woods,Week3,Forest Hollow,Week1,251.0 Forest Hollow - 151.0 Canterbury Woods
Canterbury Woods,Week2,Forest Hollow,Week4,268.0 Forest Hollow - 134.0 Canterbury Woods
Canterbury Woods,Week1,Dominion Hills,Week2,256.0 Dominion Hills - 146.0 Canterbury Woods
Cardinal Hill,Week2,Hamlet,Week2,282.0 Hamlet - 120.0 Cardinal Hill
Canterbury Woods,Week4,Sully Station,Week5,284.0 Sully Station - 118.0 Canterbury Woods
Cardinal Hill,Week4,Brandywine,Week4,239.0 Cardinal Hill - 163.0 Brandywine
Cardinal Hill,Week5,Greenbriar,Week3,231.0 Cardinal Hill - 171.0 Greenbriar
Canterbury Woods,Week5,Sully Station,Week2,276.0 Sully Station - 121.0 Canterbury Woods
Canterbury Woods,Week3,Forest Hollow,Week2,254.0 Forest Hollow - 143.0 Canterbury Woods
Canterbury Woods,Week1,Bren Mar-Edsall Park,Week5,312.0 Canterbury Woods - 85.0 Bren Mar-Edsall Park
Cardinal Hill,Week3,Brandywine,Week1,291.0 Cardinal Hill - 111.0 Brandywine
Canterbury Woods,Week4,Sully Station,Week4,281.0 Sully Station - 121.0 Canterbury Woods
Canterbury Woods,Week4,Riverside Gardens,Week1,272.0 Riverside Gardens - 130.0 Canterbury Woods
Canterbury Woods,Week3,Dominion Hills,Week5,265.0 Dominion Hills - 137.0 Canterbury Woods
Canterbury Woods,Week4,Riverside Gardens,Week2,268.0 Riverside Gardens - 134.0 Canterbury Woods
Cardinal Hill,Week3,Arlington Forest,Week4,278.0 Cardinal Hill - 124.0 Arlington Forest
Canterbury Woods,Week2,Bren Mar-Edsall Park,Week4,304.0 Canterbury Woods - 98.0 Bren Mar-Edsall Park
Canterbury Woods,Week4,Riverside Gardens,Week5,298.0 Riverside Gardens - 104.0 Canterbury Woods
Canterbury Woods,Week4,Bren Mar-Edsall Park,Week2,353.0 Canterbury Woods - 49.0 Bren Mar-Edsall Park
Cardinal Hill,Week4,Greenbriar,Week2,211.0 Cardinal Hill - 191.0 Greenbriar
Canterbury Woods,Week5,Riverside Gardens,Week1,281.5 Riverside Gardens - 120.5 Canterbury Woods
Cardinal Hill,Week3,Arlington Forest,Week5,252.0 Cardinal Hill - 150.0 Arlington Forest
Cardinal Hill,Week2,Hamlet,Week3,266.0 Hamlet - 136.0 Cardinal Hill
Canterbury Woods,Week2,Bren Mar-Edsall Park,Week1,326.0 Canterbury Woods - 74.0 Bren Mar-Edsall Park
Canterbury Woods,Week1,Brookfield ,Week2,222.0 Brookfield - 180.0 Canterbury Woods
Cardinal Hill,Week3,Arlington Forest,Week2,298.0 Cardinal Hill - 104.0 Arlington Forest
Canterbury Woods,Week1,Sully Station II,Week1,278.0 Sully Station II - 124.0 Canterbury Woods
Canterbury Woods,Week5,Sully Station,Week5,303.0 Sully Station - 98.0 Canterbury Woods
Canterbury Woods,Week5,Sully Station,Week4,276.0 Sully Station - 126.0 Canterbury Woods
Canterbury Woods,Week5,Riverside Gardens,Week3,294.0 Riverside Gardens - 108.0 Canterbury Woods
Cardinal Hill,Week5,Greenbriar,Week5,237.0 Cardinal Hill - 165.0 Greenbriar
Canterbury Woods,Week3,Rolling Forest,Week3,246.0 Rolling Forest - 156.0 Canterbury Woods
Cardinal Hill,Week4,Brandywine,Week3,238.0 Cardinal Hill - 164.0 Brandywine
Canterbury Woods,Week1,Rolling Forest,Week4,246.0 Rolling Forest - 156.0 Canterbury Woods
Cardinal Hill,Week4,Greenbriar,Week4,257.0 Cardinal Hill - 145.0 Greenbriar
Cardinal Hill,Week2,Hamlet,Week4,252.0 Hamlet - 150.0 Cardinal Hill
Canterbury Woods,Week2,Brookfield ,Week4,245.0 Brookfield - 157.0 Canterbury Woods
Canterbury Woods,Week5,Riverside Gardens,Week5,289.0 Riverside Gardens - 112.0 Canterbury Woods
Canterbury Woods,Week5,Dominion Hills,Week2,250.5 Dominion Hills - 151.5 Canterbury Woods
Canterbury Woods,Week1,Donaldson Run,Week4,309.0 Donaldson Run - 93.0 Canterbury Woods
Canterbury Woods,Week1,Dominion Hills,Week4,260.0 Dominion Hills - 142.0 Canterbury Woods
Cardinal Hill,Week4,Brandywine,Week1,264.0 Cardinal Hill - 138.0 Brandywine
Canterbury Woods,Week3,Sully Station,Week4,286.5 Sully Station - 115.5 Canterbury Woods
Canterbury Woods,Week2,Donaldson Run,Week1,293.5 Donaldson Run - 108.5 Canterbury Woods
Canterbury Woods,Week1,Brookfield ,Week4,243.0 Brookfield - 159.0 Canterbury Woods
Canterbury Woods,Week5,Dominion Hills,Week5,267.0 Dominion Hills - 134.0 Canterbury Woods
Cardinal Hill,Week3,Hamlet,Week1,209.0 Cardinal Hill - 193.0 Hamlet
Canterbury Woods,Week2,Sully Station II,Week4,279.0 Sully Station II - 123.0 Canterbury Woods
Cardinal Hill,Week2,Brandywine,Week1,251.5 Cardinal Hill - 150.5 Brandywine
Canterbury Woods,Week4,Rolling Forest,Week2,203.0 Rolling Forest - 194.0 Canterbury Woods
Canterbury Woods,Week5,Daventry,Week5,235.0 Canterbury Woods - 157.0 Daventry
Cardinal Hill,Week2,Brandywine,Week4,233.0 Cardinal Hill - 169.0 Brandywine
Canterbury Woods,Week2,Sully Station II,Week2,300.0 Sully Station II - 102.0 Canterbury Woods
Canterbury Woods,Week2,Sully Station II,Week1,279.0 Sully Station II - 123.0 Canterbury Woods
Canterbury Woods,Week1,Sully Station II,Week5,312.0 Sully Station II - 90.0 Canterbury Woods
Canterbury Woods,Week5,Bren Mar-Edsall Park,Week1,329.0 Canterbury Woods - 65.0 Bren Mar-Edsall Park
Cardinal Hill,Week3,Hamlet,Week2,217.0 Hamlet - 185.0 Cardinal Hill
Canterbury Woods,Week1,Donaldson Run,Week1,298.0 Donaldson Run - 104.0 Canterbury Woods
Canterbury Woods,Week3,Bren Mar-Edsall Park,Week5,326.0 Canterbury Woods - 71.0 Bren Mar-Edsall Park
Canterbury Woods,Week4,Rolling Forest,Week3,237.0 Rolling Forest - 165.0 Canterbury Woods
Canterbury Woods,Week2,Rolling Forest,Week4,252.5 Rolling Forest - 149.5 Canterbury Woods
Cardinal Hill,Week1,Brandywine,Week2,267.0 Cardinal Hill - 135.0 Brandywine
Canterbury Woods,Week1,Dominion Hills,Week5,266.5 Dominion Hills - 135.5 Canterbury Woods
Canterbury Woods,Week3,Rolling Forest,Week2,219.0 Rolling Forest - 183.0 Canterbury Woods
Cardinal Hill,Week3,Arlington Forest,Week3,311.0 Cardinal Hill - 91.0 Arlington Forest
Canterbury Woods,Week4,Bren Mar-Edsall Park,Week4,337.0 Canterbury Woods - 65.0 Bren Mar-Edsall Park
Canterbury Woods,Week3,Sully Station II,Week2,282.0 Sully Station II - 120.0 Canterbury Woods
Canterbury Woods,Week1,Sully Station II,Week2,304.0 Sully Station II - 98.0 Canterbury Woods
Canterbury Woods,Week3,Dominion Hills,Week2,230.0 Dominion Hills - 172.0 Canterbury Woods
Canterbury Woods,Week5,Rolling Forest,Week2,232.0 Rolling Forest - 169.0 Canterbury Woods
Cardinal Hill,Week4,Arlington Forest,Week5,227.0 Cardinal Hill - 175.0 Arlington Forest
Cardinal Hill,Week1,Hayfield Farm,Week4,263.0 Cardinal Hill - 139.0 Hayfield Farm
Cardinal Hill,Week1,Brandywine,Week1,261.0 Cardinal Hill - 141.0 Brandywine
Canterbury Woods,Week2,Rolling Forest,Week1,254.0 Rolling Forest - 148.0 Canterbury Woods
Canterbury Woods,Week1,Dominion Hills,Week3,239.0 Dominion Hills - 163.0 Canterbury Woods
Cardinal Hill,Week2,Hayfield Farm,Week2,235.0 Cardinal Hill - 167.0 Hayfield Farm
Cardinal Hill,Week4,Arlington Forest,Week1,255.0 Cardinal Hill - 147.0 Arlington Forest
Canterbury Woods,Week1,Donaldson Run,Week3,300.0 Donaldson Run - 102.0 Canterbury Woods
Cardinal Hill,Week3,Hamlet,Week3,209.0 Hamlet - 193.0 Cardinal Hill
Canterbury Woods,Week2,Brookfield ,Week3,214.0 Brookfield - 187.0 Canterbury Woods
Canterbury Woods,Week2,Sully Station II,Week5,315.0 Sully Station II - 87.0 Canterbury Woods
Cardinal Hill,Week2,Hayfield Farm,Week3,212.0 Cardinal Hill - 190.0 Hayfield Farm
Canterbury Woods,Week1,Bren Mar-Edsall Park,Week4,310.0 Canterbury Woods - 86.0 Bren Mar-Edsall Park
Canterbury Woods,Week1,Bren Mar-Edsall Park,Week3,314.0 Canterbury Woods - 87.0 Bren Mar-Edsall Park
Cardinal Hill,Week3,Hamlet,Week5,224.0 Hamlet - 178.0 Cardinal Hill
Cardinal Hill,Week5,Hamlet,Week1,228.0 Hamlet - 173.0 Cardinal Hill
Canterbury Woods,Week3,Bren Mar-Edsall Park,Week2,345.0 Canterbury Woods - 57.0 Bren Mar-Edsall Park
Canterbury Woods,Week5,Rolling Forest,Week4,227.5 Rolling Forest - 173.5 Canterbury Woods
Canterbury Woods,Week2,Dominion Hills,Week5,283.0 Dominion Hills - 119.0 Canterbury Woods
Cardinal Hill,Week4,Hayfield Farm,Week5,244.0 Cardinal Hill - 158.0 Hayfield Farm
Canterbury Woods,Week5,Bren Mar-Edsall Park,Week2,326.0 Canterbury Woods - 67.0 Bren Mar-Edsall Park
Canterbury Woods,Week4,Sully Station II,Week2,278.0 Sully Station II - 124.0 Canterbury Woods
Cardinal Hill,Week4,Hamlet,Week4,222.0 Hamlet - 180.0 Cardinal Hill
Canterbury Woods,Week3,Sully Station II,Week1,263.0 Sully Station II - 139.0 Canterbury Woods
Canterbury Woods,Week5,Rolling Forest,Week3,249.0 Rolling Forest - 153.0 Canterbury Woods
Canterbury Woods,Week3,Rolling Hills,Week4,225.0 Canterbury Woods - 171.0 Rolling Hills
Cardinal Hill,Week5,Arlington Forest,Week4,252.0 Cardinal Hill - 150.0 Arlington Forest
Canterbury Woods,Week2,Rolling Hills,Week2,213.0 Rolling Hills - 189.0 Canterbury Woods
Canterbury Woods,Week3,Sully Station II,Week5,308.0 Sully Station II - 94.0 Canterbury Woods
Canterbury Woods,Week1,Dominion Hills,Week1,250.0 Dominion Hills - 152.0 Canterbury Woods
Canterbury Woods,Week3,Bren Mar-Edsall Park,Week4,337.0 Canterbury Woods - 65.0 Bren Mar-Edsall Park
Cardinal Hill,Week3,Hayfield Farm,Week2,283.0 Cardinal Hill - 119.0 Hayfield Farm
Canterbury Woods,Week4,Rolling Forest,Week4,220.5 Rolling Forest - 181.5 Canterbury Woods
Canterbury Woods,Week4,Sully Station II,Week5,298.0 Sully Station II - 104.0 Canterbury Woods
Canterbury Woods,Week4,Bren Mar-Edsall Park,Week5,328.0 Canterbury Woods - 73.0 Bren Mar-Edsall Park
Canterbury Woods,Week2,Dominion Hills,Week2,267.0 Dominion Hills - 135.0 Canterbury Woods
Cardinal Hill,Week2,Hayfield Farm,Week1,221.0 Cardinal Hill - 181.0 Hayfield Farm
Canterbury Woods,Week5,Daventry,Week3,264.0 Canterbury Woods - 134.0 Daventry
Canterbury Woods,Week3,Dominion Hills,Week1,210.0 Dominion Hills - 192.0 Canterbury Woods
Cardinal Hill,Week5,Arlington Forest,Week5,235.0 Cardinal Hill - 167.0 Arlington Forest
Cardinal Hill,Week4,Arlington Forest,Week3,273.0 Cardinal Hill - 129.0 Arlington Forest
Canterbury Woods,Week2,Bren Mar-Edsall Park,Week5,311.0 Canterbury Woods - 90.0 Bren Mar-Edsall Park
Canterbury Woods,Week2,Sully Station II,Week3,303.0 Sully Station II - 94.0 Canterbury Woods
Canterbury Woods,Week2,Dominion Hills,Week1,247.0 Dominion Hills - 155.0 Canterbury Woods
Canterbury Woods,Week4,Rolling Hills,Week1,220.0 Canterbury Woods - 182.0 Rolling Hills
Cardinal Hill,Week1,Brandywine,Week3,244.0 Cardinal Hill - 158.0 Brandywine
Canterbury Woods,Week5,Bren Mar-Edsall Park,Week3,319.0 Canterbury Woods - 82.0 Bren Mar-Edsall Park
Canterbury Woods,Week3,Sully Station II,Week3,309.0 Sully Station II - 93.0 Canterbury Woods
Cardinal Hill,Week4,Hamlet,Week1,237.0 Hamlet - 165.0 Cardinal Hill
Cardinal Hill,Week5,Arlington Forest,Week2,272.0 Cardinal Hill - 130.0 Arlington Forest
Canterbury Woods,Week2,Dominion Hills,Week4,269.0 Dominion Hills - 133.0 Canterbury Woods
Canterbury Woods,Week3,Rolling Forest,Week1,239.0 Rolling Forest - 163.0 Canterbury Woods
Cardinal Hill,Week5,Hamlet,Week4,221.0 Hamlet - 181.0 Cardinal Hill
Canterbury Woods,Week4,Bren Mar-Edsall Park,Week1,349.0 Canterbury Woods - 52.0 Bren Mar-Edsall Park
Canterbury Woods,Week5,Bren Mar-Edsall Park,Week5,326.0 Canterbury Woods - 68.0 Bren Mar-Edsall Park
Cardinal Hill,Week2,Brandywine,Week3,224.0 Cardinal Hill - 178.0 Brandywine
Canterbury Woods,Week3,Sully Station II,Week4,262.0 Sully Station II - 140.0 Canterbury Woods
Cardinal Hill,Week3,Hamlet,Week4,212.0 Cardinal Hill - 190.0 Hamlet
Canterbury Woods,Week4,Dominion Hills,Week1,219.0 Dominion Hills - 183.0 Canterbury Woods
Canterbury Woods,Week1,Rolling Hills,Week5,211.0 Rolling Hills - 191.0 Canterbury Woods
Cardinal Hill,Week5,Hamlet,Week5,254.0 Hamlet - 148.0 Cardinal Hill
Canterbury Woods,Week3,Dominion Hills,Week4,249.0 Dominion Hills - 153.0 Canterbury Woods
Cardinal Hill,Week5,Hamlet,Week3,229.0 Hamlet - 173.0 Cardinal Hill
Canterbury Woods,Week5,Bren Mar-Edsall Park,Week4,322.0 Canterbury Woods - 73.0 Bren Mar-Edsall Park
Cardinal Hill,Week2,Brandywine,Week2,252.0 Cardinal Hill - 150.0 Brandywine
Canterbury Woods,Week1,Brookfield ,Week3,207.0 Brookfield - 195.0 Canterbury Woods
Canterbury Woods,Week2,Rolling Forest,Week3,257.0 Rolling Forest - 145.0 Canterbury Woods
Canterbury Woods,Week1,Rolling Hills,Week3,200.0 Canterbury Woods - 196.0 Rolling Hills
Canterbury Woods,Week3,Dominion Hills,Week3,220.0 Dominion Hills - 182.0 Canterbury Woods
Canterbury Woods,Week4,Bren Mar-Edsall Park,Week3,340.0 Canterbury Woods - 62.0 Bren Mar-Edsall Park
Cardinal Hill,Week2,Brandywine,Week5,202.0 Brandywine - 200.0 Cardinal Hill
Canterbury Woods,Week5,Sully Station II,Week2,285.5 Sully Station II - 116.5 Canterbury Woods
Cardinal Hill,Week1,Brandywine,Week4,252.0 Cardinal Hill - 150.0 Brandywine
Canterbury Woods,Week5,Rolling Forest,Week1,237.0 Rolling Forest - 159.0 Canterbury Woods
Canterbury Woods,Week5,Sully Station II,Week1,266.0 Sully Station II - 136.0 Canterbury Woods
Cardinal Hill,Week5,Arlington Forest,Week1,263.0 Cardinal Hill - 139.0 Arlington Forest
Canterbury Woods,Week1,Sully Station II,Week4,260.0 Sully Station II - 141.0 Canterbury Woods
Canterbury Woods,Week5,Dominion Hills,Week3,247.0 Dominion Hills - 155.0 Canterbury Woods
Canterbury Woods,Week4,Dominion Hills,Week3,220.0 Dominion Hills - 182.0 Canterbury Woods
Cardinal Hill,Week3,Brandywine,Week5,257.0 Cardinal Hill - 145.0 Brandywine
Canterbury Woods,Week4,Sully Station II,Week4,249.0 Sully Station II - 153.0 Canterbury Woods
Cardinal Hill,Week3,Brandywine,Week3,259.0 Cardinal Hill - 143.0 Brandywine
Cardinal Hill,Week4,Hamlet,Week2,250.0 Hamlet - 152.0 Cardinal Hill
Canterbury Woods,Week3,Rolling Forest,Week4,230.5 Rolling Forest - 171.5 Canterbury Woods
Canterbury Woods,Week4,Dominion Hills,Week5,252.0 Dominion Hills - 150.0 Canterbury Woods
Cardinal Hill,Week3,Brandywine,Week4,271.0 Cardinal Hill - 131.0 Brandywine
Cardinal Hill,Week4,Hamlet,Week5,266.0 Hamlet - 136.0 Cardinal Hill
Canterbury Woods,Week1,Brookfield ,Week5,216.0 Brookfield - 186.0 Canterbury Woods
Canterbury Woods,Week4,Sully Station II,Week1,260.0 Sully Station II - 142.0 Canterbury Woods
Cardinal Hill,Week1,Hayfield Farm,Week2,268.0 Cardinal Hill - 134.0 Hayfield Farm
Cardinal Hill,Week3,Brandywine,Week2,293.0 Cardinal Hill - 109.0 Brandywine
Canterbury Woods,Week3,Brookfield ,Week4,219.0 Brookfield - 183.0 Canterbury Woods
Cardinal Hill,Week1,Hayfield Farm,Week5,272.0 Cardinal Hill - 130.0 Hayfield Farm
Canterbury Woods,Week4,Dominion Hills,Week4,240.0 Dominion Hills - 162.0 Canterbury Woods
Canterbury Woods,Week4,Dominion Hills,Week2,227.5 Dominion Hills - 174.5 Canterbury Woods
Canterbury Woods,Week3,Truro,Week2,231.0 Canterbury Woods - 170.0 Truro
Canterbury Woods,Week3,Truro,Week5,222.0 Canterbury Woods - 179.0 Truro
Canterbury Woods,Week5,Dominion Hills,Week1,244.0 Dominion Hills - 157.0 Canterbury Woods
Canterbury Woods,Week2,Brookfield ,Week1,222.0 Brookfield - 180.0 Canterbury Woods
Cardinal Hill,Week3,Hayfield Farm,Week5,279.0 Cardinal Hill - 123.0 Hayfield Farm
Canterbury Woods,Week4,Sully Station II,Week3,291.0 Sully Station II - 111.0 Canterbury Woods
Cardinal Hill,Week4,Brandywine,Week5,223.0 Cardinal Hill - 179.0 Brandywine
Canterbury Woods,Week5,Truro,Week3,230.0 Canterbury Woods - 171.0 Truro
Canterbury Woods,Week2,Broyhill Crest,Week2,302.0 Canterbury Woods - 100.0 Broyhill Crest
Cardinal Hill,Week4,Brandywine,Week2,258.0 Cardinal Hill - 144.0 Brandywine
Canterbury Woods,Week2,Dominion Hills,Week3,254.0 Dominion Hills - 148.0 Canterbury Woods
Canterbury Woods,Week2,Rolling Hills,Week3,207.0 Rolling Hills - 195.0 Canterbury Woods
Canterbury Woods,Week3,Rolling Hills,Week1,228.0 Canterbury Woods - 174.0 Rolling Hills
Canterbury Woods,Week3,Rolling Hills,Week3,216.0 Canterbury Woods - 186.0 Rolling Hills
Canterbury Woods,Week5,Rolling Forest,Week5,249.0 Rolling Forest - 152.0 Canterbury Woods
Canterbury Woods,Week2,Brookfield ,Week2,222.0 Brookfield - 180.0 Canterbury Woods
Cardinal Hill,Week3,Hayfield Farm,Week1,267.0 Cardinal Hill - 135.0 Hayfield Farm
Cardinal Hill,Week4,Hamlet,Week3,246.0 Hamlet - 156.0 Cardinal Hill
Canterbury Woods,Week2,Rolling Forest,Week5,265.0 Rolling Forest - 137.0 Canterbury Woods
Canterbury Woods,Week5,Brookfield ,Week2,203.0 Canterbury Woods - 198.0 Brookfield
Canterbury Woods,Week1,Broyhill Crest,Week2,321.0 Canterbury Woods - 80.0 Broyhill Crest
Cardinal Hill,Week2,Bren Mar-Edsall Park,Week4,360.0 Cardinal Hill - 37.0 Bren Mar-Edsall Park
Cardinal Hill,Week3,Bren Mar-Edsall Park,Week2,377.0 Cardinal Hill - 25.0 Bren Mar-Edsall Park
Canterbury Woods,Week5,Dominion Hills,Week4,254.0 Dominion Hills - 148.0 Canterbury Woods
Canterbury Woods,Week1,Tuckahoe,Week3,361.0 Tuckahoe - 41.0 Canterbury Woods
Canterbury Woods,Week5,Truro,Week2,222.0 Canterbury Woods - 171.0 Truro
Cardinal Hill,Week2,Bren Mar-Edsall Park,Week3,365.0 Cardinal Hill - 37.0 Bren Mar-Edsall Park
Canterbury Woods,Week3,Broyhill Crest,Week3,336.0 Canterbury Woods - 65.0 Broyhill Crest
Canterbury Woods,Week4,Rolling Forest,Week1,218.5 Rolling Forest - 183.5 Canterbury Woods
Canterbury Woods,Week2,Dowden Terrace,Week5,296.0 Dowden Terrace - 106.0 Canterbury Woods
Canterbury Woods,Week2,Rolling Forest,Week2,240.0 Rolling Forest - 162.0 Canterbury Woods
Canterbury Woods,Week2,Dowden Terrace,Week2,263.0 Dowden Terrace - 139.0 Canterbury Woods
Canterbury Woods,Week3,Rolling Forest,Week5,251.0 Rolling Forest - 151.0 Canterbury Woods
Canterbury Woods,Week5,Donaldson Run,Week2,279.5 Donaldson Run - 122.5 Canterbury Woods
Cardinal Hill,Week5,Brandywine,Week5,219.0 Cardinal Hill - 183.0 Brandywine
Canterbury Woods,Week1,Rolling Hills,Week1,204.0 Rolling Hills - 198.0 Canterbury Woods
Canterbury Woods,Week1,Rolling Hills,Week2,201.0 Canterbury Woods - 200.0 Rolling Hills
Cardinal Hill,Week5,Brandywine,Week1,271.0 Cardinal Hill - 131.0 Brandywine
Cardinal Hill,Week1,Hayfield Farm,Week1,265.0 Cardinal Hill - 137.0 Hayfield Farm
Cardinal Hill,Week2,Hayfield Farm,Week5,236.0 Cardinal Hill - 166.0 Hayfield Farm
Canterbury Woods,Week2,Truro,Week3,211.0 Canterbury Woods - 191.0 Truro
Canterbury Woods,Week2,Broyhill Crest,Week3,297.0 Canterbury Woods - 104.0 Broyhill Crest
Canterbury Woods,Week1,Broyhill Crest,Week1,311.0 Canterbury Woods - 91.0 Broyhill Crest
Canterbury Woods,Week3,Broyhill Crest,Week2,319.0 Canterbury Woods - 78.0 Broyhill Crest
Canterbury Woods,Week1,Donaldson Run,Week2,292.0 Donaldson Run - 110.0 Canterbury Woods
Canterbury Woods,Week1,Tuckahoe,Week1,340.0 Tuckahoe - 62.0 Canterbury Woods
Canterbury Woods,Week4,Rolling Forest,Week5,237.0 Rolling Forest - 165.0 Canterbury Woods
Cardinal Hill,Week5,Bren Mar-Edsall Park,Week4,367.0 Cardinal Hill - 35.0 Bren Mar-Edsall Park
Cardinal Hill,Week2,Hayfield Farm,Week4,236.0 Cardinal Hill - 166.0 Hayfield Farm
Cardinal Hill,Week1,Hayfield Farm,Week3,235.0 Cardinal Hill - 167.0 Hayfield Farm
Canterbury Woods,Week4,Brookfield ,Week5,205.0 Canterbury Woods - 197.0 Brookfield
Canterbury Woods,Week4,Truro,Week4,225.0 Canterbury Woods - 177.0 Truro
Canterbury Woods,Week1,Donaldson Run,Week5,314.0 Donaldson Run - 88.0 Canterbury Woods
Cardinal Hill,Week5,Hamlet,Week2,236.0 Hamlet - 166.0 Cardinal Hill
Canterbury Woods,Week1,Truro,Week2,225.0 Canterbury Woods - 171.0 Truro
Cardinal Hill,Week1,Bren Mar-Edsall Park,Week1,387.0 Cardinal Hill - 15.0 Bren Mar-Edsall Park
Cardinal Hill,Week3,Hayfield Farm,Week4,278.0 Cardinal Hill - 124.0 Hayfield Farm
Cardinal Hill,Week4,Hayfield Farm,Week1,247.0 Cardinal Hill - 155.0 Hayfield Farm
Canterbury Woods,Week3,Broyhill Crest,Week5,308.0 Canterbury Woods - 93.0 Broyhill Crest
Cardinal Hill,Week4,Bren Mar-Edsall Park,Week3,371.0 Cardinal Hill - 31.0 Bren Mar-Edsall Park
Canterbury Woods,Week4,Donaldson Run,Week3,288.0 Donaldson Run - 114.0 Canterbury Woods
Canterbury Woods,Week3,Broyhill Crest,Week4,316.0 Canterbury Woods - 84.0 Broyhill Crest
Canterbury Woods,Week1,Broyhill Crest,Week3,328.0 Canterbury Woods - 69.0 Broyhill Crest
Cardinal Hill,Week4,Hayfield Farm,Week3,239.0 Cardinal Hill - 163.0 Hayfield Farm
Canterbury Woods,Week4,Brookfield ,Week4,214.0 Brookfield - 188.0 Canterbury Woods
Canterbury Woods,Week2,Rolling Hills,Week5,214.0 Rolling Hills - 188.0 Canterbury Woods
Cardinal Hill,Week4,Hayfield Farm,Week2,262.0 Cardinal Hill - 140.0 Hayfield Farm
Canterbury Woods,Week1,Rolling Hills,Week4,205.0 Canterbury Woods - 195.0 Rolling Hills
Canterbury Woods,Week3,Rolling Hills,Week2,206.0 Canterbury Woods - 196.0 Rolling Hills
Canterbury Woods,Week2,Truro,Week1,205.0 Canterbury Woods - 196.0 Truro
Cardinal Hill,Week5,Brandywine,Week4,236.0 Cardinal Hill - 166.0 Brandywine
Canterbury Woods,Week2,Rolling Hills,Week4,200.0 Canterbury Woods - 198.0 Rolling Hills
Canterbury Woods,Week5,Sully Station II,Week5,302.0 Sully Station II - 100.0 Canterbury Woods
Canterbury Woods,Week2,Truro,Week2,213.0 Canterbury Woods - 188.0 Truro
Canterbury Woods,Week4,Donaldson Run,Week5,313.0 Donaldson Run - 89.0 Canterbury Woods
Cardinal Hill,Week4,Bren Mar-Edsall Park,Week4,368.0 Cardinal Hill - 34.0 Bren Mar-Edsall Park
Canterbury Woods,Week3,Truro,Week1,223.0 Canterbury Woods - 179.0 Truro
Canterbury Woods,Week5,Truro,Week5,203.0 Canterbury Woods - 190.0 Truro
Cardinal Hill,Week2,Bren Mar-Edsall Park,Week5,360.0 Cardinal Hill - 37.0 Bren Mar-Edsall Park
Canterbury Woods,Week4,Donaldson Run,Week4,293.0 Donaldson Run - 109.0 Canterbury Woods
Canterbury Woods,Week2,Donaldson Run,Week5,313.0 Donaldson Run - 89.0 Canterbury Woods
Cardinal Hill,Week3,Hayfield Farm,Week3,248.0 Cardinal Hill - 154.0 Hayfield Farm
Canterbury Woods,Week5,Sully Station II,Week4,270.0 Sully Station II - 132.0 Canterbury Woods
Canterbury Woods,Week1,Dowden Terrace,Week2,257.0 Dowden Terrace - 145.0 Canterbury Woods
Cardinal Hill,Week4,Hayfield Farm,Week4,241.0 Cardinal Hill - 161.0 Hayfield Farm
Canterbury Woods,Week3,Donaldson Run,Week1,294.0 Donaldson Run - 108.0 Canterbury Woods
Canterbury Woods,Week4,Truro,Week3,237.0 Canterbury Woods - 165.0 Truro
Canterbury Woods,Week2,Rolling Hills,Week1,210.0 Rolling Hills - 191.0 Canterbury Woods
Cardinal Hill,Week4,Herndon,Week3,350.0 Cardinal Hill - 52.0 Herndon
Canterbury Woods,Week3,Brookfield ,Week1,214.0 Brookfield - 188.0 Canterbury Woods
Canterbury Woods,Week5,Brookfield ,Week1,214.0 Brookfield - 188.0 Canterbury Woods
Cardinal Hill,Week5,Herndon,Week4,349.0 Cardinal Hill - 53.0 Herndon
Canterbury Woods,Week4,Brookfield ,Week1,207.0 Brookfield - 195.0 Canterbury Woods
Canterbury Woods,Week1,Truro,Week1,214.0 Canterbury Woods - 188.0 Truro
Cardinal Hill,Week4,Herndon,Week1,356.0 Cardinal Hill - 46.0 Herndon
Cardinal Hill,Week1,Bren Mar-Edsall Park,Week2,387.0 Cardinal Hill - 15.0 Bren Mar-Edsall Park
Cardinal Hill,Week3,Herndon,Week3,360.0 Cardinal Hill - 42.0 Herndon
Canterbury Woods,Week1,Truro,Week4,208.0 Canterbury Woods - 194.0 Truro
Cardinal Hill,Week3,Bren Mar-Edsall Park,Week5,371.0 Cardinal Hill - 31.0 Bren Mar-Edsall Park
Canterbury Woods,Week5,Rolling Hills,Week4,210.5 Canterbury Woods - 182.5 Rolling Hills
Canterbury Woods,Week4,Rolling Valley,Week1,289.0 Canterbury Woods - 113.0 Rolling Valley
Canterbury Woods,Week3,Brookfield ,Week5,201.0 Brookfield - 196.0 Canterbury Woods
Canterbury Woods,Week1,Broyhill Crest,Week5,295.5 Canterbury Woods - 106.5 Broyhill Crest
Canterbury Woods,Week3,Rolling Hills,Week5,220.0 Canterbury Woods - 182.0 Rolling Hills
Canterbury Woods,Week3,Brookfield ,Week2,204.5 Brookfield - 197.5 Canterbury Woods
Cardinal Hill,Week5,Bren Mar-Edsall Park,Week1,373.0 Cardinal Hill - 28.0 Bren Mar-Edsall Park
Canterbury Woods,Week1,Dowden Terrace,Week3,258.0 Dowden Terrace - 144.0 Canterbury Woods
Canterbury Woods,Week4,Rolling Hills,Week5,221.0 Canterbury Woods - 181.0 Rolling Hills
Cardinal Hill,Week1,Bren Mar-Edsall Park,Week4,377.0 Cardinal Hill - 25.0 Bren Mar-Edsall Park
Canterbury Woods,Week1,Rolling Valley,Week2,239.0 Canterbury Woods - 163.0 Rolling Valley
Cardinal Hill,Week3,Bren Mar-Edsall Park,Week3,375.0 Cardinal Hill - 27.0 Bren Mar-Edsall Park
Canterbury Woods,Week4,Rolling Hills,Week2,220.0 Canterbury Woods - 182.0 Rolling Hills
Canterbury Woods,Week2,Dowden Terrace,Week4,270.0 Dowden Terrace - 132.0 Canterbury Woods
Canterbury Woods,Week5,Sully Station II,Week3,293.0 Sully Station II - 109.0 Canterbury Woods
Canterbury Woods,Week4,Brookfield ,Week2,208.5 Canterbury Woods - 193.5 Brookfield
Canterbury Woods,Week2,Donaldson Run,Week4,310.0 Donaldson Run - 92.0 Canterbury Woods
Cardinal Hill,Week4,Bren Mar-Edsall Park,Week5,369.0 Cardinal Hill - 33.0 Bren Mar-Edsall Park
Canterbury Woods,Week1,Truro,Week5,204.0 Canterbury Woods - 193.0 Truro
Cardinal Hill,Week2,Herndon,Week2,338.5 Cardinal Hill - 58.5 Herndon
Canterbury Woods,Week1,Dowden Terrace,Week4,272.0 Dowden Terrace - 125.0 Canterbury Woods
Cardinal Hill,Week5,Hayfield Farm,Week3,243.0 Cardinal Hill - 159.0 Hayfield Farm
Canterbury Woods,Week3,Donaldson Run,Week2,282.0 Donaldson Run - 120.0 Canterbury Woods
Canterbury Woods,Week4,Brookfield ,Week3,206.0 Canterbury Woods - 196.0 Brookfield
Canterbury Woods,Week2,Rolling Valley,Week1,255.0 Canterbury Woods - 147.0 Rolling Valley
Cardinal Hill,Week2,Bren Mar-Edsall Park,Week2,368.0 Cardinal Hill - 29.0 Bren Mar-Edsall Park
Canterbury Woods,Week5,Donaldson Run,Week3,285.0 Donaldson Run - 117.0 Canterbury Woods
Canterbury Woods,Week1,Broyhill Crest,Week4,305.0 Canterbury Woods - 97.0 Broyhill Crest
Canterbury Woods,Week1,Rolling Valley,Week3,237.0 Canterbury Woods - 164.0 Rolling Valley
Canterbury Woods,Week3,Truro,Week3,240.0 Canterbury Woods - 162.0 Truro
Cardinal Hill,Week2,Herndon,Week3,348.0 Cardinal Hill - 49.0 Herndon
Canterbury Woods,Week2,Truro,Week5,203.0 Canterbury Woods - 198.0 Truro
Cardinal Hill,Week5,Brandywine,Week2,261.0 Cardinal Hill - 141.0 Brandywine
Canterbury Woods,Week4,Rolling Hills,Week4,228.0 Canterbury Woods - 173.0 Rolling Hills
Canterbury Woods,Week5,Brookfield ,Week3,207.0 Canterbury Woods - 191.0 Brookfield
Canterbury Woods,Week1,Truro,Week3,212.0 Canterbury Woods - 190.0 Truro
Canterbury Woods,Week5,Rolling Hills,Week1,206.0 Canterbury Woods - 192.0 Rolling Hills
Canterbury Woods,Week3,Donaldson Run,Week4,306.0 Donaldson Run - 96.0 Canterbury Woods
Cardinal Hill,Week1,Bren Mar-Edsall Park,Week5,380.0 Cardinal Hill - 22.0 Bren Mar-Edsall Park
Canterbury Woods,Week2,Truro,Week4,203.0 Canterbury Woods - 199.0 Truro
Canterbury Woods,Week5,Donaldson Run,Week4,285.0 Donaldson Run - 117.0 Canterbury Woods
Cardinal Hill,Week5,Brandywine,Week3,235.0 Cardinal Hill - 167.0 Brandywine
Canterbury Woods,Week2,Broyhill Crest,Week4,293.0 Canterbury Woods - 109.0 Broyhill Crest
Canterbury Woods,Week4,Truro,Week2,241.0 Canterbury Woods - 161.0 Truro
Canterbury Woods,Week4,Rolling Hills,Week3,223.0 Canterbury Woods - 179.0 Rolling Hills
Cardinal Hill,Week3,Bren Mar-Edsall Park,Week4,372.0 Cardinal Hill - 30.0 Bren Mar-Edsall Park
Cardinal Hill,Week2,Herndon,Week5,353.0 Cardinal Hill - 49.0 Herndon
Cardinal Hill,Week1,Herndon,Week4,358.0 Cardinal Hill - 44.0 Herndon
Cardinal Hill,Week3,Herndon,Week1,362.0 Cardinal Hill - 39.0 Herndon
Cardinal Hill,Week3,Herndon,Week4,364.0 Cardinal Hill - 38.0 Herndon
Cardinal Hill,Week3,Bren Mar-Edsall Park,Week1,382.0 Cardinal Hill - 20.0 Bren Mar-Edsall Park
Canterbury Woods,Week5,Donaldson Run,Week5,302.0 Donaldson Run - 100.0 Canterbury Woods
Canterbury Woods,Week3,Donaldson Run,Week5,315.0 Donaldson Run - 82.0 Canterbury Woods
Canterbury Woods,Week2,Lakevale Estates,Week1,278.0 Lakevale Estates - 124.0 Canterbury Woods
Canterbury Woods,Week3,Brookfield ,Week3,213.0 Canterbury Woods - 189.0 Brookfield
Canterbury Woods,Week5,Truro,Week1,214.0 Canterbury Woods - 184.0 Truro
Canterbury Woods,Week2,Rolling Valley,Week5,215.0 Canterbury Woods - 187.0 Rolling Valley
Canterbury Woods,Week3,Lake Braddock,Week4,246.0 Canterbury Woods - 156.0 Lake Braddock
Cardinal Hill,Week1,Herndon,Week2,363.0 Cardinal Hill - 39.0 Herndon
Canterbury Woods,Week1,Rolling Valley,Week1,284.0 Canterbury Woods - 118.0 Rolling Valley
Canterbury Woods,Week2,Donaldson Run,Week3,289.5 Donaldson Run - 112.5 Canterbury Woods
Canterbury Woods,Week5,Truro,Week4,217.0 Canterbury Woods - 184.0 Truro
Canterbury Woods,Week5,Donaldson Run,Week1,281.0 Donaldson Run - 121.0 Canterbury Woods
Cardinal Hill,Week5,Hayfield Farm,Week5,255.0 Cardinal Hill - 147.0 Hayfield Farm
Cardinal Hill,Week4,Bren Mar-Edsall Park,Week2,376.0 Cardinal Hill - 26.0 Bren Mar-Edsall Park
Canterbury Woods,Week2,Broyhill Crest,Week1,295.0 Canterbury Woods - 107.0 Broyhill Crest
Canterbury Woods,Week4,Truro,Week1,239.0 Canterbury Woods - 163.0 Truro
Canterbury Woods,Week5,Brookfield ,Week4,203.0 Brookfield - 199.0 Canterbury Woods
Canterbury Woods,Week4,Lake Braddock,Week5,236.0 Canterbury Woods - 166.0 Lake Braddock
Cardinal Hill,Week1,Bren Mar-Edsall Park,Week3,385.0 Cardinal Hill - 17.0 Bren Mar-Edsall Park
Canterbury Woods,Week3,Truro,Week4,229.0 Canterbury Woods - 173.0 Truro
Cardinal Hill,Week2,Herndon,Week4,348.0 Cardinal Hill - 54.0 Herndon
Canterbury Woods,Week2,Donaldson Run,Week2,290.0 Donaldson Run - 112.0 Canterbury Woods
Canterbury Woods,Week4,Donaldson Run,Week2,277.0 Donaldson Run - 125.0 Canterbury Woods
Canterbury Woods,Week2,Broyhill Crest,Week5,287.0 Canterbury Woods - 114.0 Broyhill Crest
Canterbury Woods,Week5,Brookfield ,Week5,205.0 Canterbury Woods - 197.0 Brookfield
Canterbury Woods,Week5,Rolling Hills,Week3,202.0 Canterbury Woods - 194.0 Rolling Hills
Canterbury Woods,Week1,Lakevale Estates,Week2,293.0 Lakevale Estates - 109.0 Canterbury Woods
Cardinal Hill,Week2,Bren Mar-Edsall Park,Week1,375.0 Cardinal Hill - 27.0 Bren Mar-Edsall Park
Cardinal Hill,Week5,Hayfield Farm,Week1,245.0 Cardinal Hill - 157.0 Hayfield Farm
Canterbury Woods,Week2,Rolling Valley,Week3,217.0 Canterbury Woods - 185.0 Rolling Valley
Cardinal Hill,Week4,Bren Mar-Edsall Park,Week1,382.0 Cardinal Hill - 20.0 Bren Mar-Edsall Park
Canterbury Woods,Week4,Truro,Week5,226.0 Canterbury Woods - 176.0 Truro
Canterbury Woods,Week1,Dowden Terrace,Week1,257.0 Dowden Terrace - 144.0 Canterbury Woods
Canterbury Woods,Week1,Dowden Terrace,Week5,276.0 Dowden Terrace - 126.0 Canterbury Woods
Canterbury Woods,Week1,Tuckahoe,Week5,357.0 Tuckahoe - 45.0 Canterbury Woods
Cardinal Hill,Week1,Herndon,Week1,365.0 Cardinal Hill - 37.0 Herndon
Cardinal Hill,Week4,Herndon,Week2,354.0 Cardinal Hill - 48.0 Herndon
Canterbury Woods,Week4,Broyhill Crest,Week1,326.0 Canterbury Woods - 71.0 Broyhill Crest
Canterbury Woods,Week2,Lake Braddock,Week1,243.0 Canterbury Woods - 159.0 Lake Braddock
Canterbury Woods,Week4,Lake Braddock,Week2,249.0 Canterbury Woods - 153.0 Lake Braddock
Canterbury Woods,Week3,Tuckahoe,Week1,335.0 Tuckahoe - 67.0 Canterbury Woods
Cardinal Hill,Week5,Bren Mar-Edsall Park,Week2,365.0 Cardinal Hill - 36.0 Bren Mar-Edsall Park
Cardinal Hill,Week1,Brookfield ,Week4,264.0 Cardinal Hill - 138.0 Brookfield
Cardinal Hill,Week1,Herndon,Week3,364.0 Cardinal Hill - 38.0 Herndon
Canterbury Woods,Week2,Dowden Terrace,Week1,265.0 Dowden Terrace - 133.0 Canterbury Woods
Cardinal Hill,Week3,Brookfield ,Week4,281.0 Cardinal Hill - 121.0 Brookfield
Canterbury Woods,Week4,Broyhill Crest,Week5,308.0 Canterbury Woods - 94.0 Broyhill Crest
Canterbury Woods,Week1,Tuckahoe,Week2,343.0 Tuckahoe - 59.0 Canterbury Woods
Canterbury Woods,Week5,Rolling Hills,Week5,201.0 Rolling Hills - 200.0 Canterbury Woods
Canterbury Woods,Week3,Rolling Valley,Week2,255.0 Canterbury Woods - 147.0 Rolling Valley
Cardinal Hill,Week5,Bren Mar-Edsall Park,Week3,373.0 Cardinal Hill - 29.0 Bren Mar-Edsall Park
Canterbury Woods,Week3,Rolling Valley,Week4,254.0 Canterbury Woods - 148.0 Rolling Valley
Canterbury Woods,Week2,Lake Braddock,Week5,214.0 Canterbury Woods - 188.0 Lake Braddock
Cardinal Hill,Week3,Herndon,Week2,360.0 Cardinal Hill - 42.0 Herndon
Canterbury Woods,Week5,Lake Braddock,Week1,252.0 Canterbury Woods - 149.0 Lake Braddock
Canterbury Woods,Week2,Lake Braddock,Week3,210.0 Canterbury Woods - 192.0 Lake Braddock
Canterbury Woods,Week4,Lake Braddock,Week3,243.0 Canterbury Woods - 159.0 Lake Braddock
Canterbury Woods,Week1,Rolling Valley,Week4,231.0 Canterbury Woods - 171.0 Rolling Valley
Canterbury Woods,Week4,Donaldson Run,Week1,280.0 Donaldson Run - 122.0 Canterbury Woods
Cardinal Hill,Week2,Herndon,Week1,354.0 Cardinal Hill - 43.0 Herndon
Canterbury Woods,Week3,Rolling Valley,Week1,299.0 Canterbury Woods - 103.0 Rolling Valley
Canterbury Woods,Week3,Donaldson Run,Week3,299.0 Donaldson Run - 103.0 Canterbury Woods
Cardinal Hill,Week1,Brookfield ,Week2,273.0 Cardinal Hill - 129.0 Brookfield
Canterbury Woods,Week1,Burke Station,Week1,230.0 Canterbury Woods - 148.0 Burke Station
Canterbury Woods,Week2,Vienna Aquatic,Week2,301.0 Vienna Aquatic - 101.0 Canterbury Woods
Canterbury Woods,Week2,Tuckahoe,Week1,336.0 Tuckahoe - 66.0 Canterbury Woods
Canterbury Woods,Week3,Broyhill Crest,Week1,321.0 Canterbury Woods - 71.0 Broyhill Crest
Canterbury Woods,Week2,Burke Station,Week3,211.0 Canterbury Woods - 184.0 Burke Station
Canterbury Woods,Week2,Rolling Valley,Week2,225.0 Canterbury Woods - 177.0 Rolling Valley
Canterbury Woods,Week4,Burke Station,Week2,262.0 Canterbury Woods - 139.0 Burke Station
Canterbury Woods,Week1,Burke Station,Week3,224.0 Canterbury Woods - 166.0 Burke Station
Canterbury Woods,Week2,Vienna Aquatic,Week4,313.0 Vienna Aquatic - 89.0 Canterbury Woods
Cardinal Hill,Week5,Herndon,Week2,350.0 Cardinal Hill - 52.0 Herndon
Canterbury Woods,Week5,Broyhill Crest,Week4,291.0 Canterbury Woods - 108.0 Broyhill Crest
Canterbury Woods,Week1,Burke Station,Week2,239.0 Canterbury Woods - 156.0 Burke Station
Canterbury Woods,Week5,Dowden Terrace,Week4,254.0 Dowden Terrace - 143.0 Canterbury Woods
Canterbury Woods,Week2,Dunn Loring,Week2,307.0 Dunn Loring - 95.0 Canterbury Woods
Cardinal Hill,Week5,Hayfield Farm,Week2,266.0 Cardinal Hill - 136.0 Hayfield Farm
Canterbury Woods,Week4,Rolling Valley,Week4,260.0 Canterbury Woods - 142.0 Rolling Valley
Canterbury Woods,Week5,Broyhill Crest,Week3,301.0 Canterbury Woods - 91.0 Broyhill Crest
Canterbury Woods,Week5,Tuckahoe,Week4,351.0 Tuckahoe - 51.0 Canterbury Woods
Cardinal Hill,Week1,Brookfield ,Week3,280.0 Cardinal Hill - 122.0 Brookfield
Canterbury Woods,Week4,Lake Braddock,Week1,267.0 Canterbury Woods - 135.0 Lake Braddock
Cardinal Hill,Week1,Broyhill Crest,Week5,370.0 Cardinal Hill - 32.0 Broyhill Crest
Cardinal Hill,Week2,Brookfield ,Week3,249.0 Cardinal Hill - 153.0 Brookfield
Canterbury Woods,Week2,Dowden Terrace,Week3,259.0 Dowden Terrace - 143.0 Canterbury Woods
Canterbury Woods,Week3,Tuckahoe,Week2,334.0 Tuckahoe - 68.0 Canterbury Woods
Canterbury Woods,Week4,Tuckahoe,Week5,346.0 Tuckahoe - 56.0 Canterbury Woods
Canterbury Woods,Week3,Dowden Terrace,Week1,239.0 Dowden Terrace - 162.0 Canterbury Woods
Cardinal Hill,Week4,Herndon,Week4,357.0 Cardinal Hill - 45.0 Herndon
Canterbury Woods,Week1,Burke Station,Week4,248.0 Canterbury Woods - 149.0 Burke Station
Cardinal Hill,Week3,Herndon,Week5,360.0 Cardinal Hill - 42.0 Herndon
Canterbury Woods,Week1,Lake Braddock,Week5,208.0 Canterbury Woods - 194.0 Lake Braddock
Canterbury Woods,Week3,Rolling Valley,Week5,252.0 Canterbury Woods - 150.0 Rolling Valley
Cardinal Hill,Week2,Brookfield ,Week5,242.0 Cardinal Hill - 160.0 Brookfield
Canterbury Woods,Week5,Lake Braddock,Week2,237.0 Canterbury Woods - 164.0 Lake Braddock
Canterbury Woods,Week3,Lake Braddock,Week1,276.0 Canterbury Woods - 126.0 Lake Braddock
Canterbury Woods,Week1,Rolling Valley,Week5,232.0 Canterbury Woods - 170.0 Rolling Valley
Cardinal Hill,Week5,Bren Mar-Edsall Park,Week5,361.0 Cardinal Hill - 41.0 Bren Mar-Edsall Park
Canterbury Woods,Week4,Rolling Valley,Week2,263.0 Canterbury Woods - 139.0 Rolling Valley
Canterbury Woods,Week1,Vienna Aquatic,Week5,341.0 Vienna Aquatic - 61.0 Canterbury Woods
Canterbury Woods,Week5,Lake Braddock,Week3,228.0 Canterbury Woods - 173.0 Lake Braddock
Cardinal Hill,Week5,Herndon,Week1,357.0 Cardinal Hill - 44.0 Herndon
Canterbury Woods,Week3,Rolling Valley,Week3,247.0 Canterbury Woods - 150.0 Rolling Valley
Canterbury Woods,Week1,Dunn Loring,Week5,309.0 Dunn Loring - 93.0 Canterbury Woods
Canterbury Woods,Week4,Broyhill Crest,Week2,327.0 Canterbury Woods - 75.0 Broyhill Crest
Canterbury Woods,Week1,Burke Station,Week5,223.0 Canterbury Woods - 174.0 Burke Station
Canterbury Woods,Week1,Vienna Aquatic,Week2,311.0 Vienna Aquatic - 91.0 Canterbury Woods
Canterbury Woods,Week5,Rolling Hills,Week2,203.5 Rolling Hills - 197.5 Canterbury Woods
Canterbury Woods,Week1,Dunn Loring,Week1,279.0 Dunn Loring - 123.0 Canterbury Woods
Canterbury Woods,Week2,Rolling Valley,Week4,222.0 Canterbury Woods - 180.0 Rolling Valley
Canterbury Woods,Week3,Dowden Terrace,Week3,240.5 Dowden Terrace - 161.5 Canterbury Woods
Canterbury Woods,Week4,Tuckahoe,Week3,357.0 Tuckahoe - 45.0 Canterbury Woods
Cardinal Hill,Week1,Herndon,Week5,367.0 Cardinal Hill - 35.0 Herndon
Canterbury Woods,Week4,Rolling Valley,Week3,257.0 Canterbury Woods - 145.0 Rolling Valley
Cardinal Hill,Week2,Broyhill Crest,Week3,369.0 Cardinal Hill - 27.0 Broyhill Crest
Canterbury Woods,Week2,Tuckahoe,Week4,357.0 Tuckahoe - 45.0 Canterbury Woods
Cardinal Hill,Week2,Brookfield ,Week4,232.0 Cardinal Hill - 170.0 Brookfield
Cardinal Hill,Week2,Broyhill Crest,Week4,362.0 Cardinal Hill - 39.0 Broyhill Crest
Cardinal Hill,Week5,Hayfield Farm,Week4,257.0 Cardinal Hill - 145.0 Hayfield Farm
Canterbury Woods,Week3,Lake Braddock,Week3,251.0 Canterbury Woods - 151.0 Lake Braddock
Canterbury Woods,Week5,Lake Braddock,Week4,228.0 Canterbury Woods - 173.0 Lake Braddock
Cardinal Hill,Week2,Broyhill Crest,Week2,370.0 Cardinal Hill - 31.0 Broyhill Crest
Canterbury Woods,Week4,Dunn Loring,Week1,254.0 Dunn Loring - 148.0 Canterbury Woods
Canterbury Woods,Week3,Dunn Loring,Week4,304.0 Dunn Loring - 98.0 Canterbury Woods
Canterbury Woods,Week5,Broyhill Crest,Week2,315.0 Canterbury Woods - 85.0 Broyhill Crest
Canterbury Woods,Week2,Lake Braddock,Week2,217.0 Canterbury Woods - 185.0 Lake Braddock
Cardinal Hill,Week4,Herndon,Week5,352.0 Cardinal Hill - 50.0 Herndon
Canterbury Woods,Week2,Burke Station,Week2,227.0 Canterbury Woods - 171.0 Burke Station
Canterbury Woods,Week1,Lakevale Estates,Week1,274.0 Lakevale Estates - 128.0 Canterbury Woods
Canterbury Woods,Week2,Tuckahoe,Week2,339.0 Tuckahoe - 63.0 Canterbury Woods
Cardinal Hill,Week5,Herndon,Week3,350.0 Cardinal Hill - 51.0 Herndon
Canterbury Woods,Week2,Dunn Loring,Week3,315.0 Dunn Loring - 87.0 Canterbury Woods
Canterbury Woods,Week1,Vienna Aquatic,Week1,312.0 Vienna Aquatic - 90.0 Canterbury Woods
Canterbury Woods,Week3,Burke Station,Week3,238.0 Canterbury Woods - 158.0 Burke Station
Canterbury Woods,Week5,Dowden Terrace,Week3,251.0 Dowden Terrace - 151.0 Canterbury Woods
Canterbury Woods,Week1,Rutherford,Week4,203.0 Canterbury Woods - 199.0 Rutherford
Canterbury Woods,Week1,Lakevale Estates,Week3,285.0 Lakevale Estates - 112.0 Canterbury Woods
Canterbury Woods,Week4,Rutherford,Week3,231.0 Canterbury Woods - 171.0 Rutherford
Cardinal Hill,Week1,Hiddenbrook,Week1,322.0 Cardinal Hill - 80.0 Hiddenbrook
Canterbury Woods,Week1,Dunn Loring,Week4,312.0 Dunn Loring - 90.0 Canterbury Woods
Canterbury Woods,Week5,Tuckahoe,Week1,333.0 Tuckahoe - 69.0 Canterbury Woods
Cardinal Hill,Week4,Brookfield ,Week5,264.0 Cardinal Hill - 138.0 Brookfield
Cardinal Hill,Week5,Herndon,Week5,356.5 Cardinal Hill - 45.5 Herndon
Cardinal Hill,Week1,Brookfield ,Week5,271.0 Cardinal Hill - 131.0 Brookfield
Canterbury Woods,Week5,Rolling Valley,Week4,239.0 Canterbury Woods - 162.0 Rolling Valley
Cardinal Hill,Week1,Hiddenbrook,Week2,338.0 Cardinal Hill - 64.0 Hiddenbrook
Canterbury Woods,Week3,Burke Station,Week4,264.0 Canterbury Woods - 138.0 Burke Station
Canterbury Woods,Week3,Lake Braddock,Week2,251.0 Canterbury Woods - 151.0 Lake Braddock
Canterbury Woods,Week4,Lake Braddock,Week4,250.0 Canterbury Woods - 152.0 Lake Braddock
Canterbury Woods,Week4,Rolling Valley,Week5,249.0 Canterbury Woods - 153.0 Rolling Valley
Canterbury Woods,Week3,Burke Station,Week1,232.5 Canterbury Woods - 145.5 Burke Station
Canterbury Woods,Week3,Dowden Terrace,Week5,277.0 Dowden Terrace - 125.0 Canterbury Woods
Cardinal Hill,Week4,Brookfield ,Week2,282.0 Cardinal Hill - 120.0 Brookfield
Canterbury Woods,Week4,Tuckahoe,Week1,330.0 Tuckahoe - 72.0 Canterbury Woods
Chesterbrook,Week5,Poplar Heights,Week4,336.0 Chesterbrook - 66.0 Poplar Heights
Chesterbrook,Week3,Pleasant Valley,Week4,382.0 Chesterbrook - 20.0 Pleasant Valley
Chesterbrook,Week4,Villa Aquatic,Week1,349.0 Chesterbrook - 53.0 Villa Aquatic
Chesterbrook,Week4,Overlee,Week5,210.0 Overlee - 192.0 Chesterbrook
Chesterbrook,Week3,Dowden Terrace,Week1,356.5 Chesterbrook - 45.5 Dowden Terrace
Chesterbrook,Week1,Villa Aquatic,Week5,326.5 Chesterbrook - 75.5 Villa Aquatic
Chesterbrook,Week3,Pleasant Valley,Week3,381.0 Chesterbrook - 21.0 Pleasant Valley
Chesterbrook,Week3,Arlington Forest,Week2,367.0 Chesterbrook - 35.0 Arlington Forest
Chesterbrook,Week5,Donaldson Run,Week5,276.5 Chesterbrook - 125.5 Donaldson Run
Chesterbrook,Week4,Overlee,Week4,236.0 Overlee - 166.0 Chesterbrook
Chesterbrook,Week1,Overlee,Week1,222.0 Chesterbrook - 180.0 Overlee
Chesterbrook,Week4,Arlington Forest,Week3,358.0 Chesterbrook - 44.0 Arlington Forest
Chesterbrook,Week3,Villa Aquatic,Week4,360.0 Chesterbrook - 42.0 Villa Aquatic
Chesterbrook,Week1,Dowden Terrace,Week3,337.0 Chesterbrook - 65.0 Dowden Terrace
Chesterbrook,Week1,Overlee,Week2,201.0 Chesterbrook - 201.0 Overlee
Chesterbrook,Week5,Pleasant Valley,Week2,388.0 Chesterbrook - 13.0 Pleasant Valley
Chesterbrook,Week4,Pleasant Valley,Week1,381.0 Chesterbrook - 21.0 Pleasant Valley
Chesterbrook,Week3,Villa Aquatic,Week1,362.0 Chesterbrook - 40.0 Villa Aquatic
Chesterbrook,Week2,Arlington Forest,Week5,318.0 Chesterbrook - 84.0 Arlington Forest
Chesterbrook,Week1,Arlington Forest,Week1,337.0 Chesterbrook - 65.0 Arlington Forest
Chesterbrook,Week2,Pleasant Valley,Week2,384.0 Chesterbrook - 18.0 Pleasant Valley
Chesterbrook,Week4,Pleasant Valley,Week4,384.0 Chesterbrook - 18.0 Pleasant Valley
Chesterbrook,Week4,Dowden Terrace,Week3,340.0 Chesterbrook - 62.0 Dowden Terrace
Chesterbrook,Week2,Dowden Terrace,Week3,352.0 Chesterbrook - 50.0 Dowden Terrace
Chesterbrook,Week3,Annandale,Week5,366.0 Chesterbrook - 36.0 Annandale
Chesterbrook,Week2,Villa Aquatic,Week1,347.0 Chesterbrook - 55.0 Villa Aquatic
Chesterbrook,Week5,Vienna Woods,Week2,276.0 Chesterbrook - 126.0 Vienna Woods
Chesterbrook,Week4,Dowden Terrace,Week1,341.0 Chesterbrook - 61.0 Dowden Terrace
Chesterbrook,Week4,Arlington Forest,Week5,323.0 Chesterbrook - 79.0 Arlington Forest
Chesterbrook,Week2,Overlee,Week1,241.0 Chesterbrook - 161.0 Overlee
Chesterbrook,Week3,Arlington Forest,Week5,344.0 Chesterbrook - 58.0 Arlington Forest
Chesterbrook,Week1,Villa Aquatic,Week3,328.0 Chesterbrook - 74.0 Villa Aquatic
Chesterbrook,Week1,Dowden Terrace,Week2,330.0 Chesterbrook - 72.0 Dowden Terrace
Chesterbrook,Week1,Village West,Week1,357.0 Chesterbrook - 45.0 Village West
Chesterbrook,Week1,Arlington Forest,Week3,352.0 Chesterbrook - 50.0 Arlington Forest
Chesterbrook,Week1,Arlington Forest,Week5,313.0 Chesterbrook - 89.0 Arlington Forest
Chesterbrook,Week3,Arlington Forest,Week4,352.0 Chesterbrook - 50.0 Arlington Forest
Chesterbrook,Week4,Overlee,Week3,252.0 Chesterbrook - 150.0 Overlee
Chesterbrook,Week3,Dowden Terrace,Week5,345.0 Chesterbrook - 57.0 Dowden Terrace
Chesterbrook,Week4,Villa Aquatic,Week3,332.0 Chesterbrook - 70.0 Villa Aquatic
Chesterbrook,Week5,Pleasant Valley,Week1,378.5 Chesterbrook - 22.5 Pleasant Valley
Chesterbrook,Week4,Overlee,Week1,253.0 Chesterbrook - 149.0 Overlee
Chesterbrook,Week5,Overlee,Week1,258.0 Chesterbrook - 144.0 Overlee
Chesterbrook,Week1,Arlington Forest,Week4,321.0 Chesterbrook - 81.0 Arlington Forest
Chesterbrook,Week5,Pleasant Valley,Week3,380.0 Chesterbrook - 22.0 Pleasant Valley
Chesterbrook,Week3,Pleasant Valley,Week5,381.0 Chesterbrook - 21.0 Pleasant Valley
Chesterbrook,Week5,Donaldson Run,Week4,282.0 Chesterbrook - 120.0 Donaldson Run
Chesterbrook,Week2,Arlington Forest,Week1,347.0 Chesterbrook - 55.0 Arlington Forest
Chesterbrook,Week5,Dowden Terrace,Week5,329.0 Chesterbrook - 73.0 Dowden Terrace
Chesterbrook,Week5,Dowden Terrace,Week4,326.0 Chesterbrook - 76.0 Dowden Terrace
Chesterbrook,Week1,Pleasant Valley,Week3,370.0 Chesterbrook - 32.0 Pleasant Valley
Chesterbrook,Week2,Overlee,Week2,223.0 Chesterbrook - 179.0 Overlee
Chesterbrook,Week2,Pleasant Valley,Week3,375.0 Chesterbrook - 27.0 Pleasant Valley
Chesterbrook,Week4,Annandale,Week4,383.0 Chesterbrook - 19.0 Annandale
Chesterbrook,Week1,Parklawn,Week2,353.0 Chesterbrook - 49.0 Parklawn
Chesterbrook,Week2,Overlee,Week3,235.0 Chesterbrook - 167.0 Overlee
Chesterbrook,Week2,Overlee,Week5,239.0 Overlee - 163.0 Chesterbrook
Chesterbrook,Week4,Pleasant Valley,Week5,384.0 Chesterbrook - 18.0 Pleasant Valley
Chesterbrook,Week2,Dowden Terrace,Week5,320.0 Chesterbrook - 82.0 Dowden Terrace
Chesterbrook,Week2,Dowden Terrace,Week1,350.0 Chesterbrook - 52.0 Dowden Terrace
Chesterbrook,Week5,Villa Aquatic,Week4,358.0 Chesterbrook - 44.0 Villa Aquatic
Chesterbrook,Week5,Vienna Woods,Week5,256.0 Chesterbrook - 146.0 Vienna Woods
Chesterbrook,Week3,Annandale,Week4,386.0 Chesterbrook - 16.0 Annandale
Chesterbrook,Week1,Poplar Heights,Week1,332.0 Chesterbrook - 70.0 Poplar Heights
Chesterbrook,Week2,Pleasant Valley,Week5,380.0 Chesterbrook - 22.0 Pleasant Valley
Chesterbrook,Week2,Dowden Terrace,Week2,339.0 Chesterbrook - 63.0 Dowden Terrace
Chesterbrook,Week5,Dowden Terrace,Week2,347.0 Chesterbrook - 55.0 Dowden Terrace
Chesterbrook,Week3,Arlington Forest,Week3,364.0 Chesterbrook - 38.0 Arlington Forest
Chesterbrook,Week4,Villa Aquatic,Week5,341.0 Chesterbrook - 61.0 Villa Aquatic
Chesterbrook,Week5,Overlee,Week2,234.0 Chesterbrook - 168.0 Overlee
Chesterbrook,Week3,Overlee,Week4,220.0 Overlee - 182.0 Chesterbrook
Chesterbrook,Week1,Village West,Week3,354.0 Chesterbrook - 48.0 Village West
Chesterbrook,Week1,Villa Aquatic,Week4,336.0 Chesterbrook - 66.0 Villa Aquatic
Chesterbrook,Week1,Parklawn,Week1,358.0 Chesterbrook - 35.0 Parklawn
Chesterbrook,Week2,Dowden Terrace,Week4,331.0 Chesterbrook - 71.0 Dowden Terrace
Chesterbrook,Week1,Poplar Heights,Week2,322.0 Chesterbrook - 80.0 Poplar Heights
Chesterbrook,Week5,Dowden Terrace,Week1,349.0 Chesterbrook - 52.0 Dowden Terrace
Chesterbrook,Week2,Villa Aquatic,Week3,330.0 Chesterbrook - 72.0 Villa Aquatic
Chesterbrook,Week4,Vienna Woods,Week5,241.0 Chesterbrook - 161.0 Vienna Woods
Chesterbrook,Week3,Pleasant Valley,Week2,384.0 Chesterbrook - 18.0 Pleasant Valley
Chesterbrook,Week3,Overlee,Week1,287.0 Chesterbrook - 115.0 Overlee
Chesterbrook,Week5,Orange Hunt,Week5,323.0 Chesterbrook - 79.0 Orange Hunt
Chesterbrook,Week5,Vienna Woods,Week1,272.5 Chesterbrook - 129.5 Vienna Woods
Chesterbrook,Week3,Arlington Forest,Week1,360.5 Chesterbrook - 41.5 Arlington Forest
Chesterbrook,Week1,Poplar Tree,Week3,283.0 Chesterbrook - 119.0 Poplar Tree
Chesterbrook,Week4,Arlington Forest,Week1,345.0 Chesterbrook - 57.0 Arlington Forest
Chesterbrook,Week4,Villa Aquatic,Week2,348.0 Chesterbrook - 54.0 Villa Aquatic
Chesterbrook,Week4,Dowden Terrace,Week2,334.0 Chesterbrook - 68.0 Dowden Terrace
Chesterbrook,Week2,Villa Aquatic,Week4,352.0 Chesterbrook - 50.0 Villa Aquatic
Chesterbrook,Week1,Dowden Terrace,Week1,337.0 Chesterbrook - 60.0 Dowden Terrace
Chesterbrook,Week5,Vienna Woods,Week3,284.0 Chesterbrook - 118.0 Vienna Woods
Chesterbrook,Week5,Annandale,Week2,373.0 Chesterbrook - 29.0 Annandale
Chesterbrook,Week1,Overlee,Week5,242.0 Overlee - 160.0 Chesterbrook
Chesterbrook,Week3,Overlee,Week5,204.5 Overlee - 197.5 Chesterbrook
Chesterbrook,Week2,Pleasant Valley,Week4,377.0 Chesterbrook - 25.0 Pleasant Valley
Chesterbrook,Week2,Arlington Forest,Week2,360.0 Chesterbrook - 42.0 Arlington Forest
Chesterbrook,Week5,Donaldson Run,Week2,293.0 Chesterbrook - 109.0 Donaldson Run
Chesterbrook,Week5,Pleasant Valley,Week5,384.0 Chesterbrook - 18.0 Pleasant Valley
Chesterbrook,Week3,Overlee,Week3,271.0 Chesterbrook - 131.0 Overlee
Chesterbrook,Week5,Arlington Forest,Week1,351.0 Chesterbrook - 51.0 Arlington Forest
Chesterbrook,Week1,Dunn Loring,Week2,285.0 Chesterbrook - 117.0 Dunn Loring
Chesterbrook,Week5,Vienna Woods,Week4,296.0 Chesterbrook - 106.0 Vienna Woods
Chesterbrook,Week1,Parliament,Week2,329.0 Chesterbrook - 73.0 Parliament
Chesterbrook,Week2,Poplar Heights,Week5,327.0 Chesterbrook - 75.0 Poplar Heights
Chesterbrook,Week2,Parklawn,Week3,370.0 Chesterbrook - 32.0 Parklawn
Chesterbrook,Week5,Villa Aquatic,Week1,357.5 Chesterbrook - 44.5 Villa Aquatic
Chesterbrook,Week4,Dunn Loring,Week5,291.0 Chesterbrook - 111.0 Dunn Loring
Chesterbrook,Week2,Villa Aquatic,Week5,342.0 Chesterbrook - 60.0 Villa Aquatic
Chesterbrook,Week2,Poplar Heights,Week3,337.0 Chesterbrook - 65.0 Poplar Heights
Chesterbrook,Week1,Brandywine,Week1,343.0 Chesterbrook - 59.0 Brandywine
Chesterbrook,Week4,Parklawn,Week5,360.0 Chesterbrook - 42.0 Parklawn
Chesterbrook,Week5,Dunn Loring,Week5,300.0 Chesterbrook - 102.0 Dunn Loring
Chesterbrook,Week5,Villa Aquatic,Week2,354.0 Chesterbrook - 48.0 Villa Aquatic
Chesterbrook,Week3,Dunn Loring,Week5,307.0 Chesterbrook - 95.0 Dunn Loring
Chesterbrook,Week3,Parklawn,Week3,376.0 Chesterbrook - 26.0 Parklawn
Chesterbrook,Week5,Arlington Forest,Week4,334.0 Chesterbrook - 68.0 Arlington Forest
Chesterbrook,Week2,Poplar Tree,Week4,317.0 Chesterbrook - 85.0 Poplar Tree
Chesterbrook,Week3,Dunn Loring,Week4,315.0 Chesterbrook - 87.0 Dunn Loring
Chesterbrook,Week3,Parklawn,Week4,363.5 Chesterbrook - 38.5 Parklawn
Chesterbrook,Week5,Arlington Forest,Week2,362.0 Chesterbrook - 40.0 Arlington Forest
Chesterbrook,Week3,Poplar Tree,Week1,319.0 Chesterbrook - 83.0 Poplar Tree
Chesterbrook,Week1,Poplar Tree,Week4,300.0 Chesterbrook - 102.0 Poplar Tree
Chesterbrook,Week3,Poplar Tree,Week4,328.0 Chesterbrook - 74.0 Poplar Tree
Chesterbrook,Week5,Arlington Forest,Week5,324.0 Chesterbrook - 78.0 Arlington Forest
Chesterbrook,Week4,Parklawn,Week4,359.0 Chesterbrook - 42.0 Parklawn
Chesterbrook,Week2,Parklawn,Week5,358.0 Chesterbrook - 44.0 Parklawn
Chesterbrook,Week3,Poplar Heights,Week5,334.0 Chesterbrook - 68.0 Poplar Heights
Chesterbrook,Week3,Villa Aquatic,Week3,344.0 Chesterbrook - 58.0 Villa Aquatic
Chesterbrook,Week1,Village West,Week2,368.0 Chesterbrook - 34.0 Village West
Chesterbrook,Week2,Dunn Loring,Week2,293.0 Chesterbrook - 109.0 Dunn Loring
Chesterbrook,Week2,Fair Oaks ,Week3,329.0 Chesterbrook - 73.0 Fair Oaks
Chesterbrook,Week1,Parklawn,Week5,352.0 Chesterbrook - 50.0 Parklawn
Chesterbrook,Week3,Dunn Loring,Week1,316.0 Chesterbrook - 86.0 Dunn Loring
Chesterbrook,Week5,Villa Aquatic,Week3,346.0 Chesterbrook - 56.0 Villa Aquatic
Chesterbrook,Week4,Poplar Heights,Week4,335.0 Chesterbrook - 67.0 Poplar Heights
Chesterbrook,Week3,Parklawn,Week2,371.0 Chesterbrook - 31.0 Parklawn
Chesterbrook,Week3,Canterbury Woods,Week5,359.0 Chesterbrook - 43.0 Canterbury Woods
Chesterbrook,Week1,Poplar Tree,Week2,299.0 Chesterbrook - 98.0 Poplar Tree
Chesterbrook,Week3,Villa Aquatic,Week5,355.0 Chesterbrook - 47.0 Villa Aquatic
Chesterbrook,Week5,Village West,Week3,365.5 Chesterbrook - 36.5 Village West
Chesterbrook,Week4,Poplar Heights,Week3,328.0 Chesterbrook - 74.0 Poplar Heights
Chesterbrook,Week5,Parklawn,Week5,358.0 Chesterbrook - 43.0 Parklawn
Chesterbrook,Week1,Virginia Hills,Week5,383.0 Chesterbrook - 19.0 Virginia Hills
Chesterbrook,Week3,Dunn Loring,Week3,303.0 Chesterbrook - 99.0 Dunn Loring
Chesterbrook,Week3,Poplar Heights,Week4,349.0 Chesterbrook - 53.0 Poplar Heights
Chesterbrook,Week2,Dunn Loring,Week3,281.0 Chesterbrook - 121.0 Dunn Loring
Chesterbrook,Week3,Parklawn,Week1,369.0 Chesterbrook - 24.0 Parklawn
Chesterbrook,Week4,Dunn Loring,Week4,297.0 Chesterbrook - 105.0 Dunn Loring
Chesterbrook,Week4,Villa Aquatic,Week4,350.0 Chesterbrook - 52.0 Villa Aquatic
Chesterbrook,Week4,Dunn Loring,Week1,305.0 Chesterbrook - 97.0 Dunn Loring
Chesterbrook,Week2,Parklawn,Week1,364.0 Chesterbrook - 29.0 Parklawn
Chesterbrook,Week2,Fair Oaks ,Week1,328.0 Chesterbrook - 74.0 Fair Oaks
Chesterbrook,Week5,Village West,Week2,374.0 Chesterbrook - 28.0 Village West
Chesterbrook,Week2,Parklawn,Week4,356.0 Chesterbrook - 46.0 Parklawn
Chesterbrook,Week3,Canterbury Woods,Week3,371.0 Chesterbrook - 31.0 Canterbury Woods
Chesterbrook,Week4,Village West,Week5,370.0 Chesterbrook - 32.0 Village West
Chesterbrook,Week5,Parklawn,Week2,361.0 Chesterbrook - 40.0 Parklawn
Chesterbrook,Week2,Poplar Heights,Week4,340.0 Chesterbrook - 62.0 Poplar Heights
Chesterbrook,Week5,Poplar Heights,Week2,332.0 Chesterbrook - 70.0 Poplar Heights
Chesterbrook,Week2,Village West,Week3,366.0 Chesterbrook - 36.0 Village West
Chesterbrook,Week5,Parklawn,Week3,370.0 Chesterbrook - 31.0 Parklawn
Chesterbrook,Week1,Dunn Loring,Week4,295.0 Chesterbrook - 107.0 Dunn Loring
Chesterbrook,Week1,Dunn Loring,Week5,275.0 Chesterbrook - 127.0 Dunn Loring
Chesterbrook,Week5,Village West,Week1,373.0 Chesterbrook - 29.0 Village West
Chesterbrook,Week3,Poplar Heights,Week2,340.5 Chesterbrook - 61.5 Poplar Heights
Chesterbrook,Week2,Dunn Loring,Week1,299.5 Chesterbrook - 102.5 Dunn Loring
Chesterbrook,Week5,Poplar Heights,Week5,325.0 Chesterbrook - 77.0 Poplar Heights
Chesterbrook,Week4,Village West,Week4,367.0 Chesterbrook - 30.0 Village West
Chesterbrook,Week2,Dunn Loring,Week4,301.0 Chesterbrook - 101.0 Dunn Loring
Chesterbrook,Week3,Village West,Week1,381.0 Chesterbrook - 21.0 Village West
Chesterbrook,Week4,Poplar Heights,Week5,327.0 Chesterbrook - 75.0 Poplar Heights
Chesterbrook,Week4,Canterbury Woods,Week4,341.0 Chesterbrook - 61.0 Canterbury Woods
Chesterbrook,Week3,Village West,Week3,376.0 Chesterbrook - 26.0 Village West
Chesterbrook,Week3,Canterbury Woods,Week4,360.0 Chesterbrook - 42.0 Canterbury Woods
Chesterbrook,Week2,Parklawn,Week2,362.0 Chesterbrook - 40.0 Parklawn
Chesterbrook,Week5,Canterbury Woods,Week2,362.0 Chesterbrook - 40.0 Canterbury Woods
Chesterbrook,Week3,Cardinal Hill,Week5,327.0 Chesterbrook - 75.0 Cardinal Hill
Chesterbrook,Week3,Poplar Tree,Week3,324.0 Chesterbrook - 78.0 Poplar Tree
Chesterbrook,Week1,Parklawn,Week4,349.0 Chesterbrook - 53.0 Parklawn
Chesterbrook,Week2,Poplar Heights,Week2,329.0 Chesterbrook - 73.0 Poplar Heights
Chesterbrook,Week2,Fair Oaks ,Week4,343.0 Chesterbrook - 59.0 Fair Oaks
Chesterbrook,Week5,Poplar Heights,Week1,338.0 Chesterbrook - 64.0 Poplar Heights
Chesterbrook,Week2,Fair Oaks ,Week5,320.0 Chesterbrook - 82.0 Fair Oaks
Chesterbrook,Week5,Arlington Forest,Week3,357.0 Chesterbrook - 45.0 Arlington Forest
Chesterbrook,Week5,Villa Aquatic,Week5,352.0 Chesterbrook - 50.0 Villa Aquatic
Chesterbrook,Week5,Poplar Heights,Week3,335.0 Chesterbrook - 67.0 Poplar Heights
Chesterbrook,Week2,Village West,Week4,367.0 Chesterbrook - 30.0 Village West
Chesterbrook,Week3,Parklawn,Week5,366.0 Chesterbrook - 36.0 Parklawn
Chesterbrook,Week2,Annandale,Week5,365.0 Chesterbrook - 37.0 Annandale
Chesterbrook,Week4,Parklawn,Week3,364.0 Chesterbrook - 38.0 Parklawn
Chesterbrook,Week5,Parklawn,Week4,362.0 Chesterbrook - 39.0 Parklawn
Chesterbrook,Week5,Canterbury Woods,Week1,352.0 Chesterbrook - 50.0 Canterbury Woods
Chesterbrook,Week4,Parklawn,Week2,362.0 Chesterbrook - 40.0 Parklawn
Chesterbrook,Week1,Village West,Week5,365.0 Chesterbrook - 32.0 Village West
Chesterbrook,Week3,Cardinal Hill,Week2,342.0 Chesterbrook - 60.0 Cardinal Hill
Chesterbrook,Week3,Poplar Heights,Week3,351.0 Chesterbrook - 51.0 Poplar Heights
Chesterbrook,Week4,Parklawn,Week1,367.0 Chesterbrook - 26.0 Parklawn
Chesterbrook,Week4,Dunn Loring,Week3,283.0 Chesterbrook - 119.0 Dunn Loring
Chesterbrook,Week5,Dunn Loring,Week1,319.0 Chesterbrook - 83.0 Dunn Loring
Chesterbrook,Week2,Poplar Heights,Week1,340.5 Chesterbrook - 61.5 Poplar Heights
Chesterbrook,Week2,Village West,Week2,375.0 Chesterbrook - 27.0 Village West
Chesterbrook,Week2,Dunn Loring,Week5,283.0 Chesterbrook - 119.0 Dunn Loring
Chesterbrook,Week2,Village West,Week5,371.0 Chesterbrook - 31.0 Village West
Chesterbrook,Week4,Poplar Heights,Week1,329.0 Chesterbrook - 73.0 Poplar Heights
Chesterbrook,Week3,Cardinal Hill,Week3,307.0 Chesterbrook - 95.0 Cardinal Hill
Chesterbrook,Week3,Parliament,Week2,356.0 Chesterbrook - 46.0 Parliament
Chesterbrook,Week5,Dunn Loring,Week2,309.0 Chesterbrook - 93.0 Dunn Loring
Chesterbrook,Week1,Cardinal Hill,Week3,285.0 Chesterbrook - 117.0 Cardinal Hill
Chesterbrook,Week1,Parliament,Week1,309.0 Chesterbrook - 93.0 Parliament
Chesterbrook,Week5,Dunn Loring,Week4,317.5 Chesterbrook - 84.5 Dunn Loring
Chesterbrook,Week3,Village West,Week2,384.0 Chesterbrook - 18.0 Village West
Chesterbrook,Week3,Village West,Week5,381.0 Chesterbrook - 21.0 Village West
Chesterbrook,Week1,Parklawn,Week3,359.0 Chesterbrook - 43.0 Parklawn
Chesterbrook,Week5,Canterbury Woods,Week4,341.0 Chesterbrook - 61.0 Canterbury Woods
Chesterbrook,Week3,Canterbury Woods,Week2,368.0 Chesterbrook - 34.0 Canterbury Woods
Chesterbrook,Week4,Poplar Heights,Week2,329.0 Chesterbrook - 73.0 Poplar Heights
Chesterbrook,Week5,Parklawn,Week1,364.0 Chesterbrook - 29.0 Parklawn
Chesterbrook,Week4,Village West,Week2,375.0 Chesterbrook - 27.0 Village West
Chesterbrook,Week3,Dunn Loring,Week2,306.0 Chesterbrook - 96.0 Dunn Loring
Chesterbrook,Week1,Poplar Tree,Week1,295.5 Chesterbrook - 106.5 Poplar Tree
Chesterbrook,Week4,Dunn Loring,Week2,289.0 Chesterbrook - 113.0 Dunn Loring
Chesterbrook,Week3,Poplar Heights,Week1,348.0 Chesterbrook - 54.0 Poplar Heights
Chesterbrook,Week1,Poplar Tree,Week5,287.5 Chesterbrook - 114.5 Poplar Tree
Chesterbrook,Week2,Cardinal Hill,Week3,293.0 Chesterbrook - 109.0 Cardinal Hill
Chesterbrook,Week3,Village West,Week4,379.0 Chesterbrook - 18.0 Village West
Chesterbrook,Week1,Pinecrest,Week1,302.0 Chesterbrook - 100.0 Pinecrest
Chesterbrook,Week1,Parliament,Week3,333.0 Chesterbrook - 69.0 Parliament
Chesterbrook,Week2,Cardinal Hill,Week1,304.0 Chesterbrook - 98.0 Cardinal Hill
Chesterbrook,Week2,Fair Oaks ,Week2,351.0 Chesterbrook - 51.0 Fair Oaks
Chesterbrook,Week1,Fair Oaks ,Week1,311.0 Chesterbrook - 91.0 Fair Oaks
Chesterbrook,Week5,Parliament,Week3,352.0 Chesterbrook - 50.0 Parliament
Chesterbrook,Week1,Virginia Hills,Week4,389.5 Chesterbrook - 12.5 Virginia Hills
Chesterbrook,Week5,Village West,Week5,372.0 Chesterbrook - 30.0 Village West
Chesterbrook,Week4,Canterbury Woods,Week2,346.0 Chesterbrook - 56.0 Canterbury Woods
Chesterbrook,Week2,Pinecrest,Week3,291.0 Chesterbrook - 111.0 Pinecrest
Chesterbrook,Week1,Fair Oaks ,Week2,340.0 Chesterbrook - 62.0 Fair Oaks
Chesterbrook,Week2,Cardinal Hill,Week5,307.0 Chesterbrook - 95.0 Cardinal Hill
Chesterbrook,Week5,Canterbury Woods,Week3,358.0 Chesterbrook - 44.0 Canterbury Woods
Chesterbrook,Week4,Village West,Week1,371.0 Chesterbrook - 31.0 Village West
Chesterbrook,Week3,Ravensworth Farm,Week2,360.0 Chesterbrook - 42.0 Ravensworth Farm
Chesterbrook,Week1,Cardinal Hill,Week1,301.0 Chesterbrook - 101.0 Cardinal Hill
Chesterbrook,Week4,Canterbury Woods,Week5,336.0 Chesterbrook - 66.0 Canterbury Woods
Chesterbrook,Week2,Village West,Week1,377.0 Chesterbrook - 25.0 Village West
Chesterbrook,Week1,Ravensworth Farm,Week4,306.0 Chesterbrook - 96.0 Ravensworth Farm
Chesterbrook,Week4,Parliament,Week2,338.0 Chesterbrook - 64.0 Parliament
Chesterbrook,Week3,Parliament,Week1,347.0 Chesterbrook - 55.0 Parliament
Chesterbrook,Week4,Canterbury Woods,Week3,358.0 Chesterbrook - 44.0 Canterbury Woods
Chesterbrook,Week1,Virginia Hills,Week2,391.0 Chesterbrook - 11.0 Virginia Hills
Chesterbrook,Week1,Fair Oaks ,Week5,308.5 Chesterbrook - 93.5 Fair Oaks
Chesterbrook,Week2,Poplar Tree,Week2,316.0 Chesterbrook - 86.0 Poplar Tree
Chesterbrook,Week2,Poplar Tree,Week5,314.0 Chesterbrook - 88.0 Poplar Tree
Chesterbrook,Week1,Parliament,Week5,329.0 Chesterbrook - 73.0 Parliament
Chesterbrook,Week4,Fair Oaks ,Week4,344.0 Chesterbrook - 58.0 Fair Oaks
Chesterbrook,Week4,Canterbury Woods,Week1,351.0 Chesterbrook - 51.0 Canterbury Woods
Chesterbrook,Week1,Virginia Hills,Week3,387.0 Chesterbrook - 15.0 Virginia Hills
Chesterbrook,Week5,Fair Oaks ,Week3,333.0 Chesterbrook - 69.0 Fair Oaks
Chesterbrook,Week1,Village West,Week4,360.0 Chesterbrook - 37.0 Village West
Chesterbrook,Week2,Ravensworth Farm,Week3,321.0 Chesterbrook - 81.0 Ravensworth Farm
Chesterbrook,Week1,Cardinal Hill,Week2,319.3 Chesterbrook - 82.7 Cardinal Hill
Chesterbrook,Week2,Parliament,Week3,340.0 Chesterbrook - 62.0 Parliament
Chesterbrook,Week4,Ravensworth Farm,Week1,331.0 Chesterbrook - 71.0 Ravensworth Farm
Chesterbrook,Week3,Poplar Tree,Week2,338.0 Chesterbrook - 64.0 Poplar Tree
Chesterbrook,Week4,Village West,Week3,365.0 Chesterbrook - 37.0 Village West
Chesterbrook,Week2,Poplar Tree,Week3,304.0 Chesterbrook - 98.0 Poplar Tree
Chesterbrook,Week1,Fair Oaks ,Week4,329.0 Chesterbrook - 73.0 Fair Oaks
Chesterbrook,Week2,Parliament,Week2,345.5 Chesterbrook - 56.5 Parliament
Chesterbrook,Week1,Pinecrest,Week5,295.0 Chesterbrook - 102.0 Pinecrest
Chesterbrook,Week2,Poplar Tree,Week1,304.0 Chesterbrook - 98.0 Poplar Tree
Chesterbrook,Week5,Dunn Loring,Week3,293.0 Chesterbrook - 109.0 Dunn Loring
Chesterbrook,Week2,Cardinal Hill,Week2,325.0 Chesterbrook - 77.0 Cardinal Hill
Chesterbrook,Week1,Fairfax,Week1,278.0 Chesterbrook - 124.0 Fairfax
Chesterbrook,Week3,Ravensworth Farm,Week3,346.0 Chesterbrook - 56.0 Ravensworth Farm
Chesterbrook,Week4,Parliament,Week3,345.0 Chesterbrook - 57.0 Parliament
Chesterbrook,Week4,Parliament,Week5,347.0 Chesterbrook - 55.0 Parliament
Chesterbrook,Week2,Cardinal Hill,Week4,318.5 Chesterbrook - 83.5 Cardinal Hill
Chesterbrook,Week1,Fairfax,Week3,263.0 Chesterbrook - 139.0 Fairfax
Chesterbrook,Week2,Virginia Hills,Week1,397.0 Chesterbrook - 5.0 Virginia Hills
Chesterbrook,Week1,Fairfax,Week2,265.0 Chesterbrook - 137.0 Fairfax
Chesterbrook,Week2,Pinecrest,Week2,296.0 Chesterbrook - 106.0 Pinecrest
Chesterbrook,Week5,Parliament,Week2,350.0 Chesterbrook - 52.0 Parliament
Chesterbrook,Week3,Cardinal Hill,Week1,327.0 Chesterbrook - 75.0 Cardinal Hill
Chesterbrook,Week5,Parliament,Week4,363.0 Chesterbrook - 39.0 Parliament
Chesterbrook,Week2,Virginia Hills,Week3,398.0 Chesterbrook - 4.0 Virginia Hills
Chesterbrook,Week4,Ravensworth Farm,Week3,327.0 Chesterbrook - 75.0 Ravensworth Farm
Chesterbrook,Week3,Ravensworth Farm,Week5,343.0 Chesterbrook - 59.0 Ravensworth Farm
Chesterbrook,Week1,Cardinal Hill,Week4,317.0 Chesterbrook - 85.0 Cardinal Hill
Chesterbrook,Week1,Cardinal Hill,Week5,307.0 Chesterbrook - 95.0 Cardinal Hill
Chesterbrook,Week1,Fairfax,Week5,267.0 Chesterbrook - 135.0 Fairfax
Chesterbrook,Week5,Village West,Week4,368.0 Chesterbrook - 29.0 Village West
Chesterbrook,Week4,Poplar Tree,Week4,315.0 Chesterbrook - 87.0 Poplar Tree
Chesterbrook,Week1,Fairfax,Week4,280.0 Chesterbrook - 122.0 Fairfax
Chesterbrook,Week2,Virginia Hills,Week2,398.0 Chesterbrook - 4.0 Virginia Hills
Chesterbrook,Week4,Ravensworth Farm,Week2,346.0 Chesterbrook - 56.0 Ravensworth Farm
Chesterbrook,Week4,Parliament,Week1,318.0 Chesterbrook - 84.0 Parliament
Chesterbrook,Week5,Virginia Hills,Week5,391.0 Chesterbrook - 11.0 Virginia Hills
Chesterbrook,Week3,Cardinal Hill,Week4,332.5 Chesterbrook - 69.5 Cardinal Hill
Chesterbrook,Week5,Fair Oaks ,Week5,325.0 Chesterbrook - 77.0 Fair Oaks
Chesterbrook,Week1,Fair Oaks ,Week3,309.0 Chesterbrook - 93.0 Fair Oaks
Chesterbrook,Week1,Virginia Hills,Week1,384.0 Chesterbrook - 18.0 Virginia Hills
Chesterbrook,Week4,Ravensworth Farm,Week4,341.0 Chesterbrook - 61.0 Ravensworth Farm
Chesterbrook,Week4,Virginia Hills,Week4,398.0 Chesterbrook - 4.0 Virginia Hills
Chesterbrook,Week3,Fair Oaks ,Week1,337.0 Chesterbrook - 65.0 Fair Oaks
Chesterbrook,Week2,Parliament,Week5,339.0 Chesterbrook - 63.0 Parliament
Chesterbrook,Week5,Poplar Tree,Week4,310.0 Chesterbrook - 92.0 Poplar Tree
Chesterbrook,Week4,Poplar Tree,Week5,308.5 Chesterbrook - 93.5 Poplar Tree
Chesterbrook,Week5,Canterbury Woods,Week5,339.0 Chesterbrook - 62.0 Canterbury Woods
Chesterbrook,Week4,Poplar Tree,Week3,298.0 Chesterbrook - 104.0 Poplar Tree
Chesterbrook,Week3,Chesterbrook,Week1,271.0 Chesterbrook (CB1) - 131.0 Chesterbrook (CB2)
Chesterbrook,Week2,Parliament,Week4,352.0 Chesterbrook - 50.0 Parliament
Chesterbrook,Week3,Parliament,Week5,360.0 Chesterbrook - 42.0 Parliament
Chesterbrook,Week3,Virginia Hills,Week3,397.0 Chesterbrook - 5.0 Virginia Hills
Chesterbrook,Week5,Parliament,Week1,325.0 Chesterbrook - 77.0 Parliament
Chesterbrook,Week4,Poplar Tree,Week1,296.0 Chesterbrook - 106.0 Poplar Tree
Chesterbrook,Week1,Virginia Run,Week5,318.0 Chesterbrook - 84.0 Virginia Run
Chesterbrook,Week2,Parliament,Week1,320.0 Chesterbrook - 82.0 Parliament
Chesterbrook,Week3,Fair Oaks ,Week3,343.0 Chesterbrook - 59.0 Fair Oaks
Chesterbrook,Week5,Cardinal Hill,Week5,310.0 Chesterbrook - 92.0 Cardinal Hill
Chesterbrook,Week3,Fair Oaks ,Week2,356.0 Chesterbrook - 46.0 Fair Oaks
Chesterbrook,Week1,Chesterbrook,Week1,198.5 Chesterbrook (CB1) - 198.5 Chesterbrook (CB2)
Chesterbrook,Week2,Virginia Run,Week4,340.0 Chesterbrook - 62.0 Virginia Run
Chesterbrook,Week3,Fair Oaks ,Week4,348.0 Chesterbrook - 54.0 Fair Oaks
Chesterbrook,Week4,Cardinal Hill,Week4,319.5 Chesterbrook - 82.5 Cardinal Hill
Chesterbrook,Week4,Fair Oaks ,Week1,333.0 Chesterbrook - 69.0 Fair Oaks
Chesterbrook,Week3,Virginia Run,Week3,360.0 Chesterbrook - 42.0 Virginia Run
Chesterbrook,Week1,Ravensworth Farm,Week1,315.0 Chesterbrook - 87.0 Ravensworth Farm
Chesterbrook,Week3,Virginia Hills,Week1,397.0 Chesterbrook - 5.0 Virginia Hills
Chesterbrook,Week1,Ravensworth Farm,Week3,309.0 Chesterbrook - 93.0 Ravensworth Farm
Chesterbrook,Week1,Ravensworth Farm,Week2,327.0 Chesterbrook - 75.0 Ravensworth Farm
Chesterbrook,Week5,Fair Oaks ,Week2,352.0 Chesterbrook - 50.0 Fair Oaks
Chesterbrook,Week2,Chesterbrook,Week2,201.0 Chesterbrook (CB1) - 201.0 Chesterbrook (CB2)
Chesterbrook,Week5,Cardinal Hill,Week1,312.0 Chesterbrook - 90.0 Cardinal Hill
Chesterbrook,Week1,Ravensworth Farm,Week5,315.0 Chesterbrook - 87.0 Ravensworth Farm
Chesterbrook,Week2,Fairfax,Week1,295.0 Chesterbrook - 107.0 Fairfax
Chesterbrook,Week4,Fair Oaks ,Week5,326.0 Chesterbrook - 76.0 Fair Oaks
Chesterbrook,Week2,Virginia Run,Week2,341.0 Chesterbrook - 61.0 Virginia Run
Chesterbrook,Week4,Parliament,Week4,361.0 Chesterbrook - 41.0 Parliament
Chesterbrook,Week3,Chesterbrook,Week5,242.0 Chesterbrook (CB1) - 160.0 Chesterbrook (CB2)
Chesterbrook,Week2,Fairfax,Week3,268.0 Chesterbrook - 134.0 Fairfax
Chesterbrook,Week4,Fair Oaks ,Week3,330.0 Chesterbrook - 72.0 Fair Oaks
Chesterbrook,Week2,Fairfax,Week2,269.0 Chesterbrook - 133.0 Fairfax
Chesterbrook,Week2,Chesterbrook,Week5,237.0 Chesterbrook (CB2) - 165.0 Chesterbrook (CB1)
Chesterbrook,Week2,Virginia Hills,Week5,388.0 Chesterbrook - 14.0 Virginia Hills
Chesterbrook,Week3,Poplar Tree,Week5,325.0 Chesterbrook - 77.0 Poplar Tree
Chesterbrook,Week5,Parliament,Week5,349.5 Chesterbrook - 52.5 Parliament
Chesterbrook,Week1,Pinecrest,Week4,281.0 Chesterbrook - 121.0 Pinecrest
Chesterbrook,Week5,Virginia Hills,Week2,396.0 Chesterbrook - 6.0 Virginia Hills
Chesterbrook,Week4,Fair Oaks ,Week2,348.0 Chesterbrook - 54.0 Fair Oaks
Chesterbrook,Week3,Fair Oaks ,Week5,339.0 Chesterbrook - 63.0 Fair Oaks
Chesterbrook,Week2,Ravensworth Farm,Week2,339.0 Chesterbrook - 63.0 Ravensworth Farm
Chesterbrook,Week1,Pinecrest,Week2,286.0 Chesterbrook - 116.0 Pinecrest
Chesterbrook,Week1,Chesterbrook,Week4,232.0 Chesterbrook (CB2) - 170.0 Chesterbrook (CB1)
Chesterbrook,Week4,Virginia Run,Week2,341.0 Chesterbrook - 61.0 Virginia Run
Chesterbrook,Week2,Ravensworth Farm,Week5,332.0 Chesterbrook - 70.0 Ravensworth Farm
Chesterbrook,Week4,Chesterbrook,Week5,203.7 Chesterbrook (CB2) - 198.3 Chesterbrook (CB1)
Chesterbrook,Week5,Virginia Hills,Week4,399.0 Chesterbrook - 3.0 Virginia Hills
Chesterbrook,Week2,Chesterbrook,Week1,229.0 Chesterbrook (CB1) - 173.0 Chesterbrook (CB2)
Chesterbrook,Week3,Parliament,Week4,370.0 Chesterbrook - 32.0 Parliament
Chesterbrook,Week5,Poplar Tree,Week3,304.0 Chesterbrook - 98.0 Poplar Tree
Chesterbrook,Week2,Ravensworth Farm,Week4,325.0 Chesterbrook - 77.0 Ravensworth Farm
Chesterbrook,Week1,Parliament,Week4,339.0 Chesterbrook - 63.0 Parliament
Chesterbrook,Week5,Fair Oaks ,Week4,344.0 Chesterbrook - 58.0 Fair Oaks
Chesterbrook,Week2,Virginia Run,Week5,324.0 Chesterbrook - 78.0 Virginia Run
Chesterbrook,Week2,Pinecrest,Week1,310.0 Chesterbrook - 92.0 Pinecrest
Chesterbrook,Week4,Virginia Hills,Week3,397.0 Chesterbrook - 5.0 Virginia Hills
Chesterbrook,Week4,Cardinal Hill,Week3,292.0 Chesterbrook - 110.0 Cardinal Hill
Chesterbrook,Week3,Parliament,Week3,349.0 Chesterbrook - 53.0 Parliament
Chesterbrook,Week5,Poplar Tree,Week5,314.0 Chesterbrook - 88.0 Poplar Tree
Chesterbrook,Week1,Chesterbrook,Week2,229.0 Chesterbrook (CB2) - 173.0 Chesterbrook (CB1)
Chesterbrook,Week4,Virginia Run,Week4,344.0 Chesterbrook - 58.0 Virginia Run
Chesterbrook,Week5,Chesterbrook,Week5,201.0 Chesterbrook (CB1) - 201.0 Chesterbrook (CB2)
Chesterbrook,Week1,Pinecrest,Week3,282.0 Chesterbrook - 120.0 Pinecrest
Chesterbrook,Week5,Fair Oaks ,Week1,334.0 Chesterbrook - 68.0 Fair Oaks
Chesterbrook,Week1,Virginia Run,Week4,333.0 Chesterbrook - 69.0 Virginia Run
Chesterbrook,Week2,Virginia Hills,Week4,398.0 Chesterbrook - 4.0 Virginia Hills
Chesterbrook,Week4,Cardinal Hill,Week2,322.0 Chesterbrook - 80.0 Cardinal Hill
Chesterbrook,Week3,Ravensworth Farm,Week1,352.0 Chesterbrook - 50.0 Ravensworth Farm
Chesterbrook,Week4,Poplar Tree,Week2,309.0 Chesterbrook - 93.0 Poplar Tree
Chesterbrook,Week3,Virginia Hills,Week5,392.0 Chesterbrook - 10.0 Virginia Hills
Chesterbrook,Week2,Pinecrest,Week5,306.0 Chesterbrook - 96.0 Pinecrest
Chesterbrook,Week5,Poplar Tree,Week1,304.0 Chesterbrook - 98.0 Poplar Tree
Chesterbrook,Week2,Ravensworth Farm,Week1,323.0 Chesterbrook - 79.0 Ravensworth Farm
Chesterbrook,Week3,Pinecrest,Week1,335.0 Chesterbrook - 67.0 Pinecrest
Chesterbrook,Week5,Poplar Tree,Week2,317.0 Chesterbrook - 85.0 Poplar Tree
Chesterbrook,Week3,Virginia Hills,Week2,399.0 Chesterbrook - 3.0 Virginia Hills
Chesterbrook,Week3,Pinecrest,Week3,311.0 Chesterbrook - 91.0 Pinecrest
Chesterbrook,Week4,Virginia Run,Week1,339.0 Chesterbrook - 63.0 Virginia Run
Chesterbrook,Week5,Cardinal Hill,Week3,298.0 Chesterbrook - 104.0 Cardinal Hill
Chesterbrook,Week2,Virginia Run,Week1,333.0 Chesterbrook - 69.0 Virginia Run
Chesterbrook,Week3,Pinecrest,Week2,318.0 Chesterbrook - 84.0 Pinecrest
Chesterbrook,Week5,Cardinal Hill,Week4,327.0 Chesterbrook - 75.0 Cardinal Hill
Chesterbrook,Week4,Chesterbrook,Week1,232.0 Chesterbrook (CB1) - 170.0 Chesterbrook (CB2)
Chesterbrook,Week3,Pinecrest,Week5,322.0 Chesterbrook - 80.0 Pinecrest
Chesterbrook,Week3,Pinecrest,Week4,317.0 Chesterbrook - 85.0 Pinecrest
Chesterbrook,Week5,Cardinal Hill,Week2,342.0 Chesterbrook - 60.0 Cardinal Hill
Chesterbrook,Week4,Virginia Hills,Week2,397.0 Chesterbrook - 5.0 Virginia Hills
Chesterbrook,Week3,Ravensworth Farm,Week4,356.0 Chesterbrook - 46.0 Ravensworth Farm
Chesterbrook,Week4,Chesterbrook,Week3,235.0 Chesterbrook (CB2) - 167.0 Chesterbrook (CB1)
Chesterbrook,Week2,Pinecrest,Week4,281.0 Chesterbrook - 121.0 Pinecrest
Chesterbrook,Week4,Riverside Gardens,Week5,301.0 Chesterbrook - 101.0 Riverside Gardens
Chesterbrook,Week3,Little Hunting Park,Week2,364.0 Chesterbrook - 38.0 Little Hunting Park
Chesterbrook,Week3,Lincolnia Park,Week5,374.0 Chesterbrook - 19.0 Lincolnia Park
Chesterbrook,Week4,Virginia Hills,Week5,391.0 Chesterbrook - 11.0 Virginia Hills
Chesterbrook,Week2,Riverside Gardens,Week5,300.0 Chesterbrook - 102.0 Riverside Gardens
Chesterbrook,Week2,Chesterbrook,Week4,225.0 Chesterbrook (CB2) - 177.0 Chesterbrook (CB1)
Chesterbrook,Week2,Little Hunting Park,Week5,350.0 Chesterbrook - 52.0 Little Hunting Park
Chesterbrook,Week1,Virginia Run,Week2,328.0 Chesterbrook - 74.0 Virginia Run
Chesterbrook,Week1,Riverside Gardens,Week3,309.0 Chesterbrook - 93.0 Riverside Gardens
Chesterbrook,Week3,Chesterbrook,Week4,235.0 Chesterbrook (CB1) - 167.0 Chesterbrook (CB2)
Chesterbrook,Week4,Lincolnia Park,Week2,383.0 Chesterbrook - 10.0 Lincolnia Park
Chesterbrook,Week4,Cardinal Hill,Week1,310.0 Chesterbrook - 92.0 Cardinal Hill
Chesterbrook,Week4,Pinecrest,Week1,317.0 Chesterbrook - 85.0 Pinecrest
Chesterbrook,Week2,Chesterbrook,Week3,263.0 Chesterbrook (CB2) - 139.0 Chesterbrook (CB1)
Chesterbrook,Week2,Little Hunting Park,Week1,361.0 Chesterbrook - 41.0 Little Hunting Park
Chesterbrook,Week1,Virginia Run,Week1,327.0 Chesterbrook - 75.0 Virginia Run
Chesterbrook,Week1,Riverside Gardens,Week4,308.0 Chesterbrook - 94.0 Riverside Gardens
Chesterbrook,Week5,Virginia Hills,Week1,396.0 Chesterbrook - 6.0 Virginia Hills
Chesterbrook,Week3,Chesterbrook,Week3,201.0 Chesterbrook (CB1) - 201.0 Chesterbrook (CB2)
Chesterbrook,Week5,Ravensworth Farm,Week5,323.0 Chesterbrook - 79.0 Ravensworth Farm
Chesterbrook,Week4,Virginia Hills,Week1,396.0 Chesterbrook - 6.0 Virginia Hills
Chesterbrook,Week4,Cardinal Hill,Week5,311.0 Chesterbrook - 91.0 Cardinal Hill
Chesterbrook,Week3,Riverside Gardens,Week3,328.5 Chesterbrook - 73.5 Riverside Gardens
Chesterbrook,Week1,Chesterbrook,Week5,250.0 Chesterbrook (CB2) - 152.0 Chesterbrook (CB1)
Chesterbrook,Week3,Riverside Gardens,Week5,317.5 Chesterbrook - 84.5 Riverside Gardens
Chesterbrook,Week5,Virginia Hills,Week3,397.0 Chesterbrook - 5.0 Virginia Hills
Chesterbrook,Week3,Little Hunting Park,Week4,368.0 Chesterbrook - 34.0 Little Hunting Park
Chesterbrook,Week3,Virginia Hills,Week4,399.0 Chesterbrook - 3.0 Virginia Hills
Chesterbrook,Week3,Virginia Run,Week2,346.0 Chesterbrook - 56.0 Virginia Run
Chesterbrook,Week5,Chesterbrook,Week3,242.0 Chesterbrook (CB2) - 160.0 Chesterbrook (CB1)
Chesterbrook,Week2,Riverside Gardens,Week3,306.5 Chesterbrook - 95.5 Riverside Gardens
Chesterbrook,Week3,Chesterbrook,Week2,263.0 Chesterbrook (CB1) - 139.0 Chesterbrook (CB2)
Chesterbrook,Week5,Virginia Run,Week1,337.0 Chesterbrook - 65.0 Virginia Run
Chesterbrook,Week3,Commonwealth,Week5,371.0 Chesterbrook - 31.0 Commonwealth
Chesterbrook,Week1,Virginia Run,Week3,336.0 Chesterbrook - 66.0 Virginia Run
Chesterbrook,Week5,Virginia Run,Week4,350.5 Chesterbrook - 51.5 Virginia Run
Chesterbrook,Week1,Little Hunting Park,Week5,345.0 Chesterbrook - 57.0 Little Hunting Park
Chesterbrook,Week2,Riverside Gardens,Week4,306.0 Chesterbrook - 96.0 Riverside Gardens
Chesterbrook,Week4,Chesterbrook,Week2,225.0 Chesterbrook (CB1) - 177.0 Chesterbrook (CB2)
Chesterbrook,Week5,Commonwealth,Week2,358.0 Chesterbrook - 44.0 Commonwealth
Chesterbrook,Week3,Virginia Run,Week5,347.5 Chesterbrook - 54.5 Virginia Run
Chesterbrook,Week1,Riverside Gardens,Week5,302.0 Chesterbrook - 100.0 Riverside Gardens
Chesterbrook,Week1,Chesterbrook,Week3,271.0 Chesterbrook (CB2) - 131.0 Chesterbrook (CB1)
Chesterbrook,Week5,Lincolnia Park,Week1,378.0 Chesterbrook - 24.0 Lincolnia Park
Chesterbrook,Week4,Commonwealth,Week3,367.0 Chesterbrook - 35.0 Commonwealth
Chesterbrook,Week2,Virginia Run,Week3,339.0 Chesterbrook - 63.0 Virginia Run
Chesterbrook,Week5,Ravensworth Farm,Week1,328.0 Chesterbrook - 74.0 Ravensworth Farm
Chesterbrook,Week5,Ravensworth Farm,Week3,330.0 Chesterbrook - 72.0 Ravensworth Farm
Chesterbrook,Week5,Ravensworth Farm,Week4,336.0 Chesterbrook - 66.0 Ravensworth Farm
Chesterbrook,Week5,Virginia Run,Week3,347.0 Chesterbrook - 55.0 Virginia Run
Chesterbrook,Week4,Lincolnia Park,Week4,385.0 Chesterbrook - 17.0 Lincolnia Park
Chesterbrook,Week1,Commonwealth,Week5,338.0 Chesterbrook - 64.0 Commonwealth
Chesterbrook,Week5,Lincolnia Park,Week2,377.0 Chesterbrook - 16.0 Lincolnia Park
Chesterbrook,Week3,Virginia Run,Week4,359.0 Chesterbrook - 43.0 Virginia Run
Chesterbrook,Week1,Little Hunting Park,Week2,354.0 Chesterbrook - 48.0 Little Hunting Park
Chesterbrook,Week4,Lincolnia Park,Week3,365.0 Chesterbrook - 28.0 Lincolnia Park
Chesterbrook,Week3,Riverside Gardens,Week2,341.0 Chesterbrook - 61.0 Riverside Gardens
Chesterbrook,Week2,Riverside Gardens,Week2,320.0 Chesterbrook - 82.0 Riverside Gardens
Chesterbrook,Week4,Virginia Run,Week5,331.0 Chesterbrook - 71.0 Virginia Run
Chesterbrook,Week3,Lincolnia Park,Week1,384.0 Chesterbrook - 18.0 Lincolnia Park
Chesterbrook,Week5,Chesterbrook,Week2,237.0 Chesterbrook (CB1) - 165.0 Chesterbrook (CB2)
Chesterbrook,Week5,Chesterbrook,Week1,250.0 Chesterbrook (CB1) - 152.0 Chesterbrook (CB2)
Chesterbrook,Week4,Chesterbrook,Week4,201.0 Chesterbrook (CB1) - 201.0 Chesterbrook (CB2)
Chesterbrook,Week4,Ravensworth Farm,Week5,334.0 Chesterbrook - 68.0 Ravensworth Farm
Chesterbrook,Week2,Riverside Gardens,Week1,316.0 Chesterbrook - 86.0 Riverside Gardens
Chesterbrook,Week3,Virginia Run,Week1,353.0 Chesterbrook - 49.0 Virginia Run
Chesterbrook,Week4,Virginia Run,Week3,350.0 Chesterbrook - 52.0 Virginia Run
Chesterbrook,Week1,Rolling Forest,Week3,333.5 Chesterbrook - 68.5 Rolling Forest
Chesterbrook,Week4,Lincolnia Park,Week1,379.0 Chesterbrook - 23.0 Lincolnia Park
Chesterbrook,Week1,Riverside Gardens,Week2,311.0 Chesterbrook - 91.0 Riverside Gardens
Chesterbrook,Week5,Virginia Run,Week5,331.0 Chesterbrook - 71.0 Virginia Run
Chesterbrook,Week3,Lincolnia Park,Week4,386.0 Chesterbrook - 16.0 Lincolnia Park
Chesterbrook,Week5,Chesterbrook,Week4,203.7 Chesterbrook (CB1) - 198.3 Chesterbrook (CB2)
Chesterbrook,Week3,Lincolnia Park,Week3,370.0 Chesterbrook - 23.0 Lincolnia Park
Chesterbrook,Week3,Lincolnia Park,Week2,381.0 Chesterbrook - 12.0 Lincolnia Park
Chesterbrook,Week1,Little Hunting Park,Week4,355.0 Chesterbrook - 47.0 Little Hunting Park
Chesterbrook,Week1,Commonwealth,Week3,346.0 Chesterbrook - 56.0 Commonwealth
Chesterbrook,Week5,Ravensworth Farm,Week2,352.0 Chesterbrook - 50.0 Ravensworth Farm
Chesterbrook,Week1,Wakefield Chapel,Week4,288.5 Chesterbrook - 113.5 Wakefield Chapel
Chesterbrook,Week3,Riverside Gardens,Week4,326.0 Chesterbrook - 76.0 Riverside Gardens
Chesterbrook,Week1,Wakefield Chapel,Week2,288.0 Chesterbrook - 114.0 Wakefield Chapel
Chesterbrook,Week1,Wakefield Chapel,Week5,261.0 Chesterbrook - 141.0 Wakefield Chapel
Chesterbrook,Week3,Commonwealth,Week2,363.0 Chesterbrook - 39.0 Commonwealth
Chesterbrook,Week5,Lincolnia Park,Week5,366.0 Chesterbrook - 27.0 Lincolnia Park
Chesterbrook,Week5,Virginia Run,Week2,340.0 Chesterbrook - 62.0 Virginia Run
Chesterbrook,Week4,Riverside Gardens,Week1,313.0 Chesterbrook - 89.0 Riverside Gardens
Chesterbrook,Week2,Cottontail,Week2,368.0 Chesterbrook - 34.0 Cottontail
Chesterbrook,Week1,Little Hunting Park,Week1,357.0 Chesterbrook - 45.0 Little Hunting Park
Chesterbrook,Week3,Riverside Gardens,Week1,337.0 Chesterbrook - 65.0 Riverside Gardens
Chesterbrook,Week1,Wakefield Chapel,Week3,284.0 Chesterbrook - 113.0 Wakefield Chapel
Chesterbrook,Week5,Lincolnia Park,Week4,384.0 Chesterbrook - 18.0 Lincolnia Park
Chesterbrook,Week3,Commonwealth,Week4,377.0 Chesterbrook - 25.0 Commonwealth
Chesterbrook,Week1,Cottontail,Week1,360.0 Chesterbrook - 42.0 Cottontail
Chesterbrook,Week5,Lincolnia Park,Week3,361.0 Chesterbrook - 32.0 Lincolnia Park
Chesterbrook,Week3,Commonwealth,Week1,367.0 Chesterbrook - 35.0 Commonwealth
Chesterbrook,Week2,Little Hunting Park,Week2,362.0 Chesterbrook - 40.0 Little Hunting Park
Chesterbrook,Week4,Lincolnia Park,Week5,373.0 Chesterbrook - 20.0 Lincolnia Park
Chesterbrook,Week1,Riverside Gardens,Week1,309.5 Chesterbrook - 92.5 Riverside Gardens
Chesterbrook,Week4,Riverside Gardens,Week2,319.5 Chesterbrook - 82.5 Riverside Gardens
Chesterbrook,Week4,Riverside Gardens,Week3,308.0 Chesterbrook - 94.0 Riverside Gardens
Chesterbrook,Week1,Wakefield Chapel,Week1,278.0 Chesterbrook - 124.0 Wakefield Chapel
Chesterbrook,Week2,Little Hunting Park,Week4,362.0 Chesterbrook - 40.0 Little Hunting Park
Chesterbrook,Week1,Rolling Forest,Week1,337.0 Chesterbrook - 65.0 Rolling Forest
Chesterbrook,Week5,Riverside Gardens,Week2,334.5 Chesterbrook - 67.5 Riverside Gardens
Chesterbrook,Week2,Little Hunting Park,Week3,368.0 Chesterbrook - 34.0 Little Hunting Park
Chesterbrook,Week3,Little Hunting Park,Week3,369.0 Chesterbrook - 33.0 Little Hunting Park
Chesterbrook,Week5,Riverside Gardens,Week1,330.0 Chesterbrook - 72.0 Riverside Gardens
Chesterbrook,Week5,Riverside Gardens,Week3,316.0 Chesterbrook - 86.0 Riverside Gardens
Chesterbrook,Week3,Little Hunting Park,Week1,371.0 Chesterbrook - 31.0 Little Hunting Park
Chesterbrook,Week4,Riverside Gardens,Week4,309.0 Chesterbrook - 93.0 Riverside Gardens
Chesterbrook,Week1,Cottontail,Week4,361.0 Chesterbrook - 41.0 Cottontail
Chesterbrook,Week5,Commonwealth,Week1,361.0 Chesterbrook - 41.0 Commonwealth
Chesterbrook,Week3,Cottontail,Week2,373.0 Chesterbrook - 29.0 Cottontail
Chesterbrook,Week3,Commonwealth,Week3,373.0 Chesterbrook - 29.0 Commonwealth
Chesterbrook,Week2,Commonwealth,Week2,354.0 Chesterbrook - 48.0 Commonwealth
Chesterbrook,Week5,Riverside Gardens,Week5,312.5 Chesterbrook - 89.5 Riverside Gardens
Chesterbrook,Week3,Little Hunting Park,Week5,354.0 Chesterbrook - 48.0 Little Hunting Park
Chesterbrook,Week4,Commonwealth,Week5,358.0 Chesterbrook - 44.0 Commonwealth
Chesterbrook,Week3,Little Rocky Run,Week2,322.0 Chesterbrook - 80.0 Little Rocky Run
Chesterbrook,Week2,Commonwealth,Week3,358.0 Chesterbrook - 44.0 Commonwealth
Chesterbrook,Week3,Cottontail,Week4,369.0 Chesterbrook - 33.0 Cottontail
Chesterbrook,Week5,Rolling Forest,Week5,343.0 Chesterbrook - 59.0 Rolling Forest
Chesterbrook,Week4,Little Hunting Park,Week2,361.0 Chesterbrook - 41.0 Little Hunting Park
Chesterbrook,Week1,Cottontail,Week3,364.0 Chesterbrook - 38.0 Cottontail
Chesterbrook,Week1,Little Hunting Park,Week3,357.0 Chesterbrook - 45.0 Little Hunting Park
Chesterbrook,Week1,Little Rocky Run,Week5,283.0 Chesterbrook - 119.0 Little Rocky Run
Chesterbrook,Week5,Riverside Gardens,Week4,314.0 Chesterbrook - 88.0 Riverside Gardens
Chesterbrook,Week1,Rolling Forest,Week2,337.0 Chesterbrook - 65.0 Rolling Forest
Chesterbrook,Week4,Rolling Forest,Week4,355.0 Chesterbrook - 47.0 Rolling Forest
Chesterbrook,Week1,Commonwealth,Week1,342.0 Chesterbrook - 55.0 Commonwealth
Chesterbrook,Week2,Rolling Hills,Week2,370.0 Chesterbrook - 32.0 Rolling Hills
Chesterbrook,Week4,Commonwealth,Week2,348.0 Chesterbrook - 54.0 Commonwealth
Chesterbrook,Week1,Rolling Hills,Week2,358.0 Chesterbrook - 39.0 Rolling Hills
Commonwealth,Week2,Parliament,Week5,202.0 Parliament - 199.0 Commonwealth
Commonwealth,Week4,Parklawn,Week5,218.0 Commonwealth - 184.0 Parklawn
Commonwealth,Week2,Parliament,Week3,214.0 Commonwealth - 188.0 Parliament
Chesterbrook,Week1,Commonwealth,Week4,346.0 Chesterbrook - 51.0 Commonwealth
Chesterbrook,Week2,Rolling Forest,Week2,339.0 Chesterbrook - 63.0 Rolling Forest
Chesterbrook,Week2,Cottontail,Week3,369.0 Chesterbrook - 33.0 Cottontail
Chesterbrook,Week3,Rolling Forest,Week1,369.0 Chesterbrook - 33.0 Rolling Forest
Chesterbrook,Week2,Little Rocky Run,Week5,282.0 Chesterbrook - 120.0 Little Rocky Run
Chesterbrook,Week2,Commonwealth,Week1,361.0 Chesterbrook - 41.0 Commonwealth
Chesterbrook,Week2,Commonwealth,Week4,366.0 Chesterbrook - 36.0 Commonwealth
Chesterbrook,Week5,Little Hunting Park,Week3,369.0 Chesterbrook - 33.0 Little Hunting Park
Commonwealth,Week2,Parklawn,Week3,246.0 Commonwealth - 156.0 Parklawn
Chesterbrook,Week1,Little Rocky Run,Week1,289.0 Chesterbrook - 113.0 Little Rocky Run
Commonwealth,Week5,Parklawn,Week5,226.0 Commonwealth - 176.0 Parklawn
Commonwealth,Week1,Parliament,Week3,236.0 Parliament - 166.0 Commonwealth
Chesterbrook,Week5,Little Rocky Run,Week1,302.0 Chesterbrook - 100.0 Little Rocky Run
Chesterbrook,Week3,Little Rocky Run,Week3,303.0 Chesterbrook - 99.0 Little Rocky Run
Chesterbrook,Week2,Rolling Forest,Week3,350.0 Chesterbrook - 52.0 Rolling Forest
Chesterbrook,Week4,Commonwealth,Week1,356.0 Chesterbrook - 46.0 Commonwealth
Chesterbrook,Week5,Little Hunting Park,Week2,359.5 Chesterbrook - 42.5 Little Hunting Park
Chesterbrook,Week3,Little Rocky Run,Week5,306.0 Chesterbrook - 96.0 Little Rocky Run
Chesterbrook,Week4,Little Rocky Run,Week4,291.0 Chesterbrook - 111.0 Little Rocky Run
Chesterbrook,Week1,Rolling Hills,Week3,362.0 Chesterbrook - 40.0 Rolling Hills
Chesterbrook,Week5,Commonwealth,Week5,358.0 Chesterbrook - 44.0 Commonwealth
Chesterbrook,Week5,Rolling Forest,Week1,348.0 Chesterbrook - 54.0 Rolling Forest
Chesterbrook,Week1,Commonwealth,Week2,333.0 Chesterbrook - 69.0 Commonwealth
Commonwealth,Week3,Parliament,Week3,209.0 Parliament - 192.0 Commonwealth
Chesterbrook,Week5,Commonwealth,Week3,370.0 Chesterbrook - 32.0 Commonwealth
Chesterbrook,Week4,Rolling Forest,Week3,339.0 Chesterbrook - 63.0 Rolling Forest
Chesterbrook,Week4,Little Rocky Run,Week3,294.0 Chesterbrook - 108.0 Little Rocky Run
Commonwealth,Week2,Parliament,Week1,216.0 Parliament - 184.0 Commonwealth
Chesterbrook,Week4,Commonwealth,Week4,370.0 Chesterbrook - 32.0 Commonwealth
Chesterbrook,Week1,Little Rocky Run,Week3,286.5 Chesterbrook - 115.5 Little Rocky Run
Chesterbrook,Week4,Rolling Forest,Week1,337.0 Chesterbrook - 65.0 Rolling Forest
Chesterbrook,Week4,Rolling Forest,Week5,337.5 Chesterbrook - 64.5 Rolling Forest
Chesterbrook,Week5,Little Rocky Run,Week4,299.0 Chesterbrook - 103.0 Little Rocky Run
Commonwealth,Week1,Parliament,Week4,232.0 Parliament - 164.0 Commonwealth
Chesterbrook,Week2,Commonwealth,Week5,355.0 Chesterbrook - 47.0 Commonwealth
Chesterbrook,Week2,Little Rocky Run,Week3,288.5 Chesterbrook - 113.5 Little Rocky Run
Chesterbrook,Week2,Little Rocky Run,Week4,295.0 Chesterbrook - 107.0 Little Rocky Run
Chesterbrook,Week2,Rolling Forest,Week1,340.0 Chesterbrook - 62.0 Rolling Forest
Chesterbrook,Week1,Cottontail,Week2,360.0 Chesterbrook - 42.0 Cottontail
Chesterbrook,Week5,Little Hunting Park,Week1,362.0 Chesterbrook - 39.0 Little Hunting Park
Chesterbrook,Week3,Cottontail,Week3,381.0 Chesterbrook - 21.0 Cottontail
Chesterbrook,Week4,Little Hunting Park,Week3,365.0 Chesterbrook - 37.0 Little Hunting Park
Chesterbrook,Week1,Cottontail,Week5,349.0 Chesterbrook - 53.0 Cottontail
Chesterbrook,Week4,Rolling Forest,Week2,348.0 Chesterbrook - 54.0 Rolling Forest
Chesterbrook,Week5,Commonwealth,Week4,369.0 Chesterbrook - 33.0 Commonwealth
Commonwealth,Week1,Parklawn,Week4,213.0 Parklawn - 185.0 Commonwealth
Chesterbrook,Week3,Rolling Forest,Week2,361.0 Chesterbrook - 41.0 Rolling Forest
Chesterbrook,Week3,Cottontail,Week1,369.0 Chesterbrook - 33.0 Cottontail
Chesterbrook,Week5,Rolling Forest,Week3,355.0 Chesterbrook - 47.0 Rolling Forest
Commonwealth,Week2,Parklawn,Week4,228.0 Commonwealth - 170.0 Parklawn
Chesterbrook,Week5,Rolling Forest,Week4,368.0 Chesterbrook - 34.0 Rolling Forest
Chesterbrook,Week2,Rolling Forest,Week4,353.0 Chesterbrook - 49.0 Rolling Forest
Chesterbrook,Week5,Little Hunting Park,Week4,366.0 Chesterbrook - 36.0 Little Hunting Park
Chesterbrook,Week5,Little Rocky Run,Week2,311.0 Chesterbrook - 91.0 Little Rocky Run
Chesterbrook,Week4,Little Hunting Park,Week4,366.0 Chesterbrook - 36.0 Little Hunting Park
Chesterbrook,Week2,Cottontail,Week4,361.0 Chesterbrook - 41.0 Cottontail
Chesterbrook,Week2,Cottontail,Week1,365.0 Chesterbrook - 37.0 Cottontail
Commonwealth,Week3,Parklawn,Week2,231.0 Commonwealth - 171.0 Parklawn
Commonwealth,Week3,Parklawn,Week3,243.0 Commonwealth - 159.0 Parklawn
Chesterbrook,Week3,Rolling Forest,Week3,364.0 Chesterbrook - 38.0 Rolling Forest
Chesterbrook,Week1,Rolling Hills,Week5,355.0 Chesterbrook - 47.0 Rolling Hills
Commonwealth,Week4,Parklawn,Week2,216.5 Commonwealth - 185.5 Parklawn
Chesterbrook,Week2,Cottontail,Week5,355.0 Chesterbrook - 47.0 Cottontail
Chesterbrook,Week4,Little Hunting Park,Week1,358.0 Chesterbrook - 44.0 Little Hunting Park
Commonwealth,Week4,Parklawn,Week3,223.0 Commonwealth - 179.0 Parklawn
Chesterbrook,Week3,Little Rocky Run,Week1,312.0 Chesterbrook - 90.0 Little Rocky Run
Chesterbrook,Week2,Rolling Forest,Week5,337.0 Chesterbrook - 65.0 Rolling Forest
Chesterbrook,Week5,Rolling Forest,Week2,348.0 Chesterbrook - 54.0 Rolling Forest
Chesterbrook,Week3,Cottontail,Week5,368.0 Chesterbrook - 34.0 Cottontail
Chesterbrook,Week3,Rolling Forest,Week4,370.0 Chesterbrook - 32.0 Rolling Forest
Chesterbrook,Week3,Little Rocky Run,Week4,310.0 Chesterbrook - 92.0 Little Rocky Run
Commonwealth,Week1,Parklawn,Week5,207.0 Parklawn - 195.0 Commonwealth
Chesterbrook,Week2,Little Rocky Run,Week2,304.0 Chesterbrook - 98.0 Little Rocky Run
Commonwealth,Week2,Parklawn,Week1,264.0 Commonwealth - 128.0 Parklawn
Commonwealth,Week1,Parliament,Week1,253.0 Parliament - 139.0 Commonwealth
Chesterbrook,Week4,Cottontail,Week3,373.0 Chesterbrook - 29.0 Cottontail
Chesterbrook,Week4,Cottontail,Week2,374.0 Chesterbrook - 28.0 Cottontail
Chesterbrook,Week1,Little Rocky Run,Week4,290.5 Chesterbrook - 111.5 Little Rocky Run
Commonwealth,Week3,Parklawn,Week4,219.0 Commonwealth - 182.0 Parklawn
Chesterbrook,Week1,Rolling Forest,Week4,343.0 Chesterbrook - 59.0 Rolling Forest
Chesterbrook,Week1,Rolling Forest,Week5,330.0 Chesterbrook - 72.0 Rolling Forest
Chesterbrook,Week1,Rolling Hills,Week1,359.0 Chesterbrook - 43.0 Rolling Hills
Commonwealth,Week3,Parklawn,Week5,225.0 Commonwealth - 176.0 Parklawn
Commonwealth,Week5,Parklawn,Week1,244.0 Commonwealth - 149.0 Parklawn
Chesterbrook,Week3,Rolling Forest,Week5,357.0 Chesterbrook - 45.0 Rolling Forest
Chesterbrook,Week1,Little Rocky Run,Week2,299.0 Chesterbrook - 103.0 Little Rocky Run
Chesterbrook,Week4,Cottontail,Week1,367.0 Chesterbrook - 35.0 Cottontail
Commonwealth,Week4,Parklawn,Week4,202.0 Parklawn - 199.0 Commonwealth
Chesterbrook,Week4,Little Hunting Park,Week5,355.0 Chesterbrook - 47.0 Little Hunting Park
Chesterbrook,Week5,Little Hunting Park,Week5,356.0 Chesterbrook - 46.0 Little Hunting Park
Commonwealth,Week5,Parklawn,Week3,234.0 Commonwealth - 168.0 Parklawn
Chesterbrook,Week2,Little Rocky Run,Week1,307.0 Chesterbrook - 95.0 Little Rocky Run
Chesterbrook,Week2,Rolling Valley,Week3,385.0 Chesterbrook - 17.0 Rolling Valley
Commonwealth,Week4,Parklawn,Week1,244.0 Commonwealth - 149.0 Parklawn
Cardinal Hill,Week3,Village West,Week5,327.0 Cardinal Hill - 75.0 Village West
Chesterbrook,Week1,Long Branch,Week5,351.0 Chesterbrook - 51.0 Long Branch
Chesterbrook,Week4,Long Branch,Week5,358.0 Chesterbrook - 44.0 Long Branch
Chesterbrook,Week1,Mansion House,Week4,325.0 Chesterbrook - 77.0 Mansion House
Cardinal Hill,Week4,Village West,Week5,298.0 Cardinal Hill - 104.0 Village West
Chesterbrook,Week1,Rolling Hills,Week4,358.0 Chesterbrook - 44.0 Rolling Hills
Commonwealth,Week2,Parklawn,Week5,247.0 Commonwealth - 155.0 Parklawn
Commonwealth,Week1,Parliament,Week5,239.0 Parliament - 154.0 Commonwealth
Cardinal Hill,Week5,Village West,Week2,300.0 Cardinal Hill - 101.0 Village West
Chesterbrook,Week1,Long Branch,Week2,356.0 Chesterbrook - 46.0 Long Branch
Cardinal Hill,Week4,Village West,Week4,290.0 Cardinal Hill - 107.0 Village West
Commonwealth,Week2,Parklawn,Week2,251.0 Commonwealth - 150.0 Parklawn
Commonwealth,Week5,Parklawn,Week4,222.0 Commonwealth - 179.0 Parklawn
Cardinal Hill,Week4,Virginia Hills,Week1,355.0 Cardinal Hill - 47.0 Virginia Hills
Chesterbrook,Week5,Long Branch,Week4,362.0 Chesterbrook - 40.0 Long Branch
Chesterbrook,Week1,Long Branch,Week4,359.0 Chesterbrook - 43.0 Long Branch
Chesterbrook,Week4,Rolling Hills,Week3,380.0 Chesterbrook - 22.0 Rolling Hills
Chesterbrook,Week3,Rolling Valley,Week3,393.0 Chesterbrook - 9.0 Rolling Valley
Cardinal Hill,Week4,Village West,Week2,308.0 Cardinal Hill - 94.0 Village West
Chesterbrook,Week5,Rolling Hills,Week4,376.0 Chesterbrook - 25.0 Rolling Hills
Commonwealth,Week2,Parliament,Week2,220.0 Commonwealth - 181.0 Parliament
Cardinal Hill,Week2,Virginia Hills,Week2,362.0 Cardinal Hill - 40.0 Virginia Hills
Cardinal Hill,Week5,Village West,Week5,295.0 Cardinal Hill - 106.0 Village West
Chesterbrook,Week1,Mansion House,Week2,315.0 Chesterbrook - 87.0 Mansion House
Chesterbrook,Week1,Rolling Valley,Week5,375.0 Chesterbrook - 27.0 Rolling Valley
Chesterbrook,Week1,Rolling Valley,Week2,376.0 Chesterbrook - 26.0 Rolling Valley
Chesterbrook,Week4,Little Rocky Run,Week2,304.0 Chesterbrook - 98.0 Little Rocky Run
Cardinal Hill,Week1,Virginia Hills,Week2,372.0 Cardinal Hill - 30.0 Virginia Hills
Chesterbrook,Week5,Long Branch,Week1,355.0 Chesterbrook - 47.0 Long Branch
Chesterbrook,Week2,Rolling Hills,Week4,373.0 Chesterbrook - 29.0 Rolling Hills
Cardinal Hill,Week1,Virginia Hills,Week1,365.0 Cardinal Hill - 37.0 Virginia Hills
Chesterbrook,Week4,Little Rocky Run,Week1,303.0 Chesterbrook - 99.0 Little Rocky Run
Chesterbrook,Week5,Little Rocky Run,Week3,291.0 Chesterbrook - 111.0 Little Rocky Run
Commonwealth,Week1,Parliament,Week2,232.0 Parliament - 164.0 Commonwealth
Chesterbrook,Week4,Rolling Valley,Week1,398.0 Chesterbrook - 4.0 Rolling Valley
Commonwealth,Week3,Parliament,Week1,229.0 Parliament - 167.0 Commonwealth
Commonwealth,Week5,Parklawn,Week2,229.0 Commonwealth - 173.0 Parklawn
Chesterbrook,Week4,Little Rocky Run,Week5,284.5 Chesterbrook - 117.5 Little Rocky Run
Chesterbrook,Week2,Rolling Hills,Week3,384.0 Chesterbrook - 18.0 Rolling Hills
Commonwealth,Week2,Parliament,Week4,211.0 Commonwealth - 191.0 Parliament
Commonwealth,Week3,Parklawn,Week1,257.0 Commonwealth - 136.0 Parklawn
Chesterbrook,Week2,Rolling Hills,Week1,368.0 Chesterbrook - 34.0 Rolling Hills
Cardinal Hill,Week5,Village West,Week1,305.0 Cardinal Hill - 96.0 Village West
Chesterbrook,Week1,Rolling Valley,Week1,385.0 Chesterbrook - 17.0 Rolling Valley
Cardinal Hill,Week1,Virginia Hills,Week4,376.0 Cardinal Hill - 26.0 Virginia Hills
Chesterbrook,Week3,Rolling Hills,Week3,386.0 Chesterbrook - 16.0 Rolling Hills
Chesterbrook,Week3,Rolling Hills,Week2,375.0 Chesterbrook - 27.0 Rolling Hills
Cardinal Hill,Week4,Village West,Week1,293.0 Cardinal Hill - 109.0 Village West
Cardinal Hill,Week2,Virginia Hills,Week1,353.0 Cardinal Hill - 49.0 Virginia Hills
Commonwealth,Week4,Parliament,Week5,232.0 Parliament - 166.0 Commonwealth
Chesterbrook,Week1,Mansion House,Week1,313.0 Chesterbrook - 89.0 Mansion House
Chesterbrook,Week3,Rolling Hills,Week4,381.0 Chesterbrook - 21.0 Rolling Hills
Commonwealth,Week3,Parliament,Week2,203.0 Parliament - 194.0 Commonwealth
Cardinal Hill,Week2,Virginia Hills,Week4,358.0 Cardinal Hill - 44.0 Virginia Hills
Cardinal Hill,Week1,Virginia Hills,Week3,379.0 Cardinal Hill - 23.0 Virginia Hills
Chesterbrook,Week2,Long Branch,Week2,360.5 Chesterbrook - 41.5 Long Branch
Chesterbrook,Week4,Rolling Hills,Week1,367.0 Chesterbrook - 35.0 Rolling Hills
Chesterbrook,Week3,Long Branch,Week1,370.0 Chesterbrook - 32.0 Long Branch
Commonwealth,Week1,Pinecrest,Week4,303.0 Pinecrest - 99.0 Commonwealth
Commonwealth,Week3,Parliament,Week5,204.0 Parliament - 192.0 Commonwealth
Chesterbrook,Week2,Rolling Valley,Week4,383.0 Chesterbrook - 19.0 Rolling Valley
Chesterbrook,Week5,Rolling Hills,Week3,380.0 Chesterbrook - 22.0 Rolling Hills
Cardinal Hill,Week5,Village West,Week3,290.0 Cardinal Hill - 112.0 Village West
Commonwealth,Week3,Parliament,Week4,204.0 Commonwealth - 196.0 Parliament
Commonwealth,Week1,Pinecrest,Week1,301.0 Pinecrest - 101.0 Commonwealth
Chesterbrook,Week4,Long Branch,Week1,359.0 Chesterbrook - 43.0 Long Branch
Chesterbrook,Week1,Rolling Valley,Week4,377.0 Chesterbrook - 25.0 Rolling Valley
Chesterbrook,Week4,Long Branch,Week3,375.0 Chesterbrook - 27.0 Long Branch
Cardinal Hill,Week5,Village West,Week4,290.0 Cardinal Hill - 106.0 Village West
Commonwealth,Week4,Parliament,Week4,225.0 Parliament - 176.0 Commonwealth
Chesterbrook,Week2,Long Branch,Week5,354.0 Chesterbrook - 48.0 Long Branch
Chesterbrook,Week2,Long Branch,Week4,367.0 Chesterbrook - 35.0 Long Branch
Chesterbrook,Week1,Long Branch,Week1,343.0 Chesterbrook - 59.0 Long Branch
Commonwealth,Week2,Pinecrest,Week4,278.0 Pinecrest - 124.0 Commonwealth
Chesterbrook,Week2,Rolling Valley,Week5,379.0 Chesterbrook - 23.0 Rolling Valley
Commonwealth,Week5,Parliament,Week2,211.0 Parliament - 190.0 Commonwealth
Chesterbrook,Week2,Long Branch,Week1,354.0 Chesterbrook - 48.0 Long Branch
Chesterbrook,Week4,Rolling Hills,Week2,371.0 Chesterbrook - 31.0 Rolling Hills
Cardinal Hill,Week3,Virginia Hills,Week1,371.0 Cardinal Hill - 31.0 Virginia Hills
Cardinal Hill,Week3,Village West,Week4,319.0 Cardinal Hill - 78.0 Village West
Cardinal Hill,Week1,Somerset-Olde Creek,Week1,353.0 Cardinal Hill - 48.0 Somerset-Olde Creek
Chesterbrook,Week3,Rolling Valley,Week1,398.0 Chesterbrook - 4.0 Rolling Valley
Commonwealth,Week4,Parliament,Week3,231.0 Parliament - 171.0 Commonwealth
Chesterbrook,Week4,Rolling Hills,Week5,377.0 Chesterbrook - 25.0 Rolling Hills
Chesterbrook,Week5,Little Rocky Run,Week5,287.0 Chesterbrook - 115.0 Little Rocky Run
Chesterbrook,Week5,Rolling Hills,Week2,369.0 Chesterbrook - 33.0 Rolling Hills
Cardinal Hill,Week2,Virginia Hills,Week3,360.0 Cardinal Hill - 42.0 Virginia Hills
Cardinal Hill,Week3,Virginia Hills,Week2,377.0 Cardinal Hill - 25.0 Virginia Hills
Chesterbrook,Week3,Long Branch,Week4,374.0 Chesterbrook - 28.0 Long Branch
Cardinal Hill,Week1,Somerset-Olde Creek,Week3,361.0 Cardinal Hill - 41.0 Somerset-Olde Creek
Chesterbrook,Week1,Long Branch,Week3,358.0 Chesterbrook - 44.0 Long Branch
Commonwealth,Week2,Pinecrest,Week2,269.0 Pinecrest - 133.0 Commonwealth
Cardinal Hill,Week2,Virginia Hills,Week5,344.0 Cardinal Hill - 57.0 Virginia Hills
Commonwealth,Week2,Pinecrest,Week5,268.0 Pinecrest - 134.0 Commonwealth
Cardinal Hill,Week4,Somerset-Olde Creek,Week2,340.0 Cardinal Hill - 62.0 Somerset-Olde Creek
Commonwealth,Week4,Parliament,Week1,248.0 Parliament - 150.0 Commonwealth
Cardinal Hill,Week1,Virginia Hills,Week5,359.0 Cardinal Hill - 43.0 Virginia Hills
Cardinal Hill,Week5,Sleepy Hollow Rec,Week3,288.0 Cardinal Hill - 114.0 Sleepy Hollow Rec
Chesterbrook,Week3,Long Branch,Week5,361.0 Chesterbrook - 41.0 Long Branch
Cardinal Hill,Week4,Village West,Week3,291.0 Cardinal Hill - 111.0 Village West
Chesterbrook,Week4,Rolling Hills,Week4,373.0 Chesterbrook - 29.0 Rolling Hills
Cardinal Hill,Week4,Somerset-Olde Creek,Week3,337.0 Cardinal Hill - 65.0 Somerset-Olde Creek
Chesterbrook,Week3,Long Branch,Week3,377.0 Chesterbrook - 25.0 Long Branch
Chesterbrook,Week3,Long Branch,Week2,373.0 Chesterbrook - 29.0 Long Branch
Commonwealth,Week3,Pinecrest,Week3,291.0 Pinecrest - 111.0 Commonwealth
Chesterbrook,Week3,Rolling Hills,Week1,377.0 Chesterbrook - 25.0 Rolling Hills
Chesterbrook,Week3,Rolling Hills,Week5,379.0 Chesterbrook - 23.0 Rolling Hills
Cardinal Hill,Week3,Somerset-Olde Creek,Week2,350.0 Cardinal Hill - 52.0 Somerset-Olde Creek
Cardinal Hill,Week5,Somerset-Olde Creek,Week1,328.0 Cardinal Hill - 72.0 Somerset-Olde Creek
Cardinal Hill,Week1,Somerset-Olde Creek,Week5,340.0 Cardinal Hill - 62.0 Somerset-Olde Creek
Chesterbrook,Week4,Long Branch,Week4,364.0 Chesterbrook - 38.0 Long Branch
Cardinal Hill,Week3,Virginia Hills,Week4,378.0 Cardinal Hill - 24.0 Virginia Hills
Cardinal Hill,Week3,Virginia Hills,Week5,360.0 Cardinal Hill - 42.0 Virginia Hills
Cardinal Hill,Week3,Virginia Run,Week1,251.0 Cardinal Hill - 151.0 Virginia Run
Commonwealth,Week1,Pinecrest,Week5,295.0 Pinecrest - 102.0 Commonwealth
Cardinal Hill,Week2,Somerset-Olde Creek,Week1,346.0 Cardinal Hill - 50.0 Somerset-Olde Creek
Chesterbrook,Week2,Rolling Valley,Week1,394.0 Chesterbrook - 8.0 Rolling Valley
Commonwealth,Week1,Pinecrest,Week2,300.0 Pinecrest - 102.0 Commonwealth
Cardinal Hill,Week4,Somerset-Olde Creek,Week4,341.0 Cardinal Hill - 61.0 Somerset-Olde Creek
Commonwealth,Week5,Parliament,Week4,227.0 Parliament - 174.0 Commonwealth
Cardinal Hill,Week1,Somerset-Olde Creek,Week4,356.0 Cardinal Hill - 46.0 Somerset-Olde Creek
Chesterbrook,Week2,Long Branch,Week3,364.0 Chesterbrook - 38.0 Long Branch
Chesterbrook,Week5,Long Branch,Week3,373.0 Chesterbrook - 29.0 Long Branch
Chesterbrook,Week5,Long Branch,Week5,361.0 Chesterbrook - 41.0 Long Branch
Chesterbrook,Week4,Long Branch,Week2,365.5 Chesterbrook - 36.5 Long Branch
Chesterbrook,Week1,Rolling Valley,Week3,377.0 Chesterbrook - 25.0 Rolling Valley
Cardinal Hill,Week5,Sleepy Hollow Rec,Week5,273.0 Cardinal Hill - 129.0 Sleepy Hollow Rec
Commonwealth,Week5,Parliament,Week1,230.0 Parliament - 168.0 Commonwealth
Cardinal Hill,Week3,Village West,Week3,316.0 Cardinal Hill - 86.0 Village West
Chesterbrook,Week5,Long Branch,Week2,370.0 Chesterbrook - 32.0 Long Branch
Cardinal Hill,Week2,Somerset-Olde Creek,Week3,348.0 Cardinal Hill - 49.0 Somerset-Olde Creek
Commonwealth,Week3,Pinecrest,Week4,297.5 Pinecrest - 104.5 Commonwealth
Chesterbrook,Week2,Rolling Valley,Week2,393.0 Chesterbrook - 9.0 Rolling Valley
Cardinal Hill,Week4,Virginia Run,Week5,204.0 Virginia Run - 198.0 Cardinal Hill
Chesterbrook,Week5,Rolling Hills,Week1,367.0 Chesterbrook - 35.0 Rolling Hills
Cardinal Hill,Week4,Virginia Run,Week3,239.0 Cardinal Hill - 163.0 Virginia Run
Chesterbrook,Week2,Rolling Hills,Week5,374.5 Chesterbrook - 27.5 Rolling Hills
Commonwealth,Week3,Pinecrest,Week2,279.5 Pinecrest - 122.5 Commonwealth
Commonwealth,Week5,Parliament,Week3,224.0 Parliament - 178.0 Commonwealth
Commonwealth,Week2,Pinecrest,Week1,273.0 Pinecrest - 129.0 Commonwealth
Cardinal Hill,Week1,Virginia Run,Week4,249.0 Cardinal Hill - 153.0 Virginia Run
Cardinal Hill,Week2,Somerset-Olde Creek,Week5,339.0 Cardinal Hill - 63.0 Somerset-Olde Creek
Chesterbrook,Week5,Rolling Hills,Week5,376.0 Chesterbrook - 26.0 Rolling Hills
Chesterbrook,Week3,Rolling Valley,Week2,394.0 Chesterbrook - 8.0 Rolling Valley
Cardinal Hill,Week3,Virginia Hills,Week3,375.0 Cardinal Hill - 27.0 Virginia Hills
Chesterbrook,Week2,Mansion House,Week3,306.0 Chesterbrook - 96.0 Mansion House
Cardinal Hill,Week3,Somerset-Olde Creek,Week4,357.0 Cardinal Hill - 45.0 Somerset-Olde Creek
Commonwealth,Week4,Pinecrest,Week1,288.0 Pinecrest - 114.0 Commonwealth
Chesterbrook,Week3,Rolling Valley,Week4,389.0 Chesterbrook - 13.0 Rolling Valley
Cardinal Hill,Week5,Virginia Hills,Week5,345.0 Cardinal Hill - 57.0 Virginia Hills
Commonwealth,Week4,Parliament,Week2,223.0 Parliament - 178.0 Commonwealth
Chesterbrook,Week4,Mansion House,Week4,334.0 Chesterbrook - 68.0 Mansion House
Cardinal Hill,Week5,Somerset-Olde Creek,Week2,336.0 Cardinal Hill - 65.0 Somerset-Olde Creek
Chesterbrook,Week4,Rutherford,Week4,367.0 Chesterbrook - 35.0 Rutherford
Commonwealth,Week3,Pinecrest,Week5,282.0 Pinecrest - 120.0 Commonwealth
Chesterbrook,Week2,Mantua,Week3,306.0 Chesterbrook - 96.0 Mantua
Chesterbrook,Week1,Mansion House,Week3,308.0 Chesterbrook - 94.0 Mansion House
Chesterbrook,Week1,Rutherford,Week3,360.0 Chesterbrook - 42.0 Rutherford
Chesterbrook,Week2,Mansion House,Week4,333.0 Chesterbrook - 69.0 Mansion House
Cardinal Hill,Week1,Virginia Run,Week2,240.0 Cardinal Hill - 162.0 Virginia Run
Chesterbrook,Week3,Rolling Valley,Week5,388.0 Chesterbrook - 14.0 Rolling Valley
Cardinal Hill,Week5,Sleepy Hollow Rec,Week2,296.0 Cardinal Hill - 106.0 Sleepy Hollow Rec
Cardinal Hill,Week4,Somerset-Olde Creek,Week5,332.0 Cardinal Hill - 70.0 Somerset-Olde Creek
Chesterbrook,Week2,Mantua,Week1,316.0 Chesterbrook - 86.0 Mantua
Cardinal Hill,Week4,Virginia Hills,Week3,368.0 Cardinal Hill - 34.0 Virginia Hills
Cardinal Hill,Week1,Somerset-Olde Creek,Week2,344.0 Cardinal Hill - 58.0 Somerset-Olde Creek
Cardinal Hill,Week1,Virginia Run,Week5,223.0 Cardinal Hill - 179.0 Virginia Run
Cardinal Hill,Week2,Virginia Run,Week4,211.0 Cardinal Hill - 191.0 Virginia Run
Commonwealth,Week3,Pinecrest,Week1,288.0 Pinecrest - 114.0 Commonwealth
Chesterbrook,Week5,Rolling Valley,Week4,384.0 Chesterbrook - 18.0 Rolling Valley
Commonwealth,Week5,Parliament,Week5,229.0 Parliament - 169.0 Commonwealth
Chesterbrook,Week4,Mansion House,Week3,304.0 Chesterbrook - 98.0 Mansion House
Commonwealth,Week4,Pinecrest,Week2,292.0 Pinecrest - 110.0 Commonwealth
Cardinal Hill,Week2,Somerset-Olde Creek,Week2,340.0 Cardinal Hill - 57.0 Somerset-Olde Creek
Cardinal Hill,Week1,Virginia Run,Week1,229.0 Cardinal Hill - 173.0 Virginia Run
Cardinal Hill,Week2,Somerset-Olde Creek,Week4,341.0 Cardinal Hill - 61.0 Somerset-Olde Creek
Chesterbrook,Week4,Rolling Valley,Week4,390.0 Chesterbrook - 12.0 Rolling Valley
Commonwealth,Week4,Pinewood Lake,Week1,328.0 Commonwealth - 46.0 Pinewood Lake
Chesterbrook,Week2,Mansion House,Week5,314.0 Chesterbrook - 88.0 Mansion House
Cardinal Hill,Week4,Virginia Hills,Week5,349.0 Cardinal Hill - 53.0 Virginia Hills
Cardinal Hill,Week3,Somerset-Olde Creek,Week3,349.0 Cardinal Hill - 53.0 Somerset-Olde Creek
Cardinal Hill,Week2,Virginia Run,Week5,210.0 Virginia Run - 192.0 Cardinal Hill
Commonwealth,Week2,Pinecrest,Week3,283.0 Pinecrest - 119.0 Commonwealth
Commonwealth,Week1,Pinecrest,Week3,307.0 Pinecrest - 95.0 Commonwealth
Cardinal Hill,Week5,Virginia Run,Week4,233.0 Cardinal Hill - 169.0 Virginia Run
Chesterbrook,Week5,Rolling Valley,Week2,388.0 Chesterbrook - 14.0 Rolling Valley
Chesterbrook,Week3,Mantua,Week1,336.0 Chesterbrook - 66.0 Mantua
Chesterbrook,Week2,Rutherford,Week1,380.0 Chesterbrook - 22.0 Rutherford
Cardinal Hill,Week3,Somerset-Olde Creek,Week1,353.0 Cardinal Hill - 49.0 Somerset-Olde Creek
Chesterbrook,Week1,Rutherford,Week5,354.5 Chesterbrook - 47.5 Rutherford
Cardinal Hill,Week5,Sleepy Hollow Rec,Week4,309.0 Cardinal Hill - 93.0 Sleepy Hollow Rec
Cardinal Hill,Week3,Virginia Run,Week3,270.0 Cardinal Hill - 132.0 Virginia Run
Chesterbrook,Week5,Rolling Valley,Week3,387.0 Chesterbrook - 15.0 Rolling Valley
Commonwealth,Week2,Pinewood Lake,Week1,343.0 Commonwealth - 48.0 Pinewood Lake
Chesterbrook,Week3,Mansion House,Week2,330.0 Chesterbrook - 72.0 Mansion House
Chesterbrook,Week3,Mantua,Week3,329.0 Chesterbrook - 73.0 Mantua
Commonwealth,Week3,Pinewood Lake,Week2,332.0 Commonwealth - 52.0 Pinewood Lake
Cardinal Hill,Week3,Virginia Run,Week2,257.0 Cardinal Hill - 145.0 Virginia Run
Commonwealth,Week5,Pinecrest,Week3,272.0 Pinecrest - 130.0 Commonwealth
Cardinal Hill,Week2,Virginia Run,Week2,221.0 Cardinal Hill - 181.0 Virginia Run
Cardinal Hill,Week3,Somerset-Olde Creek,Week5,341.0 Cardinal Hill - 61.0 Somerset-Olde Creek
Commonwealth,Week5,Laurel Hill,Week1,235.0 Commonwealth - 166.0 Laurel Hill
Commonwealth,Week3,Pinewood Lake,Week1,329.0 Commonwealth - 53.0 Pinewood Lake
Commonwealth,Week5,Pinecrest,Week4,284.0 Pinecrest - 118.0 Commonwealth
Commonwealth,Week1,Laurel Hill,Week4,230.0 Laurel Hill - 170.0 Commonwealth
Cardinal Hill,Week4,Virginia Hills,Week2,369.0 Cardinal Hill - 33.0 Virginia Hills
Cardinal Hill,Week2,Virginia Run,Week1,205.5 Cardinal Hill - 196.5 Virginia Run
Chesterbrook,Week5,Rutherford,Week2,378.0 Chesterbrook - 24.0 Rutherford
Chesterbrook,Week3,Rutherford,Week1,389.0 Chesterbrook - 13.0 Rutherford
Chesterbrook,Week1,Rutherford,Week2,366.0 Chesterbrook - 36.0 Rutherford
Chesterbrook,Week2,Mansion House,Week2,308.0 Chesterbrook - 94.0 Mansion House
Commonwealth,Week5,Laurel Hill,Week3,219.0 Commonwealth - 183.0 Laurel Hill
Cardinal Hill,Week4,Somerset-Olde Creek,Week1,340.0 Cardinal Hill - 62.0 Somerset-Olde Creek
Chesterbrook,Week3,Rutherford,Week2,385.5 Chesterbrook - 16.5 Rutherford
Chesterbrook,Week3,Mansion House,Week4,341.0 Chesterbrook - 61.0 Mansion House
Cardinal Hill,Week4,Virginia Run,Week1,213.0 Cardinal Hill - 189.0 Virginia Run
Commonwealth,Week4,Langley,Week3,294.5 Langley - 107.5 Commonwealth
Cardinal Hill,Week1,Virginia Run,Week3,243.5 Cardinal Hill - 158.5 Virginia Run
Chesterbrook,Week5,Rolling Valley,Week1,400.0 Chesterbrook - 2.0 Rolling Valley
Chesterbrook,Week2,Mansion House,Week1,316.0 Chesterbrook - 86.0 Mansion House
Chesterbrook,Week1,Mantua,Week2,299.0 Chesterbrook - 98.0 Mantua
Chesterbrook,Week2,Rutherford,Week2,378.0 Chesterbrook - 24.0 Rutherford
Chesterbrook,Week5,Mansion House,Week4,334.0 Chesterbrook - 68.0 Mansion House
Commonwealth,Week5,Pinecrest,Week2,280.0 Pinecrest - 122.0 Commonwealth
Chesterbrook,Week4,Rutherford,Week2,381.0 Chesterbrook - 21.0 Rutherford
Commonwealth,Week4,Langley,Week4,299.0 Langley - 103.0 Commonwealth
Cardinal Hill,Week4,Virginia Run,Week2,227.0 Cardinal Hill - 175.0 Virginia Run
Commonwealth,Week5,Langley,Week4,278.0 Langley - 124.0 Commonwealth
Commonwealth,Week1,Pinewood Lake,Week2,293.0 Commonwealth - 70.0 Pinewood Lake
Commonwealth,Week5,Pinewood Lake,Week2,338.0 Commonwealth - 56.0 Pinewood Lake
Chesterbrook,Week4,Rolling Valley,Week5,390.0 Chesterbrook - 12.0 Rolling Valley
Cardinal Hill,Week3,Virginia Run,Week4,266.0 Cardinal Hill - 136.0 Virginia Run
Commonwealth,Week2,Pinewood Lake,Week2,346.0 Commonwealth - 46.0 Pinewood Lake
Cardinal Hill,Week4,Virginia Hills,Week4,365.0 Cardinal Hill - 37.0 Virginia Hills
Commonwealth,Week2,Pinewood Lake,Week5,334.0 Commonwealth - 62.0 Pinewood Lake
Commonwealth,Week3,Laurel Hill,Week2,257.0 Commonwealth - 139.0 Laurel Hill
Chesterbrook,Week1,Mansion House,Week5,313.0 Chesterbrook - 89.0 Mansion House
Cardinal Hill,Week5,Virginia Hills,Week1,353.0 Cardinal Hill - 48.0 Virginia Hills
Commonwealth,Week4,Laurel Hill,Week4,211.0 Commonwealth - 190.0 Laurel Hill
Chesterbrook,Week3,Mansion House,Week5,332.0 Chesterbrook - 70.0 Mansion House
Chesterbrook,Week3,Rutherford,Week5,373.5 Chesterbrook - 28.5 Rutherford
Commonwealth,Week4,Pinewood Lake,Week3,329.0 Commonwealth - 50.0 Pinewood Lake
Chesterbrook,Week5,Mansion House,Week5,320.0 Chesterbrook - 82.0 Mansion House
Chesterbrook,Week2,Rutherford,Week3,370.0 Chesterbrook - 32.0 Rutherford
Chesterbrook,Week1,Mantua,Week5,290.0 Chesterbrook - 112.0 Mantua
Commonwealth,Week1,Pinewood Lake,Week3,297.0 Commonwealth - 73.0 Pinewood Lake
Chesterbrook,Week4,Mansion House,Week1,328.0 Chesterbrook - 74.0 Mansion House
Cardinal Hill,Week5,Virginia Hills,Week2,363.0 Cardinal Hill - 38.0 Virginia Hills
Chesterbrook,Week1,Rutherford,Week4,357.0 Chesterbrook - 45.0 Rutherford
Chesterbrook,Week5,Mansion House,Week2,318.0 Chesterbrook - 84.0 Mansion House
Chesterbrook,Week3,Mansion House,Week3,324.0 Chesterbrook - 78.0 Mansion House
Chesterbrook,Week1,Rutherford,Week1,373.0 Chesterbrook - 29.0 Rutherford
Chesterbrook,Week5,Rolling Valley,Week5,381.0 Chesterbrook - 21.0 Rolling Valley
Cardinal Hill,Week5,Virginia Hills,Week4,359.0 Cardinal Hill - 42.0 Virginia Hills
Chesterbrook,Week2,Rutherford,Week5,366.0 Chesterbrook - 36.0 Rutherford
Chesterbrook,Week5,Mansion House,Week3,317.0 Chesterbrook - 85.0 Mansion House
Cardinal Hill,Week2,Virginia Run,Week3,236.0 Cardinal Hill - 166.0 Virginia Run
Commonwealth,Week5,Langley,Week3,270.0 Langley - 132.0 Commonwealth
Cardinal Hill,Week5,Virginia Hills,Week3,366.0 Cardinal Hill - 36.0 Virginia Hills
Commonwealth,Week1,Pinewood Lake,Week4,294.0 Commonwealth - 80.0 Pinewood Lake
Chesterbrook,Week4,Rolling Valley,Week3,387.0 Chesterbrook - 15.0 Rolling Valley
Commonwealth,Week4,Langley,Week5,291.0 Langley - 111.0 Commonwealth
Commonwealth,Week2,Laurel Hill,Week4,227.0 Commonwealth - 175.0 Laurel Hill
Commonwealth,Week4,Langley,Week2,289.0 Langley - 113.0 Commonwealth
Chesterbrook,Week4,Mansion House,Week2,310.0 Chesterbrook - 92.0 Mansion House
Commonwealth,Week1,Lee Graham,Week4,317.0 Lee Graham - 85.0 Commonwealth
Commonwealth,Week2,Pinewood Lake,Week4,339.0 Commonwealth - 55.0 Pinewood Lake
Commonwealth,Week5,Langley,Week5,279.0 Langley - 123.0 Commonwealth
Cardinal Hill,Week3,Virginia Run,Week5,239.0 Cardinal Hill - 163.0 Virginia Run
Commonwealth,Week4,Pinewood Lake,Week4,317.0 Commonwealth - 62.0 Pinewood Lake
Commonwealth,Week2,Pinewood Lake,Week3,350.0 Commonwealth - 42.0 Pinewood Lake
Commonwealth,Week3,Pinewood Lake,Week4,327.0 Commonwealth - 61.0 Pinewood Lake
Cardinal Hill,Week5,Virginia Run,Week1,221.0 Cardinal Hill - 181.0 Virginia Run
Chesterbrook,Week1,Mantua,Week3,287.0 Chesterbrook - 115.0 Mantua
Cardinal Hill,Week5,Virginia Run,Week5,218.0 Cardinal Hill - 184.0 Virginia Run
Chesterbrook,Week3,Rutherford,Week3,378.0 Chesterbrook - 24.0 Rutherford
Chesterbrook,Week4,Mansion House,Week5,318.0 Chesterbrook - 84.0 Mansion House
Commonwealth,Week5,Pinecrest,Week5,271.0 Pinecrest - 131.0 Commonwealth
Chesterbrook,Week4,Rolling Valley,Week2,394.0 Chesterbrook - 8.0 Rolling Valley
Chesterbrook,Week1,Mantua,Week4,300.0 Chesterbrook - 102.0 Mantua
Commonwealth,Week3,Pinewood Lake,Week5,324.0 Commonwealth - 67.0 Pinewood Lake
Commonwealth,Week1,Laurel Hill,Week1,217.0 Laurel Hill - 174.0 Commonwealth
Chesterbrook,Week5,Mansion House,Week1,326.0 Chesterbrook - 76.0 Mansion House
Cardinal Hill,Week4,Virginia Run,Week4,231.0 Cardinal Hill - 171.0 Virginia Run
Commonwealth,Week4,Pinecrest,Week3,306.0 Pinecrest - 96.0 Commonwealth
Chesterbrook,Week3,Rutherford,Week4,369.0 Chesterbrook - 33.0 Rutherford
Chesterbrook,Week3,Mansion House,Week1,336.0 Chesterbrook - 66.0 Mansion House
Cardinal Hill,Week5,Virginia Run,Week3,248.0 Cardinal Hill - 154.0 Virginia Run
Chesterbrook,Week4,Rutherford,Week3,371.0 Chesterbrook - 31.0 Rutherford
Commonwealth,Week5,Langley,Week2,263.0 Langley - 139.0 Commonwealth
Cardinal Hill,Week1,Wakefield Chapel,Week1,254.0 Wakefield Chapel - 148.0 Cardinal Hill
Commonwealth,Week2,Laurel Hill,Week1,223.0 Commonwealth - 177.0 Laurel Hill
Commonwealth,Week1,Laurel Hill,Week3,237.0 Laurel Hill - 165.0 Commonwealth
Cardinal Hill,Week5,Virginia Run,Week2,229.0 Cardinal Hill - 173.0 Virginia Run
Chesterbrook,Week4,Rutherford,Week1,387.0 Chesterbrook - 15.0 Rutherford
Chesterbrook,Week1,Mantua,Week1,301.0 Chesterbrook - 101.0 Mantua
Commonwealth,Week4,Pinewood Lake,Week5,319.0 Commonwealth - 64.0 Pinewood Lake
Commonwealth,Week2,Lee Graham,Week2,306.0 Lee Graham - 96.0 Commonwealth
Chesterbrook,Week4,Rutherford,Week5,369.0 Chesterbrook - 33.0 Rutherford
Commonwealth,Week3,Laurel Hill,Week5,201.0 Commonwealth - 200.0 Laurel Hill
Commonwealth,Week4,Hayfield Farm,Week1,236.0 Hayfield Farm - 166.0 Commonwealth
Commonwealth,Week5,Hayfield Farm,Week2,225.0 Hayfield Farm - 177.0 Commonwealth
Commonwealth,Week5,Langley,Week1,284.0 Langley - 118.0 Commonwealth
Chesterbrook,Week2,Shouse Village,Week5,319.5 Chesterbrook - 82.5 Shouse Village
Chesterbrook,Week1,McLean,Week2,237.5 Chesterbrook - 164.5 McLean
Cardinal Hill,Week1,Wakefield Chapel,Week4,230.0 Wakefield Chapel - 172.0 Cardinal Hill
Commonwealth,Week4,Hayfield Farm,Week2,242.0 Hayfield Farm - 160.0 Commonwealth
Commonwealth,Week2,Laurel Hill,Week3,220.0 Commonwealth - 182.0 Laurel Hill
Cardinal Hill,Week5,Vienna Woods,Week5,292.0 Vienna Woods - 110.0 Cardinal Hill
Commonwealth,Week1,Herndon,Week2,233.0 Commonwealth - 158.0 Herndon
Chesterbrook,Week4,Shouse Village,Week5,318.5 Chesterbrook - 83.5 Shouse Village
Commonwealth,Week1,Pinewood Lake,Week1,302.0 Commonwealth - 60.0 Pinewood Lake
Cardinal Hill,Week4,Wakefield Chapel,Week2,237.0 Wakefield Chapel - 165.0 Cardinal Hill
Cardinal Hill,Week3,Villa Aquatic,Week4,293.0 Cardinal Hill - 109.0 Villa Aquatic
Cardinal Hill,Week1,Villa Aquatic,Week1,293.0 Cardinal Hill - 109.0 Villa Aquatic
Cardinal Hill,Week2,Wakefield Chapel,Week4,241.0 Wakefield Chapel - 161.0 Cardinal Hill
Chesterbrook,Week3,Mantua,Week2,338.0 Chesterbrook - 64.0 Mantua
Chesterbrook,Week5,Rutherford,Week1,381.0 Chesterbrook - 21.0 Rutherford
Commonwealth,Week2,Herndon,Week4,275.0 Commonwealth - 126.0 Herndon
Commonwealth,Week5,Pinecrest,Week1,260.0 Pinecrest - 142.0 Commonwealth
Cardinal Hill,Week1,Walden Glen,Week5,271.0 Cardinal Hill - 131.0 Walden Glen
Commonwealth,Week3,Laurel Hill,Week4,236.0 Commonwealth - 165.0 Laurel Hill
Commonwealth,Week4,Pinecrest,Week5,297.0 Pinecrest - 100.0 Commonwealth
Commonwealth,Week1,Pinewood Lake,Week5,288.0 Commonwealth - 92.0 Pinewood Lake
Chesterbrook,Week2,Mantua,Week2,326.0 Chesterbrook - 76.0 Mantua
Chesterbrook,Week2,Rutherford,Week4,360.0 Chesterbrook - 42.0 Rutherford
Chesterbrook,Week2,Mantua,Week5,302.5 Chesterbrook - 99.5 Mantua
Commonwealth,Week2,Laurel Hill,Week5,201.0 Commonwealth - 201.0 Laurel Hill
Cardinal Hill,Week1,Wakefield Chapel,Week3,247.0 Wakefield Chapel - 155.0 Cardinal Hill
Chesterbrook,Week2,Mantua,Week4,324.0 Chesterbrook - 78.0 Mantua
Cardinal Hill,Week3,Villa Aquatic,Week2,294.0 Cardinal Hill - 108.0 Villa Aquatic
Cardinal Hill,Week2,Villa Aquatic,Week1,271.0 Cardinal Hill - 131.0 Villa Aquatic
Chesterbrook,Week2,Shouse Village,Week4,326.0 Chesterbrook - 76.0 Shouse Village
Commonwealth,Week4,Pinecrest,Week4,309.0 Pinecrest - 93.0 Commonwealth
Commonwealth,Week4,Pinewood Lake,Week2,325.0 Commonwealth - 54.0 Pinewood Lake
Commonwealth,Week3,Laurel Hill,Week3,220.0 Commonwealth - 182.0 Laurel Hill
Cardinal Hill,Week2,Villa Aquatic,Week5,232.0 Cardinal Hill - 170.0 Villa Aquatic
Chesterbrook,Week1,Shouse Village,Week3,327.0 Chesterbrook - 75.0 Shouse Village
Commonwealth,Week3,Pinewood Lake,Week3,333.0 Commonwealth - 51.0 Pinewood Lake
Chesterbrook,Week5,Mantua,Week4,325.0 Chesterbrook - 77.0 Mantua
Commonwealth,Week4,Laurel Hill,Week1,215.0 Commonwealth - 185.0 Laurel Hill
Cardinal Hill,Week1,Walden Glen,Week3,290.0 Cardinal Hill - 112.0 Walden Glen
Chesterbrook,Week3,McLean,Week4,273.0 Chesterbrook - 129.0 McLean
Cardinal Hill,Week1,Walden Glen,Week1,318.0 Cardinal Hill - 84.0 Walden Glen
Commonwealth,Week2,Herndon,Week2,288.0 Commonwealth - 113.0 Herndon
Commonwealth,Week1,Laurel Hill,Week2,199.0 Commonwealth - 189.0 Laurel Hill
Chesterbrook,Week3,Shouse Village,Week1,338.0 Chesterbrook - 64.0 Shouse Village
Cardinal Hill,Week3,Wakefield Chapel,Week4,203.0 Cardinal Hill - 199.0 Wakefield Chapel
Chesterbrook,Week1,Sideburn Run,Week2,340.0 Chesterbrook - 62.0 Sideburn Run
Chesterbrook,Week4,Mantua,Week3,311.0 Chesterbrook - 91.0 Mantua
Commonwealth,Week3,Herndon,Week1,277.0 Commonwealth - 121.0 Herndon
Chesterbrook,Week1,Shouse Village,Week2,336.0 Chesterbrook - 66.0 Shouse Village
Commonwealth,Week2,Pleasant Valley,Week4,301.0 Commonwealth - 99.0 Pleasant Valley
Chesterbrook,Week1,McLean,Week4,243.0 Chesterbrook - 159.0 McLean
Cardinal Hill,Week4,Villa Aquatic,Week3,233.0 Cardinal Hill - 169.0 Villa Aquatic
Commonwealth,Week5,Pleasant Valley,Week1,258.0 Commonwealth - 144.0 Pleasant Valley
Cardinal Hill,Week1,Wakefield Chapel,Week5,254.0 Wakefield Chapel - 148.0 Cardinal Hill
Cardinal Hill,Week4,Villa Aquatic,Week1,274.0 Cardinal Hill - 128.0 Villa Aquatic
Commonwealth,Week5,Pinewood Lake,Week1,344.0 Commonwealth - 49.0 Pinewood Lake
Commonwealth,Week2,Hayfield Farm,Week1,222.0 Hayfield Farm - 180.0 Commonwealth
Commonwealth,Week1,Laurel Hill,Week5,240.0 Laurel Hill - 160.0 Commonwealth
Chesterbrook,Week4,Mantua,Week2,323.0 Chesterbrook - 79.0 Mantua
Commonwealth,Week4,Laurel Hill,Week2,238.0 Commonwealth - 157.0 Laurel Hill
Commonwealth,Week3,Herndon,Week3,286.0 Commonwealth - 116.0 Herndon
Commonwealth,Week3,Laurel Hill,Week1,224.0 Commonwealth - 175.0 Laurel Hill
Cardinal Hill,Week3,Walden Glen,Week1,326.0 Cardinal Hill - 76.0 Walden Glen
Commonwealth,Week5,Pleasant Valley,Week5,250.0 Commonwealth - 150.0 Pleasant Valley
Cardinal Hill,Week1,Villa Aquatic,Week5,250.0 Cardinal Hill - 152.0 Villa Aquatic
Commonwealth,Week5,Hayfield Farm,Week1,225.0 Hayfield Farm - 177.0 Commonwealth
Chesterbrook,Week3,Mantua,Week4,335.0 Chesterbrook - 67.0 Mantua
Chesterbrook,Week1,Shouse Village,Week5,317.0 Chesterbrook - 85.0 Shouse Village
Commonwealth,Week2,Hayfield Farm,Week2,224.0 Hayfield Farm - 178.0 Commonwealth
Chesterbrook,Week3,Shouse Village,Week3,348.0 Chesterbrook - 54.0 Shouse Village
Commonwealth,Week1,Poplar Heights,Week5,284.0 Poplar Heights - 117.0 Commonwealth
Chesterbrook,Week4,Shouse Village,Week4,323.0 Chesterbrook - 79.0 Shouse Village
Commonwealth,Week5,Laurel Hill,Week2,266.0 Commonwealth - 134.0 Laurel Hill
Commonwealth,Week4,Laurel Hill,Week3,207.0 Commonwealth - 195.0 Laurel Hill
Commonwealth,Week3,Hayfield Farm,Week3,247.0 Hayfield Farm - 154.0 Commonwealth
Chesterbrook,Week2,Sideburn Run,Week5,327.0 Chesterbrook - 75.0 Sideburn Run
Commonwealth,Week3,Hayfield Farm,Week5,247.0 Hayfield Farm - 155.0 Commonwealth
Commonwealth,Week4,Pleasant Valley,Week1,252.0 Commonwealth - 149.0 Pleasant Valley
Commonwealth,Week2,Laurel Hill,Week2,257.0 Commonwealth - 144.0 Laurel Hill
Chesterbrook,Week4,Mantua,Week5,308.5 Chesterbrook - 93.5 Mantua
Cardinal Hill,Week3,Vienna Woods,Week5,252.0 Vienna Woods - 150.0 Cardinal Hill
Cardinal Hill,Week4,Vienna Woods,Week1,259.0 Vienna Woods - 143.0 Cardinal Hill
Commonwealth,Week2,Pleasant Valley,Week5,269.0 Commonwealth - 130.0 Pleasant Valley
Cardinal Hill,Week3,Walden Glen,Week4,301.0 Cardinal Hill - 101.0 Walden Glen
Cardinal Hill,Week2,Walden Glen,Week4,256.0 Cardinal Hill - 141.0 Walden Glen
Commonwealth,Week2,Hayfield Farm,Week4,237.0 Hayfield Farm - 165.0 Commonwealth
Chesterbrook,Week2,McLean,Week5,239.0 Chesterbrook - 163.0 McLean
Cardinal Hill,Week5,Wakefield Chapel,Week5,257.0 Wakefield Chapel - 145.0 Cardinal Hill
Chesterbrook,Week4,Mantua,Week1,325.5 Chesterbrook - 76.5 Mantua
Cardinal Hill,Week5,Vienna Woods,Week2,247.0 Vienna Woods - 154.0 Cardinal Hill
Commonwealth,Week3,Pleasant Valley,Week5,253.0 Commonwealth - 140.0 Pleasant Valley
Commonwealth,Week4,Laurel Hill,Week5,220.0 Laurel Hill - 181.0 Commonwealth
Chesterbrook,Week5,Shouse Village,Week5,324.5 Chesterbrook - 77.5 Shouse Village
Cardinal Hill,Week1,Wakefield Chapel,Week2,241.0 Wakefield Chapel - 161.0 Cardinal Hill
Cardinal Hill,Week4,Vienna Woods,Week3,255.0 Vienna Woods - 147.0 Cardinal Hill
Commonwealth,Week5,Hayfield Farm,Week3,225.0 Hayfield Farm - 177.0 Commonwealth
Commonwealth,Week5,Laurel Hill,Week4,236.0 Commonwealth - 166.0 Laurel Hill
Chesterbrook,Week5,Rutherford,Week3,373.0 Chesterbrook - 29.0 Rutherford
Commonwealth,Week4,Hayfield Farm,Week5,249.0 Hayfield Farm - 153.0 Commonwealth
Commonwealth,Week1,Lee Graham,Week2,322.0 Lee Graham - 80.0 Commonwealth
Cardinal Hill,Week3,Vienna Woods,Week2,229.0 Vienna Woods - 173.0 Cardinal Hill
Chesterbrook,Week3,McLean,Week3,259.0 Chesterbrook - 143.0 McLean
Cardinal Hill,Week4,Wakefield Chapel,Week5,265.0 Wakefield Chapel - 137.0 Cardinal Hill
Commonwealth,Week1,Lee Graham,Week3,326.0 Lee Graham - 76.0 Commonwealth
Chesterbrook,Week1,Mosby Woods,Week4,309.0 Chesterbrook - 93.0 Mosby Woods
Chesterbrook,Week5,Mantua,Week1,322.0 Chesterbrook - 80.0 Mantua
Commonwealth,Week4,Pleasant Valley,Week3,237.0 Commonwealth - 163.0 Pleasant Valley
Chesterbrook,Week1,Shouse Village,Week1,317.0 Chesterbrook - 85.0 Shouse Village
Commonwealth,Week5,Pleasant Valley,Week4,285.0 Commonwealth - 115.0 Pleasant Valley
Commonwealth,Week5,Laurel Hill,Week5,203.0 Commonwealth - 199.0 Laurel Hill
Cardinal Hill,Week4,Wakefield Chapel,Week4,242.0 Wakefield Chapel - 160.0 Cardinal Hill
Cardinal Hill,Week4,Vienna Woods,Week5,280.0 Vienna Woods - 122.0 Cardinal Hill
Cardinal Hill,Week4,Vienna Woods,Week4,234.0 Vienna Woods - 168.0 Cardinal Hill
Commonwealth,Week5,Pinewood Lake,Week4,339.0 Commonwealth - 58.0 Pinewood Lake
Cardinal Hill,Week3,Wakefield Chapel,Week1,221.0 Wakefield Chapel - 181.0 Cardinal Hill
Chesterbrook,Week2,Shouse Village,Week1,321.0 Chesterbrook - 81.0 Shouse Village
Chesterbrook,Week3,Shouse Village,Week5,334.0 Chesterbrook - 68.0 Shouse Village
Commonwealth,Week1,Lee Graham,Week1,311.0 Lee Graham - 86.0 Commonwealth
Cardinal Hill,Week3,Vienna Woods,Week1,227.0 Vienna Woods - 175.0 Cardinal Hill
Cardinal Hill,Week5,Vienna Woods,Week4,234.0 Vienna Woods - 168.0 Cardinal Hill
Commonwealth,Week1,Pleasant Valley,Week5,218.0 Commonwealth - 169.0 Pleasant Valley
Cardinal Hill,Week2,Wakefield Chapel,Week3,270.0 Wakefield Chapel - 132.0 Cardinal Hill
Chesterbrook,Week2,Shouse Village,Week2,342.0 Chesterbrook - 60.0 Shouse Village
Cardinal Hill,Week3,Wakefield Chapel,Week3,216.0 Wakefield Chapel - 186.0 Cardinal Hill
Chesterbrook,Week2,Shouse Village,Week3,329.0 Chesterbrook - 73.0 Shouse Village
Cardinal Hill,Week4,Vienna Woods,Week2,254.5 Vienna Woods - 147.5 Cardinal Hill
Chesterbrook,Week1,McLean,Week1,261.0 Chesterbrook - 141.0 McLean
Commonwealth,Week3,Hayfield Farm,Week1,238.0 Hayfield Farm - 164.0 Commonwealth
Cardinal Hill,Week2,Wakefield Chapel,Week1,277.0 Wakefield Chapel - 125.0 Cardinal Hill
Chesterbrook,Week2,McLean,Week4,250.0 Chesterbrook - 152.0 McLean
Commonwealth,Week2,Pleasant Valley,Week2,277.0 Commonwealth - 124.0 Pleasant Valley
Chesterbrook,Week4,Shouse Village,Week1,326.0 Chesterbrook - 76.0 Shouse Village
Commonwealth,Week2,Hayfield Farm,Week3,228.0 Hayfield Farm - 174.0 Commonwealth
Chesterbrook,Week4,Mantua,Week4,328.5 Chesterbrook - 73.5 Mantua
Commonwealth,Week5,Pinewood Lake,Week5,328.0 Commonwealth - 71.0 Pinewood Lake
Commonwealth,Week1,Lee Graham,Week5,329.0 Lee Graham - 73.0 Commonwealth
Commonwealth,Week2,Hayfield Farm,Week5,224.0 Hayfield Farm - 178.0 Commonwealth
Cardinal Hill,Week3,Wakefield Chapel,Week5,240.0 Wakefield Chapel - 162.0 Cardinal Hill
Commonwealth,Week4,Hayfield Farm,Week3,254.0 Hayfield Farm - 148.0 Commonwealth
Chesterbrook,Week5,Mantua,Week2,329.0 Chesterbrook - 73.0 Mantua
Commonwealth,Week1,Pleasant Valley,Week3,210.0 Commonwealth - 189.0 Pleasant Valley
Cardinal Hill,Week1,Villa Aquatic,Week2,297.0 Cardinal Hill - 105.0 Villa Aquatic
Chesterbrook,Week1,McLean,Week3,238.0 Chesterbrook - 164.0 McLean
Chesterbrook,Week5,Mantua,Week5,308.0 Chesterbrook - 94.0 Mantua
Cardinal Hill,Week4,Wakefield Chapel,Week3,256.0 Wakefield Chapel - 146.0 Cardinal Hill
Commonwealth,Week3,Pleasant Valley,Week1,267.0 Commonwealth - 134.0 Pleasant Valley
Commonwealth,Week3,Lee Graham,Week2,320.0 Lee Graham - 82.0 Commonwealth
Chesterbrook,Week5,Rutherford,Week5,368.0 Chesterbrook - 34.0 Rutherford
Chesterbrook,Week1,Sideburn Run,Week1,328.5 Chesterbrook - 73.5 Sideburn Run
Commonwealth,Week2,Lee Graham,Week1,290.5 Lee Graham - 111.5 Commonwealth
Commonwealth,Week4,Hayfield Farm,Week4,260.0 Hayfield Farm - 142.0 Commonwealth
Cardinal Hill,Week3,Vienna Woods,Week4,202.0 Vienna Woods - 200.0 Cardinal Hill
Cardinal Hill,Week5,Wakefield Chapel,Week3,250.0 Wakefield Chapel - 152.0 Cardinal Hill
Cardinal Hill,Week5,Wakefield Chapel,Week1,245.0 Wakefield Chapel - 157.0 Cardinal Hill
Commonwealth,Week1,Pleasant Valley,Week4,241.0 Commonwealth - 150.0 Pleasant Valley
Cardinal Hill,Week5,Wakefield Chapel,Week2,234.0 Wakefield Chapel - 168.0 Cardinal Hill
Commonwealth,Week5,Hayfield Farm,Week4,228.0 Hayfield Farm - 174.0 Commonwealth
Commonwealth,Week1,Hayfield Farm,Week5,259.0 Hayfield Farm - 142.0 Commonwealth
Commonwealth,Week3,Lee Graham,Week3,318.0 Lee Graham - 84.0 Commonwealth
Commonwealth,Week3,Hayfield Farm,Week2,244.0 Hayfield Farm - 158.0 Commonwealth
Chesterbrook,Week2,McLean,Week1,269.0 Chesterbrook - 133.0 McLean
Commonwealth,Week4,Lee Graham,Week1,300.0 Lee Graham - 97.0 Commonwealth
Chesterbrook,Week5,Rutherford,Week4,364.0 Chesterbrook - 38.0 Rutherford
Chesterbrook,Week5,Mantua,Week3,307.0 Chesterbrook - 95.0 Mantua
Cardinal Hill,Week2,Vienna Woods,Week5,294.0 Vienna Woods - 108.0 Cardinal Hill
Commonwealth,Week5,Pinewood Lake,Week3,344.0 Commonwealth - 48.0 Pinewood Lake
Cardinal Hill,Week5,Vienna Woods,Week1,268.0 Vienna Woods - 134.0 Cardinal Hill
Cardinal Hill,Week3,Vienna Woods,Week3,224.0 Vienna Woods - 178.0 Cardinal Hill
Chesterbrook,Week4,Shouse Village,Week3,335.0 Chesterbrook - 67.0 Shouse Village
Commonwealth,Week3,Pleasant Valley,Week2,266.0 Commonwealth - 135.0 Pleasant Valley
Cardinal Hill,Week2,Villa Aquatic,Week2,257.0 Cardinal Hill - 145.0 Villa Aquatic
Cardinal Hill,Week2,Wakefield Chapel,Week2,254.0 Wakefield Chapel - 148.0 Cardinal Hill
Commonwealth,Week3,Lee Graham,Week4,308.0 Lee Graham - 94.0 Commonwealth
Chesterbrook,Week2,McLean,Week2,241.0 Chesterbrook - 161.0 McLean
Commonwealth,Week1,Herndon,Week4,240.0 Commonwealth - 157.0 Herndon
Cardinal Hill,Week5,Vienna Woods,Week3,249.0 Vienna Woods - 153.0 Cardinal Hill
Chesterbrook,Week1,McLean,Week5,233.0 Chesterbrook - 169.0 McLean
Chesterbrook,Week3,Shouse Village,Week4,343.5 Chesterbrook - 58.5 Shouse Village
Chesterbrook,Week4,Shouse Village,Week2,333.0 Chesterbrook - 69.0 Shouse Village
Commonwealth,Week3,Hayfield Farm,Week4,241.0 Hayfield Farm - 161.0 Commonwealth
Commonwealth,Week2,Pleasant Valley,Week3,259.5 Commonwealth - 141.5 Pleasant Valley
Chesterbrook,Week3,Mantua,Week5,329.0 Chesterbrook - 73.0 Mantua
Cardinal Hill,Week4,Wakefield Chapel,Week1,252.0 Wakefield Chapel - 150.0 Cardinal Hill
Chesterbrook,Week5,Shouse Village,Week3,325.0 Chesterbrook - 77.0 Shouse Village
Commonwealth,Week3,Pleasant Valley,Week4,283.0 Commonwealth - 110.0 Pleasant Valley
Commonwealth,Week1,Herndon,Week1,232.0 Commonwealth - 156.0 Herndon
Cardinal Hill,Week2,Wakefield Chapel,Week5,281.0 Wakefield Chapel - 121.0 Cardinal Hill
Chesterbrook,Week2,McLean,Week3,247.0 Chesterbrook - 155.0 McLean
Commonwealth,Week4,Pleasant Valley,Week4,278.0 Commonwealth - 113.0 Pleasant Valley
Commonwealth,Week3,Lee Graham,Week1,305.0 Lee Graham - 97.0 Commonwealth
Cardinal Hill,Week1,Villa Aquatic,Week3,234.0 Cardinal Hill - 168.0 Villa Aquatic
Commonwealth,Week5,Lee Graham,Week4,292.0 Lee Graham - 110.0 Commonwealth
Commonwealth,Week5,Hayfield Farm,Week5,232.0 Hayfield Farm - 170.0 Commonwealth
Cardinal Hill,Week1,Villa Aquatic,Week4,266.0 Cardinal Hill - 136.0 Villa Aquatic
Commonwealth,Week3,Lee Graham,Week5,322.0 Lee Graham - 80.0 Commonwealth
Cardinal Hill,Week2,Villa Aquatic,Week4,248.0 Cardinal Hill - 154.0 Villa Aquatic
Commonwealth,Week1,Pleasant Valley,Week2,231.0 Commonwealth - 168.0 Pleasant Valley
Chesterbrook,Week5,McLean,Week1,286.0 Chesterbrook - 116.0 McLean
Cardinal Hill,Week5,Wakefield Chapel,Week4,231.0 Wakefield Chapel - 171.0 Cardinal Hill
Commonwealth,Week4,Pleasant Valley,Week5,238.0 Commonwealth - 149.0 Pleasant Valley
Commonwealth,Week4,Lee Graham,Week4,295.0 Lee Graham - 107.0 Commonwealth
Cardinal Hill,Week2,Villa Aquatic,Week3,215.0 Cardinal Hill - 187.0 Villa Aquatic
Cardinal Hill,Week2,Walden Glen,Week1,292.0 Cardinal Hill - 105.0 Walden Glen
Commonwealth,Week1,Pleasant Valley,Week1,220.0 Commonwealth - 180.0 Pleasant Valley
Chesterbrook,Week1,Sideburn Run,Week3,340.0 Chesterbrook - 62.0 Sideburn Run
Commonwealth,Week1,Herndon,Week3,232.0 Commonwealth - 158.0 Herndon
Chesterbrook,Week5,Shouse Village,Week4,338.5 Chesterbrook - 63.5 Shouse Village
Commonwealth,Week2,Herndon,Week3,280.0 Commonwealth - 122.0 Herndon
Chesterbrook,Week4,McLean,Week5,253.0 Chesterbrook - 149.0 McLean
Cardinal Hill,Week4,Villa Aquatic,Week2,276.0 Cardinal Hill - 126.0 Villa Aquatic
Chesterbrook,Week3,Shouse Village,Week2,353.0 Chesterbrook - 49.0 Shouse Village
Commonwealth,Week2,Lee Graham,Week4,291.0 Lee Graham - 111.0 Commonwealth
Commonwealth,Week1,Lincolnia Park,Week2,238.0 Commonwealth - 140.0 Lincolnia Park
Chesterbrook,Week5,Shouse Village,Week2,346.0 Chesterbrook - 56.0 Shouse Village
Cardinal Hill,Week3,Villa Aquatic,Week1,310.5 Cardinal Hill - 91.5 Villa Aquatic
Cardinal Hill,Week3,Villa Aquatic,Week5,282.0 Cardinal Hill - 120.0 Villa Aquatic
Chesterbrook,Week3,McLean,Week5,256.5 Chesterbrook - 145.5 McLean
Commonwealth,Week3,Pleasant Valley,Week3,257.0 Commonwealth - 143.0 Pleasant Valley
Cardinal Hill,Week1,Walden Glen,Week4,282.0 Cardinal Hill - 120.0 Walden Glen
Commonwealth,Week2,Lee Graham,Week5,315.0 Lee Graham - 87.0 Commonwealth
Commonwealth,Week2,Herndon,Week5,274.0 Commonwealth - 127.0 Herndon
Cardinal Hill,Week3,Villa Aquatic,Week3,258.0 Cardinal Hill - 144.0 Villa Aquatic
Cardinal Hill,Week1,Walden Glen,Week2,290.0 Cardinal Hill - 111.0 Walden Glen
Chesterbrook,Week3,McLean,Week2,260.0 Chesterbrook - 142.0 McLean
Commonwealth,Week2,Pleasant Valley,Week1,274.0 Commonwealth - 128.0 Pleasant Valley
Commonwealth,Week2,Herndon,Week1,281.0 Commonwealth - 120.0 Herndon
Cardinal Hill,Week3,Wakefield Chapel,Week2,210.0 Wakefield Chapel - 192.0 Cardinal Hill
Cardinal Hill,Week2,Walden Glen,Week2,272.0 Cardinal Hill - 124.0 Walden Glen
Chesterbrook,Week1,Shouse Village,Week4,318.0 Chesterbrook - 84.0 Shouse Village
Chesterbrook,Week1,Sideburn Run,Week4,336.0 Chesterbrook - 66.0 Sideburn Run
Commonwealth,Week5,Pleasant Valley,Week2,263.0 Commonwealth - 139.0 Pleasant Valley
Commonwealth,Week4,Lee Graham,Week3,325.0 Lee Graham - 77.0 Commonwealth
Cardinal Hill,Week2,Walden Glen,Week3,274.0 Cardinal Hill - 128.0 Walden Glen
Chesterbrook,Week3,McLean,Week1,298.0 Chesterbrook - 104.0 McLean
Chesterbrook,Week5,Shouse Village,Week1,324.0 Chesterbrook - 78.0 Shouse Village
Commonwealth,Week1,Herndon,Week5,227.0 Commonwealth - 170.0 Herndon
Commonwealth,Week4,Pleasant Valley,Week2,250.0 Commonwealth - 151.0 Pleasant Valley
Chesterbrook,Week5,McLean,Week2,242.0 Chesterbrook - 160.0 McLean
Commonwealth,Week5,Herndon,Week2,288.0 Commonwealth - 114.0 Herndon
Commonwealth,Week4,Lee Graham,Week2,323.0 Lee Graham - 79.0 Commonwealth
Commonwealth,Week3,Herndon,Week2,272.0 Commonwealth - 127.0 Herndon
Commonwealth,Week5,Lee Graham,Week1,289.0 Lee Graham - 113.0 Commonwealth
Cardinal Hill,Week5,Villa Aquatic,Week5,247.0 Cardinal Hill - 155.0 Villa Aquatic
Chesterbrook,Week1,Mosby Woods,Week1,270.0 Chesterbrook - 132.0 Mosby Woods
Chesterbrook,Week5,McLean,Week5,246.0 Chesterbrook - 156.0 McLean
Commonwealth,Week3,Hiddenbrook,Week4,213.0 Hiddenbrook - 188.0 Commonwealth
Chesterbrook,Week2,Sideburn Run,Week1,327.0 Chesterbrook - 75.0 Sideburn Run
Commonwealth,Week1,Poplar Heights,Week3,276.0 Poplar Heights - 126.0 Commonwealth
Cardinal Hill,Week1,Village West,Week2,310.0 Cardinal Hill - 92.0 Village West
Cardinal Hill,Week2,Walden Glen,Week5,247.5 Cardinal Hill - 154.5 Walden Glen
Commonwealth,Week2,Hiddenbrook,Week5,207.0 Hiddenbrook - 195.0 Commonwealth
Commonwealth,Week5,Pleasant Valley,Week3,256.0 Commonwealth - 146.0 Pleasant Valley
Chesterbrook,Week1,Sideburn Run,Week5,329.0 Chesterbrook - 73.0 Sideburn Run
Cardinal Hill,Week1,Village West,Week4,305.0 Cardinal Hill - 92.0 Village West
Commonwealth,Week5,Lee Graham,Week5,309.0 Lee Graham - 93.0 Commonwealth
Cardinal Hill,Week3,Walden Glen,Week3,310.0 Cardinal Hill - 92.0 Walden Glen
Chesterbrook,Week2,Sideburn Run,Week2,339.0 Chesterbrook - 63.0 Sideburn Run
Commonwealth,Week3,Hiddenbrook,Week1,201.0 Commonwealth - 201.0 Hiddenbrook
Commonwealth,Week1,Poplar Heights,Week2,278.0 Poplar Heights - 123.0 Commonwealth
Commonwealth,Week1,Lincolnia Park,Week4,259.0 Commonwealth - 131.0 Lincolnia Park
Cardinal Hill,Week4,Villa Aquatic,Week4,256.0 Cardinal Hill - 146.0 Villa Aquatic
Cardinal Hill,Week3,Walden Glen,Week2,314.0 Cardinal Hill - 88.0 Walden Glen
Commonwealth,Week1,Poplar Heights,Week1,267.0 Poplar Heights - 134.0 Commonwealth
Commonwealth,Week1,Lincolnia Park,Week3,231.0 Commonwealth - 153.0 Lincolnia Park
Chesterbrook,Week5,McLean,Week3,255.0 Chesterbrook - 147.0 McLean
Cardinal Hill,Week3,Walden Glen,Week5,280.0 Cardinal Hill - 122.0 Walden Glen
Chesterbrook,Week1,Mosby Woods,Week2,275.0 Chesterbrook - 127.0 Mosby Woods
Chesterbrook,Week2,Sideburn Run,Week3,331.5 Chesterbrook - 70.5 Sideburn Run
Commonwealth,Week5,Herndon,Week5,268.0 Commonwealth - 134.0 Herndon
Commonwealth,Week2,Long Branch,Week1,214.0 Commonwealth - 187.0 Long Branch
Commonwealth,Week5,Lee Graham,Week2,298.0 Lee Graham - 104.0 Commonwealth
Commonwealth,Week2,Hiddenbrook,Week4,203.0 Hiddenbrook - 199.0 Commonwealth
Chesterbrook,Week4,McLean,Week1,278.0 Chesterbrook - 124.0 McLean
Commonwealth,Week2,Lee Graham,Week3,307.0 Lee Graham - 95.0 Commonwealth
Chesterbrook,Week4,McLean,Week3,254.0 Chesterbrook - 148.0 McLean
Cardinal Hill,Week2,Village West,Week4,291.5 Cardinal Hill - 105.5 Village West
Commonwealth,Week1,Lincolnia Park,Week5,236.0 Commonwealth - 152.0 Lincolnia Park
Cardinal Hill,Week2,Village West,Week2,307.0 Cardinal Hill - 95.0 Village West
Commonwealth,Week4,Lee Graham,Week5,325.0 Lee Graham - 77.0 Commonwealth
Commonwealth,Week1,Poplar Heights,Week4,285.0 Poplar Heights - 117.0 Commonwealth
Cardinal Hill,Week4,Walden Glen,Week4,262.0 Cardinal Hill - 140.0 Walden Glen
Cardinal Hill,Week2,Village West,Week3,280.5 Cardinal Hill - 121.5 Village West
Chesterbrook,Week4,McLean,Week4,259.0 Chesterbrook - 143.0 McLean
Cardinal Hill,Week4,Walden Glen,Week2,287.0 Cardinal Hill - 115.0 Walden Glen
Commonwealth,Week4,Long Branch,Week2,221.0 Long Branch - 181.0 Commonwealth
Chesterbrook,Week2,Sideburn Run,Week4,335.0 Chesterbrook - 67.0 Sideburn Run
Cardinal Hill,Week2,Village West,Week1,299.0 Cardinal Hill - 103.0 Village West
Cardinal Hill,Week4,Walden Glen,Week3,279.0 Cardinal Hill - 123.0 Walden Glen
Commonwealth,Week4,Hiddenbrook,Week3,231.0 Hiddenbrook - 165.0 Commonwealth
Commonwealth,Week3,Hiddenbrook,Week2,221.0 Commonwealth - 181.0 Hiddenbrook
Chesterbrook,Week1,Sleepy Hollow B & R,Week4,314.0 Chesterbrook - 88.0 Sleepy Hollow B & R
Chesterbrook,Week1,Sleepy Hollow B & R,Week2,303.0 Chesterbrook - 99.0 Sleepy Hollow B & R
Cardinal Hill,Week4,Walden Glen,Week1,301.0 Cardinal Hill - 101.0 Walden Glen
Commonwealth,Week2,Poplar Heights,Week1,240.0 Poplar Heights - 162.0 Commonwealth
Chesterbrook,Week4,McLean,Week2,242.0 Chesterbrook - 160.0 McLean
Commonwealth,Week5,Long Branch,Week1,209.0 Commonwealth - 193.0 Long Branch
Chesterbrook,Week4,Mosby Woods,Week2,293.0 Chesterbrook - 109.0 Mosby Woods
Commonwealth,Week4,Lincolnia Park,Week3,245.0 Commonwealth - 143.0 Lincolnia Park
Chesterbrook,Week3,Mosby Woods,Week4,333.0 Chesterbrook - 69.0 Mosby Woods
Commonwealth,Week3,Herndon,Week4,285.0 Commonwealth - 115.0 Herndon
Chesterbrook,Week2,Sleepy Hollow B & R,Week3,327.0 Chesterbrook - 75.0 Sleepy Hollow B & R
Commonwealth,Week5,Lincolnia Park,Week5,285.0 Commonwealth - 104.0 Lincolnia Park
Chesterbrook,Week3,Sideburn Run,Week5,347.0 Chesterbrook - 55.0 Sideburn Run
Commonwealth,Week1,Lincolnia Park,Week1,243.0 Commonwealth - 149.0 Lincolnia Park
Cardinal Hill,Week4,Villa Aquatic,Week5,239.0 Cardinal Hill - 163.0 Villa Aquatic
Chesterbrook,Week5,McLean,Week4,252.0 Chesterbrook - 150.0 McLean
Commonwealth,Week1,Hiddenbrook,Week3,231.0 Hiddenbrook - 165.0 Commonwealth
Commonwealth,Week3,Little Hunting Park,Week1,228.0 Commonwealth - 174.0 Little Hunting Park
Chesterbrook,Week2,Mosby Woods,Week3,300.0 Chesterbrook - 102.0 Mosby Woods
Commonwealth,Week4,Herndon,Week3,267.0 Commonwealth - 130.0 Herndon
Chesterbrook,Week5,Sideburn Run,Week1,337.0 Chesterbrook - 65.0 Sideburn Run
Commonwealth,Week5,Long Branch,Week5,215.5 Long Branch - 186.5 Commonwealth
Cardinal Hill,Week2,Village West,Week5,292.0 Cardinal Hill - 110.0 Village West
Chesterbrook,Week1,Sleepy Hollow B & R,Week1,320.0 Chesterbrook - 82.0 Sleepy Hollow B & R
Commonwealth,Week3,Herndon,Week5,276.0 Commonwealth - 124.0 Herndon
Chesterbrook,Week2,Mosby Woods,Week5,291.0 Chesterbrook - 111.0 Mosby Woods
Commonwealth,Week4,Lincolnia Park,Week5,246.0 Commonwealth - 141.0 Lincolnia Park
Commonwealth,Week5,Little Rocky Run,Week4,296.0 Little Rocky Run - 106.0 Commonwealth
Cardinal Hill,Week5,Villa Aquatic,Week2,254.0 Cardinal Hill - 148.0 Villa Aquatic
Chesterbrook,Week1,Mosby Woods,Week3,284.0 Chesterbrook - 113.0 Mosby Woods
Cardinal Hill,Week3,Village West,Week2,330.0 Cardinal Hill - 72.0 Village West
Commonwealth,Week4,Herndon,Week1,267.0 Commonwealth - 132.0 Herndon
Chesterbrook,Week2,Mosby Woods,Week4,313.0 Chesterbrook - 89.0 Mosby Woods
Chesterbrook,Week5,Sideburn Run,Week3,346.0 Chesterbrook - 56.0 Sideburn Run
Commonwealth,Week4,Long Branch,Week4,220.0 Long Branch - 182.0 Commonwealth
Commonwealth,Week3,Hiddenbrook,Week3,209.0 Hiddenbrook - 192.0 Commonwealth
Chesterbrook,Week2,Sleepy Hollow B & R,Week4,321.0 Chesterbrook - 81.0 Sleepy Hollow B & R
Commonwealth,Week4,Herndon,Week5,257.0 Commonwealth - 143.0 Herndon
Commonwealth,Week5,Lee Graham,Week3,305.0 Lee Graham - 97.0 Commonwealth
Commonwealth,Week5,Long Branch,Week3,211.0 Commonwealth - 191.0 Long Branch
Cardinal Hill,Week3,Village West,Week1,317.0 Cardinal Hill - 85.0 Village West
Commonwealth,Week5,Herndon,Week4,280.0 Commonwealth - 122.0 Herndon
Chesterbrook,Week2,Sleepy Hollow B & R,Week2,317.0 Chesterbrook - 85.0 Sleepy Hollow B & R
Commonwealth,Week5,Little Rocky Run,Week2,291.0 Little Rocky Run - 111.0 Commonwealth
Commonwealth,Week1,Little Hunting Park,Week5,230.0 Little Hunting Park - 168.0 Commonwealth
Cardinal Hill,Week5,Villa Aquatic,Week1,276.5 Cardinal Hill - 125.5 Villa Aquatic
Chesterbrook,Week4,Mosby Woods,Week5,300.0 Chesterbrook - 102.0 Mosby Woods
Chesterbrook,Week5,Sideburn Run,Week2,356.0 Chesterbrook - 46.0 Sideburn Run
Commonwealth,Week3,Lincolnia Park,Week1,276.0 Commonwealth - 118.0 Lincolnia Park
Cardinal Hill,Week5,Villa Aquatic,Week4,256.0 Cardinal Hill - 146.0 Villa Aquatic
Commonwealth,Week1,Mansion House,Week2,281.0 Mansion House - 116.0 Commonwealth
Cardinal Hill,Week5,Villa Aquatic,Week3,225.0 Cardinal Hill - 177.0 Villa Aquatic
Cardinal Hill,Week1,Village West,Week3,299.0 Cardinal Hill - 103.0 Village West
Commonwealth,Week5,Lincolnia Park,Week3,275.0 Commonwealth - 114.0 Lincolnia Park
Commonwealth,Week1,Long Branch,Week2,228.0 Long Branch - 169.0 Commonwealth
Commonwealth,Week5,Herndon,Week3,286.0 Commonwealth - 116.0 Herndon
Commonwealth,Week1,Long Branch,Week5,236.0 Long Branch - 166.0 Commonwealth
Chesterbrook,Week5,Sideburn Run,Week4,347.0 Chesterbrook - 55.0 Sideburn Run
Chesterbrook,Week1,Mosby Woods,Week5,292.0 Chesterbrook - 110.0 Mosby Woods
Chesterbrook,Week1,Sleepy Hollow B & R,Week3,307.0 Chesterbrook - 95.0 Sleepy Hollow B & R
Chesterbrook,Week3,Sideburn Run,Week4,352.0 Chesterbrook - 50.0 Sideburn Run
Commonwealth,Week5,Little Rocky Run,Week1,294.0 Little Rocky Run - 108.0 Commonwealth
Chesterbrook,Week5,Mosby Woods,Week1,287.0 Chesterbrook - 115.0 Mosby Woods
Cardinal Hill,Week1,Village West,Week1,320.0 Cardinal Hill - 82.0 Village West
Commonwealth,Week2,Hiddenbrook,Week2,233.0 Commonwealth - 169.0 Hiddenbrook
Commonwealth,Week1,Hiddenbrook,Week5,264.0 Hiddenbrook - 138.0 Commonwealth
Chesterbrook,Week2,Sleepy Hollow B & R,Week5,314.0 Chesterbrook - 88.0 Sleepy Hollow B & R
Chesterbrook,Week4,Mosby Woods,Week1,281.0 Chesterbrook - 121.0 Mosby Woods
Cardinal Hill,Week1,Village West,Week5,319.0 Cardinal Hill - 83.0 Village West
Commonwealth,Week5,Little Rocky Run,Week5,308.0 Little Rocky Run - 94.0 Commonwealth
Commonwealth,Week2,Hiddenbrook,Week1,221.0 Commonwealth - 181.0 Hiddenbrook
Commonwealth,Week3,Lincolnia Park,Week4,275.0 Commonwealth - 120.0 Lincolnia Park
Chesterbrook,Week4,Sideburn Run,Week2,353.0 Chesterbrook - 49.0 Sideburn Run
Commonwealth,Week3,Long Branch,Week1,215.0 Commonwealth - 187.0 Long Branch
Chesterbrook,Week5,Mosby Woods,Week4,312.0 Chesterbrook - 90.0 Mosby Woods
Commonwealth,Week2,Lincolnia Park,Week5,279.0 Commonwealth - 113.0 Lincolnia Park
Commonwealth,Week1,Little Hunting Park,Week1,206.0 Little Hunting Park - 196.0 Commonwealth
Commonwealth,Week5,Lincolnia Park,Week1,291.0 Commonwealth - 106.0 Lincolnia Park
Commonwealth,Week4,Herndon,Week4,275.0 Commonwealth - 125.0 Herndon
Commonwealth,Week4,Lincolnia Park,Week1,267.0 Commonwealth - 130.0 Lincolnia Park
Commonwealth,Week2,Little Hunting Park,Week1,239.0 Commonwealth - 163.0 Little Hunting Park
Chesterbrook,Week4,Mosby Woods,Week4,308.0 Chesterbrook - 94.0 Mosby Woods
Chesterbrook,Week5,Mosby Woods,Week5,299.0 Chesterbrook - 103.0 Mosby Woods
Commonwealth,Week3,Hiddenbrook,Week5,232.0 Hiddenbrook - 170.0 Commonwealth
Chesterbrook,Week1,Mount Vernon Park,Week1,296.5 Chesterbrook - 105.5 Mount Vernon Park
Commonwealth,Week1,Long Branch,Week1,223.0 Long Branch - 172.0 Commonwealth
Commonwealth,Week2,Long Branch,Week5,201.0 Commonwealth - 201.0 Long Branch
Commonwealth,Week2,Little Hunting Park,Week4,229.0 Commonwealth - 173.0 Little Hunting Park
Chesterbrook,Week3,Sleepy Hollow B & R,Week1,348.0 Chesterbrook - 54.0 Sleepy Hollow B & R
Commonwealth,Week1,Hiddenbrook,Week4,255.0 Hiddenbrook - 146.0 Commonwealth
Chesterbrook,Week2,Mosby Woods,Week2,287.0 Chesterbrook - 115.0 Mosby Woods
Commonwealth,Week2,Hiddenbrook,Week3,219.0 Commonwealth - 183.0 Hiddenbrook
Chesterbrook,Week2,Mosby Woods,Week1,284.0 Chesterbrook - 118.0 Mosby Woods
Commonwealth,Week3,Long Branch,Week4,206.0 Commonwealth - 196.0 Long Branch
Commonwealth,Week5,Lincolnia Park,Week2,287.0 Commonwealth - 105.0 Lincolnia Park
Chesterbrook,Week2,Sleepy Hollow B & R,Week1,340.0 Chesterbrook - 62.0 Sleepy Hollow B & R
Chesterbrook,Week1,Mount Vernon Park,Week2,311.0 Chesterbrook - 91.0 Mount Vernon Park
Commonwealth,Week4,Long Branch,Week1,216.0 Long Branch - 186.0 Commonwealth
Commonwealth,Week1,Hiddenbrook,Week2,197.0 Hiddenbrook - 194.0 Commonwealth
Commonwealth,Week2,Little Hunting Park,Week5,209.0 Commonwealth - 192.0 Little Hunting Park
Commonwealth,Week5,Herndon,Week1,284.0 Commonwealth - 116.0 Herndon
Chesterbrook,Week3,Sideburn Run,Week2,356.0 Chesterbrook - 46.0 Sideburn Run
Chesterbrook,Week3,Sideburn Run,Week1,349.0 Chesterbrook - 53.0 Sideburn Run
Commonwealth,Week3,Long Branch,Week2,205.0 Commonwealth - 197.0 Long Branch
Chesterbrook,Week3,Sideburn Run,Week3,347.0 Chesterbrook - 55.0 Sideburn Run
Chesterbrook,Week1,Hunter Mill,Week2,311.5 Chesterbrook - 90.5 Hunter Mill
Chesterbrook,Week4,Sideburn Run,Week1,335.0 Chesterbrook - 67.0 Sideburn Run
Commonwealth,Week2,Long Branch,Week4,204.0 Commonwealth - 198.0 Long Branch
Chesterbrook,Week3,Hunter Mill,Week2,334.0 Chesterbrook - 68.0 Hunter Mill
Chesterbrook,Week4,Sideburn Run,Week3,341.0 Chesterbrook - 61.0 Sideburn Run
Commonwealth,Week1,Long Branch,Week4,246.0 Long Branch - 156.0 Commonwealth
Chesterbrook,Week3,Mosby Woods,Week5,316.0 Chesterbrook - 86.0 Mosby Woods
Chesterbrook,Week3,Mosby Woods,Week2,303.0 Chesterbrook - 99.0 Mosby Woods
Commonwealth,Week4,Hiddenbrook,Week2,227.0 Commonwealth - 175.0 Hiddenbrook
Chesterbrook,Week3,Mosby Woods,Week3,316.0 Chesterbrook - 86.0 Mosby Woods
Commonwealth,Week1,Little Hunting Park,Week3,210.0 Little Hunting Park - 192.0 Commonwealth
Commonwealth,Week3,Long Branch,Week5,209.0 Long Branch - 193.0 Commonwealth
Commonwealth,Week2,Lincolnia Park,Week3,273.0 Commonwealth - 119.0 Lincolnia Park
Commonwealth,Week2,Long Branch,Week2,208.0 Commonwealth - 194.0 Long Branch
Commonwealth,Week5,Little Rocky Run,Week3,299.0 Little Rocky Run - 103.0 Commonwealth
Commonwealth,Week5,Hiddenbrook,Week3,208.0 Hiddenbrook - 194.0 Commonwealth
Chesterbrook,Week5,Mount Vernon Park,Week1,310.0 Chesterbrook - 92.0 Mount Vernon Park
Chesterbrook,Week2,Hunt Valley,Week3,292.0 Chesterbrook - 110.0 Hunt Valley
Chesterbrook,Week3,Hunt Valley,Week5,325.0 Chesterbrook - 77.0 Hunt Valley
Chesterbrook,Week5,Mosby Woods,Week2,283.0 Chesterbrook - 119.0 Mosby Woods
Commonwealth,Week3,High Point Pool,Week5,267.0 High Point Pool - 134.0 Commonwealth
Commonwealth,Week4,Herndon,Week2,267.0 Commonwealth - 133.0 Herndon
Chesterbrook,Week3,Mosby Woods,Week1,292.0 Chesterbrook - 110.0 Mosby Woods
Chesterbrook,Week4,Sideburn Run,Week5,338.0 Chesterbrook - 64.0 Sideburn Run
Commonwealth,Week2,Lincolnia Park,Week2,279.0 Commonwealth - 113.0 Lincolnia Park
Commonwealth,Week2,Little Hunting Park,Week3,219.0 Commonwealth - 183.0 Little Hunting Park
Commonwealth,Week3,Lincolnia Park,Week2,268.0 Commonwealth - 122.0 Lincolnia Park
Chesterbrook,Week2,Hunter Mill,Week2,319.0 Chesterbrook - 83.0 Hunter Mill
Commonwealth,Week1,Little Hunting Park,Week2,211.0 Little Hunting Park - 189.0 Commonwealth
Chesterbrook,Week5,Mosby Woods,Week3,301.0 Chesterbrook - 101.0 Mosby Woods
Chesterbrook,Week4,Hunt Valley,Week4,304.0 Chesterbrook - 98.0 Hunt Valley
Commonwealth,Week4,Hiddenbrook,Week1,207.0 Hiddenbrook - 195.0 Commonwealth
Commonwealth,Week2,Long Branch,Week3,233.0 Commonwealth - 169.0 Long Branch
Chesterbrook,Week4,Mosby Woods,Week3,301.0 Chesterbrook - 101.0 Mosby Woods
Commonwealth,Week1,Long Branch,Week3,211.0 Long Branch - 190.0 Commonwealth
Commonwealth,Week1,High Point Pool,Week1,266.0 High Point Pool - 135.0 Commonwealth
Commonwealth,Week4,Little Rocky Run,Week5,325.0 Little Rocky Run - 77.0 Commonwealth
Commonwealth,Week1,Hiddenbrook,Week1,253.0 Hiddenbrook - 148.0 Commonwealth
Chesterbrook,Week5,Sideburn Run,Week5,340.0 Chesterbrook - 62.0 Sideburn Run
Chesterbrook,Week1,Sleepy Hollow B & R,Week5,289.5 Chesterbrook - 112.5 Sleepy Hollow B & R
Commonwealth,Week2,Lincolnia Park,Week1,295.0 Commonwealth - 105.0 Lincolnia Park
Chesterbrook,Week5,Sleepy Hollow B & R,Week4,328.0 Chesterbrook - 74.0 Sleepy Hollow B & R
Chesterbrook,Week4,Sideburn Run,Week4,339.0 Chesterbrook - 63.0 Sideburn Run
Chesterbrook,Week1,Sleepy Hollow Rec,Week4,368.0 Chesterbrook - 34.0 Sleepy Hollow Rec
Commonwealth,Week2,Lincolnia Park,Week4,303.0 Commonwealth - 97.0 Lincolnia Park
Chesterbrook,Week2,Hunt Valley,Week2,329.5 Chesterbrook - 72.5 Hunt Valley
Commonwealth,Week1,High Point Pool,Week3,285.0 High Point Pool - 117.0 Commonwealth
Chesterbrook,Week3,Hunter Mill,Week3,328.0 Chesterbrook - 74.0 Hunter Mill
Commonwealth,Week3,Long Branch,Week3,213.0 Commonwealth - 188.0 Long Branch
Commonwealth,Week1,Highland Park,Week1,276.0 Highland Park - 126.0 Commonwealth
Chesterbrook,Week5,Hunt Valley,Week1,316.0 Chesterbrook - 86.0 Hunt Valley
Commonwealth,Week3,Lincolnia Park,Week5,265.0 Commonwealth - 122.0 Lincolnia Park
Commonwealth,Week4,Lincolnia Park,Week2,261.0 Commonwealth - 129.0 Lincolnia Park
Chesterbrook,Week4,Hunter Mill,Week1,331.0 Chesterbrook - 71.0 Hunter Mill
Chesterbrook,Week3,Mount Vernon Park,Week4,331.0 Chesterbrook - 71.0 Mount Vernon Park
Chesterbrook,Week1,Sleepy Hollow Rec,Week5,357.0 Chesterbrook - 45.0 Sleepy Hollow Rec
Commonwealth,Week4,Long Branch,Week3,206.0 Long Branch - 195.0 Commonwealth
Commonwealth,Week5,Long Branch,Week2,204.0 Long Branch - 198.0 Commonwealth
Commonwealth,Week5,High Point Pool,Week3,256.0 High Point Pool - 146.0 Commonwealth
Commonwealth,Week2,High Point Pool,Week4,247.0 High Point Pool - 155.0 Commonwealth
Chesterbrook,Week3,Sleepy Hollow Rec,Week4,385.0 Chesterbrook - 17.0 Sleepy Hollow Rec
Chesterbrook,Week4,Mount Vernon Park,Week5,297.0 Chesterbrook - 105.0 Mount Vernon Park
Chesterbrook,Week2,Mount Vernon Park,Week2,310.0 Chesterbrook - 92.0 Mount Vernon Park
Chesterbrook,Week3,Sleepy Hollow B & R,Week3,340.0 Chesterbrook - 62.0 Sleepy Hollow B & R
Commonwealth,Week4,Long Branch,Week5,222.0 Long Branch - 180.0 Commonwealth
Commonwealth,Week3,Lincolnia Park,Week3,264.0 Commonwealth - 124.0 Lincolnia Park
Chesterbrook,Week4,Sleepy Hollow Rec,Week3,367.0 Chesterbrook - 35.0 Sleepy Hollow Rec
Chesterbrook,Week2,Mount Vernon Park,Week3,295.0 Chesterbrook - 107.0 Mount Vernon Park
Commonwealth,Week4,Lincolnia Park,Week4,270.0 Commonwealth - 128.0 Lincolnia Park
Commonwealth,Week5,Long Branch,Week4,208.0 Long Branch - 194.0 Commonwealth
Commonwealth,Week3,High Point Pool,Week2,281.0 High Point Pool - 121.0 Commonwealth
Chesterbrook,Week5,Hunt Valley,Week2,335.0 Chesterbrook - 67.0 Hunt Valley
Chesterbrook,Week4,Sleepy Hollow Rec,Week1,368.0 Chesterbrook - 34.0 Sleepy Hollow Rec
Chesterbrook,Week5,Fox Hunt,Week4,346.0 Chesterbrook - 56.0 Fox Hunt
Commonwealth,Week5,Hiddenbrook,Week5,213.0 Hiddenbrook - 189.0 Commonwealth
Chesterbrook,Week1,Hunter Mill,Week5,288.0 Chesterbrook - 114.0 Hunter Mill
Commonwealth,Week2,Little Hunting Park,Week2,228.5 Commonwealth - 172.5 Little Hunting Park
Chesterbrook,Week3,Hunt Valley,Week3,315.0 Chesterbrook - 87.0 Hunt Valley
Chesterbrook,Week2,Sleepy Hollow Rec,Week5,370.0 Chesterbrook - 32.0 Sleepy Hollow Rec
Commonwealth,Week2,Mansion House,Week4,221.0 Mansion House - 181.0 Commonwealth
Chesterbrook,Week1,Hunter Mill,Week3,296.0 Chesterbrook - 106.0 Hunter Mill
Commonwealth,Week1,Mansion House,Week1,289.0 Mansion House - 108.0 Commonwealth
Chesterbrook,Week1,Hunter Mill,Week1,311.0 Chesterbrook - 91.0 Hunter Mill
Commonwealth,Week1,Little Hunting Park,Week4,210.0 Little Hunting Park - 191.0 Commonwealth
Commonwealth,Week3,Mansion House,Week3,270.0 Mansion House - 132.0 Commonwealth
Commonwealth,Week5,Lincolnia Park,Week4,291.0 Commonwealth - 109.0 Lincolnia Park
Commonwealth,Week5,Hiddenbrook,Week1,207.0 Commonwealth - 195.0 Hiddenbrook
Commonwealth,Week3,Little Hunting Park,Week5,218.5 Little Hunting Park - 179.5 Commonwealth
Chesterbrook,Week3,Newington Forest,Week2,393.0 Chesterbrook - 9.0 Newington Forest
Chesterbrook,Week3,Hunt Valley,Week4,336.0 Chesterbrook - 66.0 Hunt Valley
Commonwealth,Week5,High Point Pool,Week1,239.0 High Point Pool - 163.0 Commonwealth
Chesterbrook,Week4,Mount Vernon Park,Week1,298.0 Chesterbrook - 104.0 Mount Vernon Park
Chesterbrook,Week3,Sleepy Hollow B & R,Week4,338.0 Chesterbrook - 64.0 Sleepy Hollow B & R
Chesterbrook,Week5,Sleepy Hollow B & R,Week2,321.5 Chesterbrook - 80.5 Sleepy Hollow B & R
Chesterbrook,Week4,Sleepy Hollow B & R,Week5,313.0 Chesterbrook - 89.0 Sleepy Hollow B & R
Chesterbrook,Week3,Fox Mill Estates,Week3,362.0 Chesterbrook - 40.0 Fox Mill Estates
Chesterbrook,Week2,Newington Forest,Week1,388.0 Chesterbrook - 14.0 Newington Forest
Chesterbrook,Week3,Mount Vernon Park,Week3,319.0 Chesterbrook - 83.0 Mount Vernon Park
Commonwealth,Week4,Hiddenbrook,Week4,226.0 Hiddenbrook - 175.0 Commonwealth
Commonwealth,Week2,Mantua,Week2,256.0 Mantua - 146.0 Commonwealth
Chesterbrook,Week1,Sleepy Hollow Rec,Week3,363.0 Chesterbrook - 39.0 Sleepy Hollow Rec
Chesterbrook,Week5,Mount Vernon Park,Week4,320.0 Chesterbrook - 82.0 Mount Vernon Park
Commonwealth,Week4,Little Rocky Run,Week1,308.0 Little Rocky Run - 94.0 Commonwealth
Commonwealth,Week2,Mansion House,Week3,258.0 Mansion House - 144.0 Commonwealth
Commonwealth,Week4,Hiddenbrook,Week5,231.0 Hiddenbrook - 171.0 Commonwealth
Chesterbrook,Week2,Hunter Mill,Week3,308.0 Chesterbrook - 94.0 Hunter Mill
Commonwealth,Week4,Little Hunting Park,Week3,203.0 Little Hunting Park - 199.0 Commonwealth
Chesterbrook,Week2,Fox Mill Estates,Week1,357.0 Chesterbrook - 45.0 Fox Mill Estates
Chesterbrook,Week5,Fox Hunt,Week5,345.5 Chesterbrook - 56.5 Fox Hunt
Chesterbrook,Week5,Sleepy Hollow B & R,Week5,308.0 Chesterbrook - 94.0 Sleepy Hollow B & R
Chesterbrook,Week1,Mount Vernon Park,Week5,279.0 Chesterbrook - 123.0 Mount Vernon Park
Commonwealth,Week2,Little Rocky Run,Week3,303.0 Little Rocky Run - 99.0 Commonwealth
Chesterbrook,Week2,Sleepy Hollow Rec,Week2,379.0 Chesterbrook - 23.0 Sleepy Hollow Rec
Commonwealth,Week3,Little Rocky Run,Week1,297.0 Little Rocky Run - 105.0 Commonwealth
Chesterbrook,Week3,Fox Mill Estates,Week2,357.0 Chesterbrook - 45.0 Fox Mill Estates
Chesterbrook,Week2,Hunt Valley,Week4,309.0 Chesterbrook - 93.0 Hunt Valley
Commonwealth,Week3,Little Rocky Run,Week5,323.0 Little Rocky Run - 79.0 Commonwealth
Commonwealth,Week3,High Point Pool,Week4,266.0 High Point Pool - 136.0 Commonwealth
Commonwealth,Week2,High Point Pool,Week3,241.0 High Point Pool - 161.0 Commonwealth
Chesterbrook,Week4,Sleepy Hollow B & R,Week3,310.0 Chesterbrook - 92.0 Sleepy Hollow B & R
Commonwealth,Week3,Mansion House,Week2,251.0 Mansion House - 151.0 Commonwealth
Commonwealth,Week2,Mansion House,Week2,230.0 Mansion House - 172.0 Commonwealth
Commonwealth,Week2,Little Rocky Run,Week4,311.5 Little Rocky Run - 90.5 Commonwealth
Chesterbrook,Week4,Hunt Valley,Week3,298.0 Chesterbrook - 104.0 Hunt Valley
Chesterbrook,Week5,Mount Vernon Park,Week2,325.0 Chesterbrook - 77.0 Mount Vernon Park
Chesterbrook,Week3,Hunter Mill,Week1,343.0 Chesterbrook - 59.0 Hunter Mill
Commonwealth,Week4,Little Hunting Park,Week2,212.5 Commonwealth - 188.5 Little Hunting Park
Chesterbrook,Week1,Fox Mill Estates,Week5,343.0 Chesterbrook - 59.0 Fox Mill Estates
Chesterbrook,Week2,Mount Vernon Park,Week4,317.0 Chesterbrook - 85.0 Mount Vernon Park
Chesterbrook,Week4,Hunt Valley,Week1,316.0 Chesterbrook - 86.0 Hunt Valley
Chesterbrook,Week2,Sleepy Hollow Rec,Week4,383.0 Chesterbrook - 19.0 Sleepy Hollow Rec
Chesterbrook,Week4,Mount Vernon Park,Week3,301.0 Chesterbrook - 101.0 Mount Vernon Park
Commonwealth,Week4,High Point Pool,Week4,277.0 High Point Pool - 125.0 Commonwealth
Chesterbrook,Week1,Mount Vernon Park,Week3,294.0 Chesterbrook - 108.0 Mount Vernon Park
Chesterbrook,Week5,Fox Mill Estates,Week2,352.0 Chesterbrook - 50.0 Fox Mill Estates
Commonwealth,Week2,Mantua,Week3,284.0 Mantua - 118.0 Commonwealth
Commonwealth,Week5,Hiddenbrook,Week2,239.0 Commonwealth - 163.0 Hiddenbrook
Commonwealth,Week4,High Point Pool,Week5,268.0 High Point Pool - 133.0 Commonwealth
Commonwealth,Week2,Mantua,Week1,263.0 Mantua - 139.0 Commonwealth
Chesterbrook,Week5,Hunt Valley,Week3,303.0 Chesterbrook - 99.0 Hunt Valley
Commonwealth,Week1,Mantua,Week3,323.0 Mantua - 79.0 Commonwealth
Commonwealth,Week1,High Point Pool,Week5,290.0 High Point Pool - 111.0 Commonwealth
Chesterbrook,Week5,Sleepy Hollow B & R,Week1,343.0 Chesterbrook - 59.0 Sleepy Hollow B & R
Chesterbrook,Week2,Fox Mill Estates,Week3,351.0 Chesterbrook - 51.0 Fox Mill Estates
Chesterbrook,Week3,Mount Vernon Park,Week2,329.0 Chesterbrook - 73.0 Mount Vernon Park
Chesterbrook,Week5,Fox Mill Estates,Week5,359.5 Chesterbrook - 42.5 Fox Mill Estates
Commonwealth,Week4,Mansion House,Week5,277.0 Mansion House - 125.0 Commonwealth
Chesterbrook,Week2,Hunt Valley,Week5,299.0 Chesterbrook - 103.0 Hunt Valley
Chesterbrook,Week3,Sleepy Hollow B & R,Week5,325.0 Chesterbrook - 77.0 Sleepy Hollow B & R
Chesterbrook,Week3,Sleepy Hollow B & R,Week2,331.0 Chesterbrook - 71.0 Sleepy Hollow B & R
Commonwealth,Week2,High Point Pool,Week2,254.0 High Point Pool - 148.0 Commonwealth
Commonwealth,Week3,Mansion House,Week4,239.0 Mansion House - 162.0 Commonwealth
Chesterbrook,Week2,Mount Vernon Park,Week1,306.0 Chesterbrook - 96.0 Mount Vernon Park
Commonwealth,Week5,Hiddenbrook,Week4,222.0 Hiddenbrook - 180.0 Commonwealth
Chesterbrook,Week2,Sleepy Hollow Rec,Week3,370.0 Chesterbrook - 32.0 Sleepy Hollow Rec
Commonwealth,Week5,Little Hunting Park,Week4,221.0 Commonwealth - 181.0 Little Hunting Park
Chesterbrook,Week4,Mount Vernon Park,Week2,306.0 Chesterbrook - 96.0 Mount Vernon Park
Chesterbrook,Week4,Fox Hunt,Week5,339.5 Chesterbrook - 62.5 Fox Hunt
Chesterbrook,Week2,Sleepy Hollow Rec,Week1,370.0 Chesterbrook - 32.0 Sleepy Hollow Rec
Commonwealth,Week4,Mansion House,Week2,261.0 Mansion House - 141.0 Commonwealth
Chesterbrook,Week4,Hunt Valley,Week5,300.0 Chesterbrook - 102.0 Hunt Valley
Chesterbrook,Week1,Hunter Mill,Week4,300.0 Chesterbrook - 102.0 Hunter Mill
Commonwealth,Week1,High Point Pool,Week2,299.0 High Point Pool - 103.0 Commonwealth
Chesterbrook,Week5,Fox Hunt,Week2,352.0 Chesterbrook - 50.0 Fox Hunt
Chesterbrook,Week3,Hunt Valley,Week1,338.0 Chesterbrook - 64.0 Hunt Valley
Chesterbrook,Week3,Fox Mill Estates,Week4,357.0 Chesterbrook - 45.0 Fox Mill Estates
Commonwealth,Week2,Mansion House,Week5,256.0 Mansion House - 146.0 Commonwealth
Commonwealth,Week4,Little Hunting Park,Week5,214.0 Little Hunting Park - 184.0 Commonwealth
Commonwealth,Week1,Little Rocky Run,Week4,317.0 Little Rocky Run - 85.0 Commonwealth
Commonwealth,Week3,Little Rocky Run,Week4,322.0 Little Rocky Run - 80.0 Commonwealth
Cardinal Hill,Week3,Sully Station II,Week3,217.0 Sully Station II - 185.0 Cardinal Hill
Commonwealth,Week1,High Point Pool,Week4,280.0 High Point Pool - 122.0 Commonwealth
Chesterbrook,Week4,Mount Vernon Park,Week4,311.5 Chesterbrook - 90.5 Mount Vernon Park
Chesterbrook,Week1,Sleepy Hollow Rec,Week1,363.0 Chesterbrook - 39.0 Sleepy Hollow Rec
Cardinal Hill,Week1,Truro,Week1,301.0 Cardinal Hill - 101.0 Truro
Commonwealth,Week2,Little Rocky Run,Week1,291.5 Little Rocky Run - 110.5 Commonwealth
Chesterbrook,Week1,Fox Mill Estates,Week1,353.0 Chesterbrook - 49.0 Fox Mill Estates
Commonwealth,Week5,Little Hunting Park,Week3,211.0 Commonwealth - 191.0 Little Hunting Park
Commonwealth,Week1,Mansion House,Week3,289.0 Mansion House - 113.0 Commonwealth
Chesterbrook,Week3,Mount Vernon Park,Week1,326.0 Chesterbrook - 76.0 Mount Vernon Park
Commonwealth,Week3,High Point Pool,Week1,252.0 High Point Pool - 150.0 Commonwealth
Commonwealth,Week2,High Point Pool,Week1,232.0 High Point Pool - 170.0 Commonwealth
Commonwealth,Week4,Mansion House,Week1,265.0 Mansion House - 137.0 Commonwealth
Chesterbrook,Week3,Sleepy Hollow Rec,Week1,382.0 Chesterbrook - 20.0 Sleepy Hollow Rec
Chesterbrook,Week1,Newington Forest,Week2,374.0 Chesterbrook - 28.0 Newington Forest
Chesterbrook,Week4,Fox Hunt,Week3,346.0 Chesterbrook - 56.0 Fox Hunt
Chesterbrook,Week3,Hunt Valley,Week2,345.0 Chesterbrook - 57.0 Hunt Valley
Cardinal Hill,Week2,Truro,Week1,277.0 Cardinal Hill - 125.0 Truro
Commonwealth,Week1,Little Rocky Run,Week2,313.0 Little Rocky Run - 89.0 Commonwealth
Chesterbrook,Week4,Fox Hunt,Week4,345.0 Chesterbrook - 57.0 Fox Hunt
Chesterbrook,Week1,Fox Mill Estates,Week4,335.0 Chesterbrook - 67.0 Fox Mill Estates
Chesterbrook,Week4,Sleepy Hollow B & R,Week2,318.0 Chesterbrook - 84.0 Sleepy Hollow B & R
Commonwealth,Week2,High Point Pool,Week5,237.0 High Point Pool - 165.0 Commonwealth
Chesterbrook,Week1,Newington Forest,Week1,376.0 Chesterbrook - 26.0 Newington Forest
Chesterbrook,Week4,Hunt Valley,Week2,324.0 Chesterbrook - 78.0 Hunt Valley
Chesterbrook,Week2,Mount Vernon Park,Week5,298.0 Chesterbrook - 104.0 Mount Vernon Park
Cardinal Hill,Week1,Truro,Week4,287.0 Cardinal Hill - 115.0 Truro
Chesterbrook,Week5,Hunt Valley,Week5,307.0 Chesterbrook - 95.0 Hunt Valley
Commonwealth,Week5,Mansion House,Week4,222.0 Mansion House - 180.0 Commonwealth
Commonwealth,Week3,Little Hunting Park,Week4,221.0 Commonwealth - 180.0 Little Hunting Park
Commonwealth,Week1,Mantua,Week4,313.0 Mantua - 89.0 Commonwealth
Cardinal Hill,Week2,Truro,Week4,274.0 Cardinal Hill - 128.0 Truro
Commonwealth,Week4,Little Hunting Park,Week1,219.0 Commonwealth - 183.0 Little Hunting Park
Chesterbrook,Week4,Fox Hunt,Week2,349.0 Chesterbrook - 53.0 Fox Hunt
Commonwealth,Week4,High Point Pool,Week2,270.0 High Point Pool - 132.0 Commonwealth
Chesterbrook,Week1,Newington Forest,Week4,368.0 Chesterbrook - 29.0 Newington Forest
Chesterbrook,Week3,Mount Vernon Park,Week5,307.0 Chesterbrook - 95.0 Mount Vernon Park
Commonwealth,Week4,Mansion House,Week4,247.0 Mansion House - 155.0 Commonwealth
Commonwealth,Week3,High Point Pool,Week3,267.5 High Point Pool - 134.5 Commonwealth
Chesterbrook,Week4,Sleepy Hollow B & R,Week1,335.0 Chesterbrook - 67.0 Sleepy Hollow B & R
Commonwealth,Week5,Mansion House,Week5,261.0 Mansion House - 141.0 Commonwealth
Chesterbrook,Week1,Sleepy Hollow Rec,Week2,373.0 Chesterbrook - 29.0 Sleepy Hollow Rec
Chesterbrook,Week2,Hunter Mill,Week1,322.0 Chesterbrook - 80.0 Hunter Mill
Commonwealth,Week4,High Point Pool,Week3,267.5 High Point Pool - 134.5 Commonwealth
Cardinal Hill,Week3,Truro,Week1,309.0 Cardinal Hill - 93.0 Truro
Chesterbrook,Week1,Newington Forest,Week5,363.0 Chesterbrook - 39.0 Newington Forest
Chesterbrook,Week4,Fox Hunt,Week1,354.0 Chesterbrook - 48.0 Fox Hunt
Cardinal Hill,Week1,Sully Station II,Week4,220.0 Cardinal Hill - 182.0 Sully Station II
Commonwealth,Week1,Mansion House,Week4,261.0 Mansion House - 136.0 Commonwealth
Chesterbrook,Week2,Fox Mill Estates,Week4,339.0 Chesterbrook - 63.0 Fox Mill Estates
Commonwealth,Week4,High Point Pool,Week1,258.0 High Point Pool - 144.0 Commonwealth
Commonwealth,Week4,Little Hunting Park,Week4,201.0 Little Hunting Park - 200.0 Commonwealth
Chesterbrook,Week2,Hunter Mill,Week4,318.0 Chesterbrook - 84.0 Hunter Mill
Commonwealth,Week5,High Point Pool,Week2,264.0 High Point Pool - 138.0 Commonwealth
Chesterbrook,Week5,Sleepy Hollow B & R,Week3,328.0 Chesterbrook - 74.0 Sleepy Hollow B & R
Chesterbrook,Week4,Sleepy Hollow B & R,Week4,326.0 Chesterbrook - 76.0 Sleepy Hollow B & R
Chesterbrook,Week5,Mount Vernon Park,Week5,299.0 Chesterbrook - 103.0 Mount Vernon Park
Chesterbrook,Week5,Hunt Valley,Week4,316.0 Chesterbrook - 86.0 Hunt Valley
Commonwealth,Week5,Little Hunting Park,Week2,223.0 Commonwealth - 179.0 Little Hunting Park
Commonwealth,Week3,Little Hunting Park,Week3,214.0 Commonwealth - 188.0 Little Hunting Park
Chesterbrook,Week3,Hunter Mill,Week5,327.0 Chesterbrook - 75.0 Hunter Mill
Chesterbrook,Week1,Mount Vernon Park,Week4,309.0 Chesterbrook - 93.0 Mount Vernon Park
Cardinal Hill,Week3,Sully Station II,Week2,215.0 Cardinal Hill - 187.0 Sully Station II
Cardinal Hill,Week2,Sully Station II,Week1,205.0 Sully Station II - 197.0 Cardinal Hill
Chesterbrook,Week5,Fox Hunt,Week3,354.0 Chesterbrook - 48.0 Fox Hunt
Chesterbrook,Week3,Hunter Mill,Week4,335.0 Chesterbrook - 67.0 Hunter Mill
Chesterbrook,Week3,Sleepy Hollow Rec,Week3,377.0 Chesterbrook - 25.0 Sleepy Hollow Rec
Chesterbrook,Week1,Newington Forest,Week3,373.0 Chesterbrook - 29.0 Newington Forest
Chesterbrook,Week2,Hunter Mill,Week5,292.0 Chesterbrook - 110.0 Hunter Mill
Commonwealth,Week1,Mansion House,Week5,293.0 Mansion House - 109.0 Commonwealth
Chesterbrook,Week1,Fox Mill Estates,Week3,350.0 Chesterbrook - 52.0 Fox Mill Estates
Chesterbrook,Week3,Sleepy Hollow Rec,Week2,387.0 Chesterbrook - 15.0 Sleepy Hollow Rec
Commonwealth,Week5,High Point Pool,Week4,258.0 High Point Pool - 144.0 Commonwealth
Chesterbrook,Week1,Fox Mill Estates,Week2,343.0 Chesterbrook - 59.0 Fox Mill Estates
Commonwealth,Week1,Little Rocky Run,Week3,323.0 Little Rocky Run - 79.0 Commonwealth
Commonwealth,Week1,Mantua,Week1,292.0 Mantua - 103.0 Commonwealth
Cardinal Hill,Week4,Sully Station II,Week3,241.0 Sully Station II - 161.0 Cardinal Hill
Cardinal Hill,Week2,Sully Station II,Week4,209.0 Cardinal Hill - 193.0 Sully Station II
Chesterbrook,Week4,Ilda Community,Week1,374.0 Chesterbrook - 27.0 Ilda Community
Commonwealth,Week2,Highland Park,Week4,252.0 Highland Park - 150.0 Commonwealth
Chesterbrook,Week3,Sleepy Hollow Rec,Week5,373.0 Chesterbrook - 29.0 Sleepy Hollow Rec
Chesterbrook,Week2,Ilda Community,Week4,379.0 Chesterbrook - 23.0 Ilda Community
Commonwealth,Week3,Highland Park,Week3,226.0 Highland Park - 176.0 Commonwealth
Chesterbrook,Week4,Sleepy Hollow Rec,Week2,378.0 Chesterbrook - 24.0 Sleepy Hollow Rec
Commonwealth,Week5,Little Hunting Park,Week5,203.0 Commonwealth - 198.0 Little Hunting Park
Commonwealth,Week3,Mansion House,Week1,270.0 Mansion House - 132.0 Commonwealth
Chesterbrook,Week2,Newington Forest,Week2,380.0 Chesterbrook - 22.0 Newington Forest
Chesterbrook,Week4,Somerset-Olde Creek,Week1,379.0 Chesterbrook - 22.0 Somerset-Olde Creek
Cardinal Hill,Week2,Sully Station II,Week3,247.0 Sully Station II - 155.0 Cardinal Hill
Chesterbrook,Week2,Newington Forest,Week4,381.0 Chesterbrook - 21.0 Newington Forest
Commonwealth,Week3,Little Hunting Park,Week2,226.0 Commonwealth - 175.0 Little Hunting Park
Commonwealth,Week5,Mansion House,Week1,251.0 Mansion House - 151.0 Commonwealth
Cardinal Hill,Week5,Sully Station II,Week4,220.0 Cardinal Hill - 182.0 Sully Station II
Commonwealth,Week3,Mansion House,Week5,274.0 Mansion House - 128.0 Commonwealth
Chesterbrook,Week5,Fox Hunt,Week1,360.0 Chesterbrook - 42.0 Fox Hunt
Chesterbrook,Week3,Fox Mill Estates,Week1,363.0 Chesterbrook - 39.0 Fox Mill Estates
Commonwealth,Week2,Mansion House,Week1,246.0 Mansion House - 156.0 Commonwealth
Commonwealth,Week5,High Point Pool,Week5,254.0 High Point Pool - 148.0 Commonwealth
Chesterbrook,Week2,Fox Mill Estates,Week5,350.0 Chesterbrook - 52.0 Fox Mill Estates
Chesterbrook,Week5,Hunter Mill,Week3,316.0 Chesterbrook - 86.0 Hunter Mill
Chesterbrook,Week1,Somerset-Olde Creek,Week1,374.0 Chesterbrook - 28.0 Somerset-Olde Creek
Commonwealth,Week1,Little Rocky Run,Week1,315.0 Little Rocky Run - 87.0 Commonwealth
Chesterbrook,Week2,Newington Forest,Week3,385.0 Chesterbrook - 17.0 Newington Forest
Chesterbrook,Week4,Fox Mill Estates,Week1,368.0 Chesterbrook - 34.0 Fox Mill Estates
Chesterbrook,Week4,Somerset-Olde Creek,Week4,387.0 Chesterbrook - 15.0 Somerset-Olde Creek
Commonwealth,Week4,Mansion House,Week3,280.0 Mansion House - 122.0 Commonwealth
Commonwealth,Week5,Mansion House,Week3,262.0 Mansion House - 140.0 Commonwealth
Chesterbrook,Week4,Ilda Community,Week5,384.0 Chesterbrook - 17.0 Ilda Community
Cardinal Hill,Week5,Sully Station II,Week1,204.0 Sully Station II - 198.0 Cardinal Hill
Chesterbrook,Week4,Somerset-Olde Creek,Week5,378.0 Chesterbrook - 24.0 Somerset-Olde Creek
Commonwealth,Week1,Highlands Swim,Week5,321.0 Highlands Swim - 81.0 Commonwealth
Commonwealth,Week5,Little Hunting Park,Week1,222.0 Commonwealth - 180.0 Little Hunting Park
Chesterbrook,Week2,Newington Forest,Week5,380.0 Chesterbrook - 22.0 Newington Forest
Chesterbrook,Week4,Ilda Community,Week3,382.0 Chesterbrook - 20.0 Ilda Community
Commonwealth,Week2,Highland Park,Week3,209.0 Highland Park - 193.0 Commonwealth
Chesterbrook,Week4,Fox Mill Estates,Week2,356.0 Chesterbrook - 46.0 Fox Mill Estates
Chesterbrook,Week2,Fox Mill Estates,Week2,351.0 Chesterbrook - 51.0 Fox Mill Estates
Commonwealth,Week2,Little Rocky Run,Week2,287.0 Little Rocky Run - 115.0 Commonwealth
Commonwealth,Week1,Mantua,Week2,291.0 Mantua - 105.0 Commonwealth
Cardinal Hill,Week1,Truro,Week2,325.0 Cardinal Hill - 77.0 Truro
Chesterbrook,Week4,Ilda Community,Week4,384.0 Chesterbrook - 18.0 Ilda Community
Commonwealth,Week2,Little Rocky Run,Week5,316.0 Little Rocky Run - 86.0 Commonwealth
Chesterbrook,Week5,Somerset-Olde Creek,Week2,384.0 Chesterbrook - 18.0 Somerset-Olde Creek
Commonwealth,Week1,Little Rocky Run,Week5,331.0 Little Rocky Run - 66.0 Commonwealth
Commonwealth,Week2,Highland Park,Week2,233.0 Highland Park - 169.0 Commonwealth
Chesterbrook,Week5,Mount Vernon Park,Week3,310.0 Chesterbrook - 92.0 Mount Vernon Park
Chesterbrook,Week4,Hunter Mill,Week3,316.0 Chesterbrook - 86.0 Hunter Mill
Chesterbrook,Week3,Newington Forest,Week1,394.5 Chesterbrook - 7.5 Newington Forest
Cardinal Hill,Week4,Sully Station II,Week4,219.0 Cardinal Hill - 183.0 Sully Station II
Cardinal Hill,Week2,Sully Station II,Week5,248.0 Sully Station II - 154.0 Cardinal Hill
Chesterbrook,Week3,Fox Mill Estates,Week5,359.0 Chesterbrook - 43.0 Fox Mill Estates
Commonwealth,Week4,Highland Park,Week3,240.0 Highland Park - 162.0 Commonwealth
Chesterbrook,Week3,Newington Forest,Week4,393.0 Chesterbrook - 9.0 Newington Forest
Commonwealth,Week3,Highland Park,Week5,242.0 Highland Park - 160.0 Commonwealth
Chesterbrook,Week2,Fairfax Club Estates,Week5,360.0 Chesterbrook - 42.0 Fairfax Club Estates
Chesterbrook,Week3,Newington Forest,Week3,392.5 Chesterbrook - 9.5 Newington Forest
Chesterbrook,Week5,Fairfax,Week3,279.0 Chesterbrook - 123.0 Fairfax
Chesterbrook,Week4,Hunter Mill,Week2,325.0 Chesterbrook - 77.0 Hunter Mill
Commonwealth,Week3,Little Rocky Run,Week3,326.0 Little Rocky Run - 76.0 Commonwealth
Chesterbrook,Week4,Fox Mill Estates,Week4,353.0 Chesterbrook - 49.0 Fox Mill Estates
Cardinal Hill,Week2,Sully Station II,Week2,234.0 Sully Station II - 168.0 Cardinal Hill
Cardinal Hill,Week5,Sully Station II,Week3,223.0 Sully Station II - 179.0 Cardinal Hill
Commonwealth,Week5,Mansion House,Week2,235.0 Mansion House - 167.0 Commonwealth
Chesterbrook,Week5,Fox Mill Estates,Week4,346.5 Chesterbrook - 55.5 Fox Mill Estates
Commonwealth,Week4,Little Rocky Run,Week2,304.0 Little Rocky Run - 98.0 Commonwealth
Chesterbrook,Week4,Fox Mill Estates,Week5,360.0 Chesterbrook - 42.0 Fox Mill Estates
Commonwealth,Week2,Mantua,Week5,293.0 Mantua - 109.0 Commonwealth
Commonwealth,Week3,Little Rocky Run,Week2,302.0 Little Rocky Run - 100.0 Commonwealth
Commonwealth,Week4,Little Rocky Run,Week3,326.0 Little Rocky Run - 76.0 Commonwealth
Cardinal Hill,Week3,Sully Station II,Week1,237.0 Cardinal Hill - 165.0 Sully Station II
Chesterbrook,Week5,Hunter Mill,Week1,335.0 Chesterbrook - 67.0 Hunter Mill
Chesterbrook,Week4,Somerset-Olde Creek,Week2,381.0 Chesterbrook - 21.0 Somerset-Olde Creek
Commonwealth,Week4,Highland Park,Week1,275.0 Highland Park - 127.0 Commonwealth
Chesterbrook,Week3,Fairfax,Week4,321.0 Chesterbrook - 81.0 Fairfax
Chesterbrook,Week4,Fox Mill Estates,Week3,354.0 Chesterbrook - 48.0 Fox Mill Estates
Commonwealth,Week5,Mantua,Week1,265.0 Mantua - 136.0 Commonwealth
Commonwealth,Week1,Highlands Swim,Week2,332.0 Highlands Swim - 70.0 Commonwealth
Chesterbrook,Week5,Hunter Mill,Week2,330.0 Chesterbrook - 72.0 Hunter Mill
Chesterbrook,Week1,Ilda Community,Week3,364.0 Chesterbrook - 38.0 Ilda Community
Chesterbrook,Week4,Newington Forest,Week1,387.0 Chesterbrook - 15.0 Newington Forest
Chesterbrook,Week4,Newington Forest,Week3,378.0 Chesterbrook - 24.0 Newington Forest
Chesterbrook,Week2,Somerset-Olde Creek,Week5,369.0 Chesterbrook - 33.0 Somerset-Olde Creek
Chesterbrook,Week4,Fairfax,Week5,270.0 Chesterbrook - 132.0 Fairfax
Chesterbrook,Week4,Sleepy Hollow Rec,Week5,367.0 Chesterbrook - 35.0 Sleepy Hollow Rec
Cardinal Hill,Week4,Sully Station II,Week2,228.0 Sully Station II - 174.0 Cardinal Hill
Commonwealth,Week4,Little Rocky Run,Week4,319.0 Little Rocky Run - 83.0 Commonwealth
Chesterbrook,Week2,Somerset-Olde Creek,Week4,381.0 Chesterbrook - 21.0 Somerset-Olde Creek
Chesterbrook,Week4,Newington Forest,Week2,378.0 Chesterbrook - 24.0 Newington Forest
Chesterbrook,Week3,Newington Forest,Week5,384.0 Chesterbrook - 18.0 Newington Forest
Chesterbrook,Week3,Somerset-Olde Creek,Week1,382.0 Chesterbrook - 20.0 Somerset-Olde Creek
Commonwealth,Week1,Highland Park,Week4,291.0 Highland Park - 111.0 Commonwealth
Commonwealth,Week5,Highland Park,Week2,252.0 Highland Park - 150.0 Commonwealth
Commonwealth,Week1,Mantua,Week5,329.0 Mantua - 73.0 Commonwealth
Commonwealth,Week1,McLean,Week2,333.0 McLean - 69.0 Commonwealth
Chesterbrook,Week4,Hunter Mill,Week4,319.0 Chesterbrook - 83.0 Hunter Mill
Cardinal Hill,Week5,Sully Station II,Week2,218.0 Sully Station II - 184.0 Cardinal Hill
Chesterbrook,Week5,Fox Mill Estates,Week1,358.0 Chesterbrook - 44.0 Fox Mill Estates
Chesterbrook,Week3,Fairfax,Week3,298.0 Chesterbrook - 104.0 Fairfax
Chesterbrook,Week1,Somerset-Olde Creek,Week2,371.0 Chesterbrook - 31.0 Somerset-Olde Creek
Chesterbrook,Week4,Fox Mill Woods,Week4,305.0 Chesterbrook - 97.0 Fox Mill Woods
Chesterbrook,Week3,Ilda Community,Week4,385.0 Chesterbrook - 17.0 Ilda Community
Commonwealth,Week1,Highlands Swim,Week1,326.0 Highlands Swim - 76.0 Commonwealth
Chesterbrook,Week1,Ilda Community,Week4,364.0 Chesterbrook - 38.0 Ilda Community
Commonwealth,Week2,Highlands Swim,Week3,320.0 Highlands Swim - 82.0 Commonwealth
Cardinal Hill,Week4,Sully Station II,Week1,203.0 Cardinal Hill - 199.0 Sully Station II
Cardinal Hill,Week3,Sully Station II,Week4,244.0 Cardinal Hill - 158.0 Sully Station II
Chesterbrook,Week2,Somerset-Olde Creek,Week2,376.0 Chesterbrook - 26.0 Somerset-Olde Creek
Commonwealth,Week2,McLean,Week2,311.0 McLean - 91.0 Commonwealth
Chesterbrook,Week5,Fairfax,Week5,274.0 Chesterbrook - 128.0 Fairfax
Chesterbrook,Week4,Newington Forest,Week5,363.0 Chesterbrook - 39.0 Newington Forest
Chesterbrook,Week2,Ilda Community,Week5,381.0 Chesterbrook - 21.0 Ilda Community
Commonwealth,Week3,McLean,Week4,313.0 McLean - 88.0 Commonwealth
Commonwealth,Week5,Highlands Swim,Week3,319.0 Highlands Swim - 83.0 Commonwealth
Chesterbrook,Week5,Fox Mill Estates,Week3,355.0 Chesterbrook - 47.0 Fox Mill Estates
Commonwealth,Week3,McLean,Week3,320.0 McLean - 81.0 Commonwealth
Cardinal Hill,Week3,Sully Station II,Week5,229.0 Sully Station II - 173.0 Cardinal Hill
Commonwealth,Week1,Highland Park,Week5,276.5 Highland Park - 125.5 Commonwealth
Commonwealth,Week2,Highland Park,Week1,238.0 Highland Park - 164.0 Commonwealth
Chesterbrook,Week2,Somerset-Olde Creek,Week1,376.0 Chesterbrook - 26.0 Somerset-Olde Creek
Chesterbrook,Week5,Fox Mill Woods,Week2,315.0 Chesterbrook - 87.0 Fox Mill Woods
Chesterbrook,Week4,Newington Forest,Week4,373.0 Chesterbrook - 29.0 Newington Forest
Chesterbrook,Week5,Newington Forest,Week1,391.0 Chesterbrook - 10.0 Newington Forest
Commonwealth,Week1,Hollin Hills,Week2,234.0 Commonwealth - 158.0 Hollin Hills
Commonwealth,Week4,Highlands Swim,Week4,321.0 Highlands Swim - 81.0 Commonwealth
Commonwealth,Week5,Highland Park,Week1,253.0 Highland Park - 149.0 Commonwealth
Chesterbrook,Week3,Ilda Community,Week5,389.0 Chesterbrook - 13.0 Ilda Community
Chesterbrook,Week4,Fox Mill Woods,Week3,314.0 Chesterbrook - 88.0 Fox Mill Woods
Chesterbrook,Week5,Hunter Mill,Week4,328.0 Chesterbrook - 74.0 Hunter Mill
Cardinal Hill,Week1,Sully Station II,Week5,246.0 Sully Station II - 156.0 Cardinal Hill
Chesterbrook,Week2,Fairfax,Week4,302.0 Chesterbrook - 100.0 Fairfax
Chesterbrook,Week3,Somerset-Olde Creek,Week4,383.0 Chesterbrook - 19.0 Somerset-Olde Creek
Chesterbrook,Week5,Sleepy Hollow Rec,Week1,375.0 Chesterbrook - 27.0 Sleepy Hollow Rec
Chesterbrook,Week5,Somerset-Olde Creek,Week5,374.0 Chesterbrook - 28.0 Somerset-Olde Creek
Chesterbrook,Week5,Fox Mill Woods,Week4,308.0 Chesterbrook - 94.0 Fox Mill Woods
Cardinal Hill,Week5,Sully Station II,Week5,233.0 Sully Station II - 169.0 Cardinal Hill
Commonwealth,Week2,Hollin Hills,Week5,293.0 Commonwealth - 106.0 Hollin Hills
Commonwealth,Week5,Highland Park,Week5,245.0 Highland Park - 157.0 Commonwealth
Chesterbrook,Week1,Fairfax Club Estates,Week2,357.0 Chesterbrook - 45.0 Fairfax Club Estates
Chesterbrook,Week5,Newington Forest,Week4,382.0 Chesterbrook - 20.0 Newington Forest
Commonwealth,Week5,Mantua,Week5,294.0 Mantua - 108.0 Commonwealth
Chesterbrook,Week4,Hunter Mill,Week5,303.0 Chesterbrook - 99.0 Hunter Mill
Chesterbrook,Week5,Newington Forest,Week2,384.0 Chesterbrook - 17.0 Newington Forest
Commonwealth,Week3,Mantua,Week3,315.0 Mantua - 87.0 Commonwealth
Commonwealth,Week2,Hollin Hills,Week2,290.0 Commonwealth - 106.0 Hollin Hills
Commonwealth,Week4,Mantua,Week1,284.0 Mantua - 116.0 Commonwealth
Commonwealth,Week4,Highland Park,Week2,279.0 Highland Park - 123.0 Commonwealth
Chesterbrook,Week2,Fairfax,Week5,271.0 Chesterbrook - 131.0 Fairfax
Cardinal Hill,Week4,Sully Station II,Week5,235.0 Sully Station II - 167.0 Cardinal Hill
Chesterbrook,Week5,Newington Forest,Week3,390.0 Chesterbrook - 12.0 Newington Forest
Chesterbrook,Week1,Great Falls,Week1,340.0 Chesterbrook - 62.0 Great Falls
Chesterbrook,Week1,Ilda Community,Week1,363.0 Chesterbrook - 39.0 Ilda Community
Chesterbrook,Week5,Sleepy Hollow Rec,Week4,378.0 Chesterbrook - 24.0 Sleepy Hollow Rec
Cardinal Hill,Week1,Truro,Week3,311.0 Cardinal Hill - 91.0 Truro
Chesterbrook,Week5,Sleepy Hollow Rec,Week2,380.0 Chesterbrook - 22.0 Sleepy Hollow Rec
Chesterbrook,Week3,Fairfax,Week2,302.0 Chesterbrook - 100.0 Fairfax
Commonwealth,Week3,Highland Park,Week2,252.0 Highland Park - 150.0 Commonwealth
Commonwealth,Week3,Highlands Swim,Week3,332.0 Highlands Swim - 70.0 Commonwealth
Chesterbrook,Week5,Fairfax,Week2,275.0 Chesterbrook - 127.0 Fairfax
Chesterbrook,Week1,Fox Mill Woods,Week3,297.0 Chesterbrook - 105.0 Fox Mill Woods
Commonwealth,Week3,Highland Park,Week1,250.0 Highland Park - 152.0 Commonwealth
Chesterbrook,Week5,Sleepy Hollow Rec,Week5,370.0 Chesterbrook - 32.0 Sleepy Hollow Rec
Chesterbrook,Week1,Fairfax Club Estates,Week1,344.0 Chesterbrook - 58.0 Fairfax Club Estates
Cardinal Hill,Week2,Truro,Week3,297.0 Cardinal Hill - 105.0 Truro
Chesterbrook,Week2,Ilda Community,Week2,386.0 Chesterbrook - 16.0 Ilda Community
Commonwealth,Week3,Hollin Hills,Week3,276.0 Commonwealth - 123.0 Hollin Hills
Commonwealth,Week4,Highland Park,Week5,273.0 Highland Park - 129.0 Commonwealth
Cardinal Hill,Week2,Truro,Week2,302.0 Cardinal Hill - 95.0 Truro
Commonwealth,Week5,Dominion Hills,Week5,252.0 Dominion Hills - 150.0 Commonwealth
Chesterbrook,Week4,Fairfax,Week1,302.0 Chesterbrook - 100.0 Fairfax
Chesterbrook,Week5,Fox Mill Woods,Week5,304.0 Chesterbrook - 98.0 Fox Mill Woods
Commonwealth,Week1,Highland Park,Week3,255.0 Highland Park - 147.0 Commonwealth
Chesterbrook,Week2,Fox Mill Woods,Week4,307.0 Chesterbrook - 95.0 Fox Mill Woods
Commonwealth,Week1,McLean,Week3,324.0 McLean - 72.0 Commonwealth
Commonwealth,Week5,Highlands Swim,Week2,331.0 Highlands Swim - 71.0 Commonwealth
Commonwealth,Week2,McLean,Week3,301.0 McLean - 101.0 Commonwealth
Commonwealth,Week5,Dominion Hills,Week4,255.0 Dominion Hills - 147.0 Commonwealth
Chesterbrook,Week5,Sleepy Hollow Rec,Week3,371.0 Chesterbrook - 31.0 Sleepy Hollow Rec
Commonwealth,Week1,Donaldson Run,Week3,333.0 Donaldson Run - 69.0 Commonwealth
Chesterbrook,Week1,Somerset-Olde Creek,Week3,374.0 Chesterbrook - 28.0 Somerset-Olde Creek
Commonwealth,Week4,Mantua,Week3,319.0 Mantua - 83.0 Commonwealth
Cardinal Hill,Week2,Truro,Week5,270.0 Cardinal Hill - 127.0 Truro
Chesterbrook,Week3,Somerset-Olde Creek,Week3,385.0 Chesterbrook - 17.0 Somerset-Olde Creek
Chesterbrook,Week1,Ilda Community,Week2,370.0 Chesterbrook - 32.0 Ilda Community
Commonwealth,Week3,Highland Park,Week4,266.0 Highland Park - 136.0 Commonwealth
Chesterbrook,Week2,Ilda Community,Week1,370.0 Chesterbrook - 32.0 Ilda Community
Commonwealth,Week5,Mantua,Week3,304.0 Mantua - 98.0 Commonwealth
Commonwealth,Week1,Hollin Hills,Week4,231.0 Commonwealth - 161.0 Hollin Hills
Commonwealth,Week2,Hollin Hills,Week1,285.0 Commonwealth - 112.0 Hollin Hills
Chesterbrook,Week1,Fairfax Club Estates,Week3,360.0 Chesterbrook - 42.0 Fairfax Club Estates
Commonwealth,Week3,Mantua,Week2,276.0 Mantua - 125.0 Commonwealth
Chesterbrook,Week1,Ilda Community,Week5,371.5 Chesterbrook - 30.5 Ilda Community
Chesterbrook,Week1,Great Falls,Week3,334.0 Chesterbrook - 68.0 Great Falls
Commonwealth,Week2,Donaldson Run,Week3,316.0 Donaldson Run - 86.0 Commonwealth
Chesterbrook,Week4,Fairfax,Week3,271.0 Chesterbrook - 131.0 Fairfax
Chesterbrook,Week1,Great Falls,Week4,341.0 Chesterbrook - 61.0 Great Falls
Commonwealth,Week5,Mantua,Week4,283.0 Mantua - 119.0 Commonwealth
Cardinal Hill,Week1,Truro,Week5,294.0 Cardinal Hill - 108.0 Truro
Commonwealth,Week4,Highlands Swim,Week3,333.0 Highlands Swim - 69.0 Commonwealth
Commonwealth,Week2,Donaldson Run,Week2,309.0 Donaldson Run - 93.0 Commonwealth
Commonwealth,Week2,Highlands Swim,Week4,313.0 Highlands Swim - 89.0 Commonwealth
Chesterbrook,Week4,Sleepy Hollow Rec,Week4,377.0 Chesterbrook - 25.0 Sleepy Hollow Rec
Commonwealth,Week3,Donaldson Run,Week2,329.0 Donaldson Run - 73.0 Commonwealth
Chesterbrook,Week5,Hunter Mill,Week5,313.0 Chesterbrook - 89.0 Hunter Mill
Commonwealth,Week2,Dominion Hills,Week4,235.0 Dominion Hills - 166.0 Commonwealth
Chesterbrook,Week1,Somerset-Olde Creek,Week4,372.0 Chesterbrook - 25.0 Somerset-Olde Creek
Commonwealth,Week5,Highland Park,Week4,258.0 Highland Park - 144.0 Commonwealth
Cardinal Hill,Week4,Truro,Week4,288.0 Cardinal Hill - 114.0 Truro
Commonwealth,Week5,Highland Park,Week3,242.0 Highland Park - 160.0 Commonwealth
Commonwealth,Week3,Highlands Swim,Week2,342.0 Highlands Swim - 60.0 Commonwealth
Commonwealth,Week3,McLean,Week1,311.0 McLean - 91.0 Commonwealth
Chesterbrook,Week1,Great Falls,Week2,318.5 Chesterbrook - 65.5 Great Falls
Cardinal Hill,Week3,Truro,Week2,335.0 Cardinal Hill - 67.0 Truro
Cardinal Hill,Week4,Truro,Week2,314.0 Cardinal Hill - 87.0 Truro
Chesterbrook,Week4,Fairfax,Week2,275.0 Chesterbrook - 127.0 Fairfax
Chesterbrook,Week2,Ilda Community,Week3,375.0 Chesterbrook - 27.0 Ilda Community
Chesterbrook,Week3,Fairfax,Week5,294.0 Chesterbrook - 108.0 Fairfax
Commonwealth,Week1,McLean,Week5,329.0 McLean - 73.0 Commonwealth
Commonwealth,Week2,Highland Park,Week5,240.0 Highland Park - 162.0 Commonwealth
Commonwealth,Week2,McLean,Week5,309.0 McLean - 93.0 Commonwealth
Chesterbrook,Week1,Fox Mill Woods,Week4,296.0 Chesterbrook - 106.0 Fox Mill Woods
Chesterbrook,Week4,Fairfax,Week4,294.0 Chesterbrook - 108.0 Fairfax
Chesterbrook,Week3,Ilda Community,Week1,378.0 Chesterbrook - 24.0 Ilda Community
Chesterbrook,Week2,Fox Mill Woods,Week1,291.0 Chesterbrook - 111.0 Fox Mill Woods
Commonwealth,Week1,Highland Park,Week2,280.0 Highland Park - 122.0 Commonwealth
Cardinal Hill,Week5,Truro,Week1,286.0 Cardinal Hill - 115.0 Truro
Chesterbrook,Week2,Fox Mill Woods,Week3,305.0 Chesterbrook - 97.0 Fox Mill Woods
Chesterbrook,Week3,Somerset-Olde Creek,Week5,381.0 Chesterbrook - 21.0 Somerset-Olde Creek
Commonwealth,Week5,Highlands Swim,Week4,308.0 Highlands Swim - 94.0 Commonwealth
Chesterbrook,Week3,Somerset-Olde Creek,Week2,381.0 Chesterbrook - 21.0 Somerset-Olde Creek
Chesterbrook,Week4,Ilda Community,Week2,388.0 Chesterbrook - 14.0 Ilda Community
Chesterbrook,Week2,Fox Mill Woods,Week5,299.0 Chesterbrook - 103.0 Fox Mill Woods
Chesterbrook,Week3,Ilda Community,Week3,386.0 Chesterbrook - 16.0 Ilda Community
Commonwealth,Week1,McLean,Week4,317.5 McLean - 84.5 Commonwealth
Commonwealth,Week2,Donaldson Run,Week1,314.0 Donaldson Run - 88.0 Commonwealth
Commonwealth,Week1,Highlands Swim,Week3,321.0 Highlands Swim - 81.0 Commonwealth
Commonwealth,Week3,Dominion Hills,Week5,259.0 Dominion Hills - 143.0 Commonwealth
Commonwealth,Week2,Hollin Hills,Week4,293.0 Commonwealth - 102.0 Hollin Hills
Chesterbrook,Week1,Fairfax Club Estates,Week5,361.0 Chesterbrook - 36.0 Fairfax Club Estates
Commonwealth,Week2,McLean,Week4,297.0 McLean - 105.0 Commonwealth
Commonwealth,Week1,Hollin Hills,Week5,231.5 Commonwealth - 154.5 Hollin Hills
Chesterbrook,Week5,Fairfax,Week1,307.0 Chesterbrook - 95.0 Fairfax
Chesterbrook,Week1,Somerset-Olde Creek,Week5,366.0 Chesterbrook - 36.0 Somerset-Olde Creek
Chesterbrook,Week5,Fairfax,Week4,298.0 Chesterbrook - 104.0 Fairfax
Chesterbrook,Week4,Fox Mill Woods,Week2,323.0 Chesterbrook - 79.0 Fox Mill Woods
Cardinal Hill,Week4,Truro,Week5,292.0 Cardinal Hill - 110.0 Truro
Commonwealth,Week2,Donaldson Run,Week5,326.0 Donaldson Run - 76.0 Commonwealth
Commonwealth,Week1,Highlands Swim,Week4,314.0 Highlands Swim - 88.0 Commonwealth
Cardinal Hill,Week3,Truro,Week4,303.0 Cardinal Hill - 99.0 Truro
Chesterbrook,Week3,Ilda Community,Week2,393.5 Chesterbrook - 8.5 Ilda Community
Commonwealth,Week4,Dominion Hills,Week1,242.0 Dominion Hills - 160.0 Commonwealth
Commonwealth,Week2,Highlands Swim,Week2,329.0 Highlands Swim - 73.0 Commonwealth
Commonwealth,Week1,McLean,Week1,317.0 McLean - 85.0 Commonwealth
Cardinal Hill,Week1,Tuckahoe,Week1,282.0 Tuckahoe - 120.0 Cardinal Hill
Chesterbrook,Week2,Fairfax Club Estates,Week3,367.0 Chesterbrook - 35.0 Fairfax Club Estates
Commonwealth,Week4,Highland Park,Week4,279.0 Highland Park - 123.0 Commonwealth
Chesterbrook,Week5,Somerset-Olde Creek,Week3,386.5 Chesterbrook - 15.5 Somerset-Olde Creek
Chesterbrook,Week3,South Run,Week2,350.0 Chesterbrook - 52.0 South Run
Commonwealth,Week4,Highlands Swim,Week5,325.0 Highlands Swim - 77.0 Commonwealth
Commonwealth,Week2,Dunn Loring,Week4,309.0 Dunn Loring - 93.0 Commonwealth
Commonwealth,Week4,Hollin Hills,Week4,271.0 Commonwealth - 127.0 Hollin Hills
Commonwealth,Week2,Dominion Hills,Week5,241.5 Dominion Hills - 160.5 Commonwealth
Chesterbrook,Week2,Fairfax Club Estates,Week1,359.0 Chesterbrook - 43.0 Fairfax Club Estates
Chesterbrook,Week2,Fairfax Club Estates,Week2,379.0 Chesterbrook - 23.0 Fairfax Club Estates
Chesterbrook,Week2,Somerset-Olde Creek,Week3,378.0 Chesterbrook - 24.0 Somerset-Olde Creek
Chesterbrook,Week3,Fox Mill Woods,Week4,324.5 Chesterbrook - 77.5 Fox Mill Woods
Commonwealth,Week2,Mantua,Week4,276.0 Mantua - 126.0 Commonwealth
Chesterbrook,Week4,Somerset-Olde Creek,Week3,387.0 Chesterbrook - 15.0 Somerset-Olde Creek
Commonwealth,Week5,Hollin Hills,Week3,278.0 Commonwealth - 123.0 Hollin Hills
Cardinal Hill,Week5,Truro,Week5,286.0 Cardinal Hill - 115.0 Truro
Cardinal Hill,Week4,Truro,Week1,287.0 Cardinal Hill - 115.0 Truro
Commonwealth,Week3,Mantua,Week5,313.0 Mantua - 89.0 Commonwealth
Commonwealth,Week4,Mantua,Week2,287.0 Mantua - 109.0 Commonwealth
Chesterbrook,Week4,High Point Pool,Week5,317.0 Chesterbrook - 85.0 High Point Pool
Commonwealth,Week5,Dominion Hills,Week3,213.0 Dominion Hills - 189.0 Commonwealth
Chesterbrook,Week2,Fox Mill Woods,Week2,316.0 Chesterbrook - 86.0 Fox Mill Woods
Commonwealth,Week4,Highlands Swim,Week2,344.5 Highlands Swim - 57.5 Commonwealth
Chesterbrook,Week2,Highland Park,Week1,339.0 Chesterbrook - 63.0 Highland Park
Chesterbrook,Week3,Fairfax,Week1,314.0 Chesterbrook - 88.0 Fairfax
Chesterbrook,Week5,High Point Pool,Week5,331.0 Chesterbrook - 71.0 High Point Pool
Commonwealth,Week4,Dunn Loring,Week5,322.0 Dunn Loring - 80.0 Commonwealth
Commonwealth,Week3,Donaldson Run,Week1,330.0 Donaldson Run - 72.0 Commonwealth
Commonwealth,Week3,Mantua,Week1,285.0 Mantua - 114.0 Commonwealth
Chesterbrook,Week1,Fairfax Club Estates,Week4,352.0 Chesterbrook - 50.0 Fairfax Club Estates
Chesterbrook,Week5,Somerset-Olde Creek,Week4,385.0 Chesterbrook - 17.0 Somerset-Olde Creek
Chesterbrook,Week5,Somerset-Olde Creek,Week1,380.0 Chesterbrook - 22.0 Somerset-Olde Creek
Cardinal Hill,Week3,Truro,Week3,316.0 Cardinal Hill - 86.0 Truro
Chesterbrook,Week2,Highland Park,Week3,341.0 Chesterbrook - 61.0 Highland Park
Chesterbrook,Week3,Fox Mill Woods,Week5,311.0 Chesterbrook - 91.0 Fox Mill Woods
Commonwealth,Week3,Dominion Hills,Week4,251.0 Dominion Hills - 151.0 Commonwealth
Commonwealth,Week3,Highlands Swim,Week5,324.0 Highlands Swim - 78.0 Commonwealth
Chesterbrook,Week1,Fox Mill Woods,Week2,291.0 Chesterbrook - 111.0 Fox Mill Woods
Chesterbrook,Week1,Fox Mill Woods,Week1,274.0 Chesterbrook - 128.0 Fox Mill Woods
Chesterbrook,Week4,High Point Pool,Week3,326.0 Chesterbrook - 76.0 High Point Pool
Commonwealth,Week3,Dominion Hills,Week2,240.0 Dominion Hills - 162.0 Commonwealth
Cardinal Hill,Week5,Truro,Week4,294.0 Cardinal Hill - 108.0 Truro
Commonwealth,Week3,Mantua,Week4,289.5 Mantua - 112.5 Commonwealth
Commonwealth,Week2,Highlands Swim,Week1,317.0 Highlands Swim - 85.0 Commonwealth
Commonwealth,Week3,Highlands Swim,Week4,326.0 Highlands Swim - 76.0 Commonwealth
Chesterbrook,Week4,Fox Mill Woods,Week5,302.0 Chesterbrook - 100.0 Fox Mill Woods
Commonwealth,Week5,Dunn Loring,Week3,311.0 Dunn Loring - 91.0 Commonwealth
Cardinal Hill,Week3,Truro,Week5,306.0 Cardinal Hill - 96.0 Truro
Chesterbrook,Week4,High Point Pool,Week1,326.0 Chesterbrook - 76.0 High Point Pool
Chesterbrook,Week2,Fairfax Club Estates,Week4,353.0 Chesterbrook - 49.0 Fairfax Club Estates
Chesterbrook,Week5,Fairfax Club Estates,Week5,359.0 Chesterbrook - 42.0 Fairfax Club Estates
Chesterbrook,Week4,Fox Mill Woods,Week1,292.0 Chesterbrook - 110.0 Fox Mill Woods
Commonwealth,Week5,Dunn Loring,Week5,300.0 Dunn Loring - 102.0 Commonwealth
Commonwealth,Week4,Mantua,Week4,301.0 Mantua - 101.0 Commonwealth
Cardinal Hill,Week1,Tuckahoe,Week2,286.0 Tuckahoe - 116.0 Cardinal Hill
Chesterbrook,Week3,South Run,Week3,351.0 Chesterbrook - 51.0 South Run
Commonwealth,Week4,Highlands Swim,Week1,337.0 Highlands Swim - 65.0 Commonwealth
Chesterbrook,Week5,South Run,Week3,346.0 Chesterbrook - 56.0 South Run
Commonwealth,Week2,Dominion Hills,Week3,209.0 Dominion Hills - 193.0 Commonwealth
Chesterbrook,Week2,High Point Pool,Week1,328.0 Chesterbrook - 74.0 High Point Pool
Cardinal Hill,Week1,Tuckahoe,Week3,310.0 Tuckahoe - 92.0 Cardinal Hill
Commonwealth,Week4,Mantua,Week5,321.0 Mantua - 81.0 Commonwealth
Commonwealth,Week3,Highlands Swim,Week1,330.0 Highlands Swim - 72.0 Commonwealth
Commonwealth,Week5,Mantua,Week2,259.0 Mantua - 142.0 Commonwealth
Chesterbrook,Week4,South Run,Week3,349.0 Chesterbrook - 53.0 South Run
Chesterbrook,Week2,High Point Pool,Week4,314.0 Chesterbrook - 88.0 High Point Pool
Chesterbrook,Week3,Fox Mill Woods,Week1,318.0 Chesterbrook - 84.0 Fox Mill Woods
Commonwealth,Week3,Dominion Hills,Week3,210.0 Dominion Hills - 192.0 Commonwealth
Chesterbrook,Week2,Fairfax Station,Week5,286.0 Chesterbrook - 116.0 Fairfax Station
Commonwealth,Week5,Dowden Terrace,Week5,254.0 Dowden Terrace - 148.0 Commonwealth
Cardinal Hill,Week1,Tuckahoe,Week5,303.0 Tuckahoe - 99.0 Cardinal Hill
Cardinal Hill,Week2,Tuckahoe,Week1,309.0 Tuckahoe - 93.0 Cardinal Hill
Commonwealth,Week4,Dominion Hills,Week5,272.5 Dominion Hills - 129.5 Commonwealth
Chesterbrook,Week3,Fox Mill Woods,Week3,327.0 Chesterbrook - 75.0 Fox Mill Woods
Commonwealth,Week2,Highlands Swim,Week5,317.0 Highlands Swim - 85.0 Commonwealth
Commonwealth,Week4,Dunn Loring,Week2,324.0 Dunn Loring - 78.0 Commonwealth
Commonwealth,Week5,Highlands Swim,Week1,317.0 Highlands Swim - 85.0 Commonwealth
Chesterbrook,Week4,High Point Pool,Week2,314.0 Chesterbrook - 88.0 High Point Pool
Commonwealth,Week2,Dominion Hills,Week2,231.0 Dominion Hills - 171.0 Commonwealth
Chesterbrook,Week1,Fox Mill Woods,Week5,290.0 Chesterbrook - 112.0 Fox Mill Woods
Commonwealth,Week4,Dunn Loring,Week3,337.0 Dunn Loring - 65.0 Commonwealth
Chesterbrook,Week3,Fox Mill Woods,Week2,332.0 Chesterbrook - 70.0 Fox Mill Woods
Commonwealth,Week3,McLean,Week2,335.0 McLean - 67.0 Commonwealth
Chesterbrook,Week3,Fairfax Station,Week5,294.0 Chesterbrook - 108.0 Fairfax Station
Commonwealth,Week4,McLean,Week2,323.0 McLean - 79.0 Commonwealth
Chesterbrook,Week1,Springboard,Week3,370.0 Chesterbrook - 32.0 Springboard
Commonwealth,Week5,Highlands Swim,Week5,321.0 Highlands Swim - 81.0 Commonwealth
Chesterbrook,Week2,Fairfax Station,Week1,297.0 Chesterbrook - 105.0 Fairfax Station
Chesterbrook,Week1,Springboard,Week5,365.5 Chesterbrook - 36.5 Springboard
Chesterbrook,Week1,Highland Park,Week1,321.0 Chesterbrook - 81.0 Highland Park
Chesterbrook,Week4,Fairfax Club Estates,Week3,361.0 Chesterbrook - 41.0 Fairfax Club Estates
Cardinal Hill,Week1,Tuckahoe,Week4,313.0 Tuckahoe - 89.0 Cardinal Hill
Chesterbrook,Week5,High Point Pool,Week1,332.0 Chesterbrook - 70.0 High Point Pool
Commonwealth,Week1,Dunn Loring,Week3,338.0 Dunn Loring - 64.0 Commonwealth
Commonwealth,Week5,Dominion Hills,Week1,218.0 Dominion Hills - 184.0 Commonwealth
Commonwealth,Week2,McLean,Week1,295.0 McLean - 107.0 Commonwealth
Chesterbrook,Week4,Fairfax Club Estates,Week1,364.0 Chesterbrook - 38.0 Fairfax Club Estates
Chesterbrook,Week5,Fox Mill Woods,Week3,311.0 Chesterbrook - 91.0 Fox Mill Woods
Chesterbrook,Week2,Springboard,Week4,380.0 Chesterbrook - 22.0 Springboard
Commonwealth,Week1,Hollin Hills,Week1,234.5 Commonwealth - 158.5 Hollin Hills
Commonwealth,Week1,Hollin Hills,Week3,229.0 Commonwealth - 170.0 Hollin Hills
Commonwealth,Week2,Dunn Loring,Week5,302.0 Dunn Loring - 100.0 Commonwealth
Commonwealth,Week2,Hollin Hills,Week3,287.0 Commonwealth - 114.0 Hollin Hills
Chesterbrook,Week5,Fairfax Club Estates,Week1,353.0 Chesterbrook - 49.0 Fairfax Club Estates
Cardinal Hill,Week5,Truro,Week2,317.0 Cardinal Hill - 83.0 Truro
Commonwealth,Week5,Dominion Hills,Week2,235.0 Dominion Hills - 167.0 Commonwealth
Commonwealth,Week1,Donaldson Run,Week1,337.0 Donaldson Run - 65.0 Commonwealth
Chesterbrook,Week1,South Run,Week2,326.0 Chesterbrook - 71.0 South Run
Commonwealth,Week5,Dowden Terrace,Week4,234.0 Dowden Terrace - 168.0 Commonwealth
Chesterbrook,Week4,South Run,Week2,340.0 Chesterbrook - 62.0 South Run
Commonwealth,Week3,Dominion Hills,Week1,229.0 Dominion Hills - 173.0 Commonwealth
Commonwealth,Week2,Mosby Woods,Week5,289.0 Mosby Woods - 113.0 Commonwealth
Chesterbrook,Week1,Fairfax Station,Week4,288.0 Chesterbrook - 114.0 Fairfax Station
Chesterbrook,Week5,High Point Pool,Week3,334.0 Chesterbrook - 68.0 High Point Pool
Commonwealth,Week4,Dunn Loring,Week4,320.0 Dunn Loring - 82.0 Commonwealth
Commonwealth,Week4,McLean,Week5,329.0 McLean - 73.0 Commonwealth
Chesterbrook,Week3,High Point Pool,Week1,342.0 Chesterbrook - 60.0 High Point Pool
Commonwealth,Week4,Dominion Hills,Week2,254.0 Dominion Hills - 148.0 Commonwealth
Chesterbrook,Week1,Highland Park,Week4,332.0 Chesterbrook - 70.0 Highland Park
Chesterbrook,Week1,South Run,Week3,332.5 Chesterbrook - 69.5 South Run
Chesterbrook,Week1,Highland Park,Week5,340.0 Chesterbrook - 62.0 Highland Park
Commonwealth,Week3,Hollin Hills,Week2,279.0 Commonwealth - 114.0 Hollin Hills
Commonwealth,Week4,Dominion Hills,Week3,240.0 Dominion Hills - 162.0 Commonwealth
Chesterbrook,Week2,Springboard,Week2,392.0 Chesterbrook - 10.0 Springboard
Commonwealth,Week3,Hollin Hills,Week4,283.0 Commonwealth - 108.0 Hollin Hills
Commonwealth,Week4,McLean,Week4,312.0 McLean - 90.0 Commonwealth
Chesterbrook,Week1,Fairfax Station,Week5,264.0 Chesterbrook - 138.0 Fairfax Station
Chesterbrook,Week2,Great Falls,Week5,327.0 Chesterbrook - 75.0 Great Falls
Cardinal Hill,Week5,Truro,Week3,306.0 Cardinal Hill - 96.0 Truro
Commonwealth,Week3,Mosby Woods,Week4,283.0 Mosby Woods - 118.0 Commonwealth
Cardinal Hill,Week4,Truro,Week3,311.0 Cardinal Hill - 91.0 Truro
Chesterbrook,Week5,Fox Mill Woods,Week1,289.0 Chesterbrook - 113.0 Fox Mill Woods
Chesterbrook,Week5,Great Falls,Week2,338.0 Chesterbrook - 46.0 Great Falls
Chesterbrook,Week1,South Run,Week5,318.0 Chesterbrook - 84.0 South Run
Commonwealth,Week3,Hollin Hills,Week1,274.0 Commonwealth - 122.0 Hollin Hills
Chesterbrook,Week1,Highland Park,Week2,335.0 Chesterbrook - 67.0 Highland Park
Commonwealth,Week3,Dunn Loring,Week4,315.0 Dunn Loring - 87.0 Commonwealth
Commonwealth,Week4,Mosby Woods,Week4,290.0 Mosby Woods - 112.0 Commonwealth
Commonwealth,Week3,Dunn Loring,Week5,317.0 Dunn Loring - 85.0 Commonwealth
Commonwealth,Week5,Dowden Terrace,Week3,230.0 Dowden Terrace - 172.0 Commonwealth
Chesterbrook,Week1,Highland Park,Week3,336.0 Chesterbrook - 66.0 Highland Park
Commonwealth,Week4,Dominion Hills,Week4,270.0 Dominion Hills - 127.0 Commonwealth
Chesterbrook,Week3,Great Falls,Week4,347.0 Chesterbrook - 55.0 Great Falls
Chesterbrook,Week1,Fairfax Station,Week1,281.0 Chesterbrook - 121.0 Fairfax Station
Chesterbrook,Week3,Greenbriar,Week1,328.0 Chesterbrook - 74.0 Greenbriar
Chesterbrook,Week1,Greenbriar,Week2,278.0 Chesterbrook - 124.0 Greenbriar
Chesterbrook,Week2,South Run,Week4,348.0 Chesterbrook - 54.0 South Run
Commonwealth,Week1,Donaldson Run,Week2,330.0 Donaldson Run - 72.0 Commonwealth
Commonwealth,Week1,Dunn Loring,Week4,324.0 Dunn Loring - 78.0 Commonwealth
Commonwealth,Week3,Mosby Woods,Week1,293.0 Mosby Woods - 109.0 Commonwealth
Chesterbrook,Week3,Fairfax Station,Week3,289.0 Chesterbrook - 113.0 Fairfax Station
Chesterbrook,Week3,Fairfax Station,Week2,302.0 Chesterbrook - 100.0 Fairfax Station
Chesterbrook,Week2,Greenbriar,Week3,321.0 Chesterbrook - 81.0 Greenbriar
Commonwealth,Week4,Hollin Hills,Week1,259.0 Commonwealth - 139.0 Hollin Hills
Commonwealth,Week1,Donaldson Run,Week4,342.0 Donaldson Run - 60.0 Commonwealth
Commonwealth,Week1,Dunn Loring,Week2,327.0 Dunn Loring - 75.0 Commonwealth
Chesterbrook,Week5,High Point Pool,Week2,324.0 Chesterbrook - 78.0 High Point Pool
Commonwealth,Week3,Dunn Loring,Week1,281.5 Dunn Loring - 120.5 Commonwealth
Commonwealth,Week3,Hollin Hills,Week5,277.0 Commonwealth - 117.0 Hollin Hills
Chesterbrook,Week4,High Point Pool,Week4,318.0 Chesterbrook - 84.0 High Point Pool
Commonwealth,Week4,Mosby Woods,Week2,306.0 Mosby Woods - 96.0 Commonwealth
Chesterbrook,Week1,Greenbriar,Week5,309.0 Chesterbrook - 93.0 Greenbriar
Chesterbrook,Week2,Highland Park,Week5,347.0 Chesterbrook - 55.0 Highland Park
Chesterbrook,Week3,Fairfax Club Estates,Week1,354.0 Chesterbrook - 48.0 Fairfax Club Estates
Chesterbrook,Week3,South Run,Week1,337.0 Chesterbrook - 56.0 South Run
Commonwealth,Week1,Mosby Woods,Week1,302.0 Mosby Woods - 100.0 Commonwealth
Chesterbrook,Week2,South Run,Week1,324.0 Chesterbrook - 69.0 South Run
Commonwealth,Week1,Donaldson Run,Week5,343.0 Donaldson Run - 59.0 Commonwealth
Chesterbrook,Week4,Fairfax Club Estates,Week2,368.0 Chesterbrook - 34.0 Fairfax Club Estates
Commonwealth,Week4,Hollin Hills,Week2,265.0 Commonwealth - 131.0 Hollin Hills
Commonwealth,Week5,Hollin Hills,Week1,283.0 Commonwealth - 117.0 Hollin Hills
Commonwealth,Week2,Mosby Woods,Week1,290.0 Mosby Woods - 112.0 Commonwealth
Chesterbrook,Week4,Great Falls,Week1,355.0 Chesterbrook - 47.0 Great Falls
Chesterbrook,Week2,High Point Pool,Week3,329.0 Chesterbrook - 73.0 High Point Pool
Commonwealth,Week2,Dunn Loring,Week1,262.0 Dunn Loring - 140.0 Commonwealth
Chesterbrook,Week2,South Run,Week2,343.0 Chesterbrook - 59.0 South Run
Chesterbrook,Week3,Greenbriar,Week3,334.0 Chesterbrook - 68.0 Greenbriar
Chesterbrook,Week2,High Point Pool,Week2,323.0 Chesterbrook - 79.0 High Point Pool
Chesterbrook,Week1,South Run,Week4,337.0 Chesterbrook - 65.0 South Run
Commonwealth,Week5,Dunn Loring,Week2,296.0 Dunn Loring - 106.0 Commonwealth
Commonwealth,Week2,Mosby Woods,Week3,287.0 Mosby Woods - 115.0 Commonwealth
Commonwealth,Week4,Mosby Woods,Week1,291.0 Mosby Woods - 111.0 Commonwealth
Commonwealth,Week2,Donaldson Run,Week4,319.0 Donaldson Run - 83.0 Commonwealth
Commonwealth,Week1,Dowden Terrace,Week1,262.0 Dowden Terrace - 135.0 Commonwealth
Commonwealth,Week4,Hollin Hills,Week5,254.0 Commonwealth - 142.0 Hollin Hills
Commonwealth,Week4,Donaldson Run,Week3,338.0 Donaldson Run - 64.0 Commonwealth
Chesterbrook,Week4,Great Falls,Week2,338.5 Chesterbrook - 45.5 Great Falls
Chesterbrook,Week5,Fairfax Club Estates,Week3,365.0 Chesterbrook - 37.0 Fairfax Club Estates
Chesterbrook,Week5,Fairfax Club Estates,Week2,370.0 Chesterbrook - 32.0 Fairfax Club Estates
Chesterbrook,Week3,South Run,Week4,358.0 Chesterbrook - 44.0 South Run
Chesterbrook,Week1,Fairfax Station,Week2,284.0 Chesterbrook - 113.0 Fairfax Station
Commonwealth,Week4,Hollin Hills,Week3,252.0 Commonwealth - 148.0 Hollin Hills
Chesterbrook,Week4,South Run,Week1,321.0 Chesterbrook - 72.0 South Run
Chesterbrook,Week2,High Point Pool,Week5,315.0 Chesterbrook - 87.0 High Point Pool
Commonwealth,Week5,McLean,Week2,309.0 McLean - 93.0 Commonwealth
Commonwealth,Week5,Dowden Terrace,Week2,240.0 Dowden Terrace - 162.0 Commonwealth
Commonwealth,Week5,McLean,Week4,301.0 McLean - 101.0 Commonwealth
Chesterbrook,Week2,Great Falls,Week3,337.0 Chesterbrook - 65.0 Great Falls
Chesterbrook,Week2,South Run,Week3,333.0 Chesterbrook - 69.0 South Run
Commonwealth,Week3,Dowden Terrace,Week3,222.0 Dowden Terrace - 180.0 Commonwealth
Chesterbrook,Week3,High Point Pool,Week2,338.0 Chesterbrook - 64.0 High Point Pool
Commonwealth,Week1,Mosby Woods,Week4,286.0 Mosby Woods - 116.0 Commonwealth
Commonwealth,Week1,Hollin Meadows,Week4,264.0 Hollin Meadows - 138.0 Commonwealth
Chesterbrook,Week2,Great Falls,Week4,339.0 Chesterbrook - 63.0 Great Falls
Chesterbrook,Week3,High Point Pool,Week4,334.0 Chesterbrook - 68.0 High Point Pool
Chesterbrook,Week4,South Run,Week4,355.0 Chesterbrook - 47.0 South Run
Commonwealth,Week3,Dowden Terrace,Week4,232.0 Dowden Terrace - 170.0 Commonwealth
Chesterbrook,Week2,Fairfax Station,Week3,275.0 Chesterbrook - 127.0 Fairfax Station
Commonwealth,Week4,Dowden Terrace,Week4,250.0 Dowden Terrace - 152.0 Commonwealth
Commonwealth,Week2,Dunn Loring,Week2,309.5 Dunn Loring - 92.5 Commonwealth
Commonwealth,Week2,Hollin Meadows,Week4,230.0 Hollin Meadows - 172.0 Commonwealth
Commonwealth,Week5,Donaldson Run,Week2,322.0 Donaldson Run - 80.0 Commonwealth
Chesterbrook,Week3,Fairfax Club Estates,Week2,375.0 Chesterbrook - 27.0 Fairfax Club Estates
Chesterbrook,Week3,South Run,Week5,338.0 Chesterbrook - 64.0 South Run
Chesterbrook,Week1,South Run,Week1,318.0 Chesterbrook - 75.0 South Run
Chesterbrook,Week2,Fairfax Station,Week4,301.0 Chesterbrook - 101.0 Fairfax Station
Chesterbrook,Week3,High Point Pool,Week5,343.0 Chesterbrook - 59.0 High Point Pool
Commonwealth,Week1,Dunn Loring,Week1,300.5 Dunn Loring - 101.5 Commonwealth
Commonwealth,Week5,Dowden Terrace,Week1,230.0 Dowden Terrace - 172.0 Commonwealth
Chesterbrook,Week4,South Run,Week5,329.0 Chesterbrook - 73.0 South Run
Commonwealth,Week2,Dunn Loring,Week3,317.0 Dunn Loring - 85.0 Commonwealth
Commonwealth,Week1,Hollin Meadows,Week1,276.0 Hollin Meadows - 125.0 Commonwealth
Commonwealth,Week5,McLean,Week1,299.0 McLean - 103.0 Commonwealth
Commonwealth,Week2,Dowden Terrace,Week2,219.0 Dowden Terrace - 183.0 Commonwealth
Commonwealth,Week4,McLean,Week1,314.0 McLean - 88.0 Commonwealth
Commonwealth,Week1,Dunn Loring,Week5,326.0 Dunn Loring - 76.0 Commonwealth
Chesterbrook,Week5,Great Falls,Week3,338.0 Chesterbrook - 64.0 Great Falls
Chesterbrook,Week5,Great Falls,Week1,364.0 Chesterbrook - 38.0 Great Falls
Chesterbrook,Week5,High Point Pool,Week4,329.0 Chesterbrook - 73.0 High Point Pool
Chesterbrook,Week5,Great Falls,Week5,338.0 Chesterbrook - 64.0 Great Falls
Chesterbrook,Week3,High Point Pool,Week3,344.0 Chesterbrook - 58.0 High Point Pool
Commonwealth,Week2,Hollin Meadows,Week3,242.0 Hollin Meadows - 160.0 Commonwealth
Chesterbrook,Week1,Fairfax Station,Week3,259.0 Chesterbrook - 143.0 Fairfax Station
Commonwealth,Week2,Dowden Terrace,Week3,216.0 Dowden Terrace - 186.0 Commonwealth
Chesterbrook,Week4,Fairfax Club Estates,Week4,349.0 Chesterbrook - 53.0 Fairfax Club Estates
Commonwealth,Week3,Dunn Loring,Week2,317.0 Dunn Loring - 85.0 Commonwealth
Commonwealth,Week5,Hollin Hills,Week5,285.0 Commonwealth - 113.0 Hollin Hills
Commonwealth,Week5,McLean,Week5,311.0 McLean - 91.0 Commonwealth
Commonwealth,Week5,Hollin Hills,Week2,275.0 Commonwealth - 121.0 Hollin Hills
Chesterbrook,Week2,Highland Park,Week2,344.0 Chesterbrook - 58.0 Highland Park
Commonwealth,Week5,Dunn Loring,Week1,258.0 Dunn Loring - 144.0 Commonwealth
Chesterbrook,Week5,Highland Park,Week4,353.0 Chesterbrook - 49.0 Highland Park
Commonwealth,Week3,McLean,Week5,323.0 McLean - 79.0 Commonwealth
Chesterbrook,Week2,Highlands Swim,Week3,254.0 Chesterbrook - 148.0 Highlands Swim
Chesterbrook,Week3,Fairfax Club Estates,Week3,372.0 Chesterbrook - 30.0 Fairfax Club Estates
Chesterbrook,Week2,South Run,Week5,322.0 Chesterbrook - 80.0 South Run
Chesterbrook,Week1,Greenbriar,Week3,299.0 Chesterbrook - 103.0 Greenbriar
Commonwealth,Week4,McLean,Week3,323.0 McLean - 78.0 Commonwealth
Chesterbrook,Week2,Greenbriar,Week1,315.0 Chesterbrook - 87.0 Greenbriar
Commonwealth,Week3,Hollin Meadows,Week3,247.5 Hollin Meadows - 153.5 Commonwealth
Chesterbrook,Week3,Great Falls,Week1,367.0 Chesterbrook - 35.0 Great Falls
Chesterbrook,Week3,Fairfax Club Estates,Week4,372.0 Chesterbrook - 30.0 Fairfax Club Estates
Chesterbrook,Week3,Fairfax Club Estates,Week5,373.0 Chesterbrook - 29.0 Fairfax Club Estates
Commonwealth,Week3,Donaldson Run,Week5,343.0 Donaldson Run - 59.0 Commonwealth
Commonwealth,Week3,Dunn Loring,Week3,336.0 Dunn Loring - 66.0 Commonwealth
Commonwealth,Week1,Dowden Terrace,Week4,281.0 Dowden Terrace - 116.0 Commonwealth
Commonwealth,Week3,Hollin Meadows,Week5,261.0 Hollin Meadows - 141.0 Commonwealth
Chesterbrook,Week5,South Run,Week2,341.0 Chesterbrook - 61.0 South Run
Commonwealth,Week5,Donaldson Run,Week3,321.0 Donaldson Run - 81.0 Commonwealth
Commonwealth,Week4,Dunn Loring,Week1,291.0 Dunn Loring - 111.0 Commonwealth
Commonwealth,Week1,Mosby Woods,Week5,305.0 Mosby Woods - 97.0 Commonwealth
Chesterbrook,Week1,Highlands Swim,Week1,255.0 Chesterbrook - 147.0 Highlands Swim
Chesterbrook,Week2,Greenbriar,Week5,319.0 Chesterbrook - 83.0 Greenbriar
Chesterbrook,Week3,Highland Park,Week3,353.0 Chesterbrook - 49.0 Highland Park
Chesterbrook,Week4,Fairfax Club Estates,Week5,361.0 Chesterbrook - 41.0 Fairfax Club Estates
Commonwealth,Week4,Hollin Meadows,Week4,250.0 Hollin Meadows - 152.0 Commonwealth
Commonwealth,Week2,Mosby Woods,Week4,275.0 Mosby Woods - 127.0 Commonwealth
Commonwealth,Week4,Dowden Terrace,Week5,276.0 Dowden Terrace - 126.0 Commonwealth
Chesterbrook,Week5,South Run,Week1,330.0 Chesterbrook - 63.0 South Run
Chesterbrook,Week5,South Run,Week5,328.0 Chesterbrook - 74.0 South Run
Commonwealth,Week3,Donaldson Run,Week4,338.0 Donaldson Run - 64.0 Commonwealth
Chesterbrook,Week1,Springboard,Week1,366.0 Chesterbrook - 36.0 Springboard
Chesterbrook,Week2,Highlands Swim,Week2,246.0 Chesterbrook - 156.0 Highlands Swim
Chesterbrook,Week4,Highlands Swim,Week1,261.0 Chesterbrook - 141.0 Highlands Swim
Commonwealth,Week2,Hollin Meadows,Week2,213.0 Hollin Meadows - 189.0 Commonwealth
Commonwealth,Week4,Hollin Meadows,Week2,242.0 Hollin Meadows - 160.0 Commonwealth
Commonwealth,Week4,Hollin Meadows,Week1,268.0 Hollin Meadows - 134.0 Commonwealth
Commonwealth,Week2,Mosby Woods,Week2,289.0 Mosby Woods - 113.0 Commonwealth
Commonwealth,Week2,Dowden Terrace,Week1,218.0 Dowden Terrace - 184.0 Commonwealth
Chesterbrook,Week3,Fairfax Station,Week1,306.0 Chesterbrook - 96.0 Fairfax Station
Chesterbrook,Week3,Highland Park,Week2,351.0 Chesterbrook - 51.0 Highland Park
Commonwealth,Week1,Dowden Terrace,Week2,262.0 Dowden Terrace - 139.0 Commonwealth
Commonwealth,Week1,Hollin Meadows,Week3,273.0 Hollin Meadows - 128.0 Commonwealth
Commonwealth,Week4,Fair Oaks ,Week5,276.5 Fair Oaks - 125.5 Commonwealth
Chesterbrook,Week5,Great Falls,Week4,336.0 Chesterbrook - 66.0 Great Falls
Commonwealth,Week1,Mosby Woods,Week3,307.0 Mosby Woods - 89.0 Commonwealth
Chesterbrook,Week5,South Run,Week4,358.5 Chesterbrook - 43.5 South Run
Chesterbrook,Week1,Springboard,Week2,378.0 Chesterbrook - 19.0 Springboard
Commonwealth,Week5,Dunn Loring,Week4,300.0 Dunn Loring - 102.0 Commonwealth
Chesterbrook,Week2,Fairfax Station,Week2,288.5 Chesterbrook - 113.5 Fairfax Station
Chesterbrook,Week5,Fairfax Club Estates,Week4,357.0 Chesterbrook - 45.0 Fairfax Club Estates
Commonwealth,Week1,Fair Oaks ,Week2,260.0 Fair Oaks - 140.0 Commonwealth
Commonwealth,Week1,Mosby Woods,Week2,310.0 Mosby Woods - 92.0 Commonwealth
Commonwealth,Week5,Fair Oaks ,Week1,255.0 Fair Oaks - 147.0 Commonwealth
Chesterbrook,Week2,Springboard,Week1,377.0 Chesterbrook - 25.0 Springboard
Chesterbrook,Week3,Springboard,Week3,387.0 Chesterbrook - 15.0 Springboard
Commonwealth,Week1,Hollin Meadows,Week2,257.0 Hollin Meadows - 140.0 Commonwealth
Commonwealth,Week4,Hollin Meadows,Week5,263.0 Hollin Meadows - 139.0 Commonwealth
Commonwealth,Week1,Fairfax,Week1,297.0 Fairfax - 105.0 Commonwealth
Chesterbrook,Week4,Fairfax Station,Week4,290.0 Chesterbrook - 112.0 Fairfax Station
Chesterbrook,Week3,Great Falls,Week5,343.0 Chesterbrook - 59.0 Great Falls
Chesterbrook,Week4,Fairfax Station,Week2,292.0 Chesterbrook - 110.0 Fairfax Station
Commonwealth,Week3,Mosby Woods,Week5,291.0 Mosby Woods - 111.0 Commonwealth
Commonwealth,Week5,Fair Oaks ,Week5,259.0 Fair Oaks - 143.0 Commonwealth
Chesterbrook,Week2,Springboard,Week3,382.0 Chesterbrook - 20.0 Springboard
Commonwealth,Week5,Donaldson Run,Week4,329.0 Donaldson Run - 73.0 Commonwealth
Commonwealth,Week4,Donaldson Run,Week2,345.0 Donaldson Run - 57.0 Commonwealth
Chesterbrook,Week4,Fairfax Station,Week5,278.0 Chesterbrook - 124.0 Fairfax Station
Chesterbrook,Week2,Great Falls,Week2,339.0 Chesterbrook - 45.0 Great Falls
Chesterbrook,Week3,Great Falls,Week2,350.5 Chesterbrook - 33.5 Great Falls
Commonwealth,Week1,Fairfax,Week4,306.0 Fairfax - 96.0 Commonwealth
Commonwealth,Week4,Mosby Woods,Week5,296.0 Mosby Woods - 106.0 Commonwealth
Chesterbrook,Week2,Highlands Swim,Week1,255.0 Chesterbrook - 147.0 Highlands Swim
Chesterbrook,Week2,Great Falls,Week1,359.0 Chesterbrook - 43.0 Great Falls
Commonwealth,Week2,Fairfax,Week3,288.0 Fairfax - 114.0 Commonwealth
Commonwealth,Week3,Mosby Woods,Week2,303.0 Mosby Woods - 99.0 Commonwealth
Commonwealth,Week2,Dowden Terrace,Week4,232.0 Dowden Terrace - 170.0 Commonwealth
Commonwealth,Week3,Mosby Woods,Week3,296.0 Mosby Woods - 106.0 Commonwealth
Commonwealth,Week5,Hollin Hills,Week4,296.0 Commonwealth - 102.0 Hollin Hills
Chesterbrook,Week4,Great Falls,Week5,329.0 Chesterbrook - 73.0 Great Falls
Commonwealth,Week3,Dowden Terrace,Week2,228.0 Dowden Terrace - 174.0 Commonwealth
Chesterbrook,Week3,Highland Park,Week5,348.0 Chesterbrook - 54.0 Highland Park
Chesterbrook,Week1,Great Falls,Week5,331.0 Chesterbrook - 71.0 Great Falls
Chesterbrook,Week4,Springboard,Week2,391.0 Chesterbrook - 11.0 Springboard
Chesterbrook,Week3,Fairfax Station,Week4,322.0 Chesterbrook - 80.0 Fairfax Station
Commonwealth,Week2,Fairfax,Week1,266.0 Fairfax - 136.0 Commonwealth
Chesterbrook,Week1,Springboard,Week4,370.0 Chesterbrook - 32.0 Springboard
Chesterbrook,Week4,Fairfax Station,Week3,266.0 Chesterbrook - 136.0 Fairfax Station
Chesterbrook,Week4,Fairfax Station,Week1,291.0 Chesterbrook - 111.0 Fairfax Station
Commonwealth,Week4,Mosby Woods,Week3,300.0 Mosby Woods - 97.0 Commonwealth
Chesterbrook,Week3,Springboard,Week5,381.0 Chesterbrook - 21.0 Springboard
Commonwealth,Week2,Hollin Meadows,Week1,243.0 Hollin Meadows - 158.0 Commonwealth
Commonwealth,Week1,Dowden Terrace,Week5,294.0 Dowden Terrace - 108.0 Commonwealth
Commonwealth,Week5,McLean,Week3,306.0 McLean - 96.0 Commonwealth
Chesterbrook,Week2,Highland Park,Week4,340.0 Chesterbrook - 62.0 Highland Park
Chesterbrook,Week4,Highland Park,Week4,342.0 Chesterbrook - 60.0 Highland Park
Chesterbrook,Week5,Highland Park,Week3,353.0 Chesterbrook - 49.0 Highland Park
Commonwealth,Week3,Hollin Meadows,Week2,232.0 Hollin Meadows - 170.0 Commonwealth
Chesterbrook,Week3,Great Falls,Week3,349.0 Chesterbrook - 53.0 Great Falls
Chesterbrook,Week4,Great Falls,Week3,335.0 Chesterbrook - 67.0 Great Falls
Commonwealth,Week2,Mount Vernon Park,Week4,277.0 Mount Vernon Park - 125.0 Commonwealth
Chesterbrook,Week4,Highland Park,Week2,352.0 Chesterbrook - 50.0 Highland Park
Commonwealth,Week3,Hollin Meadows,Week4,240.0 Hollin Meadows - 162.0 Commonwealth
Chesterbrook,Week4,Forest Hollow,Week1,326.0 Chesterbrook - 76.0 Forest Hollow
Commonwealth,Week4,Donaldson Run,Week4,347.5 Donaldson Run - 54.5 Commonwealth
Commonwealth,Week3,Fair Oaks ,Week1,260.0 Fair Oaks - 142.0 Commonwealth
Chesterbrook,Week5,Springboard,Week1,378.0 Chesterbrook - 23.0 Springboard
Commonwealth,Week2,Hollin Meadows,Week5,237.0 Hollin Meadows - 165.0 Commonwealth
Chesterbrook,Week5,Springboard,Week2,394.0 Chesterbrook - 7.0 Springboard
Commonwealth,Week4,Dowden Terrace,Week1,237.0 Dowden Terrace - 160.0 Commonwealth
Chesterbrook,Week1,Greenbriar,Week4,325.0 Chesterbrook - 77.0 Greenbriar
Chesterbrook,Week1,Forest Hollow,Week2,326.0 Chesterbrook - 76.0 Forest Hollow
Chesterbrook,Week2,Highlands Swim,Week5,253.0 Chesterbrook - 149.0 Highlands Swim
Commonwealth,Week5,Mosby Woods,Week2,284.0 Mosby Woods - 118.0 Commonwealth
Chesterbrook,Week3,Highland Park,Week4,357.0 Chesterbrook - 45.0 Highland Park
Chesterbrook,Week4,Great Falls,Week4,347.0 Chesterbrook - 55.0 Great Falls
Commonwealth,Week3,Dowden Terrace,Week5,259.0 Dowden Terrace - 143.0 Commonwealth
Chesterbrook,Week5,Fairfax Station,Week2,295.0 Chesterbrook - 107.0 Fairfax Station
Commonwealth,Week3,Fair Oaks ,Week3,261.0 Fair Oaks - 141.0 Commonwealth
Commonwealth,Week3,Hollin Meadows,Week1,254.5 Hollin Meadows - 147.5 Commonwealth
Commonwealth,Week2,Fair Oaks ,Week5,260.0 Fair Oaks - 142.0 Commonwealth
Commonwealth,Week2,Fairfax,Week4,279.0 Fairfax - 123.0 Commonwealth
Chesterbrook,Week1,Greenbriar,Week1,296.0 Chesterbrook - 106.0 Greenbriar
Chesterbrook,Week4,Highland Park,Week3,348.0 Chesterbrook - 54.0 Highland Park
Commonwealth,Week5,Mosby Woods,Week1,290.0 Mosby Woods - 112.0 Commonwealth
Commonwealth,Week1,Hollin Meadows,Week5,279.0 Hollin Meadows - 123.0 Commonwealth
Chesterbrook,Week2,Greenbriar,Week2,306.5 Chesterbrook - 95.5 Greenbriar
Chesterbrook,Week5,Fairfax Station,Week1,298.5 Chesterbrook - 103.5 Fairfax Station
Commonwealth,Week5,Donaldson Run,Week1,311.0 Donaldson Run - 91.0 Commonwealth
Chesterbrook,Week5,Springboard,Week3,385.0 Chesterbrook - 16.0 Springboard
Commonwealth,Week3,Donaldson Run,Week3,333.0 Donaldson Run - 69.0 Commonwealth
Chesterbrook,Week5,Springboard,Week4,377.0 Chesterbrook - 25.0 Springboard
Chesterbrook,Week1,Hamlet,Week3,282.0 Chesterbrook - 120.0 Hamlet
Commonwealth,Week1,Holmes Run Acres,Week5,284.0 Holmes Run Acres - 113.0 Commonwealth
Chesterbrook,Week3,Highland Park,Week1,347.0 Chesterbrook - 55.0 Highland Park
Commonwealth,Week5,Mount Vernon Park,Week2,271.0 Mount Vernon Park - 131.0 Commonwealth
Chesterbrook,Week1,Forest Hollow,Week3,317.0 Chesterbrook - 85.0 Forest Hollow
Chesterbrook,Week2,Forest Hollow,Week4,330.0 Chesterbrook - 72.0 Forest Hollow
Chesterbrook,Week3,Greenbriar,Week2,322.0 Chesterbrook - 80.0 Greenbriar
Commonwealth,Week4,Hollin Meadows,Week3,265.0 Hollin Meadows - 136.0 Commonwealth
Chesterbrook,Week5,Springboard,Week5,377.0 Chesterbrook - 24.0 Springboard
Commonwealth,Week5,Donaldson Run,Week5,326.0 Donaldson Run - 76.0 Commonwealth
Chesterbrook,Week4,Highlands Swim,Week4,268.0 Chesterbrook - 134.0 Highlands Swim
Chesterbrook,Week1,Springfield,Week1,393.0 Chesterbrook - 9.0 Springfield
Commonwealth,Week4,Fair Oaks ,Week4,241.0 Fair Oaks - 161.0 Commonwealth
Commonwealth,Week4,Fair Oaks ,Week2,239.0 Fair Oaks - 163.0 Commonwealth
Commonwealth,Week5,Hollin Meadows,Week1,246.0 Hollin Meadows - 156.0 Commonwealth
Chesterbrook,Week3,Forest Hollow,Week5,357.0 Chesterbrook - 45.0 Forest Hollow
Commonwealth,Week4,Mount Vernon Park,Week5,295.0 Mount Vernon Park - 107.0 Commonwealth
Chesterbrook,Week2,Greenbriar,Week4,335.0 Chesterbrook - 67.0 Greenbriar
Commonwealth,Week4,Donaldson Run,Week1,335.0 Donaldson Run - 67.0 Commonwealth
Chesterbrook,Week1,Highlands Swim,Week3,250.5 Chesterbrook - 151.5 Highlands Swim
Commonwealth,Week2,Fair Oaks ,Week2,213.0 Fair Oaks - 189.0 Commonwealth
Commonwealth,Week5,Mount Vernon Park,Week4,276.0 Mount Vernon Park - 126.0 Commonwealth
Chesterbrook,Week4,Greenbriar,Week3,311.0 Chesterbrook - 91.0 Greenbriar
Chesterbrook,Week2,Springboard,Week5,379.0 Chesterbrook - 23.0 Springboard
Chesterbrook,Week5,Highland Park,Week5,342.0 Chesterbrook - 60.0 Highland Park
Commonwealth,Week3,Fair Oaks ,Week2,231.0 Fair Oaks - 171.0 Commonwealth
Commonwealth,Week3,Holmes Run Acres,Week5,274.0 Holmes Run Acres - 128.0 Commonwealth
Cardinal Hill,Week5,Sleepy Hollow Rec,Week1,278.0 Cardinal Hill - 124.0 Sleepy Hollow Rec
Chesterbrook,Week1,Springfield,Week2,394.0 Chesterbrook - 7.0 Springfield
Commonwealth,Week1,Newington Forest,Week3,205.0 Commonwealth - 195.0 Newington Forest
Commonwealth,Week4,Donaldson Run,Week5,347.0 Donaldson Run - 55.0 Commonwealth
Commonwealth,Week3,Dowden Terrace,Week1,229.0 Dowden Terrace - 173.0 Commonwealth
Commonwealth,Week5,Mosby Woods,Week5,292.0 Mosby Woods - 110.0 Commonwealth
Commonwealth,Week1,Holmes Run Acres,Week4,272.0 Holmes Run Acres - 129.0 Commonwealth
Chesterbrook,Week2,Forest Hollow,Week3,333.0 Chesterbrook - 69.0 Forest Hollow
Commonwealth,Week1,Newington Forest,Week1,213.0 Commonwealth - 187.0 Newington Forest
Commonwealth,Week1,Newington Forest,Week5,209.0 Newington Forest - 193.0 Commonwealth
Cardinal Hill,Week1,Stratford,Week1,315.0 Cardinal Hill - 87.0 Stratford
Commonwealth,Week1,Dowden Terrace,Week3,266.0 Dowden Terrace - 136.0 Commonwealth
Chesterbrook,Week1,Fox Hunt,Week1,338.0 Chesterbrook - 64.0 Fox Hunt
Commonwealth,Week5,Hollin Meadows,Week3,254.0 Hollin Meadows - 148.0 Commonwealth
Chesterbrook,Week5,Highland Park,Week2,349.0 Chesterbrook - 53.0 Highland Park
Chesterbrook,Week3,Hamlet,Week3,320.0 Chesterbrook - 82.0 Hamlet
Chesterbrook,Week4,Hamlet,Week1,290.5 Chesterbrook - 111.5 Hamlet
Commonwealth,Week5,Hollin Meadows,Week2,220.0 Hollin Meadows - 182.0 Commonwealth
Chesterbrook,Week2,Fox Hunt,Week2,351.0 Chesterbrook - 51.0 Fox Hunt
Chesterbrook,Week3,Springboard,Week1,380.0 Chesterbrook - 22.0 Springboard
Chesterbrook,Week3,Springboard,Week2,397.0 Chesterbrook - 5.0 Springboard
Chesterbrook,Week5,Highland Park,Week1,338.0 Chesterbrook - 64.0 Highland Park
Commonwealth,Week1,Fair Oaks ,Week4,277.0 Fair Oaks - 124.0 Commonwealth
Commonwealth,Week1,Mount Vernon Park,Week2,293.0 Mount Vernon Park - 109.0 Commonwealth
Cardinal Hill,Week4,Stratford,Week2,298.0 Cardinal Hill - 104.0 Stratford
Chesterbrook,Week4,Springboard,Week1,379.0 Chesterbrook - 23.0 Springboard
Commonwealth,Week1,Fair Oaks ,Week1,285.0 Fair Oaks - 117.0 Commonwealth
Commonwealth,Week2,Dowden Terrace,Week5,247.0 Dowden Terrace - 155.0 Commonwealth
Cardinal Hill,Week2,Stratford,Week4,256.0 Cardinal Hill - 146.0 Stratford
Chesterbrook,Week3,Forest Hollow,Week1,343.0 Chesterbrook - 59.0 Forest Hollow
Chesterbrook,Week3,Springboard,Week4,383.0 Chesterbrook - 19.0 Springboard
Chesterbrook,Week4,Hamlet,Week3,283.0 Chesterbrook - 119.0 Hamlet
Chesterbrook,Week4,Highland Park,Week5,335.0 Chesterbrook - 67.0 Highland Park
Commonwealth,Week3,Fair Oaks ,Week4,235.0 Fair Oaks - 167.0 Commonwealth
Commonwealth,Week5,Mosby Woods,Week4,275.0 Mosby Woods - 127.0 Commonwealth
Chesterbrook,Week1,Highlands Swim,Week2,242.0 Chesterbrook - 160.0 Highlands Swim
Chesterbrook,Week5,Fairfax Station,Week4,299.0 Chesterbrook - 103.0 Fairfax Station
Commonwealth,Week2,Fair Oaks ,Week1,248.0 Fair Oaks - 154.0 Commonwealth
Commonwealth,Week1,Hunt Valley,Week1,304.0 Hunt Valley - 98.0 Commonwealth
Chesterbrook,Week4,Hamlet,Week2,271.0 Chesterbrook - 131.0 Hamlet
Commonwealth,Week4,Dowden Terrace,Week2,245.0 Dowden Terrace - 157.0 Commonwealth
Commonwealth,Week3,Fair Oaks ,Week5,276.5 Fair Oaks - 125.5 Commonwealth
Commonwealth,Week2,Brandywine,Week5,247.0 Brandywine - 155.0 Commonwealth
Commonwealth,Week5,Arlington Forest,Week1,249.0 Arlington Forest - 153.0 Commonwealth
Cardinal Hill,Week5,Stratford,Week4,289.0 Cardinal Hill - 113.0 Stratford
Chesterbrook,Week4,Greenbriar,Week1,302.0 Chesterbrook - 100.0 Greenbriar
Chesterbrook,Week3,Greenbriar,Week4,336.0 Chesterbrook - 66.0 Greenbriar
Cardinal Hill,Week4,Stratford,Week4,283.0 Cardinal Hill - 119.0 Stratford
Chesterbrook,Week2,Highlands Swim,Week4,265.0 Chesterbrook - 137.0 Highlands Swim
Commonwealth,Week5,Hollin Meadows,Week5,260.0 Hollin Meadows - 142.0 Commonwealth
Commonwealth,Week2,Holmes Run Acres,Week1,213.5 Holmes Run Acres - 188.5 Commonwealth
Commonwealth,Week2,Mount Vernon Park,Week3,272.0 Mount Vernon Park - 130.0 Commonwealth
Chesterbrook,Week4,Springboard,Week4,383.0 Chesterbrook - 19.0 Springboard
Chesterbrook,Week1,Forest Hollow,Week1,317.0 Chesterbrook - 85.0 Forest Hollow
Cardinal Hill,Week1,Sully Station,Week5,234.0 Sully Station - 168.0 Cardinal Hill
Chesterbrook,Week1,Highlands Swim,Week4,258.0 Chesterbrook - 144.0 Highlands Swim
Commonwealth,Week4,Dowden Terrace,Week3,240.0 Dowden Terrace - 162.0 Commonwealth
Commonwealth,Week1,Mount Vernon Park,Week3,290.0 Mount Vernon Park - 107.0 Commonwealth
Chesterbrook,Week4,Forest Hollow,Week2,334.0 Chesterbrook - 68.0 Forest Hollow
Commonwealth,Week1,Fair Oaks ,Week5,294.0 Fair Oaks - 108.0 Commonwealth
Chesterbrook,Week4,Greenbriar,Week2,303.0 Chesterbrook - 99.0 Greenbriar
Chesterbrook,Week4,Highland Park,Week1,329.0 Chesterbrook - 73.0 Highland Park
Commonwealth,Week5,Arlington Forest,Week2,234.0 Arlington Forest - 168.0 Commonwealth
Chesterbrook,Week5,Fairfax Station,Week3,276.5 Chesterbrook - 125.5 Fairfax Station
Commonwealth,Week1,Mount Vernon Park,Week5,295.0 Mount Vernon Park - 102.0 Commonwealth
Commonwealth,Week3,Holmes Run Acres,Week4,231.0 Holmes Run Acres - 171.0 Commonwealth
Chesterbrook,Week4,Springboard,Week5,380.5 Chesterbrook - 21.5 Springboard
Commonwealth,Week2,Fair Oaks ,Week3,245.0 Fair Oaks - 157.0 Commonwealth
Commonwealth,Week2,Holmes Run Acres,Week3,253.0 Holmes Run Acres - 149.0 Commonwealth
Chesterbrook,Week1,Highlands Swim,Week5,242.0 Chesterbrook - 160.0 Highlands Swim
Chesterbrook,Week4,Springboard,Week3,383.0 Chesterbrook - 19.0 Springboard
Commonwealth,Week4,Arlington Forest,Week5,282.0 Arlington Forest - 120.0 Commonwealth
Chesterbrook,Week2,Forest Hollow,Week2,338.0 Chesterbrook - 64.0 Forest Hollow
Commonwealth,Week3,Arlington Forest,Week1,263.0 Arlington Forest - 139.0 Commonwealth
Commonwealth,Week3,Holmes Run Acres,Week1,222.0 Holmes Run Acres - 180.0 Commonwealth
Chesterbrook,Week5,Greenbriar,Week2,307.0 Chesterbrook - 95.0 Greenbriar
Cardinal Hill,Week3,Stratford,Week3,315.0 Cardinal Hill - 87.0 Stratford
Chesterbrook,Week3,Highlands Swim,Week3,284.0 Chesterbrook - 118.0 Highlands Swim
Chesterbrook,Week3,Highlands Swim,Week2,272.0 Chesterbrook - 130.0 Highlands Swim
Chesterbrook,Week3,Forest Hollow,Week3,356.0 Chesterbrook - 46.0 Forest Hollow
Commonwealth,Week2,Fair Oaks ,Week4,234.0 Fair Oaks - 168.0 Commonwealth
Commonwealth,Week4,Holmes Run Acres,Week5,282.0 Holmes Run Acres - 120.0 Commonwealth
Cardinal Hill,Week2,Sully Station,Week3,233.0 Sully Station - 169.0 Cardinal Hill
Commonwealth,Week3,Mount Vernon Park,Week4,284.0 Mount Vernon Park - 118.0 Commonwealth
Commonwealth,Week4,Fair Oaks ,Week1,266.0 Fair Oaks - 136.0 Commonwealth
Commonwealth,Week4,Mount Vernon Park,Week2,286.0 Mount Vernon Park - 116.0 Commonwealth
Chesterbrook,Week2,Hamlet,Week3,289.0 Chesterbrook - 113.0 Hamlet
Cardinal Hill,Week3,Stratford,Week4,305.0 Cardinal Hill - 97.0 Stratford
Commonwealth,Week3,Mount Vernon Park,Week5,296.0 Mount Vernon Park - 106.0 Commonwealth
Commonwealth,Week1,Brandywine,Week3,239.0 Brandywine - 158.0 Commonwealth
Commonwealth,Week1,Fair Oaks ,Week3,288.0 Fair Oaks - 114.0 Commonwealth
Chesterbrook,Week3,Highlands Swim,Week1,283.0 Chesterbrook - 119.0 Highlands Swim
Chesterbrook,Week1,Forest Hollow,Week4,320.0 Chesterbrook - 82.0 Forest Hollow
Chesterbrook,Week1,Hamlet,Week4,301.0 Chesterbrook - 101.0 Hamlet
Commonwealth,Week2,Hunt Valley,Week4,293.0 Hunt Valley - 109.0 Commonwealth
Commonwealth,Week5,Fair Oaks ,Week4,241.0 Fair Oaks - 161.0 Commonwealth
Commonwealth,Week3,Mount Vernon Park,Week2,289.0 Mount Vernon Park - 113.0 Commonwealth
Commonwealth,Week4,Arlington Forest,Week4,274.0 Arlington Forest - 128.0 Commonwealth
Commonwealth,Week4,Mount Vernon Park,Week4,292.0 Mount Vernon Park - 110.0 Commonwealth
Commonwealth,Week2,Holmes Run Acres,Week5,259.0 Holmes Run Acres - 143.0 Commonwealth
Cardinal Hill,Week3,Stratford,Week5,328.0 Cardinal Hill - 74.0 Stratford
Cardinal Hill,Week5,Stratford,Week5,286.0 Cardinal Hill - 116.0 Stratford
Chesterbrook,Week3,Forest Hollow,Week4,345.0 Chesterbrook - 57.0 Forest Hollow
Commonwealth,Week5,Fair Oaks ,Week3,246.0 Fair Oaks - 156.0 Commonwealth
Commonwealth,Week4,Arlington Forest,Week3,226.0 Arlington Forest - 176.0 Commonwealth
Commonwealth,Week3,Arlington Forest,Week4,266.0 Arlington Forest - 136.0 Commonwealth
Cardinal Hill,Week1,Sully Station,Week1,223.0 Sully Station - 179.0 Cardinal Hill
Commonwealth,Week1,Fairfax,Week2,306.0 Fairfax - 96.0 Commonwealth
Chesterbrook,Week4,Greenbriar,Week4,325.0 Chesterbrook - 77.0 Greenbriar
Commonwealth,Week2,Mount Vernon Park,Week1,270.0 Mount Vernon Park - 132.0 Commonwealth
Commonwealth,Week1,Brandywine,Week1,253.0 Brandywine - 144.0 Commonwealth
Commonwealth,Week5,Holmes Run Acres,Week1,205.0 Holmes Run Acres - 197.0 Commonwealth
Commonwealth,Week5,Arlington Forest,Week3,219.0 Arlington Forest - 183.0 Commonwealth
Chesterbrook,Week5,Forest Hollow,Week1,336.0 Chesterbrook - 66.0 Forest Hollow
Chesterbrook,Week2,Forest Hollow,Week1,330.5 Chesterbrook - 71.5 Forest Hollow
Cardinal Hill,Week2,Stratford,Week1,284.0 Cardinal Hill - 118.0 Stratford
Commonwealth,Week1,Mount Vernon Park,Week4,294.5 Mount Vernon Park - 107.5 Commonwealth
Chesterbrook,Week2,Hamlet,Week4,302.0 Chesterbrook - 100.0 Hamlet
Cardinal Hill,Week1,Stratford,Week5,314.0 Cardinal Hill - 88.0 Stratford
Cardinal Hill,Week4,Stratford,Week3,295.0 Cardinal Hill - 107.0 Stratford
Chesterbrook,Week3,Highlands Swim,Week5,272.0 Chesterbrook - 130.0 Highlands Swim
Commonwealth,Week4,Fair Oaks ,Week3,261.0 Fair Oaks - 141.0 Commonwealth
Chesterbrook,Week3,Forest Hollow,Week2,357.0 Chesterbrook - 45.0 Forest Hollow
Commonwealth,Week1,Fairfax,Week3,312.0 Fairfax - 90.0 Commonwealth
Chesterbrook,Week1,Forest Hollow,Week5,319.0 Chesterbrook - 83.0 Forest Hollow
Chesterbrook,Week3,Hollin Hills,Week1,390.0 Chesterbrook - 12.0 Hollin Hills
Chesterbrook,Week3,Greenbriar,Week5,333.0 Chesterbrook - 69.0 Greenbriar
Chesterbrook,Week3,Hamlet,Week1,316.0 Chesterbrook - 86.0 Hamlet
Chesterbrook,Week4,Highlands Swim,Week3,268.0 Chesterbrook - 134.0 Highlands Swim
Chesterbrook,Week3,Hamlet,Week2,305.0 Chesterbrook - 97.0 Hamlet
Commonwealth,Week2,Mount Vernon Park,Week2,269.0 Mount Vernon Park - 133.0 Commonwealth
Chesterbrook,Week5,Greenbriar,Week3,332.0 Chesterbrook - 70.0 Greenbriar
Commonwealth,Week5,Arlington Forest,Week4,273.0 Arlington Forest - 129.0 Commonwealth
Commonwealth,Week1,Holmes Run Acres,Week2,248.0 Holmes Run Acres - 153.0 Commonwealth
Commonwealth,Week5,Holmes Run Acres,Week3,248.0 Holmes Run Acres - 154.0 Commonwealth
Commonwealth,Week1,Holmes Run Acres,Week1,251.0 Holmes Run Acres - 149.0 Commonwealth
Chesterbrook,Week4,Forest Hollow,Week4,322.0 Chesterbrook - 80.0 Forest Hollow
Chesterbrook,Week4,Highlands Swim,Week2,256.0 Chesterbrook - 146.0 Highlands Swim
Commonwealth,Week3,Mount Vernon Park,Week3,281.0 Mount Vernon Park - 121.0 Commonwealth
Commonwealth,Week5,Fair Oaks ,Week2,220.0 Fair Oaks - 182.0 Commonwealth
Chesterbrook,Week3,Highlands Swim,Week4,284.3 Chesterbrook - 117.7 Highlands Swim
Commonwealth,Week3,Holmes Run Acres,Week3,256.0 Holmes Run Acres - 146.0 Commonwealth
Chesterbrook,Week5,Forest Hollow,Week5,329.0 Chesterbrook - 73.0 Forest Hollow
Commonwealth,Week2,Fairfax,Week2,281.0 Fairfax - 121.0 Commonwealth
Cardinal Hill,Week4,Stratford,Week1,308.0 Cardinal Hill - 94.0 Stratford
Commonwealth,Week3,Mount Vernon Park,Week1,282.0 Mount Vernon Park - 120.0 Commonwealth
Cardinal Hill,Week1,Sully Station,Week3,208.5 Cardinal Hill - 193.5 Sully Station
Chesterbrook,Week5,Highlands Swim,Week2,253.5 Chesterbrook - 148.5 Highlands Swim
Chesterbrook,Week5,Greenbriar,Week4,328.0 Chesterbrook - 74.0 Greenbriar
Commonwealth,Week2,Mount Vernon Park,Week5,286.0 Mount Vernon Park - 116.0 Commonwealth
Commonwealth,Week1,Fairfax,Week5,317.0 Fairfax - 85.0 Commonwealth
Commonwealth,Week5,Fairfax,Week3,299.0 Fairfax - 103.0 Commonwealth
Commonwealth,Week5,Holmes Run Acres,Week5,265.0 Holmes Run Acres - 137.0 Commonwealth
Commonwealth,Week1,Fairfax Club Estates,Week1,228.0 Fairfax Club Estates - 172.0 Commonwealth
Chesterbrook,Week5,Hollin Hills,Week2,384.0 Chesterbrook - 18.0 Hollin Hills
Commonwealth,Week2,Arlington Forest,Week5,255.0 Arlington Forest - 147.0 Commonwealth
Commonwealth,Week5,Mosby Woods,Week3,290.0 Mosby Woods - 112.0 Commonwealth
Commonwealth,Week1,Holmes Run Acres,Week3,280.0 Holmes Run Acres - 121.0 Commonwealth
Chesterbrook,Week2,Hollin Hills,Week2,384.0 Chesterbrook - 18.0 Hollin Hills
Chesterbrook,Week5,Fairfax Station,Week5,287.0 Chesterbrook - 115.0 Fairfax Station
Chesterbrook,Week1,Hollin Hills,Week5,375.0 Chesterbrook - 27.0 Hollin Hills
Commonwealth,Week4,Mount Vernon Park,Week3,291.0 Mount Vernon Park - 111.0 Commonwealth
Commonwealth,Week4,Arlington Forest,Week1,270.0 Arlington Forest - 132.0 Commonwealth
Cardinal Hill,Week2,Stratford,Week3,282.0 Cardinal Hill - 120.0 Stratford
Chesterbrook,Week5,Greenbriar,Week5,324.0 Chesterbrook - 78.0 Greenbriar
Chesterbrook,Week1,Hamlet,Week2,268.5 Chesterbrook - 133.5 Hamlet
Chesterbrook,Week5,Forest Hollow,Week2,338.0 Chesterbrook - 64.0 Forest Hollow
Chesterbrook,Week5,Forest Hollow,Week4,325.0 Chesterbrook - 77.0 Forest Hollow
Commonwealth,Week1,Brandywine,Week2,246.0 Brandywine - 156.0 Commonwealth
Chesterbrook,Week1,Hamlet,Week1,281.0 Chesterbrook - 121.0 Hamlet
Commonwealth,Week2,Holmes Run Acres,Week4,220.0 Holmes Run Acres - 182.0 Commonwealth
Chesterbrook,Week5,Greenbriar,Week1,320.0 Chesterbrook - 82.0 Greenbriar
Chesterbrook,Week1,Hamlet,Week5,252.0 Chesterbrook - 150.0 Hamlet
Commonwealth,Week5,Mount Vernon Park,Week1,268.0 Mount Vernon Park - 134.0 Commonwealth
Commonwealth,Week1,Brandywine,Week5,270.0 Brandywine - 132.0 Commonwealth
Commonwealth,Week3,Fairfax Club Estates,Week1,208.0 Fairfax Club Estates - 193.0 Commonwealth
Commonwealth,Week2,Arlington Forest,Week4,255.0 Arlington Forest - 147.0 Commonwealth
Commonwealth,Week4,Mount Vernon Park,Week1,270.0 Mount Vernon Park - 132.0 Commonwealth
Cardinal Hill,Week5,Stratford,Week1,289.0 Cardinal Hill - 112.0 Stratford
Chesterbrook,Week5,Forest Hollow,Week3,341.0 Chesterbrook - 61.0 Forest Hollow
Chesterbrook,Week4,Greenbriar,Week5,316.0 Chesterbrook - 86.0 Greenbriar
Commonwealth,Week4,Holmes Run Acres,Week3,276.0 Holmes Run Acres - 126.0 Commonwealth
Cardinal Hill,Week5,Stratford,Week3,294.0 Cardinal Hill - 108.0 Stratford
Commonwealth,Week1,Mount Vernon Park,Week1,288.0 Mount Vernon Park - 114.0 Commonwealth
Chesterbrook,Week4,Forest Hollow,Week5,329.0 Chesterbrook - 73.0 Forest Hollow
Commonwealth,Week4,Holmes Run Acres,Week4,245.0 Holmes Run Acres - 157.0 Commonwealth
Chesterbrook,Week1,Hollin Hills,Week2,374.0 Chesterbrook - 28.0 Hollin Hills
Cardinal Hill,Week1,Stratford,Week2,324.0 Cardinal Hill - 78.0 Stratford
Commonwealth,Week1,Brandywine,Week4,257.0 Brandywine - 145.0 Commonwealth
Commonwealth,Week3,Holmes Run Acres,Week2,228.0 Holmes Run Acres - 174.0 Commonwealth
Chesterbrook,Week3,Hollin Hills,Week3,389.0 Chesterbrook - 13.0 Hollin Hills
Chesterbrook,Week2,Forest Hollow,Week5,327.0 Chesterbrook - 75.0 Forest Hollow
Commonwealth,Week3,Fairfax Club Estates,Week3,208.0 Commonwealth - 193.0 Fairfax Club Estates
Chesterbrook,Week2,Hollin Hills,Week1,388.0 Chesterbrook - 14.0 Hollin Hills
Commonwealth,Week2,Fairfax Club Estates,Week1,204.0 Commonwealth - 197.0 Fairfax Club Estates
Commonwealth,Week4,Holmes Run Acres,Week1,235.0 Holmes Run Acres - 167.0 Commonwealth
Chesterbrook,Week4,Hollin Hills,Week1,385.0 Chesterbrook - 16.0 Hollin Hills
Commonwealth,Week4,Holmes Run Acres,Week2,234.0 Holmes Run Acres - 168.0 Commonwealth
Chesterbrook,Week4,Hollin Hills,Week5,387.0 Chesterbrook - 15.0 Hollin Hills
Commonwealth,Week2,Brandywine,Week3,215.0 Brandywine - 187.0 Commonwealth
Commonwealth,Week3,Fairfax Club Estates,Week5,209.0 Fairfax Club Estates - 193.0 Commonwealth
Chesterbrook,Week1,Fox Hunt,Week4,325.0 Chesterbrook - 77.0 Fox Hunt
Cardinal Hill,Week1,Stratford,Week4,295.5 Cardinal Hill - 106.5 Stratford
Commonwealth,Week3,Fairfax,Week1,276.0 Fairfax - 126.0 Commonwealth
Chesterbrook,Week3,Hollin Hills,Week4,394.0 Chesterbrook - 8.0 Hollin Hills
Commonwealth,Week5,Mount Vernon Park,Week3,278.0 Mount Vernon Park - 124.0 Commonwealth
Commonwealth,Week3,Arlington Forest,Week3,226.0 Arlington Forest - 176.0 Commonwealth
Chesterbrook,Week1,Fox Hunt,Week3,325.0 Chesterbrook - 72.0 Fox Hunt
Commonwealth,Week5,Holmes Run Acres,Week4,221.0 Holmes Run Acres - 181.0 Commonwealth
Commonwealth,Week5,Hollin Meadows,Week4,246.0 Hollin Meadows - 156.0 Commonwealth
Commonwealth,Week2,Holmes Run Acres,Week2,218.0 Holmes Run Acres - 184.0 Commonwealth
Chesterbrook,Week2,Hollin Meadows,Week2,341.0 Chesterbrook - 61.0 Hollin Meadows
Commonwealth,Week2,Brandywine,Week2,203.0 Commonwealth - 199.0 Brandywine
Commonwealth,Week1,Newington Forest,Week2,218.0 Commonwealth - 183.0 Newington Forest
Commonwealth,Week5,Newington Forest,Week3,261.0 Commonwealth - 141.0 Newington Forest
Cardinal Hill,Week5,Stratford,Week2,299.0 Cardinal Hill - 103.0 Stratford
Chesterbrook,Week1,Hollin Hills,Week4,376.0 Chesterbrook - 25.0 Hollin Hills
Chesterbrook,Week1,Hollin Hills,Week3,379.0 Chesterbrook - 23.0 Hollin Hills
Commonwealth,Week4,Fairfax,Week3,312.0 Fairfax - 90.0 Commonwealth
Chesterbrook,Week2,Hamlet,Week1,295.0 Chesterbrook - 107.0 Hamlet
Chesterbrook,Week1,Fox Hunt,Week2,331.0 Chesterbrook - 71.0 Fox Hunt
Commonwealth,Week5,Mount Vernon Park,Week5,287.0 Mount Vernon Park - 115.0 Commonwealth
Commonwealth,Week5,Holmes Run Acres,Week2,207.0 Holmes Run Acres - 195.0 Commonwealth
Cardinal Hill,Week3,Stratford,Week2,324.0 Cardinal Hill - 78.0 Stratford
Commonwealth,Week4,Fairfax Club Estates,Week3,201.0 Commonwealth - 200.0 Fairfax Club Estates
Chesterbrook,Week3,Hamlet,Week5,284.0 Chesterbrook - 118.0 Hamlet
Chesterbrook,Week2,Hamlet,Week2,280.0 Chesterbrook - 122.0 Hamlet
Commonwealth,Week1,Fairfax Club Estates,Week4,240.0 Fairfax Club Estates - 162.0 Commonwealth
Commonwealth,Week5,Fairfax,Week2,289.0 Fairfax - 113.0 Commonwealth
Chesterbrook,Week1,Fox Hunt,Week5,320.0 Chesterbrook - 82.0 Fox Hunt
Commonwealth,Week2,Brandywine,Week1,212.0 Brandywine - 190.0 Commonwealth
Cardinal Hill,Week4,Stratford,Week5,291.0 Cardinal Hill - 111.0 Stratford
Commonwealth,Week1,Newington Forest,Week4,205.0 Commonwealth - 190.0 Newington Forest
Chesterbrook,Week3,Hayfield Farm,Week4,347.0 Chesterbrook - 55.0 Hayfield Farm
Cardinal Hill,Week2,Stratford,Week5,282.0 Cardinal Hill - 120.0 Stratford
Commonwealth,Week3,Arlington Forest,Week5,262.0 Arlington Forest - 140.0 Commonwealth
Cardinal Hill,Week1,Stratford,Week3,311.0 Cardinal Hill - 91.0 Stratford
Chesterbrook,Week4,Forest Hollow,Week3,337.0 Chesterbrook - 65.0 Forest Hollow
Chesterbrook,Week2,Hamlet,Week5,258.0 Chesterbrook - 144.0 Hamlet
Commonwealth,Week4,Arlington Forest,Week2,250.0 Arlington Forest - 152.0 Commonwealth
Chesterbrook,Week3,Hamlet,Week4,336.0 Chesterbrook - 66.0 Hamlet
Cardinal Hill,Week1,Sully Station,Week2,206.0 Sully Station - 196.0 Cardinal Hill
Commonwealth,Week3,Arlington Forest,Week2,242.5 Arlington Forest - 159.5 Commonwealth
Commonwealth,Week3,Newington Forest,Week2,251.0 Commonwealth - 151.0 Newington Forest
Chesterbrook,Week3,Hayfield Farm,Week5,355.0 Chesterbrook - 47.0 Hayfield Farm
Chesterbrook,Week2,Fox Hunt,Week4,344.0 Chesterbrook - 58.0 Fox Hunt
Commonwealth,Week4,Newington Forest,Week1,252.0 Commonwealth - 149.0 Newington Forest
Chesterbrook,Week2,Fox Hunt,Week5,334.0 Chesterbrook - 68.0 Fox Hunt
Commonwealth,Week2,Hunt Valley,Week2,290.0 Hunt Valley - 112.0 Commonwealth
Cardinal Hill,Week2,Stratford,Week2,285.0 Cardinal Hill - 112.0 Stratford
Chesterbrook,Week2,Fox Hunt,Week1,348.0 Chesterbrook - 54.0 Fox Hunt
Commonwealth,Week1,Hunt Valley,Week2,305.0 Hunt Valley - 97.0 Commonwealth
Chesterbrook,Week5,Highlands Swim,Week3,256.0 Chesterbrook - 146.0 Highlands Swim
Commonwealth,Week3,Fairfax,Week2,282.0 Fairfax - 120.0 Commonwealth
Chesterbrook,Week2,Fox Hunt,Week3,336.0 Chesterbrook - 66.0 Fox Hunt
Commonwealth,Week5,Arlington Forest,Week5,256.0 Arlington Forest - 146.0 Commonwealth
Commonwealth,Week2,North Springfield,Week1,250.0 Commonwealth - 96.0 North Springfield
Cardinal Hill,Week3,Stratford,Week1,318.0 Cardinal Hill - 84.0 Stratford
Commonwealth,Week2,Brandywine,Week4,225.0 Brandywine - 177.0 Commonwealth
Chesterbrook,Week4,Hamlet,Week4,312.0 Chesterbrook - 90.0 Hamlet
Chesterbrook,Week5,Highlands Swim,Week4,270.0 Chesterbrook - 132.0 Highlands Swim
Chesterbrook,Week4,Hollin Hills,Week4,393.0 Chesterbrook - 8.0 Hollin Hills
Commonwealth,Week3,Newington Forest,Week1,268.0 Commonwealth - 133.0 Newington Forest
Commonwealth,Week4,Fairfax,Week1,292.0 Fairfax - 110.0 Commonwealth
Commonwealth,Week2,Hunt Valley,Week1,288.5 Hunt Valley - 113.5 Commonwealth
Cardinal Hill,Week1,Sully Station,Week4,203.5 Cardinal Hill - 198.5 Sully Station
Chesterbrook,Week2,Hollin Hills,Week5,386.0 Chesterbrook - 16.0 Hollin Hills
Commonwealth,Week1,Hunt Valley,Week3,323.0 Hunt Valley - 79.0 Commonwealth
Commonwealth,Week2,Fairfax,Week5,291.0 Fairfax - 111.0 Commonwealth
Chesterbrook,Week4,Hayfield Farm,Week4,343.0 Chesterbrook - 59.0 Hayfield Farm
Commonwealth,Week1,Bren Mar-Edsall Park,Week2,289.0 Commonwealth - 105.0 Bren Mar-Edsall Park
Chesterbrook,Week3,Hollin Hills,Week2,385.0 Chesterbrook - 17.0 Hollin Hills
Cardinal Hill,Week2,Sully Station,Week4,226.0 Sully Station - 176.0 Cardinal Hill
Commonwealth,Week2,Bren Mar-Edsall Park,Week4,331.0 Commonwealth - 69.0 Bren Mar-Edsall Park
Chesterbrook,Week5,Hayfield Farm,Week4,348.0 Chesterbrook - 54.0 Hayfield Farm
Chesterbrook,Week5,Hamlet,Week1,302.0 Chesterbrook - 100.0 Hamlet
Commonwealth,Week2,Hunt Valley,Week3,304.0 Hunt Valley - 98.0 Commonwealth
Commonwealth,Week2,North Springfield,Week5,226.0 Commonwealth - 146.0 North Springfield
Commonwealth,Week3,Brandywine,Week4,247.0 Brandywine - 155.0 Commonwealth
Chesterbrook,Week3,Fox Hunt,Week2,359.0 Chesterbrook - 43.0 Fox Hunt
Commonwealth,Week1,Hunt Valley,Week5,336.0 Hunt Valley - 66.0 Commonwealth
Commonwealth,Week2,North Springfield,Week4,271.0 Commonwealth - 118.0 North Springfield
Chesterbrook,Week2,Hollin Hills,Week4,387.5 Chesterbrook - 14.5 Hollin Hills
Chesterbrook,Week4,Hayfield Farm,Week5,346.0 Chesterbrook - 56.0 Hayfield Farm
Cardinal Hill,Week2,Sully Station,Week2,238.0 Sully Station - 159.0 Cardinal Hill
Chesterbrook,Week3,Fox Hunt,Week1,361.0 Chesterbrook - 41.0 Fox Hunt
Commonwealth,Week1,Hunt Valley,Week4,310.0 Hunt Valley - 92.0 Commonwealth
Commonwealth,Week4,Fairfax,Week5,328.0 Fairfax - 74.0 Commonwealth
Chesterbrook,Week4,Highlands Swim,Week5,251.5 Chesterbrook - 150.5 Highlands Swim
Chesterbrook,Week3,Fox Hunt,Week3,350.0 Chesterbrook - 52.0 Fox Hunt
Commonwealth,Week3,Newington Forest,Week5,226.0 Commonwealth - 176.0 Newington Forest
Commonwealth,Week4,Fairfax,Week4,304.0 Fairfax - 98.0 Commonwealth
Commonwealth,Week4,Fairfax,Week2,310.0 Fairfax - 92.0 Commonwealth
Commonwealth,Week3,Brandywine,Week2,222.0 Brandywine - 180.0 Commonwealth
Cardinal Hill,Week2,Sully Station,Week1,254.0 Sully Station - 148.0 Cardinal Hill
Commonwealth,Week1,Fairfax Club Estates,Week3,225.0 Fairfax Club Estates - 175.0 Commonwealth
Cardinal Hill,Week3,Sully Station,Week3,206.0 Sully Station - 196.0 Cardinal Hill
Commonwealth,Week5,Fairfax,Week4,299.0 Fairfax - 103.0 Commonwealth
Commonwealth,Week4,Brandywine,Week5,264.0 Brandywine - 138.0 Commonwealth
Commonwealth,Week3,Fairfax,Week5,307.0 Fairfax - 95.0 Commonwealth
Commonwealth,Week4,Newington Forest,Week2,230.0 Commonwealth - 172.0 Newington Forest
Commonwealth,Week3,Bren Mar-Edsall Park,Week2,335.0 Commonwealth - 61.0 Bren Mar-Edsall Park
Chesterbrook,Week5,Highlands Swim,Week1,270.5 Chesterbrook - 131.5 Highlands Swim
Commonwealth,Week5,Hunt Valley,Week4,300.0 Hunt Valley - 102.0 Commonwealth
Chesterbrook,Week1,Hayfield Farm,Week4,336.0 Chesterbrook - 66.0 Hayfield Farm
Chesterbrook,Week1,Hollin Hills,Week1,376.0 Chesterbrook - 26.0 Hollin Hills
Cardinal Hill,Week4,Sully Station,Week1,227.0 Sully Station - 175.0 Cardinal Hill
Chesterbrook,Week1,Herndon,Week3,381.0 Chesterbrook - 16.0 Herndon
Commonwealth,Week2,Hunt Valley,Week5,307.0 Hunt Valley - 95.0 Commonwealth
Commonwealth,Week2,Fairfax Club Estates,Week2,220.0 Commonwealth - 182.0 Fairfax Club Estates
Chesterbrook,Week3,Fox Hunt,Week5,349.0 Chesterbrook - 53.0 Fox Hunt
Commonwealth,Week4,Hunt Valley,Week2,305.0 Hunt Valley - 97.0 Commonwealth
Commonwealth,Week1,Fairfax Club Estates,Week2,212.0 Fairfax Club Estates - 189.0 Commonwealth
Commonwealth,Week5,Hunt Valley,Week1,295.0 Hunt Valley - 107.0 Commonwealth
Commonwealth,Week3,North Springfield,Week1,248.0 Commonwealth - 96.0 North Springfield
Commonwealth,Week2,Newington Forest,Week5,227.5 Commonwealth - 174.5 Newington Forest
Commonwealth,Week4,Bren Mar-Edsall Park,Week1,321.0 Commonwealth - 79.0 Bren Mar-Edsall Park
Cardinal Hill,Week4,Sully Station,Week4,222.0 Sully Station - 180.0 Cardinal Hill
Chesterbrook,Week3,Hayfield Farm,Week3,343.0 Chesterbrook - 59.0 Hayfield Farm
Chesterbrook,Week3,Hayfield Farm,Week1,355.0 Chesterbrook - 47.0 Hayfield Farm
Chesterbrook,Week1,Hayfield Farm,Week5,330.0 Chesterbrook - 72.0 Hayfield Farm
Chesterbrook,Week2,Hayfield Farm,Week2,348.0 Chesterbrook - 54.0 Hayfield Farm
Cardinal Hill,Week4,Sully Station,Week5,236.0 Sully Station - 166.0 Cardinal Hill
Chesterbrook,Week5,Hayfield Farm,Week5,349.0 Chesterbrook - 53.0 Hayfield Farm
Commonwealth,Week3,Newington Forest,Week3,250.0 Commonwealth - 152.0 Newington Forest
Commonwealth,Week4,Hunt Valley,Week3,331.0 Hunt Valley - 71.0 Commonwealth
Commonwealth,Week5,Brandywine,Week3,212.0 Brandywine - 189.0 Commonwealth
Commonwealth,Week1,Bren Mar-Edsall Park,Week5,277.0 Commonwealth - 111.0 Bren Mar-Edsall Park
Commonwealth,Week2,Bren Mar-Edsall Park,Week2,347.0 Commonwealth - 54.0 Bren Mar-Edsall Park
Chesterbrook,Week3,Fox Hunt,Week4,358.0 Chesterbrook - 44.0 Fox Hunt
Commonwealth,Week4,Newington Forest,Week4,213.0 Commonwealth - 184.0 Newington Forest
Chesterbrook,Week3,Hollin Hills,Week5,391.0 Chesterbrook - 11.0 Hollin Hills
Cardinal Hill,Week5,Sully Station,Week1,233.0 Sully Station - 169.0 Cardinal Hill
Commonwealth,Week2,Fairfax Club Estates,Week5,208.0 Commonwealth - 194.0 Fairfax Club Estates
Chesterbrook,Week5,Highlands Swim,Week5,257.0 Chesterbrook - 145.0 Highlands Swim
Commonwealth,Week5,Hunt Valley,Week2,299.0 Hunt Valley - 103.0 Commonwealth
Chesterbrook,Week4,Hollin Hills,Week3,389.0 Chesterbrook - 13.0 Hollin Hills
Commonwealth,Week2,Fairfax Club Estates,Week4,204.0 Commonwealth - 198.0 Fairfax Club Estates
Cardinal Hill,Week4,Sully Station,Week2,204.0 Sully Station - 198.0 Cardinal Hill
Chesterbrook,Week2,Hollin Hills,Week3,385.0 Chesterbrook - 17.0 Hollin Hills
Commonwealth,Week4,Newington Forest,Week5,205.0 Commonwealth - 197.0 Newington Forest
Chesterbrook,Week1,Hayfield Farm,Week1,339.0 Chesterbrook - 63.0 Hayfield Farm
Commonwealth,Week1,Hunter Mill,Week3,301.0 Hunter Mill - 99.0 Commonwealth
Cardinal Hill,Week5,Sully Station,Week5,239.0 Sully Station - 163.0 Cardinal Hill
Chesterbrook,Week5,Hollin Hills,Week4,393.0 Chesterbrook - 9.0 Hollin Hills
Cardinal Hill,Week1,Sully Station II,Week1,210.0 Cardinal Hill - 192.0 Sully Station II
Commonwealth,Week5,Fairfax,Week1,280.0 Fairfax - 122.0 Commonwealth
Commonwealth,Week2,Bren Mar-Edsall Park,Week5,330.0 Commonwealth - 72.0 Bren Mar-Edsall Park
Commonwealth,Week1,Hunter Mill,Week4,290.0 Hunter Mill - 111.0 Commonwealth
Commonwealth,Week4,Brandywine,Week4,254.0 Brandywine - 148.0 Commonwealth
Commonwealth,Week1,North Springfield,Week3,220.0 Commonwealth - 167.0 North Springfield
Chesterbrook,Week4,Hollin Hills,Week2,387.0 Chesterbrook - 14.0 Hollin Hills
Commonwealth,Week3,Fairfax,Week4,287.0 Fairfax - 115.0 Commonwealth
Chesterbrook,Week2,Hayfield Farm,Week1,349.0 Chesterbrook - 53.0 Hayfield Farm
Commonwealth,Week3,Brandywine,Week1,229.0 Brandywine - 173.0 Commonwealth
Chesterbrook,Week5,Hollin Hills,Week1,388.0 Chesterbrook - 14.0 Hollin Hills
Commonwealth,Week1,Hunter Mill,Week2,297.0 Hunter Mill - 100.0 Commonwealth
Cardinal Hill,Week3,Sully Station,Week2,202.5 Sully Station - 199.5 Cardinal Hill
Chesterbrook,Week5,Hamlet,Week3,301.0 Chesterbrook - 101.0 Hamlet
Commonwealth,Week2,Newington Forest,Week1,268.0 Commonwealth - 133.0 Newington Forest
Commonwealth,Week5,Brandywine,Week5,237.0 Brandywine - 165.0 Commonwealth
Commonwealth,Week2,Newington Forest,Week2,257.0 Commonwealth - 144.0 Newington Forest
Cardinal Hill,Week5,Sully Station,Week3,223.0 Sully Station - 179.0 Cardinal Hill
Commonwealth,Week4,Hunt Valley,Week1,302.0 Hunt Valley - 100.0 Commonwealth
Commonwealth,Week5,Fairfax,Week5,310.0 Fairfax - 92.0 Commonwealth
Commonwealth,Week1,North Springfield,Week2,213.0 Commonwealth - 161.0 North Springfield
Chesterbrook,Week5,Hamlet,Week5,266.0 Chesterbrook - 136.0 Hamlet
Cardinal Hill,Week1,Sully Station II,Week3,231.0 Sully Station II - 171.0 Cardinal Hill
Commonwealth,Week3,Fairfax,Week3,295.0 Fairfax - 107.0 Commonwealth
Commonwealth,Week5,Newington Forest,Week2,252.0 Commonwealth - 150.0 Newington Forest
Chesterbrook,Week5,Hollin Hills,Week3,390.0 Chesterbrook - 12.0 Hollin Hills
Commonwealth,Week3,Bren Mar-Edsall Park,Week5,322.0 Commonwealth - 77.0 Bren Mar-Edsall Park
Cardinal Hill,Week5,Sully Station,Week2,211.0 Sully Station - 191.0 Cardinal Hill
Cardinal Hill,Week3,Sully Station,Week1,213.0 Sully Station - 189.0 Cardinal Hill
Commonwealth,Week1,Fairfax Club Estates,Week5,233.5 Fairfax Club Estates - 163.5 Commonwealth
Commonwealth,Week2,North Springfield,Week2,265.0 Commonwealth - 121.0 North Springfield
Commonwealth,Week5,Hunt Valley,Week3,316.0 Hunt Valley - 86.0 Commonwealth
Chesterbrook,Week5,Hollin Hills,Week5,391.0 Chesterbrook - 11.0 Hollin Hills
Commonwealth,Week3,Fairfax Club Estates,Week2,213.0 Commonwealth - 188.0 Fairfax Club Estates
Commonwealth,Week2,Bren Mar-Edsall Park,Week1,339.0 Commonwealth - 62.0 Bren Mar-Edsall Park
Commonwealth,Week5,Bren Mar-Edsall Park,Week1,329.0 Commonwealth - 73.0 Bren Mar-Edsall Park
Chesterbrook,Week4,Lakevale Estates,Week4,295.5 Chesterbrook - 106.5 Lakevale Estates
Cardinal Hill,Week2,Sully Station,Week5,262.0 Sully Station - 140.0 Cardinal Hill
Chesterbrook,Week2,Hayfield Farm,Week5,338.0 Chesterbrook - 64.0 Hayfield Farm
Commonwealth,Week2,Newington Forest,Week3,256.0 Commonwealth - 145.0 Newington Forest
Chesterbrook,Week1,Lakeview,Week1,374.0 Chesterbrook - 28.0 Lakeview
Commonwealth,Week2,Fairfax Club Estates,Week3,212.0 Commonwealth - 189.0 Fairfax Club Estates
Commonwealth,Week1,Hunter Mill,Week5,302.0 Hunter Mill - 100.0 Commonwealth
Chesterbrook,Week1,Hollin Meadows,Week3,324.0 Chesterbrook - 78.0 Hollin Meadows
Chesterbrook,Week1,Hollin Meadows,Week2,328.0 Chesterbrook - 74.0 Hollin Meadows
Chesterbrook,Week2,Hayfield Farm,Week3,337.0 Chesterbrook - 65.0 Hayfield Farm
Commonwealth,Week1,North Springfield,Week4,220.5 Commonwealth - 162.5 North Springfield
Chesterbrook,Week2,Hayfield Farm,Week4,342.0 Chesterbrook - 60.0 Hayfield Farm
Chesterbrook,Week2,Lakevale Estates,Week4,289.0 Chesterbrook - 113.0 Lakevale Estates
Commonwealth,Week4,Hunt Valley,Week4,309.0 Hunt Valley - 93.0 Commonwealth
Chesterbrook,Week3,Lakeview,Week3,381.0 Chesterbrook - 21.0 Lakeview
Chesterbrook,Week3,Hayfield Farm,Week2,361.0 Chesterbrook - 41.0 Hayfield Farm
Commonwealth,Week4,Brandywine,Week3,231.0 Brandywine - 166.0 Commonwealth
Commonwealth,Week2,Hunter Mill,Week1,271.0 Hunter Mill - 131.0 Commonwealth
Commonwealth,Week3,Brandywine,Week5,259.0 Brandywine - 143.0 Commonwealth
Commonwealth,Week2,Newington Forest,Week4,251.0 Commonwealth - 151.0 Newington Forest
Chesterbrook,Week1,Hollin Meadows,Week5,319.0 Chesterbrook - 83.0 Hollin Meadows
Commonwealth,Week2,Hunter Mill,Week3,271.0 Hunter Mill - 131.0 Commonwealth
Commonwealth,Week4,Newington Forest,Week3,226.0 Commonwealth - 176.0 Newington Forest
Commonwealth,Week3,Fairfax Club Estates,Week4,201.0 Commonwealth - 201.0 Fairfax Club Estates
Chesterbrook,Week2,Hollin Meadows,Week1,331.0 Chesterbrook - 71.0 Hollin Meadows
Chesterbrook,Week1,Hollin Meadows,Week4,333.0 Chesterbrook - 69.0 Hollin Meadows
Commonwealth,Week5,Newington Forest,Week4,246.0 Commonwealth - 156.0 Newington Forest
Commonwealth,Week4,Fairfax Club Estates,Week1,215.0 Fairfax Club Estates - 186.0 Commonwealth
Commonwealth,Week2,Hunter Mill,Week2,266.0 Hunter Mill - 134.0 Commonwealth
Commonwealth,Week4,Brandywine,Week1,230.0 Brandywine - 172.0 Commonwealth
Chesterbrook,Week4,Hamlet,Week5,257.0 Chesterbrook - 145.0 Hamlet
Chesterbrook,Week1,Hayfield Farm,Week2,345.0 Chesterbrook - 57.0 Hayfield Farm
Chesterbrook,Week1,Lakeview,Week5,371.0 Chesterbrook - 22.0 Lakeview
Cardinal Hill,Week4,Sully Station,Week3,221.0 Sully Station - 181.0 Cardinal Hill
Cardinal Hill,Week5,Sully Station,Week4,211.0 Sully Station - 191.0 Cardinal Hill
Commonwealth,Week3,Newington Forest,Week4,240.0 Commonwealth - 162.0 Newington Forest
Cardinal Hill,Week1,Sully Station II,Week2,226.0 Sully Station II - 176.0 Cardinal Hill
Commonwealth,Week4,Fairfax Club Estates,Week2,201.0 Commonwealth - 200.0 Fairfax Club Estates
Chesterbrook,Week1,Hayfield Farm,Week3,330.0 Chesterbrook - 72.0 Hayfield Farm
Commonwealth,Week1,Fairfax Station,Week5,317.5 Fairfax Station - 84.5 Commonwealth
Commonwealth,Week1,Hunter Mill,Week1,292.0 Hunter Mill - 105.0 Commonwealth
Commonwealth,Week3,Hunt Valley,Week3,327.0 Hunt Valley - 75.0 Commonwealth
Commonwealth,Week1,Fairfax Station,Week2,311.0 Fairfax Station - 86.0 Commonwealth
Commonwealth,Week4,Bren Mar-Edsall Park,Week5,308.0 Commonwealth - 93.0 Bren Mar-Edsall Park
Commonwealth,Week3,Hunt Valley,Week2,301.0 Hunt Valley - 101.0 Commonwealth
Chesterbrook,Week4,Lakevale Estates,Week3,315.0 Chesterbrook - 87.0 Lakevale Estates
Cardinal Hill,Week3,Sully Station,Week4,214.0 Cardinal Hill - 188.0 Sully Station
Chesterbrook,Week4,Lakevale Estates,Week1,315.0 Chesterbrook - 87.0 Lakevale Estates
Commonwealth,Week3,Brandywine,Week3,228.0 Brandywine - 174.0 Commonwealth
Chesterbrook,Week1,Hollin Meadows,Week1,315.0 Chesterbrook - 87.0 Hollin Meadows
Cardinal Hill,Week3,Sully Station,Week5,219.0 Sully Station - 183.0 Cardinal Hill
Commonwealth,Week5,Newington Forest,Week1,261.0 Commonwealth - 141.0 Newington Forest
Chesterbrook,Week3,Lakeview,Week5,377.0 Chesterbrook - 16.0 Lakeview
Chesterbrook,Week4,Lakeview,Week2,388.5 Chesterbrook - 13.5 Lakeview
Chesterbrook,Week5,Hamlet,Week4,320.0 Chesterbrook - 82.0 Hamlet
Chesterbrook,Week5,Hamlet,Week2,300.0 Chesterbrook - 102.0 Hamlet
Chesterbrook,Week3,Hollin Meadows,Week2,354.0 Chesterbrook - 48.0 Hollin Meadows
Commonwealth,Week4,Fairfax Station,Week4,299.0 Fairfax Station - 103.0 Commonwealth
Chesterbrook,Week4,Hollin Meadows,Week3,353.0 Chesterbrook - 49.0 Hollin Meadows
Commonwealth,Week5,Brandywine,Week1,209.0 Commonwealth - 193.0 Brandywine
Chesterbrook,Week5,Hayfield Farm,Week1,357.0 Chesterbrook - 45.0 Hayfield Farm
Commonwealth,Week5,Hunt Valley,Week5,317.0 Hunt Valley - 85.0 Commonwealth
Commonwealth,Week5,Brandywine,Week2,209.0 Brandywine - 193.0 Commonwealth
Chesterbrook,Week4,Hayfield Farm,Week3,340.0 Chesterbrook - 62.0 Hayfield Farm
Commonwealth,Week3,Hunt Valley,Week4,312.0 Hunt Valley - 90.0 Commonwealth
Commonwealth,Week2,Fairfax Station,Week2,294.0 Fairfax Station - 108.0 Commonwealth
Commonwealth,Week1,North Springfield,Week5,203.0 Commonwealth - 162.0 North Springfield
Commonwealth,Week4,Brandywine,Week2,229.0 Brandywine - 173.0 Commonwealth
Chesterbrook,Week3,Hollin Meadows,Week1,347.0 Chesterbrook - 55.0 Hollin Meadows
Chesterbrook,Week4,Hollin Meadows,Week2,353.0 Chesterbrook - 49.0 Hollin Meadows
Commonwealth,Week5,Fairfax Club Estates,Week1,207.0 Fairfax Club Estates - 195.0 Commonwealth
Commonwealth,Week5,Newington Forest,Week5,221.0 Commonwealth - 181.0 Newington Forest
Commonwealth,Week3,Fairfax Station,Week3,314.0 Fairfax Station - 88.0 Commonwealth
Chesterbrook,Week5,Lakevale Estates,Week4,291.0 Chesterbrook - 111.0 Lakevale Estates
Commonwealth,Week2,Hunter Mill,Week5,276.0 Hunter Mill - 126.0 Commonwealth
Commonwealth,Week3,North Springfield,Week3,249.0 Commonwealth - 140.0 North Springfield
Chesterbrook,Week4,Hayfield Farm,Week2,356.0 Chesterbrook - 46.0 Hayfield Farm
Chesterbrook,Week5,Lakevale Estates,Week5,294.0 Chesterbrook - 108.0 Lakevale Estates
Commonwealth,Week1,North Springfield,Week1,220.0 Commonwealth - 119.0 North Springfield
Commonwealth,Week2,Hunter Mill,Week4,271.0 Hunter Mill - 130.0 Commonwealth
Commonwealth,Week2,North Springfield,Week3,253.0 Commonwealth - 142.0 North Springfield
Commonwealth,Week1,Bren Mar-Edsall Park,Week1,285.0 Commonwealth - 112.0 Bren Mar-Edsall Park
Chesterbrook,Week4,Lakevale Estates,Week2,313.0 Chesterbrook - 89.0 Lakevale Estates
Chesterbrook,Week2,Lakevale Estates,Week3,302.0 Chesterbrook - 100.0 Lakevale Estates
Chesterbrook,Week2,Hollin Meadows,Week5,335.0 Chesterbrook - 67.0 Hollin Meadows
Chesterbrook,Week4,Hollin Meadows,Week5,342.0 Chesterbrook - 60.0 Hollin Meadows
Chesterbrook,Week3,Lakevale Estates,Week5,304.0 Chesterbrook - 98.0 Lakevale Estates
Commonwealth,Week4,Fairfax Club Estates,Week5,205.0 Fairfax Club Estates - 192.0 Commonwealth
Chesterbrook,Week4,Hayfield Farm,Week1,347.0 Chesterbrook - 55.0 Hayfield Farm
Commonwealth,Week5,Brandywine,Week4,220.0 Brandywine - 182.0 Commonwealth
Commonwealth,Week3,Oakton ,Week2,310.0 Oakton - 92.0 Commonwealth
Commonwealth,Week4,Hunter Mill,Week4,281.0 Hunter Mill - 121.0 Commonwealth
Commonwealth,Week1,Bren Mar-Edsall Park,Week4,267.0 Commonwealth - 125.0 Bren Mar-Edsall Park
Chesterbrook,Week5,Hollin Meadows,Week2,344.0 Chesterbrook - 58.0 Hollin Meadows
Chesterbrook,Week2,Lakeview,Week2,386.0 Chesterbrook - 16.0 Lakeview
Chesterbrook,Week5,Hayfield Farm,Week2,359.0 Chesterbrook - 43.0 Hayfield Farm
Commonwealth,Week4,North Springfield,Week4,260.0 Commonwealth - 128.0 North Springfield
Commonwealth,Week3,Hunt Valley,Week5,327.0 Hunt Valley - 75.0 Commonwealth
Commonwealth,Week1,Bren Mar-Edsall Park,Week3,288.0 Commonwealth - 113.0 Bren Mar-Edsall Park
Chesterbrook,Week5,Hollin Meadows,Week5,333.0 Chesterbrook - 69.0 Hollin Meadows
Commonwealth,Week2,Bren Mar-Edsall Park,Week3,338.0 Commonwealth - 64.0 Bren Mar-Edsall Park
Chesterbrook,Week3,Lakevale Estates,Week1,325.0 Chesterbrook - 77.0 Lakevale Estates
Chesterbrook,Week5,Hayfield Farm,Week3,335.0 Chesterbrook - 67.0 Hayfield Farm
Commonwealth,Week4,Fairfax Station,Week1,298.0 Fairfax Station - 104.0 Commonwealth
Commonwealth,Week4,Hunt Valley,Week5,337.0 Hunt Valley - 65.0 Commonwealth
Commonwealth,Week5,Fairfax Club Estates,Week3,205.0 Commonwealth - 197.0 Fairfax Club Estates
Commonwealth,Week3,Hunt Valley,Week1,299.0 Hunt Valley - 103.0 Commonwealth
Commonwealth,Week3,Oakton ,Week4,310.0 Oakton - 92.0 Commonwealth
Chesterbrook,Week1,Herndon,Week1,377.0 Chesterbrook - 25.0 Herndon
Chesterbrook,Week3,Hollin Meadows,Week3,356.0 Chesterbrook - 46.0 Hollin Meadows
Commonwealth,Week4,Fairfax Club Estates,Week4,215.5 Fairfax Club Estates - 186.5 Commonwealth
Chesterbrook,Week2,Lakeview,Week3,377.0 Chesterbrook - 25.0 Lakeview
Commonwealth,Week3,Bren Mar-Edsall Park,Week1,330.0 Commonwealth - 68.0 Bren Mar-Edsall Park
Chesterbrook,Week4,Hollin Meadows,Week4,349.0 Chesterbrook - 53.0 Hollin Meadows
Chesterbrook,Week3,Lakevale Estates,Week2,321.0 Chesterbrook - 81.0 Lakevale Estates
Chesterbrook,Week5,Herndon,Week5,387.0 Chesterbrook - 15.0 Herndon
Commonwealth,Week2,Oakton ,Week1,297.0 Oakton - 105.0 Commonwealth
Chesterbrook,Week4,Lakevale Estates,Week5,292.0 Chesterbrook - 110.0 Lakevale Estates
Commonwealth,Week2,Oakton ,Week4,293.0 Oakton - 109.0 Commonwealth
Commonwealth,Week5,Fairfax Club Estates,Week4,211.0 Commonwealth - 191.0 Fairfax Club Estates
Commonwealth,Week4,Fairfax Station,Week3,318.0 Fairfax Station - 84.0 Commonwealth
Chesterbrook,Week1,Lakeview,Week4,377.0 Chesterbrook - 25.0 Lakeview
Commonwealth,Week4,Bren Mar-Edsall Park,Week4,311.0 Commonwealth - 88.0 Bren Mar-Edsall Park
Chesterbrook,Week5,Herndon,Week3,390.0 Chesterbrook - 12.0 Herndon
Commonwealth,Week5,Hunter Mill,Week4,278.0 Hunter Mill - 124.0 Commonwealth
Chesterbrook,Week1,Herndon,Week5,371.0 Chesterbrook - 31.0 Herndon
Commonwealth,Week5,Fairfax Club Estates,Week5,202.0 Commonwealth - 200.0 Fairfax Club Estates
Commonwealth,Week3,North Springfield,Week4,267.0 Commonwealth - 120.0 North Springfield
Chesterbrook,Week3,Hollin Meadows,Week5,343.0 Chesterbrook - 59.0 Hollin Meadows
Commonwealth,Week3,Ilda Community,Week1,239.0 Commonwealth - 162.0 Ilda Community
Commonwealth,Week4,Bren Mar-Edsall Park,Week2,330.0 Commonwealth - 70.0 Bren Mar-Edsall Park
Chesterbrook,Week3,Lakeview,Week2,390.0 Chesterbrook - 12.0 Lakeview
Commonwealth,Week5,North Springfield,Week5,231.0 Commonwealth - 143.0 North Springfield
Chesterbrook,Week1,Hiddenbrook,Week5,354.0 Chesterbrook - 48.0 Hiddenbrook
Commonwealth,Week1,Fairfax Station,Week4,299.0 Fairfax Station - 103.0 Commonwealth
Chesterbrook,Week4,Herndon,Week2,390.0 Chesterbrook - 12.0 Herndon
Commonwealth,Week4,Fairfax Station,Week5,320.0 Fairfax Station - 82.0 Commonwealth
Commonwealth,Week3,Bren Mar-Edsall Park,Week3,332.0 Commonwealth - 68.0 Bren Mar-Edsall Park
Commonwealth,Week5,Hunter Mill,Week5,290.0 Hunter Mill - 112.0 Commonwealth
Commonwealth,Week4,Oakton ,Week3,315.0 Oakton - 82.0 Commonwealth
Commonwealth,Week4,Ilda Community,Week1,216.0 Commonwealth - 185.0 Ilda Community
Chesterbrook,Week2,Hollin Meadows,Week4,350.0 Chesterbrook - 52.0 Hollin Meadows
Chesterbrook,Week1,Holmes Run Acres,Week1,343.0 Chesterbrook - 59.0 Holmes Run Acres
Chesterbrook,Week1,Holmes Run Acres,Week4,335.0 Chesterbrook - 67.0 Holmes Run Acres
Chesterbrook,Week1,Holmes Run Acres,Week3,325.0 Chesterbrook - 77.0 Holmes Run Acres
Chesterbrook,Week3,Lakevale Estates,Week3,323.0 Chesterbrook - 79.0 Lakevale Estates
Commonwealth,Week3,Ilda Community,Week4,214.0 Commonwealth - 188.0 Ilda Community
Commonwealth,Week4,Ilda Community,Week3,226.0 Commonwealth - 176.0 Ilda Community
Commonwealth,Week3,Oakton ,Week5,313.0 Oakton - 89.0 Commonwealth
Chesterbrook,Week1,Hiddenbrook,Week4,352.0 Chesterbrook - 50.0 Hiddenbrook
Chesterbrook,Week1,Herndon,Week2,379.0 Chesterbrook - 23.0 Herndon
Commonwealth,Week4,Bren Mar-Edsall Park,Week3,320.0 Commonwealth - 81.0 Bren Mar-Edsall Park
Commonwealth,Week5,Fairfax Club Estates,Week2,221.0 Commonwealth - 181.0 Fairfax Club Estates
Chesterbrook,Week1,Holmes Run Acres,Week5,327.0 Chesterbrook - 75.0 Holmes Run Acres
Commonwealth,Week5,North Springfield,Week4,269.0 Commonwealth - 123.0 North Springfield
Chesterbrook,Week1,Lakeview,Week2,383.0 Chesterbrook - 19.0 Lakeview
Commonwealth,Week3,Fairfax Station,Week2,313.0 Fairfax Station - 89.0 Commonwealth
Chesterbrook,Week3,Brookfield ,Week2,374.0 Chesterbrook - 28.0 Brookfield
Commonwealth,Week5,Bren Mar-Edsall Park,Week2,332.0 Commonwealth - 68.0 Bren Mar-Edsall Park
Commonwealth,Week3,Bren Mar-Edsall Park,Week4,322.0 Commonwealth - 74.0 Bren Mar-Edsall Park
Commonwealth,Week5,Brookfield ,Week2,232.0 Brookfield - 170.0 Commonwealth
Chesterbrook,Week1,Broyhill Crest,Week3,393.0 Chesterbrook - 9.0 Broyhill Crest
Commonwealth,Week5,North Springfield,Week1,266.0 Commonwealth - 84.0 North Springfield
Commonwealth,Week5,Bren Mar-Edsall Park,Week4,307.0 Commonwealth - 94.0 Bren Mar-Edsall Park
Commonwealth,Week5,North Springfield,Week3,247.0 Commonwealth - 148.0 North Springfield
Commonwealth,Week1,Fairfax Station,Week3,325.0 Fairfax Station - 77.0 Commonwealth
Chesterbrook,Week2,Hiddenbrook,Week2,385.0 Chesterbrook - 17.0 Hiddenbrook
Commonwealth,Week1,Fairfax Station,Week1,315.0 Fairfax Station - 87.0 Commonwealth
Chesterbrook,Week5,Lakevale Estates,Week1,312.0 Chesterbrook - 90.0 Lakevale Estates
Commonwealth,Week4,Hunter Mill,Week2,269.0 Hunter Mill - 132.0 Commonwealth
Chesterbrook,Week4,Hollin Meadows,Week1,335.0 Chesterbrook - 67.0 Hollin Meadows
Commonwealth,Week3,Hunter Mill,Week5,287.0 Hunter Mill - 115.0 Commonwealth
Chesterbrook,Week2,Hiddenbrook,Week1,375.0 Chesterbrook - 27.0 Hiddenbrook
Commonwealth,Week4,Brookfield ,Week2,243.0 Brookfield - 159.0 Commonwealth
Chesterbrook,Week2,Broyhill Crest,Week1,401.0 Chesterbrook - 1.0 Broyhill Crest
Commonwealth,Week2,Fairfax Station,Week1,291.0 Fairfax Station - 111.0 Commonwealth
Commonwealth,Week2,Fairfax Station,Week4,278.0 Fairfax Station - 124.0 Commonwealth
Commonwealth,Week1,Broyhill Crest,Week2,280.0 Commonwealth - 118.0 Broyhill Crest
Chesterbrook,Week5,Hollin Meadows,Week1,336.0 Chesterbrook - 66.0 Hollin Meadows
Chesterbrook,Week2,Broyhill Crest,Week4,401.0 Chesterbrook - 1.0 Broyhill Crest
Chesterbrook,Week1,Broyhill Crest,Week2,389.0 Chesterbrook - 13.0 Broyhill Crest
Chesterbrook,Week1,Hiddenbrook,Week2,370.0 Chesterbrook - 32.0 Hiddenbrook
Chesterbrook,Week3,Lakevale Estates,Week4,317.5 Chesterbrook - 84.5 Lakevale Estates
Commonwealth,Week4,North Springfield,Week2,241.0 Commonwealth - 142.0 North Springfield
Chesterbrook,Week2,Lakevale Estates,Week5,283.0 Chesterbrook - 119.0 Lakevale Estates
Chesterbrook,Week3,Hollin Meadows,Week4,362.0 Chesterbrook - 40.0 Hollin Meadows
Commonwealth,Week3,Ilda Community,Week2,245.0 Commonwealth - 157.0 Ilda Community
Commonwealth,Week1,Ilda Community,Week5,207.0 Ilda Community - 191.0 Commonwealth
Chesterbrook,Week5,Lakevale Estates,Week2,309.5 Chesterbrook - 92.5 Lakevale Estates
Chesterbrook,Week1,Holmes Run Acres,Week2,339.0 Chesterbrook - 63.0 Holmes Run Acres
Chesterbrook,Week2,Lakeview,Week1,385.0 Chesterbrook - 17.0 Lakeview
Commonwealth,Week1,Oakton ,Week4,321.0 Oakton - 81.0 Commonwealth
Chesterbrook,Week2,Hollin Meadows,Week3,345.5 Chesterbrook - 56.5 Hollin Meadows
Commonwealth,Week4,North Springfield,Week5,218.0 Commonwealth - 153.0 North Springfield
Chesterbrook,Week3,Broyhill Crest,Week1,399.0 Chesterbrook - 3.0 Broyhill Crest
Chesterbrook,Week5,Hollin Meadows,Week4,356.0 Chesterbrook - 46.0 Hollin Meadows
Chesterbrook,Week3,Herndon,Week2,391.0 Chesterbrook - 11.0 Herndon
Chesterbrook,Week5,Lakevale Estates,Week3,305.0 Chesterbrook - 97.0 Lakevale Estates
Commonwealth,Week5,Hunter Mill,Week3,275.0 Hunter Mill - 127.0 Commonwealth
Commonwealth,Week3,Hunter Mill,Week3,281.0 Hunter Mill - 120.0 Commonwealth
Chesterbrook,Week2,Brookfield ,Week1,349.0 Chesterbrook - 53.0 Brookfield
Chesterbrook,Week5,Hollin Meadows,Week3,360.0 Chesterbrook - 42.0 Hollin Meadows
Chesterbrook,Week2,Herndon,Week1,395.0 Chesterbrook - 6.0 Herndon
Commonwealth,Week4,Hunter Mill,Week5,297.0 Hunter Mill - 105.0 Commonwealth
Commonwealth,Week2,Fairfax Station,Week3,300.0 Fairfax Station - 102.0 Commonwealth
Commonwealth,Week1,Oakton ,Week5,318.0 Oakton - 84.0 Commonwealth
Commonwealth,Week4,Brookfield ,Week3,238.0 Brookfield - 164.0 Commonwealth
Chesterbrook,Week1,Lakeview,Week3,370.0 Chesterbrook - 32.0 Lakeview
Commonwealth,Week1,Brookfield ,Week2,256.0 Brookfield - 146.0 Commonwealth
Commonwealth,Week3,Fairfax Station,Week1,303.0 Fairfax Station - 99.0 Commonwealth
Commonwealth,Week2,Fairfax Station,Week5,299.0 Fairfax Station - 103.0 Commonwealth
Chesterbrook,Week4,Herndon,Week1,392.0 Chesterbrook - 10.0 Herndon
Chesterbrook,Week4,Brookfield ,Week5,350.0 Chesterbrook - 52.0 Brookfield
Commonwealth,Week1,Brookfield ,Week1,255.0 Brookfield - 147.0 Commonwealth
Chesterbrook,Week2,Lakeview,Week5,375.0 Chesterbrook - 18.0 Lakeview
Commonwealth,Week2,Brookfield ,Week3,208.0 Brookfield - 194.0 Commonwealth
Commonwealth,Week4,Hunter Mill,Week1,280.0 Hunter Mill - 122.0 Commonwealth
Chesterbrook,Week2,Holmes Run Acres,Week3,339.0 Chesterbrook - 63.0 Holmes Run Acres
Commonwealth,Week1,Oakton ,Week3,305.5 Oakton - 91.5 Commonwealth
Chesterbrook,Week3,Brookfield ,Week3,373.0 Chesterbrook - 29.0 Brookfield
Commonwealth,Week1,Oakton ,Week1,314.0 Oakton - 83.0 Commonwealth
Chesterbrook,Week4,Brookfield ,Week2,361.5 Chesterbrook - 40.5 Brookfield
Chesterbrook,Week5,Brookfield ,Week1,346.0 Chesterbrook - 56.0 Brookfield
Chesterbrook,Week5,Brookfield ,Week2,365.0 Chesterbrook - 37.0 Brookfield
Chesterbrook,Week1,Hunt Valley,Week1,294.0 Chesterbrook - 108.0 Hunt Valley
Chesterbrook,Week2,Herndon,Week5,385.0 Chesterbrook - 17.0 Herndon
Commonwealth,Week3,North Springfield,Week5,237.0 Commonwealth - 134.0 North Springfield
Commonwealth,Week2,Oakton ,Week3,290.0 Oakton - 112.0 Commonwealth
Commonwealth,Week4,Fairfax Station,Week2,309.0 Fairfax Station - 88.0 Commonwealth
Chesterbrook,Week1,Herndon,Week4,376.0 Chesterbrook - 26.0 Herndon
Commonwealth,Week2,Oakton ,Week5,300.0 Oakton - 102.0 Commonwealth
Commonwealth,Week5,Brookfield ,Week3,229.0 Brookfield - 173.0 Commonwealth
Commonwealth,Week5,Fairfax Station,Week1,289.0 Fairfax Station - 113.0 Commonwealth
Chesterbrook,Week4,Lakeview,Week1,385.0 Chesterbrook - 17.0 Lakeview
Chesterbrook,Week4,Brookfield ,Week3,363.0 Chesterbrook - 39.0 Brookfield
Chesterbrook,Week4,Herndon,Week3,390.0 Chesterbrook - 12.0 Herndon
Chesterbrook,Week3,Lakeview,Week1,388.0 Chesterbrook - 14.0 Lakeview
Chesterbrook,Week2,Holmes Run Acres,Week1,346.5 Chesterbrook - 55.5 Holmes Run Acres
Chesterbrook,Week5,Holmes Run Acres,Week4,344.0 Chesterbrook - 58.0 Holmes Run Acres
Commonwealth,Week1,Brookfield ,Week4,254.0 Brookfield - 148.0 Commonwealth
Commonwealth,Week5,Fairfax Station,Week2,293.0 Fairfax Station - 109.0 Commonwealth
Commonwealth,Week2,Ilda Community,Week1,255.0 Commonwealth - 143.0 Ilda Community
Chesterbrook,Week5,Holmes Run Acres,Week3,335.0 Chesterbrook - 67.0 Holmes Run Acres
Commonwealth,Week1,Ilda Community,Week2,204.0 Commonwealth - 197.0 Ilda Community
Chesterbrook,Week3,Herndon,Week4,393.0 Chesterbrook - 9.0 Herndon
Commonwealth,Week3,Fairfax Station,Week5,317.5 Fairfax Station - 84.5 Commonwealth
Commonwealth,Week3,Brookfield ,Week5,235.0 Brookfield - 167.0 Commonwealth
Commonwealth,Week3,Fairfax Station,Week4,291.0 Fairfax Station - 111.0 Commonwealth
Commonwealth,Week1,Ilda Community,Week4,222.0 Ilda Community - 178.0 Commonwealth
Commonwealth,Week5,North Springfield,Week2,257.0 Commonwealth - 131.0 North Springfield
Chesterbrook,Week3,Lakeview,Week4,383.0 Chesterbrook - 19.0 Lakeview
Chesterbrook,Week2,Holmes Run Acres,Week2,353.0 Chesterbrook - 49.0 Holmes Run Acres
Chesterbrook,Week2,Lakeview,Week4,380.0 Chesterbrook - 22.0 Lakeview
Commonwealth,Week3,Brookfield ,Week3,223.0 Brookfield - 179.0 Commonwealth
Chesterbrook,Week4,Lakeview,Week3,379.0 Chesterbrook - 23.0 Lakeview
Commonwealth,Week1,Ilda Community,Week1,202.0 Commonwealth - 191.0 Ilda Community
Commonwealth,Week5,Brookfield ,Week4,238.0 Brookfield - 164.0 Commonwealth
Chesterbrook,Week3,Herndon,Week3,392.0 Chesterbrook - 10.0 Herndon
Chesterbrook,Week3,Herndon,Week1,394.0 Chesterbrook - 8.0 Herndon
Commonwealth,Week1,Ilda Community,Week3,199.0 Ilda Community - 197.0 Commonwealth
Chesterbrook,Week1,Hunt Valley,Week3,273.0 Chesterbrook - 129.0 Hunt Valley
Commonwealth,Week4,Forest Hollow,Week2,250.0 Forest Hollow - 152.0 Commonwealth
Commonwealth,Week5,Fairfax Station,Week3,291.0 Fairfax Station - 111.0 Commonwealth
Chesterbrook,Week3,Brookfield ,Week4,370.0 Chesterbrook - 32.0 Brookfield
Chesterbrook,Week1,Hunt Valley,Week4,303.0 Chesterbrook - 99.0 Hunt Valley
Chesterbrook,Week2,Brookfield ,Week2,359.0 Chesterbrook - 43.0 Brookfield
Chesterbrook,Week1,Broyhill Crest,Week1,390.0 Chesterbrook - 12.0 Broyhill Crest
Commonwealth,Week4,North Springfield,Week1,236.0 Commonwealth - 109.0 North Springfield
Commonwealth,Week2,Ilda Community,Week2,260.0 Commonwealth - 141.0 Ilda Community
Chesterbrook,Week1,Broyhill Crest,Week5,393.0 Chesterbrook - 9.0 Broyhill Crest
Chesterbrook,Week2,Herndon,Week4,386.0 Chesterbrook - 16.0 Herndon
Chesterbrook,Week4,Langley,Week2,298.0 Chesterbrook - 104.0 Langley
Chesterbrook,Week5,Lakeview,Week4,382.0 Chesterbrook - 20.0 Lakeview
Commonwealth,Week2,Brookfield ,Week2,207.5 Brookfield - 194.5 Commonwealth
Commonwealth,Week1,Oakton ,Week2,316.0 Oakton - 86.0 Commonwealth
Commonwealth,Week1,Brookfield ,Week3,245.0 Brookfield - 156.0 Commonwealth
Chesterbrook,Week1,Hunt Valley,Week2,310.0 Chesterbrook - 92.0 Hunt Valley
Chesterbrook,Week5,Herndon,Week2,390.0 Chesterbrook - 12.0 Herndon
Commonwealth,Week3,North Springfield,Week2,260.0 Commonwealth - 124.0 North Springfield
Chesterbrook,Week4,Langley,Week3,295.0 Chesterbrook - 107.0 Langley
Commonwealth,Week5,Hunter Mill,Week1,270.0 Hunter Mill - 132.0 Commonwealth
Chesterbrook,Week5,Herndon,Week1,394.0 Chesterbrook - 8.0 Herndon
Chesterbrook,Week2,Langley,Week4,290.0 Chesterbrook - 112.0 Langley
Commonwealth,Week3,Oakton ,Week1,308.0 Oakton - 94.0 Commonwealth
Commonwealth,Week3,Brookfield ,Week1,232.0 Brookfield - 170.0 Commonwealth
Commonwealth,Week2,Ilda Community,Week4,233.0 Commonwealth - 168.0 Ilda Community
Commonwealth,Week1,Fox Hunt,Week2,254.0 Fox Hunt - 147.0 Commonwealth
Chesterbrook,Week4,Herndon,Week5,387.0 Chesterbrook - 15.0 Herndon
Commonwealth,Week3,Forest Hollow,Week3,274.0 Forest Hollow - 128.0 Commonwealth
Commonwealth,Week2,Brookfield ,Week1,226.0 Brookfield - 176.0 Commonwealth
Commonwealth,Week5,Bren Mar-Edsall Park,Week3,322.0 Commonwealth - 80.0 Bren Mar-Edsall Park
Chesterbrook,Week2,Hunt Valley,Week1,312.0 Chesterbrook - 90.0 Hunt Valley
Commonwealth,Week3,Hunter Mill,Week2,264.0 Hunter Mill - 137.0 Commonwealth
Commonwealth,Week4,North Springfield,Week3,229.0 Commonwealth - 159.0 North Springfield
Chesterbrook,Week2,Herndon,Week2,389.0 Chesterbrook - 13.0 Herndon
Commonwealth,Week3,Forest Hollow,Week1,272.0 Forest Hollow - 130.0 Commonwealth
Commonwealth,Week3,Brookfield ,Week2,234.0 Brookfield - 168.0 Commonwealth
Chesterbrook,Week4,Langley,Week4,290.0 Chesterbrook - 112.0 Langley
Commonwealth,Week5,Fairfax Station,Week5,298.0 Fairfax Station - 104.0 Commonwealth
Commonwealth,Week2,Oakton ,Week2,297.5 Oakton - 104.5 Commonwealth
Commonwealth,Week3,Hunter Mill,Week1,280.0 Hunter Mill - 122.0 Commonwealth
Chesterbrook,Week4,Langley,Week5,302.0 Chesterbrook - 100.0 Langley
Commonwealth,Week3,Hunter Mill,Week4,271.0 Hunter Mill - 131.0 Commonwealth
Chesterbrook,Week5,Herndon,Week4,391.0 Chesterbrook - 11.0 Herndon
Chesterbrook,Week3,Holmes Run Acres,Week4,355.0 Chesterbrook - 47.0 Holmes Run Acres
Commonwealth,Week5,Bren Mar-Edsall Park,Week5,314.0 Commonwealth - 88.0 Bren Mar-Edsall Park
Chesterbrook,Week1,Hiddenbrook,Week3,358.0 Chesterbrook - 39.0 Hiddenbrook
Chesterbrook,Week1,Hunt Valley,Week5,277.0 Chesterbrook - 125.0 Hunt Valley
Chesterbrook,Week2,Brookfield ,Week4,351.0 Chesterbrook - 51.0 Brookfield
Commonwealth,Week3,Oakton ,Week3,299.0 Oakton - 103.0 Commonwealth
Commonwealth,Week1,Forest Hollow,Week3,297.0 Forest Hollow - 104.0 Commonwealth
Chesterbrook,Week5,Brookfield ,Week4,354.0 Chesterbrook - 48.0 Brookfield
Chesterbrook,Week3,Brookfield ,Week1,362.0 Chesterbrook - 40.0 Brookfield
Chesterbrook,Week5,Langley,Week1,300.0 Chesterbrook - 102.0 Langley
Chesterbrook,Week3,Brookfield ,Week5,365.0 Chesterbrook - 37.0 Brookfield
Chesterbrook,Week3,Holmes Run Acres,Week1,363.0 Chesterbrook - 39.0 Holmes Run Acres
Commonwealth,Week4,Old Keene Mill,Week3,208.0 Old Keene Mill - 194.0 Commonwealth
Commonwealth,Week4,Forest Hollow,Week5,286.0 Forest Hollow - 116.0 Commonwealth
Commonwealth,Week2,Brookfield ,Week5,209.0 Brookfield - 193.0 Commonwealth
Chesterbrook,Week1,Langley,Week5,283.5 Chesterbrook - 118.5 Langley
Commonwealth,Week2,Brookfield ,Week4,223.0 Brookfield - 179.0 Commonwealth
Commonwealth,Week4,Oakton ,Week2,320.0 Oakton - 82.0 Commonwealth
Commonwealth,Week2,Ilda Community,Week5,228.0 Commonwealth - 170.0 Ilda Community
Commonwealth,Week4,Forest Hollow,Week4,276.5 Forest Hollow - 125.5 Commonwealth
Chesterbrook,Week3,Holmes Run Acres,Week5,342.0 Chesterbrook - 60.0 Holmes Run Acres
Commonwealth,Week4,Oakton ,Week1,321.0 Oakton - 81.0 Commonwealth
Chesterbrook,Week5,Hiddenbrook,Week1,371.0 Chesterbrook - 31.0 Hiddenbrook
Chesterbrook,Week3,Herndon,Week5,387.0 Chesterbrook - 15.0 Herndon
Commonwealth,Week2,Old Keene Mill,Week1,213.0 Commonwealth - 189.0 Old Keene Mill
Commonwealth,Week3,Ilda Community,Week5,231.0 Commonwealth - 170.0 Ilda Community
Commonwealth,Week3,Brookfield ,Week4,240.0 Brookfield - 162.0 Commonwealth
Chesterbrook,Week5,Lakeview,Week2,390.0 Chesterbrook - 12.0 Lakeview
Commonwealth,Week5,Fairfax Station,Week4,273.0 Fairfax Station - 129.0 Commonwealth
Chesterbrook,Week5,Holmes Run Acres,Week2,350.0 Chesterbrook - 52.0 Holmes Run Acres
Chesterbrook,Week5,Brookfield ,Week3,374.0 Chesterbrook - 28.0 Brookfield
Chesterbrook,Week3,Holmes Run Acres,Week2,364.0 Chesterbrook - 38.0 Holmes Run Acres
Commonwealth,Week3,Old Keene Mill,Week4,205.0 Old Keene Mill - 197.0 Commonwealth
Chesterbrook,Week1,Hiddenbrook,Week1,361.0 Chesterbrook - 41.0 Hiddenbrook
Commonwealth,Week4,Hunter Mill,Week3,279.0 Hunter Mill - 123.0 Commonwealth
Commonwealth,Week5,Forest Hollow,Week2,249.0 Forest Hollow - 153.0 Commonwealth
Chesterbrook,Week1,High Point Pool,Week5,317.0 Chesterbrook - 85.0 High Point Pool
Chesterbrook,Week2,Brookfield ,Week3,366.0 Chesterbrook - 36.0 Brookfield
Chesterbrook,Week4,Lakeview,Week4,378.0 Chesterbrook - 24.0 Lakeview
Commonwealth,Week3,Ilda Community,Week3,239.0 Commonwealth - 162.0 Ilda Community
Chesterbrook,Week1,Brookfield ,Week5,333.0 Chesterbrook - 69.0 Brookfield
Commonwealth,Week2,Old Keene Mill,Week3,205.0 Commonwealth - 197.0 Old Keene Mill
Commonwealth,Week5,Hunter Mill,Week2,251.0 Hunter Mill - 151.0 Commonwealth
Chesterbrook,Week2,Holmes Run Acres,Week4,348.0 Chesterbrook - 54.0 Holmes Run Acres
Commonwealth,Week2,Ilda Community,Week3,251.0 Commonwealth - 150.0 Ilda Community
Chesterbrook,Week3,Holmes Run Acres,Week3,339.0 Chesterbrook - 63.0 Holmes Run Acres
Commonwealth,Week4,Brookfield ,Week1,247.0 Brookfield - 155.0 Commonwealth
Commonwealth,Week2,Forest Hollow,Week3,259.0 Forest Hollow - 143.0 Commonwealth
Chesterbrook,Week4,Brookfield ,Week1,349.0 Chesterbrook - 53.0 Brookfield
Commonwealth,Week4,Brookfield ,Week4,245.0 Brookfield - 157.0 Commonwealth
Chesterbrook,Week4,Herndon,Week4,388.0 Chesterbrook - 14.0 Herndon
Chesterbrook,Week2,Brookfield ,Week5,354.0 Chesterbrook - 48.0 Brookfield
Commonwealth,Week3,Forest Hollow,Week2,255.0 Forest Hollow - 147.0 Commonwealth
Chesterbrook,Week2,Herndon,Week3,391.0 Chesterbrook - 11.0 Herndon
Chesterbrook,Week1,Langley,Week4,291.5 Chesterbrook - 110.5 Langley
Chesterbrook,Week1,Langley,Week1,284.0 Chesterbrook - 118.0 Langley
Commonwealth,Week4,Kent Gardens,Week1,249.0 Kent Gardens - 152.0 Commonwealth
Commonwealth,Week4,Brookfield ,Week5,245.0 Brookfield - 157.0 Commonwealth
Commonwealth,Week5,Oakton ,Week4,308.0 Oakton - 94.0 Commonwealth
Commonwealth,Week1,Forest Hollow,Week5,305.0 Forest Hollow - 96.0 Commonwealth
Commonwealth,Week5,Brookfield ,Week1,248.0 Brookfield - 154.0 Commonwealth
Chesterbrook,Week5,Holmes Run Acres,Week5,319.0 Chesterbrook - 83.0 Holmes Run Acres
Chesterbrook,Week3,Hiddenbrook,Week5,371.0 Chesterbrook - 31.0 Hiddenbrook
Commonwealth,Week5,Oakton ,Week3,295.0 Oakton - 107.0 Commonwealth
Chesterbrook,Week2,Langley,Week3,292.0 Chesterbrook - 110.0 Langley
Chesterbrook,Week4,Holmes Run Acres,Week4,348.0 Chesterbrook - 54.0 Holmes Run Acres
Chesterbrook,Week4,Brookfield ,Week4,350.0 Chesterbrook - 52.0 Brookfield
Commonwealth,Week4,Ilda Community,Week2,216.0 Commonwealth - 186.0 Ilda Community
Chesterbrook,Week1,Langley,Week3,294.0 Chesterbrook - 108.0 Langley
Commonwealth,Week5,Old Keene Mill,Week3,203.0 Old Keene Mill - 199.0 Commonwealth
Commonwealth,Week2,Forest Hollow,Week4,259.0 Forest Hollow - 143.0 Commonwealth
Commonwealth,Week1,Broyhill Crest,Week1,267.0 Commonwealth - 128.0 Broyhill Crest
Commonwealth,Week5,Ilda Community,Week1,237.0 Commonwealth - 164.0 Ilda Community
Commonwealth,Week4,Kent Gardens,Week3,230.0 Kent Gardens - 171.0 Commonwealth
Commonwealth,Week2,Forest Hollow,Week5,272.0 Forest Hollow - 130.0 Commonwealth
Chesterbrook,Week5,Lakeview,Week5,378.0 Chesterbrook - 15.0 Lakeview
Chesterbrook,Week5,Brookfield ,Week5,355.0 Chesterbrook - 47.0 Brookfield
Chesterbrook,Week3,Hiddenbrook,Week4,373.0 Chesterbrook - 29.0 Hiddenbrook
Chesterbrook,Week1,Broyhill Crest,Week4,392.0 Chesterbrook - 10.0 Broyhill Crest
Chesterbrook,Week2,Broyhill Crest,Week2,401.0 Chesterbrook - 1.0 Broyhill Crest
Chesterbrook,Week5,Hiddenbrook,Week4,362.0 Chesterbrook - 40.0 Hiddenbrook
Commonwealth,Week1,Brookfield ,Week5,251.0 Brookfield - 151.0 Commonwealth
Chesterbrook,Week4,Holmes Run Acres,Week5,322.0 Chesterbrook - 80.0 Holmes Run Acres
Chesterbrook,Week5,Holmes Run Acres,Week1,347.0 Chesterbrook - 55.0 Holmes Run Acres
Chesterbrook,Week2,Langley,Week2,297.0 Chesterbrook - 105.0 Langley
Commonwealth,Week5,Forest Hollow,Week5,280.0 Forest Hollow - 122.0 Commonwealth
Commonwealth,Week2,Broyhill Crest,Week1,318.0 Commonwealth - 81.0 Broyhill Crest
Chesterbrook,Week2,Broyhill Crest,Week5,400.0 Chesterbrook - 2.0 Broyhill Crest
Chesterbrook,Week2,Holmes Run Acres,Week5,324.0 Chesterbrook - 78.0 Holmes Run Acres
Chesterbrook,Week4,Holmes Run Acres,Week2,353.0 Chesterbrook - 49.0 Holmes Run Acres
Chesterbrook,Week1,Langley,Week2,301.0 Chesterbrook - 101.0 Langley
Commonwealth,Week1,Burke Station,Week5,203.0 Burke Station - 188.0 Commonwealth
Commonwealth,Week5,Brookfield ,Week5,231.0 Brookfield - 171.0 Commonwealth
Commonwealth,Week1,Old Keene Mill,Week3,242.0 Old Keene Mill - 160.0 Commonwealth
Chesterbrook,Week2,Hiddenbrook,Week5,358.0 Chesterbrook - 44.0 Hiddenbrook
Commonwealth,Week1,Forest Hollow,Week1,289.0 Forest Hollow - 112.0 Commonwealth
Chesterbrook,Week3,Langley,Week4,314.0 Chesterbrook - 88.0 Langley
Commonwealth,Week1,Forest Hollow,Week4,305.0 Forest Hollow - 97.0 Commonwealth
Commonwealth,Week4,Oakton ,Week5,327.0 Oakton - 75.0 Commonwealth
Chesterbrook,Week3,Hiddenbrook,Week1,379.0 Chesterbrook - 23.0 Hiddenbrook
Chesterbrook,Week2,Broyhill Crest,Week3,401.0 Chesterbrook - 1.0 Broyhill Crest
Chesterbrook,Week2,Langley,Week1,285.0 Chesterbrook - 117.0 Langley
Commonwealth,Week5,Oakton ,Week5,302.0 Oakton - 100.0 Commonwealth
Commonwealth,Week5,Kent Gardens,Week1,243.0 Kent Gardens - 158.0 Commonwealth
Commonwealth,Week3,Kent Gardens,Week2,219.0 Kent Gardens - 182.0 Commonwealth
Commonwealth,Week3,Kent Gardens,Week4,222.0 Kent Gardens - 180.0 Commonwealth
Chesterbrook,Week1,Burke Station,Week2,364.0 Chesterbrook - 38.0 Burke Station
Chesterbrook,Week4,Holmes Run Acres,Week1,349.0 Chesterbrook - 53.0 Holmes Run Acres
Commonwealth,Week4,Forest Hollow,Week1,269.0 Forest Hollow - 133.0 Commonwealth
Chesterbrook,Week1,High Point Pool,Week1,312.0 Chesterbrook - 90.0 High Point Pool
Chesterbrook,Week4,Lakeview,Week5,379.0 Chesterbrook - 14.0 Lakeview
Commonwealth,Week4,Old Keene Mill,Week2,208.0 Old Keene Mill - 194.0 Commonwealth
Commonwealth,Week4,Old Keene Mill,Week1,203.0 Old Keene Mill - 199.0 Commonwealth
Commonwealth,Week1,Kent Gardens,Week5,290.0 Kent Gardens - 112.0 Commonwealth
Commonwealth,Week2,Kent Gardens,Week4,224.0 Kent Gardens - 178.0 Commonwealth
Commonwealth,Week4,Broyhill Crest,Week3,313.0 Commonwealth - 85.0 Broyhill Crest
Commonwealth,Week3,Old Keene Mill,Week3,209.0 Old Keene Mill - 193.0 Commonwealth
Commonwealth,Week4,Forest Hollow,Week3,276.0 Forest Hollow - 126.0 Commonwealth
Commonwealth,Week1,Kent Gardens,Week4,254.0 Kent Gardens - 148.0 Commonwealth
Commonwealth,Week2,Broyhill Crest,Week2,320.0 Commonwealth - 81.0 Broyhill Crest
Chesterbrook,Week3,Burke Station,Week5,379.0 Chesterbrook - 23.0 Burke Station
Chesterbrook,Week5,Hiddenbrook,Week3,363.0 Chesterbrook - 39.0 Hiddenbrook
Chesterbrook,Week2,Burke Station,Week3,364.0 Chesterbrook - 33.0 Burke Station
Commonwealth,Week2,Kent Gardens,Week1,237.0 Kent Gardens - 165.0 Commonwealth
Commonwealth,Week4,Broyhill Crest,Week2,305.0 Commonwealth - 92.0 Broyhill Crest
Commonwealth,Week5,Ilda Community,Week2,243.0 Commonwealth - 159.0 Ilda Community
Chesterbrook,Week4,Hiddenbrook,Week3,361.5 Chesterbrook - 40.5 Hiddenbrook
Commonwealth,Week1,Old Keene Mill,Week2,240.0 Old Keene Mill - 162.0 Commonwealth
Chesterbrook,Week3,Langley,Week2,305.0 Chesterbrook - 97.0 Langley
Chesterbrook,Week3,Burke Station,Week1,345.0 Chesterbrook - 34.0 Burke Station
Chesterbrook,Week4,Holmes Run Acres,Week3,336.0 Chesterbrook - 66.0 Holmes Run Acres
Commonwealth,Week3,Forest Hollow,Week4,273.0 Forest Hollow - 129.0 Commonwealth
Commonwealth,Week4,Broyhill Crest,Week4,304.0 Commonwealth - 93.0 Broyhill Crest
Commonwealth,Week3,Forest Hollow,Week5,286.0 Forest Hollow - 116.0 Commonwealth
Chesterbrook,Week2,Burke Station,Week5,369.0 Chesterbrook - 33.0 Burke Station
Chesterbrook,Week3,Broyhill Crest,Week5,400.0 Chesterbrook - 2.0 Broyhill Crest
Chesterbrook,Week3,Hiddenbrook,Week3,376.0 Chesterbrook - 26.0 Hiddenbrook
Commonwealth,Week1,Broyhill Crest,Week5,258.0 Commonwealth - 142.0 Broyhill Crest
Chesterbrook,Week5,Lakeview,Week1,389.0 Chesterbrook - 13.0 Lakeview
Commonwealth,Week5,Oakton ,Week1,297.0 Oakton - 105.0 Commonwealth
Commonwealth,Week2,Forest Hollow,Week2,233.0 Forest Hollow - 169.0 Commonwealth
Chesterbrook,Week2,Langley,Week5,290.5 Chesterbrook - 111.5 Langley
Chesterbrook,Week3,Langley,Week3,312.5 Chesterbrook - 89.5 Langley
Commonwealth,Week1,Forest Hollow,Week2,284.0 Forest Hollow - 118.0 Commonwealth
Chesterbrook,Week3,Langley,Week5,310.0 Chesterbrook - 92.0 Langley
Commonwealth,Week5,Old Keene Mill,Week4,202.0 Commonwealth - 200.0 Old Keene Mill
Chesterbrook,Week4,Hiddenbrook,Week4,360.5 Chesterbrook - 41.5 Hiddenbrook
Commonwealth,Week5,Forest Hollow,Week1,256.0 Forest Hollow - 146.0 Commonwealth
Commonwealth,Week4,Broyhill Crest,Week5,282.0 Commonwealth - 118.0 Broyhill Crest
Chesterbrook,Week4,Hiddenbrook,Week2,379.0 Chesterbrook - 23.0 Hiddenbrook
Chesterbrook,Week1,High Point Pool,Week2,311.0 Chesterbrook - 91.0 High Point Pool
Commonwealth,Week1,Kent Gardens,Week1,268.0 Kent Gardens - 133.0 Commonwealth
Chesterbrook,Week4,Burke Station,Week2,378.0 Chesterbrook - 24.0 Burke Station
Chesterbrook,Week4,Hiddenbrook,Week1,372.0 Chesterbrook - 30.0 Hiddenbrook
Commonwealth,Week4,Old Keene Mill,Week4,215.0 Old Keene Mill - 187.0 Commonwealth
Chesterbrook,Week5,Lakeview,Week3,377.0 Chesterbrook - 25.0 Lakeview
Chesterbrook,Week3,Burke Station,Week2,386.0 Chesterbrook - 16.0 Burke Station
Chesterbrook,Week2,Hiddenbrook,Week3,368.0 Chesterbrook - 34.0 Hiddenbrook
Chesterbrook,Week4,Laurel Hill,Week2,371.0 Chesterbrook - 31.0 Laurel Hill
Commonwealth,Week3,Broyhill Crest,Week5,297.0 Commonwealth - 102.0 Broyhill Crest
Commonwealth,Week5,Broyhill Crest,Week3,319.0 Commonwealth - 82.0 Broyhill Crest
Chesterbrook,Week4,Laurel Hill,Week4,368.0 Chesterbrook - 34.0 Laurel Hill
Commonwealth,Week1,Fox Hunt,Week1,252.0 Fox Hunt - 150.0 Commonwealth
Commonwealth,Week4,Oakton ,Week4,323.0 Oakton - 79.0 Commonwealth
Commonwealth,Week1,Old Keene Mill,Week1,221.0 Old Keene Mill - 180.0 Commonwealth
Commonwealth,Week4,Broyhill Crest,Week1,297.0 Commonwealth - 99.0 Broyhill Crest
Commonwealth,Week5,Kent Gardens,Week2,213.0 Kent Gardens - 188.0 Commonwealth
Commonwealth,Week5,Ilda Community,Week3,243.0 Commonwealth - 159.0 Ilda Community
Commonwealth,Week2,Forest Hollow,Week1,262.0 Forest Hollow - 140.0 Commonwealth
Chesterbrook,Week4,Burke Station,Week3,361.0 Chesterbrook - 36.0 Burke Station
Commonwealth,Week5,Broyhill Crest,Week1,321.0 Commonwealth - 78.0 Broyhill Crest
Chesterbrook,Week4,Hiddenbrook,Week5,360.0 Chesterbrook - 42.0 Hiddenbrook
Commonwealth,Week3,Broyhill Crest,Week1,305.5 Commonwealth - 87.5 Broyhill Crest
Commonwealth,Week5,Forest Hollow,Week4,265.0 Forest Hollow - 137.0 Commonwealth
Chesterbrook,Week3,Broyhill Crest,Week4,399.0 Chesterbrook - 3.0 Broyhill Crest
Commonwealth,Week2,Old Keene Mill,Week2,204.5 Old Keene Mill - 197.5 Commonwealth
Chesterbrook,Week4,Langley,Week1,294.0 Chesterbrook - 108.0 Langley
Chesterbrook,Week3,Broyhill Crest,Week3,400.0 Chesterbrook - 2.0 Broyhill Crest
Chesterbrook,Week5,Hiddenbrook,Week2,384.0 Chesterbrook - 18.0 Hiddenbrook
Commonwealth,Week1,Kent Gardens,Week2,244.0 Kent Gardens - 157.0 Commonwealth
Chesterbrook,Week2,Hiddenbrook,Week4,364.0 Chesterbrook - 38.0 Hiddenbrook
Chesterbrook,Week3,Langley,Week1,309.0 Chesterbrook - 93.0 Langley
Commonwealth,Week5,Kent Gardens,Week3,232.0 Kent Gardens - 169.0 Commonwealth
Commonwealth,Week2,Old Keene Mill,Week5,203.0 Old Keene Mill - 199.0 Commonwealth
Commonwealth,Week5,Kent Gardens,Week4,220.0 Kent Gardens - 182.0 Commonwealth
Commonwealth,Week5,Forest Hollow,Week3,266.0 Forest Hollow - 136.0 Commonwealth
Commonwealth,Week2,Kent Gardens,Week3,209.0 Kent Gardens - 193.0 Commonwealth
Chesterbrook,Week4,Broyhill Crest,Week5,401.0 Chesterbrook - 1.0 Broyhill Crest
Commonwealth,Week1,Broyhill Crest,Week3,275.0 Commonwealth - 118.0 Broyhill Crest
Commonwealth,Week5,Broyhill Crest,Week4,319.0 Commonwealth - 81.0 Broyhill Crest
Commonwealth,Week3,Broyhill Crest,Week3,317.0 Commonwealth - 81.0 Broyhill Crest
Chesterbrook,Week3,Laurel Hill,Week1,362.0 Chesterbrook - 40.0 Laurel Hill
Commonwealth,Week3,Kent Gardens,Week3,219.0 Kent Gardens - 182.0 Commonwealth
Chesterbrook,Week4,Broyhill Crest,Week1,400.0 Chesterbrook - 2.0 Broyhill Crest
Chesterbrook,Week1,High Point Pool,Week4,311.0 Chesterbrook - 91.0 High Point Pool
Commonwealth,Week1,Fox Mill Estates,Week3,241.0 Fox Mill Estates - 161.0 Commonwealth
Commonwealth,Week2,Fox Hunt,Week5,249.0 Fox Hunt - 153.0 Commonwealth
Commonwealth,Week3,Old Keene Mill,Week1,219.0 Commonwealth - 183.0 Old Keene Mill
Chesterbrook,Week5,Broyhill Crest,Week2,400.0 Chesterbrook - 2.0 Broyhill Crest
Commonwealth,Week4,Ilda Community,Week5,227.0 Commonwealth - 174.0 Ilda Community
Commonwealth,Week1,Old Keene Mill,Week5,233.0 Old Keene Mill - 168.0 Commonwealth
Chesterbrook,Week3,Hiddenbrook,Week2,389.0 Chesterbrook - 13.0 Hiddenbrook
Commonwealth,Week1,Old Keene Mill,Week4,234.0 Old Keene Mill - 168.0 Commonwealth
Chesterbrook,Week3,Laurel Hill,Week3,367.0 Chesterbrook - 35.0 Laurel Hill
Chesterbrook,Week1,High Point Pool,Week3,313.0 Chesterbrook - 89.0 High Point Pool
Chesterbrook,Week5,Laurel Hill,Week5,353.0 Chesterbrook - 49.0 Laurel Hill
Commonwealth,Week5,Fox Hunt,Week5,248.0 Fox Hunt - 154.0 Commonwealth
Chesterbrook,Week5,Hiddenbrook,Week5,360.0 Chesterbrook - 42.0 Hiddenbrook
Commonwealth,Week3,Fox Hunt,Week1,222.0 Fox Hunt - 180.0 Commonwealth
Chesterbrook,Week5,Broyhill Crest,Week1,400.0 Chesterbrook - 2.0 Broyhill Crest
Chesterbrook,Week1,Laurel Hill,Week1,353.0 Chesterbrook - 49.0 Laurel Hill
Commonwealth,Week5,Old Keene Mill,Week1,207.0 Old Keene Mill - 195.0 Commonwealth
Commonwealth,Week2,Fox Hunt,Week1,203.0 Fox Hunt - 199.0 Commonwealth
Commonwealth,Week2,Kent Gardens,Week2,205.0 Kent Gardens - 197.0 Commonwealth
Commonwealth,Week5,Ilda Community,Week5,244.0 Commonwealth - 157.0 Ilda Community
Commonwealth,Week4,Fox Hunt,Week1,243.0 Fox Hunt - 159.0 Commonwealth
Commonwealth,Week1,Burke Station,Week1,195.0 Commonwealth - 182.0 Burke Station
Chesterbrook,Week1,Laurel Hill,Week4,366.0 Chesterbrook - 36.0 Laurel Hill
Commonwealth,Week1,Burke Station,Week3,196.0 Commonwealth - 192.0 Burke Station
Commonwealth,Week5,Old Keene Mill,Week5,210.0 Old Keene Mill - 192.0 Commonwealth
Chesterbrook,Week1,Laurel Hill,Week3,358.0 Chesterbrook - 44.0 Laurel Hill
Chesterbrook,Week5,Broyhill Crest,Week4,401.0 Chesterbrook - 1.0 Broyhill Crest
Commonwealth,Week1,Fox Mill Estates,Week1,220.0 Fox Mill Estates - 182.0 Commonwealth
Commonwealth,Week5,Broyhill Crest,Week5,297.0 Commonwealth - 104.0 Broyhill Crest
Commonwealth,Week2,Broyhill Crest,Week5,297.0 Commonwealth - 105.0 Broyhill Crest
Commonwealth,Week3,Old Keene Mill,Week5,203.0 Old Keene Mill - 198.0 Commonwealth
Chesterbrook,Week1,Burke Station,Week5,357.0 Chesterbrook - 40.0 Burke Station
Commonwealth,Week5,Oakton ,Week2,306.0 Oakton - 96.0 Commonwealth
Commonwealth,Week4,Fox Hunt,Week4,237.0 Fox Hunt - 165.0 Commonwealth
Commonwealth,Week2,Kent Gardens,Week5,258.0 Kent Gardens - 144.0 Commonwealth
Commonwealth,Week4,Old Keene Mill,Week5,207.0 Old Keene Mill - 194.0 Commonwealth
Chesterbrook,Week5,Broyhill Crest,Week3,401.0 Chesterbrook - 1.0 Broyhill Crest
Commonwealth,Week3,Kent Gardens,Week5,271.0 Kent Gardens - 131.0 Commonwealth
Chesterbrook,Week4,Broyhill Crest,Week4,401.0 Chesterbrook - 1.0 Broyhill Crest
Commonwealth,Week5,Ilda Community,Week4,219.0 Commonwealth - 183.0 Ilda Community
Commonwealth,Week3,Kent Gardens,Week1,245.0 Kent Gardens - 156.0 Commonwealth
Commonwealth,Week3,Fox Mill Estates,Week2,227.0 Fox Mill Estates - 174.0 Commonwealth
Commonwealth,Week4,Fox Hunt,Week2,252.0 Fox Hunt - 149.0 Commonwealth
Commonwealth,Week4,Ilda Community,Week4,209.0 Commonwealth - 193.0 Ilda Community
Commonwealth,Week3,Broyhill Crest,Week4,303.0 Commonwealth - 93.0 Broyhill Crest
Chesterbrook,Week2,Lee Graham,Week2,281.0 Chesterbrook - 121.0 Lee Graham
Commonwealth,Week1,Burke Station,Week2,212.0 Commonwealth - 182.0 Burke Station
Chesterbrook,Week2,Laurel Hill,Week3,357.0 Chesterbrook - 45.0 Laurel Hill
Chesterbrook,Week1,Burke Station,Week1,326.0 Chesterbrook - 53.0 Burke Station
Commonwealth,Week5,Old Keene Mill,Week2,203.0 Old Keene Mill - 199.0 Commonwealth
Commonwealth,Week3,Broyhill Crest,Week2,311.0 Commonwealth - 86.0 Broyhill Crest
Chesterbrook,Week3,Broyhill Crest,Week2,399.0 Chesterbrook - 3.0 Broyhill Crest
Commonwealth,Week3,Old Keene Mill,Week2,205.0 Old Keene Mill - 197.0 Commonwealth
Chesterbrook,Week1,Laurel Hill,Week5,350.0 Chesterbrook - 52.0 Laurel Hill
Chesterbrook,Week1,Burke Station,Week3,355.0 Chesterbrook - 42.0 Burke Station
Commonwealth,Week2,Old Keene Mill,Week4,204.0 Commonwealth - 198.0 Old Keene Mill
Commonwealth,Week1,Broyhill Crest,Week4,270.0 Commonwealth - 127.0 Broyhill Crest
Commonwealth,Week1,Kent Gardens,Week3,253.0 Kent Gardens - 148.0 Commonwealth
Chesterbrook,Week5,Langley,Week5,296.0 Chesterbrook - 106.0 Langley
Commonwealth,Week5,Fox Hunt,Week1,230.0 Fox Hunt - 172.0 Commonwealth
Chesterbrook,Week2,Lee Graham,Week1,280.0 Chesterbrook - 122.0 Lee Graham
Chesterbrook,Week3,Laurel Hill,Week2,377.0 Chesterbrook - 25.0 Laurel Hill
Commonwealth,Week3,Orange Hunt,Week2,252.0 Orange Hunt - 150.0 Commonwealth
Commonwealth,Week2,Kings Ridge ,Week3,243.0 Commonwealth - 155.0 Kings Ridge
Commonwealth,Week5,Broyhill Crest,Week2,333.0 Commonwealth - 68.0 Broyhill Crest
Chesterbrook,Week2,Burke Station,Week1,340.0 Chesterbrook - 39.0 Burke Station
Chesterbrook,Week4,Broyhill Crest,Week2,399.0 Chesterbrook - 3.0 Broyhill Crest
Chesterbrook,Week5,Laurel Hill,Week1,356.0 Chesterbrook - 46.0 Laurel Hill
Commonwealth,Week2,Burke Station,Week2,278.0 Commonwealth - 123.0 Burke Station
Commonwealth,Week3,Fox Hunt,Week5,261.0 Fox Hunt - 140.0 Commonwealth
Commonwealth,Week2,Orange Hunt,Week2,253.0 Orange Hunt - 149.0 Commonwealth
Commonwealth,Week2,Kings Ridge ,Week2,262.5 Commonwealth - 138.5 Kings Ridge
Commonwealth,Week4,Kent Gardens,Week2,230.0 Kent Gardens - 171.0 Commonwealth
Chesterbrook,Week2,Burke Station,Week2,379.0 Chesterbrook - 23.0 Burke Station
Chesterbrook,Week5,Laurel Hill,Week2,373.0 Chesterbrook - 29.0 Laurel Hill
Commonwealth,Week4,Kent Gardens,Week4,239.0 Kent Gardens - 163.0 Commonwealth
Commonwealth,Week1,Burke Station,Week4,216.0 Commonwealth - 179.0 Burke Station
Commonwealth,Week1,Fox Hunt,Week5,280.0 Fox Hunt - 122.0 Commonwealth
Commonwealth,Week2,Broyhill Crest,Week4,324.0 Commonwealth - 77.0 Broyhill Crest
Commonwealth,Week4,Orange Hunt,Week5,284.0 Orange Hunt - 118.0 Commonwealth
Commonwealth,Week1,Orange Hunt,Week2,269.0 Orange Hunt - 133.0 Commonwealth
Chesterbrook,Week4,Broyhill Crest,Week3,401.0 Chesterbrook - 1.0 Broyhill Crest
Commonwealth,Week3,Fox Hunt,Week2,238.0 Fox Hunt - 162.0 Commonwealth
Commonwealth,Week2,Broyhill Crest,Week3,333.0 Commonwealth - 68.0 Broyhill Crest
Chesterbrook,Week5,Broyhill Crest,Week5,401.0 Chesterbrook - 1.0 Broyhill Crest
Commonwealth,Week1,Fox Hunt,Week4,273.0 Fox Hunt - 129.0 Commonwealth
Commonwealth,Week2,Fox Hunt,Week3,238.5 Fox Hunt - 163.5 Commonwealth
Commonwealth,Week4,Kent Gardens,Week5,268.0 Kent Gardens - 134.0 Commonwealth
Chesterbrook,Week2,Laurel Hill,Week2,371.0 Chesterbrook - 31.0 Laurel Hill
Commonwealth,Week1,Orange Hunt,Week1,263.0 Orange Hunt - 139.0 Commonwealth
Chesterbrook,Week5,Langley,Week2,302.0 Chesterbrook - 100.0 Langley
Commonwealth,Week1,Overlee,Week2,358.0 Overlee - 44.0 Commonwealth
Chesterbrook,Week3,Burke Station,Week3,374.0 Chesterbrook - 23.0 Burke Station
Commonwealth,Week1,Lake Braddock,Week1,229.0 Commonwealth - 166.0 Lake Braddock
Commonwealth,Week5,Fox Hunt,Week3,242.0 Fox Hunt - 160.0 Commonwealth
Chesterbrook,Week1,Burke Station,Week4,369.0 Chesterbrook - 33.0 Burke Station
Commonwealth,Week2,Burke Station,Week1,240.0 Commonwealth - 138.0 Burke Station
Chesterbrook,Week3,Laurel Hill,Week5,363.0 Chesterbrook - 39.0 Laurel Hill
Commonwealth,Week2,Burke Station,Week3,246.0 Commonwealth - 150.0 Burke Station
Cardinal Hill,Week5,Springboard,Week4,299.0 Cardinal Hill - 102.0 Springboard
Commonwealth,Week3,Kings Ridge ,Week3,247.0 Commonwealth - 154.0 Kings Ridge
Commonwealth,Week4,Fox Hunt,Week5,276.0 Fox Hunt - 126.0 Commonwealth
Commonwealth,Week2,Fox Hunt,Week4,232.0 Fox Hunt - 170.0 Commonwealth
Chesterbrook,Week2,Laurel Hill,Week1,350.0 Chesterbrook - 52.0 Laurel Hill
Commonwealth,Week2,Orange Hunt,Week1,232.5 Orange Hunt - 169.5 Commonwealth
Chesterbrook,Week2,Burke Station,Week4,379.0 Chesterbrook - 23.0 Burke Station
Chesterbrook,Week5,Langley,Week4,302.0 Chesterbrook - 100.0 Langley
Commonwealth,Week2,Burke Station,Week5,233.0 Commonwealth - 169.0 Burke Station
Chesterbrook,Week3,Burke Station,Week4,381.0 Chesterbrook - 21.0 Burke Station
Commonwealth,Week2,Overlee,Week1,341.0 Overlee - 61.0 Commonwealth
Cardinal Hill,Week4,Springboard,Week5,296.0 Cardinal Hill - 106.0 Springboard
Cardinal Hill,Week5,Springboard,Week3,296.0 Cardinal Hill - 102.0 Springboard
Commonwealth,Week1,Overlee,Week4,378.0 Overlee - 24.0 Commonwealth
Commonwealth,Week5,Fox Hunt,Week4,234.0 Fox Hunt - 168.0 Commonwealth
Commonwealth,Week4,Kings Ridge ,Week3,219.0 Commonwealth - 182.0 Kings Ridge
Commonwealth,Week2,Lake Braddock,Week3,264.0 Commonwealth - 138.0 Lake Braddock
Commonwealth,Week5,Burke Station,Week4,255.0 Commonwealth - 146.0 Burke Station
Commonwealth,Week3,Overlee,Week1,353.0 Overlee - 49.0 Commonwealth
Commonwealth,Week2,Orange Hunt,Week3,257.0 Orange Hunt - 145.0 Commonwealth
Chesterbrook,Week2,Laurel Hill,Week5,352.0 Chesterbrook - 50.0 Laurel Hill
Chesterbrook,Week1,Camelot,Week5,327.0 Chesterbrook - 75.0 Camelot
Cardinal Hill,Week4,Sleepy Hollow Rec,Week5,300.0 Cardinal Hill - 102.0 Sleepy Hollow Rec
Commonwealth,Week1,Fox Hunt,Week3,265.0 Fox Hunt - 132.0 Commonwealth
Commonwealth,Week3,Kings Ridge ,Week2,258.0 Commonwealth - 142.0 Kings Ridge
Cardinal Hill,Week2,Springboard,Week3,301.0 Cardinal Hill - 100.0 Springboard
Commonwealth,Week5,Kings Ridge ,Week3,229.0 Commonwealth - 172.0 Kings Ridge
Commonwealth,Week2,Burke Station,Week4,269.0 Commonwealth - 133.0 Burke Station
Commonwealth,Week2,Lake Braddock,Week1,279.0 Commonwealth - 123.0 Lake Braddock
Chesterbrook,Week5,Burke Station,Week4,381.0 Chesterbrook - 21.0 Burke Station
Chesterbrook,Week4,Camelot,Week5,342.0 Chesterbrook - 60.0 Camelot
Commonwealth,Week5,Kent Gardens,Week5,267.0 Kent Gardens - 135.0 Commonwealth
Chesterbrook,Week4,Laurel Hill,Week1,360.0 Chesterbrook - 42.0 Laurel Hill
Commonwealth,Week3,Fox Hunt,Week4,237.0 Fox Hunt - 164.0 Commonwealth
Commonwealth,Week1,Camelot,Week1,219.0 Camelot - 180.0 Commonwealth
Commonwealth,Week4,Orange Hunt,Week2,269.0 Orange Hunt - 133.0 Commonwealth
Commonwealth,Week1,Lake Braddock,Week4,201.0 Commonwealth - 200.0 Lake Braddock
Cardinal Hill,Week4,Springboard,Week3,287.0 Cardinal Hill - 115.0 Springboard
Commonwealth,Week3,Fox Hunt,Week3,252.0 Fox Hunt - 150.0 Commonwealth
Commonwealth,Week4,Camelot,Week2,212.0 Camelot - 189.0 Commonwealth
Chesterbrook,Week2,Camelot,Week3,340.0 Chesterbrook - 62.0 Camelot
Cardinal Hill,Week3,Springboard,Week1,329.0 Cardinal Hill - 72.0 Springboard
Chesterbrook,Week4,Burke Station,Week5,366.0 Chesterbrook - 36.0 Burke Station
Chesterbrook,Week1,Laurel Hill,Week2,367.0 Chesterbrook - 30.0 Laurel Hill
Commonwealth,Week3,Camelot,Week1,205.0 Camelot - 196.0 Commonwealth
Commonwealth,Week3,Burke Station,Week1,225.0 Commonwealth - 154.0 Burke Station
Commonwealth,Week1,Orange Hunt,Week3,277.0 Orange Hunt - 125.0 Commonwealth
Commonwealth,Week4,Overlee,Week1,354.0 Overlee - 48.0 Commonwealth
Commonwealth,Week5,Fox Hunt,Week2,236.0 Fox Hunt - 166.0 Commonwealth
Chesterbrook,Week4,Laurel Hill,Week3,361.0 Chesterbrook - 41.0 Laurel Hill
Chesterbrook,Week2,Laurel Hill,Week4,367.0 Chesterbrook - 35.0 Laurel Hill
Chesterbrook,Week3,Laurel Hill,Week4,376.0 Chesterbrook - 26.0 Laurel Hill
Commonwealth,Week3,Overlee,Week3,354.0 Overlee - 48.0 Commonwealth
Commonwealth,Week1,Fox Mill Estates,Week2,251.0 Fox Mill Estates - 150.0 Commonwealth
Cardinal Hill,Week1,Springboard,Week3,324.0 Cardinal Hill - 78.0 Springboard
Commonwealth,Week2,Fox Hunt,Week2,229.0 Fox Hunt - 173.0 Commonwealth
Chesterbrook,Week4,Burke Station,Week1,336.0 Chesterbrook - 43.0 Burke Station
Cardinal Hill,Week4,Springboard,Week4,305.0 Cardinal Hill - 97.0 Springboard
Chesterbrook,Week5,Langley,Week3,294.0 Chesterbrook - 108.0 Langley
Commonwealth,Week2,Camelot,Week1,207.0 Commonwealth - 195.0 Camelot
Cardinal Hill,Week2,Springboard,Week4,302.0 Cardinal Hill - 95.0 Springboard
Cardinal Hill,Week1,Springboard,Week1,332.0 Cardinal Hill - 70.0 Springboard
Commonwealth,Week1,Fox Mill Estates,Week4,262.0 Fox Mill Estates - 140.0 Commonwealth
Commonwealth,Week1,Kings Ridge ,Week4,219.0 Kings Ridge - 183.0 Commonwealth
Chesterbrook,Week5,Burke Station,Week1,341.0 Chesterbrook - 37.0 Burke Station
Cardinal Hill,Week5,South Run,Week4,271.0 Cardinal Hill - 129.0 South Run
Chesterbrook,Week2,Camelot,Week5,333.0 Chesterbrook - 69.0 Camelot
Cardinal Hill,Week3,Springboard,Week5,313.0 Cardinal Hill - 88.0 Springboard
Commonwealth,Week1,Kings Ridge ,Week1,206.0 Commonwealth - 196.0 Kings Ridge
Commonwealth,Week3,Orange Hunt,Week1,243.0 Orange Hunt - 159.0 Commonwealth
Commonwealth,Week2,Kings Ridge ,Week1,257.0 Commonwealth - 145.0 Kings Ridge
Chesterbrook,Week5,Laurel Hill,Week4,370.0 Chesterbrook - 32.0 Laurel Hill
Cardinal Hill,Week1,Springboard,Week4,323.0 Cardinal Hill - 79.0 Springboard
Chesterbrook,Week5,Burke Station,Week3,375.0 Chesterbrook - 22.0 Burke Station
Commonwealth,Week1,Camelot,Week4,240.0 Camelot - 161.0 Commonwealth
Chesterbrook,Week3,Camelot,Week2,349.5 Chesterbrook - 52.5 Camelot
Commonwealth,Week1,Orange Hunt,Week5,285.0 Orange Hunt - 116.0 Commonwealth
Cardinal Hill,Week4,Sleepy Hollow Rec,Week4,325.0 Cardinal Hill - 77.0 Sleepy Hollow Rec
Commonwealth,Week2,Kings Ridge ,Week4,239.0 Commonwealth - 163.0 Kings Ridge
Commonwealth,Week4,Fox Hunt,Week3,266.0 Fox Hunt - 131.0 Commonwealth
Chesterbrook,Week4,Laurel Hill,Week5,355.0 Chesterbrook - 47.0 Laurel Hill
Commonwealth,Week4,Burke Station,Week5,204.0 Commonwealth - 192.0 Burke Station
Commonwealth,Week2,Orange Hunt,Week4,250.0 Orange Hunt - 152.0 Commonwealth
Chesterbrook,Week1,Lee Graham,Week1,269.0 Chesterbrook - 128.0 Lee Graham
Commonwealth,Week4,Burke Station,Week2,238.5 Commonwealth - 160.5 Burke Station
Commonwealth,Week2,Fox Mill Estates,Week1,207.0 Commonwealth - 195.0 Fox Mill Estates
Commonwealth,Week3,Orange Hunt,Week4,250.0 Orange Hunt - 152.0 Commonwealth
Chesterbrook,Week1,Camelot,Week1,337.0 Chesterbrook - 65.0 Camelot
Commonwealth,Week1,Camelot,Week2,216.0 Camelot - 185.0 Commonwealth
Commonwealth,Week3,Kings Ridge ,Week1,267.0 Commonwealth - 135.0 Kings Ridge
Chesterbrook,Week5,Laurel Hill,Week3,358.0 Chesterbrook - 44.0 Laurel Hill
Commonwealth,Week1,Fox Mill Estates,Week5,265.0 Fox Mill Estates - 137.0 Commonwealth
Chesterbrook,Week1,Lee Graham,Week3,263.0 Chesterbrook - 139.0 Lee Graham
Commonwealth,Week5,Orange Hunt,Week3,268.0 Orange Hunt - 134.0 Commonwealth
Commonwealth,Week1,Kings Ridge ,Week2,199.0 Commonwealth - 199.0 Kings Ridge
Commonwealth,Week3,Kings Ridge ,Week4,231.0 Commonwealth - 171.0 Kings Ridge
Chesterbrook,Week1,Lee Graham,Week2,276.0 Chesterbrook - 126.0 Lee Graham
Cardinal Hill,Week3,Springboard,Week4,320.5 Cardinal Hill - 81.5 Springboard
Commonwealth,Week2,Camelot,Week2,203.0 Commonwealth - 199.0 Camelot
Cardinal Hill,Week3,Springboard,Week3,319.0 Cardinal Hill - 82.0 Springboard
Commonwealth,Week4,Orange Hunt,Week3,276.0 Orange Hunt - 126.0 Commonwealth
Commonwealth,Week5,Orange Hunt,Week2,260.0 Orange Hunt - 142.0 Commonwealth
Commonwealth,Week4,Orange Hunt,Week1,263.0 Orange Hunt - 139.0 Commonwealth
Commonwealth,Week3,Camelot,Week2,201.0 Commonwealth - 200.0 Camelot
Commonwealth,Week2,Fox Mill Estates,Week5,222.0 Fox Mill Estates - 180.0 Commonwealth
Commonwealth,Week3,Fox Mill Estates,Week1,204.0 Commonwealth - 198.0 Fox Mill Estates
Commonwealth,Week4,Burke Station,Week1,213.0 Commonwealth - 166.0 Burke Station
Chesterbrook,Week3,Camelot,Week1,358.0 Chesterbrook - 44.0 Camelot
Chesterbrook,Week1,Camelot,Week3,332.0 Chesterbrook - 70.0 Camelot
Chesterbrook,Week1,Lee Graham,Week5,241.0 Chesterbrook - 161.0 Lee Graham
Commonwealth,Week3,Kings Ridge ,Week5,220.0 Commonwealth - 181.0 Kings Ridge
Chesterbrook,Week2,Camelot,Week2,331.0 Chesterbrook - 71.0 Camelot
Commonwealth,Week2,Fox Mill Estates,Week4,230.0 Fox Mill Estates - 172.0 Commonwealth
Cardinal Hill,Week2,Springboard,Week2,324.0 Cardinal Hill - 72.0 Springboard
Commonwealth,Week2,Fox Mill Estates,Week2,226.0 Fox Mill Estates - 176.0 Commonwealth
Cardinal Hill,Week1,Springboard,Week2,339.5 Cardinal Hill - 62.5 Springboard
Commonwealth,Week5,Orange Hunt,Week4,244.0 Orange Hunt - 158.0 Commonwealth
Chesterbrook,Week4,Lee Graham,Week2,283.5 Chesterbrook - 118.5 Lee Graham
Cardinal Hill,Week4,Springboard,Week1,307.0 Cardinal Hill - 95.0 Springboard
Commonwealth,Week1,Orange Hunt,Week4,268.0 Orange Hunt - 129.0 Commonwealth
Commonwealth,Week5,Kings Ridge ,Week2,251.0 Commonwealth - 151.0 Kings Ridge
Chesterbrook,Week5,Lee Graham,Week5,265.0 Chesterbrook - 137.0 Lee Graham
Cardinal Hill,Week3,Springboard,Week2,342.0 Cardinal Hill - 59.0 Springboard
Commonwealth,Week3,Fox Mill Estates,Week3,229.0 Fox Mill Estates - 173.0 Commonwealth
Chesterbrook,Week1,Camelot,Week4,337.0 Chesterbrook - 65.0 Camelot
Commonwealth,Week1,Camelot,Week3,227.0 Camelot - 173.0 Commonwealth
Chesterbrook,Week3,Camelot,Week3,345.0 Chesterbrook - 57.0 Camelot
Cardinal Hill,Week1,Springboard,Week5,321.0 Cardinal Hill - 81.0 Springboard
Commonwealth,Week3,Camelot,Week5,211.0 Camelot - 189.0 Commonwealth
Commonwealth,Week4,Kings Ridge ,Week5,202.0 Commonwealth - 198.0 Kings Ridge
Commonwealth,Week2,Camelot,Week4,215.0 Commonwealth - 187.0 Camelot
Commonwealth,Week3,Fox Mill Estates,Week4,234.0 Fox Mill Estates - 168.0 Commonwealth
Chesterbrook,Week1,Lee Graham,Week4,259.0 Chesterbrook - 143.0 Lee Graham
Commonwealth,Week3,Camelot,Week4,207.0 Camelot - 195.0 Commonwealth
Cardinal Hill,Week5,Springboard,Week1,307.0 Cardinal Hill - 91.0 Springboard
Commonwealth,Week1,Kings Ridge ,Week5,228.0 Kings Ridge - 172.0 Commonwealth
Commonwealth,Week5,Fox Mill Estates,Week4,227.0 Fox Mill Estates - 175.0 Commonwealth
Commonwealth,Week2,Orange Hunt,Week5,269.0 Orange Hunt - 132.0 Commonwealth
Chesterbrook,Week5,Burke Station,Week5,370.0 Chesterbrook - 32.0 Burke Station
Cardinal Hill,Week2,Springboard,Week1,310.0 Cardinal Hill - 91.0 Springboard
Chesterbrook,Week4,Camelot,Week2,334.0 Chesterbrook - 68.0 Camelot
Commonwealth,Week5,Orange Hunt,Week5,275.0 Orange Hunt - 127.0 Commonwealth
Commonwealth,Week2,Fox Mill Estates,Week3,220.0 Fox Mill Estates - 182.0 Commonwealth
Commonwealth,Week3,Fox Mill Woods,Week3,303.5 Fox Mill Woods - 98.5 Commonwealth
Chesterbrook,Week3,Camelot,Week5,347.0 Chesterbrook - 55.0 Camelot
Chesterbrook,Week1,Camelot,Week2,328.0 Chesterbrook - 74.0 Camelot
Commonwealth,Week1,Kings Ridge ,Week3,208.5 Kings Ridge - 188.5 Commonwealth
Commonwealth,Week5,Orange Hunt,Week1,266.0 Orange Hunt - 136.0 Commonwealth
Chesterbrook,Week2,Lincolnia Park,Week1,381.0 Chesterbrook - 21.0 Lincolnia Park
Commonwealth,Week4,Kings Ridge ,Week2,227.0 Commonwealth - 174.0 Kings Ridge
Commonwealth,Week4,Camelot,Week1,218.0 Camelot - 183.0 Commonwealth
Commonwealth,Week2,Kings Ridge ,Week5,235.0 Commonwealth - 167.0 Kings Ridge
Chesterbrook,Week4,Lee Graham,Week5,268.0 Chesterbrook - 134.0 Lee Graham
Chesterbrook,Week3,Lee Graham,Week2,304.5 Chesterbrook - 97.5 Lee Graham
Commonwealth,Week5,Burke Station,Week2,270.0 Commonwealth - 131.0 Burke Station
Commonwealth,Week4,Kings Ridge ,Week4,204.0 Commonwealth - 198.0 Kings Ridge
Commonwealth,Week5,Fox Mill Woods,Week1,296.0 Fox Mill Woods - 106.0 Commonwealth
Commonwealth,Week4,Fox Mill Woods,Week3,293.0 Fox Mill Woods - 109.0 Commonwealth
Commonwealth,Week3,Burke Station,Week3,228.0 Commonwealth - 164.0 Burke Station
Commonwealth,Week3,Orange Hunt,Week3,261.0 Orange Hunt - 141.0 Commonwealth
Commonwealth,Week3,Burke Station,Week2,263.0 Commonwealth - 136.0 Burke Station
Commonwealth,Week4,Fox Mill Estates,Week2,229.0 Fox Mill Estates - 173.0 Commonwealth
Commonwealth,Week5,Fox Mill Estates,Week3,226.0 Fox Mill Estates - 176.0 Commonwealth
Commonwealth,Week3,Fox Mill Estates,Week5,233.0 Fox Mill Estates - 169.0 Commonwealth
Chesterbrook,Week2,Lincolnia Park,Week2,377.0 Chesterbrook - 16.0 Lincolnia Park
Cardinal Hill,Week5,Springboard,Week2,322.5 Cardinal Hill - 75.5 Springboard
Commonwealth,Week3,Fox Mill Woods,Week5,302.0 Fox Mill Woods - 99.0 Commonwealth
Chesterbrook,Week4,Camelot,Week3,343.0 Chesterbrook - 59.0 Camelot
Commonwealth,Week5,Kings Ridge ,Week4,216.0 Commonwealth - 186.0 Kings Ridge
Commonwealth,Week1,Overlee,Week5,378.0 Overlee - 24.0 Commonwealth
Commonwealth,Week3,Burke Station,Week5,216.0 Commonwealth - 185.0 Burke Station
Commonwealth,Week4,Orange Hunt,Week4,252.0 Orange Hunt - 145.0 Commonwealth
Cardinal Hill,Week4,Springboard,Week2,334.0 Cardinal Hill - 68.0 Springboard
Cardinal Hill,Week2,Springboard,Week5,299.0 Cardinal Hill - 102.0 Springboard
Chesterbrook,Week3,Lee Graham,Week3,293.0 Chesterbrook - 109.0 Lee Graham
Chesterbrook,Week2,Camelot,Week1,342.0 Chesterbrook - 60.0 Camelot
Commonwealth,Week1,Lake Braddock,Week2,208.0 Commonwealth - 190.0 Lake Braddock
Chesterbrook,Week2,Camelot,Week4,354.0 Chesterbrook - 48.0 Camelot
Cardinal Hill,Week5,South Run,Week5,236.0 Cardinal Hill - 166.0 South Run
Chesterbrook,Week5,Lee Graham,Week2,294.0 Chesterbrook - 108.0 Lee Graham
Commonwealth,Week3,Orange Hunt,Week5,266.0 Orange Hunt - 136.0 Commonwealth
Chesterbrook,Week4,Camelot,Week4,355.0 Chesterbrook - 47.0 Camelot
Commonwealth,Week4,Kings Ridge ,Week1,224.0 Commonwealth - 178.0 Kings Ridge
Chesterbrook,Week3,Lee Graham,Week1,306.0 Chesterbrook - 96.0 Lee Graham
Chesterbrook,Week3,Camelot,Week4,359.0 Chesterbrook - 43.0 Camelot
Commonwealth,Week5,Kings Ridge ,Week5,217.0 Commonwealth - 185.0 Kings Ridge
Commonwealth,Week4,Burke Station,Week3,212.0 Commonwealth - 180.0 Burke Station
Commonwealth,Week1,Overlee,Week1,347.0 Overlee - 55.0 Commonwealth
Commonwealth,Week2,Camelot,Week3,207.0 Commonwealth - 195.0 Camelot
Chesterbrook,Week2,Lincolnia Park,Week3,362.0 Chesterbrook - 31.0 Lincolnia Park
Commonwealth,Week1,Overlee,Week3,347.0 Overlee - 55.0 Commonwealth
Chesterbrook,Week2,Lincolnia Park,Week4,384.0 Chesterbrook - 18.0 Lincolnia Park
Commonwealth,Week5,Kings Ridge ,Week1,248.0 Commonwealth - 154.0 Kings Ridge
Chesterbrook,Week5,Camelot,Week2,334.0 Chesterbrook - 68.0 Camelot
Commonwealth,Week5,Burke Station,Week3,231.0 Commonwealth - 162.0 Burke Station
Commonwealth,Week2,Overlee,Week5,368.0 Overlee - 34.0 Commonwealth
Commonwealth,Week2,Fox Mill Woods,Week5,289.0 Fox Mill Woods - 113.0 Commonwealth
Commonwealth,Week2,Lake Braddock,Week2,265.0 Commonwealth - 136.0 Lake Braddock
Commonwealth,Week2,Overlee,Week4,379.0 Overlee - 23.0 Commonwealth
Commonwealth,Week5,Burke Station,Week1,242.0 Commonwealth - 137.0 Burke Station
Chesterbrook,Week4,Burke Station,Week4,378.0 Chesterbrook - 24.0 Burke Station
Commonwealth,Week3,Burke Station,Week4,235.0 Commonwealth - 164.0 Burke Station
Chesterbrook,Week5,Burke Station,Week2,380.0 Chesterbrook - 21.0 Burke Station
Chesterbrook,Week2,Lee Graham,Week5,250.0 Chesterbrook - 152.0 Lee Graham
Chesterbrook,Week2,Wakefield Chapel,Week1,275.0 Chesterbrook - 127.0 Wakefield Chapel
Chesterbrook,Week2,Lee Graham,Week3,276.0 Chesterbrook - 126.0 Lee Graham
Commonwealth,Week4,Fox Mill Estates,Week5,230.0 Fox Mill Estates - 172.0 Commonwealth
Chesterbrook,Week5,Wakefield Chapel,Week3,293.0 Chesterbrook - 109.0 Wakefield Chapel
Commonwealth,Week1,Fox Mill Woods,Week4,309.0 Fox Mill Woods - 93.0 Commonwealth
Commonwealth,Week1,Lake Braddock,Week3,211.0 Commonwealth - 190.0 Lake Braddock
Commonwealth,Week1,Lake Braddock,Week5,201.0 Lake Braddock - 197.0 Commonwealth
Commonwealth,Week4,Burke Station,Week4,238.0 Commonwealth - 162.0 Burke Station
Commonwealth,Week2,Overlee,Week3,342.0 Overlee - 60.0 Commonwealth
Chesterbrook,Week2,Lincolnia Park,Week5,371.0 Chesterbrook - 22.0 Lincolnia Park
Chesterbrook,Week4,Camelot,Week1,345.5 Chesterbrook - 56.5 Camelot
Chesterbrook,Week4,Wakefield Chapel,Week3,276.5 Chesterbrook - 125.5 Wakefield Chapel
Chesterbrook,Week4,Wakefield Chapel,Week2,308.5 Chesterbrook - 93.5 Wakefield Chapel
Commonwealth,Week2,Lakevale Estates,Week3,266.0 Lakevale Estates - 136.0 Commonwealth
Commonwealth,Week2,Overlee,Week2,350.0 Overlee - 52.0 Commonwealth
Commonwealth,Week5,Overlee,Week4,359.0 Overlee - 43.0 Commonwealth
Commonwealth,Week2,Camelot,Week5,203.0 Camelot - 198.0 Commonwealth
Chesterbrook,Week5,Camelot,Week3,347.0 Chesterbrook - 55.0 Camelot
Commonwealth,Week2,Poplar Tree,Week1,248.0 Poplar Tree - 154.0 Commonwealth
Commonwealth,Week1,Camelot,Week5,238.0 Camelot - 159.0 Commonwealth
Chesterbrook,Week5,Camelot,Week4,354.5 Chesterbrook - 47.5 Camelot
Commonwealth,Week3,Fox Mill Woods,Week1,311.0 Fox Mill Woods - 91.0 Commonwealth
Commonwealth,Week2,Fox Mill Woods,Week2,280.0 Fox Mill Woods - 122.0 Commonwealth
Chesterbrook,Week5,Lee Graham,Week3,288.0 Chesterbrook - 114.0 Lee Graham
Commonwealth,Week1,Lakevale Estates,Week1,287.0 Lakevale Estates - 115.0 Commonwealth
Commonwealth,Week3,Overlee,Week4,382.0 Overlee - 20.0 Commonwealth
Chesterbrook,Week3,Walden Glen,Week2,369.0 Chesterbrook - 33.0 Walden Glen
Chesterbrook,Week4,Lee Graham,Week4,274.0 Chesterbrook - 128.0 Lee Graham
Commonwealth,Week5,Camelot,Week1,210.0 Camelot - 191.0 Commonwealth
Chesterbrook,Week5,Lee Graham,Week1,294.0 Chesterbrook - 108.0 Lee Graham
Commonwealth,Week1,Poplar Tree,Week2,277.0 Poplar Tree - 118.0 Commonwealth
Chesterbrook,Week4,Lee Graham,Week1,295.0 Chesterbrook - 107.0 Lee Graham
Commonwealth,Week3,Overlee,Week5,381.0 Overlee - 21.0 Commonwealth
Chesterbrook,Week3,Lee Graham,Week4,298.0 Chesterbrook - 104.0 Lee Graham
Commonwealth,Week4,Lake Braddock,Week2,241.0 Commonwealth - 160.0 Lake Braddock
Commonwealth,Week4,Lake Braddock,Week1,262.0 Commonwealth - 134.0 Lake Braddock
Commonwealth,Week2,Poplar Heights,Week5,248.0 Poplar Heights - 154.0 Commonwealth
Commonwealth,Week3,Poplar Tree,Week1,254.0 Poplar Tree - 148.0 Commonwealth
Commonwealth,Week3,Camelot,Week3,205.0 Commonwealth - 196.0 Camelot
Chesterbrook,Week5,Camelot,Week5,337.0 Chesterbrook - 65.0 Camelot
Commonwealth,Week4,Fox Mill Estates,Week4,242.0 Fox Mill Estates - 160.0 Commonwealth
Chesterbrook,Week1,Canterbury Woods,Week4,343.0 Chesterbrook - 59.0 Canterbury Woods
Chesterbrook,Week3,Wakefield Chapel,Week4,310.0 Chesterbrook - 92.0 Wakefield Chapel
Commonwealth,Week1,Poplar Tree,Week3,288.0 Poplar Tree - 114.0 Commonwealth
Commonwealth,Week1,Lakevale Estates,Week2,303.0 Lakevale Estates - 99.0 Commonwealth
Commonwealth,Week1,Fox Mill Woods,Week5,322.0 Fox Mill Woods - 80.0 Commonwealth
Commonwealth,Week5,Burke Station,Week5,232.0 Commonwealth - 169.0 Burke Station
Commonwealth,Week3,Overlee,Week2,365.5 Overlee - 36.5 Commonwealth
Chesterbrook,Week1,Walden Glen,Week2,352.5 Chesterbrook - 49.5 Walden Glen
Chesterbrook,Week3,Wakefield Chapel,Week3,310.0 Chesterbrook - 92.0 Wakefield Chapel
Commonwealth,Week4,Fox Mill Woods,Week4,307.0 Fox Mill Woods - 95.0 Commonwealth
Commonwealth,Week5,Camelot,Week4,203.0 Camelot - 199.0 Commonwealth
Commonwealth,Week3,Poplar Tree,Week3,265.0 Poplar Tree - 137.0 Commonwealth
Chesterbrook,Week1,Lincolnia Park,Week4,377.0 Chesterbrook - 25.0 Lincolnia Park
Chesterbrook,Week3,Wakefield Chapel,Week5,287.0 Chesterbrook - 115.0 Wakefield Chapel
Commonwealth,Week4,Poplar Heights,Week3,271.0 Poplar Heights - 131.0 Commonwealth
Chesterbrook,Week2,Lee Graham,Week4,264.0 Chesterbrook - 138.0 Lee Graham
Commonwealth,Week4,Fox Mill Estates,Week3,228.0 Fox Mill Estates - 174.0 Commonwealth
Commonwealth,Week2,Poplar Heights,Week3,245.5 Poplar Heights - 156.5 Commonwealth
Chesterbrook,Week1,Canterbury Woods,Week5,332.0 Chesterbrook - 70.0 Canterbury Woods
Commonwealth,Week2,Lakevale Estates,Week5,287.0 Lakevale Estates - 115.0 Commonwealth
Commonwealth,Week3,Poplar Heights,Week2,261.0 Poplar Heights - 140.0 Commonwealth
Commonwealth,Week3,Canterbury Woods,Week4,210.0 Canterbury Woods - 192.0 Commonwealth
Commonwealth,Week5,Canterbury Woods,Week2,217.0 Commonwealth - 185.0 Canterbury Woods
Chesterbrook,Week1,Lincolnia Park,Week2,371.0 Chesterbrook - 22.0 Lincolnia Park
Chesterbrook,Week2,Canterbury Woods,Week4,338.5 Chesterbrook - 63.5 Canterbury Woods
Commonwealth,Week1,Lakevale Estates,Week4,308.0 Lakevale Estates - 94.0 Commonwealth
Chesterbrook,Week2,Canterbury Woods,Week3,354.0 Chesterbrook - 48.0 Canterbury Woods
Commonwealth,Week2,Fox Mill Woods,Week4,295.0 Fox Mill Woods - 107.0 Commonwealth
Chesterbrook,Week5,Wakefield Chapel,Week2,294.0 Chesterbrook - 108.0 Wakefield Chapel
Commonwealth,Week5,Overlee,Week1,339.0 Overlee - 63.0 Commonwealth
Commonwealth,Week2,Poplar Heights,Week4,255.5 Poplar Heights - 146.5 Commonwealth
Commonwealth,Week1,Lakevale Estates,Week3,295.0 Lakevale Estates - 102.0 Commonwealth
Chesterbrook,Week2,Canterbury Woods,Week2,349.0 Chesterbrook - 53.0 Canterbury Woods
Chesterbrook,Week3,Wakefield Chapel,Week2,317.0 Chesterbrook - 85.0 Wakefield Chapel
Commonwealth,Week4,Overlee,Week5,379.0 Overlee - 23.0 Commonwealth
Chesterbrook,Week4,Wakefield Chapel,Week4,296.0 Chesterbrook - 106.0 Wakefield Chapel
Commonwealth,Week5,Fox Mill Estates,Week2,220.0 Fox Mill Estates - 182.0 Commonwealth
Chesterbrook,Week1,Lincolnia Park,Week3,355.0 Chesterbrook - 38.0 Lincolnia Park
Commonwealth,Week4,Overlee,Week4,383.0 Overlee - 19.0 Commonwealth
Commonwealth,Week5,Fox Mill Estates,Week1,203.0 Commonwealth - 199.0 Fox Mill Estates
Chesterbrook,Week1,Canterbury Woods,Week3,354.0 Chesterbrook - 48.0 Canterbury Woods
Commonwealth,Week5,Overlee,Week2,353.0 Overlee - 49.0 Commonwealth
Commonwealth,Week1,Fox Mill Woods,Week3,323.0 Fox Mill Woods - 79.0 Commonwealth
Commonwealth,Week5,Overlee,Week5,364.0 Overlee - 38.0 Commonwealth
Chesterbrook,Week3,Walden Glen,Week5,370.0 Chesterbrook - 32.0 Walden Glen
Commonwealth,Week4,Canterbury Woods,Week2,221.0 Commonwealth - 181.0 Canterbury Woods
Commonwealth,Week5,Lake Braddock,Week5,239.0 Commonwealth - 163.0 Lake Braddock
Commonwealth,Week1,Fox Mill Woods,Week2,306.5 Fox Mill Woods - 95.5 Commonwealth
Chesterbrook,Week1,Lincolnia Park,Week5,360.0 Chesterbrook - 33.0 Lincolnia Park
Chesterbrook,Week5,Wakefield Chapel,Week1,282.0 Chesterbrook - 120.0 Wakefield Chapel
Commonwealth,Week2,Fox Mill Woods,Week3,273.0 Fox Mill Woods - 129.0 Commonwealth
Commonwealth,Week4,Lake Braddock,Week4,237.0 Commonwealth - 165.0 Lake Braddock
Commonwealth,Week5,Camelot,Week3,208.0 Commonwealth - 194.0 Camelot
Commonwealth,Week2,Lake Braddock,Week4,268.0 Commonwealth - 134.0 Lake Braddock
Commonwealth,Week3,Canterbury Woods,Week5,217.0 Commonwealth - 185.0 Canterbury Woods
Commonwealth,Week5,Canterbury Woods,Week1,215.0 Commonwealth - 187.0 Canterbury Woods
Chesterbrook,Week1,Walden Glen,Week4,351.0 Chesterbrook - 46.0 Walden Glen
Commonwealth,Week2,Poplar Tree,Week4,234.0 Poplar Tree - 167.0 Commonwealth
Commonwealth,Week5,Fox Mill Estates,Week5,216.0 Fox Mill Estates - 186.0 Commonwealth
Chesterbrook,Week1,Canterbury Woods,Week1,343.0 Chesterbrook - 59.0 Canterbury Woods
Chesterbrook,Week3,Lee Graham,Week5,279.0 Chesterbrook - 123.0 Lee Graham
Commonwealth,Week3,Lake Braddock,Week1,275.0 Commonwealth - 126.0 Lake Braddock
Commonwealth,Week5,Overlee,Week3,337.0 Overlee - 65.0 Commonwealth
Chesterbrook,Week2,Wakefield Chapel,Week3,288.0 Chesterbrook - 114.0 Wakefield Chapel
Chesterbrook,Week2,Canterbury Woods,Week5,334.0 Chesterbrook - 68.0 Canterbury Woods
Chesterbrook,Week2,Canterbury Woods,Week1,351.5 Chesterbrook - 50.5 Canterbury Woods
Commonwealth,Week1,Parklawn,Week1,212.0 Commonwealth - 173.0 Parklawn
Chesterbrook,Week1,Lincolnia Park,Week1,371.0 Chesterbrook - 31.0 Lincolnia Park
Commonwealth,Week3,Poplar Heights,Week5,262.0 Poplar Heights - 139.0 Commonwealth
Commonwealth,Week3,Poplar Heights,Week3,265.0 Poplar Heights - 137.0 Commonwealth
Commonwealth,Week1,Parklawn,Week2,206.0 Commonwealth - 194.0 Parklawn
Commonwealth,Week1,Canterbury Woods,Week1,207.0 Commonwealth - 190.0 Canterbury Woods
Chesterbrook,Week2,Wakefield Chapel,Week4,291.0 Chesterbrook - 111.0 Wakefield Chapel
Commonwealth,Week2,Canterbury Woods,Week5,218.0 Commonwealth - 184.0 Canterbury Woods
Chesterbrook,Week4,Lee Graham,Week3,287.0 Chesterbrook - 115.0 Lee Graham
Commonwealth,Week1,Poplar Tree,Week1,288.0 Poplar Tree - 114.0 Commonwealth
Chesterbrook,Week4,Kent Gardens,Week4,344.0 Chesterbrook - 58.0 Kent Gardens
Chesterbrook,Week3,Walden Glen,Week1,376.0 Chesterbrook - 26.0 Walden Glen
Chesterbrook,Week3,Canterbury Woods,Week1,368.0 Chesterbrook - 34.0 Canterbury Woods
Commonwealth,Week5,Lake Braddock,Week1,276.0 Commonwealth - 125.0 Lake Braddock
Commonwealth,Week4,Overlee,Week2,364.0 Overlee - 38.0 Commonwealth
Chesterbrook,Week1,Walden Glen,Week5,348.0 Chesterbrook - 54.0 Walden Glen
Chesterbrook,Week5,Lee Graham,Week4,279.0 Chesterbrook - 123.0 Lee Graham
Commonwealth,Week1,Parklawn,Week3,206.0 Parklawn - 196.0 Commonwealth
Commonwealth,Week1,Fox Mill Woods,Week1,317.0 Fox Mill Woods - 85.0 Commonwealth
Commonwealth,Week5,Lake Braddock,Week3,263.0 Commonwealth - 139.0 Lake Braddock
Chesterbrook,Week2,Walden Glen,Week4,356.5 Chesterbrook - 45.5 Walden Glen
Chesterbrook,Week5,Camelot,Week1,347.0 Chesterbrook - 55.0 Camelot
Commonwealth,Week3,Lake Braddock,Week5,238.0 Commonwealth - 162.0 Lake Braddock
Commonwealth,Week3,Lake Braddock,Week4,259.0 Commonwealth - 142.0 Lake Braddock
Chesterbrook,Week3,Kent Gardens,Week5,338.0 Chesterbrook - 64.0 Kent Gardens
Commonwealth,Week4,Canterbury Woods,Week5,209.0 Canterbury Woods - 193.0 Commonwealth
Commonwealth,Week1,Canterbury Woods,Week5,203.0 Canterbury Woods - 194.0 Commonwealth
Commonwealth,Week4,Poplar Heights,Week4,278.0 Poplar Heights - 124.0 Commonwealth
Commonwealth,Week4,Fox Mill Estates,Week1,205.0 Fox Mill Estates - 197.0 Commonwealth
Commonwealth,Week5,Lake Braddock,Week4,259.0 Commonwealth - 143.0 Lake Braddock
Commonwealth,Week2,Fox Mill Woods,Week1,283.0 Fox Mill Woods - 119.0 Commonwealth
Chesterbrook,Week1,Kent Gardens,Week1,341.0 Chesterbrook - 61.0 Kent Gardens
Commonwealth,Week3,Poplar Heights,Week1,240.0 Poplar Heights - 161.0 Commonwealth
Commonwealth,Week3,Fox Mill Woods,Week4,310.0 Fox Mill Woods - 92.0 Commonwealth
Commonwealth,Week3,Canterbury Woods,Week2,221.0 Commonwealth - 181.0 Canterbury Woods
Commonwealth,Week2,Lakevale Estates,Week1,261.0 Lakevale Estates - 141.0 Commonwealth
Chesterbrook,Week5,Ilda Community,Week4,381.0 Chesterbrook - 21.0 Ilda Community
Commonwealth,Week4,Poplar Heights,Week2,275.0 Poplar Heights - 126.0 Commonwealth
Commonwealth,Week3,Fox Mill Woods,Week2,285.0 Fox Mill Woods - 117.0 Commonwealth
Commonwealth,Week4,Overlee,Week3,359.0 Overlee - 43.0 Commonwealth
Chesterbrook,Week2,Wakefield Chapel,Week5,266.0 Chesterbrook - 136.0 Wakefield Chapel
Chesterbrook,Week1,Canterbury Woods,Week2,342.0 Chesterbrook - 60.0 Canterbury Woods
Commonwealth,Week2,Poplar Heights,Week2,254.0 Poplar Heights - 148.0 Commonwealth
Commonwealth,Week1,Canterbury Woods,Week4,214.0 Canterbury Woods - 188.0 Commonwealth
Chesterbrook,Week3,Wakefield Chapel,Week1,298.5 Chesterbrook - 103.5 Wakefield Chapel
Commonwealth,Week3,Lakevale Estates,Week1,280.0 Lakevale Estates - 122.0 Commonwealth
Commonwealth,Week4,Poplar Heights,Week1,254.0 Poplar Heights - 147.0 Commonwealth
Chesterbrook,Week4,Kent Gardens,Week5,332.0 Chesterbrook - 70.0 Kent Gardens
Commonwealth,Week1,Canterbury Woods,Week3,212.0 Canterbury Woods - 190.0 Commonwealth
Chesterbrook,Week5,Kent Gardens,Week5,332.0 Chesterbrook - 70.0 Kent Gardens
Commonwealth,Week4,Fox Mill Woods,Week5,302.0 Fox Mill Woods - 100.0 Commonwealth
Chesterbrook,Week3,Walden Glen,Week3,378.0 Chesterbrook - 24.0 Walden Glen
Commonwealth,Week4,Fox Mill Woods,Week2,298.0 Fox Mill Woods - 104.0 Commonwealth
Commonwealth,Week5,Poplar Heights,Week3,249.0 Poplar Heights - 153.0 Commonwealth
Commonwealth,Week5,Camelot,Week5,216.0 Camelot - 186.0 Commonwealth
Chesterbrook,Week2,Wakefield Chapel,Week2,304.0 Chesterbrook - 98.0 Wakefield Chapel
Commonwealth,Week2,Lakevale Estates,Week4,283.0 Lakevale Estates - 119.0 Commonwealth
Commonwealth,Week2,Canterbury Woods,Week3,202.0 Commonwealth - 200.0 Canterbury Woods
Chesterbrook,Week1,Kings Ridge ,Week2,365.0 Chesterbrook - 37.0 Kings Ridge
Commonwealth,Week5,Lake Braddock,Week2,256.0 Commonwealth - 146.0 Lake Braddock
Commonwealth,Week5,Camelot,Week2,206.0 Commonwealth - 196.0 Camelot
Commonwealth,Week4,Poplar Heights,Week5,265.0 Poplar Heights - 136.0 Commonwealth
Commonwealth,Week4,Fox Mill Woods,Week1,305.0 Fox Mill Woods - 97.0 Commonwealth
Commonwealth,Week5,Great Falls,Week1,214.0 Great Falls - 187.0 Commonwealth
Commonwealth,Week4,Lake Braddock,Week3,247.0 Commonwealth - 154.0 Lake Braddock
Chesterbrook,Week4,Wakefield Chapel,Week5,277.0 Chesterbrook - 125.0 Wakefield Chapel
Commonwealth,Week4,Lake Braddock,Week5,226.0 Commonwealth - 175.0 Lake Braddock
Commonwealth,Week2,Lakevale Estates,Week2,267.0 Lakevale Estates - 135.0 Commonwealth
Chesterbrook,Week2,Kent Gardens,Week4,345.0 Chesterbrook - 57.0 Kent Gardens
Chesterbrook,Week4,Wakefield Chapel,Week1,279.0 Chesterbrook - 123.0 Wakefield Chapel
Commonwealth,Week2,Great Falls,Week1,208.0 Great Falls - 193.0 Commonwealth
Commonwealth,Week4,Camelot,Week4,216.0 Camelot - 186.0 Commonwealth
Chesterbrook,Week5,Ilda Community,Week1,370.5 Chesterbrook - 31.5 Ilda Community
Commonwealth,Week5,Poplar Heights,Week4,246.0 Poplar Heights - 156.0 Commonwealth
Commonwealth,Week1,Poplar Tree,Week4,275.0 Poplar Tree - 122.0 Commonwealth
Commonwealth,Week1,Great Falls,Week2,237.0 Great Falls - 146.0 Commonwealth
Chesterbrook,Week1,Kings Ridge ,Week5,349.0 Chesterbrook - 53.0 Kings Ridge
Commonwealth,Week4,Camelot,Week5,217.0 Camelot - 183.0 Commonwealth
Commonwealth,Week3,Great Falls,Week3,239.0 Great Falls - 163.0 Commonwealth
Chesterbrook,Week5,Wakefield Chapel,Week4,289.0 Chesterbrook - 113.0 Wakefield Chapel
Commonwealth,Week5,Poplar Heights,Week5,247.0 Poplar Heights - 154.0 Commonwealth
Commonwealth,Week5,Great Falls,Week3,236.0 Great Falls - 166.0 Commonwealth
Commonwealth,Week5,Poplar Heights,Week1,232.0 Poplar Heights - 169.0 Commonwealth
Chesterbrook,Week4,Kent Gardens,Week3,342.0 Chesterbrook - 60.0 Kent Gardens
Commonwealth,Week1,Poplar Tree,Week5,294.0 Poplar Tree - 104.0 Commonwealth
Commonwealth,Week5,Poplar Heights,Week2,250.0 Poplar Heights - 151.0 Commonwealth
Commonwealth,Week1,Great Falls,Week1,246.0 Great Falls - 148.0 Commonwealth
Commonwealth,Week2,Lake Braddock,Week5,256.0 Commonwealth - 145.0 Lake Braddock
Chesterbrook,Week1,Walden Glen,Week1,361.0 Chesterbrook - 41.0 Walden Glen
Chesterbrook,Week2,Walden Glen,Week3,366.5 Chesterbrook - 35.5 Walden Glen
Commonwealth,Week5,Great Falls,Week5,250.0 Great Falls - 152.0 Commonwealth
Commonwealth,Week1,Great Falls,Week5,272.0 Great Falls - 122.0 Commonwealth
Commonwealth,Week2,Canterbury Woods,Week2,218.0 Commonwealth - 184.0 Canterbury Woods
Commonwealth,Week4,Camelot,Week3,208.0 Camelot - 193.0 Commonwealth
Commonwealth,Week2,Canterbury Woods,Week1,224.0 Commonwealth - 178.0 Canterbury Woods
Chesterbrook,Week1,Walden Glen,Week3,360.0 Chesterbrook - 42.0 Walden Glen
Commonwealth,Week3,Lake Braddock,Week2,257.0 Commonwealth - 143.0 Lake Braddock
Commonwealth,Week3,Lake Braddock,Week3,254.0 Commonwealth - 146.0 Lake Braddock
Commonwealth,Week2,Canterbury Woods,Week4,203.0 Canterbury Woods - 199.0 Commonwealth
Chesterbrook,Week4,Kent Gardens,Week1,340.0 Chesterbrook - 62.0 Kent Gardens
Commonwealth,Week3,Poplar Heights,Week4,263.0 Poplar Heights - 139.0 Commonwealth
Chesterbrook,Week2,Kent Gardens,Week5,332.0 Chesterbrook - 70.0 Kent Gardens
Chesterbrook,Week3,Kent Gardens,Week2,362.0 Chesterbrook - 40.0 Kent Gardens
Commonwealth,Week1,Lakevale Estates,Week5,315.0 Lakevale Estates - 87.0 Commonwealth
Chesterbrook,Week2,Walden Glen,Week1,374.0 Chesterbrook - 28.0 Walden Glen
Chesterbrook,Week3,Waynewood,Week4,339.5 Chesterbrook - 62.5 Waynewood
Commonwealth,Week2,Lakeview,Week2,260.0 Commonwealth - 142.0 Lakeview
Commonwealth,Week3,Poplar Tree,Week4,240.0 Poplar Tree - 161.0 Commonwealth
Commonwealth,Week5,Poplar Tree,Week1,246.0 Poplar Tree - 156.0 Commonwealth
Commonwealth,Week3,Lakeview,Week4,210.0 Commonwealth - 192.0 Lakeview
Commonwealth,Week3,Poplar Tree,Week2,247.0 Poplar Tree - 155.0 Commonwealth
Chesterbrook,Week5,Walden Glen,Week1,372.0 Chesterbrook - 30.0 Walden Glen
Commonwealth,Week3,Canterbury Woods,Week1,226.0 Commonwealth - 175.0 Canterbury Woods
Chesterbrook,Week5,Wakefield Chapel,Week5,267.0 Chesterbrook - 135.0 Wakefield Chapel
Commonwealth,Week4,Canterbury Woods,Week4,210.0 Canterbury Woods - 192.0 Commonwealth
Chesterbrook,Week2,Walden Glen,Week5,350.0 Chesterbrook - 52.0 Walden Glen
Chesterbrook,Week3,Kent Gardens,Week4,347.0 Chesterbrook - 55.0 Kent Gardens
Commonwealth,Week2,Poplar Tree,Week3,250.0 Poplar Tree - 152.0 Commonwealth
Chesterbrook,Week2,Walden Glen,Week2,365.0 Chesterbrook - 37.0 Walden Glen
Commonwealth,Week1,Greenbriar,Week1,270.0 Greenbriar - 132.0 Commonwealth
Commonwealth,Week4,Canterbury Woods,Week3,213.0 Canterbury Woods - 189.0 Commonwealth
Commonwealth,Week2,Poplar Tree,Week2,240.0 Poplar Tree - 162.0 Commonwealth
Commonwealth,Week3,Canterbury Woods,Week3,205.0 Commonwealth - 197.0 Canterbury Woods
Commonwealth,Week4,Lakeview,Week3,214.0 Commonwealth - 188.0 Lakeview
Commonwealth,Week2,Great Falls,Week2,216.0 Great Falls - 168.0 Commonwealth
Chesterbrook,Week3,Walden Glen,Week4,366.0 Chesterbrook - 36.0 Walden Glen
Commonwealth,Week2,Great Falls,Week5,232.0 Great Falls - 170.0 Commonwealth
Chesterbrook,Week1,Kent Gardens,Week3,340.0 Chesterbrook - 62.0 Kent Gardens
Commonwealth,Week2,Poplar Tree,Week5,268.0 Poplar Tree - 133.0 Commonwealth
Commonwealth,Week2,Great Falls,Week4,201.0 Great Falls - 200.0 Commonwealth
Chesterbrook,Week3,Kent Gardens,Week1,349.0 Chesterbrook - 53.0 Kent Gardens
Chesterbrook,Week3,Kent Gardens,Week3,353.0 Chesterbrook - 49.0 Kent Gardens
Chesterbrook,Week4,Waynewood,Week1,317.0 Chesterbrook - 85.0 Waynewood
Chesterbrook,Week5,Ilda Community,Week5,381.0 Chesterbrook - 21.0 Ilda Community
Commonwealth,Week5,Fox Mill Woods,Week5,287.0 Fox Mill Woods - 115.0 Commonwealth
Commonwealth,Week3,Lakevale Estates,Week3,282.0 Lakevale Estates - 120.0 Commonwealth
Chesterbrook,Week2,Kent Gardens,Week1,342.0 Chesterbrook - 60.0 Kent Gardens
Commonwealth,Week2,Ravensworth Farm,Week1,240.0 Ravensworth Farm - 162.0 Commonwealth
Commonwealth,Week3,Lakevale Estates,Week2,280.0 Lakevale Estates - 122.0 Commonwealth
Commonwealth,Week1,Great Falls,Week3,264.0 Great Falls - 133.0 Commonwealth
Chesterbrook,Week1,Kent Gardens,Week5,322.0 Chesterbrook - 80.0 Kent Gardens
Commonwealth,Week4,Lakeview,Week1,248.0 Commonwealth - 153.0 Lakeview
Commonwealth,Week4,Canterbury Woods,Week1,213.0 Commonwealth - 187.0 Canterbury Woods
Commonwealth,Week1,Canterbury Woods,Week2,205.0 Commonwealth - 197.0 Canterbury Woods
Commonwealth,Week3,Ravensworth Farm,Week4,259.0 Ravensworth Farm - 143.0 Commonwealth
Commonwealth,Week5,Fox Mill Woods,Week2,285.0 Fox Mill Woods - 117.0 Commonwealth
Chesterbrook,Week1,Waynewood,Week2,309.0 Chesterbrook - 93.0 Waynewood
Chesterbrook,Week2,Kent Gardens,Week3,343.0 Chesterbrook - 59.0 Kent Gardens
Commonwealth,Week1,Cardinal Hill,Week2,298.0 Cardinal Hill - 99.0 Commonwealth
Commonwealth,Week3,Great Falls,Week2,225.0 Great Falls - 157.0 Commonwealth
Commonwealth,Week5,Canterbury Woods,Week5,206.0 Commonwealth - 196.0 Canterbury Woods
Commonwealth,Week5,Canterbury Woods,Week3,207.0 Canterbury Woods - 195.0 Commonwealth
Commonwealth,Week5,Poplar Tree,Week5,266.0 Poplar Tree - 136.0 Commonwealth
Commonwealth,Week4,Ravensworth Farm,Week5,293.0 Ravensworth Farm - 109.0 Commonwealth
Commonwealth,Week3,Ravensworth Farm,Week1,251.0 Ravensworth Farm - 151.0 Commonwealth
Commonwealth,Week3,Lakevale Estates,Week5,300.0 Lakevale Estates - 102.0 Commonwealth
Commonwealth,Week1,Lakeview,Week1,226.0 Commonwealth - 171.0 Lakeview
Commonwealth,Week1,Chesterbrook,Week1,342.0 Chesterbrook - 55.0 Commonwealth
Chesterbrook,Week2,Waynewood,Week1,312.0 Chesterbrook - 90.0 Waynewood
Commonwealth,Week5,Lakevale Estates,Week3,281.0 Lakevale Estates - 121.0 Commonwealth
Chesterbrook,Week5,Ilda Community,Week3,379.0 Chesterbrook - 23.0 Ilda Community
Commonwealth,Week4,Great Falls,Week2,232.0 Great Falls - 150.0 Commonwealth
Chesterbrook,Week1,Kent Gardens,Week4,342.0 Chesterbrook - 60.0 Kent Gardens
Commonwealth,Week4,Lakevale Estates,Week1,283.0 Lakevale Estates - 119.0 Commonwealth
Commonwealth,Week5,Lakevale Estates,Week2,281.0 Lakevale Estates - 121.0 Commonwealth
Commonwealth,Week3,Cardinal Hill,Week3,310.0 Cardinal Hill - 92.0 Commonwealth
Commonwealth,Week1,Cardinal Hill,Week3,316.0 Cardinal Hill - 86.0 Commonwealth
Chesterbrook,Week4,Waynewood,Week3,299.5 Chesterbrook - 102.5 Waynewood
Commonwealth,Week4,Ravensworth Farm,Week2,243.0 Ravensworth Farm - 158.0 Commonwealth
Chesterbrook,Week4,Waynewood,Week2,309.5 Chesterbrook - 92.5 Waynewood
Commonwealth,Week4,Lakevale Estates,Week2,299.0 Lakevale Estates - 103.0 Commonwealth
Chesterbrook,Week1,Kent Gardens,Week2,339.0 Chesterbrook - 63.0 Kent Gardens
Chesterbrook,Week4,Waynewood,Week4,326.0 Chesterbrook - 76.0 Waynewood
Commonwealth,Week4,Great Falls,Week3,268.5 Great Falls - 133.5 Commonwealth
Chesterbrook,Week1,Waynewood,Week1,310.0 Chesterbrook - 92.0 Waynewood
Commonwealth,Week5,Great Falls,Week4,223.0 Great Falls - 175.0 Commonwealth
Chesterbrook,Week2,Kent Gardens,Week2,349.0 Chesterbrook - 53.0 Kent Gardens
Commonwealth,Week5,Canterbury Woods,Week4,206.0 Canterbury Woods - 196.0 Commonwealth
Chesterbrook,Week5,Ilda Community,Week2,386.0 Chesterbrook - 16.0 Ilda Community
Commonwealth,Week4,Ravensworth Farm,Week4,254.0 Ravensworth Farm - 148.0 Commonwealth
Commonwealth,Week5,Great Falls,Week2,225.0 Great Falls - 159.0 Commonwealth
Commonwealth,Week3,Lakeview,Week2,255.0 Commonwealth - 146.0 Lakeview
Commonwealth,Week1,Cardinal Hill,Week4,307.0 Cardinal Hill - 95.0 Commonwealth
Chesterbrook,Week5,Kent Gardens,Week1,348.0 Chesterbrook - 54.0 Kent Gardens
Chesterbrook,Week4,Walden Glen,Week1,369.0 Chesterbrook - 33.0 Walden Glen
Commonwealth,Week2,Ravensworth Farm,Week2,213.5 Ravensworth Farm - 188.5 Commonwealth
Chesterbrook,Week4,Walden Glen,Week4,361.0 Chesterbrook - 41.0 Walden Glen
Commonwealth,Week3,Lakeview,Week3,237.0 Commonwealth - 165.0 Lakeview
Commonwealth,Week4,Poplar Tree,Week3,261.0 Poplar Tree - 141.0 Commonwealth
Commonwealth,Week1,Chesterbrook,Week3,367.0 Chesterbrook - 35.0 Commonwealth
Chesterbrook,Week5,Walden Glen,Week5,352.0 Chesterbrook - 50.0 Walden Glen
Commonwealth,Week2,Lakeview,Week3,246.0 Commonwealth - 156.0 Lakeview
Commonwealth,Week1,Ravensworth Farm,Week1,273.0 Ravensworth Farm - 129.0 Commonwealth
Commonwealth,Week5,Lakevale Estates,Week1,269.0 Lakevale Estates - 133.0 Commonwealth
Commonwealth,Week4,Great Falls,Week4,235.0 Great Falls - 162.0 Commonwealth
Cardinal Hill,Week5,Springfield,Week1,373.0 Cardinal Hill - 27.0 Springfield
Chesterbrook,Week4,Kent Gardens,Week2,352.0 Chesterbrook - 50.0 Kent Gardens
Commonwealth,Week5,Fox Mill Woods,Week3,274.0 Fox Mill Woods - 128.0 Commonwealth
Commonwealth,Week2,Chesterbrook,Week1,333.0 Chesterbrook - 69.0 Commonwealth
Chesterbrook,Week5,Walden Glen,Week3,372.0 Chesterbrook - 30.0 Walden Glen
Commonwealth,Week5,Fox Mill Woods,Week4,295.0 Fox Mill Woods - 107.0 Commonwealth
Commonwealth,Week3,Great Falls,Week4,215.0 Great Falls - 181.0 Commonwealth
Commonwealth,Week3,Poplar Tree,Week5,286.5 Poplar Tree - 114.5 Commonwealth
Chesterbrook,Week5,Kent Gardens,Week2,353.0 Chesterbrook - 49.0 Kent Gardens
Chesterbrook,Week5,Kent Gardens,Week3,348.0 Chesterbrook - 54.0 Kent Gardens
Commonwealth,Week2,Ravensworth Farm,Week4,238.0 Ravensworth Farm - 164.0 Commonwealth
Commonwealth,Week4,Lakevale Estates,Week5,304.0 Lakevale Estates - 98.0 Commonwealth
Commonwealth,Week3,Ravensworth Farm,Week2,221.5 Ravensworth Farm - 179.5 Commonwealth
Chesterbrook,Week1,Kings Ridge ,Week3,363.0 Chesterbrook - 39.0 Kings Ridge
Commonwealth,Week1,Great Falls,Week4,252.0 Great Falls - 139.0 Commonwealth
Chesterbrook,Week5,Walden Glen,Week4,362.0 Chesterbrook - 40.0 Walden Glen
Chesterbrook,Week1,Kings Ridge ,Week4,362.5 Chesterbrook - 39.5 Kings Ridge
Chesterbrook,Week3,Waynewood,Week1,338.0 Chesterbrook - 64.0 Waynewood
Commonwealth,Week2,Chesterbrook,Week4,348.0 Chesterbrook - 54.0 Commonwealth
Commonwealth,Week3,Great Falls,Week5,242.0 Great Falls - 158.0 Commonwealth
Cardinal Hill,Week1,Springfield,Week3,381.0 Cardinal Hill - 21.0 Springfield
Chesterbrook,Week4,Kings Ridge ,Week5,369.0 Chesterbrook - 33.0 Kings Ridge
Commonwealth,Week2,Cardinal Hill,Week4,265.5 Cardinal Hill - 136.5 Commonwealth
Chesterbrook,Week1,Kings Ridge ,Week1,363.0 Chesterbrook - 39.0 Kings Ridge
Cardinal Hill,Week5,Springfield,Week3,369.0 Cardinal Hill - 29.0 Springfield
Chesterbrook,Week5,Walden Glen,Week2,361.0 Chesterbrook - 41.0 Walden Glen
Commonwealth,Week2,Cardinal Hill,Week1,285.0 Cardinal Hill - 117.0 Commonwealth
Commonwealth,Week3,Great Falls,Week1,224.0 Great Falls - 172.0 Commonwealth
Chesterbrook,Week1,Waynewood,Week5,300.0 Chesterbrook - 102.0 Waynewood
Cardinal Hill,Week4,Springfield,Week2,382.0 Cardinal Hill - 18.0 Springfield
Commonwealth,Week1,Lakeview,Week4,208.0 Lakeview - 194.0 Commonwealth
Commonwealth,Week4,Great Falls,Week5,259.0 Great Falls - 142.0 Commonwealth
Chesterbrook,Week1,Waynewood,Week4,329.0 Chesterbrook - 73.0 Waynewood
Commonwealth,Week3,Lakevale Estates,Week4,301.0 Lakevale Estates - 101.0 Commonwealth
Commonwealth,Week4,Great Falls,Week1,224.0 Great Falls - 175.0 Commonwealth
Cardinal Hill,Week5,Springfield,Week2,369.0 Cardinal Hill - 30.0 Springfield
Commonwealth,Week4,Poplar Tree,Week5,294.5 Poplar Tree - 106.5 Commonwealth
Commonwealth,Week5,Lakevale Estates,Week5,305.0 Lakevale Estates - 97.0 Commonwealth
Commonwealth,Week4,Poplar Tree,Week2,257.0 Poplar Tree - 139.0 Commonwealth
Commonwealth,Week2,Great Falls,Week3,236.0 Great Falls - 166.0 Commonwealth
Commonwealth,Week4,Lakevale Estates,Week3,296.0 Lakevale Estates - 106.0 Commonwealth
Commonwealth,Week5,Cardinal Hill,Week4,276.0 Cardinal Hill - 126.0 Commonwealth
Commonwealth,Week1,Lakeview,Week2,219.0 Commonwealth - 182.0 Lakeview
Commonwealth,Week1,Ravensworth Farm,Week5,301.0 Ravensworth Farm - 101.0 Commonwealth
Commonwealth,Week3,Cardinal Hill,Week2,281.0 Cardinal Hill - 121.0 Commonwealth
Cardinal Hill,Week3,Springfield,Week1,380.0 Cardinal Hill - 21.0 Springfield
Chesterbrook,Week1,Waynewood,Week3,296.0 Chesterbrook - 106.0 Waynewood
Commonwealth,Week4,Cardinal Hill,Week4,289.0 Cardinal Hill - 113.0 Commonwealth
Commonwealth,Week2,Cardinal Hill,Week3,298.0 Cardinal Hill - 104.0 Commonwealth
Commonwealth,Week1,Hamlet,Week5,343.0 Hamlet - 59.0 Commonwealth
Cardinal Hill,Week3,Springfield,Week2,380.0 Cardinal Hill - 21.0 Springfield
Chesterbrook,Week2,Waynewood,Week2,312.0 Chesterbrook - 90.0 Waynewood
Commonwealth,Week5,Cardinal Hill,Week1,298.0 Cardinal Hill - 104.0 Commonwealth
Chesterbrook,Week2,Waynewood,Week4,325.0 Chesterbrook - 77.0 Waynewood
Commonwealth,Week3,Ravensworth Farm,Week5,282.0 Ravensworth Farm - 120.0 Commonwealth
Chesterbrook,Week4,Walden Glen,Week2,363.0 Chesterbrook - 38.0 Walden Glen
Commonwealth,Week4,Ravensworth Farm,Week3,287.0 Ravensworth Farm - 115.0 Commonwealth
Commonwealth,Week1,Greenbriar,Week3,281.0 Greenbriar - 121.0 Commonwealth
Commonwealth,Week1,Lakeview,Week5,197.0 Lakeview - 195.0 Commonwealth
Commonwealth,Week5,Poplar Tree,Week4,236.0 Poplar Tree - 166.0 Commonwealth
Cardinal Hill,Week5,Springfield,Week4,371.0 Cardinal Hill - 29.0 Springfield
Commonwealth,Week1,Lakeview,Week3,203.5 Lakeview - 198.5 Commonwealth
Cardinal Hill,Week2,Springfield,Week4,364.0 Cardinal Hill - 31.0 Springfield
Cardinal Hill,Week1,Springfield,Week4,378.0 Cardinal Hill - 24.0 Springfield
Commonwealth,Week5,Poplar Tree,Week2,244.0 Poplar Tree - 158.0 Commonwealth
Commonwealth,Week5,Lakevale Estates,Week4,286.0 Lakevale Estates - 116.0 Commonwealth
Commonwealth,Week2,Ravensworth Farm,Week3,275.0 Ravensworth Farm - 127.0 Commonwealth
Chesterbrook,Week1,Lake Braddock,Week3,373.0 Chesterbrook - 29.0 Lake Braddock
Commonwealth,Week2,Greenbriar,Week4,218.0 Greenbriar - 184.0 Commonwealth
Chesterbrook,Week1,Lake Braddock,Week4,380.0 Chesterbrook - 22.0 Lake Braddock
Commonwealth,Week1,Ravensworth Farm,Week2,266.0 Ravensworth Farm - 134.0 Commonwealth
Chesterbrook,Week5,Kings Ridge ,Week4,374.0 Chesterbrook - 28.0 Kings Ridge
Commonwealth,Week2,Lakeview,Week1,272.0 Commonwealth - 130.0 Lakeview
Commonwealth,Week1,Hamlet,Week4,314.0 Hamlet - 88.0 Commonwealth
Commonwealth,Week2,Chesterbrook,Week3,363.0 Chesterbrook - 39.0 Commonwealth
Chesterbrook,Week3,Waynewood,Week2,327.0 Chesterbrook - 75.0 Waynewood
Cardinal Hill,Week2,Springfield,Week1,371.0 Cardinal Hill - 24.0 Springfield
Chesterbrook,Week2,Waynewood,Week5,301.0 Chesterbrook - 101.0 Waynewood
Commonwealth,Week1,Hamlet,Week2,331.0 Hamlet - 71.0 Commonwealth
Chesterbrook,Week2,Kings Ridge ,Week5,362.0 Chesterbrook - 40.0 Kings Ridge
Cardinal Hill,Week5,Springfield,Week5,373.0 Cardinal Hill - 27.0 Springfield
Commonwealth,Week5,Cardinal Hill,Week5,286.0 Cardinal Hill - 116.0 Commonwealth
Chesterbrook,Week2,Lake Braddock,Week1,389.0 Chesterbrook - 13.0 Lake Braddock
Commonwealth,Week4,Lakevale Estates,Week4,302.0 Lakevale Estates - 100.0 Commonwealth
Commonwealth,Week4,Cardinal Hill,Week3,316.0 Cardinal Hill - 86.0 Commonwealth
Chesterbrook,Week5,Kent Gardens,Week4,344.0 Chesterbrook - 58.0 Kent Gardens
Commonwealth,Week1,Ravensworth Farm,Week4,278.0 Ravensworth Farm - 123.0 Commonwealth
Commonwealth,Week2,Hamlet,Week3,310.0 Hamlet - 92.0 Commonwealth
Commonwealth,Week5,Greenbriar,Week1,239.0 Greenbriar - 163.0 Commonwealth
Chesterbrook,Week2,Waynewood,Week3,291.0 Chesterbrook - 111.0 Waynewood
Commonwealth,Week2,Lakeview,Week4,234.0 Commonwealth - 168.0 Lakeview
Cardinal Hill,Week4,Springfield,Week4,375.0 Cardinal Hill - 26.0 Springfield
Commonwealth,Week3,Cardinal Hill,Week1,303.0 Cardinal Hill - 99.0 Commonwealth
Chesterbrook,Week2,Lake Braddock,Week2,383.0 Chesterbrook - 19.0 Lake Braddock
Chesterbrook,Week2,Lake Braddock,Week4,388.0 Chesterbrook - 14.0 Lake Braddock
Chesterbrook,Week4,Walden Glen,Week5,356.0 Chesterbrook - 46.0 Walden Glen
Chesterbrook,Week1,Lake Braddock,Week5,382.0 Chesterbrook - 20.0 Lake Braddock
Commonwealth,Week3,Lakeview,Week1,256.0 Commonwealth - 145.0 Lakeview
Commonwealth,Week3,Lakeview,Week5,212.0 Commonwealth - 180.0 Lakeview
Commonwealth,Week4,Poplar Tree,Week1,263.0 Poplar Tree - 138.0 Commonwealth
Commonwealth,Week4,Poplar Tree,Week4,245.0 Poplar Tree - 155.0 Commonwealth
Commonwealth,Week1,Cardinal Hill,Week1,318.0 Cardinal Hill - 84.0 Commonwealth
Cardinal Hill,Week3,Springfield,Week5,383.0 Cardinal Hill - 17.0 Springfield
Chesterbrook,Week2,Lake Braddock,Week3,381.0 Chesterbrook - 21.0 Lake Braddock
Cardinal Hill,Week3,Springfield,Week4,382.0 Cardinal Hill - 19.0 Springfield
Commonwealth,Week4,Cardinal Hill,Week2,285.0 Cardinal Hill - 117.0 Commonwealth
Chesterbrook,Week4,Walden Glen,Week3,373.0 Chesterbrook - 29.0 Walden Glen
Commonwealth,Week2,Lakeview,Week5,243.0 Commonwealth - 150.0 Lakeview
Commonwealth,Week5,Greenbriar,Week4,202.0 Greenbriar - 200.0 Commonwealth
Commonwealth,Week2,Cardinal Hill,Week2,269.0 Cardinal Hill - 133.0 Commonwealth
Chesterbrook,Week2,Woodley,Week3,385.0 Chesterbrook - 17.0 Woodley
Commonwealth,Week3,Ravensworth Farm,Week3,279.0 Ravensworth Farm - 123.0 Commonwealth
Chesterbrook,Week3,Woodley,Week4,381.0 Chesterbrook - 21.0 Woodley
Commonwealth,Week1,Langley,Week1,304.0 Langley - 98.0 Commonwealth
Commonwealth,Week1,Greenbriar,Week4,242.0 Greenbriar - 160.0 Commonwealth
Chesterbrook,Week2,Woodley,Week5,369.5 Chesterbrook - 32.5 Woodley
Chesterbrook,Week3,Kings Ridge ,Week5,370.0 Chesterbrook - 32.0 Kings Ridge
Chesterbrook,Week3,Waynewood,Week5,308.0 Chesterbrook - 94.0 Waynewood
Chesterbrook,Week2,Kings Ridge ,Week4,373.0 Chesterbrook - 29.0 Kings Ridge
Cardinal Hill,Week2,Springfield,Week3,365.0 Cardinal Hill - 30.0 Springfield
Commonwealth,Week5,Cardinal Hill,Week2,264.0 Cardinal Hill - 138.0 Commonwealth
Commonwealth,Week5,Lakeview,Week5,232.0 Commonwealth - 160.0 Lakeview
Cardinal Hill,Week4,Springfield,Week5,382.0 Cardinal Hill - 17.0 Springfield
Commonwealth,Week1,Langley,Week3,302.0 Langley - 100.0 Commonwealth
Commonwealth,Week3,Greenbriar,Week1,261.0 Greenbriar - 141.0 Commonwealth
Commonwealth,Week3,Cardinal Hill,Week4,289.0 Cardinal Hill - 113.0 Commonwealth
Commonwealth,Week3,Greenbriar,Week3,268.0 Greenbriar - 134.0 Commonwealth
Commonwealth,Week4,Ravensworth Farm,Week1,265.0 Ravensworth Farm - 137.0 Commonwealth
Commonwealth,Week3,Cardinal Hill,Week5,289.0 Cardinal Hill - 113.0 Commonwealth
Chesterbrook,Week4,Woodley,Week2,376.0 Chesterbrook - 26.0 Woodley
Commonwealth,Week2,Greenbriar,Week2,255.0 Greenbriar - 147.0 Commonwealth
Commonwealth,Week2,Ravensworth Farm,Week5,268.0 Ravensworth Farm - 134.0 Commonwealth
Chesterbrook,Week2,Kings Ridge ,Week2,375.0 Chesterbrook - 27.0 Kings Ridge
Commonwealth,Week5,Lakeview,Week1,265.0 Commonwealth - 137.0 Lakeview
Commonwealth,Week1,Ravensworth Farm,Week3,291.0 Ravensworth Farm - 110.0 Commonwealth
Commonwealth,Week4,Lakeview,Week2,234.0 Commonwealth - 167.0 Lakeview
Commonwealth,Week5,Poplar Tree,Week3,250.0 Poplar Tree - 152.0 Commonwealth
Cardinal Hill,Week1,Springfield,Week1,387.0 Cardinal Hill - 15.0 Springfield
Commonwealth,Week4,Cardinal Hill,Week1,304.0 Cardinal Hill - 98.0 Commonwealth
Commonwealth,Week3,Greenbriar,Week5,249.0 Greenbriar - 153.0 Commonwealth
Chesterbrook,Week4,Kings Ridge ,Week2,377.0 Chesterbrook - 25.0 Kings Ridge
Chesterbrook,Week3,Waynewood,Week3,315.0 Chesterbrook - 87.0 Waynewood
Commonwealth,Week2,Cardinal Hill,Week5,271.0 Cardinal Hill - 131.0 Commonwealth
Chesterbrook,Week3,Kings Ridge ,Week1,384.0 Chesterbrook - 18.0 Kings Ridge
Cardinal Hill,Week1,Springfield,Week2,380.0 Cardinal Hill - 22.0 Springfield
Commonwealth,Week3,Greenbriar,Week4,231.0 Greenbriar - 171.0 Commonwealth
Cardinal Hill,Week2,Springfield,Week2,369.0 Cardinal Hill - 26.0 Springfield
Commonwealth,Week2,Langley,Week2,258.0 Langley - 144.0 Commonwealth
Cardinal Hill,Week3,Springfield,Week3,380.0 Cardinal Hill - 21.0 Springfield
Cardinal Hill,Week2,Springfield,Week5,375.0 Cardinal Hill - 20.0 Springfield
Chesterbrook,Week1,Woodley,Week1,370.0 Chesterbrook - 32.0 Woodley
Chesterbrook,Week4,Kings Ridge ,Week1,368.0 Chesterbrook - 34.0 Kings Ridge
Cardinal Hill,Week4,Springfield,Week3,374.0 Cardinal Hill - 28.0 Springfield
Cardinal Hill,Week5,Springboard,Week5,291.0 Cardinal Hill - 107.0 Springboard
Cardinal Hill,Week1,Springfield,Week5,385.0 Cardinal Hill - 17.0 Springfield
Commonwealth,Week2,Greenbriar,Week5,242.0 Greenbriar - 160.0 Commonwealth
Commonwealth,Week5,Riverside Gardens,Week5,302.0 Riverside Gardens - 100.0 Commonwealth
Commonwealth,Week4,Cardinal Hill,Week5,308.0 Cardinal Hill - 94.0 Commonwealth
Commonwealth,Week2,Riverside Gardens,Week2,259.0 Riverside Gardens - 143.0 Commonwealth
Commonwealth,Week3,Greenbriar,Week2,266.0 Greenbriar - 136.0 Commonwealth
Chesterbrook,Week4,Kings Ridge ,Week3,376.0 Chesterbrook - 25.0 Kings Ridge
Commonwealth,Week2,Langley,Week1,272.0 Langley - 130.0 Commonwealth
Commonwealth,Week4,Greenbriar,Week4,249.0 Greenbriar - 153.0 Commonwealth
Chesterbrook,Week5,Woodley,Week3,389.0 Chesterbrook - 13.0 Woodley
Chesterbrook,Week1,Woodley,Week2,366.0 Chesterbrook - 36.0 Woodley
Commonwealth,Week5,Greenbriar,Week3,255.0 Greenbriar - 147.0 Commonwealth
Chesterbrook,Week5,Waynewood,Week5,302.0 Chesterbrook - 100.0 Waynewood
Commonwealth,Week4,Greenbriar,Week5,256.5 Greenbriar - 145.5 Commonwealth
Cardinal Hill,Week4,Springfield,Week1,383.0 Cardinal Hill - 17.0 Springfield
Chesterbrook,Week4,Kings Ridge ,Week4,362.0 Chesterbrook - 40.0 Kings Ridge
Commonwealth,Week3,Riverside Gardens,Week3,302.0 Riverside Gardens - 100.0 Commonwealth
Commonwealth,Week5,Lakeview,Week3,241.0 Commonwealth - 161.0 Lakeview
Commonwealth,Week5,Cardinal Hill,Week3,307.0 Cardinal Hill - 95.0 Commonwealth
Commonwealth,Week5,Riverside Gardens,Week3,292.0 Riverside Gardens - 110.0 Commonwealth
Commonwealth,Week1,Cardinal Hill,Week5,300.0 Cardinal Hill - 101.0 Commonwealth
Commonwealth,Week1,Chesterbrook,Week4,356.0 Chesterbrook - 46.0 Commonwealth
Chesterbrook,Week3,Kings Ridge ,Week4,382.0 Chesterbrook - 20.0 Kings Ridge
Commonwealth,Week4,Lakeview,Week5,208.0 Commonwealth - 184.0 Lakeview
Chesterbrook,Week1,Woodley,Week5,362.0 Chesterbrook - 40.0 Woodley
Commonwealth,Week1,Chesterbrook,Week5,361.0 Chesterbrook - 41.0 Commonwealth
Chesterbrook,Week5,Kings Ridge ,Week3,380.0 Chesterbrook - 22.0 Kings Ridge
Commonwealth,Week2,Langley,Week4,281.0 Langley - 121.0 Commonwealth
Commonwealth,Week5,Riverside Gardens,Week1,291.0 Riverside Gardens - 111.0 Commonwealth
Commonwealth,Week1,Chesterbrook,Week2,361.0 Chesterbrook - 41.0 Commonwealth
Commonwealth,Week1,Riverside Gardens,Week4,324.0 Riverside Gardens - 78.0 Commonwealth
Chesterbrook,Week5,Kings Ridge ,Week1,376.0 Chesterbrook - 26.0 Kings Ridge
Commonwealth,Week4,Chesterbrook,Week5,369.0 Chesterbrook - 33.0 Commonwealth
Commonwealth,Week1,Annandale,Week3,220.0 Annandale - 177.0 Commonwealth
Commonwealth,Week5,Ravensworth Farm,Week1,259.0 Ravensworth Farm - 143.0 Commonwealth
Commonwealth,Week1,Greenbriar,Week5,260.0 Greenbriar - 142.0 Commonwealth
Commonwealth,Week1,Commonwealth,Week2,262.0 Commonwealth (CSC2) - 135.0 Commonwealth (CSC1)
Chesterbrook,Week5,Waynewood,Week3,306.0 Chesterbrook - 96.0 Waynewood
Commonwealth,Week4,Greenbriar,Week1,260.0 Greenbriar - 142.0 Commonwealth
Commonwealth,Week5,Greenbriar,Week5,234.0 Greenbriar - 168.0 Commonwealth
Chesterbrook,Week2,Kings Ridge ,Week1,380.0 Chesterbrook - 22.0 Kings Ridge
Commonwealth,Week1,Riverside Gardens,Week3,316.0 Riverside Gardens - 86.0 Commonwealth
Commonwealth,Week2,Langley,Week5,270.0 Langley - 132.0 Commonwealth
Commonwealth,Week3,Langley,Week2,276.5 Langley - 125.5 Commonwealth
Chesterbrook,Week3,Kings Ridge ,Week2,385.0 Chesterbrook - 17.0 Kings Ridge
Commonwealth,Week5,Ravensworth Farm,Week3,259.0 Ravensworth Farm - 143.0 Commonwealth
Chesterbrook,Week5,Kings Ridge ,Week5,371.0 Chesterbrook - 31.0 Kings Ridge
Commonwealth,Week4,Greenbriar,Week3,261.0 Greenbriar - 141.0 Commonwealth
Commonwealth,Week2,Chesterbrook,Week2,354.0 Chesterbrook - 48.0 Commonwealth
Chesterbrook,Week1,Lake Braddock,Week1,383.0 Chesterbrook - 14.0 Lake Braddock
Chesterbrook,Week5,Waynewood,Week2,319.0 Chesterbrook - 83.0 Waynewood
Commonwealth,Week1,Annandale,Week4,207.0 Commonwealth - 193.0 Annandale
Commonwealth,Week3,Langley,Week3,287.5 Langley - 114.5 Commonwealth
Commonwealth,Week3,Langley,Week1,294.5 Langley - 107.5 Commonwealth
Commonwealth,Week4,Chesterbrook,Week1,346.0 Chesterbrook - 51.0 Commonwealth
Commonwealth,Week5,Ravensworth Farm,Week2,231.0 Ravensworth Farm - 171.0 Commonwealth
Commonwealth,Week4,Greenbriar,Week2,277.0 Greenbriar - 125.0 Commonwealth
Chesterbrook,Week5,Kings Ridge ,Week2,385.0 Chesterbrook - 17.0 Kings Ridge
Commonwealth,Week5,Lakeview,Week4,219.0 Commonwealth - 183.0 Lakeview
Commonwealth,Week3,Langley,Week4,304.0 Langley - 98.0 Commonwealth
Commonwealth,Week2,Riverside Gardens,Week1,273.0 Riverside Gardens - 129.0 Commonwealth
Commonwealth,Week4,Riverside Gardens,Week3,317.0 Riverside Gardens - 85.0 Commonwealth
Commonwealth,Week4,Lakeview,Week4,203.0 Lakeview - 199.0 Commonwealth
Commonwealth,Week1,Riverside Gardens,Week2,295.0 Riverside Gardens - 107.0 Commonwealth
Chesterbrook,Week1,Lakevale Estates,Week1,306.0 Chesterbrook - 96.0 Lakevale Estates
Chesterbrook,Week4,Woodley,Week4,378.0 Chesterbrook - 24.0 Woodley
Commonwealth,Week1,Hamlet,Week1,310.0 Hamlet - 92.0 Commonwealth
Chesterbrook,Week2,Woodley,Week4,376.0 Chesterbrook - 26.0 Woodley
Chesterbrook,Week4,Woodley,Week3,379.0 Chesterbrook - 23.0 Woodley
Commonwealth,Week2,Greenbriar,Week1,243.0 Greenbriar - 159.0 Commonwealth
Commonwealth,Week3,Commonwealth,Week2,225.0 Commonwealth (CSC2) - 176.0 Commonwealth (CSC1)
Chesterbrook,Week1,Lake Braddock,Week2,375.0 Chesterbrook - 27.0 Lake Braddock
Chesterbrook,Week1,Woodley,Week3,374.0 Chesterbrook - 28.0 Woodley
Commonwealth,Week4,Chesterbrook,Week4,370.0 Chesterbrook - 32.0 Commonwealth
Commonwealth,Week4,Riverside Gardens,Week4,328.5 Riverside Gardens - 73.5 Commonwealth
Commonwealth,Week2,Riverside Gardens,Week3,285.5 Riverside Gardens - 116.5 Commonwealth
Commonwealth,Week3,Langley,Week5,278.0 Langley - 124.0 Commonwealth
Commonwealth,Week2,Commonwealth,Week5,205.0 Commonwealth (CSC2) - 197.0 Commonwealth (CSC1)
Commonwealth,Week3,Riverside Gardens,Week4,315.0 Riverside Gardens - 87.0 Commonwealth
Chesterbrook,Week2,Kings Ridge ,Week3,376.5 Chesterbrook - 25.5 Kings Ridge
Chesterbrook,Week3,Woodley,Week5,380.0 Chesterbrook - 22.0 Woodley
Commonwealth,Week3,Chesterbrook,Week5,370.0 Chesterbrook - 32.0 Commonwealth
Chesterbrook,Week1,Lakevale Estates,Week4,288.0 Chesterbrook - 114.0 Lakevale Estates
Commonwealth,Week5,Greenbriar,Week2,263.0 Greenbriar - 139.0 Commonwealth
Commonwealth,Week1,Langley,Week2,283.0 Langley - 119.0 Commonwealth
Commonwealth,Week1,Greenbriar,Week2,282.0 Greenbriar - 119.0 Commonwealth
Commonwealth,Week3,Commonwealth,Week3,197.5 Commonwealth (CSC1) - 197.5 Commonwealth (CSC2)
Commonwealth,Week2,Greenbriar,Week3,248.0 Greenbriar - 154.0 Commonwealth
Commonwealth,Week3,Commonwealth,Week4,213.5 Commonwealth (CSC1) - 183.5 Commonwealth (CSC2)
Commonwealth,Week4,Langley,Week1,303.0 Langley - 99.0 Commonwealth
Commonwealth,Week2,Langley,Week3,269.0 Langley - 133.0 Commonwealth
Chesterbrook,Week1,Woodley,Week4,364.0 Chesterbrook - 33.0 Woodley
Chesterbrook,Week3,Kings Ridge ,Week3,380.0 Chesterbrook - 22.0 Kings Ridge
Chesterbrook,Week4,Lake Braddock,Week4,393.0 Chesterbrook - 9.0 Lake Braddock
Commonwealth,Week3,Chesterbrook,Week4,367.0 Chesterbrook - 35.0 Commonwealth
Commonwealth,Week5,Chesterbrook,Week1,338.0 Chesterbrook - 64.0 Commonwealth
Commonwealth,Week1,Riverside Gardens,Week1,317.0 Riverside Gardens - 85.0 Commonwealth
Commonwealth,Week3,Riverside Gardens,Week1,289.0 Riverside Gardens - 113.0 Commonwealth
Commonwealth,Week5,Chesterbrook,Week4,358.0 Chesterbrook - 44.0 Commonwealth
Chesterbrook,Week4,Lake Braddock,Week1,392.0 Chesterbrook - 10.0 Lake Braddock
Chesterbrook,Week5,Waynewood,Week1,320.0 Chesterbrook - 82.0 Waynewood
Commonwealth,Week2,Riverside Gardens,Week4,297.0 Riverside Gardens - 105.0 Commonwealth
Commonwealth,Week2,Riverside Gardens,Week5,282.0 Riverside Gardens - 120.0 Commonwealth
Commonwealth,Week5,Ravensworth Farm,Week4,244.0 Ravensworth Farm - 158.0 Commonwealth
Commonwealth,Week1,Hamlet,Week3,323.0 Hamlet - 78.0 Commonwealth
Chesterbrook,Week4,Lake Braddock,Week5,390.0 Chesterbrook - 12.0 Lake Braddock
Chesterbrook,Week4,Waynewood,Week5,301.0 Chesterbrook - 101.0 Waynewood
Chesterbrook,Week2,Lakevale Estates,Week1,310.0 Chesterbrook - 92.0 Lakevale Estates
Commonwealth,Week5,Lakeview,Week2,251.0 Commonwealth - 150.0 Lakeview
Chesterbrook,Week4,Brandywine,Week5,321.0 Chesterbrook - 81.0 Brandywine
Chesterbrook,Week2,Woodley,Week2,375.0 Chesterbrook - 27.0 Woodley
Commonwealth,Week2,Hamlet,Week1,289.0 Hamlet - 113.0 Commonwealth
Chesterbrook,Week3,Woodley,Week2,382.0 Chesterbrook - 20.0 Woodley
Commonwealth,Week2,Hamlet,Week2,319.0 Hamlet - 83.0 Commonwealth
Commonwealth,Week3,Riverside Gardens,Week5,299.0 Riverside Gardens - 103.0 Commonwealth
Commonwealth,Week1,Langley,Week4,306.0 Langley - 96.0 Commonwealth
Commonwealth,Week5,Chesterbrook,Week3,371.0 Chesterbrook - 31.0 Commonwealth
Chesterbrook,Week3,Woodley,Week1,385.0 Chesterbrook - 17.0 Woodley
Commonwealth,Week2,Chesterbrook,Week5,358.0 Chesterbrook - 44.0 Commonwealth
Commonwealth,Week4,Hamlet,Week5,345.0 Hamlet - 57.0 Commonwealth
Chesterbrook,Week2,Lakevale Estates,Week2,302.0 Chesterbrook - 100.0 Lakevale Estates
Chesterbrook,Week3,Lake Braddock,Week5,392.0 Chesterbrook - 10.0 Lake Braddock
Chesterbrook,Week3,Woodley,Week3,387.0 Chesterbrook - 15.0 Woodley
Chesterbrook,Week3,Brandywine,Week3,359.0 Chesterbrook - 43.0 Brandywine
Commonwealth,Week3,Hamlet,Week2,351.0 Hamlet - 51.0 Commonwealth
Commonwealth,Week5,Hamlet,Week2,327.0 Hamlet - 75.0 Commonwealth
Commonwealth,Week5,Ravensworth Farm,Week5,272.0 Ravensworth Farm - 130.0 Commonwealth
Chesterbrook,Week2,Woodley,Week1,377.0 Chesterbrook - 25.0 Woodley
Commonwealth,Week4,Hamlet,Week4,320.0 Hamlet - 82.0 Commonwealth
Commonwealth,Week4,Chesterbrook,Week2,366.0 Chesterbrook - 36.0 Commonwealth
Commonwealth,Week1,Langley,Week5,298.0 Langley - 104.0 Commonwealth
Chesterbrook,Week4,Lake Braddock,Week3,380.0 Chesterbrook - 22.0 Lake Braddock
Chesterbrook,Week5,Waynewood,Week4,328.0 Chesterbrook - 74.0 Waynewood
Commonwealth,Week1,Riverside Gardens,Week5,316.0 Riverside Gardens - 86.0 Commonwealth
Chesterbrook,Week5,Brandywine,Week4,349.0 Chesterbrook - 53.0 Brandywine
Chesterbrook,Week3,Lake Braddock,Week1,391.5 Chesterbrook - 10.5 Lake Braddock
Commonwealth,Week3,Hamlet,Week3,324.0 Hamlet - 77.0 Commonwealth
Commonwealth,Week3,Hamlet,Week4,320.0 Hamlet - 81.0 Commonwealth
Chesterbrook,Week5,Woodley,Week1,383.0 Chesterbrook - 19.0 Woodley
Chesterbrook,Week4,Woodley,Week1,377.0 Chesterbrook - 25.0 Woodley
Commonwealth,Week5,Hamlet,Week4,295.0 Hamlet - 107.0 Commonwealth
Commonwealth,Week2,Commonwealth,Week2,200.0 Commonwealth (CSC1) - 200.0 Commonwealth (CSC2)
Chesterbrook,Week2,Lake Braddock,Week5,389.0 Chesterbrook - 13.0 Lake Braddock
Commonwealth,Week3,Chesterbrook,Week1,346.0 Chesterbrook - 56.0 Commonwealth
Commonwealth,Week4,Riverside Gardens,Week1,319.0 Riverside Gardens - 83.0 Commonwealth
Commonwealth,Week3,Riverside Gardens,Week2,276.0 Riverside Gardens - 126.0 Commonwealth
Commonwealth,Week2,Commonwealth,Week1,262.0 Commonwealth (CSC1) - 135.0 Commonwealth (CSC2)
Chesterbrook,Week1,Brandywine,Week3,331.0 Chesterbrook - 66.0 Brandywine
Chesterbrook,Week2,Brandywine,Week5,326.0 Chesterbrook - 76.0 Brandywine
Chesterbrook,Week3,Lake Braddock,Week2,385.0 Chesterbrook - 17.0 Lake Braddock
Commonwealth,Week1,Commonwealth,Week1,182.5 Commonwealth (CSC1) - 182.5 Commonwealth (CSC2)
Commonwealth,Week5,Hamlet,Week5,324.0 Hamlet - 78.0 Commonwealth
Chesterbrook,Week5,Lake Braddock,Week2,380.0 Chesterbrook - 22.0 Lake Braddock
Chesterbrook,Week4,Woodley,Week5,376.0 Chesterbrook - 26.0 Woodley
Commonwealth,Week4,Riverside Gardens,Week2,306.0 Riverside Gardens - 96.0 Commonwealth
Chesterbrook,Week3,Brandywine,Week2,361.0 Chesterbrook - 41.0 Brandywine
Chesterbrook,Week2,Bren Mar-Edsall Park,Week5,390.0 Chesterbrook - 12.0 Bren Mar-Edsall Park
Commonwealth,Week4,Hamlet,Week3,333.0 Hamlet - 68.0 Commonwealth
Chesterbrook,Week2,Brandywine,Week4,338.0 Chesterbrook - 64.0 Brandywine
Chesterbrook,Week2,Bren Mar-Edsall Park,Week2,396.0 Chesterbrook - 6.0 Bren Mar-Edsall Park
Chesterbrook,Week3,Lake Braddock,Week3,386.0 Chesterbrook - 16.0 Lake Braddock
Commonwealth,Week4,Rolling Forest,Week5,264.0 Rolling Forest - 138.0 Commonwealth
Chesterbrook,Week5,Woodley,Week5,378.0 Chesterbrook - 24.0 Woodley
Commonwealth,Week3,Hamlet,Week1,309.0 Hamlet - 93.0 Commonwealth
Chesterbrook,Week4,Brandywine,Week3,343.5 Chesterbrook - 58.5 Brandywine
Commonwealth,Week5,Riverside Gardens,Week2,274.0 Riverside Gardens - 128.0 Commonwealth
Commonwealth,Week2,Commonwealth,Week3,225.0 Commonwealth (CSC1) - 176.0 Commonwealth (CSC2)
Commonwealth,Week2,Annandale,Week4,258.0 Commonwealth - 144.0 Annandale
Chesterbrook,Week1,Bren Mar-Edsall Park,Week5,383.0 Chesterbrook - 19.0 Bren Mar-Edsall Park
Chesterbrook,Week5,Lake Braddock,Week1,390.0 Chesterbrook - 12.0 Lake Braddock
Commonwealth,Week5,Hamlet,Week1,294.0 Hamlet - 108.0 Commonwealth
Commonwealth,Week2,Hamlet,Week5,309.0 Hamlet - 93.0 Commonwealth
Commonwealth,Week5,Riverside Gardens,Week4,301.0 Riverside Gardens - 101.0 Commonwealth
Chesterbrook,Week3,Lake Braddock,Week4,387.0 Chesterbrook - 15.0 Lake Braddock
Chesterbrook,Week5,Lake Braddock,Week5,393.0 Chesterbrook - 9.0 Lake Braddock
Commonwealth,Week1,Annandale,Week2,220.0 Annandale - 181.0 Commonwealth
Commonwealth,Week1,Annandale,Week1,205.0 Annandale - 191.0 Commonwealth
Commonwealth,Week4,Riverside Gardens,Week5,327.0 Riverside Gardens - 75.0 Commonwealth
Commonwealth,Week3,Chesterbrook,Week2,358.0 Chesterbrook - 44.0 Commonwealth
Commonwealth,Week3,Commonwealth,Week1,232.0 Commonwealth (CSC1) - 164.0 Commonwealth (CSC2)
Chesterbrook,Week4,Brandywine,Week4,335.0 Chesterbrook - 67.0 Brandywine
Chesterbrook,Week5,Woodley,Week4,385.0 Chesterbrook - 17.0 Woodley
Chesterbrook,Week3,Brandywine,Week1,367.0 Chesterbrook - 35.0 Brandywine
Commonwealth,Week3,Chesterbrook,Week3,373.0 Chesterbrook - 29.0 Commonwealth
Commonwealth,Week4,Chesterbrook,Week3,377.0 Chesterbrook - 25.0 Commonwealth
Commonwealth,Week5,Hamlet,Week3,304.0 Hamlet - 98.0 Commonwealth
Commonwealth,Week2,Rolling Forest,Week1,234.0 Rolling Forest - 168.0 Commonwealth
Commonwealth,Week1,Commonwealth,Week3,232.0 Commonwealth (CSC2) - 164.0 Commonwealth (CSC1)
Chesterbrook,Week5,Woodley,Week2,380.0 Chesterbrook - 22.0 Woodley
Chesterbrook,Week5,Lake Braddock,Week4,390.0 Chesterbrook - 12.0 Lake Braddock
Chesterbrook,Week5,Lake Braddock,Week3,386.0 Chesterbrook - 16.0 Lake Braddock
Commonwealth,Week5,Rolling Forest,Week4,223.0 Rolling Forest - 179.0 Commonwealth
Commonwealth,Week3,Hamlet,Week5,338.0 Hamlet - 64.0 Commonwealth
Commonwealth,Week4,Commonwealth,Week2,255.0 Commonwealth (CSC2) - 146.0 Commonwealth (CSC1)
Commonwealth,Week4,Hamlet,Week1,315.0 Hamlet - 87.0 Commonwealth
Commonwealth,Week2,Hamlet,Week4,298.0 Hamlet - 104.0 Commonwealth
Commonwealth,Week4,Hamlet,Week2,338.0 Hamlet - 64.0 Commonwealth
Chesterbrook,Week4,Lake Braddock,Week2,386.0 Chesterbrook - 16.0 Lake Braddock
Commonwealth,Week2,Rolling Hills,Week4,217.0 Commonwealth - 185.0 Rolling Hills
Chesterbrook,Week3,Bren Mar-Edsall Park,Week2,395.0 Chesterbrook - 7.0 Bren Mar-Edsall Park
Chesterbrook,Week1,Brandywine,Week2,344.0 Chesterbrook - 58.0 Brandywine
Commonwealth,Week1,Rolling Forest,Week1,270.0 Rolling Forest - 132.0 Commonwealth
Chesterbrook,Week1,Lakevale Estates,Week5,275.0 Chesterbrook - 127.0 Lakevale Estates
Chesterbrook,Week2,Bren Mar-Edsall Park,Week3,389.0 Chesterbrook - 13.0 Bren Mar-Edsall Park
Commonwealth,Week5,Commonwealth,Week3,225.0 Commonwealth (CSC1) - 176.0 Commonwealth (CSC2)
Commonwealth,Week5,Chesterbrook,Week5,358.0 Chesterbrook - 44.0 Commonwealth
Commonwealth,Week1,Arlington Forest,Week5,298.0 Arlington Forest - 99.0 Commonwealth
Commonwealth,Week5,Annandale,Week2,247.0 Commonwealth - 155.0 Annandale
Commonwealth,Week3,Annandale,Week4,251.0 Commonwealth - 150.0 Annandale
Commonwealth,Week1,Rolling Forest,Week4,260.0 Rolling Forest - 142.0 Commonwealth
Chesterbrook,Week1,Lakevale Estates,Week3,294.0 Chesterbrook - 108.0 Lakevale Estates
Chesterbrook,Week1,Brandywine,Week5,333.0 Chesterbrook - 69.0 Brandywine
Commonwealth,Week1,Rolling Hills,Week5,231.0 Rolling Hills - 171.0 Commonwealth
Commonwealth,Week1,Hayfield Farm,Week2,261.0 Hayfield Farm - 141.0 Commonwealth
Chesterbrook,Week1,Bren Mar-Edsall Park,Week1,386.0 Chesterbrook - 16.0 Bren Mar-Edsall Park
Chesterbrook,Week1,Bren Mar-Edsall Park,Week2,388.0 Chesterbrook - 14.0 Bren Mar-Edsall Park
Commonwealth,Week5,Rolling Forest,Week5,234.0 Rolling Forest - 168.0 Commonwealth
Commonwealth,Week2,Annandale,Week3,235.0 Commonwealth - 167.0 Annandale
Commonwealth,Week2,Commonwealth,Week4,255.0 Commonwealth (CSC1) - 146.0 Commonwealth (CSC2)
Commonwealth,Week5,Chesterbrook,Week2,355.0 Chesterbrook - 47.0 Commonwealth
Chesterbrook,Week2,Brandywine,Week1,344.0 Chesterbrook - 58.0 Brandywine
Commonwealth,Week3,Rolling Forest,Week4,238.0 Rolling Forest - 164.0 Commonwealth
Chesterbrook,Week1,Lakevale Estates,Week2,297.0 Chesterbrook - 105.0 Lakevale Estates
Commonwealth,Week2,Rolling Hills,Week2,208.0 Commonwealth - 194.0 Rolling Hills
Commonwealth,Week4,Annandale,Week4,227.0 Commonwealth - 174.0 Annandale
Commonwealth,Week1,Hayfield Farm,Week3,269.0 Hayfield Farm - 128.0 Commonwealth
Commonwealth,Week2,Arlington Forest,Week1,245.0 Arlington Forest - 157.0 Commonwealth
Commonwealth,Week1,Hayfield Farm,Week1,267.0 Hayfield Farm - 135.0 Commonwealth
Commonwealth,Week1,Commonwealth,Week5,250.0 Commonwealth (CSC2) - 150.0 Commonwealth (CSC1)
Commonwealth,Week1,Arlington Forest,Week4,295.0 Arlington Forest - 107.0 Commonwealth
Commonwealth,Week1,Commonwealth,Week4,215.0 Commonwealth (CSC2) - 175.0 Commonwealth (CSC1)
Commonwealth,Week1,Hayfield Farm,Week4,280.0 Hayfield Farm - 122.0 Commonwealth
Commonwealth,Week3,Cottontail,Week4,207.0 Cottontail - 195.0 Commonwealth
Chesterbrook,Week3,Brandywine,Week4,360.0 Chesterbrook - 42.0 Brandywine
Commonwealth,Week5,Rolling Forest,Week3,243.0 Rolling Forest - 159.0 Commonwealth
Commonwealth,Week2,Annandale,Week2,247.0 Commonwealth - 155.0 Annandale
Commonwealth,Week4,Cottontail,Week1,234.0 Cottontail - 168.0 Commonwealth
Commonwealth,Week5,Rolling Forest,Week1,238.0 Rolling Forest - 164.0 Commonwealth
Commonwealth,Week1,Annandale,Week5,225.0 Annandale - 176.0 Commonwealth
Commonwealth,Week2,Arlington Forest,Week3,210.0 Arlington Forest - 192.0 Commonwealth
Commonwealth,Week4,Cottontail,Week4,226.0 Cottontail - 176.0 Commonwealth
Chesterbrook,Week2,Brandywine,Week3,338.0 Chesterbrook - 64.0 Brandywine
Commonwealth,Week4,Rolling Forest,Week2,232.0 Rolling Forest - 170.0 Commonwealth
Chesterbrook,Week1,Brandywine,Week4,339.0 Chesterbrook - 63.0 Brandywine
Commonwealth,Week2,Annandale,Week5,234.0 Commonwealth - 168.0 Annandale
Commonwealth,Week2,Arlington Forest,Week2,232.0 Arlington Forest - 170.0 Commonwealth
Commonwealth,Week3,Rolling Forest,Week1,249.0 Rolling Forest - 153.0 Commonwealth
Commonwealth,Week5,Cottontail,Week1,225.0 Cottontail - 177.0 Commonwealth
Chesterbrook,Week5,Brandywine,Week1,352.0 Chesterbrook - 50.0 Brandywine
Chesterbrook,Week2,Brandywine,Week2,343.0 Chesterbrook - 59.0 Brandywine
Commonwealth,Week3,Rolling Forest,Week5,270.0 Rolling Forest - 132.0 Commonwealth
Commonwealth,Week4,Annandale,Week5,211.0 Commonwealth - 191.0 Annandale
Commonwealth,Week5,Cottontail,Week3,216.0 Cottontail - 186.0 Commonwealth
Commonwealth,Week2,Cottontail,Week3,203.0 Cottontail - 199.0 Commonwealth
Chesterbrook,Week3,Brandywine,Week5,351.0 Chesterbrook - 51.0 Brandywine
Commonwealth,Week4,Rolling Forest,Week1,250.0 Rolling Forest - 152.0 Commonwealth
Commonwealth,Week1,Cottontail,Week3,242.0 Cottontail - 160.0 Commonwealth
Commonwealth,Week3,Annandale,Week1,234.0 Commonwealth - 167.0 Annandale
Chesterbrook,Week5,Brandywine,Week2,350.0 Chesterbrook - 52.0 Brandywine
Commonwealth,Week3,Rolling Forest,Week2,226.0 Rolling Forest - 176.0 Commonwealth
Commonwealth,Week2,Rolling Forest,Week4,232.0 Rolling Forest - 170.0 Commonwealth
Chesterbrook,Week5,Brandywine,Week5,339.0 Chesterbrook - 63.0 Brandywine
Chesterbrook,Week5,Brandywine,Week3,344.0 Chesterbrook - 58.0 Brandywine
Commonwealth,Week2,Rolling Forest,Week5,242.0 Rolling Forest - 160.0 Commonwealth
Commonwealth,Week5,Commonwealth,Week4,248.0 Commonwealth (CSC1) - 153.0 Commonwealth (CSC2)
Chesterbrook,Week4,Brandywine,Week1,348.0 Chesterbrook - 54.0 Brandywine
Commonwealth,Week3,Commonwealth,Week5,225.0 Commonwealth (CSC2) - 176.0 Commonwealth (CSC1)
Commonwealth,Week2,Annandale,Week1,248.0 Commonwealth - 154.0 Annandale
Chesterbrook,Week1,Bren Mar-Edsall Park,Week4,389.0 Chesterbrook - 13.0 Bren Mar-Edsall Park
Commonwealth,Week4,Rolling Forest,Week4,240.0 Rolling Forest - 162.0 Commonwealth
Commonwealth,Week1,Cottontail,Week4,237.0 Cottontail - 165.0 Commonwealth
Commonwealth,Week2,Cottontail,Week2,201.0 Commonwealth - 201.0 Cottontail
Commonwealth,Week4,Annandale,Week3,212.0 Commonwealth - 190.0 Annandale
Commonwealth,Week1,Arlington Forest,Week2,268.0 Arlington Forest - 129.0 Commonwealth
Commonwealth,Week2,Rolling Forest,Week3,243.0 Rolling Forest - 159.0 Commonwealth
Chesterbrook,Week2,Bren Mar-Edsall Park,Week4,393.0 Chesterbrook - 9.0 Bren Mar-Edsall Park
Commonwealth,Week1,Rolling Forest,Week2,249.0 Rolling Forest - 153.0 Commonwealth
Chesterbrook,Week4,Brandywine,Week2,341.0 Chesterbrook - 61.0 Brandywine
Commonwealth,Week5,Annandale,Week4,250.0 Commonwealth - 152.0 Annandale
Commonwealth,Week5,Commonwealth,Week1,250.0 Commonwealth (CSC1) - 150.0 Commonwealth (CSC2)
Commonwealth,Week3,Annandale,Week3,212.0 Commonwealth - 190.0 Annandale
Commonwealth,Week4,Commonwealth,Week3,213.5 Commonwealth (CSC2) - 183.5 Commonwealth (CSC1)
Chesterbrook,Week2,Bren Mar-Edsall Park,Week1,392.5 Chesterbrook - 9.5 Bren Mar-Edsall Park
Commonwealth,Week1,Cottontail,Week2,249.0 Cottontail - 153.0 Commonwealth
Chesterbrook,Week1,Bren Mar-Edsall Park,Week3,386.0 Chesterbrook - 16.0 Bren Mar-Edsall Park
Commonwealth,Week1,Rolling Forest,Week3,269.0 Rolling Forest - 133.0 Commonwealth
Commonwealth,Week5,Annandale,Week5,220.0 Commonwealth - 182.0 Annandale
Commonwealth,Week4,Annandale,Week1,218.0 Commonwealth - 184.0 Annandale
Commonwealth,Week1,Rolling Forest,Week5,279.0 Rolling Forest - 123.0 Commonwealth
Commonwealth,Week2,Cottontail,Week1,216.0 Cottontail - 186.0 Commonwealth
Commonwealth,Week1,Arlington Forest,Week1,278.0 Arlington Forest - 124.0 Commonwealth
Commonwealth,Week5,Commonwealth,Week5,200.5 Commonwealth (CSC1) - 200.5 Commonwealth (CSC2)
Commonwealth,Week4,Rolling Forest,Week3,262.0 Rolling Forest - 140.0 Commonwealth
Commonwealth,Week1,Rolling Hills,Week2,233.0 Rolling Hills - 164.0 Commonwealth
Chesterbrook,Week3,Bren Mar-Edsall Park,Week3,392.0 Chesterbrook - 10.0 Bren Mar-Edsall Park
Commonwealth,Week2,Cottontail,Week4,209.0 Commonwealth - 193.0 Cottontail
Commonwealth,Week1,Rolling Hills,Week4,231.0 Rolling Hills - 170.0 Commonwealth
Commonwealth,Week4,Commonwealth,Week4,195.0 Commonwealth (CSC1) - 195.0 Commonwealth (CSC2)
Chesterbrook,Week3,Bren Mar-Edsall Park,Week1,394.0 Chesterbrook - 8.0 Bren Mar-Edsall Park
Commonwealth,Week5,Annandale,Week1,250.0 Commonwealth - 152.0 Annandale
Commonwealth,Week1,Rolling Hills,Week1,228.0 Rolling Hills - 174.0 Commonwealth
Chesterbrook,Week5,Bren Mar-Edsall Park,Week4,392.0 Chesterbrook - 10.0 Bren Mar-Edsall Park
Commonwealth,Week3,Annandale,Week2,229.0 Commonwealth - 172.0 Annandale
Chesterbrook,Week5,Bren Mar-Edsall Park,Week2,395.0 Chesterbrook - 7.0 Bren Mar-Edsall Park
Chesterbrook,Week2,Springfield,Week1,400.0 Chesterbrook - 2.0 Springfield
Commonwealth,Week2,Rolling Hills,Week3,214.0 Commonwealth - 188.0 Rolling Hills
Chesterbrook,Week4,Bren Mar-Edsall Park,Week4,393.0 Chesterbrook - 9.0 Bren Mar-Edsall Park
Commonwealth,Week5,Annandale,Week3,222.0 Commonwealth - 180.0 Annandale
Chesterbrook,Week1,Springfield,Week5,393.0 Chesterbrook - 9.0 Springfield
Chesterbrook,Week3,Springfield,Week2,400.0 Chesterbrook - 2.0 Springfield
Commonwealth,Week4,Annandale,Week2,216.0 Commonwealth - 185.0 Annandale
Chesterbrook,Week3,Bren Mar-Edsall Park,Week4,394.0 Chesterbrook - 8.0 Bren Mar-Edsall Park
Commonwealth,Week1,Cottontail,Week1,248.0 Cottontail - 154.0 Commonwealth
Chesterbrook,Week4,Bren Mar-Edsall Park,Week2,395.0 Chesterbrook - 7.0 Bren Mar-Edsall Park
Commonwealth,Week4,Commonwealth,Week5,248.0 Commonwealth (CSC2) - 153.0 Commonwealth (CSC1)
Commonwealth,Week2,Rolling Hills,Week1,214.0 Commonwealth - 188.0 Rolling Hills
Commonwealth,Week4,Commonwealth,Week1,215.0 Commonwealth (CSC1) - 175.0 Commonwealth (CSC2)
Commonwealth,Week3,Annandale,Week5,216.0 Commonwealth - 186.0 Annandale
Commonwealth,Week3,Cottontail,Week1,221.0 Cottontail - 181.0 Commonwealth
Chesterbrook,Week4,Bren Mar-Edsall Park,Week5,392.0 Chesterbrook - 10.0 Bren Mar-Edsall Park
Commonwealth,Week1,Cottontail,Week5,263.0 Cottontail - 139.0 Commonwealth
Commonwealth,Week3,Cottontail,Week2,213.0 Cottontail - 189.0 Commonwealth
Commonwealth,Week3,Cottontail,Week3,207.0 Cottontail - 195.0 Commonwealth
Chesterbrook,Week3,Bren Mar-Edsall Park,Week5,391.0 Chesterbrook - 11.0 Bren Mar-Edsall Park
Commonwealth,Week5,Rolling Forest,Week2,208.0 Rolling Forest - 194.0 Commonwealth
Chesterbrook,Week1,Stratford,Week4,359.0 Chesterbrook - 43.0 Stratford
Chesterbrook,Week4,Bren Mar-Edsall Park,Week3,391.0 Chesterbrook - 11.0 Bren Mar-Edsall Park
Commonwealth,Week2,Rolling Hills,Week5,214.0 Commonwealth - 188.0 Rolling Hills
Commonwealth,Week1,Rolling Hills,Week3,230.0 Rolling Hills - 166.0 Commonwealth
Commonwealth,Week1,Arlington Forest,Week3,267.0 Arlington Forest - 135.0 Commonwealth
Commonwealth,Week2,Rolling Forest,Week2,216.0 Rolling Forest - 186.0 Commonwealth
Commonwealth,Week3,Rolling Forest,Week3,258.0 Rolling Forest - 144.0 Commonwealth
Chesterbrook,Week3,Springfield,Week1,399.0 Chesterbrook - 3.0 Springfield
Commonwealth,Week2,Rolling Valley,Week3,255.0 Commonwealth - 147.0 Rolling Valley
Chesterbrook,Week1,Brookfield ,Week3,355.5 Chesterbrook - 46.5 Brookfield
Commonwealth,Week2,Rolling Valley,Week5,254.0 Commonwealth - 148.0 Rolling Valley
Chesterbrook,Week2,Springfield,Week2,400.0 Chesterbrook - 2.0 Springfield
Chesterbrook,Week5,Bren Mar-Edsall Park,Week5,389.0 Chesterbrook - 13.0 Bren Mar-Edsall Park
Commonwealth,Week3,Rolling Valley,Week2,252.0 Commonwealth - 150.0 Rolling Valley
Chesterbrook,Week3,Springfield,Week4,400.0 Chesterbrook - 2.0 Springfield
Chesterbrook,Week1,Brookfield ,Week2,342.0 Chesterbrook - 60.0 Brookfield
Commonwealth,Week4,Cottontail,Week2,223.0 Cottontail - 179.0 Commonwealth
Chesterbrook,Week1,Brookfield ,Week1,335.0 Chesterbrook - 67.0 Brookfield
Commonwealth,Week4,Cottontail,Week3,230.0 Cottontail - 172.0 Commonwealth
Chesterbrook,Week1,Springfield,Week4,393.0 Chesterbrook - 9.0 Springfield
Commonwealth,Week5,Commonwealth,Week2,205.0 Commonwealth (CSC1) - 197.0 Commonwealth (CSC2)
Chesterbrook,Week5,Bren Mar-Edsall Park,Week3,390.0 Chesterbrook - 12.0 Bren Mar-Edsall Park
Commonwealth,Week1,Rolling Valley,Week2,207.0 Commonwealth - 190.0 Rolling Valley
Chesterbrook,Week2,Springfield,Week3,400.0 Chesterbrook - 2.0 Springfield
Commonwealth,Week3,Rolling Hills,Week5,204.0 Commonwealth - 198.0 Rolling Hills
Commonwealth,Week2,Cottontail,Week5,227.0 Cottontail - 175.0 Commonwealth
Chesterbrook,Week2,Springfield,Week5,401.0 Chesterbrook - 1.0 Springfield
Commonwealth,Week4,Cottontail,Week5,254.0 Cottontail - 148.0 Commonwealth
Commonwealth,Week3,Cottontail,Week5,237.0 Cottontail - 165.0 Commonwealth
Chesterbrook,Week4,Bren Mar-Edsall Park,Week1,393.0 Chesterbrook - 9.0 Bren Mar-Edsall Park
Commonwealth,Week1,Rolling Valley,Week1,225.5 Commonwealth - 176.5 Rolling Valley
Chesterbrook,Week5,Bren Mar-Edsall Park,Week1,392.0 Chesterbrook - 10.0 Bren Mar-Edsall Park
Chesterbrook,Week5,Springfield,Week2,399.0 Chesterbrook - 3.0 Springfield
Commonwealth,Week5,Cottontail,Week5,240.0 Cottontail - 162.0 Commonwealth
Commonwealth,Week4,Rolling Hills,Week5,207.5 Rolling Hills - 194.5 Commonwealth
Commonwealth,Week5,Cottontail,Week4,206.0 Cottontail - 196.0 Commonwealth
Commonwealth,Week5,Rolling Valley,Week2,265.0 Commonwealth - 137.0 Rolling Valley
Chesterbrook,Week1,Brookfield ,Week4,339.0 Chesterbrook - 63.0 Brookfield
Commonwealth,Week2,Country Club Hills,Week2,215.0 Commonwealth - 187.0 Country Club Hills
Chesterbrook,Week5,Springfield,Week1,401.0 Chesterbrook - 1.0 Springfield
Chesterbrook,Week3,Springfield,Week3,399.0 Chesterbrook - 3.0 Springfield
Commonwealth,Week4,Rolling Hills,Week1,209.0 Rolling Hills - 193.0 Commonwealth
Chesterbrook,Week4,Springfield,Week1,400.0 Chesterbrook - 2.0 Springfield
Commonwealth,Week3,Country Club Hills,Week2,202.0 Commonwealth - 200.0 Country Club Hills
Commonwealth,Week1,Crosspointe,Week3,296.0 Crosspointe - 96.0 Commonwealth
Commonwealth,Week5,Rolling Hills,Week5,216.0 Commonwealth - 186.0 Rolling Hills
Commonwealth,Week1,Country Club Hills,Week3,246.0 Country Club Hills - 156.0 Commonwealth
Chesterbrook,Week3,Springfield,Week5,399.0 Chesterbrook - 2.0 Springfield
Commonwealth,Week4,Rolling Valley,Week5,223.0 Commonwealth - 179.0 Rolling Valley
Commonwealth,Week5,Rolling Hills,Week1,220.0 Commonwealth - 182.0 Rolling Hills
Commonwealth,Week5,Country Club Hills,Week5,233.0 Country Club Hills - 169.0 Commonwealth
Commonwealth,Week4,Rolling Valley,Week2,241.0 Commonwealth - 161.0 Rolling Valley
Commonwealth,Week4,Country Club Hills,Week4,228.0 Country Club Hills - 174.0 Commonwealth
Chesterbrook,Week5,Springfield,Week3,398.0 Chesterbrook - 3.0 Springfield
Commonwealth,Week2,Country Club Hills,Week5,227.0 Country Club Hills - 175.0 Commonwealth
Chesterbrook,Week4,Springfield,Week5,399.0 Chesterbrook - 3.0 Springfield
Commonwealth,Week5,Rolling Hills,Week4,204.0 Commonwealth - 197.0 Rolling Hills
Chesterbrook,Week4,Springfield,Week3,400.0 Chesterbrook - 2.0 Springfield
Commonwealth,Week1,Country Club Hills,Week2,239.0 Country Club Hills - 163.0 Commonwealth
Chesterbrook,Week1,Springfield,Week3,394.0 Chesterbrook - 3.0 Springfield
Commonwealth,Week5,Cottontail,Week2,211.0 Cottontail - 191.0 Commonwealth
Commonwealth,Week3,Rolling Hills,Week2,201.0 Rolling Hills - 200.0 Commonwealth
Chesterbrook,Week4,Springfield,Week4,399.5 Chesterbrook - 2.5 Springfield
Chesterbrook,Week4,Springfield,Week2,400.0 Chesterbrook - 2.0 Springfield
Commonwealth,Week3,Rolling Hills,Week4,204.0 Commonwealth - 196.0 Rolling Hills
Commonwealth,Week1,Rolling Valley,Week4,210.0 Rolling Valley - 192.0 Commonwealth
Chesterbrook,Week5,Springfield,Week4,399.0 Chesterbrook - 3.0 Springfield
Commonwealth,Week1,Country Club Hills,Week4,256.0 Country Club Hills - 146.0 Commonwealth
Chesterbrook,Week1,Stratford,Week2,363.0 Chesterbrook - 39.0 Stratford
Chesterbrook,Week3,Stratford,Week3,383.0 Chesterbrook - 19.0 Stratford
Commonwealth,Week5,Country Club Hills,Week4,202.0 Country Club Hills - 200.0 Commonwealth
Commonwealth,Week5,Country Club Hills,Week3,209.0 Commonwealth - 193.0 Country Club Hills
Cardinal Hill,Week5,South Run,Week2,252.0 Cardinal Hill - 148.0 South Run
Cardinal Hill,Week4,Sleepy Hollow Rec,Week3,295.0 Cardinal Hill - 107.0 Sleepy Hollow Rec
Cardinal Hill,Week3,South Run,Week2,279.0 Cardinal Hill - 123.0 South Run
Chesterbrook,Week2,Sully Station,Week2,302.0 Chesterbrook - 100.0 Sully Station
Commonwealth,Week3,Country Club Hills,Week4,207.0 Country Club Hills - 195.0 Commonwealth
Commonwealth,Week2,Rolling Valley,Week1,289.0 Commonwealth - 113.0 Rolling Valley
Cardinal Hill,Week5,South Run,Week3,264.0 Cardinal Hill - 137.0 South Run
Commonwealth,Week1,Country Club Hills,Week5,271.0 Country Club Hills - 131.0 Commonwealth
Chesterbrook,Week1,Stratford,Week1,369.0 Chesterbrook - 33.0 Stratford
Cardinal Hill,Week1,Sleepy Hollow Rec,Week3,305.0 Cardinal Hill - 97.0 Sleepy Hollow Rec
Commonwealth,Week3,Rolling Hills,Week1,217.0 Rolling Hills - 184.0 Commonwealth
Commonwealth,Week4,Rolling Hills,Week3,207.0 Rolling Hills - 193.0 Commonwealth
Commonwealth,Week3,Country Club Hills,Week1,211.0 Country Club Hills - 191.0 Commonwealth
Commonwealth,Week4,Country Club Hills,Week5,250.5 Country Club Hills - 151.5 Commonwealth
Chesterbrook,Week5,Springfield,Week5,398.5 Chesterbrook - 3.5 Springfield
Commonwealth,Week5,Rolling Hills,Week3,215.0 Commonwealth - 186.0 Rolling Hills
Commonwealth,Week4,Rolling Hills,Week4,213.0 Rolling Hills - 187.0 Commonwealth
Chesterbrook,Week1,Stratford,Week3,367.0 Chesterbrook - 35.0 Stratford
Commonwealth,Week5,Rolling Hills,Week2,214.0 Commonwealth - 188.0 Rolling Hills
Commonwealth,Week5,Country Club Hills,Week1,207.0 Commonwealth - 195.0 Country Club Hills
Commonwealth,Week4,Country Club Hills,Week2,223.0 Country Club Hills - 179.0 Commonwealth
Chesterbrook,Week4,Stratford,Week2,381.0 Chesterbrook - 21.0 Stratford
Cardinal Hill,Week4,South Run,Week2,265.0 Cardinal Hill - 137.0 South Run
Cardinal Hill,Week5,Somerset-Olde Creek,Week3,333.0 Cardinal Hill - 68.0 Somerset-Olde Creek
Cardinal Hill,Week1,Sleepy Hollow Rec,Week5,316.0 Cardinal Hill - 86.0 Sleepy Hollow Rec
Chesterbrook,Week2,Springfield,Week4,401.0 Chesterbrook - 1.0 Springfield
Commonwealth,Week1,Rolling Valley,Week5,204.0 Commonwealth - 198.0 Rolling Valley
Commonwealth,Week4,Rolling Hills,Week2,210.0 Rolling Hills - 186.0 Commonwealth
Commonwealth,Week2,Country Club Hills,Week1,205.0 Commonwealth - 197.0 Country Club Hills
Commonwealth,Week1,Rolling Valley,Week3,204.0 Rolling Valley - 198.0 Commonwealth
Chesterbrook,Week3,Stratford,Week1,381.0 Chesterbrook - 21.0 Stratford
Commonwealth,Week4,Country Club Hills,Week1,226.0 Country Club Hills - 176.0 Commonwealth
Commonwealth,Week2,Rolling Valley,Week2,255.0 Commonwealth - 147.0 Rolling Valley
Chesterbrook,Week3,Stratford,Week2,382.0 Chesterbrook - 20.0 Stratford
Commonwealth,Week3,Rolling Hills,Week3,205.0 Commonwealth - 195.0 Rolling Hills
Commonwealth,Week3,Rolling Valley,Week1,282.0 Commonwealth - 120.0 Rolling Valley
Commonwealth,Week2,Country Club Hills,Week3,201.0 Commonwealth - 201.0 Country Club Hills
Chesterbrook,Week4,Stratford,Week5,384.0 Chesterbrook - 18.0 Stratford
Cardinal Hill,Week2,Sleepy Hollow Rec,Week1,297.0 Cardinal Hill - 105.0 Sleepy Hollow Rec
Commonwealth,Week3,Rolling Valley,Week5,248.0 Commonwealth - 154.0 Rolling Valley
Commonwealth,Week4,Country Club Hills,Week3,226.0 Country Club Hills - 176.0 Commonwealth
Cardinal Hill,Week3,Sleepy Hollow Rec,Week4,345.0 Cardinal Hill - 57.0 Sleepy Hollow Rec
Cardinal Hill,Week1,South Run,Week2,271.0 Cardinal Hill - 131.0 South Run
Chesterbrook,Week2,Stratford,Week3,376.0 Chesterbrook - 26.0 Stratford
Cardinal Hill,Week3,South Run,Week5,272.0 Cardinal Hill - 130.0 South Run
Chesterbrook,Week3,Sully Station,Week4,322.0 Chesterbrook - 80.0 Sully Station
Commonwealth,Week2,Country Club Hills,Week4,205.0 Commonwealth - 197.0 Country Club Hills
Commonwealth,Week3,Country Club Hills,Week3,219.0 Country Club Hills - 183.0 Commonwealth
Cardinal Hill,Week3,South Run,Week4,285.0 Cardinal Hill - 117.0 South Run
Cardinal Hill,Week2,South Run,Week1,230.0 Cardinal Hill - 163.0 South Run
Commonwealth,Week2,Rolling Valley,Week4,256.0 Commonwealth - 146.0 Rolling Valley
Chesterbrook,Week1,Sully Station,Week1,287.0 Chesterbrook - 115.0 Sully Station
Commonwealth,Week3,Rolling Valley,Week3,248.0 Commonwealth - 153.0 Rolling Valley
Commonwealth,Week1,Country Club Hills,Week1,239.0 Country Club Hills - 163.0 Commonwealth
Chesterbrook,Week4,Stratford,Week4,381.0 Chesterbrook - 21.0 Stratford
Cardinal Hill,Week2,Sleepy Hollow Rec,Week2,307.0 Cardinal Hill - 95.0 Sleepy Hollow Rec
Commonwealth,Week3,Rolling Valley,Week4,247.0 Commonwealth - 155.0 Rolling Valley
Commonwealth,Week3,Country Club Hills,Week5,253.0 Country Club Hills - 149.0 Commonwealth
Cardinal Hill,Week1,South Run,Week5,253.0 Cardinal Hill - 149.0 South Run
Commonwealth,Week4,Rolling Valley,Week1,268.0 Commonwealth - 134.0 Rolling Valley
Commonwealth,Week1,Crosspointe,Week2,298.0 Crosspointe - 104.0 Commonwealth
Chesterbrook,Week1,Stratford,Week5,366.0 Chesterbrook - 36.0 Stratford
Commonwealth,Week1,Crosspointe,Week1,306.0 Crosspointe - 96.0 Commonwealth
Cardinal Hill,Week4,Sleepy Hollow Rec,Week1,303.0 Cardinal Hill - 99.0 Sleepy Hollow Rec
Cardinal Hill,Week2,South Run,Week4,261.0 Cardinal Hill - 141.0 South Run
Chesterbrook,Week4,Stratford,Week3,384.0 Chesterbrook - 18.0 Stratford
Commonwealth,Week2,Daventry,Week1,280.0 Commonwealth - 122.0 Daventry
Commonwealth,Week5,Country Club Hills,Week2,203.0 Country Club Hills - 199.0 Commonwealth
Cardinal Hill,Week1,South Run,Week3,271.0 Cardinal Hill - 131.0 South Run
Cardinal Hill,Week4,South Run,Week1,249.0 Cardinal Hill - 144.0 South Run
Cardinal Hill,Week5,Somerset-Olde Creek,Week5,331.0 Cardinal Hill - 70.0 Somerset-Olde Creek
Commonwealth,Week4,Rolling Valley,Week3,228.0 Commonwealth - 173.0 Rolling Valley
Chesterbrook,Week5,Stratford,Week2,374.0 Chesterbrook - 28.0 Stratford
Cardinal Hill,Week2,South Run,Week2,259.0 Cardinal Hill - 143.0 South Run
Chesterbrook,Week2,Sully Station,Week1,281.0 Chesterbrook - 121.0 Sully Station
Commonwealth,Week3,Crosspointe,Week1,294.0 Crosspointe - 108.0 Commonwealth
Chesterbrook,Week5,Stratford,Week5,380.0 Chesterbrook - 22.0 Stratford
Cardinal Hill,Week4,South Run,Week4,274.0 Cardinal Hill - 128.0 South Run
Commonwealth,Week4,Crosspointe,Week1,307.5 Crosspointe - 94.5 Commonwealth
Chesterbrook,Week2,Stratford,Week4,374.0 Chesterbrook - 28.0 Stratford
Chesterbrook,Week4,Stratford,Week1,384.0 Chesterbrook - 18.0 Stratford
Commonwealth,Week4,Rolling Valley,Week4,232.0 Commonwealth - 170.0 Rolling Valley
Cardinal Hill,Week3,Sleepy Hollow Rec,Week5,319.0 Cardinal Hill - 83.0 Sleepy Hollow Rec
Cardinal Hill,Week3,Sleepy Hollow Rec,Week1,327.0 Cardinal Hill - 75.0 Sleepy Hollow Rec
Cardinal Hill,Week2,Sleepy Hollow Rec,Week5,284.0 Cardinal Hill - 118.0 Sleepy Hollow Rec
Commonwealth,Week2,Crosspointe,Week1,288.0 Crosspointe - 114.0 Commonwealth
Commonwealth,Week1,Crosspointe,Week5,311.0 Crosspointe - 91.0 Commonwealth
Cardinal Hill,Week2,Sleepy Hollow Rec,Week3,273.5 Cardinal Hill - 128.5 Sleepy Hollow Rec
Cardinal Hill,Week4,South Run,Week5,245.0 Cardinal Hill - 157.0 South Run
Cardinal Hill,Week4,Sleepy Hollow Rec,Week2,315.0 Cardinal Hill - 87.0 Sleepy Hollow Rec
Cardinal Hill,Week5,Somerset-Olde Creek,Week4,341.0 Cardinal Hill - 60.0 Somerset-Olde Creek
Chesterbrook,Week2,Stratford,Week5,382.0 Chesterbrook - 20.0 Stratford
Chesterbrook,Week5,Stratford,Week1,381.0 Chesterbrook - 21.0 Stratford
Cardinal Hill,Week2,South Run,Week5,242.0 Cardinal Hill - 160.0 South Run
Commonwealth,Week5,Rolling Valley,Week1,278.0 Commonwealth - 124.0 Rolling Valley
Commonwealth,Week5,Crosspointe,Week4,288.0 Crosspointe - 114.0 Commonwealth
Chesterbrook,Week3,Stratford,Week5,388.0 Chesterbrook - 14.0 Stratford
Cardinal Hill,Week3,South Run,Week3,279.0 Cardinal Hill - 123.0 South Run
Commonwealth,Week2,Daventry,Week5,264.0 Commonwealth - 138.0 Daventry
Commonwealth,Week3,Crosspointe,Week3,291.0 Crosspointe - 111.0 Commonwealth
Cardinal Hill,Week4,South Run,Week3,270.0 Cardinal Hill - 132.0 South Run
Commonwealth,Week2,Crosspointe,Week2,270.0 Crosspointe - 132.0 Commonwealth
Commonwealth,Week2,Daventry,Week3,283.0 Commonwealth - 118.0 Daventry
Chesterbrook,Week4,Cottontail,Week4,372.0 Chesterbrook - 30.0 Cottontail
Chesterbrook,Week5,Stratford,Week4,378.0 Chesterbrook - 24.0 Stratford
Cardinal Hill,Week1,South Run,Week4,275.0 Cardinal Hill - 127.0 South Run
Commonwealth,Week2,Crosspointe,Week5,300.0 Crosspointe - 102.0 Commonwealth
Chesterbrook,Week3,Stratford,Week4,383.0 Chesterbrook - 19.0 Stratford
Commonwealth,Week1,Crosspointe,Week4,307.0 Crosspointe - 95.0 Commonwealth
Commonwealth,Week5,Crosspointe,Week1,291.0 Crosspointe - 111.0 Commonwealth
Commonwealth,Week2,Crosspointe,Week4,284.0 Crosspointe - 118.0 Commonwealth
Commonwealth,Week3,Crosspointe,Week5,304.0 Crosspointe - 98.0 Commonwealth
Commonwealth,Week5,Rolling Valley,Week3,250.0 Commonwealth - 152.0 Rolling Valley
Cardinal Hill,Week1,South Run,Week1,253.0 Cardinal Hill - 140.0 South Run
Chesterbrook,Week1,Sully Station,Week2,299.0 Chesterbrook - 103.0 Sully Station
Cardinal Hill,Week5,South Run,Week1,234.0 Cardinal Hill - 158.0 South Run
Chesterbrook,Week2,Sully Station,Week4,300.0 Chesterbrook - 102.0 Sully Station
Chesterbrook,Week1,Sully Station,Week5,279.0 Chesterbrook - 123.0 Sully Station
Cardinal Hill,Week3,South Run,Week1,258.0 Cardinal Hill - 135.0 South Run
Commonwealth,Week3,Crosspointe,Week2,281.0 Crosspointe - 121.0 Commonwealth
Chesterbrook,Week2,Stratford,Week2,375.0 Chesterbrook - 27.0 Stratford
Commonwealth,Week4,Daventry,Week1,257.0 Commonwealth - 143.0 Daventry
Chesterbrook,Week5,Stratford,Week3,381.0 Chesterbrook - 21.0 Stratford
Cardinal Hill,Week1,Sleepy Hollow Rec,Week4,340.0 Cardinal Hill - 62.0 Sleepy Hollow Rec
Chesterbrook,Week1,Sully Station,Week4,302.0 Chesterbrook - 100.0 Sully Station
Cardinal Hill,Week3,Sleepy Hollow Rec,Week2,338.0 Cardinal Hill - 64.0 Sleepy Hollow Rec
Cardinal Hill,Week1,Sleepy Hollow Rec,Week2,321.0 Cardinal Hill - 81.0 Sleepy Hollow Rec
Cardinal Hill,Week3,Sleepy Hollow Rec,Week3,310.0 Cardinal Hill - 92.0 Sleepy Hollow Rec
Commonwealth,Week4,Daventry,Week4,262.0 Commonwealth - 137.0 Daventry
Cardinal Hill,Week1,Sleepy Hollow Rec,Week1,317.0 Cardinal Hill - 85.0 Sleepy Hollow Rec
Cardinal Hill,Week2,South Run,Week3,255.0 Cardinal Hill - 147.0 South Run
Chesterbrook,Week2,Stratford,Week1,374.0 Chesterbrook - 28.0 Stratford
Chesterbrook,Week2,Sully Station,Week3,298.0 Chesterbrook - 104.0 Sully Station
Chesterbrook,Week1,Sully Station,Week3,291.0 Chesterbrook - 111.0 Sully Station
Cardinal Hill,Week2,Sleepy Hollow Rec,Week4,303.0 Cardinal Hill - 99.0 Sleepy Hollow Rec
Chesterbrook,Week2,Sully Station II,Week4,332.0 Chesterbrook - 70.0 Sully Station II
Commonwealth,Week1,Daventry,Week2,236.0 Commonwealth - 163.0 Daventry
Commonwealth,Week1,Daventry,Week3,240.0 Commonwealth - 150.0 Daventry
Chesterbrook,Week2,Sully Station,Week5,275.0 Chesterbrook - 127.0 Sully Station
Commonwealth,Week5,Rolling Valley,Week4,254.0 Commonwealth - 148.0 Rolling Valley
Chesterbrook,Week4,Sully Station,Week1,291.0 Chesterbrook - 111.0 Sully Station
Chesterbrook,Week3,Sully Station,Week2,309.0 Chesterbrook - 93.0 Sully Station
Chesterbrook,Week1,Country Club Hills,Week4,353.0 Chesterbrook - 49.0 Country Club Hills
Commonwealth,Week4,Crosspointe,Week5,306.0 Crosspointe - 96.0 Commonwealth
Chesterbrook,Week3,Sully Station,Week1,298.0 Chesterbrook - 104.0 Sully Station
Commonwealth,Week2,Crosspointe,Week3,273.0 Crosspointe - 129.0 Commonwealth
Chesterbrook,Week5,Country Club Hills,Week4,371.0 Chesterbrook - 31.0 Country Club Hills
Chesterbrook,Week3,Sully Station,Week5,291.0 Chesterbrook - 111.0 Sully Station
Commonwealth,Week4,Crosspointe,Week3,294.0 Crosspointe - 103.0 Commonwealth
Chesterbrook,Week3,Country Club Hills,Week5,375.0 Chesterbrook - 27.0 Country Club Hills
Chesterbrook,Week4,Country Club Hills,Week4,370.0 Chesterbrook - 32.0 Country Club Hills
Commonwealth,Week5,Crosspointe,Week2,277.0 Crosspointe - 125.0 Commonwealth
Chesterbrook,Week1,Crosspointe,Week1,273.0 Chesterbrook - 129.0 Crosspointe
Chesterbrook,Week3,Sully Station,Week3,313.0 Chesterbrook - 89.0 Sully Station
Commonwealth,Week1,Daventry,Week1,238.0 Commonwealth - 162.0 Daventry
Commonwealth,Week5,Rolling Valley,Week5,244.0 Commonwealth - 158.0 Rolling Valley
Chesterbrook,Week5,Country Club Hills,Week2,368.0 Chesterbrook - 34.0 Country Club Hills
Chesterbrook,Week5,Sully Station,Week4,309.0 Chesterbrook - 93.0 Sully Station
Chesterbrook,Week5,Cottontail,Week4,370.0 Chesterbrook - 32.0 Cottontail
Chesterbrook,Week4,Sully Station,Week2,294.0 Chesterbrook - 108.0 Sully Station
Chesterbrook,Week2,Country Club Hills,Week4,365.0 Chesterbrook - 37.0 Country Club Hills
Chesterbrook,Week4,Sully Station II,Week5,304.0 Chesterbrook - 98.0 Sully Station II
Chesterbrook,Week1,Country Club Hills,Week3,350.0 Chesterbrook - 52.0 Country Club Hills
Chesterbrook,Week2,Country Club Hills,Week5,362.0 Chesterbrook - 40.0 Country Club Hills
Chesterbrook,Week5,Sully Station,Week5,277.0 Chesterbrook - 125.0 Sully Station
Chesterbrook,Week5,Sully Station II,Week3,297.0 Chesterbrook - 105.0 Sully Station II
Commonwealth,Week4,Crosspointe,Week4,293.0 Crosspointe - 109.0 Commonwealth
Chesterbrook,Week1,Country Club Hills,Week2,355.5 Chesterbrook - 46.5 Country Club Hills
Commonwealth,Week5,Crosspointe,Week5,297.0 Crosspointe - 105.0 Commonwealth
Chesterbrook,Week5,Cottontail,Week1,372.0 Chesterbrook - 30.0 Cottontail
Chesterbrook,Week5,Cottontail,Week5,364.0 Chesterbrook - 38.0 Cottontail
Commonwealth,Week3,Daventry,Week4,278.0 Commonwealth - 121.0 Daventry
Chesterbrook,Week4,Sully Station,Week4,303.0 Chesterbrook - 99.0 Sully Station
Chesterbrook,Week1,Sully Station II,Week2,293.0 Chesterbrook - 109.0 Sully Station II
Chesterbrook,Week2,Sully Station II,Week3,288.0 Chesterbrook - 114.0 Sully Station II
Chesterbrook,Week4,Cottontail,Week5,363.0 Chesterbrook - 39.0 Cottontail
Chesterbrook,Week4,Country Club Hills,Week1,365.0 Chesterbrook - 37.0 Country Club Hills
Commonwealth,Week3,Crosspointe,Week4,295.0 Crosspointe - 107.0 Commonwealth
Commonwealth,Week2,Daventry,Week4,280.0 Commonwealth - 121.0 Daventry
Chesterbrook,Week5,Cottontail,Week3,378.0 Chesterbrook - 24.0 Cottontail
Chesterbrook,Week5,Sully Station,Week3,301.0 Chesterbrook - 101.0 Sully Station
Commonwealth,Week3,Daventry,Week3,268.0 Commonwealth - 130.0 Daventry
Commonwealth,Week1,Daventry,Week5,217.0 Commonwealth - 177.0 Daventry
Chesterbrook,Week1,Country Club Hills,Week5,341.0 Chesterbrook - 61.0 Country Club Hills
Commonwealth,Week3,Daventry,Week2,274.0 Commonwealth - 125.0 Daventry
Chesterbrook,Week5,Cottontail,Week2,371.0 Chesterbrook - 31.0 Cottontail
Commonwealth,Week5,Crosspointe,Week3,281.0 Crosspointe - 121.0 Commonwealth
Chesterbrook,Week1,Sully Station II,Week5,275.0 Chesterbrook - 127.0 Sully Station II
Commonwealth,Week4,Crosspointe,Week2,296.0 Crosspointe - 106.0 Commonwealth
Chesterbrook,Week1,Sully Station II,Week4,318.0 Chesterbrook - 84.0 Sully Station II
Commonwealth,Week1,Daventry,Week4,231.0 Commonwealth - 166.0 Daventry
Chesterbrook,Week1,Country Club Hills,Week1,353.0 Chesterbrook - 49.0 Country Club Hills
Chesterbrook,Week2,Country Club Hills,Week2,367.0 Chesterbrook - 35.0 Country Club Hills
Chesterbrook,Week1,Truro,Week4,351.0 Chesterbrook - 51.0 Truro
Commonwealth,Week2,Daventry,Week2,277.0 Commonwealth - 125.0 Daventry
Chesterbrook,Week3,Sully Station II,Week4,351.0 Chesterbrook - 51.0 Sully Station II
Commonwealth,Week3,Daventry,Week5,248.0 Commonwealth - 150.0 Daventry
Chesterbrook,Week2,Sully Station II,Week1,314.0 Chesterbrook - 88.0 Sully Station II
Chesterbrook,Week2,Country Club Hills,Week1,364.0 Chesterbrook - 38.0 Country Club Hills
Commonwealth,Week4,Daventry,Week5,239.0 Commonwealth - 160.0 Daventry
Chesterbrook,Week3,North Springfield,Week1,343.0 Chesterbrook - 8.0 North Springfield
Chesterbrook,Week3,Sully Station II,Week3,313.0 Chesterbrook - 89.0 Sully Station II
Chesterbrook,Week2,Sully Station II,Week2,303.0 Chesterbrook - 99.0 Sully Station II
Commonwealth,Week4,Daventry,Week3,243.5 Commonwealth - 154.5 Daventry
Chesterbrook,Week4,Country Club Hills,Week3,367.0 Chesterbrook - 35.0 Country Club Hills
Commonwealth,Week5,Daventry,Week1,268.0 Commonwealth - 134.0 Daventry
Chesterbrook,Week3,Country Club Hills,Week3,376.0 Chesterbrook - 26.0 Country Club Hills
Chesterbrook,Week5,Country Club Hills,Week1,371.0 Chesterbrook - 31.0 Country Club Hills
Commonwealth,Week5,Daventry,Week4,274.0 Commonwealth - 128.0 Daventry
Chesterbrook,Week2,Country Club Hills,Week3,365.0 Chesterbrook - 37.0 Country Club Hills
Chesterbrook,Week3,Sully Station II,Week2,321.0 Chesterbrook - 81.0 Sully Station II
Commonwealth,Week1,Dominion Hills,Week3,263.0 Dominion Hills - 139.0 Commonwealth
Commonwealth,Week5,Daventry,Week3,269.0 Commonwealth - 132.0 Daventry
Chesterbrook,Week3,Country Club Hills,Week4,380.0 Chesterbrook - 22.0 Country Club Hills
Chesterbrook,Week4,Sully Station II,Week3,307.0 Chesterbrook - 95.0 Sully Station II
Chesterbrook,Week3,Sully Station II,Week5,318.0 Chesterbrook - 84.0 Sully Station II
Cardinal Hill,Week3,Tuckahoe,Week4,308.0 Tuckahoe - 94.0 Cardinal Hill
Chesterbrook,Week4,Country Club Hills,Week5,371.0 Chesterbrook - 31.0 Country Club Hills
Chesterbrook,Week5,Sully Station,Week1,290.0 Chesterbrook - 112.0 Sully Station
Chesterbrook,Week4,North Springfield,Week3,371.0 Chesterbrook - 26.0 North Springfield
Chesterbrook,Week5,Sully Station,Week2,302.0 Chesterbrook - 100.0 Sully Station
Chesterbrook,Week4,Sully Station,Week5,281.0 Chesterbrook - 121.0 Sully Station
Chesterbrook,Week1,Sully Station II,Week3,279.0 Chesterbrook - 123.0 Sully Station II
Chesterbrook,Week3,Country Club Hills,Week1,375.0 Chesterbrook - 27.0 Country Club Hills
Commonwealth,Week5,Daventry,Week5,260.0 Commonwealth - 142.0 Daventry
Chesterbrook,Week4,Sully Station II,Week4,344.0 Chesterbrook - 58.0 Sully Station II
Chesterbrook,Week3,Country Club Hills,Week2,378.0 Chesterbrook - 24.0 Country Club Hills
Chesterbrook,Week5,Country Club Hills,Week5,361.0 Chesterbrook - 41.0 Country Club Hills
Commonwealth,Week1,Dominion Hills,Week1,257.0 Dominion Hills - 145.0 Commonwealth
Chesterbrook,Week4,Sully Station II,Week2,311.0 Chesterbrook - 91.0 Sully Station II
Commonwealth,Week4,Daventry,Week2,260.0 Commonwealth - 139.0 Daventry
Chesterbrook,Week5,Country Club Hills,Week3,370.0 Chesterbrook - 32.0 Country Club Hills
Chesterbrook,Week4,Country Club Hills,Week2,372.5 Chesterbrook - 29.5 Country Club Hills
Commonwealth,Week3,Daventry,Week1,268.0 Commonwealth - 131.0 Daventry
Commonwealth,Week1,Dominion Hills,Week2,275.0 Dominion Hills - 127.0 Commonwealth
Chesterbrook,Week2,North Springfield,Week3,380.0 Chesterbrook - 17.0 North Springfield
Chesterbrook,Week2,North Springfield,Week5,350.0 Chesterbrook - 24.0 North Springfield
Chesterbrook,Week1,North Springfield,Week1,336.0 Chesterbrook - 15.0 North Springfield
Commonwealth,Week1,Dominion Hills,Week4,277.0 Dominion Hills - 119.0 Commonwealth
Chesterbrook,Week1,Daventry,Week1,373.0 Chesterbrook - 29.0 Daventry
Chesterbrook,Week4,Sully Station II,Week1,328.0 Chesterbrook - 74.0 Sully Station II
Chesterbrook,Week2,Crosspointe,Week1,261.0 Chesterbrook - 141.0 Crosspointe
Commonwealth,Week1,Dominion Hills,Week5,289.5 Dominion Hills - 112.5 Commonwealth
Chesterbrook,Week2,Sully Station II,Week5,287.5 Chesterbrook - 114.5 Sully Station II
Commonwealth,Week5,Daventry,Week2,283.0 Commonwealth - 118.0 Daventry
Chesterbrook,Week4,Sully Station,Week3,299.0 Chesterbrook - 103.0 Sully Station
Chesterbrook,Week5,Crosspointe,Week3,285.0 Chesterbrook - 117.0 Crosspointe
Chesterbrook,Week1,Crosspointe,Week5,255.0 Chesterbrook - 147.0 Crosspointe
Chesterbrook,Week1,Oakton ,Week5,275.0 Chesterbrook - 127.0 Oakton
Cardinal Hill,Week4,Tuckahoe,Week4,318.0 Tuckahoe - 84.0 Cardinal Hill
Cardinal Hill,Week5,Tuckahoe,Week5,301.0 Tuckahoe - 101.0 Cardinal Hill
Cardinal Hill,Week1,Vienna Aquatic,Week4,221.0 Vienna Aquatic - 181.0 Cardinal Hill
Chesterbrook,Week3,Sully Station II,Week1,328.5 Chesterbrook - 73.5 Sully Station II
Chesterbrook,Week5,Crosspointe,Week5,260.0 Chesterbrook - 142.0 Crosspointe
Cardinal Hill,Week5,Tuckahoe,Week2,293.0 Tuckahoe - 109.0 Cardinal Hill
Commonwealth,Week2,Dominion Hills,Week1,217.0 Dominion Hills - 185.0 Commonwealth
Chesterbrook,Week1,Sully Station II,Week1,302.0 Chesterbrook - 100.0 Sully Station II
Cardinal Hill,Week2,Vienna Aquatic,Week2,255.0 Vienna Aquatic - 147.0 Cardinal Hill
Chesterbrook,Week5,North Springfield,Week2,376.0 Chesterbrook - 12.0 North Springfield
Chesterbrook,Week2,North Springfield,Week4,375.0 Chesterbrook - 17.0 North Springfield
Chesterbrook,Week3,Crosspointe,Week5,277.5 Chesterbrook - 124.5 Crosspointe
Chesterbrook,Week2,Oakton ,Week4,302.0 Chesterbrook - 100.0 Oakton
Chesterbrook,Week2,Daventry,Week2,381.0 Chesterbrook - 21.0 Daventry
Chesterbrook,Week4,North Springfield,Week1,340.0 Chesterbrook - 10.0 North Springfield
Chesterbrook,Week5,Sully Station II,Week2,316.0 Chesterbrook - 86.0 Sully Station II
Cardinal Hill,Week2,Vienna Aquatic,Week5,289.0 Vienna Aquatic - 113.0 Cardinal Hill
Chesterbrook,Week4,North Springfield,Week2,366.0 Chesterbrook - 22.0 North Springfield
Cardinal Hill,Week3,Tuckahoe,Week5,296.0 Tuckahoe - 106.0 Cardinal Hill
Chesterbrook,Week1,Daventry,Week4,382.0 Chesterbrook - 20.0 Daventry
Chesterbrook,Week4,Crosspointe,Week3,278.0 Chesterbrook - 124.0 Crosspointe
Chesterbrook,Week4,Truro,Week1,366.0 Chesterbrook - 36.0 Truro
Chesterbrook,Week5,Sully Station II,Week5,300.0 Chesterbrook - 102.0 Sully Station II
Chesterbrook,Week4,Truro,Week3,375.0 Chesterbrook - 27.0 Truro
Chesterbrook,Week2,Daventry,Week1,383.0 Chesterbrook - 19.0 Daventry
Chesterbrook,Week2,Oakton ,Week2,293.0 Chesterbrook - 109.0 Oakton
Chesterbrook,Week1,North Springfield,Week3,368.5 Chesterbrook - 28.5 North Springfield
Chesterbrook,Week1,Daventry,Week5,370.0 Chesterbrook - 32.0 Daventry
Chesterbrook,Week1,Crosspointe,Week4,275.0 Chesterbrook - 127.0 Crosspointe
Chesterbrook,Week5,Sully Station II,Week1,319.0 Chesterbrook - 83.0 Sully Station II
Cardinal Hill,Week4,Vienna Aquatic,Week1,237.0 Vienna Aquatic - 165.0 Cardinal Hill
Chesterbrook,Week5,North Springfield,Week4,376.0 Chesterbrook - 16.0 North Springfield
Cardinal Hill,Week1,Vienna Aquatic,Week1,226.0 Vienna Aquatic - 176.0 Cardinal Hill
Chesterbrook,Week1,Truro,Week1,353.0 Chesterbrook - 49.0 Truro
Cardinal Hill,Week4,Tuckahoe,Week3,317.5 Tuckahoe - 84.5 Cardinal Hill
Chesterbrook,Week1,Truro,Week2,358.0 Chesterbrook - 43.0 Truro
Chesterbrook,Week5,North Springfield,Week5,349.0 Chesterbrook - 25.0 North Springfield
Chesterbrook,Week4,Crosspointe,Week1,277.0 Chesterbrook - 125.0 Crosspointe
Cardinal Hill,Week3,Tuckahoe,Week2,278.0 Tuckahoe - 124.0 Cardinal Hill
Chesterbrook,Week2,Crosspointe,Week3,287.0 Chesterbrook - 115.0 Crosspointe
Cardinal Hill,Week5,Tuckahoe,Week4,315.5 Tuckahoe - 86.5 Cardinal Hill
Cardinal Hill,Week3,Vienna Aquatic,Week4,227.5 Vienna Aquatic - 174.5 Cardinal Hill
Cardinal Hill,Week2,Tuckahoe,Week5,316.0 Tuckahoe - 86.0 Cardinal Hill
Chesterbrook,Week2,North Springfield,Week2,374.0 Chesterbrook - 14.0 North Springfield
Chesterbrook,Week5,Newington Forest,Week5,377.0 Chesterbrook - 25.0 Newington Forest
Chesterbrook,Week5,Sully Station II,Week4,339.0 Chesterbrook - 63.0 Sully Station II
Chesterbrook,Week1,Oakton ,Week4,291.0 Chesterbrook - 111.0 Oakton
Chesterbrook,Week5,Crosspointe,Week2,297.0 Chesterbrook - 105.0 Crosspointe
Chesterbrook,Week4,Truro,Week2,381.0 Chesterbrook - 21.0 Truro
Chesterbrook,Week2,Crosspointe,Week2,283.0 Chesterbrook - 119.0 Crosspointe
Chesterbrook,Week3,North Springfield,Week2,380.0 Chesterbrook - 8.0 North Springfield
Cardinal Hill,Week5,Vienna Aquatic,Week2,248.0 Vienna Aquatic - 154.0 Cardinal Hill
Chesterbrook,Week3,Truro,Week2,380.0 Chesterbrook - 22.0 Truro
Cardinal Hill,Week2,Tuckahoe,Week2,307.5 Tuckahoe - 94.5 Cardinal Hill
Chesterbrook,Week1,North Springfield,Week4,366.0 Chesterbrook - 26.0 North Springfield
Chesterbrook,Week2,Crosspointe,Week5,256.0 Chesterbrook - 146.0 Crosspointe
Chesterbrook,Week1,North Springfield,Week5,343.0 Chesterbrook - 31.0 North Springfield
Chesterbrook,Week5,Truro,Week1,367.0 Chesterbrook - 35.0 Truro
Chesterbrook,Week2,North Springfield,Week1,341.0 Chesterbrook - 10.0 North Springfield
Chesterbrook,Week1,Crosspointe,Week2,289.0 Chesterbrook - 113.0 Crosspointe
Chesterbrook,Week3,Crosspointe,Week2,312.0 Chesterbrook - 90.0 Crosspointe
Cardinal Hill,Week1,Vienna Aquatic,Week5,260.0 Vienna Aquatic - 142.0 Cardinal Hill
Chesterbrook,Week3,Truro,Week1,364.5 Chesterbrook - 37.5 Truro
Chesterbrook,Week4,North Springfield,Week4,377.0 Chesterbrook - 15.0 North Springfield
Chesterbrook,Week5,Truro,Week5,369.5 Chesterbrook - 32.5 Truro
Cardinal Hill,Week5,Tuckahoe,Week3,316.0 Tuckahoe - 86.0 Cardinal Hill
Cardinal Hill,Week2,Vienna Aquatic,Week4,260.5 Vienna Aquatic - 141.5 Cardinal Hill
Chesterbrook,Week3,Truro,Week3,374.0 Chesterbrook - 28.0 Truro
Chesterbrook,Week5,North Springfield,Week1,341.0 Chesterbrook - 10.0 North Springfield
Chesterbrook,Week3,North Springfield,Week3,387.0 Chesterbrook - 10.0 North Springfield
Chesterbrook,Week5,Truro,Week3,374.0 Chesterbrook - 28.0 Truro
Chesterbrook,Week2,Truro,Week5,360.0 Chesterbrook - 42.0 Truro
Chesterbrook,Week5,Truro,Week4,366.0 Chesterbrook - 36.0 Truro
Cardinal Hill,Week4,Tuckahoe,Week1,298.0 Tuckahoe - 104.0 Cardinal Hill
Cardinal Hill,Week4,Tuckahoe,Week5,306.0 Tuckahoe - 96.0 Cardinal Hill
Chesterbrook,Week4,Crosspointe,Week4,285.0 Chesterbrook - 117.0 Crosspointe
Chesterbrook,Week1,North Springfield,Week2,365.0 Chesterbrook - 23.0 North Springfield
Chesterbrook,Week4,Crosspointe,Week2,291.0 Chesterbrook - 111.0 Crosspointe
Chesterbrook,Week3,Truro,Week5,370.0 Chesterbrook - 32.0 Truro
Chesterbrook,Week3,Crosspointe,Week3,300.0 Chesterbrook - 102.0 Crosspointe
Chesterbrook,Week4,Crosspointe,Week5,260.0 Chesterbrook - 142.0 Crosspointe
Cardinal Hill,Week2,Tuckahoe,Week3,321.0 Tuckahoe - 81.0 Cardinal Hill
Cardinal Hill,Week5,Vienna Aquatic,Week5,270.5 Vienna Aquatic - 131.5 Cardinal Hill
Cardinal Hill,Week3,Tuckahoe,Week1,275.5 Tuckahoe - 126.5 Cardinal Hill
Chesterbrook,Week1,Crosspointe,Week3,265.0 Chesterbrook - 132.0 Crosspointe
Chesterbrook,Week1,Truro,Week3,361.0 Chesterbrook - 41.0 Truro
Chesterbrook,Week4,Truro,Week4,366.0 Chesterbrook - 36.0 Truro
Chesterbrook,Week3,North Springfield,Week4,382.0 Chesterbrook - 10.0 North Springfield
Cardinal Hill,Week5,Walden Glen,Week3,287.0 Cardinal Hill - 115.0 Walden Glen
Cardinal Hill,Week1,Waynewood,Week4,225.0 Cardinal Hill - 177.0 Waynewood
Cardinal Hill,Week5,Waynewood,Week1,211.0 Cardinal Hill - 191.0 Waynewood
Chesterbrook,Week1,Oakton ,Week1,288.0 Chesterbrook - 114.0 Oakton
Chesterbrook,Week2,Truro,Week1,360.0 Chesterbrook - 42.0 Truro
Chesterbrook,Week4,North Springfield,Week5,347.0 Chesterbrook - 27.0 North Springfield
Cardinal Hill,Week5,Tuckahoe,Week1,282.0 Tuckahoe - 120.0 Cardinal Hill
Cardinal Hill,Week2,Waynewood,Week2,212.0 Waynewood - 190.0 Cardinal Hill
Chesterbrook,Week3,Crosspointe,Week1,303.5 Chesterbrook - 98.5 Crosspointe
Cardinal Hill,Week3,Tuckahoe,Week3,303.0 Tuckahoe - 99.0 Cardinal Hill
Cardinal Hill,Week2,Tuckahoe,Week4,329.0 Tuckahoe - 73.0 Cardinal Hill
Chesterbrook,Week4,Truro,Week5,365.0 Chesterbrook - 37.0 Truro
Chesterbrook,Week1,Tuckahoe,Week3,235.0 Tuckahoe - 167.0 Chesterbrook
Chesterbrook,Week5,Crosspointe,Week1,280.0 Chesterbrook - 122.0 Crosspointe
Chesterbrook,Week5,Crosspointe,Week4,282.0 Chesterbrook - 120.0 Crosspointe
Chesterbrook,Week5,North Springfield,Week3,380.0 Chesterbrook - 17.0 North Springfield
Cardinal Hill,Week4,Tuckahoe,Week2,309.0 Tuckahoe - 93.0 Cardinal Hill
Chesterbrook,Week3,North Springfield,Week5,358.0 Chesterbrook - 16.0 North Springfield
Chesterbrook,Week1,Tuckahoe,Week1,231.5 Chesterbrook - 170.5 Tuckahoe
Chesterbrook,Week2,Crosspointe,Week4,291.0 Chesterbrook - 111.0 Crosspointe
Chesterbrook,Week3,Crosspointe,Week4,301.0 Chesterbrook - 101.0 Crosspointe
Cardinal Hill,Week1,Vienna Aquatic,Week2,234.0 Vienna Aquatic - 168.0 Cardinal Hill
Chesterbrook,Week2,Oakton ,Week1,309.0 Chesterbrook - 93.0 Oakton
Chesterbrook,Week1,Tuckahoe,Week5,203.0 Tuckahoe - 199.0 Chesterbrook
Cardinal Hill,Week2,Vienna Aquatic,Week1,270.0 Vienna Aquatic - 132.0 Cardinal Hill
Cardinal Hill,Week1,Vienna Aquatic,Week3,242.0 Vienna Aquatic - 160.0 Cardinal Hill
Chesterbrook,Week2,Truro,Week2,367.0 Chesterbrook - 35.0 Truro
Chesterbrook,Week2,Oakton ,Week5,285.5 Chesterbrook - 116.5 Oakton
Chesterbrook,Week3,Daventry,Week1,385.0 Chesterbrook - 17.0 Daventry
Chesterbrook,Week5,Truro,Week2,373.0 Chesterbrook - 29.0 Truro
Cardinal Hill,Week2,Waynewood,Week3,243.0 Waynewood - 159.0 Cardinal Hill
Chesterbrook,Week2,Old Keene Mill,Week5,359.0 Chesterbrook - 43.0 Old Keene Mill
Cardinal Hill,Week3,Vienna Aquatic,Week2,225.0 Vienna Aquatic - 177.0 Cardinal Hill
Cardinal Hill,Week2,Waynewood,Week5,241.5 Waynewood - 160.5 Cardinal Hill
Cardinal Hill,Week4,Waynewood,Week2,210.0 Waynewood - 192.0 Cardinal Hill
Cardinal Hill,Week3,Vienna Aquatic,Week5,258.0 Vienna Aquatic - 144.0 Cardinal Hill
Chesterbrook,Week2,Oakton ,Week3,305.0 Chesterbrook - 97.0 Oakton
Chesterbrook,Week1,Daventry,Week3,374.0 Chesterbrook - 28.0 Daventry
Cardinal Hill,Week1,Waynewood,Week2,213.0 Cardinal Hill - 189.0 Waynewood
Cardinal Hill,Week2,Vienna Aquatic,Week3,272.0 Vienna Aquatic - 130.0 Cardinal Hill
Chesterbrook,Week2,Truro,Week3,371.0 Chesterbrook - 31.0 Truro
Cardinal Hill,Week3,Vienna Aquatic,Week1,225.0 Vienna Aquatic - 177.0 Cardinal Hill
Chesterbrook,Week1,Truro,Week5,353.0 Chesterbrook - 49.0 Truro
Cardinal Hill,Week5,Walden Glen,Week5,250.0 Cardinal Hill - 151.0 Walden Glen
Chesterbrook,Week1,Tuckahoe,Week4,226.5 Tuckahoe - 175.5 Chesterbrook
Chesterbrook,Week1,Oakton ,Week3,289.0 Chesterbrook - 108.0 Oakton
Chesterbrook,Week4,Oakton ,Week1,302.0 Chesterbrook - 100.0 Oakton
Chesterbrook,Week1,Tuckahoe,Week2,209.0 Chesterbrook - 193.0 Tuckahoe
Chesterbrook,Week1,Daventry,Week2,375.0 Chesterbrook - 27.0 Daventry
Chesterbrook,Week2,Old Keene Mill,Week4,373.0 Chesterbrook - 29.0 Old Keene Mill
Chesterbrook,Week2,Dominion Hills,Week5,327.0 Chesterbrook - 75.0 Dominion Hills
Cardinal Hill,Week5,Walden Glen,Week2,283.0 Cardinal Hill - 118.0 Walden Glen
Chesterbrook,Week5,Daventry,Week3,383.0 Chesterbrook - 19.0 Daventry
Cardinal Hill,Week3,Vienna Aquatic,Week3,234.0 Vienna Aquatic - 168.0 Cardinal Hill
Chesterbrook,Week1,Dominion Hills,Week3,356.0 Chesterbrook - 46.0 Dominion Hills
Cardinal Hill,Week5,Walden Glen,Week1,293.0 Cardinal Hill - 109.0 Walden Glen
Chesterbrook,Week4,Daventry,Week3,379.0 Chesterbrook - 23.0 Daventry
Chesterbrook,Week1,Oakton ,Week2,272.5 Chesterbrook - 129.5 Oakton
Chesterbrook,Week3,Vienna Aquatic,Week1,312.0 Chesterbrook - 90.0 Vienna Aquatic
Chesterbrook,Week5,Daventry,Week5,381.0 Chesterbrook - 21.0 Daventry
Cardinal Hill,Week4,Vienna Aquatic,Week2,258.0 Vienna Aquatic - 144.0 Cardinal Hill
Cardinal Hill,Week3,Waynewood,Week3,211.0 Cardinal Hill - 191.0 Waynewood
Cardinal Hill,Week4,Vienna Aquatic,Week3,254.0 Vienna Aquatic - 148.0 Cardinal Hill
Cardinal Hill,Week1,Waynewood,Week1,229.0 Cardinal Hill - 173.0 Waynewood
Cardinal Hill,Week5,Walden Glen,Week4,258.0 Cardinal Hill - 143.0 Walden Glen
Chesterbrook,Week2,Vienna Aquatic,Week1,269.0 Chesterbrook - 133.0 Vienna Aquatic
Chesterbrook,Week3,Old Keene Mill,Week1,379.0 Chesterbrook - 23.0 Old Keene Mill
Cardinal Hill,Week5,Vienna Aquatic,Week1,240.0 Vienna Aquatic - 162.0 Cardinal Hill
Chesterbrook,Week4,Daventry,Week1,387.0 Chesterbrook - 15.0 Daventry
Chesterbrook,Week4,Dominion Hills,Week2,352.0 Chesterbrook - 50.0 Dominion Hills
Cardinal Hill,Week5,Vienna Aquatic,Week3,252.0 Vienna Aquatic - 150.0 Cardinal Hill
Cardinal Hill,Week4,Vienna Aquatic,Week4,241.0 Vienna Aquatic - 161.0 Cardinal Hill
Chesterbrook,Week2,Vienna Aquatic,Week3,269.0 Chesterbrook - 133.0 Vienna Aquatic
Cardinal Hill,Week3,Waynewood,Week1,246.0 Cardinal Hill - 156.0 Waynewood
Chesterbrook,Week3,Oakton ,Week1,313.0 Chesterbrook - 89.0 Oakton
Chesterbrook,Week1,Old Keene Mill,Week1,360.0 Chesterbrook - 42.0 Old Keene Mill
Chesterbrook,Week5,Oakton ,Week2,279.0 Chesterbrook - 123.0 Oakton
Cardinal Hill,Week2,Waynewood,Week1,202.5 Waynewood - 199.5 Cardinal Hill
Chesterbrook,Week4,Dominion Hills,Week4,349.0 Chesterbrook - 53.0 Dominion Hills
Chesterbrook,Week3,Old Keene Mill,Week3,374.0 Chesterbrook - 28.0 Old Keene Mill
Cardinal Hill,Week1,Waynewood,Week3,208.0 Waynewood - 194.0 Cardinal Hill
Cardinal Hill,Week5,Vienna Aquatic,Week4,244.0 Vienna Aquatic - 158.0 Cardinal Hill
Chesterbrook,Week4,Oakton ,Week3,294.0 Chesterbrook - 108.0 Oakton
Chesterbrook,Week3,Dominion Hills,Week2,362.0 Chesterbrook - 40.0 Dominion Hills
Chesterbrook,Week1,Dominion Hills,Week1,350.0 Chesterbrook - 52.0 Dominion Hills
Chesterbrook,Week5,Daventry,Week4,391.0 Chesterbrook - 11.0 Daventry
Cardinal Hill,Week1,Vienna Woods,Week1,250.0 Vienna Woods - 152.0 Cardinal Hill
Chesterbrook,Week5,Oakton ,Week1,305.0 Chesterbrook - 97.0 Oakton
Chesterbrook,Week1,Vienna Aquatic,Week4,264.5 Chesterbrook - 132.5 Vienna Aquatic
Chesterbrook,Week3,Tuckahoe,Week3,209.0 Chesterbrook - 193.0 Tuckahoe
Cardinal Hill,Week3,Waynewood,Week5,219.0 Cardinal Hill - 183.0 Waynewood
Chesterbrook,Week2,Truro,Week4,366.0 Chesterbrook - 36.0 Truro
Chesterbrook,Week3,Truro,Week4,370.0 Chesterbrook - 32.0 Truro
Cardinal Hill,Week2,Waynewood,Week4,224.0 Waynewood - 178.0 Cardinal Hill
Chesterbrook,Week4,Tuckahoe,Week4,220.0 Tuckahoe - 182.0 Chesterbrook
Chesterbrook,Week3,Old Keene Mill,Week2,375.0 Chesterbrook - 27.0 Old Keene Mill
Chesterbrook,Week1,Dominion Hills,Week2,328.5 Chesterbrook - 73.5 Dominion Hills
Cardinal Hill,Week4,Vienna Aquatic,Week5,273.0 Vienna Aquatic - 129.0 Cardinal Hill
Chesterbrook,Week5,Oakton ,Week4,298.0 Chesterbrook - 104.0 Oakton
Cardinal Hill,Week1,Vienna Woods,Week3,251.0 Vienna Woods - 151.0 Cardinal Hill
Chesterbrook,Week2,Daventry,Week3,379.5 Chesterbrook - 22.5 Daventry
Chesterbrook,Week3,Daventry,Week3,385.0 Chesterbrook - 17.0 Daventry
Chesterbrook,Week4,Daventry,Week5,379.0 Chesterbrook - 23.0 Daventry
Chesterbrook,Week4,Oakton ,Week5,285.5 Chesterbrook - 116.5 Oakton
Chesterbrook,Week3,Oakton ,Week4,318.0 Chesterbrook - 84.0 Oakton
Cardinal Hill,Week1,Vienna Woods,Week5,283.0 Vienna Woods - 119.0 Cardinal Hill
Cardinal Hill,Week4,Waynewood,Week3,223.0 Waynewood - 179.0 Cardinal Hill
Cardinal Hill,Week1,Vienna Woods,Week2,241.0 Vienna Woods - 161.0 Cardinal Hill
Chesterbrook,Week3,Daventry,Week5,382.0 Chesterbrook - 20.0 Daventry
Cardinal Hill,Week1,Waynewood,Week5,222.0 Waynewood - 180.0 Cardinal Hill
Chesterbrook,Week3,Vienna Aquatic,Week3,305.0 Chesterbrook - 97.0 Vienna Aquatic
Cardinal Hill,Week4,Waynewood,Week4,202.0 Waynewood - 200.0 Cardinal Hill
Chesterbrook,Week5,Tuckahoe,Week5,220.0 Chesterbrook - 182.0 Tuckahoe
Cardinal Hill,Week2,Vienna Woods,Week2,273.0 Vienna Woods - 129.0 Cardinal Hill
Chesterbrook,Week3,Tuckahoe,Week1,284.0 Chesterbrook - 118.0 Tuckahoe
Chesterbrook,Week5,Oakton ,Week5,289.0 Chesterbrook - 113.0 Oakton
Cardinal Hill,Week3,Waynewood,Week2,238.0 Cardinal Hill - 164.0 Waynewood
Cardinal Hill,Week1,Vienna Woods,Week4,223.0 Vienna Woods - 179.0 Cardinal Hill
Chesterbrook,Week2,Daventry,Week5,376.0 Chesterbrook - 26.0 Daventry
Chesterbrook,Week5,Tuckahoe,Week4,207.0 Tuckahoe - 195.0 Chesterbrook
Cardinal Hill,Week4,Waynewood,Week1,214.0 Cardinal Hill - 188.0 Waynewood
Chesterbrook,Week2,Tuckahoe,Week4,222.0 Tuckahoe - 180.0 Chesterbrook
Cardinal Hill,Week5,Woodley,Week4,306.0 Cardinal Hill - 96.0 Woodley
Chesterbrook,Week5,Tuckahoe,Week2,233.0 Chesterbrook - 169.0 Tuckahoe
Cardinal Hill,Week4,Woodley,Week3,324.0 Cardinal Hill - 78.0 Woodley
Chesterbrook,Week1,Dominion Hills,Week4,335.0 Chesterbrook - 62.0 Dominion Hills
Chesterbrook,Week5,Tuckahoe,Week3,221.0 Tuckahoe - 181.0 Chesterbrook
Chesterbrook,Week2,Dominion Hills,Week4,349.0 Chesterbrook - 53.0 Dominion Hills
Chesterbrook,Week4,Tuckahoe,Week2,226.0 Chesterbrook - 176.0 Tuckahoe
Chesterbrook,Week2,Tuckahoe,Week5,209.0 Tuckahoe - 193.0 Chesterbrook
Chesterbrook,Week3,Tuckahoe,Week4,223.0 Chesterbrook - 179.0 Tuckahoe
Chesterbrook,Week2,Old Keene Mill,Week1,375.0 Chesterbrook - 27.0 Old Keene Mill
Chesterbrook,Week1,Old Keene Mill,Week2,357.0 Chesterbrook - 45.0 Old Keene Mill
Chesterbrook,Week1,Annandale,Week1,362.0 Chesterbrook - 40.0 Annandale
Chesterbrook,Week5,Daventry,Week2,386.0 Chesterbrook - 15.0 Daventry
Cardinal Hill,Week2,Vienna Woods,Week4,257.0 Vienna Woods - 140.0 Cardinal Hill
Chesterbrook,Week5,Daventry,Week1,387.0 Chesterbrook - 15.0 Daventry
Chesterbrook,Week4,Tuckahoe,Week5,207.0 Chesterbrook - 195.0 Tuckahoe
Chesterbrook,Week2,Daventry,Week4,391.0 Chesterbrook - 11.0 Daventry
Cardinal Hill,Week1,Woodley,Week1,319.0 Cardinal Hill - 83.0 Woodley
Cardinal Hill,Week4,Waynewood,Week5,219.0 Waynewood - 183.0 Cardinal Hill
Cardinal Hill,Week2,Vienna Woods,Week1,276.5 Vienna Woods - 125.5 Cardinal Hill
Chesterbrook,Week4,Oakton ,Week4,295.0 Chesterbrook - 107.0 Oakton
Chesterbrook,Week5,Tuckahoe,Week1,243.0 Chesterbrook - 159.0 Tuckahoe
Chesterbrook,Week2,Dominion Hills,Week3,368.0 Chesterbrook - 34.0 Dominion Hills
Cardinal Hill,Week2,Vienna Woods,Week3,272.0 Vienna Woods - 130.0 Cardinal Hill
Chesterbrook,Week2,Tuckahoe,Week2,224.0 Chesterbrook - 178.0 Tuckahoe
Cardinal Hill,Week3,Waynewood,Week4,237.0 Cardinal Hill - 165.0 Waynewood
Chesterbrook,Week4,Daventry,Week2,383.0 Chesterbrook - 19.0 Daventry
Cardinal Hill,Week5,Woodley,Week2,302.0 Cardinal Hill - 99.0 Woodley
Chesterbrook,Week3,Daventry,Week2,388.0 Chesterbrook - 14.0 Daventry
Chesterbrook,Week4,Oakton ,Week2,279.0 Chesterbrook - 123.0 Oakton
Chesterbrook,Week3,Oakton ,Week2,308.0 Chesterbrook - 94.0 Oakton
Chesterbrook,Week5,Oakton ,Week3,289.0 Chesterbrook - 113.0 Oakton
Chesterbrook,Week1,Old Keene Mill,Week4,358.0 Chesterbrook - 44.0 Old Keene Mill
Chesterbrook,Week2,Old Keene Mill,Week2,372.0 Chesterbrook - 30.0 Old Keene Mill
Cardinal Hill,Week4,Walden Glen,Week5,251.0 Cardinal Hill - 151.0 Walden Glen
Chesterbrook,Week3,Tuckahoe,Week2,264.0 Chesterbrook - 138.0 Tuckahoe
Cardinal Hill,Week5,Waynewood,Week4,207.0 Cardinal Hill - 195.0 Waynewood
Cardinal Hill,Week2,Woodley,Week4,307.0 Cardinal Hill - 95.0 Woodley
Cardinal Hill,Week4,Woodley,Week5,314.0 Cardinal Hill - 88.0 Woodley
Chesterbrook,Week1,Old Keene Mill,Week5,348.0 Chesterbrook - 54.0 Old Keene Mill
Chesterbrook,Week4,Pinewood Lake,Week3,396.0 Chesterbrook - 5.0 Pinewood Lake
Chesterbrook,Week3,Dominion Hills,Week3,378.0 Chesterbrook - 24.0 Dominion Hills
Chesterbrook,Week5,Pinecrest,Week5,308.0 Chesterbrook - 94.0 Pinecrest
Chesterbrook,Week4,Pinecrest,Week3,293.0 Chesterbrook - 109.0 Pinecrest
Chesterbrook,Week1,Old Keene Mill,Week3,356.0 Chesterbrook - 46.0 Old Keene Mill
Chesterbrook,Week3,Oakton ,Week5,308.5 Chesterbrook - 93.5 Oakton
Cardinal Hill,Week2,Woodley,Week3,316.0 Cardinal Hill - 86.0 Woodley
Chesterbrook,Week2,Pinewood Lake,Week5,388.0 Chesterbrook - 14.0 Pinewood Lake
Chesterbrook,Week4,Daventry,Week4,395.0 Chesterbrook - 7.0 Daventry
Cardinal Hill,Week5,Waynewood,Week5,209.0 Waynewood - 193.0 Cardinal Hill
Chesterbrook,Week3,Daventry,Week4,393.0 Chesterbrook - 9.0 Daventry
Cardinal Hill,Week3,Woodley,Week2,331.0 Cardinal Hill - 71.0 Woodley
Cardinal Hill,Week3,Woodley,Week1,328.0 Cardinal Hill - 74.0 Woodley
Chesterbrook,Week3,Oakton ,Week3,314.0 Chesterbrook - 88.0 Oakton
Chesterbrook,Week1,Vienna Aquatic,Week1,265.0 Chesterbrook - 137.0 Vienna Aquatic
Chesterbrook,Week2,Dominion Hills,Week1,365.0 Chesterbrook - 37.0 Dominion Hills
Chesterbrook,Week1,Dominion Hills,Week5,323.0 Chesterbrook - 79.0 Dominion Hills
Chesterbrook,Week2,Tuckahoe,Week3,231.0 Tuckahoe - 171.0 Chesterbrook
Chesterbrook,Week2,Orange Hunt,Week4,327.0 Chesterbrook - 75.0 Orange Hunt
Chesterbrook,Week4,Tuckahoe,Week3,225.0 Tuckahoe - 177.0 Chesterbrook
Chesterbrook,Week4,Pinecrest,Week2,293.0 Chesterbrook - 109.0 Pinecrest
Chesterbrook,Week2,Tuckahoe,Week1,240.0 Chesterbrook - 162.0 Tuckahoe
Chesterbrook,Week3,Dominion Hills,Week5,351.0 Chesterbrook - 51.0 Dominion Hills
Chesterbrook,Week3,Orange Hunt,Week1,347.0 Chesterbrook - 55.0 Orange Hunt
Cardinal Hill,Week3,Woodley,Week5,329.0 Cardinal Hill - 73.0 Woodley
Cardinal Hill,Week1,Woodley,Week4,324.0 Cardinal Hill - 78.0 Woodley
Chesterbrook,Week1,Vienna Aquatic,Week3,256.0 Chesterbrook - 146.0 Vienna Aquatic
Chesterbrook,Week3,Pinewood Lake,Week5,394.0 Chesterbrook - 8.0 Pinewood Lake
Chesterbrook,Week4,Tuckahoe,Week1,240.0 Chesterbrook - 162.0 Tuckahoe
Chesterbrook,Week1,Orange Hunt,Week5,299.0 Chesterbrook - 103.0 Orange Hunt
Chesterbrook,Week2,Old Keene Mill,Week3,371.5 Chesterbrook - 30.5 Old Keene Mill
Chesterbrook,Week2,Dominion Hills,Week2,348.0 Chesterbrook - 54.0 Dominion Hills
Chesterbrook,Week3,Tuckahoe,Week5,259.5 Chesterbrook - 142.5 Tuckahoe
Chesterbrook,Week1,Orange Hunt,Week3,302.0 Chesterbrook - 100.0 Orange Hunt
Chesterbrook,Week1,Vienna Aquatic,Week2,254.0 Chesterbrook - 148.0 Vienna Aquatic
Chesterbrook,Week3,Dominion Hills,Week1,375.0 Chesterbrook - 27.0 Dominion Hills
Chesterbrook,Week5,Pinewood Lake,Week1,388.0 Chesterbrook - 14.0 Pinewood Lake
Chesterbrook,Week5,Old Keene Mill,Week5,361.0 Chesterbrook - 41.0 Old Keene Mill
Chesterbrook,Week4,Dominion Hills,Week1,365.0 Chesterbrook - 37.0 Dominion Hills
Cardinal Hill,Week5,Woodley,Week1,309.0 Cardinal Hill - 93.0 Woodley
Chesterbrook,Week1,Donaldson Run,Week2,269.0 Chesterbrook - 133.0 Donaldson Run
Chesterbrook,Week2,Vienna Aquatic,Week2,271.0 Chesterbrook - 131.0 Vienna Aquatic
Chesterbrook,Week2,Vienna Aquatic,Week4,289.0 Chesterbrook - 113.0 Vienna Aquatic
Chesterbrook,Week4,Old Keene Mill,Week5,365.0 Chesterbrook - 37.0 Old Keene Mill
Chesterbrook,Week5,Old Keene Mill,Week1,378.0 Chesterbrook - 24.0 Old Keene Mill
Cardinal Hill,Week1,Woodley,Week5,316.0 Cardinal Hill - 86.0 Woodley
Chesterbrook,Week5,Pinewood Lake,Week5,389.0 Chesterbrook - 13.0 Pinewood Lake
Cardinal Hill,Week2,Woodley,Week1,294.0 Cardinal Hill - 108.0 Woodley
Chesterbrook,Week1,Pinewood Lake,Week4,389.0 Chesterbrook - 8.0 Pinewood Lake
Cardinal Hill,Week3,Woodley,Week3,335.0 Cardinal Hill - 67.0 Woodley
Chesterbrook,Week4,Orange Hunt,Week2,310.0 Chesterbrook - 92.0 Orange Hunt
Chesterbrook,Week3,Dominion Hills,Week4,365.0 Chesterbrook - 37.0 Dominion Hills
Chesterbrook,Week4,Pinecrest,Week4,300.0 Chesterbrook - 102.0 Pinecrest
Chesterbrook,Week4,Dominion Hills,Week3,374.0 Chesterbrook - 28.0 Dominion Hills
Chesterbrook,Week1,Vienna Aquatic,Week5,233.0 Chesterbrook - 169.0 Vienna Aquatic
Chesterbrook,Week1,Pinewood Lake,Week5,383.0 Chesterbrook - 14.0 Pinewood Lake
Chesterbrook,Week2,Donaldson Run,Week2,279.0 Chesterbrook - 123.0 Donaldson Run
Cardinal Hill,Week1,Woodley,Week2,317.0 Cardinal Hill - 85.0 Woodley
Chesterbrook,Week2,Vienna Aquatic,Week5,237.0 Chesterbrook - 165.0 Vienna Aquatic
Chesterbrook,Week5,Old Keene Mill,Week2,370.0 Chesterbrook - 32.0 Old Keene Mill
Chesterbrook,Week3,Vienna Aquatic,Week2,309.0 Chesterbrook - 93.0 Vienna Aquatic
Chesterbrook,Week5,Dominion Hills,Week3,371.0 Chesterbrook - 31.0 Dominion Hills
Chesterbrook,Week5,Orange Hunt,Week4,329.0 Chesterbrook - 73.0 Orange Hunt
Cardinal Hill,Week4,Woodley,Week1,317.0 Cardinal Hill - 85.0 Woodley
Chesterbrook,Week2,Vienna Woods,Week3,280.0 Chesterbrook - 122.0 Vienna Woods
Chesterbrook,Week4,Old Keene Mill,Week2,366.5 Chesterbrook - 35.5 Old Keene Mill
Chesterbrook,Week4,Vienna Woods,Week3,267.0 Chesterbrook - 135.0 Vienna Woods
Cardinal Hill,Week1,Woodley,Week3,328.0 Cardinal Hill - 74.0 Woodley
Chesterbrook,Week3,Pinewood Lake,Week3,401.0 Chesterbrook - 1.0 Pinewood Lake
Chesterbrook,Week5,Pinecrest,Week2,310.0 Chesterbrook - 92.0 Pinecrest
Chesterbrook,Week3,Vienna Aquatic,Week5,255.0 Chesterbrook - 147.0 Vienna Aquatic
Chesterbrook,Week4,Donaldson Run,Week5,270.0 Chesterbrook - 132.0 Donaldson Run
Chesterbrook,Week4,Donaldson Run,Week3,292.0 Chesterbrook - 110.0 Donaldson Run
Chesterbrook,Week3,Old Keene Mill,Week4,375.0 Chesterbrook - 27.0 Old Keene Mill
Chesterbrook,Week4,Old Keene Mill,Week3,369.0 Chesterbrook - 33.0 Old Keene Mill
Cardinal Hill,Week2,Woodley,Week2,308.0 Cardinal Hill - 94.0 Woodley
Chesterbrook,Week2,Pinewood Lake,Week4,399.0 Chesterbrook - 3.0 Pinewood Lake
Cardinal Hill,Week2,Woodley,Week5,295.0 Cardinal Hill - 107.0 Woodley
Chesterbrook,Week5,Donaldson Run,Week1,303.0 Chesterbrook - 99.0 Donaldson Run
Chesterbrook,Week3,Orange Hunt,Week4,338.0 Chesterbrook - 64.0 Orange Hunt
Cardinal Hill,Week5,Waynewood,Week3,219.0 Waynewood - 183.0 Cardinal Hill
Chesterbrook,Week2,Donaldson Run,Week3,272.5 Chesterbrook - 129.5 Donaldson Run
Cardinal Hill,Week5,Waynewood,Week2,206.0 Cardinal Hill - 196.0 Waynewood
Chesterbrook,Week5,Pinecrest,Week1,321.0 Chesterbrook - 81.0 Pinecrest
Chesterbrook,Week3,Vienna Woods,Week1,304.0 Chesterbrook - 98.0 Vienna Woods
Chesterbrook,Week3,Vienna Woods,Week3,296.0 Chesterbrook - 106.0 Vienna Woods
Chesterbrook,Week5,Pinecrest,Week4,302.0 Chesterbrook - 100.0 Pinecrest
Cardinal Hill,Week4,Woodley,Week2,315.0 Cardinal Hill - 87.0 Woodley
Chesterbrook,Week5,Orange Hunt,Week3,319.5 Chesterbrook - 82.5 Orange Hunt
Chesterbrook,Week4,Pinewood Lake,Week1,386.0 Chesterbrook - 15.0 Pinewood Lake
Chesterbrook,Week4,Donaldson Run,Week4,278.0 Chesterbrook - 124.0 Donaldson Run
Chesterbrook,Week3,Pinewood Lake,Week1,397.0 Chesterbrook - 5.0 Pinewood Lake
Chesterbrook,Week2,Vienna Woods,Week1,262.0 Chesterbrook - 140.0 Vienna Woods
Chesterbrook,Week4,Donaldson Run,Week2,288.0 Chesterbrook - 114.0 Donaldson Run
Chesterbrook,Week3,Orange Hunt,Week3,340.0 Chesterbrook - 62.0 Orange Hunt
Chesterbrook,Week3,Donaldson Run,Week3,300.0 Chesterbrook - 102.0 Donaldson Run
Chesterbrook,Week1,Annandale,Week5,354.0 Chesterbrook - 48.0 Annandale
Chesterbrook,Week5,Dominion Hills,Week1,367.0 Chesterbrook - 35.0 Dominion Hills
Chesterbrook,Week5,Vienna Aquatic,Week3,271.0 Chesterbrook - 131.0 Vienna Aquatic
Chesterbrook,Week3,Donaldson Run,Week2,309.0 Chesterbrook - 93.0 Donaldson Run
Chesterbrook,Week2,Pinewood Lake,Week3,397.0 Chesterbrook - 4.0 Pinewood Lake
Chesterbrook,Week5,Pinewood Lake,Week2,393.0 Chesterbrook - 9.0 Pinewood Lake
Chesterbrook,Week5,Vienna Aquatic,Week5,239.0 Chesterbrook - 163.0 Vienna Aquatic
Chesterbrook,Week1,Orange Hunt,Week4,318.0 Chesterbrook - 79.0 Orange Hunt
Chesterbrook,Week1,Pinewood Lake,Week1,382.0 Chesterbrook - 15.0 Pinewood Lake
Chesterbrook,Week1,Annandale,Week4,372.0 Chesterbrook - 30.0 Annandale
Chesterbrook,Week1,Orange Hunt,Week1,313.0 Chesterbrook - 89.0 Orange Hunt
Chesterbrook,Week1,Vienna Woods,Week3,264.5 Chesterbrook - 137.5 Vienna Woods
Chesterbrook,Week4,Vienna Aquatic,Week1,286.0 Chesterbrook - 116.0 Vienna Aquatic
Cardinal Hill,Week3,Woodley,Week4,335.0 Cardinal Hill - 67.0 Woodley
Chesterbrook,Week1,Annandale,Week3,358.0 Chesterbrook - 44.0 Annandale
Cardinal Hill,Week4,Woodley,Week4,316.0 Cardinal Hill - 86.0 Woodley
Chesterbrook,Week1,Donaldson Run,Week3,269.0 Chesterbrook - 133.0 Donaldson Run
Chesterbrook,Week5,Old Keene Mill,Week4,376.0 Chesterbrook - 26.0 Old Keene Mill
Chesterbrook,Week5,Old Keene Mill,Week3,369.0 Chesterbrook - 33.0 Old Keene Mill
Chesterbrook,Week1,Annandale,Week2,363.0 Chesterbrook - 39.0 Annandale
Cardinal Hill,Week5,Woodley,Week3,309.0 Cardinal Hill - 93.0 Woodley
Chesterbrook,Week5,Dominion Hills,Week5,341.0 Chesterbrook - 61.0 Dominion Hills
Chesterbrook,Week2,Pinewood Lake,Week1,389.0 Chesterbrook - 12.0 Pinewood Lake
Chesterbrook,Week5,Vienna Aquatic,Week4,287.0 Chesterbrook - 115.0 Vienna Aquatic
Chesterbrook,Week4,Vienna Aquatic,Week5,247.0 Chesterbrook - 155.0 Vienna Aquatic
Chesterbrook,Week1,Orange Hunt,Week2,306.0 Chesterbrook - 96.0 Orange Hunt
Chesterbrook,Week4,Vienna Woods,Week1,264.5 Chesterbrook - 137.5 Vienna Woods
Chesterbrook,Week3,Old Keene Mill,Week5,371.0 Chesterbrook - 31.0 Old Keene Mill
Chesterbrook,Week5,Vienna Aquatic,Week1,286.0 Chesterbrook - 116.0 Vienna Aquatic
Chesterbrook,Week4,Old Keene Mill,Week1,378.0 Chesterbrook - 24.0 Old Keene Mill
Chesterbrook,Week5,Dominion Hills,Week4,347.0 Chesterbrook - 55.0 Dominion Hills
Chesterbrook,Week2,Donaldson Run,Week5,262.0 Chesterbrook - 140.0 Donaldson Run
Chesterbrook,Week3,Pinewood Lake,Week2,397.0 Chesterbrook - 5.0 Pinewood Lake
Chesterbrook,Week4,Vienna Woods,Week4,291.0 Chesterbrook - 111.0 Vienna Woods
Chesterbrook,Week2,Donaldson Run,Week1,289.5 Chesterbrook - 112.5 Donaldson Run
Chesterbrook,Week4,Pinecrest,Week5,308.0 Chesterbrook - 94.0 Pinecrest
Chesterbrook,Week1,Pinewood Lake,Week3,389.0 Chesterbrook - 8.0 Pinewood Lake
Chesterbrook,Week4,Pinewood Lake,Week4,399.0 Chesterbrook - 2.0 Pinewood Lake
Cardinal Hill,Week5,Woodley,Week5,305.5 Cardinal Hill - 95.5 Woodley
Chesterbrook,Week2,Orange Hunt,Week2,325.0 Chesterbrook - 77.0 Orange Hunt
Chesterbrook,Week2,Annandale,Week2,369.0 Chesterbrook - 33.0 Annandale
Chesterbrook,Week3,Donaldson Run,Week1,318.0 Chesterbrook - 84.0 Donaldson Run
Chesterbrook,Week3,Donaldson Run,Week5,283.0 Chesterbrook - 119.0 Donaldson Run
Chesterbrook,Week3,Donaldson Run,Week4,297.0 Chesterbrook - 105.0 Donaldson Run
Chesterbrook,Week2,Annandale,Week1,374.0 Chesterbrook - 28.0 Annandale
Chesterbrook,Week5,Pinecrest,Week3,296.5 Chesterbrook - 105.5 Pinecrest
Chesterbrook,Week4,Vienna Aquatic,Week2,277.0 Chesterbrook - 125.0 Vienna Aquatic
Chesterbrook,Week4,Pinewood Lake,Week2,391.0 Chesterbrook - 10.0 Pinewood Lake
Chesterbrook,Week5,Annandale,Week4,380.0 Chesterbrook - 22.0 Annandale
Chesterbrook,Week2,Vienna Woods,Week2,274.0 Chesterbrook - 128.0 Vienna Woods
Chesterbrook,Week2,Annandale,Week3,363.0 Chesterbrook - 39.0 Annandale
Chesterbrook,Week4,Old Keene Mill,Week4,370.0 Chesterbrook - 32.0 Old Keene Mill
Chesterbrook,Week1,Donaldson Run,Week4,265.0 Chesterbrook - 137.0 Donaldson Run
Chesterbrook,Week2,Orange Hunt,Week3,322.0 Chesterbrook - 80.0 Orange Hunt
Chesterbrook,Week2,Pinewood Lake,Week2,390.0 Chesterbrook - 12.0 Pinewood Lake
Chesterbrook,Week1,Vienna Woods,Week2,276.0 Chesterbrook - 126.0 Vienna Woods
Chesterbrook,Week2,Orange Hunt,Week5,315.0 Chesterbrook - 87.0 Orange Hunt
Chesterbrook,Week4,Vienna Woods,Week2,273.0 Chesterbrook - 129.0 Vienna Woods
Chesterbrook,Week2,Orange Hunt,Week1,335.0 Chesterbrook - 67.0 Orange Hunt
Chesterbrook,Week1,Pinewood Lake,Week2,383.0 Chesterbrook - 14.0 Pinewood Lake
Chesterbrook,Week3,Annandale,Week1,376.0 Chesterbrook - 26.0 Annandale
Chesterbrook,Week3,Orange Hunt,Week2,343.0 Chesterbrook - 59.0 Orange Hunt
Chesterbrook,Week3,Pinewood Lake,Week4,400.0 Chesterbrook - 2.0 Pinewood Lake
Chesterbrook,Week2,Donaldson Run,Week4,279.0 Chesterbrook - 123.0 Donaldson Run
Chesterbrook,Week4,Donaldson Run,Week1,292.0 Chesterbrook - 110.0 Donaldson Run
Chesterbrook,Week4,Orange Hunt,Week1,329.0 Chesterbrook - 73.0 Orange Hunt
Chesterbrook,Week5,Annandale,Week3,369.0 Chesterbrook - 33.0 Annandale
Chesterbrook,Week4,Pinewood Lake,Week5,389.0 Chesterbrook - 12.0 Pinewood Lake
Chesterbrook,Week2,Arlington Forest,Week4,333.0 Chesterbrook - 69.0 Arlington Forest
Chesterbrook,Week1,Vienna Woods,Week1,256.5 Chesterbrook - 145.5 Vienna Woods
Chesterbrook,Week4,Annandale,Week3,371.0 Chesterbrook - 31.0 Annandale
Chesterbrook,Week3,Annandale,Week2,377.0 Chesterbrook - 25.0 Annandale
Chesterbrook,Week4,Vienna Aquatic,Week4,281.0 Chesterbrook - 121.0 Vienna Aquatic
Chesterbrook,Week4,Orange Hunt,Week4,324.0 Chesterbrook - 78.0 Orange Hunt
Chesterbrook,Week1,Poplar Heights,Week3,323.0 Chesterbrook - 79.0 Poplar Heights
Chesterbrook,Week3,Orange Hunt,Week5,328.5 Chesterbrook - 73.5 Orange Hunt
Chesterbrook,Week5,Pleasant Valley,Week4,379.0 Chesterbrook - 22.0 Pleasant Valley
Chesterbrook,Week4,Orange Hunt,Week5,305.0 Chesterbrook - 97.0 Orange Hunt
Chesterbrook,Week5,Orange Hunt,Week1,332.0 Chesterbrook - 70.0 Orange Hunt
Chesterbrook,Week3,Vienna Aquatic,Week4,314.0 Chesterbrook - 88.0 Vienna Aquatic
Chesterbrook,Week4,Dowden Terrace,Week4,324.0 Chesterbrook - 78.0 Dowden Terrace
Chesterbrook,Week1,Donaldson Run,Week1,273.5 Chesterbrook - 128.5 Donaldson Run
Chesterbrook,Week4,Arlington Forest,Week2,355.0 Chesterbrook - 47.0 Arlington Forest
Chesterbrook,Week4,Annandale,Week5,365.0 Chesterbrook - 37.0 Annandale
Chesterbrook,Week5,Orange Hunt,Week2,327.0 Chesterbrook - 75.0 Orange Hunt
Chesterbrook,Week2,Pleasant Valley,Week1,381.0 Chesterbrook - 21.0 Pleasant Valley
Chesterbrook,Week2,Vienna Woods,Week5,241.0 Chesterbrook - 161.0 Vienna Woods
Chesterbrook,Week1,Vienna Woods,Week4,280.0 Chesterbrook - 122.0 Vienna Woods
Chesterbrook,Week1,Vienna Woods,Week5,241.5 Chesterbrook - 160.5 Vienna Woods
Chesterbrook,Week4,Orange Hunt,Week3,314.0 Chesterbrook - 88.0 Orange Hunt
Chesterbrook,Week5,Pinewood Lake,Week4,399.0 Chesterbrook - 3.0 Pinewood Lake
Chesterbrook,Week4,Dominion Hills,Week5,336.0 Chesterbrook - 66.0 Dominion Hills
Chesterbrook,Week4,Vienna Aquatic,Week3,270.0 Chesterbrook - 132.0 Vienna Aquatic
Chesterbrook,Week5,Pinewood Lake,Week3,398.0 Chesterbrook - 4.0 Pinewood Lake
Chesterbrook,Week5,Dominion Hills,Week2,352.0 Chesterbrook - 50.0 Dominion Hills
Chesterbrook,Week4,Annandale,Week2,373.0 Chesterbrook - 29.0 Annandale
Chesterbrook,Week1,Donaldson Run,Week5,264.0 Chesterbrook - 138.0 Donaldson Run
Chesterbrook,Week4,Pleasant Valley,Week2,387.0 Chesterbrook - 15.0 Pleasant Valley
Chesterbrook,Week1,Dowden Terrace,Week4,326.0 Chesterbrook - 76.0 Dowden Terrace
Chesterbrook,Week2,Overlee,Week4,250.0 Overlee - 152.0 Chesterbrook
Chesterbrook,Week3,Vienna Woods,Week2,298.0 Chesterbrook - 104.0 Vienna Woods
Chesterbrook,Week1,Poplar Heights,Week4,335.0 Chesterbrook - 67.0 Poplar Heights
Chesterbrook,Week3,Vienna Woods,Week5,264.5 Chesterbrook - 137.5 Vienna Woods
Chesterbrook,Week1,Dunn Loring,Week3,278.0 Chesterbrook - 124.0 Dunn Loring
Chesterbrook,Week2,Vienna Woods,Week4,290.0 Chesterbrook - 112.0 Vienna Woods
Chesterbrook,Week4,Arlington Forest,Week4,339.0 Chesterbrook - 63.0 Arlington Forest
Chesterbrook,Week3,Annandale,Week3,370.0 Chesterbrook - 32.0 Annandale
Chesterbrook,Week5,Dowden Terrace,Week3,351.0 Chesterbrook - 51.0 Dowden Terrace
Chesterbrook,Week3,Dowden Terrace,Week3,362.0 Chesterbrook - 40.0 Dowden Terrace
Chesterbrook,Week5,Donaldson Run,Week3,303.5 Chesterbrook - 98.5 Donaldson Run
Chesterbrook,Week4,Annandale,Week1,378.0 Chesterbrook - 24.0 Annandale
Chesterbrook,Week1,Pleasant Valley,Week5,374.0 Chesterbrook - 23.0 Pleasant Valley
Chesterbrook,Week1,Pleasant Valley,Week1,376.0 Chesterbrook - 26.0 Pleasant Valley
Chesterbrook,Week2,Annandale,Week4,372.0 Chesterbrook - 30.0 Annandale
Chesterbrook,Week1,Poplar Heights,Week5,322.0 Chesterbrook - 80.0 Poplar Heights
Chesterbrook,Week5,Overlee,Week5,210.5 Overlee - 191.5 Chesterbrook
Chesterbrook,Week5,Overlee,Week4,224.0 Overlee - 178.0 Chesterbrook
Chesterbrook,Week1,Pleasant Valley,Week4,373.0 Chesterbrook - 24.0 Pleasant Valley
Chesterbrook,Week1,Pleasant Valley,Week2,375.0 Chesterbrook - 27.0 Pleasant Valley
Chesterbrook,Week4,Dowden Terrace,Week5,319.0 Chesterbrook - 83.0 Dowden Terrace
Chesterbrook,Week3,Villa Aquatic,Week2,355.0 Chesterbrook - 47.0 Villa Aquatic
Chesterbrook,Week2,Arlington Forest,Week3,359.5 Chesterbrook - 42.5 Arlington Forest
Chesterbrook,Week4,Pleasant Valley,Week3,382.0 Chesterbrook - 20.0 Pleasant Valley
Chesterbrook,Week2,Villa Aquatic,Week2,350.0 Chesterbrook - 52.0 Villa Aquatic
Chesterbrook,Week1,Dunn Loring,Week1,299.0 Chesterbrook - 103.0 Dunn Loring
Chesterbrook,Week5,Annandale,Week5,363.0 Chesterbrook - 39.0 Annandale
Chesterbrook,Week4,Overlee,Week2,222.0 Chesterbrook - 180.0 Overlee
Chesterbrook,Week1,Overlee,Week4,261.0 Overlee - 141.0 Chesterbrook
Chesterbrook,Week1,Villa Aquatic,Week1,343.0 Chesterbrook - 59.0 Villa Aquatic
Chesterbrook,Week5,Overlee,Week3,257.0 Chesterbrook - 145.0 Overlee
Chesterbrook,Week3,Dowden Terrace,Week4,338.0 Chesterbrook - 64.0 Dowden Terrace
Chesterbrook,Week3,Pleasant Valley,Week1,383.0 Chesterbrook - 19.0 Pleasant Valley
Chesterbrook,Week1,Arlington Forest,Week2,349.0 Chesterbrook - 53.0 Arlington Forest
Chesterbrook,Week3,Dowden Terrace,Week2,352.0 Chesterbrook - 50.0 Dowden Terrace
Chesterbrook,Week1,Overlee,Week3,214.0 Chesterbrook - 188.0 Overlee
Chesterbrook,Week5,Vienna Aquatic,Week2,289.0 Chesterbrook - 113.0 Vienna Aquatic
Chesterbrook,Week1,Villa Aquatic,Week2,342.0 Chesterbrook - 60.0 Villa Aquatic
Chesterbrook,Week5,Annandale,Week1,374.0 Chesterbrook - 28.0 Annandale
Chesterbrook,Week3,Overlee,Week2,261.0 Chesterbrook - 141.0 Overlee
Chesterbrook,Week3,Vienna Woods,Week4,315.0 Chesterbrook - 87.0 Vienna Woods
Chesterbrook,Week1,Dowden Terrace,Week5,313.0 Chesterbrook - 89.0 Dowden Terrace
Cottontail,Week5,Highlands Swim,Week2,322.0 Highlands Swim - 80.0 Cottontail
Cottontail,Week3,Vienna Woods,Week1,337.0 Vienna Woods - 65.0 Cottontail
Country Club Hills,Week2,Crosspointe,Week4,291.0 Crosspointe - 111.0 Country Club Hills
Country Club Hills,Week4,Highland Park,Week3,246.0 Highland Park - 156.0 Country Club Hills
Country Club Hills,Week5,Country Club Hills,Week2,255.0 Country Club Hills (CCH1) - 147.0 Country Club Hills (CCH2)
Country Club Hills,Week3,Bren Mar-Edsall Park,Week1,352.0 Country Club Hills - 50.0 Bren Mar-Edsall Park
Cottontail,Week2,Dominion Hills,Week4,261.0 Dominion Hills - 141.0 Cottontail
Commonwealth,Week2,Virginia Hills,Week3,298.0 Commonwealth - 104.0 Virginia Hills
Cottontail,Week5,North Springfield,Week5,264.0 Cottontail - 110.0 North Springfield
Cottontail,Week2,Vienna Woods,Week1,328.0 Vienna Woods - 74.0 Cottontail
Country Club Hills,Week4,Bren Mar-Edsall Park,Week1,355.0 Country Club Hills - 47.0 Bren Mar-Edsall Park
Cottontail,Week1,Dominion Hills,Week2,216.0 Dominion Hills - 186.0 Cottontail
Commonwealth,Week2,Virginia Hills,Week2,313.0 Commonwealth - 87.0 Virginia Hills
Country Club Hills,Week1,Highland Park,Week2,269.0 Highland Park - 133.0 Country Club Hills
Cottontail,Week4,Hollin Hills,Week3,292.0 Cottontail - 110.0 Hollin Hills
Cottontail,Week3,Vienna Woods,Week2,334.0 Vienna Woods - 68.0 Cottontail
Cottontail,Week4,North Springfield,Week2,281.0 Cottontail - 107.0 North Springfield
Cottontail,Week1,Hollin Hills,Week2,310.0 Cottontail - 92.0 Hollin Hills
Cottontail,Week4,North Springfield,Week3,269.0 Cottontail - 128.0 North Springfield
Cottontail,Week5,Vienna Aquatic,Week5,320.0 Vienna Aquatic - 82.0 Cottontail
Country Club Hills,Week1,Crosspointe,Week1,292.0 Crosspointe - 110.0 Country Club Hills
Cottontail,Week3,North Springfield,Week3,274.0 Cottontail - 122.0 North Springfield
Country Club Hills,Week3,Crosspointe,Week1,294.0 Crosspointe - 108.0 Country Club Hills
Cottontail,Week2,Daventry,Week5,242.0 Cottontail - 160.0 Daventry
Commonwealth,Week3,Virginia Hills,Week1,307.0 Commonwealth - 94.0 Virginia Hills
Country Club Hills,Week4,Country Club Hills,Week1,220.0 Country Club Hills (CCH1) - 182.0 Country Club Hills (CCH2)
Country Club Hills,Week1,Highlands Swim,Week2,326.0 Highlands Swim - 76.0 Country Club Hills
Country Club Hills,Week1,Crosspointe,Week5,307.0 Crosspointe - 95.0 Country Club Hills
Country Club Hills,Week2,Brookfield ,Week4,234.0 Brookfield - 168.0 Country Club Hills
Commonwealth,Week5,Village West,Week5,211.0 Commonwealth - 191.0 Village West
Cottontail,Week1,North Springfield,Week5,251.0 Cottontail - 123.0 North Springfield
Country Club Hills,Week3,Highland Park,Week2,268.0 Highland Park - 134.0 Country Club Hills
Cottontail,Week5,Daventry,Week3,292.0 Cottontail - 110.0 Daventry
Commonwealth,Week2,Virginia Hills,Week1,311.0 Commonwealth - 90.0 Virginia Hills
Cottontail,Week2,Vienna Woods,Week4,326.0 Vienna Woods - 76.0 Cottontail
Cottontail,Week2,Hollin Hills,Week5,283.0 Cottontail - 119.0 Hollin Hills
Cottontail,Week2,Dominion Hills,Week5,270.0 Dominion Hills - 132.0 Cottontail
Cottontail,Week3,Dominion Hills,Week2,238.0 Dominion Hills - 164.0 Cottontail
Cottontail,Week1,Oakton ,Week4,305.0 Oakton - 97.0 Cottontail
Country Club Hills,Week2,Crosspointe,Week1,303.0 Crosspointe - 99.0 Country Club Hills
Commonwealth,Week5,Virginia Hills,Week2,301.0 Commonwealth - 101.0 Virginia Hills
Cottontail,Week5,Highlands Swim,Week5,319.0 Highlands Swim - 83.0 Cottontail
Cottontail,Week1,Vienna Woods,Week2,319.0 Vienna Woods - 83.0 Cottontail
Country Club Hills,Week2,Bren Mar-Edsall Park,Week3,356.0 Country Club Hills - 46.0 Bren Mar-Edsall Park
Country Club Hills,Week5,Country Club Hills,Week3,257.0 Country Club Hills (CCH1) - 145.0 Country Club Hills (CCH2)
Cottontail,Week1,Oakton ,Week3,294.0 Oakton - 108.0 Cottontail
Country Club Hills,Week4,Highland Park,Week4,276.0 Highland Park - 126.0 Country Club Hills
Cottontail,Week1,Dominion Hills,Week1,211.0 Dominion Hills - 191.0 Cottontail
Cottontail,Week4,North Springfield,Week5,252.0 Cottontail - 122.0 North Springfield
Cottontail,Week1,Dominion Hills,Week4,255.0 Dominion Hills - 147.0 Cottontail
Cottontail,Week4,North Springfield,Week1,283.0 Cottontail - 68.0 North Springfield
Cottontail,Week5,Vienna Aquatic,Week1,305.5 Vienna Aquatic - 96.5 Cottontail
Country Club Hills,Week2,Highland Park,Week2,260.0 Highland Park - 142.0 Country Club Hills
Country Club Hills,Week5,Highland Park,Week5,220.0 Highland Park - 182.0 Country Club Hills
Cottontail,Week1,Vienna Woods,Week4,314.0 Vienna Woods - 88.0 Cottontail
Cottontail,Week5,Highlands Swim,Week3,315.0 Highlands Swim - 87.0 Cottontail
Cottontail,Week5,Highlands Swim,Week1,321.0 Highlands Swim - 81.0 Cottontail
Country Club Hills,Week4,Country Club Hills,Week4,198.5 Country Club Hills (CCH1) - 198.5 Country Club Hills (CCH2)
Commonwealth,Week5,Village West,Week1,224.0 Commonwealth - 178.0 Village West
Cottontail,Week5,North Springfield,Week4,306.0 Cottontail - 86.0 North Springfield
Cottontail,Week2,North Springfield,Week1,277.0 Cottontail - 74.0 North Springfield
Commonwealth,Week1,Virginia Hills,Week4,257.0 Commonwealth - 140.0 Virginia Hills
Country Club Hills,Week3,Brookfield ,Week2,216.0 Brookfield - 186.0 Country Club Hills
Country Club Hills,Week1,Bren Mar-Edsall Park,Week3,351.0 Country Club Hills - 51.0 Bren Mar-Edsall Park
Cottontail,Week2,Vienna Woods,Week3,343.5 Vienna Woods - 58.5 Cottontail
Cottontail,Week4,Daventry,Week3,268.0 Cottontail - 134.0 Daventry
Commonwealth,Week1,Virginia Hills,Week1,260.0 Commonwealth - 136.0 Virginia Hills
Cottontail,Week2,Hollin Hills,Week2,300.0 Cottontail - 102.0 Hollin Hills
Cottontail,Week2,Daventry,Week4,267.0 Cottontail - 135.0 Daventry
Cottontail,Week1,Hollin Hills,Week5,296.0 Cottontail - 106.0 Hollin Hills
Commonwealth,Week1,Virginia Hills,Week3,257.0 Commonwealth - 143.0 Virginia Hills
Country Club Hills,Week4,Crosspointe,Week2,271.0 Crosspointe - 131.0 Country Club Hills
Cottontail,Week3,Dominion Hills,Week1,218.0 Dominion Hills - 184.0 Cottontail
Cottontail,Week4,Hollin Hills,Week5,286.0 Cottontail - 116.0 Hollin Hills
Cottontail,Week1,Vienna Woods,Week5,341.5 Vienna Woods - 60.5 Cottontail
Cottontail,Week5,Highlands Swim,Week4,305.0 Highlands Swim - 97.0 Cottontail
Country Club Hills,Week4,Highland Park,Week2,263.0 Highland Park - 139.0 Country Club Hills
Cottontail,Week4,Vienna Woods,Week1,333.0 Vienna Woods - 69.0 Cottontail
Country Club Hills,Week5,Highland Park,Week3,215.0 Highland Park - 187.0 Country Club Hills
Country Club Hills,Week5,Highland Park,Week4,243.0 Highland Park - 159.0 Country Club Hills
Cottontail,Week2,Vienna Woods,Week2,329.0 Vienna Woods - 73.0 Cottontail
Cottontail,Week3,North Springfield,Week5,243.0 Cottontail - 131.0 North Springfield
Country Club Hills,Week3,Bren Mar-Edsall Park,Week4,330.0 Country Club Hills - 71.0 Bren Mar-Edsall Park
Country Club Hills,Week2,Bren Mar-Edsall Park,Week4,347.0 Country Club Hills - 55.0 Bren Mar-Edsall Park
Commonwealth,Week4,Virginia Hills,Week2,298.0 Commonwealth - 102.0 Virginia Hills
Country Club Hills,Week4,Highland Park,Week5,252.0 Highland Park - 150.0 Country Club Hills
Cottontail,Week4,Daventry,Week1,277.0 Cottontail - 120.0 Daventry
Country Club Hills,Week5,Brandywine,Week5,240.0 Brandywine - 162.0 Country Club Hills
Cottontail,Week5,Daventry,Week5,266.0 Cottontail - 136.0 Daventry
Country Club Hills,Week2,Highland Park,Week3,244.0 Highland Park - 158.0 Country Club Hills
Cottontail,Week3,Hollin Hills,Week1,304.0 Cottontail - 97.0 Hollin Hills
Country Club Hills,Week1,Brookfield ,Week5,212.0 Brookfield - 190.0 Country Club Hills
Country Club Hills,Week2,Crosspointe,Week5,315.0 Crosspointe - 87.0 Country Club Hills
Cottontail,Week1,North Springfield,Week4,294.0 Cottontail - 97.0 North Springfield
Country Club Hills,Week2,Crosspointe,Week3,286.0 Crosspointe - 116.0 Country Club Hills
Country Club Hills,Week1,Crosspointe,Week3,273.0 Crosspointe - 129.0 Country Club Hills
Country Club Hills,Week2,Brookfield ,Week2,206.0 Brookfield - 196.0 Country Club Hills
Country Club Hills,Week5,Bren Mar-Edsall Park,Week1,363.5 Country Club Hills - 38.5 Bren Mar-Edsall Park
Country Club Hills,Week5,Brandywine,Week4,230.0 Brandywine - 172.0 Country Club Hills
Commonwealth,Week4,Virginia Hills,Week1,297.0 Commonwealth - 104.0 Virginia Hills
Cottontail,Week4,Highlands Swim,Week4,327.0 Highlands Swim - 75.0 Cottontail
Cottontail,Week1,Oakton ,Week5,312.0 Oakton - 90.0 Cottontail
Commonwealth,Week4,Virginia Hills,Week3,286.0 Commonwealth - 116.0 Virginia Hills
Cottontail,Week1,Hollin Hills,Week3,299.0 Cottontail - 103.0 Hollin Hills
Cottontail,Week3,Vienna Woods,Week3,343.5 Vienna Woods - 58.5 Cottontail
Cottontail,Week3,Dominion Hills,Week5,282.0 Dominion Hills - 120.0 Cottontail
Cottontail,Week1,Vienna Woods,Week1,321.0 Vienna Woods - 81.0 Cottontail
Country Club Hills,Week1,Bren Mar-Edsall Park,Week4,340.0 Country Club Hills - 62.0 Bren Mar-Edsall Park
Commonwealth,Week4,Virginia Hills,Week4,291.0 Commonwealth - 110.0 Virginia Hills
Country Club Hills,Week3,Crosspointe,Week3,275.0 Crosspointe - 127.0 Country Club Hills
Country Club Hills,Week2,Highlands Swim,Week1,323.0 Highlands Swim - 79.0 Country Club Hills
Country Club Hills,Week1,Highlands Swim,Week4,307.0 Highlands Swim - 95.0 Country Club Hills
Country Club Hills,Week4,Crosspointe,Week3,270.0 Crosspointe - 132.0 Country Club Hills
Country Club Hills,Week2,Hollin Hills,Week5,269.0 Country Club Hills - 133.0 Hollin Hills
Cottontail,Week4,Dominion Hills,Week1,218.0 Dominion Hills - 179.0 Cottontail
Country Club Hills,Week3,Crosspointe,Week5,309.0 Crosspointe - 93.0 Country Club Hills
Country Club Hills,Week4,Crosspointe,Week5,306.0 Crosspointe - 96.0 Country Club Hills
Cottontail,Week4,Highlands Swim,Week3,323.0 Highlands Swim - 79.0 Cottontail
Cottontail,Week2,Hollin Hills,Week3,291.0 Cottontail - 111.0 Hollin Hills
Cottontail,Week3,Vienna Woods,Week4,324.0 Vienna Woods - 78.0 Cottontail
Country Club Hills,Week2,Bren Mar-Edsall Park,Week1,362.0 Country Club Hills - 40.0 Bren Mar-Edsall Park
Cottontail,Week2,Oakton ,Week4,311.0 Oakton - 91.0 Cottontail
Country Club Hills,Week2,Highlands Swim,Week2,326.0 Highlands Swim - 76.0 Country Club Hills
Cottontail,Week4,Dominion Hills,Week3,227.0 Dominion Hills - 175.0 Cottontail
Commonwealth,Week5,Virginia Hills,Week1,304.0 Commonwealth - 98.0 Virginia Hills
Country Club Hills,Week3,Bren Mar-Edsall Park,Week5,319.0 Country Club Hills - 83.0 Bren Mar-Edsall Park
Cottontail,Week2,Vienna Woods,Week5,348.0 Vienna Woods - 54.0 Cottontail
Cottontail,Week2,Hollin Hills,Week4,299.0 Cottontail - 103.0 Hollin Hills
Cottontail,Week2,Oakton ,Week3,296.0 Oakton - 106.0 Cottontail
Country Club Hills,Week2,Bren Mar-Edsall Park,Week2,359.0 Country Club Hills - 43.0 Bren Mar-Edsall Park
Commonwealth,Week5,Virginia Hills,Week3,294.0 Commonwealth - 108.0 Virginia Hills
Country Club Hills,Week2,Highlands Swim,Week5,320.0 Highlands Swim - 82.0 Country Club Hills
Commonwealth,Week1,Virginia Run,Week1,284.0 Virginia Run - 118.0 Commonwealth
Cottontail,Week3,Oakton ,Week1,298.5 Oakton - 103.5 Cottontail
Cottontail,Week3,Vienna Woods,Week5,358.0 Vienna Woods - 44.0 Cottontail
Cottontail,Week4,Dominion Hills,Week2,227.0 Dominion Hills - 175.0 Cottontail
Cottontail,Week2,Oakton ,Week1,294.0 Oakton - 108.0 Cottontail
Cottontail,Week4,Vienna Woods,Week5,348.0 Vienna Woods - 54.0 Cottontail
Country Club Hills,Week2,Daventry,Week1,280.0 Country Club Hills - 122.0 Daventry
Country Club Hills,Week1,Bren Mar-Edsall Park,Week5,329.0 Country Club Hills - 73.0 Bren Mar-Edsall Park
Country Club Hills,Week5,Crosspointe,Week2,264.0 Crosspointe - 138.0 Country Club Hills
Commonwealth,Week2,Virginia Run,Week2,232.0 Virginia Run - 170.0 Commonwealth
Country Club Hills,Week1,Dominion Hills,Week2,238.0 Dominion Hills - 164.0 Country Club Hills
Cottontail,Week5,Vienna Aquatic,Week3,308.0 Vienna Aquatic - 94.0 Cottontail
Cottontail,Week3,Hollin Hills,Week5,277.0 Cottontail - 125.0 Hollin Hills
Cottontail,Week5,Vienna Woods,Week2,319.0 Vienna Woods - 83.0 Cottontail
Country Club Hills,Week3,Highlands Swim,Week1,320.0 Highlands Swim - 82.0 Country Club Hills
Cottontail,Week1,Hollin Hills,Week4,315.0 Cottontail - 87.0 Hollin Hills
Cottontail,Week4,Vienna Woods,Week2,335.0 Vienna Woods - 67.0 Cottontail
Cottontail,Week4,Dominion Hills,Week5,266.0 Dominion Hills - 136.0 Cottontail
Country Club Hills,Week4,Bren Mar-Edsall Park,Week5,334.0 Country Club Hills - 63.0 Bren Mar-Edsall Park
Country Club Hills,Week5,Highlands Swim,Week1,309.0 Highlands Swim - 93.0 Country Club Hills
Cottontail,Week4,Hollin Hills,Week1,303.0 Cottontail - 99.0 Hollin Hills
Country Club Hills,Week3,Hollin Hills,Week1,288.0 Country Club Hills - 114.0 Hollin Hills
Commonwealth,Week2,Virginia Run,Week5,253.0 Virginia Run - 149.0 Commonwealth
Cottontail,Week3,Dominion Hills,Week4,268.0 Dominion Hills - 134.0 Cottontail
Cottontail,Week2,Lakevale Estates,Week4,311.0 Lakevale Estates - 91.0 Cottontail
Country Club Hills,Week1,Bren Mar-Edsall Park,Week1,352.0 Country Club Hills - 50.0 Bren Mar-Edsall Park
Cottontail,Week4,Vienna Woods,Week3,337.0 Vienna Woods - 65.0 Cottontail
Country Club Hills,Week1,Daventry,Week5,258.0 Country Club Hills - 144.0 Daventry
Country Club Hills,Week4,Highlands Swim,Week3,318.0 Highlands Swim - 84.0 Country Club Hills
Country Club Hills,Week5,Bren Mar-Edsall Park,Week2,361.0 Country Club Hills - 41.0 Bren Mar-Edsall Park
Cottontail,Week1,Hollin Hills,Week1,314.0 Cottontail - 88.0 Hollin Hills
Cottontail,Week4,Vienna Woods,Week4,323.0 Vienna Woods - 79.0 Cottontail
Cottontail,Week3,Lake Braddock,Week3,281.0 Cottontail - 121.0 Lake Braddock
Cottontail,Week5,Lake Braddock,Week1,323.0 Cottontail - 79.0 Lake Braddock
Cottontail,Week2,Lake Braddock,Week3,274.5 Cottontail - 127.5 Lake Braddock
Country Club Hills,Week2,Brookfield ,Week5,222.5 Brookfield - 179.5 Country Club Hills
Commonwealth,Week2,Virginia Run,Week1,246.0 Virginia Run - 156.0 Commonwealth
Country Club Hills,Week5,Bren Mar-Edsall Park,Week3,361.0 Country Club Hills - 41.0 Bren Mar-Edsall Park
Cottontail,Week3,Hollin Hills,Week4,283.0 Cottontail - 117.0 Hollin Hills
Commonwealth,Week1,Virginia Run,Week2,271.0 Virginia Run - 131.0 Commonwealth
Cottontail,Week4,Dominion Hills,Week4,261.0 Dominion Hills - 141.0 Cottontail
Cottontail,Week3,Hollin Hills,Week2,303.0 Cottontail - 98.0 Hollin Hills
Cottontail,Week3,Lake Braddock,Week2,278.0 Cottontail - 124.0 Lake Braddock
Country Club Hills,Week1,Daventry,Week1,280.0 Country Club Hills - 122.0 Daventry
Country Club Hills,Week5,Crosspointe,Week4,261.0 Crosspointe - 141.0 Country Club Hills
Cottontail,Week5,Dominion Hills,Week2,220.0 Dominion Hills - 182.0 Cottontail
Country Club Hills,Week3,Highlands Swim,Week5,320.0 Highlands Swim - 82.0 Country Club Hills
Cottontail,Week5,Dominion Hills,Week1,202.0 Cottontail - 200.0 Dominion Hills
Cottontail,Week3,Hollin Hills,Week3,288.0 Cottontail - 114.0 Hollin Hills
Cottontail,Week3,Oakton ,Week3,294.0 Oakton - 108.0 Cottontail
Commonwealth,Week1,Virginia Run,Week4,293.0 Virginia Run - 109.0 Commonwealth
Country Club Hills,Week1,Hollin Hills,Week1,291.0 Country Club Hills - 111.0 Hollin Hills
Country Club Hills,Week3,Bren Mar-Edsall Park,Week2,353.0 Country Club Hills - 48.0 Bren Mar-Edsall Park
Country Club Hills,Week3,Highlands Swim,Week3,321.0 Highlands Swim - 81.0 Country Club Hills
Commonwealth,Week1,Virginia Run,Week5,309.0 Virginia Run - 93.0 Commonwealth
Cottontail,Week3,Oakton ,Week2,311.0 Oakton - 91.0 Cottontail
Country Club Hills,Week5,Highlands Swim,Week5,319.0 Highlands Swim - 83.0 Country Club Hills
Country Club Hills,Week5,Crosspointe,Week5,292.0 Crosspointe - 110.0 Country Club Hills
Commonwealth,Week3,Virginia Run,Week1,263.0 Virginia Run - 139.0 Commonwealth
Country Club Hills,Week1,Brookfield ,Week2,208.0 Brookfield - 194.0 Country Club Hills
Cottontail,Week5,Dominion Hills,Week3,208.0 Dominion Hills - 194.0 Cottontail
Cottontail,Week4,Highlands Swim,Week5,335.0 Highlands Swim - 67.0 Cottontail
Cottontail,Week1,Villa Aquatic,Week2,206.0 Villa Aquatic - 196.0 Cottontail
Commonwealth,Week2,Virginia Run,Week4,248.0 Virginia Run - 154.0 Commonwealth
Country Club Hills,Week3,Daventry,Week5,267.0 Country Club Hills - 135.0 Daventry
Country Club Hills,Week1,Bren Mar-Edsall Park,Week2,355.0 Country Club Hills - 47.0 Bren Mar-Edsall Park
Cottontail,Week5,Lake Braddock,Week2,303.0 Cottontail - 99.0 Lake Braddock
Country Club Hills,Week3,Daventry,Week4,287.0 Country Club Hills - 115.0 Daventry
Country Club Hills,Week2,Highlands Swim,Week4,301.0 Highlands Swim - 101.0 Country Club Hills
Cottontail,Week1,Vienna Woods,Week3,331.0 Vienna Woods - 71.0 Cottontail
Cottontail,Week4,Hollin Hills,Week2,291.0 Cottontail - 111.0 Hollin Hills
Cottontail,Week5,Lake Braddock,Week3,304.0 Cottontail - 98.0 Lake Braddock
Country Club Hills,Week2,Bren Mar-Edsall Park,Week5,338.0 Country Club Hills - 64.0 Bren Mar-Edsall Park
Cottontail,Week2,Hollin Hills,Week1,310.0 Cottontail - 92.0 Hollin Hills
Commonwealth,Week3,Virginia Run,Week2,248.0 Virginia Run - 154.0 Commonwealth
Country Club Hills,Week4,Daventry,Week1,280.0 Country Club Hills - 122.0 Daventry
Cottontail,Week3,Villa Aquatic,Week4,229.0 Villa Aquatic - 173.0 Cottontail
Country Club Hills,Week5,Highlands Swim,Week3,311.5 Highlands Swim - 90.5 Country Club Hills
Cottontail,Week3,Lake Braddock,Week5,267.0 Cottontail - 135.0 Lake Braddock
Country Club Hills,Week4,Daventry,Week2,274.0 Country Club Hills - 128.0 Daventry
Cottontail,Week1,Village West,Week2,257.0 Cottontail - 145.0 Village West
Country Club Hills,Week3,Bren Mar-Edsall Park,Week3,347.0 Country Club Hills - 55.0 Bren Mar-Edsall Park
Cottontail,Week1,Hollin Meadows,Week4,227.0 Hollin Meadows - 175.0 Cottontail
Cottontail,Week4,Hollin Hills,Week4,294.0 Cottontail - 108.0 Hollin Hills
Cottontail,Week5,Lake Braddock,Week4,312.0 Cottontail - 90.0 Lake Braddock
Country Club Hills,Week4,Bren Mar-Edsall Park,Week3,352.0 Country Club Hills - 50.0 Bren Mar-Edsall Park
Country Club Hills,Week1,Hollin Hills,Week4,284.0 Country Club Hills - 118.0 Hollin Hills
Country Club Hills,Week5,Daventry,Week3,289.0 Country Club Hills - 113.0 Daventry
Cottontail,Week4,Villa Aquatic,Week5,247.0 Villa Aquatic - 155.0 Cottontail
Cottontail,Week1,Village West,Week4,249.0 Cottontail - 148.0 Village West
Cottontail,Week2,Lake Braddock,Week5,268.0 Cottontail - 134.0 Lake Braddock
Country Club Hills,Week3,Highlands Swim,Week2,332.0 Highlands Swim - 70.0 Country Club Hills
Cottontail,Week2,Villa Aquatic,Week3,252.0 Villa Aquatic - 150.0 Cottontail
Country Club Hills,Week1,Hollin Hills,Week5,276.0 Country Club Hills - 126.0 Hollin Hills
Country Club Hills,Week4,Bren Mar-Edsall Park,Week4,336.0 Country Club Hills - 66.0 Bren Mar-Edsall Park
Country Club Hills,Week1,Daventry,Week3,276.0 Country Club Hills - 126.0 Daventry
Cottontail,Week5,Vienna Woods,Week5,345.0 Vienna Woods - 57.0 Cottontail
Cottontail,Week3,Villa Aquatic,Week2,215.0 Villa Aquatic - 187.0 Cottontail
Cottontail,Week2,Hollin Meadows,Week3,226.0 Hollin Meadows - 176.0 Cottontail
Cottontail,Week1,Lakevale Estates,Week4,302.0 Lakevale Estates - 100.0 Cottontail
Cottontail,Week5,Hollin Meadows,Week1,248.0 Hollin Meadows - 154.0 Cottontail
Country Club Hills,Week5,Bren Mar-Edsall Park,Week4,348.0 Country Club Hills - 54.0 Bren Mar-Edsall Park
Country Club Hills,Week4,Highlands Swim,Week4,319.0 Highlands Swim - 83.0 Country Club Hills
Cottontail,Week4,Hollin Meadows,Week4,233.0 Hollin Meadows - 169.0 Cottontail
Country Club Hills,Week2,Hollin Hills,Week2,284.0 Country Club Hills - 117.0 Hollin Hills
Country Club Hills,Week1,Brookfield ,Week1,229.0 Brookfield - 173.0 Country Club Hills
Country Club Hills,Week2,Hollin Hills,Week3,289.0 Country Club Hills - 113.0 Hollin Hills
Country Club Hills,Week5,Daventry,Week2,287.0 Country Club Hills - 114.0 Daventry
Cottontail,Week5,Hollin Hills,Week5,293.0 Cottontail - 109.0 Hollin Hills
Country Club Hills,Week4,Daventry,Week3,280.0 Country Club Hills - 122.0 Daventry
Cottontail,Week3,Lake Braddock,Week1,300.0 Cottontail - 102.0 Lake Braddock
Cottontail,Week3,Villa Aquatic,Week3,249.0 Villa Aquatic - 153.0 Cottontail
Country Club Hills,Week1,Daventry,Week4,296.0 Country Club Hills - 106.0 Daventry
Country Club Hills,Week4,Bren Mar-Edsall Park,Week2,355.0 Country Club Hills - 47.0 Bren Mar-Edsall Park
Cottontail,Week5,Lake Braddock,Week5,297.0 Cottontail - 105.0 Lake Braddock
Country Club Hills,Week4,Highlands Swim,Week5,325.0 Highlands Swim - 77.0 Country Club Hills
Country Club Hills,Week1,Brookfield ,Week3,208.0 Brookfield - 194.0 Country Club Hills
Cottontail,Week3,Lake Braddock,Week4,286.0 Cottontail - 116.0 Lake Braddock
Country Club Hills,Week1,Daventry,Week2,274.0 Country Club Hills - 128.0 Daventry
Country Club Hills,Week4,Highlands Swim,Week2,332.0 Highlands Swim - 70.0 Country Club Hills
Cottontail,Week1,Hollin Meadows,Week1,234.0 Hollin Meadows - 168.0 Cottontail
Cottontail,Week1,Lakevale Estates,Week5,296.0 Lakevale Estates - 106.0 Cottontail
Cottontail,Week3,Villa Aquatic,Week5,240.0 Villa Aquatic - 162.0 Cottontail
Country Club Hills,Week1,Brookfield ,Week4,226.0 Brookfield - 176.0 Country Club Hills
Country Club Hills,Week2,Daventry,Week3,268.0 Country Club Hills - 134.0 Daventry
Cottontail,Week1,Holmes Run Acres,Week1,208.0 Holmes Run Acres - 194.0 Cottontail
Cottontail,Week4,Lake Braddock,Week4,283.5 Cottontail - 118.5 Lake Braddock
Cottontail,Week1,Lakevale Estates,Week3,282.0 Lakevale Estates - 120.0 Cottontail
Cottontail,Week2,Lakevale Estates,Week1,295.0 Lakevale Estates - 107.0 Cottontail
Country Club Hills,Week2,Hollin Hills,Week4,281.5 Country Club Hills - 119.5 Hollin Hills
Country Club Hills,Week5,Daventry,Week4,312.0 Country Club Hills - 90.0 Daventry
Cottontail,Week1,Villa Aquatic,Week4,221.0 Villa Aquatic - 181.0 Cottontail
Cottontail,Week2,Villa Aquatic,Week4,232.0 Villa Aquatic - 170.0 Cottontail
Cottontail,Week4,Lake Braddock,Week3,271.0 Cottontail - 131.0 Lake Braddock
Cottontail,Week1,Holmes Run Acres,Week4,228.0 Holmes Run Acres - 174.0 Cottontail
Country Club Hills,Week3,Highlands Swim,Week4,307.0 Highlands Swim - 95.0 Country Club Hills
Country Club Hills,Week3,Daventry,Week2,280.0 Country Club Hills - 121.0 Daventry
Cottontail,Week1,Villa Aquatic,Week5,226.0 Villa Aquatic - 176.0 Cottontail
Country Club Hills,Week2,Daventry,Week2,267.0 Country Club Hills - 135.0 Daventry
Country Club Hills,Week1,Hollin Hills,Week3,283.0 Country Club Hills - 119.0 Hollin Hills
Cottontail,Week5,Hollin Hills,Week2,307.0 Cottontail - 95.0 Hollin Hills
Cottontail,Week2,Lakevale Estates,Week2,287.0 Lakevale Estates - 115.0 Cottontail
Cottontail,Week1,Holmes Run Acres,Week5,255.0 Holmes Run Acres - 147.0 Cottontail
Country Club Hills,Week2,Brookfield ,Week3,220.0 Brookfield - 182.0 Country Club Hills
Country Club Hills,Week2,Brookfield ,Week1,241.0 Brookfield - 161.0 Country Club Hills
Country Club Hills,Week5,Bren Mar-Edsall Park,Week5,345.0 Country Club Hills - 57.0 Bren Mar-Edsall Park
Cottontail,Week5,Hollin Meadows,Week2,213.0 Hollin Meadows - 189.0 Cottontail
Cottontail,Week1,Lakevale Estates,Week1,273.0 Lakevale Estates - 129.0 Cottontail
Cottontail,Week1,Villa Aquatic,Week3,241.5 Villa Aquatic - 160.5 Cottontail
Country Club Hills,Week3,Brookfield ,Week4,236.0 Brookfield - 166.0 Country Club Hills
Country Club Hills,Week3,Brookfield ,Week1,228.0 Brookfield - 174.0 Country Club Hills
Country Club Hills,Week2,Hollin Hills,Week1,291.0 Country Club Hills - 110.0 Hollin Hills
Country Club Hills,Week4,Highlands Swim,Week1,323.0 Highlands Swim - 79.0 Country Club Hills
Country Club Hills,Week3,Daventry,Week3,282.0 Country Club Hills - 120.0 Daventry
Cottontail,Week4,Lake Braddock,Week1,292.0 Cottontail - 110.0 Lake Braddock
Country Club Hills,Week5,Daventry,Week5,279.0 Country Club Hills - 123.0 Daventry
Cottontail,Week5,Villa Aquatic,Week3,234.0 Villa Aquatic - 168.0 Cottontail
Cottontail,Week5,Hollin Hills,Week3,307.0 Cottontail - 95.0 Hollin Hills
Cottontail,Week4,Lake Braddock,Week5,257.0 Cottontail - 145.0 Lake Braddock
Cottontail,Week2,Villa Aquatic,Week5,239.0 Villa Aquatic - 163.0 Cottontail
Country Club Hills,Week3,Brookfield ,Week5,215.5 Brookfield - 186.5 Country Club Hills
Country Club Hills,Week1,Hollin Hills,Week2,280.0 Country Club Hills - 122.0 Hollin Hills
Cottontail,Week1,Lakevale Estates,Week2,282.0 Lakevale Estates - 120.0 Cottontail
Country Club Hills,Week5,Highlands Swim,Week2,322.0 Highlands Swim - 80.0 Country Club Hills
Country Club Hills,Week3,Daventry,Week1,276.0 Country Club Hills - 126.0 Daventry
Cottontail,Week5,Hollin Hills,Week1,319.0 Cottontail - 83.0 Hollin Hills
Cottontail,Week3,Hollin Meadows,Week4,242.0 Hollin Meadows - 160.0 Cottontail
Cottontail,Week5,Villa Aquatic,Week1,216.0 Cottontail - 186.0 Villa Aquatic
Country Club Hills,Week2,Daventry,Week4,282.0 Country Club Hills - 120.0 Daventry
Cottontail,Week2,Hollin Meadows,Week2,230.5 Hollin Meadows - 171.5 Cottontail
Country Club Hills,Week4,Daventry,Week4,286.0 Country Club Hills - 116.0 Daventry
Country Club Hills,Week4,Brookfield ,Week2,211.0 Brookfield - 191.0 Country Club Hills
Cottontail,Week5,Vienna Woods,Week4,313.0 Vienna Woods - 89.0 Cottontail
Cottontail,Week1,Villa Aquatic,Week1,206.0 Cottontail - 196.0 Villa Aquatic
Country Club Hills,Week3,Brookfield ,Week3,202.0 Brookfield - 200.0 Country Club Hills
Country Club Hills,Week4,Brookfield ,Week3,210.0 Brookfield - 192.0 Country Club Hills
Country Club Hills,Week5,Highlands Swim,Week4,307.0 Highlands Swim - 95.0 Country Club Hills
Country Club Hills,Week4,Brookfield ,Week4,229.0 Brookfield - 173.0 Country Club Hills
Country Club Hills,Week3,Hollin Hills,Week3,287.0 Country Club Hills - 115.0 Hollin Hills
Cottontail,Week2,Lakevale Estates,Week3,301.5 Lakevale Estates - 100.5 Cottontail
Cottontail,Week3,Villa Aquatic,Week1,215.0 Villa Aquatic - 187.0 Cottontail
Country Club Hills,Week4,Daventry,Week5,253.0 Country Club Hills - 149.0 Daventry
Country Club Hills,Week4,Brookfield ,Week1,226.0 Brookfield - 176.0 Country Club Hills
Cottontail,Week4,Lake Braddock,Week2,275.0 Cottontail - 127.0 Lake Braddock
Country Club Hills,Week3,Hollin Hills,Week4,277.0 Country Club Hills - 123.0 Hollin Hills
Cottontail,Week1,Hollin Meadows,Week2,224.0 Hollin Meadows - 178.0 Cottontail
Cottontail,Week5,Villa Aquatic,Week4,210.0 Villa Aquatic - 192.0 Cottontail
Cottontail,Week2,Hollin Meadows,Week4,234.0 Hollin Meadows - 168.0 Cottontail
Country Club Hills,Week5,Daventry,Week1,297.0 Country Club Hills - 105.0 Daventry
Country Club Hills,Week3,Hollin Hills,Week2,277.0 Country Club Hills - 123.0 Hollin Hills
Cottontail,Week2,Hollin Meadows,Week5,247.0 Hollin Meadows - 155.0 Cottontail
Country Club Hills,Week2,Daventry,Week5,247.5 Country Club Hills - 154.5 Daventry
Cottontail,Week2,Lake Braddock,Week4,276.0 Cottontail - 126.0 Lake Braddock
Cottontail,Week1,Hollin Meadows,Week5,234.0 Hollin Meadows - 168.0 Cottontail
Country Club Hills,Week1,Dominion Hills,Week1,227.0 Dominion Hills - 175.0 Country Club Hills
Cottontail,Week2,Lakeview,Week3,278.0 Cottontail - 124.0 Lakeview
Cottontail,Week3,Hollin Meadows,Week1,260.5 Hollin Meadows - 141.5 Cottontail
Cottontail,Week5,Villa Aquatic,Week5,216.0 Villa Aquatic - 186.0 Cottontail
Cottontail,Week3,Hollin Meadows,Week3,240.0 Hollin Meadows - 162.0 Cottontail
Cottontail,Week4,Villa Aquatic,Week2,202.0 Villa Aquatic - 200.0 Cottontail
Cottontail,Week2,Lakeview,Week1,299.0 Cottontail - 103.0 Lakeview
Cottontail,Week5,Lakevale Estates,Week3,280.0 Lakevale Estates - 122.0 Cottontail
Cottontail,Week2,Villa Aquatic,Week2,216.0 Villa Aquatic - 186.0 Cottontail
Country Club Hills,Week3,Hollin Meadows,Week1,244.0 Hollin Meadows - 158.0 Country Club Hills
Cottontail,Week5,Villa Aquatic,Week2,216.5 Cottontail - 185.5 Villa Aquatic
Cottontail,Week5,Hollin Hills,Week4,314.0 Cottontail - 88.0 Hollin Hills
Country Club Hills,Week1,Donaldson Run,Week5,333.0 Donaldson Run - 69.0 Country Club Hills
Country Club Hills,Week4,Dominion Hills,Week1,226.0 Dominion Hills - 176.0 Country Club Hills
Country Club Hills,Week4,Hollin Hills,Week1,289.0 Country Club Hills - 113.0 Hollin Hills
Country Club Hills,Week4,Brookfield ,Week5,217.0 Brookfield - 180.0 Country Club Hills
Country Club Hills,Week2,Hollin Meadows,Week3,271.0 Hollin Meadows - 131.0 Country Club Hills
Country Club Hills,Week5,Dominion Hills,Week4,242.0 Dominion Hills - 160.0 Country Club Hills
Cottontail,Week4,Hollin Meadows,Week1,248.0 Hollin Meadows - 154.0 Cottontail
Cottontail,Week2,Lakeview,Week4,256.0 Cottontail - 146.0 Lakeview
Country Club Hills,Week3,Hollin Hills,Week5,273.0 Country Club Hills - 128.0 Hollin Hills
Country Club Hills,Week1,Donaldson Run,Week1,305.0 Donaldson Run - 97.0 Country Club Hills
Cottontail,Week4,Villa Aquatic,Week1,203.0 Cottontail - 199.0 Villa Aquatic
Country Club Hills,Week1,Donaldson Run,Week4,326.0 Donaldson Run - 76.0 Country Club Hills
Cottontail,Week3,Lakeview,Week5,268.0 Cottontail - 125.0 Lakeview
Country Club Hills,Week1,Hollin Meadows,Week1,246.0 Hollin Meadows - 156.0 Country Club Hills
Country Club Hills,Week1,Holmes Run Acres,Week4,228.0 Holmes Run Acres - 174.0 Country Club Hills
Cottontail,Week4,Lakeview,Week2,295.0 Cottontail - 107.0 Lakeview
Cottontail,Week2,Hollin Meadows,Week1,249.0 Hollin Meadows - 153.0 Cottontail
Country Club Hills,Week2,Donaldson Run,Week3,325.5 Donaldson Run - 76.5 Country Club Hills
Country Club Hills,Week4,Hollin Meadows,Week2,237.0 Hollin Meadows - 165.0 Country Club Hills
Country Club Hills,Week5,Hollin Meadows,Week1,214.0 Hollin Meadows - 188.0 Country Club Hills
Cottontail,Week4,Villa Aquatic,Week4,237.0 Villa Aquatic - 165.0 Cottontail
Cottontail,Week4,Lakevale Estates,Week4,322.0 Lakevale Estates - 80.0 Cottontail
Cottontail,Week1,Hollin Meadows,Week3,222.0 Hollin Meadows - 180.0 Cottontail
Cottontail,Week4,Lakevale Estates,Week3,297.0 Lakevale Estates - 100.0 Cottontail
Country Club Hills,Week1,Hollin Meadows,Week4,238.0 Hollin Meadows - 164.0 Country Club Hills
Cottontail,Week3,Hollin Meadows,Week5,268.0 Hollin Meadows - 134.0 Cottontail
Country Club Hills,Week2,Hollin Meadows,Week4,248.0 Hollin Meadows - 154.0 Country Club Hills
Country Club Hills,Week2,Dominion Hills,Week4,260.0 Dominion Hills - 142.0 Country Club Hills
Cottontail,Week4,Lakevale Estates,Week1,293.0 Lakevale Estates - 104.0 Cottontail
Cottontail,Week2,Village West,Week3,228.0 Cottontail - 174.0 Village West
Country Club Hills,Week4,Dominion Hills,Week3,225.0 Dominion Hills - 177.0 Country Club Hills
Cottontail,Week4,Villa Aquatic,Week3,243.0 Villa Aquatic - 159.0 Cottontail
Cottontail,Week4,Hollin Meadows,Week2,216.0 Hollin Meadows - 186.0 Cottontail
Cottontail,Week2,Village West,Week4,238.0 Cottontail - 159.0 Village West
Country Club Hills,Week3,Dominion Hills,Week4,257.0 Dominion Hills - 145.0 Country Club Hills
Country Club Hills,Week4,Hollin Hills,Week4,283.0 Country Club Hills - 119.0 Hollin Hills
Country Club Hills,Week2,Hollin Meadows,Week2,233.0 Hollin Meadows - 169.0 Country Club Hills
Country Club Hills,Week4,Hollin Meadows,Week4,250.0 Hollin Meadows - 152.0 Country Club Hills
Country Club Hills,Week2,Donaldson Run,Week5,334.0 Donaldson Run - 68.0 Country Club Hills
Cottontail,Week4,Lakevale Estates,Week5,306.0 Lakevale Estates - 96.0 Cottontail
Country Club Hills,Week3,Hollin Meadows,Week2,225.0 Hollin Meadows - 177.0 Country Club Hills
Cottontail,Week1,Village West,Week1,257.0 Cottontail - 145.0 Village West
Cottontail,Week4,Hollin Meadows,Week5,240.0 Hollin Meadows - 162.0 Cottontail
Country Club Hills,Week5,Dominion Hills,Week2,204.0 Dominion Hills - 198.0 Country Club Hills
Cottontail,Week1,Village West,Week5,266.0 Cottontail - 136.0 Village West
Cottontail,Week3,Village West,Week4,223.0 Cottontail - 174.0 Village West
Cottontail,Week2,Virginia Hills,Week4,332.0 Cottontail - 70.0 Virginia Hills
Cottontail,Week5,Hollin Meadows,Week3,228.0 Hollin Meadows - 174.0 Cottontail
Cottontail,Week5,Lakevale Estates,Week1,265.0 Lakevale Estates - 137.0 Cottontail
Country Club Hills,Week3,Dominion Hills,Week3,213.0 Dominion Hills - 189.0 Country Club Hills
Cottontail,Week1,Lakeview,Week4,252.0 Cottontail - 150.0 Lakeview
Country Club Hills,Week1,Dominion Hills,Week4,254.0 Dominion Hills - 148.0 Country Club Hills
Country Club Hills,Week3,Dominion Hills,Week2,234.0 Dominion Hills - 168.0 Country Club Hills
Cottontail,Week1,Holmes Run Acres,Week2,205.0 Holmes Run Acres - 197.0 Cottontail
Country Club Hills,Week5,Dominion Hills,Week1,202.0 Dominion Hills - 200.0 Country Club Hills
Cottontail,Week5,Hollin Meadows,Week5,232.0 Hollin Meadows - 170.0 Cottontail
Cottontail,Week3,Hollin Meadows,Week2,229.0 Hollin Meadows - 173.0 Cottontail
Country Club Hills,Week3,Hollin Meadows,Week3,253.0 Hollin Meadows - 149.0 Country Club Hills
Cottontail,Week2,Village West,Week2,251.0 Cottontail - 151.0 Village West
Cottontail,Week5,Hollin Meadows,Week4,234.0 Hollin Meadows - 168.0 Cottontail
Cottontail,Week2,Villa Aquatic,Week1,210.0 Villa Aquatic - 192.0 Cottontail
Country Club Hills,Week2,Hollin Meadows,Week1,251.5 Hollin Meadows - 150.5 Country Club Hills
Cottontail,Week3,Lakevale Estates,Week1,296.0 Lakevale Estates - 106.0 Cottontail
Cottontail,Week1,Village West,Week3,244.0 Cottontail - 158.0 Village West
Cottontail,Week5,Lakevale Estates,Week5,299.0 Lakevale Estates - 103.0 Cottontail
Cottontail,Week2,Village West,Week1,257.0 Cottontail - 145.0 Village West
Cottontail,Week1,Holmes Run Acres,Week3,255.0 Holmes Run Acres - 147.0 Cottontail
Cottontail,Week4,Hollin Meadows,Week3,229.0 Hollin Meadows - 173.0 Cottontail
Cottontail,Week3,Lakeview,Week3,283.0 Cottontail - 119.0 Lakeview
Cottontail,Week1,Lakeview,Week3,268.0 Cottontail - 134.0 Lakeview
Country Club Hills,Week3,Dominion Hills,Week1,229.0 Dominion Hills - 173.0 Country Club Hills
Country Club Hills,Week1,Hollin Meadows,Week2,249.0 Hollin Meadows - 153.0 Country Club Hills
Country Club Hills,Week4,Dominion Hills,Week4,252.0 Dominion Hills - 150.0 Country Club Hills
Cottontail,Week3,Lakevale Estates,Week4,316.0 Lakevale Estates - 86.0 Cottontail
Cottontail,Week4,Village West,Week5,232.5 Cottontail - 169.5 Village West
Cottontail,Week4,Village West,Week2,242.0 Cottontail - 160.0 Village West
Country Club Hills,Week1,Hollin Meadows,Week3,249.0 Hollin Meadows - 153.0 Country Club Hills
Country Club Hills,Week2,Dominion Hills,Week2,228.0 Dominion Hills - 174.0 Country Club Hills
Cottontail,Week1,Hunt Valley,Week3,287.0 Hunt Valley - 115.0 Cottontail
Country Club Hills,Week2,Dominion Hills,Week3,235.0 Dominion Hills - 167.0 Country Club Hills
Cottontail,Week2,Holmes Run Acres,Week1,222.0 Holmes Run Acres - 180.0 Cottontail
Cottontail,Week3,Lakevale Estates,Week5,304.5 Lakevale Estates - 97.5 Cottontail
Country Club Hills,Week5,Hollin Hills,Week2,299.0 Country Club Hills - 102.0 Hollin Hills
Cottontail,Week5,Village West,Week4,250.0 Cottontail - 147.0 Village West
Cottontail,Week4,Holmes Run Acres,Week5,269.0 Holmes Run Acres - 133.0 Cottontail
Cottontail,Week1,Lakeview,Week1,300.0 Cottontail - 102.0 Lakeview
Cottontail,Week5,Lakevale Estates,Week2,280.0 Lakevale Estates - 122.0 Cottontail
Country Club Hills,Week3,Dominion Hills,Week5,262.0 Dominion Hills - 140.0 Country Club Hills
Country Club Hills,Week2,Dominion Hills,Week5,276.0 Dominion Hills - 126.0 Country Club Hills
Cottontail,Week2,Village West,Week5,252.0 Cottontail - 150.0 Village West
Cottontail,Week5,Lakevale Estates,Week4,302.0 Lakevale Estates - 100.0 Cottontail
Cottontail,Week3,Lakevale Estates,Week3,305.0 Lakevale Estates - 97.0 Cottontail
Cottontail,Week2,Virginia Hills,Week5,306.0 Cottontail - 96.0 Virginia Hills
Cottontail,Week4,Holmes Run Acres,Week3,262.0 Holmes Run Acres - 140.0 Cottontail
Cottontail,Week5,Holmes Run Acres,Week2,206.0 Holmes Run Acres - 196.0 Cottontail
Cottontail,Week3,Village West,Week2,230.0 Cottontail - 172.0 Village West
Cottontail,Week5,Village West,Week2,272.0 Cottontail - 130.0 Village West
Cottontail,Week4,Lakevale Estates,Week2,291.0 Lakevale Estates - 111.0 Cottontail
Country Club Hills,Week4,Hollin Hills,Week5,261.0 Country Club Hills - 141.0 Hollin Hills
Country Club Hills,Week4,Dominion Hills,Week5,263.0 Dominion Hills - 139.0 Country Club Hills
Country Club Hills,Week4,Dominion Hills,Week2,230.0 Dominion Hills - 172.0 Country Club Hills
Country Club Hills,Week2,Dominion Hills,Week1,226.0 Dominion Hills - 176.0 Country Club Hills
Country Club Hills,Week5,Hollin Hills,Week1,299.0 Country Club Hills - 102.0 Hollin Hills
Cottontail,Week5,Village West,Week5,262.5 Cottontail - 139.5 Village West
Cottontail,Week1,Lakeview,Week2,292.0 Cottontail - 110.0 Lakeview
Country Club Hills,Week4,Hollin Meadows,Week1,248.0 Hollin Meadows - 154.0 Country Club Hills
Country Club Hills,Week1,Hollin Meadows,Week5,259.0 Hollin Meadows - 143.0 Country Club Hills
Country Club Hills,Week4,Hollin Hills,Week2,277.0 Country Club Hills - 125.0 Hollin Hills
Cottontail,Week2,Holmes Run Acres,Week5,268.0 Holmes Run Acres - 134.0 Cottontail
Cottontail,Week1,Hunt Valley,Week5,293.0 Hunt Valley - 109.0 Cottontail
Cottontail,Week1,Hunt Valley,Week4,285.0 Hunt Valley - 117.0 Cottontail
Country Club Hills,Week1,Dominion Hills,Week5,269.0 Dominion Hills - 133.0 Country Club Hills
Cottontail,Week3,Holmes Run Acres,Week4,235.0 Holmes Run Acres - 167.0 Cottontail
Country Club Hills,Week1,Dominion Hills,Week3,220.0 Dominion Hills - 182.0 Country Club Hills
Country Club Hills,Week3,Hollin Meadows,Week4,238.0 Hollin Meadows - 164.0 Country Club Hills
Country Club Hills,Week5,Dominion Hills,Week5,265.0 Dominion Hills - 137.0 Country Club Hills
Cottontail,Week3,Village West,Week1,243.0 Cottontail - 159.0 Village West
Country Club Hills,Week5,Hollin Hills,Week3,301.0 Country Club Hills - 101.0 Hollin Hills
Cottontail,Week5,Holmes Run Acres,Week1,206.0 Holmes Run Acres - 196.0 Cottontail
Country Club Hills,Week5,Hollin Hills,Week4,299.0 Country Club Hills - 102.0 Hollin Hills
Country Club Hills,Week5,Hollin Hills,Week5,287.0 Country Club Hills - 115.0 Hollin Hills
Cottontail,Week4,Village West,Week3,222.0 Cottontail - 180.0 Village West
Cottontail,Week1,Lakeview,Week5,259.5 Cottontail - 133.5 Lakeview
Cottontail,Week1,Virginia Hills,Week4,336.0 Cottontail - 66.0 Virginia Hills
Country Club Hills,Week5,Dominion Hills,Week3,206.0 Dominion Hills - 196.0 Country Club Hills
Cottontail,Week4,Village West,Week1,247.0 Cottontail - 155.0 Village West
Cottontail,Week4,Village West,Week4,224.0 Cottontail - 173.0 Village West
Country Club Hills,Week1,Donaldson Run,Week3,312.0 Donaldson Run - 90.0 Country Club Hills
Cottontail,Week2,Virginia Hills,Week2,342.0 Cottontail - 60.0 Virginia Hills
Country Club Hills,Week4,Hollin Hills,Week3,298.0 Country Club Hills - 104.0 Hollin Hills
Cottontail,Week3,Holmes Run Acres,Week2,215.0 Holmes Run Acres - 187.0 Cottontail
Country Club Hills,Week2,Donaldson Run,Week2,314.0 Donaldson Run - 88.0 Country Club Hills
Cottontail,Week3,Lakeview,Week1,297.0 Cottontail - 105.0 Lakeview
Cottontail,Week4,Hunt Valley,Week5,304.5 Hunt Valley - 97.5 Cottontail
Cottontail,Week2,Lakevale Estates,Week5,316.0 Lakevale Estates - 86.0 Cottontail
Cottontail,Week3,Holmes Run Acres,Week1,234.0 Holmes Run Acres - 168.0 Cottontail
Cottontail,Week3,Holmes Run Acres,Week3,266.0 Holmes Run Acres - 136.0 Cottontail
Cottontail,Week1,Virginia Hills,Week3,334.0 Cottontail - 68.0 Virginia Hills
Cottontail,Week2,Lakeview,Week5,265.0 Cottontail - 128.0 Lakeview
Cottontail,Week1,Virginia Run,Week1,264.0 Virginia Run - 138.0 Cottontail
Country Club Hills,Week2,Hollin Meadows,Week5,269.0 Hollin Meadows - 133.0 Country Club Hills
Country Club Hills,Week1,Donaldson Run,Week2,318.0 Donaldson Run - 84.0 Country Club Hills
Cottontail,Week3,Lakevale Estates,Week2,302.0 Lakevale Estates - 100.0 Cottontail
Cottontail,Week2,Virginia Hills,Week1,333.0 Cottontail - 69.0 Virginia Hills
Country Club Hills,Week2,Donaldson Run,Week4,323.0 Donaldson Run - 79.0 Country Club Hills
Cottontail,Week3,Holmes Run Acres,Week5,275.0 Holmes Run Acres - 127.0 Cottontail
Cottontail,Week2,Virginia Hills,Week3,333.0 Cottontail - 69.0 Virginia Hills
Cottontail,Week5,Holmes Run Acres,Week5,258.0 Holmes Run Acres - 144.0 Cottontail
Cottontail,Week4,Holmes Run Acres,Week1,235.0 Holmes Run Acres - 167.0 Cottontail
Country Club Hills,Week3,Hollin Meadows,Week5,254.5 Hollin Meadows - 147.5 Country Club Hills
Country Club Hills,Week4,Hollin Meadows,Week3,263.5 Hollin Meadows - 138.5 Country Club Hills
Country Club Hills,Week5,Hollin Meadows,Week4,214.0 Hollin Meadows - 188.0 Country Club Hills
Country Club Hills,Week5,Hollin Meadows,Week3,220.0 Hollin Meadows - 182.0 Country Club Hills
Cottontail,Week3,Lakeview,Week4,262.0 Cottontail - 140.0 Lakeview
Cottontail,Week4,Lakeview,Week3,279.0 Cottontail - 123.0 Lakeview
Country Club Hills,Week4,Hollin Meadows,Week5,259.0 Hollin Meadows - 143.0 Country Club Hills
Cottontail,Week1,Virginia Hills,Week2,330.0 Cottontail - 72.0 Virginia Hills
Cottontail,Week4,Lakeview,Week5,255.0 Cottontail - 133.0 Lakeview
Cottontail,Week3,Village West,Week3,219.0 Cottontail - 183.0 Village West
Cottontail,Week1,Hunt Valley,Week2,288.5 Hunt Valley - 113.5 Cottontail
Cottontail,Week4,Lakeview,Week1,292.0 Cottontail - 110.0 Lakeview
Country Club Hills,Week2,Donaldson Run,Week1,319.0 Donaldson Run - 83.0 Country Club Hills
Cottontail,Week4,Lakeview,Week4,249.0 Cottontail - 148.0 Lakeview
Cottontail,Week2,Lakeview,Week2,293.0 Cottontail - 109.0 Lakeview
Country Club Hills,Week3,Donaldson Run,Week1,314.0 Donaldson Run - 88.0 Country Club Hills
Cottontail,Week2,Hunt Valley,Week1,275.0 Hunt Valley - 127.0 Cottontail
Country Club Hills,Week5,Hollin Meadows,Week2,203.5 Country Club Hills - 198.5 Hollin Meadows
Cottontail,Week3,Lakeview,Week2,304.5 Cottontail - 97.5 Lakeview
Cottontail,Week4,Hunt Valley,Week4,296.0 Hunt Valley - 106.0 Cottontail
Country Club Hills,Week3,Donaldson Run,Week2,312.0 Donaldson Run - 90.0 Country Club Hills
Country Club Hills,Week3,Donaldson Run,Week3,327.0 Donaldson Run - 75.0 Country Club Hills
Cottontail,Week3,Village West,Week5,234.0 Cottontail - 168.0 Village West
Country Club Hills,Week3,Donaldson Run,Week4,329.0 Donaldson Run - 73.0 Country Club Hills
Country Club Hills,Week1,Holmes Run Acres,Week2,217.0 Holmes Run Acres - 180.0 Country Club Hills
Country Club Hills,Week5,Hollin Meadows,Week5,233.0 Hollin Meadows - 169.0 Country Club Hills
Country Club Hills,Week3,Donaldson Run,Week5,329.0 Donaldson Run - 73.0 Country Club Hills
Cottontail,Week2,Holmes Run Acres,Week2,222.5 Holmes Run Acres - 179.5 Cottontail
Cottontail,Week2,Langley,Week3,276.0 Langley - 126.0 Cottontail
Cottontail,Week5,Village West,Week3,250.0 Cottontail - 152.0 Village West
Cottontail,Week3,Langley,Week1,284.0 Langley - 118.0 Cottontail
Cottontail,Week5,Lakeview,Week1,316.0 Cottontail - 86.0 Lakeview
Country Club Hills,Week3,Dowden Terrace,Week4,232.0 Dowden Terrace - 170.0 Country Club Hills
Cottontail,Week5,Holmes Run Acres,Week4,216.0 Holmes Run Acres - 186.0 Cottontail
Cottontail,Week2,Holmes Run Acres,Week3,260.0 Holmes Run Acres - 142.0 Cottontail
Country Club Hills,Week1,Holmes Run Acres,Week1,224.0 Holmes Run Acres - 178.0 Country Club Hills
Cottontail,Week5,Village West,Week1,272.0 Cottontail - 130.0 Village West
Cottontail,Week4,Langley,Week2,275.0 Langley - 127.0 Cottontail
Country Club Hills,Week1,Holmes Run Acres,Week5,264.0 Holmes Run Acres - 138.0 Country Club Hills
Cottontail,Week2,Holmes Run Acres,Week4,234.0 Holmes Run Acres - 168.0 Cottontail
Country Club Hills,Week2,Holmes Run Acres,Week5,268.0 Holmes Run Acres - 134.0 Country Club Hills
Cottontail,Week5,Lakeview,Week5,288.0 Cottontail - 105.0 Lakeview
Cottontail,Week2,Hunt Valley,Week3,305.0 Hunt Valley - 97.0 Cottontail
Cottontail,Week1,Langley,Week1,278.0 Langley - 124.0 Cottontail
Country Club Hills,Week4,Dowden Terrace,Week5,267.0 Dowden Terrace - 135.0 Country Club Hills
Country Club Hills,Week3,Holmes Run Acres,Week3,268.0 Holmes Run Acres - 134.0 Country Club Hills
Country Club Hills,Week1,Holmes Run Acres,Week3,265.0 Holmes Run Acres - 137.0 Country Club Hills
Cottontail,Week2,Langley,Week1,282.0 Langley - 120.0 Cottontail
Country Club Hills,Week2,Dowden Terrace,Week5,260.0 Dowden Terrace - 142.0 Country Club Hills
Cottontail,Week5,Langley,Week3,267.0 Langley - 135.0 Cottontail
Country Club Hills,Week4,Donaldson Run,Week3,318.0 Donaldson Run - 84.0 Country Club Hills
Cottontail,Week1,Virginia Hills,Week5,313.0 Cottontail - 89.0 Virginia Hills
Country Club Hills,Week5,Dowden Terrace,Week2,208.5 Dowden Terrace - 193.5 Country Club Hills
Cottontail,Week4,Holmes Run Acres,Week2,223.0 Holmes Run Acres - 174.0 Cottontail
Cottontail,Week3,Virginia Hills,Week1,316.0 Cottontail - 86.0 Virginia Hills
Cottontail,Week3,Virginia Hills,Week3,321.0 Cottontail - 81.0 Virginia Hills
Cottontail,Week5,Holmes Run Acres,Week3,245.0 Holmes Run Acres - 157.0 Cottontail
Cottontail,Week1,Virginia Hills,Week1,331.0 Cottontail - 71.0 Virginia Hills
Country Club Hills,Week3,Holmes Run Acres,Week1,222.0 Holmes Run Acres - 180.0 Country Club Hills
Country Club Hills,Week5,Donaldson Run,Week2,299.0 Donaldson Run - 103.0 Country Club Hills
Cottontail,Week4,Holmes Run Acres,Week4,229.0 Holmes Run Acres - 173.0 Cottontail
Cottontail,Week3,Virginia Hills,Week4,325.0 Cottontail - 77.0 Virginia Hills
Country Club Hills,Week3,Dowden Terrace,Week1,214.0 Dowden Terrace - 187.0 Country Club Hills
Cottontail,Week3,Virginia Hills,Week5,302.0 Cottontail - 100.0 Virginia Hills
Country Club Hills,Week3,Holmes Run Acres,Week4,229.0 Holmes Run Acres - 173.0 Country Club Hills
Cottontail,Week2,Hunt Valley,Week5,307.5 Hunt Valley - 94.5 Cottontail
Cottontail,Week5,Virginia Hills,Week1,348.0 Cottontail - 54.0 Virginia Hills
Cottontail,Week3,Hunt Valley,Week4,307.0 Hunt Valley - 95.0 Cottontail
Country Club Hills,Week3,Holmes Run Acres,Week2,218.5 Holmes Run Acres - 183.5 Country Club Hills
Country Club Hills,Week4,Donaldson Run,Week4,324.0 Donaldson Run - 78.0 Country Club Hills
Country Club Hills,Week2,Holmes Run Acres,Week2,213.0 Holmes Run Acres - 189.0 Country Club Hills
Country Club Hills,Week2,Holmes Run Acres,Week3,281.0 Holmes Run Acres - 121.0 Country Club Hills
Cottontail,Week5,Virginia Hills,Week4,350.0 Cottontail - 52.0 Virginia Hills
Cottontail,Week2,Laurel Hill,Week2,269.0 Cottontail - 133.0 Laurel Hill
Country Club Hills,Week5,Donaldson Run,Week4,303.0 Donaldson Run - 99.0 Country Club Hills
Cottontail,Week1,Laurel Hill,Week2,294.0 Cottontail - 108.0 Laurel Hill
Cottontail,Week1,Laurel Hill,Week3,248.0 Cottontail - 154.0 Laurel Hill
Cottontail,Week2,Hunt Valley,Week2,295.0 Hunt Valley - 107.0 Cottontail
Cottontail,Week1,Laurel Hill,Week5,227.0 Cottontail - 175.0 Laurel Hill
Cottontail,Week3,Hunt Valley,Week2,294.0 Hunt Valley - 108.0 Cottontail
Cottontail,Week4,Virginia Hills,Week2,327.0 Cottontail - 75.0 Virginia Hills
Cottontail,Week5,Lakeview,Week3,295.0 Cottontail - 107.0 Lakeview
Cottontail,Week2,Langley,Week5,278.0 Langley - 124.0 Cottontail
Cottontail,Week3,Hunt Valley,Week5,314.0 Hunt Valley - 88.0 Cottontail
Cottontail,Week1,Virginia Run,Week2,227.0 Virginia Run - 175.0 Cottontail
Country Club Hills,Week4,Holmes Run Acres,Week3,268.0 Holmes Run Acres - 134.0 Country Club Hills
Country Club Hills,Week2,Holmes Run Acres,Week1,223.5 Holmes Run Acres - 178.5 Country Club Hills
Cottontail,Week4,Virginia Hills,Week4,331.0 Cottontail - 71.0 Virginia Hills
Cottontail,Week4,Hunt Valley,Week2,287.0 Hunt Valley - 115.0 Cottontail
Cottontail,Week5,Virginia Hills,Week2,351.0 Cottontail - 51.0 Virginia Hills
Cottontail,Week4,Langley,Week4,305.0 Langley - 97.0 Cottontail
Country Club Hills,Week3,Dowden Terrace,Week2,230.0 Dowden Terrace - 172.0 Country Club Hills
Cottontail,Week2,Langley,Week2,262.0 Langley - 140.0 Cottontail
Cottontail,Week5,Lakeview,Week4,276.0 Cottontail - 126.0 Lakeview
Country Club Hills,Week4,Holmes Run Acres,Week1,238.0 Holmes Run Acres - 164.0 Country Club Hills
Country Club Hills,Week1,Dowden Terrace,Week2,231.0 Dowden Terrace - 171.0 Country Club Hills
Country Club Hills,Week4,Holmes Run Acres,Week2,227.0 Holmes Run Acres - 175.0 Country Club Hills
Country Club Hills,Week3,Dowden Terrace,Week5,266.0 Dowden Terrace - 136.0 Country Club Hills
Cottontail,Week4,Hunt Valley,Week1,272.0 Hunt Valley - 130.0 Cottontail
Cottontail,Week1,Hunt Valley,Week1,270.0 Hunt Valley - 132.0 Cottontail
Cottontail,Week5,Virginia Hills,Week3,358.0 Cottontail - 44.0 Virginia Hills
Country Club Hills,Week2,Holmes Run Acres,Week4,234.0 Holmes Run Acres - 168.0 Country Club Hills
Country Club Hills,Week4,Donaldson Run,Week2,312.0 Donaldson Run - 90.0 Country Club Hills
Cottontail,Week3,Hunt Valley,Week1,289.0 Hunt Valley - 113.0 Cottontail
Cottontail,Week4,Virginia Hills,Week1,328.0 Cottontail - 74.0 Virginia Hills
Cottontail,Week5,Lakeview,Week2,311.0 Cottontail - 91.0 Lakeview
Country Club Hills,Week3,Holmes Run Acres,Week5,255.0 Holmes Run Acres - 147.0 Country Club Hills
Cottontail,Week3,Virginia Hills,Week2,325.0 Cottontail - 77.0 Virginia Hills
Cottontail,Week5,Virginia Hills,Week5,335.0 Cottontail - 67.0 Virginia Hills
Cottontail,Week5,Langley,Week2,268.0 Langley - 134.0 Cottontail
Cottontail,Week3,Hunt Valley,Week3,308.0 Hunt Valley - 94.0 Cottontail
Country Club Hills,Week4,Donaldson Run,Week5,334.0 Donaldson Run - 63.0 Country Club Hills
Country Club Hills,Week4,Donaldson Run,Week1,314.0 Donaldson Run - 88.0 Country Club Hills
Country Club Hills,Week5,Donaldson Run,Week1,285.0 Donaldson Run - 117.0 Country Club Hills
Country Club Hills,Week1,Dowden Terrace,Week3,222.0 Dowden Terrace - 180.0 Country Club Hills
Cottontail,Week2,Hunt Valley,Week4,307.0 Hunt Valley - 95.0 Cottontail
Cottontail,Week4,Virginia Hills,Week3,332.0 Cottontail - 70.0 Virginia Hills
Cottontail,Week4,Langley,Week1,287.0 Langley - 115.0 Cottontail
Cottontail,Week3,Langley,Week3,282.0 Langley - 120.0 Cottontail
Cottontail,Week4,Virginia Hills,Week5,301.5 Cottontail - 100.5 Virginia Hills
Cottontail,Week4,Hunt Valley,Week3,303.0 Hunt Valley - 99.0 Cottontail
Country Club Hills,Week1,Dowden Terrace,Week4,226.0 Dowden Terrace - 176.0 Country Club Hills
Country Club Hills,Week1,Dowden Terrace,Week1,218.0 Dowden Terrace - 184.0 Country Club Hills
Country Club Hills,Week2,Dowden Terrace,Week2,230.0 Dowden Terrace - 172.0 Country Club Hills
Cottontail,Week2,Hunter Mill,Week1,263.0 Hunter Mill - 139.0 Cottontail
Cottontail,Week1,Virginia Run,Week3,249.0 Virginia Run - 153.0 Cottontail
Cottontail,Week1,Virginia Run,Week5,266.0 Virginia Run - 136.0 Cottontail
Cottontail,Week5,Hunt Valley,Week5,294.0 Hunt Valley - 108.0 Cottontail
Cottontail,Week4,Langley,Week3,279.0 Langley - 123.0 Cottontail
Cottontail,Week1,Virginia Run,Week4,253.0 Virginia Run - 149.0 Cottontail
Cottontail,Week5,Hunt Valley,Week1,278.0 Hunt Valley - 124.0 Cottontail
Cottontail,Week4,Hunter Mill,Week3,270.0 Hunter Mill - 132.0 Cottontail
Cottontail,Week2,Virginia Run,Week1,273.0 Virginia Run - 129.0 Cottontail
Country Club Hills,Week5,Donaldson Run,Week5,327.0 Donaldson Run - 75.0 Country Club Hills
Cottontail,Week2,Langley,Week4,292.0 Langley - 110.0 Cottontail
Cottontail,Week3,Langley,Week2,278.0 Langley - 124.0 Cottontail
Country Club Hills,Week2,Dowden Terrace,Week1,221.0 Dowden Terrace - 181.0 Country Club Hills
Country Club Hills,Week1,Dowden Terrace,Week5,259.5 Dowden Terrace - 142.5 Country Club Hills
Cottontail,Week4,Hunter Mill,Week4,277.0 Hunter Mill - 125.0 Cottontail
Country Club Hills,Week3,Dowden Terrace,Week3,225.0 Dowden Terrace - 177.0 Country Club Hills
Cottontail,Week4,Langley,Week5,278.0 Langley - 124.0 Cottontail
Cottontail,Week3,Langley,Week5,273.0 Langley - 129.0 Cottontail
Cottontail,Week1,Langley,Week3,273.0 Langley - 129.0 Cottontail
Cottontail,Week3,Hunter Mill,Week3,283.0 Hunter Mill - 119.0 Cottontail
Country Club Hills,Week4,Dowden Terrace,Week3,228.0 Dowden Terrace - 174.0 Country Club Hills
Cottontail,Week1,Hunter Mill,Week1,267.0 Hunter Mill - 135.0 Cottontail
Country Club Hills,Week4,Dowden Terrace,Week2,226.0 Dowden Terrace - 171.0 Country Club Hills
Cottontail,Week1,Langley,Week5,255.0 Langley - 147.0 Cottontail
Country Club Hills,Week5,Donaldson Run,Week3,294.0 Donaldson Run - 108.0 Country Club Hills
Country Club Hills,Week2,Dowden Terrace,Week3,222.0 Dowden Terrace - 180.0 Country Club Hills
Cottontail,Week4,Hunter Mill,Week5,285.0 Hunter Mill - 117.0 Cottontail
Cottontail,Week1,Hunter Mill,Week4,274.0 Hunter Mill - 128.0 Cottontail
Cottontail,Week1,Langley,Week2,264.0 Langley - 138.0 Cottontail
Cottontail,Week2,Hunter Mill,Week3,273.0 Hunter Mill - 129.0 Cottontail
Cottontail,Week5,Hunt Valley,Week4,286.0 Hunt Valley - 116.0 Cottontail
Country Club Hills,Week4,Dowden Terrace,Week1,223.0 Dowden Terrace - 179.0 Country Club Hills
Cottontail,Week3,Langley,Week4,291.5 Langley - 110.5 Cottontail
Country Club Hills,Week2,Dowden Terrace,Week4,239.0 Dowden Terrace - 163.0 Country Club Hills
Cottontail,Week1,Langley,Week4,290.0 Langley - 112.0 Cottontail
Cottontail,Week5,Langley,Week1,281.5 Langley - 120.5 Cottontail
Cottontail,Week5,Hunt Valley,Week3,286.0 Hunt Valley - 116.0 Cottontail
Cottontail,Week3,Laurel Hill,Week1,256.0 Cottontail - 146.0 Laurel Hill
Cottontail,Week5,Hunt Valley,Week2,273.0 Hunt Valley - 129.0 Cottontail
Cottontail,Week3,Laurel Hill,Week5,215.0 Cottontail - 187.0 Laurel Hill
Country Club Hills,Week5,Dowden Terrace,Week4,215.0 Dowden Terrace - 187.0 Country Club Hills
Cottontail,Week1,Lee Graham,Week3,313.0 Lee Graham - 89.0 Cottontail
Cottontail,Week1,Laurel Hill,Week1,268.0 Cottontail - 134.0 Laurel Hill
Cottontail,Week5,Langley,Week5,274.0 Langley - 128.0 Cottontail
Country Club Hills,Week5,Dowden Terrace,Week5,227.0 Dowden Terrace - 175.0 Country Club Hills
Cottontail,Week1,Lee Graham,Week5,308.0 Lee Graham - 94.0 Cottontail
Cottontail,Week5,Langley,Week4,287.0 Langley - 115.0 Cottontail
Cottontail,Week1,Hunter Mill,Week3,270.0 Hunter Mill - 132.0 Cottontail
Country Club Hills,Week2,Dunn Loring,Week5,335.0 Dunn Loring - 67.0 Country Club Hills
Cottontail,Week2,Hunter Mill,Week4,271.0 Hunter Mill - 131.0 Cottontail
Country Club Hills,Week5,Dowden Terrace,Week1,201.0 Dowden Terrace - 200.0 Country Club Hills
Country Club Hills,Week4,Dowden Terrace,Week4,230.0 Dowden Terrace - 172.0 Country Club Hills
Cottontail,Week1,Laurel Hill,Week4,244.0 Cottontail - 158.0 Laurel Hill
Country Club Hills,Week3,Dunn Loring,Week1,283.0 Dunn Loring - 119.0 Country Club Hills
Country Club Hills,Week5,Dunn Loring,Week5,302.0 Dunn Loring - 100.0 Country Club Hills
Country Club Hills,Week3,Dunn Loring,Week3,331.0 Dunn Loring - 71.0 Country Club Hills
Cottontail,Week1,Kent Gardens,Week1,239.0 Kent Gardens - 163.0 Cottontail
Cottontail,Week2,Laurel Hill,Week1,258.0 Cottontail - 144.0 Laurel Hill
Country Club Hills,Week1,Dunn Loring,Week5,321.0 Dunn Loring - 81.0 Country Club Hills
Cottontail,Week2,Hunter Mill,Week5,286.0 Hunter Mill - 116.0 Cottontail
Cottontail,Week4,Hunter Mill,Week2,255.0 Hunter Mill - 147.0 Cottontail
Cottontail,Week3,Hunter Mill,Week2,265.0 Hunter Mill - 137.0 Cottontail
Cottontail,Week3,Hunter Mill,Week1,278.0 Hunter Mill - 124.0 Cottontail
Country Club Hills,Week5,Dunn Loring,Week3,300.0 Dunn Loring - 102.0 Country Club Hills
Cottontail,Week3,Ilda Community,Week1,235.0 Cottontail - 166.0 Ilda Community
Cottontail,Week1,Lee Graham,Week4,292.0 Lee Graham - 110.0 Cottontail
Cottontail,Week5,Hunter Mill,Week4,269.0 Hunter Mill - 133.0 Cottontail
Cottontail,Week3,Hunter Mill,Week5,309.0 Hunter Mill - 93.0 Cottontail
Cottontail,Week2,Lee Graham,Week4,297.0 Lee Graham - 105.0 Cottontail
Cottontail,Week2,Lee Graham,Week3,319.0 Lee Graham - 83.0 Cottontail
Cottontail,Week5,Ilda Community,Week4,242.0 Cottontail - 160.0 Ilda Community
Cottontail,Week2,Laurel Hill,Week3,241.0 Cottontail - 161.0 Laurel Hill
Cottontail,Week2,Lee Graham,Week1,301.0 Lee Graham - 101.0 Cottontail
Cottontail,Week2,Lee Graham,Week5,304.0 Lee Graham - 98.0 Cottontail
Cottontail,Week4,Laurel Hill,Week4,239.0 Cottontail - 163.0 Laurel Hill
Country Club Hills,Week1,Fair Oaks ,Week1,244.0 Fair Oaks - 158.0 Country Club Hills
Country Club Hills,Week2,Dunn Loring,Week1,281.0 Dunn Loring - 121.0 Country Club Hills
Cottontail,Week3,Hunter Mill,Week4,284.0 Hunter Mill - 118.0 Cottontail
Country Club Hills,Week1,Fair Oaks ,Week2,216.0 Fair Oaks - 186.0 Country Club Hills
Cottontail,Week4,Hunter Mill,Week1,269.0 Hunter Mill - 133.0 Cottontail
Country Club Hills,Week3,Dunn Loring,Week2,321.0 Dunn Loring - 81.0 Country Club Hills
Country Club Hills,Week2,Dunn Loring,Week2,328.5 Dunn Loring - 73.5 Country Club Hills
Cottontail,Week1,Hunter Mill,Week5,275.0 Hunter Mill - 127.0 Cottontail
Country Club Hills,Week1,Fair Oaks ,Week4,244.0 Fair Oaks - 158.0 Country Club Hills
Country Club Hills,Week1,Fair Oaks ,Week3,248.0 Fair Oaks - 154.0 Country Club Hills
Cottontail,Week2,Lee Graham,Week2,308.0 Lee Graham - 94.0 Cottontail
Cottontail,Week4,Ilda Community,Week2,252.0 Cottontail - 150.0 Ilda Community
Cottontail,Week2,Hunter Mill,Week2,259.0 Hunter Mill - 143.0 Cottontail
Cottontail,Week1,Hunter Mill,Week2,250.0 Hunter Mill - 152.0 Cottontail
Country Club Hills,Week5,Dowden Terrace,Week3,209.0 Country Club Hills - 193.0 Dowden Terrace
Cottontail,Week4,Laurel Hill,Week1,250.0 Cottontail - 152.0 Laurel Hill
Cottontail,Week3,Laurel Hill,Week4,251.0 Cottontail - 151.0 Laurel Hill
Country Club Hills,Week3,Dunn Loring,Week4,323.0 Dunn Loring - 79.0 Country Club Hills
Country Club Hills,Week4,Dunn Loring,Week5,331.0 Dunn Loring - 71.0 Country Club Hills
Cottontail,Week2,Ilda Community,Week4,221.0 Cottontail - 181.0 Ilda Community
Cottontail,Week5,Hunter Mill,Week2,254.0 Hunter Mill - 148.0 Cottontail
Country Club Hills,Week3,Dunn Loring,Week5,331.0 Dunn Loring - 71.0 Country Club Hills
Cottontail,Week5,Laurel Hill,Week5,236.0 Cottontail - 166.0 Laurel Hill
Country Club Hills,Week5,Dunn Loring,Week1,256.0 Dunn Loring - 146.0 Country Club Hills
Cottontail,Week1,Ilda Community,Week5,255.0 Cottontail - 147.0 Ilda Community
Cottontail,Week2,Ilda Community,Week1,238.0 Cottontail - 164.0 Ilda Community
Cottontail,Week5,Laurel Hill,Week3,256.5 Cottontail - 145.5 Laurel Hill
Cottontail,Week3,Laurel Hill,Week2,261.0 Cottontail - 141.0 Laurel Hill
Country Club Hills,Week4,Dunn Loring,Week3,331.0 Dunn Loring - 71.0 Country Club Hills
Cottontail,Week4,Laurel Hill,Week3,235.5 Cottontail - 166.5 Laurel Hill
Cottontail,Week3,Ilda Community,Week2,242.0 Cottontail - 160.0 Ilda Community
Cottontail,Week5,Laurel Hill,Week1,275.0 Cottontail - 127.0 Laurel Hill
Cottontail,Week2,Laurel Hill,Week4,251.5 Cottontail - 150.5 Laurel Hill
Cottontail,Week2,Ilda Community,Week5,239.0 Cottontail - 163.0 Ilda Community
Country Club Hills,Week5,Dunn Loring,Week2,305.0 Dunn Loring - 97.0 Country Club Hills
Cottontail,Week4,Laurel Hill,Week2,273.0 Cottontail - 129.0 Laurel Hill
Cottontail,Week1,Ilda Community,Week2,262.0 Cottontail - 140.0 Ilda Community
Country Club Hills,Week2,Dunn Loring,Week4,323.0 Dunn Loring - 79.0 Country Club Hills
Country Club Hills,Week1,Dunn Loring,Week3,318.5 Dunn Loring - 83.5 Country Club Hills
Cottontail,Week2,Ilda Community,Week2,251.0 Cottontail - 151.0 Ilda Community
Country Club Hills,Week1,Dunn Loring,Week1,280.0 Dunn Loring - 122.0 Country Club Hills
Country Club Hills,Week4,Dunn Loring,Week2,329.0 Dunn Loring - 73.0 Country Club Hills
Cottontail,Week4,Ilda Community,Week3,245.0 Cottontail - 157.0 Ilda Community
Cottontail,Week5,Hunter Mill,Week5,267.0 Hunter Mill - 135.0 Cottontail
Cottontail,Week1,Ilda Community,Week1,248.0 Cottontail - 154.0 Ilda Community
Cottontail,Week4,Ilda Community,Week5,231.0 Cottontail - 171.0 Ilda Community
Cottontail,Week4,Laurel Hill,Week5,213.0 Cottontail - 184.0 Laurel Hill
Country Club Hills,Week1,Dunn Loring,Week4,321.0 Dunn Loring - 81.0 Country Club Hills
Country Club Hills,Week4,Dunn Loring,Week4,320.0 Dunn Loring - 82.0 Country Club Hills
Cottontail,Week3,Laurel Hill,Week3,240.0 Cottontail - 162.0 Laurel Hill
Cottontail,Week5,Laurel Hill,Week4,269.0 Cottontail - 133.0 Laurel Hill
Country Club Hills,Week1,Dunn Loring,Week2,319.0 Dunn Loring - 83.0 Country Club Hills
Cottontail,Week2,Laurel Hill,Week5,218.0 Cottontail - 184.0 Laurel Hill
Cottontail,Week5,Laurel Hill,Week2,283.0 Cottontail - 119.0 Laurel Hill
Country Club Hills,Week2,Dunn Loring,Week3,330.0 Dunn Loring - 72.0 Country Club Hills
Cottontail,Week1,Lee Graham,Week1,296.0 Lee Graham - 106.0 Cottontail
Cottontail,Week5,Hunter Mill,Week1,258.0 Hunter Mill - 144.0 Cottontail
Country Club Hills,Week2,Fairfax,Week2,307.0 Fairfax - 95.0 Country Club Hills
Cottontail,Week5,Ilda Community,Week5,265.0 Cottontail - 137.0 Ilda Community
Commonwealth,Week5,Vienna Aquatic,Week2,302.0 Vienna Aquatic - 100.0 Commonwealth
Commonwealth,Week3,Tuckahoe,Week3,344.0 Tuckahoe - 58.0 Commonwealth
Cottontail,Week5,Lee Graham,Week5,299.0 Lee Graham - 103.0 Cottontail
Cottontail,Week1,Ilda Community,Week3,253.0 Cottontail - 149.0 Ilda Community
Cottontail,Week1,Ilda Community,Week4,233.0 Cottontail - 169.0 Ilda Community
Country Club Hills,Week5,Fair Oaks ,Week2,221.0 Country Club Hills - 181.0 Fair Oaks
Cottontail,Week3,Ilda Community,Week4,225.0 Cottontail - 177.0 Ilda Community
Cottontail,Week3,Lincolnia Park,Week1,293.0 Cottontail - 109.0 Lincolnia Park
Cottontail,Week2,Lincolnia Park,Week5,260.0 Cottontail - 133.0 Lincolnia Park
Cottontail,Week3,Ilda Community,Week3,233.0 Cottontail - 169.0 Ilda Community
Country Club Hills,Week4,Dunn Loring,Week1,286.0 Dunn Loring - 111.0 Country Club Hills
Cottontail,Week3,Lee Graham,Week2,318.5 Lee Graham - 83.5 Cottontail
Commonwealth,Week1,Vienna Aquatic,Week2,306.5 Vienna Aquatic - 95.5 Commonwealth
Commonwealth,Week4,Tuckahoe,Week5,350.0 Tuckahoe - 52.0 Commonwealth
Country Club Hills,Week2,Fair Oaks ,Week2,213.0 Fair Oaks - 189.0 Country Club Hills
Country Club Hills,Week2,Fair Oaks ,Week4,247.0 Fair Oaks - 155.0 Country Club Hills
Cottontail,Week5,Ilda Community,Week2,282.0 Cottontail - 120.0 Ilda Community
Cottontail,Week4,Lee Graham,Week2,313.0 Lee Graham - 89.0 Cottontail
Commonwealth,Week5,Tuckahoe,Week1,331.0 Tuckahoe - 71.0 Commonwealth
Cottontail,Week3,Lincolnia Park,Week2,287.0 Cottontail - 106.0 Lincolnia Park
Country Club Hills,Week5,Dunn Loring,Week4,297.0 Dunn Loring - 105.0 Country Club Hills
Cottontail,Week1,Lee Graham,Week2,305.0 Lee Graham - 97.0 Cottontail
Cottontail,Week3,Ilda Community,Week5,244.0 Cottontail - 157.0 Ilda Community
Cottontail,Week4,Ilda Community,Week4,235.5 Cottontail - 166.5 Ilda Community
Commonwealth,Week1,Vienna Aquatic,Week5,329.0 Vienna Aquatic - 73.0 Commonwealth
Cottontail,Week4,Lee Graham,Week4,315.0 Lee Graham - 87.0 Cottontail
Cottontail,Week4,Ilda Community,Week1,237.0 Cottontail - 165.0 Ilda Community
Cottontail,Week5,Hunter Mill,Week3,261.0 Hunter Mill - 141.0 Cottontail
Commonwealth,Week4,Tuckahoe,Week4,353.0 Tuckahoe - 49.0 Commonwealth
Commonwealth,Week2,Vienna Aquatic,Week3,301.0 Vienna Aquatic - 101.0 Commonwealth
Cottontail,Week5,Lee Graham,Week1,291.0 Lee Graham - 111.0 Cottontail
Country Club Hills,Week4,Fair Oaks ,Week3,246.0 Fair Oaks - 156.0 Country Club Hills
Commonwealth,Week1,Vienna Aquatic,Week3,309.0 Vienna Aquatic - 93.0 Commonwealth
Country Club Hills,Week4,Fair Oaks ,Week1,248.0 Fair Oaks - 154.0 Country Club Hills
Cottontail,Week5,Ilda Community,Week1,264.0 Cottontail - 138.0 Ilda Community
Country Club Hills,Week5,Fair Oaks ,Week4,202.0 Fair Oaks - 200.0 Country Club Hills
Cottontail,Week1,Lincolnia Park,Week2,305.0 Cottontail - 88.0 Lincolnia Park
Country Club Hills,Week3,Fair Oaks ,Week4,238.0 Fair Oaks - 164.0 Country Club Hills
Cottontail,Week5,Lee Graham,Week4,287.0 Lee Graham - 115.0 Cottontail
Commonwealth,Week5,Tuckahoe,Week2,337.0 Tuckahoe - 65.0 Commonwealth
Cottontail,Week4,Lee Graham,Week3,307.0 Lee Graham - 95.0 Cottontail
Country Club Hills,Week5,Fair Oaks ,Week1,222.0 Fair Oaks - 180.0 Country Club Hills
Cottontail,Week5,Ilda Community,Week3,258.0 Cottontail - 144.0 Ilda Community
Commonwealth,Week5,Tuckahoe,Week4,345.0 Tuckahoe - 57.0 Commonwealth
Country Club Hills,Week2,Fairfax,Week4,298.0 Fairfax - 104.0 Country Club Hills
Cottontail,Week2,Ilda Community,Week3,244.0 Cottontail - 158.0 Ilda Community
Cottontail,Week5,Kent Gardens,Week1,232.0 Kent Gardens - 170.0 Cottontail
Cottontail,Week3,Kent Gardens,Week4,226.0 Kent Gardens - 176.0 Cottontail
Commonwealth,Week4,Vienna Aquatic,Week2,297.0 Vienna Aquatic - 105.0 Commonwealth
Commonwealth,Week5,Vienna Aquatic,Week1,298.0 Vienna Aquatic - 104.0 Commonwealth
Cottontail,Week5,Kent Gardens,Week4,205.0 Kent Gardens - 197.0 Cottontail
Commonwealth,Week4,Vienna Aquatic,Week4,310.0 Vienna Aquatic - 87.0 Commonwealth
Commonwealth,Week1,Vienna Woods,Week2,329.0 Vienna Woods - 73.0 Commonwealth
Cottontail,Week3,Chesterbrook,Week3,381.0 Chesterbrook - 21.0 Cottontail
Commonwealth,Week1,Vienna Woods,Week4,317.0 Vienna Woods - 80.0 Commonwealth
Cottontail,Week3,Lee Graham,Week1,307.0 Lee Graham - 95.0 Cottontail
Cottontail,Week2,Kent Gardens,Week1,250.0 Kent Gardens - 152.0 Cottontail
Cottontail,Week3,Kent Gardens,Week1,253.0 Kent Gardens - 149.0 Cottontail
Cottontail,Week4,Lee Graham,Week5,307.0 Lee Graham - 95.0 Cottontail
Cottontail,Week1,Kent Gardens,Week3,212.0 Cottontail - 190.0 Kent Gardens
Cottontail,Week1,Lincolnia Park,Week3,274.0 Cottontail - 119.0 Lincolnia Park
Country Club Hills,Week5,Fair Oaks ,Week5,239.0 Fair Oaks - 163.0 Country Club Hills
Cottontail,Week1,Lincolnia Park,Week4,313.0 Cottontail - 89.0 Lincolnia Park
Cottontail,Week1,Chesterbrook,Week4,367.0 Chesterbrook - 35.0 Cottontail
Cottontail,Week2,Chesterbrook,Week1,360.0 Chesterbrook - 42.0 Cottontail
Country Club Hills,Week4,Fair Oaks ,Week5,264.0 Fair Oaks - 138.0 Country Club Hills
Commonwealth,Week4,Tuckahoe,Week1,347.0 Tuckahoe - 55.0 Commonwealth
Cottontail,Week1,Little Hunting Park,Week3,237.0 Cottontail - 165.0 Little Hunting Park
Commonwealth,Week3,Tuckahoe,Week5,337.0 Tuckahoe - 65.0 Commonwealth
Cottontail,Week3,Chesterbrook,Week5,378.0 Chesterbrook - 24.0 Cottontail
Country Club Hills,Week3,Fair Oaks ,Week5,262.0 Fair Oaks - 140.0 Country Club Hills
Cottontail,Week5,Lee Graham,Week2,297.0 Lee Graham - 105.0 Cottontail
Country Club Hills,Week2,Fair Oaks ,Week3,256.0 Fair Oaks - 146.0 Country Club Hills
Cottontail,Week4,Kent Gardens,Week2,207.0 Kent Gardens - 195.0 Cottontail
Country Club Hills,Week1,Fairfax,Week1,287.0 Fairfax - 115.0 Country Club Hills
Commonwealth,Week4,Tuckahoe,Week3,349.0 Tuckahoe - 53.0 Commonwealth
Country Club Hills,Week4,Fair Oaks ,Week4,230.0 Fair Oaks - 172.0 Country Club Hills
Cottontail,Week5,Lee Graham,Week3,295.0 Lee Graham - 107.0 Cottontail
Country Club Hills,Week4,Fair Oaks ,Week2,208.5 Fair Oaks - 193.5 Country Club Hills
Country Club Hills,Week2,Fairfax,Week3,301.0 Fairfax - 101.0 Country Club Hills
Cottontail,Week2,Kent Gardens,Week2,213.0 Kent Gardens - 189.0 Cottontail
Country Club Hills,Week3,Fair Oaks ,Week2,219.0 Fair Oaks - 183.0 Country Club Hills
Cottontail,Week1,Kent Gardens,Week4,210.0 Kent Gardens - 192.0 Cottontail
Cottontail,Week2,Kent Gardens,Week4,207.0 Kent Gardens - 195.0 Cottontail
Cottontail,Week2,Lincolnia Park,Week1,295.0 Cottontail - 107.0 Lincolnia Park
Country Club Hills,Week1,Fair Oaks ,Week5,262.0 Fair Oaks - 140.0 Country Club Hills
Commonwealth,Week5,Tuckahoe,Week5,336.0 Tuckahoe - 66.0 Commonwealth
Cottontail,Week5,Chesterbrook,Week5,364.0 Chesterbrook - 38.0 Cottontail
Cottontail,Week3,Chesterbrook,Week4,373.0 Chesterbrook - 29.0 Cottontail
Cottontail,Week1,Little Hunting Park,Week5,206.0 Cottontail - 196.0 Little Hunting Park
Country Club Hills,Week2,Fair Oaks ,Week1,262.0 Fair Oaks - 140.0 Country Club Hills
Cottontail,Week3,Lee Graham,Week5,316.5 Lee Graham - 85.5 Cottontail
Cottontail,Week2,Lincolnia Park,Week4,295.0 Cottontail - 107.0 Lincolnia Park
Cottontail,Week1,Kent Gardens,Week2,211.5 Kent Gardens - 190.5 Cottontail
Commonwealth,Week5,Tuckahoe,Week3,340.0 Tuckahoe - 62.0 Commonwealth
Cottontail,Week5,Chesterbrook,Week1,349.0 Chesterbrook - 53.0 Cottontail
Cottontail,Week2,Chesterbrook,Week3,373.0 Chesterbrook - 29.0 Cottontail
Commonwealth,Week2,Vienna Aquatic,Week1,295.0 Vienna Aquatic - 107.0 Commonwealth
Commonwealth,Week1,Vienna Aquatic,Week1,313.0 Vienna Aquatic - 89.0 Commonwealth
Cottontail,Week4,Lee Graham,Week1,305.0 Lee Graham - 97.0 Cottontail
Cottontail,Week4,Chesterbrook,Week1,361.0 Chesterbrook - 41.0 Cottontail
Commonwealth,Week2,Vienna Aquatic,Week2,293.0 Vienna Aquatic - 109.0 Commonwealth
Cottontail,Week5,Chesterbrook,Week3,368.0 Chesterbrook - 34.0 Cottontail
Cottontail,Week1,Commonwealth,Week4,234.0 Cottontail - 168.0 Commonwealth
Commonwealth,Week4,Tuckahoe,Week2,341.0 Tuckahoe - 61.0 Commonwealth
Country Club Hills,Week2,Fairfax,Week1,304.0 Fairfax - 98.0 Country Club Hills
Commonwealth,Week3,Vienna Aquatic,Week1,306.0 Vienna Aquatic - 96.0 Commonwealth
Cottontail,Week2,Chesterbrook,Week2,368.0 Chesterbrook - 34.0 Cottontail
Cottontail,Week1,Kings Ridge ,Week2,275.0 Cottontail - 127.0 Kings Ridge
Cottontail,Week3,Lee Graham,Week4,302.0 Lee Graham - 100.0 Cottontail
Cottontail,Week3,Lincolnia Park,Week3,258.0 Cottontail - 135.0 Lincolnia Park
Cottontail,Week2,Kent Gardens,Week3,205.5 Kent Gardens - 196.5 Cottontail
Country Club Hills,Week1,Fairfax,Week4,302.0 Fairfax - 100.0 Country Club Hills
Country Club Hills,Week3,Fair Oaks ,Week3,255.0 Fair Oaks - 147.0 Country Club Hills
Cottontail,Week5,Kent Gardens,Week2,209.0 Kent Gardens - 193.0 Cottontail
Cottontail,Week1,Lincolnia Park,Week5,274.0 Cottontail - 119.0 Lincolnia Park
Country Club Hills,Week3,Fair Oaks ,Week1,254.0 Fair Oaks - 148.0 Country Club Hills
Commonwealth,Week2,Vienna Aquatic,Week5,312.0 Vienna Aquatic - 90.0 Commonwealth
Country Club Hills,Week1,Fairfax,Week3,304.0 Fairfax - 98.0 Country Club Hills
Cottontail,Week4,Chesterbrook,Week3,369.0 Chesterbrook - 33.0 Cottontail
Commonwealth,Week2,Vienna Aquatic,Week4,292.0 Vienna Aquatic - 110.0 Commonwealth
Cottontail,Week3,Lee Graham,Week3,310.0 Lee Graham - 92.0 Cottontail
Cottontail,Week4,Commonwealth,Week1,237.0 Cottontail - 165.0 Commonwealth
Commonwealth,Week1,Vienna Aquatic,Week4,311.0 Vienna Aquatic - 86.0 Commonwealth
Cottontail,Week2,Lincolnia Park,Week3,271.0 Cottontail - 122.0 Lincolnia Park
Country Club Hills,Week2,Fairfax Club Estates,Week1,223.0 Country Club Hills - 179.0 Fairfax Club Estates
Cottontail,Week5,Chesterbrook,Week2,355.0 Chesterbrook - 47.0 Cottontail
Cottontail,Week1,Kings Ridge ,Week3,261.0 Cottontail - 141.0 Kings Ridge
Cottontail,Week1,Lincolnia Park,Week1,309.0 Cottontail - 93.0 Lincolnia Park
Commonwealth,Week3,Tuckahoe,Week4,342.0 Tuckahoe - 60.0 Commonwealth
Country Club Hills,Week2,Fair Oaks ,Week5,275.0 Fair Oaks - 127.0 Country Club Hills
Cottontail,Week4,Kent Gardens,Week4,218.0 Kent Gardens - 184.0 Cottontail
Cottontail,Week2,Lincolnia Park,Week2,295.0 Cottontail - 98.0 Lincolnia Park
Cottontail,Week1,Kent Gardens,Week5,252.0 Kent Gardens - 150.0 Cottontail
Cottontail,Week3,Kent Gardens,Week5,277.0 Kent Gardens - 125.0 Cottontail
Cottontail,Week4,Commonwealth,Week3,207.0 Cottontail - 195.0 Commonwealth
Country Club Hills,Week5,Fair Oaks ,Week3,219.0 Fair Oaks - 183.0 Country Club Hills
Country Club Hills,Week2,Fairfax,Week5,321.0 Fairfax - 81.0 Country Club Hills
Cottontail,Week3,Lincolnia Park,Week5,259.0 Cottontail - 134.0 Lincolnia Park
Commonwealth,Week3,Vienna Aquatic,Week3,312.0 Vienna Aquatic - 90.0 Commonwealth
Cottontail,Week1,Commonwealth,Week2,216.0 Cottontail - 186.0 Commonwealth
Cottontail,Week2,Commonwealth,Week1,249.0 Cottontail - 153.0 Commonwealth
Country Club Hills,Week4,Fairfax,Week4,306.0 Fairfax - 96.0 Country Club Hills
Commonwealth,Week3,Vienna Aquatic,Week5,317.0 Vienna Aquatic - 84.0 Commonwealth
Commonwealth,Week4,Vienna Aquatic,Week5,320.5 Vienna Aquatic - 81.5 Commonwealth
Cottontail,Week1,Commonwealth,Week3,221.0 Cottontail - 181.0 Commonwealth
Cottontail,Week2,Kent Gardens,Week5,263.0 Kent Gardens - 139.0 Cottontail
Country Club Hills,Week3,Fairfax,Week4,298.0 Fairfax - 104.0 Country Club Hills
Cottontail,Week4,Kent Gardens,Week3,218.0 Kent Gardens - 184.0 Cottontail
Cottontail,Week3,Chesterbrook,Week2,369.0 Chesterbrook - 33.0 Cottontail
Country Club Hills,Week4,Fairfax,Week5,318.0 Fairfax - 84.0 Country Club Hills
Cottontail,Week4,Kent Gardens,Week1,246.0 Kent Gardens - 156.0 Cottontail
Commonwealth,Week3,Vienna Aquatic,Week4,307.0 Vienna Aquatic - 95.0 Commonwealth
Cottontail,Week1,Commonwealth,Week1,248.0 Cottontail - 154.0 Commonwealth
Commonwealth,Week5,Vienna Aquatic,Week4,302.0 Vienna Aquatic - 100.0 Commonwealth
Cottontail,Week5,Kent Gardens,Week3,210.5 Cottontail - 191.5 Kent Gardens
Cottontail,Week4,Lincolnia Park,Week5,270.0 Cottontail - 123.0 Lincolnia Park
Commonwealth,Week3,Vienna Aquatic,Week2,303.0 Vienna Aquatic - 99.0 Commonwealth
Cottontail,Week2,Kings Ridge ,Week1,265.0 Cottontail - 137.0 Kings Ridge
Cottontail,Week3,Chesterbrook,Week1,364.0 Chesterbrook - 38.0 Cottontail
Cottontail,Week4,Lincolnia Park,Week1,304.0 Cottontail - 98.0 Lincolnia Park
Country Club Hills,Week3,Fairfax,Week2,294.0 Fairfax - 108.0 Country Club Hills
Commonwealth,Week4,Vienna Aquatic,Week1,301.0 Vienna Aquatic - 101.0 Commonwealth
Cottontail,Week4,Lincolnia Park,Week2,299.0 Cottontail - 94.0 Lincolnia Park
Cottontail,Week4,Kent Gardens,Week5,255.0 Kent Gardens - 147.0 Cottontail
Cottontail,Week1,Kings Ridge ,Week5,253.0 Cottontail - 149.0 Kings Ridge
Cottontail,Week5,Lincolnia Park,Week2,303.0 Cottontail - 90.0 Lincolnia Park
Cottontail,Week4,Lincolnia Park,Week4,292.0 Cottontail - 105.0 Lincolnia Park
Cottontail,Week2,Chesterbrook,Week5,371.0 Chesterbrook - 31.0 Cottontail
Cottontail,Week3,Kent Gardens,Week3,208.0 Kent Gardens - 194.0 Cottontail
Commonwealth,Week5,Vienna Aquatic,Week3,308.0 Vienna Aquatic - 94.0 Commonwealth
Cottontail,Week4,Lincolnia Park,Week3,268.0 Cottontail - 125.0 Lincolnia Park
Country Club Hills,Week5,Fairfax,Week1,257.0 Fairfax - 145.0 Country Club Hills
Commonwealth,Week4,Vienna Aquatic,Week3,311.0 Vienna Aquatic - 91.0 Commonwealth
Cottontail,Week3,Lincolnia Park,Week4,288.0 Cottontail - 114.0 Lincolnia Park
Country Club Hills,Week1,Fairfax,Week5,314.0 Fairfax - 88.0 Country Club Hills
Cottontail,Week1,Chesterbrook,Week5,372.0 Chesterbrook - 30.0 Cottontail
Cottontail,Week3,Kent Gardens,Week2,223.0 Kent Gardens - 179.0 Cottontail
Country Club Hills,Week1,Fairfax,Week2,300.0 Fairfax - 102.0 Country Club Hills
Country Club Hills,Week5,Fairfax,Week2,281.0 Fairfax - 121.0 Country Club Hills
Country Club Hills,Week5,Fairfax,Week3,281.0 Fairfax - 121.0 Country Club Hills
Cottontail,Week1,Kings Ridge ,Week4,258.0 Cottontail - 144.0 Kings Ridge
Cottontail,Week5,Lincolnia Park,Week3,276.0 Cottontail - 117.0 Lincolnia Park
Cottontail,Week5,Lincolnia Park,Week4,303.0 Cottontail - 99.0 Lincolnia Park
Cottontail,Week2,Kings Ridge ,Week2,259.0 Cottontail - 143.0 Kings Ridge
Cottontail,Week5,Lincolnia Park,Week5,274.0 Cottontail - 119.0 Lincolnia Park
Cottontail,Week4,Chesterbrook,Week2,361.0 Chesterbrook - 41.0 Cottontail
Country Club Hills,Week3,Fairfax,Week5,320.0 Fairfax - 82.0 Country Club Hills
Cottontail,Week5,Kent Gardens,Week5,241.0 Kent Gardens - 161.0 Cottontail
Cottontail,Week1,Chesterbrook,Week3,369.0 Chesterbrook - 33.0 Cottontail
Commonwealth,Week1,Vienna Woods,Week3,338.0 Vienna Woods - 64.0 Commonwealth
Commonwealth,Week5,Vienna Aquatic,Week5,317.0 Vienna Aquatic - 85.0 Commonwealth
Country Club Hills,Week4,Fairfax,Week2,305.0 Fairfax - 97.0 Country Club Hills
Commonwealth,Week1,Vienna Woods,Week1,327.0 Vienna Woods - 75.0 Commonwealth
Cottontail,Week4,Chesterbrook,Week4,372.0 Chesterbrook - 30.0 Cottontail
Cottontail,Week2,Chesterbrook,Week4,374.0 Chesterbrook - 28.0 Cottontail
Cottontail,Week5,Lincolnia Park,Week1,312.0 Cottontail - 90.0 Lincolnia Park
Cottontail,Week2,Kings Ridge ,Week3,258.0 Cottontail - 144.0 Kings Ridge
Cottontail,Week3,Commonwealth,Week1,242.0 Cottontail - 160.0 Commonwealth
Commonwealth,Week4,Vienna Woods,Week3,345.0 Vienna Woods - 57.0 Commonwealth
Cottontail,Week1,Little Hunting Park,Week1,244.0 Cottontail - 158.0 Little Hunting Park
Country Club Hills,Week5,Fairfax,Week4,286.0 Fairfax - 116.0 Country Club Hills
Cottontail,Week1,Kings Ridge ,Week1,277.0 Cottontail - 125.0 Kings Ridge
Country Club Hills,Week1,Fairfax Club Estates,Week1,209.0 Country Club Hills - 188.0 Fairfax Club Estates
Commonwealth,Week2,Vienna Woods,Week4,294.0 Vienna Woods - 108.0 Commonwealth
Country Club Hills,Week1,Fairfax Club Estates,Week2,226.0 Country Club Hills - 176.0 Fairfax Club Estates
Commonwealth,Week2,Vienna Woods,Week5,343.0 Vienna Woods - 59.0 Commonwealth
Cottontail,Week2,Little Hunting Park,Week2,237.0 Cottontail - 165.0 Little Hunting Park
Country Club Hills,Week4,Fairfax,Week1,281.5 Fairfax - 120.5 Country Club Hills
Cottontail,Week3,Little Hunting Park,Week4,242.0 Cottontail - 160.0 Little Hunting Park
Country Club Hills,Week5,Fairfax,Week5,300.0 Fairfax - 102.0 Country Club Hills
Cottontail,Week1,Lake Braddock,Week2,287.0 Cottontail - 115.0 Lake Braddock
Cottontail,Week4,Chesterbrook,Week5,370.0 Chesterbrook - 32.0 Cottontail
Cottontail,Week2,Kings Ridge ,Week4,238.0 Cottontail - 164.0 Kings Ridge
Commonwealth,Week1,Villa Aquatic,Week1,262.0 Villa Aquatic - 140.0 Commonwealth
Country Club Hills,Week3,Fairfax,Week3,305.0 Fairfax - 97.0 Country Club Hills
Country Club Hills,Week3,Fairfax,Week1,286.0 Fairfax - 116.0 Country Club Hills
Cottontail,Week4,Little Hunting Park,Week4,242.0 Cottontail - 160.0 Little Hunting Park
Cottontail,Week2,Commonwealth,Week3,213.0 Cottontail - 189.0 Commonwealth
Commonwealth,Week5,Vienna Woods,Week2,303.0 Vienna Woods - 99.0 Commonwealth
Cottontail,Week5,Kings Ridge ,Week5,255.0 Cottontail - 147.0 Kings Ridge
Commonwealth,Week2,Vienna Woods,Week3,333.0 Vienna Woods - 69.0 Commonwealth
Commonwealth,Week5,Vienna Woods,Week3,322.0 Vienna Woods - 80.0 Commonwealth
Cottontail,Week3,Commonwealth,Week2,203.0 Cottontail - 199.0 Commonwealth
Cottontail,Week3,Little Hunting Park,Week3,244.0 Cottontail - 158.0 Little Hunting Park
Cottontail,Week5,Chesterbrook,Week4,363.0 Chesterbrook - 39.0 Cottontail
Cottontail,Week2,Commonwealth,Week4,223.0 Cottontail - 179.0 Commonwealth
Cottontail,Week1,Little Hunting Park,Week4,240.0 Cottontail - 162.0 Little Hunting Park
Cottontail,Week2,Commonwealth,Week2,201.0 Commonwealth - 201.0 Cottontail
Cottontail,Week1,Lake Braddock,Week1,311.0 Cottontail - 91.0 Lake Braddock
Cottontail,Week3,Kings Ridge ,Week2,261.0 Cottontail - 141.0 Kings Ridge
Cottontail,Week1,Little Hunting Park,Week2,235.0 Cottontail - 167.0 Little Hunting Park
Commonwealth,Week3,Vienna Woods,Week2,336.0 Vienna Woods - 66.0 Commonwealth
Cottontail,Week1,Lake Braddock,Week4,276.0 Cottontail - 126.0 Lake Braddock
Commonwealth,Week2,Vienna Woods,Week1,316.0 Vienna Woods - 86.0 Commonwealth
Cottontail,Week2,Little Hunting Park,Week1,238.0 Cottontail - 164.0 Little Hunting Park
Commonwealth,Week3,Vienna Woods,Week5,346.0 Vienna Woods - 56.0 Commonwealth
Cottontail,Week3,Little Hunting Park,Week1,242.0 Cottontail - 160.0 Little Hunting Park
Country Club Hills,Week1,Fairfax Club Estates,Week5,211.0 Country Club Hills - 191.0 Fairfax Club Estates
Cottontail,Week5,Little Hunting Park,Week1,249.0 Cottontail - 152.0 Little Hunting Park
Country Club Hills,Week2,Fairfax Club Estates,Week2,231.0 Country Club Hills - 171.0 Fairfax Club Estates
Country Club Hills,Week1,Fairfax Club Estates,Week3,233.0 Country Club Hills - 169.0 Fairfax Club Estates
Cottontail,Week5,Little Hunting Park,Week2,236.0 Cottontail - 166.0 Little Hunting Park
Cottontail,Week1,Lake Braddock,Week3,271.0 Cottontail - 131.0 Lake Braddock
Cottontail,Week2,Commonwealth,Week5,211.0 Cottontail - 191.0 Commonwealth
Cottontail,Week1,Lake Braddock,Week5,277.5 Cottontail - 124.5 Lake Braddock
Commonwealth,Week2,Vienna Woods,Week2,318.0 Vienna Woods - 84.0 Commonwealth
Commonwealth,Week4,Vienna Woods,Week2,331.0 Vienna Woods - 71.0 Commonwealth
Country Club Hills,Week4,Fairfax,Week3,298.0 Fairfax - 104.0 Country Club Hills
Commonwealth,Week3,Vienna Woods,Week4,315.0 Vienna Woods - 87.0 Commonwealth
Country Club Hills,Week2,Overlee,Week2,362.0 Overlee - 40.0 Country Club Hills
Cottontail,Week3,Commonwealth,Week4,230.0 Cottontail - 172.0 Commonwealth
Cottontail,Week3,Little Hunting Park,Week5,207.0 Cottontail - 195.0 Little Hunting Park
Commonwealth,Week4,Vienna Woods,Week1,341.0 Vienna Woods - 61.0 Commonwealth
Cottontail,Week4,Commonwealth,Week2,209.0 Commonwealth - 193.0 Cottontail
Commonwealth,Week4,Vienna Woods,Week4,322.0 Vienna Woods - 80.0 Commonwealth
Cottontail,Week3,Kings Ridge ,Week5,231.0 Cottontail - 171.0 Kings Ridge
Cottontail,Week5,Kings Ridge ,Week2,286.5 Cottontail - 115.5 Kings Ridge
Cottontail,Week1,Commonwealth,Week5,225.0 Cottontail - 177.0 Commonwealth
Cottontail,Week3,Commonwealth,Week3,207.0 Cottontail - 195.0 Commonwealth
Cottontail,Week3,Cottontail,Week4,206.0 Cottontail (CT2) - 196.0 Cottontail (CT1)
Cottontail,Week3,Cottontail,Week3,201.0 Cottontail (CT1) - 201.0 Cottontail (CT2)
Commonwealth,Week1,Vienna Woods,Week5,344.0 Vienna Woods - 58.0 Commonwealth
Cottontail,Week2,Lake Braddock,Week1,290.0 Cottontail - 112.0 Lake Braddock
Cottontail,Week2,Lake Braddock,Week2,280.0 Cottontail - 122.0 Lake Braddock
Cottontail,Week3,Commonwealth,Week5,216.0 Cottontail - 186.0 Commonwealth
Country Club Hills,Week2,Fairfax Club Estates,Week4,205.0 Country Club Hills - 197.0 Fairfax Club Estates
Country Club Hills,Week4,Overlee,Week5,379.0 Overlee - 23.0 Country Club Hills
Cottontail,Week2,Little Hunting Park,Week3,238.0 Cottontail - 164.0 Little Hunting Park
Country Club Hills,Week3,Fairfax Club Estates,Week1,223.0 Country Club Hills - 179.0 Fairfax Club Estates
Cottontail,Week5,Little Hunting Park,Week4,258.0 Cottontail - 144.0 Little Hunting Park
Country Club Hills,Week1,Fairfax Club Estates,Week4,207.0 Fairfax Club Estates - 195.0 Country Club Hills
Cottontail,Week3,Little Hunting Park,Week2,226.0 Cottontail - 176.0 Little Hunting Park
Cottontail,Week3,Kings Ridge ,Week1,253.0 Cottontail - 149.0 Kings Ridge
Cottontail,Week3,Cottontail,Week5,227.0 Cottontail (CT2) - 175.0 Cottontail (CT1)
Cottontail,Week5,Little Hunting Park,Week3,255.0 Cottontail - 147.0 Little Hunting Park
Country Club Hills,Week1,Overlee,Week3,357.5 Overlee - 44.5 Country Club Hills
Country Club Hills,Week3,Fairfax Club Estates,Week3,228.0 Country Club Hills - 174.0 Fairfax Club Estates
Cottontail,Week2,Kings Ridge ,Week5,235.5 Cottontail - 166.5 Kings Ridge
Commonwealth,Week3,Vienna Woods,Week1,330.5 Vienna Woods - 71.5 Commonwealth
Cottontail,Week4,Little Hunting Park,Week5,215.0 Cottontail - 187.0 Little Hunting Park
Country Club Hills,Week3,Fairfax Club Estates,Week5,202.0 Fairfax Club Estates - 199.0 Country Club Hills
Cottontail,Week4,Kings Ridge ,Week3,251.0 Cottontail - 151.0 Kings Ridge
Country Club Hills,Week5,Overlee,Week4,369.0 Overlee - 33.0 Country Club Hills
Cottontail,Week2,Little Hunting Park,Week4,241.0 Cottontail - 161.0 Little Hunting Park
Cottontail,Week1,Cottontail,Week5,226.0 Cottontail (CT2) - 176.0 Cottontail (CT1)
Cottontail,Week4,Cottontail,Week1,214.0 Cottontail (CT2) - 188.0 Cottontail (CT1)
Country Club Hills,Week2,Overlee,Week5,373.0 Overlee - 29.0 Country Club Hills
Country Club Hills,Week2,Fairfax Club Estates,Week5,210.0 Country Club Hills - 192.0 Fairfax Club Estates
Commonwealth,Week4,Vienna Woods,Week5,355.0 Vienna Woods - 47.0 Commonwealth
Country Club Hills,Week5,Overlee,Week1,340.0 Overlee - 62.0 Country Club Hills
Country Club Hills,Week3,Fairfax Club Estates,Week4,204.0 Fairfax Club Estates - 198.0 Country Club Hills
Country Club Hills,Week2,Fairfax Club Estates,Week3,230.0 Country Club Hills - 172.0 Fairfax Club Estates
Cottontail,Week4,Little Hunting Park,Week3,229.0 Cottontail - 173.0 Little Hunting Park
Cottontail,Week5,Kings Ridge ,Week3,263.0 Cottontail - 139.0 Kings Ridge
Cottontail,Week1,Cottontail,Week4,214.0 Cottontail (CT1) - 188.0 Cottontail (CT2)
Cottontail,Week4,Kings Ridge ,Week1,258.0 Cottontail - 144.0 Kings Ridge
Commonwealth,Week5,Vienna Woods,Week1,306.0 Vienna Woods - 96.0 Commonwealth
Commonwealth,Week5,Vienna Woods,Week5,333.0 Vienna Woods - 69.0 Commonwealth
Cottontail,Week3,Cottontail,Week1,204.0 Cottontail (CT2) - 198.0 Cottontail (CT1)
Cottontail,Week3,Kings Ridge ,Week3,244.0 Cottontail - 157.0 Kings Ridge
Commonwealth,Week3,Vienna Woods,Week3,340.0 Vienna Woods - 62.0 Commonwealth
Cottontail,Week4,Kings Ridge ,Week5,233.0 Cottontail - 169.0 Kings Ridge
Cottontail,Week2,Cottontail,Week2,201.0 Cottontail (CT1) - 201.0 Cottontail (CT2)
Country Club Hills,Week4,Fairfax Club Estates,Week2,213.0 Country Club Hills - 189.0 Fairfax Club Estates
Cottontail,Week2,Little Hunting Park,Week5,214.0 Cottontail - 188.0 Little Hunting Park
Country Club Hills,Week4,Fairfax Club Estates,Week3,229.0 Country Club Hills - 173.0 Fairfax Club Estates
Country Club Hills,Week3,Overlee,Week2,363.0 Overlee - 39.0 Country Club Hills
Country Club Hills,Week4,Overlee,Week1,357.0 Overlee - 45.0 Country Club Hills
Commonwealth,Week5,Vienna Woods,Week4,280.0 Vienna Woods - 122.0 Commonwealth
Country Club Hills,Week3,Fairfax Club Estates,Week2,225.0 Country Club Hills - 177.0 Fairfax Club Estates
Cottontail,Week5,Commonwealth,Week3,237.0 Cottontail - 165.0 Commonwealth
Country Club Hills,Week4,Fairfax Club Estates,Week1,216.0 Country Club Hills - 186.0 Fairfax Club Estates
Cottontail,Week4,Kings Ridge ,Week2,268.5 Cottontail - 133.5 Kings Ridge
Cottontail,Week4,Little Hunting Park,Week1,235.0 Cottontail - 166.0 Little Hunting Park
Cottontail,Week4,Kings Ridge ,Week4,237.0 Cottontail - 165.0 Kings Ridge
Cottontail,Week2,Little Rocky Run,Week1,286.0 Little Rocky Run - 116.0 Cottontail
Cottontail,Week5,Kings Ridge ,Week4,255.0 Cottontail - 147.0 Kings Ridge
Commonwealth,Week1,Villa Aquatic,Week5,278.0 Villa Aquatic - 124.0 Commonwealth
Cottontail,Week2,Cottontail,Week5,229.0 Cottontail (CT2) - 173.0 Cottontail (CT1)
Country Club Hills,Week1,Parklawn,Week3,262.0 Country Club Hills - 140.0 Parklawn
Country Club Hills,Week1,Overlee,Week1,359.0 Overlee - 43.0 Country Club Hills
Country Club Hills,Week5,Orange Hunt,Week1,210.0 Orange Hunt - 192.0 Country Club Hills
Cottontail,Week4,Little Hunting Park,Week2,236.0 Cottontail - 166.0 Little Hunting Park
Commonwealth,Week3,Villa Aquatic,Week1,225.0 Villa Aquatic - 177.0 Commonwealth
Country Club Hills,Week1,Fairfax Station,Week3,299.0 Fairfax Station - 103.0 Country Club Hills
Cottontail,Week3,Little Rocky Run,Week2,298.0 Little Rocky Run - 104.0 Cottontail
Cottontail,Week4,Commonwealth,Week5,206.0 Cottontail - 196.0 Commonwealth
Cottontail,Week2,Cottontail,Week1,216.0 Cottontail (CT2) - 186.0 Cottontail (CT1)
Country Club Hills,Week3,Fairfax Station,Week5,313.0 Fairfax Station - 89.0 Country Club Hills
Country Club Hills,Week3,Fairfax Station,Week4,285.0 Fairfax Station - 117.0 Country Club Hills
Cottontail,Week1,Little Rocky Run,Week1,278.0 Little Rocky Run - 124.0 Cottontail
Cottontail,Week4,Commonwealth,Week4,226.0 Cottontail - 176.0 Commonwealth
Cottontail,Week5,Commonwealth,Week5,240.0 Cottontail - 162.0 Commonwealth
Cottontail,Week4,Little Rocky Run,Week3,316.0 Little Rocky Run - 86.0 Cottontail
Country Club Hills,Week3,Overlee,Week1,356.0 Overlee - 46.0 Country Club Hills
Cottontail,Week4,Little Rocky Run,Week2,282.0 Little Rocky Run - 120.0 Cottontail
Cottontail,Week5,Commonwealth,Week4,254.0 Cottontail - 148.0 Commonwealth
Commonwealth,Week1,Village West,Week2,214.0 Village West - 186.0 Commonwealth
Country Club Hills,Week5,Orange Hunt,Week2,218.0 Orange Hunt - 184.0 Country Club Hills
Cottontail,Week5,Commonwealth,Week1,263.0 Cottontail - 139.0 Commonwealth
Country Club Hills,Week3,Fairfax Station,Week3,304.5 Fairfax Station - 97.5 Country Club Hills
Country Club Hills,Week5,Orange Hunt,Week3,230.0 Orange Hunt - 172.0 Country Club Hills
Commonwealth,Week4,Villa Aquatic,Week1,247.0 Villa Aquatic - 155.0 Commonwealth
Country Club Hills,Week1,Fairfax Station,Week1,277.0 Fairfax Station - 125.0 Country Club Hills
Commonwealth,Week2,Villa Aquatic,Week5,248.0 Villa Aquatic - 154.0 Commonwealth
Cottontail,Week1,Little Rocky Run,Week4,290.0 Little Rocky Run - 112.0 Cottontail
Cottontail,Week5,Little Rocky Run,Week4,291.5 Little Rocky Run - 110.5 Cottontail
Commonwealth,Week1,Village West,Week4,220.0 Village West - 177.0 Commonwealth
Cottontail,Week3,Little Rocky Run,Week3,314.0 Little Rocky Run - 88.0 Cottontail
Commonwealth,Week4,Villa Aquatic,Week2,247.0 Villa Aquatic - 155.0 Commonwealth
Country Club Hills,Week5,Fairfax Club Estates,Week3,248.0 Country Club Hills - 154.0 Fairfax Club Estates
Cottontail,Week5,Kings Ridge ,Week1,275.0 Cottontail - 127.0 Kings Ridge
Country Club Hills,Week4,Overlee,Week2,369.0 Overlee - 33.0 Country Club Hills
Country Club Hills,Week2,Overlee,Week4,372.0 Overlee - 30.0 Country Club Hills
Commonwealth,Week2,Village West,Week3,226.0 Commonwealth - 176.0 Village West
Cottontail,Week4,Little Rocky Run,Week1,288.0 Little Rocky Run - 109.0 Cottontail
Country Club Hills,Week2,Fairfax Station,Week4,292.5 Fairfax Station - 109.5 Country Club Hills
Cottontail,Week5,Commonwealth,Week2,227.0 Cottontail - 175.0 Commonwealth
Cottontail,Week1,Little Rocky Run,Week2,273.0 Little Rocky Run - 129.0 Cottontail
Country Club Hills,Week5,Fairfax Club Estates,Week4,227.0 Country Club Hills - 175.0 Fairfax Club Estates
Commonwealth,Week5,Villa Aquatic,Week4,235.0 Villa Aquatic - 167.0 Commonwealth
Cottontail,Week1,Cottontail,Week2,216.0 Cottontail (CT1) - 186.0 Cottontail (CT2)
Country Club Hills,Week5,Fairfax Station,Week1,261.0 Fairfax Station - 141.0 Country Club Hills
Cottontail,Week1,Long Branch,Week5,213.0 Cottontail - 189.0 Long Branch
Country Club Hills,Week5,Fairfax Station,Week4,272.0 Fairfax Station - 130.0 Country Club Hills
Country Club Hills,Week5,Orange Hunt,Week5,237.0 Orange Hunt - 165.0 Country Club Hills
Cottontail,Week2,Cottontail,Week3,222.0 Cottontail (CT1) - 180.0 Cottontail (CT2)
Commonwealth,Week2,Villa Aquatic,Week1,206.5 Villa Aquatic - 195.5 Commonwealth
Cottontail,Week1,Cottontail,Week1,201.0 Cottontail (CT1) - 201.0 Cottontail (CT2)
Commonwealth,Week4,Villa Aquatic,Week4,258.0 Villa Aquatic - 144.0 Commonwealth
Country Club Hills,Week4,Overlee,Week3,349.0 Overlee - 53.0 Country Club Hills
Country Club Hills,Week2,Overlee,Week1,353.0 Overlee - 49.0 Country Club Hills
Cottontail,Week2,Little Rocky Run,Week3,305.0 Little Rocky Run - 97.0 Cottontail
Cottontail,Week3,Kings Ridge ,Week4,237.0 Cottontail - 165.0 Kings Ridge
Country Club Hills,Week1,Overlee,Week5,373.0 Overlee - 29.0 Country Club Hills
Country Club Hills,Week2,Overlee,Week3,359.0 Overlee - 43.0 Country Club Hills
Cottontail,Week1,Country Club Hills,Week2,226.0 Cottontail - 176.0 Country Club Hills
Cottontail,Week2,Cottontail,Week4,205.0 Cottontail (CT1) - 197.0 Cottontail (CT2)
Country Club Hills,Week2,Fairfax Station,Week1,287.0 Fairfax Station - 115.0 Country Club Hills
Cottontail,Week2,Little Rocky Run,Week4,298.0 Little Rocky Run - 104.0 Cottontail
Commonwealth,Week1,Villa Aquatic,Week2,250.0 Villa Aquatic - 152.0 Commonwealth
Country Club Hills,Week1,Overlee,Week4,371.0 Overlee - 31.0 Country Club Hills
Country Club Hills,Week5,Orange Hunt,Week4,212.0 Orange Hunt - 190.0 Country Club Hills
Country Club Hills,Week1,Fairfax Station,Week5,304.5 Fairfax Station - 97.5 Country Club Hills
Cottontail,Week1,Cottontail,Week3,204.0 Cottontail (CT1) - 198.0 Cottontail (CT2)
Cottontail,Week3,Cottontail,Week2,222.0 Cottontail (CT2) - 180.0 Cottontail (CT1)
Commonwealth,Week3,Villa Aquatic,Week4,251.0 Villa Aquatic - 151.0 Commonwealth
Commonwealth,Week3,Villa Aquatic,Week5,256.0 Villa Aquatic - 146.0 Commonwealth
Country Club Hills,Week4,Fairfax Club Estates,Week5,214.0 Country Club Hills - 188.0 Fairfax Club Estates
Country Club Hills,Week3,Overlee,Week5,374.0 Overlee - 28.0 Country Club Hills
Country Club Hills,Week5,Fairfax Club Estates,Week1,245.0 Country Club Hills - 157.0 Fairfax Club Estates
Commonwealth,Week2,Villa Aquatic,Week3,250.0 Villa Aquatic - 152.0 Commonwealth
Country Club Hills,Week5,Overlee,Week2,348.0 Overlee - 54.0 Country Club Hills
Cottontail,Week2,Little Rocky Run,Week2,281.0 Little Rocky Run - 121.0 Cottontail
Commonwealth,Week4,Villa Aquatic,Week3,285.0 Villa Aquatic - 117.0 Commonwealth
Cottontail,Week5,Cottontail,Week1,226.0 Cottontail (CT1) - 176.0 Cottontail (CT2)
Cottontail,Week4,Little Rocky Run,Week4,302.0 Little Rocky Run - 100.0 Cottontail
Cottontail,Week3,Little Rocky Run,Week4,301.0 Little Rocky Run - 101.0 Cottontail
Commonwealth,Week4,Villa Aquatic,Week5,276.0 Villa Aquatic - 126.0 Commonwealth
Cottontail,Week5,Country Club Hills,Week2,232.0 Cottontail - 170.0 Country Club Hills
Cottontail,Week5,Little Rocky Run,Week5,306.0 Little Rocky Run - 96.0 Cottontail
Country Club Hills,Week1,Fairfax Station,Week4,269.5 Fairfax Station - 132.5 Country Club Hills
Commonwealth,Week2,Villa Aquatic,Week4,216.0 Villa Aquatic - 186.0 Commonwealth
Cottontail,Week3,Little Rocky Run,Week5,320.0 Little Rocky Run - 82.0 Cottontail
Cottontail,Week1,Long Branch,Week2,224.5 Cottontail - 177.5 Long Branch
Country Club Hills,Week2,Fairfax Station,Week5,321.0 Fairfax Station - 81.0 Country Club Hills
Cottontail,Week4,Country Club Hills,Week4,218.0 Cottontail - 184.0 Country Club Hills
Cottontail,Week4,Country Club Hills,Week1,204.0 Cottontail - 198.0 Country Club Hills
Country Club Hills,Week1,Overlee,Week2,363.0 Overlee - 39.0 Country Club Hills
Country Club Hills,Week5,Overlee,Week3,340.0 Overlee - 62.0 Country Club Hills
Country Club Hills,Week1,Fairfax Station,Week2,282.0 Fairfax Station - 120.0 Country Club Hills
Cottontail,Week4,Cottontail,Week4,196.0 Cottontail (CT1) - 196.0 Cottontail (CT2)
Country Club Hills,Week4,Overlee,Week4,382.0 Overlee - 20.0 Country Club Hills
Cottontail,Week5,Country Club Hills,Week1,229.0 Cottontail - 173.0 Country Club Hills
Country Club Hills,Week3,Overlee,Week4,375.0 Overlee - 27.0 Country Club Hills
Commonwealth,Week5,Villa Aquatic,Week1,226.0 Villa Aquatic - 176.0 Commonwealth
Commonwealth,Week2,Villa Aquatic,Week2,217.0 Villa Aquatic - 185.0 Commonwealth
Commonwealth,Week5,Villa Aquatic,Week2,229.0 Villa Aquatic - 173.0 Commonwealth
Country Club Hills,Week5,Fairfax Club Estates,Week5,238.0 Country Club Hills - 163.0 Fairfax Club Estates
Cottontail,Week1,Little Rocky Run,Week5,306.0 Little Rocky Run - 96.0 Cottontail
Country Club Hills,Week4,Fairfax Club Estates,Week4,199.0 Country Club Hills - 198.0 Fairfax Club Estates
Cottontail,Week1,Little Rocky Run,Week3,293.0 Little Rocky Run - 109.0 Cottontail
Country Club Hills,Week3,Overlee,Week3,362.0 Overlee - 40.0 Country Club Hills
Commonwealth,Week1,Villa Aquatic,Week4,272.0 Villa Aquatic - 130.0 Commonwealth
Cottontail,Week3,Country Club Hills,Week1,213.0 Cottontail - 189.0 Country Club Hills
Commonwealth,Week5,Villa Aquatic,Week5,245.0 Villa Aquatic - 157.0 Commonwealth
Cottontail,Week5,Little Hunting Park,Week5,225.0 Cottontail - 177.0 Little Hunting Park
Country Club Hills,Week2,Fairfax Station,Week2,298.0 Fairfax Station - 104.0 Country Club Hills
Country Club Hills,Week5,Overlee,Week5,364.0 Overlee - 38.0 Country Club Hills
Country Club Hills,Week4,Fairfax Station,Week2,286.0 Fairfax Station - 116.0 Country Club Hills
Commonwealth,Week1,Village West,Week1,212.0 Village West - 189.0 Commonwealth
Cottontail,Week1,Country Club Hills,Week3,217.0 Cottontail - 185.0 Country Club Hills
Cottontail,Week3,Country Club Hills,Week2,219.0 Cottontail - 183.0 Country Club Hills
Cottontail,Week4,Cottontail,Week5,235.0 Cottontail (CT2) - 167.0 Cottontail (CT1)
Commonwealth,Week3,Villa Aquatic,Week3,270.0 Villa Aquatic - 132.0 Commonwealth
Commonwealth,Week3,Villa Aquatic,Week2,223.0 Villa Aquatic - 179.0 Commonwealth
Cottontail,Week2,Little Rocky Run,Week5,318.0 Little Rocky Run - 84.0 Cottontail
Country Club Hills,Week4,Fairfax Station,Week3,298.0 Fairfax Station - 104.0 Country Club Hills
Cottontail,Week3,Little Rocky Run,Week1,289.0 Little Rocky Run - 113.0 Cottontail
Cottontail,Week4,Little Rocky Run,Week5,310.0 Little Rocky Run - 92.0 Cottontail
Country Club Hills,Week1,Parliament,Week2,207.0 Country Club Hills - 195.0 Parliament
Cottontail,Week2,Country Club Hills,Week2,213.0 Cottontail - 189.0 Country Club Hills
Cottontail,Week2,Country Club Hills,Week3,204.0 Country Club Hills - 198.0 Cottontail
Commonwealth,Week1,Villa Aquatic,Week3,275.0 Villa Aquatic - 127.0 Commonwealth
Country Club Hills,Week4,Parklawn,Week1,253.0 Country Club Hills - 140.0 Parklawn
Country Club Hills,Week5,Fairfax Club Estates,Week2,247.0 Country Club Hills - 155.0 Fairfax Club Estates
Country Club Hills,Week4,Parklawn,Week4,223.0 Country Club Hills - 174.0 Parklawn
Country Club Hills,Week3,Fairfax Station,Week1,287.0 Fairfax Station - 115.0 Country Club Hills
Commonwealth,Week1,Village West,Week3,228.0 Village West - 174.0 Commonwealth
Country Club Hills,Week1,Parklawn,Week1,267.0 Country Club Hills - 126.0 Parklawn
Country Club Hills,Week4,Fairfax Station,Week1,274.0 Fairfax Station - 128.0 Country Club Hills
Country Club Hills,Week1,Parliament,Week4,203.0 Parliament - 199.0 Country Club Hills
Cottontail,Week1,Country Club Hills,Week5,210.0 Country Club Hills - 192.0 Cottontail
Cottontail,Week5,Little Rocky Run,Week3,299.0 Little Rocky Run - 103.0 Cottontail
Country Club Hills,Week1,Parklawn,Week2,254.0 Country Club Hills - 148.0 Parklawn
Country Club Hills,Week1,Parklawn,Week4,230.0 Country Club Hills - 172.0 Parklawn
Cottontail,Week5,Little Rocky Run,Week1,282.0 Little Rocky Run - 120.0 Cottontail
Commonwealth,Week5,Villa Aquatic,Week3,255.0 Villa Aquatic - 147.0 Commonwealth
Country Club Hills,Week2,Fairfax Station,Week3,305.0 Fairfax Station - 97.0 Country Club Hills
Cottontail,Week5,Cottontail,Week2,229.0 Cottontail (CT1) - 173.0 Cottontail (CT2)
Cottontail,Week1,Long Branch,Week1,227.0 Cottontail - 175.0 Long Branch
Country Club Hills,Week3,Fairfax Station,Week2,299.5 Fairfax Station - 102.5 Country Club Hills
Cottontail,Week5,Little Rocky Run,Week2,270.0 Little Rocky Run - 132.0 Cottontail
Country Club Hills,Week5,Fairfax Station,Week2,278.0 Fairfax Station - 124.0 Country Club Hills
Cottontail,Week4,Cottontail,Week3,206.0 Cottontail (CT1) - 196.0 Cottontail (CT2)
Cottontail,Week4,Cottontail,Week2,205.0 Cottontail (CT2) - 197.0 Cottontail (CT1)
Country Club Hills,Week4,Fairfax Station,Week5,315.0 Fairfax Station - 87.0 Country Club Hills
Country Club Hills,Week5,Fairfax Station,Week3,290.0 Fairfax Station - 112.0 Country Club Hills
Cottontail,Week3,Country Club Hills,Week3,215.0 Cottontail - 187.0 Country Club Hills
Cottontail,Week2,Country Club Hills,Week1,212.0 Cottontail - 190.0 Country Club Hills
Country Club Hills,Week3,Parklawn,Week1,275.0 Country Club Hills - 118.0 Parklawn
Cottontail,Week1,Long Branch,Week4,230.0 Cottontail - 172.0 Long Branch
Country Club Hills,Week2,Parklawn,Week4,221.0 Country Club Hills - 180.0 Parklawn
Country Club Hills,Week2,Forest Hollow,Week5,261.0 Forest Hollow - 141.0 Country Club Hills
Cottontail,Week2,Mansion House,Week1,269.0 Mansion House - 133.0 Cottontail
Country Club Hills,Week1,Fox Hunt,Week2,227.0 Fox Hunt - 175.0 Country Club Hills
Country Club Hills,Week4,Parklawn,Week2,241.0 Country Club Hills - 161.0 Parklawn
Country Club Hills,Week1,Parliament,Week3,214.5 Parliament - 187.5 Country Club Hills
Commonwealth,Week3,Village West,Week1,246.0 Commonwealth - 156.0 Village West
Cottontail,Week1,Country Club Hills,Week4,231.0 Cottontail - 171.0 Country Club Hills
Country Club Hills,Week4,Fairfax Station,Week4,268.5 Fairfax Station - 133.5 Country Club Hills
Commonwealth,Week2,Village West,Week1,249.0 Commonwealth - 152.0 Village West
Cottontail,Week3,Country Club Hills,Week4,215.0 Cottontail - 187.0 Country Club Hills
Commonwealth,Week2,Village West,Week2,244.0 Commonwealth - 158.0 Village West
Commonwealth,Week1,Village West,Week5,232.0 Village West - 165.0 Commonwealth
Country Club Hills,Week3,Parklawn,Week3,262.0 Country Club Hills - 139.0 Parklawn
Country Club Hills,Week1,Forest Hollow,Week1,234.0 Forest Hollow - 168.0 Country Club Hills
Cottontail,Week1,Long Branch,Week3,241.0 Cottontail - 161.0 Long Branch
Cottontail,Week4,Long Branch,Week3,241.0 Cottontail - 161.0 Long Branch
Cottontail,Week5,Cottontail,Week4,235.0 Cottontail (CT1) - 167.0 Cottontail (CT2)
Cottontail,Week5,Long Branch,Week1,235.0 Cottontail - 167.0 Long Branch
Commonwealth,Week2,Village West,Week4,240.0 Commonwealth - 157.0 Village West
Country Club Hills,Week2,Parklawn,Week5,223.0 Country Club Hills - 179.0 Parklawn
Commonwealth,Week2,Village West,Week5,236.0 Commonwealth - 166.0 Village West
Country Club Hills,Week3,Parklawn,Week2,247.0 Country Club Hills - 154.0 Parklawn
Commonwealth,Week3,Village West,Week2,226.0 Commonwealth - 175.0 Village West
Cottontail,Week3,Long Branch,Week3,223.0 Cottontail - 179.0 Long Branch
Cottontail,Week1,Country Club Hills,Week1,221.0 Cottontail - 181.0 Country Club Hills
Cottontail,Week5,Cottontail,Week3,227.0 Cottontail (CT1) - 175.0 Cottontail (CT2)
Cottontail,Week2,Long Branch,Week5,211.0 Long Branch - 191.0 Cottontail
Cottontail,Week2,Country Club Hills,Week5,233.0 Country Club Hills - 169.0 Cottontail
Country Club Hills,Week2,Forest Hollow,Week2,231.0 Forest Hollow - 171.0 Country Club Hills
Cottontail,Week5,Long Branch,Week4,241.0 Cottontail - 161.0 Long Branch
Commonwealth,Week4,Village West,Week2,211.0 Commonwealth - 190.0 Village West
Commonwealth,Week3,Village West,Week4,221.0 Commonwealth - 176.0 Village West
Commonwealth,Week3,Village West,Week3,215.0 Commonwealth - 187.0 Village West
Cottontail,Week5,Cottontail,Week5,201.0 Cottontail (CT1) - 201.0 Cottontail (CT2)
Commonwealth,Week4,Village West,Week1,221.0 Commonwealth - 181.0 Village West
Cottontail,Week4,Long Branch,Week1,218.0 Cottontail - 174.0 Long Branch
Country Club Hills,Week4,Parklawn,Week5,235.0 Country Club Hills - 162.0 Parklawn
Cottontail,Week3,Long Branch,Week1,208.0 Cottontail - 194.0 Long Branch
Commonwealth,Week5,Sleepy Hollow B & R,Week2,273.0 Sleepy Hollow B & R - 129.0 Commonwealth
Country Club Hills,Week5,Parklawn,Week1,283.0 Country Club Hills - 110.0 Parklawn
Country Club Hills,Week2,Parliament,Week1,236.5 Parliament - 165.5 Country Club Hills
Country Club Hills,Week1,Forest Hollow,Week2,225.0 Forest Hollow - 177.0 Country Club Hills
Country Club Hills,Week3,Forest Hollow,Week5,269.0 Forest Hollow - 133.0 Country Club Hills
Country Club Hills,Week5,Fairfax Station,Week5,303.0 Fairfax Station - 99.0 Country Club Hills
Country Club Hills,Week3,Parklawn,Week4,230.0 Country Club Hills - 171.0 Parklawn
Cottontail,Week1,Mansion House,Week3,247.5 Mansion House - 154.5 Cottontail
Country Club Hills,Week4,Forest Hollow,Week3,252.0 Forest Hollow - 150.0 Country Club Hills
Cottontail,Week3,Country Club Hills,Week5,230.5 Country Club Hills - 171.5 Cottontail
Commonwealth,Week3,Village West,Week5,225.5 Commonwealth - 176.5 Village West
Country Club Hills,Week3,Parklawn,Week5,243.0 Country Club Hills - 158.0 Parklawn
Country Club Hills,Week2,Parklawn,Week1,282.0 Country Club Hills - 111.0 Parklawn
Cottontail,Week2,Long Branch,Week3,221.0 Cottontail - 181.0 Long Branch
Commonwealth,Week4,Village West,Week4,209.0 Commonwealth - 188.0 Village West
Cottontail,Week1,Mansion House,Week4,232.0 Mansion House - 170.0 Cottontail
Country Club Hills,Week1,Parliament,Week1,236.0 Parliament - 166.0 Country Club Hills
Cottontail,Week4,Country Club Hills,Week3,204.0 Cottontail - 198.0 Country Club Hills
Cottontail,Week2,Country Club Hills,Week4,222.0 Cottontail - 180.0 Country Club Hills
Country Club Hills,Week3,Forest Hollow,Week3,265.0 Forest Hollow - 137.0 Country Club Hills
Country Club Hills,Week5,Forest Hollow,Week1,209.0 Forest Hollow - 193.0 Country Club Hills
Cottontail,Week2,Crosspointe,Week2,278.5 Crosspointe - 123.5 Cottontail
Country Club Hills,Week5,Parklawn,Week4,253.0 Country Club Hills - 147.0 Parklawn
Cottontail,Week3,Long Branch,Week4,206.0 Long Branch - 196.0 Cottontail
Commonwealth,Week5,Sideburn Run,Week5,229.0 Sideburn Run - 173.0 Commonwealth
Country Club Hills,Week1,Parliament,Week5,222.0 Parliament - 180.0 Country Club Hills
Cottontail,Week5,Country Club Hills,Week4,231.0 Cottontail - 171.0 Country Club Hills
Cottontail,Week3,Long Branch,Week2,207.0 Cottontail - 195.0 Long Branch
Country Club Hills,Week1,Forest Hollow,Week5,258.0 Forest Hollow - 144.0 Country Club Hills
Commonwealth,Week2,Sleepy Hollow B & R,Week5,292.0 Sleepy Hollow B & R - 110.0 Commonwealth
Cottontail,Week1,Mansion House,Week1,254.0 Mansion House - 148.0 Cottontail
Commonwealth,Week2,Sleepy Hollow B & R,Week2,274.0 Sleepy Hollow B & R - 128.0 Commonwealth
Cottontail,Week2,Mansion House,Week3,263.0 Mansion House - 139.0 Cottontail
Country Club Hills,Week5,Parklawn,Week3,274.0 Country Club Hills - 127.0 Parklawn
Commonwealth,Week2,Sleepy Hollow B & R,Week4,256.0 Sleepy Hollow B & R - 146.0 Commonwealth
Country Club Hills,Week3,Forest Hollow,Week2,230.0 Forest Hollow - 172.0 Country Club Hills
Country Club Hills,Week2,Parliament,Week3,222.0 Parliament - 180.0 Country Club Hills
Commonwealth,Week5,Sideburn Run,Week4,229.0 Sideburn Run - 173.0 Commonwealth
Cottontail,Week4,Country Club Hills,Week2,205.0 Cottontail - 197.0 Country Club Hills
Country Club Hills,Week2,Forest Hollow,Week1,247.0 Forest Hollow - 155.0 Country Club Hills
Country Club Hills,Week2,Forest Hollow,Week4,250.0 Forest Hollow - 152.0 Country Club Hills
Country Club Hills,Week2,Forest Hollow,Week3,257.0 Forest Hollow - 145.0 Country Club Hills
Cottontail,Week4,Country Club Hills,Week5,220.0 Country Club Hills - 182.0 Cottontail
Country Club Hills,Week3,Forest Hollow,Week1,245.0 Forest Hollow - 157.0 Country Club Hills
Commonwealth,Week4,Village West,Week3,222.0 Village West - 180.0 Commonwealth
Cottontail,Week3,Long Branch,Week5,211.0 Long Branch - 191.0 Cottontail
Country Club Hills,Week2,Parklawn,Week2,251.0 Country Club Hills - 151.0 Parklawn
Cottontail,Week2,Long Branch,Week4,202.5 Cottontail - 199.5 Long Branch
Commonwealth,Week2,Sleepy Hollow B & R,Week3,271.0 Sleepy Hollow B & R - 131.0 Commonwealth
Cottontail,Week2,Crosspointe,Week4,286.0 Crosspointe - 116.0 Cottontail
Commonwealth,Week4,Sleepy Hollow B & R,Week5,314.0 Sleepy Hollow B & R - 88.0 Commonwealth
Country Club Hills,Week2,Parliament,Week4,223.0 Parliament - 179.0 Country Club Hills
Cottontail,Week5,Crosspointe,Week2,259.5 Crosspointe - 142.5 Cottontail
Country Club Hills,Week1,Parklawn,Week5,234.0 Country Club Hills - 168.0 Parklawn
Cottontail,Week2,Mansion House,Week4,248.0 Mansion House - 154.0 Cottontail
Cottontail,Week2,Crosspointe,Week1,281.0 Crosspointe - 121.0 Cottontail
Cottontail,Week1,Crosspointe,Week2,270.0 Crosspointe - 132.0 Cottontail
Cottontail,Week2,Long Branch,Week2,216.0 Cottontail - 186.0 Long Branch
Country Club Hills,Week4,Parklawn,Week3,251.0 Country Club Hills - 151.0 Parklawn
Commonwealth,Week5,Sleepy Hollow B & R,Week3,274.0 Sleepy Hollow B & R - 128.0 Commonwealth
Country Club Hills,Week4,Forest Hollow,Week2,230.0 Forest Hollow - 167.0 Country Club Hills
Country Club Hills,Week4,Forest Hollow,Week4,252.0 Forest Hollow - 150.0 Country Club Hills
Commonwealth,Week3,Sleepy Hollow B & R,Week3,276.0 Sleepy Hollow B & R - 126.0 Commonwealth
Cottontail,Week4,Long Branch,Week5,204.0 Long Branch - 198.0 Cottontail
Country Club Hills,Week5,Parklawn,Week2,256.0 Country Club Hills - 145.0 Parklawn
Country Club Hills,Week2,Parliament,Week2,211.0 Parliament - 191.0 Country Club Hills
Commonwealth,Week1,Sleepy Hollow B & R,Week2,287.0 Sleepy Hollow B & R - 115.0 Commonwealth
Cottontail,Week4,Crosspointe,Week2,265.0 Crosspointe - 137.0 Cottontail
Country Club Hills,Week5,Forest Hollow,Week3,228.5 Forest Hollow - 173.5 Country Club Hills
Cottontail,Week5,Long Branch,Week5,225.0 Cottontail - 177.0 Long Branch
Commonwealth,Week3,Sleepy Hollow B & R,Week5,297.0 Sleepy Hollow B & R - 105.0 Commonwealth
Country Club Hills,Week2,Parklawn,Week3,256.0 Country Club Hills - 146.0 Parklawn
Cottontail,Week5,Long Branch,Week3,251.0 Cottontail - 151.0 Long Branch
Commonwealth,Week1,Sleepy Hollow B & R,Week1,278.0 Sleepy Hollow B & R - 124.0 Commonwealth
Commonwealth,Week5,Sleepy Hollow B & R,Week4,263.0 Sleepy Hollow B & R - 139.0 Commonwealth
Cottontail,Week3,Crosspointe,Week4,276.0 Crosspointe - 126.0 Cottontail
Cottontail,Week1,Daventry,Week1,286.5 Cottontail - 115.5 Daventry
Country Club Hills,Week1,Forest Hollow,Week4,254.0 Forest Hollow - 148.0 Country Club Hills
Cottontail,Week5,Long Branch,Week2,237.0 Cottontail - 165.0 Long Branch
Country Club Hills,Week5,Parklawn,Week5,256.0 Country Club Hills - 145.0 Parklawn
Country Club Hills,Week5,Forest Hollow,Week5,234.0 Forest Hollow - 168.0 Country Club Hills
Country Club Hills,Week3,Forest Hollow,Week4,255.0 Forest Hollow - 147.0 Country Club Hills
Cottontail,Week1,Crosspointe,Week4,272.0 Crosspointe - 130.0 Cottontail
Country Club Hills,Week4,Forest Hollow,Week5,251.0 Forest Hollow - 151.0 Country Club Hills
Commonwealth,Week3,Sleepy Hollow B & R,Week1,251.0 Sleepy Hollow B & R - 151.0 Commonwealth
Cottontail,Week4,Long Branch,Week2,216.0 Cottontail - 186.0 Long Branch
Cottontail,Week1,Daventry,Week3,278.0 Cottontail - 124.0 Daventry
Commonwealth,Week1,Sleepy Hollow B & R,Week5,297.0 Sleepy Hollow B & R - 105.0 Commonwealth
Cottontail,Week1,Daventry,Week4,287.0 Cottontail - 115.0 Daventry
Cottontail,Week2,Mansion House,Week2,247.0 Mansion House - 155.0 Cottontail
Cottontail,Week4,Long Branch,Week4,210.0 Cottontail - 192.0 Long Branch
Country Club Hills,Week4,Parliament,Week5,217.0 Parliament - 185.0 Country Club Hills
Commonwealth,Week1,Sleepy Hollow B & R,Week4,294.0 Sleepy Hollow B & R - 108.0 Commonwealth
Country Club Hills,Week2,Pinecrest,Week5,316.0 Pinecrest - 86.0 Country Club Hills
Cottontail,Week5,Crosspointe,Week4,262.0 Crosspointe - 140.0 Cottontail
Cottontail,Week2,Long Branch,Week1,221.0 Cottontail - 181.0 Long Branch
Cottontail,Week3,High Point Pool,Week3,289.0 High Point Pool - 113.0 Cottontail
Commonwealth,Week4,Sleepy Hollow B & R,Week2,285.0 Sleepy Hollow B & R - 117.0 Commonwealth
Cottontail,Week4,Crosspointe,Week3,278.0 Crosspointe - 124.0 Cottontail
Country Club Hills,Week5,Forest Hollow,Week4,230.0 Forest Hollow - 172.0 Country Club Hills
Cottontail,Week1,Daventry,Week2,287.0 Cottontail - 115.0 Daventry
Commonwealth,Week2,Sleepy Hollow B & R,Week1,246.0 Sleepy Hollow B & R - 156.0 Commonwealth
Country Club Hills,Week5,Forest Hollow,Week2,203.0 Forest Hollow - 199.0 Country Club Hills
Cottontail,Week1,Mansion House,Week5,243.0 Mansion House - 159.0 Cottontail
Commonwealth,Week4,Sleepy Hollow B & R,Week4,281.0 Sleepy Hollow B & R - 121.0 Commonwealth
Country Club Hills,Week4,Parliament,Week3,219.0 Parliament - 183.0 Country Club Hills
Cottontail,Week2,High Point Pool,Week5,271.0 High Point Pool - 131.0 Cottontail
Country Club Hills,Week4,Forest Hollow,Week1,246.0 Forest Hollow - 156.0 Country Club Hills
Country Club Hills,Week1,Pinecrest,Week3,313.5 Pinecrest - 88.5 Country Club Hills
Country Club Hills,Week1,Forest Hollow,Week3,248.0 Forest Hollow - 154.0 Country Club Hills
Cottontail,Week1,Mansion House,Week2,241.0 Mansion House - 161.0 Cottontail
Country Club Hills,Week3,Pinecrest,Week2,312.5 Pinecrest - 89.5 Country Club Hills
Cottontail,Week3,Mansion House,Week3,270.0 Mansion House - 132.0 Cottontail
Cottontail,Week2,Crosspointe,Week5,294.0 Crosspointe - 108.0 Cottontail
Cottontail,Week1,Daventry,Week5,256.0 Cottontail - 146.0 Daventry
Cottontail,Week2,Mansion House,Week5,272.0 Mansion House - 130.0 Cottontail
Cottontail,Week2,Highland Park,Week2,237.0 Highland Park - 165.0 Cottontail
Commonwealth,Week3,Sleepy Hollow B & R,Week4,267.0 Sleepy Hollow B & R - 135.0 Commonwealth
Country Club Hills,Week3,Fox Hunt,Week1,202.0 Fox Hunt - 200.0 Country Club Hills
Cottontail,Week3,Mansion House,Week1,278.0 Mansion House - 124.0 Cottontail
Cottontail,Week1,Highland Park,Week3,220.0 Highland Park - 182.0 Cottontail
Cottontail,Week3,High Point Pool,Week5,283.5 High Point Pool - 118.5 Cottontail
Country Club Hills,Week1,Fox Hunt,Week5,236.0 Fox Hunt - 166.0 Country Club Hills
Country Club Hills,Week3,Parliament,Week4,208.0 Parliament - 194.0 Country Club Hills
Country Club Hills,Week4,Parliament,Week2,208.0 Parliament - 194.0 Country Club Hills
Cottontail,Week3,Mansion House,Week4,242.0 Mansion House - 160.0 Cottontail
Country Club Hills,Week5,Parliament,Week5,208.0 Parliament - 194.0 Country Club Hills
Cottontail,Week1,Crosspointe,Week1,260.0 Crosspointe - 142.0 Cottontail
Country Club Hills,Week1,Fox Hunt,Week3,240.0 Fox Hunt - 162.0 Country Club Hills
Country Club Hills,Week4,Parliament,Week1,239.0 Parliament - 163.0 Country Club Hills
Country Club Hills,Week5,Parliament,Week3,202.0 Parliament - 200.0 Country Club Hills
Cottontail,Week5,Crosspointe,Week1,265.0 Crosspointe - 137.0 Cottontail
Commonwealth,Week4,Sleepy Hollow B & R,Week3,285.0 Sleepy Hollow B & R - 117.0 Commonwealth
Country Club Hills,Week3,Parliament,Week5,209.0 Parliament - 192.0 Country Club Hills
Country Club Hills,Week2,Fox Hunt,Week1,218.0 Fox Hunt - 184.0 Country Club Hills
Country Club Hills,Week1,Fox Hunt,Week1,207.0 Fox Hunt - 195.0 Country Club Hills
Country Club Hills,Week1,Fox Hunt,Week4,224.0 Fox Hunt - 178.0 Country Club Hills
Country Club Hills,Week1,Pinecrest,Week4,308.0 Pinecrest - 94.0 Country Club Hills
Cottontail,Week5,Country Club Hills,Week3,230.0 Cottontail - 172.0 Country Club Hills
Commonwealth,Week3,Sleepy Hollow B & R,Week2,282.0 Sleepy Hollow B & R - 120.0 Commonwealth
Cottontail,Week2,High Point Pool,Week3,274.0 High Point Pool - 128.0 Cottontail
Cottontail,Week3,Mansion House,Week2,246.0 Mansion House - 156.0 Cottontail
Commonwealth,Week4,Sleepy Hollow B & R,Week1,268.0 Sleepy Hollow B & R - 134.0 Commonwealth
Commonwealth,Week1,Sleepy Hollow B & R,Week3,290.0 Sleepy Hollow B & R - 112.0 Commonwealth
Cottontail,Week1,Highland Park,Week1,253.0 Highland Park - 149.0 Cottontail
Cottontail,Week1,Highland Park,Week4,239.0 Highland Park - 163.0 Cottontail
Cottontail,Week2,Mantua,Week4,281.0 Mantua - 121.0 Cottontail
Country Club Hills,Week2,Fox Hunt,Week2,234.0 Fox Hunt - 168.0 Country Club Hills
Cottontail,Week5,Country Club Hills,Week5,206.0 Cottontail - 196.0 Country Club Hills
Cottontail,Week4,Crosspointe,Week5,297.0 Crosspointe - 105.0 Cottontail
Commonwealth,Week5,Sleepy Hollow B & R,Week1,264.0 Sleepy Hollow B & R - 138.0 Commonwealth
Cottontail,Week3,Highland Park,Week1,260.0 Highland Park - 142.0 Cottontail
Cottontail,Week2,Highland Park,Week5,247.0 Highland Park - 155.0 Cottontail
Country Club Hills,Week2,Oakton ,Week3,310.0 Oakton - 92.0 Country Club Hills
Cottontail,Week1,Crosspointe,Week3,264.0 Crosspointe - 138.0 Cottontail
Country Club Hills,Week2,Oakton ,Week2,326.0 Oakton - 76.0 Country Club Hills
Country Club Hills,Week4,Fox Hunt,Week1,208.0 Fox Hunt - 194.0 Country Club Hills
Cottontail,Week2,Crosspointe,Week3,284.0 Crosspointe - 118.0 Cottontail
Country Club Hills,Week5,Parliament,Week1,213.0 Parliament - 189.0 Country Club Hills
Country Club Hills,Week2,Parliament,Week5,225.0 Parliament - 177.0 Country Club Hills
Country Club Hills,Week3,Parliament,Week2,201.0 Country Club Hills - 200.0 Parliament
Country Club Hills,Week2,Fox Mill Estates,Week1,229.0 Country Club Hills - 173.0 Fox Mill Estates
Cottontail,Week4,Mantua,Week5,286.0 Mantua - 116.0 Cottontail
Country Club Hills,Week5,Fox Hunt,Week5,217.0 Fox Hunt - 185.0 Country Club Hills
Country Club Hills,Week1,Old Keene Mill,Week4,240.0 Country Club Hills - 162.0 Old Keene Mill
Cottontail,Week4,Mantua,Week2,257.0 Mantua - 145.0 Cottontail
Cottontail,Week3,Crosspointe,Week1,296.0 Crosspointe - 106.0 Cottontail
Cottontail,Week3,Highland Park,Week2,242.0 Highland Park - 160.0 Cottontail
Cottontail,Week4,Mansion House,Week4,237.0 Mansion House - 165.0 Cottontail
Cottontail,Week4,Mantua,Week1,266.0 Mantua - 136.0 Cottontail
Cottontail,Week2,Mantua,Week2,275.0 Mantua - 127.0 Cottontail
Cottontail,Week1,Crosspointe,Week5,280.0 Crosspointe - 122.0 Cottontail
Cottontail,Week3,High Point Pool,Week4,283.0 High Point Pool - 119.0 Cottontail
Country Club Hills,Week1,Pinecrest,Week1,296.0 Pinecrest - 106.0 Country Club Hills
Cottontail,Week4,Highland Park,Week1,250.0 Highland Park - 152.0 Cottontail
Country Club Hills,Week4,Oakton ,Week2,316.0 Oakton - 86.0 Country Club Hills
Cottontail,Week5,Mansion House,Week2,230.0 Mansion House - 172.0 Cottontail
Cottontail,Week3,Crosspointe,Week2,296.0 Crosspointe - 106.0 Cottontail
Cottontail,Week5,High Point Pool,Week1,250.0 High Point Pool - 152.0 Cottontail
Country Club Hills,Week5,Parliament,Week2,212.0 Country Club Hills - 190.0 Parliament
Country Club Hills,Week3,Parliament,Week1,234.0 Parliament - 167.0 Country Club Hills
Country Club Hills,Week2,Fox Mill Estates,Week5,202.0 Country Club Hills - 200.0 Fox Mill Estates
Country Club Hills,Week4,Oakton ,Week1,307.0 Oakton - 95.0 Country Club Hills
Country Club Hills,Week3,Fox Mill Estates,Week4,222.0 Fox Mill Estates - 180.0 Country Club Hills
Cottontail,Week2,High Point Pool,Week4,267.0 High Point Pool - 135.0 Cottontail
Country Club Hills,Week3,Fox Mill Estates,Week1,217.0 Country Club Hills - 185.0 Fox Mill Estates
Cottontail,Week4,Crosspointe,Week1,280.0 Crosspointe - 122.0 Cottontail
Cottontail,Week5,High Point Pool,Week5,251.0 High Point Pool - 151.0 Cottontail
Cottontail,Week5,Crosspointe,Week3,260.0 Crosspointe - 142.0 Cottontail
Cottontail,Week2,Mantua,Week5,300.0 Mantua - 102.0 Cottontail
Country Club Hills,Week2,Pinecrest,Week2,317.0 Pinecrest - 85.0 Country Club Hills
Country Club Hills,Week2,Pinecrest,Week1,296.0 Pinecrest - 106.0 Country Club Hills
Country Club Hills,Week1,Pinecrest,Week5,309.0 Pinecrest - 93.0 Country Club Hills
Country Club Hills,Week2,Fox Hunt,Week3,252.0 Fox Hunt - 150.0 Country Club Hills
Country Club Hills,Week5,Oakton ,Week5,305.0 Oakton - 97.0 Country Club Hills
Country Club Hills,Week1,Fox Mill Estates,Week1,216.0 Country Club Hills - 186.0 Fox Mill Estates
Cottontail,Week3,Mantua,Week2,274.0 Mantua - 128.0 Cottontail
Cottontail,Week5,High Point Pool,Week3,258.0 High Point Pool - 144.0 Cottontail
Cottontail,Week4,High Point Pool,Week2,282.0 High Point Pool - 120.0 Cottontail
Cottontail,Week3,Crosspointe,Week5,297.0 Crosspointe - 105.0 Cottontail
Country Club Hills,Week4,Fox Hunt,Week4,227.0 Fox Hunt - 175.0 Country Club Hills
Cottontail,Week4,Crosspointe,Week4,267.0 Crosspointe - 135.0 Cottontail
Cottontail,Week3,Crosspointe,Week3,285.0 Crosspointe - 117.0 Cottontail
Country Club Hills,Week4,Oakton ,Week4,312.5 Oakton - 89.5 Country Club Hills
Country Club Hills,Week2,Oakton ,Week5,316.0 Oakton - 86.0 Country Club Hills
Country Club Hills,Week4,Oakton ,Week3,304.0 Oakton - 98.0 Country Club Hills
Cottontail,Week1,Mantua,Week4,271.0 Mantua - 131.0 Cottontail
Country Club Hills,Week1,Pinecrest,Week2,303.0 Pinecrest - 99.0 Country Club Hills
Country Club Hills,Week3,Fox Hunt,Week2,237.0 Fox Hunt - 165.0 Country Club Hills
Cottontail,Week4,High Point Pool,Week1,268.0 High Point Pool - 134.0 Cottontail
Cottontail,Week3,Mansion House,Week5,275.0 Mansion House - 127.0 Cottontail
Country Club Hills,Week3,Fox Hunt,Week4,223.0 Fox Hunt - 179.0 Country Club Hills
Cottontail,Week5,High Point Pool,Week4,253.0 High Point Pool - 149.0 Cottontail
Country Club Hills,Week2,Pinecrest,Week3,320.0 Pinecrest - 82.0 Country Club Hills
Cottontail,Week3,Mantua,Week5,296.0 Mantua - 106.0 Cottontail
Cottontail,Week3,Mantua,Week3,296.5 Mantua - 105.5 Cottontail
Cottontail,Week4,Mansion House,Week3,265.0 Mansion House - 137.0 Cottontail
Country Club Hills,Week5,Fox Hunt,Week2,209.0 Country Club Hills - 193.0 Fox Hunt
Country Club Hills,Week5,Oakton ,Week4,294.0 Oakton - 108.0 Country Club Hills
Cottontail,Week4,High Point Pool,Week3,265.0 High Point Pool - 137.0 Cottontail
Cottontail,Week4,Camelot,Week3,208.0 Cottontail - 194.0 Camelot
Country Club Hills,Week2,Fox Mill Estates,Week2,204.0 Fox Mill Estates - 198.0 Country Club Hills
Country Club Hills,Week1,Fox Mill Estates,Week4,227.0 Fox Mill Estates - 175.0 Country Club Hills
Country Club Hills,Week3,Parliament,Week3,216.0 Parliament - 186.0 Country Club Hills
Cottontail,Week5,Crosspointe,Week5,282.0 Crosspointe - 120.0 Cottontail
Country Club Hills,Week4,Parliament,Week4,217.0 Parliament - 185.0 Country Club Hills
Country Club Hills,Week2,Fox Mill Estates,Week3,203.0 Country Club Hills - 199.0 Fox Mill Estates
Country Club Hills,Week1,Old Keene Mill,Week2,241.0 Country Club Hills - 161.0 Old Keene Mill
Cottontail,Week4,Camelot,Week1,202.0 Cottontail - 200.0 Camelot
Cottontail,Week3,High Point Pool,Week2,300.0 High Point Pool - 102.0 Cottontail
Country Club Hills,Week4,Oakton ,Week5,319.0 Oakton - 83.0 Country Club Hills
Cottontail,Week4,Mansion House,Week2,245.5 Mansion House - 156.5 Cottontail
Country Club Hills,Week1,Old Keene Mill,Week3,236.0 Country Club Hills - 166.0 Old Keene Mill
Country Club Hills,Week5,Parliament,Week4,205.0 Country Club Hills - 197.0 Parliament
Cottontail,Week1,Mantua,Week5,289.0 Mantua - 113.0 Cottontail
Country Club Hills,Week4,Old Keene Mill,Week4,229.0 Country Club Hills - 173.0 Old Keene Mill
Cottontail,Week4,High Point Pool,Week5,264.5 High Point Pool - 137.5 Cottontail
Country Club Hills,Week3,Fox Mill Estates,Week2,201.0 Country Club Hills - 201.0 Fox Mill Estates
Country Club Hills,Week2,Oakton ,Week4,312.0 Oakton - 90.0 Country Club Hills
Country Club Hills,Week3,Pinecrest,Week1,307.0 Pinecrest - 95.0 Country Club Hills
Cottontail,Week4,Burke Station,Week3,223.0 Cottontail - 174.0 Burke Station
Country Club Hills,Week2,Pinecrest,Week4,323.0 Pinecrest - 79.0 Country Club Hills
Cottontail,Week2,Mantua,Week1,270.0 Mantua - 132.0 Cottontail
Cottontail,Week5,Mansion House,Week5,252.0 Mansion House - 150.0 Cottontail
Country Club Hills,Week1,Old Keene Mill,Week1,249.0 Country Club Hills - 153.0 Old Keene Mill
Cottontail,Week2,High Point Pool,Week2,289.0 High Point Pool - 113.0 Cottontail
Cottontail,Week4,Burke Station,Week5,217.0 Cottontail - 185.0 Burke Station
Cottontail,Week1,High Point Pool,Week4,267.0 High Point Pool - 135.0 Cottontail
Cottontail,Week2,High Point Pool,Week1,269.0 High Point Pool - 133.0 Cottontail
Cottontail,Week2,Camelot,Week3,212.0 Cottontail - 190.0 Camelot
Country Club Hills,Week3,Fox Hunt,Week5,247.0 Fox Hunt - 155.0 Country Club Hills
Country Club Hills,Week3,Pinewood Lake,Week2,355.0 Country Club Hills - 43.0 Pinewood Lake
Country Club Hills,Week3,Pinewood Lake,Week5,340.0 Country Club Hills - 59.0 Pinewood Lake
Cottontail,Week5,Mansion House,Week4,227.0 Mansion House - 175.0 Cottontail
Cottontail,Week5,High Point Pool,Week2,265.5 High Point Pool - 136.5 Cottontail
Country Club Hills,Week1,Fox Mill Estates,Week2,201.0 Country Club Hills - 201.0 Fox Mill Estates
Country Club Hills,Week4,Fox Hunt,Week5,240.0 Fox Hunt - 162.0 Country Club Hills
Cottontail,Week5,Mansion House,Week3,238.0 Mansion House - 164.0 Cottontail
Country Club Hills,Week3,Oakton ,Week4,319.0 Oakton - 83.0 Country Club Hills
Cottontail,Week2,Mantua,Week3,298.0 Mantua - 104.0 Cottontail
Commonwealth,Week3,Stratford,Week5,210.0 Stratford - 191.0 Commonwealth
Cottontail,Week3,Camelot,Week1,205.0 Cottontail - 197.0 Camelot
Country Club Hills,Week4,Pinecrest,Week4,313.0 Pinecrest - 89.0 Country Club Hills
Country Club Hills,Week3,Oakton ,Week5,321.0 Oakton - 81.0 Country Club Hills
Country Club Hills,Week4,Pinecrest,Week3,314.0 Pinecrest - 88.0 Country Club Hills
Country Club Hills,Week2,Pinewood Lake,Week1,363.0 Country Club Hills - 37.0 Pinewood Lake
Cottontail,Week5,Burke Station,Week2,281.0 Cottontail - 120.0 Burke Station
Commonwealth,Week2,Stratford,Week3,228.0 Commonwealth - 174.0 Stratford
Commonwealth,Week5,Stratford,Week1,227.0 Commonwealth - 174.0 Stratford
Cottontail,Week1,High Point Pool,Week5,263.0 High Point Pool - 139.0 Cottontail
Country Club Hills,Week3,Oakton ,Week1,320.0 Oakton - 82.0 Country Club Hills
Commonwealth,Week2,Sully Station,Week5,294.0 Sully Station - 107.0 Commonwealth
Country Club Hills,Week3,Fox Hunt,Week3,244.0 Fox Hunt - 158.0 Country Club Hills
Country Club Hills,Week5,Fox Hunt,Week1,217.0 Country Club Hills - 185.0 Fox Hunt
Cottontail,Week3,High Point Pool,Week1,280.0 High Point Pool - 122.0 Cottontail
Country Club Hills,Week4,Old Keene Mill,Week3,227.0 Country Club Hills - 175.0 Old Keene Mill
Country Club Hills,Week2,Fox Hunt,Week4,238.0 Fox Hunt - 164.0 Country Club Hills
Cottontail,Week4,Mansion House,Week1,258.0 Mansion House - 144.0 Cottontail
Country Club Hills,Week3,Oakton ,Week3,305.0 Oakton - 97.0 Country Club Hills
Cottontail,Week2,Camelot,Week4,208.0 Camelot - 194.0 Cottontail
Cottontail,Week4,High Point Pool,Week4,265.0 High Point Pool - 137.0 Cottontail
Cottontail,Week4,Mansion House,Week5,261.0 Mansion House - 141.0 Cottontail
Commonwealth,Week4,Stratford,Week1,206.0 Commonwealth - 196.0 Stratford
Cottontail,Week1,Camelot,Week2,211.0 Cottontail - 191.0 Camelot
Cottontail,Week3,Camelot,Week4,206.0 Cottontail - 196.0 Camelot
Country Club Hills,Week3,Pinewood Lake,Week4,354.0 Country Club Hills - 44.0 Pinewood Lake
Cottontail,Week2,Highland Park,Week1,256.0 Highland Park - 146.0 Cottontail
Country Club Hills,Week5,Oakton ,Week2,302.0 Oakton - 100.0 Country Club Hills
Commonwealth,Week2,Stratford,Week2,231.0 Commonwealth - 171.0 Stratford
Cottontail,Week1,Highland Park,Week5,231.0 Highland Park - 171.0 Cottontail
Cottontail,Week1,Highland Park,Week2,226.0 Highland Park - 176.0 Cottontail
Cottontail,Week4,Burke Station,Week4,249.0 Cottontail - 153.0 Burke Station
Country Club Hills,Week2,Fox Hunt,Week5,258.0 Fox Hunt - 144.0 Country Club Hills
Country Club Hills,Week1,Pinewood Lake,Week2,358.0 Country Club Hills - 38.0 Pinewood Lake
Country Club Hills,Week3,Oakton ,Week2,331.0 Oakton - 71.0 Country Club Hills
Commonwealth,Week3,Stratford,Week3,216.0 Commonwealth - 186.0 Stratford
Cottontail,Week1,Camelot,Week3,223.0 Cottontail - 179.0 Camelot
Cottontail,Week1,Mantua,Week2,254.5 Mantua - 147.5 Cottontail
Cottontail,Week2,Highland Park,Week3,215.0 Highland Park - 187.0 Cottontail
Commonwealth,Week3,Sully Station,Week4,287.0 Sully Station - 115.0 Commonwealth
Cottontail,Week1,Mantua,Week1,258.0 Mantua - 144.0 Cottontail
Cottontail,Week4,Burke Station,Week1,208.0 Cottontail - 170.0 Burke Station
Cottontail,Week5,Burke Station,Week5,249.0 Cottontail - 153.0 Burke Station
Country Club Hills,Week5,Pinecrest,Week1,282.0 Pinecrest - 120.0 Country Club Hills
Commonwealth,Week3,Sully Station,Week2,277.0 Sully Station - 125.0 Commonwealth
Cottontail,Week1,Mantua,Week3,294.0 Mantua - 108.0 Cottontail
Country Club Hills,Week5,Oakton ,Week3,287.0 Oakton - 115.0 Country Club Hills
Country Club Hills,Week4,Fox Hunt,Week2,219.0 Fox Hunt - 183.0 Country Club Hills
Country Club Hills,Week5,Fox Hunt,Week3,224.0 Fox Hunt - 178.0 Country Club Hills
Country Club Hills,Week5,Oakton ,Week1,297.0 Oakton - 105.0 Country Club Hills
Country Club Hills,Week1,Pinewood Lake,Week5,346.0 Country Club Hills - 56.0 Pinewood Lake
Country Club Hills,Week1,Pinewood Lake,Week1,360.0 Country Club Hills - 35.0 Pinewood Lake
Country Club Hills,Week3,Old Keene Mill,Week1,256.5 Country Club Hills - 145.5 Old Keene Mill
Cottontail,Week2,Highland Park,Week4,253.0 Highland Park - 149.0 Cottontail
Cottontail,Week5,Mansion House,Week1,236.0 Mansion House - 166.0 Cottontail
Country Club Hills,Week3,Pinecrest,Week4,307.0 Pinecrest - 95.0 Country Club Hills
Commonwealth,Week4,Stratford,Week2,201.0 Commonwealth - 201.0 Stratford
Country Club Hills,Week1,Fox Mill Estates,Week5,203.0 Fox Mill Estates - 199.0 Country Club Hills
Country Club Hills,Week1,Fox Mill Estates,Week3,220.0 Fox Mill Estates - 182.0 Country Club Hills
Cottontail,Week4,Burke Station,Week2,267.0 Cottontail - 134.0 Burke Station
Cottontail,Week3,Highland Park,Week3,228.0 Highland Park - 174.0 Cottontail
Country Club Hills,Week3,Pinecrest,Week3,310.0 Pinecrest - 92.0 Country Club Hills
Cottontail,Week5,Burke Station,Week4,281.0 Cottontail - 121.0 Burke Station
Country Club Hills,Week5,Fox Hunt,Week4,206.0 Fox Hunt - 196.0 Country Club Hills
Cottontail,Week3,Mantua,Week1,282.0 Mantua - 120.0 Cottontail
Cottontail,Week3,Mantua,Week4,284.0 Mantua - 118.0 Cottontail
Commonwealth,Week1,Sully Station,Week1,314.0 Sully Station - 83.0 Commonwealth
Cottontail,Week4,Mantua,Week3,306.0 Mantua - 96.0 Cottontail
Cottontail,Week3,Highland Park,Week4,254.5 Highland Park - 147.5 Cottontail
Commonwealth,Week2,Stratford,Week4,205.0 Commonwealth - 197.0 Stratford
Cottontail,Week1,Highlands Swim,Week2,325.0 Highlands Swim - 77.0 Cottontail
Country Club Hills,Week2,Old Keene Mill,Week1,257.0 Country Club Hills - 145.0 Old Keene Mill
Cottontail,Week4,Mantua,Week4,286.0 Mantua - 116.0 Cottontail
Cottontail,Week5,Mantua,Week4,255.0 Mantua - 147.0 Cottontail
Country Club Hills,Week3,Old Keene Mill,Week3,231.0 Country Club Hills - 171.0 Old Keene Mill
Country Club Hills,Week4,Fox Hunt,Week3,241.0 Fox Hunt - 161.0 Country Club Hills
Commonwealth,Week3,Stratford,Week4,205.0 Commonwealth - 197.0 Stratford
Cottontail,Week5,Burke Station,Week1,227.0 Cottontail - 151.0 Burke Station
Cottontail,Week1,Camelot,Week4,219.0 Cottontail - 183.0 Camelot
Country Club Hills,Week3,Fox Mill Estates,Week3,205.0 Fox Mill Estates - 197.0 Country Club Hills
Country Club Hills,Week3,Pinecrest,Week5,314.0 Pinecrest - 88.0 Country Club Hills
Country Club Hills,Week4,Pinecrest,Week1,303.0 Pinecrest - 99.0 Country Club Hills
Commonwealth,Week5,Stratford,Week2,222.0 Commonwealth - 180.0 Stratford
Cottontail,Week2,Highlands Swim,Week3,331.0 Highlands Swim - 71.0 Cottontail
Cottontail,Week3,Highland Park,Week5,243.0 Highland Park - 159.0 Cottontail
Country Club Hills,Week3,Old Keene Mill,Week4,233.0 Country Club Hills - 169.0 Old Keene Mill
Cottontail,Week5,Burke Station,Week3,239.0 Cottontail - 158.0 Burke Station
Country Club Hills,Week2,Fox Mill Estates,Week4,225.0 Fox Mill Estates - 177.0 Country Club Hills
Country Club Hills,Week3,Old Keene Mill,Week5,217.0 Country Club Hills - 185.0 Old Keene Mill
Country Club Hills,Week2,Pinewood Lake,Week2,359.0 Country Club Hills - 41.0 Pinewood Lake
Commonwealth,Week1,Sully Station,Week2,305.0 Sully Station - 91.0 Commonwealth
Cottontail,Week1,Camelot,Week1,214.0 Cottontail - 188.0 Camelot
Country Club Hills,Week4,Fox Mill Estates,Week2,203.0 Country Club Hills - 199.0 Fox Mill Estates
Cottontail,Week5,Mantua,Week1,263.0 Mantua - 139.0 Cottontail
Cottontail,Week5,Mantua,Week5,274.0 Mantua - 128.0 Cottontail
Cottontail,Week2,Camelot,Week1,203.0 Cottontail - 199.0 Camelot
Country Club Hills,Week3,Pinewood Lake,Week1,359.0 Country Club Hills - 38.0 Pinewood Lake
Country Club Hills,Week2,Pinewood Lake,Week5,346.0 Country Club Hills - 55.0 Pinewood Lake
Cottontail,Week1,Camelot,Week5,209.0 Cottontail - 193.0 Camelot
Commonwealth,Week1,Sully Station,Week5,336.0 Sully Station - 65.0 Commonwealth
Country Club Hills,Week2,Old Keene Mill,Week4,235.0 Country Club Hills - 167.0 Old Keene Mill
Cottontail,Week2,Highlands Swim,Week5,330.0 Highlands Swim - 72.0 Cottontail
Cottontail,Week5,Highland Park,Week5,218.0 Highland Park - 184.0 Cottontail
Country Club Hills,Week4,Pinecrest,Week5,309.0 Pinecrest - 93.0 Country Club Hills
Commonwealth,Week2,Stratford,Week5,203.0 Stratford - 199.0 Commonwealth
Country Club Hills,Week5,Fox Mill Estates,Week2,230.0 Country Club Hills - 172.0 Fox Mill Estates
Commonwealth,Week2,Waynewood,Week1,262.0 Waynewood - 140.0 Commonwealth
Commonwealth,Week5,Stratford,Week4,210.0 Stratford - 192.0 Commonwealth
Country Club Hills,Week4,Fox Mill Estates,Week3,203.0 Fox Mill Estates - 199.0 Country Club Hills
Commonwealth,Week5,Waynewood,Week5,269.0 Waynewood - 133.0 Commonwealth
Country Club Hills,Week3,Old Keene Mill,Week2,231.0 Country Club Hills - 171.0 Old Keene Mill
Country Club Hills,Week5,Pinecrest,Week4,290.0 Pinecrest - 112.0 Country Club Hills
Country Club Hills,Week2,Old Keene Mill,Week5,211.0 Country Club Hills - 191.0 Old Keene Mill
Cottontail,Week2,Camelot,Week2,212.0 Camelot - 190.0 Cottontail
Commonwealth,Week1,Woodley,Week4,208.0 Commonwealth - 188.0 Woodley
Country Club Hills,Week4,Old Keene Mill,Week2,227.0 Country Club Hills - 175.0 Old Keene Mill
Country Club Hills,Week2,Old Keene Mill,Week3,225.0 Country Club Hills - 177.0 Old Keene Mill
Commonwealth,Week4,Waynewood,Week5,292.0 Waynewood - 110.0 Commonwealth
Cottontail,Week2,Camelot,Week5,208.0 Camelot - 194.0 Cottontail
Cottontail,Week1,McLean,Week3,309.0 McLean - 93.0 Cottontail
Commonwealth,Week2,Sully Station,Week1,286.0 Sully Station - 115.0 Commonwealth
Cottontail,Week1,McLean,Week2,302.0 McLean - 100.0 Cottontail
Cottontail,Week3,Highlands Swim,Week2,340.0 Highlands Swim - 62.0 Cottontail
Cottontail,Week1,McLean,Week1,305.0 McLean - 97.0 Cottontail
Cottontail,Week1,Highlands Swim,Week4,320.0 Highlands Swim - 82.0 Cottontail
Country Club Hills,Week5,Fox Mill Estates,Week3,219.0 Country Club Hills - 183.0 Fox Mill Estates
Commonwealth,Week2,Waynewood,Week2,255.0 Waynewood - 147.0 Commonwealth
Country Club Hills,Week2,Pinewood Lake,Week4,360.0 Country Club Hills - 40.0 Pinewood Lake
Cottontail,Week5,Mantua,Week3,283.0 Mantua - 119.0 Cottontail
Cottontail,Week4,Highland Park,Week2,235.0 Highland Park - 167.0 Cottontail
Country Club Hills,Week5,Fox Mill Estates,Week4,205.0 Fox Mill Estates - 197.0 Country Club Hills
Cottontail,Week5,Highland Park,Week1,237.0 Highland Park - 165.0 Cottontail
Country Club Hills,Week4,Orange Hunt,Week2,237.0 Orange Hunt - 165.0 Country Club Hills
Country Club Hills,Week1,Fox Mill Woods,Week3,287.0 Fox Mill Woods - 115.0 Country Club Hills
Country Club Hills,Week2,Fox Mill Woods,Week1,285.0 Fox Mill Woods - 117.0 Country Club Hills
Country Club Hills,Week5,Pinecrest,Week3,289.0 Pinecrest - 113.0 Country Club Hills
Commonwealth,Week2,Woodley,Week3,247.0 Commonwealth - 154.0 Woodley
Country Club Hills,Week5,Fox Mill Estates,Week5,230.0 Country Club Hills - 172.0 Fox Mill Estates
Cottontail,Week3,Camelot,Week3,217.0 Cottontail - 185.0 Camelot
Cottontail,Week4,Highland Park,Week4,258.0 Highland Park - 144.0 Cottontail
Country Club Hills,Week5,Pinecrest,Week5,286.0 Pinecrest - 116.0 Country Club Hills
Cottontail,Week3,Camelot,Week2,204.0 Cottontail - 198.0 Camelot
Cottontail,Week2,McLean,Week1,307.0 McLean - 95.0 Cottontail
Country Club Hills,Week2,Orange Hunt,Week1,239.5 Orange Hunt - 162.5 Country Club Hills
Cottontail,Week3,Camelot,Week5,211.0 Camelot - 191.0 Cottontail
Commonwealth,Week2,Sully Station,Week2,267.0 Sully Station - 135.0 Commonwealth
Commonwealth,Week1,Woodley,Week3,207.0 Commonwealth - 194.0 Woodley
Commonwealth,Week5,Stratford,Week5,206.0 Commonwealth - 195.0 Stratford
Cottontail,Week2,McLean,Week3,305.0 McLean - 97.0 Cottontail
Commonwealth,Week2,Sully Station,Week3,276.0 Sully Station - 125.0 Commonwealth
Country Club Hills,Week1,Old Keene Mill,Week5,224.0 Country Club Hills - 178.0 Old Keene Mill
Commonwealth,Week3,Stratford,Week2,228.0 Commonwealth - 174.0 Stratford
Commonwealth,Week1,Sully Station,Week4,318.0 Sully Station - 83.0 Commonwealth
Country Club Hills,Week1,Pinewood Lake,Week4,355.0 Country Club Hills - 41.0 Pinewood Lake
Country Club Hills,Week3,Orange Hunt,Week1,235.0 Orange Hunt - 167.0 Country Club Hills
Cottontail,Week3,Canterbury Woods,Week4,202.0 Canterbury Woods - 200.0 Cottontail
Cottontail,Week4,Highland Park,Week3,228.0 Highland Park - 164.0 Cottontail
Country Club Hills,Week4,Fox Mill Estates,Week5,206.0 Fox Mill Estates - 196.0 Country Club Hills
Country Club Hills,Week3,Orange Hunt,Week2,242.0 Orange Hunt - 160.0 Country Club Hills
Country Club Hills,Week4,Old Keene Mill,Week1,246.0 Country Club Hills - 156.0 Old Keene Mill
Cottontail,Week5,Camelot,Week3,222.0 Cottontail - 180.0 Camelot
Country Club Hills,Week3,Pinewood Lake,Week3,359.0 Country Club Hills - 38.0 Pinewood Lake
Country Club Hills,Week4,Fox Mill Estates,Week1,234.0 Country Club Hills - 168.0 Fox Mill Estates
Cottontail,Week5,Highland Park,Week2,213.0 Highland Park - 189.0 Cottontail
Commonwealth,Week3,Waynewood,Week1,275.0 Waynewood - 127.0 Commonwealth
Commonwealth,Week3,Stratford,Week1,214.5 Commonwealth - 187.5 Stratford
Country Club Hills,Week1,Fox Mill Woods,Week1,280.0 Fox Mill Woods - 122.0 Country Club Hills
Country Club Hills,Week3,Fox Mill Estates,Week5,211.0 Country Club Hills - 191.0 Fox Mill Estates
Cottontail,Week2,McLean,Week2,310.0 McLean - 92.0 Cottontail
Country Club Hills,Week2,Old Keene Mill,Week2,234.0 Country Club Hills - 168.0 Old Keene Mill
Cottontail,Week1,Highlands Swim,Week3,318.0 Highlands Swim - 84.0 Cottontail
Cottontail,Week2,McLean,Week4,315.0 McLean - 87.0 Cottontail
Country Club Hills,Week2,Pinewood Lake,Week3,365.0 Country Club Hills - 35.0 Pinewood Lake
Cottontail,Week2,Canterbury Woods,Week4,208.0 Cottontail - 194.0 Canterbury Woods
Country Club Hills,Week4,Pinecrest,Week2,294.0 Pinecrest - 108.0 Country Club Hills
Cottontail,Week4,Camelot,Week2,217.0 Camelot - 185.0 Cottontail
Country Club Hills,Week1,Pinewood Lake,Week3,360.0 Country Club Hills - 36.0 Pinewood Lake
Commonwealth,Week3,Waynewood,Week2,278.0 Waynewood - 124.0 Commonwealth
Cottontail,Week1,McLean,Week4,308.0 McLean - 94.0 Cottontail
Cottontail,Week3,Highlands Swim,Week1,334.0 Highlands Swim - 68.0 Cottontail
Commonwealth,Week5,Stratford,Week3,225.0 Commonwealth - 177.0 Stratford
Commonwealth,Week2,Sully Station,Week4,282.0 Sully Station - 120.0 Commonwealth
Cottontail,Week4,Highland Park,Week5,241.0 Highland Park - 161.0 Cottontail
Country Club Hills,Week1,Fox Mill Woods,Week2,284.0 Fox Mill Woods - 118.0 Country Club Hills
Cottontail,Week5,Camelot,Week1,215.5 Cottontail - 186.5 Camelot
Country Club Hills,Week5,Pinecrest,Week2,287.0 Pinecrest - 115.0 Country Club Hills
Cottontail,Week1,McLean,Week5,317.0 McLean - 85.0 Cottontail
Commonwealth,Week4,Waynewood,Week3,291.0 Waynewood - 111.0 Commonwealth
Country Club Hills,Week2,Orange Hunt,Week2,237.5 Orange Hunt - 164.5 Country Club Hills
Commonwealth,Week4,Waynewood,Week2,274.0 Waynewood - 127.0 Commonwealth
Cottontail,Week2,McLean,Week5,321.0 McLean - 81.0 Cottontail
Commonwealth,Week4,Waynewood,Week1,272.0 Waynewood - 130.0 Commonwealth
Country Club Hills,Week5,Old Keene Mill,Week3,265.0 Country Club Hills - 137.0 Old Keene Mill
Country Club Hills,Week3,Orange Hunt,Week5,258.0 Orange Hunt - 144.0 Country Club Hills
Country Club Hills,Week4,Pinewood Lake,Week2,358.0 Country Club Hills - 44.0 Pinewood Lake
Commonwealth,Week2,Waynewood,Week4,258.0 Waynewood - 144.0 Commonwealth
Country Club Hills,Week4,Fox Mill Estates,Week4,219.0 Fox Mill Estates - 183.0 Country Club Hills
Country Club Hills,Week2,Fox Mill Woods,Week2,285.0 Fox Mill Woods - 117.0 Country Club Hills
Cottontail,Week5,Highland Park,Week3,211.0 Highland Park - 191.0 Cottontail
Cottontail,Week1,Canterbury Woods,Week1,237.0 Cottontail - 165.0 Canterbury Woods
Commonwealth,Week4,Stratford,Week5,231.0 Stratford - 170.0 Commonwealth
Cottontail,Week3,Highlands Swim,Week4,337.0 Highlands Swim - 65.0 Cottontail
Commonwealth,Week3,Waynewood,Week5,295.0 Waynewood - 107.0 Commonwealth
Country Club Hills,Week4,Orange Hunt,Week5,258.0 Orange Hunt - 144.0 Country Club Hills
Cottontail,Week5,Rolling Forest,Week3,212.0 Rolling Forest - 190.0 Cottontail
Commonwealth,Week1,Sully Station,Week3,298.0 Sully Station - 100.0 Commonwealth
Country Club Hills,Week4,Pinewood Lake,Week4,353.0 Country Club Hills - 49.0 Pinewood Lake
Country Club Hills,Week4,Pinewood Lake,Week1,362.0 Country Club Hills - 35.0 Pinewood Lake
Country Club Hills,Week2,Fox Mill Woods,Week3,289.0 Fox Mill Woods - 113.0 Country Club Hills
Cottontail,Week5,Canterbury Woods,Week3,213.0 Cottontail - 189.0 Canterbury Woods
Cottontail,Week2,Canterbury Woods,Week1,221.0 Cottontail - 181.0 Canterbury Woods
Cottontail,Week4,Canterbury Woods,Week4,204.0 Canterbury Woods - 198.0 Cottontail
Commonwealth,Week4,Stratford,Week4,225.0 Stratford - 177.0 Commonwealth
Country Club Hills,Week1,Fox Mill Woods,Week4,283.0 Fox Mill Woods - 119.0 Country Club Hills
Country Club Hills,Week5,Old Keene Mill,Week4,267.0 Country Club Hills - 135.0 Old Keene Mill
Commonwealth,Week5,Waynewood,Week1,240.0 Waynewood - 162.0 Commonwealth
Cottontail,Week5,Mantua,Week2,253.0 Mantua - 149.0 Cottontail
Cottontail,Week2,Canterbury Woods,Week2,240.0 Cottontail - 162.0 Canterbury Woods
Cottontail,Week3,Rolling Forest,Week4,211.0 Rolling Forest - 191.0 Cottontail
Country Club Hills,Week4,Pinewood Lake,Week3,360.0 Country Club Hills - 42.0 Pinewood Lake
Cottontail,Week5,Rolling Forest,Week5,218.0 Rolling Forest - 184.0 Cottontail
Cottontail,Week2,Highlands Swim,Week2,334.0 Highlands Swim - 68.0 Cottontail
Commonwealth,Week4,Waynewood,Week4,275.0 Waynewood - 127.0 Commonwealth
Commonwealth,Week4,Stratford,Week3,214.0 Stratford - 188.0 Commonwealth
Cottontail,Week4,Highlands Swim,Week1,329.5 Highlands Swim - 72.5 Cottontail
Cottontail,Week4,Highlands Swim,Week2,334.0 Highlands Swim - 68.0 Cottontail
Country Club Hills,Week5,Pinewood Lake,Week1,366.0 Country Club Hills - 34.0 Pinewood Lake
Cottontail,Week3,Canterbury Woods,Week2,220.0 Cottontail - 182.0 Canterbury Woods
Commonwealth,Week2,Waynewood,Week5,270.5 Waynewood - 131.5 Commonwealth
Country Club Hills,Week2,Orange Hunt,Week4,243.0 Orange Hunt - 159.0 Country Club Hills
Country Club Hills,Week5,Fox Mill Estates,Week1,247.0 Country Club Hills - 155.0 Fox Mill Estates
Commonwealth,Week3,Sully Station,Week3,276.0 Sully Station - 125.0 Commonwealth
Commonwealth,Week5,Waynewood,Week2,261.0 Waynewood - 141.0 Commonwealth
Country Club Hills,Week5,Pinewood Lake,Week2,368.0 Country Club Hills - 33.0 Pinewood Lake
Cottontail,Week4,Camelot,Week5,207.0 Camelot - 195.0 Cottontail
Commonwealth,Week3,Sully Station,Week5,302.0 Sully Station - 100.0 Commonwealth
Country Club Hills,Week5,Old Keene Mill,Week5,234.0 Country Club Hills - 168.0 Old Keene Mill
Country Club Hills,Week2,Fox Mill Woods,Week4,293.0 Fox Mill Woods - 109.0 Country Club Hills
Country Club Hills,Week1,Fox Mill Woods,Week5,296.0 Fox Mill Woods - 106.0 Country Club Hills
Cottontail,Week2,Highlands Swim,Week4,334.0 Highlands Swim - 68.0 Cottontail
Cottontail,Week2,Highlands Swim,Week1,332.5 Highlands Swim - 69.5 Cottontail
Commonwealth,Week3,Sully Station,Week1,289.0 Sully Station - 111.0 Commonwealth
Cottontail,Week1,Cardinal Hill,Week2,256.0 Cardinal Hill - 146.0 Cottontail
Cottontail,Week1,Rolling Hills,Week1,217.0 Cottontail - 185.0 Rolling Hills
Cottontail,Week2,Rolling Forest,Week4,203.0 Rolling Forest - 199.0 Cottontail
Commonwealth,Week5,Waynewood,Week3,274.0 Waynewood - 128.0 Commonwealth
Country Club Hills,Week4,Pinewood Lake,Week5,346.0 Country Club Hills - 56.0 Pinewood Lake
Cottontail,Week3,Highlands Swim,Week3,335.5 Highlands Swim - 66.5 Cottontail
Commonwealth,Week4,Sully Station,Week1,298.0 Sully Station - 102.0 Commonwealth
Cottontail,Week2,Rolling Forest,Week5,226.0 Rolling Forest - 176.0 Cottontail
Country Club Hills,Week4,Orange Hunt,Week1,230.0 Orange Hunt - 172.0 Country Club Hills
Country Club Hills,Week2,Orange Hunt,Week3,253.0 Orange Hunt - 149.0 Country Club Hills
Commonwealth,Week1,Waynewood,Week4,291.5 Waynewood - 110.5 Commonwealth
Cottontail,Week5,Riverside Gardens,Week3,278.0 Riverside Gardens - 124.0 Cottontail
Cottontail,Week1,Canterbury Woods,Week5,223.0 Cottontail - 179.0 Canterbury Woods
Cottontail,Week1,Canterbury Woods,Week2,238.5 Cottontail - 163.5 Canterbury Woods
Commonwealth,Week1,Sully Station II,Week1,288.0 Sully Station II - 110.0 Commonwealth
Country Club Hills,Week1,Orange Hunt,Week5,253.0 Orange Hunt - 149.0 Country Club Hills
Commonwealth,Week1,Waynewood,Week3,309.0 Waynewood - 93.0 Commonwealth
Country Club Hills,Week4,Pleasant Valley,Week1,289.0 Country Club Hills - 108.0 Pleasant Valley
Country Club Hills,Week4,Old Keene Mill,Week5,211.0 Country Club Hills - 186.0 Old Keene Mill
Cottontail,Week1,Canterbury Woods,Week4,217.0 Cottontail - 185.0 Canterbury Woods
Cottontail,Week1,Highlands Swim,Week1,319.0 Highlands Swim - 83.0 Cottontail
Country Club Hills,Week5,Pleasant Valley,Week3,285.0 Country Club Hills - 117.0 Pleasant Valley
Country Club Hills,Week1,Orange Hunt,Week3,252.0 Orange Hunt - 150.0 Country Club Hills
Cottontail,Week1,Cardinal Hill,Week4,258.0 Cardinal Hill - 144.0 Cottontail
Commonwealth,Week2,Waynewood,Week3,282.0 Waynewood - 120.0 Commonwealth
Commonwealth,Week4,Sully Station,Week3,295.0 Sully Station - 106.0 Commonwealth
Country Club Hills,Week5,Old Keene Mill,Week2,255.0 Country Club Hills - 147.0 Old Keene Mill
Country Club Hills,Week2,Pleasant Valley,Week1,289.0 Country Club Hills - 113.0 Pleasant Valley
Cottontail,Week4,Rolling Forest,Week5,239.0 Rolling Forest - 163.0 Cottontail
Commonwealth,Week5,Sully Station,Week3,276.0 Sully Station - 126.0 Commonwealth
Commonwealth,Week1,Waynewood,Week2,288.0 Waynewood - 114.0 Commonwealth
Country Club Hills,Week5,Old Keene Mill,Week1,272.0 Country Club Hills - 130.0 Old Keene Mill
Commonwealth,Week1,Woodley,Week2,206.5 Commonwealth - 195.5 Woodley
Commonwealth,Week5,Sully Station,Week1,289.0 Sully Station - 112.0 Commonwealth
Cottontail,Week3,Highlands Swim,Week5,338.0 Highlands Swim - 64.0 Cottontail
Cottontail,Week1,Highlands Swim,Week5,322.0 Highlands Swim - 80.0 Cottontail
Cottontail,Week5,Highland Park,Week4,230.0 Highland Park - 172.0 Cottontail
Cottontail,Week3,Rolling Forest,Week2,204.0 Cottontail - 198.0 Rolling Forest
Cottontail,Week1,Rolling Forest,Week3,227.5 Rolling Forest - 174.5 Cottontail
Cottontail,Week1,Rolling Forest,Week4,215.0 Cottontail - 187.0 Rolling Forest
Country Club Hills,Week5,Pinewood Lake,Week3,367.0 Country Club Hills - 33.0 Pinewood Lake
Cottontail,Week2,Rolling Forest,Week1,208.0 Rolling Forest - 194.0 Cottontail
Cottontail,Week4,Great Falls,Week3,221.0 Great Falls - 181.0 Cottontail
Commonwealth,Week3,Waynewood,Week4,275.0 Waynewood - 127.0 Commonwealth
Commonwealth,Week4,Sully Station,Week5,312.0 Sully Station - 90.0 Commonwealth
Cottontail,Week3,Great Falls,Week2,200.0 Great Falls - 184.0 Cottontail
Cottontail,Week1,Cardinal Hill,Week3,278.0 Cardinal Hill - 124.0 Cottontail
Country Club Hills,Week1,Pleasant Valley,Week1,293.0 Country Club Hills - 109.0 Pleasant Valley
Cottontail,Week5,Camelot,Week2,217.0 Cottontail - 185.0 Camelot
Country Club Hills,Week1,Pleasant Valley,Week5,270.0 Country Club Hills - 126.0 Pleasant Valley
Country Club Hills,Week5,Pleasant Valley,Week1,305.0 Country Club Hills - 96.0 Pleasant Valley
Cottontail,Week5,Riverside Gardens,Week4,289.0 Riverside Gardens - 113.0 Cottontail
Commonwealth,Week1,Waynewood,Week5,304.0 Waynewood - 98.0 Commonwealth
Commonwealth,Week5,Waynewood,Week4,261.0 Waynewood - 141.0 Commonwealth
Cottontail,Week1,Rolling Forest,Week2,205.0 Cottontail - 197.0 Rolling Forest
Country Club Hills,Week1,Orange Hunt,Week4,233.5 Orange Hunt - 168.5 Country Club Hills
Country Club Hills,Week2,Pleasant Valley,Week5,273.0 Country Club Hills - 129.0 Pleasant Valley
Country Club Hills,Week1,Pleasant Valley,Week3,266.0 Country Club Hills - 136.0 Pleasant Valley
Cottontail,Week3,Canterbury Woods,Week3,206.0 Cottontail - 196.0 Canterbury Woods
Commonwealth,Week1,Woodley,Week1,205.0 Commonwealth - 196.0 Woodley
Cottontail,Week2,Great Falls,Week1,219.0 Cottontail - 183.0 Great Falls
Commonwealth,Week1,Sully Station II,Week3,314.0 Sully Station II - 88.0 Commonwealth
Country Club Hills,Week3,Orange Hunt,Week3,259.0 Orange Hunt - 143.0 Country Club Hills
Cottontail,Week1,Canterbury Woods,Week3,226.5 Cottontail - 175.5 Canterbury Woods
Commonwealth,Week3,Waynewood,Week3,292.0 Waynewood - 110.0 Commonwealth
Cottontail,Week1,Greenbriar,Week1,228.0 Greenbriar - 174.0 Cottontail
Country Club Hills,Week2,Orange Hunt,Week5,252.0 Orange Hunt - 150.0 Country Club Hills
Cottontail,Week1,Rolling Forest,Week1,218.0 Cottontail - 184.0 Rolling Forest
Country Club Hills,Week2,Pleasant Valley,Week4,304.0 Country Club Hills - 98.0 Pleasant Valley
Cottontail,Week2,Greenbriar,Week2,257.0 Greenbriar - 145.0 Cottontail
Commonwealth,Week1,Sully Station II,Week4,280.0 Sully Station II - 122.0 Commonwealth
Cottontail,Week4,Canterbury Woods,Week3,206.0 Canterbury Woods - 196.0 Cottontail
Cottontail,Week5,Riverside Gardens,Week5,293.0 Riverside Gardens - 109.0 Cottontail
Cottontail,Week2,Rolling Forest,Week2,203.0 Cottontail - 199.0 Rolling Forest
Country Club Hills,Week2,Poplar Heights,Week1,247.0 Poplar Heights - 155.0 Country Club Hills
Commonwealth,Week1,Woodley,Week5,203.0 Commonwealth - 199.0 Woodley
Commonwealth,Week5,Sully Station,Week5,298.0 Sully Station - 104.0 Commonwealth
Commonwealth,Week5,Sully Station,Week4,283.0 Sully Station - 119.0 Commonwealth
Cottontail,Week4,Canterbury Woods,Week5,203.0 Cottontail - 193.0 Canterbury Woods
Commonwealth,Week1,Sully Station II,Week2,302.0 Sully Station II - 99.0 Commonwealth
Cottontail,Week2,Great Falls,Week5,209.0 Great Falls - 193.0 Cottontail
Country Club Hills,Week1,Orange Hunt,Week2,239.0 Orange Hunt - 163.0 Country Club Hills
Country Club Hills,Week1,Orange Hunt,Week1,246.0 Orange Hunt - 156.0 Country Club Hills
Cottontail,Week2,Greenbriar,Week1,245.0 Greenbriar - 157.0 Cottontail
Cottontail,Week3,Great Falls,Week1,204.0 Great Falls - 198.0 Cottontail
Cottontail,Week4,Camelot,Week4,204.0 Cottontail - 198.0 Camelot
Cottontail,Week5,Canterbury Woods,Week1,222.0 Cottontail - 180.0 Canterbury Woods
Commonwealth,Week1,Sully Station II,Week5,317.0 Sully Station II - 85.0 Commonwealth
Cottontail,Week1,Rolling Forest,Week5,227.0 Rolling Forest - 175.0 Cottontail
Commonwealth,Week2,Woodley,Week1,244.0 Commonwealth - 158.0 Woodley
Country Club Hills,Week4,Orange Hunt,Week4,238.0 Orange Hunt - 164.0 Country Club Hills
Commonwealth,Week5,Sully Station,Week2,269.0 Sully Station - 133.0 Commonwealth
Cottontail,Week2,Great Falls,Week2,197.0 Cottontail - 187.0 Great Falls
Commonwealth,Week2,Woodley,Week2,257.0 Commonwealth - 145.0 Woodley
Country Club Hills,Week3,Orange Hunt,Week4,243.0 Orange Hunt - 159.0 Country Club Hills
Commonwealth,Week3,Woodley,Week1,240.0 Commonwealth - 162.0 Woodley
Country Club Hills,Week4,Lakeview,Week2,283.0 Country Club Hills - 119.0 Lakeview
Commonwealth,Week2,Sully Station II,Week2,278.0 Sully Station II - 124.0 Commonwealth
Country Club Hills,Week3,Pleasant Valley,Week3,262.0 Country Club Hills - 140.0 Pleasant Valley
Cottontail,Week3,Rolling Forest,Week1,215.0 Rolling Forest - 187.0 Cottontail
Commonwealth,Week3,Woodley,Week3,245.0 Commonwealth - 157.0 Woodley
Country Club Hills,Week4,Orange Hunt,Week3,254.0 Orange Hunt - 148.0 Country Club Hills
Country Club Hills,Week4,Pleasant Valley,Week2,284.0 Country Club Hills - 113.0 Pleasant Valley
Cottontail,Week3,Great Falls,Week3,232.0 Great Falls - 170.0 Cottontail
Commonwealth,Week2,Sully Station II,Week1,269.0 Sully Station II - 132.0 Commonwealth
Country Club Hills,Week3,Pleasant Valley,Week2,276.0 Country Club Hills - 125.0 Pleasant Valley
Cottontail,Week2,Canterbury Woods,Week5,214.0 Cottontail - 188.0 Canterbury Woods
Cottontail,Week3,Rolling Forest,Week3,229.0 Rolling Forest - 173.0 Cottontail
Cottontail,Week5,Camelot,Week4,222.0 Cottontail - 180.0 Camelot
Cottontail,Week2,Rolling Forest,Week3,227.0 Rolling Forest - 175.0 Cottontail
Cottontail,Week5,Great Falls,Week3,204.0 Great Falls - 198.0 Cottontail
Country Club Hills,Week1,Langley,Week1,290.0 Langley - 112.0 Country Club Hills
Country Club Hills,Week4,Lakeview,Week3,255.0 Country Club Hills - 147.0 Lakeview
Commonwealth,Week2,Sully Station II,Week4,241.0 Sully Station II - 161.0 Commonwealth
Commonwealth,Week4,Woodley,Week3,234.5 Commonwealth - 167.5 Woodley
Cottontail,Week3,Canterbury Woods,Week1,217.0 Cottontail - 185.0 Canterbury Woods
Cottontail,Week2,Annandale,Week2,246.0 Cottontail - 156.0 Annandale
Commonwealth,Week2,Sully Station II,Week3,281.0 Sully Station II - 121.0 Commonwealth
Country Club Hills,Week5,Pinewood Lake,Week5,349.0 Country Club Hills - 51.0 Pinewood Lake
Country Club Hills,Week4,Pleasant Valley,Week4,298.5 Country Club Hills - 103.5 Pleasant Valley
Commonwealth,Week2,Woodley,Week5,238.0 Commonwealth - 164.0 Woodley
Cottontail,Week3,Rolling Forest,Week5,230.0 Rolling Forest - 172.0 Cottontail
Country Club Hills,Week5,Lakeview,Week4,264.0 Country Club Hills - 138.0 Lakeview
Cottontail,Week4,Rolling Forest,Week1,216.0 Rolling Forest - 181.0 Cottontail
Country Club Hills,Week5,Pleasant Valley,Week4,317.0 Country Club Hills - 84.0 Pleasant Valley
Cottontail,Week1,Great Falls,Week3,209.0 Great Falls - 193.0 Cottontail
Cottontail,Week4,Rolling Forest,Week2,206.0 Rolling Forest - 196.0 Cottontail
Country Club Hills,Week4,Pleasant Valley,Week5,275.0 Country Club Hills - 122.0 Pleasant Valley
Cottontail,Week4,Canterbury Woods,Week1,217.0 Cottontail - 185.0 Canterbury Woods
Cottontail,Week4,Great Falls,Week4,201.0 Cottontail - 196.0 Great Falls
Commonwealth,Week4,Sully Station,Week2,285.0 Sully Station - 117.0 Commonwealth
Country Club Hills,Week5,Pinewood Lake,Week4,364.0 Country Club Hills - 36.0 Pinewood Lake
Cottontail,Week5,Camelot,Week5,203.0 Camelot - 199.0 Cottontail
Cottontail,Week5,Great Falls,Week4,208.0 Cottontail - 194.0 Great Falls
Cottontail,Week2,Annandale,Week5,256.0 Cottontail - 146.0 Annandale
Country Club Hills,Week3,Langley,Week2,277.0 Langley - 125.0 Country Club Hills
Commonwealth,Week4,Sully Station,Week4,289.0 Sully Station - 113.0 Commonwealth
Cottontail,Week2,Canterbury Woods,Week3,209.0 Cottontail - 193.0 Canterbury Woods
Commonwealth,Week4,Woodley,Week5,218.0 Commonwealth - 184.0 Woodley
Country Club Hills,Week3,Lakeview,Week3,256.0 Country Club Hills - 146.0 Lakeview
Cottontail,Week5,Great Falls,Week1,225.0 Cottontail - 177.0 Great Falls
Country Club Hills,Week2,Pleasant Valley,Week3,274.0 Country Club Hills - 128.0 Pleasant Valley
Commonwealth,Week5,Woodley,Week5,220.0 Commonwealth - 182.0 Woodley
Cottontail,Week4,Rolling Forest,Week4,216.0 Rolling Forest - 186.0 Cottontail
Cottontail,Week5,Rolling Forest,Week1,211.0 Cottontail - 191.0 Rolling Forest
Cottontail,Week2,Great Falls,Week3,211.0 Great Falls - 191.0 Cottontail
Cottontail,Week4,Canterbury Woods,Week2,222.0 Cottontail - 180.0 Canterbury Woods
Country Club Hills,Week4,Langley,Week1,286.0 Langley - 116.0 Country Club Hills
Country Club Hills,Week3,Pleasant Valley,Week4,286.0 Country Club Hills - 114.0 Pleasant Valley
Cottontail,Week3,Canterbury Woods,Week5,210.0 Cottontail - 192.0 Canterbury Woods
Cottontail,Week2,Annandale,Week4,257.0 Cottontail - 145.0 Annandale
Country Club Hills,Week5,Lakeview,Week1,301.0 Country Club Hills - 101.0 Lakeview
Cottontail,Week2,Great Falls,Week4,210.0 Cottontail - 192.0 Great Falls
Country Club Hills,Week5,Langley,Week1,263.0 Langley - 139.0 Country Club Hills
Cottontail,Week5,Canterbury Woods,Week4,208.0 Cottontail - 194.0 Canterbury Woods
Cottontail,Week1,Greenbriar,Week3,232.0 Greenbriar - 170.0 Cottontail
Cottontail,Week4,Cardinal Hill,Week1,276.0 Cardinal Hill - 126.0 Cottontail
Cottontail,Week1,Rolling Valley,Week5,281.0 Cottontail - 121.0 Rolling Valley
Cottontail,Week3,Annandale,Week3,242.0 Cottontail - 160.0 Annandale
Cottontail,Week3,Great Falls,Week5,236.0 Great Falls - 166.0 Cottontail
Cottontail,Week2,Cardinal Hill,Week2,263.0 Cardinal Hill - 139.0 Cottontail
Country Club Hills,Week3,Langley,Week3,284.0 Langley - 118.0 Country Club Hills
Cottontail,Week5,Rolling Hills,Week1,218.0 Cottontail - 184.0 Rolling Hills
Cottontail,Week5,Rolling Forest,Week2,228.0 Cottontail - 174.0 Rolling Forest
Country Club Hills,Week1,Poplar Heights,Week2,250.0 Poplar Heights - 152.0 Country Club Hills
Country Club Hills,Week4,Pleasant Valley,Week3,264.0 Country Club Hills - 138.0 Pleasant Valley
Cottontail,Week1,Greenbriar,Week2,249.0 Greenbriar - 153.0 Cottontail
Cottontail,Week5,Canterbury Woods,Week2,233.0 Cottontail - 169.0 Canterbury Woods
Cottontail,Week4,Great Falls,Week5,222.0 Great Falls - 179.0 Cottontail
Commonwealth,Week5,Woodley,Week1,231.0 Commonwealth - 171.0 Woodley
Country Club Hills,Week4,Lakeview,Week5,234.0 Country Club Hills - 159.0 Lakeview
Country Club Hills,Week2,Pleasant Valley,Week2,285.5 Country Club Hills - 116.5 Pleasant Valley
Cottontail,Week4,Rolling Forest,Week3,234.0 Rolling Forest - 168.0 Cottontail
Cottontail,Week5,Rolling Forest,Week4,216.0 Cottontail - 186.0 Rolling Forest
Cottontail,Week3,Annandale,Week5,264.0 Cottontail - 138.0 Annandale
Country Club Hills,Week1,Pleasant Valley,Week4,293.0 Country Club Hills - 109.0 Pleasant Valley
Cottontail,Week5,Great Falls,Week2,201.0 Cottontail - 183.0 Great Falls
Country Club Hills,Week2,Langley,Week1,301.0 Langley - 101.0 Country Club Hills
Country Club Hills,Week1,Pleasant Valley,Week2,276.0 Country Club Hills - 126.0 Pleasant Valley
Cottontail,Week5,Canterbury Woods,Week5,230.5 Cottontail - 170.5 Canterbury Woods
Cottontail,Week1,Annandale,Week3,249.0 Cottontail - 153.0 Annandale
Country Club Hills,Week4,Langley,Week4,291.0 Langley - 111.0 Country Club Hills
Cottontail,Week1,Cardinal Hill,Week1,279.0 Cardinal Hill - 123.0 Cottontail
Cottontail,Week2,Rolling Hills,Week2,203.0 Rolling Hills - 199.0 Cottontail
Commonwealth,Week3,Woodley,Week4,252.0 Commonwealth - 150.0 Woodley
Cottontail,Week4,Cardinal Hill,Week3,282.0 Cardinal Hill - 120.0 Cottontail
Cottontail,Week2,Cardinal Hill,Week3,284.5 Cardinal Hill - 117.5 Cottontail
Cottontail,Week1,Great Falls,Week4,204.0 Cottontail - 198.0 Great Falls
Country Club Hills,Week3,Lakeview,Week4,226.0 Country Club Hills - 176.0 Lakeview
Cottontail,Week2,Rolling Hills,Week3,203.0 Rolling Hills - 199.0 Cottontail
Country Club Hills,Week4,Lakeview,Week4,234.0 Country Club Hills - 168.0 Lakeview
Cottontail,Week3,Annandale,Week2,244.0 Cottontail - 158.0 Annandale
Country Club Hills,Week5,Lakeview,Week5,263.0 Country Club Hills - 130.0 Lakeview
Commonwealth,Week5,Woodley,Week3,236.0 Commonwealth - 166.0 Woodley
Cottontail,Week4,Cardinal Hill,Week2,253.0 Cardinal Hill - 149.0 Cottontail
Country Club Hills,Week3,Pleasant Valley,Week5,266.0 Country Club Hills - 135.0 Pleasant Valley
Cottontail,Week1,Greenbriar,Week4,231.0 Greenbriar - 171.0 Cottontail
Cottontail,Week1,Rolling Valley,Week4,278.0 Cottontail - 124.0 Rolling Valley
Cottontail,Week3,Great Falls,Week4,229.0 Great Falls - 173.0 Cottontail
Country Club Hills,Week5,Pleasant Valley,Week2,298.0 Country Club Hills - 103.0 Pleasant Valley
Cottontail,Week1,Rolling Valley,Week1,319.0 Cottontail - 83.0 Rolling Valley
Cottontail,Week1,Rolling Hills,Week2,214.0 Cottontail - 188.0 Rolling Hills
Country Club Hills,Week3,Lakeview,Week5,244.0 Country Club Hills - 149.0 Lakeview
Cottontail,Week3,Annandale,Week1,265.0 Cottontail - 137.0 Annandale
Cottontail,Week3,Cardinal Hill,Week4,289.0 Cardinal Hill - 113.0 Cottontail
Country Club Hills,Week3,Pleasant Valley,Week1,274.0 Country Club Hills - 127.0 Pleasant Valley
Cottontail,Week3,Annandale,Week4,265.0 Cottontail - 137.0 Annandale
Cottontail,Week1,Great Falls,Week5,212.0 Great Falls - 190.0 Cottontail
Country Club Hills,Week5,Pleasant Valley,Week5,307.0 Country Club Hills - 95.0 Pleasant Valley
Cottontail,Week4,Cardinal Hill,Week5,265.5 Cardinal Hill - 136.5 Cottontail
Commonwealth,Week3,Woodley,Week5,229.0 Commonwealth - 173.0 Woodley
Commonwealth,Week2,Woodley,Week4,264.0 Commonwealth - 138.0 Woodley
Cottontail,Week2,Cardinal Hill,Week4,278.0 Cardinal Hill - 124.0 Cottontail
Cottontail,Week5,Greenbriar,Week5,223.0 Greenbriar - 179.0 Cottontail
Cottontail,Week4,Rolling Hills,Week3,203.5 Cottontail - 198.5 Rolling Hills
Cottontail,Week3,Greenbriar,Week2,254.0 Greenbriar - 148.0 Cottontail
Cottontail,Week5,Great Falls,Week5,212.0 Great Falls - 190.0 Cottontail
Country Club Hills,Week1,Poplar Heights,Week3,249.5 Poplar Heights - 152.5 Country Club Hills
Country Club Hills,Week2,Poplar Tree,Week3,278.0 Poplar Tree - 124.0 Country Club Hills
Country Club Hills,Week2,Langley,Week2,287.0 Langley - 115.0 Country Club Hills
Country Club Hills,Week1,Poplar Heights,Week1,228.0 Poplar Heights - 174.0 Country Club Hills
Country Club Hills,Week5,Poplar Heights,Week2,232.0 Poplar Heights - 170.0 Country Club Hills
Commonwealth,Week5,Woodley,Week4,240.0 Commonwealth - 162.0 Woodley
Cottontail,Week2,Annandale,Week1,265.0 Cottontail - 137.0 Annandale
Cottontail,Week1,Cardinal Hill,Week5,248.5 Cardinal Hill - 153.5 Cottontail
Country Club Hills,Week2,Langley,Week4,287.0 Langley - 115.0 Country Club Hills
Country Club Hills,Week4,Lakeview,Week1,280.0 Country Club Hills - 122.0 Lakeview
Country Club Hills,Week3,Lakeview,Week2,282.0 Country Club Hills - 120.0 Lakeview
Cottontail,Week4,Great Falls,Week1,212.0 Cottontail - 190.0 Great Falls
Cottontail,Week4,Great Falls,Week2,194.0 Cottontail - 190.0 Great Falls
Cottontail,Week4,Rolling Hills,Week4,203.0 Cottontail - 198.0 Rolling Hills
Cottontail,Week1,Greenbriar,Week5,232.0 Greenbriar - 170.0 Cottontail
Country Club Hills,Week2,Langley,Week3,294.0 Langley - 108.0 Country Club Hills
Country Club Hills,Week5,Lakeview,Week2,303.5 Country Club Hills - 98.5 Lakeview
Cottontail,Week1,Chesterbrook,Week1,360.0 Chesterbrook - 42.0 Cottontail
Commonwealth,Week4,Woodley,Week1,216.0 Commonwealth - 186.0 Woodley
Cottontail,Week4,Rolling Hills,Week1,205.0 Rolling Hills - 197.0 Cottontail
Cottontail,Week3,Greenbriar,Week5,234.0 Greenbriar - 168.0 Cottontail
Cottontail,Week1,Chesterbrook,Week2,365.0 Chesterbrook - 37.0 Cottontail
Cottontail,Week2,Cardinal Hill,Week5,259.0 Cardinal Hill - 143.0 Cottontail
Country Club Hills,Week1,Poplar Heights,Week5,249.0 Poplar Heights - 148.0 Country Club Hills
Country Club Hills,Week1,Poplar Heights,Week4,255.0 Poplar Heights - 147.0 Country Club Hills
Cottontail,Week3,Rolling Hills,Week2,212.5 Rolling Hills - 189.5 Cottontail
Cottontail,Week2,Rolling Hills,Week5,222.0 Cottontail - 180.0 Rolling Hills
Cottontail,Week3,Cardinal Hill,Week1,293.0 Cardinal Hill - 109.0 Cottontail
Cottontail,Week4,Rolling Hills,Week2,202.5 Cottontail - 199.5 Rolling Hills
Commonwealth,Week4,Woodley,Week2,233.0 Commonwealth - 169.0 Woodley
Country Club Hills,Week5,Lakeview,Week3,281.0 Country Club Hills - 121.0 Lakeview
Country Club Hills,Week3,Poplar Heights,Week5,266.0 Poplar Heights - 136.0 Country Club Hills
Cottontail,Week3,Rolling Hills,Week3,215.0 Rolling Hills - 187.0 Cottontail
Cottontail,Week3,Cardinal Hill,Week5,284.0 Cardinal Hill - 118.0 Cottontail
Country Club Hills,Week4,Poplar Heights,Week5,254.0 Poplar Heights - 148.0 Country Club Hills
Cottontail,Week4,Rolling Hills,Week5,206.0 Cottontail - 196.0 Rolling Hills
Cottontail,Week5,Cardinal Hill,Week1,274.0 Cardinal Hill - 128.0 Cottontail
Country Club Hills,Week3,Poplar Heights,Week2,255.0 Poplar Heights - 147.0 Country Club Hills
Country Club Hills,Week2,Langley,Week5,277.0 Langley - 125.0 Country Club Hills
Cottontail,Week1,Annandale,Week1,262.0 Cottontail - 140.0 Annandale
Cottontail,Week5,Rolling Hills,Week2,218.0 Cottontail - 184.0 Rolling Hills
Cottontail,Week3,Cardinal Hill,Week2,276.0 Cardinal Hill - 126.0 Cottontail
Cottontail,Week5,Greenbriar,Week2,235.0 Greenbriar - 167.0 Cottontail
Commonwealth,Week3,Woodley,Week2,252.0 Commonwealth - 150.0 Woodley
Country Club Hills,Week3,Langley,Week1,295.0 Langley - 107.0 Country Club Hills
Country Club Hills,Week2,Poplar Heights,Week4,264.0 Poplar Heights - 138.0 Country Club Hills
Commonwealth,Week5,Woodley,Week2,231.0 Commonwealth - 171.0 Woodley
Cottontail,Week5,Rolling Hills,Week3,205.0 Cottontail - 197.0 Rolling Hills
Commonwealth,Week4,Woodley,Week4,229.0 Commonwealth - 168.0 Woodley
Country Club Hills,Week3,Lakeview,Week1,287.0 Country Club Hills - 115.0 Lakeview
Country Club Hills,Week5,Poplar Heights,Week3,233.0 Poplar Heights - 169.0 Country Club Hills
Cottontail,Week4,Greenbriar,Week3,244.0 Greenbriar - 158.0 Cottontail
Cottontail,Week1,Rolling Hills,Week4,216.0 Cottontail - 186.0 Rolling Hills
Cottontail,Week1,Annandale,Week5,256.0 Cottontail - 146.0 Annandale
Cottontail,Week3,Cardinal Hill,Week3,301.0 Cardinal Hill - 101.0 Cottontail
Country Club Hills,Week1,Langley,Week4,285.0 Langley - 117.0 Country Club Hills
Cottontail,Week2,Hamlet,Week3,322.0 Hamlet - 80.0 Cottontail
Country Club Hills,Week3,Poplar Heights,Week3,261.0 Poplar Heights - 141.0 Country Club Hills
Cottontail,Week2,Greenbriar,Week3,253.0 Greenbriar - 149.0 Cottontail
Cottontail,Week5,Cardinal Hill,Week2,254.5 Cardinal Hill - 147.5 Cottontail
Cottontail,Week5,Rolling Hills,Week4,237.0 Cottontail - 164.0 Rolling Hills
Cottontail,Week2,Greenbriar,Week5,233.0 Greenbriar - 169.0 Cottontail
Country Club Hills,Week4,Poplar Heights,Week3,259.0 Poplar Heights - 143.0 Country Club Hills
Cottontail,Week3,Rolling Hills,Week1,207.0 Rolling Hills - 195.0 Cottontail
Country Club Hills,Week1,Langley,Week3,280.0 Langley - 122.0 Country Club Hills
Cottontail,Week1,Annandale,Week4,272.0 Cottontail - 130.0 Annandale
Cottontail,Week5,Greenbriar,Week3,234.0 Greenbriar - 168.0 Cottontail
Cottontail,Week5,Cardinal Hill,Week5,266.0 Cardinal Hill - 136.0 Cottontail
Country Club Hills,Week5,Poplar Heights,Week5,245.0 Poplar Heights - 157.0 Country Club Hills
Cottontail,Week1,Hamlet,Week5,318.0 Hamlet - 84.0 Cottontail
Cottontail,Week3,Rolling Hills,Week5,216.0 Cottontail - 186.0 Rolling Hills
Country Club Hills,Week3,Langley,Week4,288.0 Langley - 114.0 Country Club Hills
Cottontail,Week3,Hamlet,Week4,304.0 Hamlet - 98.0 Cottontail
Cottontail,Week5,Cardinal Hill,Week3,291.0 Cardinal Hill - 111.0 Cottontail
Country Club Hills,Week2,Poplar Tree,Week1,278.0 Poplar Tree - 124.0 Country Club Hills
Cottontail,Week4,Cardinal Hill,Week4,270.0 Cardinal Hill - 132.0 Cottontail
Cottontail,Week2,Cardinal Hill,Week1,288.5 Cardinal Hill - 113.5 Cottontail
Cottontail,Week1,Rolling Valley,Week3,292.0 Cottontail - 110.0 Rolling Valley
Country Club Hills,Week1,Langley,Week2,273.0 Langley - 129.0 Country Club Hills
Cottontail,Week4,Annandale,Week2,247.0 Cottontail - 155.0 Annandale
Cottontail,Week4,Greenbriar,Week5,243.0 Greenbriar - 159.0 Cottontail
Country Club Hills,Week3,Langley,Week5,268.0 Langley - 134.0 Country Club Hills
Country Club Hills,Week4,Poplar Heights,Week2,251.0 Poplar Heights - 151.0 Country Club Hills
Cottontail,Week5,Cardinal Hill,Week4,267.0 Cardinal Hill - 135.0 Cottontail
Country Club Hills,Week4,Poplar Heights,Week4,262.0 Poplar Heights - 140.0 Country Club Hills
Cottontail,Week1,Annandale,Week2,253.0 Cottontail - 149.0 Annandale
Cottontail,Week2,Greenbriar,Week4,226.0 Greenbriar - 176.0 Cottontail
Cottontail,Week4,Arlington Forest,Week2,215.0 Arlington Forest - 187.0 Cottontail
Cottontail,Week2,Annandale,Week3,242.0 Cottontail - 160.0 Annandale
Country Club Hills,Week1,Langley,Week5,274.0 Langley - 128.0 Country Club Hills
Cottontail,Week2,Rolling Hills,Week4,208.0 Cottontail - 194.0 Rolling Hills
Cottontail,Week1,Rolling Hills,Week3,205.0 Cottontail - 197.0 Rolling Hills
Cottontail,Week3,Arlington Forest,Week2,238.0 Arlington Forest - 164.0 Cottontail
Cottontail,Week1,Arlington Forest,Week2,218.0 Arlington Forest - 184.0 Cottontail
Country Club Hills,Week4,Laurel Hill,Week2,271.0 Country Club Hills - 126.0 Laurel Hill
Country Club Hills,Week4,Langley,Week3,288.0 Langley - 114.0 Country Club Hills
Cottontail,Week3,Hamlet,Week5,337.0 Hamlet - 65.0 Cottontail
Cottontail,Week3,Rolling Hills,Week4,205.0 Cottontail - 197.0 Rolling Hills
Country Club Hills,Week5,Poplar Heights,Week1,219.0 Poplar Heights - 183.0 Country Club Hills
Cottontail,Week3,Arlington Forest,Week1,248.0 Arlington Forest - 154.0 Cottontail
Country Club Hills,Week5,Poplar Heights,Week4,240.0 Poplar Heights - 162.0 Country Club Hills
Cottontail,Week4,Greenbriar,Week1,226.0 Greenbriar - 176.0 Cottontail
Country Club Hills,Week4,Langley,Week2,277.0 Langley - 125.0 Country Club Hills
Country Club Hills,Week2,Laurel Hill,Week4,243.0 Country Club Hills - 159.0 Laurel Hill
Cottontail,Week4,Greenbriar,Week2,260.0 Greenbriar - 142.0 Cottontail
Cottontail,Week3,Hamlet,Week3,330.0 Hamlet - 72.0 Cottontail
Country Club Hills,Week1,Poplar Tree,Week3,274.0 Poplar Tree - 128.0 Country Club Hills
Country Club Hills,Week1,Poplar Tree,Week4,249.0 Poplar Tree - 153.0 Country Club Hills
Cottontail,Week3,Greenbriar,Week4,224.0 Greenbriar - 178.0 Cottontail
Cottontail,Week2,Rolling Valley,Week1,325.0 Cottontail - 77.0 Rolling Valley
Cottontail,Week2,Arlington Forest,Week5,252.0 Arlington Forest - 150.0 Cottontail
Cottontail,Week2,Rolling Hills,Week1,204.0 Cottontail - 198.0 Rolling Hills
Cottontail,Week4,Hamlet,Week1,317.0 Hamlet - 85.0 Cottontail
Cottontail,Week2,Hamlet,Week4,311.0 Hamlet - 91.0 Cottontail
Cottontail,Week1,Arlington Forest,Week1,230.0 Arlington Forest - 172.0 Cottontail
Country Club Hills,Week2,Poplar Heights,Week3,259.0 Poplar Heights - 143.0 Country Club Hills
Cottontail,Week1,Rolling Hills,Week5,224.0 Cottontail - 178.0 Rolling Hills
Country Club Hills,Week4,Langley,Week5,269.0 Langley - 133.0 Country Club Hills
Cottontail,Week1,Rolling Valley,Week2,279.0 Cottontail - 123.0 Rolling Valley
Cottontail,Week5,Rolling Hills,Week5,241.0 Cottontail - 161.0 Rolling Hills
Country Club Hills,Week3,Laurel Hill,Week1,253.0 Country Club Hills - 148.0 Laurel Hill
Country Club Hills,Week4,Poplar Heights,Week1,233.0 Poplar Heights - 169.0 Country Club Hills
Commonwealth,Week5,Rutherford,Week1,253.0 Commonwealth - 148.0 Rutherford
Cottontail,Week3,Arlington Forest,Week3,209.5 Arlington Forest - 192.5 Cottontail
Cottontail,Week2,Rolling Valley,Week3,278.0 Cottontail - 124.0 Rolling Valley
Cottontail,Week4,Annandale,Week1,256.0 Cottontail - 141.0 Annandale
Country Club Hills,Week4,Laurel Hill,Week4,253.0 Country Club Hills - 149.0 Laurel Hill
Country Club Hills,Week1,Poplar Tree,Week1,270.5 Poplar Tree - 131.5 Country Club Hills
Country Club Hills,Week2,Laurel Hill,Week3,238.5 Country Club Hills - 162.5 Laurel Hill
Cottontail,Week1,Hamlet,Week1,302.0 Hamlet - 100.0 Cottontail
Cottontail,Week2,Rolling Valley,Week4,270.0 Cottontail - 132.0 Rolling Valley
Country Club Hills,Week2,Poplar Heights,Week2,262.0 Poplar Heights - 140.0 Country Club Hills
Cottontail,Week5,Annandale,Week2,276.0 Cottontail - 126.0 Annandale
Country Club Hills,Week3,Poplar Heights,Week1,237.0 Poplar Heights - 165.0 Country Club Hills
Cottontail,Week2,Rolling Valley,Week5,275.0 Cottontail - 127.0 Rolling Valley
Country Club Hills,Week5,Laurel Hill,Week1,273.5 Country Club Hills - 127.5 Laurel Hill
Country Club Hills,Week1,Laurel Hill,Week5,209.0 Country Club Hills - 193.0 Laurel Hill
Commonwealth,Week4,Springboard,Week3,226.0 Commonwealth - 175.0 Springboard
Cottontail,Week1,Arlington Forest,Week4,240.0 Arlington Forest - 162.0 Cottontail
Cottontail,Week5,Greenbriar,Week1,218.0 Greenbriar - 184.0 Cottontail
Cottontail,Week3,Greenbriar,Week3,247.0 Greenbriar - 155.0 Cottontail
Cottontail,Week3,Rolling Valley,Week1,309.0 Cottontail - 93.0 Rolling Valley
Commonwealth,Week5,Springboard,Week5,239.0 Commonwealth - 163.0 Springboard
Cottontail,Week2,Rolling Valley,Week2,283.0 Cottontail - 119.0 Rolling Valley
Country Club Hills,Week2,Poplar Tree,Week2,262.0 Poplar Tree - 140.0 Country Club Hills
Country Club Hills,Week1,Laurel Hill,Week2,275.0 Country Club Hills - 127.0 Laurel Hill
Cottontail,Week3,Greenbriar,Week1,234.0 Greenbriar - 168.0 Cottontail
Country Club Hills,Week1,Laurel Hill,Week1,270.0 Country Club Hills - 131.0 Laurel Hill
Cottontail,Week5,Arlington Forest,Week3,207.0 Cottontail - 195.0 Arlington Forest
Cottontail,Week3,Arlington Forest,Week4,265.0 Arlington Forest - 137.0 Cottontail
Country Club Hills,Week3,Poplar Heights,Week4,268.0 Poplar Heights - 134.0 Country Club Hills
Country Club Hills,Week1,Laurel Hill,Week4,237.0 Country Club Hills - 165.0 Laurel Hill
Cottontail,Week4,Greenbriar,Week4,236.0 Greenbriar - 166.0 Cottontail
Cottontail,Week3,Rolling Valley,Week4,259.0 Cottontail - 143.0 Rolling Valley
Cottontail,Week5,Annandale,Week5,271.0 Cottontail - 131.0 Annandale
Cottontail,Week5,Annandale,Week4,283.0 Cottontail - 119.0 Annandale
Country Club Hills,Week2,Poplar Heights,Week5,256.0 Poplar Heights - 146.0 Country Club Hills
Commonwealth,Week3,Springboard,Week2,276.0 Commonwealth - 125.0 Springboard
Country Club Hills,Week1,Poplar Tree,Week2,263.0 Poplar Tree - 139.0 Country Club Hills
Country Club Hills,Week1,Laurel Hill,Week3,240.0 Country Club Hills - 162.0 Laurel Hill
Cottontail,Week3,Rolling Valley,Week2,270.0 Cottontail - 132.0 Rolling Valley
Cottontail,Week4,Annandale,Week4,260.0 Cottontail - 142.0 Annandale
Commonwealth,Week5,Springboard,Week2,283.0 Commonwealth - 118.0 Springboard
Country Club Hills,Week1,Poplar Tree,Week5,287.0 Poplar Tree - 115.0 Country Club Hills
Commonwealth,Week2,Springboard,Week5,247.0 Commonwealth - 155.0 Springboard
Cottontail,Week5,Greenbriar,Week4,217.0 Greenbriar - 185.0 Cottontail
Commonwealth,Week3,Springboard,Week1,244.0 Commonwealth - 156.0 Springboard
Commonwealth,Week3,Springboard,Week3,243.0 Commonwealth - 158.0 Springboard
Cottontail,Week5,Rolling Valley,Week2,302.0 Cottontail - 100.0 Rolling Valley
Cottontail,Week4,Rolling Valley,Week4,251.0 Cottontail - 151.0 Rolling Valley
Country Club Hills,Week3,Laurel Hill,Week2,270.0 Country Club Hills - 131.0 Laurel Hill
Cottontail,Week1,Hamlet,Week2,316.5 Hamlet - 85.5 Cottontail
Cottontail,Week4,Annandale,Week5,258.0 Cottontail - 144.0 Annandale
Cottontail,Week4,Annandale,Week3,240.0 Cottontail - 157.0 Annandale
Commonwealth,Week2,Springboard,Week2,291.0 Commonwealth - 110.0 Springboard
Country Club Hills,Week2,Poplar Tree,Week5,302.0 Poplar Tree - 100.0 Country Club Hills
Cottontail,Week1,Hamlet,Week3,308.0 Hamlet - 94.0 Cottontail
Country Club Hills,Week3,Laurel Hill,Week3,241.0 Country Club Hills - 161.0 Laurel Hill
Cottontail,Week5,Annandale,Week1,285.0 Cottontail - 117.0 Annandale
Country Club Hills,Week2,Poplar Tree,Week4,251.0 Poplar Tree - 151.0 Country Club Hills
Commonwealth,Week4,Springboard,Week4,231.0 Commonwealth - 171.0 Springboard
Country Club Hills,Week2,Laurel Hill,Week1,263.5 Country Club Hills - 137.5 Laurel Hill
Country Club Hills,Week3,Poplar Tree,Week1,274.0 Poplar Tree - 128.0 Country Club Hills
Commonwealth,Week3,Springboard,Week5,233.0 Commonwealth - 168.0 Springboard
Cottontail,Week2,Rutherford,Week4,228.0 Cottontail - 174.0 Rutherford
Cottontail,Week3,Rutherford,Week4,232.0 Cottontail - 170.0 Rutherford
Country Club Hills,Week3,Poplar Tree,Week2,268.0 Poplar Tree - 134.0 Country Club Hills
Cottontail,Week2,Hamlet,Week1,322.0 Hamlet - 80.0 Cottontail
Cottontail,Week1,Rutherford,Week2,260.0 Cottontail - 142.0 Rutherford
Cottontail,Week1,Hamlet,Week4,295.0 Hamlet - 107.0 Cottontail
Cottontail,Week1,Arlington Forest,Week3,201.0 Arlington Forest - 201.0 Cottontail
Country Club Hills,Week2,Laurel Hill,Week2,270.0 Country Club Hills - 132.0 Laurel Hill
Commonwealth,Week3,Springfield,Week2,343.0 Commonwealth - 40.0 Springfield
Commonwealth,Week2,Springboard,Week4,250.0 Commonwealth - 151.0 Springboard
Cottontail,Week4,Rutherford,Week5,220.0 Cottontail - 182.0 Rutherford
Country Club Hills,Week2,Ravensworth Farm,Week4,276.0 Ravensworth Farm - 126.0 Country Club Hills
Country Club Hills,Week5,Laurel Hill,Week3,260.0 Country Club Hills - 142.0 Laurel Hill
Cottontail,Week3,Hamlet,Week1,315.0 Hamlet - 87.0 Cottontail
Country Club Hills,Week3,Poplar Tree,Week5,303.0 Poplar Tree - 99.0 Country Club Hills
Commonwealth,Week5,Springboard,Week4,242.0 Commonwealth - 160.0 Springboard
Country Club Hills,Week5,Laurel Hill,Week2,284.0 Country Club Hills - 118.0 Laurel Hill
Cottontail,Week2,Hamlet,Week5,337.0 Hamlet - 65.0 Cottontail
Cottontail,Week2,Hayfield Farm,Week4,236.0 Hayfield Farm - 166.0 Cottontail
Cottontail,Week2,Hamlet,Week2,326.0 Hamlet - 76.0 Cottontail
Country Club Hills,Week4,Laurel Hill,Week5,217.0 Country Club Hills - 185.0 Laurel Hill
Cottontail,Week2,Arlington Forest,Week3,204.0 Arlington Forest - 198.0 Cottontail
Cottontail,Week2,Arlington Forest,Week1,241.0 Arlington Forest - 161.0 Cottontail
Country Club Hills,Week5,Langley,Week3,265.0 Langley - 137.0 Country Club Hills
Cottontail,Week5,Annandale,Week3,258.0 Cottontail - 144.0 Annandale
Cottontail,Week3,Hamlet,Week2,333.0 Hamlet - 69.0 Cottontail
Cottontail,Week2,Arlington Forest,Week2,225.0 Arlington Forest - 177.0 Cottontail
Cottontail,Week1,Hayfield Farm,Week5,205.0 Hayfield Farm - 197.0 Cottontail
Country Club Hills,Week5,Laurel Hill,Week4,259.0 Country Club Hills - 143.0 Laurel Hill
Country Club Hills,Week4,Poplar Tree,Week2,251.0 Poplar Tree - 151.0 Country Club Hills
Cottontail,Week5,Rutherford,Week4,241.0 Cottontail - 161.0 Rutherford
Commonwealth,Week5,Springboard,Week3,243.0 Commonwealth - 158.0 Springboard
Cottontail,Week1,Arlington Forest,Week5,247.0 Arlington Forest - 155.0 Cottontail
Cottontail,Week5,Rolling Valley,Week3,299.0 Cottontail - 103.0 Rolling Valley
Country Club Hills,Week5,Langley,Week4,268.0 Langley - 134.0 Country Club Hills
Cottontail,Week4,Hayfield Farm,Week1,216.0 Hayfield Farm - 186.0 Cottontail
Country Club Hills,Week4,Ravensworth Farm,Week2,235.0 Ravensworth Farm - 167.0 Country Club Hills
Country Club Hills,Week2,Ravensworth Farm,Week3,282.0 Ravensworth Farm - 120.0 Country Club Hills
Commonwealth,Week4,Springboard,Week5,220.0 Commonwealth - 182.0 Springboard
Cottontail,Week1,Rutherford,Week5,233.0 Cottontail - 169.0 Rutherford
Commonwealth,Week4,Springfield,Week1,314.0 Commonwealth - 80.0 Springfield
Cottontail,Week4,Rutherford,Week2,231.0 Cottontail - 171.0 Rutherford
Cottontail,Week3,Rutherford,Week2,237.0 Cottontail - 165.0 Rutherford
Cottontail,Week2,Arlington Forest,Week4,239.0 Arlington Forest - 163.0 Cottontail
Country Club Hills,Week4,Ravensworth Farm,Week4,261.0 Ravensworth Farm - 141.0 Country Club Hills
Country Club Hills,Week4,Poplar Tree,Week4,240.0 Poplar Tree - 162.0 Country Club Hills
Commonwealth,Week2,Springfield,Week3,349.0 Commonwealth - 49.0 Springfield
Country Club Hills,Week3,Laurel Hill,Week5,213.0 Country Club Hills - 189.0 Laurel Hill
Country Club Hills,Week1,Ravensworth Farm,Week4,259.0 Ravensworth Farm - 138.0 Country Club Hills
Commonwealth,Week2,Springboard,Week1,243.0 Commonwealth - 159.0 Springboard
Cottontail,Week3,Arlington Forest,Week5,276.0 Arlington Forest - 126.0 Cottontail
Cottontail,Week4,Rutherford,Week3,224.0 Cottontail - 178.0 Rutherford
Country Club Hills,Week5,Langley,Week2,255.0 Langley - 147.0 Country Club Hills
Cottontail,Week3,Hayfield Farm,Week4,235.0 Hayfield Farm - 167.0 Cottontail
Cottontail,Week4,Arlington Forest,Week4,253.0 Arlington Forest - 149.0 Cottontail
Cottontail,Week4,Arlington Forest,Week1,235.0 Arlington Forest - 162.0 Cottontail
Cottontail,Week1,Hayfield Farm,Week4,225.0 Hayfield Farm - 177.0 Cottontail
Cottontail,Week4,Arlington Forest,Week3,205.0 Arlington Forest - 197.0 Cottontail
Country Club Hills,Week2,Laurel Hill,Week5,218.0 Country Club Hills - 184.0 Laurel Hill
Country Club Hills,Week4,Laurel Hill,Week1,265.0 Country Club Hills - 137.0 Laurel Hill
Cottontail,Week5,Rolling Valley,Week5,292.0 Cottontail - 110.0 Rolling Valley
Commonwealth,Week1,Springboard,Week5,212.0 Springboard - 190.0 Commonwealth
Country Club Hills,Week5,Langley,Week5,250.0 Langley - 152.0 Country Club Hills
Cottontail,Week2,Rutherford,Week3,230.0 Cottontail - 172.0 Rutherford
Country Club Hills,Week4,Laurel Hill,Week3,239.0 Country Club Hills - 163.0 Laurel Hill
Commonwealth,Week1,Springfield,Week3,301.0 Commonwealth - 70.0 Springfield
Cottontail,Week3,Hayfield Farm,Week5,233.0 Hayfield Farm - 169.0 Cottontail
Cottontail,Week1,Hayfield Farm,Week1,203.5 Hayfield Farm - 198.5 Cottontail
Commonwealth,Week3,Springboard,Week4,245.5 Commonwealth - 155.5 Springboard
Country Club Hills,Week2,Ravensworth Farm,Week2,240.0 Ravensworth Farm - 162.0 Country Club Hills
Cottontail,Week5,Hamlet,Week3,309.0 Hamlet - 93.0 Cottontail
Country Club Hills,Week3,Laurel Hill,Week4,249.0 Country Club Hills - 153.0 Laurel Hill
Country Club Hills,Week1,Ravensworth Farm,Week3,268.0 Ravensworth Farm - 134.0 Country Club Hills
Cottontail,Week1,Rutherford,Week1,268.0 Cottontail - 134.0 Rutherford
Cottontail,Week4,Arlington Forest,Week5,245.0 Arlington Forest - 157.0 Cottontail
Cottontail,Week1,Herndon,Week1,292.0 Cottontail - 110.0 Herndon
Country Club Hills,Week3,Poplar Tree,Week4,255.0 Poplar Tree - 147.0 Country Club Hills
Cottontail,Week3,Rolling Valley,Week5,254.0 Cottontail - 148.0 Rolling Valley
Cottontail,Week5,Arlington Forest,Week1,230.0 Arlington Forest - 172.0 Cottontail
Country Club Hills,Week4,Poplar Tree,Week3,267.0 Poplar Tree - 135.0 Country Club Hills
Commonwealth,Week4,Springboard,Week1,220.0 Commonwealth - 181.0 Springboard
Cottontail,Week3,Rutherford,Week5,220.0 Cottontail - 182.0 Rutherford
Cottontail,Week5,Arlington Forest,Week2,220.0 Arlington Forest - 182.0 Cottontail
Country Club Hills,Week4,Poplar Tree,Week1,268.0 Poplar Tree - 134.0 Country Club Hills
Cottontail,Week1,Brandywine,Week2,223.0 Brandywine - 179.0 Cottontail
Country Club Hills,Week3,Ravensworth Farm,Week3,280.0 Ravensworth Farm - 122.0 Country Club Hills
Country Club Hills,Week2,Lee Graham,Week5,310.0 Lee Graham - 92.0 Country Club Hills
Country Club Hills,Week5,Poplar Tree,Week1,248.0 Poplar Tree - 154.0 Country Club Hills
Country Club Hills,Week3,Lee Graham,Week2,316.0 Lee Graham - 86.0 Country Club Hills
Cottontail,Week3,Hayfield Farm,Week2,255.0 Hayfield Farm - 147.0 Cottontail
Country Club Hills,Week1,Lincolnia Park,Week2,282.0 Country Club Hills - 110.0 Lincolnia Park
Cottontail,Week4,Rolling Valley,Week5,256.0 Cottontail - 146.0 Rolling Valley
Commonwealth,Week1,Springboard,Week4,202.0 Springboard - 194.0 Commonwealth
Cottontail,Week5,Hayfield Farm,Week3,243.0 Hayfield Farm - 159.0 Cottontail
Cottontail,Week5,Arlington Forest,Week5,232.0 Arlington Forest - 170.0 Cottontail
Commonwealth,Week5,Springboard,Week1,237.0 Commonwealth - 164.0 Springboard
Cottontail,Week4,Rolling Valley,Week2,276.0 Cottontail - 126.0 Rolling Valley
Commonwealth,Week2,Springfield,Week5,354.0 Commonwealth - 46.0 Springfield
Cottontail,Week2,Hayfield Farm,Week5,224.0 Hayfield Farm - 178.0 Cottontail
Cottontail,Week5,Arlington Forest,Week4,229.0 Arlington Forest - 173.0 Cottontail
Commonwealth,Week2,Springboard,Week3,258.0 Commonwealth - 144.0 Springboard
Country Club Hills,Week1,Ravensworth Farm,Week1,267.0 Ravensworth Farm - 135.0 Country Club Hills
Cottontail,Week4,Rolling Valley,Week1,309.0 Cottontail - 93.0 Rolling Valley
Country Club Hills,Week1,Ravensworth Farm,Week5,285.0 Ravensworth Farm - 117.0 Country Club Hills
Cottontail,Week4,Rolling Valley,Week3,265.5 Cottontail - 136.5 Rolling Valley
Cottontail,Week1,Brandywine,Week1,216.0 Brandywine - 186.0 Cottontail
Cottontail,Week5,Hayfield Farm,Week5,202.0 Hayfield Farm - 200.0 Cottontail
Country Club Hills,Week5,Lee Graham,Week5,300.0 Lee Graham - 102.0 Country Club Hills
Country Club Hills,Week5,Poplar Tree,Week5,260.0 Poplar Tree - 142.0 Country Club Hills
Country Club Hills,Week2,Lee Graham,Week4,295.0 Lee Graham - 107.0 Country Club Hills
Cottontail,Week2,Rutherford,Week2,246.0 Cottontail - 156.0 Rutherford
Cottontail,Week5,Hayfield Farm,Week4,204.0 Hayfield Farm - 198.0 Cottontail
Country Club Hills,Week4,Lee Graham,Week5,306.5 Lee Graham - 95.5 Country Club Hills
Cottontail,Week2,Brandywine,Week1,225.0 Brandywine - 177.0 Cottontail
Cottontail,Week4,Hamlet,Week4,310.0 Hamlet - 92.0 Cottontail
Cottontail,Week5,Hamlet,Week4,297.0 Hamlet - 105.0 Cottontail
Country Club Hills,Week5,Poplar Tree,Week3,230.0 Poplar Tree - 172.0 Country Club Hills
Cottontail,Week2,Brandywine,Week2,229.0 Brandywine - 173.0 Cottontail
Commonwealth,Week2,Springfield,Week2,354.0 Commonwealth - 42.0 Springfield
Cottontail,Week4,Hamlet,Week3,317.0 Hamlet - 85.0 Cottontail
Commonwealth,Week1,Springfield,Week4,287.0 Commonwealth - 92.0 Springfield
Country Club Hills,Week2,Lee Graham,Week1,304.0 Lee Graham - 98.0 Country Club Hills
Cottontail,Week5,Hamlet,Week5,308.0 Hamlet - 94.0 Cottontail
Commonwealth,Week3,Springfield,Week1,329.0 Commonwealth - 63.0 Springfield
Cottontail,Week5,Rolling Valley,Week1,329.0 Cottontail - 73.0 Rolling Valley
Cottontail,Week5,Rolling Valley,Week4,286.0 Cottontail - 116.0 Rolling Valley
Cottontail,Week3,Hayfield Farm,Week3,273.0 Hayfield Farm - 129.0 Cottontail
Country Club Hills,Week1,Lee Graham,Week1,306.0 Lee Graham - 96.0 Country Club Hills
Commonwealth,Week2,Springfield,Week4,326.0 Commonwealth - 75.0 Springfield
Country Club Hills,Week2,Lee Graham,Week2,318.0 Lee Graham - 84.0 Country Club Hills
Cottontail,Week3,Rolling Valley,Week3,267.0 Cottontail - 135.0 Rolling Valley
Commonwealth,Week1,Springfield,Week2,304.0 Commonwealth - 73.0 Springfield
Country Club Hills,Week5,Poplar Tree,Week4,219.0 Poplar Tree - 183.0 Country Club Hills
Cottontail,Week1,Brandywine,Week4,238.0 Brandywine - 164.0 Cottontail
Country Club Hills,Week3,Ravensworth Farm,Week4,255.0 Ravensworth Farm - 147.0 Country Club Hills
Country Club Hills,Week2,Lee Graham,Week3,320.0 Lee Graham - 82.0 Country Club Hills
Cottontail,Week1,Brandywine,Week5,250.0 Brandywine - 152.0 Cottontail
Cottontail,Week2,Brandywine,Week3,240.0 Brandywine - 162.0 Cottontail
Commonwealth,Week1,Springfield,Week1,293.0 Commonwealth - 88.0 Springfield
Commonwealth,Week4,Springboard,Week2,257.5 Commonwealth - 138.5 Springboard
Cottontail,Week1,Rutherford,Week3,246.0 Cottontail - 156.0 Rutherford
Cottontail,Week1,Rutherford,Week4,237.0 Cottontail - 165.0 Rutherford
Cottontail,Week4,Hamlet,Week2,320.0 Hamlet - 82.0 Cottontail
Country Club Hills,Week3,Lee Graham,Week5,307.0 Lee Graham - 95.0 Country Club Hills
Cottontail,Week2,Rutherford,Week1,252.0 Cottontail - 150.0 Rutherford
Cottontail,Week1,Brandywine,Week3,216.5 Brandywine - 185.5 Cottontail
Country Club Hills,Week3,Poplar Tree,Week3,273.0 Poplar Tree - 129.0 Country Club Hills
Country Club Hills,Week1,Ravensworth Farm,Week2,234.0 Ravensworth Farm - 168.0 Country Club Hills
Cottontail,Week2,Hayfield Farm,Week1,221.0 Hayfield Farm - 181.0 Cottontail
Commonwealth,Week3,Springfield,Week5,341.0 Commonwealth - 50.0 Springfield
Cottontail,Week4,Rutherford,Week1,263.0 Cottontail - 139.0 Rutherford
Cottontail,Week3,Rutherford,Week3,223.0 Cottontail - 179.0 Rutherford
Country Club Hills,Week5,Poplar Tree,Week2,231.0 Poplar Tree - 171.0 Country Club Hills
Cottontail,Week4,Hamlet,Week5,333.0 Hamlet - 69.0 Cottontail
Country Club Hills,Week1,Lee Graham,Week4,298.0 Lee Graham - 104.0 Country Club Hills
Commonwealth,Week2,Springfield,Week1,342.0 Commonwealth - 57.0 Springfield
Country Club Hills,Week3,Ravensworth Farm,Week5,273.0 Ravensworth Farm - 129.0 Country Club Hills
Cottontail,Week3,Rutherford,Week1,240.0 Cottontail - 162.0 Rutherford
Cottontail,Week2,Rutherford,Week5,213.0 Cottontail - 189.0 Rutherford
Country Club Hills,Week3,Lee Graham,Week3,325.0 Lee Graham - 77.0 Country Club Hills
Cottontail,Week5,Hamlet,Week1,289.0 Hamlet - 113.0 Cottontail
Country Club Hills,Week4,Lee Graham,Week2,308.0 Lee Graham - 94.0 Country Club Hills
Country Club Hills,Week3,Ravensworth Farm,Week1,251.0 Ravensworth Farm - 151.0 Country Club Hills
Commonwealth,Week3,Springfield,Week4,324.0 Commonwealth - 69.0 Springfield
Country Club Hills,Week2,Ravensworth Farm,Week5,282.0 Ravensworth Farm - 120.0 Country Club Hills
Country Club Hills,Week4,Poplar Tree,Week5,292.0 Poplar Tree - 110.0 Country Club Hills
Country Club Hills,Week4,Lee Graham,Week3,308.0 Lee Graham - 94.0 Country Club Hills
Country Club Hills,Week2,Ravensworth Farm,Week1,269.0 Ravensworth Farm - 133.0 Country Club Hills
Commonwealth,Week1,Springfield,Week5,318.0 Commonwealth - 63.0 Springfield
Commonwealth,Week3,Springfield,Week3,334.0 Commonwealth - 53.0 Springfield
Cottontail,Week4,Rutherford,Week4,224.0 Cottontail - 178.0 Rutherford
Country Club Hills,Week1,Lee Graham,Week2,314.0 Lee Graham - 88.0 Country Club Hills
Cottontail,Week5,Rutherford,Week1,276.0 Cottontail - 126.0 Rutherford
Commonwealth,Week5,Springfield,Week1,339.0 Commonwealth - 60.0 Springfield
Commonwealth,Week5,Springfield,Week3,337.0 Commonwealth - 59.0 Springfield
Cottontail,Week1,Hayfield Farm,Week2,228.0 Hayfield Farm - 174.0 Cottontail
Country Club Hills,Week5,Laurel Hill,Week5,235.0 Country Club Hills - 167.0 Laurel Hill
Cottontail,Week1,Hayfield Farm,Week3,236.0 Hayfield Farm - 166.0 Cottontail
Cottontail,Week5,Hamlet,Week2,307.0 Hamlet - 95.0 Cottontail
Country Club Hills,Week3,Ravensworth Farm,Week2,240.0 Ravensworth Farm - 162.0 Country Club Hills
Cottontail,Week5,Rutherford,Week2,265.0 Cottontail - 137.0 Rutherford
Cottontail,Week2,Hayfield Farm,Week2,233.0 Hayfield Farm - 169.0 Cottontail
Country Club Hills,Week1,Lee Graham,Week3,317.0 Lee Graham - 85.0 Country Club Hills
Country Club Hills,Week3,Lee Graham,Week4,299.0 Lee Graham - 103.0 Country Club Hills
Cottontail,Week5,Fox Hunt,Week2,212.5 Fox Hunt - 189.5 Cottontail
Country Club Hills,Week5,Lee Graham,Week1,285.0 Lee Graham - 117.0 Country Club Hills
Cottontail,Week4,Shouse Village,Week1,207.0 Shouse Village - 195.0 Cottontail
Cottontail,Week4,Hayfield Farm,Week5,231.0 Hayfield Farm - 171.0 Cottontail
Cottontail,Week4,Hayfield Farm,Week3,260.0 Hayfield Farm - 142.0 Cottontail
Cottontail,Week2,Shouse Village,Week5,239.5 Shouse Village - 162.5 Cottontail
Cottontail,Week3,Hayfield Farm,Week1,238.0 Hayfield Farm - 164.0 Cottontail
Cottontail,Week2,Hayfield Farm,Week3,254.0 Hayfield Farm - 148.0 Cottontail
Country Club Hills,Week4,Ravensworth Farm,Week1,263.0 Ravensworth Farm - 139.0 Country Club Hills
Commonwealth,Week5,Springfield,Week4,325.0 Commonwealth - 74.0 Springfield
Country Club Hills,Week5,Ravensworth Farm,Week1,241.0 Ravensworth Farm - 161.0 Country Club Hills
Cottontail,Week5,Rutherford,Week3,257.0 Cottontail - 145.0 Rutherford
Cottontail,Week5,Shouse Village,Week2,216.0 Cottontail - 186.0 Shouse Village
Commonwealth,Week1,Stratford,Week4,242.0 Stratford - 160.0 Commonwealth
Country Club Hills,Week4,Ravensworth Farm,Week3,283.0 Ravensworth Farm - 119.0 Country Club Hills
Commonwealth,Week1,Stratford,Week2,219.0 Stratford - 177.0 Commonwealth
Country Club Hills,Week5,Lee Graham,Week2,304.0 Lee Graham - 98.0 Country Club Hills
Commonwealth,Week5,Springfield,Week5,351.0 Commonwealth - 49.0 Springfield
Commonwealth,Week2,Stratford,Week1,239.0 Commonwealth - 163.0 Stratford
Country Club Hills,Week4,Lee Graham,Week4,295.0 Lee Graham - 107.0 Country Club Hills
Cottontail,Week3,Shouse Village,Week5,249.0 Shouse Village - 153.0 Cottontail
Country Club Hills,Week3,Lee Graham,Week1,308.0 Lee Graham - 94.0 Country Club Hills
Commonwealth,Week1,Stratford,Week5,244.0 Stratford - 157.0 Commonwealth
Cottontail,Week4,Hayfield Farm,Week2,240.0 Hayfield Farm - 162.0 Cottontail
Cottontail,Week1,Shouse Village,Week5,230.0 Shouse Village - 172.0 Cottontail
Cottontail,Week3,Shouse Village,Week3,242.0 Shouse Village - 160.0 Cottontail
Country Club Hills,Week4,Lee Graham,Week1,295.0 Lee Graham - 107.0 Country Club Hills
Cottontail,Week4,Hayfield Farm,Week4,246.0 Hayfield Farm - 156.0 Cottontail
Country Club Hills,Week1,Lee Graham,Week5,307.0 Lee Graham - 95.0 Country Club Hills
Cottontail,Week1,Fox Mill Estates,Week2,214.0 Cottontail - 188.0 Fox Mill Estates
Country Club Hills,Week1,Little Hunting Park,Week5,202.0 Little Hunting Park - 200.0 Country Club Hills
Commonwealth,Week1,Stratford,Week1,213.0 Stratford - 189.0 Commonwealth
Cottontail,Week4,Shouse Village,Week3,238.0 Shouse Village - 164.0 Cottontail
Country Club Hills,Week5,Lee Graham,Week3,299.0 Lee Graham - 103.0 Country Club Hills
Cottontail,Week1,Fox Mill Estates,Week5,206.0 Fox Mill Estates - 196.0 Cottontail
Cottontail,Week5,Herndon,Week5,314.0 Cottontail - 88.0 Herndon
Cottontail,Week2,Shouse Village,Week2,216.0 Cottontail - 186.0 Shouse Village
Country Club Hills,Week5,Lee Graham,Week4,287.0 Lee Graham - 115.0 Country Club Hills
Cottontail,Week1,Hiddenbrook,Week1,251.0 Cottontail - 151.0 Hiddenbrook
Commonwealth,Week4,Springfield,Week4,316.0 Commonwealth - 80.0 Springfield
Cottontail,Week2,Shouse Village,Week1,211.0 Shouse Village - 191.0 Cottontail
Cottontail,Week3,Fox Mill Estates,Week2,202.0 Cottontail - 200.0 Fox Mill Estates
Cottontail,Week2,Herndon,Week4,292.0 Cottontail - 110.0 Herndon
Country Club Hills,Week1,Little Hunting Park,Week2,237.0 Country Club Hills - 165.0 Little Hunting Park
Cottontail,Week4,Fox Hunt,Week5,246.0 Fox Hunt - 156.0 Cottontail
Commonwealth,Week1,Stratford,Week3,219.0 Stratford - 183.0 Commonwealth
Cottontail,Week3,Fox Mill Estates,Week5,212.0 Fox Mill Estates - 190.0 Cottontail
Commonwealth,Week4,Springfield,Week3,327.0 Commonwealth - 60.0 Springfield
Cottontail,Week5,Hayfield Farm,Week1,212.0 Hayfield Farm - 190.0 Cottontail
Cottontail,Week5,Fox Hunt,Week5,239.0 Fox Hunt - 163.0 Cottontail
Country Club Hills,Week1,Lincolnia Park,Week1,304.0 Country Club Hills - 98.0 Lincolnia Park
Cottontail,Week1,Hiddenbrook,Week3,227.0 Cottontail - 175.0 Hiddenbrook
Commonwealth,Week5,Springfield,Week2,349.0 Commonwealth - 45.0 Springfield
Cottontail,Week1,Shouse Village,Week1,206.0 Shouse Village - 196.0 Cottontail
Cottontail,Week2,Shouse Village,Week3,234.0 Shouse Village - 168.0 Cottontail
Country Club Hills,Week3,Lincolnia Park,Week5,250.0 Country Club Hills - 142.0 Lincolnia Park
Cottontail,Week2,Fox Mill Estates,Week3,205.0 Cottontail - 197.0 Fox Mill Estates
Cottontail,Week5,Hayfield Farm,Week2,232.0 Hayfield Farm - 170.0 Cottontail
Commonwealth,Week4,Springfield,Week5,337.0 Commonwealth - 57.0 Springfield
Country Club Hills,Week5,Ravensworth Farm,Week2,204.0 Ravensworth Farm - 198.0 Country Club Hills
Cottontail,Week1,Shouse Village,Week2,209.0 Cottontail - 193.0 Shouse Village
Cottontail,Week3,Herndon,Week1,299.0 Cottontail - 103.0 Herndon
Cottontail,Week3,Fox Hunt,Week5,243.0 Fox Hunt - 159.0 Cottontail
Commonwealth,Week4,Springfield,Week2,338.0 Commonwealth - 50.0 Springfield
Country Club Hills,Week2,Little Hunting Park,Week3,230.0 Country Club Hills - 172.0 Little Hunting Park
Cottontail,Week1,Hiddenbrook,Week5,206.0 Cottontail - 196.0 Hiddenbrook
Cottontail,Week1,Hiddenbrook,Week4,218.0 Cottontail - 184.0 Hiddenbrook
Cottontail,Week4,Fox Hunt,Week3,234.0 Fox Hunt - 163.0 Cottontail
Country Club Hills,Week2,Lincolnia Park,Week5,250.0 Country Club Hills - 143.0 Lincolnia Park
Cottontail,Week3,Shouse Village,Week1,222.0 Shouse Village - 180.0 Cottontail
Cottontail,Week3,Fox Hunt,Week4,226.0 Fox Hunt - 176.0 Cottontail
Cottontail,Week2,Shouse Village,Week4,252.0 Shouse Village - 150.0 Cottontail
Cottontail,Week5,Fox Hunt,Week1,204.0 Fox Hunt - 198.0 Cottontail
Cottontail,Week4,Fox Hunt,Week4,217.0 Fox Hunt - 185.0 Cottontail
Cottontail,Week2,Herndon,Week2,284.0 Cottontail - 118.0 Herndon
Country Club Hills,Week3,Lincolnia Park,Week1,289.0 Country Club Hills - 111.0 Lincolnia Park
Country Club Hills,Week5,Ravensworth Farm,Week4,226.0 Ravensworth Farm - 176.0 Country Club Hills
Cottontail,Week2,Herndon,Week5,302.0 Cottontail - 100.0 Herndon
Cottontail,Week2,Herndon,Week1,288.0 Cottontail - 114.0 Herndon
Cottontail,Week5,Fox Hunt,Week4,211.0 Fox Hunt - 191.0 Cottontail
Cottontail,Week5,Herndon,Week1,311.0 Cottontail - 91.0 Herndon
Cottontail,Week5,Herndon,Week2,307.0 Cottontail - 95.0 Herndon
Cottontail,Week5,Shouse Village,Week1,216.0 Cottontail - 186.0 Shouse Village
Country Club Hills,Week4,Ravensworth Farm,Week5,273.0 Ravensworth Farm - 129.0 Country Club Hills
Country Club Hills,Week5,Ravensworth Farm,Week3,258.0 Ravensworth Farm - 144.0 Country Club Hills
Cottontail,Week5,Fox Hunt,Week3,229.0 Fox Hunt - 173.0 Cottontail
Country Club Hills,Week1,Lincolnia Park,Week4,287.0 Country Club Hills - 110.0 Lincolnia Park
Cottontail,Week5,Shouse Village,Week3,209.0 Shouse Village - 193.0 Cottontail
Country Club Hills,Week3,Lincolnia Park,Week3,272.0 Country Club Hills - 120.0 Lincolnia Park
Cottontail,Week4,Shouse Village,Week4,257.0 Shouse Village - 140.0 Cottontail
Cottontail,Week5,Shouse Village,Week4,229.0 Shouse Village - 173.0 Cottontail
Cottontail,Week5,Rutherford,Week5,239.0 Cottontail - 163.0 Rutherford
Cottontail,Week3,Shouse Village,Week2,218.0 Shouse Village - 184.0 Cottontail
Country Club Hills,Week5,Ravensworth Farm,Week5,252.0 Ravensworth Farm - 150.0 Country Club Hills
Cottontail,Week2,Fox Mill Estates,Week5,201.0 Cottontail - 201.0 Fox Mill Estates
Cottontail,Week3,Fox Mill Estates,Week3,204.0 Cottontail - 198.0 Fox Mill Estates
Country Club Hills,Week5,Lincolnia Park,Week1,312.0 Country Club Hills - 90.0 Lincolnia Park
Country Club Hills,Week5,Lincolnia Park,Week5,285.0 Country Club Hills - 108.0 Lincolnia Park
Cottontail,Week1,Herndon,Week2,294.0 Cottontail - 108.0 Herndon
Country Club Hills,Week1,Lincolnia Park,Week3,259.0 Country Club Hills - 134.0 Lincolnia Park
Cottontail,Week4,Herndon,Week3,297.0 Cottontail - 105.0 Herndon
Cottontail,Week1,Shouse Village,Week3,206.0 Shouse Village - 196.0 Cottontail
Cottontail,Week2,Herndon,Week3,291.0 Cottontail - 111.0 Herndon
Cottontail,Week4,Fox Hunt,Week2,224.0 Fox Hunt - 178.0 Cottontail
Cottontail,Week1,Shouse Village,Week4,236.0 Shouse Village - 166.0 Cottontail
Cottontail,Week4,Herndon,Week1,292.0 Cottontail - 110.0 Herndon
Cottontail,Week2,Fox Mill Estates,Week2,212.0 Cottontail - 190.0 Fox Mill Estates
Cottontail,Week1,Fox Mill Estates,Week1,230.0 Cottontail - 172.0 Fox Mill Estates
Cottontail,Week3,Herndon,Week3,298.0 Cottontail - 104.0 Herndon
Cottontail,Week3,Shouse Village,Week4,271.0 Shouse Village - 131.0 Cottontail
Country Club Hills,Week2,Lincolnia Park,Week3,264.0 Country Club Hills - 129.0 Lincolnia Park
Country Club Hills,Week1,Lincolnia Park,Week5,250.0 Country Club Hills - 143.0 Lincolnia Park
Country Club Hills,Week2,Lincolnia Park,Week1,302.0 Country Club Hills - 100.0 Lincolnia Park
Country Club Hills,Week2,Lincolnia Park,Week2,287.0 Country Club Hills - 105.0 Lincolnia Park
Cottontail,Week5,Herndon,Week3,315.0 Cottontail - 87.0 Herndon
Cottontail,Week4,Shouse Village,Week2,206.0 Cottontail - 196.0 Shouse Village
Cottontail,Week2,Fox Mill Estates,Week1,234.0 Cottontail - 168.0 Fox Mill Estates
Cottontail,Week5,Shouse Village,Week5,219.0 Shouse Village - 183.0 Cottontail
Cottontail,Week4,Shouse Village,Week5,238.0 Shouse Village - 164.0 Cottontail
Country Club Hills,Week4,Lincolnia Park,Week2,287.0 Country Club Hills - 106.0 Lincolnia Park
Country Club Hills,Week4,Lincolnia Park,Week1,301.0 Country Club Hills - 101.0 Lincolnia Park
Cottontail,Week5,Fox Mill Estates,Week3,213.0 Cottontail - 189.0 Fox Mill Estates
Cottontail,Week1,Fox Mill Estates,Week4,211.0 Fox Mill Estates - 191.0 Cottontail
Cottontail,Week4,Herndon,Week5,293.0 Cottontail - 109.0 Herndon
Cottontail,Week1,Herndon,Week4,304.0 Cottontail - 98.0 Herndon
Cottontail,Week2,Fox Mill Estates,Week4,215.0 Fox Mill Estates - 187.0 Cottontail
Cottontail,Week4,Oakton ,Week4,300.0 Oakton - 102.0 Cottontail
Cottontail,Week3,Herndon,Week5,296.0 Cottontail - 106.0 Herndon
Country Club Hills,Week4,Lincolnia Park,Week5,245.0 Country Club Hills - 148.0 Lincolnia Park
Country Club Hills,Week4,Lincolnia Park,Week4,284.0 Country Club Hills - 118.0 Lincolnia Park
Cottontail,Week3,Fox Mill Estates,Week4,236.0 Fox Mill Estates - 166.0 Cottontail
Cottontail,Week2,Old Keene Mill,Week5,224.5 Cottontail - 177.5 Old Keene Mill
Cottontail,Week1,Old Keene Mill,Week5,219.0 Cottontail - 183.0 Old Keene Mill
Cottontail,Week4,Oakton ,Week3,288.0 Oakton - 109.0 Cottontail
Cottontail,Week1,Fox Mill Estates,Week3,205.0 Fox Mill Estates - 197.0 Cottontail
Cottontail,Week3,Herndon,Week2,293.0 Cottontail - 109.0 Herndon
Cottontail,Week1,Old Keene Mill,Week2,240.0 Cottontail - 162.0 Old Keene Mill
Cottontail,Week1,Old Keene Mill,Week3,248.0 Cottontail - 154.0 Old Keene Mill
Cottontail,Week4,Fox Mill Estates,Week5,210.0 Cottontail - 192.0 Fox Mill Estates
Cottontail,Week3,Fox Mill Estates,Week1,226.0 Cottontail - 176.0 Fox Mill Estates
Cottontail,Week4,Herndon,Week2,291.0 Cottontail - 111.0 Herndon
Country Club Hills,Week5,Lincolnia Park,Week2,310.0 Country Club Hills - 82.0 Lincolnia Park
Cottontail,Week3,Herndon,Week4,295.0 Cottontail - 107.0 Herndon
Country Club Hills,Week5,Lincolnia Park,Week3,284.0 Country Club Hills - 109.0 Lincolnia Park
Cottontail,Week4,Fox Hunt,Week1,223.0 Fox Hunt - 179.0 Cottontail
Cottontail,Week4,Fox Mill Woods,Week2,267.0 Fox Mill Woods - 135.0 Cottontail
Cottontail,Week4,Herndon,Week4,289.0 Cottontail - 113.0 Herndon
Cottontail,Week1,Herndon,Week5,301.0 Cottontail - 101.0 Herndon
Country Club Hills,Week3,Lincolnia Park,Week2,283.5 Country Club Hills - 108.5 Lincolnia Park
Country Club Hills,Week4,Lincolnia Park,Week3,261.0 Country Club Hills - 132.0 Lincolnia Park
Cottontail,Week3,Old Keene Mill,Week5,214.0 Cottontail - 188.0 Old Keene Mill
Cottontail,Week5,Oakton ,Week2,282.5 Oakton - 119.5 Cottontail
Cottontail,Week3,Oakton ,Week4,311.0 Oakton - 91.0 Cottontail
Cottontail,Week1,Herndon,Week3,300.0 Cottontail - 102.0 Herndon
Cottontail,Week4,Fox Mill Woods,Week5,277.0 Fox Mill Woods - 125.0 Cottontail
Country Club Hills,Week5,Lincolnia Park,Week4,306.0 Country Club Hills - 96.0 Lincolnia Park
Cottontail,Week1,Fox Mill Woods,Week3,269.0 Fox Mill Woods - 133.0 Cottontail
Cottontail,Week1,Hiddenbrook,Week2,259.0 Cottontail - 143.0 Hiddenbrook
Cottontail,Week4,Fox Mill Estates,Week1,232.0 Cottontail - 170.0 Fox Mill Estates
Country Club Hills,Week3,Lincolnia Park,Week4,288.0 Country Club Hills - 113.0 Lincolnia Park
Country Club Hills,Week1,Little Hunting Park,Week1,236.0 Country Club Hills - 166.0 Little Hunting Park
Country Club Hills,Week2,Lincolnia Park,Week4,296.0 Country Club Hills - 106.0 Lincolnia Park
Cottontail,Week2,Old Keene Mill,Week3,237.0 Cottontail - 165.0 Old Keene Mill
Cottontail,Week5,Herndon,Week4,313.0 Cottontail - 89.0 Herndon
Country Club Hills,Week3,Little Hunting Park,Week1,234.0 Country Club Hills - 167.0 Little Hunting Park
Cottontail,Week4,Fox Mill Woods,Week1,293.0 Fox Mill Woods - 109.0 Cottontail
Country Club Hills,Week2,Little Hunting Park,Week4,237.0 Country Club Hills - 165.0 Little Hunting Park
Cottontail,Week5,Oakton ,Week3,272.0 Oakton - 130.0 Cottontail
Cottontail,Week5,Oakton ,Week4,278.0 Oakton - 124.0 Cottontail
Cottontail,Week3,Oakton ,Week5,316.0 Oakton - 86.0 Cottontail
Cottontail,Week5,Old Keene Mill,Week4,275.0 Cottontail - 127.0 Old Keene Mill
Cottontail,Week4,Fox Mill Estates,Week2,223.0 Cottontail - 179.0 Fox Mill Estates
Cottontail,Week1,Orange Hunt,Week1,214.0 Orange Hunt - 188.0 Cottontail
Cottontail,Week4,Fox Mill Estates,Week3,214.0 Cottontail - 188.0 Fox Mill Estates
Cottontail,Week5,Hiddenbrook,Week4,239.0 Cottontail - 163.0 Hiddenbrook
Country Club Hills,Week1,Little Hunting Park,Week3,221.0 Country Club Hills - 181.0 Little Hunting Park
Country Club Hills,Week2,Little Hunting Park,Week1,226.0 Country Club Hills - 176.0 Little Hunting Park
Cottontail,Week1,High Point Pool,Week3,260.0 High Point Pool - 142.0 Cottontail
Cottontail,Week4,Hiddenbrook,Week4,218.0 Cottontail - 184.0 Hiddenbrook
Cottontail,Week5,Hiddenbrook,Week1,251.5 Cottontail - 150.5 Hiddenbrook
Cottontail,Week4,Oakton ,Week2,296.0 Oakton - 106.0 Cottontail
Country Club Hills,Week2,Little Hunting Park,Week5,221.0 Little Hunting Park - 181.0 Country Club Hills
Cottontail,Week5,Hiddenbrook,Week5,222.0 Cottontail - 180.0 Hiddenbrook
Cottontail,Week1,High Point Pool,Week1,243.0 High Point Pool - 159.0 Cottontail
Country Club Hills,Week3,Little Hunting Park,Week2,241.0 Country Club Hills - 161.0 Little Hunting Park
Cottontail,Week2,Fox Mill Woods,Week1,287.0 Fox Mill Woods - 115.0 Cottontail
Cottontail,Week3,Hiddenbrook,Week1,239.0 Cottontail - 163.0 Hiddenbrook
Cottontail,Week1,Old Keene Mill,Week1,256.0 Cottontail - 146.0 Old Keene Mill
Cottontail,Week5,Fox Mill Woods,Week3,248.0 Fox Mill Woods - 154.0 Cottontail
Country Club Hills,Week2,Little Hunting Park,Week2,231.0 Country Club Hills - 171.0 Little Hunting Park
Cottontail,Week4,Oakton ,Week1,277.0 Oakton - 125.0 Cottontail
Cottontail,Week5,Fox Mill Estates,Week1,243.0 Cottontail - 159.0 Fox Mill Estates
Cottontail,Week4,Fox Mill Estates,Week4,222.0 Fox Mill Estates - 180.0 Cottontail
Cottontail,Week5,Oakton ,Week5,282.0 Oakton - 120.0 Cottontail
Cottontail,Week4,Hiddenbrook,Week5,209.0 Hiddenbrook - 193.0 Cottontail
Cottontail,Week5,Fox Mill Estates,Week4,208.0 Fox Mill Estates - 194.0 Cottontail
Cottontail,Week3,Fox Mill Woods,Week3,268.0 Fox Mill Woods - 134.0 Cottontail
Country Club Hills,Week1,Little Hunting Park,Week4,229.0 Country Club Hills - 173.0 Little Hunting Park
Cottontail,Week4,Hiddenbrook,Week2,262.0 Cottontail - 140.0 Hiddenbrook
Cottontail,Week2,Hiddenbrook,Week2,249.0 Cottontail - 153.0 Hiddenbrook
Cottontail,Week5,Hiddenbrook,Week2,277.0 Cottontail - 125.0 Hiddenbrook
Country Club Hills,Week1,Little Rocky Run,Week5,319.0 Little Rocky Run - 83.0 Country Club Hills
Cottontail,Week3,Hiddenbrook,Week3,214.0 Cottontail - 188.0 Hiddenbrook
Cottontail,Week4,Hiddenbrook,Week1,241.0 Cottontail - 161.0 Hiddenbrook
Cottontail,Week5,Fox Mill Estates,Week5,206.0 Cottontail - 196.0 Fox Mill Estates
Cottontail,Week4,Oakton ,Week5,308.0 Oakton - 94.0 Cottontail
Country Club Hills,Week3,Little Hunting Park,Week3,230.0 Country Club Hills - 172.0 Little Hunting Park
Country Club Hills,Week5,Little Hunting Park,Week2,257.0 Country Club Hills - 145.0 Little Hunting Park
Country Club Hills,Week3,Little Hunting Park,Week4,232.0 Country Club Hills - 170.0 Little Hunting Park
Cottontail,Week4,Old Keene Mill,Week1,248.0 Cottontail - 154.0 Old Keene Mill
Cottontail,Week3,Old Keene Mill,Week4,264.5 Cottontail - 137.5 Old Keene Mill
Cottontail,Week2,Old Keene Mill,Week1,253.0 Cottontail - 149.0 Old Keene Mill
Cottontail,Week2,Fox Mill Woods,Week4,289.0 Fox Mill Woods - 113.0 Cottontail
Cottontail,Week3,Fox Mill Woods,Week4,293.0 Fox Mill Woods - 109.0 Cottontail
Cottontail,Week5,Fox Mill Estates,Week2,213.0 Cottontail - 189.0 Fox Mill Estates
Country Club Hills,Week3,Little Rocky Run,Week2,301.0 Little Rocky Run - 101.0 Country Club Hills
Country Club Hills,Week1,Little Rocky Run,Week2,290.0 Little Rocky Run - 112.0 Country Club Hills
Cottontail,Week2,Old Keene Mill,Week4,269.0 Cottontail - 133.0 Old Keene Mill
Cottontail,Week1,Fox Mill Woods,Week1,289.0 Fox Mill Woods - 113.0 Cottontail
Cottontail,Week4,Old Keene Mill,Week2,238.0 Cottontail - 164.0 Old Keene Mill
Cottontail,Week1,High Point Pool,Week2,266.0 High Point Pool - 136.0 Cottontail
Country Club Hills,Week4,Little Rocky Run,Week1,286.5 Little Rocky Run - 115.5 Country Club Hills
Cottontail,Week2,Hiddenbrook,Week1,218.0 Cottontail - 184.0 Hiddenbrook
Cottontail,Week1,Fox Mill Woods,Week2,277.0 Fox Mill Woods - 125.0 Cottontail
Country Club Hills,Week5,Little Hunting Park,Week4,257.0 Country Club Hills - 145.0 Little Hunting Park
Country Club Hills,Week4,Little Hunting Park,Week5,205.0 Little Hunting Park - 197.0 Country Club Hills
Country Club Hills,Week5,Little Hunting Park,Week3,257.0 Country Club Hills - 145.0 Little Hunting Park
Country Club Hills,Week2,Broyhill Crest,Week5,316.0 Country Club Hills - 86.0 Broyhill Crest
Country Club Hills,Week4,Little Hunting Park,Week2,237.0 Country Club Hills - 165.0 Little Hunting Park
Cottontail,Week3,Old Keene Mill,Week2,237.0 Cottontail - 165.0 Old Keene Mill
Cottontail,Week3,Old Keene Mill,Week3,237.0 Cottontail - 165.0 Old Keene Mill
Country Club Hills,Week5,Brookfield ,Week3,221.0 Country Club Hills - 181.0 Brookfield
Cottontail,Week3,Old Keene Mill,Week1,245.0 Cottontail - 157.0 Old Keene Mill
Country Club Hills,Week2,Broyhill Crest,Week3,344.0 Country Club Hills - 58.0 Broyhill Crest
Cottontail,Week2,Fox Mill Woods,Week2,291.0 Fox Mill Woods - 111.0 Cottontail
Cottontail,Week1,Fox Mill Woods,Week5,282.0 Fox Mill Woods - 120.0 Cottontail
Cottontail,Week3,Fox Mill Woods,Week5,284.0 Fox Mill Woods - 118.0 Cottontail
Country Club Hills,Week4,Broyhill Crest,Week1,334.0 Country Club Hills - 63.0 Broyhill Crest
Cottontail,Week4,Fox Mill Woods,Week3,275.0 Fox Mill Woods - 127.0 Cottontail
Cottontail,Week4,Hiddenbrook,Week3,217.0 Cottontail - 185.0 Hiddenbrook
Cottontail,Week2,Old Keene Mill,Week2,234.0 Cottontail - 168.0 Old Keene Mill
Cottontail,Week3,Hiddenbrook,Week2,272.0 Cottontail - 130.0 Hiddenbrook
Country Club Hills,Week4,Broyhill Crest,Week3,341.0 Country Club Hills - 61.0 Broyhill Crest
Cottontail,Week3,Hiddenbrook,Week5,201.0 Cottontail - 201.0 Hiddenbrook
Country Club Hills,Week5,Little Hunting Park,Week1,250.0 Country Club Hills - 151.0 Little Hunting Park
Cottontail,Week3,Fox Mill Woods,Week2,276.0 Fox Mill Woods - 126.0 Cottontail
Cottontail,Week4,Old Keene Mill,Week3,244.0 Cottontail - 158.0 Old Keene Mill
Cottontail,Week2,Hiddenbrook,Week5,203.0 Cottontail - 199.0 Hiddenbrook
Cottontail,Week2,Fox Mill Woods,Week5,290.0 Fox Mill Woods - 112.0 Cottontail
Country Club Hills,Week4,Little Hunting Park,Week4,236.0 Country Club Hills - 166.0 Little Hunting Park
Country Club Hills,Week5,Little Hunting Park,Week5,220.0 Country Club Hills - 182.0 Little Hunting Park
Cottontail,Week5,Oakton ,Week1,265.0 Oakton - 137.0 Cottontail
Cottontail,Week2,Hiddenbrook,Week3,223.0 Cottontail - 179.0 Hiddenbrook
Cottontail,Week2,Fox Mill Woods,Week3,277.5 Fox Mill Woods - 124.5 Cottontail
Cottontail,Week3,Fox Mill Woods,Week1,279.0 Fox Mill Woods - 123.0 Cottontail
Cottontail,Week2,Hiddenbrook,Week4,217.0 Cottontail - 185.0 Hiddenbrook
Cottontail,Week5,Hiddenbrook,Week3,242.0 Cottontail - 160.0 Hiddenbrook
Country Club Hills,Week4,Little Hunting Park,Week3,227.0 Country Club Hills - 175.0 Little Hunting Park
Cottontail,Week1,Old Keene Mill,Week4,258.0 Cottontail - 144.0 Old Keene Mill
Cottontail,Week1,Fox Mill Woods,Week4,280.0 Fox Mill Woods - 122.0 Cottontail
Country Club Hills,Week2,Broyhill Crest,Week1,330.0 Country Club Hills - 72.0 Broyhill Crest
Country Club Hills,Week4,Broyhill Crest,Week2,346.0 Country Club Hills - 56.0 Broyhill Crest
Cottontail,Week4,Old Keene Mill,Week5,215.0 Cottontail - 187.0 Old Keene Mill
Cottontail,Week3,Hiddenbrook,Week4,214.0 Cottontail - 188.0 Hiddenbrook
Cottontail,Week5,Dunn Loring,Week2,297.0 Dunn Loring - 105.0 Cottontail
Cottontail,Week5,Old Keene Mill,Week1,269.0 Cottontail - 133.0 Old Keene Mill
Country Club Hills,Week2,Little Rocky Run,Week1,292.0 Little Rocky Run - 110.0 Country Club Hills
Country Club Hills,Week2,Burke Station,Week2,288.0 Country Club Hills - 114.0 Burke Station
Cottontail,Week1,Orange Hunt,Week3,229.0 Orange Hunt - 173.0 Cottontail
Country Club Hills,Week2,Little Rocky Run,Week5,328.0 Little Rocky Run - 74.0 Country Club Hills
Country Club Hills,Week4,Little Hunting Park,Week1,228.0 Country Club Hills - 174.0 Little Hunting Park
Cottontail,Week5,Fox Mill Woods,Week5,279.0 Fox Mill Woods - 123.0 Cottontail
Cottontail,Week5,Old Keene Mill,Week3,260.0 Cottontail - 142.0 Old Keene Mill
Country Club Hills,Week1,Broyhill Crest,Week2,335.0 Country Club Hills - 67.0 Broyhill Crest
Country Club Hills,Week1,Broyhill Crest,Week3,342.0 Country Club Hills - 60.0 Broyhill Crest
Cottontail,Week5,Old Keene Mill,Week2,245.0 Cottontail - 157.0 Old Keene Mill
Cottontail,Week1,Orange Hunt,Week4,234.5 Orange Hunt - 167.5 Cottontail
Cottontail,Week4,Fox Mill Woods,Week4,276.5 Fox Mill Woods - 125.5 Cottontail
Country Club Hills,Week2,Little Rocky Run,Week3,322.0 Little Rocky Run - 80.0 Country Club Hills
Country Club Hills,Week2,Burke Station,Week4,269.0 Country Club Hills - 133.0 Burke Station
Country Club Hills,Week3,Little Rocky Run,Week5,321.0 Little Rocky Run - 81.0 Country Club Hills
Cottontail,Week5,Old Keene Mill,Week5,227.5 Cottontail - 174.5 Old Keene Mill
Cottontail,Week5,Fox Mill Woods,Week4,281.0 Fox Mill Woods - 121.0 Cottontail
Country Club Hills,Week1,Little Rocky Run,Week4,303.0 Little Rocky Run - 99.0 Country Club Hills
Cottontail,Week1,Great Falls,Week2,194.0 Great Falls - 190.0 Cottontail
Country Club Hills,Week5,Brookfield ,Week5,211.0 Country Club Hills - 191.0 Brookfield
Country Club Hills,Week1,Broyhill Crest,Week1,329.0 Country Club Hills - 73.0 Broyhill Crest
Cottontail,Week1,Great Falls,Week1,220.0 Cottontail - 182.0 Great Falls
Country Club Hills,Week1,Broyhill Crest,Week4,327.0 Country Club Hills - 75.0 Broyhill Crest
Cottontail,Week5,Fox Mill Woods,Week2,270.0 Fox Mill Woods - 132.0 Cottontail
Cottontail,Week3,Orange Hunt,Week2,239.0 Orange Hunt - 163.0 Cottontail
Country Club Hills,Week2,Little Rocky Run,Week2,302.0 Little Rocky Run - 100.0 Country Club Hills
Cottontail,Week2,Orange Hunt,Week5,254.0 Orange Hunt - 148.0 Cottontail
Country Club Hills,Week1,Little Rocky Run,Week1,275.0 Little Rocky Run - 127.0 Country Club Hills
Cottontail,Week5,Fox Mill Woods,Week1,284.0 Fox Mill Woods - 118.0 Cottontail
Country Club Hills,Week5,Brookfield ,Week4,211.0 Brookfield - 191.0 Country Club Hills
Country Club Hills,Week3,Little Rocky Run,Week3,321.0 Little Rocky Run - 81.0 Country Club Hills
Country Club Hills,Week2,Broyhill Crest,Week4,321.0 Country Club Hills - 81.0 Broyhill Crest
Cottontail,Week4,Old Keene Mill,Week4,248.0 Cottontail - 154.0 Old Keene Mill
Cottontail,Week3,Fair Oaks ,Week4,241.0 Fair Oaks - 161.0 Cottontail
Cottontail,Week1,Fair Oaks ,Week2,208.0 Cottontail - 194.0 Fair Oaks
Cottontail,Week5,Orange Hunt,Week4,230.5 Orange Hunt - 171.5 Cottontail
Cottontail,Week1,Overlee,Week1,341.0 Overlee - 61.0 Cottontail
Cottontail,Week2,Fair Oaks ,Week5,248.0 Fair Oaks - 154.0 Cottontail
Cottontail,Week3,Fair Oaks ,Week2,213.0 Fair Oaks - 189.0 Cottontail
Cottontail,Week4,Fair Oaks ,Week2,230.0 Fair Oaks - 172.0 Cottontail
Country Club Hills,Week1,Little Rocky Run,Week3,308.0 Little Rocky Run - 94.0 Country Club Hills
Cottontail,Week4,Orange Hunt,Week1,217.0 Orange Hunt - 185.0 Cottontail
Country Club Hills,Week3,Broyhill Crest,Week2,334.0 Country Club Hills - 68.0 Broyhill Crest
Country Club Hills,Week5,Little Rocky Run,Week3,296.0 Little Rocky Run - 106.0 Country Club Hills
Country Club Hills,Week2,Little Rocky Run,Week4,309.0 Little Rocky Run - 93.0 Country Club Hills
Cottontail,Week3,Orange Hunt,Week4,243.0 Orange Hunt - 159.0 Cottontail
Country Club Hills,Week3,Broyhill Crest,Week3,345.5 Country Club Hills - 56.5 Broyhill Crest
Cottontail,Week5,Orange Hunt,Week5,232.0 Orange Hunt - 170.0 Cottontail
Country Club Hills,Week3,Little Hunting Park,Week5,207.0 Little Hunting Park - 195.0 Country Club Hills
Country Club Hills,Week5,Brookfield ,Week1,205.0 Brookfield - 197.0 Country Club Hills
Country Club Hills,Week4,Broyhill Crest,Week4,328.0 Country Club Hills - 74.0 Broyhill Crest
Country Club Hills,Week5,Broyhill Crest,Week1,342.0 Country Club Hills - 60.0 Broyhill Crest
Country Club Hills,Week3,Little Rocky Run,Week1,286.0 Little Rocky Run - 116.0 Country Club Hills
Cottontail,Week3,Orange Hunt,Week3,237.0 Orange Hunt - 165.0 Cottontail
Cottontail,Week3,Dunn Loring,Week3,322.0 Dunn Loring - 80.0 Cottontail
Cottontail,Week1,Fair Oaks ,Week4,224.0 Fair Oaks - 178.0 Cottontail
Country Club Hills,Week3,Broyhill Crest,Week5,306.0 Country Club Hills - 96.0 Broyhill Crest
Country Club Hills,Week3,Little Rocky Run,Week4,315.5 Little Rocky Run - 86.5 Country Club Hills
Country Club Hills,Week3,Broyhill Crest,Week1,320.5 Country Club Hills - 80.5 Broyhill Crest
Cottontail,Week3,Fair Oaks ,Week3,246.0 Fair Oaks - 156.0 Cottontail
Country Club Hills,Week5,Long Branch,Week4,243.0 Country Club Hills - 159.0 Long Branch
Country Club Hills,Week1,Broyhill Crest,Week5,314.0 Country Club Hills - 88.0 Broyhill Crest
Country Club Hills,Week4,Long Branch,Week5,213.5 Long Branch - 188.5 Country Club Hills
Cottontail,Week1,Orange Hunt,Week5,249.0 Orange Hunt - 153.0 Cottontail
Cottontail,Week4,Dunn Loring,Week2,309.0 Dunn Loring - 93.0 Cottontail
Country Club Hills,Week1,Long Branch,Week3,233.0 Country Club Hills - 169.0 Long Branch
Cottontail,Week1,Overlee,Week2,345.0 Overlee - 57.0 Cottontail
Cottontail,Week2,Orange Hunt,Week2,247.0 Orange Hunt - 155.0 Cottontail
Cottontail,Week2,Orange Hunt,Week1,216.0 Orange Hunt - 186.0 Cottontail
Country Club Hills,Week3,Long Branch,Week1,233.0 Country Club Hills - 169.0 Long Branch
Country Club Hills,Week2,Broyhill Crest,Week2,340.0 Country Club Hills - 62.0 Broyhill Crest
Cottontail,Week4,Dunn Loring,Week1,259.0 Dunn Loring - 143.0 Cottontail
Cottontail,Week2,Fair Oaks ,Week2,209.5 Fair Oaks - 192.5 Cottontail
Country Club Hills,Week5,Broyhill Crest,Week3,357.0 Country Club Hills - 45.0 Broyhill Crest
Country Club Hills,Week3,Broyhill Crest,Week4,313.0 Country Club Hills - 89.0 Broyhill Crest
Cottontail,Week2,Fair Oaks ,Week3,241.0 Fair Oaks - 161.0 Cottontail
Country Club Hills,Week5,Long Branch,Week2,230.0 Country Club Hills - 172.0 Long Branch
Cottontail,Week5,Fair Oaks ,Week1,229.0 Fair Oaks - 173.0 Cottontail
Cottontail,Week3,Orange Hunt,Week1,238.0 Orange Hunt - 164.0 Cottontail
Cottontail,Week4,Orange Hunt,Week3,237.0 Orange Hunt - 165.0 Cottontail
Country Club Hills,Week5,Broyhill Crest,Week2,353.0 Country Club Hills - 49.0 Broyhill Crest
Country Club Hills,Week4,Little Rocky Run,Week4,304.0 Little Rocky Run - 98.0 Country Club Hills
Cottontail,Week3,Dunn Loring,Week4,311.0 Dunn Loring - 91.0 Cottontail
Country Club Hills,Week5,Brookfield ,Week2,220.0 Country Club Hills - 182.0 Brookfield
Cottontail,Week4,Orange Hunt,Week5,251.0 Orange Hunt - 151.0 Cottontail
Cottontail,Week2,Orange Hunt,Week3,238.0 Orange Hunt - 164.0 Cottontail
Country Club Hills,Week4,Broyhill Crest,Week5,307.0 Country Club Hills - 95.0 Broyhill Crest
Country Club Hills,Week5,Broyhill Crest,Week4,336.0 Country Club Hills - 66.0 Broyhill Crest
Cottontail,Week5,Fair Oaks ,Week5,236.0 Fair Oaks - 166.0 Cottontail
Country Club Hills,Week5,Broyhill Crest,Week5,330.0 Country Club Hills - 72.0 Broyhill Crest
Country Club Hills,Week4,Little Rocky Run,Week2,284.0 Little Rocky Run - 118.0 Country Club Hills
Country Club Hills,Week5,Little Rocky Run,Week4,281.0 Little Rocky Run - 121.0 Country Club Hills
Cottontail,Week5,Dunn Loring,Week4,302.0 Dunn Loring - 100.0 Cottontail
Country Club Hills,Week4,Little Rocky Run,Week5,316.0 Little Rocky Run - 86.0 Country Club Hills
Cottontail,Week4,Orange Hunt,Week4,245.0 Orange Hunt - 157.0 Cottontail
Cottontail,Week4,Orange Hunt,Week2,246.0 Orange Hunt - 156.0 Cottontail
Country Club Hills,Week4,Long Branch,Week2,208.0 Country Club Hills - 194.0 Long Branch
Cottontail,Week4,Dunn Loring,Week3,317.0 Dunn Loring - 85.0 Cottontail
Commonwealth,Week4,Rutherford,Week4,206.0 Commonwealth - 195.0 Rutherford
Country Club Hills,Week1,Burke Station,Week2,276.0 Country Club Hills - 126.0 Burke Station
Cottontail,Week2,Parklawn,Week1,255.0 Cottontail - 138.0 Parklawn
Cottontail,Week4,Dunn Loring,Week4,310.0 Dunn Loring - 92.0 Cottontail
Country Club Hills,Week3,Burke Station,Week3,244.0 Country Club Hills - 152.0 Burke Station
Country Club Hills,Week2,Burke Station,Week3,262.0 Country Club Hills - 135.0 Burke Station
Cottontail,Week5,Dunn Loring,Week5,301.0 Dunn Loring - 101.0 Cottontail
Country Club Hills,Week4,Long Branch,Week4,220.5 Country Club Hills - 181.5 Long Branch
Cottontail,Week5,Dunn Loring,Week1,249.0 Dunn Loring - 153.0 Cottontail
Cottontail,Week3,Dunn Loring,Week5,317.0 Dunn Loring - 85.0 Cottontail
Country Club Hills,Week1,Burke Station,Week5,235.0 Country Club Hills - 167.0 Burke Station
Cottontail,Week4,Dunn Loring,Week5,307.0 Dunn Loring - 95.0 Cottontail
Cottontail,Week3,Overlee,Week2,356.0 Overlee - 46.0 Cottontail
Country Club Hills,Week3,Long Branch,Week3,227.0 Country Club Hills - 175.0 Long Branch
Country Club Hills,Week2,Long Branch,Week4,213.0 Country Club Hills - 189.0 Long Branch
Country Club Hills,Week2,Burke Station,Week1,239.0 Country Club Hills - 140.0 Burke Station
Cottontail,Week5,Orange Hunt,Week3,235.0 Orange Hunt - 167.0 Cottontail
Cottontail,Week5,Orange Hunt,Week1,221.0 Orange Hunt - 181.0 Cottontail
Cottontail,Week1,Orange Hunt,Week2,229.0 Orange Hunt - 173.0 Cottontail
Cottontail,Week5,Dunn Loring,Week3,302.0 Dunn Loring - 100.0 Cottontail
Cottontail,Week2,Orange Hunt,Week4,245.0 Orange Hunt - 157.0 Cottontail
Cottontail,Week1,Fair Oaks ,Week3,223.0 Fair Oaks - 179.0 Cottontail
Cottontail,Week2,Overlee,Week5,361.0 Overlee - 41.0 Cottontail
Cottontail,Week3,Orange Hunt,Week5,253.0 Orange Hunt - 149.0 Cottontail
Country Club Hills,Week1,Long Branch,Week1,226.5 Country Club Hills - 175.5 Long Branch
Country Club Hills,Week1,Burke Station,Week4,275.0 Country Club Hills - 127.0 Burke Station
Country Club Hills,Week4,Long Branch,Week1,214.0 Country Club Hills - 188.0 Long Branch
Country Club Hills,Week1,Burke Station,Week1,229.0 Country Club Hills - 150.0 Burke Station
Country Club Hills,Week1,Burke Station,Week3,260.0 Country Club Hills - 137.0 Burke Station
Country Club Hills,Week5,Little Rocky Run,Week5,308.0 Little Rocky Run - 94.0 Country Club Hills
Country Club Hills,Week5,Little Rocky Run,Week1,279.0 Little Rocky Run - 123.0 Country Club Hills
Cottontail,Week5,Orange Hunt,Week2,228.0 Orange Hunt - 174.0 Cottontail
Country Club Hills,Week1,Long Branch,Week2,225.0 Country Club Hills - 177.0 Long Branch
Country Club Hills,Week2,Long Branch,Week1,221.0 Country Club Hills - 181.0 Long Branch
Cottontail,Week1,Fair Oaks ,Week1,223.0 Fair Oaks - 179.0 Cottontail
Cottontail,Week1,Overlee,Week3,338.0 Overlee - 64.0 Cottontail
Country Club Hills,Week2,Long Branch,Week5,205.0 Country Club Hills - 197.0 Long Branch
Commonwealth,Week4,Rutherford,Week5,215.0 Commonwealth - 187.0 Rutherford
Cottontail,Week3,Overlee,Week3,343.0 Overlee - 59.0 Cottontail
Country Club Hills,Week2,Camelot,Week3,211.0 Country Club Hills - 191.0 Camelot
Country Club Hills,Week2,Long Branch,Week3,232.0 Country Club Hills - 170.0 Long Branch
Cottontail,Week1,Fair Oaks ,Week5,239.0 Fair Oaks - 163.0 Cottontail
Cottontail,Week3,Overlee,Week1,342.0 Overlee - 60.0 Cottontail
Country Club Hills,Week3,Long Branch,Week4,220.0 Country Club Hills - 182.0 Long Branch
Country Club Hills,Week2,Long Branch,Week2,210.0 Country Club Hills - 192.0 Long Branch
Country Club Hills,Week2,Camelot,Week1,203.0 Country Club Hills - 199.0 Camelot
Country Club Hills,Week4,Burke Station,Week2,269.0 Country Club Hills - 133.0 Burke Station
Cottontail,Week3,Overlee,Week5,366.0 Overlee - 36.0 Cottontail
Cottontail,Week1,Parklawn,Week1,272.0 Cottontail - 121.0 Parklawn
Country Club Hills,Week5,Little Rocky Run,Week2,259.0 Little Rocky Run - 143.0 Country Club Hills
Country Club Hills,Week2,Camelot,Week4,208.0 Country Club Hills - 194.0 Camelot
Cottontail,Week2,Fair Oaks ,Week1,232.0 Fair Oaks - 170.0 Cottontail
Cottontail,Week1,Overlee,Week4,361.0 Overlee - 41.0 Cottontail
Country Club Hills,Week1,Long Branch,Week4,228.0 Country Club Hills - 174.0 Long Branch
Country Club Hills,Week2,Camelot,Week2,210.0 Camelot - 192.0 Country Club Hills
Cottontail,Week3,Fair Oaks ,Week1,255.0 Fair Oaks - 147.0 Cottontail
Country Club Hills,Week4,Burke Station,Week4,263.0 Country Club Hills - 139.0 Burke Station
Cottontail,Week3,Fair Oaks ,Week5,252.5 Fair Oaks - 149.5 Cottontail
Cottontail,Week4,Fair Oaks ,Week1,245.0 Fair Oaks - 157.0 Cottontail
Cottontail,Week2,Fair Oaks ,Week4,237.5 Fair Oaks - 164.5 Cottontail
Cottontail,Week4,Overlee,Week2,342.0 Overlee - 60.0 Cottontail
Cottontail,Week4,Fair Oaks ,Week3,251.0 Fair Oaks - 151.0 Cottontail
Country Club Hills,Week3,Burke Station,Week4,263.0 Country Club Hills - 139.0 Burke Station
Cottontail,Week4,Brookfield ,Week5,210.0 Brookfield - 192.0 Cottontail
Country Club Hills,Week5,Long Branch,Week3,250.0 Country Club Hills - 152.0 Long Branch
Cottontail,Week5,Fairfax,Week1,268.0 Fairfax - 134.0 Cottontail
Cottontail,Week5,Brookfield ,Week2,205.5 Brookfield - 196.5 Cottontail
Country Club Hills,Week3,Hunt Valley,Week1,296.0 Hunt Valley - 106.0 Country Club Hills
Country Club Hills,Week4,Little Rocky Run,Week3,308.0 Little Rocky Run - 94.0 Country Club Hills
Cottontail,Week5,Overlee,Week4,362.0 Overlee - 40.0 Cottontail
Country Club Hills,Week4,Holmes Run Acres,Week5,259.0 Holmes Run Acres - 143.0 Country Club Hills
Cottontail,Week4,Fair Oaks ,Week4,247.0 Fair Oaks - 155.0 Cottontail
Country Club Hills,Week3,Long Branch,Week5,204.0 Country Club Hills - 198.0 Long Branch
Country Club Hills,Week1,Camelot,Week1,202.0 Country Club Hills - 200.0 Camelot
Cottontail,Week3,Fairfax,Week3,303.5 Fairfax - 98.5 Cottontail
Cottontail,Week1,Broyhill Crest,Week2,343.0 Cottontail - 59.0 Broyhill Crest
Cottontail,Week5,Overlee,Week3,332.0 Overlee - 70.0 Cottontail
Country Club Hills,Week5,Long Branch,Week1,242.0 Country Club Hills - 160.0 Long Branch
Cottontail,Week5,Fair Oaks ,Week4,213.0 Fair Oaks - 189.0 Cottontail
Country Club Hills,Week4,Burke Station,Week3,244.0 Country Club Hills - 153.0 Burke Station
Cottontail,Week5,Overlee,Week5,362.0 Overlee - 40.0 Cottontail
Cottontail,Week3,Brookfield ,Week4,244.0 Brookfield - 158.0 Cottontail
Country Club Hills,Week3,Hunt Valley,Week5,325.0 Hunt Valley - 77.0 Country Club Hills
Country Club Hills,Week5,Holmes Run Acres,Week2,212.0 Country Club Hills - 190.0 Holmes Run Acres
Country Club Hills,Week3,Burke Station,Week2,265.0 Country Club Hills - 136.0 Burke Station
Cottontail,Week3,Brookfield ,Week3,238.0 Brookfield - 164.0 Cottontail
Cottontail,Week5,Fair Oaks ,Week3,232.0 Fair Oaks - 170.0 Cottontail
Country Club Hills,Week1,Camelot,Week2,223.0 Camelot - 179.0 Country Club Hills
Cottontail,Week1,Parklawn,Week3,274.0 Cottontail - 128.0 Parklawn
Cottontail,Week4,Overlee,Week5,361.0 Overlee - 41.0 Cottontail
Cottontail,Week5,Fair Oaks ,Week2,209.0 Cottontail - 193.0 Fair Oaks
Country Club Hills,Week4,Long Branch,Week3,214.0 Country Club Hills - 188.0 Long Branch
Country Club Hills,Week3,Long Branch,Week2,221.0 Country Club Hills - 181.0 Long Branch
Country Club Hills,Week2,Burke Station,Week5,244.0 Country Club Hills - 158.0 Burke Station
Cottontail,Week5,Overlee,Week2,344.0 Overlee - 58.0 Cottontail
Country Club Hills,Week5,Burke Station,Week1,242.0 Country Club Hills - 136.0 Burke Station
Country Club Hills,Week2,Hunt Valley,Week5,327.0 Hunt Valley - 75.0 Country Club Hills
Country Club Hills,Week1,Long Branch,Week5,212.5 Country Club Hills - 189.5 Long Branch
Country Club Hills,Week4,Hunt Valley,Week5,309.0 Hunt Valley - 93.0 Country Club Hills
Cottontail,Week1,Broyhill Crest,Week4,342.0 Cottontail - 60.0 Broyhill Crest
Cottontail,Week2,Overlee,Week4,366.0 Overlee - 36.0 Cottontail
Country Club Hills,Week1,Mansion House,Week1,248.0 Mansion House - 154.0 Country Club Hills
Country Club Hills,Week3,Hunt Valley,Week3,312.0 Hunt Valley - 90.0 Country Club Hills
Cottontail,Week2,Overlee,Week2,350.0 Overlee - 52.0 Cottontail
Cottontail,Week2,Broyhill Crest,Week3,357.0 Cottontail - 45.0 Broyhill Crest
Cottontail,Week2,Broyhill Crest,Week1,342.0 Cottontail - 60.0 Broyhill Crest
Cottontail,Week5,Fairfax,Week2,280.0 Fairfax - 122.0 Cottontail
Country Club Hills,Week1,Mansion House,Week2,238.0 Mansion House - 164.0 Country Club Hills
Cottontail,Week4,Fair Oaks ,Week5,263.0 Fair Oaks - 139.0 Cottontail
Country Club Hills,Week5,Holmes Run Acres,Week4,213.0 Holmes Run Acres - 189.0 Country Club Hills
Country Club Hills,Week5,Burke Station,Week2,291.0 Country Club Hills - 110.0 Burke Station
Country Club Hills,Week3,Burke Station,Week5,238.0 Country Club Hills - 164.0 Burke Station
Country Club Hills,Week5,Long Branch,Week5,226.0 Country Club Hills - 176.0 Long Branch
Cottontail,Week3,Fairfax,Week4,296.0 Fairfax - 106.0 Cottontail
Country Club Hills,Week1,Hunt Valley,Week4,298.0 Hunt Valley - 104.0 Country Club Hills
Cottontail,Week3,Overlee,Week4,377.0 Overlee - 25.0 Cottontail
Cottontail,Week2,Broyhill Crest,Week5,330.0 Cottontail - 72.0 Broyhill Crest
Country Club Hills,Week4,Burke Station,Week5,216.5 Country Club Hills - 185.5 Burke Station
Country Club Hills,Week1,Mansion House,Week4,221.0 Mansion House - 181.0 Country Club Hills
Country Club Hills,Week4,Burke Station,Week1,231.0 Country Club Hills - 148.0 Burke Station
Cottontail,Week4,Fairfax,Week5,306.0 Fairfax - 96.0 Cottontail
Country Club Hills,Week1,Hunter Mill,Week2,266.0 Hunter Mill - 136.0 Country Club Hills
Country Club Hills,Week1,Hunt Valley,Week5,326.0 Hunt Valley - 76.0 Country Club Hills
Cottontail,Week4,Brookfield ,Week1,219.0 Brookfield - 183.0 Cottontail
Cottontail,Week4,Overlee,Week1,341.0 Overlee - 61.0 Cottontail
Cottontail,Week2,Overlee,Week1,350.0 Overlee - 52.0 Cottontail
Country Club Hills,Week1,Mantua,Week1,275.0 Mantua - 127.0 Country Club Hills
Cottontail,Week3,Broyhill Crest,Week2,340.0 Cottontail - 62.0 Broyhill Crest
Cottontail,Week5,Fairfax,Week3,292.5 Fairfax - 109.5 Cottontail
Country Club Hills,Week3,Burke Station,Week1,240.0 Country Club Hills - 138.0 Burke Station
Cottontail,Week4,Overlee,Week3,340.0 Overlee - 62.0 Cottontail
Cottontail,Week5,Fairfax,Week4,274.5 Fairfax - 127.5 Cottontail
Country Club Hills,Week5,Holmes Run Acres,Week1,204.0 Holmes Run Acres - 198.0 Country Club Hills
Cottontail,Week2,Brookfield ,Week1,232.0 Brookfield - 170.0 Cottontail
Country Club Hills,Week5,Burke Station,Week3,265.0 Country Club Hills - 132.0 Burke Station
Cottontail,Week2,Sideburn Run,Week5,252.0 Sideburn Run - 150.0 Cottontail
Country Club Hills,Week5,Burke Station,Week4,271.0 Country Club Hills - 131.0 Burke Station
Cottontail,Week5,Fairfax,Week5,291.0 Fairfax - 111.0 Cottontail
Country Club Hills,Week1,Hunt Valley,Week2,280.5 Hunt Valley - 121.5 Country Club Hills
Cottontail,Week1,Fairfax Club Estates,Week1,228.0 Cottontail - 174.0 Fairfax Club Estates
Country Club Hills,Week1,Mansion House,Week5,250.0 Mansion House - 152.0 Country Club Hills
Cottontail,Week5,Sideburn Run,Week2,203.0 Sideburn Run - 199.0 Cottontail
Cottontail,Week2,Brookfield ,Week5,213.0 Brookfield - 189.0 Cottontail
Cottontail,Week1,Brookfield ,Week2,225.0 Brookfield - 177.0 Cottontail
Country Club Hills,Week5,Holmes Run Acres,Week5,246.0 Holmes Run Acres - 156.0 Country Club Hills
Country Club Hills,Week3,Mansion House,Week4,236.0 Mansion House - 166.0 Country Club Hills
Cottontail,Week1,Parklawn,Week2,252.0 Cottontail - 150.0 Parklawn
Country Club Hills,Week1,Camelot,Week3,207.0 Camelot - 195.0 Country Club Hills
Cottontail,Week2,Fairfax,Week1,281.0 Fairfax - 121.0 Cottontail
Cottontail,Week4,Overlee,Week4,368.0 Overlee - 34.0 Cottontail
Country Club Hills,Week3,Mansion House,Week3,260.0 Mansion House - 142.0 Country Club Hills
Country Club Hills,Week2,Hunt Valley,Week2,298.0 Hunt Valley - 104.0 Country Club Hills
Country Club Hills,Week5,Burke Station,Week5,244.0 Country Club Hills - 158.0 Burke Station
Cottontail,Week1,Overlee,Week5,353.0 Overlee - 49.0 Cottontail
Cottontail,Week3,Brookfield ,Week5,217.5 Brookfield - 184.5 Cottontail
Country Club Hills,Week1,Camelot,Week4,205.0 Country Club Hills - 197.0 Camelot
Cottontail,Week2,Brookfield ,Week3,224.0 Brookfield - 178.0 Cottontail
Country Club Hills,Week3,Mansion House,Week5,265.0 Mansion House - 137.0 Country Club Hills
Cottontail,Week1,Fairfax,Week1,272.0 Fairfax - 130.0 Cottontail
Country Club Hills,Week4,Holmes Run Acres,Week4,230.0 Holmes Run Acres - 172.0 Country Club Hills
Cottontail,Week2,Fairfax,Week5,315.0 Fairfax - 87.0 Cottontail
Country Club Hills,Week2,Canterbury Woods,Week5,202.0 Canterbury Woods - 200.0 Country Club Hills
Cottontail,Week4,Brookfield ,Week2,213.0 Brookfield - 189.0 Cottontail
Cottontail,Week2,Brookfield ,Week4,242.5 Brookfield - 159.5 Cottontail
Cottontail,Week1,Fairfax,Week2,289.0 Fairfax - 113.0 Cottontail
Country Club Hills,Week4,Mansion House,Week1,258.0 Mansion House - 144.0 Country Club Hills
Country Club Hills,Week1,Mansion House,Week3,249.0 Mansion House - 153.0 Country Club Hills
Country Club Hills,Week2,Hunt Valley,Week1,287.0 Hunt Valley - 115.0 Country Club Hills
Cottontail,Week1,Parklawn,Week4,244.0 Cottontail - 158.0 Parklawn
Cottontail,Week3,Brookfield ,Week1,239.0 Brookfield - 163.0 Cottontail
Country Club Hills,Week1,Canterbury Woods,Week1,233.0 Country Club Hills - 169.0 Canterbury Woods
Country Club Hills,Week5,Mansion House,Week4,218.0 Mansion House - 184.0 Country Club Hills
Cottontail,Week2,Fairfax,Week3,293.0 Fairfax - 109.0 Cottontail
Country Club Hills,Week1,Hunt Valley,Week3,305.0 Hunt Valley - 97.0 Country Club Hills
Country Club Hills,Week2,Mansion House,Week2,240.0 Mansion House - 162.0 Country Club Hills
Country Club Hills,Week5,Holmes Run Acres,Week3,244.0 Holmes Run Acres - 158.0 Country Club Hills
Country Club Hills,Week5,Mansion House,Week2,216.0 Mansion House - 186.0 Country Club Hills
Cottontail,Week2,Sleepy Hollow B & R,Week1,227.0 Sleepy Hollow B & R - 175.0 Cottontail
Cottontail,Week2,Parliament,Week4,222.0 Parliament - 180.0 Cottontail
Cottontail,Week3,Sideburn Run,Week5,253.0 Sideburn Run - 149.0 Cottontail
Cottontail,Week1,Parklawn,Week5,253.0 Cottontail - 149.0 Parklawn
Country Club Hills,Week1,Hunt Valley,Week1,296.0 Hunt Valley - 106.0 Country Club Hills
Cottontail,Week1,Sideburn Run,Week3,241.0 Sideburn Run - 161.0 Cottontail
Cottontail,Week1,Brookfield ,Week3,206.0 Brookfield - 196.0 Cottontail
Country Club Hills,Week1,Camelot,Week5,210.0 Country Club Hills - 192.0 Camelot
Cottontail,Week2,Parliament,Week1,242.0 Parliament - 160.0 Cottontail
Country Club Hills,Week5,Camelot,Week4,215.0 Country Club Hills - 187.0 Camelot
Cottontail,Week1,Sleepy Hollow B & R,Week4,244.0 Sleepy Hollow B & R - 158.0 Cottontail
Country Club Hills,Week5,Mansion House,Week1,240.0 Mansion House - 162.0 Country Club Hills
Cottontail,Week2,Sleepy Hollow B & R,Week3,239.0 Sleepy Hollow B & R - 163.0 Cottontail
Cottontail,Week1,Brookfield ,Week5,214.0 Brookfield - 188.0 Cottontail
Cottontail,Week2,Fairfax,Week4,289.0 Fairfax - 113.0 Cottontail
Cottontail,Week1,Sleepy Hollow B & R,Week1,214.0 Sleepy Hollow B & R - 188.0 Cottontail
Cottontail,Week2,Overlee,Week3,351.0 Overlee - 51.0 Cottontail
Cottontail,Week2,Brookfield ,Week2,234.0 Brookfield - 168.0 Cottontail
Cottontail,Week5,Overlee,Week1,330.0 Overlee - 72.0 Cottontail
Country Club Hills,Week3,Camelot,Week2,205.0 Camelot - 197.0 Country Club Hills
Country Club Hills,Week5,Camelot,Week1,221.0 Country Club Hills - 181.0 Camelot
Country Club Hills,Week2,Hunt Valley,Week3,311.0 Hunt Valley - 91.0 Country Club Hills
Cottontail,Week3,Fairfax,Week5,317.0 Fairfax - 85.0 Cottontail
Cottontail,Week4,Brookfield ,Week3,202.0 Brookfield - 200.0 Cottontail
Country Club Hills,Week3,Hunt Valley,Week4,299.0 Hunt Valley - 103.0 Country Club Hills
Country Club Hills,Week4,Mansion House,Week2,247.0 Mansion House - 155.0 Country Club Hills
Cottontail,Week3,Fairfax,Week1,274.0 Fairfax - 128.0 Cottontail
Country Club Hills,Week3,Hunt Valley,Week2,303.0 Hunt Valley - 99.0 Country Club Hills
Country Club Hills,Week4,Canterbury Woods,Week2,222.0 Country Club Hills - 180.0 Canterbury Woods
Country Club Hills,Week5,Mansion House,Week3,244.0 Mansion House - 158.0 Country Club Hills
Cottontail,Week3,Brookfield ,Week2,240.0 Brookfield - 162.0 Cottontail
Cottontail,Week1,Fairfax,Week5,306.0 Fairfax - 96.0 Cottontail
Cottontail,Week5,Brookfield ,Week1,215.0 Brookfield - 187.0 Cottontail
Cottontail,Week4,Fairfax,Week1,278.0 Fairfax - 124.0 Cottontail
Country Club Hills,Week4,Hunt Valley,Week2,297.5 Hunt Valley - 104.5 Country Club Hills
Cottontail,Week1,Brookfield ,Week4,231.5 Brookfield - 170.5 Cottontail
Cottontail,Week3,Sideburn Run,Week1,248.0 Sideburn Run - 154.0 Cottontail
Country Club Hills,Week2,Hunt Valley,Week4,310.0 Hunt Valley - 92.0 Country Club Hills
Cottontail,Week1,Sideburn Run,Week4,236.0 Sideburn Run - 166.0 Cottontail
Cottontail,Week4,Sideburn Run,Week3,237.0 Sideburn Run - 165.0 Cottontail
Cottontail,Week1,Fairfax,Week3,289.0 Fairfax - 113.0 Cottontail
Cottontail,Week3,Parklawn,Week3,255.0 Cottontail - 147.0 Parklawn
Cottontail,Week1,Parliament,Week2,207.0 Cottontail - 195.0 Parliament
Country Club Hills,Week2,Camelot,Week5,203.0 Country Club Hills - 199.0 Camelot
Cottontail,Week1,Parliament,Week1,222.0 Parliament - 180.0 Cottontail
Cottontail,Week2,Sideburn Run,Week1,227.0 Sideburn Run - 175.0 Cottontail
Country Club Hills,Week5,Mansion House,Week5,241.0 Mansion House - 161.0 Country Club Hills
Country Club Hills,Week3,Canterbury Woods,Week5,214.0 Country Club Hills - 187.0 Canterbury Woods
Country Club Hills,Week2,Mansion House,Week1,251.0 Mansion House - 151.0 Country Club Hills
Cottontail,Week3,Parklawn,Week1,252.0 Cottontail - 141.0 Parklawn
Cottontail,Week2,Sideburn Run,Week2,230.0 Sideburn Run - 172.0 Cottontail
Country Club Hills,Week3,Mansion House,Week1,256.0 Mansion House - 146.0 Country Club Hills
Cottontail,Week2,Parklawn,Week3,247.0 Cottontail - 155.0 Parklawn
Cottontail,Week2,Fairfax,Week2,293.0 Fairfax - 109.0 Cottontail
Cottontail,Week4,Brookfield ,Week4,221.0 Brookfield - 181.0 Cottontail
Country Club Hills,Week4,Camelot,Week4,203.0 Camelot - 199.0 Country Club Hills
Country Club Hills,Week4,Hunt Valley,Week1,295.5 Hunt Valley - 106.5 Country Club Hills
Country Club Hills,Week3,Canterbury Woods,Week4,201.0 Canterbury Woods - 201.0 Country Club Hills
Cottontail,Week5,Brookfield ,Week5,211.0 Cottontail - 191.0 Brookfield
Cottontail,Week4,Parklawn,Week5,225.0 Cottontail - 171.0 Parklawn
Cottontail,Week4,Fairfax,Week4,274.0 Fairfax - 128.0 Cottontail
Cottontail,Week5,Parklawn,Week1,274.0 Cottontail - 119.0 Parklawn
Country Club Hills,Week4,Mantua,Week1,263.0 Mantua - 139.0 Country Club Hills
Cottontail,Week3,Fairfax,Week2,300.0 Fairfax - 102.0 Cottontail
Cottontail,Week5,Sideburn Run,Week5,218.0 Sideburn Run - 184.0 Cottontail
Country Club Hills,Week3,Mansion House,Week2,250.0 Mansion House - 152.0 Country Club Hills
Cottontail,Week3,Parklawn,Week5,223.0 Cottontail - 179.0 Parklawn
Country Club Hills,Week4,Hunt Valley,Week4,300.0 Hunt Valley - 102.0 Country Club Hills
Cottontail,Week3,Sideburn Run,Week4,259.5 Sideburn Run - 142.5 Cottontail
Cottontail,Week4,Fairfax,Week3,293.0 Fairfax - 109.0 Cottontail
Cottontail,Week5,Brookfield ,Week3,203.0 Cottontail - 199.0 Brookfield
Country Club Hills,Week3,Camelot,Week4,202.0 Country Club Hills - 200.0 Camelot
Country Club Hills,Week2,Mansion House,Week5,269.0 Mansion House - 133.0 Country Club Hills
Cottontail,Week3,Sideburn Run,Week3,254.0 Sideburn Run - 148.0 Cottontail
Country Club Hills,Week4,Hunt Valley,Week3,309.0 Hunt Valley - 93.0 Country Club Hills
Country Club Hills,Week5,Canterbury Woods,Week2,250.0 Country Club Hills - 152.0 Canterbury Woods
Country Club Hills,Week2,Mansion House,Week3,260.0 Mansion House - 142.0 Country Club Hills
Cottontail,Week1,Parliament,Week4,205.0 Parliament - 197.0 Cottontail
Cottontail,Week4,Fairfax,Week2,291.0 Fairfax - 111.0 Cottontail
Country Club Hills,Week5,Hunt Valley,Week2,282.0 Hunt Valley - 120.0 Country Club Hills
Cottontail,Week5,Brookfield ,Week4,207.0 Brookfield - 195.0 Cottontail
Country Club Hills,Week4,Canterbury Woods,Week5,216.0 Country Club Hills - 186.0 Canterbury Woods
Country Club Hills,Week5,Hunt Valley,Week1,264.0 Hunt Valley - 138.0 Country Club Hills
Cottontail,Week1,Broyhill Crest,Week1,344.0 Cottontail - 58.0 Broyhill Crest
Country Club Hills,Week3,Camelot,Week1,203.0 Camelot - 199.0 Country Club Hills
Cottontail,Week3,Fairfax Club Estates,Week2,236.0 Cottontail - 166.0 Fairfax Club Estates
Country Club Hills,Week3,Mantua,Week1,273.0 Mantua - 129.0 Country Club Hills
Cottontail,Week4,Sideburn Run,Week4,240.5 Sideburn Run - 161.5 Cottontail
Cottontail,Week2,Broyhill Crest,Week4,343.0 Cottontail - 59.0 Broyhill Crest
Cottontail,Week1,Broyhill Crest,Week5,322.0 Cottontail - 80.0 Broyhill Crest
Cottontail,Week3,Parklawn,Week2,223.0 Cottontail - 179.0 Parklawn
Cottontail,Week5,Fairfax Club Estates,Week2,245.0 Cottontail - 157.0 Fairfax Club Estates
Country Club Hills,Week4,Mansion House,Week3,270.0 Mansion House - 132.0 Country Club Hills
Country Club Hills,Week5,Hunt Valley,Week4,294.0 Hunt Valley - 108.0 Country Club Hills
Country Club Hills,Week4,Camelot,Week5,204.0 Camelot - 198.0 Country Club Hills
Country Club Hills,Week1,Hunter Mill,Week1,269.5 Hunter Mill - 132.5 Country Club Hills
Country Club Hills,Week5,Hunt Valley,Week3,302.0 Hunt Valley - 100.0 Country Club Hills
Cottontail,Week1,Fairfax,Week4,288.0 Fairfax - 114.0 Cottontail
Country Club Hills,Week5,Hunter Mill,Week2,247.0 Hunter Mill - 155.0 Country Club Hills
Cottontail,Week2,Fairfax Club Estates,Week5,214.0 Cottontail - 188.0 Fairfax Club Estates
Country Club Hills,Week1,Ilda Community,Week4,225.0 Country Club Hills - 177.0 Ilda Community
Cottontail,Week4,Fairfax Club Estates,Week5,212.0 Cottontail - 189.0 Fairfax Club Estates
Cottontail,Week1,Broyhill Crest,Week3,353.0 Cottontail - 49.0 Broyhill Crest
Cottontail,Week3,Sideburn Run,Week2,232.0 Sideburn Run - 170.0 Cottontail
Country Club Hills,Week1,Canterbury Woods,Week3,214.0 Country Club Hills - 188.0 Canterbury Woods
Country Club Hills,Week4,Mansion House,Week5,263.0 Mansion House - 139.0 Country Club Hills
Cottontail,Week2,Broyhill Crest,Week2,350.0 Cottontail - 52.0 Broyhill Crest
Cottontail,Week5,Sideburn Run,Week1,219.0 Sideburn Run - 183.0 Cottontail
Country Club Hills,Week5,Hunt Valley,Week5,292.5 Hunt Valley - 109.5 Country Club Hills
Country Club Hills,Week3,Camelot,Week3,215.0 Country Club Hills - 187.0 Camelot
Country Club Hills,Week1,Canterbury Woods,Week2,232.0 Country Club Hills - 165.0 Canterbury Woods
Cottontail,Week4,Parklawn,Week3,237.0 Cottontail - 164.0 Parklawn
Cottontail,Week3,Broyhill Crest,Week1,332.0 Cottontail - 70.0 Broyhill Crest
Cottontail,Week1,Sleepy Hollow B & R,Week3,239.0 Sleepy Hollow B & R - 163.0 Cottontail
Cottontail,Week4,Parklawn,Week1,258.0 Cottontail - 135.0 Parklawn
Cottontail,Week2,Parklawn,Week4,233.0 Cottontail - 169.0 Parklawn
Country Club Hills,Week4,Mansion House,Week4,233.0 Mansion House - 169.0 Country Club Hills
Cottontail,Week2,Sideburn Run,Week3,242.0 Sideburn Run - 160.0 Cottontail
Cottontail,Week5,Fairfax Club Estates,Week1,230.0 Cottontail - 172.0 Fairfax Club Estates
Country Club Hills,Week2,Mansion House,Week4,233.0 Mansion House - 169.0 Country Club Hills
Country Club Hills,Week5,Camelot,Week5,217.0 Country Club Hills - 185.0 Camelot
Cottontail,Week1,Sideburn Run,Week2,223.0 Sideburn Run - 179.0 Cottontail
Cottontail,Week2,Parklawn,Week5,231.0 Cottontail - 171.0 Parklawn
Cottontail,Week3,Fairfax Club Estates,Week4,202.0 Cottontail - 200.0 Fairfax Club Estates
Cottontail,Week1,Burke Station,Week2,289.0 Cottontail - 113.0 Burke Station
Country Club Hills,Week2,Mantua,Week3,318.0 Mantua - 84.0 Country Club Hills
Country Club Hills,Week5,Camelot,Week3,231.0 Country Club Hills - 171.0 Camelot
Cottontail,Week5,Parklawn,Week2,244.0 Cottontail - 157.0 Parklawn
Cottontail,Week4,Parklawn,Week4,215.0 Cottontail - 186.0 Parklawn
Country Club Hills,Week3,Mantua,Week4,299.0 Mantua - 103.0 Country Club Hills
Cottontail,Week4,Sideburn Run,Week5,258.0 Sideburn Run - 144.0 Cottontail
Cottontail,Week4,Parklawn,Week2,234.0 Cottontail - 167.0 Parklawn
Cottontail,Week3,Parklawn,Week4,222.0 Cottontail - 179.0 Parklawn
Country Club Hills,Week2,Mantua,Week5,307.0 Mantua - 95.0 Country Club Hills
Country Club Hills,Week3,Hunter Mill,Week3,276.0 Hunter Mill - 126.0 Country Club Hills
Cottontail,Week1,Sideburn Run,Week1,235.0 Sideburn Run - 167.0 Cottontail
Country Club Hills,Week1,Mantua,Week3,318.0 Mantua - 84.0 Country Club Hills
Cottontail,Week5,Broyhill Crest,Week2,359.0 Cottontail - 43.0 Broyhill Crest
Country Club Hills,Week2,Ilda Community,Week2,262.0 Country Club Hills - 140.0 Ilda Community
Cottontail,Week1,Fairfax Club Estates,Week2,230.0 Cottontail - 172.0 Fairfax Club Estates
Cottontail,Week4,Broyhill Crest,Week5,316.0 Cottontail - 81.0 Broyhill Crest
Country Club Hills,Week2,Canterbury Woods,Week2,221.0 Country Club Hills - 181.0 Canterbury Woods
Cottontail,Week1,Fairfax Club Estates,Week3,229.0 Cottontail - 173.0 Fairfax Club Estates
Country Club Hills,Week1,Ilda Community,Week2,258.0 Country Club Hills - 144.0 Ilda Community
Country Club Hills,Week2,Canterbury Woods,Week4,208.0 Canterbury Woods - 194.0 Country Club Hills
Country Club Hills,Week1,Canterbury Woods,Week4,208.0 Country Club Hills - 194.0 Canterbury Woods
Cottontail,Week2,Sideburn Run,Week4,237.0 Sideburn Run - 165.0 Cottontail
Cottontail,Week5,Parklawn,Week3,275.0 Cottontail - 126.0 Parklawn
Cottontail,Week2,Fairfax Club Estates,Week1,226.0 Cottontail - 176.0 Fairfax Club Estates
Cottontail,Week4,Sideburn Run,Week1,227.0 Sideburn Run - 170.0 Cottontail
Cottontail,Week5,Broyhill Crest,Week1,348.5 Cottontail - 53.5 Broyhill Crest
Country Club Hills,Week1,Hunter Mill,Week3,276.0 Hunter Mill - 126.0 Country Club Hills
Cottontail,Week1,Fairfax Club Estates,Week4,210.0 Cottontail - 192.0 Fairfax Club Estates
Country Club Hills,Week3,Hunter Mill,Week2,262.0 Hunter Mill - 140.0 Country Club Hills
Cottontail,Week3,Broyhill Crest,Week4,333.0 Cottontail - 69.0 Broyhill Crest
Cottontail,Week1,Sideburn Run,Week5,234.0 Sideburn Run - 168.0 Cottontail
Country Club Hills,Week2,Canterbury Woods,Week1,220.0 Country Club Hills - 182.0 Canterbury Woods
Country Club Hills,Week3,Mantua,Week5,310.5 Mantua - 91.5 Country Club Hills
Country Club Hills,Week2,Hunter Mill,Week4,284.0 Hunter Mill - 118.0 Country Club Hills
Cottontail,Week5,Parklawn,Week4,234.0 Cottontail - 167.0 Parklawn
Cottontail,Week1,Burke Station,Week3,237.0 Cottontail - 160.0 Burke Station
Cottontail,Week4,Sideburn Run,Week2,214.0 Sideburn Run - 188.0 Cottontail
Country Club Hills,Week3,McLean,Week1,301.0 McLean - 101.0 Country Club Hills
Country Club Hills,Week3,Camelot,Week5,208.0 Country Club Hills - 194.0 Camelot
Cottontail,Week3,Broyhill Crest,Week3,336.0 Cottontail - 66.0 Broyhill Crest
Cottontail,Week1,Fairfax Station,Week3,282.0 Fairfax Station - 120.0 Cottontail
Country Club Hills,Week3,Mantua,Week2,264.0 Mantua - 138.0 Country Club Hills
Country Club Hills,Week4,Camelot,Week3,204.0 Camelot - 198.0 Country Club Hills
Cottontail,Week5,Sideburn Run,Week3,232.0 Sideburn Run - 170.0 Cottontail
Cottontail,Week5,Sideburn Run,Week4,226.0 Sideburn Run - 176.0 Cottontail
Cottontail,Week1,Parliament,Week5,211.0 Parliament - 191.0 Cottontail
Cottontail,Week5,Parklawn,Week5,237.0 Cottontail - 164.0 Parklawn
Cottontail,Week1,Sleepy Hollow B & R,Week2,229.0 Sleepy Hollow B & R - 173.0 Cottontail
Country Club Hills,Week2,Mantua,Week1,274.0 Mantua - 128.0 Country Club Hills
Country Club Hills,Week1,McLean,Week3,324.0 McLean - 78.0 Country Club Hills
Cottontail,Week1,Fairfax Club Estates,Week5,215.0 Cottontail - 187.0 Fairfax Club Estates
Cottontail,Week5,Broyhill Crest,Week3,372.0 Cottontail - 30.0 Broyhill Crest
Country Club Hills,Week4,Camelot,Week2,217.0 Camelot - 185.0 Country Club Hills
Cottontail,Week1,Parliament,Week3,206.0 Cottontail - 196.0 Parliament
Country Club Hills,Week4,Camelot,Week1,212.0 Country Club Hills - 190.0 Camelot
Cottontail,Week3,Fairfax Club Estates,Week3,212.0 Cottontail - 190.0 Fairfax Club Estates
Country Club Hills,Week4,Hunter Mill,Week4,279.0 Hunter Mill - 123.0 Country Club Hills
Country Club Hills,Week3,Hunter Mill,Week4,280.5 Hunter Mill - 121.5 Country Club Hills
Country Club Hills,Week5,Camelot,Week2,207.0 Country Club Hills - 195.0 Camelot
Country Club Hills,Week3,Canterbury Woods,Week1,226.0 Country Club Hills - 176.0 Canterbury Woods
Country Club Hills,Week1,McLean,Week4,295.0 McLean - 107.0 Country Club Hills
Cottontail,Week4,Fairfax Club Estates,Week2,241.0 Cottontail - 161.0 Fairfax Club Estates
Cottontail,Week2,Fairfax Club Estates,Week3,216.0 Cottontail - 186.0 Fairfax Club Estates
Cottontail,Week2,Burke Station,Week5,216.0 Cottontail - 186.0 Burke Station
Cottontail,Week5,Broyhill Crest,Week5,341.0 Cottontail - 61.0 Broyhill Crest
Country Club Hills,Week5,Hunter Mill,Week1,251.0 Hunter Mill - 151.0 Country Club Hills
Cottontail,Week3,Parliament,Week1,244.0 Parliament - 158.0 Cottontail
Cottontail,Week2,Fairfax Station,Week2,272.5 Fairfax Station - 129.5 Cottontail
Cottontail,Week2,Burke Station,Week2,263.0 Cottontail - 139.0 Burke Station
Cottontail,Week3,Burke Station,Week1,200.0 Cottontail - 179.0 Burke Station
Cottontail,Week2,Parliament,Week5,225.0 Parliament - 177.0 Cottontail
Country Club Hills,Week2,McLean,Week3,322.0 McLean - 80.0 Country Club Hills
Cottontail,Week4,Fairfax Club Estates,Week4,203.0 Cottontail - 199.0 Fairfax Club Estates
Cottontail,Week1,Burke Station,Week4,275.0 Cottontail - 127.0 Burke Station
Cottontail,Week2,Burke Station,Week1,197.0 Cottontail - 182.0 Burke Station
Country Club Hills,Week4,Hunter Mill,Week2,251.0 Hunter Mill - 151.0 Country Club Hills
Cottontail,Week1,Sleepy Hollow B & R,Week5,274.0 Sleepy Hollow B & R - 128.0 Cottontail
Cottontail,Week2,Parliament,Week3,208.0 Parliament - 194.0 Cottontail
Country Club Hills,Week1,Canterbury Woods,Week5,220.0 Country Club Hills - 182.0 Canterbury Woods
Country Club Hills,Week2,Mantua,Week4,292.0 Mantua - 110.0 Country Club Hills
Cottontail,Week3,Sleepy Hollow B & R,Week2,244.0 Sleepy Hollow B & R - 158.0 Cottontail
Country Club Hills,Week2,Mantua,Week2,276.0 Mantua - 126.0 Country Club Hills
Country Club Hills,Week2,Hunter Mill,Week3,288.0 Hunter Mill - 114.0 Country Club Hills
Cottontail,Week4,Sleepy Hollow B & R,Week1,224.0 Sleepy Hollow B & R - 178.0 Cottontail
Country Club Hills,Week5,Hunter Mill,Week3,259.0 Hunter Mill - 143.0 Country Club Hills
Country Club Hills,Week3,Canterbury Woods,Week2,231.0 Country Club Hills - 171.0 Canterbury Woods
Cottontail,Week3,Parliament,Week2,224.0 Parliament - 178.0 Cottontail
Cottontail,Week2,Fairfax Club Estates,Week2,230.0 Cottontail - 172.0 Fairfax Club Estates
Country Club Hills,Week4,Hunter Mill,Week3,269.0 Hunter Mill - 133.0 Country Club Hills
Cottontail,Week5,Fairfax Club Estates,Week3,231.0 Cottontail - 171.0 Fairfax Club Estates
Country Club Hills,Week2,Canterbury Woods,Week3,204.0 Canterbury Woods - 198.0 Country Club Hills
Country Club Hills,Week2,McLean,Week4,299.0 McLean - 103.0 Country Club Hills
Cottontail,Week2,Parklawn,Week2,231.0 Cottontail - 171.0 Parklawn
Cottontail,Week2,Parliament,Week2,213.0 Parliament - 189.0 Cottontail
Country Club Hills,Week4,Hunter Mill,Week5,286.0 Hunter Mill - 116.0 Country Club Hills
Cottontail,Week2,Sleepy Hollow B & R,Week2,236.5 Sleepy Hollow B & R - 165.5 Cottontail
Country Club Hills,Week1,Mantua,Week5,306.0 Mantua - 96.0 Country Club Hills
Cottontail,Week2,Sleepy Hollow Rec,Week5,235.0 Cottontail - 167.0 Sleepy Hollow Rec
Cottontail,Week1,Fairfax Station,Week4,266.0 Fairfax Station - 136.0 Cottontail
Country Club Hills,Week3,Canterbury Woods,Week3,210.0 Country Club Hills - 192.0 Canterbury Woods
Country Club Hills,Week2,Hunter Mill,Week1,275.0 Hunter Mill - 127.0 Country Club Hills
Cottontail,Week1,Fairfax Station,Week5,285.0 Fairfax Station - 117.0 Cottontail
Cottontail,Week3,Parliament,Week3,230.0 Parliament - 172.0 Cottontail
Country Club Hills,Week3,Mantua,Week3,319.0 Mantua - 83.0 Country Club Hills
Cottontail,Week4,Sleepy Hollow B & R,Week2,248.0 Sleepy Hollow B & R - 154.0 Cottontail
Cottontail,Week4,Broyhill Crest,Week2,338.0 Cottontail - 64.0 Broyhill Crest
Country Club Hills,Week5,Hunter Mill,Week4,258.0 Hunter Mill - 144.0 Country Club Hills
Cottontail,Week5,Sleepy Hollow B & R,Week5,266.0 Sleepy Hollow B & R - 136.0 Cottontail
Country Club Hills,Week1,Hunter Mill,Week5,281.0 Hunter Mill - 121.0 Country Club Hills
Country Club Hills,Week1,Mantua,Week2,270.0 Mantua - 132.0 Country Club Hills
Cottontail,Week1,Sleepy Hollow Rec,Week2,244.5 Cottontail - 157.5 Sleepy Hollow Rec
Country Club Hills,Week4,Canterbury Woods,Week4,209.0 Country Club Hills - 193.0 Canterbury Woods
Country Club Hills,Week1,Mantua,Week4,282.0 Mantua - 120.0 Country Club Hills
Country Club Hills,Week4,Canterbury Woods,Week3,206.0 Country Club Hills - 191.0 Canterbury Woods
Cottontail,Week3,Parliament,Week4,238.0 Parliament - 164.0 Cottontail
Cottontail,Week5,Fairfax Club Estates,Week5,234.0 Cottontail - 167.0 Fairfax Club Estates
Cottontail,Week1,Sleepy Hollow Rec,Week1,257.0 Cottontail - 145.0 Sleepy Hollow Rec
Cottontail,Week4,Fairfax Club Estates,Week1,217.5 Cottontail - 184.5 Fairfax Club Estates
Cottontail,Week3,Burke Station,Week2,253.0 Cottontail - 149.0 Burke Station
Cottontail,Week1,Burke Station,Week5,241.0 Cottontail - 161.0 Burke Station
Country Club Hills,Week5,Hunter Mill,Week5,278.0 Hunter Mill - 124.0 Country Club Hills
Cottontail,Week4,Parliament,Week1,238.0 Parliament - 164.0 Cottontail
Country Club Hills,Week4,Mantua,Week5,302.0 Mantua - 100.0 Country Club Hills
Country Club Hills,Week5,Mantua,Week1,246.0 Mantua - 156.0 Country Club Hills
Cottontail,Week3,Parliament,Week5,240.0 Parliament - 162.0 Cottontail
Cottontail,Week4,Broyhill Crest,Week4,334.0 Cottontail - 68.0 Broyhill Crest
Country Club Hills,Week4,Canterbury Woods,Week1,224.0 Country Club Hills - 178.0 Canterbury Woods
Country Club Hills,Week5,Canterbury Woods,Week1,238.0 Country Club Hills - 164.0 Canterbury Woods
Cottontail,Week4,Parliament,Week3,208.0 Parliament - 194.0 Cottontail
Country Club Hills,Week2,Hunter Mill,Week2,276.0 Hunter Mill - 126.0 Country Club Hills
Cottontail,Week4,Broyhill Crest,Week1,324.0 Cottontail - 78.0 Broyhill Crest
Cottontail,Week1,Sleepy Hollow Rec,Week3,233.0 Cottontail - 169.0 Sleepy Hollow Rec
Cottontail,Week3,Fairfax Club Estates,Week1,214.0 Cottontail - 188.0 Fairfax Club Estates
Cottontail,Week4,Pinecrest,Week5,301.0 Pinecrest - 101.0 Cottontail
Cottontail,Week2,Fairfax Club Estates,Week4,202.0 Cottontail - 200.0 Fairfax Club Estates
Country Club Hills,Week4,Mantua,Week3,310.0 Mantua - 92.0 Country Club Hills
Country Club Hills,Week1,McLean,Week5,327.0 McLean - 75.0 Country Club Hills
Cottontail,Week2,Sleepy Hollow B & R,Week4,250.0 Sleepy Hollow B & R - 152.0 Cottontail
Country Club Hills,Week1,Hunter Mill,Week4,280.0 Hunter Mill - 122.0 Country Club Hills
Cottontail,Week3,Sleepy Hollow B & R,Week1,222.0 Sleepy Hollow B & R - 180.0 Cottontail
Cottontail,Week5,Parliament,Week4,218.0 Parliament - 184.0 Cottontail
Cottontail,Week5,Broyhill Crest,Week4,354.0 Cottontail - 48.0 Broyhill Crest
Cottontail,Week2,Burke Station,Week4,245.0 Cottontail - 157.0 Burke Station
Cottontail,Week3,Sleepy Hollow B & R,Week5,272.0 Sleepy Hollow B & R - 130.0 Cottontail
Country Club Hills,Week5,Canterbury Woods,Week4,220.0 Country Club Hills - 182.0 Canterbury Woods
Cottontail,Week4,Fairfax Club Estates,Week3,223.0 Cottontail - 179.0 Fairfax Club Estates
Cottontail,Week3,Pinecrest,Week3,322.0 Pinecrest - 80.0 Cottontail
Country Club Hills,Week5,Canterbury Woods,Week3,229.0 Country Club Hills - 173.0 Canterbury Woods
Cottontail,Week3,Fairfax Club Estates,Week5,208.0 Cottontail - 194.0 Fairfax Club Estates
Country Club Hills,Week5,Mantua,Week2,253.0 Mantua - 149.0 Country Club Hills
Cottontail,Week1,Burke Station,Week1,234.5 Cottontail - 144.5 Burke Station
Cottontail,Week1,Forest Hollow,Week4,232.0 Forest Hollow - 170.0 Cottontail
Cottontail,Week3,Sleepy Hollow B & R,Week4,266.0 Sleepy Hollow B & R - 136.0 Cottontail
Country Club Hills,Week2,Cardinal Hill,Week5,282.5 Cardinal Hill - 119.5 Country Club Hills
Country Club Hills,Week3,Hunter Mill,Week1,279.0 Hunter Mill - 123.0 Country Club Hills
Cottontail,Week2,Burke Station,Week3,221.5 Cottontail - 175.5 Burke Station
Country Club Hills,Week4,Hunter Mill,Week1,270.5 Hunter Mill - 131.5 Country Club Hills
Country Club Hills,Week1,Cardinal Hill,Week2,271.0 Cardinal Hill - 131.0 Country Club Hills
Country Club Hills,Week3,Cardinal Hill,Week2,267.0 Cardinal Hill - 135.0 Country Club Hills
Cottontail,Week2,Forest Hollow,Week1,230.0 Forest Hollow - 172.0 Cottontail
Cottontail,Week5,Parliament,Week5,215.0 Parliament - 187.0 Cottontail
Cottontail,Week4,Sleepy Hollow B & R,Week4,257.0 Sleepy Hollow B & R - 145.0 Cottontail
Country Club Hills,Week1,McLean,Week2,315.0 McLean - 87.0 Country Club Hills
Country Club Hills,Week2,Hunter Mill,Week5,286.0 Hunter Mill - 116.0 Country Club Hills
Country Club Hills,Week5,Mantua,Week5,292.0 Mantua - 110.0 Country Club Hills
Country Club Hills,Week2,Ilda Community,Week1,256.0 Country Club Hills - 145.0 Ilda Community
Cottontail,Week4,Broyhill Crest,Week3,338.0 Cottontail - 64.0 Broyhill Crest
Cottontail,Week5,Pinecrest,Week3,304.0 Pinecrest - 98.0 Cottontail
Cottontail,Week4,Parliament,Week4,207.0 Parliament - 195.0 Cottontail
Cottontail,Week3,Broyhill Crest,Week5,321.0 Cottontail - 81.0 Broyhill Crest
Commonwealth,Week1,Sleepy Hollow Rec,Week2,210.0 Sleepy Hollow Rec - 192.0 Commonwealth
Cottontail,Week3,Burke Station,Week3,208.0 Cottontail - 189.0 Burke Station
Cottontail,Week4,Pinecrest,Week3,308.0 Pinecrest - 94.0 Cottontail
Country Club Hills,Week3,Hunter Mill,Week5,283.0 Hunter Mill - 119.0 Country Club Hills
Country Club Hills,Week1,Ilda Community,Week1,260.0 Country Club Hills - 142.0 Ilda Community
Country Club Hills,Week1,Ilda Community,Week3,252.0 Country Club Hills - 145.0 Ilda Community
Country Club Hills,Week4,Cardinal Hill,Week1,291.0 Cardinal Hill - 111.0 Country Club Hills
Commonwealth,Week4,Sleepy Hollow Rec,Week4,219.0 Commonwealth - 182.0 Sleepy Hollow Rec
Cottontail,Week1,Fairfax Station,Week1,264.0 Fairfax Station - 138.0 Cottontail
Cottontail,Week5,Fairfax Club Estates,Week4,220.0 Cottontail - 182.0 Fairfax Club Estates
Cottontail,Week1,Pinecrest,Week5,288.0 Pinecrest - 114.0 Cottontail
Country Club Hills,Week1,Ilda Community,Week5,247.0 Country Club Hills - 155.0 Ilda Community
Country Club Hills,Week3,Cardinal Hill,Week1,285.5 Cardinal Hill - 116.5 Country Club Hills
Country Club Hills,Week4,Mantua,Week4,286.0 Mantua - 116.0 Country Club Hills
Commonwealth,Week4,Sleepy Hollow Rec,Week1,219.0 Commonwealth - 183.0 Sleepy Hollow Rec
Country Club Hills,Week4,Cardinal Hill,Week2,283.0 Cardinal Hill - 119.0 Country Club Hills
Cottontail,Week5,Sleepy Hollow B & R,Week3,230.0 Sleepy Hollow B & R - 172.0 Cottontail
Cottontail,Week2,Sleepy Hollow Rec,Week3,218.5 Cottontail - 183.5 Sleepy Hollow Rec
Cottontail,Week3,Fairfax Station,Week1,273.0 Fairfax Station - 129.0 Cottontail
Cottontail,Week3,Burke Station,Week4,246.0 Cottontail - 156.0 Burke Station
Cottontail,Week4,Sleepy Hollow B & R,Week3,248.0 Sleepy Hollow B & R - 154.0 Cottontail
Cottontail,Week2,Fairfax Station,Week4,277.0 Fairfax Station - 125.0 Cottontail
Cottontail,Week3,Burke Station,Week5,204.0 Cottontail - 198.0 Burke Station
Cottontail,Week1,Sleepy Hollow Rec,Week4,272.0 Cottontail - 130.0 Sleepy Hollow Rec
Country Club Hills,Week5,Mantua,Week4,271.0 Mantua - 131.0 Country Club Hills
Cottontail,Week4,Parliament,Week2,207.0 Cottontail - 195.0 Parliament
Country Club Hills,Week3,Cardinal Hill,Week3,296.0 Cardinal Hill - 106.0 Country Club Hills
Country Club Hills,Week4,Mantua,Week2,260.0 Mantua - 142.0 Country Club Hills
Cottontail,Week2,Fairfax Station,Week3,285.0 Fairfax Station - 117.0 Cottontail
Cottontail,Week2,Sleepy Hollow Rec,Week4,255.0 Cottontail - 147.0 Sleepy Hollow Rec
Cottontail,Week2,Brandywine,Week5,261.0 Brandywine - 141.0 Cottontail
Country Club Hills,Week1,McLean,Week1,305.0 McLean - 97.0 Country Club Hills
Cottontail,Week2,Pinecrest,Week5,301.0 Pinecrest - 101.0 Cottontail
Cottontail,Week5,Brandywine,Week2,212.0 Brandywine - 190.0 Cottontail
Cottontail,Week2,Fairfax Station,Week1,277.0 Fairfax Station - 125.0 Cottontail
Cottontail,Week4,Fairfax Station,Week3,287.0 Fairfax Station - 115.0 Cottontail
Cottontail,Week5,Sleepy Hollow B & R,Week2,216.0 Sleepy Hollow B & R - 186.0 Cottontail
Cottontail,Week5,Sleepy Hollow B & R,Week4,238.0 Sleepy Hollow B & R - 164.0 Cottontail
Cottontail,Week4,Sleepy Hollow B & R,Week5,275.0 Sleepy Hollow B & R - 127.0 Cottontail
Country Club Hills,Week2,McLean,Week2,308.0 McLean - 94.0 Country Club Hills
Cottontail,Week2,Pinecrest,Week3,311.0 Pinecrest - 91.0 Cottontail
Cottontail,Week2,Sleepy Hollow B & R,Week5,270.0 Sleepy Hollow B & R - 132.0 Cottontail
Country Club Hills,Week3,Ilda Community,Week2,250.0 Country Club Hills - 152.0 Ilda Community
Country Club Hills,Week3,Ilda Community,Week3,253.0 Country Club Hills - 149.0 Ilda Community
Commonwealth,Week5,Sleepy Hollow Rec,Week1,220.0 Commonwealth - 182.0 Sleepy Hollow Rec
Country Club Hills,Week1,Cardinal Hill,Week5,278.0 Cardinal Hill - 124.0 Country Club Hills
Commonwealth,Week4,Sleepy Hollow Rec,Week3,211.0 Sleepy Hollow Rec - 191.0 Commonwealth
Country Club Hills,Week5,Ilda Community,Week3,275.0 Country Club Hills - 127.0 Ilda Community
Cottontail,Week3,Fairfax Station,Week3,297.0 Fairfax Station - 105.0 Cottontail
Country Club Hills,Week1,Cardinal Hill,Week3,292.0 Cardinal Hill - 110.0 Country Club Hills
Country Club Hills,Week1,Kent Gardens,Week5,266.0 Kent Gardens - 136.0 Country Club Hills
Cottontail,Week1,Pinecrest,Week4,299.0 Pinecrest - 103.0 Cottontail
Country Club Hills,Week2,McLean,Week1,308.0 McLean - 94.0 Country Club Hills
Commonwealth,Week1,Sleepy Hollow Rec,Week5,233.0 Sleepy Hollow Rec - 169.0 Commonwealth
Commonwealth,Week5,Sleepy Hollow Rec,Week4,228.0 Commonwealth - 174.0 Sleepy Hollow Rec
Country Club Hills,Week1,Cardinal Hill,Week4,273.0 Cardinal Hill - 129.0 Country Club Hills
Country Club Hills,Week2,Cardinal Hill,Week2,265.0 Cardinal Hill - 137.0 Country Club Hills
Country Club Hills,Week2,McLean,Week5,322.0 McLean - 80.0 Country Club Hills
Commonwealth,Week5,Sleepy Hollow Rec,Week2,230.0 Commonwealth - 172.0 Sleepy Hollow Rec
Cottontail,Week2,Pinecrest,Week4,307.0 Pinecrest - 95.0 Cottontail
Cottontail,Week2,Bren Mar-Edsall Park,Week5,348.0 Cottontail - 54.0 Bren Mar-Edsall Park
Cottontail,Week1,Bren Mar-Edsall Park,Week2,366.0 Cottontail - 36.0 Bren Mar-Edsall Park
Country Club Hills,Week5,Mantua,Week3,279.0 Mantua - 123.0 Country Club Hills
Country Club Hills,Week3,McLean,Week4,290.0 McLean - 112.0 Country Club Hills
Country Club Hills,Week2,Ilda Community,Week3,264.0 Country Club Hills - 138.0 Ilda Community
Country Club Hills,Week2,Cardinal Hill,Week3,296.0 Cardinal Hill - 106.0 Country Club Hills
Country Club Hills,Week3,Cardinal Hill,Week4,274.0 Cardinal Hill - 128.0 Country Club Hills
Country Club Hills,Week3,Cardinal Hill,Week5,282.0 Cardinal Hill - 120.0 Country Club Hills
Commonwealth,Week5,Sleepy Hollow Rec,Week5,210.0 Commonwealth - 192.0 Sleepy Hollow Rec
Cottontail,Week3,Bren Mar-Edsall Park,Week5,332.0 Cottontail - 70.0 Bren Mar-Edsall Park
Cottontail,Week1,Pinecrest,Week2,308.0 Pinecrest - 94.0 Cottontail
Cottontail,Week1,Bren Mar-Edsall Park,Week4,350.0 Cottontail - 52.0 Bren Mar-Edsall Park
Cottontail,Week2,Fairfax Station,Week5,296.0 Fairfax Station - 106.0 Cottontail
Country Club Hills,Week1,Kent Gardens,Week3,220.0 Kent Gardens - 182.0 Country Club Hills
Country Club Hills,Week3,McLean,Week2,310.0 McLean - 92.0 Country Club Hills
Cottontail,Week5,Sleepy Hollow B & R,Week1,210.0 Sleepy Hollow B & R - 192.0 Cottontail
Country Club Hills,Week2,Cardinal Hill,Week1,290.0 Cardinal Hill - 112.0 Country Club Hills
Cottontail,Week4,Fairfax Station,Week1,263.0 Fairfax Station - 139.0 Cottontail
Commonwealth,Week2,Sleepy Hollow Rec,Week1,238.0 Commonwealth - 164.0 Sleepy Hollow Rec
Commonwealth,Week2,Sleepy Hollow Rec,Week5,220.0 Commonwealth - 182.0 Sleepy Hollow Rec
Cottontail,Week3,Brandywine,Week1,227.0 Brandywine - 175.0 Cottontail
Cottontail,Week1,Sleepy Hollow Rec,Week5,248.0 Cottontail - 154.0 Sleepy Hollow Rec
Cottontail,Week2,Sleepy Hollow Rec,Week1,244.0 Cottontail - 158.0 Sleepy Hollow Rec
Cottontail,Week3,Pinecrest,Week1,281.0 Pinecrest - 121.0 Cottontail
Cottontail,Week3,Pinecrest,Week2,310.5 Pinecrest - 91.5 Cottontail
Country Club Hills,Week3,Kent Gardens,Week4,235.0 Kent Gardens - 167.0 Country Club Hills
Country Club Hills,Week3,McLean,Week3,315.0 McLean - 87.0 Country Club Hills
Cottontail,Week1,Fairfax Station,Week2,266.0 Fairfax Station - 136.0 Cottontail
Country Club Hills,Week1,Mosby Woods,Week3,285.0 Mosby Woods - 117.0 Country Club Hills
Commonwealth,Week5,Sleepy Hollow Rec,Week3,208.0 Commonwealth - 194.0 Sleepy Hollow Rec
Cottontail,Week4,Bren Mar-Edsall Park,Week2,352.0 Cottontail - 50.0 Bren Mar-Edsall Park
Cottontail,Week5,Fairfax Station,Week1,269.0 Fairfax Station - 133.0 Cottontail
Cottontail,Week3,Pinecrest,Week5,310.0 Pinecrest - 92.0 Cottontail
Cottontail,Week3,Fairfax Station,Week4,275.0 Fairfax Station - 127.0 Cottontail
Commonwealth,Week4,Sleepy Hollow Rec,Week2,218.0 Commonwealth - 184.0 Sleepy Hollow Rec
Cottontail,Week3,Sleepy Hollow B & R,Week3,241.0 Sleepy Hollow B & R - 161.0 Cottontail
Country Club Hills,Week4,Ilda Community,Week5,255.0 Country Club Hills - 147.0 Ilda Community
Cottontail,Week5,Parliament,Week1,228.5 Parliament - 173.5 Cottontail
Cottontail,Week2,Sleepy Hollow Rec,Week2,242.0 Cottontail - 160.0 Sleepy Hollow Rec
Country Club Hills,Week3,McLean,Week5,322.5 McLean - 79.5 Country Club Hills
Country Club Hills,Week2,Cardinal Hill,Week4,280.0 Cardinal Hill - 122.0 Country Club Hills
Country Club Hills,Week1,Cardinal Hill,Week1,285.5 Cardinal Hill - 116.5 Country Club Hills
Commonwealth,Week3,Sleepy Hollow Rec,Week2,230.5 Commonwealth - 170.5 Sleepy Hollow Rec
Cottontail,Week3,Brandywine,Week3,234.0 Brandywine - 168.0 Cottontail
Country Club Hills,Week4,Ilda Community,Week1,250.0 Country Club Hills - 152.0 Ilda Community
Cottontail,Week4,Fairfax Station,Week4,264.0 Fairfax Station - 138.0 Cottontail
Country Club Hills,Week4,Cardinal Hill,Week4,283.0 Cardinal Hill - 119.0 Country Club Hills
Cottontail,Week4,Brandywine,Week1,227.0 Brandywine - 175.0 Cottontail
Cottontail,Week1,Pinecrest,Week1,276.0 Pinecrest - 126.0 Cottontail
Country Club Hills,Week4,McLean,Week1,312.0 McLean - 90.0 Country Club Hills
Country Club Hills,Week2,Ilda Community,Week5,254.0 Country Club Hills - 147.0 Ilda Community
Cottontail,Week3,Pinecrest,Week4,323.0 Pinecrest - 79.0 Cottontail
Cottontail,Week3,Brandywine,Week2,225.0 Brandywine - 177.0 Cottontail
Cottontail,Week2,Brandywine,Week4,261.0 Brandywine - 141.0 Cottontail
Cottontail,Week4,Fairfax Station,Week5,294.0 Fairfax Station - 108.0 Cottontail
Country Club Hills,Week1,Mosby Woods,Week5,283.0 Mosby Woods - 119.0 Country Club Hills
Country Club Hills,Week4,Ilda Community,Week2,252.0 Country Club Hills - 150.0 Ilda Community
Cottontail,Week3,Sleepy Hollow Rec,Week2,231.0 Cottontail - 171.0 Sleepy Hollow Rec
Country Club Hills,Week4,Cardinal Hill,Week3,296.0 Cardinal Hill - 106.0 Country Club Hills
Country Club Hills,Week5,McLean,Week5,299.0 McLean - 103.0 Country Club Hills
Cottontail,Week3,Fairfax Station,Week5,302.0 Fairfax Station - 100.0 Cottontail
Commonwealth,Week3,Sleepy Hollow Rec,Week1,230.5 Commonwealth - 171.5 Sleepy Hollow Rec
Cottontail,Week1,Pinecrest,Week3,298.0 Pinecrest - 104.0 Cottontail
Country Club Hills,Week4,Cardinal Hill,Week5,280.0 Cardinal Hill - 122.0 Country Club Hills
Commonwealth,Week4,Sleepy Hollow Rec,Week5,201.0 Commonwealth - 201.0 Sleepy Hollow Rec
Country Club Hills,Week4,Ilda Community,Week4,232.0 Country Club Hills - 170.0 Ilda Community
Cottontail,Week3,Sleepy Hollow Rec,Week3,214.0 Cottontail - 188.0 Sleepy Hollow Rec
Cottontail,Week3,Sleepy Hollow Rec,Week1,233.0 Cottontail - 169.0 Sleepy Hollow Rec
Commonwealth,Week2,Sleepy Hollow Rec,Week4,244.0 Commonwealth - 158.0 Sleepy Hollow Rec
Country Club Hills,Week5,Cardinal Hill,Week1,277.0 Cardinal Hill - 125.0 Country Club Hills
Country Club Hills,Week1,Kent Gardens,Week1,238.0 Kent Gardens - 164.0 Country Club Hills
Cottontail,Week5,Fairfax Station,Week2,263.0 Fairfax Station - 139.0 Cottontail
Cottontail,Week3,Somerset-Olde Creek,Week3,296.0 Cottontail - 106.0 Somerset-Olde Creek
Country Club Hills,Week4,McLean,Week2,310.0 McLean - 92.0 Country Club Hills
Cottontail,Week3,Sleepy Hollow Rec,Week4,248.0 Cottontail - 154.0 Sleepy Hollow Rec
Cottontail,Week5,Fairfax Station,Week4,267.0 Fairfax Station - 135.0 Cottontail
Country Club Hills,Week2,Kent Gardens,Week1,252.0 Kent Gardens - 150.0 Country Club Hills
Country Club Hills,Week5,Cardinal Hill,Week3,289.0 Cardinal Hill - 113.0 Country Club Hills
Cottontail,Week4,Brandywine,Week2,226.0 Brandywine - 176.0 Cottontail
Cottontail,Week5,Parliament,Week2,202.0 Cottontail - 200.0 Parliament
Country Club Hills,Week5,McLean,Week3,309.0 McLean - 93.0 Country Club Hills
Country Club Hills,Week1,Kent Gardens,Week2,214.0 Kent Gardens - 188.0 Country Club Hills
Cottontail,Week1,Somerset-Olde Creek,Week2,314.0 Cottontail - 88.0 Somerset-Olde Creek
Country Club Hills,Week5,Ilda Community,Week4,259.0 Country Club Hills - 143.0 Ilda Community
Cottontail,Week5,Fairfax Station,Week3,290.0 Fairfax Station - 112.0 Cottontail
Cottontail,Week2,Pinecrest,Week2,308.0 Pinecrest - 94.0 Cottontail
Country Club Hills,Week5,Canterbury Woods,Week5,222.0 Country Club Hills - 179.0 Canterbury Woods
Cottontail,Week3,Somerset-Olde Creek,Week1,291.0 Cottontail - 110.0 Somerset-Olde Creek
Country Club Hills,Week4,Mosby Woods,Week3,295.0 Mosby Woods - 107.0 Country Club Hills
Cottontail,Week3,Brandywine,Week4,243.5 Brandywine - 158.5 Cottontail
Cottontail,Week4,Brandywine,Week3,233.0 Brandywine - 163.0 Cottontail
Cottontail,Week5,Fairfax Station,Week5,288.0 Fairfax Station - 114.0 Cottontail
Cottontail,Week4,Parliament,Week5,213.0 Parliament - 189.0 Cottontail
Cottontail,Week1,Bren Mar-Edsall Park,Week1,362.0 Cottontail - 40.0 Bren Mar-Edsall Park
Cottontail,Week4,Pinecrest,Week1,276.0 Pinecrest - 126.0 Cottontail
Commonwealth,Week1,Sleepy Hollow Rec,Week3,239.0 Sleepy Hollow Rec - 163.0 Commonwealth
Commonwealth,Week5,Sleepy Hollow B & R,Week5,283.0 Sleepy Hollow B & R - 119.0 Commonwealth
Country Club Hills,Week3,Kent Gardens,Week3,221.5 Kent Gardens - 180.5 Country Club Hills
Cottontail,Week3,Fairfax Station,Week2,275.0 Fairfax Station - 127.0 Cottontail
Cottontail,Week2,Bren Mar-Edsall Park,Week2,361.0 Cottontail - 41.0 Bren Mar-Edsall Park
Country Club Hills,Week4,McLean,Week3,317.0 McLean - 85.0 Country Club Hills
Country Club Hills,Week5,Cardinal Hill,Week2,257.0 Cardinal Hill - 145.0 Country Club Hills
Commonwealth,Week1,Sleepy Hollow Rec,Week4,222.0 Sleepy Hollow Rec - 180.0 Commonwealth
Cottontail,Week2,Pinecrest,Week1,293.0 Pinecrest - 109.0 Cottontail
Cottontail,Week1,Forest Hollow,Week2,214.0 Forest Hollow - 188.0 Cottontail
Cottontail,Week4,Somerset-Olde Creek,Week2,299.0 Cottontail - 103.0 Somerset-Olde Creek
Cottontail,Week3,Somerset-Olde Creek,Week5,276.0 Cottontail - 126.0 Somerset-Olde Creek
Cottontail,Week1,Forest Hollow,Week1,225.0 Forest Hollow - 177.0 Cottontail
Commonwealth,Week3,Sleepy Hollow Rec,Week4,243.0 Commonwealth - 158.0 Sleepy Hollow Rec
Country Club Hills,Week5,Chesterbrook,Week4,371.0 Chesterbrook - 31.0 Country Club Hills
Cottontail,Week3,Brandywine,Week5,255.0 Brandywine - 147.0 Cottontail
Country Club Hills,Week2,Mosby Woods,Week3,291.0 Mosby Woods - 111.0 Country Club Hills
Country Club Hills,Week1,Kings Ridge ,Week1,264.0 Country Club Hills - 138.0 Kings Ridge
Country Club Hills,Week5,Ilda Community,Week1,284.0 Country Club Hills - 117.0 Ilda Community
Country Club Hills,Week5,Mosby Woods,Week5,268.0 Mosby Woods - 134.0 Country Club Hills
Country Club Hills,Week3,Ilda Community,Week5,250.0 Country Club Hills - 152.0 Ilda Community
Cottontail,Week5,Parliament,Week3,204.0 Cottontail - 198.0 Parliament
Cottontail,Week4,Somerset-Olde Creek,Week5,265.0 Cottontail - 137.0 Somerset-Olde Creek
Commonwealth,Week3,Sleepy Hollow Rec,Week5,211.0 Commonwealth - 190.0 Sleepy Hollow Rec
Country Club Hills,Week2,Mosby Woods,Week5,294.0 Mosby Woods - 108.0 Country Club Hills
Cottontail,Week1,Bren Mar-Edsall Park,Week3,359.0 Cottontail - 43.0 Bren Mar-Edsall Park
Cottontail,Week4,Pinecrest,Week4,306.0 Pinecrest - 96.0 Cottontail
Cottontail,Week4,Pinecrest,Week2,297.0 Pinecrest - 105.0 Cottontail
Country Club Hills,Week3,Chesterbrook,Week2,365.0 Chesterbrook - 37.0 Country Club Hills
Country Club Hills,Week1,Commonwealth,Week1,239.0 Country Club Hills - 163.0 Commonwealth
Commonwealth,Week2,Sleepy Hollow Rec,Week3,209.0 Commonwealth - 193.0 Sleepy Hollow Rec
Cottontail,Week5,Brandywine,Week1,203.0 Brandywine - 199.0 Cottontail
Cottontail,Week1,Forest Hollow,Week3,231.0 Forest Hollow - 171.0 Cottontail
Cottontail,Week2,Bren Mar-Edsall Park,Week3,352.0 Cottontail - 50.0 Bren Mar-Edsall Park
Commonwealth,Week3,Sleepy Hollow Rec,Week3,212.0 Commonwealth - 190.0 Sleepy Hollow Rec
Cottontail,Week4,Brandywine,Week5,258.0 Brandywine - 144.0 Cottontail
Country Club Hills,Week5,Mosby Woods,Week4,253.0 Mosby Woods - 149.0 Country Club Hills
Country Club Hills,Week2,Chesterbrook,Week4,372.5 Chesterbrook - 29.5 Country Club Hills
Country Club Hills,Week2,Ilda Community,Week4,242.0 Country Club Hills - 160.0 Ilda Community
Cottontail,Week5,Brandywine,Week4,233.0 Brandywine - 169.0 Cottontail
Country Club Hills,Week3,Mosby Woods,Week4,289.0 Mosby Woods - 113.0 Country Club Hills
Commonwealth,Week2,Sleepy Hollow Rec,Week2,238.0 Commonwealth - 164.0 Sleepy Hollow Rec
Country Club Hills,Week5,Ilda Community,Week5,277.0 Country Club Hills - 124.0 Ilda Community
Cottontail,Week2,Forest Hollow,Week2,229.0 Forest Hollow - 173.0 Cottontail
Cottontail,Week5,Brandywine,Week3,221.0 Brandywine - 180.0 Cottontail
Cottontail,Week2,Forest Hollow,Week3,247.0 Forest Hollow - 155.0 Cottontail
Cottontail,Week1,Somerset-Olde Creek,Week4,303.5 Cottontail - 98.5 Somerset-Olde Creek
Cottontail,Week5,Somerset-Olde Creek,Week2,320.0 Cottontail - 82.0 Somerset-Olde Creek
Cottontail,Week4,Pinewood Lake,Week4,349.0 Cottontail - 48.0 Pinewood Lake
Cottontail,Week5,Sleepy Hollow Rec,Week4,267.0 Cottontail - 135.0 Sleepy Hollow Rec
Country Club Hills,Week3,Chesterbrook,Week4,367.0 Chesterbrook - 35.0 Country Club Hills
Country Club Hills,Week5,Cardinal Hill,Week4,256.5 Cardinal Hill - 145.5 Country Club Hills
Cottontail,Week4,Fairfax Station,Week2,262.0 Fairfax Station - 140.0 Cottontail
Commonwealth,Week1,Sleepy Hollow Rec,Week1,208.0 Sleepy Hollow Rec - 194.0 Commonwealth
Cottontail,Week2,Forest Hollow,Week4,246.0 Forest Hollow - 156.0 Cottontail
Country Club Hills,Week1,Mount Vernon Park,Week4,287.0 Mount Vernon Park - 115.0 Country Club Hills
Cottontail,Week5,Sleepy Hollow Rec,Week3,231.0 Cottontail - 171.0 Sleepy Hollow Rec
Country Club Hills,Week5,McLean,Week4,289.0 McLean - 113.0 Country Club Hills
Country Club Hills,Week2,Mosby Woods,Week1,302.0 Mosby Woods - 100.0 Country Club Hills
Cottontail,Week4,Brandywine,Week4,251.0 Brandywine - 151.0 Cottontail
Cottontail,Week2,Somerset-Olde Creek,Week2,309.0 Cottontail - 93.0 Somerset-Olde Creek
Cottontail,Week2,Pinewood Lake,Week2,347.0 Cottontail - 55.0 Pinewood Lake
Cottontail,Week3,Sleepy Hollow Rec,Week5,218.0 Cottontail - 184.0 Sleepy Hollow Rec
Country Club Hills,Week3,Ilda Community,Week4,235.0 Country Club Hills - 167.0 Ilda Community
Cottontail,Week5,Pinecrest,Week2,295.0 Pinecrest - 107.0 Cottontail
Cottontail,Week5,Pinecrest,Week1,285.0 Pinecrest - 117.0 Cottontail
Country Club Hills,Week1,Chesterbrook,Week3,375.0 Chesterbrook - 27.0 Country Club Hills
Country Club Hills,Week1,Mosby Woods,Week4,277.0 Mosby Woods - 125.0 Country Club Hills
Cottontail,Week2,Pinewood Lake,Week3,354.0 Cottontail - 47.0 Pinewood Lake
Country Club Hills,Week3,Ilda Community,Week1,256.0 Country Club Hills - 146.0 Ilda Community
Country Club Hills,Week2,Kent Gardens,Week4,234.0 Kent Gardens - 168.0 Country Club Hills
Cottontail,Week1,Forest Hollow,Week5,251.0 Forest Hollow - 151.0 Cottontail
Country Club Hills,Week1,Chesterbrook,Week1,353.0 Chesterbrook - 49.0 Country Club Hills
Cottontail,Week3,Bren Mar-Edsall Park,Week1,344.0 Cottontail - 58.0 Bren Mar-Edsall Park
Cottontail,Week3,Forest Hollow,Week3,249.0 Forest Hollow - 153.0 Cottontail
Cottontail,Week3,Forest Hollow,Week2,250.0 Forest Hollow - 152.0 Cottontail
Cottontail,Week1,Bren Mar-Edsall Park,Week5,346.0 Cottontail - 56.0 Bren Mar-Edsall Park
Cottontail,Week3,Forest Hollow,Week4,261.5 Forest Hollow - 140.5 Cottontail
Country Club Hills,Week3,Mosby Woods,Week5,282.0 Mosby Woods - 120.0 Country Club Hills
Country Club Hills,Week2,Mosby Woods,Week2,298.0 Mosby Woods - 104.0 Country Club Hills
Cottontail,Week4,Sleepy Hollow Rec,Week5,231.0 Cottontail - 171.0 Sleepy Hollow Rec
Country Club Hills,Week2,Chesterbrook,Week5,368.0 Chesterbrook - 34.0 Country Club Hills
Country Club Hills,Week2,Chesterbrook,Week3,378.0 Chesterbrook - 24.0 Country Club Hills
Cottontail,Week3,Forest Hollow,Week1,240.0 Forest Hollow - 162.0 Cottontail
Country Club Hills,Week1,Kent Gardens,Week4,222.0 Kent Gardens - 180.0 Country Club Hills
Cottontail,Week5,Brandywine,Week5,250.0 Brandywine - 152.0 Cottontail
Cottontail,Week2,Bren Mar-Edsall Park,Week4,347.0 Cottontail - 55.0 Bren Mar-Edsall Park
Cottontail,Week2,Forest Hollow,Week5,255.0 Forest Hollow - 147.0 Cottontail
Country Club Hills,Week2,Mosby Woods,Week4,279.0 Mosby Woods - 123.0 Country Club Hills
Cottontail,Week2,Bren Mar-Edsall Park,Week1,358.0 Cottontail - 44.0 Bren Mar-Edsall Park
Country Club Hills,Week2,Kent Gardens,Week2,217.0 Kent Gardens - 185.0 Country Club Hills
Cottontail,Week4,Pinewood Lake,Week2,346.0 Cottontail - 51.0 Pinewood Lake
Country Club Hills,Week2,Kent Gardens,Week3,229.0 Kent Gardens - 173.0 Country Club Hills
Country Club Hills,Week5,Ilda Community,Week2,293.0 Country Club Hills - 109.0 Ilda Community
Country Club Hills,Week4,Chesterbrook,Week2,365.0 Chesterbrook - 37.0 Country Club Hills
Cottontail,Week2,Somerset-Olde Creek,Week3,308.0 Cottontail - 94.0 Somerset-Olde Creek
Country Club Hills,Week4,Ilda Community,Week3,248.0 Country Club Hills - 154.0 Ilda Community
Cottontail,Week5,Sleepy Hollow Rec,Week2,255.0 Cottontail - 147.0 Sleepy Hollow Rec
Country Club Hills,Week3,Chesterbrook,Week1,350.0 Chesterbrook - 52.0 Country Club Hills
Cottontail,Week2,Pinewood Lake,Week1,350.0 Cottontail - 52.0 Pinewood Lake
Cottontail,Week2,Pinewood Lake,Week4,352.0 Cottontail - 49.0 Pinewood Lake
Cottontail,Week5,Sleepy Hollow Rec,Week5,237.0 Cottontail - 165.0 Sleepy Hollow Rec
Cottontail,Week3,Pinewood Lake,Week5,338.0 Cottontail - 63.0 Pinewood Lake
Country Club Hills,Week2,Chesterbrook,Week1,355.5 Chesterbrook - 46.5 Country Club Hills
Cottontail,Week1,Somerset-Olde Creek,Week5,279.0 Cottontail - 123.0 Somerset-Olde Creek
Cottontail,Week5,Pinewood Lake,Week2,360.0 Cottontail - 42.0 Pinewood Lake
Country Club Hills,Week1,Mosby Woods,Week2,283.0 Mosby Woods - 119.0 Country Club Hills
Country Club Hills,Week4,Mosby Woods,Week1,289.0 Mosby Woods - 113.0 Country Club Hills
Country Club Hills,Week3,Chesterbrook,Week5,370.0 Chesterbrook - 32.0 Country Club Hills
Cottontail,Week3,Forest Hollow,Week5,270.0 Forest Hollow - 132.0 Cottontail
Cottontail,Week3,Pinewood Lake,Week4,346.0 Cottontail - 55.0 Pinewood Lake
Cottontail,Week4,Forest Hollow,Week5,257.0 Forest Hollow - 145.0 Cottontail
Cottontail,Week1,Pleasant Valley,Week3,295.0 Cottontail - 107.0 Pleasant Valley
Country Club Hills,Week1,Chesterbrook,Week5,371.0 Chesterbrook - 31.0 Country Club Hills
Cottontail,Week2,Fox Hunt,Week3,236.0 Fox Hunt - 166.0 Cottontail
Country Club Hills,Week4,Chesterbrook,Week4,370.0 Chesterbrook - 32.0 Country Club Hills
Cottontail,Week4,Bren Mar-Edsall Park,Week1,352.0 Cottontail - 50.0 Bren Mar-Edsall Park
Country Club Hills,Week5,McLean,Week1,283.0 McLean - 119.0 Country Club Hills
Cottontail,Week4,Sleepy Hollow Rec,Week3,220.0 Cottontail - 182.0 Sleepy Hollow Rec
Country Club Hills,Week1,Chesterbrook,Week4,365.0 Chesterbrook - 37.0 Country Club Hills
Cottontail,Week3,Bren Mar-Edsall Park,Week3,347.0 Cottontail - 55.0 Bren Mar-Edsall Park
Country Club Hills,Week3,Kent Gardens,Week1,238.0 Kent Gardens - 164.0 Country Club Hills
Cottontail,Week4,Sleepy Hollow Rec,Week4,254.0 Cottontail - 148.0 Sleepy Hollow Rec
Cottontail,Week4,Sleepy Hollow Rec,Week2,241.0 Cottontail - 161.0 Sleepy Hollow Rec
Country Club Hills,Week4,Mosby Woods,Week2,289.0 Mosby Woods - 113.0 Country Club Hills
Cottontail,Week5,Pinecrest,Week5,288.0 Pinecrest - 114.0 Cottontail
Cottontail,Week3,Bren Mar-Edsall Park,Week2,349.0 Cottontail - 53.0 Bren Mar-Edsall Park
Country Club Hills,Week3,Kent Gardens,Week5,268.0 Kent Gardens - 134.0 Country Club Hills
Country Club Hills,Week4,Mosby Woods,Week4,286.0 Mosby Woods - 116.0 Country Club Hills
Cottontail,Week1,Fox Hunt,Week3,228.5 Fox Hunt - 173.5 Cottontail
Country Club Hills,Week3,Kent Gardens,Week2,216.0 Kent Gardens - 186.0 Country Club Hills
Country Club Hills,Week2,Kent Gardens,Week5,274.0 Kent Gardens - 128.0 Country Club Hills
Cottontail,Week3,Bren Mar-Edsall Park,Week4,344.0 Cottontail - 58.0 Bren Mar-Edsall Park
Cottontail,Week1,Somerset-Olde Creek,Week3,315.0 Cottontail - 87.0 Somerset-Olde Creek
Country Club Hills,Week5,McLean,Week2,284.0 McLean - 118.0 Country Club Hills
Cottontail,Week5,Pinecrest,Week4,298.0 Pinecrest - 104.0 Cottontail
Cottontail,Week4,Forest Hollow,Week4,253.0 Forest Hollow - 149.0 Cottontail
Cottontail,Week4,Pinewood Lake,Week1,339.0 Cottontail - 58.0 Pinewood Lake
Cottontail,Week4,Forest Hollow,Week3,245.0 Forest Hollow - 157.0 Cottontail
Country Club Hills,Week4,Chesterbrook,Week1,353.0 Chesterbrook - 49.0 Country Club Hills
Country Club Hills,Week4,Kent Gardens,Week5,260.0 Kent Gardens - 142.0 Country Club Hills
Cottontail,Week4,Bren Mar-Edsall Park,Week4,343.0 Cottontail - 59.0 Bren Mar-Edsall Park
Country Club Hills,Week3,Mosby Woods,Week1,293.0 Mosby Woods - 109.0 Country Club Hills
Country Club Hills,Week3,Mosby Woods,Week2,289.0 Mosby Woods - 113.0 Country Club Hills
Cottontail,Week5,Bren Mar-Edsall Park,Week3,370.0 Cottontail - 32.0 Bren Mar-Edsall Park
Country Club Hills,Week1,Chesterbrook,Week2,364.0 Chesterbrook - 38.0 Country Club Hills
Cottontail,Week1,Somerset-Olde Creek,Week1,305.0 Cottontail - 97.0 Somerset-Olde Creek
Cottontail,Week1,Pleasant Valley,Week4,323.0 Cottontail - 79.0 Pleasant Valley
Country Club Hills,Week4,Kent Gardens,Week1,247.0 Kent Gardens - 155.0 Country Club Hills
Country Club Hills,Week4,Kent Gardens,Week4,228.0 Kent Gardens - 174.0 Country Club Hills
Country Club Hills,Week4,McLean,Week5,327.0 McLean - 75.0 Country Club Hills
Cottontail,Week5,Sleepy Hollow Rec,Week1,257.0 Cottontail - 145.0 Sleepy Hollow Rec
Cottontail,Week2,Somerset-Olde Creek,Week1,295.0 Cottontail - 107.0 Somerset-Olde Creek
Cottontail,Week4,Bren Mar-Edsall Park,Week5,335.0 Cottontail - 62.0 Bren Mar-Edsall Park
Cottontail,Week2,Fox Hunt,Week4,231.0 Fox Hunt - 171.0 Cottontail
Country Club Hills,Week4,Kent Gardens,Week2,222.0 Kent Gardens - 180.0 Country Club Hills
Country Club Hills,Week4,McLean,Week4,307.0 McLean - 95.0 Country Club Hills
Country Club Hills,Week5,Cardinal Hill,Week5,264.0 Cardinal Hill - 138.0 Country Club Hills
Country Club Hills,Week3,Chesterbrook,Week3,376.0 Chesterbrook - 26.0 Country Club Hills
Cottontail,Week3,Fox Hunt,Week3,236.0 Fox Hunt - 166.0 Cottontail
Country Club Hills,Week5,Kent Gardens,Week2,212.0 Country Club Hills - 190.0 Kent Gardens
Cottontail,Week4,Sleepy Hollow Rec,Week1,249.0 Cottontail - 153.0 Sleepy Hollow Rec
Country Club Hills,Week1,Mosby Woods,Week1,288.0 Mosby Woods - 114.0 Country Club Hills
Cottontail,Week1,Pinewood Lake,Week4,358.0 Cottontail - 43.0 Pinewood Lake
Country Club Hills,Week5,Chesterbrook,Week1,341.0 Chesterbrook - 61.0 Country Club Hills
Cottontail,Week4,Forest Hollow,Week2,227.0 Forest Hollow - 175.0 Cottontail
Cottontail,Week4,Pinewood Lake,Week3,353.0 Cottontail - 44.0 Pinewood Lake
Cottontail,Week2,Pinewood Lake,Week5,354.0 Cottontail - 47.0 Pinewood Lake
Cottontail,Week5,Bren Mar-Edsall Park,Week2,372.0 Cottontail - 30.0 Bren Mar-Edsall Park
Country Club Hills,Week4,Chesterbrook,Week5,371.0 Chesterbrook - 31.0 Country Club Hills
Cottontail,Week2,Somerset-Olde Creek,Week4,294.0 Cottontail - 108.0 Somerset-Olde Creek
Cottontail,Week5,Bren Mar-Edsall Park,Week1,367.0 Cottontail - 35.0 Bren Mar-Edsall Park
Cottontail,Week4,Bren Mar-Edsall Park,Week3,343.0 Cottontail - 54.0 Bren Mar-Edsall Park
Country Club Hills,Week5,Kent Gardens,Week5,251.0 Kent Gardens - 151.0 Country Club Hills
Cottontail,Week5,Forest Hollow,Week3,230.0 Forest Hollow - 172.0 Cottontail
Cottontail,Week3,Pinewood Lake,Week1,346.0 Cottontail - 54.0 Pinewood Lake
Cottontail,Week5,Forest Hollow,Week1,221.0 Forest Hollow - 181.0 Cottontail
Cottontail,Week4,Somerset-Olde Creek,Week3,299.0 Cottontail - 98.0 Somerset-Olde Creek
Cottontail,Week5,Bren Mar-Edsall Park,Week5,358.0 Cottontail - 44.0 Bren Mar-Edsall Park
Country Club Hills,Week4,Mosby Woods,Week5,289.5 Mosby Woods - 112.5 Country Club Hills
Cottontail,Week1,Pinewood Lake,Week1,356.0 Cottontail - 45.0 Pinewood Lake
Country Club Hills,Week5,Kent Gardens,Week3,202.0 Country Club Hills - 200.0 Kent Gardens
Country Club Hills,Week3,Mosby Woods,Week3,278.0 Mosby Woods - 124.0 Country Club Hills
Cottontail,Week3,Somerset-Olde Creek,Week4,285.0 Cottontail - 117.0 Somerset-Olde Creek
Cottontail,Week1,Pinewood Lake,Week3,360.0 Cottontail - 41.0 Pinewood Lake
Cottontail,Week1,Fox Hunt,Week1,214.0 Fox Hunt - 188.0 Cottontail
Country Club Hills,Week5,Kent Gardens,Week4,203.0 Country Club Hills - 199.0 Kent Gardens
Country Club Hills,Week5,Mosby Woods,Week3,266.0 Mosby Woods - 136.0 Country Club Hills
Cottontail,Week3,Somerset-Olde Creek,Week2,302.0 Cottontail - 100.0 Somerset-Olde Creek
Country Club Hills,Week2,Chesterbrook,Week2,367.0 Chesterbrook - 35.0 Country Club Hills
Country Club Hills,Week4,Kent Gardens,Week3,224.0 Kent Gardens - 178.0 Country Club Hills
Country Club Hills,Week4,Chesterbrook,Week3,380.0 Chesterbrook - 22.0 Country Club Hills
Country Club Hills,Week5,Mosby Woods,Week1,271.0 Mosby Woods - 131.0 Country Club Hills
Country Club Hills,Week5,Chesterbrook,Week3,375.0 Chesterbrook - 27.0 Country Club Hills
Country Club Hills,Week5,Mosby Woods,Week2,275.0 Mosby Woods - 127.0 Country Club Hills
Cottontail,Week1,Brookfield ,Week1,219.0 Brookfield - 183.0 Cottontail
Cottontail,Week1,Fox Hunt,Week2,221.0 Fox Hunt - 181.0 Cottontail
Cottontail,Week2,Somerset-Olde Creek,Week5,279.0 Cottontail - 123.0 Somerset-Olde Creek
Country Club Hills,Week5,Chesterbrook,Week2,362.0 Chesterbrook - 40.0 Country Club Hills
Cottontail,Week4,Somerset-Olde Creek,Week1,291.0 Cottontail - 111.0 Somerset-Olde Creek
Cottontail,Week4,Forest Hollow,Week1,221.0 Forest Hollow - 181.0 Cottontail
Country Club Hills,Week2,Kings Ridge ,Week4,234.0 Country Club Hills - 168.0 Kings Ridge
Cottontail,Week1,Pleasant Valley,Week5,305.0 Cottontail - 97.0 Pleasant Valley
Country Club Hills,Week5,Chesterbrook,Week5,361.0 Chesterbrook - 41.0 Country Club Hills
Cottontail,Week5,Bren Mar-Edsall Park,Week4,362.0 Cottontail - 40.0 Bren Mar-Edsall Park
Cottontail,Week5,Forest Hollow,Week2,217.0 Forest Hollow - 185.0 Cottontail
Country Club Hills,Week5,Kent Gardens,Week1,223.0 Kent Gardens - 179.0 Country Club Hills
Cottontail,Week1,Pinewood Lake,Week5,354.0 Cottontail - 47.0 Pinewood Lake
Country Club Hills,Week2,Kings Ridge ,Week5,242.0 Country Club Hills - 160.0 Kings Ridge
Country Club Hills,Week1,Kings Ridge ,Week5,242.0 Country Club Hills - 160.0 Kings Ridge
Cottontail,Week4,Somerset-Olde Creek,Week4,290.0 Cottontail - 112.0 Somerset-Olde Creek
Country Club Hills,Week1,Cottontail,Week1,221.0 Cottontail - 181.0 Country Club Hills
Country Club Hills,Week1,Cottontail,Week4,204.0 Cottontail - 198.0 Country Club Hills
Country Club Hills,Week1,Mount Vernon Park,Week1,272.0 Mount Vernon Park - 130.0 Country Club Hills
Cottontail,Week5,Forest Hollow,Week5,250.0 Forest Hollow - 152.0 Cottontail
Cottontail,Week1,Pleasant Valley,Week1,322.0 Cottontail - 80.0 Pleasant Valley
Cottontail,Week3,Pinewood Lake,Week2,342.0 Cottontail - 59.0 Pinewood Lake
Country Club Hills,Week1,Mount Vernon Park,Week5,287.0 Mount Vernon Park - 115.0 Country Club Hills
Cottontail,Week1,Fox Hunt,Week4,219.0 Fox Hunt - 183.0 Cottontail
Country Club Hills,Week4,Commonwealth,Week2,205.0 Commonwealth - 197.0 Country Club Hills
Cottontail,Week2,South Run,Week2,213.0 Cottontail - 189.0 South Run
Country Club Hills,Week3,Kings Ridge ,Week1,271.0 Country Club Hills - 131.0 Kings Ridge
Cottontail,Week3,Pinewood Lake,Week3,350.0 Cottontail - 51.0 Pinewood Lake
Cottontail,Week1,Pinewood Lake,Week2,355.0 Cottontail - 46.0 Pinewood Lake
Cottontail,Week5,Pinewood Lake,Week1,360.0 Cottontail - 42.0 Pinewood Lake
Cottontail,Week5,Forest Hollow,Week4,241.0 Forest Hollow - 161.0 Cottontail
Cottontail,Week2,Fox Hunt,Week5,248.0 Fox Hunt - 154.0 Cottontail
Country Club Hills,Week3,Commonwealth,Week2,201.0 Commonwealth - 201.0 Country Club Hills
Country Club Hills,Week1,Mount Vernon Park,Week3,280.5 Mount Vernon Park - 121.5 Country Club Hills
Country Club Hills,Week1,Kings Ridge ,Week4,239.0 Country Club Hills - 163.0 Kings Ridge
Country Club Hills,Week1,Mount Vernon Park,Week2,273.0 Mount Vernon Park - 129.0 Country Club Hills
Cottontail,Week3,South Run,Week2,203.0 Cottontail - 199.0 South Run
Cottontail,Week5,Somerset-Olde Creek,Week1,305.0 Cottontail - 97.0 Somerset-Olde Creek
Country Club Hills,Week1,Newington Forest,Week4,229.0 Country Club Hills - 173.0 Newington Forest
Country Club Hills,Week3,Mount Vernon Park,Week3,290.0 Mount Vernon Park - 112.0 Country Club Hills
Country Club Hills,Week5,Commonwealth,Week3,253.0 Country Club Hills - 149.0 Commonwealth
Cottontail,Week5,South Run,Week1,212.0 Cottontail - 181.0 South Run
Country Club Hills,Week3,Commonwealth,Week5,209.0 Commonwealth - 193.0 Country Club Hills
Country Club Hills,Week2,Cottontail,Week2,213.0 Cottontail - 189.0 Country Club Hills
Cottontail,Week1,South Run,Week4,220.0 Cottontail - 182.0 South Run
Cottontail,Week3,Fox Hunt,Week2,221.0 Fox Hunt - 181.0 Cottontail
Cottontail,Week2,Fox Hunt,Week1,231.5 Fox Hunt - 170.5 Cottontail
Cottontail,Week4,South Run,Week2,206.0 Cottontail - 196.0 South Run
Cottontail,Week5,Somerset-Olde Creek,Week4,306.0 Cottontail - 96.0 Somerset-Olde Creek
Country Club Hills,Week3,Kings Ridge ,Week2,265.0 Country Club Hills - 137.0 Kings Ridge
Cottontail,Week5,Pleasant Valley,Week1,313.0 Cottontail - 88.0 Pleasant Valley
Country Club Hills,Week4,Mount Vernon Park,Week3,293.5 Mount Vernon Park - 108.5 Country Club Hills
Country Club Hills,Week3,Kings Ridge ,Week3,254.0 Country Club Hills - 148.0 Kings Ridge
Cottontail,Week5,Pinewood Lake,Week4,366.0 Cottontail - 36.0 Pinewood Lake
Country Club Hills,Week4,Mount Vernon Park,Week1,293.0 Mount Vernon Park - 109.0 Country Club Hills
Country Club Hills,Week4,Kings Ridge ,Week3,252.0 Country Club Hills - 150.0 Kings Ridge
Country Club Hills,Week5,Mount Vernon Park,Week5,288.0 Mount Vernon Park - 114.0 Country Club Hills
Country Club Hills,Week2,Mount Vernon Park,Week1,285.0 Mount Vernon Park - 117.0 Country Club Hills
Cottontail,Week1,South Run,Week5,225.0 South Run - 177.0 Cottontail
Cottontail,Week4,Pinewood Lake,Week5,340.0 Cottontail - 57.0 Pinewood Lake
Country Club Hills,Week1,Cottontail,Week2,212.0 Cottontail - 190.0 Country Club Hills
Country Club Hills,Week3,Mount Vernon Park,Week5,296.0 Mount Vernon Park - 106.0 Country Club Hills
Cottontail,Week5,Pinewood Lake,Week5,364.0 Cottontail - 38.0 Pinewood Lake
Country Club Hills,Week2,Kings Ridge ,Week2,266.0 Country Club Hills - 136.0 Kings Ridge
Country Club Hills,Week3,Kings Ridge ,Week5,244.0 Country Club Hills - 158.0 Kings Ridge
Cottontail,Week2,Fox Hunt,Week2,231.0 Fox Hunt - 171.0 Cottontail
Cottontail,Week1,Fox Hunt,Week5,233.0 Fox Hunt - 169.0 Cottontail
Cottontail,Week2,South Run,Week5,227.0 South Run - 175.0 Cottontail
Country Club Hills,Week3,Commonwealth,Week3,219.0 Country Club Hills - 183.0 Commonwealth
Cottontail,Week3,Fox Hunt,Week1,217.0 Fox Hunt - 185.0 Cottontail
Country Club Hills,Week1,Kings Ridge ,Week2,267.0 Country Club Hills - 135.0 Kings Ridge
Cottontail,Week1,Poplar Heights,Week4,243.0 Poplar Heights - 159.0 Cottontail
Cottontail,Week3,South Run,Week5,220.0 South Run - 182.0 Cottontail
Country Club Hills,Week2,Commonwealth,Week2,215.0 Commonwealth - 187.0 Country Club Hills
Cottontail,Week5,Pinewood Lake,Week3,366.0 Cottontail - 36.0 Pinewood Lake
Country Club Hills,Week1,Kings Ridge ,Week3,271.0 Country Club Hills - 131.0 Kings Ridge
Country Club Hills,Week2,Commonwealth,Week1,239.0 Country Club Hills - 163.0 Commonwealth
Cottontail,Week1,Pleasant Valley,Week2,318.0 Cottontail - 84.0 Pleasant Valley
Country Club Hills,Week3,Mount Vernon Park,Week1,285.5 Mount Vernon Park - 116.5 Country Club Hills
Country Club Hills,Week4,Kings Ridge ,Week1,262.0 Country Club Hills - 135.0 Kings Ridge
Cottontail,Week1,South Run,Week3,204.5 Cottontail - 197.5 South Run
Country Club Hills,Week2,Kings Ridge ,Week1,258.0 Country Club Hills - 144.0 Kings Ridge
Cottontail,Week1,Springboard,Week1,253.0 Cottontail - 149.0 Springboard
Cottontail,Week1,Poplar Heights,Week2,239.0 Poplar Heights - 163.0 Cottontail
Country Club Hills,Week1,Commonwealth,Week5,207.0 Commonwealth - 195.0 Country Club Hills
Cottontail,Week3,Poplar Heights,Week1,258.0 Poplar Heights - 144.0 Cottontail
Country Club Hills,Week3,Kings Ridge ,Week4,232.0 Country Club Hills - 170.0 Kings Ridge
Cottontail,Week5,Pleasant Valley,Week2,325.0 Cottontail - 76.0 Pleasant Valley
Country Club Hills,Week5,Mount Vernon Park,Week2,261.0 Mount Vernon Park - 141.0 Country Club Hills
Country Club Hills,Week1,Commonwealth,Week2,205.0 Commonwealth - 197.0 Country Club Hills
Country Club Hills,Week5,Mount Vernon Park,Week1,274.0 Mount Vernon Park - 128.0 Country Club Hills
Country Club Hills,Week4,Kings Ridge ,Week4,242.0 Country Club Hills - 160.0 Kings Ridge
Cottontail,Week2,Pleasant Valley,Week5,309.0 Cottontail - 93.0 Pleasant Valley
Country Club Hills,Week4,Mount Vernon Park,Week2,283.0 Mount Vernon Park - 119.0 Country Club Hills
Cottontail,Week5,Somerset-Olde Creek,Week5,284.0 Cottontail - 118.0 Somerset-Olde Creek
Country Club Hills,Week5,Kings Ridge ,Week1,292.0 Country Club Hills - 110.0 Kings Ridge
Cottontail,Week2,Pleasant Valley,Week3,287.0 Cottontail - 115.0 Pleasant Valley
Country Club Hills,Week2,Commonwealth,Week4,223.0 Country Club Hills - 179.0 Commonwealth
Cottontail,Week1,Poplar Heights,Week1,223.0 Poplar Heights - 179.0 Cottontail
Country Club Hills,Week2,Commonwealth,Week3,202.0 Commonwealth - 200.0 Country Club Hills
Cottontail,Week3,South Run,Week1,209.5 South Run - 183.5 Cottontail
Cottontail,Week3,Poplar Heights,Week3,252.0 Poplar Heights - 150.0 Cottontail
Country Club Hills,Week4,Kings Ridge ,Week5,242.0 Country Club Hills - 160.0 Kings Ridge
Country Club Hills,Week3,Mount Vernon Park,Week2,285.0 Mount Vernon Park - 117.0 Country Club Hills
Cottontail,Week5,South Run,Week5,210.0 South Run - 192.0 Cottontail
Country Club Hills,Week1,Commonwealth,Week3,211.0 Country Club Hills - 191.0 Commonwealth
Cottontail,Week1,Springboard,Week2,283.0 Cottontail - 119.0 Springboard
Country Club Hills,Week1,Commonwealth,Week4,226.0 Country Club Hills - 176.0 Commonwealth
Country Club Hills,Week2,Commonwealth,Week5,203.0 Country Club Hills - 199.0 Commonwealth
Cottontail,Week1,Springboard,Week3,256.0 Cottontail - 146.0 Springboard
Country Club Hills,Week5,Mount Vernon Park,Week3,275.0 Mount Vernon Park - 127.0 Country Club Hills
Country Club Hills,Week4,Mount Vernon Park,Week5,302.0 Mount Vernon Park - 100.0 Country Club Hills
Country Club Hills,Week2,Kings Ridge ,Week3,270.0 Country Club Hills - 131.0 Kings Ridge
Commonwealth,Week4,Somerset-Olde Creek,Week3,282.0 Commonwealth - 115.0 Somerset-Olde Creek
Commonwealth,Week3,Somerset-Olde Creek,Week3,288.0 Commonwealth - 105.0 Somerset-Olde Creek
Country Club Hills,Week1,Newington Forest,Week3,262.0 Country Club Hills - 140.0 Newington Forest
Country Club Hills,Week1,Lake Braddock,Week1,304.0 Country Club Hills - 98.0 Lake Braddock
Country Club Hills,Week5,Kings Ridge ,Week4,266.0 Country Club Hills - 136.0 Kings Ridge
Country Club Hills,Week2,Mount Vernon Park,Week4,299.0 Mount Vernon Park - 103.0 Country Club Hills
Country Club Hills,Week4,Commonwealth,Week4,228.0 Country Club Hills - 174.0 Commonwealth
Commonwealth,Week4,Somerset-Olde Creek,Week1,276.0 Commonwealth - 119.0 Somerset-Olde Creek
Country Club Hills,Week5,Mount Vernon Park,Week4,275.0 Mount Vernon Park - 127.0 Country Club Hills
Cottontail,Week1,South Run,Week1,209.0 South Run - 184.0 Cottontail
Cottontail,Week4,South Run,Week4,216.0 Cottontail - 186.0 South Run
Country Club Hills,Week4,Commonwealth,Week3,207.0 Country Club Hills - 195.0 Commonwealth
Country Club Hills,Week4,Lake Braddock,Week1,295.5 Country Club Hills - 106.5 Lake Braddock
Cottontail,Week2,Poplar Heights,Week5,266.0 Poplar Heights - 136.0 Cottontail
Cottontail,Week3,Pleasant Valley,Week4,322.0 Cottontail - 80.0 Pleasant Valley
Country Club Hills,Week1,Newington Forest,Week1,279.0 Country Club Hills - 123.0 Newington Forest
Country Club Hills,Week4,Kings Ridge ,Week2,262.0 Country Club Hills - 140.0 Kings Ridge
Country Club Hills,Week4,Commonwealth,Week1,256.0 Country Club Hills - 146.0 Commonwealth
Country Club Hills,Week1,Newington Forest,Week2,268.5 Country Club Hills - 133.5 Newington Forest
Cottontail,Week4,South Run,Week3,209.0 South Run - 193.0 Cottontail
Cottontail,Week1,South Run,Week2,215.0 Cottontail - 187.0 South Run
Country Club Hills,Week3,Commonwealth,Week4,226.0 Country Club Hills - 176.0 Commonwealth
Cottontail,Week4,South Run,Week1,208.0 South Run - 185.0 Cottontail
Cottontail,Week2,Pleasant Valley,Week1,320.0 Cottontail - 82.0 Pleasant Valley
Cottontail,Week3,Pleasant Valley,Week3,276.0 Cottontail - 126.0 Pleasant Valley
Cottontail,Week2,Pleasant Valley,Week2,325.0 Cottontail - 77.0 Pleasant Valley
Country Club Hills,Week1,Lakevale Estates,Week2,274.0 Lakevale Estates - 128.0 Country Club Hills
Cottontail,Week4,South Run,Week5,226.0 South Run - 176.0 Cottontail
Commonwealth,Week1,South Run,Week5,275.0 South Run - 126.0 Commonwealth
Commonwealth,Week1,Somerset-Olde Creek,Week1,241.0 Commonwealth - 139.0 Somerset-Olde Creek
Cottontail,Week2,South Run,Week1,201.0 South Run - 192.0 Cottontail
Cottontail,Week5,Pleasant Valley,Week3,302.0 Cottontail - 100.0 Pleasant Valley
Country Club Hills,Week5,Kings Ridge ,Week2,297.0 Country Club Hills - 105.0 Kings Ridge
Cottontail,Week3,Pleasant Valley,Week2,307.0 Cottontail - 95.0 Pleasant Valley
Cottontail,Week3,Pleasant Valley,Week1,307.0 Cottontail - 95.0 Pleasant Valley
Country Club Hills,Week5,Commonwealth,Week5,233.0 Country Club Hills - 169.0 Commonwealth
Cottontail,Week2,South Run,Week3,208.0 Cottontail - 194.0 South Run
Country Club Hills,Week1,Cottontail,Week3,213.0 Cottontail - 189.0 Country Club Hills
Cottontail,Week3,South Run,Week4,210.0 Cottontail - 192.0 South Run
Country Club Hills,Week3,Lake Braddock,Week5,252.0 Country Club Hills - 150.0 Lake Braddock
Cottontail,Week5,Pleasant Valley,Week4,328.0 Cottontail - 73.0 Pleasant Valley
Cottontail,Week3,Pleasant Valley,Week5,308.0 Cottontail - 94.0 Pleasant Valley
Country Club Hills,Week2,Mount Vernon Park,Week3,299.0 Mount Vernon Park - 103.0 Country Club Hills
Country Club Hills,Week4,Mount Vernon Park,Week4,289.0 Mount Vernon Park - 113.0 Country Club Hills
Country Club Hills,Week2,Mount Vernon Park,Week5,300.0 Mount Vernon Park - 102.0 Country Club Hills
Country Club Hills,Week5,Lake Braddock,Week5,284.0 Country Club Hills - 118.0 Lake Braddock
Country Club Hills,Week2,Lakevale Estates,Week2,287.0 Lakevale Estates - 115.0 Country Club Hills
Cottontail,Week5,Somerset-Olde Creek,Week3,316.5 Cottontail - 85.5 Somerset-Olde Creek
Cottontail,Week4,Pleasant Valley,Week3,276.0 Cottontail - 126.0 Pleasant Valley
Country Club Hills,Week5,Commonwealth,Week2,227.0 Country Club Hills - 175.0 Commonwealth
Country Club Hills,Week5,Commonwealth,Week4,250.5 Country Club Hills - 151.5 Commonwealth
Country Club Hills,Week5,Commonwealth,Week1,271.0 Country Club Hills - 131.0 Commonwealth
Country Club Hills,Week2,Mount Vernon Park,Week2,282.0 Mount Vernon Park - 120.0 Country Club Hills
Country Club Hills,Week3,Lake Braddock,Week4,274.0 Country Club Hills - 128.0 Lake Braddock
Commonwealth,Week2,South Run,Week5,239.0 South Run - 163.0 Commonwealth
Commonwealth,Week1,Somerset-Olde Creek,Week5,238.0 Commonwealth - 156.0 Somerset-Olde Creek
Country Club Hills,Week3,Commonwealth,Week1,246.0 Country Club Hills - 156.0 Commonwealth
Commonwealth,Week2,Somerset-Olde Creek,Week1,296.0 Commonwealth - 100.0 Somerset-Olde Creek
Country Club Hills,Week3,Mount Vernon Park,Week4,291.0 Mount Vernon Park - 111.0 Country Club Hills
Commonwealth,Week1,South Run,Week2,232.0 South Run - 150.0 Commonwealth
Commonwealth,Week3,Somerset-Olde Creek,Week1,295.0 Commonwealth - 97.0 Somerset-Olde Creek
Country Club Hills,Week1,Newington Forest,Week5,233.0 Country Club Hills - 169.0 Newington Forest
Country Club Hills,Week4,Commonwealth,Week5,202.0 Country Club Hills - 200.0 Commonwealth
Cottontail,Week5,South Run,Week3,218.0 Cottontail - 184.0 South Run
Country Club Hills,Week3,Lake Braddock,Week1,292.0 Country Club Hills - 110.0 Lake Braddock
Country Club Hills,Week1,Lake Braddock,Week3,278.0 Country Club Hills - 124.0 Lake Braddock
Cottontail,Week1,Springboard,Week5,249.0 Cottontail - 153.0 Springboard
Country Club Hills,Week5,Kings Ridge ,Week5,272.0 Country Club Hills - 130.0 Kings Ridge
Country Club Hills,Week2,Cottontail,Week5,232.0 Cottontail - 170.0 Country Club Hills
Cottontail,Week5,South Run,Week2,231.0 Cottontail - 171.0 South Run
Country Club Hills,Week3,Lake Braddock,Week2,274.0 Country Club Hills - 128.0 Lake Braddock
Country Club Hills,Week1,Cottontail,Week5,229.0 Cottontail - 173.0 Country Club Hills
Cottontail,Week4,Pleasant Valley,Week5,297.0 Cottontail - 105.0 Pleasant Valley
Cottontail,Week3,Springboard,Week4,231.0 Cottontail - 171.0 Springboard
Cottontail,Week4,Pleasant Valley,Week2,308.0 Cottontail - 93.0 Pleasant Valley
Country Club Hills,Week5,Newington Forest,Week5,247.0 Country Club Hills - 155.0 Newington Forest
Commonwealth,Week1,Somerset-Olde Creek,Week2,260.0 Commonwealth - 129.0 Somerset-Olde Creek
Commonwealth,Week3,Somerset-Olde Creek,Week2,299.0 Commonwealth - 96.0 Somerset-Olde Creek
Country Club Hills,Week5,Kings Ridge ,Week3,286.0 Country Club Hills - 115.0 Kings Ridge
Cottontail,Week4,Pleasant Valley,Week4,306.0 Cottontail - 90.0 Pleasant Valley
Country Club Hills,Week2,Lake Braddock,Week3,268.0 Country Club Hills - 134.0 Lake Braddock
Country Club Hills,Week3,Newington Forest,Week5,226.0 Country Club Hills - 176.0 Newington Forest
Country Club Hills,Week2,Cottontail,Week4,205.0 Cottontail - 197.0 Country Club Hills
Cottontail,Week2,South Run,Week4,222.0 Cottontail - 180.0 South Run
Country Club Hills,Week3,Cottontail,Week1,217.0 Cottontail - 185.0 Country Club Hills
Cottontail,Week2,Pleasant Valley,Week4,332.0 Cottontail - 70.0 Pleasant Valley
Country Club Hills,Week4,Newington Forest,Week1,281.0 Country Club Hills - 121.0 Newington Forest
Commonwealth,Week2,South Run,Week1,219.0 South Run - 174.0 Commonwealth
Cottontail,Week5,Pleasant Valley,Week5,313.0 Cottontail - 89.0 Pleasant Valley
Cottontail,Week4,Pleasant Valley,Week1,315.0 Cottontail - 86.0 Pleasant Valley
Country Club Hills,Week2,Lake Braddock,Week5,239.0 Country Club Hills - 163.0 Lake Braddock
Country Club Hills,Week1,North Springfield,Week1,280.0 Country Club Hills - 71.0 North Springfield
Cottontail,Week3,South Run,Week3,206.0 Cottontail - 196.0 South Run
Commonwealth,Week3,South Run,Week3,222.0 South Run - 179.0 Commonwealth
Country Club Hills,Week3,Newington Forest,Week1,265.0 Country Club Hills - 136.0 Newington Forest
Country Club Hills,Week2,Newington Forest,Week3,249.0 Country Club Hills - 153.0 Newington Forest
Cottontail,Week5,South Run,Week4,226.0 Cottontail - 176.0 South Run
Commonwealth,Week4,Somerset-Olde Creek,Week2,285.0 Commonwealth - 111.0 Somerset-Olde Creek
Country Club Hills,Week2,Cottontail,Week3,219.0 Cottontail - 183.0 Country Club Hills
Country Club Hills,Week2,Cottontail,Week1,226.0 Cottontail - 176.0 Country Club Hills
Country Club Hills,Week2,Lake Braddock,Week2,281.0 Country Club Hills - 121.0 Lake Braddock
Cottontail,Week1,Poplar Heights,Week3,239.0 Poplar Heights - 163.0 Cottontail
Country Club Hills,Week3,Cottontail,Week2,204.0 Country Club Hills - 198.0 Cottontail
Commonwealth,Week4,Somerset-Olde Creek,Week4,278.0 Commonwealth - 116.0 Somerset-Olde Creek
Country Club Hills,Week4,Lake Braddock,Week5,252.0 Country Club Hills - 150.0 Lake Braddock
Cottontail,Week2,Poplar Heights,Week1,252.5 Poplar Heights - 149.5 Cottontail
Cottontail,Week2,Wakefield Chapel,Week3,324.0 Wakefield Chapel - 78.0 Cottontail
Cottontail,Week2,Virginia Run,Week3,250.0 Virginia Run - 152.0 Cottontail
Cottontail,Week1,Springfield,Week1,348.0 Cottontail - 54.0 Springfield
Country Club Hills,Week3,North Springfield,Week2,282.0 Country Club Hills - 106.0 North Springfield
Country Club Hills,Week3,Newington Forest,Week3,247.0 Country Club Hills - 155.0 Newington Forest
Commonwealth,Week5,Somerset-Olde Creek,Week4,293.0 Commonwealth - 108.0 Somerset-Olde Creek
Commonwealth,Week1,Somerset-Olde Creek,Week4,260.0 Commonwealth - 134.0 Somerset-Olde Creek
Country Club Hills,Week5,Lake Braddock,Week1,314.0 Country Club Hills - 88.0 Lake Braddock
Country Club Hills,Week4,Newington Forest,Week4,236.0 Country Club Hills - 166.0 Newington Forest
Cottontail,Week3,Virginia Run,Week5,298.0 Virginia Run - 104.0 Cottontail
Commonwealth,Week1,Somerset-Olde Creek,Week3,255.0 Commonwealth - 134.0 Somerset-Olde Creek
Cottontail,Week1,Springfield,Week4,339.0 Cottontail - 63.0 Springfield
Country Club Hills,Week2,Lake Braddock,Week1,298.0 Country Club Hills - 104.0 Lake Braddock
Country Club Hills,Week4,Newington Forest,Week5,223.0 Country Club Hills - 174.0 Newington Forest
Cottontail,Week1,Poplar Heights,Week5,244.0 Poplar Heights - 158.0 Cottontail
Commonwealth,Week4,Somerset-Olde Creek,Week5,256.0 Commonwealth - 142.0 Somerset-Olde Creek
Cottontail,Week2,Springboard,Week1,255.0 Cottontail - 147.0 Springboard
Cottontail,Week2,Poplar Heights,Week2,254.0 Poplar Heights - 148.0 Cottontail
Cottontail,Week3,Springboard,Week2,255.0 Cottontail - 147.0 Springboard
Country Club Hills,Week5,Newington Forest,Week2,287.0 Country Club Hills - 114.0 Newington Forest
Cottontail,Week5,Virginia Run,Week4,248.0 Virginia Run - 154.0 Cottontail
Commonwealth,Week2,Somerset-Olde Creek,Week5,278.0 Commonwealth - 121.0 Somerset-Olde Creek
Country Club Hills,Week4,Lake Braddock,Week4,272.0 Country Club Hills - 130.0 Lake Braddock
Country Club Hills,Week1,Lake Braddock,Week2,268.5 Country Club Hills - 133.5 Lake Braddock
Country Club Hills,Week1,Lake Braddock,Week4,276.0 Country Club Hills - 126.0 Lake Braddock
Commonwealth,Week5,Somerset-Olde Creek,Week5,275.0 Commonwealth - 125.0 Somerset-Olde Creek
Cottontail,Week2,Poplar Tree,Week5,270.0 Poplar Tree - 132.0 Cottontail
Cottontail,Week2,Springboard,Week3,243.0 Cottontail - 159.0 Springboard
Country Club Hills,Week4,Lake Braddock,Week2,273.0 Country Club Hills - 129.0 Lake Braddock
Cottontail,Week1,Springfield,Week2,347.0 Cottontail - 55.0 Springfield
Cottontail,Week1,Wakefield Chapel,Week1,308.0 Wakefield Chapel - 94.0 Cottontail
Cottontail,Week2,Springfield,Week4,342.0 Cottontail - 60.0 Springfield
Country Club Hills,Week1,Lake Braddock,Week5,247.0 Country Club Hills - 155.0 Lake Braddock
Cottontail,Week5,Virginia Run,Week5,273.0 Virginia Run - 129.0 Cottontail
Cottontail,Week4,Virginia Run,Week1,275.0 Virginia Run - 127.0 Cottontail
Cottontail,Week3,Virginia Run,Week1,278.0 Virginia Run - 124.0 Cottontail
Country Club Hills,Week5,Newington Forest,Week3,272.0 Country Club Hills - 130.0 Newington Forest
Country Club Hills,Week1,North Springfield,Week2,279.0 Country Club Hills - 109.0 North Springfield
Country Club Hills,Week2,North Springfield,Week1,288.0 Country Club Hills - 62.0 North Springfield
Country Club Hills,Week4,Lake Braddock,Week3,275.0 Country Club Hills - 127.0 Lake Braddock
Commonwealth,Week3,Somerset-Olde Creek,Week5,248.0 Commonwealth - 147.0 Somerset-Olde Creek
Commonwealth,Week5,Somerset-Olde Creek,Week1,292.0 Commonwealth - 107.0 Somerset-Olde Creek
Cottontail,Week3,Springfield,Week1,346.0 Cottontail - 56.0 Springfield
Commonwealth,Week2,Somerset-Olde Creek,Week2,315.0 Commonwealth - 86.0 Somerset-Olde Creek
Country Club Hills,Week2,Lake Braddock,Week4,278.0 Country Club Hills - 124.0 Lake Braddock
Country Club Hills,Week5,North Springfield,Week2,299.0 Country Club Hills - 89.0 North Springfield
Cottontail,Week3,Virginia Run,Week3,261.0 Virginia Run - 141.0 Cottontail
Cottontail,Week4,Springboard,Week4,239.0 Cottontail - 158.0 Springboard
Commonwealth,Week2,Somerset-Olde Creek,Week4,305.0 Commonwealth - 97.0 Somerset-Olde Creek
Country Club Hills,Week2,North Springfield,Week4,300.0 Country Club Hills - 91.0 North Springfield
Cottontail,Week2,Poplar Heights,Week4,253.5 Poplar Heights - 148.5 Cottontail
Cottontail,Week3,Springfield,Week2,343.0 Cottontail - 57.0 Springfield
Cottontail,Week3,Poplar Heights,Week2,260.0 Poplar Heights - 142.0 Cottontail
Country Club Hills,Week2,Newington Forest,Week4,222.0 Country Club Hills - 180.0 Newington Forest
Cottontail,Week2,Springboard,Week4,244.5 Cottontail - 157.5 Springboard
Cottontail,Week4,Poplar Heights,Week4,255.5 Poplar Heights - 146.5 Cottontail
Cottontail,Week5,Poplar Heights,Week3,238.0 Poplar Heights - 164.0 Cottontail
Cottontail,Week2,Poplar Heights,Week3,249.0 Poplar Heights - 153.0 Cottontail
Cottontail,Week4,Virginia Run,Week3,262.0 Virginia Run - 140.0 Cottontail
Country Club Hills,Week1,North Springfield,Week4,287.5 Country Club Hills - 103.5 North Springfield
Country Club Hills,Week2,Newington Forest,Week5,220.0 Country Club Hills - 182.0 Newington Forest
Cottontail,Week4,Poplar Tree,Week2,243.0 Poplar Tree - 159.0 Cottontail
Commonwealth,Week1,South Run,Week1,251.0 South Run - 142.0 Commonwealth
Cottontail,Week1,Wakefield Chapel,Week2,317.0 Wakefield Chapel - 85.0 Cottontail
Cottontail,Week3,Virginia Run,Week2,248.0 Virginia Run - 154.0 Cottontail
Cottontail,Week2,Virginia Run,Week5,275.0 Virginia Run - 127.0 Cottontail
Cottontail,Week3,Poplar Tree,Week2,245.0 Poplar Tree - 157.0 Cottontail
Cottontail,Week5,Springboard,Week1,264.0 Cottontail - 137.0 Springboard
Cottontail,Week3,Springboard,Week3,241.0 Cottontail - 161.0 Springboard
Cottontail,Week5,Springboard,Week2,279.0 Cottontail - 122.0 Springboard
Country Club Hills,Week5,Lake Braddock,Week2,295.0 Country Club Hills - 107.0 Lake Braddock
Country Club Hills,Week5,Newington Forest,Week4,260.0 Country Club Hills - 142.0 Newington Forest
Commonwealth,Week1,South Run,Week3,249.0 South Run - 149.0 Commonwealth
Cottontail,Week1,Wakefield Chapel,Week3,318.0 Wakefield Chapel - 84.0 Cottontail
Cottontail,Week2,Springboard,Week2,266.0 Cottontail - 136.0 Springboard
Country Club Hills,Week5,Lake Braddock,Week4,311.0 Country Club Hills - 91.0 Lake Braddock
Country Club Hills,Week4,Newington Forest,Week3,255.0 Country Club Hills - 147.0 Newington Forest
Cottontail,Week3,Poplar Tree,Week1,257.0 Poplar Tree - 145.0 Cottontail
Cottontail,Week3,Poplar Tree,Week5,277.5 Poplar Tree - 124.5 Cottontail
Cottontail,Week4,Virginia Run,Week2,240.0 Virginia Run - 157.0 Cottontail
Country Club Hills,Week1,Lakevale Estates,Week1,283.0 Lakevale Estates - 119.0 Country Club Hills
Cottontail,Week3,Virginia Run,Week4,275.0 Virginia Run - 127.0 Cottontail
Commonwealth,Week5,Somerset-Olde Creek,Week3,299.0 Commonwealth - 102.0 Somerset-Olde Creek
Cottontail,Week2,Springboard,Week5,242.0 Cottontail - 160.0 Springboard
Cottontail,Week4,Poplar Heights,Week1,236.0 Poplar Heights - 166.0 Cottontail
Commonwealth,Week2,Somerset-Olde Creek,Week3,305.0 Commonwealth - 94.0 Somerset-Olde Creek
Cottontail,Week4,Springboard,Week5,228.0 Cottontail - 173.0 Springboard
Cottontail,Week4,Poplar Tree,Week1,256.0 Poplar Tree - 146.0 Cottontail
Commonwealth,Week5,Somerset-Olde Creek,Week2,308.0 Commonwealth - 93.0 Somerset-Olde Creek
Commonwealth,Week3,Somerset-Olde Creek,Week4,299.0 Commonwealth - 99.0 Somerset-Olde Creek
Country Club Hills,Week2,Newington Forest,Week2,263.0 Country Club Hills - 138.0 Newington Forest
Country Club Hills,Week5,Lake Braddock,Week3,295.0 Country Club Hills - 107.0 Lake Braddock
Country Club Hills,Week3,Newington Forest,Week2,254.0 Country Club Hills - 147.0 Newington Forest
Country Club Hills,Week3,Lake Braddock,Week3,275.0 Country Club Hills - 127.0 Lake Braddock
Commonwealth,Week5,Sully Station II,Week1,278.0 Sully Station II - 124.0 Commonwealth
Cottontail,Week2,Wakefield Chapel,Week2,328.0 Wakefield Chapel - 74.0 Cottontail
Country Club Hills,Week3,Newington Forest,Week4,230.0 Country Club Hills - 172.0 Newington Forest
Country Club Hills,Week5,Newington Forest,Week1,283.0 Country Club Hills - 118.0 Newington Forest
Cottontail,Week5,Springboard,Week5,259.0 Cottontail - 142.0 Springboard
Commonwealth,Week2,South Run,Week4,215.0 South Run - 183.0 Commonwealth
Cottontail,Week5,Poplar Heights,Week2,249.0 Poplar Heights - 153.0 Cottontail
Commonwealth,Week2,South Run,Week3,215.0 South Run - 186.0 Commonwealth
Cottontail,Week4,Poplar Tree,Week3,255.0 Poplar Tree - 147.0 Cottontail
Commonwealth,Week2,South Run,Week2,203.0 Commonwealth - 195.0 South Run
Country Club Hills,Week2,Newington Forest,Week1,273.0 Country Club Hills - 129.0 Newington Forest
Country Club Hills,Week4,Newington Forest,Week2,263.0 Country Club Hills - 139.0 Newington Forest
Cottontail,Week5,Springboard,Week4,264.0 Cottontail - 138.0 Springboard
Cottontail,Week1,Poplar Tree,Week4,225.0 Poplar Tree - 177.0 Cottontail
Commonwealth,Week1,Truro,Week1,241.0 Truro - 161.0 Commonwealth
Cottontail,Week4,Poplar Tree,Week4,228.0 Poplar Tree - 174.0 Cottontail
Country Club Hills,Week1,Lakevale Estates,Week4,296.0 Lakevale Estates - 106.0 Country Club Hills
Country Club Hills,Week1,Lakevale Estates,Week5,303.0 Lakevale Estates - 99.0 Country Club Hills
Country Club Hills,Week1,Lakevale Estates,Week3,286.0 Lakevale Estates - 116.0 Country Club Hills
Cottontail,Week3,Springboard,Week1,239.0 Cottontail - 163.0 Springboard
Commonwealth,Week1,South Run,Week4,241.0 South Run - 151.0 Commonwealth
Cottontail,Week4,Virginia Run,Week4,271.0 Virginia Run - 131.0 Cottontail
Cottontail,Week5,Virginia Run,Week2,228.0 Virginia Run - 174.0 Cottontail
Country Club Hills,Week2,Lakevale Estates,Week1,281.0 Lakevale Estates - 121.0 Country Club Hills
Cottontail,Week5,Springboard,Week3,254.0 Cottontail - 147.0 Springboard
Cottontail,Week4,Poplar Heights,Week2,247.0 Poplar Heights - 155.0 Cottontail
Cottontail,Week5,Virginia Run,Week3,243.0 Virginia Run - 159.0 Cottontail
Country Club Hills,Week2,North Springfield,Week3,274.0 Country Club Hills - 122.0 North Springfield
Cottontail,Week5,Poplar Heights,Week4,254.0 Poplar Heights - 148.0 Cottontail
Cottontail,Week2,Virginia Run,Week4,262.0 Virginia Run - 140.0 Cottontail
Country Club Hills,Week2,North Springfield,Week2,288.0 Country Club Hills - 100.0 North Springfield
Commonwealth,Week4,South Run,Week1,237.0 South Run - 156.0 Commonwealth
Cottontail,Week1,Wakefield Chapel,Week4,296.0 Wakefield Chapel - 106.0 Cottontail
Cottontail,Week5,Virginia Run,Week1,260.0 Virginia Run - 142.0 Cottontail
Country Club Hills,Week5,Lakevale Estates,Week5,291.0 Lakevale Estates - 111.0 Country Club Hills
Commonwealth,Week3,Sully Station II,Week4,268.0 Sully Station II - 134.0 Commonwealth
Commonwealth,Week3,South Run,Week2,206.0 South Run - 191.0 Commonwealth
Commonwealth,Week3,South Run,Week4,223.0 South Run - 174.0 Commonwealth
Country Club Hills,Week2,Lakevale Estates,Week3,297.0 Lakevale Estates - 105.0 Country Club Hills
Cottontail,Week1,Springboard,Week4,247.0 Cottontail - 155.0 Springboard
Country Club Hills,Week2,Lakevale Estates,Week4,309.0 Lakevale Estates - 93.0 Country Club Hills
Commonwealth,Week4,South Run,Week2,225.0 South Run - 167.0 Commonwealth
Country Club Hills,Week2,North Springfield,Week5,253.0 Country Club Hills - 120.0 North Springfield
Cottontail,Week2,Springfield,Week1,344.0 Cottontail - 58.0 Springfield
Cottontail,Week2,Poplar Tree,Week2,246.0 Poplar Tree - 156.0 Cottontail
Cottontail,Week5,Poplar Heights,Week5,246.0 Poplar Heights - 156.0 Cottontail
Commonwealth,Week2,Truro,Week5,233.0 Commonwealth - 169.0 Truro
Country Club Hills,Week1,North Springfield,Week3,273.0 Country Club Hills - 123.0 North Springfield
Country Club Hills,Week4,Lakevale Estates,Week5,302.5 Lakevale Estates - 99.5 Country Club Hills
Commonwealth,Week2,Truro,Week1,217.0 Commonwealth - 185.0 Truro
Cottontail,Week4,Springboard,Week2,261.0 Cottontail - 140.0 Springboard
Commonwealth,Week3,South Run,Week1,220.0 South Run - 173.0 Commonwealth
Cottontail,Week2,Poplar Tree,Week3,261.0 Poplar Tree - 141.0 Cottontail
Country Club Hills,Week1,North Springfield,Week5,243.0 Country Club Hills - 131.0 North Springfield
Commonwealth,Week3,South Run,Week5,246.0 South Run - 156.0 Commonwealth
Cottontail,Week1,Springfield,Week5,356.0 Cottontail - 46.0 Springfield
Country Club Hills,Week1,Lakeview,Week1,279.0 Country Club Hills - 123.0 Lakeview
Commonwealth,Week3,Truro,Week2,245.0 Commonwealth - 148.0 Truro
Country Club Hills,Week3,North Springfield,Week1,278.0 Country Club Hills - 73.0 North Springfield
Cottontail,Week4,Virginia Run,Week5,281.0 Virginia Run - 121.0 Cottontail
Cottontail,Week1,Wakefield Chapel,Week5,323.0 Wakefield Chapel - 79.0 Cottontail
Commonwealth,Week4,Sully Station II,Week2,295.0 Sully Station II - 107.0 Commonwealth
Cottontail,Week4,Springboard,Week1,250.0 Cottontail - 151.0 Springboard
Cottontail,Week2,Poplar Tree,Week1,253.0 Poplar Tree - 149.0 Cottontail
Country Club Hills,Week4,Lakevale Estates,Week2,285.0 Lakevale Estates - 117.0 Country Club Hills
Cottontail,Week2,Springfield,Week2,351.0 Cottontail - 51.0 Springfield
Cottontail,Week1,Springfield,Week3,347.0 Cottontail - 55.0 Springfield
Cottontail,Week2,Walden Glen,Week2,207.0 Cottontail - 195.0 Walden Glen
Commonwealth,Week4,South Run,Week3,246.0 South Run - 155.0 Commonwealth
Cottontail,Week2,Springfield,Week3,348.0 Cottontail - 54.0 Springfield
Country Club Hills,Week1,Lakeview,Week2,282.0 Country Club Hills - 120.0 Lakeview
Country Club Hills,Week4,North Springfield,Week4,300.0 Country Club Hills - 92.0 North Springfield
Cottontail,Week2,Wakefield Chapel,Week1,328.0 Wakefield Chapel - 74.0 Cottontail
Commonwealth,Week1,Rutherford,Week2,203.0 Commonwealth - 199.0 Rutherford
Country Club Hills,Week4,North Springfield,Week3,276.0 Country Club Hills - 121.0 North Springfield
Cottontail,Week3,Springboard,Week5,221.0 Cottontail - 181.0 Springboard
Commonwealth,Week5,South Run,Week5,258.0 South Run - 144.0 Commonwealth
Country Club Hills,Week4,North Springfield,Week2,286.0 Country Club Hills - 102.0 North Springfield
Country Club Hills,Week4,North Springfield,Week1,272.0 Country Club Hills - 79.0 North Springfield
Country Club Hills,Week3,Lakevale Estates,Week2,279.0 Lakevale Estates - 123.0 Country Club Hills
Country Club Hills,Week5,Lakevale Estates,Week3,284.0 Lakevale Estates - 118.0 Country Club Hills
Country Club Hills,Week4,Lakevale Estates,Week3,289.0 Lakevale Estates - 113.0 Country Club Hills
Cottontail,Week4,Springboard,Week3,242.0 Cottontail - 159.0 Springboard
Cottontail,Week3,Wakefield Chapel,Week2,339.0 Wakefield Chapel - 63.0 Cottontail
Cottontail,Week2,Wakefield Chapel,Week5,327.0 Wakefield Chapel - 75.0 Cottontail
Commonwealth,Week4,Truro,Week3,207.0 Truro - 195.0 Commonwealth
Commonwealth,Week5,South Run,Week4,224.0 South Run - 177.0 Commonwealth
Cottontail,Week1,Poplar Tree,Week1,246.0 Poplar Tree - 156.0 Cottontail
Commonwealth,Week5,Sully Station II,Week5,295.0 Sully Station II - 107.0 Commonwealth
Cottontail,Week4,Poplar Heights,Week5,254.0 Poplar Heights - 148.0 Cottontail
Cottontail,Week1,Poplar Tree,Week3,259.0 Poplar Tree - 143.0 Cottontail
Commonwealth,Week3,Truro,Week4,204.0 Truro - 197.0 Commonwealth
Commonwealth,Week3,Rutherford,Week5,228.0 Commonwealth - 174.0 Rutherford
Cottontail,Week2,Poplar Tree,Week4,226.0 Poplar Tree - 176.0 Cottontail
Commonwealth,Week5,Truro,Week1,206.0 Truro - 196.0 Commonwealth
Country Club Hills,Week1,Lakeview,Week3,261.0 Country Club Hills - 141.0 Lakeview
Commonwealth,Week3,Truro,Week3,216.0 Commonwealth - 186.0 Truro
Cottontail,Week2,Virginia Run,Week2,234.0 Virginia Run - 168.0 Cottontail
Commonwealth,Week3,Rutherford,Week4,215.0 Commonwealth - 186.0 Rutherford
Commonwealth,Week5,South Run,Week2,226.0 South Run - 175.0 Commonwealth
Cottontail,Week3,Springfield,Week4,339.0 Cottontail - 63.0 Springfield
Cottontail,Week2,Springfield,Week5,361.0 Cottontail - 41.0 Springfield
Commonwealth,Week1,Truro,Week2,199.0 Truro - 194.0 Commonwealth
Cottontail,Week3,Walden Glen,Week1,225.0 Cottontail - 177.0 Walden Glen
Commonwealth,Week4,Rutherford,Week1,225.0 Commonwealth - 176.0 Rutherford
Commonwealth,Week1,Truro,Week3,237.0 Truro - 165.0 Commonwealth
Country Club Hills,Week3,North Springfield,Week5,242.0 Country Club Hills - 132.0 North Springfield
Cottontail,Week3,Poplar Heights,Week5,262.0 Poplar Heights - 140.0 Cottontail
Country Club Hills,Week1,Lakeview,Week5,242.0 Country Club Hills - 151.0 Lakeview
Cottontail,Week4,Poplar Heights,Week3,248.0 Poplar Heights - 154.0 Cottontail
Commonwealth,Week1,Springboard,Week2,227.0 Commonwealth - 162.0 Springboard
Commonwealth,Week1,Rutherford,Week5,214.5 Rutherford - 187.5 Commonwealth
Commonwealth,Week1,Springboard,Week3,203.0 Springboard - 193.0 Commonwealth
Commonwealth,Week3,Sully Station II,Week2,297.5 Sully Station II - 104.5 Commonwealth
Cottontail,Week1,Walden Glen,Week1,237.0 Cottontail - 165.0 Walden Glen
Cottontail,Week3,Stratford,Week5,237.0 Cottontail - 165.0 Stratford
Cottontail,Week5,Poplar Heights,Week1,230.0 Poplar Heights - 172.0 Cottontail
Country Club Hills,Week2,Lakeview,Week1,272.0 Country Club Hills - 130.0 Lakeview
Cottontail,Week3,Poplar Heights,Week4,273.0 Poplar Heights - 129.0 Cottontail
Country Club Hills,Week3,North Springfield,Week3,259.0 Country Club Hills - 137.0 North Springfield
Country Club Hills,Week3,North Springfield,Week4,287.0 Country Club Hills - 104.0 North Springfield
Cottontail,Week3,Walden Glen,Week3,208.0 Cottontail - 194.0 Walden Glen
Commonwealth,Week4,Rutherford,Week2,218.0 Commonwealth - 184.0 Rutherford
Commonwealth,Week1,Springboard,Week1,214.0 Springboard - 185.0 Commonwealth
Country Club Hills,Week3,Lakevale Estates,Week3,291.0 Lakevale Estates - 111.0 Country Club Hills
Cottontail,Week3,Walden Glen,Week5,238.0 Walden Glen - 164.0 Cottontail
Commonwealth,Week5,Sully Station II,Week3,296.0 Sully Station II - 106.0 Commonwealth
Cottontail,Week4,Poplar Tree,Week5,270.0 Poplar Tree - 132.0 Cottontail
Country Club Hills,Week2,Lakeview,Week2,277.0 Country Club Hills - 125.0 Lakeview
Cottontail,Week3,Poplar Tree,Week4,229.0 Poplar Tree - 173.0 Cottontail
Cottontail,Week4,Springfield,Week2,338.0 Cottontail - 53.0 Springfield
Commonwealth,Week2,Truro,Week2,255.0 Commonwealth - 145.0 Truro
Country Club Hills,Week1,Oakton ,Week1,306.0 Oakton - 96.0 Country Club Hills
Cottontail,Week1,Poplar Tree,Week2,245.0 Poplar Tree - 157.0 Cottontail
Commonwealth,Week4,Sully Station II,Week3,311.0 Sully Station II - 91.0 Commonwealth
Cottontail,Week1,Walden Glen,Week3,234.0 Cottontail - 168.0 Walden Glen
Commonwealth,Week4,South Run,Week4,229.0 South Run - 169.0 Commonwealth
Cottontail,Week5,Springfield,Week5,363.0 Cottontail - 38.0 Springfield
Cottontail,Week1,Poplar Tree,Week5,277.0 Poplar Tree - 125.0 Cottontail
Commonwealth,Week5,South Run,Week3,231.0 South Run - 171.0 Commonwealth
Country Club Hills,Week5,Lakevale Estates,Week4,300.0 Lakevale Estates - 102.0 Country Club Hills
Commonwealth,Week3,Rutherford,Week1,258.0 Commonwealth - 143.0 Rutherford
Cottontail,Week5,Wakefield Chapel,Week2,309.0 Wakefield Chapel - 93.0 Cottontail
Commonwealth,Week4,Sully Station II,Week5,314.0 Sully Station II - 88.0 Commonwealth
Commonwealth,Week4,Sully Station II,Week4,281.5 Sully Station II - 119.5 Commonwealth
Commonwealth,Week4,South Run,Week5,265.0 South Run - 137.0 Commonwealth
Cottontail,Week3,Poplar Tree,Week3,253.0 Poplar Tree - 149.0 Cottontail
Country Club Hills,Week4,Lakevale Estates,Week1,280.0 Lakevale Estates - 122.0 Country Club Hills
Commonwealth,Week2,Rutherford,Week1,263.0 Commonwealth - 138.0 Rutherford
Commonwealth,Week2,Sully Station II,Week5,296.0 Sully Station II - 106.0 Commonwealth
Cottontail,Week1,Stratford,Week5,253.0 Cottontail - 149.0 Stratford
Cottontail,Week3,Springfield,Week3,342.0 Cottontail - 58.0 Springfield
Commonwealth,Week5,South Run,Week1,223.0 South Run - 170.0 Commonwealth
Country Club Hills,Week4,North Springfield,Week5,246.0 Country Club Hills - 128.0 North Springfield
Country Club Hills,Week5,North Springfield,Week1,289.0 Country Club Hills - 61.0 North Springfield
Cottontail,Week4,Walden Glen,Week2,204.0 Cottontail - 198.0 Walden Glen
Cottontail,Week5,Wakefield Chapel,Week3,314.0 Wakefield Chapel - 88.0 Cottontail
Country Club Hills,Week3,Lakevale Estates,Week4,292.0 Lakevale Estates - 110.0 Country Club Hills
Country Club Hills,Week3,Lakevale Estates,Week5,299.0 Lakevale Estates - 103.0 Country Club Hills
Cottontail,Week1,Stratford,Week3,242.0 Cottontail - 160.0 Stratford
Cottontail,Week3,Springfield,Week5,354.0 Cottontail - 47.0 Springfield
Country Club Hills,Week5,North Springfield,Week5,261.0 Country Club Hills - 113.0 North Springfield
Country Club Hills,Week1,Oakton ,Week2,322.0 Oakton - 80.0 Country Club Hills
Country Club Hills,Week5,North Springfield,Week4,311.0 Country Club Hills - 80.0 North Springfield
Commonwealth,Week3,Rutherford,Week2,254.5 Commonwealth - 146.5 Rutherford
Cottontail,Week2,Wakefield Chapel,Week4,308.0 Wakefield Chapel - 94.0 Cottontail
Country Club Hills,Week5,Lakevale Estates,Week1,267.0 Lakevale Estates - 135.0 Country Club Hills
Cottontail,Week2,Ravensworth Farm,Week3,257.5 Ravensworth Farm - 144.5 Cottontail
Commonwealth,Week2,Rutherford,Week4,228.0 Commonwealth - 174.0 Rutherford
Cottontail,Week1,Stratford,Week2,256.0 Cottontail - 146.0 Stratford
Commonwealth,Week1,Truro,Week4,221.0 Truro - 181.0 Commonwealth
Cottontail,Week3,Wakefield Chapel,Week1,328.0 Wakefield Chapel - 74.0 Cottontail
Cottontail,Week5,Springfield,Week4,355.0 Cottontail - 46.0 Springfield
Country Club Hills,Week1,Lakeview,Week4,227.0 Country Club Hills - 175.0 Lakeview
Cottontail,Week2,Stratford,Week3,240.0 Cottontail - 162.0 Stratford
Cottontail,Week2,Ravensworth Farm,Week5,269.0 Ravensworth Farm - 133.0 Cottontail
Country Club Hills,Week2,Lakeview,Week3,254.0 Country Club Hills - 148.0 Lakeview
Cottontail,Week4,Wakefield Chapel,Week4,313.0 Wakefield Chapel - 89.0 Cottontail
Cottontail,Week5,Wakefield Chapel,Week4,305.0 Wakefield Chapel - 97.0 Cottontail
Commonwealth,Week3,Sully Station II,Week1,273.0 Sully Station II - 128.0 Commonwealth
Country Club Hills,Week1,Oakton ,Week5,319.0 Oakton - 83.0 Country Club Hills
Country Club Hills,Week5,North Springfield,Week3,291.0 Country Club Hills - 105.0 North Springfield
Cottontail,Week4,Ravensworth Farm,Week3,260.0 Ravensworth Farm - 142.0 Cottontail
Commonwealth,Week3,Sully Station II,Week3,311.0 Sully Station II - 91.0 Commonwealth
Cottontail,Week1,Stratford,Week1,262.0 Cottontail - 140.0 Stratford
Cottontail,Week4,Springfield,Week4,332.0 Cottontail - 59.0 Springfield
Country Club Hills,Week1,Oakton ,Week3,306.0 Oakton - 96.0 Country Club Hills
Cottontail,Week4,Ravensworth Farm,Week5,272.0 Ravensworth Farm - 130.0 Cottontail
Commonwealth,Week4,Rutherford,Week3,208.0 Commonwealth - 194.0 Rutherford
Commonwealth,Week5,Sully Station II,Week4,251.0 Sully Station II - 151.0 Commonwealth
Country Club Hills,Week2,Lakeview,Week5,244.0 Country Club Hills - 149.0 Lakeview
Cottontail,Week3,Wakefield Chapel,Week4,326.0 Wakefield Chapel - 76.0 Cottontail
Country Club Hills,Week2,Oakton ,Week1,304.0 Oakton - 98.0 Country Club Hills
Commonwealth,Week3,Rutherford,Week3,218.0 Commonwealth - 184.0 Rutherford
Commonwealth,Week3,Sully Station II,Week5,314.0 Sully Station II - 88.0 Commonwealth
Country Club Hills,Week2,Lakevale Estates,Week5,311.0 Lakevale Estates - 91.0 Country Club Hills
Country Club Hills,Week1,Oakton ,Week4,313.0 Oakton - 89.0 Country Club Hills
Cottontail,Week5,Wakefield Chapel,Week1,316.0 Wakefield Chapel - 86.0 Cottontail
Cottontail,Week2,Ravensworth Farm,Week2,237.0 Ravensworth Farm - 165.0 Cottontail
Country Club Hills,Week2,Lakeview,Week4,231.0 Country Club Hills - 171.0 Lakeview
Country Club Hills,Week4,Lakevale Estates,Week4,310.0 Lakevale Estates - 92.0 Country Club Hills
Cottontail,Week4,Wakefield Chapel,Week2,327.0 Wakefield Chapel - 75.0 Cottontail
Cottontail,Week4,Wakefield Chapel,Week1,329.0 Wakefield Chapel - 73.0 Cottontail
Cottontail,Week1,Walden Glen,Week4,211.5 Walden Glen - 190.5 Cottontail
Commonwealth,Week1,Truro,Week5,228.0 Truro - 167.0 Commonwealth
Country Club Hills,Week5,Lakevale Estates,Week2,273.5 Lakevale Estates - 128.5 Country Club Hills
Cottontail,Week2,Stratford,Week5,231.0 Cottontail - 171.0 Stratford
Country Club Hills,Week3,Lakevale Estates,Week1,277.5 Lakevale Estates - 124.5 Country Club Hills
Commonwealth,Week5,Sully Station II,Week2,289.0 Sully Station II - 113.0 Commonwealth
Cottontail,Week1,Ravensworth Farm,Week1,250.0 Ravensworth Farm - 152.0 Cottontail
Cottontail,Week4,Wakefield Chapel,Week3,328.0 Wakefield Chapel - 74.0 Cottontail
Commonwealth,Week2,Rutherford,Week3,246.0 Commonwealth - 156.0 Rutherford
Cottontail,Week2,Stratford,Week1,260.0 Cottontail - 142.0 Stratford
Cottontail,Week4,Ravensworth Farm,Week4,257.5 Ravensworth Farm - 144.5 Cottontail
Cottontail,Week5,Poplar Tree,Week5,271.0 Poplar Tree - 131.0 Cottontail
Commonwealth,Week4,Sully Station II,Week1,281.0 Sully Station II - 120.0 Commonwealth
Cottontail,Week4,Springfield,Week5,349.0 Cottontail - 40.0 Springfield
Cottontail,Week5,Springfield,Week1,362.0 Cottontail - 39.0 Springfield
Country Club Hills,Week5,Hamlet,Week1,283.0 Hamlet - 119.0 Country Club Hills
Cottontail,Week5,Springfield,Week2,363.0 Cottontail - 38.0 Springfield
Commonwealth,Week1,Rutherford,Week4,220.0 Rutherford - 180.0 Commonwealth
Commonwealth,Week2,Truro,Week3,238.0 Commonwealth - 164.0 Truro
Cottontail,Week1,Ravensworth Farm,Week4,238.0 Ravensworth Farm - 164.0 Cottontail
Cottontail,Week1,Ravensworth Farm,Week2,225.0 Ravensworth Farm - 177.0 Cottontail
Commonwealth,Week1,Rutherford,Week3,222.0 Rutherford - 180.0 Commonwealth
Country Club Hills,Week1,Hayfield Farm,Week4,241.0 Hayfield Farm - 161.0 Country Club Hills
Cottontail,Week1,Walden Glen,Week5,225.5 Walden Glen - 176.5 Cottontail
Cottontail,Week2,Stratford,Week2,241.0 Cottontail - 161.0 Stratford
Country Club Hills,Week3,Hamlet,Week1,318.0 Hamlet - 84.0 Country Club Hills
Commonwealth,Week4,Truro,Week5,208.0 Truro - 193.0 Commonwealth
Cottontail,Week3,Riverside Gardens,Week3,305.0 Riverside Gardens - 97.0 Cottontail
Cottontail,Week1,Ravensworth Farm,Week3,251.0 Ravensworth Farm - 151.0 Cottontail
Commonwealth,Week1,Rutherford,Week1,211.0 Commonwealth - 189.0 Rutherford
Commonwealth,Week2,Rutherford,Week2,255.0 Commonwealth - 147.0 Rutherford
Commonwealth,Week3,Truro,Week1,202.0 Commonwealth - 199.0 Truro
Country Club Hills,Week4,Hamlet,Week4,308.0 Hamlet - 94.0 Country Club Hills
Cottontail,Week3,Stratford,Week3,222.0 Cottontail - 180.0 Stratford
Commonwealth,Week4,Truro,Week2,212.0 Commonwealth - 186.0 Truro
Cottontail,Week2,Walden Glen,Week1,217.0 Cottontail - 185.0 Walden Glen
Cottontail,Week3,Riverside Gardens,Week1,278.0 Riverside Gardens - 124.0 Cottontail
Cottontail,Week2,Walden Glen,Week3,218.0 Cottontail - 184.0 Walden Glen
Cottontail,Week4,Wakefield Chapel,Week5,334.0 Wakefield Chapel - 68.0 Cottontail
Commonwealth,Week4,Truro,Week1,217.0 Truro - 184.0 Commonwealth
Commonwealth,Week2,Truro,Week4,217.0 Commonwealth - 185.0 Truro
Commonwealth,Week2,Rutherford,Week5,238.0 Commonwealth - 164.0 Rutherford
Country Club Hills,Week4,Hamlet,Week1,313.0 Hamlet - 89.0 Country Club Hills
Cottontail,Week5,Wakefield Chapel,Week5,321.0 Wakefield Chapel - 81.0 Cottontail
Cottontail,Week3,Ravensworth Farm,Week2,234.0 Ravensworth Farm - 168.0 Cottontail
Cottontail,Week3,Ravensworth Farm,Week1,254.0 Ravensworth Farm - 148.0 Cottontail
Commonwealth,Week5,Truro,Week2,236.0 Commonwealth - 161.0 Truro
Country Club Hills,Week1,Hayfield Farm,Week2,222.0 Hayfield Farm - 180.0 Country Club Hills
Cottontail,Week1,Walden Glen,Week2,225.0 Cottontail - 177.0 Walden Glen
Cottontail,Week4,Springfield,Week3,342.0 Cottontail - 47.0 Springfield
Cottontail,Week1,Ravensworth Farm,Week5,253.0 Ravensworth Farm - 149.0 Cottontail
Country Club Hills,Week3,Hamlet,Week5,332.0 Hamlet - 70.0 Country Club Hills
Commonwealth,Week3,Truro,Week5,210.0 Commonwealth - 189.0 Truro
Cottontail,Week3,Stratford,Week2,240.0 Cottontail - 162.0 Stratford
Cottontail,Week3,Stratford,Week1,254.0 Cottontail - 148.0 Stratford
Cottontail,Week3,Wakefield Chapel,Week5,332.0 Wakefield Chapel - 70.0 Cottontail
Commonwealth,Week4,Truro,Week4,210.0 Truro - 192.0 Commonwealth
Cottontail,Week1,Stratford,Week4,227.0 Cottontail - 175.0 Stratford
Cottontail,Week3,Wakefield Chapel,Week3,334.0 Wakefield Chapel - 68.0 Cottontail
Country Club Hills,Week2,Hamlet,Week5,332.0 Hamlet - 70.0 Country Club Hills
Cottontail,Week4,Springfield,Week1,346.0 Cottontail - 49.0 Springfield
Cottontail,Week2,Ravensworth Farm,Week1,258.0 Ravensworth Farm - 144.0 Cottontail
Cottontail,Week2,Sully Station,Week3,262.0 Sully Station - 140.0 Cottontail
Cottontail,Week5,Poplar Tree,Week3,241.0 Poplar Tree - 161.0 Cottontail
Commonwealth,Week1,Shouse Village,Week3,261.0 Shouse Village - 141.0 Commonwealth
Cottontail,Week3,Walden Glen,Week4,215.0 Walden Glen - 187.0 Cottontail
Cottontail,Week2,Walden Glen,Week4,214.0 Walden Glen - 188.0 Cottontail
Commonwealth,Week1,Tuckahoe,Week1,349.0 Tuckahoe - 53.0 Commonwealth
Cottontail,Week2,Walden Glen,Week5,223.0 Walden Glen - 179.0 Cottontail
Commonwealth,Week5,Truro,Week3,221.0 Commonwealth - 181.0 Truro
Commonwealth,Week1,Shouse Village,Week2,246.0 Shouse Village - 156.0 Commonwealth
Cottontail,Week2,Stratford,Week4,229.5 Cottontail - 172.5 Stratford
Country Club Hills,Week3,Hamlet,Week3,323.0 Hamlet - 79.0 Country Club Hills
Cottontail,Week3,Ravensworth Farm,Week5,279.0 Ravensworth Farm - 123.0 Cottontail
Cottontail,Week5,Springfield,Week3,355.0 Cottontail - 45.0 Springfield
Cottontail,Week3,Stratford,Week4,214.0 Cottontail - 188.0 Stratford
Cottontail,Week4,Walden Glen,Week1,235.0 Cottontail - 167.0 Walden Glen
Commonwealth,Week5,Truro,Week4,203.0 Commonwealth - 199.0 Truro
Commonwealth,Week2,Tuckahoe,Week3,336.5 Tuckahoe - 65.5 Commonwealth
Country Club Hills,Week5,Hamlet,Week4,281.0 Hamlet - 121.0 Country Club Hills
Country Club Hills,Week1,Hamlet,Week2,323.0 Hamlet - 79.0 Country Club Hills
Country Club Hills,Week2,Hayfield Farm,Week3,261.0 Hayfield Farm - 141.0 Country Club Hills
Cottontail,Week4,Stratford,Week1,249.0 Cottontail - 142.0 Stratford
Cottontail,Week2,Riverside Gardens,Week4,299.0 Riverside Gardens - 103.0 Cottontail
Country Club Hills,Week1,Hamlet,Week3,322.0 Hamlet - 80.0 Country Club Hills
Commonwealth,Week2,Shouse Village,Week5,240.0 Shouse Village - 162.0 Commonwealth
Commonwealth,Week5,Truro,Week5,212.0 Commonwealth - 189.0 Truro
Cottontail,Week4,Walden Glen,Week3,226.0 Cottontail - 176.0 Walden Glen
Cottontail,Week3,Walden Glen,Week2,204.0 Walden Glen - 197.0 Cottontail
Cottontail,Week4,Stratford,Week2,249.0 Cottontail - 153.0 Stratford
Country Club Hills,Week4,Hamlet,Week5,326.0 Hamlet - 76.0 Country Club Hills
Cottontail,Week5,Poplar Tree,Week2,234.0 Poplar Tree - 168.0 Cottontail
Commonwealth,Week2,Tuckahoe,Week2,330.0 Tuckahoe - 72.0 Commonwealth
Cottontail,Week4,Ravensworth Farm,Week2,240.0 Ravensworth Farm - 162.0 Cottontail
Country Club Hills,Week1,Hamlet,Week4,309.0 Hamlet - 93.0 Country Club Hills
Cottontail,Week3,Ravensworth Farm,Week4,253.0 Ravensworth Farm - 149.0 Cottontail
Commonwealth,Week5,Rutherford,Week3,239.0 Commonwealth - 163.0 Rutherford
Country Club Hills,Week5,Greenbriar,Week5,218.0 Greenbriar - 184.0 Country Club Hills
Cottontail,Week4,Sully Station,Week5,276.0 Sully Station - 126.0 Cottontail
Commonwealth,Week2,Tuckahoe,Week4,337.0 Tuckahoe - 65.0 Commonwealth
Cottontail,Week2,Ravensworth Farm,Week4,253.0 Ravensworth Farm - 149.0 Cottontail
Commonwealth,Week2,Shouse Village,Week1,216.0 Shouse Village - 185.0 Commonwealth
Cottontail,Week4,Walden Glen,Week4,201.0 Cottontail - 201.0 Walden Glen
Cottontail,Week4,Sully Station,Week2,249.0 Sully Station - 153.0 Cottontail
Cottontail,Week1,Sully Station,Week3,252.0 Sully Station - 150.0 Cottontail
Cottontail,Week5,Ravensworth Farm,Week1,230.0 Ravensworth Farm - 172.0 Cottontail
Cottontail,Week4,Walden Glen,Week5,210.5 Walden Glen - 191.5 Cottontail
Country Club Hills,Week2,Hamlet,Week2,327.0 Hamlet - 75.0 Country Club Hills
Commonwealth,Week3,Tuckahoe,Week1,339.0 Tuckahoe - 63.0 Commonwealth
Commonwealth,Week2,Tuckahoe,Week5,330.0 Tuckahoe - 72.0 Commonwealth
Cottontail,Week5,Sully Station,Week3,245.0 Sully Station - 157.0 Cottontail
Cottontail,Week5,Walden Glen,Week4,202.0 Cottontail - 200.0 Walden Glen
Commonwealth,Week5,Rutherford,Week4,225.0 Commonwealth - 176.0 Rutherford
Commonwealth,Week5,Rutherford,Week5,245.0 Commonwealth - 157.0 Rutherford
Cottontail,Week5,Poplar Tree,Week4,219.5 Poplar Tree - 182.5 Cottontail
Commonwealth,Week3,Tuckahoe,Week2,341.0 Tuckahoe - 61.0 Commonwealth
Commonwealth,Week1,Shouse Village,Week1,261.0 Shouse Village - 137.0 Commonwealth
Country Club Hills,Week2,Hamlet,Week4,313.0 Hamlet - 89.0 Country Club Hills
Cottontail,Week5,Poplar Tree,Week1,247.0 Poplar Tree - 155.0 Cottontail
Country Club Hills,Week3,Hamlet,Week2,335.0 Hamlet - 67.0 Country Club Hills
Cottontail,Week3,Waynewood,Week3,296.0 Waynewood - 106.0 Cottontail
Cottontail,Week3,Ravensworth Farm,Week3,262.0 Ravensworth Farm - 140.0 Cottontail
Commonwealth,Week2,Shouse Village,Week2,201.0 Commonwealth - 201.0 Shouse Village
Country Club Hills,Week1,Hamlet,Week1,308.0 Hamlet - 94.0 Country Club Hills
Cottontail,Week2,Sully Station,Week1,264.0 Sully Station - 138.0 Cottontail
Commonwealth,Week1,Tuckahoe,Week4,348.0 Tuckahoe - 54.0 Commonwealth
Cottontail,Week5,Stratford,Week3,259.0 Cottontail - 143.0 Stratford
Cottontail,Week4,Waynewood,Week3,288.0 Waynewood - 114.0 Cottontail
Cottontail,Week3,Sully Station,Week4,260.0 Sully Station - 142.0 Cottontail
Cottontail,Week5,Walden Glen,Week5,215.0 Walden Glen - 187.0 Cottontail
Cottontail,Week5,Ravensworth Farm,Week4,249.0 Ravensworth Farm - 153.0 Cottontail
Country Club Hills,Week4,Hamlet,Week2,326.0 Hamlet - 76.0 Country Club Hills
Commonwealth,Week1,Tuckahoe,Week5,349.0 Tuckahoe - 53.0 Commonwealth
Commonwealth,Week4,Shouse Village,Week1,236.0 Shouse Village - 164.0 Commonwealth
Country Club Hills,Week1,Hamlet,Week5,333.5 Hamlet - 68.5 Country Club Hills
Cottontail,Week1,Sully Station,Week4,264.0 Sully Station - 138.0 Cottontail
Commonwealth,Week1,Tuckahoe,Week2,350.0 Tuckahoe - 52.0 Commonwealth
Commonwealth,Week3,Shouse Village,Week1,226.0 Shouse Village - 174.0 Commonwealth
Commonwealth,Week2,Shouse Village,Week3,223.0 Shouse Village - 179.0 Commonwealth
Cottontail,Week5,Stratford,Week5,257.0 Cottontail - 145.0 Stratford
Commonwealth,Week2,Tuckahoe,Week1,332.0 Tuckahoe - 70.0 Commonwealth
Country Club Hills,Week5,Greenbriar,Week4,208.0 Country Club Hills - 194.0 Greenbriar
Cottontail,Week4,Sully Station,Week3,259.0 Sully Station - 143.0 Cottontail
Cottontail,Week5,Ravensworth Farm,Week5,265.0 Ravensworth Farm - 137.0 Cottontail
Cottontail,Week1,Riverside Gardens,Week1,271.0 Riverside Gardens - 131.0 Cottontail
Commonwealth,Week3,Shouse Village,Week5,239.0 Shouse Village - 162.0 Commonwealth
Cottontail,Week5,Waynewood,Week1,255.0 Waynewood - 147.0 Cottontail
Cottontail,Week5,Ravensworth Farm,Week3,250.0 Ravensworth Farm - 152.0 Cottontail
Cottontail,Week1,Woodley,Week2,267.0 Cottontail - 135.0 Woodley
Commonwealth,Week3,Shouse Village,Week2,204.0 Shouse Village - 197.0 Commonwealth
Commonwealth,Week1,Tuckahoe,Week3,349.0 Tuckahoe - 53.0 Commonwealth
Country Club Hills,Week2,Hamlet,Week1,311.0 Hamlet - 91.0 Country Club Hills
Commonwealth,Week3,Shouse Village,Week4,238.0 Shouse Village - 164.0 Commonwealth
Cottontail,Week5,Ravensworth Farm,Week2,223.0 Ravensworth Farm - 179.0 Cottontail
Cottontail,Week4,Ravensworth Farm,Week1,265.0 Ravensworth Farm - 137.0 Cottontail
Country Club Hills,Week3,Hamlet,Week4,306.0 Hamlet - 96.0 Country Club Hills
Cottontail,Week1,Waynewood,Week5,282.0 Waynewood - 120.0 Cottontail
Cottontail,Week5,Stratford,Week2,256.0 Cottontail - 146.0 Stratford
Cottontail,Week5,Waynewood,Week3,278.0 Waynewood - 124.0 Cottontail
Cottontail,Week2,Waynewood,Week5,292.5 Waynewood - 109.5 Cottontail
Cottontail,Week1,Riverside Gardens,Week2,255.0 Riverside Gardens - 147.0 Cottontail
Country Club Hills,Week2,Hamlet,Week3,324.0 Hamlet - 78.0 Country Club Hills
Cottontail,Week4,Stratford,Week4,229.0 Cottontail - 173.0 Stratford
Cottontail,Week5,Stratford,Week4,237.0 Cottontail - 165.0 Stratford
Cottontail,Week1,Waynewood,Week4,271.0 Waynewood - 131.0 Cottontail
Country Club Hills,Week1,Hayfield Farm,Week5,215.0 Hayfield Farm - 187.0 Country Club Hills
Commonwealth,Week3,Shouse Village,Week3,234.0 Shouse Village - 168.0 Commonwealth
Commonwealth,Week4,Shouse Village,Week2,218.0 Shouse Village - 184.0 Commonwealth
Cottontail,Week2,Riverside Gardens,Week1,281.0 Riverside Gardens - 121.0 Cottontail
Cottontail,Week4,Stratford,Week5,231.0 Cottontail - 171.0 Stratford
Cottontail,Week1,Waynewood,Week2,257.0 Waynewood - 145.0 Cottontail
Cottontail,Week1,Sully Station,Week5,265.0 Sully Station - 137.0 Cottontail
Commonwealth,Week4,Shouse Village,Week5,260.0 Shouse Village - 141.0 Commonwealth
Cottontail,Week1,Riverside Gardens,Week3,282.5 Riverside Gardens - 119.5 Cottontail
Country Club Hills,Week5,Hamlet,Week3,303.0 Hamlet - 99.0 Country Club Hills
Cottontail,Week2,Waynewood,Week4,282.0 Waynewood - 120.0 Cottontail
Country Club Hills,Week5,Hamlet,Week2,310.0 Hamlet - 92.0 Country Club Hills
Cottontail,Week1,Sully Station,Week1,265.0 Sully Station - 137.0 Cottontail
Cottontail,Week2,Riverside Gardens,Week2,260.0 Riverside Gardens - 142.0 Cottontail
Cottontail,Week5,Stratford,Week1,275.0 Cottontail - 126.0 Stratford
Cottontail,Week2,Waynewood,Week3,291.0 Waynewood - 111.0 Cottontail
Country Club Hills,Week5,Hamlet,Week5,312.0 Hamlet - 90.0 Country Club Hills
Cottontail,Week1,Riverside Gardens,Week4,293.0 Riverside Gardens - 109.0 Cottontail
Country Club Hills,Week1,Hayfield Farm,Week1,226.0 Hayfield Farm - 176.0 Country Club Hills
Country Club Hills,Week1,Hayfield Farm,Week3,240.0 Hayfield Farm - 162.0 Country Club Hills
Cottontail,Week3,Waynewood,Week2,278.0 Waynewood - 124.0 Cottontail
Cottontail,Week3,Waynewood,Week4,295.5 Waynewood - 106.5 Cottontail
Commonwealth,Week4,Shouse Village,Week3,245.0 Shouse Village - 157.0 Commonwealth
Cottontail,Week3,Waynewood,Week1,268.0 Waynewood - 134.0 Cottontail
Cottontail,Week2,Riverside Gardens,Week5,302.5 Riverside Gardens - 99.5 Cottontail
Cottontail,Week2,Riverside Gardens,Week3,298.0 Riverside Gardens - 104.0 Cottontail
Cottontail,Week1,Riverside Gardens,Week5,293.0 Riverside Gardens - 109.0 Cottontail
Commonwealth,Week1,Shouse Village,Week5,279.0 Shouse Village - 121.0 Commonwealth
Commonwealth,Week5,Shouse Village,Week1,228.0 Shouse Village - 174.0 Commonwealth
Country Club Hills,Week4,Hamlet,Week3,317.0 Hamlet - 85.0 Country Club Hills
Cottontail,Week4,Stratford,Week3,236.0 Cottontail - 166.0 Stratford
Commonwealth,Week4,Shouse Village,Week4,263.5 Shouse Village - 138.5 Commonwealth
Country Club Hills,Week2,Herndon,Week1,288.0 Country Club Hills - 114.0 Herndon
Cottontail,Week1,Waynewood,Week3,283.0 Waynewood - 119.0 Cottontail
Cottontail,Week2,Sully Station,Week4,261.0 Sully Station - 141.0 Cottontail
Country Club Hills,Week2,Hayfield Farm,Week2,227.0 Hayfield Farm - 175.0 Country Club Hills
Cottontail,Week4,McLean,Week2,317.0 McLean - 85.0 Cottontail
Cottontail,Week1,Sully Station,Week2,245.0 Sully Station - 157.0 Cottontail
Cottontail,Week1,Waynewood,Week1,249.0 Waynewood - 153.0 Cottontail
Cottontail,Week3,Riverside Gardens,Week2,256.0 Riverside Gardens - 146.0 Cottontail
Cottontail,Week2,Sully Station,Week5,273.0 Sully Station - 129.0 Cottontail
Cottontail,Week3,Sully Station,Week1,284.0 Sully Station - 118.0 Cottontail
Commonwealth,Week2,Shouse Village,Week4,233.0 Shouse Village - 168.0 Commonwealth
Cottontail,Week3,Waynewood,Week5,307.0 Waynewood - 95.0 Cottontail
Country Club Hills,Week2,Hayfield Farm,Week1,222.0 Hayfield Farm - 180.0 Country Club Hills
Country Club Hills,Week5,Hayfield Farm,Week5,202.0 Hayfield Farm - 200.0 Country Club Hills
Cottontail,Week2,Sully Station,Week2,260.0 Sully Station - 142.0 Cottontail
Cottontail,Week4,Waynewood,Week1,253.0 Waynewood - 149.0 Cottontail
Commonwealth,Week5,Shouse Village,Week2,210.0 Shouse Village - 192.0 Commonwealth
Country Club Hills,Week3,Hayfield Farm,Week2,235.0 Hayfield Farm - 167.0 Country Club Hills
Cottontail,Week4,Riverside Gardens,Week4,301.0 Riverside Gardens - 101.0 Cottontail
Commonwealth,Week1,Shouse Village,Week4,281.0 Shouse Village - 120.0 Commonwealth
Cottontail,Week3,Riverside Gardens,Week5,309.0 Riverside Gardens - 93.0 Cottontail
Cottontail,Week4,Riverside Gardens,Week3,295.0 Riverside Gardens - 107.0 Cottontail
Commonwealth,Week5,Rutherford,Week2,244.0 Commonwealth - 158.0 Rutherford
Cottontail,Week4,Riverside Gardens,Week2,268.0 Riverside Gardens - 134.0 Cottontail
Cottontail,Week5,Walden Glen,Week1,237.0 Cottontail - 165.0 Walden Glen
Cottontail,Week5,Sully Station,Week2,240.0 Sully Station - 162.0 Cottontail
Cottontail,Week3,Riverside Gardens,Week4,312.0 Riverside Gardens - 90.0 Cottontail
Cottontail,Week5,Walden Glen,Week2,220.0 Cottontail - 182.0 Walden Glen
Cottontail,Week2,Waynewood,Week1,269.0 Waynewood - 133.0 Cottontail
Cottontail,Week3,Sully Station,Week5,287.0 Sully Station - 115.0 Cottontail
Cottontail,Week3,Mosby Woods,Week5,287.0 Mosby Woods - 115.0 Cottontail
Country Club Hills,Week3,Great Falls,Week2,210.0 Great Falls - 174.0 Country Club Hills
Country Club Hills,Week2,Herndon,Week2,303.5 Country Club Hills - 98.5 Herndon
Cottontail,Week3,Sully Station,Week3,270.0 Sully Station - 132.0 Cottontail
Cottontail,Week4,Riverside Gardens,Week1,278.0 Riverside Gardens - 124.0 Cottontail
Country Club Hills,Week1,Herndon,Week1,305.0 Country Club Hills - 97.0 Herndon
Country Club Hills,Week2,Herndon,Week5,301.0 Country Club Hills - 101.0 Herndon
Cottontail,Week3,McLean,Week5,323.0 McLean - 79.0 Cottontail
Cottontail,Week4,Riverside Gardens,Week5,289.0 Riverside Gardens - 113.0 Cottontail
Country Club Hills,Week2,Herndon,Week4,299.0 Country Club Hills - 103.0 Herndon
Cottontail,Week3,Sully Station,Week2,265.0 Sully Station - 137.0 Cottontail
Cottontail,Week3,Mosby Woods,Week3,273.0 Mosby Woods - 129.0 Cottontail
Cottontail,Week4,Mosby Woods,Week4,258.0 Mosby Woods - 144.0 Cottontail
Country Club Hills,Week3,Herndon,Week1,292.0 Country Club Hills - 110.0 Herndon
Country Club Hills,Week1,Great Falls,Week4,222.0 Great Falls - 180.0 Country Club Hills
Cottontail,Week2,Waynewood,Week2,276.0 Waynewood - 126.0 Cottontail
Country Club Hills,Week2,Herndon,Week3,305.0 Country Club Hills - 97.0 Herndon
Cottontail,Week5,Walden Glen,Week3,238.0 Cottontail - 164.0 Walden Glen
Cottontail,Week2,Mosby Woods,Week1,278.0 Mosby Woods - 124.0 Cottontail
Cottontail,Week5,Riverside Gardens,Week2,244.0 Riverside Gardens - 158.0 Cottontail
Cottontail,Week4,Waynewood,Week2,275.0 Waynewood - 127.0 Cottontail
Country Club Hills,Week3,Great Falls,Week4,223.0 Great Falls - 178.0 Country Club Hills
Cottontail,Week4,Sully Station,Week4,259.0 Sully Station - 143.0 Cottontail
Cottontail,Week3,McLean,Week3,309.0 McLean - 93.0 Cottontail
Country Club Hills,Week1,Great Falls,Week2,216.0 Great Falls - 168.0 Country Club Hills
Cottontail,Week4,Sully Station,Week1,268.0 Sully Station - 134.0 Cottontail
Cottontail,Week2,Mosby Woods,Week5,264.0 Mosby Woods - 138.0 Cottontail
Cottontail,Week5,Riverside Gardens,Week1,265.0 Riverside Gardens - 137.0 Cottontail
Country Club Hills,Week3,Fox Mill Woods,Week2,281.0 Fox Mill Woods - 121.0 Country Club Hills
Cottontail,Week4,Waynewood,Week5,296.0 Waynewood - 106.0 Cottontail
Cottontail,Week4,Waynewood,Week4,271.0 Waynewood - 131.0 Cottontail
Country Club Hills,Week3,Hayfield Farm,Week1,239.0 Hayfield Farm - 163.0 Country Club Hills
Country Club Hills,Week2,Fox Mill Woods,Week5,304.0 Fox Mill Woods - 98.0 Country Club Hills
Country Club Hills,Week3,Fox Mill Woods,Week4,290.0 Fox Mill Woods - 112.0 Country Club Hills
Cottontail,Week5,Sully Station,Week1,257.0 Sully Station - 145.0 Cottontail
Cottontail,Week1,Sully Station II,Week2,292.0 Sully Station II - 110.0 Cottontail
Country Club Hills,Week1,Annandale,Week1,264.0 Country Club Hills - 133.0 Annandale
Country Club Hills,Week3,Herndon,Week2,295.0 Country Club Hills - 107.0 Herndon
Cottontail,Week4,Sully Station II,Week1,273.0 Sully Station II - 129.0 Cottontail
Cottontail,Week1,Mosby Woods,Week3,262.0 Mosby Woods - 140.0 Cottontail
Country Club Hills,Week4,Hayfield Farm,Week5,220.0 Hayfield Farm - 182.0 Country Club Hills
Country Club Hills,Week5,Fox Mill Woods,Week4,261.0 Fox Mill Woods - 141.0 Country Club Hills
Cottontail,Week1,Sully Station II,Week1,256.0 Sully Station II - 146.0 Cottontail
Cottontail,Week5,Waynewood,Week2,265.0 Waynewood - 137.0 Cottontail
Cottontail,Week2,Sully Station II,Week4,281.0 Sully Station II - 121.0 Cottontail
Cottontail,Week3,McLean,Week2,307.0 McLean - 95.0 Cottontail
Cottontail,Week4,McLean,Week1,310.0 McLean - 87.0 Cottontail
Country Club Hills,Week3,Hayfield Farm,Week4,244.0 Hayfield Farm - 158.0 Country Club Hills
Country Club Hills,Week4,Hayfield Farm,Week3,249.0 Hayfield Farm - 153.0 Country Club Hills
Cottontail,Week3,Woodley,Week4,254.0 Cottontail - 148.0 Woodley
Country Club Hills,Week1,Herndon,Week2,313.0 Country Club Hills - 89.0 Herndon
Country Club Hills,Week4,Fox Mill Woods,Week1,287.0 Fox Mill Woods - 115.0 Country Club Hills
Cottontail,Week3,McLean,Week4,326.0 McLean - 76.0 Cottontail
Country Club Hills,Week1,Great Falls,Week5,239.0 Great Falls - 163.0 Country Club Hills
Country Club Hills,Week3,Hayfield Farm,Week3,252.0 Hayfield Farm - 150.0 Country Club Hills
Country Club Hills,Week3,Fox Mill Woods,Week3,287.0 Fox Mill Woods - 115.0 Country Club Hills
Cottontail,Week3,Sully Station II,Week5,317.5 Sully Station II - 84.5 Cottontail
Cottontail,Week1,Truro,Week1,240.0 Cottontail - 162.0 Truro
Country Club Hills,Week5,Fox Mill Woods,Week5,283.0 Fox Mill Woods - 119.0 Country Club Hills
Country Club Hills,Week5,Fox Mill Woods,Week1,272.0 Fox Mill Woods - 130.0 Country Club Hills
Cottontail,Week3,Sully Station II,Week4,270.5 Sully Station II - 131.5 Cottontail
Cottontail,Week5,Waynewood,Week4,274.0 Waynewood - 128.0 Cottontail
Cottontail,Week1,Woodley,Week1,262.0 Cottontail - 140.0 Woodley
Cottontail,Week1,Mosby Woods,Week2,270.0 Mosby Woods - 132.0 Cottontail
Cottontail,Week5,McLean,Week4,310.0 McLean - 92.0 Cottontail
Cottontail,Week1,Woodley,Week4,256.0 Cottontail - 146.0 Woodley
Country Club Hills,Week1,Great Falls,Week3,238.0 Great Falls - 164.0 Country Club Hills
Cottontail,Week4,McLean,Week4,322.5 McLean - 74.5 Cottontail
Country Club Hills,Week5,Hayfield Farm,Week2,206.0 Hayfield Farm - 196.0 Country Club Hills
Cottontail,Week5,Waynewood,Week5,293.0 Waynewood - 109.0 Cottontail
Country Club Hills,Week2,Hayfield Farm,Week4,239.0 Hayfield Farm - 163.0 Country Club Hills
Country Club Hills,Week2,Great Falls,Week2,221.0 Great Falls - 163.0 Country Club Hills
Country Club Hills,Week5,Fox Mill Woods,Week3,253.0 Fox Mill Woods - 149.0 Country Club Hills
Country Club Hills,Week3,Hayfield Farm,Week5,229.0 Hayfield Farm - 173.0 Country Club Hills
Cottontail,Week2,Mosby Woods,Week3,256.0 Mosby Woods - 146.0 Cottontail
Country Club Hills,Week2,Hayfield Farm,Week5,217.0 Hayfield Farm - 185.0 Country Club Hills
Cottontail,Week4,Woodley,Week4,262.0 Cottontail - 140.0 Woodley
Country Club Hills,Week2,Great Falls,Week3,239.0 Great Falls - 163.0 Country Club Hills
Country Club Hills,Week4,Hayfield Farm,Week2,236.0 Hayfield Farm - 166.0 Country Club Hills
Cottontail,Week1,Truro,Week5,229.0 Cottontail - 173.0 Truro
Cottontail,Week2,Woodley,Week2,268.0 Cottontail - 134.0 Woodley
Cottontail,Week5,McLean,Week2,299.0 McLean - 103.0 Cottontail
Country Club Hills,Week2,Annandale,Week4,277.0 Country Club Hills - 125.0 Annandale
Cottontail,Week5,McLean,Week3,312.0 McLean - 90.0 Cottontail
Country Club Hills,Week5,Hayfield Farm,Week1,209.0 Hayfield Farm - 193.0 Country Club Hills
Cottontail,Week2,Sully Station II,Week5,324.0 Sully Station II - 78.0 Cottontail
Cottontail,Week1,Mosby Woods,Week1,274.0 Mosby Woods - 128.0 Cottontail
Cottontail,Week1,Woodley,Week3,261.0 Cottontail - 141.0 Woodley
Country Club Hills,Week4,Fox Mill Woods,Week4,285.0 Fox Mill Woods - 117.0 Country Club Hills
Country Club Hills,Week2,Annandale,Week3,240.0 Country Club Hills - 162.0 Annandale
Cottontail,Week5,Sully Station II,Week3,294.0 Sully Station II - 108.0 Cottontail
Country Club Hills,Week3,Fox Mill Woods,Week1,283.0 Fox Mill Woods - 119.0 Country Club Hills
Cottontail,Week1,Mosby Woods,Week4,262.0 Mosby Woods - 140.0 Cottontail
Cottontail,Week1,Truro,Week3,247.5 Cottontail - 154.5 Truro
Cottontail,Week4,Sully Station II,Week3,310.0 Sully Station II - 92.0 Cottontail
Country Club Hills,Week4,Fox Mill Woods,Week5,290.0 Fox Mill Woods - 112.0 Country Club Hills
Cottontail,Week1,Truro,Week4,227.0 Cottontail - 175.0 Truro
Cottontail,Week3,Woodley,Week1,260.0 Cottontail - 142.0 Woodley
Country Club Hills,Week5,Hayfield Farm,Week4,226.0 Hayfield Farm - 176.0 Country Club Hills
Cottontail,Week5,Sully Station II,Week4,241.0 Sully Station II - 161.0 Cottontail
Cottontail,Week3,Sully Station II,Week3,308.5 Sully Station II - 93.5 Cottontail
Cottontail,Week2,Sully Station II,Week3,313.0 Sully Station II - 89.0 Cottontail
Country Club Hills,Week2,Great Falls,Week1,207.0 Great Falls - 195.0 Country Club Hills
Cottontail,Week4,Donaldson Run,Week3,305.0 Donaldson Run - 97.0 Cottontail
Country Club Hills,Week2,Great Falls,Week4,230.0 Great Falls - 172.0 Country Club Hills
Cottontail,Week5,Woodley,Week2,271.0 Cottontail - 131.0 Woodley
Cottontail,Week4,McLean,Week5,332.0 McLean - 70.0 Cottontail
Country Club Hills,Week5,Hayfield Farm,Week3,236.0 Hayfield Farm - 166.0 Country Club Hills
Cottontail,Week3,McLean,Week1,310.0 McLean - 92.0 Cottontail
Cottontail,Week3,Sully Station II,Week1,269.0 Sully Station II - 133.0 Cottontail
Country Club Hills,Week5,Fox Mill Woods,Week2,247.0 Fox Mill Woods - 155.0 Country Club Hills
Country Club Hills,Week4,Fox Mill Woods,Week3,284.0 Fox Mill Woods - 118.0 Country Club Hills
Cottontail,Week2,Woodley,Week3,261.0 Cottontail - 141.0 Woodley
Cottontail,Week2,Sully Station II,Week1,273.0 Sully Station II - 129.0 Cottontail
Cottontail,Week4,Woodley,Week2,262.0 Cottontail - 140.0 Woodley
Cottontail,Week5,McLean,Week1,299.0 McLean - 103.0 Cottontail
Cottontail,Week3,Sully Station II,Week2,299.0 Sully Station II - 103.0 Cottontail
Country Club Hills,Week1,Herndon,Week4,316.0 Country Club Hills - 86.0 Herndon
Country Club Hills,Week2,Great Falls,Week5,235.0 Great Falls - 167.0 Country Club Hills
Cottontail,Week1,Mosby Woods,Week5,267.0 Mosby Woods - 135.0 Cottontail
Cottontail,Week2,Mosby Woods,Week2,263.0 Mosby Woods - 139.0 Cottontail
Cottontail,Week5,McLean,Week5,316.0 McLean - 86.0 Cottontail
Cottontail,Week3,Woodley,Week5,236.0 Cottontail - 166.0 Woodley
Country Club Hills,Week1,Herndon,Week3,315.0 Country Club Hills - 87.0 Herndon
Country Club Hills,Week4,Hayfield Farm,Week1,229.0 Hayfield Farm - 173.0 Country Club Hills
Country Club Hills,Week1,Annandale,Week4,267.5 Country Club Hills - 134.5 Annandale
Cottontail,Week2,Truro,Week1,217.0 Cottontail - 185.0 Truro
Cottontail,Week5,Donaldson Run,Week2,294.0 Donaldson Run - 108.0 Cottontail
Country Club Hills,Week1,Herndon,Week5,311.0 Country Club Hills - 91.0 Herndon
Country Club Hills,Week3,Fox Mill Woods,Week5,297.0 Fox Mill Woods - 105.0 Country Club Hills
Cottontail,Week2,Mosby Woods,Week4,262.0 Mosby Woods - 140.0 Cottontail
Cottontail,Week5,Donaldson Run,Week4,295.0 Donaldson Run - 107.0 Cottontail
Cottontail,Week2,Woodley,Week5,255.5 Cottontail - 146.5 Woodley
Country Club Hills,Week4,Hayfield Farm,Week4,249.0 Hayfield Farm - 153.0 Country Club Hills
Cottontail,Week4,McLean,Week3,321.0 McLean - 81.0 Cottontail
Country Club Hills,Week2,Hiddenbrook,Week4,202.0 Country Club Hills - 200.0 Hiddenbrook
Cottontail,Week4,Woodley,Week3,259.0 Cottontail - 143.0 Woodley
Cottontail,Week3,Mosby Woods,Week1,288.0 Mosby Woods - 114.0 Cottontail
Commonwealth,Week5,Virginia Run,Week1,261.0 Virginia Run - 141.0 Commonwealth
Country Club Hills,Week5,Herndon,Week2,322.0 Country Club Hills - 80.0 Herndon
Country Club Hills,Week3,Great Falls,Week3,235.0 Great Falls - 167.0 Country Club Hills
Commonwealth,Week3,Wakefield Chapel,Week3,336.0 Wakefield Chapel - 66.0 Commonwealth
Commonwealth,Week4,Virginia Run,Week4,265.0 Virginia Run - 137.0 Commonwealth
Cottontail,Week3,Mosby Woods,Week2,279.0 Mosby Woods - 123.0 Cottontail
Cottontail,Week5,Sully Station,Week4,257.0 Sully Station - 145.0 Cottontail
Commonwealth,Week2,Wakefield Chapel,Week1,319.0 Wakefield Chapel - 83.0 Commonwealth
Country Club Hills,Week2,Annandale,Week2,256.0 Country Club Hills - 146.0 Annandale
Cottontail,Week1,Sully Station II,Week5,306.5 Sully Station II - 95.5 Cottontail
Cottontail,Week2,Donaldson Run,Week1,292.0 Donaldson Run - 110.0 Cottontail
Cottontail,Week4,Mosby Woods,Week1,273.0 Mosby Woods - 129.0 Cottontail
Cottontail,Week1,Dowden Terrace,Week2,210.0 Dowden Terrace - 192.0 Cottontail
Cottontail,Week1,Sully Station II,Week3,296.0 Sully Station II - 106.0 Cottontail
Cottontail,Week3,Woodley,Week2,236.0 Cottontail - 166.0 Woodley
Cottontail,Week1,Dowden Terrace,Week5,255.0 Dowden Terrace - 147.0 Cottontail
Cottontail,Week3,Mosby Woods,Week4,267.0 Mosby Woods - 135.0 Cottontail
Cottontail,Week4,Sully Station II,Week4,273.0 Sully Station II - 129.0 Cottontail
Cottontail,Week1,Dowden Terrace,Week1,204.0 Dowden Terrace - 198.0 Cottontail
Country Club Hills,Week4,Fox Mill Woods,Week2,270.0 Fox Mill Woods - 132.0 Country Club Hills
Country Club Hills,Week2,Hiddenbrook,Week2,247.0 Country Club Hills - 154.0 Hiddenbrook
Cottontail,Week2,Donaldson Run,Week2,280.0 Donaldson Run - 122.0 Cottontail
Country Club Hills,Week2,Greenbriar,Week4,217.0 Greenbriar - 185.0 Country Club Hills
Commonwealth,Week3,Wakefield Chapel,Week1,339.0 Wakefield Chapel - 63.0 Commonwealth
Cottontail,Week2,Woodley,Week1,262.0 Cottontail - 140.0 Woodley
Cottontail,Week5,Woodley,Week5,259.0 Cottontail - 143.0 Woodley
Cottontail,Week4,Mosby Woods,Week2,270.0 Mosby Woods - 132.0 Cottontail
Country Club Hills,Week2,Hiddenbrook,Week3,210.0 Country Club Hills - 192.0 Hiddenbrook
Country Club Hills,Week5,Herndon,Week4,321.0 Country Club Hills - 81.0 Herndon
Cottontail,Week4,Sully Station II,Week5,313.0 Sully Station II - 89.0 Cottontail
Country Club Hills,Week1,Great Falls,Week1,205.0 Great Falls - 197.0 Country Club Hills
Country Club Hills,Week3,Great Falls,Week1,210.0 Great Falls - 191.0 Country Club Hills
Cottontail,Week1,Sully Station II,Week4,265.0 Sully Station II - 137.0 Cottontail
Country Club Hills,Week5,Great Falls,Week3,206.0 Great Falls - 196.0 Country Club Hills
Country Club Hills,Week4,Herndon,Week3,299.0 Country Club Hills - 103.0 Herndon
Commonwealth,Week4,Wakefield Chapel,Week2,333.0 Wakefield Chapel - 69.0 Commonwealth
Country Club Hills,Week1,Hiddenbrook,Week1,223.0 Country Club Hills - 179.0 Hiddenbrook
Cottontail,Week1,Donaldson Run,Week5,308.0 Donaldson Run - 94.0 Cottontail
Country Club Hills,Week5,Great Falls,Week1,219.0 Country Club Hills - 183.0 Great Falls
Cottontail,Week2,Donaldson Run,Week4,295.0 Donaldson Run - 107.0 Cottontail
Country Club Hills,Week3,Herndon,Week4,292.0 Country Club Hills - 110.0 Herndon
Cottontail,Week5,Mosby Woods,Week4,257.0 Mosby Woods - 145.0 Cottontail
Cottontail,Week5,Dominion Hills,Week5,255.0 Dominion Hills - 147.0 Cottontail
Cottontail,Week4,Mosby Woods,Week3,263.0 Mosby Woods - 139.0 Cottontail
Cottontail,Week1,Mount Vernon Park,Week1,277.0 Mount Vernon Park - 125.0 Cottontail
Country Club Hills,Week5,Great Falls,Week2,211.0 Country Club Hills - 173.0 Great Falls
Cottontail,Week5,Woodley,Week3,287.0 Cottontail - 115.0 Woodley
Country Club Hills,Week4,Herndon,Week1,291.0 Country Club Hills - 111.0 Herndon
Cottontail,Week4,Woodley,Week1,253.0 Cottontail - 149.0 Woodley
Cottontail,Week5,Woodley,Week4,278.0 Cottontail - 124.0 Woodley
Cottontail,Week2,Sully Station II,Week2,308.0 Sully Station II - 94.0 Cottontail
Cottontail,Week3,Woodley,Week3,257.0 Cottontail - 145.0 Woodley
Cottontail,Week3,Donaldson Run,Week2,305.0 Donaldson Run - 97.0 Cottontail
Commonwealth,Week2,Wakefield Chapel,Week4,300.0 Wakefield Chapel - 102.0 Commonwealth
Commonwealth,Week4,Virginia Run,Week2,262.0 Virginia Run - 140.0 Commonwealth
Country Club Hills,Week2,Greenbriar,Week2,265.0 Greenbriar - 137.0 Country Club Hills
Cottontail,Week5,Sully Station,Week5,270.0 Sully Station - 132.0 Cottontail
Country Club Hills,Week1,Greenbriar,Week5,237.0 Greenbriar - 165.0 Country Club Hills
Cottontail,Week5,Woodley,Week1,285.0 Cottontail - 117.0 Woodley
Commonwealth,Week3,Sideburn Run,Week3,244.0 Sideburn Run - 158.0 Commonwealth
Cottontail,Week2,Mount Vernon Park,Week1,287.0 Mount Vernon Park - 115.0 Cottontail
Country Club Hills,Week5,Greenbriar,Week1,216.0 Greenbriar - 186.0 Country Club Hills
Cottontail,Week4,Woodley,Week5,247.0 Cottontail - 150.0 Woodley
Commonwealth,Week5,Wakefield Chapel,Week1,321.0 Wakefield Chapel - 81.0 Commonwealth
Country Club Hills,Week4,Herndon,Week2,298.0 Country Club Hills - 104.0 Herndon
Commonwealth,Week4,Virginia Run,Week1,271.0 Virginia Run - 131.0 Commonwealth
Cottontail,Week5,Sully Station II,Week2,280.0 Sully Station II - 122.0 Cottontail
Country Club Hills,Week3,Herndon,Week5,287.0 Country Club Hills - 115.0 Herndon
Commonwealth,Week3,Sideburn Run,Week5,236.0 Sideburn Run - 166.0 Commonwealth
Cottontail,Week5,Mosby Woods,Week3,260.0 Mosby Woods - 142.0 Cottontail
Cottontail,Week4,Mount Vernon Park,Week1,292.0 Mount Vernon Park - 110.0 Cottontail
Cottontail,Week3,Mount Vernon Park,Week4,300.0 Mount Vernon Park - 102.0 Cottontail
Cottontail,Week2,Mount Vernon Park,Week4,286.0 Mount Vernon Park - 116.0 Cottontail
Commonwealth,Week4,Sideburn Run,Week1,264.0 Sideburn Run - 138.0 Commonwealth
Commonwealth,Week5,Virginia Run,Week3,242.0 Virginia Run - 160.0 Commonwealth
Country Club Hills,Week1,Greenbriar,Week4,231.0 Greenbriar - 171.0 Country Club Hills
Cottontail,Week1,Donaldson Run,Week3,288.0 Donaldson Run - 114.0 Cottontail
Country Club Hills,Week5,Herndon,Week5,321.0 Country Club Hills - 81.0 Herndon
Commonwealth,Week3,Sideburn Run,Week1,249.0 Sideburn Run - 153.0 Commonwealth
Country Club Hills,Week1,Annandale,Week2,247.0 Country Club Hills - 155.0 Annandale
Cottontail,Week1,Truro,Week2,266.0 Cottontail - 136.0 Truro
Cottontail,Week5,Sully Station II,Week1,248.0 Sully Station II - 154.0 Cottontail
Cottontail,Week4,Sully Station II,Week2,298.0 Sully Station II - 104.0 Cottontail
Country Club Hills,Week5,Great Falls,Week4,204.0 Great Falls - 198.0 Country Club Hills
Commonwealth,Week1,Wakefield Chapel,Week3,327.0 Wakefield Chapel - 69.0 Commonwealth
Country Club Hills,Week4,Herndon,Week4,301.0 Country Club Hills - 101.0 Herndon
Country Club Hills,Week1,High Point Pool,Week1,246.0 High Point Pool - 156.0 Country Club Hills
Country Club Hills,Week3,Great Falls,Week5,230.0 Great Falls - 171.0 Country Club Hills
Cottontail,Week2,Woodley,Week4,252.0 Cottontail - 150.0 Woodley
Cottontail,Week1,Donaldson Run,Week4,290.0 Donaldson Run - 112.0 Cottontail
Cottontail,Week5,Sully Station II,Week5,302.0 Sully Station II - 100.0 Cottontail
Commonwealth,Week5,Wakefield Chapel,Week4,303.0 Wakefield Chapel - 99.0 Commonwealth
Commonwealth,Week4,Virginia Run,Week5,288.0 Virginia Run - 114.0 Commonwealth
Cottontail,Week2,Donaldson Run,Week3,297.0 Donaldson Run - 105.0 Cottontail
Cottontail,Week1,Woodley,Week5,247.0 Cottontail - 155.0 Woodley
Cottontail,Week3,Donaldson Run,Week4,307.0 Donaldson Run - 95.0 Cottontail
Cottontail,Week3,Donaldson Run,Week3,306.0 Donaldson Run - 96.0 Cottontail
Cottontail,Week5,Dominion Hills,Week4,229.0 Dominion Hills - 173.0 Cottontail
Cottontail,Week5,Truro,Week4,233.0 Cottontail - 169.0 Truro
Cottontail,Week1,Donaldson Run,Week1,287.0 Donaldson Run - 115.0 Cottontail
Commonwealth,Week2,Sideburn Run,Week4,220.5 Sideburn Run - 181.5 Commonwealth
Cottontail,Week2,Tuckahoe,Week3,360.0 Tuckahoe - 42.0 Cottontail
Country Club Hills,Week5,Greenbriar,Week2,226.0 Greenbriar - 176.0 Country Club Hills
Country Club Hills,Week4,Herndon,Week5,310.0 Country Club Hills - 92.0 Herndon
Country Club Hills,Week1,Annandale,Week5,244.0 Country Club Hills - 158.0 Annandale
Cottontail,Week5,Truro,Week5,250.0 Cottontail - 152.0 Truro
Country Club Hills,Week5,Great Falls,Week5,210.0 Great Falls - 192.0 Country Club Hills
Commonwealth,Week2,Wakefield Chapel,Week5,321.0 Wakefield Chapel - 81.0 Commonwealth
Country Club Hills,Week2,Hiddenbrook,Week5,212.0 Hiddenbrook - 190.0 Country Club Hills
Cottontail,Week5,Mount Vernon Park,Week1,272.0 Mount Vernon Park - 130.0 Cottontail
Country Club Hills,Week3,Arlington Forest,Week1,250.0 Arlington Forest - 152.0 Country Club Hills
Country Club Hills,Week2,Annandale,Week1,262.0 Country Club Hills - 140.0 Annandale
Country Club Hills,Week4,Annandale,Week5,256.0 Country Club Hills - 146.0 Annandale
Cottontail,Week4,Mount Vernon Park,Week5,301.0 Mount Vernon Park - 101.0 Cottontail
Cottontail,Week2,Donaldson Run,Week5,312.0 Donaldson Run - 90.0 Cottontail
Cottontail,Week2,Mount Vernon Park,Week5,303.0 Mount Vernon Park - 99.0 Cottontail
Commonwealth,Week4,Wakefield Chapel,Week1,344.0 Wakefield Chapel - 58.0 Commonwealth
Country Club Hills,Week2,Hiddenbrook,Week1,224.0 Country Club Hills - 178.0 Hiddenbrook
Commonwealth,Week4,Virginia Run,Week3,260.0 Virginia Run - 142.0 Commonwealth
Commonwealth,Week4,Sideburn Run,Week2,244.0 Sideburn Run - 158.0 Commonwealth
Commonwealth,Week3,Wakefield Chapel,Week5,346.0 Wakefield Chapel - 56.0 Commonwealth
Cottontail,Week4,Mount Vernon Park,Week4,282.5 Mount Vernon Park - 119.5 Cottontail
Country Club Hills,Week1,Annandale,Week3,236.0 Country Club Hills - 166.0 Annandale
Cottontail,Week5,Mosby Woods,Week1,273.0 Mosby Woods - 129.0 Cottontail
Cottontail,Week1,Tuckahoe,Week4,352.0 Tuckahoe - 50.0 Cottontail
Country Club Hills,Week5,Greenbriar,Week3,208.0 Greenbriar - 194.0 Country Club Hills
Country Club Hills,Week5,Hiddenbrook,Week3,233.0 Country Club Hills - 169.0 Hiddenbrook
Commonwealth,Week3,Sideburn Run,Week2,221.0 Sideburn Run - 181.0 Commonwealth
Cottontail,Week3,Truro,Week1,210.0 Cottontail - 192.0 Truro
Commonwealth,Week3,Sideburn Run,Week4,235.0 Sideburn Run - 167.0 Commonwealth
Cottontail,Week1,Donaldson Run,Week2,277.0 Donaldson Run - 125.0 Cottontail
Country Club Hills,Week2,Greenbriar,Week3,249.0 Greenbriar - 153.0 Country Club Hills
Country Club Hills,Week2,Greenbriar,Week1,245.0 Greenbriar - 157.0 Country Club Hills
Commonwealth,Week5,Shouse Village,Week5,251.0 Shouse Village - 151.0 Commonwealth
Cottontail,Week4,Donaldson Run,Week2,293.5 Donaldson Run - 108.5 Cottontail
Cottontail,Week1,Mount Vernon Park,Week2,272.0 Mount Vernon Park - 130.0 Cottontail
Commonwealth,Week1,Wakefield Chapel,Week2,331.0 Wakefield Chapel - 71.0 Commonwealth
Cottontail,Week2,Tuckahoe,Week5,364.0 Tuckahoe - 38.0 Cottontail
Country Club Hills,Week4,Greenbriar,Week4,224.0 Greenbriar - 178.0 Country Club Hills
Cottontail,Week4,Donaldson Run,Week1,291.0 Donaldson Run - 111.0 Cottontail
Cottontail,Week5,Mount Vernon Park,Week2,272.5 Mount Vernon Park - 129.5 Cottontail
Commonwealth,Week3,Virginia Run,Week5,276.0 Virginia Run - 126.0 Commonwealth
Country Club Hills,Week1,Hiddenbrook,Week4,211.0 Country Club Hills - 191.0 Hiddenbrook
Commonwealth,Week4,Sideburn Run,Week3,257.0 Sideburn Run - 145.0 Commonwealth
Commonwealth,Week4,Sideburn Run,Week4,258.0 Sideburn Run - 144.0 Commonwealth
Country Club Hills,Week2,Annandale,Week5,244.0 Country Club Hills - 158.0 Annandale
Cottontail,Week3,Donaldson Run,Week1,302.0 Donaldson Run - 100.0 Cottontail
Cottontail,Week3,Donaldson Run,Week5,334.0 Donaldson Run - 68.0 Cottontail
Country Club Hills,Week1,Hiddenbrook,Week3,212.0 Country Club Hills - 190.0 Hiddenbrook
Country Club Hills,Week4,Great Falls,Week4,225.0 Great Falls - 177.0 Country Club Hills
Cottontail,Week4,Mount Vernon Park,Week2,279.0 Mount Vernon Park - 123.0 Cottontail
Country Club Hills,Week3,Hiddenbrook,Week2,242.0 Country Club Hills - 159.0 Hiddenbrook
Commonwealth,Week1,Wakefield Chapel,Week1,329.0 Wakefield Chapel - 68.0 Commonwealth
Country Club Hills,Week3,Annandale,Week3,248.0 Country Club Hills - 154.0 Annandale
Cottontail,Week3,Tuckahoe,Week3,365.0 Tuckahoe - 37.0 Cottontail
Cottontail,Week2,Tuckahoe,Week1,335.0 Tuckahoe - 67.0 Cottontail
Country Club Hills,Week5,Annandale,Week1,295.0 Country Club Hills - 107.0 Annandale
Country Club Hills,Week3,Annandale,Week1,265.0 Country Club Hills - 137.0 Annandale
Commonwealth,Week1,Sideburn Run,Week2,248.0 Sideburn Run - 153.0 Commonwealth
Cottontail,Week5,Donaldson Run,Week1,287.0 Donaldson Run - 115.0 Cottontail
Commonwealth,Week1,Sideburn Run,Week3,261.0 Sideburn Run - 141.0 Commonwealth
Cottontail,Week3,Tuckahoe,Week5,365.0 Tuckahoe - 37.0 Cottontail
Country Club Hills,Week1,Greenbriar,Week1,242.0 Greenbriar - 160.0 Country Club Hills
Country Club Hills,Week1,Hiddenbrook,Week2,256.0 Country Club Hills - 145.0 Hiddenbrook
Cottontail,Week3,Mount Vernon Park,Week2,298.0 Mount Vernon Park - 104.0 Cottontail
Country Club Hills,Week4,Great Falls,Week1,218.0 Great Falls - 184.0 Country Club Hills
Cottontail,Week5,Mount Vernon Park,Week4,278.0 Mount Vernon Park - 124.0 Cottontail
Cottontail,Week3,Truro,Week2,236.0 Cottontail - 165.0 Truro
Cottontail,Week1,Mount Vernon Park,Week3,279.5 Mount Vernon Park - 122.5 Cottontail
Cottontail,Week4,Donaldson Run,Week4,311.0 Donaldson Run - 91.0 Cottontail
Cottontail,Week5,Donaldson Run,Week3,289.0 Donaldson Run - 113.0 Cottontail
Cottontail,Week2,Truro,Week5,213.0 Cottontail - 189.0 Truro
Country Club Hills,Week4,Greenbriar,Week5,239.0 Greenbriar - 163.0 Country Club Hills
Commonwealth,Week3,Virginia Run,Week3,252.0 Virginia Run - 150.0 Commonwealth
Cottontail,Week3,Mount Vernon Park,Week3,305.0 Mount Vernon Park - 97.0 Cottontail
Country Club Hills,Week3,Herndon,Week3,295.0 Country Club Hills - 107.0 Herndon
Country Club Hills,Week3,Hiddenbrook,Week4,210.0 Hiddenbrook - 192.0 Country Club Hills
Country Club Hills,Week4,Hiddenbrook,Week4,204.0 Hiddenbrook - 198.0 Country Club Hills
Cottontail,Week4,Tuckahoe,Week2,348.0 Tuckahoe - 54.0 Cottontail
Cottontail,Week5,Donaldson Run,Week5,320.0 Donaldson Run - 82.0 Cottontail
Country Club Hills,Week5,Herndon,Week3,332.0 Country Club Hills - 70.0 Herndon
Commonwealth,Week1,Wakefield Chapel,Week4,327.0 Wakefield Chapel - 75.0 Commonwealth
Commonwealth,Week5,Virginia Run,Week5,266.0 Virginia Run - 136.0 Commonwealth
Country Club Hills,Week4,Annandale,Week3,239.0 Country Club Hills - 163.0 Annandale
Cottontail,Week4,Donaldson Run,Week5,316.0 Donaldson Run - 86.0 Cottontail
Country Club Hills,Week4,Annandale,Week1,269.0 Country Club Hills - 133.0 Annandale
Country Club Hills,Week4,Great Falls,Week3,234.0 Great Falls - 168.0 Country Club Hills
Country Club Hills,Week1,Arlington Forest,Week4,256.0 Arlington Forest - 146.0 Country Club Hills
Commonwealth,Week4,Sideburn Run,Week5,265.0 Sideburn Run - 137.0 Commonwealth
Cottontail,Week4,Truro,Week2,241.0 Cottontail - 161.0 Truro
Country Club Hills,Week5,Annandale,Week3,274.0 Country Club Hills - 128.0 Annandale
Commonwealth,Week3,Virginia Run,Week4,260.0 Virginia Run - 142.0 Commonwealth
Cottontail,Week5,Mount Vernon Park,Week3,288.0 Mount Vernon Park - 114.0 Cottontail
Commonwealth,Week5,Sideburn Run,Week1,244.0 Sideburn Run - 158.0 Commonwealth
Country Club Hills,Week4,Great Falls,Week5,232.5 Great Falls - 169.5 Country Club Hills
Commonwealth,Week1,Sideburn Run,Week4,269.0 Sideburn Run - 133.0 Commonwealth
Commonwealth,Week5,Virginia Run,Week2,247.0 Virginia Run - 155.0 Commonwealth
Cottontail,Week3,Truro,Week3,231.0 Cottontail - 171.0 Truro
Country Club Hills,Week3,Hiddenbrook,Week1,215.0 Country Club Hills - 187.0 Hiddenbrook
Country Club Hills,Week3,Greenbriar,Week1,240.0 Greenbriar - 162.0 Country Club Hills
Country Club Hills,Week1,Hiddenbrook,Week5,210.0 Hiddenbrook - 192.0 Country Club Hills
Country Club Hills,Week5,Herndon,Week1,321.0 Country Club Hills - 81.0 Herndon
Country Club Hills,Week4,Annandale,Week4,273.0 Country Club Hills - 129.0 Annandale
Commonwealth,Week1,Wakefield Chapel,Week5,339.0 Wakefield Chapel - 63.0 Commonwealth
Country Club Hills,Week4,Annandale,Week2,252.0 Country Club Hills - 150.0 Annandale
Cottontail,Week4,Mosby Woods,Week5,262.0 Mosby Woods - 140.0 Cottontail
Country Club Hills,Week3,Hiddenbrook,Week5,213.0 Hiddenbrook - 189.0 Country Club Hills
Commonwealth,Week5,Shouse Village,Week4,246.0 Shouse Village - 156.0 Commonwealth
Cottontail,Week5,Mosby Woods,Week2,271.0 Mosby Woods - 131.0 Cottontail
Commonwealth,Week2,Wakefield Chapel,Week3,318.0 Wakefield Chapel - 84.0 Commonwealth
Cottontail,Week5,Truro,Week1,246.0 Cottontail - 156.0 Truro
Cottontail,Week1,Dowden Terrace,Week3,202.0 Cottontail - 200.0 Dowden Terrace
Cottontail,Week4,Truro,Week4,219.0 Cottontail - 183.0 Truro
Cottontail,Week2,Mount Vernon Park,Week2,292.0 Mount Vernon Park - 110.0 Cottontail
Commonwealth,Week2,Wakefield Chapel,Week2,302.0 Wakefield Chapel - 100.0 Commonwealth
Cottontail,Week5,Dowden Terrace,Week3,206.0 Cottontail - 196.0 Dowden Terrace
Commonwealth,Week3,Wakefield Chapel,Week2,316.0 Wakefield Chapel - 86.0 Commonwealth
Cottontail,Week3,Dowden Terrace,Week2,245.0 Dowden Terrace - 157.0 Cottontail
Country Club Hills,Week4,Great Falls,Week2,209.0 Great Falls - 175.0 Country Club Hills
Country Club Hills,Week3,Annandale,Week5,242.0 Country Club Hills - 160.0 Annandale
Country Club Hills,Week3,Greenbriar,Week3,249.0 Greenbriar - 153.0 Country Club Hills
Country Club Hills,Week1,Arlington Forest,Week5,260.0 Arlington Forest - 142.0 Country Club Hills
Country Club Hills,Week3,Hiddenbrook,Week3,204.0 Country Club Hills - 198.0 Hiddenbrook
Cottontail,Week1,Dowden Terrace,Week4,232.0 Dowden Terrace - 170.0 Cottontail
Cottontail,Week1,Mount Vernon Park,Week4,273.0 Mount Vernon Park - 129.0 Cottontail
Commonwealth,Week5,Sideburn Run,Week3,237.0 Sideburn Run - 165.0 Commonwealth
Commonwealth,Week1,Sideburn Run,Week5,273.0 Sideburn Run - 129.0 Commonwealth
Commonwealth,Week5,Sideburn Run,Week2,226.0 Sideburn Run - 176.0 Commonwealth
Country Club Hills,Week1,Greenbriar,Week3,246.0 Greenbriar - 156.0 Country Club Hills
Cottontail,Week1,Tuckahoe,Week1,336.0 Tuckahoe - 66.0 Cottontail
Commonwealth,Week5,Virginia Run,Week4,243.0 Virginia Run - 159.0 Commonwealth
Country Club Hills,Week1,Greenbriar,Week2,255.0 Greenbriar - 147.0 Country Club Hills
Country Club Hills,Week4,Greenbriar,Week1,243.0 Greenbriar - 159.0 Country Club Hills
Cottontail,Week2,Mount Vernon Park,Week3,290.0 Mount Vernon Park - 112.0 Cottontail
Cottontail,Week4,Truro,Week5,221.0 Cottontail - 181.0 Truro
Country Club Hills,Week4,Hiddenbrook,Week1,229.0 Country Club Hills - 173.0 Hiddenbrook
Country Club Hills,Week1,Arlington Forest,Week2,221.0 Arlington Forest - 181.0 Country Club Hills
Commonwealth,Week2,Sideburn Run,Week3,225.0 Sideburn Run - 177.0 Commonwealth
Cottontail,Week3,Dowden Terrace,Week1,236.0 Dowden Terrace - 166.0 Cottontail
Cottontail,Week5,Mosby Woods,Week5,260.5 Mosby Woods - 141.5 Cottontail
Country Club Hills,Week5,Annandale,Week2,279.0 Country Club Hills - 123.0 Annandale
Commonwealth,Week1,Sideburn Run,Week1,269.0 Sideburn Run - 128.0 Commonwealth
Commonwealth,Week3,Wakefield Chapel,Week4,305.0 Wakefield Chapel - 97.0 Commonwealth
Country Club Hills,Week3,Greenbriar,Week5,234.5 Greenbriar - 167.5 Country Club Hills
Cottontail,Week5,Dowden Terrace,Week1,205.0 Dowden Terrace - 196.0 Cottontail
Commonwealth,Week2,Sideburn Run,Week2,216.5 Sideburn Run - 185.5 Commonwealth
Commonwealth,Week4,Wakefield Chapel,Week4,325.0 Wakefield Chapel - 77.0 Commonwealth
Country Club Hills,Week2,Arlington Forest,Week1,262.5 Arlington Forest - 139.5 Country Club Hills
Cottontail,Week2,Truro,Week3,227.0 Cottontail - 175.0 Truro
Cottontail,Week3,Truro,Week4,223.0 Cottontail - 179.0 Truro
Country Club Hills,Week4,Hiddenbrook,Week2,245.0 Country Club Hills - 157.0 Hiddenbrook
Cottontail,Week2,Dowden Terrace,Week5,262.0 Dowden Terrace - 140.0 Cottontail
Country Club Hills,Week4,Hiddenbrook,Week5,217.0 Hiddenbrook - 185.0 Country Club Hills
Cottontail,Week1,Mount Vernon Park,Week5,288.0 Mount Vernon Park - 114.0 Cottontail
Commonwealth,Week2,Sideburn Run,Week1,235.0 Sideburn Run - 167.0 Commonwealth
Country Club Hills,Week3,Greenbriar,Week4,219.0 Greenbriar - 183.0 Country Club Hills
Commonwealth,Week4,Wakefield Chapel,Week3,346.0 Wakefield Chapel - 51.0 Commonwealth
Country Club Hills,Week4,Greenbriar,Week2,247.0 Greenbriar - 155.0 Country Club Hills
Country Club Hills,Week4,Greenbriar,Week3,239.0 Greenbriar - 163.0 Country Club Hills
Cottontail,Week3,Dowden Terrace,Week3,231.0 Dowden Terrace - 171.0 Cottontail
Cottontail,Week2,Dunn Loring,Week3,312.0 Dunn Loring - 90.0 Cottontail
Country Club Hills,Week5,Hiddenbrook,Week1,247.0 Country Club Hills - 155.0 Hiddenbrook
Cottontail,Week1,Tuckahoe,Week2,344.0 Tuckahoe - 58.0 Cottontail
Cottontail,Week3,Mount Vernon Park,Week1,300.0 Mount Vernon Park - 102.0 Cottontail
Cottontail,Week4,Truro,Week1,211.0 Cottontail - 191.0 Truro
Country Club Hills,Week2,Arlington Forest,Week3,219.0 Arlington Forest - 183.0 Country Club Hills
Country Club Hills,Week4,Hiddenbrook,Week3,204.0 Country Club Hills - 198.0 Hiddenbrook
Commonwealth,Week5,Wakefield Chapel,Week5,324.0 Wakefield Chapel - 78.0 Commonwealth
Country Club Hills,Week3,Annandale,Week4,274.0 Country Club Hills - 128.0 Annandale
Cottontail,Week3,Newington Forest,Week5,221.0 Cottontail - 181.0 Newington Forest
Cottontail,Week5,Truro,Week3,260.0 Cottontail - 142.0 Truro
Country Club Hills,Week1,Arlington Forest,Week3,211.0 Arlington Forest - 191.0 Country Club Hills
Commonwealth,Week2,Sideburn Run,Week5,221.0 Sideburn Run - 181.0 Commonwealth
Country Club Hills,Week2,Arlington Forest,Week2,224.0 Arlington Forest - 178.0 Country Club Hills
Country Club Hills,Week5,Hiddenbrook,Week5,215.0 Country Club Hills - 187.0 Hiddenbrook
Cottontail,Week1,North Springfield,Week1,276.0 Cottontail - 75.0 North Springfield
Cottontail,Week5,Truro,Week2,271.0 Cottontail - 131.0 Truro
Cottontail,Week4,Truro,Week3,234.0 Cottontail - 168.0 Truro
Commonwealth,Week5,Wakefield Chapel,Week2,303.0 Wakefield Chapel - 99.0 Commonwealth
Cottontail,Week4,Dowden Terrace,Week4,247.0 Dowden Terrace - 155.0 Cottontail
Cottontail,Week3,Newington Forest,Week1,248.0 Cottontail - 154.0 Newington Forest
Cottontail,Week4,Dowden Terrace,Week3,232.0 Dowden Terrace - 170.0 Cottontail
Country Club Hills,Week2,Greenbriar,Week5,235.0 Greenbriar - 167.0 Country Club Hills
Cottontail,Week2,Truro,Week4,223.0 Cottontail - 179.0 Truro
Commonwealth,Week5,Shouse Village,Week3,227.0 Shouse Village - 175.0 Commonwealth
Country Club Hills,Week5,Cottontail,Week3,230.5 Country Club Hills - 171.5 Cottontail
Country Club Hills,Week3,Greenbriar,Week2,252.5 Greenbriar - 149.5 Country Club Hills
Country Club Hills,Week1,Arlington Forest,Week1,238.0 Arlington Forest - 164.0 Country Club Hills
Commonwealth,Week3,Walden Glen,Week2,204.0 Walden Glen - 196.0 Commonwealth
Cottontail,Week1,Dunn Loring,Week1,260.0 Dunn Loring - 142.0 Cottontail
Country Club Hills,Week5,Hiddenbrook,Week2,279.0 Country Club Hills - 122.0 Hiddenbrook
Country Club Hills,Week5,Annandale,Week4,290.0 Country Club Hills - 112.0 Annandale
Cottontail,Week3,Mount Vernon Park,Week5,321.0 Mount Vernon Park - 81.0 Cottontail
Cottontail,Week4,Mount Vernon Park,Week3,297.0 Mount Vernon Park - 105.0 Cottontail
Commonwealth,Week4,Wakefield Chapel,Week5,349.0 Wakefield Chapel - 53.0 Commonwealth
Commonwealth,Week5,Wakefield Chapel,Week3,316.0 Wakefield Chapel - 86.0 Commonwealth
Country Club Hills,Week5,Hiddenbrook,Week4,232.0 Country Club Hills - 170.0 Hiddenbrook
Commonwealth,Week2,Walden Glen,Week5,236.0 Walden Glen - 165.0 Commonwealth
Cottontail,Week1,Newington Forest,Week5,239.0 Cottontail - 163.0 Newington Forest
Country Club Hills,Week2,High Point Pool,Week5,273.0 High Point Pool - 129.0 Country Club Hills
Cottontail,Week2,Dunn Loring,Week5,307.0 Dunn Loring - 95.0 Cottontail
Cottontail,Week1,Newington Forest,Week2,261.0 Cottontail - 141.0 Newington Forest
Cottontail,Week2,Newington Forest,Week2,262.0 Cottontail - 140.0 Newington Forest
Country Club Hills,Week3,Annandale,Week2,252.0 Country Club Hills - 150.0 Annandale
Cottontail,Week3,Truro,Week5,215.0 Cottontail - 187.0 Truro
Cottontail,Week2,Truro,Week2,249.0 Cottontail - 153.0 Truro
Country Club Hills,Week3,Cottontail,Week3,215.0 Cottontail - 187.0 Country Club Hills
Country Club Hills,Week5,Annandale,Week5,280.0 Country Club Hills - 122.0 Annandale
Commonwealth,Week1,Walden Glen,Week2,231.0 Walden Glen - 162.0 Commonwealth
Commonwealth,Week3,Walden Glen,Week5,239.0 Walden Glen - 163.0 Commonwealth
Cottontail,Week2,Tuckahoe,Week2,345.0 Tuckahoe - 57.0 Cottontail
Cottontail,Week1,Tuckahoe,Week5,347.0 Tuckahoe - 55.0 Cottontail
Cottontail,Week3,Dowden Terrace,Week4,245.5 Dowden Terrace - 156.5 Cottontail
Commonwealth,Week3,Walden Glen,Week4,209.0 Walden Glen - 193.0 Commonwealth
Cottontail,Week4,Dowden Terrace,Week5,269.5 Dowden Terrace - 132.5 Cottontail
Cottontail,Week4,Newington Forest,Week1,247.0 Cottontail - 154.0 Newington Forest
Country Club Hills,Week3,Country Club Hills,Week5,257.0 Country Club Hills (CCH2) - 145.0 Country Club Hills (CCH1)
Country Club Hills,Week1,High Point Pool,Week4,267.0 High Point Pool - 135.0 Country Club Hills
Cottontail,Week5,Newington Forest,Week4,254.0 Cottontail - 148.0 Newington Forest
Country Club Hills,Week5,High Point Pool,Week3,264.0 High Point Pool - 138.0 Country Club Hills
Country Club Hills,Week2,Country Club Hills,Week1,211.0 Country Club Hills (CCH2) - 191.0 Country Club Hills (CCH1)
Country Club Hills,Week2,Arlington Forest,Week5,274.0 Arlington Forest - 128.0 Country Club Hills
Country Club Hills,Week4,Arlington Forest,Week2,221.0 Arlington Forest - 181.0 Country Club Hills
Cottontail,Week5,Dowden Terrace,Week2,212.0 Dowden Terrace - 190.0 Cottontail
Cottontail,Week1,Tuckahoe,Week3,348.0 Tuckahoe - 54.0 Cottontail
Cottontail,Week2,Dunn Loring,Week4,311.0 Dunn Loring - 91.0 Cottontail
Commonwealth,Week3,Walden Glen,Week3,209.0 Walden Glen - 192.0 Commonwealth
Country Club Hills,Week2,Arlington Forest,Week4,272.0 Arlington Forest - 130.0 Country Club Hills
Country Club Hills,Week3,Cottontail,Week4,204.0 Cottontail - 198.0 Country Club Hills
Country Club Hills,Week1,Highland Park,Week1,263.0 Highland Park - 139.0 Country Club Hills
Country Club Hills,Week1,Country Club Hills,Week3,225.0 Country Club Hills (CCH2) - 177.0 Country Club Hills (CCH1)
Country Club Hills,Week5,High Point Pool,Week5,257.0 High Point Pool - 145.0 Country Club Hills
Cottontail,Week2,Tuckahoe,Week4,365.0 Tuckahoe - 37.0 Cottontail
Country Club Hills,Week5,Cottontail,Week1,210.0 Country Club Hills - 192.0 Cottontail
Country Club Hills,Week2,Brandywine,Week1,210.0 Brandywine - 192.0 Country Club Hills
Cottontail,Week3,Tuckahoe,Week2,354.0 Tuckahoe - 48.0 Cottontail
Cottontail,Week3,Dunn Loring,Week1,263.5 Dunn Loring - 138.5 Cottontail
Commonwealth,Week5,Walden Glen,Week5,228.0 Walden Glen - 174.0 Commonwealth
Cottontail,Week5,Dowden Terrace,Week5,244.0 Dowden Terrace - 158.0 Cottontail
Cottontail,Week2,Newington Forest,Week5,230.0 Cottontail - 172.0 Newington Forest
Cottontail,Week3,Newington Forest,Week3,262.0 Cottontail - 140.0 Newington Forest
Cottontail,Week3,Dunn Loring,Week2,299.0 Dunn Loring - 103.0 Cottontail
Country Club Hills,Week1,High Point Pool,Week3,253.0 High Point Pool - 149.0 Country Club Hills
Country Club Hills,Week2,High Point Pool,Week3,276.0 High Point Pool - 126.0 Country Club Hills
Country Club Hills,Week3,Brandywine,Week1,211.0 Brandywine - 191.0 Country Club Hills
Country Club Hills,Week3,Arlington Forest,Week5,263.0 Arlington Forest - 139.0 Country Club Hills
Country Club Hills,Week3,Cottontail,Week5,230.0 Cottontail - 172.0 Country Club Hills
Country Club Hills,Week5,Cottontail,Week4,220.0 Country Club Hills - 182.0 Cottontail
Commonwealth,Week5,Walden Glen,Week2,208.0 Commonwealth - 193.0 Walden Glen
Cottontail,Week2,Dowden Terrace,Week3,230.0 Dowden Terrace - 172.0 Cottontail
Country Club Hills,Week5,High Point Pool,Week4,256.0 High Point Pool - 146.0 Country Club Hills
Cottontail,Week3,Tuckahoe,Week1,344.0 Tuckahoe - 58.0 Cottontail
Country Club Hills,Week1,High Point Pool,Week5,277.0 High Point Pool - 125.0 Country Club Hills
Cottontail,Week2,Newington Forest,Week3,260.0 Cottontail - 142.0 Newington Forest
Country Club Hills,Week4,Cottontail,Week5,231.0 Cottontail - 171.0 Country Club Hills
Commonwealth,Week1,Walden Glen,Week5,258.0 Walden Glen - 143.0 Commonwealth
Commonwealth,Week3,Walden Glen,Week1,233.0 Commonwealth - 165.0 Walden Glen
Country Club Hills,Week4,Cottontail,Week4,218.0 Cottontail - 184.0 Country Club Hills
Country Club Hills,Week3,Brandywine,Week5,252.0 Brandywine - 150.0 Country Club Hills
Country Club Hills,Week3,High Point Pool,Week2,277.0 High Point Pool - 125.0 Country Club Hills
Cottontail,Week2,Dowden Terrace,Week4,248.0 Dowden Terrace - 154.0 Cottontail
Cottontail,Week3,Tuckahoe,Week4,367.0 Tuckahoe - 35.0 Cottontail
Country Club Hills,Week4,Brandywine,Week2,228.0 Brandywine - 174.0 Country Club Hills
Cottontail,Week2,Vienna Aquatic,Week1,315.0 Vienna Aquatic - 87.0 Cottontail
Commonwealth,Week1,Waynewood,Week1,284.0 Waynewood - 118.0 Commonwealth
Cottontail,Week4,Tuckahoe,Week1,338.0 Tuckahoe - 64.0 Cottontail
Cottontail,Week5,Newington Forest,Week5,238.0 Cottontail - 164.0 Newington Forest
Country Club Hills,Week2,Country Club Hills,Week4,212.0 Country Club Hills (CCH2) - 190.0 Country Club Hills (CCH1)
Commonwealth,Week5,Walden Glen,Week3,208.0 Walden Glen - 194.0 Commonwealth
Cottontail,Week2,Dowden Terrace,Week2,239.0 Dowden Terrace - 163.0 Cottontail
Country Club Hills,Week4,High Point Pool,Week3,272.0 High Point Pool - 130.0 Country Club Hills
Cottontail,Week5,Tuckahoe,Week3,345.0 Tuckahoe - 57.0 Cottontail
Country Club Hills,Week3,Arlington Forest,Week3,210.0 Arlington Forest - 192.0 Country Club Hills
Cottontail,Week3,Dowden Terrace,Week5,272.0 Dowden Terrace - 130.0 Cottontail
Commonwealth,Week4,Walden Glen,Week3,213.0 Walden Glen - 189.0 Commonwealth
Country Club Hills,Week4,High Point Pool,Week2,275.0 High Point Pool - 127.0 Country Club Hills
Cottontail,Week2,Vienna Aquatic,Week3,316.0 Vienna Aquatic - 86.0 Cottontail
Country Club Hills,Week4,Brandywine,Week5,257.0 Brandywine - 145.0 Country Club Hills
Cottontail,Week4,Newington Forest,Week3,254.0 Cottontail - 148.0 Newington Forest
Cottontail,Week4,Dowden Terrace,Week1,250.0 Dowden Terrace - 151.0 Cottontail
Cottontail,Week5,Tuckahoe,Week1,333.0 Tuckahoe - 69.0 Cottontail
Country Club Hills,Week5,Cottontail,Week2,233.0 Country Club Hills - 169.0 Cottontail
Cottontail,Week3,Newington Forest,Week4,250.0 Cottontail - 152.0 Newington Forest
Country Club Hills,Week3,Arlington Forest,Week2,213.0 Arlington Forest - 189.0 Country Club Hills
Country Club Hills,Week1,Country Club Hills,Week1,198.5 Country Club Hills (CCH1) - 198.5 Country Club Hills (CCH2)
Country Club Hills,Week5,Cottontail,Week5,206.0 Cottontail - 196.0 Country Club Hills
Cottontail,Week2,Dowden Terrace,Week1,224.0 Dowden Terrace - 178.0 Cottontail
Country Club Hills,Week1,Brandywine,Week2,220.0 Brandywine - 182.0 Country Club Hills
Cottontail,Week4,Newington Forest,Week2,248.0 Cottontail - 153.0 Newington Forest
Country Club Hills,Week2,High Point Pool,Week1,260.0 High Point Pool - 142.0 Country Club Hills
Country Club Hills,Week2,High Point Pool,Week4,282.0 High Point Pool - 120.0 Country Club Hills
Cottontail,Week1,Newington Forest,Week1,258.0 Cottontail - 144.0 Newington Forest
Commonwealth,Week2,Walden Glen,Week1,242.0 Commonwealth - 159.0 Walden Glen
Country Club Hills,Week4,Cottontail,Week3,215.0 Cottontail - 187.0 Country Club Hills
Commonwealth,Week2,Walden Glen,Week4,203.0 Walden Glen - 198.0 Commonwealth
Cottontail,Week5,Mount Vernon Park,Week5,297.0 Mount Vernon Park - 105.0 Cottontail
Cottontail,Week4,Dowden Terrace,Week2,234.0 Dowden Terrace - 168.0 Cottontail
Cottontail,Week1,Newington Forest,Week3,260.0 Cottontail - 142.0 Newington Forest
Cottontail,Week1,Dunn Loring,Week5,297.0 Dunn Loring - 105.0 Cottontail
Cottontail,Week5,Newington Forest,Week1,272.0 Cottontail - 129.0 Newington Forest
Cottontail,Week1,Dunn Loring,Week2,304.0 Dunn Loring - 98.0 Cottontail
Country Club Hills,Week3,Country Club Hills,Week3,201.0 Country Club Hills (CCH1) - 201.0 Country Club Hills (CCH2)
Country Club Hills,Week1,Country Club Hills,Week5,260.0 Country Club Hills (CCH2) - 142.0 Country Club Hills (CCH1)
Country Club Hills,Week4,Arlington Forest,Week4,264.0 Arlington Forest - 138.0 Country Club Hills
Country Club Hills,Week2,High Point Pool,Week2,289.0 High Point Pool - 113.0 Country Club Hills
Cottontail,Week5,Tuckahoe,Week4,343.5 Tuckahoe - 58.5 Cottontail
Cottontail,Week4,Newington Forest,Week4,235.0 Cottontail - 162.0 Newington Forest
Country Club Hills,Week2,Country Club Hills,Week3,217.0 Country Club Hills (CCH2) - 185.0 Country Club Hills (CCH1)
Country Club Hills,Week3,High Point Pool,Week3,272.0 High Point Pool - 130.0 Country Club Hills
Commonwealth,Week1,Walden Glen,Week1,211.0 Walden Glen - 182.0 Commonwealth
Cottontail,Week5,Newington Forest,Week2,270.0 Cottontail - 131.0 Newington Forest
Commonwealth,Week4,Walden Glen,Week4,214.0 Walden Glen - 183.0 Commonwealth
Cottontail,Week3,Vienna Aquatic,Week5,326.0 Vienna Aquatic - 76.0 Cottontail
Country Club Hills,Week3,High Point Pool,Week5,278.0 High Point Pool - 124.0 Country Club Hills
Country Club Hills,Week1,Brandywine,Week3,228.0 Brandywine - 173.0 Country Club Hills
Cottontail,Week3,Vienna Aquatic,Week2,313.0 Vienna Aquatic - 89.0 Cottontail
Cottontail,Week1,Dunn Loring,Week3,305.0 Dunn Loring - 97.0 Cottontail
Country Club Hills,Week3,Country Club Hills,Week1,225.0 Country Club Hills (CCH1) - 177.0 Country Club Hills (CCH2)
Country Club Hills,Week3,High Point Pool,Week4,273.0 High Point Pool - 129.0 Country Club Hills
Cottontail,Week2,Newington Forest,Week4,251.0 Cottontail - 151.0 Newington Forest
Cottontail,Week2,Dunn Loring,Week1,259.0 Dunn Loring - 143.0 Cottontail
Country Club Hills,Week2,Country Club Hills,Week2,201.0 Country Club Hills (CCH1) - 201.0 Country Club Hills (CCH2)
Country Club Hills,Week3,Arlington Forest,Week4,254.0 Arlington Forest - 148.0 Country Club Hills
Cottontail,Week2,Vienna Aquatic,Week2,303.5 Vienna Aquatic - 98.5 Cottontail
Cottontail,Week1,Dunn Loring,Week4,291.0 Dunn Loring - 111.0 Cottontail
Commonwealth,Week2,Walden Glen,Week3,207.0 Commonwealth - 194.0 Walden Glen
Commonwealth,Week4,Walden Glen,Week1,205.0 Commonwealth - 193.0 Walden Glen
Cottontail,Week5,Tuckahoe,Week5,343.0 Tuckahoe - 59.0 Cottontail
Country Club Hills,Week5,Arlington Forest,Week4,233.0 Arlington Forest - 169.0 Country Club Hills
Country Club Hills,Week1,High Point Pool,Week2,273.0 High Point Pool - 129.0 Country Club Hills
Country Club Hills,Week4,Arlington Forest,Week1,244.0 Arlington Forest - 158.0 Country Club Hills
Commonwealth,Week2,Walden Glen,Week2,209.0 Commonwealth - 189.0 Walden Glen
Commonwealth,Week4,Walden Glen,Week5,242.0 Walden Glen - 160.0 Commonwealth
Country Club Hills,Week4,High Point Pool,Week4,278.0 High Point Pool - 124.0 Country Club Hills
Cottontail,Week3,Vienna Aquatic,Week1,322.0 Vienna Aquatic - 80.0 Cottontail
Cottontail,Week2,Newington Forest,Week1,254.0 Cottontail - 148.0 Newington Forest
Cottontail,Week2,Dunn Loring,Week2,308.0 Dunn Loring - 94.0 Cottontail
Cottontail,Week2,Vienna Aquatic,Week4,298.0 Vienna Aquatic - 104.0 Cottontail
Country Club Hills,Week1,Country Club Hills,Week2,211.0 Country Club Hills (CCH1) - 191.0 Country Club Hills (CCH2)
Country Club Hills,Week3,High Point Pool,Week1,253.0 High Point Pool - 149.0 Country Club Hills
Cottontail,Week3,Daventry,Week2,266.0 Cottontail - 136.0 Daventry
Country Club Hills,Week2,Brandywine,Week3,226.5 Brandywine - 175.5 Country Club Hills
Cottontail,Week4,Vienna Aquatic,Week4,304.0 Vienna Aquatic - 98.0 Cottontail
Country Club Hills,Week4,High Point Pool,Week5,266.0 High Point Pool - 136.0 Country Club Hills
Cottontail,Week4,Newington Forest,Week5,228.0 Cottontail - 169.0 Newington Forest
Cottontail,Week5,Dowden Terrace,Week4,230.0 Dowden Terrace - 172.0 Cottontail
Country Club Hills,Week1,Brandywine,Week1,221.0 Brandywine - 181.0 Country Club Hills
Country Club Hills,Week1,Brandywine,Week4,238.0 Brandywine - 164.0 Country Club Hills
Commonwealth,Week4,Walden Glen,Week2,220.0 Walden Glen - 181.0 Commonwealth
Commonwealth,Week5,Walden Glen,Week4,210.0 Walden Glen - 192.0 Commonwealth
Commonwealth,Week1,Walden Glen,Week3,236.0 Walden Glen - 165.0 Commonwealth
Cottontail,Week1,Newington Forest,Week4,247.0 Cottontail - 155.0 Newington Forest
Cottontail,Week5,Newington Forest,Week3,270.0 Cottontail - 132.0 Newington Forest
Country Club Hills,Week2,Country Club Hills,Week5,255.0 Country Club Hills (CCH2) - 147.0 Country Club Hills (CCH1)
Cottontail,Week4,Vienna Aquatic,Week2,293.0 Vienna Aquatic - 109.0 Cottontail
Country Club Hills,Week4,Cottontail,Week2,222.0 Cottontail - 180.0 Country Club Hills
Country Club Hills,Week4,High Point Pool,Week1,254.0 High Point Pool - 148.0 Country Club Hills
Country Club Hills,Week5,Arlington Forest,Week3,215.0 Country Club Hills - 187.0 Arlington Forest
Country Club Hills,Week5,Country Club Hills,Week4,250.0 Country Club Hills (CCH1) - 152.0 Country Club Hills (CCH2)
Country Club Hills,Week3,Crosspointe,Week2,276.0 Crosspointe - 126.0 Country Club Hills
Country Club Hills,Week3,Country Club Hills,Week2,217.0 Country Club Hills (CCH1) - 185.0 Country Club Hills (CCH2)
Commonwealth,Week5,Village West,Week4,208.0 Commonwealth - 189.0 Village West
Cottontail,Week4,Vienna Aquatic,Week5,320.0 Vienna Aquatic - 82.0 Cottontail
Country Club Hills,Week1,Country Club Hills,Week4,220.0 Country Club Hills (CCH2) - 182.0 Country Club Hills (CCH1)
Country Club Hills,Week5,Arlington Forest,Week5,240.0 Arlington Forest - 162.0 Country Club Hills
Country Club Hills,Week5,High Point Pool,Week1,245.0 High Point Pool - 157.0 Country Club Hills
Country Club Hills,Week3,Country Club Hills,Week4,218.0 Country Club Hills (CCH2) - 184.0 Country Club Hills (CCH1)
Cottontail,Week2,Daventry,Week3,271.0 Cottontail - 131.0 Daventry
Commonwealth,Week5,Walden Glen,Week1,210.0 Commonwealth - 188.0 Walden Glen
Cottontail,Week1,Dominion Hills,Week3,227.0 Dominion Hills - 175.0 Cottontail
Commonwealth,Week1,Walden Glen,Week4,236.0 Walden Glen - 155.0 Commonwealth
Country Club Hills,Week5,Arlington Forest,Week2,208.0 Country Club Hills - 194.0 Arlington Forest
Cottontail,Week4,Tuckahoe,Week4,362.0 Tuckahoe - 40.0 Cottontail
Cottontail,Week4,Tuckahoe,Week3,355.0 Tuckahoe - 47.0 Cottontail
Country Club Hills,Week1,Highlands Swim,Week3,313.0 Highlands Swim - 89.0 Country Club Hills
Country Club Hills,Week1,Highlands Swim,Week5,327.0 Highlands Swim - 75.0 Country Club Hills
Country Club Hills,Week1,Brandywine,Week5,252.0 Brandywine - 150.0 Country Club Hills
Cottontail,Week3,North Springfield,Week2,278.0 Cottontail - 110.0 North Springfield
Commonwealth,Week3,Virginia Hills,Week5,287.0 Commonwealth - 115.0 Virginia Hills
Country Club Hills,Week2,Brandywine,Week2,215.5 Brandywine - 186.5 Country Club Hills
Country Club Hills,Week5,High Point Pool,Week2,269.0 High Point Pool - 133.0 Country Club Hills
Cottontail,Week1,Oakton ,Week1,286.0 Oakton - 116.0 Cottontail
Cottontail,Week3,Vienna Aquatic,Week3,326.0 Vienna Aquatic - 76.0 Cottontail
Cottontail,Week3,Newington Forest,Week2,250.0 Cottontail - 152.0 Newington Forest
Cottontail,Week2,North Springfield,Week5,248.0 Cottontail - 126.0 North Springfield
Cottontail,Week1,Vienna Aquatic,Week5,316.0 Vienna Aquatic - 86.0 Cottontail
Country Club Hills,Week3,Highland Park,Week5,248.0 Highland Park - 154.0 Country Club Hills
Country Club Hills,Week1,Highland Park,Week3,243.0 Highland Park - 159.0 Country Club Hills
Commonwealth,Week3,Virginia Hills,Week3,294.0 Commonwealth - 108.0 Virginia Hills
Commonwealth,Week2,Virginia Hills,Week4,312.0 Commonwealth - 89.0 Virginia Hills
Cottontail,Week3,Daventry,Week1,280.0 Cottontail - 122.0 Daventry
Cottontail,Week3,Dominion Hills,Week3,233.0 Dominion Hills - 169.0 Cottontail
Country Club Hills,Week5,Arlington Forest,Week1,217.5 Arlington Forest - 184.5 Country Club Hills
Cottontail,Week5,Daventry,Week1,296.0 Cottontail - 106.0 Daventry
Country Club Hills,Week4,Cottontail,Week1,231.0 Cottontail - 171.0 Country Club Hills
Cottontail,Week1,Oakton ,Week2,300.0 Oakton - 102.0 Cottontail
Cottontail,Week5,Daventry,Week2,288.0 Cottontail - 113.0 Daventry
Cottontail,Week2,North Springfield,Week3,266.0 Cottontail - 131.0 North Springfield
Commonwealth,Week3,Virginia Hills,Week2,308.0 Commonwealth - 91.0 Virginia Hills
Cottontail,Week1,North Springfield,Week2,272.0 Cottontail - 116.0 North Springfield
Country Club Hills,Week4,Crosspointe,Week1,282.0 Crosspointe - 120.0 Country Club Hills
Country Club Hills,Week2,Highland Park,Week4,271.0 Highland Park - 131.0 Country Club Hills
Country Club Hills,Week2,Brandywine,Week5,261.0 Brandywine - 141.0 Country Club Hills
Commonwealth,Week1,Virginia Hills,Week2,275.0 Commonwealth - 120.0 Virginia Hills
Commonwealth,Week4,Village West,Week5,199.0 Village West - 198.0 Commonwealth
Cottontail,Week5,North Springfield,Week2,281.0 Cottontail - 107.0 North Springfield
Cottontail,Week1,Vienna Aquatic,Week2,292.0 Vienna Aquatic - 110.0 Cottontail
Cottontail,Week1,Vienna Aquatic,Week3,299.0 Vienna Aquatic - 103.0 Cottontail
Country Club Hills,Week2,Highlands Swim,Week3,317.0 Highlands Swim - 85.0 Country Club Hills
Country Club Hills,Week2,Brandywine,Week4,244.5 Brandywine - 157.5 Country Club Hills
Country Club Hills,Week1,Crosspointe,Week4,276.0 Crosspointe - 126.0 Country Club Hills
Country Club Hills,Week1,Highlands Swim,Week1,312.0 Highlands Swim - 90.0 Country Club Hills
Cottontail,Week2,Dominion Hills,Week1,217.5 Dominion Hills - 184.5 Cottontail
Commonwealth,Week1,Virginia Run,Week3,287.0 Virginia Run - 115.0 Commonwealth
Cottontail,Week4,Vienna Aquatic,Week3,309.0 Vienna Aquatic - 93.0 Cottontail
Country Club Hills,Week3,Highland Park,Week3,241.0 Highland Park - 161.0 Country Club Hills
Country Club Hills,Week4,Arlington Forest,Week5,259.0 Arlington Forest - 143.0 Country Club Hills
Cottontail,Week5,Daventry,Week4,305.0 Cottontail - 97.0 Daventry
Country Club Hills,Week3,Highland Park,Week4,268.0 Highland Park - 134.0 Country Club Hills
Country Club Hills,Week5,Crosspointe,Week3,266.0 Crosspointe - 136.0 Country Club Hills
Country Club Hills,Week4,Arlington Forest,Week3,207.0 Arlington Forest - 195.0 Country Club Hills
Country Club Hills,Week3,Brandywine,Week2,217.0 Brandywine - 185.0 Country Club Hills
Country Club Hills,Week4,Crosspointe,Week4,281.0 Crosspointe - 121.0 Country Club Hills
Cottontail,Week2,Oakton ,Week2,306.0 Oakton - 96.0 Cottontail
Cottontail,Week2,Dominion Hills,Week2,236.5 Dominion Hills - 165.5 Cottontail
Cottontail,Week4,Daventry,Week4,281.0 Cottontail - 121.0 Daventry
Cottontail,Week2,Oakton ,Week5,307.0 Oakton - 95.0 Cottontail
Cottontail,Week4,Daventry,Week2,269.0 Cottontail - 132.0 Daventry
Country Club Hills,Week5,Crosspointe,Week1,273.0 Crosspointe - 129.0 Country Club Hills
Commonwealth,Week2,Virginia Hills,Week5,287.0 Commonwealth - 115.0 Virginia Hills
Cottontail,Week4,Vienna Aquatic,Week1,302.0 Vienna Aquatic - 100.0 Cottontail
Cottontail,Week3,Vienna Aquatic,Week4,305.0 Vienna Aquatic - 97.0 Cottontail
Commonwealth,Week3,Virginia Hills,Week4,303.0 Commonwealth - 98.0 Virginia Hills
Cottontail,Week2,Dominion Hills,Week3,216.0 Dominion Hills - 186.0 Cottontail
Cottontail,Week1,Vienna Aquatic,Week1,301.0 Vienna Aquatic - 101.0 Cottontail
Cottontail,Week1,Vienna Aquatic,Week4,290.0 Vienna Aquatic - 112.0 Cottontail
Country Club Hills,Week4,Brandywine,Week3,236.5 Brandywine - 165.5 Country Club Hills
Country Club Hills,Week4,Country Club Hills,Week3,218.0 Country Club Hills (CCH1) - 184.0 Country Club Hills (CCH2)
Cottontail,Week5,Tuckahoe,Week2,343.5 Tuckahoe - 58.5 Cottontail
Cottontail,Week4,Tuckahoe,Week5,357.0 Tuckahoe - 45.0 Cottontail
Cottontail,Week5,North Springfield,Week3,279.0 Cottontail - 118.0 North Springfield
Country Club Hills,Week4,Country Club Hills,Week2,212.0 Country Club Hills (CCH1) - 190.0 Country Club Hills (CCH2)
Cottontail,Week2,Daventry,Week1,279.0 Cottontail - 123.0 Daventry
Cottontail,Week1,North Springfield,Week3,280.0 Cottontail - 117.0 North Springfield
Country Club Hills,Week4,Country Club Hills,Week5,250.0 Country Club Hills (CCH2) - 152.0 Country Club Hills (CCH1)
Cottontail,Week2,North Springfield,Week2,265.0 Cottontail - 123.0 North Springfield
Cottontail,Week1,Dominion Hills,Week5,252.0 Dominion Hills - 150.0 Cottontail
Country Club Hills,Week2,Highland Park,Week1,268.0 Highland Park - 134.0 Country Club Hills
Cottontail,Week4,Daventry,Week5,255.0 Cottontail - 147.0 Daventry
Country Club Hills,Week3,Brandywine,Week3,227.0 Brandywine - 174.0 Country Club Hills
Country Club Hills,Week2,Highland Park,Week5,253.0 Highland Park - 149.0 Country Club Hills
Commonwealth,Week5,Virginia Hills,Week4,309.0 Commonwealth - 93.0 Virginia Hills
Country Club Hills,Week3,Brandywine,Week4,237.0 Brandywine - 165.0 Country Club Hills
Cottontail,Week3,North Springfield,Week1,280.0 Cottontail - 70.0 North Springfield
Commonwealth,Week5,Virginia Hills,Week5,288.0 Commonwealth - 114.0 Virginia Hills
Country Club Hills,Week4,Highland Park,Week1,260.0 Highland Park - 142.0 Country Club Hills
Country Club Hills,Week4,Brandywine,Week1,223.0 Brandywine - 179.0 Country Club Hills
Commonwealth,Week2,Virginia Run,Week3,242.0 Virginia Run - 160.0 Commonwealth
Cottontail,Week3,Daventry,Week4,270.5 Cottontail - 131.5 Daventry
Cottontail,Week5,Vienna Aquatic,Week2,300.0 Vienna Aquatic - 102.0 Cottontail
Cottontail,Week3,Daventry,Week5,246.0 Cottontail - 156.0 Daventry
Cottontail,Week2,Daventry,Week2,279.0 Cottontail - 123.0 Daventry
Country Club Hills,Week5,Brandywine,Week2,207.0 Country Club Hills - 195.0 Brandywine
Country Club Hills,Week5,Highland Park,Week2,220.0 Highland Park - 182.0 Country Club Hills
Country Club Hills,Week3,Highland Park,Week1,268.5 Highland Park - 133.5 Country Club Hills
Country Club Hills,Week4,Brandywine,Week4,251.0 Brandywine - 151.0 Country Club Hills
Cottontail,Week3,North Springfield,Week4,285.0 Cottontail - 107.0 North Springfield
Cottontail,Week5,Vienna Woods,Week1,326.0 Vienna Woods - 76.0 Cottontail
Commonwealth,Week1,Virginia Hills,Week5,239.5 Commonwealth - 161.5 Virginia Hills
Commonwealth,Week5,Village West,Week2,226.0 Commonwealth - 176.0 Village West
Country Club Hills,Week5,Brandywine,Week1,201.0 Brandywine - 201.0 Country Club Hills
Country Club Hills,Week5,Country Club Hills,Week5,201.0 Country Club Hills (CCH1) - 201.0 Country Club Hills (CCH2)
Commonwealth,Week4,Virginia Hills,Week5,272.0 Commonwealth - 130.0 Virginia Hills
Cottontail,Week2,Vienna Aquatic,Week5,315.0 Vienna Aquatic - 87.0 Cottontail
Cottontail,Week5,Vienna Aquatic,Week4,299.0 Vienna Aquatic - 103.0 Cottontail
Cottontail,Week3,Daventry,Week3,276.0 Cottontail - 126.0 Daventry
Country Club Hills,Week1,Crosspointe,Week2,272.0 Crosspointe - 130.0 Country Club Hills
Country Club Hills,Week2,Crosspointe,Week2,286.0 Crosspointe - 116.0 Country Club Hills
Country Club Hills,Week5,Highland Park,Week1,230.0 Highland Park - 172.0 Country Club Hills
Country Club Hills,Week3,Crosspointe,Week4,281.0 Crosspointe - 121.0 Country Club Hills
Cottontail,Week4,North Springfield,Week4,294.0 Cottontail - 98.0 North Springfield
Country Club Hills,Week1,Highland Park,Week5,255.0 Highland Park - 147.0 Country Club Hills
Cottontail,Week5,North Springfield,Week1,292.0 Cottontail - 59.0 North Springfield
Cottontail,Week5,Vienna Woods,Week3,331.0 Vienna Woods - 71.0 Cottontail
Cottontail,Week2,North Springfield,Week4,291.0 Cottontail - 101.0 North Springfield
Country Club Hills,Week5,Brandywine,Week3,216.0 Brandywine - 186.0 Country Club Hills
Country Club Hills,Week5,Country Club Hills,Week1,260.0 Country Club Hills (CCH1) - 142.0 Country Club Hills (CCH2)
Country Club Hills,Week1,Highland Park,Week4,267.0 Highland Park - 135.0 Country Club Hills
Commonwealth,Week5,Village West,Week3,201.0 Commonwealth - 201.0 Village West
Crosspointe,Week4,Lakevale Estates,Week1,211.0 Crosspointe - 191.0 Lakevale Estates
Crosspointe,Week3,Waynewood,Week2,230.0 Crosspointe - 172.0 Waynewood
Country Club Hills,Week4,Tuckahoe,Week2,344.0 Tuckahoe - 58.0 Country Club Hills
Crosspointe,Week4,Waynewood,Week2,217.0 Crosspointe - 185.0 Waynewood
Crosspointe,Week4,Lakevale Estates,Week2,207.0 Lakevale Estates - 195.0 Crosspointe
Country Club Hills,Week4,Tuckahoe,Week4,360.0 Tuckahoe - 42.0 Country Club Hills
Crosspointe,Week3,Lakevale Estates,Week1,220.0 Crosspointe - 182.0 Lakevale Estates
Daventry,Week5,Forest Hollow,Week3,298.5 Forest Hollow - 103.5 Daventry
Country Club Hills,Week2,Vienna Aquatic,Week1,315.0 Vienna Aquatic - 87.0 Country Club Hills
Crosspointe,Week5,Walden Glen,Week4,317.0 Crosspointe - 85.0 Walden Glen
Crosspointe,Week2,Lakevale Estates,Week5,245.0 Lakevale Estates - 157.0 Crosspointe
Crosspointe,Week4,Vienna Aquatic,Week3,225.5 Vienna Aquatic - 176.5 Crosspointe
Daventry,Week5,Fairfax Station,Week5,326.0 Fairfax Station - 76.0 Daventry
Crosspointe,Week1,Orange Hunt,Week5,238.0 Crosspointe - 164.0 Orange Hunt
Crosspointe,Week2,Lakevale Estates,Week3,226.0 Lakevale Estates - 176.0 Crosspointe
Crosspointe,Week1,Lakevale Estates,Week5,212.0 Lakevale Estates - 190.0 Crosspointe
Crosspointe,Week2,Orange Hunt,Week1,261.0 Crosspointe - 141.0 Orange Hunt
Country Club Hills,Week2,Truro,Week2,245.0 Country Club Hills - 157.0 Truro
Crosspointe,Week5,Old Keene Mill,Week3,325.0 Crosspointe - 77.0 Old Keene Mill
Daventry,Week2,Fox Hunt,Week4,293.0 Fox Hunt - 109.0 Daventry
Daventry,Week5,Fox Hunt,Week2,276.0 Fox Hunt - 120.0 Daventry
Crosspointe,Week4,Old Keene Mill,Week3,298.0 Crosspointe - 104.0 Old Keene Mill
Crosspointe,Week5,Brookfield ,Week1,294.0 Crosspointe - 108.0 Brookfield
Country Club Hills,Week3,Vienna Aquatic,Week2,304.0 Vienna Aquatic - 98.0 Country Club Hills
Crosspointe,Week2,Broyhill Crest,Week5,374.0 Crosspointe - 28.0 Broyhill Crest
Country Club Hills,Week4,Truro,Week2,240.0 Country Club Hills - 162.0 Truro
Crosspointe,Week4,Vienna Aquatic,Week2,222.0 Vienna Aquatic - 180.0 Crosspointe
Country Club Hills,Week4,Sully Station II,Week2,291.0 Sully Station II - 111.0 Country Club Hills
Crosspointe,Week3,Brookfield ,Week2,287.5 Crosspointe - 114.5 Brookfield
Country Club Hills,Week1,Vienna Aquatic,Week4,313.0 Vienna Aquatic - 89.0 Country Club Hills
Country Club Hills,Week1,Truro,Week2,257.0 Country Club Hills - 145.0 Truro
Daventry,Week5,Forest Hollow,Week4,291.0 Forest Hollow - 111.0 Daventry
Country Club Hills,Week3,Vienna Aquatic,Week1,299.0 Vienna Aquatic - 103.0 Country Club Hills
Crosspointe,Week4,Old Keene Mill,Week2,309.0 Crosspointe - 93.0 Old Keene Mill
Crosspointe,Week3,Vienna Aquatic,Week5,259.0 Vienna Aquatic - 143.0 Crosspointe
Crosspointe,Week5,Vienna Aquatic,Week4,204.5 Vienna Aquatic - 197.5 Crosspointe
Crosspointe,Week5,Lakevale Estates,Week1,232.0 Crosspointe - 170.0 Lakevale Estates
Crosspointe,Week3,Walden Glen,Week1,318.0 Crosspointe - 84.0 Walden Glen
Crosspointe,Week2,Orange Hunt,Week2,242.0 Crosspointe - 160.0 Orange Hunt
Crosspointe,Week4,Vienna Aquatic,Week1,234.0 Vienna Aquatic - 168.0 Crosspointe
Crosspointe,Week5,Old Keene Mill,Week4,327.0 Crosspointe - 75.0 Old Keene Mill
Crosspointe,Week3,Vienna Aquatic,Week3,236.0 Vienna Aquatic - 166.0 Crosspointe
Country Club Hills,Week3,Sully Station II,Week5,318.0 Sully Station II - 84.0 Country Club Hills
Country Club Hills,Week4,Vienna Aquatic,Week2,314.0 Vienna Aquatic - 88.0 Country Club Hills
Crosspointe,Week1,Orange Hunt,Week3,244.0 Crosspointe - 158.0 Orange Hunt
Crosspointe,Week4,Waynewood,Week1,245.0 Crosspointe - 157.0 Waynewood
Country Club Hills,Week3,Truro,Week3,228.0 Country Club Hills - 174.0 Truro
Crosspointe,Week4,Brookfield ,Week2,285.0 Crosspointe - 117.0 Brookfield
Daventry,Week4,Fox Hunt,Week2,304.0 Fox Hunt - 97.0 Daventry
Crosspointe,Week3,Walden Glen,Week4,295.0 Crosspointe - 102.0 Walden Glen
Crosspointe,Week2,Broyhill Crest,Week4,377.0 Crosspointe - 25.0 Broyhill Crest
Crosspointe,Week3,Waynewood,Week3,203.0 Crosspointe - 199.0 Waynewood
Crosspointe,Week1,Vienna Woods,Week1,220.0 Vienna Woods - 182.0 Crosspointe
Crosspointe,Week3,Woodley,Week2,329.0 Crosspointe - 73.0 Woodley
Country Club Hills,Week3,Tuckahoe,Week3,357.0 Tuckahoe - 45.0 Country Club Hills
Crosspointe,Week4,Broyhill Crest,Week1,384.0 Crosspointe - 16.0 Broyhill Crest
Crosspointe,Week2,Lakevale Estates,Week4,238.0 Lakevale Estates - 164.0 Crosspointe
Country Club Hills,Week2,Truro,Week1,230.0 Country Club Hills - 172.0 Truro
Daventry,Week4,Fox Hunt,Week4,309.0 Fox Hunt - 93.0 Daventry
Country Club Hills,Week3,Truro,Week5,219.0 Country Club Hills - 183.0 Truro
Crosspointe,Week3,Old Keene Mill,Week1,310.0 Crosspointe - 92.0 Old Keene Mill
Daventry,Week2,Forest Hollow,Week2,299.0 Forest Hollow - 103.0 Daventry
Crosspointe,Week3,Broyhill Crest,Week2,373.0 Crosspointe - 29.0 Broyhill Crest
Crosspointe,Week2,Broyhill Crest,Week3,389.0 Crosspointe - 13.0 Broyhill Crest
Crosspointe,Week1,Orange Hunt,Week4,262.0 Crosspointe - 140.0 Orange Hunt
Crosspointe,Week3,Lakevale Estates,Week5,216.0 Lakevale Estates - 186.0 Crosspointe
Crosspointe,Week2,Waynewood,Week2,209.0 Crosspointe - 193.0 Waynewood
Crosspointe,Week2,Broyhill Crest,Week2,386.0 Crosspointe - 16.0 Broyhill Crest
Crosspointe,Week2,Vienna Woods,Week1,234.0 Vienna Woods - 168.0 Crosspointe
Crosspointe,Week4,Old Keene Mill,Week1,316.0 Crosspointe - 86.0 Old Keene Mill
Crosspointe,Week1,Broyhill Crest,Week4,378.0 Crosspointe - 24.0 Broyhill Crest
Country Club Hills,Week2,Vienna Aquatic,Week5,342.0 Vienna Aquatic - 60.0 Country Club Hills
Crosspointe,Week5,Walden Glen,Week2,326.0 Crosspointe - 75.0 Walden Glen
Crosspointe,Week3,Vienna Aquatic,Week1,236.0 Vienna Aquatic - 166.0 Crosspointe
Country Club Hills,Week1,Vienna Aquatic,Week3,314.0 Vienna Aquatic - 88.0 Country Club Hills
Daventry,Week3,Forest Hollow,Week1,306.5 Forest Hollow - 95.5 Daventry
Crosspointe,Week1,Lakevale Estates,Week3,202.0 Lakevale Estates - 200.0 Crosspointe
Daventry,Week1,Fox Hunt,Week5,317.0 Fox Hunt - 84.0 Daventry
Crosspointe,Week4,Walden Glen,Week3,294.0 Crosspointe - 108.0 Walden Glen
Crosspointe,Week2,Lakeview,Week3,344.0 Crosspointe - 58.0 Lakeview
Country Club Hills,Week4,Sully Station II,Week1,282.0 Sully Station II - 120.0 Country Club Hills
Country Club Hills,Week4,Truro,Week4,217.0 Country Club Hills - 185.0 Truro
Crosspointe,Week3,Broyhill Crest,Week1,373.0 Crosspointe - 29.0 Broyhill Crest
Country Club Hills,Week5,Sully Station II,Week4,258.0 Sully Station II - 144.0 Country Club Hills
Daventry,Week3,Forest Hollow,Week3,316.0 Forest Hollow - 85.0 Daventry
Crosspointe,Week1,Orange Hunt,Week1,273.0 Crosspointe - 129.0 Orange Hunt
Crosspointe,Week5,Vienna Aquatic,Week5,229.0 Vienna Aquatic - 173.0 Crosspointe
Crosspointe,Week1,Vienna Woods,Week5,247.0 Vienna Woods - 155.0 Crosspointe
Daventry,Week3,Fox Hunt,Week4,302.0 Fox Hunt - 100.0 Daventry
Crosspointe,Week2,Waynewood,Week3,206.0 Waynewood - 196.0 Crosspointe
Crosspointe,Week5,Old Keene Mill,Week5,307.0 Crosspointe - 95.0 Old Keene Mill
Crosspointe,Week1,Broyhill Crest,Week5,380.0 Crosspointe - 22.0 Broyhill Crest
Crosspointe,Week5,Vienna Aquatic,Week2,207.5 Crosspointe - 194.5 Vienna Aquatic
Country Club Hills,Week2,Vienna Aquatic,Week3,327.0 Vienna Aquatic - 75.0 Country Club Hills
Crosspointe,Week2,Lakevale Estates,Week1,209.0 Crosspointe - 193.0 Lakevale Estates
Daventry,Week5,Forest Hollow,Week2,291.5 Forest Hollow - 110.5 Daventry
Crosspointe,Week2,Waynewood,Week1,233.0 Crosspointe - 169.0 Waynewood
Country Club Hills,Week5,Sully Station II,Week1,251.0 Sully Station II - 151.0 Country Club Hills
Country Club Hills,Week1,Vienna Aquatic,Week5,330.0 Vienna Aquatic - 72.0 Country Club Hills
Crosspointe,Week3,Lakevale Estates,Week3,201.0 Crosspointe - 201.0 Lakevale Estates
Country Club Hills,Week3,Vienna Aquatic,Week4,314.5 Vienna Aquatic - 87.5 Country Club Hills
Crosspointe,Week4,Lakevale Estates,Week5,219.0 Lakevale Estates - 183.0 Crosspointe
Crosspointe,Week2,Vienna Woods,Week2,220.0 Vienna Woods - 182.0 Crosspointe
Crosspointe,Week4,Waynewood,Week4,218.0 Crosspointe - 184.0 Waynewood
Daventry,Week1,Fox Hunt,Week4,293.0 Fox Hunt - 108.0 Daventry
Crosspointe,Week3,Vienna Aquatic,Week2,220.0 Vienna Aquatic - 182.0 Crosspointe
Country Club Hills,Week4,Sully Station II,Week5,313.0 Sully Station II - 89.0 Country Club Hills
Country Club Hills,Week3,Vienna Aquatic,Week5,330.0 Vienna Aquatic - 72.0 Country Club Hills
Crosspointe,Week2,Woodley,Week2,325.0 Crosspointe - 77.0 Woodley
Crosspointe,Week2,Orange Hunt,Week4,244.0 Crosspointe - 158.0 Orange Hunt
Crosspointe,Week1,Orange Hunt,Week2,262.0 Crosspointe - 140.0 Orange Hunt
Country Club Hills,Week5,Sully Station II,Week5,286.0 Sully Station II - 116.0 Country Club Hills
Daventry,Week2,Fox Mill Estates,Week4,283.5 Fox Mill Estates - 118.5 Daventry
Crosspointe,Week5,Brookfield ,Week5,300.0 Crosspointe - 102.0 Brookfield
Crosspointe,Week5,Brookfield ,Week3,316.0 Crosspointe - 86.0 Brookfield
Crosspointe,Week2,Broyhill Crest,Week1,379.0 Crosspointe - 23.0 Broyhill Crest
Crosspointe,Week3,Lakevale Estates,Week4,218.5 Lakevale Estates - 183.5 Crosspointe
Country Club Hills,Week4,Vienna Aquatic,Week4,321.0 Vienna Aquatic - 81.0 Country Club Hills
Country Club Hills,Week4,Vienna Aquatic,Week1,307.0 Vienna Aquatic - 95.0 Country Club Hills
Country Club Hills,Week4,Vienna Aquatic,Week3,322.0 Vienna Aquatic - 80.0 Country Club Hills
Crosspointe,Week3,Lakevale Estates,Week2,207.0 Crosspointe - 195.0 Lakevale Estates
Crosspointe,Week3,Broyhill Crest,Week3,375.0 Crosspointe - 27.0 Broyhill Crest
Country Club Hills,Week4,Sully Station II,Week4,266.0 Sully Station II - 136.0 Country Club Hills
Daventry,Week5,Fox Hunt,Week1,286.0 Fox Hunt - 111.0 Daventry
Crosspointe,Week2,Woodley,Week5,316.5 Crosspointe - 85.5 Woodley
Crosspointe,Week3,Broyhill Crest,Week5,372.0 Crosspointe - 30.0 Broyhill Crest
Crosspointe,Week3,Orange Hunt,Week4,257.0 Crosspointe - 140.0 Orange Hunt
Crosspointe,Week2,Vienna Woods,Week5,270.5 Vienna Woods - 131.5 Crosspointe
Crosspointe,Week2,Woodley,Week3,334.0 Crosspointe - 68.0 Woodley
Crosspointe,Week2,Vienna Woods,Week3,258.0 Vienna Woods - 144.0 Crosspointe
Country Club Hills,Week3,Sully Station II,Week4,270.0 Sully Station II - 132.0 Country Club Hills
Crosspointe,Week3,Orange Hunt,Week5,238.0 Crosspointe - 164.0 Orange Hunt
Crosspointe,Week5,Vienna Aquatic,Week3,209.0 Vienna Aquatic - 193.0 Crosspointe
Crosspointe,Week4,Orange Hunt,Week1,265.0 Crosspointe - 137.0 Orange Hunt
Crosspointe,Week2,Vienna Woods,Week4,213.0 Vienna Woods - 189.0 Crosspointe
Daventry,Week3,Fox Hunt,Week3,304.0 Fox Hunt - 98.0 Daventry
Country Club Hills,Week1,Truro,Week4,218.0 Country Club Hills - 184.0 Truro
Crosspointe,Week3,Burke Station,Week5,293.5 Crosspointe - 103.5 Burke Station
Crosspointe,Week5,Woodley,Week3,342.0 Crosspointe - 60.0 Woodley
Country Club Hills,Week5,Vienna Aquatic,Week1,302.5 Vienna Aquatic - 99.5 Country Club Hills
Country Club Hills,Week5,Sully Station II,Week2,271.0 Sully Station II - 131.0 Country Club Hills
Daventry,Week4,Fox Hunt,Week3,311.0 Fox Hunt - 91.0 Daventry
Crosspointe,Week3,Orange Hunt,Week1,256.0 Crosspointe - 146.0 Orange Hunt
Crosspointe,Week4,Lakevale Estates,Week4,224.0 Lakevale Estates - 178.0 Crosspointe
Daventry,Week3,Fox Mill Estates,Week4,304.0 Fox Mill Estates - 97.0 Daventry
Crosspointe,Week5,Lakevale Estates,Week2,217.0 Crosspointe - 185.0 Lakevale Estates
Crosspointe,Week1,Burke Station,Week3,309.0 Crosspointe - 88.0 Burke Station
Crosspointe,Week4,Orange Hunt,Week2,257.0 Crosspointe - 145.0 Orange Hunt
Country Club Hills,Week1,Truro,Week5,215.0 Country Club Hills - 187.0 Truro
Crosspointe,Week5,Lakevale Estates,Week5,206.5 Lakevale Estates - 195.5 Crosspointe
Country Club Hills,Week5,Vienna Aquatic,Week4,308.0 Vienna Aquatic - 94.0 Country Club Hills
Crosspointe,Week5,Lakevale Estates,Week4,213.0 Lakevale Estates - 189.0 Crosspointe
Crosspointe,Week3,Vienna Aquatic,Week4,222.0 Vienna Aquatic - 175.0 Crosspointe
Country Club Hills,Week1,Vienna Woods,Week1,324.0 Vienna Woods - 78.0 Country Club Hills
Crosspointe,Week1,Woodley,Week5,327.0 Crosspointe - 75.0 Woodley
Country Club Hills,Week2,Truro,Week3,237.0 Country Club Hills - 165.0 Truro
Crosspointe,Week3,Woodley,Week1,321.5 Crosspointe - 80.5 Woodley
Crosspointe,Week5,Lakeview,Week3,358.0 Crosspointe - 44.0 Lakeview
Daventry,Week1,Fox Mill Estates,Week1,249.0 Fox Mill Estates - 153.0 Daventry
Country Club Hills,Week1,Truro,Week3,240.0 Country Club Hills - 162.0 Truro
Crosspointe,Week3,Burke Station,Week3,303.0 Crosspointe - 94.0 Burke Station
Crosspointe,Week5,Waynewood,Week3,231.0 Crosspointe - 171.0 Waynewood
Crosspointe,Week3,Vienna Woods,Week2,213.0 Vienna Woods - 189.0 Crosspointe
Crosspointe,Week1,Lakeview,Week2,357.5 Crosspointe - 44.5 Lakeview
Country Club Hills,Week1,Vienna Woods,Week4,310.0 Vienna Woods - 92.0 Country Club Hills
Country Club Hills,Week1,Truro,Week1,232.0 Country Club Hills - 170.0 Truro
Country Club Hills,Week1,Vienna Woods,Week3,339.0 Vienna Woods - 63.0 Country Club Hills
Crosspointe,Week4,Vienna Aquatic,Week5,257.0 Vienna Aquatic - 145.0 Crosspointe
Crosspointe,Week3,Vienna Woods,Week1,229.5 Vienna Woods - 172.5 Crosspointe
Crosspointe,Week2,Lakevale Estates,Week2,209.0 Lakevale Estates - 193.0 Crosspointe
Daventry,Week2,Fox Hunt,Week2,299.0 Fox Hunt - 102.0 Daventry
Crosspointe,Week3,Waynewood,Week5,206.0 Waynewood - 196.0 Crosspointe
Country Club Hills,Week5,Vienna Aquatic,Week3,317.0 Vienna Aquatic - 85.0 Country Club Hills
Crosspointe,Week5,Waynewood,Week2,238.0 Crosspointe - 164.0 Waynewood
Crosspointe,Week1,Vienna Woods,Week2,213.0 Vienna Woods - 189.0 Crosspointe
Crosspointe,Week1,Lakeview,Week1,345.0 Crosspointe - 57.0 Lakeview
Crosspointe,Week4,Broyhill Crest,Week4,375.0 Crosspointe - 26.0 Broyhill Crest
Daventry,Week1,Fox Hunt,Week3,300.0 Fox Hunt - 97.0 Daventry
Crosspointe,Week1,Woodley,Week4,335.0 Crosspointe - 67.0 Woodley
Crosspointe,Week4,Lakeview,Week3,342.0 Crosspointe - 60.0 Lakeview
Country Club Hills,Week1,Vienna Woods,Week2,319.0 Vienna Woods - 83.0 Country Club Hills
Crosspointe,Week1,Burke Station,Week4,323.0 Crosspointe - 79.0 Burke Station
Daventry,Week4,Fox Hunt,Week5,325.0 Fox Hunt - 77.0 Daventry
Crosspointe,Week2,Burke Station,Week1,284.0 Crosspointe - 95.0 Burke Station
Crosspointe,Week3,Langley,Week5,209.0 Crosspointe - 193.0 Langley
Crosspointe,Week5,Lakevale Estates,Week3,215.0 Crosspointe - 187.0 Lakevale Estates
Crosspointe,Week5,Burke Station,Week4,338.0 Crosspointe - 64.0 Burke Station
Crosspointe,Week5,Lakeview,Week1,358.0 Crosspointe - 44.0 Lakeview
Country Club Hills,Week4,Sully Station II,Week3,305.0 Sully Station II - 97.0 Country Club Hills
Country Club Hills,Week2,Truro,Week5,230.0 Country Club Hills - 172.0 Truro
Crosspointe,Week1,Lakeview,Week4,331.0 Crosspointe - 71.0 Lakeview
Crosspointe,Week3,Woodley,Week3,340.0 Crosspointe - 62.0 Woodley
Daventry,Week5,Fox Hunt,Week3,282.0 Fox Hunt - 120.0 Daventry
Crosspointe,Week4,Langley,Week2,203.0 Langley - 199.0 Crosspointe
Crosspointe,Week5,Burke Station,Week5,315.0 Crosspointe - 87.0 Burke Station
Crosspointe,Week3,Villa Aquatic,Week4,263.0 Crosspointe - 139.0 Villa Aquatic
Crosspointe,Week1,Vienna Woods,Week4,212.0 Vienna Woods - 190.0 Crosspointe
Country Club Hills,Week2,Truro,Week4,209.0 Country Club Hills - 193.0 Truro
Country Club Hills,Week1,Vienna Woods,Week5,339.5 Vienna Woods - 62.5 Country Club Hills
Daventry,Week3,Fox Hunt,Week5,320.5 Fox Hunt - 81.5 Daventry
Crosspointe,Week5,Broyhill Crest,Week5,382.0 Crosspointe - 20.0 Broyhill Crest
Crosspointe,Week3,Lakeview,Week2,351.0 Crosspointe - 51.0 Lakeview
Country Club Hills,Week5,Vienna Aquatic,Week5,321.0 Vienna Aquatic - 81.0 Country Club Hills
Country Club Hills,Week3,Truro,Week2,245.0 Country Club Hills - 155.0 Truro
Crosspointe,Week3,Lakeview,Week4,327.5 Crosspointe - 74.5 Lakeview
Crosspointe,Week3,Lakeview,Week5,331.0 Crosspointe - 62.0 Lakeview
Daventry,Week2,Fox Hunt,Week3,297.0 Fox Hunt - 104.0 Daventry
Crosspointe,Week5,Waynewood,Week1,268.5 Crosspointe - 133.5 Waynewood
Crosspointe,Week2,Lakeview,Week2,352.0 Crosspointe - 50.0 Lakeview
Crosspointe,Week5,Broyhill Crest,Week1,382.5 Crosspointe - 19.5 Broyhill Crest
Daventry,Week2,Fox Hunt,Week5,326.0 Fox Hunt - 76.0 Daventry
Crosspointe,Week2,Lakeview,Week1,342.0 Crosspointe - 60.0 Lakeview
Crosspointe,Week4,Vienna Woods,Week2,211.0 Vienna Woods - 191.0 Crosspointe
Crosspointe,Week5,Waynewood,Week5,223.0 Crosspointe - 179.0 Waynewood
Country Club Hills,Week4,Truro,Week1,219.0 Country Club Hills - 183.0 Truro
Daventry,Week4,Fox Hunt,Week1,303.0 Fox Hunt - 99.0 Daventry
Crosspointe,Week3,Woodley,Week4,331.0 Crosspointe - 66.0 Woodley
Crosspointe,Week3,Villa Aquatic,Week3,247.0 Crosspointe - 155.0 Villa Aquatic
Crosspointe,Week3,Lakeview,Week1,336.0 Crosspointe - 66.0 Lakeview
Daventry,Week5,Fox Hunt,Week5,287.0 Fox Hunt - 115.0 Daventry
Country Club Hills,Week5,Truro,Week1,240.0 Country Club Hills - 162.0 Truro
Crosspointe,Week4,Broyhill Crest,Week5,372.0 Crosspointe - 30.0 Broyhill Crest
Crosspointe,Week4,Waynewood,Week3,208.0 Crosspointe - 194.0 Waynewood
Crosspointe,Week4,Waynewood,Week5,204.0 Waynewood - 198.0 Crosspointe
Crosspointe,Week4,Lakeview,Week1,348.0 Crosspointe - 54.0 Lakeview
Crosspointe,Week2,Villa Aquatic,Week2,266.0 Crosspointe - 136.0 Villa Aquatic
Crosspointe,Week4,Vienna Woods,Week5,245.0 Vienna Woods - 157.0 Crosspointe
Crosspointe,Week5,Broyhill Crest,Week2,383.0 Crosspointe - 19.0 Broyhill Crest
Crosspointe,Week4,Lakeview,Week5,334.0 Crosspointe - 59.0 Lakeview
Daventry,Week3,Fox Hunt,Week2,298.0 Fox Hunt - 103.0 Daventry
Crosspointe,Week3,Lakeview,Week3,333.0 Crosspointe - 69.0 Lakeview
Crosspointe,Week2,Lakeview,Week4,321.0 Crosspointe - 81.0 Lakeview
Country Club Hills,Week5,Truro,Week5,248.0 Country Club Hills - 154.0 Truro
Crosspointe,Week4,Broyhill Crest,Week3,384.0 Crosspointe - 17.0 Broyhill Crest
Crosspointe,Week5,Lakeview,Week4,348.0 Crosspointe - 54.0 Lakeview
Daventry,Week5,Fox Hunt,Week4,270.0 Fox Hunt - 132.0 Daventry
Country Club Hills,Week4,Truro,Week5,221.0 Country Club Hills - 181.0 Truro
Country Club Hills,Week1,Tuckahoe,Week1,345.0 Tuckahoe - 57.0 Country Club Hills
Daventry,Week2,Fox Hunt,Week1,300.0 Fox Hunt - 102.0 Daventry
Daventry,Week1,Fox Mill Estates,Week3,270.0 Fox Mill Estates - 132.0 Daventry
Crosspointe,Week5,Vienna Woods,Week2,209.0 Crosspointe - 193.0 Vienna Woods
Crosspointe,Week1,Burke Station,Week2,326.0 Crosspointe - 76.0 Burke Station
Crosspointe,Week2,Holmes Run Acres,Week2,273.0 Crosspointe - 129.0 Holmes Run Acres
Crosspointe,Week1,Woodley,Week2,339.0 Crosspointe - 63.0 Woodley
Crosspointe,Week5,Lakeview,Week5,359.5 Crosspointe - 33.5 Lakeview
Crosspointe,Week2,Lakeview,Week5,333.0 Crosspointe - 60.0 Lakeview
Crosspointe,Week3,Holmes Run Acres,Week5,220.0 Crosspointe - 177.0 Holmes Run Acres
Crosspointe,Week5,Broyhill Crest,Week3,385.0 Crosspointe - 17.0 Broyhill Crest
Crosspointe,Week1,Woodley,Week1,333.0 Crosspointe - 69.0 Woodley
Daventry,Week3,Fox Hunt,Week1,300.0 Fox Hunt - 102.0 Daventry
Country Club Hills,Week5,Truro,Week2,262.0 Country Club Hills - 140.0 Truro
Crosspointe,Week5,Waynewood,Week4,257.0 Crosspointe - 145.0 Waynewood
Crosspointe,Week4,Vienna Woods,Week3,244.0 Vienna Woods - 158.0 Crosspointe
Crosspointe,Week5,Vienna Woods,Week4,214.5 Crosspointe - 187.5 Vienna Woods
Crosspointe,Week3,Vienna Woods,Week4,207.0 Vienna Woods - 195.0 Crosspointe
Crosspointe,Week4,Lakeview,Week4,324.0 Crosspointe - 78.0 Lakeview
Country Club Hills,Week4,Truro,Week3,230.0 Country Club Hills - 172.0 Truro
Crosspointe,Week3,Holmes Run Acres,Week4,267.0 Crosspointe - 135.0 Holmes Run Acres
Crosspointe,Week5,Broyhill Crest,Week4,384.0 Crosspointe - 18.0 Broyhill Crest
Crosspointe,Week3,Burke Station,Week4,314.0 Crosspointe - 88.0 Burke Station
Daventry,Week1,Fox Mill Estates,Week4,287.0 Fox Mill Estates - 115.0 Daventry
Country Club Hills,Week4,Sleepy Hollow B & R,Week1,229.0 Sleepy Hollow B & R - 173.0 Country Club Hills
Crosspointe,Week1,Holmes Run Acres,Week1,272.0 Crosspointe - 130.0 Holmes Run Acres
Crosspointe,Week2,Burke Station,Week5,302.0 Crosspointe - 100.0 Burke Station
Country Club Hills,Week2,Tuckahoe,Week4,370.0 Tuckahoe - 32.0 Country Club Hills
Country Club Hills,Week5,Truro,Week4,238.0 Country Club Hills - 164.0 Truro
Crosspointe,Week1,Holmes Run Acres,Week3,237.0 Crosspointe - 165.0 Holmes Run Acres
Crosspointe,Week4,Woodley,Week1,329.0 Crosspointe - 73.0 Woodley
Crosspointe,Week1,Holmes Run Acres,Week2,279.0 Crosspointe - 123.0 Holmes Run Acres
Country Club Hills,Week1,Tuckahoe,Week5,345.0 Tuckahoe - 57.0 Country Club Hills
Crosspointe,Week4,Woodley,Week2,336.0 Crosspointe - 66.0 Woodley
Crosspointe,Week1,Langley,Week4,201.0 Crosspointe - 201.0 Langley
Crosspointe,Week5,Vienna Woods,Week3,216.5 Vienna Woods - 185.5 Crosspointe
Crosspointe,Week1,Holmes Run Acres,Week5,246.0 Crosspointe - 156.0 Holmes Run Acres
Crosspointe,Week2,Burke Station,Week3,295.0 Crosspointe - 102.0 Burke Station
Crosspointe,Week1,Langley,Week1,212.0 Langley - 190.0 Crosspointe
Crosspointe,Week1,Villa Aquatic,Week1,285.0 Crosspointe - 117.0 Villa Aquatic
Crosspointe,Week2,Woodley,Week1,322.0 Crosspointe - 80.0 Woodley
Daventry,Week2,Fox Mill Estates,Week2,263.0 Fox Mill Estates - 138.0 Daventry
Crosspointe,Week1,Langley,Week2,203.0 Crosspointe - 199.0 Langley
Daventry,Week2,Fox Mill Estates,Week1,244.0 Fox Mill Estates - 157.0 Daventry
Country Club Hills,Week1,Tuckahoe,Week4,352.0 Tuckahoe - 50.0 Country Club Hills
Country Club Hills,Week1,Sleepy Hollow B & R,Week1,247.0 Sleepy Hollow B & R - 155.0 Country Club Hills
Country Club Hills,Week1,Tuckahoe,Week3,357.0 Tuckahoe - 45.0 Country Club Hills
Crosspointe,Week4,Lakeview,Week2,356.0 Crosspointe - 46.0 Lakeview
Crosspointe,Week2,Langley,Week1,223.0 Langley - 179.0 Crosspointe
Crosspointe,Week2,Villa Aquatic,Week1,282.0 Crosspointe - 120.0 Villa Aquatic
Daventry,Week1,Fox Mill Estates,Week5,269.0 Fox Mill Estates - 133.0 Daventry
Daventry,Week1,Fox Mill Estates,Week2,261.0 Fox Mill Estates - 140.0 Daventry
Crosspointe,Week4,Vienna Woods,Week1,222.0 Vienna Woods - 180.0 Crosspointe
Crosspointe,Week1,Woodley,Week3,340.0 Crosspointe - 62.0 Woodley
Crosspointe,Week4,Burke Station,Week2,326.0 Crosspointe - 76.0 Burke Station
Crosspointe,Week2,Woodley,Week4,324.0 Crosspointe - 78.0 Woodley
Crosspointe,Week4,Woodley,Week4,334.0 Crosspointe - 68.0 Woodley
Country Club Hills,Week5,Sideburn Run,Week3,218.0 Sideburn Run - 184.0 Country Club Hills
Country Club Hills,Week2,Sleepy Hollow B & R,Week3,271.5 Sleepy Hollow B & R - 130.5 Country Club Hills
Crosspointe,Week3,Villa Aquatic,Week2,284.0 Crosspointe - 118.0 Villa Aquatic
Country Club Hills,Week1,Sleepy Hollow B & R,Week2,261.0 Sleepy Hollow B & R - 141.0 Country Club Hills
Crosspointe,Week4,Burke Station,Week1,284.0 Crosspointe - 95.0 Burke Station
Crosspointe,Week5,Hollin Meadows,Week4,274.0 Crosspointe - 128.0 Hollin Meadows
Crosspointe,Week3,Holmes Run Acres,Week1,280.0 Crosspointe - 122.0 Holmes Run Acres
Crosspointe,Week1,Langley,Week3,214.0 Crosspointe - 188.0 Langley
Daventry,Week2,Fox Mill Estates,Week5,270.0 Fox Mill Estates - 132.0 Daventry
Crosspointe,Week3,Holmes Run Acres,Week2,271.0 Crosspointe - 131.0 Holmes Run Acres
Crosspointe,Week4,Woodley,Week5,316.0 Crosspointe - 86.0 Woodley
Country Club Hills,Week5,Truro,Week3,254.0 Country Club Hills - 148.0 Truro
Crosspointe,Week4,Woodley,Week3,339.0 Crosspointe - 63.0 Woodley
Crosspointe,Week1,Burke Station,Week5,307.0 Crosspointe - 95.0 Burke Station
Country Club Hills,Week5,Sideburn Run,Week5,241.0 Sideburn Run - 161.0 Country Club Hills
Daventry,Week2,Fox Mill Estates,Week3,271.0 Fox Mill Estates - 127.0 Daventry
Crosspointe,Week2,Langley,Week2,217.0 Langley - 185.0 Crosspointe
Crosspointe,Week1,Burke Station,Week1,293.0 Crosspointe - 86.0 Burke Station
Country Club Hills,Week3,Sleepy Hollow B & R,Week4,270.0 Sleepy Hollow B & R - 132.0 Country Club Hills
Country Club Hills,Week2,Sleepy Hollow B & R,Week4,269.0 Sleepy Hollow B & R - 133.0 Country Club Hills
Crosspointe,Week3,Villa Aquatic,Week1,285.0 Crosspointe - 117.0 Villa Aquatic
Crosspointe,Week1,Villa Aquatic,Week2,289.0 Crosspointe - 113.0 Villa Aquatic
Crosspointe,Week2,Holmes Run Acres,Week3,216.0 Crosspointe - 186.0 Holmes Run Acres
Country Club Hills,Week3,Tuckahoe,Week1,345.0 Tuckahoe - 57.0 Country Club Hills
Country Club Hills,Week2,Tuckahoe,Week2,355.0 Tuckahoe - 47.0 Country Club Hills
Daventry,Week3,Fox Mill Estates,Week2,283.0 Fox Mill Estates - 119.0 Daventry
Country Club Hills,Week2,Tuckahoe,Week1,346.0 Tuckahoe - 56.0 Country Club Hills
Crosspointe,Week5,Woodley,Week2,333.5 Crosspointe - 68.5 Woodley
Crosspointe,Week1,Holmes Run Acres,Week4,280.0 Crosspointe - 122.0 Holmes Run Acres
Crosspointe,Week2,Villa Aquatic,Week5,235.0 Crosspointe - 167.0 Villa Aquatic
Country Club Hills,Week1,Sleepy Hollow Rec,Week1,264.0 Country Club Hills - 138.0 Sleepy Hollow Rec
Crosspointe,Week1,Villa Aquatic,Week4,270.0 Crosspointe - 132.0 Villa Aquatic
Crosspointe,Week2,Langley,Week4,225.0 Langley - 177.0 Crosspointe
Country Club Hills,Week3,Sleepy Hollow B & R,Week5,297.0 Sleepy Hollow B & R - 105.0 Country Club Hills
Crosspointe,Week5,Vienna Woods,Week5,214.0 Vienna Woods - 188.0 Crosspointe
Crosspointe,Week3,Langley,Week2,207.0 Crosspointe - 195.0 Langley
Crosspointe,Week5,Woodley,Week1,332.5 Crosspointe - 69.5 Woodley
Daventry,Week4,Fox Mill Estates,Week1,250.0 Fox Mill Estates - 152.0 Daventry
Country Club Hills,Week4,Sideburn Run,Week3,251.0 Sideburn Run - 151.0 Country Club Hills
Crosspointe,Week4,Burke Station,Week5,300.0 Crosspointe - 102.0 Burke Station
Crosspointe,Week3,Burke Station,Week2,319.0 Crosspointe - 83.0 Burke Station
Crosspointe,Week3,Burke Station,Week1,287.0 Crosspointe - 92.0 Burke Station
Daventry,Week3,Fox Mill Estates,Week3,287.0 Fox Mill Estates - 114.0 Daventry
Country Club Hills,Week3,Tuckahoe,Week2,345.0 Tuckahoe - 57.0 Country Club Hills
Country Club Hills,Week2,Tuckahoe,Week3,361.0 Tuckahoe - 41.0 Country Club Hills
Daventry,Week3,Fox Mill Estates,Week1,264.0 Fox Mill Estates - 137.0 Daventry
Crosspointe,Week3,Villa Aquatic,Week5,252.0 Crosspointe - 150.0 Villa Aquatic
Crosspointe,Week2,Holmes Run Acres,Week4,270.0 Crosspointe - 132.0 Holmes Run Acres
Crosspointe,Week2,Burke Station,Week2,309.0 Crosspointe - 93.0 Burke Station
Crosspointe,Week5,Hollin Meadows,Week2,279.0 Crosspointe - 123.0 Hollin Meadows
Crosspointe,Week2,Langley,Week3,225.0 Langley - 177.0 Crosspointe
Crosspointe,Week2,Burke Station,Week4,322.0 Crosspointe - 80.0 Burke Station
Crosspointe,Week2,Holmes Run Acres,Week5,217.0 Crosspointe - 185.0 Holmes Run Acres
Crosspointe,Week5,Hollin Meadows,Week3,274.0 Crosspointe - 128.0 Hollin Meadows
Daventry,Week4,Fox Mill Estates,Week4,297.0 Fox Mill Estates - 105.0 Daventry
Crosspointe,Week5,Lakeview,Week2,367.0 Crosspointe - 35.0 Lakeview
Daventry,Week2,Annandale,Week1,220.0 Annandale - 181.0 Daventry
Crosspointe,Week5,Woodley,Week4,333.0 Crosspointe - 69.0 Woodley
Country Club Hills,Week2,Sleepy Hollow B & R,Week2,266.0 Sleepy Hollow B & R - 136.0 Country Club Hills
Country Club Hills,Week1,Tuckahoe,Week2,352.0 Tuckahoe - 50.0 Country Club Hills
Country Club Hills,Week5,Sideburn Run,Week2,202.0 Sideburn Run - 200.0 Country Club Hills
Crosspointe,Week2,Langley,Week5,212.0 Langley - 190.0 Crosspointe
Crosspointe,Week2,Villa Aquatic,Week3,234.0 Crosspointe - 168.0 Villa Aquatic
Crosspointe,Week3,Woodley,Week5,308.0 Crosspointe - 94.0 Woodley
Daventry,Week5,Annandale,Week5,220.0 Annandale - 181.0 Daventry
Crosspointe,Week4,Burke Station,Week3,306.0 Crosspointe - 91.0 Burke Station
Daventry,Week5,Fox Mill Estates,Week4,275.0 Fox Mill Estates - 127.0 Daventry
Country Club Hills,Week4,Sideburn Run,Week1,250.0 Sideburn Run - 152.0 Country Club Hills
Crosspointe,Week4,Holmes Run Acres,Week3,237.0 Crosspointe - 165.0 Holmes Run Acres
Daventry,Week1,Arlington Forest,Week4,320.0 Arlington Forest - 82.0 Daventry
Country Club Hills,Week5,Sideburn Run,Week1,227.0 Sideburn Run - 175.0 Country Club Hills
Daventry,Week4,Fox Mill Estates,Week5,281.5 Fox Mill Estates - 120.5 Daventry
Crosspointe,Week1,Langley,Week5,209.0 Crosspointe - 193.0 Langley
Crosspointe,Week3,Langley,Week1,212.0 Langley - 190.0 Crosspointe
Daventry,Week5,Fox Mill Estates,Week1,231.0 Fox Mill Estates - 171.0 Daventry
Country Club Hills,Week3,Sleepy Hollow B & R,Week1,250.0 Sleepy Hollow B & R - 152.0 Country Club Hills
Country Club Hills,Week2,Tuckahoe,Week5,355.0 Tuckahoe - 47.0 Country Club Hills
Crosspointe,Week1,Villa Aquatic,Week5,261.0 Crosspointe - 141.0 Villa Aquatic
Crosspointe,Week5,Vienna Woods,Week1,203.0 Crosspointe - 199.0 Vienna Woods
Crosspointe,Week4,Burke Station,Week4,317.0 Crosspointe - 85.0 Burke Station
Crosspointe,Week3,Langley,Week4,205.5 Langley - 196.5 Crosspointe
Crosspointe,Week4,Holmes Run Acres,Week2,275.0 Crosspointe - 127.0 Holmes Run Acres
Crosspointe,Week3,Langley,Week3,203.0 Langley - 199.0 Crosspointe
Crosspointe,Week5,Burke Station,Week1,304.0 Crosspointe - 74.0 Burke Station
Crosspointe,Week4,Vienna Woods,Week4,202.0 Crosspointe - 200.0 Vienna Woods
Crosspointe,Week3,Vienna Woods,Week5,253.0 Vienna Woods - 149.0 Crosspointe
Daventry,Week5,Annandale,Week2,204.0 Annandale - 197.0 Daventry
Daventry,Week5,Fox Mill Estates,Week2,249.5 Fox Mill Estates - 152.5 Daventry
Crosspointe,Week5,Burke Station,Week3,313.0 Crosspointe - 84.0 Burke Station
Country Club Hills,Week4,Sideburn Run,Week5,255.0 Sideburn Run - 147.0 Country Club Hills
Crosspointe,Week5,Hollin Meadows,Week5,268.0 Crosspointe - 134.0 Hollin Meadows
Crosspointe,Week4,Camelot,Week4,281.0 Crosspointe - 121.0 Camelot
Country Club Hills,Week1,Sleepy Hollow B & R,Week3,260.0 Sleepy Hollow B & R - 142.0 Country Club Hills
Crosspointe,Week4,Langley,Week4,215.0 Langley - 187.0 Crosspointe
Daventry,Week3,Annandale,Week2,242.0 Annandale - 159.0 Daventry
Crosspointe,Week1,Villa Aquatic,Week3,248.5 Crosspointe - 153.5 Villa Aquatic
Daventry,Week2,Annandale,Week2,228.0 Annandale - 172.0 Daventry
Country Club Hills,Week4,Sideburn Run,Week4,245.0 Sideburn Run - 157.0 Country Club Hills
Crosspointe,Week4,Langley,Week1,215.0 Langley - 187.0 Crosspointe
Daventry,Week5,Annandale,Week4,201.0 Daventry - 199.0 Annandale
Daventry,Week5,Fox Mill Estates,Week3,259.0 Fox Mill Estates - 142.0 Daventry
Crosspointe,Week2,Holmes Run Acres,Week1,260.0 Crosspointe - 142.0 Holmes Run Acres
Daventry,Week4,Fox Mill Estates,Week3,281.0 Fox Mill Estates - 120.0 Daventry
Crosspointe,Week5,Burke Station,Week2,339.0 Crosspointe - 62.0 Burke Station
Crosspointe,Week4,Holmes Run Acres,Week4,276.5 Crosspointe - 125.5 Holmes Run Acres
Crosspointe,Week2,Villa Aquatic,Week4,255.0 Crosspointe - 147.0 Villa Aquatic
Crosspointe,Week4,Camelot,Week5,263.0 Crosspointe - 139.0 Camelot
Crosspointe,Week4,Villa Aquatic,Week1,275.0 Crosspointe - 127.0 Villa Aquatic
Crosspointe,Week4,Villa Aquatic,Week3,243.0 Crosspointe - 159.0 Villa Aquatic
Daventry,Week1,Fox Mill Woods,Week2,339.0 Fox Mill Woods - 63.0 Daventry
Country Club Hills,Week1,Sleepy Hollow B & R,Week5,289.0 Sleepy Hollow B & R - 113.0 Country Club Hills
Crosspointe,Week5,Langley,Week4,211.0 Crosspointe - 191.0 Langley
Daventry,Week5,Fox Mill Estates,Week5,250.0 Fox Mill Estates - 152.0 Daventry
Crosspointe,Week1,Camelot,Week1,265.0 Crosspointe - 137.0 Camelot
Crosspointe,Week5,Camelot,Week1,282.0 Crosspointe - 120.0 Camelot
Daventry,Week1,Annandale,Week2,235.0 Annandale - 166.0 Daventry
Crosspointe,Week4,Laurel Hill,Week1,326.0 Crosspointe - 75.0 Laurel Hill
Daventry,Week1,Fox Mill Woods,Week4,352.0 Fox Mill Woods - 50.0 Daventry
Crosspointe,Week5,Langley,Week2,227.0 Crosspointe - 175.0 Langley
Daventry,Week1,Arlington Forest,Week3,284.0 Arlington Forest - 118.0 Daventry
Crosspointe,Week3,Holmes Run Acres,Week3,239.0 Crosspointe - 163.0 Holmes Run Acres
Crosspointe,Week4,Villa Aquatic,Week2,274.0 Crosspointe - 128.0 Villa Aquatic
Country Club Hills,Week1,Sleepy Hollow B & R,Week4,256.0 Sleepy Hollow B & R - 146.0 Country Club Hills
Crosspointe,Week4,Holmes Run Acres,Week1,279.0 Crosspointe - 123.0 Holmes Run Acres
Daventry,Week2,Annandale,Week4,219.0 Annandale - 181.0 Daventry
Daventry,Week1,Fox Mill Woods,Week5,334.0 Fox Mill Woods - 68.0 Daventry
Crosspointe,Week4,Villa Aquatic,Week4,250.0 Crosspointe - 152.0 Villa Aquatic
Daventry,Week2,Annandale,Week3,246.0 Annandale - 156.0 Daventry
Crosspointe,Week5,Camelot,Week2,271.0 Crosspointe - 131.0 Camelot
Crosspointe,Week1,Camelot,Week4,285.0 Crosspointe - 117.0 Camelot
Daventry,Week1,Arlington Forest,Week2,303.0 Arlington Forest - 99.0 Daventry
Crosspointe,Week4,Villa Aquatic,Week5,243.0 Crosspointe - 159.0 Villa Aquatic
Crosspointe,Week2,Laurel Hill,Week3,284.0 Crosspointe - 118.0 Laurel Hill
Daventry,Week4,Lake Braddock,Week3,239.0 Lake Braddock - 162.0 Daventry
Country Club Hills,Week4,Sideburn Run,Week2,217.0 Sideburn Run - 185.0 Country Club Hills
Country Club Hills,Week3,Sleepy Hollow B & R,Week3,266.0 Sleepy Hollow B & R - 136.0 Country Club Hills
Crosspointe,Week3,Camelot,Week2,253.0 Crosspointe - 149.0 Camelot
Country Club Hills,Week2,Sleepy Hollow B & R,Week1,246.0 Sleepy Hollow B & R - 156.0 Country Club Hills
Crosspointe,Week3,Camelot,Week1,258.0 Crosspointe - 144.0 Camelot
Crosspointe,Week5,Villa Aquatic,Week1,300.0 Crosspointe - 102.0 Villa Aquatic
Daventry,Week5,Lake Braddock,Week2,218.0 Daventry - 184.0 Lake Braddock
Crosspointe,Week4,Laurel Hill,Week3,308.0 Crosspointe - 94.0 Laurel Hill
Daventry,Week3,Lake Braddock,Week5,231.0 Lake Braddock - 170.0 Daventry
Crosspointe,Week5,Camelot,Week3,283.0 Crosspointe - 119.0 Camelot
Crosspointe,Week2,Laurel Hill,Week4,302.5 Crosspointe - 99.5 Laurel Hill
Crosspointe,Week1,Camelot,Week5,269.5 Crosspointe - 132.5 Camelot
Daventry,Week4,Lake Braddock,Week1,221.0 Lake Braddock - 181.0 Daventry
Daventry,Week1,Fox Mill Woods,Week3,331.0 Fox Mill Woods - 71.0 Daventry
Daventry,Week1,Annandale,Week5,230.0 Annandale - 171.0 Daventry
Crosspointe,Week5,Villa Aquatic,Week3,270.0 Crosspointe - 132.0 Villa Aquatic
Daventry,Week1,Fox Mill Woods,Week1,342.5 Fox Mill Woods - 59.5 Daventry
Country Club Hills,Week2,Sleepy Hollow B & R,Week5,297.5 Sleepy Hollow B & R - 104.5 Country Club Hills
Daventry,Week3,Fox Mill Estates,Week5,286.0 Fox Mill Estates - 116.0 Daventry
Daventry,Week5,Kings Ridge ,Week3,203.0 Kings Ridge - 199.0 Daventry
Daventry,Week4,Fox Mill Estates,Week2,266.0 Fox Mill Estates - 136.0 Daventry
Crosspointe,Week5,Langley,Week1,208.0 Crosspointe - 194.0 Langley
Crosspointe,Week5,Villa Aquatic,Week2,294.0 Crosspointe - 108.0 Villa Aquatic
Daventry,Week3,Annandale,Week1,229.0 Annandale - 167.0 Daventry
Daventry,Week1,Annandale,Week3,250.0 Annandale - 147.0 Daventry
Crosspointe,Week3,Laurel Hill,Week1,311.0 Crosspointe - 86.0 Laurel Hill
Country Club Hills,Week3,Sleepy Hollow B & R,Week2,256.0 Sleepy Hollow B & R - 146.0 Country Club Hills
Country Club Hills,Week5,Sideburn Run,Week4,222.0 Sideburn Run - 180.0 Country Club Hills
Daventry,Week5,Kings Ridge ,Week4,222.0 Kings Ridge - 180.0 Daventry
Crosspointe,Week5,Villa Aquatic,Week4,278.0 Crosspointe - 124.0 Villa Aquatic
Crosspointe,Week1,Laurel Hill,Week3,306.0 Crosspointe - 96.0 Laurel Hill
Country Club Hills,Week5,Sleepy Hollow B & R,Week1,206.0 Country Club Hills - 196.0 Sleepy Hollow B & R
Daventry,Week4,Lake Braddock,Week5,246.0 Lake Braddock - 155.0 Daventry
Crosspointe,Week1,Laurel Hill,Week2,324.0 Crosspointe - 78.0 Laurel Hill
Daventry,Week5,Kings Ridge ,Week5,226.0 Kings Ridge - 175.0 Daventry
Crosspointe,Week1,Virginia Hills,Week3,370.0 Crosspointe - 32.0 Virginia Hills
Crosspointe,Week1,Virginia Hills,Week1,369.0 Crosspointe - 33.0 Virginia Hills
Daventry,Week1,Lake Braddock,Week4,216.0 Lake Braddock - 185.0 Daventry
Crosspointe,Week2,Camelot,Week3,263.0 Crosspointe - 139.0 Camelot
Country Club Hills,Week4,Sleepy Hollow B & R,Week3,270.0 Sleepy Hollow B & R - 132.0 Country Club Hills
Crosspointe,Week5,Village West,Week4,327.0 Crosspointe - 70.0 Village West
Daventry,Week4,Lake Braddock,Week4,225.0 Lake Braddock - 177.0 Daventry
Crosspointe,Week1,Laurel Hill,Week5,300.0 Crosspointe - 102.0 Laurel Hill
Country Club Hills,Week4,Sleepy Hollow B & R,Week2,260.0 Sleepy Hollow B & R - 142.0 Country Club Hills
Daventry,Week4,Kings Ridge ,Week4,237.0 Kings Ridge - 165.0 Daventry
Crosspointe,Week2,Camelot,Week4,266.0 Crosspointe - 136.0 Camelot
Daventry,Week4,Annandale,Week2,241.0 Annandale - 160.0 Daventry
Crosspointe,Week3,Camelot,Week3,262.0 Crosspointe - 140.0 Camelot
Daventry,Week1,Annandale,Week4,223.0 Annandale - 178.0 Daventry
Daventry,Week1,Lake Braddock,Week1,214.0 Lake Braddock - 188.0 Daventry
Crosspointe,Week2,Laurel Hill,Week2,322.0 Crosspointe - 80.0 Laurel Hill
Country Club Hills,Week4,Sleepy Hollow B & R,Week4,262.0 Sleepy Hollow B & R - 140.0 Country Club Hills
Crosspointe,Week2,Camelot,Week1,259.0 Crosspointe - 143.0 Camelot
Crosspointe,Week3,Camelot,Week5,258.0 Crosspointe - 144.0 Camelot
Crosspointe,Week1,Laurel Hill,Week1,317.0 Crosspointe - 85.0 Laurel Hill
Crosspointe,Week3,Village West,Week5,318.0 Crosspointe - 79.0 Village West
Daventry,Week3,Annandale,Week3,263.0 Annandale - 139.0 Daventry
Daventry,Week3,Annandale,Week5,251.0 Annandale - 148.0 Daventry
Crosspointe,Week1,Village West,Week4,325.0 Crosspointe - 72.0 Village West
Crosspointe,Week1,Camelot,Week3,273.0 Crosspointe - 129.0 Camelot
Country Club Hills,Week5,Sleepy Hollow B & R,Week2,220.0 Sleepy Hollow B & R - 182.0 Country Club Hills
Crosspointe,Week4,Village West,Week2,319.0 Crosspointe - 83.0 Village West
Daventry,Week4,Annandale,Week4,233.5 Annandale - 167.5 Daventry
Crosspointe,Week5,Langley,Week5,219.0 Crosspointe - 183.0 Langley
Daventry,Week1,Annandale,Week1,225.0 Annandale - 171.0 Daventry
Daventry,Week1,Lake Braddock,Week3,224.0 Lake Braddock - 176.0 Daventry
Country Club Hills,Week4,Sleepy Hollow B & R,Week5,301.0 Sleepy Hollow B & R - 101.0 Country Club Hills
Crosspointe,Week1,Laurel Hill,Week4,315.0 Crosspointe - 87.0 Laurel Hill
Country Club Hills,Week5,Sleepy Hollow B & R,Week3,222.0 Sleepy Hollow B & R - 180.0 Country Club Hills
Daventry,Week2,Annandale,Week5,232.0 Annandale - 169.0 Daventry
Crosspointe,Week1,Village West,Week5,325.0 Crosspointe - 77.0 Village West
Crosspointe,Week2,Camelot,Week2,256.0 Crosspointe - 146.0 Camelot
Country Club Hills,Week5,Sleepy Hollow B & R,Week4,252.0 Sleepy Hollow B & R - 150.0 Country Club Hills
Crosspointe,Week3,Laurel Hill,Week3,298.0 Crosspointe - 104.0 Laurel Hill
Country Club Hills,Week1,Sleepy Hollow Rec,Week4,270.0 Country Club Hills - 132.0 Sleepy Hollow Rec
Crosspointe,Week3,Laurel Hill,Week5,292.0 Crosspointe - 110.0 Laurel Hill
Crosspointe,Week3,Village West,Week1,316.0 Crosspointe - 86.0 Village West
Crosspointe,Week2,Camelot,Week5,264.0 Crosspointe - 138.0 Camelot
Daventry,Week2,Lake Braddock,Week2,214.0 Lake Braddock - 187.0 Daventry
Daventry,Week5,Kings Ridge ,Week2,219.0 Daventry - 183.0 Kings Ridge
Crosspointe,Week5,Woodley,Week5,321.0 Crosspointe - 81.0 Woodley
Crosspointe,Week5,Langley,Week3,230.0 Crosspointe - 172.0 Langley
Crosspointe,Week1,Camelot,Week2,261.0 Crosspointe - 141.0 Camelot
Country Club Hills,Week5,Sleepy Hollow B & R,Week5,266.0 Sleepy Hollow B & R - 136.0 Country Club Hills
Daventry,Week4,Kings Ridge ,Week5,245.0 Kings Ridge - 157.0 Daventry
Crosspointe,Week4,Camelot,Week3,274.0 Crosspointe - 128.0 Camelot
Daventry,Week5,Annandale,Week1,203.0 Daventry - 199.0 Annandale
Daventry,Week4,Annandale,Week5,247.0 Annandale - 154.0 Daventry
Crosspointe,Week1,Village West,Week2,325.0 Crosspointe - 77.0 Village West
Crosspointe,Week4,Village West,Week3,292.0 Crosspointe - 110.0 Village West
Crosspointe,Week1,Village West,Week1,322.0 Crosspointe - 80.0 Village West
Daventry,Week2,Lake Braddock,Week4,209.0 Lake Braddock - 192.0 Daventry
Daventry,Week3,Annandale,Week4,222.0 Annandale - 176.0 Daventry
Country Club Hills,Week2,Sleepy Hollow Rec,Week4,268.0 Country Club Hills - 134.0 Sleepy Hollow Rec
Daventry,Week5,Kings Ridge ,Week1,210.0 Kings Ridge - 192.0 Daventry
Daventry,Week5,Annandale,Week3,221.0 Annandale - 176.0 Daventry
Country Club Hills,Week3,Sleepy Hollow Rec,Week1,263.0 Country Club Hills - 139.0 Sleepy Hollow Rec
Crosspointe,Week3,Village West,Week2,318.0 Crosspointe - 84.0 Village West
Crosspointe,Week2,Laurel Hill,Week1,309.0 Crosspointe - 93.0 Laurel Hill
Daventry,Week4,Annandale,Week1,227.0 Annandale - 175.0 Daventry
Crosspointe,Week4,Laurel Hill,Week5,292.0 Crosspointe - 110.0 Laurel Hill
Daventry,Week3,Lake Braddock,Week1,206.0 Lake Braddock - 195.0 Daventry
Country Club Hills,Week2,Sleepy Hollow Rec,Week3,230.0 Country Club Hills - 172.0 Sleepy Hollow Rec
Crosspointe,Week5,Laurel Hill,Week1,328.0 Crosspointe - 73.0 Laurel Hill
Crosspointe,Week5,Laurel Hill,Week4,323.0 Crosspointe - 79.0 Laurel Hill
Crosspointe,Week2,Village West,Week2,311.0 Crosspointe - 91.0 Village West
Daventry,Week1,Arlington Forest,Week1,313.0 Arlington Forest - 84.0 Daventry
Crosspointe,Week3,Village West,Week4,310.0 Crosspointe - 87.0 Village West
Country Club Hills,Week3,Sleepy Hollow Rec,Week2,260.0 Country Club Hills - 142.0 Sleepy Hollow Rec
Daventry,Week3,Newington Forest,Week1,207.0 Newington Forest - 185.0 Daventry
Daventry,Week2,Arlington Forest,Week5,311.0 Arlington Forest - 90.0 Daventry
Country Club Hills,Week4,Sleepy Hollow Rec,Week1,253.0 Country Club Hills - 144.0 Sleepy Hollow Rec
Country Club Hills,Week3,Sleepy Hollow Rec,Week4,259.0 Country Club Hills - 143.0 Sleepy Hollow Rec
Daventry,Week2,Newington Forest,Week5,261.0 Newington Forest - 140.0 Daventry
Crosspointe,Week3,Laurel Hill,Week4,307.0 Crosspointe - 95.0 Laurel Hill
Daventry,Week1,Lake Braddock,Week5,237.0 Lake Braddock - 164.0 Daventry
Crosspointe,Week3,Laurel Hill,Week2,311.0 Crosspointe - 86.0 Laurel Hill
Daventry,Week5,Arlington Forest,Week5,293.0 Arlington Forest - 104.0 Daventry
Crosspointe,Week2,Laurel Hill,Week5,273.0 Crosspointe - 129.0 Laurel Hill
Daventry,Week3,Lake Braddock,Week2,208.0 Lake Braddock - 193.0 Daventry
Daventry,Week4,Newington Forest,Week3,239.0 Newington Forest - 163.0 Daventry
Country Club Hills,Week2,Sleepy Hollow Rec,Week5,230.0 Country Club Hills - 172.0 Sleepy Hollow Rec
Crosspointe,Week4,Camelot,Week1,270.0 Crosspointe - 132.0 Camelot
Daventry,Week4,Kings Ridge ,Week3,229.0 Kings Ridge - 173.0 Daventry
Crosspointe,Week3,Camelot,Week4,270.0 Crosspointe - 132.0 Camelot
Daventry,Week4,Annandale,Week3,249.0 Annandale - 153.0 Daventry
Crosspointe,Week2,Village West,Week4,295.0 Crosspointe - 102.0 Village West
Daventry,Week1,Lake Braddock,Week2,217.0 Lake Braddock - 184.0 Daventry
Crosspointe,Week4,Camelot,Week2,267.0 Crosspointe - 135.0 Camelot
Crosspointe,Week4,Village West,Week1,320.0 Crosspointe - 82.0 Village West
Daventry,Week3,Lake Braddock,Week4,224.0 Lake Braddock - 178.0 Daventry
Crosspointe,Week2,Village West,Week1,311.0 Crosspointe - 91.0 Village West
Daventry,Week4,Mount Vernon Park,Week4,343.0 Mount Vernon Park - 59.0 Daventry
Country Club Hills,Week3,Sleepy Hollow Rec,Week3,235.0 Country Club Hills - 167.0 Sleepy Hollow Rec
Daventry,Week2,Brandywine,Week2,281.0 Brandywine - 121.0 Daventry
Daventry,Week3,Lake Braddock,Week3,228.0 Lake Braddock - 173.0 Daventry
Daventry,Week3,Arlington Forest,Week1,318.0 Arlington Forest - 84.0 Daventry
Daventry,Week5,Lake Braddock,Week1,230.0 Daventry - 172.0 Lake Braddock
Crosspointe,Week4,Langley,Week3,203.0 Crosspointe - 199.0 Langley
Country Club Hills,Week4,Sleepy Hollow Rec,Week2,252.0 Country Club Hills - 150.0 Sleepy Hollow Rec
Daventry,Week3,Newington Forest,Week3,227.0 Newington Forest - 175.0 Daventry
Daventry,Week2,Brandywine,Week1,284.0 Brandywine - 118.0 Daventry
Crosspointe,Week5,Village West,Week1,328.0 Crosspointe - 74.0 Village West
Crosspointe,Week4,Village West,Week4,310.0 Crosspointe - 87.0 Village West
Crosspointe,Week4,Laurel Hill,Week4,315.0 Crosspointe - 87.0 Laurel Hill
Crosspointe,Week4,Langley,Week5,201.5 Langley - 200.5 Crosspointe
Daventry,Week1,Newington Forest,Week4,241.5 Newington Forest - 155.5 Daventry
Crosspointe,Week2,Village West,Week3,289.5 Crosspointe - 112.5 Village West
Daventry,Week4,Arlington Forest,Week1,330.0 Arlington Forest - 72.0 Daventry
Daventry,Week3,Brandywine,Week1,281.0 Brandywine - 116.0 Daventry
Daventry,Week5,Mount Vernon Park,Week1,301.0 Mount Vernon Park - 96.0 Daventry
Daventry,Week5,Mount Vernon Park,Week3,317.0 Mount Vernon Park - 85.0 Daventry
Daventry,Week1,Newington Forest,Week3,224.0 Newington Forest - 178.0 Daventry
Crosspointe,Week2,Village West,Week5,303.0 Crosspointe - 99.0 Village West
Crosspointe,Week5,Laurel Hill,Week3,316.5 Crosspointe - 85.5 Laurel Hill
Country Club Hills,Week3,Sleepy Hollow Rec,Week5,241.5 Country Club Hills - 160.5 Sleepy Hollow Rec
Crosspointe,Week4,Laurel Hill,Week2,318.0 Crosspointe - 83.0 Laurel Hill
Daventry,Week2,Lake Braddock,Week1,218.0 Lake Braddock - 182.0 Daventry
Daventry,Week4,Arlington Forest,Week2,312.0 Arlington Forest - 90.0 Daventry
Country Club Hills,Week2,Sleepy Hollow Rec,Week1,250.5 Country Club Hills - 151.5 Sleepy Hollow Rec
Crosspointe,Week5,Laurel Hill,Week5,310.0 Crosspointe - 92.0 Laurel Hill
Country Club Hills,Week2,Sleepy Hollow Rec,Week2,243.0 Country Club Hills - 159.0 Sleepy Hollow Rec
Crosspointe,Week5,Laurel Hill,Week2,334.0 Crosspointe - 68.0 Laurel Hill
Country Club Hills,Week1,Sleepy Hollow Rec,Week3,231.0 Country Club Hills - 171.0 Sleepy Hollow Rec
Daventry,Week4,Mount Vernon Park,Week2,338.0 Mount Vernon Park - 64.0 Daventry
Daventry,Week2,Lake Braddock,Week5,234.0 Lake Braddock - 167.0 Daventry
Daventry,Week2,Brandywine,Week4,292.5 Brandywine - 109.5 Daventry
Crosspointe,Week5,Village West,Week2,327.5 Crosspointe - 74.5 Village West
Crosspointe,Week4,Village West,Week5,306.0 Crosspointe - 96.0 Village West
Daventry,Week2,Lake Braddock,Week3,218.0 Lake Braddock - 182.0 Daventry
Daventry,Week4,Lake Braddock,Week2,225.5 Lake Braddock - 175.5 Daventry
Country Club Hills,Week1,Sleepy Hollow Rec,Week5,242.0 Country Club Hills - 160.0 Sleepy Hollow Rec
Crosspointe,Week5,Villa Aquatic,Week5,276.0 Crosspointe - 126.0 Villa Aquatic
Daventry,Week5,Lakevale Estates,Week1,317.0 Lakevale Estates - 85.0 Daventry
Crosspointe,Week1,Village West,Week3,314.0 Crosspointe - 88.0 Village West
Daventry,Week4,Newington Forest,Week2,226.0 Newington Forest - 171.0 Daventry
Crosspointe,Week5,Village West,Week3,315.0 Crosspointe - 87.0 Village West
Crosspointe,Week3,Village West,Week3,301.0 Crosspointe - 101.0 Village West
Daventry,Week2,Arlington Forest,Week4,323.0 Arlington Forest - 79.0 Daventry
Crosspointe,Week1,Lee Graham,Week5,226.0 Lee Graham - 176.0 Crosspointe
Daventry,Week4,Lakevale Estates,Week2,353.0 Lakevale Estates - 49.0 Daventry
Daventry,Week2,Newington Forest,Week4,245.0 Newington Forest - 156.0 Daventry
Country Club Hills,Week1,Sleepy Hollow Rec,Week2,250.0 Country Club Hills - 152.0 Sleepy Hollow Rec
Crosspointe,Week5,Lee Graham,Week3,211.5 Lee Graham - 190.5 Crosspointe
Daventry,Week5,Lakevale Estates,Week3,330.0 Lakevale Estates - 67.0 Daventry
Daventry,Week5,Arlington Forest,Week2,271.0 Arlington Forest - 126.0 Daventry
Crosspointe,Week1,Lee Graham,Week4,220.0 Lee Graham - 182.0 Crosspointe
Daventry,Week4,Newington Forest,Week1,214.0 Newington Forest - 182.0 Daventry
Daventry,Week4,Arlington Forest,Week4,331.0 Arlington Forest - 71.0 Daventry
Country Club Hills,Week4,Sleepy Hollow Rec,Week3,233.0 Country Club Hills - 169.0 Sleepy Hollow Rec
Daventry,Week1,Newington Forest,Week5,253.0 Newington Forest - 149.0 Daventry
Daventry,Week1,Newington Forest,Week1,227.0 Newington Forest - 172.0 Daventry
Daventry,Week2,Lakevale Estates,Week4,353.0 Lakevale Estates - 49.0 Daventry
Daventry,Week5,Arlington Forest,Week3,263.0 Arlington Forest - 138.0 Daventry
Daventry,Week5,Lakevale Estates,Week5,327.0 Lakevale Estates - 75.0 Daventry
Daventry,Week3,Arlington Forest,Week3,289.0 Arlington Forest - 112.0 Daventry
Country Club Hills,Week2,Rolling Valley,Week1,308.0 Country Club Hills - 94.0 Rolling Valley
Crosspointe,Week1,Virginia Hills,Week5,367.0 Crosspointe - 35.0 Virginia Hills
Daventry,Week5,Mount Vernon Park,Week2,311.0 Mount Vernon Park - 91.0 Daventry
Daventry,Week5,Mount Vernon Park,Week4,308.0 Mount Vernon Park - 94.0 Daventry
Crosspointe,Week2,Lincolnia Park,Week1,358.0 Crosspointe - 44.0 Lincolnia Park
Crosspointe,Week2,Lincolnia Park,Week3,332.0 Crosspointe - 61.0 Lincolnia Park
Crosspointe,Week2,Lee Graham,Week5,237.0 Lee Graham - 165.0 Crosspointe
Crosspointe,Week1,Lincolnia Park,Week5,342.0 Crosspointe - 51.0 Lincolnia Park
Daventry,Week1,Arlington Forest,Week5,307.0 Arlington Forest - 95.0 Daventry
Country Club Hills,Week5,Rolling Hills,Week4,239.0 Country Club Hills - 162.0 Rolling Hills
Crosspointe,Week1,Lincolnia Park,Week3,341.0 Crosspointe - 52.0 Lincolnia Park
Crosspointe,Week2,Virginia Hills,Week3,364.0 Crosspointe - 38.0 Virginia Hills
Daventry,Week3,Lakevale Estates,Week1,333.0 Lakevale Estates - 69.0 Daventry
Crosspointe,Week2,Lee Graham,Week2,223.0 Lee Graham - 179.0 Crosspointe
Daventry,Week1,Brandywine,Week1,286.0 Brandywine - 116.0 Daventry
Country Club Hills,Week1,Rolling Valley,Week1,307.5 Country Club Hills - 94.5 Rolling Valley
Crosspointe,Week1,Lincolnia Park,Week2,360.0 Crosspointe - 33.0 Lincolnia Park
Daventry,Week1,Lakevale Estates,Week2,341.5 Lakevale Estates - 60.5 Daventry
Daventry,Week1,Lakeview,Week2,203.0 Daventry - 199.0 Lakeview
Daventry,Week2,Newington Forest,Week2,224.0 Newington Forest - 168.0 Daventry
Daventry,Week4,Mount Vernon Park,Week5,348.0 Mount Vernon Park - 53.0 Daventry
Daventry,Week1,Brandywine,Week4,303.0 Brandywine - 99.0 Daventry
Daventry,Week3,Arlington Forest,Week4,329.0 Arlington Forest - 72.0 Daventry
Crosspointe,Week1,Virginia Hills,Week2,371.0 Crosspointe - 31.0 Virginia Hills
Daventry,Week2,Lakevale Estates,Week3,337.0 Lakevale Estates - 65.0 Daventry
Crosspointe,Week2,Virginia Hills,Week4,370.0 Crosspointe - 32.0 Virginia Hills
Country Club Hills,Week1,Rolling Valley,Week4,265.0 Country Club Hills - 137.0 Rolling Valley
Country Club Hills,Week4,Rolling Valley,Week1,304.0 Country Club Hills - 98.0 Rolling Valley
Daventry,Week2,Newington Forest,Week3,226.0 Newington Forest - 175.0 Daventry
Crosspointe,Week5,Village West,Week5,329.0 Crosspointe - 73.0 Village West
Daventry,Week2,Arlington Forest,Week1,321.0 Arlington Forest - 81.0 Daventry
Crosspointe,Week2,Virginia Hills,Week2,365.0 Crosspointe - 37.0 Virginia Hills
Country Club Hills,Week5,Rolling Valley,Week3,292.5 Country Club Hills - 109.5 Rolling Valley
Daventry,Week1,Lakeview,Week4,233.5 Lakeview - 168.5 Daventry
Crosspointe,Week1,Lee Graham,Week3,216.0 Lee Graham - 186.0 Crosspointe
Daventry,Week4,Mount Vernon Park,Week3,343.0 Mount Vernon Park - 59.0 Daventry
Daventry,Week4,Lakevale Estates,Week3,349.0 Lakevale Estates - 53.0 Daventry
Daventry,Week2,Arlington Forest,Week2,297.5 Arlington Forest - 104.5 Daventry
Daventry,Week4,Mount Vernon Park,Week1,333.0 Mount Vernon Park - 69.0 Daventry
Daventry,Week4,Parliament,Week1,298.0 Parliament - 103.0 Daventry
Daventry,Week1,Newington Forest,Week2,222.0 Newington Forest - 178.0 Daventry
Country Club Hills,Week3,Rolling Valley,Week5,255.0 Country Club Hills - 147.0 Rolling Valley
Daventry,Week3,Parliament,Week3,289.0 Parliament - 113.0 Daventry
Crosspointe,Week4,Lee Graham,Week3,225.0 Lee Graham - 177.0 Crosspointe
Crosspointe,Week2,Virginia Hills,Week1,361.0 Crosspointe - 41.0 Virginia Hills
Crosspointe,Week3,Virginia Hills,Week5,360.0 Crosspointe - 42.0 Virginia Hills
Daventry,Week3,Newington Forest,Week2,211.0 Newington Forest - 183.0 Daventry
Daventry,Week3,Lakevale Estates,Week5,337.0 Lakevale Estates - 65.0 Daventry
Daventry,Week3,Lakevale Estates,Week4,351.0 Lakevale Estates - 51.0 Daventry
Country Club Hills,Week4,Rolling Valley,Week2,276.0 Country Club Hills - 126.0 Rolling Valley
Country Club Hills,Week1,Rolling Valley,Week2,266.5 Country Club Hills - 135.5 Rolling Valley
Daventry,Week4,Arlington Forest,Week5,323.0 Arlington Forest - 79.0 Daventry
Crosspointe,Week3,Virginia Hills,Week3,354.0 Crosspointe - 48.0 Virginia Hills
Daventry,Week5,Lake Braddock,Week4,210.0 Daventry - 192.0 Lake Braddock
Daventry,Week3,Arlington Forest,Week2,298.0 Arlington Forest - 104.0 Daventry
Crosspointe,Week3,Virginia Hills,Week2,365.0 Crosspointe - 32.0 Virginia Hills
Daventry,Week3,Arlington Forest,Week5,314.0 Arlington Forest - 88.0 Daventry
Crosspointe,Week3,Lee Graham,Week1,204.0 Lee Graham - 193.0 Crosspointe
Country Club Hills,Week5,Rolling Valley,Week1,325.0 Country Club Hills - 77.0 Rolling Valley
Daventry,Week2,Newington Forest,Week1,213.0 Newington Forest - 179.0 Daventry
Country Club Hills,Week4,Rolling Valley,Week3,267.0 Country Club Hills - 130.0 Rolling Valley
Daventry,Week5,Lake Braddock,Week3,215.0 Daventry - 186.0 Lake Braddock
Crosspointe,Week4,Virginia Hills,Week2,372.0 Crosspointe - 30.0 Virginia Hills
Daventry,Week2,Parliament,Week4,289.0 Parliament - 112.0 Daventry
Crosspointe,Week4,Virginia Hills,Week1,372.0 Crosspointe - 30.0 Virginia Hills
Daventry,Week5,Arlington Forest,Week4,297.0 Arlington Forest - 105.0 Daventry
Crosspointe,Week1,Lee Graham,Week2,209.0 Lee Graham - 193.0 Crosspointe
Crosspointe,Week2,Lee Graham,Week4,232.0 Lee Graham - 170.0 Crosspointe
Daventry,Week3,Pinecrest,Week1,318.0 Pinecrest - 83.0 Daventry
Daventry,Week5,Arlington Forest,Week1,294.0 Arlington Forest - 108.0 Daventry
Daventry,Week1,Lakevale Estates,Week1,332.0 Lakevale Estates - 65.0 Daventry
Daventry,Week3,Pinecrest,Week3,337.0 Pinecrest - 65.0 Daventry
Country Club Hills,Week5,Rolling Valley,Week4,288.0 Country Club Hills - 114.0 Rolling Valley
Daventry,Week4,Parliament,Week3,304.0 Parliament - 98.0 Daventry
Daventry,Week3,Newington Forest,Week4,256.0 Newington Forest - 146.0 Daventry
Crosspointe,Week4,Lee Graham,Week2,225.0 Lee Graham - 177.0 Crosspointe
Daventry,Week2,Lakevale Estates,Week1,331.0 Lakevale Estates - 71.0 Daventry
Crosspointe,Week3,Lee Graham,Week3,226.0 Lee Graham - 176.0 Crosspointe
Crosspointe,Week4,Virginia Hills,Week3,368.0 Crosspointe - 34.0 Virginia Hills
Country Club Hills,Week3,Rolling Valley,Week3,269.0 Country Club Hills - 133.0 Rolling Valley
Daventry,Week3,Newington Forest,Week5,254.0 Newington Forest - 148.0 Daventry
Crosspointe,Week3,Virginia Hills,Week4,363.0 Crosspointe - 39.0 Virginia Hills
Crosspointe,Week1,Lee Graham,Week1,221.0 Lee Graham - 181.0 Crosspointe
Daventry,Week2,Parliament,Week5,278.0 Parliament - 119.0 Daventry
Daventry,Week2,Arlington Forest,Week3,288.0 Arlington Forest - 110.0 Daventry
Country Club Hills,Week2,Rolling Valley,Week3,254.0 Country Club Hills - 148.0 Rolling Valley
Crosspointe,Week4,Lee Graham,Week4,234.0 Lee Graham - 168.0 Crosspointe
Daventry,Week3,Parliament,Week1,296.0 Parliament - 102.0 Daventry
Daventry,Week5,Mount Vernon Park,Week5,317.0 Mount Vernon Park - 84.0 Daventry
Daventry,Week4,Arlington Forest,Week3,301.0 Arlington Forest - 100.0 Daventry
Daventry,Week1,Brandywine,Week2,288.0 Brandywine - 114.0 Daventry
Country Club Hills,Week1,Rolling Valley,Week3,268.0 Country Club Hills - 134.0 Rolling Valley
Crosspointe,Week3,Virginia Hills,Week1,358.0 Crosspointe - 44.0 Virginia Hills
Daventry,Week1,Lakevale Estates,Week5,339.0 Lakevale Estates - 63.0 Daventry
Daventry,Week1,Lakevale Estates,Week4,347.0 Lakevale Estates - 55.0 Daventry
Daventry,Week3,Parliament,Week5,287.0 Parliament - 111.0 Daventry
Daventry,Week4,Lakevale Estates,Week1,356.0 Lakevale Estates - 46.0 Daventry
Daventry,Week2,North Springfield,Week1,204.0 Daventry - 141.0 North Springfield
Crosspointe,Week1,Virginia Hills,Week4,374.0 Crosspointe - 28.0 Virginia Hills
Daventry,Week5,Parliament,Week4,274.0 Parliament - 123.0 Daventry
Daventry,Week4,Lakevale Estates,Week5,351.0 Lakevale Estates - 51.0 Daventry
Crosspointe,Week3,Lee Graham,Week4,217.0 Lee Graham - 185.0 Crosspointe
Daventry,Week4,Parliament,Week4,291.0 Parliament - 111.0 Daventry
Daventry,Week1,North Springfield,Week1,217.0 Daventry - 126.0 North Springfield
Country Club Hills,Week2,Rolling Valley,Week4,262.0 Country Club Hills - 140.0 Rolling Valley
Crosspointe,Week2,Lee Graham,Week1,230.0 Lee Graham - 172.0 Crosspointe
Daventry,Week4,North Springfield,Week4,219.0 Daventry - 167.0 North Springfield
Daventry,Week5,North Springfield,Week2,224.0 Daventry - 158.0 North Springfield
Crosspointe,Week4,Virginia Hills,Week5,366.0 Crosspointe - 36.0 Virginia Hills
Daventry,Week3,Lakevale Estates,Week2,340.0 Lakevale Estates - 62.0 Daventry
Country Club Hills,Week3,Rolling Valley,Week2,271.0 Country Club Hills - 131.0 Rolling Valley
Daventry,Week1,Brandywine,Week3,274.0 Brandywine - 122.0 Daventry
Daventry,Week2,Brandywine,Week5,307.0 Brandywine - 94.0 Daventry
Daventry,Week1,North Springfield,Week4,224.0 Daventry - 159.0 North Springfield
Crosspointe,Week4,Virginia Hills,Week4,374.0 Crosspointe - 28.0 Virginia Hills
Daventry,Week3,Parliament,Week4,284.0 Parliament - 116.0 Daventry
Daventry,Week2,Brandywine,Week3,277.0 Brandywine - 124.0 Daventry
Country Club Hills,Week4,Rolling Valley,Week4,271.5 Country Club Hills - 130.5 Rolling Valley
Daventry,Week3,Brandywine,Week2,288.0 Brandywine - 113.0 Daventry
Country Club Hills,Week2,Rolling Valley,Week5,249.0 Country Club Hills - 153.0 Rolling Valley
Crosspointe,Week3,Lee Graham,Week2,215.0 Lee Graham - 187.0 Crosspointe
Country Club Hills,Week4,Rolling Valley,Week5,258.0 Country Club Hills - 144.0 Rolling Valley
Country Club Hills,Week2,Rolling Valley,Week2,279.0 Country Club Hills - 123.0 Rolling Valley
Daventry,Week1,North Springfield,Week2,197.0 Daventry - 187.0 North Springfield
Daventry,Week1,Lakevale Estates,Week3,335.0 Lakevale Estates - 62.0 Daventry
Crosspointe,Week2,Virginia Hills,Week5,358.0 Crosspointe - 44.0 Virginia Hills
Crosspointe,Week4,Lee Graham,Week1,215.0 Lee Graham - 187.0 Crosspointe
Crosspointe,Week3,Lee Graham,Week5,226.0 Lee Graham - 176.0 Crosspointe
Daventry,Week4,Parliament,Week5,291.0 Parliament - 110.0 Daventry
Daventry,Week2,Lakevale Estates,Week2,341.0 Lakevale Estates - 61.0 Daventry
Daventry,Week1,Pinecrest,Week1,315.5 Pinecrest - 86.5 Daventry
Crosspointe,Week5,Virginia Hills,Week1,369.0 Crosspointe - 33.0 Virginia Hills
Daventry,Week1,Brandywine,Week5,308.0 Brandywine - 94.0 Daventry
Crosspointe,Week2,Lee Graham,Week3,229.0 Lee Graham - 173.0 Crosspointe
Daventry,Week4,Brandywine,Week1,290.0 Brandywine - 112.0 Daventry
Daventry,Week3,Brandywine,Week4,306.0 Brandywine - 96.0 Daventry
Country Club Hills,Week3,Rolling Valley,Week4,265.0 Country Club Hills - 137.0 Rolling Valley
Daventry,Week2,Lakevale Estates,Week5,344.0 Lakevale Estates - 58.0 Daventry
Daventry,Week5,Lakevale Estates,Week2,329.0 Lakevale Estates - 73.0 Daventry
Country Club Hills,Week5,Rolling Hills,Week5,251.0 Country Club Hills - 151.0 Rolling Hills
Daventry,Week2,North Springfield,Week2,215.0 Daventry - 168.0 North Springfield
Crosspointe,Week5,Lee Graham,Week1,207.0 Crosspointe - 195.0 Lee Graham
Daventry,Week3,Brandywine,Week3,282.0 Brandywine - 115.0 Daventry
Crosspointe,Week5,Lee Graham,Week2,205.0 Crosspointe - 197.0 Lee Graham
Crosspointe,Week4,Lee Graham,Week5,227.0 Lee Graham - 175.0 Crosspointe
Country Club Hills,Week1,Rolling Valley,Week5,261.0 Country Club Hills - 141.0 Rolling Valley
Daventry,Week3,Lakevale Estates,Week3,335.0 Lakevale Estates - 67.0 Daventry
Daventry,Week2,North Springfield,Week3,194.0 Daventry - 194.0 North Springfield
Daventry,Week5,Lake Braddock,Week5,204.0 Daventry - 198.0 Lake Braddock
Daventry,Week3,Parliament,Week2,276.0 Parliament - 124.0 Daventry
Daventry,Week2,Parliament,Week3,294.0 Parliament - 108.0 Daventry
Daventry,Week5,Parliament,Week3,278.0 Parliament - 123.0 Daventry
Daventry,Week5,Newington Forest,Week4,228.0 Newington Forest - 174.0 Daventry
Daventry,Week1,Pinecrest,Week2,337.0 Pinecrest - 65.0 Daventry
Daventry,Week4,Brandywine,Week3,280.0 Brandywine - 121.0 Daventry
Daventry,Week1,Pinecrest,Week3,345.5 Pinecrest - 56.5 Daventry
Daventry,Week5,Parliament,Week1,279.0 Parliament - 116.0 Daventry
Daventry,Week3,North Springfield,Week3,208.0 North Springfield - 177.0 Daventry
Daventry,Week1,Bren Mar-Edsall Park,Week1,271.0 Daventry - 128.0 Bren Mar-Edsall Park
Country Club Hills,Week5,Rolling Valley,Week2,295.0 Country Club Hills - 107.0 Rolling Valley
Country Club Hills,Week3,Rolling Valley,Week1,306.0 Country Club Hills - 96.0 Rolling Valley
Crosspointe,Week5,Lee Graham,Week5,209.0 Lee Graham - 193.0 Crosspointe
Daventry,Week5,Brandywine,Week4,272.0 Brandywine - 130.0 Daventry
Daventry,Week4,Brandywine,Week2,297.0 Brandywine - 105.0 Daventry
Daventry,Week1,North Springfield,Week5,190.0 North Springfield - 178.0 Daventry
Crosspointe,Week5,Lee Graham,Week4,202.0 Crosspointe - 200.0 Lee Graham
Daventry,Week5,Lakevale Estates,Week4,339.0 Lakevale Estates - 63.0 Daventry
Crosspointe,Week1,Lincolnia Park,Week1,359.0 Crosspointe - 43.0 Lincolnia Park
Daventry,Week3,North Springfield,Week1,202.0 Daventry - 136.0 North Springfield
Daventry,Week5,Newington Forest,Week3,206.0 Newington Forest - 196.0 Daventry
Daventry,Week1,Lakeview,Week1,208.0 Daventry - 194.0 Lakeview
Crosspointe,Week1,Lincolnia Park,Week4,363.0 Crosspointe - 39.0 Lincolnia Park
Daventry,Week5,Brandywine,Week5,287.0 Brandywine - 115.0 Daventry
Daventry,Week1,Lakeview,Week3,219.0 Lakeview - 183.0 Daventry
Daventry,Week4,Lakevale Estates,Week4,357.0 Lakevale Estates - 45.0 Daventry
Daventry,Week5,Parliament,Week2,254.5 Parliament - 140.5 Daventry
Crosspointe,Week2,Little Hunting Park,Week5,289.0 Crosspointe - 113.0 Little Hunting Park
Daventry,Week2,Pinecrest,Week3,343.0 Pinecrest - 59.0 Daventry
Daventry,Week2,Pinecrest,Week2,338.0 Pinecrest - 63.0 Daventry
Daventry,Week4,Newington Forest,Week4,252.0 Newington Forest - 150.0 Daventry
Daventry,Week1,Lakeview,Week5,226.0 Lakeview - 167.0 Daventry
Daventry,Week5,Bren Mar-Edsall Park,Week3,292.0 Daventry - 108.0 Bren Mar-Edsall Park
Daventry,Week1,Pinecrest,Week4,347.0 Pinecrest - 55.0 Daventry
Daventry,Week1,Bren Mar-Edsall Park,Week4,240.0 Daventry - 157.0 Bren Mar-Edsall Park
Crosspointe,Week4,Lincolnia Park,Week4,365.0 Crosspointe - 36.0 Lincolnia Park
Crosspointe,Week2,Lincolnia Park,Week2,350.0 Crosspointe - 43.0 Lincolnia Park
Daventry,Week4,North Springfield,Week3,200.0 North Springfield - 189.0 Daventry
Crosspointe,Week2,Little Hunting Park,Week3,294.5 Crosspointe - 107.5 Little Hunting Park
Daventry,Week1,Pinecrest,Week5,339.0 Pinecrest - 63.0 Daventry
Daventry,Week5,Bren Mar-Edsall Park,Week1,287.0 Daventry - 112.0 Bren Mar-Edsall Park
Daventry,Week3,North Springfield,Week5,184.0 North Springfield - 177.0 Daventry
Daventry,Week2,Lakeview,Week1,208.0 Lakeview - 193.0 Daventry
Daventry,Week2,Lakeview,Week5,226.0 Lakeview - 166.0 Daventry
Daventry,Week4,North Springfield,Week2,208.0 Daventry - 175.0 North Springfield
Crosspointe,Week2,Lincolnia Park,Week4,355.0 Crosspointe - 47.0 Lincolnia Park
Daventry,Week3,Pinecrest,Week2,333.0 Pinecrest - 69.0 Daventry
Daventry,Week5,Lakeview,Week2,207.0 Daventry - 194.0 Lakeview
Crosspointe,Week3,Lincolnia Park,Week5,333.0 Crosspointe - 60.0 Lincolnia Park
Daventry,Week5,Newington Forest,Week2,208.0 Newington Forest - 189.0 Daventry
Daventry,Week4,Newington Forest,Week5,257.0 Newington Forest - 145.0 Daventry
Daventry,Week3,Bren Mar-Edsall Park,Week4,253.0 Daventry - 145.0 Bren Mar-Edsall Park
Daventry,Week4,Bren Mar-Edsall Park,Week2,298.0 Daventry - 102.0 Bren Mar-Edsall Park
Daventry,Week5,Newington Forest,Week1,211.0 Daventry - 186.0 Newington Forest
Daventry,Week5,Lakeview,Week1,205.0 Daventry - 195.0 Lakeview
Daventry,Week2,North Springfield,Week5,190.0 North Springfield - 179.0 Daventry
Crosspointe,Week5,Lincolnia Park,Week5,345.0 Crosspointe - 48.0 Lincolnia Park
Daventry,Week1,Pinewood Lake,Week3,296.0 Daventry - 76.0 Pinewood Lake
Crosspointe,Week5,Lincolnia Park,Week2,360.0 Crosspointe - 32.0 Lincolnia Park
Daventry,Week5,Lakeview,Week3,207.0 Lakeview - 194.0 Daventry
Daventry,Week2,Pinewood Lake,Week2,290.0 Daventry - 96.0 Pinewood Lake
Crosspointe,Week3,Lincolnia Park,Week1,350.0 Crosspointe - 52.0 Lincolnia Park
Daventry,Week1,Bren Mar-Edsall Park,Week3,256.0 Daventry - 138.0 Bren Mar-Edsall Park
Daventry,Week5,Parliament,Week5,269.0 Parliament - 126.0 Daventry
Daventry,Week4,Bren Mar-Edsall Park,Week5,277.0 Daventry - 124.0 Bren Mar-Edsall Park
Daventry,Week2,Lakeview,Week4,243.0 Lakeview - 159.0 Daventry
Daventry,Week2,Lakeview,Week3,220.0 Lakeview - 181.0 Daventry
Daventry,Week4,Parliament,Week2,276.0 Parliament - 125.0 Daventry
Daventry,Week4,Brandywine,Week5,312.5 Brandywine - 89.5 Daventry
Daventry,Week4,Lakeview,Week1,218.0 Lakeview - 184.0 Daventry
Daventry,Week5,Brandywine,Week3,256.0 Brandywine - 142.0 Daventry
Crosspointe,Week3,Little Hunting Park,Week4,306.0 Crosspointe - 96.0 Little Hunting Park
Crosspointe,Week4,Lincolnia Park,Week5,347.0 Crosspointe - 46.0 Lincolnia Park
Daventry,Week5,North Springfield,Week1,220.0 Daventry - 125.0 North Springfield
Daventry,Week2,Pinecrest,Week1,324.5 Pinecrest - 77.5 Daventry
Daventry,Week2,Pinecrest,Week5,339.0 Pinecrest - 59.0 Daventry
Crosspointe,Week3,Little Hunting Park,Week2,314.0 Crosspointe - 88.0 Little Hunting Park
Daventry,Week2,Bren Mar-Edsall Park,Week5,266.0 Daventry - 133.0 Bren Mar-Edsall Park
Daventry,Week4,Lakeview,Week3,229.0 Lakeview - 173.0 Daventry
Daventry,Week4,Bren Mar-Edsall Park,Week3,279.0 Daventry - 121.0 Bren Mar-Edsall Park
Daventry,Week1,North Springfield,Week3,201.0 Daventry - 188.0 North Springfield
Daventry,Week3,North Springfield,Week4,206.0 Daventry - 179.0 North Springfield
Daventry,Week2,Pinecrest,Week4,346.0 Pinecrest - 56.0 Daventry
Daventry,Week5,Newington Forest,Week5,232.0 Newington Forest - 170.0 Daventry
Daventry,Week4,Lakeview,Week2,221.0 Lakeview - 181.0 Daventry
Daventry,Week4,North Springfield,Week1,208.0 Daventry - 136.0 North Springfield
Daventry,Week2,Bren Mar-Edsall Park,Week2,287.0 Daventry - 109.0 Bren Mar-Edsall Park
Daventry,Week2,Bren Mar-Edsall Park,Week4,258.0 Daventry - 141.0 Bren Mar-Edsall Park
Daventry,Week3,Pinewood Lake,Week5,280.0 Daventry - 103.0 Pinewood Lake
Daventry,Week4,Brandywine,Week4,309.0 Brandywine - 93.0 Daventry
Daventry,Week3,Lakeview,Week2,227.0 Lakeview - 173.0 Daventry
Daventry,Week1,Pinewood Lake,Week4,280.0 Daventry - 97.0 Pinewood Lake
Crosspointe,Week5,Lincolnia Park,Week4,363.0 Crosspointe - 39.0 Lincolnia Park
Daventry,Week3,Lakeview,Week5,246.0 Lakeview - 143.0 Daventry
Daventry,Week2,North Springfield,Week4,225.0 Daventry - 159.0 North Springfield
Daventry,Week3,North Springfield,Week2,192.0 Daventry - 182.0 North Springfield
Daventry,Week5,North Springfield,Week4,238.0 Daventry - 141.0 North Springfield
Crosspointe,Week4,Lincolnia Park,Week1,369.0 Crosspointe - 32.0 Lincolnia Park
Daventry,Week3,Brandywine,Week5,320.0 Brandywine - 82.0 Daventry
Daventry,Week5,North Springfield,Week3,202.0 Daventry - 188.0 North Springfield
Crosspointe,Week1,Little Hunting Park,Week5,291.0 Crosspointe - 111.0 Little Hunting Park
Daventry,Week4,Pinewood Lake,Week4,305.0 Daventry - 84.0 Pinewood Lake
Daventry,Week5,Pinecrest,Week5,320.0 Pinecrest - 81.0 Daventry
Daventry,Week5,Pinewood Lake,Week1,296.0 Daventry - 84.0 Pinewood Lake
Daventry,Week3,Bren Mar-Edsall Park,Week2,281.0 Daventry - 117.0 Bren Mar-Edsall Park
Daventry,Week3,Langley,Week2,317.0 Langley - 84.0 Daventry
Daventry,Week3,Langley,Week4,325.0 Langley - 77.0 Daventry
Daventry,Week2,Pinewood Lake,Week1,306.0 Daventry - 80.0 Pinewood Lake
Daventry,Week3,Bren Mar-Edsall Park,Week1,273.0 Daventry - 125.0 Bren Mar-Edsall Park
Daventry,Week1,Oakton ,Week1,353.0 Oakton - 49.0 Daventry
Daventry,Week5,North Springfield,Week5,203.0 Daventry - 166.0 North Springfield
Daventry,Week3,Lakeview,Week1,231.5 Lakeview - 169.5 Daventry
Crosspointe,Week4,Lincolnia Park,Week3,342.5 Crosspointe - 50.5 Lincolnia Park
Daventry,Week4,Lakeview,Week5,235.0 Lakeview - 158.0 Daventry
Daventry,Week5,Brandywine,Week2,267.0 Brandywine - 135.0 Daventry
Crosspointe,Week3,Lincolnia Park,Week2,347.0 Crosspointe - 46.0 Lincolnia Park
Daventry,Week1,Pinewood Lake,Week2,285.0 Daventry - 91.0 Pinewood Lake
Daventry,Week2,Bren Mar-Edsall Park,Week1,282.0 Daventry - 114.0 Bren Mar-Edsall Park
Crosspointe,Week4,Lincolnia Park,Week2,360.0 Crosspointe - 32.0 Lincolnia Park
Daventry,Week2,Pinewood Lake,Week3,300.0 Daventry - 85.0 Pinewood Lake
Crosspointe,Week5,Lincolnia Park,Week1,373.0 Crosspointe - 29.0 Lincolnia Park
Daventry,Week4,North Springfield,Week5,184.5 North Springfield - 182.5 Daventry
Daventry,Week5,Langley,Week1,327.0 Langley - 75.0 Daventry
Daventry,Week4,Langley,Week1,345.0 Langley - 57.0 Daventry
Daventry,Week5,Lakeview,Week4,231.0 Lakeview - 170.0 Daventry
Daventry,Week5,Brandywine,Week1,260.0 Brandywine - 142.0 Daventry
Daventry,Week2,Bren Mar-Edsall Park,Week3,279.0 Daventry - 120.0 Bren Mar-Edsall Park
Daventry,Week1,Oakton ,Week3,349.5 Oakton - 47.5 Daventry
Daventry,Week4,Oakton ,Week5,374.0 Oakton - 28.0 Daventry
Daventry,Week2,Pinewood Lake,Week5,291.0 Daventry - 97.0 Pinewood Lake
Daventry,Week1,Oakton ,Week2,365.0 Oakton - 37.0 Daventry
Daventry,Week4,Pinecrest,Week3,352.0 Pinecrest - 50.0 Daventry
Daventry,Week5,Pinecrest,Week4,337.0 Pinecrest - 65.0 Daventry
Daventry,Week5,Pinecrest,Week1,299.5 Pinecrest - 102.5 Daventry
Crosspointe,Week5,Lincolnia Park,Week3,344.0 Crosspointe - 49.0 Lincolnia Park
Crosspointe,Week1,Little Hunting Park,Week1,309.0 Crosspointe - 93.0 Little Hunting Park
Crosspointe,Week2,Lincolnia Park,Week5,334.0 Crosspointe - 59.0 Lincolnia Park
Daventry,Week3,Lakeview,Week4,260.0 Lakeview - 141.0 Daventry
Crosspointe,Week3,Lincolnia Park,Week4,357.0 Crosspointe - 45.0 Lincolnia Park
Daventry,Week1,Oakton ,Week4,358.0 Oakton - 44.0 Daventry
Daventry,Week2,Langley,Week3,333.0 Langley - 69.0 Daventry
Daventry,Week3,Bren Mar-Edsall Park,Week3,269.0 Daventry - 130.0 Bren Mar-Edsall Park
Daventry,Week1,Langley,Week2,325.0 Langley - 77.0 Daventry
Crosspointe,Week1,Little Hunting Park,Week3,307.0 Crosspointe - 95.0 Little Hunting Park
Daventry,Week1,Bren Mar-Edsall Park,Week5,250.0 Daventry - 145.0 Bren Mar-Edsall Park
Daventry,Week4,Bren Mar-Edsall Park,Week1,288.0 Daventry - 110.0 Bren Mar-Edsall Park
Daventry,Week5,Brookfield ,Week2,272.0 Brookfield - 130.0 Daventry
Daventry,Week2,Langley,Week4,339.0 Langley - 63.0 Daventry
Daventry,Week2,Lakeview,Week2,204.0 Lakeview - 196.0 Daventry
Daventry,Week4,Pinecrest,Week1,331.0 Pinecrest - 71.0 Daventry
Daventry,Week5,Lakeview,Week5,208.0 Lakeview - 183.0 Daventry
Daventry,Week5,Oakton ,Week2,340.0 Oakton - 57.0 Daventry
Daventry,Week2,Langley,Week1,339.0 Langley - 63.0 Daventry
Daventry,Week1,Bren Mar-Edsall Park,Week2,280.0 Daventry - 118.0 Bren Mar-Edsall Park
Crosspointe,Week1,Little Hunting Park,Week2,317.0 Crosspointe - 85.0 Little Hunting Park
Daventry,Week4,Oakton ,Week3,364.0 Oakton - 38.0 Daventry
Crosspointe,Week2,Little Hunting Park,Week2,300.0 Crosspointe - 102.0 Little Hunting Park
Crosspointe,Week1,Little Hunting Park,Week4,309.0 Crosspointe - 93.0 Little Hunting Park
Daventry,Week2,Oakton ,Week1,355.0 Oakton - 46.0 Daventry
Daventry,Week1,Langley,Week3,338.0 Langley - 64.0 Daventry
Crosspointe,Week3,Lincolnia Park,Week3,335.0 Crosspointe - 58.0 Lincolnia Park
Daventry,Week3,Bren Mar-Edsall Park,Week5,262.0 Daventry - 138.0 Bren Mar-Edsall Park
Daventry,Week2,Pinewood Lake,Week4,289.0 Daventry - 99.0 Pinewood Lake
Crosspointe,Week2,Little Hunting Park,Week1,307.0 Crosspointe - 95.0 Little Hunting Park
Daventry,Week1,Old Keene Mill,Week3,243.0 Old Keene Mill - 159.0 Daventry
Daventry,Week5,Bren Mar-Edsall Park,Week2,289.0 Daventry - 104.0 Bren Mar-Edsall Park
Daventry,Week3,Langley,Week1,331.0 Langley - 71.0 Daventry
Daventry,Week3,Pinewood Lake,Week3,292.0 Daventry - 73.0 Pinewood Lake
Daventry,Week2,Old Keene Mill,Week3,248.0 Old Keene Mill - 154.0 Daventry
Daventry,Week5,Pinecrest,Week3,333.0 Pinecrest - 69.0 Daventry
Daventry,Week4,Bren Mar-Edsall Park,Week4,283.0 Daventry - 116.0 Bren Mar-Edsall Park
Daventry,Week3,Pinewood Lake,Week2,275.0 Daventry - 92.0 Pinewood Lake
Daventry,Week2,Old Keene Mill,Week5,252.0 Old Keene Mill - 149.0 Daventry
Crosspointe,Week3,Little Hunting Park,Week3,304.0 Crosspointe - 98.0 Little Hunting Park
Daventry,Week4,Langley,Week2,327.0 Langley - 75.0 Daventry
Daventry,Week1,Brookfield ,Week2,290.0 Brookfield - 112.0 Daventry
Daventry,Week4,Lakeview,Week4,248.0 Lakeview - 154.0 Daventry
Crosspointe,Week5,Little Hunting Park,Week4,323.0 Crosspointe - 79.0 Little Hunting Park
Daventry,Week3,Old Keene Mill,Week5,272.0 Old Keene Mill - 129.0 Daventry
Daventry,Week3,Brookfield ,Week4,312.0 Brookfield - 89.0 Daventry
Crosspointe,Week3,Little Rocky Run,Week3,208.0 Crosspointe - 194.0 Little Rocky Run
Daventry,Week1,Langley,Week5,337.0 Langley - 65.0 Daventry
Crosspointe,Week3,Little Hunting Park,Week5,290.0 Crosspointe - 112.0 Little Hunting Park
Daventry,Week4,Pinecrest,Week4,351.0 Pinecrest - 51.0 Daventry
Daventry,Week3,Pinewood Lake,Week4,275.0 Daventry - 98.0 Pinewood Lake
Daventry,Week3,Oakton ,Week3,351.0 Oakton - 51.0 Daventry
Daventry,Week3,Oakton ,Week5,359.0 Oakton - 43.0 Daventry
Daventry,Week3,Langley,Week3,323.0 Langley - 79.0 Daventry
Daventry,Week1,Langley,Week4,337.0 Langley - 65.0 Daventry
Daventry,Week4,Oakton ,Week1,359.5 Oakton - 42.5 Daventry
Daventry,Week4,Pinewood Lake,Week1,305.0 Daventry - 80.0 Pinewood Lake
Daventry,Week2,Langley,Week5,331.5 Langley - 70.5 Daventry
Daventry,Week4,Pinecrest,Week2,346.0 Pinecrest - 56.0 Daventry
Daventry,Week1,Langley,Week1,338.0 Langley - 64.0 Daventry
Daventry,Week3,Old Keene Mill,Week3,273.0 Old Keene Mill - 129.0 Daventry
Daventry,Week3,Oakton ,Week1,349.0 Oakton - 53.0 Daventry
Daventry,Week4,Brookfield ,Week4,318.0 Brookfield - 84.0 Daventry
Daventry,Week2,Oakton ,Week4,358.0 Oakton - 43.0 Daventry
Daventry,Week3,Pinecrest,Week5,329.0 Pinecrest - 72.0 Daventry
Daventry,Week5,Bren Mar-Edsall Park,Week4,268.0 Daventry - 127.0 Bren Mar-Edsall Park
Crosspointe,Week5,Little Hunting Park,Week3,322.0 Crosspointe - 80.0 Little Hunting Park
Crosspointe,Week4,Little Hunting Park,Week1,317.0 Crosspointe - 85.0 Little Hunting Park
Daventry,Week1,Oakton ,Week5,363.0 Oakton - 39.0 Daventry
Daventry,Week1,Pinewood Lake,Week1,295.0 Daventry - 81.0 Pinewood Lake
Daventry,Week4,Pinecrest,Week5,346.0 Pinecrest - 55.0 Daventry
Daventry,Week1,Brookfield ,Week5,283.0 Brookfield - 119.0 Daventry
Daventry,Week2,Brookfield ,Week4,303.0 Brookfield - 99.0 Daventry
Daventry,Week1,Pinewood Lake,Week5,280.0 Daventry - 100.0 Pinewood Lake
Daventry,Week5,Oakton ,Week1,338.0 Oakton - 59.0 Daventry
Daventry,Week3,Lakeview,Week3,249.0 Lakeview - 152.0 Daventry
Daventry,Week3,Pinecrest,Week4,340.0 Pinecrest - 62.0 Daventry
Daventry,Week5,Pinecrest,Week2,327.0 Pinecrest - 75.0 Daventry
Daventry,Week2,Langley,Week2,328.5 Langley - 73.5 Daventry
Daventry,Week4,Brookfield ,Week2,305.0 Brookfield - 97.0 Daventry
Daventry,Week1,Brookfield ,Week4,293.0 Brookfield - 109.0 Daventry
Crosspointe,Week2,Little Hunting Park,Week4,302.0 Crosspointe - 100.0 Little Hunting Park
Daventry,Week5,Brookfield ,Week1,277.0 Brookfield - 125.0 Daventry
Crosspointe,Week3,Little Hunting Park,Week1,310.0 Crosspointe - 92.0 Little Hunting Park
Crosspointe,Week4,Little Hunting Park,Week2,312.0 Crosspointe - 90.0 Little Hunting Park
Daventry,Week3,Pinewood Lake,Week1,291.0 Daventry - 77.0 Pinewood Lake
Crosspointe,Week5,Little Rocky Run,Week1,245.0 Crosspointe - 157.0 Little Rocky Run
Daventry,Week3,Langley,Week5,317.0 Langley - 84.0 Daventry
Daventry,Week3,Brookfield ,Week3,292.0 Brookfield - 108.0 Daventry
Daventry,Week4,Oakton ,Week2,371.0 Oakton - 31.0 Daventry
Daventry,Week3,Oakton ,Week4,355.0 Oakton - 47.0 Daventry
Daventry,Week4,Langley,Week3,335.0 Langley - 67.0 Daventry
Crosspointe,Week2,Little Rocky Run,Week2,202.0 Crosspointe - 200.0 Little Rocky Run
Daventry,Week5,Langley,Week5,311.0 Langley - 85.0 Daventry
Daventry,Week4,Pinewood Lake,Week2,304.0 Daventry - 82.0 Pinewood Lake
Daventry,Week1,Brookfield ,Week3,278.0 Brookfield - 124.0 Daventry
Crosspointe,Week1,Little Rocky Run,Week4,210.0 Crosspointe - 192.0 Little Rocky Run
Crosspointe,Week1,Little Rocky Run,Week5,202.0 Crosspointe - 200.0 Little Rocky Run
Daventry,Week5,Pinewood Lake,Week5,286.0 Daventry - 104.0 Pinewood Lake
Daventry,Week4,Oakton ,Week4,373.0 Oakton - 29.0 Daventry
Daventry,Week4,Langley,Week5,334.0 Langley - 68.0 Daventry
Daventry,Week5,Oakton ,Week3,329.0 Oakton - 73.0 Daventry
Daventry,Week4,Langley,Week4,341.0 Langley - 61.0 Daventry
Daventry,Week2,Oakton ,Week2,365.0 Oakton - 37.0 Daventry
Daventry,Week4,Brookfield ,Week3,294.0 Brookfield - 107.0 Daventry
Daventry,Week4,Pinewood Lake,Week5,304.0 Daventry - 88.0 Pinewood Lake
Daventry,Week4,Pinewood Lake,Week3,315.0 Daventry - 70.0 Pinewood Lake
Crosspointe,Week2,Little Rocky Run,Week5,226.0 Little Rocky Run - 176.0 Crosspointe
Daventry,Week5,Bren Mar-Edsall Park,Week5,265.0 Daventry - 128.0 Bren Mar-Edsall Park
Daventry,Week1,Broyhill Crest,Week2,265.0 Daventry - 128.0 Broyhill Crest
Crosspointe,Week4,High Point Pool,Week2,208.0 Crosspointe - 194.0 High Point Pool
Daventry,Week5,Langley,Week4,314.0 Langley - 88.0 Daventry
Crosspointe,Week5,Hiddenbrook,Week3,313.0 Crosspointe - 89.0 Hiddenbrook
Crosspointe,Week1,Little Rocky Run,Week1,205.5 Crosspointe - 196.5 Little Rocky Run
Daventry,Week2,Brookfield ,Week3,294.0 Brookfield - 104.0 Daventry
Daventry,Week2,Laurel Hill,Week1,215.0 Laurel Hill - 185.0 Daventry
Crosspointe,Week1,Little Rocky Run,Week2,223.0 Crosspointe - 179.0 Little Rocky Run
Daventry,Week1,Brookfield ,Week1,288.0 Brookfield - 114.0 Daventry
Crosspointe,Week3,Little Rocky Run,Week1,207.0 Crosspointe - 195.0 Little Rocky Run
Daventry,Week2,Brookfield ,Week2,299.0 Brookfield - 102.0 Daventry
Daventry,Week5,Pinewood Lake,Week4,288.0 Daventry - 99.0 Pinewood Lake
Crosspointe,Week2,Donaldson Run,Week3,224.0 Donaldson Run - 178.0 Crosspointe
Crosspointe,Week5,Hiddenbrook,Week1,312.0 Crosspointe - 90.0 Hiddenbrook
Daventry,Week2,Oakton ,Week5,370.0 Oakton - 32.0 Daventry
Daventry,Week5,Oakton ,Week4,342.0 Oakton - 60.0 Daventry
Daventry,Week1,Laurel Hill,Week5,251.0 Laurel Hill - 143.0 Daventry
Daventry,Week1,Old Keene Mill,Week1,236.0 Old Keene Mill - 166.0 Daventry
Crosspointe,Week4,Donaldson Run,Week1,202.0 Donaldson Run - 200.0 Crosspointe
Crosspointe,Week3,Little Rocky Run,Week4,212.0 Crosspointe - 190.0 Little Rocky Run
Crosspointe,Week3,High Point Pool,Week4,215.0 Crosspointe - 187.0 High Point Pool
Daventry,Week4,Laurel Hill,Week1,210.0 Laurel Hill - 190.0 Daventry
Crosspointe,Week2,High Point Pool,Week4,219.0 Crosspointe - 183.0 High Point Pool
Crosspointe,Week5,Little Hunting Park,Week2,330.0 Crosspointe - 72.0 Little Hunting Park
Daventry,Week2,Oakton ,Week3,356.0 Oakton - 46.0 Daventry
Crosspointe,Week4,Dominion Hills,Week4,218.0 Crosspointe - 184.0 Dominion Hills
Daventry,Week5,Oakton ,Week5,348.0 Oakton - 49.0 Daventry
Daventry,Week3,Brookfield ,Week5,303.0 Brookfield - 99.0 Daventry
Daventry,Week1,Laurel Hill,Week3,250.0 Laurel Hill - 150.0 Daventry
Daventry,Week2,Brookfield ,Week5,289.0 Brookfield - 113.0 Daventry
Daventry,Week5,Pinewood Lake,Week2,288.0 Daventry - 90.0 Pinewood Lake
Crosspointe,Week4,Little Rocky Run,Week2,218.0 Crosspointe - 184.0 Little Rocky Run
Crosspointe,Week5,High Point Pool,Week1,245.0 Crosspointe - 157.0 High Point Pool
Daventry,Week5,Brookfield ,Week5,260.0 Brookfield - 142.0 Daventry
Daventry,Week3,Brookfield ,Week1,305.0 Brookfield - 97.0 Daventry
Daventry,Week1,Old Keene Mill,Week2,245.0 Old Keene Mill - 157.0 Daventry
Crosspointe,Week1,Little Rocky Run,Week3,210.0 Crosspointe - 192.0 Little Rocky Run
Daventry,Week4,Brookfield ,Week1,313.0 Brookfield - 89.0 Daventry
Crosspointe,Week4,Little Hunting Park,Week3,302.0 Crosspointe - 100.0 Little Hunting Park
Daventry,Week3,Laurel Hill,Week3,239.0 Laurel Hill - 156.0 Daventry
Daventry,Week4,Laurel Hill,Week4,238.0 Laurel Hill - 163.0 Daventry
Daventry,Week3,Laurel Hill,Week5,246.0 Laurel Hill - 147.0 Daventry
Daventry,Week5,Pinewood Lake,Week3,300.0 Daventry - 83.0 Pinewood Lake
Crosspointe,Week2,Little Rocky Run,Week3,217.0 Little Rocky Run - 185.0 Crosspointe
Daventry,Week4,Laurel Hill,Week3,244.0 Laurel Hill - 157.0 Daventry
Daventry,Week1,Old Keene Mill,Week4,245.0 Old Keene Mill - 157.0 Daventry
Daventry,Week2,Old Keene Mill,Week4,247.0 Old Keene Mill - 155.0 Daventry
Crosspointe,Week3,Dominion Hills,Week4,223.0 Crosspointe - 174.0 Dominion Hills
Daventry,Week3,Laurel Hill,Week1,228.0 Laurel Hill - 164.0 Daventry
Crosspointe,Week1,Donaldson Run,Week4,211.0 Donaldson Run - 191.0 Crosspointe
Crosspointe,Week5,Dominion Hills,Week5,245.0 Crosspointe - 157.0 Dominion Hills
Daventry,Week5,Brookfield ,Week3,257.0 Brookfield - 143.0 Daventry
Daventry,Week3,Brookfield ,Week2,305.0 Brookfield - 97.0 Daventry
Crosspointe,Week4,Little Hunting Park,Week4,314.0 Crosspointe - 88.0 Little Hunting Park
Crosspointe,Week3,High Point Pool,Week3,221.0 Crosspointe - 181.0 High Point Pool
Daventry,Week3,Oakton ,Week2,364.0 Oakton - 38.0 Daventry
Daventry,Week2,Laurel Hill,Week3,244.0 Laurel Hill - 156.0 Daventry
Daventry,Week3,Old Keene Mill,Week1,250.0 Old Keene Mill - 150.0 Daventry
Crosspointe,Week5,Dominion Hills,Week3,288.0 Crosspointe - 114.0 Dominion Hills
Crosspointe,Week3,Donaldson Run,Week1,202.0 Crosspointe - 200.0 Donaldson Run
Crosspointe,Week3,High Point Pool,Week5,223.0 Crosspointe - 179.0 High Point Pool
Daventry,Week1,Old Keene Mill,Week5,252.0 Old Keene Mill - 149.0 Daventry
Crosspointe,Week4,Hiddenbrook,Week4,293.0 Crosspointe - 109.0 Hiddenbrook
Daventry,Week4,Brookfield ,Week5,301.0 Brookfield - 101.0 Daventry
Crosspointe,Week4,Hiddenbrook,Week5,276.0 Crosspointe - 126.0 Hiddenbrook
Crosspointe,Week5,Dominion Hills,Week1,297.0 Crosspointe - 105.0 Dominion Hills
Crosspointe,Week4,Dominion Hills,Week1,257.5 Crosspointe - 144.5 Dominion Hills
Daventry,Week2,Brookfield ,Week1,311.0 Brookfield - 91.0 Daventry
Crosspointe,Week5,Little Hunting Park,Week5,305.0 Crosspointe - 97.0 Little Hunting Park
Crosspointe,Week5,Hiddenbrook,Week5,285.0 Crosspointe - 117.0 Hiddenbrook
Crosspointe,Week2,Donaldson Run,Week4,240.0 Donaldson Run - 162.0 Crosspointe
Daventry,Week5,Brookfield ,Week4,270.0 Brookfield - 132.0 Daventry
Crosspointe,Week2,High Point Pool,Week2,205.0 High Point Pool - 197.0 Crosspointe
Crosspointe,Week1,High Point Pool,Week1,231.0 Crosspointe - 171.0 High Point Pool
Daventry,Week2,Old Keene Mill,Week1,236.0 Old Keene Mill - 165.0 Daventry
Crosspointe,Week2,Little Rocky Run,Week4,216.0 Little Rocky Run - 186.0 Crosspointe
Daventry,Week5,Langley,Week2,305.0 Langley - 97.0 Daventry
Daventry,Week5,Langley,Week3,307.0 Langley - 95.0 Daventry
Crosspointe,Week4,Little Hunting Park,Week5,287.0 Crosspointe - 114.0 Little Hunting Park
Crosspointe,Week1,High Point Pool,Week4,212.0 Crosspointe - 190.0 High Point Pool
Daventry,Week2,Old Keene Mill,Week2,249.0 Old Keene Mill - 153.0 Daventry
Crosspointe,Week2,Donaldson Run,Week5,246.0 Donaldson Run - 156.0 Crosspointe
Crosspointe,Week5,Little Hunting Park,Week1,330.0 Crosspointe - 71.0 Little Hunting Park
Daventry,Week3,Laurel Hill,Week2,209.0 Laurel Hill - 185.0 Daventry
Daventry,Week5,Broyhill Crest,Week3,286.0 Daventry - 106.0 Broyhill Crest
Daventry,Week5,Broyhill Crest,Week5,249.0 Daventry - 150.0 Broyhill Crest
Crosspointe,Week1,Donaldson Run,Week5,227.0 Donaldson Run - 175.0 Crosspointe
Crosspointe,Week3,Little Rocky Run,Week5,206.0 Little Rocky Run - 196.0 Crosspointe
Daventry,Week3,Laurel Hill,Week4,240.0 Laurel Hill - 157.0 Daventry
Daventry,Week3,Old Keene Mill,Week4,272.0 Old Keene Mill - 130.0 Daventry
Crosspointe,Week4,High Point Pool,Week4,217.0 Crosspointe - 185.0 High Point Pool
Crosspointe,Week4,High Point Pool,Week1,229.0 Crosspointe - 173.0 High Point Pool
Crosspointe,Week2,Little Rocky Run,Week1,212.0 Little Rocky Run - 190.0 Crosspointe
Crosspointe,Week2,High Point Pool,Week1,212.0 Crosspointe - 190.0 High Point Pool
Crosspointe,Week3,Donaldson Run,Week3,206.0 Donaldson Run - 196.0 Crosspointe
Daventry,Week3,Old Keene Mill,Week2,274.0 Old Keene Mill - 127.0 Daventry
Daventry,Week2,Orange Hunt,Week3,306.0 Orange Hunt - 95.0 Daventry
Daventry,Week3,Broyhill Crest,Week3,262.0 Daventry - 135.0 Broyhill Crest
Daventry,Week1,Laurel Hill,Week1,212.0 Laurel Hill - 188.0 Daventry
Daventry,Week2,Laurel Hill,Week2,205.0 Daventry - 194.0 Laurel Hill
Crosspointe,Week3,Little Rocky Run,Week2,223.0 Crosspointe - 179.0 Little Rocky Run
Daventry,Week1,Broyhill Crest,Week1,253.5 Daventry - 136.5 Broyhill Crest
Daventry,Week3,Orange Hunt,Week2,303.0 Orange Hunt - 98.0 Daventry
Daventry,Week5,Old Keene Mill,Week5,235.0 Old Keene Mill - 166.0 Daventry
Crosspointe,Week1,High Point Pool,Week5,221.0 Crosspointe - 181.0 High Point Pool
Crosspointe,Week4,Little Rocky Run,Week3,205.0 Crosspointe - 197.0 Little Rocky Run
Daventry,Week4,Laurel Hill,Week2,202.0 Daventry - 198.0 Laurel Hill
Crosspointe,Week3,Donaldson Run,Week4,213.0 Donaldson Run - 189.0 Crosspointe
Daventry,Week2,Orange Hunt,Week5,321.0 Orange Hunt - 81.0 Daventry
Daventry,Week1,Orange Hunt,Week5,313.0 Orange Hunt - 89.0 Daventry
Crosspointe,Week5,Dominion Hills,Week2,274.0 Crosspointe - 128.0 Dominion Hills
Daventry,Week1,Laurel Hill,Week4,243.0 Laurel Hill - 158.0 Daventry
Daventry,Week4,Laurel Hill,Week5,244.0 Laurel Hill - 155.0 Daventry
Crosspointe,Week4,Little Rocky Run,Week4,202.0 Crosspointe - 200.0 Little Rocky Run
Crosspointe,Week4,Little Rocky Run,Week1,202.0 Crosspointe - 200.0 Little Rocky Run
Crosspointe,Week1,Donaldson Run,Week1,201.0 Crosspointe - 201.0 Donaldson Run
Crosspointe,Week4,High Point Pool,Week5,222.0 Crosspointe - 180.0 High Point Pool
Crosspointe,Week2,High Point Pool,Week5,225.0 Crosspointe - 177.0 High Point Pool
Daventry,Week3,Orange Hunt,Week5,314.0 Orange Hunt - 88.0 Daventry
Daventry,Week3,Broyhill Crest,Week1,257.0 Daventry - 133.0 Broyhill Crest
Daventry,Week3,Broyhill Crest,Week4,248.0 Daventry - 148.0 Broyhill Crest
Daventry,Week2,Burke Station,Week1,207.0 Burke Station - 162.0 Daventry
Crosspointe,Week1,Long Branch,Week2,289.0 Crosspointe - 113.0 Long Branch
Crosspointe,Week2,Donaldson Run,Week2,217.0 Donaldson Run - 185.0 Crosspointe
Daventry,Week1,Laurel Hill,Week2,203.0 Daventry - 194.0 Laurel Hill
Crosspointe,Week4,Little Rocky Run,Week5,219.0 Little Rocky Run - 183.0 Crosspointe
Daventry,Week2,Burke Station,Week3,230.0 Burke Station - 155.0 Daventry
Crosspointe,Week3,High Point Pool,Week2,201.0 Crosspointe - 201.0 High Point Pool
Crosspointe,Week1,High Point Pool,Week2,211.0 Crosspointe - 191.0 High Point Pool
Crosspointe,Week2,Donaldson Run,Week1,227.0 Donaldson Run - 175.0 Crosspointe
Daventry,Week1,Broyhill Crest,Week5,233.0 Daventry - 166.0 Broyhill Crest
Crosspointe,Week1,Donaldson Run,Week3,207.0 Crosspointe - 195.0 Donaldson Run
Crosspointe,Week3,Dominion Hills,Week5,209.0 Crosspointe - 188.0 Dominion Hills
Crosspointe,Week4,Dominion Hills,Week5,213.0 Crosspointe - 189.0 Dominion Hills
Crosspointe,Week5,Little Rocky Run,Week4,242.0 Crosspointe - 160.0 Little Rocky Run
Crosspointe,Week3,Donaldson Run,Week2,211.5 Crosspointe - 190.5 Donaldson Run
Daventry,Week5,Old Keene Mill,Week3,234.0 Old Keene Mill - 168.0 Daventry
Daventry,Week4,Broyhill Crest,Week2,277.0 Daventry - 117.0 Broyhill Crest
Daventry,Week3,Hiddenbrook,Week1,250.0 Hiddenbrook - 150.0 Daventry
Daventry,Week4,Old Keene Mill,Week1,232.0 Old Keene Mill - 170.0 Daventry
Crosspointe,Week4,Dominion Hills,Week3,253.0 Crosspointe - 149.0 Dominion Hills
Daventry,Week2,Hiddenbrook,Week4,261.0 Hiddenbrook - 139.0 Daventry
Crosspointe,Week4,Long Branch,Week5,285.0 Crosspointe - 117.0 Long Branch
Crosspointe,Week5,Hiddenbrook,Week2,346.0 Crosspointe - 55.0 Hiddenbrook
Crosspointe,Week2,Long Branch,Week1,294.0 Crosspointe - 108.0 Long Branch
Daventry,Week1,Burke Station,Week1,236.5 Burke Station - 141.5 Daventry
Crosspointe,Week2,High Point Pool,Week3,214.0 Crosspointe - 188.0 High Point Pool
Daventry,Week4,Broyhill Crest,Week3,278.0 Daventry - 119.0 Broyhill Crest
Daventry,Week2,Laurel Hill,Week4,232.5 Laurel Hill - 168.5 Daventry
Daventry,Week4,Old Keene Mill,Week5,255.0 Old Keene Mill - 146.0 Daventry
Daventry,Week1,Hiddenbrook,Week3,255.0 Hiddenbrook - 146.0 Daventry
Daventry,Week2,Broyhill Crest,Week2,277.0 Daventry - 116.0 Broyhill Crest
Daventry,Week2,Laurel Hill,Week5,243.0 Laurel Hill - 157.0 Daventry
Daventry,Week1,Burke Station,Week3,235.0 Burke Station - 160.0 Daventry
Daventry,Week4,Herndon,Week5,203.5 Daventry - 193.5 Herndon
Crosspointe,Week3,High Point Pool,Week1,230.0 Crosspointe - 167.0 High Point Pool
Crosspointe,Week5,Long Branch,Week2,303.0 Crosspointe - 99.0 Long Branch
Crosspointe,Week1,Highland Park,Week4,244.0 Crosspointe - 158.0 Highland Park
Daventry,Week3,Orange Hunt,Week4,306.0 Orange Hunt - 95.0 Daventry
Daventry,Week2,Broyhill Crest,Week5,222.0 Daventry - 173.0 Broyhill Crest
Daventry,Week1,Orange Hunt,Week4,296.0 Orange Hunt - 106.0 Daventry
Crosspointe,Week4,Long Branch,Week2,295.0 Crosspointe - 107.0 Long Branch
Daventry,Week3,Hiddenbrook,Week5,280.0 Hiddenbrook - 122.0 Daventry
Daventry,Week2,Hiddenbrook,Week2,211.0 Hiddenbrook - 189.0 Daventry
Daventry,Week3,Hiddenbrook,Week3,261.0 Hiddenbrook - 139.0 Daventry
Crosspointe,Week1,Long Branch,Week4,295.0 Crosspointe - 107.0 Long Branch
Daventry,Week3,Orange Hunt,Week1,303.0 Orange Hunt - 99.0 Daventry
Daventry,Week4,Old Keene Mill,Week2,251.0 Old Keene Mill - 150.0 Daventry
Daventry,Week2,Orange Hunt,Week1,303.0 Orange Hunt - 98.0 Daventry
Crosspointe,Week5,Hiddenbrook,Week4,307.0 Crosspointe - 95.0 Hiddenbrook
Crosspointe,Week1,Highland Park,Week2,244.0 Crosspointe - 158.0 Highland Park
Daventry,Week2,Orange Hunt,Week2,306.0 Orange Hunt - 95.0 Daventry
Crosspointe,Week5,Dominion Hills,Week4,253.0 Crosspointe - 149.0 Dominion Hills
Crosspointe,Week4,High Point Pool,Week3,220.5 Crosspointe - 181.5 High Point Pool
Daventry,Week1,Burke Station,Week4,221.0 Burke Station - 178.0 Daventry
Crosspointe,Week4,Dominion Hills,Week2,244.0 Crosspointe - 158.0 Dominion Hills
Crosspointe,Week1,High Point Pool,Week3,236.0 Crosspointe - 166.0 High Point Pool
Crosspointe,Week1,Donaldson Run,Week2,211.0 Crosspointe - 191.0 Donaldson Run
Crosspointe,Week1,Long Branch,Week5,284.0 Crosspointe - 118.0 Long Branch
Crosspointe,Week5,Little Rocky Run,Week3,242.5 Crosspointe - 159.5 Little Rocky Run
Daventry,Week2,Broyhill Crest,Week1,266.0 Daventry - 124.0 Broyhill Crest
Crosspointe,Week1,Dowden Terrace,Week5,229.5 Crosspointe - 172.5 Dowden Terrace
Daventry,Week5,Old Keene Mill,Week2,230.0 Old Keene Mill - 172.0 Daventry
Crosspointe,Week2,Dowden Terrace,Week5,213.0 Crosspointe - 189.0 Dowden Terrace
Crosspointe,Week3,Long Branch,Week3,295.0 Crosspointe - 107.0 Long Branch
Daventry,Week1,Broyhill Crest,Week3,264.0 Daventry - 134.0 Broyhill Crest
Crosspointe,Week2,Long Branch,Week4,291.0 Crosspointe - 111.0 Long Branch
Crosspointe,Week1,Highland Park,Week3,256.0 Crosspointe - 146.0 Highland Park
Daventry,Week5,Herndon,Week2,218.0 Daventry - 177.0 Herndon
Crosspointe,Week1,Highlands Swim,Week1,220.0 Highlands Swim - 182.0 Crosspointe
Crosspointe,Week1,Dowden Terrace,Week1,260.5 Crosspointe - 141.5 Dowden Terrace
Crosspointe,Week5,Highland Park,Week4,269.0 Crosspointe - 133.0 Highland Park
Daventry,Week3,Broyhill Crest,Week5,228.0 Daventry - 169.0 Broyhill Crest
Daventry,Week1,Orange Hunt,Week3,299.0 Orange Hunt - 103.0 Daventry
Crosspointe,Week3,Donaldson Run,Week5,226.0 Donaldson Run - 176.0 Crosspointe
Daventry,Week4,Herndon,Week4,207.0 Herndon - 191.0 Daventry
Daventry,Week3,Herndon,Week3,224.0 Daventry - 172.0 Herndon
Crosspointe,Week3,Long Branch,Week1,297.0 Crosspointe - 105.0 Long Branch
Daventry,Week2,Broyhill Crest,Week4,262.0 Daventry - 132.0 Broyhill Crest
Daventry,Week4,Orange Hunt,Week1,306.0 Orange Hunt - 96.0 Daventry
Crosspointe,Week2,Highland Park,Week2,237.0 Crosspointe - 165.0 Highland Park
Crosspointe,Week5,Little Rocky Run,Week5,215.0 Crosspointe - 187.0 Little Rocky Run
Daventry,Week4,Broyhill Crest,Week5,235.0 Daventry - 164.0 Broyhill Crest
Crosspointe,Week2,Long Branch,Week3,300.0 Crosspointe - 102.0 Long Branch
Crosspointe,Week4,Dowden Terrace,Week5,223.0 Crosspointe - 179.0 Dowden Terrace
Crosspointe,Week3,Long Branch,Week2,280.0 Crosspointe - 122.0 Long Branch
Daventry,Week5,Broyhill Crest,Week1,272.0 Daventry - 115.0 Broyhill Crest
Daventry,Week5,Herndon,Week5,219.0 Daventry - 180.0 Herndon
Daventry,Week3,Orange Hunt,Week3,305.0 Orange Hunt - 97.0 Daventry
Crosspointe,Week2,Dowden Terrace,Week1,243.0 Crosspointe - 159.0 Dowden Terrace
Crosspointe,Week3,Dowden Terrace,Week2,260.0 Crosspointe - 137.0 Dowden Terrace
Crosspointe,Week5,High Point Pool,Week3,266.0 Crosspointe - 136.0 High Point Pool
Daventry,Week5,Old Keene Mill,Week1,214.0 Old Keene Mill - 188.0 Daventry
Crosspointe,Week3,Dowden Terrace,Week3,270.0 Crosspointe - 132.0 Dowden Terrace
Daventry,Week1,Orange Hunt,Week1,299.0 Orange Hunt - 103.0 Daventry
Daventry,Week3,Broyhill Crest,Week2,271.0 Daventry - 121.0 Broyhill Crest
Crosspointe,Week1,Dowden Terrace,Week4,253.0 Crosspointe - 149.0 Dowden Terrace
Daventry,Week2,Herndon,Week4,212.0 Daventry - 188.0 Herndon
Crosspointe,Week1,Highlands Swim,Week4,206.0 Highlands Swim - 196.0 Crosspointe
Crosspointe,Week1,Highland Park,Week1,245.0 Crosspointe - 157.0 Highland Park
Daventry,Week4,Orange Hunt,Week2,306.0 Orange Hunt - 96.0 Daventry
Daventry,Week1,Hiddenbrook,Week1,256.0 Hiddenbrook - 146.0 Daventry
Daventry,Week4,Old Keene Mill,Week3,255.0 Old Keene Mill - 147.0 Daventry
Daventry,Week2,Herndon,Week5,217.0 Daventry - 181.0 Herndon
Daventry,Week4,Broyhill Crest,Week1,261.0 Daventry - 132.0 Broyhill Crest
Crosspointe,Week1,Long Branch,Week1,297.0 Crosspointe - 105.0 Long Branch
Daventry,Week1,Hiddenbrook,Week4,258.0 Hiddenbrook - 143.0 Daventry
Crosspointe,Week5,Highland Park,Week3,270.0 Crosspointe - 132.0 Highland Park
Daventry,Week1,Broyhill Crest,Week4,250.0 Daventry - 146.0 Broyhill Crest
Crosspointe,Week3,Long Branch,Week4,311.0 Crosspointe - 91.0 Long Branch
Crosspointe,Week2,Highland Park,Week1,233.0 Crosspointe - 169.0 Highland Park
Crosspointe,Week5,Little Rocky Run,Week2,243.0 Crosspointe - 159.0 Little Rocky Run
Crosspointe,Week2,Highland Park,Week3,264.0 Crosspointe - 138.0 Highland Park
Crosspointe,Week4,Donaldson Run,Week2,201.0 Crosspointe - 201.0 Donaldson Run
Crosspointe,Week5,Long Branch,Week4,315.0 Crosspointe - 87.0 Long Branch
Crosspointe,Week2,Highland Park,Week5,243.0 Crosspointe - 159.0 Highland Park
Daventry,Week4,Broyhill Crest,Week4,258.0 Daventry - 139.0 Broyhill Crest
Daventry,Week1,Hiddenbrook,Week2,231.0 Hiddenbrook - 169.0 Daventry
Crosspointe,Week3,Highland Park,Week3,254.0 Crosspointe - 148.0 Highland Park
Daventry,Week2,Orange Hunt,Week4,308.0 Orange Hunt - 93.0 Daventry
Crosspointe,Week5,Donaldson Run,Week5,218.0 Donaldson Run - 184.0 Crosspointe
Daventry,Week2,Hiddenbrook,Week1,242.0 Hiddenbrook - 156.0 Daventry
Crosspointe,Week2,Long Branch,Week2,287.0 Crosspointe - 115.0 Long Branch
Crosspointe,Week5,High Point Pool,Week5,240.0 Crosspointe - 162.0 High Point Pool
Crosspointe,Week1,Dunn Loring,Week2,220.0 Dunn Loring - 182.0 Crosspointe
Crosspointe,Week4,Highland Park,Week4,247.0 Crosspointe - 155.0 Highland Park
Crosspointe,Week5,Long Branch,Week5,304.0 Crosspointe - 98.0 Long Branch
Daventry,Week4,Orange Hunt,Week3,316.0 Orange Hunt - 86.0 Daventry
Daventry,Week4,Overlee,Week4,392.0 Overlee - 10.0 Daventry
Crosspointe,Week5,Donaldson Run,Week1,208.0 Crosspointe - 194.0 Donaldson Run
Crosspointe,Week4,Long Branch,Week1,292.0 Crosspointe - 110.0 Long Branch
Crosspointe,Week4,Long Branch,Week3,298.0 Crosspointe - 104.0 Long Branch
Daventry,Week4,Herndon,Week1,209.0 Daventry - 185.0 Herndon
Daventry,Week5,Herndon,Week3,226.0 Daventry - 169.0 Herndon
Daventry,Week4,Herndon,Week2,217.0 Daventry - 181.0 Herndon
Daventry,Week3,Herndon,Week2,213.0 Daventry - 180.0 Herndon
Daventry,Week4,Old Keene Mill,Week4,248.0 Old Keene Mill - 154.0 Daventry
Crosspointe,Week5,High Point Pool,Week2,233.0 Crosspointe - 169.0 High Point Pool
Crosspointe,Week4,Donaldson Run,Week4,216.0 Donaldson Run - 186.0 Crosspointe
Daventry,Week5,Broyhill Crest,Week2,292.0 Daventry - 101.0 Broyhill Crest
Crosspointe,Week5,Highland Park,Week2,271.0 Crosspointe - 131.0 Highland Park
Daventry,Week1,Orange Hunt,Week2,297.0 Orange Hunt - 105.0 Daventry
Crosspointe,Week4,Long Branch,Week4,294.0 Crosspointe - 108.0 Long Branch
Daventry,Week3,Burke Station,Week2,200.0 Daventry - 196.0 Burke Station
Daventry,Week2,Overlee,Week5,384.0 Overlee - 18.0 Daventry
Daventry,Week2,Burke Station,Week4,200.0 Burke Station - 198.0 Daventry
Crosspointe,Week3,Highland Park,Week2,246.0 Crosspointe - 156.0 Highland Park
Crosspointe,Week3,Long Branch,Week5,286.0 Crosspointe - 116.0 Long Branch
Crosspointe,Week5,Donaldson Run,Week4,208.0 Crosspointe - 194.0 Donaldson Run
Daventry,Week1,Burke Station,Week2,207.0 Burke Station - 192.0 Daventry
Daventry,Week3,Herndon,Week5,209.0 Daventry - 183.0 Herndon
Daventry,Week5,Broyhill Crest,Week4,263.0 Daventry - 133.0 Broyhill Crest
Daventry,Week2,Burke Station,Week2,199.0 Burke Station - 191.0 Daventry
Crosspointe,Week5,Dowden Terrace,Week5,251.0 Crosspointe - 151.0 Dowden Terrace
Daventry,Week3,Herndon,Week4,206.0 Daventry - 188.0 Herndon
Daventry,Week5,Old Keene Mill,Week4,226.0 Old Keene Mill - 176.0 Daventry
Daventry,Week5,Overlee,Week2,371.0 Overlee - 31.0 Daventry
Crosspointe,Week1,Dowden Terrace,Week2,256.0 Crosspointe - 146.0 Dowden Terrace
Crosspointe,Week1,Mansion House,Week1,246.0 Crosspointe - 156.0 Mansion House
Daventry,Week1,Burke Station,Week5,252.0 Burke Station - 150.0 Daventry
Daventry,Week2,Broyhill Crest,Week3,279.0 Daventry - 115.0 Broyhill Crest
Daventry,Week1,Overlee,Week4,387.0 Overlee - 15.0 Daventry
Crosspointe,Week3,Highland Park,Week4,247.0 Crosspointe - 155.0 Highland Park
Daventry,Week4,Herndon,Week3,208.0 Daventry - 192.0 Herndon
Crosspointe,Week5,Donaldson Run,Week3,208.0 Crosspointe - 194.0 Donaldson Run
Daventry,Week5,Orange Hunt,Week5,300.0 Orange Hunt - 102.0 Daventry
Crosspointe,Week1,Long Branch,Week3,301.0 Crosspointe - 101.0 Long Branch
Daventry,Week5,Herndon,Week1,218.0 Daventry - 175.0 Herndon
Crosspointe,Week5,Long Branch,Week3,317.0 Crosspointe - 85.0 Long Branch
Crosspointe,Week5,Donaldson Run,Week2,208.0 Crosspointe - 194.0 Donaldson Run
Daventry,Week5,Orange Hunt,Week3,288.0 Orange Hunt - 114.0 Daventry
Daventry,Week2,Camelot,Week5,283.0 Camelot - 118.0 Daventry
Daventry,Week3,Burke Station,Week4,201.0 Burke Station - 198.0 Daventry
Daventry,Week1,Overlee,Week1,377.0 Overlee - 25.0 Daventry
Crosspointe,Week2,Highland Park,Week4,238.0 Crosspointe - 164.0 Highland Park
Crosspointe,Week2,Dowden Terrace,Week2,241.0 Crosspointe - 161.0 Dowden Terrace
Crosspointe,Week2,Dowden Terrace,Week3,256.0 Crosspointe - 146.0 Dowden Terrace
Crosspointe,Week1,Mansion House,Week2,242.0 Crosspointe - 160.0 Mansion House
Daventry,Week5,Herndon,Week4,227.0 Daventry - 173.0 Herndon
Daventry,Week3,Herndon,Week1,203.0 Daventry - 186.0 Herndon
Daventry,Week3,Camelot,Week4,278.0 Camelot - 123.0 Daventry
Crosspointe,Week3,Highland Park,Week5,253.0 Crosspointe - 149.0 Highland Park
Daventry,Week4,Orange Hunt,Week4,307.0 Orange Hunt - 95.0 Daventry
Crosspointe,Week4,Highland Park,Week1,232.0 Crosspointe - 170.0 Highland Park
Crosspointe,Week5,Long Branch,Week1,311.0 Crosspointe - 91.0 Long Branch
Crosspointe,Week4,Highland Park,Week2,237.0 Crosspointe - 165.0 Highland Park
Daventry,Week2,Burke Station,Week5,242.0 Burke Station - 157.0 Daventry
Daventry,Week1,Hiddenbrook,Week5,269.0 Hiddenbrook - 133.0 Daventry
Country Club Hills,Week3,Virginia Hills,Week5,296.0 Country Club Hills - 106.0 Virginia Hills
Country Club Hills,Week3,Virginia Hills,Week4,328.0 Country Club Hills - 74.0 Virginia Hills
Daventry,Week2,Hiddenbrook,Week3,255.0 Hiddenbrook - 146.0 Daventry
Daventry,Week5,Orange Hunt,Week2,289.0 Orange Hunt - 113.0 Daventry
Country Club Hills,Week3,Virginia Hills,Week3,321.0 Country Club Hills - 81.0 Virginia Hills
Crosspointe,Week2,Dowden Terrace,Week4,240.0 Crosspointe - 162.0 Dowden Terrace
Daventry,Week1,Camelot,Week3,263.0 Camelot - 138.0 Daventry
Country Club Hills,Week2,Virginia Hills,Week5,323.0 Country Club Hills - 78.0 Virginia Hills
Daventry,Week1,Overlee,Week3,382.0 Overlee - 20.0 Daventry
Crosspointe,Week4,Mansion House,Week3,230.0 Crosspointe - 172.0 Mansion House
Crosspointe,Week1,Mansion House,Week3,233.0 Crosspointe - 169.0 Mansion House
Crosspointe,Week3,Dowden Terrace,Week1,269.0 Crosspointe - 128.0 Dowden Terrace
Crosspointe,Week3,Highland Park,Week1,252.0 Crosspointe - 150.0 Highland Park
Daventry,Week2,Hiddenbrook,Week5,268.0 Hiddenbrook - 133.0 Daventry
Daventry,Week3,Burke Station,Week5,239.0 Burke Station - 160.0 Daventry
Daventry,Week2,Overlee,Week4,389.0 Overlee - 13.0 Daventry
Daventry,Week3,Hiddenbrook,Week2,227.0 Hiddenbrook - 164.0 Daventry
Crosspointe,Week3,Dowden Terrace,Week5,227.0 Crosspointe - 175.0 Dowden Terrace
Crosspointe,Week3,Dowden Terrace,Week4,262.0 Crosspointe - 140.0 Dowden Terrace
Crosspointe,Week5,High Point Pool,Week4,245.5 Crosspointe - 156.5 High Point Pool
Daventry,Week4,Burke Station,Week5,251.0 Burke Station - 151.0 Daventry
Crosspointe,Week2,Long Branch,Week5,275.0 Crosspointe - 127.0 Long Branch
Crosspointe,Week5,Highland Park,Week5,278.0 Crosspointe - 124.0 Highland Park
Crosspointe,Week4,Mansion House,Week5,217.0 Crosspointe - 185.0 Mansion House
Daventry,Week5,Burke Station,Week4,214.0 Daventry - 181.0 Burke Station
Daventry,Week1,Camelot,Week1,263.0 Camelot - 139.0 Daventry
Daventry,Week2,Overlee,Week3,372.0 Overlee - 30.0 Daventry
Crosspointe,Week3,Mansion House,Week1,242.0 Crosspointe - 160.0 Mansion House
Crosspointe,Week1,Dowden Terrace,Week3,268.0 Crosspointe - 134.0 Dowden Terrace
Daventry,Week1,Camelot,Week4,268.0 Camelot - 134.0 Daventry
Daventry,Week5,Burke Station,Week3,213.0 Burke Station - 173.0 Daventry
Daventry,Week5,Burke Station,Week2,217.0 Daventry - 174.0 Burke Station
Daventry,Week4,Hiddenbrook,Week2,219.0 Hiddenbrook - 181.0 Daventry
Country Club Hills,Week3,Virginia Hills,Week2,331.0 Country Club Hills - 71.0 Virginia Hills
Daventry,Week5,Orange Hunt,Week4,280.0 Orange Hunt - 122.0 Daventry
Crosspointe,Week1,Highlands Swim,Week3,211.0 Highlands Swim - 191.0 Crosspointe
Crosspointe,Week5,Mansion House,Week1,263.0 Crosspointe - 139.0 Mansion House
Daventry,Week2,High Point Pool,Week3,315.0 High Point Pool - 87.0 Daventry
Country Club Hills,Week5,Virginia Hills,Week3,340.0 Country Club Hills - 62.0 Virginia Hills
Daventry,Week4,Hiddenbrook,Week5,286.5 Hiddenbrook - 115.5 Daventry
Crosspointe,Week4,Donaldson Run,Week3,219.0 Donaldson Run - 183.0 Crosspointe
Country Club Hills,Week1,Virginia Run,Week1,281.0 Virginia Run - 121.0 Country Club Hills
Crosspointe,Week4,Dowden Terrace,Week3,263.0 Crosspointe - 139.0 Dowden Terrace
Crosspointe,Week4,Dowden Terrace,Week1,268.0 Crosspointe - 134.0 Dowden Terrace
Crosspointe,Week1,Highland Park,Week5,245.5 Crosspointe - 156.5 Highland Park
Crosspointe,Week4,Dowden Terrace,Week2,265.0 Crosspointe - 137.0 Dowden Terrace
Crosspointe,Week2,Mansion House,Week4,237.0 Crosspointe - 165.0 Mansion House
Daventry,Week3,Burke Station,Week1,204.0 Burke Station - 170.0 Daventry
Daventry,Week1,Overlee,Week2,380.0 Overlee - 22.0 Daventry
Daventry,Week5,Hiddenbrook,Week1,223.0 Hiddenbrook - 178.0 Daventry
Daventry,Week3,Hiddenbrook,Week4,271.0 Hiddenbrook - 129.0 Daventry
Crosspointe,Week2,Mantua,Week1,210.0 Crosspointe - 192.0 Mantua
Daventry,Week4,Orange Hunt,Week5,318.0 Orange Hunt - 84.0 Daventry
Crosspointe,Week4,Donaldson Run,Week5,234.0 Donaldson Run - 168.0 Crosspointe
Country Club Hills,Week4,Virginia Hills,Week3,330.0 Country Club Hills - 72.0 Virginia Hills
Crosspointe,Week4,Highland Park,Week5,253.0 Crosspointe - 149.0 Highland Park
Country Club Hills,Week4,Village West,Week5,237.0 Country Club Hills - 165.0 Village West
Crosspointe,Week1,Highlands Swim,Week5,227.0 Highlands Swim - 175.0 Crosspointe
Crosspointe,Week1,Highlands Swim,Week2,226.0 Highlands Swim - 176.0 Crosspointe
Daventry,Week2,Overlee,Week2,380.0 Overlee - 22.0 Daventry
Crosspointe,Week5,Highland Park,Week1,263.0 Crosspointe - 139.0 Highland Park
Crosspointe,Week4,Highland Park,Week3,249.0 Crosspointe - 153.0 Highland Park
Crosspointe,Week2,Mansion House,Week1,237.0 Crosspointe - 165.0 Mansion House
Daventry,Week4,Burke Station,Week1,217.0 Burke Station - 158.0 Daventry
Crosspointe,Week4,Dowden Terrace,Week4,250.0 Crosspointe - 152.0 Dowden Terrace
Country Club Hills,Week5,Village West,Week4,267.0 Country Club Hills - 130.0 Village West
Daventry,Week2,Overlee,Week1,373.0 Overlee - 29.0 Daventry
Crosspointe,Week2,Mansion House,Week2,229.0 Crosspointe - 173.0 Mansion House
Daventry,Week1,Overlee,Week5,382.0 Overlee - 20.0 Daventry
Country Club Hills,Week2,Virginia Hills,Week4,338.0 Country Club Hills - 64.0 Virginia Hills
Daventry,Week4,High Point Pool,Week3,331.0 High Point Pool - 71.0 Daventry
Daventry,Week4,Hiddenbrook,Week4,276.0 Hiddenbrook - 125.0 Daventry
Crosspointe,Week1,Mansion House,Week5,231.0 Crosspointe - 171.0 Mansion House
Country Club Hills,Week5,Virginia Hills,Week4,348.0 Country Club Hills - 54.0 Virginia Hills
Daventry,Week2,High Point Pool,Week5,326.0 High Point Pool - 74.0 Daventry
Daventry,Week4,Burke Station,Week3,235.0 Burke Station - 159.0 Daventry
Crosspointe,Week1,Hollin Hills,Week2,337.0 Crosspointe - 65.0 Hollin Hills
Daventry,Week3,Overlee,Week2,375.0 Overlee - 27.0 Daventry
Daventry,Week5,Burke Station,Week5,222.0 Burke Station - 174.0 Daventry
Crosspointe,Week2,Highlands Swim,Week1,227.0 Highlands Swim - 175.0 Crosspointe
Crosspointe,Week3,Mansion House,Week5,222.5 Crosspointe - 179.5 Mansion House
Daventry,Week4,Burke Station,Week2,210.0 Burke Station - 187.0 Daventry
Daventry,Week4,High Point Pool,Week5,333.0 High Point Pool - 67.0 Daventry
Crosspointe,Week5,Dowden Terrace,Week2,277.0 Crosspointe - 125.0 Dowden Terrace
Crosspointe,Week2,Highlands Swim,Week2,252.0 Highlands Swim - 150.0 Crosspointe
Daventry,Week3,Overlee,Week4,383.0 Overlee - 19.0 Daventry
Country Club Hills,Week5,Village West,Week5,271.0 Country Club Hills - 131.0 Village West
Daventry,Week3,Overlee,Week3,370.0 Overlee - 32.0 Daventry
Crosspointe,Week5,Dowden Terrace,Week3,288.0 Crosspointe - 114.0 Dowden Terrace
Country Club Hills,Week2,Virginia Run,Week3,267.0 Virginia Run - 135.0 Country Club Hills
Crosspointe,Week3,Mansion House,Week2,247.0 Crosspointe - 155.0 Mansion House
Crosspointe,Week5,Mansion House,Week3,248.0 Crosspointe - 154.0 Mansion House
Daventry,Week2,High Point Pool,Week2,323.0 High Point Pool - 78.0 Daventry
Crosspointe,Week5,Dowden Terrace,Week1,284.0 Crosspointe - 117.0 Dowden Terrace
Daventry,Week4,Burke Station,Week4,202.0 Burke Station - 199.0 Daventry
Daventry,Week5,High Point Pool,Week2,315.0 High Point Pool - 87.0 Daventry
Daventry,Week1,Camelot,Week5,281.0 Camelot - 120.0 Daventry
Crosspointe,Week5,Mansion House,Week4,280.0 Crosspointe - 122.0 Mansion House
Crosspointe,Week3,Highlands Swim,Week4,208.0 Highlands Swim - 194.0 Crosspointe
Country Club Hills,Week2,Virginia Hills,Week3,336.0 Country Club Hills - 66.0 Virginia Hills
Crosspointe,Week1,Dunn Loring,Week1,205.0 Crosspointe - 197.0 Dunn Loring
Crosspointe,Week2,Highlands Swim,Week5,247.0 Highlands Swim - 155.0 Crosspointe
Crosspointe,Week4,Mansion House,Week1,237.0 Crosspointe - 165.0 Mansion House
Daventry,Week4,Overlee,Week3,382.0 Overlee - 20.0 Daventry
Crosspointe,Week4,Dunn Loring,Week1,201.0 Crosspointe - 201.0 Dunn Loring
Daventry,Week2,Camelot,Week1,258.0 Camelot - 142.0 Daventry
Daventry,Week5,Hiddenbrook,Week3,244.0 Hiddenbrook - 157.0 Daventry
Daventry,Week3,Overlee,Week5,381.0 Overlee - 21.0 Daventry
Daventry,Week5,High Point Pool,Week1,303.0 High Point Pool - 99.0 Daventry
Crosspointe,Week2,Mansion House,Week3,214.0 Crosspointe - 188.0 Mansion House
Country Club Hills,Week2,Virginia Hills,Week1,328.0 Country Club Hills - 74.0 Virginia Hills
Daventry,Week4,Overlee,Week2,382.0 Overlee - 20.0 Daventry
Country Club Hills,Week5,Village West,Week3,244.0 Country Club Hills - 158.0 Village West
Crosspointe,Week5,Highlands Swim,Week2,218.0 Highlands Swim - 184.0 Crosspointe
Country Club Hills,Week2,Virginia Hills,Week2,341.0 Country Club Hills - 61.0 Virginia Hills
Crosspointe,Week5,Highlands Swim,Week4,204.0 Crosspointe - 198.0 Highlands Swim
Crosspointe,Week3,Dunn Loring,Week3,220.0 Dunn Loring - 182.0 Crosspointe
Crosspointe,Week3,Mansion House,Week4,256.0 Crosspointe - 141.0 Mansion House
Daventry,Week4,Overlee,Week1,374.0 Overlee - 28.0 Daventry
Crosspointe,Week5,Dowden Terrace,Week4,270.0 Crosspointe - 132.0 Dowden Terrace
Daventry,Week4,Hiddenbrook,Week1,256.0 Hiddenbrook - 145.0 Daventry
Daventry,Week2,Camelot,Week2,262.0 Camelot - 134.0 Daventry
Daventry,Week5,Burke Station,Week1,193.0 Burke Station - 180.0 Daventry
Daventry,Week1,Camelot,Week2,266.0 Camelot - 135.0 Daventry
Crosspointe,Week1,Hollin Hills,Week1,343.0 Crosspointe - 59.0 Hollin Hills
Crosspointe,Week1,Fair Oaks ,Week3,229.0 Crosspointe - 173.0 Fair Oaks
Crosspointe,Week1,Mantua,Week2,218.0 Crosspointe - 184.0 Mantua
Crosspointe,Week2,Highlands Swim,Week4,228.0 Highlands Swim - 174.0 Crosspointe
Daventry,Week2,High Point Pool,Week1,307.0 High Point Pool - 95.0 Daventry
Country Club Hills,Week5,Village West,Week1,276.0 Country Club Hills - 126.0 Village West
Crosspointe,Week4,Hollin Hills,Week4,333.0 Crosspointe - 68.0 Hollin Hills
Crosspointe,Week1,Mantua,Week1,230.0 Crosspointe - 172.0 Mantua
Daventry,Week4,Parklawn,Week3,219.0 Parklawn - 179.0 Daventry
Country Club Hills,Week5,Village West,Week2,270.0 Country Club Hills - 132.0 Village West
Daventry,Week2,Camelot,Week4,272.0 Camelot - 129.0 Daventry
Daventry,Week3,High Point Pool,Week4,314.0 High Point Pool - 87.0 Daventry
Daventry,Week5,Orange Hunt,Week1,280.0 Orange Hunt - 122.0 Daventry
Country Club Hills,Week1,Virginia Hills,Week1,323.0 Country Club Hills - 79.0 Virginia Hills
Crosspointe,Week4,Dunn Loring,Week3,228.0 Dunn Loring - 174.0 Crosspointe
Daventry,Week4,Overlee,Week5,392.0 Overlee - 10.0 Daventry
Crosspointe,Week2,Dunn Loring,Week3,246.0 Dunn Loring - 156.0 Crosspointe
Crosspointe,Week1,Mantua,Week3,202.0 Mantua - 200.0 Crosspointe
Crosspointe,Week4,Dunn Loring,Week5,226.0 Dunn Loring - 176.0 Crosspointe
Crosspointe,Week2,Dunn Loring,Week1,211.0 Dunn Loring - 191.0 Crosspointe
Crosspointe,Week5,Mansion House,Week5,252.0 Crosspointe - 150.0 Mansion House
Daventry,Week2,Camelot,Week3,263.0 Camelot - 134.0 Daventry
Country Club Hills,Week1,Virginia Hills,Week3,327.0 Country Club Hills - 75.0 Virginia Hills
Crosspointe,Week5,Highlands Swim,Week3,206.0 Highlands Swim - 196.0 Crosspointe
Daventry,Week3,Camelot,Week3,268.0 Camelot - 132.0 Daventry
Daventry,Week3,Overlee,Week1,375.0 Overlee - 27.0 Daventry
Crosspointe,Week5,Mansion House,Week2,252.0 Crosspointe - 150.0 Mansion House
Daventry,Week5,Overlee,Week4,386.0 Overlee - 16.0 Daventry
Country Club Hills,Week4,Virginia Hills,Week2,346.0 Country Club Hills - 56.0 Virginia Hills
Daventry,Week3,Burke Station,Week3,230.0 Burke Station - 161.0 Daventry
Crosspointe,Week3,Hollin Hills,Week4,330.0 Crosspointe - 71.0 Hollin Hills
Country Club Hills,Week1,Virginia Hills,Week5,309.0 Country Club Hills - 93.0 Virginia Hills
Daventry,Week3,Camelot,Week2,254.0 Camelot - 144.0 Daventry
Daventry,Week5,Overlee,Week1,368.0 Overlee - 34.0 Daventry
Daventry,Week1,High Point Pool,Week2,324.5 High Point Pool - 77.5 Daventry
Daventry,Week3,High Point Pool,Week3,323.0 High Point Pool - 79.0 Daventry
Crosspointe,Week3,Dunn Loring,Week2,225.0 Dunn Loring - 177.0 Crosspointe
Crosspointe,Week4,Highlands Swim,Week4,221.0 Highlands Swim - 181.0 Crosspointe
Crosspointe,Week1,Dunn Loring,Week3,225.0 Dunn Loring - 177.0 Crosspointe
Daventry,Week5,Hiddenbrook,Week2,204.0 Hiddenbrook - 188.0 Daventry
Country Club Hills,Week3,Virginia Hills,Week1,323.0 Country Club Hills - 79.0 Virginia Hills
Daventry,Week1,High Point Pool,Week1,323.0 High Point Pool - 79.0 Daventry
Crosspointe,Week1,Mansion House,Week4,252.0 Crosspointe - 150.0 Mansion House
Crosspointe,Week4,Highlands Swim,Week3,228.0 Highlands Swim - 174.0 Crosspointe
Daventry,Week1,Parklawn,Week3,223.0 Parklawn - 178.0 Daventry
Crosspointe,Week3,Mansion House,Week3,227.0 Crosspointe - 175.0 Mansion House
Country Club Hills,Week1,Virginia Hills,Week4,332.0 Country Club Hills - 70.0 Virginia Hills
Daventry,Week1,High Point Pool,Week5,322.0 High Point Pool - 79.0 Daventry
Daventry,Week3,Camelot,Week1,245.0 Camelot - 155.0 Daventry
Crosspointe,Week1,Mantua,Week5,201.0 Crosspointe - 201.0 Mantua
Country Club Hills,Week1,Virginia Hills,Week2,336.0 Country Club Hills - 66.0 Virginia Hills
Daventry,Week1,Parliament,Week2,270.0 Parliament - 128.0 Daventry
Daventry,Week3,Camelot,Week5,282.0 Camelot - 117.0 Daventry
Daventry,Week1,Parliament,Week4,276.0 Parliament - 125.0 Daventry
Crosspointe,Week1,Fair Oaks ,Week1,249.0 Crosspointe - 153.0 Fair Oaks
Daventry,Week3,High Point Pool,Week2,325.0 High Point Pool - 77.0 Daventry
Daventry,Week5,Parklawn,Week5,205.0 Parklawn - 193.0 Daventry
Crosspointe,Week2,Hollin Hills,Week1,337.0 Crosspointe - 64.0 Hollin Hills
Crosspointe,Week4,Dunn Loring,Week4,210.0 Dunn Loring - 192.0 Crosspointe
Country Club Hills,Week4,Virginia Hills,Week1,333.0 Country Club Hills - 69.0 Virginia Hills
Crosspointe,Week3,Highlands Swim,Week2,241.0 Highlands Swim - 161.0 Crosspointe
Crosspointe,Week2,Mansion House,Week5,220.0 Crosspointe - 182.0 Mansion House
Daventry,Week4,Canterbury Woods,Week2,250.0 Canterbury Woods - 151.0 Daventry
Daventry,Week1,High Point Pool,Week4,319.0 High Point Pool - 83.0 Daventry
Daventry,Week5,Hiddenbrook,Week5,250.0 Hiddenbrook - 152.0 Daventry
Country Club Hills,Week4,Virginia Hills,Week4,334.0 Country Club Hills - 68.0 Virginia Hills
Crosspointe,Week1,Fair Oaks ,Week2,272.5 Crosspointe - 129.5 Fair Oaks
Daventry,Week4,Camelot,Week1,263.0 Camelot - 139.0 Daventry
Crosspointe,Week1,Mantua,Week4,226.0 Crosspointe - 176.0 Mantua
Crosspointe,Week2,Highlands Swim,Week3,230.0 Highlands Swim - 172.0 Crosspointe
Daventry,Week3,Parklawn,Week1,200.0 Daventry - 182.0 Parklawn
Daventry,Week4,Canterbury Woods,Week5,262.0 Canterbury Woods - 136.0 Daventry
Country Club Hills,Week4,Virginia Hills,Week5,311.0 Country Club Hills - 86.0 Virginia Hills
Daventry,Week3,High Point Pool,Week5,324.0 High Point Pool - 76.0 Daventry
Crosspointe,Week4,Mansion House,Week4,248.0 Crosspointe - 154.0 Mansion House
Daventry,Week2,Parklawn,Week1,213.0 Daventry - 179.0 Parklawn
Country Club Hills,Week5,Virginia Hills,Week1,345.0 Country Club Hills - 57.0 Virginia Hills
Daventry,Week1,Canterbury Woods,Week2,255.0 Canterbury Woods - 147.0 Daventry
Crosspointe,Week4,Mansion House,Week2,238.0 Crosspointe - 164.0 Mansion House
Crosspointe,Week2,Mantua,Week2,201.0 Crosspointe - 201.0 Mantua
Crosspointe,Week5,Highlands Swim,Week5,217.0 Highlands Swim - 185.0 Crosspointe
Crosspointe,Week3,Highlands Swim,Week3,238.0 Highlands Swim - 164.0 Crosspointe
Daventry,Week1,High Point Pool,Week3,315.0 High Point Pool - 87.0 Daventry
Daventry,Week5,Camelot,Week5,264.0 Camelot - 137.0 Daventry
Crosspointe,Week4,Highlands Swim,Week5,241.0 Highlands Swim - 161.0 Crosspointe
Daventry,Week2,Parklawn,Week5,236.0 Parklawn - 157.0 Daventry
Crosspointe,Week4,Mantua,Week5,211.0 Mantua - 191.0 Crosspointe
Crosspointe,Week1,Hollin Hills,Week3,337.0 Crosspointe - 65.0 Hollin Hills
Daventry,Week5,Camelot,Week4,256.0 Camelot - 146.0 Daventry
Crosspointe,Week3,Dunn Loring,Week5,223.0 Dunn Loring - 179.0 Crosspointe
Country Club Hills,Week5,Virginia Hills,Week2,351.0 Country Club Hills - 51.0 Virginia Hills
Crosspointe,Week3,Dunn Loring,Week4,214.5 Dunn Loring - 187.5 Crosspointe
Daventry,Week2,High Point Pool,Week4,314.0 High Point Pool - 88.0 Daventry
Crosspointe,Week5,Dunn Loring,Week2,206.0 Dunn Loring - 196.0 Crosspointe
Daventry,Week4,Hiddenbrook,Week3,271.0 Hiddenbrook - 130.0 Daventry
Crosspointe,Week1,Dunn Loring,Week5,219.0 Dunn Loring - 183.0 Crosspointe
Daventry,Week1,Parklawn,Week1,201.0 Parklawn - 191.0 Daventry
Country Club Hills,Week5,Virginia Hills,Week5,325.0 Country Club Hills - 77.0 Virginia Hills
Daventry,Week1,Highlands Swim,Week1,363.0 Highlands Swim - 39.0 Daventry
Crosspointe,Week2,Mantua,Week3,232.5 Mantua - 169.5 Crosspointe
Country Club Hills,Week1,Virginia Run,Week4,274.0 Virginia Run - 128.0 Country Club Hills
Daventry,Week4,High Point Pool,Week1,327.0 High Point Pool - 75.0 Daventry
Daventry,Week5,Camelot,Week1,242.0 Camelot - 160.0 Daventry
Crosspointe,Week4,Highlands Swim,Week1,224.0 Highlands Swim - 178.0 Crosspointe
Country Club Hills,Week1,Virginia Run,Week2,247.0 Virginia Run - 155.0 Country Club Hills
Crosspointe,Week5,Dunn Loring,Week5,209.0 Dunn Loring - 193.0 Crosspointe
Daventry,Week5,Overlee,Week5,380.0 Overlee - 22.0 Daventry
Crosspointe,Week3,Dunn Loring,Week1,215.0 Crosspointe - 187.0 Dunn Loring
Crosspointe,Week3,McLean,Week5,228.0 McLean - 174.0 Crosspointe
Country Club Hills,Week1,Virginia Run,Week5,287.0 Virginia Run - 115.0 Country Club Hills
Crosspointe,Week1,McLean,Week4,214.0 McLean - 188.0 Crosspointe
Country Club Hills,Week4,Virginia Run,Week1,269.0 Virginia Run - 133.0 Country Club Hills
Daventry,Week4,High Point Pool,Week4,332.0 High Point Pool - 70.0 Daventry
Crosspointe,Week5,Dunn Loring,Week1,224.5 Crosspointe - 177.5 Dunn Loring
Daventry,Week5,Camelot,Week3,240.0 Camelot - 160.0 Daventry
Daventry,Week3,Canterbury Woods,Week4,278.0 Canterbury Woods - 122.0 Daventry
Country Club Hills,Week1,Virginia Run,Week3,250.0 Virginia Run - 152.0 Country Club Hills
Daventry,Week2,Canterbury Woods,Week1,272.0 Canterbury Woods - 128.0 Daventry
Daventry,Week4,Camelot,Week2,258.0 Camelot - 141.0 Daventry
Daventry,Week2,Canterbury Woods,Week3,290.0 Canterbury Woods - 110.0 Daventry
Daventry,Week5,Overlee,Week3,370.0 Overlee - 32.0 Daventry
Crosspointe,Week1,McLean,Week3,231.0 McLean - 171.0 Crosspointe
Daventry,Week4,Parklawn,Week4,246.5 Parklawn - 151.5 Daventry
Daventry,Week1,Highland Park,Week3,304.0 Highland Park - 93.0 Daventry
Crosspointe,Week3,Highlands Swim,Week5,233.0 Highlands Swim - 169.0 Crosspointe
Daventry,Week4,High Point Pool,Week2,345.0 High Point Pool - 57.0 Daventry
Crosspointe,Week2,Fair Oaks ,Week1,234.0 Crosspointe - 168.0 Fair Oaks
Crosspointe,Week4,Highlands Swim,Week2,241.0 Highlands Swim - 161.0 Crosspointe
Crosspointe,Week1,Dunn Loring,Week4,209.0 Dunn Loring - 193.0 Crosspointe
Crosspointe,Week1,Hollin Hills,Week5,327.0 Crosspointe - 75.0 Hollin Hills
Crosspointe,Week5,Highlands Swim,Week1,211.0 Highlands Swim - 191.0 Crosspointe
Daventry,Week4,Parklawn,Week1,207.0 Parklawn - 184.0 Daventry
Daventry,Week5,Hiddenbrook,Week4,240.0 Hiddenbrook - 156.0 Daventry
Daventry,Week1,Canterbury Woods,Week4,279.0 Canterbury Woods - 123.0 Daventry
Country Club Hills,Week2,Virginia Run,Week1,292.0 Virginia Run - 110.0 Country Club Hills
Daventry,Week3,High Point Pool,Week1,311.0 High Point Pool - 91.0 Daventry
Crosspointe,Week5,Fair Oaks ,Week3,244.5 Crosspointe - 157.5 Fair Oaks
Crosspointe,Week4,Mantua,Week3,221.5 Mantua - 180.5 Crosspointe
Country Club Hills,Week2,Virginia Run,Week2,261.5 Virginia Run - 140.5 Country Club Hills
Daventry,Week5,Parklawn,Week2,199.0 Parklawn - 198.0 Daventry
Crosspointe,Week2,Mantua,Week5,223.5 Mantua - 178.5 Crosspointe
Crosspointe,Week2,Hollin Hills,Week3,325.0 Crosspointe - 77.0 Hollin Hills
Daventry,Week5,Highland Park,Week2,293.0 Highland Park - 109.0 Daventry
Crosspointe,Week5,Mantua,Week2,247.0 Crosspointe - 155.0 Mantua
Crosspointe,Week2,Dunn Loring,Week4,229.0 Dunn Loring - 173.0 Crosspointe
Crosspointe,Week1,Hollin Hills,Week4,339.0 Crosspointe - 63.0 Hollin Hills
Daventry,Week2,Parklawn,Week4,232.0 Parklawn - 160.0 Daventry
Daventry,Week3,Parklawn,Week2,226.0 Parklawn - 167.0 Daventry
Daventry,Week3,Canterbury Woods,Week3,276.0 Canterbury Woods - 125.0 Daventry
Crosspointe,Week2,Hollin Hills,Week2,337.0 Crosspointe - 64.0 Hollin Hills
Daventry,Week5,High Point Pool,Week3,307.0 High Point Pool - 95.0 Daventry
Daventry,Week2,Parklawn,Week2,236.0 Parklawn - 157.0 Daventry
Daventry,Week4,Camelot,Week5,279.0 Camelot - 121.0 Daventry
Country Club Hills,Week4,Virginia Run,Week2,248.0 Virginia Run - 154.0 Country Club Hills
Crosspointe,Week2,Dunn Loring,Week5,235.0 Dunn Loring - 167.0 Crosspointe
Daventry,Week1,Canterbury Woods,Week5,271.0 Canterbury Woods - 130.0 Daventry
Daventry,Week1,Highland Park,Week1,320.0 Highland Park - 82.0 Daventry
Crosspointe,Week3,Mantua,Week2,210.0 Crosspointe - 187.0 Mantua
Crosspointe,Week3,Highlands Swim,Week1,236.0 Highlands Swim - 166.0 Crosspointe
Crosspointe,Week5,Mantua,Week1,238.0 Crosspointe - 164.0 Mantua
Daventry,Week1,Parklawn,Week5,238.0 Parklawn - 157.0 Daventry
Daventry,Week3,Parklawn,Week4,228.0 Parklawn - 169.0 Daventry
Daventry,Week2,Parklawn,Week3,207.0 Parklawn - 186.0 Daventry
Country Club Hills,Week3,Virginia Run,Week1,269.0 Virginia Run - 133.0 Country Club Hills
Crosspointe,Week5,Dunn Loring,Week4,203.0 Crosspointe - 199.0 Dunn Loring
Daventry,Week5,High Point Pool,Week4,308.0 High Point Pool - 94.0 Daventry
Crosspointe,Week2,Hollin Hills,Week4,335.0 Crosspointe - 66.0 Hollin Hills
Crosspointe,Week2,Dunn Loring,Week2,237.0 Dunn Loring - 165.0 Crosspointe
Crosspointe,Week3,Mantua,Week4,218.0 Crosspointe - 184.0 Mantua
Country Club Hills,Week5,Virginia Run,Week1,246.0 Virginia Run - 156.0 Country Club Hills
Crosspointe,Week3,Fair Oaks ,Week3,220.0 Crosspointe - 182.0 Fair Oaks
Crosspointe,Week2,Hollin Hills,Week5,325.0 Crosspointe - 77.0 Hollin Hills
Country Club Hills,Week3,Virginia Run,Week5,282.0 Virginia Run - 120.0 Country Club Hills
Daventry,Week2,Canterbury Woods,Week4,282.0 Canterbury Woods - 119.0 Daventry
Country Club Hills,Week3,Virginia Run,Week2,249.0 Virginia Run - 153.0 Country Club Hills
Daventry,Week2,Canterbury Woods,Week2,249.0 Canterbury Woods - 149.0 Daventry
Daventry,Week4,Parklawn,Week5,227.0 Parklawn - 171.0 Daventry
Country Club Hills,Week2,Virginia Run,Week4,263.0 Virginia Run - 139.0 Country Club Hills
Crosspointe,Week1,McLean,Week2,227.0 McLean - 175.0 Crosspointe
Daventry,Week4,Camelot,Week3,258.0 Camelot - 142.0 Daventry
Daventry,Week4,Parklawn,Week2,237.0 Parklawn - 160.0 Daventry
Crosspointe,Week3,Hollin Hills,Week3,332.0 Crosspointe - 70.0 Hollin Hills
Crosspointe,Week3,Hollin Hills,Week1,330.0 Crosspointe - 71.0 Hollin Hills
Daventry,Week1,Highland Park,Week2,322.0 Highland Park - 80.0 Daventry
Crosspointe,Week4,McLean,Week2,236.0 McLean - 166.0 Crosspointe
Crosspointe,Week1,Fair Oaks ,Week5,223.0 Crosspointe - 179.0 Fair Oaks
Crosspointe,Week2,McLean,Week1,240.0 McLean - 162.0 Crosspointe
Daventry,Week3,Parklawn,Week5,230.0 Parklawn - 168.0 Daventry
Country Club Hills,Week4,Virginia Run,Week5,270.0 Virginia Run - 132.0 Country Club Hills
Crosspointe,Week4,Dunn Loring,Week2,225.0 Dunn Loring - 177.0 Crosspointe
Daventry,Week4,Camelot,Week4,276.0 Camelot - 126.0 Daventry
Crosspointe,Week3,Fair Oaks ,Week2,250.0 Crosspointe - 152.0 Fair Oaks
Daventry,Week1,Highland Park,Week5,323.0 Highland Park - 79.0 Daventry
Crosspointe,Week1,McLean,Week1,224.0 McLean - 178.0 Crosspointe
Crosspointe,Week3,Hollin Hills,Week2,329.0 Crosspointe - 67.0 Hollin Hills
Daventry,Week2,Highland Park,Week3,311.0 Highland Park - 90.0 Daventry
Daventry,Week1,Highland Park,Week4,329.0 Highland Park - 73.0 Daventry
Daventry,Week1,Parklawn,Week4,242.0 Parklawn - 159.0 Daventry
Country Club Hills,Week2,Virginia Run,Week5,290.0 Virginia Run - 112.0 Country Club Hills
Crosspointe,Week3,Fair Oaks ,Week4,248.0 Crosspointe - 154.0 Fair Oaks
Crosspointe,Week4,Fair Oaks ,Week3,226.0 Crosspointe - 176.0 Fair Oaks
Crosspointe,Week2,Fair Oaks ,Week4,226.0 Crosspointe - 176.0 Fair Oaks
Crosspointe,Week3,Hollin Meadows,Week4,245.0 Crosspointe - 157.0 Hollin Meadows
Daventry,Week4,Highland Park,Week4,326.0 Highland Park - 76.0 Daventry
Crosspointe,Week2,McLean,Week5,252.0 McLean - 150.0 Crosspointe
Daventry,Week1,Parliament,Week3,291.0 Parliament - 111.0 Daventry
Crosspointe,Week2,Fair Oaks ,Week3,206.5 Crosspointe - 195.5 Fair Oaks
Daventry,Week3,Parklawn,Week3,225.0 Parklawn - 173.0 Daventry
Daventry,Week5,High Point Pool,Week5,310.0 High Point Pool - 91.0 Daventry
Country Club Hills,Week5,Virginia Run,Week2,215.0 Virginia Run - 187.0 Country Club Hills
Crosspointe,Week5,Mantua,Week5,214.0 Crosspointe - 188.0 Mantua
Crosspointe,Week4,Hollin Meadows,Week2,254.0 Crosspointe - 148.0 Hollin Meadows
Crosspointe,Week4,Hollin Hills,Week1,336.0 Crosspointe - 66.0 Hollin Hills
Daventry,Week3,Highland Park,Week2,309.0 Highland Park - 93.0 Daventry
Country Club Hills,Week3,Virginia Run,Week4,259.0 Virginia Run - 143.0 Country Club Hills
Daventry,Week5,Parklawn,Week4,205.0 Parklawn - 192.0 Daventry
Crosspointe,Week4,Hollin Meadows,Week5,243.0 Crosspointe - 159.0 Hollin Meadows
Daventry,Week1,Canterbury Woods,Week3,291.0 Canterbury Woods - 110.0 Daventry
Daventry,Week5,Camelot,Week2,243.0 Camelot - 156.0 Daventry
Daventry,Week2,Highland Park,Week5,313.0 Highland Park - 88.0 Daventry
Daventry,Week3,Highland Park,Week5,311.0 Highland Park - 91.0 Daventry
Crosspointe,Week5,Mantua,Week3,211.0 Crosspointe - 191.0 Mantua
Crosspointe,Week5,Dunn Loring,Week3,201.0 Crosspointe - 201.0 Dunn Loring
Daventry,Week3,Highland Park,Week4,313.0 Highland Park - 89.0 Daventry
Crosspointe,Week4,Hollin Hills,Week3,334.0 Crosspointe - 68.0 Hollin Hills
Daventry,Week3,Canterbury Woods,Week1,259.0 Canterbury Woods - 142.0 Daventry
Crosspointe,Week4,Hollin Hills,Week2,337.0 Crosspointe - 64.0 Hollin Hills
Daventry,Week1,Parklawn,Week2,233.0 Parklawn - 167.0 Daventry
Crosspointe,Week3,Fair Oaks ,Week1,237.0 Crosspointe - 165.0 Fair Oaks
Daventry,Week4,Highland Park,Week3,311.0 Highland Park - 91.0 Daventry
Crosspointe,Week2,McLean,Week4,227.0 McLean - 175.0 Crosspointe
Daventry,Week3,Canterbury Woods,Week5,264.0 Canterbury Woods - 134.0 Daventry
Country Club Hills,Week4,Virginia Run,Week4,259.0 Virginia Run - 143.0 Country Club Hills
Crosspointe,Week2,Fair Oaks ,Week2,253.0 Crosspointe - 149.0 Fair Oaks
Country Club Hills,Week4,Virginia Run,Week3,260.0 Virginia Run - 142.0 Country Club Hills
Country Club Hills,Week3,Virginia Run,Week3,243.0 Virginia Run - 159.0 Country Club Hills
Crosspointe,Week2,Hollin Meadows,Week4,240.0 Crosspointe - 162.0 Hollin Meadows
Daventry,Week5,Parklawn,Week3,217.0 Daventry - 181.0 Parklawn
Daventry,Week5,Parklawn,Week1,219.0 Daventry - 167.0 Parklawn
Daventry,Week3,Canterbury Woods,Week2,239.0 Canterbury Woods - 161.0 Daventry
Crosspointe,Week4,Mantua,Week4,212.0 Crosspointe - 190.0 Mantua
Crosspointe,Week3,Mantua,Week3,221.0 Mantua - 181.0 Crosspointe
Crosspointe,Week4,Fair Oaks ,Week2,266.0 Crosspointe - 136.0 Fair Oaks
Daventry,Week1,Canterbury Woods,Week1,274.5 Canterbury Woods - 126.5 Daventry
Crosspointe,Week2,Mantua,Week4,201.0 Crosspointe - 201.0 Mantua
Daventry,Week4,Canterbury Woods,Week1,255.0 Canterbury Woods - 146.0 Daventry
Daventry,Week1,Parliament,Week1,282.0 Parliament - 118.0 Daventry
Crosspointe,Week3,Hollin Hills,Week5,310.0 Crosspointe - 92.0 Hollin Hills
Crosspointe,Week4,Mantua,Week2,211.0 Crosspointe - 191.0 Mantua
Daventry,Week3,Highland Park,Week1,314.0 Highland Park - 88.0 Daventry
Crosspointe,Week3,Mantua,Week1,216.0 Crosspointe - 186.0 Mantua
Crosspointe,Week5,Hollin Meadows,Week1,252.0 Crosspointe - 150.0 Hollin Meadows
Crosspointe,Week5,Hollin Hills,Week3,344.0 Crosspointe - 58.0 Hollin Hills
Daventry,Week5,Highland Park,Week1,304.0 Highland Park - 98.0 Daventry
Daventry,Week2,Parliament,Week1,284.0 Parliament - 113.0 Daventry
Daventry,Week5,Canterbury Woods,Week1,229.0 Canterbury Woods - 167.0 Daventry
Crosspointe,Week3,Mantua,Week5,210.0 Mantua - 192.0 Crosspointe
Crosspointe,Week2,Fair Oaks ,Week5,208.0 Crosspointe - 194.0 Fair Oaks
Daventry,Week4,Highland Park,Week5,324.0 Highland Park - 78.0 Daventry
Daventry,Week4,Canterbury Woods,Week3,284.0 Canterbury Woods - 117.0 Daventry
Crosspointe,Week4,Fair Oaks ,Week4,247.0 Crosspointe - 155.0 Fair Oaks
Daventry,Week1,Parliament,Week5,283.0 Parliament - 117.0 Daventry
Crosspointe,Week2,Hollin Meadows,Week5,224.0 Crosspointe - 178.0 Hollin Meadows
Daventry,Week2,Canterbury Woods,Week5,268.0 Canterbury Woods - 124.0 Daventry
Daventry,Week2,Parliament,Week2,268.0 Parliament - 132.0 Daventry
Daventry,Week2,Lee Graham,Week1,349.0 Lee Graham - 53.0 Daventry
Daventry,Week4,Canterbury Woods,Week4,283.0 Canterbury Woods - 119.0 Daventry
Crosspointe,Week3,Fair Oaks ,Week5,212.0 Crosspointe - 190.0 Fair Oaks
Crosspointe,Week4,Mantua,Week1,224.0 Crosspointe - 178.0 Mantua
Daventry,Week5,Highland Park,Week3,288.0 Highland Park - 114.0 Daventry
Crosspointe,Week1,Hollin Meadows,Week2,255.0 Crosspointe - 147.0 Hollin Meadows
Crosspointe,Week5,Fair Oaks ,Week2,290.0 Crosspointe - 112.0 Fair Oaks
Crosspointe,Week5,Mantua,Week4,249.0 Crosspointe - 153.0 Mantua
Crosspointe,Week4,Fair Oaks ,Week5,226.0 Crosspointe - 176.0 Fair Oaks
Daventry,Week1,Lincolnia Park,Week1,215.0 Daventry - 182.0 Lincolnia Park
Crosspointe,Week3,McLean,Week1,224.0 McLean - 178.0 Crosspointe
Crosspointe,Week2,McLean,Week3,248.0 McLean - 154.0 Crosspointe
Daventry,Week4,Cardinal Hill,Week1,349.5 Cardinal Hill - 52.5 Daventry
Daventry,Week3,Cardinal Hill,Week3,335.0 Cardinal Hill - 67.0 Daventry
Daventry,Week3,Highland Park,Week3,295.0 Highland Park - 107.0 Daventry
Crosspointe,Week5,Hollin Hills,Week2,345.5 Crosspointe - 55.5 Hollin Hills
Crosspointe,Week5,Fair Oaks ,Week1,256.0 Crosspointe - 146.0 Fair Oaks
Crosspointe,Week1,McLean,Week5,240.0 McLean - 162.0 Crosspointe
Daventry,Week2,Highland Park,Week2,316.0 Highland Park - 86.0 Daventry
Crosspointe,Week3,Hollin Meadows,Week5,243.0 Crosspointe - 159.0 Hollin Meadows
Daventry,Week4,Highland Park,Week2,314.0 Highland Park - 88.0 Daventry
Daventry,Week2,Highland Park,Week4,317.0 Highland Park - 85.0 Daventry
Daventry,Week5,Lee Graham,Week4,336.0 Lee Graham - 66.0 Daventry
Crosspointe,Week3,Hollin Meadows,Week1,242.0 Crosspointe - 160.0 Hollin Meadows
Daventry,Week2,Cardinal Hill,Week5,323.0 Cardinal Hill - 75.0 Daventry
Crosspointe,Week1,Fair Oaks ,Week4,256.0 Crosspointe - 146.0 Fair Oaks
Daventry,Week4,Lee Graham,Week1,359.0 Lee Graham - 43.0 Daventry
Daventry,Week4,Lee Graham,Week5,365.0 Lee Graham - 37.0 Daventry
Daventry,Week2,Cardinal Hill,Week2,322.0 Cardinal Hill - 79.0 Daventry
Crosspointe,Week4,Fair Oaks ,Week1,239.0 Crosspointe - 163.0 Fair Oaks
Crosspointe,Week3,Hollin Meadows,Week2,258.0 Crosspointe - 139.0 Hollin Meadows
Daventry,Week5,Canterbury Woods,Week3,256.0 Canterbury Woods - 145.0 Daventry
Crosspointe,Week2,McLean,Week2,244.0 McLean - 158.0 Crosspointe
Crosspointe,Week2,Mosby Woods,Week1,214.0 Mosby Woods - 188.0 Crosspointe
Crosspointe,Week3,Hollin Meadows,Week3,238.0 Crosspointe - 164.0 Hollin Meadows
Daventry,Week2,Highland Park,Week1,313.0 Highland Park - 88.0 Daventry
Daventry,Week5,Laurel Hill,Week4,222.0 Laurel Hill - 177.0 Daventry
Crosspointe,Week1,Hollin Meadows,Week1,238.0 Crosspointe - 164.0 Hollin Meadows
Crosspointe,Week2,Hollin Meadows,Week2,247.0 Crosspointe - 155.0 Hollin Meadows
Crosspointe,Week3,Fairfax,Week1,207.0 Crosspointe - 195.0 Fairfax
Daventry,Week5,Highlands Swim,Week5,346.0 Highlands Swim - 51.0 Daventry
Daventry,Week2,Lee Graham,Week5,358.0 Lee Graham - 44.0 Daventry
Daventry,Week1,Cardinal Hill,Week2,312.0 Cardinal Hill - 90.0 Daventry
Daventry,Week3,Lee Graham,Week1,344.0 Lee Graham - 58.0 Daventry
Crosspointe,Week4,McLean,Week1,236.0 McLean - 166.0 Crosspointe
Crosspointe,Week1,Mosby Woods,Week5,218.0 Crosspointe - 184.0 Mosby Woods
Daventry,Week3,Cardinal Hill,Week4,330.0 Cardinal Hill - 72.0 Daventry
Daventry,Week5,Laurel Hill,Week2,213.0 Daventry - 186.0 Laurel Hill
Daventry,Week3,Cardinal Hill,Week2,319.0 Cardinal Hill - 83.0 Daventry
Crosspointe,Week2,Fairfax,Week4,208.0 Fairfax - 194.0 Crosspointe
Daventry,Week2,Cardinal Hill,Week4,339.0 Cardinal Hill - 63.0 Daventry
Daventry,Week1,Highlands Swim,Week3,365.0 Highlands Swim - 37.0 Daventry
Crosspointe,Week1,Fairfax,Week3,208.0 Fairfax - 194.0 Crosspointe
Daventry,Week5,Laurel Hill,Week3,220.0 Laurel Hill - 179.0 Daventry
Crosspointe,Week1,Mosby Woods,Week4,233.5 Crosspointe - 168.5 Mosby Woods
Crosspointe,Week2,Hollin Meadows,Week1,227.0 Crosspointe - 175.0 Hollin Meadows
Daventry,Week4,Highlands Swim,Week2,373.0 Highlands Swim - 29.0 Daventry
Daventry,Week5,Laurel Hill,Week5,231.0 Laurel Hill - 167.0 Daventry
Crosspointe,Week2,Fairfax,Week5,227.0 Fairfax - 175.0 Crosspointe
Crosspointe,Week4,Hollin Meadows,Week1,239.0 Crosspointe - 163.0 Hollin Meadows
Crosspointe,Week3,McLean,Week3,224.0 McLean - 178.0 Crosspointe
Crosspointe,Week3,Mosby Woods,Week2,204.0 Mosby Woods - 198.0 Crosspointe
Crosspointe,Week1,Hollin Meadows,Week3,251.0 Crosspointe - 151.0 Hollin Meadows
Daventry,Week2,Cardinal Hill,Week3,339.0 Cardinal Hill - 62.0 Daventry
Daventry,Week4,Cardinal Hill,Week3,342.0 Cardinal Hill - 60.0 Daventry
Crosspointe,Week3,McLean,Week2,220.0 McLean - 182.0 Crosspointe
Daventry,Week4,Highland Park,Week1,326.0 Highland Park - 76.0 Daventry
Crosspointe,Week2,Fairfax,Week3,214.0 Fairfax - 188.0 Crosspointe
Daventry,Week5,Highland Park,Week4,300.0 Highland Park - 102.0 Daventry
Daventry,Week4,Highlands Swim,Week4,363.0 Highlands Swim - 39.0 Daventry
Daventry,Week4,Lee Graham,Week4,354.0 Lee Graham - 48.0 Daventry
Daventry,Week3,Cardinal Hill,Week1,339.0 Cardinal Hill - 63.0 Daventry
Daventry,Week1,Lee Graham,Week4,346.0 Lee Graham - 56.0 Daventry
Daventry,Week5,Highland Park,Week5,291.0 Highland Park - 111.0 Daventry
Crosspointe,Week5,Fair Oaks ,Week4,262.0 Crosspointe - 140.0 Fair Oaks
Crosspointe,Week3,McLean,Week4,214.0 McLean - 188.0 Crosspointe
Crosspointe,Week5,Fair Oaks ,Week5,240.0 Crosspointe - 162.0 Fair Oaks
Daventry,Week3,Highlands Swim,Week5,353.0 Highlands Swim - 49.0 Daventry
Daventry,Week2,Lee Graham,Week2,364.0 Lee Graham - 38.0 Daventry
Crosspointe,Week5,Hollin Hills,Week5,340.0 Crosspointe - 62.0 Hollin Hills
Daventry,Week1,Cardinal Hill,Week1,335.0 Cardinal Hill - 67.0 Daventry
Crosspointe,Week3,Fairfax,Week5,213.0 Fairfax - 189.0 Crosspointe
Crosspointe,Week4,Hollin Hills,Week5,315.0 Crosspointe - 87.0 Hollin Hills
Crosspointe,Week1,Fairfax,Week2,204.0 Fairfax - 198.0 Crosspointe
Crosspointe,Week2,Mosby Woods,Week3,206.0 Crosspointe - 196.0 Mosby Woods
Crosspointe,Week2,Fairfax,Week1,215.0 Fairfax - 187.0 Crosspointe
Daventry,Week4,Highlands Swim,Week3,362.0 Highlands Swim - 40.0 Daventry
Crosspointe,Week3,Fairfax,Week3,211.0 Fairfax - 191.0 Crosspointe
Crosspointe,Week4,Hollin Meadows,Week3,241.0 Crosspointe - 161.0 Hollin Meadows
Daventry,Week4,Cardinal Hill,Week2,323.0 Cardinal Hill - 79.0 Daventry
Daventry,Week5,Lee Graham,Week1,331.0 Lee Graham - 71.0 Daventry
Crosspointe,Week2,Mosby Woods,Week5,206.0 Crosspointe - 196.0 Mosby Woods
Crosspointe,Week1,Mosby Woods,Week1,208.0 Crosspointe - 194.0 Mosby Woods
Daventry,Week5,Laurel Hill,Week1,208.0 Laurel Hill - 192.0 Daventry
Daventry,Week2,Hollin Hills,Week2,224.0 Daventry - 171.0 Hollin Hills
Crosspointe,Week5,Hollin Hills,Week1,346.0 Crosspointe - 55.0 Hollin Hills
Daventry,Week1,Cardinal Hill,Week4,330.0 Cardinal Hill - 72.0 Daventry
Crosspointe,Week2,Hollin Meadows,Week3,241.0 Crosspointe - 161.0 Hollin Meadows
Crosspointe,Week4,Mosby Woods,Week3,202.5 Crosspointe - 199.5 Mosby Woods
Crosspointe,Week1,Hollin Meadows,Week4,249.0 Crosspointe - 153.0 Hollin Meadows
Daventry,Week1,Lee Graham,Week3,352.5 Lee Graham - 49.5 Daventry
Daventry,Week5,Canterbury Woods,Week5,235.0 Canterbury Woods - 157.0 Daventry
Daventry,Week1,Hollin Hills,Week5,212.0 Daventry - 182.0 Hollin Hills
Daventry,Week3,Cardinal Hill,Week5,330.0 Cardinal Hill - 71.0 Daventry
Crosspointe,Week4,Fairfax,Week1,204.0 Fairfax - 198.0 Crosspointe
Crosspointe,Week4,Hollin Meadows,Week4,253.0 Crosspointe - 149.0 Hollin Meadows
Daventry,Week5,Canterbury Woods,Week2,220.0 Canterbury Woods - 180.0 Daventry
Crosspointe,Week5,Hamlet,Week5,219.0 Hamlet - 183.0 Crosspointe
Daventry,Week3,Lee Graham,Week3,348.0 Lee Graham - 54.0 Daventry
Daventry,Week2,Hollin Hills,Week5,216.0 Daventry - 176.0 Hollin Hills
Daventry,Week1,Cardinal Hill,Week5,320.0 Cardinal Hill - 82.0 Daventry
Crosspointe,Week1,Fairfax,Week4,203.0 Crosspointe - 199.0 Fairfax
Crosspointe,Week1,Mount Vernon Park,Week4,232.0 Crosspointe - 170.0 Mount Vernon Park
Daventry,Week3,Hollin Hills,Week1,230.0 Daventry - 167.0 Hollin Hills
Crosspointe,Week1,Mount Vernon Park,Week2,221.0 Crosspointe - 181.0 Mount Vernon Park
Daventry,Week1,Lee Graham,Week2,355.0 Lee Graham - 47.0 Daventry
Crosspointe,Week4,McLean,Week3,240.0 McLean - 162.0 Crosspointe
Crosspointe,Week5,Hollin Hills,Week4,349.0 Crosspointe - 51.0 Hollin Hills
Daventry,Week2,Highlands Swim,Week1,369.0 Highlands Swim - 33.0 Daventry
Daventry,Week1,Cardinal Hill,Week3,336.0 Cardinal Hill - 66.0 Daventry
Crosspointe,Week1,Fairfax,Week1,210.0 Crosspointe - 192.0 Fairfax
Daventry,Week1,Highlands Swim,Week2,372.0 Highlands Swim - 30.0 Daventry
Daventry,Week1,Lee Graham,Week5,355.0 Lee Graham - 47.0 Daventry
Crosspointe,Week2,Hayfield Farm,Week2,249.0 Crosspointe - 153.0 Hayfield Farm
Daventry,Week2,Cardinal Hill,Week1,347.0 Cardinal Hill - 55.0 Daventry
Daventry,Week2,Highlands Swim,Week5,358.0 Highlands Swim - 44.0 Daventry
Daventry,Week3,Lee Graham,Week4,343.0 Lee Graham - 59.0 Daventry
Crosspointe,Week3,Fairfax,Week4,202.0 Fairfax - 200.0 Crosspointe
Crosspointe,Week1,Hollin Meadows,Week5,235.0 Crosspointe - 167.0 Hollin Meadows
Daventry,Week2,Lee Graham,Week3,359.0 Lee Graham - 43.0 Daventry
Crosspointe,Week2,Fairfax,Week2,219.0 Fairfax - 183.0 Crosspointe
Crosspointe,Week5,McLean,Week4,209.5 McLean - 192.5 Crosspointe
Crosspointe,Week1,Fairfax,Week5,213.0 Fairfax - 189.0 Crosspointe
Daventry,Week5,Lee Graham,Week3,340.0 Lee Graham - 62.0 Daventry
Crosspointe,Week4,Country Club Hills,Week4,281.0 Crosspointe - 121.0 Country Club Hills
Crosspointe,Week1,Crosspointe,Week2,223.0 Crosspointe (CP1) - 179.0 Crosspointe (CP2)
Daventry,Week2,Lee Graham,Week4,353.0 Lee Graham - 49.0 Daventry
Daventry,Week4,Lee Graham,Week3,362.0 Lee Graham - 40.0 Daventry
Crosspointe,Week2,Hayfield Farm,Week5,246.0 Crosspointe - 156.0 Hayfield Farm
Crosspointe,Week4,McLean,Week5,242.0 McLean - 160.0 Crosspointe
Daventry,Week3,Lee Graham,Week5,355.0 Lee Graham - 47.0 Daventry
Daventry,Week4,Highlands Swim,Week1,368.0 Highlands Swim - 34.0 Daventry
Crosspointe,Week3,Mosby Woods,Week4,225.0 Crosspointe - 177.0 Mosby Woods
Daventry,Week3,Highlands Swim,Week2,365.0 Highlands Swim - 37.0 Daventry
Crosspointe,Week5,McLean,Week3,220.0 McLean - 182.0 Crosspointe
Crosspointe,Week1,Crosspointe,Week5,247.0 Crosspointe (CP2) - 155.0 Crosspointe (CP1)
Crosspointe,Week3,Country Club Hills,Week4,270.0 Crosspointe - 132.0 Country Club Hills
Crosspointe,Week4,McLean,Week4,228.0 McLean - 174.0 Crosspointe
Daventry,Week2,Highlands Swim,Week3,360.0 Highlands Swim - 42.0 Daventry
Daventry,Week5,Canterbury Woods,Week4,256.0 Canterbury Woods - 140.0 Daventry
Daventry,Week3,Highlands Swim,Week1,367.0 Highlands Swim - 35.0 Daventry
Crosspointe,Week1,Crosspointe,Week3,208.0 Crosspointe (CP1) - 194.0 Crosspointe (CP2)
Crosspointe,Week3,Mosby Woods,Week1,201.0 Crosspointe - 201.0 Mosby Woods
Crosspointe,Week4,Hamlet,Week3,234.0 Hamlet - 168.0 Crosspointe
Crosspointe,Week3,Fairfax,Week2,203.0 Fairfax - 199.0 Crosspointe
Daventry,Week5,Highlands Swim,Week2,367.0 Highlands Swim - 35.0 Daventry
Crosspointe,Week2,Mosby Woods,Week2,201.0 Crosspointe - 201.0 Mosby Woods
Daventry,Week4,Highlands Swim,Week5,365.0 Highlands Swim - 37.0 Daventry
Crosspointe,Week2,Hamlet,Week4,214.5 Hamlet - 187.5 Crosspointe
Daventry,Week3,Lee Graham,Week2,354.0 Lee Graham - 48.0 Daventry
Daventry,Week5,Highlands Swim,Week1,359.0 Highlands Swim - 43.0 Daventry
Crosspointe,Week4,Mosby Woods,Week4,218.5 Crosspointe - 183.5 Mosby Woods
Daventry,Week5,Lee Graham,Week2,347.0 Lee Graham - 55.0 Daventry
Daventry,Week3,Highlands Swim,Week4,353.0 Highlands Swim - 49.0 Daventry
Daventry,Week3,Highlands Swim,Week3,362.0 Highlands Swim - 40.0 Daventry
Crosspointe,Week3,Hamlet,Week2,236.0 Hamlet - 166.0 Crosspointe
Crosspointe,Week4,Hamlet,Week1,212.0 Hamlet - 190.0 Crosspointe
Crosspointe,Week4,Mosby Woods,Week5,204.0 Mosby Woods - 198.0 Crosspointe
Daventry,Week4,Lee Graham,Week2,367.0 Lee Graham - 35.0 Daventry
Crosspointe,Week1,Country Club Hills,Week2,303.0 Crosspointe - 99.0 Country Club Hills
Crosspointe,Week5,Mosby Woods,Week4,257.0 Crosspointe - 145.0 Mosby Woods
Daventry,Week1,Highlands Swim,Week4,357.0 Highlands Swim - 45.0 Daventry
Crosspointe,Week3,Hamlet,Week5,233.0 Hamlet - 169.0 Crosspointe
Crosspointe,Week4,Hamlet,Week4,209.0 Hamlet - 193.0 Crosspointe
Crosspointe,Week5,Country Club Hills,Week5,292.0 Crosspointe - 110.0 Country Club Hills
Crosspointe,Week5,Hamlet,Week4,216.0 Crosspointe - 186.0 Hamlet
Crosspointe,Week3,Hamlet,Week3,232.5 Hamlet - 169.5 Crosspointe
Crosspointe,Week3,Country Club Hills,Week1,273.0 Crosspointe - 129.0 Country Club Hills
Daventry,Week1,Lincolnia Park,Week5,201.0 Lincolnia Park - 189.0 Daventry
Crosspointe,Week5,Mosby Woods,Week1,228.0 Crosspointe - 174.0 Mosby Woods
Daventry,Week5,Lee Graham,Week5,351.0 Lee Graham - 51.0 Daventry
Crosspointe,Week2,Country Club Hills,Week2,286.0 Crosspointe - 116.0 Country Club Hills
Daventry,Week1,Lee Graham,Week1,344.0 Lee Graham - 58.0 Daventry
Crosspointe,Week5,McLean,Week5,225.0 McLean - 177.0 Crosspointe
Crosspointe,Week1,Country Club Hills,Week5,273.0 Crosspointe - 129.0 Country Club Hills
Daventry,Week1,Highlands Swim,Week5,361.0 Highlands Swim - 41.0 Daventry
Daventry,Week2,Lincolnia Park,Week2,205.0 Daventry - 181.0 Lincolnia Park
Crosspointe,Week4,Hamlet,Week2,230.0 Hamlet - 172.0 Crosspointe
Daventry,Week5,Highlands Swim,Week3,350.0 Highlands Swim - 52.0 Daventry
Crosspointe,Week3,Country Club Hills,Week3,275.0 Crosspointe - 127.0 Country Club Hills
Crosspointe,Week2,Hamlet,Week2,243.0 Hamlet - 159.0 Crosspointe
Crosspointe,Week5,McLean,Week1,214.0 McLean - 188.0 Crosspointe
Daventry,Week2,Highlands Swim,Week4,354.0 Highlands Swim - 48.0 Daventry
Daventry,Week2,Highlands Swim,Week2,372.0 Highlands Swim - 30.0 Daventry
Daventry,Week2,Little Hunting Park,Week2,255.0 Little Hunting Park - 142.0 Daventry
Crosspointe,Week5,McLean,Week2,215.0 McLean - 187.0 Crosspointe
Crosspointe,Week2,Hamlet,Week5,248.0 Hamlet - 154.0 Crosspointe
Daventry,Week1,Lincolnia Park,Week2,202.0 Daventry - 188.0 Lincolnia Park
Crosspointe,Week1,Country Club Hills,Week4,282.0 Crosspointe - 120.0 Country Club Hills
Daventry,Week1,Little Hunting Park,Week3,264.0 Little Hunting Park - 138.0 Daventry
Crosspointe,Week3,Hamlet,Week4,209.0 Hamlet - 193.0 Crosspointe
Crosspointe,Week1,Mosby Woods,Week3,224.0 Crosspointe - 178.0 Mosby Woods
Crosspointe,Week1,Mosby Woods,Week2,213.0 Crosspointe - 189.0 Mosby Woods
Crosspointe,Week4,Hamlet,Week5,239.0 Hamlet - 163.0 Crosspointe
Crosspointe,Week3,Country Club Hills,Week2,286.0 Crosspointe - 116.0 Country Club Hills
Crosspointe,Week2,Country Club Hills,Week4,271.0 Crosspointe - 131.0 Country Club Hills
Daventry,Week1,Hollin Hills,Week1,245.0 Daventry - 154.0 Hollin Hills
Crosspointe,Week3,Mosby Woods,Week3,201.5 Crosspointe - 195.5 Mosby Woods
Daventry,Week1,Lincolnia Park,Week4,204.0 Daventry - 189.0 Lincolnia Park
Daventry,Week3,Lincolnia Park,Week5,202.0 Lincolnia Park - 185.0 Daventry
Daventry,Week5,Lincolnia Park,Week1,236.0 Daventry - 158.0 Lincolnia Park
Crosspointe,Week4,Mosby Woods,Week1,208.5 Mosby Woods - 193.5 Crosspointe
Daventry,Week1,Hollin Hills,Week3,219.0 Daventry - 181.0 Hollin Hills
Crosspointe,Week2,Mosby Woods,Week4,202.0 Crosspointe - 200.0 Mosby Woods
Crosspointe,Week4,Country Club Hills,Week2,291.0 Crosspointe - 111.0 Country Club Hills
Crosspointe,Week3,Country Club Hills,Week5,266.0 Crosspointe - 136.0 Country Club Hills
Crosspointe,Week2,Hamlet,Week3,238.0 Hamlet - 164.0 Crosspointe
Daventry,Week2,Lincolnia Park,Week3,201.0 Lincolnia Park - 184.0 Daventry
Daventry,Week1,Hollin Hills,Week4,216.0 Daventry - 181.0 Hollin Hills
Daventry,Week1,Lincolnia Park,Week3,207.0 Lincolnia Park - 184.0 Daventry
Crosspointe,Week2,Country Club Hills,Week1,272.0 Crosspointe - 130.0 Country Club Hills
Crosspointe,Week3,Mosby Woods,Week5,210.0 Crosspointe - 192.0 Mosby Woods
Crosspointe,Week5,Country Club Hills,Week2,315.0 Crosspointe - 87.0 Country Club Hills
Daventry,Week3,Lincolnia Park,Week3,223.0 Lincolnia Park - 165.0 Daventry
Crosspointe,Week5,Country Club Hills,Week1,307.0 Crosspointe - 95.0 Country Club Hills
Crosspointe,Week5,Hamlet,Week3,210.0 Hamlet - 192.0 Crosspointe
Crosspointe,Week5,Hamlet,Week2,201.0 Crosspointe - 201.0 Hamlet
Daventry,Week5,Highlands Swim,Week4,345.0 Highlands Swim - 57.0 Daventry
Daventry,Week2,Hollin Hills,Week1,239.0 Daventry - 161.0 Hollin Hills
Crosspointe,Week5,Hamlet,Week1,214.0 Crosspointe - 188.0 Hamlet
Crosspointe,Week4,Mosby Woods,Week2,223.0 Mosby Woods - 179.0 Crosspointe
Crosspointe,Week1,Hayfield Farm,Week2,264.0 Crosspointe - 138.0 Hayfield Farm
Daventry,Week1,Hollin Hills,Week2,230.0 Daventry - 165.0 Hollin Hills
Crosspointe,Week2,Mount Vernon Park,Week2,211.0 Crosspointe - 191.0 Mount Vernon Park
Crosspointe,Week2,Country Club Hills,Week5,264.0 Crosspointe - 138.0 Country Club Hills
Crosspointe,Week2,Country Club Hills,Week3,276.0 Crosspointe - 126.0 Country Club Hills
Daventry,Week1,Hollin Meadows,Week5,311.0 Hollin Meadows - 90.0 Daventry
Crosspointe,Week2,Hayfield Farm,Week1,252.0 Crosspointe - 150.0 Hayfield Farm
Crosspointe,Week1,Mount Vernon Park,Week5,201.0 Crosspointe - 201.0 Mount Vernon Park
Daventry,Week4,Lincolnia Park,Week3,221.0 Lincolnia Park - 170.0 Daventry
Daventry,Week4,Lincolnia Park,Week4,209.0 Daventry - 190.0 Lincolnia Park
Crosspointe,Week2,Hayfield Farm,Week3,233.0 Crosspointe - 169.0 Hayfield Farm
Crosspointe,Week1,Mount Vernon Park,Week3,226.0 Crosspointe - 176.0 Mount Vernon Park
Crosspointe,Week5,Country Club Hills,Week4,306.0 Crosspointe - 96.0 Country Club Hills
Daventry,Week3,Lincolnia Park,Week1,215.0 Daventry - 180.0 Lincolnia Park
Crosspointe,Week2,Hayfield Farm,Week4,247.0 Crosspointe - 155.0 Hayfield Farm
Crosspointe,Week1,Herndon,Week3,359.0 Crosspointe - 43.0 Herndon
Crosspointe,Week5,Mosby Woods,Week3,246.0 Crosspointe - 156.0 Mosby Woods
Crosspointe,Week4,Country Club Hills,Week5,261.0 Crosspointe - 141.0 Country Club Hills
Daventry,Week1,Hollin Meadows,Week2,286.5 Hollin Meadows - 115.5 Daventry
Daventry,Week5,Hollin Hills,Week2,228.0 Daventry - 170.0 Hollin Hills
Crosspointe,Week5,Country Club Hills,Week3,309.0 Crosspointe - 93.0 Country Club Hills
Crosspointe,Week5,Mosby Woods,Week2,228.0 Crosspointe - 174.0 Mosby Woods
Crosspointe,Week1,Mount Vernon Park,Week1,227.0 Crosspointe - 175.0 Mount Vernon Park
Crosspointe,Week2,Mount Vernon Park,Week1,217.5 Crosspointe - 184.5 Mount Vernon Park
Crosspointe,Week1,Hayfield Farm,Week5,253.0 Crosspointe - 149.0 Hayfield Farm
Daventry,Week2,Lincolnia Park,Week5,204.0 Lincolnia Park - 179.0 Daventry
Daventry,Week4,Hollin Meadows,Week2,301.0 Hollin Meadows - 101.0 Daventry
Daventry,Week2,Hollin Hills,Week3,216.0 Daventry - 183.0 Hollin Hills
Crosspointe,Week3,Hayfield Farm,Week4,248.0 Crosspointe - 154.0 Hayfield Farm
Crosspointe,Week1,Country Club Hills,Week3,294.0 Crosspointe - 108.0 Country Club Hills
Daventry,Week2,Hollin Hills,Week4,215.0 Daventry - 180.0 Hollin Hills
Daventry,Week4,Lincolnia Park,Week1,214.0 Daventry - 186.0 Lincolnia Park
Daventry,Week3,Lincolnia Park,Week2,195.0 Daventry - 193.0 Lincolnia Park
Daventry,Week5,Lincolnia Park,Week2,210.0 Daventry - 176.0 Lincolnia Park
Crosspointe,Week1,Hayfield Farm,Week1,248.0 Crosspointe - 154.0 Hayfield Farm
Crosspointe,Week1,Hayfield Farm,Week3,243.0 Crosspointe - 159.0 Hayfield Farm
Crosspointe,Week1,Crosspointe,Week1,201.0 Crosspointe (CP1) - 201.0 Crosspointe (CP2)
Daventry,Week5,Lincolnia Park,Week4,218.0 Daventry - 176.0 Lincolnia Park
Crosspointe,Week4,Country Club Hills,Week1,276.0 Crosspointe - 126.0 Country Club Hills
Daventry,Week2,Hollin Meadows,Week2,279.0 Hollin Meadows - 123.0 Daventry
Crosspointe,Week3,Hamlet,Week1,208.0 Hamlet - 189.0 Crosspointe
Daventry,Week2,Lincolnia Park,Week4,208.0 Daventry - 188.0 Lincolnia Park
Daventry,Week4,Lincolnia Park,Week2,201.0 Lincolnia Park - 188.0 Daventry
Crosspointe,Week4,Country Club Hills,Week3,281.0 Crosspointe - 121.0 Country Club Hills
Crosspointe,Week1,Hayfield Farm,Week4,257.0 Crosspointe - 145.0 Hayfield Farm
Daventry,Week4,Hollin Hills,Week2,216.0 Daventry - 183.0 Hollin Hills
Crosspointe,Week5,Mosby Woods,Week5,236.0 Crosspointe - 166.0 Mosby Woods
Daventry,Week2,Hollin Meadows,Week4,302.0 Hollin Meadows - 100.0 Daventry
Crosspointe,Week1,Crosspointe,Week4,206.0 Crosspointe (CP2) - 196.0 Crosspointe (CP1)
Crosspointe,Week2,Mount Vernon Park,Week3,201.0 Crosspointe - 201.0 Mount Vernon Park
Crosspointe,Week2,Mount Vernon Park,Week4,213.0 Crosspointe - 189.0 Mount Vernon Park
Daventry,Week4,Hollin Hills,Week5,216.0 Daventry - 179.0 Hollin Hills
Daventry,Week2,Hollin Meadows,Week3,308.0 Hollin Meadows - 92.0 Daventry
Daventry,Week1,Little Hunting Park,Week1,252.0 Little Hunting Park - 149.0 Daventry
Crosspointe,Week3,Mount Vernon Park,Week2,227.0 Crosspointe - 175.0 Mount Vernon Park
Daventry,Week1,Hollin Meadows,Week1,307.0 Hollin Meadows - 95.0 Daventry
Crosspointe,Week3,Mount Vernon Park,Week3,206.0 Crosspointe - 196.0 Mount Vernon Park
Crosspointe,Week3,Herndon,Week2,344.0 Crosspointe - 58.0 Herndon
Crosspointe,Week3,Crosspointe,Week4,214.0 Crosspointe (CP1) - 188.0 Crosspointe (CP2)
Crosspointe,Week3,Mount Vernon Park,Week4,218.0 Crosspointe - 184.0 Mount Vernon Park
Crosspointe,Week2,Mount Vernon Park,Week5,221.0 Mount Vernon Park - 181.0 Crosspointe
Daventry,Week3,Hollin Hills,Week3,218.0 Daventry - 182.0 Hollin Hills
Crosspointe,Week5,Hayfield Farm,Week1,275.0 Crosspointe - 127.0 Hayfield Farm
Crosspointe,Week3,Herndon,Week4,348.0 Crosspointe - 54.0 Herndon
Crosspointe,Week2,Crosspointe,Week4,234.0 Crosspointe (CP2) - 168.0 Crosspointe (CP1)
Daventry,Week5,Lincolnia Park,Week3,197.0 Daventry - 188.0 Lincolnia Park
Crosspointe,Week3,Mount Vernon Park,Week1,231.0 Crosspointe - 171.0 Mount Vernon Park
Crosspointe,Week3,Hayfield Farm,Week2,242.0 Crosspointe - 160.0 Hayfield Farm
Crosspointe,Week4,Herndon,Week2,357.0 Crosspointe - 45.0 Herndon
Daventry,Week3,Hollin Hills,Week4,212.0 Daventry - 184.0 Hollin Hills
Crosspointe,Week3,Crosspointe,Week2,221.0 Crosspointe (CP1) - 181.0 Crosspointe (CP2)
Daventry,Week1,Little Hunting Park,Week5,265.5 Little Hunting Park - 132.5 Daventry
Daventry,Week5,Lincolnia Park,Week5,200.5 Daventry - 187.5 Lincolnia Park
Crosspointe,Week2,Daventry,Week1,339.0 Crosspointe - 63.0 Daventry
Daventry,Week3,Hollin Meadows,Week1,311.0 Hollin Meadows - 91.0 Daventry
Crosspointe,Week1,Rolling Forest,Week1,271.5 Crosspointe - 130.5 Rolling Forest
Crosspointe,Week5,Riverside Gardens,Week1,246.0 Crosspointe - 156.0 Riverside Gardens
Daventry,Week3,Hollin Meadows,Week4,303.0 Hollin Meadows - 99.0 Daventry
Crosspointe,Week5,Hayfield Farm,Week5,276.0 Crosspointe - 126.0 Hayfield Farm
Daventry,Week1,Hollin Meadows,Week3,314.5 Hollin Meadows - 86.5 Daventry
Daventry,Week5,Hollin Hills,Week5,231.0 Daventry - 159.0 Hollin Hills
Crosspointe,Week4,Hayfield Farm,Week1,253.0 Crosspointe - 149.0 Hayfield Farm
Crosspointe,Week5,Crosspointe,Week3,244.0 Crosspointe (CP1) - 158.0 Crosspointe (CP2)
Crosspointe,Week3,Crosspointe,Week1,208.0 Crosspointe (CP2) - 194.0 Crosspointe (CP1)
Daventry,Week1,Little Hunting Park,Week4,256.0 Little Hunting Park - 145.0 Daventry
Daventry,Week2,Little Hunting Park,Week1,249.0 Little Hunting Park - 144.0 Daventry
Daventry,Week4,Hollin Hills,Week4,208.0 Daventry - 191.0 Hollin Hills
Crosspointe,Week5,Crosspointe,Week4,271.0 Crosspointe (CP1) - 131.0 Crosspointe (CP2)
Crosspointe,Week1,Herndon,Week1,358.0 Crosspointe - 44.0 Herndon
Crosspointe,Week2,Crosspointe,Week1,223.0 Crosspointe (CP2) - 179.0 Crosspointe (CP1)
Crosspointe,Week4,Hayfield Farm,Week3,235.0 Crosspointe - 167.0 Hayfield Farm
Crosspointe,Week3,Rolling Forest,Week2,273.0 Crosspointe - 129.0 Rolling Forest
Crosspointe,Week3,Hayfield Farm,Week3,233.0 Crosspointe - 164.0 Hayfield Farm
Crosspointe,Week1,Daventry,Week1,334.0 Crosspointe - 68.0 Daventry
Crosspointe,Week3,Daventry,Week5,325.0 Crosspointe - 77.0 Daventry
Crosspointe,Week2,Rolling Forest,Week2,259.5 Crosspointe - 142.5 Rolling Forest
Crosspointe,Week5,Riverside Gardens,Week5,225.0 Crosspointe - 177.0 Riverside Gardens
Daventry,Week2,Lincolnia Park,Week1,218.0 Daventry - 178.0 Lincolnia Park
Daventry,Week1,Hollin Meadows,Week4,311.0 Hollin Meadows - 91.0 Daventry
Daventry,Week4,Lincolnia Park,Week5,215.5 Lincolnia Park - 174.5 Daventry
Daventry,Week3,Lincolnia Park,Week4,202.0 Daventry - 196.0 Lincolnia Park
Daventry,Week1,Little Hunting Park,Week2,251.0 Little Hunting Park - 150.0 Daventry
Daventry,Week5,Hollin Hills,Week3,226.0 Daventry - 174.0 Hollin Hills
Crosspointe,Week5,Riverside Gardens,Week4,233.0 Crosspointe - 169.0 Riverside Gardens
Crosspointe,Week4,Crosspointe,Week2,234.0 Crosspointe (CP1) - 168.0 Crosspointe (CP2)
Crosspointe,Week3,Crosspointe,Week5,244.0 Crosspointe (CP2) - 158.0 Crosspointe (CP1)
Crosspointe,Week5,Rolling Forest,Week2,298.0 Crosspointe - 104.0 Rolling Forest
Crosspointe,Week2,Herndon,Week1,349.0 Crosspointe - 53.0 Herndon
Crosspointe,Week1,Herndon,Week2,351.0 Crosspointe - 51.0 Herndon
Crosspointe,Week5,Hayfield Farm,Week4,267.0 Crosspointe - 135.0 Hayfield Farm
Daventry,Week5,Hollin Hills,Week1,244.0 Daventry - 150.0 Hollin Hills
Daventry,Week5,Little Hunting Park,Week4,229.0 Little Hunting Park - 171.0 Daventry
Daventry,Week5,Hollin Hills,Week4,236.0 Daventry - 159.0 Hollin Hills
Daventry,Week4,Hollin Hills,Week1,238.0 Daventry - 162.0 Hollin Hills
Crosspointe,Week4,Riverside Gardens,Week5,202.0 Crosspointe - 200.0 Riverside Gardens
Crosspointe,Week3,Crosspointe,Week3,193.5 Crosspointe (CP1) - 193.5 Crosspointe (CP2)
Daventry,Week2,Little Rocky Run,Week2,357.0 Little Rocky Run - 45.0 Daventry
Crosspointe,Week4,Crosspointe,Week3,214.0 Crosspointe (CP2) - 188.0 Crosspointe (CP1)
Crosspointe,Week5,Hayfield Farm,Week3,256.0 Crosspointe - 146.0 Hayfield Farm
Daventry,Week2,Hollin Meadows,Week1,309.0 Hollin Meadows - 92.0 Daventry
Crosspointe,Week4,Riverside Gardens,Week3,211.0 Crosspointe - 191.0 Riverside Gardens
Crosspointe,Week3,Hayfield Farm,Week5,259.5 Crosspointe - 142.5 Hayfield Farm
Crosspointe,Week4,Crosspointe,Week1,206.0 Crosspointe (CP1) - 196.0 Crosspointe (CP2)
Daventry,Week2,Little Hunting Park,Week3,254.5 Little Hunting Park - 146.5 Daventry
Crosspointe,Week5,Crosspointe,Week2,260.0 Crosspointe (CP1) - 142.0 Crosspointe (CP2)
Daventry,Week4,Hollin Hills,Week3,219.0 Daventry - 182.0 Hollin Hills
Crosspointe,Week2,Crosspointe,Week2,201.0 Crosspointe (CP1) - 201.0 Crosspointe (CP2)
Daventry,Week2,Little Rocky Run,Week5,365.0 Little Rocky Run - 37.0 Daventry
Daventry,Week4,Little Hunting Park,Week5,281.0 Little Hunting Park - 117.0 Daventry
Daventry,Week4,Little Hunting Park,Week3,279.0 Little Hunting Park - 123.0 Daventry
Crosspointe,Week2,Rolling Forest,Week5,235.0 Crosspointe - 167.0 Rolling Forest
Crosspointe,Week1,Herndon,Week4,353.0 Crosspointe - 49.0 Herndon
Crosspointe,Week3,Rolling Forest,Week1,264.0 Crosspointe - 138.0 Rolling Forest
Daventry,Week2,Little Hunting Park,Week4,253.0 Little Hunting Park - 144.0 Daventry
Daventry,Week3,Hollin Hills,Week5,202.0 Daventry - 188.0 Hollin Hills
Crosspointe,Week4,Riverside Gardens,Week2,222.0 Crosspointe - 180.0 Riverside Gardens
Crosspointe,Week4,Crosspointe,Week5,271.0 Crosspointe (CP2) - 131.0 Crosspointe (CP1)
Daventry,Week2,Hollin Meadows,Week5,308.5 Hollin Meadows - 93.5 Daventry
Daventry,Week3,Hollin Hills,Week2,218.0 Daventry - 174.0 Hollin Hills
Daventry,Week3,Little Rocky Run,Week3,356.0 Little Rocky Run - 46.0 Daventry
Daventry,Week5,Little Hunting Park,Week2,219.0 Little Hunting Park - 181.0 Daventry
Crosspointe,Week4,Rolling Forest,Week5,239.0 Crosspointe - 163.0 Rolling Forest
Daventry,Week3,Hollin Meadows,Week5,309.0 Hollin Meadows - 92.0 Daventry
Crosspointe,Week3,Hayfield Farm,Week1,251.5 Crosspointe - 150.5 Hayfield Farm
Crosspointe,Week4,Hayfield Farm,Week4,247.5 Crosspointe - 154.5 Hayfield Farm
Crosspointe,Week4,Crosspointe,Week4,201.0 Crosspointe (CP1) - 201.0 Crosspointe (CP2)
Crosspointe,Week1,Daventry,Week3,337.0 Crosspointe - 64.0 Daventry
Daventry,Week4,Little Hunting Park,Week2,248.0 Little Hunting Park - 152.0 Daventry
Crosspointe,Week2,Rolling Forest,Week1,249.0 Crosspointe - 153.0 Rolling Forest
Crosspointe,Week5,Hayfield Farm,Week2,274.0 Crosspointe - 128.0 Hayfield Farm
Crosspointe,Week2,Rolling Forest,Week3,241.0 Crosspointe - 161.0 Rolling Forest
Crosspointe,Week4,Hayfield Farm,Week5,248.0 Crosspointe - 154.0 Hayfield Farm
Daventry,Week3,Hollin Meadows,Week3,315.0 Hollin Meadows - 85.0 Daventry
Crosspointe,Week5,Crosspointe,Week1,247.0 Crosspointe (CP1) - 155.0 Crosspointe (CP2)
Daventry,Week3,Little Hunting Park,Week4,263.0 Little Hunting Park - 137.0 Daventry
Crosspointe,Week2,Herndon,Week2,344.0 Crosspointe - 58.0 Herndon
Daventry,Week1,Little Rocky Run,Week1,344.0 Little Rocky Run - 53.0 Daventry
Crosspointe,Week2,Daventry,Week4,345.0 Crosspointe - 57.0 Daventry
Daventry,Week2,Little Hunting Park,Week5,269.0 Little Hunting Park - 128.0 Daventry
Daventry,Week5,Hollin Meadows,Week1,296.0 Hollin Meadows - 106.0 Daventry
Crosspointe,Week2,Herndon,Week4,354.0 Crosspointe - 48.0 Herndon
Crosspointe,Week5,Riverside Gardens,Week2,252.0 Crosspointe - 150.0 Riverside Gardens
Daventry,Week4,Hollin Meadows,Week5,321.0 Hollin Meadows - 81.0 Daventry
Crosspointe,Week1,Herndon,Week5,360.0 Crosspointe - 42.0 Herndon
Crosspointe,Week2,Herndon,Week5,354.0 Crosspointe - 48.0 Herndon
Crosspointe,Week5,Crosspointe,Week5,201.0 Crosspointe (CP1) - 201.0 Crosspointe (CP2)
Crosspointe,Week3,Riverside Gardens,Week3,219.0 Crosspointe - 183.0 Riverside Gardens
Daventry,Week4,Little Hunting Park,Week1,248.0 Little Hunting Park - 150.0 Daventry
Crosspointe,Week4,Hayfield Farm,Week2,250.0 Crosspointe - 152.0 Hayfield Farm
Crosspointe,Week1,Daventry,Week5,326.0 Crosspointe - 76.0 Daventry
Daventry,Week4,Hollin Meadows,Week1,321.0 Hollin Meadows - 81.0 Daventry
Crosspointe,Week3,Riverside Gardens,Week4,205.5 Crosspointe - 196.5 Riverside Gardens
Crosspointe,Week3,Riverside Gardens,Week5,208.0 Crosspointe - 194.0 Riverside Gardens
Daventry,Week3,Hollin Meadows,Week2,291.0 Hollin Meadows - 106.0 Daventry
Daventry,Week2,Little Rocky Run,Week1,344.0 Little Rocky Run - 58.0 Daventry
Daventry,Week1,Little Rocky Run,Week2,355.0 Little Rocky Run - 47.0 Daventry
Daventry,Week5,Holmes Run Acres,Week4,275.0 Holmes Run Acres - 126.0 Daventry
Crosspointe,Week3,Herndon,Week3,352.0 Crosspointe - 45.0 Herndon
Crosspointe,Week2,Crosspointe,Week5,260.0 Crosspointe (CP2) - 142.0 Crosspointe (CP1)
Crosspointe,Week4,Riverside Gardens,Week4,202.0 Crosspointe - 200.0 Riverside Gardens
Crosspointe,Week1,Rolling Forest,Week4,280.0 Crosspointe - 122.0 Rolling Forest
Crosspointe,Week3,Daventry,Week2,340.0 Crosspointe - 62.0 Daventry
Daventry,Week3,Holmes Run Acres,Week3,321.0 Holmes Run Acres - 80.0 Daventry
Daventry,Week5,Holmes Run Acres,Week2,273.0 Holmes Run Acres - 129.0 Daventry
Daventry,Week3,Little Hunting Park,Week2,261.0 Little Hunting Park - 139.0 Daventry
Crosspointe,Week2,Rolling Forest,Week4,261.0 Crosspointe - 141.0 Rolling Forest
Daventry,Week5,Little Hunting Park,Week3,226.0 Little Hunting Park - 176.0 Daventry
Daventry,Week5,Hollin Meadows,Week2,272.5 Hollin Meadows - 129.5 Daventry
Crosspointe,Week2,Daventry,Week5,317.0 Crosspointe - 85.0 Daventry
Crosspointe,Week1,Daventry,Week4,349.0 Crosspointe - 53.0 Daventry
Crosspointe,Week2,Crosspointe,Week3,221.0 Crosspointe (CP2) - 181.0 Crosspointe (CP1)
Crosspointe,Week1,Rolling Forest,Week2,271.0 Crosspointe - 131.0 Rolling Forest
Daventry,Week3,Little Hunting Park,Week3,264.0 Little Hunting Park - 136.0 Daventry
Crosspointe,Week1,Daventry,Week2,344.0 Crosspointe - 58.0 Daventry
Crosspointe,Week3,Herndon,Week1,342.0 Crosspointe - 60.0 Herndon
Crosspointe,Week4,Herndon,Week1,360.0 Crosspointe - 42.0 Herndon
Daventry,Week5,Little Hunting Park,Week5,247.0 Little Hunting Park - 151.0 Daventry
Daventry,Week4,Holmes Run Acres,Week5,330.0 Holmes Run Acres - 72.0 Daventry
Crosspointe,Week4,Riverside Gardens,Week1,211.0 Crosspointe - 191.0 Riverside Gardens
Crosspointe,Week1,Rolling Forest,Week3,255.5 Crosspointe - 146.5 Rolling Forest
Crosspointe,Week2,Herndon,Week3,354.0 Crosspointe - 48.0 Herndon
Crosspointe,Week3,Herndon,Week5,355.0 Crosspointe - 47.0 Herndon
Crosspointe,Week1,Hiddenbrook,Week1,305.0 Crosspointe - 97.0 Hiddenbrook
Daventry,Week2,Little Rocky Run,Week4,361.0 Little Rocky Run - 41.0 Daventry
Crosspointe,Week2,Hiddenbrook,Week2,327.0 Crosspointe - 75.0 Hiddenbrook
Crosspointe,Week5,Herndon,Week4,358.0 Crosspointe - 44.0 Herndon
Crosspointe,Week3,Rolling Forest,Week5,252.0 Crosspointe - 150.0 Rolling Forest
Daventry,Week4,Little Hunting Park,Week4,269.0 Little Hunting Park - 131.0 Daventry
Crosspointe,Week5,Rolling Forest,Week1,287.0 Crosspointe - 115.0 Rolling Forest
Crosspointe,Week5,Herndon,Week5,360.0 Crosspointe - 42.0 Herndon
Crosspointe,Week2,Daventry,Week2,343.0 Crosspointe - 59.0 Daventry
Crosspointe,Week3,Daventry,Week3,336.0 Crosspointe - 60.0 Daventry
Daventry,Week4,Hollin Meadows,Week4,312.0 Hollin Meadows - 90.0 Daventry
Daventry,Week1,Little Rocky Run,Week3,355.5 Little Rocky Run - 46.5 Daventry
Daventry,Week3,Holmes Run Acres,Week2,279.0 Holmes Run Acres - 122.0 Daventry
Daventry,Week2,Holmes Run Acres,Week2,289.0 Holmes Run Acres - 113.0 Daventry
Daventry,Week5,Little Hunting Park,Week1,212.0 Little Hunting Park - 186.0 Daventry
Crosspointe,Week5,Riverside Gardens,Week3,246.0 Crosspointe - 156.0 Riverside Gardens
Crosspointe,Week3,Hiddenbrook,Week1,294.0 Crosspointe - 108.0 Hiddenbrook
Crosspointe,Week4,Herndon,Week4,358.0 Crosspointe - 44.0 Herndon
Crosspointe,Week4,Rolling Forest,Week4,267.0 Crosspointe - 135.0 Rolling Forest
Crosspointe,Week3,Dominion Hills,Week1,254.5 Crosspointe - 147.5 Dominion Hills
Daventry,Week2,Holmes Run Acres,Week5,323.0 Holmes Run Acres - 79.0 Daventry
Crosspointe,Week2,Dominion Hills,Week5,205.0 Crosspointe - 197.0 Dominion Hills
Daventry,Week3,Holmes Run Acres,Week1,285.0 Holmes Run Acres - 117.0 Daventry
Crosspointe,Week4,Herndon,Week3,361.0 Crosspointe - 41.0 Herndon
Crosspointe,Week3,Rolling Forest,Week3,251.0 Crosspointe - 151.0 Rolling Forest
Daventry,Week1,Holmes Run Acres,Week1,294.0 Holmes Run Acres - 107.0 Daventry
Crosspointe,Week2,Daventry,Week3,334.0 Crosspointe - 68.0 Daventry
Crosspointe,Week4,Daventry,Week4,344.0 Crosspointe - 58.0 Daventry
Daventry,Week3,Holmes Run Acres,Week4,300.0 Holmes Run Acres - 102.0 Daventry
Daventry,Week3,Little Hunting Park,Week5,277.0 Little Hunting Park - 120.0 Daventry
Crosspointe,Week4,Rolling Forest,Week2,271.0 Crosspointe - 131.0 Rolling Forest
Daventry,Week1,Little Rocky Run,Week4,358.0 Little Rocky Run - 44.0 Daventry
Crosspointe,Week4,Rolling Forest,Week1,251.5 Crosspointe - 150.5 Rolling Forest
Crosspointe,Week4,Herndon,Week5,360.0 Crosspointe - 42.0 Herndon
Crosspointe,Week5,Daventry,Week2,345.0 Crosspointe - 56.0 Daventry
Daventry,Week5,Hollin Meadows,Week3,291.0 Hollin Meadows - 110.0 Daventry
Crosspointe,Week1,Rolling Forest,Week5,257.0 Crosspointe - 145.0 Rolling Forest
Daventry,Week2,Little Rocky Run,Week3,365.0 Little Rocky Run - 37.0 Daventry
Crosspointe,Week3,Daventry,Week4,347.0 Crosspointe - 55.0 Daventry
Daventry,Week1,Holmes Run Acres,Week5,321.0 Holmes Run Acres - 81.0 Daventry
Crosspointe,Week1,Hiddenbrook,Week4,305.0 Crosspointe - 97.0 Hiddenbrook
Daventry,Week2,Holmes Run Acres,Week3,323.0 Holmes Run Acres - 78.0 Daventry
Crosspointe,Week1,Hiddenbrook,Week2,333.0 Crosspointe - 69.0 Hiddenbrook
Crosspointe,Week3,Rolling Forest,Week4,260.0 Crosspointe - 142.0 Rolling Forest
Daventry,Week3,Little Hunting Park,Week1,266.0 Little Hunting Park - 132.0 Daventry
Daventry,Week3,Little Rocky Run,Week1,333.0 Little Rocky Run - 69.0 Daventry
Daventry,Week1,Little Rocky Run,Week5,362.0 Little Rocky Run - 40.0 Daventry
Crosspointe,Week4,Rolling Forest,Week3,240.0 Crosspointe - 162.0 Rolling Forest
Crosspointe,Week3,Daventry,Week1,340.5 Crosspointe - 61.5 Daventry
Crosspointe,Week4,Daventry,Week5,318.0 Crosspointe - 84.0 Daventry
Crosspointe,Week3,Rolling Hills,Week1,286.0 Crosspointe - 116.0 Rolling Hills
Daventry,Week3,Little Rocky Run,Week4,354.0 Little Rocky Run - 48.0 Daventry
Daventry,Week1,Holmes Run Acres,Week3,325.0 Holmes Run Acres - 77.0 Daventry
Daventry,Week3,Holmes Run Acres,Week5,316.0 Holmes Run Acres - 81.0 Daventry
Daventry,Week3,Long Branch,Week4,268.0 Long Branch - 134.0 Daventry
Crosspointe,Week1,Hiddenbrook,Week5,276.0 Crosspointe - 126.0 Hiddenbrook
Crosspointe,Week3,Dominion Hills,Week2,244.0 Crosspointe - 158.0 Dominion Hills
Crosspointe,Week2,Rolling Hills,Week3,279.0 Crosspointe - 123.0 Rolling Hills
Daventry,Week1,Holmes Run Acres,Week2,290.0 Holmes Run Acres - 112.0 Daventry
Daventry,Week3,Little Rocky Run,Week2,345.0 Little Rocky Run - 57.0 Daventry
Crosspointe,Week2,Hiddenbrook,Week1,289.0 Crosspointe - 113.0 Hiddenbrook
Daventry,Week2,Long Branch,Week4,276.0 Long Branch - 125.0 Daventry
Crosspointe,Week3,Rolling Hills,Week5,279.0 Crosspointe - 123.0 Rolling Hills
Crosspointe,Week3,Rolling Hills,Week3,281.0 Crosspointe - 121.0 Rolling Hills
Daventry,Week5,Hollin Meadows,Week4,284.0 Hollin Meadows - 118.0 Daventry
Crosspointe,Week3,Dominion Hills,Week3,251.0 Crosspointe - 151.0 Dominion Hills
Crosspointe,Week5,Daventry,Week5,330.0 Crosspointe - 72.0 Daventry
Crosspointe,Week2,Hiddenbrook,Week5,259.0 Crosspointe - 143.0 Hiddenbrook
Daventry,Week5,Hollin Meadows,Week5,300.0 Hollin Meadows - 102.0 Daventry
Crosspointe,Week2,Hiddenbrook,Week4,279.0 Crosspointe - 123.0 Hiddenbrook
Crosspointe,Week2,Dominion Hills,Week2,222.0 Crosspointe - 180.0 Dominion Hills
Crosspointe,Week3,Hiddenbrook,Week2,325.0 Crosspointe - 72.0 Hiddenbrook
Crosspointe,Week1,Rolling Hills,Week1,302.0 Crosspointe - 100.0 Rolling Hills
Crosspointe,Week5,Herndon,Week2,355.0 Crosspointe - 47.0 Herndon
Crosspointe,Week1,Rolling Hills,Week3,297.0 Crosspointe - 105.0 Rolling Hills
Crosspointe,Week3,Hiddenbrook,Week4,291.0 Crosspointe - 111.0 Hiddenbrook
Daventry,Week4,Holmes Run Acres,Week2,299.0 Holmes Run Acres - 103.0 Daventry
Crosspointe,Week1,Dominion Hills,Week1,276.0 Crosspointe - 126.0 Dominion Hills
Daventry,Week2,Holmes Run Acres,Week1,302.0 Holmes Run Acres - 98.0 Daventry
Crosspointe,Week4,Rolling Hills,Week3,286.0 Crosspointe - 116.0 Rolling Hills
Crosspointe,Week1,Dominion Hills,Week2,261.0 Crosspointe - 141.0 Dominion Hills
Crosspointe,Week5,Rolling Forest,Week3,279.0 Crosspointe - 123.0 Rolling Forest
Crosspointe,Week5,Herndon,Week1,358.0 Crosspointe - 44.0 Herndon
Daventry,Week1,Long Branch,Week5,288.0 Long Branch - 114.0 Daventry
Daventry,Week4,Little Rocky Run,Week1,343.0 Little Rocky Run - 59.0 Daventry
Crosspointe,Week2,Rolling Hills,Week2,283.0 Crosspointe - 119.0 Rolling Hills
Crosspointe,Week3,Rolling Hills,Week4,286.0 Crosspointe - 116.0 Rolling Hills
Crosspointe,Week4,Daventry,Week2,343.0 Crosspointe - 59.0 Daventry
Daventry,Week1,Holmes Run Acres,Week4,310.0 Holmes Run Acres - 91.0 Daventry
Daventry,Week4,Hollin Meadows,Week3,315.0 Hollin Meadows - 86.0 Daventry
Crosspointe,Week5,Herndon,Week3,362.0 Crosspointe - 40.0 Herndon
Daventry,Week2,Long Branch,Week2,268.0 Long Branch - 130.0 Daventry
Daventry,Week4,Holmes Run Acres,Week1,300.0 Holmes Run Acres - 102.0 Daventry
Crosspointe,Week5,Daventry,Week4,351.0 Crosspointe - 51.0 Daventry
Crosspointe,Week2,Dominion Hills,Week1,249.0 Crosspointe - 153.0 Dominion Hills
Crosspointe,Week4,Daventry,Week3,341.0 Crosspointe - 60.0 Daventry
Daventry,Week4,Little Rocky Run,Week4,357.0 Little Rocky Run - 45.0 Daventry
Crosspointe,Week4,Hiddenbrook,Week1,301.0 Crosspointe - 101.0 Hiddenbrook
Daventry,Week1,Long Branch,Week4,269.0 Long Branch - 133.0 Daventry
Daventry,Week2,Long Branch,Week5,283.0 Long Branch - 115.0 Daventry
Daventry,Week3,Long Branch,Week3,246.0 Long Branch - 155.0 Daventry
Daventry,Week3,Long Branch,Week1,258.0 Long Branch - 143.0 Daventry
Daventry,Week5,Holmes Run Acres,Week3,312.0 Holmes Run Acres - 90.0 Daventry
Crosspointe,Week5,Rolling Forest,Week5,284.0 Crosspointe - 118.0 Rolling Forest
Crosspointe,Week1,Hiddenbrook,Week3,286.0 Crosspointe - 116.0 Hiddenbrook
Daventry,Week2,Long Branch,Week3,246.0 Long Branch - 154.0 Daventry
Crosspointe,Week5,Daventry,Week3,344.0 Crosspointe - 58.0 Daventry
Crosspointe,Week4,Rolling Hills,Week2,292.0 Crosspointe - 110.0 Rolling Hills
Daventry,Week4,Holmes Run Acres,Week3,330.0 Holmes Run Acres - 72.0 Daventry
Crosspointe,Week5,Daventry,Week1,340.0 Crosspointe - 62.0 Daventry
Daventry,Week4,Little Rocky Run,Week5,366.0 Little Rocky Run - 36.0 Daventry
Daventry,Week1,Long Branch,Week2,264.0 Long Branch - 138.0 Daventry
Crosspointe,Week3,Hiddenbrook,Week3,282.0 Crosspointe - 115.0 Hiddenbrook
Crosspointe,Week4,Daventry,Week1,337.0 Crosspointe - 65.0 Daventry
Crosspointe,Week4,Hiddenbrook,Week3,286.0 Crosspointe - 116.0 Hiddenbrook
Crosspointe,Week5,Rolling Hills,Week3,316.0 Crosspointe - 86.0 Rolling Hills
Crosspointe,Week3,Hiddenbrook,Week5,270.0 Crosspointe - 132.0 Hiddenbrook
Daventry,Week2,Holmes Run Acres,Week4,309.0 Holmes Run Acres - 91.0 Daventry
Daventry,Week2,Hunt Valley,Week5,367.5 Hunt Valley - 34.5 Daventry
Daventry,Week5,Little Rocky Run,Week2,324.0 Little Rocky Run - 78.0 Daventry
Crosspointe,Week1,Dominion Hills,Week3,263.0 Crosspointe - 139.0 Dominion Hills
Daventry,Week3,Hunt Valley,Week2,349.0 Hunt Valley - 53.0 Daventry
Crosspointe,Week1,Dominion Hills,Week5,224.0 Crosspointe - 178.0 Dominion Hills
Daventry,Week1,Long Branch,Week1,267.0 Long Branch - 130.0 Daventry
Crosspointe,Week4,Rolling Hills,Week5,296.0 Crosspointe - 106.0 Rolling Hills
Daventry,Week5,Little Rocky Run,Week1,327.0 Little Rocky Run - 75.0 Daventry
Daventry,Week4,Little Rocky Run,Week3,363.0 Little Rocky Run - 39.0 Daventry
Crosspointe,Week2,Dominion Hills,Week3,248.0 Crosspointe - 154.0 Dominion Hills
Daventry,Week1,Hunter Mill,Week4,325.0 Hunter Mill - 77.0 Daventry
Daventry,Week1,Hunt Valley,Week2,339.0 Hunt Valley - 63.0 Daventry
Crosspointe,Week2,Dominion Hills,Week4,213.0 Crosspointe - 189.0 Dominion Hills
Daventry,Week3,Little Rocky Run,Week5,358.0 Little Rocky Run - 44.0 Daventry
Crosspointe,Week1,Rolling Hills,Week4,305.0 Crosspointe - 97.0 Rolling Hills
Daventry,Week4,Holmes Run Acres,Week4,314.0 Holmes Run Acres - 88.0 Daventry
Daventry,Week3,Long Branch,Week5,276.0 Long Branch - 124.0 Daventry
Crosspointe,Week4,Hiddenbrook,Week2,328.0 Crosspointe - 73.0 Hiddenbrook
Daventry,Week1,Hunter Mill,Week1,335.0 Hunter Mill - 67.0 Daventry
Crosspointe,Week4,Rolling Hills,Week1,297.0 Crosspointe - 105.0 Rolling Hills
Crosspointe,Week2,Rolling Hills,Week1,277.0 Crosspointe - 125.0 Rolling Hills
Crosspointe,Week1,Dominion Hills,Week4,236.5 Crosspointe - 165.5 Dominion Hills
Daventry,Week5,Holmes Run Acres,Week5,316.0 Holmes Run Acres - 86.0 Daventry
Crosspointe,Week5,Rolling Hills,Week1,320.0 Crosspointe - 82.0 Rolling Hills
Daventry,Week2,Hunt Valley,Week2,345.0 Hunt Valley - 57.0 Daventry
Daventry,Week5,Holmes Run Acres,Week1,270.0 Holmes Run Acres - 131.0 Daventry
Crosspointe,Week5,Rolling Hills,Week2,311.0 Crosspointe - 91.0 Rolling Hills
Crosspointe,Week2,Rolling Hills,Week4,278.0 Crosspointe - 124.0 Rolling Hills
Crosspointe,Week2,Hiddenbrook,Week3,281.0 Crosspointe - 121.0 Hiddenbrook
Crosspointe,Week2,Rolling Hills,Week5,289.0 Crosspointe - 113.0 Rolling Hills
Daventry,Week4,Hunt Valley,Week4,350.0 Hunt Valley - 52.0 Daventry
Daventry,Week2,Hunt Valley,Week1,353.0 Hunt Valley - 49.0 Daventry
Daventry,Week5,Little Rocky Run,Week3,344.0 Little Rocky Run - 58.0 Daventry
Country Club Hills,Week4,Sleepy Hollow Rec,Week5,239.0 Country Club Hills - 163.0 Sleepy Hollow Rec
Daventry,Week3,Hunt Valley,Week1,343.0 Hunt Valley - 59.0 Daventry
Daventry,Week5,Little Rocky Run,Week5,350.0 Little Rocky Run - 47.0 Daventry
Crosspointe,Week1,Rolling Hills,Week5,299.0 Crosspointe - 103.0 Rolling Hills
Daventry,Week5,Little Rocky Run,Week4,334.0 Little Rocky Run - 68.0 Daventry
Crosspointe,Week5,Rolling Hills,Week5,306.5 Crosspointe - 95.5 Rolling Hills
Country Club Hills,Week5,Sleepy Hollow Rec,Week2,270.0 Country Club Hills - 132.0 Sleepy Hollow Rec
Daventry,Week2,Long Branch,Week1,259.0 Long Branch - 139.0 Daventry
Daventry,Week5,Hunt Valley,Week3,343.0 Hunt Valley - 59.0 Daventry
Daventry,Week3,Hunt Valley,Week4,345.0 Hunt Valley - 57.0 Daventry
Country Club Hills,Week5,Riverside Gardens,Week1,260.0 Riverside Gardens - 142.0 Country Club Hills
Crosspointe,Week5,Rolling Hills,Week4,311.0 Crosspointe - 90.0 Rolling Hills
Daventry,Week4,Hunt Valley,Week1,346.0 Hunt Valley - 56.0 Daventry
Daventry,Week4,Long Branch,Week2,271.0 Long Branch - 130.0 Daventry
Daventry,Week1,Long Branch,Week3,262.0 Long Branch - 139.0 Daventry
Daventry,Week4,Hunt Valley,Week2,349.0 Hunt Valley - 53.0 Daventry
Crosspointe,Week3,Rolling Hills,Week2,285.0 Crosspointe - 112.0 Rolling Hills
Daventry,Week4,Little Rocky Run,Week2,359.0 Little Rocky Run - 43.0 Daventry
Crosspointe,Week1,Rolling Hills,Week2,303.0 Crosspointe - 99.0 Rolling Hills
Crosspointe,Week5,Rolling Forest,Week4,290.0 Crosspointe - 112.0 Rolling Forest
Crosspointe,Week1,Rolling Valley,Week1,357.0 Crosspointe - 45.0 Rolling Valley
Crosspointe,Week4,Rolling Valley,Week4,331.0 Crosspointe - 71.0 Rolling Valley
Daventry,Week2,Hunt Valley,Week3,354.0 Hunt Valley - 48.0 Daventry
Daventry,Week5,Long Branch,Week1,239.0 Long Branch - 157.0 Daventry
Daventry,Week4,Long Branch,Week3,245.0 Long Branch - 156.0 Daventry
Daventry,Week3,Long Branch,Week2,260.0 Long Branch - 141.0 Daventry
Daventry,Week3,Hunt Valley,Week3,358.0 Hunt Valley - 44.0 Daventry
Crosspointe,Week5,Rolling Valley,Week3,346.0 Crosspointe - 56.0 Rolling Valley
Daventry,Week1,Hunt Valley,Week1,331.0 Hunt Valley - 71.0 Daventry
Daventry,Week4,Long Branch,Week4,276.0 Long Branch - 126.0 Daventry
Country Club Hills,Week5,Somerset-Olde Creek,Week4,316.5 Country Club Hills - 85.5 Somerset-Olde Creek
Country Club Hills,Week5,Sleepy Hollow Rec,Week5,253.0 Country Club Hills - 149.0 Sleepy Hollow Rec
Crosspointe,Week4,Rolling Hills,Week4,284.0 Crosspointe - 118.0 Rolling Hills
Daventry,Week5,Long Branch,Week2,252.0 Long Branch - 149.0 Daventry
Crosspointe,Week1,Rutherford,Week3,324.0 Crosspointe - 78.0 Rutherford
Country Club Hills,Week5,Sleepy Hollow Rec,Week1,272.0 Country Club Hills - 130.0 Sleepy Hollow Rec
Country Club Hills,Week4,Somerset-Olde Creek,Week2,306.0 Country Club Hills - 91.0 Somerset-Olde Creek
Daventry,Week5,Hunt Valley,Week5,349.0 Hunt Valley - 53.0 Daventry
Daventry,Week4,Hunt Valley,Week3,357.0 Hunt Valley - 45.0 Daventry
Daventry,Week1,Hunt Valley,Week3,349.0 Hunt Valley - 53.0 Daventry
Country Club Hills,Week2,Somerset-Olde Creek,Week1,298.0 Country Club Hills - 103.0 Somerset-Olde Creek
Daventry,Week5,Hunt Valley,Week4,334.0 Hunt Valley - 68.0 Daventry
Crosspointe,Week1,Rutherford,Week5,311.0 Crosspointe - 91.0 Rutherford
Daventry,Week4,Long Branch,Week5,275.0 Long Branch - 126.0 Daventry
Daventry,Week5,Long Branch,Week3,232.5 Long Branch - 168.5 Daventry
Country Club Hills,Week3,Somerset-Olde Creek,Week5,275.0 Country Club Hills - 126.0 Somerset-Olde Creek
Crosspointe,Week1,Rutherford,Week1,332.0 Crosspointe - 70.0 Rutherford
Country Club Hills,Week5,Somerset-Olde Creek,Week2,320.0 Country Club Hills - 82.0 Somerset-Olde Creek
Crosspointe,Week4,Rolling Valley,Week2,337.0 Crosspointe - 65.0 Rolling Valley
Country Club Hills,Week2,Somerset-Olde Creek,Week5,281.0 Country Club Hills - 121.0 Somerset-Olde Creek
Daventry,Week3,Mansion House,Week1,321.0 Mansion House - 81.0 Daventry
Crosspointe,Week3,Rolling Valley,Week1,363.0 Crosspointe - 39.0 Rolling Valley
Country Club Hills,Week1,Somerset-Olde Creek,Week5,287.0 Country Club Hills - 115.0 Somerset-Olde Creek
Crosspointe,Week2,Rolling Valley,Week1,346.0 Crosspointe - 56.0 Rolling Valley
Country Club Hills,Week3,Somerset-Olde Creek,Week4,295.0 Country Club Hills - 107.0 Somerset-Olde Creek
Crosspointe,Week4,Rolling Valley,Week1,360.0 Crosspointe - 42.0 Rolling Valley
Daventry,Week2,Mansion House,Week5,327.0 Mansion House - 75.0 Daventry
Crosspointe,Week2,Rolling Valley,Week2,334.0 Crosspointe - 68.0 Rolling Valley
Daventry,Week2,Hunt Valley,Week4,346.0 Hunt Valley - 56.0 Daventry
Daventry,Week1,Hunt Valley,Week5,362.0 Hunt Valley - 40.0 Daventry
Crosspointe,Week3,Rolling Valley,Week3,328.0 Crosspointe - 74.0 Rolling Valley
Daventry,Week4,Mansion House,Week5,335.0 Mansion House - 67.0 Daventry
Daventry,Week1,Ilda Community,Week5,222.0 Ilda Community - 180.0 Daventry
Country Club Hills,Week4,Sleepy Hollow Rec,Week4,279.0 Country Club Hills - 123.0 Sleepy Hollow Rec
Country Club Hills,Week5,Sleepy Hollow Rec,Week4,284.0 Country Club Hills - 118.0 Sleepy Hollow Rec
Daventry,Week4,Hunt Valley,Week5,375.0 Hunt Valley - 27.0 Daventry
Daventry,Week5,Hunt Valley,Week1,317.0 Hunt Valley - 80.0 Daventry
Crosspointe,Week5,Rolling Valley,Week2,344.0 Crosspointe - 58.0 Rolling Valley
Daventry,Week4,Long Branch,Week1,257.0 Long Branch - 144.0 Daventry
Crosspointe,Week1,Rolling Valley,Week4,335.0 Crosspointe - 67.0 Rolling Valley
Country Club Hills,Week1,Somerset-Olde Creek,Week3,310.0 Country Club Hills - 87.0 Somerset-Olde Creek
Daventry,Week5,Mansion House,Week4,274.0 Mansion House - 123.0 Daventry
Crosspointe,Week4,Rolling Valley,Week5,318.0 Crosspointe - 84.0 Rolling Valley
Daventry,Week1,Mantua,Week2,318.0 Mantua - 84.0 Daventry
Daventry,Week2,Mansion House,Week3,321.0 Mansion House - 80.0 Daventry
Country Club Hills,Week2,Somerset-Olde Creek,Week2,308.0 Country Club Hills - 94.0 Somerset-Olde Creek
Daventry,Week3,Mansion House,Week4,303.0 Mansion House - 99.0 Daventry
Daventry,Week1,Hunt Valley,Week4,348.0 Hunt Valley - 54.0 Daventry
Daventry,Week1,Mansion House,Week4,311.0 Mansion House - 90.0 Daventry
Daventry,Week4,Mansion House,Week4,305.0 Mansion House - 97.0 Daventry
Daventry,Week3,Mansion House,Week3,311.0 Mansion House - 91.0 Daventry
Daventry,Week2,Mansion House,Week2,307.0 Mansion House - 91.0 Daventry
Country Club Hills,Week4,Somerset-Olde Creek,Week3,300.0 Country Club Hills - 97.0 Somerset-Olde Creek
Crosspointe,Week1,Rolling Valley,Week2,340.0 Crosspointe - 62.0 Rolling Valley
Crosspointe,Week2,Rolling Valley,Week3,328.0 Crosspointe - 74.0 Rolling Valley
Daventry,Week5,Hunt Valley,Week2,331.0 Hunt Valley - 71.0 Daventry
Daventry,Week3,Hunt Valley,Week5,364.0 Hunt Valley - 38.0 Daventry
Crosspointe,Week1,Rolling Valley,Week3,329.5 Crosspointe - 72.5 Rolling Valley
Daventry,Week1,Hunter Mill,Week3,336.0 Hunter Mill - 66.0 Daventry
Crosspointe,Week2,Rolling Valley,Week4,328.0 Crosspointe - 74.0 Rolling Valley
Daventry,Week1,Hunter Mill,Week2,313.0 Hunter Mill - 89.0 Daventry
Country Club Hills,Week3,Somerset-Olde Creek,Week1,304.0 Country Club Hills - 97.0 Somerset-Olde Creek
Country Club Hills,Week1,Somerset-Olde Creek,Week2,317.0 Country Club Hills - 85.0 Somerset-Olde Creek
Country Club Hills,Week2,Somerset-Olde Creek,Week3,303.0 Country Club Hills - 99.0 Somerset-Olde Creek
Daventry,Week4,Hunter Mill,Week1,332.0 Hunter Mill - 70.0 Daventry
Daventry,Week1,Ilda Community,Week2,239.0 Ilda Community - 163.0 Daventry
Country Club Hills,Week1,Somerset-Olde Creek,Week1,306.0 Country Club Hills - 96.0 Somerset-Olde Creek
Country Club Hills,Week4,Somerset-Olde Creek,Week1,298.0 Country Club Hills - 104.0 Somerset-Olde Creek
Crosspointe,Week3,Rolling Valley,Week4,332.0 Crosspointe - 70.0 Rolling Valley
Country Club Hills,Week1,Somerset-Olde Creek,Week4,303.0 Country Club Hills - 99.0 Somerset-Olde Creek
Country Club Hills,Week3,Somerset-Olde Creek,Week2,310.0 Country Club Hills - 92.0 Somerset-Olde Creek
Crosspointe,Week5,Rolling Valley,Week1,364.0 Crosspointe - 38.0 Rolling Valley
Country Club Hills,Week4,Somerset-Olde Creek,Week4,306.0 Country Club Hills - 96.0 Somerset-Olde Creek
Country Club Hills,Week4,Somerset-Olde Creek,Week5,286.0 Country Club Hills - 116.0 Somerset-Olde Creek
Daventry,Week5,Long Branch,Week5,259.0 Long Branch - 142.0 Daventry
Daventry,Week3,Hunter Mill,Week1,325.0 Hunter Mill - 77.0 Daventry
Daventry,Week5,Hunter Mill,Week1,305.0 Hunter Mill - 92.0 Daventry
Country Club Hills,Week5,Sleepy Hollow Rec,Week3,249.0 Country Club Hills - 153.0 Sleepy Hollow Rec
Daventry,Week3,Mansion House,Week2,310.0 Mansion House - 91.0 Daventry
Crosspointe,Week4,Rolling Valley,Week3,328.0 Crosspointe - 74.0 Rolling Valley
Crosspointe,Week3,Rolling Valley,Week2,337.0 Crosspointe - 60.0 Rolling Valley
Daventry,Week1,Mansion House,Week2,305.5 Mansion House - 96.5 Daventry
Daventry,Week4,Hunter Mill,Week4,340.0 Hunter Mill - 62.0 Daventry
Daventry,Week5,Hunter Mill,Week3,313.0 Hunter Mill - 88.0 Daventry
Crosspointe,Week1,Rolling Valley,Week5,334.0 Crosspointe - 68.0 Rolling Valley
Daventry,Week2,Mansion House,Week4,298.5 Mansion House - 102.5 Daventry
Daventry,Week1,Mansion House,Week5,323.0 Mansion House - 79.0 Daventry
Daventry,Week2,Ilda Community,Week2,225.0 Ilda Community - 176.0 Daventry
Daventry,Week5,Long Branch,Week4,250.0 Long Branch - 152.0 Daventry
Crosspointe,Week2,Rolling Valley,Week5,317.0 Crosspointe - 85.0 Rolling Valley
Daventry,Week2,Hunter Mill,Week2,320.5 Hunter Mill - 81.5 Daventry
Daventry,Week3,Hunter Mill,Week3,325.0 Hunter Mill - 77.0 Daventry
Daventry,Week5,Hunter Mill,Week5,318.0 Hunter Mill - 84.0 Daventry
Country Club Hills,Week1,South Run,Week4,210.0 South Run - 187.0 Country Club Hills
Crosspointe,Week5,Rolling Valley,Week4,341.0 Crosspointe - 61.0 Rolling Valley
Daventry,Week4,Mansion House,Week2,315.0 Mansion House - 86.0 Daventry
Country Club Hills,Week3,Somerset-Olde Creek,Week3,309.0 Country Club Hills - 92.0 Somerset-Olde Creek
Crosspointe,Week3,Rolling Valley,Week5,325.0 Crosspointe - 77.0 Rolling Valley
Daventry,Week5,Hunter Mill,Week4,304.0 Hunter Mill - 98.0 Daventry
Daventry,Week1,Ilda Community,Week3,223.0 Ilda Community - 179.0 Daventry
Country Club Hills,Week2,Somerset-Olde Creek,Week4,304.0 Country Club Hills - 98.0 Somerset-Olde Creek
Daventry,Week5,Hunter Mill,Week2,294.0 Hunter Mill - 108.0 Daventry
Crosspointe,Week1,Rutherford,Week2,323.0 Crosspointe - 79.0 Rutherford
Crosspointe,Week5,Rolling Valley,Week5,344.0 Crosspointe - 58.0 Rolling Valley
Crosspointe,Week2,Shouse Village,Week1,246.0 Crosspointe - 156.0 Shouse Village
Country Club Hills,Week5,Somerset-Olde Creek,Week1,320.0 Country Club Hills - 81.0 Somerset-Olde Creek
Daventry,Week2,Hunter Mill,Week5,330.0 Hunter Mill - 72.0 Daventry
Country Club Hills,Week1,South Run,Week2,203.0 South Run - 199.0 Country Club Hills
Country Club Hills,Week5,Somerset-Olde Creek,Week3,318.0 Country Club Hills - 84.0 Somerset-Olde Creek
Daventry,Week2,Hunter Mill,Week3,334.0 Hunter Mill - 68.0 Daventry
Daventry,Week1,Mansion House,Week1,314.0 Mansion House - 88.0 Daventry
Daventry,Week4,Mansion House,Week3,328.0 Mansion House - 74.0 Daventry
Daventry,Week3,Mansion House,Week5,328.0 Mansion House - 74.0 Daventry
Crosspointe,Week4,Rutherford,Week3,317.0 Crosspointe - 85.0 Rutherford
Daventry,Week5,Mansion House,Week2,285.0 Mansion House - 106.0 Daventry
Crosspointe,Week1,Rutherford,Week4,314.0 Crosspointe - 88.0 Rutherford
Country Club Hills,Week1,South Run,Week3,208.0 South Run - 194.0 Country Club Hills
Daventry,Week1,Mansion House,Week3,323.0 Mansion House - 79.0 Daventry
Daventry,Week4,Mansion House,Week1,327.0 Mansion House - 75.0 Daventry
Crosspointe,Week3,Rutherford,Week3,312.0 Crosspointe - 90.0 Rutherford
Country Club Hills,Week3,South Run,Week1,210.0 South Run - 183.0 Country Club Hills
Daventry,Week1,McLean,Week3,339.0 McLean - 62.0 Daventry
Country Club Hills,Week1,South Run,Week1,212.0 South Run - 181.0 Country Club Hills
Country Club Hills,Week3,South Run,Week4,208.0 South Run - 194.0 Country Club Hills
Daventry,Week1,Mantua,Week1,319.0 Mantua - 81.0 Daventry
Daventry,Week3,Hunter Mill,Week5,327.0 Hunter Mill - 75.0 Daventry
Daventry,Week2,Hunter Mill,Week4,330.0 Hunter Mill - 72.0 Daventry
Daventry,Week5,Mansion House,Week1,300.0 Mansion House - 97.0 Daventry
Crosspointe,Week4,Rutherford,Week1,324.0 Crosspointe - 78.0 Rutherford
Daventry,Week2,Mansion House,Week1,317.0 Mansion House - 84.0 Daventry
Daventry,Week4,Hunter Mill,Week3,338.0 Hunter Mill - 64.0 Daventry
Country Club Hills,Week2,South Run,Week3,207.0 South Run - 195.0 Country Club Hills
Daventry,Week2,Hunter Mill,Week1,325.0 Hunter Mill - 77.0 Daventry
Daventry,Week1,Hunter Mill,Week5,340.0 Hunter Mill - 62.0 Daventry
Crosspointe,Week1,Shouse Village,Week4,238.0 Crosspointe - 164.0 Shouse Village
Crosspointe,Week2,Rutherford,Week3,316.0 Crosspointe - 86.0 Rutherford
Crosspointe,Week2,Shouse Village,Week4,222.0 Crosspointe - 180.0 Shouse Village
Daventry,Week3,Mantua,Week3,355.0 Mantua - 47.0 Daventry
Country Club Hills,Week1,South Run,Week5,230.0 South Run - 172.0 Country Club Hills
Daventry,Week2,McLean,Week2,354.0 McLean - 47.0 Daventry
Crosspointe,Week4,Rutherford,Week2,315.0 Crosspointe - 87.0 Rutherford
Country Club Hills,Week3,South Run,Week2,204.0 Country Club Hills - 198.0 South Run
Country Club Hills,Week2,South Run,Week2,203.0 South Run - 199.0 Country Club Hills
Daventry,Week1,Ilda Community,Week1,233.0 Ilda Community - 169.0 Daventry
Country Club Hills,Week2,South Run,Week5,233.0 South Run - 169.0 Country Club Hills
Country Club Hills,Week4,South Run,Week1,216.0 South Run - 172.0 Country Club Hills
Crosspointe,Week3,Rutherford,Week2,308.0 Crosspointe - 94.0 Rutherford
Crosspointe,Week5,Rutherford,Week2,334.0 Crosspointe - 68.0 Rutherford
Daventry,Week3,Hunter Mill,Week2,308.0 Hunter Mill - 93.0 Daventry
Crosspointe,Week1,Fox Mill Estates,Week2,288.0 Crosspointe - 114.0 Fox Mill Estates
Daventry,Week4,Hunter Mill,Week5,343.0 Hunter Mill - 59.0 Daventry
Daventry,Week4,Hunter Mill,Week2,325.0 Hunter Mill - 76.0 Daventry
Daventry,Week3,Hunter Mill,Week4,326.0 Hunter Mill - 76.0 Daventry
Country Club Hills,Week3,South Run,Week5,235.0 South Run - 167.0 Country Club Hills
Crosspointe,Week5,Rutherford,Week5,335.0 Crosspointe - 67.0 Rutherford
Crosspointe,Week4,Rutherford,Week5,308.0 Crosspointe - 94.0 Rutherford
Country Club Hills,Week3,South Run,Week3,207.0 South Run - 195.0 Country Club Hills
Crosspointe,Week3,Fox Hunt,Week1,266.0 Crosspointe - 136.0 Fox Hunt
Daventry,Week1,Mantua,Week4,336.0 Mantua - 66.0 Daventry
Country Club Hills,Week5,Somerset-Olde Creek,Week5,302.0 Country Club Hills - 100.0 Somerset-Olde Creek
Daventry,Week2,Mantua,Week2,322.0 Mantua - 78.0 Daventry
Daventry,Week2,Mantua,Week4,339.0 Mantua - 63.0 Daventry
Daventry,Week5,Mansion House,Week3,302.5 Mansion House - 99.5 Daventry
Daventry,Week5,Mansion House,Week5,305.0 Mansion House - 97.0 Daventry
Crosspointe,Week5,Rutherford,Week3,324.0 Crosspointe - 78.0 Rutherford
Daventry,Week4,Mantua,Week1,331.0 Mantua - 70.0 Daventry
Daventry,Week1,Ilda Community,Week4,238.0 Ilda Community - 164.0 Daventry
Daventry,Week2,Ilda Community,Week3,213.0 Ilda Community - 188.0 Daventry
Crosspointe,Week5,Rutherford,Week4,330.0 Crosspointe - 72.0 Rutherford
Country Club Hills,Week4,South Run,Week5,242.0 South Run - 160.0 Country Club Hills
Country Club Hills,Week4,South Run,Week3,214.0 South Run - 188.0 Country Club Hills
Daventry,Week2,Mantua,Week3,359.0 Mantua - 42.0 Daventry
Daventry,Week5,Mantua,Week1,306.0 Mantua - 90.0 Daventry
Crosspointe,Week4,Rutherford,Week4,314.0 Crosspointe - 88.0 Rutherford
Daventry,Week3,Ilda Community,Week1,235.0 Ilda Community - 160.0 Daventry
Crosspointe,Week2,Rutherford,Week1,326.0 Crosspointe - 76.0 Rutherford
Daventry,Week3,Mantua,Week1,324.0 Mantua - 76.0 Daventry
Daventry,Week2,Ilda Community,Week1,239.0 Ilda Community - 162.0 Daventry
Daventry,Week1,Mantua,Week3,355.0 Mantua - 47.0 Daventry
Daventry,Week2,Ilda Community,Week4,241.0 Ilda Community - 160.0 Daventry
Crosspointe,Week3,Rutherford,Week4,302.0 Crosspointe - 100.0 Rutherford
Daventry,Week2,Ilda Community,Week5,225.0 Ilda Community - 173.0 Daventry
Country Club Hills,Week2,South Run,Week1,215.5 South Run - 177.5 Country Club Hills
Crosspointe,Week1,Shouse Village,Week5,225.0 Crosspointe - 177.0 Shouse Village
Country Club Hills,Week4,South Run,Week2,201.0 South Run - 196.0 Country Club Hills
Country Club Hills,Week2,South Run,Week4,209.0 South Run - 193.0 Country Club Hills
Crosspointe,Week3,Fox Hunt,Week3,245.0 Crosspointe - 152.0 Fox Hunt
Crosspointe,Week2,Fox Hunt,Week5,238.0 Crosspointe - 164.0 Fox Hunt
Crosspointe,Week2,Fox Mill Estates,Week2,270.0 Crosspointe - 132.0 Fox Mill Estates
Crosspointe,Week1,Fox Hunt,Week4,281.0 Crosspointe - 121.0 Fox Hunt
Daventry,Week4,Mantua,Week5,358.0 Mantua - 44.0 Daventry
Country Club Hills,Week5,South Run,Week1,209.0 Country Club Hills - 184.0 South Run
Daventry,Week3,Kent Gardens,Week5,306.0 Kent Gardens - 96.0 Daventry
Country Club Hills,Week4,South Run,Week4,210.0 South Run - 192.0 Country Club Hills
Daventry,Week5,Mantua,Week2,304.0 Mantua - 98.0 Daventry
Daventry,Week1,McLean,Week1,341.0 McLean - 56.0 Daventry
Crosspointe,Week1,Shouse Village,Week2,280.5 Crosspointe - 121.5 Shouse Village
Daventry,Week2,Mantua,Week5,357.0 Mantua - 44.0 Daventry
Crosspointe,Week4,Fox Hunt,Week1,268.0 Crosspointe - 134.0 Fox Hunt
Crosspointe,Week1,Shouse Village,Week1,256.0 Crosspointe - 146.0 Shouse Village
Crosspointe,Week3,Rutherford,Week5,309.0 Crosspointe - 88.0 Rutherford
Daventry,Week4,Mantua,Week4,344.0 Mantua - 58.0 Daventry
Crosspointe,Week2,Fox Mill Estates,Week4,257.0 Crosspointe - 145.0 Fox Mill Estates
Daventry,Week3,Ilda Community,Week4,257.0 Ilda Community - 145.0 Daventry
Daventry,Week1,Mantua,Week5,365.0 Mantua - 37.0 Daventry
Crosspointe,Week3,Fox Mill Estates,Week1,300.0 Crosspointe - 97.0 Fox Mill Estates
Crosspointe,Week4,Fox Hunt,Week2,267.0 Crosspointe - 135.0 Fox Hunt
Daventry,Week5,Ilda Community,Week1,202.0 Daventry - 200.0 Ilda Community
Crosspointe,Week2,Fox Hunt,Week4,252.0 Crosspointe - 150.0 Fox Hunt
Daventry,Week3,Ilda Community,Week3,247.0 Ilda Community - 154.0 Daventry
Daventry,Week1,Kent Gardens,Week3,286.0 Kent Gardens - 116.0 Daventry
Crosspointe,Week2,Rutherford,Week2,310.0 Crosspointe - 92.0 Rutherford
Crosspointe,Week2,Rutherford,Week5,301.0 Crosspointe - 101.0 Rutherford
Crosspointe,Week5,Fox Hunt,Week4,291.0 Crosspointe - 111.0 Fox Hunt
Daventry,Week3,Ilda Community,Week2,255.0 Ilda Community - 147.0 Daventry
Crosspointe,Week3,Fox Mill Estates,Week2,280.0 Crosspointe - 122.0 Fox Mill Estates
Daventry,Week1,McLean,Week4,341.0 McLean - 61.0 Daventry
Crosspointe,Week3,Rutherford,Week1,327.0 Crosspointe - 70.0 Rutherford
Crosspointe,Week2,Rutherford,Week4,305.0 Crosspointe - 97.0 Rutherford
Daventry,Week4,Ilda Community,Week3,234.0 Ilda Community - 168.0 Daventry
Daventry,Week3,Ilda Community,Week5,247.0 Ilda Community - 153.0 Daventry
Crosspointe,Week3,Fox Hunt,Week5,230.0 Crosspointe - 172.0 Fox Hunt
Crosspointe,Week2,Shouse Village,Week2,274.0 Crosspointe - 128.0 Shouse Village
Daventry,Week2,Mantua,Week1,325.0 Mantua - 74.0 Daventry
Daventry,Week4,Ilda Community,Week4,258.0 Ilda Community - 144.0 Daventry
Daventry,Week4,Mantua,Week2,329.0 Mantua - 73.0 Daventry
Crosspointe,Week3,Shouse Village,Week3,246.5 Crosspointe - 155.5 Shouse Village
Daventry,Week4,Kent Gardens,Week5,328.0 Kent Gardens - 74.0 Daventry
Crosspointe,Week5,Rutherford,Week1,348.0 Crosspointe - 54.0 Rutherford
Daventry,Week4,Ilda Community,Week1,233.0 Ilda Community - 169.0 Daventry
Daventry,Week1,McLean,Week2,342.0 McLean - 60.0 Daventry
Daventry,Week4,Mantua,Week3,361.0 Mantua - 41.0 Daventry
Daventry,Week5,Ilda Community,Week5,202.0 Daventry - 199.0 Ilda Community
Crosspointe,Week3,Fox Hunt,Week2,262.0 Crosspointe - 140.0 Fox Hunt
Daventry,Week1,McLean,Week5,349.0 McLean - 53.0 Daventry
Daventry,Week5,Mantua,Week3,339.0 Mantua - 63.0 Daventry
Daventry,Week3,Mantua,Week2,320.0 Mantua - 81.0 Daventry
Daventry,Week5,Ilda Community,Week2,205.0 Ilda Community - 197.0 Daventry
Crosspointe,Week1,Fox Hunt,Week5,258.0 Crosspointe - 144.0 Fox Hunt
Crosspointe,Week2,Fox Hunt,Week2,259.0 Crosspointe - 143.0 Fox Hunt
Crosspointe,Week3,Sideburn Run,Week1,236.0 Crosspointe - 166.0 Sideburn Run
Daventry,Week2,McLean,Week1,337.0 McLean - 65.0 Daventry
Crosspointe,Week3,Fox Hunt,Week4,241.0 Crosspointe - 161.0 Fox Hunt
Crosspointe,Week2,Fox Hunt,Week1,261.0 Crosspointe - 141.0 Fox Hunt
Crosspointe,Week2,Fox Hunt,Week3,250.0 Crosspointe - 152.0 Fox Hunt
Crosspointe,Week2,Shouse Village,Week5,217.0 Crosspointe - 185.0 Shouse Village
Crosspointe,Week3,Shouse Village,Week1,261.0 Crosspointe - 141.0 Shouse Village
Crosspointe,Week5,Fox Hunt,Week3,277.0 Crosspointe - 125.0 Fox Hunt
Crosspointe,Week4,Fox Hunt,Week3,258.0 Crosspointe - 144.0 Fox Hunt
Daventry,Week5,Ilda Community,Week4,222.0 Ilda Community - 180.0 Daventry
Country Club Hills,Week5,Wakefield Chapel,Week4,296.0 Wakefield Chapel - 106.0 Country Club Hills
Daventry,Week3,Kent Gardens,Week4,292.0 Kent Gardens - 110.0 Daventry
Crosspointe,Week4,Fox Hunt,Week5,225.0 Crosspointe - 177.0 Fox Hunt
Daventry,Week4,Kent Gardens,Week2,297.5 Kent Gardens - 104.5 Daventry
Daventry,Week1,Kent Gardens,Week1,294.0 Kent Gardens - 108.0 Daventry
Daventry,Week4,Ilda Community,Week2,256.0 Ilda Community - 146.0 Daventry
Country Club Hills,Week5,Wakefield Chapel,Week2,309.0 Wakefield Chapel - 93.0 Country Club Hills
Crosspointe,Week1,Shouse Village,Week3,248.0 Crosspointe - 154.0 Shouse Village
Daventry,Week5,Mantua,Week5,343.0 Mantua - 59.0 Daventry
Crosspointe,Week3,Shouse Village,Week4,234.0 Crosspointe - 168.0 Shouse Village
Crosspointe,Week4,Fox Hunt,Week4,251.0 Crosspointe - 151.0 Fox Hunt
Crosspointe,Week3,Shouse Village,Week5,234.0 Crosspointe - 168.0 Shouse Village
Crosspointe,Week2,Shouse Village,Week3,241.0 Crosspointe - 161.0 Shouse Village
Daventry,Week3,Mantua,Week5,349.0 Mantua - 53.0 Daventry
Daventry,Week5,Mantua,Week4,320.0 Mantua - 82.0 Daventry
Crosspointe,Week3,Shouse Village,Week2,283.0 Crosspointe - 119.0 Shouse Village
Daventry,Week3,Mantua,Week4,333.0 Mantua - 69.0 Daventry
Daventry,Week5,Ilda Community,Week3,199.0 Daventry - 197.0 Ilda Community
Daventry,Week2,McLean,Week4,336.0 McLean - 66.0 Daventry
Crosspointe,Week3,Sideburn Run,Week3,248.0 Crosspointe - 154.0 Sideburn Run
Crosspointe,Week5,Shouse Village,Week2,290.0 Crosspointe - 112.0 Shouse Village
Country Club Hills,Week5,Virginia Run,Week3,239.0 Virginia Run - 163.0 Country Club Hills
Country Club Hills,Week1,Walden Glen,Week2,232.0 Country Club Hills - 170.0 Walden Glen
Crosspointe,Week1,Sideburn Run,Week2,249.0 Crosspointe - 153.0 Sideburn Run
Daventry,Week2,McLean,Week5,345.0 McLean - 57.0 Daventry
Daventry,Week3,Kent Gardens,Week2,289.0 Kent Gardens - 112.0 Daventry
Country Club Hills,Week3,Wakefield Chapel,Week1,340.0 Wakefield Chapel - 62.0 Country Club Hills
Daventry,Week2,Kent Gardens,Week2,288.0 Kent Gardens - 113.0 Daventry
Crosspointe,Week2,Sideburn Run,Week3,231.0 Crosspointe - 171.0 Sideburn Run
Crosspointe,Week5,Fox Hunt,Week2,291.0 Crosspointe - 111.0 Fox Hunt
Daventry,Week2,Kent Gardens,Week5,317.0 Kent Gardens - 85.0 Daventry
Crosspointe,Week5,Fox Hunt,Week5,263.0 Crosspointe - 139.0 Fox Hunt
Daventry,Week2,McLean,Week3,342.0 McLean - 59.0 Daventry
Crosspointe,Week5,Fox Hunt,Week1,293.0 Crosspointe - 109.0 Fox Hunt
Daventry,Week1,Kent Gardens,Week5,308.0 Kent Gardens - 94.0 Daventry
Country Club Hills,Week2,Wakefield Chapel,Week5,347.0 Wakefield Chapel - 55.0 Country Club Hills
Daventry,Week3,McLean,Week1,331.0 McLean - 71.0 Daventry
Crosspointe,Week1,Fox Mill Estates,Week3,291.0 Crosspointe - 111.0 Fox Mill Estates
Crosspointe,Week1,Fox Mill Estates,Week1,306.0 Crosspointe - 96.0 Fox Mill Estates
Country Club Hills,Week1,Wakefield Chapel,Week1,323.0 Wakefield Chapel - 79.0 Country Club Hills
Crosspointe,Week5,Shouse Village,Week5,242.0 Crosspointe - 160.0 Shouse Village
Daventry,Week4,Ilda Community,Week5,235.0 Ilda Community - 166.0 Daventry
Crosspointe,Week1,Sideburn Run,Week3,252.0 Crosspointe - 150.0 Sideburn Run
Daventry,Week3,McLean,Week3,341.0 McLean - 60.0 Daventry
Crosspointe,Week4,Shouse Village,Week2,273.0 Crosspointe - 129.0 Shouse Village
Country Club Hills,Week2,Wakefield Chapel,Week3,332.5 Wakefield Chapel - 69.5 Country Club Hills
Country Club Hills,Week3,Wakefield Chapel,Week2,323.0 Wakefield Chapel - 79.0 Country Club Hills
Daventry,Week1,Mosby Woods,Week2,331.0 Mosby Woods - 71.0 Daventry
Crosspointe,Week1,Fox Mill Estates,Week5,300.0 Crosspointe - 102.0 Fox Mill Estates
Country Club Hills,Week1,Wakefield Chapel,Week3,315.5 Wakefield Chapel - 86.5 Country Club Hills
Crosspointe,Week1,Fox Mill Estates,Week4,287.0 Crosspointe - 115.0 Fox Mill Estates
Crosspointe,Week1,Sideburn Run,Week4,261.0 Crosspointe - 141.0 Sideburn Run
Country Club Hills,Week4,Wakefield Chapel,Week4,308.0 Wakefield Chapel - 94.0 Country Club Hills
Crosspointe,Week2,Fox Mill Estates,Week1,299.0 Crosspointe - 103.0 Fox Mill Estates
Country Club Hills,Week3,Wakefield Chapel,Week5,338.0 Wakefield Chapel - 64.0 Country Club Hills
Daventry,Week2,Kent Gardens,Week4,283.0 Kent Gardens - 119.0 Daventry
Daventry,Week2,Kent Gardens,Week1,294.0 Kent Gardens - 107.0 Daventry
Daventry,Week3,McLean,Week2,344.0 McLean - 58.0 Daventry
Daventry,Week4,McLean,Week1,346.5 McLean - 55.5 Daventry
Daventry,Week1,Mosby Woods,Week4,327.0 Mosby Woods - 75.0 Daventry
Crosspointe,Week5,Fox Mill Estates,Week5,308.0 Crosspointe - 94.0 Fox Mill Estates
Crosspointe,Week4,Shouse Village,Week1,254.5 Crosspointe - 147.5 Shouse Village
Daventry,Week3,Kent Gardens,Week1,291.0 Kent Gardens - 110.0 Daventry
Daventry,Week2,Kent Gardens,Week3,286.0 Kent Gardens - 115.0 Daventry
Crosspointe,Week2,Fox Mill Estates,Week5,280.0 Crosspointe - 122.0 Fox Mill Estates
Crosspointe,Week2,Sideburn Run,Week1,233.0 Crosspointe - 169.0 Sideburn Run
Daventry,Week5,McLean,Week4,334.0 McLean - 67.0 Daventry
Crosspointe,Week2,Fox Mill Estates,Week3,278.0 Crosspointe - 124.0 Fox Mill Estates
Crosspointe,Week1,Sideburn Run,Week5,237.0 Crosspointe - 165.0 Sideburn Run
Crosspointe,Week1,Fox Mill Woods,Week1,212.0 Crosspointe - 190.0 Fox Mill Woods
Daventry,Week5,McLean,Week2,341.0 McLean - 61.0 Daventry
Country Club Hills,Week1,Wakefield Chapel,Week2,318.0 Wakefield Chapel - 84.0 Country Club Hills
Daventry,Week4,Mosby Woods,Week3,324.0 Mosby Woods - 78.0 Daventry
Daventry,Week1,Mount Vernon Park,Week2,335.0 Mount Vernon Park - 67.0 Daventry
Daventry,Week1,Kings Ridge ,Week5,249.0 Kings Ridge - 153.0 Daventry
Daventry,Week4,McLean,Week4,354.0 McLean - 48.0 Daventry
Crosspointe,Week3,Fox Mill Estates,Week5,290.5 Crosspointe - 111.5 Fox Mill Estates
Crosspointe,Week2,Sideburn Run,Week4,246.0 Crosspointe - 156.0 Sideburn Run
Daventry,Week4,McLean,Week3,354.0 McLean - 47.0 Daventry
Crosspointe,Week5,Shouse Village,Week1,279.0 Crosspointe - 123.0 Shouse Village
Daventry,Week4,Kent Gardens,Week1,305.0 Kent Gardens - 97.0 Daventry
Crosspointe,Week5,Fox Mill Estates,Week1,321.0 Crosspointe - 81.0 Fox Mill Estates
Crosspointe,Week4,Shouse Village,Week5,231.0 Crosspointe - 171.0 Shouse Village
Crosspointe,Week4,Fox Mill Woods,Week1,204.0 Fox Mill Woods - 198.0 Crosspointe
Country Club Hills,Week2,Wakefield Chapel,Week2,331.0 Wakefield Chapel - 71.0 Country Club Hills
Daventry,Week1,Kent Gardens,Week4,282.0 Kent Gardens - 120.0 Daventry
Country Club Hills,Week4,Wakefield Chapel,Week1,327.0 Wakefield Chapel - 75.0 Country Club Hills
Country Club Hills,Week2,Wakefield Chapel,Week1,331.0 Wakefield Chapel - 71.0 Country Club Hills
Crosspointe,Week2,Fox Mill Woods,Week1,212.0 Fox Mill Woods - 190.0 Crosspointe
Daventry,Week1,Kent Gardens,Week2,291.0 Kent Gardens - 111.0 Daventry
Crosspointe,Week2,Sideburn Run,Week2,251.0 Crosspointe - 151.0 Sideburn Run
Crosspointe,Week5,Shouse Village,Week4,248.0 Crosspointe - 154.0 Shouse Village
Crosspointe,Week3,Fox Mill Woods,Week3,215.0 Crosspointe - 187.0 Fox Mill Woods
Country Club Hills,Week5,Virginia Run,Week4,236.0 Virginia Run - 166.0 Country Club Hills
Country Club Hills,Week3,Wakefield Chapel,Week4,309.0 Wakefield Chapel - 93.0 Country Club Hills
Daventry,Week3,Kent Gardens,Week3,296.0 Kent Gardens - 105.0 Daventry
Daventry,Week4,Kent Gardens,Week3,285.0 Kent Gardens - 117.0 Daventry
Crosspointe,Week2,Sideburn Run,Week5,234.0 Crosspointe - 168.0 Sideburn Run
Country Club Hills,Week5,Virginia Run,Week5,253.0 Virginia Run - 149.0 Country Club Hills
Daventry,Week5,Mosby Woods,Week5,319.0 Mosby Woods - 83.0 Daventry
Crosspointe,Week1,Fox Mill Woods,Week3,219.0 Crosspointe - 183.0 Fox Mill Woods
Crosspointe,Week4,Shouse Village,Week4,230.0 Crosspointe - 172.0 Shouse Village
Daventry,Week2,Kings Ridge ,Week3,226.0 Kings Ridge - 176.0 Daventry
Crosspointe,Week2,Sleepy Hollow B & R,Week1,245.0 Crosspointe - 157.0 Sleepy Hollow B & R
Daventry,Week5,McLean,Week5,333.0 McLean - 69.0 Daventry
Crosspointe,Week3,Fox Mill Estates,Week3,287.0 Crosspointe - 115.0 Fox Mill Estates
Crosspointe,Week4,Fox Mill Estates,Week2,288.0 Crosspointe - 114.0 Fox Mill Estates
Daventry,Week1,Kings Ridge ,Week3,225.0 Kings Ridge - 177.0 Daventry
Daventry,Week5,McLean,Week1,327.0 McLean - 75.0 Daventry
Daventry,Week4,McLean,Week5,352.0 McLean - 50.0 Daventry
Crosspointe,Week5,Shouse Village,Week3,260.0 Crosspointe - 142.0 Shouse Village
Country Club Hills,Week1,Wakefield Chapel,Week4,310.0 Wakefield Chapel - 92.0 Country Club Hills
Daventry,Week4,Kent Gardens,Week4,298.0 Kent Gardens - 104.0 Daventry
Country Club Hills,Week2,Wakefield Chapel,Week4,313.0 Wakefield Chapel - 89.0 Country Club Hills
Daventry,Week5,Kent Gardens,Week1,266.0 Kent Gardens - 136.0 Daventry
Daventry,Week1,Mosby Woods,Week1,325.0 Mosby Woods - 77.0 Daventry
Country Club Hills,Week3,Wakefield Chapel,Week3,334.0 Wakefield Chapel - 68.0 Country Club Hills
Crosspointe,Week3,Sideburn Run,Week5,254.0 Crosspointe - 148.0 Sideburn Run
Crosspointe,Week1,Fox Mill Woods,Week5,213.0 Crosspointe - 189.0 Fox Mill Woods
Crosspointe,Week1,Fox Mill Woods,Week2,227.0 Crosspointe - 175.0 Fox Mill Woods
Daventry,Week3,McLean,Week5,340.0 McLean - 62.0 Daventry
Country Club Hills,Week5,Wakefield Chapel,Week1,320.0 Wakefield Chapel - 82.0 Country Club Hills
Daventry,Week2,Kings Ridge ,Week5,244.0 Kings Ridge - 158.0 Daventry
Country Club Hills,Week4,Wakefield Chapel,Week2,314.0 Wakefield Chapel - 88.0 Country Club Hills
Crosspointe,Week4,Fox Mill Woods,Week2,214.0 Crosspointe - 188.0 Fox Mill Woods
Daventry,Week3,McLean,Week4,338.0 McLean - 64.0 Daventry
Country Club Hills,Week4,Wakefield Chapel,Week5,337.0 Wakefield Chapel - 65.0 Country Club Hills
Daventry,Week2,Kings Ridge ,Week4,244.0 Kings Ridge - 158.0 Daventry
Country Club Hills,Week4,Wakefield Chapel,Week3,321.0 Wakefield Chapel - 81.0 Country Club Hills
Crosspointe,Week1,Sideburn Run,Week1,239.0 Crosspointe - 163.0 Sideburn Run
Daventry,Week1,Mosby Woods,Week5,331.0 Mosby Woods - 71.0 Daventry
Daventry,Week2,Kings Ridge ,Week2,203.5 Daventry - 198.5 Kings Ridge
Daventry,Week5,McLean,Week3,333.0 McLean - 63.0 Daventry
Daventry,Week5,Kent Gardens,Week2,261.0 Kent Gardens - 141.0 Daventry
Crosspointe,Week4,Fox Mill Estates,Week3,285.0 Crosspointe - 117.0 Fox Mill Estates
Country Club Hills,Week1,Wakefield Chapel,Week5,329.0 Wakefield Chapel - 73.0 Country Club Hills
Crosspointe,Week3,Sideburn Run,Week4,266.0 Crosspointe - 136.0 Sideburn Run
Crosspointe,Week4,Sideburn Run,Week4,256.0 Crosspointe - 146.0 Sideburn Run
Crosspointe,Week5,Fox Mill Estates,Week2,307.0 Crosspointe - 95.0 Fox Mill Estates
Crosspointe,Week4,Shouse Village,Week3,246.0 Crosspointe - 156.0 Shouse Village
Daventry,Week5,Kent Gardens,Week4,259.0 Kent Gardens - 143.0 Daventry
Daventry,Week3,Kings Ridge ,Week4,246.0 Kings Ridge - 156.0 Daventry
Daventry,Week1,Kings Ridge ,Week1,237.0 Kings Ridge - 165.0 Daventry
Crosspointe,Week5,Fox Mill Estates,Week4,292.0 Crosspointe - 110.0 Fox Mill Estates
Crosspointe,Week3,Sideburn Run,Week2,260.5 Crosspointe - 141.5 Sideburn Run
Crosspointe,Week3,Fox Mill Estates,Week4,282.0 Crosspointe - 120.0 Fox Mill Estates
Crosspointe,Week1,Fox Mill Woods,Week4,216.0 Crosspointe - 186.0 Fox Mill Woods
Crosspointe,Week4,Fox Mill Estates,Week5,285.0 Crosspointe - 117.0 Fox Mill Estates
Country Club Hills,Week5,Walden Glen,Week2,249.0 Country Club Hills - 152.0 Walden Glen
Daventry,Week3,Mosby Woods,Week3,324.0 Mosby Woods - 78.0 Daventry
Crosspointe,Week4,Sideburn Run,Week1,249.0 Crosspointe - 153.0 Sideburn Run
Country Club Hills,Week1,Waynewood,Week1,242.0 Waynewood - 160.0 Country Club Hills
Country Club Hills,Week5,Wakefield Chapel,Week5,328.0 Wakefield Chapel - 74.0 Country Club Hills
Crosspointe,Week5,Sideburn Run,Week1,260.0 Crosspointe - 142.0 Sideburn Run
Crosspointe,Week4,Sideburn Run,Week3,240.5 Crosspointe - 161.5 Sideburn Run
Crosspointe,Week2,Fox Mill Woods,Week4,202.0 Crosspointe - 200.0 Fox Mill Woods
Daventry,Week3,Kings Ridge ,Week1,227.0 Kings Ridge - 175.0 Daventry
Country Club Hills,Week5,Wakefield Chapel,Week3,322.0 Wakefield Chapel - 80.0 Country Club Hills
Daventry,Week3,Mosby Woods,Week4,318.0 Mosby Woods - 84.0 Daventry
Daventry,Week2,Mosby Woods,Week5,343.5 Mosby Woods - 58.5 Daventry
Daventry,Week3,Mosby Woods,Week2,335.0 Mosby Woods - 67.0 Daventry
Crosspointe,Week4,Sideburn Run,Week2,257.0 Crosspointe - 145.0 Sideburn Run
Daventry,Week4,Mosby Woods,Week1,334.5 Mosby Woods - 67.5 Daventry
Daventry,Week2,Mosby Woods,Week1,332.0 Mosby Woods - 70.0 Daventry
Daventry,Week3,Kings Ridge ,Week2,206.5 Kings Ridge - 193.5 Daventry
Daventry,Week2,Kings Ridge ,Week1,222.0 Kings Ridge - 179.0 Daventry
Country Club Hills,Week1,Walden Glen,Week1,244.0 Country Club Hills - 158.0 Walden Glen
Crosspointe,Week5,Fox Mill Estates,Week3,310.0 Crosspointe - 92.0 Fox Mill Estates
Crosspointe,Week5,Sideburn Run,Week2,264.0 Crosspointe - 138.0 Sideburn Run
Crosspointe,Week5,Sideburn Run,Week4,283.0 Crosspointe - 119.0 Sideburn Run
Crosspointe,Week5,Sideburn Run,Week5,255.0 Crosspointe - 147.0 Sideburn Run
Country Club Hills,Week4,Walden Glen,Week3,213.0 Country Club Hills - 189.0 Walden Glen
Daventry,Week3,Kings Ridge ,Week3,222.0 Kings Ridge - 177.0 Daventry
Crosspointe,Week2,Fox Mill Woods,Week2,203.0 Fox Mill Woods - 199.0 Crosspointe
Country Club Hills,Week5,Walden Glen,Week5,215.0 Country Club Hills - 187.0 Walden Glen
Country Club Hills,Week5,Rolling Valley,Week5,295.0 Country Club Hills - 107.0 Rolling Valley
Daventry,Week4,McLean,Week2,352.0 McLean - 50.0 Daventry
Crosspointe,Week4,Fox Mill Estates,Week1,309.0 Crosspointe - 93.0 Fox Mill Estates
Daventry,Week5,Kent Gardens,Week5,301.0 Kent Gardens - 101.0 Daventry
Crosspointe,Week4,Sideburn Run,Week5,247.0 Crosspointe - 155.0 Sideburn Run
Daventry,Week2,Mosby Woods,Week3,329.0 Mosby Woods - 72.0 Daventry
Daventry,Week1,Mosby Woods,Week3,321.0 Mosby Woods - 81.0 Daventry
Country Club Hills,Week3,Walden Glen,Week1,243.0 Country Club Hills - 158.0 Walden Glen
Daventry,Week1,Kings Ridge ,Week4,250.0 Kings Ridge - 152.0 Daventry
Daventry,Week2,Great Falls,Week4,277.0 Great Falls - 120.0 Daventry
Crosspointe,Week3,Fox Mill Woods,Week1,208.0 Crosspointe - 194.0 Fox Mill Woods
Daventry,Week5,Kent Gardens,Week3,268.0 Kent Gardens - 134.0 Daventry
Country Club Hills,Week1,Walden Glen,Week3,235.0 Country Club Hills - 167.0 Walden Glen
Crosspointe,Week4,Fox Mill Estates,Week4,294.0 Crosspointe - 108.0 Fox Mill Estates
Daventry,Week2,Mosby Woods,Week4,328.0 Mosby Woods - 74.0 Daventry
Country Club Hills,Week4,Walden Glen,Week5,221.0 Walden Glen - 181.0 Country Club Hills
Daventry,Week3,Fox Mill Woods,Week2,337.0 Fox Mill Woods - 65.0 Daventry
Daventry,Week4,Kings Ridge ,Week2,213.0 Kings Ridge - 188.0 Daventry
Daventry,Week4,Kings Ridge ,Week1,237.0 Kings Ridge - 165.0 Daventry
Daventry,Week1,Great Falls,Week3,300.0 Great Falls - 102.0 Daventry
Daventry,Week3,Mosby Woods,Week5,332.0 Mosby Woods - 70.0 Daventry
Daventry,Week2,Fox Mill Woods,Week4,344.0 Fox Mill Woods - 58.0 Daventry
Country Club Hills,Week1,Waynewood,Week5,294.0 Waynewood - 108.0 Country Club Hills
Crosspointe,Week5,Sideburn Run,Week3,268.0 Crosspointe - 134.0 Sideburn Run
Country Club Hills,Week2,Walden Glen,Week2,215.0 Country Club Hills - 186.0 Walden Glen
Country Club Hills,Week5,Walden Glen,Week4,218.0 Country Club Hills - 184.0 Walden Glen
Daventry,Week3,Kings Ridge ,Week5,255.0 Kings Ridge - 147.0 Daventry
Crosspointe,Week3,Fox Mill Woods,Week2,223.0 Crosspointe - 179.0 Fox Mill Woods
Daventry,Week1,Kings Ridge ,Week2,207.5 Kings Ridge - 193.5 Daventry
Country Club Hills,Week2,Rutherford,Week3,242.0 Country Club Hills - 160.0 Rutherford
Country Club Hills,Week1,Rutherford,Week4,223.0 Country Club Hills - 179.0 Rutherford
Daventry,Week3,Great Falls,Week1,271.0 Great Falls - 126.0 Daventry
Country Club Hills,Week1,Rutherford,Week2,248.0 Country Club Hills - 154.0 Rutherford
Crosspointe,Week2,Fox Mill Woods,Week3,204.0 Crosspointe - 198.0 Fox Mill Woods
Daventry,Week3,Fox Mill Woods,Week4,335.0 Fox Mill Woods - 67.0 Daventry
Crosspointe,Week2,Fox Mill Woods,Week5,208.0 Fox Mill Woods - 194.0 Crosspointe
Crosspointe,Week1,Sleepy Hollow B & R,Week1,270.5 Crosspointe - 131.5 Sleepy Hollow B & R
Crosspointe,Week1,Sleepy Hollow B & R,Week3,228.0 Crosspointe - 174.0 Sleepy Hollow B & R
Crosspointe,Week1,Sleepy Hollow B & R,Week2,250.0 Crosspointe - 152.0 Sleepy Hollow B & R
Daventry,Week4,Mosby Woods,Week4,324.0 Mosby Woods - 78.0 Daventry
Country Club Hills,Week2,Rutherford,Week2,257.0 Country Club Hills - 145.0 Rutherford
Daventry,Week2,Mosby Woods,Week2,336.0 Mosby Woods - 66.0 Daventry
Daventry,Week2,Fox Mill Woods,Week1,344.0 Fox Mill Woods - 57.0 Daventry
Daventry,Week3,Fox Mill Woods,Week1,341.5 Fox Mill Woods - 60.5 Daventry
Country Club Hills,Week2,Waynewood,Week3,289.5 Waynewood - 112.5 Country Club Hills
Country Club Hills,Week2,Walden Glen,Week1,236.0 Country Club Hills - 166.0 Walden Glen
Country Club Hills,Week1,Waynewood,Week4,264.0 Waynewood - 138.0 Country Club Hills
Daventry,Week2,Fox Mill Woods,Week5,331.0 Fox Mill Woods - 71.0 Daventry
Daventry,Week5,Mosby Woods,Week1,316.0 Mosby Woods - 86.0 Daventry
Country Club Hills,Week2,Rutherford,Week4,220.0 Country Club Hills - 182.0 Rutherford
Daventry,Week3,Mosby Woods,Week1,337.0 Mosby Woods - 65.0 Daventry
Daventry,Week4,Mosby Woods,Week5,328.0 Mosby Woods - 74.0 Daventry
Daventry,Week2,Fox Mill Woods,Week2,336.0 Fox Mill Woods - 65.0 Daventry
Crosspointe,Week3,Fox Mill Woods,Week4,212.0 Crosspointe - 190.0 Fox Mill Woods
Crosspointe,Week2,Sleepy Hollow B & R,Week4,213.5 Crosspointe - 188.5 Sleepy Hollow B & R
Crosspointe,Week4,Great Falls,Week3,252.0 Crosspointe - 150.0 Great Falls
Country Club Hills,Week2,Rutherford,Week1,255.0 Country Club Hills - 147.0 Rutherford
Crosspointe,Week1,Sleepy Hollow B & R,Week4,229.0 Crosspointe - 173.0 Sleepy Hollow B & R
Daventry,Week4,Mosby Woods,Week2,331.0 Mosby Woods - 71.0 Daventry
Country Club Hills,Week3,Walden Glen,Week2,217.0 Country Club Hills - 185.0 Walden Glen
Crosspointe,Week5,Fox Mill Woods,Week2,241.0 Crosspointe - 161.0 Fox Mill Woods
Crosspointe,Week1,Sleepy Hollow B & R,Week5,201.0 Crosspointe - 201.0 Sleepy Hollow B & R
Crosspointe,Week2,Sleepy Hollow B & R,Week3,229.5 Crosspointe - 172.5 Sleepy Hollow B & R
Country Club Hills,Week2,Rutherford,Week5,227.0 Country Club Hills - 175.0 Rutherford
Country Club Hills,Week3,Rutherford,Week1,262.5 Country Club Hills - 139.5 Rutherford
Crosspointe,Week3,Fox Mill Woods,Week5,202.0 Crosspointe - 200.0 Fox Mill Woods
Country Club Hills,Week5,Rolling Forest,Week3,216.0 Rolling Forest - 186.0 Country Club Hills
Daventry,Week5,Mosby Woods,Week2,316.0 Mosby Woods - 86.0 Daventry
Daventry,Week3,Fox Mill Woods,Week5,332.0 Fox Mill Woods - 70.0 Daventry
Crosspointe,Week4,Fox Mill Woods,Week3,218.0 Crosspointe - 184.0 Fox Mill Woods
Crosspointe,Week1,Great Falls,Week4,275.0 Crosspointe - 127.0 Great Falls
Country Club Hills,Week1,Rutherford,Week3,231.0 Country Club Hills - 171.0 Rutherford
Country Club Hills,Week3,Rolling Hills,Week2,213.0 Country Club Hills - 189.0 Rolling Hills
Crosspointe,Week3,Sleepy Hollow B & R,Week2,233.0 Crosspointe - 169.0 Sleepy Hollow B & R
Crosspointe,Week5,Fox Mill Woods,Week3,229.0 Crosspointe - 173.0 Fox Mill Woods
Country Club Hills,Week2,Walden Glen,Week4,207.0 Walden Glen - 195.0 Country Club Hills
Country Club Hills,Week3,Rolling Hills,Week5,225.0 Country Club Hills - 177.0 Rolling Hills
Country Club Hills,Week3,Rutherford,Week2,255.0 Country Club Hills - 147.0 Rutherford
Country Club Hills,Week3,Walden Glen,Week5,213.0 Walden Glen - 189.0 Country Club Hills
Country Club Hills,Week1,Rutherford,Week5,237.0 Country Club Hills - 165.0 Rutherford
Crosspointe,Week5,Sleepy Hollow B & R,Week1,277.0 Crosspointe - 125.0 Sleepy Hollow B & R
Daventry,Week1,Mount Vernon Park,Week1,323.0 Mount Vernon Park - 79.0 Daventry
Country Club Hills,Week1,Walden Glen,Week4,205.0 Country Club Hills - 197.0 Walden Glen
Country Club Hills,Week1,Rutherford,Week1,254.0 Country Club Hills - 148.0 Rutherford
Crosspointe,Week1,Great Falls,Week5,250.5 Crosspointe - 150.5 Great Falls
Daventry,Week4,Fox Mill Woods,Week5,342.0 Fox Mill Woods - 60.0 Daventry
Crosspointe,Week3,Sleepy Hollow B & R,Week4,218.0 Crosspointe - 184.0 Sleepy Hollow B & R
Daventry,Week5,Fox Mill Woods,Week2,322.0 Fox Mill Woods - 80.0 Daventry
Daventry,Week5,Mosby Woods,Week3,304.0 Mosby Woods - 98.0 Daventry
Country Club Hills,Week2,Waynewood,Week5,304.0 Waynewood - 98.0 Country Club Hills
Daventry,Week4,Fox Mill Woods,Week1,347.0 Fox Mill Woods - 55.0 Daventry
Daventry,Week5,Mosby Woods,Week4,294.0 Mosby Woods - 107.0 Daventry
Country Club Hills,Week5,Rolling Forest,Week4,216.0 Country Club Hills - 186.0 Rolling Forest
Crosspointe,Week2,Sleepy Hollow B & R,Week5,216.0 Sleepy Hollow B & R - 186.0 Crosspointe
Crosspointe,Week4,Great Falls,Week2,251.0 Crosspointe - 133.0 Great Falls
Daventry,Week4,Fox Mill Woods,Week2,347.0 Fox Mill Woods - 55.0 Daventry
Daventry,Week1,Mount Vernon Park,Week3,335.0 Mount Vernon Park - 67.0 Daventry
Country Club Hills,Week3,Walden Glen,Week4,215.0 Walden Glen - 187.0 Country Club Hills
Daventry,Week1,Great Falls,Week1,273.0 Great Falls - 123.0 Daventry
Daventry,Week1,Mount Vernon Park,Week4,334.0 Mount Vernon Park - 68.0 Daventry
Crosspointe,Week3,Sleepy Hollow B & R,Week5,203.0 Sleepy Hollow B & R - 199.0 Crosspointe
Crosspointe,Week5,Fox Mill Woods,Week1,227.0 Crosspointe - 175.0 Fox Mill Woods
Country Club Hills,Week4,Walden Glen,Week1,248.0 Country Club Hills - 154.0 Walden Glen
Country Club Hills,Week4,Walden Glen,Week2,221.0 Country Club Hills - 181.0 Walden Glen
Daventry,Week2,Mount Vernon Park,Week2,345.0 Mount Vernon Park - 57.0 Daventry
Daventry,Week2,Mount Vernon Park,Week1,329.0 Mount Vernon Park - 72.0 Daventry
Crosspointe,Week3,Great Falls,Week3,258.0 Crosspointe - 144.0 Great Falls
Crosspointe,Week5,Sleepy Hollow B & R,Week3,244.0 Crosspointe - 158.0 Sleepy Hollow B & R
Daventry,Week4,Fox Mill Woods,Week3,335.0 Fox Mill Woods - 67.0 Daventry
Crosspointe,Week4,Great Falls,Week1,290.0 Crosspointe - 111.0 Great Falls
Country Club Hills,Week4,Rolling Hills,Week5,205.0 Country Club Hills - 197.0 Rolling Hills
Crosspointe,Week3,Great Falls,Week1,291.0 Crosspointe - 111.0 Great Falls
Crosspointe,Week4,Sleepy Hollow B & R,Week5,210.5 Crosspointe - 191.5 Sleepy Hollow B & R
Daventry,Week5,Fox Mill Woods,Week5,317.0 Fox Mill Woods - 84.0 Daventry
Country Club Hills,Week4,Rolling Hills,Week1,205.0 Country Club Hills - 197.0 Rolling Hills
Country Club Hills,Week4,Rolling Hills,Week2,205.0 Rolling Hills - 197.0 Country Club Hills
Crosspointe,Week2,Great Falls,Week5,244.0 Crosspointe - 158.0 Great Falls
Crosspointe,Week5,Sleepy Hollow B & R,Week4,240.0 Crosspointe - 162.0 Sleepy Hollow B & R
Daventry,Week5,Fox Mill Woods,Week4,333.0 Fox Mill Woods - 69.0 Daventry
Country Club Hills,Week2,Rolling Hills,Week5,217.5 Country Club Hills - 184.5 Rolling Hills
Crosspointe,Week1,Sleepy Hollow Rec,Week2,333.0 Crosspointe - 69.0 Sleepy Hollow Rec
Country Club Hills,Week1,Walden Glen,Week5,204.0 Walden Glen - 198.0 Country Club Hills
Country Club Hills,Week1,Rolling Hills,Week1,223.0 Country Club Hills - 179.0 Rolling Hills
Daventry,Week5,Fox Mill Woods,Week3,318.0 Fox Mill Woods - 84.0 Daventry
Country Club Hills,Week2,Walden Glen,Week5,219.0 Walden Glen - 183.0 Country Club Hills
Country Club Hills,Week5,Rolling Hills,Week2,245.0 Country Club Hills - 157.0 Rolling Hills
Crosspointe,Week5,Sleepy Hollow B & R,Week5,225.0 Crosspointe - 177.0 Sleepy Hollow B & R
Daventry,Week2,Mount Vernon Park,Week3,336.0 Mount Vernon Park - 66.0 Daventry
Crosspointe,Week2,Sleepy Hollow B & R,Week2,221.0 Crosspointe - 181.0 Sleepy Hollow B & R
Country Club Hills,Week4,Rolling Hills,Week4,209.0 Country Club Hills - 188.0 Rolling Hills
Crosspointe,Week2,Great Falls,Week2,249.0 Crosspointe - 135.0 Great Falls
Daventry,Week4,Fox Mill Woods,Week4,346.0 Fox Mill Woods - 56.0 Daventry
Country Club Hills,Week1,Rolling Hills,Week3,217.0 Country Club Hills - 185.0 Rolling Hills
Country Club Hills,Week2,Walden Glen,Week3,224.5 Country Club Hills - 177.5 Walden Glen
Crosspointe,Week3,Sleepy Hollow B & R,Week1,259.0 Crosspointe - 143.0 Sleepy Hollow B & R
Crosspointe,Week1,Great Falls,Week3,265.0 Crosspointe - 137.0 Great Falls
Daventry,Week1,Mount Vernon Park,Week5,339.0 Mount Vernon Park - 63.0 Daventry
Daventry,Week2,Mount Vernon Park,Week5,338.0 Mount Vernon Park - 60.0 Daventry
Daventry,Week2,Fox Mill Woods,Week3,334.0 Fox Mill Woods - 68.0 Daventry
Daventry,Week2,Mount Vernon Park,Week4,329.0 Mount Vernon Park - 73.0 Daventry
Country Club Hills,Week3,Walden Glen,Week3,223.0 Country Club Hills - 179.0 Walden Glen
Country Club Hills,Week5,Walden Glen,Week1,269.0 Country Club Hills - 133.0 Walden Glen
Crosspointe,Week5,Fox Mill Woods,Week4,244.0 Crosspointe - 158.0 Fox Mill Woods
Crosspointe,Week2,Greenbriar,Week3,238.0 Crosspointe - 164.0 Greenbriar
Crosspointe,Week4,Fox Mill Woods,Week4,220.0 Crosspointe - 182.0 Fox Mill Woods
Country Club Hills,Week4,Rolling Hills,Week3,203.0 Country Club Hills - 199.0 Rolling Hills
Country Club Hills,Week1,Rolling Hills,Week4,212.0 Country Club Hills - 190.0 Rolling Hills
Daventry,Week3,Mount Vernon Park,Week1,334.0 Mount Vernon Park - 68.0 Daventry
Daventry,Week1,Great Falls,Week5,278.0 Great Falls - 122.0 Daventry
Daventry,Week3,Fox Mill Woods,Week3,326.0 Fox Mill Woods - 76.0 Daventry
Crosspointe,Week4,Sleepy Hollow B & R,Week4,233.0 Crosspointe - 169.0 Sleepy Hollow B & R
Crosspointe,Week4,Sleepy Hollow B & R,Week1,262.0 Crosspointe - 140.0 Sleepy Hollow B & R
Daventry,Week3,Mount Vernon Park,Week2,339.0 Mount Vernon Park - 62.0 Daventry
Country Club Hills,Week1,Waynewood,Week3,286.0 Waynewood - 116.0 Country Club Hills
Crosspointe,Week4,Sleepy Hollow B & R,Week3,229.0 Crosspointe - 173.0 Sleepy Hollow B & R
Country Club Hills,Week5,Rolling Hills,Week3,233.0 Country Club Hills - 169.0 Rolling Hills
Crosspointe,Week2,Great Falls,Week3,248.0 Crosspointe - 154.0 Great Falls
Country Club Hills,Week2,Waynewood,Week2,282.0 Waynewood - 120.0 Country Club Hills
Country Club Hills,Week5,Walden Glen,Week3,251.0 Country Club Hills - 151.0 Walden Glen
Daventry,Week2,Great Falls,Week1,268.0 Great Falls - 131.0 Daventry
Country Club Hills,Week4,Walden Glen,Week4,213.0 Walden Glen - 189.0 Country Club Hills
Daventry,Week3,Mount Vernon Park,Week5,340.0 Mount Vernon Park - 56.0 Daventry
Crosspointe,Week4,Sleepy Hollow B & R,Week2,243.0 Crosspointe - 159.0 Sleepy Hollow B & R
Country Club Hills,Week5,Rolling Hills,Week1,242.0 Country Club Hills - 160.0 Rolling Hills
Daventry,Week3,Mount Vernon Park,Week3,338.0 Mount Vernon Park - 63.0 Daventry
Daventry,Week1,Great Falls,Week4,262.0 Great Falls - 136.0 Daventry
Crosspointe,Week4,Orange Hunt,Week4,253.0 Crosspointe - 149.0 Orange Hunt
Country Club Hills,Week3,Woodley,Week3,274.0 Country Club Hills - 128.0 Woodley
Crosspointe,Week5,Sleepy Hollow B & R,Week2,263.0 Crosspointe - 139.0 Sleepy Hollow B & R
Crosspointe,Week3,Great Falls,Week4,278.5 Crosspointe - 123.5 Great Falls
Country Club Hills,Week2,Rolling Hills,Week4,205.0 Rolling Hills - 197.0 Country Club Hills
Crosspointe,Week1,Sleepy Hollow Rec,Week3,311.0 Crosspointe - 91.0 Sleepy Hollow Rec
Crosspointe,Week1,Sleepy Hollow Rec,Week4,330.0 Crosspointe - 72.0 Sleepy Hollow Rec
Country Club Hills,Week3,Waynewood,Week1,241.0 Waynewood - 161.0 Country Club Hills
Crosspointe,Week3,Great Falls,Week5,260.0 Crosspointe - 142.0 Great Falls
Daventry,Week2,Great Falls,Week3,291.0 Great Falls - 111.0 Daventry
Country Club Hills,Week2,Rolling Hills,Week2,205.0 Country Club Hills - 197.0 Rolling Hills
Daventry,Week5,Fox Mill Woods,Week1,333.0 Fox Mill Woods - 69.0 Daventry
Daventry,Week2,Great Falls,Week2,272.0 Great Falls - 110.0 Daventry
Country Club Hills,Week1,Rolling Hills,Week5,219.0 Country Club Hills - 183.0 Rolling Hills
Crosspointe,Week2,Great Falls,Week4,266.0 Crosspointe - 136.0 Great Falls
Crosspointe,Week2,Great Falls,Week1,284.0 Crosspointe - 118.0 Great Falls
Country Club Hills,Week1,Waynewood,Week2,280.0 Waynewood - 122.0 Country Club Hills
Crosspointe,Week1,Great Falls,Week1,302.0 Crosspointe - 100.0 Great Falls
Crosspointe,Week5,Fox Mill Woods,Week5,236.0 Crosspointe - 166.0 Fox Mill Woods
Country Club Hills,Week2,Waynewood,Week4,284.0 Waynewood - 118.0 Country Club Hills
Daventry,Week3,Mount Vernon Park,Week4,337.0 Mount Vernon Park - 65.0 Daventry
Daventry,Week1,Great Falls,Week2,271.0 Great Falls - 111.0 Daventry
Country Club Hills,Week2,Waynewood,Week1,251.0 Waynewood - 151.0 Country Club Hills
Crosspointe,Week3,Sleepy Hollow B & R,Week3,226.0 Crosspointe - 176.0 Sleepy Hollow B & R
Country Club Hills,Week1,Rolling Hills,Week2,209.5 Country Club Hills - 192.5 Rolling Hills
Crosspointe,Week1,Sleepy Hollow Rec,Week1,327.0 Crosspointe - 75.0 Sleepy Hollow Rec
Daventry,Week2,Great Falls,Week5,288.0 Great Falls - 112.0 Daventry
Country Club Hills,Week5,Rolling Forest,Week5,213.0 Rolling Forest - 189.0 Country Club Hills
Crosspointe,Week1,Greenbriar,Week4,270.0 Crosspointe - 132.0 Greenbriar
Crosspointe,Week5,Great Falls,Week2,278.0 Crosspointe - 106.0 Great Falls
Crosspointe,Week4,Orange Hunt,Week5,222.0 Crosspointe - 180.0 Orange Hunt
Daventry,Week1,Greenbriar,Week2,316.0 Greenbriar - 86.0 Daventry
Crosspointe,Week5,Orange Hunt,Week1,273.0 Crosspointe - 129.0 Orange Hunt
Country Club Hills,Week4,Waynewood,Week3,289.0 Waynewood - 113.0 Country Club Hills
Country Club Hills,Week4,Riverside Gardens,Week5,312.0 Riverside Gardens - 90.0 Country Club Hills
Country Club Hills,Week1,Woodley,Week3,267.0 Country Club Hills - 135.0 Woodley
Crosspointe,Week1,Overlee,Week1,244.0 Overlee - 158.0 Crosspointe
Crosspointe,Week2,Greenbriar,Week1,244.0 Crosspointe - 158.0 Greenbriar
Crosspointe,Week1,Great Falls,Week2,275.0 Crosspointe - 109.0 Great Falls
Country Club Hills,Week2,Woodley,Week4,265.0 Country Club Hills - 137.0 Woodley
Daventry,Week5,Great Falls,Week1,245.0 Great Falls - 153.0 Daventry
Crosspointe,Week3,Overlee,Week3,267.0 Overlee - 135.0 Crosspointe
Country Club Hills,Week3,Rolling Hills,Week3,214.0 Country Club Hills - 188.0 Rolling Hills
Crosspointe,Week1,Overlee,Week5,287.0 Overlee - 115.0 Crosspointe
Crosspointe,Week3,Great Falls,Week2,254.0 Crosspointe - 130.0 Great Falls
Country Club Hills,Week3,Waynewood,Week2,276.0 Waynewood - 126.0 Country Club Hills
Country Club Hills,Week5,Waynewood,Week1,232.0 Waynewood - 170.0 Country Club Hills
Country Club Hills,Week1,Woodley,Week1,248.0 Country Club Hills - 154.0 Woodley
Country Club Hills,Week4,Riverside Gardens,Week4,313.0 Riverside Gardens - 89.0 Country Club Hills
Crosspointe,Week5,Overlee,Week1,232.0 Overlee - 170.0 Crosspointe
Daventry,Week3,Greenbriar,Week4,300.0 Greenbriar - 102.0 Daventry
Country Club Hills,Week3,Waynewood,Week5,292.5 Waynewood - 109.5 Country Club Hills
Crosspointe,Week5,Great Falls,Week3,277.0 Crosspointe - 125.0 Great Falls
Daventry,Week5,Great Falls,Week3,275.0 Great Falls - 121.0 Daventry
Daventry,Week3,Greenbriar,Week5,318.0 Greenbriar - 82.0 Daventry
Daventry,Week5,Great Falls,Week5,264.0 Great Falls - 127.0 Daventry
Crosspointe,Week4,Fox Mill Woods,Week5,205.0 Crosspointe - 197.0 Fox Mill Woods
Country Club Hills,Week3,Rolling Hills,Week4,214.0 Country Club Hills - 187.0 Rolling Hills
Crosspointe,Week4,Great Falls,Week5,250.0 Crosspointe - 152.0 Great Falls
Country Club Hills,Week2,Rolling Hills,Week1,217.0 Country Club Hills - 185.0 Rolling Hills
Country Club Hills,Week3,Rolling Hills,Week1,221.0 Country Club Hills - 181.0 Rolling Hills
Crosspointe,Week4,Orange Hunt,Week3,239.0 Crosspointe - 163.0 Orange Hunt
Daventry,Week2,Greenbriar,Week1,309.0 Greenbriar - 92.0 Daventry
Crosspointe,Week1,Overlee,Week3,259.0 Overlee - 143.0 Crosspointe
Crosspointe,Week2,Overlee,Week4,313.0 Overlee - 89.0 Crosspointe
Country Club Hills,Week2,Rolling Hills,Week3,208.0 Country Club Hills - 194.0 Rolling Hills
Country Club Hills,Week4,Waynewood,Week2,284.0 Waynewood - 118.0 Country Club Hills
Daventry,Week3,Greenbriar,Week1,314.0 Greenbriar - 87.0 Daventry
Daventry,Week1,Greenbriar,Week4,309.0 Greenbriar - 93.0 Daventry
Country Club Hills,Week3,Waynewood,Week3,284.0 Waynewood - 118.0 Country Club Hills
Country Club Hills,Week5,Waynewood,Week5,273.0 Waynewood - 129.0 Country Club Hills
Crosspointe,Week5,Great Falls,Week5,281.5 Crosspointe - 120.5 Great Falls
Crosspointe,Week1,Greenbriar,Week5,253.0 Crosspointe - 149.0 Greenbriar
Daventry,Week5,Great Falls,Week4,249.0 Great Falls - 140.0 Daventry
Crosspointe,Week5,Orange Hunt,Week4,282.0 Crosspointe - 120.0 Orange Hunt
Country Club Hills,Week1,Woodley,Week4,264.0 Country Club Hills - 138.0 Woodley
Crosspointe,Week3,Greenbriar,Week2,243.0 Crosspointe - 159.0 Greenbriar
Crosspointe,Week1,Greenbriar,Week1,265.5 Crosspointe - 136.5 Greenbriar
Daventry,Week2,Greenbriar,Week4,300.0 Greenbriar - 101.0 Daventry
Daventry,Week2,Greenbriar,Week3,324.0 Greenbriar - 78.0 Daventry
Crosspointe,Week2,Overlee,Week5,306.0 Overlee - 96.0 Crosspointe
Crosspointe,Week5,Great Falls,Week1,319.0 Crosspointe - 83.0 Great Falls
Crosspointe,Week3,Overlee,Week5,294.0 Overlee - 108.0 Crosspointe
Crosspointe,Week2,Greenbriar,Week2,217.0 Crosspointe - 185.0 Greenbriar
Daventry,Week1,Greenbriar,Week5,308.0 Greenbriar - 94.0 Daventry
Crosspointe,Week3,Overlee,Week4,310.0 Overlee - 92.0 Crosspointe
Daventry,Week4,Great Falls,Week5,283.0 Great Falls - 117.0 Daventry
Country Club Hills,Week5,Waynewood,Week2,263.0 Waynewood - 139.0 Country Club Hills
Crosspointe,Week4,Overlee,Week1,249.0 Overlee - 153.0 Crosspointe
Daventry,Week4,Great Falls,Week2,271.0 Great Falls - 111.0 Daventry
Crosspointe,Week3,Overlee,Week2,283.0 Overlee - 119.0 Crosspointe
Crosspointe,Week1,Greenbriar,Week3,254.5 Crosspointe - 147.5 Greenbriar
Daventry,Week3,Great Falls,Week4,258.0 Great Falls - 136.0 Daventry
Country Club Hills,Week4,Waynewood,Week4,274.0 Waynewood - 128.0 Country Club Hills
Country Club Hills,Week1,Woodley,Week2,263.0 Country Club Hills - 139.0 Woodley
Country Club Hills,Week4,Waynewood,Week5,290.5 Waynewood - 111.5 Country Club Hills
Country Club Hills,Week1,Woodley,Week5,240.0 Country Club Hills - 162.0 Woodley
Crosspointe,Week2,Overlee,Week1,277.0 Overlee - 125.0 Crosspointe
Country Club Hills,Week3,Waynewood,Week4,279.0 Waynewood - 123.0 Country Club Hills
Crosspointe,Week2,Greenbriar,Week5,234.0 Crosspointe - 168.0 Greenbriar
Country Club Hills,Week2,Woodley,Week1,251.0 Country Club Hills - 151.0 Woodley
Crosspointe,Week5,Great Falls,Week4,304.0 Crosspointe - 98.0 Great Falls
Crosspointe,Week1,Greenbriar,Week2,241.0 Crosspointe - 161.0 Greenbriar
Country Club Hills,Week3,Woodley,Week1,245.0 Country Club Hills - 157.0 Woodley
Crosspointe,Week3,Overlee,Week1,266.0 Overlee - 136.0 Crosspointe
Daventry,Week4,Great Falls,Week1,270.0 Great Falls - 129.0 Daventry
Daventry,Week5,Great Falls,Week2,246.5 Great Falls - 130.5 Daventry
Daventry,Week4,Great Falls,Week4,263.0 Great Falls - 137.0 Daventry
Crosspointe,Week3,Greenbriar,Week5,245.0 Crosspointe - 157.0 Greenbriar
Crosspointe,Week4,Overlee,Week2,265.0 Overlee - 137.0 Crosspointe
Country Club Hills,Week2,Woodley,Week2,254.0 Country Club Hills - 148.0 Woodley
Country Club Hills,Week4,Waynewood,Week1,238.0 Waynewood - 164.0 Country Club Hills
Country Club Hills,Week2,Woodley,Week3,262.0 Country Club Hills - 140.0 Woodley
Crosspointe,Week1,Overlee,Week2,257.0 Overlee - 145.0 Crosspointe
Daventry,Week3,Great Falls,Week3,288.0 Great Falls - 113.0 Daventry
Crosspointe,Week4,Greenbriar,Week3,259.0 Crosspointe - 143.0 Greenbriar
Daventry,Week2,Greenbriar,Week2,323.0 Greenbriar - 79.0 Daventry
Daventry,Week3,Great Falls,Week2,271.0 Great Falls - 111.0 Daventry
Crosspointe,Week4,Great Falls,Week4,271.0 Crosspointe - 131.0 Great Falls
Crosspointe,Week5,Orange Hunt,Week5,251.0 Crosspointe - 151.0 Orange Hunt
Crosspointe,Week4,Overlee,Week3,252.0 Overlee - 150.0 Crosspointe
Crosspointe,Week5,Orange Hunt,Week3,265.0 Crosspointe - 137.0 Orange Hunt
Country Club Hills,Week3,Woodley,Week2,262.0 Country Club Hills - 140.0 Woodley
Crosspointe,Week3,Greenbriar,Week1,257.0 Crosspointe - 145.0 Greenbriar
Crosspointe,Week4,Greenbriar,Week5,258.0 Crosspointe - 144.0 Greenbriar
Daventry,Week4,Great Falls,Week3,294.0 Great Falls - 108.0 Daventry
Country Club Hills,Week2,Woodley,Week5,227.0 Country Club Hills - 175.0 Woodley
Crosspointe,Week2,Overlee,Week3,277.5 Overlee - 124.5 Crosspointe
Country Club Hills,Week5,Woodley,Week2,272.0 Country Club Hills - 130.0 Woodley
Country Club Hills,Week3,Woodley,Week4,265.0 Country Club Hills - 137.0 Woodley
Crosspointe,Week1,Hamlet,Week2,222.0 Hamlet - 180.0 Crosspointe
Crosspointe,Week1,Overlee,Week4,307.0 Overlee - 95.0 Crosspointe
Crosspointe,Week1,Wakefield Chapel,Week2,212.0 Wakefield Chapel - 190.0 Crosspointe
Country Club Hills,Week5,Waynewood,Week3,282.0 Waynewood - 120.0 Country Club Hills
Crosspointe,Week5,Greenbriar,Week4,284.0 Crosspointe - 118.0 Greenbriar
Crosspointe,Week1,Virginia Run,Week4,248.0 Crosspointe - 154.0 Virginia Run
Daventry,Week4,Greenbriar,Week3,328.0 Greenbriar - 74.0 Daventry
Crosspointe,Week5,Virginia Run,Week5,244.0 Crosspointe - 158.0 Virginia Run
Crosspointe,Week2,Virginia Run,Week5,211.5 Crosspointe - 190.5 Virginia Run
Crosspointe,Week3,Parklawn,Week1,308.0 Crosspointe - 80.0 Parklawn
Crosspointe,Week4,Greenbriar,Week4,280.0 Crosspointe - 122.0 Greenbriar
Crosspointe,Week2,Overlee,Week2,293.0 Overlee - 109.0 Crosspointe
Crosspointe,Week3,Greenbriar,Week4,270.0 Crosspointe - 132.0 Greenbriar
Daventry,Week2,Greenbriar,Week5,313.0 Greenbriar - 89.0 Daventry
Crosspointe,Week2,Parklawn,Week1,316.0 Crosspointe - 77.0 Parklawn
Country Club Hills,Week5,Woodley,Week1,276.0 Country Club Hills - 126.0 Woodley
Daventry,Week3,Great Falls,Week5,283.0 Great Falls - 113.0 Daventry
Crosspointe,Week4,Overlee,Week4,310.0 Overlee - 92.0 Crosspointe
Crosspointe,Week1,Virginia Run,Week2,268.0 Crosspointe - 134.0 Virginia Run
Country Club Hills,Week3,Woodley,Week5,243.0 Country Club Hills - 159.0 Woodley
Country Club Hills,Week4,Woodley,Week1,252.0 Country Club Hills - 150.0 Woodley
Crosspointe,Week5,Virginia Hills,Week3,374.0 Crosspointe - 28.0 Virginia Hills
Crosspointe,Week5,Virginia Run,Week1,262.0 Crosspointe - 140.0 Virginia Run
Crosspointe,Week5,Greenbriar,Week5,278.0 Crosspointe - 124.0 Greenbriar
Crosspointe,Week4,Greenbriar,Week2,234.0 Crosspointe - 168.0 Greenbriar
Crosspointe,Week5,Greenbriar,Week1,281.0 Crosspointe - 121.0 Greenbriar
Crosspointe,Week4,Virginia Run,Week5,222.0 Crosspointe - 180.0 Virginia Run
Daventry,Week1,Greenbriar,Week1,296.0 Greenbriar - 106.0 Daventry
Daventry,Week1,Greenbriar,Week3,318.0 Greenbriar - 84.0 Daventry
Daventry,Week4,Greenbriar,Week2,325.0 Greenbriar - 77.0 Daventry
Daventry,Week4,Greenbriar,Week1,316.0 Greenbriar - 86.0 Daventry
Crosspointe,Week4,Overlee,Week5,294.5 Overlee - 107.5 Crosspointe
Crosspointe,Week1,Hamlet,Week1,202.0 Crosspointe - 200.0 Hamlet
Crosspointe,Week3,Parklawn,Week5,294.0 Crosspointe - 108.0 Parklawn
Daventry,Week3,Greenbriar,Week2,319.0 Greenbriar - 83.0 Daventry
Crosspointe,Week1,Hamlet,Week3,210.0 Hamlet - 192.0 Crosspointe
Country Club Hills,Week4,Woodley,Week3,269.5 Country Club Hills - 132.5 Woodley
Country Club Hills,Week5,Waynewood,Week4,266.0 Waynewood - 136.0 Country Club Hills
Crosspointe,Week3,Virginia Run,Week1,242.0 Crosspointe - 160.0 Virginia Run
Crosspointe,Week2,Parklawn,Week5,285.0 Crosspointe - 117.0 Parklawn
Daventry,Week3,Greenbriar,Week3,329.0 Greenbriar - 73.0 Daventry
Crosspointe,Week1,Virginia Run,Week3,253.0 Crosspointe - 149.0 Virginia Run
Crosspointe,Week5,Orange Hunt,Week2,267.5 Crosspointe - 134.5 Orange Hunt
Daventry,Week4,Greenbriar,Week4,311.0 Greenbriar - 91.0 Daventry
Country Club Hills,Week4,Woodley,Week5,240.0 Country Club Hills - 162.0 Woodley
Crosspointe,Week5,Greenbriar,Week3,280.0 Crosspointe - 122.0 Greenbriar
Daventry,Week4,Hamlet,Week1,366.0 Hamlet - 35.0 Daventry
Crosspointe,Week3,Greenbriar,Week3,249.0 Crosspointe - 153.0 Greenbriar
Daventry,Week4,Greenbriar,Week5,320.0 Greenbriar - 82.0 Daventry
Crosspointe,Week2,Hamlet,Week1,226.0 Hamlet - 176.0 Crosspointe
Crosspointe,Week3,Virginia Run,Week4,240.0 Crosspointe - 162.0 Virginia Run
Country Club Hills,Week5,Woodley,Week5,263.0 Country Club Hills - 139.0 Woodley
Crosspointe,Week5,Greenbriar,Week2,247.0 Crosspointe - 155.0 Greenbriar
Crosspointe,Week1,Annandale,Week2,332.0 Crosspointe - 70.0 Annandale
Crosspointe,Week1,Annandale,Week3,319.0 Crosspointe - 83.0 Annandale
Crosspointe,Week2,Virginia Run,Week3,225.0 Crosspointe - 177.0 Virginia Run
Crosspointe,Week5,Virginia Hills,Week2,369.5 Crosspointe - 32.5 Virginia Hills
Crosspointe,Week5,Virginia Run,Week3,269.0 Crosspointe - 133.0 Virginia Run
Crosspointe,Week5,Parklawn,Week5,310.0 Crosspointe - 91.0 Parklawn
Crosspointe,Week4,Parklawn,Week3,311.0 Crosspointe - 91.0 Parklawn
Crosspointe,Week1,Parliament,Week5,274.0 Crosspointe - 128.0 Parliament
Crosspointe,Week2,Parklawn,Week4,278.0 Crosspointe - 123.0 Parklawn
Daventry,Week5,Greenbriar,Week3,301.0 Greenbriar - 101.0 Daventry
Crosspointe,Week3,Virginia Run,Week5,233.0 Crosspointe - 169.0 Virginia Run
Daventry,Week5,Greenbriar,Week1,288.0 Greenbriar - 114.0 Daventry
Crosspointe,Week1,Hamlet,Week5,227.0 Hamlet - 175.0 Crosspointe
Crosspointe,Week4,Parklawn,Week2,313.0 Crosspointe - 89.0 Parklawn
Daventry,Week3,Hamlet,Week1,350.0 Hamlet - 51.0 Daventry
Crosspointe,Week1,Annandale,Week1,335.0 Crosspointe - 67.0 Annandale
Country Club Hills,Week5,Woodley,Week4,274.0 Country Club Hills - 128.0 Woodley
Daventry,Week3,Hamlet,Week5,368.0 Hamlet - 34.0 Daventry
Crosspointe,Week4,Fairfax Club Estates,Week4,301.0 Crosspointe - 101.0 Fairfax Club Estates
Daventry,Week3,Hamlet,Week2,367.0 Hamlet - 35.0 Daventry
Crosspointe,Week1,Hamlet,Week4,202.0 Crosspointe - 200.0 Hamlet
Crosspointe,Week2,Fairfax Club Estates,Week5,286.0 Crosspointe - 116.0 Fairfax Club Estates
Country Club Hills,Week4,Woodley,Week4,257.5 Country Club Hills - 144.5 Woodley
Crosspointe,Week1,Parklawn,Week1,319.0 Crosspointe - 74.0 Parklawn
Crosspointe,Week2,Virginia Run,Week1,217.0 Crosspointe - 185.0 Virginia Run
Crosspointe,Week5,Overlee,Week2,250.0 Overlee - 152.0 Crosspointe
Daventry,Week1,Hamlet,Week1,351.0 Hamlet - 51.0 Daventry
Country Club Hills,Week4,Woodley,Week2,256.0 Country Club Hills - 146.0 Woodley
Crosspointe,Week2,Greenbriar,Week4,250.0 Crosspointe - 152.0 Greenbriar
Crosspointe,Week1,Virginia Run,Week1,244.0 Crosspointe - 158.0 Virginia Run
Daventry,Week2,Hamlet,Week4,352.0 Hamlet - 50.0 Daventry
Crosspointe,Week2,Virginia Run,Week2,252.0 Crosspointe - 150.0 Virginia Run
Crosspointe,Week1,Parklawn,Week4,299.0 Crosspointe - 103.0 Parklawn
Crosspointe,Week2,Parliament,Week1,224.0 Crosspointe - 178.0 Parliament
Crosspointe,Week4,Greenbriar,Week1,262.0 Crosspointe - 140.0 Greenbriar
Country Club Hills,Week5,Woodley,Week3,281.0 Country Club Hills - 121.0 Woodley
Daventry,Week3,Hamlet,Week4,354.0 Hamlet - 48.0 Daventry
Crosspointe,Week2,Virginia Run,Week4,241.0 Crosspointe - 161.0 Virginia Run
Crosspointe,Week3,Virginia Run,Week2,256.0 Crosspointe - 141.0 Virginia Run
Crosspointe,Week1,Annandale,Week4,332.0 Crosspointe - 70.0 Annandale
Daventry,Week1,Hayfield Farm,Week3,310.0 Hayfield Farm - 91.0 Daventry
Crosspointe,Week1,Parklawn,Week5,307.0 Crosspointe - 95.0 Parklawn
Crosspointe,Week5,Fairfax,Week1,213.0 Crosspointe - 189.0 Fairfax
Crosspointe,Week5,Virginia Hills,Week5,364.0 Crosspointe - 38.0 Virginia Hills
Crosspointe,Week5,Overlee,Week4,292.0 Overlee - 110.0 Crosspointe
Crosspointe,Week5,Fairfax,Week5,203.5 Crosspointe - 198.5 Fairfax
Crosspointe,Week1,Parklawn,Week2,312.0 Crosspointe - 90.0 Parklawn
Crosspointe,Week4,Virginia Run,Week1,238.0 Crosspointe - 164.0 Virginia Run
Daventry,Week5,Greenbriar,Week4,273.0 Greenbriar - 129.0 Daventry
Crosspointe,Week1,Fairfax Club Estates,Week3,317.0 Crosspointe - 85.0 Fairfax Club Estates
Crosspointe,Week4,Fairfax,Week5,212.0 Fairfax - 190.0 Crosspointe
Crosspointe,Week2,Parklawn,Week2,298.0 Crosspointe - 104.0 Parklawn
Daventry,Week1,Hamlet,Week2,364.0 Hamlet - 38.0 Daventry
Daventry,Week1,Hamlet,Week5,373.0 Hamlet - 29.0 Daventry
Daventry,Week4,Hamlet,Week3,368.0 Hamlet - 33.0 Daventry
Daventry,Week5,Hamlet,Week1,343.0 Hamlet - 58.0 Daventry
Crosspointe,Week5,Fairfax Club Estates,Week1,316.0 Crosspointe - 86.0 Fairfax Club Estates
Crosspointe,Week3,Virginia Run,Week3,233.0 Crosspointe - 169.0 Virginia Run
Daventry,Week1,Hamlet,Week3,361.0 Hamlet - 40.0 Daventry
Crosspointe,Week4,Virginia Run,Week4,236.0 Crosspointe - 166.0 Virginia Run
Daventry,Week2,Hamlet,Week3,361.0 Hamlet - 39.0 Daventry
Crosspointe,Week5,Virginia Hills,Week4,378.0 Crosspointe - 24.0 Virginia Hills
Crosspointe,Week4,Virginia Run,Week3,242.0 Crosspointe - 160.0 Virginia Run
Crosspointe,Week3,Parklawn,Week3,300.0 Crosspointe - 102.0 Parklawn
Crosspointe,Week1,Fairfax Club Estates,Week2,321.0 Crosspointe - 81.0 Fairfax Club Estates
Crosspointe,Week5,Overlee,Week3,232.0 Overlee - 170.0 Crosspointe
Crosspointe,Week5,Fairfax,Week3,205.0 Fairfax - 197.0 Crosspointe
Crosspointe,Week2,Wakefield Chapel,Week1,249.0 Wakefield Chapel - 153.0 Crosspointe
Crosspointe,Week2,Parklawn,Week3,312.5 Crosspointe - 89.5 Parklawn
Crosspointe,Week2,Fairfax Club Estates,Week2,290.5 Crosspointe - 111.5 Fairfax Club Estates
Crosspointe,Week2,Wakefield Chapel,Week4,239.0 Wakefield Chapel - 163.0 Crosspointe
Daventry,Week4,Hamlet,Week2,377.0 Hamlet - 25.0 Daventry
Crosspointe,Week3,Parklawn,Week4,283.0 Crosspointe - 118.0 Parklawn
Crosspointe,Week4,Parklawn,Week4,282.0 Crosspointe - 120.0 Parklawn
Daventry,Week5,Greenbriar,Week5,291.0 Greenbriar - 111.0 Daventry
Daventry,Week1,Hamlet,Week4,357.0 Hamlet - 45.0 Daventry
Crosspointe,Week3,Parklawn,Week2,298.0 Crosspointe - 104.0 Parklawn
Crosspointe,Week4,Parklawn,Week1,320.0 Crosspointe - 73.0 Parklawn
Crosspointe,Week5,Virginia Run,Week2,283.0 Crosspointe - 119.0 Virginia Run
Daventry,Week5,Greenbriar,Week2,303.0 Greenbriar - 99.0 Daventry
Crosspointe,Week4,Parklawn,Week5,287.0 Crosspointe - 115.0 Parklawn
Crosspointe,Week1,Virginia Run,Week5,229.3 Crosspointe - 172.7 Virginia Run
Crosspointe,Week4,Virginia Run,Week2,253.0 Crosspointe - 149.0 Virginia Run
Crosspointe,Week1,Parklawn,Week3,320.0 Crosspointe - 82.0 Parklawn
Crosspointe,Week2,Fairfax Club Estates,Week4,287.0 Crosspointe - 115.0 Fairfax Club Estates
Crosspointe,Week1,Wakefield Chapel,Week1,238.0 Wakefield Chapel - 164.0 Crosspointe
Crosspointe,Week5,Overlee,Week5,277.0 Overlee - 125.0 Crosspointe
Daventry,Week2,Hamlet,Week1,353.5 Hamlet - 44.5 Daventry
Crosspointe,Week4,Fairfax,Week2,209.0 Fairfax - 193.0 Crosspointe
Crosspointe,Week1,Fairfax Club Estates,Week1,313.0 Crosspointe - 89.0 Fairfax Club Estates
Crosspointe,Week5,Fairfax,Week2,203.0 Fairfax - 199.0 Crosspointe
Crosspointe,Week5,Virginia Run,Week4,261.0 Crosspointe - 141.0 Virginia Run
Crosspointe,Week2,Fairfax Club Estates,Week3,301.0 Crosspointe - 101.0 Fairfax Club Estates
Crosspointe,Week1,Wakefield Chapel,Week3,239.0 Wakefield Chapel - 163.0 Crosspointe
Daventry,Week2,Hamlet,Week2,369.0 Hamlet - 33.0 Daventry
Crosspointe,Week5,Parklawn,Week2,320.0 Crosspointe - 81.0 Parklawn
Crosspointe,Week5,Parklawn,Week1,332.0 Crosspointe - 61.0 Parklawn
Crosspointe,Week2,Walden Glen,Week3,293.0 Crosspointe - 109.0 Walden Glen
Crosspointe,Week5,Parklawn,Week3,326.0 Crosspointe - 75.0 Parklawn
Daventry,Week2,Hamlet,Week5,374.0 Hamlet - 28.0 Daventry
Crosspointe,Week4,Fairfax,Week4,203.0 Crosspointe - 199.0 Fairfax
Crosspointe,Week2,Fairfax Club Estates,Week1,284.0 Crosspointe - 118.0 Fairfax Club Estates
Crosspointe,Week1,Parliament,Week2,274.0 Crosspointe - 128.0 Parliament
Daventry,Week3,Hamlet,Week3,360.0 Hamlet - 41.0 Daventry
Daventry,Week4,Hamlet,Week5,379.0 Hamlet - 23.0 Daventry
Crosspointe,Week4,Fairfax,Week3,213.0 Fairfax - 189.0 Crosspointe
Crosspointe,Week5,Parklawn,Week4,313.5 Crosspointe - 86.5 Parklawn
Crosspointe,Week1,Fairfax Club Estates,Week5,312.0 Crosspointe - 90.0 Fairfax Club Estates
Crosspointe,Week2,Walden Glen,Week1,312.0 Crosspointe - 90.0 Walden Glen
Crosspointe,Week1,Wakefield Chapel,Week4,224.0 Wakefield Chapel - 178.0 Crosspointe
Crosspointe,Week3,Wakefield Chapel,Week1,248.0 Wakefield Chapel - 154.0 Crosspointe
Crosspointe,Week4,Fairfax Club Estates,Week1,292.0 Crosspointe - 110.0 Fairfax Club Estates
Daventry,Week5,Hamlet,Week4,343.0 Hamlet - 58.0 Daventry
Daventry,Week5,Hamlet,Week3,350.0 Hamlet - 51.0 Daventry
Crosspointe,Week3,Fairfax Club Estates,Week3,316.0 Crosspointe - 86.0 Fairfax Club Estates
Crosspointe,Week1,Parliament,Week1,254.0 Crosspointe - 148.0 Parliament
Crosspointe,Week5,Wakefield Chapel,Week5,220.0 Wakefield Chapel - 182.0 Crosspointe
Crosspointe,Week4,Fairfax Club Estates,Week2,314.0 Crosspointe - 88.0 Fairfax Club Estates
Crosspointe,Week3,Fairfax Club Estates,Week4,313.0 Crosspointe - 89.0 Fairfax Club Estates
Daventry,Week1,Herndon,Week1,214.0 Daventry - 183.0 Herndon
Crosspointe,Week5,Parliament,Week1,259.0 Crosspointe - 143.0 Parliament
Daventry,Week5,Hamlet,Week2,362.0 Hamlet - 40.0 Daventry
Crosspointe,Week4,Fairfax Club Estates,Week3,310.0 Crosspointe - 92.0 Fairfax Club Estates
Crosspointe,Week2,Wakefield Chapel,Week3,259.0 Wakefield Chapel - 143.0 Crosspointe
Daventry,Week2,Hayfield Farm,Week5,303.0 Hayfield Farm - 99.0 Daventry
Crosspointe,Week4,Wakefield Chapel,Week5,250.0 Wakefield Chapel - 152.0 Crosspointe
Crosspointe,Week5,Parliament,Week5,280.0 Crosspointe - 122.0 Parliament
Crosspointe,Week4,Wakefield Chapel,Week4,238.0 Wakefield Chapel - 164.0 Crosspointe
Crosspointe,Week4,Parliament,Week3,272.0 Crosspointe - 130.0 Parliament
Crosspointe,Week4,Wakefield Chapel,Week2,230.0 Wakefield Chapel - 172.0 Crosspointe
Crosspointe,Week5,Fairfax,Week4,213.0 Crosspointe - 189.0 Fairfax
Crosspointe,Week1,Parliament,Week4,276.0 Crosspointe - 126.0 Parliament
Daventry,Week5,Hamlet,Week5,362.0 Hamlet - 40.0 Daventry
Daventry,Week4,Hamlet,Week4,355.0 Hamlet - 47.0 Daventry
Daventry,Week1,Hayfield Farm,Week1,291.0 Hayfield Farm - 111.0 Daventry
Crosspointe,Week3,Fairfax Club Estates,Week1,303.0 Crosspointe - 99.0 Fairfax Club Estates
Crosspointe,Week1,Parliament,Week3,270.0 Crosspointe - 132.0 Parliament
Crosspointe,Week2,Wakefield Chapel,Week2,253.0 Wakefield Chapel - 149.0 Crosspointe
Crosspointe,Week3,Wakefield Chapel,Week2,235.0 Wakefield Chapel - 167.0 Crosspointe
Crosspointe,Week3,Fairfax Club Estates,Week2,318.0 Crosspointe - 84.0 Fairfax Club Estates
Crosspointe,Week1,Fairfax Club Estates,Week4,302.0 Crosspointe - 100.0 Fairfax Club Estates
Crosspointe,Week3,Wakefield Chapel,Week3,231.0 Wakefield Chapel - 166.0 Crosspointe
Crosspointe,Week5,Parliament,Week3,287.0 Crosspointe - 115.0 Parliament
Daventry,Week1,Hayfield Farm,Week2,299.0 Hayfield Farm - 103.0 Daventry
Crosspointe,Week5,Fairfax Station,Week5,208.0 Fairfax Station - 194.0 Crosspointe
Crosspointe,Week4,Parliament,Week5,251.0 Crosspointe - 151.0 Parliament
Crosspointe,Week2,Fairfax Station,Week3,231.0 Fairfax Station - 171.0 Crosspointe
Crosspointe,Week3,Fairfax Club Estates,Week5,311.0 Crosspointe - 86.0 Fairfax Club Estates
Crosspointe,Week2,Pinecrest,Week2,226.0 Pinecrest - 176.0 Crosspointe
Crosspointe,Week2,Parliament,Week3,268.0 Crosspointe - 134.0 Parliament
Crosspointe,Week5,Fairfax Club Estates,Week4,323.0 Crosspointe - 79.0 Fairfax Club Estates
Crosspointe,Week4,Wakefield Chapel,Week3,246.0 Wakefield Chapel - 156.0 Crosspointe
Crosspointe,Week2,Pinecrest,Week3,243.0 Pinecrest - 159.0 Crosspointe
Crosspointe,Week1,Pinecrest,Week2,212.5 Pinecrest - 189.5 Crosspointe
Crosspointe,Week2,Parliament,Week5,248.5 Crosspointe - 153.5 Parliament
Crosspointe,Week4,Fairfax Club Estates,Week5,302.0 Crosspointe - 100.0 Fairfax Club Estates
Daventry,Week2,Herndon,Week1,213.0 Daventry - 181.0 Herndon
Daventry,Week3,Hayfield Farm,Week3,300.0 Hayfield Farm - 97.0 Daventry
Daventry,Week2,Hayfield Farm,Week2,301.0 Hayfield Farm - 101.0 Daventry
Crosspointe,Week3,Fairfax Station,Week2,201.0 Fairfax Station - 196.0 Crosspointe
Crosspointe,Week1,Walden Glen,Week3,317.0 Crosspointe - 85.0 Walden Glen
Crosspointe,Week1,Walden Glen,Week2,311.0 Crosspointe - 91.0 Walden Glen
Daventry,Week2,Hayfield Farm,Week1,303.0 Hayfield Farm - 99.0 Daventry
Crosspointe,Week1,Wakefield Chapel,Week5,238.0 Wakefield Chapel - 164.0 Crosspointe
Crosspointe,Week5,Wakefield Chapel,Week1,203.0 Wakefield Chapel - 199.0 Crosspointe
Crosspointe,Week1,Pinecrest,Week5,207.0 Pinecrest - 195.0 Crosspointe
Crosspointe,Week2,Fairfax Station,Week4,218.0 Fairfax Station - 184.0 Crosspointe
Crosspointe,Week2,Fairfax Station,Week1,207.0 Fairfax Station - 195.0 Crosspointe
Crosspointe,Week2,Wakefield Chapel,Week5,254.0 Wakefield Chapel - 148.0 Crosspointe
Daventry,Week3,Hayfield Farm,Week1,282.0 Hayfield Farm - 119.0 Daventry
Crosspointe,Week4,Wakefield Chapel,Week1,243.0 Wakefield Chapel - 159.0 Crosspointe
Crosspointe,Week4,Parliament,Week2,276.0 Crosspointe - 125.0 Parliament
Daventry,Week1,Herndon,Week4,205.0 Daventry - 194.0 Herndon
Crosspointe,Week4,Parliament,Week4,269.0 Crosspointe - 133.0 Parliament
Daventry,Week2,Herndon,Week3,224.0 Daventry - 173.0 Herndon
Crosspointe,Week5,Wakefield Chapel,Week3,216.0 Wakefield Chapel - 186.0 Crosspointe
Crosspointe,Week4,Fairfax Station,Week3,211.0 Fairfax Station - 191.0 Crosspointe
Crosspointe,Week2,Fairfax Station,Week2,224.0 Fairfax Station - 178.0 Crosspointe
Crosspointe,Week3,Fairfax Station,Week1,208.0 Crosspointe - 194.0 Fairfax Station
Crosspointe,Week3,Wakefield Chapel,Week5,247.0 Wakefield Chapel - 155.0 Crosspointe
Crosspointe,Week2,Pinecrest,Week1,205.0 Pinecrest - 197.0 Crosspointe
Crosspointe,Week3,Fairfax Station,Week4,205.0 Crosspointe - 197.0 Fairfax Station
Daventry,Week3,Hayfield Farm,Week2,287.0 Hayfield Farm - 115.0 Daventry
Crosspointe,Week3,Parliament,Week1,241.0 Crosspointe - 161.0 Parliament
Daventry,Week4,Hayfield Farm,Week1,294.0 Hayfield Farm - 108.0 Daventry
Crosspointe,Week1,Walden Glen,Week1,343.0 Crosspointe - 59.0 Walden Glen
Crosspointe,Week5,Parliament,Week4,288.0 Crosspointe - 114.0 Parliament
Daventry,Week2,Herndon,Week2,221.0 Daventry - 178.0 Herndon
Daventry,Week3,Hayfield Farm,Week5,291.0 Hayfield Farm - 111.0 Daventry
Daventry,Week1,Herndon,Week3,221.0 Daventry - 179.0 Herndon
Crosspointe,Week5,Wakefield Chapel,Week2,208.0 Crosspointe - 194.0 Wakefield Chapel
Crosspointe,Week3,Wakefield Chapel,Week4,231.0 Wakefield Chapel - 171.0 Crosspointe
Crosspointe,Week3,Parliament,Week3,272.5 Crosspointe - 129.5 Parliament
Crosspointe,Week1,Pinecrest,Week1,203.0 Crosspointe - 199.0 Pinecrest
Crosspointe,Week4,Fairfax Station,Week4,201.5 Fairfax Station - 200.5 Crosspointe
Crosspointe,Week5,Fairfax Club Estates,Week2,325.0 Crosspointe - 77.0 Fairfax Club Estates
Crosspointe,Week5,Wakefield Chapel,Week4,206.0 Wakefield Chapel - 196.0 Crosspointe
Crosspointe,Week2,Walden Glen,Week5,277.0 Crosspointe - 125.0 Walden Glen
Crosspointe,Week1,Walden Glen,Week5,289.0 Crosspointe - 113.0 Walden Glen
Crosspointe,Week5,Fairfax Club Estates,Week5,318.0 Crosspointe - 83.0 Fairfax Club Estates
Daventry,Week5,Hayfield Farm,Week1,263.0 Hayfield Farm - 139.0 Daventry
Crosspointe,Week1,Walden Glen,Week4,295.0 Crosspointe - 107.0 Walden Glen
Crosspointe,Week2,Walden Glen,Week4,285.0 Crosspointe - 117.0 Walden Glen
Daventry,Week4,Hayfield Farm,Week4,321.0 Hayfield Farm - 81.0 Daventry
Crosspointe,Week4,Parliament,Week1,240.0 Crosspointe - 162.0 Parliament
Daventry,Week5,Hayfield Farm,Week3,287.0 Hayfield Farm - 115.0 Daventry
Crosspointe,Week1,Pinewood Lake,Week2,377.0 Crosspointe - 24.0 Pinewood Lake
Crosspointe,Week4,Fairfax Station,Week2,204.0 Fairfax Station - 198.0 Crosspointe
Daventry,Week2,Hayfield Farm,Week3,308.0 Hayfield Farm - 94.0 Daventry
Daventry,Week2,Hayfield Farm,Week4,300.0 Hayfield Farm - 102.0 Daventry
Crosspointe,Week3,Pinecrest,Week1,206.0 Pinecrest - 196.0 Crosspointe
Crosspointe,Week2,Parliament,Week4,272.0 Crosspointe - 130.0 Parliament
Daventry,Week3,Hayfield Farm,Week4,291.0 Hayfield Farm - 111.0 Daventry
Crosspointe,Week4,Fairfax Station,Week1,207.0 Crosspointe - 195.0 Fairfax Station
Crosspointe,Week3,Parliament,Week4,260.0 Crosspointe - 142.0 Parliament
Crosspointe,Week3,Fairfax Station,Week3,221.0 Fairfax Station - 181.0 Crosspointe
Crosspointe,Week2,Walden Glen,Week2,288.0 Crosspointe - 113.0 Walden Glen
Crosspointe,Week5,Sleepy Hollow Rec,Week1,336.0 Crosspointe - 66.0 Sleepy Hollow Rec
Daventry,Week5,Hayfield Farm,Week4,278.0 Hayfield Farm - 124.0 Daventry
Crosspointe,Week1,Fairfax Station,Week5,217.0 Fairfax Station - 185.0 Crosspointe
Crosspointe,Week3,Sleepy Hollow Rec,Week2,311.5 Crosspointe - 90.5 Sleepy Hollow Rec
Crosspointe,Week2,Fairfax Station,Week5,239.0 Fairfax Station - 163.0 Crosspointe
Crosspointe,Week2,Parliament,Week2,267.0 Crosspointe - 135.0 Parliament
Crosspointe,Week1,Fairfax Station,Week4,213.0 Crosspointe - 189.0 Fairfax Station
Daventry,Week4,Hayfield Farm,Week2,317.0 Hayfield Farm - 85.0 Daventry
Crosspointe,Week1,Pinecrest,Week4,217.0 Pinecrest - 185.0 Crosspointe
Crosspointe,Week2,Somerset-Olde Creek,Week4,353.0 Crosspointe - 49.0 Somerset-Olde Creek
Crosspointe,Week4,Pinecrest,Week2,211.0 Pinecrest - 191.0 Crosspointe
Daventry,Week1,Hayfield Farm,Week4,305.0 Hayfield Farm - 97.0 Daventry
Crosspointe,Week3,Somerset-Olde Creek,Week1,350.0 Crosspointe - 46.0 Somerset-Olde Creek
Crosspointe,Week3,Parliament,Week2,277.0 Crosspointe - 125.0 Parliament
Crosspointe,Week1,Fairfax Station,Week3,203.0 Crosspointe - 199.0 Fairfax Station
Crosspointe,Week5,Parliament,Week2,294.0 Crosspointe - 108.0 Parliament
Crosspointe,Week4,Sleepy Hollow Rec,Week4,324.0 Crosspointe - 78.0 Sleepy Hollow Rec
Crosspointe,Week3,Parliament,Week5,262.5 Crosspointe - 139.5 Parliament
Daventry,Week5,Hayfield Farm,Week5,260.0 Hayfield Farm - 142.0 Daventry
Crosspointe,Week1,Fairfax Station,Week1,225.0 Crosspointe - 177.0 Fairfax Station
Daventry,Week1,Hayfield Farm,Week5,299.0 Hayfield Farm - 103.0 Daventry
Crosspointe,Week1,Somerset-Olde Creek,Week3,361.0 Crosspointe - 41.0 Somerset-Olde Creek
Daventry,Week4,Hayfield Farm,Week3,311.0 Hayfield Farm - 91.0 Daventry
Crosspointe,Week2,Pinecrest,Week5,226.0 Pinecrest - 176.0 Crosspointe
Crosspointe,Week5,Fairfax Club Estates,Week3,324.0 Crosspointe - 78.0 Fairfax Club Estates
Crosspointe,Week4,Fairfax Station,Week5,226.0 Fairfax Station - 176.0 Crosspointe
Crosspointe,Week4,Sleepy Hollow Rec,Week3,299.0 Crosspointe - 103.0 Sleepy Hollow Rec
Crosspointe,Week4,Pinecrest,Week1,205.0 Crosspointe - 197.0 Pinecrest
Crosspointe,Week1,Pinecrest,Week3,219.0 Pinecrest - 183.0 Crosspointe
Crosspointe,Week3,Fairfax Station,Week5,227.0 Fairfax Station - 175.0 Crosspointe
Daventry,Week1,Herndon,Week5,213.0 Daventry - 184.0 Herndon
Crosspointe,Week3,Sleepy Hollow Rec,Week1,304.5 Crosspointe - 97.5 Sleepy Hollow Rec
Crosspointe,Week1,Forest Hollow,Week2,271.0 Crosspointe - 131.0 Forest Hollow
Daventry,Week3,Daventry,Week4,202.0 Daventry (DV1) - 190.0 Daventry (DV2)
Daventry,Week4,Hayfield Farm,Week5,313.0 Hayfield Farm - 89.0 Daventry
Crosspointe,Week3,Pinecrest,Week4,224.5 Pinecrest - 177.5 Crosspointe
Daventry,Week5,Hayfield Farm,Week2,273.0 Hayfield Farm - 129.0 Daventry
Crosspointe,Week4,Sleepy Hollow Rec,Week1,304.0 Crosspointe - 98.0 Sleepy Hollow Rec
Crosspointe,Week5,Fairfax Station,Week2,237.0 Crosspointe - 165.0 Fairfax Station
Crosspointe,Week3,Pinecrest,Week3,218.0 Pinecrest - 184.0 Crosspointe
Crosspointe,Week3,Forest Hollow,Week4,235.0 Crosspointe - 167.0 Forest Hollow
Crosspointe,Week1,Forest Hollow,Week1,263.0 Crosspointe - 139.0 Forest Hollow
Crosspointe,Week3,Pinecrest,Week2,211.0 Pinecrest - 191.0 Crosspointe
Crosspointe,Week5,Pinecrest,Week3,202.0 Crosspointe - 200.0 Pinecrest
Crosspointe,Week5,Pinecrest,Week1,222.0 Crosspointe - 180.0 Pinecrest
Crosspointe,Week1,Forest Hollow,Week3,259.0 Crosspointe - 143.0 Forest Hollow
Crosspointe,Week1,Sleepy Hollow Rec,Week5,301.0 Crosspointe - 101.0 Sleepy Hollow Rec
Crosspointe,Week4,Pinecrest,Week4,219.0 Pinecrest - 183.0 Crosspointe
Crosspointe,Week5,Fairfax Station,Week1,236.0 Crosspointe - 166.0 Fairfax Station
Crosspointe,Week1,Fairfax Station,Week2,223.0 Crosspointe - 179.0 Fairfax Station
Crosspointe,Week5,Fairfax Station,Week4,232.0 Crosspointe - 170.0 Fairfax Station
Daventry,Week1,Herndon,Week2,217.0 Daventry - 180.0 Herndon
Crosspointe,Week2,Somerset-Olde Creek,Week2,357.0 Crosspointe - 45.0 Somerset-Olde Creek
Crosspointe,Week2,Sleepy Hollow Rec,Week2,322.0 Crosspointe - 80.0 Sleepy Hollow Rec
Crosspointe,Week5,Sleepy Hollow Rec,Week4,350.0 Crosspointe - 52.0 Sleepy Hollow Rec
Crosspointe,Week4,Sleepy Hollow Rec,Week2,316.0 Crosspointe - 86.0 Sleepy Hollow Rec
Daventry,Week3,Daventry,Week1,197.0 Daventry (DV1) - 197.0 Daventry (DV2)
Daventry,Week5,Daventry,Week5,190.5 Daventry (DV1) - 190.5 Daventry (DV2)
Crosspointe,Week5,Sleepy Hollow Rec,Week5,322.0 Crosspointe - 80.0 Sleepy Hollow Rec
Crosspointe,Week2,Sleepy Hollow Rec,Week4,309.0 Crosspointe - 93.0 Sleepy Hollow Rec
Crosspointe,Week4,Pinecrest,Week5,224.0 Pinecrest - 178.0 Crosspointe
Crosspointe,Week1,Forest Hollow,Week5,233.5 Crosspointe - 168.5 Forest Hollow
Crosspointe,Week5,Fairfax Station,Week3,221.0 Crosspointe - 181.0 Fairfax Station
Daventry,Week5,Crosspointe,Week2,317.0 Crosspointe - 85.0 Daventry
Daventry,Week3,Daventry,Week3,187.5 Daventry (DV1) - 187.5 Daventry (DV2)
Daventry,Week5,Daventry,Week2,235.0 Daventry (DV1) - 158.0 Daventry (DV2)
Crosspointe,Week5,Pinecrest,Week2,203.0 Pinecrest - 199.0 Crosspointe
Crosspointe,Week3,Pinecrest,Week5,216.0 Pinecrest - 181.0 Crosspointe
Daventry,Week5,Daventry,Week3,225.0 Daventry (DV1) - 170.0 Daventry (DV2)
Crosspointe,Week2,Sleepy Hollow Rec,Week1,299.0 Crosspointe - 103.0 Sleepy Hollow Rec
Daventry,Week5,Crosspointe,Week3,325.0 Crosspointe - 77.0 Daventry
Crosspointe,Week3,Somerset-Olde Creek,Week3,353.0 Crosspointe - 49.0 Somerset-Olde Creek
Crosspointe,Week3,Sleepy Hollow Rec,Week3,295.0 Crosspointe - 107.0 Sleepy Hollow Rec
Daventry,Week4,Daventry,Week2,204.0 Daventry (DV2) - 191.0 Daventry (DV1)
Crosspointe,Week1,Forest Hollow,Week4,246.0 Crosspointe - 156.0 Forest Hollow
Crosspointe,Week4,Pinecrest,Week3,226.0 Pinecrest - 176.0 Crosspointe
Crosspointe,Week5,Pinecrest,Week4,213.0 Crosspointe - 189.0 Pinecrest
Crosspointe,Week5,Pinecrest,Week5,212.0 Crosspointe - 190.0 Pinecrest
Crosspointe,Week5,Forest Hollow,Week3,281.0 Crosspointe - 121.0 Forest Hollow
Crosspointe,Week5,Forest Hollow,Week4,271.0 Crosspointe - 131.0 Forest Hollow
Crosspointe,Week2,Pinecrest,Week4,223.0 Pinecrest - 179.0 Crosspointe
Daventry,Week2,Daventry,Week2,193.5 Daventry (DV1) - 193.5 Daventry (DV2)
Crosspointe,Week5,Sleepy Hollow Rec,Week3,326.0 Crosspointe - 76.0 Sleepy Hollow Rec
Crosspointe,Week4,Forest Hollow,Week2,261.5 Crosspointe - 140.5 Forest Hollow
Crosspointe,Week3,Forest Hollow,Week5,225.0 Crosspointe - 177.0 Forest Hollow
Crosspointe,Week1,Pinewood Lake,Week1,377.0 Crosspointe - 24.0 Pinewood Lake
Daventry,Week1,Daventry,Week1,194.5 Daventry (DV1) - 194.5 Daventry (DV2)
Daventry,Week2,Daventry,Week5,235.0 Daventry (DV2) - 158.0 Daventry (DV1)
Crosspointe,Week3,Sleepy Hollow Rec,Week5,295.5 Crosspointe - 106.5 Sleepy Hollow Rec
Crosspointe,Week4,Sleepy Hollow Rec,Week5,301.0 Crosspointe - 101.0 Sleepy Hollow Rec
Crosspointe,Week3,Pinewood Lake,Week5,360.0 Crosspointe - 35.0 Pinewood Lake
Crosspointe,Week1,Fox Hunt,Week1,287.0 Crosspointe - 115.0 Fox Hunt
Crosspointe,Week3,Pinewood Lake,Week4,365.0 Crosspointe - 25.0 Pinewood Lake
Daventry,Week3,Daventry,Week2,203.0 Daventry (DV2) - 190.0 Daventry (DV1)
Daventry,Week2,Daventry,Week3,203.0 Daventry (DV1) - 190.0 Daventry (DV2)
Daventry,Week1,Daventry,Week5,237.0 Daventry (DV2) - 161.0 Daventry (DV1)
Crosspointe,Week3,Sleepy Hollow Rec,Week4,324.0 Crosspointe - 78.0 Sleepy Hollow Rec
Crosspointe,Week5,Sleepy Hollow Rec,Week2,338.0 Crosspointe - 64.0 Sleepy Hollow Rec
Crosspointe,Week1,Fox Hunt,Week2,291.0 Crosspointe - 111.0 Fox Hunt
Crosspointe,Week2,Sleepy Hollow Rec,Week5,284.0 Crosspointe - 118.0 Sleepy Hollow Rec
Crosspointe,Week2,Sleepy Hollow Rec,Week3,302.0 Crosspointe - 100.0 Sleepy Hollow Rec
Daventry,Week1,Daventry,Week3,197.0 Daventry (DV1) - 197.0 Daventry (DV2)
Crosspointe,Week1,Pinewood Lake,Week5,375.0 Crosspointe - 26.0 Pinewood Lake
Crosspointe,Week1,Somerset-Olde Creek,Week1,359.0 Crosspointe - 43.0 Somerset-Olde Creek
Crosspointe,Week2,Somerset-Olde Creek,Week3,354.0 Crosspointe - 48.0 Somerset-Olde Creek
Crosspointe,Week2,Forest Hollow,Week2,240.0 Crosspointe - 162.0 Forest Hollow
Crosspointe,Week3,Forest Hollow,Week3,242.0 Crosspointe - 160.0 Forest Hollow
Daventry,Week1,Daventry,Week4,210.0 Daventry (DV2) - 188.0 Daventry (DV1)
Daventry,Week1,Daventry,Week2,205.0 Daventry (DV2) - 192.0 Daventry (DV1)
Crosspointe,Week2,Pinewood Lake,Week2,375.0 Crosspointe - 25.0 Pinewood Lake
Crosspointe,Week2,Forest Hollow,Week1,236.0 Crosspointe - 166.0 Forest Hollow
Crosspointe,Week2,Somerset-Olde Creek,Week1,349.0 Crosspointe - 52.0 Somerset-Olde Creek
Daventry,Week5,Crosspointe,Week4,318.0 Crosspointe - 84.0 Daventry
Crosspointe,Week2,Forest Hollow,Week5,220.0 Crosspointe - 182.0 Forest Hollow
Crosspointe,Week2,Pinewood Lake,Week3,376.0 Crosspointe - 24.0 Pinewood Lake
Crosspointe,Week4,Pinewood Lake,Week4,379.0 Crosspointe - 21.0 Pinewood Lake
Daventry,Week3,Daventry,Week5,225.0 Daventry (DV2) - 170.0 Daventry (DV1)
Crosspointe,Week1,Pinewood Lake,Week4,378.0 Crosspointe - 23.0 Pinewood Lake
Crosspointe,Week2,Forest Hollow,Week4,231.0 Crosspointe - 171.0 Forest Hollow
Daventry,Week5,Crosspointe,Week5,330.0 Crosspointe - 72.0 Daventry
Crosspointe,Week1,Somerset-Olde Creek,Week2,358.0 Crosspointe - 44.0 Somerset-Olde Creek
Crosspointe,Week1,Somerset-Olde Creek,Week4,359.0 Crosspointe - 43.0 Somerset-Olde Creek
Crosspointe,Week3,Forest Hollow,Week1,238.0 Crosspointe - 164.0 Forest Hollow
Crosspointe,Week2,Forest Hollow,Week3,234.0 Crosspointe - 168.0 Forest Hollow
Crosspointe,Week1,Somerset-Olde Creek,Week5,356.0 Crosspointe - 46.0 Somerset-Olde Creek
Crosspointe,Week4,Pinewood Lake,Week2,375.0 Crosspointe - 25.0 Pinewood Lake
Crosspointe,Week3,Pinewood Lake,Week3,366.0 Crosspointe - 24.0 Pinewood Lake
Crosspointe,Week1,Fox Hunt,Week3,263.0 Crosspointe - 139.0 Fox Hunt
Crosspointe,Week4,Forest Hollow,Week4,246.0 Crosspointe - 156.0 Forest Hollow
Crosspointe,Week2,Pinewood Lake,Week1,369.0 Crosspointe - 30.0 Pinewood Lake
Daventry,Week4,Daventry,Week3,202.0 Daventry (DV2) - 190.0 Daventry (DV1)
Crosspointe,Week1,Pinewood Lake,Week3,380.0 Crosspointe - 21.0 Pinewood Lake
Crosspointe,Week4,Pinewood Lake,Week3,380.0 Crosspointe - 20.0 Pinewood Lake
Crosspointe,Week2,South Run,Week3,260.0 Crosspointe - 142.0 South Run
Daventry,Week4,Daventry,Week4,197.5 Daventry (DV1) - 197.5 Daventry (DV2)
Crosspointe,Week5,Forest Hollow,Week1,272.0 Crosspointe - 130.0 Forest Hollow
Crosspointe,Week3,Somerset-Olde Creek,Week2,350.0 Crosspointe - 47.0 Somerset-Olde Creek
Crosspointe,Week2,Somerset-Olde Creek,Week5,333.0 Crosspointe - 69.0 Somerset-Olde Creek
Crosspointe,Week3,Somerset-Olde Creek,Week4,348.0 Crosspointe - 49.0 Somerset-Olde Creek
Daventry,Week3,Dominion Hills,Week2,299.0 Dominion Hills - 103.0 Daventry
Daventry,Week1,Donaldson Run,Week4,355.0 Donaldson Run - 47.0 Daventry
Crosspointe,Week5,Somerset-Olde Creek,Week1,356.0 Crosspointe - 45.0 Somerset-Olde Creek
Crosspointe,Week3,Somerset-Olde Creek,Week5,335.0 Crosspointe - 67.0 Somerset-Olde Creek
Daventry,Week2,Daventry,Week1,205.0 Daventry (DV1) - 192.0 Daventry (DV2)
Daventry,Week4,Daventry,Week5,241.0 Daventry (DV2) - 157.0 Daventry (DV1)
Daventry,Week4,Daventry,Week1,210.0 Daventry (DV1) - 188.0 Daventry (DV2)
Crosspointe,Week5,Forest Hollow,Week5,264.0 Crosspointe - 138.0 Forest Hollow
Crosspointe,Week3,Forest Hollow,Week2,246.0 Crosspointe - 156.0 Forest Hollow
Daventry,Week5,Daventry,Week1,237.0 Daventry (DV1) - 161.0 Daventry (DV2)
Crosspointe,Week4,Pinewood Lake,Week5,371.0 Crosspointe - 29.0 Pinewood Lake
Daventry,Week1,Donaldson Run,Week1,342.0 Donaldson Run - 60.0 Daventry
Crosspointe,Week2,Pinewood Lake,Week4,377.0 Crosspointe - 23.0 Pinewood Lake
Crosspointe,Week3,Pinewood Lake,Week1,362.0 Crosspointe - 23.0 Pinewood Lake
Crosspointe,Week4,Somerset-Olde Creek,Week1,358.0 Crosspointe - 43.0 Somerset-Olde Creek
Crosspointe,Week5,Forest Hollow,Week2,277.0 Crosspointe - 125.0 Forest Hollow
Daventry,Week5,Daventry,Week4,241.0 Daventry (DV1) - 157.0 Daventry (DV2)
Crosspointe,Week4,Forest Hollow,Week1,237.0 Crosspointe - 165.0 Forest Hollow
Crosspointe,Week4,Pleasant Valley,Week2,342.0 Crosspointe - 60.0 Pleasant Valley
Crosspointe,Week5,Pleasant Valley,Week5,335.0 Crosspointe - 67.0 Pleasant Valley
Daventry,Week1,Dominion Hills,Week2,309.0 Dominion Hills - 93.0 Daventry
Daventry,Week2,Dominion Hills,Week2,308.0 Dominion Hills - 94.0 Daventry
Crosspointe,Week5,Pleasant Valley,Week3,327.0 Crosspointe - 75.0 Pleasant Valley
Crosspointe,Week4,Forest Hollow,Week3,255.0 Crosspointe - 147.0 Forest Hollow
Crosspointe,Week4,South Run,Week2,267.0 Crosspointe - 135.0 South Run
Crosspointe,Week4,Somerset-Olde Creek,Week4,346.0 Crosspointe - 56.0 Somerset-Olde Creek
Crosspointe,Week2,South Run,Week4,271.0 Crosspointe - 131.0 South Run
Daventry,Week2,Dominion Hills,Week5,319.0 Dominion Hills - 82.0 Daventry
Crosspointe,Week1,South Run,Week4,277.0 Crosspointe - 125.0 South Run
Crosspointe,Week2,Pinewood Lake,Week5,373.0 Crosspointe - 28.0 Pinewood Lake
Daventry,Week2,Daventry,Week4,204.0 Daventry (DV1) - 191.0 Daventry (DV2)
Crosspointe,Week1,Pleasant Valley,Week3,326.0 Crosspointe - 76.0 Pleasant Valley
Crosspointe,Week5,Somerset-Olde Creek,Week3,358.0 Crosspointe - 44.0 Somerset-Olde Creek
Crosspointe,Week4,Forest Hollow,Week5,235.0 Crosspointe - 167.0 Forest Hollow
Crosspointe,Week4,Pinewood Lake,Week1,375.0 Crosspointe - 24.0 Pinewood Lake
Crosspointe,Week5,Somerset-Olde Creek,Week5,354.0 Crosspointe - 48.0 Somerset-Olde Creek
Crosspointe,Week3,Pinewood Lake,Week2,359.0 Crosspointe - 31.0 Pinewood Lake
Crosspointe,Week5,Pinewood Lake,Week2,371.0 Crosspointe - 30.0 Pinewood Lake
Crosspointe,Week2,South Run,Week5,233.5 Crosspointe - 168.5 South Run
Daventry,Week3,Dominion Hills,Week4,309.0 Dominion Hills - 92.0 Daventry
Daventry,Week3,Dominion Hills,Week1,283.0 Dominion Hills - 119.0 Daventry
Crosspointe,Week5,Pinewood Lake,Week3,378.0 Crosspointe - 23.0 Pinewood Lake
Crosspointe,Week2,South Run,Week2,260.0 Crosspointe - 142.0 South Run
Crosspointe,Week1,South Run,Week5,258.0 Crosspointe - 144.0 South Run
Crosspointe,Week3,South Run,Week4,271.0 Crosspointe - 131.0 South Run
Crosspointe,Week2,Annandale,Week3,315.0 Crosspointe - 87.0 Annandale
Daventry,Week5,Dominion Hills,Week3,269.0 Dominion Hills - 133.0 Daventry
Daventry,Week4,Dominion Hills,Week1,299.5 Dominion Hills - 102.5 Daventry
Daventry,Week4,Dominion Hills,Week4,325.0 Dominion Hills - 77.0 Daventry
Crosspointe,Week3,South Run,Week1,260.0 Crosspointe - 133.0 South Run
Crosspointe,Week1,South Run,Week1,255.0 Crosspointe - 138.0 South Run
Crosspointe,Week2,Pleasant Valley,Week5,328.0 Crosspointe - 73.0 Pleasant Valley
Crosspointe,Week1,Pleasant Valley,Week1,327.0 Crosspointe - 75.0 Pleasant Valley
Crosspointe,Week1,Pleasant Valley,Week2,331.0 Crosspointe - 71.0 Pleasant Valley
Crosspointe,Week1,Arlington Forest,Week2,296.0 Crosspointe - 106.0 Arlington Forest
Crosspointe,Week3,Pleasant Valley,Week4,331.0 Crosspointe - 61.0 Pleasant Valley
Crosspointe,Week2,Pleasant Valley,Week2,337.0 Crosspointe - 65.0 Pleasant Valley
Daventry,Week4,Dominion Hills,Week2,308.5 Dominion Hills - 93.5 Daventry
Crosspointe,Week1,Pleasant Valley,Week5,322.0 Crosspointe - 80.0 Pleasant Valley
Daventry,Week2,Dominion Hills,Week1,295.0 Dominion Hills - 106.0 Daventry
Crosspointe,Week3,South Run,Week3,274.0 Crosspointe - 128.0 South Run
Crosspointe,Week1,South Run,Week3,275.0 Crosspointe - 127.0 South Run
Crosspointe,Week1,Pleasant Valley,Week4,337.0 Crosspointe - 65.0 Pleasant Valley
Crosspointe,Week2,Arlington Forest,Week5,211.0 Crosspointe - 191.0 Arlington Forest
Daventry,Week5,Dominion Hills,Week5,303.0 Dominion Hills - 99.0 Daventry
Crosspointe,Week2,South Run,Week1,246.0 Crosspointe - 147.0 South Run
Crosspointe,Week3,Arlington Forest,Week2,262.0 Crosspointe - 140.0 Arlington Forest
Crosspointe,Week2,Arlington Forest,Week2,271.0 Crosspointe - 131.0 Arlington Forest
Crosspointe,Week2,Arlington Forest,Week3,273.0 Crosspointe - 129.0 Arlington Forest
Crosspointe,Week3,South Run,Week2,273.0 Crosspointe - 124.0 South Run
Crosspointe,Week4,Pleasant Valley,Week1,340.0 Crosspointe - 62.0 Pleasant Valley
Daventry,Week2,Dominion Hills,Week3,297.0 Dominion Hills - 105.0 Daventry
Daventry,Week5,Dominion Hills,Week4,298.5 Dominion Hills - 103.5 Daventry
Daventry,Week1,Dominion Hills,Week3,300.0 Dominion Hills - 102.0 Daventry
Daventry,Week1,Dominion Hills,Week1,292.0 Dominion Hills - 105.0 Daventry
Daventry,Week3,Dominion Hills,Week3,290.0 Dominion Hills - 112.0 Daventry
Crosspointe,Week3,Pleasant Valley,Week5,327.0 Crosspointe - 70.0 Pleasant Valley
Crosspointe,Week2,Pleasant Valley,Week4,337.0 Crosspointe - 65.0 Pleasant Valley
Crosspointe,Week4,Somerset-Olde Creek,Week5,345.0 Crosspointe - 56.0 Somerset-Olde Creek
Crosspointe,Week2,Annandale,Week2,313.0 Crosspointe - 89.0 Annandale
Country Club Hills,Week4,Rolling Forest,Week2,204.5 Rolling Forest - 197.5 Country Club Hills
Crosspointe,Week4,Somerset-Olde Creek,Week3,359.0 Crosspointe - 42.0 Somerset-Olde Creek
Crosspointe,Week5,Pinewood Lake,Week4,379.0 Crosspointe - 22.0 Pinewood Lake
Daventry,Week4,Dominion Hills,Week3,308.0 Dominion Hills - 94.0 Daventry
Crosspointe,Week2,Pleasant Valley,Week3,309.0 Crosspointe - 93.0 Pleasant Valley
Crosspointe,Week5,Somerset-Olde Creek,Week4,363.0 Crosspointe - 39.0 Somerset-Olde Creek
Crosspointe,Week5,Somerset-Olde Creek,Week2,357.0 Crosspointe - 45.0 Somerset-Olde Creek
Crosspointe,Week2,Annandale,Week5,322.0 Crosspointe - 80.0 Annandale
Crosspointe,Week1,South Run,Week2,280.5 Crosspointe - 121.5 South Run
Crosspointe,Week4,Annandale,Week1,326.0 Crosspointe - 76.0 Annandale
Country Club Hills,Week4,Rolling Forest,Week3,230.0 Rolling Forest - 172.0 Country Club Hills
Daventry,Week1,Dominion Hills,Week4,321.0 Dominion Hills - 81.0 Daventry
Crosspointe,Week3,Annandale,Week3,318.0 Crosspointe - 84.0 Annandale
Crosspointe,Week3,Annandale,Week2,317.0 Crosspointe - 85.0 Annandale
Crosspointe,Week4,Pleasant Valley,Week4,337.0 Crosspointe - 63.0 Pleasant Valley
Country Club Hills,Week2,Rolling Forest,Week5,231.0 Rolling Forest - 171.0 Country Club Hills
Crosspointe,Week2,Springboard,Week3,327.0 Crosspointe - 75.0 Springboard
Daventry,Week1,Donaldson Run,Week3,359.0 Donaldson Run - 43.0 Daventry
Crosspointe,Week3,Annandale,Week4,326.0 Crosspointe - 76.0 Annandale
Country Club Hills,Week4,Rolling Forest,Week5,232.0 Rolling Forest - 170.0 Country Club Hills
Crosspointe,Week5,Annandale,Week2,343.0 Crosspointe - 59.0 Annandale
Crosspointe,Week4,Springboard,Week5,323.0 Crosspointe - 79.0 Springboard
Crosspointe,Week5,Springboard,Week2,356.0 Crosspointe - 45.0 Springboard
Crosspointe,Week4,Somerset-Olde Creek,Week2,356.0 Crosspointe - 46.0 Somerset-Olde Creek
Crosspointe,Week1,Springboard,Week1,326.0 Crosspointe - 76.0 Springboard
Daventry,Week1,Donaldson Run,Week2,352.0 Donaldson Run - 50.0 Daventry
Crosspointe,Week3,Pleasant Valley,Week1,330.0 Crosspointe - 72.0 Pleasant Valley
Crosspointe,Week1,Arlington Forest,Week5,229.0 Crosspointe - 173.0 Arlington Forest
Crosspointe,Week4,South Run,Week3,269.0 Crosspointe - 133.0 South Run
Daventry,Week5,Dominion Hills,Week2,274.0 Dominion Hills - 128.0 Daventry
Crosspointe,Week2,Pleasant Valley,Week1,334.0 Crosspointe - 68.0 Pleasant Valley
Daventry,Week3,Dominion Hills,Week5,323.0 Dominion Hills - 79.0 Daventry
Crosspointe,Week5,Pinewood Lake,Week5,372.0 Crosspointe - 29.0 Pinewood Lake
Crosspointe,Week4,Pleasant Valley,Week5,337.0 Crosspointe - 64.0 Pleasant Valley
Daventry,Week2,Dominion Hills,Week4,323.0 Dominion Hills - 79.0 Daventry
Country Club Hills,Week1,Rolling Forest,Week1,212.0 Rolling Forest - 190.0 Country Club Hills
Crosspointe,Week5,Pinewood Lake,Week1,373.0 Crosspointe - 27.0 Pinewood Lake
Crosspointe,Week1,Annandale,Week5,326.0 Crosspointe - 76.0 Annandale
Crosspointe,Week3,South Run,Week5,243.5 Crosspointe - 158.5 South Run
Daventry,Week1,Dominion Hills,Week5,328.0 Dominion Hills - 74.0 Daventry
Crosspointe,Week5,Pleasant Valley,Week1,338.0 Crosspointe - 63.0 Pleasant Valley
Country Club Hills,Week1,Rolling Forest,Week3,234.0 Rolling Forest - 168.0 Country Club Hills
Crosspointe,Week4,Pleasant Valley,Week3,329.0 Crosspointe - 73.0 Pleasant Valley
Daventry,Week5,Dominion Hills,Week1,264.0 Dominion Hills - 138.0 Daventry
Country Club Hills,Week5,Riverside Gardens,Week5,282.0 Riverside Gardens - 120.0 Country Club Hills
Crosspointe,Week1,Springboard,Week3,334.0 Crosspointe - 68.0 Springboard
Country Club Hills,Week5,Rolling Forest,Week2,222.0 Country Club Hills - 180.0 Rolling Forest
Crosspointe,Week2,Annandale,Week1,318.0 Crosspointe - 84.0 Annandale
Country Club Hills,Week4,Rolling Forest,Week4,207.0 Rolling Forest - 195.0 Country Club Hills
Crosspointe,Week4,South Run,Week1,257.0 Crosspointe - 136.0 South Run
Country Club Hills,Week5,Rolling Forest,Week1,213.0 Country Club Hills - 189.0 Rolling Forest
Crosspointe,Week3,Pleasant Valley,Week3,323.0 Crosspointe - 79.0 Pleasant Valley
Crosspointe,Week3,Pleasant Valley,Week2,339.0 Crosspointe - 63.0 Pleasant Valley
Country Club Hills,Week2,Rolling Forest,Week1,229.0 Rolling Forest - 173.0 Country Club Hills
Daventry,Week4,Dominion Hills,Week5,342.0 Dominion Hills - 60.0 Daventry
Crosspointe,Week5,Annandale,Week1,345.5 Crosspointe - 56.5 Annandale
Crosspointe,Week4,Annandale,Week5,321.0 Crosspointe - 81.0 Annandale
Crosspointe,Week5,Pleasant Valley,Week2,345.0 Crosspointe - 56.0 Pleasant Valley
Crosspointe,Week4,Poplar Heights,Week3,256.0 Crosspointe - 146.0 Poplar Heights
Country Club Hills,Week5,Riverside Gardens,Week2,250.0 Riverside Gardens - 152.0 Country Club Hills
Daventry,Week2,Donaldson Run,Week3,357.0 Donaldson Run - 45.0 Daventry
Daventry,Week2,Donaldson Run,Week1,345.0 Donaldson Run - 57.0 Daventry
Crosspointe,Week1,Springboard,Week5,336.0 Crosspointe - 66.0 Springboard
Crosspointe,Week3,Annandale,Week1,319.0 Crosspointe - 78.0 Annandale
Country Club Hills,Week5,Riverside Gardens,Week3,279.0 Riverside Gardens - 123.0 Country Club Hills
Crosspointe,Week3,Springboard,Week2,343.0 Crosspointe - 54.0 Springboard
Crosspointe,Week2,Annandale,Week4,319.0 Crosspointe - 83.0 Annandale
Crosspointe,Week3,Annandale,Week5,321.0 Crosspointe - 81.0 Annandale
Crosspointe,Week1,Springboard,Week4,329.5 Crosspointe - 72.5 Springboard
Crosspointe,Week2,Poplar Heights,Week2,247.0 Crosspointe - 155.0 Poplar Heights
Country Club Hills,Week3,Rolling Forest,Week2,218.0 Rolling Forest - 184.0 Country Club Hills
Daventry,Week1,Donaldson Run,Week5,361.0 Donaldson Run - 41.0 Daventry
Crosspointe,Week4,Annandale,Week2,322.0 Crosspointe - 80.0 Annandale
Daventry,Week2,Donaldson Run,Week2,359.0 Donaldson Run - 43.0 Daventry
Country Club Hills,Week2,Rolling Forest,Week2,210.0 Rolling Forest - 192.0 Country Club Hills
Crosspointe,Week1,Springboard,Week2,352.0 Crosspointe - 50.0 Springboard
Daventry,Week2,Donaldson Run,Week4,358.0 Donaldson Run - 44.0 Daventry
Crosspointe,Week5,Poplar Heights,Week1,288.0 Crosspointe - 114.0 Poplar Heights
Crosspointe,Week4,Annandale,Week3,314.0 Crosspointe - 88.0 Annandale
Crosspointe,Week5,Pleasant Valley,Week4,345.0 Crosspointe - 56.0 Pleasant Valley
Crosspointe,Week2,Springboard,Week5,315.0 Crosspointe - 87.0 Springboard
Crosspointe,Week5,Annandale,Week5,330.0 Crosspointe - 72.0 Annandale
Daventry,Week4,Donaldson Run,Week1,358.0 Donaldson Run - 44.0 Daventry
Crosspointe,Week5,South Run,Week1,275.0 Crosspointe - 118.0 South Run
Crosspointe,Week1,Arlington Forest,Week1,258.0 Crosspointe - 144.0 Arlington Forest
Crosspointe,Week5,Poplar Heights,Week3,269.0 Crosspointe - 133.0 Poplar Heights
Crosspointe,Week3,Poplar Heights,Week2,243.0 Crosspointe - 159.0 Poplar Heights
Daventry,Week1,Dowden Terrace,Week2,293.0 Dowden Terrace - 109.0 Daventry
Daventry,Week2,Dowden Terrace,Week2,301.0 Dowden Terrace - 100.0 Daventry
Crosspointe,Week5,Annandale,Week3,331.0 Crosspointe - 71.0 Annandale
Crosspointe,Week5,South Run,Week4,294.0 Crosspointe - 108.0 South Run
Country Club Hills,Week4,Rolling Forest,Week1,217.0 Rolling Forest - 185.0 Country Club Hills
Crosspointe,Week4,Annandale,Week4,332.0 Crosspointe - 70.0 Annandale
Daventry,Week1,Dowden Terrace,Week5,321.0 Dowden Terrace - 81.0 Daventry
Country Club Hills,Week3,Rolling Forest,Week5,236.0 Rolling Forest - 166.0 Country Club Hills
Crosspointe,Week1,Poplar Heights,Week2,251.5 Crosspointe - 150.5 Poplar Heights
Crosspointe,Week5,Annandale,Week4,346.0 Crosspointe - 56.0 Annandale
Country Club Hills,Week3,Rolling Forest,Week4,209.0 Rolling Forest - 193.0 Country Club Hills
Country Club Hills,Week1,Rolling Forest,Week4,205.0 Rolling Forest - 197.0 Country Club Hills
Crosspointe,Week4,Springboard,Week3,325.0 Crosspointe - 77.0 Springboard
Crosspointe,Week3,Poplar Heights,Week4,237.0 Crosspointe - 165.0 Poplar Heights
Crosspointe,Week2,Poplar Heights,Week5,206.0 Crosspointe - 196.0 Poplar Heights
Crosspointe,Week4,South Run,Week4,272.0 Crosspointe - 130.0 South Run
Daventry,Week4,Donaldson Run,Week4,364.0 Donaldson Run - 38.0 Daventry
Daventry,Week2,Donaldson Run,Week5,359.5 Donaldson Run - 42.5 Daventry
Country Club Hills,Week3,Rolling Forest,Week3,234.0 Rolling Forest - 168.0 Country Club Hills
Crosspointe,Week3,Springboard,Week4,312.5 Crosspointe - 89.5 Springboard
Country Club Hills,Week2,Rolling Forest,Week3,235.0 Rolling Forest - 167.0 Country Club Hills
Crosspointe,Week5,South Run,Week2,292.0 Crosspointe - 110.0 South Run
Country Club Hills,Week1,Rolling Forest,Week5,223.0 Rolling Forest - 179.0 Country Club Hills
Crosspointe,Week4,Brandywine,Week3,267.0 Crosspointe - 135.0 Brandywine
Crosspointe,Week4,Poplar Heights,Week2,253.0 Crosspointe - 149.0 Poplar Heights
Crosspointe,Week2,Arlington Forest,Week1,251.0 Crosspointe - 151.0 Arlington Forest
Crosspointe,Week1,Poplar Tree,Week5,203.0 Poplar Tree - 199.0 Crosspointe
Crosspointe,Week2,Arlington Forest,Week4,236.0 Crosspointe - 166.0 Arlington Forest
Crosspointe,Week3,Springboard,Week3,331.0 Crosspointe - 66.0 Springboard
Country Club Hills,Week1,Rolling Forest,Week2,205.0 Rolling Forest - 197.0 Country Club Hills
Crosspointe,Week5,South Run,Week5,265.0 Crosspointe - 137.0 South Run
Crosspointe,Week3,Springboard,Week5,317.0 Crosspointe - 85.0 Springboard
Crosspointe,Week1,Arlington Forest,Week4,243.0 Crosspointe - 159.0 Arlington Forest
Country Club Hills,Week5,Riverside Gardens,Week4,285.0 Riverside Gardens - 117.0 Country Club Hills
Crosspointe,Week3,Poplar Heights,Week5,239.0 Crosspointe - 163.0 Poplar Heights
Country Club Hills,Week4,Springboard,Week3,253.0 Country Club Hills - 149.0 Springboard
Daventry,Week1,Dowden Terrace,Week3,298.0 Dowden Terrace - 104.0 Daventry
Daventry,Week5,Donaldson Run,Week3,345.0 Donaldson Run - 57.0 Daventry
Crosspointe,Week3,Poplar Heights,Week3,254.0 Crosspointe - 148.0 Poplar Heights
Daventry,Week1,Dowden Terrace,Week4,302.0 Dowden Terrace - 100.0 Daventry
Crosspointe,Week2,Springboard,Week4,317.5 Crosspointe - 84.5 Springboard
Daventry,Week5,Donaldson Run,Week1,337.0 Donaldson Run - 65.0 Daventry
Daventry,Week5,Donaldson Run,Week2,344.0 Donaldson Run - 58.0 Daventry
Crosspointe,Week5,South Run,Week3,287.0 Crosspointe - 115.0 South Run
Crosspointe,Week3,Arlington Forest,Week4,237.0 Crosspointe - 165.0 Arlington Forest
Crosspointe,Week1,Arlington Forest,Week3,276.0 Crosspointe - 126.0 Arlington Forest
Crosspointe,Week3,Arlington Forest,Week1,259.0 Crosspointe - 143.0 Arlington Forest
Daventry,Week5,Dowden Terrace,Week4,283.0 Dowden Terrace - 114.0 Daventry
Crosspointe,Week4,Poplar Heights,Week1,262.0 Crosspointe - 140.0 Poplar Heights
Daventry,Week3,Donaldson Run,Week1,354.0 Donaldson Run - 48.0 Daventry
Country Club Hills,Week3,Rolling Forest,Week1,222.0 Rolling Forest - 180.0 Country Club Hills
Crosspointe,Week4,Poplar Heights,Week5,243.0 Crosspointe - 159.0 Poplar Heights
Daventry,Week5,Donaldson Run,Week4,340.0 Donaldson Run - 62.0 Daventry
Crosspointe,Week4,Poplar Heights,Week4,244.0 Crosspointe - 158.0 Poplar Heights
Country Club Hills,Week2,Rolling Forest,Week4,211.0 Rolling Forest - 191.0 Country Club Hills
Country Club Hills,Week5,Springboard,Week1,266.0 Country Club Hills - 135.0 Springboard
Crosspointe,Week2,Poplar Heights,Week4,216.0 Crosspointe - 186.0 Poplar Heights
Crosspointe,Week5,Arlington Forest,Week2,313.0 Crosspointe - 89.0 Arlington Forest
Crosspointe,Week1,Poplar Heights,Week1,265.0 Crosspointe - 137.0 Poplar Heights
Crosspointe,Week4,Springboard,Week2,341.0 Crosspointe - 61.0 Springboard
Daventry,Week5,Donaldson Run,Week5,356.0 Donaldson Run - 46.0 Daventry
Crosspointe,Week1,Poplar Heights,Week4,237.0 Crosspointe - 165.0 Poplar Heights
Country Club Hills,Week2,Springboard,Week3,247.0 Country Club Hills - 155.0 Springboard
Crosspointe,Week3,Brandywine,Week1,267.0 Crosspointe - 130.0 Brandywine
Crosspointe,Week3,Springboard,Week1,318.0 Crosspointe - 84.0 Springboard
Crosspointe,Week2,Springboard,Week2,335.0 Crosspointe - 67.0 Springboard
Crosspointe,Week3,Brandywine,Week3,253.0 Crosspointe - 139.0 Brandywine
Daventry,Week1,Dunn Loring,Week1,325.0 Dunn Loring - 77.0 Daventry
Crosspointe,Week4,Springboard,Week4,321.0 Crosspointe - 81.0 Springboard
Country Club Hills,Week5,Springboard,Week3,274.0 Country Club Hills - 127.0 Springboard
Crosspointe,Week5,Arlington Forest,Week3,300.0 Crosspointe - 102.0 Arlington Forest
Country Club Hills,Week2,Springboard,Week4,248.0 Country Club Hills - 154.0 Springboard
Crosspointe,Week4,Springboard,Week1,325.0 Crosspointe - 77.0 Springboard
Crosspointe,Week3,Brandywine,Week4,265.5 Crosspointe - 136.5 Brandywine
Crosspointe,Week1,Brandywine,Week3,262.0 Crosspointe - 140.0 Brandywine
Crosspointe,Week2,Springboard,Week1,321.0 Crosspointe - 81.0 Springboard
Crosspointe,Week4,Arlington Forest,Week3,287.0 Crosspointe - 115.0 Arlington Forest
Daventry,Week3,Donaldson Run,Week3,365.0 Donaldson Run - 37.0 Daventry
Crosspointe,Week5,Poplar Heights,Week4,268.0 Crosspointe - 134.0 Poplar Heights
Crosspointe,Week4,South Run,Week5,245.0 Crosspointe - 157.0 South Run
Crosspointe,Week2,Poplar Heights,Week3,223.0 Crosspointe - 179.0 Poplar Heights
Country Club Hills,Week2,Springboard,Week1,258.0 Country Club Hills - 144.0 Springboard
Country Club Hills,Week5,Springboard,Week2,301.0 Country Club Hills - 100.0 Springboard
Daventry,Week1,Dowden Terrace,Week1,297.0 Dowden Terrace - 104.0 Daventry
Crosspointe,Week1,Poplar Heights,Week5,243.0 Crosspointe - 159.0 Poplar Heights
Crosspointe,Week4,Springfield,Week2,379.0 Crosspointe - 21.0 Springfield
Daventry,Week4,Donaldson Run,Week3,365.0 Donaldson Run - 37.0 Daventry
Crosspointe,Week2,Poplar Heights,Week1,247.5 Crosspointe - 154.5 Poplar Heights
Country Club Hills,Week4,Riverside Gardens,Week3,299.0 Riverside Gardens - 103.0 Country Club Hills
Country Club Hills,Week5,South Run,Week5,204.0 Country Club Hills - 198.0 South Run
Crosspointe,Week5,Arlington Forest,Week5,258.0 Crosspointe - 144.0 Arlington Forest
Daventry,Week3,Donaldson Run,Week5,362.0 Donaldson Run - 40.0 Daventry
Crosspointe,Week1,Poplar Tree,Week4,223.0 Crosspointe - 179.0 Poplar Tree
Crosspointe,Week5,Springboard,Week1,342.0 Crosspointe - 59.0 Springboard
Country Club Hills,Week1,Riverside Gardens,Week4,288.0 Riverside Gardens - 114.0 Country Club Hills
Crosspointe,Week3,Springfield,Week5,379.0 Crosspointe - 13.0 Springfield
Country Club Hills,Week1,Riverside Gardens,Week3,295.0 Riverside Gardens - 107.0 Country Club Hills
Crosspointe,Week5,Poplar Heights,Week5,272.0 Crosspointe - 130.0 Poplar Heights
Crosspointe,Week3,Arlington Forest,Week5,225.0 Crosspointe - 177.0 Arlington Forest
Country Club Hills,Week3,Springboard,Week3,251.0 Country Club Hills - 150.0 Springboard
Crosspointe,Week4,Brandywine,Week2,274.0 Crosspointe - 128.0 Brandywine
Crosspointe,Week1,Poplar Tree,Week2,238.0 Crosspointe - 164.0 Poplar Tree
Crosspointe,Week3,Poplar Heights,Week1,260.0 Crosspointe - 142.0 Poplar Heights
Crosspointe,Week4,Springfield,Week4,379.0 Crosspointe - 21.0 Springfield
Daventry,Week3,Donaldson Run,Week4,360.0 Donaldson Run - 42.0 Daventry
Country Club Hills,Week1,Riverside Gardens,Week1,286.0 Riverside Gardens - 116.0 Country Club Hills
Country Club Hills,Week3,Springboard,Week2,284.0 Country Club Hills - 117.0 Springboard
Crosspointe,Week5,Springboard,Week3,347.0 Crosspointe - 54.0 Springboard
Daventry,Week2,Dowden Terrace,Week3,304.0 Dowden Terrace - 98.0 Daventry
Crosspointe,Week4,Arlington Forest,Week4,250.0 Crosspointe - 152.0 Arlington Forest
Crosspointe,Week5,Poplar Heights,Week2,274.0 Crosspointe - 128.0 Poplar Heights
Daventry,Week4,Donaldson Run,Week2,362.0 Donaldson Run - 40.0 Daventry
Country Club Hills,Week1,Springboard,Week1,261.0 Country Club Hills - 141.0 Springboard
Daventry,Week3,Dowden Terrace,Week3,302.0 Dowden Terrace - 100.0 Daventry
Country Club Hills,Week2,Springfield,Week4,352.0 Country Club Hills - 48.0 Springfield
Crosspointe,Week1,Brandywine,Week2,274.0 Crosspointe - 128.0 Brandywine
Country Club Hills,Week1,Springboard,Week2,288.0 Country Club Hills - 114.0 Springboard
Crosspointe,Week5,Springfield,Week4,384.0 Crosspointe - 17.0 Springfield
Crosspointe,Week1,Poplar Heights,Week3,249.0 Crosspointe - 153.0 Poplar Heights
Crosspointe,Week5,Arlington Forest,Week4,278.0 Crosspointe - 124.0 Arlington Forest
Daventry,Week2,Dowden Terrace,Week4,305.0 Dowden Terrace - 97.0 Daventry
Crosspointe,Week3,Hunt Valley,Week3,223.0 Hunt Valley - 179.0 Crosspointe
Country Club Hills,Week5,South Run,Week4,232.0 Country Club Hills - 170.0 South Run
Crosspointe,Week5,Hunt Valley,Week2,239.0 Crosspointe - 163.0 Hunt Valley
Crosspointe,Week1,Poplar Tree,Week3,218.0 Crosspointe - 184.0 Poplar Tree
Daventry,Week4,Donaldson Run,Week5,373.0 Donaldson Run - 29.0 Daventry
Crosspointe,Week4,Springfield,Week5,388.0 Crosspointe - 11.0 Springfield
Crosspointe,Week2,Stratford,Week2,328.0 Crosspointe - 74.0 Stratford
Country Club Hills,Week3,Riverside Gardens,Week2,276.0 Riverside Gardens - 126.0 Country Club Hills
Crosspointe,Week5,Arlington Forest,Week1,287.0 Crosspointe - 115.0 Arlington Forest
Crosspointe,Week4,Springfield,Week3,381.0 Crosspointe - 19.0 Springfield
Crosspointe,Week1,Hunt Valley,Week3,212.0 Hunt Valley - 190.0 Crosspointe
Crosspointe,Week2,Poplar Tree,Week2,220.0 Crosspointe - 182.0 Poplar Tree
Crosspointe,Week2,Poplar Tree,Week4,227.0 Crosspointe - 175.0 Poplar Tree
Crosspointe,Week2,Brandywine,Week3,255.0 Crosspointe - 147.0 Brandywine
Country Club Hills,Week2,Springboard,Week5,238.0 Country Club Hills - 164.0 Springboard
Country Club Hills,Week4,Springboard,Week5,244.0 Country Club Hills - 158.0 Springboard
Crosspointe,Week1,Hunt Valley,Week4,210.0 Crosspointe - 192.0 Hunt Valley
Country Club Hills,Week2,Riverside Gardens,Week4,297.0 Riverside Gardens - 105.0 Country Club Hills
Country Club Hills,Week2,Riverside Gardens,Week2,273.0 Riverside Gardens - 129.0 Country Club Hills
Crosspointe,Week1,Brandywine,Week1,284.0 Crosspointe - 118.0 Brandywine
Crosspointe,Week4,Arlington Forest,Week2,275.0 Crosspointe - 127.0 Arlington Forest
Daventry,Week3,Dowden Terrace,Week1,296.0 Dowden Terrace - 102.0 Daventry
Crosspointe,Week1,Poplar Tree,Week1,224.0 Crosspointe - 178.0 Poplar Tree
Crosspointe,Week2,Poplar Tree,Week1,208.0 Crosspointe - 194.0 Poplar Tree
Crosspointe,Week5,Springboard,Week4,329.0 Crosspointe - 73.0 Springboard
Crosspointe,Week3,Hunt Valley,Week4,225.0 Hunt Valley - 177.0 Crosspointe
Crosspointe,Week2,Springfield,Week1,389.0 Crosspointe - 13.0 Springfield
Crosspointe,Week2,Poplar Tree,Week3,221.0 Crosspointe - 181.0 Poplar Tree
Country Club Hills,Week1,Riverside Gardens,Week5,304.0 Riverside Gardens - 98.0 Country Club Hills
Crosspointe,Week4,Arlington Forest,Week5,229.0 Crosspointe - 173.0 Arlington Forest
Country Club Hills,Week1,Springboard,Week4,255.0 Country Club Hills - 147.0 Springboard
Crosspointe,Week4,Hunt Valley,Week3,230.0 Hunt Valley - 172.0 Crosspointe
Daventry,Week3,Dowden Terrace,Week5,322.0 Dowden Terrace - 80.0 Daventry
Country Club Hills,Week5,South Run,Week3,231.0 Country Club Hills - 171.0 South Run
Crosspointe,Week5,Springboard,Week5,341.0 Crosspointe - 60.0 Springboard
Daventry,Week2,Dowden Terrace,Week5,315.0 Dowden Terrace - 87.0 Daventry
Crosspointe,Week1,Springfield,Week2,388.0 Crosspointe - 14.0 Springfield
Crosspointe,Week1,Brandywine,Week4,270.5 Crosspointe - 131.5 Brandywine
Daventry,Week3,Donaldson Run,Week2,361.0 Donaldson Run - 41.0 Daventry
Daventry,Week3,Dowden Terrace,Week2,294.0 Dowden Terrace - 108.0 Daventry
Country Club Hills,Week1,Springboard,Week5,264.0 Country Club Hills - 138.0 Springboard
Country Club Hills,Week1,Riverside Gardens,Week2,273.0 Riverside Gardens - 129.0 Country Club Hills
Crosspointe,Week4,Poplar Tree,Week4,230.0 Crosspointe - 172.0 Poplar Tree
Daventry,Week2,Dowden Terrace,Week1,291.5 Dowden Terrace - 101.5 Daventry
Crosspointe,Week1,Springfield,Week3,390.0 Crosspointe - 12.0 Springfield
Country Club Hills,Week3,Springfield,Week2,348.0 Country Club Hills - 50.0 Springfield
Crosspointe,Week2,Brandywine,Week1,268.0 Crosspointe - 134.0 Brandywine
Crosspointe,Week5,Hunt Valley,Week5,217.0 Crosspointe - 185.0 Hunt Valley
Crosspointe,Week2,Hunt Valley,Week1,206.0 Hunt Valley - 196.0 Crosspointe
Crosspointe,Week4,Arlington Forest,Week1,253.0 Crosspointe - 149.0 Arlington Forest
Crosspointe,Week3,Springfield,Week3,373.0 Crosspointe - 14.0 Springfield
Country Club Hills,Week3,Springboard,Week5,254.0 Country Club Hills - 147.0 Springboard
Crosspointe,Week3,Ravensworth Farm,Week2,239.0 Crosspointe - 163.0 Ravensworth Farm
Country Club Hills,Week2,Riverside Gardens,Week1,289.0 Riverside Gardens - 113.0 Country Club Hills
Crosspointe,Week2,Poplar Tree,Week5,207.0 Poplar Tree - 195.0 Crosspointe
Daventry,Week4,Dowden Terrace,Week1,300.0 Dowden Terrace - 98.0 Daventry
Country Club Hills,Week3,Springboard,Week1,261.0 Country Club Hills - 140.0 Springboard
Crosspointe,Week3,Arlington Forest,Week3,271.0 Crosspointe - 131.0 Arlington Forest
Crosspointe,Week5,Holmes Run Acres,Week1,289.0 Crosspointe - 113.0 Holmes Run Acres
Daventry,Week4,Dowden Terrace,Week2,308.0 Dowden Terrace - 94.0 Daventry
Crosspointe,Week4,Holmes Run Acres,Week5,228.0 Crosspointe - 174.0 Holmes Run Acres
Crosspointe,Week2,Springfield,Week5,384.0 Crosspointe - 18.0 Springfield
Crosspointe,Week3,Poplar Tree,Week2,228.0 Crosspointe - 169.0 Poplar Tree
Country Club Hills,Week5,South Run,Week2,237.0 Country Club Hills - 165.0 South Run
Country Club Hills,Week2,Springboard,Week2,272.0 Country Club Hills - 130.0 Springboard
Crosspointe,Week2,Springfield,Week3,376.0 Crosspointe - 25.0 Springfield
Crosspointe,Week2,Brandywine,Week5,241.0 Crosspointe - 161.0 Brandywine
Country Club Hills,Week2,Riverside Gardens,Week3,305.0 Riverside Gardens - 97.0 Country Club Hills
Country Club Hills,Week2,Riverside Gardens,Week5,306.0 Riverside Gardens - 96.0 Country Club Hills
Crosspointe,Week1,Brandywine,Week5,258.0 Crosspointe - 144.0 Brandywine
Daventry,Week4,Dowden Terrace,Week4,306.0 Dowden Terrace - 96.0 Daventry
Crosspointe,Week5,Holmes Run Acres,Week5,255.0 Crosspointe - 147.0 Holmes Run Acres
Daventry,Week4,Dowden Terrace,Week3,308.0 Dowden Terrace - 94.0 Daventry
Country Club Hills,Week1,Springboard,Week3,254.0 Country Club Hills - 148.0 Springboard
Crosspointe,Week2,Ravensworth Farm,Week3,219.0 Crosspointe - 183.0 Ravensworth Farm
Crosspointe,Week2,Brandywine,Week2,271.0 Crosspointe - 131.0 Brandywine
Crosspointe,Week2,Brandywine,Week4,250.5 Crosspointe - 151.5 Brandywine
Country Club Hills,Week3,Springboard,Week4,246.0 Country Club Hills - 156.0 Springboard
Crosspointe,Week5,Holmes Run Acres,Week4,288.0 Crosspointe - 114.0 Holmes Run Acres
Crosspointe,Week5,Poplar Tree,Week2,245.0 Crosspointe - 157.0 Poplar Tree
Daventry,Week5,Dowden Terrace,Week1,264.0 Dowden Terrace - 134.0 Daventry
Crosspointe,Week3,Brandywine,Week2,273.0 Crosspointe - 129.0 Brandywine
Daventry,Week3,Dowden Terrace,Week4,298.0 Dowden Terrace - 104.0 Daventry
Daventry,Week2,Chesterbrook,Week5,386.0 Chesterbrook - 15.0 Daventry
Crosspointe,Week3,Brandywine,Week5,247.0 Crosspointe - 155.0 Brandywine
Country Club Hills,Week3,Riverside Gardens,Week3,294.5 Riverside Gardens - 107.5 Country Club Hills
Country Club Hills,Week3,Riverside Gardens,Week4,302.0 Riverside Gardens - 100.0 Country Club Hills
Crosspointe,Week5,Poplar Tree,Week4,255.0 Crosspointe - 147.0 Poplar Tree
Daventry,Week5,Dowden Terrace,Week2,279.0 Dowden Terrace - 123.0 Daventry
Crosspointe,Week1,Springfield,Week1,396.0 Crosspointe - 5.0 Springfield
Crosspointe,Week5,Poplar Tree,Week1,241.0 Crosspointe - 161.0 Poplar Tree
Crosspointe,Week3,Springfield,Week1,375.0 Crosspointe - 17.0 Springfield
Crosspointe,Week5,Holmes Run Acres,Week2,295.0 Crosspointe - 107.0 Holmes Run Acres
Country Club Hills,Week4,Springboard,Week1,246.5 Country Club Hills - 155.5 Springboard
Daventry,Week4,Dowden Terrace,Week5,325.0 Dowden Terrace - 77.0 Daventry
Crosspointe,Week3,Springfield,Week4,367.0 Crosspointe - 30.0 Springfield
Crosspointe,Week3,Springfield,Week2,373.0 Crosspointe - 19.0 Springfield
Crosspointe,Week1,Hunt Valley,Week2,212.0 Crosspointe - 190.0 Hunt Valley
Crosspointe,Week5,Holmes Run Acres,Week3,268.0 Crosspointe - 134.0 Holmes Run Acres
Country Club Hills,Week4,Springboard,Week2,280.0 Country Club Hills - 122.0 Springboard
Crosspointe,Week2,Springfield,Week2,376.0 Crosspointe - 25.0 Springfield
Crosspointe,Week1,Ravensworth Farm,Week1,235.0 Crosspointe - 167.0 Ravensworth Farm
Crosspointe,Week3,Hunt Valley,Week5,222.5 Hunt Valley - 179.5 Crosspointe
Crosspointe,Week5,Poplar Tree,Week5,221.0 Crosspointe - 181.0 Poplar Tree
Crosspointe,Week3,Canterbury Woods,Week3,285.0 Crosspointe - 117.0 Canterbury Woods
Daventry,Week1,Dunn Loring,Week3,360.0 Dunn Loring - 42.0 Daventry
Crosspointe,Week4,Poplar Tree,Week2,225.3 Crosspointe - 176.7 Poplar Tree
Crosspointe,Week5,Bren Mar-Edsall Park,Week3,380.0 Crosspointe - 22.0 Bren Mar-Edsall Park
Crosspointe,Week4,Poplar Tree,Week1,213.0 Crosspointe - 189.0 Poplar Tree
Daventry,Week4,Chesterbrook,Week5,391.0 Chesterbrook - 11.0 Daventry
Country Club Hills,Week1,Springfield,Week3,352.0 Country Club Hills - 48.0 Springfield
Country Club Hills,Week4,Riverside Gardens,Week1,300.0 Riverside Gardens - 102.0 Country Club Hills
Country Club Hills,Week4,Springboard,Week4,242.0 Country Club Hills - 160.0 Springboard
Country Club Hills,Week5,Springboard,Week4,265.0 Country Club Hills - 137.0 Springboard
Crosspointe,Week2,Ravensworth Farm,Week4,217.0 Crosspointe - 185.0 Ravensworth Farm
Daventry,Week5,Cardinal Hill,Week1,319.0 Cardinal Hill - 83.0 Daventry
Crosspointe,Week5,Brandywine,Week5,270.0 Crosspointe - 132.0 Brandywine
Crosspointe,Week3,Poplar Tree,Week5,204.0 Poplar Tree - 198.0 Crosspointe
Daventry,Week2,Dunn Loring,Week3,351.0 Dunn Loring - 51.0 Daventry
Crosspointe,Week5,Springfield,Week2,388.0 Crosspointe - 12.0 Springfield
Crosspointe,Week5,Springfield,Week1,395.0 Crosspointe - 6.0 Springfield
Country Club Hills,Week3,Riverside Gardens,Week5,311.0 Riverside Gardens - 91.0 Country Club Hills
Daventry,Week1,Dunn Loring,Week2,351.0 Dunn Loring - 51.0 Daventry
Country Club Hills,Week5,Springboard,Week5,251.0 Country Club Hills - 150.0 Springboard
Country Club Hills,Week1,Springfield,Week5,354.0 Country Club Hills - 46.0 Springfield
Crosspointe,Week3,Poplar Tree,Week3,227.0 Crosspointe - 175.0 Poplar Tree
Country Club Hills,Week3,Riverside Gardens,Week1,293.0 Riverside Gardens - 109.0 Country Club Hills
Daventry,Week5,Dowden Terrace,Week5,301.0 Dowden Terrace - 101.0 Daventry
Country Club Hills,Week1,Springfield,Week2,354.0 Country Club Hills - 41.0 Springfield
Daventry,Week5,Cardinal Hill,Week5,310.0 Cardinal Hill - 91.0 Daventry
Crosspointe,Week1,Bren Mar-Edsall Park,Week1,385.0 Crosspointe - 17.0 Bren Mar-Edsall Park
Crosspointe,Week5,Hunt Valley,Week1,237.0 Crosspointe - 165.0 Hunt Valley
Daventry,Week3,Chesterbrook,Week1,374.0 Chesterbrook - 28.0 Daventry
Daventry,Week5,Cardinal Hill,Week3,323.0 Cardinal Hill - 79.0 Daventry
Crosspointe,Week4,Bren Mar-Edsall Park,Week2,382.0 Crosspointe - 19.0 Bren Mar-Edsall Park
Crosspointe,Week1,Springfield,Week4,385.0 Crosspointe - 17.0 Springfield
Country Club Hills,Week4,Riverside Gardens,Week2,279.0 Riverside Gardens - 123.0 Country Club Hills
Crosspointe,Week4,Hunt Valley,Week2,204.0 Hunt Valley - 198.0 Crosspointe
Crosspointe,Week4,Brandywine,Week1,277.0 Crosspointe - 125.0 Brandywine
Crosspointe,Week4,Brandywine,Week4,256.5 Crosspointe - 145.5 Brandywine
Crosspointe,Week4,Hunt Valley,Week4,213.0 Hunt Valley - 189.0 Crosspointe
Crosspointe,Week2,Hunt Valley,Week5,242.0 Hunt Valley - 160.0 Crosspointe
Crosspointe,Week2,Hunt Valley,Week3,240.0 Hunt Valley - 162.0 Crosspointe
Daventry,Week1,Chesterbrook,Week2,383.0 Chesterbrook - 19.0 Daventry
Crosspointe,Week4,Springfield,Week1,387.0 Crosspointe - 13.0 Springfield
Crosspointe,Week1,Springfield,Week5,396.0 Crosspointe - 5.0 Springfield
Daventry,Week5,Dowden Terrace,Week3,280.0 Dowden Terrace - 122.0 Daventry
Daventry,Week1,Dunn Loring,Week4,361.0 Dunn Loring - 41.0 Daventry
Crosspointe,Week1,Hunt Valley,Week1,222.0 Crosspointe - 180.0 Hunt Valley
Crosspointe,Week5,Bren Mar-Edsall Park,Week5,376.0 Crosspointe - 26.0 Bren Mar-Edsall Park
Daventry,Week4,Chesterbrook,Week1,382.0 Chesterbrook - 20.0 Daventry
Crosspointe,Week2,Hunt Valley,Week2,209.0 Hunt Valley - 193.0 Crosspointe
Crosspointe,Week5,Canterbury Woods,Week5,303.0 Crosspointe - 98.0 Canterbury Woods
Crosspointe,Week1,Ravensworth Farm,Week2,246.0 Crosspointe - 156.0 Ravensworth Farm
Crosspointe,Week5,Camelot,Week4,295.0 Crosspointe - 107.0 Camelot
Crosspointe,Week1,Hunt Valley,Week5,205.0 Hunt Valley - 197.0 Crosspointe
Crosspointe,Week2,Springfield,Week4,371.0 Crosspointe - 31.0 Springfield
Daventry,Week3,Dunn Loring,Week1,316.0 Dunn Loring - 86.0 Daventry
Country Club Hills,Week1,Springfield,Week1,344.0 Country Club Hills - 56.0 Springfield
Crosspointe,Week2,Bren Mar-Edsall Park,Week1,380.0 Crosspointe - 22.0 Bren Mar-Edsall Park
Crosspointe,Week2,Bren Mar-Edsall Park,Week2,381.0 Crosspointe - 21.0 Bren Mar-Edsall Park
Daventry,Week2,Dunn Loring,Week4,358.0 Dunn Loring - 43.0 Daventry
Country Club Hills,Week2,Springfield,Week2,356.0 Country Club Hills - 44.0 Springfield
Crosspointe,Week5,Poplar Tree,Week3,248.0 Crosspointe - 154.0 Poplar Tree
Crosspointe,Week5,Springfield,Week3,387.0 Crosspointe - 13.0 Springfield
Country Club Hills,Week2,Springfield,Week1,350.0 Country Club Hills - 50.0 Springfield
Crosspointe,Week3,Poplar Tree,Week4,224.0 Crosspointe - 178.0 Poplar Tree
Crosspointe,Week1,Canterbury Woods,Week1,314.0 Crosspointe - 88.0 Canterbury Woods
Daventry,Week3,Dunn Loring,Week2,347.5 Dunn Loring - 54.5 Daventry
Daventry,Week3,Chesterbrook,Week3,385.0 Chesterbrook - 17.0 Daventry
Crosspointe,Week5,Springfield,Week5,390.5 Crosspointe - 10.5 Springfield
Crosspointe,Week2,Hunt Valley,Week4,227.0 Hunt Valley - 175.0 Crosspointe
Daventry,Week2,Chesterbrook,Week1,375.0 Chesterbrook - 27.0 Daventry
Country Club Hills,Week2,Springfield,Week3,360.0 Country Club Hills - 40.0 Springfield
Daventry,Week3,Dunn Loring,Week5,350.0 Dunn Loring - 52.0 Daventry
Crosspointe,Week4,Bren Mar-Edsall Park,Week1,383.0 Crosspointe - 19.0 Bren Mar-Edsall Park
Country Club Hills,Week1,Springfield,Week4,347.0 Country Club Hills - 53.0 Springfield
Daventry,Week3,Chesterbrook,Week2,379.5 Chesterbrook - 22.5 Daventry
Crosspointe,Week1,Stratford,Week4,275.0 Crosspointe - 127.0 Stratford
Crosspointe,Week4,Hunt Valley,Week1,204.0 Hunt Valley - 198.0 Crosspointe
Crosspointe,Week3,Hunt Valley,Week2,204.0 Crosspointe - 198.0 Hunt Valley
Crosspointe,Week3,Canterbury Woods,Week4,278.5 Crosspointe - 123.5 Canterbury Woods
Crosspointe,Week1,Stratford,Week2,315.0 Crosspointe - 87.0 Stratford
Country Club Hills,Week2,Springfield,Week5,367.0 Country Club Hills - 33.0 Springfield
Crosspointe,Week4,Canterbury Woods,Week4,279.0 Crosspointe - 123.0 Canterbury Woods
Crosspointe,Week1,Stratford,Week3,310.0 Crosspointe - 92.0 Stratford
Crosspointe,Week1,Ravensworth Farm,Week4,231.0 Crosspointe - 171.0 Ravensworth Farm
Crosspointe,Week1,Stratford,Week1,310.0 Crosspointe - 92.0 Stratford
Daventry,Week1,Commonwealth,Week5,268.0 Commonwealth - 134.0 Daventry
Crosspointe,Week1,Ravensworth Farm,Week3,241.0 Crosspointe - 161.0 Ravensworth Farm
Crosspointe,Week1,Canterbury Woods,Week3,299.0 Crosspointe - 103.0 Canterbury Woods
Country Club Hills,Week3,Springfield,Week1,334.0 Country Club Hills - 65.0 Springfield
Crosspointe,Week3,Hunt Valley,Week1,208.0 Crosspointe - 194.0 Hunt Valley
Crosspointe,Week1,Canterbury Woods,Week5,298.0 Crosspointe - 104.0 Canterbury Woods
Crosspointe,Week1,Ravensworth Farm,Week5,222.0 Crosspointe - 180.0 Ravensworth Farm
Daventry,Week4,Dunn Loring,Week2,356.0 Dunn Loring - 46.0 Daventry
Crosspointe,Week2,Bren Mar-Edsall Park,Week4,376.0 Crosspointe - 26.0 Bren Mar-Edsall Park
Crosspointe,Week3,Bren Mar-Edsall Park,Week2,373.0 Crosspointe - 29.0 Bren Mar-Edsall Park
Daventry,Week4,Dunn Loring,Week4,364.0 Dunn Loring - 38.0 Daventry
Daventry,Week3,Chesterbrook,Week5,383.0 Chesterbrook - 19.0 Daventry
Daventry,Week4,Chesterbrook,Week4,395.0 Chesterbrook - 7.0 Daventry
Daventry,Week5,Dunn Loring,Week3,337.0 Dunn Loring - 65.0 Daventry
Crosspointe,Week1,Hunter Mill,Week2,222.0 Crosspointe - 180.0 Hunter Mill
Crosspointe,Week4,Poplar Tree,Week3,232.0 Crosspointe - 170.0 Poplar Tree
Country Club Hills,Week4,Springfield,Week1,339.0 Country Club Hills - 63.0 Springfield
Country Club Hills,Week4,Springfield,Week3,348.0 Country Club Hills - 54.0 Springfield
Crosspointe,Week5,Hunt Valley,Week3,215.5 Crosspointe - 186.5 Hunt Valley
Crosspointe,Week1,Bren Mar-Edsall Park,Week4,371.0 Crosspointe - 31.0 Bren Mar-Edsall Park
Daventry,Week2,Chesterbrook,Week4,383.0 Chesterbrook - 19.0 Daventry
Crosspointe,Week3,Bren Mar-Edsall Park,Week5,371.0 Crosspointe - 26.0 Bren Mar-Edsall Park
Country Club Hills,Week4,Springfield,Week2,348.0 Country Club Hills - 49.0 Springfield
Daventry,Week4,Dunn Loring,Week5,362.0 Dunn Loring - 40.0 Daventry
Crosspointe,Week2,Canterbury Woods,Week5,261.0 Crosspointe - 141.0 Canterbury Woods
Crosspointe,Week5,Hunter Mill,Week4,243.0 Crosspointe - 159.0 Hunter Mill
Crosspointe,Week2,Sully Station,Week4,211.0 Sully Station - 191.0 Crosspointe
Crosspointe,Week3,Ravensworth Farm,Week1,237.0 Crosspointe - 165.0 Ravensworth Farm
Crosspointe,Week2,Stratford,Week1,305.0 Crosspointe - 97.0 Stratford
Crosspointe,Week1,Bren Mar-Edsall Park,Week3,379.0 Crosspointe - 23.0 Bren Mar-Edsall Park
Crosspointe,Week1,Sully Station,Week5,212.0 Sully Station - 190.0 Crosspointe
Daventry,Week1,Chesterbrook,Week3,385.0 Chesterbrook - 17.0 Daventry
Crosspointe,Week2,Ravensworth Farm,Week2,247.0 Crosspointe - 155.0 Ravensworth Farm
Crosspointe,Week2,Ravensworth Farm,Week1,230.0 Crosspointe - 172.0 Ravensworth Farm
Daventry,Week5,Cardinal Hill,Week4,312.5 Cardinal Hill - 89.5 Daventry
Crosspointe,Week4,Brandywine,Week5,255.0 Crosspointe - 147.0 Brandywine
Crosspointe,Week2,Ravensworth Farm,Week5,205.0 Ravensworth Farm - 197.0 Crosspointe
Daventry,Week2,Chesterbrook,Week2,381.0 Chesterbrook - 21.0 Daventry
Daventry,Week2,Chesterbrook,Week3,388.0 Chesterbrook - 14.0 Daventry
Crosspointe,Week3,Bren Mar-Edsall Park,Week3,370.0 Crosspointe - 32.0 Bren Mar-Edsall Park
Daventry,Week4,Dunn Loring,Week3,360.0 Dunn Loring - 42.0 Daventry
Crosspointe,Week3,Canterbury Woods,Week5,274.0 Crosspointe - 128.0 Canterbury Woods
Crosspointe,Week2,Canterbury Woods,Week4,261.0 Crosspointe - 141.0 Canterbury Woods
Country Club Hills,Week4,Springfield,Week4,341.0 Country Club Hills - 61.0 Springfield
Country Club Hills,Week3,Springfield,Week5,356.0 Country Club Hills - 43.0 Springfield
Country Club Hills,Week4,Springfield,Week5,361.0 Country Club Hills - 40.0 Springfield
Daventry,Week5,Dunn Loring,Week4,341.0 Dunn Loring - 61.0 Daventry
Crosspointe,Week4,Canterbury Woods,Week1,304.5 Crosspointe - 97.5 Canterbury Woods
Crosspointe,Week1,Stratford,Week5,296.0 Crosspointe - 106.0 Stratford
Crosspointe,Week5,Brandywine,Week4,281.0 Crosspointe - 121.0 Brandywine
Daventry,Week5,Dunn Loring,Week1,303.0 Dunn Loring - 99.0 Daventry
Crosspointe,Week2,Cardinal Hill,Week5,212.5 Crosspointe - 189.5 Cardinal Hill
Crosspointe,Week5,Stratford,Week4,310.0 Crosspointe - 92.0 Stratford
Daventry,Week3,Dunn Loring,Week4,357.0 Dunn Loring - 45.0 Daventry
Crosspointe,Week4,Hunt Valley,Week5,230.0 Hunt Valley - 172.0 Crosspointe
Daventry,Week2,Dunn Loring,Week2,344.5 Dunn Loring - 57.5 Daventry
Crosspointe,Week5,Hunt Valley,Week4,226.0 Crosspointe - 176.0 Hunt Valley
Crosspointe,Week1,Sully Station,Week2,225.0 Crosspointe - 177.0 Sully Station
Crosspointe,Week5,Hunter Mill,Week1,244.0 Crosspointe - 158.0 Hunter Mill
Crosspointe,Week3,Poplar Tree,Week1,227.0 Crosspointe - 175.0 Poplar Tree
Crosspointe,Week4,Canterbury Woods,Week3,293.0 Crosspointe - 109.0 Canterbury Woods
Crosspointe,Week5,Canterbury Woods,Week2,318.0 Crosspointe - 84.0 Canterbury Woods
Crosspointe,Week1,Ilda Community,Week4,320.0 Crosspointe - 82.0 Ilda Community
Country Club Hills,Week3,Springfield,Week4,338.0 Country Club Hills - 62.0 Springfield
Daventry,Week1,Chesterbrook,Week5,387.0 Chesterbrook - 15.0 Daventry
Crosspointe,Week5,Hunter Mill,Week5,224.0 Crosspointe - 178.0 Hunter Mill
Crosspointe,Week2,Ilda Community,Week1,313.5 Crosspointe - 87.5 Ilda Community
Crosspointe,Week3,Canterbury Woods,Week2,299.0 Crosspointe - 103.0 Canterbury Woods
Country Club Hills,Week5,Springfield,Week2,363.0 Country Club Hills - 38.0 Springfield
Crosspointe,Week2,Sully Station,Week2,204.0 Sully Station - 198.0 Crosspointe
Crosspointe,Week5,Stratford,Week2,326.0 Crosspointe - 76.0 Stratford
Crosspointe,Week2,Stratford,Week3,294.0 Crosspointe - 108.0 Stratford
Daventry,Week4,Cardinal Hill,Week5,328.0 Cardinal Hill - 73.0 Daventry
Country Club Hills,Week5,Springfield,Week1,350.0 Country Club Hills - 51.0 Springfield
Crosspointe,Week4,Ravensworth Farm,Week3,230.0 Crosspointe - 172.0 Ravensworth Farm
Daventry,Week4,Dunn Loring,Week1,327.0 Dunn Loring - 75.0 Daventry
Crosspointe,Week5,Brandywine,Week1,297.0 Crosspointe - 105.0 Brandywine
Daventry,Week3,Dunn Loring,Week3,350.5 Dunn Loring - 51.5 Daventry
Crosspointe,Week4,Poplar Tree,Week5,201.0 Crosspointe - 201.0 Poplar Tree
Crosspointe,Week5,Ravensworth Farm,Week5,244.0 Crosspointe - 158.0 Ravensworth Farm
Crosspointe,Week1,Bren Mar-Edsall Park,Week2,385.0 Crosspointe - 17.0 Bren Mar-Edsall Park
Crosspointe,Week2,Canterbury Woods,Week1,293.0 Crosspointe - 109.0 Canterbury Woods
Daventry,Week2,Dunn Loring,Week5,347.0 Dunn Loring - 54.0 Daventry
Daventry,Week3,Chesterbrook,Week4,379.0 Chesterbrook - 23.0 Daventry
Crosspointe,Week4,Bren Mar-Edsall Park,Week4,379.0 Crosspointe - 22.0 Bren Mar-Edsall Park
Daventry,Week5,Dunn Loring,Week2,338.0 Dunn Loring - 64.0 Daventry
Crosspointe,Week4,Canterbury Woods,Week2,301.0 Crosspointe - 101.0 Canterbury Woods
Crosspointe,Week3,Bren Mar-Edsall Park,Week1,375.0 Crosspointe - 27.0 Bren Mar-Edsall Park
Country Club Hills,Week5,Springfield,Week4,351.0 Country Club Hills - 50.0 Springfield
Country Club Hills,Week3,Springfield,Week3,342.0 Country Club Hills - 56.0 Springfield
Daventry,Week1,Dunn Loring,Week5,348.0 Dunn Loring - 54.0 Daventry
Crosspointe,Week1,Hunter Mill,Week5,216.0 Crosspointe - 186.0 Hunter Mill
Crosspointe,Week4,Stratford,Week5,294.0 Crosspointe - 108.0 Stratford
Crosspointe,Week5,Brandywine,Week2,289.0 Crosspointe - 113.0 Brandywine
Daventry,Week1,Chesterbrook,Week1,373.0 Chesterbrook - 29.0 Daventry
Daventry,Week5,Cardinal Hill,Week2,299.0 Cardinal Hill - 98.0 Daventry
Crosspointe,Week5,Hunter Mill,Week2,239.0 Crosspointe - 163.0 Hunter Mill
Crosspointe,Week1,Riverside Gardens,Week4,206.0 Crosspointe - 196.0 Riverside Gardens
Crosspointe,Week4,Stratford,Week2,316.0 Crosspointe - 86.0 Stratford
Crosspointe,Week1,Bren Mar-Edsall Park,Week5,379.0 Crosspointe - 23.0 Bren Mar-Edsall Park
Crosspointe,Week2,Stratford,Week5,293.5 Crosspointe - 108.5 Stratford
Daventry,Week4,Chesterbrook,Week2,391.0 Chesterbrook - 11.0 Daventry
Daventry,Week1,Chesterbrook,Week4,387.0 Chesterbrook - 15.0 Daventry
Crosspointe,Week5,Ravensworth Farm,Week3,254.0 Crosspointe - 148.0 Ravensworth Farm
Daventry,Week2,Dunn Loring,Week1,317.0 Dunn Loring - 85.0 Daventry
Crosspointe,Week3,Canterbury Woods,Week1,299.0 Crosspointe - 103.0 Canterbury Woods
Country Club Hills,Week5,Springfield,Week3,356.0 Country Club Hills - 44.0 Springfield
Crosspointe,Week1,Riverside Gardens,Week5,209.0 Crosspointe - 193.0 Riverside Gardens
Crosspointe,Week4,Hunter Mill,Week5,202.0 Hunter Mill - 200.0 Crosspointe
Crosspointe,Week1,Canterbury Woods,Week2,300.0 Crosspointe - 102.0 Canterbury Woods
Crosspointe,Week2,Riverside Gardens,Week1,206.0 Crosspointe - 196.0 Riverside Gardens
Crosspointe,Week2,Bren Mar-Edsall Park,Week5,374.0 Crosspointe - 28.0 Bren Mar-Edsall Park
Daventry,Week4,Chesterbrook,Week3,393.0 Chesterbrook - 9.0 Daventry
Crosspointe,Week2,Hunter Mill,Week1,205.0 Hunter Mill - 197.0 Crosspointe
Crosspointe,Week2,Canterbury Woods,Week3,269.0 Crosspointe - 133.0 Canterbury Woods
Crosspointe,Week3,Stratford,Week3,299.0 Crosspointe - 103.0 Stratford
Crosspointe,Week4,Stratford,Week4,280.0 Crosspointe - 122.0 Stratford
Crosspointe,Week2,Bren Mar-Edsall Park,Week3,375.0 Crosspointe - 27.0 Bren Mar-Edsall Park
Crosspointe,Week3,Hunter Mill,Week3,210.0 Crosspointe - 192.0 Hunter Mill
Crosspointe,Week1,Hunter Mill,Week4,221.0 Crosspointe - 181.0 Hunter Mill
Country Club Hills,Week3,Shouse Village,Week2,203.0 Country Club Hills - 199.0 Shouse Village
Daventry,Week4,Cardinal Hill,Week4,341.0 Cardinal Hill - 61.0 Daventry
Crosspointe,Week4,Ravensworth Farm,Week4,229.0 Crosspointe - 173.0 Ravensworth Farm
Crosspointe,Week2,Canterbury Woods,Week2,287.0 Crosspointe - 115.0 Canterbury Woods
Crosspointe,Week5,Canterbury Woods,Week1,316.0 Crosspointe - 86.0 Canterbury Woods
Crosspointe,Week1,Sully Station,Week4,204.0 Crosspointe - 198.0 Sully Station
Crosspointe,Week3,Hunter Mill,Week4,211.0 Crosspointe - 191.0 Hunter Mill
Daventry,Week2,Fair Oaks ,Week2,288.0 Fair Oaks - 113.0 Daventry
Daventry,Week1,Fairfax,Week4,353.0 Fairfax - 49.0 Daventry
Country Club Hills,Week4,Shouse Village,Week2,205.0 Shouse Village - 197.0 Country Club Hills
Crosspointe,Week3,Ravensworth Farm,Week3,229.0 Crosspointe - 173.0 Ravensworth Farm
Crosspointe,Week5,Camelot,Week5,281.0 Crosspointe - 121.0 Camelot
Country Club Hills,Week4,Rutherford,Week3,232.0 Country Club Hills - 165.0 Rutherford
Crosspointe,Week4,Bren Mar-Edsall Park,Week5,381.0 Crosspointe - 21.0 Bren Mar-Edsall Park
Daventry,Week5,Chesterbrook,Week1,370.0 Chesterbrook - 32.0 Daventry
Country Club Hills,Week4,Rutherford,Week4,226.0 Country Club Hills - 171.0 Rutherford
Crosspointe,Week3,Stratford,Week4,275.0 Crosspointe - 127.0 Stratford
Crosspointe,Week1,Sully Station,Week3,212.0 Crosspointe - 190.0 Sully Station
Crosspointe,Week1,Canterbury Woods,Week4,288.0 Crosspointe - 114.0 Canterbury Woods
Crosspointe,Week2,Riverside Gardens,Week3,213.0 Crosspointe - 189.0 Riverside Gardens
Crosspointe,Week5,Brandywine,Week3,275.0 Crosspointe - 127.0 Brandywine
Crosspointe,Week2,Riverside Gardens,Week4,211.0 Riverside Gardens - 191.0 Crosspointe
Daventry,Week5,Chesterbrook,Week4,379.0 Chesterbrook - 23.0 Daventry
Crosspointe,Week3,Hunter Mill,Week2,210.0 Crosspointe - 192.0 Hunter Mill
Country Club Hills,Week5,Rutherford,Week1,280.0 Country Club Hills - 122.0 Rutherford
Daventry,Week4,Fair Oaks ,Week1,329.0 Fair Oaks - 73.0 Daventry
Crosspointe,Week4,Hunter Mill,Week1,216.0 Crosspointe - 186.0 Hunter Mill
Crosspointe,Week4,Canterbury Woods,Week5,286.0 Crosspointe - 116.0 Canterbury Woods
Daventry,Week3,Fair Oaks ,Week3,316.0 Fair Oaks - 86.0 Daventry
Daventry,Week5,Chesterbrook,Week3,382.0 Chesterbrook - 20.0 Daventry
Crosspointe,Week5,Bren Mar-Edsall Park,Week1,386.0 Crosspointe - 16.0 Bren Mar-Edsall Park
Crosspointe,Week3,Bren Mar-Edsall Park,Week4,370.0 Crosspointe - 32.0 Bren Mar-Edsall Park
Daventry,Week3,Fair Oaks ,Week4,320.0 Fair Oaks - 82.0 Daventry
Daventry,Week5,Chesterbrook,Week5,381.0 Chesterbrook - 21.0 Daventry
Daventry,Week5,Fair Oaks ,Week3,301.0 Fair Oaks - 101.0 Daventry
Crosspointe,Week1,Sully Station,Week1,203.0 Sully Station - 199.0 Crosspointe
Crosspointe,Week3,Ravensworth Farm,Week5,216.0 Crosspointe - 186.0 Ravensworth Farm
Crosspointe,Week5,Bren Mar-Edsall Park,Week2,388.0 Crosspointe - 14.0 Bren Mar-Edsall Park
Daventry,Week1,Commonwealth,Week1,238.0 Commonwealth - 162.0 Daventry
Daventry,Week1,Commonwealth,Week2,280.0 Commonwealth - 122.0 Daventry
Crosspointe,Week2,Riverside Gardens,Week2,229.0 Crosspointe - 173.0 Riverside Gardens
Crosspointe,Week1,Riverside Gardens,Week3,226.0 Crosspointe - 176.0 Riverside Gardens
Crosspointe,Week2,Hunter Mill,Week2,206.0 Hunter Mill - 196.0 Crosspointe
Crosspointe,Week5,Canterbury Woods,Week3,293.0 Crosspointe - 109.0 Canterbury Woods
Country Club Hills,Week4,Rutherford,Week1,265.0 Country Club Hills - 137.0 Rutherford
Crosspointe,Week2,Riverside Gardens,Week5,206.0 Riverside Gardens - 196.0 Crosspointe
Country Club Hills,Week3,Rutherford,Week3,236.0 Country Club Hills - 166.0 Rutherford
Crosspointe,Week1,Cardinal Hill,Week1,215.0 Crosspointe - 187.0 Cardinal Hill
Crosspointe,Week4,Sully Station,Week2,213.0 Crosspointe - 189.0 Sully Station
Daventry,Week2,Fairfax,Week1,353.0 Fairfax - 49.0 Daventry
Country Club Hills,Week5,Shouse Village,Week1,214.0 Country Club Hills - 188.0 Shouse Village
Crosspointe,Week1,Hunter Mill,Week1,230.0 Crosspointe - 172.0 Hunter Mill
Crosspointe,Week1,Brookfield ,Week1,275.0 Crosspointe - 127.0 Brookfield
Crosspointe,Week1,Cardinal Hill,Week2,243.0 Crosspointe - 159.0 Cardinal Hill
Crosspointe,Week5,Ravensworth Farm,Week2,256.0 Crosspointe - 146.0 Ravensworth Farm
Crosspointe,Week3,Stratford,Week5,296.0 Crosspointe - 106.0 Stratford
Daventry,Week1,Commonwealth,Week3,268.0 Commonwealth - 131.0 Daventry
Crosspointe,Week4,Bren Mar-Edsall Park,Week3,378.0 Crosspointe - 24.0 Bren Mar-Edsall Park
Daventry,Week2,Fair Oaks ,Week1,317.0 Fair Oaks - 85.0 Daventry
Crosspointe,Week5,Bren Mar-Edsall Park,Week4,381.0 Crosspointe - 21.0 Bren Mar-Edsall Park
Crosspointe,Week1,Ilda Community,Week2,335.0 Crosspointe - 67.0 Ilda Community
Crosspointe,Week2,Sully Station,Week3,211.0 Sully Station - 191.0 Crosspointe
Daventry,Week2,Fairfax,Week3,353.0 Fairfax - 45.0 Daventry
Crosspointe,Week2,Hunter Mill,Week3,202.0 Crosspointe - 200.0 Hunter Mill
Crosspointe,Week5,Canterbury Woods,Week4,303.0 Crosspointe - 99.0 Canterbury Woods
Daventry,Week4,Fair Oaks ,Week4,323.0 Fair Oaks - 79.0 Daventry
Daventry,Week1,Commonwealth,Week4,257.0 Commonwealth - 143.0 Daventry
Crosspointe,Week4,Stratford,Week3,303.0 Crosspointe - 99.0 Stratford
Crosspointe,Week3,Stratford,Week1,313.0 Crosspointe - 89.0 Stratford
Crosspointe,Week1,Brookfield ,Week4,267.0 Crosspointe - 135.0 Brookfield
Daventry,Week1,Fair Oaks ,Week1,322.0 Fair Oaks - 80.0 Daventry
Country Club Hills,Week2,Shouse Village,Week1,213.0 Shouse Village - 189.0 Country Club Hills
Crosspointe,Week2,Hunter Mill,Week4,202.0 Crosspointe - 200.0 Hunter Mill
Country Club Hills,Week5,Rutherford,Week4,253.0 Country Club Hills - 149.0 Rutherford
Crosspointe,Week1,Riverside Gardens,Week2,243.0 Crosspointe - 159.0 Riverside Gardens
Crosspointe,Week5,Ravensworth Farm,Week4,250.0 Crosspointe - 152.0 Ravensworth Farm
Crosspointe,Week1,Brookfield ,Week5,289.0 Crosspointe - 113.0 Brookfield
Daventry,Week5,Chesterbrook,Week2,376.0 Chesterbrook - 26.0 Daventry
Crosspointe,Week5,Stratford,Week3,321.0 Crosspointe - 81.0 Stratford
Daventry,Week3,Fair Oaks ,Week2,298.0 Fair Oaks - 104.0 Daventry
Daventry,Week1,Cottontail,Week4,277.0 Cottontail - 120.0 Daventry
Crosspointe,Week1,Hunter Mill,Week3,220.0 Crosspointe - 182.0 Hunter Mill
Crosspointe,Week1,Cardinal Hill,Week5,227.0 Crosspointe - 175.0 Cardinal Hill
Crosspointe,Week1,Brookfield ,Week3,291.0 Crosspointe - 111.0 Brookfield
Country Club Hills,Week5,Rutherford,Week5,262.0 Country Club Hills - 140.0 Rutherford
Country Club Hills,Week3,Shouse Village,Week5,254.0 Shouse Village - 148.0 Country Club Hills
Crosspointe,Week3,Riverside Gardens,Week1,222.0 Crosspointe - 180.0 Riverside Gardens
Crosspointe,Week5,Stratford,Week5,322.0 Crosspointe - 80.0 Stratford
Daventry,Week4,Fair Oaks ,Week5,336.0 Fair Oaks - 66.0 Daventry
Crosspointe,Week1,Cardinal Hill,Week3,205.0 Cardinal Hill - 197.0 Crosspointe
Crosspointe,Week2,Hunter Mill,Week5,221.0 Hunter Mill - 181.0 Crosspointe
Crosspointe,Week1,Cardinal Hill,Week4,226.0 Crosspointe - 176.0 Cardinal Hill
Daventry,Week2,Cottontail,Week1,287.0 Cottontail - 115.0 Daventry
Crosspointe,Week4,Ravensworth Farm,Week1,232.0 Crosspointe - 170.0 Ravensworth Farm
Crosspointe,Week4,Mount Vernon Park,Week1,229.5 Crosspointe - 172.5 Mount Vernon Park
Crosspointe,Week4,Hunter Mill,Week4,206.0 Crosspointe - 196.0 Hunter Mill
Crosspointe,Week3,Hunter Mill,Week5,204.0 Crosspointe - 198.0 Hunter Mill
Crosspointe,Week2,Cardinal Hill,Week1,208.0 Crosspointe - 194.0 Cardinal Hill
Crosspointe,Week5,Stratford,Week1,324.0 Crosspointe - 78.0 Stratford
Crosspointe,Week2,Brookfield ,Week3,281.0 Crosspointe - 121.0 Brookfield
Crosspointe,Week4,Ravensworth Farm,Week5,203.0 Crosspointe - 199.0 Ravensworth Farm
Daventry,Week1,Fair Oaks ,Week2,297.5 Fair Oaks - 103.5 Daventry
Crosspointe,Week4,Hunter Mill,Week3,201.0 Crosspointe - 201.0 Hunter Mill
Daventry,Week3,Commonwealth,Week4,243.5 Commonwealth - 154.5 Daventry
Crosspointe,Week2,Chesterbrook,Week2,283.0 Chesterbrook - 119.0 Crosspointe
Crosspointe,Week2,Brookfield ,Week4,256.0 Crosspointe - 146.0 Brookfield
Crosspointe,Week3,Riverside Gardens,Week2,230.0 Crosspointe - 172.0 Riverside Gardens
Crosspointe,Week2,Cardinal Hill,Week3,217.0 Cardinal Hill - 185.0 Crosspointe
Daventry,Week1,Fair Oaks ,Week4,315.0 Fair Oaks - 87.0 Daventry
Country Club Hills,Week3,Rutherford,Week5,223.0 Country Club Hills - 179.0 Rutherford
Crosspointe,Week3,Ravensworth Farm,Week4,226.0 Crosspointe - 176.0 Ravensworth Farm
Crosspointe,Week1,Brookfield ,Week2,291.5 Crosspointe - 110.5 Brookfield
Crosspointe,Week2,Cardinal Hill,Week2,225.0 Crosspointe - 177.0 Cardinal Hill
Crosspointe,Week2,Brookfield ,Week2,269.0 Crosspointe - 133.0 Brookfield
Crosspointe,Week4,Hunter Mill,Week2,219.0 Crosspointe - 183.0 Hunter Mill
Crosspointe,Week3,Stratford,Week2,309.0 Crosspointe - 93.0 Stratford
Country Club Hills,Week5,Rutherford,Week3,256.0 Country Club Hills - 146.0 Rutherford
Crosspointe,Week3,Newington Forest,Week2,314.0 Crosspointe - 88.0 Newington Forest
Daventry,Week3,Commonwealth,Week5,269.0 Commonwealth - 132.0 Daventry
Crosspointe,Week5,Mount Vernon Park,Week2,255.0 Crosspointe - 147.0 Mount Vernon Park
Crosspointe,Week4,Stratford,Week1,314.0 Crosspointe - 88.0 Stratford
Crosspointe,Week2,Stratford,Week4,275.0 Crosspointe - 127.0 Stratford
Country Club Hills,Week2,Shouse Village,Week2,215.0 Shouse Village - 187.0 Country Club Hills
Daventry,Week1,Fairfax,Week2,357.0 Fairfax - 45.0 Daventry
Crosspointe,Week2,Sully Station,Week1,217.0 Sully Station - 185.0 Crosspointe
Country Club Hills,Week4,Rutherford,Week2,262.0 Country Club Hills - 140.0 Rutherford
Country Club Hills,Week1,Shouse Village,Week5,257.0 Shouse Village - 145.0 Country Club Hills
Daventry,Week2,Commonwealth,Week3,274.0 Commonwealth - 125.0 Daventry
Crosspointe,Week1,Riverside Gardens,Week1,234.0 Crosspointe - 168.0 Riverside Gardens
Crosspointe,Week2,Brookfield ,Week1,259.0 Crosspointe - 143.0 Brookfield
Crosspointe,Week3,Hunter Mill,Week1,217.0 Crosspointe - 185.0 Hunter Mill
Crosspointe,Week2,Cardinal Hill,Week4,212.0 Crosspointe - 190.0 Cardinal Hill
Daventry,Week3,Fair Oaks ,Week1,307.0 Fair Oaks - 94.0 Daventry
Crosspointe,Week3,Mount Vernon Park,Week5,201.0 Crosspointe - 196.0 Mount Vernon Park
Daventry,Week2,Commonwealth,Week1,236.0 Commonwealth - 163.0 Daventry
Daventry,Week2,Commonwealth,Week2,277.0 Commonwealth - 125.0 Daventry
Crosspointe,Week5,Mount Vernon Park,Week3,232.0 Crosspointe - 170.0 Mount Vernon Park
Daventry,Week5,Dunn Loring,Week5,337.0 Dunn Loring - 65.0 Daventry
Crosspointe,Week1,Ilda Community,Week1,336.0 Crosspointe - 66.0 Ilda Community
Daventry,Week2,Fair Oaks ,Week3,322.0 Fair Oaks - 80.0 Daventry
Crosspointe,Week3,Sully Station,Week5,223.0 Sully Station - 179.0 Crosspointe
Crosspointe,Week3,Brookfield ,Week1,274.0 Crosspointe - 128.0 Brookfield
Daventry,Week3,Fair Oaks ,Week5,331.0 Fair Oaks - 71.0 Daventry
Country Club Hills,Week1,Shouse Village,Week1,215.0 Shouse Village - 187.0 Country Club Hills
Crosspointe,Week1,Newington Forest,Week4,307.0 Crosspointe - 95.0 Newington Forest
Crosspointe,Week5,Hunter Mill,Week3,226.0 Crosspointe - 176.0 Hunter Mill
Crosspointe,Week3,Sully Station,Week4,202.0 Crosspointe - 200.0 Sully Station
Crosspointe,Week2,Chesterbrook,Week4,291.0 Chesterbrook - 111.0 Crosspointe
Country Club Hills,Week1,Shouse Village,Week2,201.0 Country Club Hills - 201.0 Shouse Village
Crosspointe,Week4,Newington Forest,Week5,282.0 Crosspointe - 120.0 Newington Forest
Crosspointe,Week3,Sully Station,Week1,209.0 Sully Station - 193.0 Crosspointe
Crosspointe,Week3,Cardinal Hill,Week1,210.0 Crosspointe - 192.0 Cardinal Hill
Crosspointe,Week5,Ravensworth Farm,Week1,257.0 Crosspointe - 145.0 Ravensworth Farm
Country Club Hills,Week4,Rutherford,Week5,232.0 Country Club Hills - 170.0 Rutherford
Crosspointe,Week2,Brookfield ,Week5,268.0 Crosspointe - 134.0 Brookfield
Crosspointe,Week4,Ravensworth Farm,Week2,249.0 Crosspointe - 153.0 Ravensworth Farm
Crosspointe,Week4,Cardinal Hill,Week2,241.0 Crosspointe - 161.0 Cardinal Hill
Daventry,Week2,Fair Oaks ,Week5,330.0 Fair Oaks - 71.0 Daventry
Crosspointe,Week4,Cardinal Hill,Week3,206.0 Crosspointe - 196.0 Cardinal Hill
Daventry,Week5,Commonwealth,Week1,217.0 Commonwealth - 177.0 Daventry
Crosspointe,Week1,Ilda Community,Week3,336.0 Crosspointe - 66.0 Ilda Community
Crosspointe,Week1,Ilda Community,Week5,333.5 Crosspointe - 68.5 Ilda Community
Crosspointe,Week1,Newington Forest,Week3,312.0 Crosspointe - 90.0 Newington Forest
Daventry,Week5,Commonwealth,Week3,248.0 Commonwealth - 150.0 Daventry
Daventry,Week4,Commonwealth,Week5,274.0 Commonwealth - 128.0 Daventry
Crosspointe,Week4,Sully Station,Week1,208.5 Sully Station - 193.5 Crosspointe
Crosspointe,Week2,Ilda Community,Week3,323.0 Crosspointe - 79.0 Ilda Community
Daventry,Week1,Cottontail,Week1,286.5 Cottontail - 115.5 Daventry
Crosspointe,Week2,Chesterbrook,Week5,297.0 Chesterbrook - 105.0 Crosspointe
Crosspointe,Week2,Ilda Community,Week2,323.0 Crosspointe - 79.0 Ilda Community
Crosspointe,Week2,Newington Forest,Week1,312.5 Crosspointe - 89.5 Newington Forest
Country Club Hills,Week1,Shouse Village,Week3,225.0 Shouse Village - 177.0 Country Club Hills
Country Club Hills,Week2,Shouse Village,Week3,237.0 Shouse Village - 165.0 Country Club Hills
Crosspointe,Week5,Cardinal Hill,Week3,232.0 Crosspointe - 170.0 Cardinal Hill
Country Club Hills,Week5,Rutherford,Week2,268.0 Country Club Hills - 134.0 Rutherford
Daventry,Week3,Commonwealth,Week3,268.0 Commonwealth - 130.0 Daventry
Daventry,Week4,Commonwealth,Week2,280.0 Commonwealth - 121.0 Daventry
Crosspointe,Week5,Cardinal Hill,Week4,240.0 Crosspointe - 162.0 Cardinal Hill
Daventry,Week1,Cottontail,Week2,279.0 Cottontail - 123.0 Daventry
Crosspointe,Week5,Newington Forest,Week4,312.0 Crosspointe - 90.0 Newington Forest
Crosspointe,Week2,Sully Station,Week5,229.0 Sully Station - 173.0 Crosspointe
Crosspointe,Week2,Newington Forest,Week4,298.0 Crosspointe - 104.0 Newington Forest
Country Club Hills,Week1,Shouse Village,Week4,243.0 Shouse Village - 159.0 Country Club Hills
Crosspointe,Week2,Kent Gardens,Week1,241.0 Crosspointe - 161.0 Kent Gardens
Crosspointe,Week5,Mount Vernon Park,Week1,241.0 Crosspointe - 161.0 Mount Vernon Park
Daventry,Week1,Fair Oaks ,Week5,320.0 Fair Oaks - 82.0 Daventry
Daventry,Week4,Fair Oaks ,Week3,340.0 Fair Oaks - 62.0 Daventry
Crosspointe,Week3,Ilda Community,Week4,308.0 Crosspointe - 94.0 Ilda Community
Daventry,Week4,Fair Oaks ,Week2,306.0 Fair Oaks - 96.0 Daventry
Daventry,Week2,Fair Oaks ,Week4,309.0 Fair Oaks - 92.0 Daventry
Crosspointe,Week4,Sully Station II,Week1,216.0 Crosspointe - 186.0 Sully Station II
Crosspointe,Week4,Sully Station II,Week3,231.0 Sully Station II - 171.0 Crosspointe
Crosspointe,Week4,Newington Forest,Week1,328.0 Crosspointe - 74.0 Newington Forest
Crosspointe,Week3,Sully Station II,Week3,235.0 Sully Station II - 167.0 Crosspointe
Crosspointe,Week3,Newington Forest,Week3,308.0 Crosspointe - 94.0 Newington Forest
Country Club Hills,Week3,Shouse Village,Week4,253.0 Shouse Village - 149.0 Country Club Hills
Daventry,Week2,Commonwealth,Week4,260.0 Commonwealth - 139.0 Daventry
Crosspointe,Week2,Sully Station II,Week2,218.0 Sully Station II - 184.0 Crosspointe
Crosspointe,Week4,Cardinal Hill,Week5,216.0 Crosspointe - 186.0 Cardinal Hill
Crosspointe,Week2,Kent Gardens,Week4,245.0 Crosspointe - 157.0 Kent Gardens
Daventry,Week5,Fair Oaks ,Week4,289.0 Fair Oaks - 113.0 Daventry
Crosspointe,Week3,Chesterbrook,Week2,287.0 Chesterbrook - 115.0 Crosspointe
Daventry,Week5,Fair Oaks ,Week1,306.0 Fair Oaks - 96.0 Daventry
Crosspointe,Week4,Mount Vernon Park,Week2,227.0 Crosspointe - 175.0 Mount Vernon Park
Daventry,Week2,Cottontail,Week2,279.0 Cottontail - 123.0 Daventry
Crosspointe,Week4,Sully Station,Week4,203.0 Crosspointe - 199.0 Sully Station
Daventry,Week1,Fairfax,Week3,350.0 Fairfax - 52.0 Daventry
Crosspointe,Week4,Sully Station,Week5,218.0 Sully Station - 184.0 Crosspointe
Crosspointe,Week5,Mount Vernon Park,Week5,227.0 Crosspointe - 175.0 Mount Vernon Park
Daventry,Week4,Commonwealth,Week1,231.0 Commonwealth - 166.0 Daventry
Crosspointe,Week3,Ilda Community,Week5,320.0 Crosspointe - 81.0 Ilda Community
Daventry,Week1,Cottontail,Week5,296.0 Cottontail - 106.0 Daventry
Crosspointe,Week4,Ilda Community,Week5,321.0 Crosspointe - 81.0 Ilda Community
Crosspointe,Week2,Newington Forest,Week5,273.0 Crosspointe - 129.0 Newington Forest
Daventry,Week1,Fairfax,Week1,341.0 Fairfax - 61.0 Daventry
Crosspointe,Week1,Chesterbrook,Week4,277.0 Chesterbrook - 125.0 Crosspointe
Country Club Hills,Week3,Shouse Village,Week1,214.0 Shouse Village - 188.0 Country Club Hills
Country Club Hills,Week3,Rutherford,Week4,213.0 Country Club Hills - 189.0 Rutherford
Crosspointe,Week5,Cardinal Hill,Week1,238.0 Crosspointe - 164.0 Cardinal Hill
Crosspointe,Week4,Cardinal Hill,Week1,204.0 Crosspointe - 198.0 Cardinal Hill
Crosspointe,Week3,Kent Gardens,Week3,268.0 Crosspointe - 134.0 Kent Gardens
Daventry,Week2,Commonwealth,Week5,283.0 Commonwealth - 118.0 Daventry
Crosspointe,Week2,Kent Gardens,Week2,256.0 Crosspointe - 146.0 Kent Gardens
Country Club Hills,Week4,Shouse Village,Week1,217.0 Shouse Village - 185.0 Country Club Hills
Country Club Hills,Week2,Shouse Village,Week5,256.0 Shouse Village - 146.0 Country Club Hills
Crosspointe,Week3,Sully Station II,Week4,214.0 Crosspointe - 188.0 Sully Station II
Crosspointe,Week1,Newington Forest,Week1,339.0 Crosspointe - 63.0 Newington Forest
Crosspointe,Week3,Kent Gardens,Week1,251.0 Crosspointe - 151.0 Kent Gardens
Daventry,Week5,Fair Oaks ,Week5,306.0 Fair Oaks - 96.0 Daventry
Country Club Hills,Week2,Shouse Village,Week4,249.0 Shouse Village - 153.0 Country Club Hills
Crosspointe,Week1,Chesterbrook,Week5,280.0 Chesterbrook - 122.0 Crosspointe
Crosspointe,Week3,Sully Station,Week3,216.0 Crosspointe - 186.0 Sully Station
Crosspointe,Week3,Sully Station II,Week1,210.0 Crosspointe - 192.0 Sully Station II
Crosspointe,Week1,Chesterbrook,Week1,273.0 Chesterbrook - 129.0 Crosspointe
Daventry,Week5,Fair Oaks ,Week2,265.5 Fair Oaks - 136.5 Daventry
Daventry,Week1,Fair Oaks ,Week3,316.0 Fair Oaks - 86.0 Daventry
Country Club Hills,Week3,Shouse Village,Week3,233.0 Shouse Village - 169.0 Country Club Hills
Daventry,Week4,Commonwealth,Week3,278.0 Commonwealth - 121.0 Daventry
Crosspointe,Week4,Mount Vernon Park,Week3,212.0 Crosspointe - 190.0 Mount Vernon Park
Crosspointe,Week5,Mount Vernon Park,Week4,246.0 Crosspointe - 156.0 Mount Vernon Park
Crosspointe,Week2,Chesterbrook,Week3,312.0 Chesterbrook - 90.0 Crosspointe
Daventry,Week2,Fairfax,Week2,357.0 Fairfax - 45.0 Daventry
Crosspointe,Week5,Sully Station,Week3,232.0 Crosspointe - 170.0 Sully Station
Daventry,Week2,Fairfax,Week4,352.0 Fairfax - 46.0 Daventry
Crosspointe,Week4,Mount Vernon Park,Week4,229.0 Crosspointe - 173.0 Mount Vernon Park
Country Club Hills,Week5,Shouse Village,Week3,209.0 Shouse Village - 193.0 Country Club Hills
Daventry,Week1,Fairfax,Week5,358.0 Fairfax - 44.0 Daventry
Crosspointe,Week1,Sully Station II,Week1,219.0 Crosspointe - 183.0 Sully Station II
Crosspointe,Week3,Chesterbrook,Week1,265.0 Chesterbrook - 132.0 Crosspointe
Daventry,Week5,Commonwealth,Week5,260.0 Commonwealth - 142.0 Daventry
Daventry,Week4,Commonwealth,Week4,262.0 Commonwealth - 137.0 Daventry
Crosspointe,Week4,Ilda Community,Week2,329.0 Crosspointe - 73.0 Ilda Community
Country Club Hills,Week4,Shouse Village,Week5,251.0 Shouse Village - 151.0 Country Club Hills
Crosspointe,Week2,Ilda Community,Week5,313.0 Crosspointe - 88.0 Ilda Community
Crosspointe,Week2,Newington Forest,Week2,299.0 Crosspointe - 103.0 Newington Forest
Country Club Hills,Week4,Shouse Village,Week4,254.0 Shouse Village - 148.0 Country Club Hills
Daventry,Week5,Commonwealth,Week4,239.0 Commonwealth - 160.0 Daventry
Crosspointe,Week1,Sully Station II,Week5,216.0 Sully Station II - 186.0 Crosspointe
Crosspointe,Week3,Cardinal Hill,Week2,232.0 Crosspointe - 170.0 Cardinal Hill
Crosspointe,Week3,Sully Station,Week2,213.0 Crosspointe - 189.0 Sully Station
Crosspointe,Week3,Cardinal Hill,Week3,213.0 Cardinal Hill - 189.0 Crosspointe
Daventry,Week3,Commonwealth,Week1,240.0 Commonwealth - 150.0 Daventry
Country Club Hills,Week4,Shouse Village,Week3,242.0 Shouse Village - 160.0 Country Club Hills
Crosspointe,Week2,Kent Gardens,Week5,212.0 Crosspointe - 190.0 Kent Gardens
Crosspointe,Week4,Ilda Community,Week1,317.0 Crosspointe - 85.0 Ilda Community
Country Club Hills,Week5,Shouse Village,Week2,214.0 Country Club Hills - 188.0 Shouse Village
Country Club Hills,Week1,Sideburn Run,Week1,244.0 Sideburn Run - 158.0 Country Club Hills
Crosspointe,Week3,Ilda Community,Week1,311.0 Crosspointe - 85.0 Ilda Community
Crosspointe,Week3,Ilda Community,Week3,318.0 Crosspointe - 84.0 Ilda Community
Crosspointe,Week3,Cardinal Hill,Week4,219.0 Crosspointe - 183.0 Cardinal Hill
Crosspointe,Week1,Newington Forest,Week2,325.0 Crosspointe - 77.0 Newington Forest
Daventry,Week1,Fairfax Club Estates,Week3,258.0 Fairfax Club Estates - 143.0 Daventry
Daventry,Week3,Fairfax Club Estates,Week2,243.5 Fairfax Club Estates - 153.5 Daventry
Crosspointe,Week5,Sully Station,Week5,215.0 Crosspointe - 187.0 Sully Station
Daventry,Week1,Cottontail,Week3,280.0 Cottontail - 122.0 Daventry
Country Club Hills,Week1,Sideburn Run,Week4,236.0 Sideburn Run - 166.0 Country Club Hills
Daventry,Week4,Cottontail,Week3,270.5 Cottontail - 131.5 Daventry
Crosspointe,Week5,Cardinal Hill,Week2,260.0 Crosspointe - 142.0 Cardinal Hill
Crosspointe,Week4,Mount Vernon Park,Week5,202.0 Mount Vernon Park - 200.0 Crosspointe
Crosspointe,Week4,Ilda Community,Week4,306.0 Crosspointe - 96.0 Ilda Community
Crosspointe,Week1,Chesterbrook,Week2,261.0 Chesterbrook - 141.0 Crosspointe
Daventry,Week3,Fairfax,Week4,350.0 Fairfax - 51.0 Daventry
Daventry,Week5,Commonwealth,Week2,264.0 Commonwealth - 138.0 Daventry
Daventry,Week3,Commonwealth,Week2,283.0 Commonwealth - 118.0 Daventry
Crosspointe,Week2,Newington Forest,Week3,303.0 Crosspointe - 99.0 Newington Forest
Crosspointe,Week5,Ilda Community,Week3,338.0 Crosspointe - 64.0 Ilda Community
Crosspointe,Week5,Sully Station,Week2,239.0 Crosspointe - 163.0 Sully Station
Country Club Hills,Week5,Shouse Village,Week5,240.0 Shouse Village - 162.0 Country Club Hills
Daventry,Week2,Fairfax,Week5,364.5 Fairfax - 33.5 Daventry
Crosspointe,Week5,Sully Station,Week1,223.0 Crosspointe - 179.0 Sully Station
Crosspointe,Week4,Cardinal Hill,Week4,221.0 Crosspointe - 181.0 Cardinal Hill
Crosspointe,Week3,Newington Forest,Week1,333.0 Crosspointe - 69.0 Newington Forest
Crosspointe,Week3,Cardinal Hill,Week5,220.0 Crosspointe - 182.0 Cardinal Hill
Daventry,Week4,Fairfax,Week5,369.0 Fairfax - 32.0 Daventry
Crosspointe,Week1,Kent Gardens,Week2,280.0 Crosspointe - 122.0 Kent Gardens
Country Club Hills,Week2,Villa Aquatic,Week3,257.0 Villa Aquatic - 145.0 Country Club Hills
Crosspointe,Week1,Sully Station II,Week4,222.0 Crosspointe - 180.0 Sully Station II
Crosspointe,Week1,Sully Station II,Week3,210.0 Sully Station II - 192.0 Crosspointe
Crosspointe,Week4,Newington Forest,Week4,301.0 Crosspointe - 101.0 Newington Forest
Crosspointe,Week3,Newington Forest,Week4,311.0 Crosspointe - 86.0 Newington Forest
Crosspointe,Week2,Sully Station II,Week3,230.0 Sully Station II - 172.0 Crosspointe
Country Club Hills,Week1,Villa Aquatic,Week1,205.0 Country Club Hills - 197.0 Villa Aquatic
Daventry,Week4,Cottontail,Week5,305.0 Cottontail - 97.0 Daventry
Daventry,Week3,Cottontail,Week5,292.0 Cottontail - 110.0 Daventry
Country Club Hills,Week3,Sideburn Run,Week1,251.0 Sideburn Run - 151.0 Country Club Hills
Daventry,Week5,Fairfax,Week4,341.0 Fairfax - 60.0 Daventry
Daventry,Week3,Fairfax,Week1,349.0 Fairfax - 53.0 Daventry
Daventry,Week2,Cottontail,Week3,266.0 Cottontail - 136.0 Daventry
Crosspointe,Week4,Newington Forest,Week3,308.0 Crosspointe - 94.0 Newington Forest
Crosspointe,Week3,Newington Forest,Week5,291.0 Crosspointe - 111.0 Newington Forest
Daventry,Week1,Country Club Hills,Week5,297.0 Country Club Hills - 105.0 Daventry
Crosspointe,Week5,Sully Station,Week4,227.0 Crosspointe - 175.0 Sully Station
Crosspointe,Week5,Ilda Community,Week1,332.0 Crosspointe - 69.0 Ilda Community
Crosspointe,Week2,Chesterbrook,Week1,289.0 Chesterbrook - 113.0 Crosspointe
Crosspointe,Week1,Chesterbrook,Week3,303.5 Chesterbrook - 98.5 Crosspointe
Daventry,Week5,Cottontail,Week2,242.0 Cottontail - 160.0 Daventry
Country Club Hills,Week2,Sideburn Run,Week5,251.0 Sideburn Run - 151.0 Country Club Hills
Crosspointe,Week4,Newington Forest,Week2,307.0 Crosspointe - 95.0 Newington Forest
Country Club Hills,Week1,Villa Aquatic,Week4,227.0 Villa Aquatic - 175.0 Country Club Hills
Crosspointe,Week1,Commonwealth,Week1,306.0 Crosspointe - 96.0 Commonwealth
Country Club Hills,Week2,Sideburn Run,Week1,243.0 Sideburn Run - 159.0 Country Club Hills
Country Club Hills,Week1,Sideburn Run,Week5,243.5 Sideburn Run - 158.5 Country Club Hills
Crosspointe,Week2,Sully Station II,Week1,212.0 Crosspointe - 190.0 Sully Station II
Country Club Hills,Week1,Villa Aquatic,Week3,247.0 Villa Aquatic - 155.0 Country Club Hills
Daventry,Week1,Fairfax Club Estates,Week4,272.0 Fairfax Club Estates - 130.0 Daventry
Crosspointe,Week1,Sully Station II,Week2,205.5 Sully Station II - 196.5 Crosspointe
Crosspointe,Week5,Ilda Community,Week5,335.0 Crosspointe - 66.0 Ilda Community
Daventry,Week4,Fairfax,Week1,347.0 Fairfax - 55.0 Daventry
Daventry,Week2,Cottontail,Week5,288.0 Cottontail - 113.0 Daventry
Crosspointe,Week2,Commonwealth,Week1,298.0 Crosspointe - 104.0 Commonwealth
Country Club Hills,Week5,Shouse Village,Week4,244.0 Shouse Village - 158.0 Country Club Hills
Crosspointe,Week1,Newington Forest,Week5,292.0 Crosspointe - 110.0 Newington Forest
Country Club Hills,Week1,Villa Aquatic,Week5,227.0 Villa Aquatic - 175.0 Country Club Hills
Crosspointe,Week5,Cardinal Hill,Week5,257.0 Crosspointe - 145.0 Cardinal Hill
Daventry,Week4,Fairfax,Week3,366.0 Fairfax - 35.0 Daventry
Crosspointe,Week2,Ilda Community,Week4,300.0 Crosspointe - 102.0 Ilda Community
Crosspointe,Week4,Ilda Community,Week3,325.0 Crosspointe - 77.0 Ilda Community
Crosspointe,Week3,Ilda Community,Week2,320.0 Crosspointe - 82.0 Ilda Community
Crosspointe,Week2,Sully Station II,Week4,205.0 Crosspointe - 197.0 Sully Station II
Crosspointe,Week1,Commonwealth,Week4,307.5 Crosspointe - 94.5 Commonwealth
Daventry,Week3,Cottontail,Week4,268.0 Cottontail - 134.0 Daventry
Daventry,Week1,Fairfax Club Estates,Week5,255.0 Fairfax Club Estates - 146.0 Daventry
Crosspointe,Week3,Chesterbrook,Week3,300.0 Chesterbrook - 102.0 Crosspointe
Crosspointe,Week5,Newington Forest,Week3,329.0 Crosspointe - 73.0 Newington Forest
Country Club Hills,Week2,Villa Aquatic,Week2,211.0 Villa Aquatic - 191.0 Country Club Hills
Crosspointe,Week1,Kent Gardens,Week5,232.0 Crosspointe - 170.0 Kent Gardens
Daventry,Week2,Fairfax Club Estates,Week3,270.0 Fairfax Club Estates - 127.0 Daventry
Crosspointe,Week1,Kent Gardens,Week3,280.0 Crosspointe - 122.0 Kent Gardens
Country Club Hills,Week2,Vienna Woods,Week3,335.0 Vienna Woods - 67.0 Country Club Hills
Country Club Hills,Week3,Sideburn Run,Week3,248.5 Sideburn Run - 153.5 Country Club Hills
Crosspointe,Week2,Sully Station II,Week5,244.0 Sully Station II - 158.0 Crosspointe
Daventry,Week1,Country Club Hills,Week3,276.0 Country Club Hills - 126.0 Daventry
Daventry,Week5,Fairfax,Week5,350.0 Fairfax - 51.0 Daventry
Country Club Hills,Week5,Vienna Woods,Week5,347.0 Vienna Woods - 55.0 Country Club Hills
Crosspointe,Week1,Commonwealth,Week5,291.0 Crosspointe - 111.0 Commonwealth
Country Club Hills,Week3,Sideburn Run,Week4,235.0 Sideburn Run - 167.0 Country Club Hills
Country Club Hills,Week1,Sideburn Run,Week2,224.0 Sideburn Run - 178.0 Country Club Hills
Daventry,Week5,Cottontail,Week1,256.0 Cottontail - 146.0 Daventry
Daventry,Week2,Fairfax Club Estates,Week1,268.0 Fairfax Club Estates - 132.0 Daventry
Crosspointe,Week5,Newington Forest,Week1,343.0 Crosspointe - 58.0 Newington Forest
Crosspointe,Week3,Sully Station II,Week2,226.0 Sully Station II - 176.0 Crosspointe
Crosspointe,Week5,Newington Forest,Week2,334.0 Crosspointe - 67.0 Newington Forest
Crosspointe,Week4,Sully Station,Week3,204.0 Sully Station - 198.0 Crosspointe
Country Club Hills,Week2,Sideburn Run,Week2,222.0 Sideburn Run - 180.0 Country Club Hills
Crosspointe,Week1,Kent Gardens,Week4,273.0 Crosspointe - 129.0 Kent Gardens
Country Club Hills,Week2,Sideburn Run,Week4,237.0 Sideburn Run - 165.0 Country Club Hills
Daventry,Week5,Fairfax,Week1,323.0 Fairfax - 79.0 Daventry
Crosspointe,Week1,Kent Gardens,Week1,256.0 Crosspointe - 146.0 Kent Gardens
Country Club Hills,Week1,Sideburn Run,Week3,245.0 Sideburn Run - 157.0 Country Club Hills
Daventry,Week1,Fairfax Club Estates,Week2,241.0 Fairfax Club Estates - 158.0 Daventry
Country Club Hills,Week4,Vienna Woods,Week1,326.0 Vienna Woods - 71.0 Country Club Hills
Crosspointe,Week1,North Springfield,Week1,318.0 Crosspointe - 33.0 North Springfield
Daventry,Week4,Country Club Hills,Week5,312.0 Country Club Hills - 90.0 Daventry
Daventry,Week2,Fairfax Club Estates,Week4,271.0 Fairfax Club Estates - 127.0 Daventry
Daventry,Week4,Cottontail,Week1,287.0 Cottontail - 115.0 Daventry
Crosspointe,Week2,North Springfield,Week3,320.0 Crosspointe - 76.0 North Springfield
Crosspointe,Week5,Ilda Community,Week4,327.0 Crosspointe - 75.0 Ilda Community
Crosspointe,Week4,Commonwealth,Week4,293.0 Crosspointe - 109.0 Commonwealth
Crosspointe,Week1,North Springfield,Week5,306.5 Crosspointe - 67.5 North Springfield
Country Club Hills,Week5,Vienna Woods,Week3,339.0 Vienna Woods - 63.0 Country Club Hills
Crosspointe,Week2,Kent Gardens,Week3,259.0 Crosspointe - 143.0 Kent Gardens
Crosspointe,Week1,North Springfield,Week3,339.0 Crosspointe - 58.0 North Springfield
Daventry,Week4,Cottontail,Week2,267.0 Cottontail - 135.0 Daventry
Daventry,Week1,Country Club Hills,Week4,280.0 Country Club Hills - 122.0 Daventry
Crosspointe,Week4,Sully Station II,Week2,214.0 Sully Station II - 188.0 Crosspointe
Crosspointe,Week5,Ilda Community,Week2,344.0 Crosspointe - 58.0 Ilda Community
Crosspointe,Week2,Commonwealth,Week4,296.0 Crosspointe - 106.0 Commonwealth
Country Club Hills,Week2,Vienna Woods,Week4,312.0 Vienna Woods - 90.0 Country Club Hills
Crosspointe,Week4,Commonwealth,Week2,284.0 Crosspointe - 118.0 Commonwealth
Country Club Hills,Week3,Sideburn Run,Week2,213.5 Sideburn Run - 188.5 Country Club Hills
Crosspointe,Week3,Sully Station II,Week5,230.0 Sully Station II - 172.0 Crosspointe
Crosspointe,Week4,Sully Station II,Week4,211.0 Crosspointe - 191.0 Sully Station II
Crosspointe,Week1,Kings Ridge ,Week4,307.0 Crosspointe - 95.0 Kings Ridge
Daventry,Week1,Fairfax Club Estates,Week1,258.0 Fairfax Club Estates - 143.0 Daventry
Crosspointe,Week4,Sully Station II,Week5,234.0 Sully Station II - 168.0 Crosspointe
Crosspointe,Week1,Cottontail,Week1,260.0 Crosspointe - 142.0 Cottontail
Daventry,Week2,Country Club Hills,Week3,280.0 Country Club Hills - 121.0 Daventry
Daventry,Week1,Country Club Hills,Week2,280.0 Country Club Hills - 122.0 Daventry
Country Club Hills,Week4,Vienna Woods,Week4,318.0 Vienna Woods - 84.0 Country Club Hills
Country Club Hills,Week2,Sideburn Run,Week3,245.0 Sideburn Run - 157.0 Country Club Hills
Crosspointe,Week1,Commonwealth,Week3,294.0 Crosspointe - 108.0 Commonwealth
Daventry,Week2,Fairfax Club Estates,Week2,236.0 Fairfax Club Estates - 160.0 Daventry
Crosspointe,Week2,Kings Ridge ,Week4,299.0 Crosspointe - 103.0 Kings Ridge
Crosspointe,Week5,Sully Station II,Week1,235.0 Crosspointe - 167.0 Sully Station II
Crosspointe,Week3,Truro,Week5,302.0 Crosspointe - 100.0 Truro
Country Club Hills,Week3,Vienna Woods,Week5,348.0 Vienna Woods - 54.0 Country Club Hills
Country Club Hills,Week2,Stratford,Week5,204.0 Country Club Hills - 198.0 Stratford
Country Club Hills,Week2,Vienna Woods,Week2,331.0 Vienna Woods - 71.0 Country Club Hills
Crosspointe,Week3,North Springfield,Week1,315.0 Crosspointe - 35.0 North Springfield
Daventry,Week5,Fairfax,Week3,340.5 Fairfax - 60.5 Daventry
Crosspointe,Week3,North Springfield,Week3,316.0 Crosspointe - 81.0 North Springfield
Daventry,Week3,Fairfax,Week3,350.0 Fairfax - 51.0 Daventry
Crosspointe,Week3,North Springfield,Week4,330.0 Crosspointe - 62.0 North Springfield
Daventry,Week3,Cottontail,Week3,276.0 Cottontail - 126.0 Daventry
Country Club Hills,Week2,Stratford,Week4,211.0 Country Club Hills - 191.0 Stratford
Daventry,Week4,Fairfax,Week2,369.0 Fairfax - 33.0 Daventry
Crosspointe,Week5,Chesterbrook,Week5,260.0 Chesterbrook - 142.0 Crosspointe
Country Club Hills,Week4,Vienna Woods,Week2,331.0 Vienna Woods - 71.0 Country Club Hills
Country Club Hills,Week4,Villa Aquatic,Week2,204.0 Villa Aquatic - 198.0 Country Club Hills
Daventry,Week5,Cottontail,Week4,255.0 Cottontail - 147.0 Daventry
Country Club Hills,Week3,Sideburn Run,Week5,240.0 Sideburn Run - 162.0 Country Club Hills
Crosspointe,Week3,North Springfield,Week2,326.0 Crosspointe - 57.0 North Springfield
Crosspointe,Week5,Sully Station II,Week3,205.0 Crosspointe - 197.0 Sully Station II
Crosspointe,Week3,Commonwealth,Week5,281.0 Crosspointe - 121.0 Commonwealth
Crosspointe,Week4,Chesterbrook,Week3,301.0 Chesterbrook - 101.0 Crosspointe
Country Club Hills,Week3,Vienna Woods,Week1,340.0 Vienna Woods - 62.0 Country Club Hills
Country Club Hills,Week2,Stratford,Week3,220.0 Country Club Hills - 182.0 Stratford
Crosspointe,Week4,Kent Gardens,Week3,266.0 Crosspointe - 136.0 Kent Gardens
Crosspointe,Week4,Chesterbrook,Week2,291.0 Chesterbrook - 111.0 Crosspointe
Crosspointe,Week3,Truro,Week2,315.0 Crosspointe - 87.0 Truro
Daventry,Week3,Cottontail,Week1,278.0 Cottontail - 124.0 Daventry
Crosspointe,Week1,North Springfield,Week4,341.0 Crosspointe - 51.0 North Springfield
Crosspointe,Week4,Kent Gardens,Week4,262.0 Crosspointe - 140.0 Kent Gardens
Crosspointe,Week3,Kent Gardens,Week2,279.0 Crosspointe - 123.0 Kent Gardens
Crosspointe,Week1,Truro,Week2,318.0 Crosspointe - 84.0 Truro
Crosspointe,Week2,Commonwealth,Week3,281.0 Crosspointe - 121.0 Commonwealth
Crosspointe,Week2,Truro,Week5,299.0 Crosspointe - 103.0 Truro
Country Club Hills,Week3,Stratford,Week3,223.0 Country Club Hills - 179.0 Stratford
Crosspointe,Week4,North Springfield,Week5,302.0 Crosspointe - 72.0 North Springfield
Crosspointe,Week5,Chesterbrook,Week4,260.0 Chesterbrook - 142.0 Crosspointe
Country Club Hills,Week1,Sully Station,Week3,273.0 Sully Station - 129.0 Country Club Hills
Daventry,Week3,Fairfax,Week5,363.0 Fairfax - 38.0 Daventry
Daventry,Week3,Country Club Hills,Week4,280.0 Country Club Hills - 122.0 Daventry
Country Club Hills,Week3,Vienna Woods,Week2,323.0 Vienna Woods - 79.0 Country Club Hills
Crosspointe,Week4,Chesterbrook,Week1,275.0 Chesterbrook - 127.0 Crosspointe
Country Club Hills,Week2,Vienna Woods,Week5,349.0 Vienna Woods - 53.0 Country Club Hills
Daventry,Week2,Country Club Hills,Week2,267.0 Country Club Hills - 135.0 Daventry
Crosspointe,Week2,North Springfield,Week2,322.0 Crosspointe - 66.0 North Springfield
Daventry,Week4,Fairfax,Week4,361.0 Fairfax - 40.0 Daventry
Country Club Hills,Week3,Vienna Woods,Week3,341.0 Vienna Woods - 61.0 Country Club Hills
Crosspointe,Week5,North Springfield,Week5,313.0 Crosspointe - 61.0 North Springfield
Crosspointe,Week2,Kings Ridge ,Week3,305.0 Crosspointe - 96.0 Kings Ridge
Country Club Hills,Week1,Sully Station,Week1,284.0 Sully Station - 118.0 Country Club Hills
Daventry,Week5,Fairfax,Week2,342.0 Fairfax - 60.0 Daventry
Crosspointe,Week5,Kent Gardens,Week5,249.0 Crosspointe - 153.0 Kent Gardens
Crosspointe,Week2,Kings Ridge ,Week2,318.0 Crosspointe - 84.0 Kings Ridge
Crosspointe,Week5,Kent Gardens,Week4,285.0 Crosspointe - 117.0 Kent Gardens
Crosspointe,Week2,Truro,Week2,321.0 Crosspointe - 81.0 Truro
Crosspointe,Week5,Newington Forest,Week5,308.0 Crosspointe - 94.0 Newington Forest
Country Club Hills,Week5,Vienna Woods,Week2,326.0 Vienna Woods - 76.0 Country Club Hills
Daventry,Week5,Cottontail,Week3,246.0 Cottontail - 156.0 Daventry
Daventry,Week2,Fairfax Club Estates,Week5,253.0 Fairfax Club Estates - 140.0 Daventry
Crosspointe,Week3,Commonwealth,Week2,273.0 Crosspointe - 129.0 Commonwealth
Crosspointe,Week1,Tuckahoe,Week3,311.0 Tuckahoe - 91.0 Crosspointe
Daventry,Week3,Country Club Hills,Week1,276.0 Country Club Hills - 126.0 Daventry
Crosspointe,Week2,North Springfield,Week5,295.0 Crosspointe - 79.0 North Springfield
Crosspointe,Week5,Kings Ridge ,Week1,332.0 Crosspointe - 70.0 Kings Ridge
Crosspointe,Week1,Oakton ,Week1,203.0 Oakton - 199.0 Crosspointe
Daventry,Week2,Cottontail,Week4,269.0 Cottontail - 132.0 Daventry
Crosspointe,Week4,North Springfield,Week1,319.0 Crosspointe - 32.0 North Springfield
Country Club Hills,Week2,Vienna Woods,Week1,325.0 Vienna Woods - 77.0 Country Club Hills
Country Club Hills,Week2,Stratford,Week2,239.0 Country Club Hills - 163.0 Stratford
Daventry,Week3,Fairfax Club Estates,Week1,258.0 Fairfax Club Estates - 142.0 Daventry
Daventry,Week3,Cottontail,Week2,271.0 Cottontail - 131.0 Daventry
Daventry,Week3,Fairfax,Week2,357.0 Fairfax - 45.0 Daventry
Country Club Hills,Week4,Stratford,Week4,217.0 Country Club Hills - 185.0 Stratford
Crosspointe,Week1,Commonwealth,Week2,288.0 Crosspointe - 114.0 Commonwealth
Country Club Hills,Week1,Stratford,Week4,213.5 Country Club Hills - 188.5 Stratford
Daventry,Week3,Fairfax Station,Week2,338.0 Fairfax Station - 64.0 Daventry
Crosspointe,Week1,Kings Ridge ,Week2,328.0 Crosspointe - 74.0 Kings Ridge
Crosspointe,Week2,Truro,Week1,300.0 Crosspointe - 102.0 Truro
Crosspointe,Week3,Chesterbrook,Week4,278.0 Chesterbrook - 124.0 Crosspointe
Daventry,Week1,Country Club Hills,Week1,280.0 Country Club Hills - 122.0 Daventry
Crosspointe,Week5,Sully Station II,Week2,213.0 Crosspointe - 189.0 Sully Station II
Crosspointe,Week2,Commonwealth,Week5,277.0 Crosspointe - 125.0 Commonwealth
Country Club Hills,Week3,Vienna Woods,Week4,311.0 Vienna Woods - 91.0 Country Club Hills
Crosspointe,Week3,Truro,Week4,290.0 Crosspointe - 112.0 Truro
Daventry,Week3,Fairfax Club Estates,Week3,269.0 Fairfax Club Estates - 128.0 Daventry
Country Club Hills,Week2,Sully Station,Week2,259.0 Sully Station - 143.0 Country Club Hills
Crosspointe,Week2,Tuckahoe,Week3,324.0 Tuckahoe - 78.0 Crosspointe
Country Club Hills,Week4,Vienna Woods,Week3,342.0 Vienna Woods - 60.0 Country Club Hills
Crosspointe,Week3,Kings Ridge ,Week2,319.0 Crosspointe - 83.0 Kings Ridge
Daventry,Week2,Country Club Hills,Week5,287.0 Country Club Hills - 114.0 Daventry
Country Club Hills,Week2,Villa Aquatic,Week1,216.0 Villa Aquatic - 186.0 Country Club Hills
Crosspointe,Week1,Oakton ,Week2,208.0 Oakton - 194.0 Crosspointe
Crosspointe,Week5,Chesterbrook,Week1,255.0 Chesterbrook - 147.0 Crosspointe
Daventry,Week2,Country Club Hills,Week4,274.0 Country Club Hills - 128.0 Daventry
Crosspointe,Week3,Truro,Week3,309.5 Crosspointe - 92.5 Truro
Country Club Hills,Week5,Vienna Woods,Week1,315.0 Vienna Woods - 87.0 Country Club Hills
Country Club Hills,Week4,Stratford,Week5,207.0 Country Club Hills - 195.0 Stratford
Crosspointe,Week5,Kings Ridge ,Week2,340.0 Crosspointe - 62.0 Kings Ridge
Country Club Hills,Week1,Stratford,Week2,238.0 Country Club Hills - 164.0 Stratford
Daventry,Week3,Country Club Hills,Week5,289.0 Country Club Hills - 113.0 Daventry
Daventry,Week2,Fairfax Station,Week2,332.0 Fairfax Station - 69.0 Daventry
Crosspointe,Week5,Sully Station II,Week5,205.0 Crosspointe - 197.0 Sully Station II
Crosspointe,Week4,Truro,Week4,307.0 Crosspointe - 95.0 Truro
Crosspointe,Week5,Chesterbrook,Week2,256.0 Chesterbrook - 146.0 Crosspointe
Crosspointe,Week5,North Springfield,Week2,338.0 Crosspointe - 50.0 North Springfield
Daventry,Week5,Fairfax Club Estates,Week5,238.0 Fairfax Club Estates - 155.0 Daventry
Crosspointe,Week3,Chesterbrook,Week5,285.0 Chesterbrook - 117.0 Crosspointe
Country Club Hills,Week1,Sully Station,Week5,279.0 Sully Station - 123.0 Country Club Hills
Country Club Hills,Week3,Stratford,Week2,236.0 Country Club Hills - 166.0 Stratford
Crosspointe,Week2,Kings Ridge ,Week1,316.0 Crosspointe - 86.0 Kings Ridge
Daventry,Week4,Cottontail,Week4,281.0 Cottontail - 121.0 Daventry
Crosspointe,Week5,Chesterbrook,Week3,277.5 Chesterbrook - 124.5 Crosspointe
Crosspointe,Week4,North Springfield,Week4,332.0 Crosspointe - 59.0 North Springfield
Daventry,Week3,Country Club Hills,Week3,282.0 Country Club Hills - 120.0 Daventry
Crosspointe,Week1,Oakton ,Week3,210.0 Crosspointe - 192.0 Oakton
Country Club Hills,Week1,Villa Aquatic,Week2,208.0 Villa Aquatic - 194.0 Country Club Hills
Crosspointe,Week2,North Springfield,Week1,309.0 Crosspointe - 41.0 North Springfield
Daventry,Week5,Fairfax Club Estates,Week1,232.0 Fairfax Club Estates - 164.0 Daventry
Daventry,Week2,Fairfax Station,Week3,351.0 Fairfax Station - 51.0 Daventry
Crosspointe,Week5,Kent Gardens,Week1,266.0 Crosspointe - 136.0 Kent Gardens
Country Club Hills,Week1,Stratford,Week1,228.0 Country Club Hills - 173.0 Stratford
Crosspointe,Week3,Truro,Week1,302.0 Crosspointe - 100.0 Truro
Crosspointe,Week4,Chesterbrook,Week4,285.0 Chesterbrook - 117.0 Crosspointe
Country Club Hills,Week4,Vienna Woods,Week5,359.5 Vienna Woods - 42.5 Country Club Hills
Crosspointe,Week4,Kent Gardens,Week2,281.0 Crosspointe - 121.0 Kent Gardens
Daventry,Week5,Cottontail,Week5,266.0 Cottontail - 136.0 Daventry
Crosspointe,Week5,Kent Gardens,Week2,289.0 Crosspointe - 113.0 Kent Gardens
Country Club Hills,Week5,Vienna Woods,Week4,306.0 Vienna Woods - 96.0 Country Club Hills
Daventry,Week1,Fairfax Station,Week1,324.0 Fairfax Station - 78.0 Daventry
Crosspointe,Week3,North Springfield,Week5,304.0 Crosspointe - 65.0 North Springfield
Crosspointe,Week4,Truro,Week1,304.0 Crosspointe - 98.0 Truro
Country Club Hills,Week1,Stratford,Week3,213.0 Country Club Hills - 189.0 Stratford
Daventry,Week5,Fairfax Station,Week2,319.0 Fairfax Station - 83.0 Daventry
Crosspointe,Week3,Kent Gardens,Week4,264.0 Crosspointe - 138.0 Kent Gardens
Crosspointe,Week1,Truro,Week1,314.0 Crosspointe - 88.0 Truro
Daventry,Week4,Fairfax Station,Week5,361.0 Fairfax Station - 41.0 Daventry
Crosspointe,Week4,Kent Gardens,Week5,226.0 Crosspointe - 176.0 Kent Gardens
Crosspointe,Week5,Truro,Week3,328.0 Crosspointe - 74.0 Truro
Country Club Hills,Week2,Stratford,Week1,242.0 Country Club Hills - 160.0 Stratford
Country Club Hills,Week4,Stratford,Week1,233.0 Country Club Hills - 164.0 Stratford
Crosspointe,Week4,North Springfield,Week2,329.0 Crosspointe - 59.0 North Springfield
Country Club Hills,Week2,Villa Aquatic,Week4,233.0 Villa Aquatic - 169.0 Country Club Hills
Crosspointe,Week4,North Springfield,Week3,329.0 Crosspointe - 67.0 North Springfield
Daventry,Week4,Country Club Hills,Week1,296.0 Country Club Hills - 106.0 Daventry
Crosspointe,Week2,North Springfield,Week4,324.0 Crosspointe - 67.0 North Springfield
Crosspointe,Week1,North Springfield,Week2,337.0 Crosspointe - 51.0 North Springfield
Crosspointe,Week3,Commonwealth,Week1,296.0 Crosspointe - 96.0 Commonwealth
Daventry,Week5,Fairfax Station,Week3,333.0 Fairfax Station - 69.0 Daventry
Crosspointe,Week2,Truro,Week3,318.0 Crosspointe - 84.0 Truro
Country Club Hills,Week3,Stratford,Week5,207.0 Stratford - 195.0 Country Club Hills
Daventry,Week2,Country Club Hills,Week1,274.0 Country Club Hills - 128.0 Daventry
Country Club Hills,Week3,Villa Aquatic,Week4,241.0 Villa Aquatic - 161.0 Country Club Hills
Daventry,Week3,Country Club Hills,Week2,268.0 Country Club Hills - 134.0 Daventry
Crosspointe,Week2,Commonwealth,Week2,270.0 Crosspointe - 132.0 Commonwealth
Crosspointe,Week4,Kings Ridge ,Week3,315.0 Crosspointe - 87.0 Kings Ridge
Crosspointe,Week3,Kings Ridge ,Week1,313.0 Crosspointe - 89.0 Kings Ridge
Country Club Hills,Week3,Villa Aquatic,Week3,257.0 Villa Aquatic - 145.0 Country Club Hills
Crosspointe,Week1,Truro,Week3,318.0 Crosspointe - 84.0 Truro
Crosspointe,Week3,Commonwealth,Week3,291.0 Crosspointe - 111.0 Commonwealth
Country Club Hills,Week2,Villa Aquatic,Week5,233.0 Villa Aquatic - 169.0 Country Club Hills
Daventry,Week5,Fairfax Club Estates,Week4,251.0 Fairfax Club Estates - 150.0 Daventry
Crosspointe,Week4,Chesterbrook,Week5,282.0 Chesterbrook - 120.0 Crosspointe
Country Club Hills,Week3,Villa Aquatic,Week5,244.0 Villa Aquatic - 158.0 Country Club Hills
Daventry,Week2,Fairfax Station,Week1,327.0 Fairfax Station - 74.0 Daventry
Crosspointe,Week5,North Springfield,Week3,334.0 Crosspointe - 62.0 North Springfield
Daventry,Week4,Fairfax Club Estates,Week5,252.0 Fairfax Club Estates - 146.0 Daventry
Crosspointe,Week5,North Springfield,Week1,320.0 Crosspointe - 30.0 North Springfield
Country Club Hills,Week4,Stratford,Week3,221.0 Country Club Hills - 181.0 Stratford
Crosspointe,Week3,Kent Gardens,Week5,229.0 Crosspointe - 173.0 Kent Gardens
Daventry,Week2,Crosspointe,Week1,344.0 Crosspointe - 58.0 Daventry
Crosspointe,Week1,Kings Ridge ,Week3,319.0 Crosspointe - 83.0 Kings Ridge
Country Club Hills,Week5,Springfield,Week5,368.0 Country Club Hills - 32.0 Springfield
Country Club Hills,Week3,Stratford,Week4,207.0 Country Club Hills - 195.0 Stratford
Crosspointe,Week4,Truro,Week2,317.0 Crosspointe - 85.0 Truro
Crosspointe,Week4,Commonwealth,Week3,295.0 Crosspointe - 107.0 Commonwealth
Country Club Hills,Week3,Villa Aquatic,Week2,219.0 Villa Aquatic - 183.0 Country Club Hills
Daventry,Week4,Country Club Hills,Week4,286.0 Country Club Hills - 116.0 Daventry
Daventry,Week4,Country Club Hills,Week3,287.0 Country Club Hills - 115.0 Daventry
Daventry,Week4,Fairfax Club Estates,Week1,262.0 Fairfax Club Estates - 139.0 Daventry
Crosspointe,Week5,Kent Gardens,Week3,281.0 Crosspointe - 121.0 Kent Gardens
Crosspointe,Week1,Kings Ridge ,Week5,310.0 Crosspointe - 92.0 Kings Ridge
Country Club Hills,Week3,Village West,Week1,259.0 Country Club Hills - 143.0 Village West
Crosspointe,Week1,Truro,Week4,302.5 Crosspointe - 99.5 Truro
Country Club Hills,Week4,Villa Aquatic,Week1,203.0 Country Club Hills - 199.0 Villa Aquatic
Crosspointe,Week2,Truro,Week4,306.0 Crosspointe - 96.0 Truro
Crosspointe,Week4,Commonwealth,Week1,307.0 Crosspointe - 95.0 Commonwealth
Crosspointe,Week3,Commonwealth,Week4,294.0 Crosspointe - 103.0 Commonwealth
Daventry,Week4,Country Club Hills,Week2,282.0 Country Club Hills - 120.0 Daventry
Crosspointe,Week5,North Springfield,Week4,345.0 Crosspointe - 46.0 North Springfield
Crosspointe,Week2,Old Keene Mill,Week2,292.0 Crosspointe - 110.0 Old Keene Mill
Country Club Hills,Week5,Stratford,Week4,237.0 Country Club Hills - 165.0 Stratford
Crosspointe,Week3,Kings Ridge ,Week3,295.0 Crosspointe - 106.0 Kings Ridge
Crosspointe,Week4,Kent Gardens,Week1,243.0 Crosspointe - 159.0 Kent Gardens
Country Club Hills,Week1,Stratford,Week5,204.0 Country Club Hills - 193.0 Stratford
Country Club Hills,Week3,Villa Aquatic,Week1,202.0 Villa Aquatic - 200.0 Country Club Hills
Crosspointe,Week5,Commonwealth,Week2,300.0 Crosspointe - 102.0 Commonwealth
Crosspointe,Week1,Old Keene Mill,Week4,324.5 Crosspointe - 77.5 Old Keene Mill
Country Club Hills,Week5,Stratford,Week1,260.5 Country Club Hills - 141.5 Stratford
Daventry,Week2,Crosspointe,Week2,343.0 Crosspointe - 59.0 Daventry
Daventry,Week4,Fairfax Club Estates,Week4,271.0 Fairfax Club Estates - 130.0 Daventry
Crosspointe,Week2,Oakton ,Week4,216.0 Oakton - 186.0 Crosspointe
Crosspointe,Week4,Truro,Week3,326.0 Crosspointe - 76.0 Truro
Crosspointe,Week4,Oakton ,Week4,202.0 Crosspointe - 200.0 Oakton
Crosspointe,Week5,Sully Station II,Week4,245.0 Crosspointe - 157.0 Sully Station II
Crosspointe,Week1,Truro,Week5,302.0 Crosspointe - 100.0 Truro
Daventry,Week3,Fairfax Club Estates,Week4,281.0 Fairfax Club Estates - 120.0 Daventry
Country Club Hills,Week4,Villa Aquatic,Week3,250.0 Villa Aquatic - 152.0 Country Club Hills
Crosspointe,Week4,Truro,Week5,305.0 Crosspointe - 97.0 Truro
Crosspointe,Week5,Commonwealth,Week1,311.0 Crosspointe - 91.0 Commonwealth
Crosspointe,Week5,Commonwealth,Week4,306.0 Crosspointe - 96.0 Commonwealth
Crosspointe,Week5,Commonwealth,Week3,304.0 Crosspointe - 98.0 Commonwealth
Daventry,Week2,Crosspointe,Week5,345.0 Crosspointe - 56.0 Daventry
Crosspointe,Week3,Kings Ridge ,Week4,295.0 Crosspointe - 107.0 Kings Ridge
Daventry,Week4,Fairfax Club Estates,Week2,237.0 Fairfax Club Estates - 162.0 Daventry
Daventry,Week1,Crosspointe,Week3,340.5 Crosspointe - 61.5 Daventry
Daventry,Week4,Fairfax Club Estates,Week3,261.0 Fairfax Club Estates - 139.0 Daventry
Country Club Hills,Week4,Village West,Week4,252.0 Country Club Hills - 145.0 Village West
Crosspointe,Week1,Kings Ridge ,Week1,324.0 Crosspointe - 78.0 Kings Ridge
Country Club Hills,Week4,Stratford,Week2,236.0 Country Club Hills - 166.0 Stratford
Crosspointe,Week4,Commonwealth,Week5,288.0 Crosspointe - 114.0 Commonwealth
Daventry,Week5,Fairfax Club Estates,Week2,211.0 Fairfax Club Estates - 188.0 Daventry
Crosspointe,Week5,Truro,Week1,323.0 Crosspointe - 79.0 Truro
Crosspointe,Week5,Commonwealth,Week5,297.0 Crosspointe - 105.0 Commonwealth
Crosspointe,Week3,Oakton ,Week3,208.0 Crosspointe - 189.0 Oakton
Crosspointe,Week3,Kings Ridge ,Week5,290.0 Crosspointe - 112.0 Kings Ridge
Daventry,Week5,Country Club Hills,Week3,267.0 Country Club Hills - 135.0 Daventry
Country Club Hills,Week2,Village West,Week4,243.0 Country Club Hills - 154.0 Village West
Country Club Hills,Week5,Stratford,Week2,274.0 Country Club Hills - 128.0 Stratford
Daventry,Week2,Crosspointe,Week3,340.0 Crosspointe - 62.0 Daventry
Country Club Hills,Week3,Stratford,Week1,230.0 Country Club Hills - 171.0 Stratford
Country Club Hills,Week5,Villa Aquatic,Week2,202.0 Country Club Hills - 200.0 Villa Aquatic
Crosspointe,Week2,Kings Ridge ,Week5,292.0 Crosspointe - 110.0 Kings Ridge
Country Club Hills,Week1,Sully Station,Week2,260.0 Sully Station - 142.0 Country Club Hills
Daventry,Week5,Country Club Hills,Week1,258.0 Country Club Hills - 144.0 Daventry
Crosspointe,Week4,Oakton ,Week3,203.0 Crosspointe - 199.0 Oakton
Country Club Hills,Week5,Stratford,Week5,260.0 Country Club Hills - 142.0 Stratford
Country Club Hills,Week4,Villa Aquatic,Week5,234.0 Villa Aquatic - 168.0 Country Club Hills
Crosspointe,Week4,Kings Ridge ,Week1,329.0 Crosspointe - 73.0 Kings Ridge
Crosspointe,Week3,Cottontail,Week3,285.0 Crosspointe - 117.0 Cottontail
Crosspointe,Week4,Kings Ridge ,Week2,325.0 Crosspointe - 77.0 Kings Ridge
Crosspointe,Week2,Oakton ,Week2,229.0 Oakton - 173.0 Crosspointe
Daventry,Week1,Fairfax Station,Week3,344.0 Fairfax Station - 58.0 Daventry
Daventry,Week2,Crosspointe,Week4,343.0 Crosspointe - 59.0 Daventry
Crosspointe,Week5,Truro,Week2,333.0 Crosspointe - 68.0 Truro
Country Club Hills,Week5,Stratford,Week3,248.0 Country Club Hills - 154.0 Stratford
Crosspointe,Week2,Oakton ,Week5,220.0 Oakton - 182.0 Crosspointe
Crosspointe,Week1,Tuckahoe,Week2,285.0 Tuckahoe - 117.0 Crosspointe
Country Club Hills,Week3,Village West,Week3,231.0 Country Club Hills - 171.0 Village West
Daventry,Week1,Fairfax Station,Week4,325.0 Fairfax Station - 77.0 Daventry
Daventry,Week1,Crosspointe,Week2,339.0 Crosspointe - 63.0 Daventry
Crosspointe,Week3,Cottontail,Week2,284.0 Crosspointe - 118.0 Cottontail
Daventry,Week2,Fairfax Station,Week4,326.0 Fairfax Station - 76.0 Daventry
Country Club Hills,Week3,Village West,Week2,260.0 Country Club Hills - 142.0 Village West
Daventry,Week3,Crosspointe,Week3,336.0 Crosspointe - 60.0 Daventry
Crosspointe,Week4,Kings Ridge ,Week4,302.0 Crosspointe - 100.0 Kings Ridge
Crosspointe,Week5,Truro,Week5,317.0 Crosspointe - 85.0 Truro
Crosspointe,Week5,Truro,Week4,314.0 Crosspointe - 88.0 Truro
Crosspointe,Week3,Oakton ,Week2,201.0 Crosspointe - 201.0 Oakton
Country Club Hills,Week3,Village West,Week4,243.0 Country Club Hills - 154.0 Village West
Crosspointe,Week5,Cottontail,Week3,297.0 Crosspointe - 105.0 Cottontail
Crosspointe,Week1,Cottontail,Week2,281.0 Crosspointe - 121.0 Cottontail
Daventry,Week1,Fairfax Station,Week2,331.0 Fairfax Station - 71.0 Daventry
Daventry,Week1,Crosspointe,Week4,337.0 Crosspointe - 65.0 Daventry
Crosspointe,Week2,Oakton ,Week3,212.0 Oakton - 190.0 Crosspointe
Daventry,Week2,Fairfax Station,Week5,347.0 Fairfax Station - 55.0 Daventry
Crosspointe,Week5,Oakton ,Week3,224.0 Crosspointe - 178.0 Oakton
Daventry,Week3,Fairfax Station,Week1,333.5 Fairfax Station - 68.5 Daventry
Crosspointe,Week3,Cottontail,Week4,278.0 Crosspointe - 124.0 Cottontail
Crosspointe,Week1,Cottontail,Week3,296.0 Crosspointe - 106.0 Cottontail
Country Club Hills,Week5,Villa Aquatic,Week5,223.0 Villa Aquatic - 179.0 Country Club Hills
Country Club Hills,Week4,Villa Aquatic,Week4,225.0 Villa Aquatic - 177.0 Country Club Hills
Crosspointe,Week4,Kings Ridge ,Week5,293.0 Crosspointe - 109.0 Kings Ridge
Country Club Hills,Week2,Sully Station,Week1,288.0 Sully Station - 114.0 Country Club Hills
Crosspointe,Week1,Tuckahoe,Week4,298.0 Tuckahoe - 104.0 Crosspointe
Daventry,Week3,Crosspointe,Week4,341.0 Crosspointe - 60.0 Daventry
Country Club Hills,Week1,Sully Station,Week4,270.0 Sully Station - 132.0 Country Club Hills
Crosspointe,Week2,Cottontail,Week1,270.0 Crosspointe - 132.0 Cottontail
Country Club Hills,Week1,Village West,Week4,247.0 Country Club Hills - 150.0 Village West
Country Club Hills,Week3,Sully Station,Week5,292.0 Sully Station - 110.0 Country Club Hills
Crosspointe,Week2,Tuckahoe,Week2,279.0 Tuckahoe - 123.0 Crosspointe
Crosspointe,Week1,Tuckahoe,Week1,278.0 Tuckahoe - 124.0 Crosspointe
Country Club Hills,Week5,Sully Station,Week1,260.0 Sully Station - 142.0 Country Club Hills
Crosspointe,Week5,Lake Braddock,Week3,344.0 Crosspointe - 58.0 Lake Braddock
Crosspointe,Week2,Oakton ,Week1,203.0 Oakton - 199.0 Crosspointe
Crosspointe,Week3,Lake Braddock,Week5,323.0 Crosspointe - 79.0 Lake Braddock
Daventry,Week5,Fairfax Club Estates,Week3,237.0 Fairfax Club Estates - 162.0 Daventry
Daventry,Week4,Crosspointe,Week3,347.0 Crosspointe - 55.0 Daventry
Daventry,Week3,Fairfax Club Estates,Week5,263.0 Fairfax Club Estates - 134.0 Daventry
Crosspointe,Week1,Tuckahoe,Week5,281.0 Tuckahoe - 121.0 Crosspointe
Daventry,Week1,Fairfax Station,Week5,343.0 Fairfax Station - 59.0 Daventry
Crosspointe,Week3,Oakton ,Week4,201.0 Crosspointe - 201.0 Oakton
Crosspointe,Week1,Lake Braddock,Week3,334.0 Crosspointe - 68.0 Lake Braddock
Daventry,Week4,Crosspointe,Week1,349.0 Crosspointe - 53.0 Daventry
Crosspointe,Week3,Oakton ,Week1,207.0 Crosspointe - 195.0 Oakton
Crosspointe,Week2,Cottontail,Week4,265.0 Crosspointe - 137.0 Cottontail
Crosspointe,Week2,Vienna Aquatic,Week2,226.0 Vienna Aquatic - 176.0 Crosspointe
Crosspointe,Week4,Oakton ,Week1,207.0 Crosspointe - 195.0 Oakton
Daventry,Week5,Country Club Hills,Week4,253.0 Country Club Hills - 149.0 Daventry
Crosspointe,Week2,Tuckahoe,Week1,282.0 Tuckahoe - 120.0 Crosspointe
Crosspointe,Week2,Lake Braddock,Week4,333.0 Crosspointe - 69.0 Lake Braddock
Crosspointe,Week1,Lake Braddock,Week5,320.0 Crosspointe - 82.0 Lake Braddock
Country Club Hills,Week2,Village West,Week2,245.0 Country Club Hills - 157.0 Village West
Crosspointe,Week1,Oakton ,Week4,203.0 Oakton - 199.0 Crosspointe
Daventry,Week3,Fairfax Station,Week4,335.0 Fairfax Station - 66.0 Daventry
Crosspointe,Week4,Oakton ,Week2,208.0 Oakton - 194.0 Crosspointe
Country Club Hills,Week2,Village West,Week3,237.0 Country Club Hills - 165.0 Village West
Crosspointe,Week1,Vienna Aquatic,Week5,255.0 Vienna Aquatic - 147.0 Crosspointe
Country Club Hills,Week5,Villa Aquatic,Week1,233.0 Country Club Hills - 169.0 Villa Aquatic
Crosspointe,Week2,Lake Braddock,Week1,342.0 Crosspointe - 60.0 Lake Braddock
Daventry,Week4,Fairfax Station,Week2,347.0 Fairfax Station - 55.0 Daventry
Country Club Hills,Week5,Sully Station,Week3,263.0 Sully Station - 139.0 Country Club Hills
Crosspointe,Week4,Tuckahoe,Week1,280.0 Tuckahoe - 122.0 Crosspointe
Crosspointe,Week4,Cottontail,Week4,267.0 Crosspointe - 135.0 Cottontail
Daventry,Week1,Crosspointe,Week1,334.0 Crosspointe - 68.0 Daventry
Crosspointe,Week3,Oakton ,Week5,209.0 Oakton - 193.0 Crosspointe
Country Club Hills,Week3,Sully Station II,Week3,303.0 Sully Station II - 99.0 Country Club Hills
Daventry,Week3,Fairfax Station,Week3,353.0 Fairfax Station - 49.0 Daventry
Country Club Hills,Week1,Village West,Week2,245.0 Country Club Hills - 157.0 Village West
Country Club Hills,Week3,Sully Station II,Week2,299.0 Sully Station II - 103.0 Country Club Hills
Crosspointe,Week1,Vienna Aquatic,Week2,221.0 Vienna Aquatic - 181.0 Crosspointe
Daventry,Week4,Fairfax Station,Week1,340.0 Fairfax Station - 62.0 Daventry
Country Club Hills,Week4,Sully Station,Week3,278.0 Sully Station - 124.0 Country Club Hills
Daventry,Week4,Crosspointe,Week4,344.0 Crosspointe - 58.0 Daventry
Daventry,Week4,Crosspointe,Week2,345.0 Crosspointe - 57.0 Daventry
Country Club Hills,Week2,Village West,Week1,250.0 Country Club Hills - 152.0 Village West
Crosspointe,Week1,Lakevale Estates,Week1,233.0 Crosspointe - 169.0 Lakevale Estates
Crosspointe,Week1,Cottontail,Week5,265.0 Crosspointe - 137.0 Cottontail
Crosspointe,Week3,Cottontail,Week1,264.0 Crosspointe - 138.0 Cottontail
Crosspointe,Week4,Cottontail,Week1,272.0 Crosspointe - 130.0 Cottontail
Daventry,Week1,Crosspointe,Week5,340.0 Crosspointe - 62.0 Daventry
Country Club Hills,Week2,Sully Station,Week4,277.5 Sully Station - 124.5 Country Club Hills
Daventry,Week4,Crosspointe,Week5,351.0 Crosspointe - 51.0 Daventry
Crosspointe,Week5,Tuckahoe,Week1,243.0 Tuckahoe - 159.0 Crosspointe
Daventry,Week5,Fairfax Station,Week1,307.0 Fairfax Station - 95.0 Daventry
Country Club Hills,Week3,Sully Station,Week2,254.5 Sully Station - 147.5 Country Club Hills
Crosspointe,Week5,Oakton ,Week1,231.0 Crosspointe - 171.0 Oakton
Crosspointe,Week2,Lake Braddock,Week3,327.0 Crosspointe - 75.0 Lake Braddock
Crosspointe,Week5,Oakton ,Week2,223.0 Crosspointe - 179.0 Oakton
Crosspointe,Week5,Oakton ,Week4,224.0 Crosspointe - 178.0 Oakton
Crosspointe,Week1,Lake Braddock,Week2,335.0 Crosspointe - 67.0 Lake Braddock
Country Club Hills,Week2,Village West,Week5,251.0 Country Club Hills - 151.0 Village West
Country Club Hills,Week2,Sully Station,Week3,274.0 Sully Station - 128.0 Country Club Hills
Country Club Hills,Week1,Village West,Week5,244.0 Country Club Hills - 158.0 Village West
Daventry,Week4,Fairfax Station,Week3,357.0 Fairfax Station - 45.0 Daventry
Crosspointe,Week3,Tuckahoe,Week1,267.5 Tuckahoe - 134.5 Crosspointe
Crosspointe,Week1,Cottontail,Week4,280.0 Crosspointe - 122.0 Cottontail
Country Club Hills,Week5,Villa Aquatic,Week3,221.0 Villa Aquatic - 181.0 Country Club Hills
Crosspointe,Week2,Cottontail,Week5,259.5 Crosspointe - 142.5 Cottontail
Crosspointe,Week5,Kings Ridge ,Week4,319.0 Crosspointe - 83.0 Kings Ridge
Crosspointe,Week5,Tuckahoe,Week3,287.0 Tuckahoe - 115.0 Crosspointe
Daventry,Week3,Fairfax Station,Week5,359.0 Fairfax Station - 43.0 Daventry
Country Club Hills,Week2,Sully Station II,Week1,266.0 Sully Station II - 136.0 Country Club Hills
Daventry,Week4,Fairfax Station,Week4,340.0 Fairfax Station - 62.0 Daventry
Country Club Hills,Week3,Sully Station,Week4,274.0 Sully Station - 128.0 Country Club Hills
Crosspointe,Week4,Tuckahoe,Week4,294.0 Tuckahoe - 108.0 Crosspointe
Crosspointe,Week2,Cottontail,Week2,278.5 Crosspointe - 123.5 Cottontail
Daventry,Week3,Crosspointe,Week5,344.0 Crosspointe - 58.0 Daventry
Daventry,Week3,Crosspointe,Week2,334.0 Crosspointe - 68.0 Daventry
Crosspointe,Week4,Cottontail,Week2,286.0 Crosspointe - 116.0 Cottontail
Crosspointe,Week3,Lake Braddock,Week4,342.0 Crosspointe - 60.0 Lake Braddock
Country Club Hills,Week4,Village West,Week1,255.0 Country Club Hills - 147.0 Village West
Crosspointe,Week1,Old Keene Mill,Week2,312.0 Crosspointe - 90.0 Old Keene Mill
Crosspointe,Week2,Lake Braddock,Week2,324.0 Crosspointe - 78.0 Lake Braddock
Crosspointe,Week5,Oakton ,Week5,217.0 Crosspointe - 185.0 Oakton
Country Club Hills,Week4,Village West,Week2,251.0 Country Club Hills - 151.0 Village West
Country Club Hills,Week2,Sully Station II,Week2,296.0 Sully Station II - 106.0 Country Club Hills
Crosspointe,Week4,Cottontail,Week3,276.0 Crosspointe - 126.0 Cottontail
Crosspointe,Week5,Tuckahoe,Week5,257.3 Tuckahoe - 144.7 Crosspointe
Crosspointe,Week5,Tuckahoe,Week4,268.0 Tuckahoe - 134.0 Crosspointe
Daventry,Week5,Country Club Hills,Week5,279.0 Country Club Hills - 123.0 Daventry
Country Club Hills,Week3,Sully Station II,Week1,273.0 Sully Station II - 129.0 Country Club Hills
Daventry,Week3,Crosspointe,Week1,337.0 Crosspointe - 64.0 Daventry
Daventry,Week5,Fairfax Station,Week4,314.0 Fairfax Station - 88.0 Daventry
Crosspointe,Week5,Kings Ridge ,Week5,314.0 Crosspointe - 88.0 Kings Ridge
Crosspointe,Week1,Old Keene Mill,Week3,318.0 Crosspointe - 84.0 Old Keene Mill
Daventry,Week5,Crosspointe,Week1,326.0 Crosspointe - 76.0 Daventry
Crosspointe,Week1,Old Keene Mill,Week1,322.0 Crosspointe - 80.0 Old Keene Mill
Crosspointe,Week1,Lake Braddock,Week4,343.0 Crosspointe - 59.0 Lake Braddock
Crosspointe,Week2,Cottontail,Week3,296.0 Crosspointe - 106.0 Cottontail
Daventry,Week5,Country Club Hills,Week2,247.5 Country Club Hills - 154.5 Daventry
Crosspointe,Week2,Lake Braddock,Week5,317.0 Crosspointe - 85.0 Lake Braddock
Crosspointe,Week3,Cottontail,Week5,260.0 Crosspointe - 142.0 Cottontail
Crosspointe,Week2,Tuckahoe,Week5,301.0 Tuckahoe - 101.0 Crosspointe
Daventry,Week1,Forest Hollow,Week3,310.0 Forest Hollow - 92.0 Daventry
Country Club Hills,Week5,Villa Aquatic,Week4,203.0 Country Club Hills - 199.0 Villa Aquatic
Country Club Hills,Week3,Sully Station,Week3,278.0 Sully Station - 124.0 Country Club Hills
Daventry,Week1,Forest Hollow,Week2,299.0 Forest Hollow - 103.0 Daventry
Country Club Hills,Week1,Village West,Week1,255.0 Country Club Hills - 147.0 Village West
Country Club Hills,Week4,Village West,Week3,223.0 Country Club Hills - 179.0 Village West
Daventry,Week1,Forest Hollow,Week4,308.0 Forest Hollow - 94.0 Daventry
Crosspointe,Week4,Lake Braddock,Week2,333.0 Crosspointe - 69.0 Lake Braddock
Crosspointe,Week5,Tuckahoe,Week2,247.0 Tuckahoe - 155.0 Crosspointe
Country Club Hills,Week1,Sully Station II,Week4,271.0 Sully Station II - 131.0 Country Club Hills
Country Club Hills,Week5,Tuckahoe,Week3,348.0 Tuckahoe - 54.0 Country Club Hills
Daventry,Week1,Fox Hunt,Week1,291.0 Fox Hunt - 111.0 Daventry
Crosspointe,Week5,Walden Glen,Week1,345.0 Crosspointe - 57.0 Walden Glen
Crosspointe,Week5,Walden Glen,Week3,321.0 Crosspointe - 81.0 Walden Glen
Crosspointe,Week3,Lake Braddock,Week3,339.0 Crosspointe - 63.0 Lake Braddock
Daventry,Week1,Fox Hunt,Week2,293.0 Fox Hunt - 107.0 Daventry
Country Club Hills,Week2,Sully Station,Week5,286.0 Sully Station - 116.0 Country Club Hills
Daventry,Week5,Forest Hollow,Week5,306.0 Forest Hollow - 96.0 Daventry
Country Club Hills,Week3,Village West,Week5,248.0 Country Club Hills - 154.0 Village West
Country Club Hills,Week4,Sully Station,Week4,281.0 Sully Station - 121.0 Country Club Hills
Crosspointe,Week5,Cottontail,Week2,294.0 Crosspointe - 108.0 Cottontail
Crosspointe,Week4,Cottontail,Week5,262.0 Crosspointe - 140.0 Cottontail
Crosspointe,Week3,Lake Braddock,Week2,329.0 Crosspointe - 73.0 Lake Braddock
Crosspointe,Week1,Old Keene Mill,Week5,302.0 Crosspointe - 100.0 Old Keene Mill
Crosspointe,Week3,Waynewood,Week4,237.0 Crosspointe - 165.0 Waynewood
Crosspointe,Week3,Waynewood,Week1,241.0 Crosspointe - 161.0 Waynewood
Country Club Hills,Week3,Sully Station,Week1,285.0 Sully Station - 117.0 Country Club Hills
Crosspointe,Week5,Kings Ridge ,Week3,331.0 Crosspointe - 70.0 Kings Ridge
Country Club Hills,Week5,Sully Station,Week2,248.0 Sully Station - 154.0 Country Club Hills
Crosspointe,Week1,Vienna Aquatic,Week4,232.0 Vienna Aquatic - 170.0 Crosspointe
Country Club Hills,Week5,Sully Station,Week5,274.0 Sully Station - 128.0 Country Club Hills
Crosspointe,Week2,Vienna Aquatic,Week5,263.0 Vienna Aquatic - 139.0 Crosspointe
Crosspointe,Week4,Walden Glen,Week5,286.0 Crosspointe - 116.0 Walden Glen
Crosspointe,Week1,Country Club Hills,Week1,292.0 Crosspointe - 110.0 Country Club Hills
Crosspointe,Week1,Vienna Aquatic,Week3,225.0 Vienna Aquatic - 177.0 Crosspointe
Crosspointe,Week5,Old Keene Mill,Week2,321.0 Crosspointe - 81.0 Old Keene Mill
Crosspointe,Week5,Cottontail,Week1,280.0 Crosspointe - 122.0 Cottontail
Country Club Hills,Week3,Vienna Aquatic,Week3,314.0 Vienna Aquatic - 88.0 Country Club Hills
Crosspointe,Week5,Cottontail,Week4,297.0 Crosspointe - 105.0 Cottontail
Crosspointe,Week5,Cottontail,Week5,282.0 Crosspointe - 120.0 Cottontail
Crosspointe,Week4,Oakton ,Week5,204.0 Crosspointe - 198.0 Oakton
Country Club Hills,Week1,Village West,Week3,240.0 Country Club Hills - 162.0 Village West
Crosspointe,Week3,Lake Braddock,Week1,345.0 Crosspointe - 52.0 Lake Braddock
Crosspointe,Week1,Oakton ,Week5,212.0 Oakton - 190.0 Crosspointe
Crosspointe,Week2,Old Keene Mill,Week1,290.0 Crosspointe - 112.0 Old Keene Mill
Country Club Hills,Week4,Tuckahoe,Week3,357.0 Tuckahoe - 45.0 Country Club Hills
Daventry,Week4,Forest Hollow,Week1,315.0 Forest Hollow - 87.0 Daventry
Crosspointe,Week3,Tuckahoe,Week3,300.0 Tuckahoe - 97.0 Crosspointe
Daventry,Week1,Forest Hollow,Week1,306.0 Forest Hollow - 96.0 Daventry
Country Club Hills,Week2,Vienna Aquatic,Week4,330.0 Vienna Aquatic - 72.0 Country Club Hills
Crosspointe,Week4,Tuckahoe,Week3,312.0 Tuckahoe - 90.0 Crosspointe
Crosspointe,Week4,Lake Braddock,Week5,326.0 Crosspointe - 76.0 Lake Braddock
Crosspointe,Week2,Orange Hunt,Week5,224.0 Crosspointe - 178.0 Orange Hunt
Crosspointe,Week5,Walden Glen,Week5,309.0 Crosspointe - 93.0 Walden Glen
Crosspointe,Week1,Vienna Aquatic,Week1,220.0 Vienna Aquatic - 182.0 Crosspointe
Country Club Hills,Week2,Vienna Aquatic,Week2,311.0 Vienna Aquatic - 91.0 Country Club Hills
Country Club Hills,Week5,Sully Station,Week4,261.0 Sully Station - 141.0 Country Club Hills
Daventry,Week4,Forest Hollow,Week3,314.0 Forest Hollow - 88.0 Daventry
Crosspointe,Week2,Orange Hunt,Week3,227.0 Crosspointe - 175.0 Orange Hunt
Country Club Hills,Week4,Tuckahoe,Week5,352.0 Tuckahoe - 50.0 Country Club Hills
Crosspointe,Week4,Walden Glen,Week2,302.0 Crosspointe - 100.0 Walden Glen
Crosspointe,Week3,Broyhill Crest,Week4,377.0 Crosspointe - 25.0 Broyhill Crest
Daventry,Week4,Forest Hollow,Week5,324.0 Forest Hollow - 78.0 Daventry
Crosspointe,Week4,Lake Braddock,Week3,337.0 Crosspointe - 65.0 Lake Braddock
Country Club Hills,Week1,Sully Station II,Week5,314.0 Sully Station II - 88.0 Country Club Hills
Crosspointe,Week2,Waynewood,Week5,210.0 Waynewood - 192.0 Crosspointe
Crosspointe,Week4,Lake Braddock,Week4,341.0 Crosspointe - 61.0 Lake Braddock
Crosspointe,Week2,Old Keene Mill,Week3,295.0 Crosspointe - 107.0 Old Keene Mill
Crosspointe,Week3,Orange Hunt,Week3,244.0 Crosspointe - 158.0 Orange Hunt
Country Club Hills,Week5,Tuckahoe,Week1,335.0 Tuckahoe - 67.0 Country Club Hills
Crosspointe,Week4,Brookfield ,Week5,286.0 Crosspointe - 116.0 Brookfield
Crosspointe,Week3,Brookfield ,Week3,294.0 Crosspointe - 108.0 Brookfield
Crosspointe,Week3,Tuckahoe,Week4,284.0 Tuckahoe - 118.0 Crosspointe
Crosspointe,Week4,Brookfield ,Week1,268.0 Crosspointe - 134.0 Brookfield
Country Club Hills,Week2,Sully Station II,Week3,316.0 Sully Station II - 86.0 Country Club Hills
Crosspointe,Week1,Waynewood,Week2,222.0 Crosspointe - 180.0 Waynewood
Daventry,Week1,Forest Hollow,Week5,310.0 Forest Hollow - 92.0 Daventry
Crosspointe,Week5,Lake Braddock,Week1,356.0 Crosspointe - 46.0 Lake Braddock
Crosspointe,Week3,Tuckahoe,Week5,279.0 Tuckahoe - 123.0 Crosspointe
Crosspointe,Week4,Tuckahoe,Week2,287.0 Tuckahoe - 115.0 Crosspointe
Country Club Hills,Week4,Sully Station,Week5,291.5 Sully Station - 110.5 Country Club Hills
Crosspointe,Week5,Lake Braddock,Week2,341.0 Crosspointe - 61.0 Lake Braddock
Country Club Hills,Week1,Sully Station II,Week2,296.0 Sully Station II - 106.0 Country Club Hills
Crosspointe,Week4,Broyhill Crest,Week2,378.0 Crosspointe - 23.0 Broyhill Crest
Daventry,Week5,Forest Hollow,Week1,287.5 Forest Hollow - 114.5 Daventry
Country Club Hills,Week4,Sully Station,Week2,269.0 Sully Station - 133.0 Country Club Hills
Crosspointe,Week2,Old Keene Mill,Week5,274.0 Crosspointe - 128.0 Old Keene Mill
Crosspointe,Week4,Walden Glen,Week4,300.0 Crosspointe - 102.0 Walden Glen
Crosspointe,Week1,Waynewood,Week4,228.0 Crosspointe - 174.0 Waynewood
Crosspointe,Week1,Lake Braddock,Week1,344.0 Crosspointe - 58.0 Lake Braddock
Country Club Hills,Week5,Vienna Aquatic,Week2,297.0 Vienna Aquatic - 105.0 Country Club Hills
Crosspointe,Week2,Tuckahoe,Week4,309.0 Tuckahoe - 93.0 Crosspointe
Country Club Hills,Week3,Tuckahoe,Week5,346.0 Tuckahoe - 56.0 Country Club Hills
Daventry,Week2,Forest Hollow,Week3,308.0 Forest Hollow - 94.0 Daventry
Crosspointe,Week3,Brookfield ,Week4,270.0 Crosspointe - 132.0 Brookfield
Crosspointe,Week3,Old Keene Mill,Week5,294.0 Crosspointe - 108.0 Old Keene Mill
Crosspointe,Week2,Vienna Aquatic,Week3,230.0 Vienna Aquatic - 172.0 Crosspointe
Country Club Hills,Week4,Sully Station,Week1,285.0 Sully Station - 117.0 Country Club Hills
Crosspointe,Week3,Orange Hunt,Week2,260.5 Crosspointe - 141.5 Orange Hunt
Daventry,Week3,Forest Hollow,Week4,308.0 Forest Hollow - 93.0 Daventry
Crosspointe,Week3,Walden Glen,Week3,305.0 Crosspointe - 97.0 Walden Glen
Country Club Hills,Week4,Vienna Aquatic,Week5,337.0 Vienna Aquatic - 65.0 Country Club Hills
Crosspointe,Week4,Brookfield ,Week4,278.0 Crosspointe - 124.0 Brookfield
Crosspointe,Week4,Lake Braddock,Week1,354.0 Crosspointe - 48.0 Lake Braddock
Daventry,Week3,Forest Hollow,Week2,298.0 Forest Hollow - 104.0 Daventry
Crosspointe,Week2,Vienna Aquatic,Week4,238.0 Vienna Aquatic - 164.0 Crosspointe
Country Club Hills,Week2,Sully Station II,Week4,261.0 Sully Station II - 141.0 Country Club Hills
Crosspointe,Week1,Waynewood,Week3,207.0 Crosspointe - 195.0 Waynewood
Crosspointe,Week3,Old Keene Mill,Week3,298.0 Crosspointe - 104.0 Old Keene Mill
Crosspointe,Week5,Lake Braddock,Week4,353.0 Crosspointe - 49.0 Lake Braddock
Crosspointe,Week2,Vienna Aquatic,Week1,225.0 Vienna Aquatic - 177.0 Crosspointe
Country Club Hills,Week4,Tuckahoe,Week1,341.0 Tuckahoe - 61.0 Country Club Hills
Crosspointe,Week3,Brookfield ,Week5,294.0 Crosspointe - 108.0 Brookfield
Country Club Hills,Week5,Tuckahoe,Week5,345.0 Tuckahoe - 57.0 Country Club Hills
Country Club Hills,Week1,Vienna Aquatic,Week1,303.0 Vienna Aquatic - 99.0 Country Club Hills
Country Club Hills,Week1,Sully Station II,Week1,264.0 Sully Station II - 138.0 Country Club Hills
Daventry,Week2,Forest Hollow,Week1,304.0 Forest Hollow - 98.0 Daventry
Crosspointe,Week3,Vienna Woods,Week3,241.0 Vienna Woods - 161.0 Crosspointe
Crosspointe,Week1,Lakeview,Week3,341.0 Crosspointe - 61.0 Lakeview
Country Club Hills,Week5,Tuckahoe,Week4,351.0 Tuckahoe - 51.0 Country Club Hills
Crosspointe,Week4,Tuckahoe,Week5,288.0 Tuckahoe - 114.0 Crosspointe
Crosspointe,Week4,Lakevale Estates,Week3,207.0 Lakevale Estates - 195.0 Crosspointe
Country Club Hills,Week3,Tuckahoe,Week4,354.0 Tuckahoe - 48.0 Country Club Hills
Crosspointe,Week1,Waynewood,Week5,204.0 Waynewood - 198.0 Crosspointe
Daventry,Week3,Forest Hollow,Week5,322.0 Forest Hollow - 80.0 Daventry
Crosspointe,Week4,Brookfield ,Week3,304.5 Crosspointe - 97.5 Brookfield
Crosspointe,Week1,Waynewood,Week1,242.0 Crosspointe - 160.0 Waynewood
Daventry,Week2,Forest Hollow,Week5,319.0 Forest Hollow - 82.0 Daventry
Country Club Hills,Week2,Sully Station II,Week5,300.0 Sully Station II - 102.0 Country Club Hills
Crosspointe,Week5,Old Keene Mill,Week1,338.0 Crosspointe - 64.0 Old Keene Mill
Crosspointe,Week1,Broyhill Crest,Week2,387.0 Crosspointe - 15.0 Broyhill Crest
Crosspointe,Week5,Lake Braddock,Week5,328.0 Crosspointe - 74.0 Lake Braddock
Daventry,Week4,Forest Hollow,Week2,308.0 Forest Hollow - 94.0 Daventry
Crosspointe,Week1,Vienna Woods,Week3,236.0 Vienna Woods - 166.0 Crosspointe
Daventry,Week4,Forest Hollow,Week4,315.0 Forest Hollow - 87.0 Daventry
Crosspointe,Week2,Old Keene Mill,Week4,299.0 Crosspointe - 103.0 Old Keene Mill
Crosspointe,Week5,Brookfield ,Week4,299.0 Crosspointe - 103.0 Brookfield
Country Club Hills,Week1,Sully Station II,Week3,319.0 Sully Station II - 78.0 Country Club Hills
Crosspointe,Week1,Broyhill Crest,Week1,379.0 Crosspointe - 23.0 Broyhill Crest
Crosspointe,Week1,Lakevale Estates,Week4,205.0 Lakevale Estates - 197.0 Crosspointe
Crosspointe,Week4,Old Keene Mill,Week4,307.0 Crosspointe - 95.0 Old Keene Mill
Crosspointe,Week4,Walden Glen,Week1,322.0 Crosspointe - 80.0 Walden Glen
Crosspointe,Week3,Walden Glen,Week5,280.0 Crosspointe - 122.0 Walden Glen
Crosspointe,Week3,Old Keene Mill,Week2,303.0 Crosspointe - 99.0 Old Keene Mill
Country Club Hills,Week5,Sully Station II,Week3,293.0 Sully Station II - 109.0 Country Club Hills
Crosspointe,Week4,Old Keene Mill,Week5,286.0 Crosspointe - 116.0 Old Keene Mill
Crosspointe,Week2,Waynewood,Week4,211.0 Crosspointe - 191.0 Waynewood
Crosspointe,Week3,Tuckahoe,Week2,270.0 Tuckahoe - 132.0 Crosspointe
Crosspointe,Week5,Brookfield ,Week2,308.0 Crosspointe - 94.0 Brookfield
Crosspointe,Week3,Walden Glen,Week2,301.0 Crosspointe - 100.0 Walden Glen
Crosspointe,Week4,Vienna Aquatic,Week4,227.0 Vienna Aquatic - 175.0 Crosspointe
Country Club Hills,Week5,Tuckahoe,Week2,345.0 Tuckahoe - 57.0 Country Club Hills
Crosspointe,Week1,Broyhill Crest,Week3,387.0 Crosspointe - 15.0 Broyhill Crest
Crosspointe,Week1,Lakeview,Week5,334.0 Crosspointe - 59.0 Lakeview
Crosspointe,Week5,Vienna Aquatic,Week1,211.0 Vienna Aquatic - 191.0 Crosspointe
Crosspointe,Week3,Old Keene Mill,Week4,320.0 Crosspointe - 82.0 Old Keene Mill
Country Club Hills,Week3,Truro,Week1,219.0 Country Club Hills - 183.0 Truro
Country Club Hills,Week3,Truro,Week4,218.0 Country Club Hills - 184.0 Truro
Country Club Hills,Week1,Vienna Aquatic,Week2,304.0 Vienna Aquatic - 98.0 Country Club Hills
Crosspointe,Week1,Lakevale Estates,Week2,216.0 Crosspointe - 186.0 Lakevale Estates
Daventry,Week2,Forest Hollow,Week4,310.0 Forest Hollow - 91.0 Daventry
Donaldson Run,Week2,Hunt Valley,Week3,213.0 Donaldson Run - 189.0 Hunt Valley
Dominion Hills,Week2,Sleepy Hollow B & R,Week2,235.0 Sleepy Hollow B & R - 167.0 Dominion Hills
Daventry,Week5,Sully Station II,Week3,331.0 Sully Station II - 71.0 Daventry
Dominion Hills,Week3,Sleepy Hollow B & R,Week1,207.0 Sleepy Hollow B & R - 195.0 Dominion Hills
Dominion Hills,Week4,Lee Graham,Week2,278.0 Lee Graham - 124.0 Dominion Hills
Dominion Hills,Week4,Herndon,Week1,312.0 Dominion Hills - 90.0 Herndon
Dominion Hills,Week3,Herndon,Week5,327.0 Dominion Hills - 75.0 Herndon
Donaldson Run,Week5,Great Falls,Week5,278.0 Donaldson Run - 124.0 Great Falls
Dominion Hills,Week1,Lee Graham,Week5,310.0 Lee Graham - 92.0 Dominion Hills
Dominion Hills,Week2,Herndon,Week1,319.0 Dominion Hills - 83.0 Herndon
Donaldson Run,Week2,Greenbriar,Week5,237.0 Donaldson Run - 165.0 Greenbriar
Dominion Hills,Week3,Herndon,Week2,311.0 Dominion Hills - 91.0 Herndon
Dominion Hills,Week2,Sleepy Hollow B & R,Week3,238.0 Sleepy Hollow B & R - 164.0 Dominion Hills
Dominion Hills,Week4,Herndon,Week2,325.0 Dominion Hills - 77.0 Herndon
Donaldson Run,Week4,Orange Hunt,Week5,234.0 Donaldson Run - 168.0 Orange Hunt
Dominion Hills,Week1,Herndon,Week4,310.0 Dominion Hills - 92.0 Herndon
Donaldson Run,Week3,Orange Hunt,Week3,269.0 Donaldson Run - 133.0 Orange Hunt
Donaldson Run,Week4,Old Keene Mill,Week4,327.0 Donaldson Run - 75.0 Old Keene Mill
Dominion Hills,Week1,Herndon,Week5,322.0 Dominion Hills - 80.0 Herndon
Donaldson Run,Week4,Greenbriar,Week4,269.0 Donaldson Run - 133.0 Greenbriar
Daventry,Week5,Truro,Week2,201.0 Truro - 190.0 Daventry
Dominion Hills,Week4,Lee Graham,Week1,282.0 Lee Graham - 115.0 Dominion Hills
Daventry,Week1,Truro,Week2,240.0 Truro - 160.0 Daventry
Donaldson Run,Week3,Greenbriar,Week1,256.0 Donaldson Run - 146.0 Greenbriar
Daventry,Week1,Tuckahoe,Week1,368.0 Tuckahoe - 34.0 Daventry
Donaldson Run,Week4,Orange Hunt,Week4,265.0 Donaldson Run - 137.0 Orange Hunt
Dominion Hills,Week4,Laurel Hill,Week5,253.0 Dominion Hills - 149.0 Laurel Hill
Daventry,Week2,Truro,Week2,226.0 Truro - 168.0 Daventry
Dominion Hills,Week4,Sleepy Hollow B & R,Week4,205.0 Sleepy Hollow B & R - 197.0 Dominion Hills
Dominion Hills,Week3,Hiddenbrook,Week1,276.0 Dominion Hills - 126.0 Hiddenbrook
Donaldson Run,Week3,Greenbriar,Week2,242.0 Donaldson Run - 160.0 Greenbriar
Dominion Hills,Week3,Sleepy Hollow B & R,Week2,237.0 Sleepy Hollow B & R - 165.0 Dominion Hills
Donaldson Run,Week5,Old Keene Mill,Week4,352.0 Donaldson Run - 50.0 Old Keene Mill
Donaldson Run,Week3,Hunt Valley,Week2,244.0 Donaldson Run - 158.0 Hunt Valley
Donaldson Run,Week4,Holmes Run Acres,Week5,231.0 Donaldson Run - 171.0 Holmes Run Acres
Donaldson Run,Week4,Old Keene Mill,Week1,330.0 Donaldson Run - 72.0 Old Keene Mill
Donaldson Run,Week4,Old Keene Mill,Week3,324.0 Donaldson Run - 78.0 Old Keene Mill
Donaldson Run,Week2,Greenbriar,Week3,253.5 Donaldson Run - 148.5 Greenbriar
Dominion Hills,Week2,Lee Graham,Week1,301.0 Lee Graham - 101.0 Dominion Hills
Donaldson Run,Week5,Holmes Run Acres,Week4,285.0 Donaldson Run - 117.0 Holmes Run Acres
Dominion Hills,Week2,Sleepy Hollow B & R,Week4,264.0 Sleepy Hollow B & R - 138.0 Dominion Hills
Donaldson Run,Week5,Orange Hunt,Week1,312.0 Donaldson Run - 90.0 Orange Hunt
Donaldson Run,Week3,Greenbriar,Week5,242.0 Donaldson Run - 160.0 Greenbriar
Daventry,Week3,Tuckahoe,Week3,366.0 Tuckahoe - 36.0 Daventry
Dominion Hills,Week3,Sleepy Hollow Rec,Week2,283.0 Dominion Hills - 119.0 Sleepy Hollow Rec
Daventry,Week5,Truro,Week3,222.0 Truro - 180.0 Daventry
Dominion Hills,Week3,Lee Graham,Week1,295.0 Lee Graham - 107.0 Dominion Hills
Donaldson Run,Week2,Orange Hunt,Week4,258.0 Donaldson Run - 144.0 Orange Hunt
Dominion Hills,Week1,Herndon,Week3,318.0 Dominion Hills - 84.0 Herndon
Donaldson Run,Week1,Greenbriar,Week2,229.0 Donaldson Run - 173.0 Greenbriar
Donaldson Run,Week4,Greenbriar,Week1,259.5 Donaldson Run - 142.5 Greenbriar
Daventry,Week5,Truro,Week1,238.0 Truro - 162.0 Daventry
Daventry,Week1,Vienna Aquatic,Week4,337.0 Vienna Aquatic - 65.0 Daventry
Dominion Hills,Week5,Sleepy Hollow B & R,Week5,224.0 Sleepy Hollow B & R - 178.0 Dominion Hills
Donaldson Run,Week1,Greenbriar,Week5,232.0 Donaldson Run - 170.0 Greenbriar
Dominion Hills,Week1,Sleepy Hollow Rec,Week1,264.0 Dominion Hills - 138.0 Sleepy Hollow Rec
Daventry,Week3,Truro,Week1,255.0 Truro - 145.0 Daventry
Dominion Hills,Week4,Laurel Hill,Week4,280.0 Dominion Hills - 122.0 Laurel Hill
Donaldson Run,Week2,Hunt Valley,Week5,203.0 Donaldson Run - 199.0 Hunt Valley
Dominion Hills,Week1,Sleepy Hollow Rec,Week4,282.0 Dominion Hills - 120.0 Sleepy Hollow Rec
Donaldson Run,Week3,Orange Hunt,Week4,261.0 Donaldson Run - 141.0 Orange Hunt
Dominion Hills,Week2,Herndon,Week5,343.5 Dominion Hills - 58.5 Herndon
Dominion Hills,Week3,Lee Graham,Week2,300.0 Lee Graham - 102.0 Dominion Hills
Daventry,Week2,Truro,Week4,257.0 Truro - 144.0 Daventry
Donaldson Run,Week1,Overlee,Week1,259.0 Overlee - 143.0 Donaldson Run
Donaldson Run,Week4,Old Keene Mill,Week2,328.0 Donaldson Run - 74.0 Old Keene Mill
Dominion Hills,Week5,Laurel Hill,Week1,275.0 Dominion Hills - 127.0 Laurel Hill
Daventry,Week5,Truro,Week4,235.0 Truro - 167.0 Daventry
Donaldson Run,Week2,Holmes Run Acres,Week5,221.0 Donaldson Run - 181.0 Holmes Run Acres
Dominion Hills,Week2,Lee Graham,Week4,307.0 Lee Graham - 95.0 Dominion Hills
Dominion Hills,Week3,Herndon,Week1,307.5 Dominion Hills - 94.5 Herndon
Dominion Hills,Week4,Herndon,Week5,323.0 Dominion Hills - 79.0 Herndon
Donaldson Run,Week2,Hamlet,Week4,227.0 Donaldson Run - 175.0 Hamlet
Donaldson Run,Week3,Holmes Run Acres,Week1,262.0 Donaldson Run - 140.0 Holmes Run Acres
Dominion Hills,Week3,Herndon,Week3,318.0 Dominion Hills - 84.0 Herndon
Dominion Hills,Week1,Herndon,Week2,307.0 Dominion Hills - 95.0 Herndon
Dominion Hills,Week5,Lee Graham,Week3,283.0 Lee Graham - 119.0 Dominion Hills
Donaldson Run,Week1,Greenbriar,Week4,259.0 Donaldson Run - 143.0 Greenbriar
Dominion Hills,Week2,Lee Graham,Week2,289.0 Lee Graham - 113.0 Dominion Hills
Dominion Hills,Week2,Sleepy Hollow Rec,Week3,249.0 Dominion Hills - 153.0 Sleepy Hollow Rec
Daventry,Week4,Truro,Week3,244.0 Truro - 157.0 Daventry
Dominion Hills,Week4,Sleepy Hollow B & R,Week3,210.0 Dominion Hills - 192.0 Sleepy Hollow B & R
Donaldson Run,Week2,Holmes Run Acres,Week4,252.0 Donaldson Run - 150.0 Holmes Run Acres
Dominion Hills,Week1,Lee Graham,Week4,306.0 Lee Graham - 96.0 Dominion Hills
Donaldson Run,Week4,Hunt Valley,Week2,241.0 Donaldson Run - 161.0 Hunt Valley
Donaldson Run,Week2,Orange Hunt,Week2,249.0 Donaldson Run - 153.0 Orange Hunt
Donaldson Run,Week4,Greenbriar,Week2,249.0 Donaldson Run - 153.0 Greenbriar
Dominion Hills,Week1,Lee Graham,Week3,312.0 Lee Graham - 90.0 Dominion Hills
Donaldson Run,Week2,Orange Hunt,Week3,259.0 Donaldson Run - 143.0 Orange Hunt
Donaldson Run,Week1,Hunt Valley,Week1,225.0 Donaldson Run - 177.0 Hunt Valley
Donaldson Run,Week3,Hunt Valley,Week3,209.0 Donaldson Run - 193.0 Hunt Valley
Dominion Hills,Week5,Laurel Hill,Week2,307.0 Dominion Hills - 95.0 Laurel Hill
Daventry,Week1,Tuckahoe,Week2,371.0 Tuckahoe - 31.0 Daventry
Donaldson Run,Week1,Hunt Valley,Week3,207.0 Hunt Valley - 195.0 Donaldson Run
Donaldson Run,Week2,Hunt Valley,Week2,233.0 Donaldson Run - 169.0 Hunt Valley
Donaldson Run,Week3,Hunt Valley,Week5,209.0 Donaldson Run - 193.0 Hunt Valley
Donaldson Run,Week4,Orange Hunt,Week2,254.0 Donaldson Run - 148.0 Orange Hunt
Dominion Hills,Week5,Sleepy Hollow B & R,Week1,224.0 Dominion Hills - 178.0 Sleepy Hollow B & R
Donaldson Run,Week5,Greenbriar,Week3,281.0 Donaldson Run - 121.0 Greenbriar
Dominion Hills,Week5,Sleepy Hollow B & R,Week4,203.0 Dominion Hills - 199.0 Sleepy Hollow B & R
Daventry,Week1,Vienna Aquatic,Week2,341.0 Vienna Aquatic - 61.0 Daventry
Donaldson Run,Week2,Greenbriar,Week2,234.5 Donaldson Run - 167.5 Greenbriar
Dominion Hills,Week2,Herndon,Week3,339.0 Dominion Hills - 63.0 Herndon
Dominion Hills,Week1,Sleepy Hollow Rec,Week3,238.5 Dominion Hills - 163.5 Sleepy Hollow Rec
Daventry,Week2,Vienna Aquatic,Week3,364.0 Vienna Aquatic - 38.0 Daventry
Dominion Hills,Week4,Herndon,Week4,325.0 Dominion Hills - 77.0 Herndon
Donaldson Run,Week3,Holmes Run Acres,Week5,220.0 Donaldson Run - 182.0 Holmes Run Acres
Dominion Hills,Week5,Herndon,Week1,332.0 Dominion Hills - 70.0 Herndon
Dominion Hills,Week3,Lee Graham,Week3,307.0 Lee Graham - 95.0 Dominion Hills
Daventry,Week2,Tuckahoe,Week2,369.0 Tuckahoe - 32.0 Daventry
Donaldson Run,Week5,Orange Hunt,Week4,276.0 Donaldson Run - 126.0 Orange Hunt
Donaldson Run,Week1,Overlee,Week2,289.0 Overlee - 113.0 Donaldson Run
Donaldson Run,Week1,Greenbriar,Week3,245.0 Donaldson Run - 157.0 Greenbriar
Dominion Hills,Week5,Laurel Hill,Week4,286.0 Dominion Hills - 116.0 Laurel Hill
Donaldson Run,Week4,Holmes Run Acres,Week3,235.0 Donaldson Run - 167.0 Holmes Run Acres
Donaldson Run,Week5,Great Falls,Week4,306.0 Donaldson Run - 96.0 Great Falls
Dominion Hills,Week2,Sleepy Hollow B & R,Week5,271.0 Sleepy Hollow B & R - 131.0 Dominion Hills
Donaldson Run,Week4,Holmes Run Acres,Week1,276.0 Donaldson Run - 126.0 Holmes Run Acres
Dominion Hills,Week2,Herndon,Week4,333.0 Dominion Hills - 69.0 Herndon
Donaldson Run,Week1,Overlee,Week3,254.0 Overlee - 148.0 Donaldson Run
Donaldson Run,Week4,Holmes Run Acres,Week2,281.5 Donaldson Run - 120.5 Holmes Run Acres
Donaldson Run,Week2,Greenbriar,Week4,255.0 Donaldson Run - 147.0 Greenbriar
Dominion Hills,Week1,Sleepy Hollow Rec,Week5,253.0 Dominion Hills - 149.0 Sleepy Hollow Rec
Dominion Hills,Week4,Lee Graham,Week3,299.0 Lee Graham - 103.0 Dominion Hills
Daventry,Week4,Tuckahoe,Week1,374.0 Tuckahoe - 28.0 Daventry
Dominion Hills,Week3,Sleepy Hollow B & R,Week3,239.0 Sleepy Hollow B & R - 163.0 Dominion Hills
Dominion Hills,Week5,Lee Graham,Week4,269.0 Lee Graham - 133.0 Dominion Hills
Donaldson Run,Week2,Overlee,Week4,320.0 Overlee - 82.0 Donaldson Run
Donaldson Run,Week1,Greenbriar,Week1,244.0 Donaldson Run - 158.0 Greenbriar
Daventry,Week3,Tuckahoe,Week5,356.0 Tuckahoe - 46.0 Daventry
Daventry,Week3,Tuckahoe,Week4,359.0 Tuckahoe - 42.0 Daventry
Donaldson Run,Week3,Greenbriar,Week3,251.0 Donaldson Run - 151.0 Greenbriar
Daventry,Week3,Tuckahoe,Week1,364.0 Tuckahoe - 37.0 Daventry
Donaldson Run,Week4,Greenbriar,Week3,274.0 Donaldson Run - 128.0 Greenbriar
Dominion Hills,Week2,High Point Pool,Week2,266.0 High Point Pool - 136.0 Dominion Hills
Daventry,Week5,Tuckahoe,Week1,360.0 Tuckahoe - 42.0 Daventry
Donaldson Run,Week5,Great Falls,Week3,279.0 Donaldson Run - 123.0 Great Falls
Donaldson Run,Week2,Overlee,Week3,242.0 Overlee - 160.0 Donaldson Run
Donaldson Run,Week5,Orange Hunt,Week5,264.0 Donaldson Run - 138.0 Orange Hunt
Dominion Hills,Week5,Lee Graham,Week1,273.0 Lee Graham - 129.0 Dominion Hills
Donaldson Run,Week1,Hunt Valley,Week5,207.5 Donaldson Run - 194.5 Hunt Valley
Dominion Hills,Week1,High Point Pool,Week4,269.0 High Point Pool - 133.0 Dominion Hills
Donaldson Run,Week1,Hunt Valley,Week2,233.0 Donaldson Run - 169.0 Hunt Valley
Donaldson Run,Week5,Holmes Run Acres,Week2,297.0 Donaldson Run - 105.0 Holmes Run Acres
Dominion Hills,Week4,Sleepy Hollow B & R,Week1,217.0 Dominion Hills - 185.0 Sleepy Hollow B & R
Dominion Hills,Week2,Sleepy Hollow Rec,Week2,271.0 Dominion Hills - 131.0 Sleepy Hollow Rec
Donaldson Run,Week3,Hunt Valley,Week1,238.0 Donaldson Run - 164.0 Hunt Valley
Dominion Hills,Week2,Sleepy Hollow Rec,Week4,297.0 Dominion Hills - 105.0 Sleepy Hollow Rec
Daventry,Week4,Tuckahoe,Week3,380.0 Tuckahoe - 22.0 Daventry
Dominion Hills,Week3,Sleepy Hollow Rec,Week1,269.0 Dominion Hills - 133.0 Sleepy Hollow Rec
Dominion Hills,Week1,Hiddenbrook,Week3,232.0 Dominion Hills - 170.0 Hiddenbrook
Dominion Hills,Week3,Sleepy Hollow B & R,Week4,251.0 Sleepy Hollow B & R - 151.0 Dominion Hills
Dominion Hills,Week2,Hiddenbrook,Week1,274.0 Dominion Hills - 128.0 Hiddenbrook
Dominion Hills,Week2,Sleepy Hollow Rec,Week5,260.0 Dominion Hills - 142.0 Sleepy Hollow Rec
Donaldson Run,Week3,Holmes Run Acres,Week4,268.0 Donaldson Run - 134.0 Holmes Run Acres
Daventry,Week1,Tuckahoe,Week4,370.0 Tuckahoe - 32.0 Daventry
Donaldson Run,Week1,Overlee,Week4,328.0 Overlee - 74.0 Donaldson Run
Dominion Hills,Week1,Hiddenbrook,Week4,227.0 Dominion Hills - 175.0 Hiddenbrook
Daventry,Week5,Tuckahoe,Week2,361.5 Tuckahoe - 40.5 Daventry
Dominion Hills,Week5,High Point Pool,Week1,213.5 High Point Pool - 183.5 Dominion Hills
Donaldson Run,Week3,Greenbriar,Week4,264.0 Donaldson Run - 138.0 Greenbriar
Dominion Hills,Week5,Sleepy Hollow B & R,Week3,222.5 Dominion Hills - 179.5 Sleepy Hollow B & R
Donaldson Run,Week2,Overlee,Week5,309.0 Overlee - 93.0 Donaldson Run
Donaldson Run,Week2,Greenbriar,Week1,238.0 Donaldson Run - 164.0 Greenbriar
Dominion Hills,Week3,High Point Pool,Week5,253.0 High Point Pool - 149.0 Dominion Hills
Dominion Hills,Week2,Hiddenbrook,Week3,252.0 Dominion Hills - 150.0 Hiddenbrook
Dominion Hills,Week5,Herndon,Week3,344.0 Dominion Hills - 58.0 Herndon
Dominion Hills,Week1,Hiddenbrook,Week2,271.0 Dominion Hills - 131.0 Hiddenbrook
Dominion Hills,Week1,Hiddenbrook,Week1,261.0 Dominion Hills - 141.0 Hiddenbrook
Donaldson Run,Week4,Greenbriar,Week5,243.0 Donaldson Run - 159.0 Greenbriar
Donaldson Run,Week2,Hunt Valley,Week1,231.5 Donaldson Run - 170.5 Hunt Valley
Donaldson Run,Week3,Overlee,Week1,255.0 Overlee - 147.0 Donaldson Run
Donaldson Run,Week2,Overlee,Week1,244.0 Overlee - 158.0 Donaldson Run
Dominion Hills,Week2,High Point Pool,Week1,232.0 High Point Pool - 170.0 Dominion Hills
Donaldson Run,Week4,Holmes Run Acres,Week4,267.0 Donaldson Run - 135.0 Holmes Run Acres
Dominion Hills,Week5,Sleepy Hollow Rec,Week4,317.0 Dominion Hills - 85.0 Sleepy Hollow Rec
Dominion Hills,Week2,Sleepy Hollow Rec,Week1,271.0 Dominion Hills - 131.0 Sleepy Hollow Rec
Dominion Hills,Week1,Sleepy Hollow Rec,Week2,264.0 Dominion Hills - 138.0 Sleepy Hollow Rec
Dominion Hills,Week3,Hiddenbrook,Week2,291.0 Dominion Hills - 111.0 Hiddenbrook
Donaldson Run,Week5,Greenbriar,Week2,257.0 Donaldson Run - 145.0 Greenbriar
Dominion Hills,Week1,High Point Pool,Week3,262.0 High Point Pool - 140.0 Dominion Hills
Donaldson Run,Week3,Overlee,Week3,260.0 Overlee - 142.0 Donaldson Run
Donaldson Run,Week5,Greenbriar,Week1,280.0 Donaldson Run - 122.0 Greenbriar
Dominion Hills,Week2,High Point Pool,Week3,238.0 High Point Pool - 164.0 Dominion Hills
Dominion Hills,Week2,Hiddenbrook,Week5,225.0 Dominion Hills - 177.0 Hiddenbrook
Donaldson Run,Week3,Overlee,Week5,315.0 Overlee - 87.0 Donaldson Run
Donaldson Run,Week3,Overlee,Week4,314.0 Overlee - 88.0 Donaldson Run
Daventry,Week4,Tuckahoe,Week5,381.0 Tuckahoe - 21.0 Daventry
Donaldson Run,Week4,Overlee,Week1,244.0 Overlee - 158.0 Donaldson Run
Donaldson Run,Week5,Holmes Run Acres,Week1,283.0 Donaldson Run - 119.0 Holmes Run Acres
Donaldson Run,Week1,Hamlet,Week3,213.0 Hamlet - 189.0 Donaldson Run
Dominion Hills,Week4,Hiddenbrook,Week4,253.0 Dominion Hills - 149.0 Hiddenbrook
Donaldson Run,Week5,Holmes Run Acres,Week3,263.0 Donaldson Run - 139.0 Holmes Run Acres
Daventry,Week2,Tuckahoe,Week1,366.0 Tuckahoe - 36.0 Daventry
Donaldson Run,Week5,Greenbriar,Week4,288.0 Donaldson Run - 114.0 Greenbriar
Donaldson Run,Week1,Hunt Valley,Week4,214.0 Donaldson Run - 188.0 Hunt Valley
Dominion Hills,Week1,High Point Pool,Week2,278.0 High Point Pool - 124.0 Dominion Hills
Dominion Hills,Week2,Hiddenbrook,Week4,237.0 Dominion Hills - 165.0 Hiddenbrook
Daventry,Week1,Tuckahoe,Week5,370.0 Tuckahoe - 32.0 Daventry
Daventry,Week4,Tuckahoe,Week4,376.0 Tuckahoe - 26.0 Daventry
Donaldson Run,Week1,Hamlet,Week1,208.0 Donaldson Run - 194.0 Hamlet
Dominion Hills,Week5,Sleepy Hollow Rec,Week1,306.0 Dominion Hills - 96.0 Sleepy Hollow Rec
Dominion Hills,Week4,Sleepy Hollow Rec,Week2,287.0 Dominion Hills - 115.0 Sleepy Hollow Rec
Donaldson Run,Week3,Overlee,Week2,269.0 Overlee - 133.0 Donaldson Run
Dominion Hills,Week5,Hiddenbrook,Week3,277.0 Dominion Hills - 125.0 Hiddenbrook
Donaldson Run,Week2,Hunt Valley,Week4,216.0 Donaldson Run - 186.0 Hunt Valley
Donaldson Run,Week5,Holmes Run Acres,Week5,251.0 Donaldson Run - 151.0 Holmes Run Acres
Dominion Hills,Week3,Hiddenbrook,Week3,235.0 Dominion Hills - 167.0 Hiddenbrook
Daventry,Week5,Tuckahoe,Week3,363.0 Tuckahoe - 39.0 Daventry
Dominion Hills,Week3,Hiddenbrook,Week5,229.0 Dominion Hills - 173.0 Hiddenbrook
Dominion Hills,Week4,Hiddenbrook,Week1,286.0 Dominion Hills - 116.0 Hiddenbrook
Dominion Hills,Week5,Hiddenbrook,Week4,271.0 Dominion Hills - 131.0 Hiddenbrook
Donaldson Run,Week4,Hunt Valley,Week3,206.0 Donaldson Run - 196.0 Hunt Valley
Dominion Hills,Week3,Hiddenbrook,Week4,236.0 Dominion Hills - 166.0 Hiddenbrook
Dominion Hills,Week4,Hiddenbrook,Week2,285.0 Dominion Hills - 117.0 Hiddenbrook
Donaldson Run,Week5,Greenbriar,Week5,253.0 Donaldson Run - 149.0 Greenbriar
Dominion Hills,Week5,Hiddenbrook,Week2,304.0 Dominion Hills - 98.0 Hiddenbrook
Donaldson Run,Week2,Overlee,Week2,265.0 Overlee - 137.0 Donaldson Run
Dominion Hills,Week3,Somerset-Olde Creek,Week4,314.0 Dominion Hills - 88.0 Somerset-Olde Creek
Dominion Hills,Week4,Sleepy Hollow Rec,Week3,261.5 Dominion Hills - 140.5 Sleepy Hollow Rec
Daventry,Week1,Vienna Aquatic,Week1,342.0 Vienna Aquatic - 60.0 Daventry
Daventry,Week5,Tuckahoe,Week4,361.0 Tuckahoe - 41.0 Daventry
Dominion Hills,Week2,High Point Pool,Week5,249.0 High Point Pool - 153.0 Dominion Hills
Donaldson Run,Week1,Hamlet,Week2,213.0 Hamlet - 189.0 Donaldson Run
Donaldson Run,Week3,Hunt Valley,Week4,218.0 Donaldson Run - 184.0 Hunt Valley
Dominion Hills,Week3,Sleepy Hollow Rec,Week4,286.5 Dominion Hills - 115.5 Sleepy Hollow Rec
Donaldson Run,Week4,Overlee,Week3,250.0 Overlee - 152.0 Donaldson Run
Daventry,Week1,Vienna Aquatic,Week3,357.0 Vienna Aquatic - 45.0 Daventry
Donaldson Run,Week1,Hamlet,Week5,234.0 Hamlet - 168.0 Donaldson Run
Donaldson Run,Week4,Hunt Valley,Week1,225.0 Donaldson Run - 177.0 Hunt Valley
Dominion Hills,Week1,High Point Pool,Week1,247.0 High Point Pool - 155.0 Dominion Hills
Donaldson Run,Week2,Hamlet,Week1,212.0 Donaldson Run - 190.0 Hamlet
Donaldson Run,Week2,Hamlet,Week2,202.0 Hamlet - 200.0 Donaldson Run
Donaldson Run,Week4,Hunt Valley,Week4,223.0 Donaldson Run - 179.0 Hunt Valley
Dominion Hills,Week4,Hiddenbrook,Week3,260.0 Dominion Hills - 137.0 Hiddenbrook
Daventry,Week1,Tuckahoe,Week3,371.0 Tuckahoe - 31.0 Daventry
Donaldson Run,Week2,Hamlet,Week5,227.0 Hamlet - 175.0 Donaldson Run
Dominion Hills,Week4,High Point Pool,Week3,217.0 High Point Pool - 185.0 Dominion Hills
Donaldson Run,Week4,Overlee,Week2,257.0 Overlee - 145.0 Donaldson Run
Dominion Hills,Week2,Somerset-Olde Creek,Week2,335.5 Dominion Hills - 66.5 Somerset-Olde Creek
Dominion Hills,Week3,High Point Pool,Week2,272.5 High Point Pool - 129.5 Dominion Hills
Donaldson Run,Week5,Hunt Valley,Week2,258.0 Donaldson Run - 144.0 Hunt Valley
Daventry,Week2,Tuckahoe,Week4,373.0 Tuckahoe - 29.0 Daventry
Dominion Hills,Week4,Sleepy Hollow Rec,Week4,315.5 Dominion Hills - 86.5 Sleepy Hollow Rec
Donaldson Run,Week5,Hunt Valley,Week4,245.0 Donaldson Run - 157.0 Hunt Valley
Dominion Hills,Week3,Somerset-Olde Creek,Week3,320.0 Dominion Hills - 82.0 Somerset-Olde Creek
Donaldson Run,Week2,Hamlet,Week3,206.0 Donaldson Run - 196.0 Hamlet
Dominion Hills,Week1,Somerset-Olde Creek,Week3,313.0 Dominion Hills - 89.0 Somerset-Olde Creek
Dominion Hills,Week3,High Point Pool,Week4,261.0 High Point Pool - 141.0 Dominion Hills
Daventry,Week3,Tuckahoe,Week2,370.0 Tuckahoe - 32.0 Daventry
Daventry,Week4,Tuckahoe,Week2,379.0 Tuckahoe - 23.0 Daventry
Dominion Hills,Week4,High Point Pool,Week2,243.0 High Point Pool - 159.0 Dominion Hills
Dominion Hills,Week4,High Point Pool,Week1,213.0 High Point Pool - 189.0 Dominion Hills
Dominion Hills,Week1,Somerset-Olde Creek,Week2,322.0 Dominion Hills - 80.0 Somerset-Olde Creek
Donaldson Run,Week5,Hunt Valley,Week3,232.0 Donaldson Run - 170.0 Hunt Valley
Donaldson Run,Week4,Hunt Valley,Week5,205.0 Donaldson Run - 197.0 Hunt Valley
Donaldson Run,Week1,Hamlet,Week4,221.0 Donaldson Run - 181.0 Hamlet
Dominion Hills,Week1,High Point Pool,Week5,270.0 High Point Pool - 132.0 Dominion Hills
Dominion Hills,Week3,High Point Pool,Week1,249.0 High Point Pool - 153.0 Dominion Hills
Donaldson Run,Week4,Hamlet,Week1,221.0 Donaldson Run - 181.0 Hamlet
Donaldson Run,Week2,Hunter Mill,Week2,255.0 Donaldson Run - 147.0 Hunter Mill
Daventry,Week2,Tuckahoe,Week5,373.5 Tuckahoe - 28.5 Daventry
Dominion Hills,Week3,High Point Pool,Week3,246.0 High Point Pool - 156.0 Dominion Hills
Donaldson Run,Week5,Hunt Valley,Week1,245.5 Donaldson Run - 156.5 Hunt Valley
Daventry,Week3,Vienna Aquatic,Week1,350.0 Vienna Aquatic - 52.0 Daventry
Dominion Hills,Week4,Somerset-Olde Creek,Week3,324.0 Dominion Hills - 77.0 Somerset-Olde Creek
Donaldson Run,Week4,Hamlet,Week3,206.0 Donaldson Run - 196.0 Hamlet
Dominion Hills,Week4,Sleepy Hollow Rec,Week5,274.0 Dominion Hills - 128.0 Sleepy Hollow Rec
Donaldson Run,Week3,Hamlet,Week4,232.0 Donaldson Run - 170.0 Hamlet
Dominion Hills,Week2,Fairfax Club Estates,Week1,253.0 Dominion Hills - 149.0 Fairfax Club Estates
Donaldson Run,Week4,Hamlet,Week2,208.0 Donaldson Run - 194.0 Hamlet
Donaldson Run,Week5,Hunt Valley,Week5,226.0 Donaldson Run - 176.0 Hunt Valley
Dominion Hills,Week4,Fairfax Club Estates,Week2,272.0 Dominion Hills - 130.0 Fairfax Club Estates
Dominion Hills,Week3,Somerset-Olde Creek,Week2,328.0 Dominion Hills - 74.0 Somerset-Olde Creek
Daventry,Week2,Vienna Aquatic,Week1,350.0 Vienna Aquatic - 52.0 Daventry
Daventry,Week2,Tuckahoe,Week3,374.0 Tuckahoe - 28.0 Daventry
Donaldson Run,Week1,Hunter Mill,Week1,237.0 Donaldson Run - 165.0 Hunter Mill
Dominion Hills,Week4,High Point Pool,Week4,228.0 High Point Pool - 174.0 Dominion Hills
Daventry,Week1,Vienna Aquatic,Week5,354.0 Vienna Aquatic - 47.0 Daventry
Donaldson Run,Week3,Hamlet,Week5,230.0 Hamlet - 172.0 Donaldson Run
Donaldson Run,Week3,Hamlet,Week3,204.0 Donaldson Run - 198.0 Hamlet
Dominion Hills,Week4,Somerset-Olde Creek,Week1,323.0 Dominion Hills - 75.0 Somerset-Olde Creek
Dominion Hills,Week5,Hiddenbrook,Week1,292.0 Dominion Hills - 110.0 Hiddenbrook
Daventry,Week5,Tuckahoe,Week5,363.0 Tuckahoe - 39.0 Daventry
Donaldson Run,Week1,Hunter Mill,Week3,233.0 Donaldson Run - 169.0 Hunter Mill
Dominion Hills,Week2,Somerset-Olde Creek,Week5,305.0 Dominion Hills - 97.0 Somerset-Olde Creek
Dominion Hills,Week2,High Point Pool,Week4,246.0 High Point Pool - 156.0 Dominion Hills
Dominion Hills,Week4,Sleepy Hollow Rec,Week1,291.0 Dominion Hills - 111.0 Sleepy Hollow Rec
Dominion Hills,Week1,Fairfax Club Estates,Week5,241.5 Dominion Hills - 159.5 Fairfax Club Estates
Donaldson Run,Week3,Hamlet,Week2,203.0 Hamlet - 199.0 Donaldson Run
Donaldson Run,Week5,Hunter Mill,Week2,268.0 Donaldson Run - 134.0 Hunter Mill
Dominion Hills,Week5,Sleepy Hollow Rec,Week2,300.0 Dominion Hills - 102.0 Sleepy Hollow Rec
Donaldson Run,Week3,Hunter Mill,Week3,236.0 Donaldson Run - 166.0 Hunter Mill
Daventry,Week2,Vienna Aquatic,Week4,344.0 Vienna Aquatic - 58.0 Daventry
Donaldson Run,Week1,Hunter Mill,Week4,235.0 Donaldson Run - 167.0 Hunter Mill
Dominion Hills,Week4,Hiddenbrook,Week5,247.5 Dominion Hills - 154.5 Hiddenbrook
Daventry,Week2,Vienna Aquatic,Week5,357.5 Vienna Aquatic - 43.5 Daventry
Dominion Hills,Week3,Fairfax Club Estates,Week4,233.0 Dominion Hills - 169.0 Fairfax Club Estates
Donaldson Run,Week3,Hamlet,Week1,212.0 Donaldson Run - 190.0 Hamlet
Daventry,Week3,Vienna Aquatic,Week3,359.0 Vienna Aquatic - 43.0 Daventry
Dominion Hills,Week2,Fairfax Club Estates,Week2,268.0 Dominion Hills - 134.0 Fairfax Club Estates
Dominion Hills,Week5,Fairfax,Week1,236.0 Fairfax - 166.0 Dominion Hills
Dominion Hills,Week5,Hiddenbrook,Week5,266.0 Dominion Hills - 136.0 Hiddenbrook
Dominion Hills,Week4,High Point Pool,Week5,229.0 High Point Pool - 173.0 Dominion Hills
Daventry,Week3,Vienna Aquatic,Week4,342.0 Vienna Aquatic - 60.0 Daventry
Dominion Hills,Week4,Somerset-Olde Creek,Week4,323.0 Dominion Hills - 74.0 Somerset-Olde Creek
Donaldson Run,Week2,Ilda Community,Week2,339.0 Donaldson Run - 63.0 Ilda Community
Donaldson Run,Week4,Hamlet,Week4,234.0 Donaldson Run - 168.0 Hamlet
Dominion Hills,Week3,Somerset-Olde Creek,Week1,311.0 Dominion Hills - 90.0 Somerset-Olde Creek
Daventry,Week2,Vienna Aquatic,Week2,356.0 Vienna Aquatic - 46.0 Daventry
Donaldson Run,Week2,Ilda Community,Week4,324.0 Donaldson Run - 78.0 Ilda Community
Daventry,Week4,Vienna Aquatic,Week1,367.0 Vienna Aquatic - 35.0 Daventry
Dominion Hills,Week3,Highland Park,Week4,247.0 Highland Park - 155.0 Dominion Hills
Donaldson Run,Week5,Hunter Mill,Week1,274.0 Donaldson Run - 128.0 Hunter Mill
Dominion Hills,Week5,Sleepy Hollow Rec,Week5,278.0 Dominion Hills - 124.0 Sleepy Hollow Rec
Dominion Hills,Week1,Fairfax Club Estates,Week1,239.0 Dominion Hills - 163.0 Fairfax Club Estates
Dominion Hills,Week3,Sleepy Hollow Rec,Week3,250.5 Dominion Hills - 151.5 Sleepy Hollow Rec
Dominion Hills,Week5,High Point Pool,Week2,234.0 High Point Pool - 168.0 Dominion Hills
Daventry,Week3,Vienna Aquatic,Week5,358.0 Vienna Aquatic - 43.0 Daventry
Donaldson Run,Week3,Hunter Mill,Week5,224.0 Donaldson Run - 178.0 Hunter Mill
Dominion Hills,Week1,Fairfax Club Estates,Week2,258.0 Dominion Hills - 144.0 Fairfax Club Estates
Dominion Hills,Week3,Sleepy Hollow Rec,Week5,261.0 Dominion Hills - 141.0 Sleepy Hollow Rec
Donaldson Run,Week2,Ilda Community,Week1,332.0 Donaldson Run - 70.0 Ilda Community
Dominion Hills,Week4,Fairfax,Week5,279.0 Fairfax - 123.0 Dominion Hills
Dominion Hills,Week4,Highland Park,Week2,205.0 Dominion Hills - 197.0 Highland Park
Dominion Hills,Week1,Highlands Swim,Week2,332.0 Highlands Swim - 70.0 Dominion Hills
Dominion Hills,Week2,Highland Park,Week3,207.0 Highland Park - 195.0 Dominion Hills
Dominion Hills,Week3,Highland Park,Week1,248.0 Highland Park - 154.0 Dominion Hills
Dominion Hills,Week5,Sleepy Hollow Rec,Week3,280.0 Dominion Hills - 122.0 Sleepy Hollow Rec
Dominion Hills,Week2,Somerset-Olde Creek,Week3,326.0 Dominion Hills - 76.0 Somerset-Olde Creek
Donaldson Run,Week4,Hunter Mill,Week5,228.0 Donaldson Run - 174.0 Hunter Mill
Donaldson Run,Week4,Hunter Mill,Week4,247.0 Donaldson Run - 155.0 Hunter Mill
Dominion Hills,Week1,Somerset-Olde Creek,Week1,308.0 Dominion Hills - 94.0 Somerset-Olde Creek
Dominion Hills,Week2,Somerset-Olde Creek,Week1,327.0 Dominion Hills - 75.0 Somerset-Olde Creek
Dominion Hills,Week1,Somerset-Olde Creek,Week4,311.0 Dominion Hills - 91.0 Somerset-Olde Creek
Dominion Hills,Week3,Fairfax Station,Week1,239.0 Fairfax Station - 163.0 Dominion Hills
Daventry,Week4,Vienna Aquatic,Week3,367.0 Vienna Aquatic - 35.0 Daventry
Daventry,Week3,Vienna Aquatic,Week2,353.0 Vienna Aquatic - 49.0 Daventry
Donaldson Run,Week1,Hunter Mill,Week2,239.0 Donaldson Run - 163.0 Hunter Mill
Daventry,Week4,Vienna Aquatic,Week5,371.0 Vienna Aquatic - 31.0 Daventry
Dominion Hills,Week1,Highland Park,Week1,246.0 Highland Park - 156.0 Dominion Hills
Daventry,Week4,Vienna Aquatic,Week2,362.0 Vienna Aquatic - 40.0 Daventry
Dominion Hills,Week3,Fairfax Club Estates,Week1,246.0 Dominion Hills - 156.0 Fairfax Club Estates
Donaldson Run,Week3,Hunter Mill,Week1,240.0 Donaldson Run - 162.0 Hunter Mill
Dominion Hills,Week2,Somerset-Olde Creek,Week4,330.0 Dominion Hills - 72.0 Somerset-Olde Creek
Dominion Hills,Week1,Highland Park,Week5,242.0 Highland Park - 160.0 Dominion Hills
Dominion Hills,Week2,Fairfax Club Estates,Week4,242.0 Dominion Hills - 160.0 Fairfax Club Estates
Dominion Hills,Week4,Somerset-Olde Creek,Week2,337.0 Dominion Hills - 65.0 Somerset-Olde Creek
Dominion Hills,Week1,Somerset-Olde Creek,Week5,290.0 Dominion Hills - 112.0 Somerset-Olde Creek
Dominion Hills,Week1,Highlands Swim,Week4,307.0 Highlands Swim - 95.0 Dominion Hills
Dominion Hills,Week5,Fairfax,Week3,251.0 Fairfax - 151.0 Dominion Hills
Donaldson Run,Week1,Ilda Community,Week5,337.0 Donaldson Run - 65.0 Ilda Community
Donaldson Run,Week3,Hunter Mill,Week4,229.0 Donaldson Run - 173.0 Hunter Mill
Dominion Hills,Week5,Fairfax,Week5,281.0 Fairfax - 121.0 Dominion Hills
Dominion Hills,Week3,Highland Park,Week5,223.0 Highland Park - 179.0 Dominion Hills
Daventry,Week4,Vienna Aquatic,Week4,355.0 Vienna Aquatic - 47.0 Daventry
Donaldson Run,Week2,Hunter Mill,Week3,241.0 Donaldson Run - 161.0 Hunter Mill
Dominion Hills,Week5,High Point Pool,Week5,213.5 High Point Pool - 188.5 Dominion Hills
Dominion Hills,Week3,Fairfax Club Estates,Week3,243.5 Dominion Hills - 158.5 Fairfax Club Estates
Dominion Hills,Week5,Fairfax,Week2,241.0 Fairfax - 161.0 Dominion Hills
Dominion Hills,Week3,Somerset-Olde Creek,Week5,290.0 Dominion Hills - 112.0 Somerset-Olde Creek
Dominion Hills,Week4,Highland Park,Week3,221.0 Dominion Hills - 181.0 Highland Park
Dominion Hills,Week2,Highland Park,Week5,212.0 Highland Park - 190.0 Dominion Hills
Dominion Hills,Week2,Fairfax Station,Week5,284.0 Fairfax Station - 118.0 Dominion Hills
Dominion Hills,Week4,Highland Park,Week5,201.0 Dominion Hills - 201.0 Highland Park
Donaldson Run,Week2,Hunter Mill,Week4,233.0 Donaldson Run - 169.0 Hunter Mill
Dominion Hills,Week2,Fairfax Station,Week3,270.0 Fairfax Station - 132.0 Dominion Hills
Dominion Hills,Week2,South Run,Week1,205.0 Dominion Hills - 188.0 South Run
Dominion Hills,Week5,Fairfax Club Estates,Week1,274.0 Dominion Hills - 128.0 Fairfax Club Estates
Dominion Hills,Week1,Fairfax Club Estates,Week4,237.0 Dominion Hills - 165.0 Fairfax Club Estates
Dominion Hills,Week4,Somerset-Olde Creek,Week5,300.0 Dominion Hills - 101.0 Somerset-Olde Creek
Donaldson Run,Week2,Hunter Mill,Week1,246.0 Donaldson Run - 156.0 Hunter Mill
Dominion Hills,Week4,Highland Park,Week4,215.0 Highland Park - 187.0 Dominion Hills
Dominion Hills,Week1,South Run,Week3,209.0 Dominion Hills - 193.0 South Run
Dominion Hills,Week3,Highland Park,Week3,222.0 Highland Park - 180.0 Dominion Hills
Dominion Hills,Week4,South Run,Week5,216.0 Dominion Hills - 186.0 South Run
Dominion Hills,Week5,Highland Park,Week5,212.0 Dominion Hills - 190.0 Highland Park
Donaldson Run,Week1,Dominion Hills,Week5,252.0 Donaldson Run - 150.0 Dominion Hills
Dominion Hills,Week5,Somerset-Olde Creek,Week4,339.0 Dominion Hills - 63.0 Somerset-Olde Creek
Dominion Hills,Week5,Somerset-Olde Creek,Week1,328.0 Dominion Hills - 68.0 Somerset-Olde Creek
Dominion Hills,Week2,Highland Park,Week1,233.0 Highland Park - 169.0 Dominion Hills
Dominion Hills,Week5,South Run,Week2,247.0 Dominion Hills - 155.0 South Run
Donaldson Run,Week5,Hunter Mill,Week3,257.0 Donaldson Run - 145.0 Hunter Mill
Dominion Hills,Week1,Fairfax Club Estates,Week3,254.0 Dominion Hills - 148.0 Fairfax Club Estates
Dominion Hills,Week4,Fairfax Club Estates,Week5,262.0 Dominion Hills - 135.0 Fairfax Club Estates
Dominion Hills,Week3,South Run,Week4,227.0 Dominion Hills - 175.0 South Run
Dominion Hills,Week2,Highland Park,Week4,232.0 Highland Park - 170.0 Dominion Hills
Donaldson Run,Week5,Hunter Mill,Week5,248.0 Donaldson Run - 154.0 Hunter Mill
Donaldson Run,Week4,Hunter Mill,Week2,253.0 Donaldson Run - 149.0 Hunter Mill
Dominion Hills,Week3,Fairfax Club Estates,Week2,244.0 Dominion Hills - 158.0 Fairfax Club Estates
Donaldson Run,Week4,Hunter Mill,Week3,256.0 Donaldson Run - 146.0 Hunter Mill
Dominion Hills,Week5,Fairfax,Week4,239.0 Fairfax - 163.0 Dominion Hills
Donaldson Run,Week2,Dominion Hills,Week1,296.0 Donaldson Run - 106.0 Dominion Hills
Dominion Hills,Week2,Fairfax Club Estates,Week3,254.0 Dominion Hills - 148.0 Fairfax Club Estates
Donaldson Run,Week3,Hunter Mill,Week2,248.5 Donaldson Run - 153.5 Hunter Mill
Dominion Hills,Week5,Somerset-Olde Creek,Week5,312.0 Dominion Hills - 90.0 Somerset-Olde Creek
Dominion Hills,Week1,Highland Park,Week3,233.5 Highland Park - 163.5 Dominion Hills
Donaldson Run,Week5,Dominion Hills,Week1,322.0 Donaldson Run - 80.0 Dominion Hills
Dominion Hills,Week5,Highland Park,Week2,216.0 Dominion Hills - 186.0 Highland Park
Dominion Hills,Week5,High Point Pool,Week3,218.0 High Point Pool - 184.0 Dominion Hills
Dominion Hills,Week2,Fairfax Club Estates,Week5,241.0 Dominion Hills - 161.0 Fairfax Club Estates
Donaldson Run,Week4,Hunter Mill,Week1,260.0 Donaldson Run - 142.0 Hunter Mill
Donaldson Run,Week2,Hunter Mill,Week5,226.0 Donaldson Run - 176.0 Hunter Mill
Donaldson Run,Week1,Ilda Community,Week1,330.0 Donaldson Run - 72.0 Ilda Community
Dominion Hills,Week3,Fairfax Club Estates,Week5,240.0 Dominion Hills - 162.0 Fairfax Club Estates
Donaldson Run,Week5,Hunter Mill,Week4,269.0 Donaldson Run - 133.0 Hunter Mill
Dominion Hills,Week1,South Run,Week1,197.0 South Run - 196.0 Dominion Hills
Dominion Hills,Week4,Fairfax Club Estates,Week1,263.0 Dominion Hills - 138.0 Fairfax Club Estates
Donaldson Run,Week1,Hunter Mill,Week5,215.0 Donaldson Run - 187.0 Hunter Mill
Dominion Hills,Week2,South Run,Week4,223.0 Dominion Hills - 179.0 South Run
Dominion Hills,Week5,Fairfax Club Estates,Week4,258.0 Dominion Hills - 144.0 Fairfax Club Estates
Dominion Hills,Week5,Fairfax Club Estates,Week3,279.0 Dominion Hills - 123.0 Fairfax Club Estates
Dominion Hills,Week1,Highland Park,Week2,235.0 Highland Park - 167.0 Dominion Hills
Donaldson Run,Week1,Ilda Community,Week2,350.0 Donaldson Run - 52.0 Ilda Community
Dominion Hills,Week2,Highland Park,Week2,220.0 Highland Park - 182.0 Dominion Hills
Dominion Hills,Week4,South Run,Week2,236.0 Dominion Hills - 161.0 South Run
Dominion Hills,Week2,South Run,Week5,203.0 South Run - 199.0 Dominion Hills
Dominion Hills,Week5,Highland Park,Week3,237.0 Dominion Hills - 165.0 Highland Park
Dominion Hills,Week5,Fairfax Club Estates,Week2,280.0 Dominion Hills - 122.0 Fairfax Club Estates
Donaldson Run,Week2,Dominion Hills,Week2,291.0 Donaldson Run - 111.0 Dominion Hills
Donaldson Run,Week3,Dominion Hills,Week4,283.0 Donaldson Run - 119.0 Dominion Hills
Donaldson Run,Week1,Ilda Community,Week3,345.0 Donaldson Run - 57.0 Ilda Community
Donaldson Run,Week3,Dominion Hills,Week1,300.0 Donaldson Run - 102.0 Dominion Hills
Dominion Hills,Week5,High Point Pool,Week4,232.0 High Point Pool - 170.0 Dominion Hills
Dominion Hills,Week4,Fairfax Club Estates,Week3,273.0 Dominion Hills - 128.0 Fairfax Club Estates
Dominion Hills,Week1,Highland Park,Week4,250.0 Highland Park - 152.0 Dominion Hills
Donaldson Run,Week1,Ilda Community,Week4,329.0 Donaldson Run - 73.0 Ilda Community
Dominion Hills,Week2,Springboard,Week4,284.0 Dominion Hills - 118.0 Springboard
Donaldson Run,Week3,Dominion Hills,Week5,252.0 Donaldson Run - 150.0 Dominion Hills
Donaldson Run,Week3,Ilda Community,Week3,337.0 Donaldson Run - 65.0 Ilda Community
Dominion Hills,Week5,Fairfax Club Estates,Week5,263.0 Dominion Hills - 138.0 Fairfax Club Estates
Donaldson Run,Week2,Dominion Hills,Week4,279.0 Donaldson Run - 123.0 Dominion Hills
Dominion Hills,Week5,Somerset-Olde Creek,Week3,335.0 Dominion Hills - 67.0 Somerset-Olde Creek
Donaldson Run,Week2,Ilda Community,Week3,325.0 Donaldson Run - 77.0 Ilda Community
Dominion Hills,Week3,Highland Park,Week2,227.0 Highland Park - 175.0 Dominion Hills
Dominion Hills,Week1,South Run,Week2,226.0 Dominion Hills - 176.0 South Run
Donaldson Run,Week4,Dominion Hills,Week1,312.0 Donaldson Run - 90.0 Dominion Hills
Dominion Hills,Week1,South Run,Week4,218.0 Dominion Hills - 184.0 South Run
Dominion Hills,Week1,Fairfax Station,Week5,293.0 Fairfax Station - 109.0 Dominion Hills
Dominion Hills,Week1,Highlands Swim,Week5,319.0 Highlands Swim - 83.0 Dominion Hills
Donaldson Run,Week4,Dominion Hills,Week2,309.0 Donaldson Run - 93.0 Dominion Hills
Donaldson Run,Week2,Kent Gardens,Week5,254.0 Donaldson Run - 148.0 Kent Gardens
Dominion Hills,Week1,Springboard,Week3,270.0 Dominion Hills - 131.0 Springboard
Dominion Hills,Week5,Highland Park,Week1,206.0 Dominion Hills - 196.0 Highland Park
Dominion Hills,Week4,Fairfax Club Estates,Week4,264.0 Dominion Hills - 138.0 Fairfax Club Estates
Donaldson Run,Week3,Kent Gardens,Week4,280.0 Donaldson Run - 122.0 Kent Gardens
Dominion Hills,Week3,South Run,Week2,218.0 Dominion Hills - 184.0 South Run
Dominion Hills,Week1,Fairfax Station,Week3,275.0 Fairfax Station - 127.0 Dominion Hills
Dominion Hills,Week4,South Run,Week4,224.0 Dominion Hills - 178.0 South Run
Dominion Hills,Week2,Fairfax Station,Week2,250.0 Fairfax Station - 152.0 Dominion Hills
Donaldson Run,Week3,Donaldson Run,Week3,201.0 Donaldson Run (DR1) - 201.0 Donaldson Run (DR2)
Dominion Hills,Week1,Fairfax Station,Week1,247.0 Fairfax Station - 155.0 Dominion Hills
Dominion Hills,Week1,Highlands Swim,Week3,312.5 Highlands Swim - 89.5 Dominion Hills
Donaldson Run,Week5,Ilda Community,Week1,345.0 Donaldson Run - 56.0 Ilda Community
Dominion Hills,Week1,Fairfax Station,Week2,256.0 Fairfax Station - 146.0 Dominion Hills
Donaldson Run,Week1,Donaldson Run,Week4,216.0 Donaldson Run (DR2) - 186.0 Donaldson Run (DR1)
Donaldson Run,Week1,Kent Gardens,Week3,279.0 Donaldson Run - 123.0 Kent Gardens
Donaldson Run,Week4,Dominion Hills,Week3,289.0 Donaldson Run - 113.0 Dominion Hills
Dominion Hills,Week2,South Run,Week2,231.0 Dominion Hills - 171.0 South Run
Dominion Hills,Week4,Highland Park,Week1,203.0 Dominion Hills - 199.0 Highland Park
Dominion Hills,Week2,Fairfax Station,Week4,246.0 Fairfax Station - 156.0 Dominion Hills
Donaldson Run,Week3,Donaldson Run,Week5,253.0 Donaldson Run (DR2) - 149.0 Donaldson Run (DR1)
Donaldson Run,Week1,Kent Gardens,Week2,276.0 Donaldson Run - 126.0 Kent Gardens
Dominion Hills,Week4,South Run,Week3,234.0 Dominion Hills - 168.0 South Run
Donaldson Run,Week1,Kent Gardens,Week5,241.0 Donaldson Run - 161.0 Kent Gardens
Dominion Hills,Week1,Fairfax Station,Week4,257.0 Fairfax Station - 145.0 Dominion Hills
Dominion Hills,Week5,Somerset-Olde Creek,Week2,343.0 Dominion Hills - 54.0 Somerset-Olde Creek
Donaldson Run,Week4,Dominion Hills,Week4,269.0 Donaldson Run - 133.0 Dominion Hills
Donaldson Run,Week4,Ilda Community,Week3,336.0 Donaldson Run - 66.0 Ilda Community
Donaldson Run,Week3,Dominion Hills,Week3,287.0 Donaldson Run - 115.0 Dominion Hills
Dominion Hills,Week2,Highlands Swim,Week2,325.0 Highlands Swim - 77.0 Dominion Hills
Dominion Hills,Week2,Highlands Swim,Week1,304.0 Highlands Swim - 98.0 Dominion Hills
Donaldson Run,Week5,Ilda Community,Week2,362.0 Donaldson Run - 40.0 Ilda Community
Dominion Hills,Week3,Springboard,Week2,303.5 Dominion Hills - 98.5 Springboard
Dominion Hills,Week3,Fairfax Station,Week5,272.0 Fairfax Station - 130.0 Dominion Hills
Dominion Hills,Week2,Hollin Hills,Week3,337.0 Dominion Hills - 65.0 Hollin Hills
Donaldson Run,Week5,Dominion Hills,Week4,290.0 Donaldson Run - 112.0 Dominion Hills
Dominion Hills,Week5,Highland Park,Week4,206.0 Dominion Hills - 196.0 Highland Park
Donaldson Run,Week2,Kent Gardens,Week3,280.0 Donaldson Run - 122.0 Kent Gardens
Dominion Hills,Week1,South Run,Week5,218.0 South Run - 184.0 Dominion Hills
Donaldson Run,Week2,Donaldson Run,Week5,254.5 Donaldson Run (DR2) - 147.5 Donaldson Run (DR1)
Dominion Hills,Week1,Highlands Swim,Week1,314.0 Highlands Swim - 88.0 Dominion Hills
Dominion Hills,Week2,Fairfax Station,Week1,238.0 Fairfax Station - 164.0 Dominion Hills
Dominion Hills,Week5,Highlands Swim,Week4,285.0 Highlands Swim - 117.0 Dominion Hills
Dominion Hills,Week3,South Run,Week5,216.0 South Run - 186.0 Dominion Hills
Donaldson Run,Week2,Kent Gardens,Week2,277.0 Donaldson Run - 125.0 Kent Gardens
Dominion Hills,Week4,Fairfax Station,Week2,233.0 Fairfax Station - 164.0 Dominion Hills
Dominion Hills,Week4,South Run,Week1,220.0 Dominion Hills - 173.0 South Run
Donaldson Run,Week2,Dominion Hills,Week3,285.0 Donaldson Run - 117.0 Dominion Hills
Dominion Hills,Week3,Highlands Swim,Week2,330.0 Highlands Swim - 72.0 Dominion Hills
Donaldson Run,Week4,Ilda Community,Week5,332.0 Donaldson Run - 70.0 Ilda Community
Dominion Hills,Week5,Bren Mar-Edsall Park,Week2,372.0 Dominion Hills - 30.0 Bren Mar-Edsall Park
Dominion Hills,Week3,Highlands Swim,Week4,301.0 Highlands Swim - 101.0 Dominion Hills
Donaldson Run,Week1,Dominion Hills,Week4,260.0 Donaldson Run - 142.0 Dominion Hills
Donaldson Run,Week5,Ilda Community,Week5,361.0 Donaldson Run - 40.0 Ilda Community
Dominion Hills,Week4,Bren Mar-Edsall Park,Week1,368.0 Dominion Hills - 33.0 Bren Mar-Edsall Park
Dominion Hills,Week5,Brandywine,Week3,225.0 Dominion Hills - 172.0 Brandywine
Donaldson Run,Week5,Dominion Hills,Week5,279.0 Donaldson Run - 123.0 Dominion Hills
Dominion Hills,Week4,Fairfax Station,Week4,226.0 Fairfax Station - 176.0 Dominion Hills
Dominion Hills,Week5,Highlands Swim,Week3,291.0 Highlands Swim - 111.0 Dominion Hills
Dominion Hills,Week1,Bren Mar-Edsall Park,Week3,352.0 Dominion Hills - 45.0 Bren Mar-Edsall Park
Donaldson Run,Week2,Kent Gardens,Week1,257.0 Donaldson Run - 145.0 Kent Gardens
Dominion Hills,Week4,Bren Mar-Edsall Park,Week2,368.0 Dominion Hills - 34.0 Bren Mar-Edsall Park
Donaldson Run,Week4,Dominion Hills,Week5,264.0 Donaldson Run - 138.0 Dominion Hills
Donaldson Run,Week2,Dominion Hills,Week5,260.0 Donaldson Run - 142.0 Dominion Hills
Dominion Hills,Week2,South Run,Week3,221.0 Dominion Hills - 181.0 South Run
Dominion Hills,Week5,South Run,Week1,220.0 Dominion Hills - 173.0 South Run
Dominion Hills,Week1,Forest Hollow,Week1,223.0 Forest Hollow - 179.0 Dominion Hills
Dominion Hills,Week5,Fairfax Station,Week3,250.5 Fairfax Station - 151.5 Dominion Hills
Dominion Hills,Week5,Fairfax Station,Week2,229.0 Fairfax Station - 173.0 Dominion Hills
Dominion Hills,Week5,South Run,Week4,249.0 Dominion Hills - 153.0 South Run
Dominion Hills,Week3,South Run,Week1,199.0 South Run - 194.0 Dominion Hills
Dominion Hills,Week3,Hollin Hills,Week3,313.0 Dominion Hills - 89.0 Hollin Hills
Donaldson Run,Week3,Dominion Hills,Week2,293.0 Donaldson Run - 109.0 Dominion Hills
Donaldson Run,Week2,Kent Gardens,Week4,273.0 Donaldson Run - 129.0 Kent Gardens
Donaldson Run,Week2,Ilda Community,Week5,335.0 Donaldson Run - 67.0 Ilda Community
Donaldson Run,Week3,Kent Gardens,Week2,277.0 Donaldson Run - 125.0 Kent Gardens
Dominion Hills,Week5,Fairfax Station,Week1,227.0 Fairfax Station - 175.0 Dominion Hills
Dominion Hills,Week3,South Run,Week3,213.0 Dominion Hills - 189.0 South Run
Dominion Hills,Week2,Highlands Swim,Week3,308.0 Highlands Swim - 94.0 Dominion Hills
Dominion Hills,Week5,Fairfax Station,Week4,216.0 Fairfax Station - 186.0 Dominion Hills
Dominion Hills,Week3,Highlands Swim,Week1,315.0 Highlands Swim - 87.0 Dominion Hills
Dominion Hills,Week4,Highlands Swim,Week5,311.0 Highlands Swim - 91.0 Dominion Hills
Donaldson Run,Week4,Ilda Community,Week1,328.0 Donaldson Run - 74.0 Ilda Community
Donaldson Run,Week1,Dominion Hills,Week3,282.0 Donaldson Run - 120.0 Dominion Hills
Dominion Hills,Week5,Fairfax Station,Week5,251.0 Fairfax Station - 151.0 Dominion Hills
Dominion Hills,Week4,Highlands Swim,Week1,302.5 Highlands Swim - 99.5 Dominion Hills
Dominion Hills,Week1,Springboard,Week2,297.0 Dominion Hills - 104.0 Springboard
Dominion Hills,Week1,Brookfield ,Week4,201.0 Brookfield - 201.0 Dominion Hills
Donaldson Run,Week2,Donaldson Run,Week2,201.0 Donaldson Run (DR1) - 201.0 Donaldson Run (DR2)
Donaldson Run,Week3,Ilda Community,Week2,346.0 Donaldson Run - 56.0 Ilda Community
Dominion Hills,Week3,Fairfax Station,Week3,269.0 Fairfax Station - 133.0 Dominion Hills
Donaldson Run,Week3,Kent Gardens,Week3,281.0 Donaldson Run - 121.0 Kent Gardens
Donaldson Run,Week2,Donaldson Run,Week3,206.0 Donaldson Run (DR1) - 196.0 Donaldson Run (DR2)
Dominion Hills,Week1,Brookfield ,Week2,209.0 Dominion Hills - 193.0 Brookfield
Dominion Hills,Week1,Springboard,Week4,261.0 Dominion Hills - 136.0 Springboard
Donaldson Run,Week3,Ilda Community,Week4,327.0 Donaldson Run - 75.0 Ilda Community
Dominion Hills,Week2,Springboard,Week2,317.5 Dominion Hills - 84.5 Springboard
Dominion Hills,Week1,Springboard,Week5,260.0 Dominion Hills - 141.0 Springboard
Dominion Hills,Week5,Bren Mar-Edsall Park,Week4,368.0 Dominion Hills - 34.0 Bren Mar-Edsall Park
Donaldson Run,Week1,Donaldson Run,Week2,220.5 Donaldson Run (DR2) - 181.5 Donaldson Run (DR1)
Dominion Hills,Week2,Springboard,Week1,297.0 Dominion Hills - 105.0 Springboard
Dominion Hills,Week1,Hollin Hills,Week2,302.0 Dominion Hills - 100.0 Hollin Hills
Dominion Hills,Week1,Forest Hollow,Week2,222.0 Forest Hollow - 180.0 Dominion Hills
Donaldson Run,Week1,Donaldson Run,Week5,257.0 Donaldson Run (DR2) - 145.0 Donaldson Run (DR1)
Dominion Hills,Week2,Bren Mar-Edsall Park,Week5,369.0 Dominion Hills - 33.0 Bren Mar-Edsall Park
Dominion Hills,Week5,Highlands Swim,Week5,299.5 Highlands Swim - 102.5 Dominion Hills
Dominion Hills,Week2,Highlands Swim,Week4,288.0 Highlands Swim - 114.0 Dominion Hills
Donaldson Run,Week5,Dominion Hills,Week2,325.0 Donaldson Run - 77.0 Dominion Hills
Dominion Hills,Week4,Fairfax Station,Week5,253.0 Fairfax Station - 149.0 Dominion Hills
Dominion Hills,Week2,Bren Mar-Edsall Park,Week3,368.0 Dominion Hills - 34.0 Bren Mar-Edsall Park
Dominion Hills,Week1,Forest Hollow,Week3,240.0 Forest Hollow - 162.0 Dominion Hills
Donaldson Run,Week4,Ilda Community,Week2,340.0 Donaldson Run - 62.0 Ilda Community
Donaldson Run,Week3,Ilda Community,Week5,334.0 Donaldson Run - 68.0 Ilda Community
Dominion Hills,Week4,Fairfax Station,Week1,227.0 Fairfax Station - 175.0 Dominion Hills
Dominion Hills,Week2,Springboard,Week3,289.0 Dominion Hills - 113.0 Springboard
Donaldson Run,Week5,Ilda Community,Week3,355.0 Donaldson Run - 47.0 Ilda Community
Donaldson Run,Week2,Donaldson Run,Week4,221.0 Donaldson Run (DR2) - 181.0 Donaldson Run (DR1)
Dominion Hills,Week2,Bren Mar-Edsall Park,Week4,362.0 Dominion Hills - 40.0 Bren Mar-Edsall Park
Dominion Hills,Week2,Highlands Swim,Week5,315.0 Highlands Swim - 87.0 Dominion Hills
Dominion Hills,Week1,Hollin Hills,Week1,308.0 Dominion Hills - 94.0 Hollin Hills
Donaldson Run,Week3,Donaldson Run,Week4,207.0 Donaldson Run (DR2) - 195.0 Donaldson Run (DR1)
Dominion Hills,Week1,Hollin Hills,Week4,310.0 Dominion Hills - 92.0 Hollin Hills
Dominion Hills,Week1,Hollin Hills,Week3,305.0 Dominion Hills - 97.0 Hollin Hills
Donaldson Run,Week3,Kings Ridge ,Week2,340.0 Donaldson Run - 62.0 Kings Ridge
Dominion Hills,Week3,Fairfax Station,Week2,249.5 Fairfax Station - 152.5 Dominion Hills
Dominion Hills,Week2,Forest Hollow,Week2,205.5 Forest Hollow - 196.5 Dominion Hills
Dominion Hills,Week3,Springboard,Week5,262.0 Dominion Hills - 140.0 Springboard
Dominion Hills,Week4,Fairfax Station,Week3,249.5 Fairfax Station - 152.5 Dominion Hills
Donaldson Run,Week3,Donaldson Run,Week1,211.0 Donaldson Run (DR1) - 191.0 Donaldson Run (DR2)
Dominion Hills,Week2,Forest Hollow,Week1,207.0 Forest Hollow - 195.0 Dominion Hills
Dominion Hills,Week1,Bren Mar-Edsall Park,Week2,365.0 Dominion Hills - 37.0 Bren Mar-Edsall Park
Dominion Hills,Week3,Bren Mar-Edsall Park,Week4,357.0 Dominion Hills - 45.0 Bren Mar-Edsall Park
Donaldson Run,Week3,Ilda Community,Week1,339.0 Donaldson Run - 63.0 Ilda Community
Donaldson Run,Week4,Ilda Community,Week4,326.0 Donaldson Run - 76.0 Ilda Community
Dominion Hills,Week5,Highlands Swim,Week1,286.0 Highlands Swim - 116.0 Dominion Hills
Donaldson Run,Week3,Donaldson Run,Week2,206.0 Donaldson Run (DR2) - 196.0 Donaldson Run (DR1)
Donaldson Run,Week1,Kent Gardens,Week1,255.0 Donaldson Run - 147.0 Kent Gardens
Donaldson Run,Week2,Donaldson Run,Week1,220.5 Donaldson Run (DR1) - 181.5 Donaldson Run (DR2)
Dominion Hills,Week5,Brandywine,Week4,222.0 Dominion Hills - 180.0 Brandywine
Dominion Hills,Week1,Forest Hollow,Week5,258.0 Forest Hollow - 144.0 Dominion Hills
Dominion Hills,Week2,Springboard,Week5,267.0 Dominion Hills - 135.0 Springboard
Dominion Hills,Week4,Highlands Swim,Week3,297.0 Highlands Swim - 105.0 Dominion Hills
Dominion Hills,Week3,Bren Mar-Edsall Park,Week3,350.0 Dominion Hills - 52.0 Bren Mar-Edsall Park
Dominion Hills,Week4,Highlands Swim,Week2,313.0 Highlands Swim - 89.0 Dominion Hills
Donaldson Run,Week5,Ilda Community,Week4,343.0 Donaldson Run - 59.0 Ilda Community
Dominion Hills,Week3,Springboard,Week3,277.0 Dominion Hills - 125.0 Springboard
Donaldson Run,Week1,Kent Gardens,Week4,276.0 Donaldson Run - 126.0 Kent Gardens
Donaldson Run,Week3,Kent Gardens,Week1,270.0 Donaldson Run - 132.0 Kent Gardens
Dominion Hills,Week3,Springboard,Week1,276.5 Dominion Hills - 125.5 Springboard
Dominion Hills,Week5,South Run,Week3,251.0 Dominion Hills - 151.0 South Run
Donaldson Run,Week1,Donaldson Run,Week3,211.0 Donaldson Run (DR2) - 191.0 Donaldson Run (DR1)
Dominion Hills,Week1,Forest Hollow,Week4,241.0 Forest Hollow - 161.0 Dominion Hills
Donaldson Run,Week1,Donaldson Run,Week1,201.0 Donaldson Run (DR1) - 201.0 Donaldson Run (DR2)
Dominion Hills,Week5,Brandywine,Week2,230.0 Dominion Hills - 172.0 Brandywine
Dominion Hills,Week1,Springboard,Week1,263.0 Dominion Hills - 138.0 Springboard
Dominion Hills,Week3,Highlands Swim,Week3,324.0 Highlands Swim - 78.0 Dominion Hills
Dominion Hills,Week3,Fairfax Station,Week4,251.0 Fairfax Station - 151.0 Dominion Hills
Dominion Hills,Week4,Bren Mar-Edsall Park,Week4,360.0 Dominion Hills - 42.0 Bren Mar-Edsall Park
Dominion Hills,Week2,Bren Mar-Edsall Park,Week2,374.0 Dominion Hills - 28.0 Bren Mar-Edsall Park
Dominion Hills,Week3,Springboard,Week4,269.0 Dominion Hills - 133.0 Springboard
Dominion Hills,Week2,Forest Hollow,Week3,210.0 Forest Hollow - 192.0 Dominion Hills
Donaldson Run,Week3,Dowden Terrace,Week4,263.0 Donaldson Run - 139.0 Dowden Terrace
Dominion Hills,Week4,Springboard,Week1,302.0 Dominion Hills - 100.0 Springboard
Donaldson Run,Week5,Kent Gardens,Week1,288.0 Donaldson Run - 114.0 Kent Gardens
Dominion Hills,Week5,South Run,Week5,228.0 Dominion Hills - 174.0 South Run
Dominion Hills,Week4,Bren Mar-Edsall Park,Week5,360.0 Dominion Hills - 42.0 Bren Mar-Edsall Park
Donaldson Run,Week5,Dominion Hills,Week3,316.5 Donaldson Run - 85.5 Dominion Hills
Dominion Hills,Week5,Highlands Swim,Week2,307.0 Highlands Swim - 95.0 Dominion Hills
Donaldson Run,Week5,Kent Gardens,Week2,298.0 Donaldson Run - 104.0 Kent Gardens
Dominion Hills,Week1,Hollin Hills,Week5,291.0 Dominion Hills - 111.0 Hollin Hills
Dominion Hills,Week3,Highlands Swim,Week5,326.0 Highlands Swim - 76.0 Dominion Hills
Donaldson Run,Week2,Dowden Terrace,Week2,265.0 Donaldson Run - 137.0 Dowden Terrace
Dominion Hills,Week4,Springboard,Week2,324.0 Dominion Hills - 72.0 Springboard
Donaldson Run,Week1,Kings Ridge ,Week5,329.0 Donaldson Run - 73.0 Kings Ridge
Dominion Hills,Week2,Forest Hollow,Week5,247.0 Forest Hollow - 155.0 Dominion Hills
Donaldson Run,Week5,Kent Gardens,Week3,303.0 Donaldson Run - 99.0 Kent Gardens
Dominion Hills,Week3,Bren Mar-Edsall Park,Week1,364.0 Dominion Hills - 38.0 Bren Mar-Edsall Park
Dominion Hills,Week4,Highlands Swim,Week4,294.0 Highlands Swim - 108.0 Dominion Hills
Dominion Hills,Week2,Hollin Hills,Week2,327.0 Dominion Hills - 75.0 Hollin Hills
Donaldson Run,Week3,Dowden Terrace,Week1,273.0 Donaldson Run - 129.0 Dowden Terrace
Dominion Hills,Week1,Bren Mar-Edsall Park,Week1,369.0 Dominion Hills - 33.0 Bren Mar-Edsall Park
Dominion Hills,Week2,Hollin Hills,Week1,327.0 Dominion Hills - 75.0 Hollin Hills
Donaldson Run,Week4,Kent Gardens,Week2,285.0 Donaldson Run - 117.0 Kent Gardens
Dominion Hills,Week1,Bren Mar-Edsall Park,Week4,357.0 Dominion Hills - 45.0 Bren Mar-Edsall Park
Dominion Hills,Week4,Forest Hollow,Week2,227.0 Dominion Hills - 175.0 Forest Hollow
Donaldson Run,Week4,Donaldson Run,Week3,207.0 Donaldson Run (DR1) - 195.0 Donaldson Run (DR2)
Dominion Hills,Week1,Fox Hunt,Week4,203.0 Fox Hunt - 199.0 Dominion Hills
Dominion Hills,Week1,Bren Mar-Edsall Park,Week5,352.5 Dominion Hills - 44.5 Bren Mar-Edsall Park
Dominion Hills,Week5,Brandywine,Week5,201.0 Brandywine - 201.0 Dominion Hills
Dominion Hills,Week2,Fox Hunt,Week2,216.0 Dominion Hills - 186.0 Fox Hunt
Dominion Hills,Week2,Fox Hunt,Week5,220.0 Fox Hunt - 182.0 Dominion Hills
Donaldson Run,Week1,Kings Ridge ,Week2,328.0 Donaldson Run - 74.0 Kings Ridge
Donaldson Run,Week4,Donaldson Run,Week4,201.0 Donaldson Run (DR1) - 201.0 Donaldson Run (DR2)
Dominion Hills,Week3,Bren Mar-Edsall Park,Week2,365.0 Dominion Hills - 37.0 Bren Mar-Edsall Park
Donaldson Run,Week3,Dowden Terrace,Week3,270.0 Donaldson Run - 132.0 Dowden Terrace
Donaldson Run,Week5,Donaldson Run,Week1,257.0 Donaldson Run (DR1) - 145.0 Donaldson Run (DR2)
Donaldson Run,Week4,Donaldson Run,Week2,221.0 Donaldson Run (DR1) - 181.0 Donaldson Run (DR2)
Dominion Hills,Week5,Hollin Hills,Week5,313.0 Dominion Hills - 88.0 Hollin Hills
Donaldson Run,Week2,Kings Ridge ,Week2,329.0 Donaldson Run - 73.0 Kings Ridge
Dominion Hills,Week2,Hollin Hills,Week4,311.0 Dominion Hills - 91.0 Hollin Hills
Dominion Hills,Week5,Forest Hollow,Week4,205.0 Dominion Hills - 197.0 Forest Hollow
Donaldson Run,Week2,Kings Ridge ,Week1,322.0 Donaldson Run - 80.0 Kings Ridge
Dominion Hills,Week3,Hollin Hills,Week1,316.0 Dominion Hills - 85.0 Hollin Hills
Dominion Hills,Week2,Bren Mar-Edsall Park,Week1,372.0 Dominion Hills - 30.0 Bren Mar-Edsall Park
Donaldson Run,Week4,Kent Gardens,Week3,290.0 Donaldson Run - 112.0 Kent Gardens
Dominion Hills,Week3,Hollin Hills,Week2,307.0 Dominion Hills - 94.0 Hollin Hills
Dominion Hills,Week4,Bren Mar-Edsall Park,Week3,362.0 Dominion Hills - 40.0 Bren Mar-Edsall Park
Dominion Hills,Week5,Forest Hollow,Week2,226.0 Dominion Hills - 176.0 Forest Hollow
Donaldson Run,Week5,Kent Gardens,Week5,278.0 Donaldson Run - 124.0 Kent Gardens
Donaldson Run,Week1,Dowden Terrace,Week2,268.0 Donaldson Run - 134.0 Dowden Terrace
Donaldson Run,Week5,Donaldson Run,Week4,261.0 Donaldson Run (DR1) - 141.0 Donaldson Run (DR2)
Dominion Hills,Week3,Bren Mar-Edsall Park,Week5,347.0 Dominion Hills - 55.0 Bren Mar-Edsall Park
Donaldson Run,Week1,Dowden Terrace,Week1,278.0 Donaldson Run - 124.0 Dowden Terrace
Dominion Hills,Week2,Hollin Hills,Week5,313.0 Dominion Hills - 89.0 Hollin Hills
Dominion Hills,Week5,Bren Mar-Edsall Park,Week1,371.0 Dominion Hills - 31.0 Bren Mar-Edsall Park
Dominion Hills,Week3,Fox Hunt,Week5,231.0 Fox Hunt - 171.0 Dominion Hills
Donaldson Run,Week4,Kent Gardens,Week1,270.0 Donaldson Run - 132.0 Kent Gardens
Dominion Hills,Week4,Fox Hunt,Week2,224.0 Dominion Hills - 178.0 Fox Hunt
Dominion Hills,Week2,Fox Hunt,Week1,216.0 Dominion Hills - 186.0 Fox Hunt
Donaldson Run,Week4,Kent Gardens,Week5,262.0 Donaldson Run - 140.0 Kent Gardens
Dominion Hills,Week2,Hollin Meadows,Week2,202.0 Hollin Meadows - 200.0 Dominion Hills
Dominion Hills,Week4,Hollin Hills,Week4,325.5 Dominion Hills - 72.5 Hollin Hills
Donaldson Run,Week1,Dowden Terrace,Week4,265.0 Donaldson Run - 137.0 Dowden Terrace
Dominion Hills,Week1,Fox Hunt,Week2,203.0 Fox Hunt - 199.0 Dominion Hills
Dominion Hills,Week5,Bren Mar-Edsall Park,Week3,368.0 Dominion Hills - 34.0 Bren Mar-Edsall Park
Dominion Hills,Week1,Broyhill Crest,Week1,352.0 Dominion Hills - 50.0 Broyhill Crest
Donaldson Run,Week5,Donaldson Run,Week3,253.0 Donaldson Run (DR1) - 149.0 Donaldson Run (DR2)
Donaldson Run,Week1,Lake Braddock,Week4,354.0 Donaldson Run - 48.0 Lake Braddock
Dominion Hills,Week1,Fox Hunt,Week3,217.5 Fox Hunt - 179.5 Dominion Hills
Donaldson Run,Week2,Kings Ridge ,Week4,316.0 Donaldson Run - 86.0 Kings Ridge
Dominion Hills,Week5,Bren Mar-Edsall Park,Week5,366.0 Dominion Hills - 31.0 Bren Mar-Edsall Park
Dominion Hills,Week4,Hollin Meadows,Week2,222.0 Dominion Hills - 180.0 Hollin Meadows
Dominion Hills,Week3,Hollin Hills,Week5,280.0 Dominion Hills - 122.0 Hollin Hills
Dominion Hills,Week1,Brookfield ,Week1,209.0 Brookfield - 193.0 Dominion Hills
Dominion Hills,Week2,Brookfield ,Week5,219.0 Dominion Hills - 183.0 Brookfield
Dominion Hills,Week4,Hollin Hills,Week5,318.0 Dominion Hills - 83.0 Hollin Hills
Donaldson Run,Week1,Kings Ridge ,Week4,331.0 Donaldson Run - 71.0 Kings Ridge
Dominion Hills,Week2,Forest Hollow,Week4,229.0 Forest Hollow - 173.0 Dominion Hills
Dominion Hills,Week3,Brookfield ,Week1,210.0 Brookfield - 192.0 Dominion Hills
Donaldson Run,Week5,Donaldson Run,Week5,198.5 Donaldson Run (DR1) - 198.5 Donaldson Run (DR2)
Donaldson Run,Week5,Donaldson Run,Week2,254.5 Donaldson Run (DR1) - 147.5 Donaldson Run (DR2)
Donaldson Run,Week1,Dowden Terrace,Week3,285.0 Donaldson Run - 117.0 Dowden Terrace
Dominion Hills,Week3,Forest Hollow,Week1,218.0 Forest Hollow - 184.0 Dominion Hills
Donaldson Run,Week5,Kent Gardens,Week4,287.0 Donaldson Run - 115.0 Kent Gardens
Dominion Hills,Week4,Brookfield ,Week4,223.0 Dominion Hills - 179.0 Brookfield
Donaldson Run,Week4,Kings Ridge ,Week5,325.0 Donaldson Run - 77.0 Kings Ridge
Dominion Hills,Week2,Fox Hunt,Week3,202.0 Dominion Hills - 200.0 Fox Hunt
Donaldson Run,Week2,Dowden Terrace,Week4,264.0 Donaldson Run - 138.0 Dowden Terrace
Dominion Hills,Week1,Brookfield ,Week3,214.0 Dominion Hills - 188.0 Brookfield
Dominion Hills,Week5,Hollin Hills,Week4,326.0 Dominion Hills - 75.0 Hollin Hills
Donaldson Run,Week2,Dowden Terrace,Week5,237.0 Donaldson Run - 165.0 Dowden Terrace
Donaldson Run,Week2,Lake Braddock,Week2,348.0 Donaldson Run - 54.0 Lake Braddock
Dominion Hills,Week3,Forest Hollow,Week2,214.0 Forest Hollow - 188.0 Dominion Hills
Dominion Hills,Week4,Brookfield ,Week1,220.0 Dominion Hills - 182.0 Brookfield
Dominion Hills,Week3,Hollin Hills,Week4,316.0 Dominion Hills - 85.0 Hollin Hills
Donaldson Run,Week1,Dowden Terrace,Week5,244.0 Donaldson Run - 158.0 Dowden Terrace
Dominion Hills,Week3,Forest Hollow,Week5,261.0 Forest Hollow - 141.0 Dominion Hills
Dominion Hills,Week3,Forest Hollow,Week4,241.0 Forest Hollow - 161.0 Dominion Hills
Dominion Hills,Week4,Hollin Hills,Week3,328.0 Dominion Hills - 73.0 Hollin Hills
Dominion Hills,Week5,Forest Hollow,Week3,222.0 Dominion Hills - 180.0 Forest Hollow
Donaldson Run,Week2,Kings Ridge ,Week3,316.0 Donaldson Run - 86.0 Kings Ridge
Dominion Hills,Week4,Forest Hollow,Week1,221.0 Dominion Hills - 181.0 Forest Hollow
Dominion Hills,Week5,Hollin Hills,Week2,327.0 Dominion Hills - 68.0 Hollin Hills
Donaldson Run,Week2,Kings Ridge ,Week5,311.0 Donaldson Run - 91.0 Kings Ridge
Dominion Hills,Week3,Brookfield ,Week2,209.0 Dominion Hills - 193.0 Brookfield
Donaldson Run,Week3,Dowden Terrace,Week2,275.0 Donaldson Run - 127.0 Dowden Terrace
Donaldson Run,Week2,Dowden Terrace,Week1,269.0 Donaldson Run - 133.0 Dowden Terrace
Dominion Hills,Week3,Hollin Meadows,Week5,216.0 Hollin Meadows - 186.0 Dominion Hills
Dominion Hills,Week3,Forest Hollow,Week3,223.0 Forest Hollow - 179.0 Dominion Hills
Dominion Hills,Week3,Brookfield ,Week4,212.0 Brookfield - 190.0 Dominion Hills
Dominion Hills,Week5,Forest Hollow,Week1,211.0 Dominion Hills - 191.0 Forest Hollow
Dominion Hills,Week4,Forest Hollow,Week4,207.0 Forest Hollow - 195.0 Dominion Hills
Dominion Hills,Week2,Hollin Meadows,Week3,227.0 Hollin Meadows - 175.0 Dominion Hills
Donaldson Run,Week3,Dowden Terrace,Week5,245.0 Donaldson Run - 157.0 Dowden Terrace
Donaldson Run,Week4,Donaldson Run,Week5,261.0 Donaldson Run (DR2) - 141.0 Donaldson Run (DR1)
Dominion Hills,Week2,Hollin Meadows,Week4,209.0 Hollin Meadows - 193.0 Dominion Hills
Dominion Hills,Week2,Hollin Meadows,Week1,225.0 Hollin Meadows - 177.0 Dominion Hills
Dominion Hills,Week5,Forest Hollow,Week5,218.5 Forest Hollow - 183.5 Dominion Hills
Dominion Hills,Week4,Brookfield ,Week5,229.0 Dominion Hills - 173.0 Brookfield
Donaldson Run,Week4,Donaldson Run,Week1,216.0 Donaldson Run (DR1) - 186.0 Donaldson Run (DR2)
Donaldson Run,Week4,Dowden Terrace,Week1,293.0 Donaldson Run - 109.0 Dowden Terrace
Dominion Hills,Week2,Brookfield ,Week2,226.0 Dominion Hills - 176.0 Brookfield
Donaldson Run,Week1,Kings Ridge ,Week3,337.0 Donaldson Run - 65.0 Kings Ridge
Donaldson Run,Week3,Kings Ridge ,Week1,346.0 Donaldson Run - 56.0 Kings Ridge
Dominion Hills,Week5,Hollin Hills,Week3,325.5 Dominion Hills - 76.5 Hollin Hills
Dominion Hills,Week1,Brookfield ,Week5,218.0 Dominion Hills - 184.0 Brookfield
Donaldson Run,Week2,Dowden Terrace,Week3,278.0 Donaldson Run - 124.0 Dowden Terrace
Donaldson Run,Week3,Kings Ridge ,Week5,339.0 Donaldson Run - 63.0 Kings Ridge
Dominion Hills,Week5,Brookfield ,Week1,233.0 Dominion Hills - 169.0 Brookfield
Donaldson Run,Week4,Kent Gardens,Week4,275.0 Donaldson Run - 127.0 Kent Gardens
Dominion Hills,Week1,Hollin Meadows,Week5,235.0 Hollin Meadows - 167.0 Dominion Hills
Donaldson Run,Week3,Kent Gardens,Week5,258.0 Donaldson Run - 144.0 Kent Gardens
Dominion Hills,Week4,Forest Hollow,Week3,221.0 Dominion Hills - 181.0 Forest Hollow
Donaldson Run,Week1,Kings Ridge ,Week1,337.0 Donaldson Run - 65.0 Kings Ridge
Dominion Hills,Week2,Brookfield ,Week1,209.0 Dominion Hills - 193.0 Brookfield
Dominion Hills,Week2,Fox Hunt,Week4,216.0 Dominion Hills - 186.0 Fox Hunt
Dominion Hills,Week5,Brookfield ,Week2,265.5 Dominion Hills - 136.5 Brookfield
Dominion Hills,Week2,Hollin Meadows,Week5,228.0 Hollin Meadows - 174.0 Dominion Hills
Dominion Hills,Week5,Brookfield ,Week3,261.0 Dominion Hills - 141.0 Brookfield
Dominion Hills,Week4,Hollin Hills,Week2,314.0 Dominion Hills - 84.0 Hollin Hills
Donaldson Run,Week1,Arlington Forest,Week5,254.0 Donaldson Run - 148.0 Arlington Forest
Dominion Hills,Week1,Hollin Meadows,Week3,222.0 Hollin Meadows - 180.0 Dominion Hills
Donaldson Run,Week4,Kings Ridge ,Week1,337.0 Donaldson Run - 65.0 Kings Ridge
Dominion Hills,Week3,Hollin Meadows,Week2,205.0 Hollin Meadows - 197.0 Dominion Hills
Dominion Hills,Week4,Forest Hollow,Week5,226.0 Forest Hollow - 176.0 Dominion Hills
Donaldson Run,Week2,Brandywine,Week1,269.0 Donaldson Run - 133.0 Brandywine
Donaldson Run,Week5,Kings Ridge ,Week5,339.0 Donaldson Run - 63.0 Kings Ridge
Donaldson Run,Week1,Lake Braddock,Week1,359.0 Donaldson Run - 43.0 Lake Braddock
Donaldson Run,Week3,Arlington Forest,Week5,252.0 Donaldson Run - 150.0 Arlington Forest
Dominion Hills,Week3,Fox Hunt,Week1,204.0 Dominion Hills - 198.0 Fox Hunt
Dominion Hills,Week1,Hollin Meadows,Week2,208.0 Hollin Meadows - 194.0 Dominion Hills
Donaldson Run,Week2,Brandywine,Week3,245.0 Donaldson Run - 157.0 Brandywine
Dominion Hills,Week1,Fox Hunt,Week5,237.0 Fox Hunt - 165.0 Dominion Hills
Dominion Hills,Week1,Broyhill Crest,Week2,361.0 Dominion Hills - 41.0 Broyhill Crest
Donaldson Run,Week5,Kings Ridge ,Week3,341.0 Donaldson Run - 60.0 Kings Ridge
Donaldson Run,Week2,Arlington Forest,Week5,253.0 Donaldson Run - 149.0 Arlington Forest
Daventry,Week3,Rolling Valley,Week3,220.0 Rolling Valley - 179.0 Daventry
Dominion Hills,Week4,Brookfield ,Week3,233.5 Dominion Hills - 168.5 Brookfield
Dominion Hills,Week1,Fox Hunt,Week1,207.0 Dominion Hills - 195.0 Fox Hunt
Daventry,Week2,Rolling Valley,Week3,213.0 Rolling Valley - 188.0 Daventry
Dominion Hills,Week3,Fox Hunt,Week4,207.0 Fox Hunt - 195.0 Dominion Hills
Daventry,Week1,Rolling Valley,Week5,246.0 Rolling Valley - 156.0 Daventry
Dominion Hills,Week1,Hollin Meadows,Week1,238.0 Hollin Meadows - 164.0 Dominion Hills
Daventry,Week2,Rolling Valley,Week2,205.0 Rolling Valley - 197.0 Daventry
Dominion Hills,Week3,Brookfield ,Week5,219.0 Dominion Hills - 183.0 Brookfield
Donaldson Run,Week5,Arlington Forest,Week4,299.0 Donaldson Run - 103.0 Arlington Forest
Donaldson Run,Week3,Arlington Forest,Week2,296.0 Donaldson Run - 106.0 Arlington Forest
Donaldson Run,Week1,Lake Braddock,Week3,348.0 Donaldson Run - 54.0 Lake Braddock
Donaldson Run,Week5,Arlington Forest,Week3,328.5 Donaldson Run - 73.5 Arlington Forest
Dominion Hills,Week3,Fox Hunt,Week3,221.5 Fox Hunt - 180.5 Dominion Hills
Dominion Hills,Week1,Hollin Meadows,Week4,217.0 Hollin Meadows - 185.0 Dominion Hills
Dominion Hills,Week4,Hollin Hills,Week1,329.0 Dominion Hills - 69.0 Hollin Hills
Dominion Hills,Week3,Hollin Meadows,Week4,204.0 Hollin Meadows - 198.0 Dominion Hills
Daventry,Week4,Rolling Valley,Week3,216.0 Rolling Valley - 185.0 Daventry
Dominion Hills,Week5,Fox Hunt,Week4,235.0 Dominion Hills - 167.0 Fox Hunt
Dominion Hills,Week5,Brookfield ,Week5,250.0 Dominion Hills - 152.0 Brookfield
Daventry,Week1,Rolling Valley,Week1,210.0 Daventry - 192.0 Rolling Valley
Dominion Hills,Week5,Fox Hunt,Week5,217.5 Dominion Hills - 184.5 Fox Hunt
Dominion Hills,Week5,Brookfield ,Week4,244.0 Dominion Hills - 158.0 Brookfield
Donaldson Run,Week2,Arlington Forest,Week2,289.0 Donaldson Run - 113.0 Arlington Forest
Dominion Hills,Week4,Fox Hunt,Week1,229.0 Dominion Hills - 173.0 Fox Hunt
Dominion Hills,Week2,Brookfield ,Week4,218.0 Dominion Hills - 184.0 Brookfield
Donaldson Run,Week3,Kings Ridge ,Week3,331.0 Donaldson Run - 71.0 Kings Ridge
Dominion Hills,Week4,Brookfield ,Week2,232.0 Dominion Hills - 170.0 Brookfield
Dominion Hills,Week3,Fox Mill Estates,Week5,220.0 Dominion Hills - 182.0 Fox Mill Estates
Dominion Hills,Week3,Brookfield ,Week3,203.0 Dominion Hills - 199.0 Brookfield
Dominion Hills,Week3,Hollin Meadows,Week3,215.0 Hollin Meadows - 187.0 Dominion Hills
Daventry,Week4,Rolling Hills,Week4,266.0 Rolling Hills - 131.0 Daventry
Dominion Hills,Week3,Fox Hunt,Week2,216.0 Fox Hunt - 186.0 Dominion Hills
Donaldson Run,Week1,Lake Braddock,Week5,347.0 Donaldson Run - 55.0 Lake Braddock
Daventry,Week4,Rolling Hills,Week3,267.0 Rolling Hills - 134.0 Daventry
Donaldson Run,Week5,Kings Ridge ,Week2,354.0 Donaldson Run - 48.0 Kings Ridge
Donaldson Run,Week5,Kings Ridge ,Week1,346.0 Donaldson Run - 51.0 Kings Ridge
Dominion Hills,Week2,Fox Mill Estates,Week3,234.5 Dominion Hills - 167.5 Fox Mill Estates
Dominion Hills,Week5,Hollin Hills,Week1,331.5 Dominion Hills - 69.5 Hollin Hills
Donaldson Run,Week5,Kings Ridge ,Week4,343.0 Donaldson Run - 59.0 Kings Ridge
Donaldson Run,Week3,Kings Ridge ,Week4,331.0 Donaldson Run - 71.0 Kings Ridge
Daventry,Week4,Rolling Valley,Week1,232.0 Daventry - 170.0 Rolling Valley
Donaldson Run,Week5,Arlington Forest,Week2,316.0 Donaldson Run - 86.0 Arlington Forest
Donaldson Run,Week2,Arlington Forest,Week4,278.0 Donaldson Run - 124.0 Arlington Forest
Dominion Hills,Week2,Broyhill Crest,Week1,357.0 Dominion Hills - 45.0 Broyhill Crest
Donaldson Run,Week4,Kings Ridge ,Week3,331.0 Donaldson Run - 71.0 Kings Ridge
Dominion Hills,Week3,Hollin Meadows,Week1,229.0 Hollin Meadows - 173.0 Dominion Hills
Dominion Hills,Week1,Broyhill Crest,Week3,363.0 Dominion Hills - 39.0 Broyhill Crest
Donaldson Run,Week3,Arlington Forest,Week4,277.0 Donaldson Run - 125.0 Arlington Forest
Dominion Hills,Week4,Hollin Meadows,Week1,203.0 Hollin Meadows - 198.0 Dominion Hills
Donaldson Run,Week5,Arlington Forest,Week5,280.0 Donaldson Run - 122.0 Arlington Forest
Donaldson Run,Week4,Kings Ridge ,Week2,342.5 Donaldson Run - 59.5 Kings Ridge
Dominion Hills,Week4,Hollin Meadows,Week3,214.0 Dominion Hills - 188.0 Hollin Meadows
Daventry,Week4,Rolling Hills,Week1,277.0 Rolling Hills - 124.0 Daventry
Donaldson Run,Week1,Lake Braddock,Week2,343.0 Donaldson Run - 59.0 Lake Braddock
Donaldson Run,Week3,Arlington Forest,Week3,301.0 Donaldson Run - 101.0 Arlington Forest
Dominion Hills,Week4,Fox Hunt,Week5,202.0 Dominion Hills - 200.0 Fox Hunt
Dominion Hills,Week2,Broyhill Crest,Week2,373.0 Dominion Hills - 29.0 Broyhill Crest
Dominion Hills,Week1,Broyhill Crest,Week4,340.0 Dominion Hills - 62.0 Broyhill Crest
Donaldson Run,Week3,Lake Braddock,Week1,367.5 Donaldson Run - 34.5 Lake Braddock
Dominion Hills,Week5,Fox Hunt,Week1,249.0 Dominion Hills - 153.0 Fox Hunt
Dominion Hills,Week1,Fox Mill Estates,Week5,216.0 Dominion Hills - 186.0 Fox Mill Estates
Dominion Hills,Week1,Broyhill Crest,Week5,345.0 Dominion Hills - 57.0 Broyhill Crest
Dominion Hills,Week2,Brookfield ,Week3,227.0 Dominion Hills - 175.0 Brookfield
Donaldson Run,Week2,Lake Braddock,Week1,363.0 Donaldson Run - 39.0 Lake Braddock
Donaldson Run,Week4,Arlington Forest,Week5,256.0 Donaldson Run - 146.0 Arlington Forest
Daventry,Week3,Rolling Valley,Week5,224.0 Rolling Valley - 177.0 Daventry
Dominion Hills,Week2,Holmes Run Acres,Week4,221.0 Dominion Hills - 181.0 Holmes Run Acres
Dominion Hills,Week4,Hollin Meadows,Week5,218.0 Dominion Hills - 184.0 Hollin Meadows
Daventry,Week5,Rolling Hills,Week5,217.0 Rolling Hills - 185.0 Daventry
Donaldson Run,Week4,Arlington Forest,Week2,297.0 Donaldson Run - 105.0 Arlington Forest
Donaldson Run,Week4,Kings Ridge ,Week4,322.0 Donaldson Run - 80.0 Kings Ridge
Dominion Hills,Week1,Fox Mill Estates,Week1,253.0 Dominion Hills - 149.0 Fox Mill Estates
Daventry,Week2,Rolling Valley,Week4,227.0 Rolling Valley - 174.0 Daventry
Dominion Hills,Week4,Hollin Meadows,Week4,230.5 Dominion Hills - 171.5 Hollin Meadows
Daventry,Week1,Rutherford,Week4,256.0 Rutherford - 146.0 Daventry
Dominion Hills,Week5,Hollin Meadows,Week1,205.0 Dominion Hills - 197.0 Hollin Meadows
Donaldson Run,Week5,Arlington Forest,Week1,314.0 Donaldson Run - 88.0 Arlington Forest
Dominion Hills,Week2,Broyhill Crest,Week3,369.0 Dominion Hills - 33.0 Broyhill Crest
Dominion Hills,Week3,Burke Station,Week2,275.0 Dominion Hills - 127.0 Burke Station
Dominion Hills,Week4,Fox Hunt,Week4,224.0 Dominion Hills - 178.0 Fox Hunt
Dominion Hills,Week5,Holmes Run Acres,Week5,210.0 Holmes Run Acres - 192.0 Dominion Hills
Donaldson Run,Week1,Brandywine,Week3,243.0 Donaldson Run - 159.0 Brandywine
Dominion Hills,Week2,Broyhill Crest,Week4,358.0 Dominion Hills - 44.0 Broyhill Crest
Donaldson Run,Week5,Lake Braddock,Week4,366.0 Donaldson Run - 36.0 Lake Braddock
Daventry,Week4,Rolling Hills,Week5,261.0 Rolling Hills - 141.0 Daventry
Dominion Hills,Week1,Fox Mill Estates,Week3,221.0 Dominion Hills - 181.0 Fox Mill Estates
Donaldson Run,Week4,Arlington Forest,Week3,316.0 Donaldson Run - 86.0 Arlington Forest
Dominion Hills,Week5,Holmes Run Acres,Week3,217.0 Dominion Hills - 185.0 Holmes Run Acres
Dominion Hills,Week2,Broyhill Crest,Week5,354.0 Dominion Hills - 48.0 Broyhill Crest
Daventry,Week5,Rolling Hills,Week2,232.0 Rolling Hills - 168.0 Daventry
Dominion Hills,Week4,Holmes Run Acres,Week1,225.0 Dominion Hills - 177.0 Holmes Run Acres
Daventry,Week1,Rolling Valley,Week3,216.0 Rolling Valley - 185.0 Daventry
Donaldson Run,Week2,Arlington Forest,Week3,312.0 Donaldson Run - 90.0 Arlington Forest
Daventry,Week5,Rolling Hills,Week3,227.0 Rolling Hills - 169.0 Daventry
Dominion Hills,Week5,Hollin Meadows,Week5,217.0 Dominion Hills - 185.0 Hollin Meadows
Donaldson Run,Week2,Lake Braddock,Week5,348.0 Donaldson Run - 54.0 Lake Braddock
Donaldson Run,Week1,Lakevale Estates,Week2,217.0 Donaldson Run - 185.0 Lakevale Estates
Dominion Hills,Week2,Fox Mill Estates,Week5,232.0 Dominion Hills - 170.0 Fox Mill Estates
Donaldson Run,Week5,Lake Braddock,Week3,365.0 Donaldson Run - 37.0 Lake Braddock
Dominion Hills,Week2,Fox Mill Estates,Week4,222.0 Dominion Hills - 180.0 Fox Mill Estates
Dominion Hills,Week5,Broyhill Crest,Week1,370.0 Dominion Hills - 32.0 Broyhill Crest
Donaldson Run,Week1,Brandywine,Week2,267.0 Donaldson Run - 135.0 Brandywine
Dominion Hills,Week1,Fox Mill Estates,Week2,233.0 Dominion Hills - 169.0 Fox Mill Estates
Dominion Hills,Week3,Fox Mill Estates,Week1,257.0 Dominion Hills - 145.0 Fox Mill Estates
Donaldson Run,Week1,Lakevale Estates,Week3,210.0 Donaldson Run - 192.0 Lakevale Estates
Donaldson Run,Week2,Lake Braddock,Week3,345.0 Donaldson Run - 57.0 Lake Braddock
Dominion Hills,Week5,Hollin Meadows,Week3,227.0 Dominion Hills - 175.0 Hollin Meadows
Daventry,Week1,Rolling Valley,Week4,236.0 Rolling Valley - 166.0 Daventry
Daventry,Week2,Rolling Valley,Week5,217.0 Rolling Valley - 185.0 Daventry
Donaldson Run,Week2,Arlington Forest,Week1,281.0 Donaldson Run - 121.0 Arlington Forest
Donaldson Run,Week4,Arlington Forest,Week4,280.0 Donaldson Run - 122.0 Arlington Forest
Donaldson Run,Week4,Arlington Forest,Week1,300.0 Donaldson Run - 102.0 Arlington Forest
Donaldson Run,Week4,Lake Braddock,Week1,368.0 Donaldson Run - 34.0 Lake Braddock
Daventry,Week5,Rolling Hills,Week4,226.0 Rolling Hills - 171.0 Daventry
Dominion Hills,Week2,Burke Station,Week5,266.0 Dominion Hills - 136.0 Burke Station
Daventry,Week1,Rolling Valley,Week2,217.0 Rolling Valley - 185.0 Daventry
Dominion Hills,Week1,Hunt Valley,Week2,277.5 Hunt Valley - 124.5 Dominion Hills
Daventry,Week3,Rolling Valley,Week1,217.0 Daventry - 185.0 Rolling Valley
Dominion Hills,Week4,Fox Mill Estates,Week5,240.0 Dominion Hills - 162.0 Fox Mill Estates
Donaldson Run,Week4,Lake Braddock,Week3,354.0 Donaldson Run - 48.0 Lake Braddock
Dominion Hills,Week4,Broyhill Crest,Week4,364.0 Dominion Hills - 38.0 Broyhill Crest
Donaldson Run,Week1,Brandywine,Week1,271.0 Donaldson Run - 131.0 Brandywine
Donaldson Run,Week4,Lake Braddock,Week2,356.0 Donaldson Run - 46.0 Lake Braddock
Donaldson Run,Week3,Lake Braddock,Week5,354.0 Donaldson Run - 48.0 Lake Braddock
Dominion Hills,Week2,Fox Mill Estates,Week2,240.0 Dominion Hills - 162.0 Fox Mill Estates
Dominion Hills,Week3,Broyhill Crest,Week5,347.0 Dominion Hills - 55.0 Broyhill Crest
Daventry,Week2,Rolling Valley,Week1,216.0 Daventry - 185.0 Rolling Valley
Donaldson Run,Week1,Brandywine,Week5,221.0 Donaldson Run - 181.0 Brandywine
Dominion Hills,Week2,Holmes Run Acres,Week3,225.0 Holmes Run Acres - 177.0 Dominion Hills
Donaldson Run,Week3,Arlington Forest,Week1,285.0 Donaldson Run - 117.0 Arlington Forest
Dominion Hills,Week2,Holmes Run Acres,Week2,217.0 Dominion Hills - 185.0 Holmes Run Acres
Dominion Hills,Week4,Fox Mill Estates,Week2,246.0 Dominion Hills - 156.0 Fox Mill Estates
Dominion Hills,Week2,Holmes Run Acres,Week1,224.5 Dominion Hills - 177.5 Holmes Run Acres
Dominion Hills,Week1,Hunt Valley,Week4,294.0 Hunt Valley - 108.0 Dominion Hills
Dominion Hills,Week1,Holmes Run Acres,Week2,204.5 Holmes Run Acres - 197.5 Dominion Hills
Dominion Hills,Week5,Broyhill Crest,Week4,368.0 Dominion Hills - 34.0 Broyhill Crest
Dominion Hills,Week5,Broyhill Crest,Week3,377.0 Dominion Hills - 25.0 Broyhill Crest
Dominion Hills,Week3,Fox Mill Estates,Week3,239.0 Dominion Hills - 163.0 Fox Mill Estates
Daventry,Week4,Rolling Hills,Week2,273.0 Rolling Hills - 128.0 Daventry
Dominion Hills,Week4,Holmes Run Acres,Week2,241.0 Dominion Hills - 161.0 Holmes Run Acres
Daventry,Week5,Rolling Hills,Week1,227.0 Rolling Hills - 172.0 Daventry
Donaldson Run,Week1,Brandywine,Week4,244.0 Donaldson Run - 158.0 Brandywine
Donaldson Run,Week2,Brandywine,Week2,267.0 Donaldson Run - 135.0 Brandywine
Dominion Hills,Week3,Fox Mill Estates,Week2,234.0 Dominion Hills - 168.0 Fox Mill Estates
Dominion Hills,Week4,Fox Mill Estates,Week1,269.0 Dominion Hills - 133.0 Fox Mill Estates
Dominion Hills,Week5,Fox Hunt,Week3,227.0 Dominion Hills - 175.0 Fox Hunt
Dominion Hills,Week4,Burke Station,Week1,267.0 Dominion Hills - 111.0 Burke Station
Dominion Hills,Week3,Broyhill Crest,Week2,369.0 Dominion Hills - 33.0 Broyhill Crest
Donaldson Run,Week3,Lake Braddock,Week2,350.0 Donaldson Run - 52.0 Lake Braddock
Donaldson Run,Week2,Lake Braddock,Week4,353.0 Donaldson Run - 49.0 Lake Braddock
Dominion Hills,Week5,Broyhill Crest,Week2,383.0 Dominion Hills - 19.0 Broyhill Crest
Donaldson Run,Week3,Lake Braddock,Week4,356.0 Donaldson Run - 46.0 Lake Braddock
Dominion Hills,Week1,Burke Station,Week3,261.0 Dominion Hills - 136.0 Burke Station
Dominion Hills,Week1,Holmes Run Acres,Week1,211.0 Dominion Hills - 191.0 Holmes Run Acres
Dominion Hills,Week3,Holmes Run Acres,Week4,204.0 Holmes Run Acres - 198.0 Dominion Hills
Daventry,Week4,Rolling Valley,Week2,213.0 Rolling Valley - 189.0 Daventry
Donaldson Run,Week4,Lake Braddock,Week5,348.0 Donaldson Run - 54.0 Lake Braddock
Dominion Hills,Week3,Holmes Run Acres,Week5,258.0 Holmes Run Acres - 144.0 Dominion Hills
Daventry,Week3,Rolling Valley,Week4,237.0 Rolling Valley - 165.0 Daventry
Donaldson Run,Week5,Lake Braddock,Week2,356.0 Donaldson Run - 46.0 Lake Braddock
Donaldson Run,Week3,Lake Braddock,Week3,354.0 Donaldson Run - 48.0 Lake Braddock
Dominion Hills,Week2,Fox Mill Estates,Week1,266.0 Dominion Hills - 136.0 Fox Mill Estates
Dominion Hills,Week1,Fox Mill Estates,Week4,216.0 Dominion Hills - 186.0 Fox Mill Estates
Dominion Hills,Week3,Broyhill Crest,Week4,355.0 Dominion Hills - 47.0 Broyhill Crest
Dominion Hills,Week1,Burke Station,Week4,277.0 Dominion Hills - 125.0 Burke Station
Donaldson Run,Week3,Bren Mar-Edsall Park,Week2,379.0 Donaldson Run - 23.0 Bren Mar-Edsall Park
Daventry,Week3,Rolling Valley,Week2,215.0 Rolling Valley - 181.0 Daventry
Dominion Hills,Week5,Fox Hunt,Week2,232.0 Dominion Hills - 170.0 Fox Hunt
Daventry,Week4,Rolling Valley,Week4,230.0 Rolling Valley - 172.0 Daventry
Donaldson Run,Week2,Bren Mar-Edsall Park,Week2,379.0 Donaldson Run - 23.0 Bren Mar-Edsall Park
Dominion Hills,Week3,Fox Mill Estates,Week4,218.0 Dominion Hills - 184.0 Fox Mill Estates
Donaldson Run,Week2,Bren Mar-Edsall Park,Week5,370.0 Donaldson Run - 32.0 Bren Mar-Edsall Park
Dominion Hills,Week2,Holmes Run Acres,Week5,247.0 Holmes Run Acres - 155.0 Dominion Hills
Dominion Hills,Week1,Burke Station,Week5,245.0 Dominion Hills - 157.0 Burke Station
Dominion Hills,Week1,Burke Station,Week1,236.0 Dominion Hills - 142.0 Burke Station
Donaldson Run,Week4,Lake Braddock,Week4,359.0 Donaldson Run - 43.0 Lake Braddock
Donaldson Run,Week5,Brandywine,Week2,277.0 Donaldson Run - 125.0 Brandywine
Donaldson Run,Week1,Bren Mar-Edsall Park,Week2,383.0 Donaldson Run - 19.0 Bren Mar-Edsall Park
Donaldson Run,Week1,Bren Mar-Edsall Park,Week1,383.0 Donaldson Run - 19.0 Bren Mar-Edsall Park
Donaldson Run,Week5,Lake Braddock,Week5,361.0 Donaldson Run - 41.0 Lake Braddock
Daventry,Week5,Rolling Valley,Week1,240.0 Daventry - 162.0 Rolling Valley
Dominion Hills,Week1,Burke Station,Week2,281.0 Dominion Hills - 120.0 Burke Station
Dominion Hills,Week5,Hollin Meadows,Week4,235.0 Dominion Hills - 167.0 Hollin Meadows
Dominion Hills,Week3,Holmes Run Acres,Week3,248.0 Holmes Run Acres - 154.0 Dominion Hills
Donaldson Run,Week5,Lake Braddock,Week1,370.0 Donaldson Run - 32.0 Lake Braddock
Daventry,Week4,Rolling Valley,Week5,233.0 Rolling Valley - 169.0 Daventry
Donaldson Run,Week4,Brandywine,Week3,251.0 Donaldson Run - 151.0 Brandywine
Daventry,Week5,Rolling Valley,Week3,216.0 Daventry - 185.0 Rolling Valley
Donaldson Run,Week3,Brandywine,Week4,257.0 Donaldson Run - 145.0 Brandywine
Donaldson Run,Week1,Lakevale Estates,Week1,233.0 Donaldson Run - 169.0 Lakevale Estates
Donaldson Run,Week4,Brandywine,Week5,239.0 Donaldson Run - 163.0 Brandywine
Dominion Hills,Week3,Broyhill Crest,Week3,368.0 Dominion Hills - 34.0 Broyhill Crest
Daventry,Week5,Rolling Valley,Week2,225.0 Daventry - 177.0 Rolling Valley
Dominion Hills,Week4,Fox Hunt,Week3,210.0 Dominion Hills - 187.0 Fox Hunt
Dominion Hills,Week4,Fox Mill Estates,Week4,237.0 Dominion Hills - 165.0 Fox Mill Estates
Dominion Hills,Week4,Broyhill Crest,Week2,368.0 Dominion Hills - 34.0 Broyhill Crest
Dominion Hills,Week2,Burke Station,Week1,239.0 Dominion Hills - 140.0 Burke Station
Dominion Hills,Week4,Fox Mill Estates,Week3,245.0 Dominion Hills - 157.0 Fox Mill Estates
Dominion Hills,Week5,Hollin Meadows,Week2,240.0 Dominion Hills - 162.0 Hollin Meadows
Dominion Hills,Week5,Fox Mill Estates,Week1,282.0 Dominion Hills - 115.0 Fox Mill Estates
Donaldson Run,Week1,Lakeview,Week3,338.0 Donaldson Run - 64.0 Lakeview
Dominion Hills,Week3,Holmes Run Acres,Week2,204.0 Dominion Hills - 198.0 Holmes Run Acres
Dominion Hills,Week5,Fox Mill Woods,Week5,245.0 Fox Mill Woods - 157.0 Dominion Hills
Dominion Hills,Week5,Broyhill Crest,Week5,362.0 Dominion Hills - 40.0 Broyhill Crest
Dominion Hills,Week3,Fox Mill Woods,Week3,266.0 Fox Mill Woods - 136.0 Dominion Hills
Dominion Hills,Week3,Holmes Run Acres,Week1,203.0 Dominion Hills - 199.0 Holmes Run Acres
Donaldson Run,Week3,Lakevale Estates,Week3,221.0 Donaldson Run - 181.0 Lakevale Estates
Donaldson Run,Week5,Lakevale Estates,Week2,273.0 Donaldson Run - 129.0 Lakevale Estates
Dominion Hills,Week2,Fox Mill Woods,Week5,266.0 Fox Mill Woods - 136.0 Dominion Hills
Donaldson Run,Week2,Bren Mar-Edsall Park,Week1,379.0 Donaldson Run - 23.0 Bren Mar-Edsall Park
Daventry,Week1,Rutherford,Week2,238.0 Rutherford - 163.0 Daventry
Donaldson Run,Week2,Lakevale Estates,Week3,217.0 Donaldson Run - 185.0 Lakevale Estates
Dominion Hills,Week2,Burke Station,Week2,293.0 Dominion Hills - 109.0 Burke Station
Dominion Hills,Week2,Burke Station,Week4,297.0 Dominion Hills - 105.0 Burke Station
Dominion Hills,Week4,Holmes Run Acres,Week5,223.0 Holmes Run Acres - 179.0 Dominion Hills
Daventry,Week5,Rolling Valley,Week4,217.0 Daventry - 185.0 Rolling Valley
Dominion Hills,Week4,Broyhill Crest,Week1,363.0 Dominion Hills - 38.0 Broyhill Crest
Dominion Hills,Week1,Fox Mill Woods,Week1,288.0 Fox Mill Woods - 114.0 Dominion Hills
Dominion Hills,Week5,Holmes Run Acres,Week1,245.0 Dominion Hills - 157.0 Holmes Run Acres
Daventry,Week1,Rutherford,Week3,252.0 Rutherford - 149.0 Daventry
Dominion Hills,Week1,Holmes Run Acres,Week5,259.0 Holmes Run Acres - 143.0 Dominion Hills
Donaldson Run,Week1,Lakeview,Week5,335.0 Donaldson Run - 58.0 Lakeview
Donaldson Run,Week2,Brandywine,Week4,248.0 Donaldson Run - 154.0 Brandywine
Dominion Hills,Week4,Broyhill Crest,Week5,351.0 Dominion Hills - 51.0 Broyhill Crest
Donaldson Run,Week3,Brandywine,Week1,272.0 Donaldson Run - 130.0 Brandywine
Dominion Hills,Week5,Fox Mill Estates,Week2,264.0 Dominion Hills - 138.0 Fox Mill Estates
Donaldson Run,Week1,Bren Mar-Edsall Park,Week4,377.0 Donaldson Run - 25.0 Bren Mar-Edsall Park
Dominion Hills,Week5,Fox Mill Estates,Week3,261.0 Dominion Hills - 141.0 Fox Mill Estates
Donaldson Run,Week1,Bren Mar-Edsall Park,Week5,372.0 Donaldson Run - 30.0 Bren Mar-Edsall Park
Dominion Hills,Week5,Fox Mill Woods,Week4,249.0 Fox Mill Woods - 153.0 Dominion Hills
Daventry,Week3,Rutherford,Week5,236.0 Rutherford - 165.0 Daventry
Donaldson Run,Week3,Brandywine,Week2,267.0 Donaldson Run - 135.0 Brandywine
Daventry,Week5,Rolling Valley,Week5,203.0 Rolling Valley - 199.0 Daventry
Dominion Hills,Week4,Broyhill Crest,Week3,373.0 Dominion Hills - 29.0 Broyhill Crest
Dominion Hills,Week1,Holmes Run Acres,Week3,237.0 Holmes Run Acres - 165.0 Dominion Hills
Donaldson Run,Week5,Brandywine,Week4,269.0 Donaldson Run - 133.0 Brandywine
Donaldson Run,Week2,Lakevale Estates,Week1,235.0 Donaldson Run - 167.0 Lakevale Estates
Dominion Hills,Week3,Broyhill Crest,Week1,363.0 Dominion Hills - 39.0 Broyhill Crest
Donaldson Run,Week3,Lakevale Estates,Week4,201.0 Donaldson Run - 201.0 Lakevale Estates
Donaldson Run,Week3,Lakevale Estates,Week5,208.0 Donaldson Run - 194.0 Lakevale Estates
Donaldson Run,Week2,Lakeview,Week3,335.0 Donaldson Run - 67.0 Lakeview
Dominion Hills,Week4,Holmes Run Acres,Week4,237.5 Dominion Hills - 164.5 Holmes Run Acres
Daventry,Week2,Rutherford,Week1,225.0 Rutherford - 172.0 Daventry
Daventry,Week1,Rutherford,Week1,229.0 Rutherford - 173.0 Daventry
Daventry,Week3,Rutherford,Week3,251.0 Rutherford - 150.0 Daventry
Dominion Hills,Week4,Holmes Run Acres,Week3,207.0 Holmes Run Acres - 195.0 Dominion Hills
Dominion Hills,Week1,Holmes Run Acres,Week4,207.0 Dominion Hills - 195.0 Holmes Run Acres
Dominion Hills,Week1,Fox Mill Woods,Week4,290.0 Fox Mill Woods - 112.0 Dominion Hills
Daventry,Week1,Rutherford,Week5,252.0 Rutherford - 150.0 Daventry
Donaldson Run,Week2,Brandywine,Week5,229.0 Donaldson Run - 173.0 Brandywine
Dominion Hills,Week3,Burke Station,Week1,228.0 Dominion Hills - 151.0 Burke Station
Donaldson Run,Week4,Lakevale Estates,Week2,233.0 Donaldson Run - 169.0 Lakevale Estates
Daventry,Week3,Rutherford,Week4,241.0 Rutherford - 160.0 Daventry
Dominion Hills,Week1,Hunt Valley,Week3,294.0 Hunt Valley - 108.0 Dominion Hills
Dominion Hills,Week3,Burke Station,Week4,276.0 Dominion Hills - 126.0 Burke Station
Dominion Hills,Week3,Burke Station,Week3,257.0 Dominion Hills - 139.0 Burke Station
Dominion Hills,Week5,Holmes Run Acres,Week2,254.0 Dominion Hills - 148.0 Holmes Run Acres
Donaldson Run,Week1,Lakeview,Week1,353.5 Donaldson Run - 48.5 Lakeview
Dominion Hills,Week4,Hunt Valley,Week2,249.0 Hunt Valley - 153.0 Dominion Hills
Donaldson Run,Week2,Bren Mar-Edsall Park,Week4,376.0 Donaldson Run - 26.0 Bren Mar-Edsall Park
Dominion Hills,Week3,Fox Mill Woods,Week1,282.0 Fox Mill Woods - 120.0 Dominion Hills
Dominion Hills,Week5,Holmes Run Acres,Week4,249.0 Dominion Hills - 153.0 Holmes Run Acres
Dominion Hills,Week1,Hunt Valley,Week1,279.0 Hunt Valley - 123.0 Dominion Hills
Donaldson Run,Week4,Brandywine,Week1,276.0 Donaldson Run - 126.0 Brandywine
Donaldson Run,Week5,Brandywine,Week1,292.0 Donaldson Run - 110.0 Brandywine
Donaldson Run,Week3,Brandywine,Week3,245.0 Donaldson Run - 157.0 Brandywine
Dominion Hills,Week2,Fox Mill Woods,Week3,259.0 Fox Mill Woods - 143.0 Dominion Hills
Daventry,Week3,Rutherford,Week2,229.0 Rutherford - 172.0 Daventry
Dominion Hills,Week4,Fox Mill Woods,Week3,229.0 Fox Mill Woods - 173.0 Dominion Hills
Dominion Hills,Week3,Burke Station,Week5,252.0 Dominion Hills - 150.0 Burke Station
Dominion Hills,Week3,Fox Mill Woods,Week5,272.0 Fox Mill Woods - 130.0 Dominion Hills
Donaldson Run,Week2,Lakevale Estates,Week5,207.0 Donaldson Run - 195.0 Lakevale Estates
Dominion Hills,Week2,Burke Station,Week3,270.0 Dominion Hills - 127.0 Burke Station
Donaldson Run,Week4,Lakevale Estates,Week5,208.0 Donaldson Run - 194.0 Lakevale Estates
Dominion Hills,Week3,Fox Mill Woods,Week2,288.0 Fox Mill Woods - 114.0 Dominion Hills
Donaldson Run,Week5,Brandywine,Week5,265.0 Donaldson Run - 137.0 Brandywine
Daventry,Week4,Rutherford,Week2,245.0 Rutherford - 156.0 Daventry
Daventry,Week2,Rutherford,Week3,251.0 Rutherford - 147.0 Daventry
Dominion Hills,Week2,Hunter Mill,Week1,244.0 Hunter Mill - 158.0 Dominion Hills
Donaldson Run,Week2,Lakevale Estates,Week4,202.0 Donaldson Run - 200.0 Lakevale Estates
Dominion Hills,Week1,Hunt Valley,Week5,311.0 Hunt Valley - 91.0 Dominion Hills
Daventry,Week2,Rutherford,Week2,244.0 Rutherford - 154.0 Daventry
Dominion Hills,Week4,Camelot,Week4,244.0 Dominion Hills - 158.0 Camelot
Dominion Hills,Week4,Fox Mill Woods,Week4,236.0 Fox Mill Woods - 166.0 Dominion Hills
Donaldson Run,Week4,Brandywine,Week2,259.0 Donaldson Run - 143.0 Brandywine
Donaldson Run,Week4,Brandywine,Week4,264.0 Donaldson Run - 138.0 Brandywine
Donaldson Run,Week3,Lakevale Estates,Week1,236.0 Donaldson Run - 166.0 Lakevale Estates
Dominion Hills,Week1,Hunter Mill,Week4,260.0 Hunter Mill - 142.0 Dominion Hills
Dominion Hills,Week4,Burke Station,Week3,294.5 Dominion Hills - 102.5 Burke Station
Daventry,Week2,Rutherford,Week5,269.0 Rutherford - 129.0 Daventry
Daventry,Week4,Rutherford,Week3,261.0 Rutherford - 140.0 Daventry
Dominion Hills,Week5,Hunt Valley,Week2,226.0 Hunt Valley - 176.0 Dominion Hills
Dominion Hills,Week1,Fox Mill Woods,Week3,271.0 Fox Mill Woods - 131.0 Dominion Hills
Dominion Hills,Week4,Fox Mill Woods,Week1,256.0 Fox Mill Woods - 146.0 Dominion Hills
Donaldson Run,Week1,Lakevale Estates,Week5,207.0 Donaldson Run - 195.0 Lakevale Estates
Daventry,Week4,Rutherford,Week1,231.0 Rutherford - 170.0 Daventry
Donaldson Run,Week5,Brandywine,Week3,278.0 Donaldson Run - 124.0 Brandywine
Donaldson Run,Week3,Brandywine,Week5,232.0 Donaldson Run - 170.0 Brandywine
Donaldson Run,Week4,Lakevale Estates,Week1,236.0 Donaldson Run - 166.0 Lakevale Estates
Dominion Hills,Week4,Fox Mill Woods,Week2,250.0 Fox Mill Woods - 152.0 Dominion Hills
Dominion Hills,Week1,Camelot,Week2,203.0 Dominion Hills - 199.0 Camelot
Dominion Hills,Week3,Camelot,Week4,220.0 Dominion Hills - 182.0 Camelot
Dominion Hills,Week1,Camelot,Week3,222.0 Dominion Hills - 180.0 Camelot
Donaldson Run,Week5,Lakevale Estates,Week4,235.0 Donaldson Run - 167.0 Lakevale Estates
Dominion Hills,Week4,Burke Station,Week5,274.0 Dominion Hills - 123.0 Burke Station
Dominion Hills,Week1,Fox Mill Woods,Week2,277.0 Fox Mill Woods - 125.0 Dominion Hills
Donaldson Run,Week1,Bren Mar-Edsall Park,Week3,382.0 Donaldson Run - 20.0 Bren Mar-Edsall Park
Donaldson Run,Week3,Lakevale Estates,Week2,240.0 Donaldson Run - 162.0 Lakevale Estates
Dominion Hills,Week2,Hunt Valley,Week3,291.0 Hunt Valley - 111.0 Dominion Hills
Dominion Hills,Week5,Fox Mill Woods,Week1,240.0 Fox Mill Woods - 162.0 Dominion Hills
Donaldson Run,Week5,Lakevale Estates,Week5,228.0 Donaldson Run - 174.0 Lakevale Estates
Donaldson Run,Week2,Bren Mar-Edsall Park,Week3,378.5 Donaldson Run - 23.5 Bren Mar-Edsall Park
Dominion Hills,Week2,Fox Mill Woods,Week1,273.0 Fox Mill Woods - 129.0 Dominion Hills
Donaldson Run,Week5,Lakevale Estates,Week1,254.0 Donaldson Run - 148.0 Lakevale Estates
Donaldson Run,Week4,Bren Mar-Edsall Park,Week2,382.0 Donaldson Run - 20.0 Bren Mar-Edsall Park
Dominion Hills,Week1,Camelot,Week1,220.0 Dominion Hills - 182.0 Camelot
Dominion Hills,Week5,Fox Mill Estates,Week5,256.0 Dominion Hills - 146.0 Fox Mill Estates
Dominion Hills,Week4,Fox Mill Woods,Week5,257.0 Fox Mill Woods - 145.0 Dominion Hills
Dominion Hills,Week5,Fox Mill Estates,Week4,242.0 Dominion Hills - 160.0 Fox Mill Estates
Daventry,Week2,Rutherford,Week4,248.0 Rutherford - 152.0 Daventry
Donaldson Run,Week3,Bren Mar-Edsall Park,Week1,386.0 Donaldson Run - 16.0 Bren Mar-Edsall Park
Dominion Hills,Week5,Camelot,Week2,236.0 Dominion Hills - 166.0 Camelot
Donaldson Run,Week1,Lakevale Estates,Week4,214.0 Lakevale Estates - 188.0 Donaldson Run
Dominion Hills,Week1,Hunter Mill,Week1,262.0 Hunter Mill - 140.0 Dominion Hills
Donaldson Run,Week3,Bren Mar-Edsall Park,Week4,379.0 Donaldson Run - 23.0 Bren Mar-Edsall Park
Donaldson Run,Week4,Lakevale Estates,Week3,220.0 Donaldson Run - 182.0 Lakevale Estates
Dominion Hills,Week5,Fox Mill Woods,Week3,230.0 Fox Mill Woods - 172.0 Dominion Hills
Donaldson Run,Week4,Lakevale Estates,Week4,203.0 Lakevale Estates - 199.0 Donaldson Run
Dominion Hills,Week1,Camelot,Week5,211.0 Dominion Hills - 191.0 Camelot
Dominion Hills,Week3,Hunt Valley,Week5,307.0 Hunt Valley - 95.0 Dominion Hills
Dominion Hills,Week2,Hunter Mill,Week5,275.0 Hunter Mill - 127.0 Dominion Hills
Donaldson Run,Week4,Bren Mar-Edsall Park,Week1,386.0 Donaldson Run - 16.0 Bren Mar-Edsall Park
Dominion Hills,Week2,Hunt Valley,Week2,264.0 Hunt Valley - 138.0 Dominion Hills
Donaldson Run,Week5,Lakevale Estates,Week3,242.0 Donaldson Run - 160.0 Lakevale Estates
Daventry,Week3,Rutherford,Week1,222.0 Rutherford - 178.0 Daventry
Dominion Hills,Week2,Camelot,Week5,217.5 Dominion Hills - 184.5 Camelot
Dominion Hills,Week2,Hunt Valley,Week4,270.0 Hunt Valley - 132.0 Dominion Hills
Dominion Hills,Week4,Camelot,Week3,245.0 Dominion Hills - 157.0 Camelot
Donaldson Run,Week3,Bren Mar-Edsall Park,Week5,376.0 Donaldson Run - 26.0 Bren Mar-Edsall Park
Donaldson Run,Week3,Bren Mar-Edsall Park,Week3,379.0 Donaldson Run - 23.0 Bren Mar-Edsall Park
Dominion Hills,Week5,Camelot,Week1,249.0 Dominion Hills - 153.0 Camelot
Dominion Hills,Week3,Fox Mill Woods,Week4,278.0 Fox Mill Woods - 124.0 Dominion Hills
Dominion Hills,Week5,Hunt Valley,Week3,243.0 Hunt Valley - 159.0 Dominion Hills
Donaldson Run,Week2,Lakevale Estates,Week2,225.0 Donaldson Run - 177.0 Lakevale Estates
Dominion Hills,Week5,Hunt Valley,Week4,248.0 Hunt Valley - 154.0 Dominion Hills
Dominion Hills,Week1,Great Falls,Week5,215.0 Great Falls - 187.0 Dominion Hills
Donaldson Run,Week4,Bren Mar-Edsall Park,Week5,375.0 Donaldson Run - 27.0 Bren Mar-Edsall Park
Dominion Hills,Week2,Camelot,Week3,225.0 Dominion Hills - 177.0 Camelot
Donaldson Run,Week4,Brookfield ,Week1,293.0 Donaldson Run - 109.0 Brookfield
Dominion Hills,Week5,Burke Station,Week4,315.0 Dominion Hills - 87.0 Burke Station
Donaldson Run,Week5,Bren Mar-Edsall Park,Week2,384.5 Donaldson Run - 17.5 Bren Mar-Edsall Park
Dominion Hills,Week5,Burke Station,Week2,314.0 Dominion Hills - 87.0 Burke Station
Dominion Hills,Week2,Fox Mill Woods,Week2,264.0 Fox Mill Woods - 138.0 Dominion Hills
Dominion Hills,Week4,Hunt Valley,Week4,251.0 Hunt Valley - 151.0 Dominion Hills
Dominion Hills,Week2,Hunt Valley,Week5,300.0 Hunt Valley - 102.0 Dominion Hills
Dominion Hills,Week3,Hunt Valley,Week4,288.0 Hunt Valley - 114.0 Dominion Hills
Donaldson Run,Week2,Lakeview,Week1,356.0 Donaldson Run - 46.0 Lakeview
Dominion Hills,Week2,Fox Mill Woods,Week4,279.0 Fox Mill Woods - 123.0 Dominion Hills
Dominion Hills,Week5,Fox Mill Woods,Week2,231.0 Fox Mill Woods - 171.0 Dominion Hills
Dominion Hills,Week4,Hunt Valley,Week5,284.0 Hunt Valley - 118.0 Dominion Hills
Dominion Hills,Week1,Fox Mill Woods,Week5,282.0 Fox Mill Woods - 120.0 Dominion Hills
Dominion Hills,Week3,Hunt Valley,Week2,278.0 Hunt Valley - 124.0 Dominion Hills
Dominion Hills,Week2,Hunter Mill,Week4,254.0 Hunter Mill - 148.0 Dominion Hills
Dominion Hills,Week4,Hunt Valley,Week3,267.0 Hunt Valley - 135.0 Dominion Hills
Dominion Hills,Week1,Camelot,Week4,227.0 Dominion Hills - 175.0 Camelot
Dominion Hills,Week1,Greenbriar,Week1,213.0 Greenbriar - 189.0 Dominion Hills
Donaldson Run,Week3,Lakeview,Week5,339.0 Donaldson Run - 54.0 Lakeview
Donaldson Run,Week1,Lakeview,Week2,353.0 Donaldson Run - 49.0 Lakeview
Donaldson Run,Week3,Lakeview,Week1,363.0 Donaldson Run - 39.0 Lakeview
Dominion Hills,Week2,Camelot,Week1,225.0 Dominion Hills - 177.0 Camelot
Donaldson Run,Week1,Lakeview,Week4,337.0 Donaldson Run - 65.0 Lakeview
Donaldson Run,Week2,Lakeview,Week2,356.0 Donaldson Run - 46.0 Lakeview
Dominion Hills,Week4,Burke Station,Week2,312.0 Dominion Hills - 89.0 Burke Station
Donaldson Run,Week2,Brookfield ,Week2,286.0 Donaldson Run - 116.0 Brookfield
Dominion Hills,Week2,Great Falls,Week2,214.0 Dominion Hills - 170.0 Great Falls
Donaldson Run,Week1,Brookfield ,Week1,278.0 Donaldson Run - 124.0 Brookfield
Donaldson Run,Week4,Bren Mar-Edsall Park,Week3,380.0 Donaldson Run - 22.0 Bren Mar-Edsall Park
Dominion Hills,Week5,Burke Station,Week1,265.0 Dominion Hills - 113.0 Burke Station
Dominion Hills,Week2,Greenbriar,Week1,217.0 Greenbriar - 185.0 Dominion Hills
Dominion Hills,Week3,Camelot,Week2,212.0 Dominion Hills - 190.0 Camelot
Donaldson Run,Week5,Brookfield ,Week5,313.5 Donaldson Run - 83.5 Brookfield
Dominion Hills,Week1,Great Falls,Week4,206.0 Great Falls - 196.0 Dominion Hills
Donaldson Run,Week4,Lakeview,Week4,339.0 Donaldson Run - 63.0 Lakeview
Dominion Hills,Week5,Burke Station,Week5,285.0 Dominion Hills - 117.0 Burke Station
Donaldson Run,Week3,Lakeview,Week2,366.0 Donaldson Run - 36.0 Lakeview
Donaldson Run,Week1,Langley,Week1,219.0 Donaldson Run - 183.0 Langley
Donaldson Run,Week5,Bren Mar-Edsall Park,Week3,385.0 Donaldson Run - 17.0 Bren Mar-Edsall Park
Donaldson Run,Week3,Brookfield ,Week5,292.0 Donaldson Run - 110.0 Brookfield
Dominion Hills,Week4,Great Falls,Week2,220.0 Dominion Hills - 164.0 Great Falls
Donaldson Run,Week4,Lakeview,Week1,360.0 Donaldson Run - 42.0 Lakeview
Donaldson Run,Week2,Brookfield ,Week4,286.0 Donaldson Run - 116.0 Brookfield
Dominion Hills,Week2,Camelot,Week2,211.0 Dominion Hills - 191.0 Camelot
Dominion Hills,Week3,Hunt Valley,Week1,274.0 Hunt Valley - 128.0 Dominion Hills
Dominion Hills,Week5,Hunt Valley,Week5,262.0 Hunt Valley - 140.0 Dominion Hills
Dominion Hills,Week3,Hunt Valley,Week3,299.0 Hunt Valley - 103.0 Dominion Hills
Dominion Hills,Week2,Camelot,Week4,221.5 Dominion Hills - 180.5 Camelot
Dominion Hills,Week5,Hunt Valley,Week1,212.0 Hunt Valley - 190.0 Dominion Hills
Dominion Hills,Week4,Hunt Valley,Week1,239.0 Hunt Valley - 163.0 Dominion Hills
Dominion Hills,Week5,Burke Station,Week3,297.0 Dominion Hills - 98.0 Burke Station
Donaldson Run,Week2,Lakeview,Week5,333.0 Donaldson Run - 60.0 Lakeview
Donaldson Run,Week1,Broyhill Crest,Week2,386.0 Donaldson Run - 16.0 Broyhill Crest
Dominion Hills,Week1,Great Falls,Week1,216.0 Dominion Hills - 186.0 Great Falls
Donaldson Run,Week2,Brookfield ,Week3,304.0 Donaldson Run - 98.0 Brookfield
Dominion Hills,Week1,Ilda Community,Week3,276.0 Dominion Hills - 126.0 Ilda Community
Donaldson Run,Week5,Bren Mar-Edsall Park,Week4,386.0 Donaldson Run - 16.0 Bren Mar-Edsall Park
Donaldson Run,Week3,Lakeview,Week4,348.0 Donaldson Run - 54.0 Lakeview
Donaldson Run,Week1,Langley,Week4,217.0 Donaldson Run - 185.0 Langley
Dominion Hills,Week1,Hunter Mill,Week2,256.0 Hunter Mill - 146.0 Dominion Hills
Dominion Hills,Week2,Hunter Mill,Week3,259.0 Hunter Mill - 143.0 Dominion Hills
Dominion Hills,Week5,Hunter Mill,Week1,221.0 Hunter Mill - 181.0 Dominion Hills
Dominion Hills,Week3,Camelot,Week1,229.0 Dominion Hills - 173.0 Camelot
Dominion Hills,Week1,Hunter Mill,Week3,267.0 Hunter Mill - 135.0 Dominion Hills
Dominion Hills,Week4,Camelot,Week2,224.0 Dominion Hills - 178.0 Camelot
Donaldson Run,Week5,Lakeview,Week2,372.0 Donaldson Run - 30.0 Lakeview
Donaldson Run,Week5,Lakeview,Week3,354.0 Donaldson Run - 48.0 Lakeview
Dominion Hills,Week1,Hunter Mill,Week5,286.0 Hunter Mill - 116.0 Dominion Hills
Donaldson Run,Week2,Langley,Week1,222.0 Donaldson Run - 180.0 Langley
Dominion Hills,Week4,Burke Station,Week4,299.0 Dominion Hills - 103.0 Burke Station
Dominion Hills,Week2,Great Falls,Week4,214.0 Dominion Hills - 188.0 Great Falls
Dominion Hills,Week4,Great Falls,Week1,253.0 Dominion Hills - 149.0 Great Falls
Dominion Hills,Week3,Camelot,Week3,222.0 Dominion Hills - 180.0 Camelot
Donaldson Run,Week1,Brookfield ,Week5,283.0 Donaldson Run - 119.0 Brookfield
Donaldson Run,Week5,Bren Mar-Edsall Park,Week1,389.0 Donaldson Run - 13.0 Bren Mar-Edsall Park
Dominion Hills,Week4,Camelot,Week5,245.0 Dominion Hills - 157.0 Camelot
Dominion Hills,Week4,Camelot,Week1,234.0 Dominion Hills - 168.0 Camelot
Donaldson Run,Week1,Brookfield ,Week2,294.0 Donaldson Run - 108.0 Brookfield
Donaldson Run,Week1,Langley,Week3,210.5 Donaldson Run - 191.5 Langley
Donaldson Run,Week3,Brookfield ,Week4,292.0 Donaldson Run - 110.0 Brookfield
Donaldson Run,Week2,Lakeview,Week4,340.0 Donaldson Run - 62.0 Lakeview
Dominion Hills,Week4,Great Falls,Week3,230.0 Dominion Hills - 172.0 Great Falls
Donaldson Run,Week1,Langley,Week2,225.0 Donaldson Run - 177.0 Langley
Dominion Hills,Week3,Great Falls,Week3,206.0 Great Falls - 196.0 Dominion Hills
Dominion Hills,Week2,Great Falls,Week5,203.0 Great Falls - 199.0 Dominion Hills
Donaldson Run,Week3,Brookfield ,Week3,313.0 Donaldson Run - 89.0 Brookfield
Dominion Hills,Week5,Camelot,Week3,249.0 Dominion Hills - 153.0 Camelot
Dominion Hills,Week1,Great Falls,Week3,226.0 Great Falls - 176.0 Dominion Hills
Donaldson Run,Week5,Brookfield ,Week4,317.0 Donaldson Run - 85.0 Brookfield
Dominion Hills,Week2,Hunt Valley,Week1,264.0 Hunt Valley - 138.0 Dominion Hills
Donaldson Run,Week4,Bren Mar-Edsall Park,Week4,381.0 Donaldson Run - 21.0 Bren Mar-Edsall Park
Dominion Hills,Week3,Camelot,Week5,205.0 Camelot - 197.0 Dominion Hills
Dominion Hills,Week2,Hunter Mill,Week2,223.0 Hunter Mill - 179.0 Dominion Hills
Dominion Hills,Week1,Great Falls,Week2,200.0 Dominion Hills - 184.0 Great Falls
Dominion Hills,Week3,Great Falls,Week4,213.0 Dominion Hills - 189.0 Great Falls
Dominion Hills,Week4,Great Falls,Week5,217.5 Dominion Hills - 184.5 Great Falls
Dominion Hills,Week4,Ilda Community,Week1,290.0 Dominion Hills - 108.0 Ilda Community
Donaldson Run,Week4,Lakeview,Week2,368.0 Donaldson Run - 34.0 Lakeview
Donaldson Run,Week5,Lakeview,Week1,371.0 Donaldson Run - 31.0 Lakeview
Dominion Hills,Week4,Great Falls,Week4,243.0 Dominion Hills - 159.0 Great Falls
Donaldson Run,Week5,Lakeview,Week5,357.0 Donaldson Run - 36.0 Lakeview
Dominion Hills,Week3,Hunter Mill,Week5,281.0 Hunter Mill - 121.0 Dominion Hills
Dominion Hills,Week3,Hunter Mill,Week1,251.0 Hunter Mill - 151.0 Dominion Hills
Daventry,Week4,Woodley,Week2,236.0 Woodley - 165.0 Daventry
Dominion Hills,Week4,Hunter Mill,Week1,228.0 Hunter Mill - 174.0 Dominion Hills
Donaldson Run,Week4,Brookfield ,Week4,290.5 Donaldson Run - 111.5 Brookfield
Dominion Hills,Week5,Camelot,Week4,256.0 Dominion Hills - 146.0 Camelot
Dominion Hills,Week5,Great Falls,Week1,260.0 Dominion Hills - 142.0 Great Falls
Donaldson Run,Week1,Brookfield ,Week3,302.0 Donaldson Run - 100.0 Brookfield
Dominion Hills,Week5,Hunter Mill,Week3,223.0 Hunter Mill - 179.0 Dominion Hills
Dominion Hills,Week2,Annandale,Week3,275.0 Dominion Hills - 127.0 Annandale
Dominion Hills,Week2,Great Falls,Week1,231.0 Dominion Hills - 171.0 Great Falls
Dominion Hills,Week3,Hunter Mill,Week3,257.0 Hunter Mill - 145.0 Dominion Hills
Dominion Hills,Week2,Ilda Community,Week4,271.0 Dominion Hills - 131.0 Ilda Community
Dominion Hills,Week3,Annandale,Week5,272.0 Dominion Hills - 130.0 Annandale
Donaldson Run,Week4,Lakeview,Week3,347.0 Donaldson Run - 55.0 Lakeview
Donaldson Run,Week2,Brookfield ,Week1,281.0 Donaldson Run - 121.0 Brookfield
Dominion Hills,Week3,Great Falls,Week1,227.0 Dominion Hills - 175.0 Great Falls
Donaldson Run,Week5,Bren Mar-Edsall Park,Week5,381.0 Donaldson Run - 16.0 Bren Mar-Edsall Park
Donaldson Run,Week1,Brookfield ,Week4,279.0 Donaldson Run - 123.0 Brookfield
Donaldson Run,Week5,Lakeview,Week4,357.0 Donaldson Run - 45.0 Lakeview
Dominion Hills,Week5,Great Falls,Week3,218.0 Dominion Hills - 184.0 Great Falls
Dominion Hills,Week2,Annandale,Week1,282.0 Dominion Hills - 120.0 Annandale
Daventry,Week5,Woodley,Week4,207.0 Woodley - 195.0 Daventry
Dominion Hills,Week3,Great Falls,Week5,207.0 Great Falls - 195.0 Dominion Hills
Donaldson Run,Week4,Lakeview,Week5,338.0 Donaldson Run - 55.0 Lakeview
Dominion Hills,Week3,Annandale,Week3,266.0 Dominion Hills - 136.0 Annandale
Dominion Hills,Week5,Great Falls,Week2,235.0 Dominion Hills - 149.0 Great Falls
Donaldson Run,Week3,Lakeview,Week3,349.0 Donaldson Run - 53.0 Lakeview
Donaldson Run,Week4,Brookfield ,Week2,300.0 Donaldson Run - 102.0 Brookfield
Donaldson Run,Week4,Brookfield ,Week3,303.0 Donaldson Run - 99.0 Brookfield
Dominion Hills,Week3,Ilda Community,Week2,279.0 Dominion Hills - 123.0 Ilda Community
Dominion Hills,Week5,Great Falls,Week5,220.0 Dominion Hills - 182.0 Great Falls
Dominion Hills,Week4,Hunter Mill,Week2,227.0 Hunter Mill - 174.0 Dominion Hills
Dominion Hills,Week1,Greenbriar,Week2,235.0 Greenbriar - 167.0 Dominion Hills
Daventry,Week3,Woodley,Week4,244.0 Woodley - 158.0 Daventry
Daventry,Week5,Woodley,Week5,202.0 Daventry - 199.0 Woodley
Daventry,Week3,Woodley,Week5,232.0 Woodley - 168.0 Daventry
Donaldson Run,Week5,Brookfield ,Week1,308.0 Donaldson Run - 94.0 Brookfield
Donaldson Run,Week4,Brookfield ,Week5,286.0 Donaldson Run - 116.0 Brookfield
Dominion Hills,Week4,Annandale,Week2,293.0 Dominion Hills - 109.0 Annandale
Daventry,Week4,Woodley,Week1,219.0 Woodley - 183.0 Daventry
Daventry,Week2,Woodley,Week5,221.0 Woodley - 177.0 Daventry
Dominion Hills,Week3,Great Falls,Week2,205.0 Dominion Hills - 179.0 Great Falls
Dominion Hills,Week1,Ilda Community,Week1,277.0 Dominion Hills - 125.0 Ilda Community
Dominion Hills,Week2,Great Falls,Week3,208.0 Great Falls - 194.0 Dominion Hills
Dominion Hills,Week3,Ilda Community,Week3,291.0 Dominion Hills - 111.0 Ilda Community
Dominion Hills,Week5,Great Falls,Week4,249.0 Dominion Hills - 152.0 Great Falls
Donaldson Run,Week2,Brookfield ,Week5,281.0 Donaldson Run - 121.0 Brookfield
Donaldson Run,Week3,Brookfield ,Week1,285.0 Donaldson Run - 117.0 Brookfield
Donaldson Run,Week3,Brookfield ,Week2,297.0 Donaldson Run - 105.0 Brookfield
Dominion Hills,Week3,Hunter Mill,Week2,243.5 Hunter Mill - 158.5 Dominion Hills
Donaldson Run,Week1,Langley,Week5,217.0 Donaldson Run - 185.0 Langley
Dominion Hills,Week2,Ilda Community,Week3,275.0 Dominion Hills - 127.0 Ilda Community
Dominion Hills,Week3,Fairfax,Week3,294.0 Fairfax - 108.0 Dominion Hills
Donaldson Run,Week4,Broyhill Crest,Week1,390.0 Donaldson Run - 12.0 Broyhill Crest
Daventry,Week5,Woodley,Week1,205.0 Woodley - 196.0 Daventry
Dominion Hills,Week1,Annandale,Week2,266.0 Dominion Hills - 136.0 Annandale
Donaldson Run,Week1,Burke Station,Week2,360.0 Donaldson Run - 42.0 Burke Station
Dominion Hills,Week3,Greenbriar,Week1,229.0 Greenbriar - 173.0 Dominion Hills
Dominion Hills,Week4,Hunter Mill,Week4,236.5 Hunter Mill - 164.5 Dominion Hills
Dominion Hills,Week1,Greenbriar,Week3,240.0 Greenbriar - 162.0 Dominion Hills
Dominion Hills,Week5,Fair Oaks ,Week3,204.0 Fair Oaks - 198.0 Dominion Hills
Dominion Hills,Week4,Fairfax,Week1,252.0 Fairfax - 150.0 Dominion Hills
Donaldson Run,Week3,Broyhill Crest,Week5,385.0 Donaldson Run - 17.0 Broyhill Crest
Donaldson Run,Week1,Burke Station,Week3,333.0 Donaldson Run - 64.0 Burke Station
Dominion Hills,Week3,Hunter Mill,Week4,256.0 Hunter Mill - 146.0 Dominion Hills
Dominion Hills,Week2,Greenbriar,Week5,232.0 Greenbriar - 170.0 Dominion Hills
Donaldson Run,Week5,Broyhill Crest,Week1,389.0 Donaldson Run - 8.0 Broyhill Crest
Daventry,Week5,Woodley,Week2,206.0 Woodley - 195.0 Daventry
Daventry,Week4,Woodley,Week3,232.0 Woodley - 170.0 Daventry
Dominion Hills,Week1,Annandale,Week5,251.0 Dominion Hills - 151.0 Annandale
Donaldson Run,Week5,Brookfield ,Week2,323.0 Donaldson Run - 79.0 Brookfield
Dominion Hills,Week4,Hunter Mill,Week3,238.0 Hunter Mill - 164.0 Dominion Hills
Daventry,Week4,Woodley,Week5,241.0 Woodley - 160.0 Daventry
Dominion Hills,Week5,Hunter Mill,Week5,247.0 Hunter Mill - 155.0 Dominion Hills
Dominion Hills,Week2,Ilda Community,Week2,290.0 Dominion Hills - 112.0 Ilda Community
Dominion Hills,Week1,Ilda Community,Week4,272.0 Dominion Hills - 130.0 Ilda Community
Donaldson Run,Week3,Broyhill Crest,Week2,391.0 Donaldson Run - 11.0 Broyhill Crest
Dominion Hills,Week1,Greenbriar,Week4,201.0 Dominion Hills - 201.0 Greenbriar
Dominion Hills,Week2,Kent Gardens,Week1,203.0 Dominion Hills - 199.0 Kent Gardens
Dominion Hills,Week1,Annandale,Week4,279.0 Dominion Hills - 123.0 Annandale
Donaldson Run,Week5,Broyhill Crest,Week4,385.0 Donaldson Run - 17.0 Broyhill Crest
Dominion Hills,Week2,Greenbriar,Week4,201.5 Greenbriar - 200.5 Dominion Hills
Daventry,Week5,Woodley,Week3,203.0 Woodley - 199.0 Daventry
Dominion Hills,Week1,Greenbriar,Week5,231.0 Greenbriar - 171.0 Dominion Hills
Dominion Hills,Week2,Greenbriar,Week3,232.0 Greenbriar - 170.0 Dominion Hills
Dominion Hills,Week2,Ilda Community,Week1,277.0 Dominion Hills - 125.0 Ilda Community
Dominion Hills,Week4,Hunter Mill,Week5,247.0 Hunter Mill - 155.0 Dominion Hills
Dominion Hills,Week1,Ilda Community,Week2,277.0 Dominion Hills - 125.0 Ilda Community
Donaldson Run,Week5,Brookfield ,Week3,331.0 Donaldson Run - 71.0 Brookfield
Dominion Hills,Week3,Annandale,Week1,273.0 Dominion Hills - 129.0 Annandale
Dominion Hills,Week1,Annandale,Week1,278.0 Dominion Hills - 119.0 Annandale
Donaldson Run,Week2,Broyhill Crest,Week2,384.0 Donaldson Run - 18.0 Broyhill Crest
Donaldson Run,Week1,Broyhill Crest,Week1,383.0 Donaldson Run - 19.0 Broyhill Crest
Dominion Hills,Week2,Greenbriar,Week2,239.0 Greenbriar - 163.0 Dominion Hills
Dominion Hills,Week4,Fairfax,Week2,265.0 Fairfax - 137.0 Dominion Hills
Dominion Hills,Week5,Hunter Mill,Week2,211.0 Hunter Mill - 191.0 Dominion Hills
Donaldson Run,Week5,Broyhill Crest,Week2,390.0 Donaldson Run - 12.0 Broyhill Crest
Dominion Hills,Week2,Annandale,Week2,267.0 Dominion Hills - 135.0 Annandale
Dominion Hills,Week3,Fairfax,Week5,311.0 Fairfax - 91.0 Dominion Hills
Dominion Hills,Week5,Hunter Mill,Week4,217.0 Hunter Mill - 185.0 Dominion Hills
Dominion Hills,Week3,Ilda Community,Week1,269.0 Dominion Hills - 132.0 Ilda Community
Donaldson Run,Week2,Burke Station,Week2,352.0 Donaldson Run - 50.0 Burke Station
Donaldson Run,Week1,Broyhill Crest,Week3,390.0 Donaldson Run - 12.0 Broyhill Crest
Dominion Hills,Week1,Fairfax,Week5,313.0 Fairfax - 89.0 Dominion Hills
Dominion Hills,Week1,Ilda Community,Week5,276.5 Dominion Hills - 125.5 Ilda Community
Dominion Hills,Week3,Fairfax,Week2,294.0 Fairfax - 108.0 Dominion Hills
Daventry,Week3,Woodley,Week1,231.0 Woodley - 169.0 Daventry
Donaldson Run,Week1,Burke Station,Week5,327.0 Donaldson Run - 75.0 Burke Station
Dominion Hills,Week2,Annandale,Week4,308.0 Dominion Hills - 94.0 Annandale
Dominion Hills,Week3,Ilda Community,Week4,260.0 Dominion Hills - 142.0 Ilda Community
Donaldson Run,Week2,Burke Station,Week1,309.0 Donaldson Run - 70.0 Burke Station
Dominion Hills,Week1,Annandale,Week3,258.0 Dominion Hills - 139.0 Annandale
Daventry,Week3,Woodley,Week3,246.0 Woodley - 155.0 Daventry
Dominion Hills,Week1,Fairfax,Week4,289.0 Fairfax - 113.0 Dominion Hills
Dominion Hills,Week3,Ilda Community,Week5,279.0 Dominion Hills - 122.0 Ilda Community
Donaldson Run,Week3,Broyhill Crest,Week4,387.0 Donaldson Run - 15.0 Broyhill Crest
Donaldson Run,Week4,Broyhill Crest,Week4,385.0 Donaldson Run - 17.0 Broyhill Crest
Daventry,Week3,Woodley,Week2,223.0 Woodley - 177.0 Daventry
Dominion Hills,Week1,Fairfax,Week3,287.0 Fairfax - 115.0 Dominion Hills
Dominion Hills,Week4,Ilda Community,Week3,293.0 Dominion Hills - 108.0 Ilda Community
Dominion Hills,Week2,Annandale,Week5,267.0 Dominion Hills - 135.0 Annandale
Dominion Hills,Week3,Annandale,Week2,273.0 Dominion Hills - 129.0 Annandale
Dominion Hills,Week4,Fairfax,Week3,264.5 Fairfax - 137.5 Dominion Hills
Dominion Hills,Week2,Ilda Community,Week5,282.0 Dominion Hills - 120.0 Ilda Community
Daventry,Week4,Woodley,Week4,248.0 Woodley - 154.0 Daventry
Dominion Hills,Week4,Ilda Community,Week5,298.0 Dominion Hills - 100.0 Ilda Community
Donaldson Run,Week1,Burke Station,Week4,338.0 Donaldson Run - 64.0 Burke Station
Dominion Hills,Week2,Fairfax,Week4,264.0 Fairfax - 138.0 Dominion Hills
Dominion Hills,Week2,Arlington Forest,Week4,225.0 Arlington Forest - 177.0 Dominion Hills
Dominion Hills,Week5,Ilda Community,Week2,310.0 Dominion Hills - 92.0 Ilda Community
Dominion Hills,Week4,Ilda Community,Week4,283.0 Dominion Hills - 118.0 Ilda Community
Donaldson Run,Week3,Broyhill Crest,Week1,385.0 Donaldson Run - 17.0 Broyhill Crest
Dominion Hills,Week5,Ilda Community,Week5,304.0 Dominion Hills - 97.0 Ilda Community
Dominion Hills,Week5,Fair Oaks ,Week2,243.0 Dominion Hills - 159.0 Fair Oaks
Dominion Hills,Week5,Fair Oaks ,Week5,202.0 Fair Oaks - 200.0 Dominion Hills
Dominion Hills,Week5,Ilda Community,Week3,305.0 Dominion Hills - 97.0 Ilda Community
Dominion Hills,Week1,Arlington Forest,Week5,257.0 Arlington Forest - 145.0 Dominion Hills
Dominion Hills,Week4,Fairfax,Week4,256.0 Fairfax - 146.0 Dominion Hills
Donaldson Run,Week2,Broyhill Crest,Week5,381.0 Donaldson Run - 21.0 Broyhill Crest
Donaldson Run,Week1,Broyhill Crest,Week4,383.0 Donaldson Run - 19.0 Broyhill Crest
Dominion Hills,Week4,Annandale,Week1,286.0 Dominion Hills - 116.0 Annandale
Dominion Hills,Week3,Annandale,Week4,288.0 Dominion Hills - 114.0 Annandale
Donaldson Run,Week5,Broyhill Crest,Week5,382.5 Donaldson Run - 19.5 Broyhill Crest
Dominion Hills,Week2,Fairfax,Week1,257.0 Fairfax - 145.0 Dominion Hills
Dominion Hills,Week5,Ilda Community,Week4,288.0 Dominion Hills - 114.0 Ilda Community
Dominion Hills,Week3,Arlington Forest,Week4,216.0 Arlington Forest - 186.0 Dominion Hills
Donaldson Run,Week2,Broyhill Crest,Week1,384.0 Donaldson Run - 18.0 Broyhill Crest
Dominion Hills,Week1,Fairfax,Week2,289.0 Fairfax - 113.0 Dominion Hills
Dominion Hills,Week5,Ilda Community,Week1,292.0 Dominion Hills - 109.0 Ilda Community
Donaldson Run,Week2,Broyhill Crest,Week3,385.0 Donaldson Run - 17.0 Broyhill Crest
Dominion Hills,Week3,Arlington Forest,Week2,202.0 Dominion Hills - 200.0 Arlington Forest
Dominion Hills,Week2,Fairfax,Week3,266.0 Fairfax - 136.0 Dominion Hills
Dominion Hills,Week2,Fairfax,Week5,292.0 Fairfax - 110.0 Dominion Hills
Dominion Hills,Week3,Kent Gardens,Week1,220.0 Kent Gardens - 182.0 Dominion Hills
Dominion Hills,Week4,Arlington Forest,Week2,235.0 Dominion Hills - 167.0 Arlington Forest
Donaldson Run,Week5,Broyhill Crest,Week3,386.0 Donaldson Run - 16.0 Broyhill Crest
Donaldson Run,Week3,Broyhill Crest,Week3,389.0 Donaldson Run - 13.0 Broyhill Crest
Donaldson Run,Week4,Broyhill Crest,Week5,385.0 Donaldson Run - 17.0 Broyhill Crest
Donaldson Run,Week4,Broyhill Crest,Week3,389.0 Donaldson Run - 13.0 Broyhill Crest
Dominion Hills,Week1,Kent Gardens,Week2,205.0 Kent Gardens - 197.0 Dominion Hills
Donaldson Run,Week1,Camelot,Week3,281.0 Donaldson Run - 121.0 Camelot
Dominion Hills,Week1,Kent Gardens,Week4,213.0 Kent Gardens - 189.0 Dominion Hills
Dominion Hills,Week4,Kent Gardens,Week3,243.0 Dominion Hills - 159.0 Kent Gardens
Dominion Hills,Week5,Annandale,Week3,290.0 Dominion Hills - 112.0 Annandale
Donaldson Run,Week1,Burke Station,Week1,308.0 Donaldson Run - 71.0 Burke Station
Dominion Hills,Week5,Fair Oaks ,Week4,222.0 Dominion Hills - 180.0 Fair Oaks
Dominion Hills,Week4,Annandale,Week5,281.0 Dominion Hills - 121.0 Annandale
Dominion Hills,Week1,Arlington Forest,Week1,219.5 Arlington Forest - 177.5 Dominion Hills
Dominion Hills,Week1,Kent Gardens,Week1,211.0 Kent Gardens - 191.0 Dominion Hills
Dominion Hills,Week3,Fairfax,Week1,283.0 Fairfax - 119.0 Dominion Hills
Dominion Hills,Week2,Arlington Forest,Week1,202.0 Dominion Hills - 200.0 Arlington Forest
Dominion Hills,Week2,Kent Gardens,Week2,213.0 Dominion Hills - 189.0 Kent Gardens
Dominion Hills,Week1,Kent Gardens,Week5,256.0 Kent Gardens - 146.0 Dominion Hills
Donaldson Run,Week2,Broyhill Crest,Week4,385.0 Donaldson Run - 17.0 Broyhill Crest
Dominion Hills,Week5,Arlington Forest,Week2,238.0 Dominion Hills - 164.0 Arlington Forest
Dominion Hills,Week4,Arlington Forest,Week4,221.0 Dominion Hills - 181.0 Arlington Forest
Donaldson Run,Week4,Broyhill Crest,Week2,387.0 Donaldson Run - 15.0 Broyhill Crest
Dominion Hills,Week5,Arlington Forest,Week1,232.0 Dominion Hills - 170.0 Arlington Forest
Dominion Hills,Week2,Fairfax,Week2,274.0 Fairfax - 128.0 Dominion Hills
Dominion Hills,Week1,Arlington Forest,Week2,202.0 Dominion Hills - 200.0 Arlington Forest
Dominion Hills,Week1,Fairfax,Week1,270.0 Fairfax - 132.0 Dominion Hills
Dominion Hills,Week3,Kent Gardens,Week3,210.0 Dominion Hills - 192.0 Kent Gardens
Dominion Hills,Week3,Kent Gardens,Week4,206.0 Dominion Hills - 196.0 Kent Gardens
Donaldson Run,Week2,Burke Station,Week3,329.0 Donaldson Run - 68.0 Burke Station
Dominion Hills,Week3,Fairfax,Week4,290.0 Fairfax - 112.0 Dominion Hills
Dominion Hills,Week4,Ilda Community,Week2,305.0 Dominion Hills - 96.0 Ilda Community
Dominion Hills,Week2,Arlington Forest,Week2,223.0 Dominion Hills - 179.0 Arlington Forest
Dominion Hills,Week2,Kent Gardens,Week3,222.5 Dominion Hills - 179.5 Kent Gardens
Dominion Hills,Week1,Kent Gardens,Week3,202.0 Kent Gardens - 200.0 Dominion Hills
Donaldson Run,Week1,Broyhill Crest,Week5,378.0 Donaldson Run - 24.0 Broyhill Crest
Dominion Hills,Week4,Arlington Forest,Week5,202.0 Dominion Hills - 200.0 Arlington Forest
Donaldson Run,Week4,Burke Station,Week5,328.0 Donaldson Run - 74.0 Burke Station
Donaldson Run,Week1,Camelot,Week4,287.0 Donaldson Run - 115.0 Camelot
Dominion Hills,Week5,Arlington Forest,Week3,251.0 Dominion Hills - 151.0 Arlington Forest
Dominion Hills,Week2,Arlington Forest,Week5,238.0 Arlington Forest - 164.0 Dominion Hills
Dominion Hills,Week1,Arlington Forest,Week3,219.0 Dominion Hills - 183.0 Arlington Forest
Dominion Hills,Week2,Arlington Forest,Week3,231.0 Dominion Hills - 171.0 Arlington Forest
Donaldson Run,Week2,Camelot,Week3,278.0 Donaldson Run - 124.0 Camelot
Dominion Hills,Week3,Kent Gardens,Week5,240.0 Kent Gardens - 162.0 Dominion Hills
Dominion Hills,Week3,Kent Gardens,Week2,204.5 Dominion Hills - 197.5 Kent Gardens
Dominion Hills,Week5,Kent Gardens,Week2,248.0 Dominion Hills - 154.0 Kent Gardens
Donaldson Run,Week3,Burke Station,Week5,322.0 Donaldson Run - 80.0 Burke Station
Dominion Hills,Week5,Annandale,Week2,298.0 Dominion Hills - 104.0 Annandale
Dominion Hills,Week5,Kent Gardens,Week3,248.0 Dominion Hills - 154.0 Kent Gardens
Donaldson Run,Week4,Burke Station,Week1,311.0 Donaldson Run - 68.0 Burke Station
Donaldson Run,Week5,Burke Station,Week1,319.0 Donaldson Run - 60.0 Burke Station
Dominion Hills,Week4,Annandale,Week4,312.0 Dominion Hills - 90.0 Annandale
Dominion Hills,Week4,Kent Gardens,Week5,207.0 Kent Gardens - 195.0 Dominion Hills
Donaldson Run,Week2,Camelot,Week5,277.0 Donaldson Run - 125.0 Camelot
Dominion Hills,Week2,Kent Gardens,Week4,203.0 Kent Gardens - 199.0 Dominion Hills
Dominion Hills,Week3,Arlington Forest,Week1,210.0 Arlington Forest - 192.0 Dominion Hills
Dominion Hills,Week2,Kent Gardens,Week5,240.0 Kent Gardens - 162.0 Dominion Hills
Donaldson Run,Week1,Camelot,Week5,285.0 Donaldson Run - 117.0 Camelot
Dominion Hills,Week1,Arlington Forest,Week4,247.0 Arlington Forest - 155.0 Dominion Hills
Donaldson Run,Week3,Camelot,Week3,284.0 Donaldson Run - 118.0 Camelot
Donaldson Run,Week5,Burke Station,Week2,364.0 Donaldson Run - 38.0 Burke Station
Dominion Hills,Week4,Annandale,Week3,285.0 Dominion Hills - 117.0 Annandale
Dominion Hills,Week5,Kent Gardens,Week4,237.0 Dominion Hills - 165.0 Kent Gardens
Donaldson Run,Week4,Camelot,Week1,290.5 Donaldson Run - 111.5 Camelot
Dominion Hills,Week5,Kent Gardens,Week1,223.0 Dominion Hills - 179.0 Kent Gardens
Dominion Hills,Week4,Kent Gardens,Week2,233.0 Dominion Hills - 169.0 Kent Gardens
Donaldson Run,Week4,Burke Station,Week3,323.0 Donaldson Run - 74.0 Burke Station
Dominion Hills,Week4,Kent Gardens,Week1,231.0 Dominion Hills - 171.0 Kent Gardens
Donaldson Run,Week5,Camelot,Week3,291.0 Donaldson Run - 111.0 Camelot
Dominion Hills,Week5,Annandale,Week5,286.0 Dominion Hills - 116.0 Annandale
Dominion Hills,Week5,Annandale,Week4,303.0 Dominion Hills - 99.0 Annandale
Donaldson Run,Week5,Burke Station,Week3,338.0 Donaldson Run - 59.0 Burke Station
Dominion Hills,Week5,Annandale,Week1,301.0 Dominion Hills - 101.0 Annandale
Donaldson Run,Week2,Burke Station,Week5,323.0 Donaldson Run - 79.0 Burke Station
Donaldson Run,Week2,Burke Station,Week4,336.0 Donaldson Run - 66.0 Burke Station
Dominion Hills,Week3,Kings Ridge ,Week2,273.0 Dominion Hills - 129.0 Kings Ridge
Dominion Hills,Week3,Brandywine,Week3,217.0 Brandywine - 185.0 Dominion Hills
Dominion Hills,Week3,Kings Ridge ,Week5,244.0 Dominion Hills - 158.0 Kings Ridge
Dominion Hills,Week3,Brandywine,Week2,210.0 Brandywine - 192.0 Dominion Hills
Dominion Hills,Week4,Arlington Forest,Week1,228.0 Dominion Hills - 174.0 Arlington Forest
Dominion Hills,Week4,Kent Gardens,Week4,233.0 Dominion Hills - 169.0 Kent Gardens
Donaldson Run,Week3,Burke Station,Week3,322.0 Donaldson Run - 75.0 Burke Station
Dominion Hills,Week3,Arlington Forest,Week3,226.0 Dominion Hills - 176.0 Arlington Forest
Dominion Hills,Week2,Kings Ridge ,Week3,276.0 Dominion Hills - 126.0 Kings Ridge
Dominion Hills,Week4,Arlington Forest,Week3,247.0 Dominion Hills - 155.0 Arlington Forest
Dominion Hills,Week1,Kings Ridge ,Week1,277.0 Dominion Hills - 125.0 Kings Ridge
Dominion Hills,Week2,Brandywine,Week1,210.0 Dominion Hills - 192.0 Brandywine
Donaldson Run,Week1,Camelot,Week1,281.0 Donaldson Run - 121.0 Camelot
Dominion Hills,Week1,Kings Ridge ,Week3,251.0 Dominion Hills - 151.0 Kings Ridge
Donaldson Run,Week5,Burke Station,Week4,355.0 Donaldson Run - 47.0 Burke Station
Dominion Hills,Week3,Arlington Forest,Week5,235.0 Arlington Forest - 167.0 Dominion Hills
Donaldson Run,Week4,Burke Station,Week4,347.0 Donaldson Run - 55.0 Burke Station
Donaldson Run,Week5,Burke Station,Week5,337.5 Donaldson Run - 64.5 Burke Station
Donaldson Run,Week3,Burke Station,Week4,335.0 Donaldson Run - 67.0 Burke Station
Dominion Hills,Week1,Kings Ridge ,Week5,244.0 Dominion Hills - 158.0 Kings Ridge
Dominion Hills,Week1,Brandywine,Week4,228.0 Brandywine - 174.0 Dominion Hills
Dominion Hills,Week5,Kent Gardens,Week5,203.0 Kent Gardens - 199.0 Dominion Hills
Dominion Hills,Week2,Lake Braddock,Week3,315.0 Dominion Hills - 87.0 Lake Braddock
Dominion Hills,Week1,Lake Braddock,Week4,298.0 Dominion Hills - 104.0 Lake Braddock
Dominion Hills,Week2,Brandywine,Week5,229.0 Brandywine - 173.0 Dominion Hills
Dominion Hills,Week4,Brandywine,Week4,204.5 Dominion Hills - 197.5 Brandywine
Dominion Hills,Week2,Kings Ridge ,Week5,259.0 Dominion Hills - 143.0 Kings Ridge
Donaldson Run,Week2,Camelot,Week4,288.0 Donaldson Run - 114.0 Camelot
Dominion Hills,Week4,Brandywine,Week1,231.0 Dominion Hills - 171.0 Brandywine
Dominion Hills,Week2,Brandywine,Week4,213.0 Brandywine - 189.0 Dominion Hills
Daventry,Week5,Sleepy Hollow B & R,Week5,321.0 Sleepy Hollow B & R - 81.0 Daventry
Dominion Hills,Week2,Kings Ridge ,Week4,259.0 Dominion Hills - 143.0 Kings Ridge
Dominion Hills,Week4,Brandywine,Week3,212.0 Dominion Hills - 185.0 Brandywine
Dominion Hills,Week4,Kings Ridge ,Week3,286.0 Dominion Hills - 112.0 Kings Ridge
Donaldson Run,Week3,Camelot,Week2,267.0 Donaldson Run - 135.0 Camelot
Dominion Hills,Week3,Brandywine,Week4,227.0 Brandywine - 175.0 Dominion Hills
Donaldson Run,Week1,Camelot,Week2,268.0 Donaldson Run - 134.0 Camelot
Donaldson Run,Week2,Camelot,Week1,292.0 Donaldson Run - 110.0 Camelot
Dominion Hills,Week4,Brandywine,Week2,227.0 Dominion Hills - 175.0 Brandywine
Dominion Hills,Week2,Lake Braddock,Week5,291.0 Dominion Hills - 111.0 Lake Braddock
Dominion Hills,Week2,Brandywine,Week3,208.0 Brandywine - 194.0 Dominion Hills
Dominion Hills,Week5,Arlington Forest,Week5,204.0 Dominion Hills - 198.0 Arlington Forest
Dominion Hills,Week2,Lake Braddock,Week2,319.0 Dominion Hills - 83.0 Lake Braddock
Donaldson Run,Week4,Camelot,Week2,266.0 Donaldson Run - 136.0 Camelot
Donaldson Run,Week2,Camelot,Week2,270.0 Donaldson Run - 132.0 Camelot
Dominion Hills,Week3,Brandywine,Week5,235.0 Brandywine - 167.0 Dominion Hills
Dominion Hills,Week5,Arlington Forest,Week4,232.0 Dominion Hills - 170.0 Arlington Forest
Dominion Hills,Week3,Kings Ridge ,Week3,264.0 Dominion Hills - 137.0 Kings Ridge
Donaldson Run,Week3,Burke Station,Week2,349.0 Donaldson Run - 53.0 Burke Station
Dominion Hills,Week2,Kings Ridge ,Week2,287.0 Dominion Hills - 115.0 Kings Ridge
Donaldson Run,Week3,Camelot,Week5,281.0 Donaldson Run - 121.0 Camelot
Daventry,Week5,Sleepy Hollow B & R,Week4,316.0 Sleepy Hollow B & R - 86.0 Daventry
Dominion Hills,Week5,Kings Ridge ,Week3,305.0 Dominion Hills - 96.0 Kings Ridge
Dominion Hills,Week1,Lake Braddock,Week1,309.0 Dominion Hills - 93.0 Lake Braddock
Donaldson Run,Week3,Camelot,Week4,297.0 Donaldson Run - 105.0 Camelot
Dominion Hills,Week3,Kings Ridge ,Week1,265.0 Dominion Hills - 137.0 Kings Ridge
Dominion Hills,Week1,Brandywine,Week1,208.5 Dominion Hills - 193.5 Brandywine
Donaldson Run,Week3,Burke Station,Week1,309.0 Donaldson Run - 70.0 Burke Station
Dominion Hills,Week5,Brandywine,Week1,236.0 Dominion Hills - 166.0 Brandywine
Donaldson Run,Week4,Camelot,Week4,281.0 Donaldson Run - 121.0 Camelot
Dominion Hills,Week4,Kings Ridge ,Week4,270.0 Dominion Hills - 132.0 Kings Ridge
Donaldson Run,Week3,Camelot,Week1,285.0 Donaldson Run - 117.0 Camelot
Donaldson Run,Week4,Burke Station,Week2,352.0 Donaldson Run - 50.0 Burke Station
Dominion Hills,Week4,Brandywine,Week5,201.0 Brandywine - 201.0 Dominion Hills
Dominion Hills,Week1,Brandywine,Week2,211.0 Brandywine - 191.0 Dominion Hills
Donaldson Run,Week1,Canterbury Woods,Week5,281.0 Donaldson Run - 121.0 Canterbury Woods
Donaldson Run,Week3,Canterbury Woods,Week5,285.0 Donaldson Run - 117.0 Canterbury Woods
Daventry,Week3,Sleepy Hollow Rec,Week4,245.0 Sleepy Hollow Rec - 156.0 Daventry
Dominion Hills,Week2,Lake Braddock,Week1,331.0 Dominion Hills - 71.0 Lake Braddock
Dominion Hills,Week1,Kings Ridge ,Week4,250.0 Dominion Hills - 152.0 Kings Ridge
Donaldson Run,Week4,Camelot,Week3,285.0 Donaldson Run - 117.0 Camelot
Dominion Hills,Week2,Kings Ridge ,Week1,281.0 Dominion Hills - 121.0 Kings Ridge
Dominion Hills,Week3,Kings Ridge ,Week4,250.0 Dominion Hills - 152.0 Kings Ridge
Dominion Hills,Week1,Kings Ridge ,Week2,281.0 Dominion Hills - 121.0 Kings Ridge
Daventry,Week4,Sleepy Hollow Rec,Week1,244.0 Sleepy Hollow Rec - 158.0 Daventry
Donaldson Run,Week3,Canterbury Woods,Week4,288.0 Donaldson Run - 114.0 Canterbury Woods
Dominion Hills,Week3,Brandywine,Week1,203.0 Dominion Hills - 199.0 Brandywine
Dominion Hills,Week1,Brandywine,Week5,233.0 Brandywine - 169.0 Dominion Hills
Donaldson Run,Week5,Camelot,Week2,285.0 Donaldson Run - 117.0 Camelot
Daventry,Week1,Sleepy Hollow Rec,Week5,247.0 Sleepy Hollow Rec - 154.0 Daventry
Dominion Hills,Week4,Kings Ridge ,Week1,292.0 Dominion Hills - 110.0 Kings Ridge
Daventry,Week4,Sleepy Hollow Rec,Week4,244.0 Sleepy Hollow Rec - 157.0 Daventry
Dominion Hills,Week1,Lake Braddock,Week3,301.0 Dominion Hills - 101.0 Lake Braddock
Daventry,Week1,Sleepy Hollow Rec,Week3,257.0 Sleepy Hollow Rec - 145.0 Daventry
Donaldson Run,Week2,Canterbury Woods,Week3,282.0 Donaldson Run - 120.0 Canterbury Woods
Dominion Hills,Week5,Kings Ridge ,Week1,303.0 Dominion Hills - 99.0 Kings Ridge
Dominion Hills,Week1,Lake Braddock,Week2,306.0 Dominion Hills - 96.0 Lake Braddock
Donaldson Run,Week5,Camelot,Week1,309.0 Donaldson Run - 93.0 Camelot
Donaldson Run,Week3,Canterbury Woods,Week3,299.0 Donaldson Run - 103.0 Canterbury Woods
Donaldson Run,Week4,Camelot,Week5,281.0 Donaldson Run - 121.0 Camelot
Donaldson Run,Week5,Camelot,Week4,303.0 Donaldson Run - 99.0 Camelot
Daventry,Week1,Somerset-Olde Creek,Week2,239.0 Daventry - 159.0 Somerset-Olde Creek
Dominion Hills,Week5,Kings Ridge ,Week4,280.0 Dominion Hills - 122.0 Kings Ridge
Dominion Hills,Week2,Brandywine,Week2,208.0 Brandywine - 194.0 Dominion Hills
Daventry,Week2,Sleepy Hollow Rec,Week3,264.0 Sleepy Hollow Rec - 138.0 Daventry
Dominion Hills,Week1,Brandywine,Week3,214.0 Brandywine - 183.0 Dominion Hills
Daventry,Week2,Sleepy Hollow Rec,Week5,254.0 Sleepy Hollow Rec - 147.0 Daventry
Daventry,Week1,Sleepy Hollow Rec,Week2,232.0 Sleepy Hollow Rec - 169.0 Daventry
Dominion Hills,Week3,Lake Braddock,Week2,314.0 Dominion Hills - 88.0 Lake Braddock
Daventry,Week4,Sleepy Hollow Rec,Week2,243.0 Sleepy Hollow Rec - 159.0 Daventry
Daventry,Week5,Sleepy Hollow Rec,Week2,212.0 Sleepy Hollow Rec - 190.0 Daventry
Donaldson Run,Week4,Canterbury Woods,Week3,306.0 Donaldson Run - 96.0 Canterbury Woods
Dominion Hills,Week5,Kings Ridge ,Week5,287.0 Dominion Hills - 115.0 Kings Ridge
Donaldson Run,Week1,Canterbury Woods,Week4,280.0 Donaldson Run - 122.0 Canterbury Woods
Daventry,Week5,Sleepy Hollow Rec,Week1,206.0 Sleepy Hollow Rec - 196.0 Daventry
Daventry,Week4,Sleepy Hollow Rec,Week3,258.0 Sleepy Hollow Rec - 144.0 Daventry
Dominion Hills,Week4,Kings Ridge ,Week2,290.0 Dominion Hills - 112.0 Kings Ridge
Daventry,Week5,Sleepy Hollow Rec,Week4,205.0 Sleepy Hollow Rec - 196.0 Daventry
Donaldson Run,Week4,Canterbury Woods,Week5,285.0 Donaldson Run - 117.0 Canterbury Woods
Daventry,Week5,Sleepy Hollow Rec,Week5,230.0 Sleepy Hollow Rec - 172.0 Daventry
Donaldson Run,Week5,Camelot,Week5,297.0 Donaldson Run - 105.0 Camelot
Donaldson Run,Week4,Canterbury Woods,Week1,309.0 Donaldson Run - 93.0 Canterbury Woods
Dominion Hills,Week1,Lake Braddock,Week5,277.0 Dominion Hills - 125.0 Lake Braddock
Dominion Hills,Week4,Kings Ridge ,Week5,262.0 Dominion Hills - 140.0 Kings Ridge
Dominion Hills,Week2,Lake Braddock,Week4,315.0 Dominion Hills - 87.0 Lake Braddock
Donaldson Run,Week1,Canterbury Woods,Week2,293.5 Donaldson Run - 108.5 Canterbury Woods
Donaldson Run,Week4,Canterbury Woods,Week4,293.0 Donaldson Run - 109.0 Canterbury Woods
Daventry,Week5,Sleepy Hollow Rec,Week3,230.0 Sleepy Hollow Rec - 172.0 Daventry
Dominion Hills,Week3,Lake Braddock,Week4,299.0 Dominion Hills - 103.0 Lake Braddock
Daventry,Week1,Sleepy Hollow Rec,Week4,225.0 Sleepy Hollow Rec - 176.0 Daventry
Donaldson Run,Week3,Canterbury Woods,Week2,289.5 Donaldson Run - 112.5 Canterbury Woods
Dominion Hills,Week5,Kings Ridge ,Week2,310.0 Dominion Hills - 92.0 Kings Ridge
Donaldson Run,Week3,Canterbury Woods,Week1,300.0 Donaldson Run - 102.0 Canterbury Woods
Daventry,Week3,Somerset-Olde Creek,Week4,215.0 Daventry - 182.0 Somerset-Olde Creek
Dominion Hills,Week4,North Springfield,Week5,286.0 Dominion Hills - 86.0 North Springfield
Donaldson Run,Week2,Cardinal Hill,Week3,207.0 Donaldson Run - 195.0 Cardinal Hill
Dominion Hills,Week4,Lake Braddock,Week4,323.0 Dominion Hills - 79.0 Lake Braddock
Dominion Hills,Week3,North Springfield,Week3,294.0 Dominion Hills - 103.0 North Springfield
Donaldson Run,Week4,Canterbury Woods,Week2,310.0 Donaldson Run - 92.0 Canterbury Woods
Daventry,Week1,Somerset-Olde Creek,Week5,203.0 Somerset-Olde Creek - 193.0 Daventry
Dominion Hills,Week3,North Springfield,Week5,272.0 Dominion Hills - 102.0 North Springfield
Daventry,Week2,Sleepy Hollow Rec,Week1,240.0 Sleepy Hollow Rec - 162.0 Daventry
Donaldson Run,Week2,Cardinal Hill,Week1,209.0 Donaldson Run - 193.0 Cardinal Hill
Dominion Hills,Week3,Lake Braddock,Week5,285.0 Dominion Hills - 117.0 Lake Braddock
Donaldson Run,Week1,Cardinal Hill,Week1,214.0 Donaldson Run - 188.0 Cardinal Hill
Daventry,Week2,Sleepy Hollow Rec,Week2,249.0 Sleepy Hollow Rec - 152.0 Daventry
Dominion Hills,Week3,Lake Braddock,Week1,317.0 Dominion Hills - 85.0 Lake Braddock
Daventry,Week1,Somerset-Olde Creek,Week1,225.0 Daventry - 170.0 Somerset-Olde Creek
Dominion Hills,Week4,Lake Braddock,Week2,322.0 Dominion Hills - 80.0 Lake Braddock
Dominion Hills,Week4,Lake Braddock,Week3,325.0 Dominion Hills - 77.0 Lake Braddock
Donaldson Run,Week2,Canterbury Woods,Week2,290.0 Donaldson Run - 112.0 Canterbury Woods
Donaldson Run,Week1,Canterbury Woods,Week3,294.0 Donaldson Run - 108.0 Canterbury Woods
Dominion Hills,Week5,Lake Braddock,Week1,338.0 Dominion Hills - 64.0 Lake Braddock
Donaldson Run,Week2,Canterbury Woods,Week5,279.5 Donaldson Run - 122.5 Canterbury Woods
Dominion Hills,Week4,Lake Braddock,Week1,335.5 Dominion Hills - 61.5 Lake Braddock
Daventry,Week3,Sleepy Hollow Rec,Week5,264.0 Sleepy Hollow Rec - 137.0 Daventry
Donaldson Run,Week1,Canterbury Woods,Week1,298.0 Donaldson Run - 104.0 Canterbury Woods
Daventry,Week4,Sleepy Hollow Rec,Week5,268.0 Sleepy Hollow Rec - 134.0 Daventry
Donaldson Run,Week5,Canterbury Woods,Week1,314.0 Donaldson Run - 88.0 Canterbury Woods
Donaldson Run,Week2,Canterbury Woods,Week1,292.0 Donaldson Run - 110.0 Canterbury Woods
Daventry,Week1,Somerset-Olde Creek,Week3,227.0 Daventry - 168.0 Somerset-Olde Creek
Donaldson Run,Week1,Chesterbrook,Week1,273.5 Chesterbrook - 128.5 Donaldson Run
Daventry,Week1,Sleepy Hollow Rec,Week1,221.0 Sleepy Hollow Rec - 181.0 Daventry
Donaldson Run,Week1,Cardinal Hill,Week3,201.0 Cardinal Hill - 201.0 Donaldson Run
Daventry,Week2,Sleepy Hollow Rec,Week4,234.0 Sleepy Hollow Rec - 167.0 Daventry
Donaldson Run,Week2,Canterbury Woods,Week4,277.0 Donaldson Run - 125.0 Canterbury Woods
Daventry,Week3,Sleepy Hollow Rec,Week3,269.0 Sleepy Hollow Rec - 132.0 Daventry
Daventry,Week3,Sleepy Hollow Rec,Week1,239.0 Sleepy Hollow Rec - 162.0 Daventry
Dominion Hills,Week5,North Springfield,Week3,309.0 Dominion Hills - 88.0 North Springfield
Daventry,Week5,Sleepy Hollow B & R,Week3,305.0 Sleepy Hollow B & R - 97.0 Daventry
Dominion Hills,Week4,Lake Braddock,Week5,309.0 Dominion Hills - 93.0 Lake Braddock
Dominion Hills,Week4,North Springfield,Week4,310.0 Dominion Hills - 81.0 North Springfield
Dominion Hills,Week3,Lake Braddock,Week3,316.0 Dominion Hills - 86.0 Lake Braddock
Daventry,Week3,Sleepy Hollow Rec,Week2,258.0 Sleepy Hollow Rec - 144.0 Daventry
Donaldson Run,Week4,Cardinal Hill,Week4,236.0 Donaldson Run - 166.0 Cardinal Hill
Daventry,Week3,Somerset-Olde Creek,Week1,212.0 Daventry - 181.0 Somerset-Olde Creek
Donaldson Run,Week5,Canterbury Woods,Week3,315.0 Donaldson Run - 82.0 Canterbury Woods
Dominion Hills,Week1,North Springfield,Week2,298.0 Dominion Hills - 90.0 North Springfield
Donaldson Run,Week1,Cardinal Hill,Week4,234.0 Donaldson Run - 168.0 Cardinal Hill
Donaldson Run,Week1,Cardinal Hill,Week5,227.0 Donaldson Run - 175.0 Cardinal Hill
Donaldson Run,Week3,Cardinal Hill,Week1,215.0 Donaldson Run - 187.0 Cardinal Hill
Daventry,Week5,Somerset-Olde Creek,Week1,240.0 Daventry - 150.0 Somerset-Olde Creek
Daventry,Week2,Somerset-Olde Creek,Week5,209.0 Somerset-Olde Creek - 186.0 Daventry
Daventry,Week3,Somerset-Olde Creek,Week3,229.0 Daventry - 165.0 Somerset-Olde Creek
Daventry,Week3,Somerset-Olde Creek,Week5,203.0 Somerset-Olde Creek - 189.0 Daventry
Dominion Hills,Week5,Newington Forest,Week4,315.0 Dominion Hills - 87.0 Newington Forest
Donaldson Run,Week2,Cardinal Hill,Week5,241.0 Donaldson Run - 161.0 Cardinal Hill
Donaldson Run,Week4,Cardinal Hill,Week1,220.0 Donaldson Run - 182.0 Cardinal Hill
Dominion Hills,Week3,North Springfield,Week4,295.0 Dominion Hills - 97.0 North Springfield
Dominion Hills,Week5,Newington Forest,Week5,306.0 Dominion Hills - 96.0 Newington Forest
Daventry,Week1,Somerset-Olde Creek,Week4,205.0 Daventry - 194.0 Somerset-Olde Creek
Dominion Hills,Week5,Newington Forest,Week3,310.0 Dominion Hills - 92.0 Newington Forest
Dominion Hills,Week4,Newington Forest,Week5,292.0 Dominion Hills - 110.0 Newington Forest
Dominion Hills,Week2,North Springfield,Week4,309.0 Dominion Hills - 83.0 North Springfield
Dominion Hills,Week2,North Springfield,Week1,295.0 Dominion Hills - 56.0 North Springfield
Donaldson Run,Week5,Canterbury Woods,Week2,313.0 Donaldson Run - 89.0 Canterbury Woods
Daventry,Week2,Somerset-Olde Creek,Week4,212.0 Daventry - 183.0 Somerset-Olde Creek
Daventry,Week2,Somerset-Olde Creek,Week3,232.0 Daventry - 163.0 Somerset-Olde Creek
Dominion Hills,Week2,North Springfield,Week5,279.0 Dominion Hills - 95.0 North Springfield
Daventry,Week5,Somerset-Olde Creek,Week4,229.0 Daventry - 168.0 Somerset-Olde Creek
Dominion Hills,Week5,Newington Forest,Week2,323.0 Dominion Hills - 78.0 Newington Forest
Donaldson Run,Week3,Cardinal Hill,Week5,234.0 Donaldson Run - 168.0 Cardinal Hill
Donaldson Run,Week4,Cardinal Hill,Week5,241.5 Donaldson Run - 160.5 Cardinal Hill
Donaldson Run,Week2,Cardinal Hill,Week2,245.0 Donaldson Run - 157.0 Cardinal Hill
Daventry,Week2,Somerset-Olde Creek,Week2,248.0 Daventry - 147.0 Somerset-Olde Creek
Dominion Hills,Week2,North Springfield,Week2,309.0 Dominion Hills - 79.0 North Springfield
Daventry,Week4,Somerset-Olde Creek,Week5,203.0 Somerset-Olde Creek - 194.0 Daventry
Daventry,Week4,Somerset-Olde Creek,Week3,234.0 Daventry - 163.0 Somerset-Olde Creek
Daventry,Week4,Somerset-Olde Creek,Week4,203.0 Daventry - 197.0 Somerset-Olde Creek
Dominion Hills,Week1,North Springfield,Week3,292.0 Dominion Hills - 105.0 North Springfield
Dominion Hills,Week2,North Springfield,Week3,295.0 Dominion Hills - 102.0 North Springfield
Dominion Hills,Week1,North Springfield,Week4,301.0 Dominion Hills - 91.0 North Springfield
Donaldson Run,Week3,Cardinal Hill,Week2,252.0 Donaldson Run - 150.0 Cardinal Hill
Daventry,Week4,Somerset-Olde Creek,Week2,242.0 Daventry - 155.0 Somerset-Olde Creek
Dominion Hills,Week1,North Springfield,Week1,287.0 Dominion Hills - 64.0 North Springfield
Donaldson Run,Week5,Cardinal Hill,Week3,232.0 Donaldson Run - 170.0 Cardinal Hill
Donaldson Run,Week5,Cardinal Hill,Week1,245.0 Donaldson Run - 157.0 Cardinal Hill
Dominion Hills,Week1,North Springfield,Week5,265.0 Dominion Hills - 109.0 North Springfield
Daventry,Week2,Somerset-Olde Creek,Week1,226.0 Daventry - 167.0 Somerset-Olde Creek
Donaldson Run,Week5,Cardinal Hill,Week5,268.0 Donaldson Run - 134.0 Cardinal Hill
Daventry,Week5,Somerset-Olde Creek,Week3,249.0 Daventry - 141.0 Somerset-Olde Creek
Daventry,Week5,Somerset-Olde Creek,Week5,213.0 Daventry - 185.0 Somerset-Olde Creek
Donaldson Run,Week3,Cardinal Hill,Week4,241.0 Donaldson Run - 161.0 Cardinal Hill
Donaldson Run,Week4,Cardinal Hill,Week3,212.0 Donaldson Run - 190.0 Cardinal Hill
Donaldson Run,Week2,Chesterbrook,Week5,293.0 Chesterbrook - 109.0 Donaldson Run
Daventry,Week3,Somerset-Olde Creek,Week2,241.0 Daventry - 151.0 Somerset-Olde Creek
Daventry,Week5,Somerset-Olde Creek,Week2,250.0 Daventry - 141.0 Somerset-Olde Creek
Daventry,Week4,Somerset-Olde Creek,Week1,223.0 Daventry - 174.0 Somerset-Olde Creek
Donaldson Run,Week5,Canterbury Woods,Week4,313.0 Donaldson Run - 89.0 Canterbury Woods
Dominion Hills,Week5,Newington Forest,Week1,326.0 Dominion Hills - 75.0 Newington Forest
Dominion Hills,Week3,North Springfield,Week2,294.0 Dominion Hills - 94.0 North Springfield
Dominion Hills,Week4,North Springfield,Week2,308.0 Dominion Hills - 79.0 North Springfield
Donaldson Run,Week1,Chesterbrook,Week3,318.0 Chesterbrook - 84.0 Donaldson Run
Dominion Hills,Week1,Oakton ,Week4,293.0 Oakton - 109.0 Dominion Hills
Donaldson Run,Week5,Cardinal Hill,Week2,276.3 Donaldson Run - 125.7 Cardinal Hill
Dominion Hills,Week3,Oakton ,Week1,287.0 Oakton - 115.0 Dominion Hills
Donaldson Run,Week1,Chesterbrook,Week5,303.0 Chesterbrook - 99.0 Donaldson Run
Dominion Hills,Week1,Oakton ,Week1,286.0 Oakton - 116.0 Dominion Hills
Donaldson Run,Week2,Chesterbrook,Week2,279.0 Chesterbrook - 123.0 Donaldson Run
Dominion Hills,Week3,Oakton ,Week4,291.5 Oakton - 110.5 Dominion Hills
Dominion Hills,Week5,Oakton ,Week5,258.0 Oakton - 144.0 Dominion Hills
Donaldson Run,Week3,Chesterbrook,Week3,300.0 Chesterbrook - 102.0 Donaldson Run
Donaldson Run,Week5,Chesterbrook,Week4,270.0 Chesterbrook - 132.0 Donaldson Run
Dominion Hills,Week5,North Springfield,Week2,318.0 Dominion Hills - 70.0 North Springfield
Dominion Hills,Week2,Oakton ,Week2,282.0 Oakton - 120.0 Dominion Hills
Donaldson Run,Week5,Cardinal Hill,Week4,264.0 Donaldson Run - 138.0 Cardinal Hill
Donaldson Run,Week2,Chesterbrook,Week1,269.0 Chesterbrook - 133.0 Donaldson Run
Dominion Hills,Week2,Oakton ,Week5,293.0 Oakton - 109.0 Dominion Hills
Dominion Hills,Week4,Oakton ,Week5,273.0 Oakton - 129.0 Dominion Hills
Dominion Hills,Week4,North Springfield,Week3,300.0 Dominion Hills - 97.0 North Springfield
Donaldson Run,Week5,Canterbury Woods,Week5,302.0 Donaldson Run - 100.0 Canterbury Woods
Dominion Hills,Week5,North Springfield,Week5,291.0 Dominion Hills - 78.0 North Springfield
Donaldson Run,Week2,Cardinal Hill,Week4,229.0 Donaldson Run - 173.0 Cardinal Hill
Donaldson Run,Week3,Cardinal Hill,Week3,221.0 Donaldson Run - 181.0 Cardinal Hill
Dominion Hills,Week1,Oakton ,Week2,293.0 Oakton - 109.0 Dominion Hills
Donaldson Run,Week1,Cardinal Hill,Week2,244.5 Donaldson Run - 157.5 Cardinal Hill
Dominion Hills,Week3,North Springfield,Week1,297.0 Dominion Hills - 53.0 North Springfield
Dominion Hills,Week4,North Springfield,Week1,292.0 Dominion Hills - 54.0 North Springfield
Donaldson Run,Week1,Commonwealth,Week4,335.0 Donaldson Run - 67.0 Commonwealth
Donaldson Run,Week1,Chesterbrook,Week4,292.0 Chesterbrook - 110.0 Donaldson Run
Dominion Hills,Week2,Oakton ,Week3,267.0 Oakton - 135.0 Dominion Hills
Donaldson Run,Week1,Commonwealth,Week5,311.0 Donaldson Run - 91.0 Commonwealth
Donaldson Run,Week4,Chesterbrook,Week3,297.0 Chesterbrook - 105.0 Donaldson Run
Dominion Hills,Week4,Oakton ,Week3,243.5 Oakton - 153.5 Dominion Hills
Dominion Hills,Week1,Oakton ,Week5,306.0 Oakton - 96.0 Dominion Hills
Donaldson Run,Week2,Chesterbrook,Week3,309.0 Chesterbrook - 93.0 Donaldson Run
Dominion Hills,Week5,Oakton ,Week2,251.0 Oakton - 151.0 Dominion Hills
Donaldson Run,Week2,Chesterbrook,Week4,288.0 Chesterbrook - 114.0 Donaldson Run
Donaldson Run,Week1,Chesterbrook,Week2,289.5 Chesterbrook - 112.5 Donaldson Run
Dominion Hills,Week5,North Springfield,Week1,296.0 Dominion Hills - 54.0 North Springfield
Donaldson Run,Week1,Commonwealth,Week2,314.0 Donaldson Run - 88.0 Commonwealth
Donaldson Run,Week4,Cardinal Hill,Week2,255.0 Donaldson Run - 147.0 Cardinal Hill
Dominion Hills,Week3,Oakton ,Week5,305.0 Oakton - 97.0 Dominion Hills
Dominion Hills,Week1,Oakton ,Week3,277.0 Oakton - 120.0 Dominion Hills
Daventry,Week5,Poplar Heights,Week1,301.5 Poplar Heights - 100.5 Daventry
Dominion Hills,Week2,Oakton ,Week4,281.0 Oakton - 121.0 Dominion Hills
Dominion Hills,Week3,Oakton ,Week3,272.0 Oakton - 130.0 Dominion Hills
Dominion Hills,Week3,Oakton ,Week2,298.0 Oakton - 104.0 Dominion Hills
Donaldson Run,Week1,Commonwealth,Week3,330.0 Donaldson Run - 72.0 Commonwealth
Dominion Hills,Week5,Oakton ,Week4,250.0 Oakton - 152.0 Dominion Hills
Daventry,Week4,Poplar Heights,Week5,329.0 Poplar Heights - 73.0 Daventry
Daventry,Week5,Pleasant Valley,Week3,204.0 Pleasant Valley - 196.0 Daventry
Donaldson Run,Week3,Chesterbrook,Week4,292.0 Chesterbrook - 110.0 Donaldson Run
Donaldson Run,Week2,Commonwealth,Week5,322.0 Donaldson Run - 80.0 Commonwealth
Dominion Hills,Week4,Oakton ,Week4,250.0 Oakton - 152.0 Dominion Hills
Donaldson Run,Week5,Chesterbrook,Week3,283.0 Chesterbrook - 119.0 Donaldson Run
Daventry,Week5,Poplar Heights,Week2,307.0 Poplar Heights - 95.0 Daventry
Donaldson Run,Week2,Commonwealth,Week2,309.0 Donaldson Run - 93.0 Commonwealth
Donaldson Run,Week2,Commonwealth,Week3,329.0 Donaldson Run - 73.0 Commonwealth
Daventry,Week2,Poplar Heights,Week4,330.0 Poplar Heights - 71.0 Daventry
Daventry,Week2,Poplar Heights,Week1,325.0 Poplar Heights - 75.0 Daventry
Dominion Hills,Week4,Oakton ,Week1,238.0 Oakton - 164.0 Dominion Hills
Dominion Hills,Week5,Oakton ,Week3,241.5 Oakton - 160.5 Dominion Hills
Donaldson Run,Week2,Commonwealth,Week4,345.0 Donaldson Run - 57.0 Commonwealth
Daventry,Week5,Pleasant Valley,Week2,235.0 Daventry - 160.0 Pleasant Valley
Donaldson Run,Week5,Chesterbrook,Week1,264.0 Chesterbrook - 138.0 Donaldson Run
Donaldson Run,Week4,Chesterbrook,Week1,265.0 Chesterbrook - 137.0 Donaldson Run
Dominion Hills,Week5,Oakton ,Week1,238.0 Oakton - 164.0 Dominion Hills
Donaldson Run,Week5,Chesterbrook,Week2,262.0 Chesterbrook - 140.0 Donaldson Run
Daventry,Week3,Poplar Heights,Week5,322.0 Poplar Heights - 79.0 Daventry
Daventry,Week4,Poplar Heights,Week3,326.0 Poplar Heights - 76.0 Daventry
Donaldson Run,Week3,Chesterbrook,Week1,269.0 Chesterbrook - 133.0 Donaldson Run
Donaldson Run,Week4,Chesterbrook,Week4,278.0 Chesterbrook - 124.0 Donaldson Run
Dominion Hills,Week5,North Springfield,Week4,326.0 Dominion Hills - 66.0 North Springfield
Daventry,Week3,Poplar Heights,Week3,330.0 Poplar Heights - 72.0 Daventry
Dominion Hills,Week1,Old Keene Mill,Week4,263.0 Dominion Hills - 139.0 Old Keene Mill
Dominion Hills,Week4,Oakton ,Week2,257.0 Oakton - 145.0 Dominion Hills
Dominion Hills,Week2,Oakton ,Week1,276.0 Oakton - 126.0 Dominion Hills
Donaldson Run,Week2,Commonwealth,Week1,330.0 Donaldson Run - 72.0 Commonwealth
Dominion Hills,Week2,Old Keene Mill,Week3,254.0 Dominion Hills - 148.0 Old Keene Mill
Dominion Hills,Week1,Old Keene Mill,Week5,235.0 Dominion Hills - 167.0 Old Keene Mill
Daventry,Week5,Pleasant Valley,Week4,246.0 Daventry - 145.0 Pleasant Valley
Donaldson Run,Week4,Chesterbrook,Week2,279.0 Chesterbrook - 123.0 Donaldson Run
Daventry,Week1,Poplar Heights,Week3,321.0 Poplar Heights - 81.0 Daventry
Daventry,Week3,Poplar Heights,Week4,328.0 Poplar Heights - 73.0 Daventry
Dominion Hills,Week1,Old Keene Mill,Week3,250.0 Dominion Hills - 152.0 Old Keene Mill
Donaldson Run,Week4,Chesterbrook,Week5,282.0 Chesterbrook - 120.0 Donaldson Run
Dominion Hills,Week1,Old Keene Mill,Week1,259.0 Dominion Hills - 143.0 Old Keene Mill
Daventry,Week5,Shouse Village,Week1,258.0 Shouse Village - 143.0 Daventry
Daventry,Week5,Pleasant Valley,Week5,220.0 Daventry - 169.0 Pleasant Valley
Daventry,Week4,Sideburn Run,Week1,309.5 Sideburn Run - 92.5 Daventry
Donaldson Run,Week5,Chesterbrook,Week5,276.5 Chesterbrook - 125.5 Donaldson Run
Daventry,Week2,Poplar Heights,Week3,327.0 Poplar Heights - 75.0 Daventry
Donaldson Run,Week3,Chesterbrook,Week5,303.5 Chesterbrook - 98.5 Donaldson Run
Dominion Hills,Week2,Old Keene Mill,Week1,280.0 Dominion Hills - 122.0 Old Keene Mill
Donaldson Run,Week3,Chesterbrook,Week2,272.5 Chesterbrook - 129.5 Donaldson Run
Donaldson Run,Week1,Commonwealth,Week1,337.0 Donaldson Run - 65.0 Commonwealth
Daventry,Week1,Poplar Heights,Week2,324.0 Poplar Heights - 78.0 Daventry
Daventry,Week4,Poplar Heights,Week1,315.0 Poplar Heights - 87.0 Daventry
Dominion Hills,Week2,Old Keene Mill,Week2,261.5 Dominion Hills - 140.5 Old Keene Mill
Daventry,Week5,Shouse Village,Week4,278.0 Shouse Village - 124.0 Daventry
Daventry,Week5,Pleasant Valley,Week1,234.0 Daventry - 162.0 Pleasant Valley
Daventry,Week5,Sideburn Run,Week2,273.0 Sideburn Run - 129.0 Daventry
Daventry,Week2,Poplar Heights,Week5,330.0 Poplar Heights - 71.0 Daventry
Daventry,Week5,Sideburn Run,Week1,287.0 Sideburn Run - 115.0 Daventry
Dominion Hills,Week4,Old Keene Mill,Week1,280.0 Dominion Hills - 122.0 Old Keene Mill
Daventry,Week1,Sideburn Run,Week1,303.0 Sideburn Run - 99.0 Daventry
Donaldson Run,Week4,Cottontail,Week2,295.0 Donaldson Run - 107.0 Cottontail
Daventry,Week3,Poplar Heights,Week2,332.0 Poplar Heights - 69.0 Daventry
Daventry,Week1,Poplar Heights,Week1,301.0 Poplar Heights - 101.0 Daventry
Daventry,Week4,Sideburn Run,Week3,315.0 Sideburn Run - 87.0 Daventry
Dominion Hills,Week1,Old Keene Mill,Week2,257.0 Dominion Hills - 145.0 Old Keene Mill
Donaldson Run,Week3,Commonwealth,Week5,321.0 Donaldson Run - 81.0 Commonwealth
Daventry,Week4,Shouse Village,Week5,301.0 Shouse Village - 100.0 Daventry
Daventry,Week1,Poplar Heights,Week5,322.0 Poplar Heights - 80.0 Daventry
Daventry,Week4,Poplar Heights,Week4,332.0 Poplar Heights - 70.0 Daventry
Donaldson Run,Week2,Cottontail,Week5,294.0 Donaldson Run - 108.0 Cottontail
Dominion Hills,Week5,Old Keene Mill,Week3,275.0 Dominion Hills - 127.0 Old Keene Mill
Daventry,Week2,Sideburn Run,Week1,296.0 Sideburn Run - 106.0 Daventry
Donaldson Run,Week1,Cottontail,Week4,291.0 Donaldson Run - 111.0 Cottontail
Daventry,Week1,Sleepy Hollow B & R,Week2,321.0 Sleepy Hollow B & R - 81.0 Daventry
Donaldson Run,Week1,Cottontail,Week2,292.0 Donaldson Run - 110.0 Cottontail
Dominion Hills,Week3,Old Keene Mill,Week4,282.0 Dominion Hills - 120.0 Old Keene Mill
Daventry,Week1,Sleepy Hollow B & R,Week4,329.0 Sleepy Hollow B & R - 73.0 Daventry
Daventry,Week2,Poplar Heights,Week2,333.0 Poplar Heights - 67.0 Daventry
Dominion Hills,Week3,Old Keene Mill,Week5,243.0 Dominion Hills - 159.0 Old Keene Mill
Donaldson Run,Week3,Commonwealth,Week3,333.0 Donaldson Run - 69.0 Commonwealth
Donaldson Run,Week4,Commonwealth,Week1,342.0 Donaldson Run - 60.0 Commonwealth
Daventry,Week3,Sideburn Run,Week5,306.5 Sideburn Run - 95.5 Daventry
Dominion Hills,Week2,Orange Hunt,Week4,202.0 Orange Hunt - 200.0 Dominion Hills
Daventry,Week3,Poplar Heights,Week1,320.0 Poplar Heights - 81.0 Daventry
Daventry,Week4,Poplar Heights,Week2,330.0 Poplar Heights - 72.0 Daventry
Donaldson Run,Week3,Cottontail,Week5,289.0 Donaldson Run - 113.0 Cottontail
Dominion Hills,Week5,Old Keene Mill,Week1,286.0 Dominion Hills - 116.0 Old Keene Mill
Dominion Hills,Week3,Orange Hunt,Week2,231.0 Orange Hunt - 171.0 Dominion Hills
Daventry,Week5,Shouse Village,Week5,276.0 Shouse Village - 125.0 Daventry
Daventry,Week1,Poplar Heights,Week4,324.0 Poplar Heights - 78.0 Daventry
Dominion Hills,Week1,Orange Hunt,Week3,223.0 Orange Hunt - 179.0 Dominion Hills
Daventry,Week5,Shouse Village,Week2,249.0 Shouse Village - 153.0 Daventry
Dominion Hills,Week3,Orange Hunt,Week3,222.0 Orange Hunt - 180.0 Dominion Hills
Donaldson Run,Week5,Commonwealth,Week5,326.0 Donaldson Run - 76.0 Commonwealth
Dominion Hills,Week3,Orange Hunt,Week4,216.0 Orange Hunt - 186.0 Dominion Hills
Donaldson Run,Week5,Commonwealth,Week1,343.0 Donaldson Run - 59.0 Commonwealth
Donaldson Run,Week2,Cottontail,Week3,305.0 Donaldson Run - 97.0 Cottontail
Donaldson Run,Week3,Commonwealth,Week4,338.0 Donaldson Run - 64.0 Commonwealth
Dominion Hills,Week2,Old Keene Mill,Week5,240.0 Dominion Hills - 162.0 Old Keene Mill
Donaldson Run,Week5,Commonwealth,Week4,347.0 Donaldson Run - 55.0 Commonwealth
Donaldson Run,Week3,Commonwealth,Week2,316.0 Donaldson Run - 86.0 Commonwealth
Daventry,Week3,Sideburn Run,Week2,287.0 Sideburn Run - 115.0 Daventry
Dominion Hills,Week3,Old Keene Mill,Week2,264.0 Dominion Hills - 138.0 Old Keene Mill
Dominion Hills,Week1,Orange Hunt,Week4,225.0 Orange Hunt - 177.0 Dominion Hills
Dominion Hills,Week2,Old Keene Mill,Week4,273.0 Dominion Hills - 129.0 Old Keene Mill
Dominion Hills,Week4,Old Keene Mill,Week2,265.0 Dominion Hills - 137.0 Old Keene Mill
Daventry,Week1,Sideburn Run,Week2,308.0 Sideburn Run - 94.0 Daventry
Donaldson Run,Week5,Commonwealth,Week3,343.0 Donaldson Run - 59.0 Commonwealth
Donaldson Run,Week3,Commonwealth,Week1,333.0 Donaldson Run - 69.0 Commonwealth
Daventry,Week2,Sideburn Run,Week4,311.0 Sideburn Run - 90.0 Daventry
Donaldson Run,Week4,Commonwealth,Week4,347.5 Donaldson Run - 54.5 Commonwealth
Donaldson Run,Week1,Cottontail,Week1,287.0 Donaldson Run - 115.0 Cottontail
Donaldson Run,Week4,Commonwealth,Week3,338.0 Donaldson Run - 64.0 Commonwealth
Donaldson Run,Week4,Commonwealth,Week2,319.0 Donaldson Run - 83.0 Commonwealth
Daventry,Week3,Sideburn Run,Week1,296.0 Sideburn Run - 105.0 Daventry
Daventry,Week1,Sideburn Run,Week3,304.0 Sideburn Run - 98.0 Daventry
Donaldson Run,Week1,Cottontail,Week5,287.0 Donaldson Run - 115.0 Cottontail
Donaldson Run,Week4,Commonwealth,Week5,329.0 Donaldson Run - 73.0 Commonwealth
Dominion Hills,Week4,Old Keene Mill,Week3,267.0 Dominion Hills - 135.0 Old Keene Mill
Daventry,Week2,Sideburn Run,Week3,307.0 Sideburn Run - 94.0 Daventry
Daventry,Week2,Sideburn Run,Week5,308.0 Sideburn Run - 93.0 Daventry
Daventry,Week1,Sideburn Run,Week5,325.0 Sideburn Run - 77.0 Daventry
Daventry,Week5,Shouse Village,Week3,264.0 Shouse Village - 138.0 Daventry
Daventry,Week2,Sideburn Run,Week2,288.0 Sideburn Run - 113.0 Daventry
Dominion Hills,Week3,Old Keene Mill,Week1,267.0 Dominion Hills - 135.0 Old Keene Mill
Dominion Hills,Week1,Orange Hunt,Week2,226.0 Orange Hunt - 176.0 Dominion Hills
Dominion Hills,Week1,Orange Hunt,Week1,210.0 Orange Hunt - 192.0 Dominion Hills
Dominion Hills,Week2,Orange Hunt,Week3,209.0 Orange Hunt - 193.0 Dominion Hills
Daventry,Week4,Sideburn Run,Week2,307.0 Sideburn Run - 95.0 Daventry
Dominion Hills,Week5,Old Keene Mill,Week5,252.0 Dominion Hills - 150.0 Old Keene Mill
Dominion Hills,Week4,Old Keene Mill,Week4,286.0 Dominion Hills - 116.0 Old Keene Mill
Dominion Hills,Week4,Old Keene Mill,Week5,251.0 Dominion Hills - 151.0 Old Keene Mill
Dominion Hills,Week3,Virginia Hills,Week2,354.0 Dominion Hills - 48.0 Virginia Hills
Donaldson Run,Week2,Cottontail,Week4,293.5 Donaldson Run - 108.5 Cottontail
Daventry,Week4,Sideburn Run,Week4,325.0 Sideburn Run - 77.0 Daventry
Dominion Hills,Week5,Old Keene Mill,Week2,274.0 Dominion Hills - 128.0 Old Keene Mill
Daventry,Week3,Sideburn Run,Week3,298.0 Sideburn Run - 104.0 Daventry
Donaldson Run,Week5,Commonwealth,Week2,326.0 Donaldson Run - 76.0 Commonwealth
Dominion Hills,Week3,Virginia Hills,Week4,341.0 Dominion Hills - 61.0 Virginia Hills
Daventry,Week3,Sideburn Run,Week4,304.0 Sideburn Run - 98.0 Daventry
Daventry,Week4,Sideburn Run,Week5,329.0 Sideburn Run - 73.0 Daventry
Dominion Hills,Week1,Orange Hunt,Week5,247.0 Orange Hunt - 155.0 Dominion Hills
Daventry,Week1,Sideburn Run,Week4,321.0 Sideburn Run - 81.0 Daventry
Donaldson Run,Week2,Cottontail,Week2,280.0 Donaldson Run - 122.0 Cottontail
Daventry,Week5,Sideburn Run,Week3,287.0 Sideburn Run - 115.0 Daventry
Dominion Hills,Week1,Virginia Hills,Week2,360.0 Dominion Hills - 42.0 Virginia Hills
Dominion Hills,Week2,Virginia Hills,Week2,369.0 Dominion Hills - 33.0 Virginia Hills
Dominion Hills,Week3,Old Keene Mill,Week3,271.0 Dominion Hills - 131.0 Old Keene Mill
Donaldson Run,Week1,Cottontail,Week3,302.0 Donaldson Run - 100.0 Cottontail
Donaldson Run,Week3,Cottontail,Week1,288.0 Donaldson Run - 114.0 Cottontail
Daventry,Week5,Sideburn Run,Week4,298.0 Sideburn Run - 104.0 Daventry
Dominion Hills,Week3,Village West,Week5,258.0 Dominion Hills - 144.0 Village West
Dominion Hills,Week5,Old Keene Mill,Week4,292.0 Dominion Hills - 110.0 Old Keene Mill
Dominion Hills,Week2,Orange Hunt,Week1,208.0 Dominion Hills - 194.0 Orange Hunt
Donaldson Run,Week2,Cottontail,Week1,277.0 Donaldson Run - 125.0 Cottontail
Daventry,Week2,Sleepy Hollow B & R,Week1,324.0 Sleepy Hollow B & R - 78.0 Daventry
Donaldson Run,Week4,Country Club Hills,Week2,323.0 Donaldson Run - 79.0 Country Club Hills
Dominion Hills,Week4,Village West,Week2,280.5 Dominion Hills - 121.5 Village West
Donaldson Run,Week3,Cottontail,Week3,306.0 Donaldson Run - 96.0 Cottontail
Dominion Hills,Week5,Orange Hunt,Week3,220.0 Dominion Hills - 182.0 Orange Hunt
Daventry,Week4,Rutherford,Week4,263.0 Rutherford - 139.0 Daventry
Daventry,Week2,Shouse Village,Week2,278.0 Shouse Village - 124.0 Daventry
Daventry,Week1,Shouse Village,Week4,298.0 Shouse Village - 104.0 Daventry
Dominion Hills,Week5,Virginia Hills,Week3,364.0 Dominion Hills - 38.0 Virginia Hills
Dominion Hills,Week3,Orange Hunt,Week1,216.0 Orange Hunt - 186.0 Dominion Hills
Donaldson Run,Week3,Country Club Hills,Week3,327.0 Donaldson Run - 75.0 Country Club Hills
Daventry,Week5,Rutherford,Week1,202.0 Rutherford - 199.0 Daventry
Dominion Hills,Week2,Orange Hunt,Week5,229.0 Orange Hunt - 173.0 Dominion Hills
Daventry,Week1,Shouse Village,Week5,295.0 Shouse Village - 106.0 Daventry
Daventry,Week1,Sleepy Hollow B & R,Week5,334.0 Sleepy Hollow B & R - 68.0 Daventry
Daventry,Week2,Sleepy Hollow B & R,Week2,328.0 Sleepy Hollow B & R - 73.0 Daventry
Dominion Hills,Week2,Overlee,Week4,374.0 Overlee - 28.0 Dominion Hills
Donaldson Run,Week3,Cottontail,Week2,297.0 Donaldson Run - 105.0 Cottontail
Dominion Hills,Week2,Virginia Hills,Week3,353.0 Dominion Hills - 49.0 Virginia Hills
Dominion Hills,Week5,Village West,Week5,283.0 Dominion Hills - 119.0 Village West
Donaldson Run,Week3,Country Club Hills,Week4,318.0 Donaldson Run - 84.0 Country Club Hills
Donaldson Run,Week2,Country Club Hills,Week1,318.0 Donaldson Run - 84.0 Country Club Hills
Daventry,Week5,Sideburn Run,Week5,297.0 Sideburn Run - 105.0 Daventry
Dominion Hills,Week2,Orange Hunt,Week2,213.0 Orange Hunt - 189.0 Dominion Hills
Daventry,Week2,Sleepy Hollow B & R,Week5,334.0 Sleepy Hollow B & R - 68.0 Daventry
Donaldson Run,Week4,Cottontail,Week4,311.0 Donaldson Run - 91.0 Cottontail
Donaldson Run,Week3,Cottontail,Week4,305.0 Donaldson Run - 97.0 Cottontail
Dominion Hills,Week4,Village West,Week4,268.0 Dominion Hills - 129.0 Village West
Dominion Hills,Week3,Overlee,Week2,353.0 Overlee - 49.0 Dominion Hills
Dominion Hills,Week3,Virginia Hills,Week1,348.0 Dominion Hills - 54.0 Virginia Hills
Daventry,Week1,Sleepy Hollow B & R,Week1,305.0 Sleepy Hollow B & R - 97.0 Daventry
Dominion Hills,Week3,Overlee,Week4,380.0 Overlee - 22.0 Dominion Hills
Dominion Hills,Week2,Virginia Hills,Week4,354.0 Dominion Hills - 48.0 Virginia Hills
Dominion Hills,Week4,Overlee,Week3,325.0 Overlee - 77.0 Dominion Hills
Dominion Hills,Week4,Village West,Week3,269.0 Dominion Hills - 133.0 Village West
Daventry,Week3,Sleepy Hollow B & R,Week2,332.0 Sleepy Hollow B & R - 68.0 Daventry
Daventry,Week2,Sleepy Hollow B & R,Week3,331.0 Sleepy Hollow B & R - 71.0 Daventry
Dominion Hills,Week1,Overlee,Week5,379.0 Overlee - 23.0 Dominion Hills
Donaldson Run,Week4,Cottontail,Week1,290.0 Donaldson Run - 112.0 Cottontail
Daventry,Week1,Sleepy Hollow B & R,Week3,328.0 Sleepy Hollow B & R - 74.0 Daventry
Dominion Hills,Week5,Village West,Week2,283.0 Dominion Hills - 119.0 Village West
Daventry,Week2,Shouse Village,Week3,280.0 Shouse Village - 122.0 Daventry
Daventry,Week2,Shouse Village,Week1,278.0 Shouse Village - 124.0 Daventry
Daventry,Week1,Shouse Village,Week2,282.0 Shouse Village - 119.0 Daventry
Donaldson Run,Week1,Country Club Hills,Week2,319.0 Donaldson Run - 83.0 Country Club Hills
Daventry,Week5,Rutherford,Week4,230.0 Rutherford - 172.0 Daventry
Donaldson Run,Week5,Country Club Hills,Week1,333.0 Donaldson Run - 69.0 Country Club Hills
Dominion Hills,Week1,Virginia Hills,Week4,347.0 Dominion Hills - 55.0 Virginia Hills
Dominion Hills,Week1,Virginia Hills,Week3,341.0 Dominion Hills - 61.0 Virginia Hills
Daventry,Week4,Sleepy Hollow B & R,Week3,335.0 Sleepy Hollow B & R - 67.0 Daventry
Donaldson Run,Week1,Country Club Hills,Week1,305.0 Donaldson Run - 97.0 Country Club Hills
Dominion Hills,Week4,Overlee,Week4,372.5 Overlee - 29.5 Dominion Hills
Dominion Hills,Week5,Overlee,Week1,305.0 Overlee - 97.0 Dominion Hills
Dominion Hills,Week3,Village West,Week3,242.0 Dominion Hills - 160.0 Village West
Dominion Hills,Week5,Orange Hunt,Week2,211.0 Dominion Hills - 191.0 Orange Hunt
Daventry,Week3,Shouse Village,Week1,266.0 Shouse Village - 135.0 Daventry
Dominion Hills,Week5,Overlee,Week2,323.0 Overlee - 79.0 Dominion Hills
Donaldson Run,Week4,Country Club Hills,Week1,326.0 Donaldson Run - 76.0 Country Club Hills
Dominion Hills,Week2,Overlee,Week5,370.0 Overlee - 32.0 Dominion Hills
Daventry,Week3,Sleepy Hollow B & R,Week5,341.5 Sleepy Hollow B & R - 60.5 Daventry
Dominion Hills,Week4,Virginia Hills,Week4,361.0 Dominion Hills - 41.0 Virginia Hills
Dominion Hills,Week4,Village West,Week5,291.0 Dominion Hills - 106.0 Village West
Dominion Hills,Week4,Orange Hunt,Week5,225.0 Orange Hunt - 176.0 Dominion Hills
Donaldson Run,Week2,Country Club Hills,Week2,314.0 Donaldson Run - 88.0 Country Club Hills
Donaldson Run,Week2,Country Club Hills,Week4,312.0 Donaldson Run - 90.0 Country Club Hills
Dominion Hills,Week3,Village West,Week4,252.0 Dominion Hills - 145.0 Village West
Daventry,Week2,Shouse Village,Week4,297.0 Shouse Village - 105.0 Daventry
Daventry,Week3,Sleepy Hollow B & R,Week1,317.0 Sleepy Hollow B & R - 84.0 Daventry
Dominion Hills,Week5,Village West,Week1,285.0 Dominion Hills - 117.0 Village West
Dominion Hills,Week4,Orange Hunt,Week3,203.0 Orange Hunt - 199.0 Dominion Hills
Daventry,Week3,Shouse Village,Week2,266.0 Shouse Village - 136.0 Daventry
Daventry,Week4,Sleepy Hollow B & R,Week1,324.0 Sleepy Hollow B & R - 78.0 Daventry
Daventry,Week2,Sleepy Hollow B & R,Week4,333.0 Sleepy Hollow B & R - 69.0 Daventry
Daventry,Week2,Shouse Village,Week5,287.0 Shouse Village - 114.0 Daventry
Donaldson Run,Week2,Country Club Hills,Week3,312.0 Donaldson Run - 90.0 Country Club Hills
Daventry,Week3,Sleepy Hollow B & R,Week4,330.0 Sleepy Hollow B & R - 72.0 Daventry
Daventry,Week3,Shouse Village,Week3,276.5 Shouse Village - 125.5 Daventry
Donaldson Run,Week5,Country Club Hills,Week3,329.0 Donaldson Run - 73.0 Country Club Hills
Daventry,Week4,Sleepy Hollow B & R,Week5,344.0 Sleepy Hollow B & R - 58.0 Daventry
Daventry,Week5,Sleepy Hollow B & R,Week1,302.0 Sleepy Hollow B & R - 100.0 Daventry
Dominion Hills,Week1,Virginia Hills,Week1,351.0 Dominion Hills - 51.0 Virginia Hills
Dominion Hills,Week5,Orange Hunt,Week1,224.0 Dominion Hills - 178.0 Orange Hunt
Donaldson Run,Week1,Country Club Hills,Week4,314.0 Donaldson Run - 88.0 Country Club Hills
Daventry,Week4,Shouse Village,Week1,280.0 Shouse Village - 121.0 Daventry
Daventry,Week3,Shouse Village,Week5,293.0 Shouse Village - 108.0 Daventry
Daventry,Week3,Shouse Village,Week4,292.0 Shouse Village - 109.0 Daventry
Dominion Hills,Week3,Orange Hunt,Week5,236.0 Orange Hunt - 166.0 Dominion Hills
Dominion Hills,Week1,Overlee,Week4,388.0 Overlee - 14.0 Dominion Hills
Daventry,Week4,Sleepy Hollow B & R,Week2,334.0 Sleepy Hollow B & R - 68.0 Daventry
Daventry,Week5,Rutherford,Week5,227.0 Rutherford - 174.0 Daventry
Daventry,Week3,Sleepy Hollow B & R,Week3,329.0 Sleepy Hollow B & R - 72.0 Daventry
Daventry,Week4,Sleepy Hollow B & R,Week4,344.0 Sleepy Hollow B & R - 58.0 Daventry
Dominion Hills,Week5,Village West,Week4,285.0 Dominion Hills - 112.0 Village West
Donaldson Run,Week5,Country Club Hills,Week4,334.0 Donaldson Run - 63.0 Country Club Hills
Donaldson Run,Week5,Cottontail,Week5,320.0 Donaldson Run - 82.0 Cottontail
Dominion Hills,Week1,Virginia Hills,Week5,322.0 Dominion Hills - 80.0 Virginia Hills
Dominion Hills,Week5,Village West,Week3,271.0 Dominion Hills - 131.0 Village West
Donaldson Run,Week5,Country Club Hills,Week2,334.0 Donaldson Run - 68.0 Country Club Hills
Dominion Hills,Week4,Orange Hunt,Week1,208.0 Dominion Hills - 194.0 Orange Hunt
Dominion Hills,Week5,Orange Hunt,Week5,203.0 Orange Hunt - 199.0 Dominion Hills
Dominion Hills,Week2,Virginia Hills,Week5,334.0 Dominion Hills - 68.0 Virginia Hills
Daventry,Week4,Shouse Village,Week2,281.0 Shouse Village - 121.0 Daventry
Dominion Hills,Week3,Virginia Hills,Week5,336.0 Dominion Hills - 66.0 Virginia Hills
Dominion Hills,Week2,Overlee,Week1,332.5 Overlee - 69.5 Dominion Hills
Daventry,Week4,Rutherford,Week5,263.0 Rutherford - 138.0 Daventry
Dominion Hills,Week4,Village West,Week1,288.0 Dominion Hills - 113.0 Village West
Donaldson Run,Week5,Cottontail,Week1,308.0 Donaldson Run - 94.0 Cottontail
Dominion Hills,Week5,Virginia Hills,Week1,359.0 Dominion Hills - 43.0 Virginia Hills
Donaldson Run,Week5,Cottontail,Week4,316.0 Donaldson Run - 86.0 Cottontail
Donaldson Run,Week4,Cottontail,Week3,307.0 Donaldson Run - 95.0 Cottontail
Daventry,Week4,Shouse Village,Week4,309.0 Shouse Village - 93.0 Daventry
Dominion Hills,Week4,Virginia Hills,Week1,354.0 Dominion Hills - 48.0 Virginia Hills
Donaldson Run,Week1,Country Club Hills,Week5,285.0 Donaldson Run - 117.0 Country Club Hills
Dominion Hills,Week4,Orange Hunt,Week4,204.5 Dominion Hills - 192.5 Orange Hunt
Daventry,Week1,Shouse Village,Week3,286.0 Shouse Village - 116.0 Daventry
Daventry,Week1,Shouse Village,Week1,277.0 Shouse Village - 125.0 Daventry
Dominion Hills,Week2,Virginia Hills,Week1,352.0 Dominion Hills - 50.0 Virginia Hills
Daventry,Week5,Rutherford,Week2,216.0 Rutherford - 185.0 Daventry
Daventry,Week5,Sleepy Hollow B & R,Week2,309.0 Sleepy Hollow B & R - 93.0 Daventry
Daventry,Week5,Rutherford,Week3,228.0 Rutherford - 173.0 Daventry
Dominion Hills,Week4,Virginia Hills,Week3,359.0 Dominion Hills - 43.0 Virginia Hills
Donaldson Run,Week3,Country Club Hills,Week2,325.5 Donaldson Run - 76.5 Country Club Hills
Donaldson Run,Week5,Cottontail,Week2,312.0 Donaldson Run - 90.0 Cottontail
Donaldson Run,Week2,Country Club Hills,Week5,299.0 Donaldson Run - 103.0 Country Club Hills
Dominion Hills,Week3,Virginia Hills,Week3,346.0 Dominion Hills - 56.0 Virginia Hills
Dominion Hills,Week4,Virginia Hills,Week2,360.0 Dominion Hills - 41.0 Virginia Hills
Donaldson Run,Week5,Cottontail,Week3,334.0 Donaldson Run - 68.0 Cottontail
Dominion Hills,Week3,Overlee,Week1,345.0 Overlee - 57.0 Dominion Hills
Daventry,Week4,Shouse Village,Week3,306.0 Shouse Village - 96.0 Daventry
Dominion Hills,Week1,Overlee,Week3,355.0 Overlee - 47.0 Dominion Hills
Dominion Hills,Week4,Orange Hunt,Week2,206.0 Orange Hunt - 196.0 Dominion Hills
Dominion Hills,Week5,Orange Hunt,Week4,213.0 Dominion Hills - 189.0 Orange Hunt
Dominion Hills,Week5,Virginia Hills,Week2,366.0 Dominion Hills - 31.0 Virginia Hills
Dominion Hills,Week4,Virginia Hills,Week5,344.0 Dominion Hills - 58.0 Virginia Hills
Dominion Hills,Week2,Overlee,Week3,332.0 Overlee - 70.0 Dominion Hills
Dominion Hills,Week3,Overlee,Week3,343.0 Overlee - 59.0 Dominion Hills
Donaldson Run,Week1,Country Club Hills,Week3,314.0 Donaldson Run - 88.0 Country Club Hills
Dominion Hills,Week1,Overlee,Week1,349.5 Overlee - 52.5 Dominion Hills
Dominion Hills,Week2,Overlee,Week2,343.0 Overlee - 59.0 Dominion Hills
Dominion Hills,Week1,Overlee,Week2,366.0 Overlee - 36.0 Dominion Hills
Donaldson Run,Week3,Country Club Hills,Week1,312.0 Donaldson Run - 90.0 Country Club Hills
Donaldson Run,Week4,Cottontail,Week5,295.0 Donaldson Run - 107.0 Cottontail
Dominion Hills,Week2,Parklawn,Week5,265.0 Dominion Hills - 137.0 Parklawn
Dominion Hills,Week5,Virginia Run,Week1,205.0 Virginia Run - 197.0 Dominion Hills
Daventry,Week5,Vienna Woods,Week3,356.0 Vienna Woods - 46.0 Daventry
Dominion Hills,Week4,Overlee,Week1,330.0 Overlee - 72.0 Dominion Hills
Donaldson Run,Week1,Daventry,Week1,342.0 Donaldson Run - 60.0 Daventry
Dominion Hills,Week2,Virginia Run,Week1,228.0 Virginia Run - 174.0 Dominion Hills
Donaldson Run,Week4,Country Club Hills,Week5,303.0 Donaldson Run - 99.0 Country Club Hills
Dominion Hills,Week2,Virginia Run,Week3,222.0 Virginia Run - 180.0 Dominion Hills
Daventry,Week4,Vienna Woods,Week1,365.0 Vienna Woods - 37.0 Daventry
Dominion Hills,Week3,Virginia Run,Week5,266.0 Virginia Run - 136.0 Dominion Hills
Dominion Hills,Week3,Overlee,Week5,367.0 Overlee - 35.0 Dominion Hills
Dominion Hills,Week4,Overlee,Week5,364.0 Overlee - 38.0 Dominion Hills
Dominion Hills,Week1,Virginia Run,Week1,242.0 Virginia Run - 160.0 Dominion Hills
Dominion Hills,Week3,Parklawn,Week3,282.0 Dominion Hills - 120.0 Parklawn
Dominion Hills,Week5,Overlee,Week4,366.0 Overlee - 36.0 Dominion Hills
Dominion Hills,Week1,Parliament,Week1,228.0 Parliament - 174.0 Dominion Hills
Donaldson Run,Week3,Country Club Hills,Week5,294.0 Donaldson Run - 108.0 Country Club Hills
Dominion Hills,Week5,Virginia Hills,Week4,360.0 Dominion Hills - 42.0 Virginia Hills
Dominion Hills,Week5,Virginia Run,Week4,206.0 Dominion Hills - 196.0 Virginia Run
Dominion Hills,Week5,Virginia Hills,Week5,352.0 Dominion Hills - 50.0 Virginia Hills
Daventry,Week3,Vienna Woods,Week3,369.0 Vienna Woods - 33.0 Daventry
Dominion Hills,Week4,Virginia Run,Week4,208.0 Virginia Run - 194.0 Dominion Hills
Donaldson Run,Week1,Crosspointe,Week5,208.0 Crosspointe - 194.0 Donaldson Run
Daventry,Week5,Vienna Woods,Week1,346.0 Vienna Woods - 51.0 Daventry
Dominion Hills,Week3,Parklawn,Week2,259.5 Dominion Hills - 142.5 Parklawn
Donaldson Run,Week4,Country Club Hills,Week3,329.0 Donaldson Run - 73.0 Country Club Hills
Dominion Hills,Week4,Overlee,Week2,334.0 Overlee - 68.0 Dominion Hills
Daventry,Week5,Vienna Woods,Week5,369.5 Vienna Woods - 32.5 Daventry
Donaldson Run,Week5,Crosspointe,Week1,227.0 Donaldson Run - 175.0 Crosspointe
Donaldson Run,Week1,Crosspointe,Week2,227.0 Donaldson Run - 175.0 Crosspointe
Donaldson Run,Week2,Crosspointe,Week1,211.0 Crosspointe - 191.0 Donaldson Run
Dominion Hills,Week5,Virginia Run,Week2,224.0 Dominion Hills - 173.0 Virginia Run
Daventry,Week1,Vienna Woods,Week2,362.0 Vienna Woods - 40.0 Daventry
Donaldson Run,Week4,Country Club Hills,Week4,324.0 Donaldson Run - 78.0 Country Club Hills
Dominion Hills,Week1,Parklawn,Week3,270.0 Dominion Hills - 131.0 Parklawn
Dominion Hills,Week5,Virginia Run,Week3,214.5 Dominion Hills - 187.5 Virginia Run
Dominion Hills,Week5,Overlee,Week5,355.0 Overlee - 47.0 Dominion Hills
Dominion Hills,Week4,Virginia Run,Week3,202.0 Virginia Run - 200.0 Dominion Hills
Donaldson Run,Week4,Crosspointe,Week1,211.0 Donaldson Run - 191.0 Crosspointe
Daventry,Week4,Vienna Woods,Week2,371.0 Vienna Woods - 30.0 Daventry
Daventry,Week4,Vienna Woods,Week3,376.0 Vienna Woods - 26.0 Daventry
Dominion Hills,Week1,Parklawn,Week4,246.0 Dominion Hills - 155.0 Parklawn
Dominion Hills,Week2,Parklawn,Week3,281.0 Dominion Hills - 121.0 Parklawn
Donaldson Run,Week2,Daventry,Week4,362.0 Donaldson Run - 40.0 Daventry
Dominion Hills,Week1,Virginia Run,Week2,231.0 Virginia Run - 171.0 Dominion Hills
Dominion Hills,Week3,Virginia Run,Week1,260.0 Virginia Run - 142.0 Dominion Hills
Daventry,Week2,Vienna Woods,Week4,364.0 Vienna Woods - 37.0 Daventry
Donaldson Run,Week1,Crosspointe,Week1,201.0 Crosspointe - 201.0 Donaldson Run
Donaldson Run,Week5,Crosspointe,Week3,226.0 Donaldson Run - 176.0 Crosspointe
Dominion Hills,Week3,Virginia Run,Week4,251.0 Virginia Run - 151.0 Dominion Hills
Donaldson Run,Week3,Daventry,Week1,359.0 Donaldson Run - 43.0 Daventry
Dominion Hills,Week5,Parklawn,Week1,306.0 Dominion Hills - 87.0 Parklawn
Dominion Hills,Week5,Overlee,Week3,307.0 Overlee - 95.0 Dominion Hills
Daventry,Week2,Vienna Woods,Week5,375.0 Vienna Woods - 26.0 Daventry
Daventry,Week5,Vienna Aquatic,Week2,329.0 Vienna Aquatic - 73.0 Daventry
Donaldson Run,Week4,Overlee,Week4,311.5 Overlee - 90.5 Donaldson Run
Daventry,Week2,Vienna Woods,Week2,364.0 Vienna Woods - 34.0 Daventry
Donaldson Run,Week1,Daventry,Week5,337.0 Donaldson Run - 65.0 Daventry
Donaldson Run,Week2,Crosspointe,Week3,211.5 Crosspointe - 190.5 Donaldson Run
Dominion Hills,Week2,Parklawn,Week2,260.0 Dominion Hills - 142.0 Parklawn
Daventry,Week5,Vienna Aquatic,Week5,351.0 Vienna Aquatic - 51.0 Daventry
Dominion Hills,Week2,Parklawn,Week4,256.0 Dominion Hills - 146.0 Parklawn
Donaldson Run,Week3,Crosspointe,Week3,206.0 Donaldson Run - 196.0 Crosspointe
Donaldson Run,Week3,Crosspointe,Week5,208.0 Crosspointe - 194.0 Donaldson Run
Daventry,Week3,Vienna Woods,Week2,366.0 Vienna Woods - 35.0 Daventry
Donaldson Run,Week5,Overlee,Week5,284.0 Overlee - 118.0 Donaldson Run
Dominion Hills,Week5,Virginia Run,Week5,216.0 Virginia Run - 186.0 Dominion Hills
Dominion Hills,Week1,Parklawn,Week5,257.0 Dominion Hills - 139.0 Parklawn
Donaldson Run,Week1,Daventry,Week3,354.0 Donaldson Run - 48.0 Daventry
Daventry,Week2,Vienna Woods,Week1,361.0 Vienna Woods - 41.0 Daventry
Daventry,Week5,Vienna Aquatic,Week3,340.0 Vienna Aquatic - 62.0 Daventry
Dominion Hills,Week4,Parklawn,Week1,297.0 Dominion Hills - 95.0 Parklawn
Donaldson Run,Week5,Overlee,Week4,291.0 Overlee - 111.0 Donaldson Run
Donaldson Run,Week2,Crosspointe,Week4,201.0 Crosspointe - 201.0 Donaldson Run
Daventry,Week3,Riverside Gardens,Week2,338.0 Riverside Gardens - 64.0 Daventry
Daventry,Week5,Ravensworth Farm,Week5,319.5 Ravensworth Farm - 82.5 Daventry
Dominion Hills,Week3,Virginia Run,Week2,232.0 Virginia Run - 170.0 Dominion Hills
Dominion Hills,Week1,Virginia Run,Week4,254.0 Virginia Run - 148.0 Dominion Hills
Dominion Hills,Week2,Virginia Run,Week5,255.0 Virginia Run - 147.0 Dominion Hills
Daventry,Week2,Riverside Gardens,Week2,345.0 Riverside Gardens - 57.0 Daventry
Donaldson Run,Week3,Crosspointe,Week1,207.0 Crosspointe - 195.0 Donaldson Run
Dominion Hills,Week1,Wakefield Chapel,Week1,321.0 Wakefield Chapel - 81.0 Dominion Hills
Daventry,Week5,Vienna Aquatic,Week1,330.0 Vienna Aquatic - 72.0 Daventry
Daventry,Week1,Riverside Gardens,Week1,352.0 Riverside Gardens - 50.0 Daventry
Dominion Hills,Week4,Virginia Run,Week1,218.0 Virginia Run - 184.0 Dominion Hills
Dominion Hills,Week4,Parklawn,Week3,297.0 Dominion Hills - 105.0 Parklawn
Donaldson Run,Week4,Crosspointe,Week3,213.0 Donaldson Run - 189.0 Crosspointe
Daventry,Week3,Vienna Woods,Week4,366.0 Vienna Woods - 36.0 Daventry
Daventry,Week2,Riverside Gardens,Week5,347.0 Riverside Gardens - 54.0 Daventry
Dominion Hills,Week4,Parklawn,Week5,269.0 Dominion Hills - 133.0 Parklawn
Daventry,Week5,Vienna Aquatic,Week4,324.0 Vienna Aquatic - 78.0 Daventry
Dominion Hills,Week3,Parklawn,Week4,233.0 Dominion Hills - 168.0 Parklawn
Daventry,Week1,Riverside Gardens,Week5,343.0 Riverside Gardens - 59.0 Daventry
Dominion Hills,Week1,Virginia Run,Week3,237.0 Virginia Run - 165.0 Dominion Hills
Dominion Hills,Week4,Virginia Run,Week5,235.0 Virginia Run - 167.0 Dominion Hills
Daventry,Week1,Riverside Gardens,Week2,340.0 Riverside Gardens - 62.0 Daventry
Dominion Hills,Week3,Parklawn,Week5,256.0 Dominion Hills - 146.0 Parklawn
Dominion Hills,Week2,Virginia Run,Week4,241.0 Virginia Run - 161.0 Dominion Hills
Donaldson Run,Week2,Crosspointe,Week2,217.0 Donaldson Run - 185.0 Crosspointe
Donaldson Run,Week4,Crosspointe,Week4,216.0 Donaldson Run - 186.0 Crosspointe
Dominion Hills,Week5,Wakefield Chapel,Week5,296.0 Wakefield Chapel - 106.0 Dominion Hills
Daventry,Week1,Riverside Gardens,Week4,351.0 Riverside Gardens - 51.0 Daventry
Daventry,Week1,Vienna Woods,Week5,374.0 Vienna Woods - 28.0 Daventry
Daventry,Week1,Vienna Woods,Week1,358.0 Vienna Woods - 44.0 Daventry
Donaldson Run,Week4,Crosspointe,Week2,240.0 Donaldson Run - 162.0 Crosspointe
Daventry,Week4,Vienna Woods,Week4,370.0 Vienna Woods - 32.0 Daventry
Donaldson Run,Week5,Country Club Hills,Week5,327.0 Donaldson Run - 75.0 Country Club Hills
Daventry,Week2,Riverside Gardens,Week4,357.0 Riverside Gardens - 45.0 Daventry
Dominion Hills,Week1,Virginia Run,Week5,268.5 Virginia Run - 133.5 Dominion Hills
Dominion Hills,Week3,Parklawn,Week1,283.0 Dominion Hills - 110.0 Parklawn
Donaldson Run,Week3,Crosspointe,Week4,219.0 Donaldson Run - 183.0 Crosspointe
Daventry,Week2,Riverside Gardens,Week3,358.0 Riverside Gardens - 44.0 Daventry
Daventry,Week3,Vienna Woods,Week1,358.0 Vienna Woods - 44.0 Daventry
Dominion Hills,Week1,Parklawn,Week1,275.0 Dominion Hills - 118.0 Parklawn
Dominion Hills,Week5,Parklawn,Week2,280.0 Dominion Hills - 121.0 Parklawn
Daventry,Week1,Riverside Gardens,Week3,351.0 Riverside Gardens - 51.0 Daventry
Dominion Hills,Week1,Parklawn,Week2,249.5 Dominion Hills - 151.5 Parklawn
Daventry,Week2,Riverside Gardens,Week1,349.0 Riverside Gardens - 53.0 Daventry
Dominion Hills,Week5,Wakefield Chapel,Week3,272.5 Wakefield Chapel - 129.5 Dominion Hills
Dominion Hills,Week2,Virginia Run,Week2,214.0 Virginia Run - 188.0 Dominion Hills
Daventry,Week2,Vienna Woods,Week3,367.0 Vienna Woods - 34.0 Daventry
Daventry,Week1,Vienna Woods,Week3,365.0 Vienna Woods - 37.0 Daventry
Donaldson Run,Week3,Crosspointe,Week2,224.0 Donaldson Run - 178.0 Crosspointe
Daventry,Week1,Vienna Woods,Week4,363.0 Vienna Woods - 39.0 Daventry
Dominion Hills,Week3,Virginia Run,Week3,223.0 Virginia Run - 179.0 Dominion Hills
Dominion Hills,Week4,Virginia Run,Week2,202.0 Dominion Hills - 200.0 Virginia Run
Donaldson Run,Week4,Crosspointe,Week5,208.0 Crosspointe - 194.0 Donaldson Run
Dominion Hills,Week5,Parklawn,Week3,303.0 Dominion Hills - 98.0 Parklawn
Donaldson Run,Week5,Overlee,Week3,249.0 Overlee - 153.0 Donaldson Run
Donaldson Run,Week1,Crosspointe,Week3,202.0 Crosspointe - 200.0 Donaldson Run
Dominion Hills,Week4,Parklawn,Week2,268.0 Dominion Hills - 133.0 Parklawn
Donaldson Run,Week5,Overlee,Week1,245.5 Overlee - 156.5 Donaldson Run
Daventry,Week3,Riverside Gardens,Week1,347.0 Riverside Gardens - 55.0 Daventry
Dominion Hills,Week5,Parklawn,Week4,275.0 Dominion Hills - 125.0 Parklawn
Dominion Hills,Week3,Wakefield Chapel,Week5,329.0 Wakefield Chapel - 73.0 Dominion Hills
Dominion Hills,Week1,Walden Glen,Week2,211.0 Dominion Hills - 191.0 Walden Glen
Dominion Hills,Week4,Parklawn,Week4,259.0 Dominion Hills - 139.0 Parklawn
Daventry,Week5,Vienna Woods,Week2,355.0 Vienna Woods - 46.0 Daventry
Donaldson Run,Week5,Hamlet,Week4,256.0 Donaldson Run - 146.0 Hamlet
Donaldson Run,Week1,Hayfield Farm,Week5,269.0 Donaldson Run - 133.0 Hayfield Farm
Daventry,Week4,Villa Aquatic,Week1,285.0 Villa Aquatic - 117.0 Daventry
Daventry,Week4,Vienna Woods,Week5,383.0 Vienna Woods - 19.0 Daventry
Donaldson Run,Week4,Overlee,Week5,305.0 Overlee - 97.0 Donaldson Run
Dominion Hills,Week2,Walden Glen,Week2,227.0 Dominion Hills - 175.0 Walden Glen
Dominion Hills,Week5,Parklawn,Week5,283.0 Dominion Hills - 118.0 Parklawn
Donaldson Run,Week3,Hayfield Farm,Week1,266.0 Donaldson Run - 136.0 Hayfield Farm
Donaldson Run,Week5,Crosspointe,Week2,246.0 Donaldson Run - 156.0 Crosspointe
Dominion Hills,Week2,Parklawn,Week1,287.0 Dominion Hills - 106.0 Parklawn
Dominion Hills,Week2,Walden Glen,Week4,229.0 Dominion Hills - 173.0 Walden Glen
Dominion Hills,Week1,Parliament,Week3,209.0 Parliament - 193.0 Dominion Hills
Donaldson Run,Week5,Hayfield Farm,Week2,290.0 Donaldson Run - 112.0 Hayfield Farm
Daventry,Week5,Vienna Woods,Week4,353.0 Vienna Woods - 44.0 Daventry
Donaldson Run,Week5,Crosspointe,Week4,234.0 Donaldson Run - 168.0 Crosspointe
Donaldson Run,Week5,Crosspointe,Week5,218.0 Donaldson Run - 184.0 Crosspointe
Dominion Hills,Week2,Wakefield Chapel,Week3,312.0 Wakefield Chapel - 90.0 Dominion Hills
Donaldson Run,Week2,Crosspointe,Week5,208.0 Crosspointe - 194.0 Donaldson Run
Daventry,Week3,Vienna Woods,Week5,377.0 Vienna Woods - 25.0 Daventry
Donaldson Run,Week1,Crosspointe,Week4,202.0 Donaldson Run - 200.0 Crosspointe
Daventry,Week3,Villa Aquatic,Week3,316.0 Villa Aquatic - 86.0 Daventry
Dominion Hills,Week1,Walden Glen,Week4,223.0 Dominion Hills - 179.0 Walden Glen
Donaldson Run,Week4,Hayfield Farm,Week4,276.0 Donaldson Run - 126.0 Hayfield Farm
Daventry,Week1,Virginia Run,Week5,349.0 Virginia Run - 53.0 Daventry
Dominion Hills,Week4,Parliament,Week2,246.0 Dominion Hills - 156.0 Parliament
Dominion Hills,Week2,Wakefield Chapel,Week2,306.0 Wakefield Chapel - 96.0 Dominion Hills
Dominion Hills,Week3,Parliament,Week1,238.0 Parliament - 164.0 Dominion Hills
Donaldson Run,Week1,Daventry,Week4,358.0 Donaldson Run - 44.0 Daventry
Donaldson Run,Week2,Hayfield Farm,Week3,255.0 Donaldson Run - 147.0 Hayfield Farm
Donaldson Run,Week1,Daventry,Week2,345.0 Donaldson Run - 57.0 Daventry
Dominion Hills,Week5,Wakefield Chapel,Week2,270.0 Wakefield Chapel - 132.0 Dominion Hills
Donaldson Run,Week2,Daventry,Week3,361.0 Donaldson Run - 41.0 Daventry
Daventry,Week2,Virginia Run,Week3,328.0 Virginia Run - 74.0 Daventry
Dominion Hills,Week2,Pinecrest,Week4,282.0 Pinecrest - 120.0 Dominion Hills
Donaldson Run,Week5,Overlee,Week2,248.0 Overlee - 154.0 Donaldson Run
Dominion Hills,Week2,Pinecrest,Week2,266.0 Pinecrest - 136.0 Dominion Hills
Daventry,Week1,Villa Aquatic,Week2,287.0 Villa Aquatic - 115.0 Daventry
Dominion Hills,Week4,Parliament,Week3,232.0 Dominion Hills - 170.0 Parliament
Donaldson Run,Week2,Hayfield Farm,Week2,263.0 Donaldson Run - 139.0 Hayfield Farm
Donaldson Run,Week2,Daventry,Week2,359.0 Donaldson Run - 43.0 Daventry
Donaldson Run,Week4,Hayfield Farm,Week2,277.0 Donaldson Run - 125.0 Hayfield Farm
Dominion Hills,Week4,Wakefield Chapel,Week5,303.0 Wakefield Chapel - 99.0 Dominion Hills
Daventry,Week2,Villa Aquatic,Week2,297.0 Villa Aquatic - 105.0 Daventry
Dominion Hills,Week5,Parliament,Week2,249.0 Dominion Hills - 153.0 Parliament
Donaldson Run,Week2,Daventry,Week1,352.0 Donaldson Run - 50.0 Daventry
Dominion Hills,Week1,Wakefield Chapel,Week3,327.0 Wakefield Chapel - 75.0 Dominion Hills
Donaldson Run,Week5,Hamlet,Week5,204.0 Hamlet - 198.0 Donaldson Run
Daventry,Week1,Villa Aquatic,Week1,283.0 Villa Aquatic - 119.0 Daventry
Daventry,Week3,Villa Aquatic,Week5,320.0 Villa Aquatic - 82.0 Daventry
Daventry,Week3,Virginia Run,Week2,315.0 Virginia Run - 87.0 Daventry
Donaldson Run,Week3,Daventry,Week2,357.0 Donaldson Run - 45.0 Daventry
Dominion Hills,Week1,Wakefield Chapel,Week5,325.5 Wakefield Chapel - 76.5 Dominion Hills
Dominion Hills,Week2,Wakefield Chapel,Week1,309.0 Wakefield Chapel - 93.0 Dominion Hills
Dominion Hills,Week5,Parliament,Week4,238.0 Dominion Hills - 164.0 Parliament
Daventry,Week5,Virginia Run,Week5,330.0 Virginia Run - 72.0 Daventry
Daventry,Week5,Virginia Run,Week2,297.0 Virginia Run - 105.0 Daventry
Donaldson Run,Week4,Daventry,Week4,364.0 Donaldson Run - 38.0 Daventry
Daventry,Week1,Village West,Week5,248.0 Village West - 154.0 Daventry
Dominion Hills,Week3,Wakefield Chapel,Week4,292.0 Wakefield Chapel - 110.0 Dominion Hills
Donaldson Run,Week4,Daventry,Week2,358.0 Donaldson Run - 44.0 Daventry
Dominion Hills,Week5,Wakefield Chapel,Week1,282.0 Wakefield Chapel - 120.0 Dominion Hills
Dominion Hills,Week3,Parliament,Week4,207.0 Parliament - 195.0 Dominion Hills
Donaldson Run,Week3,Daventry,Week3,365.0 Donaldson Run - 37.0 Daventry
Daventry,Week4,Virginia Run,Week1,340.0 Virginia Run - 62.0 Daventry
Donaldson Run,Week1,Hayfield Farm,Week1,258.0 Donaldson Run - 144.0 Hayfield Farm
Daventry,Week1,Villa Aquatic,Week3,321.0 Villa Aquatic - 81.0 Daventry
Dominion Hills,Week2,Parliament,Week2,216.0 Dominion Hills - 186.0 Parliament
Daventry,Week2,Village West,Week3,255.0 Village West - 146.0 Daventry
Dominion Hills,Week2,Parliament,Week1,215.0 Parliament - 187.0 Dominion Hills
Dominion Hills,Week2,Wakefield Chapel,Week4,296.0 Wakefield Chapel - 106.0 Dominion Hills
Donaldson Run,Week4,Hamlet,Week5,232.5 Hamlet - 169.5 Donaldson Run
Daventry,Week1,Village West,Week4,252.0 Village West - 145.0 Daventry
Dominion Hills,Week5,Parliament,Week1,216.0 Dominion Hills - 185.0 Parliament
Dominion Hills,Week1,Wakefield Chapel,Week4,303.0 Wakefield Chapel - 99.0 Dominion Hills
Donaldson Run,Week1,Hayfield Farm,Week2,266.0 Donaldson Run - 136.0 Hayfield Farm
Donaldson Run,Week3,Hayfield Farm,Week2,269.0 Donaldson Run - 133.0 Hayfield Farm
Dominion Hills,Week5,Parliament,Week5,233.0 Dominion Hills - 168.0 Parliament
Daventry,Week2,Village West,Week1,250.0 Village West - 148.0 Daventry
Daventry,Week3,Villa Aquatic,Week1,289.0 Villa Aquatic - 112.0 Daventry
Daventry,Week3,Virginia Run,Week1,331.0 Virginia Run - 71.0 Daventry
Donaldson Run,Week5,Hamlet,Week2,232.0 Donaldson Run - 170.0 Hamlet
Daventry,Week1,Villa Aquatic,Week4,306.0 Villa Aquatic - 96.0 Daventry
Donaldson Run,Week5,Daventry,Week1,361.0 Donaldson Run - 41.0 Daventry
Daventry,Week1,Virginia Run,Week3,322.0 Virginia Run - 80.0 Daventry
Daventry,Week3,Wakefield Chapel,Week1,359.0 Wakefield Chapel - 43.0 Daventry
Dominion Hills,Week1,Pinecrest,Week1,278.0 Pinecrest - 124.0 Dominion Hills
Daventry,Week4,Villa Aquatic,Week2,295.0 Villa Aquatic - 107.0 Daventry
Donaldson Run,Week3,Hayfield Farm,Week5,275.0 Donaldson Run - 127.0 Hayfield Farm
Donaldson Run,Week3,Daventry,Week4,365.0 Donaldson Run - 37.0 Daventry
Daventry,Week1,Wakefield Chapel,Week3,357.0 Wakefield Chapel - 45.0 Daventry
Donaldson Run,Week4,Daventry,Week5,340.0 Donaldson Run - 62.0 Daventry
Dominion Hills,Week3,Wakefield Chapel,Week2,321.0 Wakefield Chapel - 81.0 Dominion Hills
Donaldson Run,Week2,Daventry,Week5,344.0 Donaldson Run - 58.0 Daventry
Donaldson Run,Week1,Hayfield Farm,Week4,252.0 Donaldson Run - 150.0 Hayfield Farm
Donaldson Run,Week5,Hamlet,Week3,232.0 Donaldson Run - 170.0 Hamlet
Dominion Hills,Week2,Wakefield Chapel,Week5,322.0 Wakefield Chapel - 80.0 Dominion Hills
Daventry,Week1,Wakefield Chapel,Week5,364.0 Wakefield Chapel - 38.0 Daventry
Donaldson Run,Week3,Daventry,Week5,345.0 Donaldson Run - 57.0 Daventry
Donaldson Run,Week4,Daventry,Week1,355.0 Donaldson Run - 47.0 Daventry
Donaldson Run,Week2,Hayfield Farm,Week1,257.0 Donaldson Run - 145.0 Hayfield Farm
Donaldson Run,Week5,Daventry,Week2,359.5 Donaldson Run - 42.5 Daventry
Donaldson Run,Week2,Hayfield Farm,Week5,276.0 Donaldson Run - 126.0 Hayfield Farm
Daventry,Week2,Village West,Week2,246.5 Village West - 150.5 Daventry
Daventry,Week2,Village West,Week4,245.0 Village West - 148.0 Daventry
Daventry,Week2,Villa Aquatic,Week3,318.0 Villa Aquatic - 83.0 Daventry
Daventry,Week2,Villa Aquatic,Week1,288.0 Villa Aquatic - 114.0 Daventry
Daventry,Week1,Wakefield Chapel,Week1,356.0 Wakefield Chapel - 46.0 Daventry
Donaldson Run,Week3,Hayfield Farm,Week3,262.0 Donaldson Run - 140.0 Hayfield Farm
Dominion Hills,Week4,Wakefield Chapel,Week2,284.0 Wakefield Chapel - 118.0 Dominion Hills
Dominion Hills,Week4,Parliament,Week1,202.0 Dominion Hills - 199.0 Parliament
Donaldson Run,Week4,Daventry,Week3,360.0 Donaldson Run - 42.0 Daventry
Daventry,Week1,Virginia Run,Week4,338.0 Virginia Run - 64.0 Daventry
Dominion Hills,Week1,Pinecrest,Week3,297.5 Pinecrest - 104.5 Dominion Hills
Daventry,Week4,Virginia Run,Week4,341.0 Virginia Run - 61.0 Daventry
Donaldson Run,Week2,Hayfield Farm,Week4,263.0 Donaldson Run - 139.0 Hayfield Farm
Dominion Hills,Week3,Wakefield Chapel,Week3,312.0 Wakefield Chapel - 90.0 Dominion Hills
Dominion Hills,Week4,Wakefield Chapel,Week1,294.0 Wakefield Chapel - 108.0 Dominion Hills
Dominion Hills,Week3,Wakefield Chapel,Week1,315.0 Wakefield Chapel - 87.0 Dominion Hills
Dominion Hills,Week2,Pinecrest,Week1,250.0 Pinecrest - 152.0 Dominion Hills
Dominion Hills,Week3,Parliament,Week5,233.0 Parliament - 169.0 Dominion Hills
Daventry,Week2,Virginia Run,Week1,341.0 Virginia Run - 61.0 Daventry
Dominion Hills,Week5,Wakefield Chapel,Week4,264.0 Wakefield Chapel - 138.0 Dominion Hills
Daventry,Week5,Villa Aquatic,Week2,276.0 Villa Aquatic - 126.0 Daventry
Donaldson Run,Week4,Hayfield Farm,Week1,272.0 Donaldson Run - 130.0 Hayfield Farm
Daventry,Week1,Village West,Week2,252.0 Village West - 149.0 Daventry
Daventry,Week5,Virginia Run,Week1,323.0 Virginia Run - 79.0 Daventry
Donaldson Run,Week4,Hayfield Farm,Week3,255.0 Donaldson Run - 147.0 Hayfield Farm
Donaldson Run,Week1,Hayfield Farm,Week3,238.0 Donaldson Run - 164.0 Hayfield Farm
Dominion Hills,Week1,Walden Glen,Week1,254.0 Dominion Hills - 148.0 Walden Glen
Daventry,Week4,Virginia Run,Week5,351.0 Virginia Run - 51.0 Daventry
Daventry,Week1,Wakefield Chapel,Week4,353.0 Wakefield Chapel - 49.0 Daventry
Dominion Hills,Week1,Pinecrest,Week4,305.0 Pinecrest - 97.0 Dominion Hills
Donaldson Run,Week5,Daventry,Week3,362.0 Donaldson Run - 40.0 Daventry
Donaldson Run,Week5,Daventry,Week5,356.0 Donaldson Run - 46.0 Daventry
Dominion Hills,Week2,Parliament,Week4,214.5 Dominion Hills - 187.5 Parliament
Daventry,Week2,Villa Aquatic,Week4,311.0 Villa Aquatic - 91.0 Daventry
Dominion Hills,Week1,Parliament,Week4,202.0 Dominion Hills - 200.0 Parliament
Donaldson Run,Week3,Hayfield Farm,Week4,267.0 Donaldson Run - 135.0 Hayfield Farm
Daventry,Week5,Villa Aquatic,Week5,292.0 Villa Aquatic - 110.0 Daventry
Daventry,Week2,Wakefield Chapel,Week1,359.0 Wakefield Chapel - 43.0 Daventry
Donaldson Run,Week4,Hayfield Farm,Week5,282.0 Donaldson Run - 120.0 Hayfield Farm
Donaldson Run,Week5,Daventry,Week4,373.0 Donaldson Run - 29.0 Daventry
Dominion Hills,Week1,Wakefield Chapel,Week2,324.0 Wakefield Chapel - 78.0 Dominion Hills
Dominion Hills,Week3,Parliament,Week2,206.0 Dominion Hills - 196.0 Parliament
Dominion Hills,Week4,Wakefield Chapel,Week4,272.0 Wakefield Chapel - 130.0 Dominion Hills
Dominion Hills,Week4,Parliament,Week4,225.0 Dominion Hills - 177.0 Parliament
Dominion Hills,Week4,Wakefield Chapel,Week3,290.0 Wakefield Chapel - 107.0 Dominion Hills
Daventry,Week1,Villa Aquatic,Week5,319.0 Villa Aquatic - 83.0 Daventry
Donaldson Run,Week1,Dominion Hills,Week1,291.0 Donaldson Run - 111.0 Dominion Hills
Dominion Hills,Week2,Parliament,Week5,210.0 Dominion Hills - 192.0 Parliament
Donaldson Run,Week4,Herndon,Week2,368.0 Donaldson Run - 34.0 Herndon
Donaldson Run,Week5,Herndon,Week2,373.0 Donaldson Run - 29.0 Herndon
Dominion Hills,Week2,Walden Glen,Week3,246.0 Dominion Hills - 156.0 Walden Glen
Dominion Hills,Week5,Walden Glen,Week3,264.0 Dominion Hills - 138.0 Walden Glen
Daventry,Week3,Villa Aquatic,Week4,305.0 Villa Aquatic - 97.0 Daventry
Donaldson Run,Week5,Hayfield Farm,Week1,290.0 Donaldson Run - 112.0 Hayfield Farm
Daventry,Week2,Virginia Run,Week4,339.0 Virginia Run - 63.0 Daventry
Dominion Hills,Week1,Walden Glen,Week5,214.0 Dominion Hills - 188.0 Walden Glen
Dominion Hills,Week1,Walden Glen,Week3,225.0 Dominion Hills - 177.0 Walden Glen
Daventry,Week3,Villa Aquatic,Week2,291.0 Villa Aquatic - 111.0 Daventry
Donaldson Run,Week5,Hamlet,Week1,237.0 Donaldson Run - 165.0 Hamlet
Donaldson Run,Week3,Herndon,Week5,365.0 Donaldson Run - 37.0 Herndon
Donaldson Run,Week5,Herndon,Week3,376.0 Donaldson Run - 26.0 Herndon
Daventry,Week3,Virginia Run,Week3,318.0 Virginia Run - 83.0 Daventry
Donaldson Run,Week1,Hiddenbrook,Week2,329.0 Donaldson Run - 73.0 Hiddenbrook
Dominion Hills,Week3,Waynewood,Week2,253.0 Waynewood - 149.0 Dominion Hills
Daventry,Week5,Villa Aquatic,Week3,302.0 Villa Aquatic - 100.0 Daventry
Dominion Hills,Week1,Parliament,Week2,204.0 Dominion Hills - 198.0 Parliament
Daventry,Week3,Virginia Run,Week5,346.0 Virginia Run - 56.0 Daventry
Daventry,Week1,Village West,Week1,251.0 Village West - 151.0 Daventry
Dominion Hills,Week1,Pinecrest,Week2,277.0 Pinecrest - 125.0 Dominion Hills
Dominion Hills,Week5,Walden Glen,Week2,256.0 Dominion Hills - 145.0 Walden Glen
Dominion Hills,Week3,Parliament,Week3,215.0 Parliament - 187.0 Dominion Hills
Dominion Hills,Week2,Waynewood,Week1,209.0 Waynewood - 193.0 Dominion Hills
Daventry,Week4,Villa Aquatic,Week3,328.0 Villa Aquatic - 74.0 Daventry
Dominion Hills,Week2,Cottontail,Week4,227.0 Dominion Hills - 175.0 Cottontail
Dominion Hills,Week2,Parliament,Week3,207.0 Dominion Hills - 195.0 Parliament
Dominion Hills,Week2,Walden Glen,Week1,267.0 Dominion Hills - 135.0 Walden Glen
Daventry,Week4,Virginia Run,Week2,323.0 Virginia Run - 79.0 Daventry
Daventry,Week3,Virginia Run,Week4,329.0 Virginia Run - 73.0 Daventry
Donaldson Run,Week1,Dominion Hills,Week2,288.0 Donaldson Run - 114.0 Dominion Hills
Daventry,Week5,Virginia Run,Week4,307.0 Virginia Run - 95.0 Daventry
Daventry,Week5,Villa Aquatic,Week1,270.0 Villa Aquatic - 132.0 Daventry
Daventry,Week2,Virginia Run,Week2,328.5 Virginia Run - 73.5 Daventry
Daventry,Week4,Villa Aquatic,Week4,315.0 Villa Aquatic - 87.0 Daventry
Daventry,Week4,Virginia Run,Week3,329.0 Virginia Run - 73.0 Daventry
Daventry,Week2,Villa Aquatic,Week5,314.0 Villa Aquatic - 88.0 Daventry
Daventry,Week1,Village West,Week3,266.0 Village West - 136.0 Daventry
Dominion Hills,Week1,Pinecrest,Week5,295.0 Pinecrest - 107.0 Dominion Hills
Dominion Hills,Week1,Parliament,Week5,212.5 Parliament - 189.5 Dominion Hills
Dominion Hills,Week4,Walden Glen,Week5,231.0 Dominion Hills - 170.0 Walden Glen
Dominion Hills,Week5,Parliament,Week3,243.0 Dominion Hills - 159.0 Parliament
Donaldson Run,Week5,Herndon,Week5,374.0 Donaldson Run - 28.0 Herndon
Donaldson Run,Week2,Herndon,Week4,370.0 Donaldson Run - 32.0 Herndon
Dominion Hills,Week4,Parliament,Week5,217.0 Dominion Hills - 185.0 Parliament
Daventry,Week2,Virginia Run,Week5,351.0 Virginia Run - 51.0 Daventry
Daventry,Week1,Virginia Hills,Week2,236.0 Daventry - 162.0 Virginia Hills
Dominion Hills,Week4,Walden Glen,Week4,234.5 Dominion Hills - 161.5 Walden Glen
Daventry,Week2,Wakefield Chapel,Week2,350.0 Wakefield Chapel - 51.0 Daventry
Daventry,Week2,Virginia Hills,Week2,246.0 Daventry - 149.0 Virginia Hills
Dominion Hills,Week3,Pinecrest,Week1,266.0 Pinecrest - 136.0 Dominion Hills
Dominion Hills,Week4,Lincolnia Park,Week1,332.0 Dominion Hills - 70.0 Lincolnia Park
Daventry,Week1,Wakefield Chapel,Week2,357.0 Wakefield Chapel - 45.0 Daventry
Daventry,Week5,Virginia Run,Week3,301.5 Virginia Run - 100.5 Daventry
Dominion Hills,Week5,Walden Glen,Week4,240.0 Dominion Hills - 162.0 Walden Glen
Donaldson Run,Week5,Hayfield Farm,Week4,287.0 Donaldson Run - 115.0 Hayfield Farm
Dominion Hills,Week2,Pinecrest,Week5,278.0 Pinecrest - 124.0 Dominion Hills
Donaldson Run,Week5,Hayfield Farm,Week3,271.0 Donaldson Run - 131.0 Hayfield Farm
Dominion Hills,Week3,Cottontail,Week4,227.0 Dominion Hills - 175.0 Cottontail
Dominion Hills,Week2,Pinecrest,Week3,285.0 Pinecrest - 117.0 Dominion Hills
Donaldson Run,Week5,Hayfield Farm,Week5,306.0 Donaldson Run - 96.0 Hayfield Farm
Dominion Hills,Week4,Walden Glen,Week3,270.0 Dominion Hills - 131.0 Walden Glen
Dominion Hills,Week2,Walden Glen,Week5,218.0 Dominion Hills - 184.0 Walden Glen
Daventry,Week5,Villa Aquatic,Week4,291.5 Villa Aquatic - 110.5 Daventry
Daventry,Week4,Villa Aquatic,Week5,324.0 Villa Aquatic - 78.0 Daventry
Dominion Hills,Week4,Cottontail,Week2,261.0 Dominion Hills - 141.0 Cottontail
Dominion Hills,Week2,Country Club Hills,Week4,230.0 Dominion Hills - 172.0 Country Club Hills
Donaldson Run,Week2,Herndon,Week5,372.0 Donaldson Run - 30.0 Herndon
Dominion Hills,Week2,Country Club Hills,Week2,228.0 Dominion Hills - 174.0 Country Club Hills
Daventry,Week2,Wakefield Chapel,Week3,360.0 Wakefield Chapel - 42.0 Daventry
Donaldson Run,Week2,Herndon,Week2,366.0 Donaldson Run - 36.0 Herndon
Donaldson Run,Week2,Herndon,Week1,366.0 Donaldson Run - 36.0 Herndon
Daventry,Week4,Wakefield Chapel,Week2,366.0 Wakefield Chapel - 36.0 Daventry
Dominion Hills,Week5,Lincolnia Park,Week4,326.0 Dominion Hills - 76.0 Lincolnia Park
Daventry,Week2,Virginia Hills,Week3,238.0 Daventry - 163.0 Virginia Hills
Dominion Hills,Week3,Cottontail,Week2,216.0 Dominion Hills - 186.0 Cottontail
Dominion Hills,Week1,Lincolnia Park,Week1,318.0 Dominion Hills - 84.0 Lincolnia Park
Dominion Hills,Week3,Lincolnia Park,Week5,277.0 Dominion Hills - 116.0 Lincolnia Park
Dominion Hills,Week2,Cottontail,Week3,238.0 Dominion Hills - 164.0 Cottontail
Dominion Hills,Week1,Waynewood,Week1,228.0 Waynewood - 174.0 Dominion Hills
Dominion Hills,Week5,Cottontail,Week5,255.0 Dominion Hills - 147.0 Cottontail
Dominion Hills,Week4,Walden Glen,Week2,246.0 Dominion Hills - 152.0 Walden Glen
Dominion Hills,Week3,Cottontail,Week1,227.0 Dominion Hills - 175.0 Cottontail
Dominion Hills,Week1,Little Hunting Park,Week1,254.0 Dominion Hills - 147.0 Little Hunting Park
Dominion Hills,Week3,Walden Glen,Week4,209.5 Dominion Hills - 192.5 Walden Glen
Daventry,Week3,Walden Glen,Week3,274.0 Walden Glen - 128.0 Daventry
Daventry,Week1,Virginia Hills,Week1,241.0 Daventry - 160.0 Virginia Hills
Daventry,Week4,Pleasant Valley,Week4,243.0 Daventry - 149.0 Pleasant Valley
Daventry,Week3,Virginia Hills,Week4,241.0 Daventry - 158.0 Virginia Hills
Daventry,Week2,Wakefield Chapel,Week5,368.0 Wakefield Chapel - 34.0 Daventry
Daventry,Week4,Virginia Hills,Week1,249.0 Daventry - 151.0 Virginia Hills
Daventry,Week2,Wakefield Chapel,Week4,350.0 Wakefield Chapel - 52.0 Daventry
Donaldson Run,Week2,Hiddenbrook,Week3,305.0 Donaldson Run - 97.0 Hiddenbrook
Donaldson Run,Week1,Herndon,Week2,363.0 Donaldson Run - 39.0 Herndon
Daventry,Week3,Village West,Week2,245.0 Village West - 155.0 Daventry
Daventry,Week5,Wakefield Chapel,Week3,351.0 Wakefield Chapel - 51.0 Daventry
Dominion Hills,Week3,Lincolnia Park,Week3,283.0 Dominion Hills - 110.0 Lincolnia Park
Dominion Hills,Week3,Walden Glen,Week5,211.0 Dominion Hills - 191.0 Walden Glen
Dominion Hills,Week3,Walden Glen,Week3,233.5 Dominion Hills - 168.5 Walden Glen
Dominion Hills,Week2,Lincolnia Park,Week1,325.0 Dominion Hills - 77.0 Lincolnia Park
Dominion Hills,Week4,Cottontail,Week5,229.0 Dominion Hills - 173.0 Cottontail
Dominion Hills,Week5,Walden Glen,Week1,268.0 Dominion Hills - 133.0 Walden Glen
Daventry,Week4,Rolling Forest,Week1,288.0 Rolling Forest - 114.0 Daventry
Daventry,Week4,Pleasant Valley,Week5,208.0 Daventry - 183.0 Pleasant Valley
Dominion Hills,Week2,Waynewood,Week3,266.0 Waynewood - 136.0 Dominion Hills
Donaldson Run,Week3,Herndon,Week3,370.0 Donaldson Run - 32.0 Herndon
Dominion Hills,Week3,Cottontail,Week3,233.0 Dominion Hills - 169.0 Cottontail
Daventry,Week1,Virginia Hills,Week4,237.0 Daventry - 164.0 Virginia Hills
Daventry,Week5,Wakefield Chapel,Week2,343.0 Wakefield Chapel - 59.0 Daventry
Daventry,Week5,Riverside Gardens,Week4,340.0 Riverside Gardens - 62.0 Daventry
Dominion Hills,Week4,Country Club Hills,Week5,242.0 Dominion Hills - 160.0 Country Club Hills
Dominion Hills,Week5,Lincolnia Park,Week5,303.0 Dominion Hills - 89.0 Lincolnia Park
Daventry,Week3,Wakefield Chapel,Week3,355.0 Wakefield Chapel - 47.0 Daventry
Daventry,Week5,Village West,Week3,241.0 Village West - 160.0 Daventry
Donaldson Run,Week4,Herndon,Week1,366.0 Donaldson Run - 36.0 Herndon
Dominion Hills,Week5,Cottontail,Week1,252.0 Dominion Hills - 150.0 Cottontail
Donaldson Run,Week3,Herndon,Week1,372.0 Donaldson Run - 30.0 Herndon
Dominion Hills,Week2,Little Hunting Park,Week2,256.0 Dominion Hills - 146.0 Little Hunting Park
Daventry,Week3,Wakefield Chapel,Week4,348.0 Wakefield Chapel - 54.0 Daventry
Daventry,Week4,Village West,Week4,242.0 Village West - 154.0 Daventry
Dominion Hills,Week2,Country Club Hills,Week1,238.0 Dominion Hills - 164.0 Country Club Hills
Dominion Hills,Week2,Waynewood,Week4,250.0 Waynewood - 152.0 Dominion Hills
Daventry,Week5,Wakefield Chapel,Week5,358.0 Wakefield Chapel - 44.0 Daventry
Daventry,Week4,Village West,Week3,250.0 Village West - 152.0 Daventry
Donaldson Run,Week4,Herndon,Week3,366.0 Donaldson Run - 36.0 Herndon
Daventry,Week2,Walden Glen,Week5,290.0 Walden Glen - 108.0 Daventry
Donaldson Run,Week1,Herndon,Week4,363.0 Donaldson Run - 39.0 Herndon
Daventry,Week4,Wakefield Chapel,Week4,357.0 Wakefield Chapel - 45.0 Daventry
Daventry,Week2,Virginia Hills,Week5,221.0 Daventry - 179.0 Virginia Hills
Dominion Hills,Week5,Country Club Hills,Week2,276.0 Dominion Hills - 126.0 Country Club Hills
Dominion Hills,Week2,Waynewood,Week2,254.0 Waynewood - 148.0 Dominion Hills
Dominion Hills,Week1,Country Club Hills,Week3,229.0 Dominion Hills - 173.0 Country Club Hills
Dominion Hills,Week1,Waynewood,Week3,274.5 Waynewood - 127.5 Dominion Hills
Donaldson Run,Week3,Herndon,Week4,369.0 Donaldson Run - 33.0 Herndon
Daventry,Week3,Virginia Hills,Week1,241.0 Daventry - 157.0 Virginia Hills
Dominion Hills,Week2,Waynewood,Week5,276.0 Waynewood - 126.0 Dominion Hills
Donaldson Run,Week1,Herndon,Week5,364.0 Donaldson Run - 38.0 Herndon
Dominion Hills,Week2,Lincolnia Park,Week2,322.0 Dominion Hills - 71.0 Lincolnia Park
Daventry,Week4,Wakefield Chapel,Week1,364.0 Wakefield Chapel - 38.0 Daventry
Daventry,Week5,Riverside Gardens,Week5,332.0 Riverside Gardens - 70.0 Daventry
Dominion Hills,Week4,Lincolnia Park,Week3,299.0 Dominion Hills - 94.0 Lincolnia Park
Dominion Hills,Week2,Lincolnia Park,Week3,288.0 Dominion Hills - 105.0 Lincolnia Park
Dominion Hills,Week1,Country Club Hills,Week5,202.0 Dominion Hills - 200.0 Country Club Hills
Dominion Hills,Week5,Lee Graham,Week5,278.0 Lee Graham - 124.0 Dominion Hills
Dominion Hills,Week1,Waynewood,Week5,287.0 Waynewood - 115.0 Dominion Hills
Daventry,Week4,Village West,Week2,249.0 Village West - 151.0 Daventry
Dominion Hills,Week1,Waynewood,Week4,248.0 Waynewood - 154.0 Dominion Hills
Daventry,Week5,Village West,Week2,220.0 Village West - 180.0 Daventry
Dominion Hills,Week1,Lincolnia Park,Week4,305.0 Dominion Hills - 92.0 Lincolnia Park
Dominion Hills,Week1,Lincolnia Park,Week3,290.0 Dominion Hills - 103.0 Lincolnia Park
Donaldson Run,Week1,Herndon,Week3,362.0 Donaldson Run - 40.0 Herndon
Daventry,Week4,Riverside Gardens,Week2,350.0 Riverside Gardens - 52.0 Daventry
Dominion Hills,Week1,Waynewood,Week2,256.0 Waynewood - 146.0 Dominion Hills
Dominion Hills,Week1,Little Hunting Park,Week4,244.0 Dominion Hills - 158.0 Little Hunting Park
Dominion Hills,Week3,Cottontail,Week5,208.0 Dominion Hills - 194.0 Cottontail
Donaldson Run,Week3,Herndon,Week2,369.0 Donaldson Run - 33.0 Herndon
Daventry,Week4,Village West,Week1,249.0 Village West - 152.0 Daventry
Donaldson Run,Week4,Herndon,Week5,375.0 Donaldson Run - 27.0 Herndon
Daventry,Week1,Virginia Hills,Week3,235.0 Daventry - 167.0 Virginia Hills
Daventry,Week3,Rolling Forest,Week1,280.0 Rolling Forest - 122.0 Daventry
Daventry,Week3,Wakefield Chapel,Week2,355.0 Wakefield Chapel - 47.0 Daventry
Donaldson Run,Week2,Herndon,Week3,366.0 Donaldson Run - 36.0 Herndon
Dominion Hills,Week2,Lincolnia Park,Week4,314.0 Dominion Hills - 88.0 Lincolnia Park
Daventry,Week1,Walden Glen,Week2,258.0 Walden Glen - 143.0 Daventry
Dominion Hills,Week5,Country Club Hills,Week5,265.0 Dominion Hills - 137.0 Country Club Hills
Dominion Hills,Week5,Walden Glen,Week5,242.0 Dominion Hills - 160.0 Walden Glen
Daventry,Week4,Riverside Gardens,Week4,361.0 Riverside Gardens - 41.0 Daventry
Dominion Hills,Week1,Country Club Hills,Week4,226.0 Dominion Hills - 176.0 Country Club Hills
Daventry,Week4,Wakefield Chapel,Week5,368.0 Wakefield Chapel - 34.0 Daventry
Daventry,Week3,Village West,Week1,254.0 Village West - 147.0 Daventry
Daventry,Week4,Riverside Gardens,Week1,354.0 Riverside Gardens - 48.0 Daventry
Daventry,Week5,Riverside Gardens,Week2,323.0 Riverside Gardens - 79.0 Daventry
Donaldson Run,Week4,Herndon,Week4,370.0 Donaldson Run - 32.0 Herndon
Daventry,Week1,Walden Glen,Week3,271.0 Walden Glen - 130.0 Daventry
Dominion Hills,Week5,Lincolnia Park,Week3,306.0 Dominion Hills - 86.0 Lincolnia Park
Daventry,Week1,Rolling Forest,Week4,294.0 Rolling Forest - 108.0 Daventry
Dominion Hills,Week4,Cottontail,Week3,268.0 Dominion Hills - 134.0 Cottontail
Daventry,Week5,Riverside Gardens,Week3,336.0 Riverside Gardens - 66.0 Daventry
Dominion Hills,Week3,Waynewood,Week3,274.0 Waynewood - 128.0 Dominion Hills
Daventry,Week3,Village West,Week3,252.0 Village West - 149.0 Daventry
Dominion Hills,Week3,Waynewood,Week1,224.0 Waynewood - 178.0 Dominion Hills
Daventry,Week1,Walden Glen,Week4,264.0 Walden Glen - 138.0 Daventry
Daventry,Week4,Wakefield Chapel,Week3,365.0 Wakefield Chapel - 37.0 Daventry
Donaldson Run,Week5,Herndon,Week1,374.0 Donaldson Run - 28.0 Herndon
Daventry,Week3,Village West,Week4,245.0 Village West - 151.0 Daventry
Dominion Hills,Week4,Lincolnia Park,Week4,319.0 Dominion Hills - 83.0 Lincolnia Park
Daventry,Week5,Wakefield Chapel,Week1,351.0 Wakefield Chapel - 51.0 Daventry
Dominion Hills,Week2,Lincolnia Park,Week5,293.0 Dominion Hills - 100.0 Lincolnia Park
Dominion Hills,Week3,Walden Glen,Week2,219.0 Dominion Hills - 182.0 Walden Glen
Dominion Hills,Week3,Walden Glen,Week1,247.0 Dominion Hills - 155.0 Walden Glen
Dominion Hills,Week2,Cottontail,Week2,236.5 Dominion Hills - 165.5 Cottontail
Daventry,Week4,Village West,Week5,235.0 Village West - 166.0 Daventry
Daventry,Week2,Village West,Week5,250.0 Village West - 148.0 Daventry
Dominion Hills,Week4,Walden Glen,Week1,267.0 Dominion Hills - 135.0 Walden Glen
Dominion Hills,Week5,Lincolnia Park,Week1,335.0 Dominion Hills - 66.0 Lincolnia Park
Donaldson Run,Week5,Herndon,Week4,373.0 Donaldson Run - 29.0 Herndon
Dominion Hills,Week2,Cottontail,Week5,220.0 Dominion Hills - 182.0 Cottontail
Dominion Hills,Week5,Cottontail,Week3,282.0 Dominion Hills - 120.0 Cottontail
Donaldson Run,Week1,Herndon,Week1,370.0 Donaldson Run - 32.0 Herndon
Dominion Hills,Week3,Waynewood,Week5,280.0 Waynewood - 122.0 Dominion Hills
Daventry,Week5,Wakefield Chapel,Week4,345.0 Wakefield Chapel - 57.0 Daventry
Donaldson Run,Week1,Hiddenbrook,Week3,300.0 Donaldson Run - 102.0 Hiddenbrook
Daventry,Week5,Village West,Week4,212.0 Village West - 184.0 Daventry
Daventry,Week4,Riverside Gardens,Week3,363.0 Riverside Gardens - 39.0 Daventry
Daventry,Week1,Rolling Forest,Week2,282.0 Rolling Forest - 120.0 Daventry
Dominion Hills,Week3,Waynewood,Week4,258.0 Waynewood - 144.0 Dominion Hills
Dominion Hills,Week5,Cottontail,Week4,266.0 Dominion Hills - 136.0 Cottontail
Daventry,Week5,Village West,Week1,223.0 Village West - 178.0 Daventry
Dominion Hills,Week2,Woodley,Week2,293.0 Dominion Hills - 109.0 Woodley
Daventry,Week1,Walden Glen,Week5,297.0 Walden Glen - 105.0 Daventry
Dominion Hills,Week3,Lincolnia Park,Week1,315.0 Dominion Hills - 87.0 Lincolnia Park
Donaldson Run,Week1,Hiddenbrook,Week5,281.0 Donaldson Run - 121.0 Hiddenbrook
Dominion Hills,Week1,Country Club Hills,Week1,227.0 Dominion Hills - 175.0 Country Club Hills
Dominion Hills,Week4,Pinecrest,Week1,228.5 Pinecrest - 173.5 Dominion Hills
Daventry,Week1,Rolling Forest,Week5,300.0 Rolling Forest - 102.0 Daventry
Dominion Hills,Week5,Waynewood,Week1,208.0 Dominion Hills - 194.0 Waynewood
Dominion Hills,Week1,Lincolnia Park,Week2,312.0 Dominion Hills - 81.0 Lincolnia Park
Daventry,Week5,Village West,Week5,219.0 Village West - 180.0 Daventry
Donaldson Run,Week1,Hiddenbrook,Week1,324.0 Donaldson Run - 78.0 Hiddenbrook
Donaldson Run,Week1,Hiddenbrook,Week4,303.0 Donaldson Run - 99.0 Hiddenbrook
Dominion Hills,Week3,Pinewood Lake,Week3,371.0 Dominion Hills - 28.0 Pinewood Lake
Daventry,Week2,Walden Glen,Week4,265.0 Walden Glen - 133.0 Daventry
Daventry,Week2,Walden Glen,Week1,240.0 Walden Glen - 157.0 Daventry
Daventry,Week2,Rolling Forest,Week1,283.0 Rolling Forest - 118.0 Daventry
Dominion Hills,Week4,Lincolnia Park,Week2,317.0 Dominion Hills - 76.0 Lincolnia Park
Daventry,Week3,Walden Glen,Week1,248.0 Walden Glen - 149.0 Daventry
Dominion Hills,Week4,Cottontail,Week1,255.0 Dominion Hills - 147.0 Cottontail
Daventry,Week1,Virginia Hills,Week5,208.0 Daventry - 193.0 Virginia Hills
Donaldson Run,Week2,Hiddenbrook,Week2,337.0 Donaldson Run - 64.0 Hiddenbrook
Dominion Hills,Week1,Woodley,Week2,288.0 Dominion Hills - 114.0 Woodley
Daventry,Week2,Virginia Hills,Week1,244.0 Daventry - 152.0 Virginia Hills
Dominion Hills,Week5,Cottontail,Week2,270.0 Dominion Hills - 132.0 Cottontail
Dominion Hills,Week3,Woodley,Week2,289.0 Dominion Hills - 113.0 Woodley
Daventry,Week2,Walden Glen,Week3,275.0 Walden Glen - 127.0 Daventry
Dominion Hills,Week4,Pinecrest,Week2,256.0 Pinecrest - 146.0 Dominion Hills
Daventry,Week2,Walden Glen,Week2,262.0 Walden Glen - 139.0 Daventry
Daventry,Week1,Rolling Forest,Week1,292.0 Rolling Forest - 110.0 Daventry
Dominion Hills,Week1,Country Club Hills,Week2,226.0 Dominion Hills - 176.0 Country Club Hills
Daventry,Week3,Village West,Week5,248.0 Village West - 151.0 Daventry
Dominion Hills,Week3,Lincolnia Park,Week4,303.0 Dominion Hills - 99.0 Lincolnia Park
Dominion Hills,Week4,Pinecrest,Week4,254.0 Pinecrest - 148.0 Dominion Hills
Dominion Hills,Week3,Lincolnia Park,Week2,304.0 Dominion Hills - 89.0 Lincolnia Park
Daventry,Week1,Rolling Forest,Week3,297.0 Rolling Forest - 105.0 Daventry
Donaldson Run,Week2,Hiddenbrook,Week1,314.0 Donaldson Run - 88.0 Hiddenbrook
Dominion Hills,Week4,Cottontail,Week4,261.0 Dominion Hills - 141.0 Cottontail
Dominion Hills,Week1,Lincolnia Park,Week5,281.0 Dominion Hills - 112.0 Lincolnia Park
Dominion Hills,Week3,Country Club Hills,Week3,213.0 Dominion Hills - 189.0 Country Club Hills
Dominion Hills,Week5,Lincolnia Park,Week2,325.0 Dominion Hills - 68.0 Lincolnia Park
Dominion Hills,Week2,Country Club Hills,Week5,204.0 Dominion Hills - 198.0 Country Club Hills
Dominion Hills,Week4,Pinewood Lake,Week3,368.0 Dominion Hills - 21.0 Pinewood Lake
Dominion Hills,Week4,Lincolnia Park,Week5,295.0 Dominion Hills - 98.0 Lincolnia Park
Daventry,Week3,Virginia Hills,Week2,239.0 Daventry - 153.0 Virginia Hills
Daventry,Week3,Walden Glen,Week2,270.0 Walden Glen - 127.0 Daventry
Daventry,Week2,Virginia Hills,Week4,238.0 Daventry - 159.0 Virginia Hills
Daventry,Week3,Virginia Hills,Week3,237.0 Daventry - 165.0 Virginia Hills
Daventry,Week3,Wakefield Chapel,Week5,361.0 Wakefield Chapel - 41.0 Daventry
Donaldson Run,Week1,High Point Pool,Week5,242.0 Donaldson Run - 160.0 High Point Pool
Daventry,Week3,Riverside Gardens,Week5,345.0 Riverside Gardens - 57.0 Daventry
Daventry,Week1,Walden Glen,Week1,245.0 Walden Glen - 156.0 Daventry
Dominion Hills,Week3,Pinecrest,Week5,292.0 Pinecrest - 110.0 Dominion Hills
Dominion Hills,Week2,Country Club Hills,Week3,234.0 Dominion Hills - 168.0 Country Club Hills
Donaldson Run,Week1,High Point Pool,Week4,237.0 Donaldson Run - 165.0 High Point Pool
Daventry,Week3,Riverside Gardens,Week3,352.0 Riverside Gardens - 50.0 Daventry
Dominion Hills,Week4,Waynewood,Week1,211.0 Waynewood - 191.0 Dominion Hills
Dominion Hills,Week5,Woodley,Week1,321.0 Dominion Hills - 81.0 Woodley
Dominion Hills,Week3,Woodley,Week1,291.0 Dominion Hills - 111.0 Woodley
Dominion Hills,Week1,Little Hunting Park,Week2,246.0 Dominion Hills - 156.0 Little Hunting Park
Donaldson Run,Week5,Hiddenbrook,Week1,341.0 Donaldson Run - 61.0 Hiddenbrook
Daventry,Week5,Riverside Gardens,Week1,338.0 Riverside Gardens - 64.0 Daventry
Dominion Hills,Week1,Pinewood Lake,Week4,362.0 Dominion Hills - 35.0 Pinewood Lake
Dominion Hills,Week3,Country Club Hills,Week4,225.0 Dominion Hills - 177.0 Country Club Hills
Donaldson Run,Week3,High Point Pool,Week1,250.0 Donaldson Run - 152.0 High Point Pool
Dominion Hills,Week2,Little Hunting Park,Week1,260.0 Dominion Hills - 142.0 Little Hunting Park
Dominion Hills,Week4,Waynewood,Week2,219.0 Waynewood - 183.0 Dominion Hills
Dominion Hills,Week2,Woodley,Week1,298.0 Dominion Hills - 104.0 Woodley
Donaldson Run,Week2,Hiddenbrook,Week4,304.0 Donaldson Run - 98.0 Hiddenbrook
Dominion Hills,Week4,Country Club Hills,Week2,260.0 Dominion Hills - 142.0 Country Club Hills
Donaldson Run,Week4,Hiddenbrook,Week2,335.5 Donaldson Run - 65.5 Hiddenbrook
Daventry,Week3,Walden Glen,Week4,282.0 Walden Glen - 119.0 Daventry
Donaldson Run,Week3,High Point Pool,Week4,251.0 Donaldson Run - 151.0 High Point Pool
Dominion Hills,Week5,Pinecrest,Week1,213.5 Pinecrest - 188.5 Dominion Hills
Dominion Hills,Week5,Waynewood,Week4,224.0 Waynewood - 178.0 Dominion Hills
Dominion Hills,Week1,Little Hunting Park,Week3,250.0 Dominion Hills - 152.0 Little Hunting Park
Dominion Hills,Week1,Pinewood Lake,Week3,372.0 Dominion Hills - 25.0 Pinewood Lake
Daventry,Week5,Virginia Hills,Week2,268.0 Daventry - 129.0 Virginia Hills
Daventry,Week4,Virginia Hills,Week2,254.0 Daventry - 143.0 Virginia Hills
Dominion Hills,Week4,Country Club Hills,Week1,254.0 Dominion Hills - 148.0 Country Club Hills
Daventry,Week4,Walden Glen,Week1,252.0 Walden Glen - 149.0 Daventry
Daventry,Week3,Walden Glen,Week5,306.0 Walden Glen - 95.0 Daventry
Dominion Hills,Week1,Little Hunting Park,Week5,226.0 Dominion Hills - 176.0 Little Hunting Park
Dominion Hills,Week1,Pinewood Lake,Week5,359.0 Dominion Hills - 38.0 Pinewood Lake
Daventry,Week2,Rolling Forest,Week4,288.0 Rolling Forest - 113.0 Daventry
Daventry,Week3,Virginia Hills,Week5,216.0 Daventry - 181.0 Virginia Hills
Daventry,Week4,Virginia Hills,Week3,242.0 Daventry - 160.0 Virginia Hills
Dominion Hills,Week3,Country Club Hills,Week5,206.0 Dominion Hills - 196.0 Country Club Hills
Daventry,Week3,Rolling Forest,Week2,270.0 Rolling Forest - 132.0 Daventry
Dominion Hills,Week1,Little Rocky Run,Week3,300.0 Little Rocky Run - 102.0 Dominion Hills
Daventry,Week2,Rolling Forest,Week5,295.0 Rolling Forest - 106.0 Daventry
Daventry,Week2,Rolling Forest,Week3,298.0 Rolling Forest - 104.0 Daventry
Dominion Hills,Week2,Little Rocky Run,Week4,288.0 Little Rocky Run - 114.0 Dominion Hills
Donaldson Run,Week5,Hiddenbrook,Week4,332.5 Donaldson Run - 69.5 Hiddenbrook
Dominion Hills,Week5,Country Club Hills,Week3,262.0 Dominion Hills - 140.0 Country Club Hills
Dominion Hills,Week2,Pinewood Lake,Week5,372.0 Dominion Hills - 30.0 Pinewood Lake
Daventry,Week2,Rolling Forest,Week2,270.0 Rolling Forest - 131.0 Daventry
Daventry,Week3,Rolling Forest,Week4,286.0 Rolling Forest - 116.0 Daventry
Daventry,Week4,Waynewood,Week5,348.0 Waynewood - 54.0 Daventry
Daventry,Week5,Virginia Hills,Week4,257.0 Daventry - 143.0 Virginia Hills
Dominion Hills,Week5,Little Hunting Park,Week2,272.0 Dominion Hills - 130.0 Little Hunting Park
Dominion Hills,Week3,Little Hunting Park,Week5,217.0 Dominion Hills - 185.0 Little Hunting Park
Dominion Hills,Week5,Country Club Hills,Week1,269.0 Dominion Hills - 133.0 Country Club Hills
Donaldson Run,Week2,High Point Pool,Week1,249.0 Donaldson Run - 153.0 High Point Pool
Donaldson Run,Week4,Hiddenbrook,Week1,323.0 Donaldson Run - 79.0 Hiddenbrook
Dominion Hills,Week3,Country Club Hills,Week2,235.0 Dominion Hills - 167.0 Country Club Hills
Daventry,Week4,Riverside Gardens,Week5,353.0 Riverside Gardens - 49.0 Daventry
Daventry,Week4,Waynewood,Week3,349.0 Waynewood - 53.0 Daventry
Dominion Hills,Week3,Pinewood Lake,Week2,367.0 Dominion Hills - 32.0 Pinewood Lake
Daventry,Week1,Waynewood,Week4,326.0 Waynewood - 76.0 Daventry
Dominion Hills,Week3,Woodley,Week3,302.0 Dominion Hills - 100.0 Woodley
Daventry,Week2,Waynewood,Week2,330.0 Waynewood - 72.0 Daventry
Dominion Hills,Week2,Woodley,Week5,272.0 Dominion Hills - 130.0 Woodley
Daventry,Week3,Rolling Forest,Week5,287.0 Rolling Forest - 115.0 Daventry
Daventry,Week4,Virginia Hills,Week5,225.0 Daventry - 176.0 Virginia Hills
Dominion Hills,Week2,Woodley,Week4,294.0 Dominion Hills - 108.0 Woodley
Daventry,Week3,Riverside Gardens,Week4,352.0 Riverside Gardens - 50.0 Daventry
Dominion Hills,Week4,Country Club Hills,Week4,252.0 Dominion Hills - 150.0 Country Club Hills
Donaldson Run,Week5,Hiddenbrook,Week2,356.0 Donaldson Run - 46.0 Hiddenbrook
Daventry,Week5,Virginia Hills,Week1,259.0 Daventry - 140.0 Virginia Hills
Dominion Hills,Week4,Woodley,Week1,307.0 Dominion Hills - 95.0 Woodley
Daventry,Week5,Virginia Hills,Week3,248.0 Daventry - 154.0 Virginia Hills
Dominion Hills,Week2,Little Rocky Run,Week2,269.0 Little Rocky Run - 133.0 Dominion Hills
Dominion Hills,Week4,Country Club Hills,Week3,257.0 Dominion Hills - 145.0 Country Club Hills
Dominion Hills,Week3,Little Rocky Run,Week2,274.0 Little Rocky Run - 128.0 Dominion Hills
Donaldson Run,Week5,Hiddenbrook,Week3,329.0 Donaldson Run - 73.0 Hiddenbrook
Daventry,Week4,Virginia Hills,Week4,249.0 Daventry - 151.0 Virginia Hills
Dominion Hills,Week4,Woodley,Week3,311.0 Dominion Hills - 90.0 Woodley
Dominion Hills,Week3,Country Club Hills,Week1,220.0 Dominion Hills - 182.0 Country Club Hills
Dominion Hills,Week2,Pinewood Lake,Week2,378.0 Dominion Hills - 24.0 Pinewood Lake
Dominion Hills,Week1,Pinewood Lake,Week1,364.0 Dominion Hills - 33.0 Pinewood Lake
Dominion Hills,Week1,Woodley,Week1,288.0 Dominion Hills - 114.0 Woodley
Daventry,Week4,Waynewood,Week1,326.0 Waynewood - 76.0 Daventry
Daventry,Week3,Rolling Forest,Week3,296.0 Rolling Forest - 106.0 Daventry
Dominion Hills,Week5,Pinecrest,Week2,249.0 Pinecrest - 153.0 Dominion Hills
Donaldson Run,Week4,High Point Pool,Week2,242.0 Donaldson Run - 160.0 High Point Pool
Dominion Hills,Week2,Little Rocky Run,Week1,259.0 Little Rocky Run - 143.0 Dominion Hills
Daventry,Week4,Walden Glen,Week3,264.0 Walden Glen - 138.0 Daventry
Dominion Hills,Week5,Pinecrest,Week5,243.0 Pinecrest - 159.0 Dominion Hills
Dominion Hills,Week1,Crosspointe,Week1,276.0 Crosspointe - 126.0 Dominion Hills
Dominion Hills,Week4,Waynewood,Week4,218.0 Waynewood - 184.0 Dominion Hills
Dominion Hills,Week1,Little Rocky Run,Week4,290.0 Little Rocky Run - 112.0 Dominion Hills
Dominion Hills,Week1,Little Rocky Run,Week2,281.0 Little Rocky Run - 121.0 Dominion Hills
Donaldson Run,Week4,Hiddenbrook,Week4,310.0 Donaldson Run - 92.0 Hiddenbrook
Dominion Hills,Week4,Pinecrest,Week3,258.0 Pinecrest - 144.0 Dominion Hills
Daventry,Week5,Rolling Forest,Week2,259.0 Rolling Forest - 138.0 Daventry
Daventry,Week2,Waynewood,Week3,341.0 Waynewood - 61.0 Daventry
Dominion Hills,Week5,Waynewood,Week2,206.0 Waynewood - 196.0 Dominion Hills
Dominion Hills,Week5,Country Club Hills,Week4,263.0 Dominion Hills - 139.0 Country Club Hills
Daventry,Week2,Rolling Hills,Week5,253.0 Rolling Hills - 148.0 Daventry
Daventry,Week2,Waynewood,Week4,325.0 Waynewood - 76.0 Daventry
Dominion Hills,Week2,Crosspointe,Week5,274.0 Crosspointe - 128.0 Dominion Hills
Daventry,Week1,Virginia Run,Week1,342.5 Virginia Run - 59.5 Daventry
Dominion Hills,Week2,Pinewood Lake,Week3,381.0 Dominion Hills - 21.0 Pinewood Lake
Donaldson Run,Week5,High Point Pool,Week4,265.0 Donaldson Run - 137.0 High Point Pool
Daventry,Week1,Virginia Run,Week2,321.0 Virginia Run - 81.0 Daventry
Donaldson Run,Week2,High Point Pool,Week4,247.0 Donaldson Run - 155.0 High Point Pool
Daventry,Week3,Rolling Hills,Week1,254.0 Rolling Hills - 146.0 Daventry
Daventry,Week1,Waynewood,Week1,313.0 Waynewood - 89.0 Daventry
Dominion Hills,Week3,Little Rocky Run,Week3,294.0 Little Rocky Run - 108.0 Dominion Hills
Dominion Hills,Week3,Pinecrest,Week2,288.0 Pinecrest - 114.0 Dominion Hills
Dominion Hills,Week5,Waynewood,Week5,254.0 Waynewood - 148.0 Dominion Hills
Daventry,Week5,Virginia Hills,Week5,239.0 Daventry - 162.0 Virginia Hills
Dominion Hills,Week1,Crosspointe,Week3,254.5 Crosspointe - 147.5 Dominion Hills
Daventry,Week4,Rolling Forest,Week3,314.0 Rolling Forest - 88.0 Daventry
Daventry,Week4,Rolling Forest,Week4,294.0 Rolling Forest - 108.0 Daventry
Dominion Hills,Week2,Crosspointe,Week2,222.0 Crosspointe - 180.0 Dominion Hills
Daventry,Week5,Walden Glen,Week2,250.0 Walden Glen - 146.0 Daventry
Daventry,Week5,Walden Glen,Week5,272.0 Walden Glen - 129.0 Daventry
Donaldson Run,Week3,Hiddenbrook,Week5,277.5 Donaldson Run - 124.5 Hiddenbrook
Dominion Hills,Week3,Woodley,Week4,292.0 Dominion Hills - 110.0 Woodley
Daventry,Week5,Walden Glen,Week3,241.0 Walden Glen - 161.0 Daventry
Dominion Hills,Week2,Crosspointe,Week4,244.0 Crosspointe - 158.0 Dominion Hills
Dominion Hills,Week3,Crosspointe,Week3,251.0 Crosspointe - 151.0 Dominion Hills
Dominion Hills,Week4,Waynewood,Week3,235.5 Waynewood - 166.5 Dominion Hills
Donaldson Run,Week5,Hiddenbrook,Week5,323.0 Donaldson Run - 79.0 Hiddenbrook
Donaldson Run,Week4,Hiddenbrook,Week5,291.0 Donaldson Run - 111.0 Hiddenbrook
Daventry,Week1,Waynewood,Week5,336.5 Waynewood - 65.5 Daventry
Dominion Hills,Week5,Pinecrest,Week3,248.0 Pinecrest - 154.0 Dominion Hills
Dominion Hills,Week4,Little Hunting Park,Week2,264.0 Dominion Hills - 137.0 Little Hunting Park
Dominion Hills,Week3,Woodley,Week5,287.0 Dominion Hills - 115.0 Woodley
Dominion Hills,Week3,Little Hunting Park,Week2,264.0 Dominion Hills - 138.0 Little Hunting Park
Dominion Hills,Week2,Little Hunting Park,Week5,238.0 Dominion Hills - 164.0 Little Hunting Park
Daventry,Week1,Rolling Hills,Week2,281.0 Rolling Hills - 119.0 Daventry
Daventry,Week2,Rolling Hills,Week1,257.0 Rolling Hills - 140.0 Daventry
Dominion Hills,Week2,Pinewood Lake,Week1,375.0 Dominion Hills - 27.0 Pinewood Lake
Donaldson Run,Week3,Hiddenbrook,Week4,305.0 Donaldson Run - 97.0 Hiddenbrook
Dominion Hills,Week3,Pinecrest,Week3,298.0 Pinecrest - 104.0 Dominion Hills
Dominion Hills,Week2,Pinewood Lake,Week4,378.0 Dominion Hills - 24.0 Pinewood Lake
Dominion Hills,Week1,Pinewood Lake,Week2,365.0 Dominion Hills - 32.0 Pinewood Lake
Dominion Hills,Week1,Woodley,Week4,278.0 Dominion Hills - 124.0 Woodley
Dominion Hills,Week3,Little Hunting Park,Week4,250.0 Dominion Hills - 152.0 Little Hunting Park
Dominion Hills,Week3,Little Hunting Park,Week3,263.0 Dominion Hills - 139.0 Little Hunting Park
Daventry,Week3,Rolling Hills,Week4,247.0 Rolling Hills - 149.0 Daventry
Donaldson Run,Week1,High Point Pool,Week2,239.0 Donaldson Run - 163.0 High Point Pool
Daventry,Week5,Rolling Forest,Week3,278.0 Rolling Forest - 124.0 Daventry
Dominion Hills,Week3,Little Hunting Park,Week1,274.0 Dominion Hills - 128.0 Little Hunting Park
Daventry,Week3,Waynewood,Week5,338.0 Waynewood - 64.0 Daventry
Daventry,Week3,Waynewood,Week4,316.0 Waynewood - 86.0 Daventry
Dominion Hills,Week3,Pinewood Lake,Week5,366.0 Dominion Hills - 33.0 Pinewood Lake
Dominion Hills,Week4,Little Hunting Park,Week1,281.0 Dominion Hills - 121.0 Little Hunting Park
Dominion Hills,Week2,Crosspointe,Week1,261.0 Crosspointe - 141.0 Dominion Hills
Donaldson Run,Week3,Hiddenbrook,Week2,336.0 Donaldson Run - 66.0 Hiddenbrook
Dominion Hills,Week4,Woodley,Week4,310.0 Dominion Hills - 87.0 Woodley
Daventry,Week2,Rolling Hills,Week2,261.0 Rolling Hills - 138.0 Daventry
Dominion Hills,Week4,Crosspointe,Week2,213.0 Crosspointe - 189.0 Dominion Hills
Dominion Hills,Week4,Crosspointe,Week1,236.5 Crosspointe - 165.5 Dominion Hills
Dominion Hills,Week4,Crosspointe,Week5,253.0 Crosspointe - 149.0 Dominion Hills
Dominion Hills,Week4,Pinecrest,Week5,251.0 Pinecrest - 146.0 Dominion Hills
Dominion Hills,Week1,Woodley,Week3,293.0 Dominion Hills - 109.0 Woodley
Dominion Hills,Week4,Little Hunting Park,Week4,268.0 Dominion Hills - 134.0 Little Hunting Park
Donaldson Run,Week1,High Point Pool,Week1,240.0 Donaldson Run - 162.0 High Point Pool
Donaldson Run,Week4,Hiddenbrook,Week3,306.0 Donaldson Run - 96.0 Hiddenbrook
Daventry,Week2,Rolling Hills,Week3,265.0 Rolling Hills - 134.0 Daventry
Daventry,Week5,Rolling Forest,Week5,277.0 Rolling Forest - 125.0 Daventry
Dominion Hills,Week4,Waynewood,Week5,259.5 Waynewood - 142.5 Dominion Hills
Daventry,Week1,Rolling Hills,Week4,264.0 Rolling Hills - 136.0 Daventry
Daventry,Week1,Waynewood,Week3,338.0 Waynewood - 64.0 Daventry
Daventry,Week4,Walden Glen,Week5,303.0 Walden Glen - 98.0 Daventry
Dominion Hills,Week3,Pinecrest,Week4,293.0 Pinecrest - 109.0 Dominion Hills
Dominion Hills,Week3,Crosspointe,Week1,263.0 Crosspointe - 139.0 Dominion Hills
Dominion Hills,Week5,Little Hunting Park,Week1,275.0 Dominion Hills - 126.0 Little Hunting Park
Dominion Hills,Week5,Waynewood,Week3,228.0 Waynewood - 174.0 Dominion Hills
Dominion Hills,Week1,Crosspointe,Week4,257.5 Crosspointe - 144.5 Dominion Hills
Donaldson Run,Week3,Hiddenbrook,Week1,309.0 Donaldson Run - 93.0 Hiddenbrook
Dominion Hills,Week3,Pinewood Lake,Week4,372.0 Dominion Hills - 27.0 Pinewood Lake
Daventry,Week3,Waynewood,Week2,319.0 Waynewood - 83.0 Daventry
Daventry,Week3,Rolling Hills,Week3,247.0 Rolling Hills - 152.0 Daventry
Dominion Hills,Week4,Woodley,Week2,306.0 Dominion Hills - 96.0 Woodley
Dominion Hills,Week1,Woodley,Week5,268.0 Dominion Hills - 129.0 Woodley
Daventry,Week3,Waynewood,Week1,317.0 Waynewood - 85.0 Daventry
Dominion Hills,Week3,Crosspointe,Week4,253.0 Crosspointe - 149.0 Dominion Hills
Dominion Hills,Week2,Woodley,Week3,308.0 Dominion Hills - 94.0 Woodley
Dominion Hills,Week3,Pinewood Lake,Week1,365.0 Dominion Hills - 35.0 Pinewood Lake
Dominion Hills,Week2,Little Hunting Park,Week3,261.0 Dominion Hills - 141.0 Little Hunting Park
Donaldson Run,Week3,Hiddenbrook,Week3,301.5 Donaldson Run - 100.5 Hiddenbrook
Donaldson Run,Week2,Hiddenbrook,Week5,282.0 Donaldson Run - 120.0 Hiddenbrook
Daventry,Week2,Waynewood,Week5,340.0 Waynewood - 61.0 Daventry
Dominion Hills,Week5,Pinecrest,Week4,251.5 Pinecrest - 150.5 Dominion Hills
Dominion Hills,Week5,Woodley,Week4,327.0 Dominion Hills - 75.0 Woodley
Dominion Hills,Week4,Pinewood Lake,Week2,367.0 Dominion Hills - 23.0 Pinewood Lake
Dominion Hills,Week4,Pleasant Valley,Week5,320.0 Dominion Hills - 77.0 Pleasant Valley
Daventry,Week5,Walden Glen,Week4,254.0 Walden Glen - 142.0 Daventry
Dominion Hills,Week4,Crosspointe,Week4,218.0 Crosspointe - 184.0 Dominion Hills
Daventry,Week1,Rolling Hills,Week5,269.0 Rolling Hills - 133.0 Daventry
Dominion Hills,Week1,Pleasant Valley,Week5,291.0 Dominion Hills - 111.0 Pleasant Valley
Donaldson Run,Week2,High Point Pool,Week5,260.0 Donaldson Run - 142.0 High Point Pool
Daventry,Week5,Walden Glen,Week1,239.0 Walden Glen - 157.0 Daventry
Dominion Hills,Week5,Little Hunting Park,Week3,283.0 Dominion Hills - 119.0 Little Hunting Park
Dominion Hills,Week5,Little Hunting Park,Week4,274.0 Dominion Hills - 128.0 Little Hunting Park
Dominion Hills,Week4,Little Hunting Park,Week3,274.0 Dominion Hills - 128.0 Little Hunting Park
Daventry,Week4,Walden Glen,Week2,266.0 Walden Glen - 135.0 Daventry
Daventry,Week3,Rolling Hills,Week5,246.0 Rolling Hills - 156.0 Daventry
Donaldson Run,Week5,Annandale,Week1,348.0 Donaldson Run - 54.0 Annandale
Daventry,Week3,Rolling Hills,Week2,263.0 Rolling Hills - 138.0 Daventry
Dominion Hills,Week1,Crosspointe,Week2,249.0 Crosspointe - 153.0 Dominion Hills
Dominion Hills,Week4,Little Hunting Park,Week5,239.0 Dominion Hills - 163.0 Little Hunting Park
Donaldson Run,Week1,High Point Pool,Week3,243.0 Donaldson Run - 159.0 High Point Pool
Dominion Hills,Week1,Crosspointe,Week5,297.0 Crosspointe - 105.0 Dominion Hills
Donaldson Run,Week2,High Point Pool,Week3,251.0 Donaldson Run - 151.0 High Point Pool
Dominion Hills,Week4,Pinewood Lake,Week1,361.0 Dominion Hills - 29.0 Pinewood Lake
Donaldson Run,Week1,Annandale,Week3,321.0 Donaldson Run - 81.0 Annandale
Dominion Hills,Week4,Woodley,Week5,300.0 Dominion Hills - 102.0 Woodley
Donaldson Run,Week3,High Point Pool,Week2,239.0 Donaldson Run - 163.0 High Point Pool
Daventry,Week2,Waynewood,Week1,315.5 Waynewood - 86.5 Daventry
Dominion Hills,Week1,Little Rocky Run,Week5,306.0 Little Rocky Run - 96.0 Dominion Hills
Daventry,Week1,Waynewood,Week2,320.0 Waynewood - 82.0 Daventry
Donaldson Run,Week3,Annandale,Week4,343.0 Donaldson Run - 59.0 Annandale
Dominion Hills,Week3,Crosspointe,Week2,248.0 Crosspointe - 154.0 Dominion Hills
Dominion Hills,Week5,Little Hunting Park,Week5,254.0 Dominion Hills - 148.0 Little Hunting Park
Daventry,Week5,Rolling Forest,Week1,266.0 Rolling Forest - 136.0 Daventry
Donaldson Run,Week3,Annandale,Week5,337.5 Donaldson Run - 64.5 Annandale
Daventry,Week4,Waynewood,Week2,337.0 Waynewood - 65.0 Daventry
Daventry,Week3,Waynewood,Week3,328.0 Waynewood - 73.0 Daventry
Donaldson Run,Week3,High Point Pool,Week5,252.5 Donaldson Run - 149.5 High Point Pool
Donaldson Run,Week2,High Point Pool,Week2,243.0 Donaldson Run - 159.0 High Point Pool
Daventry,Week4,Rolling Forest,Week2,273.0 Rolling Forest - 129.0 Daventry
Daventry,Week5,Rolling Forest,Week4,265.0 Rolling Forest - 137.0 Daventry
Donaldson Run,Week3,High Point Pool,Week3,254.0 Donaldson Run - 148.0 High Point Pool
Dominion Hills,Week5,Pinewood Lake,Week3,372.0 Dominion Hills - 27.0 Pinewood Lake
Donaldson Run,Week1,Annandale,Week5,331.5 Donaldson Run - 70.5 Annandale
Dominion Hills,Week2,Crosspointe,Week3,244.0 Crosspointe - 158.0 Dominion Hills
Dominion Hills,Week1,Little Rocky Run,Week1,279.0 Little Rocky Run - 118.0 Dominion Hills
Dominion Hills,Week4,Pinewood Lake,Week5,368.0 Dominion Hills - 21.0 Pinewood Lake
Dominion Hills,Week3,Crosspointe,Week5,288.0 Crosspointe - 114.0 Dominion Hills
Daventry,Week4,Rolling Forest,Week5,298.0 Rolling Forest - 104.0 Daventry
Dominion Hills,Week4,Crosspointe,Week3,223.0 Crosspointe - 174.0 Dominion Hills
Daventry,Week4,Walden Glen,Week4,279.0 Walden Glen - 122.0 Daventry
Dominion Hills,Week2,Little Hunting Park,Week4,249.0 Dominion Hills - 153.0 Little Hunting Park
Donaldson Run,Week1,Arlington Forest,Week3,315.0 Donaldson Run - 87.0 Arlington Forest
Dominion Hills,Week5,Pleasant Valley,Week2,340.0 Dominion Hills - 61.0 Pleasant Valley
Dominion Hills,Week5,Pinewood Lake,Week5,371.0 Dominion Hills - 29.0 Pinewood Lake
Dominion Hills,Week3,Daventry,Week3,290.0 Dominion Hills - 112.0 Daventry
Dominion Hills,Week1,Pleasant Valley,Week2,290.0 Dominion Hills - 111.0 Pleasant Valley
Dominion Hills,Week2,Little Rocky Run,Week5,290.0 Little Rocky Run - 112.0 Dominion Hills
Dominion Hills,Week3,Pleasant Valley,Week4,330.0 Dominion Hills - 72.0 Pleasant Valley
Dominion Hills,Week2,Long Branch,Week5,240.0 Dominion Hills - 162.0 Long Branch
Dominion Hills,Week3,Pleasant Valley,Week3,300.0 Dominion Hills - 102.0 Pleasant Valley
Donaldson Run,Week4,Annandale,Week1,345.0 Donaldson Run - 57.0 Annandale
Daventry,Week5,Waynewood,Week1,289.0 Waynewood - 113.0 Daventry
Dominion Hills,Week4,Daventry,Week5,298.5 Dominion Hills - 103.5 Daventry
Dominion Hills,Week4,Daventry,Week3,309.0 Dominion Hills - 92.0 Daventry
Dominion Hills,Week2,Daventry,Week5,274.0 Dominion Hills - 128.0 Daventry
Daventry,Week3,South Run,Week5,294.0 South Run - 107.0 Daventry
Dominion Hills,Week4,Pinewood Lake,Week4,368.0 Dominion Hills - 21.0 Pinewood Lake
Donaldson Run,Week5,Annandale,Week3,346.0 Donaldson Run - 56.0 Annandale
Dominion Hills,Week4,Long Branch,Week1,267.0 Dominion Hills - 134.0 Long Branch
Daventry,Week1,Woodley,Week1,243.0 Woodley - 159.0 Daventry
Dominion Hills,Week3,Pleasant Valley,Week2,318.5 Dominion Hills - 83.5 Pleasant Valley
Donaldson Run,Week3,Annandale,Week2,342.0 Donaldson Run - 60.0 Annandale
Daventry,Week1,Springboard,Week3,233.0 Springboard - 168.0 Daventry
Donaldson Run,Week4,High Point Pool,Week4,248.0 Donaldson Run - 154.0 High Point Pool
Dominion Hills,Week5,Pinewood Lake,Week4,378.0 Dominion Hills - 22.0 Pinewood Lake
Daventry,Week1,Woodley,Week2,243.0 Woodley - 159.0 Daventry
Daventry,Week1,Rolling Hills,Week1,270.0 Rolling Hills - 131.0 Daventry
Daventry,Week5,Waynewood,Week3,308.5 Waynewood - 93.5 Daventry
Daventry,Week4,Waynewood,Week4,335.0 Waynewood - 67.0 Daventry
Dominion Hills,Week1,Pleasant Valley,Week4,315.0 Dominion Hills - 81.0 Pleasant Valley
Dominion Hills,Week3,Little Rocky Run,Week1,272.5 Little Rocky Run - 129.5 Dominion Hills
Donaldson Run,Week3,Annandale,Week1,344.0 Donaldson Run - 58.0 Annandale
Donaldson Run,Week4,High Point Pool,Week1,252.0 Donaldson Run - 150.0 High Point Pool
Daventry,Week2,Rolling Hills,Week4,238.0 Rolling Hills - 153.0 Daventry
Dominion Hills,Week5,Daventry,Week4,342.0 Dominion Hills - 60.0 Daventry
Dominion Hills,Week1,Daventry,Week2,295.0 Dominion Hills - 106.0 Daventry
Donaldson Run,Week5,High Point Pool,Week2,267.0 Donaldson Run - 135.0 High Point Pool
Donaldson Run,Week2,Annandale,Week2,341.0 Donaldson Run - 61.0 Annandale
Daventry,Week5,Waynewood,Week2,300.0 Waynewood - 102.0 Daventry
Donaldson Run,Week5,High Point Pool,Week1,265.0 Donaldson Run - 137.0 High Point Pool
Donaldson Run,Week4,Annandale,Week3,338.0 Donaldson Run - 64.0 Annandale
Dominion Hills,Week2,Long Branch,Week1,253.0 Dominion Hills - 149.0 Long Branch
Dominion Hills,Week3,Little Rocky Run,Week4,282.0 Little Rocky Run - 120.0 Dominion Hills
Donaldson Run,Week1,Annandale,Week1,331.0 Donaldson Run - 71.0 Annandale
Daventry,Week1,Rolling Hills,Week3,267.0 Rolling Hills - 134.0 Daventry
Daventry,Week1,Springboard,Week1,224.0 Springboard - 176.0 Daventry
Dominion Hills,Week5,Daventry,Week2,319.0 Dominion Hills - 82.0 Daventry
Dominion Hills,Week2,Little Rocky Run,Week3,290.0 Little Rocky Run - 112.0 Dominion Hills
Donaldson Run,Week4,High Point Pool,Week5,252.0 Donaldson Run - 150.0 High Point Pool
Donaldson Run,Week4,High Point Pool,Week3,256.0 Donaldson Run - 146.0 High Point Pool
Donaldson Run,Week5,High Point Pool,Week3,272.0 Donaldson Run - 130.0 High Point Pool
Daventry,Week2,Poplar Tree,Week1,317.0 Poplar Tree - 85.0 Daventry
Daventry,Week1,South Run,Week4,277.0 South Run - 123.0 Daventry
Dominion Hills,Week3,Daventry,Week5,269.0 Dominion Hills - 133.0 Daventry
Daventry,Week5,Waynewood,Week5,319.5 Waynewood - 82.5 Daventry
Daventry,Week3,South Run,Week2,253.0 South Run - 143.0 Daventry
Daventry,Week5,Waynewood,Week4,307.0 Waynewood - 95.0 Daventry
Dominion Hills,Week2,Pleasant Valley,Week5,299.0 Dominion Hills - 103.0 Pleasant Valley
Daventry,Week3,South Run,Week1,268.0 South Run - 124.0 Daventry
Dominion Hills,Week4,Little Rocky Run,Week4,262.0 Little Rocky Run - 140.0 Dominion Hills
Donaldson Run,Week1,Annandale,Week2,327.0 Donaldson Run - 75.0 Annandale
Donaldson Run,Week3,Highland Park,Week4,285.5 Donaldson Run - 116.5 Highland Park
Dominion Hills,Week4,Long Branch,Week3,279.0 Dominion Hills - 123.0 Long Branch
Daventry,Week1,Woodley,Week4,238.0 Woodley - 164.0 Daventry
Dominion Hills,Week1,Dominion Hills,Week4,260.0 Dominion Hills (DH2) - 142.0 Dominion Hills (DH1)
Donaldson Run,Week2,Highland Park,Week4,278.0 Donaldson Run - 124.0 Highland Park
Dominion Hills,Week1,Pleasant Valley,Week3,282.0 Dominion Hills - 120.0 Pleasant Valley
Dominion Hills,Week2,Daventry,Week2,308.0 Dominion Hills - 94.0 Daventry
Dominion Hills,Week3,Pleasant Valley,Week1,312.0 Dominion Hills - 90.0 Pleasant Valley
Donaldson Run,Week5,High Point Pool,Week5,273.0 Donaldson Run - 129.0 High Point Pool
Dominion Hills,Week5,Little Rocky Run,Week2,239.0 Little Rocky Run - 163.0 Dominion Hills
Dominion Hills,Week5,Woodley,Week3,326.0 Dominion Hills - 76.0 Woodley
Daventry,Week5,South Run,Week1,263.0 South Run - 129.0 Daventry
Daventry,Week1,Woodley,Week3,243.0 Woodley - 159.0 Daventry
Donaldson Run,Week2,Annandale,Week3,330.0 Donaldson Run - 72.0 Annandale
Daventry,Week1,Woodley,Week5,235.0 Woodley - 162.0 Daventry
Donaldson Run,Week4,Highland Park,Week1,253.0 Donaldson Run - 149.0 Highland Park
Donaldson Run,Week2,Long Branch,Week4,310.0 Donaldson Run - 92.0 Long Branch
Dominion Hills,Week5,Crosspointe,Week3,209.0 Crosspointe - 188.0 Dominion Hills
Dominion Hills,Week2,Pleasant Valley,Week2,310.0 Dominion Hills - 92.0 Pleasant Valley
Dominion Hills,Week5,Little Rocky Run,Week3,256.0 Little Rocky Run - 146.0 Dominion Hills
Daventry,Week2,Woodley,Week1,229.0 Woodley - 173.0 Daventry
Dominion Hills,Week3,Long Branch,Week1,244.0 Dominion Hills - 158.0 Long Branch
Donaldson Run,Week3,Long Branch,Week4,306.0 Donaldson Run - 96.0 Long Branch
Dominion Hills,Week2,Daventry,Week4,308.5 Dominion Hills - 93.5 Daventry
Daventry,Week5,South Run,Week5,285.0 South Run - 117.0 Daventry
Donaldson Run,Week1,Annandale,Week4,335.5 Donaldson Run - 66.5 Annandale
Daventry,Week2,Woodley,Week2,228.0 Woodley - 170.0 Daventry
Daventry,Week2,South Run,Week4,267.0 South Run - 130.0 Daventry
Donaldson Run,Week3,Highland Park,Week5,272.0 Donaldson Run - 130.0 Highland Park
Dominion Hills,Week5,Crosspointe,Week2,205.0 Crosspointe - 197.0 Dominion Hills
Dominion Hills,Week5,Pinewood Lake,Week2,370.0 Dominion Hills - 29.0 Pinewood Lake
Daventry,Week3,Poplar Tree,Week4,288.0 Poplar Tree - 113.0 Daventry
Daventry,Week2,Springboard,Week5,239.0 Springboard - 154.0 Daventry
Donaldson Run,Week2,Highland Park,Week1,249.5 Donaldson Run - 152.5 Highland Park
Donaldson Run,Week3,Long Branch,Week1,321.0 Donaldson Run - 81.0 Long Branch
Donaldson Run,Week2,Annandale,Week4,335.0 Donaldson Run - 67.0 Annandale
Donaldson Run,Week4,Little Rocky Run,Week4,225.0 Donaldson Run - 177.0 Little Rocky Run
Dominion Hills,Week5,Crosspointe,Week5,245.0 Crosspointe - 157.0 Dominion Hills
Daventry,Week5,Poplar Heights,Week4,317.0 Poplar Heights - 85.0 Daventry
Dominion Hills,Week2,Pleasant Valley,Week3,289.0 Dominion Hills - 113.0 Pleasant Valley
Dominion Hills,Week1,Long Branch,Week4,240.0 Dominion Hills - 162.0 Long Branch
Dominion Hills,Week5,Woodley,Week2,317.0 Dominion Hills - 85.0 Woodley
Daventry,Week5,Poplar Heights,Week3,303.5 Poplar Heights - 98.5 Daventry
Donaldson Run,Week3,Little Rocky Run,Week3,203.0 Little Rocky Run - 199.0 Donaldson Run
Donaldson Run,Week4,Highland Park,Week2,288.0 Donaldson Run - 114.0 Highland Park
Dominion Hills,Week3,Pleasant Valley,Week5,302.0 Dominion Hills - 100.0 Pleasant Valley
Dominion Hills,Week4,Pleasant Valley,Week1,316.0 Dominion Hills - 86.0 Pleasant Valley
Dominion Hills,Week1,Long Branch,Week1,241.0 Dominion Hills - 156.0 Long Branch
Daventry,Week1,South Run,Week2,263.0 South Run - 137.0 Daventry
Daventry,Week4,South Run,Week1,272.0 South Run - 120.0 Daventry
Dominion Hills,Week3,Daventry,Week4,308.0 Dominion Hills - 94.0 Daventry
Daventry,Week2,Woodley,Week4,237.0 Woodley - 164.0 Daventry
Dominion Hills,Week5,Crosspointe,Week1,224.0 Crosspointe - 178.0 Dominion Hills
Donaldson Run,Week3,Highland Park,Week3,286.0 Donaldson Run - 116.0 Highland Park
Daventry,Week1,Poplar Tree,Week2,300.0 Poplar Tree - 102.0 Daventry
Daventry,Week2,South Run,Week3,281.0 South Run - 117.0 Daventry
Daventry,Week2,Poplar Tree,Week3,320.0 Poplar Tree - 82.0 Daventry
Donaldson Run,Week4,Little Rocky Run,Week3,216.0 Donaldson Run - 186.0 Little Rocky Run
Donaldson Run,Week3,Little Rocky Run,Week2,232.0 Donaldson Run - 170.0 Little Rocky Run
Dominion Hills,Week1,Chesterbrook,Week2,365.0 Chesterbrook - 37.0 Dominion Hills
Donaldson Run,Week1,Highland Park,Week5,269.5 Donaldson Run - 132.5 Highland Park
Donaldson Run,Week3,Annandale,Week3,334.0 Donaldson Run - 68.0 Annandale
Dominion Hills,Week5,Crosspointe,Week4,213.0 Crosspointe - 189.0 Dominion Hills
Donaldson Run,Week4,Annandale,Week2,344.0 Donaldson Run - 58.0 Annandale
Daventry,Week1,South Run,Week3,293.0 South Run - 109.0 Daventry
Dominion Hills,Week2,Daventry,Week1,309.0 Dominion Hills - 93.0 Daventry
Donaldson Run,Week2,Little Rocky Run,Week5,211.0 Donaldson Run - 191.0 Little Rocky Run
Dominion Hills,Week4,Pleasant Valley,Week2,330.0 Dominion Hills - 71.0 Pleasant Valley
Dominion Hills,Week4,Pleasant Valley,Week3,319.0 Dominion Hills - 82.0 Pleasant Valley
Donaldson Run,Week5,Highland Park,Week1,286.0 Donaldson Run - 116.0 Highland Park
Dominion Hills,Week3,Long Branch,Week2,228.0 Dominion Hills - 174.0 Long Branch
Donaldson Run,Week4,Highland Park,Week5,283.0 Donaldson Run - 119.0 Highland Park
Dominion Hills,Week5,Woodley,Week5,308.0 Dominion Hills - 94.0 Woodley
Daventry,Week1,South Run,Week1,276.0 South Run - 117.0 Daventry
Donaldson Run,Week1,Long Branch,Week2,313.0 Donaldson Run - 89.0 Long Branch
Dominion Hills,Week5,Little Rocky Run,Week1,240.0 Little Rocky Run - 162.0 Dominion Hills
Dominion Hills,Week3,Long Branch,Week5,230.0 Dominion Hills - 172.0 Long Branch
Donaldson Run,Week2,Annandale,Week5,331.0 Donaldson Run - 71.0 Annandale
Donaldson Run,Week4,Annandale,Week4,347.0 Donaldson Run - 55.0 Annandale
Dominion Hills,Week2,Long Branch,Week2,249.5 Dominion Hills - 152.5 Long Branch
Daventry,Week1,Poplar Tree,Week4,289.0 Poplar Tree - 113.0 Daventry
Dominion Hills,Week3,Chesterbrook,Week3,378.0 Chesterbrook - 24.0 Dominion Hills
Dominion Hills,Week1,Mansion House,Week2,244.0 Mansion House - 158.0 Dominion Hills
Daventry,Week5,Poplar Heights,Week5,310.0 Poplar Heights - 92.0 Daventry
Donaldson Run,Week4,Highland Park,Week4,282.0 Donaldson Run - 120.0 Highland Park
Daventry,Week2,Woodley,Week3,232.0 Woodley - 169.0 Daventry
Dominion Hills,Week2,Pleasant Valley,Week1,311.0 Dominion Hills - 91.0 Pleasant Valley
Dominion Hills,Week5,Pinewood Lake,Week1,368.0 Dominion Hills - 27.0 Pinewood Lake
Dominion Hills,Week3,Daventry,Week2,297.0 Dominion Hills - 105.0 Daventry
Daventry,Week3,Poplar Tree,Week5,330.0 Poplar Tree - 71.0 Daventry
Dominion Hills,Week1,Pleasant Valley,Week1,302.0 Dominion Hills - 99.0 Pleasant Valley
Donaldson Run,Week5,Annandale,Week2,349.0 Donaldson Run - 53.0 Annandale
Daventry,Week4,Poplar Tree,Week2,305.0 Poplar Tree - 97.0 Daventry
Dominion Hills,Week1,Daventry,Week1,292.0 Dominion Hills - 105.0 Daventry
Donaldson Run,Week3,Little Rocky Run,Week5,208.0 Donaldson Run - 194.0 Little Rocky Run
Donaldson Run,Week4,Little Rocky Run,Week5,206.0 Donaldson Run - 196.0 Little Rocky Run
Donaldson Run,Week2,Annandale,Week1,338.0 Donaldson Run - 64.0 Annandale
Dominion Hills,Week3,Long Branch,Week3,256.0 Dominion Hills - 146.0 Long Branch
Dominion Hills,Week2,Daventry,Week3,299.0 Dominion Hills - 103.0 Daventry
Dominion Hills,Week4,Pleasant Valley,Week4,345.0 Dominion Hills - 52.0 Pleasant Valley
Daventry,Week3,Poplar Tree,Week3,319.0 Poplar Tree - 83.0 Daventry
Donaldson Run,Week4,Annandale,Week5,340.0 Donaldson Run - 62.0 Annandale
Daventry,Week5,South Run,Week3,260.0 South Run - 141.0 Daventry
Dominion Hills,Week5,Chesterbrook,Week1,323.0 Chesterbrook - 79.0 Dominion Hills
Daventry,Week4,Poplar Tree,Week1,325.0 Poplar Tree - 76.0 Daventry
Donaldson Run,Week1,Highland Park,Week1,253.0 Donaldson Run - 149.0 Highland Park
Dominion Hills,Week4,Chesterbrook,Week4,349.0 Chesterbrook - 53.0 Dominion Hills
Donaldson Run,Week1,Highland Park,Week3,264.0 Donaldson Run - 138.0 Highland Park
Donaldson Run,Week5,Little Rocky Run,Week2,269.0 Donaldson Run - 133.0 Little Rocky Run
Dominion Hills,Week4,Little Rocky Run,Week2,241.0 Little Rocky Run - 161.0 Dominion Hills
Dominion Hills,Week1,Daventry,Week4,299.5 Dominion Hills - 102.5 Daventry
Daventry,Week4,South Run,Week4,270.0 South Run - 127.0 Daventry
Dominion Hills,Week4,Chesterbrook,Week1,335.0 Chesterbrook - 62.0 Dominion Hills
Daventry,Week3,South Run,Week3,283.0 South Run - 117.0 Daventry
Daventry,Week2,Poplar Tree,Week4,293.0 Poplar Tree - 108.0 Daventry
Dominion Hills,Week5,Pleasant Valley,Week3,311.0 Dominion Hills - 91.0 Pleasant Valley
Donaldson Run,Week1,Highland Park,Week4,264.0 Donaldson Run - 138.0 Highland Park
Donaldson Run,Week3,Highland Park,Week2,287.0 Donaldson Run - 115.0 Highland Park
Donaldson Run,Week2,Highland Park,Week3,280.0 Donaldson Run - 122.0 Highland Park
Donaldson Run,Week5,Annandale,Week4,353.0 Donaldson Run - 49.0 Annandale
Donaldson Run,Week3,Little Rocky Run,Week1,239.0 Donaldson Run - 163.0 Little Rocky Run
Dominion Hills,Week4,Little Rocky Run,Week3,280.0 Little Rocky Run - 122.0 Dominion Hills
Dominion Hills,Week2,Chesterbrook,Week2,348.0 Chesterbrook - 54.0 Dominion Hills
Dominion Hills,Week2,Chesterbrook,Week5,352.0 Chesterbrook - 50.0 Dominion Hills
Donaldson Run,Week4,Little Rocky Run,Week1,247.0 Donaldson Run - 155.0 Little Rocky Run
Donaldson Run,Week5,Annandale,Week5,349.0 Donaldson Run - 53.0 Annandale
Dominion Hills,Week2,Pleasant Valley,Week4,332.0 Dominion Hills - 70.0 Pleasant Valley
Dominion Hills,Week3,Daventry,Week1,300.0 Dominion Hills - 102.0 Daventry
Daventry,Week4,South Run,Week2,254.0 South Run - 142.0 Daventry
Dominion Hills,Week3,Little Rocky Run,Week5,296.0 Little Rocky Run - 106.0 Dominion Hills
Dominion Hills,Week5,Pleasant Valley,Week1,325.0 Dominion Hills - 76.0 Pleasant Valley
Dominion Hills,Week1,Daventry,Week3,283.0 Dominion Hills - 119.0 Daventry
Daventry,Week2,South Run,Week5,302.0 South Run - 99.0 Daventry
Dominion Hills,Week1,Daventry,Week5,264.0 Dominion Hills - 138.0 Daventry
Dominion Hills,Week5,Little Rocky Run,Week4,254.0 Little Rocky Run - 148.0 Dominion Hills
Daventry,Week2,Poplar Tree,Week2,309.0 Poplar Tree - 92.0 Daventry
Dominion Hills,Week2,Long Branch,Week3,255.0 Dominion Hills - 147.0 Long Branch
Donaldson Run,Week5,Little Rocky Run,Week3,238.0 Donaldson Run - 164.0 Little Rocky Run
Daventry,Week3,Poplar Tree,Week1,320.0 Poplar Tree - 80.0 Daventry
Donaldson Run,Week1,Arlington Forest,Week1,274.0 Donaldson Run - 128.0 Arlington Forest
Daventry,Week2,South Run,Week1,267.5 South Run - 121.5 Daventry
Donaldson Run,Week5,Highland Park,Week2,314.0 Donaldson Run - 88.0 Highland Park
Dominion Hills,Week4,Cardinal Hill,Week4,230.5 Cardinal Hill - 171.5 Dominion Hills
Dominion Hills,Week4,Springboard,Week5,292.0 Dominion Hills - 110.0 Springboard
Dominion Hills,Week5,Poplar Heights,Week1,214.0 Dominion Hills - 188.0 Poplar Heights
Donaldson Run,Week5,Little Rocky Run,Week5,233.0 Donaldson Run - 169.0 Little Rocky Run
Dominion Hills,Week1,Long Branch,Week2,227.0 Dominion Hills - 175.0 Long Branch
Daventry,Week3,South Run,Week4,264.0 South Run - 132.0 Daventry
Donaldson Run,Week1,Highland Park,Week2,268.0 Donaldson Run - 134.0 Highland Park
Donaldson Run,Week3,Highland Park,Week1,255.5 Donaldson Run - 146.5 Highland Park
Donaldson Run,Week1,Arlington Forest,Week4,269.0 Donaldson Run - 133.0 Arlington Forest
Dominion Hills,Week4,Daventry,Week1,321.0 Dominion Hills - 81.0 Daventry
Donaldson Run,Week4,Highland Park,Week3,276.0 Donaldson Run - 126.0 Highland Park
Donaldson Run,Week2,Long Branch,Week1,319.0 Donaldson Run - 83.0 Long Branch
Daventry,Week4,Poplar Tree,Week3,318.0 Poplar Tree - 84.0 Daventry
Daventry,Week5,Poplar Tree,Week2,289.0 Poplar Tree - 108.0 Daventry
Dominion Hills,Week4,Daventry,Week2,323.0 Dominion Hills - 79.0 Daventry
Donaldson Run,Week1,Arlington Forest,Week2,291.0 Donaldson Run - 111.0 Arlington Forest
Dominion Hills,Week1,Long Branch,Week3,257.0 Dominion Hills - 145.0 Long Branch
Donaldson Run,Week1,Long Branch,Week4,309.0 Donaldson Run - 93.0 Long Branch
Donaldson Run,Week2,Highland Park,Week5,270.0 Donaldson Run - 132.0 Highland Park
Dominion Hills,Week5,Pleasant Valley,Week4,346.0 Dominion Hills - 50.0 Pleasant Valley
Daventry,Week4,South Run,Week5,292.0 South Run - 110.0 Daventry
Dominion Hills,Week1,Poplar Heights,Week5,254.0 Poplar Heights - 148.0 Dominion Hills
Dominion Hills,Week4,Chesterbrook,Week2,349.0 Chesterbrook - 53.0 Dominion Hills
Dominion Hills,Week1,Commonwealth,Week5,218.0 Dominion Hills - 184.0 Commonwealth
Dominion Hills,Week2,Chesterbrook,Week4,352.0 Chesterbrook - 50.0 Dominion Hills
Daventry,Week4,Poplar Tree,Week5,333.0 Poplar Tree - 68.0 Daventry
Daventry,Week1,Poplar Tree,Week1,315.0 Poplar Tree - 87.0 Daventry
Dominion Hills,Week4,Daventry,Week4,325.0 Dominion Hills - 77.0 Daventry
Dominion Hills,Week5,Springboard,Week2,325.0 Dominion Hills - 76.0 Springboard
Dominion Hills,Week3,Chesterbrook,Week1,356.0 Chesterbrook - 46.0 Dominion Hills
Dominion Hills,Week1,Long Branch,Week5,222.0 Dominion Hills - 180.0 Long Branch
Dominion Hills,Week3,Poplar Heights,Week4,244.0 Poplar Heights - 158.0 Dominion Hills
Daventry,Week1,South Run,Week5,292.0 South Run - 110.0 Daventry
Dominion Hills,Week5,Daventry,Week3,323.0 Dominion Hills - 79.0 Daventry
Dominion Hills,Week5,Pleasant Valley,Week5,316.0 Dominion Hills - 86.0 Pleasant Valley
Dominion Hills,Week1,Poplar Tree,Week2,240.0 Poplar Tree - 162.0 Dominion Hills
Daventry,Week2,Poplar Tree,Week5,324.0 Poplar Tree - 78.0 Daventry
Donaldson Run,Week2,Highland Park,Week2,280.0 Donaldson Run - 122.0 Highland Park
Donaldson Run,Week5,Little Rocky Run,Week4,255.0 Donaldson Run - 147.0 Little Rocky Run
Dominion Hills,Week4,Cardinal Hill,Week5,230.0 Cardinal Hill - 172.0 Dominion Hills
Daventry,Week2,South Run,Week2,256.0 South Run - 140.0 Daventry
Dominion Hills,Week4,Springfield,Week2,363.0 Dominion Hills - 38.0 Springfield
Dominion Hills,Week4,Little Rocky Run,Week1,256.0 Little Rocky Run - 146.0 Dominion Hills
Dominion Hills,Week5,Daventry,Week1,328.0 Dominion Hills - 74.0 Daventry
Dominion Hills,Week2,Springfield,Week2,371.0 Dominion Hills - 31.0 Springfield
Daventry,Week4,South Run,Week3,288.0 South Run - 112.0 Daventry
Donaldson Run,Week5,Little Rocky Run,Week1,264.0 Donaldson Run - 138.0 Little Rocky Run
Dominion Hills,Week5,Little Rocky Run,Week5,275.0 Little Rocky Run - 127.0 Dominion Hills
Dominion Hills,Week2,Commonwealth,Week2,231.0 Dominion Hills - 171.0 Commonwealth
Donaldson Run,Week1,Long Branch,Week1,315.0 Donaldson Run - 87.0 Long Branch
Daventry,Week3,Poplar Tree,Week2,307.0 Poplar Tree - 94.0 Daventry
Dominion Hills,Week5,Daventry,Week5,303.0 Dominion Hills - 99.0 Daventry
Dominion Hills,Week2,Long Branch,Week4,256.0 Dominion Hills - 146.0 Long Branch
Dominion Hills,Week3,Springfield,Week5,366.0 Dominion Hills - 36.0 Springfield
Dominion Hills,Week3,Chesterbrook,Week4,374.0 Chesterbrook - 28.0 Dominion Hills
Daventry,Week5,South Run,Week4,255.0 South Run - 140.0 Daventry
Dominion Hills,Week5,Cardinal Hill,Week3,262.0 Cardinal Hill - 140.0 Dominion Hills
Daventry,Week1,Springboard,Week2,211.0 Springboard - 189.0 Daventry
Dominion Hills,Week1,Dominion Hills,Week2,217.0 Dominion Hills (DH2) - 185.0 Dominion Hills (DH1)
Daventry,Week1,Poplar Tree,Week5,323.0 Poplar Tree - 79.0 Daventry
Donaldson Run,Week4,Little Rocky Run,Week2,240.0 Donaldson Run - 162.0 Little Rocky Run
Dominion Hills,Week4,Little Rocky Run,Week5,283.0 Little Rocky Run - 119.0 Dominion Hills
Dominion Hills,Week1,Dominion Hills,Week1,198.5 Dominion Hills (DH1) - 198.5 Dominion Hills (DH2)
Donaldson Run,Week2,Long Branch,Week3,322.0 Donaldson Run - 80.0 Long Branch
Daventry,Week1,Poplar Tree,Week3,317.0 Poplar Tree - 85.0 Daventry
Daventry,Week5,South Run,Week2,246.5 South Run - 152.5 Daventry
Donaldson Run,Week5,Dowden Terrace,Week2,293.0 Donaldson Run - 104.0 Dowden Terrace
Dominion Hills,Week1,Poplar Tree,Week5,272.0 Poplar Tree - 130.0 Dominion Hills
Donaldson Run,Week4,Dunn Loring,Week3,201.0 Donaldson Run - 201.0 Dunn Loring
Donaldson Run,Week4,Dunn Loring,Week1,240.0 Donaldson Run - 162.0 Dunn Loring
Dominion Hills,Week5,Springfield,Week2,366.0 Dominion Hills - 29.0 Springfield
Dominion Hills,Week1,Poplar Tree,Week4,222.0 Poplar Tree - 180.0 Dominion Hills
Dominion Hills,Week1,Chesterbrook,Week5,367.0 Chesterbrook - 35.0 Dominion Hills
Dominion Hills,Week4,Long Branch,Week5,260.0 Dominion Hills - 142.0 Long Branch
Daventry,Week2,Springboard,Week2,201.0 Springboard - 190.0 Daventry
Dominion Hills,Week2,Poplar Tree,Week3,235.0 Poplar Tree - 167.0 Dominion Hills
Dominion Hills,Week1,Donaldson Run,Week4,312.0 Donaldson Run - 90.0 Dominion Hills
Daventry,Week5,Poplar Tree,Week1,292.0 Poplar Tree - 110.0 Daventry
Dominion Hills,Week2,Springfield,Week3,366.0 Dominion Hills - 36.0 Springfield
Dominion Hills,Week4,Long Branch,Week2,262.0 Dominion Hills - 140.0 Long Branch
Dominion Hills,Week5,Cardinal Hill,Week4,229.0 Cardinal Hill - 173.0 Dominion Hills
Dominion Hills,Week3,Long Branch,Week4,235.0 Dominion Hills - 167.0 Long Branch
Dominion Hills,Week1,Dominion Hills,Week3,209.0 Dominion Hills (DH2) - 193.0 Dominion Hills (DH1)
Dominion Hills,Week3,Poplar Heights,Week3,236.0 Poplar Heights - 166.0 Dominion Hills
Dominion Hills,Week3,Dominion Hills,Week4,271.0 Dominion Hills (DH2) - 131.0 Dominion Hills (DH1)
Donaldson Run,Week1,Long Branch,Week3,325.0 Donaldson Run - 77.0 Long Branch
Dominion Hills,Week2,Springfield,Week1,372.0 Dominion Hills - 30.0 Springfield
Donaldson Run,Week2,Long Branch,Week2,314.5 Donaldson Run - 87.5 Long Branch
Daventry,Week2,Springboard,Week1,220.0 Springboard - 172.0 Daventry
Donaldson Run,Week5,Dunn Loring,Week1,259.0 Donaldson Run - 138.0 Dunn Loring
Dominion Hills,Week2,Poplar Heights,Week2,223.0 Poplar Heights - 179.0 Dominion Hills
Donaldson Run,Week3,Dunn Loring,Week3,209.0 Donaldson Run - 193.0 Dunn Loring
Daventry,Week4,Poplar Tree,Week4,303.0 Poplar Tree - 98.0 Daventry
Donaldson Run,Week1,Dunn Loring,Week5,206.0 Dunn Loring - 196.0 Donaldson Run
Dominion Hills,Week3,Poplar Heights,Week1,215.0 Poplar Heights - 187.0 Dominion Hills
Dominion Hills,Week5,Springboard,Week4,298.0 Dominion Hills - 104.0 Springboard
Dominion Hills,Week5,Long Branch,Week1,266.0 Dominion Hills - 136.0 Long Branch
Donaldson Run,Week1,Long Branch,Week5,309.0 Donaldson Run - 93.0 Long Branch
Dominion Hills,Week5,Cardinal Hill,Week1,231.0 Cardinal Hill - 171.0 Dominion Hills
Daventry,Week5,Poplar Tree,Week3,295.0 Poplar Tree - 107.0 Daventry
Daventry,Week1,Springboard,Week4,234.0 Springboard - 162.0 Daventry
Dominion Hills,Week2,Donaldson Run,Week3,293.0 Donaldson Run - 109.0 Dominion Hills
Dominion Hills,Week5,Long Branch,Week5,256.0 Dominion Hills - 146.0 Long Branch
Donaldson Run,Week2,Dunn Loring,Week4,210.0 Donaldson Run - 192.0 Dunn Loring
Dominion Hills,Week1,Chesterbrook,Week1,350.0 Chesterbrook - 52.0 Dominion Hills
Daventry,Week2,Springboard,Week3,231.0 Springboard - 161.0 Daventry
Dominion Hills,Week1,Mansion House,Week1,236.0 Mansion House - 166.0 Dominion Hills
Dominion Hills,Week1,Poplar Heights,Week3,237.0 Poplar Heights - 165.0 Dominion Hills
Dominion Hills,Week4,Long Branch,Week4,269.0 Dominion Hills - 133.0 Long Branch
Donaldson Run,Week4,Dowden Terrace,Week3,282.0 Donaldson Run - 120.0 Dowden Terrace
Donaldson Run,Week3,Dunn Loring,Week1,233.5 Donaldson Run - 168.5 Dunn Loring
Dominion Hills,Week5,Long Branch,Week4,270.0 Dominion Hills - 132.0 Long Branch
Dominion Hills,Week1,Chesterbrook,Week3,375.0 Chesterbrook - 27.0 Dominion Hills
Dominion Hills,Week3,Poplar Heights,Week2,241.0 Poplar Heights - 161.0 Dominion Hills
Dominion Hills,Week2,Chesterbrook,Week1,328.5 Chesterbrook - 73.5 Dominion Hills
Donaldson Run,Week5,Dowden Terrace,Week5,261.5 Donaldson Run - 140.5 Dowden Terrace
Dominion Hills,Week5,Poplar Heights,Week2,204.0 Dominion Hills - 198.0 Poplar Heights
Dominion Hills,Week3,Poplar Heights,Week5,249.0 Poplar Heights - 153.0 Dominion Hills
Dominion Hills,Week4,Dominion Hills,Week5,206.0 Dominion Hills (DH2) - 196.0 Dominion Hills (DH1)
Dominion Hills,Week4,Poplar Heights,Week4,201.0 Dominion Hills - 201.0 Poplar Heights
Donaldson Run,Week4,Long Branch,Week5,311.0 Donaldson Run - 91.0 Long Branch
Dominion Hills,Week4,Springboard,Week3,297.0 Dominion Hills - 105.0 Springboard
Dominion Hills,Week3,Dominion Hills,Week1,209.0 Dominion Hills (DH1) - 193.0 Dominion Hills (DH2)
Donaldson Run,Week3,Little Rocky Run,Week4,216.0 Donaldson Run - 186.0 Little Rocky Run
Dominion Hills,Week1,Stratford,Week4,229.0 Dominion Hills - 173.0 Stratford
Dominion Hills,Week5,Long Branch,Week3,278.0 Dominion Hills - 124.0 Long Branch
Daventry,Week2,Springboard,Week4,231.0 Springboard - 167.0 Daventry
Dominion Hills,Week2,Dominion Hills,Week5,256.0 Dominion Hills (DH2) - 146.0 Dominion Hills (DH1)
Dominion Hills,Week2,Springfield,Week5,376.0 Dominion Hills - 26.0 Springfield
Daventry,Week3,Springfield,Week2,282.0 Daventry - 81.0 Springfield
Dominion Hills,Week1,Springfield,Week3,356.0 Dominion Hills - 40.0 Springfield
Donaldson Run,Week3,Long Branch,Week3,319.0 Donaldson Run - 83.0 Long Branch
Donaldson Run,Week5,Dowden Terrace,Week1,296.0 Donaldson Run - 106.0 Dowden Terrace
Donaldson Run,Week2,Long Branch,Week5,314.0 Donaldson Run - 88.0 Long Branch
Dominion Hills,Week2,Donaldson Run,Week4,309.0 Donaldson Run - 93.0 Dominion Hills
Daventry,Week2,Springfield,Week5,292.0 Daventry - 89.0 Springfield
Dominion Hills,Week5,Long Branch,Week2,261.0 Dominion Hills - 141.0 Long Branch
Dominion Hills,Week2,Dominion Hills,Week3,221.0 Dominion Hills (DH1) - 181.0 Dominion Hills (DH2)
Daventry,Week1,Springboard,Week5,241.0 Springboard - 160.0 Daventry
Dominion Hills,Week1,Springfield,Week4,348.0 Dominion Hills - 49.0 Springfield
Donaldson Run,Week3,Long Branch,Week2,315.0 Donaldson Run - 87.0 Long Branch
Daventry,Week2,Springfield,Week2,290.0 Daventry - 87.0 Springfield
Dominion Hills,Week3,Chesterbrook,Week2,368.0 Chesterbrook - 34.0 Dominion Hills
Dominion Hills,Week4,Cardinal Hill,Week3,264.0 Cardinal Hill - 138.0 Dominion Hills
Donaldson Run,Week3,Mansion House,Week4,277.0 Donaldson Run - 125.0 Mansion House
Dominion Hills,Week5,Springboard,Week5,295.0 Dominion Hills - 106.0 Springboard
Donaldson Run,Week3,Long Branch,Week5,303.0 Donaldson Run - 99.0 Long Branch
Dominion Hills,Week3,Dominion Hills,Week5,270.0 Dominion Hills (DH2) - 132.0 Dominion Hills (DH1)
Donaldson Run,Week1,Dunn Loring,Week3,205.0 Dunn Loring - 197.0 Donaldson Run
Dominion Hills,Week5,Cardinal Hill,Week5,228.0 Cardinal Hill - 174.0 Dominion Hills
Dominion Hills,Week4,Springboard,Week4,296.0 Dominion Hills - 105.0 Springboard
Daventry,Week5,Springboard,Week2,217.0 Daventry - 169.0 Springboard
Dominion Hills,Week4,Mansion House,Week2,208.0 Dominion Hills - 194.0 Mansion House
Dominion Hills,Week1,Chesterbrook,Week4,365.0 Chesterbrook - 37.0 Dominion Hills
Donaldson Run,Week4,Long Branch,Week2,327.0 Donaldson Run - 75.0 Long Branch
Dominion Hills,Week3,Springfield,Week1,366.0 Dominion Hills - 35.0 Springfield
Donaldson Run,Week4,Dowden Terrace,Week2,278.0 Donaldson Run - 124.0 Dowden Terrace
Dominion Hills,Week5,Dominion Hills,Week2,256.0 Dominion Hills (DH1) - 146.0 Dominion Hills (DH2)
Dominion Hills,Week3,Mansion House,Week3,240.5 Mansion House - 161.5 Dominion Hills
Dominion Hills,Week1,Poplar Heights,Week1,216.0 Poplar Heights - 186.0 Dominion Hills
Dominion Hills,Week1,Dominion Hills,Week5,281.0 Dominion Hills (DH2) - 121.0 Dominion Hills (DH1)
Dominion Hills,Week5,Springboard,Week1,302.0 Dominion Hills - 99.0 Springboard
Dominion Hills,Week2,Chesterbrook,Week3,362.0 Chesterbrook - 40.0 Dominion Hills
Daventry,Week1,Springfield,Week2,289.0 Daventry - 90.0 Springfield
Dominion Hills,Week2,Mansion House,Week5,238.0 Mansion House - 164.0 Dominion Hills
Donaldson Run,Week4,Dowden Terrace,Week4,263.0 Donaldson Run - 139.0 Dowden Terrace
Dominion Hills,Week1,Poplar Heights,Week4,246.0 Poplar Heights - 156.0 Dominion Hills
Dominion Hills,Week2,Poplar Heights,Week1,203.0 Dominion Hills - 199.0 Poplar Heights
Daventry,Week3,Springboard,Week3,234.5 Springboard - 157.5 Daventry
Donaldson Run,Week4,Mansion House,Week3,244.0 Donaldson Run - 158.0 Mansion House
Donaldson Run,Week5,Dowden Terrace,Week3,300.0 Donaldson Run - 102.0 Dowden Terrace
Dominion Hills,Week5,Cardinal Hill,Week2,206.0 Cardinal Hill - 196.0 Dominion Hills
Dominion Hills,Week4,Dominion Hills,Week3,271.0 Dominion Hills (DH1) - 131.0 Dominion Hills (DH2)
Dominion Hills,Week4,Chesterbrook,Week5,347.0 Chesterbrook - 55.0 Dominion Hills
Dominion Hills,Week3,Mansion House,Week2,237.0 Mansion House - 165.0 Dominion Hills
Dominion Hills,Week1,Springfield,Week5,372.0 Dominion Hills - 24.0 Springfield
Donaldson Run,Week1,Mansion House,Week3,237.0 Donaldson Run - 165.0 Mansion House
Donaldson Run,Week2,Mansion House,Week3,242.0 Donaldson Run - 160.0 Mansion House
Dominion Hills,Week4,Poplar Heights,Week5,212.0 Poplar Heights - 190.0 Dominion Hills
Dominion Hills,Week2,Dominion Hills,Week2,201.0 Dominion Hills (DH1) - 201.0 Dominion Hills (DH2)
Dominion Hills,Week2,Springfield,Week4,357.0 Dominion Hills - 45.0 Springfield
Dominion Hills,Week4,Poplar Heights,Week2,209.0 Poplar Heights - 193.0 Dominion Hills
Donaldson Run,Week1,Mansion House,Week2,251.0 Donaldson Run - 151.0 Mansion House
Daventry,Week1,Springfield,Week3,283.0 Daventry - 96.0 Springfield
Dominion Hills,Week4,Poplar Heights,Week3,201.0 Dominion Hills - 201.0 Poplar Heights
Daventry,Week1,Springfield,Week1,282.0 Daventry - 107.0 Springfield
Dominion Hills,Week1,Springfield,Week1,360.0 Dominion Hills - 42.0 Springfield
Dominion Hills,Week4,Chesterbrook,Week3,365.0 Chesterbrook - 37.0 Dominion Hills
Daventry,Week3,Springboard,Week4,235.0 Springboard - 166.0 Daventry
Dominion Hills,Week3,Chesterbrook,Week5,371.0 Chesterbrook - 31.0 Dominion Hills
Dominion Hills,Week1,Donaldson Run,Week2,296.0 Donaldson Run - 106.0 Dominion Hills
Dominion Hills,Week3,Springfield,Week2,359.0 Dominion Hills - 42.0 Springfield
Dominion Hills,Week1,Poplar Heights,Week2,239.0 Poplar Heights - 163.0 Dominion Hills
Dominion Hills,Week5,Mansion House,Week1,212.0 Dominion Hills - 190.0 Mansion House
Donaldson Run,Week1,Dunn Loring,Week2,209.0 Dunn Loring - 193.0 Donaldson Run
Donaldson Run,Week1,Dunn Loring,Week1,228.0 Donaldson Run - 174.0 Dunn Loring
Dominion Hills,Week1,Donaldson Run,Week1,291.0 Donaldson Run - 111.0 Dominion Hills
Dominion Hills,Week5,Chesterbrook,Week2,327.0 Chesterbrook - 75.0 Dominion Hills
Daventry,Week5,Springboard,Week1,202.0 Springboard - 195.0 Daventry
Dominion Hills,Week4,Mansion House,Week4,217.0 Dominion Hills - 185.0 Mansion House
Donaldson Run,Week5,Dowden Terrace,Week4,286.0 Donaldson Run - 116.0 Dowden Terrace
Daventry,Week3,Springfield,Week3,269.0 Daventry - 94.0 Springfield
Dominion Hills,Week1,Commonwealth,Week1,257.0 Dominion Hills - 145.0 Commonwealth
Dominion Hills,Week4,Springfield,Week1,369.0 Dominion Hills - 32.0 Springfield
Dominion Hills,Week1,Commonwealth,Week2,217.0 Dominion Hills - 185.0 Commonwealth
Dominion Hills,Week5,Chesterbrook,Week3,351.0 Chesterbrook - 51.0 Dominion Hills
Dominion Hills,Week3,Dominion Hills,Week2,221.0 Dominion Hills (DH2) - 181.0 Dominion Hills (DH1)
Dominion Hills,Week5,Dominion Hills,Week1,281.0 Dominion Hills (DH1) - 121.0 Dominion Hills (DH2)
Donaldson Run,Week4,Long Branch,Week4,318.0 Donaldson Run - 84.0 Long Branch
Donaldson Run,Week2,Dunn Loring,Week2,211.0 Donaldson Run - 191.0 Dunn Loring
Dominion Hills,Week1,Springfield,Week2,364.0 Dominion Hills - 33.0 Springfield
Donaldson Run,Week2,Mansion House,Week5,239.0 Donaldson Run - 163.0 Mansion House
Daventry,Week4,Springboard,Week2,206.0 Springboard - 192.0 Daventry
Dominion Hills,Week1,Donaldson Run,Week3,300.0 Donaldson Run - 102.0 Dominion Hills
Dominion Hills,Week4,Springfield,Week3,359.0 Dominion Hills - 36.0 Springfield
Donaldson Run,Week2,Dunn Loring,Week1,240.0 Donaldson Run - 162.0 Dunn Loring
Daventry,Week2,Springfield,Week4,280.0 Daventry - 104.0 Springfield
Daventry,Week3,Springfield,Week4,265.0 Daventry - 106.0 Springfield
Dominion Hills,Week4,Dominion Hills,Week1,260.0 Dominion Hills (DH1) - 142.0 Dominion Hills (DH2)
Dominion Hills,Week2,Poplar Heights,Week5,234.0 Poplar Heights - 168.0 Dominion Hills
Dominion Hills,Week3,Springfield,Week3,354.0 Dominion Hills - 47.0 Springfield
Dominion Hills,Week5,Poplar Heights,Week3,206.0 Dominion Hills - 196.0 Poplar Heights
Dominion Hills,Week5,Mansion House,Week3,213.0 Mansion House - 189.0 Dominion Hills
Dominion Hills,Week5,Mansion House,Week4,209.0 Dominion Hills - 188.0 Mansion House
Dominion Hills,Week1,Mansion House,Week4,215.5 Mansion House - 186.5 Dominion Hills
Donaldson Run,Week4,Dowden Terrace,Week5,248.0 Donaldson Run - 154.0 Dowden Terrace
Donaldson Run,Week3,Dunn Loring,Week5,201.0 Donaldson Run - 201.0 Dunn Loring
Donaldson Run,Week1,Mansion House,Week4,274.0 Donaldson Run - 128.0 Mansion House
Donaldson Run,Week3,Mansion House,Week1,253.0 Donaldson Run - 149.0 Mansion House
Dominion Hills,Week1,Mansion House,Week5,241.0 Mansion House - 161.0 Dominion Hills
Dominion Hills,Week3,Mansion House,Week5,238.5 Mansion House - 163.5 Dominion Hills
Donaldson Run,Week3,Dunn Loring,Week2,207.0 Donaldson Run - 195.0 Dunn Loring
Dominion Hills,Week1,Mansion House,Week3,244.0 Mansion House - 158.0 Dominion Hills
Dominion Hills,Week4,Poplar Heights,Week1,209.0 Dominion Hills - 193.0 Poplar Heights
Donaldson Run,Week1,Dunn Loring,Week4,203.0 Dunn Loring - 199.0 Donaldson Run
Dominion Hills,Week5,Springboard,Week3,314.0 Dominion Hills - 87.0 Springboard
Donaldson Run,Week1,Mansion House,Week5,243.0 Donaldson Run - 159.0 Mansion House
Dominion Hills,Week5,Chesterbrook,Week4,336.0 Chesterbrook - 66.0 Dominion Hills
Dominion Hills,Week2,Poplar Heights,Week3,213.0 Poplar Heights - 189.0 Dominion Hills
Donaldson Run,Week1,Mansion House,Week1,248.0 Donaldson Run - 154.0 Mansion House
Dominion Hills,Week5,Poplar Heights,Week4,209.0 Dominion Hills - 193.0 Poplar Heights
Dominion Hills,Week3,Springfield,Week4,350.0 Dominion Hills - 51.0 Springfield
Dominion Hills,Week5,Chesterbrook,Week5,341.0 Chesterbrook - 61.0 Dominion Hills
Daventry,Week3,Springboard,Week1,235.0 Springboard - 161.0 Daventry
Dominion Hills,Week2,Poplar Heights,Week4,232.0 Poplar Heights - 170.0 Dominion Hills
Dominion Hills,Week2,Dominion Hills,Week4,254.0 Dominion Hills (DH2) - 148.0 Dominion Hills (DH1)
Dominion Hills,Week1,Commonwealth,Week4,242.0 Dominion Hills - 160.0 Commonwealth
Donaldson Run,Week2,Dunn Loring,Week5,210.0 Donaldson Run - 192.0 Dunn Loring
Dominion Hills,Week3,Dominion Hills,Week3,201.0 Dominion Hills (DH1) - 201.0 Dominion Hills (DH2)
Donaldson Run,Week5,Long Branch,Week5,328.0 Donaldson Run - 74.0 Long Branch
Donaldson Run,Week3,Dunn Loring,Week4,201.0 Donaldson Run - 201.0 Dunn Loring
Daventry,Week5,Springboard,Week4,199.0 Springboard - 197.0 Daventry
Dominion Hills,Week5,Springfield,Week1,373.0 Dominion Hills - 23.0 Springfield
Dominion Hills,Week4,Springfield,Week5,372.0 Dominion Hills - 29.0 Springfield
Dominion Hills,Week5,Mansion House,Week5,217.0 Mansion House - 185.0 Dominion Hills
Dominion Hills,Week2,Mansion House,Week1,220.0 Mansion House - 182.0 Dominion Hills
Dominion Hills,Week4,Springfield,Week4,362.0 Dominion Hills - 40.0 Springfield
Dominion Hills,Week4,Dominion Hills,Week2,254.0 Dominion Hills (DH1) - 148.0 Dominion Hills (DH2)
Daventry,Week3,Springboard,Week5,229.0 Springboard - 169.0 Daventry
Dominion Hills,Week5,Poplar Heights,Week5,207.0 Poplar Heights - 195.0 Dominion Hills
Dominion Hills,Week2,Commonwealth,Week1,275.0 Dominion Hills - 127.0 Commonwealth
Dominion Hills,Week2,Dominion Hills,Week1,217.0 Dominion Hills (DH1) - 185.0 Dominion Hills (DH2)
Daventry,Week4,Springboard,Week3,231.0 Springboard - 167.0 Daventry
Dominion Hills,Week5,Mansion House,Week2,209.0 Mansion House - 193.0 Dominion Hills
Dominion Hills,Week1,Poplar Tree,Week1,245.0 Poplar Tree - 157.0 Dominion Hills
Donaldson Run,Week2,Dunn Loring,Week3,218.0 Donaldson Run - 184.0 Dunn Loring
Donaldson Run,Week4,Long Branch,Week3,323.0 Donaldson Run - 79.0 Long Branch
Dominion Hills,Week4,Dominion Hills,Week4,198.0 Dominion Hills (DH1) - 198.0 Dominion Hills (DH2)
Daventry,Week5,Springboard,Week5,208.0 Springboard - 189.0 Daventry
Dominion Hills,Week1,Commonwealth,Week3,229.0 Dominion Hills - 173.0 Commonwealth
Dominion Hills,Week1,Poplar Tree,Week3,252.0 Poplar Tree - 150.0 Dominion Hills
Donaldson Run,Week5,Long Branch,Week2,336.0 Donaldson Run - 66.0 Long Branch
Dominion Hills,Week1,Stratford,Week1,252.0 Dominion Hills - 145.0 Stratford
Dominion Hills,Week4,Mansion House,Week3,208.0 Mansion House - 194.0 Dominion Hills
Donaldson Run,Week4,Dunn Loring,Week5,201.0 Donaldson Run - 201.0 Dunn Loring
Dominion Hills,Week2,Poplar Tree,Week1,231.0 Poplar Tree - 171.0 Dominion Hills
Dominion Hills,Week2,Poplar Tree,Week2,216.0 Poplar Tree - 186.0 Dominion Hills
Dominion Hills,Week5,Dominion Hills,Week3,270.0 Dominion Hills (DH1) - 132.0 Dominion Hills (DH2)
Donaldson Run,Week3,Mansion House,Week2,261.0 Donaldson Run - 141.0 Mansion House
Dominion Hills,Week3,Commonwealth,Week1,263.0 Dominion Hills - 139.0 Commonwealth
Dominion Hills,Week5,Springfield,Week5,380.0 Dominion Hills - 17.0 Springfield
Donaldson Run,Week2,Mansion House,Week2,257.0 Donaldson Run - 145.0 Mansion House
Dominion Hills,Week1,Mantua,Week2,237.0 Mantua - 165.0 Dominion Hills
Donaldson Run,Week4,Dunn Loring,Week2,211.0 Donaldson Run - 191.0 Dunn Loring
Dominion Hills,Week4,Commonwealth,Week1,277.0 Dominion Hills - 119.0 Commonwealth
Daventry,Week4,Springboard,Week5,230.0 Springboard - 168.0 Daventry
Daventry,Week5,Springboard,Week3,219.0 Springboard - 179.0 Daventry
Dominion Hills,Week1,Mantua,Week1,256.0 Mantua - 146.0 Dominion Hills
Dominion Hills,Week5,Commonwealth,Week2,241.5 Dominion Hills - 160.5 Commonwealth
Dominion Hills,Week1,Donaldson Run,Week5,322.0 Donaldson Run - 80.0 Dominion Hills
Daventry,Week1,Springfield,Week4,268.0 Daventry - 116.0 Springfield
Donaldson Run,Week5,Long Branch,Week3,337.0 Donaldson Run - 65.0 Long Branch
Dominion Hills,Week5,Poplar Tree,Week2,207.5 Dominion Hills - 194.5 Poplar Tree
Dominion Hills,Week5,Commonwealth,Week4,272.5 Dominion Hills - 129.5 Commonwealth
Dominion Hills,Week5,Dominion Hills,Week5,198.5 Dominion Hills (DH1) - 198.5 Dominion Hills (DH2)
Donaldson Run,Week5,Dunn Loring,Week3,239.0 Donaldson Run - 163.0 Dunn Loring
Dominion Hills,Week2,Ravensworth Farm,Week3,237.0 Ravensworth Farm - 165.0 Dominion Hills
Donaldson Run,Week4,Dunn Loring,Week4,206.0 Donaldson Run - 196.0 Dunn Loring
Dominion Hills,Week5,Springfield,Week3,362.0 Dominion Hills - 32.0 Springfield
Donaldson Run,Week2,Mansion House,Week4,278.0 Donaldson Run - 124.0 Mansion House
Dominion Hills,Week2,Mansion House,Week2,224.0 Mansion House - 178.0 Dominion Hills
Dominion Hills,Week2,Dowden Terrace,Week2,202.0 Dominion Hills - 200.0 Dowden Terrace
Donaldson Run,Week1,Fair Oaks ,Week5,229.0 Donaldson Run - 173.0 Fair Oaks
Donaldson Run,Week5,Fair Oaks ,Week5,273.0 Donaldson Run - 129.0 Fair Oaks
Dominion Hills,Week5,Dominion Hills,Week4,206.0 Dominion Hills (DH1) - 196.0 Dominion Hills (DH2)
Donaldson Run,Week4,Fair Oaks ,Week2,294.0 Donaldson Run - 108.0 Fair Oaks
Dominion Hills,Week3,Poplar Tree,Week3,246.0 Poplar Tree - 156.0 Dominion Hills
Dominion Hills,Week4,Commonwealth,Week2,235.0 Dominion Hills - 166.0 Commonwealth
Dominion Hills,Week1,Ravensworth Farm,Week2,211.0 Ravensworth Farm - 191.0 Dominion Hills
Daventry,Week1,Springfield,Week5,281.0 Daventry - 99.0 Springfield
Dominion Hills,Week1,Stratford,Week2,239.5 Dominion Hills - 162.5 Stratford
Donaldson Run,Week3,Mansion House,Week3,253.0 Donaldson Run - 149.0 Mansion House
Dominion Hills,Week4,Donaldson Run,Week5,290.0 Donaldson Run - 112.0 Dominion Hills
Dominion Hills,Week1,Sully Station,Week2,267.0 Sully Station - 135.0 Dominion Hills
Daventry,Week2,Springfield,Week1,288.0 Daventry - 93.0 Springfield
Dominion Hills,Week2,Poplar Tree,Week5,257.0 Poplar Tree - 145.0 Dominion Hills
Dominion Hills,Week2,Donaldson Run,Week2,291.0 Donaldson Run - 111.0 Dominion Hills
Dominion Hills,Week5,Springfield,Week4,367.0 Dominion Hills - 34.0 Springfield
Donaldson Run,Week2,Mansion House,Week1,251.0 Donaldson Run - 151.0 Mansion House
Donaldson Run,Week4,Mansion House,Week1,254.0 Donaldson Run - 148.0 Mansion House
Dominion Hills,Week3,Poplar Tree,Week4,228.0 Poplar Tree - 174.0 Dominion Hills
Donaldson Run,Week5,Long Branch,Week1,337.0 Donaldson Run - 65.0 Long Branch
Dominion Hills,Week4,Mansion House,Week1,210.0 Dominion Hills - 192.0 Mansion House
Daventry,Week4,Springboard,Week1,226.0 Springboard - 172.0 Daventry
Dominion Hills,Week2,Ravensworth Farm,Week5,244.0 Ravensworth Farm - 158.0 Dominion Hills
Daventry,Week2,Springfield,Week3,286.0 Daventry - 87.0 Springfield
Dominion Hills,Week2,Dowden Terrace,Week5,235.0 Dowden Terrace - 167.0 Dominion Hills
Donaldson Run,Week3,Mansion House,Week5,256.0 Donaldson Run - 146.0 Mansion House
Dominion Hills,Week1,Cottontail,Week1,211.0 Dominion Hills - 191.0 Cottontail
Daventry,Week3,Springboard,Week2,212.0 Springboard - 184.0 Daventry
Dominion Hills,Week5,Commonwealth,Week3,259.0 Dominion Hills - 143.0 Commonwealth
Dominion Hills,Week2,Donaldson Run,Week1,288.0 Donaldson Run - 114.0 Dominion Hills
Dominion Hills,Week4,Mansion House,Week5,207.0 Mansion House - 195.0 Dominion Hills
Donaldson Run,Week3,Fair Oaks ,Week1,262.0 Donaldson Run - 140.0 Fair Oaks
Donaldson Run,Week4,Long Branch,Week1,325.0 Donaldson Run - 77.0 Long Branch
Dominion Hills,Week3,Stratford,Week2,250.0 Dominion Hills - 152.0 Stratford
Daventry,Week4,Springboard,Week4,217.0 Springboard - 184.0 Daventry
Donaldson Run,Week3,Fair Oaks ,Week3,260.0 Donaldson Run - 142.0 Fair Oaks
Dominion Hills,Week3,Commonwealth,Week3,210.0 Dominion Hills - 192.0 Commonwealth
Dominion Hills,Week3,Commonwealth,Week5,213.0 Dominion Hills - 189.0 Commonwealth
Dominion Hills,Week2,Commonwealth,Week5,235.0 Dominion Hills - 167.0 Commonwealth
Dominion Hills,Week1,Stratford,Week3,240.5 Dominion Hills - 161.5 Stratford
Dominion Hills,Week2,Stratford,Week3,266.5 Dominion Hills - 135.5 Stratford
Dominion Hills,Week3,Mansion House,Week4,220.0 Mansion House - 182.0 Dominion Hills
Dominion Hills,Week2,Mansion House,Week4,203.0 Dominion Hills - 199.0 Mansion House
Dominion Hills,Week1,Stratford,Week5,233.0 Dominion Hills - 169.0 Stratford
Dominion Hills,Week3,Dowden Terrace,Week2,222.0 Dowden Terrace - 180.0 Dominion Hills
Donaldson Run,Week4,Mansion House,Week4,277.0 Donaldson Run - 125.0 Mansion House
Donaldson Run,Week2,Fair Oaks ,Week1,271.0 Donaldson Run - 131.0 Fair Oaks
Daventry,Week4,Stratford,Week2,257.0 Stratford - 145.0 Daventry
Donaldson Run,Week5,Long Branch,Week4,322.0 Donaldson Run - 80.0 Long Branch
Dominion Hills,Week2,Sully Station,Week1,250.0 Sully Station - 152.0 Dominion Hills
Dominion Hills,Week3,Commonwealth,Week2,209.0 Dominion Hills - 193.0 Commonwealth
Dominion Hills,Week3,Commonwealth,Week4,240.0 Dominion Hills - 162.0 Commonwealth
Dominion Hills,Week5,Mantua,Week5,245.0 Mantua - 157.0 Dominion Hills
Dominion Hills,Week4,Poplar Tree,Week5,251.0 Poplar Tree - 151.0 Dominion Hills
Dominion Hills,Week3,Dowden Terrace,Week4,229.0 Dowden Terrace - 173.0 Dominion Hills
Dominion Hills,Week5,Mantua,Week2,209.0 Dominion Hills - 193.0 Mantua
Daventry,Week3,Stratford,Week4,252.0 Stratford - 150.0 Daventry
Dominion Hills,Week3,Donaldson Run,Week2,285.0 Donaldson Run - 117.0 Dominion Hills
Daventry,Week3,Springfield,Week1,274.0 Daventry - 97.0 Springfield
Donaldson Run,Week5,Dunn Loring,Week2,246.0 Donaldson Run - 156.0 Dunn Loring
Donaldson Run,Week3,Fair Oaks ,Week4,256.0 Donaldson Run - 146.0 Fair Oaks
Dominion Hills,Week4,Commonwealth,Week3,251.0 Dominion Hills - 151.0 Commonwealth
Dominion Hills,Week3,Mansion House,Week1,232.0 Mansion House - 170.0 Dominion Hills
Dominion Hills,Week1,McLean,Week2,319.0 McLean - 83.0 Dominion Hills
Donaldson Run,Week5,Fair Oaks ,Week3,282.0 Donaldson Run - 120.0 Fair Oaks
Donaldson Run,Week4,Mansion House,Week2,261.0 Donaldson Run - 141.0 Mansion House
Dominion Hills,Week3,Ravensworth Farm,Week3,243.0 Ravensworth Farm - 159.0 Dominion Hills
Dominion Hills,Week2,Ravensworth Farm,Week1,225.0 Ravensworth Farm - 177.0 Dominion Hills
Dominion Hills,Week3,Stratford,Week5,249.0 Dominion Hills - 153.0 Stratford
Dominion Hills,Week2,Mansion House,Week3,236.0 Mansion House - 166.0 Dominion Hills
Dominion Hills,Week4,Commonwealth,Week4,270.0 Dominion Hills - 127.0 Commonwealth
Dominion Hills,Week3,Mantua,Week2,241.0 Mantua - 161.0 Dominion Hills
Dominion Hills,Week5,Commonwealth,Week5,252.0 Dominion Hills - 150.0 Commonwealth
Daventry,Week1,Stratford,Week3,264.0 Stratford - 138.0 Daventry
Donaldson Run,Week4,Fair Oaks ,Week3,263.0 Donaldson Run - 139.0 Fair Oaks
Dominion Hills,Week4,Mantua,Week4,225.0 Mantua - 177.0 Dominion Hills
Dominion Hills,Week5,Stratford,Week1,303.0 Dominion Hills - 99.0 Stratford
Donaldson Run,Week2,Fair Oaks ,Week2,279.0 Donaldson Run - 123.0 Fair Oaks
Dominion Hills,Week4,Stratford,Week1,296.0 Dominion Hills - 106.0 Stratford
Dominion Hills,Week2,Stratford,Week2,260.0 Dominion Hills - 142.0 Stratford
Dominion Hills,Week5,Stratford,Week3,284.0 Dominion Hills - 118.0 Stratford
Donaldson Run,Week4,Mansion House,Week5,256.0 Donaldson Run - 146.0 Mansion House
Donaldson Run,Week2,Laurel Hill,Week1,315.0 Donaldson Run - 86.0 Laurel Hill
Daventry,Week4,Springfield,Week5,299.0 Daventry - 86.0 Springfield
Donaldson Run,Week5,Langley,Week4,254.0 Donaldson Run - 148.0 Langley
Dominion Hills,Week1,Ravensworth Farm,Week3,244.0 Ravensworth Farm - 158.0 Dominion Hills
Dominion Hills,Week4,Poplar Tree,Week2,204.0 Dominion Hills - 193.0 Poplar Tree
Daventry,Week4,Springfield,Week1,291.0 Daventry - 98.0 Springfield
Dominion Hills,Week2,McLean,Week1,301.0 McLean - 101.0 Dominion Hills
Dominion Hills,Week5,Donaldson Run,Week4,264.0 Donaldson Run - 138.0 Dominion Hills
Dominion Hills,Week1,Cottontail,Week3,218.0 Dominion Hills - 184.0 Cottontail
Donaldson Run,Week2,Langley,Week4,223.0 Donaldson Run - 179.0 Langley
Dominion Hills,Week3,Poplar Tree,Week2,234.0 Poplar Tree - 168.0 Dominion Hills
Dominion Hills,Week1,Ravensworth Farm,Week4,237.0 Ravensworth Farm - 165.0 Dominion Hills
Dominion Hills,Week1,Dowden Terrace,Week2,220.0 Dowden Terrace - 182.0 Dominion Hills
Donaldson Run,Week5,Mansion House,Week2,270.0 Donaldson Run - 132.0 Mansion House
Dominion Hills,Week3,Donaldson Run,Week3,287.0 Donaldson Run - 115.0 Dominion Hills
Donaldson Run,Week5,Mansion House,Week1,272.0 Donaldson Run - 130.0 Mansion House
Donaldson Run,Week2,Fair Oaks ,Week3,257.0 Donaldson Run - 145.0 Fair Oaks
Daventry,Week2,Stratford,Week2,251.0 Stratford - 150.0 Daventry
Daventry,Week1,Stratford,Week5,254.0 Stratford - 148.0 Daventry
Dominion Hills,Week2,McLean,Week3,313.0 McLean - 89.0 Dominion Hills
Dominion Hills,Week4,Stratford,Week3,290.0 Dominion Hills - 112.0 Stratford
Donaldson Run,Week4,Mantua,Week5,227.0 Donaldson Run - 175.0 Mantua
Dominion Hills,Week5,Poplar Tree,Week5,226.0 Poplar Tree - 176.0 Dominion Hills
Daventry,Week2,Stratford,Week5,260.0 Stratford - 140.0 Daventry
Donaldson Run,Week2,Laurel Hill,Week4,329.0 Donaldson Run - 73.0 Laurel Hill
Donaldson Run,Week3,Laurel Hill,Week3,320.0 Donaldson Run - 82.0 Laurel Hill
Dominion Hills,Week2,Dowden Terrace,Week4,210.0 Dowden Terrace - 192.0 Dominion Hills
Donaldson Run,Week5,Mansion House,Week3,261.0 Donaldson Run - 141.0 Mansion House
Dominion Hills,Week2,Commonwealth,Week3,240.0 Dominion Hills - 162.0 Commonwealth
Dominion Hills,Week5,Stratford,Week4,282.0 Dominion Hills - 120.0 Stratford
Donaldson Run,Week3,Laurel Hill,Week1,324.0 Donaldson Run - 78.0 Laurel Hill
Donaldson Run,Week3,Langley,Week5,239.0 Donaldson Run - 163.0 Langley
Dominion Hills,Week3,Ravensworth Farm,Week4,229.0 Ravensworth Farm - 173.0 Dominion Hills
Dominion Hills,Week1,Cottontail,Week5,202.0 Cottontail - 200.0 Dominion Hills
Donaldson Run,Week1,Fair Oaks ,Week1,264.0 Donaldson Run - 138.0 Fair Oaks
Dominion Hills,Week5,Poplar Tree,Week3,206.0 Poplar Tree - 196.0 Dominion Hills
Donaldson Run,Week1,Fair Oaks ,Week3,256.0 Donaldson Run - 146.0 Fair Oaks
Donaldson Run,Week1,Mantua,Week4,236.0 Donaldson Run - 166.0 Mantua
Dominion Hills,Week5,Mantua,Week4,224.0 Mantua - 178.0 Dominion Hills
Donaldson Run,Week5,Mantua,Week4,280.0 Donaldson Run - 122.0 Mantua
Dominion Hills,Week5,Poplar Tree,Week4,206.0 Dominion Hills - 196.0 Poplar Tree
Donaldson Run,Week2,Fair Oaks ,Week5,239.0 Donaldson Run - 163.0 Fair Oaks
Dominion Hills,Week2,Donaldson Run,Week5,325.0 Donaldson Run - 77.0 Dominion Hills
Donaldson Run,Week1,Fair Oaks ,Week4,257.0 Donaldson Run - 145.0 Fair Oaks
Donaldson Run,Week5,Dunn Loring,Week5,239.0 Donaldson Run - 163.0 Dunn Loring
Dominion Hills,Week4,Stratford,Week2,291.0 Dominion Hills - 111.0 Stratford
Dominion Hills,Week1,Cottontail,Week4,218.0 Dominion Hills - 179.0 Cottontail
Daventry,Week1,Stratford,Week2,240.0 Stratford - 162.0 Daventry
Dominion Hills,Week1,Dowden Terrace,Week1,215.0 Dowden Terrace - 186.0 Dominion Hills
Dominion Hills,Week5,Dowden Terrace,Week3,246.0 Dominion Hills - 156.0 Dowden Terrace
Dominion Hills,Week3,McLean,Week1,293.0 McLean - 109.0 Dominion Hills
Donaldson Run,Week3,Mantua,Week5,233.0 Donaldson Run - 169.0 Mantua
Donaldson Run,Week3,Laurel Hill,Week5,308.0 Donaldson Run - 94.0 Laurel Hill
Dominion Hills,Week2,McLean,Week4,298.5 McLean - 103.5 Dominion Hills
Dominion Hills,Week3,Poplar Tree,Week5,266.0 Poplar Tree - 136.0 Dominion Hills
Daventry,Week2,Stratford,Week4,263.0 Stratford - 138.0 Daventry
Dominion Hills,Week1,Dowden Terrace,Week3,208.0 Dowden Terrace - 194.0 Dominion Hills
Dominion Hills,Week4,Commonwealth,Week5,255.0 Dominion Hills - 147.0 Commonwealth
Dominion Hills,Week3,Mantua,Week1,258.0 Mantua - 144.0 Dominion Hills
Dominion Hills,Week1,Sully Station,Week3,255.5 Sully Station - 146.5 Dominion Hills
Dominion Hills,Week2,Commonwealth,Week4,254.0 Dominion Hills - 148.0 Commonwealth
Donaldson Run,Week1,McLean,Week2,234.0 McLean - 168.0 Donaldson Run
Donaldson Run,Week3,Mantua,Week2,269.0 Donaldson Run - 133.0 Mantua
Dominion Hills,Week2,Poplar Tree,Week4,216.0 Poplar Tree - 186.0 Dominion Hills
Donaldson Run,Week2,Langley,Week5,220.0 Donaldson Run - 182.0 Langley
Dominion Hills,Week3,Mantua,Week4,258.0 Mantua - 144.0 Dominion Hills
Dominion Hills,Week2,Mantua,Week2,225.0 Mantua - 177.0 Dominion Hills
Donaldson Run,Week3,Fair Oaks ,Week5,240.0 Donaldson Run - 162.0 Fair Oaks
Dominion Hills,Week4,Donaldson Run,Week2,279.0 Donaldson Run - 123.0 Dominion Hills
Dominion Hills,Week2,Stratford,Week1,276.0 Dominion Hills - 126.0 Stratford
Daventry,Week4,Springfield,Week3,286.0 Daventry - 97.0 Springfield
Dominion Hills,Week2,Dowden Terrace,Week1,204.0 Dowden Terrace - 198.0 Dominion Hills
Dominion Hills,Week4,Donaldson Run,Week1,260.0 Donaldson Run - 142.0 Dominion Hills
Daventry,Week4,Springfield,Week2,299.0 Daventry - 85.0 Springfield
Dominion Hills,Week2,Mantua,Week4,249.0 Mantua - 153.0 Dominion Hills
Donaldson Run,Week1,McLean,Week5,237.0 McLean - 165.0 Donaldson Run
Donaldson Run,Week4,Langley,Week2,221.0 Donaldson Run - 181.0 Langley
Dominion Hills,Week5,Commonwealth,Week1,289.5 Dominion Hills - 112.5 Commonwealth
Dominion Hills,Week4,Poplar Tree,Week1,213.5 Poplar Tree - 188.5 Dominion Hills
Donaldson Run,Week3,Fair Oaks ,Week2,285.0 Donaldson Run - 117.0 Fair Oaks
Daventry,Week1,Stratford,Week4,270.0 Stratford - 132.0 Daventry
Dominion Hills,Week3,Stratford,Week4,233.0 Dominion Hills - 169.0 Stratford
Donaldson Run,Week5,Langley,Week3,249.0 Donaldson Run - 153.0 Langley
Dominion Hills,Week2,Cottontail,Week1,216.0 Dominion Hills - 186.0 Cottontail
Donaldson Run,Week4,Fair Oaks ,Week4,268.0 Donaldson Run - 134.0 Fair Oaks
Dominion Hills,Week1,Cottontail,Week2,217.5 Dominion Hills - 184.5 Cottontail
Dominion Hills,Week2,Stratford,Week5,269.0 Dominion Hills - 133.0 Stratford
Dominion Hills,Week4,Poplar Tree,Week4,201.0 Dominion Hills - 201.0 Poplar Tree
Donaldson Run,Week3,Langley,Week3,226.0 Donaldson Run - 176.0 Langley
Donaldson Run,Week5,Langley,Week2,248.0 Donaldson Run - 154.0 Langley
Dominion Hills,Week1,Ravensworth Farm,Week1,242.0 Ravensworth Farm - 160.0 Dominion Hills
Dominion Hills,Week5,Poplar Tree,Week1,214.0 Poplar Tree - 188.0 Dominion Hills
Dominion Hills,Week3,Stratford,Week1,274.0 Dominion Hills - 128.0 Stratford
Dominion Hills,Week5,Stratford,Week2,288.0 Dominion Hills - 114.0 Stratford
Dominion Hills,Week1,Cardinal Hill,Week1,275.0 Cardinal Hill - 127.0 Dominion Hills
Donaldson Run,Week1,Mantua,Week3,206.0 Donaldson Run - 196.0 Mantua
Dominion Hills,Week4,Donaldson Run,Week4,269.0 Donaldson Run - 133.0 Dominion Hills
Dominion Hills,Week1,Mantua,Week5,277.0 Mantua - 125.0 Dominion Hills
Dominion Hills,Week2,Canterbury Woods,Week1,256.0 Dominion Hills - 146.0 Canterbury Woods
Daventry,Week3,Stratford,Week1,236.0 Stratford - 160.0 Daventry
Dominion Hills,Week3,Donaldson Run,Week4,289.0 Donaldson Run - 113.0 Dominion Hills
Dominion Hills,Week1,Mantua,Week4,260.0 Mantua - 142.0 Dominion Hills
Donaldson Run,Week2,Fair Oaks ,Week4,261.0 Donaldson Run - 141.0 Fair Oaks
Daventry,Week3,Stratford,Week5,257.0 Stratford - 143.0 Daventry
Daventry,Week3,Springfield,Week5,284.0 Daventry - 80.0 Springfield
Dominion Hills,Week3,Stratford,Week3,247.0 Dominion Hills - 155.0 Stratford
Dominion Hills,Week4,Stratford,Week5,280.0 Dominion Hills - 122.0 Stratford
Dominion Hills,Week4,Poplar Tree,Week3,215.0 Poplar Tree - 187.0 Dominion Hills
Donaldson Run,Week5,Langley,Week1,243.5 Donaldson Run - 158.5 Langley
Donaldson Run,Week5,Dunn Loring,Week4,249.0 Donaldson Run - 153.0 Dunn Loring
Daventry,Week2,Stratford,Week1,233.0 Stratford - 164.0 Daventry
Donaldson Run,Week4,Fair Oaks ,Week1,273.0 Donaldson Run - 129.0 Fair Oaks
Dominion Hills,Week5,Donaldson Run,Week2,260.0 Donaldson Run - 142.0 Dominion Hills
Dominion Hills,Week4,Mantua,Week3,265.0 Mantua - 137.0 Dominion Hills
Dominion Hills,Week5,Canterbury Woods,Week1,266.5 Dominion Hills - 135.5 Canterbury Woods
Donaldson Run,Week1,Mantua,Week1,256.0 Donaldson Run - 146.0 Mantua
Donaldson Run,Week5,Mantua,Week5,248.0 Donaldson Run - 154.0 Mantua
Dominion Hills,Week1,Sully Station,Week1,273.0 Sully Station - 129.0 Dominion Hills
Dominion Hills,Week4,Canterbury Woods,Week3,249.0 Dominion Hills - 153.0 Canterbury Woods
Dominion Hills,Week5,Donaldson Run,Week3,252.0 Donaldson Run - 150.0 Dominion Hills
Dominion Hills,Week2,Canterbury Woods,Week4,227.5 Dominion Hills - 174.5 Canterbury Woods
Donaldson Run,Week5,Fair Oaks ,Week4,283.5 Donaldson Run - 118.5 Fair Oaks
Dominion Hills,Week1,Ravensworth Farm,Week5,260.0 Ravensworth Farm - 142.0 Dominion Hills
Donaldson Run,Week1,McLean,Week3,230.5 McLean - 171.5 Donaldson Run
Donaldson Run,Week5,Fair Oaks ,Week2,310.0 Donaldson Run - 92.0 Fair Oaks
Dominion Hills,Week1,Dowden Terrace,Week4,226.0 Dowden Terrace - 176.0 Dominion Hills
Dominion Hills,Week5,Stratford,Week5,291.0 Dominion Hills - 111.0 Stratford
Donaldson Run,Week3,Mantua,Week3,218.0 Donaldson Run - 184.0 Mantua
Donaldson Run,Week5,Fair Oaks ,Week1,295.0 Donaldson Run - 107.0 Fair Oaks
Donaldson Run,Week1,Mantua,Week2,245.0 Donaldson Run - 157.0 Mantua
Dominion Hills,Week1,Dowden Terrace,Week5,251.0 Dowden Terrace - 151.0 Dominion Hills
Dominion Hills,Week2,Mantua,Week5,269.0 Mantua - 133.0 Dominion Hills
Dominion Hills,Week2,Mantua,Week3,290.0 Mantua - 112.0 Dominion Hills
Dominion Hills,Week4,Mantua,Week1,232.0 Mantua - 170.0 Dominion Hills
Donaldson Run,Week2,Mantua,Week4,257.0 Donaldson Run - 145.0 Mantua
Dominion Hills,Week4,Canterbury Woods,Week2,269.0 Dominion Hills - 133.0 Canterbury Woods
Donaldson Run,Week4,Fair Oaks ,Week5,242.0 Donaldson Run - 160.0 Fair Oaks
Donaldson Run,Week1,Fair Oaks ,Week2,276.0 Donaldson Run - 126.0 Fair Oaks
Dominion Hills,Week4,Mantua,Week2,206.0 Mantua - 191.0 Dominion Hills
Donaldson Run,Week3,Langley,Week1,224.0 Donaldson Run - 178.0 Langley
Dominion Hills,Week2,Ravensworth Farm,Week2,207.5 Ravensworth Farm - 194.5 Dominion Hills
Dominion Hills,Week2,Canterbury Woods,Week5,250.5 Dominion Hills - 151.5 Canterbury Woods
Dominion Hills,Week2,Stratford,Week4,254.0 Dominion Hills - 148.0 Stratford
Dominion Hills,Week3,Donaldson Run,Week1,282.0 Donaldson Run - 120.0 Dominion Hills
Dominion Hills,Week3,Poplar Tree,Week1,235.0 Poplar Tree - 167.0 Dominion Hills
Daventry,Week4,Springfield,Week4,292.0 Daventry - 97.0 Springfield
Dominion Hills,Week3,Donaldson Run,Week5,316.5 Donaldson Run - 85.5 Dominion Hills
Dominion Hills,Week1,Sully Station,Week4,260.0 Sully Station - 142.0 Dominion Hills
Daventry,Week5,Springfield,Week1,282.0 Daventry - 94.0 Springfield
Donaldson Run,Week4,Langley,Week1,222.5 Donaldson Run - 179.5 Langley
Donaldson Run,Week5,Langley,Week5,249.0 Donaldson Run - 153.0 Langley
Dominion Hills,Week3,Ravensworth Farm,Week1,234.0 Ravensworth Farm - 168.0 Dominion Hills
Donaldson Run,Week1,Mantua,Week5,216.0 Donaldson Run - 186.0 Mantua
Donaldson Run,Week2,Langley,Week2,226.0 Donaldson Run - 176.0 Langley
Daventry,Week5,Springfield,Week5,296.0 Daventry - 74.0 Springfield
Dominion Hills,Week3,Mantua,Week3,288.0 Mantua - 114.0 Dominion Hills
Donaldson Run,Week1,Laurel Hill,Week4,325.5 Donaldson Run - 76.5 Laurel Hill
Dominion Hills,Week4,Stratford,Week4,274.0 Dominion Hills - 128.0 Stratford
Dominion Hills,Week2,Ravensworth Farm,Week4,237.0 Ravensworth Farm - 165.0 Dominion Hills
Dominion Hills,Week3,Canterbury Woods,Week5,247.0 Dominion Hills - 155.0 Canterbury Woods
Daventry,Week3,Stratford,Week2,235.0 Stratford - 166.0 Daventry
Donaldson Run,Week4,Mantua,Week1,263.0 Donaldson Run - 139.0 Mantua
Dominion Hills,Week2,Riverside Gardens,Week2,251.0 Riverside Gardens - 151.0 Dominion Hills
Dominion Hills,Week4,Sully Station,Week2,220.0 Sully Station - 182.0 Dominion Hills
Daventry,Week5,Springfield,Week2,303.0 Daventry - 68.0 Springfield
Dominion Hills,Week4,Mantua,Week5,266.0 Mantua - 136.0 Dominion Hills
Donaldson Run,Week2,Mantua,Week3,222.0 Donaldson Run - 180.0 Mantua
Dominion Hills,Week2,Cardinal Hill,Week5,247.0 Cardinal Hill - 155.0 Dominion Hills
Dominion Hills,Week5,Sully Station,Week4,222.0 Sully Station - 180.0 Dominion Hills
Donaldson Run,Week2,Langley,Week3,214.0 Donaldson Run - 188.0 Langley
Dominion Hills,Week1,Sully Station,Week5,273.0 Sully Station - 129.0 Dominion Hills
Dominion Hills,Week2,Cardinal Hill,Week3,277.0 Cardinal Hill - 125.0 Dominion Hills
Daventry,Week1,Stratford,Week1,229.0 Stratford - 167.0 Daventry
Dominion Hills,Week1,Mantua,Week3,286.0 Mantua - 116.0 Dominion Hills
Donaldson Run,Week1,Fairfax,Week3,202.0 Fairfax - 200.0 Donaldson Run
Donaldson Run,Week1,Fairfax,Week1,219.0 Donaldson Run - 183.0 Fairfax
Donaldson Run,Week2,Mantua,Week5,230.0 Donaldson Run - 172.0 Mantua
Dominion Hills,Week4,Riverside Gardens,Week1,233.0 Riverside Gardens - 169.0 Dominion Hills
Dominion Hills,Week3,Mantua,Week5,288.0 Mantua - 114.0 Dominion Hills
Dominion Hills,Week5,Donaldson Run,Week1,252.0 Donaldson Run - 150.0 Dominion Hills
Donaldson Run,Week3,Langley,Week4,227.5 Donaldson Run - 174.5 Langley
Daventry,Week3,Stratford,Week3,240.0 Stratford - 160.0 Daventry
Dominion Hills,Week4,Donaldson Run,Week3,283.0 Donaldson Run - 119.0 Dominion Hills
Dominion Hills,Week3,Canterbury Woods,Week2,254.0 Dominion Hills - 148.0 Canterbury Woods
Dominion Hills,Week3,Ravensworth Farm,Week2,207.0 Ravensworth Farm - 195.0 Dominion Hills
Donaldson Run,Week1,Fairfax,Week2,209.0 Fairfax - 193.0 Donaldson Run
Dominion Hills,Week5,Donaldson Run,Week5,279.0 Donaldson Run - 123.0 Dominion Hills
Donaldson Run,Week3,Langley,Week2,227.0 Donaldson Run - 175.0 Langley
Donaldson Run,Week3,Mantua,Week4,264.0 Donaldson Run - 138.0 Mantua
Dominion Hills,Week3,Dowden Terrace,Week5,244.0 Dowden Terrace - 158.0 Dominion Hills
Dominion Hills,Week4,Ravensworth Farm,Week1,205.0 Dominion Hills - 197.0 Ravensworth Farm
Donaldson Run,Week1,Laurel Hill,Week3,319.0 Donaldson Run - 83.0 Laurel Hill
Dominion Hills,Week2,Sully Station II,Week5,315.0 Sully Station II - 87.0 Dominion Hills
Donaldson Run,Week1,Fairfax,Week4,214.5 Donaldson Run - 187.5 Fairfax
Daventry,Week5,Springfield,Week3,291.5 Daventry - 80.5 Springfield
Dominion Hills,Week2,Mantua,Week1,256.0 Mantua - 146.0 Dominion Hills
Dominion Hills,Week2,Riverside Gardens,Week3,274.0 Riverside Gardens - 128.0 Dominion Hills
Dominion Hills,Week2,Canterbury Woods,Week3,230.0 Dominion Hills - 172.0 Canterbury Woods
Dominion Hills,Week3,Dowden Terrace,Week3,202.0 Dowden Terrace - 200.0 Dominion Hills
Dominion Hills,Week5,Mantua,Week1,214.0 Mantua - 188.0 Dominion Hills
Dominion Hills,Week2,Riverside Gardens,Week5,276.0 Riverside Gardens - 126.0 Dominion Hills
Daventry,Week5,Springfield,Week4,284.0 Daventry - 90.0 Springfield
Dominion Hills,Week3,Dowden Terrace,Week1,216.0 Dowden Terrace - 186.0 Dominion Hills
Daventry,Week4,Stratford,Week1,245.0 Stratford - 155.0 Daventry
Dominion Hills,Week2,Sully Station II,Week3,291.0 Sully Station II - 111.0 Dominion Hills
Donaldson Run,Week4,Mantua,Week2,266.0 Donaldson Run - 136.0 Mantua
Donaldson Run,Week5,Fairfax,Week1,232.0 Donaldson Run - 170.0 Fairfax
Donaldson Run,Week1,Laurel Hill,Week5,296.0 Donaldson Run - 106.0 Laurel Hill
Donaldson Run,Week1,Fairfax,Week5,226.0 Fairfax - 176.0 Donaldson Run
Daventry,Week2,Stratford,Week3,258.0 Stratford - 143.0 Daventry
Donaldson Run,Week1,Laurel Hill,Week2,339.0 Donaldson Run - 63.0 Laurel Hill
Dominion Hills,Week5,Canterbury Woods,Week2,283.0 Dominion Hills - 119.0 Canterbury Woods
Dominion Hills,Week5,Mantua,Week3,247.0 Mantua - 155.0 Dominion Hills
Donaldson Run,Week2,Mantua,Week2,263.0 Donaldson Run - 139.0 Mantua
Dominion Hills,Week2,Dowden Terrace,Week3,211.0 Dominion Hills - 191.0 Dowden Terrace
Dominion Hills,Week2,Sully Station,Week3,238.0 Sully Station - 164.0 Dominion Hills
Dominion Hills,Week3,Canterbury Woods,Week1,239.0 Dominion Hills - 163.0 Canterbury Woods
Donaldson Run,Week3,Fairfax,Week5,214.0 Fairfax - 188.0 Donaldson Run
Daventry,Week5,Stratford,Week2,218.0 Stratford - 178.0 Daventry
Donaldson Run,Week5,Fairfax,Week3,231.0 Donaldson Run - 171.0 Fairfax
Donaldson Run,Week4,Langley,Week3,229.0 Donaldson Run - 173.0 Langley
Donaldson Run,Week5,Mansion House,Week5,269.0 Donaldson Run - 133.0 Mansion House
Donaldson Run,Week2,Fairfax Club Estates,Week3,322.0 Donaldson Run - 80.0 Fairfax Club Estates
Dominion Hills,Week5,Ravensworth Farm,Week3,202.0 Ravensworth Farm - 200.0 Dominion Hills
Donaldson Run,Week5,Mantua,Week1,281.0 Donaldson Run - 121.0 Mantua
Dominion Hills,Week2,McLean,Week2,311.0 McLean - 91.0 Dominion Hills
Dominion Hills,Week1,Riverside Gardens,Week2,272.0 Riverside Gardens - 130.0 Dominion Hills
Dominion Hills,Week1,McLean,Week4,294.0 McLean - 108.0 Dominion Hills
Daventry,Week5,Stratford,Week4,245.0 Stratford - 157.0 Daventry
Dominion Hills,Week3,Sully Station,Week4,248.0 Sully Station - 154.0 Dominion Hills
Dominion Hills,Week1,Canterbury Woods,Week3,210.0 Dominion Hills - 192.0 Canterbury Woods
Dominion Hills,Week4,Dowden Terrace,Week3,227.0 Dominion Hills - 175.0 Dowden Terrace
Dominion Hills,Week2,Canterbury Woods,Week2,267.0 Dominion Hills - 135.0 Canterbury Woods
Dominion Hills,Week1,McLean,Week3,316.0 McLean - 86.0 Dominion Hills
Donaldson Run,Week4,Langley,Week5,237.0 Donaldson Run - 165.0 Langley
Dominion Hills,Week3,Sully Station II,Week2,292.0 Sully Station II - 110.0 Dominion Hills
Donaldson Run,Week1,Laurel Hill,Week1,315.0 Donaldson Run - 87.0 Laurel Hill
Donaldson Run,Week2,Laurel Hill,Week2,332.0 Donaldson Run - 70.0 Laurel Hill
Donaldson Run,Week4,Langley,Week4,232.0 Donaldson Run - 170.0 Langley
Donaldson Run,Week5,Mantua,Week3,254.0 Donaldson Run - 148.0 Mantua
Dominion Hills,Week3,Canterbury Woods,Week4,220.0 Dominion Hills - 182.0 Canterbury Woods
Donaldson Run,Week2,Mantua,Week1,260.0 Donaldson Run - 142.0 Mantua
Dominion Hills,Week3,Sully Station II,Week4,253.0 Sully Station II - 149.0 Dominion Hills
Dominion Hills,Week4,Dowden Terrace,Week2,218.0 Dominion Hills - 184.0 Dowden Terrace
Dominion Hills,Week1,McLean,Week5,317.0 McLean - 85.0 Dominion Hills
Donaldson Run,Week1,Fairfax Club Estates,Week4,297.0 Donaldson Run - 105.0 Fairfax Club Estates
Dominion Hills,Week4,Dowden Terrace,Week1,221.0 Dominion Hills - 176.0 Dowden Terrace
Dominion Hills,Week2,Sully Station,Week5,265.0 Sully Station - 137.0 Dominion Hills
Daventry,Week4,Stratford,Week4,276.0 Stratford - 126.0 Daventry
Dominion Hills,Week5,Ravensworth Farm,Week4,207.0 Dominion Hills - 195.0 Ravensworth Farm
Daventry,Week1,Sully Station,Week1,323.0 Sully Station - 79.0 Daventry
Dominion Hills,Week4,Sully Station,Week1,235.0 Sully Station - 167.0 Dominion Hills
Dominion Hills,Week1,Canterbury Woods,Week5,244.0 Dominion Hills - 157.0 Canterbury Woods
Daventry,Week4,Stratford,Week3,263.0 Stratford - 139.0 Daventry
Donaldson Run,Week2,Fairfax Club Estates,Week5,313.0 Donaldson Run - 89.0 Fairfax Club Estates
Dominion Hills,Week1,McLean,Week1,308.0 McLean - 89.0 Dominion Hills
Dominion Hills,Week4,Dowden Terrace,Week4,209.0 Dominion Hills - 193.0 Dowden Terrace
Dominion Hills,Week1,Canterbury Woods,Week4,219.0 Dominion Hills - 183.0 Canterbury Woods
Dominion Hills,Week5,Riverside Gardens,Week1,234.0 Riverside Gardens - 168.0 Dominion Hills
Dominion Hills,Week4,Ravensworth Farm,Week3,203.0 Ravensworth Farm - 199.0 Dominion Hills
Donaldson Run,Week4,Mantua,Week4,256.0 Donaldson Run - 146.0 Mantua
Dominion Hills,Week1,Riverside Gardens,Week1,275.0 Riverside Gardens - 127.0 Dominion Hills
Dominion Hills,Week5,Dowden Terrace,Week1,222.0 Dominion Hills - 179.0 Dowden Terrace
Donaldson Run,Week4,Mantua,Week3,220.0 Donaldson Run - 182.0 Mantua
Dominion Hills,Week1,Sully Station II,Week1,263.0 Sully Station II - 139.0 Dominion Hills
Dominion Hills,Week4,Dowden Terrace,Week5,215.0 Dowden Terrace - 187.0 Dominion Hills
Daventry,Week1,Sully Station,Week4,325.0 Sully Station - 77.0 Daventry
Dominion Hills,Week3,McLean,Week3,311.0 McLean - 91.0 Dominion Hills
Dominion Hills,Week5,Dowden Terrace,Week2,225.0 Dominion Hills - 172.0 Dowden Terrace
Donaldson Run,Week2,Fairfax,Week1,222.0 Donaldson Run - 180.0 Fairfax
Donaldson Run,Week1,Fairfax Club Estates,Week3,314.0 Donaldson Run - 88.0 Fairfax Club Estates
Daventry,Week1,Sully Station,Week3,324.0 Sully Station - 78.0 Daventry
Dominion Hills,Week5,McLean,Week4,260.0 McLean - 142.0 Dominion Hills
Daventry,Week5,Stratford,Week5,236.0 Stratford - 165.0 Daventry
Donaldson Run,Week4,Fairfax,Week1,218.0 Donaldson Run - 184.0 Fairfax
Dominion Hills,Week4,Canterbury Woods,Week4,240.0 Dominion Hills - 162.0 Canterbury Woods
Donaldson Run,Week2,Laurel Hill,Week3,311.0 Donaldson Run - 91.0 Laurel Hill
Donaldson Run,Week5,Mansion House,Week4,293.0 Donaldson Run - 109.0 Mansion House
Donaldson Run,Week3,Mantua,Week1,260.0 Donaldson Run - 142.0 Mantua
Donaldson Run,Week3,Laurel Hill,Week2,337.0 Donaldson Run - 65.0 Laurel Hill
Dominion Hills,Week5,Ravensworth Farm,Week1,221.5 Dominion Hills - 180.5 Ravensworth Farm
Dominion Hills,Week1,Canterbury Woods,Week1,250.0 Dominion Hills - 152.0 Canterbury Woods
Donaldson Run,Week2,Laurel Hill,Week5,298.0 Donaldson Run - 104.0 Laurel Hill
Dominion Hills,Week3,Sully Station,Week5,273.0 Sully Station - 129.0 Dominion Hills
Dominion Hills,Week5,Sully Station,Week5,250.0 Sully Station - 152.0 Dominion Hills
Dominion Hills,Week4,Canterbury Woods,Week1,260.0 Dominion Hills - 142.0 Canterbury Woods
Dominion Hills,Week2,McLean,Week5,310.0 McLean - 92.0 Dominion Hills
Dominion Hills,Week5,Ravensworth Farm,Week2,229.5 Dominion Hills - 172.5 Ravensworth Farm
Dominion Hills,Week1,Mosby Woods,Week2,270.0 Mosby Woods - 132.0 Dominion Hills
Donaldson Run,Week5,Mantua,Week2,278.0 Donaldson Run - 124.0 Mantua
Daventry,Week1,Sully Station,Week5,332.0 Sully Station - 70.0 Daventry
Daventry,Week1,Sully Station,Week2,318.0 Sully Station - 84.0 Daventry
Dominion Hills,Week4,Sully Station,Week3,219.0 Sully Station - 183.0 Dominion Hills
Dominion Hills,Week1,Dunn Loring,Week3,325.0 Dunn Loring - 77.0 Dominion Hills
Dominion Hills,Week3,Mosby Woods,Week5,262.0 Mosby Woods - 140.0 Dominion Hills
Dominion Hills,Week5,Canterbury Woods,Week3,265.0 Dominion Hills - 137.0 Canterbury Woods
Donaldson Run,Week2,Fairfax Club Estates,Week1,324.0 Donaldson Run - 78.0 Fairfax Club Estates
Dominion Hills,Week4,Ravensworth Farm,Week4,205.5 Dominion Hills - 196.5 Ravensworth Farm
Dominion Hills,Week5,Camelot,Week5,249.0 Dominion Hills - 153.0 Camelot
Donaldson Run,Week2,Fairfax Club Estates,Week2,330.0 Donaldson Run - 72.0 Fairfax Club Estates
Dominion Hills,Week3,Canterbury Woods,Week3,220.0 Dominion Hills - 182.0 Canterbury Woods
Daventry,Week2,Sully Station,Week1,321.0 Sully Station - 80.0 Daventry
Dominion Hills,Week1,Mosby Woods,Week1,276.0 Mosby Woods - 126.0 Dominion Hills
Donaldson Run,Week3,Lee Graham,Week1,207.0 Donaldson Run - 195.0 Lee Graham
Dominion Hills,Week4,Canterbury Woods,Week5,254.0 Dominion Hills - 148.0 Canterbury Woods
Dominion Hills,Week5,Sully Station,Week2,227.0 Sully Station - 175.0 Dominion Hills
Dominion Hills,Week2,Dunn Loring,Week3,308.0 Dunn Loring - 94.0 Dominion Hills
Dominion Hills,Week2,Sully Station,Week4,256.0 Sully Station - 146.0 Dominion Hills
Donaldson Run,Week4,Fairfax Club Estates,Week3,327.0 Donaldson Run - 75.0 Fairfax Club Estates
Donaldson Run,Week3,Laurel Hill,Week4,327.0 Donaldson Run - 75.0 Laurel Hill
Donaldson Run,Week2,Lee Graham,Week2,206.5 Donaldson Run - 195.5 Lee Graham
Dominion Hills,Week3,Dunn Loring,Week4,298.0 Dunn Loring - 104.0 Dominion Hills
Donaldson Run,Week1,McLean,Week1,208.0 McLean - 194.0 Donaldson Run
Dominion Hills,Week2,Riverside Gardens,Week1,250.0 Riverside Gardens - 152.0 Dominion Hills
Dominion Hills,Week4,Dunn Loring,Week1,232.0 Dunn Loring - 170.0 Dominion Hills
Dominion Hills,Week4,Ravensworth Farm,Week5,225.0 Ravensworth Farm - 177.0 Dominion Hills
Donaldson Run,Week1,McLean,Week4,212.0 McLean - 190.0 Donaldson Run
Donaldson Run,Week5,McLean,Week4,204.0 Donaldson Run - 198.0 McLean
Donaldson Run,Week4,Lee Graham,Week2,204.0 Lee Graham - 198.0 Donaldson Run
Donaldson Run,Week5,Laurel Hill,Week4,340.0 Donaldson Run - 62.0 Laurel Hill
Donaldson Run,Week4,Lee Graham,Week4,211.0 Donaldson Run - 191.0 Lee Graham
Dominion Hills,Week1,Riverside Gardens,Week3,293.0 Riverside Gardens - 109.0 Dominion Hills
Dominion Hills,Week2,Riverside Gardens,Week4,289.0 Riverside Gardens - 113.0 Dominion Hills
Dominion Hills,Week2,Dunn Loring,Week2,298.0 Dunn Loring - 104.0 Dominion Hills
Dominion Hills,Week3,Riverside Gardens,Week2,253.0 Riverside Gardens - 149.0 Dominion Hills
Donaldson Run,Week4,McLean,Week2,222.0 McLean - 180.0 Donaldson Run
Donaldson Run,Week3,Fairfax,Week1,216.5 Donaldson Run - 185.5 Fairfax
Daventry,Week4,Stratford,Week5,265.0 Stratford - 137.0 Daventry
Dominion Hills,Week3,Dunn Loring,Week5,300.0 Dunn Loring - 102.0 Dominion Hills
Dominion Hills,Week1,Canterbury Woods,Week2,247.0 Dominion Hills - 155.0 Canterbury Woods
Dominion Hills,Week2,Dunn Loring,Week4,286.0 Dunn Loring - 116.0 Dominion Hills
Dominion Hills,Week5,Sully Station,Week3,224.0 Sully Station - 178.0 Dominion Hills
Donaldson Run,Week5,Laurel Hill,Week3,322.0 Donaldson Run - 80.0 Laurel Hill
Daventry,Week5,Stratford,Week3,239.0 Stratford - 162.0 Daventry
Dominion Hills,Week1,Cardinal Hill,Week2,249.0 Cardinal Hill - 153.0 Dominion Hills
Donaldson Run,Week2,Mosby Woods,Week2,215.0 Donaldson Run - 187.0 Mosby Woods
Donaldson Run,Week5,McLean,Week1,224.0 Donaldson Run - 178.0 McLean
Donaldson Run,Week4,Fairfax,Week4,209.0 Donaldson Run - 193.0 Fairfax
Dominion Hills,Week4,McLean,Week3,288.0 McLean - 114.0 Dominion Hills
Daventry,Week2,Sully Station,Week4,324.0 Sully Station - 78.0 Daventry
Dominion Hills,Week5,Canterbury Woods,Week5,267.0 Dominion Hills - 134.0 Canterbury Woods
Dominion Hills,Week2,Sully Station,Week2,238.5 Sully Station - 163.5 Dominion Hills
Donaldson Run,Week3,Fairfax,Week2,209.0 Fairfax - 193.0 Donaldson Run
Dominion Hills,Week1,Sully Station II,Week2,297.0 Sully Station II - 105.0 Dominion Hills
Donaldson Run,Week1,Mosby Woods,Week2,203.0 Mosby Woods - 199.0 Donaldson Run
Donaldson Run,Week2,Fairfax,Week3,205.0 Fairfax - 197.0 Donaldson Run
Dominion Hills,Week2,Mosby Woods,Week5,247.0 Mosby Woods - 155.0 Dominion Hills
Dominion Hills,Week3,Riverside Gardens,Week3,279.0 Riverside Gardens - 123.0 Dominion Hills
Donaldson Run,Week4,Laurel Hill,Week5,310.0 Donaldson Run - 92.0 Laurel Hill
Dominion Hills,Week1,Dunn Loring,Week5,312.0 Dunn Loring - 90.0 Dominion Hills
Dominion Hills,Week5,Ravensworth Farm,Week5,209.0 Ravensworth Farm - 193.0 Dominion Hills
Dominion Hills,Week4,Dunn Loring,Week3,281.0 Dunn Loring - 121.0 Dominion Hills
Dominion Hills,Week4,Sully Station,Week5,244.0 Sully Station - 157.0 Dominion Hills
Daventry,Week2,Sully Station,Week2,319.0 Sully Station - 83.0 Daventry
Daventry,Week2,Sully Station,Week3,326.0 Sully Station - 75.0 Daventry
Dominion Hills,Week5,Sully Station,Week1,228.0 Sully Station - 174.0 Dominion Hills
Dominion Hills,Week3,McLean,Week2,313.0 McLean - 89.0 Dominion Hills
Dominion Hills,Week5,Canterbury Woods,Week4,252.0 Dominion Hills - 150.0 Canterbury Woods
Dominion Hills,Week5,McLean,Week2,292.0 McLean - 110.0 Dominion Hills
Donaldson Run,Week3,Fairfax,Week3,207.0 Fairfax - 195.0 Donaldson Run
Dominion Hills,Week3,McLean,Week4,304.0 McLean - 98.0 Dominion Hills
Daventry,Week3,Sully Station,Week1,323.0 Sully Station - 77.0 Daventry
Dominion Hills,Week1,Sully Station II,Week4,260.0 Sully Station II - 142.0 Dominion Hills
Donaldson Run,Week4,Lee Graham,Week1,206.0 Donaldson Run - 196.0 Lee Graham
Dominion Hills,Week1,Cardinal Hill,Week5,274.0 Cardinal Hill - 128.0 Dominion Hills
Daventry,Week2,Sully Station,Week5,331.0 Sully Station - 70.0 Daventry
Donaldson Run,Week2,McLean,Week5,230.5 McLean - 171.5 Donaldson Run
Donaldson Run,Week4,Fairfax,Week5,220.0 Fairfax - 182.0 Donaldson Run
Donaldson Run,Week4,Fairfax,Week2,207.0 Fairfax - 195.0 Donaldson Run
Dominion Hills,Week2,Sully Station II,Week2,288.0 Sully Station II - 114.0 Dominion Hills
Donaldson Run,Week2,Mosby Woods,Week5,221.0 Donaldson Run - 181.0 Mosby Woods
Dominion Hills,Week1,Riverside Gardens,Week4,306.0 Riverside Gardens - 96.0 Dominion Hills
Dominion Hills,Week1,Cardinal Hill,Week4,272.0 Cardinal Hill - 130.0 Dominion Hills
Donaldson Run,Week2,Fairfax,Week5,211.0 Fairfax - 191.0 Donaldson Run
Dominion Hills,Week1,Dunn Loring,Week4,310.0 Dunn Loring - 92.0 Dominion Hills
Dominion Hills,Week4,McLean,Week4,279.0 McLean - 123.0 Dominion Hills
Donaldson Run,Week3,Lee Graham,Week2,210.0 Donaldson Run - 192.0 Lee Graham
Daventry,Week3,Sully Station,Week2,312.0 Sully Station - 90.0 Daventry
Dominion Hills,Week2,Dunn Loring,Week1,250.0 Dunn Loring - 152.0 Dominion Hills
Dominion Hills,Week3,Ravensworth Farm,Week5,245.5 Ravensworth Farm - 156.5 Dominion Hills
Dominion Hills,Week1,Cardinal Hill,Week3,296.0 Cardinal Hill - 106.0 Dominion Hills
Dominion Hills,Week4,Ravensworth Farm,Week2,224.0 Dominion Hills - 178.0 Ravensworth Farm
Donaldson Run,Week2,Mosby Woods,Week4,249.0 Donaldson Run - 153.0 Mosby Woods
Donaldson Run,Week1,Lee Graham,Week5,232.0 Lee Graham - 170.0 Donaldson Run
Dominion Hills,Week1,Dunn Loring,Week2,314.0 Dunn Loring - 88.0 Dominion Hills
Dominion Hills,Week1,Sully Station II,Week5,312.0 Sully Station II - 90.0 Dominion Hills
Dominion Hills,Week5,McLean,Week1,265.0 McLean - 137.0 Dominion Hills
Dominion Hills,Week4,McLean,Week2,294.0 McLean - 108.0 Dominion Hills
Donaldson Run,Week3,Lee Graham,Week3,209.0 Lee Graham - 193.0 Donaldson Run
Donaldson Run,Week4,McLean,Week4,217.0 McLean - 185.0 Donaldson Run
Dominion Hills,Week3,Sully Station,Week2,248.0 Sully Station - 154.0 Dominion Hills
Dominion Hills,Week4,Dunn Loring,Week2,261.0 Dunn Loring - 141.0 Dominion Hills
Dominion Hills,Week3,Cardinal Hill,Week1,265.0 Cardinal Hill - 137.0 Dominion Hills
Dominion Hills,Week3,Sully Station,Week3,240.0 Sully Station - 162.0 Dominion Hills
Donaldson Run,Week3,Mosby Woods,Week1,210.0 Donaldson Run - 192.0 Mosby Woods
Dominion Hills,Week1,Riverside Gardens,Week5,300.5 Riverside Gardens - 101.5 Dominion Hills
Donaldson Run,Week2,Fairfax,Week4,218.0 Donaldson Run - 184.0 Fairfax
Dominion Hills,Week2,Cardinal Hill,Week4,263.0 Cardinal Hill - 139.0 Dominion Hills
Dominion Hills,Week5,McLean,Week3,279.0 McLean - 123.0 Dominion Hills
Dominion Hills,Week3,Riverside Gardens,Week4,291.0 Riverside Gardens - 111.0 Dominion Hills
Donaldson Run,Week4,Lee Graham,Week5,222.0 Lee Graham - 180.0 Donaldson Run
Dominion Hills,Week4,Dunn Loring,Week4,264.0 Dunn Loring - 138.0 Dominion Hills
Dominion Hills,Week1,Mosby Woods,Week3,271.0 Mosby Woods - 131.0 Dominion Hills
Donaldson Run,Week5,Fairfax,Week4,222.0 Donaldson Run - 180.0 Fairfax
Donaldson Run,Week5,Laurel Hill,Week2,346.0 Donaldson Run - 51.0 Laurel Hill
Daventry,Week3,Sully Station,Week3,329.0 Sully Station - 72.0 Daventry
Dominion Hills,Week3,Sully Station,Week1,264.0 Sully Station - 138.0 Dominion Hills
Dominion Hills,Week2,Dunn Loring,Week5,298.0 Dunn Loring - 104.0 Dominion Hills
Dominion Hills,Week1,Mosby Woods,Week5,272.0 Mosby Woods - 130.0 Dominion Hills
Donaldson Run,Week1,Mosby Woods,Week4,236.0 Donaldson Run - 166.0 Mosby Woods
Dominion Hills,Week2,Cardinal Hill,Week2,236.0 Cardinal Hill - 166.0 Dominion Hills
Donaldson Run,Week5,Fairfax,Week2,214.0 Donaldson Run - 188.0 Fairfax
Dominion Hills,Week3,Riverside Gardens,Week1,265.0 Riverside Gardens - 137.0 Dominion Hills
Daventry,Week5,Stratford,Week1,218.0 Stratford - 178.0 Daventry
Donaldson Run,Week1,Fairfax Club Estates,Week1,324.0 Donaldson Run - 78.0 Fairfax Club Estates
Dominion Hills,Week2,Cardinal Hill,Week1,264.0 Cardinal Hill - 138.0 Dominion Hills
Donaldson Run,Week4,McLean,Week3,223.0 McLean - 179.0 Donaldson Run
Donaldson Run,Week1,Fairfax Club Estates,Week2,329.0 Donaldson Run - 73.0 Fairfax Club Estates
Donaldson Run,Week4,Fairfax,Week3,208.5 Donaldson Run - 193.5 Fairfax
Dominion Hills,Week3,Dunn Loring,Week2,298.0 Dunn Loring - 104.0 Dominion Hills
Dominion Hills,Week4,Riverside Gardens,Week2,212.0 Riverside Gardens - 190.0 Dominion Hills
Dominion Hills,Week4,Sully Station,Week4,229.0 Sully Station - 173.0 Dominion Hills
Dominion Hills,Week5,Dowden Terrace,Week5,222.0 Dowden Terrace - 180.0 Dominion Hills
Dominion Hills,Week3,Cardinal Hill,Week2,245.0 Cardinal Hill - 157.0 Dominion Hills
Dominion Hills,Week3,Mosby Woods,Week3,254.0 Mosby Woods - 148.0 Dominion Hills
Donaldson Run,Week4,Laurel Hill,Week3,309.0 Donaldson Run - 92.0 Laurel Hill
Dominion Hills,Week2,Mosby Woods,Week2,247.0 Mosby Woods - 155.0 Dominion Hills
Dominion Hills,Week5,McLean,Week5,284.0 McLean - 118.0 Dominion Hills
Donaldson Run,Week2,McLean,Week2,210.0 McLean - 192.0 Donaldson Run
Dominion Hills,Week3,Mosby Woods,Week1,264.0 Mosby Woods - 138.0 Dominion Hills
Donaldson Run,Week3,McLean,Week5,237.0 McLean - 165.0 Donaldson Run
Dominion Hills,Week2,Mosby Woods,Week4,242.0 Mosby Woods - 160.0 Dominion Hills
Donaldson Run,Week2,Lee Graham,Week3,216.0 Lee Graham - 186.0 Donaldson Run
Donaldson Run,Week2,Lee Graham,Week4,207.0 Donaldson Run - 195.0 Lee Graham
Donaldson Run,Week3,McLean,Week3,220.0 McLean - 182.0 Donaldson Run
Dominion Hills,Week4,Riverside Gardens,Week4,251.0 Riverside Gardens - 151.0 Dominion Hills
Donaldson Run,Week1,Lee Graham,Week2,230.0 Lee Graham - 172.0 Donaldson Run
Dominion Hills,Week1,Sully Station II,Week3,306.0 Sully Station II - 96.0 Dominion Hills
Donaldson Run,Week3,McLean,Week4,213.5 McLean - 188.5 Donaldson Run
Donaldson Run,Week3,Lee Graham,Week4,205.0 Lee Graham - 197.0 Donaldson Run
Dominion Hills,Week3,Cardinal Hill,Week4,262.5 Cardinal Hill - 139.5 Dominion Hills
Dominion Hills,Week3,Sully Station II,Week1,267.0 Sully Station II - 135.0 Dominion Hills
Dominion Hills,Week2,Sully Station II,Week1,255.0 Sully Station II - 147.0 Dominion Hills
Dominion Hills,Week3,Cardinal Hill,Week5,260.0 Cardinal Hill - 142.0 Dominion Hills
Donaldson Run,Week3,Mosby Woods,Week2,217.0 Donaldson Run - 185.0 Mosby Woods
Donaldson Run,Week3,Fairfax,Week4,210.0 Donaldson Run - 192.0 Fairfax
Dominion Hills,Week3,Mosby Woods,Week2,262.0 Mosby Woods - 140.0 Dominion Hills
Daventry,Week4,Pleasant Valley,Week1,214.0 Daventry - 182.0 Pleasant Valley
Daventry,Week3,Pleasant Valley,Week5,199.0 Daventry - 192.0 Pleasant Valley
Dominion Hills,Week3,Cardinal Hill,Week3,280.0 Cardinal Hill - 122.0 Dominion Hills
Dominion Hills,Week4,Dunn Loring,Week5,272.0 Dunn Loring - 130.0 Dominion Hills
Donaldson Run,Week5,Fairfax,Week5,212.0 Donaldson Run - 190.0 Fairfax
Dominion Hills,Week3,Dunn Loring,Week1,253.5 Dunn Loring - 148.5 Dominion Hills
Dominion Hills,Week4,Riverside Gardens,Week3,248.0 Riverside Gardens - 154.0 Dominion Hills
Dominion Hills,Week5,Dunn Loring,Week1,229.0 Dunn Loring - 173.0 Dominion Hills
Donaldson Run,Week2,Fairfax,Week2,202.0 Donaldson Run - 200.0 Fairfax
Daventry,Week3,Pleasant Valley,Week1,204.0 Daventry - 192.0 Pleasant Valley
Dominion Hills,Week4,Riverside Gardens,Week5,261.0 Riverside Gardens - 141.0 Dominion Hills
Dominion Hills,Week2,Sully Station II,Week4,252.0 Sully Station II - 150.0 Dominion Hills
Dominion Hills,Week4,Cardinal Hill,Week1,222.0 Cardinal Hill - 180.0 Dominion Hills
Dominion Hills,Week3,Riverside Gardens,Week5,290.5 Riverside Gardens - 111.5 Dominion Hills
Dominion Hills,Week3,Dunn Loring,Week3,302.0 Dunn Loring - 100.0 Dominion Hills
Donaldson Run,Week1,Lee Graham,Week1,201.0 Donaldson Run - 201.0 Lee Graham
Donaldson Run,Week4,Laurel Hill,Week4,329.0 Donaldson Run - 73.0 Laurel Hill
Dominion Hills,Week5,Dunn Loring,Week2,266.0 Dunn Loring - 136.0 Dominion Hills
Daventry,Week4,Pleasant Valley,Week2,213.0 Daventry - 183.0 Pleasant Valley
Donaldson Run,Week2,McLean,Week4,213.0 McLean - 189.0 Donaldson Run
Dominion Hills,Week2,Mosby Woods,Week1,260.0 Mosby Woods - 142.0 Dominion Hills
Dominion Hills,Week3,Truro,Week2,256.0 Dominion Hills - 146.0 Truro
Donaldson Run,Week2,Fairfax Club Estates,Week4,311.0 Donaldson Run - 91.0 Fairfax Club Estates
Daventry,Week2,Pleasant Valley,Week5,199.0 Daventry - 189.0 Pleasant Valley
Dominion Hills,Week5,Rolling Forest,Week5,229.0 Dominion Hills - 173.0 Rolling Forest
Donaldson Run,Week1,Fairfax Club Estates,Week5,308.5 Donaldson Run - 93.5 Fairfax Club Estates
Donaldson Run,Week3,Fairfax Club Estates,Week2,326.0 Donaldson Run - 76.0 Fairfax Club Estates
Donaldson Run,Week4,McLean,Week1,203.0 Donaldson Run - 199.0 McLean
Dominion Hills,Week3,Truro,Week4,247.5 Dominion Hills - 154.5 Truro
Dominion Hills,Week5,Rolling Forest,Week3,238.0 Dominion Hills - 164.0 Rolling Forest
Donaldson Run,Week5,Laurel Hill,Week5,319.0 Donaldson Run - 83.0 Laurel Hill
Dominion Hills,Week1,Mosby Woods,Week4,274.0 Mosby Woods - 128.0 Dominion Hills
Donaldson Run,Week4,Laurel Hill,Week1,319.0 Donaldson Run - 82.0 Laurel Hill
Dominion Hills,Week3,Sully Station II,Week3,308.0 Sully Station II - 94.0 Dominion Hills
Dominion Hills,Week1,Dunn Loring,Week1,265.0 Dunn Loring - 137.0 Dominion Hills
Dominion Hills,Week4,Cardinal Hill,Week2,226.0 Cardinal Hill - 176.0 Dominion Hills
Donaldson Run,Week4,McLean,Week5,241.0 McLean - 161.0 Donaldson Run
Dominion Hills,Week4,Rolling Forest,Week1,251.0 Dominion Hills - 151.0 Rolling Forest
Dominion Hills,Week5,Rolling Forest,Week1,243.0 Dominion Hills - 159.0 Rolling Forest
Dominion Hills,Week4,McLean,Week1,274.0 McLean - 128.0 Dominion Hills
Daventry,Week4,Pleasant Valley,Week3,218.0 Pleasant Valley - 183.0 Daventry
Daventry,Week2,Pleasant Valley,Week1,197.0 Daventry - 194.0 Pleasant Valley
Donaldson Run,Week2,McLean,Week1,204.0 McLean - 198.0 Donaldson Run
Donaldson Run,Week3,Fairfax Club Estates,Week3,322.0 Donaldson Run - 80.0 Fairfax Club Estates
Dominion Hills,Week3,Rolling Forest,Week1,205.0 Dominion Hills - 197.0 Rolling Forest
Donaldson Run,Week3,McLean,Week1,209.0 McLean - 193.0 Donaldson Run
Donaldson Run,Week4,Laurel Hill,Week2,333.0 Donaldson Run - 69.0 Laurel Hill
Donaldson Run,Week4,Fairfax Club Estates,Week1,326.0 Donaldson Run - 76.0 Fairfax Club Estates
Dominion Hills,Week1,Fair Oaks ,Week3,258.0 Fair Oaks - 144.0 Dominion Hills
Donaldson Run,Week1,Lee Graham,Week3,226.0 Lee Graham - 176.0 Donaldson Run
Dominion Hills,Week4,Sully Station II,Week1,231.0 Sully Station II - 171.0 Dominion Hills
Dominion Hills,Week3,McLean,Week5,313.0 McLean - 89.0 Dominion Hills
Dominion Hills,Week2,Truro,Week4,261.0 Dominion Hills - 141.0 Truro
Dominion Hills,Week1,Truro,Week5,247.0 Dominion Hills - 155.0 Truro
Dominion Hills,Week5,Dunn Loring,Week3,269.0 Dunn Loring - 133.0 Dominion Hills
Dominion Hills,Week3,Mosby Woods,Week4,260.0 Mosby Woods - 142.0 Dominion Hills
Donaldson Run,Week5,McLean,Week2,202.0 McLean - 200.0 Donaldson Run
Dominion Hills,Week1,Fair Oaks ,Week5,256.0 Fair Oaks - 146.0 Dominion Hills
Donaldson Run,Week3,Fairfax Club Estates,Week4,311.0 Donaldson Run - 91.0 Fairfax Club Estates
Donaldson Run,Week2,McLean,Week3,209.0 McLean - 193.0 Donaldson Run
Donaldson Run,Week3,Fairfax Club Estates,Week1,328.0 Donaldson Run - 74.0 Fairfax Club Estates
Donaldson Run,Week2,Lee Graham,Week1,206.0 Donaldson Run - 196.0 Lee Graham
Donaldson Run,Week1,Lee Graham,Week4,211.0 Lee Graham - 191.0 Donaldson Run
Dominion Hills,Week1,Rolling Forest,Week3,225.0 Rolling Forest - 177.0 Dominion Hills
Dominion Hills,Week4,McLean,Week5,295.0 McLean - 107.0 Dominion Hills
Dominion Hills,Week2,Mosby Woods,Week3,245.0 Mosby Woods - 157.0 Dominion Hills
Dominion Hills,Week3,Rolling Forest,Week4,216.0 Dominion Hills - 186.0 Rolling Forest
Dominion Hills,Week3,Rolling Forest,Week5,216.0 Rolling Forest - 186.0 Dominion Hills
Dominion Hills,Week4,Sully Station II,Week2,269.0 Sully Station II - 133.0 Dominion Hills
Dominion Hills,Week5,Dowden Terrace,Week4,205.0 Dominion Hills - 197.0 Dowden Terrace
Daventry,Week2,Pleasant Valley,Week3,221.0 Pleasant Valley - 179.0 Daventry
Dominion Hills,Week5,Mosby Woods,Week5,226.0 Mosby Woods - 176.0 Dominion Hills
Donaldson Run,Week1,Mosby Woods,Week5,206.0 Donaldson Run - 196.0 Mosby Woods
Dominion Hills,Week5,Sully Station II,Week3,264.0 Sully Station II - 138.0 Dominion Hills
Dominion Hills,Week4,Rolling Forest,Week3,226.0 Dominion Hills - 176.0 Rolling Forest
Donaldson Run,Week3,McLean,Week2,221.0 McLean - 181.0 Donaldson Run
Donaldson Run,Week1,Mosby Woods,Week1,205.0 Donaldson Run - 197.0 Mosby Woods
Dominion Hills,Week4,Mosby Woods,Week1,240.0 Mosby Woods - 162.0 Dominion Hills
Donaldson Run,Week5,Laurel Hill,Week1,330.0 Donaldson Run - 72.0 Laurel Hill
Donaldson Run,Week2,Lee Graham,Week5,223.0 Lee Graham - 179.0 Donaldson Run
Donaldson Run,Week4,Fairfax Club Estates,Week2,338.0 Donaldson Run - 64.0 Fairfax Club Estates
Donaldson Run,Week1,Mosby Woods,Week3,214.0 Donaldson Run - 188.0 Mosby Woods
Daventry,Week1,Pleasant Valley,Week3,225.0 Pleasant Valley - 176.0 Daventry
Dominion Hills,Week3,Sully Station II,Week5,314.0 Sully Station II - 88.0 Dominion Hills
Dominion Hills,Week5,Riverside Gardens,Week3,238.0 Riverside Gardens - 164.0 Dominion Hills
Daventry,Week2,Pleasant Valley,Week4,213.0 Daventry - 174.0 Pleasant Valley
Donaldson Run,Week4,Lee Graham,Week3,203.0 Donaldson Run - 199.0 Lee Graham
Dominion Hills,Week4,Truro,Week4,267.0 Dominion Hills - 135.0 Truro
Donaldson Run,Week5,McLean,Week5,203.0 McLean - 199.0 Donaldson Run
Donaldson Run,Week2,Fairfax Station,Week3,225.0 Fairfax Station - 177.0 Donaldson Run
Donaldson Run,Week3,Fairfax Station,Week5,216.0 Fairfax Station - 186.0 Donaldson Run
Dominion Hills,Week2,Mount Vernon Park,Week4,251.0 Mount Vernon Park - 151.0 Dominion Hills
Donaldson Run,Week3,Lee Graham,Week5,224.0 Lee Graham - 178.0 Donaldson Run
Dominion Hills,Week3,Fair Oaks ,Week3,233.0 Fair Oaks - 169.0 Dominion Hills
Dominion Hills,Week4,Mosby Woods,Week2,236.0 Mosby Woods - 166.0 Dominion Hills
Dominion Hills,Week2,Rolling Forest,Week3,207.0 Rolling Forest - 195.0 Dominion Hills
Dominion Hills,Week4,Truro,Week3,285.0 Dominion Hills - 117.0 Truro
Dominion Hills,Week1,Fair Oaks ,Week2,203.0 Fair Oaks - 199.0 Dominion Hills
Dominion Hills,Week3,Fair Oaks ,Week5,238.0 Fair Oaks - 164.0 Dominion Hills
Donaldson Run,Week3,Fairfax Station,Week4,206.0 Donaldson Run - 196.0 Fairfax Station
Dominion Hills,Week3,Fair Oaks ,Week1,222.0 Fair Oaks - 180.0 Dominion Hills
Donaldson Run,Week3,Lincolnia Park,Week4,351.0 Donaldson Run - 51.0 Lincolnia Park
Daventry,Week3,Pleasant Valley,Week3,227.0 Pleasant Valley - 174.0 Daventry
Dominion Hills,Week1,Rolling Forest,Week1,206.0 Rolling Forest - 196.0 Dominion Hills
Dominion Hills,Week3,Mount Vernon Park,Week2,266.0 Mount Vernon Park - 136.0 Dominion Hills
Donaldson Run,Week1,Fairfax Station,Week3,225.0 Fairfax Station - 177.0 Donaldson Run
Dominion Hills,Week2,Truro,Week1,242.0 Dominion Hills - 160.0 Truro
Dominion Hills,Week2,Fair Oaks ,Week1,219.5 Fair Oaks - 182.5 Dominion Hills
Dominion Hills,Week4,Truro,Week5,276.0 Dominion Hills - 126.0 Truro
Daventry,Week1,Pleasant Valley,Week4,216.0 Daventry - 171.0 Pleasant Valley
Donaldson Run,Week5,McLean,Week3,203.0 Donaldson Run - 199.0 McLean
Dominion Hills,Week2,Fair Oaks ,Week2,217.0 Dominion Hills - 185.0 Fair Oaks
Dominion Hills,Week2,Rolling Forest,Week5,212.0 Rolling Forest - 190.0 Dominion Hills
Donaldson Run,Week3,Fairfax Club Estates,Week5,313.0 Donaldson Run - 89.0 Fairfax Club Estates
Dominion Hills,Week5,Riverside Gardens,Week2,202.0 Riverside Gardens - 200.0 Dominion Hills
Dominion Hills,Week5,Mount Vernon Park,Week4,221.0 Mount Vernon Park - 181.0 Dominion Hills
Donaldson Run,Week4,Fairfax Club Estates,Week4,320.0 Donaldson Run - 82.0 Fairfax Club Estates
Dominion Hills,Week2,Truro,Week2,284.0 Dominion Hills - 118.0 Truro
Donaldson Run,Week5,Mosby Woods,Week5,249.0 Donaldson Run - 153.0 Mosby Woods
Dominion Hills,Week4,Fair Oaks ,Week5,214.0 Fair Oaks - 188.0 Dominion Hills
Donaldson Run,Week3,Lincolnia Park,Week3,340.0 Donaldson Run - 53.0 Lincolnia Park
Dominion Hills,Week5,Mount Vernon Park,Week2,230.0 Mount Vernon Park - 172.0 Dominion Hills
Dominion Hills,Week2,Rolling Forest,Week2,233.0 Dominion Hills - 169.0 Rolling Forest
Donaldson Run,Week4,Fairfax Club Estates,Week5,319.0 Donaldson Run - 83.0 Fairfax Club Estates
Donaldson Run,Week2,Mosby Woods,Week3,217.5 Donaldson Run - 184.5 Mosby Woods
Dominion Hills,Week2,Mount Vernon Park,Week1,265.0 Mount Vernon Park - 137.0 Dominion Hills
Dominion Hills,Week4,Fair Oaks ,Week1,207.5 Dominion Hills - 194.5 Fair Oaks
Dominion Hills,Week4,Fair Oaks ,Week3,214.0 Fair Oaks - 188.0 Dominion Hills
Dominion Hills,Week5,Riverside Gardens,Week4,251.0 Riverside Gardens - 151.0 Dominion Hills
Dominion Hills,Week4,Sully Station II,Week5,285.5 Sully Station II - 116.5 Dominion Hills
Daventry,Week2,Ravensworth Farm,Week1,319.0 Ravensworth Farm - 82.0 Daventry
Donaldson Run,Week3,Lincolnia Park,Week1,355.0 Donaldson Run - 47.0 Lincolnia Park
Donaldson Run,Week4,Lincolnia Park,Week5,337.0 Donaldson Run - 56.0 Lincolnia Park
Donaldson Run,Week2,Mosby Woods,Week1,215.0 Donaldson Run - 187.0 Mosby Woods
Dominion Hills,Week5,Riverside Gardens,Week5,258.0 Riverside Gardens - 144.0 Dominion Hills
Daventry,Week2,Pleasant Valley,Week2,206.0 Daventry - 185.0 Pleasant Valley
Donaldson Run,Week3,Fairfax Station,Week2,209.0 Donaldson Run - 193.0 Fairfax Station
Daventry,Week3,Pleasant Valley,Week2,206.0 Daventry - 188.0 Pleasant Valley
Dominion Hills,Week1,Truro,Week1,225.0 Dominion Hills - 177.0 Truro
Dominion Hills,Week4,Mosby Woods,Week5,237.0 Mosby Woods - 165.0 Dominion Hills
Donaldson Run,Week5,Lincolnia Park,Week4,352.0 Donaldson Run - 50.0 Lincolnia Park
Dominion Hills,Week5,Dunn Loring,Week5,273.0 Dunn Loring - 129.0 Dominion Hills
Donaldson Run,Week1,Fairfax Station,Week1,214.0 Donaldson Run - 188.0 Fairfax Station
Daventry,Week5,Ravensworth Farm,Week2,290.0 Ravensworth Farm - 111.0 Daventry
Dominion Hills,Week2,Mount Vernon Park,Week5,270.0 Mount Vernon Park - 132.0 Dominion Hills
Dominion Hills,Week4,Fair Oaks ,Week4,216.0 Dominion Hills - 186.0 Fair Oaks
Dominion Hills,Week1,Mount Vernon Park,Week3,273.0 Mount Vernon Park - 129.0 Dominion Hills
Daventry,Week1,Ravensworth Farm,Week1,317.0 Ravensworth Farm - 85.0 Daventry
Dominion Hills,Week4,Rolling Forest,Week4,239.0 Dominion Hills - 163.0 Rolling Forest
Daventry,Week5,Ravensworth Farm,Week3,311.0 Ravensworth Farm - 90.0 Daventry
Donaldson Run,Week4,Fairfax Station,Week1,225.0 Donaldson Run - 177.0 Fairfax Station
Dominion Hills,Week1,Truro,Week3,241.0 Dominion Hills - 161.0 Truro
Daventry,Week5,Ravensworth Farm,Week4,300.0 Ravensworth Farm - 102.0 Daventry
Dominion Hills,Week1,Rolling Forest,Week5,216.0 Rolling Forest - 186.0 Dominion Hills
Donaldson Run,Week4,Fairfax Station,Week2,213.0 Donaldson Run - 189.0 Fairfax Station
Donaldson Run,Week1,Lincolnia Park,Week5,331.0 Donaldson Run - 62.0 Lincolnia Park
Dominion Hills,Week5,Mosby Woods,Week1,227.0 Mosby Woods - 175.0 Dominion Hills
Dominion Hills,Week1,Truro,Week4,241.0 Dominion Hills - 161.0 Truro
Donaldson Run,Week1,Mount Vernon Park,Week4,227.0 Donaldson Run - 175.0 Mount Vernon Park
Daventry,Week1,Pleasant Valley,Week2,224.0 Daventry - 174.0 Pleasant Valley
Dominion Hills,Week4,Sully Station II,Week3,279.0 Sully Station II - 123.0 Dominion Hills
Donaldson Run,Week5,Lee Graham,Week4,228.0 Donaldson Run - 174.0 Lee Graham
Dominion Hills,Week1,Truro,Week2,254.5 Dominion Hills - 147.5 Truro
Donaldson Run,Week4,Mosby Woods,Week1,217.0 Donaldson Run - 185.0 Mosby Woods
Daventry,Week3,Pleasant Valley,Week4,233.0 Daventry - 159.0 Pleasant Valley
Donaldson Run,Week1,Little Hunting Park,Week3,317.0 Donaldson Run - 85.0 Little Hunting Park
Dominion Hills,Week2,Fair Oaks ,Week4,204.0 Fair Oaks - 198.0 Dominion Hills
Donaldson Run,Week4,Mosby Woods,Week3,235.0 Donaldson Run - 167.0 Mosby Woods
Dominion Hills,Week3,Rolling Forest,Week3,203.0 Dominion Hills - 199.0 Rolling Forest
Dominion Hills,Week5,Fair Oaks ,Week1,205.0 Dominion Hills - 197.0 Fair Oaks
Donaldson Run,Week4,Fairfax Station,Week3,210.0 Fairfax Station - 192.0 Donaldson Run
Dominion Hills,Week3,Mount Vernon Park,Week5,296.0 Mount Vernon Park - 106.0 Dominion Hills
Dominion Hills,Week3,Mount Vernon Park,Week3,279.0 Mount Vernon Park - 123.0 Dominion Hills
Dominion Hills,Week4,Mount Vernon Park,Week2,246.0 Mount Vernon Park - 156.0 Dominion Hills
Dominion Hills,Week1,Rolling Forest,Week2,218.0 Dominion Hills - 184.0 Rolling Forest
Donaldson Run,Week4,Fairfax Station,Week4,217.0 Donaldson Run - 185.0 Fairfax Station
Donaldson Run,Week2,Mount Vernon Park,Week3,213.0 Mount Vernon Park - 189.0 Donaldson Run
Daventry,Week1,Pleasant Valley,Week5,202.0 Daventry - 191.0 Pleasant Valley
Donaldson Run,Week1,Lincolnia Park,Week4,346.0 Donaldson Run - 56.0 Lincolnia Park
Dominion Hills,Week2,Truro,Week3,265.0 Dominion Hills - 137.0 Truro
Dominion Hills,Week5,Sully Station II,Week2,249.5 Sully Station II - 152.5 Dominion Hills
Dominion Hills,Week1,Mount Vernon Park,Week5,279.5 Mount Vernon Park - 122.5 Dominion Hills
Donaldson Run,Week4,Mount Vernon Park,Week1,223.0 Donaldson Run - 179.0 Mount Vernon Park
Dominion Hills,Week2,Fair Oaks ,Week5,239.0 Fair Oaks - 163.0 Dominion Hills
Donaldson Run,Week3,Mount Vernon Park,Week2,216.0 Donaldson Run - 186.0 Mount Vernon Park
Daventry,Week2,Ravensworth Farm,Week3,325.0 Ravensworth Farm - 73.0 Daventry
Donaldson Run,Week2,Mount Vernon Park,Week2,219.0 Donaldson Run - 183.0 Mount Vernon Park
Donaldson Run,Week2,Fairfax Station,Week4,202.0 Donaldson Run - 200.0 Fairfax Station
Donaldson Run,Week2,Fairfax Station,Week5,229.0 Fairfax Station - 173.0 Donaldson Run
Daventry,Week2,Ravensworth Farm,Week2,302.0 Ravensworth Farm - 98.0 Daventry
Donaldson Run,Week5,Fairfax Club Estates,Week3,338.0 Donaldson Run - 64.0 Fairfax Club Estates
Dominion Hills,Week5,Sully Station II,Week4,209.0 Sully Station II - 193.0 Dominion Hills
Dominion Hills,Week4,Fair Oaks ,Week2,225.0 Dominion Hills - 177.0 Fair Oaks
Daventry,Week1,Pleasant Valley,Week1,206.0 Daventry - 192.0 Pleasant Valley
Dominion Hills,Week3,Fair Oaks ,Week2,216.5 Dominion Hills - 185.5 Fair Oaks
Dominion Hills,Week3,Mount Vernon Park,Week4,267.0 Mount Vernon Park - 135.0 Dominion Hills
Donaldson Run,Week4,Lincolnia Park,Week1,357.0 Donaldson Run - 45.0 Lincolnia Park
Daventry,Week1,Ravensworth Farm,Week4,309.0 Ravensworth Farm - 93.0 Daventry
Dominion Hills,Week4,Sully Station II,Week4,213.0 Sully Station II - 189.0 Dominion Hills
Dominion Hills,Week2,Rolling Forest,Week4,222.0 Dominion Hills - 180.0 Rolling Forest
Donaldson Run,Week5,Mosby Woods,Week1,239.0 Donaldson Run - 163.0 Mosby Woods
Donaldson Run,Week1,Fairfax Station,Week4,204.0 Donaldson Run - 198.0 Fairfax Station
Donaldson Run,Week2,Lincolnia Park,Week1,335.0 Donaldson Run - 67.0 Lincolnia Park
Donaldson Run,Week5,Lincolnia Park,Week3,344.0 Donaldson Run - 49.0 Lincolnia Park
Daventry,Week2,Ravensworth Farm,Week4,329.0 Ravensworth Farm - 73.0 Daventry
Dominion Hills,Week1,Rolling Forest,Week4,211.0 Dominion Hills - 191.0 Rolling Forest
Dominion Hills,Week2,Rolling Forest,Week1,213.0 Dominion Hills - 189.0 Rolling Forest
Dominion Hills,Week3,Fair Oaks ,Week4,209.0 Fair Oaks - 193.0 Dominion Hills
Dominion Hills,Week1,Fair Oaks ,Week1,227.0 Fair Oaks - 175.0 Dominion Hills
Dominion Hills,Week5,Sully Station II,Week1,213.0 Sully Station II - 189.0 Dominion Hills
Daventry,Week4,Ravensworth Farm,Week1,319.0 Ravensworth Farm - 83.0 Daventry
Donaldson Run,Week4,Mount Vernon Park,Week4,235.0 Donaldson Run - 167.0 Mount Vernon Park
Donaldson Run,Week5,Lee Graham,Week3,218.0 Donaldson Run - 184.0 Lee Graham
Dominion Hills,Week3,Rolling Forest,Week2,228.0 Dominion Hills - 174.0 Rolling Forest
Donaldson Run,Week1,Fairfax Station,Week5,216.0 Fairfax Station - 186.0 Donaldson Run
Dominion Hills,Week3,Truro,Week1,228.0 Dominion Hills - 174.0 Truro
Donaldson Run,Week1,Lincolnia Park,Week1,353.0 Donaldson Run - 49.0 Lincolnia Park
Daventry,Week3,Ravensworth Farm,Week4,319.0 Ravensworth Farm - 83.0 Daventry
Dominion Hills,Week4,Rolling Forest,Week2,242.0 Dominion Hills - 160.0 Rolling Forest
Dominion Hills,Week4,Rolling Forest,Week5,210.0 Dominion Hills - 192.0 Rolling Forest
Donaldson Run,Week5,Mosby Woods,Week4,268.5 Donaldson Run - 133.5 Mosby Woods
Dominion Hills,Week1,Fair Oaks ,Week4,216.0 Fair Oaks - 186.0 Dominion Hills
Donaldson Run,Week2,Lincolnia Park,Week2,345.0 Donaldson Run - 47.0 Lincolnia Park
Daventry,Week5,Poplar Tree,Week5,306.0 Poplar Tree - 96.0 Daventry
Donaldson Run,Week1,Little Hunting Park,Week2,315.0 Donaldson Run - 87.0 Little Hunting Park
Dominion Hills,Week2,Fair Oaks ,Week3,237.0 Fair Oaks - 165.0 Dominion Hills
Donaldson Run,Week2,Fairfax Station,Week1,222.0 Donaldson Run - 180.0 Fairfax Station
Donaldson Run,Week5,Mount Vernon Park,Week3,217.0 Donaldson Run - 185.0 Mount Vernon Park
Dominion Hills,Week5,Rolling Forest,Week2,261.0 Dominion Hills - 141.0 Rolling Forest
Dominion Hills,Week5,Rolling Forest,Week4,265.0 Dominion Hills - 137.0 Rolling Forest
Dominion Hills,Week5,Dunn Loring,Week4,252.5 Dunn Loring - 149.5 Dominion Hills
Dominion Hills,Week2,Truro,Week5,259.0 Dominion Hills - 143.0 Truro
Donaldson Run,Week1,Mount Vernon Park,Week3,204.0 Donaldson Run - 198.0 Mount Vernon Park
Dominion Hills,Week5,Sully Station II,Week5,265.0 Sully Station II - 137.0 Dominion Hills
Dominion Hills,Week4,Mount Vernon Park,Week5,264.5 Mount Vernon Park - 137.5 Dominion Hills
Daventry,Week3,Ravensworth Farm,Week1,311.0 Ravensworth Farm - 91.0 Daventry
Dominion Hills,Week5,Mosby Woods,Week3,210.0 Mosby Woods - 192.0 Dominion Hills
Dominion Hills,Week4,Mosby Woods,Week3,227.0 Mosby Woods - 170.0 Dominion Hills
Donaldson Run,Week5,Lee Graham,Week2,221.0 Donaldson Run - 181.0 Lee Graham
Dominion Hills,Week1,Mount Vernon Park,Week4,264.0 Mount Vernon Park - 138.0 Dominion Hills
Donaldson Run,Week5,Fairfax Club Estates,Week1,332.0 Donaldson Run - 70.0 Fairfax Club Estates
Dominion Hills,Week4,Truro,Week1,260.0 Dominion Hills - 142.0 Truro
Donaldson Run,Week2,Lincolnia Park,Week3,318.0 Donaldson Run - 75.0 Lincolnia Park
Donaldson Run,Week5,Fairfax Club Estates,Week4,325.0 Donaldson Run - 72.0 Fairfax Club Estates
Donaldson Run,Week1,Mount Vernon Park,Week1,209.0 Donaldson Run - 193.0 Mount Vernon Park
Daventry,Week3,Ravensworth Farm,Week3,318.0 Ravensworth Farm - 83.0 Daventry
Dominion Hills,Week3,Rolling Hills,Week5,240.0 Dominion Hills - 162.0 Rolling Hills
Dominion Hills,Week4,Mount Vernon Park,Week3,251.0 Mount Vernon Park - 151.0 Dominion Hills
Daventry,Week3,Ravensworth Farm,Week2,300.0 Ravensworth Farm - 101.0 Daventry
Dominion Hills,Week3,Truro,Week3,261.0 Dominion Hills - 141.0 Truro
Donaldson Run,Week5,Fairfax Club Estates,Week2,340.0 Donaldson Run - 62.0 Fairfax Club Estates
Donaldson Run,Week4,Mount Vernon Park,Week3,205.5 Donaldson Run - 196.5 Mount Vernon Park
Donaldson Run,Week5,Lee Graham,Week1,223.0 Donaldson Run - 179.0 Lee Graham
Dominion Hills,Week2,Mount Vernon Park,Week3,261.0 Mount Vernon Park - 141.0 Dominion Hills
Dominion Hills,Week1,Mount Vernon Park,Week1,278.0 Mount Vernon Park - 124.0 Dominion Hills
Donaldson Run,Week1,Newington Forest,Week2,333.0 Donaldson Run - 69.0 Newington Forest
Daventry,Week3,Ravensworth Farm,Week5,335.0 Ravensworth Farm - 67.0 Daventry
Dominion Hills,Week4,Truro,Week2,294.0 Dominion Hills - 108.0 Truro
Dominion Hills,Week3,Truro,Week5,246.0 Dominion Hills - 156.0 Truro
Donaldson Run,Week1,Newington Forest,Week5,321.0 Donaldson Run - 81.0 Newington Forest
Daventry,Week5,Poplar Tree,Week4,264.0 Poplar Tree - 138.0 Daventry
Dominion Hills,Week3,Tuckahoe,Week1,349.0 Tuckahoe - 53.0 Dominion Hills
Dominion Hills,Week1,Rolling Hills,Week3,227.0 Dominion Hills - 175.0 Rolling Hills
Donaldson Run,Week2,Fairfax Station,Week2,215.0 Donaldson Run - 187.0 Fairfax Station
Dominion Hills,Week1,Rolling Hills,Week2,233.0 Dominion Hills - 169.0 Rolling Hills
Dominion Hills,Week1,Rolling Hills,Week1,230.0 Dominion Hills - 172.0 Rolling Hills
Dominion Hills,Week5,Mosby Woods,Week2,229.0 Mosby Woods - 173.0 Dominion Hills
Donaldson Run,Week5,Fairfax Club Estates,Week5,330.0 Donaldson Run - 72.0 Fairfax Club Estates
Donaldson Run,Week1,Lincolnia Park,Week2,349.0 Donaldson Run - 44.0 Lincolnia Park
Donaldson Run,Week4,Lincolnia Park,Week2,355.0 Donaldson Run - 37.0 Lincolnia Park
Dominion Hills,Week4,Tuckahoe,Week5,332.0 Tuckahoe - 70.0 Dominion Hills
Donaldson Run,Week3,Lincolnia Park,Week2,352.0 Donaldson Run - 41.0 Lincolnia Park
Dominion Hills,Week5,Tuckahoe,Week1,324.0 Tuckahoe - 78.0 Dominion Hills
Donaldson Run,Week1,Fairfax Station,Week2,203.0 Fairfax Station - 199.0 Donaldson Run
Donaldson Run,Week4,Forest Hollow,Week3,275.0 Donaldson Run - 127.0 Forest Hollow
Dominion Hills,Week3,Mount Vernon Park,Week1,278.0 Mount Vernon Park - 124.0 Dominion Hills
Donaldson Run,Week1,Mount Vernon Park,Week2,226.0 Donaldson Run - 176.0 Mount Vernon Park
Donaldson Run,Week1,Lincolnia Park,Week3,323.0 Donaldson Run - 70.0 Lincolnia Park
Donaldson Run,Week3,Fairfax Station,Week1,213.0 Donaldson Run - 189.0 Fairfax Station
Dominion Hills,Week5,Mosby Woods,Week4,203.0 Mosby Woods - 199.0 Dominion Hills
Daventry,Week1,Ravensworth Farm,Week3,318.0 Ravensworth Farm - 84.0 Daventry
Dominion Hills,Week4,Mosby Woods,Week4,227.0 Mosby Woods - 175.0 Dominion Hills
Dominion Hills,Week1,Rolling Valley,Week5,287.0 Dominion Hills - 115.0 Rolling Valley
Donaldson Run,Week3,Mosby Woods,Week3,226.5 Donaldson Run - 175.5 Mosby Woods
Donaldson Run,Week3,Mosby Woods,Week5,223.0 Donaldson Run - 179.0 Mosby Woods
Daventry,Week4,Ravensworth Farm,Week3,329.0 Ravensworth Farm - 72.0 Daventry
Donaldson Run,Week2,Lincolnia Park,Week4,340.0 Donaldson Run - 62.0 Lincolnia Park
Daventry,Week4,Ravensworth Farm,Week2,307.0 Ravensworth Farm - 94.0 Daventry
Donaldson Run,Week3,Fairfax Station,Week3,220.0 Fairfax Station - 182.0 Donaldson Run
Daventry,Week2,Ravensworth Farm,Week5,333.0 Ravensworth Farm - 69.0 Daventry
Dominion Hills,Week4,Mount Vernon Park,Week1,250.0 Mount Vernon Park - 152.0 Dominion Hills
Dominion Hills,Week1,Rolling Hills,Week4,232.0 Dominion Hills - 169.0 Rolling Hills
Dominion Hills,Week3,Rolling Hills,Week2,236.0 Dominion Hills - 166.0 Rolling Hills
Daventry,Week4,Ravensworth Farm,Week4,322.0 Ravensworth Farm - 80.0 Daventry
Dominion Hills,Week5,Tuckahoe,Week4,336.0 Tuckahoe - 66.0 Dominion Hills
Dominion Hills,Week1,Mount Vernon Park,Week2,277.5 Mount Vernon Park - 124.5 Dominion Hills
Donaldson Run,Week2,Forest Hollow,Week5,269.0 Donaldson Run - 133.0 Forest Hollow
Donaldson Run,Week2,Forest Hollow,Week2,283.0 Donaldson Run - 119.0 Forest Hollow
Dominion Hills,Week3,Rolling Hills,Week1,229.0 Dominion Hills - 173.0 Rolling Hills
Donaldson Run,Week2,Lincolnia Park,Week5,332.0 Donaldson Run - 61.0 Lincolnia Park
Donaldson Run,Week4,Mosby Woods,Week5,238.0 Donaldson Run - 164.0 Mosby Woods
Dominion Hills,Week1,Tuckahoe,Week4,362.0 Tuckahoe - 40.0 Dominion Hills
Daventry,Week5,Ravensworth Farm,Week1,298.0 Ravensworth Farm - 104.0 Daventry
Dominion Hills,Week2,Mount Vernon Park,Week2,257.0 Mount Vernon Park - 145.0 Dominion Hills
Dominion Hills,Week4,Tuckahoe,Week2,323.0 Tuckahoe - 79.0 Dominion Hills
Dominion Hills,Week2,Rolling Hills,Week4,250.0 Dominion Hills - 152.0 Rolling Hills
Dominion Hills,Week5,Rolling Hills,Week1,268.0 Dominion Hills - 134.0 Rolling Hills
Donaldson Run,Week3,Mosby Woods,Week4,238.0 Donaldson Run - 164.0 Mosby Woods
Dominion Hills,Week2,Tuckahoe,Week1,338.5 Tuckahoe - 63.5 Dominion Hills
Donaldson Run,Week5,Lee Graham,Week5,208.0 Lee Graham - 194.0 Donaldson Run
Donaldson Run,Week2,Mount Vernon Park,Week5,229.0 Mount Vernon Park - 173.0 Donaldson Run
Donaldson Run,Week3,Lincolnia Park,Week5,332.0 Donaldson Run - 61.0 Lincolnia Park
Donaldson Run,Week5,Mosby Woods,Week2,248.0 Donaldson Run - 154.0 Mosby Woods
Daventry,Week4,Ravensworth Farm,Week5,336.0 Ravensworth Farm - 66.0 Daventry
Donaldson Run,Week4,Forest Hollow,Week5,273.0 Donaldson Run - 129.0 Forest Hollow
Dominion Hills,Week5,Rolling Hills,Week3,278.0 Dominion Hills - 124.0 Rolling Hills
Dominion Hills,Week3,Rolling Valley,Week2,306.0 Dominion Hills - 96.0 Rolling Valley
Dominion Hills,Week4,Mount Vernon Park,Week4,239.0 Mount Vernon Park - 163.0 Dominion Hills
Daventry,Week1,Ravensworth Farm,Week5,338.0 Ravensworth Farm - 64.0 Daventry
Donaldson Run,Week1,Forest Hollow,Week1,266.0 Donaldson Run - 136.0 Forest Hollow
Dominion Hills,Week5,Truro,Week2,294.5 Dominion Hills - 106.5 Truro
Daventry,Week1,Ravensworth Farm,Week2,296.0 Ravensworth Farm - 105.0 Daventry
Dominion Hills,Week2,Rolling Hills,Week1,236.0 Dominion Hills - 166.0 Rolling Hills
Dominion Hills,Week5,Mount Vernon Park,Week1,237.0 Mount Vernon Park - 165.0 Dominion Hills
Donaldson Run,Week4,Mosby Woods,Week2,215.5 Donaldson Run - 186.5 Mosby Woods
Donaldson Run,Week4,Lincolnia Park,Week4,350.0 Donaldson Run - 52.0 Lincolnia Park
Dominion Hills,Week5,Truro,Week4,290.0 Dominion Hills - 112.0 Truro
Donaldson Run,Week4,Lincolnia Park,Week3,340.0 Donaldson Run - 53.0 Lincolnia Park
Donaldson Run,Week4,Fairfax Station,Week5,208.0 Fairfax Station - 194.0 Donaldson Run
Donaldson Run,Week2,Forest Hollow,Week4,263.0 Donaldson Run - 139.0 Forest Hollow
Donaldson Run,Week5,Mosby Woods,Week3,256.5 Donaldson Run - 145.5 Mosby Woods
Donaldson Run,Week1,Mount Vernon Park,Week5,212.0 Mount Vernon Park - 190.0 Donaldson Run
Dominion Hills,Week5,Truro,Week3,289.0 Dominion Hills - 113.0 Truro
Dominion Hills,Week2,Newington Forest,Week5,270.5 Dominion Hills - 131.5 Newington Forest
Donaldson Run,Week5,Lincolnia Park,Week2,362.0 Donaldson Run - 31.0 Lincolnia Park
Dominion Hills,Week1,Rolling Hills,Week5,232.0 Dominion Hills - 170.0 Rolling Hills
Donaldson Run,Week4,Mosby Woods,Week4,233.0 Donaldson Run - 169.0 Mosby Woods
Donaldson Run,Week1,Fox Hunt,Week2,295.0 Donaldson Run - 107.0 Fox Hunt
Donaldson Run,Week5,Lincolnia Park,Week1,360.0 Donaldson Run - 42.0 Lincolnia Park
Dominion Hills,Week2,Tuckahoe,Week4,355.0 Tuckahoe - 47.0 Dominion Hills
Dominion Hills,Week5,Mount Vernon Park,Week3,232.5 Mount Vernon Park - 169.5 Dominion Hills
Donaldson Run,Week3,Forest Hollow,Week2,284.0 Donaldson Run - 118.0 Forest Hollow
Dominion Hills,Week5,Truro,Week5,279.0 Dominion Hills - 123.0 Truro
Donaldson Run,Week2,Mount Vernon Park,Week1,207.0 Donaldson Run - 195.0 Mount Vernon Park
Donaldson Run,Week5,Lincolnia Park,Week5,344.0 Donaldson Run - 49.0 Lincolnia Park
Donaldson Run,Week3,Mount Vernon Park,Week3,209.0 Donaldson Run - 193.0 Mount Vernon Park
Donaldson Run,Week5,Fairfax Station,Week5,212.0 Donaldson Run - 190.0 Fairfax Station
Donaldson Run,Week2,Mount Vernon Park,Week4,225.0 Donaldson Run - 177.0 Mount Vernon Park
Dominion Hills,Week2,Vienna Aquatic,Week3,284.0 Vienna Aquatic - 118.0 Dominion Hills
Dominion Hills,Week4,Rolling Hills,Week4,268.0 Dominion Hills - 134.0 Rolling Hills
Donaldson Run,Week1,Little Rocky Run,Week5,220.0 Little Rocky Run - 182.0 Donaldson Run
Donaldson Run,Week5,Little Hunting Park,Week3,344.0 Donaldson Run - 58.0 Little Hunting Park
Donaldson Run,Week5,Forest Hollow,Week3,288.0 Donaldson Run - 114.0 Forest Hollow
Dominion Hills,Week2,Newington Forest,Week2,295.0 Dominion Hills - 107.0 Newington Forest
Donaldson Run,Week1,Little Rocky Run,Week1,224.0 Donaldson Run - 178.0 Little Rocky Run
Dominion Hills,Week1,Rolling Valley,Week3,293.0 Dominion Hills - 109.0 Rolling Valley
Dominion Hills,Week2,Vienna Aquatic,Week5,317.0 Vienna Aquatic - 85.0 Dominion Hills
Dominion Hills,Week3,Newington Forest,Week3,292.0 Dominion Hills - 110.0 Newington Forest
Dominion Hills,Week1,Rolling Valley,Week2,295.0 Dominion Hills - 107.0 Rolling Valley
Dominion Hills,Week2,Newington Forest,Week4,280.0 Dominion Hills - 122.0 Newington Forest
Donaldson Run,Week3,Mount Vernon Park,Week1,209.0 Donaldson Run - 193.0 Mount Vernon Park
Dominion Hills,Week1,Newington Forest,Week3,271.0 Dominion Hills - 131.0 Newington Forest
Donaldson Run,Week1,Little Hunting Park,Week1,315.0 Donaldson Run - 87.0 Little Hunting Park
Donaldson Run,Week1,Forest Hollow,Week2,272.0 Donaldson Run - 130.0 Forest Hollow
Dominion Hills,Week3,Tuckahoe,Week2,351.0 Tuckahoe - 51.0 Dominion Hills
Dominion Hills,Week4,Rolling Hills,Week1,264.0 Dominion Hills - 138.0 Rolling Hills
Dominion Hills,Week1,Newington Forest,Week1,288.0 Dominion Hills - 113.0 Newington Forest
Donaldson Run,Week3,Mount Vernon Park,Week4,228.0 Donaldson Run - 174.0 Mount Vernon Park
Dominion Hills,Week4,Tuckahoe,Week1,321.0 Tuckahoe - 81.0 Dominion Hills
Dominion Hills,Week2,Rolling Hills,Week3,250.0 Dominion Hills - 152.0 Rolling Hills
Donaldson Run,Week4,Little Hunting Park,Week5,300.0 Donaldson Run - 102.0 Little Hunting Park
Donaldson Run,Week1,Forest Hollow,Week3,268.0 Donaldson Run - 134.0 Forest Hollow
Dominion Hills,Week1,Newington Forest,Week5,257.0 Dominion Hills - 145.0 Newington Forest
Dominion Hills,Week3,Tuckahoe,Week4,359.5 Tuckahoe - 42.5 Dominion Hills
Donaldson Run,Week1,Little Rocky Run,Week4,211.0 Donaldson Run - 191.0 Little Rocky Run
Dominion Hills,Week2,Newington Forest,Week1,313.0 Dominion Hills - 89.0 Newington Forest
Dominion Hills,Week4,Rolling Hills,Week2,254.0 Dominion Hills - 143.0 Rolling Hills
Dominion Hills,Week5,Mount Vernon Park,Week5,244.0 Mount Vernon Park - 158.0 Dominion Hills
Donaldson Run,Week4,Mount Vernon Park,Week2,232.0 Donaldson Run - 170.0 Mount Vernon Park
Dominion Hills,Week5,Rolling Hills,Week2,270.0 Dominion Hills - 132.0 Rolling Hills
Dominion Hills,Week1,Newington Forest,Week4,260.0 Dominion Hills - 137.0 Newington Forest
Dominion Hills,Week3,Newington Forest,Week4,271.0 Dominion Hills - 131.0 Newington Forest
Dominion Hills,Week2,Rolling Hills,Week5,240.0 Dominion Hills - 162.0 Rolling Hills
Dominion Hills,Week4,Newington Forest,Week2,310.0 Dominion Hills - 91.0 Newington Forest
Donaldson Run,Week3,Forest Hollow,Week3,271.0 Donaldson Run - 131.0 Forest Hollow
Donaldson Run,Week1,Little Rocky Run,Week3,207.5 Little Rocky Run - 194.5 Donaldson Run
Dominion Hills,Week1,Tuckahoe,Week2,351.0 Tuckahoe - 51.0 Dominion Hills
Dominion Hills,Week5,Tuckahoe,Week3,340.0 Tuckahoe - 57.0 Dominion Hills
Donaldson Run,Week5,Forest Hollow,Week4,288.5 Donaldson Run - 113.5 Forest Hollow
Donaldson Run,Week5,Mount Vernon Park,Week4,254.0 Donaldson Run - 148.0 Mount Vernon Park
Donaldson Run,Week5,Mount Vernon Park,Week1,238.5 Donaldson Run - 163.5 Mount Vernon Park
Donaldson Run,Week5,Mount Vernon Park,Week2,255.0 Donaldson Run - 147.0 Mount Vernon Park
Donaldson Run,Week3,Forest Hollow,Week5,254.0 Donaldson Run - 148.0 Forest Hollow
Donaldson Run,Week3,Mount Vernon Park,Week5,209.0 Mount Vernon Park - 193.0 Donaldson Run
Dominion Hills,Week3,Tuckahoe,Week5,355.0 Tuckahoe - 47.0 Dominion Hills
Donaldson Run,Week2,Little Rocky Run,Week3,216.0 Donaldson Run - 186.0 Little Rocky Run
Dominion Hills,Week4,Rolling Hills,Week3,268.0 Dominion Hills - 134.0 Rolling Hills
Donaldson Run,Week5,Little Hunting Park,Week5,320.0 Donaldson Run - 82.0 Little Hunting Park
Dominion Hills,Week2,Tuckahoe,Week3,360.0 Tuckahoe - 42.0 Dominion Hills
Dominion Hills,Week3,Newington Forest,Week1,302.0 Dominion Hills - 100.0 Newington Forest
Dominion Hills,Week2,Tuckahoe,Week5,350.0 Tuckahoe - 52.0 Dominion Hills
Dominion Hills,Week4,Newington Forest,Week1,324.0 Dominion Hills - 77.0 Newington Forest
Donaldson Run,Week2,Little Rocky Run,Week4,231.0 Donaldson Run - 171.0 Little Rocky Run
Dominion Hills,Week1,Tuckahoe,Week1,349.0 Tuckahoe - 53.0 Dominion Hills
Dominion Hills,Week3,Rolling Hills,Week4,245.0 Dominion Hills - 157.0 Rolling Hills
Donaldson Run,Week3,Little Hunting Park,Week3,327.0 Donaldson Run - 75.0 Little Hunting Park
Dominion Hills,Week3,Rolling Hills,Week3,234.0 Dominion Hills - 168.0 Rolling Hills
Donaldson Run,Week5,Fairfax Station,Week3,212.5 Donaldson Run - 189.5 Fairfax Station
Dominion Hills,Week2,Rolling Hills,Week2,234.0 Dominion Hills - 168.0 Rolling Hills
Donaldson Run,Week4,Forest Hollow,Week4,269.0 Donaldson Run - 133.0 Forest Hollow
Donaldson Run,Week4,Mount Vernon Park,Week5,204.0 Donaldson Run - 198.0 Mount Vernon Park
Donaldson Run,Week5,Fairfax Station,Week2,237.0 Donaldson Run - 165.0 Fairfax Station
Donaldson Run,Week1,Forest Hollow,Week4,254.0 Donaldson Run - 148.0 Forest Hollow
Donaldson Run,Week5,Mount Vernon Park,Week5,219.0 Donaldson Run - 183.0 Mount Vernon Park
Dominion Hills,Week4,Rolling Hills,Week5,274.0 Dominion Hills - 128.0 Rolling Hills
Donaldson Run,Week2,Little Hunting Park,Week5,293.0 Donaldson Run - 109.0 Little Hunting Park
Donaldson Run,Week1,Newington Forest,Week1,349.0 Donaldson Run - 53.0 Newington Forest
Donaldson Run,Week3,Little Hunting Park,Week2,321.0 Donaldson Run - 81.0 Little Hunting Park
Dominion Hills,Week4,Newington Forest,Week4,301.0 Dominion Hills - 96.0 Newington Forest
Donaldson Run,Week1,Newington Forest,Week4,334.0 Donaldson Run - 68.0 Newington Forest
Dominion Hills,Week5,Rolling Hills,Week4,280.5 Dominion Hills - 120.5 Rolling Hills
Dominion Hills,Week5,Truro,Week1,261.0 Dominion Hills - 141.0 Truro
Donaldson Run,Week2,Little Hunting Park,Week3,333.0 Donaldson Run - 69.0 Little Hunting Park
Dominion Hills,Week5,Lakevale Estates,Week3,243.0 Lakevale Estates - 159.0 Dominion Hills
Dominion Hills,Week1,Tuckahoe,Week5,358.0 Tuckahoe - 44.0 Dominion Hills
Donaldson Run,Week3,Forest Hollow,Week1,278.0 Donaldson Run - 124.0 Forest Hollow
Dominion Hills,Week1,Newington Forest,Week2,274.0 Dominion Hills - 127.0 Newington Forest
Dominion Hills,Week1,Lakevale Estates,Week5,294.0 Lakevale Estates - 108.0 Dominion Hills
Donaldson Run,Week2,Newington Forest,Week5,307.0 Donaldson Run - 95.0 Newington Forest
Donaldson Run,Week5,Fairfax Station,Week1,251.0 Donaldson Run - 151.0 Fairfax Station
Donaldson Run,Week1,Newington Forest,Week3,342.0 Donaldson Run - 60.0 Newington Forest
Dominion Hills,Week5,Lake Braddock,Week4,327.0 Dominion Hills - 75.0 Lake Braddock
Dominion Hills,Week1,Tuckahoe,Week3,362.0 Tuckahoe - 40.0 Dominion Hills
Donaldson Run,Week4,Forest Hollow,Week2,291.5 Donaldson Run - 110.5 Forest Hollow
Dominion Hills,Week1,Rolling Valley,Week4,288.0 Dominion Hills - 114.0 Rolling Valley
Dominion Hills,Week1,Rolling Valley,Week1,327.0 Dominion Hills - 75.0 Rolling Valley
Dominion Hills,Week2,Lakevale Estates,Week2,272.0 Lakevale Estates - 130.0 Dominion Hills
Donaldson Run,Week3,Little Hunting Park,Week5,294.0 Donaldson Run - 108.0 Little Hunting Park
Dominion Hills,Week4,Newington Forest,Week3,304.0 Dominion Hills - 97.0 Newington Forest
Dominion Hills,Week2,Tuckahoe,Week2,337.0 Tuckahoe - 65.0 Dominion Hills
Donaldson Run,Week1,Forest Hollow,Week5,244.0 Donaldson Run - 158.0 Forest Hollow
Donaldson Run,Week3,Little Hunting Park,Week4,327.0 Donaldson Run - 75.0 Little Hunting Park
Dominion Hills,Week2,Rolling Valley,Week4,298.0 Dominion Hills - 104.0 Rolling Valley
Dominion Hills,Week4,Lakevale Estates,Week2,249.0 Lakevale Estates - 153.0 Dominion Hills
Dominion Hills,Week5,Rolling Hills,Week5,289.0 Dominion Hills - 113.0 Rolling Hills
Dominion Hills,Week1,Lakevale Estates,Week4,306.0 Lakevale Estates - 96.0 Dominion Hills
Dominion Hills,Week1,Lakevale Estates,Week1,278.0 Lakevale Estates - 119.0 Dominion Hills
Dominion Hills,Week2,Rolling Valley,Week2,308.0 Dominion Hills - 94.0 Rolling Valley
Donaldson Run,Week3,Newington Forest,Week1,345.0 Donaldson Run - 57.0 Newington Forest
Dominion Hills,Week5,Lake Braddock,Week3,335.0 Dominion Hills - 67.0 Lake Braddock
Dominion Hills,Week2,Newington Forest,Week3,298.0 Dominion Hills - 104.0 Newington Forest
Dominion Hills,Week3,Tuckahoe,Week3,360.0 Tuckahoe - 42.0 Dominion Hills
Dominion Hills,Week3,Newington Forest,Week5,262.0 Dominion Hills - 140.0 Newington Forest
Donaldson Run,Week1,Little Hunting Park,Week5,284.0 Donaldson Run - 118.0 Little Hunting Park
Donaldson Run,Week2,Forest Hollow,Week3,273.0 Donaldson Run - 129.0 Forest Hollow
Dominion Hills,Week3,Newington Forest,Week2,282.0 Dominion Hills - 120.0 Newington Forest
Dominion Hills,Week5,Tuckahoe,Week2,319.0 Tuckahoe - 83.0 Dominion Hills
Donaldson Run,Week3,Newington Forest,Week2,341.0 Donaldson Run - 61.0 Newington Forest
Donaldson Run,Week3,Forest Hollow,Week4,262.0 Donaldson Run - 140.0 Forest Hollow
Dominion Hills,Week4,Tuckahoe,Week3,355.5 Tuckahoe - 46.5 Dominion Hills
Donaldson Run,Week2,Newington Forest,Week3,345.0 Donaldson Run - 57.0 Newington Forest
Donaldson Run,Week2,Forest Hollow,Week1,269.0 Donaldson Run - 133.0 Forest Hollow
Donaldson Run,Week3,Little Hunting Park,Week1,314.0 Donaldson Run - 88.0 Little Hunting Park
Dominion Hills,Week4,Tuckahoe,Week4,335.0 Tuckahoe - 67.0 Dominion Hills
Donaldson Run,Week3,Newington Forest,Week3,339.0 Donaldson Run - 63.0 Newington Forest
Dominion Hills,Week2,Rolling Valley,Week1,344.0 Dominion Hills - 58.0 Rolling Valley
Donaldson Run,Week5,Fairfax Station,Week4,238.0 Donaldson Run - 164.0 Fairfax Station
Dominion Hills,Week2,Rolling Valley,Week3,310.0 Dominion Hills - 92.0 Rolling Valley
Donaldson Run,Week2,Little Hunting Park,Week1,321.0 Donaldson Run - 81.0 Little Hunting Park
Donaldson Run,Week4,Little Hunting Park,Week4,321.0 Donaldson Run - 81.0 Little Hunting Park
Dominion Hills,Week5,Tuckahoe,Week5,328.0 Tuckahoe - 74.0 Dominion Hills
Dominion Hills,Week1,Vienna Aquatic,Week4,304.0 Vienna Aquatic - 98.0 Dominion Hills
Dominion Hills,Week3,Lakevale Estates,Week3,301.0 Lakevale Estates - 101.0 Dominion Hills
Donaldson Run,Week2,Little Hunting Park,Week2,328.0 Donaldson Run - 74.0 Little Hunting Park
Donaldson Run,Week5,Forest Hollow,Week5,289.0 Donaldson Run - 113.0 Forest Hollow
Donaldson Run,Week4,Little Hunting Park,Week3,323.0 Donaldson Run - 79.0 Little Hunting Park
Donaldson Run,Week4,Forest Hollow,Week1,286.0 Donaldson Run - 116.0 Forest Hollow
Dominion Hills,Week3,Rutherford,Week5,245.0 Dominion Hills - 157.0 Rutherford
Donaldson Run,Week5,Forest Hollow,Week1,290.5 Donaldson Run - 111.5 Forest Hollow
Dominion Hills,Week4,Lakevale Estates,Week1,244.0 Lakevale Estates - 158.0 Dominion Hills
Dominion Hills,Week2,Lakevale Estates,Week4,299.0 Lakevale Estates - 103.0 Dominion Hills
Donaldson Run,Week1,Little Hunting Park,Week4,314.0 Donaldson Run - 88.0 Little Hunting Park
Dominion Hills,Week4,Lakevale Estates,Week3,258.0 Lakevale Estates - 144.0 Dominion Hills
Dominion Hills,Week2,Vienna Aquatic,Week1,279.0 Vienna Aquatic - 123.0 Dominion Hills
Dominion Hills,Week3,Rutherford,Week4,256.0 Dominion Hills - 146.0 Rutherford
Donaldson Run,Week2,Newington Forest,Week4,336.5 Donaldson Run - 65.5 Newington Forest
Donaldson Run,Week4,Little Hunting Park,Week1,322.0 Donaldson Run - 80.0 Little Hunting Park
Dominion Hills,Week1,Lakevale Estates,Week2,291.0 Lakevale Estates - 111.0 Dominion Hills
Donaldson Run,Week5,Newington Forest,Week1,352.0 Donaldson Run - 50.0 Newington Forest
Donaldson Run,Week1,Fox Mill Estates,Week1,316.5 Donaldson Run - 85.5 Fox Mill Estates
Dominion Hills,Week3,Rolling Valley,Week1,346.0 Dominion Hills - 56.0 Rolling Valley
Dominion Hills,Week2,Rolling Valley,Week5,307.0 Dominion Hills - 95.0 Rolling Valley
Dominion Hills,Week1,Vienna Aquatic,Week3,294.0 Vienna Aquatic - 108.0 Dominion Hills
Donaldson Run,Week2,Little Hunting Park,Week4,321.0 Donaldson Run - 81.0 Little Hunting Park
Donaldson Run,Week2,Newington Forest,Week2,334.0 Donaldson Run - 68.0 Newington Forest
Dominion Hills,Week1,Vienna Aquatic,Week1,295.0 Vienna Aquatic - 107.0 Dominion Hills
Donaldson Run,Week4,Little Hunting Park,Week2,313.0 Donaldson Run - 89.0 Little Hunting Park
Dominion Hills,Week1,Vienna Aquatic,Week2,290.0 Vienna Aquatic - 112.0 Dominion Hills
Dominion Hills,Week3,Rutherford,Week2,276.0 Dominion Hills - 126.0 Rutherford
Donaldson Run,Week4,Newington Forest,Week1,341.0 Donaldson Run - 61.0 Newington Forest
Donaldson Run,Week5,Newington Forest,Week2,349.0 Donaldson Run - 53.0 Newington Forest
Dominion Hills,Week5,Rolling Valley,Week1,362.0 Dominion Hills - 40.0 Rolling Valley
Donaldson Run,Week5,Little Hunting Park,Week1,338.0 Donaldson Run - 64.0 Little Hunting Park
Dominion Hills,Week1,Vienna Aquatic,Week5,326.0 Vienna Aquatic - 76.0 Dominion Hills
Donaldson Run,Week5,Fox Hunt,Week4,304.0 Donaldson Run - 98.0 Fox Hunt
Donaldson Run,Week4,Newington Forest,Week4,340.0 Donaldson Run - 62.0 Newington Forest
Donaldson Run,Week2,Newington Forest,Week1,341.0 Donaldson Run - 61.0 Newington Forest
Dominion Hills,Week2,Vienna Aquatic,Week2,279.0 Vienna Aquatic - 123.0 Dominion Hills
Dominion Hills,Week1,Lakevale Estates,Week3,296.0 Lakevale Estates - 101.0 Dominion Hills
Donaldson Run,Week5,Forest Hollow,Week2,297.0 Donaldson Run - 100.0 Forest Hollow
Dominion Hills,Week2,Rutherford,Week4,261.0 Dominion Hills - 141.0 Rutherford
Dominion Hills,Week5,Lake Braddock,Week5,318.5 Dominion Hills - 83.5 Lake Braddock
Donaldson Run,Week1,Fox Hunt,Week1,289.0 Donaldson Run - 113.0 Fox Hunt
Donaldson Run,Week3,Newington Forest,Week5,316.0 Donaldson Run - 86.0 Newington Forest
Donaldson Run,Week1,Fox Mill Estates,Week3,314.0 Donaldson Run - 88.0 Fox Mill Estates
Dominion Hills,Week4,Vienna Aquatic,Week1,272.0 Vienna Aquatic - 130.0 Dominion Hills
Dominion Hills,Week3,Lakevale Estates,Week4,312.0 Lakevale Estates - 90.0 Dominion Hills
Dominion Hills,Week2,Lakevale Estates,Week1,264.0 Lakevale Estates - 138.0 Dominion Hills
Donaldson Run,Week2,Fox Mill Estates,Week3,317.0 Donaldson Run - 85.0 Fox Mill Estates
Dominion Hills,Week1,Rutherford,Week4,261.0 Dominion Hills - 141.0 Rutherford
Dominion Hills,Week3,Rolling Valley,Week4,292.0 Dominion Hills - 110.0 Rolling Valley
Donaldson Run,Week5,Newington Forest,Week3,359.0 Donaldson Run - 43.0 Newington Forest
Donaldson Run,Week4,Newington Forest,Week2,337.0 Donaldson Run - 64.0 Newington Forest
Dominion Hills,Week2,Lakevale Estates,Week5,285.0 Lakevale Estates - 117.0 Dominion Hills
Donaldson Run,Week2,Little Rocky Run,Week1,237.0 Donaldson Run - 165.0 Little Rocky Run
Dominion Hills,Week1,Vienna Woods,Week1,320.0 Vienna Woods - 82.0 Dominion Hills
Dominion Hills,Week5,Vienna Aquatic,Week5,283.0 Vienna Aquatic - 119.0 Dominion Hills
Donaldson Run,Week5,Little Hunting Park,Week4,336.0 Donaldson Run - 66.0 Little Hunting Park
Donaldson Run,Week1,Little Rocky Run,Week2,226.0 Donaldson Run - 176.0 Little Rocky Run
Donaldson Run,Week4,Fox Hunt,Week1,292.0 Donaldson Run - 110.0 Fox Hunt
Donaldson Run,Week4,Newington Forest,Week3,349.0 Donaldson Run - 53.0 Newington Forest
Dominion Hills,Week4,Lakevale Estates,Week4,286.0 Lakevale Estates - 116.0 Dominion Hills
Donaldson Run,Week5,Little Hunting Park,Week2,335.0 Donaldson Run - 67.0 Little Hunting Park
Dominion Hills,Week1,Rutherford,Week1,294.0 Dominion Hills - 108.0 Rutherford
Dominion Hills,Week3,Lakevale Estates,Week1,274.5 Lakevale Estates - 127.5 Dominion Hills
Dominion Hills,Week3,Rolling Valley,Week3,301.0 Dominion Hills - 101.0 Rolling Valley
Donaldson Run,Week4,Newington Forest,Week5,319.0 Donaldson Run - 83.0 Newington Forest
Donaldson Run,Week2,Fox Hunt,Week4,283.0 Donaldson Run - 119.0 Fox Hunt
Donaldson Run,Week2,Fox Mill Estates,Week1,312.0 Donaldson Run - 90.0 Fox Mill Estates
Donaldson Run,Week2,Little Rocky Run,Week2,229.0 Donaldson Run - 173.0 Little Rocky Run
Dominion Hills,Week2,Vienna Aquatic,Week4,292.0 Vienna Aquatic - 110.0 Dominion Hills
Donaldson Run,Week1,North Springfield,Week1,323.0 Donaldson Run - 28.0 North Springfield
Dominion Hills,Week5,Lakevale Estates,Week1,229.0 Lakevale Estates - 173.0 Dominion Hills
Donaldson Run,Week1,Fox Mill Estates,Week5,295.0 Donaldson Run - 107.0 Fox Mill Estates
Dominion Hills,Week3,Rutherford,Week1,283.0 Dominion Hills - 119.0 Rutherford
Dominion Hills,Week3,Lakevale Estates,Week2,291.0 Lakevale Estates - 111.0 Dominion Hills
Donaldson Run,Week5,Fox Hunt,Week1,314.0 Donaldson Run - 88.0 Fox Hunt
Donaldson Run,Week3,Highlands Swim,Week3,239.0 Highlands Swim - 163.0 Donaldson Run
Donaldson Run,Week5,Newington Forest,Week4,353.0 Donaldson Run - 49.0 Newington Forest
Donaldson Run,Week1,Fox Hunt,Week4,283.0 Donaldson Run - 119.0 Fox Hunt
Dominion Hills,Week4,Rutherford,Week1,305.0 Dominion Hills - 96.0 Rutherford
Dominion Hills,Week3,Lakevale Estates,Week5,313.0 Lakevale Estates - 89.0 Dominion Hills
Dominion Hills,Week4,Lakevale Estates,Week5,280.0 Lakevale Estates - 122.0 Dominion Hills
Donaldson Run,Week1,Highlands Swim,Week3,248.0 Highlands Swim - 154.0 Donaldson Run
Donaldson Run,Week5,Highlands Swim,Week4,214.0 Donaldson Run - 188.0 Highlands Swim
Donaldson Run,Week5,Newington Forest,Week5,334.0 Donaldson Run - 63.0 Newington Forest
Dominion Hills,Week2,Vienna Woods,Week2,309.0 Vienna Woods - 93.0 Dominion Hills
Donaldson Run,Week2,Highlands Swim,Week1,216.0 Highlands Swim - 186.0 Donaldson Run
Donaldson Run,Week2,Fox Hunt,Week3,286.0 Donaldson Run - 116.0 Fox Hunt
Dominion Hills,Week2,Vienna Woods,Week4,293.0 Vienna Woods - 109.0 Dominion Hills
Donaldson Run,Week3,Newington Forest,Week4,334.0 Donaldson Run - 68.0 Newington Forest
Donaldson Run,Week5,North Springfield,Week3,350.0 Donaldson Run - 47.0 North Springfield
Dominion Hills,Week1,Vienna Woods,Week3,327.0 Vienna Woods - 75.0 Dominion Hills
Donaldson Run,Week5,Fox Hunt,Week3,295.0 Donaldson Run - 107.0 Fox Hunt
Dominion Hills,Week3,Vienna Aquatic,Week3,302.0 Vienna Aquatic - 100.0 Dominion Hills
Dominion Hills,Week1,Rutherford,Week5,256.5 Dominion Hills - 145.5 Rutherford
Dominion Hills,Week1,Vienna Woods,Week2,317.0 Vienna Woods - 85.0 Dominion Hills
Dominion Hills,Week5,Lake Braddock,Week2,333.0 Dominion Hills - 69.0 Lake Braddock
Donaldson Run,Week4,North Springfield,Week1,322.0 Donaldson Run - 29.0 North Springfield
Donaldson Run,Week2,Fox Hunt,Week1,294.0 Donaldson Run - 108.0 Fox Hunt
Donaldson Run,Week3,North Springfield,Week3,345.0 Donaldson Run - 52.0 North Springfield
Donaldson Run,Week2,Fox Hunt,Week5,274.5 Donaldson Run - 127.5 Fox Hunt
Donaldson Run,Week1,Highlands Swim,Week4,236.0 Highlands Swim - 166.0 Donaldson Run
Dominion Hills,Week1,Vienna Woods,Week4,295.0 Vienna Woods - 107.0 Dominion Hills
Dominion Hills,Week4,Vienna Aquatic,Week5,297.0 Vienna Aquatic - 105.0 Dominion Hills
Donaldson Run,Week2,North Springfield,Week4,350.0 Donaldson Run - 41.0 North Springfield
Dominion Hills,Week4,Rolling Valley,Week5,313.0 Dominion Hills - 89.0 Rolling Valley
Donaldson Run,Week3,Highlands Swim,Week1,235.0 Highlands Swim - 167.0 Donaldson Run
Dominion Hills,Week5,Rolling Valley,Week5,311.0 Dominion Hills - 91.0 Rolling Valley
Donaldson Run,Week5,Fox Hunt,Week2,322.0 Donaldson Run - 80.0 Fox Hunt
Dominion Hills,Week3,Rolling Valley,Week5,297.0 Dominion Hills - 105.0 Rolling Valley
Dominion Hills,Week2,Lakevale Estates,Week3,284.0 Lakevale Estates - 118.0 Dominion Hills
Donaldson Run,Week4,Highlands Swim,Week4,221.0 Highlands Swim - 181.0 Donaldson Run
Dominion Hills,Week3,Lakeview,Week1,304.0 Dominion Hills - 98.0 Lakeview
Donaldson Run,Week2,North Springfield,Week2,341.0 Donaldson Run - 47.0 North Springfield
Dominion Hills,Week4,Vienna Aquatic,Week3,271.0 Vienna Aquatic - 131.0 Dominion Hills
Dominion Hills,Week3,Vienna Aquatic,Week2,287.0 Vienna Aquatic - 115.0 Dominion Hills
Dominion Hills,Week4,Rolling Valley,Week3,313.0 Dominion Hills - 89.0 Rolling Valley
Dominion Hills,Week5,Vienna Aquatic,Week4,260.0 Vienna Aquatic - 142.0 Dominion Hills
Dominion Hills,Week5,Rolling Valley,Week2,321.0 Dominion Hills - 81.0 Rolling Valley
Dominion Hills,Week2,Vienna Woods,Week1,313.0 Vienna Woods - 89.0 Dominion Hills
Dominion Hills,Week4,Vienna Aquatic,Week4,270.0 Vienna Aquatic - 127.0 Dominion Hills
Donaldson Run,Week2,Fox Hunt,Week2,301.0 Donaldson Run - 101.0 Fox Hunt
Donaldson Run,Week3,Fox Hunt,Week5,281.0 Donaldson Run - 121.0 Fox Hunt
Donaldson Run,Week3,Highlands Swim,Week5,249.0 Highlands Swim - 153.0 Donaldson Run
Dominion Hills,Week4,Lakeview,Week3,292.0 Dominion Hills - 110.0 Lakeview
Donaldson Run,Week3,Fox Hunt,Week1,298.0 Donaldson Run - 104.0 Fox Hunt
Donaldson Run,Week2,Highlands Swim,Week2,239.0 Highlands Swim - 163.0 Donaldson Run
Dominion Hills,Week5,Lakevale Estates,Week2,237.0 Lakevale Estates - 165.0 Dominion Hills
Dominion Hills,Week3,Lakeview,Week3,285.0 Dominion Hills - 117.0 Lakeview
Donaldson Run,Week2,North Springfield,Week3,335.0 Donaldson Run - 61.0 North Springfield
Donaldson Run,Week1,North Springfield,Week3,336.0 Donaldson Run - 61.0 North Springfield
Donaldson Run,Week1,North Springfield,Week4,357.0 Donaldson Run - 35.0 North Springfield
Dominion Hills,Week1,Langley,Week2,279.0 Langley - 123.0 Dominion Hills
Donaldson Run,Week2,Highlands Swim,Week5,250.0 Highlands Swim - 152.0 Donaldson Run
Donaldson Run,Week3,Fox Hunt,Week3,285.0 Donaldson Run - 117.0 Fox Hunt
Donaldson Run,Week1,Highlands Swim,Week5,259.5 Highlands Swim - 142.5 Donaldson Run
Donaldson Run,Week4,Highlands Swim,Week5,245.5 Highlands Swim - 156.5 Donaldson Run
Dominion Hills,Week5,Lakeview,Week5,298.5 Dominion Hills - 94.5 Lakeview
Dominion Hills,Week5,Rolling Valley,Week4,315.0 Dominion Hills - 87.0 Rolling Valley
Dominion Hills,Week4,Rolling Valley,Week2,317.0 Dominion Hills - 85.0 Rolling Valley
Dominion Hills,Week2,Rutherford,Week3,278.0 Dominion Hills - 124.0 Rutherford
Dominion Hills,Week4,Rutherford,Week2,298.0 Dominion Hills - 104.0 Rutherford
Dominion Hills,Week1,Rutherford,Week3,269.0 Dominion Hills - 133.0 Rutherford
Donaldson Run,Week4,North Springfield,Week2,349.0 Donaldson Run - 39.0 North Springfield
Dominion Hills,Week5,Vienna Aquatic,Week3,261.0 Vienna Aquatic - 141.0 Dominion Hills
Donaldson Run,Week3,Fox Hunt,Week4,296.5 Donaldson Run - 105.5 Fox Hunt
Dominion Hills,Week3,Lakeview,Week5,271.0 Dominion Hills - 122.0 Lakeview
Donaldson Run,Week3,Highlands Swim,Week2,240.0 Highlands Swim - 162.0 Donaldson Run
Donaldson Run,Week3,Highlands Swim,Week4,241.0 Highlands Swim - 161.0 Donaldson Run
Donaldson Run,Week4,North Springfield,Week3,345.0 Donaldson Run - 51.0 North Springfield
Dominion Hills,Week1,Vienna Woods,Week5,343.0 Vienna Woods - 59.0 Dominion Hills
Dominion Hills,Week2,Vienna Woods,Week3,320.5 Vienna Woods - 81.5 Dominion Hills
Dominion Hills,Week2,Lakeview,Week3,282.0 Dominion Hills - 120.0 Lakeview
Donaldson Run,Week4,North Springfield,Week4,355.0 Donaldson Run - 36.0 North Springfield
Dominion Hills,Week4,Rolling Valley,Week4,308.0 Dominion Hills - 94.0 Rolling Valley
Dominion Hills,Week3,Vienna Aquatic,Week5,314.0 Vienna Aquatic - 88.0 Dominion Hills
Dominion Hills,Week2,Rutherford,Week1,308.0 Dominion Hills - 94.0 Rutherford
Dominion Hills,Week3,Vienna Aquatic,Week1,293.0 Vienna Aquatic - 109.0 Dominion Hills
Donaldson Run,Week3,Fox Hunt,Week2,313.0 Donaldson Run - 89.0 Fox Hunt
Dominion Hills,Week4,Rolling Valley,Week1,354.0 Dominion Hills - 48.0 Rolling Valley
Donaldson Run,Week1,North Springfield,Week2,341.0 Donaldson Run - 47.0 North Springfield
Donaldson Run,Week3,North Springfield,Week1,321.0 Donaldson Run - 30.0 North Springfield
Dominion Hills,Week5,Lakevale Estates,Week5,276.0 Lakevale Estates - 126.0 Dominion Hills
Dominion Hills,Week5,Rolling Valley,Week3,328.0 Dominion Hills - 74.0 Rolling Valley
Dominion Hills,Week4,Greenbriar,Week2,215.0 Greenbriar - 187.0 Dominion Hills
Donaldson Run,Week1,Highlands Swim,Week1,231.0 Highlands Swim - 171.0 Donaldson Run
Donaldson Run,Week1,Fox Hunt,Week5,270.0 Donaldson Run - 132.0 Fox Hunt
Donaldson Run,Week4,Highlands Swim,Week1,222.0 Highlands Swim - 180.0 Donaldson Run
Dominion Hills,Week3,Lakeview,Week2,304.5 Dominion Hills - 97.5 Lakeview
Donaldson Run,Week4,Fox Hunt,Week2,303.0 Donaldson Run - 99.0 Fox Hunt
Dominion Hills,Week3,Greenbriar,Week2,242.0 Greenbriar - 160.0 Dominion Hills
Dominion Hills,Week4,Vienna Aquatic,Week2,275.0 Vienna Aquatic - 127.0 Dominion Hills
Dominion Hills,Week2,Rutherford,Week5,269.0 Dominion Hills - 133.0 Rutherford
Donaldson Run,Week5,Highlands Swim,Week3,216.0 Highlands Swim - 186.0 Donaldson Run
Dominion Hills,Week5,Vienna Aquatic,Week2,254.0 Vienna Aquatic - 148.0 Dominion Hills
Donaldson Run,Week4,Fox Hunt,Week5,275.0 Donaldson Run - 127.0 Fox Hunt
Donaldson Run,Week3,Oakton ,Week5,212.0 Oakton - 190.0 Donaldson Run
Dominion Hills,Week1,Lakeview,Week4,256.0 Dominion Hills - 146.0 Lakeview
Dominion Hills,Week3,Greenbriar,Week4,204.0 Dominion Hills - 198.0 Greenbriar
Dominion Hills,Week3,Hamlet,Week5,329.0 Hamlet - 73.0 Dominion Hills
Dominion Hills,Week5,Vienna Aquatic,Week1,256.0 Vienna Aquatic - 146.0 Dominion Hills
Donaldson Run,Week5,Highland Park,Week4,303.0 Donaldson Run - 99.0 Highland Park
Donaldson Run,Week3,North Springfield,Week5,321.0 Donaldson Run - 53.0 North Springfield
Dominion Hills,Week1,Rutherford,Week2,276.0 Dominion Hills - 126.0 Rutherford
Dominion Hills,Week4,Lakeview,Week2,316.0 Dominion Hills - 86.0 Lakeview
Dominion Hills,Week2,Lakeview,Week2,316.0 Dominion Hills - 86.0 Lakeview
Donaldson Run,Week1,Fox Hunt,Week3,275.0 Donaldson Run - 127.0 Fox Hunt
Dominion Hills,Week1,Lakeview,Week5,266.0 Dominion Hills - 127.0 Lakeview
Donaldson Run,Week4,Fox Hunt,Week3,276.0 Donaldson Run - 126.0 Fox Hunt
Dominion Hills,Week3,Hamlet,Week1,306.0 Hamlet - 96.0 Dominion Hills
Donaldson Run,Week2,Hollin Hills,Week5,352.0 Donaldson Run - 50.0 Hollin Hills
Donaldson Run,Week5,Highlands Swim,Week1,213.0 Highlands Swim - 189.0 Donaldson Run
Dominion Hills,Week2,Rutherford,Week2,294.0 Dominion Hills - 108.0 Rutherford
Donaldson Run,Week4,Fox Hunt,Week4,293.0 Donaldson Run - 109.0 Fox Hunt
Dominion Hills,Week3,Vienna Aquatic,Week4,294.0 Vienna Aquatic - 108.0 Dominion Hills
Donaldson Run,Week4,North Springfield,Week5,319.0 Donaldson Run - 54.0 North Springfield
Dominion Hills,Week3,Rutherford,Week3,266.0 Dominion Hills - 136.0 Rutherford
Donaldson Run,Week2,North Springfield,Week5,315.0 Donaldson Run - 59.0 North Springfield
Dominion Hills,Week5,Lakeview,Week4,294.0 Dominion Hills - 108.0 Lakeview
Donaldson Run,Week4,Highlands Swim,Week3,237.0 Highlands Swim - 165.0 Donaldson Run
Dominion Hills,Week5,Shouse Village,Week3,239.0 Dominion Hills - 163.0 Shouse Village
Donaldson Run,Week2,Fox Mill Estates,Week5,297.0 Donaldson Run - 105.0 Fox Mill Estates
Dominion Hills,Week1,Hamlet,Week2,325.5 Hamlet - 76.5 Dominion Hills
Donaldson Run,Week5,North Springfield,Week1,324.0 Donaldson Run - 26.0 North Springfield
Dominion Hills,Week1,Shouse Village,Week5,235.0 Shouse Village - 167.0 Dominion Hills
Dominion Hills,Week1,Villa Aquatic,Week1,217.0 Dominion Hills - 185.0 Villa Aquatic
Dominion Hills,Week5,Rutherford,Week2,313.0 Dominion Hills - 89.0 Rutherford
Donaldson Run,Week1,Hollin Hills,Week3,363.0 Donaldson Run - 39.0 Hollin Hills
Dominion Hills,Week5,Vienna Woods,Week2,273.0 Vienna Woods - 129.0 Dominion Hills
Donaldson Run,Week2,Oakton ,Week1,219.0 Donaldson Run - 183.0 Oakton
Dominion Hills,Week5,Greenbriar,Week4,238.0 Dominion Hills - 164.0 Greenbriar
Dominion Hills,Week5,Greenbriar,Week5,217.0 Dominion Hills - 185.0 Greenbriar
Dominion Hills,Week4,Vienna Woods,Week5,331.0 Vienna Woods - 71.0 Dominion Hills
Donaldson Run,Week5,Fox Mill Estates,Week1,334.0 Donaldson Run - 68.0 Fox Mill Estates
Donaldson Run,Week3,North Springfield,Week2,346.0 Donaldson Run - 42.0 North Springfield
Donaldson Run,Week2,Highlands Swim,Week4,219.0 Highlands Swim - 183.0 Donaldson Run
Dominion Hills,Week1,Villa Aquatic,Week4,231.0 Villa Aquatic - 171.0 Dominion Hills
Dominion Hills,Week2,Lakeview,Week5,279.0 Dominion Hills - 114.0 Lakeview
Donaldson Run,Week5,Highland Park,Week5,295.0 Donaldson Run - 107.0 Highland Park
Donaldson Run,Week5,Highland Park,Week3,309.0 Donaldson Run - 93.0 Highland Park
Dominion Hills,Week5,Vienna Woods,Week1,287.0 Vienna Woods - 115.0 Dominion Hills
Donaldson Run,Week4,Oakton ,Week3,217.0 Donaldson Run - 185.0 Oakton
Dominion Hills,Week4,Rutherford,Week3,284.0 Dominion Hills - 118.0 Rutherford
Donaldson Run,Week2,North Springfield,Week1,317.0 Donaldson Run - 34.0 North Springfield
Dominion Hills,Week5,Lakeview,Week3,303.0 Dominion Hills - 99.0 Lakeview
Dominion Hills,Week4,Greenbriar,Week1,204.0 Dominion Hills - 198.0 Greenbriar
Donaldson Run,Week1,Fox Mill Estates,Week2,301.0 Donaldson Run - 101.0 Fox Mill Estates
Dominion Hills,Week1,Hamlet,Week5,332.0 Hamlet - 70.0 Dominion Hills
Donaldson Run,Week5,Fox Hunt,Week5,294.0 Donaldson Run - 108.0 Fox Hunt
Dominion Hills,Week2,Shouse Village,Week4,224.0 Shouse Village - 178.0 Dominion Hills
Donaldson Run,Week2,Fox Mill Estates,Week2,312.0 Donaldson Run - 90.0 Fox Mill Estates
Dominion Hills,Week4,Lakeview,Week5,297.0 Dominion Hills - 96.0 Lakeview
Dominion Hills,Week5,Lakeview,Week1,326.0 Dominion Hills - 76.0 Lakeview
Donaldson Run,Week1,Highlands Swim,Week2,246.0 Highlands Swim - 156.0 Donaldson Run
Donaldson Run,Week1,Fox Mill Estates,Week4,288.0 Donaldson Run - 114.0 Fox Mill Estates
Donaldson Run,Week3,North Springfield,Week4,358.0 Donaldson Run - 34.0 North Springfield
Dominion Hills,Week4,Shouse Village,Week1,238.0 Dominion Hills - 164.0 Shouse Village
Dominion Hills,Week2,Hamlet,Week2,314.0 Hamlet - 88.0 Dominion Hills
Dominion Hills,Week3,Villa Aquatic,Week4,211.0 Villa Aquatic - 191.0 Dominion Hills
Dominion Hills,Week1,Lakeview,Week2,305.0 Dominion Hills - 97.0 Lakeview
Donaldson Run,Week3,Fox Mill Woods,Week2,256.0 Donaldson Run - 146.0 Fox Mill Woods
Dominion Hills,Week1,Hamlet,Week1,299.0 Hamlet - 103.0 Dominion Hills
Donaldson Run,Week2,Fox Mill Estates,Week4,288.0 Donaldson Run - 114.0 Fox Mill Estates
Dominion Hills,Week4,Shouse Village,Week2,247.0 Dominion Hills - 155.0 Shouse Village
Dominion Hills,Week5,Greenbriar,Week2,208.0 Greenbriar - 194.0 Dominion Hills
Donaldson Run,Week5,North Springfield,Week2,348.0 Donaldson Run - 40.0 North Springfield
Dominion Hills,Week1,Lakeview,Week1,295.0 Dominion Hills - 107.0 Lakeview
Dominion Hills,Week4,Vienna Woods,Week1,296.0 Vienna Woods - 106.0 Dominion Hills
Donaldson Run,Week2,Highlands Swim,Week3,238.0 Highlands Swim - 164.0 Donaldson Run
Donaldson Run,Week1,North Springfield,Week5,313.0 Donaldson Run - 61.0 North Springfield
Dominion Hills,Week5,Greenbriar,Week3,209.0 Dominion Hills - 193.0 Greenbriar
Donaldson Run,Week2,Fox Mill Woods,Week2,247.0 Donaldson Run - 155.0 Fox Mill Woods
Dominion Hills,Week5,Vienna Woods,Week4,256.0 Vienna Woods - 146.0 Dominion Hills
Dominion Hills,Week3,Shouse Village,Week2,213.0 Dominion Hills - 189.0 Shouse Village
Donaldson Run,Week1,Oakton ,Week2,216.0 Oakton - 186.0 Donaldson Run
Dominion Hills,Week1,Lakeview,Week3,271.0 Dominion Hills - 131.0 Lakeview
Dominion Hills,Week2,Hamlet,Week3,313.0 Hamlet - 89.0 Dominion Hills
Dominion Hills,Week5,Lakevale Estates,Week4,273.0 Lakevale Estates - 129.0 Dominion Hills
Donaldson Run,Week5,Fox Mill Estates,Week3,321.0 Donaldson Run - 81.0 Fox Mill Estates
Donaldson Run,Week5,Fox Mill Estates,Week4,314.5 Donaldson Run - 87.5 Fox Mill Estates
Donaldson Run,Week4,Highlands Swim,Week2,245.0 Highlands Swim - 157.0 Donaldson Run
Donaldson Run,Week5,Highlands Swim,Week5,215.0 Highlands Swim - 187.0 Donaldson Run
Dominion Hills,Week4,Vienna Woods,Week2,292.0 Vienna Woods - 110.0 Dominion Hills
Dominion Hills,Week3,Shouse Village,Week1,205.0 Shouse Village - 197.0 Dominion Hills
Dominion Hills,Week3,Vienna Woods,Week2,317.5 Vienna Woods - 84.5 Dominion Hills
Dominion Hills,Week4,Shouse Village,Week4,202.0 Shouse Village - 199.0 Dominion Hills
Dominion Hills,Week2,Lakeview,Week1,309.0 Dominion Hills - 93.0 Lakeview
Donaldson Run,Week5,Highlands Swim,Week2,224.0 Highlands Swim - 178.0 Donaldson Run
Donaldson Run,Week1,Oakton ,Week1,210.0 Donaldson Run - 192.0 Oakton
Dominion Hills,Week4,Lakeview,Week1,310.0 Dominion Hills - 92.0 Lakeview
Dominion Hills,Week2,Lakeview,Week4,267.0 Dominion Hills - 135.0 Lakeview
Dominion Hills,Week5,Lakeview,Week2,327.0 Dominion Hills - 75.0 Lakeview
Dominion Hills,Week1,Shouse Village,Week4,249.0 Shouse Village - 153.0 Dominion Hills
Donaldson Run,Week3,Oakton ,Week2,203.0 Oakton - 199.0 Donaldson Run
Donaldson Run,Week2,Oakton ,Week4,202.0 Donaldson Run - 200.0 Oakton
Dominion Hills,Week3,Vienna Woods,Week5,353.0 Vienna Woods - 49.0 Dominion Hills
Dominion Hills,Week4,Greenbriar,Week5,202.0 Greenbriar - 200.0 Dominion Hills
Donaldson Run,Week3,Fox Mill Estates,Week5,305.0 Donaldson Run - 97.0 Fox Mill Estates
Dominion Hills,Week1,Hamlet,Week4,310.0 Hamlet - 92.0 Dominion Hills
Donaldson Run,Week3,Oakton ,Week1,216.0 Donaldson Run - 186.0 Oakton
Donaldson Run,Week2,Hollin Hills,Week1,353.0 Donaldson Run - 49.0 Hollin Hills
Donaldson Run,Week3,Fox Mill Estates,Week1,323.0 Donaldson Run - 79.0 Fox Mill Estates
Donaldson Run,Week1,Hollin Hills,Week4,358.0 Donaldson Run - 44.0 Hollin Hills
Dominion Hills,Week4,Greenbriar,Week4,223.0 Dominion Hills - 179.0 Greenbriar
Dominion Hills,Week4,Lakeview,Week4,289.5 Dominion Hills - 112.5 Lakeview
Donaldson Run,Week1,Hollin Hills,Week5,356.0 Donaldson Run - 46.0 Hollin Hills
Dominion Hills,Week3,Vienna Woods,Week3,326.0 Vienna Woods - 76.0 Dominion Hills
Dominion Hills,Week3,Greenbriar,Week5,227.0 Greenbriar - 175.0 Dominion Hills
Dominion Hills,Week3,Lakeview,Week4,266.0 Dominion Hills - 136.0 Lakeview
Donaldson Run,Week1,Hollin Hills,Week2,350.0 Donaldson Run - 52.0 Hollin Hills
Dominion Hills,Week2,Shouse Village,Week5,217.0 Shouse Village - 185.0 Dominion Hills
Donaldson Run,Week4,Oakton ,Week1,220.0 Donaldson Run - 182.0 Oakton
Dominion Hills,Week4,Rutherford,Week5,279.0 Dominion Hills - 123.0 Rutherford
Donaldson Run,Week4,Fox Mill Estates,Week4,292.0 Donaldson Run - 110.0 Fox Mill Estates
Dominion Hills,Week3,Vienna Woods,Week1,323.0 Vienna Woods - 79.0 Dominion Hills
Dominion Hills,Week4,Rutherford,Week4,284.0 Dominion Hills - 118.0 Rutherford
Dominion Hills,Week1,Villa Aquatic,Week5,230.0 Villa Aquatic - 172.0 Dominion Hills
Donaldson Run,Week5,North Springfield,Week4,358.0 Donaldson Run - 34.0 North Springfield
Donaldson Run,Week4,Fox Mill Estates,Week1,322.0 Donaldson Run - 80.0 Fox Mill Estates
Dominion Hills,Week3,Villa Aquatic,Week2,226.0 Dominion Hills - 176.0 Villa Aquatic
Donaldson Run,Week3,Fox Mill Estates,Week4,291.0 Donaldson Run - 111.0 Fox Mill Estates
Dominion Hills,Week2,Villa Aquatic,Week5,214.0 Villa Aquatic - 188.0 Dominion Hills
Dominion Hills,Week4,Vienna Woods,Week4,278.5 Vienna Woods - 123.5 Dominion Hills
Donaldson Run,Week4,Fox Mill Estates,Week3,311.0 Donaldson Run - 91.0 Fox Mill Estates
Dominion Hills,Week1,Langley,Week1,296.0 Langley - 106.0 Dominion Hills
Dominion Hills,Week2,Villa Aquatic,Week3,217.0 Villa Aquatic - 185.0 Dominion Hills
Daventry,Week3,Sully Station,Week4,325.0 Sully Station - 77.0 Daventry
Donaldson Run,Week2,Hollin Hills,Week2,356.0 Donaldson Run - 46.0 Hollin Hills
Daventry,Week4,Sully Station,Week2,321.0 Sully Station - 81.0 Daventry
Dominion Hills,Week1,Langley,Week3,278.0 Langley - 124.0 Dominion Hills
Dominion Hills,Week1,Hamlet,Week3,322.0 Hamlet - 80.0 Dominion Hills
Dominion Hills,Week2,Hamlet,Week1,289.0 Hamlet - 113.0 Dominion Hills
Donaldson Run,Week2,Oakton ,Week5,212.0 Oakton - 190.0 Donaldson Run
Daventry,Week2,Sully Station II,Week5,350.5 Sully Station II - 51.5 Daventry
Donaldson Run,Week4,Fox Mill Estates,Week5,305.0 Donaldson Run - 97.0 Fox Mill Estates
Dominion Hills,Week2,Shouse Village,Week3,206.0 Dominion Hills - 196.0 Shouse Village
Dominion Hills,Week3,Villa Aquatic,Week1,221.0 Dominion Hills - 181.0 Villa Aquatic
Donaldson Run,Week3,Oakton ,Week4,204.0 Donaldson Run - 198.0 Oakton
Donaldson Run,Week1,Fox Mill Woods,Week2,250.0 Donaldson Run - 152.0 Fox Mill Woods
Dominion Hills,Week1,Shouse Village,Week2,216.0 Dominion Hills - 186.0 Shouse Village
Donaldson Run,Week1,Oakton ,Week4,207.0 Donaldson Run - 195.0 Oakton
Dominion Hills,Week1,Villa Aquatic,Week2,210.0 Dominion Hills - 192.0 Villa Aquatic
Dominion Hills,Week2,Hamlet,Week5,324.0 Hamlet - 78.0 Dominion Hills
Dominion Hills,Week2,Langley,Week2,262.0 Langley - 140.0 Dominion Hills
Dominion Hills,Week3,Greenbriar,Week3,243.0 Greenbriar - 159.0 Dominion Hills
Dominion Hills,Week1,Shouse Village,Week3,222.0 Shouse Village - 180.0 Dominion Hills
Donaldson Run,Week2,Hollin Hills,Week3,360.0 Donaldson Run - 42.0 Hollin Hills
Dominion Hills,Week5,Rutherford,Week1,323.5 Dominion Hills - 73.5 Rutherford
Donaldson Run,Week1,Hollin Meadows,Week2,262.0 Donaldson Run - 140.0 Hollin Meadows
Dominion Hills,Week5,Shouse Village,Week2,253.0 Dominion Hills - 149.0 Shouse Village
Dominion Hills,Week1,Langley,Week5,271.0 Langley - 131.0 Dominion Hills
Daventry,Week5,Sully Station,Week2,287.0 Sully Station - 110.0 Daventry
Dominion Hills,Week1,Langley,Week4,295.0 Langley - 107.0 Dominion Hills
Donaldson Run,Week1,Hollin Hills,Week1,355.0 Donaldson Run - 47.0 Hollin Hills
Dominion Hills,Week2,Hamlet,Week4,293.0 Hamlet - 109.0 Dominion Hills
Dominion Hills,Week2,Shouse Village,Week2,231.0 Dominion Hills - 171.0 Shouse Village
Dominion Hills,Week4,Greenbriar,Week3,219.0 Greenbriar - 183.0 Dominion Hills
Donaldson Run,Week2,Oakton ,Week2,212.0 Donaldson Run - 190.0 Oakton
Donaldson Run,Week4,Hollin Hills,Week3,363.5 Donaldson Run - 38.5 Hollin Hills
Donaldson Run,Week1,Hollin Meadows,Week5,255.0 Donaldson Run - 147.0 Hollin Meadows
Donaldson Run,Week5,Fox Mill Estates,Week5,319.0 Donaldson Run - 83.0 Fox Mill Estates
Donaldson Run,Week3,Old Keene Mill,Week4,320.0 Donaldson Run - 82.0 Old Keene Mill
Donaldson Run,Week2,Oakton ,Week3,205.5 Donaldson Run - 196.5 Oakton
Donaldson Run,Week2,Fox Mill Woods,Week4,221.0 Donaldson Run - 181.0 Fox Mill Woods
Dominion Hills,Week5,Vienna Woods,Week3,288.0 Vienna Woods - 114.0 Dominion Hills
Donaldson Run,Week3,Hollin Hills,Week3,369.0 Donaldson Run - 33.0 Hollin Hills
Donaldson Run,Week1,Fox Mill Woods,Week4,227.0 Donaldson Run - 175.0 Fox Mill Woods
Daventry,Week3,Sully Station II,Week1,313.0 Sully Station II - 88.0 Daventry
Dominion Hills,Week2,Langley,Week5,257.0 Langley - 145.0 Dominion Hills
Donaldson Run,Week1,Oakton ,Week3,205.0 Donaldson Run - 197.0 Oakton
Dominion Hills,Week2,Langley,Week4,278.0 Langley - 124.0 Dominion Hills
Donaldson Run,Week2,Hollin Hills,Week4,367.0 Donaldson Run - 35.0 Hollin Hills
Dominion Hills,Week5,Greenbriar,Week1,217.0 Dominion Hills - 185.0 Greenbriar
Donaldson Run,Week2,Fox Mill Woods,Week1,237.0 Donaldson Run - 165.0 Fox Mill Woods
Donaldson Run,Week5,Hollin Hills,Week4,371.0 Donaldson Run - 30.0 Hollin Hills
Dominion Hills,Week3,Hamlet,Week3,324.0 Hamlet - 78.0 Dominion Hills
Daventry,Week4,Sully Station II,Week5,356.0 Sully Station II - 46.0 Daventry
Daventry,Week4,Sully Station II,Week2,353.0 Sully Station II - 49.0 Daventry
Dominion Hills,Week3,Shouse Village,Week4,229.0 Shouse Village - 173.0 Dominion Hills
Donaldson Run,Week5,North Springfield,Week5,323.0 Donaldson Run - 51.0 North Springfield
Dominion Hills,Week3,Hamlet,Week2,322.0 Hamlet - 80.0 Dominion Hills
Donaldson Run,Week2,Fox Mill Woods,Week3,262.0 Donaldson Run - 140.0 Fox Mill Woods
Dominion Hills,Week5,Rutherford,Week3,288.0 Dominion Hills - 114.0 Rutherford
Dominion Hills,Week1,Villa Aquatic,Week3,231.0 Villa Aquatic - 171.0 Dominion Hills
Daventry,Week4,Sully Station II,Week3,357.0 Sully Station II - 45.0 Daventry
Dominion Hills,Week2,Langley,Week1,282.0 Langley - 120.0 Dominion Hills
Dominion Hills,Week3,Hamlet,Week4,311.0 Hamlet - 91.0 Dominion Hills
Dominion Hills,Week5,Vienna Woods,Week5,307.0 Vienna Woods - 95.0 Dominion Hills
Dominion Hills,Week2,Langley,Week3,276.0 Langley - 126.0 Dominion Hills
Dominion Hills,Week3,Shouse Village,Week3,208.0 Shouse Village - 194.0 Dominion Hills
Dominion Hills,Week3,Vienna Woods,Week4,306.5 Vienna Woods - 95.5 Dominion Hills
Daventry,Week1,Sully Station II,Week4,324.0 Sully Station II - 78.0 Daventry
Dominion Hills,Week2,Villa Aquatic,Week1,231.5 Dominion Hills - 170.5 Villa Aquatic
Donaldson Run,Week5,Fox Mill Estates,Week2,335.0 Donaldson Run - 67.0 Fox Mill Estates
Dominion Hills,Week1,Hayfield Farm,Week1,221.0 Hayfield Farm - 181.0 Dominion Hills
Dominion Hills,Week5,Rutherford,Week5,288.5 Dominion Hills - 108.5 Rutherford
Donaldson Run,Week2,Hollin Meadows,Week4,262.0 Donaldson Run - 140.0 Hollin Meadows
Donaldson Run,Week1,Oakton ,Week5,221.0 Oakton - 181.0 Donaldson Run
Donaldson Run,Week2,Fox Mill Woods,Week5,233.0 Donaldson Run - 169.0 Fox Mill Woods
Dominion Hills,Week2,Vienna Woods,Week5,336.0 Vienna Woods - 66.0 Dominion Hills
Donaldson Run,Week3,Oakton ,Week3,214.0 Donaldson Run - 188.0 Oakton
Daventry,Week1,Sully Station II,Week2,336.0 Sully Station II - 66.0 Daventry
Dominion Hills,Week4,Vienna Woods,Week3,298.0 Vienna Woods - 104.0 Dominion Hills
Dominion Hills,Week4,Hamlet,Week2,300.0 Hamlet - 102.0 Dominion Hills
Dominion Hills,Week2,Shouse Village,Week1,224.0 Dominion Hills - 178.0 Shouse Village
Donaldson Run,Week5,Hollin Hills,Week1,363.0 Donaldson Run - 38.0 Hollin Hills
Donaldson Run,Week4,Oakton ,Week2,221.0 Donaldson Run - 181.0 Oakton
Dominion Hills,Week2,Laurel Hill,Week4,276.0 Dominion Hills - 126.0 Laurel Hill
Donaldson Run,Week1,Fox Mill Woods,Week1,232.0 Donaldson Run - 170.0 Fox Mill Woods
Donaldson Run,Week3,Hollin Hills,Week4,364.0 Donaldson Run - 38.0 Hollin Hills
Donaldson Run,Week1,Hollin Meadows,Week3,269.0 Donaldson Run - 133.0 Hollin Meadows
Daventry,Week1,Sully Station II,Week3,349.0 Sully Station II - 53.0 Daventry
Dominion Hills,Week5,Rutherford,Week4,294.0 Dominion Hills - 108.0 Rutherford
Dominion Hills,Week1,Shouse Village,Week1,202.0 Dominion Hills - 200.0 Shouse Village
Dominion Hills,Week2,Hayfield Farm,Week3,233.0 Hayfield Farm - 169.0 Dominion Hills
Dominion Hills,Week3,Langley,Week2,269.0 Langley - 133.0 Dominion Hills
Dominion Hills,Week1,Laurel Hill,Week2,281.0 Dominion Hills - 121.0 Laurel Hill
Donaldson Run,Week1,Fox Mill Woods,Week5,222.0 Donaldson Run - 180.0 Fox Mill Woods
Dominion Hills,Week2,Villa Aquatic,Week4,209.0 Villa Aquatic - 193.0 Dominion Hills
Donaldson Run,Week3,Fox Mill Woods,Week1,232.0 Donaldson Run - 170.0 Fox Mill Woods
Dominion Hills,Week4,Villa Aquatic,Week4,230.5 Dominion Hills - 171.5 Villa Aquatic
Donaldson Run,Week2,Hollin Meadows,Week2,276.0 Donaldson Run - 126.0 Hollin Meadows
Dominion Hills,Week3,Villa Aquatic,Week3,209.0 Villa Aquatic - 193.0 Dominion Hills
Daventry,Week4,Sully Station,Week1,330.0 Sully Station - 71.0 Daventry
Donaldson Run,Week5,Oakton ,Week1,260.0 Donaldson Run - 142.0 Oakton
Dominion Hills,Week5,Hayfield Farm,Week1,239.0 Dominion Hills - 163.0 Hayfield Farm
Donaldson Run,Week4,Oakton ,Week5,210.0 Oakton - 192.0 Donaldson Run
Donaldson Run,Week1,Fox Mill Woods,Week3,247.0 Donaldson Run - 155.0 Fox Mill Woods
Dominion Hills,Week4,Laurel Hill,Week2,306.0 Dominion Hills - 91.0 Laurel Hill
Dominion Hills,Week3,Laurel Hill,Week3,247.0 Dominion Hills - 155.0 Laurel Hill
Donaldson Run,Week4,Oakton ,Week4,214.0 Donaldson Run - 188.0 Oakton
Dominion Hills,Week3,Laurel Hill,Week5,229.0 Dominion Hills - 173.0 Laurel Hill
Dominion Hills,Week4,Hamlet,Week4,282.0 Hamlet - 120.0 Dominion Hills
Daventry,Week2,Sully Station II,Week3,347.0 Sully Station II - 55.0 Daventry
Donaldson Run,Week3,Hollin Meadows,Week1,272.0 Donaldson Run - 130.0 Hollin Meadows
Donaldson Run,Week1,Old Keene Mill,Week2,305.0 Donaldson Run - 97.0 Old Keene Mill
Donaldson Run,Week3,Fox Mill Estates,Week3,303.0 Donaldson Run - 99.0 Fox Mill Estates
Dominion Hills,Week4,Shouse Village,Week3,227.0 Dominion Hills - 175.0 Shouse Village
Daventry,Week3,Sully Station,Week5,331.0 Sully Station - 71.0 Daventry
Donaldson Run,Week4,Fox Mill Estates,Week2,304.0 Donaldson Run - 98.0 Fox Mill Estates
Donaldson Run,Week1,Old Keene Mill,Week1,327.0 Donaldson Run - 75.0 Old Keene Mill
Dominion Hills,Week4,Hayfield Farm,Week4,234.0 Dominion Hills - 168.0 Hayfield Farm
Donaldson Run,Week3,Fox Mill Estates,Week2,292.0 Donaldson Run - 110.0 Fox Mill Estates
Dominion Hills,Week2,Villa Aquatic,Week2,236.0 Dominion Hills - 166.0 Villa Aquatic
Dominion Hills,Week5,Hamlet,Week5,300.0 Hamlet - 102.0 Dominion Hills
Donaldson Run,Week2,Hollin Meadows,Week5,266.0 Donaldson Run - 136.0 Hollin Meadows
Daventry,Week5,Sully Station,Week1,313.0 Sully Station - 89.0 Daventry
Dominion Hills,Week4,Laurel Hill,Week3,278.0 Dominion Hills - 124.0 Laurel Hill
Daventry,Week2,Sully Station II,Week2,341.0 Sully Station II - 61.0 Daventry
Dominion Hills,Week5,Shouse Village,Week1,241.0 Dominion Hills - 161.0 Shouse Village
Daventry,Week3,Sully Station II,Week4,309.0 Sully Station II - 93.0 Daventry
Dominion Hills,Week3,Shouse Village,Week5,226.0 Shouse Village - 176.0 Dominion Hills
Dominion Hills,Week4,Hayfield Farm,Week2,238.0 Dominion Hills - 164.0 Hayfield Farm
Donaldson Run,Week5,Oakton ,Week3,246.0 Donaldson Run - 156.0 Oakton
Dominion Hills,Week1,Sideburn Run,Week5,253.0 Sideburn Run - 149.0 Dominion Hills
Dominion Hills,Week4,Langley,Week5,244.0 Langley - 158.0 Dominion Hills
Donaldson Run,Week2,Hollin Meadows,Week3,274.0 Donaldson Run - 128.0 Hollin Meadows
Donaldson Run,Week5,Hollin Hills,Week3,367.0 Donaldson Run - 35.0 Hollin Hills
Dominion Hills,Week3,Villa Aquatic,Week5,226.0 Villa Aquatic - 176.0 Dominion Hills
Dominion Hills,Week5,Hayfield Farm,Week3,205.0 Hayfield Farm - 197.0 Dominion Hills
Dominion Hills,Week4,Shouse Village,Week5,205.0 Dominion Hills - 197.0 Shouse Village
Dominion Hills,Week4,Langley,Week3,246.0 Langley - 156.0 Dominion Hills
Daventry,Week1,Sully Station II,Week1,317.0 Sully Station II - 85.0 Daventry
Dominion Hills,Week5,Sideburn Run,Week4,220.0 Dominion Hills - 182.0 Sideburn Run
Donaldson Run,Week1,Old Keene Mill,Week3,313.0 Donaldson Run - 89.0 Old Keene Mill
Dominion Hills,Week1,Village West,Week1,265.0 Dominion Hills - 137.0 Village West
Dominion Hills,Week2,Sideburn Run,Week3,222.0 Sideburn Run - 180.0 Dominion Hills
Dominion Hills,Week1,Laurel Hill,Week1,260.0 Dominion Hills - 142.0 Laurel Hill
Dominion Hills,Week2,Hayfield Farm,Week4,210.0 Dominion Hills - 192.0 Hayfield Farm
Dominion Hills,Week3,Langley,Week3,274.0 Langley - 128.0 Dominion Hills
Dominion Hills,Week5,Hamlet,Week3,281.0 Hamlet - 121.0 Dominion Hills
Dominion Hills,Week2,Sideburn Run,Week4,216.0 Sideburn Run - 186.0 Dominion Hills
Donaldson Run,Week1,Great Falls,Week4,268.0 Donaldson Run - 134.0 Great Falls
Dominion Hills,Week5,Hamlet,Week4,263.0 Hamlet - 139.0 Dominion Hills
Donaldson Run,Week5,Oakton ,Week4,236.0 Donaldson Run - 166.0 Oakton
Donaldson Run,Week4,Hollin Hills,Week1,364.0 Donaldson Run - 38.0 Hollin Hills
Dominion Hills,Week1,Village West,Week5,266.0 Dominion Hills - 136.0 Village West
Dominion Hills,Week4,Langley,Week1,266.0 Langley - 136.0 Dominion Hills
Donaldson Run,Week2,Great Falls,Week3,259.0 Donaldson Run - 143.0 Great Falls
Daventry,Week4,Sully Station,Week3,333.0 Sully Station - 68.0 Daventry
Donaldson Run,Week5,Oakton ,Week5,232.0 Donaldson Run - 170.0 Oakton
Dominion Hills,Week5,Villa Aquatic,Week1,250.0 Dominion Hills - 152.0 Villa Aquatic
Dominion Hills,Week3,Sideburn Run,Week3,226.0 Sideburn Run - 176.0 Dominion Hills
Daventry,Week5,Sully Station,Week4,295.0 Sully Station - 107.0 Daventry
Dominion Hills,Week2,Village West,Week2,274.0 Dominion Hills - 128.0 Village West
Donaldson Run,Week3,Hollin Hills,Week1,362.0 Donaldson Run - 40.0 Hollin Hills
Donaldson Run,Week1,Old Keene Mill,Week4,306.0 Donaldson Run - 96.0 Old Keene Mill
Donaldson Run,Week4,Hollin Hills,Week4,369.0 Donaldson Run - 33.0 Hollin Hills
Donaldson Run,Week3,Fox Mill Woods,Week4,229.0 Donaldson Run - 173.0 Fox Mill Woods
Donaldson Run,Week5,Hollin Hills,Week2,362.0 Donaldson Run - 39.0 Hollin Hills
Donaldson Run,Week2,Old Keene Mill,Week2,316.5 Donaldson Run - 85.5 Old Keene Mill
Dominion Hills,Week2,Village West,Week4,257.0 Dominion Hills - 140.0 Village West
Dominion Hills,Week4,Villa Aquatic,Week3,215.0 Dominion Hills - 187.0 Villa Aquatic
Daventry,Week1,Sully Station II,Week5,355.0 Sully Station II - 47.0 Daventry
Donaldson Run,Week1,Great Falls,Week3,267.0 Donaldson Run - 135.0 Great Falls
Dominion Hills,Week1,Laurel Hill,Week3,255.0 Dominion Hills - 147.0 Laurel Hill
Donaldson Run,Week3,Hollin Hills,Week5,357.0 Donaldson Run - 45.0 Hollin Hills
Donaldson Run,Week5,Fox Mill Woods,Week2,267.0 Donaldson Run - 135.0 Fox Mill Woods
Dominion Hills,Week2,Hayfield Farm,Week5,216.0 Dominion Hills - 186.0 Hayfield Farm
Donaldson Run,Week2,Old Keene Mill,Week1,330.0 Donaldson Run - 72.0 Old Keene Mill
Dominion Hills,Week1,Hayfield Farm,Week2,233.0 Hayfield Farm - 169.0 Dominion Hills
Daventry,Week5,Sully Station,Week3,303.0 Sully Station - 99.0 Daventry
Daventry,Week4,Sully Station,Week4,330.0 Sully Station - 72.0 Daventry
Dominion Hills,Week1,Sleepy Hollow B & R,Week4,268.0 Sleepy Hollow B & R - 134.0 Dominion Hills
Dominion Hills,Week5,Langley,Week5,233.0 Langley - 169.0 Dominion Hills
Donaldson Run,Week4,Great Falls,Week3,266.0 Donaldson Run - 136.0 Great Falls
Donaldson Run,Week1,Hollin Meadows,Week1,264.0 Donaldson Run - 138.0 Hollin Meadows
Donaldson Run,Week2,Hollin Meadows,Week1,265.0 Donaldson Run - 137.0 Hollin Meadows
Daventry,Week4,Sully Station,Week5,343.0 Sully Station - 59.0 Daventry
Donaldson Run,Week1,Old Keene Mill,Week5,286.0 Donaldson Run - 116.0 Old Keene Mill
Dominion Hills,Week5,Langley,Week4,238.0 Langley - 164.0 Dominion Hills
Dominion Hills,Week2,Laurel Hill,Week2,299.5 Dominion Hills - 102.5 Laurel Hill
Dominion Hills,Week1,Sleepy Hollow B & R,Week2,262.0 Sleepy Hollow B & R - 140.0 Dominion Hills
Dominion Hills,Week2,Hayfield Farm,Week1,213.0 Dominion Hills - 189.0 Hayfield Farm
Dominion Hills,Week2,Village West,Week3,251.0 Dominion Hills - 151.0 Village West
Donaldson Run,Week4,Great Falls,Week5,255.0 Donaldson Run - 147.0 Great Falls
Dominion Hills,Week1,Sideburn Run,Week4,222.5 Sideburn Run - 179.5 Dominion Hills
Donaldson Run,Week2,Old Keene Mill,Week4,323.0 Donaldson Run - 79.0 Old Keene Mill
Donaldson Run,Week2,Great Falls,Week2,274.0 Donaldson Run - 110.0 Great Falls
Dominion Hills,Week4,Villa Aquatic,Week2,256.0 Dominion Hills - 146.0 Villa Aquatic
Dominion Hills,Week3,Langley,Week1,286.0 Langley - 116.0 Dominion Hills
Donaldson Run,Week3,Holmes Run Acres,Week3,240.0 Donaldson Run - 162.0 Holmes Run Acres
Dominion Hills,Week1,Village West,Week3,240.0 Dominion Hills - 162.0 Village West
Dominion Hills,Week1,Hayfield Farm,Week5,209.0 Hayfield Farm - 193.0 Dominion Hills
Donaldson Run,Week1,Hollin Meadows,Week4,267.0 Donaldson Run - 135.0 Hollin Meadows
Donaldson Run,Week2,Old Keene Mill,Week3,316.0 Donaldson Run - 86.0 Old Keene Mill
Donaldson Run,Week4,Fox Mill Woods,Week3,248.0 Donaldson Run - 154.0 Fox Mill Woods
Dominion Hills,Week2,Sleepy Hollow B & R,Week1,214.0 Sleepy Hollow B & R - 188.0 Dominion Hills
Dominion Hills,Week1,Hayfield Farm,Week4,220.0 Hayfield Farm - 182.0 Dominion Hills
Dominion Hills,Week3,Langley,Week4,282.0 Langley - 120.0 Dominion Hills
Dominion Hills,Week1,Laurel Hill,Week5,229.0 Dominion Hills - 168.0 Laurel Hill
Dominion Hills,Week5,Shouse Village,Week5,211.0 Dominion Hills - 191.0 Shouse Village
Dominion Hills,Week1,Sleepy Hollow B & R,Week5,289.0 Sleepy Hollow B & R - 113.0 Dominion Hills
Donaldson Run,Week3,Hollin Hills,Week2,359.5 Donaldson Run - 42.5 Hollin Hills
Dominion Hills,Week3,Hayfield Farm,Week1,206.0 Hayfield Farm - 196.0 Dominion Hills
Dominion Hills,Week2,Hayfield Farm,Week2,208.0 Hayfield Farm - 194.0 Dominion Hills
Donaldson Run,Week4,Hollin Hills,Week5,356.0 Donaldson Run - 46.0 Hollin Hills
Dominion Hills,Week4,Villa Aquatic,Week1,257.0 Dominion Hills - 145.0 Villa Aquatic
Dominion Hills,Week4,Langley,Week4,252.0 Langley - 150.0 Dominion Hills
Donaldson Run,Week5,Fox Mill Woods,Week5,249.0 Donaldson Run - 153.0 Fox Mill Woods
Donaldson Run,Week5,Oakton ,Week2,247.0 Donaldson Run - 155.0 Oakton
Daventry,Week2,Sully Station II,Week4,315.0 Sully Station II - 87.0 Daventry
Dominion Hills,Week4,Hamlet,Week3,291.0 Hamlet - 111.0 Dominion Hills
Dominion Hills,Week2,Village West,Week5,278.0 Dominion Hills - 124.0 Village West
Donaldson Run,Week4,Fox Mill Woods,Week2,253.0 Donaldson Run - 149.0 Fox Mill Woods
Dominion Hills,Week1,Sleepy Hollow B & R,Week1,233.0 Sleepy Hollow B & R - 169.0 Dominion Hills
Donaldson Run,Week5,Hollin Hills,Week5,359.0 Donaldson Run - 43.0 Hollin Hills
Donaldson Run,Week3,Great Falls,Week1,310.0 Donaldson Run - 92.0 Great Falls
Daventry,Week2,Sully Station II,Week1,319.0 Sully Station II - 83.0 Daventry
Donaldson Run,Week4,Hollin Hills,Week2,359.0 Donaldson Run - 43.0 Hollin Hills
Dominion Hills,Week1,Village West,Week2,259.0 Dominion Hills - 143.0 Village West
Dominion Hills,Week4,Langley,Week2,241.0 Langley - 161.0 Dominion Hills
Dominion Hills,Week4,Villa Aquatic,Week5,220.0 Dominion Hills - 182.0 Villa Aquatic
Daventry,Week3,Sully Station II,Week5,343.0 Sully Station II - 59.0 Daventry
Donaldson Run,Week3,Old Keene Mill,Week2,320.0 Donaldson Run - 82.0 Old Keene Mill
Dominion Hills,Week4,Hamlet,Week1,270.0 Hamlet - 132.0 Dominion Hills
Daventry,Week5,Sully Station,Week5,318.0 Sully Station - 84.0 Daventry
Donaldson Run,Week2,Old Keene Mill,Week5,291.0 Donaldson Run - 111.0 Old Keene Mill
Dominion Hills,Week4,Sideburn Run,Week4,225.0 Dominion Hills - 177.0 Sideburn Run
Dominion Hills,Week1,Sideburn Run,Week2,205.0 Sideburn Run - 197.0 Dominion Hills
Donaldson Run,Week3,Old Keene Mill,Week1,335.0 Donaldson Run - 67.0 Old Keene Mill
Daventry,Week3,Sully Station II,Week3,346.0 Sully Station II - 55.0 Daventry
Donaldson Run,Week2,Great Falls,Week5,256.0 Donaldson Run - 146.0 Great Falls
Donaldson Run,Week3,Old Keene Mill,Week5,295.0 Donaldson Run - 107.0 Old Keene Mill
Dominion Hills,Week3,Langley,Week5,268.0 Langley - 134.0 Dominion Hills
Donaldson Run,Week1,Orange Hunt,Week2,250.0 Donaldson Run - 152.0 Orange Hunt
Dominion Hills,Week2,Laurel Hill,Week1,272.0 Dominion Hills - 130.0 Laurel Hill
Dominion Hills,Week2,Laurel Hill,Week5,245.0 Dominion Hills - 157.0 Laurel Hill
Dominion Hills,Week2,Laurel Hill,Week3,266.0 Dominion Hills - 136.0 Laurel Hill
Donaldson Run,Week3,Great Falls,Week2,288.0 Donaldson Run - 96.0 Great Falls
Daventry,Week4,Sully Station II,Week1,329.0 Sully Station II - 72.0 Daventry
Donaldson Run,Week5,Hollin Meadows,Week1,303.0 Donaldson Run - 99.0 Hollin Meadows
Dominion Hills,Week4,Sideburn Run,Week3,224.0 Dominion Hills - 178.0 Sideburn Run
Donaldson Run,Week3,Holmes Run Acres,Week2,271.5 Donaldson Run - 130.5 Holmes Run Acres
Dominion Hills,Week3,Sideburn Run,Week4,221.0 Sideburn Run - 181.0 Dominion Hills
Donaldson Run,Week1,Holmes Run Acres,Week1,252.0 Donaldson Run - 150.0 Holmes Run Acres
Donaldson Run,Week3,Great Falls,Week4,279.0 Donaldson Run - 123.0 Great Falls
Daventry,Week3,Truro,Week2,223.0 Truro - 173.0 Daventry
Dominion Hills,Week4,Hayfield Farm,Week1,236.0 Dominion Hills - 166.0 Hayfield Farm
Dominion Hills,Week5,Villa Aquatic,Week4,242.0 Dominion Hills - 160.0 Villa Aquatic
Donaldson Run,Week3,Old Keene Mill,Week3,329.0 Donaldson Run - 73.0 Old Keene Mill
Dominion Hills,Week3,Sideburn Run,Week1,233.5 Sideburn Run - 168.5 Dominion Hills
Donaldson Run,Week1,Great Falls,Week2,260.0 Donaldson Run - 124.0 Great Falls
Daventry,Week4,Sully Station II,Week4,334.0 Sully Station II - 68.0 Daventry
Dominion Hills,Week5,Villa Aquatic,Week5,224.0 Dominion Hills - 178.0 Villa Aquatic
Dominion Hills,Week3,Village West,Week1,263.0 Dominion Hills - 139.0 Village West
Dominion Hills,Week3,Hayfield Farm,Week4,201.0 Dominion Hills - 201.0 Hayfield Farm
Dominion Hills,Week3,Hayfield Farm,Week3,241.0 Hayfield Farm - 161.0 Dominion Hills
Daventry,Week3,Sully Station II,Week2,343.0 Sully Station II - 59.0 Daventry
Dominion Hills,Week4,Hamlet,Week5,310.0 Hamlet - 92.0 Dominion Hills
Dominion Hills,Week5,Langley,Week2,235.0 Langley - 167.0 Dominion Hills
Donaldson Run,Week4,Orange Hunt,Week1,282.0 Donaldson Run - 120.0 Orange Hunt
Dominion Hills,Week1,Hayfield Farm,Week3,243.0 Hayfield Farm - 159.0 Dominion Hills
Donaldson Run,Week5,Hollin Meadows,Week5,296.0 Donaldson Run - 106.0 Hollin Meadows
Dominion Hills,Week3,Village West,Week2,252.0 Dominion Hills - 150.0 Village West
Dominion Hills,Week4,Sideburn Run,Week1,214.0 Dominion Hills - 188.0 Sideburn Run
Dominion Hills,Week5,Langley,Week3,241.0 Langley - 161.0 Dominion Hills
Daventry,Week5,Truro,Week5,226.0 Truro - 168.0 Daventry
Donaldson Run,Week2,Orange Hunt,Week5,243.0 Donaldson Run - 159.0 Orange Hunt
Dominion Hills,Week5,Hamlet,Week2,289.0 Hamlet - 113.0 Dominion Hills
Donaldson Run,Week3,Fox Mill Woods,Week5,228.5 Donaldson Run - 173.5 Fox Mill Woods
Donaldson Run,Week1,Great Falls,Week1,292.0 Donaldson Run - 110.0 Great Falls
Donaldson Run,Week3,Hollin Meadows,Week5,268.0 Donaldson Run - 134.0 Hollin Meadows
Dominion Hills,Week5,Langley,Week1,250.0 Langley - 152.0 Dominion Hills
Dominion Hills,Week3,Sideburn Run,Week2,210.5 Sideburn Run - 191.5 Dominion Hills
Daventry,Week1,Truro,Week5,263.0 Truro - 137.0 Daventry
Dominion Hills,Week5,Villa Aquatic,Week2,261.0 Dominion Hills - 141.0 Villa Aquatic
Donaldson Run,Week4,Hollin Meadows,Week1,284.0 Donaldson Run - 118.0 Hollin Meadows
Dominion Hills,Week1,Sideburn Run,Week3,232.0 Sideburn Run - 170.0 Dominion Hills
Dominion Hills,Week4,Sideburn Run,Week2,228.0 Dominion Hills - 174.0 Sideburn Run
Daventry,Week1,Truro,Week4,271.0 Truro - 130.0 Daventry
Dominion Hills,Week1,Village West,Week4,264.0 Dominion Hills - 133.0 Village West
Donaldson Run,Week3,Orange Hunt,Week1,284.0 Donaldson Run - 118.0 Orange Hunt
Donaldson Run,Week4,Great Falls,Week2,285.0 Donaldson Run - 99.0 Great Falls
Donaldson Run,Week2,Holmes Run Acres,Week1,265.0 Donaldson Run - 137.0 Holmes Run Acres
Dominion Hills,Week5,Villa Aquatic,Week3,224.0 Dominion Hills - 178.0 Villa Aquatic
Dominion Hills,Week5,Hamlet,Week1,270.0 Hamlet - 127.0 Dominion Hills
Dominion Hills,Week3,Laurel Hill,Week4,263.0 Dominion Hills - 139.0 Laurel Hill
Donaldson Run,Week3,Great Falls,Week5,249.0 Donaldson Run - 153.0 Great Falls
Daventry,Week1,Truro,Week1,263.0 Truro - 139.0 Daventry
Dominion Hills,Week5,Shouse Village,Week4,218.0 Dominion Hills - 184.0 Shouse Village
Donaldson Run,Week4,Fox Mill Woods,Week4,232.5 Donaldson Run - 169.5 Fox Mill Woods
Daventry,Week2,Truro,Week3,234.0 Truro - 167.0 Daventry
Dominion Hills,Week2,Village West,Week1,274.0 Dominion Hills - 128.0 Village West
Donaldson Run,Week2,Holmes Run Acres,Week3,236.0 Donaldson Run - 166.0 Holmes Run Acres
Dominion Hills,Week4,Hayfield Farm,Week3,202.0 Hayfield Farm - 200.0 Dominion Hills
Dominion Hills,Week2,Sideburn Run,Week5,234.0 Sideburn Run - 168.0 Dominion Hills
Donaldson Run,Week5,Fox Mill Woods,Week3,277.0 Donaldson Run - 125.0 Fox Mill Woods
Donaldson Run,Week4,Orange Hunt,Week3,261.0 Donaldson Run - 141.0 Orange Hunt
Dominion Hills,Week3,Hayfield Farm,Week5,214.0 Dominion Hills - 188.0 Hayfield Farm
Dominion Hills,Week1,Laurel Hill,Week4,256.0 Dominion Hills - 146.0 Laurel Hill
Donaldson Run,Week3,Hollin Meadows,Week3,270.0 Donaldson Run - 132.0 Hollin Meadows
Donaldson Run,Week1,Orange Hunt,Week5,233.0 Donaldson Run - 169.0 Orange Hunt
Dominion Hills,Week3,Laurel Hill,Week2,294.0 Dominion Hills - 108.0 Laurel Hill
Donaldson Run,Week1,Orange Hunt,Week4,253.0 Donaldson Run - 149.0 Orange Hunt
Dominion Hills,Week3,Lee Graham,Week4,299.0 Lee Graham - 103.0 Dominion Hills
Dominion Hills,Week1,Sideburn Run,Week1,234.0 Sideburn Run - 168.0 Dominion Hills
Dominion Hills,Week3,Hayfield Farm,Week2,209.0 Hayfield Farm - 193.0 Dominion Hills
Donaldson Run,Week4,Fox Mill Woods,Week5,228.0 Donaldson Run - 174.0 Fox Mill Woods
Donaldson Run,Week4,Hollin Meadows,Week3,284.0 Donaldson Run - 118.0 Hollin Meadows
Daventry,Week5,Sully Station II,Week5,334.0 Sully Station II - 68.0 Daventry
Dominion Hills,Week4,Hayfield Farm,Week5,235.0 Dominion Hills - 167.0 Hayfield Farm
Donaldson Run,Week5,Old Keene Mill,Week2,336.0 Donaldson Run - 66.0 Old Keene Mill
Dominion Hills,Week5,Hayfield Farm,Week4,236.0 Dominion Hills - 166.0 Hayfield Farm
Dominion Hills,Week3,Laurel Hill,Week1,262.0 Dominion Hills - 140.0 Laurel Hill
Dominion Hills,Week4,Sideburn Run,Week5,210.0 Dominion Hills - 192.0 Sideburn Run
Daventry,Week2,Truro,Week5,247.0 Truro - 149.0 Daventry
Daventry,Week2,Truro,Week1,259.0 Truro - 139.0 Daventry
Daventry,Week5,Sully Station II,Week1,295.0 Sully Station II - 107.0 Daventry
Donaldson Run,Week1,Great Falls,Week5,242.0 Donaldson Run - 160.0 Great Falls
Donaldson Run,Week3,Hollin Meadows,Week4,275.0 Donaldson Run - 127.0 Hollin Meadows
Donaldson Run,Week1,Holmes Run Acres,Week4,253.0 Donaldson Run - 149.0 Holmes Run Acres
Dominion Hills,Week5,Hayfield Farm,Week2,242.0 Dominion Hills - 160.0 Hayfield Farm
Donaldson Run,Week3,Hollin Meadows,Week2,280.0 Donaldson Run - 122.0 Hollin Meadows
Donaldson Run,Week3,Orange Hunt,Week2,265.0 Donaldson Run - 137.0 Orange Hunt
Donaldson Run,Week5,Orange Hunt,Week3,285.0 Donaldson Run - 117.0 Orange Hunt
Donaldson Run,Week5,Old Keene Mill,Week3,334.0 Donaldson Run - 68.0 Old Keene Mill
Dominion Hills,Week4,Laurel Hill,Week1,273.0 Dominion Hills - 128.0 Laurel Hill
Dominion Hills,Week2,Sideburn Run,Week1,220.0 Sideburn Run - 182.0 Dominion Hills
Donaldson Run,Week3,Fox Mill Woods,Week3,259.0 Donaldson Run - 143.0 Fox Mill Woods
Dominion Hills,Week5,Sideburn Run,Week1,215.0 Dominion Hills - 187.0 Sideburn Run
Dominion Hills,Week2,Lee Graham,Week5,313.0 Lee Graham - 89.0 Dominion Hills
Dominion Hills,Week5,Sideburn Run,Week2,236.0 Dominion Hills - 166.0 Sideburn Run
Donaldson Run,Week2,Great Falls,Week1,307.0 Donaldson Run - 95.0 Great Falls
Dominion Hills,Week1,Lee Graham,Week1,300.0 Lee Graham - 102.0 Dominion Hills
Donaldson Run,Week1,Orange Hunt,Week3,255.0 Donaldson Run - 147.0 Orange Hunt
Dominion Hills,Week5,Sideburn Run,Week3,218.0 Dominion Hills - 184.0 Sideburn Run
Donaldson Run,Week5,Orange Hunt,Week2,273.0 Donaldson Run - 129.0 Orange Hunt
Dominion Hills,Week5,Hayfield Farm,Week5,245.0 Dominion Hills - 157.0 Hayfield Farm
Daventry,Week5,Sully Station II,Week4,301.0 Sully Station II - 101.0 Daventry
Donaldson Run,Week3,Orange Hunt,Week5,261.0 Donaldson Run - 141.0 Orange Hunt
Dominion Hills,Week2,Sideburn Run,Week2,203.0 Sideburn Run - 199.0 Dominion Hills
Daventry,Week5,Sully Station II,Week2,322.0 Sully Station II - 80.0 Daventry
Donaldson Run,Week4,Hollin Meadows,Week2,291.0 Donaldson Run - 111.0 Hollin Meadows
Dominion Hills,Week5,Herndon,Week2,327.0 Dominion Hills - 75.0 Herndon
Donaldson Run,Week1,Overlee,Week5,311.0 Overlee - 91.0 Donaldson Run
Dominion Hills,Week3,Herndon,Week4,316.0 Dominion Hills - 86.0 Herndon
Daventry,Week3,Truro,Week4,273.0 Truro - 128.0 Daventry
Donaldson Run,Week5,Hollin Meadows,Week3,303.0 Donaldson Run - 99.0 Hollin Meadows
Donaldson Run,Week5,Fox Mill Woods,Week1,259.0 Donaldson Run - 143.0 Fox Mill Woods
Dominion Hills,Week4,Lee Graham,Week5,290.5 Lee Graham - 111.5 Dominion Hills
Dominion Hills,Week5,Laurel Hill,Week3,281.0 Dominion Hills - 121.0 Laurel Hill
Dominion Hills,Week5,Lee Graham,Week2,277.0 Lee Graham - 125.0 Dominion Hills
Donaldson Run,Week5,Fox Mill Woods,Week4,264.0 Donaldson Run - 138.0 Fox Mill Woods
Donaldson Run,Week5,Hollin Meadows,Week4,308.0 Donaldson Run - 94.0 Hollin Meadows
Donaldson Run,Week4,Hollin Meadows,Week5,270.0 Donaldson Run - 132.0 Hollin Meadows
Donaldson Run,Week4,Fox Mill Woods,Week1,250.5 Donaldson Run - 151.5 Fox Mill Woods
Dominion Hills,Week3,Sideburn Run,Week5,239.0 Sideburn Run - 163.0 Dominion Hills
Dominion Hills,Week5,Herndon,Week4,338.0 Dominion Hills - 64.0 Herndon
Daventry,Week4,Truro,Week2,228.0 Truro - 172.0 Daventry
Donaldson Run,Week5,Old Keene Mill,Week1,340.0 Donaldson Run - 62.0 Old Keene Mill
Donaldson Run,Week4,Old Keene Mill,Week5,301.0 Donaldson Run - 101.0 Old Keene Mill
Donaldson Run,Week1,Holmes Run Acres,Week2,276.0 Donaldson Run - 126.0 Holmes Run Acres
Daventry,Week3,Truro,Week3,248.0 Truro - 149.0 Daventry
Donaldson Run,Week4,Great Falls,Week4,271.0 Donaldson Run - 131.0 Great Falls
Daventry,Week3,Truro,Week5,247.0 Truro - 152.0 Daventry
Donaldson Run,Week5,Old Keene Mill,Week5,315.0 Donaldson Run - 82.0 Old Keene Mill
Dominion Hills,Week2,Lee Graham,Week3,307.0 Lee Graham - 95.0 Dominion Hills
Donaldson Run,Week1,Holmes Run Acres,Week5,220.0 Donaldson Run - 182.0 Holmes Run Acres
Donaldson Run,Week4,Great Falls,Week1,304.0 Donaldson Run - 98.0 Great Falls
Dominion Hills,Week4,Sleepy Hollow B & R,Week5,235.0 Sleepy Hollow B & R - 167.0 Dominion Hills
Dominion Hills,Week3,Lee Graham,Week5,299.0 Lee Graham - 103.0 Dominion Hills
Dominion Hills,Week4,Herndon,Week3,332.0 Dominion Hills - 65.0 Herndon
Dominion Hills,Week1,Lee Graham,Week2,298.0 Lee Graham - 104.0 Dominion Hills
Dominion Hills,Week1,Herndon,Week1,307.0 Dominion Hills - 95.0 Herndon
Donaldson Run,Week1,Orange Hunt,Week1,273.0 Donaldson Run - 129.0 Orange Hunt
Donaldson Run,Week1,Holmes Run Acres,Week3,228.0 Donaldson Run - 174.0 Holmes Run Acres
Donaldson Run,Week2,Great Falls,Week4,275.0 Donaldson Run - 127.0 Great Falls
Dominion Hills,Week5,Sleepy Hollow B & R,Week2,208.0 Dominion Hills - 194.0 Sleepy Hollow B & R
Dominion Hills,Week1,Sleepy Hollow B & R,Week3,252.0 Sleepy Hollow B & R - 150.0 Dominion Hills
Dominion Hills,Week1,Hiddenbrook,Week5,208.0 Dominion Hills - 194.0 Hiddenbrook
Dominion Hills,Week5,Sideburn Run,Week5,217.0 Dominion Hills - 185.0 Sideburn Run
Daventry,Week4,Truro,Week1,251.0 Truro - 150.0 Daventry
Donaldson Run,Week3,Great Falls,Week3,259.0 Donaldson Run - 143.0 Great Falls
Dominion Hills,Week2,Hiddenbrook,Week2,284.0 Dominion Hills - 118.0 Hiddenbrook
Daventry,Week4,Truro,Week4,279.0 Truro - 123.0 Daventry
Donaldson Run,Week4,Hollin Meadows,Week4,296.0 Donaldson Run - 106.0 Hollin Meadows
Dominion Hills,Week4,Lee Graham,Week4,288.0 Lee Graham - 114.0 Dominion Hills
Donaldson Run,Week5,Great Falls,Week1,324.0 Donaldson Run - 78.0 Great Falls
Dominion Hills,Week5,Laurel Hill,Week5,270.0 Dominion Hills - 132.0 Laurel Hill
Daventry,Week1,Truro,Week3,252.0 Truro - 149.0 Daventry
Dominion Hills,Week5,Herndon,Week5,340.0 Dominion Hills - 62.0 Herndon
Dominion Hills,Week2,Herndon,Week2,321.0 Dominion Hills - 81.0 Herndon
Dominion Hills,Week4,Sleepy Hollow B & R,Week2,203.0 Sleepy Hollow B & R - 199.0 Dominion Hills
Daventry,Week4,Truro,Week5,244.0 Truro - 156.0 Daventry
Dominion Hills,Week3,Sleepy Hollow B & R,Week5,275.0 Sleepy Hollow B & R - 127.0 Dominion Hills
Donaldson Run,Week5,Great Falls,Week2,303.0 Donaldson Run - 81.0 Great Falls
Donaldson Run,Week2,Holmes Run Acres,Week2,265.0 Donaldson Run - 137.0 Holmes Run Acres
Donaldson Run,Week2,Orange Hunt,Week1,271.0 Donaldson Run - 131.0 Orange Hunt
Donaldson Run,Week5,Hollin Meadows,Week2,311.0 Donaldson Run - 91.0 Hollin Meadows
Donaldson Run,Week4,Vienna Woods,Week4,205.0 Vienna Woods - 197.0 Donaldson Run
Dunn Loring,Week5,Ilda Community,Week2,350.5 Dunn Loring - 51.5 Ilda Community
Dowden Terrace,Week3,Highlands Swim,Week5,317.0 Highlands Swim - 85.0 Dowden Terrace
Dunn Loring,Week1,Daventry,Week4,327.0 Dunn Loring - 75.0 Daventry
Dunn Loring,Week5,Fox Hunt,Week2,280.0 Dunn Loring - 122.0 Fox Hunt
Donaldson Run,Week2,Villa Aquatic,Week2,306.0 Donaldson Run - 96.0 Villa Aquatic
Donaldson Run,Week1,Villa Aquatic,Week3,283.0 Donaldson Run - 119.0 Villa Aquatic
Dowden Terrace,Week2,Highlands Swim,Week3,291.0 Highlands Swim - 111.0 Dowden Terrace
Dowden Terrace,Week4,Highlands Swim,Week5,291.0 Highlands Swim - 111.0 Dowden Terrace
Dunn Loring,Week4,Kent Gardens,Week1,267.0 Dunn Loring - 135.0 Kent Gardens
Dowden Terrace,Week5,Mansion House,Week5,231.0 Mansion House - 171.0 Dowden Terrace
Donaldson Run,Week3,Villa Aquatic,Week4,294.0 Donaldson Run - 108.0 Villa Aquatic
Dowden Terrace,Week3,Highlands Swim,Week3,302.0 Highlands Swim - 100.0 Dowden Terrace
Dowden Terrace,Week5,Vienna Aquatic,Week4,249.0 Vienna Aquatic - 153.0 Dowden Terrace
Dowden Terrace,Week2,Vienna Aquatic,Week2,273.0 Vienna Aquatic - 129.0 Dowden Terrace
Dowden Terrace,Week3,Mantua,Week4,270.0 Mantua - 132.0 Dowden Terrace
Donaldson Run,Week5,Vienna Woods,Week3,204.0 Donaldson Run - 198.0 Vienna Woods
Dowden Terrace,Week5,Highlands Swim,Week3,266.5 Highlands Swim - 135.5 Dowden Terrace
Dunn Loring,Week4,Forest Hollow,Week3,255.0 Dunn Loring - 147.0 Forest Hollow
Dowden Terrace,Week4,Mansion House,Week2,210.0 Mansion House - 187.0 Dowden Terrace
Dowden Terrace,Week4,Tuckahoe,Week5,321.0 Tuckahoe - 81.0 Dowden Terrace
Dunn Loring,Week1,Kent Gardens,Week3,264.0 Dunn Loring - 138.0 Kent Gardens
Donaldson Run,Week1,Villa Aquatic,Week5,284.0 Donaldson Run - 118.0 Villa Aquatic
Dunn Loring,Week2,Daventry,Week2,344.5 Dunn Loring - 57.5 Daventry
Dunn Loring,Week2,Daventry,Week4,356.0 Dunn Loring - 46.0 Daventry
Dunn Loring,Week5,Kent Gardens,Week5,254.0 Dunn Loring - 148.0 Kent Gardens
Dowden Terrace,Week3,Highlands Swim,Week1,309.0 Highlands Swim - 93.0 Dowden Terrace
Dowden Terrace,Week5,Highlands Swim,Week1,264.0 Highlands Swim - 138.0 Dowden Terrace
Dunn Loring,Week2,Daventry,Week3,347.5 Dunn Loring - 54.5 Daventry
Donaldson Run,Week1,Villa Aquatic,Week2,311.0 Donaldson Run - 91.0 Villa Aquatic
Dowden Terrace,Week4,Vienna Aquatic,Week4,269.0 Vienna Aquatic - 133.0 Dowden Terrace
Dowden Terrace,Week5,Mansion House,Week1,204.0 Mansion House - 198.0 Dowden Terrace
Dunn Loring,Week2,Kent Gardens,Week1,268.0 Dunn Loring - 134.0 Kent Gardens
Dunn Loring,Week2,Fox Hunt,Week2,281.0 Dunn Loring - 121.0 Fox Hunt
Dowden Terrace,Week4,Mansion House,Week5,244.0 Mansion House - 158.0 Dowden Terrace
Dowden Terrace,Week4,Highlands Swim,Week2,300.0 Highlands Swim - 102.0 Dowden Terrace
Dowden Terrace,Week5,Tuckahoe,Week4,322.0 Tuckahoe - 80.0 Dowden Terrace
Dowden Terrace,Week4,Mansion House,Week1,226.0 Mansion House - 171.0 Dowden Terrace
Dunn Loring,Week4,Daventry,Week3,357.0 Dunn Loring - 45.0 Daventry
Dowden Terrace,Week3,Mantua,Week2,255.0 Mantua - 147.0 Dowden Terrace
Dunn Loring,Week3,Daventry,Week2,351.0 Dunn Loring - 51.0 Daventry
Dowden Terrace,Week5,Highlands Swim,Week2,264.0 Highlands Swim - 138.0 Dowden Terrace
Dunn Loring,Week3,Forest Hollow,Week2,276.0 Dunn Loring - 126.0 Forest Hollow
Dowden Terrace,Week4,Tuckahoe,Week4,318.5 Tuckahoe - 83.5 Dowden Terrace
Dunn Loring,Week2,Fox Hunt,Week4,267.0 Dunn Loring - 135.0 Fox Hunt
Dunn Loring,Week5,Ilda Community,Week4,332.0 Dunn Loring - 70.0 Ilda Community
Dunn Loring,Week2,Kent Gardens,Week2,295.0 Dunn Loring - 107.0 Kent Gardens
Donaldson Run,Week3,Vienna Woods,Week3,243.0 Vienna Woods - 159.0 Donaldson Run
Dunn Loring,Week5,Kent Gardens,Week4,295.0 Dunn Loring - 107.0 Kent Gardens
Dunn Loring,Week4,Daventry,Week1,361.0 Dunn Loring - 41.0 Daventry
Dunn Loring,Week3,Kent Gardens,Week1,268.0 Dunn Loring - 134.0 Kent Gardens
Donaldson Run,Week4,Villa Aquatic,Week4,303.0 Donaldson Run - 99.0 Villa Aquatic
Dowden Terrace,Week1,Vienna Aquatic,Week1,282.0 Vienna Aquatic - 120.0 Dowden Terrace
Dunn Loring,Week1,Fox Hunt,Week2,232.0 Dunn Loring - 170.0 Fox Hunt
Dowden Terrace,Week4,Highlands Swim,Week3,288.0 Highlands Swim - 114.0 Dowden Terrace
Dowden Terrace,Week4,Highlands Swim,Week1,288.0 Highlands Swim - 114.0 Dowden Terrace
Dunn Loring,Week5,Forest Hollow,Week3,262.0 Dunn Loring - 140.0 Forest Hollow
Dowden Terrace,Week3,Mantua,Week1,259.0 Mantua - 143.0 Dowden Terrace
Dunn Loring,Week5,North Springfield,Week1,313.0 Dunn Loring - 38.0 North Springfield
Dowden Terrace,Week3,Vienna Aquatic,Week3,295.5 Vienna Aquatic - 106.5 Dowden Terrace
Dunn Loring,Week4,Daventry,Week4,364.0 Dunn Loring - 38.0 Daventry
Donaldson Run,Week3,Villa Aquatic,Week2,310.0 Donaldson Run - 92.0 Villa Aquatic
Dowden Terrace,Week4,Highlands Swim,Week4,270.0 Highlands Swim - 132.0 Dowden Terrace
Dunn Loring,Week2,Forest Hollow,Week3,268.5 Dunn Loring - 133.5 Forest Hollow
Dowden Terrace,Week1,Vienna Aquatic,Week4,279.0 Vienna Aquatic - 118.0 Dowden Terrace
Dunn Loring,Week5,Forest Hollow,Week2,281.0 Dunn Loring - 121.0 Forest Hollow
Dowden Terrace,Week1,Highlands Swim,Week5,310.0 Highlands Swim - 92.0 Dowden Terrace
Dunn Loring,Week2,Kent Gardens,Week5,247.0 Dunn Loring - 155.0 Kent Gardens
Dowden Terrace,Week3,Mansion House,Week5,255.0 Mansion House - 147.0 Dowden Terrace
Dowden Terrace,Week1,Mantua,Week2,242.0 Mantua - 154.0 Dowden Terrace
Dunn Loring,Week5,North Springfield,Week5,320.0 Dunn Loring - 53.0 North Springfield
Donaldson Run,Week3,Villa Aquatic,Week3,275.0 Donaldson Run - 127.0 Villa Aquatic
Dunn Loring,Week1,Kings Ridge ,Week1,313.0 Dunn Loring - 84.0 Kings Ridge
Dunn Loring,Week3,Daventry,Week4,360.0 Dunn Loring - 42.0 Daventry
Dunn Loring,Week5,Forest Hollow,Week5,262.0 Dunn Loring - 140.0 Forest Hollow
Dunn Loring,Week5,Daventry,Week3,350.0 Dunn Loring - 52.0 Daventry
Dunn Loring,Week5,Kent Gardens,Week1,277.0 Dunn Loring - 125.0 Kent Gardens
Dunn Loring,Week3,Kent Gardens,Week3,301.0 Dunn Loring - 101.0 Kent Gardens
Dunn Loring,Week3,Daventry,Week3,350.5 Dunn Loring - 51.5 Daventry
Donaldson Run,Week1,Villa Aquatic,Week1,309.0 Donaldson Run - 93.0 Villa Aquatic
Dowden Terrace,Week2,Vienna Woods,Week3,301.0 Vienna Woods - 101.0 Dowden Terrace
Donaldson Run,Week4,Villa Aquatic,Week3,294.0 Donaldson Run - 108.0 Villa Aquatic
Dowden Terrace,Week2,Highlands Swim,Week5,297.0 Highlands Swim - 105.0 Dowden Terrace
Dunn Loring,Week1,Fox Hunt,Week1,243.0 Dunn Loring - 159.0 Fox Hunt
Dunn Loring,Week1,Daventry,Week1,325.0 Dunn Loring - 77.0 Daventry
Dowden Terrace,Week2,Vienna Aquatic,Week5,307.0 Vienna Aquatic - 95.0 Dowden Terrace
Dowden Terrace,Week5,Vienna Aquatic,Week1,243.0 Vienna Aquatic - 159.0 Dowden Terrace
Dunn Loring,Week4,Kent Gardens,Week3,295.0 Dunn Loring - 107.0 Kent Gardens
Dowden Terrace,Week1,Mantua,Week3,283.0 Mantua - 118.0 Dowden Terrace
Dowden Terrace,Week5,Mansion House,Week2,210.0 Dowden Terrace - 192.0 Mansion House
Dunn Loring,Week1,Fox Hunt,Week5,219.0 Dunn Loring - 183.0 Fox Hunt
Dunn Loring,Week2,Fox Hunt,Week5,259.0 Dunn Loring - 143.0 Fox Hunt
Dowden Terrace,Week5,Vienna Aquatic,Week3,259.0 Vienna Aquatic - 143.0 Dowden Terrace
Dowden Terrace,Week5,Mansion House,Week3,219.0 Mansion House - 183.0 Dowden Terrace
Dowden Terrace,Week2,Mantua,Week5,273.5 Mantua - 128.5 Dowden Terrace
Dowden Terrace,Week2,Vienna Aquatic,Week1,283.0 Vienna Aquatic - 119.0 Dowden Terrace
Donaldson Run,Week3,Villa Aquatic,Week5,291.0 Donaldson Run - 111.0 Villa Aquatic
Dunn Loring,Week2,Daventry,Week5,338.0 Dunn Loring - 64.0 Daventry
Dunn Loring,Week4,Crosspointe,Week2,229.0 Dunn Loring - 173.0 Crosspointe
Dunn Loring,Week4,Forest Hollow,Week1,261.0 Dunn Loring - 141.0 Forest Hollow
Dunn Loring,Week3,Forest Hollow,Week1,272.0 Dunn Loring - 130.0 Forest Hollow
Dowden Terrace,Week5,Highlands Swim,Week4,251.0 Highlands Swim - 151.0 Dowden Terrace
Dowden Terrace,Week1,Vienna Aquatic,Week5,301.0 Vienna Aquatic - 100.0 Dowden Terrace
Dowden Terrace,Week3,Mantua,Week5,281.0 Mantua - 121.0 Dowden Terrace
Dowden Terrace,Week2,Mantua,Week2,236.0 Mantua - 166.0 Dowden Terrace
Donaldson Run,Week4,Villa Aquatic,Week5,290.0 Donaldson Run - 112.0 Villa Aquatic
Dunn Loring,Week4,Kent Gardens,Week4,291.0 Dunn Loring - 111.0 Kent Gardens
Dunn Loring,Week4,Crosspointe,Week5,203.0 Crosspointe - 199.0 Dunn Loring
Dowden Terrace,Week2,Highlands Swim,Week4,285.0 Highlands Swim - 117.0 Dowden Terrace
Dunn Loring,Week5,Daventry,Week2,347.0 Dunn Loring - 54.0 Daventry
Dunn Loring,Week1,Kent Gardens,Week5,215.0 Dunn Loring - 187.0 Kent Gardens
Dowden Terrace,Week5,Tuckahoe,Week5,309.5 Tuckahoe - 92.5 Dowden Terrace
Dowden Terrace,Week3,Mantua,Week3,294.0 Mantua - 108.0 Dowden Terrace
Dunn Loring,Week4,Forest Hollow,Week2,281.0 Dunn Loring - 121.0 Forest Hollow
Donaldson Run,Week5,Villa Aquatic,Week4,319.0 Donaldson Run - 83.0 Villa Aquatic
Dowden Terrace,Week2,Highlands Swim,Week1,281.0 Highlands Swim - 121.0 Dowden Terrace
Dunn Loring,Week3,Forest Hollow,Week4,272.0 Dunn Loring - 130.0 Forest Hollow
Donaldson Run,Week5,Villa Aquatic,Week1,328.0 Donaldson Run - 74.0 Villa Aquatic
Dowden Terrace,Week5,Tuckahoe,Week2,313.0 Tuckahoe - 89.0 Dowden Terrace
Dowden Terrace,Week1,Highlands Swim,Week4,295.0 Highlands Swim - 107.0 Dowden Terrace
Dunn Loring,Week5,Crosspointe,Week1,219.0 Dunn Loring - 183.0 Crosspointe
Dunn Loring,Week5,Crosspointe,Week4,226.0 Dunn Loring - 176.0 Crosspointe
Dunn Loring,Week1,Kings Ridge ,Week2,309.0 Dunn Loring - 93.0 Kings Ridge
Dunn Loring,Week2,Forest Hollow,Week1,272.0 Dunn Loring - 130.0 Forest Hollow
Donaldson Run,Week5,Villa Aquatic,Week3,307.0 Donaldson Run - 95.0 Villa Aquatic
Dowden Terrace,Week3,Vienna Aquatic,Week4,288.0 Vienna Aquatic - 114.0 Dowden Terrace
Dunn Loring,Week4,Kent Gardens,Week2,296.0 Dunn Loring - 106.0 Kent Gardens
Dunn Loring,Week4,Crosspointe,Week3,214.5 Dunn Loring - 187.5 Crosspointe
Dowden Terrace,Week2,Hollin Hills,Week2,290.0 Dowden Terrace - 107.0 Hollin Hills
Dowden Terrace,Week5,Tuckahoe,Week1,291.0 Tuckahoe - 111.0 Dowden Terrace
Dunn Loring,Week5,Crosspointe,Week5,209.0 Dunn Loring - 193.0 Crosspointe
Donaldson Run,Week1,Village West,Week2,330.0 Donaldson Run - 72.0 Village West
Donaldson Run,Week1,Village West,Week1,332.0 Donaldson Run - 70.0 Village West
Dowden Terrace,Week2,Hollin Hills,Week4,296.0 Dowden Terrace - 106.0 Hollin Hills
Dunn Loring,Week3,Fox Hunt,Week4,281.0 Dunn Loring - 121.0 Fox Hunt
Dowden Terrace,Week2,Mantua,Week4,250.0 Mantua - 152.0 Dowden Terrace
Dunn Loring,Week4,Crosspointe,Week4,210.0 Dunn Loring - 192.0 Crosspointe
Dowden Terrace,Week3,Hollin Hills,Week3,302.0 Dowden Terrace - 100.0 Hollin Hills
Dunn Loring,Week3,Fox Hunt,Week1,288.0 Dunn Loring - 114.0 Fox Hunt
Dunn Loring,Week1,Daventry,Week2,317.0 Dunn Loring - 85.0 Daventry
Dowden Terrace,Week3,Vienna Aquatic,Week5,303.0 Vienna Aquatic - 99.0 Dowden Terrace
Dunn Loring,Week3,Fox Hunt,Week2,295.0 Dunn Loring - 107.0 Fox Hunt
Dunn Loring,Week5,Forest Hollow,Week4,271.0 Dunn Loring - 131.0 Forest Hollow
Dunn Loring,Week1,Kings Ridge ,Week3,307.0 Dunn Loring - 95.0 Kings Ridge
Dunn Loring,Week1,Kings Ridge ,Week4,302.5 Dunn Loring - 99.5 Kings Ridge
Dunn Loring,Week5,Crosspointe,Week3,223.0 Dunn Loring - 179.0 Crosspointe
Dunn Loring,Week1,Kent Gardens,Week2,254.0 Dunn Loring - 148.0 Kent Gardens
Dunn Loring,Week1,Fox Hunt,Week4,233.0 Dunn Loring - 169.0 Fox Hunt
Dowden Terrace,Week3,Vienna Aquatic,Week1,292.0 Vienna Aquatic - 110.0 Dowden Terrace
Dowden Terrace,Week4,Mantua,Week2,231.0 Mantua - 171.0 Dowden Terrace
Dowden Terrace,Week3,Highlands Swim,Week2,323.0 Highlands Swim - 79.0 Dowden Terrace
Dowden Terrace,Week2,McLean,Week3,293.0 McLean - 109.0 Dowden Terrace
Dowden Terrace,Week3,McLean,Week4,293.0 McLean - 109.0 Dowden Terrace
Dowden Terrace,Week1,Vienna Aquatic,Week3,288.0 Vienna Aquatic - 114.0 Dowden Terrace
Donaldson Run,Week4,Villa Aquatic,Week2,318.0 Donaldson Run - 84.0 Villa Aquatic
Donaldson Run,Week1,Village West,Week3,301.0 Donaldson Run - 101.0 Village West
Dowden Terrace,Week1,Hollin Meadows,Week5,226.0 Hollin Meadows - 176.0 Dowden Terrace
Dunn Loring,Week2,Kent Gardens,Week4,300.0 Dunn Loring - 102.0 Kent Gardens
Donaldson Run,Week5,Villa Aquatic,Week5,311.0 Donaldson Run - 91.0 Villa Aquatic
Dunn Loring,Week1,Daventry,Week3,316.0 Dunn Loring - 86.0 Daventry
Dowden Terrace,Week4,McLean,Week5,301.0 McLean - 101.0 Dowden Terrace
Dowden Terrace,Week1,Hollin Meadows,Week3,211.0 Hollin Meadows - 190.0 Dowden Terrace
Dunn Loring,Week5,Kent Gardens,Week2,297.0 Dunn Loring - 105.0 Kent Gardens
Dowden Terrace,Week1,Vienna Aquatic,Week2,281.0 Vienna Aquatic - 121.0 Dowden Terrace
Dunn Loring,Week1,Kings Ridge ,Week5,284.0 Dunn Loring - 118.0 Kings Ridge
Dowden Terrace,Week4,Mantua,Week1,232.0 Mantua - 165.0 Dowden Terrace
Dowden Terrace,Week2,Vienna Aquatic,Week3,290.5 Vienna Aquatic - 111.5 Dowden Terrace
Dunn Loring,Week2,Fox Hunt,Week1,285.0 Dunn Loring - 117.0 Fox Hunt
Dowden Terrace,Week1,McLean,Week3,300.0 McLean - 102.0 Dowden Terrace
Dowden Terrace,Week3,Highlands Swim,Week4,299.0 Highlands Swim - 103.0 Dowden Terrace
Dunn Loring,Week5,Forest Hollow,Week1,262.0 Dunn Loring - 140.0 Forest Hollow
Donaldson Run,Week5,Villa Aquatic,Week2,328.0 Donaldson Run - 74.0 Villa Aquatic
Dunn Loring,Week2,Daventry,Week1,351.0 Dunn Loring - 51.0 Daventry
Dunn Loring,Week4,Kent Gardens,Week5,238.0 Dunn Loring - 164.0 Kent Gardens
Dunn Loring,Week4,Fox Hunt,Week1,289.0 Dunn Loring - 113.0 Fox Hunt
Dowden Terrace,Week4,Vienna Aquatic,Week1,252.0 Vienna Aquatic - 150.0 Dowden Terrace
Dowden Terrace,Week1,Hollin Hills,Week1,294.0 Dowden Terrace - 108.0 Hollin Hills
Dunn Loring,Week3,Kent Gardens,Week2,300.0 Dunn Loring - 102.0 Kent Gardens
Dowden Terrace,Week3,Hollin Hills,Week4,291.0 Dowden Terrace - 111.0 Hollin Hills
Donaldson Run,Week1,Village West,Week5,324.0 Donaldson Run - 78.0 Village West
Dowden Terrace,Week3,Hollin Hills,Week2,307.0 Dowden Terrace - 95.0 Hollin Hills
Dunn Loring,Week3,Daventry,Week1,360.0 Dunn Loring - 42.0 Daventry
Dowden Terrace,Week5,McLean,Week3,283.0 McLean - 119.0 Dowden Terrace
Dowden Terrace,Week5,Vienna Aquatic,Week2,244.0 Vienna Aquatic - 158.0 Dowden Terrace
Donaldson Run,Week1,Village West,Week4,322.0 Donaldson Run - 75.0 Village West
Dowden Terrace,Week5,Mantua,Week4,209.0 Mantua - 193.0 Dowden Terrace
Dunn Loring,Week3,Fox Hunt,Week5,273.0 Dunn Loring - 129.0 Fox Hunt
Dunn Loring,Week1,Kent Gardens,Week1,236.0 Dunn Loring - 166.0 Kent Gardens
Dowden Terrace,Week4,Hollin Hills,Week1,307.0 Dowden Terrace - 95.0 Hollin Hills
Dunn Loring,Week3,Kent Gardens,Week4,304.0 Dunn Loring - 98.0 Kent Gardens
Dunn Loring,Week3,Daventry,Week5,337.0 Dunn Loring - 65.0 Daventry
Dowden Terrace,Week5,Vienna Aquatic,Week5,271.0 Vienna Aquatic - 131.0 Dowden Terrace
Dowden Terrace,Week3,McLean,Week5,309.0 McLean - 93.0 Dowden Terrace
Dowden Terrace,Week1,Mosby Woods,Week3,252.0 Mosby Woods - 144.0 Dowden Terrace
Dunn Loring,Week1,Daventry,Week5,303.0 Dunn Loring - 99.0 Daventry
Dunn Loring,Week5,Crosspointe,Week2,235.0 Dunn Loring - 167.0 Crosspointe
Dowden Terrace,Week4,Vienna Aquatic,Week5,295.0 Vienna Aquatic - 107.0 Dowden Terrace
Dunn Loring,Week4,Fox Hunt,Week3,260.0 Dunn Loring - 142.0 Fox Hunt
Dowden Terrace,Week4,McLean,Week3,295.0 McLean - 102.0 Dowden Terrace
Dunn Loring,Week4,Fox Hunt,Week2,287.0 Dunn Loring - 115.0 Fox Hunt
Dunn Loring,Week4,Fox Hunt,Week4,267.0 Dunn Loring - 135.0 Fox Hunt
Dowden Terrace,Week1,Hollin Hills,Week2,299.0 Dowden Terrace - 101.0 Hollin Hills
Dowden Terrace,Week5,Mantua,Week5,236.5 Mantua - 165.5 Dowden Terrace
Dunn Loring,Week4,Daventry,Week5,341.0 Dunn Loring - 61.0 Daventry
Dunn Loring,Week1,Kent Gardens,Week4,264.0 Dunn Loring - 138.0 Kent Gardens
Dunn Loring,Week5,Daventry,Week4,362.0 Dunn Loring - 40.0 Daventry
Dowden Terrace,Week1,Vienna Woods,Week3,307.0 Vienna Woods - 94.0 Dowden Terrace
Dowden Terrace,Week5,McLean,Week4,260.0 McLean - 142.0 Dowden Terrace
Dunn Loring,Week5,Kent Gardens,Week3,298.0 Dunn Loring - 104.0 Kent Gardens
Dowden Terrace,Week1,Vienna Woods,Week4,289.0 Vienna Woods - 112.0 Dowden Terrace
Dunn Loring,Week5,Daventry,Week1,348.0 Dunn Loring - 54.0 Daventry
Dunn Loring,Week2,Kent Gardens,Week3,293.0 Dunn Loring - 109.0 Kent Gardens
Dowden Terrace,Week2,Hollin Hills,Week1,306.0 Dowden Terrace - 96.0 Hollin Hills
Dunn Loring,Week3,Kent Gardens,Week5,251.0 Dunn Loring - 151.0 Kent Gardens
Dunn Loring,Week4,Daventry,Week2,358.0 Dunn Loring - 43.0 Daventry
Dunn Loring,Week4,Fox Hunt,Week5,256.0 Dunn Loring - 146.0 Fox Hunt
Dowden Terrace,Week1,Vienna Woods,Week2,285.0 Vienna Woods - 113.0 Dowden Terrace
Dunn Loring,Week5,Fox Hunt,Week1,291.0 Dunn Loring - 111.0 Fox Hunt
Dowden Terrace,Week4,McLean,Week4,280.0 McLean - 122.0 Dowden Terrace
Dowden Terrace,Week3,McLean,Week3,305.5 McLean - 96.5 Dowden Terrace
Dowden Terrace,Week4,Hollin Hills,Week3,291.5 Dowden Terrace - 110.5 Hollin Hills
Dowden Terrace,Week4,Hollin Hills,Week4,296.0 Dowden Terrace - 106.0 Hollin Hills
Dowden Terrace,Week1,Vienna Woods,Week5,324.0 Vienna Woods - 77.0 Dowden Terrace
Dunn Loring,Week5,Fox Hunt,Week5,270.0 Dunn Loring - 132.0 Fox Hunt
Dowden Terrace,Week1,Vienna Woods,Week1,294.0 Vienna Woods - 108.0 Dowden Terrace
Dowden Terrace,Week5,Mantua,Week3,233.0 Mantua - 169.0 Dowden Terrace
Dunn Loring,Week3,Kings Ridge ,Week2,348.0 Dunn Loring - 54.0 Kings Ridge
Dunn Loring,Week3,Fox Mill Estates,Week4,285.0 Dunn Loring - 117.0 Fox Mill Estates
Dunn Loring,Week2,Lake Braddock,Week5,352.0 Dunn Loring - 50.0 Lake Braddock
Dunn Loring,Week1,Dominion Hills,Week4,232.0 Dunn Loring - 170.0 Dominion Hills
Dowden Terrace,Week5,Mantua,Week1,221.0 Mantua - 181.0 Dowden Terrace
Dowden Terrace,Week4,Hollin Hills,Week5,295.0 Dowden Terrace - 102.0 Hollin Hills
Dowden Terrace,Week2,Commonwealth,Week5,240.0 Dowden Terrace - 162.0 Commonwealth
Dunn Loring,Week3,Kings Ridge ,Week1,355.0 Dunn Loring - 47.0 Kings Ridge
Dunn Loring,Week1,Fox Mill Estates,Week2,261.0 Dunn Loring - 141.0 Fox Mill Estates
Dowden Terrace,Week1,McLean,Week2,302.0 McLean - 99.0 Dowden Terrace
Dunn Loring,Week2,Kings Ridge ,Week3,334.0 Dunn Loring - 68.0 Kings Ridge
Dowden Terrace,Week1,Hollin Hills,Week4,292.0 Dowden Terrace - 106.0 Hollin Hills
Dowden Terrace,Week5,Hollin Hills,Week5,312.0 Dowden Terrace - 90.0 Hollin Hills
Dunn Loring,Week2,Dominion Hills,Week2,298.0 Dunn Loring - 104.0 Dominion Hills
Dunn Loring,Week1,Fox Mill Estates,Week5,258.5 Dunn Loring - 143.5 Fox Mill Estates
Dunn Loring,Week2,Dominion Hills,Week1,314.0 Dunn Loring - 88.0 Dominion Hills
Dunn Loring,Week2,Fox Mill Estates,Week1,301.0 Dunn Loring - 101.0 Fox Mill Estates
Dowden Terrace,Week3,Vienna Woods,Week4,296.0 Vienna Woods - 106.0 Dowden Terrace
Dowden Terrace,Week2,Hollin Hills,Week3,295.0 Dowden Terrace - 107.0 Hollin Hills
Dowden Terrace,Week4,Vienna Woods,Week4,268.0 Vienna Woods - 129.0 Dowden Terrace
Dowden Terrace,Week3,McLean,Week1,298.0 McLean - 104.0 Dowden Terrace
Dowden Terrace,Week4,Vienna Aquatic,Week3,270.0 Vienna Aquatic - 132.0 Dowden Terrace
Dunn Loring,Week5,Daventry,Week5,337.0 Dunn Loring - 65.0 Daventry
Dowden Terrace,Week2,Vienna Woods,Week2,284.0 Vienna Woods - 118.0 Dowden Terrace
Dunn Loring,Week2,Dominion Hills,Week3,298.0 Dunn Loring - 104.0 Dominion Hills
Dowden Terrace,Week1,McLean,Week5,311.0 McLean - 91.0 Dowden Terrace
Dowden Terrace,Week2,Hollin Hills,Week5,280.0 Dowden Terrace - 122.0 Hollin Hills
Dunn Loring,Week2,Kings Ridge ,Week4,341.0 Dunn Loring - 61.0 Kings Ridge
Dowden Terrace,Week2,McLean,Week1,278.0 McLean - 124.0 Dowden Terrace
Dowden Terrace,Week5,Chesterbrook,Week3,345.0 Chesterbrook - 57.0 Dowden Terrace
Dunn Loring,Week2,Kings Ridge ,Week5,331.0 Dunn Loring - 71.0 Kings Ridge
Dowden Terrace,Week2,Vienna Woods,Week5,315.0 Vienna Woods - 87.0 Dowden Terrace
Dowden Terrace,Week4,Chesterbrook,Week1,326.0 Chesterbrook - 76.0 Dowden Terrace
Dowden Terrace,Week3,Chesterbrook,Week1,337.0 Chesterbrook - 65.0 Dowden Terrace
Dowden Terrace,Week2,Vienna Woods,Week1,286.0 Vienna Woods - 111.0 Dowden Terrace
Dowden Terrace,Week1,Hollin Hills,Week5,285.0 Dowden Terrace - 115.0 Hollin Hills
Dunn Loring,Week1,Dominion Hills,Week5,229.0 Dunn Loring - 173.0 Dominion Hills
Dunn Loring,Week1,Lake Braddock,Week4,317.0 Dunn Loring - 85.0 Lake Braddock
Dowden Terrace,Week1,Hollin Hills,Week3,298.0 Dowden Terrace - 103.0 Hollin Hills
Dowden Terrace,Week5,Chesterbrook,Week5,329.0 Chesterbrook - 73.0 Dowden Terrace
Dunn Loring,Week2,Kings Ridge ,Week1,348.0 Dunn Loring - 54.0 Kings Ridge
Dunn Loring,Week2,Fox Mill Estates,Week2,278.0 Dunn Loring - 124.0 Fox Mill Estates
Dunn Loring,Week1,Dominion Hills,Week2,250.0 Dunn Loring - 152.0 Dominion Hills
Dunn Loring,Week2,Fox Mill Estates,Week3,292.0 Dunn Loring - 110.0 Fox Mill Estates
Dowden Terrace,Week5,Vienna Woods,Week1,269.5 Vienna Woods - 132.5 Dowden Terrace
Dowden Terrace,Week4,Mantua,Week5,265.0 Mantua - 137.0 Dowden Terrace
Dunn Loring,Week2,Fox Mill Estates,Week5,271.0 Dunn Loring - 131.0 Fox Mill Estates
Dowden Terrace,Week5,Hollin Hills,Week3,322.0 Dowden Terrace - 80.0 Hollin Hills
Dunn Loring,Week2,Dominion Hills,Week5,266.0 Dunn Loring - 136.0 Dominion Hills
Dunn Loring,Week5,Kings Ridge ,Week2,353.0 Dunn Loring - 49.0 Kings Ridge
Dunn Loring,Week3,Fox Mill Estates,Week5,288.0 Dunn Loring - 114.0 Fox Mill Estates
Dowden Terrace,Week5,Hollin Hills,Week2,323.0 Dowden Terrace - 79.0 Hollin Hills
Dowden Terrace,Week2,McLean,Week4,278.0 McLean - 124.0 Dowden Terrace
Dunn Loring,Week3,Kings Ridge ,Week3,351.0 Dunn Loring - 51.0 Kings Ridge
Dowden Terrace,Week5,Vienna Woods,Week5,294.0 Vienna Woods - 108.0 Dowden Terrace
Dowden Terrace,Week2,Commonwealth,Week2,219.0 Dowden Terrace - 183.0 Commonwealth
Dunn Loring,Week5,Fox Hunt,Week4,271.0 Dunn Loring - 131.0 Fox Hunt
Dunn Loring,Week3,Dominion Hills,Week1,325.0 Dunn Loring - 77.0 Dominion Hills
Dowden Terrace,Week5,Mantua,Week2,220.0 Mantua - 182.0 Dowden Terrace
Dowden Terrace,Week5,Highlands Swim,Week5,277.0 Highlands Swim - 125.0 Dowden Terrace
Dunn Loring,Week2,Fox Mill Estates,Week4,273.0 Dunn Loring - 129.0 Fox Mill Estates
Dowden Terrace,Week3,Hollin Hills,Week1,311.0 Dowden Terrace - 91.0 Hollin Hills
Dowden Terrace,Week1,McLean,Week1,288.0 McLean - 114.0 Dowden Terrace
Dunn Loring,Week2,Dominion Hills,Week4,261.0 Dunn Loring - 141.0 Dominion Hills
Dowden Terrace,Week4,Vienna Woods,Week2,268.0 Vienna Woods - 134.0 Dowden Terrace
Dowden Terrace,Week1,McLean,Week4,295.0 McLean - 107.0 Dowden Terrace
Dunn Loring,Week4,Fox Mill Estates,Week1,310.0 Dunn Loring - 92.0 Fox Mill Estates
Dowden Terrace,Week4,Commonwealth,Week3,232.0 Dowden Terrace - 170.0 Commonwealth
Dowden Terrace,Week5,Vienna Woods,Week4,255.0 Vienna Woods - 147.0 Dowden Terrace
Dunn Loring,Week1,Lake Braddock,Week5,308.0 Dunn Loring - 94.0 Lake Braddock
Dowden Terrace,Week4,Vienna Woods,Week3,284.0 Vienna Woods - 118.0 Dowden Terrace
Dunn Loring,Week1,Dominion Hills,Week1,265.0 Dunn Loring - 137.0 Dominion Hills
Dowden Terrace,Week2,Commonwealth,Week3,228.0 Dowden Terrace - 174.0 Commonwealth
Dowden Terrace,Week1,Commonwealth,Week1,262.0 Dowden Terrace - 135.0 Commonwealth
Dowden Terrace,Week5,Hollin Hills,Week4,322.0 Dowden Terrace - 80.0 Hollin Hills
Dowden Terrace,Week5,Vienna Woods,Week2,256.0 Vienna Woods - 146.0 Dowden Terrace
Dunn Loring,Week2,Lake Braddock,Week4,368.0 Dunn Loring - 34.0 Lake Braddock
Dowden Terrace,Week3,McLean,Week2,296.0 McLean - 106.0 Dowden Terrace
Dowden Terrace,Week1,Brookfield ,Week3,210.0 Dowden Terrace - 188.0 Brookfield
Dowden Terrace,Week5,Chesterbrook,Week1,313.0 Chesterbrook - 89.0 Dowden Terrace
Dunn Loring,Week2,Lake Braddock,Week1,378.0 Dunn Loring - 24.0 Lake Braddock
Dunn Loring,Week2,Lake Braddock,Week3,363.0 Dunn Loring - 39.0 Lake Braddock
Dunn Loring,Week1,Dominion Hills,Week3,253.5 Dunn Loring - 148.5 Dominion Hills
Dunn Loring,Week4,Fox Mill Estates,Week2,277.0 Dunn Loring - 125.0 Fox Mill Estates
Dunn Loring,Week3,Fox Mill Estates,Week3,297.0 Dunn Loring - 105.0 Fox Mill Estates
Dunn Loring,Week3,Dominion Hills,Week2,308.0 Dunn Loring - 94.0 Dominion Hills
Dowden Terrace,Week3,Hollin Hills,Week5,298.0 Dowden Terrace - 104.0 Hollin Hills
Dowden Terrace,Week1,Commonwealth,Week2,218.0 Dowden Terrace - 184.0 Commonwealth
Dunn Loring,Week4,Fox Mill Estates,Week3,296.0 Dunn Loring - 106.0 Fox Mill Estates
Dowden Terrace,Week5,Hollin Hills,Week1,323.0 Dowden Terrace - 79.0 Hollin Hills
Dowden Terrace,Week1,Commonwealth,Week5,230.0 Dowden Terrace - 172.0 Commonwealth
Dowden Terrace,Week2,McLean,Week5,298.0 McLean - 104.0 Dowden Terrace
Dowden Terrace,Week4,Hollin Hills,Week2,305.0 Dowden Terrace - 97.0 Hollin Hills
Dunn Loring,Week5,Kings Ridge ,Week5,336.0 Dunn Loring - 66.0 Kings Ridge
Dunn Loring,Week3,Dominion Hills,Week3,302.0 Dunn Loring - 100.0 Dominion Hills
Dowden Terrace,Week1,Villa Aquatic,Week1,211.0 Dowden Terrace - 191.0 Villa Aquatic
Dowden Terrace,Week1,Villa Aquatic,Week3,219.0 Villa Aquatic - 182.0 Dowden Terrace
Dowden Terrace,Week4,Commonwealth,Week5,234.0 Dowden Terrace - 168.0 Commonwealth
Dowden Terrace,Week2,McLean,Week2,278.0 McLean - 124.0 Dowden Terrace
Dowden Terrace,Week5,McLean,Week5,274.0 McLean - 128.0 Dowden Terrace
Dowden Terrace,Week2,Villa Aquatic,Week1,214.0 Dowden Terrace - 188.0 Villa Aquatic
Dowden Terrace,Week4,Chesterbrook,Week4,324.0 Chesterbrook - 78.0 Dowden Terrace
Dowden Terrace,Week1,Mosby Woods,Week2,260.0 Mosby Woods - 142.0 Dowden Terrace
Dowden Terrace,Week4,McLean,Week2,293.0 McLean - 109.0 Dowden Terrace
Dowden Terrace,Week3,Brookfield ,Week4,206.0 Brookfield - 196.0 Dowden Terrace
Dowden Terrace,Week3,Vienna Woods,Week3,315.0 Vienna Woods - 87.0 Dowden Terrace
Dowden Terrace,Week1,Hollin Meadows,Week1,224.0 Hollin Meadows - 177.0 Dowden Terrace
Dunn Loring,Week2,Kings Ridge ,Week2,345.0 Dunn Loring - 57.0 Kings Ridge
Dunn Loring,Week1,Fox Mill Estates,Week4,250.0 Dunn Loring - 152.0 Fox Mill Estates
Dowden Terrace,Week2,Vienna Woods,Week4,283.0 Vienna Woods - 119.0 Dowden Terrace
Dowden Terrace,Week2,Holmes Run Acres,Week4,208.0 Dowden Terrace - 194.0 Holmes Run Acres
Dowden Terrace,Week4,Chesterbrook,Week3,338.0 Chesterbrook - 64.0 Dowden Terrace
Dowden Terrace,Week5,McLean,Week2,270.0 McLean - 132.0 Dowden Terrace
Dowden Terrace,Week1,Hollin Meadows,Week4,210.0 Hollin Meadows - 192.0 Dowden Terrace
Dunn Loring,Week1,Lake Braddock,Week1,341.0 Dunn Loring - 61.0 Lake Braddock
Dowden Terrace,Week4,Bren Mar-Edsall Park,Week1,368.0 Dowden Terrace - 34.0 Bren Mar-Edsall Park
Dowden Terrace,Week5,Bren Mar-Edsall Park,Week1,380.0 Dowden Terrace - 22.0 Bren Mar-Edsall Park
Dowden Terrace,Week5,Brookfield ,Week1,219.0 Dowden Terrace - 183.0 Brookfield
Dunn Loring,Week1,Fox Mill Estates,Week1,269.0 Dunn Loring - 133.0 Fox Mill Estates
Dowden Terrace,Week1,Mosby Woods,Week1,258.0 Mosby Woods - 144.0 Dowden Terrace
Dunn Loring,Week4,Kings Ridge ,Week1,353.0 Dunn Loring - 49.0 Kings Ridge
Dunn Loring,Week4,Kings Ridge ,Week2,346.0 Dunn Loring - 56.0 Kings Ridge
Dunn Loring,Week5,Kings Ridge ,Week1,352.0 Dunn Loring - 50.0 Kings Ridge
Dunn Loring,Week1,Fox Mill Estates,Week3,264.0 Dunn Loring - 138.0 Fox Mill Estates
Dowden Terrace,Week3,Brookfield ,Week3,223.0 Dowden Terrace - 179.0 Brookfield
Dowden Terrace,Week4,Hollin Meadows,Week1,227.0 Hollin Meadows - 175.0 Dowden Terrace
Dunn Loring,Week3,Kings Ridge ,Week5,339.0 Dunn Loring - 63.0 Kings Ridge
Dowden Terrace,Week5,Hollin Meadows,Week5,202.0 Dowden Terrace - 200.0 Hollin Meadows
Dowden Terrace,Week1,Villa Aquatic,Week4,201.0 Dowden Terrace - 201.0 Villa Aquatic
Dunn Loring,Week4,Fox Mill Estates,Week4,277.0 Dunn Loring - 125.0 Fox Mill Estates
Dowden Terrace,Week1,Villa Aquatic,Week2,205.0 Dowden Terrace - 197.0 Villa Aquatic
Dowden Terrace,Week4,Vienna Woods,Week1,281.0 Vienna Woods - 121.0 Dowden Terrace
Dunn Loring,Week3,Fox Mill Estates,Week1,305.0 Dunn Loring - 97.0 Fox Mill Estates
Dowden Terrace,Week3,Hollin Meadows,Week1,224.0 Hollin Meadows - 178.0 Dowden Terrace
Dowden Terrace,Week1,Hollin Meadows,Week2,201.0 Dowden Terrace - 201.0 Hollin Meadows
Dowden Terrace,Week2,Villa Aquatic,Week2,220.0 Dowden Terrace - 182.0 Villa Aquatic
Dowden Terrace,Week5,McLean,Week1,259.5 McLean - 142.5 Dowden Terrace
Dowden Terrace,Week2,Chesterbrook,Week5,347.0 Chesterbrook - 55.0 Dowden Terrace
Dunn Loring,Week3,Fox Mill Estates,Week2,281.0 Dunn Loring - 121.0 Fox Mill Estates
Dowden Terrace,Week3,Chesterbrook,Week3,362.0 Chesterbrook - 40.0 Dowden Terrace
Dunn Loring,Week4,Kings Ridge ,Week5,328.0 Dunn Loring - 74.0 Kings Ridge
Dowden Terrace,Week3,Chesterbrook,Week4,340.0 Chesterbrook - 62.0 Dowden Terrace
Dowden Terrace,Week4,Brookfield ,Week3,230.0 Dowden Terrace - 172.0 Brookfield
Dunn Loring,Week5,Fox Hunt,Week3,265.5 Dunn Loring - 136.5 Fox Hunt
Dowden Terrace,Week5,Bren Mar-Edsall Park,Week3,368.0 Dowden Terrace - 34.0 Bren Mar-Edsall Park
Dowden Terrace,Week1,Commonwealth,Week3,229.0 Dowden Terrace - 173.0 Commonwealth
Dowden Terrace,Week4,McLean,Week1,274.0 McLean - 128.0 Dowden Terrace
Dowden Terrace,Week3,Commonwealth,Week4,240.0 Dowden Terrace - 162.0 Commonwealth
Dowden Terrace,Week2,Holmes Run Acres,Week2,215.0 Dowden Terrace - 187.0 Holmes Run Acres
Dowden Terrace,Week5,Hollin Meadows,Week3,223.0 Dowden Terrace - 179.0 Hollin Meadows
Dowden Terrace,Week2,Holmes Run Acres,Week3,242.0 Holmes Run Acres - 160.0 Dowden Terrace
Dowden Terrace,Week5,Bren Mar-Edsall Park,Week2,377.0 Dowden Terrace - 25.0 Bren Mar-Edsall Park
Dowden Terrace,Week3,Bren Mar-Edsall Park,Week4,366.0 Dowden Terrace - 36.0 Bren Mar-Edsall Park
Dowden Terrace,Week3,Vienna Woods,Week5,330.0 Vienna Woods - 72.0 Dowden Terrace
Dunn Loring,Week3,Fox Mill Woods,Week3,244.0 Dunn Loring - 158.0 Fox Mill Woods
Dunn Loring,Week4,Fox Mill Woods,Week2,242.0 Dunn Loring - 160.0 Fox Mill Woods
Dowden Terrace,Week3,Chesterbrook,Week2,352.0 Chesterbrook - 50.0 Dowden Terrace
Dowden Terrace,Week5,Chesterbrook,Week4,319.0 Chesterbrook - 83.0 Dowden Terrace
Dowden Terrace,Week3,Vienna Woods,Week2,295.0 Vienna Woods - 107.0 Dowden Terrace
Dowden Terrace,Week5,Mosby Woods,Week3,229.0 Mosby Woods - 173.0 Dowden Terrace
Dowden Terrace,Week1,Holmes Run Acres,Week1,209.0 Dowden Terrace - 192.0 Holmes Run Acres
Dowden Terrace,Week4,Chesterbrook,Week2,331.0 Chesterbrook - 71.0 Dowden Terrace
Dowden Terrace,Week3,Vienna Woods,Week1,303.0 Vienna Woods - 99.0 Dowden Terrace
Dowden Terrace,Week1,Villa Aquatic,Week5,211.0 Villa Aquatic - 191.0 Dowden Terrace
Dunn Loring,Week5,Kings Ridge ,Week3,349.0 Dunn Loring - 53.0 Kings Ridge
Dunn Loring,Week5,Kings Ridge ,Week4,347.0 Dunn Loring - 55.0 Kings Ridge
Dowden Terrace,Week2,Brookfield ,Week3,222.0 Dowden Terrace - 180.0 Brookfield
Dowden Terrace,Week2,Mosby Woods,Week5,257.0 Mosby Woods - 145.0 Dowden Terrace
Dunn Loring,Week4,Kings Ridge ,Week4,334.0 Dunn Loring - 68.0 Kings Ridge
Dunn Loring,Week1,Fox Mill Woods,Week4,222.0 Fox Mill Woods - 180.0 Dunn Loring
Dunn Loring,Week3,Kings Ridge ,Week4,349.0 Dunn Loring - 53.0 Kings Ridge
Dowden Terrace,Week2,Mount Vernon Park,Week1,242.0 Mount Vernon Park - 160.0 Dowden Terrace
Dowden Terrace,Week1,Mount Vernon Park,Week2,248.0 Mount Vernon Park - 154.0 Dowden Terrace
Dunn Loring,Week2,Fox Mill Woods,Week4,224.0 Dunn Loring - 178.0 Fox Mill Woods
Dowden Terrace,Week5,Chesterbrook,Week2,320.0 Chesterbrook - 82.0 Dowden Terrace
Dowden Terrace,Week5,Vienna Woods,Week3,273.0 Vienna Woods - 129.0 Dowden Terrace
Dowden Terrace,Week4,Bren Mar-Edsall Park,Week4,354.0 Dowden Terrace - 43.0 Bren Mar-Edsall Park
Dowden Terrace,Week4,Vienna Woods,Week5,301.0 Vienna Woods - 101.0 Dowden Terrace
Dowden Terrace,Week3,Mosby Woods,Week2,264.0 Mosby Woods - 138.0 Dowden Terrace
Dowden Terrace,Week3,Villa Aquatic,Week5,216.0 Villa Aquatic - 186.0 Dowden Terrace
Dunn Loring,Week1,Great Falls,Week3,232.0 Dunn Loring - 170.0 Great Falls
Dowden Terrace,Week2,Mosby Woods,Week1,255.0 Mosby Woods - 147.0 Dowden Terrace
Dowden Terrace,Week2,Brookfield ,Week1,207.0 Brookfield - 195.0 Dowden Terrace
Dunn Loring,Week1,Great Falls,Week1,260.0 Dunn Loring - 142.0 Great Falls
Dunn Loring,Week1,Lake Braddock,Week2,323.0 Dunn Loring - 79.0 Lake Braddock
Dunn Loring,Week4,Kings Ridge ,Week3,338.0 Dunn Loring - 63.0 Kings Ridge
Dowden Terrace,Week3,Chesterbrook,Week5,351.0 Chesterbrook - 51.0 Dowden Terrace
Dunn Loring,Week1,Lake Braddock,Week3,323.0 Dunn Loring - 79.0 Lake Braddock
Dowden Terrace,Week1,Holmes Run Acres,Week2,204.5 Dowden Terrace - 197.5 Holmes Run Acres
Dowden Terrace,Week3,Brookfield ,Week1,212.0 Brookfield - 190.0 Dowden Terrace
Dowden Terrace,Week2,Hollin Meadows,Week2,205.5 Dowden Terrace - 196.5 Hollin Meadows
Dowden Terrace,Week2,Mosby Woods,Week3,254.0 Mosby Woods - 148.0 Dowden Terrace
Dunn Loring,Week3,Fox Mill Woods,Week5,250.0 Dunn Loring - 152.0 Fox Mill Woods
Dowden Terrace,Week3,Mosby Woods,Week3,258.0 Mosby Woods - 144.0 Dowden Terrace
Dowden Terrace,Week3,Bren Mar-Edsall Park,Week5,361.0 Dowden Terrace - 41.0 Bren Mar-Edsall Park
Dowden Terrace,Week4,Chesterbrook,Week5,326.0 Chesterbrook - 76.0 Dowden Terrace
Dowden Terrace,Week2,Commonwealth,Week4,245.0 Dowden Terrace - 157.0 Commonwealth
Dowden Terrace,Week2,Hollin Meadows,Week3,210.0 Hollin Meadows - 192.0 Dowden Terrace
Dunn Loring,Week5,Fox Mill Woods,Week1,228.0 Dunn Loring - 174.0 Fox Mill Woods
Dowden Terrace,Week5,Hollin Meadows,Week1,211.0 Dowden Terrace - 191.0 Hollin Meadows
Dowden Terrace,Week4,Hollin Meadows,Week4,203.0 Hollin Meadows - 199.0 Dowden Terrace
Dowden Terrace,Week2,Villa Aquatic,Week5,204.5 Villa Aquatic - 197.5 Dowden Terrace
Dunn Loring,Week4,Lake Braddock,Week1,378.0 Dunn Loring - 24.0 Lake Braddock
Dunn Loring,Week3,Lake Braddock,Week4,370.0 Dunn Loring - 32.0 Lake Braddock
Dunn Loring,Week1,Fox Mill Woods,Week1,214.0 Fox Mill Woods - 188.0 Dunn Loring
Dowden Terrace,Week1,Mount Vernon Park,Week1,244.0 Mount Vernon Park - 157.0 Dowden Terrace
Dunn Loring,Week5,Fox Mill Estates,Week5,299.0 Dunn Loring - 103.0 Fox Mill Estates
Dunn Loring,Week2,Lake Braddock,Week2,361.0 Dunn Loring - 41.0 Lake Braddock
Dowden Terrace,Week2,Mosby Woods,Week2,264.0 Mosby Woods - 138.0 Dowden Terrace
Dowden Terrace,Week2,Commonwealth,Week1,262.0 Dowden Terrace - 139.0 Commonwealth
Dunn Loring,Week3,Lake Braddock,Week3,359.0 Dunn Loring - 43.0 Lake Braddock
Dowden Terrace,Week4,Mosby Woods,Week1,254.0 Mosby Woods - 148.0 Dowden Terrace
Dowden Terrace,Week1,Brookfield ,Week5,213.0 Dowden Terrace - 189.0 Brookfield
Dowden Terrace,Week1,Holmes Run Acres,Week5,249.0 Holmes Run Acres - 153.0 Dowden Terrace
Dowden Terrace,Week4,Hollin Meadows,Week3,211.0 Hollin Meadows - 191.0 Dowden Terrace
Dunn Loring,Week3,Lake Braddock,Week2,368.0 Dunn Loring - 34.0 Lake Braddock
Dowden Terrace,Week1,Commonwealth,Week4,237.0 Dowden Terrace - 160.0 Commonwealth
Dowden Terrace,Week2,Hollin Meadows,Week5,211.0 Hollin Meadows - 191.0 Dowden Terrace
Dowden Terrace,Week2,Village West,Week4,266.0 Dowden Terrace - 131.0 Village West
Dowden Terrace,Week3,Villa Aquatic,Week1,228.0 Dowden Terrace - 174.0 Villa Aquatic
Dowden Terrace,Week1,Brookfield ,Week1,218.0 Brookfield - 184.0 Dowden Terrace
Dowden Terrace,Week3,Commonwealth,Week3,222.0 Dowden Terrace - 180.0 Commonwealth
Dowden Terrace,Week4,Commonwealth,Week1,281.0 Dowden Terrace - 116.0 Commonwealth
Dowden Terrace,Week5,Bren Mar-Edsall Park,Week5,365.0 Dowden Terrace - 37.0 Bren Mar-Edsall Park
Dunn Loring,Week5,Fox Mill Estates,Week2,290.0 Dunn Loring - 112.0 Fox Mill Estates
Dowden Terrace,Week4,Villa Aquatic,Week2,213.0 Dowden Terrace - 189.0 Villa Aquatic
Dowden Terrace,Week3,Brookfield ,Week2,209.0 Dowden Terrace - 193.0 Brookfield
Dunn Loring,Week5,Fox Mill Woods,Week5,241.0 Dunn Loring - 161.0 Fox Mill Woods
Dowden Terrace,Week3,Commonwealth,Week1,266.0 Dowden Terrace - 136.0 Commonwealth
Dunn Loring,Week4,Fox Mill Woods,Week5,221.0 Dunn Loring - 181.0 Fox Mill Woods
Dowden Terrace,Week2,Brookfield ,Week4,204.0 Dowden Terrace - 198.0 Brookfield
Dowden Terrace,Week3,Hollin Meadows,Week3,227.0 Hollin Meadows - 175.0 Dowden Terrace
Dunn Loring,Week4,Fox Mill Woods,Week3,243.0 Dunn Loring - 159.0 Fox Mill Woods
Dowden Terrace,Week2,Hollin Meadows,Week1,212.0 Hollin Meadows - 190.0 Dowden Terrace
Dowden Terrace,Week3,Commonwealth,Week2,216.0 Dowden Terrace - 186.0 Commonwealth
Dunn Loring,Week3,Fox Mill Woods,Week2,252.0 Dunn Loring - 150.0 Fox Mill Woods
Dowden Terrace,Week4,Villa Aquatic,Week4,217.0 Dowden Terrace - 185.0 Villa Aquatic
Dowden Terrace,Week5,Villa Aquatic,Week1,236.0 Dowden Terrace - 166.0 Villa Aquatic
Dunn Loring,Week4,Lake Braddock,Week3,370.0 Dunn Loring - 32.0 Lake Braddock
Dowden Terrace,Week1,Brookfield ,Week4,203.0 Brookfield - 199.0 Dowden Terrace
Dunn Loring,Week4,Lake Braddock,Week4,375.0 Dunn Loring - 27.0 Lake Braddock
Dowden Terrace,Week3,Commonwealth,Week5,230.0 Dowden Terrace - 172.0 Commonwealth
Dowden Terrace,Week1,Mount Vernon Park,Week5,266.5 Mount Vernon Park - 131.5 Dowden Terrace
Dowden Terrace,Week5,Villa Aquatic,Week2,243.0 Dowden Terrace - 159.0 Villa Aquatic
Dowden Terrace,Week1,Mount Vernon Park,Week4,249.0 Mount Vernon Park - 153.0 Dowden Terrace
Dowden Terrace,Week5,Bren Mar-Edsall Park,Week4,367.0 Dowden Terrace - 35.0 Bren Mar-Edsall Park
Dowden Terrace,Week4,Mosby Woods,Week2,250.0 Mosby Woods - 152.0 Dowden Terrace
Dowden Terrace,Week5,Mosby Woods,Week1,227.0 Mosby Woods - 175.0 Dowden Terrace
Dowden Terrace,Week3,Hollin Meadows,Week2,204.0 Hollin Meadows - 198.0 Dowden Terrace
Dowden Terrace,Week2,Village West,Week3,248.5 Dowden Terrace - 153.5 Village West
Dowden Terrace,Week2,Hollin Meadows,Week4,204.0 Hollin Meadows - 198.0 Dowden Terrace
Dowden Terrace,Week2,Mount Vernon Park,Week2,241.0 Mount Vernon Park - 161.0 Dowden Terrace
Dowden Terrace,Week2,Brookfield ,Week2,216.0 Dowden Terrace - 186.0 Brookfield
Dowden Terrace,Week1,Holmes Run Acres,Week3,233.0 Holmes Run Acres - 168.0 Dowden Terrace
Dowden Terrace,Week4,Villa Aquatic,Week5,204.0 Dowden Terrace - 198.0 Villa Aquatic
Dowden Terrace,Week1,Cottontail,Week4,250.0 Dowden Terrace - 151.0 Cottontail
Dowden Terrace,Week4,Bren Mar-Edsall Park,Week5,357.5 Dowden Terrace - 39.5 Bren Mar-Edsall Park
Dowden Terrace,Week3,Mosby Woods,Week4,250.0 Mosby Woods - 152.0 Dowden Terrace
Dowden Terrace,Week3,Hollin Meadows,Week4,222.0 Hollin Meadows - 180.0 Dowden Terrace
Dowden Terrace,Week4,Bren Mar-Edsall Park,Week3,368.0 Dowden Terrace - 34.0 Bren Mar-Edsall Park
Dunn Loring,Week3,Lake Braddock,Week5,360.0 Dunn Loring - 42.0 Lake Braddock
Dowden Terrace,Week4,Commonwealth,Week4,250.0 Dowden Terrace - 152.0 Commonwealth
Dunn Loring,Week4,Lake Braddock,Week5,359.0 Dunn Loring - 43.0 Lake Braddock
Dowden Terrace,Week4,Bren Mar-Edsall Park,Week2,375.0 Dowden Terrace - 22.0 Bren Mar-Edsall Park
Dowden Terrace,Week1,Cottontail,Week2,224.0 Dowden Terrace - 178.0 Cottontail
Dowden Terrace,Week5,Villa Aquatic,Week3,209.0 Dowden Terrace - 193.0 Villa Aquatic
Dunn Loring,Week5,Lake Braddock,Week3,358.0 Dunn Loring - 44.0 Lake Braddock
Dowden Terrace,Week5,Villa Aquatic,Week4,233.0 Dowden Terrace - 169.0 Villa Aquatic
Dowden Terrace,Week5,Mosby Woods,Week4,209.0 Mosby Woods - 193.0 Dowden Terrace
Dunn Loring,Week5,Fox Mill Estates,Week1,313.0 Dunn Loring - 89.0 Fox Mill Estates
Dunn Loring,Week2,Fox Mill Woods,Week1,227.0 Dunn Loring - 175.0 Fox Mill Woods
Dunn Loring,Week1,Lakevale Estates,Week1,214.0 Lakevale Estates - 188.0 Dunn Loring
Dunn Loring,Week5,Fox Mill Estates,Week4,277.0 Dunn Loring - 125.0 Fox Mill Estates
Dowden Terrace,Week4,Commonwealth,Week2,232.0 Dowden Terrace - 170.0 Commonwealth
Dowden Terrace,Week3,Brookfield ,Week5,220.0 Dowden Terrace - 182.0 Brookfield
Dunn Loring,Week1,Lakevale Estates,Week5,242.0 Lakevale Estates - 160.0 Dunn Loring
Dunn Loring,Week5,Fox Mill Estates,Week3,303.0 Dunn Loring - 99.0 Fox Mill Estates
Dowden Terrace,Week1,Mosby Woods,Week5,247.0 Mosby Woods - 155.0 Dowden Terrace
Dowden Terrace,Week5,Village West,Week1,290.0 Dowden Terrace - 112.0 Village West
Dowden Terrace,Week5,Hollin Meadows,Week2,237.0 Dowden Terrace - 165.0 Hollin Meadows
Dowden Terrace,Week4,Village West,Week1,269.0 Dowden Terrace - 133.0 Village West
Dunn Loring,Week1,Fox Mill Woods,Week3,209.0 Fox Mill Woods - 193.0 Dunn Loring
Dowden Terrace,Week4,Hollin Meadows,Week2,207.0 Hollin Meadows - 195.0 Dowden Terrace
Dowden Terrace,Week5,Commonwealth,Week4,276.0 Dowden Terrace - 126.0 Commonwealth
Dowden Terrace,Week2,Villa Aquatic,Week3,203.0 Villa Aquatic - 199.0 Dowden Terrace
Dunn Loring,Week1,Fox Mill Woods,Week2,207.0 Fox Mill Woods - 195.0 Dunn Loring
Dunn Loring,Week1,Lakevale Estates,Week4,233.0 Lakevale Estates - 169.0 Dunn Loring
Dunn Loring,Week2,Fox Mill Woods,Week2,242.0 Dunn Loring - 160.0 Fox Mill Woods
Dowden Terrace,Week5,Village West,Week3,279.0 Dowden Terrace - 123.0 Village West
Dunn Loring,Week1,Lakevale Estates,Week2,216.0 Lakevale Estates - 186.0 Dunn Loring
Dowden Terrace,Week1,Brookfield ,Week2,208.0 Brookfield - 193.0 Dowden Terrace
Dowden Terrace,Week2,Brookfield ,Week5,211.0 Dowden Terrace - 186.0 Brookfield
Dowden Terrace,Week3,Cottontail,Week4,232.0 Dowden Terrace - 170.0 Cottontail
Dowden Terrace,Week3,Mosby Woods,Week1,262.0 Mosby Woods - 140.0 Dowden Terrace
Dowden Terrace,Week5,Hollin Meadows,Week4,227.0 Dowden Terrace - 175.0 Hollin Meadows
Dunn Loring,Week1,Lakevale Estates,Week3,221.0 Lakevale Estates - 181.0 Dunn Loring
Dowden Terrace,Week3,Cottontail,Week5,206.0 Cottontail - 196.0 Dowden Terrace
Dowden Terrace,Week2,Mosby Woods,Week4,239.0 Mosby Woods - 163.0 Dowden Terrace
Dowden Terrace,Week1,Mosby Woods,Week4,231.0 Mosby Woods - 171.0 Dowden Terrace
Dowden Terrace,Week3,Holmes Run Acres,Week1,204.0 Dowden Terrace - 198.0 Holmes Run Acres
Dowden Terrace,Week5,Mosby Woods,Week2,233.0 Mosby Woods - 169.0 Dowden Terrace
Dowden Terrace,Week2,Holmes Run Acres,Week1,202.0 Dowden Terrace - 200.0 Holmes Run Acres
Dunn Loring,Week2,Lakevale Estates,Week2,224.0 Dunn Loring - 178.0 Lakevale Estates
Dunn Loring,Week1,Fox Mill Woods,Week5,219.5 Fox Mill Woods - 182.5 Dunn Loring
Dowden Terrace,Week1,Holmes Run Acres,Week4,203.0 Holmes Run Acres - 198.0 Dowden Terrace
Dowden Terrace,Week3,Mosby Woods,Week5,257.0 Mosby Woods - 145.0 Dowden Terrace
Dunn Loring,Week2,Lakevale Estates,Week3,205.0 Dunn Loring - 197.0 Lakevale Estates
Dowden Terrace,Week3,Hollin Meadows,Week5,225.0 Hollin Meadows - 177.0 Dowden Terrace
Dowden Terrace,Week4,Brookfield ,Week1,204.0 Dowden Terrace - 198.0 Brookfield
Dowden Terrace,Week5,Commonwealth,Week1,294.0 Dowden Terrace - 108.0 Commonwealth
Dowden Terrace,Week4,Mosby Woods,Week4,232.0 Mosby Woods - 170.0 Dowden Terrace
Dowden Terrace,Week2,Cottontail,Week2,239.0 Dowden Terrace - 163.0 Cottontail
Dowden Terrace,Week3,Villa Aquatic,Week3,223.0 Villa Aquatic - 179.0 Dowden Terrace
Dowden Terrace,Week4,Brookfield ,Week5,222.0 Dowden Terrace - 180.0 Brookfield
Dowden Terrace,Week5,Mosby Woods,Week5,231.0 Mosby Woods - 171.0 Dowden Terrace
Dunn Loring,Week3,Fox Mill Woods,Week4,249.0 Dunn Loring - 153.0 Fox Mill Woods
Dowden Terrace,Week4,Hollin Meadows,Week5,214.0 Hollin Meadows - 188.0 Dowden Terrace
Dowden Terrace,Week5,Commonwealth,Week5,254.0 Dowden Terrace - 148.0 Commonwealth
Dowden Terrace,Week3,Villa Aquatic,Week2,214.0 Dowden Terrace - 188.0 Villa Aquatic
Dowden Terrace,Week2,Cottontail,Week5,212.0 Dowden Terrace - 190.0 Cottontail
Dowden Terrace,Week1,Village West,Week3,252.0 Dowden Terrace - 149.0 Village West
Dowden Terrace,Week5,Brookfield ,Week3,246.0 Dowden Terrace - 156.0 Brookfield
Dowden Terrace,Week5,Village West,Week5,287.0 Dowden Terrace - 115.0 Village West
Dowden Terrace,Week1,Broyhill Crest,Week1,331.0 Dowden Terrace - 70.0 Broyhill Crest
Dunn Loring,Week5,Lake Braddock,Week2,360.0 Dunn Loring - 42.0 Lake Braddock
Dowden Terrace,Week1,Broyhill Crest,Week3,337.0 Dowden Terrace - 61.0 Broyhill Crest
Dunn Loring,Week3,Lake Braddock,Week1,376.0 Dunn Loring - 26.0 Lake Braddock
Dowden Terrace,Week4,Brookfield ,Week4,219.0 Dowden Terrace - 183.0 Brookfield
Dowden Terrace,Week4,Mosby Woods,Week5,250.0 Mosby Woods - 152.0 Dowden Terrace
Dunn Loring,Week2,Fox Mill Woods,Week5,229.0 Dunn Loring - 173.0 Fox Mill Woods
Dowden Terrace,Week4,Cottontail,Week1,232.0 Dowden Terrace - 170.0 Cottontail
Dunn Loring,Week2,Lakevale Estates,Week1,209.0 Dunn Loring - 193.0 Lakevale Estates
Dunn Loring,Week4,Fox Mill Woods,Week1,222.0 Dunn Loring - 180.0 Fox Mill Woods
Dunn Loring,Week5,Lake Braddock,Week4,363.0 Dunn Loring - 39.0 Lake Braddock
Donaldson Run,Week3,Parliament,Week5,307.0 Donaldson Run - 95.0 Parliament
Dowden Terrace,Week3,Holmes Run Acres,Week2,203.0 Holmes Run Acres - 199.0 Dowden Terrace
Dowden Terrace,Week4,Cottontail,Week2,248.0 Dowden Terrace - 154.0 Cottontail
Donaldson Run,Week4,Parliament,Week2,307.0 Donaldson Run - 95.0 Parliament
Dowden Terrace,Week1,Village West,Week2,266.0 Dowden Terrace - 132.0 Village West
Dowden Terrace,Week2,Holmes Run Acres,Week5,235.0 Holmes Run Acres - 167.0 Dowden Terrace
Dunn Loring,Week4,Fox Mill Estates,Week5,291.0 Dunn Loring - 111.0 Fox Mill Estates
Dunn Loring,Week3,Fox Mill Woods,Week1,244.0 Dunn Loring - 158.0 Fox Mill Woods
Dunn Loring,Week2,Fox Mill Woods,Week3,236.0 Dunn Loring - 166.0 Fox Mill Woods
Dowden Terrace,Week4,Brookfield ,Week2,225.0 Dowden Terrace - 177.0 Brookfield
Dowden Terrace,Week4,Villa Aquatic,Week3,207.0 Villa Aquatic - 195.0 Dowden Terrace
Dowden Terrace,Week4,Mosby Woods,Week3,245.0 Mosby Woods - 157.0 Dowden Terrace
Dowden Terrace,Week4,Cottontail,Week5,230.0 Dowden Terrace - 172.0 Cottontail
Dunn Loring,Week5,Fox Mill Woods,Week3,244.0 Dunn Loring - 158.0 Fox Mill Woods
Dowden Terrace,Week3,Holmes Run Acres,Week3,241.0 Holmes Run Acres - 161.0 Dowden Terrace
Dowden Terrace,Week3,Villa Aquatic,Week4,202.0 Villa Aquatic - 200.0 Dowden Terrace
Dunn Loring,Week4,Lake Braddock,Week2,366.0 Dunn Loring - 36.0 Lake Braddock
Dowden Terrace,Week1,Mount Vernon Park,Week3,248.0 Mount Vernon Park - 154.0 Dowden Terrace
Donaldson Run,Week1,Parliament,Week4,317.0 Donaldson Run - 85.0 Parliament
Donaldson Run,Week1,Parliament,Week3,308.0 Donaldson Run - 94.0 Parliament
Dowden Terrace,Week5,Cottontail,Week1,255.0 Dowden Terrace - 147.0 Cottontail
Dowden Terrace,Week2,Hunt Valley,Week1,260.0 Hunt Valley - 142.0 Dowden Terrace
Dowden Terrace,Week1,Cottontail,Week5,205.0 Dowden Terrace - 196.0 Cottontail
Dowden Terrace,Week5,Mount Vernon Park,Week2,211.5 Mount Vernon Park - 190.5 Dowden Terrace
Dunn Loring,Week5,Fox Mill Woods,Week2,243.0 Dunn Loring - 159.0 Fox Mill Woods
Dunn Loring,Week4,Fox Mill Woods,Week4,231.0 Dunn Loring - 171.0 Fox Mill Woods
Donaldson Run,Week2,Parliament,Week1,291.0 Donaldson Run - 111.0 Parliament
Dowden Terrace,Week2,Mount Vernon Park,Week3,254.0 Mount Vernon Park - 148.0 Dowden Terrace
Dowden Terrace,Week3,Hunt Valley,Week4,269.0 Hunt Valley - 133.0 Dowden Terrace
Dowden Terrace,Week4,Broyhill Crest,Week5,321.0 Dowden Terrace - 81.0 Broyhill Crest
Dunn Loring,Week5,Lake Braddock,Week5,352.5 Dunn Loring - 49.5 Lake Braddock
Dowden Terrace,Week3,Broyhill Crest,Week4,328.0 Dowden Terrace - 74.0 Broyhill Crest
Dowden Terrace,Week2,Cottontail,Week3,245.0 Dowden Terrace - 157.0 Cottontail
Dowden Terrace,Week1,Village West,Week1,266.0 Dowden Terrace - 132.0 Village West
Dowden Terrace,Week2,Villa Aquatic,Week4,208.0 Dowden Terrace - 194.0 Villa Aquatic
Dowden Terrace,Week2,Newington Forest,Week4,248.0 Dowden Terrace - 154.0 Newington Forest
Dowden Terrace,Week5,Broyhill Crest,Week1,357.0 Dowden Terrace - 44.0 Broyhill Crest
Dunn Loring,Week2,Lakevale Estates,Week4,213.0 Lakevale Estates - 189.0 Dunn Loring
Dunn Loring,Week5,Lake Braddock,Week1,370.0 Dunn Loring - 32.0 Lake Braddock
Dowden Terrace,Week2,Village West,Week1,268.0 Dowden Terrace - 134.0 Village West
Dowden Terrace,Week5,Broyhill Crest,Week2,353.0 Dowden Terrace - 48.0 Broyhill Crest
Dowden Terrace,Week2,Cottontail,Week1,210.0 Dowden Terrace - 192.0 Cottontail
Dowden Terrace,Week4,Mount Vernon Park,Week1,229.0 Mount Vernon Park - 173.0 Dowden Terrace
Dowden Terrace,Week5,Commonwealth,Week2,247.0 Dowden Terrace - 155.0 Commonwealth
Dowden Terrace,Week5,Mount Vernon Park,Week4,210.0 Mount Vernon Park - 192.0 Dowden Terrace
Dowden Terrace,Week2,Broyhill Crest,Week4,319.0 Dowden Terrace - 83.0 Broyhill Crest
Dowden Terrace,Week5,Villa Aquatic,Week5,229.0 Dowden Terrace - 173.0 Villa Aquatic
Donaldson Run,Week3,Parliament,Week1,272.0 Donaldson Run - 130.0 Parliament
Dunn Loring,Week1,Great Falls,Week5,226.0 Dunn Loring - 176.0 Great Falls
Dowden Terrace,Week4,Holmes Run Acres,Week3,215.0 Holmes Run Acres - 187.0 Dowden Terrace
Dowden Terrace,Week2,Broyhill Crest,Week1,334.0 Dowden Terrace - 63.0 Broyhill Crest
Donaldson Run,Week4,Parliament,Week3,304.5 Donaldson Run - 97.5 Parliament
Dunn Loring,Week5,Fox Mill Woods,Week4,239.0 Dunn Loring - 163.0 Fox Mill Woods
Dunn Loring,Week1,Great Falls,Week2,227.0 Dunn Loring - 157.0 Great Falls
Dowden Terrace,Week1,Village West,Week5,263.0 Dowden Terrace - 130.0 Village West
Donaldson Run,Week4,Parliament,Week5,301.0 Donaldson Run - 101.0 Parliament
Dowden Terrace,Week4,Villa Aquatic,Week1,229.0 Dowden Terrace - 173.0 Villa Aquatic
Dowden Terrace,Week4,Broyhill Crest,Week2,341.0 Dowden Terrace - 61.0 Broyhill Crest
Dowden Terrace,Week3,Cottontail,Week2,230.0 Dowden Terrace - 172.0 Cottontail
Dowden Terrace,Week3,Holmes Run Acres,Week4,204.0 Holmes Run Acres - 198.0 Dowden Terrace
Dowden Terrace,Week4,Hunt Valley,Week2,253.0 Hunt Valley - 149.0 Dowden Terrace
Dowden Terrace,Week3,Newington Forest,Week3,257.0 Dowden Terrace - 145.0 Newington Forest
Dowden Terrace,Week4,Cottontail,Week3,245.5 Dowden Terrace - 156.5 Cottontail
Dowden Terrace,Week4,Holmes Run Acres,Week5,223.0 Holmes Run Acres - 179.0 Dowden Terrace
Donaldson Run,Week4,Parliament,Week4,308.0 Donaldson Run - 94.0 Parliament
Dowden Terrace,Week2,Village West,Week5,269.0 Dowden Terrace - 133.0 Village West
Donaldson Run,Week1,Parliament,Week1,291.0 Donaldson Run - 111.0 Parliament
Dowden Terrace,Week1,Newington Forest,Week3,260.0 Dowden Terrace - 141.0 Newington Forest
Dowden Terrace,Week4,Mount Vernon Park,Week5,252.0 Mount Vernon Park - 150.0 Dowden Terrace
Dowden Terrace,Week2,Broyhill Crest,Week2,343.0 Dowden Terrace - 59.0 Broyhill Crest
Dunn Loring,Week3,Great Falls,Week5,261.0 Dunn Loring - 141.0 Great Falls
Dowden Terrace,Week2,Hunt Valley,Week4,261.0 Hunt Valley - 141.0 Dowden Terrace
Donaldson Run,Week3,Parliament,Week4,315.0 Donaldson Run - 87.0 Parliament
Dowden Terrace,Week1,Burke Station,Week2,264.0 Dowden Terrace - 129.0 Burke Station
Donaldson Run,Week5,Parklawn,Week4,322.0 Donaldson Run - 74.0 Parklawn
Dowden Terrace,Week3,Village West,Week3,254.0 Dowden Terrace - 148.0 Village West
Dowden Terrace,Week1,Village West,Week4,260.0 Dowden Terrace - 133.0 Village West
Dowden Terrace,Week3,Village West,Week1,271.0 Dowden Terrace - 131.0 Village West
Dowden Terrace,Week5,Cottontail,Week3,272.0 Dowden Terrace - 130.0 Cottontail
Donaldson Run,Week5,Parliament,Week1,313.5 Donaldson Run - 88.5 Parliament
Dowden Terrace,Week4,Cottontail,Week4,247.0 Dowden Terrace - 155.0 Cottontail
Dowden Terrace,Week4,Broyhill Crest,Week3,339.0 Dowden Terrace - 58.0 Broyhill Crest
Dowden Terrace,Week5,Broyhill Crest,Week5,341.0 Dowden Terrace - 61.0 Broyhill Crest
Dowden Terrace,Week4,Mount Vernon Park,Week2,229.0 Mount Vernon Park - 173.0 Dowden Terrace
Dowden Terrace,Week4,Holmes Run Acres,Week1,226.0 Dowden Terrace - 176.0 Holmes Run Acres
Dowden Terrace,Week5,Holmes Run Acres,Week4,245.0 Dowden Terrace - 157.0 Holmes Run Acres
Dunn Loring,Week4,Great Falls,Week1,276.0 Dunn Loring - 126.0 Great Falls
Dowden Terrace,Week5,Mount Vernon Park,Week5,238.0 Mount Vernon Park - 164.0 Dowden Terrace
Dowden Terrace,Week1,Broyhill Crest,Week4,327.0 Dowden Terrace - 74.0 Broyhill Crest
Dunn Loring,Week2,Great Falls,Week2,256.0 Dunn Loring - 128.0 Great Falls
Dowden Terrace,Week3,Mount Vernon Park,Week3,255.0 Mount Vernon Park - 147.0 Dowden Terrace
Dowden Terrace,Week3,Village West,Week4,266.0 Dowden Terrace - 131.0 Village West
Dowden Terrace,Week5,Brookfield ,Week2,252.0 Dowden Terrace - 150.0 Brookfield
Dowden Terrace,Week3,Hunt Valley,Week2,265.0 Hunt Valley - 137.0 Dowden Terrace
Dowden Terrace,Week1,Cottontail,Week3,236.0 Dowden Terrace - 166.0 Cottontail
Dowden Terrace,Week3,Village West,Week5,272.0 Dowden Terrace - 130.0 Village West
Dunn Loring,Week3,Great Falls,Week1,288.0 Dunn Loring - 114.0 Great Falls
Donaldson Run,Week3,Parliament,Week3,308.0 Donaldson Run - 94.0 Parliament
Dowden Terrace,Week5,Broyhill Crest,Week3,358.0 Dowden Terrace - 43.0 Broyhill Crest
Dowden Terrace,Week3,Mount Vernon Park,Week5,272.0 Mount Vernon Park - 130.0 Dowden Terrace
Dunn Loring,Week2,Great Falls,Week1,269.0 Dunn Loring - 133.0 Great Falls
Dowden Terrace,Week3,Holmes Run Acres,Week5,246.0 Holmes Run Acres - 156.0 Dowden Terrace
Donaldson Run,Week5,Parliament,Week2,325.0 Donaldson Run - 77.0 Parliament
Dowden Terrace,Week5,Holmes Run Acres,Week1,246.0 Dowden Terrace - 156.0 Holmes Run Acres
Dowden Terrace,Week5,Holmes Run Acres,Week5,205.0 Holmes Run Acres - 197.0 Dowden Terrace
Dunn Loring,Week3,Great Falls,Week2,258.0 Dunn Loring - 126.0 Great Falls
Dowden Terrace,Week5,Commonwealth,Week3,259.0 Dowden Terrace - 143.0 Commonwealth
Dowden Terrace,Week5,Cottontail,Week2,262.0 Dowden Terrace - 140.0 Cottontail
Dowden Terrace,Week2,Village West,Week2,264.0 Dowden Terrace - 138.0 Village West
Dunn Loring,Week2,Great Falls,Week5,248.0 Dunn Loring - 154.0 Great Falls
Donaldson Run,Week1,Parliament,Week2,307.5 Donaldson Run - 94.5 Parliament
Dowden Terrace,Week3,Mount Vernon Park,Week2,243.0 Mount Vernon Park - 159.0 Dowden Terrace
Dowden Terrace,Week1,Cottontail,Week1,204.0 Dowden Terrace - 198.0 Cottontail
Dowden Terrace,Week4,Village West,Week3,255.0 Dowden Terrace - 147.0 Village West
Donaldson Run,Week5,Parklawn,Week3,332.0 Donaldson Run - 70.0 Parklawn
Donaldson Run,Week5,Parklawn,Week5,316.0 Donaldson Run - 81.0 Parklawn
Dowden Terrace,Week2,Cottontail,Week4,234.0 Dowden Terrace - 168.0 Cottontail
Dowden Terrace,Week3,Hunt Valley,Week3,283.0 Hunt Valley - 119.0 Dowden Terrace
Dowden Terrace,Week4,Mount Vernon Park,Week3,237.0 Mount Vernon Park - 165.0 Dowden Terrace
Dowden Terrace,Week1,Broyhill Crest,Week5,307.0 Dowden Terrace - 91.0 Broyhill Crest
Dunn Loring,Week3,Great Falls,Week3,265.0 Dunn Loring - 137.0 Great Falls
Donaldson Run,Week1,Parliament,Week5,301.0 Donaldson Run - 101.0 Parliament
Dunn Loring,Week2,Great Falls,Week4,272.0 Dunn Loring - 130.0 Great Falls
Dowden Terrace,Week3,Cottontail,Week3,231.0 Dowden Terrace - 171.0 Cottontail
Dowden Terrace,Week4,Village West,Week2,273.0 Dowden Terrace - 129.0 Village West
Dowden Terrace,Week1,Newington Forest,Week1,276.0 Dowden Terrace - 117.0 Newington Forest
Dowden Terrace,Week3,Hunt Valley,Week1,270.0 Hunt Valley - 132.0 Dowden Terrace
Dowden Terrace,Week5,Holmes Run Acres,Week2,247.5 Dowden Terrace - 154.5 Holmes Run Acres
Dowden Terrace,Week4,Village West,Week4,265.0 Dowden Terrace - 132.0 Village West
Dowden Terrace,Week4,Broyhill Crest,Week1,333.0 Dowden Terrace - 69.0 Broyhill Crest
Dowden Terrace,Week3,Cottontail,Week1,202.0 Cottontail - 200.0 Dowden Terrace
Dowden Terrace,Week2,Newington Forest,Week3,260.0 Dowden Terrace - 142.0 Newington Forest
Dowden Terrace,Week1,Country Club Hills,Week2,221.0 Dowden Terrace - 181.0 Country Club Hills
Dowden Terrace,Week3,Village West,Week2,272.0 Dowden Terrace - 130.0 Village West
Dunn Loring,Week2,Great Falls,Week3,262.0 Dunn Loring - 140.0 Great Falls
Dowden Terrace,Week5,Mount Vernon Park,Week1,202.0 Mount Vernon Park - 200.0 Dowden Terrace
Dowden Terrace,Week2,Hunt Valley,Week2,258.0 Hunt Valley - 144.0 Dowden Terrace
Dunn Loring,Week3,Great Falls,Week4,279.5 Dunn Loring - 122.5 Great Falls
Donaldson Run,Week2,Parliament,Week2,320.0 Donaldson Run - 82.0 Parliament
Dowden Terrace,Week5,Brookfield ,Week4,233.0 Dowden Terrace - 169.0 Brookfield
Dowden Terrace,Week4,Country Club Hills,Week1,226.0 Dowden Terrace - 176.0 Country Club Hills
Dowden Terrace,Week3,Broyhill Crest,Week1,349.0 Dowden Terrace - 53.0 Broyhill Crest
Dowden Terrace,Week1,Hunt Valley,Week4,264.0 Hunt Valley - 138.0 Dowden Terrace
Dowden Terrace,Week4,Village West,Week5,271.0 Dowden Terrace - 131.0 Village West
Dunn Loring,Week4,Great Falls,Week3,262.0 Dunn Loring - 140.0 Great Falls
Donaldson Run,Week3,Parliament,Week2,311.0 Donaldson Run - 91.0 Parliament
Dowden Terrace,Week2,Newington Forest,Week2,266.0 Dowden Terrace - 135.0 Newington Forest
Dowden Terrace,Week1,Newington Forest,Week5,235.0 Dowden Terrace - 166.0 Newington Forest
Dowden Terrace,Week5,Village West,Week4,280.0 Dowden Terrace - 117.0 Village West
Dowden Terrace,Week3,Country Club Hills,Week1,222.0 Dowden Terrace - 180.0 Country Club Hills
Dunn Loring,Week4,Great Falls,Week5,252.0 Dunn Loring - 150.0 Great Falls
Dowden Terrace,Week5,Broyhill Crest,Week4,345.0 Dowden Terrace - 56.0 Broyhill Crest
Dowden Terrace,Week1,Crosspointe,Week3,269.0 Crosspointe - 128.0 Dowden Terrace
Dowden Terrace,Week3,Broyhill Crest,Week3,350.0 Dowden Terrace - 52.0 Broyhill Crest
Dowden Terrace,Week2,Country Club Hills,Week3,230.0 Dowden Terrace - 172.0 Country Club Hills
Donaldson Run,Week4,Parliament,Week1,281.0 Donaldson Run - 121.0 Parliament
Dowden Terrace,Week4,Mount Vernon Park,Week4,227.5 Mount Vernon Park - 174.5 Dowden Terrace
Dowden Terrace,Week4,Holmes Run Acres,Week4,220.0 Dowden Terrace - 182.0 Holmes Run Acres
Dunn Loring,Week4,Great Falls,Week4,265.0 Dunn Loring - 137.0 Great Falls
Dowden Terrace,Week4,Hunt Valley,Week1,249.0 Hunt Valley - 153.0 Dowden Terrace
Donaldson Run,Week2,Parliament,Week4,318.0 Donaldson Run - 84.0 Parliament
Dunn Loring,Week5,Great Falls,Week1,296.5 Dunn Loring - 105.5 Great Falls
Dowden Terrace,Week1,Burke Station,Week1,245.0 Dowden Terrace - 125.0 Burke Station
Dowden Terrace,Week5,Mount Vernon Park,Week3,205.0 Mount Vernon Park - 197.0 Dowden Terrace
Dowden Terrace,Week5,Village West,Week2,292.0 Dowden Terrace - 110.0 Village West
Dowden Terrace,Week2,Hunt Valley,Week3,284.0 Hunt Valley - 118.0 Dowden Terrace
Dunn Loring,Week4,Great Falls,Week2,262.0 Dunn Loring - 122.0 Great Falls
Donaldson Run,Week5,Poplar Tree,Week1,256.0 Donaldson Run - 146.0 Poplar Tree
Dowden Terrace,Week2,Country Club Hills,Week1,231.0 Dowden Terrace - 171.0 Country Club Hills
Donaldson Run,Week5,Poplar Tree,Week5,240.0 Donaldson Run - 162.0 Poplar Tree
Dowden Terrace,Week2,Newington Forest,Week1,283.0 Dowden Terrace - 118.0 Newington Forest
Dowden Terrace,Week2,Hunt Valley,Week5,273.0 Hunt Valley - 129.0 Dowden Terrace
Dowden Terrace,Week2,Newington Forest,Week5,232.0 Dowden Terrace - 165.0 Newington Forest
Donaldson Run,Week2,Parliament,Week5,301.0 Donaldson Run - 101.0 Parliament
Donaldson Run,Week1,Ravensworth Farm,Week1,249.0 Donaldson Run - 153.0 Ravensworth Farm
Dowden Terrace,Week2,Broyhill Crest,Week3,346.0 Dowden Terrace - 56.0 Broyhill Crest
Dowden Terrace,Week2,Mount Vernon Park,Week4,247.0 Mount Vernon Park - 155.0 Dowden Terrace
Donaldson Run,Week2,Parliament,Week3,318.0 Donaldson Run - 84.0 Parliament
Dowden Terrace,Week5,Country Club Hills,Week2,260.0 Dowden Terrace - 142.0 Country Club Hills
Dowden Terrace,Week4,Country Club Hills,Week5,215.0 Dowden Terrace - 187.0 Country Club Hills
Dowden Terrace,Week4,Holmes Run Acres,Week2,230.0 Dowden Terrace - 172.0 Holmes Run Acres
Dowden Terrace,Week1,Newington Forest,Week4,239.0 Dowden Terrace - 157.0 Newington Forest
Dowden Terrace,Week1,Virginia Hills,Week3,334.0 Dowden Terrace - 67.0 Virginia Hills
Dowden Terrace,Week3,Mount Vernon Park,Week4,249.5 Mount Vernon Park - 152.5 Dowden Terrace
Dowden Terrace,Week2,Broyhill Crest,Week5,314.0 Dowden Terrace - 88.0 Broyhill Crest
Dowden Terrace,Week3,Broyhill Crest,Week2,346.0 Dowden Terrace - 56.0 Broyhill Crest
Dowden Terrace,Week5,Brookfield ,Week5,233.0 Dowden Terrace - 169.0 Brookfield
Dowden Terrace,Week1,Newington Forest,Week2,257.0 Dowden Terrace - 136.0 Newington Forest
Dowden Terrace,Week1,Hunt Valley,Week2,262.0 Hunt Valley - 140.0 Dowden Terrace
Dowden Terrace,Week3,Hunt Valley,Week5,293.0 Hunt Valley - 109.0 Dowden Terrace
Dowden Terrace,Week3,Broyhill Crest,Week5,322.0 Dowden Terrace - 80.0 Broyhill Crest
Dowden Terrace,Week1,Hunt Valley,Week1,267.0 Hunt Valley - 135.0 Dowden Terrace
Donaldson Run,Week5,Poplar Tree,Week2,272.0 Donaldson Run - 130.0 Poplar Tree
Dowden Terrace,Week3,Country Club Hills,Week2,222.0 Dowden Terrace - 180.0 Country Club Hills
Dowden Terrace,Week5,Country Club Hills,Week1,259.5 Dowden Terrace - 142.5 Country Club Hills
Dunn Loring,Week1,Great Falls,Week4,249.0 Dunn Loring - 153.0 Great Falls
Dowden Terrace,Week1,Virginia Hills,Week2,329.0 Dowden Terrace - 69.0 Virginia Hills
Dowden Terrace,Week1,Hunt Valley,Week5,295.0 Hunt Valley - 107.0 Dowden Terrace
Donaldson Run,Week4,Poplar Tree,Week3,236.0 Donaldson Run - 166.0 Poplar Tree
Dowden Terrace,Week2,Mount Vernon Park,Week5,267.0 Mount Vernon Park - 135.0 Dowden Terrace
Dowden Terrace,Week1,Hunt Valley,Week3,279.0 Hunt Valley - 123.0 Dowden Terrace
Donaldson Run,Week4,Walden Glen,Week5,296.0 Donaldson Run - 106.0 Walden Glen
Dowden Terrace,Week1,Country Club Hills,Week3,214.0 Dowden Terrace - 187.0 Country Club Hills
Dunn Loring,Week5,Great Falls,Week2,273.0 Dunn Loring - 111.0 Great Falls
Donaldson Run,Week5,Parklawn,Week2,334.0 Donaldson Run - 68.0 Parklawn
Dowden Terrace,Week3,Mount Vernon Park,Week1,244.0 Mount Vernon Park - 158.0 Dowden Terrace
Dowden Terrace,Week4,Country Club Hills,Week3,232.0 Dowden Terrace - 170.0 Country Club Hills
Dowden Terrace,Week5,Holmes Run Acres,Week3,206.0 Dowden Terrace - 196.0 Holmes Run Acres
Dowden Terrace,Week1,Country Club Hills,Week4,223.0 Dowden Terrace - 179.0 Country Club Hills
Dowden Terrace,Week1,Broyhill Crest,Week2,335.0 Dowden Terrace - 66.0 Broyhill Crest
Dowden Terrace,Week1,Virginia Hills,Week1,324.0 Dowden Terrace - 74.0 Virginia Hills
Dowden Terrace,Week1,Virginia Hills,Week4,330.0 Dowden Terrace - 68.0 Virginia Hills
Dowden Terrace,Week4,Broyhill Crest,Week4,327.0 Dowden Terrace - 75.0 Broyhill Crest
Donaldson Run,Week1,Waynewood,Week5,213.5 Donaldson Run - 188.5 Waynewood
Dowden Terrace,Week5,Hunt Valley,Week4,249.0 Hunt Valley - 153.0 Dowden Terrace
Dowden Terrace,Week1,Country Club Hills,Week1,218.0 Dowden Terrace - 184.0 Country Club Hills
Donaldson Run,Week1,Waynewood,Week2,224.0 Donaldson Run - 178.0 Waynewood
Donaldson Run,Week3,Ravensworth Farm,Week1,270.0 Donaldson Run - 132.0 Ravensworth Farm
Dowden Terrace,Week5,Cottontail,Week4,269.5 Dowden Terrace - 132.5 Cottontail
Dowden Terrace,Week1,Country Club Hills,Week5,201.0 Dowden Terrace - 200.0 Country Club Hills
Dowden Terrace,Week3,Newington Forest,Week1,278.0 Dowden Terrace - 124.0 Newington Forest
Dowden Terrace,Week3,Newington Forest,Week2,258.0 Dowden Terrace - 144.0 Newington Forest
Donaldson Run,Week2,Waynewood,Week3,209.0 Donaldson Run - 193.0 Waynewood
Dowden Terrace,Week4,Newington Forest,Week3,266.0 Dowden Terrace - 136.0 Newington Forest
Dowden Terrace,Week5,Hunter Mill,Week2,207.0 Hunter Mill - 195.0 Dowden Terrace
Donaldson Run,Week1,Ravensworth Farm,Week4,257.0 Donaldson Run - 145.0 Ravensworth Farm
Dowden Terrace,Week4,Hunter Mill,Week3,235.0 Hunter Mill - 167.0 Dowden Terrace
Donaldson Run,Week2,Waynewood,Week1,247.5 Donaldson Run - 154.5 Waynewood
Donaldson Run,Week3,Walden Glen,Week3,324.0 Donaldson Run - 78.0 Walden Glen
Dowden Terrace,Week5,Country Club Hills,Week3,266.0 Dowden Terrace - 136.0 Country Club Hills
Dowden Terrace,Week3,North Springfield,Week2,274.0 Dowden Terrace - 114.0 North Springfield
Dowden Terrace,Week5,Newington Forest,Week3,291.0 Dowden Terrace - 111.0 Newington Forest
Dowden Terrace,Week2,Country Club Hills,Week4,226.0 Dowden Terrace - 171.0 Country Club Hills
Donaldson Run,Week2,Ravensworth Farm,Week5,246.0 Donaldson Run - 156.0 Ravensworth Farm
Dowden Terrace,Week1,Hunter Mill,Week5,259.0 Hunter Mill - 143.0 Dowden Terrace
Dowden Terrace,Week4,Crosspointe,Week1,253.0 Crosspointe - 149.0 Dowden Terrace
Donaldson Run,Week2,Ravensworth Farm,Week2,278.0 Donaldson Run - 124.0 Ravensworth Farm
Dowden Terrace,Week2,Hunter Mill,Week2,223.0 Hunter Mill - 179.0 Dowden Terrace
Donaldson Run,Week4,Waynewood,Week4,241.0 Donaldson Run - 161.0 Waynewood
Donaldson Run,Week4,Poplar Tree,Week1,231.0 Donaldson Run - 171.0 Poplar Tree
Dowden Terrace,Week5,Hunt Valley,Week5,255.5 Hunt Valley - 146.5 Dowden Terrace
Dowden Terrace,Week5,Hunt Valley,Week3,252.0 Hunt Valley - 150.0 Dowden Terrace
Dowden Terrace,Week2,Hunter Mill,Week3,239.0 Hunter Mill - 163.0 Dowden Terrace
Dowden Terrace,Week5,Country Club Hills,Week5,227.0 Dowden Terrace - 175.0 Country Club Hills
Dowden Terrace,Week5,Hunt Valley,Week1,243.0 Hunt Valley - 159.0 Dowden Terrace
Dowden Terrace,Week4,Country Club Hills,Week4,230.0 Dowden Terrace - 172.0 Country Club Hills
Donaldson Run,Week3,Walden Glen,Week4,310.0 Donaldson Run - 92.0 Walden Glen
Donaldson Run,Week2,Ravensworth Farm,Week3,262.0 Donaldson Run - 140.0 Ravensworth Farm
Donaldson Run,Week4,Waynewood,Week3,214.5 Donaldson Run - 187.5 Waynewood
Dowden Terrace,Week2,Country Club Hills,Week2,230.0 Dowden Terrace - 172.0 Country Club Hills
Dowden Terrace,Week4,North Springfield,Week1,285.0 Dowden Terrace - 66.0 North Springfield
Donaldson Run,Week4,Poplar Tree,Week4,244.0 Donaldson Run - 158.0 Poplar Tree
Dowden Terrace,Week4,North Springfield,Week4,301.0 Dowden Terrace - 91.0 North Springfield
Donaldson Run,Week3,Waynewood,Week2,233.0 Donaldson Run - 169.0 Waynewood
Dowden Terrace,Week2,North Springfield,Week2,284.0 Dowden Terrace - 104.0 North Springfield
Dowden Terrace,Week1,Hunter Mill,Week3,262.0 Hunter Mill - 140.0 Dowden Terrace
Dowden Terrace,Week4,Newington Forest,Week1,282.5 Dowden Terrace - 119.5 Newington Forest
Dowden Terrace,Week3,Country Club Hills,Week3,225.0 Dowden Terrace - 177.0 Country Club Hills
Dowden Terrace,Week3,Country Club Hills,Week4,228.0 Dowden Terrace - 174.0 Country Club Hills
Donaldson Run,Week5,Waynewood,Week3,238.0 Donaldson Run - 164.0 Waynewood
Donaldson Run,Week1,Ravensworth Farm,Week2,275.0 Donaldson Run - 127.0 Ravensworth Farm
Dowden Terrace,Week4,North Springfield,Week3,289.0 Dowden Terrace - 107.0 North Springfield
Donaldson Run,Week1,Ravensworth Farm,Week5,238.0 Donaldson Run - 164.0 Ravensworth Farm
Donaldson Run,Week5,Walden Glen,Week3,330.0 Donaldson Run - 72.0 Walden Glen
Donaldson Run,Week3,Ravensworth Farm,Week4,260.0 Donaldson Run - 142.0 Ravensworth Farm
Dowden Terrace,Week1,North Springfield,Week1,275.0 Dowden Terrace - 75.0 North Springfield
Donaldson Run,Week5,Walden Glen,Week2,341.0 Donaldson Run - 60.0 Walden Glen
Donaldson Run,Week3,Waynewood,Week3,218.0 Donaldson Run - 184.0 Waynewood
Dowden Terrace,Week4,Newington Forest,Week4,261.0 Dowden Terrace - 141.0 Newington Forest
Dowden Terrace,Week1,Crosspointe,Week2,243.0 Crosspointe - 159.0 Dowden Terrace
Dowden Terrace,Week5,Cottontail,Week5,244.0 Dowden Terrace - 158.0 Cottontail
Dowden Terrace,Week4,Hunter Mill,Week1,229.0 Hunter Mill - 168.0 Dowden Terrace
Donaldson Run,Week3,Ravensworth Farm,Week5,242.0 Donaldson Run - 160.0 Ravensworth Farm
Dowden Terrace,Week4,North Springfield,Week5,266.0 Dowden Terrace - 108.0 North Springfield
Donaldson Run,Week4,Ravensworth Farm,Week1,264.0 Donaldson Run - 138.0 Ravensworth Farm
Dowden Terrace,Week2,Country Club Hills,Week5,208.5 Dowden Terrace - 193.5 Country Club Hills
Dowden Terrace,Week2,North Springfield,Week3,286.0 Dowden Terrace - 111.0 North Springfield
Dowden Terrace,Week1,Crosspointe,Week1,260.5 Crosspointe - 141.5 Dowden Terrace
Dowden Terrace,Week2,North Springfield,Week4,302.0 Dowden Terrace - 90.0 North Springfield
Donaldson Run,Week2,Waynewood,Week5,215.0 Donaldson Run - 187.0 Waynewood
Dowden Terrace,Week3,Hunter Mill,Week1,253.0 Hunter Mill - 149.0 Dowden Terrace
Donaldson Run,Week1,Waynewood,Week1,247.0 Donaldson Run - 155.0 Waynewood
Dowden Terrace,Week4,Hunt Valley,Week5,267.0 Hunt Valley - 135.0 Dowden Terrace
Donaldson Run,Week4,Waynewood,Week1,244.0 Donaldson Run - 158.0 Waynewood
Donaldson Run,Week4,Poplar Tree,Week2,254.0 Donaldson Run - 148.0 Poplar Tree
Dowden Terrace,Week1,North Springfield,Week3,281.0 Dowden Terrace - 114.0 North Springfield
Dowden Terrace,Week4,Newington Forest,Week2,271.0 Dowden Terrace - 131.0 Newington Forest
Donaldson Run,Week5,Walden Glen,Week5,309.0 Donaldson Run - 93.0 Walden Glen
Dowden Terrace,Week1,Hunter Mill,Week4,252.0 Hunter Mill - 150.0 Dowden Terrace
Dowden Terrace,Week2,Hunter Mill,Week4,241.0 Hunter Mill - 161.0 Dowden Terrace
Dowden Terrace,Week1,Crosspointe,Week5,284.0 Crosspointe - 117.0 Dowden Terrace
Dowden Terrace,Week5,Newington Forest,Week5,272.0 Dowden Terrace - 130.0 Newington Forest
Dowden Terrace,Week3,Newington Forest,Week4,243.0 Dowden Terrace - 159.0 Newington Forest
Dowden Terrace,Week3,Hunter Mill,Week5,258.0 Hunter Mill - 144.0 Dowden Terrace
Donaldson Run,Week5,Poplar Tree,Week3,262.0 Donaldson Run - 140.0 Poplar Tree
Dowden Terrace,Week3,Hunter Mill,Week3,254.0 Hunter Mill - 148.0 Dowden Terrace
Donaldson Run,Week2,Ravensworth Farm,Week1,266.0 Donaldson Run - 136.0 Ravensworth Farm
Donaldson Run,Week4,Walden Glen,Week3,318.0 Donaldson Run - 84.0 Walden Glen
Dowden Terrace,Week3,Country Club Hills,Week5,209.0 Country Club Hills - 193.0 Dowden Terrace
Donaldson Run,Week2,Ravensworth Farm,Week4,250.0 Donaldson Run - 152.0 Ravensworth Farm
Donaldson Run,Week5,Walden Glen,Week1,347.0 Donaldson Run - 55.0 Walden Glen
Dowden Terrace,Week2,Crosspointe,Week2,241.0 Crosspointe - 161.0 Dowden Terrace
Donaldson Run,Week3,Ravensworth Farm,Week3,251.0 Donaldson Run - 151.0 Ravensworth Farm
Donaldson Run,Week4,Poplar Tree,Week5,221.0 Donaldson Run - 181.0 Poplar Tree
Dowden Terrace,Week5,Newington Forest,Week4,280.0 Dowden Terrace - 122.0 Newington Forest
Donaldson Run,Week3,Ravensworth Farm,Week2,274.5 Donaldson Run - 127.5 Ravensworth Farm
Donaldson Run,Week2,Waynewood,Week4,242.0 Donaldson Run - 160.0 Waynewood
Dowden Terrace,Week5,Country Club Hills,Week4,267.0 Dowden Terrace - 135.0 Country Club Hills
Dowden Terrace,Week1,Hunter Mill,Week2,245.0 Hunter Mill - 157.0 Dowden Terrace
Dowden Terrace,Week2,Hunter Mill,Week1,225.0 Hunter Mill - 177.0 Dowden Terrace
Dowden Terrace,Week4,Country Club Hills,Week2,239.0 Dowden Terrace - 163.0 Country Club Hills
Dowden Terrace,Week1,Hunter Mill,Week1,242.0 Hunter Mill - 160.0 Dowden Terrace
Donaldson Run,Week1,Ravensworth Farm,Week3,255.0 Donaldson Run - 147.0 Ravensworth Farm
Dowden Terrace,Week4,Hunt Valley,Week4,248.0 Hunt Valley - 154.0 Dowden Terrace
Donaldson Run,Week5,Walden Glen,Week4,323.0 Donaldson Run - 79.0 Walden Glen
Dowden Terrace,Week5,Newington Forest,Week1,309.0 Dowden Terrace - 93.0 Newington Forest
Dowden Terrace,Week2,Crosspointe,Week3,260.0 Crosspointe - 137.0 Dowden Terrace
Dowden Terrace,Week2,Crosspointe,Week4,265.0 Crosspointe - 137.0 Dowden Terrace
Dowden Terrace,Week1,North Springfield,Week2,285.0 Dowden Terrace - 102.0 North Springfield
Dowden Terrace,Week4,Hunt Valley,Week3,267.0 Hunt Valley - 135.0 Dowden Terrace
Dowden Terrace,Week2,Crosspointe,Week5,277.0 Crosspointe - 125.0 Dowden Terrace
Donaldson Run,Week4,Walden Glen,Week2,318.0 Donaldson Run - 84.0 Walden Glen
Donaldson Run,Week4,Walden Glen,Week1,335.0 Donaldson Run - 67.0 Walden Glen
Donaldson Run,Week5,Poplar Tree,Week4,271.0 Donaldson Run - 131.0 Poplar Tree
Dowden Terrace,Week3,Newington Forest,Week5,238.0 Dowden Terrace - 164.0 Newington Forest
Donaldson Run,Week1,Waynewood,Week3,206.0 Donaldson Run - 196.0 Waynewood
Dowden Terrace,Week1,North Springfield,Week5,267.0 Dowden Terrace - 107.0 North Springfield
Dowden Terrace,Week3,Hunter Mill,Week4,264.0 Hunter Mill - 138.0 Dowden Terrace
Dowden Terrace,Week2,Crosspointe,Week1,256.0 Crosspointe - 146.0 Dowden Terrace
Donaldson Run,Week4,Walden Glen,Week4,302.0 Donaldson Run - 100.0 Walden Glen
Dowden Terrace,Week4,Hunter Mill,Week2,227.0 Hunter Mill - 175.0 Dowden Terrace
Dowden Terrace,Week5,Hunt Valley,Week2,232.0 Hunt Valley - 170.0 Dowden Terrace
Donaldson Run,Week1,Waynewood,Week4,229.0 Donaldson Run - 173.0 Waynewood
Dowden Terrace,Week3,Crosspointe,Week2,256.0 Crosspointe - 146.0 Dowden Terrace
Dowden Terrace,Week3,Crosspointe,Week1,268.0 Crosspointe - 134.0 Dowden Terrace
Dowden Terrace,Week2,North Springfield,Week1,276.0 Dowden Terrace - 75.0 North Springfield
Donaldson Run,Week3,Walden Glen,Week5,301.0 Donaldson Run - 101.0 Walden Glen
Dowden Terrace,Week3,Hunter Mill,Week2,233.5 Hunter Mill - 168.5 Dowden Terrace
Dowden Terrace,Week4,Newington Forest,Week5,249.0 Dowden Terrace - 153.0 Newington Forest
Dowden Terrace,Week1,Crosspointe,Week4,268.0 Crosspointe - 134.0 Dowden Terrace
Dowden Terrace,Week1,Ilda Community,Week1,256.0 Dowden Terrace - 145.0 Ilda Community
Dowden Terrace,Week2,North Springfield,Week5,263.0 Dowden Terrace - 106.0 North Springfield
Dowden Terrace,Week5,Newington Forest,Week2,294.0 Dowden Terrace - 108.0 Newington Forest
Dowden Terrace,Week3,North Springfield,Week1,291.0 Dowden Terrace - 60.0 North Springfield
Donaldson Run,Week4,Waynewood,Week5,218.0 Donaldson Run - 184.0 Waynewood
Dowden Terrace,Week4,Hunter Mill,Week5,237.0 Hunter Mill - 165.0 Dowden Terrace
Donaldson Run,Week3,Waynewood,Week1,250.0 Donaldson Run - 152.0 Waynewood
Donaldson Run,Week2,Waynewood,Week2,225.0 Donaldson Run - 177.0 Waynewood
Donaldson Run,Week3,Waynewood,Week4,231.0 Donaldson Run - 171.0 Waynewood
Dowden Terrace,Week5,Hunter Mill,Week5,230.0 Hunter Mill - 172.0 Dowden Terrace
Dowden Terrace,Week2,Hunter Mill,Week5,255.0 Hunter Mill - 147.0 Dowden Terrace
Dowden Terrace,Week5,Hunter Mill,Week3,217.0 Hunter Mill - 185.0 Dowden Terrace
Dowden Terrace,Week4,North Springfield,Week2,286.0 Dowden Terrace - 102.0 North Springfield
Dowden Terrace,Week1,North Springfield,Week4,289.0 Dowden Terrace - 103.0 North Springfield
Dowden Terrace,Week3,Crosspointe,Week3,270.0 Crosspointe - 132.0 Dowden Terrace
Donaldson Run,Week5,Waynewood,Week1,273.0 Donaldson Run - 129.0 Waynewood
Dowden Terrace,Week3,North Springfield,Week5,265.0 Dowden Terrace - 109.0 North Springfield
Donaldson Run,Week3,Waynewood,Week5,220.0 Donaldson Run - 182.0 Waynewood
Dowden Terrace,Week3,Crosspointe,Week5,288.0 Crosspointe - 114.0 Dowden Terrace
Dowden Terrace,Week5,Hunter Mill,Week1,201.0 Dowden Terrace - 201.0 Hunter Mill
Dowden Terrace,Week3,North Springfield,Week3,278.0 Dowden Terrace - 119.0 North Springfield
Donaldson Run,Week4,Waynewood,Week2,225.0 Donaldson Run - 177.0 Waynewood
Dowden Terrace,Week3,Crosspointe,Week4,263.0 Crosspointe - 139.0 Dowden Terrace
Dowden Terrace,Week3,North Springfield,Week4,294.0 Dowden Terrace - 98.0 North Springfield
Dowden Terrace,Week4,Hunter Mill,Week4,231.0 Hunter Mill - 171.0 Dowden Terrace
Dowden Terrace,Week2,Ilda Community,Week1,264.0 Dowden Terrace - 138.0 Ilda Community
Donaldson Run,Week5,Waynewood,Week2,251.0 Donaldson Run - 151.0 Waynewood
Dowden Terrace,Week4,Ilda Community,Week1,280.0 Dowden Terrace - 122.0 Ilda Community
Dowden Terrace,Week5,North Springfield,Week2,304.0 Dowden Terrace - 84.0 North Springfield
Dowden Terrace,Week5,Hunter Mill,Week4,228.0 Hunter Mill - 174.0 Dowden Terrace
Dowden Terrace,Week1,Ilda Community,Week2,265.0 Dowden Terrace - 136.0 Ilda Community
Dowden Terrace,Week2,Kent Gardens,Week1,209.0 Kent Gardens - 193.0 Dowden Terrace
Donaldson Run,Week4,Woodley,Week4,332.0 Donaldson Run - 70.0 Woodley
Donaldson Run,Week3,Woodley,Week2,334.0 Donaldson Run - 68.0 Woodley
Donaldson Run,Week5,Woodley,Week4,348.0 Donaldson Run - 54.0 Woodley
Dowden Terrace,Week2,Oakton ,Week4,293.0 Oakton - 109.0 Dowden Terrace
Donaldson Run,Week3,Woodley,Week4,330.0 Donaldson Run - 72.0 Woodley
Dowden Terrace,Week5,North Springfield,Week3,306.0 Dowden Terrace - 90.0 North Springfield
Donaldson Run,Week1,Woodley,Week5,318.0 Donaldson Run - 84.0 Woodley
Donaldson Run,Week5,Woodley,Week5,337.0 Donaldson Run - 65.0 Woodley
Donaldson Run,Week1,Woodley,Week4,331.0 Donaldson Run - 71.0 Woodley
Dowden Terrace,Week4,Oakton ,Week4,259.0 Oakton - 143.0 Dowden Terrace
Dowden Terrace,Week5,North Springfield,Week1,298.0 Dowden Terrace - 53.0 North Springfield
Dowden Terrace,Week1,Kent Gardens,Week1,205.0 Kent Gardens - 197.0 Dowden Terrace
Dowden Terrace,Week4,Oakton ,Week1,255.0 Oakton - 142.0 Dowden Terrace
Dowden Terrace,Week5,Oakton ,Week1,240.0 Oakton - 162.0 Dowden Terrace
Dowden Terrace,Week1,Kent Gardens,Week4,205.0 Dowden Terrace - 197.0 Kent Gardens
Donaldson Run,Week5,Woodley,Week2,341.0 Donaldson Run - 61.0 Woodley
Dowden Terrace,Week4,Ilda Community,Week2,286.0 Dowden Terrace - 116.0 Ilda Community
Dowden Terrace,Week1,Old Keene Mill,Week1,242.0 Dowden Terrace - 159.0 Old Keene Mill
Dowden Terrace,Week1,Oakton ,Week1,268.0 Oakton - 133.0 Dowden Terrace
Donaldson Run,Week3,Woodley,Week3,337.0 Donaldson Run - 65.0 Woodley
Dowden Terrace,Week1,Kent Gardens,Week3,225.0 Dowden Terrace - 177.0 Kent Gardens
Dowden Terrace,Week2,Kent Gardens,Week4,213.0 Dowden Terrace - 189.0 Kent Gardens
Dowden Terrace,Week3,Oakton ,Week3,284.0 Oakton - 118.0 Dowden Terrace
Dowden Terrace,Week1,Oakton ,Week2,298.0 Oakton - 104.0 Dowden Terrace
Dowden Terrace,Week1,Oakton ,Week4,286.0 Oakton - 115.0 Dowden Terrace
Dowden Terrace,Week2,Ilda Community,Week4,253.0 Dowden Terrace - 149.0 Ilda Community
Dowden Terrace,Week4,Oakton ,Week2,266.0 Oakton - 136.0 Dowden Terrace
Dowden Terrace,Week5,North Springfield,Week4,317.0 Dowden Terrace - 74.0 North Springfield
Donaldson Run,Week2,Woodley,Week5,320.0 Donaldson Run - 82.0 Woodley
Donaldson Run,Week2,Woodley,Week2,328.0 Donaldson Run - 74.0 Woodley
Dowden Terrace,Week1,Annandale,Week1,279.0 Dowden Terrace - 122.0 Annandale
Donaldson Run,Week2,Woodley,Week1,336.0 Donaldson Run - 66.0 Woodley
Dowden Terrace,Week5,Ilda Community,Week2,292.0 Dowden Terrace - 110.0 Ilda Community
Dowden Terrace,Week5,Ilda Community,Week1,296.0 Dowden Terrace - 106.0 Ilda Community
Dowden Terrace,Week4,Ilda Community,Week4,248.0 Dowden Terrace - 154.0 Ilda Community
Dowden Terrace,Week5,Ilda Community,Week3,276.0 Dowden Terrace - 126.0 Ilda Community
Dowden Terrace,Week3,Oakton ,Week2,292.0 Oakton - 110.0 Dowden Terrace
Dowden Terrace,Week3,Ilda Community,Week5,260.0 Dowden Terrace - 142.0 Ilda Community
Dowden Terrace,Week5,Oakton ,Week2,250.0 Oakton - 152.0 Dowden Terrace
Donaldson Run,Week5,Waynewood,Week4,264.0 Donaldson Run - 138.0 Waynewood
Donaldson Run,Week1,Woodley,Week1,333.0 Donaldson Run - 69.0 Woodley
Dunn Loring,Week3,Little Hunting Park,Week2,326.0 Dunn Loring - 76.0 Little Hunting Park
Dowden Terrace,Week3,Ilda Community,Week3,259.0 Dowden Terrace - 143.0 Ilda Community
Donaldson Run,Week1,Woodley,Week2,329.0 Donaldson Run - 73.0 Woodley
Dowden Terrace,Week5,North Springfield,Week5,284.0 Dowden Terrace - 90.0 North Springfield
Dowden Terrace,Week1,Kent Gardens,Week2,213.0 Dowden Terrace - 189.0 Kent Gardens
Donaldson Run,Week3,Woodley,Week5,326.0 Donaldson Run - 76.0 Woodley
Dowden Terrace,Week5,Oakton ,Week4,238.0 Oakton - 164.0 Dowden Terrace
Dowden Terrace,Week4,Old Keene Mill,Week1,261.0 Dowden Terrace - 141.0 Old Keene Mill
Dowden Terrace,Week3,Oakton ,Week1,261.0 Oakton - 141.0 Dowden Terrace
Dowden Terrace,Week3,Ilda Community,Week1,267.5 Dowden Terrace - 134.5 Ilda Community
Donaldson Run,Week1,Woodley,Week3,329.0 Donaldson Run - 73.0 Woodley
Donaldson Run,Week5,Woodley,Week1,350.5 Donaldson Run - 51.5 Woodley
Dowden Terrace,Week2,Ilda Community,Week3,264.0 Dowden Terrace - 138.0 Ilda Community
Dunn Loring,Week5,Lincolnia Park,Week2,364.0 Dunn Loring - 29.0 Lincolnia Park
Dunn Loring,Week3,Little Hunting Park,Week4,329.0 Dunn Loring - 73.0 Little Hunting Park
Dunn Loring,Week1,Little Hunting Park,Week5,246.0 Dunn Loring - 156.0 Little Hunting Park
Dunn Loring,Week4,Little Hunting Park,Week1,321.0 Dunn Loring - 80.0 Little Hunting Park
Dowden Terrace,Week2,Ilda Community,Week5,271.0 Dowden Terrace - 131.0 Ilda Community
Donaldson Run,Week4,Woodley,Week5,327.0 Donaldson Run - 75.0 Woodley
Dowden Terrace,Week1,Ilda Community,Week4,233.0 Dowden Terrace - 168.0 Ilda Community
Dowden Terrace,Week4,Old Keene Mill,Week4,265.0 Dowden Terrace - 137.0 Old Keene Mill
Dowden Terrace,Week3,Old Keene Mill,Week3,232.0 Dowden Terrace - 170.0 Old Keene Mill
Dunn Loring,Week2,Little Hunting Park,Week5,301.0 Dunn Loring - 101.0 Little Hunting Park
Dowden Terrace,Week2,Ilda Community,Week2,277.0 Dowden Terrace - 125.0 Ilda Community
Donaldson Run,Week4,Woodley,Week1,336.0 Donaldson Run - 66.0 Woodley
Dowden Terrace,Week2,Oakton ,Week1,267.0 Oakton - 135.0 Dowden Terrace
Donaldson Run,Week4,Woodley,Week2,333.0 Donaldson Run - 69.0 Woodley
Donaldson Run,Week2,Woodley,Week3,340.0 Donaldson Run - 62.0 Woodley
Dowden Terrace,Week3,Ilda Community,Week4,239.0 Dowden Terrace - 163.0 Ilda Community
Dunn Loring,Week2,Little Hunting Park,Week3,319.0 Dunn Loring - 83.0 Little Hunting Park
Dowden Terrace,Week1,Oakton ,Week5,300.0 Oakton - 102.0 Dowden Terrace
Dunn Loring,Week2,Little Hunting Park,Week1,321.0 Dunn Loring - 81.0 Little Hunting Park
Dowden Terrace,Week5,Ilda Community,Week5,299.0 Dowden Terrace - 103.0 Ilda Community
Dunn Loring,Week5,Little Hunting Park,Week2,322.0 Dunn Loring - 80.0 Little Hunting Park
Dunn Loring,Week3,Lincolnia Park,Week4,367.0 Dunn Loring - 35.0 Lincolnia Park
Dowden Terrace,Week3,Oakton ,Week5,297.0 Oakton - 105.0 Dowden Terrace
Dowden Terrace,Week4,Ilda Community,Week3,269.0 Dowden Terrace - 128.0 Ilda Community
Dunn Loring,Week4,Little Hunting Park,Week2,322.0 Dunn Loring - 80.0 Little Hunting Park
Dowden Terrace,Week3,Ilda Community,Week2,281.0 Dowden Terrace - 121.0 Ilda Community
Donaldson Run,Week4,Woodley,Week3,337.0 Donaldson Run - 65.0 Woodley
Dowden Terrace,Week2,Oakton ,Week2,284.5 Oakton - 117.5 Dowden Terrace
Dunn Loring,Week4,Little Hunting Park,Week5,300.0 Dunn Loring - 102.0 Little Hunting Park
Donaldson Run,Week2,Woodley,Week4,332.0 Donaldson Run - 70.0 Woodley
Dowden Terrace,Week2,Oakton ,Week3,278.0 Oakton - 124.0 Dowden Terrace
Dowden Terrace,Week1,Oakton ,Week3,271.0 Oakton - 126.0 Dowden Terrace
Dowden Terrace,Week1,Ilda Community,Week3,253.0 Dowden Terrace - 148.0 Ilda Community
Donaldson Run,Week5,Waynewood,Week5,239.0 Donaldson Run - 163.0 Waynewood
Donaldson Run,Week3,Woodley,Week1,336.0 Donaldson Run - 66.0 Woodley
Dowden Terrace,Week4,Oakton ,Week3,253.0 Oakton - 149.0 Dowden Terrace
Dowden Terrace,Week1,Ilda Community,Week5,252.0 Dowden Terrace - 146.0 Ilda Community
Dowden Terrace,Week5,Ilda Community,Week4,275.0 Dowden Terrace - 127.0 Ilda Community
Donaldson Run,Week5,Woodley,Week3,347.0 Donaldson Run - 55.0 Woodley
Dowden Terrace,Week4,Annandale,Week2,278.0 Dowden Terrace - 124.0 Annandale
Dowden Terrace,Week3,Oakton ,Week4,293.0 Oakton - 109.0 Dowden Terrace
Donaldson Run,Week5,Pinecrest,Week1,249.0 Donaldson Run - 153.0 Pinecrest
Dowden Terrace,Week1,Old Keene Mill,Week3,234.0 Dowden Terrace - 168.0 Old Keene Mill
Dowden Terrace,Week1,Kings Ridge ,Week3,249.0 Dowden Terrace - 153.0 Kings Ridge
Dunn Loring,Week5,Lincolnia Park,Week5,357.0 Dunn Loring - 36.0 Lincolnia Park
Donaldson Run,Week2,Pinecrest,Week5,203.0 Pinecrest - 199.0 Donaldson Run
Dowden Terrace,Week2,Kent Gardens,Week2,202.0 Kent Gardens - 200.0 Dowden Terrace
Donaldson Run,Week3,Pinecrest,Week2,205.0 Pinecrest - 197.0 Donaldson Run
Dunn Loring,Week5,Lincolnia Park,Week4,362.0 Dunn Loring - 40.0 Lincolnia Park
Dunn Loring,Week2,Little Hunting Park,Week4,325.0 Dunn Loring - 77.0 Little Hunting Park
Dowden Terrace,Week1,Arlington Forest,Week5,236.0 Arlington Forest - 165.0 Dowden Terrace
Dowden Terrace,Week1,Annandale,Week4,272.0 Dowden Terrace - 129.0 Annandale
Dowden Terrace,Week4,Ilda Community,Week5,278.0 Dowden Terrace - 124.0 Ilda Community
Dunn Loring,Week5,Lincolnia Park,Week3,345.0 Dunn Loring - 48.0 Lincolnia Park
Dunn Loring,Week4,Lincolnia Park,Week2,367.0 Dunn Loring - 26.0 Lincolnia Park
Dowden Terrace,Week3,Annandale,Week4,272.0 Dowden Terrace - 130.0 Annandale
Dowden Terrace,Week1,Kings Ridge ,Week1,270.0 Dowden Terrace - 131.0 Kings Ridge
Dowden Terrace,Week4,Annandale,Week4,284.0 Dowden Terrace - 118.0 Annandale
Dunn Loring,Week1,Little Hunting Park,Week1,275.0 Dunn Loring - 127.0 Little Hunting Park
Dowden Terrace,Week1,Arlington Forest,Week4,222.0 Arlington Forest - 180.0 Dowden Terrace
Donaldson Run,Week5,Pinecrest,Week3,215.0 Donaldson Run - 187.0 Pinecrest
Dowden Terrace,Week3,Arlington Forest,Week2,211.0 Arlington Forest - 191.0 Dowden Terrace
Dowden Terrace,Week4,Kent Gardens,Week4,228.0 Dowden Terrace - 174.0 Kent Gardens
Dowden Terrace,Week1,Old Keene Mill,Week5,230.0 Dowden Terrace - 172.0 Old Keene Mill
Dunn Loring,Week4,Lincolnia Park,Week3,355.0 Dunn Loring - 38.0 Lincolnia Park
Dowden Terrace,Week4,Oakton ,Week5,266.0 Oakton - 136.0 Dowden Terrace
Dunn Loring,Week4,Lincolnia Park,Week5,355.0 Dunn Loring - 38.0 Lincolnia Park
Dowden Terrace,Week3,Kent Gardens,Week4,202.0 Kent Gardens - 200.0 Dowden Terrace
Dowden Terrace,Week5,Annandale,Week5,283.0 Dowden Terrace - 119.0 Annandale
Donaldson Run,Week2,Pinecrest,Week3,211.0 Pinecrest - 191.0 Donaldson Run
Dowden Terrace,Week5,Oakton ,Week5,264.0 Oakton - 138.0 Dowden Terrace
Donaldson Run,Week2,Pinecrest,Week4,202.0 Pinecrest - 200.0 Donaldson Run
Dowden Terrace,Week2,Oakton ,Week5,300.0 Oakton - 102.0 Dowden Terrace
Dowden Terrace,Week2,Kent Gardens,Week3,203.0 Dowden Terrace - 199.0 Kent Gardens
Donaldson Run,Week1,Pinecrest,Week2,207.0 Pinecrest - 195.0 Donaldson Run
Donaldson Run,Week5,Pinecrest,Week2,228.0 Donaldson Run - 174.0 Pinecrest
Dowden Terrace,Week5,Oakton ,Week3,245.0 Oakton - 157.0 Dowden Terrace
Dowden Terrace,Week3,Kings Ridge ,Week2,274.0 Dowden Terrace - 128.0 Kings Ridge
Dunn Loring,Week3,Lincolnia Park,Week3,355.5 Dunn Loring - 37.5 Lincolnia Park
Dowden Terrace,Week2,Old Keene Mill,Week2,245.0 Dowden Terrace - 157.0 Old Keene Mill
Dowden Terrace,Week1,Old Keene Mill,Week2,234.0 Dowden Terrace - 168.0 Old Keene Mill
Donaldson Run,Week1,Pinecrest,Week1,216.0 Donaldson Run - 186.0 Pinecrest
Dowden Terrace,Week5,Annandale,Week2,296.0 Dowden Terrace - 106.0 Annandale
Dowden Terrace,Week1,Kent Gardens,Week5,236.0 Kent Gardens - 166.0 Dowden Terrace
Donaldson Run,Week5,Parliament,Week4,332.0 Donaldson Run - 70.0 Parliament
Dowden Terrace,Week3,Annandale,Week2,264.0 Dowden Terrace - 138.0 Annandale
Dowden Terrace,Week2,Old Keene Mill,Week3,248.0 Dowden Terrace - 154.0 Old Keene Mill
Dunn Loring,Week3,Lincolnia Park,Week5,357.0 Dunn Loring - 36.0 Lincolnia Park
Dowden Terrace,Week3,Old Keene Mill,Week1,244.0 Dowden Terrace - 158.0 Old Keene Mill
Dunn Loring,Week4,Lincolnia Park,Week4,364.0 Dunn Loring - 38.0 Lincolnia Park
Dowden Terrace,Week2,Old Keene Mill,Week5,239.0 Dowden Terrace - 158.0 Old Keene Mill
Dowden Terrace,Week1,Annandale,Week3,247.0 Dowden Terrace - 155.0 Annandale
Dunn Loring,Week5,Lincolnia Park,Week1,372.0 Dunn Loring - 30.0 Lincolnia Park
Dowden Terrace,Week2,Annandale,Week2,266.0 Dowden Terrace - 136.0 Annandale
Donaldson Run,Week4,Pinecrest,Week1,230.0 Donaldson Run - 172.0 Pinecrest
Dowden Terrace,Week1,Annandale,Week5,259.0 Dowden Terrace - 143.0 Annandale
Dowden Terrace,Week3,Kings Ridge ,Week1,281.0 Dowden Terrace - 121.0 Kings Ridge
Dowden Terrace,Week2,Kings Ridge ,Week5,259.0 Dowden Terrace - 143.0 Kings Ridge
Dowden Terrace,Week1,Annandale,Week2,257.0 Dowden Terrace - 144.0 Annandale
Dowden Terrace,Week1,Kings Ridge ,Week4,256.0 Dowden Terrace - 146.0 Kings Ridge
Donaldson Run,Week3,Pinecrest,Week5,201.0 Donaldson Run - 201.0 Pinecrest
Dowden Terrace,Week2,Kent Gardens,Week5,240.0 Kent Gardens - 162.0 Dowden Terrace
Donaldson Run,Week4,Pinecrest,Week4,203.0 Pinecrest - 199.0 Donaldson Run
Dowden Terrace,Week1,Kings Ridge ,Week5,253.0 Dowden Terrace - 149.0 Kings Ridge
Dunn Loring,Week4,Lincolnia Park,Week1,375.0 Dunn Loring - 27.0 Lincolnia Park
Dowden Terrace,Week3,Old Keene Mill,Week4,252.0 Dowden Terrace - 150.0 Old Keene Mill
Donaldson Run,Week3,Pinecrest,Week4,205.5 Donaldson Run - 196.5 Pinecrest
Donaldson Run,Week4,Pinecrest,Week2,212.0 Donaldson Run - 190.0 Pinecrest
Dunn Loring,Week1,Little Hunting Park,Week2,276.5 Dunn Loring - 125.5 Little Hunting Park
Dowden Terrace,Week2,Annandale,Week1,278.0 Dowden Terrace - 124.0 Annandale
Dowden Terrace,Week4,Old Keene Mill,Week2,254.0 Dowden Terrace - 148.0 Old Keene Mill
Dunn Loring,Week1,Little Hunting Park,Week4,291.0 Dunn Loring - 111.0 Little Hunting Park
Dowden Terrace,Week3,Kent Gardens,Week1,233.0 Kent Gardens - 169.0 Dowden Terrace
Dowden Terrace,Week2,Old Keene Mill,Week1,253.0 Dowden Terrace - 149.0 Old Keene Mill
Donaldson Run,Week4,Pinecrest,Week5,203.0 Pinecrest - 199.0 Donaldson Run
Dunn Loring,Week1,Little Hunting Park,Week3,276.0 Dunn Loring - 126.0 Little Hunting Park
Dunn Loring,Week2,Little Hunting Park,Week2,310.0 Dunn Loring - 92.0 Little Hunting Park
Dowden Terrace,Week3,Annandale,Week3,262.0 Dowden Terrace - 140.0 Annandale
Dowden Terrace,Week1,Old Keene Mill,Week4,246.0 Dowden Terrace - 156.0 Old Keene Mill
Dowden Terrace,Week4,Old Keene Mill,Week3,244.0 Dowden Terrace - 158.0 Old Keene Mill
Dowden Terrace,Week2,Kings Ridge ,Week1,276.0 Dowden Terrace - 121.0 Kings Ridge
Dowden Terrace,Week4,Annandale,Week5,255.0 Dowden Terrace - 147.0 Annandale
Donaldson Run,Week2,Pinecrest,Week1,212.0 Donaldson Run - 190.0 Pinecrest
Dowden Terrace,Week5,Annandale,Week1,311.0 Dowden Terrace - 91.0 Annandale
Dunn Loring,Week3,Little Hunting Park,Week3,320.0 Dunn Loring - 82.0 Little Hunting Park
Dowden Terrace,Week5,Kent Gardens,Week1,229.0 Dowden Terrace - 173.0 Kent Gardens
Dunn Loring,Week3,Little Hunting Park,Week1,323.0 Dunn Loring - 79.0 Little Hunting Park
Dunn Loring,Week3,Little Hunting Park,Week5,308.0 Dunn Loring - 94.0 Little Hunting Park
Dowden Terrace,Week2,Annandale,Week3,267.0 Dowden Terrace - 135.0 Annandale
Dowden Terrace,Week2,Annandale,Week5,275.0 Dowden Terrace - 127.0 Annandale
Dowden Terrace,Week2,Old Keene Mill,Week4,257.0 Dowden Terrace - 145.0 Old Keene Mill
Dowden Terrace,Week3,Old Keene Mill,Week5,230.0 Dowden Terrace - 172.0 Old Keene Mill
Dowden Terrace,Week2,Kings Ridge ,Week3,265.0 Dowden Terrace - 137.0 Kings Ridge
Dowden Terrace,Week5,Kent Gardens,Week2,254.0 Dowden Terrace - 148.0 Kent Gardens
Donaldson Run,Week4,Pinecrest,Week3,208.0 Pinecrest - 194.0 Donaldson Run
Donaldson Run,Week2,Pinecrest,Week2,201.0 Donaldson Run - 201.0 Pinecrest
Dowden Terrace,Week3,Old Keene Mill,Week2,239.0 Dowden Terrace - 163.0 Old Keene Mill
Dowden Terrace,Week5,Kent Gardens,Week4,240.0 Dowden Terrace - 162.0 Kent Gardens
Donaldson Run,Week1,Pinecrest,Week5,213.0 Pinecrest - 189.0 Donaldson Run
Dowden Terrace,Week3,Kent Gardens,Week5,257.0 Kent Gardens - 145.0 Dowden Terrace
Donaldson Run,Week5,Parliament,Week5,317.0 Donaldson Run - 85.0 Parliament
Dunn Loring,Week4,Little Hunting Park,Week4,330.0 Dunn Loring - 72.0 Little Hunting Park
Dowden Terrace,Week3,Annandale,Week1,278.0 Dowden Terrace - 124.0 Annandale
Dowden Terrace,Week1,Arlington Forest,Week2,205.0 Dowden Terrace - 197.0 Arlington Forest
Dunn Loring,Week5,Little Rocky Run,Week1,223.0 Dunn Loring - 179.0 Little Rocky Run
Dowden Terrace,Week4,Kent Gardens,Week1,203.0 Dowden Terrace - 199.0 Kent Gardens
Dowden Terrace,Week3,Kent Gardens,Week2,207.0 Kent Gardens - 195.0 Dowden Terrace
Dowden Terrace,Week5,Annandale,Week3,298.0 Dowden Terrace - 104.0 Annandale
Donaldson Run,Week1,Pinecrest,Week4,204.0 Donaldson Run - 198.0 Pinecrest
Dowden Terrace,Week2,Arlington Forest,Week2,221.0 Dowden Terrace - 181.0 Arlington Forest
Dowden Terrace,Week4,Kent Gardens,Week3,229.0 Dowden Terrace - 173.0 Kent Gardens
Dunn Loring,Week5,Little Hunting Park,Week1,317.0 Dunn Loring - 84.0 Little Hunting Park
Dowden Terrace,Week5,Kent Gardens,Week3,243.0 Dowden Terrace - 159.0 Kent Gardens
Dowden Terrace,Week5,Old Keene Mill,Week4,281.0 Dowden Terrace - 121.0 Old Keene Mill
Dowden Terrace,Week3,Kent Gardens,Week3,203.0 Dowden Terrace - 199.0 Kent Gardens
Dunn Loring,Week4,Little Rocky Run,Week1,215.0 Dunn Loring - 187.0 Little Rocky Run
Dowden Terrace,Week5,Old Keene Mill,Week1,280.0 Dowden Terrace - 122.0 Old Keene Mill
Donaldson Run,Week5,Parliament,Week3,318.0 Donaldson Run - 84.0 Parliament
Dowden Terrace,Week4,Annandale,Week1,292.0 Dowden Terrace - 110.0 Annandale
Dunn Loring,Week5,Little Hunting Park,Week3,319.0 Dunn Loring - 83.0 Little Hunting Park
Dowden Terrace,Week2,Kings Ridge ,Week2,276.0 Dowden Terrace - 126.0 Kings Ridge
Dunn Loring,Week2,Little Rocky Run,Week3,207.0 Dunn Loring - 195.0 Little Rocky Run
Dowden Terrace,Week5,Kent Gardens,Week5,204.0 Kent Gardens - 198.0 Dowden Terrace
Dowden Terrace,Week4,Old Keene Mill,Week5,243.0 Dowden Terrace - 159.0 Old Keene Mill
Dunn Loring,Week5,Little Hunting Park,Week4,322.0 Dunn Loring - 80.0 Little Hunting Park
Donaldson Run,Week3,Pinecrest,Week3,207.0 Pinecrest - 195.0 Donaldson Run
Dowden Terrace,Week5,Old Keene Mill,Week2,265.0 Dowden Terrace - 137.0 Old Keene Mill
Dunn Loring,Week4,Little Hunting Park,Week3,328.0 Dunn Loring - 74.0 Little Hunting Park
Dowden Terrace,Week4,Kent Gardens,Week2,225.0 Dowden Terrace - 177.0 Kent Gardens
Dowden Terrace,Week5,Old Keene Mill,Week5,251.0 Dowden Terrace - 151.0 Old Keene Mill
Dunn Loring,Week5,Little Rocky Run,Week3,225.0 Dunn Loring - 177.0 Little Rocky Run
Dowden Terrace,Week4,Kent Gardens,Week5,233.0 Kent Gardens - 169.0 Dowden Terrace
Donaldson Run,Week3,Pinecrest,Week1,222.0 Donaldson Run - 180.0 Pinecrest
Dowden Terrace,Week4,Annandale,Week3,271.0 Dowden Terrace - 126.0 Annandale
Dowden Terrace,Week5,Annandale,Week4,304.0 Dowden Terrace - 98.0 Annandale
Dowden Terrace,Week2,Arlington Forest,Week3,210.0 Dowden Terrace - 192.0 Arlington Forest
Dowden Terrace,Week3,Annandale,Week5,257.5 Dowden Terrace - 144.5 Annandale
Dowden Terrace,Week2,Annandale,Week4,279.0 Dowden Terrace - 123.0 Annandale
Dowden Terrace,Week1,Kings Ridge ,Week2,268.0 Dowden Terrace - 134.0 Kings Ridge
Dowden Terrace,Week3,Kings Ridge ,Week3,267.0 Dowden Terrace - 135.0 Kings Ridge
Dunn Loring,Week5,Little Rocky Run,Week4,228.0 Dunn Loring - 174.0 Little Rocky Run
Donaldson Run,Week1,Pinecrest,Week3,211.0 Pinecrest - 191.0 Donaldson Run
Dowden Terrace,Week1,Arlington Forest,Week1,206.0 Arlington Forest - 196.0 Dowden Terrace
Dowden Terrace,Week5,Old Keene Mill,Week3,268.0 Dowden Terrace - 134.0 Old Keene Mill
Dowden Terrace,Week1,Arlington Forest,Week3,209.0 Dowden Terrace - 189.0 Arlington Forest
Dunn Loring,Week5,Little Rocky Run,Week5,203.0 Little Rocky Run - 199.0 Dunn Loring
Dunn Loring,Week3,Little Rocky Run,Week5,216.0 Dunn Loring - 186.0 Little Rocky Run
Dowden Terrace,Week2,Kings Ridge ,Week4,261.0 Dowden Terrace - 141.0 Kings Ridge
Dowden Terrace,Week3,Arlington Forest,Week1,222.0 Arlington Forest - 180.0 Dowden Terrace
Dowden Terrace,Week2,Arlington Forest,Week4,224.0 Arlington Forest - 178.0 Dowden Terrace
Dowden Terrace,Week4,Kings Ridge ,Week1,305.0 Dowden Terrace - 97.0 Kings Ridge
Dunn Loring,Week4,Little Rocky Run,Week4,221.0 Dunn Loring - 181.0 Little Rocky Run
Dowden Terrace,Week2,Arlington Forest,Week5,228.0 Arlington Forest - 174.0 Dowden Terrace
Dowden Terrace,Week4,Lake Braddock,Week5,290.0 Dowden Terrace - 112.0 Lake Braddock
Dunn Loring,Week4,Little Rocky Run,Week2,232.0 Dunn Loring - 170.0 Little Rocky Run
Dowden Terrace,Week3,Kings Ridge ,Week4,263.0 Dowden Terrace - 139.0 Kings Ridge
Dunn Loring,Week1,Little Rocky Run,Week3,225.0 Little Rocky Run - 177.0 Dunn Loring
Dunn Loring,Week4,Little Rocky Run,Week5,203.0 Little Rocky Run - 199.0 Dunn Loring
Dowden Terrace,Week4,Lake Braddock,Week2,292.0 Dowden Terrace - 110.0 Lake Braddock
Dunn Loring,Week3,Little Rocky Run,Week1,237.0 Dunn Loring - 165.0 Little Rocky Run
Dowden Terrace,Week4,Arlington Forest,Week2,220.0 Dowden Terrace - 177.0 Arlington Forest
Dowden Terrace,Week5,Kings Ridge ,Week1,315.5 Dowden Terrace - 86.5 Kings Ridge
Dowden Terrace,Week2,Arlington Forest,Week1,202.0 Arlington Forest - 200.0 Dowden Terrace
Dunn Loring,Week2,Little Rocky Run,Week1,230.0 Dunn Loring - 172.0 Little Rocky Run
Dowden Terrace,Week2,Lake Braddock,Week4,301.0 Dowden Terrace - 101.0 Lake Braddock
Dowden Terrace,Week2,Brandywine,Week1,213.0 Dowden Terrace - 189.0 Brandywine
Dowden Terrace,Week3,Arlington Forest,Week3,210.0 Dowden Terrace - 192.0 Arlington Forest
Dowden Terrace,Week3,Kings Ridge ,Week5,265.0 Dowden Terrace - 137.0 Kings Ridge
Dunn Loring,Week1,Little Rocky Run,Week2,202.0 Dunn Loring - 200.0 Little Rocky Run
Dowden Terrace,Week5,Arlington Forest,Week3,248.0 Dowden Terrace - 154.0 Arlington Forest
Dunn Loring,Week3,Little Rocky Run,Week2,236.0 Dunn Loring - 166.0 Little Rocky Run
Dunn Loring,Week1,Long Branch,Week1,277.0 Dunn Loring - 125.0 Long Branch
Dowden Terrace,Week4,Kings Ridge ,Week2,291.0 Dowden Terrace - 111.0 Kings Ridge
Dowden Terrace,Week1,Brandywine,Week4,215.0 Brandywine - 187.0 Dowden Terrace
Dowden Terrace,Week4,Kings Ridge ,Week3,279.5 Dowden Terrace - 122.5 Kings Ridge
Dowden Terrace,Week2,Brandywine,Week3,211.0 Brandywine - 186.0 Dowden Terrace
Dowden Terrace,Week4,Arlington Forest,Week3,220.0 Dowden Terrace - 182.0 Arlington Forest
Dowden Terrace,Week3,Brandywine,Week1,205.0 Brandywine - 197.0 Dowden Terrace
Dunn Loring,Week3,Little Rocky Run,Week3,219.0 Dunn Loring - 183.0 Little Rocky Run
Dunn Loring,Week2,Little Rocky Run,Week5,219.0 Little Rocky Run - 183.0 Dunn Loring
Dunn Loring,Week5,Little Hunting Park,Week5,298.0 Dunn Loring - 104.0 Little Hunting Park
Dowden Terrace,Week5,Kings Ridge ,Week3,298.0 Dowden Terrace - 104.0 Kings Ridge
Dowden Terrace,Week3,Arlington Forest,Week5,232.0 Arlington Forest - 170.0 Dowden Terrace
Dowden Terrace,Week3,Lake Braddock,Week5,282.0 Dowden Terrace - 120.0 Lake Braddock
Dowden Terrace,Week4,Arlington Forest,Week5,232.0 Arlington Forest - 165.0 Dowden Terrace
Dunn Loring,Week1,Little Rocky Run,Week4,221.0 Little Rocky Run - 181.0 Dunn Loring
Dunn Loring,Week1,Little Rocky Run,Week1,209.0 Little Rocky Run - 193.0 Dunn Loring
Dowden Terrace,Week5,Kings Ridge ,Week4,290.0 Dowden Terrace - 112.0 Kings Ridge
Dunn Loring,Week2,Little Rocky Run,Week2,229.0 Dunn Loring - 173.0 Little Rocky Run
Dowden Terrace,Week2,Brandywine,Week2,217.0 Dowden Terrace - 185.0 Brandywine
Dowden Terrace,Week4,Kings Ridge ,Week4,276.0 Dowden Terrace - 126.0 Kings Ridge
Dowden Terrace,Week5,Arlington Forest,Week1,225.0 Dowden Terrace - 177.0 Arlington Forest
Dowden Terrace,Week3,Brandywine,Week2,218.0 Brandywine - 184.0 Dowden Terrace
Dowden Terrace,Week4,Arlington Forest,Week4,217.0 Arlington Forest - 185.0 Dowden Terrace
Dowden Terrace,Week3,Lake Braddock,Week2,293.0 Dowden Terrace - 109.0 Lake Braddock
Dunn Loring,Week2,Little Rocky Run,Week4,215.0 Dunn Loring - 187.0 Little Rocky Run
Dunn Loring,Week1,Little Rocky Run,Week5,237.0 Little Rocky Run - 165.0 Dunn Loring
Dowden Terrace,Week1,Lake Braddock,Week2,280.0 Dowden Terrace - 121.0 Lake Braddock
Dowden Terrace,Week1,Lake Braddock,Week3,279.0 Dowden Terrace - 122.0 Lake Braddock
Dunn Loring,Week2,Mansion House,Week5,239.0 Dunn Loring - 163.0 Mansion House
Donaldson Run,Week3,South Run,Week4,297.0 Donaldson Run - 105.0 South Run
Dowden Terrace,Week2,Lake Braddock,Week2,292.0 Dowden Terrace - 110.0 Lake Braddock
Dowden Terrace,Week5,Arlington Forest,Week2,237.0 Dowden Terrace - 165.0 Arlington Forest
Dunn Loring,Week5,Long Branch,Week3,295.0 Dunn Loring - 107.0 Long Branch
Donaldson Run,Week3,Springboard,Week4,325.0 Donaldson Run - 77.0 Springboard
Dowden Terrace,Week3,Brandywine,Week5,242.0 Brandywine - 160.0 Dowden Terrace
Dowden Terrace,Week2,Brandywine,Week5,220.5 Brandywine - 181.5 Dowden Terrace
Dunn Loring,Week4,Little Rocky Run,Week3,217.0 Dunn Loring - 185.0 Little Rocky Run
Dowden Terrace,Week2,Lake Braddock,Week5,285.0 Dowden Terrace - 117.0 Lake Braddock
Dowden Terrace,Week3,Brandywine,Week3,223.0 Brandywine - 179.0 Dowden Terrace
Dunn Loring,Week3,Long Branch,Week4,314.0 Dunn Loring - 88.0 Long Branch
Dunn Loring,Week1,Mansion House,Week2,242.0 Dunn Loring - 160.0 Mansion House
Dowden Terrace,Week2,Lake Braddock,Week3,282.0 Dowden Terrace - 120.0 Lake Braddock
Dowden Terrace,Week3,Lake Braddock,Week4,310.0 Dowden Terrace - 92.0 Lake Braddock
Donaldson Run,Week4,Springboard,Week3,329.0 Donaldson Run - 73.0 Springboard
Dowden Terrace,Week1,Brandywine,Week2,204.0 Brandywine - 198.0 Dowden Terrace
Dowden Terrace,Week3,Arlington Forest,Week4,226.0 Arlington Forest - 176.0 Dowden Terrace
Dowden Terrace,Week3,Brandywine,Week4,240.5 Brandywine - 161.5 Dowden Terrace
Dowden Terrace,Week4,Lake Braddock,Week1,310.0 Dowden Terrace - 92.0 Lake Braddock
Dowden Terrace,Week4,Kings Ridge ,Week5,282.0 Dowden Terrace - 120.0 Kings Ridge
Dowden Terrace,Week1,Lake Braddock,Week4,297.0 Dowden Terrace - 104.0 Lake Braddock
Donaldson Run,Week5,South Run,Week3,303.0 Donaldson Run - 99.0 South Run
Donaldson Run,Week4,South Run,Week1,255.0 Donaldson Run - 138.0 South Run
Dunn Loring,Week5,Long Branch,Week5,292.0 Dunn Loring - 110.0 Long Branch
Donaldson Run,Week5,South Run,Week5,297.0 Donaldson Run - 105.0 South Run
Dowden Terrace,Week1,Brandywine,Week3,208.0 Brandywine - 189.0 Dowden Terrace
Dunn Loring,Week2,Long Branch,Week5,301.0 Dunn Loring - 101.0 Long Branch
Dunn Loring,Week1,Long Branch,Week4,271.0 Dunn Loring - 131.0 Long Branch
Dunn Loring,Week3,Little Rocky Run,Week4,228.0 Dunn Loring - 174.0 Little Rocky Run
Dowden Terrace,Week1,Brandywine,Week5,232.0 Brandywine - 169.0 Dowden Terrace
Dowden Terrace,Week2,Lake Braddock,Week1,311.0 Dowden Terrace - 91.0 Lake Braddock
Dowden Terrace,Week5,Kings Ridge ,Week2,306.0 Dowden Terrace - 96.0 Kings Ridge
Dowden Terrace,Week4,Arlington Forest,Week1,214.0 Dowden Terrace - 188.0 Arlington Forest
Dowden Terrace,Week1,Lake Braddock,Week5,288.0 Dowden Terrace - 113.0 Lake Braddock
Donaldson Run,Week4,South Run,Week2,278.0 Donaldson Run - 124.0 South Run
Dowden Terrace,Week2,Brandywine,Week4,207.0 Brandywine - 195.0 Dowden Terrace
Donaldson Run,Week4,South Run,Week3,279.0 Donaldson Run - 123.0 South Run
Dunn Loring,Week5,Little Rocky Run,Week2,239.0 Dunn Loring - 163.0 Little Rocky Run
Dowden Terrace,Week4,Lake Braddock,Week4,308.0 Dowden Terrace - 94.0 Lake Braddock
Dowden Terrace,Week1,Lake Braddock,Week1,302.0 Dowden Terrace - 94.0 Lake Braddock
Dowden Terrace,Week1,Brandywine,Week1,210.5 Dowden Terrace - 191.5 Brandywine
Dunn Loring,Week2,Mansion House,Week2,269.0 Dunn Loring - 133.0 Mansion House
Dunn Loring,Week2,Long Branch,Week3,307.0 Dunn Loring - 95.0 Long Branch
Dowden Terrace,Week5,Kings Ridge ,Week5,296.5 Dowden Terrace - 105.5 Kings Ridge
Dunn Loring,Week1,Mansion House,Week5,223.5 Dunn Loring - 178.5 Mansion House
Dunn Loring,Week4,Long Branch,Week4,312.0 Dunn Loring - 90.0 Long Branch
Dowden Terrace,Week5,Arlington Forest,Week5,209.0 Arlington Forest - 193.0 Dowden Terrace
Dowden Terrace,Week5,Brandywine,Week1,244.0 Dowden Terrace - 158.0 Brandywine
Dowden Terrace,Week4,Brandywine,Week4,204.0 Brandywine - 198.0 Dowden Terrace
Dunn Loring,Week3,Mansion House,Week2,278.0 Dunn Loring - 124.0 Mansion House
Donaldson Run,Week4,South Run,Week4,292.0 Donaldson Run - 110.0 South Run
Dunn Loring,Week3,Long Branch,Week1,312.0 Dunn Loring - 90.0 Long Branch
Dowden Terrace,Week5,Brandywine,Week3,237.0 Dowden Terrace - 165.0 Brandywine
Dowden Terrace,Week2,Lakevale Estates,Week3,251.0 Lakevale Estates - 151.0 Dowden Terrace
Donaldson Run,Week5,South Run,Week1,278.0 Donaldson Run - 110.0 South Run
Dunn Loring,Week3,Long Branch,Week2,308.0 Dunn Loring - 94.0 Long Branch
Dowden Terrace,Week5,Lakevale Estates,Week1,203.0 Lakevale Estates - 199.0 Dowden Terrace
Dowden Terrace,Week3,Lake Braddock,Week3,294.5 Dowden Terrace - 107.5 Lake Braddock
Donaldson Run,Week2,Springboard,Week4,322.0 Donaldson Run - 80.0 Springboard
Dowden Terrace,Week1,Bren Mar-Edsall Park,Week4,343.0 Dowden Terrace - 58.0 Bren Mar-Edsall Park
Donaldson Run,Week2,Springboard,Week5,317.5 Donaldson Run - 84.5 Springboard
Dowden Terrace,Week4,Lake Braddock,Week3,290.0 Dowden Terrace - 112.0 Lake Braddock
Donaldson Run,Week1,Springboard,Week4,335.0 Donaldson Run - 67.0 Springboard
Dunn Loring,Week2,Long Branch,Week2,301.0 Dunn Loring - 101.0 Long Branch
Dunn Loring,Week4,Long Branch,Week2,308.0 Dunn Loring - 94.0 Long Branch
Donaldson Run,Week1,Springboard,Week2,355.0 Donaldson Run - 47.0 Springboard
Dowden Terrace,Week1,Bren Mar-Edsall Park,Week2,349.0 Dowden Terrace - 49.0 Bren Mar-Edsall Park
Donaldson Run,Week1,Springboard,Week1,332.0 Donaldson Run - 70.0 Springboard
Dunn Loring,Week3,Mansion House,Week4,279.0 Dunn Loring - 123.0 Mansion House
Dowden Terrace,Week2,Lakevale Estates,Week5,267.0 Lakevale Estates - 135.0 Dowden Terrace
Dowden Terrace,Week3,Bren Mar-Edsall Park,Week3,367.0 Dowden Terrace - 35.0 Bren Mar-Edsall Park
Dowden Terrace,Week5,Arlington Forest,Week4,209.0 Dowden Terrace - 193.0 Arlington Forest
Dowden Terrace,Week3,Lake Braddock,Week1,309.0 Dowden Terrace - 93.0 Lake Braddock
Dowden Terrace,Week5,Lakevale Estates,Week5,246.0 Lakevale Estates - 156.0 Dowden Terrace
Donaldson Run,Week5,South Run,Week2,306.0 Donaldson Run - 91.0 South Run
Dowden Terrace,Week5,Brandywine,Week5,218.0 Dowden Terrace - 184.0 Brandywine
Dowden Terrace,Week1,Lakevale Estates,Week1,239.0 Lakevale Estates - 163.0 Dowden Terrace
Donaldson Run,Week5,South Run,Week4,320.5 Donaldson Run - 81.5 South Run
Dunn Loring,Week4,Long Branch,Week5,288.5 Dunn Loring - 113.5 Long Branch
Dowden Terrace,Week5,Brandywine,Week2,231.5 Dowden Terrace - 170.5 Brandywine
Dowden Terrace,Week2,Bren Mar-Edsall Park,Week3,352.0 Dowden Terrace - 50.0 Bren Mar-Edsall Park
Dunn Loring,Week5,Long Branch,Week2,306.0 Dunn Loring - 96.0 Long Branch
Donaldson Run,Week2,Springboard,Week1,320.0 Donaldson Run - 82.0 Springboard
Dowden Terrace,Week2,Lakevale Estates,Week1,238.0 Lakevale Estates - 164.0 Dowden Terrace
Donaldson Run,Week4,Pleasant Valley,Week2,362.0 Donaldson Run - 40.0 Pleasant Valley
Dowden Terrace,Week4,Brandywine,Week3,208.0 Dowden Terrace - 194.0 Brandywine
Dunn Loring,Week3,Long Branch,Week5,303.0 Dunn Loring - 99.0 Long Branch
Dunn Loring,Week2,Long Branch,Week1,316.0 Dunn Loring - 86.0 Long Branch
Donaldson Run,Week2,Poplar Heights,Week3,253.0 Donaldson Run - 149.0 Poplar Heights
Donaldson Run,Week3,Poplar Heights,Week5,252.0 Donaldson Run - 150.0 Poplar Heights
Dunn Loring,Week1,Long Branch,Week3,263.0 Dunn Loring - 139.0 Long Branch
Donaldson Run,Week2,Springboard,Week3,324.0 Donaldson Run - 78.0 Springboard
Donaldson Run,Week2,Poplar Heights,Week2,249.0 Donaldson Run - 153.0 Poplar Heights
Donaldson Run,Week3,Poplar Heights,Week2,253.0 Donaldson Run - 149.0 Poplar Heights
Dowden Terrace,Week5,Lake Braddock,Week4,330.0 Dowden Terrace - 72.0 Lake Braddock
Dowden Terrace,Week1,Lakevale Estates,Week3,253.0 Lakevale Estates - 149.0 Dowden Terrace
Dowden Terrace,Week1,Bren Mar-Edsall Park,Week5,334.0 Dowden Terrace - 67.0 Bren Mar-Edsall Park
Donaldson Run,Week4,South Run,Week5,269.0 Donaldson Run - 133.0 South Run
Dowden Terrace,Week1,Lakevale Estates,Week2,251.0 Lakevale Estates - 151.0 Dowden Terrace
Donaldson Run,Week3,Springboard,Week2,354.0 Donaldson Run - 48.0 Springboard
Dowden Terrace,Week1,Bren Mar-Edsall Park,Week1,350.0 Dowden Terrace - 48.0 Bren Mar-Edsall Park
Donaldson Run,Week2,Stratford,Week3,326.0 Donaldson Run - 76.0 Stratford
Donaldson Run,Week3,South Run,Week5,265.0 Donaldson Run - 137.0 South Run
Dowden Terrace,Week3,Lakevale Estates,Week4,286.0 Lakevale Estates - 116.0 Dowden Terrace
Donaldson Run,Week3,Springboard,Week1,329.0 Donaldson Run - 73.0 Springboard
Dunn Loring,Week3,Long Branch,Week3,318.0 Dunn Loring - 84.0 Long Branch
Donaldson Run,Week2,Springboard,Week2,352.0 Donaldson Run - 50.0 Springboard
Dowden Terrace,Week4,Lakevale Estates,Week4,258.5 Lakevale Estates - 143.5 Dowden Terrace
Donaldson Run,Week5,Poplar Heights,Week5,277.0 Donaldson Run - 125.0 Poplar Heights
Donaldson Run,Week5,Springfield,Week2,387.0 Donaldson Run - 10.0 Springfield
Dowden Terrace,Week5,Brandywine,Week4,223.0 Dowden Terrace - 179.0 Brandywine
Dunn Loring,Week1,Long Branch,Week5,253.0 Dunn Loring - 149.0 Long Branch
Dowden Terrace,Week2,Bren Mar-Edsall Park,Week5,339.0 Dowden Terrace - 53.0 Bren Mar-Edsall Park
Dowden Terrace,Week2,Lakevale Estates,Week4,269.0 Lakevale Estates - 133.0 Dowden Terrace
Dowden Terrace,Week1,Bren Mar-Edsall Park,Week3,341.5 Dowden Terrace - 59.5 Bren Mar-Edsall Park
Donaldson Run,Week3,Poplar Heights,Week1,263.0 Donaldson Run - 139.0 Poplar Heights
Dowden Terrace,Week2,Bren Mar-Edsall Park,Week1,359.0 Dowden Terrace - 43.0 Bren Mar-Edsall Park
Donaldson Run,Week1,Springboard,Week5,333.0 Donaldson Run - 69.0 Springboard
Donaldson Run,Week4,Springfield,Week3,382.0 Donaldson Run - 18.0 Springfield
Dunn Loring,Week4,Long Branch,Week1,301.0 Dunn Loring - 101.0 Long Branch
Donaldson Run,Week1,Poplar Heights,Week2,248.0 Donaldson Run - 154.0 Poplar Heights
Donaldson Run,Week5,Springfield,Week1,386.0 Donaldson Run - 16.0 Springfield
Donaldson Run,Week1,Springboard,Week3,327.0 Donaldson Run - 75.0 Springboard
Donaldson Run,Week3,Poplar Heights,Week3,250.0 Donaldson Run - 152.0 Poplar Heights
Donaldson Run,Week3,Stratford,Week5,319.0 Donaldson Run - 83.0 Stratford
Donaldson Run,Week5,Springfield,Week5,391.0 Donaldson Run - 11.0 Springfield
Donaldson Run,Week3,Springboard,Week3,324.0 Donaldson Run - 78.0 Springboard
Donaldson Run,Week4,Stratford,Week1,334.0 Donaldson Run - 68.0 Stratford
Dunn Loring,Week2,Long Branch,Week4,314.0 Dunn Loring - 88.0 Long Branch
Dowden Terrace,Week3,Bren Mar-Edsall Park,Week2,378.0 Dowden Terrace - 24.0 Bren Mar-Edsall Park
Dowden Terrace,Week1,Lakevale Estates,Week4,279.0 Lakevale Estates - 123.0 Dowden Terrace
Dowden Terrace,Week3,Bren Mar-Edsall Park,Week1,374.0 Dowden Terrace - 28.0 Bren Mar-Edsall Park
Dunn Loring,Week5,Long Branch,Week1,307.0 Dunn Loring - 95.0 Long Branch
Donaldson Run,Week5,Poplar Heights,Week3,283.0 Donaldson Run - 119.0 Poplar Heights
Dunn Loring,Week4,Long Branch,Week3,308.0 Dunn Loring - 94.0 Long Branch
Dunn Loring,Week1,Long Branch,Week2,268.0 Dunn Loring - 134.0 Long Branch
Dowden Terrace,Week5,Lake Braddock,Week3,318.0 Dowden Terrace - 84.0 Lake Braddock
Donaldson Run,Week5,Stratford,Week5,343.0 Donaldson Run - 59.0 Stratford
Donaldson Run,Week5,Pleasant Valley,Week2,366.0 Donaldson Run - 31.0 Pleasant Valley
Donaldson Run,Week3,Springboard,Week5,322.0 Donaldson Run - 80.0 Springboard
Dowden Terrace,Week3,Lakevale Estates,Week1,261.0 Lakevale Estates - 141.0 Dowden Terrace
Donaldson Run,Week2,Poplar Heights,Week4,253.0 Donaldson Run - 149.0 Poplar Heights
Dunn Loring,Week5,Long Branch,Week4,313.0 Dunn Loring - 89.0 Long Branch
Dowden Terrace,Week3,Lakevale Estates,Week2,268.0 Lakevale Estates - 134.0 Dowden Terrace
Dowden Terrace,Week2,Lakevale Estates,Week2,238.0 Lakevale Estates - 164.0 Dowden Terrace
Dunn Loring,Week1,Mansion House,Week4,234.0 Dunn Loring - 168.0 Mansion House
Donaldson Run,Week3,Stratford,Week1,322.0 Donaldson Run - 80.0 Stratford
Dowden Terrace,Week4,Lakevale Estates,Week2,225.0 Lakevale Estates - 177.0 Dowden Terrace
Dunn Loring,Week1,Mansion House,Week1,230.0 Dunn Loring - 172.0 Mansion House
Donaldson Run,Week4,Springboard,Week1,327.5 Donaldson Run - 74.5 Springboard
Dowden Terrace,Week4,Brandywine,Week1,222.0 Dowden Terrace - 180.0 Brandywine
Donaldson Run,Week1,Poplar Heights,Week1,258.0 Donaldson Run - 144.0 Poplar Heights
Donaldson Run,Week4,Pleasant Valley,Week5,351.0 Donaldson Run - 50.0 Pleasant Valley
Dowden Terrace,Week4,Lakevale Estates,Week1,229.0 Lakevale Estates - 173.0 Dowden Terrace
Dowden Terrace,Week1,Lakevale Estates,Week5,281.0 Lakevale Estates - 121.0 Dowden Terrace
Donaldson Run,Week4,Springboard,Week2,354.0 Donaldson Run - 48.0 Springboard
Donaldson Run,Week3,Stratford,Week2,335.0 Donaldson Run - 67.0 Stratford
Dowden Terrace,Week4,Brandywine,Week2,211.0 Dowden Terrace - 191.0 Brandywine
Dowden Terrace,Week2,Bren Mar-Edsall Park,Week4,349.0 Dowden Terrace - 53.0 Bren Mar-Edsall Park
Donaldson Run,Week5,Springboard,Week3,345.0 Donaldson Run - 57.0 Springboard
Donaldson Run,Week5,Springboard,Week4,336.0 Donaldson Run - 66.0 Springboard
Dunn Loring,Week1,Mansion House,Week3,225.0 Dunn Loring - 177.0 Mansion House
Donaldson Run,Week4,Pleasant Valley,Week4,351.0 Donaldson Run - 51.0 Pleasant Valley
Donaldson Run,Week1,Stratford,Week3,326.0 Donaldson Run - 76.0 Stratford
Donaldson Run,Week5,Pleasant Valley,Week5,354.0 Donaldson Run - 43.0 Pleasant Valley
Dowden Terrace,Week4,Brandywine,Week5,213.0 Brandywine - 189.0 Dowden Terrace
Dunn Loring,Week2,Mansion House,Week1,244.0 Dunn Loring - 158.0 Mansion House
Donaldson Run,Week4,Springboard,Week4,327.0 Donaldson Run - 75.0 Springboard
Dunn Loring,Week2,Mansion House,Week3,245.0 Dunn Loring - 157.0 Mansion House
Donaldson Run,Week5,Stratford,Week2,352.0 Donaldson Run - 50.0 Stratford
Donaldson Run,Week4,Stratford,Week5,328.0 Donaldson Run - 74.0 Stratford
Dowden Terrace,Week2,Bren Mar-Edsall Park,Week2,358.0 Dowden Terrace - 44.0 Bren Mar-Edsall Park
Donaldson Run,Week3,Pleasant Valley,Week3,346.0 Donaldson Run - 56.0 Pleasant Valley
Dowden Terrace,Week4,Lakevale Estates,Week3,236.0 Lakevale Estates - 161.0 Dowden Terrace
Donaldson Run,Week4,Pleasant Valley,Week3,353.0 Donaldson Run - 49.0 Pleasant Valley
Donaldson Run,Week5,Springfield,Week3,386.0 Donaldson Run - 16.0 Springfield
Dowden Terrace,Week4,Lakevale Estates,Week5,257.0 Lakevale Estates - 145.0 Dowden Terrace
Donaldson Run,Week1,Stratford,Week1,321.0 Donaldson Run - 81.0 Stratford
Donaldson Run,Week5,Pleasant Valley,Week3,364.0 Donaldson Run - 38.0 Pleasant Valley
Dunn Loring,Week3,Mansion House,Week1,254.0 Dunn Loring - 148.0 Mansion House
Dunn Loring,Week2,Mansion House,Week4,271.0 Dunn Loring - 131.0 Mansion House
Donaldson Run,Week3,Springfield,Week1,387.0 Donaldson Run - 15.0 Springfield
Donaldson Run,Week1,Springfield,Week3,385.0 Donaldson Run - 16.0 Springfield
Donaldson Run,Week2,Springfield,Week5,387.0 Donaldson Run - 14.0 Springfield
Donaldson Run,Week3,Pleasant Valley,Week4,351.0 Donaldson Run - 51.0 Pleasant Valley
Donaldson Run,Week5,Springfield,Week4,382.0 Donaldson Run - 20.0 Springfield
Donaldson Run,Week2,Springfield,Week1,384.0 Donaldson Run - 17.0 Springfield
Dowden Terrace,Week5,Lake Braddock,Week5,308.0 Dowden Terrace - 94.0 Lake Braddock
Dowden Terrace,Week5,Lake Braddock,Week1,328.0 Dowden Terrace - 74.0 Lake Braddock
Donaldson Run,Week5,Stratford,Week3,335.0 Donaldson Run - 67.0 Stratford
Dowden Terrace,Week3,Lakevale Estates,Week5,279.0 Lakevale Estates - 123.0 Dowden Terrace
Donaldson Run,Week3,Pleasant Valley,Week5,348.0 Donaldson Run - 53.0 Pleasant Valley
Dunn Loring,Week1,Mantua,Week5,230.0 Mantua - 172.0 Dunn Loring
Dunn Loring,Week3,Mansion House,Week3,246.0 Dunn Loring - 156.0 Mansion House
Dowden Terrace,Week5,Lake Braddock,Week2,318.0 Dowden Terrace - 84.0 Lake Braddock
Dunn Loring,Week4,Mansion House,Week1,249.0 Dunn Loring - 153.0 Mansion House
Donaldson Run,Week1,Poplar Heights,Week3,252.0 Donaldson Run - 150.0 Poplar Heights
Donaldson Run,Week4,Springfield,Week2,383.0 Donaldson Run - 17.0 Springfield
Donaldson Run,Week1,Springfield,Week5,392.0 Donaldson Run - 9.0 Springfield
Donaldson Run,Week1,Poplar Heights,Week5,245.0 Donaldson Run - 157.0 Poplar Heights
Donaldson Run,Week4,Pleasant Valley,Week1,366.5 Donaldson Run - 35.5 Pleasant Valley
Donaldson Run,Week5,Stratford,Week1,344.0 Donaldson Run - 53.0 Stratford
Donaldson Run,Week2,Stratford,Week5,309.0 Donaldson Run - 93.0 Stratford
Donaldson Run,Week2,Springfield,Week4,381.0 Donaldson Run - 20.0 Springfield
Donaldson Run,Week3,Springfield,Week5,392.0 Donaldson Run - 10.0 Springfield
Dowden Terrace,Week5,Lakevale Estates,Week2,210.0 Lakevale Estates - 192.0 Dowden Terrace
Dowden Terrace,Week5,Lakevale Estates,Week4,239.0 Lakevale Estates - 163.0 Dowden Terrace
Dunn Loring,Week5,Mansion House,Week3,241.0 Dunn Loring - 161.0 Mansion House
Donaldson Run,Week1,Stratford,Week5,320.0 Donaldson Run - 82.0 Stratford
Donaldson Run,Week2,Stratford,Week2,329.0 Donaldson Run - 73.0 Stratford
Donaldson Run,Week1,Poplar Heights,Week4,249.0 Donaldson Run - 153.0 Poplar Heights
Donaldson Run,Week5,Pleasant Valley,Week4,358.0 Donaldson Run - 44.0 Pleasant Valley
Dunn Loring,Week4,Mansion House,Week4,262.0 Dunn Loring - 140.0 Mansion House
Dunn Loring,Week1,Mantua,Week4,211.0 Mantua - 191.0 Dunn Loring
Dowden Terrace,Week1,Lakeview,Week4,252.0 Dowden Terrace - 150.0 Lakeview
Donaldson Run,Week4,Springfield,Week1,382.0 Donaldson Run - 18.0 Springfield
Donaldson Run,Week2,Poplar Heights,Week5,253.0 Donaldson Run - 149.0 Poplar Heights
Donaldson Run,Week5,Pleasant Valley,Week1,373.0 Donaldson Run - 24.0 Pleasant Valley
Dowden Terrace,Week5,Lakevale Estates,Week3,228.5 Lakevale Estates - 173.5 Dowden Terrace
Dowden Terrace,Week3,Lakevale Estates,Week3,264.0 Lakevale Estates - 138.0 Dowden Terrace
Donaldson Run,Week3,Springfield,Week4,385.0 Donaldson Run - 17.0 Springfield
Dunn Loring,Week5,Mansion House,Week1,252.0 Dunn Loring - 150.0 Mansion House
Dunn Loring,Week3,Mansion House,Week5,238.0 Dunn Loring - 164.0 Mansion House
Donaldson Run,Week1,Springfield,Week4,379.5 Donaldson Run - 22.5 Springfield
Dowden Terrace,Week1,Lakeview,Week2,284.0 Dowden Terrace - 117.0 Lakeview
Donaldson Run,Week1,Stratford,Week4,312.0 Donaldson Run - 90.0 Stratford
Donaldson Run,Week3,Poplar Heights,Week4,256.0 Donaldson Run - 146.0 Poplar Heights
Donaldson Run,Week2,Poplar Heights,Week1,267.0 Donaldson Run - 135.0 Poplar Heights
Donaldson Run,Week4,Stratford,Week3,332.0 Donaldson Run - 70.0 Stratford
Donaldson Run,Week3,Springfield,Week3,385.0 Donaldson Run - 17.0 Springfield
Dunn Loring,Week3,Mantua,Week2,262.0 Dunn Loring - 140.0 Mantua
Dowden Terrace,Week1,Lakeview,Week1,279.5 Dowden Terrace - 121.5 Lakeview
Dunn Loring,Week4,Mansion House,Week2,265.0 Dunn Loring - 137.0 Mansion House
Donaldson Run,Week3,Springfield,Week2,386.0 Donaldson Run - 16.0 Springfield
Dowden Terrace,Week1,Lakeview,Week3,263.0 Dowden Terrace - 138.0 Lakeview
Donaldson Run,Week4,Springfield,Week5,387.0 Donaldson Run - 12.0 Springfield
Donaldson Run,Week4,Springfield,Week4,381.0 Donaldson Run - 19.0 Springfield
Dowden Terrace,Week1,Lakeview,Week5,264.0 Dowden Terrace - 129.0 Lakeview
Donaldson Run,Week1,Springfield,Week2,384.0 Donaldson Run - 18.0 Springfield
Dunn Loring,Week5,Mansion House,Week2,256.0 Dunn Loring - 146.0 Mansion House
Donaldson Run,Week4,Springboard,Week5,325.0 Donaldson Run - 77.0 Springboard
Donaldson Run,Week4,Poplar Heights,Week1,265.0 Donaldson Run - 137.0 Poplar Heights
Donaldson Run,Week1,Stratford,Week2,337.0 Donaldson Run - 65.0 Stratford
Dowden Terrace,Week2,Lakeview,Week4,254.0 Dowden Terrace - 148.0 Lakeview
Dunn Loring,Week3,Mantua,Week5,220.0 Dunn Loring - 182.0 Mantua
Dunn Loring,Week1,Mantua,Week1,208.0 Dunn Loring - 194.0 Mantua
Donaldson Run,Week4,Poplar Heights,Week4,257.0 Donaldson Run - 145.0 Poplar Heights
Donaldson Run,Week2,Stratford,Week4,315.5 Donaldson Run - 86.5 Stratford
Donaldson Run,Week2,Springfield,Week2,381.0 Donaldson Run - 20.0 Springfield
Donaldson Run,Week5,Poplar Heights,Week2,285.0 Donaldson Run - 117.0 Poplar Heights
Donaldson Run,Week4,Poplar Heights,Week5,254.0 Donaldson Run - 148.0 Poplar Heights
Dowden Terrace,Week2,Langley,Week2,248.0 Langley - 154.0 Dowden Terrace
Donaldson Run,Week2,Stratford,Week1,319.0 Donaldson Run - 83.0 Stratford
Dowden Terrace,Week1,Langley,Week4,264.0 Langley - 138.0 Dowden Terrace
Dunn Loring,Week1,Mantua,Week3,230.0 Mantua - 172.0 Dunn Loring
Donaldson Run,Week5,Springboard,Week5,333.0 Donaldson Run - 69.0 Springboard
Donaldson Run,Week4,Poplar Heights,Week3,266.0 Donaldson Run - 136.0 Poplar Heights
Donaldson Run,Week1,Springfield,Week1,384.0 Donaldson Run - 18.0 Springfield
Donaldson Run,Week4,Poplar Heights,Week2,265.0 Donaldson Run - 137.0 Poplar Heights
Dunn Loring,Week1,Mantua,Week2,216.0 Dunn Loring - 186.0 Mantua
Dowden Terrace,Week1,Langley,Week1,264.0 Langley - 138.0 Dowden Terrace
Dunn Loring,Week3,Mantua,Week4,238.0 Dunn Loring - 164.0 Mantua
Donaldson Run,Week5,Poplar Heights,Week1,288.0 Donaldson Run - 114.0 Poplar Heights
Donaldson Run,Week4,Stratford,Week2,345.5 Donaldson Run - 56.5 Stratford
Donaldson Run,Week3,Stratford,Week4,332.0 Donaldson Run - 70.0 Stratford
Donaldson Run,Week5,Springboard,Week1,341.0 Donaldson Run - 61.0 Springboard
Dowden Terrace,Week1,Langley,Week5,248.0 Langley - 154.0 Dowden Terrace
Dunn Loring,Week2,Mantua,Week5,206.0 Dunn Loring - 196.0 Mantua
Donaldson Run,Week5,Springboard,Week2,363.0 Donaldson Run - 39.0 Springboard
Donaldson Run,Week3,Stratford,Week3,333.0 Donaldson Run - 69.0 Stratford
Donaldson Run,Week2,Springfield,Week3,382.0 Donaldson Run - 19.0 Springfield
Dunn Loring,Week3,Mantua,Week1,241.0 Dunn Loring - 161.0 Mantua
Donaldson Run,Week4,Stratford,Week4,329.0 Donaldson Run - 73.0 Stratford
Dowden Terrace,Week2,Langley,Week4,264.0 Langley - 138.0 Dowden Terrace
Donaldson Run,Week1,Sully Station,Week1,210.0 Sully Station - 192.0 Donaldson Run
Donaldson Run,Week1,Poplar Tree,Week1,225.5 Donaldson Run - 176.5 Poplar Tree
Donaldson Run,Week2,Poplar Tree,Week1,232.0 Donaldson Run - 170.0 Poplar Tree
Donaldson Run,Week1,Sully Station,Week4,208.0 Donaldson Run - 194.0 Sully Station
Dunn Loring,Week3,Mantua,Week3,222.0 Dunn Loring - 180.0 Mantua
Donaldson Run,Week1,Poplar Tree,Week3,234.0 Donaldson Run - 168.0 Poplar Tree
Donaldson Run,Week1,Poplar Tree,Week2,250.0 Donaldson Run - 152.0 Poplar Tree
Donaldson Run,Week4,Riverside Gardens,Week4,229.0 Donaldson Run - 173.0 Riverside Gardens
Dunn Loring,Week2,Mantua,Week1,234.0 Dunn Loring - 168.0 Mantua
Donaldson Run,Week5,Sully Station,Week4,242.0 Donaldson Run - 160.0 Sully Station
Dowden Terrace,Week5,Lakeview,Week1,308.0 Dowden Terrace - 94.0 Lakeview
Dunn Loring,Week2,Mantua,Week2,244.0 Dunn Loring - 158.0 Mantua
Donaldson Run,Week5,Stratford,Week4,338.0 Donaldson Run - 64.0 Stratford
Dowden Terrace,Week4,Lakeview,Week3,279.0 Dowden Terrace - 123.0 Lakeview
Dowden Terrace,Week3,Langley,Week5,251.0 Langley - 151.0 Dowden Terrace
Dowden Terrace,Week4,Lakeview,Week5,279.0 Dowden Terrace - 114.0 Lakeview
Donaldson Run,Week1,Riverside Gardens,Week1,246.0 Donaldson Run - 156.0 Riverside Gardens
Dowden Terrace,Week1,Langley,Week2,256.0 Langley - 146.0 Dowden Terrace
Donaldson Run,Week5,Ravensworth Farm,Week5,275.0 Donaldson Run - 127.0 Ravensworth Farm
Dunn Loring,Week5,Mansion House,Week5,243.0 Dunn Loring - 159.0 Mansion House
Donaldson Run,Week3,Riverside Gardens,Week3,232.0 Donaldson Run - 170.0 Riverside Gardens
Donaldson Run,Week5,Poplar Heights,Week4,275.0 Donaldson Run - 127.0 Poplar Heights
Dunn Loring,Week2,Mantua,Week4,236.0 Dunn Loring - 166.0 Mantua
Donaldson Run,Week2,Sully Station,Week4,213.0 Donaldson Run - 189.0 Sully Station
Dowden Terrace,Week3,Langley,Week2,248.0 Langley - 154.0 Dowden Terrace
Donaldson Run,Week1,Sully Station,Week5,213.0 Sully Station - 189.0 Donaldson Run
Dunn Loring,Week2,McLean,Week1,222.0 McLean - 180.0 Dunn Loring
Dunn Loring,Week4,Mansion House,Week3,238.0 Dunn Loring - 164.0 Mansion House
Donaldson Run,Week2,Riverside Gardens,Week1,234.0 Donaldson Run - 168.0 Riverside Gardens
Donaldson Run,Week4,Ravensworth Farm,Week2,276.0 Donaldson Run - 126.0 Ravensworth Farm
Dunn Loring,Week2,Mantua,Week3,217.0 Dunn Loring - 185.0 Mantua
Donaldson Run,Week2,Poplar Tree,Week2,253.0 Donaldson Run - 149.0 Poplar Tree
Donaldson Run,Week5,Riverside Gardens,Week1,266.5 Donaldson Run - 135.5 Riverside Gardens
Dowden Terrace,Week3,Lakeview,Week2,292.0 Dowden Terrace - 110.0 Lakeview
Dowden Terrace,Week4,Lakeview,Week4,268.0 Dowden Terrace - 134.0 Lakeview
Donaldson Run,Week3,Riverside Gardens,Week4,226.0 Donaldson Run - 176.0 Riverside Gardens
Donaldson Run,Week1,Poplar Tree,Week4,243.0 Donaldson Run - 159.0 Poplar Tree
Donaldson Run,Week4,Riverside Gardens,Week1,239.0 Donaldson Run - 163.0 Riverside Gardens
Donaldson Run,Week3,Sully Station,Week4,215.0 Donaldson Run - 187.0 Sully Station
Dowden Terrace,Week3,Lakeview,Week4,267.0 Dowden Terrace - 135.0 Lakeview
Donaldson Run,Week2,Poplar Tree,Week4,245.0 Donaldson Run - 157.0 Poplar Tree
Donaldson Run,Week5,Ravensworth Farm,Week2,301.0 Donaldson Run - 101.0 Ravensworth Farm
Donaldson Run,Week3,Sully Station,Week1,209.0 Donaldson Run - 193.0 Sully Station
Dunn Loring,Week1,McLean,Week2,253.0 McLean - 149.0 Dunn Loring
Donaldson Run,Week2,Poplar Tree,Week5,224.0 Donaldson Run - 178.0 Poplar Tree
Dowden Terrace,Week4,Lakeview,Week2,294.0 Dowden Terrace - 108.0 Lakeview
Donaldson Run,Week4,Sully Station,Week2,223.0 Donaldson Run - 179.0 Sully Station
Donaldson Run,Week5,Sully Station,Week5,206.0 Donaldson Run - 196.0 Sully Station
Donaldson Run,Week3,Sully Station,Week3,210.0 Donaldson Run - 192.0 Sully Station
Donaldson Run,Week3,Poplar Tree,Week1,233.0 Donaldson Run - 169.0 Poplar Tree
Donaldson Run,Week5,Sully Station,Week1,216.0 Donaldson Run - 186.0 Sully Station
Donaldson Run,Week2,Riverside Gardens,Week2,254.0 Donaldson Run - 148.0 Riverside Gardens
Dunn Loring,Week4,Mansion House,Week5,240.0 Dunn Loring - 162.0 Mansion House
Dowden Terrace,Week3,Lakeview,Week1,293.0 Dowden Terrace - 109.0 Lakeview
Donaldson Run,Week1,Poplar Tree,Week5,223.0 Donaldson Run - 179.0 Poplar Tree
Donaldson Run,Week4,Sully Station,Week1,201.0 Donaldson Run - 201.0 Sully Station
Donaldson Run,Week1,Rutherford,Week5,317.5 Donaldson Run - 84.5 Rutherford
Donaldson Run,Week3,Rutherford,Week3,308.0 Donaldson Run - 94.0 Rutherford
Donaldson Run,Week3,Poplar Tree,Week2,251.0 Donaldson Run - 151.0 Poplar Tree
Donaldson Run,Week2,Riverside Gardens,Week4,217.0 Donaldson Run - 185.0 Riverside Gardens
Donaldson Run,Week2,Poplar Tree,Week3,244.0 Donaldson Run - 158.0 Poplar Tree
Dunn Loring,Week4,Mantua,Week4,232.5 Dunn Loring - 169.5 Mantua
Dowden Terrace,Week2,Lakeview,Week5,273.0 Dowden Terrace - 120.0 Lakeview
Donaldson Run,Week3,Riverside Gardens,Week5,220.0 Donaldson Run - 182.0 Riverside Gardens
Dunn Loring,Week5,Mantua,Week5,210.0 Dunn Loring - 192.0 Mantua
Donaldson Run,Week5,Sully Station,Week2,228.0 Donaldson Run - 174.0 Sully Station
Dowden Terrace,Week2,Lakeview,Week2,292.0 Dowden Terrace - 110.0 Lakeview
Dunn Loring,Week5,Mansion House,Week4,259.0 Dunn Loring - 143.0 Mansion House
Dunn Loring,Week3,McLean,Week3,241.0 McLean - 161.0 Dunn Loring
Donaldson Run,Week3,Poplar Tree,Week4,249.0 Donaldson Run - 153.0 Poplar Tree
Dowden Terrace,Week4,Lakeview,Week1,295.0 Dowden Terrace - 107.0 Lakeview
Dunn Loring,Week1,McLean,Week3,260.0 McLean - 142.0 Dunn Loring
Dunn Loring,Week2,McLean,Week5,230.0 McLean - 172.0 Dunn Loring
Donaldson Run,Week1,Shouse Village,Week4,246.0 Donaldson Run - 156.0 Shouse Village
Dowden Terrace,Week3,Lakeview,Week3,265.0 Dowden Terrace - 137.0 Lakeview
Donaldson Run,Week3,Riverside Gardens,Week2,247.0 Donaldson Run - 155.0 Riverside Gardens
Donaldson Run,Week2,Riverside Gardens,Week3,221.0 Donaldson Run - 181.0 Riverside Gardens
Dowden Terrace,Week2,Lakeview,Week1,298.0 Dowden Terrace - 104.0 Lakeview
Donaldson Run,Week5,Rutherford,Week3,329.0 Donaldson Run - 68.0 Rutherford
Donaldson Run,Week3,Rutherford,Week1,338.0 Donaldson Run - 64.0 Rutherford
Donaldson Run,Week2,Sully Station,Week1,204.0 Donaldson Run - 198.0 Sully Station
Donaldson Run,Week1,Sully Station II,Week1,240.0 Donaldson Run - 162.0 Sully Station II
Donaldson Run,Week3,Poplar Tree,Week5,223.0 Donaldson Run - 179.0 Poplar Tree
Donaldson Run,Week4,Ravensworth Farm,Week3,271.0 Donaldson Run - 131.0 Ravensworth Farm
Donaldson Run,Week2,Rolling Forest,Week3,276.0 Donaldson Run - 126.0 Rolling Forest
Dunn Loring,Week3,McLean,Week1,227.5 McLean - 174.5 Dunn Loring
Dowden Terrace,Week5,Lakeview,Week5,300.0 Dowden Terrace - 93.0 Lakeview
Donaldson Run,Week1,Sully Station II,Week4,265.0 Donaldson Run - 137.0 Sully Station II
Donaldson Run,Week1,Sully Station II,Week3,218.0 Donaldson Run - 184.0 Sully Station II
Donaldson Run,Week3,Poplar Tree,Week3,237.0 Donaldson Run - 165.0 Poplar Tree
Dowden Terrace,Week5,Lakeview,Week2,317.0 Dowden Terrace - 85.0 Lakeview
Donaldson Run,Week2,Rutherford,Week2,321.0 Donaldson Run - 81.0 Rutherford
Dunn Loring,Week1,McLean,Week5,263.0 McLean - 139.0 Dunn Loring
Dunn Loring,Week5,McLean,Week3,236.0 McLean - 166.0 Dunn Loring
Donaldson Run,Week5,Rutherford,Week5,332.0 Donaldson Run - 70.0 Rutherford
Donaldson Run,Week1,Sully Station,Week2,206.0 Donaldson Run - 196.0 Sully Station
Donaldson Run,Week1,Riverside Gardens,Week3,220.0 Donaldson Run - 182.0 Riverside Gardens
Donaldson Run,Week3,Sully Station,Week5,204.0 Sully Station - 198.0 Donaldson Run
Dowden Terrace,Week5,Lakeview,Week3,296.0 Dowden Terrace - 106.0 Lakeview
Dowden Terrace,Week5,Lakeview,Week4,283.0 Dowden Terrace - 119.0 Lakeview
Donaldson Run,Week1,Sully Station II,Week5,202.0 Donaldson Run - 200.0 Sully Station II
Dunn Loring,Week5,McLean,Week1,204.0 McLean - 198.0 Dunn Loring
Donaldson Run,Week2,Sully Station,Week2,201.0 Donaldson Run - 201.0 Sully Station
Donaldson Run,Week1,Sully Station II,Week2,238.0 Donaldson Run - 164.0 Sully Station II
Donaldson Run,Week3,Rutherford,Week4,317.0 Donaldson Run - 85.0 Rutherford
Dunn Loring,Week5,Mantua,Week1,246.0 Dunn Loring - 156.0 Mantua
Donaldson Run,Week2,Rutherford,Week4,305.0 Donaldson Run - 97.0 Rutherford
Donaldson Run,Week5,Ravensworth Farm,Week4,288.0 Donaldson Run - 114.0 Ravensworth Farm
Donaldson Run,Week1,Riverside Gardens,Week5,205.0 Riverside Gardens - 197.0 Donaldson Run
Donaldson Run,Week4,Sully Station,Week3,222.0 Donaldson Run - 180.0 Sully Station
Dunn Loring,Week4,McLean,Week2,239.0 McLean - 163.0 Dunn Loring
Donaldson Run,Week3,Sully Station,Week2,211.5 Donaldson Run - 190.5 Sully Station
Donaldson Run,Week4,Ravensworth Farm,Week4,263.0 Donaldson Run - 139.0 Ravensworth Farm
Donaldson Run,Week5,Rutherford,Week1,337.0 Donaldson Run - 65.0 Rutherford
Dowden Terrace,Week2,Langley,Week1,264.0 Langley - 138.0 Dowden Terrace
Dowden Terrace,Week3,Lakeview,Week5,265.5 Dowden Terrace - 127.5 Lakeview
Donaldson Run,Week1,Rutherford,Week2,333.0 Donaldson Run - 69.0 Rutherford
Donaldson Run,Week2,Rutherford,Week3,310.0 Donaldson Run - 92.0 Rutherford
Donaldson Run,Week5,Ravensworth Farm,Week3,285.0 Donaldson Run - 117.0 Ravensworth Farm
Donaldson Run,Week4,Riverside Gardens,Week2,251.0 Donaldson Run - 151.0 Riverside Gardens
Dowden Terrace,Week2,Lakeview,Week3,273.0 Dowden Terrace - 129.0 Lakeview
Dowden Terrace,Week2,Langley,Week3,249.0 Langley - 153.0 Dowden Terrace
Dowden Terrace,Week1,Langley,Week3,253.0 Langley - 149.0 Dowden Terrace
Dunn Loring,Week5,Mantua,Week2,248.0 Dunn Loring - 154.0 Mantua
Dunn Loring,Week5,Mantua,Week4,237.0 Dunn Loring - 165.0 Mantua
Donaldson Run,Week2,Sully Station,Week3,203.0 Donaldson Run - 199.0 Sully Station
Dowden Terrace,Week4,Langley,Week1,254.0 Langley - 148.0 Dowden Terrace
Dunn Loring,Week4,McLean,Week1,218.0 McLean - 184.0 Dunn Loring
Donaldson Run,Week5,Ravensworth Farm,Week1,286.0 Donaldson Run - 116.0 Ravensworth Farm
Dunn Loring,Week2,McLean,Week3,239.0 McLean - 163.0 Dunn Loring
Donaldson Run,Week2,Sully Station,Week5,212.0 Sully Station - 190.0 Donaldson Run
Donaldson Run,Week4,Sully Station,Week4,225.5 Donaldson Run - 176.5 Sully Station
Dunn Loring,Week4,McLean,Week4,211.5 McLean - 190.5 Dunn Loring
Donaldson Run,Week3,Shouse Village,Week2,298.0 Donaldson Run - 104.0 Shouse Village
Donaldson Run,Week4,Riverside Gardens,Week3,225.0 Donaldson Run - 177.0 Riverside Gardens
Dowden Terrace,Week3,Langley,Week3,257.0 Langley - 145.0 Dowden Terrace
Donaldson Run,Week2,Riverside Gardens,Week5,207.5 Donaldson Run - 194.5 Riverside Gardens
Dowden Terrace,Week4,Langley,Week3,251.0 Langley - 151.0 Dowden Terrace
Dowden Terrace,Week2,Langley,Week5,229.0 Langley - 173.0 Dowden Terrace
Dunn Loring,Week4,Mantua,Week1,228.0 Dunn Loring - 174.0 Mantua
Donaldson Run,Week4,Ravensworth Farm,Week5,245.0 Donaldson Run - 157.0 Ravensworth Farm
Donaldson Run,Week1,Sully Station,Week3,203.5 Donaldson Run - 198.5 Sully Station
Donaldson Run,Week4,Riverside Gardens,Week5,202.0 Donaldson Run - 200.0 Riverside Gardens
Donaldson Run,Week2,Rutherford,Week5,310.0 Donaldson Run - 92.0 Rutherford
Donaldson Run,Week4,Sully Station,Week5,202.0 Donaldson Run - 200.0 Sully Station
Donaldson Run,Week3,Riverside Gardens,Week1,240.0 Donaldson Run - 162.0 Riverside Gardens
Donaldson Run,Week4,Rutherford,Week5,320.0 Donaldson Run - 82.0 Rutherford
Dunn Loring,Week1,McLean,Week1,242.0 McLean - 160.0 Dunn Loring
Donaldson Run,Week5,Sully Station II,Week1,259.0 Donaldson Run - 143.0 Sully Station II
Dowden Terrace,Week4,Langley,Week2,244.0 Langley - 158.0 Dowden Terrace
Donaldson Run,Week2,Rutherford,Week1,320.0 Donaldson Run - 82.0 Rutherford
Dowden Terrace,Week4,Langley,Week4,242.0 Langley - 160.0 Dowden Terrace
Dowden Terrace,Week3,Langley,Week4,270.0 Langley - 132.0 Dowden Terrace
Dunn Loring,Week4,Mantua,Week2,241.0 Dunn Loring - 161.0 Mantua
Donaldson Run,Week1,Riverside Gardens,Week2,251.0 Donaldson Run - 151.0 Riverside Gardens
Donaldson Run,Week5,Rolling Valley,Week4,353.0 Donaldson Run - 49.0 Rolling Valley
Donaldson Run,Week5,Rolling Valley,Week3,351.0 Donaldson Run - 46.0 Rolling Valley
Donaldson Run,Week2,Sully Station II,Week5,219.0 Donaldson Run - 183.0 Sully Station II
Dunn Loring,Week3,McLean,Week4,229.0 McLean - 173.0 Dunn Loring
Dunn Loring,Week4,Mantua,Week5,202.0 Mantua - 200.0 Dunn Loring
Dowden Terrace,Week4,Langley,Week5,227.0 Langley - 175.0 Dowden Terrace
Dowden Terrace,Week3,Langley,Week1,265.0 Langley - 137.0 Dowden Terrace
Donaldson Run,Week1,Truro,Week5,326.0 Donaldson Run - 76.0 Truro
Donaldson Run,Week1,Riverside Gardens,Week4,220.0 Donaldson Run - 182.0 Riverside Gardens
Donaldson Run,Week4,Rutherford,Week2,339.0 Donaldson Run - 63.0 Rutherford
Dunn Loring,Week1,McLean,Week4,242.0 McLean - 160.0 Dunn Loring
Donaldson Run,Week5,Sully Station,Week3,231.0 Donaldson Run - 171.0 Sully Station
Donaldson Run,Week4,Rutherford,Week3,320.0 Donaldson Run - 82.0 Rutherford
Donaldson Run,Week5,Riverside Gardens,Week2,280.0 Donaldson Run - 122.0 Riverside Gardens
Donaldson Run,Week5,Rolling Valley,Week5,345.0 Donaldson Run - 57.0 Rolling Valley
Dunn Loring,Week4,McLean,Week3,237.0 McLean - 165.0 Dunn Loring
Dunn Loring,Week5,Mantua,Week3,219.0 Dunn Loring - 183.0 Mantua
Donaldson Run,Week4,Sully Station II,Week2,230.0 Donaldson Run - 172.0 Sully Station II
Dowden Terrace,Week3,Daventry,Week2,304.0 Dowden Terrace - 98.0 Daventry
Dowden Terrace,Week3,Daventry,Week5,280.0 Dowden Terrace - 122.0 Daventry
Donaldson Run,Week3,Rutherford,Week5,323.0 Donaldson Run - 79.0 Rutherford
Donaldson Run,Week3,Sully Station II,Week2,226.0 Donaldson Run - 176.0 Sully Station II
Dowden Terrace,Week5,Langley,Week1,228.0 Langley - 174.0 Dowden Terrace
Donaldson Run,Week1,Rutherford,Week3,314.0 Donaldson Run - 88.0 Rutherford
Dowden Terrace,Week5,Langley,Week4,226.0 Langley - 176.0 Dowden Terrace
Donaldson Run,Week1,Rutherford,Week4,308.0 Donaldson Run - 94.0 Rutherford
Donaldson Run,Week5,Riverside Gardens,Week4,252.0 Donaldson Run - 150.0 Riverside Gardens
Dowden Terrace,Week5,Langley,Week5,218.0 Langley - 184.0 Dowden Terrace
Donaldson Run,Week5,Riverside Gardens,Week3,254.0 Donaldson Run - 148.0 Riverside Gardens
Donaldson Run,Week3,Truro,Week1,334.0 Donaldson Run - 68.0 Truro
Dowden Terrace,Week5,Langley,Week2,213.0 Langley - 189.0 Dowden Terrace
Dowden Terrace,Week5,Crosspointe,Week3,227.0 Crosspointe - 175.0 Dowden Terrace
Donaldson Run,Week3,Rutherford,Week2,336.0 Donaldson Run - 66.0 Rutherford
Dunn Loring,Week3,McLean,Week5,242.0 McLean - 160.0 Dunn Loring
Dunn Loring,Week4,Mantua,Week3,217.0 Dunn Loring - 185.0 Mantua
Dunn Loring,Week3,McLean,Week2,241.0 McLean - 161.0 Dunn Loring
Donaldson Run,Week1,Rutherford,Week1,330.0 Donaldson Run - 72.0 Rutherford
Donaldson Run,Week1,Rolling Forest,Week1,275.0 Donaldson Run - 127.0 Rolling Forest
Donaldson Run,Week2,Truro,Week2,347.0 Donaldson Run - 55.0 Truro
Donaldson Run,Week1,Rolling Forest,Week4,294.0 Donaldson Run - 108.0 Rolling Forest
Dowden Terrace,Week4,Daventry,Week3,298.0 Dowden Terrace - 104.0 Daventry
Dunn Loring,Week2,McLean,Week2,225.5 McLean - 176.5 Dunn Loring
Donaldson Run,Week1,Rolling Forest,Week2,294.0 Donaldson Run - 108.0 Rolling Forest
Donaldson Run,Week2,Sully Station II,Week2,244.0 Donaldson Run - 158.0 Sully Station II
Dowden Terrace,Week1,Laurel Hill,Week1,269.0 Dowden Terrace - 133.0 Laurel Hill
Dunn Loring,Week2,Mosby Woods,Week4,232.0 Dunn Loring - 170.0 Mosby Woods
Dowden Terrace,Week1,Rolling Valley,Week5,285.0 Dowden Terrace - 117.0 Rolling Valley
Dowden Terrace,Week5,Daventry,Week4,325.0 Dowden Terrace - 77.0 Daventry
Donaldson Run,Week4,Sully Station II,Week4,272.0 Donaldson Run - 130.0 Sully Station II
Donaldson Run,Week1,Rolling Forest,Week5,270.0 Donaldson Run - 132.0 Rolling Forest
Dunn Loring,Week2,McLean,Week4,216.0 McLean - 186.0 Dunn Loring
Dunn Loring,Week4,McLean,Week5,229.0 McLean - 173.0 Dunn Loring
Donaldson Run,Week4,Rutherford,Week4,318.0 Donaldson Run - 84.0 Rutherford
Donaldson Run,Week4,Rutherford,Week1,337.0 Donaldson Run - 65.0 Rutherford
Donaldson Run,Week2,Rolling Forest,Week2,293.0 Donaldson Run - 109.0 Rolling Forest
Donaldson Run,Week2,Rolling Forest,Week1,283.0 Donaldson Run - 119.0 Rolling Forest
Donaldson Run,Week3,Sully Station II,Week3,220.0 Donaldson Run - 182.0 Sully Station II
Dowden Terrace,Week5,Daventry,Week1,321.0 Dowden Terrace - 81.0 Daventry
Donaldson Run,Week1,Rolling Forest,Week3,273.0 Donaldson Run - 129.0 Rolling Forest
Dowden Terrace,Week2,Rolling Valley,Week1,317.0 Dowden Terrace - 85.0 Rolling Valley
Dunn Loring,Week5,McLean,Week2,233.0 McLean - 169.0 Dunn Loring
Donaldson Run,Week5,Rutherford,Week4,325.0 Donaldson Run - 72.0 Rutherford
Dowden Terrace,Week1,Laurel Hill,Week2,284.0 Dowden Terrace - 112.0 Laurel Hill
Dowden Terrace,Week4,Daventry,Week2,305.0 Dowden Terrace - 97.0 Daventry
Dowden Terrace,Week5,Crosspointe,Week1,229.5 Crosspointe - 172.5 Dowden Terrace
Donaldson Run,Week1,Truro,Week1,329.5 Donaldson Run - 72.5 Truro
Donaldson Run,Week5,Riverside Gardens,Week5,240.0 Donaldson Run - 162.0 Riverside Gardens
Dowden Terrace,Week5,Langley,Week3,230.0 Langley - 172.0 Dowden Terrace
Donaldson Run,Week5,Rutherford,Week2,342.0 Donaldson Run - 60.0 Rutherford
Donaldson Run,Week3,Sully Station II,Week4,260.0 Donaldson Run - 142.0 Sully Station II
Dowden Terrace,Week1,Dominion Hills,Week5,222.0 Dominion Hills - 179.0 Dowden Terrace
Donaldson Run,Week2,Rolling Forest,Week4,291.0 Donaldson Run - 111.0 Rolling Forest
Dowden Terrace,Week5,Rolling Hills,Week4,284.0 Dowden Terrace - 118.0 Rolling Hills
Donaldson Run,Week2,Shouse Village,Week3,256.0 Donaldson Run - 146.0 Shouse Village
Donaldson Run,Week4,Rolling Forest,Week2,295.0 Donaldson Run - 107.0 Rolling Forest
Dowden Terrace,Week4,Rolling Hills,Week4,252.0 Dowden Terrace - 150.0 Rolling Hills
Donaldson Run,Week4,Rolling Forest,Week1,296.0 Donaldson Run - 106.0 Rolling Forest
Donaldson Run,Week5,Sully Station II,Week5,241.0 Donaldson Run - 161.0 Sully Station II
Donaldson Run,Week4,Sully Station II,Week1,242.0 Donaldson Run - 160.0 Sully Station II
Dowden Terrace,Week5,Crosspointe,Week4,223.0 Crosspointe - 179.0 Dowden Terrace
Donaldson Run,Week5,Sully Station II,Week3,246.0 Donaldson Run - 156.0 Sully Station II
Dowden Terrace,Week1,Rolling Valley,Week1,318.0 Dowden Terrace - 83.0 Rolling Valley
Dunn Loring,Week1,Mosby Woods,Week2,227.0 Mosby Woods - 175.0 Dunn Loring
Donaldson Run,Week1,Shouse Village,Week5,248.0 Donaldson Run - 154.0 Shouse Village
Donaldson Run,Week2,Shouse Village,Week2,293.0 Donaldson Run - 109.0 Shouse Village
Dunn Loring,Week5,McLean,Week4,215.0 McLean - 187.0 Dunn Loring
Dowden Terrace,Week4,Rolling Valley,Week2,289.0 Dowden Terrace - 113.0 Rolling Valley
Dowden Terrace,Week4,Crosspointe,Week2,240.0 Crosspointe - 162.0 Dowden Terrace
Donaldson Run,Week3,Rolling Forest,Week2,297.0 Donaldson Run - 105.0 Rolling Forest
Donaldson Run,Week1,Shouse Village,Week2,290.0 Donaldson Run - 112.0 Shouse Village
Donaldson Run,Week1,Truro,Week4,326.0 Donaldson Run - 76.0 Truro
Dowden Terrace,Week1,Daventry,Week3,296.0 Dowden Terrace - 102.0 Daventry
Donaldson Run,Week4,Truro,Week5,328.0 Donaldson Run - 74.0 Truro
Dunn Loring,Week5,Mosby Woods,Week1,213.0 Dunn Loring - 189.0 Mosby Woods
Donaldson Run,Week1,Shouse Village,Week1,281.0 Donaldson Run - 121.0 Shouse Village
Donaldson Run,Week4,Truro,Week3,341.0 Donaldson Run - 61.0 Truro
Dowden Terrace,Week4,Crosspointe,Week5,270.0 Crosspointe - 132.0 Dowden Terrace
Dunn Loring,Week4,Mosby Woods,Week3,204.0 Dunn Loring - 198.0 Mosby Woods
Donaldson Run,Week5,Sully Station II,Week2,256.0 Donaldson Run - 146.0 Sully Station II
Dowden Terrace,Week4,Rolling Hills,Week2,247.0 Dowden Terrace - 155.0 Rolling Hills
Donaldson Run,Week2,Shouse Village,Week4,247.0 Donaldson Run - 155.0 Shouse Village
Dowden Terrace,Week4,Crosspointe,Week3,262.0 Crosspointe - 140.0 Dowden Terrace
Dunn Loring,Week3,Mosby Woods,Week2,206.0 Dunn Loring - 196.0 Mosby Woods
Dunn Loring,Week4,Mosby Woods,Week1,204.0 Dunn Loring - 198.0 Mosby Woods
Donaldson Run,Week3,Sully Station II,Week1,237.0 Donaldson Run - 165.0 Sully Station II
Donaldson Run,Week3,Rolling Forest,Week4,292.0 Donaldson Run - 110.0 Rolling Forest
Dowden Terrace,Week4,Rolling Hills,Week1,256.0 Dowden Terrace - 146.0 Rolling Hills
Donaldson Run,Week2,Shouse Village,Week1,268.0 Donaldson Run - 134.0 Shouse Village
Donaldson Run,Week2,Rolling Forest,Week5,274.0 Donaldson Run - 128.0 Rolling Forest
Donaldson Run,Week1,Shouse Village,Week3,267.0 Donaldson Run - 135.0 Shouse Village
Dowden Terrace,Week3,Rolling Hills,Week1,239.0 Dowden Terrace - 163.0 Rolling Hills
Dowden Terrace,Week2,Daventry,Week1,293.0 Dowden Terrace - 109.0 Daventry
Donaldson Run,Week3,Rolling Forest,Week1,282.5 Donaldson Run - 119.5 Rolling Forest
Dowden Terrace,Week3,Rolling Valley,Week4,298.0 Dowden Terrace - 104.0 Rolling Valley
Dowden Terrace,Week1,Daventry,Week2,291.5 Dowden Terrace - 101.5 Daventry
Dunn Loring,Week4,Mosby Woods,Week4,220.0 Dunn Loring - 182.0 Mosby Woods
Dunn Loring,Week5,Mosby Woods,Week5,219.0 Dunn Loring - 183.0 Mosby Woods
Donaldson Run,Week2,Sully Station II,Week3,228.0 Donaldson Run - 174.0 Sully Station II
Dowden Terrace,Week2,Daventry,Week4,308.0 Dowden Terrace - 94.0 Daventry
Dowden Terrace,Week2,Daventry,Week2,301.0 Dowden Terrace - 100.0 Daventry
Donaldson Run,Week3,Rolling Forest,Week5,266.0 Donaldson Run - 136.0 Rolling Forest
Donaldson Run,Week2,Shouse Village,Week5,255.0 Donaldson Run - 147.0 Shouse Village
Donaldson Run,Week2,Sully Station II,Week1,241.0 Donaldson Run - 161.0 Sully Station II
Dowden Terrace,Week3,Rolling Hills,Week3,232.0 Dowden Terrace - 170.0 Rolling Hills
Dowden Terrace,Week3,Daventry,Week3,302.0 Dowden Terrace - 100.0 Daventry
Dunn Loring,Week1,Mount Vernon Park,Week4,206.0 Mount Vernon Park - 196.0 Dunn Loring
Dowden Terrace,Week4,Rolling Hills,Week3,249.0 Dowden Terrace - 148.0 Rolling Hills
Donaldson Run,Week4,Shouse Village,Week1,278.5 Donaldson Run - 123.5 Shouse Village
Donaldson Run,Week4,Rolling Forest,Week3,279.0 Donaldson Run - 123.0 Rolling Forest
Dunn Loring,Week1,Mount Vernon Park,Week3,213.0 Mount Vernon Park - 189.0 Dunn Loring
Donaldson Run,Week2,Sully Station II,Week4,270.0 Donaldson Run - 132.0 Sully Station II
Dowden Terrace,Week2,Daventry,Week5,279.0 Dowden Terrace - 123.0 Daventry
Donaldson Run,Week3,Rolling Forest,Week3,279.0 Donaldson Run - 123.0 Rolling Forest
Donaldson Run,Week3,Shouse Village,Week5,253.0 Donaldson Run - 149.0 Shouse Village
Donaldson Run,Week1,Truro,Week2,340.0 Donaldson Run - 62.0 Truro
Dunn Loring,Week1,Mosby Woods,Week3,211.0 Mosby Woods - 191.0 Dunn Loring
Donaldson Run,Week3,Shouse Village,Week3,269.0 Donaldson Run - 133.0 Shouse Village
Dunn Loring,Week3,Mosby Woods,Week5,216.0 Dunn Loring - 186.0 Mosby Woods
Dowden Terrace,Week3,Rolling Valley,Week5,278.0 Dowden Terrace - 124.0 Rolling Valley
Donaldson Run,Week3,Sully Station II,Week5,208.0 Donaldson Run - 194.0 Sully Station II
Donaldson Run,Week4,Rolling Forest,Week4,303.0 Donaldson Run - 99.0 Rolling Forest
Dowden Terrace,Week1,Daventry,Week5,264.0 Dowden Terrace - 134.0 Daventry
Dowden Terrace,Week5,Rolling Hills,Week2,273.0 Dowden Terrace - 129.0 Rolling Hills
Donaldson Run,Week3,Shouse Village,Week1,277.0 Donaldson Run - 125.0 Shouse Village
Dowden Terrace,Week5,Rolling Hills,Week5,283.0 Dowden Terrace - 119.0 Rolling Hills
Dowden Terrace,Week2,Daventry,Week3,294.0 Dowden Terrace - 108.0 Daventry
Donaldson Run,Week5,Sideburn Run,Week2,304.0 Donaldson Run - 98.0 Sideburn Run
Donaldson Run,Week5,Sully Station II,Week4,280.0 Donaldson Run - 122.0 Sully Station II
Donaldson Run,Week1,Truro,Week3,334.0 Donaldson Run - 68.0 Truro
Dowden Terrace,Week1,Rolling Valley,Week4,284.0 Dowden Terrace - 117.0 Rolling Valley
Dowden Terrace,Week3,Rolling Hills,Week5,239.5 Dowden Terrace - 162.5 Rolling Hills
Donaldson Run,Week1,Sideburn Run,Week3,264.0 Donaldson Run - 138.0 Sideburn Run
Donaldson Run,Week4,Shouse Village,Week4,253.0 Donaldson Run - 149.0 Shouse Village
Dunn Loring,Week2,Mosby Woods,Week2,206.0 Dunn Loring - 196.0 Mosby Woods
Dowden Terrace,Week2,Rolling Valley,Week4,290.0 Dowden Terrace - 112.0 Rolling Valley
Dowden Terrace,Week3,Daventry,Week1,298.0 Dowden Terrace - 104.0 Daventry
Dowden Terrace,Week1,Rolling Valley,Week2,290.0 Dowden Terrace - 112.0 Rolling Valley
Donaldson Run,Week4,Sully Station II,Week5,221.0 Donaldson Run - 181.0 Sully Station II
Dunn Loring,Week5,McLean,Week5,227.0 McLean - 175.0 Dunn Loring
Donaldson Run,Week4,Shouse Village,Week2,297.0 Donaldson Run - 105.0 Shouse Village
Dunn Loring,Week3,Mosby Woods,Week4,233.0 Dunn Loring - 169.0 Mosby Woods
Donaldson Run,Week4,Shouse Village,Week5,255.0 Donaldson Run - 147.0 Shouse Village
Dowden Terrace,Week4,Crosspointe,Week4,250.0 Crosspointe - 152.0 Dowden Terrace
Donaldson Run,Week4,Sully Station II,Week3,224.0 Donaldson Run - 178.0 Sully Station II
Donaldson Run,Week1,Sleepy Hollow B & R,Week2,265.5 Donaldson Run - 136.5 Sleepy Hollow B & R
Dunn Loring,Week1,Mount Vernon Park,Week2,208.0 Mount Vernon Park - 194.0 Dunn Loring
Dunn Loring,Week2,Mosby Woods,Week5,213.0 Dunn Loring - 189.0 Mosby Woods
Donaldson Run,Week1,Sleepy Hollow B & R,Week4,263.0 Donaldson Run - 139.0 Sleepy Hollow B & R
Dowden Terrace,Week5,Crosspointe,Week5,251.0 Crosspointe - 151.0 Dowden Terrace
Donaldson Run,Week5,Shouse Village,Week1,285.5 Donaldson Run - 116.5 Shouse Village
Donaldson Run,Week3,Sideburn Run,Week5,251.0 Donaldson Run - 151.0 Sideburn Run
Donaldson Run,Week1,Sideburn Run,Week5,247.0 Donaldson Run - 155.0 Sideburn Run
Donaldson Run,Week2,Truro,Week3,329.0 Donaldson Run - 73.0 Truro
Donaldson Run,Week5,Shouse Village,Week2,308.0 Donaldson Run - 94.0 Shouse Village
Dunn Loring,Week5,Mosby Woods,Week4,238.0 Dunn Loring - 164.0 Mosby Woods
Donaldson Run,Week4,Shouse Village,Week3,267.0 Donaldson Run - 135.0 Shouse Village
Dowden Terrace,Week1,Daventry,Week1,297.0 Dowden Terrace - 104.0 Daventry
Dowden Terrace,Week5,Crosspointe,Week2,213.0 Crosspointe - 189.0 Dowden Terrace
Donaldson Run,Week5,Shouse Village,Week4,270.0 Donaldson Run - 132.0 Shouse Village
Dowden Terrace,Week2,Rolling Valley,Week3,289.0 Dowden Terrace - 108.0 Rolling Valley
Donaldson Run,Week5,Sideburn Run,Week3,291.0 Donaldson Run - 111.0 Sideburn Run
Donaldson Run,Week5,Shouse Village,Week3,279.0 Donaldson Run - 123.0 Shouse Village
Donaldson Run,Week3,Truro,Week4,329.0 Donaldson Run - 73.0 Truro
Dunn Loring,Week5,Mosby Woods,Week3,220.0 Dunn Loring - 182.0 Mosby Woods
Dowden Terrace,Week4,Daventry,Week1,302.0 Dowden Terrace - 100.0 Daventry
Dunn Loring,Week1,Mosby Woods,Week1,229.0 Mosby Woods - 173.0 Dunn Loring
Donaldson Run,Week2,Truro,Week5,331.0 Donaldson Run - 71.0 Truro
Dowden Terrace,Week3,Daventry,Week4,308.0 Dowden Terrace - 94.0 Daventry
Dunn Loring,Week1,Mosby Woods,Week4,208.0 Mosby Woods - 194.0 Dunn Loring
Donaldson Run,Week2,Sideburn Run,Week3,257.0 Donaldson Run - 145.0 Sideburn Run
Dowden Terrace,Week4,Daventry,Week5,283.0 Dowden Terrace - 114.0 Daventry
Donaldson Run,Week3,Truro,Week3,337.0 Donaldson Run - 65.0 Truro
Dowden Terrace,Week5,Rolling Hills,Week1,273.0 Dowden Terrace - 129.0 Rolling Hills
Donaldson Run,Week5,Shouse Village,Week5,270.0 Donaldson Run - 132.0 Shouse Village
Dowden Terrace,Week5,Daventry,Week2,315.0 Dowden Terrace - 87.0 Daventry
Donaldson Run,Week1,Sideburn Run,Week2,276.0 Donaldson Run - 126.0 Sideburn Run
Dunn Loring,Week3,Mosby Woods,Week1,206.0 Dunn Loring - 196.0 Mosby Woods
Dowden Terrace,Week1,Rolling Valley,Week3,292.0 Dowden Terrace - 110.0 Rolling Valley
Donaldson Run,Week2,Truro,Week4,333.0 Donaldson Run - 69.0 Truro
Donaldson Run,Week2,Sideburn Run,Week4,264.0 Donaldson Run - 138.0 Sideburn Run
Donaldson Run,Week3,Truro,Week2,347.0 Donaldson Run - 55.0 Truro
Dowden Terrace,Week3,Rolling Hills,Week4,239.0 Dowden Terrace - 163.0 Rolling Hills
Dowden Terrace,Week4,Rolling Hills,Week5,259.0 Dowden Terrace - 143.0 Rolling Hills
Dowden Terrace,Week1,Daventry,Week4,300.0 Dowden Terrace - 98.0 Daventry
Donaldson Run,Week3,Shouse Village,Week4,257.0 Donaldson Run - 145.0 Shouse Village
Dowden Terrace,Week4,Daventry,Week4,306.0 Dowden Terrace - 96.0 Daventry
Dowden Terrace,Week2,Rolling Hills,Week5,239.0 Dowden Terrace - 163.0 Rolling Hills
Donaldson Run,Week3,Truro,Week5,325.0 Donaldson Run - 77.0 Truro
Donaldson Run,Week3,Sideburn Run,Week4,274.0 Donaldson Run - 128.0 Sideburn Run
Dunn Loring,Week2,Mosby Woods,Week1,212.0 Dunn Loring - 190.0 Mosby Woods
Dunn Loring,Week2,Mosby Woods,Week3,212.0 Dunn Loring - 190.0 Mosby Woods
Dowden Terrace,Week3,Rolling Hills,Week2,218.0 Dowden Terrace - 184.0 Rolling Hills
Donaldson Run,Week2,Truro,Week1,334.0 Donaldson Run - 68.0 Truro
Dunn Loring,Week1,Mosby Woods,Week5,216.0 Mosby Woods - 186.0 Dunn Loring
Dowden Terrace,Week5,Rolling Hills,Week3,269.0 Dowden Terrace - 133.0 Rolling Hills
Donaldson Run,Week2,Sideburn Run,Week2,270.0 Donaldson Run - 132.0 Sideburn Run
Donaldson Run,Week4,Sideburn Run,Week3,266.0 Donaldson Run - 136.0 Sideburn Run
Donaldson Run,Week4,Truro,Week1,339.0 Donaldson Run - 63.0 Truro
Donaldson Run,Week4,Truro,Week2,354.0 Donaldson Run - 48.0 Truro
Donaldson Run,Week5,Truro,Week2,364.0 Donaldson Run - 38.0 Truro
Dunn Loring,Week3,Mosby Woods,Week3,221.0 Dunn Loring - 181.0 Mosby Woods
Dunn Loring,Week4,Mosby Woods,Week2,204.0 Mosby Woods - 198.0 Dunn Loring
Dowden Terrace,Week1,Dominion Hills,Week1,215.0 Dowden Terrace - 186.0 Dominion Hills
Donaldson Run,Week3,Sideburn Run,Week2,274.0 Donaldson Run - 128.0 Sideburn Run
Dowden Terrace,Week5,Daventry,Week3,322.0 Dowden Terrace - 80.0 Daventry
Donaldson Run,Week4,Sideburn Run,Week5,260.0 Donaldson Run - 142.0 Sideburn Run
Dowden Terrace,Week2,Rolling Valley,Week5,287.0 Dowden Terrace - 115.0 Rolling Valley
Donaldson Run,Week5,Sideburn Run,Week5,282.0 Donaldson Run - 120.0 Sideburn Run
Dunn Loring,Week4,Mosby Woods,Week5,209.0 Dunn Loring - 193.0 Mosby Woods
Dowden Terrace,Week1,Dominion Hills,Week3,216.0 Dowden Terrace - 186.0 Dominion Hills
Dunn Loring,Week5,Mosby Woods,Week2,204.0 Dunn Loring - 198.0 Mosby Woods
Dowden Terrace,Week5,Daventry,Week5,301.0 Dowden Terrace - 101.0 Daventry
Dowden Terrace,Week3,Rolling Valley,Week1,327.0 Dowden Terrace - 75.0 Rolling Valley
Dowden Terrace,Week2,Rolling Valley,Week2,292.0 Dowden Terrace - 110.0 Rolling Valley
Donaldson Run,Week5,Sideburn Run,Week1,282.0 Donaldson Run - 120.0 Sideburn Run
Dowden Terrace,Week4,Rolling Valley,Week1,313.0 Dowden Terrace - 89.0 Rolling Valley
Dowden Terrace,Week1,Dominion Hills,Week2,204.0 Dowden Terrace - 198.0 Dominion Hills
Dunn Loring,Week1,Mount Vernon Park,Week1,213.0 Mount Vernon Park - 189.0 Dunn Loring
Donaldson Run,Week4,Truro,Week4,329.0 Donaldson Run - 73.0 Truro
Dowden Terrace,Week1,Dominion Hills,Week4,221.0 Dominion Hills - 176.0 Dowden Terrace
Donaldson Run,Week5,Truro,Week3,351.0 Donaldson Run - 51.0 Truro
Donaldson Run,Week5,Truro,Week1,348.0 Donaldson Run - 54.0 Truro
Donaldson Run,Week3,Sideburn Run,Week3,260.0 Donaldson Run - 142.0 Sideburn Run
Dowden Terrace,Week3,Rolling Valley,Week2,293.0 Dowden Terrace - 109.0 Rolling Valley
Dowden Terrace,Week3,Rolling Valley,Week3,304.0 Dowden Terrace - 98.0 Rolling Valley
Dunn Loring,Week2,Newington Forest,Week1,356.0 Dunn Loring - 46.0 Newington Forest
Dunn Loring,Week5,Mount Vernon Park,Week4,221.0 Dunn Loring - 181.0 Mount Vernon Park
Donaldson Run,Week1,Sideburn Run,Week1,258.0 Donaldson Run - 144.0 Sideburn Run
Dowden Terrace,Week1,Rutherford,Week4,248.0 Dowden Terrace - 153.0 Rutherford
Dunn Loring,Week5,Mount Vernon Park,Week3,214.0 Dunn Loring - 188.0 Mount Vernon Park
Dowden Terrace,Week3,Dominion Hills,Week5,246.0 Dominion Hills - 156.0 Dowden Terrace
Dunn Loring,Week2,Mount Vernon Park,Week5,210.0 Mount Vernon Park - 192.0 Dunn Loring
Dowden Terrace,Week2,Dominion Hills,Week5,225.0 Dominion Hills - 172.0 Dowden Terrace
Dowden Terrace,Week1,Rutherford,Week1,289.0 Dowden Terrace - 109.0 Rutherford
Dowden Terrace,Week4,Dominion Hills,Week3,229.0 Dowden Terrace - 173.0 Dominion Hills
Dowden Terrace,Week4,Dominion Hills,Week1,226.0 Dowden Terrace - 176.0 Dominion Hills
Dowden Terrace,Week4,Rutherford,Week4,261.0 Dowden Terrace - 141.0 Rutherford
Donaldson Run,Week5,Sideburn Run,Week4,293.5 Donaldson Run - 108.5 Sideburn Run
Dunn Loring,Week2,Mount Vernon Park,Week4,215.5 Dunn Loring - 186.5 Mount Vernon Park
Dunn Loring,Week4,Mount Vernon Park,Week4,215.0 Dunn Loring - 187.0 Mount Vernon Park
Donaldson Run,Week1,Sideburn Run,Week4,271.0 Donaldson Run - 131.0 Sideburn Run
Dowden Terrace,Week2,Rutherford,Week1,289.0 Dowden Terrace - 108.0 Rutherford
Dowden Terrace,Week5,Rutherford,Week2,313.0 Dowden Terrace - 89.0 Rutherford
Donaldson Run,Week3,Sideburn Run,Week1,266.0 Donaldson Run - 136.0 Sideburn Run
Donaldson Run,Week4,Sideburn Run,Week4,281.0 Donaldson Run - 121.0 Sideburn Run
Dunn Loring,Week2,Mount Vernon Park,Week3,214.0 Dunn Loring - 188.0 Mount Vernon Park
Dowden Terrace,Week4,Rutherford,Week2,291.0 Dowden Terrace - 111.0 Rutherford
Dowden Terrace,Week2,Dominion Hills,Week3,222.0 Dowden Terrace - 180.0 Dominion Hills
Donaldson Run,Week4,Sideburn Run,Week2,270.0 Donaldson Run - 132.0 Sideburn Run
Dowden Terrace,Week3,Dominion Hills,Week4,227.0 Dominion Hills - 175.0 Dowden Terrace
Dunn Loring,Week1,Newington Forest,Week4,285.0 Dunn Loring - 117.0 Newington Forest
Dowden Terrace,Week4,Dominion Hills,Week4,209.0 Dominion Hills - 193.0 Dowden Terrace
Dunn Loring,Week2,Newington Forest,Week4,329.0 Dunn Loring - 73.0 Newington Forest
Donaldson Run,Week4,Sleepy Hollow B & R,Week3,266.0 Donaldson Run - 136.0 Sleepy Hollow B & R
Donaldson Run,Week3,Sleepy Hollow B & R,Week5,233.0 Donaldson Run - 169.0 Sleepy Hollow B & R
Donaldson Run,Week4,Sideburn Run,Week1,264.0 Donaldson Run - 138.0 Sideburn Run
Dowden Terrace,Week2,Rutherford,Week2,274.0 Dowden Terrace - 128.0 Rutherford
Dunn Loring,Week1,Newington Forest,Week1,318.0 Dunn Loring - 84.0 Newington Forest
Dowden Terrace,Week4,Rolling Valley,Week4,288.0 Dowden Terrace - 114.0 Rolling Valley
Dowden Terrace,Week3,Dominion Hills,Week3,202.0 Dowden Terrace - 200.0 Dominion Hills
Dowden Terrace,Week5,Rutherford,Week1,318.0 Dowden Terrace - 84.0 Rutherford
Dowden Terrace,Week5,Dominion Hills,Week4,215.0 Dowden Terrace - 187.0 Dominion Hills
Donaldson Run,Week2,Sleepy Hollow Rec,Week2,332.0 Donaldson Run - 70.0 Sleepy Hollow Rec
Dunn Loring,Week3,Mount Vernon Park,Week2,228.0 Dunn Loring - 174.0 Mount Vernon Park
Dowden Terrace,Week5,Dominion Hills,Week2,235.0 Dowden Terrace - 167.0 Dominion Hills
Dunn Loring,Week4,Mount Vernon Park,Week5,218.0 Mount Vernon Park - 184.0 Dunn Loring
Donaldson Run,Week3,Sleepy Hollow B & R,Week2,276.0 Donaldson Run - 126.0 Sleepy Hollow B & R
Dowden Terrace,Week2,Rutherford,Week4,251.0 Dowden Terrace - 146.0 Rutherford
Donaldson Run,Week1,Sleepy Hollow B & R,Week1,284.0 Donaldson Run - 118.0 Sleepy Hollow B & R
Dunn Loring,Week3,Mount Vernon Park,Week4,226.5 Dunn Loring - 175.5 Mount Vernon Park
Dowden Terrace,Week5,Dominion Hills,Week3,244.0 Dowden Terrace - 158.0 Dominion Hills
Donaldson Run,Week2,Sideburn Run,Week1,255.0 Donaldson Run - 147.0 Sideburn Run
Dunn Loring,Week5,Mount Vernon Park,Week5,211.0 Mount Vernon Park - 191.0 Dunn Loring
Dowden Terrace,Week4,Dominion Hills,Week2,210.0 Dowden Terrace - 192.0 Dominion Hills
Dowden Terrace,Week5,Dominion Hills,Week5,222.0 Dowden Terrace - 180.0 Dominion Hills
Dowden Terrace,Week4,Rutherford,Week5,270.0 Dowden Terrace - 132.0 Rutherford
Dowden Terrace,Week2,Dominion Hills,Week2,202.0 Dominion Hills - 200.0 Dowden Terrace
Dowden Terrace,Week2,Dominion Hills,Week4,218.0 Dominion Hills - 184.0 Dowden Terrace
Donaldson Run,Week1,Sleepy Hollow B & R,Week3,257.0 Donaldson Run - 145.0 Sleepy Hollow B & R
Dowden Terrace,Week5,Rolling Valley,Week4,316.0 Dowden Terrace - 86.0 Rolling Valley
Dowden Terrace,Week1,Donaldson Run,Week3,273.0 Donaldson Run - 129.0 Dowden Terrace
Dowden Terrace,Week3,Rutherford,Week2,274.0 Dowden Terrace - 128.0 Rutherford
Dowden Terrace,Week4,Rolling Valley,Week3,301.0 Dowden Terrace - 101.0 Rolling Valley
Dunn Loring,Week3,Mount Vernon Park,Week3,220.0 Dunn Loring - 182.0 Mount Vernon Park
Dowden Terrace,Week5,Rutherford,Week3,295.5 Dowden Terrace - 106.5 Rutherford
Donaldson Run,Week5,Sleepy Hollow B & R,Week1,320.0 Donaldson Run - 82.0 Sleepy Hollow B & R
Donaldson Run,Week5,Sleepy Hollow B & R,Week4,287.0 Donaldson Run - 115.0 Sleepy Hollow B & R
Donaldson Run,Week2,Sideburn Run,Week5,252.0 Donaldson Run - 150.0 Sideburn Run
Dowden Terrace,Week2,Rutherford,Week5,249.0 Dowden Terrace - 148.0 Rutherford
Dunn Loring,Week5,Mount Vernon Park,Week1,219.0 Dunn Loring - 183.0 Mount Vernon Park
Dunn Loring,Week1,Mount Vernon Park,Week5,222.0 Mount Vernon Park - 180.0 Dunn Loring
Dunn Loring,Week4,Mount Vernon Park,Week1,204.0 Dunn Loring - 198.0 Mount Vernon Park
Dowden Terrace,Week5,Rolling Valley,Week5,310.5 Dowden Terrace - 91.5 Rolling Valley
Dowden Terrace,Week2,Dominion Hills,Week1,220.0 Dowden Terrace - 182.0 Dominion Hills
Dowden Terrace,Week5,Dominion Hills,Week1,251.0 Dowden Terrace - 151.0 Dominion Hills
Donaldson Run,Week1,Sleepy Hollow B & R,Week5,228.0 Donaldson Run - 174.0 Sleepy Hollow B & R
Dowden Terrace,Week2,Rutherford,Week3,258.0 Dowden Terrace - 139.0 Rutherford
Donaldson Run,Week4,Sleepy Hollow B & R,Week4,268.0 Donaldson Run - 134.0 Sleepy Hollow B & R
Dunn Loring,Week4,Mount Vernon Park,Week2,212.0 Dunn Loring - 190.0 Mount Vernon Park
Dowden Terrace,Week4,Rolling Valley,Week5,289.0 Dowden Terrace - 113.0 Rolling Valley
Donaldson Run,Week4,Sleepy Hollow B & R,Week2,279.0 Donaldson Run - 123.0 Sleepy Hollow B & R
Dowden Terrace,Week1,Donaldson Run,Week5,296.0 Donaldson Run - 106.0 Dowden Terrace
Dowden Terrace,Week1,Rutherford,Week2,277.0 Dowden Terrace - 121.0 Rutherford
Dowden Terrace,Week4,Dominion Hills,Week5,205.0 Dominion Hills - 197.0 Dowden Terrace
Dunn Loring,Week2,Mount Vernon Park,Week2,222.0 Dunn Loring - 180.0 Mount Vernon Park
Dowden Terrace,Week3,Dominion Hills,Week1,208.0 Dowden Terrace - 194.0 Dominion Hills
Donaldson Run,Week2,Sleepy Hollow B & R,Week3,269.0 Donaldson Run - 133.0 Sleepy Hollow B & R
Dunn Loring,Week5,Mount Vernon Park,Week2,227.0 Dunn Loring - 175.0 Mount Vernon Park
Dowden Terrace,Week4,Rutherford,Week1,300.0 Dowden Terrace - 102.0 Rutherford
Dowden Terrace,Week3,Dominion Hills,Week2,211.0 Dominion Hills - 191.0 Dowden Terrace
Dowden Terrace,Week1,Donaldson Run,Week4,293.0 Donaldson Run - 109.0 Dowden Terrace
Donaldson Run,Week4,Sleepy Hollow B & R,Week1,305.5 Donaldson Run - 96.5 Sleepy Hollow B & R
Dunn Loring,Week3,Mount Vernon Park,Week1,215.0 Dunn Loring - 187.0 Mount Vernon Park
Dowden Terrace,Week5,Rolling Valley,Week3,322.0 Dowden Terrace - 80.0 Rolling Valley
Dunn Loring,Week1,Newington Forest,Week3,292.0 Dunn Loring - 110.0 Newington Forest
Dowden Terrace,Week1,Donaldson Run,Week2,269.0 Donaldson Run - 133.0 Dowden Terrace
Donaldson Run,Week2,Sleepy Hollow B & R,Week5,219.0 Donaldson Run - 183.0 Sleepy Hollow B & R
Donaldson Run,Week1,Sleepy Hollow Rec,Week2,334.0 Donaldson Run - 68.0 Sleepy Hollow Rec
Dowden Terrace,Week5,Rolling Valley,Week2,319.0 Dowden Terrace - 83.0 Rolling Valley
Dunn Loring,Week3,Mount Vernon Park,Week5,205.0 Dunn Loring - 197.0 Mount Vernon Park
Dunn Loring,Week4,Mount Vernon Park,Week3,209.0 Dunn Loring - 193.0 Mount Vernon Park
Dowden Terrace,Week5,Rolling Valley,Week1,339.0 Dowden Terrace - 63.0 Rolling Valley
Dowden Terrace,Week3,Rutherford,Week4,255.0 Dowden Terrace - 147.0 Rutherford
Dowden Terrace,Week1,Donaldson Run,Week1,278.0 Donaldson Run - 124.0 Dowden Terrace
Donaldson Run,Week5,Sleepy Hollow B & R,Week2,297.0 Donaldson Run - 105.0 Sleepy Hollow B & R
Donaldson Run,Week1,Sleepy Hollow Rec,Week3,324.0 Donaldson Run - 78.0 Sleepy Hollow Rec
Donaldson Run,Week2,Sleepy Hollow B & R,Week2,272.0 Donaldson Run - 130.0 Sleepy Hollow B & R
Donaldson Run,Week3,Rolling Hills,Week2,302.0 Donaldson Run - 100.0 Rolling Hills
Donaldson Run,Week5,Parklawn,Week1,336.0 Donaldson Run - 57.0 Parklawn
Dowden Terrace,Week5,Donaldson Run,Week4,248.0 Donaldson Run - 154.0 Dowden Terrace
Donaldson Run,Week5,Sleepy Hollow B & R,Week5,264.0 Donaldson Run - 138.0 Sleepy Hollow B & R
Dunn Loring,Week1,Newington Forest,Week2,315.0 Dunn Loring - 87.0 Newington Forest
Dowden Terrace,Week3,Rutherford,Week1,279.0 Dowden Terrace - 123.0 Rutherford
Dowden Terrace,Week3,Donaldson Run,Week2,278.0 Donaldson Run - 124.0 Dowden Terrace
Dowden Terrace,Week4,Donaldson Run,Week2,264.0 Donaldson Run - 138.0 Dowden Terrace
Dunn Loring,Week5,Newington Forest,Week1,348.0 Dunn Loring - 53.0 Newington Forest
Dowden Terrace,Week5,Donaldson Run,Week5,261.5 Donaldson Run - 140.5 Dowden Terrace
Donaldson Run,Week1,Rolling Hills,Week5,301.0 Donaldson Run - 101.0 Rolling Hills
Dunn Loring,Week2,Mount Vernon Park,Week1,215.0 Dunn Loring - 187.0 Mount Vernon Park
Donaldson Run,Week1,Sleepy Hollow Rec,Week4,352.0 Donaldson Run - 50.0 Sleepy Hollow Rec
Dunn Loring,Week1,Newington Forest,Week5,288.0 Dunn Loring - 109.0 Newington Forest
Dunn Loring,Week3,Newington Forest,Week5,325.0 Dunn Loring - 77.0 Newington Forest
Dowden Terrace,Week1,Rutherford,Week3,266.0 Dowden Terrace - 132.0 Rutherford
Dowden Terrace,Week3,Rutherford,Week5,248.0 Dowden Terrace - 154.0 Rutherford
Donaldson Run,Week2,Sleepy Hollow Rec,Week1,337.0 Donaldson Run - 65.0 Sleepy Hollow Rec
Dowden Terrace,Week2,Dowden Terrace,Week2,196.0 Dowden Terrace (DT1) - 196.0 Dowden Terrace (DT2)
Donaldson Run,Week3,Sleepy Hollow Rec,Week3,322.0 Donaldson Run - 80.0 Sleepy Hollow Rec
Dowden Terrace,Week3,Rutherford,Week3,259.0 Dowden Terrace - 143.0 Rutherford
Dunn Loring,Week5,Newington Forest,Week2,346.0 Dunn Loring - 54.0 Newington Forest
Dowden Terrace,Week1,Rutherford,Week5,231.0 Dowden Terrace - 167.0 Rutherford
Donaldson Run,Week3,Sleepy Hollow B & R,Week4,270.0 Donaldson Run - 132.0 Sleepy Hollow B & R
Dunn Loring,Week2,Newington Forest,Week2,352.0 Dunn Loring - 50.0 Newington Forest
Dowden Terrace,Week2,Dowden Terrace,Week1,214.0 Dowden Terrace (DT1) - 187.0 Dowden Terrace (DT2)
Dowden Terrace,Week2,Shouse Village,Week2,227.0 Dowden Terrace - 175.0 Shouse Village
Dowden Terrace,Week4,Donaldson Run,Week5,286.0 Donaldson Run - 116.0 Dowden Terrace
Donaldson Run,Week4,Rolling Hills,Week4,304.0 Donaldson Run - 98.0 Rolling Hills
Donaldson Run,Week2,Sleepy Hollow B & R,Week4,253.0 Donaldson Run - 149.0 Sleepy Hollow B & R
Dowden Terrace,Week3,Shouse Village,Week3,219.0 Shouse Village - 183.0 Dowden Terrace
Dunn Loring,Week4,Newington Forest,Week3,346.0 Dunn Loring - 56.0 Newington Forest
Donaldson Run,Week3,Sleepy Hollow B & R,Week1,286.0 Donaldson Run - 116.0 Sleepy Hollow B & R
Dowden Terrace,Week5,Donaldson Run,Week2,237.0 Donaldson Run - 165.0 Dowden Terrace
Dowden Terrace,Week1,Shouse Village,Week2,215.0 Dowden Terrace - 187.0 Shouse Village
Dowden Terrace,Week4,Donaldson Run,Week4,263.0 Donaldson Run - 139.0 Dowden Terrace
Donaldson Run,Week5,Rolling Hills,Week2,316.0 Donaldson Run - 86.0 Rolling Hills
Dowden Terrace,Week1,Dowden Terrace,Week2,214.0 Dowden Terrace (DT2) - 187.0 Dowden Terrace (DT1)
Donaldson Run,Week4,Rolling Hills,Week2,312.0 Donaldson Run - 90.0 Rolling Hills
Donaldson Run,Week5,Rolling Forest,Week5,302.0 Donaldson Run - 100.0 Rolling Forest
Dowden Terrace,Week5,Rutherford,Week4,285.0 Dowden Terrace - 117.0 Rutherford
Donaldson Run,Week2,Sleepy Hollow B & R,Week1,277.0 Donaldson Run - 125.0 Sleepy Hollow B & R
Donaldson Run,Week5,Rolling Forest,Week3,294.0 Donaldson Run - 108.0 Rolling Forest
Dowden Terrace,Week2,Donaldson Run,Week4,278.0 Donaldson Run - 124.0 Dowden Terrace
Dunn Loring,Week5,Newington Forest,Week5,315.0 Dunn Loring - 87.0 Newington Forest
Donaldson Run,Week5,Sleepy Hollow B & R,Week3,299.0 Donaldson Run - 103.0 Sleepy Hollow B & R
Donaldson Run,Week3,Rolling Hills,Week3,301.0 Donaldson Run - 101.0 Rolling Hills
Donaldson Run,Week2,Rolling Hills,Week3,285.0 Donaldson Run - 117.0 Rolling Hills
Dunn Loring,Week4,Newington Forest,Week5,333.0 Dunn Loring - 69.0 Newington Forest
Dunn Loring,Week1,North Springfield,Week1,299.0 Dunn Loring - 52.0 North Springfield
Dunn Loring,Week2,Newington Forest,Week3,341.0 Dunn Loring - 61.0 Newington Forest
Dowden Terrace,Week2,Shouse Village,Week5,212.5 Shouse Village - 189.5 Dowden Terrace
Dowden Terrace,Week4,Rutherford,Week3,277.0 Dowden Terrace - 125.0 Rutherford
Dowden Terrace,Week2,Donaldson Run,Week3,275.0 Donaldson Run - 127.0 Dowden Terrace
Dowden Terrace,Week5,Rutherford,Week5,286.0 Dowden Terrace - 116.0 Rutherford
Dowden Terrace,Week3,Dowden Terrace,Week4,228.0 Dowden Terrace (DT2) - 174.0 Dowden Terrace (DT1)
Dunn Loring,Week5,Newington Forest,Week3,341.0 Dunn Loring - 61.0 Newington Forest
Donaldson Run,Week4,Sleepy Hollow B & R,Week5,227.0 Donaldson Run - 175.0 Sleepy Hollow B & R
Donaldson Run,Week1,Sleepy Hollow Rec,Week1,341.0 Donaldson Run - 61.0 Sleepy Hollow Rec
Dunn Loring,Week1,North Springfield,Week2,327.0 Dunn Loring - 61.0 North Springfield
Dowden Terrace,Week4,Shouse Village,Week3,204.0 Shouse Village - 198.0 Dowden Terrace
Dunn Loring,Week5,Newington Forest,Week4,329.0 Dunn Loring - 73.0 Newington Forest
Donaldson Run,Week5,Rolling Forest,Week2,319.0 Donaldson Run - 83.0 Rolling Forest
Donaldson Run,Week1,Sleepy Hollow Rec,Week5,340.0 Donaldson Run - 62.0 Sleepy Hollow Rec
Donaldson Run,Week2,Rolling Hills,Week4,299.0 Donaldson Run - 103.0 Rolling Hills
Dowden Terrace,Week1,Dowden Terrace,Week3,206.0 Dowden Terrace (DT1) - 196.0 Dowden Terrace (DT2)
Dowden Terrace,Week3,Dowden Terrace,Week2,221.0 Dowden Terrace (DT2) - 181.0 Dowden Terrace (DT1)
Donaldson Run,Week3,Sleepy Hollow B & R,Week3,272.0 Donaldson Run - 130.0 Sleepy Hollow B & R
Dowden Terrace,Week1,Shouse Village,Week5,223.0 Shouse Village - 179.0 Dowden Terrace
Donaldson Run,Week3,Sleepy Hollow Rec,Week4,350.0 Donaldson Run - 52.0 Sleepy Hollow Rec
Dowden Terrace,Week5,Shouse Village,Week2,243.0 Dowden Terrace - 159.0 Shouse Village
Dowden Terrace,Week2,Donaldson Run,Week2,265.0 Donaldson Run - 137.0 Dowden Terrace
Donaldson Run,Week3,Rolling Hills,Week5,304.0 Donaldson Run - 98.0 Rolling Hills
Donaldson Run,Week1,Rolling Valley,Week5,322.0 Donaldson Run - 80.0 Rolling Valley
Dowden Terrace,Week5,Shouse Village,Week5,213.0 Dowden Terrace - 189.0 Shouse Village
Donaldson Run,Week5,Rolling Forest,Week1,306.0 Donaldson Run - 96.0 Rolling Forest
Dunn Loring,Week4,Newington Forest,Week2,350.0 Dunn Loring - 51.0 Newington Forest
Dowden Terrace,Week1,Dowden Terrace,Week4,228.0 Dowden Terrace (DT2) - 174.0 Dowden Terrace (DT1)
Donaldson Run,Week1,Rolling Hills,Week2,303.0 Donaldson Run - 99.0 Rolling Hills
Dowden Terrace,Week5,Shouse Village,Week4,215.0 Dowden Terrace - 187.0 Shouse Village
Donaldson Run,Week4,Rolling Forest,Week5,281.0 Donaldson Run - 121.0 Rolling Forest
Dunn Loring,Week2,Newington Forest,Week5,323.0 Dunn Loring - 79.0 Newington Forest
Dowden Terrace,Week3,Donaldson Run,Week5,300.0 Donaldson Run - 102.0 Dowden Terrace
Dowden Terrace,Week2,Sideburn Run,Week5,207.0 Sideburn Run - 195.0 Dowden Terrace
Donaldson Run,Week2,Rolling Hills,Week2,287.0 Donaldson Run - 115.0 Rolling Hills
Donaldson Run,Week3,Sleepy Hollow Rec,Week2,335.0 Donaldson Run - 67.0 Sleepy Hollow Rec
Donaldson Run,Week3,Sleepy Hollow Rec,Week1,344.0 Donaldson Run - 58.0 Sleepy Hollow Rec
Dunn Loring,Week3,Newington Forest,Week2,347.0 Dunn Loring - 55.0 Newington Forest
Dowden Terrace,Week3,Donaldson Run,Week1,285.0 Donaldson Run - 117.0 Dowden Terrace
Dunn Loring,Week3,Newington Forest,Week1,352.0 Dunn Loring - 50.0 Newington Forest
Dowden Terrace,Week2,Shouse Village,Week3,209.0 Shouse Village - 193.0 Dowden Terrace
Dowden Terrace,Week3,Donaldson Run,Week4,282.0 Donaldson Run - 120.0 Dowden Terrace
Donaldson Run,Week2,Sleepy Hollow Rec,Week3,324.0 Donaldson Run - 78.0 Sleepy Hollow Rec
Donaldson Run,Week2,Sleepy Hollow Rec,Week4,340.0 Donaldson Run - 62.0 Sleepy Hollow Rec
Dunn Loring,Week4,Newington Forest,Week4,336.0 Dunn Loring - 66.0 Newington Forest
Dunn Loring,Week3,Newington Forest,Week4,330.0 Dunn Loring - 72.0 Newington Forest
Dowden Terrace,Week3,Shouse Village,Week4,232.0 Shouse Village - 170.0 Dowden Terrace
Donaldson Run,Week2,Sleepy Hollow Rec,Week5,328.0 Donaldson Run - 74.0 Sleepy Hollow Rec
Dowden Terrace,Week4,Shouse Village,Week5,204.0 Shouse Village - 198.0 Dowden Terrace
Donaldson Run,Week3,Rolling Hills,Week1,300.0 Donaldson Run - 102.0 Rolling Hills
Dowden Terrace,Week1,Sideburn Run,Week1,211.0 Sideburn Run - 191.0 Dowden Terrace
Donaldson Run,Week1,Somerset-Olde Creek,Week1,348.0 Donaldson Run - 54.0 Somerset-Olde Creek
Dowden Terrace,Week3,Donaldson Run,Week3,270.0 Donaldson Run - 132.0 Dowden Terrace
Donaldson Run,Week3,Somerset-Olde Creek,Week1,351.0 Donaldson Run - 51.0 Somerset-Olde Creek
Dowden Terrace,Week3,Shouse Village,Week1,210.0 Dowden Terrace - 192.0 Shouse Village
Donaldson Run,Week4,Rolling Hills,Week5,311.0 Donaldson Run - 91.0 Rolling Hills
Dowden Terrace,Week5,Shouse Village,Week3,229.0 Dowden Terrace - 173.0 Shouse Village
Donaldson Run,Week4,Sleepy Hollow Rec,Week4,352.0 Donaldson Run - 50.0 Sleepy Hollow Rec
Donaldson Run,Week5,Rolling Forest,Week4,311.0 Donaldson Run - 91.0 Rolling Forest
Dunn Loring,Week3,Newington Forest,Week3,340.0 Dunn Loring - 62.0 Newington Forest
Donaldson Run,Week1,Somerset-Olde Creek,Week4,359.0 Donaldson Run - 43.0 Somerset-Olde Creek
Dunn Loring,Week4,Newington Forest,Week1,361.0 Dunn Loring - 40.0 Newington Forest
Dowden Terrace,Week5,Donaldson Run,Week3,245.0 Donaldson Run - 157.0 Dowden Terrace
Donaldson Run,Week5,Rolling Hills,Week5,323.0 Donaldson Run - 79.0 Rolling Hills
Dowden Terrace,Week4,Donaldson Run,Week1,265.0 Donaldson Run - 137.0 Dowden Terrace
Dowden Terrace,Week2,Donaldson Run,Week1,268.0 Donaldson Run - 134.0 Dowden Terrace
Dowden Terrace,Week2,Donaldson Run,Week5,293.0 Donaldson Run - 104.0 Dowden Terrace
Donaldson Run,Week4,Rolling Hills,Week3,306.0 Donaldson Run - 96.0 Rolling Hills
Dowden Terrace,Week2,Shouse Village,Week1,215.0 Dowden Terrace - 187.0 Shouse Village
Dowden Terrace,Week4,Donaldson Run,Week3,263.0 Donaldson Run - 139.0 Dowden Terrace
Donaldson Run,Week1,Rolling Hills,Week4,305.0 Donaldson Run - 97.0 Rolling Hills
Dowden Terrace,Week2,Shouse Village,Week4,213.0 Shouse Village - 189.0 Dowden Terrace
Donaldson Run,Week3,Somerset-Olde Creek,Week4,365.0 Donaldson Run - 37.0 Somerset-Olde Creek
Dowden Terrace,Week1,Dowden Terrace,Week1,194.0 Dowden Terrace (DT1) - 194.0 Dowden Terrace (DT2)
Donaldson Run,Week2,Somerset-Olde Creek,Week5,342.0 Donaldson Run - 60.0 Somerset-Olde Creek
Donaldson Run,Week1,Rolling Hills,Week3,297.0 Donaldson Run - 105.0 Rolling Hills
Dowden Terrace,Week3,Shouse Village,Week2,204.0 Dowden Terrace - 198.0 Shouse Village
Dowden Terrace,Week3,Dowden Terrace,Week1,206.0 Dowden Terrace (DT2) - 196.0 Dowden Terrace (DT1)
Dowden Terrace,Week3,Dunn Loring,Week5,295.0 Dunn Loring - 107.0 Dowden Terrace
Donaldson Run,Week4,Rolling Hills,Week1,311.0 Donaldson Run - 91.0 Rolling Hills
Dowden Terrace,Week2,Dowden Terrace,Week3,221.0 Dowden Terrace (DT1) - 181.0 Dowden Terrace (DT2)
Donaldson Run,Week2,Rolling Hills,Week1,295.0 Donaldson Run - 107.0 Rolling Hills
Donaldson Run,Week2,Somerset-Olde Creek,Week4,359.0 Donaldson Run - 43.0 Somerset-Olde Creek
Dowden Terrace,Week3,Dowden Terrace,Week3,201.0 Dowden Terrace (DT1) - 201.0 Dowden Terrace (DT2)
Donaldson Run,Week5,Sleepy Hollow Rec,Week2,345.0 Donaldson Run - 57.0 Sleepy Hollow Rec
Donaldson Run,Week1,Rolling Hills,Week1,314.0 Donaldson Run - 88.0 Rolling Hills
Dowden Terrace,Week1,Shouse Village,Week4,216.0 Shouse Village - 186.0 Dowden Terrace
Dowden Terrace,Week5,Donaldson Run,Week1,244.0 Donaldson Run - 158.0 Dowden Terrace
Dowden Terrace,Week2,Dowden Terrace,Week5,256.5 Dowden Terrace (DT2) - 145.5 Dowden Terrace (DT1)
Dowden Terrace,Week1,Shouse Village,Week1,202.0 Shouse Village - 200.0 Dowden Terrace
Donaldson Run,Week1,Rolling Valley,Week1,358.0 Donaldson Run - 44.0 Rolling Valley
Donaldson Run,Week1,Pleasant Valley,Week4,350.5 Donaldson Run - 51.5 Pleasant Valley
Donaldson Run,Week3,Sleepy Hollow Rec,Week5,327.0 Donaldson Run - 75.0 Sleepy Hollow Rec
Donaldson Run,Week2,Pleasant Valley,Week2,357.0 Donaldson Run - 45.0 Pleasant Valley
Donaldson Run,Week5,Rolling Hills,Week1,326.0 Donaldson Run - 76.0 Rolling Hills
Dowden Terrace,Week1,Dowden Terrace,Week5,263.0 Dowden Terrace (DT2) - 139.0 Dowden Terrace (DT1)
Dowden Terrace,Week1,Sideburn Run,Week2,210.0 Dowden Terrace - 191.0 Sideburn Run
Dowden Terrace,Week2,Dowden Terrace,Week4,226.0 Dowden Terrace (DT2) - 176.0 Dowden Terrace (DT1)
Donaldson Run,Week1,Pleasant Valley,Week1,354.0 Donaldson Run - 48.0 Pleasant Valley
Donaldson Run,Week4,Somerset-Olde Creek,Week1,353.0 Donaldson Run - 49.0 Somerset-Olde Creek
Dowden Terrace,Week4,Shouse Village,Week1,229.0 Dowden Terrace - 173.0 Shouse Village
Donaldson Run,Week2,Somerset-Olde Creek,Week3,354.0 Donaldson Run - 48.0 Somerset-Olde Creek
Donaldson Run,Week2,Pleasant Valley,Week5,340.0 Donaldson Run - 62.0 Pleasant Valley
Dowden Terrace,Week3,Shouse Village,Week5,229.0 Shouse Village - 173.0 Dowden Terrace
Donaldson Run,Week5,Sleepy Hollow Rec,Week5,347.0 Donaldson Run - 55.0 Sleepy Hollow Rec
Donaldson Run,Week2,Pleasant Valley,Week1,344.0 Donaldson Run - 58.0 Pleasant Valley
Donaldson Run,Week4,Sleepy Hollow Rec,Week1,344.0 Donaldson Run - 58.0 Sleepy Hollow Rec
Donaldson Run,Week3,Pleasant Valley,Week2,359.0 Donaldson Run - 43.0 Pleasant Valley
Donaldson Run,Week3,Rolling Hills,Week4,302.0 Donaldson Run - 100.0 Rolling Hills
Dowden Terrace,Week4,Shouse Village,Week2,219.0 Dowden Terrace - 183.0 Shouse Village
Donaldson Run,Week2,Rolling Hills,Week5,299.0 Donaldson Run - 103.0 Rolling Hills
Dowden Terrace,Week2,Dunn Loring,Week2,288.0 Dunn Loring - 114.0 Dowden Terrace
Dowden Terrace,Week5,Shouse Village,Week1,236.0 Dowden Terrace - 166.0 Shouse Village
Donaldson Run,Week5,Rolling Hills,Week3,318.0 Donaldson Run - 84.0 Rolling Hills
Dowden Terrace,Week1,Shouse Village,Week3,211.0 Shouse Village - 191.0 Dowden Terrace
Donaldson Run,Week5,Somerset-Olde Creek,Week2,366.0 Donaldson Run - 31.0 Somerset-Olde Creek
Donaldson Run,Week5,Sleepy Hollow Rec,Week4,370.0 Donaldson Run - 32.0 Sleepy Hollow Rec
Donaldson Run,Week3,Pleasant Valley,Week1,353.0 Donaldson Run - 49.0 Pleasant Valley
Donaldson Run,Week1,Pleasant Valley,Week5,344.0 Donaldson Run - 58.0 Pleasant Valley
Donaldson Run,Week5,Rolling Hills,Week4,318.0 Donaldson Run - 79.0 Rolling Hills
Donaldson Run,Week4,Sleepy Hollow Rec,Week2,338.0 Donaldson Run - 64.0 Sleepy Hollow Rec
Donaldson Run,Week2,Rolling Valley,Week1,357.0 Donaldson Run - 45.0 Rolling Valley
Donaldson Run,Week1,Rolling Valley,Week3,331.0 Donaldson Run - 71.0 Rolling Valley
Dowden Terrace,Week2,Sideburn Run,Week1,211.0 Dowden Terrace - 191.0 Sideburn Run
Donaldson Run,Week4,Sleepy Hollow Rec,Week5,338.0 Donaldson Run - 64.0 Sleepy Hollow Rec
Donaldson Run,Week1,Pleasant Valley,Week2,356.0 Donaldson Run - 46.0 Pleasant Valley
Dowden Terrace,Week1,Sideburn Run,Week4,212.0 Sideburn Run - 189.0 Dowden Terrace
Dowden Terrace,Week5,Dowden Terrace,Week1,263.0 Dowden Terrace (DT1) - 139.0 Dowden Terrace (DT2)
Donaldson Run,Week1,Pleasant Valley,Week3,342.5 Donaldson Run - 59.5 Pleasant Valley
Donaldson Run,Week5,Pinewood Lake,Week5,388.0 Donaldson Run - 13.0 Pinewood Lake
Donaldson Run,Week2,Pleasant Valley,Week3,337.0 Donaldson Run - 65.0 Pleasant Valley
Donaldson Run,Week3,Somerset-Olde Creek,Week5,351.0 Donaldson Run - 51.0 Somerset-Olde Creek
Dowden Terrace,Week1,Sideburn Run,Week5,211.0 Sideburn Run - 190.0 Dowden Terrace
Dowden Terrace,Week1,Sideburn Run,Week3,213.0 Sideburn Run - 188.0 Dowden Terrace
Dowden Terrace,Week3,Dowden Terrace,Week5,260.0 Dowden Terrace (DT2) - 142.0 Dowden Terrace (DT1)
Donaldson Run,Week1,Rolling Valley,Week2,345.5 Donaldson Run - 56.5 Rolling Valley
Dowden Terrace,Week4,Dowden Terrace,Week4,198.5 Dowden Terrace (DT1) - 198.5 Dowden Terrace (DT2)
Dowden Terrace,Week4,Dunn Loring,Week3,284.0 Dunn Loring - 118.0 Dowden Terrace
Donaldson Run,Week3,Somerset-Olde Creek,Week3,366.0 Donaldson Run - 36.0 Somerset-Olde Creek
Donaldson Run,Week2,Rolling Valley,Week4,330.0 Donaldson Run - 72.0 Rolling Valley
Donaldson Run,Week3,Rolling Valley,Week3,334.0 Donaldson Run - 68.0 Rolling Valley
Donaldson Run,Week4,Rolling Valley,Week1,364.0 Donaldson Run - 38.0 Rolling Valley
Donaldson Run,Week4,Sleepy Hollow Rec,Week3,328.0 Donaldson Run - 74.0 Sleepy Hollow Rec
Dowden Terrace,Week1,Sleepy Hollow B & R,Week2,228.0 Sleepy Hollow B & R - 173.0 Dowden Terrace
Dowden Terrace,Week2,Sideburn Run,Week4,201.0 Dowden Terrace - 201.0 Sideburn Run
Dowden Terrace,Week5,Dowden Terrace,Week5,201.0 Dowden Terrace (DT1) - 201.0 Dowden Terrace (DT2)
Dowden Terrace,Week3,Dunn Loring,Week3,291.0 Dunn Loring - 111.0 Dowden Terrace
Dowden Terrace,Week2,Sideburn Run,Week2,221.0 Dowden Terrace - 181.0 Sideburn Run
Donaldson Run,Week1,Somerset-Olde Creek,Week5,341.0 Donaldson Run - 61.0 Somerset-Olde Creek
Dowden Terrace,Week5,Dowden Terrace,Week2,256.5 Dowden Terrace (DT1) - 145.5 Dowden Terrace (DT2)
Donaldson Run,Week2,Somerset-Olde Creek,Week1,343.0 Donaldson Run - 59.0 Somerset-Olde Creek
Donaldson Run,Week2,Rolling Valley,Week2,345.0 Donaldson Run - 57.0 Rolling Valley
Donaldson Run,Week2,Pleasant Valley,Week4,347.0 Donaldson Run - 55.0 Pleasant Valley
Donaldson Run,Week3,Rolling Valley,Week2,345.0 Donaldson Run - 57.0 Rolling Valley
Dowden Terrace,Week4,Dowden Terrace,Week1,228.0 Dowden Terrace (DT1) - 174.0 Dowden Terrace (DT2)
Donaldson Run,Week2,Rolling Valley,Week5,330.0 Donaldson Run - 72.0 Rolling Valley
Donaldson Run,Week3,Rolling Valley,Week5,339.0 Donaldson Run - 63.0 Rolling Valley
Dowden Terrace,Week4,Sideburn Run,Week4,214.0 Dowden Terrace - 188.0 Sideburn Run
Donaldson Run,Week5,Sleepy Hollow Rec,Week1,359.0 Donaldson Run - 38.0 Sleepy Hollow Rec
Dowden Terrace,Week4,Dowden Terrace,Week2,226.0 Dowden Terrace (DT1) - 176.0 Dowden Terrace (DT2)
Dowden Terrace,Week4,Shouse Village,Week4,204.0 Shouse Village - 198.0 Dowden Terrace
Dowden Terrace,Week1,Sleepy Hollow B & R,Week3,226.0 Sleepy Hollow B & R - 176.0 Dowden Terrace
Donaldson Run,Week1,Somerset-Olde Creek,Week3,361.0 Donaldson Run - 41.0 Somerset-Olde Creek
Dowden Terrace,Week1,Dunn Loring,Week1,243.0 Dunn Loring - 159.0 Dowden Terrace
Dowden Terrace,Week2,Sideburn Run,Week3,203.0 Sideburn Run - 199.0 Dowden Terrace
Dowden Terrace,Week3,Sideburn Run,Week1,209.5 Sideburn Run - 192.5 Dowden Terrace
Dowden Terrace,Week3,Dunn Loring,Week4,293.0 Dunn Loring - 109.0 Dowden Terrace
Donaldson Run,Week1,Rolling Valley,Week4,330.0 Donaldson Run - 72.0 Rolling Valley
Donaldson Run,Week1,Somerset-Olde Creek,Week2,362.5 Donaldson Run - 39.5 Somerset-Olde Creek
Donaldson Run,Week3,Rolling Valley,Week4,342.0 Donaldson Run - 60.0 Rolling Valley
Donaldson Run,Week4,Somerset-Olde Creek,Week3,357.0 Donaldson Run - 45.0 Somerset-Olde Creek
Dowden Terrace,Week2,Dunn Loring,Week5,279.0 Dunn Loring - 123.0 Dowden Terrace
Donaldson Run,Week5,Sleepy Hollow Rec,Week3,335.0 Donaldson Run - 67.0 Sleepy Hollow Rec
Dowden Terrace,Week1,Hamlet,Week2,301.0 Hamlet - 101.0 Dowden Terrace
Donaldson Run,Week4,Rolling Valley,Week5,338.0 Donaldson Run - 64.0 Rolling Valley
Dowden Terrace,Week2,Dunn Loring,Week3,284.0 Dunn Loring - 118.0 Dowden Terrace
Dowden Terrace,Week1,Sleepy Hollow B & R,Week5,260.0 Sleepy Hollow B & R - 142.0 Dowden Terrace
Dowden Terrace,Week1,Hamlet,Week3,301.0 Hamlet - 100.0 Dowden Terrace
Dowden Terrace,Week1,Sleepy Hollow B & R,Week1,214.0 Sleepy Hollow B & R - 188.0 Dowden Terrace
Dowden Terrace,Week4,Greenbriar,Week4,220.0 Dowden Terrace - 182.0 Greenbriar
Dowden Terrace,Week5,Greenbriar,Week4,252.0 Dowden Terrace - 150.0 Greenbriar
Dowden Terrace,Week3,Hamlet,Week1,293.0 Hamlet - 109.0 Dowden Terrace
Donaldson Run,Week4,Rolling Valley,Week3,342.0 Donaldson Run - 60.0 Rolling Valley
Dowden Terrace,Week1,Sleepy Hollow B & R,Week4,254.0 Sleepy Hollow B & R - 148.0 Dowden Terrace
Donaldson Run,Week3,Somerset-Olde Creek,Week2,366.0 Donaldson Run - 36.0 Somerset-Olde Creek
Dowden Terrace,Week3,Dunn Loring,Week2,300.0 Dunn Loring - 102.0 Dowden Terrace
Dowden Terrace,Week4,Sideburn Run,Week2,224.0 Dowden Terrace - 178.0 Sideburn Run
Dowden Terrace,Week3,Greenbriar,Week2,226.0 Greenbriar - 176.0 Dowden Terrace
Donaldson Run,Week4,Somerset-Olde Creek,Week2,364.0 Donaldson Run - 38.0 Somerset-Olde Creek
Dowden Terrace,Week5,Dowden Terrace,Week3,260.0 Dowden Terrace (DT1) - 142.0 Dowden Terrace (DT2)
Dowden Terrace,Week5,Sideburn Run,Week3,218.0 Dowden Terrace - 184.0 Sideburn Run
Donaldson Run,Week2,Somerset-Olde Creek,Week2,360.0 Donaldson Run - 42.0 Somerset-Olde Creek
Dowden Terrace,Week4,Sideburn Run,Week3,205.0 Dowden Terrace - 197.0 Sideburn Run
Donaldson Run,Week3,Rolling Valley,Week1,364.0 Donaldson Run - 38.0 Rolling Valley
Donaldson Run,Week4,Rolling Valley,Week4,343.0 Donaldson Run - 59.0 Rolling Valley
Dowden Terrace,Week5,Dowden Terrace,Week4,226.0 Dowden Terrace (DT1) - 176.0 Dowden Terrace (DT2)
Dowden Terrace,Week3,Hamlet,Week4,283.0 Hamlet - 119.0 Dowden Terrace
Donaldson Run,Week5,Rolling Valley,Week2,354.0 Donaldson Run - 48.0 Rolling Valley
Dowden Terrace,Week1,Hamlet,Week5,311.0 Hamlet - 91.0 Dowden Terrace
Dowden Terrace,Week3,Greenbriar,Week5,230.0 Greenbriar - 172.0 Dowden Terrace
Dowden Terrace,Week4,Dowden Terrace,Week3,228.0 Dowden Terrace (DT1) - 174.0 Dowden Terrace (DT2)
Donaldson Run,Week1,South Run,Week1,253.0 Donaldson Run - 140.0 South Run
Dowden Terrace,Week4,Dunn Loring,Week2,274.5 Dunn Loring - 127.5 Dowden Terrace
Donaldson Run,Week5,Somerset-Olde Creek,Week5,355.0 Donaldson Run - 47.0 Somerset-Olde Creek
Dowden Terrace,Week4,Sideburn Run,Week5,204.0 Dowden Terrace - 198.0 Sideburn Run
Dowden Terrace,Week1,Dunn Loring,Week3,290.0 Dunn Loring - 112.0 Dowden Terrace
Dowden Terrace,Week4,Dowden Terrace,Week5,226.0 Dowden Terrace (DT2) - 176.0 Dowden Terrace (DT1)
Donaldson Run,Week4,Rolling Valley,Week2,356.0 Donaldson Run - 46.0 Rolling Valley
Dowden Terrace,Week5,Sideburn Run,Week2,248.0 Dowden Terrace - 154.0 Sideburn Run
Donaldson Run,Week2,Rolling Valley,Week3,321.0 Donaldson Run - 81.0 Rolling Valley
Donaldson Run,Week4,Somerset-Olde Creek,Week4,360.0 Donaldson Run - 42.0 Somerset-Olde Creek
Donaldson Run,Week5,Somerset-Olde Creek,Week1,361.0 Donaldson Run - 40.0 Somerset-Olde Creek
Dowden Terrace,Week2,Sleepy Hollow B & R,Week1,202.0 Sleepy Hollow B & R - 200.0 Dowden Terrace
Donaldson Run,Week5,Somerset-Olde Creek,Week4,368.0 Donaldson Run - 34.0 Somerset-Olde Creek
Donaldson Run,Week5,Rolling Valley,Week1,373.0 Donaldson Run - 29.0 Rolling Valley
Dowden Terrace,Week3,Sideburn Run,Week4,217.0 Sideburn Run - 185.0 Dowden Terrace
Donaldson Run,Week4,Somerset-Olde Creek,Week5,346.0 Donaldson Run - 56.0 Somerset-Olde Creek
Dowden Terrace,Week1,Dunn Loring,Week5,282.0 Dunn Loring - 119.0 Dowden Terrace
Dowden Terrace,Week5,Greenbriar,Week2,210.0 Dowden Terrace - 192.0 Greenbriar
Dowden Terrace,Week2,Dunn Loring,Week1,237.0 Dunn Loring - 160.0 Dowden Terrace
Donaldson Run,Week1,South Run,Week5,258.0 Donaldson Run - 144.0 South Run
Donaldson Run,Week1,South Run,Week3,283.0 Donaldson Run - 119.0 South Run
Dowden Terrace,Week3,Dunn Loring,Week1,257.0 Dunn Loring - 145.0 Dowden Terrace
Dowden Terrace,Week2,Sleepy Hollow B & R,Week2,216.0 Sleepy Hollow B & R - 186.0 Dowden Terrace
Dowden Terrace,Week1,Hamlet,Week1,281.0 Hamlet - 117.0 Dowden Terrace
Donaldson Run,Week1,South Run,Week2,277.0 Donaldson Run - 125.0 South Run
Dowden Terrace,Week2,Dunn Loring,Week4,281.0 Dunn Loring - 121.0 Dowden Terrace
Dowden Terrace,Week2,Hamlet,Week1,277.0 Hamlet - 120.0 Dowden Terrace
Dowden Terrace,Week1,Dunn Loring,Week4,283.0 Dunn Loring - 118.0 Dowden Terrace
Dowden Terrace,Week4,Greenbriar,Week3,208.0 Greenbriar - 194.0 Dowden Terrace
Dowden Terrace,Week3,Sideburn Run,Week3,217.0 Sideburn Run - 185.0 Dowden Terrace
Dowden Terrace,Week1,Dunn Loring,Week2,280.0 Dunn Loring - 122.0 Dowden Terrace
Dowden Terrace,Week4,Sideburn Run,Week1,202.0 Dowden Terrace - 200.0 Sideburn Run
Dowden Terrace,Week5,Sideburn Run,Week5,220.0 Dowden Terrace - 182.0 Sideburn Run
Dowden Terrace,Week4,Greenbriar,Week2,211.0 Greenbriar - 191.0 Dowden Terrace
Dowden Terrace,Week1,Hamlet,Week4,282.0 Hamlet - 120.0 Dowden Terrace
Donaldson Run,Week2,South Run,Week2,291.0 Donaldson Run - 111.0 South Run
Donaldson Run,Week2,South Run,Week1,269.0 Donaldson Run - 124.0 South Run
Dowden Terrace,Week2,Sleepy Hollow B & R,Week3,214.0 Sleepy Hollow B & R - 188.0 Dowden Terrace
Donaldson Run,Week5,Somerset-Olde Creek,Week3,362.0 Donaldson Run - 35.0 Somerset-Olde Creek
Dowden Terrace,Week5,Dunn Loring,Week4,235.0 Dunn Loring - 167.0 Dowden Terrace
Dowden Terrace,Week5,Dunn Loring,Week5,249.0 Dunn Loring - 153.0 Dowden Terrace
Dowden Terrace,Week3,Sideburn Run,Week5,230.0 Sideburn Run - 172.0 Dowden Terrace
Dowden Terrace,Week4,Dunn Loring,Week1,224.5 Dunn Loring - 177.5 Dowden Terrace
Dowden Terrace,Week3,Hamlet,Week3,301.0 Hamlet - 101.0 Dowden Terrace
Dowden Terrace,Week5,Fair Oaks ,Week4,230.0 Dowden Terrace - 172.0 Fair Oaks
Dowden Terrace,Week4,Dunn Loring,Week4,263.0 Dunn Loring - 139.0 Dowden Terrace
Dowden Terrace,Week2,Greenbriar,Week4,201.0 Dowden Terrace - 201.0 Greenbriar
Dowden Terrace,Week3,Sleepy Hollow B & R,Week2,231.0 Sleepy Hollow B & R - 171.0 Dowden Terrace
Donaldson Run,Week2,South Run,Week5,268.5 Donaldson Run - 133.5 South Run
Dowden Terrace,Week2,Fair Oaks ,Week1,206.0 Fair Oaks - 196.0 Dowden Terrace
Dowden Terrace,Week3,Greenbriar,Week3,226.0 Greenbriar - 176.0 Dowden Terrace
Dowden Terrace,Week2,Sleepy Hollow B & R,Week5,267.0 Sleepy Hollow B & R - 135.0 Dowden Terrace
Dowden Terrace,Week2,Greenbriar,Week5,219.0 Greenbriar - 183.0 Dowden Terrace
Dowden Terrace,Week5,Sideburn Run,Week1,220.0 Dowden Terrace - 182.0 Sideburn Run
Donaldson Run,Week3,South Run,Week3,289.5 Donaldson Run - 112.5 South Run
Donaldson Run,Week3,South Run,Week2,287.0 Donaldson Run - 115.0 South Run
Dowden Terrace,Week2,Hamlet,Week2,293.0 Hamlet - 109.0 Dowden Terrace
Donaldson Run,Week2,South Run,Week4,296.0 Donaldson Run - 106.0 South Run
Dowden Terrace,Week2,Sleepy Hollow B & R,Week4,240.0 Sleepy Hollow B & R - 162.0 Dowden Terrace
Dowden Terrace,Week5,Sideburn Run,Week4,226.0 Dowden Terrace - 176.0 Sideburn Run
Dowden Terrace,Week3,Sideburn Run,Week2,204.0 Sideburn Run - 198.0 Dowden Terrace
Dowden Terrace,Week3,Sleepy Hollow B & R,Week1,218.5 Sleepy Hollow B & R - 183.5 Dowden Terrace
Dowden Terrace,Week2,Hamlet,Week4,269.0 Hamlet - 133.0 Dowden Terrace
Dowden Terrace,Week3,Greenbriar,Week4,203.0 Dowden Terrace - 199.0 Greenbriar
Donaldson Run,Week2,Village West,Week2,326.0 Donaldson Run - 76.0 Village West
Dowden Terrace,Week2,Fair Oaks ,Week3,215.0 Fair Oaks - 187.0 Dowden Terrace
Donaldson Run,Week3,South Run,Week1,270.0 Donaldson Run - 123.0 South Run
Donaldson Run,Week2,South Run,Week3,288.0 Donaldson Run - 114.0 South Run
Dowden Terrace,Week4,Fair Oaks ,Week5,220.0 Fair Oaks - 182.0 Dowden Terrace
Donaldson Run,Week1,South Run,Week4,288.0 Donaldson Run - 114.0 South Run
Dowden Terrace,Week5,Dunn Loring,Week2,245.5 Dunn Loring - 156.5 Dowden Terrace
Dowden Terrace,Week2,Greenbriar,Week3,212.0 Greenbriar - 190.0 Dowden Terrace
Dowden Terrace,Week5,Sleepy Hollow Rec,Week2,288.0 Dowden Terrace - 114.0 Sleepy Hollow Rec
Donaldson Run,Week1,Virginia Hills,Week5,350.0 Donaldson Run - 52.0 Virginia Hills
Dowden Terrace,Week2,Fair Oaks ,Week5,228.0 Fair Oaks - 174.0 Dowden Terrace
Dowden Terrace,Week3,Hayfield Farm,Week1,213.0 Hayfield Farm - 189.0 Dowden Terrace
Donaldson Run,Week2,Village West,Week3,305.0 Donaldson Run - 97.0 Village West
Dowden Terrace,Week3,Hamlet,Week2,306.0 Hamlet - 96.0 Dowden Terrace
Dowden Terrace,Week1,Fair Oaks ,Week5,234.0 Fair Oaks - 167.0 Dowden Terrace
Dowden Terrace,Week3,Sleepy Hollow Rec,Week3,235.0 Dowden Terrace - 167.0 Sleepy Hollow Rec
Dowden Terrace,Week2,Hamlet,Week5,311.0 Hamlet - 91.0 Dowden Terrace
Dowden Terrace,Week2,Sleepy Hollow Rec,Week1,252.0 Dowden Terrace - 145.0 Sleepy Hollow Rec
Dowden Terrace,Week1,Fair Oaks ,Week4,206.0 Fair Oaks - 195.0 Dowden Terrace
Dowden Terrace,Week3,Fair Oaks ,Week2,206.0 Dowden Terrace - 196.0 Fair Oaks
Dowden Terrace,Week2,Sleepy Hollow Rec,Week2,253.0 Dowden Terrace - 149.0 Sleepy Hollow Rec
Dowden Terrace,Week4,Sleepy Hollow Rec,Week4,274.0 Dowden Terrace - 128.0 Sleepy Hollow Rec
Donaldson Run,Week3,Village West,Week4,320.0 Donaldson Run - 77.0 Village West
Dowden Terrace,Week1,Sleepy Hollow Rec,Week4,250.0 Dowden Terrace - 152.0 Sleepy Hollow Rec
Dowden Terrace,Week1,Fair Oaks ,Week1,211.0 Fair Oaks - 191.0 Dowden Terrace
Dowden Terrace,Week5,Greenbriar,Week3,227.0 Dowden Terrace - 175.0 Greenbriar
Dowden Terrace,Week5,Dunn Loring,Week1,202.0 Dowden Terrace - 200.0 Dunn Loring
Dowden Terrace,Week2,Sleepy Hollow Rec,Week4,267.0 Dowden Terrace - 135.0 Sleepy Hollow Rec
Dowden Terrace,Week4,Sleepy Hollow Rec,Week2,265.0 Dowden Terrace - 137.0 Sleepy Hollow Rec
Dowden Terrace,Week3,Greenbriar,Week1,210.0 Greenbriar - 192.0 Dowden Terrace
Dowden Terrace,Week2,Fair Oaks ,Week4,212.0 Fair Oaks - 190.0 Dowden Terrace
Dowden Terrace,Week3,Sleepy Hollow Rec,Week1,247.5 Dowden Terrace - 154.5 Sleepy Hollow Rec
Donaldson Run,Week1,Virginia Hills,Week2,379.0 Donaldson Run - 23.0 Virginia Hills
Dowden Terrace,Week4,Greenbriar,Week1,210.0 Dowden Terrace - 192.0 Greenbriar
Dowden Terrace,Week4,Greenbriar,Week5,203.0 Greenbriar - 199.0 Dowden Terrace
Dowden Terrace,Week5,Greenbriar,Week5,220.0 Dowden Terrace - 182.0 Greenbriar
Donaldson Run,Week2,Virginia Hills,Week2,373.0 Donaldson Run - 29.0 Virginia Hills
Dowden Terrace,Week5,Sleepy Hollow B & R,Week2,201.0 Dowden Terrace - 201.0 Sleepy Hollow B & R
Dowden Terrace,Week4,Fair Oaks ,Week2,224.5 Dowden Terrace - 177.5 Fair Oaks
Dowden Terrace,Week2,Hayfield Farm,Week2,206.0 Dowden Terrace - 196.0 Hayfield Farm
Dowden Terrace,Week2,Fair Oaks ,Week2,226.0 Dowden Terrace - 176.0 Fair Oaks
Dowden Terrace,Week5,Greenbriar,Week1,227.0 Dowden Terrace - 175.0 Greenbriar
Dowden Terrace,Week1,Fair Oaks ,Week3,228.0 Fair Oaks - 174.0 Dowden Terrace
Dowden Terrace,Week3,Hayfield Farm,Week2,204.0 Hayfield Farm - 198.0 Dowden Terrace
Donaldson Run,Week3,Village West,Week3,313.0 Donaldson Run - 89.0 Village West
Donaldson Run,Week2,Village West,Week1,325.0 Donaldson Run - 77.0 Village West
Donaldson Run,Week3,Virginia Hills,Week3,378.0 Donaldson Run - 24.0 Virginia Hills
Dowden Terrace,Week3,Sleepy Hollow Rec,Week5,252.0 Dowden Terrace - 150.0 Sleepy Hollow Rec
Donaldson Run,Week5,Village West,Week1,341.0 Donaldson Run - 61.0 Village West
Donaldson Run,Week3,Village West,Week1,330.0 Donaldson Run - 72.0 Village West
Dowden Terrace,Week5,Sleepy Hollow B & R,Week5,214.0 Sleepy Hollow B & R - 188.0 Dowden Terrace
Dowden Terrace,Week2,Hamlet,Week3,291.0 Hamlet - 111.0 Dowden Terrace
Dowden Terrace,Week1,Fair Oaks ,Week2,225.0 Dowden Terrace - 176.0 Fair Oaks
Donaldson Run,Week2,Virginia Hills,Week3,375.0 Donaldson Run - 27.0 Virginia Hills
Dowden Terrace,Week4,Dunn Loring,Week5,273.0 Dunn Loring - 129.0 Dowden Terrace
Donaldson Run,Week4,Village West,Week3,314.0 Donaldson Run - 88.0 Village West
Dowden Terrace,Week4,Sleepy Hollow B & R,Week5,243.0 Sleepy Hollow B & R - 159.0 Dowden Terrace
Dowden Terrace,Week3,Fair Oaks ,Week3,228.0 Fair Oaks - 174.0 Dowden Terrace
Dowden Terrace,Week5,Hamlet,Week5,267.0 Hamlet - 135.0 Dowden Terrace
Dowden Terrace,Week5,Sleepy Hollow B & R,Week3,203.0 Sleepy Hollow B & R - 199.0 Dowden Terrace
Donaldson Run,Week4,Virginia Hills,Week3,373.0 Donaldson Run - 29.0 Virginia Hills
Dowden Terrace,Week3,Fair Oaks ,Week5,237.0 Fair Oaks - 165.0 Dowden Terrace
Dowden Terrace,Week1,Hayfield Farm,Week5,212.0 Hayfield Farm - 190.0 Dowden Terrace
Dowden Terrace,Week4,Hayfield Farm,Week5,205.5 Dowden Terrace - 196.5 Hayfield Farm
Donaldson Run,Week4,Virginia Hills,Week5,365.5 Donaldson Run - 35.5 Virginia Hills
Dowden Terrace,Week5,Hayfield Farm,Week1,260.0 Dowden Terrace - 142.0 Hayfield Farm
Dowden Terrace,Week3,Sleepy Hollow B & R,Week4,254.0 Sleepy Hollow B & R - 148.0 Dowden Terrace
Dowden Terrace,Week4,Sleepy Hollow B & R,Week3,220.0 Sleepy Hollow B & R - 182.0 Dowden Terrace
Dowden Terrace,Week4,Fair Oaks ,Week1,214.5 Dowden Terrace - 187.5 Fair Oaks
Dowden Terrace,Week5,Hamlet,Week2,257.0 Hamlet - 145.0 Dowden Terrace
Donaldson Run,Week2,Village West,Week5,318.0 Donaldson Run - 84.0 Village West
Donaldson Run,Week4,Village West,Week2,321.0 Donaldson Run - 81.0 Village West
Dowden Terrace,Week3,Sleepy Hollow B & R,Week5,266.0 Sleepy Hollow B & R - 136.0 Dowden Terrace
Dowden Terrace,Week3,Fair Oaks ,Week4,210.0 Fair Oaks - 192.0 Dowden Terrace
Dowden Terrace,Week1,Sleepy Hollow Rec,Week5,244.0 Dowden Terrace - 157.0 Sleepy Hollow Rec
Dowden Terrace,Week1,Sleepy Hollow Rec,Week2,242.0 Dowden Terrace - 159.0 Sleepy Hollow Rec
Donaldson Run,Week3,Village West,Week5,324.0 Donaldson Run - 78.0 Village West
Dowden Terrace,Week5,Sleepy Hollow B & R,Week4,208.0 Sleepy Hollow B & R - 194.0 Dowden Terrace
Dowden Terrace,Week5,Fairfax,Week3,236.0 Fairfax - 166.0 Dowden Terrace
Dowden Terrace,Week4,Fair Oaks ,Week4,203.0 Dowden Terrace - 199.0 Fair Oaks
Dowden Terrace,Week3,Hamlet,Week5,314.0 Hamlet - 88.0 Dowden Terrace
Dowden Terrace,Week5,Fair Oaks ,Week1,228.0 Dowden Terrace - 174.0 Fair Oaks
Donaldson Run,Week5,Village West,Week4,343.0 Donaldson Run - 54.0 Village West
Dowden Terrace,Week2,Hayfield Farm,Week3,220.0 Hayfield Farm - 182.0 Dowden Terrace
Dowden Terrace,Week2,Fairfax,Week2,269.5 Fairfax - 132.5 Dowden Terrace
Dowden Terrace,Week5,Hamlet,Week4,235.0 Hamlet - 167.0 Dowden Terrace
Donaldson Run,Week5,Village West,Week3,329.0 Donaldson Run - 73.0 Village West
Dowden Terrace,Week4,Sleepy Hollow B & R,Week1,204.0 Sleepy Hollow B & R - 198.0 Dowden Terrace
Donaldson Run,Week4,Village West,Week5,327.0 Donaldson Run - 75.0 Village West
Dowden Terrace,Week5,Hamlet,Week3,260.0 Hamlet - 142.0 Dowden Terrace
Dowden Terrace,Week5,Dunn Loring,Week3,257.0 Dunn Loring - 145.0 Dowden Terrace
Dowden Terrace,Week4,Sleepy Hollow B & R,Week4,232.0 Sleepy Hollow B & R - 170.0 Dowden Terrace
Dowden Terrace,Week5,Fair Oaks ,Week3,216.0 Dowden Terrace - 186.0 Fair Oaks
Dowden Terrace,Week2,Hayfield Farm,Week1,202.0 Dowden Terrace - 200.0 Hayfield Farm
Donaldson Run,Week2,Village West,Week4,314.0 Donaldson Run - 83.0 Village West
Dowden Terrace,Week3,Sleepy Hollow B & R,Week3,240.0 Sleepy Hollow B & R - 162.0 Dowden Terrace
Dowden Terrace,Week1,Sleepy Hollow Rec,Week3,233.0 Dowden Terrace - 169.0 Sleepy Hollow Rec
Donaldson Run,Week5,Village West,Week5,340.5 Donaldson Run - 61.5 Village West
Dowden Terrace,Week5,Sleepy Hollow B & R,Week1,211.0 Dowden Terrace - 191.0 Sleepy Hollow B & R
Donaldson Run,Week1,Virginia Hills,Week3,380.0 Donaldson Run - 22.0 Virginia Hills
Donaldson Run,Week5,Village West,Week2,339.0 Donaldson Run - 63.0 Village West
Dowden Terrace,Week5,Fair Oaks ,Week2,253.0 Dowden Terrace - 149.0 Fair Oaks
Dowden Terrace,Week4,Fair Oaks ,Week3,210.0 Fair Oaks - 192.0 Dowden Terrace
Dowden Terrace,Week4,Hamlet,Week2,281.0 Hamlet - 121.0 Dowden Terrace
Dowden Terrace,Week4,Hamlet,Week4,263.5 Hamlet - 138.5 Dowden Terrace
Dowden Terrace,Week1,Hayfield Farm,Week3,226.0 Hayfield Farm - 176.0 Dowden Terrace
Dowden Terrace,Week3,Fair Oaks ,Week1,211.0 Fair Oaks - 191.0 Dowden Terrace
Donaldson Run,Week1,Virginia Hills,Week1,373.0 Donaldson Run - 29.0 Virginia Hills
Dowden Terrace,Week2,Woodley,Week4,281.0 Dowden Terrace - 121.0 Woodley
Dunn Loring,Week1,Annandale,Week3,304.0 Dunn Loring - 98.0 Annandale
Donaldson Run,Week2,Virginia Hills,Week1,368.0 Donaldson Run - 34.0 Virginia Hills
Dowden Terrace,Week2,Woodley,Week3,278.0 Dowden Terrace - 124.0 Woodley
Dowden Terrace,Week2,Hayfield Farm,Week4,204.0 Hayfield Farm - 198.0 Dowden Terrace
Donaldson Run,Week1,Virginia Hills,Week4,380.0 Donaldson Run - 22.0 Virginia Hills
Dowden Terrace,Week1,Fairfax Club Estates,Week2,241.0 Dowden Terrace - 157.0 Fairfax Club Estates
Dowden Terrace,Week5,Fair Oaks ,Week5,207.0 Dowden Terrace - 195.0 Fair Oaks
Dowden Terrace,Week3,Sleepy Hollow Rec,Week4,278.0 Dowden Terrace - 124.0 Sleepy Hollow Rec
Dowden Terrace,Week1,Hayfield Farm,Week4,210.5 Hayfield Farm - 191.5 Dowden Terrace
Donaldson Run,Week2,Virginia Hills,Week4,373.0 Donaldson Run - 29.0 Virginia Hills
Dowden Terrace,Week2,Sleepy Hollow Rec,Week3,245.0 Dowden Terrace - 157.0 Sleepy Hollow Rec
Dowden Terrace,Week1,Fairfax,Week1,257.0 Fairfax - 145.0 Dowden Terrace
Dowden Terrace,Week1,Hayfield Farm,Week1,212.0 Hayfield Farm - 190.0 Dowden Terrace
Dowden Terrace,Week1,Sleepy Hollow Rec,Week1,249.0 Dowden Terrace - 153.0 Sleepy Hollow Rec
Dowden Terrace,Week1,Fairfax,Week2,277.5 Fairfax - 124.5 Dowden Terrace
Donaldson Run,Week2,Virginia Hills,Week5,348.0 Donaldson Run - 54.0 Virginia Hills
Dowden Terrace,Week4,Sleepy Hollow Rec,Week3,244.0 Dowden Terrace - 158.0 Sleepy Hollow Rec
Dowden Terrace,Week5,Woodley,Week1,308.0 Dowden Terrace - 94.0 Woodley
Donaldson Run,Week4,Village West,Week1,323.0 Donaldson Run - 79.0 Village West
Dowden Terrace,Week4,Sleepy Hollow B & R,Week2,214.0 Sleepy Hollow B & R - 188.0 Dowden Terrace
Dowden Terrace,Week1,Hayfield Farm,Week2,206.0 Hayfield Farm - 196.0 Dowden Terrace
Dunn Loring,Week1,Annandale,Week1,317.0 Dunn Loring - 85.0 Annandale
Donaldson Run,Week4,Village West,Week4,326.0 Donaldson Run - 71.0 Village West
Donaldson Run,Week3,Virginia Hills,Week2,375.0 Donaldson Run - 27.0 Virginia Hills
Dowden Terrace,Week5,Hamlet,Week1,241.0 Hamlet - 161.0 Dowden Terrace
Dunn Loring,Week2,Annandale,Week3,333.0 Dunn Loring - 69.0 Annandale
Dowden Terrace,Week2,Hayfield Farm,Week5,208.0 Dowden Terrace - 194.0 Hayfield Farm
Dowden Terrace,Week3,Sleepy Hollow Rec,Week2,238.0 Dowden Terrace - 164.0 Sleepy Hollow Rec
Dowden Terrace,Week1,Fairfax Club Estates,Week3,236.0 Dowden Terrace - 162.0 Fairfax Club Estates
Dunn Loring,Week2,Annandale,Week5,329.5 Dunn Loring - 72.5 Annandale
Dowden Terrace,Week3,Hayfield Farm,Week5,204.0 Hayfield Farm - 198.0 Dowden Terrace
Dowden Terrace,Week4,Woodley,Week3,275.0 Dowden Terrace - 127.0 Woodley
Dowden Terrace,Week4,Hamlet,Week3,273.0 Hamlet - 129.0 Dowden Terrace
Donaldson Run,Week3,Virginia Hills,Week1,375.0 Donaldson Run - 27.0 Virginia Hills
Dowden Terrace,Week4,Sleepy Hollow Rec,Week5,240.0 Dowden Terrace - 162.0 Sleepy Hollow Rec
Dowden Terrace,Week4,Sleepy Hollow Rec,Week1,259.0 Dowden Terrace - 143.0 Sleepy Hollow Rec
Dowden Terrace,Week2,Sleepy Hollow Rec,Week5,244.0 Dowden Terrace - 158.0 Sleepy Hollow Rec
Dowden Terrace,Week3,Fairfax,Week2,295.0 Fairfax - 107.0 Dowden Terrace
Dowden Terrace,Week3,Hayfield Farm,Week4,215.0 Hayfield Farm - 187.0 Dowden Terrace
Dowden Terrace,Week2,Fairfax Club Estates,Week2,240.0 Dowden Terrace - 162.0 Fairfax Club Estates
Dowden Terrace,Week4,Hamlet,Week5,291.0 Hamlet - 111.0 Dowden Terrace
Dowden Terrace,Week1,Fairfax Club Estates,Week5,219.0 Dowden Terrace - 169.0 Fairfax Club Estates
Donaldson Run,Week3,Village West,Week2,331.0 Donaldson Run - 71.0 Village West
Dowden Terrace,Week5,Sleepy Hollow Rec,Week1,286.5 Dowden Terrace - 115.5 Sleepy Hollow Rec
Dowden Terrace,Week4,Fairfax,Week2,255.0 Fairfax - 147.0 Dowden Terrace
Dowden Terrace,Week2,Fairfax,Week5,289.0 Fairfax - 113.0 Dowden Terrace
Dowden Terrace,Week3,Woodley,Week3,279.0 Dowden Terrace - 123.0 Woodley
Dowden Terrace,Week3,Woodley,Week2,283.0 Dowden Terrace - 119.0 Woodley
Donaldson Run,Week4,Virginia Hills,Week1,371.0 Donaldson Run - 31.0 Virginia Hills
Donaldson Run,Week4,Virginia Hills,Week2,371.0 Donaldson Run - 31.0 Virginia Hills
Donaldson Run,Week3,Virginia Hills,Week5,362.0 Donaldson Run - 40.0 Virginia Hills
Dowden Terrace,Week3,Hayfield Farm,Week3,226.0 Hayfield Farm - 176.0 Dowden Terrace
Dowden Terrace,Week4,Hayfield Farm,Week1,219.0 Dowden Terrace - 183.0 Hayfield Farm
Dowden Terrace,Week4,Fairfax,Week4,246.0 Fairfax - 156.0 Dowden Terrace
Dowden Terrace,Week5,Somerset-Olde Creek,Week5,315.0 Dowden Terrace - 87.0 Somerset-Olde Creek
Dowden Terrace,Week3,Somerset-Olde Creek,Week5,299.0 Dowden Terrace - 103.0 Somerset-Olde Creek
Dowden Terrace,Week5,Somerset-Olde Creek,Week1,332.0 Dowden Terrace - 70.0 Somerset-Olde Creek
Dowden Terrace,Week3,Fairfax,Week5,302.0 Fairfax - 100.0 Dowden Terrace
Dowden Terrace,Week4,Hamlet,Week1,260.0 Hamlet - 142.0 Dowden Terrace
Dowden Terrace,Week4,Fairfax,Week1,235.0 Fairfax - 167.0 Dowden Terrace
Dowden Terrace,Week4,Hayfield Farm,Week2,213.3 Dowden Terrace - 188.7 Hayfield Farm
Dowden Terrace,Week5,Somerset-Olde Creek,Week2,342.0 Dowden Terrace - 60.0 Somerset-Olde Creek
Dowden Terrace,Week3,Woodley,Week1,271.0 Dowden Terrace - 131.0 Woodley
Dowden Terrace,Week4,Woodley,Week4,286.0 Dowden Terrace - 116.0 Woodley
Donaldson Run,Week3,Virginia Hills,Week4,381.0 Donaldson Run - 21.0 Virginia Hills
Dowden Terrace,Week3,Somerset-Olde Creek,Week1,304.0 Dowden Terrace - 98.0 Somerset-Olde Creek
Donaldson Run,Week5,Virginia Hills,Week4,387.5 Donaldson Run - 14.5 Virginia Hills
Donaldson Run,Week1,Virginia Run,Week4,264.0 Donaldson Run - 138.0 Virginia Run
Dowden Terrace,Week1,Somerset-Olde Creek,Week1,302.0 Dowden Terrace - 96.0 Somerset-Olde Creek
Dowden Terrace,Week4,Woodley,Week2,291.0 Dowden Terrace - 111.0 Woodley
Dowden Terrace,Week1,Fairfax,Week5,299.0 Fairfax - 99.0 Dowden Terrace
Dowden Terrace,Week5,Sleepy Hollow Rec,Week4,292.0 Dowden Terrace - 110.0 Sleepy Hollow Rec
Dowden Terrace,Week3,Woodley,Week5,270.0 Dowden Terrace - 132.0 Woodley
Dunn Loring,Week1,Annandale,Week2,297.0 Dunn Loring - 105.0 Annandale
Dowden Terrace,Week1,South Run,Week1,209.0 Dowden Terrace - 180.0 South Run
Dunn Loring,Week1,Annandale,Week4,329.0 Dunn Loring - 73.0 Annandale
Dowden Terrace,Week5,Sleepy Hollow Rec,Week5,267.0 Dowden Terrace - 135.0 Sleepy Hollow Rec
Dowden Terrace,Week1,Fairfax,Week4,273.0 Fairfax - 125.0 Dowden Terrace
Dowden Terrace,Week4,Woodley,Week5,272.0 Dowden Terrace - 130.0 Woodley
Dowden Terrace,Week2,Somerset-Olde Creek,Week2,319.0 Dowden Terrace - 73.0 Somerset-Olde Creek
Donaldson Run,Week1,Virginia Run,Week5,233.0 Donaldson Run - 169.0 Virginia Run
Dowden Terrace,Week3,Fairfax Station,Week4,280.0 Fairfax Station - 122.0 Dowden Terrace
Dowden Terrace,Week4,Fairfax,Week3,250.0 Fairfax - 152.0 Dowden Terrace
Dowden Terrace,Week3,Fairfax,Week3,275.0 Fairfax - 127.0 Dowden Terrace
Donaldson Run,Week1,Virginia Run,Week3,256.0 Donaldson Run - 146.0 Virginia Run
Donaldson Run,Week4,Virginia Hills,Week4,380.0 Donaldson Run - 22.0 Virginia Hills
Donaldson Run,Week2,Virginia Run,Week2,280.0 Donaldson Run - 122.0 Virginia Run
Dowden Terrace,Week2,Fairfax,Week3,266.5 Fairfax - 135.5 Dowden Terrace
Dowden Terrace,Week4,Hayfield Farm,Week3,208.0 Hayfield Farm - 194.0 Dowden Terrace
Dowden Terrace,Week5,Fairfax Station,Week4,240.0 Fairfax Station - 162.0 Dowden Terrace
Dowden Terrace,Week2,Fairfax Station,Week5,279.0 Fairfax Station - 123.0 Dowden Terrace
Dowden Terrace,Week1,Fairfax,Week3,283.0 Fairfax - 115.0 Dowden Terrace
Dowden Terrace,Week4,Hayfield Farm,Week4,204.0 Dowden Terrace - 198.0 Hayfield Farm
Dowden Terrace,Week3,Fairfax Station,Week3,283.0 Fairfax Station - 119.0 Dowden Terrace
Dowden Terrace,Week2,Fairfax,Week4,264.0 Fairfax - 138.0 Dowden Terrace
Donaldson Run,Week5,Virginia Hills,Week2,385.0 Donaldson Run - 17.0 Virginia Hills
Dowden Terrace,Week4,Fairfax Station,Week3,276.0 Fairfax Station - 126.0 Dowden Terrace
Dunn Loring,Week2,Annandale,Week1,340.0 Dunn Loring - 62.0 Annandale
Dowden Terrace,Week5,Woodley,Week4,311.0 Dowden Terrace - 91.0 Woodley
Dowden Terrace,Week2,Woodley,Week5,282.0 Dowden Terrace - 120.0 Woodley
Dowden Terrace,Week2,Somerset-Olde Creek,Week5,286.0 Dowden Terrace - 116.0 Somerset-Olde Creek
Dunn Loring,Week1,Annandale,Week5,302.0 Dunn Loring - 100.0 Annandale
Dowden Terrace,Week2,Somerset-Olde Creek,Week1,310.0 Dowden Terrace - 87.0 Somerset-Olde Creek
Dowden Terrace,Week3,Fairfax,Week1,264.0 Fairfax - 138.0 Dowden Terrace
Donaldson Run,Week2,Virginia Run,Week1,259.0 Donaldson Run - 143.0 Virginia Run
Dowden Terrace,Week5,Woodley,Week3,304.0 Dowden Terrace - 98.0 Woodley
Dowden Terrace,Week5,Fairfax Station,Week5,271.0 Fairfax Station - 131.0 Dowden Terrace
Donaldson Run,Week3,Virginia Run,Week1,252.0 Donaldson Run - 150.0 Virginia Run
Dowden Terrace,Week4,Fairfax,Week5,269.0 Fairfax - 133.0 Dowden Terrace
Dowden Terrace,Week4,Somerset-Olde Creek,Week1,311.0 Dowden Terrace - 86.0 Somerset-Olde Creek
Dowden Terrace,Week2,Fairfax Station,Week3,273.0 Fairfax Station - 129.0 Dowden Terrace
Dowden Terrace,Week3,Fairfax,Week4,278.0 Fairfax - 124.0 Dowden Terrace
Dowden Terrace,Week2,Fairfax Station,Week2,265.0 Fairfax Station - 137.0 Dowden Terrace
Dowden Terrace,Week5,Fairfax Station,Week2,243.0 Fairfax Station - 159.0 Dowden Terrace
Donaldson Run,Week1,Virginia Run,Week2,257.0 Donaldson Run - 145.0 Virginia Run
Dowden Terrace,Week3,Somerset-Olde Creek,Week2,332.0 Dowden Terrace - 70.0 Somerset-Olde Creek
Dowden Terrace,Week3,Somerset-Olde Creek,Week4,313.0 Dowden Terrace - 89.0 Somerset-Olde Creek
Dowden Terrace,Week4,Woodley,Week1,282.0 Dowden Terrace - 120.0 Woodley
Dowden Terrace,Week2,Forest Hollow,Week5,224.0 Forest Hollow - 178.0 Dowden Terrace
Dowden Terrace,Week5,Fairfax,Week2,229.0 Fairfax - 173.0 Dowden Terrace
Dowden Terrace,Week5,Fairfax,Week5,246.5 Fairfax - 155.5 Dowden Terrace
Dowden Terrace,Week5,Woodley,Week2,301.0 Dowden Terrace - 101.0 Woodley
Dowden Terrace,Week3,Woodley,Week4,276.0 Dowden Terrace - 126.0 Woodley
Dowden Terrace,Week5,Woodley,Week5,293.0 Dowden Terrace - 109.0 Woodley
Dowden Terrace,Week3,Fairfax Station,Week1,264.0 Fairfax Station - 138.0 Dowden Terrace
Dowden Terrace,Week1,Somerset-Olde Creek,Week4,308.0 Dowden Terrace - 85.0 Somerset-Olde Creek
Dowden Terrace,Week2,Somerset-Olde Creek,Week4,304.0 Dowden Terrace - 98.0 Somerset-Olde Creek
Donaldson Run,Week3,Virginia Run,Week2,277.0 Donaldson Run - 125.0 Virginia Run
Dowden Terrace,Week5,Fairfax,Week4,210.0 Fairfax - 192.0 Dowden Terrace
Donaldson Run,Week3,Virginia Run,Week3,266.0 Donaldson Run - 136.0 Virginia Run
Dowden Terrace,Week4,Somerset-Olde Creek,Week2,330.0 Dowden Terrace - 67.0 Somerset-Olde Creek
Dowden Terrace,Week5,Fairfax,Week1,210.0 Fairfax - 192.0 Dowden Terrace
Dowden Terrace,Week1,Forest Hollow,Week1,234.0 Forest Hollow - 168.0 Dowden Terrace
Dowden Terrace,Week1,Fairfax Club Estates,Week1,219.0 Dowden Terrace - 182.0 Fairfax Club Estates
Dowden Terrace,Week1,Somerset-Olde Creek,Week3,304.0 Dowden Terrace - 94.0 Somerset-Olde Creek
Dowden Terrace,Week1,Somerset-Olde Creek,Week5,284.0 Dowden Terrace - 114.0 Somerset-Olde Creek
Dowden Terrace,Week2,Fairfax,Week1,251.0 Fairfax - 151.0 Dowden Terrace
Dunn Loring,Week2,Annandale,Week4,361.0 Dunn Loring - 41.0 Annandale
Donaldson Run,Week5,Virginia Hills,Week1,382.0 Donaldson Run - 20.0 Virginia Hills
Donaldson Run,Week3,Virginia Run,Week4,272.0 Donaldson Run - 130.0 Virginia Run
Dowden Terrace,Week4,Fairfax Station,Week5,286.0 Fairfax Station - 116.0 Dowden Terrace
Dunn Loring,Week2,Annandale,Week2,337.5 Dunn Loring - 64.5 Annandale
Dowden Terrace,Week5,Fairfax Station,Week3,252.0 Fairfax Station - 150.0 Dowden Terrace
Donaldson Run,Week3,Virginia Run,Week5,250.0 Donaldson Run - 152.0 Virginia Run
Donaldson Run,Week2,Virginia Run,Week5,261.0 Donaldson Run - 141.0 Virginia Run
Dowden Terrace,Week2,Fairfax Club Estates,Week3,244.0 Dowden Terrace - 158.0 Fairfax Club Estates
Dowden Terrace,Week4,Somerset-Olde Creek,Week4,316.0 Dowden Terrace - 86.0 Somerset-Olde Creek
Dowden Terrace,Week1,Somerset-Olde Creek,Week2,318.0 Dowden Terrace - 80.0 Somerset-Olde Creek
Donaldson Run,Week5,Virginia Hills,Week5,366.5 Donaldson Run - 30.5 Virginia Hills
Dowden Terrace,Week1,Forest Hollow,Week2,212.0 Forest Hollow - 190.0 Dowden Terrace
Dunn Loring,Week2,Arlington Forest,Week1,291.0 Dunn Loring - 111.0 Arlington Forest
Dowden Terrace,Week2,Fairfax Club Estates,Week1,240.0 Dowden Terrace - 162.0 Fairfax Club Estates
Dowden Terrace,Week3,Forest Hollow,Week1,241.0 Forest Hollow - 161.0 Dowden Terrace
Dunn Loring,Week3,Arlington Forest,Week3,304.0 Dunn Loring - 98.0 Arlington Forest
Donaldson Run,Week2,Virginia Run,Week3,275.0 Donaldson Run - 127.0 Virginia Run
Dowden Terrace,Week4,Forest Hollow,Week4,204.0 Forest Hollow - 198.0 Dowden Terrace
Donaldson Run,Week2,Virginia Run,Week4,273.0 Donaldson Run - 129.0 Virginia Run
Donaldson Run,Week5,Virginia Hills,Week3,383.0 Donaldson Run - 19.0 Virginia Hills
Dowden Terrace,Week4,Fairfax Club Estates,Week3,252.5 Dowden Terrace - 149.5 Fairfax Club Estates
Dowden Terrace,Week4,Somerset-Olde Creek,Week5,297.0 Dowden Terrace - 105.0 Somerset-Olde Creek
Dowden Terrace,Week5,Somerset-Olde Creek,Week3,335.0 Dowden Terrace - 67.0 Somerset-Olde Creek
Dunn Loring,Week1,Arlington Forest,Week3,265.0 Dunn Loring - 137.0 Arlington Forest
Dowden Terrace,Week5,Forest Hollow,Week4,203.0 Dowden Terrace - 199.0 Forest Hollow
Dunn Loring,Week2,Arlington Forest,Week3,310.0 Dunn Loring - 92.0 Arlington Forest
Dowden Terrace,Week1,Fairfax Club Estates,Week4,226.0 Dowden Terrace - 172.0 Fairfax Club Estates
Dunn Loring,Week4,Arlington Forest,Week2,299.0 Dunn Loring - 103.0 Arlington Forest
Dowden Terrace,Week4,Fairfax Station,Week1,256.0 Fairfax Station - 146.0 Dowden Terrace
Dowden Terrace,Week3,Fairfax Station,Week5,299.0 Fairfax Station - 103.0 Dowden Terrace
Dowden Terrace,Week5,Fairfax Club Estates,Week1,263.0 Dowden Terrace - 139.0 Fairfax Club Estates
Dowden Terrace,Week5,Sleepy Hollow Rec,Week3,256.0 Dowden Terrace - 146.0 Sleepy Hollow Rec
Dunn Loring,Week1,Arlington Forest,Week1,254.0 Dunn Loring - 148.0 Arlington Forest
Donaldson Run,Week4,Virginia Run,Week3,278.0 Donaldson Run - 124.0 Virginia Run
Dunn Loring,Week4,Annandale,Week2,338.0 Dunn Loring - 64.0 Annandale
Dunn Loring,Week1,Lakeview,Week5,304.0 Dunn Loring - 89.0 Lakeview
Dowden Terrace,Week5,Fairfax Club Estates,Week2,271.0 Dowden Terrace - 131.0 Fairfax Club Estates
Dowden Terrace,Week3,Fairfax Club Estates,Week3,255.0 Dowden Terrace - 147.0 Fairfax Club Estates
Dunn Loring,Week3,Arlington Forest,Week1,294.0 Dunn Loring - 108.0 Arlington Forest
Dowden Terrace,Week5,Fairfax Station,Week1,244.0 Fairfax Station - 158.0 Dowden Terrace
Dowden Terrace,Week3,Somerset-Olde Creek,Week3,317.0 Dowden Terrace - 85.0 Somerset-Olde Creek
Dowden Terrace,Week4,Parklawn,Week3,280.0 Dowden Terrace - 122.0 Parklawn
Dowden Terrace,Week4,Fairfax Club Estates,Week4,242.0 Dowden Terrace - 160.0 Fairfax Club Estates
Dowden Terrace,Week4,Somerset-Olde Creek,Week3,315.0 Dowden Terrace - 82.0 Somerset-Olde Creek
Dunn Loring,Week3,Lakeview,Week3,344.0 Dunn Loring - 58.0 Lakeview
Dunn Loring,Week5,Lakevale Estates,Week4,215.0 Lakevale Estates - 187.0 Dunn Loring
Dowden Terrace,Week1,Forest Hollow,Week5,245.0 Forest Hollow - 156.0 Dowden Terrace
Dowden Terrace,Week1,Forest Hollow,Week4,237.0 Forest Hollow - 164.0 Dowden Terrace
Dunn Loring,Week4,Annandale,Week4,361.0 Dunn Loring - 41.0 Annandale
Donaldson Run,Week4,Virginia Run,Week4,274.0 Donaldson Run - 128.0 Virginia Run
Dowden Terrace,Week2,Somerset-Olde Creek,Week3,310.0 Dowden Terrace - 87.0 Somerset-Olde Creek
Donaldson Run,Week4,Virginia Run,Week2,293.0 Donaldson Run - 109.0 Virginia Run
Donaldson Run,Week3,Wakefield Chapel,Week2,202.0 Wakefield Chapel - 200.0 Donaldson Run
Dowden Terrace,Week2,Fairfax Club Estates,Week5,242.0 Dowden Terrace - 159.0 Fairfax Club Estates
Dowden Terrace,Week5,Somerset-Olde Creek,Week4,334.0 Dowden Terrace - 68.0 Somerset-Olde Creek
Dunn Loring,Week1,Lakeview,Week1,319.0 Dunn Loring - 83.0 Lakeview
Donaldson Run,Week4,Virginia Run,Week1,254.0 Donaldson Run - 148.0 Virginia Run
Donaldson Run,Week1,Virginia Run,Week1,241.0 Donaldson Run - 161.0 Virginia Run
Dowden Terrace,Week5,Fairfax Club Estates,Week3,272.5 Dowden Terrace - 129.5 Fairfax Club Estates
Dunn Loring,Week3,Arlington Forest,Week5,255.0 Dunn Loring - 147.0 Arlington Forest
Dowden Terrace,Week2,Fairfax Station,Week4,265.0 Fairfax Station - 137.0 Dowden Terrace
Dowden Terrace,Week2,Burke Station,Week4,277.5 Dowden Terrace - 124.5 Burke Station
Dunn Loring,Week3,Lakeview,Week5,350.0 Dunn Loring - 43.0 Lakeview
Donaldson Run,Week5,Virginia Run,Week4,293.0 Donaldson Run - 109.0 Virginia Run
Dowden Terrace,Week2,Fairfax Club Estates,Week4,233.0 Dowden Terrace - 164.0 Fairfax Club Estates
Dowden Terrace,Week2,Forest Hollow,Week1,228.0 Forest Hollow - 174.0 Dowden Terrace
Donaldson Run,Week4,Parklawn,Week4,311.0 Donaldson Run - 91.0 Parklawn
Dunn Loring,Week2,Lakeview,Week3,349.0 Dunn Loring - 53.0 Lakeview
Dunn Loring,Week2,Lakeview,Week1,357.5 Dunn Loring - 44.5 Lakeview
Dowden Terrace,Week5,Fairfax Club Estates,Week5,253.0 Dowden Terrace - 149.0 Fairfax Club Estates
Dowden Terrace,Week3,Fairfax Club Estates,Week5,241.0 Dowden Terrace - 161.0 Fairfax Club Estates
Donaldson Run,Week5,Virginia Run,Week3,299.0 Donaldson Run - 103.0 Virginia Run
Dowden Terrace,Week4,Fairfax Station,Week4,249.0 Fairfax Station - 153.0 Dowden Terrace
Dowden Terrace,Week4,Parliament,Week4,224.0 Dowden Terrace - 173.0 Parliament
Dowden Terrace,Week5,Fairfax Club Estates,Week4,255.0 Dowden Terrace - 147.0 Fairfax Club Estates
Dowden Terrace,Week4,Parliament,Week2,222.0 Dowden Terrace - 175.0 Parliament
Donaldson Run,Week3,Wakefield Chapel,Week3,210.0 Wakefield Chapel - 192.0 Donaldson Run
Dowden Terrace,Week2,Burke Station,Week1,240.5 Dowden Terrace - 137.5 Burke Station
Donaldson Run,Week4,Wakefield Chapel,Week4,203.0 Donaldson Run - 199.0 Wakefield Chapel
Dunn Loring,Week4,Annandale,Week3,333.0 Dunn Loring - 69.0 Annandale
Dowden Terrace,Week5,Parklawn,Week2,285.0 Dowden Terrace - 117.0 Parklawn
Dowden Terrace,Week3,Fairfax Station,Week2,273.0 Fairfax Station - 129.0 Dowden Terrace
Dowden Terrace,Week1,Fairfax Station,Week2,265.0 Fairfax Station - 131.0 Dowden Terrace
Dunn Loring,Week4,Lakevale Estates,Week3,204.0 Dunn Loring - 198.0 Lakevale Estates
Dowden Terrace,Week1,Camelot,Week4,225.0 Dowden Terrace - 176.0 Camelot
Dowden Terrace,Week2,Forest Hollow,Week3,224.0 Forest Hollow - 178.0 Dowden Terrace
Dowden Terrace,Week4,Fairfax Station,Week2,257.0 Fairfax Station - 145.0 Dowden Terrace
Dowden Terrace,Week1,Fairfax Station,Week1,266.0 Fairfax Station - 135.0 Dowden Terrace
Dunn Loring,Week5,Lakevale Estates,Week3,207.0 Dunn Loring - 195.0 Lakevale Estates
Dunn Loring,Week5,Annandale,Week1,351.0 Dunn Loring - 51.0 Annandale
Dowden Terrace,Week1,Forest Hollow,Week3,230.0 Forest Hollow - 172.0 Dowden Terrace
Dowden Terrace,Week2,Forest Hollow,Week2,212.0 Forest Hollow - 185.0 Dowden Terrace
Dowden Terrace,Week3,Burke Station,Week4,273.0 Dowden Terrace - 129.0 Burke Station
Dunn Loring,Week3,Annandale,Week3,334.0 Dunn Loring - 68.0 Annandale
Donaldson Run,Week1,Wakefield Chapel,Week1,221.0 Wakefield Chapel - 181.0 Donaldson Run
Dowden Terrace,Week3,Fairfax Club Estates,Week1,231.0 Dowden Terrace - 171.0 Fairfax Club Estates
Dunn Loring,Week4,Annandale,Week5,332.5 Dunn Loring - 69.5 Annandale
Donaldson Run,Week2,Wakefield Chapel,Week1,214.0 Wakefield Chapel - 188.0 Donaldson Run
Dunn Loring,Week1,Lakeview,Week4,301.0 Dunn Loring - 101.0 Lakeview
Donaldson Run,Week4,Wakefield Chapel,Week1,225.0 Wakefield Chapel - 177.0 Donaldson Run
Dunn Loring,Week4,Lakevale Estates,Week4,228.0 Lakevale Estates - 174.0 Dunn Loring
Dunn Loring,Week4,Annandale,Week1,350.0 Dunn Loring - 52.0 Annandale
Dowden Terrace,Week4,Parklawn,Week2,278.0 Dowden Terrace - 124.0 Parklawn
Dunn Loring,Week3,Annandale,Week1,345.0 Dunn Loring - 57.0 Annandale
Dowden Terrace,Week5,Parklawn,Week5,270.0 Dowden Terrace - 132.0 Parklawn
Dunn Loring,Week1,Arlington Forest,Week2,248.0 Dunn Loring - 154.0 Arlington Forest
Dowden Terrace,Week3,Parklawn,Week5,259.0 Dowden Terrace - 143.0 Parklawn
Donaldson Run,Week4,Parklawn,Week5,309.0 Donaldson Run - 93.0 Parklawn
Dowden Terrace,Week5,Parklawn,Week3,295.0 Dowden Terrace - 107.0 Parklawn
Dowden Terrace,Week4,Fairfax Club Estates,Week5,243.0 Dowden Terrace - 159.0 Fairfax Club Estates
Dunn Loring,Week3,Lakevale Estates,Week2,224.0 Dunn Loring - 178.0 Lakevale Estates
Donaldson Run,Week1,Walden Glen,Week4,302.0 Donaldson Run - 100.0 Walden Glen
Dowden Terrace,Week2,Burke Station,Week5,246.0 Dowden Terrace - 156.0 Burke Station
Dowden Terrace,Week4,Burke Station,Week3,273.0 Dowden Terrace - 119.0 Burke Station
Dowden Terrace,Week5,Burke Station,Week1,264.0 Dowden Terrace - 115.0 Burke Station
Dowden Terrace,Week1,Fairfax Station,Week4,270.0 Fairfax Station - 132.0 Dowden Terrace
Dowden Terrace,Week2,Forest Hollow,Week4,223.0 Forest Hollow - 179.0 Dowden Terrace
Dunn Loring,Week2,Lakeview,Week5,339.0 Dunn Loring - 54.0 Lakeview
Dowden Terrace,Week1,Parliament,Week4,204.0 Dowden Terrace - 198.0 Parliament
Donaldson Run,Week4,Wakefield Chapel,Week2,205.0 Wakefield Chapel - 197.0 Donaldson Run
Donaldson Run,Week5,Virginia Run,Week2,298.0 Donaldson Run - 104.0 Virginia Run
Dowden Terrace,Week1,Fairfax Station,Week3,277.0 Fairfax Station - 125.0 Dowden Terrace
Dowden Terrace,Week2,Parliament,Week1,224.0 Parliament - 178.0 Dowden Terrace
Dunn Loring,Week3,Annandale,Week5,343.0 Dunn Loring - 59.0 Annandale
Dunn Loring,Week5,Annandale,Week4,359.0 Dunn Loring - 43.0 Annandale
Dowden Terrace,Week3,Forest Hollow,Week4,252.0 Forest Hollow - 150.0 Dowden Terrace
Dunn Loring,Week3,Lakeview,Week1,360.0 Dunn Loring - 42.0 Lakeview
Donaldson Run,Week2,Wakefield Chapel,Week3,208.0 Wakefield Chapel - 194.0 Donaldson Run
Dunn Loring,Week2,Arlington Forest,Week4,256.0 Dunn Loring - 146.0 Arlington Forest
Dowden Terrace,Week4,Parklawn,Week1,283.0 Dowden Terrace - 110.0 Parklawn
Dunn Loring,Week4,Lakevale Estates,Week1,221.0 Dunn Loring - 181.0 Lakevale Estates
Dowden Terrace,Week3,Fairfax Club Estates,Week2,250.5 Dowden Terrace - 151.5 Fairfax Club Estates
Dowden Terrace,Week4,Forest Hollow,Week2,206.0 Forest Hollow - 196.0 Dowden Terrace
Dowden Terrace,Week2,Parliament,Week3,203.0 Parliament - 199.0 Dowden Terrace
Donaldson Run,Week3,Wakefield Chapel,Week1,220.0 Wakefield Chapel - 182.0 Donaldson Run
Dunn Loring,Week1,Arlington Forest,Week4,232.0 Dunn Loring - 170.0 Arlington Forest
Dowden Terrace,Week4,Parklawn,Week5,264.0 Dowden Terrace - 138.0 Parklawn
Dunn Loring,Week5,Annandale,Week5,336.0 Dunn Loring - 66.0 Annandale
Dunn Loring,Week4,Lakevale Estates,Week5,231.0 Lakevale Estates - 171.0 Dunn Loring
Dowden Terrace,Week4,Forest Hollow,Week1,214.0 Forest Hollow - 188.0 Dowden Terrace
Dowden Terrace,Week4,Forest Hollow,Week3,215.0 Forest Hollow - 187.0 Dowden Terrace
Dowden Terrace,Week3,Fairfax Club Estates,Week4,224.0 Dowden Terrace - 178.0 Fairfax Club Estates
Dowden Terrace,Week2,Parliament,Week5,205.0 Dowden Terrace - 197.0 Parliament
Dowden Terrace,Week4,Fairfax Club Estates,Week2,253.0 Dowden Terrace - 149.0 Fairfax Club Estates
Dowden Terrace,Week5,Burke Station,Week2,306.0 Dowden Terrace - 96.0 Burke Station
Dowden Terrace,Week1,Fairfax Station,Week5,295.0 Fairfax Station - 107.0 Dowden Terrace
Dunn Loring,Week3,Annandale,Week2,340.0 Dunn Loring - 62.0 Annandale
Donaldson Run,Week4,Wakefield Chapel,Week3,211.0 Wakefield Chapel - 191.0 Donaldson Run
Dowden Terrace,Week3,Forest Hollow,Week3,239.0 Forest Hollow - 163.0 Dowden Terrace
Dowden Terrace,Week1,Parliament,Week5,212.0 Parliament - 188.0 Dowden Terrace
Dunn Loring,Week5,Annandale,Week2,347.0 Dunn Loring - 55.0 Annandale
Dunn Loring,Week3,Lakevale Estates,Week3,204.0 Dunn Loring - 198.0 Lakevale Estates
Dunn Loring,Week3,Lakevale Estates,Week1,215.0 Dunn Loring - 187.0 Lakevale Estates
Dowden Terrace,Week4,Burke Station,Week4,289.0 Dowden Terrace - 108.0 Burke Station
Donaldson Run,Week2,Wakefield Chapel,Week4,206.0 Donaldson Run - 196.0 Wakefield Chapel
Dowden Terrace,Week4,Burke Station,Week1,266.0 Dowden Terrace - 113.0 Burke Station
Dowden Terrace,Week3,Forest Hollow,Week2,229.0 Forest Hollow - 173.0 Dowden Terrace
Dowden Terrace,Week1,Burke Station,Week4,273.0 Dowden Terrace - 128.0 Burke Station
Dowden Terrace,Week1,Parliament,Week1,223.0 Parliament - 178.0 Dowden Terrace
Dowden Terrace,Week1,Fox Hunt,Week3,223.0 Fox Hunt - 173.0 Dowden Terrace
Dunn Loring,Week5,Great Falls,Week4,285.0 Dunn Loring - 117.0 Great Falls
Dunn Loring,Week3,Lakevale Estates,Week4,212.0 Lakevale Estates - 190.0 Dunn Loring
Dowden Terrace,Week1,Parliament,Week2,201.0 Dowden Terrace - 200.0 Parliament
Donaldson Run,Week5,Virginia Run,Week1,275.0 Donaldson Run - 127.0 Virginia Run
Dunn Loring,Week1,Arlington Forest,Week5,224.0 Dunn Loring - 178.0 Arlington Forest
Dowden Terrace,Week3,Parliament,Week4,214.0 Dowden Terrace - 188.0 Parliament
Donaldson Run,Week4,Virginia Run,Week5,257.0 Donaldson Run - 145.0 Virginia Run
Dowden Terrace,Week1,Camelot,Week1,210.0 Dowden Terrace - 191.0 Camelot
Dowden Terrace,Week4,Burke Station,Week5,262.0 Dowden Terrace - 135.0 Burke Station
Dowden Terrace,Week3,Parliament,Week1,218.0 Parliament - 184.0 Dowden Terrace
Donaldson Run,Week3,Wakefield Chapel,Week4,202.0 Donaldson Run - 200.0 Wakefield Chapel
Dunn Loring,Week5,Lakevale Estates,Week1,219.0 Dunn Loring - 183.0 Lakevale Estates
Dowden Terrace,Week1,Camelot,Week2,216.0 Dowden Terrace - 182.0 Camelot
Dunn Loring,Week2,Greenbriar,Week4,283.5 Dunn Loring - 118.5 Greenbriar
Dowden Terrace,Week5,Forest Hollow,Week1,207.0 Dowden Terrace - 195.0 Forest Hollow
Dowden Terrace,Week2,Camelot,Week2,212.0 Dowden Terrace - 190.0 Camelot
Dunn Loring,Week2,Greenbriar,Week1,264.0 Dunn Loring - 138.0 Greenbriar
Dunn Loring,Week5,Greenbriar,Week2,244.0 Dunn Loring - 158.0 Greenbriar
Dunn Loring,Week3,Lakevale Estates,Week5,205.0 Lakevale Estates - 197.0 Dunn Loring
Dowden Terrace,Week1,Burke Station,Week3,240.0 Dowden Terrace - 152.0 Burke Station
Dowden Terrace,Week5,Forest Hollow,Week2,213.0 Dowden Terrace - 189.0 Forest Hollow
Donaldson Run,Week5,Virginia Run,Week5,276.0 Donaldson Run - 126.0 Virginia Run
Dowden Terrace,Week4,Fairfax Club Estates,Week1,250.0 Dowden Terrace - 152.0 Fairfax Club Estates
Donaldson Run,Week4,Wakefield Chapel,Week5,245.5 Wakefield Chapel - 156.5 Donaldson Run
Dowden Terrace,Week3,Parliament,Week2,214.0 Dowden Terrace - 188.0 Parliament
Dunn Loring,Week5,Annandale,Week3,337.5 Dunn Loring - 64.5 Annandale
Dowden Terrace,Week1,Fox Hunt,Week2,201.0 Dowden Terrace - 201.0 Fox Hunt
Dowden Terrace,Week4,Forest Hollow,Week5,229.0 Forest Hollow - 173.0 Dowden Terrace
Dunn Loring,Week3,Arlington Forest,Week4,255.0 Dunn Loring - 147.0 Arlington Forest
Dunn Loring,Week2,Arlington Forest,Week5,256.0 Dunn Loring - 146.0 Arlington Forest
Dunn Loring,Week3,Arlington Forest,Week2,308.0 Dunn Loring - 94.0 Arlington Forest
Donaldson Run,Week1,Wakefield Chapel,Week4,205.0 Donaldson Run - 197.0 Wakefield Chapel
Dunn Loring,Week3,Greenbriar,Week5,256.0 Dunn Loring - 146.0 Greenbriar
Dowden Terrace,Week3,Forest Hollow,Week5,252.0 Forest Hollow - 150.0 Dowden Terrace
Dunn Loring,Week3,Annandale,Week4,363.0 Dunn Loring - 39.0 Annandale
Dunn Loring,Week5,Lakevale Estates,Week2,220.0 Dunn Loring - 182.0 Lakevale Estates
Dowden Terrace,Week3,Parliament,Week5,203.0 Dowden Terrace - 199.0 Parliament
Dowden Terrace,Week2,Fairfax Station,Week1,258.0 Fairfax Station - 144.0 Dowden Terrace
Dowden Terrace,Week2,Burke Station,Week2,280.0 Dowden Terrace - 121.0 Burke Station
Dowden Terrace,Week4,Camelot,Week3,240.0 Dowden Terrace - 162.0 Camelot
Dowden Terrace,Week5,Forest Hollow,Week3,203.0 Dowden Terrace - 199.0 Forest Hollow
Dunn Loring,Week5,Lakevale Estates,Week5,225.0 Lakevale Estates - 177.0 Dunn Loring
Dunn Loring,Week2,Arlington Forest,Week2,291.0 Dunn Loring - 111.0 Arlington Forest
Donaldson Run,Week1,Wakefield Chapel,Week2,211.0 Donaldson Run - 191.0 Wakefield Chapel
Dowden Terrace,Week1,Parliament,Week3,204.0 Dowden Terrace - 198.0 Parliament
Dunn Loring,Week1,Lakeview,Week2,337.0 Dunn Loring - 65.0 Lakeview
Dunn Loring,Week4,Lakevale Estates,Week2,210.0 Dunn Loring - 192.0 Lakevale Estates
Dowden Terrace,Week3,Virginia Hills,Week4,344.0 Dowden Terrace - 58.0 Virginia Hills
Dunn Loring,Week4,Greenbriar,Week2,244.0 Dunn Loring - 158.0 Greenbriar
Dunn Loring,Week2,Lakeview,Week2,368.0 Dunn Loring - 34.0 Lakeview
Dowden Terrace,Week5,Parklawn,Week4,278.0 Dowden Terrace - 124.0 Parklawn
Dowden Terrace,Week3,Burke Station,Week1,247.0 Dowden Terrace - 132.0 Burke Station
Dowden Terrace,Week3,Burke Station,Week2,284.0 Dowden Terrace - 118.0 Burke Station
Dunn Loring,Week4,Arlington Forest,Week3,316.0 Dunn Loring - 86.0 Arlington Forest
Dunn Loring,Week4,Arlington Forest,Week4,255.0 Dunn Loring - 147.0 Arlington Forest
Dowden Terrace,Week1,Fox Hunt,Week5,224.0 Fox Hunt - 178.0 Dowden Terrace
Dunn Loring,Week2,Lakevale Estates,Week5,220.0 Lakevale Estates - 182.0 Dunn Loring
Dunn Loring,Week1,Lakeview,Week3,313.0 Dunn Loring - 89.0 Lakeview
Dunn Loring,Week4,Arlington Forest,Week1,298.0 Dunn Loring - 104.0 Arlington Forest
Donaldson Run,Week1,Wakefield Chapel,Week3,220.0 Wakefield Chapel - 182.0 Donaldson Run
Dowden Terrace,Week1,Burke Station,Week5,239.0 Dowden Terrace - 157.0 Burke Station
Donaldson Run,Week2,Wakefield Chapel,Week2,210.0 Donaldson Run - 192.0 Wakefield Chapel
Dunn Loring,Week1,Hamlet,Week4,233.0 Hamlet - 169.0 Dunn Loring
Dowden Terrace,Week1,Fox Hunt,Week1,204.0 Fox Hunt - 198.0 Dowden Terrace
Dowden Terrace,Week2,Fox Hunt,Week1,214.0 Dowden Terrace - 188.0 Fox Hunt
Donaldson Run,Week5,Wakefield Chapel,Week2,230.5 Donaldson Run - 171.5 Wakefield Chapel
Dowden Terrace,Week2,Parliament,Week2,206.0 Parliament - 196.0 Dowden Terrace
Dowden Terrace,Week5,Virginia Hills,Week5,337.5 Dowden Terrace - 64.5 Virginia Hills
Dunn Loring,Week4,Greenbriar,Week1,272.0 Dunn Loring - 130.0 Greenbriar
Dowden Terrace,Week5,Burke Station,Week3,279.0 Dowden Terrace - 118.0 Burke Station
Dunn Loring,Week3,Lakeview,Week4,336.0 Dunn Loring - 66.0 Lakeview
Dowden Terrace,Week3,Parliament,Week3,209.0 Dowden Terrace - 193.0 Parliament
Dunn Loring,Week5,Arlington Forest,Week1,306.0 Dunn Loring - 96.0 Arlington Forest
Dowden Terrace,Week3,Fox Hunt,Week2,205.0 Fox Hunt - 197.0 Dowden Terrace
Dowden Terrace,Week5,Parklawn,Week1,300.0 Dowden Terrace - 93.0 Parklawn
Dowden Terrace,Week4,Burke Station,Week2,286.0 Dowden Terrace - 111.0 Burke Station
Donaldson Run,Week2,Wakefield Chapel,Week5,230.0 Wakefield Chapel - 172.0 Donaldson Run
Dunn Loring,Week4,Brandywine,Week1,283.0 Dunn Loring - 119.0 Brandywine
Donaldson Run,Week1,Wakefield Chapel,Week5,240.5 Wakefield Chapel - 161.5 Donaldson Run
Dowden Terrace,Week3,Camelot,Week3,220.0 Dowden Terrace - 182.0 Camelot
Dunn Loring,Week3,Lakeview,Week2,371.0 Dunn Loring - 31.0 Lakeview
Dunn Loring,Week3,Greenbriar,Week4,293.0 Dunn Loring - 109.0 Greenbriar
Dowden Terrace,Week1,Virginia Run,Week2,206.5 Dowden Terrace - 195.5 Virginia Run
Dunn Loring,Week4,Arlington Forest,Week5,244.0 Dunn Loring - 158.0 Arlington Forest
Dunn Loring,Week4,Brandywine,Week5,233.0 Dunn Loring - 169.0 Brandywine
Dunn Loring,Week2,Lakeview,Week4,333.0 Dunn Loring - 69.0 Lakeview
Dowden Terrace,Week2,Fox Hunt,Week4,204.0 Fox Hunt - 198.0 Dowden Terrace
Dowden Terrace,Week2,Virginia Run,Week1,222.0 Virginia Run - 180.0 Dowden Terrace
Dowden Terrace,Week4,Virginia Hills,Week4,350.0 Dowden Terrace - 52.0 Virginia Hills
Dowden Terrace,Week5,Burke Station,Week4,310.0 Dowden Terrace - 92.0 Burke Station
Dunn Loring,Week4,Greenbriar,Week3,278.0 Dunn Loring - 124.0 Greenbriar
Dowden Terrace,Week4,Parklawn,Week4,251.0 Dowden Terrace - 151.0 Parklawn
Dunn Loring,Week1,Greenbriar,Week2,207.0 Dunn Loring - 195.0 Greenbriar
Donaldson Run,Week5,Wakefield Chapel,Week3,216.5 Donaldson Run - 185.5 Wakefield Chapel
Donaldson Run,Week3,Wakefield Chapel,Week5,238.0 Wakefield Chapel - 164.0 Donaldson Run
Dunn Loring,Week3,Langley,Week1,225.0 Dunn Loring - 177.0 Langley
Dowden Terrace,Week2,Parliament,Week4,209.0 Dowden Terrace - 193.0 Parliament
Dowden Terrace,Week2,Fox Hunt,Week5,224.0 Fox Hunt - 178.0 Dowden Terrace
Dunn Loring,Week3,Langley,Week5,245.0 Dunn Loring - 157.0 Langley
Dowden Terrace,Week3,Fox Hunt,Week3,222.0 Fox Hunt - 180.0 Dowden Terrace
Donaldson Run,Week5,Wakefield Chapel,Week4,227.0 Donaldson Run - 175.0 Wakefield Chapel
Dowden Terrace,Week2,Burke Station,Week3,255.0 Dowden Terrace - 142.0 Burke Station
Dowden Terrace,Week5,Parliament,Week1,209.0 Dowden Terrace - 193.0 Parliament
Dowden Terrace,Week3,Burke Station,Week5,242.0 Dowden Terrace - 160.0 Burke Station
Donaldson Run,Week1,Walden Glen,Week1,336.0 Donaldson Run - 66.0 Walden Glen
Dowden Terrace,Week3,Fox Hunt,Week4,215.5 Fox Hunt - 186.5 Dowden Terrace
Dowden Terrace,Week4,Fox Hunt,Week1,241.0 Dowden Terrace - 161.0 Fox Hunt
Dunn Loring,Week4,Langley,Week5,230.0 Dunn Loring - 172.0 Langley
Dowden Terrace,Week3,Pinecrest,Week2,278.0 Pinecrest - 124.0 Dowden Terrace
Dowden Terrace,Week3,Virginia Run,Week3,229.0 Virginia Run - 173.0 Dowden Terrace
Dowden Terrace,Week3,Fox Hunt,Week5,234.0 Fox Hunt - 168.0 Dowden Terrace
Dunn Loring,Week5,Brandywine,Week2,284.0 Dunn Loring - 118.0 Brandywine
Dowden Terrace,Week5,Pinecrest,Week3,247.0 Pinecrest - 155.0 Dowden Terrace
Dowden Terrace,Week2,Virginia Hills,Week5,314.0 Dowden Terrace - 83.0 Virginia Hills
Dowden Terrace,Week4,Fox Hunt,Week2,217.0 Dowden Terrace - 185.0 Fox Hunt
Donaldson Run,Week1,Walden Glen,Week3,320.0 Donaldson Run - 82.0 Walden Glen
Dunn Loring,Week1,Bren Mar-Edsall Park,Week4,375.0 Dunn Loring - 27.0 Bren Mar-Edsall Park
Donaldson Run,Week1,Walden Glen,Week2,318.0 Donaldson Run - 84.0 Walden Glen
Dunn Loring,Week2,Langley,Week3,222.0 Dunn Loring - 180.0 Langley
Dunn Loring,Week5,Great Falls,Week5,262.5 Dunn Loring - 139.5 Great Falls
Dunn Loring,Week1,Bren Mar-Edsall Park,Week2,379.0 Dunn Loring - 23.0 Bren Mar-Edsall Park
Dowden Terrace,Week1,Camelot,Week3,233.0 Dowden Terrace - 165.0 Camelot
Donaldson Run,Week5,Wakefield Chapel,Week1,206.5 Donaldson Run - 195.5 Wakefield Chapel
Dowden Terrace,Week5,Forest Hollow,Week5,208.0 Forest Hollow - 194.0 Dowden Terrace
Dowden Terrace,Week1,Camelot,Week5,216.0 Dowden Terrace - 186.0 Camelot
Dunn Loring,Week3,Langley,Week4,215.0 Dunn Loring - 187.0 Langley
Dunn Loring,Week4,Greenbriar,Week4,296.0 Dunn Loring - 106.0 Greenbriar
Dowden Terrace,Week4,Parliament,Week1,201.0 Parliament - 196.0 Dowden Terrace
Dunn Loring,Week3,Greenbriar,Week3,267.5 Dunn Loring - 134.5 Greenbriar
Dunn Loring,Week4,Lakeview,Week3,353.0 Dunn Loring - 49.0 Lakeview
Dowden Terrace,Week1,Fox Hunt,Week4,202.0 Fox Hunt - 200.0 Dowden Terrace
Dowden Terrace,Week3,Burke Station,Week3,254.0 Dowden Terrace - 143.0 Burke Station
Dowden Terrace,Week4,Parliament,Week3,224.0 Dowden Terrace - 178.0 Parliament
Dunn Loring,Week1,Langley,Week3,218.0 Langley - 184.0 Dunn Loring
Dowden Terrace,Week5,Virginia Hills,Week2,361.0 Dowden Terrace - 41.0 Virginia Hills
Dunn Loring,Week1,Greenbriar,Week4,241.0 Dunn Loring - 161.0 Greenbriar
Dowden Terrace,Week1,Pinecrest,Week3,278.0 Pinecrest - 124.0 Dowden Terrace
Donaldson Run,Week5,Wakefield Chapel,Week5,205.0 Wakefield Chapel - 197.0 Donaldson Run
Dunn Loring,Week5,Arlington Forest,Week5,259.0 Dunn Loring - 143.0 Arlington Forest
Dunn Loring,Week5,Brandywine,Week3,269.0 Dunn Loring - 133.0 Brandywine
Dunn Loring,Week5,Greenbriar,Week3,276.0 Dunn Loring - 126.0 Greenbriar
Dowden Terrace,Week2,Virginia Hills,Week3,328.0 Dowden Terrace - 74.0 Virginia Hills
Dowden Terrace,Week2,Virginia Run,Week4,204.0 Virginia Run - 198.0 Dowden Terrace
Dowden Terrace,Week2,Virginia Run,Week5,223.0 Virginia Run - 179.0 Dowden Terrace
Dunn Loring,Week4,Brandywine,Week3,261.0 Dunn Loring - 141.0 Brandywine
Dunn Loring,Week1,Greenbriar,Week5,218.0 Dunn Loring - 184.0 Greenbriar
Dowden Terrace,Week5,Burke Station,Week5,279.0 Dowden Terrace - 123.0 Burke Station
Donaldson Run,Week1,Walden Glen,Week5,286.0 Donaldson Run - 116.0 Walden Glen
Dowden Terrace,Week3,Pinecrest,Week4,275.0 Pinecrest - 127.0 Dowden Terrace
Dowden Terrace,Week2,Camelot,Week1,234.0 Dowden Terrace - 168.0 Camelot
Dunn Loring,Week4,Greenbriar,Week5,266.0 Dunn Loring - 136.0 Greenbriar
Dowden Terrace,Week2,Camelot,Week3,237.0 Dowden Terrace - 165.0 Camelot
Dowden Terrace,Week2,Pinecrest,Week1,258.0 Pinecrest - 144.0 Dowden Terrace
Dowden Terrace,Week1,Virginia Run,Week5,236.0 Virginia Run - 166.0 Dowden Terrace
Dunn Loring,Week5,Greenbriar,Week5,265.0 Dunn Loring - 137.0 Greenbriar
Dunn Loring,Week5,Greenbriar,Week4,287.0 Dunn Loring - 115.0 Greenbriar
Dunn Loring,Week5,Langley,Week3,224.0 Dunn Loring - 178.0 Langley
Donaldson Run,Week2,Walden Glen,Week1,333.0 Donaldson Run - 69.0 Walden Glen
Dowden Terrace,Week2,Camelot,Week4,229.0 Dowden Terrace - 173.0 Camelot
Dowden Terrace,Week4,Pinecrest,Week5,262.0 Pinecrest - 140.0 Dowden Terrace
Dunn Loring,Week5,Lakeview,Week4,344.0 Dunn Loring - 58.0 Lakeview
Dunn Loring,Week1,Brandywine,Week3,243.0 Dunn Loring - 159.0 Brandywine
Dunn Loring,Week2,Brandywine,Week5,246.0 Dunn Loring - 156.0 Brandywine
Dowden Terrace,Week3,Fox Hunt,Week1,202.0 Dowden Terrace - 200.0 Fox Hunt
Dowden Terrace,Week1,Virginia Run,Week4,221.0 Virginia Run - 181.0 Dowden Terrace
Dowden Terrace,Week4,Fox Hunt,Week3,204.0 Fox Hunt - 198.0 Dowden Terrace
Donaldson Run,Week2,Walden Glen,Week2,313.0 Donaldson Run - 89.0 Walden Glen
Dowden Terrace,Week3,Camelot,Week2,211.0 Dowden Terrace - 191.0 Camelot
Donaldson Run,Week2,Walden Glen,Week4,308.0 Donaldson Run - 94.0 Walden Glen
Dowden Terrace,Week5,Parliament,Week4,241.0 Dowden Terrace - 161.0 Parliament
Dunn Loring,Week5,Great Falls,Week3,259.0 Dunn Loring - 143.0 Great Falls
Dowden Terrace,Week4,Fox Hunt,Week4,217.0 Dowden Terrace - 185.0 Fox Hunt
Dowden Terrace,Week3,Pinecrest,Week3,280.0 Pinecrest - 122.0 Dowden Terrace
Dowden Terrace,Week4,Virginia Hills,Week2,349.0 Dowden Terrace - 53.0 Virginia Hills
Donaldson Run,Week2,Walden Glen,Week3,322.0 Donaldson Run - 80.0 Walden Glen
Dunn Loring,Week4,Lakeview,Week2,379.0 Dunn Loring - 23.0 Lakeview
Dunn Loring,Week3,Brandywine,Week1,291.0 Dunn Loring - 111.0 Brandywine
Dowden Terrace,Week3,Virginia Hills,Week2,349.0 Dowden Terrace - 53.0 Virginia Hills
Dowden Terrace,Week3,Pinecrest,Week1,259.0 Pinecrest - 143.0 Dowden Terrace
Dunn Loring,Week2,Greenbriar,Week5,246.0 Dunn Loring - 156.0 Greenbriar
Donaldson Run,Week3,Walden Glen,Week1,339.0 Donaldson Run - 63.0 Walden Glen
Dunn Loring,Week5,Lakeview,Week5,341.0 Dunn Loring - 52.0 Lakeview
Dowden Terrace,Week3,Camelot,Week1,212.0 Dowden Terrace - 190.0 Camelot
Dunn Loring,Week1,Greenbriar,Week1,246.5 Dunn Loring - 155.5 Greenbriar
Dowden Terrace,Week2,Camelot,Week5,224.0 Dowden Terrace - 178.0 Camelot
Dowden Terrace,Week2,Virginia Hills,Week2,338.5 Dowden Terrace - 58.5 Virginia Hills
Dowden Terrace,Week3,Virginia Hills,Week1,342.0 Dowden Terrace - 60.0 Virginia Hills
Dunn Loring,Week4,Langley,Week4,217.0 Dunn Loring - 185.0 Langley
Dunn Loring,Week5,Arlington Forest,Week3,318.0 Dunn Loring - 84.0 Arlington Forest
Dunn Loring,Week1,Brandywine,Week1,265.0 Dunn Loring - 137.0 Brandywine
Dowden Terrace,Week2,Fox Hunt,Week3,208.0 Fox Hunt - 194.0 Dowden Terrace
Dowden Terrace,Week2,Fox Hunt,Week2,212.0 Dowden Terrace - 190.0 Fox Hunt
Dunn Loring,Week2,Brandywine,Week2,273.0 Dunn Loring - 129.0 Brandywine
Dunn Loring,Week2,Greenbriar,Week2,247.5 Dunn Loring - 154.5 Greenbriar
Dowden Terrace,Week4,Fox Hunt,Week5,208.0 Fox Hunt - 194.0 Dowden Terrace
Dunn Loring,Week4,Langley,Week2,243.0 Dunn Loring - 159.0 Langley
Donaldson Run,Week3,Walden Glen,Week2,320.0 Donaldson Run - 82.0 Walden Glen
Dowden Terrace,Week3,Pinecrest,Week5,270.0 Pinecrest - 132.0 Dowden Terrace
Dowden Terrace,Week4,Fox Mill Estates,Week4,210.0 Dowden Terrace - 192.0 Fox Mill Estates
Dowden Terrace,Week3,Virginia Hills,Week3,341.0 Dowden Terrace - 61.0 Virginia Hills
Dunn Loring,Week2,Brandywine,Week1,283.0 Dunn Loring - 119.0 Brandywine
Dowden Terrace,Week4,Virginia Hills,Week5,324.0 Dowden Terrace - 78.0 Virginia Hills
Dowden Terrace,Week2,Pinecrest,Week5,266.0 Pinecrest - 136.0 Dowden Terrace
Dunn Loring,Week1,Langley,Week2,206.0 Langley - 196.0 Dunn Loring
Dunn Loring,Week1,Langley,Week5,208.0 Dunn Loring - 194.0 Langley
Dunn Loring,Week5,Lakeview,Week1,359.0 Dunn Loring - 43.0 Lakeview
Dunn Loring,Week1,Hamlet,Week1,237.0 Hamlet - 165.0 Dunn Loring
Dunn Loring,Week1,Greenbriar,Week3,240.0 Dunn Loring - 162.0 Greenbriar
Dowden Terrace,Week3,Fox Mill Estates,Week3,229.5 Dowden Terrace - 172.5 Fox Mill Estates
Dowden Terrace,Week5,Fox Hunt,Week2,220.0 Dowden Terrace - 182.0 Fox Hunt
Dowden Terrace,Week4,Fox Mill Estates,Week3,227.0 Dowden Terrace - 175.0 Fox Mill Estates
Dowden Terrace,Week3,Camelot,Week5,203.0 Camelot - 199.0 Dowden Terrace
Donaldson Run,Week2,Walden Glen,Week5,287.0 Donaldson Run - 115.0 Walden Glen
Dunn Loring,Week2,Brandywine,Week3,257.0 Dunn Loring - 145.0 Brandywine
Dowden Terrace,Week1,Pinecrest,Week2,279.0 Pinecrest - 122.0 Dowden Terrace
Dowden Terrace,Week3,Fox Mill Estates,Week5,220.0 Dowden Terrace - 182.0 Fox Mill Estates
Dunn Loring,Week5,Lakeview,Week3,351.0 Dunn Loring - 51.0 Lakeview
Dowden Terrace,Week4,Virginia Hills,Week1,348.0 Dowden Terrace - 54.0 Virginia Hills
Dowden Terrace,Week4,Camelot,Week1,236.0 Dowden Terrace - 166.0 Camelot
Dunn Loring,Week2,Greenbriar,Week3,275.0 Dunn Loring - 127.0 Greenbriar
Dunn Loring,Week2,Langley,Week1,220.0 Dunn Loring - 182.0 Langley
Dunn Loring,Week3,Greenbriar,Week1,268.0 Dunn Loring - 134.0 Greenbriar
Dunn Loring,Week3,Brandywine,Week2,279.0 Dunn Loring - 123.0 Brandywine
Dowden Terrace,Week4,Camelot,Week5,224.0 Dowden Terrace - 178.0 Camelot
Dunn Loring,Week4,Lakeview,Week5,344.0 Dunn Loring - 49.0 Lakeview
Dowden Terrace,Week4,Pinecrest,Week3,265.0 Pinecrest - 137.0 Dowden Terrace
Dunn Loring,Week4,Lakeview,Week1,364.0 Dunn Loring - 38.0 Lakeview
Dunn Loring,Week1,Brandywine,Week2,240.0 Dunn Loring - 162.0 Brandywine
Dowden Terrace,Week1,Fox Mill Woods,Week2,252.0 Fox Mill Woods - 149.0 Dowden Terrace
Dowden Terrace,Week5,Camelot,Week4,253.0 Dowden Terrace - 149.0 Camelot
Dowden Terrace,Week4,Camelot,Week2,233.0 Dowden Terrace - 169.0 Camelot
Dowden Terrace,Week1,Pinecrest,Week1,269.0 Pinecrest - 133.0 Dowden Terrace
Dunn Loring,Week3,Greenbriar,Week2,254.0 Dunn Loring - 148.0 Greenbriar
Dowden Terrace,Week5,Parliament,Week2,233.0 Dowden Terrace - 169.0 Parliament
Dowden Terrace,Week2,Virginia Hills,Week1,327.0 Dowden Terrace - 75.0 Virginia Hills
Dowden Terrace,Week3,Virginia Hills,Week5,319.0 Dowden Terrace - 83.0 Virginia Hills
Dunn Loring,Week5,Arlington Forest,Week4,279.0 Dunn Loring - 123.0 Arlington Forest
Dowden Terrace,Week3,Camelot,Week4,221.0 Dowden Terrace - 181.0 Camelot
Dunn Loring,Week3,Brandywine,Week4,270.0 Dunn Loring - 132.0 Brandywine
Dunn Loring,Week5,Greenbriar,Week1,270.0 Dunn Loring - 132.0 Greenbriar
Dowden Terrace,Week4,Pinecrest,Week1,240.5 Pinecrest - 161.5 Dowden Terrace
Dowden Terrace,Week4,Virginia Hills,Week3,348.0 Dowden Terrace - 54.0 Virginia Hills
Dunn Loring,Week5,Arlington Forest,Week2,311.0 Dunn Loring - 91.0 Arlington Forest
Dowden Terrace,Week5,Fox Mill Estates,Week5,249.0 Dowden Terrace - 153.0 Fox Mill Estates
Dowden Terrace,Week5,Virginia Hills,Week1,354.0 Dowden Terrace - 48.0 Virginia Hills
Dowden Terrace,Week5,Camelot,Week3,254.0 Dowden Terrace - 148.0 Camelot
Dowden Terrace,Week4,Pinecrest,Week4,246.0 Pinecrest - 156.0 Dowden Terrace
Dowden Terrace,Week2,Virginia Hills,Week4,340.0 Dowden Terrace - 62.0 Virginia Hills
Dowden Terrace,Week1,Canterbury Woods,Week1,257.0 Dowden Terrace - 144.0 Canterbury Woods
Dowden Terrace,Week5,Camelot,Week2,241.0 Dowden Terrace - 161.0 Camelot
Dunn Loring,Week1,Langley,Week4,217.0 Langley - 185.0 Dunn Loring
Dunn Loring,Week1,Hamlet,Week2,255.0 Hamlet - 147.0 Dunn Loring
Dowden Terrace,Week1,Virginia Hills,Week5,317.0 Dowden Terrace - 84.0 Virginia Hills
Dowden Terrace,Week5,Virginia Hills,Week4,362.0 Dowden Terrace - 40.0 Virginia Hills
Dunn Loring,Week5,Lakeview,Week2,370.0 Dunn Loring - 32.0 Lakeview
Dowden Terrace,Week4,Pinecrest,Week2,256.0 Pinecrest - 146.0 Dowden Terrace
Dowden Terrace,Week5,Pinecrest,Week1,220.5 Pinecrest - 181.5 Dowden Terrace
Dowden Terrace,Week4,Fox Mill Estates,Week5,221.0 Dowden Terrace - 181.0 Fox Mill Estates
Dunn Loring,Week1,Brandywine,Week5,212.0 Dunn Loring - 190.0 Brandywine
Dunn Loring,Week5,Hamlet,Week4,222.5 Dunn Loring - 179.5 Hamlet
Dunn Loring,Week1,Hamlet,Week3,237.0 Hamlet - 165.0 Dunn Loring
Dowden Terrace,Week1,Canterbury Woods,Week4,227.0 Dowden Terrace - 174.0 Canterbury Woods
Dunn Loring,Week1,Langley,Week1,207.0 Langley - 195.0 Dunn Loring
Dowden Terrace,Week5,Fox Hunt,Week5,211.0 Dowden Terrace - 191.0 Fox Hunt
Dunn Loring,Week3,Brandywine,Week3,263.0 Dunn Loring - 139.0 Brandywine
Dowden Terrace,Week2,Fox Mill Estates,Week2,240.0 Dowden Terrace - 162.0 Fox Mill Estates
Dunn Loring,Week2,Brandywine,Week4,262.0 Dunn Loring - 140.0 Brandywine
Dowden Terrace,Week1,Fox Mill Estates,Week4,203.0 Dowden Terrace - 199.0 Fox Mill Estates
Dunn Loring,Week4,Hamlet,Week2,231.5 Hamlet - 170.5 Dunn Loring
Dunn Loring,Week2,Langley,Week5,236.5 Dunn Loring - 165.5 Langley
Dowden Terrace,Week2,Canterbury Woods,Week3,237.0 Dowden Terrace - 160.0 Canterbury Woods
Dunn Loring,Week2,Hamlet,Week4,202.0 Dunn Loring - 200.0 Hamlet
Dowden Terrace,Week4,Parliament,Week5,204.0 Dowden Terrace - 193.0 Parliament
Dunn Loring,Week1,Hayfield Farm,Week4,261.0 Dunn Loring - 141.0 Hayfield Farm
Dowden Terrace,Week1,Virginia Run,Week3,215.0 Virginia Run - 187.0 Dowden Terrace
Dowden Terrace,Week5,Virginia Hills,Week3,351.0 Dowden Terrace - 51.0 Virginia Hills
Dunn Loring,Week4,Lakeview,Week4,338.0 Dunn Loring - 64.0 Lakeview
Dowden Terrace,Week3,Fox Mill Estates,Week2,223.0 Dowden Terrace - 179.0 Fox Mill Estates
Dowden Terrace,Week1,Canterbury Woods,Week5,251.0 Dowden Terrace - 142.0 Canterbury Woods
Dowden Terrace,Week5,Parliament,Week3,244.0 Dowden Terrace - 158.0 Parliament
Dunn Loring,Week4,Hamlet,Week4,205.0 Hamlet - 197.0 Dunn Loring
Dowden Terrace,Week2,Pinecrest,Week2,269.0 Pinecrest - 133.0 Dowden Terrace
Dunn Loring,Week2,Langley,Week4,207.0 Dunn Loring - 195.0 Langley
Dowden Terrace,Week4,Camelot,Week4,238.0 Dowden Terrace - 164.0 Camelot
Dowden Terrace,Week2,Fox Mill Estates,Week3,231.0 Dowden Terrace - 171.0 Fox Mill Estates
Dunn Loring,Week1,Brandywine,Week4,239.0 Dunn Loring - 163.0 Brandywine
Dowden Terrace,Week2,Virginia Run,Week2,202.0 Dowden Terrace - 195.0 Virginia Run
Dowden Terrace,Week5,Camelot,Week5,230.0 Dowden Terrace - 172.0 Camelot
Dowden Terrace,Week1,Pinecrest,Week4,274.0 Pinecrest - 128.0 Dowden Terrace
Dunn Loring,Week4,Brandywine,Week4,276.0 Dunn Loring - 126.0 Brandywine
Dowden Terrace,Week1,Virginia Run,Week1,238.0 Virginia Run - 164.0 Dowden Terrace
Dowden Terrace,Week5,Fox Hunt,Week3,213.0 Dowden Terrace - 189.0 Fox Hunt
Dunn Loring,Week2,Langley,Week2,228.0 Dunn Loring - 174.0 Langley
Dowden Terrace,Week2,Canterbury Woods,Week2,263.0 Dowden Terrace - 139.0 Canterbury Woods
Dunn Loring,Week2,Hayfield Farm,Week4,300.5 Dunn Loring - 101.5 Hayfield Farm
Dunn Loring,Week3,Brandywine,Week5,238.0 Dunn Loring - 164.0 Brandywine
Dunn Loring,Week4,Brandywine,Week2,267.0 Dunn Loring - 135.0 Brandywine
Dowden Terrace,Week3,Wakefield Chapel,Week4,293.0 Wakefield Chapel - 109.0 Dowden Terrace
Dowden Terrace,Week1,Fox Mill Estates,Week3,215.0 Dowden Terrace - 183.0 Fox Mill Estates
Dunn Loring,Week5,Brandywine,Week5,246.0 Dunn Loring - 156.0 Brandywine
Dowden Terrace,Week2,Virginia Run,Week3,204.0 Dowden Terrace - 198.0 Virginia Run
Dowden Terrace,Week1,Pinecrest,Week5,285.0 Pinecrest - 108.0 Dowden Terrace
Dowden Terrace,Week1,Fox Mill Estates,Week5,220.0 Dowden Terrace - 182.0 Fox Mill Estates
Dowden Terrace,Week2,Canterbury Woods,Week4,231.0 Dowden Terrace - 171.0 Canterbury Woods
Dunn Loring,Week2,Hayfield Farm,Week5,292.0 Dunn Loring - 110.0 Hayfield Farm
Dowden Terrace,Week1,Pinewood Lake,Week1,338.0 Dowden Terrace - 55.0 Pinewood Lake
Dowden Terrace,Week5,Fox Hunt,Week1,234.0 Dowden Terrace - 168.0 Fox Hunt
Dunn Loring,Week3,Langley,Week2,239.0 Dunn Loring - 163.0 Langley
Dowden Terrace,Week2,Fox Mill Estates,Week4,221.0 Dowden Terrace - 181.0 Fox Mill Estates
Dowden Terrace,Week3,Virginia Run,Week2,211.0 Virginia Run - 191.0 Dowden Terrace
Dunn Loring,Week5,Brandywine,Week4,283.0 Dunn Loring - 119.0 Brandywine
Dunn Loring,Week3,Langley,Week3,220.0 Dunn Loring - 182.0 Langley
Dowden Terrace,Week2,Canterbury Woods,Week5,249.5 Dowden Terrace - 151.5 Canterbury Woods
Dunn Loring,Week3,Hamlet,Week2,213.0 Hamlet - 189.0 Dunn Loring
Dowden Terrace,Week2,Pinecrest,Week3,274.0 Pinecrest - 128.0 Dowden Terrace
Dowden Terrace,Week1,Canterbury Woods,Week2,265.0 Dowden Terrace - 133.0 Canterbury Woods
Dowden Terrace,Week3,Canterbury Woods,Week1,258.0 Dowden Terrace - 144.0 Canterbury Woods
Dunn Loring,Week2,Hamlet,Week5,232.0 Hamlet - 170.0 Dunn Loring
Dowden Terrace,Week4,Virginia Run,Week2,228.0 Dowden Terrace - 174.0 Virginia Run
Dunn Loring,Week4,Laurel Hill,Week5,311.0 Dunn Loring - 91.0 Laurel Hill
Dowden Terrace,Week5,Pinecrest,Week5,234.0 Pinecrest - 168.0 Dowden Terrace
Dowden Terrace,Week1,Fox Mill Estates,Week2,225.5 Dowden Terrace - 175.5 Fox Mill Estates
Dunn Loring,Week5,Langley,Week2,241.0 Dunn Loring - 161.0 Langley
Dunn Loring,Week4,Bren Mar-Edsall Park,Week5,383.0 Dunn Loring - 19.0 Bren Mar-Edsall Park
Dunn Loring,Week3,Hamlet,Week5,228.0 Hamlet - 174.0 Dunn Loring
Dunn Loring,Week5,Bren Mar-Edsall Park,Week4,386.0 Dunn Loring - 16.0 Bren Mar-Edsall Park
Dowden Terrace,Week3,Fox Mill Estates,Week1,251.0 Dowden Terrace - 151.0 Fox Mill Estates
Dowden Terrace,Week5,Camelot,Week1,254.0 Dowden Terrace - 148.0 Camelot
Dunn Loring,Week5,Langley,Week1,229.0 Dunn Loring - 173.0 Langley
Dunn Loring,Week3,Hamlet,Week1,203.0 Dunn Loring - 199.0 Hamlet
Dowden Terrace,Week2,Pinecrest,Week4,269.0 Pinecrest - 133.0 Dowden Terrace
Dunn Loring,Week5,Brandywine,Week1,291.0 Dunn Loring - 111.0 Brandywine
Dowden Terrace,Week5,Fox Hunt,Week4,220.0 Dowden Terrace - 182.0 Fox Hunt
Dunn Loring,Week4,Langley,Week3,226.0 Dunn Loring - 176.0 Langley
Dowden Terrace,Week5,Pinecrest,Week4,245.0 Pinecrest - 157.0 Dowden Terrace
Dowden Terrace,Week2,Canterbury Woods,Week1,257.0 Dowden Terrace - 145.0 Canterbury Woods
Dowden Terrace,Week4,Virginia Run,Week1,216.0 Virginia Run - 186.0 Dowden Terrace
Dunn Loring,Week1,Bren Mar-Edsall Park,Week3,375.0 Dunn Loring - 27.0 Bren Mar-Edsall Park
Dowden Terrace,Week3,Wakefield Chapel,Week5,305.0 Wakefield Chapel - 97.0 Dowden Terrace
Dunn Loring,Week4,Hamlet,Week3,223.0 Hamlet - 179.0 Dunn Loring
Dunn Loring,Week4,Langley,Week1,227.0 Dunn Loring - 175.0 Langley
Dowden Terrace,Week3,Virginia Run,Week1,244.0 Virginia Run - 158.0 Dowden Terrace
Dunn Loring,Week3,Hayfield Farm,Week1,319.0 Dunn Loring - 83.0 Hayfield Farm
Dunn Loring,Week1,Bren Mar-Edsall Park,Week1,379.5 Dunn Loring - 22.5 Bren Mar-Edsall Park
Dowden Terrace,Week5,Pinecrest,Week2,236.5 Pinecrest - 165.5 Dowden Terrace
Dowden Terrace,Week5,Parliament,Week5,229.0 Dowden Terrace - 173.0 Parliament
Dunn Loring,Week4,Hamlet,Week5,241.0 Hamlet - 161.0 Dunn Loring
Dowden Terrace,Week1,Canterbury Woods,Week3,239.0 Dowden Terrace - 162.0 Canterbury Woods
Dunn Loring,Week2,Hamlet,Week1,208.0 Dunn Loring - 194.0 Hamlet
Dunn Loring,Week1,Hayfield Farm,Week2,264.0 Dunn Loring - 138.0 Hayfield Farm
Dowden Terrace,Week3,Canterbury Woods,Week2,259.0 Dowden Terrace - 143.0 Canterbury Woods
Dunn Loring,Week1,Brookfield ,Week5,234.0 Dunn Loring - 163.0 Brookfield
Dunn Loring,Week5,Laurel Hill,Week3,335.0 Dunn Loring - 66.0 Laurel Hill
Dowden Terrace,Week3,Virginia Run,Week5,258.0 Virginia Run - 144.0 Dowden Terrace
Dowden Terrace,Week2,Fox Mill Estates,Week5,226.0 Dowden Terrace - 176.0 Fox Mill Estates
Dowden Terrace,Week5,Pinewood Lake,Week1,362.0 Dowden Terrace - 39.0 Pinewood Lake
Dowden Terrace,Week1,Pinewood Lake,Week3,350.0 Dowden Terrace - 43.0 Pinewood Lake
Dowden Terrace,Week2,Fox Mill Estates,Week1,253.0 Dowden Terrace - 144.0 Fox Mill Estates
Dunn Loring,Week5,Langley,Week5,239.0 Dunn Loring - 163.0 Langley
Dowden Terrace,Week3,Fox Mill Estates,Week4,214.0 Dowden Terrace - 188.0 Fox Mill Estates
Dunn Loring,Week1,Brookfield ,Week3,248.0 Dunn Loring - 154.0 Brookfield
Dowden Terrace,Week1,Pinewood Lake,Week2,343.0 Dowden Terrace - 52.0 Pinewood Lake
Dunn Loring,Week5,Laurel Hill,Week2,352.0 Dunn Loring - 50.0 Laurel Hill
Dowden Terrace,Week4,Virginia Run,Week4,209.0 Virginia Run - 193.0 Dowden Terrace
Dowden Terrace,Week4,Wakefield Chapel,Week3,281.0 Wakefield Chapel - 121.0 Dowden Terrace
Dowden Terrace,Week3,Canterbury Woods,Week3,240.5 Dowden Terrace - 161.5 Canterbury Woods
Dunn Loring,Week2,Brookfield ,Week3,281.0 Dunn Loring - 121.0 Brookfield
Dowden Terrace,Week3,Canterbury Woods,Week4,234.0 Dowden Terrace - 168.0 Canterbury Woods
Dunn Loring,Week2,Laurel Hill,Week1,332.0 Dunn Loring - 70.0 Laurel Hill
Dowden Terrace,Week5,Virginia Run,Week3,240.0 Dowden Terrace - 162.0 Virginia Run
Dunn Loring,Week2,Brookfield ,Week1,267.0 Dunn Loring - 135.0 Brookfield
Dunn Loring,Week5,Hamlet,Week2,209.0 Hamlet - 193.0 Dunn Loring
Dowden Terrace,Week5,Virginia Run,Week2,243.0 Dowden Terrace - 159.0 Virginia Run
Dunn Loring,Week2,Hamlet,Week3,218.0 Hamlet - 184.0 Dunn Loring
Dowden Terrace,Week5,Fox Mill Estates,Week1,272.0 Dowden Terrace - 130.0 Fox Mill Estates
Dunn Loring,Week5,Bren Mar-Edsall Park,Week5,384.0 Dunn Loring - 18.0 Bren Mar-Edsall Park
Dowden Terrace,Week1,Wakefield Chapel,Week3,298.0 Wakefield Chapel - 99.0 Dowden Terrace
Dowden Terrace,Week4,Pinewood Lake,Week1,352.0 Dowden Terrace - 43.0 Pinewood Lake
Dowden Terrace,Week4,Canterbury Woods,Week1,272.0 Dowden Terrace - 125.0 Canterbury Woods
Dowden Terrace,Week2,Cardinal Hill,Week3,272.0 Cardinal Hill - 130.0 Dowden Terrace
Dowden Terrace,Week5,Virginia Run,Week1,216.0 Dowden Terrace - 186.0 Virginia Run
Dowden Terrace,Week4,Fox Mill Estates,Week1,261.0 Dowden Terrace - 141.0 Fox Mill Estates
Dunn Loring,Week2,Laurel Hill,Week3,330.0 Dunn Loring - 72.0 Laurel Hill
Dunn Loring,Week2,Laurel Hill,Week5,319.5 Dunn Loring - 82.5 Laurel Hill
Dowden Terrace,Week1,Fox Mill Estates,Week1,249.0 Dowden Terrace - 152.0 Fox Mill Estates
Dunn Loring,Week1,Hayfield Farm,Week1,265.0 Dunn Loring - 137.0 Hayfield Farm
Dunn Loring,Week5,Hamlet,Week5,205.0 Hamlet - 197.0 Dunn Loring
Dunn Loring,Week4,Bren Mar-Edsall Park,Week1,386.0 Dunn Loring - 16.0 Bren Mar-Edsall Park
Dunn Loring,Week2,Bren Mar-Edsall Park,Week5,388.0 Dunn Loring - 14.0 Bren Mar-Edsall Park
Dowden Terrace,Week3,Cardinal Hill,Week4,255.0 Cardinal Hill - 147.0 Dowden Terrace
Dowden Terrace,Week2,Pinewood Lake,Week1,350.0 Dowden Terrace - 42.0 Pinewood Lake
Dowden Terrace,Week3,Canterbury Woods,Week5,251.0 Dowden Terrace - 151.0 Canterbury Woods
Dunn Loring,Week5,Langley,Week4,215.5 Dunn Loring - 186.5 Langley
Dowden Terrace,Week1,Pleasant Valley,Week3,283.0 Dowden Terrace - 118.0 Pleasant Valley
Dowden Terrace,Week3,Pinewood Lake,Week4,357.0 Dowden Terrace - 44.0 Pinewood Lake
Dowden Terrace,Week1,Wakefield Chapel,Week4,303.0 Wakefield Chapel - 99.0 Dowden Terrace
Dowden Terrace,Week4,Fox Mill Estates,Week2,244.0 Dowden Terrace - 158.0 Fox Mill Estates
Dunn Loring,Week4,Laurel Hill,Week2,359.0 Dunn Loring - 43.0 Laurel Hill
Dunn Loring,Week2,Brookfield ,Week5,277.0 Dunn Loring - 125.0 Brookfield
Dunn Loring,Week3,Bren Mar-Edsall Park,Week3,389.0 Dunn Loring - 13.0 Bren Mar-Edsall Park
Dunn Loring,Week3,Lee Graham,Week4,206.0 Lee Graham - 196.0 Dunn Loring
Dunn Loring,Week2,Bren Mar-Edsall Park,Week3,390.0 Dunn Loring - 12.0 Bren Mar-Edsall Park
Dowden Terrace,Week2,Cardinal Hill,Week5,240.0 Cardinal Hill - 162.0 Dowden Terrace
Dunn Loring,Week4,Laurel Hill,Week1,329.0 Dunn Loring - 73.0 Laurel Hill
Dunn Loring,Week2,Laurel Hill,Week2,350.5 Dunn Loring - 51.5 Laurel Hill
Dowden Terrace,Week3,Pinewood Lake,Week2,365.0 Dowden Terrace - 36.0 Pinewood Lake
Dowden Terrace,Week2,Pleasant Valley,Week3,281.5 Dowden Terrace - 120.5 Pleasant Valley
Dowden Terrace,Week1,Cardinal Hill,Week2,229.0 Cardinal Hill - 172.0 Dowden Terrace
Dowden Terrace,Week2,Pinewood Lake,Week4,342.0 Dowden Terrace - 60.0 Pinewood Lake
Dowden Terrace,Week3,Cardinal Hill,Week5,248.0 Cardinal Hill - 154.0 Dowden Terrace
Dowden Terrace,Week1,Great Falls,Week1,221.0 Dowden Terrace - 181.0 Great Falls
Dunn Loring,Week5,Hamlet,Week3,202.0 Hamlet - 200.0 Dunn Loring
Dunn Loring,Week2,Bren Mar-Edsall Park,Week4,389.0 Dunn Loring - 13.0 Bren Mar-Edsall Park
Dunn Loring,Week3,Laurel Hill,Week2,356.5 Dunn Loring - 45.5 Laurel Hill
Dowden Terrace,Week1,Wakefield Chapel,Week1,298.0 Wakefield Chapel - 104.0 Dowden Terrace
Dowden Terrace,Week5,Fox Mill Estates,Week3,241.0 Dowden Terrace - 161.0 Fox Mill Estates
Dunn Loring,Week3,Laurel Hill,Week3,334.0 Dunn Loring - 68.0 Laurel Hill
Dowden Terrace,Week5,Fox Mill Estates,Week4,238.0 Dowden Terrace - 164.0 Fox Mill Estates
Dunn Loring,Week2,Bren Mar-Edsall Park,Week2,390.0 Dunn Loring - 12.0 Bren Mar-Edsall Park
Dowden Terrace,Week3,Cardinal Hill,Week3,287.0 Cardinal Hill - 115.0 Dowden Terrace
Dowden Terrace,Week4,Canterbury Woods,Week2,270.0 Dowden Terrace - 132.0 Canterbury Woods
Dowden Terrace,Week2,Wakefield Chapel,Week5,297.0 Wakefield Chapel - 105.0 Dowden Terrace
Dowden Terrace,Week3,Wakefield Chapel,Week1,300.0 Wakefield Chapel - 102.0 Dowden Terrace
Dowden Terrace,Week2,Pleasant Valley,Week5,291.0 Dowden Terrace - 106.0 Pleasant Valley
Dowden Terrace,Week2,Wakefield Chapel,Week2,290.0 Wakefield Chapel - 112.0 Dowden Terrace
Dunn Loring,Week3,Hamlet,Week4,223.0 Dunn Loring - 179.0 Hamlet
Dowden Terrace,Week5,Cardinal Hill,Week3,251.0 Cardinal Hill - 151.0 Dowden Terrace
Dowden Terrace,Week2,Pinewood Lake,Week2,353.0 Dowden Terrace - 49.0 Pinewood Lake
Dowden Terrace,Week2,Wakefield Chapel,Week4,290.0 Wakefield Chapel - 112.0 Dowden Terrace
Dowden Terrace,Week1,Fox Mill Woods,Week1,272.0 Fox Mill Woods - 129.0 Dowden Terrace
Dunn Loring,Week3,Lee Graham,Week2,203.0 Lee Graham - 199.0 Dunn Loring
Dunn Loring,Week4,Hamlet,Week1,202.0 Dunn Loring - 200.0 Hamlet
Dowden Terrace,Week4,Fox Mill Woods,Week2,240.0 Fox Mill Woods - 162.0 Dowden Terrace
Dowden Terrace,Week5,Fox Mill Estates,Week2,252.0 Dowden Terrace - 150.0 Fox Mill Estates
Dunn Loring,Week2,Hamlet,Week2,220.0 Hamlet - 182.0 Dunn Loring
Dunn Loring,Week4,Bren Mar-Edsall Park,Week2,387.0 Dunn Loring - 15.0 Bren Mar-Edsall Park
Dowden Terrace,Week5,Fox Mill Woods,Week3,229.0 Fox Mill Woods - 173.0 Dowden Terrace
Dunn Loring,Week5,Hamlet,Week1,209.0 Dunn Loring - 193.0 Hamlet
Dowden Terrace,Week1,Wakefield Chapel,Week2,290.0 Wakefield Chapel - 111.0 Dowden Terrace
Dunn Loring,Week1,Hamlet,Week5,261.0 Hamlet - 141.0 Dunn Loring
Dunn Loring,Week2,Brookfield ,Week4,261.0 Dunn Loring - 141.0 Brookfield
Dowden Terrace,Week5,Cardinal Hill,Week1,242.5 Cardinal Hill - 159.5 Dowden Terrace
Dowden Terrace,Week3,Pleasant Valley,Week5,297.0 Dowden Terrace - 105.0 Pleasant Valley
Dowden Terrace,Week3,Pinewood Lake,Week5,351.0 Dowden Terrace - 50.0 Pinewood Lake
Dowden Terrace,Week2,Wakefield Chapel,Week1,300.0 Wakefield Chapel - 102.0 Dowden Terrace
Dunn Loring,Week3,Hamlet,Week3,213.0 Hamlet - 189.0 Dunn Loring
Dowden Terrace,Week5,Pinewood Lake,Week4,366.0 Dowden Terrace - 36.0 Pinewood Lake
Dowden Terrace,Week5,Fox Mill Woods,Week2,228.0 Fox Mill Woods - 174.0 Dowden Terrace
Dunn Loring,Week3,Bren Mar-Edsall Park,Week2,390.0 Dunn Loring - 12.0 Bren Mar-Edsall Park
Dowden Terrace,Week2,Pinewood Lake,Week3,352.0 Dowden Terrace - 50.0 Pinewood Lake
Dowden Terrace,Week2,Fox Mill Woods,Week2,250.0 Fox Mill Woods - 152.0 Dowden Terrace
Dunn Loring,Week1,Lee Graham,Week5,250.5 Lee Graham - 151.5 Dunn Loring
Dunn Loring,Week2,Bren Mar-Edsall Park,Week1,390.0 Dunn Loring - 12.0 Bren Mar-Edsall Park
Dowden Terrace,Week2,Wakefield Chapel,Week3,290.0 Wakefield Chapel - 112.0 Dowden Terrace
Dowden Terrace,Week5,Canterbury Woods,Week4,264.0 Dowden Terrace - 138.0 Canterbury Woods
Dunn Loring,Week1,Hayfield Farm,Week3,240.0 Dunn Loring - 162.0 Hayfield Farm
Dowden Terrace,Week5,Virginia Run,Week5,209.0 Dowden Terrace - 193.0 Virginia Run
Dowden Terrace,Week1,Pleasant Valley,Week1,294.0 Dowden Terrace - 99.0 Pleasant Valley
Dunn Loring,Week1,Laurel Hill,Week3,308.0 Dunn Loring - 94.0 Laurel Hill
Dunn Loring,Week2,Hayfield Farm,Week1,297.0 Dunn Loring - 105.0 Hayfield Farm
Dowden Terrace,Week1,Great Falls,Week5,202.0 Dowden Terrace - 200.0 Great Falls
Dowden Terrace,Week3,Virginia Run,Week4,243.0 Virginia Run - 159.0 Dowden Terrace
Dunn Loring,Week2,Hayfield Farm,Week2,291.0 Dunn Loring - 111.0 Hayfield Farm
Dowden Terrace,Week4,Canterbury Woods,Week5,254.0 Dowden Terrace - 143.0 Canterbury Woods
Dunn Loring,Week3,Laurel Hill,Week4,342.0 Dunn Loring - 60.0 Laurel Hill
Dunn Loring,Week3,Bren Mar-Edsall Park,Week5,390.0 Dunn Loring - 12.0 Bren Mar-Edsall Park
Dowden Terrace,Week1,Cardinal Hill,Week3,265.5 Cardinal Hill - 135.5 Dowden Terrace
Dunn Loring,Week1,Hayfield Farm,Week5,260.5 Dunn Loring - 141.5 Hayfield Farm
Dowden Terrace,Week4,Pinewood Lake,Week2,354.0 Dowden Terrace - 42.0 Pinewood Lake
Dowden Terrace,Week4,Pinewood Lake,Week4,356.0 Dowden Terrace - 45.0 Pinewood Lake
Dunn Loring,Week4,Hayfield Farm,Week4,303.0 Dunn Loring - 99.0 Hayfield Farm
Dunn Loring,Week4,Bren Mar-Edsall Park,Week4,386.0 Dunn Loring - 16.0 Bren Mar-Edsall Park
Dowden Terrace,Week3,Fox Mill Woods,Week3,267.0 Fox Mill Woods - 135.0 Dowden Terrace
Dowden Terrace,Week2,Cardinal Hill,Week2,217.0 Cardinal Hill - 185.0 Dowden Terrace
Dowden Terrace,Week5,Virginia Run,Week4,221.5 Dowden Terrace - 180.5 Virginia Run
Dunn Loring,Week1,Laurel Hill,Week4,297.0 Dunn Loring - 105.0 Laurel Hill
Dowden Terrace,Week3,Fox Mill Woods,Week4,264.0 Fox Mill Woods - 138.0 Dowden Terrace
Dunn Loring,Week5,Hayfield Farm,Week2,305.0 Dunn Loring - 97.0 Hayfield Farm
Dunn Loring,Week5,Bren Mar-Edsall Park,Week1,387.0 Dunn Loring - 15.0 Bren Mar-Edsall Park
Dunn Loring,Week2,Laurel Hill,Week4,339.0 Dunn Loring - 63.0 Laurel Hill
Dowden Terrace,Week5,Canterbury Woods,Week5,266.0 Dowden Terrace - 136.0 Canterbury Woods
Dunn Loring,Week2,Hayfield Farm,Week3,259.0 Dunn Loring - 143.0 Hayfield Farm
Dowden Terrace,Week1,Pinewood Lake,Week5,337.0 Dowden Terrace - 58.0 Pinewood Lake
Dunn Loring,Week1,Laurel Hill,Week1,314.0 Dunn Loring - 88.0 Laurel Hill
Dunn Loring,Week3,Laurel Hill,Week1,328.0 Dunn Loring - 74.0 Laurel Hill
Dowden Terrace,Week1,Great Falls,Week4,217.0 Dowden Terrace - 184.0 Great Falls
Dowden Terrace,Week4,Virginia Run,Week3,212.0 Dowden Terrace - 190.0 Virginia Run
Dowden Terrace,Week2,Great Falls,Week3,204.0 Dowden Terrace - 198.0 Great Falls
Dunn Loring,Week4,Bren Mar-Edsall Park,Week3,385.0 Dunn Loring - 17.0 Bren Mar-Edsall Park
Dunn Loring,Week1,Bren Mar-Edsall Park,Week5,373.5 Dunn Loring - 23.5 Bren Mar-Edsall Park
Dunn Loring,Week1,Laurel Hill,Week5,276.0 Dunn Loring - 126.0 Laurel Hill
Dowden Terrace,Week5,Pinewood Lake,Week3,365.0 Dowden Terrace - 37.0 Pinewood Lake
Dowden Terrace,Week1,Cardinal Hill,Week4,244.0 Cardinal Hill - 158.0 Dowden Terrace
Dowden Terrace,Week3,Wakefield Chapel,Week2,306.0 Wakefield Chapel - 96.0 Dowden Terrace
Dunn Loring,Week3,Bren Mar-Edsall Park,Week4,388.0 Dunn Loring - 14.0 Bren Mar-Edsall Park
Dowden Terrace,Week4,Canterbury Woods,Week3,261.0 Dowden Terrace - 141.0 Canterbury Woods
Dowden Terrace,Week4,Virginia Run,Week5,212.0 Virginia Run - 190.0 Dowden Terrace
Dunn Loring,Week1,Lee Graham,Week1,245.0 Lee Graham - 157.0 Dunn Loring
Dunn Loring,Week1,Herndon,Week2,323.0 Dunn Loring - 79.0 Herndon
Dunn Loring,Week1,Herndon,Week5,340.0 Dunn Loring - 62.0 Herndon
Dunn Loring,Week4,Laurel Hill,Week4,335.0 Dunn Loring - 67.0 Laurel Hill
Dowden Terrace,Week5,Canterbury Woods,Week2,296.0 Dowden Terrace - 106.0 Canterbury Woods
Dowden Terrace,Week1,Pinewood Lake,Week4,343.0 Dowden Terrace - 52.0 Pinewood Lake
Dunn Loring,Week5,Bren Mar-Edsall Park,Week3,385.0 Dunn Loring - 17.0 Bren Mar-Edsall Park
Dowden Terrace,Week5,Pinewood Lake,Week5,355.0 Dowden Terrace - 47.0 Pinewood Lake
Dowden Terrace,Week2,Great Falls,Week2,202.0 Dowden Terrace - 182.0 Great Falls
Dowden Terrace,Week1,Cardinal Hill,Week5,243.0 Cardinal Hill - 155.0 Dowden Terrace
Dowden Terrace,Week5,Pinewood Lake,Week2,365.0 Dowden Terrace - 37.0 Pinewood Lake
Dunn Loring,Week1,Brookfield ,Week1,217.0 Dunn Loring - 185.0 Brookfield
Dowden Terrace,Week1,Fox Mill Woods,Week4,275.0 Fox Mill Woods - 127.0 Dowden Terrace
Dunn Loring,Week1,Brookfield ,Week2,247.0 Dunn Loring - 155.0 Brookfield
Dunn Loring,Week5,Hayfield Farm,Week4,306.0 Dunn Loring - 96.0 Hayfield Farm
Dunn Loring,Week5,Laurel Hill,Week1,338.0 Dunn Loring - 64.0 Laurel Hill
Dowden Terrace,Week3,Cardinal Hill,Week1,283.0 Cardinal Hill - 119.0 Dowden Terrace
Dunn Loring,Week2,Herndon,Week5,365.0 Dunn Loring - 37.0 Herndon
Dowden Terrace,Week5,Canterbury Woods,Week3,277.0 Dowden Terrace - 125.0 Canterbury Woods
Dunn Loring,Week4,Hayfield Farm,Week2,291.0 Dunn Loring - 111.0 Hayfield Farm
Dowden Terrace,Week2,Walden Glen,Week1,265.0 Dowden Terrace - 137.0 Walden Glen
Dowden Terrace,Week2,Pinewood Lake,Week5,337.0 Dowden Terrace - 65.0 Pinewood Lake
Dowden Terrace,Week2,Great Falls,Week4,214.0 Dowden Terrace - 188.0 Great Falls
Dowden Terrace,Week2,Walden Glen,Week4,224.0 Dowden Terrace - 178.0 Walden Glen
Dowden Terrace,Week3,Pinewood Lake,Week3,369.0 Dowden Terrace - 32.0 Pinewood Lake
Dowden Terrace,Week1,Wakefield Chapel,Week5,297.0 Wakefield Chapel - 105.0 Dowden Terrace
Dunn Loring,Week3,Bren Mar-Edsall Park,Week1,391.0 Dunn Loring - 11.0 Bren Mar-Edsall Park
Dowden Terrace,Week3,Fox Mill Woods,Week2,265.0 Fox Mill Woods - 137.0 Dowden Terrace
Dowden Terrace,Week2,Fox Mill Woods,Week1,256.0 Fox Mill Woods - 146.0 Dowden Terrace
Dowden Terrace,Week2,Cardinal Hill,Week1,265.0 Cardinal Hill - 137.0 Dowden Terrace
Dowden Terrace,Week3,Wakefield Chapel,Week3,301.0 Wakefield Chapel - 101.0 Dowden Terrace
Dunn Loring,Week3,Herndon,Week4,368.0 Dunn Loring - 34.0 Herndon
Dunn Loring,Week4,Laurel Hill,Week3,332.0 Dunn Loring - 70.0 Laurel Hill
Dunn Loring,Week3,Laurel Hill,Week5,321.0 Dunn Loring - 81.0 Laurel Hill
Dowden Terrace,Week4,Wakefield Chapel,Week2,267.0 Wakefield Chapel - 135.0 Dowden Terrace
Dowden Terrace,Week5,Wakefield Chapel,Week5,279.0 Wakefield Chapel - 123.0 Dowden Terrace
Dowden Terrace,Week1,Fox Mill Woods,Week5,262.0 Fox Mill Woods - 140.0 Dowden Terrace
Dunn Loring,Week5,Laurel Hill,Week4,346.0 Dunn Loring - 56.0 Laurel Hill
Dunn Loring,Week1,Brookfield ,Week4,235.0 Dunn Loring - 167.0 Brookfield
Dunn Loring,Week5,Bren Mar-Edsall Park,Week2,388.0 Dunn Loring - 14.0 Bren Mar-Edsall Park
Dowden Terrace,Week2,Cardinal Hill,Week4,241.0 Cardinal Hill - 161.0 Dowden Terrace
Dunn Loring,Week2,Brookfield ,Week2,280.0 Dunn Loring - 122.0 Brookfield
Dowden Terrace,Week2,Fox Mill Woods,Week5,259.0 Fox Mill Woods - 143.0 Dowden Terrace
Dowden Terrace,Week4,Canterbury Woods,Week4,249.0 Dowden Terrace - 153.0 Canterbury Woods
Dowden Terrace,Week4,Wakefield Chapel,Week1,287.0 Wakefield Chapel - 115.0 Dowden Terrace
Dowden Terrace,Week3,Pinewood Lake,Week1,357.0 Dowden Terrace - 44.0 Pinewood Lake
Dowden Terrace,Week4,Pinewood Lake,Week3,355.0 Dowden Terrace - 46.0 Pinewood Lake
Dunn Loring,Week1,Laurel Hill,Week2,328.0 Dunn Loring - 69.0 Laurel Hill
Dunn Loring,Week3,Herndon,Week2,364.0 Dunn Loring - 38.0 Herndon
Dowden Terrace,Week2,Fox Mill Woods,Week4,250.0 Fox Mill Woods - 152.0 Dowden Terrace
Dunn Loring,Week1,Lee Graham,Week3,238.0 Lee Graham - 164.0 Dunn Loring
Dunn Loring,Week5,Herndon,Week4,372.5 Dunn Loring - 29.5 Herndon
Dowden Terrace,Week5,Walden Glen,Week4,261.0 Dowden Terrace - 141.0 Walden Glen
Dowden Terrace,Week4,Pinewood Lake,Week5,344.0 Dowden Terrace - 57.0 Pinewood Lake
Dunn Loring,Week4,Brookfield ,Week4,268.0 Dunn Loring - 134.0 Brookfield
Dowden Terrace,Week4,Wakefield Chapel,Week4,280.0 Wakefield Chapel - 122.0 Dowden Terrace
Dowden Terrace,Week1,Pleasant Valley,Week4,309.0 Dowden Terrace - 79.0 Pleasant Valley
Dowden Terrace,Week1,Cardinal Hill,Week1,251.0 Cardinal Hill - 151.0 Dowden Terrace
Dowden Terrace,Week1,Fox Mill Woods,Week3,253.0 Fox Mill Woods - 149.0 Dowden Terrace
Dowden Terrace,Week1,Walden Glen,Week3,225.0 Dowden Terrace - 177.0 Walden Glen
Dunn Loring,Week4,Herndon,Week5,372.0 Dunn Loring - 30.0 Herndon
Dunn Loring,Week5,Laurel Hill,Week5,320.0 Dunn Loring - 82.0 Laurel Hill
Dowden Terrace,Week1,Pleasant Valley,Week2,297.0 Dowden Terrace - 96.0 Pleasant Valley
Dunn Loring,Week3,Hayfield Farm,Week2,308.0 Dunn Loring - 94.0 Hayfield Farm
Dunn Loring,Week1,Lee Graham,Week4,227.0 Lee Graham - 175.0 Dunn Loring
Dunn Loring,Week3,Brookfield ,Week2,295.0 Dunn Loring - 107.0 Brookfield
Dowden Terrace,Week4,Fox Mill Woods,Week1,247.5 Fox Mill Woods - 154.5 Dowden Terrace
Dowden Terrace,Week5,Canterbury Woods,Week1,276.0 Dowden Terrace - 126.0 Canterbury Woods
Dowden Terrace,Week3,Cardinal Hill,Week2,256.0 Cardinal Hill - 146.0 Dowden Terrace
Dunn Loring,Week3,Broyhill Crest,Week1,384.0 Dunn Loring - 18.0 Broyhill Crest
Dunn Loring,Week2,Lee Graham,Week4,205.0 Lee Graham - 197.0 Dunn Loring
Dowden Terrace,Week2,Walden Glen,Week5,218.0 Dowden Terrace - 184.0 Walden Glen
Dunn Loring,Week2,Lee Graham,Week3,218.0 Lee Graham - 184.0 Dunn Loring
Dunn Loring,Week4,Brookfield ,Week1,269.0 Dunn Loring - 133.0 Brookfield
Dowden Terrace,Week2,Pleasant Valley,Week2,296.0 Dowden Terrace - 100.0 Pleasant Valley
Dunn Loring,Week3,Brookfield ,Week1,280.0 Dunn Loring - 122.0 Brookfield
Dunn Loring,Week2,Lee Graham,Week1,217.0 Lee Graham - 185.0 Dunn Loring
Dunn Loring,Week1,Lee Graham,Week2,237.0 Lee Graham - 165.0 Dunn Loring
Dowden Terrace,Week2,Pleasant Valley,Week4,308.0 Dowden Terrace - 88.0 Pleasant Valley
Dunn Loring,Week5,Hayfield Farm,Week5,284.0 Dunn Loring - 118.0 Hayfield Farm
Dowden Terrace,Week1,Waynewood,Week2,246.0 Waynewood - 156.0 Dowden Terrace
Dowden Terrace,Week3,Walden Glen,Week1,246.0 Dowden Terrace - 156.0 Walden Glen
Dowden Terrace,Week4,Cardinal Hill,Week4,227.0 Cardinal Hill - 175.0 Dowden Terrace
Dowden Terrace,Week3,Fox Mill Woods,Week1,269.0 Fox Mill Woods - 133.0 Dowden Terrace
Dunn Loring,Week4,Herndon,Week2,364.0 Dunn Loring - 38.0 Herndon
Dowden Terrace,Week2,Fox Mill Woods,Week3,252.0 Fox Mill Woods - 150.0 Dowden Terrace
Dunn Loring,Week3,Herndon,Week5,371.0 Dunn Loring - 31.0 Herndon
Dowden Terrace,Week4,Cardinal Hill,Week3,252.0 Cardinal Hill - 150.0 Dowden Terrace
Dowden Terrace,Week2,Pleasant Valley,Week1,293.0 Dowden Terrace - 103.0 Pleasant Valley
Dunn Loring,Week3,Broyhill Crest,Week3,387.0 Dunn Loring - 15.0 Broyhill Crest
Dowden Terrace,Week1,Walden Glen,Week5,210.0 Dowden Terrace - 188.0 Walden Glen
Dowden Terrace,Week3,Fox Mill Woods,Week5,275.0 Fox Mill Woods - 127.0 Dowden Terrace
Dowden Terrace,Week3,Pleasant Valley,Week2,309.0 Dowden Terrace - 93.0 Pleasant Valley
Dowden Terrace,Week4,Fox Mill Woods,Week4,232.0 Fox Mill Woods - 170.0 Dowden Terrace
Dowden Terrace,Week4,Fox Mill Woods,Week3,237.0 Fox Mill Woods - 165.0 Dowden Terrace
Dowden Terrace,Week1,Pleasant Valley,Week5,292.0 Dowden Terrace - 101.0 Pleasant Valley
Dunn Loring,Week4,Brookfield ,Week2,286.0 Dunn Loring - 116.0 Brookfield
Dowden Terrace,Week4,Cardinal Hill,Week2,218.0 Cardinal Hill - 179.0 Dowden Terrace
Dunn Loring,Week1,Herndon,Week3,344.0 Dunn Loring - 58.0 Herndon
Dowden Terrace,Week4,Cardinal Hill,Week1,257.0 Cardinal Hill - 145.0 Dowden Terrace
Dunn Loring,Week5,Brookfield ,Week5,289.0 Dunn Loring - 113.0 Brookfield
Dowden Terrace,Week5,Wakefield Chapel,Week2,265.5 Wakefield Chapel - 136.5 Dowden Terrace
Dunn Loring,Week3,Brookfield ,Week4,274.5 Dunn Loring - 127.5 Brookfield
Dunn Loring,Week4,Hayfield Farm,Week5,291.0 Dunn Loring - 111.0 Hayfield Farm
Dowden Terrace,Week5,Fox Mill Woods,Week5,243.0 Fox Mill Woods - 159.0 Dowden Terrace
Dowden Terrace,Week4,Pleasant Valley,Week4,316.0 Dowden Terrace - 86.0 Pleasant Valley
Dowden Terrace,Week3,Pleasant Valley,Week4,323.0 Dowden Terrace - 79.0 Pleasant Valley
Dowden Terrace,Week4,Fox Mill Woods,Week5,241.0 Fox Mill Woods - 161.0 Dowden Terrace
Dowden Terrace,Week4,Walden Glen,Week2,254.0 Dowden Terrace - 143.0 Walden Glen
Dunn Loring,Week1,Broyhill Crest,Week2,381.0 Dunn Loring - 21.0 Broyhill Crest
Dunn Loring,Week3,Hayfield Farm,Week3,277.0 Dunn Loring - 125.0 Hayfield Farm
Dowden Terrace,Week1,Chesterbrook,Week3,356.5 Chesterbrook - 45.5 Dowden Terrace
Dunn Loring,Week2,Lee Graham,Week5,226.0 Lee Graham - 176.0 Dunn Loring
Dowden Terrace,Week4,Cardinal Hill,Week5,237.0 Cardinal Hill - 165.0 Dowden Terrace
Dowden Terrace,Week4,Pleasant Valley,Week1,306.0 Dowden Terrace - 96.0 Pleasant Valley
Dowden Terrace,Week5,Wakefield Chapel,Week4,265.0 Wakefield Chapel - 137.0 Dowden Terrace
Dowden Terrace,Week5,Cardinal Hill,Week4,224.0 Cardinal Hill - 178.0 Dowden Terrace
Dowden Terrace,Week1,Chesterbrook,Week4,341.0 Chesterbrook - 61.0 Dowden Terrace
Dunn Loring,Week2,Herndon,Week2,353.0 Dunn Loring - 49.0 Herndon
Dowden Terrace,Week5,Fox Mill Woods,Week1,239.0 Fox Mill Woods - 163.0 Dowden Terrace
Dowden Terrace,Week5,Pleasant Valley,Week1,324.0 Dowden Terrace - 78.0 Pleasant Valley
Dunn Loring,Week3,Lee Graham,Week3,208.0 Lee Graham - 194.0 Dunn Loring
Dowden Terrace,Week5,Cardinal Hill,Week5,223.0 Cardinal Hill - 179.0 Dowden Terrace
Dunn Loring,Week3,Lee Graham,Week1,212.0 Lee Graham - 190.0 Dunn Loring
Dunn Loring,Week4,Hayfield Farm,Week1,289.0 Dunn Loring - 113.0 Hayfield Farm
Dowden Terrace,Week5,Cardinal Hill,Week2,202.0 Dowden Terrace - 200.0 Cardinal Hill
Dowden Terrace,Week3,Pleasant Valley,Week3,292.0 Dowden Terrace - 110.0 Pleasant Valley
Dunn Loring,Week2,Lincolnia Park,Week1,373.0 Dunn Loring - 29.0 Lincolnia Park
Dowden Terrace,Week1,Great Falls,Week3,205.0 Dowden Terrace - 197.0 Great Falls
Dowden Terrace,Week1,Walden Glen,Week4,217.0 Dowden Terrace - 176.0 Walden Glen
Dunn Loring,Week1,Lincolnia Park,Week4,345.0 Dunn Loring - 57.0 Lincolnia Park
Dowden Terrace,Week4,Walden Glen,Week3,250.0 Dowden Terrace - 152.0 Walden Glen
Dowden Terrace,Week5,Fox Mill Woods,Week4,220.0 Fox Mill Woods - 182.0 Dowden Terrace
Dowden Terrace,Week2,Walden Glen,Week3,237.0 Dowden Terrace - 165.0 Walden Glen
Dunn Loring,Week5,Brookfield ,Week4,276.0 Dunn Loring - 126.0 Brookfield
Dunn Loring,Week4,Lee Graham,Week5,234.0 Lee Graham - 168.0 Dunn Loring
Dunn Loring,Week2,Lee Graham,Week2,211.0 Lee Graham - 191.0 Dunn Loring
Dowden Terrace,Week5,Wakefield Chapel,Week1,272.0 Wakefield Chapel - 130.0 Dowden Terrace
Dowden Terrace,Week1,Great Falls,Week2,214.0 Dowden Terrace - 170.0 Great Falls
Dunn Loring,Week5,Brookfield ,Week3,299.0 Dunn Loring - 103.0 Brookfield
Dowden Terrace,Week2,Great Falls,Week1,228.0 Dowden Terrace - 174.0 Great Falls
Dowden Terrace,Week1,Chesterbrook,Week1,337.0 Chesterbrook - 60.0 Dowden Terrace
Dunn Loring,Week1,Broyhill Crest,Week4,362.0 Dunn Loring - 40.0 Broyhill Crest
Dunn Loring,Week3,Hayfield Farm,Week5,302.0 Dunn Loring - 100.0 Hayfield Farm
Dunn Loring,Week4,Hayfield Farm,Week3,265.0 Dunn Loring - 137.0 Hayfield Farm
Dunn Loring,Week1,Broyhill Crest,Week5,356.0 Dunn Loring - 46.0 Broyhill Crest
Dowden Terrace,Week3,Pleasant Valley,Week1,299.0 Dowden Terrace - 103.0 Pleasant Valley
Dunn Loring,Week1,Herndon,Week1,338.0 Dunn Loring - 64.0 Herndon
Dowden Terrace,Week1,Poplar Heights,Week3,229.0 Poplar Heights - 173.0 Dowden Terrace
Dunn Loring,Week5,Hayfield Farm,Week1,304.0 Dunn Loring - 98.0 Hayfield Farm
Dunn Loring,Week5,Lee Graham,Week2,203.0 Lee Graham - 199.0 Dunn Loring
Dunn Loring,Week2,Broyhill Crest,Week3,387.0 Dunn Loring - 15.0 Broyhill Crest
Donaldson Run,Week3,Pinewood Lake,Week5,384.0 Donaldson Run - 17.0 Pinewood Lake
Dunn Loring,Week4,Lee Graham,Week1,220.0 Lee Graham - 182.0 Dunn Loring
Donaldson Run,Week3,Pinewood Lake,Week4,390.0 Donaldson Run - 10.0 Pinewood Lake
Dowden Terrace,Week5,Great Falls,Week5,212.5 Dowden Terrace - 189.5 Great Falls
Dunn Loring,Week2,Broyhill Crest,Week4,378.5 Dunn Loring - 23.5 Broyhill Crest
Dowden Terrace,Week5,Walden Glen,Week1,284.0 Dowden Terrace - 118.0 Walden Glen
Dowden Terrace,Week1,Walden Glen,Week1,261.0 Dowden Terrace - 139.0 Walden Glen
Dunn Loring,Week3,Lee Graham,Week5,229.0 Lee Graham - 173.0 Dunn Loring
Dowden Terrace,Week1,Greenbriar,Week4,204.0 Dowden Terrace - 197.0 Greenbriar
Dowden Terrace,Week2,Chesterbrook,Week2,339.0 Chesterbrook - 63.0 Dowden Terrace
Dowden Terrace,Week2,Poplar Heights,Week1,218.0 Poplar Heights - 184.0 Dowden Terrace
Dunn Loring,Week2,Herndon,Week4,362.0 Dunn Loring - 40.0 Herndon
Dunn Loring,Week3,Hayfield Farm,Week4,314.0 Dunn Loring - 88.0 Hayfield Farm
Dowden Terrace,Week1,Chesterbrook,Week5,349.0 Chesterbrook - 52.0 Dowden Terrace
Dowden Terrace,Week2,Chesterbrook,Week1,330.0 Chesterbrook - 72.0 Dowden Terrace
Dowden Terrace,Week1,Poplar Heights,Week5,238.5 Poplar Heights - 163.5 Dowden Terrace
Donaldson Run,Week1,Pinewood Lake,Week4,392.0 Donaldson Run - 10.0 Pinewood Lake
Dowden Terrace,Week4,Walden Glen,Week4,235.0 Dowden Terrace - 162.0 Walden Glen
Dunn Loring,Week5,Lee Graham,Week4,210.0 Dunn Loring - 192.0 Lee Graham
Dunn Loring,Week2,Broyhill Crest,Week1,382.0 Dunn Loring - 20.0 Broyhill Crest
Dowden Terrace,Week2,Poplar Heights,Week3,231.0 Poplar Heights - 171.0 Dowden Terrace
Donaldson Run,Week3,Pinewood Lake,Week1,379.0 Donaldson Run - 21.0 Pinewood Lake
Dunn Loring,Week1,Herndon,Week4,340.0 Dunn Loring - 62.0 Herndon
Donaldson Run,Week2,Pinewood Lake,Week2,384.0 Donaldson Run - 18.0 Pinewood Lake
Dowden Terrace,Week4,Great Falls,Week5,209.0 Dowden Terrace - 188.0 Great Falls
Dowden Terrace,Week1,Poplar Heights,Week2,229.0 Poplar Heights - 172.0 Dowden Terrace
Dowden Terrace,Week2,Chesterbrook,Week3,352.0 Chesterbrook - 50.0 Dowden Terrace
Dunn Loring,Week5,Lee Graham,Week3,212.0 Lee Graham - 190.0 Dunn Loring
Dowden Terrace,Week5,Walden Glen,Week3,265.0 Dowden Terrace - 137.0 Walden Glen
Dowden Terrace,Week5,Pleasant Valley,Week4,332.0 Dowden Terrace - 69.0 Pleasant Valley
Dunn Loring,Week5,Hayfield Farm,Week3,274.0 Dunn Loring - 128.0 Hayfield Farm
Donaldson Run,Week3,Pinewood Lake,Week2,389.0 Donaldson Run - 11.0 Pinewood Lake
Dowden Terrace,Week3,Great Falls,Week4,210.0 Dowden Terrace - 192.0 Great Falls
Dowden Terrace,Week2,Poplar Heights,Week2,222.0 Poplar Heights - 180.0 Dowden Terrace
Dowden Terrace,Week1,Chesterbrook,Week2,350.0 Chesterbrook - 52.0 Dowden Terrace
Dowden Terrace,Week4,Wakefield Chapel,Week5,293.0 Wakefield Chapel - 109.0 Dowden Terrace
Dowden Terrace,Week5,Great Falls,Week4,225.5 Dowden Terrace - 176.5 Great Falls
Dunn Loring,Week1,Burke Station,Week4,312.0 Dunn Loring - 90.0 Burke Station
Dowden Terrace,Week2,Chesterbrook,Week4,334.0 Chesterbrook - 68.0 Dowden Terrace
Dunn Loring,Week2,Herndon,Week1,355.0 Dunn Loring - 47.0 Herndon
Dunn Loring,Week4,Brookfield ,Week5,280.0 Dunn Loring - 122.0 Brookfield
Dowden Terrace,Week3,Walden Glen,Week4,204.0 Walden Glen - 198.0 Dowden Terrace
Dunn Loring,Week4,Lee Graham,Week2,206.0 Lee Graham - 196.0 Dunn Loring
Dowden Terrace,Week3,Great Falls,Week3,204.0 Great Falls - 198.0 Dowden Terrace
Dunn Loring,Week3,Broyhill Crest,Week5,378.0 Dunn Loring - 24.0 Broyhill Crest
Donaldson Run,Week1,Pinewood Lake,Week1,383.0 Donaldson Run - 19.0 Pinewood Lake
Dowden Terrace,Week4,Walden Glen,Week1,271.0 Dowden Terrace - 126.0 Walden Glen
Dunn Loring,Week2,Herndon,Week3,370.0 Dunn Loring - 32.0 Herndon
Dunn Loring,Week5,Brookfield ,Week2,293.0 Dunn Loring - 109.0 Brookfield
Dunn Loring,Week1,Lincolnia Park,Week3,329.0 Dunn Loring - 64.0 Lincolnia Park
Dunn Loring,Week3,Herndon,Week1,366.0 Dunn Loring - 36.0 Herndon
Dowden Terrace,Week3,Poplar Heights,Week3,247.0 Poplar Heights - 155.0 Dowden Terrace
Dowden Terrace,Week5,Orange Hunt,Week1,211.0 Dowden Terrace - 191.0 Orange Hunt
Dunn Loring,Week1,Lincolnia Park,Week2,344.0 Dunn Loring - 49.0 Lincolnia Park
Dowden Terrace,Week5,Great Falls,Week2,241.0 Dowden Terrace - 143.0 Great Falls
Dowden Terrace,Week3,Walden Glen,Week5,208.0 Walden Glen - 194.0 Dowden Terrace
Dunn Loring,Week1,Broyhill Crest,Week3,373.0 Dunn Loring - 29.0 Broyhill Crest
Donaldson Run,Week4,Pinewood Lake,Week2,388.0 Donaldson Run - 11.0 Pinewood Lake
Dowden Terrace,Week1,Greenbriar,Week2,240.0 Greenbriar - 162.0 Dowden Terrace
Dowden Terrace,Week3,Poplar Heights,Week2,227.0 Poplar Heights - 175.0 Dowden Terrace
Dowden Terrace,Week3,Great Falls,Week1,221.0 Dowden Terrace - 181.0 Great Falls
Dunn Loring,Week1,Broyhill Crest,Week1,371.0 Dunn Loring - 26.0 Broyhill Crest
Dowden Terrace,Week3,Poplar Heights,Week4,243.0 Poplar Heights - 159.0 Dowden Terrace
Dunn Loring,Week4,Herndon,Week3,372.0 Dunn Loring - 30.0 Herndon
Dunn Loring,Week4,Brookfield ,Week3,290.0 Dunn Loring - 112.0 Brookfield
Dowden Terrace,Week5,Great Falls,Week1,246.0 Dowden Terrace - 156.0 Great Falls
Dowden Terrace,Week1,Walden Glen,Week2,221.0 Dowden Terrace - 180.0 Walden Glen
Dowden Terrace,Week5,Orange Hunt,Week3,202.0 Dowden Terrace - 200.0 Orange Hunt
Dowden Terrace,Week5,Pleasant Valley,Week2,324.0 Dowden Terrace - 78.0 Pleasant Valley
Dunn Loring,Week2,Lincolnia Park,Week2,363.0 Dunn Loring - 30.0 Lincolnia Park
Dowden Terrace,Week2,Walden Glen,Week2,229.0 Dowden Terrace - 173.0 Walden Glen
Donaldson Run,Week4,Pinewood Lake,Week4,391.0 Donaldson Run - 8.0 Pinewood Lake
Dowden Terrace,Week5,Orange Hunt,Week5,204.0 Orange Hunt - 198.0 Dowden Terrace
Donaldson Run,Week4,Pinewood Lake,Week3,394.0 Donaldson Run - 5.0 Pinewood Lake
Dunn Loring,Week5,Brookfield ,Week1,279.0 Dunn Loring - 123.0 Brookfield
Dunn Loring,Week3,Herndon,Week3,367.0 Dunn Loring - 35.0 Herndon
Dowden Terrace,Week2,Orange Hunt,Week2,213.0 Orange Hunt - 189.0 Dowden Terrace
Dunn Loring,Week2,Lincolnia Park,Week5,347.0 Dunn Loring - 46.0 Lincolnia Park
Dowden Terrace,Week5,Wakefield Chapel,Week3,268.0 Wakefield Chapel - 134.0 Dowden Terrace
Dowden Terrace,Week1,Greenbriar,Week1,205.0 Greenbriar - 196.0 Dowden Terrace
Dunn Loring,Week4,Herndon,Week1,371.0 Dunn Loring - 31.0 Herndon
Dowden Terrace,Week1,Overlee,Week1,328.0 Overlee - 74.0 Dowden Terrace
Dowden Terrace,Week2,Greenbriar,Week1,207.0 Dowden Terrace - 195.0 Greenbriar
Dunn Loring,Week1,Lincolnia Park,Week1,358.0 Dunn Loring - 44.0 Lincolnia Park
Dunn Loring,Week4,Herndon,Week4,369.0 Dunn Loring - 33.0 Herndon
Donaldson Run,Week1,Pinewood Lake,Week3,392.0 Donaldson Run - 10.0 Pinewood Lake
Dowden Terrace,Week5,Pleasant Valley,Week5,321.0 Dowden Terrace - 80.0 Pleasant Valley
Dunn Loring,Week3,Lincolnia Park,Week1,378.0 Dunn Loring - 24.0 Lincolnia Park
Donaldson Run,Week4,Pinewood Lake,Week5,387.0 Donaldson Run - 15.0 Pinewood Lake
Donaldson Run,Week3,Pinewood Lake,Week3,393.5 Donaldson Run - 6.5 Pinewood Lake
Dunn Loring,Week2,Broyhill Crest,Week2,388.0 Dunn Loring - 14.0 Broyhill Crest
Dunn Loring,Week5,Herndon,Week1,369.0 Dunn Loring - 33.0 Herndon
Dowden Terrace,Week3,Walden Glen,Week2,214.5 Dowden Terrace - 187.5 Walden Glen
Dowden Terrace,Week2,Poplar Heights,Week5,224.0 Poplar Heights - 178.0 Dowden Terrace
Dowden Terrace,Week1,Overlee,Week4,362.0 Overlee - 40.0 Dowden Terrace
Dunn Loring,Week4,Lee Graham,Week3,226.0 Lee Graham - 176.0 Dunn Loring
Dowden Terrace,Week4,Walden Glen,Week5,217.0 Dowden Terrace - 185.0 Walden Glen
Dunn Loring,Week1,Hiddenbrook,Week3,271.0 Dunn Loring - 131.0 Hiddenbrook
Dowden Terrace,Week2,Greenbriar,Week2,222.0 Greenbriar - 180.0 Dowden Terrace
Dowden Terrace,Week1,Greenbriar,Week3,234.0 Greenbriar - 168.0 Dowden Terrace
Dunn Loring,Week5,Herndon,Week2,365.0 Dunn Loring - 37.0 Herndon
Donaldson Run,Week5,Pinecrest,Week4,236.0 Donaldson Run - 166.0 Pinecrest
Dunn Loring,Week2,Broyhill Crest,Week5,376.0 Dunn Loring - 26.0 Broyhill Crest
Dunn Loring,Week5,Herndon,Week3,373.0 Dunn Loring - 29.0 Herndon
Dowden Terrace,Week4,Great Falls,Week2,218.0 Dowden Terrace - 166.0 Great Falls
Dowden Terrace,Week2,Overlee,Week2,334.0 Overlee - 68.0 Dowden Terrace
Dowden Terrace,Week3,Walden Glen,Week3,231.0 Dowden Terrace - 171.0 Walden Glen
Dowden Terrace,Week3,Poplar Heights,Week1,224.0 Poplar Heights - 178.0 Dowden Terrace
Dunn Loring,Week4,Lee Graham,Week4,203.0 Lee Graham - 199.0 Dunn Loring
Donaldson Run,Week5,Pinewood Lake,Week3,394.0 Donaldson Run - 7.0 Pinewood Lake
Dowden Terrace,Week5,Pleasant Valley,Week3,309.0 Dowden Terrace - 93.0 Pleasant Valley
Dunn Loring,Week3,Brookfield ,Week3,294.0 Dunn Loring - 108.0 Brookfield
Dunn Loring,Week1,Lincolnia Park,Week5,329.0 Dunn Loring - 64.0 Lincolnia Park
Dowden Terrace,Week5,Walden Glen,Week2,253.0 Dowden Terrace - 149.0 Walden Glen
Donaldson Run,Week5,Pinewood Lake,Week2,390.0 Donaldson Run - 11.0 Pinewood Lake
Dowden Terrace,Week4,Poplar Heights,Week1,202.0 Poplar Heights - 200.0 Dowden Terrace
Dowden Terrace,Week2,Overlee,Week4,356.0 Overlee - 46.0 Dowden Terrace
Dunn Loring,Week3,Brookfield ,Week5,280.0 Dunn Loring - 122.0 Brookfield
Dunn Loring,Week3,Lincolnia Park,Week2,371.0 Dunn Loring - 22.0 Lincolnia Park
Dowden Terrace,Week4,Waynewood,Week5,257.0 Waynewood - 145.0 Dowden Terrace
Donaldson Run,Week5,Pinecrest,Week5,223.0 Donaldson Run - 179.0 Pinecrest
Dowden Terrace,Week3,Great Falls,Week5,204.0 Great Falls - 198.0 Dowden Terrace
Dowden Terrace,Week3,Orange Hunt,Week4,227.0 Orange Hunt - 175.0 Dowden Terrace
Dowden Terrace,Week1,Waynewood,Week1,236.5 Waynewood - 165.5 Dowden Terrace
Dunn Loring,Week1,Hiddenbrook,Week4,277.0 Dunn Loring - 125.0 Hiddenbrook
Dunn Loring,Week4,Broyhill Crest,Week3,391.0 Dunn Loring - 11.0 Broyhill Crest
Dowden Terrace,Week4,Orange Hunt,Week2,214.0 Orange Hunt - 188.0 Dowden Terrace
Dowden Terrace,Week1,Poplar Heights,Week4,232.0 Poplar Heights - 169.0 Dowden Terrace
Dowden Terrace,Week4,Pleasant Valley,Week2,310.0 Dowden Terrace - 92.0 Pleasant Valley
Donaldson Run,Week5,Pinewood Lake,Week1,377.0 Donaldson Run - 19.0 Pinewood Lake
Dowden Terrace,Week2,Waynewood,Week4,240.0 Waynewood - 162.0 Dowden Terrace
Dunn Loring,Week4,Hiddenbrook,Week2,356.0 Dunn Loring - 46.0 Hiddenbrook
Dowden Terrace,Week5,Walden Glen,Week5,240.0 Dowden Terrace - 162.0 Walden Glen
Dunn Loring,Week2,Lincolnia Park,Week3,345.0 Dunn Loring - 48.0 Lincolnia Park
Donaldson Run,Week5,Pinewood Lake,Week4,393.0 Donaldson Run - 8.0 Pinewood Lake
Dunn Loring,Week3,Broyhill Crest,Week2,388.0 Dunn Loring - 14.0 Broyhill Crest
Dunn Loring,Week4,Broyhill Crest,Week5,389.5 Dunn Loring - 12.5 Broyhill Crest
Dowden Terrace,Week2,Orange Hunt,Week5,239.0 Orange Hunt - 163.0 Dowden Terrace
Dowden Terrace,Week3,Poplar Heights,Week5,250.0 Poplar Heights - 152.0 Dowden Terrace
Dunn Loring,Week2,Hiddenbrook,Week4,300.0 Dunn Loring - 102.0 Hiddenbrook
Dowden Terrace,Week4,Great Falls,Week4,209.5 Dowden Terrace - 187.5 Great Falls
Dowden Terrace,Week4,Poplar Heights,Week2,215.0 Poplar Heights - 187.0 Dowden Terrace
Dowden Terrace,Week4,Great Falls,Week3,200.0 Great Falls - 197.0 Dowden Terrace
Dowden Terrace,Week1,Greenbriar,Week5,241.0 Greenbriar - 161.0 Dowden Terrace
Dunn Loring,Week2,Lincolnia Park,Week4,362.0 Dunn Loring - 40.0 Lincolnia Park
Dunn Loring,Week5,Lee Graham,Week5,227.0 Lee Graham - 175.0 Dunn Loring
Dowden Terrace,Week4,Orange Hunt,Week3,214.0 Orange Hunt - 188.0 Dowden Terrace
Dunn Loring,Week4,Broyhill Crest,Week1,392.0 Dunn Loring - 10.0 Broyhill Crest
Dunn Loring,Week2,Hiddenbrook,Week5,291.0 Dunn Loring - 111.0 Hiddenbrook
Dowden Terrace,Week2,Woodley,Week1,279.0 Dowden Terrace - 123.0 Woodley
Dunn Loring,Week3,Broyhill Crest,Week4,382.0 Dunn Loring - 20.0 Broyhill Crest
Dowden Terrace,Week3,Waynewood,Week2,259.0 Waynewood - 143.0 Dowden Terrace
Dunn Loring,Week2,Hiddenbrook,Week3,294.0 Dunn Loring - 108.0 Hiddenbrook
Donaldson Run,Week2,Pinewood Lake,Week1,374.0 Donaldson Run - 26.0 Pinewood Lake
Dowden Terrace,Week4,Great Falls,Week1,224.0 Dowden Terrace - 178.0 Great Falls
Dowden Terrace,Week3,Great Falls,Week2,208.0 Dowden Terrace - 176.0 Great Falls
Dowden Terrace,Week2,Poplar Tree,Week3,243.0 Poplar Tree - 159.0 Dowden Terrace
Dunn Loring,Week4,High Point Pool,Week1,239.0 Dunn Loring - 163.0 High Point Pool
Dowden Terrace,Week5,Poplar Heights,Week5,205.0 Poplar Heights - 197.0 Dowden Terrace
Dowden Terrace,Week2,Orange Hunt,Week3,230.0 Orange Hunt - 172.0 Dowden Terrace
Dunn Loring,Week3,Hiddenbrook,Week1,327.0 Dunn Loring - 75.0 Hiddenbrook
Dowden Terrace,Week3,Orange Hunt,Week3,233.0 Orange Hunt - 169.0 Dowden Terrace
Dunn Loring,Week1,Burke Station,Week1,293.0 Dunn Loring - 86.0 Burke Station
Donaldson Run,Week2,Pinewood Lake,Week4,386.0 Donaldson Run - 14.0 Pinewood Lake
Donaldson Run,Week2,Pinewood Lake,Week5,385.0 Donaldson Run - 15.0 Pinewood Lake
Dunn Loring,Week3,Hiddenbrook,Week2,348.0 Dunn Loring - 54.0 Hiddenbrook
Dowden Terrace,Week5,Waynewood,Week2,207.0 Waynewood - 195.0 Dowden Terrace
Dowden Terrace,Week5,Great Falls,Week3,226.0 Dowden Terrace - 176.0 Great Falls
Dowden Terrace,Week2,Poplar Heights,Week4,225.5 Poplar Heights - 176.5 Dowden Terrace
Dunn Loring,Week3,High Point Pool,Week2,248.0 Dunn Loring - 154.0 High Point Pool
Dunn Loring,Week1,Hiddenbrook,Week5,264.5 Dunn Loring - 137.5 Hiddenbrook
Donaldson Run,Week4,Pinewood Lake,Week1,377.5 Donaldson Run - 22.5 Pinewood Lake
Dunn Loring,Week5,Lee Graham,Week1,211.0 Lee Graham - 191.0 Dunn Loring
Dowden Terrace,Week4,Waynewood,Week1,216.0 Waynewood - 186.0 Dowden Terrace
Donaldson Run,Week2,Pinewood Lake,Week3,389.0 Donaldson Run - 12.0 Pinewood Lake
Dunn Loring,Week4,Hiddenbrook,Week3,301.0 Dunn Loring - 101.0 Hiddenbrook
Dunn Loring,Week2,High Point Pool,Week5,242.0 Dunn Loring - 160.0 High Point Pool
Donaldson Run,Week1,Pinewood Lake,Week5,390.0 Donaldson Run - 12.0 Pinewood Lake
Dunn Loring,Week5,High Point Pool,Week5,260.0 Dunn Loring - 142.0 High Point Pool
Donaldson Run,Week1,Pinewood Lake,Week2,390.0 Donaldson Run - 12.0 Pinewood Lake
Dunn Loring,Week5,Broyhill Crest,Week2,387.0 Dunn Loring - 15.0 Broyhill Crest
Dowden Terrace,Week4,Orange Hunt,Week4,209.0 Orange Hunt - 193.0 Dowden Terrace
Dunn Loring,Week4,Broyhill Crest,Week2,394.0 Dunn Loring - 8.0 Broyhill Crest
Dunn Loring,Week5,Broyhill Crest,Week1,385.0 Dunn Loring - 17.0 Broyhill Crest
Dowden Terrace,Week1,Orange Hunt,Week3,247.0 Orange Hunt - 154.0 Dowden Terrace
Dunn Loring,Week1,Highland Park,Week3,244.0 Dunn Loring - 158.0 Highland Park
Dunn Loring,Week5,Broyhill Crest,Week5,379.0 Dunn Loring - 23.0 Broyhill Crest
Dowden Terrace,Week4,Pleasant Valley,Week3,290.0 Dowden Terrace - 112.0 Pleasant Valley
Dunn Loring,Week2,Hiddenbrook,Week2,338.0 Dunn Loring - 64.0 Hiddenbrook
Dowden Terrace,Week1,Woodley,Week5,265.0 Dowden Terrace - 133.0 Woodley
Dowden Terrace,Week2,Great Falls,Week5,205.0 Dowden Terrace - 197.0 Great Falls
Dowden Terrace,Week1,Poplar Heights,Week1,220.0 Poplar Heights - 181.0 Dowden Terrace
Dowden Terrace,Week3,Orange Hunt,Week5,236.5 Orange Hunt - 165.5 Dowden Terrace
Dowden Terrace,Week4,Pleasant Valley,Week5,294.0 Dowden Terrace - 108.0 Pleasant Valley
Dowden Terrace,Week4,Waynewood,Week4,214.5 Waynewood - 187.5 Dowden Terrace
Dowden Terrace,Week1,Orange Hunt,Week5,240.0 Orange Hunt - 162.0 Dowden Terrace
Dowden Terrace,Week2,Woodley,Week2,287.0 Dowden Terrace - 115.0 Woodley
Dowden Terrace,Week1,Woodley,Week1,272.0 Dowden Terrace - 130.0 Woodley
Dowden Terrace,Week2,Orange Hunt,Week1,208.0 Orange Hunt - 194.0 Dowden Terrace
Dowden Terrace,Week4,Poplar Heights,Week5,229.0 Poplar Heights - 173.0 Dowden Terrace
Dunn Loring,Week5,Hiddenbrook,Week2,347.0 Dunn Loring - 55.0 Hiddenbrook
Dowden Terrace,Week1,Woodley,Week2,273.0 Dowden Terrace - 125.0 Woodley
Dunn Loring,Week2,Highland Park,Week3,291.0 Dunn Loring - 111.0 Highland Park
Dunn Loring,Week4,Hiddenbrook,Week5,297.0 Dunn Loring - 105.0 Hiddenbrook
Dunn Loring,Week5,Broyhill Crest,Week3,383.0 Dunn Loring - 19.0 Broyhill Crest
Dowden Terrace,Week1,Poplar Tree,Week3,250.0 Poplar Tree - 152.0 Dowden Terrace
Dowden Terrace,Week2,Orange Hunt,Week4,223.0 Orange Hunt - 179.0 Dowden Terrace
Dowden Terrace,Week1,Orange Hunt,Week4,226.0 Orange Hunt - 170.0 Dowden Terrace
Dunn Loring,Week1,High Point Pool,Week3,218.0 Dunn Loring - 184.0 High Point Pool
Dunn Loring,Week4,Broyhill Crest,Week4,390.0 Dunn Loring - 12.0 Broyhill Crest
Dowden Terrace,Week1,Orange Hunt,Week1,224.0 Orange Hunt - 177.0 Dowden Terrace
Dunn Loring,Week1,High Point Pool,Week4,211.0 High Point Pool - 191.0 Dunn Loring
Dunn Loring,Week1,Burke Station,Week2,331.0 Dunn Loring - 71.0 Burke Station
Dowden Terrace,Week1,Waynewood,Week3,269.0 Waynewood - 133.0 Dowden Terrace
Dowden Terrace,Week5,Poplar Heights,Week2,206.0 Dowden Terrace - 196.0 Poplar Heights
Dunn Loring,Week2,Highland Park,Week1,269.0 Dunn Loring - 133.0 Highland Park
Dunn Loring,Week4,Hiddenbrook,Week4,309.5 Dunn Loring - 92.5 Hiddenbrook
Dunn Loring,Week5,Broyhill Crest,Week4,381.0 Dunn Loring - 21.0 Broyhill Crest
Dowden Terrace,Week1,Ravensworth Farm,Week2,219.0 Ravensworth Farm - 182.0 Dowden Terrace
Dowden Terrace,Week3,Orange Hunt,Week2,210.0 Orange Hunt - 192.0 Dowden Terrace
Dunn Loring,Week5,Hiddenbrook,Week1,317.0 Dunn Loring - 85.0 Hiddenbrook
Dowden Terrace,Week4,Orange Hunt,Week1,206.0 Orange Hunt - 196.0 Dowden Terrace
Dowden Terrace,Week5,Poplar Tree,Week5,234.0 Poplar Tree - 168.0 Dowden Terrace
Dowden Terrace,Week3,Poplar Tree,Week4,240.0 Poplar Tree - 162.0 Dowden Terrace
Dowden Terrace,Week1,Orange Hunt,Week2,230.0 Orange Hunt - 171.0 Dowden Terrace
Dowden Terrace,Week1,Poplar Tree,Week4,235.0 Poplar Tree - 166.0 Dowden Terrace
Dunn Loring,Week1,Burke Station,Week3,300.0 Dunn Loring - 97.0 Burke Station
Dowden Terrace,Week3,Orange Hunt,Week1,217.0 Orange Hunt - 185.0 Dowden Terrace
Dunn Loring,Week3,High Point Pool,Week3,258.0 Dunn Loring - 144.0 High Point Pool
Dunn Loring,Week5,Hiddenbrook,Week3,308.0 Dunn Loring - 94.0 Hiddenbrook
Dunn Loring,Week2,Burke Station,Week1,307.5 Dunn Loring - 71.5 Burke Station
Dunn Loring,Week5,High Point Pool,Week2,245.0 Dunn Loring - 157.0 High Point Pool
Dowden Terrace,Week3,Waynewood,Week5,280.0 Waynewood - 122.0 Dowden Terrace
Dowden Terrace,Week3,Poplar Tree,Week2,237.0 Poplar Tree - 165.0 Dowden Terrace
Dowden Terrace,Week5,Waynewood,Week4,207.0 Dowden Terrace - 195.0 Waynewood
Dowden Terrace,Week2,Waynewood,Week2,255.0 Waynewood - 147.0 Dowden Terrace
Dunn Loring,Week4,Burke Station,Week2,349.0 Dunn Loring - 52.0 Burke Station
Dunn Loring,Week5,Herndon,Week5,372.0 Dunn Loring - 30.0 Herndon
Dunn Loring,Week4,High Point Pool,Week5,252.0 Dunn Loring - 150.0 High Point Pool
Dunn Loring,Week2,High Point Pool,Week2,231.0 Dunn Loring - 171.0 High Point Pool
Dunn Loring,Week5,Hiddenbrook,Week4,310.0 Dunn Loring - 92.0 Hiddenbrook
Dowden Terrace,Week2,Waynewood,Week5,269.0 Waynewood - 133.0 Dowden Terrace
Dowden Terrace,Week3,Waynewood,Week4,256.0 Waynewood - 146.0 Dowden Terrace
Dunn Loring,Week3,Burke Station,Week2,351.0 Dunn Loring - 51.0 Burke Station
Dunn Loring,Week2,High Point Pool,Week1,248.0 Dunn Loring - 154.0 High Point Pool
Dunn Loring,Week3,Burke Station,Week3,338.5 Dunn Loring - 58.5 Burke Station
Dunn Loring,Week1,Hiddenbrook,Week1,291.0 Dunn Loring - 111.0 Hiddenbrook
Dowden Terrace,Week4,Orange Hunt,Week5,220.0 Orange Hunt - 182.0 Dowden Terrace
Dowden Terrace,Week1,Poplar Tree,Week1,252.0 Poplar Tree - 150.0 Dowden Terrace
Dowden Terrace,Week1,Waynewood,Week5,285.0 Waynewood - 116.0 Dowden Terrace
Dunn Loring,Week2,Burke Station,Week3,336.0 Dunn Loring - 61.0 Burke Station
Dowden Terrace,Week5,Orange Hunt,Week4,217.0 Dowden Terrace - 185.0 Orange Hunt
Dunn Loring,Week3,Hiddenbrook,Week4,312.0 Dunn Loring - 90.0 Hiddenbrook
Dunn Loring,Week2,Hiddenbrook,Week1,322.0 Dunn Loring - 80.0 Hiddenbrook
Dowden Terrace,Week1,Woodley,Week4,273.0 Dowden Terrace - 123.0 Woodley
Dowden Terrace,Week2,Overlee,Week3,326.0 Overlee - 76.0 Dowden Terrace
Dowden Terrace,Week3,Poplar Tree,Week5,264.5 Poplar Tree - 137.5 Dowden Terrace
Dowden Terrace,Week2,Waynewood,Week3,264.0 Waynewood - 138.0 Dowden Terrace
Dowden Terrace,Week2,Parklawn,Week1,280.0 Dowden Terrace - 113.0 Parklawn
Dowden Terrace,Week4,Poplar Tree,Week2,221.0 Poplar Tree - 181.0 Dowden Terrace
Dunn Loring,Week5,Hiddenbrook,Week5,301.0 Dunn Loring - 101.0 Hiddenbrook
Dunn Loring,Week3,High Point Pool,Week5,256.0 Dunn Loring - 146.0 High Point Pool
Dowden Terrace,Week1,Overlee,Week5,355.0 Overlee - 47.0 Dowden Terrace
Dunn Loring,Week2,Burke Station,Week2,339.5 Dunn Loring - 62.5 Burke Station
Dunn Loring,Week2,High Point Pool,Week4,230.0 Dunn Loring - 172.0 High Point Pool
Dunn Loring,Week4,High Point Pool,Week4,233.0 Dunn Loring - 169.0 High Point Pool
Dowden Terrace,Week5,Waynewood,Week3,216.0 Waynewood - 186.0 Dowden Terrace
Dunn Loring,Week4,Hiddenbrook,Week1,323.0 Dunn Loring - 79.0 Hiddenbrook
Dunn Loring,Week5,Burke Station,Week1,298.0 Dunn Loring - 80.0 Burke Station
Dowden Terrace,Week2,Poplar Tree,Week5,259.0 Poplar Tree - 143.0 Dowden Terrace
Dunn Loring,Week1,High Point Pool,Week2,212.0 High Point Pool - 190.0 Dunn Loring
Dowden Terrace,Week1,Overlee,Week3,332.0 Overlee - 70.0 Dowden Terrace
Dunn Loring,Week2,Burke Station,Week4,332.0 Dunn Loring - 70.0 Burke Station
Dunn Loring,Week3,Burke Station,Week4,344.0 Dunn Loring - 58.0 Burke Station
Dunn Loring,Week1,Burke Station,Week5,298.0 Dunn Loring - 104.0 Burke Station
Dowden Terrace,Week4,Poplar Tree,Week1,230.0 Poplar Tree - 172.0 Dowden Terrace
Dunn Loring,Week5,High Point Pool,Week4,251.0 Dunn Loring - 151.0 High Point Pool
Dowden Terrace,Week5,Poplar Heights,Week3,201.5 Poplar Heights - 200.5 Dowden Terrace
Dunn Loring,Week1,Donaldson Run,Week2,240.0 Donaldson Run - 162.0 Dunn Loring
Dunn Loring,Week1,Hiddenbrook,Week2,313.0 Dunn Loring - 89.0 Hiddenbrook
Dowden Terrace,Week5,Poplar Heights,Week1,210.0 Dowden Terrace - 192.0 Poplar Heights
Dowden Terrace,Week3,Waynewood,Week3,271.0 Waynewood - 131.0 Dowden Terrace
Dunn Loring,Week3,Burke Station,Week5,329.0 Dunn Loring - 73.0 Burke Station
Dowden Terrace,Week2,Overlee,Week1,324.0 Overlee - 78.0 Dowden Terrace
Dowden Terrace,Week3,Poplar Tree,Week3,243.0 Poplar Tree - 159.0 Dowden Terrace
Dowden Terrace,Week2,Waynewood,Week1,222.0 Waynewood - 180.0 Dowden Terrace
Dunn Loring,Week1,High Point Pool,Week1,217.0 Dunn Loring - 185.0 High Point Pool
Dowden Terrace,Week3,Waynewood,Week1,227.0 Waynewood - 175.0 Dowden Terrace
Dunn Loring,Week3,Hiddenbrook,Week3,313.5 Dunn Loring - 88.5 Hiddenbrook
Dowden Terrace,Week1,Woodley,Week3,279.0 Dowden Terrace - 122.0 Woodley
Dunn Loring,Week5,High Point Pool,Week3,252.5 Dunn Loring - 149.5 High Point Pool
Dunn Loring,Week1,High Point Pool,Week5,205.0 High Point Pool - 197.0 Dunn Loring
Dunn Loring,Week4,Burke Station,Week1,295.0 Dunn Loring - 83.0 Burke Station
Dowden Terrace,Week5,Orange Hunt,Week2,216.0 Dowden Terrace - 186.0 Orange Hunt
Dowden Terrace,Week1,Overlee,Week2,338.0 Overlee - 64.0 Dowden Terrace
Dunn Loring,Week3,Hiddenbrook,Week5,309.0 Dunn Loring - 93.0 Hiddenbrook
Dowden Terrace,Week2,Parklawn,Week5,241.0 Dowden Terrace - 155.0 Parklawn
Dowden Terrace,Week5,Waynewood,Week1,203.0 Waynewood - 199.0 Dowden Terrace
Dowden Terrace,Week5,Poplar Heights,Week4,205.5 Poplar Heights - 196.5 Dowden Terrace
Dowden Terrace,Week4,Waynewood,Week3,246.0 Waynewood - 156.0 Dowden Terrace
Dunn Loring,Week4,Donaldson Run,Week2,210.0 Donaldson Run - 192.0 Dunn Loring
Dunn Loring,Week2,High Point Pool,Week3,246.0 Dunn Loring - 156.0 High Point Pool
Dowden Terrace,Week1,Poplar Tree,Week5,263.0 Poplar Tree - 139.0 Dowden Terrace
Dowden Terrace,Week3,Parklawn,Week3,275.5 Dowden Terrace - 126.5 Parklawn
Dunn Loring,Week4,Burke Station,Week4,341.0 Dunn Loring - 61.0 Burke Station
Dunn Loring,Week1,Donaldson Run,Week4,240.0 Donaldson Run - 162.0 Dunn Loring
Dowden Terrace,Week2,Poplar Tree,Week1,244.0 Poplar Tree - 158.0 Dowden Terrace
Dunn Loring,Week4,High Point Pool,Week3,249.0 Dunn Loring - 153.0 High Point Pool
Dowden Terrace,Week4,Waynewood,Week2,229.0 Waynewood - 173.0 Dowden Terrace
Dunn Loring,Week5,Burke Station,Week2,347.0 Dunn Loring - 54.0 Burke Station
Dunn Loring,Week3,High Point Pool,Week4,246.0 Dunn Loring - 156.0 High Point Pool
Dowden Terrace,Week1,Parklawn,Week2,242.0 Dowden Terrace - 151.0 Parklawn
Dowden Terrace,Week1,Waynewood,Week4,244.0 Waynewood - 157.0 Dowden Terrace
Dunn Loring,Week2,Donaldson Run,Week3,207.0 Donaldson Run - 195.0 Dunn Loring
Dowden Terrace,Week3,Poplar Tree,Week1,256.0 Poplar Tree - 146.0 Dowden Terrace
Dowden Terrace,Week3,Parklawn,Week2,264.0 Dowden Terrace - 138.0 Parklawn
Dunn Loring,Week4,Donaldson Run,Week4,206.0 Donaldson Run - 196.0 Dunn Loring
Dunn Loring,Week4,Burke Station,Week5,324.0 Dunn Loring - 78.0 Burke Station
Dunn Loring,Week3,Burke Station,Week1,312.0 Dunn Loring - 67.0 Burke Station
Dowden Terrace,Week3,Overlee,Week1,324.0 Overlee - 78.0 Dowden Terrace
Dunn Loring,Week5,High Point Pool,Week1,253.5 Dunn Loring - 148.5 High Point Pool
Dunn Loring,Week3,High Point Pool,Week1,258.0 Dunn Loring - 144.0 High Point Pool
Dowden Terrace,Week4,Overlee,Week2,320.0 Overlee - 82.0 Dowden Terrace
Dunn Loring,Week4,Burke Station,Week3,336.0 Dunn Loring - 61.0 Burke Station
Dunn Loring,Week1,Highland Park,Week1,220.0 Dunn Loring - 182.0 Highland Park
Dunn Loring,Week3,Donaldson Run,Week1,205.0 Dunn Loring - 197.0 Donaldson Run
Dowden Terrace,Week2,Parklawn,Week2,260.0 Dowden Terrace - 141.0 Parklawn
Dowden Terrace,Week5,Poplar Tree,Week1,218.0 Poplar Tree - 184.0 Dowden Terrace
Dowden Terrace,Week4,Poplar Heights,Week3,228.0 Poplar Heights - 174.0 Dowden Terrace
Dowden Terrace,Week5,Overlee,Week3,304.0 Overlee - 98.0 Dowden Terrace
Dowden Terrace,Week4,South Run,Week4,251.0 Dowden Terrace - 151.0 South Run
Dowden Terrace,Week2,Overlee,Week5,351.0 Overlee - 51.0 Dowden Terrace
Dunn Loring,Week2,Donaldson Run,Week4,211.0 Donaldson Run - 191.0 Dunn Loring
Dunn Loring,Week2,Donaldson Run,Week2,211.0 Donaldson Run - 191.0 Dunn Loring
Dowden Terrace,Week4,Poplar Heights,Week4,228.0 Poplar Heights - 174.0 Dowden Terrace
Dowden Terrace,Week5,South Run,Week3,245.0 Dowden Terrace - 157.0 South Run
Dunn Loring,Week2,Burke Station,Week5,323.0 Dunn Loring - 79.0 Burke Station
Dowden Terrace,Week1,Poplar Tree,Week2,239.0 Poplar Tree - 157.0 Dowden Terrace
Dunn Loring,Week4,High Point Pool,Week2,231.0 Dunn Loring - 171.0 High Point Pool
Dowden Terrace,Week5,Waynewood,Week5,222.0 Waynewood - 180.0 Dowden Terrace
Dunn Loring,Week5,Burke Station,Week3,324.0 Dunn Loring - 73.0 Burke Station
Dunn Loring,Week1,Highland Park,Week2,240.0 Dunn Loring - 162.0 Highland Park
Dunn Loring,Week5,Dominion Hills,Week1,312.0 Dunn Loring - 90.0 Dominion Hills
Dowden Terrace,Week3,South Run,Week5,219.0 South Run - 183.0 Dowden Terrace
Dowden Terrace,Week4,Poplar Tree,Week5,248.0 Poplar Tree - 154.0 Dowden Terrace
Dowden Terrace,Week1,Springboard,Week1,286.0 Dowden Terrace - 107.0 Springboard
Dunn Loring,Week5,Burke Station,Week4,334.0 Dunn Loring - 68.0 Burke Station
Dunn Loring,Week5,Dominion Hills,Week2,298.0 Dunn Loring - 104.0 Dominion Hills
Dunn Loring,Week3,Camelot,Week5,294.0 Dunn Loring - 108.0 Camelot
Dowden Terrace,Week5,Overlee,Week4,333.0 Overlee - 69.0 Dowden Terrace
Dunn Loring,Week2,Canterbury Woods,Week2,307.0 Dunn Loring - 95.0 Canterbury Woods
Dunn Loring,Week2,Highland Park,Week2,297.0 Dunn Loring - 105.0 Highland Park
Dunn Loring,Week3,Highlands Swim,Week4,241.0 Highlands Swim - 161.0 Dunn Loring
Dowden Terrace,Week4,Overlee,Week5,340.0 Overlee - 62.0 Dowden Terrace
Dunn Loring,Week4,Dominion Hills,Week4,264.0 Dunn Loring - 138.0 Dominion Hills
Dowden Terrace,Week1,South Run,Week4,216.0 Dowden Terrace - 182.0 South Run
Dowden Terrace,Week5,South Run,Week5,229.0 Dowden Terrace - 173.0 South Run
Dunn Loring,Week1,Donaldson Run,Week1,228.0 Donaldson Run - 174.0 Dunn Loring
Dunn Loring,Week1,Highland Park,Week5,228.0 Dunn Loring - 174.0 Highland Park
Dunn Loring,Week5,Burke Station,Week5,325.0 Dunn Loring - 77.0 Burke Station
Dowden Terrace,Week5,Overlee,Week2,310.5 Overlee - 91.5 Dowden Terrace
Dunn Loring,Week5,Highland Park,Week4,287.0 Dunn Loring - 115.0 Highland Park
Dunn Loring,Week3,Dominion Hills,Week4,281.0 Dunn Loring - 121.0 Dominion Hills
Dunn Loring,Week3,Donaldson Run,Week3,209.0 Donaldson Run - 193.0 Dunn Loring
Dowden Terrace,Week5,Poplar Tree,Week3,217.0 Poplar Tree - 185.0 Dowden Terrace
Dunn Loring,Week3,Dominion Hills,Week5,269.0 Dunn Loring - 133.0 Dominion Hills
Dunn Loring,Week3,Donaldson Run,Week4,201.0 Donaldson Run - 201.0 Dunn Loring
Dowden Terrace,Week2,Springboard,Week3,281.0 Dowden Terrace - 120.0 Springboard
Dowden Terrace,Week3,Overlee,Week5,349.0 Overlee - 53.0 Dowden Terrace
Dunn Loring,Week3,Highlands Swim,Week2,253.0 Highlands Swim - 149.0 Dunn Loring
Dowden Terrace,Week1,Springboard,Week4,282.0 Dowden Terrace - 116.0 Springboard
Dowden Terrace,Week4,South Run,Week3,236.0 Dowden Terrace - 166.0 South Run
Dowden Terrace,Week2,Poplar Tree,Week2,226.0 Poplar Tree - 176.0 Dowden Terrace
Dunn Loring,Week5,Camelot,Week5,295.0 Dunn Loring - 107.0 Camelot
Dunn Loring,Week1,Canterbury Woods,Week5,276.0 Dunn Loring - 126.0 Canterbury Woods
Dowden Terrace,Week4,Poplar Tree,Week4,215.0 Poplar Tree - 187.0 Dowden Terrace
Dowden Terrace,Week2,Poplar Tree,Week4,227.0 Poplar Tree - 175.0 Dowden Terrace
Dunn Loring,Week2,Camelot,Week5,290.5 Dunn Loring - 111.5 Camelot
Dowden Terrace,Week2,Springboard,Week1,291.0 Dowden Terrace - 110.0 Springboard
Dowden Terrace,Week5,Poplar Tree,Week4,205.0 Dowden Terrace - 197.0 Poplar Tree
Dunn Loring,Week1,Highlands Swim,Week3,255.0 Highlands Swim - 147.0 Dunn Loring
Dunn Loring,Week5,Dominion Hills,Week3,300.0 Dunn Loring - 102.0 Dominion Hills
Dowden Terrace,Week4,Overlee,Week1,313.0 Overlee - 89.0 Dowden Terrace
Dowden Terrace,Week4,Poplar Tree,Week3,237.0 Poplar Tree - 165.0 Dowden Terrace
Dunn Loring,Week2,Camelot,Week3,299.0 Dunn Loring - 103.0 Camelot
Dunn Loring,Week1,Camelot,Week3,263.0 Dunn Loring - 139.0 Camelot
Dunn Loring,Week4,Dominion Hills,Week1,310.0 Dunn Loring - 92.0 Dominion Hills
Dowden Terrace,Week1,Ravensworth Farm,Week1,244.0 Ravensworth Farm - 157.0 Dowden Terrace
Dowden Terrace,Week3,Overlee,Week4,359.0 Overlee - 43.0 Dowden Terrace
Dowden Terrace,Week5,Poplar Tree,Week2,206.0 Poplar Tree - 196.0 Dowden Terrace
Dowden Terrace,Week4,Overlee,Week4,339.0 Overlee - 63.0 Dowden Terrace
Dowden Terrace,Week2,Springboard,Week4,274.0 Dowden Terrace - 128.0 Springboard
Dunn Loring,Week1,Highland Park,Week4,224.0 Dunn Loring - 178.0 Highland Park
Dowden Terrace,Week2,South Run,Week1,214.0 Dowden Terrace - 174.0 South Run
Dunn Loring,Week5,Highland Park,Week2,300.0 Dunn Loring - 102.0 Highland Park
Dowden Terrace,Week3,Parklawn,Week4,253.0 Dowden Terrace - 149.0 Parklawn
Dunn Loring,Week1,Donaldson Run,Week3,233.5 Donaldson Run - 168.5 Dunn Loring
Dunn Loring,Week5,Dominion Hills,Week4,272.0 Dunn Loring - 130.0 Dominion Hills
Dunn Loring,Week1,Camelot,Week1,264.0 Dunn Loring - 138.0 Camelot
Dowden Terrace,Week5,Overlee,Week1,284.0 Overlee - 118.0 Dowden Terrace
Dunn Loring,Week1,Highlands Swim,Week4,260.0 Highlands Swim - 142.0 Dunn Loring
Dowden Terrace,Week2,South Run,Week2,225.0 Dowden Terrace - 171.0 South Run
Dunn Loring,Week4,Dominion Hills,Week3,298.0 Dunn Loring - 104.0 Dominion Hills
Dunn Loring,Week1,Highlands Swim,Week2,270.0 Highlands Swim - 132.0 Dunn Loring
Dunn Loring,Week4,Highland Park,Week1,288.0 Dunn Loring - 114.0 Highland Park
Dowden Terrace,Week3,Overlee,Week3,331.0 Overlee - 71.0 Dowden Terrace
Dowden Terrace,Week3,South Run,Week3,212.0 Dowden Terrace - 190.0 South Run
Dowden Terrace,Week5,Ravensworth Farm,Week3,214.0 Ravensworth Farm - 188.0 Dowden Terrace
Dunn Loring,Week5,Dominion Hills,Week5,273.0 Dunn Loring - 129.0 Dominion Hills
Dunn Loring,Week2,Camelot,Week1,290.0 Dunn Loring - 112.0 Camelot
Dunn Loring,Week2,Highlands Swim,Week1,241.0 Highlands Swim - 161.0 Dunn Loring
Dowden Terrace,Week4,South Run,Week1,226.0 Dowden Terrace - 167.0 South Run
Dowden Terrace,Week3,Ravensworth Farm,Week1,246.0 Ravensworth Farm - 156.0 Dowden Terrace
Dowden Terrace,Week1,Parklawn,Week1,276.0 Dowden Terrace - 117.0 Parklawn
Dunn Loring,Week2,Camelot,Week4,300.0 Dunn Loring - 102.0 Camelot
Dowden Terrace,Week4,Ravensworth Farm,Week1,211.0 Ravensworth Farm - 191.0 Dowden Terrace
Dunn Loring,Week5,Camelot,Week4,309.0 Dunn Loring - 93.0 Camelot
Dowden Terrace,Week5,Ravensworth Farm,Week2,241.0 Dowden Terrace - 161.0 Ravensworth Farm
Dowden Terrace,Week1,Riverside Gardens,Week4,287.0 Riverside Gardens - 115.0 Dowden Terrace
Dunn Loring,Week2,Donaldson Run,Week5,246.0 Donaldson Run - 156.0 Dunn Loring
Dunn Loring,Week2,Highland Park,Week5,296.0 Dunn Loring - 106.0 Highland Park
Dowden Terrace,Week3,South Run,Week2,220.0 Dowden Terrace - 182.0 South Run
Dowden Terrace,Week2,Ravensworth Farm,Week2,207.0 Ravensworth Farm - 195.0 Dowden Terrace
Dunn Loring,Week3,Camelot,Week1,295.0 Dunn Loring - 107.0 Camelot
Dowden Terrace,Week2,Riverside Gardens,Week1,234.0 Riverside Gardens - 168.0 Dowden Terrace
Dowden Terrace,Week1,Parklawn,Week4,238.0 Dowden Terrace - 155.0 Parklawn
Dunn Loring,Week4,Camelot,Week3,287.0 Dunn Loring - 115.0 Camelot
Dowden Terrace,Week1,South Run,Week3,209.0 Dowden Terrace - 189.0 South Run
Dowden Terrace,Week5,Ravensworth Farm,Week4,212.5 Dowden Terrace - 189.5 Ravensworth Farm
Dunn Loring,Week4,Dominion Hills,Week5,252.5 Dunn Loring - 149.5 Dominion Hills
Dunn Loring,Week4,Dominion Hills,Week2,286.0 Dunn Loring - 116.0 Dominion Hills
Dunn Loring,Week2,Highlands Swim,Week3,247.0 Highlands Swim - 155.0 Dunn Loring
Dowden Terrace,Week1,Riverside Gardens,Week3,272.0 Riverside Gardens - 130.0 Dowden Terrace
Dowden Terrace,Week5,Overlee,Week5,340.0 Overlee - 62.0 Dowden Terrace
Dowden Terrace,Week3,Overlee,Week2,340.0 Overlee - 62.0 Dowden Terrace
Dowden Terrace,Week4,South Run,Week2,246.0 Dowden Terrace - 156.0 South Run
Dowden Terrace,Week3,South Run,Week1,209.0 Dowden Terrace - 184.0 South Run
Dunn Loring,Week1,Camelot,Week2,262.0 Dunn Loring - 140.0 Camelot
Dunn Loring,Week4,Camelot,Week2,276.0 Dunn Loring - 126.0 Camelot
Dunn Loring,Week5,Highland Park,Week1,277.0 Dunn Loring - 125.0 Highland Park
Dowden Terrace,Week2,South Run,Week3,217.0 Dowden Terrace - 185.0 South Run
Dunn Loring,Week4,Highland Park,Week2,298.0 Dunn Loring - 104.0 Highland Park
Dowden Terrace,Week4,Overlee,Week3,316.0 Overlee - 86.0 Dowden Terrace
Dunn Loring,Week2,Highlands Swim,Week4,241.0 Highlands Swim - 161.0 Dunn Loring
Dunn Loring,Week4,Camelot,Week5,288.0 Dunn Loring - 114.0 Camelot
Dunn Loring,Week2,Donaldson Run,Week1,209.0 Dunn Loring - 193.0 Donaldson Run
Dunn Loring,Week1,Donaldson Run,Week5,259.0 Donaldson Run - 138.0 Dunn Loring
Dowden Terrace,Week1,Parklawn,Week3,268.0 Dowden Terrace - 125.0 Parklawn
Dowden Terrace,Week2,Ravensworth Farm,Week1,221.0 Ravensworth Farm - 181.0 Dowden Terrace
Dowden Terrace,Week4,Ravensworth Farm,Week4,223.0 Ravensworth Farm - 179.0 Dowden Terrace
Dunn Loring,Week3,Dowden Terrace,Week5,257.0 Dunn Loring - 145.0 Dowden Terrace
Dowden Terrace,Week4,Laurel Hill,Week5,240.0 Dowden Terrace - 162.0 Laurel Hill
Dunn Loring,Week3,Highland Park,Week1,283.0 Dunn Loring - 119.0 Highland Park
Dowden Terrace,Week2,Parklawn,Week3,271.0 Dowden Terrace - 130.0 Parklawn
Dunn Loring,Week3,Camelot,Week3,296.0 Dunn Loring - 106.0 Camelot
Dowden Terrace,Week3,Parklawn,Week1,289.0 Dowden Terrace - 104.0 Parklawn
Dowden Terrace,Week4,South Run,Week5,208.0 Dowden Terrace - 194.0 South Run
Dunn Loring,Week2,Highland Park,Week4,289.0 Dunn Loring - 113.0 Highland Park
Dunn Loring,Week4,Donaldson Run,Week1,203.0 Dunn Loring - 199.0 Donaldson Run
Dunn Loring,Week4,Highland Park,Week4,291.0 Dunn Loring - 111.0 Highland Park
Dunn Loring,Week4,Highland Park,Week3,286.0 Dunn Loring - 116.0 Highland Park
Dowden Terrace,Week5,South Run,Week1,233.0 Dowden Terrace - 160.0 South Run
Dowden Terrace,Week2,South Run,Week4,224.0 Dowden Terrace - 177.0 South Run
Dowden Terrace,Week1,Parklawn,Week5,251.0 Dowden Terrace - 142.0 Parklawn
Dunn Loring,Week3,Camelot,Week2,284.0 Dunn Loring - 118.0 Camelot
Dunn Loring,Week2,Camelot,Week2,282.5 Dunn Loring - 119.5 Camelot
Dowden Terrace,Week3,South Run,Week4,223.5 Dowden Terrace - 178.5 South Run
Dowden Terrace,Week1,South Run,Week2,228.0 Dowden Terrace - 165.0 South Run
Dowden Terrace,Week2,Parklawn,Week4,248.0 Dowden Terrace - 148.0 Parklawn
Dunn Loring,Week5,Camelot,Week2,283.0 Dunn Loring - 119.0 Camelot
Dowden Terrace,Week5,Ravensworth Farm,Week5,207.0 Ravensworth Farm - 195.0 Dowden Terrace
Dowden Terrace,Week2,South Run,Week5,210.0 South Run - 192.0 Dowden Terrace
Dunn Loring,Week4,Camelot,Week1,293.0 Dunn Loring - 109.0 Camelot
Dunn Loring,Week4,Camelot,Week4,299.0 Dunn Loring - 103.0 Camelot
Dunn Loring,Week4,Donaldson Run,Week3,201.0 Donaldson Run - 201.0 Dunn Loring
Dunn Loring,Week3,Donaldson Run,Week2,218.0 Donaldson Run - 184.0 Dunn Loring
Dunn Loring,Week3,Highland Park,Week4,310.0 Dunn Loring - 92.0 Highland Park
Dowden Terrace,Week4,Ravensworth Farm,Week3,225.0 Ravensworth Farm - 177.0 Dowden Terrace
Dunn Loring,Week3,Highland Park,Week3,304.0 Dunn Loring - 98.0 Highland Park
Dowden Terrace,Week1,Ravensworth Farm,Week4,240.0 Ravensworth Farm - 162.0 Dowden Terrace
Dowden Terrace,Week1,Riverside Gardens,Week2,266.0 Riverside Gardens - 136.0 Dowden Terrace
Dunn Loring,Week3,Donaldson Run,Week5,239.0 Donaldson Run - 163.0 Dunn Loring
Dunn Loring,Week4,Dowden Terrace,Week4,263.0 Dunn Loring - 139.0 Dowden Terrace
Dowden Terrace,Week3,Ravensworth Farm,Week3,242.5 Ravensworth Farm - 159.5 Dowden Terrace
Dowden Terrace,Week1,South Run,Week5,216.0 South Run - 185.0 Dowden Terrace
Dunn Loring,Week2,Dowden Terrace,Week1,280.0 Dunn Loring - 122.0 Dowden Terrace
Dowden Terrace,Week3,Laurel Hill,Week5,234.0 Dowden Terrace - 168.0 Laurel Hill
Dunn Loring,Week5,Highland Park,Week3,299.0 Dunn Loring - 103.0 Highland Park
Dowden Terrace,Week5,South Run,Week2,253.0 Dowden Terrace - 149.0 South Run
Dunn Loring,Week1,Camelot,Week5,258.0 Dunn Loring - 144.0 Camelot
Dowden Terrace,Week3,Laurel Hill,Week2,293.0 Dowden Terrace - 109.0 Laurel Hill
Dowden Terrace,Week2,Ravensworth Farm,Week3,229.0 Ravensworth Farm - 173.0 Dowden Terrace
Dunn Loring,Week1,Camelot,Week4,280.0 Dunn Loring - 122.0 Camelot
Dunn Loring,Week3,Dowden Terrace,Week1,290.0 Dunn Loring - 112.0 Dowden Terrace
Dowden Terrace,Week1,Laurel Hill,Week4,268.0 Dowden Terrace - 134.0 Laurel Hill
Dunn Loring,Week4,Highland Park,Week5,284.0 Dunn Loring - 118.0 Highland Park
Dunn Loring,Week3,Camelot,Week4,310.5 Dunn Loring - 91.5 Camelot
Dowden Terrace,Week3,Ravensworth Farm,Week4,247.0 Ravensworth Farm - 155.0 Dowden Terrace
Dowden Terrace,Week2,Ravensworth Farm,Week5,238.0 Ravensworth Farm - 164.0 Dowden Terrace
Dunn Loring,Week4,Dowden Terrace,Week2,281.0 Dunn Loring - 121.0 Dowden Terrace
Dowden Terrace,Week5,South Run,Week4,257.0 Dowden Terrace - 145.0 South Run
Dowden Terrace,Week2,Laurel Hill,Week2,280.0 Dowden Terrace - 117.0 Laurel Hill
Dunn Loring,Week3,Highland Park,Week2,305.0 Dunn Loring - 97.0 Highland Park
Dunn Loring,Week5,Camelot,Week3,296.0 Dunn Loring - 106.0 Camelot
Dunn Loring,Week5,Highland Park,Week5,290.0 Dunn Loring - 112.0 Highland Park
Dowden Terrace,Week4,Laurel Hill,Week1,275.0 Dowden Terrace - 127.0 Laurel Hill
Dowden Terrace,Week1,Springboard,Week5,283.0 Dowden Terrace - 110.0 Springboard
Dunn Loring,Week5,Camelot,Week1,303.0 Dunn Loring - 99.0 Camelot
Dowden Terrace,Week2,Laurel Hill,Week4,268.0 Dowden Terrace - 134.0 Laurel Hill
Donaldson Run,Week3,Parklawn,Week3,338.0 Donaldson Run - 64.0 Parklawn
Dowden Terrace,Week1,Springboard,Week2,289.5 Dowden Terrace - 98.5 Springboard
Dowden Terrace,Week1,Springboard,Week3,273.0 Dowden Terrace - 120.0 Springboard
Dunn Loring,Week5,Dowden Terrace,Week3,295.0 Dunn Loring - 107.0 Dowden Terrace
Dunn Loring,Week5,Donaldson Run,Week1,206.0 Dunn Loring - 196.0 Donaldson Run
Dunn Loring,Week3,Highland Park,Week5,301.0 Dunn Loring - 101.0 Highland Park
Dowden Terrace,Week1,Ravensworth Farm,Week3,243.0 Ravensworth Farm - 155.0 Dowden Terrace
Dowden Terrace,Week1,Lee Graham,Week1,277.0 Lee Graham - 120.0 Dowden Terrace
Donaldson Run,Week2,Parklawn,Week5,300.0 Donaldson Run - 102.0 Parklawn
Dunn Loring,Week4,Donaldson Run,Week5,249.0 Donaldson Run - 153.0 Dunn Loring
Dowden Terrace,Week1,Ravensworth Farm,Week5,249.0 Ravensworth Farm - 153.0 Dowden Terrace
Donaldson Run,Week1,Parklawn,Week3,334.0 Donaldson Run - 68.0 Parklawn
Dunn Loring,Week1,Dowden Terrace,Week2,237.0 Dunn Loring - 160.0 Dowden Terrace
Dunn Loring,Week1,Highlands Swim,Week1,265.5 Highlands Swim - 136.5 Dunn Loring
Dowden Terrace,Week4,Ravensworth Farm,Week2,222.0 Dowden Terrace - 180.0 Ravensworth Farm
Dunn Loring,Week1,Canterbury Woods,Week1,279.0 Dunn Loring - 123.0 Canterbury Woods
Dunn Loring,Week1,Dowden Terrace,Week3,257.0 Dunn Loring - 145.0 Dowden Terrace
Dowden Terrace,Week5,Laurel Hill,Week4,290.0 Dowden Terrace - 112.0 Laurel Hill
Dunn Loring,Week3,Highlands Swim,Week1,235.0 Highlands Swim - 167.0 Dunn Loring
Donaldson Run,Week3,Parklawn,Week2,325.0 Donaldson Run - 77.0 Parklawn
Dowden Terrace,Week3,Ravensworth Farm,Week2,220.0 Ravensworth Farm - 182.0 Dowden Terrace
Dunn Loring,Week2,Canterbury Woods,Week1,314.0 Dunn Loring - 88.0 Canterbury Woods
Dunn Loring,Week1,Canterbury Woods,Week3,264.0 Dunn Loring - 133.0 Canterbury Woods
Dowden Terrace,Week2,Springfield,Week5,360.0 Dowden Terrace - 37.0 Springfield
Dunn Loring,Week1,Highlands Swim,Week5,268.0 Highlands Swim - 134.0 Dunn Loring
Dunn Loring,Week1,Dunn Loring,Week1,198.5 Dunn Loring (DL1) - 198.5 Dunn Loring (DL2)
Dowden Terrace,Week2,Springboard,Week2,302.0 Dowden Terrace - 99.0 Springboard
Dunn Loring,Week1,Canterbury Woods,Week4,254.0 Dunn Loring - 148.0 Canterbury Woods
Dowden Terrace,Week3,Springfield,Week1,359.0 Dowden Terrace - 43.0 Springfield
Dowden Terrace,Week3,Lee Graham,Week3,302.0 Lee Graham - 100.0 Dowden Terrace
Dunn Loring,Week2,Highlands Swim,Week2,261.0 Highlands Swim - 141.0 Dunn Loring
Donaldson Run,Week4,Parklawn,Week3,326.0 Donaldson Run - 76.0 Parklawn
Dowden Terrace,Week2,Ravensworth Farm,Week4,221.0 Ravensworth Farm - 181.0 Dowden Terrace
Dowden Terrace,Week3,Lee Graham,Week1,285.0 Lee Graham - 117.0 Dowden Terrace
Dunn Loring,Week2,Highlands Swim,Week5,259.0 Highlands Swim - 143.0 Dunn Loring
Dowden Terrace,Week3,Springboard,Week2,299.0 Dowden Terrace - 103.0 Springboard
Donaldson Run,Week4,Parklawn,Week2,320.0 Donaldson Run - 82.0 Parklawn
Dowden Terrace,Week2,Laurel Hill,Week5,246.0 Dowden Terrace - 156.0 Laurel Hill
Dunn Loring,Week1,Canterbury Woods,Week2,275.0 Dunn Loring - 127.0 Canterbury Woods
Dunn Loring,Week1,Dowden Terrace,Week1,243.0 Dunn Loring - 159.0 Dowden Terrace
Dowden Terrace,Week3,Springboard,Week3,283.0 Dowden Terrace - 119.0 Springboard
Dowden Terrace,Week4,Ravensworth Farm,Week5,229.0 Ravensworth Farm - 173.0 Dowden Terrace
Donaldson Run,Week1,Parklawn,Week2,320.0 Donaldson Run - 82.0 Parklawn
Dowden Terrace,Week4,Springboard,Week4,278.0 Dowden Terrace - 119.0 Springboard
Dunn Loring,Week2,Cardinal Hill,Week2,227.0 Dunn Loring - 175.0 Cardinal Hill
Dowden Terrace,Week1,Lee Graham,Week3,296.0 Lee Graham - 106.0 Dowden Terrace
Dowden Terrace,Week5,Ravensworth Farm,Week1,220.0 Dowden Terrace - 182.0 Ravensworth Farm
Dunn Loring,Week2,Hollin Hills,Week5,345.0 Dunn Loring - 57.0 Hollin Hills
Dowden Terrace,Week5,Springboard,Week5,290.0 Dowden Terrace - 112.0 Springboard
Dunn Loring,Week5,Donaldson Run,Week3,201.0 Donaldson Run - 201.0 Dunn Loring
Dunn Loring,Week3,Hollin Hills,Week2,356.0 Dunn Loring - 46.0 Hollin Hills
Dowden Terrace,Week3,Springboard,Week1,286.0 Dowden Terrace - 116.0 Springboard
Dunn Loring,Week1,Dowden Terrace,Week5,202.0 Dowden Terrace - 200.0 Dunn Loring
Dowden Terrace,Week1,Lee Graham,Week2,279.0 Lee Graham - 123.0 Dowden Terrace
Dowden Terrace,Week5,Laurel Hill,Week5,250.0 Dowden Terrace - 152.0 Laurel Hill
Donaldson Run,Week2,Parklawn,Week3,320.0 Donaldson Run - 82.0 Parklawn
Dowden Terrace,Week3,Laurel Hill,Week1,266.0 Dowden Terrace - 136.0 Laurel Hill
Dunn Loring,Week2,Dowden Terrace,Week3,300.0 Dunn Loring - 102.0 Dowden Terrace
Dunn Loring,Week3,Canterbury Woods,Week3,301.0 Dunn Loring - 101.0 Canterbury Woods
Dunn Loring,Week4,Highlands Swim,Week1,241.0 Highlands Swim - 161.0 Dunn Loring
Dunn Loring,Week1,Hollin Hills,Week1,325.0 Dunn Loring - 77.0 Hollin Hills
Dunn Loring,Week3,Highlands Swim,Week3,240.5 Highlands Swim - 161.5 Dunn Loring
Donaldson Run,Week1,Parklawn,Week4,314.0 Donaldson Run - 88.0 Parklawn
Donaldson Run,Week2,Parklawn,Week2,321.0 Donaldson Run - 81.0 Parklawn
Dowden Terrace,Week1,Rolling Forest,Week5,207.0 Dowden Terrace - 194.0 Rolling Forest
Dunn Loring,Week4,Canterbury Woods,Week3,304.0 Dunn Loring - 98.0 Canterbury Woods
Dunn Loring,Week3,Canterbury Woods,Week5,311.0 Dunn Loring - 91.0 Canterbury Woods
Dowden Terrace,Week5,Laurel Hill,Week2,312.0 Dowden Terrace - 90.0 Laurel Hill
Dunn Loring,Week5,Donaldson Run,Week4,201.0 Donaldson Run - 201.0 Dunn Loring
Dunn Loring,Week5,Dowden Terrace,Week2,279.0 Dunn Loring - 123.0 Dowden Terrace
Dowden Terrace,Week4,Springboard,Week2,295.0 Dowden Terrace - 102.0 Springboard
Dowden Terrace,Week3,Ravensworth Farm,Week5,255.0 Ravensworth Farm - 147.0 Dowden Terrace
Dowden Terrace,Week3,Springboard,Week5,277.0 Dowden Terrace - 125.0 Springboard
Dunn Loring,Week3,Dowden Terrace,Week4,284.0 Dunn Loring - 118.0 Dowden Terrace
Dowden Terrace,Week3,Laurel Hill,Week3,236.0 Dowden Terrace - 166.0 Laurel Hill
Dowden Terrace,Week3,Springfield,Week5,366.0 Dowden Terrace - 36.0 Springfield
Dunn Loring,Week4,Dowden Terrace,Week5,235.0 Dunn Loring - 167.0 Dowden Terrace
Dowden Terrace,Week1,Riverside Gardens,Week5,285.0 Riverside Gardens - 116.0 Dowden Terrace
Dunn Loring,Week2,Canterbury Woods,Week5,307.0 Dunn Loring - 95.0 Canterbury Woods
Dowden Terrace,Week2,Laurel Hill,Week3,254.0 Dowden Terrace - 148.0 Laurel Hill
Dunn Loring,Week1,Cardinal Hill,Week1,218.0 Cardinal Hill - 184.0 Dunn Loring
Dunn Loring,Week2,Cardinal Hill,Week3,205.5 Cardinal Hill - 196.5 Dunn Loring
Dowden Terrace,Week2,Rolling Forest,Week1,225.0 Dowden Terrace - 177.0 Rolling Forest
Dowden Terrace,Week1,Riverside Gardens,Week1,263.0 Riverside Gardens - 139.0 Dowden Terrace
Dowden Terrace,Week1,Rolling Forest,Week3,215.0 Rolling Forest - 187.0 Dowden Terrace
Dunn Loring,Week3,Hollin Hills,Week4,361.0 Dunn Loring - 41.0 Hollin Hills
Dunn Loring,Week2,Hollin Hills,Week1,358.0 Dunn Loring - 44.0 Hollin Hills
Dunn Loring,Week5,Donaldson Run,Week5,239.0 Donaldson Run - 163.0 Dunn Loring
Dunn Loring,Week1,Cardinal Hill,Week4,208.0 Cardinal Hill - 194.0 Dunn Loring
Dowden Terrace,Week4,Springboard,Week3,279.0 Dowden Terrace - 123.0 Springboard
Dunn Loring,Week5,Canterbury Woods,Week1,309.0 Dunn Loring - 93.0 Canterbury Woods
Dowden Terrace,Week2,Springfield,Week1,346.0 Dowden Terrace - 51.0 Springfield
Dunn Loring,Week5,Highlands Swim,Week2,248.0 Highlands Swim - 154.0 Dunn Loring
Dowden Terrace,Week2,Riverside Gardens,Week3,254.0 Riverside Gardens - 148.0 Dowden Terrace
Dowden Terrace,Week5,Springboard,Week4,288.0 Dowden Terrace - 114.0 Springboard
Dunn Loring,Week1,Dowden Terrace,Week4,224.5 Dunn Loring - 177.5 Dowden Terrace
Dowden Terrace,Week4,Laurel Hill,Week2,299.0 Dowden Terrace - 103.0 Laurel Hill
Dowden Terrace,Week1,Laurel Hill,Week3,263.0 Dowden Terrace - 138.0 Laurel Hill
Dunn Loring,Week4,Hollin Hills,Week3,361.0 Dunn Loring - 41.0 Hollin Hills
Donaldson Run,Week2,Parklawn,Week4,304.0 Donaldson Run - 98.0 Parklawn
Dunn Loring,Week2,Dowden Terrace,Week4,274.5 Dunn Loring - 127.5 Dowden Terrace
Dowden Terrace,Week2,Riverside Gardens,Week2,236.0 Riverside Gardens - 166.0 Dowden Terrace
Dowden Terrace,Week2,Springfield,Week2,350.0 Dowden Terrace - 42.0 Springfield
Dunn Loring,Week2,Canterbury Woods,Week3,306.0 Dunn Loring - 96.0 Canterbury Woods
Donaldson Run,Week3,Parklawn,Week4,314.0 Donaldson Run - 88.0 Parklawn
Dowden Terrace,Week4,Laurel Hill,Week3,269.0 Dowden Terrace - 133.0 Laurel Hill
Dowden Terrace,Week3,Riverside Gardens,Week4,294.0 Riverside Gardens - 108.0 Dowden Terrace
Dunn Loring,Week5,Hollin Hills,Week3,345.0 Dunn Loring - 57.0 Hollin Hills
Dowden Terrace,Week5,Laurel Hill,Week3,284.0 Dowden Terrace - 118.0 Laurel Hill
Dowden Terrace,Week1,Springfield,Week5,351.0 Dowden Terrace - 46.0 Springfield
Dunn Loring,Week2,Dowden Terrace,Week5,245.5 Dunn Loring - 156.5 Dowden Terrace
Dowden Terrace,Week4,Riverside Gardens,Week3,244.0 Riverside Gardens - 158.0 Dowden Terrace
Dowden Terrace,Week1,Laurel Hill,Week5,235.0 Dowden Terrace - 167.0 Laurel Hill
Dunn Loring,Week3,Highlands Swim,Week5,261.0 Highlands Swim - 141.0 Dunn Loring
Donaldson Run,Week3,Parklawn,Week1,337.0 Donaldson Run - 56.0 Parklawn
Dunn Loring,Week3,Hollin Hills,Week5,347.0 Dunn Loring - 55.0 Hollin Hills
Dowden Terrace,Week1,Lee Graham,Week4,277.0 Lee Graham - 125.0 Dowden Terrace
Dowden Terrace,Week3,Riverside Gardens,Week5,285.0 Riverside Gardens - 117.0 Dowden Terrace
Dunn Loring,Week3,Dowden Terrace,Week2,284.0 Dunn Loring - 118.0 Dowden Terrace
Dowden Terrace,Week2,Laurel Hill,Week1,271.0 Dowden Terrace - 131.0 Laurel Hill
Dunn Loring,Week2,Dowden Terrace,Week2,288.0 Dunn Loring - 114.0 Dowden Terrace
Dowden Terrace,Week3,Laurel Hill,Week4,269.0 Dowden Terrace - 133.0 Laurel Hill
Dunn Loring,Week4,Hollin Hills,Week2,359.0 Dunn Loring - 42.0 Hollin Hills
Dowden Terrace,Week4,Riverside Gardens,Week5,248.0 Riverside Gardens - 154.0 Dowden Terrace
Donaldson Run,Week4,Parklawn,Week1,331.0 Donaldson Run - 62.0 Parklawn
Dunn Loring,Week3,Cardinal Hill,Week2,244.0 Dunn Loring - 158.0 Cardinal Hill
Dunn Loring,Week2,Cardinal Hill,Week5,217.0 Dunn Loring - 185.0 Cardinal Hill
Dunn Loring,Week2,Hollin Hills,Week4,359.0 Dunn Loring - 43.0 Hollin Hills
Dunn Loring,Week5,Highlands Swim,Week3,244.0 Highlands Swim - 158.0 Dunn Loring
Dunn Loring,Week1,Cardinal Hill,Week5,211.0 Cardinal Hill - 191.0 Dunn Loring
Dowden Terrace,Week5,Springboard,Week3,294.0 Dowden Terrace - 108.0 Springboard
Dowden Terrace,Week4,Riverside Gardens,Week1,238.0 Riverside Gardens - 164.0 Dowden Terrace
Donaldson Run,Week3,Parklawn,Week5,308.0 Donaldson Run - 94.0 Parklawn
Dowden Terrace,Week5,Springboard,Week2,311.0 Dowden Terrace - 91.0 Springboard
Dunn Loring,Week5,Donaldson Run,Week2,210.0 Donaldson Run - 192.0 Dunn Loring
Dowden Terrace,Week5,Riverside Gardens,Week1,229.0 Riverside Gardens - 173.0 Dowden Terrace
Dowden Terrace,Week1,Springfield,Week3,346.5 Dowden Terrace - 39.5 Springfield
Dunn Loring,Week4,Canterbury Woods,Week4,291.0 Dunn Loring - 111.0 Canterbury Woods
Dunn Loring,Week3,Cardinal Hill,Week3,214.0 Cardinal Hill - 188.0 Dunn Loring
Donaldson Run,Week2,Parklawn,Week1,327.0 Donaldson Run - 66.0 Parklawn
Dunn Loring,Week5,Highlands Swim,Week1,234.0 Highlands Swim - 168.0 Dunn Loring
Donaldson Run,Week1,Parklawn,Week1,319.0 Donaldson Run - 74.0 Parklawn
Dunn Loring,Week1,Dunn Loring,Week2,243.0 Dunn Loring (DL2) - 159.0 Dunn Loring (DL1)
Dowden Terrace,Week5,Springboard,Week1,302.0 Dowden Terrace - 100.0 Springboard
Dunn Loring,Week1,Hollin Hills,Week3,316.0 Dunn Loring - 86.0 Hollin Hills
Dunn Loring,Week2,Cardinal Hill,Week4,217.0 Dunn Loring - 185.0 Cardinal Hill
Dunn Loring,Week1,Cardinal Hill,Week3,228.0 Cardinal Hill - 174.0 Dunn Loring
Dunn Loring,Week4,Canterbury Woods,Week2,320.0 Dunn Loring - 82.0 Canterbury Woods
Dowden Terrace,Week4,Laurel Hill,Week4,279.0 Dowden Terrace - 123.0 Laurel Hill
Dowden Terrace,Week2,Lee Graham,Week3,283.0 Lee Graham - 119.0 Dowden Terrace
Dunn Loring,Week4,Highlands Swim,Week3,249.0 Highlands Swim - 153.0 Dunn Loring
Dunn Loring,Week4,Dowden Terrace,Week3,293.0 Dunn Loring - 109.0 Dowden Terrace
Dunn Loring,Week3,Dowden Terrace,Week3,291.0 Dunn Loring - 111.0 Dowden Terrace
Dunn Loring,Week4,Highlands Swim,Week5,267.0 Highlands Swim - 135.0 Dunn Loring
Dunn Loring,Week4,Dowden Terrace,Week1,283.0 Dunn Loring - 118.0 Dowden Terrace
Dowden Terrace,Week5,Riverside Gardens,Week4,246.0 Riverside Gardens - 156.0 Dowden Terrace
Dowden Terrace,Week2,Springfield,Week3,354.0 Dowden Terrace - 42.0 Springfield
Dowden Terrace,Week1,Springfield,Week2,344.0 Dowden Terrace - 52.0 Springfield
Dowden Terrace,Week5,Riverside Gardens,Week2,215.0 Riverside Gardens - 187.0 Dowden Terrace
Dunn Loring,Week4,Highlands Swim,Week4,246.0 Highlands Swim - 156.0 Dunn Loring
Dowden Terrace,Week4,Springboard,Week1,285.5 Dowden Terrace - 116.5 Springboard
Dowden Terrace,Week3,Rolling Forest,Week3,219.0 Rolling Forest - 183.0 Dowden Terrace
Dunn Loring,Week5,Dunn Loring,Week3,207.5 Dunn Loring (DL2) - 194.5 Dunn Loring (DL1)
Dunn Loring,Week5,Dowden Terrace,Week4,273.0 Dunn Loring - 129.0 Dowden Terrace
Dowden Terrace,Week2,Lee Graham,Week2,284.0 Lee Graham - 118.0 Dowden Terrace
Dowden Terrace,Week4,Springboard,Week5,280.0 Dowden Terrace - 122.0 Springboard
Dunn Loring,Week2,Canterbury Woods,Week4,293.0 Dunn Loring - 109.0 Canterbury Woods
Dowden Terrace,Week3,Riverside Gardens,Week1,265.0 Riverside Gardens - 137.0 Dowden Terrace
Dunn Loring,Week5,Dowden Terrace,Week5,249.0 Dunn Loring - 153.0 Dowden Terrace
Dowden Terrace,Week5,Riverside Gardens,Week5,242.0 Riverside Gardens - 160.0 Dowden Terrace
Dunn Loring,Week4,Canterbury Woods,Week1,312.0 Dunn Loring - 90.0 Canterbury Woods
Dunn Loring,Week5,Highlands Swim,Week5,260.0 Highlands Swim - 142.0 Dunn Loring
Dunn Loring,Week5,Dowden Terrace,Week1,282.0 Dunn Loring - 119.0 Dowden Terrace
Dowden Terrace,Week1,Lee Graham,Week5,282.0 Lee Graham - 120.0 Dowden Terrace
Dowden Terrace,Week2,Springboard,Week5,281.0 Dowden Terrace - 120.0 Springboard
Dowden Terrace,Week3,Springboard,Week4,275.0 Dowden Terrace - 127.0 Springboard
Dowden Terrace,Week2,Lee Graham,Week1,287.0 Lee Graham - 115.0 Dowden Terrace
Donaldson Run,Week1,Parklawn,Week5,307.0 Donaldson Run - 95.0 Parklawn
Dunn Loring,Week3,Canterbury Woods,Week1,324.0 Dunn Loring - 78.0 Canterbury Woods
Dowden Terrace,Week2,Lee Graham,Week5,282.0 Lee Graham - 120.0 Dowden Terrace
Dowden Terrace,Week1,Springfield,Week4,331.0 Dowden Terrace - 67.0 Springfield
Dowden Terrace,Week5,Rolling Forest,Week2,258.0 Dowden Terrace - 144.0 Rolling Forest
Dowden Terrace,Week5,Laurel Hill,Week1,278.0 Dowden Terrace - 123.0 Laurel Hill
Dunn Loring,Week1,Hollin Hills,Week4,329.0 Dunn Loring - 72.0 Hollin Hills
Dunn Loring,Week5,Canterbury Woods,Week3,304.0 Dunn Loring - 98.0 Canterbury Woods
Dowden Terrace,Week4,Rolling Forest,Week5,218.0 Dowden Terrace - 184.0 Rolling Forest
Dowden Terrace,Week2,Lee Graham,Week4,271.0 Lee Graham - 131.0 Dowden Terrace
Dowden Terrace,Week2,Springfield,Week4,336.0 Dowden Terrace - 66.0 Springfield
Dowden Terrace,Week3,Riverside Gardens,Week2,264.0 Riverside Gardens - 138.0 Dowden Terrace
Dunn Loring,Week5,Dunn Loring,Week5,201.0 Dunn Loring (DL1) - 201.0 Dunn Loring (DL2)
Dunn Loring,Week1,Fair Oaks ,Week1,239.0 Dunn Loring - 163.0 Fair Oaks
Dunn Loring,Week5,Highlands Swim,Week4,240.0 Highlands Swim - 162.0 Dunn Loring
Dowden Terrace,Week1,Lincolnia Park,Week5,275.0 Dowden Terrace - 113.0 Lincolnia Park
Dunn Loring,Week3,Canterbury Woods,Week4,284.0 Dunn Loring - 118.0 Canterbury Woods
Dunn Loring,Week2,Hollin Hills,Week2,349.0 Dunn Loring - 53.0 Hollin Hills
Dunn Loring,Week3,Canterbury Woods,Week2,315.0 Dunn Loring - 87.0 Canterbury Woods
Dunn Loring,Week3,Cardinal Hill,Week1,227.0 Dunn Loring - 175.0 Cardinal Hill
Dowden Terrace,Week1,Springfield,Week1,348.0 Dowden Terrace - 50.0 Springfield
Dowden Terrace,Week5,Lee Graham,Week1,241.0 Lee Graham - 161.0 Dowden Terrace
Dowden Terrace,Week3,Springfield,Week2,368.0 Dowden Terrace - 34.0 Springfield
Dunn Loring,Week1,Hollin Hills,Week2,322.0 Dunn Loring - 80.0 Hollin Hills
Dowden Terrace,Week2,Riverside Gardens,Week4,274.0 Riverside Gardens - 128.0 Dowden Terrace
Dowden Terrace,Week3,Riverside Gardens,Week3,286.0 Riverside Gardens - 116.0 Dowden Terrace
Dowden Terrace,Week3,Lee Graham,Week2,297.0 Lee Graham - 105.0 Dowden Terrace
Dunn Loring,Week1,Dunn Loring,Week3,265.0 Dunn Loring (DL2) - 137.0 Dunn Loring (DL1)
Dunn Loring,Week2,Dunn Loring,Week4,203.0 Dunn Loring (DL2) - 199.0 Dunn Loring (DL1)
Dunn Loring,Week5,Canterbury Woods,Week5,305.0 Dunn Loring - 96.0 Canterbury Woods
Dunn Loring,Week4,Highlands Swim,Week2,257.5 Highlands Swim - 144.5 Dunn Loring
Dowden Terrace,Week4,Riverside Gardens,Week2,227.0 Riverside Gardens - 175.0 Dowden Terrace
Dowden Terrace,Week4,Riverside Gardens,Week4,258.0 Riverside Gardens - 144.0 Dowden Terrace
Dunn Loring,Week2,Dunn Loring,Week5,224.0 Dunn Loring (DL2) - 178.0 Dunn Loring (DL1)
Dowden Terrace,Week2,Lincolnia Park,Week3,274.0 Dowden Terrace - 119.0 Lincolnia Park
Dunn Loring,Week3,Dunn Loring,Week5,207.5 Dunn Loring (DL1) - 194.5 Dunn Loring (DL2)
Dowden Terrace,Week1,Lincolnia Park,Week3,271.0 Dowden Terrace - 117.0 Lincolnia Park
Dunn Loring,Week3,Hollin Hills,Week1,358.0 Dunn Loring - 44.0 Hollin Hills
Dowden Terrace,Week4,Lee Graham,Week5,271.0 Lee Graham - 131.0 Dowden Terrace
Dowden Terrace,Week3,Lincolnia Park,Week1,321.0 Dowden Terrace - 81.0 Lincolnia Park
Dunn Loring,Week3,Dunn Loring,Week3,201.0 Dunn Loring (DL1) - 201.0 Dunn Loring (DL2)
Dowden Terrace,Week2,Riverside Gardens,Week5,273.0 Riverside Gardens - 129.0 Dowden Terrace
Dunn Loring,Week1,Hollin Hills,Week5,306.0 Dunn Loring - 96.0 Hollin Hills
Dunn Loring,Week3,Dunn Loring,Week1,265.0 Dunn Loring (DL1) - 137.0 Dunn Loring (DL2)
Dowden Terrace,Week1,Rolling Forest,Week1,223.0 Dowden Terrace - 178.0 Rolling Forest
Dowden Terrace,Week3,Springfield,Week3,369.0 Dowden Terrace - 33.0 Springfield
Dowden Terrace,Week1,Stratford,Week5,256.0 Dowden Terrace - 145.0 Stratford
Dowden Terrace,Week1,Rolling Forest,Week2,220.0 Dowden Terrace - 181.0 Rolling Forest
Dowden Terrace,Week2,Lincolnia Park,Week2,304.0 Dowden Terrace - 89.0 Lincolnia Park
Dunn Loring,Week5,Canterbury Woods,Week2,318.0 Dunn Loring - 84.0 Canterbury Woods
Dunn Loring,Week2,Hollin Hills,Week3,348.0 Dunn Loring - 54.0 Hollin Hills
Dunn Loring,Week4,Hollin Hills,Week1,357.0 Dunn Loring - 44.0 Hollin Hills
Dunn Loring,Week3,Hollin Hills,Week3,359.5 Dunn Loring - 42.5 Hollin Hills
Dunn Loring,Week2,Cardinal Hill,Week1,220.0 Dunn Loring - 182.0 Cardinal Hill
Dunn Loring,Week4,Dunn Loring,Week1,251.5 Dunn Loring (DL1) - 150.5 Dunn Loring (DL2)
Dowden Terrace,Week3,Springfield,Week4,353.0 Dowden Terrace - 49.0 Springfield
Dowden Terrace,Week5,Riverside Gardens,Week3,243.0 Riverside Gardens - 159.0 Dowden Terrace
Dunn Loring,Week4,Canterbury Woods,Week5,306.0 Dunn Loring - 95.0 Canterbury Woods
Dowden Terrace,Week1,Stratford,Week2,264.0 Dowden Terrace - 137.0 Stratford
Dunn Loring,Week1,Cardinal Hill,Week2,211.5 Dunn Loring - 190.5 Cardinal Hill
Dunn Loring,Week5,Canterbury Woods,Week4,289.0 Dunn Loring - 113.0 Canterbury Woods
Dowden Terrace,Week5,Springfield,Week1,360.0 Dowden Terrace - 40.0 Springfield
Dunn Loring,Week5,Hollin Hills,Week1,349.0 Dunn Loring - 53.0 Hollin Hills
Dunn Loring,Week4,Hollin Meadows,Week5,259.0 Dunn Loring - 143.0 Hollin Meadows
Dowden Terrace,Week3,Rolling Forest,Week1,208.0 Rolling Forest - 194.0 Dowden Terrace
Dunn Loring,Week3,Fair Oaks ,Week5,259.0 Dunn Loring - 143.0 Fair Oaks
Dowden Terrace,Week2,Rolling Forest,Week4,217.5 Dowden Terrace - 184.5 Rolling Forest
Dunn Loring,Week4,Cardinal Hill,Week1,202.0 Dunn Loring - 200.0 Cardinal Hill
Dowden Terrace,Week5,Lee Graham,Week4,242.0 Lee Graham - 160.0 Dowden Terrace
Dowden Terrace,Week3,Stratford,Week3,248.0 Dowden Terrace - 154.0 Stratford
Dowden Terrace,Week5,Springfield,Week4,357.0 Dowden Terrace - 43.0 Springfield
Dunn Loring,Week4,Hollin Hills,Week5,356.0 Dunn Loring - 46.0 Hollin Hills
Dunn Loring,Week4,Cardinal Hill,Week4,215.5 Dunn Loring - 186.5 Cardinal Hill
Dunn Loring,Week4,Dunn Loring,Week4,201.0 Dunn Loring (DL1) - 201.0 Dunn Loring (DL2)
Dowden Terrace,Week2,Stratford,Week2,271.0 Dowden Terrace - 131.0 Stratford
Dowden Terrace,Week4,Rolling Forest,Week2,233.0 Dowden Terrace - 169.0 Rolling Forest
Dunn Loring,Week2,Dunn Loring,Week1,243.0 Dunn Loring (DL1) - 159.0 Dunn Loring (DL2)
Dunn Loring,Week4,Dunn Loring,Week5,214.0 Dunn Loring (DL2) - 188.0 Dunn Loring (DL1)
Dowden Terrace,Week4,Stratford,Week3,263.0 Dowden Terrace - 139.0 Stratford
Dowden Terrace,Week1,Rolling Forest,Week4,216.0 Dowden Terrace - 185.0 Rolling Forest
Dunn Loring,Week2,Chesterbrook,Week3,306.0 Chesterbrook - 96.0 Dunn Loring
Dunn Loring,Week5,Chesterbrook,Week1,275.0 Chesterbrook - 127.0 Dunn Loring
Dowden Terrace,Week5,Lee Graham,Week2,235.0 Lee Graham - 167.0 Dowden Terrace
Dowden Terrace,Week2,Rolling Forest,Week2,229.0 Dowden Terrace - 173.0 Rolling Forest
Dowden Terrace,Week3,Lincolnia Park,Week2,310.0 Dowden Terrace - 83.0 Lincolnia Park
Dowden Terrace,Week1,Stratford,Week4,246.0 Dowden Terrace - 155.0 Stratford
Dunn Loring,Week1,Chesterbrook,Week2,299.5 Chesterbrook - 102.5 Dunn Loring
Dunn Loring,Week3,Fair Oaks ,Week1,273.0 Dunn Loring - 129.0 Fair Oaks
Dowden Terrace,Week4,Lee Graham,Week4,266.0 Lee Graham - 136.0 Dowden Terrace
Dowden Terrace,Week5,Stratford,Week2,294.0 Dowden Terrace - 108.0 Stratford
Dunn Loring,Week4,Hollin Hills,Week4,359.0 Dunn Loring - 42.0 Hollin Hills
Dowden Terrace,Week5,Lee Graham,Week5,255.0 Lee Graham - 147.0 Dowden Terrace
Dunn Loring,Week4,Fair Oaks ,Week2,299.0 Dunn Loring - 103.0 Fair Oaks
Dunn Loring,Week2,Hollin Meadows,Week3,274.0 Dunn Loring - 128.0 Hollin Meadows
Dunn Loring,Week3,Cardinal Hill,Week4,224.0 Dunn Loring - 178.0 Cardinal Hill
Dowden Terrace,Week1,Stratford,Week1,273.5 Dowden Terrace - 124.5 Stratford
Dunn Loring,Week5,Hollin Hills,Week2,344.0 Dunn Loring - 58.0 Hollin Hills
Dowden Terrace,Week2,Rolling Forest,Week3,205.0 Rolling Forest - 197.0 Dowden Terrace
Dowden Terrace,Week4,Lee Graham,Week1,280.0 Lee Graham - 122.0 Dowden Terrace
Dowden Terrace,Week4,Rolling Forest,Week1,217.0 Dowden Terrace - 185.0 Rolling Forest
Dunn Loring,Week4,Dunn Loring,Week2,203.0 Dunn Loring (DL1) - 199.0 Dunn Loring (DL2)
Dowden Terrace,Week3,Rolling Forest,Week2,206.0 Dowden Terrace - 196.0 Rolling Forest
Dowden Terrace,Week2,Lincolnia Park,Week1,305.0 Dowden Terrace - 97.0 Lincolnia Park
Dunn Loring,Week2,Fair Oaks ,Week3,268.0 Dunn Loring - 134.0 Fair Oaks
Dunn Loring,Week5,Cardinal Hill,Week2,253.0 Dunn Loring - 149.0 Cardinal Hill
Dunn Loring,Week5,Hollin Meadows,Week1,264.0 Dunn Loring - 138.0 Hollin Meadows
Dowden Terrace,Week2,Stratford,Week1,272.0 Dowden Terrace - 125.0 Stratford
Dowden Terrace,Week3,Lincolnia Park,Week4,314.0 Dowden Terrace - 88.0 Lincolnia Park
Dunn Loring,Week5,Cardinal Hill,Week3,202.0 Cardinal Hill - 200.0 Dunn Loring
Dunn Loring,Week4,Hollin Meadows,Week3,273.0 Dunn Loring - 129.0 Hollin Meadows
Dunn Loring,Week1,Hollin Meadows,Week4,248.0 Dunn Loring - 154.0 Hollin Meadows
Dowden Terrace,Week4,Springfield,Week2,358.0 Dowden Terrace - 38.0 Springfield
Dunn Loring,Week2,Hollin Meadows,Week1,269.5 Dunn Loring - 132.5 Hollin Meadows
Dunn Loring,Week3,Hollin Meadows,Week1,263.0 Dunn Loring - 139.0 Hollin Meadows
Dowden Terrace,Week4,Lee Graham,Week3,275.0 Lee Graham - 127.0 Dowden Terrace
Dunn Loring,Week2,Dunn Loring,Week2,201.0 Dunn Loring (DL1) - 201.0 Dunn Loring (DL2)
Dowden Terrace,Week3,Rolling Forest,Week4,202.0 Rolling Forest - 200.0 Dowden Terrace
Dunn Loring,Week5,Chesterbrook,Week3,307.0 Chesterbrook - 95.0 Dunn Loring
Dunn Loring,Week2,Chesterbrook,Week1,285.0 Chesterbrook - 117.0 Dunn Loring
Dunn Loring,Week1,Chesterbrook,Week4,305.0 Chesterbrook - 97.0 Dunn Loring
Dunn Loring,Week3,Dunn Loring,Week2,228.0 Dunn Loring (DL1) - 174.0 Dunn Loring (DL2)
Dowden Terrace,Week1,Lincolnia Park,Week2,298.5 Dowden Terrace - 90.5 Lincolnia Park
Dunn Loring,Week2,Hollin Meadows,Week5,264.0 Dunn Loring - 138.0 Hollin Meadows
Dowden Terrace,Week3,Rolling Forest,Week5,215.0 Rolling Forest - 187.0 Dowden Terrace
Dowden Terrace,Week3,Lee Graham,Week5,296.5 Lee Graham - 105.5 Dowden Terrace
Dunn Loring,Week2,Dunn Loring,Week3,228.0 Dunn Loring (DL2) - 174.0 Dunn Loring (DL1)
Dowden Terrace,Week4,Springfield,Week3,356.0 Dowden Terrace - 40.0 Springfield
Dowden Terrace,Week2,Lincolnia Park,Week4,309.5 Dowden Terrace - 92.5 Lincolnia Park
Dunn Loring,Week4,Cardinal Hill,Week2,242.0 Dunn Loring - 160.0 Cardinal Hill
Dowden Terrace,Week4,Springfield,Week5,363.0 Dowden Terrace - 33.0 Springfield
Dowden Terrace,Week2,Rolling Forest,Week5,213.5 Dowden Terrace - 188.5 Rolling Forest
Dowden Terrace,Week3,Stratford,Week4,235.0 Dowden Terrace - 167.0 Stratford
Dowden Terrace,Week4,Stratford,Week2,262.0 Dowden Terrace - 135.0 Stratford
Dunn Loring,Week2,Chesterbrook,Week5,309.0 Chesterbrook - 93.0 Dunn Loring
Dowden Terrace,Week2,Lincolnia Park,Week5,275.0 Dowden Terrace - 118.0 Lincolnia Park
Dunn Loring,Week1,Hollin Meadows,Week5,226.0 Dunn Loring - 176.0 Hollin Meadows
Dunn Loring,Week5,Hollin Meadows,Week5,266.0 Dunn Loring - 136.0 Hollin Meadows
Dowden Terrace,Week2,Stratford,Week5,263.0 Dowden Terrace - 139.0 Stratford
Dunn Loring,Week3,Chesterbrook,Week1,278.0 Chesterbrook - 124.0 Dunn Loring
Dunn Loring,Week3,Dunn Loring,Week4,225.0 Dunn Loring (DL1) - 177.0 Dunn Loring (DL2)
Dowden Terrace,Week5,Rolling Forest,Week1,242.0 Dowden Terrace - 160.0 Rolling Forest
Dowden Terrace,Week1,Rolling Hills,Week1,241.0 Dowden Terrace - 157.0 Rolling Hills
Dunn Loring,Week3,Hollin Meadows,Week4,290.0 Dunn Loring - 112.0 Hollin Meadows
Dunn Loring,Week3,Hollin Meadows,Week5,259.0 Dunn Loring - 143.0 Hollin Meadows
Dowden Terrace,Week4,Rolling Forest,Week4,229.0 Dowden Terrace - 173.0 Rolling Forest
Dunn Loring,Week1,Dunn Loring,Week4,251.5 Dunn Loring (DL2) - 150.5 Dunn Loring (DL1)
Dunn Loring,Week4,Dunn Loring,Week3,225.0 Dunn Loring (DL2) - 177.0 Dunn Loring (DL1)
Dowden Terrace,Week3,Stratford,Week5,242.0 Dowden Terrace - 160.0 Stratford
Dunn Loring,Week1,Dunn Loring,Week5,264.5 Dunn Loring (DL2) - 137.5 Dunn Loring (DL1)
Dunn Loring,Week5,Dunn Loring,Week2,224.0 Dunn Loring (DL1) - 178.0 Dunn Loring (DL2)
Dunn Loring,Week4,Cardinal Hill,Week5,204.0 Cardinal Hill - 198.0 Dunn Loring
Dunn Loring,Week2,Chesterbrook,Week4,289.0 Chesterbrook - 113.0 Dunn Loring
Dowden Terrace,Week3,Lincolnia Park,Week5,281.0 Dowden Terrace - 112.0 Lincolnia Park
Dunn Loring,Week5,Hollin Meadows,Week4,270.0 Dunn Loring - 132.0 Hollin Meadows
Dowden Terrace,Week3,Lincolnia Park,Week3,274.0 Dowden Terrace - 119.0 Lincolnia Park
Dowden Terrace,Week5,Springfield,Week2,365.0 Dowden Terrace - 35.0 Springfield
Dowden Terrace,Week4,Lincolnia Park,Week1,320.0 Dowden Terrace - 77.0 Lincolnia Park
Dowden Terrace,Week4,Rolling Forest,Week3,203.5 Dowden Terrace - 198.5 Rolling Forest
Dowden Terrace,Week1,Rolling Hills,Week2,237.0 Dowden Terrace - 159.0 Rolling Hills
Dunn Loring,Week2,Chesterbrook,Week2,293.0 Chesterbrook - 109.0 Dunn Loring
Dowden Terrace,Week5,Springfield,Week5,368.0 Dowden Terrace - 32.0 Springfield
Dowden Terrace,Week3,Lee Graham,Week4,278.0 Lee Graham - 124.0 Dowden Terrace
Dowden Terrace,Week3,Stratford,Week1,268.0 Dowden Terrace - 134.0 Stratford
Dowden Terrace,Week4,Lee Graham,Week2,272.0 Lee Graham - 130.0 Dowden Terrace
Dunn Loring,Week5,Dunn Loring,Week1,264.5 Dunn Loring (DL1) - 137.5 Dunn Loring (DL2)
Dowden Terrace,Week1,Lincolnia Park,Week1,301.0 Dowden Terrace - 99.0 Lincolnia Park
Dunn Loring,Week5,Cardinal Hill,Week5,229.0 Dunn Loring - 173.0 Cardinal Hill
Dunn Loring,Week1,Chesterbrook,Week5,319.0 Chesterbrook - 83.0 Dunn Loring
Dunn Loring,Week5,Dunn Loring,Week4,214.0 Dunn Loring (DL1) - 188.0 Dunn Loring (DL2)
Dunn Loring,Week1,Fair Oaks ,Week2,261.0 Dunn Loring - 141.0 Fair Oaks
Dowden Terrace,Week4,Springfield,Week1,355.0 Dowden Terrace - 42.0 Springfield
Dunn Loring,Week1,Holmes Run Acres,Week3,220.0 Dunn Loring - 182.0 Holmes Run Acres
Dunn Loring,Week1,Holmes Run Acres,Week1,263.0 Dunn Loring - 139.0 Holmes Run Acres
Dowden Terrace,Week5,Herndon,Week3,335.0 Dowden Terrace - 67.0 Herndon
Dowden Terrace,Week1,Lincolnia Park,Week4,314.0 Dowden Terrace - 84.0 Lincolnia Park
Dowden Terrace,Week5,Lee Graham,Week3,250.0 Lee Graham - 152.0 Dowden Terrace
Dowden Terrace,Week4,Stratford,Week4,255.0 Dowden Terrace - 147.0 Stratford
Dowden Terrace,Week5,Rolling Forest,Week3,240.0 Dowden Terrace - 162.0 Rolling Forest
Dunn Loring,Week4,Cardinal Hill,Week3,223.0 Cardinal Hill - 179.0 Dunn Loring
Dunn Loring,Week1,Holmes Run Acres,Week2,259.0 Dunn Loring - 143.0 Holmes Run Acres
Dunn Loring,Week3,Cardinal Hill,Week5,221.0 Dunn Loring - 181.0 Cardinal Hill
Dowden Terrace,Week1,Rolling Hills,Week4,247.0 Dowden Terrace - 146.0 Rolling Hills
Dunn Loring,Week5,Cardinal Hill,Week4,242.0 Dunn Loring - 160.0 Cardinal Hill
Dowden Terrace,Week4,Herndon,Week5,322.0 Dowden Terrace - 80.0 Herndon
Dunn Loring,Week2,Fair Oaks ,Week2,298.0 Dunn Loring - 104.0 Fair Oaks
Dunn Loring,Week1,Hollin Meadows,Week3,228.0 Dunn Loring - 174.0 Hollin Meadows
Dowden Terrace,Week3,Little Hunting Park,Week2,267.0 Dowden Terrace - 135.0 Little Hunting Park
Dunn Loring,Week1,Fair Oaks ,Week4,239.0 Dunn Loring - 163.0 Fair Oaks
Dunn Loring,Week1,Fair Oaks ,Week3,228.0 Dunn Loring - 174.0 Fair Oaks
Dowden Terrace,Week4,Herndon,Week4,319.0 Dowden Terrace - 83.0 Herndon
Dunn Loring,Week3,Fair Oaks ,Week2,298.0 Dunn Loring - 104.0 Fair Oaks
Dowden Terrace,Week5,Rolling Forest,Week4,253.0 Dowden Terrace - 149.0 Rolling Forest
Dunn Loring,Week3,Hollin Meadows,Week2,285.0 Dunn Loring - 117.0 Hollin Meadows
Dowden Terrace,Week2,Stratford,Week3,261.5 Dowden Terrace - 140.5 Stratford
Dowden Terrace,Week5,Springfield,Week3,372.0 Dowden Terrace - 29.0 Springfield
Dowden Terrace,Week2,Rolling Hills,Week3,232.0 Dowden Terrace - 170.0 Rolling Hills
Dunn Loring,Week1,Hollin Meadows,Week2,245.0 Dunn Loring - 157.0 Hollin Meadows
Dunn Loring,Week3,Chesterbrook,Week5,293.0 Chesterbrook - 109.0 Dunn Loring
Dowden Terrace,Week1,Rolling Hills,Week5,250.0 Dowden Terrace - 151.0 Rolling Hills
Dowden Terrace,Week3,Little Hunting Park,Week5,221.0 Dowden Terrace - 181.0 Little Hunting Park
Dowden Terrace,Week1,Rolling Hills,Week3,236.0 Dowden Terrace - 165.0 Rolling Hills
Dowden Terrace,Week4,Springfield,Week4,342.0 Dowden Terrace - 55.0 Springfield
Dowden Terrace,Week3,Little Hunting Park,Week4,264.0 Dowden Terrace - 138.0 Little Hunting Park
Dunn Loring,Week1,Hollin Meadows,Week1,231.0 Dunn Loring - 171.0 Hollin Meadows
Dunn Loring,Week2,Fair Oaks ,Week1,266.0 Dunn Loring - 136.0 Fair Oaks
Dowden Terrace,Week2,Rolling Hills,Week1,233.0 Dowden Terrace - 169.0 Rolling Hills
Dowden Terrace,Week3,Stratford,Week2,261.0 Dowden Terrace - 141.0 Stratford
Dunn Loring,Week3,Chesterbrook,Week4,283.0 Chesterbrook - 119.0 Dunn Loring
Dowden Terrace,Week5,Rolling Forest,Week5,243.0 Dowden Terrace - 159.0 Rolling Forest
Dowden Terrace,Week2,Herndon,Week1,307.0 Dowden Terrace - 95.0 Herndon
Dowden Terrace,Week5,Lincolnia Park,Week4,330.0 Dowden Terrace - 72.0 Lincolnia Park
Dunn Loring,Week2,Fair Oaks ,Week5,238.0 Dunn Loring - 164.0 Fair Oaks
Dowden Terrace,Week4,Stratford,Week5,266.0 Dowden Terrace - 136.0 Stratford
Dunn Loring,Week5,Hollin Hills,Week4,352.0 Dunn Loring - 50.0 Hollin Hills
Dowden Terrace,Week1,Hiddenbrook,Week3,239.0 Dowden Terrace - 158.0 Hiddenbrook
Dunn Loring,Week4,Chesterbrook,Week3,315.0 Chesterbrook - 87.0 Dunn Loring
Dowden Terrace,Week2,Stratford,Week4,241.0 Dowden Terrace - 161.0 Stratford
Dowden Terrace,Week2,Rolling Hills,Week4,241.0 Dowden Terrace - 155.0 Rolling Hills
Dowden Terrace,Week4,Stratford,Week1,269.0 Dowden Terrace - 133.0 Stratford
Dowden Terrace,Week4,Little Hunting Park,Week5,242.0 Dowden Terrace - 160.0 Little Hunting Park
Dunn Loring,Week2,Fair Oaks ,Week4,271.0 Dunn Loring - 131.0 Fair Oaks
Dunn Loring,Week2,Hollin Meadows,Week2,280.0 Dunn Loring - 122.0 Hollin Meadows
Dowden Terrace,Week1,Stratford,Week3,253.0 Dowden Terrace - 148.0 Stratford
Dowden Terrace,Week4,Little Hunting Park,Week2,266.0 Dowden Terrace - 136.0 Little Hunting Park
Dowden Terrace,Week2,Rolling Hills,Week2,221.0 Dowden Terrace - 181.0 Rolling Hills
Dunn Loring,Week2,Hollin Meadows,Week4,276.0 Dunn Loring - 126.0 Hollin Meadows
Dunn Loring,Week1,Chesterbrook,Week1,299.0 Chesterbrook - 103.0 Dunn Loring
Dowden Terrace,Week5,Herndon,Week5,336.0 Dowden Terrace - 66.0 Herndon
Dowden Terrace,Week5,Little Hunting Park,Week1,277.0 Dowden Terrace - 125.0 Little Hunting Park
Dunn Loring,Week5,Cardinal Hill,Week1,218.0 Dunn Loring - 184.0 Cardinal Hill
Dunn Loring,Week1,Fair Oaks ,Week5,225.0 Dunn Loring - 177.0 Fair Oaks
Dowden Terrace,Week2,Herndon,Week4,306.0 Dowden Terrace - 96.0 Herndon
Dowden Terrace,Week3,Herndon,Week1,317.0 Dowden Terrace - 85.0 Herndon
Dunn Loring,Week3,Chesterbrook,Week2,281.0 Chesterbrook - 121.0 Dunn Loring
Dunn Loring,Week4,Chesterbrook,Week4,297.0 Chesterbrook - 105.0 Dunn Loring
Dunn Loring,Week4,Hollin Meadows,Week2,289.0 Dunn Loring - 113.0 Hollin Meadows
Dunn Loring,Week4,Hollin Meadows,Week4,273.0 Dunn Loring - 129.0 Hollin Meadows
Dowden Terrace,Week5,Hayfield Farm,Week4,237.0 Dowden Terrace - 165.0 Hayfield Farm
Dunn Loring,Week3,Fair Oaks ,Week4,284.0 Dunn Loring - 118.0 Fair Oaks
Dunn Loring,Week3,Fairfax,Week5,206.5 Dunn Loring - 195.5 Fairfax
Dunn Loring,Week3,Chesterbrook,Week3,303.0 Chesterbrook - 99.0 Dunn Loring
Dunn Loring,Week5,Fair Oaks ,Week3,282.5 Dunn Loring - 119.5 Fair Oaks
Dowden Terrace,Week4,Sully Station,Week1,264.0 Sully Station - 138.0 Dowden Terrace
Dunn Loring,Week4,Fair Oaks ,Week1,270.0 Dunn Loring - 132.0 Fair Oaks
Dowden Terrace,Week1,Sully Station,Week5,268.0 Sully Station - 133.0 Dowden Terrace
Dunn Loring,Week5,Hollin Hills,Week5,337.0 Dunn Loring - 65.0 Hollin Hills
Dowden Terrace,Week1,Little Hunting Park,Week2,253.0 Dowden Terrace - 145.0 Little Hunting Park
Dunn Loring,Week4,Chesterbrook,Week2,301.0 Chesterbrook - 101.0 Dunn Loring
Dowden Terrace,Week5,Hayfield Farm,Week2,247.0 Dowden Terrace - 155.0 Hayfield Farm
Dowden Terrace,Week5,Stratford,Week1,297.0 Dowden Terrace - 105.0 Stratford
Dowden Terrace,Week5,Hayfield Farm,Week3,213.0 Dowden Terrace - 189.0 Hayfield Farm
Dowden Terrace,Week4,Sully Station,Week3,245.0 Sully Station - 157.0 Dowden Terrace
Dunn Loring,Week1,Chesterbrook,Week3,316.0 Chesterbrook - 86.0 Dunn Loring
Dowden Terrace,Week2,Little Hunting Park,Week4,255.0 Dowden Terrace - 147.0 Little Hunting Park
Dowden Terrace,Week5,Little Hunting Park,Week5,254.0 Dowden Terrace - 147.0 Little Hunting Park
Dunn Loring,Week4,Hollin Meadows,Week1,258.0 Dunn Loring - 144.0 Hollin Meadows
Dowden Terrace,Week2,Little Hunting Park,Week1,262.0 Dowden Terrace - 139.0 Little Hunting Park
Dowden Terrace,Week1,Herndon,Week4,307.0 Dowden Terrace - 95.0 Herndon
Dunn Loring,Week3,Fair Oaks ,Week3,272.0 Dunn Loring - 130.0 Fair Oaks
Dowden Terrace,Week3,Sully Station,Week2,259.0 Sully Station - 143.0 Dowden Terrace
Dowden Terrace,Week2,Little Hunting Park,Week5,222.0 Dowden Terrace - 180.0 Little Hunting Park
Dunn Loring,Week3,Hollin Meadows,Week3,273.5 Dunn Loring - 128.5 Hollin Meadows
Dowden Terrace,Week2,Herndon,Week5,310.0 Dowden Terrace - 92.0 Herndon
Dowden Terrace,Week2,Herndon,Week3,305.0 Dowden Terrace - 97.0 Herndon
Dunn Loring,Week5,Fair Oaks ,Week5,259.0 Dunn Loring - 143.0 Fair Oaks
Dowden Terrace,Week5,Lincolnia Park,Week5,308.0 Dowden Terrace - 85.0 Lincolnia Park
Dunn Loring,Week4,Chesterbrook,Week1,295.0 Chesterbrook - 107.0 Dunn Loring
Dowden Terrace,Week3,Herndon,Week3,303.0 Dowden Terrace - 99.0 Herndon
Dunn Loring,Week4,Chesterbrook,Week5,317.5 Chesterbrook - 84.5 Dunn Loring
Dowden Terrace,Week3,Sully Station,Week5,285.0 Sully Station - 117.0 Dowden Terrace
Dunn Loring,Week4,Fair Oaks ,Week4,285.0 Dunn Loring - 117.0 Fair Oaks
Dowden Terrace,Week5,Stratford,Week3,282.0 Dowden Terrace - 120.0 Stratford
Dowden Terrace,Week4,Lincolnia Park,Week5,291.0 Dowden Terrace - 102.0 Lincolnia Park
Dowden Terrace,Week4,Herndon,Week3,317.0 Dowden Terrace - 80.0 Herndon
Dunn Loring,Week1,Commonwealth,Week3,281.5 Dunn Loring - 120.5 Commonwealth
Dunn Loring,Week1,Hunt Valley,Week2,225.0 Hunt Valley - 177.0 Dunn Loring
Dunn Loring,Week4,Holmes Run Acres,Week3,262.0 Dunn Loring - 140.0 Holmes Run Acres
Dunn Loring,Week3,Holmes Run Acres,Week4,296.0 Dunn Loring - 106.0 Holmes Run Acres
Dunn Loring,Week4,Fairfax,Week1,222.0 Dunn Loring - 180.0 Fairfax
Dowden Terrace,Week5,Lincolnia Park,Week2,328.0 Dowden Terrace - 64.0 Lincolnia Park
Dowden Terrace,Week1,Little Hunting Park,Week1,247.0 Dowden Terrace - 146.0 Little Hunting Park
Dunn Loring,Week5,Hollin Meadows,Week3,276.0 Dunn Loring - 126.0 Hollin Meadows
Dowden Terrace,Week3,Herndon,Week2,306.0 Dowden Terrace - 96.0 Herndon
Dunn Loring,Week1,Fairfax,Week1,223.0 Fairfax - 179.0 Dunn Loring
Dunn Loring,Week3,Commonwealth,Week2,317.0 Dunn Loring - 85.0 Commonwealth
Dowden Terrace,Week1,Herndon,Week2,291.0 Dowden Terrace - 110.0 Herndon
Dunn Loring,Week5,Hollin Meadows,Week2,294.0 Dunn Loring - 108.0 Hollin Meadows
Dowden Terrace,Week2,Little Hunting Park,Week2,256.0 Dowden Terrace - 146.0 Little Hunting Park
Dunn Loring,Week2,Hunt Valley,Week2,211.0 Dunn Loring - 191.0 Hunt Valley
Dunn Loring,Week4,Commonwealth,Week2,309.0 Dunn Loring - 93.0 Commonwealth
Dunn Loring,Week4,Fair Oaks ,Week5,244.0 Dunn Loring - 158.0 Fair Oaks
Dowden Terrace,Week1,Herndon,Week5,300.0 Dowden Terrace - 101.0 Herndon
Dunn Loring,Week5,Chesterbrook,Week2,283.0 Chesterbrook - 119.0 Dunn Loring
Dowden Terrace,Week5,Stratford,Week4,279.0 Dowden Terrace - 123.0 Stratford
Dowden Terrace,Week1,Sully Station II,Week2,280.0 Sully Station II - 122.0 Dowden Terrace
Dowden Terrace,Week4,Lincolnia Park,Week2,318.0 Dowden Terrace - 70.0 Lincolnia Park
Dunn Loring,Week1,Fairfax,Week2,243.0 Fairfax - 159.0 Dunn Loring
Dunn Loring,Week2,Fairfax,Week1,214.0 Dunn Loring - 188.0 Fairfax
Dowden Terrace,Week1,Sully Station II,Week4,229.0 Sully Station II - 173.0 Dowden Terrace
Dowden Terrace,Week2,Sully Station,Week3,259.0 Sully Station - 143.0 Dowden Terrace
Dunn Loring,Week4,Fair Oaks ,Week3,266.0 Dunn Loring - 136.0 Fair Oaks
Dunn Loring,Week2,Holmes Run Acres,Week1,296.0 Dunn Loring - 106.0 Holmes Run Acres
Dowden Terrace,Week5,Lincolnia Park,Week1,327.0 Dowden Terrace - 75.0 Lincolnia Park
Dunn Loring,Week4,Commonwealth,Week3,315.0 Dunn Loring - 87.0 Commonwealth
Dowden Terrace,Week1,Little Hunting Park,Week5,218.0 Dowden Terrace - 183.0 Little Hunting Park
Dunn Loring,Week4,Commonwealth,Week1,324.0 Dunn Loring - 78.0 Commonwealth
Dunn Loring,Week3,Holmes Run Acres,Week3,263.0 Dunn Loring - 139.0 Holmes Run Acres
Dowden Terrace,Week5,Sully Station,Week3,230.0 Sully Station - 172.0 Dowden Terrace
Dowden Terrace,Week5,Hayfield Farm,Week5,228.0 Dowden Terrace - 174.0 Hayfield Farm
Dowden Terrace,Week1,Sully Station II,Week3,281.0 Sully Station II - 121.0 Dowden Terrace
Dunn Loring,Week2,Commonwealth,Week5,296.0 Dunn Loring - 106.0 Commonwealth
Dowden Terrace,Week4,Lincolnia Park,Week3,292.0 Dowden Terrace - 96.0 Lincolnia Park
Dunn Loring,Week3,Holmes Run Acres,Week5,257.0 Dunn Loring - 145.0 Holmes Run Acres
Dunn Loring,Week1,Fairfax,Week5,249.0 Fairfax - 153.0 Dunn Loring
Dowden Terrace,Week2,Sully Station,Week5,268.0 Sully Station - 134.0 Dowden Terrace
Dowden Terrace,Week1,Little Hunting Park,Week4,241.0 Dowden Terrace - 157.0 Little Hunting Park
Dunn Loring,Week3,Fairfax,Week1,227.5 Dunn Loring - 174.5 Fairfax
Dunn Loring,Week1,Fairfax,Week4,227.0 Fairfax - 175.0 Dunn Loring
Dowden Terrace,Week3,Herndon,Week4,307.0 Dowden Terrace - 95.0 Herndon
Dunn Loring,Week1,Commonwealth,Week2,262.0 Dunn Loring - 140.0 Commonwealth
Dowden Terrace,Week2,Herndon,Week2,299.0 Dowden Terrace - 103.0 Herndon
Dunn Loring,Week4,Holmes Run Acres,Week5,243.0 Dunn Loring - 159.0 Holmes Run Acres
Dunn Loring,Week3,Fairfax,Week2,206.0 Dunn Loring - 196.0 Fairfax
Dowden Terrace,Week5,Lincolnia Park,Week3,303.0 Dowden Terrace - 90.0 Lincolnia Park
Dowden Terrace,Week3,Sully Station,Week1,279.0 Sully Station - 123.0 Dowden Terrace
Dowden Terrace,Week4,Sully Station,Week5,266.0 Sully Station - 136.0 Dowden Terrace
Dunn Loring,Week3,Holmes Run Acres,Week1,296.0 Dunn Loring - 106.0 Holmes Run Acres
Dunn Loring,Week1,Commonwealth,Week1,300.5 Dunn Loring - 101.5 Commonwealth
Dowden Terrace,Week1,Herndon,Week3,296.0 Dowden Terrace - 97.0 Herndon
Dunn Loring,Week5,Holmes Run Acres,Week1,292.0 Dunn Loring - 110.0 Holmes Run Acres
Dunn Loring,Week1,Commonwealth,Week4,291.0 Dunn Loring - 111.0 Commonwealth
Dowden Terrace,Week4,Herndon,Week1,315.0 Dowden Terrace - 82.0 Herndon
Dowden Terrace,Week5,Sully Station,Week2,215.0 Sully Station - 187.0 Dowden Terrace
Dunn Loring,Week3,Fairfax,Week3,209.0 Fairfax - 193.0 Dunn Loring
Dunn Loring,Week5,Holmes Run Acres,Week5,264.0 Dunn Loring - 138.0 Holmes Run Acres
Dowden Terrace,Week5,Herndon,Week1,334.0 Dowden Terrace - 68.0 Herndon
Dunn Loring,Week4,Commonwealth,Week4,320.0 Dunn Loring - 82.0 Commonwealth
Dowden Terrace,Week4,Lincolnia Park,Week4,321.0 Dowden Terrace - 76.0 Lincolnia Park
Dunn Loring,Week2,Commonwealth,Week1,327.0 Dunn Loring - 75.0 Commonwealth
Dunn Loring,Week2,Commonwealth,Week2,309.5 Dunn Loring - 92.5 Commonwealth
Dowden Terrace,Week1,Sully Station,Week3,246.0 Sully Station - 155.0 Dowden Terrace
Donaldson Run,Week1,Tuckahoe,Week2,268.0 Tuckahoe - 134.0 Donaldson Run
Dunn Loring,Week5,Commonwealth,Week1,326.0 Dunn Loring - 76.0 Commonwealth
Dunn Loring,Week5,Holmes Run Acres,Week2,304.0 Dunn Loring - 98.0 Holmes Run Acres
Dowden Terrace,Week2,Little Hunting Park,Week3,257.0 Dowden Terrace - 145.0 Little Hunting Park
Dowden Terrace,Week3,Little Hunting Park,Week3,259.0 Dowden Terrace - 143.0 Little Hunting Park
Dowden Terrace,Week5,Sully Station,Week4,235.0 Sully Station - 167.0 Dowden Terrace
Dunn Loring,Week5,Fair Oaks ,Week1,274.0 Dunn Loring - 128.0 Fair Oaks
Dowden Terrace,Week3,Herndon,Week5,306.5 Dowden Terrace - 95.5 Herndon
Dunn Loring,Week3,Commonwealth,Week3,336.0 Dunn Loring - 66.0 Commonwealth
Dowden Terrace,Week4,Sully Station,Week4,242.0 Sully Station - 160.0 Dowden Terrace
Dowden Terrace,Week2,Sully Station,Week1,257.0 Sully Station - 145.0 Dowden Terrace
Dunn Loring,Week2,Fairfax,Week3,216.5 Fairfax - 185.5 Dunn Loring
Dowden Terrace,Week5,Herndon,Week2,331.0 Dowden Terrace - 71.0 Herndon
Dunn Loring,Week2,Holmes Run Acres,Week5,252.0 Dunn Loring - 150.0 Holmes Run Acres
Dowden Terrace,Week1,Herndon,Week1,307.0 Dowden Terrace - 90.0 Herndon
Dowden Terrace,Week1,Little Hunting Park,Week3,255.0 Dowden Terrace - 146.0 Little Hunting Park
Dowden Terrace,Week3,Little Hunting Park,Week1,263.0 Dowden Terrace - 139.0 Little Hunting Park
Dunn Loring,Week4,Holmes Run Acres,Week1,295.0 Dunn Loring - 107.0 Holmes Run Acres
Dowden Terrace,Week4,Herndon,Week2,312.0 Dowden Terrace - 85.0 Herndon
Dunn Loring,Week5,Fair Oaks ,Week2,307.0 Dunn Loring - 95.0 Fair Oaks
Dunn Loring,Week5,Holmes Run Acres,Week4,298.0 Dunn Loring - 104.0 Holmes Run Acres
Dowden Terrace,Week5,Little Hunting Park,Week4,275.0 Dowden Terrace - 127.0 Little Hunting Park
Dowden Terrace,Week5,Herndon,Week4,332.0 Dowden Terrace - 70.0 Herndon
Dunn Loring,Week5,Chesterbrook,Week5,300.0 Chesterbrook - 102.0 Dunn Loring
Donaldson Run,Week5,Tuckahoe,Week5,265.0 Tuckahoe - 137.0 Donaldson Run
Dunn Loring,Week5,Commonwealth,Week2,302.0 Dunn Loring - 100.0 Commonwealth
Dowden Terrace,Week4,Hiddenbrook,Week3,257.0 Dowden Terrace - 145.0 Hiddenbrook
Dunn Loring,Week1,Fairfax Club Estates,Week1,276.0 Dunn Loring - 126.0 Fairfax Club Estates
Dowden Terrace,Week2,Sully Station,Week4,263.0 Sully Station - 139.0 Dowden Terrace
Dunn Loring,Week1,Fairfax,Week3,246.0 Fairfax - 156.0 Dunn Loring
Dowden Terrace,Week5,Little Hunting Park,Week3,280.5 Dowden Terrace - 121.5 Little Hunting Park
Dowden Terrace,Week4,Little Hunting Park,Week1,266.0 Dowden Terrace - 136.0 Little Hunting Park
Dowden Terrace,Week5,Stratford,Week5,289.0 Dowden Terrace - 113.0 Stratford
Dowden Terrace,Week1,Hiddenbrook,Week1,240.0 Dowden Terrace - 158.0 Hiddenbrook
Donaldson Run,Week3,Tuckahoe,Week1,256.0 Tuckahoe - 146.0 Donaldson Run
Dunn Loring,Week1,Hunt Valley,Week3,242.0 Hunt Valley - 160.0 Dunn Loring
Dowden Terrace,Week1,Hiddenbrook,Week2,264.0 Dowden Terrace - 137.0 Hiddenbrook
Dunn Loring,Week5,Fair Oaks ,Week4,278.0 Dunn Loring - 124.0 Fair Oaks
Dowden Terrace,Week1,Sully Station,Week1,262.0 Sully Station - 140.0 Dowden Terrace
Dunn Loring,Week2,Fairfax,Week5,204.0 Fairfax - 198.0 Dunn Loring
Donaldson Run,Week1,Tuckahoe,Week4,296.5 Tuckahoe - 105.5 Donaldson Run
Donaldson Run,Week2,Tuckahoe,Week4,299.0 Tuckahoe - 103.0 Donaldson Run
Dowden Terrace,Week4,Little Hunting Park,Week4,267.0 Dowden Terrace - 135.0 Little Hunting Park
Dunn Loring,Week2,Fairfax,Week4,211.0 Dunn Loring - 191.0 Fairfax
Dunn Loring,Week2,Hunt Valley,Week1,203.0 Dunn Loring - 199.0 Hunt Valley
Dunn Loring,Week4,Holmes Run Acres,Week2,303.0 Dunn Loring - 99.0 Holmes Run Acres
Dunn Loring,Week1,Hunt Valley,Week1,220.0 Hunt Valley - 182.0 Dunn Loring
Dowden Terrace,Week2,Sully Station,Week2,243.0 Sully Station - 159.0 Dowden Terrace
Dowden Terrace,Week5,Little Hunting Park,Week2,274.0 Dowden Terrace - 128.0 Little Hunting Park
Dowden Terrace,Week1,Sully Station,Week2,242.0 Sully Station - 160.0 Dowden Terrace
Dowden Terrace,Week3,Hiddenbrook,Week1,246.5 Dowden Terrace - 155.5 Hiddenbrook
Dunn Loring,Week2,Fairfax,Week2,210.0 Fairfax - 192.0 Dunn Loring
Dunn Loring,Week1,Hunt Valley,Week5,240.0 Hunt Valley - 162.0 Dunn Loring
Dunn Loring,Week2,Commonwealth,Week4,324.0 Dunn Loring - 78.0 Commonwealth
Donaldson Run,Week1,Vienna Aquatic,Week4,233.0 Vienna Aquatic - 169.0 Donaldson Run
Dunn Loring,Week5,Commonwealth,Week3,317.0 Dunn Loring - 85.0 Commonwealth
Dunn Loring,Week5,Commonwealth,Week4,322.0 Dunn Loring - 80.0 Commonwealth
Dunn Loring,Week3,Fairfax,Week4,214.5 Dunn Loring - 187.5 Fairfax
Donaldson Run,Week2,Tuckahoe,Week3,297.0 Tuckahoe - 105.0 Donaldson Run
Dowden Terrace,Week1,High Point Pool,Week4,244.0 High Point Pool - 158.0 Dowden Terrace
Dowden Terrace,Week1,Little Rocky Run,Week4,290.0 Little Rocky Run - 112.0 Dowden Terrace
Dowden Terrace,Week5,Hiddenbrook,Week5,240.5 Dowden Terrace - 161.5 Hiddenbrook
Dowden Terrace,Week1,Sully Station,Week4,261.0 Sully Station - 141.0 Dowden Terrace
Dunn Loring,Week5,Commonwealth,Week5,300.0 Dunn Loring - 102.0 Commonwealth
Dunn Loring,Week5,Holmes Run Acres,Week3,249.0 Dunn Loring - 153.0 Holmes Run Acres
Dowden Terrace,Week4,Little Hunting Park,Week3,261.0 Dowden Terrace - 141.0 Little Hunting Park
Dowden Terrace,Week3,Sully Station,Week3,271.0 Sully Station - 131.0 Dowden Terrace
Donaldson Run,Week2,Tuckahoe,Week2,269.0 Tuckahoe - 133.0 Donaldson Run
Dunn Loring,Week2,Holmes Run Acres,Week2,290.0 Dunn Loring - 112.0 Holmes Run Acres
Dowden Terrace,Week5,Little Rocky Run,Week3,248.5 Little Rocky Run - 153.5 Dowden Terrace
Dunn Loring,Week5,Fairfax,Week1,213.0 Dunn Loring - 189.0 Fairfax
Dowden Terrace,Week4,Sully Station,Week2,239.0 Sully Station - 158.0 Dowden Terrace
Dunn Loring,Week3,Fairfax Club Estates,Week1,310.0 Dunn Loring - 92.0 Fairfax Club Estates
Dowden Terrace,Week2,Little Rocky Run,Week5,278.0 Little Rocky Run - 124.0 Dowden Terrace
Dunn Loring,Week2,Holmes Run Acres,Week3,253.0 Dunn Loring - 149.0 Holmes Run Acres
Dunn Loring,Week1,Cottontail,Week2,259.0 Dunn Loring - 143.0 Cottontail
Dunn Loring,Week4,Commonwealth,Week5,300.0 Dunn Loring - 102.0 Commonwealth
Dowden Terrace,Week3,Sully Station,Week4,279.0 Sully Station - 123.0 Dowden Terrace
Dowden Terrace,Week3,Hiddenbrook,Week4,221.0 Dowden Terrace - 181.0 Hiddenbrook
Dunn Loring,Week1,Cottontail,Week1,260.0 Dunn Loring - 142.0 Cottontail
Dunn Loring,Week1,Holmes Run Acres,Week4,254.0 Dunn Loring - 148.0 Holmes Run Acres
Donaldson Run,Week5,Tuckahoe,Week1,249.0 Tuckahoe - 153.0 Donaldson Run
Dowden Terrace,Week1,Long Branch,Week1,238.0 Dowden Terrace - 160.0 Long Branch
Dunn Loring,Week1,Holmes Run Acres,Week5,221.0 Dunn Loring - 181.0 Holmes Run Acres
Donaldson Run,Week3,Tuckahoe,Week5,281.0 Tuckahoe - 121.0 Donaldson Run
Donaldson Run,Week1,Tuckahoe,Week1,259.0 Tuckahoe - 143.0 Donaldson Run
Dowden Terrace,Week2,Hiddenbrook,Week1,246.0 Dowden Terrace - 156.0 Hiddenbrook
Dowden Terrace,Week2,High Point Pool,Week4,239.0 High Point Pool - 163.0 Dowden Terrace
Dowden Terrace,Week5,Sully Station,Week5,255.0 Sully Station - 147.0 Dowden Terrace
Dunn Loring,Week4,Fairfax,Week4,219.0 Dunn Loring - 183.0 Fairfax
Dunn Loring,Week3,Commonwealth,Week5,311.0 Dunn Loring - 91.0 Commonwealth
Dowden Terrace,Week1,Sully Station II,Week1,244.0 Sully Station II - 158.0 Dowden Terrace
Dunn Loring,Week5,Fairfax Club Estates,Week2,310.0 Dunn Loring - 92.0 Fairfax Club Estates
Dunn Loring,Week2,Fairfax Club Estates,Week2,308.0 Dunn Loring - 94.0 Fairfax Club Estates
Donaldson Run,Week3,Tuckahoe,Week3,290.5 Tuckahoe - 111.5 Donaldson Run
Dowden Terrace,Week3,Hiddenbrook,Week5,211.0 Hiddenbrook - 191.0 Dowden Terrace
Donaldson Run,Week4,Tuckahoe,Week5,282.0 Tuckahoe - 120.0 Donaldson Run
Dowden Terrace,Week1,Truro,Week4,246.0 Dowden Terrace - 155.0 Truro
Dunn Loring,Week2,Holmes Run Acres,Week4,279.0 Dunn Loring - 123.0 Holmes Run Acres
Dunn Loring,Week1,Hunt Valley,Week4,225.0 Hunt Valley - 177.0 Dunn Loring
Dowden Terrace,Week2,Little Rocky Run,Week3,269.0 Little Rocky Run - 133.0 Dowden Terrace
Donaldson Run,Week1,Vienna Aquatic,Week2,206.0 Vienna Aquatic - 196.0 Donaldson Run
Donaldson Run,Week3,Tuckahoe,Week4,293.0 Tuckahoe - 109.0 Donaldson Run
Dowden Terrace,Week1,Hiddenbrook,Week4,235.0 Dowden Terrace - 166.0 Hiddenbrook
Dunn Loring,Week5,Chesterbrook,Week4,291.0 Chesterbrook - 111.0 Dunn Loring
Dowden Terrace,Week5,Sully Station,Week1,229.0 Sully Station - 173.0 Dowden Terrace
Dunn Loring,Week3,Holmes Run Acres,Week2,309.0 Dunn Loring - 93.0 Holmes Run Acres
Dowden Terrace,Week2,Little Rocky Run,Week4,257.0 Little Rocky Run - 145.0 Dowden Terrace
Dowden Terrace,Week2,High Point Pool,Week2,251.0 High Point Pool - 151.0 Dowden Terrace
Dunn Loring,Week2,Fairfax Club Estates,Week3,303.0 Dunn Loring - 99.0 Fairfax Club Estates
Dowden Terrace,Week1,Truro,Week5,234.0 Dowden Terrace - 164.0 Truro
Dunn Loring,Week3,Commonwealth,Week1,338.0 Dunn Loring - 64.0 Commonwealth
Dunn Loring,Week4,Holmes Run Acres,Week4,281.5 Dunn Loring - 120.5 Holmes Run Acres
Dunn Loring,Week1,Commonwealth,Week5,258.0 Dunn Loring - 144.0 Commonwealth
Dowden Terrace,Week5,Hiddenbrook,Week1,271.0 Dowden Terrace - 131.0 Hiddenbrook
Dunn Loring,Week2,Commonwealth,Week3,317.0 Dunn Loring - 85.0 Commonwealth
Dowden Terrace,Week3,Little Rocky Run,Week1,276.0 Little Rocky Run - 126.0 Dowden Terrace
Donaldson Run,Week1,Vienna Aquatic,Week3,230.0 Vienna Aquatic - 172.0 Donaldson Run
Dunn Loring,Week4,Fairfax,Week5,212.0 Fairfax - 190.0 Dunn Loring
Dowden Terrace,Week2,Little Rocky Run,Week1,248.0 Little Rocky Run - 154.0 Dowden Terrace
Dunn Loring,Week3,Fairfax Club Estates,Week4,311.0 Dunn Loring - 91.0 Fairfax Club Estates
Dunn Loring,Week3,Fairfax Club Estates,Week2,310.0 Dunn Loring - 92.0 Fairfax Club Estates
Dowden Terrace,Week5,Hiddenbrook,Week2,300.0 Dowden Terrace - 101.0 Hiddenbrook
Dowden Terrace,Week1,High Point Pool,Week2,252.0 High Point Pool - 149.0 Dowden Terrace
Dowden Terrace,Week5,Hiddenbrook,Week4,247.0 Dowden Terrace - 155.0 Hiddenbrook
Dunn Loring,Week3,Commonwealth,Week4,337.0 Dunn Loring - 65.0 Commonwealth
Dowden Terrace,Week3,Little Rocky Run,Week2,272.0 Little Rocky Run - 130.0 Dowden Terrace
Dunn Loring,Week5,Hunt Valley,Week1,205.0 Dunn Loring - 197.0 Hunt Valley
Dowden Terrace,Week3,Little Rocky Run,Week3,296.0 Little Rocky Run - 106.0 Dowden Terrace
Dowden Terrace,Week4,Hiddenbrook,Week4,226.0 Dowden Terrace - 176.0 Hiddenbrook
Dowden Terrace,Week5,Sully Station II,Week3,245.5 Sully Station II - 156.5 Dowden Terrace
Dunn Loring,Week4,Fairfax Club Estates,Week2,313.0 Dunn Loring - 89.0 Fairfax Club Estates
Dunn Loring,Week2,Country Club Hills,Week4,329.0 Dunn Loring - 73.0 Country Club Hills
Dowden Terrace,Week2,Sully Station II,Week5,299.0 Sully Station II - 103.0 Dowden Terrace
Donaldson Run,Week5,Truro,Week5,341.0 Donaldson Run - 61.0 Truro
Donaldson Run,Week2,Tuckahoe,Week1,253.0 Tuckahoe - 149.0 Donaldson Run
Dowden Terrace,Week4,Sully Station II,Week3,257.0 Sully Station II - 145.0 Dowden Terrace
Dunn Loring,Week3,Hunter Mill,Week4,229.0 Dunn Loring - 173.0 Hunter Mill
Dowden Terrace,Week2,Sully Station II,Week2,267.0 Sully Station II - 135.0 Dowden Terrace
Dowden Terrace,Week3,Sully Station II,Week5,305.0 Sully Station II - 97.0 Dowden Terrace
Dowden Terrace,Week1,High Point Pool,Week1,230.5 High Point Pool - 171.5 Dowden Terrace
Donaldson Run,Week4,Tuckahoe,Week2,264.0 Tuckahoe - 138.0 Donaldson Run
Dunn Loring,Week4,Hunt Valley,Week1,202.0 Hunt Valley - 200.0 Dunn Loring
Donaldson Run,Week1,Tuckahoe,Week3,293.0 Tuckahoe - 109.0 Donaldson Run
Donaldson Run,Week1,Tuckahoe,Week5,277.0 Tuckahoe - 125.0 Donaldson Run
Dowden Terrace,Week2,Hiddenbrook,Week3,238.0 Dowden Terrace - 164.0 Hiddenbrook
Dunn Loring,Week5,Fairfax,Week2,215.0 Fairfax - 187.0 Dunn Loring
Donaldson Run,Week5,Truro,Week4,342.0 Donaldson Run - 60.0 Truro
Dunn Loring,Week1,Fairfax Club Estates,Week4,274.0 Dunn Loring - 123.0 Fairfax Club Estates
Dunn Loring,Week4,Cottontail,Week4,310.0 Dunn Loring - 92.0 Cottontail
Dowden Terrace,Week2,Sully Station II,Week1,235.0 Sully Station II - 167.0 Dowden Terrace
Dowden Terrace,Week1,Long Branch,Week3,234.0 Dowden Terrace - 167.0 Long Branch
Dunn Loring,Week3,Hunt Valley,Week4,210.0 Dunn Loring - 192.0 Hunt Valley
Dunn Loring,Week3,Hunter Mill,Week2,246.0 Dunn Loring - 156.0 Hunter Mill
Dowden Terrace,Week1,Long Branch,Week4,238.0 Dowden Terrace - 163.0 Long Branch
Dunn Loring,Week2,Hunter Mill,Week5,212.5 Dunn Loring - 189.5 Hunter Mill
Dunn Loring,Week4,Cottontail,Week1,291.0 Dunn Loring - 111.0 Cottontail
Dowden Terrace,Week1,Long Branch,Week2,240.0 Dowden Terrace - 158.0 Long Branch
Dowden Terrace,Week5,Sully Station II,Week5,244.0 Sully Station II - 158.0 Dowden Terrace
Dunn Loring,Week4,Fairfax,Week2,201.0 Dunn Loring - 201.0 Fairfax
Dunn Loring,Week2,Hunter Mill,Week1,248.0 Dunn Loring - 154.0 Hunter Mill
Dowden Terrace,Week3,Hiddenbrook,Week3,233.0 Dowden Terrace - 169.0 Hiddenbrook
Dunn Loring,Week2,Fairfax Club Estates,Week1,303.0 Dunn Loring - 99.0 Fairfax Club Estates
Dunn Loring,Week2,Country Club Hills,Week2,328.5 Dunn Loring - 73.5 Country Club Hills
Dunn Loring,Week1,Country Club Hills,Week5,256.0 Dunn Loring - 146.0 Country Club Hills
Dunn Loring,Week4,Fairfax Club Estates,Week4,305.0 Dunn Loring - 97.0 Fairfax Club Estates
Dowden Terrace,Week5,Little Rocky Run,Week2,233.0 Little Rocky Run - 169.0 Dowden Terrace
Dunn Loring,Week5,Cottontail,Week1,297.0 Dunn Loring - 105.0 Cottontail
Dowden Terrace,Week1,Long Branch,Week5,232.0 Dowden Terrace - 166.0 Long Branch
Dowden Terrace,Week2,Hiddenbrook,Week5,216.0 Dowden Terrace - 186.0 Hiddenbrook
Dowden Terrace,Week2,High Point Pool,Week3,238.0 High Point Pool - 164.0 Dowden Terrace
Dowden Terrace,Week2,Little Rocky Run,Week2,260.0 Little Rocky Run - 142.0 Dowden Terrace
Dowden Terrace,Week4,Sully Station II,Week1,223.0 Sully Station II - 179.0 Dowden Terrace
Dowden Terrace,Week5,Sully Station II,Week4,211.0 Dowden Terrace - 191.0 Sully Station II
Dunn Loring,Week2,Cottontail,Week2,308.0 Dunn Loring - 94.0 Cottontail
Dowden Terrace,Week5,Sully Station II,Week1,205.0 Sully Station II - 197.0 Dowden Terrace
Donaldson Run,Week2,Tuckahoe,Week5,272.0 Tuckahoe - 130.0 Donaldson Run
Dunn Loring,Week3,Hunt Valley,Week5,203.0 Hunt Valley - 199.0 Dunn Loring
Dunn Loring,Week3,Cottontail,Week4,317.0 Dunn Loring - 85.0 Cottontail
Dowden Terrace,Week1,Little Rocky Run,Week1,259.0 Little Rocky Run - 143.0 Dowden Terrace
Dunn Loring,Week1,Fairfax Club Estates,Week2,277.0 Dunn Loring - 125.0 Fairfax Club Estates
Dunn Loring,Week5,Fairfax,Week4,218.0 Dunn Loring - 184.0 Fairfax
Donaldson Run,Week5,Tuckahoe,Week3,280.0 Tuckahoe - 122.0 Donaldson Run
Dowden Terrace,Week5,Little Rocky Run,Week5,260.0 Little Rocky Run - 142.0 Dowden Terrace
Dowden Terrace,Week1,High Point Pool,Week5,246.0 High Point Pool - 155.0 Dowden Terrace
Dunn Loring,Week2,Hunt Valley,Week4,208.0 Dunn Loring - 194.0 Hunt Valley
Donaldson Run,Week4,Tuckahoe,Week4,298.0 Tuckahoe - 104.0 Donaldson Run
Dunn Loring,Week1,Cottontail,Week5,249.0 Dunn Loring - 153.0 Cottontail
Dunn Loring,Week1,Hunter Mill,Week5,216.0 Hunter Mill - 186.0 Dunn Loring
Dunn Loring,Week1,Fairfax Club Estates,Week3,277.0 Dunn Loring - 125.0 Fairfax Club Estates
Donaldson Run,Week4,Tuckahoe,Week3,289.0 Tuckahoe - 113.0 Donaldson Run
Dowden Terrace,Week1,Truro,Week1,246.0 Dowden Terrace - 152.0 Truro
Dunn Loring,Week2,Cottontail,Week3,299.0 Dunn Loring - 103.0 Cottontail
Dunn Loring,Week3,Hunt Valley,Week2,226.0 Dunn Loring - 176.0 Hunt Valley
Dowden Terrace,Week2,Hiddenbrook,Week4,229.0 Dowden Terrace - 173.0 Hiddenbrook
Dowden Terrace,Week4,Little Rocky Run,Week1,233.0 Little Rocky Run - 169.0 Dowden Terrace
Dowden Terrace,Week2,Sully Station II,Week3,284.0 Sully Station II - 118.0 Dowden Terrace
Donaldson Run,Week4,Tuckahoe,Week1,263.0 Tuckahoe - 139.0 Donaldson Run
Dowden Terrace,Week4,Little Rocky Run,Week2,261.0 Little Rocky Run - 141.0 Dowden Terrace
Dowden Terrace,Week3,Sully Station II,Week2,283.0 Sully Station II - 119.0 Dowden Terrace
Dunn Loring,Week1,Fairfax Club Estates,Week5,274.0 Dunn Loring - 128.0 Fairfax Club Estates
Dowden Terrace,Week1,Sully Station II,Week5,300.0 Sully Station II - 102.0 Dowden Terrace
Dowden Terrace,Week1,Hiddenbrook,Week5,217.0 Dowden Terrace - 184.0 Hiddenbrook
Dunn Loring,Week2,Cottontail,Week1,304.0 Dunn Loring - 98.0 Cottontail
Dunn Loring,Week2,Cottontail,Week4,309.0 Dunn Loring - 93.0 Cottontail
Donaldson Run,Week5,Tuckahoe,Week2,260.5 Tuckahoe - 141.5 Donaldson Run
Dunn Loring,Week5,Hunt Valley,Week4,207.5 Dunn Loring - 194.5 Hunt Valley
Dowden Terrace,Week2,Hiddenbrook,Week2,277.0 Dowden Terrace - 125.0 Hiddenbrook
Dowden Terrace,Week1,Little Rocky Run,Week2,274.0 Little Rocky Run - 128.0 Dowden Terrace
Dunn Loring,Week4,Fairfax Club Estates,Week5,304.0 Dunn Loring - 97.0 Fairfax Club Estates
Dunn Loring,Week4,Fairfax,Week3,212.0 Fairfax - 190.0 Dunn Loring
Donaldson Run,Week3,Tuckahoe,Week2,274.0 Tuckahoe - 128.0 Donaldson Run
Donaldson Run,Week5,Tuckahoe,Week4,285.0 Tuckahoe - 117.0 Donaldson Run
Dowden Terrace,Week4,Hiddenbrook,Week2,282.0 Dowden Terrace - 115.0 Hiddenbrook
Dowden Terrace,Week4,Sully Station II,Week2,253.0 Sully Station II - 149.0 Dowden Terrace
Dowden Terrace,Week4,Little Rocky Run,Week5,284.0 Little Rocky Run - 113.0 Dowden Terrace
Dowden Terrace,Week3,Little Rocky Run,Week5,298.0 Little Rocky Run - 104.0 Dowden Terrace
Dunn Loring,Week4,Hunter Mill,Week2,239.0 Dunn Loring - 163.0 Hunter Mill
Dunn Loring,Week5,Fairfax,Week3,202.0 Dunn Loring - 200.0 Fairfax
Dunn Loring,Week5,Cottontail,Week4,307.0 Dunn Loring - 95.0 Cottontail
Dunn Loring,Week2,Hunt Valley,Week3,208.0 Hunt Valley - 194.0 Dunn Loring
Dunn Loring,Week3,Cottontail,Week5,302.0 Dunn Loring - 100.0 Cottontail
Dunn Loring,Week1,Hunter Mill,Week1,211.0 Dunn Loring - 191.0 Hunter Mill
Dunn Loring,Week4,Hunt Valley,Week4,202.0 Hunt Valley - 200.0 Dunn Loring
Dowden Terrace,Week3,Little Rocky Run,Week4,291.0 Little Rocky Run - 111.0 Dowden Terrace
Donaldson Run,Week5,Vienna Aquatic,Week5,226.0 Vienna Aquatic - 176.0 Donaldson Run
Dowden Terrace,Week4,Hiddenbrook,Week1,249.0 Dowden Terrace - 153.0 Hiddenbrook
Dowden Terrace,Week3,Sully Station II,Week3,293.0 Sully Station II - 109.0 Dowden Terrace
Dunn Loring,Week1,Cottontail,Week4,259.0 Dunn Loring - 143.0 Cottontail
Dunn Loring,Week5,Cottontail,Week5,301.0 Dunn Loring - 101.0 Cottontail
Dunn Loring,Week4,Fairfax Club Estates,Week3,313.0 Dunn Loring - 89.0 Fairfax Club Estates
Dowden Terrace,Week4,Little Rocky Run,Week4,262.0 Little Rocky Run - 140.0 Dowden Terrace
Dunn Loring,Week1,Country Club Hills,Week2,281.0 Dunn Loring - 121.0 Country Club Hills
Donaldson Run,Week4,Vienna Aquatic,Week3,216.0 Vienna Aquatic - 186.0 Donaldson Run
Donaldson Run,Week4,Vienna Aquatic,Week2,201.0 Donaldson Run - 201.0 Vienna Aquatic
Dunn Loring,Week3,Fairfax Club Estates,Week3,309.0 Dunn Loring - 93.0 Fairfax Club Estates
Dowden Terrace,Week4,Hiddenbrook,Week5,233.0 Dowden Terrace - 169.0 Hiddenbrook
Dunn Loring,Week2,Fairfax Club Estates,Week5,307.0 Dunn Loring - 95.0 Fairfax Club Estates
Dunn Loring,Week5,Hunt Valley,Week2,210.0 Dunn Loring - 192.0 Hunt Valley
Donaldson Run,Week1,Vienna Aquatic,Week1,211.0 Vienna Aquatic - 191.0 Donaldson Run
Donaldson Run,Week3,Vienna Aquatic,Week1,204.0 Vienna Aquatic - 198.0 Donaldson Run
Dowden Terrace,Week5,Little Rocky Run,Week4,232.5 Little Rocky Run - 169.5 Dowden Terrace
Dowden Terrace,Week5,Truro,Week5,277.0 Dowden Terrace - 125.0 Truro
Dowden Terrace,Week3,Sully Station II,Week4,239.0 Sully Station II - 163.0 Dowden Terrace
Dowden Terrace,Week1,Little Rocky Run,Week3,283.0 Little Rocky Run - 119.0 Dowden Terrace
Dowden Terrace,Week3,Sully Station II,Week1,254.0 Sully Station II - 148.0 Dowden Terrace
Dunn Loring,Week4,Hunt Valley,Week2,204.0 Dunn Loring - 198.0 Hunt Valley
Dunn Loring,Week5,Fairfax,Week5,217.0 Fairfax - 185.0 Dunn Loring
Dunn Loring,Week2,Cottontail,Week5,297.0 Dunn Loring - 105.0 Cottontail
Dowden Terrace,Week2,High Point Pool,Week1,227.0 High Point Pool - 170.0 Dowden Terrace
Dunn Loring,Week3,Cottontail,Week2,312.0 Dunn Loring - 90.0 Cottontail
Dunn Loring,Week5,Hunt Valley,Week5,202.0 Hunt Valley - 200.0 Dunn Loring
Dowden Terrace,Week1,High Point Pool,Week3,246.0 High Point Pool - 156.0 Dowden Terrace
Dowden Terrace,Week1,Truro,Week2,258.0 Dowden Terrace - 139.0 Truro
Dowden Terrace,Week2,High Point Pool,Week5,244.0 High Point Pool - 158.0 Dowden Terrace
Donaldson Run,Week2,Vienna Aquatic,Week1,212.0 Vienna Aquatic - 190.0 Donaldson Run
Dunn Loring,Week4,Fairfax Club Estates,Week1,310.0 Dunn Loring - 92.0 Fairfax Club Estates
Dunn Loring,Week3,Fairfax Club Estates,Week5,303.0 Dunn Loring - 99.0 Fairfax Club Estates
Dowden Terrace,Week5,Hiddenbrook,Week3,256.0 Dowden Terrace - 146.0 Hiddenbrook
Dowden Terrace,Week4,Little Rocky Run,Week3,268.0 Little Rocky Run - 134.0 Dowden Terrace
Dunn Loring,Week1,Cottontail,Week3,263.5 Dunn Loring - 138.5 Cottontail
Dowden Terrace,Week5,Little Rocky Run,Week1,220.0 Little Rocky Run - 182.0 Dowden Terrace
Dunn Loring,Week1,Hunter Mill,Week3,205.0 Dunn Loring - 197.0 Hunter Mill
Dowden Terrace,Week1,Little Rocky Run,Week5,299.5 Little Rocky Run - 102.5 Dowden Terrace
Donaldson Run,Week2,Vienna Woods,Week1,237.5 Vienna Woods - 164.5 Donaldson Run
Dowden Terrace,Week1,Truro,Week3,255.0 Dowden Terrace - 146.0 Truro
Dunn Loring,Week2,Fairfax Club Estates,Week4,309.0 Dunn Loring - 93.0 Fairfax Club Estates
Dunn Loring,Week5,Hunt Valley,Week3,211.0 Hunt Valley - 191.0 Dunn Loring
Dowden Terrace,Week3,Hiddenbrook,Week2,274.0 Dowden Terrace - 128.0 Hiddenbrook
Dunn Loring,Week5,Fairfax Club Estates,Week5,304.0 Dunn Loring - 97.0 Fairfax Club Estates
Donaldson Run,Week1,Vienna Woods,Week1,243.0 Vienna Woods - 159.0 Donaldson Run
Dunn Loring,Week5,Cottontail,Week2,307.0 Dunn Loring - 95.0 Cottontail
Dunn Loring,Week3,Hunt Valley,Week1,224.0 Dunn Loring - 178.0 Hunt Valley
Dowden Terrace,Week2,Highland Park,Week4,207.0 Highland Park - 195.0 Dowden Terrace
Dunn Loring,Week2,Hunt Valley,Week5,211.5 Hunt Valley - 190.5 Dunn Loring
Dowden Terrace,Week4,High Point Pool,Week3,222.0 High Point Pool - 180.0 Dowden Terrace
Dowden Terrace,Week2,Sully Station II,Week4,219.0 Sully Station II - 183.0 Dowden Terrace
Dunn Loring,Week3,Cottontail,Week3,322.0 Dunn Loring - 80.0 Cottontail
Dowden Terrace,Week5,Sully Station II,Week2,224.0 Sully Station II - 178.0 Dowden Terrace
Dunn Loring,Week5,Fairfax Club Estates,Week1,307.0 Dunn Loring - 95.0 Fairfax Club Estates
Dunn Loring,Week4,Hunt Valley,Week3,214.0 Hunt Valley - 188.0 Dunn Loring
Dowden Terrace,Week4,Sully Station II,Week4,207.0 Sully Station II - 195.0 Dowden Terrace
Dowden Terrace,Week4,Long Branch,Week5,241.0 Dowden Terrace - 161.0 Long Branch
Dowden Terrace,Week3,Long Branch,Week4,242.0 Dowden Terrace - 160.0 Long Branch
Dowden Terrace,Week3,High Point Pool,Week2,260.0 High Point Pool - 142.0 Dowden Terrace
Donaldson Run,Week5,Vienna Aquatic,Week1,222.0 Donaldson Run - 180.0 Vienna Aquatic
Dunn Loring,Week1,Fairfax Station,Week5,234.0 Fairfax Station - 168.0 Dunn Loring
Dowden Terrace,Week1,Mansion House,Week3,247.0 Mansion House - 154.0 Dowden Terrace
Dunn Loring,Week4,Cottontail,Week2,311.0 Dunn Loring - 91.0 Cottontail
Dowden Terrace,Week4,Sully Station II,Week5,269.0 Sully Station II - 133.0 Dowden Terrace
Donaldson Run,Week1,Vienna Woods,Week2,240.0 Vienna Woods - 162.0 Donaldson Run
Dunn Loring,Week1,Hunter Mill,Week2,207.0 Dunn Loring - 195.0 Hunter Mill
Dunn Loring,Week1,Fairfax Station,Week1,214.0 Fairfax Station - 188.0 Dunn Loring
Dowden Terrace,Week2,Long Branch,Week1,252.0 Dowden Terrace - 150.0 Long Branch
Dunn Loring,Week3,Cottontail,Week1,305.0 Dunn Loring - 97.0 Cottontail
Donaldson Run,Week5,Vienna Aquatic,Week2,226.5 Donaldson Run - 175.5 Vienna Aquatic
Dunn Loring,Week3,Hunt Valley,Week3,203.0 Hunt Valley - 199.0 Dunn Loring
Dunn Loring,Week3,Fairfax Station,Week1,232.0 Dunn Loring - 170.0 Fairfax Station
Dunn Loring,Week4,Hunt Valley,Week5,212.0 Hunt Valley - 190.0 Dunn Loring
Dowden Terrace,Week3,Mansion House,Week1,240.0 Mansion House - 162.0 Dowden Terrace
Donaldson Run,Week5,Vienna Aquatic,Week4,225.0 Donaldson Run - 177.0 Vienna Aquatic
Dowden Terrace,Week4,High Point Pool,Week2,244.0 High Point Pool - 158.0 Dowden Terrace
Dowden Terrace,Week3,High Point Pool,Week4,248.0 High Point Pool - 154.0 Dowden Terrace
Dowden Terrace,Week4,High Point Pool,Week1,216.0 High Point Pool - 186.0 Dowden Terrace
Donaldson Run,Week5,Vienna Aquatic,Week3,201.5 Donaldson Run - 200.5 Vienna Aquatic
Dunn Loring,Week2,Hunter Mill,Week2,236.0 Dunn Loring - 166.0 Hunter Mill
Dowden Terrace,Week3,Highland Park,Week3,203.0 Highland Park - 199.0 Dowden Terrace
Dowden Terrace,Week2,Truro,Week3,256.0 Dowden Terrace - 146.0 Truro
Dowden Terrace,Week4,Truro,Week2,275.0 Dowden Terrace - 122.0 Truro
Dunn Loring,Week4,Cottontail,Week5,302.0 Dunn Loring - 100.0 Cottontail
Dowden Terrace,Week3,Long Branch,Week2,241.0 Dowden Terrace - 161.0 Long Branch
Dunn Loring,Week2,Fairfax Station,Week4,220.0 Dunn Loring - 182.0 Fairfax Station
Dowden Terrace,Week4,High Point Pool,Week4,224.0 High Point Pool - 178.0 Dowden Terrace
Donaldson Run,Week4,Vienna Aquatic,Week1,206.0 Vienna Aquatic - 196.0 Donaldson Run
Dunn Loring,Week4,Cottontail,Week3,311.0 Dunn Loring - 91.0 Cottontail
Dunn Loring,Week1,Hunter Mill,Week4,208.0 Hunter Mill - 194.0 Dunn Loring
Dowden Terrace,Week2,Mansion House,Week2,220.0 Mansion House - 182.0 Dowden Terrace
Dowden Terrace,Week4,Truro,Week1,270.0 Dowden Terrace - 132.0 Truro
Dunn Loring,Week5,Fairfax Station,Week4,223.0 Dunn Loring - 179.0 Fairfax Station
Dunn Loring,Week5,Cottontail,Week3,317.0 Dunn Loring - 85.0 Cottontail
Dowden Terrace,Week3,Truro,Week4,245.0 Dowden Terrace - 157.0 Truro
Donaldson Run,Week2,Vienna Woods,Week2,224.0 Vienna Woods - 178.0 Donaldson Run
Dunn Loring,Week2,Country Club Hills,Week1,319.0 Dunn Loring - 83.0 Country Club Hills
Dunn Loring,Week4,Hunter Mill,Week4,218.0 Dunn Loring - 184.0 Hunter Mill
Dunn Loring,Week3,Hunter Mill,Week3,235.0 Dunn Loring - 167.0 Hunter Mill
Dowden Terrace,Week3,Highland Park,Week1,244.0 Highland Park - 158.0 Dowden Terrace
Dunn Loring,Week3,Fairfax Station,Week2,210.0 Dunn Loring - 192.0 Fairfax Station
Dunn Loring,Week5,Fairfax Club Estates,Week3,310.0 Dunn Loring - 92.0 Fairfax Club Estates
Dunn Loring,Week3,Hunter Mill,Week1,242.0 Dunn Loring - 160.0 Hunter Mill
Dowden Terrace,Week3,Mansion House,Week4,225.0 Mansion House - 177.0 Dowden Terrace
Dowden Terrace,Week2,Truro,Week1,249.0 Dowden Terrace - 153.0 Truro
Dowden Terrace,Week3,Truro,Week5,242.0 Dowden Terrace - 160.0 Truro
Dunn Loring,Week2,Hunter Mill,Week3,233.0 Dunn Loring - 169.0 Hunter Mill
Donaldson Run,Week2,Vienna Aquatic,Week4,212.0 Vienna Aquatic - 190.0 Donaldson Run
Dowden Terrace,Week2,Long Branch,Week4,245.0 Dowden Terrace - 157.0 Long Branch
Dowden Terrace,Week2,Truro,Week2,261.0 Dowden Terrace - 141.0 Truro
Dowden Terrace,Week5,Long Branch,Week2,263.0 Dowden Terrace - 139.0 Long Branch
Dunn Loring,Week3,Fairfax Station,Week3,206.0 Dunn Loring - 196.0 Fairfax Station
Dunn Loring,Week1,Country Club Hills,Week4,286.0 Dunn Loring - 111.0 Country Club Hills
Dunn Loring,Week2,Fairfax Station,Week5,217.0 Fairfax Station - 185.0 Dunn Loring
Dunn Loring,Week2,Hunter Mill,Week4,220.0 Dunn Loring - 182.0 Hunter Mill
Dowden Terrace,Week5,High Point Pool,Week1,205.0 High Point Pool - 197.0 Dowden Terrace
Dunn Loring,Week2,Fairfax Station,Week2,207.0 Dunn Loring - 195.0 Fairfax Station
Donaldson Run,Week2,Vienna Aquatic,Week2,211.5 Vienna Aquatic - 190.5 Donaldson Run
Dowden Terrace,Week2,Long Branch,Week3,255.0 Dowden Terrace - 147.0 Long Branch
Donaldson Run,Week1,Vienna Woods,Week5,261.0 Vienna Woods - 141.0 Donaldson Run
Dowden Terrace,Week4,Long Branch,Week3,257.0 Dowden Terrace - 145.0 Long Branch
Dowden Terrace,Week3,Long Branch,Week5,241.0 Dowden Terrace - 161.0 Long Branch
Dowden Terrace,Week3,Truro,Week3,266.5 Dowden Terrace - 135.5 Truro
Dowden Terrace,Week4,Truro,Week3,265.0 Dowden Terrace - 137.0 Truro
Dunn Loring,Week3,Fairfax Station,Week4,231.5 Dunn Loring - 170.5 Fairfax Station
Dowden Terrace,Week4,High Point Pool,Week5,239.0 High Point Pool - 163.0 Dowden Terrace
Donaldson Run,Week3,Vienna Aquatic,Week4,209.0 Vienna Aquatic - 193.0 Donaldson Run
Dowden Terrace,Week1,Highland Park,Week5,227.0 Highland Park - 174.0 Dowden Terrace
Dowden Terrace,Week5,Highland Park,Week2,237.0 Dowden Terrace - 165.0 Highland Park
Dowden Terrace,Week2,Mansion House,Week3,237.0 Mansion House - 165.0 Dowden Terrace
Dowden Terrace,Week3,Truro,Week2,262.0 Dowden Terrace - 140.0 Truro
Dunn Loring,Week4,Hunter Mill,Week1,239.0 Dunn Loring - 163.0 Hunter Mill
Dunn Loring,Week5,Country Club Hills,Week5,302.0 Dunn Loring - 100.0 Country Club Hills
Dowden Terrace,Week2,Truro,Week5,251.0 Dowden Terrace - 151.0 Truro
Dowden Terrace,Week3,Highland Park,Week2,223.0 Highland Park - 179.0 Dowden Terrace
Donaldson Run,Week1,Vienna Aquatic,Week5,253.0 Vienna Aquatic - 149.0 Donaldson Run
Dunn Loring,Week3,Hunter Mill,Week5,215.5 Dunn Loring - 186.5 Hunter Mill
Dunn Loring,Week1,Country Club Hills,Week1,280.0 Dunn Loring - 122.0 Country Club Hills
Dunn Loring,Week5,Fairfax Station,Week3,203.0 Dunn Loring - 199.0 Fairfax Station
Dunn Loring,Week2,Country Club Hills,Week3,321.0 Dunn Loring - 81.0 Country Club Hills
Dunn Loring,Week3,Country Club Hills,Week4,331.0 Dunn Loring - 71.0 Country Club Hills
Donaldson Run,Week3,Vienna Aquatic,Week3,220.0 Vienna Aquatic - 182.0 Donaldson Run
Dunn Loring,Week1,Country Club Hills,Week3,283.0 Dunn Loring - 119.0 Country Club Hills
Dowden Terrace,Week4,Truro,Week4,245.0 Dowden Terrace - 157.0 Truro
Dunn Loring,Week1,Forest Hollow,Week4,232.0 Dunn Loring - 170.0 Forest Hollow
Dowden Terrace,Week2,Highland Park,Week3,206.0 Dowden Terrace - 196.0 Highland Park
Dunn Loring,Week1,Crosspointe,Week3,215.0 Crosspointe - 187.0 Dunn Loring
Donaldson Run,Week3,Vienna Aquatic,Week2,204.0 Vienna Aquatic - 198.0 Donaldson Run
Dunn Loring,Week2,Country Club Hills,Week5,305.0 Dunn Loring - 97.0 Country Club Hills
Dowden Terrace,Week2,Truro,Week4,245.0 Dowden Terrace - 157.0 Truro
Dunn Loring,Week5,Hunter Mill,Week1,241.0 Dunn Loring - 161.0 Hunter Mill
Dowden Terrace,Week1,Highlands Swim,Week2,311.0 Highlands Swim - 91.0 Dowden Terrace
Dunn Loring,Week1,Forest Hollow,Week3,244.0 Dunn Loring - 158.0 Forest Hollow
Dunn Loring,Week2,North Springfield,Week2,342.0 Dunn Loring - 46.0 North Springfield
Dowden Terrace,Week3,Long Branch,Week1,244.0 Dowden Terrace - 158.0 Long Branch
Dowden Terrace,Week5,Long Branch,Week5,260.5 Dowden Terrace - 141.5 Long Branch
Dowden Terrace,Week5,Truro,Week1,271.0 Dowden Terrace - 131.0 Truro
Dowden Terrace,Week3,High Point Pool,Week5,257.0 High Point Pool - 145.0 Dowden Terrace
Dunn Loring,Week1,North Springfield,Week4,325.0 Dunn Loring - 67.0 North Springfield
Dunn Loring,Week2,Ilda Community,Week2,342.0 Dunn Loring - 60.0 Ilda Community
Donaldson Run,Week4,Vienna Aquatic,Week4,213.0 Vienna Aquatic - 189.0 Donaldson Run
Dunn Loring,Week2,Crosspointe,Week3,225.0 Dunn Loring - 177.0 Crosspointe
Donaldson Run,Week3,Vienna Woods,Week1,235.0 Vienna Woods - 167.0 Donaldson Run
Dunn Loring,Week1,Forest Hollow,Week2,249.0 Dunn Loring - 148.0 Forest Hollow
Dowden Terrace,Week4,Long Branch,Week4,238.0 Dowden Terrace - 164.0 Long Branch
Dowden Terrace,Week1,Highland Park,Week3,205.0 Highland Park - 196.0 Dowden Terrace
Dunn Loring,Week3,Country Club Hills,Week1,318.5 Dunn Loring - 83.5 Country Club Hills
Dunn Loring,Week5,Hunter Mill,Week4,226.0 Dunn Loring - 176.0 Hunter Mill
Dunn Loring,Week3,Ilda Community,Week4,328.0 Dunn Loring - 74.0 Ilda Community
Dunn Loring,Week4,Country Club Hills,Week2,323.0 Dunn Loring - 79.0 Country Club Hills
Dowden Terrace,Week4,Truro,Week5,254.0 Dowden Terrace - 143.0 Truro
Dunn Loring,Week1,Forest Hollow,Week5,226.0 Dunn Loring - 176.0 Forest Hollow
Donaldson Run,Week2,Vienna Aquatic,Week5,253.0 Vienna Aquatic - 149.0 Donaldson Run
Dunn Loring,Week3,Country Club Hills,Week5,300.0 Dunn Loring - 102.0 Country Club Hills
Dowden Terrace,Week2,Mansion House,Week1,229.0 Mansion House - 173.0 Dowden Terrace
Dowden Terrace,Week5,Truro,Week3,290.0 Dowden Terrace - 112.0 Truro
Donaldson Run,Week3,Vienna Aquatic,Week5,246.0 Vienna Aquatic - 156.0 Donaldson Run
Donaldson Run,Week2,Vienna Aquatic,Week3,225.0 Vienna Aquatic - 177.0 Donaldson Run
Dowden Terrace,Week1,Mansion House,Week1,236.0 Mansion House - 165.0 Dowden Terrace
Dunn Loring,Week4,Country Club Hills,Week5,297.0 Dunn Loring - 105.0 Country Club Hills
Dowden Terrace,Week5,High Point Pool,Week5,223.0 High Point Pool - 179.0 Dowden Terrace
Dowden Terrace,Week5,Long Branch,Week3,277.0 Dowden Terrace - 125.0 Long Branch
Dunn Loring,Week3,Ilda Community,Week3,335.0 Dunn Loring - 67.0 Ilda Community
Dunn Loring,Week4,North Springfield,Week5,303.0 Dunn Loring - 71.0 North Springfield
Dowden Terrace,Week5,High Point Pool,Week3,217.0 High Point Pool - 185.0 Dowden Terrace
Dunn Loring,Week5,Ilda Community,Week5,349.0 Dunn Loring - 53.0 Ilda Community
Dowden Terrace,Week5,Long Branch,Week1,265.5 Dowden Terrace - 136.5 Long Branch
Dowden Terrace,Week5,High Point Pool,Week4,215.5 High Point Pool - 186.5 Dowden Terrace
Donaldson Run,Week1,Vienna Woods,Week3,250.0 Vienna Woods - 152.0 Donaldson Run
Dunn Loring,Week2,Fairfax Station,Week3,213.0 Fairfax Station - 189.0 Dunn Loring
Dunn Loring,Week2,North Springfield,Week4,345.0 Dunn Loring - 47.0 North Springfield
Dowden Terrace,Week5,Truro,Week2,304.0 Dowden Terrace - 98.0 Truro
Dowden Terrace,Week5,Truro,Week4,260.0 Dowden Terrace - 142.0 Truro
Dunn Loring,Week1,Fairfax Station,Week2,222.0 Fairfax Station - 180.0 Dunn Loring
Dunn Loring,Week1,Fairfax Station,Week3,226.0 Fairfax Station - 176.0 Dunn Loring
Dunn Loring,Week3,Crosspointe,Week4,228.0 Dunn Loring - 174.0 Crosspointe
Donaldson Run,Week1,Vienna Woods,Week4,206.5 Vienna Woods - 195.5 Donaldson Run
Donaldson Run,Week2,Vienna Woods,Week3,240.0 Vienna Woods - 162.0 Donaldson Run
Dowden Terrace,Week2,Long Branch,Week2,251.0 Dowden Terrace - 151.0 Long Branch
Dowden Terrace,Week1,Tuckahoe,Week2,328.0 Tuckahoe - 73.0 Dowden Terrace
Dowden Terrace,Week2,Highland Park,Week1,212.0 Highland Park - 190.0 Dowden Terrace
Dunn Loring,Week4,Fairfax Station,Week1,216.5 Dunn Loring - 185.5 Fairfax Station
Dunn Loring,Week3,Ilda Community,Week1,340.0 Dunn Loring - 62.0 Ilda Community
Dowden Terrace,Week1,Highland Park,Week2,216.0 Highland Park - 186.0 Dowden Terrace
Dowden Terrace,Week1,Highland Park,Week4,218.0 Highland Park - 184.0 Dowden Terrace
Dunn Loring,Week5,Country Club Hills,Week2,335.0 Dunn Loring - 67.0 Country Club Hills
Dowden Terrace,Week1,Tuckahoe,Week4,334.0 Tuckahoe - 68.0 Dowden Terrace
Dunn Loring,Week5,Fairfax Club Estates,Week4,302.0 Dunn Loring - 100.0 Fairfax Club Estates
Dunn Loring,Week5,Fairfax Station,Week1,218.0 Dunn Loring - 184.0 Fairfax Station
Donaldson Run,Week2,Vienna Woods,Week4,210.0 Vienna Woods - 192.0 Donaldson Run
Dunn Loring,Week4,Fairfax Station,Week2,207.0 Dunn Loring - 195.0 Fairfax Station
Dowden Terrace,Week3,Long Branch,Week3,249.0 Dowden Terrace - 153.0 Long Branch
Donaldson Run,Week2,Vienna Woods,Week5,265.0 Vienna Woods - 137.0 Donaldson Run
Dunn Loring,Week5,North Springfield,Week4,349.0 Dunn Loring - 43.0 North Springfield
Dunn Loring,Week1,Fairfax Station,Week4,208.5 Fairfax Station - 193.5 Dunn Loring
Dunn Loring,Week5,Hunter Mill,Week5,217.0 Dunn Loring - 185.0 Hunter Mill
Dunn Loring,Week4,Ilda Community,Week5,346.0 Dunn Loring - 55.0 Ilda Community
Donaldson Run,Week3,Vienna Woods,Week2,238.0 Vienna Woods - 164.0 Donaldson Run
Dunn Loring,Week1,Crosspointe,Week4,201.0 Crosspointe - 201.0 Dunn Loring
Dunn Loring,Week1,Crosspointe,Week1,205.0 Crosspointe - 197.0 Dunn Loring
Dowden Terrace,Week3,High Point Pool,Week3,248.0 High Point Pool - 154.0 Dowden Terrace
Dowden Terrace,Week1,Mansion House,Week2,238.0 Mansion House - 160.0 Dowden Terrace
Donaldson Run,Week4,Vienna Aquatic,Week5,247.0 Vienna Aquatic - 155.0 Donaldson Run
Dowden Terrace,Week1,Tuckahoe,Week5,337.0 Tuckahoe - 65.0 Dowden Terrace
Dunn Loring,Week3,Ilda Community,Week5,340.0 Dunn Loring - 62.0 Ilda Community
Dowden Terrace,Week3,High Point Pool,Week1,244.0 High Point Pool - 158.0 Dowden Terrace
Dunn Loring,Week2,Crosspointe,Week4,225.0 Dunn Loring - 177.0 Crosspointe
Dunn Loring,Week3,North Springfield,Week5,315.5 Dunn Loring - 58.5 North Springfield
Dowden Terrace,Week1,Tuckahoe,Week3,347.0 Tuckahoe - 55.0 Dowden Terrace
Dunn Loring,Week5,Country Club Hills,Week3,331.0 Dunn Loring - 71.0 Country Club Hills
Dowden Terrace,Week1,Tuckahoe,Week1,322.0 Tuckahoe - 80.0 Dowden Terrace
Dunn Loring,Week1,Ilda Community,Week2,305.0 Dunn Loring - 97.0 Ilda Community
Dowden Terrace,Week2,Long Branch,Week5,241.0 Dowden Terrace - 161.0 Long Branch
Dunn Loring,Week4,Fairfax Station,Week3,217.0 Fairfax Station - 185.0 Dunn Loring
Dowden Terrace,Week3,Truro,Week1,251.0 Dowden Terrace - 151.0 Truro
Dowden Terrace,Week1,Mansion House,Week4,206.0 Mansion House - 195.0 Dowden Terrace
Dunn Loring,Week4,Ilda Community,Week2,345.0 Dunn Loring - 57.0 Ilda Community
Dowden Terrace,Week4,Long Branch,Week1,251.0 Dowden Terrace - 146.0 Long Branch
Dunn Loring,Week3,North Springfield,Week2,355.0 Dunn Loring - 33.0 North Springfield
Dowden Terrace,Week1,Highland Park,Week1,241.0 Highland Park - 160.0 Dowden Terrace
Dunn Loring,Week2,Ilda Community,Week5,342.0 Dunn Loring - 60.0 Ilda Community
Dowden Terrace,Week5,High Point Pool,Week2,229.0 High Point Pool - 173.0 Dowden Terrace
Dunn Loring,Week5,North Springfield,Week3,351.0 Dunn Loring - 46.0 North Springfield
Dunn Loring,Week3,Crosspointe,Week5,201.0 Crosspointe - 201.0 Dunn Loring
Dowden Terrace,Week4,Long Branch,Week2,248.0 Dowden Terrace - 154.0 Long Branch
Dunn Loring,Week5,Hunter Mill,Week2,244.0 Dunn Loring - 158.0 Hunter Mill
Dunn Loring,Week3,Crosspointe,Week2,246.0 Dunn Loring - 156.0 Crosspointe
Dowden Terrace,Week5,Long Branch,Week4,278.0 Dowden Terrace - 124.0 Long Branch
Donaldson Run,Week4,Villa Aquatic,Week1,313.0 Donaldson Run - 89.0 Villa Aquatic
Dunn Loring,Week4,Crosspointe,Week1,209.0 Dunn Loring - 193.0 Crosspointe
Donaldson Run,Week1,Villa Aquatic,Week4,299.0 Donaldson Run - 103.0 Villa Aquatic
Dowden Terrace,Week2,Tuckahoe,Week5,323.0 Tuckahoe - 79.0 Dowden Terrace
Dunn Loring,Week4,Fairfax Station,Week5,224.0 Fairfax Station - 178.0 Dunn Loring
Donaldson Run,Week5,Vienna Woods,Week4,220.0 Donaldson Run - 182.0 Vienna Woods
Dowden Terrace,Week2,Tuckahoe,Week2,330.0 Tuckahoe - 72.0 Dowden Terrace
Dowden Terrace,Week1,Mansion House,Week5,244.0 Mansion House - 158.0 Dowden Terrace
Dowden Terrace,Week2,Highland Park,Week5,206.0 Highland Park - 196.0 Dowden Terrace
Dowden Terrace,Week3,Highland Park,Week4,234.5 Highland Park - 167.5 Dowden Terrace
Dunn Loring,Week5,Hunter Mill,Week3,236.0 Dunn Loring - 166.0 Hunter Mill
Dunn Loring,Week3,Fairfax Station,Week5,214.0 Fairfax Station - 188.0 Dunn Loring
Dunn Loring,Week2,Fairfax Station,Week1,225.0 Dunn Loring - 177.0 Fairfax Station
Dunn Loring,Week3,North Springfield,Week3,348.0 Dunn Loring - 49.0 North Springfield
Dowden Terrace,Week2,Highland Park,Week2,205.0 Highland Park - 197.0 Dowden Terrace
Dowden Terrace,Week3,Tuckahoe,Week2,329.0 Tuckahoe - 73.0 Dowden Terrace
Dunn Loring,Week2,Ilda Community,Week4,322.0 Dunn Loring - 80.0 Ilda Community
Dowden Terrace,Week3,Tuckahoe,Week4,331.0 Tuckahoe - 71.0 Dowden Terrace
Dunn Loring,Week5,Country Club Hills,Week1,321.0 Dunn Loring - 81.0 Country Club Hills
Donaldson Run,Week5,Vienna Woods,Week5,228.0 Vienna Woods - 174.0 Donaldson Run
Dowden Terrace,Week3,Tuckahoe,Week3,338.0 Tuckahoe - 64.0 Dowden Terrace
Dowden Terrace,Week3,Mansion House,Week3,257.0 Mansion House - 145.0 Dowden Terrace
Donaldson Run,Week4,Vienna Woods,Week1,228.0 Vienna Woods - 174.0 Donaldson Run
Dowden Terrace,Week2,Mansion House,Week5,245.0 Mansion House - 157.0 Dowden Terrace
Donaldson Run,Week3,Vienna Woods,Week4,215.0 Vienna Woods - 187.0 Donaldson Run
Dowden Terrace,Week4,Highland Park,Week1,214.0 Highland Park - 188.0 Dowden Terrace
Dunn Loring,Week1,Forest Hollow,Week1,232.0 Dunn Loring - 170.0 Forest Hollow
Dowden Terrace,Week4,Highland Park,Week4,205.0 Highland Park - 197.0 Dowden Terrace
Dunn Loring,Week3,North Springfield,Week1,316.0 Dunn Loring - 35.0 North Springfield
Dowden Terrace,Week3,Tuckahoe,Week5,325.0 Tuckahoe - 77.0 Dowden Terrace
Dunn Loring,Week5,North Springfield,Week2,352.0 Dunn Loring - 36.0 North Springfield
Dunn Loring,Week4,Ilda Community,Week3,335.0 Dunn Loring - 67.0 Ilda Community
Dowden Terrace,Week2,Tuckahoe,Week3,339.0 Tuckahoe - 58.0 Dowden Terrace
Dunn Loring,Week4,Country Club Hills,Week1,321.0 Dunn Loring - 81.0 Country Club Hills
Dunn Loring,Week5,Fairfax Station,Week2,212.0 Dunn Loring - 190.0 Fairfax Station
Dunn Loring,Week5,Ilda Community,Week1,340.0 Dunn Loring - 62.0 Ilda Community
Dunn Loring,Week1,North Springfield,Week3,323.0 Dunn Loring - 74.0 North Springfield
Dowden Terrace,Week2,Mansion House,Week4,205.0 Mansion House - 192.0 Dowden Terrace
Dunn Loring,Week4,Fairfax Station,Week4,210.0 Dunn Loring - 192.0 Fairfax Station
Dunn Loring,Week1,Ilda Community,Week4,292.0 Dunn Loring - 110.0 Ilda Community
Dunn Loring,Week5,Fairfax Station,Week5,214.0 Fairfax Station - 188.0 Dunn Loring
Dunn Loring,Week5,Country Club Hills,Week4,331.0 Dunn Loring - 71.0 Country Club Hills
Dowden Terrace,Week4,Highland Park,Week2,213.0 Dowden Terrace - 189.0 Highland Park
Dowden Terrace,Week3,Mansion House,Week2,231.0 Mansion House - 171.0 Dowden Terrace
Dunn Loring,Week2,North Springfield,Week5,310.0 Dunn Loring - 64.0 North Springfield
Dunn Loring,Week3,Country Club Hills,Week3,331.0 Dunn Loring - 71.0 Country Club Hills
Donaldson Run,Week2,Villa Aquatic,Week3,276.0 Donaldson Run - 126.0 Villa Aquatic
Donaldson Run,Week5,Vienna Woods,Week1,206.0 Donaldson Run - 191.0 Vienna Woods
Dowden Terrace,Week2,Tuckahoe,Week1,316.0 Tuckahoe - 86.0 Dowden Terrace
Dunn Loring,Week2,North Springfield,Week1,312.0 Dunn Loring - 39.0 North Springfield
Dowden Terrace,Week4,Highland Park,Week3,220.0 Dowden Terrace - 182.0 Highland Park
Dunn Loring,Week2,Fox Hunt,Week3,267.0 Dunn Loring - 135.0 Fox Hunt
Dowden Terrace,Week1,Mantua,Week5,281.0 Mantua - 120.0 Dowden Terrace
Dunn Loring,Week3,Forest Hollow,Week3,269.0 Dunn Loring - 133.0 Forest Hollow
Dowden Terrace,Week5,Highland Park,Week5,223.0 Dowden Terrace - 179.0 Highland Park
Dunn Loring,Week4,Ilda Community,Week4,325.0 Dunn Loring - 77.0 Ilda Community
Donaldson Run,Week2,Villa Aquatic,Week1,305.0 Donaldson Run - 97.0 Villa Aquatic
Dowden Terrace,Week4,Tuckahoe,Week2,318.0 Tuckahoe - 84.0 Dowden Terrace
Dowden Terrace,Week5,Highland Park,Week4,224.0 Dowden Terrace - 178.0 Highland Park
Dowden Terrace,Week2,Mantua,Week1,248.0 Mantua - 154.0 Dowden Terrace
Dowden Terrace,Week5,Highland Park,Week3,239.0 Dowden Terrace - 163.0 Highland Park
Dunn Loring,Week5,Ilda Community,Week3,340.0 Dunn Loring - 62.0 Ilda Community
Donaldson Run,Week4,Vienna Woods,Week2,221.0 Vienna Woods - 181.0 Donaldson Run
Dunn Loring,Week4,North Springfield,Week2,351.0 Dunn Loring - 37.0 North Springfield
Dunn Loring,Week4,Forest Hollow,Week5,252.0 Dunn Loring - 150.0 Forest Hollow
Dunn Loring,Week4,Country Club Hills,Week3,323.0 Dunn Loring - 79.0 Country Club Hills
Dowden Terrace,Week2,Tuckahoe,Week4,334.0 Tuckahoe - 68.0 Dowden Terrace
Dunn Loring,Week4,Forest Hollow,Week4,266.0 Dunn Loring - 136.0 Forest Hollow
Dowden Terrace,Week4,Tuckahoe,Week1,315.5 Tuckahoe - 86.5 Dowden Terrace
Dunn Loring,Week1,Crosspointe,Week2,211.0 Dunn Loring - 191.0 Crosspointe
Dunn Loring,Week2,Crosspointe,Week1,220.0 Dunn Loring - 182.0 Crosspointe
Dunn Loring,Week2,Ilda Community,Week1,332.5 Dunn Loring - 69.5 Ilda Community
Dunn Loring,Week3,Country Club Hills,Week2,330.0 Dunn Loring - 72.0 Country Club Hills
Dunn Loring,Week4,Hunter Mill,Week5,212.0 Dunn Loring - 190.0 Hunter Mill
Dunn Loring,Week1,Ilda Community,Week1,305.0 Dunn Loring - 97.0 Ilda Community
Dowden Terrace,Week3,Highland Park,Week5,227.0 Highland Park - 175.0 Dowden Terrace
Dunn Loring,Week4,North Springfield,Week4,343.0 Dunn Loring - 49.0 North Springfield
Donaldson Run,Week4,Vienna Woods,Week3,228.0 Vienna Woods - 174.0 Donaldson Run
Dunn Loring,Week1,Fox Hunt,Week3,221.0 Dunn Loring - 181.0 Fox Hunt
Donaldson Run,Week4,Vienna Woods,Week5,258.0 Vienna Woods - 144.0 Donaldson Run
Dowden Terrace,Week5,Mansion House,Week4,221.0 Dowden Terrace - 181.0 Mansion House
Dunn Loring,Week1,Crosspointe,Week5,224.5 Crosspointe - 177.5 Dunn Loring
Dowden Terrace,Week1,Mantua,Week1,262.0 Mantua - 139.0 Dowden Terrace
Dowden Terrace,Week4,Mantua,Week4,242.0 Mantua - 160.0 Dowden Terrace
Dowden Terrace,Week5,Highland Park,Week1,209.0 Dowden Terrace - 193.0 Highland Park
Dunn Loring,Week4,Country Club Hills,Week4,320.0 Dunn Loring - 82.0 Country Club Hills
Dowden Terrace,Week4,Tuckahoe,Week3,334.0 Tuckahoe - 68.0 Dowden Terrace
Dowden Terrace,Week4,Mantua,Week3,262.0 Mantua - 140.0 Dowden Terrace
Dowden Terrace,Week4,Highland Park,Week5,207.0 Dowden Terrace - 195.0 Highland Park
Dunn Loring,Week3,Forest Hollow,Week5,265.0 Dunn Loring - 137.0 Forest Hollow
Dunn Loring,Week4,Hunter Mill,Week3,233.0 Dunn Loring - 169.0 Hunter Mill
Dowden Terrace,Week3,Tuckahoe,Week1,324.0 Tuckahoe - 78.0 Dowden Terrace
Dunn Loring,Week1,Ilda Community,Week3,308.0 Dunn Loring - 94.0 Ilda Community
Donaldson Run,Week3,Vienna Woods,Week5,259.0 Vienna Woods - 143.0 Donaldson Run
Dunn Loring,Week1,North Springfield,Week5,286.5 Dunn Loring - 87.5 North Springfield
Dunn Loring,Week3,Ilda Community,Week2,349.0 Dunn Loring - 53.0 Ilda Community
Donaldson Run,Week5,Vienna Woods,Week2,204.0 Vienna Woods - 198.0 Donaldson Run
Dunn Loring,Week2,Forest Hollow,Week2,283.0 Dunn Loring - 119.0 Forest Hollow
Dowden Terrace,Week4,Vienna Aquatic,Week2,264.0 Vienna Aquatic - 138.0 Dowden Terrace
Dowden Terrace,Week2,Mantua,Week3,278.0 Mantua - 124.0 Dowden Terrace
Dunn Loring,Week2,Crosspointe,Week2,237.0 Dunn Loring - 165.0 Crosspointe
Dowden Terrace,Week4,Mansion House,Week3,230.0 Mansion House - 172.0 Dowden Terrace
Dunn Loring,Week2,North Springfield,Week3,339.0 Dunn Loring - 58.0 North Springfield
Dowden Terrace,Week5,Tuckahoe,Week3,331.0 Tuckahoe - 71.0 Dowden Terrace
Dowden Terrace,Week2,Vienna Aquatic,Week4,278.0 Vienna Aquatic - 124.0 Dowden Terrace
Dunn Loring,Week3,North Springfield,Week4,350.0 Dunn Loring - 42.0 North Springfield
Dunn Loring,Week2,Forest Hollow,Week5,254.0 Dunn Loring - 148.0 Forest Hollow
Dunn Loring,Week3,Crosspointe,Week1,225.0 Dunn Loring - 177.0 Crosspointe
Dunn Loring,Week4,North Springfield,Week1,313.0 Dunn Loring - 37.0 North Springfield
Dowden Terrace,Week1,Highlands Swim,Week1,311.0 Highlands Swim - 91.0 Dowden Terrace
Dunn Loring,Week3,Fox Hunt,Week3,273.0 Dunn Loring - 129.0 Fox Hunt
Dowden Terrace,Week1,Highlands Swim,Week3,293.0 Highlands Swim - 109.0 Dowden Terrace
Donaldson Run,Week2,Villa Aquatic,Week5,287.0 Donaldson Run - 115.0 Villa Aquatic
Donaldson Run,Week2,Villa Aquatic,Week4,289.0 Donaldson Run - 113.0 Villa Aquatic
Dunn Loring,Week2,Crosspointe,Week5,206.0 Dunn Loring - 196.0 Crosspointe
Dowden Terrace,Week1,Mantua,Week4,260.0 Mantua - 142.0 Dowden Terrace
Dunn Loring,Week1,Ilda Community,Week5,309.0 Dunn Loring - 93.0 Ilda Community
Dunn Loring,Week3,Crosspointe,Week3,220.0 Dunn Loring - 182.0 Crosspointe
Dowden Terrace,Week2,Highlands Swim,Week2,312.0 Highlands Swim - 90.0 Dowden Terrace
Dunn Loring,Week4,Ilda Community,Week1,340.0 Dunn Loring - 61.0 Ilda Community
Donaldson Run,Week3,Villa Aquatic,Week1,311.5 Donaldson Run - 90.5 Villa Aquatic
Dowden Terrace,Week3,Vienna Aquatic,Week2,277.0 Vienna Aquatic - 125.0 Dowden Terrace
Dowden Terrace,Week4,Mansion House,Week4,204.5 Dowden Terrace - 192.5 Mansion House
Dunn Loring,Week2,Forest Hollow,Week4,262.0 Dunn Loring - 140.0 Forest Hollow
Dunn Loring,Week4,North Springfield,Week3,342.0 Dunn Loring - 54.0 North Springfield
Dunn Loring,Week2,Ilda Community,Week3,338.0 Dunn Loring - 64.0 Ilda Community
Dunn Loring,Week4,Somerset-Olde Creek,Week3,363.0 Dunn Loring - 39.0 Somerset-Olde Creek
Dunn Loring,Week1,Sully Station,Week4,210.0 Dunn Loring - 192.0 Sully Station
Fair Oaks ,Week5,Rolling Forest,Week5,216.0 Fair Oaks - 186.0 Rolling Forest
Fairfax,Week3,Chesterbrook,Week5,279.0 Chesterbrook - 123.0 Fairfax
Fair Oaks ,Week2,Dunn Loring,Week4,299.0 Dunn Loring - 103.0 Fair Oaks
Fair Oaks ,Week2,Somerset-Olde Creek,Week5,284.0 Fair Oaks - 118.0 Somerset-Olde Creek
Dunn Loring,Week1,South Run,Week5,223.0 Dunn Loring - 179.0 South Run
Dunn Loring,Week1,Waynewood,Week2,208.5 Dunn Loring - 193.5 Waynewood
Fairfax,Week1,Lee Graham,Week2,235.0 Lee Graham - 167.0 Fairfax
Dunn Loring,Week2,Sully Station,Week2,240.5 Dunn Loring - 161.5 Sully Station
Fairfax,Week4,Laurel Hill,Week5,297.0 Fairfax - 105.0 Laurel Hill
Dunn Loring,Week5,Somerset-Olde Creek,Week4,364.0 Dunn Loring - 38.0 Somerset-Olde Creek
Fairfax,Week1,Lee Graham,Week5,227.0 Lee Graham - 175.0 Fairfax
Fairfax,Week3,Arlington Forest,Week2,270.0 Fairfax - 132.0 Arlington Forest
Fair Oaks ,Week5,Holmes Run Acres,Week2,229.0 Fair Oaks - 173.0 Holmes Run Acres
Fair Oaks ,Week1,Somerset-Olde Creek,Week4,322.0 Fair Oaks - 80.0 Somerset-Olde Creek
Fair Oaks ,Week3,Little Rocky Run,Week4,260.0 Little Rocky Run - 142.0 Fair Oaks
Fairfax,Week3,Laurel Hill,Week5,302.0 Fairfax - 100.0 Laurel Hill
Dunn Loring,Week1,Sully Station,Week2,216.0 Dunn Loring - 186.0 Sully Station
Fair Oaks ,Week1,Somerset-Olde Creek,Week3,322.0 Fair Oaks - 80.0 Somerset-Olde Creek
Dunn Loring,Week5,Walden Glen,Week1,327.0 Dunn Loring - 75.0 Walden Glen
Fair Oaks ,Week1,Somerset-Olde Creek,Week5,309.0 Fair Oaks - 93.0 Somerset-Olde Creek
Fair Oaks ,Week1,Rolling Hills,Week4,257.0 Fair Oaks - 145.0 Rolling Hills
Fairfax,Week2,Arlington Forest,Week1,267.0 Fairfax - 135.0 Arlington Forest
Fair Oaks ,Week4,Little Rocky Run,Week1,240.0 Little Rocky Run - 162.0 Fair Oaks
Fairfax,Week2,Laurel Hill,Week5,302.0 Fairfax - 100.0 Laurel Hill
Fair Oaks ,Week2,Little Rocky Run,Week1,269.0 Little Rocky Run - 133.0 Fair Oaks
Fair Oaks ,Week5,Holmes Run Acres,Week4,232.0 Fair Oaks - 170.0 Holmes Run Acres
Dunn Loring,Week5,Walden Glen,Week5,297.0 Dunn Loring - 105.0 Walden Glen
Fairfax,Week1,Commonwealth,Week5,280.0 Fairfax - 122.0 Commonwealth
Fairfax,Week3,Arlington Forest,Week4,256.0 Fairfax - 146.0 Arlington Forest
Fair Oaks ,Week4,Little Rocky Run,Week2,244.0 Little Rocky Run - 158.0 Fair Oaks
Fairfax,Week5,Laurel Hill,Week3,327.0 Fairfax - 75.0 Laurel Hill
Fair Oaks ,Week1,Rolling Hills,Week2,246.0 Fair Oaks - 156.0 Rolling Hills
Dunn Loring,Week1,Somerset-Olde Creek,Week3,342.0 Dunn Loring - 55.0 Somerset-Olde Creek
Fair Oaks ,Week2,Somerset-Olde Creek,Week4,314.0 Fair Oaks - 88.0 Somerset-Olde Creek
Fairfax,Week4,Commonwealth,Week5,299.0 Fairfax - 103.0 Commonwealth
Fairfax,Week5,Arlington Forest,Week4,277.0 Fairfax - 125.0 Arlington Forest
Dunn Loring,Week5,Walden Glen,Week2,307.0 Dunn Loring - 95.0 Walden Glen
Fair Oaks ,Week3,Sleepy Hollow Rec,Week5,286.0 Fair Oaks - 116.0 Sleepy Hollow Rec
Fairfax,Week3,Commonwealth,Week2,288.0 Fairfax - 114.0 Commonwealth
Fair Oaks ,Week1,Hunt Valley,Week1,237.5 Hunt Valley - 164.5 Fair Oaks
Dunn Loring,Week1,Sully Station,Week1,206.0 Sully Station - 196.0 Dunn Loring
Dunn Loring,Week5,Stratford,Week3,340.0 Dunn Loring - 62.0 Stratford
Fairfax,Week3,Laurel Hill,Week4,320.0 Fairfax - 82.0 Laurel Hill
Fair Oaks ,Week2,Holmes Run Acres,Week2,209.0 Holmes Run Acres - 193.0 Fair Oaks
Dunn Loring,Week2,South Run,Week5,263.0 Dunn Loring - 139.0 South Run
Fair Oaks ,Week5,Dowden Terrace,Week5,207.0 Dowden Terrace - 195.0 Fair Oaks
Dunn Loring,Week5,Walden Glen,Week4,297.0 Dunn Loring - 105.0 Walden Glen
Fairfax,Week5,Commonwealth,Week1,317.0 Fairfax - 85.0 Commonwealth
Fair Oaks ,Week2,Holmes Run Acres,Week4,223.0 Holmes Run Acres - 179.0 Fair Oaks
Fair Oaks ,Week1,Long Branch,Week2,246.0 Fair Oaks - 156.0 Long Branch
Fairfax,Week4,Commonwealth,Week2,279.0 Fairfax - 123.0 Commonwealth
Dunn Loring,Week3,Somerset-Olde Creek,Week2,361.0 Dunn Loring - 41.0 Somerset-Olde Creek
Fairfax,Week1,Lee Graham,Week4,216.0 Lee Graham - 186.0 Fairfax
Fair Oaks ,Week5,Rolling Forest,Week4,251.0 Fair Oaks - 151.0 Rolling Forest
Fairfax,Week5,Annandale,Week1,343.0 Fairfax - 59.0 Annandale
Fair Oaks ,Week5,Dowden Terrace,Week4,220.0 Fair Oaks - 182.0 Dowden Terrace
Fairfax,Week5,Commonwealth,Week3,307.0 Fairfax - 95.0 Commonwealth
Fair Oaks ,Week4,Rolling Hills,Week5,236.0 Fair Oaks - 166.0 Rolling Hills
Fair Oaks ,Week5,Sleepy Hollow Rec,Week1,300.0 Fair Oaks - 102.0 Sleepy Hollow Rec
Dunn Loring,Week1,Waynewood,Week4,215.0 Dunn Loring - 187.0 Waynewood
Fair Oaks ,Week4,Rolling Hills,Week1,239.0 Fair Oaks - 163.0 Rolling Hills
Fair Oaks ,Week4,Little Rocky Run,Week4,261.0 Little Rocky Run - 141.0 Fair Oaks
Fair Oaks ,Week4,Holmes Run Acres,Week4,204.0 Fair Oaks - 198.0 Holmes Run Acres
Fair Oaks ,Week3,Dunn Loring,Week2,268.0 Dunn Loring - 134.0 Fair Oaks
Dunn Loring,Week1,South Run,Week3,248.0 Dunn Loring - 154.0 South Run
Fair Oaks ,Week5,Sleepy Hollow Rec,Week5,286.0 Fair Oaks - 116.0 Sleepy Hollow Rec
Fair Oaks ,Week2,Little Rocky Run,Week2,269.0 Little Rocky Run - 133.0 Fair Oaks
Fair Oaks ,Week1,Dunn Loring,Week4,270.0 Dunn Loring - 132.0 Fair Oaks
Fair Oaks ,Week4,Little Rocky Run,Week3,261.0 Little Rocky Run - 141.0 Fair Oaks
Fairfax,Week4,Arlington Forest,Week5,241.0 Fairfax - 161.0 Arlington Forest
Fair Oaks ,Week3,Holmes Run Acres,Week5,207.0 Holmes Run Acres - 195.0 Fair Oaks
Fair Oaks ,Week5,Holmes Run Acres,Week1,233.0 Fair Oaks - 169.0 Holmes Run Acres
Fair Oaks ,Week1,Fair Oaks ,Week2,245.0 Fair Oaks  (FO1) - 157.0 Fair Oaks  (FO2)
Fair Oaks ,Week4,Dunn Loring,Week3,284.0 Dunn Loring - 118.0 Fair Oaks
Dunn Loring,Week3,Walden Glen,Week2,302.0 Dunn Loring - 100.0 Walden Glen
Fair Oaks ,Week1,Fair Oaks ,Week5,222.0 Fair Oaks  (FO2) - 180.0 Fair Oaks  (FO1)
Fairfax,Week1,Lee Graham,Week3,242.0 Lee Graham - 160.0 Fairfax
Dunn Loring,Week4,Stratford,Week1,342.0 Dunn Loring - 60.0 Stratford
Dunn Loring,Week2,South Run,Week3,281.0 Dunn Loring - 121.0 South Run
Fair Oaks ,Week4,Rolling Forest,Week3,202.0 Fair Oaks - 200.0 Rolling Forest
Fairfax,Week2,Arlington Forest,Week3,286.5 Fairfax - 115.5 Arlington Forest
Fairfax,Week3,Commonwealth,Week3,295.0 Fairfax - 107.0 Commonwealth
Dunn Loring,Week1,Sully Station,Week5,211.0 Sully Station - 191.0 Dunn Loring
Dunn Loring,Week5,Somerset-Olde Creek,Week3,368.0 Dunn Loring - 34.0 Somerset-Olde Creek
Fair Oaks ,Week2,Rolling Hills,Week2,208.0 Fair Oaks - 194.0 Rolling Hills
Dunn Loring,Week4,Walden Glen,Week1,321.0 Dunn Loring - 81.0 Walden Glen
Fairfax,Week5,Annandale,Week4,348.0 Fairfax - 54.0 Annandale
Dunn Loring,Week4,Stratford,Week2,337.0 Dunn Loring - 65.0 Stratford
Fair Oaks ,Week3,Holmes Run Acres,Week4,211.5 Fair Oaks - 190.5 Holmes Run Acres
Dunn Loring,Week2,Somerset-Olde Creek,Week1,367.0 Dunn Loring - 35.0 Somerset-Olde Creek
Fair Oaks ,Week5,Sleepy Hollow Rec,Week2,302.0 Fair Oaks - 100.0 Sleepy Hollow Rec
Fair Oaks ,Week3,Rolling Hills,Week3,264.0 Fair Oaks - 138.0 Rolling Hills
Fair Oaks ,Week4,Sleepy Hollow Rec,Week1,291.0 Fair Oaks - 111.0 Sleepy Hollow Rec
Dunn Loring,Week1,Sully Station,Week3,202.0 Dunn Loring - 200.0 Sully Station
Fairfax,Week2,Lee Graham,Week2,208.5 Lee Graham - 193.5 Fairfax
Fair Oaks ,Week3,Little Rocky Run,Week1,241.0 Little Rocky Run - 161.0 Fair Oaks
Fairfax,Week5,Commonwealth,Week5,310.0 Fairfax - 92.0 Commonwealth
Fairfax,Week4,Arlington Forest,Week2,270.0 Fairfax - 132.0 Arlington Forest
Fair Oaks ,Week2,Dunn Loring,Week1,261.0 Dunn Loring - 141.0 Fair Oaks
Dunn Loring,Week4,Walden Glen,Week3,315.0 Dunn Loring - 87.0 Walden Glen
Fair Oaks ,Week1,Holmes Run Acres,Week1,227.0 Fair Oaks - 175.0 Holmes Run Acres
Fairfax,Week3,Arlington Forest,Week1,261.0 Fairfax - 141.0 Arlington Forest
Fair Oaks ,Week3,Somerset-Olde Creek,Week4,327.0 Fair Oaks - 75.0 Somerset-Olde Creek
Fair Oaks ,Week3,Rolling Forest,Week5,217.0 Fair Oaks - 185.0 Rolling Forest
Dunn Loring,Week3,Sully Station,Week2,252.0 Dunn Loring - 150.0 Sully Station
Fairfax,Week1,Arlington Forest,Week4,248.0 Fairfax - 154.0 Arlington Forest
Dunn Loring,Week1,Somerset-Olde Creek,Week4,336.0 Dunn Loring - 66.0 Somerset-Olde Creek
Fair Oaks ,Week4,Rolling Forest,Week2,229.5 Fair Oaks - 172.5 Rolling Forest
Fairfax,Week3,Lee Graham,Week2,206.0 Fairfax - 196.0 Lee Graham
Fair Oaks ,Week3,Somerset-Olde Creek,Week1,318.0 Fair Oaks - 83.0 Somerset-Olde Creek
Fairfax,Week3,Chesterbrook,Week3,298.0 Chesterbrook - 104.0 Fairfax
Fairfax,Week4,Annandale,Week2,321.0 Fairfax - 81.0 Annandale
Dunn Loring,Week5,Stratford,Week5,346.0 Dunn Loring - 56.0 Stratford
Fair Oaks ,Week4,Dunn Loring,Week5,278.0 Dunn Loring - 124.0 Fair Oaks
Fairfax,Week5,Commonwealth,Week4,328.0 Fairfax - 74.0 Commonwealth
Dunn Loring,Week2,Waynewood,Week2,228.0 Dunn Loring - 174.0 Waynewood
Fair Oaks ,Week5,Little Rocky Run,Week5,252.0 Little Rocky Run - 150.0 Fair Oaks
Fair Oaks ,Week2,Holmes Run Acres,Week1,215.0 Holmes Run Acres - 187.0 Fair Oaks
Fairfax,Week5,Annandale,Week3,331.0 Fairfax - 71.0 Annandale
Fair Oaks ,Week4,Rolling Forest,Week4,212.0 Fair Oaks - 190.0 Rolling Forest
Fair Oaks ,Week1,Somerset-Olde Creek,Week2,327.5 Fair Oaks - 74.5 Somerset-Olde Creek
Fair Oaks ,Week1,Dunn Loring,Week1,239.0 Dunn Loring - 163.0 Fair Oaks
Dunn Loring,Week3,Somerset-Olde Creek,Week1,361.0 Dunn Loring - 41.0 Somerset-Olde Creek
Fair Oaks ,Week3,Little Rocky Run,Week3,260.0 Little Rocky Run - 142.0 Fair Oaks
Fairfax,Week1,Cottontail,Week1,272.0 Fairfax - 130.0 Cottontail
Fairfax,Week2,Lincolnia Park,Week5,329.0 Fairfax - 64.0 Lincolnia Park
Dunn Loring,Week2,Sully Station,Week5,217.0 Dunn Loring - 185.0 Sully Station
Dunn Loring,Week2,Somerset-Olde Creek,Week3,364.0 Dunn Loring - 38.0 Somerset-Olde Creek
Fair Oaks ,Week5,Dowden Terrace,Week3,237.0 Fair Oaks - 165.0 Dowden Terrace
Fairfax,Week1,Lincolnia Park,Week4,330.0 Fairfax - 72.0 Lincolnia Park
Dunn Loring,Week2,Sully Station,Week3,242.0 Dunn Loring - 160.0 Sully Station
Dunn Loring,Week4,Walden Glen,Week4,311.0 Dunn Loring - 91.0 Walden Glen
Fair Oaks ,Week3,Holmes Run Acres,Week3,212.0 Fair Oaks - 190.0 Holmes Run Acres
Fair Oaks ,Week4,Dunn Loring,Week4,285.0 Dunn Loring - 117.0 Fair Oaks
Fair Oaks ,Week4,Holmes Run Acres,Week3,228.0 Holmes Run Acres - 174.0 Fair Oaks
Fair Oaks ,Week2,Somerset-Olde Creek,Week1,306.0 Fair Oaks - 96.0 Somerset-Olde Creek
Fair Oaks ,Week4,Sleepy Hollow Rec,Week5,269.0 Fair Oaks - 133.0 Sleepy Hollow Rec
Fairfax,Week3,Commonwealth,Week4,312.0 Fairfax - 90.0 Commonwealth
Fair Oaks ,Week2,Rolling Hills,Week1,210.0 Fair Oaks - 192.0 Rolling Hills
Dunn Loring,Week2,Waynewood,Week1,253.0 Dunn Loring - 149.0 Waynewood
Fair Oaks ,Week1,Hunt Valley,Week4,261.0 Hunt Valley - 141.0 Fair Oaks
Fair Oaks ,Week5,Little Rocky Run,Week3,243.0 Little Rocky Run - 159.0 Fair Oaks
Fair Oaks ,Week1,Long Branch,Week4,258.0 Fair Oaks - 144.0 Long Branch
Dunn Loring,Week1,Somerset-Olde Creek,Week5,324.0 Dunn Loring - 78.0 Somerset-Olde Creek
Fair Oaks ,Week4,Rolling Forest,Week5,202.0 Rolling Forest - 200.0 Fair Oaks
Fair Oaks ,Week1,Dunn Loring,Week3,273.0 Dunn Loring - 129.0 Fair Oaks
Fair Oaks ,Week3,Dunn Loring,Week5,282.5 Dunn Loring - 119.5 Fair Oaks
Dunn Loring,Week3,Sully Station,Week3,245.0 Dunn Loring - 157.0 Sully Station
Fair Oaks ,Week3,Little Rocky Run,Week2,237.0 Little Rocky Run - 165.0 Fair Oaks
Fairfax,Week2,Arlington Forest,Week4,261.5 Fairfax - 140.5 Arlington Forest
Fairfax,Week4,Lincolnia Park,Week1,347.0 Fairfax - 55.0 Lincolnia Park
Fair Oaks ,Week5,Holmes Run Acres,Week3,203.0 Fair Oaks - 199.0 Holmes Run Acres
Dunn Loring,Week5,Walden Glen,Week3,311.0 Dunn Loring - 91.0 Walden Glen
Fair Oaks ,Week2,Somerset-Olde Creek,Week2,319.0 Fair Oaks - 83.0 Somerset-Olde Creek
Fairfax,Week3,Lincolnia Park,Week4,334.0 Fairfax - 67.0 Lincolnia Park
Fairfax,Week1,Cottontail,Week3,274.0 Fairfax - 128.0 Cottontail
Fairfax,Week3,Commonwealth,Week5,299.0 Fairfax - 103.0 Commonwealth
Fair Oaks ,Week1,Rolling Hills,Week3,240.0 Fair Oaks - 162.0 Rolling Hills
Fair Oaks ,Week4,Little Rocky Run,Week5,269.0 Little Rocky Run - 133.0 Fair Oaks
Fairfax,Week1,Arlington Forest,Week3,274.0 Fairfax - 128.0 Arlington Forest
Fairfax,Week3,Arlington Forest,Week3,282.0 Fairfax - 119.0 Arlington Forest
Fair Oaks ,Week1,Hunt Valley,Week2,242.0 Hunt Valley - 160.0 Fair Oaks
Fairfax,Week4,Lee Graham,Week2,228.0 Lee Graham - 174.0 Fairfax
Fairfax,Week5,Cottontail,Week2,315.0 Fairfax - 87.0 Cottontail
Dunn Loring,Week5,Sully Station,Week1,227.0 Dunn Loring - 175.0 Sully Station
Dunn Loring,Week1,Waynewood,Week3,203.0 Dunn Loring - 199.0 Waynewood
Dunn Loring,Week4,Sully Station,Week2,232.0 Dunn Loring - 170.0 Sully Station
Dunn Loring,Week2,Somerset-Olde Creek,Week4,364.0 Dunn Loring - 38.0 Somerset-Olde Creek
Fair Oaks ,Week3,Rolling Hills,Week2,253.0 Fair Oaks - 149.0 Rolling Hills
Fair Oaks ,Week1,Somerset-Olde Creek,Week1,320.0 Fair Oaks - 82.0 Somerset-Olde Creek
Fair Oaks ,Week2,Dunn Loring,Week3,298.0 Dunn Loring - 104.0 Fair Oaks
Fair Oaks ,Week2,Hunt Valley,Week1,281.0 Hunt Valley - 121.0 Fair Oaks
Fair Oaks ,Week4,Sleepy Hollow Rec,Week4,293.0 Fair Oaks - 109.0 Sleepy Hollow Rec
Fair Oaks ,Week5,Little Rocky Run,Week1,228.0 Little Rocky Run - 174.0 Fair Oaks
Fair Oaks ,Week1,Hunt Valley,Week5,265.0 Hunt Valley - 137.0 Fair Oaks
Fairfax,Week4,Annandale,Week3,316.0 Fairfax - 86.0 Annandale
Fairfax,Week5,Cottontail,Week4,306.0 Fairfax - 96.0 Cottontail
Dunn Loring,Week1,Waynewood,Week5,210.0 Waynewood - 192.0 Dunn Loring
Dunn Loring,Week2,Waynewood,Week5,219.0 Dunn Loring - 183.0 Waynewood
Fair Oaks ,Week3,Rolling Hills,Week4,259.0 Fair Oaks - 143.0 Rolling Hills
Dunn Loring,Week3,Sully Station,Week5,217.0 Dunn Loring - 185.0 Sully Station
Fair Oaks ,Week3,Rolling Hills,Week1,250.0 Fair Oaks - 152.0 Rolling Hills
Dunn Loring,Week3,Somerset-Olde Creek,Week5,357.0 Dunn Loring - 45.0 Somerset-Olde Creek
Fairfax,Week3,Lee Graham,Week5,207.0 Lee Graham - 195.0 Fairfax
Dunn Loring,Week2,Somerset-Olde Creek,Week5,353.0 Dunn Loring - 49.0 Somerset-Olde Creek
Fair Oaks ,Week2,Dunn Loring,Week5,307.0 Dunn Loring - 95.0 Fair Oaks
Fair Oaks ,Week2,Little Rocky Run,Week4,295.0 Little Rocky Run - 107.0 Fair Oaks
Fair Oaks ,Week3,Little Rocky Run,Week5,265.0 Little Rocky Run - 137.0 Fair Oaks
Fair Oaks ,Week2,Somerset-Olde Creek,Week3,312.0 Fair Oaks - 89.0 Somerset-Olde Creek
Dunn Loring,Week3,Waynewood,Week2,256.0 Dunn Loring - 146.0 Waynewood
Fair Oaks ,Week2,Hunt Valley,Week3,291.0 Hunt Valley - 111.0 Fair Oaks
Fair Oaks ,Week5,Rolling Forest,Week3,221.0 Fair Oaks - 181.0 Rolling Forest
Fairfax,Week4,Annandale,Week5,314.0 Fairfax - 88.0 Annandale
Dunn Loring,Week2,Waynewood,Week4,248.0 Dunn Loring - 154.0 Waynewood
Fairfax,Week3,Lee Graham,Week3,209.5 Lee Graham - 192.5 Fairfax
Dunn Loring,Week5,Sully Station,Week2,223.0 Dunn Loring - 179.0 Sully Station
Fair Oaks ,Week3,Dunn Loring,Week4,266.0 Dunn Loring - 136.0 Fair Oaks
Fairfax,Week5,Commonwealth,Week2,291.0 Fairfax - 111.0 Commonwealth
Dunn Loring,Week4,Somerset-Olde Creek,Week1,359.0 Dunn Loring - 42.0 Somerset-Olde Creek
Fair Oaks ,Week5,Little Rocky Run,Week2,218.0 Little Rocky Run - 184.0 Fair Oaks
Dunn Loring,Week3,Somerset-Olde Creek,Week3,363.0 Dunn Loring - 39.0 Somerset-Olde Creek
Fair Oaks ,Week3,Somerset-Olde Creek,Week3,328.0 Fair Oaks - 74.0 Somerset-Olde Creek
Dunn Loring,Week5,Sully Station,Week3,225.0 Dunn Loring - 177.0 Sully Station
Dunn Loring,Week3,Waynewood,Week3,235.0 Dunn Loring - 167.0 Waynewood
Fair Oaks ,Week4,Rolling Hills,Week3,239.0 Fair Oaks - 163.0 Rolling Hills
Fairfax,Week4,Lee Graham,Week5,226.0 Lee Graham - 176.0 Fairfax
Fair Oaks ,Week2,Hunt Valley,Week5,300.0 Hunt Valley - 102.0 Fair Oaks
Fairfax,Week1,Arlington Forest,Week2,251.0 Fairfax - 151.0 Arlington Forest
Fair Oaks ,Week5,Dunn Loring,Week2,238.0 Dunn Loring - 164.0 Fair Oaks
Fairfax,Week4,Commonwealth,Week4,304.0 Fairfax - 98.0 Commonwealth
Fair Oaks ,Week1,Long Branch,Week1,259.0 Fair Oaks - 143.0 Long Branch
Fair Oaks ,Week2,Little Rocky Run,Week3,279.0 Little Rocky Run - 123.0 Fair Oaks
Dunn Loring,Week4,Waynewood,Week2,251.0 Dunn Loring - 151.0 Waynewood
Fairfax,Week4,Arlington Forest,Week1,252.0 Fairfax - 150.0 Arlington Forest
Fairfax,Week4,Arlington Forest,Week4,250.0 Fairfax - 152.0 Arlington Forest
Fairfax,Week1,Cottontail,Week2,281.0 Fairfax - 121.0 Cottontail
Fairfax,Week3,Cottontail,Week2,293.0 Fairfax - 109.0 Cottontail
Fair Oaks ,Week4,Rolling Forest,Week1,221.5 Fair Oaks - 180.5 Rolling Forest
Fairfax,Week3,Arlington Forest,Week5,253.0 Fairfax - 149.0 Arlington Forest
Fair Oaks ,Week2,Hunter Mill,Week2,253.0 Hunter Mill - 149.0 Fair Oaks
Fair Oaks ,Week4,Somerset-Olde Creek,Week5,300.0 Fair Oaks - 102.0 Somerset-Olde Creek
Fairfax,Week2,Lincolnia Park,Week4,340.0 Fairfax - 62.0 Lincolnia Park
Dunn Loring,Week2,Somerset-Olde Creek,Week2,369.0 Dunn Loring - 33.0 Somerset-Olde Creek
Fair Oaks ,Week4,Somerset-Olde Creek,Week1,322.0 Fair Oaks - 80.0 Somerset-Olde Creek
Fair Oaks ,Week5,Dunn Loring,Week3,259.0 Dunn Loring - 143.0 Fair Oaks
Dunn Loring,Week5,Somerset-Olde Creek,Week1,359.0 Dunn Loring - 43.0 Somerset-Olde Creek
Fairfax,Week1,Lincolnia Park,Week1,338.0 Fairfax - 64.0 Lincolnia Park
Dunn Loring,Week5,Somerset-Olde Creek,Week2,366.0 Dunn Loring - 36.0 Somerset-Olde Creek
Dunn Loring,Week3,Waynewood,Week5,220.0 Dunn Loring - 182.0 Waynewood
Fairfax,Week3,Lincolnia Park,Week2,347.0 Fairfax - 45.0 Lincolnia Park
Fair Oaks ,Week1,Dunn Loring,Week5,274.0 Dunn Loring - 128.0 Fair Oaks
Fair Oaks ,Week5,Rolling Forest,Week1,251.0 Fair Oaks - 151.0 Rolling Forest
Fairfax,Week3,Commonwealth,Week1,312.0 Fairfax - 90.0 Commonwealth
Dunn Loring,Week4,Sully Station,Week4,237.0 Dunn Loring - 165.0 Sully Station
Dunn Loring,Week5,Sully Station,Week4,235.0 Dunn Loring - 167.0 Sully Station
Fair Oaks ,Week4,Somerset-Olde Creek,Week3,323.0 Fair Oaks - 79.0 Somerset-Olde Creek
Fair Oaks ,Week5,Rolling Forest,Week2,260.0 Fair Oaks - 142.0 Rolling Forest
Dunn Loring,Week5,Sully Station,Week5,213.0 Dunn Loring - 189.0 Sully Station
Dunn Loring,Week3,Waynewood,Week4,244.0 Dunn Loring - 158.0 Waynewood
Fair Oaks ,Week1,Long Branch,Week3,260.0 Fair Oaks - 142.0 Long Branch
Fair Oaks ,Week4,Hunt Valley,Week2,272.0 Hunt Valley - 130.0 Fair Oaks
Fair Oaks ,Week3,Dunn Loring,Week1,228.0 Dunn Loring - 174.0 Fair Oaks
Fair Oaks ,Week5,Hunt Valley,Week5,254.0 Hunt Valley - 148.0 Fair Oaks
Fairfax,Week1,Arlington Forest,Week1,256.0 Fairfax - 146.0 Arlington Forest
Fair Oaks ,Week4,Dunn Loring,Week2,271.0 Dunn Loring - 131.0 Fair Oaks
Fairfax,Week5,Lee Graham,Week5,201.0 Fairfax - 201.0 Lee Graham
Dunn Loring,Week5,Somerset-Olde Creek,Week5,356.0 Dunn Loring - 46.0 Somerset-Olde Creek
Fairfax,Week3,Lincolnia Park,Week1,336.0 Fairfax - 66.0 Lincolnia Park
Dunn Loring,Week4,Waynewood,Week3,225.0 Dunn Loring - 177.0 Waynewood
Fair Oaks ,Week4,Dunn Loring,Week1,239.0 Dunn Loring - 163.0 Fair Oaks
Fair Oaks ,Week5,Somerset-Olde Creek,Week2,337.0 Fair Oaks - 65.0 Somerset-Olde Creek
Fair Oaks ,Week1,Dunn Loring,Week2,266.0 Dunn Loring - 136.0 Fair Oaks
Fairfax,Week2,Cottontail,Week3,300.0 Fairfax - 102.0 Cottontail
Fair Oaks ,Week2,Little Rocky Run,Week5,296.0 Little Rocky Run - 106.0 Fair Oaks
Fair Oaks ,Week1,Rolling Hills,Week5,241.0 Fair Oaks - 161.0 Rolling Hills
Dunn Loring,Week3,Somerset-Olde Creek,Week4,361.0 Dunn Loring - 41.0 Somerset-Olde Creek
Dunn Loring,Week4,Somerset-Olde Creek,Week5,360.0 Dunn Loring - 42.0 Somerset-Olde Creek
Fair Oaks ,Week3,Long Branch,Week2,253.0 Fair Oaks - 149.0 Long Branch
Fair Oaks ,Week2,Long Branch,Week3,241.0 Fair Oaks - 161.0 Long Branch
Fairfax,Week3,Cottontail,Week3,303.5 Fairfax - 98.5 Cottontail
Fairfax,Week4,Annandale,Week1,324.0 Fairfax - 78.0 Annandale
Fair Oaks ,Week2,Rolling Hills,Week4,236.0 Fair Oaks - 165.0 Rolling Hills
Dunn Loring,Week5,Woodley,Week2,327.0 Dunn Loring - 75.0 Woodley
Dunn Loring,Week4,Woodley,Week4,345.0 Dunn Loring - 57.0 Woodley
Fairfax,Week4,Lee Graham,Week4,210.0 Lee Graham - 192.0 Fairfax
Fairfax,Week1,Lincolnia Park,Week2,336.0 Fairfax - 57.0 Lincolnia Park
Fair Oaks ,Week5,South Run,Week2,258.0 Fair Oaks - 144.0 South Run
Fairfax,Week4,Cottontail,Week3,296.0 Fairfax - 106.0 Cottontail
Fairfax,Week4,Annandale,Week4,333.0 Fairfax - 69.0 Annandale
Fair Oaks ,Week4,Hunter Mill,Week1,236.0 Hunter Mill - 166.0 Fair Oaks
Fair Oaks ,Week4,Hunter Mill,Week3,243.0 Hunter Mill - 159.0 Fair Oaks
Dunn Loring,Week1,Sully Station II,Week1,201.0 Dunn Loring - 201.0 Sully Station II
Fair Oaks ,Week3,South Run,Week3,241.0 Fair Oaks - 161.0 South Run
Dunn Loring,Week1,Sully Station II,Week2,216.0 Sully Station II - 186.0 Dunn Loring
Dunn Loring,Week4,Sully Station,Week5,213.0 Dunn Loring - 189.0 Sully Station
Fairfax,Week5,Annandale,Week5,331.0 Fairfax - 71.0 Annandale
Fair Oaks ,Week5,Dunn Loring,Week4,244.0 Dunn Loring - 158.0 Fair Oaks
Fair Oaks ,Week5,Hunt Valley,Week2,215.0 Hunt Valley - 187.0 Fair Oaks
Fair Oaks ,Week2,Rolling Hills,Week3,210.0 Fair Oaks - 192.0 Rolling Hills
Fair Oaks ,Week1,Rolling Hills,Week1,249.0 Fair Oaks - 153.0 Rolling Hills
Fair Oaks ,Week2,Mansion House,Week4,230.5 Mansion House - 171.5 Fair Oaks
Fair Oaks ,Week4,South Run,Week5,204.0 South Run - 198.0 Fair Oaks
Dunn Loring,Week4,Somerset-Olde Creek,Week4,365.0 Dunn Loring - 37.0 Somerset-Olde Creek
Fairfax,Week5,Annandale,Week2,337.0 Fairfax - 65.0 Annandale
Fairfax,Week2,Cottontail,Week5,280.0 Fairfax - 122.0 Cottontail
Fair Oaks ,Week5,Dunn Loring,Week5,259.0 Dunn Loring - 143.0 Fair Oaks
Fair Oaks ,Week2,Hunter Mill,Week4,271.0 Hunter Mill - 131.0 Fair Oaks
Dunn Loring,Week2,Woodley,Week2,328.0 Dunn Loring - 74.0 Woodley
Dunn Loring,Week1,South Run,Week2,255.0 Dunn Loring - 142.0 South Run
Fairfax,Week3,Cottontail,Week1,289.0 Fairfax - 113.0 Cottontail
Fairfax,Week4,Lee Graham,Week1,213.0 Lee Graham - 189.0 Fairfax
Fair Oaks ,Week2,Rolling Hills,Week5,211.0 Fair Oaks - 191.0 Rolling Hills
Fair Oaks ,Week2,Long Branch,Week1,229.0 Fair Oaks - 173.0 Long Branch
Fair Oaks ,Week1,Hunter Mill,Week5,252.0 Hunter Mill - 150.0 Fair Oaks
Fair Oaks ,Week1,South Run,Week5,214.0 Fair Oaks - 188.0 South Run
Dunn Loring,Week3,Woodley,Week5,331.0 Dunn Loring - 71.0 Woodley
Dunn Loring,Week4,Sully Station,Week3,226.0 Dunn Loring - 176.0 Sully Station
Fair Oaks ,Week5,Dunn Loring,Week1,225.0 Dunn Loring - 177.0 Fair Oaks
Fairfax,Week3,Lee Graham,Week1,213.0 Fairfax - 189.0 Lee Graham
Fair Oaks ,Week3,Rolling Hills,Week5,252.0 Fair Oaks - 150.0 Rolling Hills
Dunn Loring,Week5,Woodley,Week1,340.0 Dunn Loring - 62.0 Woodley
Fair Oaks ,Week1,Hunter Mill,Week4,254.0 Hunter Mill - 148.0 Fair Oaks
Fairfax,Week5,Cottontail,Week1,306.0 Fairfax - 96.0 Cottontail
Fair Oaks ,Week1,Mansion House,Week3,226.0 Mansion House - 176.0 Fair Oaks
Dunn Loring,Week1,South Run,Week4,257.0 Dunn Loring - 145.0 South Run
Dunn Loring,Week1,South Run,Week1,229.0 Dunn Loring - 159.0 South Run
Fairfax,Week2,Arlington Forest,Week2,273.0 Fairfax - 129.0 Arlington Forest
Fairfax,Week1,Arlington Forest,Week5,235.0 Fairfax - 167.0 Arlington Forest
Fairfax,Week2,Lincolnia Park,Week1,346.0 Fairfax - 56.0 Lincolnia Park
Fair Oaks ,Week2,South Run,Week5,203.0 Fair Oaks - 199.0 South Run
Fair Oaks ,Week3,Dunn Loring,Week3,272.0 Dunn Loring - 130.0 Fair Oaks
Fairfax,Week4,Arlington Forest,Week3,273.0 Fairfax - 128.0 Arlington Forest
Dunn Loring,Week5,Waynewood,Week1,258.5 Dunn Loring - 143.5 Waynewood
Fairfax,Week2,Arlington Forest,Week5,256.0 Fairfax - 146.0 Arlington Forest
Fair Oaks ,Week3,Mansion House,Week3,214.0 Mansion House - 188.0 Fair Oaks
Fairfax,Week1,Lincolnia Park,Week3,305.0 Fairfax - 88.0 Lincolnia Park
Fairfax,Week2,Cottontail,Week2,293.0 Fairfax - 109.0 Cottontail
Fairfax,Week1,Cottontail,Week5,268.0 Fairfax - 134.0 Cottontail
Fair Oaks ,Week4,Hunt Valley,Week5,298.0 Hunt Valley - 104.0 Fair Oaks
Fair Oaks ,Week4,Long Branch,Week1,249.0 Fair Oaks - 153.0 Long Branch
Fair Oaks ,Week1,Springboard,Week2,314.0 Fair Oaks - 88.0 Springboard
Fair Oaks ,Week5,South Run,Week4,267.0 Fair Oaks - 135.0 South Run
Fairfax,Week2,Lincolnia Park,Week3,327.0 Fairfax - 66.0 Lincolnia Park
Fair Oaks ,Week3,Mansion House,Week5,226.0 Mansion House - 176.0 Fair Oaks
Fair Oaks ,Week4,Rolling Hills,Week4,252.0 Fair Oaks - 149.0 Rolling Hills
Dunn Loring,Week2,South Run,Week1,252.0 Dunn Loring - 141.0 South Run
Fairfax,Week4,Cottontail,Week4,274.0 Fairfax - 128.0 Cottontail
Fair Oaks ,Week1,Fair Oaks ,Week3,211.0 Fair Oaks  (FO2) - 191.0 Fair Oaks  (FO1)
Dunn Loring,Week4,Waynewood,Week5,211.0 Dunn Loring - 191.0 Waynewood
Fair Oaks ,Week1,Fair Oaks ,Week1,201.0 Fair Oaks  (FO1) - 201.0 Fair Oaks  (FO2)
Dunn Loring,Week2,South Run,Week2,279.0 Dunn Loring - 123.0 South Run
Fair Oaks ,Week2,Hunter Mill,Week1,261.0 Hunter Mill - 141.0 Fair Oaks
Fair Oaks ,Week4,Rolling Hills,Week2,236.0 Fair Oaks - 166.0 Rolling Hills
Fair Oaks ,Week1,Hunter Mill,Week1,241.0 Hunter Mill - 161.0 Fair Oaks
Fair Oaks ,Week1,Fair Oaks ,Week4,216.0 Fair Oaks  (FO1) - 186.0 Fair Oaks  (FO2)
Fair Oaks ,Week2,Hunter Mill,Week5,270.0 Hunter Mill - 132.0 Fair Oaks
Fairfax,Week2,Cottontail,Week1,289.0 Fairfax - 113.0 Cottontail
Fair Oaks ,Week3,Hunter Mill,Week2,215.0 Hunter Mill - 187.0 Fair Oaks
Dunn Loring,Week4,South Run,Week1,257.0 Dunn Loring - 136.0 South Run
Fairfax,Week2,Lincolnia Park,Week2,349.0 Fairfax - 44.0 Lincolnia Park
Fair Oaks ,Week5,Rolling Hills,Week5,270.0 Fair Oaks - 132.0 Rolling Hills
Dunn Loring,Week5,Waynewood,Week5,234.0 Dunn Loring - 168.0 Waynewood
Fair Oaks ,Week3,Hunt Valley,Week3,250.0 Hunt Valley - 152.0 Fair Oaks
Dunn Loring,Week5,Waynewood,Week2,256.0 Dunn Loring - 146.0 Waynewood
Fairfax,Week3,Cottontail,Week4,293.0 Fairfax - 109.0 Cottontail
Fairfax,Week5,Cottontail,Week3,317.0 Fairfax - 85.0 Cottontail
Fair Oaks ,Week1,Mansion House,Week4,206.0 Fair Oaks - 196.0 Mansion House
Fairfax,Week5,Arlington Forest,Week3,310.0 Fairfax - 91.0 Arlington Forest
Fairfax,Week5,Arlington Forest,Week2,313.0 Fairfax - 89.0 Arlington Forest
Fair Oaks ,Week2,South Run,Week3,219.0 Fair Oaks - 183.0 South Run
Fair Oaks ,Week3,Long Branch,Week1,261.0 Fair Oaks - 141.0 Long Branch
Dunn Loring,Week1,Woodley,Week2,308.0 Dunn Loring - 94.0 Woodley
Dunn Loring,Week2,Woodley,Week1,322.0 Dunn Loring - 80.0 Woodley
Fairfax,Week5,Arlington Forest,Week5,268.0 Fairfax - 134.0 Arlington Forest
Fair Oaks ,Week2,Fair Oaks ,Week4,224.0 Fair Oaks  (FO2) - 177.0 Fair Oaks  (FO1)
Fair Oaks ,Week5,Fair Oaks ,Week3,225.0 Fair Oaks  (FO1) - 177.0 Fair Oaks  (FO2)
Fairfax,Week1,Brandywine,Week5,224.0 Fairfax - 178.0 Brandywine
Fair Oaks ,Week2,Long Branch,Week5,220.0 Fair Oaks - 182.0 Long Branch
Fairfax,Week5,Lee Graham,Week4,226.0 Fairfax - 176.0 Lee Graham
Fair Oaks ,Week1,Rolling Valley,Week1,322.0 Fair Oaks - 80.0 Rolling Valley
Dunn Loring,Week3,South Run,Week1,259.0 Dunn Loring - 134.0 South Run
Fair Oaks ,Week4,South Run,Week3,233.0 Fair Oaks - 169.0 South Run
Fair Oaks ,Week3,Long Branch,Week4,261.0 Fair Oaks - 141.0 Long Branch
Fair Oaks ,Week3,Hunter Mill,Week3,218.0 Hunter Mill - 184.0 Fair Oaks
Dunn Loring,Week2,Woodley,Week5,319.0 Dunn Loring - 83.0 Woodley
Fairfax,Week2,Cottontail,Week4,291.0 Fairfax - 111.0 Cottontail
Fair Oaks ,Week3,Hunter Mill,Week5,251.0 Hunter Mill - 151.0 Fair Oaks
Fair Oaks ,Week3,Hunt Valley,Week1,234.5 Hunt Valley - 167.5 Fair Oaks
Dunn Loring,Week3,South Run,Week4,298.0 Dunn Loring - 104.0 South Run
Fair Oaks ,Week1,Rolling Valley,Week3,297.0 Fair Oaks - 105.0 Rolling Valley
Fairfax,Week5,Lee Graham,Week3,207.0 Fairfax - 195.0 Lee Graham
Fairfax,Week5,Lee Graham,Week1,213.0 Fairfax - 189.0 Lee Graham
Fairfax,Week5,Lee Graham,Week2,218.0 Fairfax - 184.0 Lee Graham
Fair Oaks ,Week1,South Run,Week1,218.0 Fair Oaks - 175.0 South Run
Fair Oaks ,Week1,Fairfax,Week2,264.0 Fairfax - 138.0 Fair Oaks
Dunn Loring,Week2,South Run,Week4,285.0 Dunn Loring - 117.0 South Run
Fairfax,Week5,Arlington Forest,Week1,296.0 Fairfax - 106.0 Arlington Forest
Dunn Loring,Week3,South Run,Week3,282.0 Dunn Loring - 120.0 South Run
Fair Oaks ,Week5,Long Branch,Week1,270.5 Fair Oaks - 131.5 Long Branch
Fair Oaks ,Week1,Rolling Valley,Week2,296.0 Fair Oaks - 106.0 Rolling Valley
Fairfax,Week1,Brandywine,Week2,256.0 Fairfax - 146.0 Brandywine
Fair Oaks ,Week5,Rolling Hills,Week2,264.0 Fair Oaks - 138.0 Rolling Hills
Fair Oaks ,Week5,Rolling Hills,Week4,273.0 Fair Oaks - 128.0 Rolling Hills
Fairfax,Week4,Lee Graham,Week3,236.0 Lee Graham - 166.0 Fairfax
Dunn Loring,Week1,Woodley,Week5,287.0 Dunn Loring - 115.0 Woodley
Fair Oaks ,Week4,South Run,Week2,230.0 Fair Oaks - 171.0 South Run
Fairfax,Week4,Cottontail,Week2,289.0 Fairfax - 113.0 Cottontail
Fair Oaks ,Week4,Long Branch,Week4,255.0 Fair Oaks - 147.0 Long Branch
Fairfax,Week3,Cottontail,Week5,292.5 Fairfax - 109.5 Cottontail
Dunn Loring,Week1,Woodley,Week3,303.0 Dunn Loring - 99.0 Woodley
Fair Oaks ,Week4,South Run,Week4,231.0 Fair Oaks - 170.0 South Run
Fair Oaks ,Week1,Springboard,Week3,294.0 Fair Oaks - 108.0 Springboard
Dunn Loring,Week3,South Run,Week5,266.0 Dunn Loring - 136.0 South Run
Fair Oaks ,Week2,Fairfax,Week4,284.0 Fairfax - 118.0 Fair Oaks
Fairfax,Week1,Lincolnia Park,Week5,317.0 Fairfax - 76.0 Lincolnia Park
Fair Oaks ,Week1,Hunter Mill,Week3,227.0 Hunter Mill - 175.0 Fair Oaks
Fair Oaks ,Week4,Fair Oaks ,Week5,270.0 Fair Oaks  (FO2) - 132.0 Fair Oaks  (FO1)
Fair Oaks ,Week5,Fair Oaks ,Week5,201.0 Fair Oaks  (FO1) - 201.0 Fair Oaks  (FO2)
Fair Oaks ,Week1,Rolling Valley,Week5,304.0 Fair Oaks - 98.0 Rolling Valley
Dunn Loring,Week4,South Run,Week4,297.0 Dunn Loring - 105.0 South Run
Dunn Loring,Week4,South Run,Week3,278.0 Dunn Loring - 124.0 South Run
Fairfax,Week3,Lee Graham,Week4,220.0 Fairfax - 182.0 Lee Graham
Fair Oaks ,Week5,Rolling Hills,Week1,260.0 Fair Oaks - 142.0 Rolling Hills
Fairfax,Week4,Cottontail,Week1,288.0 Fairfax - 114.0 Cottontail
Fair Oaks ,Week3,South Run,Week4,248.0 Fair Oaks - 154.0 South Run
Fairfax,Week1,Brandywine,Week3,253.0 Fairfax - 149.0 Brandywine
Fairfax,Week2,Brandywine,Week1,282.0 Fairfax - 120.0 Brandywine
Fair Oaks ,Week5,South Run,Week3,251.0 Fair Oaks - 151.0 South Run
Fair Oaks ,Week5,Long Branch,Week3,271.0 Fair Oaks - 131.0 Long Branch
Dunn Loring,Week3,Woodley,Week1,332.0 Dunn Loring - 70.0 Woodley
Fairfax,Week3,Lincolnia Park,Week3,315.0 Fairfax - 77.0 Lincolnia Park
Fair Oaks ,Week4,Long Branch,Week3,267.0 Fair Oaks - 135.0 Long Branch
Dunn Loring,Week3,South Run,Week2,285.0 Dunn Loring - 117.0 South Run
Fairfax,Week4,Cottontail,Week5,274.5 Fairfax - 127.5 Cottontail
Fair Oaks ,Week1,Fairfax,Week1,233.0 Fairfax - 169.0 Fair Oaks
Fairfax,Week3,Lincolnia Park,Week5,329.0 Fairfax - 63.0 Lincolnia Park
Fair Oaks ,Week3,Long Branch,Week3,258.0 Fair Oaks - 144.0 Long Branch
Fair Oaks ,Week5,South Run,Week5,242.0 Fair Oaks - 160.0 South Run
Fair Oaks ,Week2,Rolling Valley,Week1,311.0 Fair Oaks - 91.0 Rolling Valley
Fairfax,Week5,Country Club Hills,Week4,318.0 Fairfax - 84.0 Country Club Hills
Fairfax,Week2,Brandywine,Week4,256.0 Fairfax - 146.0 Brandywine
Fair Oaks ,Week2,Fair Oaks ,Week3,265.0 Fair Oaks  (FO2) - 137.0 Fair Oaks  (FO1)
Dunn Loring,Week4,South Run,Week2,277.0 Dunn Loring - 125.0 South Run
Fair Oaks ,Week5,Somerset-Olde Creek,Week4,336.0 Fair Oaks - 66.0 Somerset-Olde Creek
Fairfax,Week3,Brandywine,Week2,264.0 Fairfax - 138.0 Brandywine
Dunn Loring,Week1,Woodley,Week1,295.0 Dunn Loring - 107.0 Woodley
Fair Oaks ,Week1,Fairfax,Week3,263.5 Fairfax - 138.5 Fair Oaks
Fair Oaks ,Week4,Hunt Valley,Week1,274.0 Hunt Valley - 128.0 Fair Oaks
Fairfax,Week5,Hunt Valley,Week5,209.5 Fairfax - 192.5 Hunt Valley
Dunn Loring,Week2,Woodley,Week3,343.0 Dunn Loring - 59.0 Woodley
Fair Oaks ,Week2,Rolling Valley,Week2,282.0 Fair Oaks - 120.0 Rolling Valley
Fair Oaks ,Week4,Hunt Valley,Week4,284.0 Hunt Valley - 118.0 Fair Oaks
Fair Oaks ,Week1,Springboard,Week1,286.0 Fair Oaks - 116.0 Springboard
Fairfax,Week1,Little Hunting Park,Week2,312.0 Fairfax - 90.0 Little Hunting Park
Fairfax,Week1,Country Club Hills,Week1,287.0 Fairfax - 115.0 Country Club Hills
Fair Oaks ,Week4,Hunt Valley,Week3,283.0 Hunt Valley - 119.0 Fair Oaks
Fair Oaks ,Week5,Rolling Hills,Week3,277.0 Fair Oaks - 125.0 Rolling Hills
Fairfax,Week3,Hunt Valley,Week1,226.0 Fairfax - 176.0 Hunt Valley
Fair Oaks ,Week2,Rolling Valley,Week4,278.0 Fair Oaks - 124.0 Rolling Valley
Fair Oaks ,Week4,Long Branch,Week5,241.0 Fair Oaks - 161.0 Long Branch
Fairfax,Week5,Hunt Valley,Week2,230.0 Fairfax - 172.0 Hunt Valley
Fairfax,Week4,Brandywine,Week1,274.0 Fairfax - 128.0 Brandywine
Fair Oaks ,Week1,Fairfax,Week4,256.0 Fairfax - 146.0 Fair Oaks
Fairfax,Week1,Crosspointe,Week1,210.0 Crosspointe - 192.0 Fairfax
Dunn Loring,Week4,South Run,Week5,254.0 Dunn Loring - 148.0 South Run
Fair Oaks ,Week2,Rolling Valley,Week5,279.0 Fair Oaks - 123.0 Rolling Valley
Fairfax,Week1,Brandywine,Week1,259.0 Fairfax - 143.0 Brandywine
Fair Oaks ,Week3,Fair Oaks ,Week1,211.0 Fair Oaks  (FO1) - 191.0 Fair Oaks  (FO2)
Fairfax,Week2,Little Hunting Park,Week1,324.0 Fairfax - 78.0 Little Hunting Park
Fairfax,Week2,Hunt Valley,Week1,211.0 Fairfax - 191.0 Hunt Valley
Fair Oaks ,Week5,Long Branch,Week5,249.0 Fair Oaks - 153.0 Long Branch
Fair Oaks ,Week4,South Run,Week1,220.0 Fair Oaks - 173.0 South Run
Fair Oaks ,Week5,Long Branch,Week4,275.0 Fair Oaks - 127.0 Long Branch
Dunn Loring,Week3,Woodley,Week3,345.0 Dunn Loring - 57.0 Woodley
Fair Oaks ,Week4,Long Branch,Week2,256.0 Fair Oaks - 146.0 Long Branch
Fair Oaks ,Week2,South Run,Week2,226.0 Fair Oaks - 174.0 South Run
Fairfax,Week2,Brandywine,Week5,241.0 Fairfax - 161.0 Brandywine
Fair Oaks ,Week3,Hunt Valley,Week5,254.0 Hunt Valley - 148.0 Fair Oaks
Fair Oaks ,Week5,Hunt Valley,Week3,242.0 Hunt Valley - 160.0 Fair Oaks
Fairfax,Week2,Hunt Valley,Week3,211.0 Hunt Valley - 191.0 Fairfax
Fairfax,Week2,Country Club Hills,Week1,300.0 Fairfax - 102.0 Country Club Hills
Fairfax,Week1,Country Club Hills,Week2,304.0 Fairfax - 98.0 Country Club Hills
Fairfax,Week3,Little Hunting Park,Week3,337.0 Fairfax - 65.0 Little Hunting Park
Fairfax,Week5,Lincolnia Park,Week5,341.0 Fairfax - 51.0 Lincolnia Park
Fairfax,Week1,Brandywine,Week4,247.0 Fairfax - 155.0 Brandywine
Fair Oaks ,Week3,Hunt Valley,Week2,223.0 Hunt Valley - 179.0 Fair Oaks
Dunn Loring,Week4,Woodley,Week2,331.0 Dunn Loring - 71.0 Woodley
Fair Oaks ,Week1,South Run,Week4,241.0 Fair Oaks - 161.0 South Run
Fair Oaks ,Week2,Rolling Valley,Week3,283.0 Fair Oaks - 119.0 Rolling Valley
Fair Oaks ,Week2,Fairfax,Week1,266.0 Fairfax - 136.0 Fair Oaks
Dunn Loring,Week1,Woodley,Week4,306.0 Dunn Loring - 96.0 Woodley
Dunn Loring,Week3,Woodley,Week2,327.0 Dunn Loring - 75.0 Woodley
Fairfax,Week2,Brandywine,Week3,255.0 Fairfax - 147.0 Brandywine
Fair Oaks ,Week5,Hunt Valley,Week1,230.0 Hunt Valley - 172.0 Fair Oaks
Fair Oaks ,Week3,Rolling Valley,Week1,331.0 Fair Oaks - 71.0 Rolling Valley
Fairfax,Week4,Little Hunting Park,Week4,323.0 Fairfax - 78.0 Little Hunting Park
Dunn Loring,Week3,Woodley,Week4,341.0 Dunn Loring - 61.0 Woodley
Fairfax,Week3,Hunter Mill,Week3,240.0 Fairfax - 162.0 Hunter Mill
Fairfax,Week5,Hunt Valley,Week3,202.0 Fairfax - 200.0 Hunt Valley
Fair Oaks ,Week5,Somerset-Olde Creek,Week5,309.0 Fair Oaks - 93.0 Somerset-Olde Creek
Fair Oaks ,Week2,South Run,Week1,207.0 Fair Oaks - 186.0 South Run
Fair Oaks ,Week1,Rolling Valley,Week4,296.0 Fair Oaks - 106.0 Rolling Valley
Fair Oaks ,Week1,Mansion House,Week1,219.0 Mansion House - 183.0 Fair Oaks
Fairfax,Week1,Little Hunting Park,Week5,268.0 Fairfax - 133.0 Little Hunting Park
Fairfax,Week5,Country Club Hills,Week1,314.0 Fairfax - 88.0 Country Club Hills
Fair Oaks ,Week2,Fair Oaks ,Week2,200.0 Fair Oaks  (FO1) - 200.0 Fair Oaks  (FO2)
Fair Oaks ,Week5,Hunt Valley,Week4,235.0 Hunt Valley - 167.0 Fair Oaks
Fair Oaks ,Week3,Long Branch,Week5,249.5 Fair Oaks - 152.5 Long Branch
Fairfax,Week3,Brandywine,Week1,284.0 Fairfax - 118.0 Brandywine
Fair Oaks ,Week2,Fairfax,Week3,279.0 Fairfax - 123.0 Fair Oaks
Fair Oaks ,Week3,Hunt Valley,Week4,247.0 Hunt Valley - 155.0 Fair Oaks
Fair Oaks ,Week5,Long Branch,Week2,261.0 Fair Oaks - 141.0 Long Branch
Fair Oaks ,Week2,Fair Oaks ,Week5,279.0 Fair Oaks  (FO2) - 123.0 Fair Oaks  (FO1)
Fairfax,Week4,Little Hunting Park,Week1,330.0 Fairfax - 68.0 Little Hunting Park
Fair Oaks ,Week3,South Run,Week1,236.0 Fair Oaks - 157.0 South Run
Fairfax,Week3,Hunt Valley,Week5,204.0 Fairfax - 198.0 Hunt Valley
Dunn Loring,Week2,Woodley,Week4,338.0 Dunn Loring - 64.0 Woodley
Dunn Loring,Week5,Waynewood,Week3,237.0 Dunn Loring - 165.0 Waynewood
Fairfax,Week2,Country Club Hills,Week5,281.0 Fairfax - 121.0 Country Club Hills
Fair Oaks ,Week1,Hunter Mill,Week2,229.0 Hunter Mill - 173.0 Fair Oaks
Fairfax,Week1,Country Club Hills,Week5,257.0 Fairfax - 145.0 Country Club Hills
Fairfax,Week1,Country Club Hills,Week4,281.5 Fairfax - 120.5 Country Club Hills
Fair Oaks ,Week3,Fair Oaks ,Week5,225.0 Fair Oaks  (FO2) - 177.0 Fair Oaks  (FO1)
Fairfax,Week1,Hunt Valley,Week5,219.0 Hunt Valley - 183.0 Fairfax
Dunn Loring,Week5,Waynewood,Week4,250.0 Dunn Loring - 152.0 Waynewood
Fairfax,Week3,Brandywine,Week3,264.0 Fairfax - 138.0 Brandywine
Fair Oaks ,Week1,Mansion House,Week2,208.0 Mansion House - 194.0 Fair Oaks
Fairfax,Week3,Brandywine,Week4,262.0 Fairfax - 140.0 Brandywine
Fairfax,Week5,Little Hunting Park,Week4,342.0 Fairfax - 59.0 Little Hunting Park
Fair Oaks ,Week1,South Run,Week3,241.0 Fair Oaks - 161.0 South Run
Fairfax,Week4,Country Club Hills,Week3,298.0 Fairfax - 104.0 Country Club Hills
Fair Oaks ,Week5,Fair Oaks ,Week1,222.0 Fair Oaks  (FO1) - 180.0 Fair Oaks  (FO2)
Fairfax,Week4,Brandywine,Week3,257.0 Fairfax - 145.0 Brandywine
Fairfax,Week2,Hunt Valley,Week2,209.5 Fairfax - 192.5 Hunt Valley
Dunn Loring,Week4,Woodley,Week1,334.0 Dunn Loring - 68.0 Woodley
Fairfax,Week5,Lincolnia Park,Week4,356.0 Fairfax - 45.0 Lincolnia Park
Fair Oaks ,Week3,Hunter Mill,Week1,221.0 Hunter Mill - 181.0 Fair Oaks
Fairfax,Week1,Crosspointe,Week2,215.0 Fairfax - 187.0 Crosspointe
Fair Oaks ,Week2,Mansion House,Week3,251.0 Mansion House - 151.0 Fair Oaks
Fair Oaks ,Week2,South Run,Week4,225.0 Fair Oaks - 175.0 South Run
Fair Oaks ,Week2,Mansion House,Week2,228.0 Mansion House - 174.0 Fair Oaks
Fair Oaks ,Week1,South Run,Week2,235.0 Fair Oaks - 167.0 South Run
Fairfax,Week2,Country Club Hills,Week3,294.0 Fairfax - 108.0 Country Club Hills
Fair Oaks ,Week4,Fair Oaks ,Week4,200.0 Fair Oaks  (FO1) - 200.0 Fair Oaks  (FO2)
Dunn Loring,Week4,Woodley,Week5,332.0 Dunn Loring - 70.0 Woodley
Fair Oaks ,Week2,Mansion House,Week1,254.0 Mansion House - 148.0 Fair Oaks
Fair Oaks ,Week4,Fair Oaks ,Week2,224.0 Fair Oaks  (FO1) - 177.0 Fair Oaks  (FO2)
Fairfax,Week4,Lincolnia Park,Week2,347.0 Fairfax - 45.0 Lincolnia Park
Fairfax,Week3,Brandywine,Week5,247.0 Fairfax - 155.0 Brandywine
Fair Oaks ,Week2,Hunter Mill,Week3,264.0 Hunter Mill - 138.0 Fair Oaks
Fairfax,Week4,Hunt Valley,Week5,215.0 Hunt Valley - 187.0 Fairfax
Dunn Loring,Week4,Woodley,Week3,352.0 Dunn Loring - 50.0 Woodley
Fairfax,Week2,Brandywine,Week2,271.0 Fairfax - 131.0 Brandywine
Fair Oaks ,Week3,Mansion House,Week2,204.0 Mansion House - 198.0 Fair Oaks
Fair Oaks ,Week4,Ilda Community,Week5,289.0 Fair Oaks - 113.0 Ilda Community
Fairfax,Week4,Country Club Hills,Week5,286.0 Fairfax - 116.0 Country Club Hills
Fair Oaks ,Week4,Ilda Community,Week1,294.5 Fair Oaks - 107.5 Ilda Community
Dunn Loring,Week5,Vienna Woods,Week3,242.0 Vienna Woods - 160.0 Dunn Loring
Fairfax,Week3,Country Club Hills,Week1,304.0 Fairfax - 98.0 Country Club Hills
Fairfax,Week1,Hunter Mill,Week5,214.0 Hunter Mill - 188.0 Fairfax
Fair Oaks ,Week4,Fair Oaks ,Week3,258.0 Fair Oaks  (FO2) - 144.0 Fair Oaks  (FO1)
Fair Oaks ,Week5,Springboard,Week4,299.0 Fair Oaks - 103.0 Springboard
Fairfax,Week2,Country Club Hills,Week2,307.0 Fairfax - 95.0 Country Club Hills
Fairfax,Week2,Little Hunting Park,Week4,327.0 Fairfax - 75.0 Little Hunting Park
Fair Oaks ,Week5,South Run,Week1,233.0 Fair Oaks - 160.0 South Run
Fair Oaks ,Week3,Fair Oaks ,Week3,201.0 Fair Oaks  (FO1) - 201.0 Fair Oaks  (FO2)
Fair Oaks ,Week4,Fair Oaks ,Week1,216.0 Fair Oaks  (FO2) - 186.0 Fair Oaks  (FO1)
Fairfax,Week1,Hunter Mill,Week4,216.0 Fairfax - 186.0 Hunter Mill
Dunn Loring,Week5,Woodley,Week4,342.0 Dunn Loring - 60.0 Woodley
Fair Oaks ,Week2,Mansion House,Week5,257.0 Mansion House - 145.0 Fair Oaks
Fair Oaks ,Week1,Springfield,Week4,363.0 Fair Oaks - 38.0 Springfield
Fairfax,Week5,Lincolnia Park,Week2,364.0 Fairfax - 28.0 Lincolnia Park
Fair Oaks ,Week3,Ilda Community,Week4,282.0 Fair Oaks - 120.0 Ilda Community
Fair Oaks ,Week4,Hunter Mill,Week2,234.0 Hunter Mill - 168.0 Fair Oaks
Fairfax,Week2,Hunt Valley,Week5,210.0 Hunt Valley - 192.0 Fairfax
Fairfax,Week3,Hunt Valley,Week3,208.0 Hunt Valley - 194.0 Fairfax
Fairfax,Week4,Brandywine,Week2,253.0 Fairfax - 149.0 Brandywine
Fair Oaks ,Week1,Mansion House,Week5,217.0 Mansion House - 185.0 Fair Oaks
Fair Oaks ,Week5,Fair Oaks ,Week2,279.0 Fair Oaks  (FO1) - 123.0 Fair Oaks  (FO2)
Fair Oaks ,Week3,Fair Oaks ,Week4,258.0 Fair Oaks  (FO1) - 144.0 Fair Oaks  (FO2)
Fair Oaks ,Week3,Hunter Mill,Week4,244.0 Hunter Mill - 158.0 Fair Oaks
Fairfax,Week1,Little Hunting Park,Week1,314.0 Fairfax - 88.0 Little Hunting Park
Dunn Loring,Week3,Vienna Woods,Week3,238.0 Vienna Woods - 164.0 Dunn Loring
Fair Oaks ,Week3,South Run,Week2,251.0 Fair Oaks - 151.0 South Run
Fair Oaks ,Week3,Mansion House,Week1,223.0 Mansion House - 179.0 Fair Oaks
Fairfax,Week3,Country Club Hills,Week2,301.0 Fairfax - 101.0 Country Club Hills
Fairfax,Week1,Little Hunting Park,Week4,312.0 Fairfax - 90.0 Little Hunting Park
Fair Oaks ,Week3,South Run,Week5,232.0 Fair Oaks - 170.0 South Run
Fairfax,Week3,Little Hunting Park,Week4,330.0 Fairfax - 71.0 Little Hunting Park
Fairfax,Week1,Hunter Mill,Week2,209.0 Fairfax - 193.0 Hunter Mill
Dunn Loring,Week5,Woodley,Week3,343.0 Dunn Loring - 59.0 Woodley
Fair Oaks ,Week3,Mansion House,Week4,201.0 Fair Oaks - 201.0 Mansion House
Fairfax,Week1,Country Club Hills,Week3,286.0 Fairfax - 116.0 Country Club Hills
Fairfax,Week4,Hunt Valley,Week3,216.0 Hunt Valley - 186.0 Fairfax
Fair Oaks ,Week4,Hunter Mill,Week5,259.0 Hunter Mill - 143.0 Fair Oaks
Fair Oaks ,Week4,Mansion House,Week1,239.5 Mansion House - 162.5 Fair Oaks
Fairfax,Week5,Little Hunting Park,Week1,347.0 Fairfax - 51.0 Little Hunting Park
Fair Oaks ,Week5,Hunter Mill,Week5,238.0 Hunter Mill - 164.0 Fair Oaks
Fairfax,Week2,Hunt Valley,Week4,205.0 Hunt Valley - 197.0 Fairfax
Dunn Loring,Week1,Villa Aquatic,Week4,237.0 Dunn Loring - 165.0 Villa Aquatic
Fairfax,Week3,Country Club Hills,Week3,305.0 Fairfax - 97.0 Country Club Hills
Fairfax,Week2,Little Hunting Park,Week2,313.0 Fairfax - 89.0 Little Hunting Park
Fairfax,Week4,Little Hunting Park,Week2,319.5 Fairfax - 81.5 Little Hunting Park
Fairfax,Week5,Hunt Valley,Week1,224.0 Fairfax - 178.0 Hunt Valley
Fair Oaks ,Week5,Ilda Community,Week3,304.0 Fair Oaks - 98.0 Ilda Community
Dunn Loring,Week3,Vienna Woods,Week4,208.0 Vienna Woods - 194.0 Dunn Loring
Fairfax,Week2,Country Club Hills,Week4,305.0 Fairfax - 97.0 Country Club Hills
Fair Oaks ,Week5,Springboard,Week1,290.0 Fair Oaks - 111.0 Springboard
Fair Oaks ,Week5,Fair Oaks ,Week4,270.0 Fair Oaks  (FO1) - 132.0 Fair Oaks  (FO2)
Fair Oaks ,Week3,Fair Oaks ,Week2,265.0 Fair Oaks  (FO1) - 137.0 Fair Oaks  (FO2)
Dunn Loring,Week2,Vienna Woods,Week5,268.0 Vienna Woods - 134.0 Dunn Loring
Fair Oaks ,Week1,Springboard,Week5,271.0 Fair Oaks - 131.0 Springboard
Dunn Loring,Week4,Vienna Woods,Week1,249.0 Vienna Woods - 153.0 Dunn Loring
Fair Oaks ,Week2,Fair Oaks ,Week1,245.0 Fair Oaks  (FO2) - 157.0 Fair Oaks  (FO1)
Fair Oaks ,Week4,Ilda Community,Week4,279.0 Fair Oaks - 123.0 Ilda Community
Fair Oaks ,Week4,Mansion House,Week4,203.0 Mansion House - 199.0 Fair Oaks
Fair Oaks ,Week2,Springfield,Week3,361.0 Fair Oaks - 36.0 Springfield
Fairfax,Week5,Little Hunting Park,Week3,338.0 Fairfax - 64.0 Little Hunting Park
Fair Oaks ,Week4,Mansion House,Week3,237.0 Mansion House - 165.0 Fair Oaks
Fair Oaks ,Week2,Ilda Community,Week5,275.0 Fair Oaks - 127.0 Ilda Community
Dunn Loring,Week1,Villa Aquatic,Week3,209.0 Dunn Loring - 193.0 Villa Aquatic
Fairfax,Week3,Country Club Hills,Week5,281.0 Fairfax - 121.0 Country Club Hills
Fairfax,Week2,Hunter Mill,Week3,239.0 Fairfax - 163.0 Hunter Mill
Fairfax,Week1,Little Hunting Park,Week3,318.0 Fairfax - 84.0 Little Hunting Park
Fairfax,Week5,Cottontail,Week5,291.0 Fairfax - 111.0 Cottontail
Fair Oaks ,Week4,Mansion House,Week2,220.5 Mansion House - 181.5 Fair Oaks
Fairfax,Week2,Hunter Mill,Week2,244.0 Fairfax - 158.0 Hunter Mill
Fair Oaks ,Week2,Springboard,Week3,250.0 Fair Oaks - 151.0 Springboard
Fair Oaks ,Week3,Springboard,Week3,291.0 Fair Oaks - 111.0 Springboard
Fair Oaks ,Week1,Fairfax,Week5,290.0 Fairfax - 112.0 Fair Oaks
Fairfax,Week4,Little Hunting Park,Week5,284.0 Fairfax - 118.0 Little Hunting Park
Fairfax,Week4,Lincolnia Park,Week5,328.0 Fairfax - 64.0 Lincolnia Park
Dunn Loring,Week5,Vienna Woods,Week2,227.0 Vienna Woods - 175.0 Dunn Loring
Fairfax,Week4,Country Club Hills,Week2,298.0 Fairfax - 104.0 Country Club Hills
Fair Oaks ,Week5,Mantua,Week2,204.0 Fair Oaks - 198.0 Mantua
Fair Oaks ,Week3,Springfield,Week2,366.0 Fair Oaks - 36.0 Springfield
Dunn Loring,Week3,Vienna Woods,Week5,274.0 Vienna Woods - 128.0 Dunn Loring
Fair Oaks ,Week3,Fairfax,Week1,232.0 Fairfax - 170.0 Fair Oaks
Fair Oaks ,Week2,Fairfax,Week2,278.0 Fairfax - 124.0 Fair Oaks
Fair Oaks ,Week4,Ilda Community,Week2,298.0 Fair Oaks - 104.0 Ilda Community
Fair Oaks ,Week1,Springboard,Week4,283.0 Fair Oaks - 119.0 Springboard
Fair Oaks ,Week2,Fairfax,Week5,310.0 Fairfax - 92.0 Fair Oaks
Fairfax,Week3,Country Club Hills,Week4,298.0 Fairfax - 104.0 Country Club Hills
Fairfax,Week4,Hunt Valley,Week2,203.0 Fairfax - 199.0 Hunt Valley
Fairfax,Week4,Country Club Hills,Week1,302.0 Fairfax - 100.0 Country Club Hills
Fair Oaks ,Week5,Ilda Community,Week4,297.0 Fair Oaks - 105.0 Ilda Community
Fair Oaks ,Week5,Mansion House,Week2,205.0 Mansion House - 197.0 Fair Oaks
Fair Oaks ,Week4,Mantua,Week5,261.5 Mantua - 140.5 Fair Oaks
Dunn Loring,Week4,Vienna Woods,Week5,274.0 Vienna Woods - 128.0 Dunn Loring
Fair Oaks ,Week5,Springboard,Week5,286.0 Fair Oaks - 115.0 Springboard
Fair Oaks ,Week5,Hunter Mill,Week1,210.0 Hunter Mill - 192.0 Fair Oaks
Fairfax,Week3,Hunt Valley,Week4,208.0 Fairfax - 194.0 Hunt Valley
Fair Oaks ,Week1,Ilda Community,Week4,290.0 Fair Oaks - 112.0 Ilda Community
Fairfax,Week4,Country Club Hills,Week4,306.0 Fairfax - 96.0 Country Club Hills
Dunn Loring,Week2,Villa Aquatic,Week1,305.0 Dunn Loring - 97.0 Villa Aquatic
Fairfax,Week4,Lincolnia Park,Week3,328.0 Fairfax - 64.0 Lincolnia Park
Fair Oaks ,Week5,Mansion House,Week1,210.0 Mansion House - 192.0 Fair Oaks
Dunn Loring,Week4,Vienna Woods,Week4,220.0 Vienna Woods - 182.0 Dunn Loring
Fairfax,Week5,Country Club Hills,Week2,321.0 Fairfax - 81.0 Country Club Hills
Fairfax,Week5,Lincolnia Park,Week3,346.0 Fairfax - 46.0 Lincolnia Park
Fair Oaks ,Week2,Mantua,Week4,259.0 Mantua - 143.0 Fair Oaks
Fair Oaks ,Week3,Mantua,Week2,209.0 Mantua - 193.0 Fair Oaks
Fairfax,Week5,Country Club Hills,Week5,300.0 Fairfax - 102.0 Country Club Hills
Fair Oaks ,Week5,Cottontail,Week3,252.5 Fair Oaks - 149.5 Cottontail
Dunn Loring,Week1,Villa Aquatic,Week5,228.5 Dunn Loring - 173.5 Villa Aquatic
Fairfax,Week4,Hunt Valley,Week1,204.0 Hunt Valley - 198.0 Fairfax
Fair Oaks ,Week3,Mantua,Week3,258.0 Mantua - 144.0 Fair Oaks
Fairfax,Week5,Lincolnia Park,Week1,359.0 Fairfax - 43.0 Lincolnia Park
Fair Oaks ,Week1,McLean,Week1,266.0 McLean - 136.0 Fair Oaks
Fair Oaks ,Week5,Hunter Mill,Week2,205.5 Hunter Mill - 196.5 Fair Oaks
Fair Oaks ,Week2,Springboard,Week4,258.0 Fair Oaks - 144.0 Springboard
Fairfax,Week4,Hunt Valley,Week4,211.0 Hunt Valley - 191.0 Fairfax
Fair Oaks ,Week3,Country Club Hills,Week3,255.0 Fair Oaks - 147.0 Country Club Hills
Fair Oaks ,Week5,Hunter Mill,Week3,217.0 Hunter Mill - 185.0 Fair Oaks
Fairfax,Week3,Hunt Valley,Week2,216.0 Fairfax - 186.0 Hunt Valley
Fair Oaks ,Week4,Springboard,Week1,278.0 Fair Oaks - 123.0 Springboard
Fair Oaks ,Week3,Springboard,Week1,294.0 Fair Oaks - 108.0 Springboard
Dunn Loring,Week5,Vienna Woods,Week5,258.0 Vienna Woods - 144.0 Dunn Loring
Dunn Loring,Week4,Vienna Woods,Week2,243.5 Vienna Woods - 158.5 Dunn Loring
Fair Oaks ,Week5,Country Club Hills,Week3,262.0 Fair Oaks - 140.0 Country Club Hills
Fair Oaks ,Week2,Country Club Hills,Week2,213.0 Fair Oaks - 189.0 Country Club Hills
Fair Oaks ,Week2,Springboard,Week5,245.0 Fair Oaks - 156.0 Springboard
Fairfax,Week5,Hunt Valley,Week4,210.0 Fairfax - 192.0 Hunt Valley
Fair Oaks ,Week1,Ilda Community,Week5,294.0 Fair Oaks - 108.0 Ilda Community
Fair Oaks ,Week4,Springboard,Week2,303.0 Fair Oaks - 98.0 Springboard
Fair Oaks ,Week1,Ilda Community,Week3,292.0 Fair Oaks - 110.0 Ilda Community
Fair Oaks ,Week3,Country Club Hills,Week2,256.0 Fair Oaks - 146.0 Country Club Hills
Fairfax,Week1,Hunter Mill,Week1,227.0 Fairfax - 175.0 Hunter Mill
Fairfax,Week5,Country Club Hills,Week3,320.0 Fairfax - 82.0 Country Club Hills
Fairfax,Week4,Lincolnia Park,Week4,343.0 Fairfax - 58.0 Lincolnia Park
Fairfax,Week3,Little Hunting Park,Week2,327.0 Fairfax - 74.0 Little Hunting Park
Fairfax,Week3,Little Hunting Park,Week1,331.0 Fairfax - 67.0 Little Hunting Park
Fair Oaks ,Week2,Ilda Community,Week1,281.0 Fair Oaks - 121.0 Ilda Community
Fairfax,Week4,Crosspointe,Week2,208.0 Fairfax - 194.0 Crosspointe
Fairfax,Week1,Hunter Mill,Week3,208.0 Fairfax - 194.0 Hunter Mill
Fairfax,Week2,Hunter Mill,Week4,230.0 Fairfax - 172.0 Hunter Mill
Fairfax,Week3,Little Hunting Park,Week5,306.5 Fairfax - 95.5 Little Hunting Park
Fairfax,Week2,Little Hunting Park,Week3,325.0 Fairfax - 77.0 Little Hunting Park
Dunn Loring,Week3,Vienna Woods,Week1,228.0 Vienna Woods - 174.0 Dunn Loring
Fair Oaks ,Week4,Springboard,Week5,265.0 Fair Oaks - 136.0 Springboard
Fair Oaks ,Week1,Crosspointe,Week2,234.0 Crosspointe - 168.0 Fair Oaks
Fair Oaks ,Week1,Springfield,Week1,369.0 Fair Oaks - 32.0 Springfield
Fairfax,Week1,Daventry,Week2,353.0 Fairfax - 49.0 Daventry
Dunn Loring,Week3,Vienna Woods,Week2,221.0 Vienna Woods - 181.0 Dunn Loring
Dunn Loring,Week5,Vienna Woods,Week1,231.0 Vienna Woods - 171.0 Dunn Loring
Fair Oaks ,Week1,Crosspointe,Week4,239.0 Crosspointe - 163.0 Fair Oaks
Fair Oaks ,Week5,Mansion House,Week4,223.0 Fair Oaks - 179.0 Mansion House
Fairfax,Week3,Crosspointe,Week3,211.0 Fairfax - 191.0 Crosspointe
Dunn Loring,Week1,Villa Aquatic,Week1,253.0 Dunn Loring - 149.0 Villa Aquatic
Fair Oaks ,Week2,Ilda Community,Week2,273.0 Fair Oaks - 129.0 Ilda Community
Fairfax,Week2,Daventry,Week2,357.0 Fairfax - 45.0 Daventry
Fairfax,Week2,Hunter Mill,Week1,243.0 Fairfax - 159.0 Hunter Mill
Fair Oaks ,Week2,Mantua,Week2,234.0 Mantua - 168.0 Fair Oaks
Dunn Loring,Week5,Vienna Woods,Week4,202.0 Vienna Woods - 200.0 Dunn Loring
Fair Oaks ,Week5,Springboard,Week2,318.5 Fair Oaks - 82.5 Springboard
Fairfax,Week2,Hunter Mill,Week5,201.0 Fairfax - 201.0 Hunter Mill
Fair Oaks ,Week2,Springboard,Week1,259.0 Fair Oaks - 142.0 Springboard
Fair Oaks ,Week2,Ilda Community,Week4,255.0 Fair Oaks - 147.0 Ilda Community
Fair Oaks ,Week1,Ilda Community,Week2,300.0 Fair Oaks - 102.0 Ilda Community
Fair Oaks ,Week5,Cottontail,Week2,248.0 Fair Oaks - 154.0 Cottontail
Fairfax,Week2,Little Hunting Park,Week5,293.0 Fairfax - 109.0 Little Hunting Park
Fair Oaks ,Week4,Country Club Hills,Week4,230.0 Fair Oaks - 172.0 Country Club Hills
Fair Oaks ,Week5,Mansion House,Week3,207.0 Mansion House - 195.0 Fair Oaks
Fairfax,Week3,Hunter Mill,Week1,241.0 Fairfax - 161.0 Hunter Mill
Fair Oaks ,Week3,Mantua,Week4,231.0 Mantua - 171.0 Fair Oaks
Fair Oaks ,Week4,Country Club Hills,Week3,238.0 Fair Oaks - 164.0 Country Club Hills
Fairfax,Week2,Crosspointe,Week5,203.0 Fairfax - 199.0 Crosspointe
Fairfax,Week4,Little Hunting Park,Week3,323.0 Fairfax - 79.0 Little Hunting Park
Fairfax,Week5,Crosspointe,Week1,213.0 Fairfax - 189.0 Crosspointe
Fair Oaks ,Week1,Mantua,Week4,241.0 Mantua - 161.0 Fair Oaks
Fairfax,Week3,Hunter Mill,Week2,247.0 Fairfax - 155.0 Hunter Mill
Fairfax,Week4,Hunter Mill,Week1,230.0 Fairfax - 172.0 Hunter Mill
Fair Oaks ,Week3,Mantua,Week5,248.0 Mantua - 154.0 Fair Oaks
Fair Oaks ,Week1,Springfield,Week3,370.0 Fair Oaks - 31.0 Springfield
Fairfax,Week2,Crosspointe,Week3,203.0 Fairfax - 199.0 Crosspointe
Fair Oaks ,Week3,Ilda Community,Week1,298.0 Fair Oaks - 103.0 Ilda Community
Fair Oaks ,Week2,Mantua,Week3,281.0 Mantua - 121.0 Fair Oaks
Dunn Loring,Week2,Villa Aquatic,Week2,295.0 Dunn Loring - 107.0 Villa Aquatic
Fair Oaks ,Week1,Country Club Hills,Week1,244.0 Fair Oaks - 158.0 Country Club Hills
Dunn Loring,Week1,Villa Aquatic,Week2,248.0 Dunn Loring - 154.0 Villa Aquatic
Fair Oaks ,Week2,Ilda Community,Week3,264.0 Fair Oaks - 138.0 Ilda Community
Fairfax,Week3,Ilda Community,Week1,334.0 Fairfax - 67.0 Ilda Community
Fairfax,Week1,Little Rocky Run,Week2,213.0 Fairfax - 189.0 Little Rocky Run
Fair Oaks ,Week5,Cottontail,Week4,263.0 Fair Oaks - 139.0 Cottontail
Fair Oaks ,Week5,Hunter Mill,Week4,226.0 Hunter Mill - 176.0 Fair Oaks
Fair Oaks ,Week4,Springboard,Week3,283.0 Fair Oaks - 118.0 Springboard
Fair Oaks ,Week1,Mantua,Week2,221.0 Mantua - 181.0 Fair Oaks
Fair Oaks ,Week3,Springboard,Week5,286.0 Fair Oaks - 116.0 Springboard
Fairfax,Week5,Little Hunting Park,Week2,335.0 Fairfax - 66.0 Little Hunting Park
Fair Oaks ,Week1,Country Club Hills,Week3,254.0 Fair Oaks - 148.0 Country Club Hills
Fairfax,Week2,Crosspointe,Week2,219.0 Fairfax - 183.0 Crosspointe
Fairfax,Week2,Little Rocky Run,Week5,208.0 Little Rocky Run - 194.0 Fairfax
Fair Oaks ,Week1,Springfield,Week2,369.0 Fair Oaks - 32.0 Springfield
Fair Oaks ,Week4,Mantua,Week3,272.0 Mantua - 130.0 Fair Oaks
Fair Oaks ,Week4,Mansion House,Week5,255.0 Mansion House - 147.0 Fair Oaks
Fairfax,Week3,Hunter Mill,Week5,209.0 Fairfax - 193.0 Hunter Mill
Fair Oaks ,Week1,Country Club Hills,Week5,222.0 Fair Oaks - 180.0 Country Club Hills
Fairfax,Week1,Long Branch,Week4,283.0 Fairfax - 119.0 Long Branch
Fair Oaks ,Week1,Country Club Hills,Week4,248.0 Fair Oaks - 154.0 Country Club Hills
Fair Oaks ,Week4,Mantua,Week4,238.0 Mantua - 164.0 Fair Oaks
Fair Oaks ,Week3,Ilda Community,Week5,295.0 Fair Oaks - 106.0 Ilda Community
Fairfax,Week5,Crosspointe,Week2,227.0 Fairfax - 175.0 Crosspointe
Fair Oaks ,Week4,Hunter Mill,Week4,248.0 Hunter Mill - 154.0 Fair Oaks
Fair Oaks ,Week3,Springboard,Week2,317.0 Fair Oaks - 85.0 Springboard
Fair Oaks ,Week2,Springboard,Week2,272.0 Fair Oaks - 129.0 Springboard
Fairfax,Week2,Little Rocky Run,Week2,228.0 Fairfax - 174.0 Little Rocky Run
Fair Oaks ,Week4,Springboard,Week4,277.0 Fair Oaks - 125.0 Springboard
Fairfax,Week4,Ilda Community,Week2,345.0 Fairfax - 57.0 Ilda Community
Fair Oaks ,Week2,Mantua,Week1,250.0 Mantua - 152.0 Fair Oaks
Fairfax,Week5,Hunter Mill,Week2,261.0 Fairfax - 141.0 Hunter Mill
Fair Oaks ,Week5,Cottontail,Week5,236.0 Fair Oaks - 166.0 Cottontail
Fair Oaks ,Week5,Springboard,Week3,299.0 Fair Oaks - 102.0 Springboard
Fair Oaks ,Week1,Ilda Community,Week1,296.0 Fair Oaks - 106.0 Ilda Community
Fairfax,Week1,Little Rocky Run,Week5,239.5 Little Rocky Run - 162.5 Fairfax
Fair Oaks ,Week3,Springboard,Week4,294.0 Fair Oaks - 108.0 Springboard
Fairfax,Week2,Ilda Community,Week1,332.0 Fairfax - 70.0 Ilda Community
Fairfax,Week5,Crosspointe,Week5,203.5 Crosspointe - 198.5 Fairfax
Fairfax,Week2,Long Branch,Week1,303.0 Fairfax - 99.0 Long Branch
Fairfax,Week2,Crosspointe,Week4,209.0 Fairfax - 193.0 Crosspointe
Fair Oaks ,Week3,Ilda Community,Week3,302.0 Fair Oaks - 100.0 Ilda Community
Fair Oaks ,Week2,Country Club Hills,Week5,221.0 Country Club Hills - 181.0 Fair Oaks
Fairfax,Week3,Crosspointe,Week2,214.0 Fairfax - 188.0 Crosspointe
Fair Oaks ,Week2,Country Club Hills,Week1,216.0 Fair Oaks - 186.0 Country Club Hills
Fair Oaks ,Week4,Ilda Community,Week3,292.0 Fair Oaks - 110.0 Ilda Community
Fairfax,Week1,Crosspointe,Week5,213.0 Crosspointe - 189.0 Fairfax
Fairfax,Week5,Crosspointe,Week4,212.0 Fairfax - 190.0 Crosspointe
Dunn Loring,Week4,Vienna Woods,Week3,261.0 Vienna Woods - 141.0 Dunn Loring
Fair Oaks ,Week4,Mantua,Week1,244.0 Mantua - 158.0 Fair Oaks
Fairfax,Week5,Hunter Mill,Week5,226.0 Fairfax - 176.0 Hunter Mill
Fair Oaks ,Week3,Ilda Community,Week2,304.0 Fair Oaks - 98.0 Ilda Community
Fairfax,Week2,Little Rocky Run,Week1,229.0 Fairfax - 173.0 Little Rocky Run
Fair Oaks ,Week4,Country Club Hills,Week2,247.0 Fair Oaks - 155.0 Country Club Hills
Fairfax,Week4,Little Rocky Run,Week1,222.0 Fairfax - 180.0 Little Rocky Run
Fairfax,Week4,Hunter Mill,Week4,226.0 Fairfax - 176.0 Hunter Mill
Fair Oaks ,Week2,Springfield,Week1,357.0 Fair Oaks - 43.0 Springfield
Fair Oaks ,Week1,Country Club Hills,Week2,262.0 Fair Oaks - 140.0 Country Club Hills
Fair Oaks ,Week2,Springfield,Week5,362.0 Fair Oaks - 39.0 Springfield
Fair Oaks ,Week2,Mantua,Week5,271.0 Mantua - 131.0 Fair Oaks
Fair Oaks ,Week3,Mantua,Week1,224.0 Mantua - 178.0 Fair Oaks
Fairfax,Week4,Hunter Mill,Week3,235.0 Fairfax - 167.0 Hunter Mill
Fair Oaks ,Week3,Country Club Hills,Week1,248.0 Fair Oaks - 154.0 Country Club Hills
Fair Oaks ,Week4,Fox Mill Estates,Week4,228.0 Fair Oaks - 174.0 Fox Mill Estates
Fair Oaks ,Week3,Fox Mill Estates,Week3,241.0 Fair Oaks - 161.0 Fox Mill Estates
Fairfax,Week3,Little Rocky Run,Week2,225.0 Fairfax - 177.0 Little Rocky Run
Fairfax,Week5,Hunter Mill,Week3,252.0 Fairfax - 150.0 Hunter Mill
Fairfax,Week3,Crosspointe,Week5,205.0 Fairfax - 197.0 Crosspointe
Fair Oaks ,Week4,Country Club Hills,Week1,244.0 Fair Oaks - 158.0 Country Club Hills
Fair Oaks ,Week1,Mantua,Week3,252.0 Mantua - 150.0 Fair Oaks
Fairfax,Week1,Little Rocky Run,Week3,224.0 Little Rocky Run - 178.0 Fairfax
Fairfax,Week1,Daventry,Week3,349.0 Fairfax - 53.0 Daventry
Fairfax,Week4,Hunter Mill,Week2,244.0 Fairfax - 158.0 Hunter Mill
Fairfax,Week1,Little Rocky Run,Week1,203.0 Little Rocky Run - 199.0 Fairfax
Fairfax,Week2,Little Rocky Run,Week4,206.0 Fairfax - 196.0 Little Rocky Run
Fairfax,Week1,Ilda Community,Week3,310.0 Fairfax - 92.0 Ilda Community
Fair Oaks ,Week5,Ilda Community,Week2,308.0 Fair Oaks - 94.0 Ilda Community
Fairfax,Week1,Daventry,Week4,347.0 Fairfax - 55.0 Daventry
Fair Oaks ,Week1,Springfield,Week5,370.0 Fair Oaks - 30.0 Springfield
Fair Oaks ,Week1,Mantua,Week5,249.0 Mantua - 153.0 Fair Oaks
Fair Oaks ,Week1,Mantua,Week1,213.0 Mantua - 189.0 Fair Oaks
Fairfax,Week3,Crosspointe,Week1,208.0 Fairfax - 194.0 Crosspointe
Fair Oaks ,Week5,Ilda Community,Week1,302.5 Fair Oaks - 99.5 Ilda Community
Fair Oaks ,Week2,Springfield,Week4,343.0 Fair Oaks - 56.0 Springfield
Fair Oaks ,Week2,Country Club Hills,Week3,219.0 Fair Oaks - 183.0 Country Club Hills
Fairfax,Week5,Hunter Mill,Week1,272.0 Fairfax - 130.0 Hunter Mill
Fairfax,Week4,Little Rocky Run,Week2,214.0 Fairfax - 188.0 Little Rocky Run
Fair Oaks ,Week2,Springfield,Week2,359.0 Fair Oaks - 40.0 Springfield
Fairfax,Week2,Crosspointe,Week1,204.0 Fairfax - 198.0 Crosspointe
Fair Oaks ,Week5,Fox Mill Estates,Week2,254.0 Fair Oaks - 148.0 Fox Mill Estates
Fair Oaks ,Week5,Mansion House,Week5,211.0 Mansion House - 191.0 Fair Oaks
Fair Oaks ,Week4,Country Club Hills,Week5,202.0 Fair Oaks - 200.0 Country Club Hills
Fairfax,Week4,Crosspointe,Week5,213.0 Crosspointe - 189.0 Fairfax
Fair Oaks ,Week5,Fox Hunt,Week5,216.0 Fair Oaks - 186.0 Fox Hunt
Fairfax,Week3,Little Rocky Run,Week5,203.0 Little Rocky Run - 199.0 Fairfax
Fair Oaks ,Week2,Country Club Hills,Week4,208.5 Fair Oaks - 193.5 Country Club Hills
Fairfax,Week3,Little Rocky Run,Week3,206.0 Little Rocky Run - 196.0 Fairfax
Fair Oaks ,Week5,Mantua,Week1,208.0 Mantua - 194.0 Fair Oaks
Fair Oaks ,Week1,Stratford,Week1,277.0 Fair Oaks - 125.0 Stratford
Fair Oaks ,Week3,Country Club Hills,Week5,219.0 Fair Oaks - 183.0 Country Club Hills
Fair Oaks ,Week1,Fox Mill Estates,Week5,244.0 Fair Oaks - 158.0 Fox Mill Estates
Fairfax,Week2,Ilda Community,Week3,329.0 Fairfax - 73.0 Ilda Community
Fairfax,Week2,Ilda Community,Week2,346.0 Fairfax - 56.0 Ilda Community
Fairfax,Week2,Daventry,Week1,357.0 Fairfax - 45.0 Daventry
Fairfax,Week3,Little Rocky Run,Week1,228.0 Fairfax - 174.0 Little Rocky Run
Fair Oaks ,Week4,Mantua,Week2,234.0 Mantua - 168.0 Fair Oaks
Fair Oaks ,Week4,Springfield,Week1,366.0 Fair Oaks - 35.0 Springfield
Fair Oaks ,Week5,Country Club Hills,Week2,275.0 Fair Oaks - 127.0 Country Club Hills
Fairfax,Week1,Crosspointe,Week4,204.0 Fairfax - 198.0 Crosspointe
Fair Oaks ,Week3,Springfield,Week1,364.0 Fair Oaks - 38.0 Springfield
Fair Oaks ,Week1,Fox Mill Estates,Week3,233.0 Fair Oaks - 169.0 Fox Mill Estates
Fair Oaks ,Week5,Mantua,Week3,240.0 Mantua - 162.0 Fair Oaks
Fairfax,Week1,Ilda Community,Week2,315.0 Fairfax - 87.0 Ilda Community
Fairfax,Week4,Crosspointe,Week4,203.0 Crosspointe - 199.0 Fairfax
Fairfax,Week1,Ilda Community,Week5,310.0 Fairfax - 92.0 Ilda Community
Fairfax,Week4,Hunter Mill,Week5,210.0 Hunter Mill - 192.0 Fairfax
Fairfax,Week4,Crosspointe,Week3,202.0 Fairfax - 200.0 Crosspointe
Fairfax,Week2,Ilda Community,Week4,318.0 Fairfax - 84.0 Ilda Community
Fairfax,Week5,Little Rocky Run,Week1,224.5 Fairfax - 177.5 Little Rocky Run
Fairfax,Week5,Little Rocky Run,Week2,234.0 Fairfax - 168.0 Little Rocky Run
Fairfax,Week5,Crosspointe,Week3,213.0 Fairfax - 189.0 Crosspointe
Fair Oaks ,Week3,Stratford,Week3,263.0 Fair Oaks - 139.0 Stratford
Fairfax,Week1,Crosspointe,Week3,207.0 Crosspointe - 195.0 Fairfax
Fair Oaks ,Week1,Stratford,Week4,261.0 Fair Oaks - 141.0 Stratford
Fair Oaks ,Week4,Fox Hunt,Week4,202.0 Fox Hunt - 200.0 Fair Oaks
Fairfax,Week2,Ilda Community,Week5,322.0 Fairfax - 80.0 Ilda Community
Fair Oaks ,Week5,Country Club Hills,Week4,264.0 Fair Oaks - 138.0 Country Club Hills
Fair Oaks ,Week3,Fox Mill Estates,Week1,269.0 Fair Oaks - 133.0 Fox Mill Estates
Fairfax,Week4,Crosspointe,Week1,203.0 Crosspointe - 199.0 Fairfax
Fairfax,Week2,Little Rocky Run,Week3,225.0 Little Rocky Run - 177.0 Fairfax
Fair Oaks ,Week3,Country Club Hills,Week4,246.0 Fair Oaks - 156.0 Country Club Hills
Fair Oaks ,Week2,Fox Mill Estates,Week3,219.0 Fair Oaks - 183.0 Fox Mill Estates
Fair Oaks ,Week5,Springfield,Week1,367.0 Fair Oaks - 33.0 Springfield
Fair Oaks ,Week2,Stratford,Week2,242.0 Fair Oaks - 160.0 Stratford
Fair Oaks ,Week2,Stratford,Week5,225.0 Fair Oaks - 177.0 Stratford
Fairfax,Week3,Ilda Community,Week2,345.0 Fairfax - 57.0 Ilda Community
Fair Oaks ,Week5,Country Club Hills,Week1,262.0 Fair Oaks - 140.0 Country Club Hills
Fairfax,Week4,Little Rocky Run,Week4,203.0 Little Rocky Run - 199.0 Fairfax
Fairfax,Week3,Crosspointe,Week4,213.0 Fairfax - 189.0 Crosspointe
Fair Oaks ,Week5,Country Club Hills,Week5,239.0 Fair Oaks - 163.0 Country Club Hills
Fair Oaks ,Week2,Fox Mill Estates,Week1,242.0 Fair Oaks - 160.0 Fox Mill Estates
Fair Oaks ,Week5,Mantua,Week4,208.5 Mantua - 193.5 Fair Oaks
Fairfax,Week3,Hunter Mill,Week4,239.0 Fairfax - 163.0 Hunter Mill
Fair Oaks ,Week4,Stratford,Week2,265.0 Fair Oaks - 137.0 Stratford
Fairfax,Week5,Little Rocky Run,Week5,204.0 Little Rocky Run - 198.0 Fairfax
Fair Oaks ,Week1,Crosspointe,Week1,249.0 Crosspointe - 153.0 Fair Oaks
Fair Oaks ,Week1,McLean,Week2,283.0 McLean - 119.0 Fair Oaks
Fair Oaks ,Week1,McLean,Week3,287.0 McLean - 115.0 Fair Oaks
Fair Oaks ,Week4,Fox Hunt,Week5,223.0 Fox Hunt - 179.0 Fair Oaks
Fair Oaks ,Week1,McLean,Week4,258.0 McLean - 144.0 Fair Oaks
Fair Oaks ,Week5,Mantua,Week5,232.0 Mantua - 170.0 Fair Oaks
Fair Oaks ,Week2,Fox Mill Estates,Week4,203.0 Fair Oaks - 199.0 Fox Mill Estates
Fairfax,Week3,Little Rocky Run,Week4,212.0 Fairfax - 190.0 Little Rocky Run
Fair Oaks ,Week2,McLean,Week3,298.0 McLean - 104.0 Fair Oaks
Fairfax,Week1,Little Rocky Run,Week4,211.0 Little Rocky Run - 191.0 Fairfax
Fair Oaks ,Week3,McLean,Week3,285.0 McLean - 117.0 Fair Oaks
Fair Oaks ,Week1,Fox Mill Estates,Week1,264.0 Fair Oaks - 138.0 Fox Mill Estates
Fairfax,Week1,Daventry,Week5,323.0 Fairfax - 79.0 Daventry
Fairfax,Week2,Daventry,Week3,357.0 Fairfax - 45.0 Daventry
Fairfax,Week5,Little Hunting Park,Week5,306.5 Fairfax - 95.5 Little Hunting Park
Fair Oaks ,Week4,Springfield,Week4,355.0 Fair Oaks - 45.0 Springfield
Fair Oaks ,Week2,Crosspointe,Week5,290.0 Crosspointe - 112.0 Fair Oaks
Fair Oaks ,Week3,Fox Mill Estates,Week5,239.0 Fair Oaks - 163.0 Fox Mill Estates
Fairfax,Week5,Little Rocky Run,Week3,201.0 Fairfax - 201.0 Little Rocky Run
Fair Oaks ,Week2,McLean,Week2,297.0 McLean - 105.0 Fair Oaks
Fair Oaks ,Week3,Fox Mill Estates,Week2,248.0 Fair Oaks - 154.0 Fox Mill Estates
Fair Oaks ,Week4,Crosspointe,Week3,248.0 Crosspointe - 154.0 Fair Oaks
Fair Oaks ,Week1,Crosspointe,Week3,237.0 Crosspointe - 165.0 Fair Oaks
Fair Oaks ,Week1,Daventry,Week4,329.0 Fair Oaks - 73.0 Daventry
Fair Oaks ,Week3,Fox Mill Estates,Week4,224.0 Fair Oaks - 178.0 Fox Mill Estates
Fairfax,Week2,Daventry,Week4,369.0 Fairfax - 33.0 Daventry
Fairfax,Week3,Ilda Community,Week3,324.0 Fairfax - 78.0 Ilda Community
Fairfax,Week5,Little Rocky Run,Week4,212.0 Fairfax - 190.0 Little Rocky Run
Fair Oaks ,Week4,Fox Mill Estates,Week2,247.0 Fair Oaks - 155.0 Fox Mill Estates
Fair Oaks ,Week5,Fox Hunt,Week4,244.0 Fair Oaks - 158.0 Fox Hunt
Fairfax,Week3,Daventry,Week1,350.0 Fairfax - 52.0 Daventry
Fair Oaks ,Week1,Stratford,Week5,260.0 Fair Oaks - 142.0 Stratford
Fair Oaks ,Week5,Springfield,Week5,374.0 Fair Oaks - 26.0 Springfield
Fair Oaks ,Week2,McLean,Week1,286.0 McLean - 116.0 Fair Oaks
Fairfax,Week1,Long Branch,Week1,279.0 Fairfax - 123.0 Long Branch
Fairfax,Week5,Hunter Mill,Week4,253.0 Fairfax - 149.0 Hunter Mill
Fair Oaks ,Week1,Daventry,Week3,307.0 Fair Oaks - 94.0 Daventry
Fairfax,Week1,Daventry,Week1,341.0 Fairfax - 61.0 Daventry
Fair Oaks ,Week1,Stratford,Week3,270.5 Fair Oaks - 131.5 Stratford
Fairfax,Week2,Daventry,Week5,342.0 Fairfax - 60.0 Daventry
Fairfax,Week1,Ilda Community,Week4,304.0 Fairfax - 98.0 Ilda Community
Fairfax,Week3,Ilda Community,Week4,315.0 Fairfax - 87.0 Ilda Community
Fair Oaks ,Week3,McLean,Week2,278.0 McLean - 124.0 Fair Oaks
Fairfax,Week3,Ilda Community,Week5,317.0 Fairfax - 83.0 Ilda Community
Fair Oaks ,Week2,Daventry,Week1,297.5 Fair Oaks - 103.5 Daventry
Fair Oaks ,Week3,McLean,Week1,266.0 McLean - 136.0 Fair Oaks
Fair Oaks ,Week3,Stratford,Week2,270.0 Fair Oaks - 132.0 Stratford
Fair Oaks ,Week2,Stratford,Week4,225.0 Fair Oaks - 177.0 Stratford
Fair Oaks ,Week3,Stratford,Week4,257.0 Fair Oaks - 145.0 Stratford
Fair Oaks ,Week3,McLean,Week4,257.0 McLean - 145.0 Fair Oaks
Fairfax,Week4,Ilda Community,Week3,329.0 Fairfax - 73.0 Ilda Community
Fairfax,Week4,Daventry,Week3,350.0 Fairfax - 51.0 Daventry
Fairfax,Week3,Daventry,Week3,350.0 Fairfax - 51.0 Daventry
Fair Oaks ,Week2,Crosspointe,Week1,272.5 Crosspointe - 129.5 Fair Oaks
Fairfax,Week4,Little Rocky Run,Week3,220.0 Little Rocky Run - 182.0 Fairfax
Fair Oaks ,Week2,Daventry,Week4,306.0 Fair Oaks - 96.0 Daventry
Fair Oaks ,Week3,Stratford,Week5,257.0 Fair Oaks - 145.0 Stratford
Fair Oaks ,Week3,McLean,Week5,280.0 McLean - 122.0 Fair Oaks
Fair Oaks ,Week5,Fox Hunt,Week3,236.0 Fair Oaks - 166.0 Fox Hunt
Fairfax,Week4,Ilda Community,Week1,327.0 Fairfax - 75.0 Ilda Community
Fairfax,Week1,Ilda Community,Week1,314.0 Fairfax - 88.0 Ilda Community
Fair Oaks ,Week3,Crosspointe,Week3,220.0 Crosspointe - 182.0 Fair Oaks
Fairfax,Week1,Long Branch,Week3,286.5 Fairfax - 115.5 Long Branch
Fairfax,Week1,Long Branch,Week2,280.0 Fairfax - 122.0 Long Branch
Fair Oaks ,Week5,Fox Hunt,Week2,246.0 Fair Oaks - 156.0 Fox Hunt
Fair Oaks ,Week3,Stratford,Week1,279.0 Fair Oaks - 123.0 Stratford
Fairfax,Week3,Daventry,Week2,353.0 Fairfax - 45.0 Daventry
Fair Oaks ,Week5,Fox Hunt,Week1,246.5 Fair Oaks - 155.5 Fox Hunt
Fair Oaks ,Week2,McLean,Week5,301.5 McLean - 100.5 Fair Oaks
Fairfax,Week1,Long Branch,Week5,271.5 Fairfax - 130.5 Long Branch
Fair Oaks ,Week2,Crosspointe,Week3,250.0 Crosspointe - 152.0 Fair Oaks
Fair Oaks ,Week5,Springfield,Week2,370.0 Fair Oaks - 30.0 Springfield
Fair Oaks ,Week4,Stratford,Week1,276.0 Fair Oaks - 126.0 Stratford
Fair Oaks ,Week4,Crosspointe,Week1,256.0 Crosspointe - 146.0 Fair Oaks
Fairfax,Week3,Kent Gardens,Week5,235.0 Fairfax - 167.0 Kent Gardens
Fairfax,Week5,Daventry,Week4,369.0 Fairfax - 32.0 Daventry
Fairfax,Week5,Long Branch,Week1,315.0 Fairfax - 86.0 Long Branch
Fair Oaks ,Week1,Stratford,Week2,283.0 Fair Oaks - 119.0 Stratford
Fairfax,Week1,Kent Gardens,Week2,262.0 Fairfax - 140.0 Kent Gardens
Fair Oaks ,Week2,Crosspointe,Week4,266.0 Crosspointe - 136.0 Fair Oaks
Fair Oaks ,Week4,Springfield,Week3,360.0 Fair Oaks - 36.0 Springfield
Fair Oaks ,Week1,Fox Mill Estates,Week4,222.0 Fair Oaks - 180.0 Fox Mill Estates
Fair Oaks ,Week4,McLean,Week1,278.0 McLean - 124.0 Fair Oaks
Fairfax,Week3,Daventry,Week5,340.5 Fairfax - 60.5 Daventry
Fair Oaks ,Week3,Crosspointe,Week4,226.0 Crosspointe - 176.0 Fair Oaks
Fairfax,Week5,Kent Gardens,Week4,294.0 Fairfax - 108.0 Kent Gardens
Fair Oaks ,Week1,McLean,Week5,276.0 McLean - 126.0 Fair Oaks
Fair Oaks ,Week2,Fox Mill Estates,Week2,222.0 Fair Oaks - 180.0 Fox Mill Estates
Fair Oaks ,Week4,Fox Mill Estates,Week3,242.0 Fair Oaks - 160.0 Fox Mill Estates
Fair Oaks ,Week2,Fox Mill Estates,Week5,221.0 Fair Oaks - 181.0 Fox Mill Estates
Fairfax,Week2,Mansion House,Week2,246.0 Fairfax - 156.0 Mansion House
Fairfax,Week3,Daventry,Week4,366.0 Fairfax - 35.0 Daventry
Fairfax,Week5,Kent Gardens,Week2,295.0 Fairfax - 107.0 Kent Gardens
Fair Oaks ,Week3,Crosspointe,Week5,244.5 Crosspointe - 157.5 Fair Oaks
Fairfax,Week2,Mansion House,Week4,247.0 Fairfax - 155.0 Mansion House
Fair Oaks ,Week4,Fox Mill Estates,Week1,277.0 Fair Oaks - 125.0 Fox Mill Estates
Fairfax,Week4,Kent Gardens,Week5,215.0 Fairfax - 187.0 Kent Gardens
Fairfax,Week1,Dominion Hills,Week2,257.0 Fairfax - 145.0 Dominion Hills
Fair Oaks ,Week5,Springfield,Week4,365.0 Fair Oaks - 35.0 Springfield
Fairfax,Week3,Long Branch,Week5,289.0 Fairfax - 112.0 Long Branch
Fair Oaks ,Week3,Springfield,Week5,373.0 Fair Oaks - 29.0 Springfield
Fairfax,Week4,Little Rocky Run,Week5,231.0 Little Rocky Run - 171.0 Fairfax
Fairfax,Week4,Dominion Hills,Week3,290.0 Fairfax - 112.0 Dominion Hills
Fair Oaks ,Week1,Fox Mill Estates,Week2,241.0 Fair Oaks - 161.0 Fox Mill Estates
Fairfax,Week5,Ilda Community,Week1,347.5 Fairfax - 54.5 Ilda Community
Fair Oaks ,Week2,McLean,Week4,286.0 McLean - 116.0 Fair Oaks
Fair Oaks ,Week5,Crosspointe,Week2,208.0 Crosspointe - 194.0 Fair Oaks
Fair Oaks ,Week4,Springfield,Week2,368.0 Fair Oaks - 32.0 Springfield
Fairfax,Week1,Kent Gardens,Week4,266.0 Fairfax - 136.0 Kent Gardens
Fair Oaks ,Week4,Fox Mill Estates,Week5,253.0 Fair Oaks - 149.0 Fox Mill Estates
Fair Oaks ,Week5,Fox Mill Estates,Week1,276.0 Fair Oaks - 126.0 Fox Mill Estates
Fairfax,Week3,Mansion House,Week1,248.0 Fairfax - 154.0 Mansion House
Fairfax,Week3,Mansion House,Week3,227.0 Fairfax - 175.0 Mansion House
Fairfax,Week1,Dominion Hills,Week5,236.0 Fairfax - 166.0 Dominion Hills
Fair Oaks ,Week5,Crosspointe,Week3,212.0 Crosspointe - 190.0 Fair Oaks
Fairfax,Week3,Long Branch,Week2,295.0 Fairfax - 106.0 Long Branch
Fairfax,Week2,Kent Gardens,Week4,281.0 Fairfax - 121.0 Kent Gardens
Fair Oaks ,Week2,Crosspointe,Week2,253.0 Crosspointe - 149.0 Fair Oaks
Fair Oaks ,Week5,Crosspointe,Week1,223.0 Crosspointe - 179.0 Fair Oaks
Fairfax,Week4,Daventry,Week4,361.0 Fairfax - 40.0 Daventry
Fairfax,Week2,Long Branch,Week4,295.0 Fairfax - 107.0 Long Branch
Fair Oaks ,Week4,Springfield,Week5,367.0 Fair Oaks - 35.0 Springfield
Fair Oaks ,Week3,Crosspointe,Week1,229.0 Crosspointe - 173.0 Fair Oaks
Fair Oaks ,Week2,Fox Mill Woods,Week3,267.0 Fox Mill Woods - 135.0 Fair Oaks
Fair Oaks ,Week5,Crosspointe,Week4,226.0 Crosspointe - 176.0 Fair Oaks
Fairfax,Week5,Daventry,Week1,358.0 Fairfax - 44.0 Daventry
Fairfax,Week5,Long Branch,Week5,312.0 Fairfax - 89.0 Long Branch
Fair Oaks ,Week1,Fox Mill Woods,Week3,247.0 Fox Mill Woods - 155.0 Fair Oaks
Fair Oaks ,Week5,Springfield,Week3,375.0 Fair Oaks - 24.0 Springfield
Fairfax,Week4,Daventry,Week5,341.0 Fairfax - 60.0 Daventry
Fairfax,Week1,Kings Ridge ,Week3,303.0 Fairfax - 99.0 Kings Ridge
Fair Oaks ,Week2,Fox Mill Woods,Week4,278.0 Fox Mill Woods - 124.0 Fair Oaks
Fair Oaks ,Week4,Crosspointe,Week5,262.0 Crosspointe - 140.0 Fair Oaks
Fairfax,Week5,Long Branch,Week3,316.0 Fairfax - 86.0 Long Branch
Fair Oaks ,Week5,Fox Mill Woods,Week3,220.0 Fox Mill Woods - 182.0 Fair Oaks
Fairfax,Week5,Ilda Community,Week4,337.0 Fairfax - 65.0 Ilda Community
Fairfax,Week3,Kent Gardens,Week2,277.0 Fairfax - 125.0 Kent Gardens
Fair Oaks ,Week2,Stratford,Week1,246.0 Fair Oaks - 156.0 Stratford
Fairfax,Week4,Daventry,Week2,352.0 Fairfax - 46.0 Daventry
Fairfax,Week1,Kent Gardens,Week3,266.5 Fairfax - 135.5 Kent Gardens
Fairfax,Week5,Daventry,Week5,350.0 Fairfax - 51.0 Daventry
Fair Oaks ,Week3,Springfield,Week4,353.0 Fair Oaks - 49.0 Springfield
Fairfax,Week2,Long Branch,Week2,304.0 Fairfax - 98.0 Long Branch
Fairfax,Week2,Kent Gardens,Week1,250.0 Fairfax - 152.0 Kent Gardens
Fair Oaks ,Week3,Springfield,Week3,368.0 Fair Oaks - 34.0 Springfield
Fairfax,Week3,Dominion Hills,Week3,294.0 Fairfax - 108.0 Dominion Hills
Fair Oaks ,Week1,Crosspointe,Week5,256.0 Crosspointe - 146.0 Fair Oaks
Fair Oaks ,Week3,Crosspointe,Week2,206.5 Crosspointe - 195.5 Fair Oaks
Fair Oaks ,Week4,Sully Station,Week4,260.0 Sully Station - 142.0 Fair Oaks
Fair Oaks ,Week5,Crosspointe,Week5,240.0 Crosspointe - 162.0 Fair Oaks
Fairfax,Week3,Long Branch,Week1,293.0 Fairfax - 108.0 Long Branch
Fair Oaks ,Week2,Stratford,Week3,236.0 Fair Oaks - 166.0 Stratford
Fair Oaks ,Week5,Fox Mill Woods,Week1,233.0 Fox Mill Woods - 169.0 Fair Oaks
Fairfax,Week4,Long Branch,Week3,289.0 Fairfax - 113.0 Long Branch
Fairfax,Week5,Long Branch,Week2,318.0 Fairfax - 83.0 Long Branch
Fair Oaks ,Week3,Sully Station,Week5,260.0 Sully Station - 142.0 Fair Oaks
Fair Oaks ,Week1,Great Falls,Week4,216.0 Fair Oaks - 186.0 Great Falls
Fair Oaks ,Week4,Crosspointe,Week2,226.0 Crosspointe - 176.0 Fair Oaks
Fairfax,Week2,Dominion Hills,Week3,294.0 Fairfax - 108.0 Dominion Hills
Fairfax,Week1,Mansion House,Week3,215.0 Fairfax - 187.0 Mansion House
Fairfax,Week3,Kent Gardens,Week1,253.0 Fairfax - 149.0 Kent Gardens
Fairfax,Week4,Daventry,Week1,353.0 Fairfax - 49.0 Daventry
Fairfax,Week2,Dominion Hills,Week4,265.0 Fairfax - 137.0 Dominion Hills
Fairfax,Week5,Daventry,Week3,363.0 Fairfax - 38.0 Daventry
Fair Oaks ,Week2,Great Falls,Week1,202.0 Fair Oaks - 200.0 Great Falls
Fairfax,Week3,Kent Gardens,Week4,281.0 Fairfax - 121.0 Kent Gardens
Fairfax,Week4,Ilda Community,Week4,312.5 Fairfax - 89.5 Ilda Community
Fair Oaks ,Week1,Great Falls,Week2,222.0 Fair Oaks - 162.0 Great Falls
Fair Oaks ,Week3,Sully Station,Week3,232.0 Sully Station - 170.0 Fair Oaks
Fair Oaks ,Week1,Daventry,Week2,317.0 Fair Oaks - 85.0 Daventry
Fair Oaks ,Week5,Fox Mill Estates,Week4,252.0 Fair Oaks - 150.0 Fox Mill Estates
Fair Oaks ,Week4,Stratford,Week4,241.0 Fair Oaks - 161.0 Stratford
Fairfax,Week1,Kent Gardens,Week1,244.0 Fairfax - 158.0 Kent Gardens
Fair Oaks ,Week5,Stratford,Week4,270.0 Fair Oaks - 132.0 Stratford
Fair Oaks ,Week2,Sully Station,Week4,275.0 Sully Station - 127.0 Fair Oaks
Fair Oaks ,Week1,Fox Mill Woods,Week2,232.0 Fox Mill Woods - 170.0 Fair Oaks
Fairfax,Week2,Long Branch,Week3,303.0 Fairfax - 99.0 Long Branch
Fairfax,Week2,Dominion Hills,Week2,274.0 Fairfax - 128.0 Dominion Hills
Fairfax,Week3,Dominion Hills,Week2,266.0 Fairfax - 136.0 Dominion Hills
Fairfax,Week4,Ilda Community,Week5,324.0 Fairfax - 77.0 Ilda Community
Fair Oaks ,Week1,Daventry,Week1,322.0 Fair Oaks - 80.0 Daventry
Fair Oaks ,Week4,Crosspointe,Week4,247.0 Crosspointe - 155.0 Fair Oaks
Fair Oaks ,Week4,Fox Mill Woods,Week1,259.0 Fox Mill Woods - 143.0 Fair Oaks
Fairfax,Week2,Dominion Hills,Week5,241.0 Fairfax - 161.0 Dominion Hills
Fairfax,Week2,Kent Gardens,Week5,236.0 Fairfax - 166.0 Kent Gardens
Fairfax,Week1,Mansion House,Week1,218.0 Fairfax - 184.0 Mansion House
Fairfax,Week1,Mansion House,Week5,211.0 Fairfax - 191.0 Mansion House
Fairfax,Week1,Mansion House,Week4,237.0 Fairfax - 165.0 Mansion House
Fair Oaks ,Week5,Sully Station,Week5,257.0 Sully Station - 145.0 Fair Oaks
Fair Oaks ,Week2,Daventry,Week3,298.0 Fair Oaks - 104.0 Daventry
Fairfax,Week1,Dominion Hills,Week4,252.0 Fairfax - 150.0 Dominion Hills
Fair Oaks ,Week1,Daventry,Week5,306.0 Fair Oaks - 96.0 Daventry
Fair Oaks ,Week3,Fox Mill Woods,Week4,241.0 Fox Mill Woods - 161.0 Fair Oaks
Fairfax,Week4,Long Branch,Week2,288.0 Fairfax - 113.0 Long Branch
Fair Oaks ,Week4,Sully Station,Week1,267.0 Sully Station - 135.0 Fair Oaks
Fairfax,Week5,Daventry,Week2,364.5 Fairfax - 33.5 Daventry
Fairfax,Week5,Ilda Community,Week5,346.0 Fairfax - 55.0 Ilda Community
Fair Oaks ,Week4,Sully Station,Week3,248.0 Sully Station - 154.0 Fair Oaks
Fair Oaks ,Week2,Daventry,Week2,288.0 Fair Oaks - 113.0 Daventry
Fairfax,Week4,Kent Gardens,Week1,238.0 Fairfax - 164.0 Kent Gardens
Fairfax,Week5,Ilda Community,Week3,343.0 Fairfax - 59.0 Ilda Community
Fair Oaks ,Week3,Fox Mill Woods,Week5,249.0 Fox Mill Woods - 153.0 Fair Oaks
Fairfax,Week3,Long Branch,Week3,295.0 Fairfax - 107.0 Long Branch
Fairfax,Week3,Dominion Hills,Week1,287.0 Fairfax - 115.0 Dominion Hills
Fair Oaks ,Week2,Fox Mill Woods,Week2,263.0 Fox Mill Woods - 139.0 Fair Oaks
Fairfax,Week2,Kent Gardens,Week2,278.0 Fairfax - 124.0 Kent Gardens
Fair Oaks ,Week1,Dominion Hills,Week5,205.0 Dominion Hills - 197.0 Fair Oaks
Fair Oaks ,Week4,Stratford,Week5,249.0 Fair Oaks - 153.0 Stratford
Fairfax,Week4,Dominion Hills,Week1,289.0 Fairfax - 113.0 Dominion Hills
Fairfax,Week2,Dominion Hills,Week1,289.0 Fairfax - 113.0 Dominion Hills
Fair Oaks ,Week3,Fox Mill Woods,Week3,231.0 Fox Mill Woods - 171.0 Fair Oaks
Fair Oaks ,Week1,Sully Station II,Week3,271.0 Sully Station II - 131.0 Fair Oaks
Fairfax,Week1,Kent Gardens,Week5,232.0 Fairfax - 170.0 Kent Gardens
Fairfax,Week3,Dominion Hills,Week4,264.5 Fairfax - 137.5 Dominion Hills
Fair Oaks ,Week5,Stratford,Week2,296.0 Fair Oaks - 106.0 Stratford
Fair Oaks ,Week1,Fox Mill Woods,Week1,259.0 Fox Mill Woods - 143.0 Fair Oaks
Fairfax,Week3,Long Branch,Week4,281.0 Fairfax - 121.0 Long Branch
Fairfax,Week1,Mansion House,Week2,225.0 Fairfax - 177.0 Mansion House
Fair Oaks ,Week1,Sully Station,Week2,262.0 Sully Station - 140.0 Fair Oaks
Fairfax,Week2,Kent Gardens,Week3,271.0 Fairfax - 131.0 Kent Gardens
Fair Oaks ,Week1,Dominion Hills,Week2,219.5 Fair Oaks - 182.5 Dominion Hills
Fair Oaks ,Week1,Dominion Hills,Week1,227.0 Fair Oaks - 175.0 Dominion Hills
Fair Oaks ,Week5,Stratford,Week1,301.0 Fair Oaks - 100.0 Stratford
Fair Oaks ,Week4,Daventry,Week1,315.0 Fair Oaks - 87.0 Daventry
Fairfax,Week3,Dominion Hills,Week5,251.0 Fairfax - 151.0 Dominion Hills
Fair Oaks ,Week3,Fox Mill Woods,Week2,220.0 Fox Mill Woods - 182.0 Fair Oaks
Fair Oaks ,Week1,Fox Mill Woods,Week4,235.0 Fox Mill Woods - 167.0 Fair Oaks
Fair Oaks ,Week2,Fox Mill Woods,Week1,277.0 Fox Mill Woods - 125.0 Fair Oaks
Fairfax,Week2,Long Branch,Week5,280.0 Fairfax - 122.0 Long Branch
Fair Oaks ,Week1,Sully Station,Week3,261.0 Sully Station - 141.0 Fair Oaks
Fairfax,Week4,Long Branch,Week4,285.0 Fairfax - 117.0 Long Branch
Fair Oaks ,Week5,Fox Mill Estates,Week5,255.0 Fair Oaks - 147.0 Fox Mill Estates
Fair Oaks ,Week2,Daventry,Week5,265.5 Fair Oaks - 136.5 Daventry
Fairfax,Week2,Mansion House,Week1,246.0 Fairfax - 156.0 Mansion House
Fair Oaks ,Week3,Daventry,Week2,322.0 Fair Oaks - 80.0 Daventry
Fairfax,Week4,Dominion Hills,Week2,264.0 Fairfax - 138.0 Dominion Hills
Fair Oaks ,Week5,Daventry,Week3,331.0 Fair Oaks - 71.0 Daventry
Fairfax,Week4,Long Branch,Week5,279.0 Fairfax - 122.0 Long Branch
Fairfax,Week4,Kent Gardens,Week2,268.0 Fairfax - 134.0 Kent Gardens
Fairfax,Week1,Dominion Hills,Week1,270.0 Fairfax - 132.0 Dominion Hills
Fairfax,Week4,Long Branch,Week1,291.0 Fairfax - 110.0 Long Branch
Fairfax,Week4,Kent Gardens,Week3,261.0 Fairfax - 141.0 Kent Gardens
Fairfax,Week1,Dominion Hills,Week3,283.0 Fairfax - 119.0 Dominion Hills
Fairfax,Week5,Ilda Community,Week2,364.0 Fairfax - 38.0 Ilda Community
Fairfax,Week3,Kent Gardens,Week3,282.0 Fairfax - 120.0 Kent Gardens
Fair Oaks ,Week4,Fox Mill Woods,Week4,254.0 Fox Mill Woods - 148.0 Fair Oaks
Fair Oaks ,Week1,Sully Station,Week4,246.5 Sully Station - 155.5 Fair Oaks
Fair Oaks ,Week3,Fox Mill Woods,Week1,243.0 Fox Mill Woods - 159.0 Fair Oaks
Fairfax,Week5,Kent Gardens,Week3,301.0 Fairfax - 101.0 Kent Gardens
Fairfax,Week5,Kent Gardens,Week5,261.0 Fairfax - 141.0 Kent Gardens
Fair Oaks ,Week2,Dominion Hills,Week1,203.0 Fair Oaks - 199.0 Dominion Hills
Fairfax,Week5,Donaldson Run,Week1,226.0 Fairfax - 176.0 Donaldson Run
Fair Oaks ,Week2,Sully Station,Week1,274.0 Sully Station - 128.0 Fair Oaks
Fairfax,Week2,Mansion House,Week5,219.0 Fairfax - 183.0 Mansion House
Fair Oaks ,Week4,Fox Mill Woods,Week3,254.0 Fox Mill Woods - 148.0 Fair Oaks
Fairfax,Week4,Kent Gardens,Week4,270.0 Fairfax - 132.0 Kent Gardens
Fairfax,Week5,Long Branch,Week4,317.0 Fairfax - 85.0 Long Branch
Fairfax,Week1,Donaldson Run,Week4,218.0 Donaldson Run - 184.0 Fairfax
Fairfax,Week5,Dominion Hills,Week3,311.0 Fairfax - 91.0 Dominion Hills
Fair Oaks ,Week1,Sully Station,Week5,269.0 Sully Station - 133.0 Fair Oaks
Fairfax,Week2,Mansion House,Week3,221.0 Fairfax - 181.0 Mansion House
Fair Oaks ,Week3,Daventry,Week3,316.0 Fair Oaks - 86.0 Daventry
Fairfax,Week5,Kent Gardens,Week1,277.0 Fairfax - 125.0 Kent Gardens
Fair Oaks ,Week4,Daventry,Week3,320.0 Fair Oaks - 82.0 Daventry
Fair Oaks ,Week2,Sully Station,Week3,276.0 Sully Station - 126.0 Fair Oaks
Fair Oaks ,Week4,Fox Mill Woods,Week5,268.0 Fox Mill Woods - 134.0 Fair Oaks
Fair Oaks ,Week5,Fox Mill Estates,Week3,251.0 Fair Oaks - 151.0 Fox Mill Estates
Fair Oaks ,Week2,Dominion Hills,Week2,217.0 Dominion Hills - 185.0 Fair Oaks
Fairfax,Week4,Donaldson Run,Week2,218.0 Donaldson Run - 184.0 Fairfax
Fairfax,Week5,Donaldson Run,Week3,214.0 Fairfax - 188.0 Donaldson Run
Fair Oaks ,Week5,Daventry,Week4,336.0 Fair Oaks - 66.0 Daventry
Fairfax,Week1,Mantua,Week4,213.0 Mantua - 189.0 Fairfax
Fairfax,Week1,Kings Ridge ,Week1,316.0 Fairfax - 86.0 Kings Ridge
Fairfax,Week3,Mantua,Week4,219.0 Fairfax - 183.0 Mantua
Fairfax,Week2,Lake Braddock,Week2,344.0 Fairfax - 58.0 Lake Braddock
Fair Oaks ,Week5,Fox Mill Woods,Week2,215.0 Fox Mill Woods - 187.0 Fair Oaks
Fair Oaks ,Week5,Daventry,Week2,330.0 Fair Oaks - 71.0 Daventry
Fair Oaks ,Week1,Dominion Hills,Week3,222.0 Fair Oaks - 180.0 Dominion Hills
Fair Oaks ,Week1,Sully Station,Week1,248.0 Sully Station - 154.0 Fair Oaks
Fairfax,Week3,Mansion House,Week2,244.0 Fairfax - 157.0 Mansion House
Fairfax,Week5,Donaldson Run,Week5,212.0 Donaldson Run - 190.0 Fairfax
Fairfax,Week1,Kings Ridge ,Week2,312.0 Fairfax - 90.0 Kings Ridge
Fairfax,Week1,Kings Ridge ,Week4,305.0 Fairfax - 97.0 Kings Ridge
Fair Oaks ,Week3,Daventry,Week4,340.0 Fair Oaks - 62.0 Daventry
Fair Oaks ,Week3,Sully Station,Week1,238.0 Sully Station - 164.0 Fair Oaks
Fair Oaks ,Week2,Dominion Hills,Week3,216.5 Dominion Hills - 185.5 Fair Oaks
Fair Oaks ,Week4,Daventry,Week5,289.0 Fair Oaks - 113.0 Daventry
Fair Oaks ,Week1,Fox Mill Woods,Week5,251.0 Fox Mill Woods - 151.0 Fair Oaks
Fair Oaks ,Week3,Sully Station,Week2,233.0 Sully Station - 169.0 Fair Oaks
Fair Oaks ,Week4,Stratford,Week3,254.0 Fair Oaks - 148.0 Stratford
Fairfax,Week3,Mantua,Week2,236.0 Fairfax - 166.0 Mantua
Fairfax,Week2,Donaldson Run,Week1,209.0 Fairfax - 193.0 Donaldson Run
Fairfax,Week4,Dominion Hills,Week5,239.0 Fairfax - 163.0 Dominion Hills
Fairfax,Week2,Donaldson Run,Week3,209.0 Fairfax - 193.0 Donaldson Run
Fair Oaks ,Week2,Fox Mill Woods,Week5,294.0 Fox Mill Woods - 108.0 Fair Oaks
Fairfax,Week1,Lake Braddock,Week4,328.0 Fairfax - 74.0 Lake Braddock
Fairfax,Week3,Donaldson Run,Week4,208.5 Donaldson Run - 193.5 Fairfax
Fairfax,Week4,Mantua,Week1,220.0 Fairfax - 182.0 Mantua
Fair Oaks ,Week4,Fox Mill Woods,Week2,239.0 Fox Mill Woods - 163.0 Fair Oaks
Fair Oaks ,Week5,Fox Mill Woods,Week5,234.0 Fox Mill Woods - 168.0 Fair Oaks
Fairfax,Week4,Kings Ridge ,Week2,324.0 Fairfax - 78.0 Kings Ridge
Fair Oaks ,Week5,Stratford,Week3,270.0 Fair Oaks - 132.0 Stratford
Fairfax,Week2,Mantua,Week4,232.0 Fairfax - 170.0 Mantua
Fair Oaks ,Week5,Fox Mill Woods,Week4,230.5 Fox Mill Woods - 171.5 Fair Oaks
Fair Oaks ,Week5,Sully Station,Week1,231.0 Sully Station - 171.0 Fair Oaks
Fairfax,Week5,Mantua,Week5,221.0 Fairfax - 181.0 Mantua
Fair Oaks ,Week5,Stratford,Week5,273.0 Fair Oaks - 129.0 Stratford
Fairfax,Week2,Kings Ridge ,Week2,333.0 Fairfax - 69.0 Kings Ridge
Fairfax,Week3,Kings Ridge ,Week5,315.0 Fairfax - 87.0 Kings Ridge
Fair Oaks ,Week3,Daventry,Week1,316.0 Fair Oaks - 86.0 Daventry
Fair Oaks ,Week4,Sully Station,Week2,247.5 Sully Station - 154.5 Fair Oaks
Fairfax,Week3,Donaldson Run,Week1,202.0 Fairfax - 200.0 Donaldson Run
Fairfax,Week3,Kings Ridge ,Week2,323.0 Fairfax - 79.0 Kings Ridge
Fairfax,Week4,Mantua,Week3,208.0 Fairfax - 194.0 Mantua
Fair Oaks ,Week1,Greenbriar,Week3,207.0 Fair Oaks - 195.0 Greenbriar
Fairfax,Week5,Dominion Hills,Week1,313.0 Fairfax - 89.0 Dominion Hills
Fairfax,Week5,Mantua,Week3,231.0 Fairfax - 171.0 Mantua
Fairfax,Week5,Mansion House,Week3,249.0 Fairfax - 153.0 Mansion House
Fairfax,Week5,Dominion Hills,Week5,281.0 Fairfax - 121.0 Dominion Hills
Fairfax,Week1,Donaldson Run,Week5,232.0 Donaldson Run - 170.0 Fairfax
Fair Oaks ,Week4,Sully Station,Week5,275.0 Sully Station - 127.0 Fair Oaks
Fair Oaks ,Week4,Daventry,Week4,323.0 Fair Oaks - 79.0 Daventry
Fairfax,Week1,Donaldson Run,Week1,219.0 Donaldson Run - 183.0 Fairfax
Fair Oaks ,Week1,Greenbriar,Week5,205.0 Greenbriar - 197.0 Fair Oaks
Fair Oaks ,Week1,Great Falls,Week5,205.0 Fair Oaks - 197.0 Great Falls
Fairfax,Week1,Mantua,Week2,227.0 Fairfax - 175.0 Mantua
Fair Oaks ,Week1,Great Falls,Week3,201.5 Great Falls - 200.5 Fair Oaks
Fair Oaks ,Week4,Daventry,Week2,309.0 Fair Oaks - 92.0 Daventry
Fair Oaks ,Week3,Sully Station,Week4,233.0 Sully Station - 169.0 Fair Oaks
Fair Oaks ,Week5,Great Falls,Week1,233.0 Fair Oaks - 169.0 Great Falls
Fairfax,Week4,Mansion House,Week3,211.0 Fairfax - 191.0 Mansion House
Fairfax,Week4,Kings Ridge ,Week1,339.0 Fairfax - 63.0 Kings Ridge
Fairfax,Week3,Kings Ridge ,Week3,315.0 Fairfax - 86.0 Kings Ridge
Fair Oaks ,Week5,Sully Station,Week2,222.0 Sully Station - 180.0 Fair Oaks
Fairfax,Week2,Kings Ridge ,Week5,317.0 Fairfax - 85.0 Kings Ridge
Fair Oaks ,Week3,Daventry,Week5,301.0 Fair Oaks - 101.0 Daventry
Fairfax,Week2,Kings Ridge ,Week4,316.0 Fairfax - 86.0 Kings Ridge
Fair Oaks ,Week1,Great Falls,Week1,231.0 Fair Oaks - 171.0 Great Falls
Fair Oaks ,Week5,Daventry,Week5,306.0 Fair Oaks - 96.0 Daventry
Fair Oaks ,Week1,Dominion Hills,Week4,207.5 Dominion Hills - 194.5 Fair Oaks
Fairfax,Week3,Mantua,Week1,224.0 Fairfax - 178.0 Mantua
Fair Oaks ,Week2,Great Falls,Week2,197.0 Great Falls - 187.0 Fair Oaks
Fair Oaks ,Week5,Daventry,Week1,320.0 Fair Oaks - 82.0 Daventry
Fairfax,Week4,Dominion Hills,Week4,256.0 Fairfax - 146.0 Dominion Hills
Fairfax,Week3,Donaldson Run,Week3,207.0 Fairfax - 195.0 Donaldson Run
Fair Oaks ,Week2,Sully Station,Week5,291.0 Sully Station - 111.0 Fair Oaks
Fair Oaks ,Week2,Sully Station,Week2,277.0 Sully Station - 125.0 Fair Oaks
Fairfax,Week5,Kings Ridge ,Week1,361.0 Fairfax - 41.0 Kings Ridge
Fairfax,Week4,Kings Ridge ,Week4,311.0 Fairfax - 91.0 Kings Ridge
Fairfax,Week2,Mantua,Week2,233.0 Fairfax - 169.0 Mantua
Fair Oaks ,Week5,Sully Station,Week4,226.0 Sully Station - 176.0 Fair Oaks
Fairfax,Week4,Mansion House,Week1,233.0 Fairfax - 169.0 Mansion House
Fairfax,Week5,Mansion House,Week2,267.0 Fairfax - 134.0 Mansion House
Fairfax,Week1,Mantua,Week3,215.0 Mantua - 187.0 Fairfax
Fairfax,Week1,Donaldson Run,Week2,222.0 Donaldson Run - 180.0 Fairfax
Fair Oaks ,Week2,Greenbriar,Week2,239.0 Greenbriar - 163.0 Fair Oaks
Fair Oaks ,Week1,Sully Station II,Week2,247.0 Sully Station II - 155.0 Fair Oaks
Fair Oaks ,Week1,Greenbriar,Week1,209.0 Fair Oaks - 193.0 Greenbriar
Fair Oaks ,Week2,Sully Station II,Week3,298.0 Sully Station II - 104.0 Fair Oaks
Fairfax,Week2,Donaldson Run,Week4,207.0 Fairfax - 195.0 Donaldson Run
Fair Oaks ,Week3,Greenbriar,Week2,203.0 Fair Oaks - 199.0 Greenbriar
Fairfax,Week4,Kings Ridge ,Week3,314.0 Fairfax - 88.0 Kings Ridge
Fairfax,Week4,Mansion House,Week2,230.0 Fairfax - 171.0 Mansion House
Fair Oaks ,Week1,Sully Station II,Week1,221.0 Sully Station II - 181.0 Fair Oaks
Fair Oaks ,Week5,Sully Station,Week3,222.0 Sully Station - 180.0 Fair Oaks
Fairfax,Week3,Donaldson Run,Week2,205.0 Fairfax - 197.0 Donaldson Run
Fair Oaks ,Week3,Great Falls,Week4,217.0 Fair Oaks - 185.0 Great Falls
Fairfax,Week4,Donaldson Run,Week1,214.5 Donaldson Run - 187.5 Fairfax
Fairfax,Week1,Kings Ridge ,Week5,299.0 Fairfax - 103.0 Kings Ridge
Fair Oaks ,Week1,Truro,Week1,269.0 Fair Oaks - 133.0 Truro
Fair Oaks ,Week5,Great Falls,Week4,225.0 Fair Oaks - 177.0 Great Falls
Fair Oaks ,Week3,Great Falls,Week2,209.0 Fair Oaks - 175.0 Great Falls
Fairfax,Week3,Kings Ridge ,Week4,315.0 Fairfax - 87.0 Kings Ridge
Fairfax,Week4,Mansion House,Week5,211.5 Fairfax - 190.5 Mansion House
Fair Oaks ,Week2,Truro,Week1,240.0 Fair Oaks - 162.0 Truro
Fairfax,Week5,Mansion House,Week4,280.3 Fairfax - 121.7 Mansion House
Fair Oaks ,Week2,Great Falls,Week5,227.0 Great Falls - 174.0 Fair Oaks
Fair Oaks ,Week2,Greenbriar,Week4,210.0 Greenbriar - 192.0 Fair Oaks
Fair Oaks ,Week3,Sully Station II,Week5,271.0 Sully Station II - 131.0 Fair Oaks
Fair Oaks ,Week5,Sully Station II,Week2,243.0 Sully Station II - 159.0 Fair Oaks
Fairfax,Week1,Donaldson Run,Week3,216.5 Donaldson Run - 185.5 Fairfax
Fairfax,Week5,Dominion Hills,Week2,292.0 Fairfax - 110.0 Dominion Hills
Fairfax,Week3,Mansion House,Week5,224.0 Fairfax - 178.0 Mansion House
Fairfax,Week2,Kings Ridge ,Week3,321.0 Fairfax - 81.0 Kings Ridge
Fair Oaks ,Week1,Sully Station II,Week4,221.0 Sully Station II - 181.0 Fair Oaks
Fairfax,Week5,Dominion Hills,Week4,279.0 Fairfax - 123.0 Dominion Hills
Fairfax,Week5,Kings Ridge ,Week2,340.5 Fairfax - 61.5 Kings Ridge
Fairfax,Week3,Kings Ridge ,Week1,335.0 Fairfax - 67.0 Kings Ridge
Fair Oaks ,Week3,Greenbriar,Week5,210.0 Fair Oaks - 192.0 Greenbriar
Fair Oaks ,Week5,Sully Station II,Week3,244.0 Sully Station II - 158.0 Fair Oaks
Fair Oaks ,Week4,Greenbriar,Week2,227.5 Greenbriar - 173.5 Fair Oaks
Fair Oaks ,Week2,Greenbriar,Week3,228.0 Greenbriar - 174.0 Fair Oaks
Fairfax,Week4,Donaldson Run,Week3,210.0 Donaldson Run - 192.0 Fairfax
Fairfax,Week5,Mansion House,Week1,259.0 Fairfax - 143.0 Mansion House
Fairfax,Week5,Kings Ridge ,Week3,333.0 Fairfax - 69.0 Kings Ridge
Fairfax,Week4,Donaldson Run,Week4,209.0 Donaldson Run - 193.0 Fairfax
Fairfax,Week2,Donaldson Run,Week5,214.0 Donaldson Run - 188.0 Fairfax
Fair Oaks ,Week5,Sully Station II,Week4,213.0 Sully Station II - 189.0 Fair Oaks
Fairfax,Week2,Donaldson Run,Week2,202.0 Donaldson Run - 200.0 Fairfax
Fairfax,Week2,Mantua,Week1,234.0 Fairfax - 168.0 Mantua
Fairfax,Week1,Mantua,Week5,234.0 Mantua - 168.0 Fairfax
Fairfax,Week2,Kings Ridge ,Week1,346.0 Fairfax - 56.0 Kings Ridge
Fairfax,Week4,Mansion House,Week4,244.0 Fairfax - 158.0 Mansion House
Fairfax,Week5,Kings Ridge ,Week4,342.0 Fairfax - 60.0 Kings Ridge
Fair Oaks ,Week1,Truro,Week5,270.0 Fair Oaks - 132.0 Truro
Fairfax,Week4,Kings Ridge ,Week5,309.0 Fairfax - 93.0 Kings Ridge
Fair Oaks ,Week3,Great Falls,Week5,206.0 Fair Oaks - 196.0 Great Falls
Fairfax,Week1,Lake Braddock,Week3,330.0 Fairfax - 72.0 Lake Braddock
Fair Oaks ,Week5,Great Falls,Week3,213.0 Fair Oaks - 189.0 Great Falls
Fair Oaks ,Week2,Great Falls,Week3,234.0 Great Falls - 168.0 Fair Oaks
Fairfax,Week5,Donaldson Run,Week4,220.0 Fairfax - 182.0 Donaldson Run
Fair Oaks ,Week3,Sully Station II,Week1,217.0 Sully Station II - 185.0 Fair Oaks
Fair Oaks ,Week4,Sully Station II,Week5,274.0 Sully Station II - 128.0 Fair Oaks
Fair Oaks ,Week3,Great Falls,Week1,232.0 Fair Oaks - 170.0 Great Falls
Fairfax,Week3,Mantua,Week5,201.0 Fairfax - 201.0 Mantua
Fairfax,Week2,Mantua,Week3,217.0 Fairfax - 185.0 Mantua
Fair Oaks ,Week4,Sully Station II,Week4,238.0 Sully Station II - 164.0 Fair Oaks
Fairfax,Week1,Dowden Terrace,Week2,251.0 Fairfax - 151.0 Dowden Terrace
Fairfax,Week4,Great Falls,Week5,238.0 Fairfax - 164.0 Great Falls
Fairfax,Week3,Mansion House,Week4,248.0 Fairfax - 154.0 Mansion House
Fairfax,Week4,Mantua,Week2,222.0 Fairfax - 180.0 Mantua
Fairfax,Week1,Dunn Loring,Week3,227.5 Dunn Loring - 174.5 Fairfax
Fairfax,Week1,Lake Braddock,Week5,328.0 Fairfax - 74.0 Lake Braddock
Fair Oaks ,Week3,Great Falls,Week3,213.0 Great Falls - 189.0 Fair Oaks
Fair Oaks ,Week4,Great Falls,Week5,203.0 Fair Oaks - 198.0 Great Falls
Fairfax,Week3,Mantua,Week3,224.0 Fairfax - 178.0 Mantua
Fairfax,Week2,Lake Braddock,Week1,364.0 Fairfax - 38.0 Lake Braddock
Fair Oaks ,Week4,Great Falls,Week1,224.0 Fair Oaks - 178.0 Great Falls
Fairfax,Week4,Donaldson Run,Week5,222.0 Donaldson Run - 180.0 Fairfax
Fair Oaks ,Week3,Sully Station II,Week4,222.0 Sully Station II - 180.0 Fair Oaks
Fair Oaks ,Week1,Truro,Week3,282.0 Fair Oaks - 120.0 Truro
Fair Oaks ,Week1,Sully Station II,Week5,269.0 Sully Station II - 133.0 Fair Oaks
Fairfax,Week1,Mantua,Week1,225.0 Fairfax - 177.0 Mantua
Fair Oaks ,Week4,Great Falls,Week2,206.0 Fair Oaks - 178.0 Great Falls
Fairfax,Week5,Donaldson Run,Week2,211.0 Fairfax - 191.0 Donaldson Run
Fairfax,Week2,Mantua,Week5,207.0 Mantua - 195.0 Fairfax
Fairfax,Week1,Dowden Terrace,Week1,257.0 Fairfax - 145.0 Dowden Terrace
Fair Oaks ,Week3,Sully Station II,Week2,236.0 Sully Station II - 166.0 Fair Oaks
Fairfax,Week1,Lake Braddock,Week2,334.0 Fairfax - 68.0 Lake Braddock
Fairfax,Week5,Mansion House,Week5,246.0 Fairfax - 156.0 Mansion House
Fair Oaks ,Week2,Great Falls,Week4,203.0 Fair Oaks - 199.0 Great Falls
Fairfax,Week4,Great Falls,Week3,252.0 Fairfax - 150.0 Great Falls
Fairfax,Week1,Lake Braddock,Week1,355.0 Fairfax - 47.0 Lake Braddock
Fairfax,Week5,Kings Ridge ,Week5,326.0 Fairfax - 76.0 Kings Ridge
Fairfax,Week3,Donaldson Run,Week5,231.0 Donaldson Run - 171.0 Fairfax
Fairfax,Week4,Dowden Terrace,Week4,246.0 Fairfax - 156.0 Dowden Terrace
Fairfax,Week2,Dunn Loring,Week1,243.0 Fairfax - 159.0 Dunn Loring
Fair Oaks ,Week1,Truro,Week2,279.0 Fair Oaks - 123.0 Truro
Fairfax,Week4,Mantua,Week5,203.0 Fairfax - 199.0 Mantua
Fairfax,Week4,Mantua,Week4,225.0 Fairfax - 177.0 Mantua
Fair Oaks ,Week4,Arlington Forest,Week5,233.0 Arlington Forest - 169.0 Fair Oaks
Fairfax,Week2,Dowden Terrace,Week1,277.5 Fairfax - 124.5 Dowden Terrace
Fair Oaks ,Week4,Great Falls,Week3,208.0 Great Falls - 194.0 Fair Oaks
Fairfax,Week3,Dowden Terrace,Week2,266.5 Fairfax - 135.5 Dowden Terrace
Fairfax,Week1,Greenbriar,Week1,233.0 Fairfax - 169.0 Greenbriar
Fairfax,Week2,Dowden Terrace,Week4,255.0 Fairfax - 147.0 Dowden Terrace
Fairfax,Week3,Dowden Terrace,Week1,283.0 Fairfax - 115.0 Dowden Terrace
Fair Oaks ,Week4,Sully Station II,Week3,277.0 Sully Station II - 125.0 Fair Oaks
Fairfax,Week5,Great Falls,Week4,280.0 Fairfax - 122.0 Great Falls
Fair Oaks ,Week2,Sully Station II,Week4,255.0 Sully Station II - 147.0 Fair Oaks
Fair Oaks ,Week4,Great Falls,Week4,218.0 Fair Oaks - 184.0 Great Falls
Fairfax,Week5,Fox Mill Woods,Week2,242.0 Fairfax - 160.0 Fox Mill Woods
Fairfax,Week5,Great Falls,Week2,269.0 Fairfax - 115.0 Great Falls
Fair Oaks ,Week5,Great Falls,Week2,234.0 Fair Oaks - 150.0 Great Falls
Fairfax,Week5,Mantua,Week1,234.0 Fairfax - 168.0 Mantua
Fair Oaks ,Week2,Sully Station II,Week1,264.5 Sully Station II - 137.5 Fair Oaks
Fair Oaks ,Week5,Great Falls,Week5,217.0 Fair Oaks - 185.0 Great Falls
Fairfax,Week5,Mantua,Week2,240.5 Fairfax - 161.5 Mantua
Fair Oaks ,Week2,Brandywine,Week1,209.5 Brandywine - 192.5 Fair Oaks
Fairfax,Week5,Dowden Terrace,Week1,299.0 Fairfax - 99.0 Dowden Terrace
Fairfax,Week2,Great Falls,Week2,259.0 Fairfax - 125.0 Great Falls
Fair Oaks ,Week2,Sully Station II,Week5,303.0 Sully Station II - 99.0 Fair Oaks
Fairfax,Week4,Dowden Terrace,Week2,264.0 Fairfax - 138.0 Dowden Terrace
Fairfax,Week5,Mantua,Week4,238.0 Fairfax - 164.0 Mantua
Fairfax,Week5,Fox Mill Woods,Week3,245.0 Fairfax - 157.0 Fox Mill Woods
Fairfax,Week3,Dowden Terrace,Week4,250.0 Fairfax - 152.0 Dowden Terrace
Fair Oaks ,Week1,Greenbriar,Week4,207.0 Fair Oaks - 195.0 Greenbriar
Fairfax,Week5,Fox Mill Woods,Week1,232.0 Fairfax - 170.0 Fox Mill Woods
Fair Oaks ,Week2,Greenbriar,Week5,233.0 Greenbriar - 169.0 Fair Oaks
Fairfax,Week1,Great Falls,Week5,252.0 Fairfax - 150.0 Great Falls
Fairfax,Week4,McLean,Week3,244.0 McLean - 158.0 Fairfax
Fair Oaks ,Week4,Brandywine,Week1,229.0 Fair Oaks - 173.0 Brandywine
Fair Oaks ,Week2,Sully Station II,Week2,290.0 Sully Station II - 112.0 Fair Oaks
Fair Oaks ,Week4,Sully Station II,Week2,268.0 Sully Station II - 134.0 Fair Oaks
Fairfax,Week5,Fox Mill Woods,Week5,225.0 Fairfax - 177.0 Fox Mill Woods
Fair Oaks ,Week1,Truro,Week4,262.0 Fair Oaks - 140.0 Truro
Fair Oaks ,Week3,Greenbriar,Week3,204.0 Fair Oaks - 198.0 Greenbriar
Fairfax,Week5,Dowden Terrace,Week3,302.0 Fairfax - 100.0 Dowden Terrace
Fair Oaks ,Week1,Greenbriar,Week2,210.0 Greenbriar - 192.0 Fair Oaks
Fairfax,Week3,Dowden Terrace,Week5,236.0 Fairfax - 166.0 Dowden Terrace
Fairfax,Week5,McLean,Week4,208.0 Fairfax - 194.0 McLean
Fair Oaks ,Week3,Brandywine,Week2,234.0 Fair Oaks - 168.0 Brandywine
Fairfax,Week4,Dowden Terrace,Week3,278.0 Fairfax - 124.0 Dowden Terrace
Fair Oaks ,Week4,Brandywine,Week3,208.0 Fair Oaks - 194.0 Brandywine
Fair Oaks ,Week2,Greenbriar,Week1,226.0 Greenbriar - 176.0 Fair Oaks
Fairfax,Week5,McLean,Week5,228.0 McLean - 174.0 Fairfax
Fair Oaks ,Week4,Sully Station II,Week1,228.0 Sully Station II - 174.0 Fair Oaks
Fair Oaks ,Week3,Greenbriar,Week1,210.0 Fair Oaks - 192.0 Greenbriar
Fair Oaks ,Week1,Brandywine,Week2,212.0 Fair Oaks - 190.0 Brandywine
Fair Oaks ,Week5,Sully Station II,Week5,267.0 Sully Station II - 135.0 Fair Oaks
Fair Oaks ,Week4,Brandywine,Week2,222.0 Fair Oaks - 180.0 Brandywine
Fairfax,Week2,Great Falls,Week1,272.0 Fairfax - 130.0 Great Falls
Fair Oaks ,Week3,Sully Station II,Week3,250.0 Sully Station II - 152.0 Fair Oaks
Fair Oaks ,Week2,Brandywine,Week4,227.0 Brandywine - 175.0 Fair Oaks
Fair Oaks ,Week4,Truro,Week4,251.5 Fair Oaks - 150.5 Truro
Fairfax,Week1,Dowden Terrace,Week3,264.0 Fairfax - 138.0 Dowden Terrace
Fairfax,Week2,Great Falls,Week5,247.0 Fairfax - 155.0 Great Falls
Fairfax,Week3,McLean,Week3,206.0 McLean - 196.0 Fairfax
Fair Oaks ,Week2,Truro,Week3,251.0 Fair Oaks - 151.0 Truro
Fair Oaks ,Week5,Sully Station II,Week1,215.0 Sully Station II - 187.0 Fair Oaks
Fairfax,Week3,McLean,Week4,203.0 McLean - 199.0 Fairfax
Fair Oaks ,Week5,Truro,Week5,278.0 Fair Oaks - 124.0 Truro
Fair Oaks ,Week2,Tuckahoe,Week2,338.0 Tuckahoe - 64.0 Fair Oaks
Fairfax,Week1,McLean,Week5,243.0 McLean - 159.0 Fairfax
Fair Oaks ,Week2,Brandywine,Week5,248.0 Brandywine - 154.0 Fair Oaks
Fairfax,Week3,Great Falls,Week2,261.0 Fairfax - 123.0 Great Falls
Fair Oaks ,Week3,Brandywine,Week3,226.0 Fair Oaks - 176.0 Brandywine
Fair Oaks ,Week4,Arlington Forest,Week3,239.0 Fair Oaks - 163.0 Arlington Forest
Fairfax,Week1,Great Falls,Week3,242.0 Fairfax - 160.0 Great Falls
Fair Oaks ,Week4,Hamlet,Week3,287.0 Hamlet - 115.0 Fair Oaks
Fairfax,Week3,McLean,Week1,205.0 Fairfax - 197.0 McLean
Fair Oaks ,Week3,Brandywine,Week4,220.0 Fair Oaks - 182.0 Brandywine
Fairfax,Week4,Great Falls,Week1,277.5 Fairfax - 124.5 Great Falls
Fairfax,Week5,Fox Mill Woods,Week4,231.0 Fairfax - 171.0 Fox Mill Woods
Fair Oaks ,Week4,Greenbriar,Week1,211.0 Greenbriar - 191.0 Fair Oaks
Fairfax,Week2,Dowden Terrace,Week3,295.0 Fairfax - 107.0 Dowden Terrace
Fairfax,Week5,Dowden Terrace,Week4,269.0 Fairfax - 133.0 Dowden Terrace
Fair Oaks ,Week3,Truro,Week2,259.0 Fair Oaks - 143.0 Truro
Fair Oaks ,Week3,Greenbriar,Week4,227.0 Fair Oaks - 175.0 Greenbriar
Fair Oaks ,Week1,Bren Mar-Edsall Park,Week3,363.0 Fair Oaks - 39.0 Bren Mar-Edsall Park
Fair Oaks ,Week2,Brandywine,Week2,203.0 Brandywine - 199.0 Fair Oaks
Fairfax,Week2,Dowden Terrace,Week2,269.5 Fairfax - 132.5 Dowden Terrace
Fair Oaks ,Week1,Tuckahoe,Week2,316.0 Tuckahoe - 86.0 Fair Oaks
Fairfax,Week1,Dowden Terrace,Week5,210.0 Fairfax - 192.0 Dowden Terrace
Fairfax,Week3,Great Falls,Week1,277.0 Fairfax - 125.0 Great Falls
Fair Oaks ,Week5,Greenbriar,Week1,216.0 Fair Oaks - 186.0 Greenbriar
Fairfax,Week2,McLean,Week2,226.0 McLean - 176.0 Fairfax
Fairfax,Week2,McLean,Week1,207.0 McLean - 195.0 Fairfax
Fairfax,Week1,Great Falls,Week4,264.0 Fairfax - 138.0 Great Falls
Fair Oaks ,Week5,Arlington Forest,Week1,249.0 Fair Oaks - 153.0 Arlington Forest
Fairfax,Week4,Dowden Terrace,Week5,210.0 Fairfax - 192.0 Dowden Terrace
Fair Oaks ,Week3,Hamlet,Week4,252.0 Hamlet - 150.0 Fair Oaks
Fairfax,Week1,McLean,Week2,250.0 McLean - 152.0 Fairfax
Fair Oaks ,Week4,Brandywine,Week5,228.0 Brandywine - 174.0 Fair Oaks
Fair Oaks ,Week1,Hamlet,Week4,249.0 Hamlet - 153.0 Fair Oaks
Fairfax,Week5,Dowden Terrace,Week5,246.5 Fairfax - 155.5 Dowden Terrace
Fair Oaks ,Week4,Hamlet,Week1,272.0 Hamlet - 130.0 Fair Oaks
Fairfax,Week1,Dowden Terrace,Week4,235.0 Fairfax - 167.0 Dowden Terrace
Fairfax,Week4,McLean,Week1,223.5 McLean - 178.5 Fairfax
Fair Oaks ,Week5,Greenbriar,Week4,230.0 Fair Oaks - 172.0 Greenbriar
Fairfax,Week3,Great Falls,Week3,253.0 Fairfax - 149.0 Great Falls
Fairfax,Week5,McLean,Week1,207.0 McLean - 195.0 Fairfax
Fair Oaks ,Week5,Truro,Week4,286.0 Fair Oaks - 116.0 Truro
Fair Oaks ,Week5,Hamlet,Week1,239.0 Hamlet - 163.0 Fair Oaks
Fairfax,Week3,Dowden Terrace,Week3,275.0 Fairfax - 127.0 Dowden Terrace
Fairfax,Week2,Great Falls,Week4,271.0 Fairfax - 131.0 Great Falls
Fair Oaks ,Week4,Truro,Week5,266.0 Fair Oaks - 136.0 Truro
Fair Oaks ,Week4,Greenbriar,Week4,212.0 Fair Oaks - 190.0 Greenbriar
Fairfax,Week4,McLean,Week2,243.0 McLean - 159.0 Fairfax
Fair Oaks ,Week5,Arlington Forest,Week5,208.0 Arlington Forest - 194.0 Fair Oaks
Fair Oaks ,Week5,Brandywine,Week3,236.0 Fair Oaks - 165.0 Brandywine
Fairfax,Week3,McLean,Week2,210.0 McLean - 192.0 Fairfax
Fairfax,Week4,Dowden Terrace,Week1,273.0 Fairfax - 125.0 Dowden Terrace
Fairfax,Week1,Great Falls,Week2,250.0 Fairfax - 134.0 Great Falls
Fair Oaks ,Week4,Hamlet,Week5,305.0 Hamlet - 97.0 Fair Oaks
Fairfax,Week2,Dowden Terrace,Week5,229.0 Fairfax - 173.0 Dowden Terrace
Fairfax,Week4,Great Falls,Week2,253.0 Fairfax - 131.0 Great Falls
Fair Oaks ,Week4,Truro,Week2,268.0 Fair Oaks - 134.0 Truro
Fair Oaks ,Week5,Arlington Forest,Week3,255.0 Fair Oaks - 147.0 Arlington Forest
Fair Oaks ,Week5,Arlington Forest,Week2,258.0 Fair Oaks - 144.0 Arlington Forest
Fair Oaks ,Week2,Tuckahoe,Week1,337.0 Tuckahoe - 65.0 Fair Oaks
Fairfax,Week5,Dowden Terrace,Week2,289.0 Fairfax - 113.0 Dowden Terrace
Fairfax,Week1,McLean,Week1,229.5 McLean - 172.5 Fairfax
Fair Oaks ,Week5,Truro,Week3,292.0 Fair Oaks - 110.0 Truro
Fair Oaks ,Week2,Brandywine,Week3,208.0 Brandywine - 194.0 Fair Oaks
Fairfax,Week1,McLean,Week3,233.0 McLean - 169.0 Fairfax
Fair Oaks ,Week1,Hamlet,Week2,295.0 Hamlet - 107.0 Fair Oaks
Fair Oaks ,Week2,Truro,Week2,250.0 Fair Oaks - 152.0 Truro
Fair Oaks ,Week1,Tuckahoe,Week1,317.5 Tuckahoe - 84.5 Fair Oaks
Fair Oaks ,Week2,Hamlet,Week2,312.0 Hamlet - 90.0 Fair Oaks
Fair Oaks ,Week1,Tuckahoe,Week5,323.0 Tuckahoe - 79.0 Fair Oaks
Fairfax,Week1,Dunn Loring,Week4,222.0 Dunn Loring - 180.0 Fairfax
Fair Oaks ,Week4,Brandywine,Week4,209.0 Fair Oaks - 193.0 Brandywine
Fairfax,Week1,McLean,Week4,235.0 McLean - 167.0 Fairfax
Fair Oaks ,Week1,Tuckahoe,Week4,338.5 Tuckahoe - 63.5 Fair Oaks
Fair Oaks ,Week1,Brandywine,Week5,227.0 Brandywine - 175.0 Fair Oaks
Fairfax,Week4,McLean,Week4,225.0 McLean - 177.0 Fairfax
Fairfax,Week2,McLean,Week5,220.0 McLean - 182.0 Fairfax
Fairfax,Week1,Dunn Loring,Week2,214.0 Dunn Loring - 188.0 Fairfax
Fair Oaks ,Week1,Hamlet,Week1,272.0 Hamlet - 130.0 Fair Oaks
Fairfax,Week2,Great Falls,Week3,238.5 Fairfax - 163.5 Great Falls
Fairfax,Week4,Great Falls,Week4,264.0 Fairfax - 138.0 Great Falls
Fairfax,Week1,Dunn Loring,Week1,223.0 Fairfax - 179.0 Dunn Loring
Fairfax,Week1,Great Falls,Week1,267.5 Fairfax - 134.5 Great Falls
Fair Oaks ,Week5,Greenbriar,Week5,212.0 Fair Oaks - 190.0 Greenbriar
Fairfax,Week5,Great Falls,Week1,284.0 Fairfax - 118.0 Great Falls
Fairfax,Week3,Dunn Loring,Week4,212.0 Fairfax - 190.0 Dunn Loring
Fair Oaks ,Week4,Greenbriar,Week5,208.0 Greenbriar - 194.0 Fair Oaks
Fairfax,Week1,Dunn Loring,Week5,213.0 Dunn Loring - 189.0 Fairfax
Fairfax,Week3,McLean,Week5,217.0 McLean - 185.0 Fairfax
Fairfax,Week3,Great Falls,Week5,242.0 Fairfax - 160.0 Great Falls
Fairfax,Week3,Great Falls,Week4,264.0 Fairfax - 138.0 Great Falls
Fair Oaks ,Week4,Arlington Forest,Week4,216.0 Arlington Forest - 186.0 Fair Oaks
Fair Oaks ,Week1,Brandywine,Week1,237.0 Fair Oaks - 165.0 Brandywine
Fair Oaks ,Week2,Tuckahoe,Week4,346.0 Tuckahoe - 56.0 Fair Oaks
Fair Oaks ,Week5,Brandywine,Week1,253.0 Fair Oaks - 149.0 Brandywine
Fairfax,Week1,Fair Oaks ,Week5,228.0 Fairfax - 174.0 Fair Oaks
Fairfax,Week5,McLean,Week3,216.0 McLean - 186.0 Fairfax
Fair Oaks ,Week2,Hamlet,Week4,285.0 Hamlet - 117.0 Fair Oaks
Fairfax,Week3,Fair Oaks ,Week5,256.0 Fairfax - 146.0 Fair Oaks
Fair Oaks ,Week5,Brandywine,Week5,205.0 Fair Oaks - 197.0 Brandywine
Fair Oaks ,Week3,Hamlet,Week1,251.0 Hamlet - 151.0 Fair Oaks
Fairfax,Week2,Fair Oaks ,Week4,267.0 Fairfax - 135.0 Fair Oaks
Fairfax,Week3,Fair Oaks ,Week3,257.5 Fairfax - 144.5 Fair Oaks
Fair Oaks ,Week3,Hamlet,Week2,276.0 Hamlet - 126.0 Fair Oaks
Fair Oaks ,Week1,Brandywine,Week3,207.0 Fair Oaks - 195.0 Brandywine
Fairfax,Week3,Dunn Loring,Week5,202.0 Dunn Loring - 200.0 Fairfax
Fair Oaks ,Week2,Hamlet,Week5,309.5 Hamlet - 92.5 Fair Oaks
Fairfax,Week4,McLean,Week5,235.0 McLean - 167.0 Fairfax
Fair Oaks ,Week3,Truro,Week5,260.0 Fair Oaks - 142.0 Truro
Fair Oaks ,Week3,Tuckahoe,Week3,331.0 Tuckahoe - 71.0 Fair Oaks
Fairfax,Week2,Dunn Loring,Week4,201.0 Dunn Loring - 201.0 Fairfax
Fairfax,Week2,McLean,Week4,214.5 McLean - 187.5 Fairfax
Fairfax,Week1,Hamlet,Week4,221.0 Hamlet - 181.0 Fairfax
Fairfax,Week3,Greenbriar,Week2,230.0 Fairfax - 172.0 Greenbriar
Fair Oaks ,Week5,Arlington Forest,Week4,219.0 Fair Oaks - 183.0 Arlington Forest
Fair Oaks ,Week4,Greenbriar,Week3,205.0 Greenbriar - 197.0 Fair Oaks
Fairfax,Week4,Greenbriar,Week5,257.0 Fairfax - 145.0 Greenbriar
Fair Oaks ,Week5,Truro,Week2,286.0 Fair Oaks - 116.0 Truro
Fair Oaks ,Week5,Brandywine,Week4,240.5 Fair Oaks - 161.5 Brandywine
Fair Oaks ,Week5,Greenbriar,Week2,202.0 Greenbriar - 200.0 Fair Oaks
Fair Oaks ,Week3,Truro,Week1,255.0 Fair Oaks - 147.0 Truro
Fair Oaks ,Week2,Hamlet,Week1,283.0 Hamlet - 119.0 Fair Oaks
Fairfax,Week3,Fair Oaks ,Week1,263.5 Fairfax - 138.5 Fair Oaks
Fair Oaks ,Week2,Hamlet,Week3,296.0 Hamlet - 106.0 Fair Oaks
Fairfax,Week4,Greenbriar,Week2,231.0 Fairfax - 171.0 Greenbriar
Fair Oaks ,Week2,Truro,Week5,240.0 Fair Oaks - 162.0 Truro
Fair Oaks ,Week4,Truro,Week3,274.0 Fair Oaks - 128.0 Truro
Fairfax,Week5,McLean,Week2,214.0 McLean - 188.0 Fairfax
Fairfax,Week5,Great Falls,Week5,262.0 Fairfax - 140.0 Great Falls
Fair Oaks ,Week3,Truro,Week4,262.0 Fair Oaks - 140.0 Truro
Fairfax,Week2,McLean,Week3,218.0 McLean - 184.0 Fairfax
Fair Oaks ,Week3,Brandywine,Week5,204.0 Brandywine - 198.0 Fair Oaks
Fairfax,Week1,Hamlet,Week2,257.0 Hamlet - 145.0 Fairfax
Fair Oaks ,Week3,Brandywine,Week1,248.0 Fair Oaks - 154.0 Brandywine
Fairfax,Week5,Great Falls,Week3,258.0 Fairfax - 144.0 Great Falls
Fair Oaks ,Week1,Brandywine,Week4,208.0 Fair Oaks - 194.0 Brandywine
Fairfax,Week3,Greenbriar,Week5,254.0 Fairfax - 148.0 Greenbriar
Fairfax,Week1,Greenbriar,Week5,230.0 Fairfax - 172.0 Greenbriar
Fair Oaks ,Week5,Truro,Week1,277.0 Fair Oaks - 125.0 Truro
Fairfax,Week3,Dunn Loring,Week3,209.0 Fairfax - 193.0 Dunn Loring
Fairfax,Week5,Greenbriar,Week5,276.0 Fairfax - 126.0 Greenbriar
Fair Oaks ,Week3,Hamlet,Week3,265.0 Hamlet - 137.0 Fair Oaks
Fair Oaks ,Week1,Brookfield ,Week5,236.0 Fair Oaks - 166.0 Brookfield
Fair Oaks ,Week5,Greenbriar,Week3,216.0 Fair Oaks - 186.0 Greenbriar
Fairfax,Week2,Hamlet,Week2,222.5 Hamlet - 179.5 Fairfax
Fair Oaks ,Week1,Bren Mar-Edsall Park,Week2,373.0 Fair Oaks - 29.0 Bren Mar-Edsall Park
Fair Oaks ,Week1,Brookfield ,Week1,235.0 Fair Oaks - 167.0 Brookfield
Fair Oaks ,Week1,Hamlet,Week3,275.0 Hamlet - 127.0 Fair Oaks
Fairfax,Week4,Dunn Loring,Week5,218.0 Dunn Loring - 184.0 Fairfax
Fairfax,Week5,Dunn Loring,Week2,204.0 Fairfax - 198.0 Dunn Loring
Fairfax,Week2,Dunn Loring,Week3,206.0 Dunn Loring - 196.0 Fairfax
Fair Oaks ,Week3,Hamlet,Week5,282.0 Hamlet - 120.0 Fair Oaks
Fair Oaks ,Week4,Truro,Week1,261.0 Fair Oaks - 141.0 Truro
Fair Oaks ,Week1,Bren Mar-Edsall Park,Week1,372.0 Fair Oaks - 30.0 Bren Mar-Edsall Park
Fairfax,Week5,Greenbriar,Week4,283.0 Fairfax - 119.0 Greenbriar
Fair Oaks ,Week3,Truro,Week3,271.0 Fair Oaks - 131.0 Truro
Fairfax,Week5,Dunn Loring,Week1,249.0 Fairfax - 153.0 Dunn Loring
Fair Oaks ,Week2,Truro,Week4,229.0 Fair Oaks - 173.0 Truro
Fair Oaks ,Week1,Hamlet,Week5,289.0 Hamlet - 113.0 Fair Oaks
Fair Oaks ,Week2,Tuckahoe,Week3,345.0 Tuckahoe - 57.0 Fair Oaks
Fair Oaks ,Week3,Bren Mar-Edsall Park,Week5,361.0 Fair Oaks - 41.0 Bren Mar-Edsall Park
Fairfax,Week1,Hamlet,Week1,227.0 Hamlet - 175.0 Fairfax
Fair Oaks ,Week4,Tuckahoe,Week1,329.5 Tuckahoe - 72.5 Fair Oaks
Fair Oaks ,Week5,Hayfield Farm,Week1,235.0 Fair Oaks - 167.0 Hayfield Farm
Fair Oaks ,Week3,Hayfield Farm,Week2,223.0 Fair Oaks - 179.0 Hayfield Farm
Fair Oaks ,Week5,Bren Mar-Edsall Park,Week1,372.0 Fair Oaks - 30.0 Bren Mar-Edsall Park
Fair Oaks ,Week2,Tuckahoe,Week5,333.0 Tuckahoe - 69.0 Fair Oaks
Dunn Loring,Week5,Riverside Gardens,Week3,217.0 Dunn Loring - 185.0 Riverside Gardens
Dunn Loring,Week3,Riverside Gardens,Week5,213.0 Dunn Loring - 189.0 Riverside Gardens
Fairfax,Week2,Hamlet,Week4,208.0 Hamlet - 194.0 Fairfax
Fair Oaks ,Week4,Bren Mar-Edsall Park,Week3,362.0 Fair Oaks - 40.0 Bren Mar-Edsall Park
Dunn Loring,Week4,Riverside Gardens,Week3,212.0 Dunn Loring - 190.0 Riverside Gardens
Dunn Loring,Week2,Riverside Gardens,Week3,229.0 Dunn Loring - 173.0 Riverside Gardens
Fairfax,Week1,Greenbriar,Week3,224.0 Fairfax - 178.0 Greenbriar
Fair Oaks ,Week4,Hamlet,Week2,297.0 Hamlet - 105.0 Fair Oaks
Fairfax,Week5,Dunn Loring,Week5,217.0 Fairfax - 185.0 Dunn Loring
Fair Oaks ,Week4,Bren Mar-Edsall Park,Week4,361.0 Fair Oaks - 40.0 Bren Mar-Edsall Park
Fair Oaks ,Week4,Hamlet,Week4,263.0 Hamlet - 139.0 Fair Oaks
Dunn Loring,Week1,Rolling Forest,Week3,231.0 Dunn Loring - 171.0 Rolling Forest
Fair Oaks ,Week3,Tuckahoe,Week2,312.0 Tuckahoe - 90.0 Fair Oaks
Fair Oaks ,Week5,Brandywine,Week2,233.5 Fair Oaks - 168.5 Brandywine
Fair Oaks ,Week3,Tuckahoe,Week1,306.0 Tuckahoe - 96.0 Fair Oaks
Fair Oaks ,Week5,Hayfield Farm,Week3,203.0 Fair Oaks - 199.0 Hayfield Farm
Fairfax,Week5,Greenbriar,Week1,260.0 Fairfax - 142.0 Greenbriar
Fairfax,Week2,Greenbriar,Week3,246.0 Fairfax - 156.0 Greenbriar
Fairfax,Week1,Fair Oaks ,Week2,266.0 Fairfax - 136.0 Fair Oaks
Dunn Loring,Week1,Riverside Gardens,Week4,223.0 Riverside Gardens - 179.0 Dunn Loring
Fairfax,Week4,Dunn Loring,Week3,214.5 Dunn Loring - 187.5 Fairfax
Fairfax,Week3,Dunn Loring,Week2,216.5 Fairfax - 185.5 Dunn Loring
Fair Oaks ,Week2,Bren Mar-Edsall Park,Week5,349.0 Fair Oaks - 52.0 Bren Mar-Edsall Park
Fair Oaks ,Week1,Tuckahoe,Week3,332.0 Tuckahoe - 70.0 Fair Oaks
Fairfax,Week1,Greenbriar,Week2,203.0 Fairfax - 199.0 Greenbriar
Fairfax,Week1,Fair Oaks ,Week1,233.0 Fairfax - 169.0 Fair Oaks
Fairfax,Week3,Greenbriar,Week4,268.5 Fairfax - 133.5 Greenbriar
Fairfax,Week1,Fair Oaks ,Week4,259.0 Fairfax - 143.0 Fair Oaks
Fair Oaks ,Week1,Hayfield Farm,Week4,211.0 Fair Oaks - 191.0 Hayfield Farm
Fair Oaks ,Week1,Vienna Aquatic,Week2,261.0 Vienna Aquatic - 141.0 Fair Oaks
Fair Oaks ,Week5,Hamlet,Week3,261.0 Hamlet - 141.0 Fair Oaks
Fairfax,Week4,Dunn Loring,Week2,211.0 Dunn Loring - 191.0 Fairfax
Fair Oaks ,Week5,Tuckahoe,Week2,307.0 Tuckahoe - 95.0 Fair Oaks
Fair Oaks ,Week5,Bren Mar-Edsall Park,Week5,363.5 Fair Oaks - 38.5 Bren Mar-Edsall Park
Dunn Loring,Week1,Riverside Gardens,Week3,211.0 Riverside Gardens - 191.0 Dunn Loring
Fair Oaks ,Week1,Vienna Aquatic,Week1,263.5 Vienna Aquatic - 138.5 Fair Oaks
Dunn Loring,Week1,Riverside Gardens,Week5,229.0 Riverside Gardens - 173.0 Dunn Loring
Fairfax,Week2,Fair Oaks ,Week1,264.0 Fairfax - 138.0 Fair Oaks
Fairfax,Week2,Greenbriar,Week2,228.0 Fairfax - 174.0 Greenbriar
Fairfax,Week5,Dunn Loring,Week4,212.0 Fairfax - 190.0 Dunn Loring
Fair Oaks ,Week4,Tuckahoe,Week4,341.0 Tuckahoe - 61.0 Fair Oaks
Fairfax,Week5,Greenbriar,Week3,261.0 Fairfax - 141.0 Greenbriar
Fair Oaks ,Week3,Bren Mar-Edsall Park,Week4,365.0 Fair Oaks - 37.0 Bren Mar-Edsall Park
Fair Oaks ,Week1,Bren Mar-Edsall Park,Week5,355.0 Fair Oaks - 47.0 Bren Mar-Edsall Park
Fairfax,Week1,Fair Oaks ,Week3,232.0 Fairfax - 170.0 Fair Oaks
Fair Oaks ,Week2,Hayfield Farm,Week4,232.0 Hayfield Farm - 170.0 Fair Oaks
Fair Oaks ,Week3,Tuckahoe,Week5,317.5 Tuckahoe - 84.5 Fair Oaks
Dunn Loring,Week5,Ravensworth Farm,Week3,240.0 Dunn Loring - 162.0 Ravensworth Farm
Fair Oaks ,Week5,Tuckahoe,Week1,308.0 Tuckahoe - 94.0 Fair Oaks
Fair Oaks ,Week1,Hayfield Farm,Week2,218.0 Fair Oaks - 184.0 Hayfield Farm
Fairfax,Week1,Greenbriar,Week4,239.0 Fairfax - 163.0 Greenbriar
Fair Oaks ,Week4,Hayfield Farm,Week5,209.0 Fair Oaks - 193.0 Hayfield Farm
Fair Oaks ,Week1,Herndon,Week4,330.0 Fair Oaks - 72.0 Herndon
Dunn Loring,Week3,Riverside Gardens,Week4,222.0 Dunn Loring - 180.0 Riverside Gardens
Fair Oaks ,Week2,Bren Mar-Edsall Park,Week3,345.0 Fair Oaks - 57.0 Bren Mar-Edsall Park
Fair Oaks ,Week4,Tuckahoe,Week2,333.0 Tuckahoe - 69.0 Fair Oaks
Fair Oaks ,Week3,Bren Mar-Edsall Park,Week3,364.0 Fair Oaks - 38.0 Bren Mar-Edsall Park
Fairfax,Week2,Greenbriar,Week1,239.0 Fairfax - 163.0 Greenbriar
Fairfax,Week2,Dunn Loring,Week2,210.0 Fairfax - 192.0 Dunn Loring
Fairfax,Week4,Dunn Loring,Week4,219.0 Dunn Loring - 183.0 Fairfax
Dunn Loring,Week2,Rolling Forest,Week2,286.0 Dunn Loring - 116.0 Rolling Forest
Fair Oaks ,Week4,Hayfield Farm,Week2,203.0 Fair Oaks - 199.0 Hayfield Farm
Fair Oaks ,Week1,Bren Mar-Edsall Park,Week4,364.0 Fair Oaks - 38.0 Bren Mar-Edsall Park
Dunn Loring,Week2,Riverside Gardens,Week1,247.0 Dunn Loring - 155.0 Riverside Gardens
Fair Oaks ,Week4,Bren Mar-Edsall Park,Week5,354.0 Fair Oaks - 46.0 Bren Mar-Edsall Park
Fairfax,Week4,Greenbriar,Week3,249.0 Fairfax - 153.0 Greenbriar
Fairfax,Week2,Dunn Loring,Week5,215.0 Fairfax - 187.0 Dunn Loring
Fairfax,Week3,Greenbriar,Week1,236.0 Fairfax - 166.0 Greenbriar
Dunn Loring,Week5,Riverside Gardens,Week1,241.0 Dunn Loring - 161.0 Riverside Gardens
Fair Oaks ,Week1,Brookfield ,Week3,243.0 Fair Oaks - 159.0 Brookfield
Fair Oaks ,Week3,Tuckahoe,Week4,323.0 Tuckahoe - 79.0 Fair Oaks
Dunn Loring,Week4,Riverside Gardens,Week4,208.0 Riverside Gardens - 194.0 Dunn Loring
Dunn Loring,Week1,Rolling Forest,Week1,262.0 Dunn Loring - 140.0 Rolling Forest
Fairfax,Week4,Dunn Loring,Week1,227.0 Fairfax - 175.0 Dunn Loring
Fair Oaks ,Week4,Tuckahoe,Week5,327.0 Tuckahoe - 75.0 Fair Oaks
Fair Oaks ,Week2,Vienna Aquatic,Week2,286.0 Vienna Aquatic - 116.0 Fair Oaks
Fair Oaks ,Week5,Bren Mar-Edsall Park,Week2,369.0 Fair Oaks - 33.0 Bren Mar-Edsall Park
Fairfax,Week4,Greenbriar,Week1,236.0 Fairfax - 166.0 Greenbriar
Dunn Loring,Week2,Riverside Gardens,Week4,207.0 Dunn Loring - 195.0 Riverside Gardens
Fairfax,Week3,Dunn Loring,Week1,246.0 Fairfax - 156.0 Dunn Loring
Fair Oaks ,Week5,Hamlet,Week4,248.0 Hamlet - 154.0 Fair Oaks
Fair Oaks ,Week2,Herndon,Week1,308.0 Fair Oaks - 89.0 Herndon
Fair Oaks ,Week2,Hayfield Farm,Week1,220.0 Hayfield Farm - 182.0 Fair Oaks
Fairfax,Week3,Greenbriar,Week3,246.0 Fairfax - 156.0 Greenbriar
Fair Oaks ,Week5,Tuckahoe,Week5,313.0 Tuckahoe - 89.0 Fair Oaks
Fair Oaks ,Week5,Bren Mar-Edsall Park,Week4,367.0 Fair Oaks - 35.0 Bren Mar-Edsall Park
Fairfax,Week5,Dunn Loring,Week3,206.5 Dunn Loring - 195.5 Fairfax
Dunn Loring,Week5,Riverside Gardens,Week2,250.0 Dunn Loring - 152.0 Riverside Gardens
Fair Oaks ,Week3,Bren Mar-Edsall Park,Week2,370.0 Fair Oaks - 32.0 Bren Mar-Edsall Park
Fairfax,Week2,Greenbriar,Week5,250.0 Fairfax - 152.0 Greenbriar
Fair Oaks ,Week4,Hayfield Farm,Week4,217.0 Hayfield Farm - 185.0 Fair Oaks
Dunn Loring,Week1,Rolling Forest,Week2,262.0 Dunn Loring - 140.0 Rolling Forest
Fairfax,Week2,Fair Oaks ,Week3,252.0 Fairfax - 150.0 Fair Oaks
Fair Oaks ,Week1,Vienna Aquatic,Week5,285.0 Vienna Aquatic - 117.0 Fair Oaks
Dunn Loring,Week1,Riverside Gardens,Week1,213.0 Riverside Gardens - 189.0 Dunn Loring
Fairfax,Week2,Greenbriar,Week4,259.0 Fairfax - 143.0 Greenbriar
Dunn Loring,Week3,Riverside Gardens,Week2,267.0 Dunn Loring - 135.0 Riverside Gardens
Dunn Loring,Week4,Riverside Gardens,Week2,244.0 Dunn Loring - 158.0 Riverside Gardens
Fair Oaks ,Week5,Hamlet,Week5,278.0 Hamlet - 124.0 Fair Oaks
Fair Oaks ,Week4,Bren Mar-Edsall Park,Week2,367.0 Fair Oaks - 35.0 Bren Mar-Edsall Park
Fair Oaks ,Week5,Tuckahoe,Week3,335.0 Tuckahoe - 67.0 Fair Oaks
Fair Oaks ,Week3,Bren Mar-Edsall Park,Week1,374.0 Fair Oaks - 28.0 Bren Mar-Edsall Park
Fair Oaks ,Week2,Hayfield Farm,Week3,233.0 Hayfield Farm - 169.0 Fair Oaks
Fair Oaks ,Week3,Hayfield Farm,Week4,212.0 Fair Oaks - 190.0 Hayfield Farm
Fairfax,Week2,Hamlet,Week1,212.0 Hamlet - 190.0 Fairfax
Fairfax,Week1,Hamlet,Week3,242.0 Hamlet - 160.0 Fairfax
Fair Oaks ,Week4,Bren Mar-Edsall Park,Week1,375.0 Fair Oaks - 23.0 Bren Mar-Edsall Park
Fair Oaks ,Week1,Hayfield Farm,Week1,215.0 Fair Oaks - 187.0 Hayfield Farm
Fair Oaks ,Week1,Brookfield ,Week4,233.0 Fair Oaks - 169.0 Brookfield
Fair Oaks ,Week4,Hayfield Farm,Week1,206.0 Fair Oaks - 196.0 Hayfield Farm
Fair Oaks ,Week1,Vienna Aquatic,Week3,266.0 Vienna Aquatic - 136.0 Fair Oaks
Fairfax,Week2,Fair Oaks ,Week2,278.0 Fairfax - 124.0 Fair Oaks
Fair Oaks ,Week2,Hayfield Farm,Week5,210.0 Hayfield Farm - 192.0 Fair Oaks
Fairfax,Week4,Fair Oaks ,Week1,256.0 Fairfax - 146.0 Fair Oaks
Dunn Loring,Week5,Riverside Gardens,Week5,218.0 Dunn Loring - 184.0 Riverside Gardens
Fair Oaks ,Week2,Bren Mar-Edsall Park,Week4,349.0 Fair Oaks - 53.0 Bren Mar-Edsall Park
Fairfax,Week5,Greenbriar,Week2,250.0 Fairfax - 152.0 Greenbriar
Dunn Loring,Week2,Riverside Gardens,Week5,216.0 Dunn Loring - 186.0 Riverside Gardens
Fair Oaks ,Week1,Vienna Aquatic,Week4,271.0 Vienna Aquatic - 131.0 Fair Oaks
Fairfax,Week3,Fair Oaks ,Week2,279.0 Fairfax - 123.0 Fair Oaks
Fairfax,Week3,Fair Oaks ,Week4,273.0 Fairfax - 129.0 Fair Oaks
Fairfax,Week1,Hamlet,Week5,251.0 Hamlet - 151.0 Fairfax
Fairfax,Week4,Greenbriar,Week4,255.0 Fairfax - 147.0 Greenbriar
Fair Oaks ,Week4,Tuckahoe,Week3,344.5 Tuckahoe - 57.5 Fair Oaks
Fairfax,Week2,Fair Oaks ,Week5,241.0 Fairfax - 161.0 Fair Oaks
Fair Oaks ,Week2,Vienna Aquatic,Week1,292.0 Vienna Aquatic - 110.0 Fair Oaks
Fair Oaks ,Week1,Annandale,Week5,294.0 Fair Oaks - 108.0 Annandale
Dunn Loring,Week3,Riverside Gardens,Week1,257.0 Dunn Loring - 145.0 Riverside Gardens
Fair Oaks ,Week5,Bren Mar-Edsall Park,Week3,369.0 Fair Oaks - 33.0 Bren Mar-Edsall Park
Fairfax,Week2,Hayfield Farm,Week5,281.0 Fairfax - 121.0 Hayfield Farm
Fair Oaks ,Week2,Vienna Aquatic,Week3,299.0 Vienna Aquatic - 103.0 Fair Oaks
Fairfax,Week1,Fairfax,Week2,249.0 Fairfax (F2) - 153.0 Fairfax (F1)
Fair Oaks ,Week3,Hayfield Farm,Week5,216.0 Fair Oaks - 186.0 Hayfield Farm
Fair Oaks ,Week2,Brookfield ,Week1,207.0 Fair Oaks - 195.0 Brookfield
Fair Oaks ,Week3,Hayfield Farm,Week3,204.0 Fair Oaks - 198.0 Hayfield Farm
Fair Oaks ,Week5,Annandale,Week2,308.0 Fair Oaks - 94.0 Annandale
Dunn Loring,Week4,Riverside Gardens,Week1,247.0 Dunn Loring - 155.0 Riverside Gardens
Fair Oaks ,Week2,Hayfield Farm,Week2,215.0 Hayfield Farm - 187.0 Fair Oaks
Fair Oaks ,Week1,Hayfield Farm,Week5,203.0 Fair Oaks - 199.0 Hayfield Farm
Fair Oaks ,Week2,Bren Mar-Edsall Park,Week1,361.0 Fair Oaks - 41.0 Bren Mar-Edsall Park
Fair Oaks ,Week5,Annandale,Week5,308.5 Fair Oaks - 93.5 Annandale
Fairfax,Week3,Hayfield Farm,Week1,268.0 Fairfax - 134.0 Hayfield Farm
Fairfax,Week2,Fairfax,Week2,201.0 Fairfax (F1) - 201.0 Fairfax (F2)
Fairfax,Week2,Hamlet,Week3,215.0 Hamlet - 187.0 Fairfax
Fair Oaks ,Week5,Hamlet,Week2,271.0 Hamlet - 131.0 Fair Oaks
Fair Oaks ,Week4,Hayfield Farm,Week3,201.0 Fair Oaks - 201.0 Hayfield Farm
Fairfax,Week3,Hamlet,Week2,213.0 Hamlet - 189.0 Fairfax
Fairfax,Week1,Hayfield Farm,Week5,259.0 Fairfax - 143.0 Hayfield Farm
Fairfax,Week4,Hamlet,Week5,236.0 Hamlet - 166.0 Fairfax
Fairfax,Week5,Fairfax,Week2,225.0 Fairfax (F1) - 177.0 Fairfax (F2)
Fairfax,Week4,Fairfax,Week4,200.5 Fairfax (F1) - 200.5 Fairfax (F2)
Dunn Loring,Week2,Riverside Gardens,Week2,250.5 Dunn Loring - 151.5 Riverside Gardens
Fair Oaks ,Week1,Brookfield ,Week2,243.0 Fair Oaks - 159.0 Brookfield
Fairfax,Week3,Hamlet,Week5,208.0 Hamlet - 194.0 Fairfax
Fairfax,Week2,Hayfield Farm,Week3,262.0 Fairfax - 140.0 Hayfield Farm
Fairfax,Week3,Fairfax,Week5,224.0 Fairfax (F2) - 177.0 Fairfax (F1)
Fair Oaks ,Week2,Bren Mar-Edsall Park,Week2,357.0 Fair Oaks - 45.0 Bren Mar-Edsall Park
Fair Oaks ,Week1,Hayfield Farm,Week3,202.0 Fair Oaks - 200.0 Hayfield Farm
Fairfax,Week4,Fair Oaks ,Week5,247.0 Fairfax - 155.0 Fair Oaks
Fair Oaks ,Week5,Tuckahoe,Week4,321.0 Tuckahoe - 81.0 Fair Oaks
Fair Oaks ,Week3,Hayfield Farm,Week1,211.0 Fair Oaks - 191.0 Hayfield Farm
Dunn Loring,Week5,Ravensworth Farm,Week5,252.0 Dunn Loring - 150.0 Ravensworth Farm
Fair Oaks ,Week2,Vienna Aquatic,Week4,303.0 Vienna Aquatic - 99.0 Fair Oaks
Fairfax,Week4,Fairfax,Week2,222.0 Fairfax (F2) - 180.0 Fairfax (F1)
Dunn Loring,Week5,Ravensworth Farm,Week4,269.0 Dunn Loring - 133.0 Ravensworth Farm
Dunn Loring,Week3,Riverside Gardens,Week3,232.0 Dunn Loring - 170.0 Riverside Gardens
Dunn Loring,Week1,Riverside Gardens,Week2,205.5 Dunn Loring - 196.5 Riverside Gardens
Fairfax,Week2,Fairfax,Week5,225.0 Fairfax (F2) - 177.0 Fairfax (F1)
Dunn Loring,Week4,Riverside Gardens,Week5,203.0 Riverside Gardens - 199.0 Dunn Loring
Fairfax,Week3,Fairfax,Week4,228.0 Fairfax (F1) - 173.0 Fairfax (F2)
Fairfax,Week3,Hamlet,Week1,207.0 Hamlet - 194.0 Fairfax
Fairfax,Week1,Fairfax Club Estates,Week4,285.0 Fairfax - 117.0 Fairfax Club Estates
Fair Oaks ,Week5,Hayfield Farm,Week2,241.0 Fair Oaks - 161.0 Hayfield Farm
Dunn Loring,Week2,Rolling Forest,Week1,287.0 Dunn Loring - 115.0 Rolling Forest
Fair Oaks ,Week1,Herndon,Week1,326.0 Fair Oaks - 75.0 Herndon
Fair Oaks ,Week3,Annandale,Week2,291.0 Fair Oaks - 111.0 Annandale
Fair Oaks ,Week5,Hayfield Farm,Week5,233.0 Fair Oaks - 169.0 Hayfield Farm
Fairfax,Week4,Hayfield Farm,Week3,250.0 Fairfax - 152.0 Hayfield Farm
Fair Oaks ,Week1,Arlington Forest,Week5,226.0 Arlington Forest - 176.0 Fair Oaks
Fairfax,Week1,Fairfax,Week5,259.0 Fairfax (F2) - 143.0 Fairfax (F1)
Fairfax,Week4,Hamlet,Week1,220.5 Hamlet - 180.5 Fairfax
Fair Oaks ,Week2,Annandale,Week3,259.0 Fair Oaks - 143.0 Annandale
Dunn Loring,Week5,Riverside Gardens,Week4,211.0 Dunn Loring - 191.0 Riverside Gardens
Dunn Loring,Week1,Rolling Forest,Week4,269.0 Dunn Loring - 133.0 Rolling Forest
Fair Oaks ,Week5,Hayfield Farm,Week4,232.0 Fair Oaks - 170.0 Hayfield Farm
Fair Oaks ,Week1,Arlington Forest,Week3,235.0 Fair Oaks - 167.0 Arlington Forest
Fair Oaks ,Week2,Annandale,Week1,282.0 Fair Oaks - 120.0 Annandale
Fairfax,Week2,Hamlet,Week5,215.0 Hamlet - 187.0 Fairfax
Fairfax,Week4,Hamlet,Week3,234.0 Hamlet - 168.0 Fairfax
Dunn Loring,Week1,Rolling Forest,Week5,237.0 Dunn Loring - 165.0 Rolling Forest
Fairfax,Week4,Fairfax,Week1,224.0 Fairfax (F1) - 178.0 Fairfax (F2)
Fairfax,Week4,Fair Oaks ,Week2,284.0 Fairfax - 118.0 Fair Oaks
Fairfax,Week5,Hamlet,Week5,209.0 Hamlet - 193.0 Fairfax
Fairfax,Week4,Hamlet,Week2,241.5 Hamlet - 160.5 Fairfax
Fairfax,Week1,Hayfield Farm,Week1,250.0 Fairfax - 152.0 Hayfield Farm
Fair Oaks ,Week1,Hiddenbrook,Week5,239.0 Fair Oaks - 163.0 Hiddenbrook
Fair Oaks ,Week5,Herndon,Week1,341.0 Fair Oaks - 61.0 Herndon
Fair Oaks ,Week1,Annandale,Week1,310.0 Fair Oaks - 92.0 Annandale
Fair Oaks ,Week1,Herndon,Week3,324.0 Fair Oaks - 78.0 Herndon
Dunn Loring,Week5,Woodley,Week5,326.0 Dunn Loring - 76.0 Woodley
Fairfax,Week1,Hayfield Farm,Week2,272.0 Fairfax - 130.0 Hayfield Farm
Fairfax,Week5,Fair Oaks ,Week3,273.0 Fairfax - 129.0 Fair Oaks
Dunn Loring,Week2,Rolling Forest,Week5,270.0 Dunn Loring - 132.0 Rolling Forest
Fairfax,Week5,Hamlet,Week4,215.0 Fairfax - 187.0 Hamlet
Fairfax,Week5,Fair Oaks ,Week1,290.0 Fairfax - 112.0 Fair Oaks
Fairfax,Week3,Fairfax,Week1,243.0 Fairfax (F1) - 159.0 Fairfax (F2)
Fair Oaks ,Week3,Annandale,Week4,300.0 Fair Oaks - 102.0 Annandale
Fair Oaks ,Week1,Hiddenbrook,Week2,289.0 Fair Oaks - 113.0 Hiddenbrook
Dunn Loring,Week2,Rolling Forest,Week4,293.0 Dunn Loring - 109.0 Rolling Forest
Fairfax,Week3,Fairfax,Week3,200.5 Fairfax (F1) - 200.5 Fairfax (F2)
Fair Oaks ,Week1,Herndon,Week5,332.0 Fair Oaks - 70.0 Herndon
Fairfax,Week5,Hamlet,Week3,204.5 Hamlet - 197.5 Fairfax
Fairfax,Week3,Hamlet,Week3,209.0 Hamlet - 193.0 Fairfax
Fair Oaks ,Week2,Herndon,Week5,308.0 Fair Oaks - 93.0 Herndon
Dunn Loring,Week3,Rolling Forest,Week3,275.0 Dunn Loring - 127.0 Rolling Forest
Fair Oaks ,Week4,Annandale,Week4,299.0 Fair Oaks - 103.0 Annandale
Dunn Loring,Week4,Rolling Forest,Week3,261.0 Dunn Loring - 141.0 Rolling Forest
Dunn Loring,Week2,Rolling Forest,Week3,256.0 Dunn Loring - 146.0 Rolling Forest
Fairfax,Week4,Fair Oaks ,Week4,270.0 Fairfax - 132.0 Fair Oaks
Fairfax,Week4,Fair Oaks ,Week3,250.5 Fairfax - 151.5 Fair Oaks
Fair Oaks ,Week4,Annandale,Week1,307.0 Fair Oaks - 95.0 Annandale
Fair Oaks ,Week1,Arlington Forest,Week2,221.0 Fair Oaks - 181.0 Arlington Forest
Dunn Loring,Week3,Rolling Forest,Week1,300.0 Dunn Loring - 102.0 Rolling Forest
Dunn Loring,Week3,Rolling Forest,Week5,276.0 Dunn Loring - 126.0 Rolling Forest
Fair Oaks ,Week2,Annandale,Week4,283.0 Fair Oaks - 119.0 Annandale
Fair Oaks ,Week1,Herndon,Week2,331.0 Fair Oaks - 71.0 Herndon
Fairfax,Week1,Hayfield Farm,Week3,247.0 Fairfax - 155.0 Hayfield Farm
Fair Oaks ,Week4,Herndon,Week2,329.0 Fair Oaks - 72.0 Herndon
Fair Oaks ,Week4,Annandale,Week3,282.0 Fair Oaks - 120.0 Annandale
Dunn Loring,Week3,Rolling Forest,Week4,302.0 Dunn Loring - 100.0 Rolling Forest
Fairfax,Week2,Fairfax,Week3,219.0 Fairfax (F2) - 183.0 Fairfax (F1)
Fair Oaks ,Week2,Hiddenbrook,Week2,262.5 Fair Oaks - 138.5 Hiddenbrook
Fair Oaks ,Week5,Herndon,Week5,348.0 Fair Oaks - 54.0 Herndon
Fair Oaks ,Week5,Herndon,Week2,342.0 Fair Oaks - 60.0 Herndon
Fair Oaks ,Week3,Herndon,Week1,324.0 Fair Oaks - 78.0 Herndon
Fair Oaks ,Week3,Annandale,Week1,314.0 Fair Oaks - 88.0 Annandale
Fair Oaks ,Week2,Hiddenbrook,Week3,221.0 Fair Oaks - 181.0 Hiddenbrook
Fairfax,Week5,Hamlet,Week1,220.5 Fairfax - 180.5 Hamlet
Fairfax,Week3,Hamlet,Week4,210.0 Fairfax - 192.0 Hamlet
Fairfax,Week1,Fairfax,Week3,243.0 Fairfax (F2) - 159.0 Fairfax (F1)
Fairfax,Week1,Fairfax,Week1,201.0 Fairfax (F1) - 201.0 Fairfax (F2)
Dunn Loring,Week5,Rolling Forest,Week3,279.0 Dunn Loring - 123.0 Rolling Forest
Fair Oaks ,Week5,Annandale,Week4,318.0 Fair Oaks - 84.0 Annandale
Fairfax,Week2,Fairfax,Week4,222.0 Fairfax (F1) - 180.0 Fairfax (F2)
Fair Oaks ,Week2,Annandale,Week5,278.0 Fair Oaks - 124.0 Annandale
Fairfax,Week4,Hamlet,Week4,211.0 Hamlet - 191.0 Fairfax
Fair Oaks ,Week5,Herndon,Week4,350.0 Fair Oaks - 52.0 Herndon
Fairfax,Week1,Fairfax,Week4,224.0 Fairfax (F2) - 178.0 Fairfax (F1)
Fairfax,Week2,Hayfield Farm,Week2,272.0 Fairfax - 130.0 Hayfield Farm
Fairfax,Week5,Hamlet,Week2,209.0 Hamlet - 193.0 Fairfax
Fairfax,Week1,Hayfield Farm,Week4,262.0 Fairfax - 140.0 Hayfield Farm
Dunn Loring,Week4,Rolling Forest,Week1,290.0 Dunn Loring - 112.0 Rolling Forest
Dunn Loring,Week5,Rolling Forest,Week1,297.5 Dunn Loring - 104.5 Rolling Forest
Fair Oaks ,Week1,Annandale,Week4,313.5 Fair Oaks - 88.5 Annandale
Fairfax,Week5,Fair Oaks ,Week2,310.0 Fairfax - 92.0 Fair Oaks
Dunn Loring,Week5,Rolling Forest,Week2,295.0 Dunn Loring - 107.0 Rolling Forest
Fair Oaks ,Week1,Annandale,Week2,304.0 Fair Oaks - 98.0 Annandale
Fair Oaks ,Week1,Annandale,Week3,285.0 Fair Oaks - 117.0 Annandale
Dunn Loring,Week4,Rolling Forest,Week4,302.0 Dunn Loring - 100.0 Rolling Forest
Fairfax,Week5,Fair Oaks ,Week4,294.0 Fairfax - 108.0 Fair Oaks
Fairfax,Week2,Fairfax,Week1,249.0 Fairfax (F1) - 153.0 Fairfax (F2)
Dunn Loring,Week3,Rolling Forest,Week2,288.0 Dunn Loring - 114.0 Rolling Forest
Dunn Loring,Week4,Rolling Forest,Week2,296.0 Dunn Loring - 106.0 Rolling Forest
Fair Oaks ,Week2,Herndon,Week2,315.0 Fair Oaks - 87.0 Herndon
Fairfax,Week5,Fair Oaks ,Week5,261.0 Fairfax - 141.0 Fair Oaks
Dunn Loring,Week4,Rolling Forest,Week5,270.0 Dunn Loring - 132.0 Rolling Forest
Fair Oaks ,Week4,Annandale,Week5,301.0 Fair Oaks - 101.0 Annandale
Fair Oaks ,Week2,Herndon,Week3,317.0 Fair Oaks - 84.0 Herndon
Fairfax,Week2,Hayfield Farm,Week1,269.0 Fairfax - 133.0 Hayfield Farm
Fair Oaks ,Week3,Annandale,Week5,299.0 Fair Oaks - 103.0 Annandale
Fairfax,Week4,Fairfax,Week3,228.0 Fairfax (F2) - 173.0 Fairfax (F1)
Fairfax,Week3,Hayfield Farm,Week2,271.0 Fairfax - 131.0 Hayfield Farm
Fair Oaks ,Week1,Hiddenbrook,Week4,245.0 Fair Oaks - 157.0 Hiddenbrook
Fairfax,Week2,Hayfield Farm,Week4,267.0 Fairfax - 135.0 Hayfield Farm
Fairfax,Week4,Fairfax,Week5,269.0 Fairfax (F2) - 132.0 Fairfax (F1)
Fairfax,Week5,Fairfax,Week1,259.0 Fairfax (F1) - 143.0 Fairfax (F2)
Dunn Loring,Week5,Rolling Forest,Week5,277.0 Dunn Loring - 125.0 Rolling Forest
Fair Oaks ,Week5,Annandale,Week1,324.0 Fair Oaks - 78.0 Annandale
Fairfax,Week5,Fairfax,Week3,224.0 Fairfax (F1) - 177.0 Fairfax (F2)
Fair Oaks ,Week1,Hiddenbrook,Week3,248.0 Fair Oaks - 154.0 Hiddenbrook
Fair Oaks ,Week3,Annandale,Week3,285.0 Fair Oaks - 117.0 Annandale
Fair Oaks ,Week4,Annandale,Week2,292.0 Fair Oaks - 110.0 Annandale
Fairfax,Week3,Hayfield Farm,Week5,269.0 Fairfax - 133.0 Hayfield Farm
Fairfax,Week4,Hayfield Farm,Week1,256.0 Fairfax - 146.0 Hayfield Farm
Fairfax,Week3,Fairfax,Week2,219.0 Fairfax (F1) - 183.0 Fairfax (F2)
Fair Oaks ,Week2,Hiddenbrook,Week4,224.0 Fair Oaks - 178.0 Hiddenbrook
Fair Oaks ,Week2,Hiddenbrook,Week1,238.0 Fair Oaks - 164.0 Hiddenbrook
Dunn Loring,Week5,Rolling Forest,Week4,306.0 Dunn Loring - 96.0 Rolling Forest
Fair Oaks ,Week2,Annandale,Week2,275.0 Fair Oaks - 127.0 Annandale
Fair Oaks ,Week3,Herndon,Week5,337.0 Fair Oaks - 65.0 Herndon
Fairfax,Week3,Hayfield Farm,Week4,274.0 Fairfax - 128.0 Hayfield Farm
Fair Oaks ,Week1,Arlington Forest,Week4,209.0 Arlington Forest - 193.0 Fair Oaks
Fair Oaks ,Week2,Arlington Forest,Week2,209.0 Arlington Forest - 193.0 Fair Oaks
Fair Oaks ,Week3,Arlington Forest,Week1,222.0 Fair Oaks - 180.0 Arlington Forest
Fairfax,Week2,Fairfax Club Estates,Week2,307.0 Fairfax - 95.0 Fairfax Club Estates
Fairfax,Week1,Fairfax Club Estates,Week1,290.0 Fairfax - 112.0 Fairfax Club Estates
Fairfax,Week4,Hayfield Farm,Week2,265.5 Fairfax - 136.5 Hayfield Farm
Fairfax,Week3,Herndon,Week3,350.0 Fairfax - 51.0 Herndon
Fair Oaks ,Week1,Arlington Forest,Week1,216.0 Fair Oaks - 186.0 Arlington Forest
Fairfax,Week1,Fairfax Club Estates,Week3,296.0 Fairfax - 106.0 Fairfax Club Estates
Fairfax,Week5,Fairfax,Week4,269.0 Fairfax (F1) - 132.0 Fairfax (F2)
Fairfax,Week1,Herndon,Week4,341.0 Fairfax - 61.0 Herndon
Fairfax,Week1,Fairfax Club Estates,Week2,299.0 Fairfax - 103.0 Fairfax Club Estates
Fairfax,Week4,Hayfield Farm,Week4,264.0 Fairfax - 138.0 Hayfield Farm
Fair Oaks ,Week2,Herndon,Week4,315.0 Fair Oaks - 87.0 Herndon
Fair Oaks ,Week2,Arlington Forest,Week1,226.0 Arlington Forest - 176.0 Fair Oaks
Fairfax,Week3,Fairfax Club Estates,Week2,313.0 Fairfax - 88.0 Fairfax Club Estates
Fair Oaks ,Week3,Herndon,Week3,333.0 Fair Oaks - 69.0 Herndon
Fairfax,Week3,Fairfax Club Estates,Week1,300.0 Fairfax - 102.0 Fairfax Club Estates
Fair Oaks ,Week2,Arlington Forest,Week3,216.0 Fair Oaks - 186.0 Arlington Forest
Fairfax,Week5,Hayfield Farm,Week5,289.0 Fairfax - 113.0 Hayfield Farm
Fairfax,Week4,Herndon,Week3,353.0 Fairfax - 48.0 Herndon
Fairfax,Week4,Herndon,Week2,343.0 Fairfax - 59.0 Herndon
Fairfax,Week2,Fairfax Club Estates,Week4,305.0 Fairfax - 97.0 Fairfax Club Estates
Fair Oaks ,Week5,Annandale,Week3,300.0 Fair Oaks - 102.0 Annandale
Fair Oaks ,Week5,Herndon,Week3,347.0 Fair Oaks - 55.0 Herndon
Fair Oaks ,Week2,Arlington Forest,Week4,233.0 Arlington Forest - 169.0 Fair Oaks
Fair Oaks ,Week2,Arlington Forest,Week5,252.0 Arlington Forest - 150.0 Fair Oaks
Fair Oaks ,Week4,Herndon,Week3,332.0 Fair Oaks - 69.0 Herndon
Fairfax,Week3,Hayfield Farm,Week3,271.0 Fairfax - 131.0 Hayfield Farm
Fairfax,Week3,Herndon,Week1,350.0 Fairfax - 51.0 Herndon
Fair Oaks ,Week4,Herndon,Week1,327.0 Fair Oaks - 71.0 Herndon
Fair Oaks ,Week3,Herndon,Week2,333.0 Fair Oaks - 69.0 Herndon
Fairfax,Week5,Fairfax,Week5,200.5 Fairfax (F1) - 200.5 Fairfax (F2)
Fair Oaks ,Week2,Hiddenbrook,Week5,201.0 Fair Oaks - 201.0 Hiddenbrook
Fair Oaks ,Week4,Herndon,Week5,332.0 Fair Oaks - 70.0 Herndon
Fair Oaks ,Week4,Arlington Forest,Week1,212.0 Fair Oaks - 190.0 Arlington Forest
Fair Oaks ,Week3,Arlington Forest,Week3,237.0 Fair Oaks - 165.0 Arlington Forest
Fairfax,Week2,Herndon,Week3,346.0 Fairfax - 56.0 Herndon
Fairfax,Week2,Fairfax Club Estates,Week3,312.0 Fairfax - 90.0 Fairfax Club Estates
Fair Oaks ,Week3,Hiddenbrook,Week3,269.0 Fair Oaks - 133.0 Hiddenbrook
Fair Oaks ,Week3,Arlington Forest,Week5,202.0 Arlington Forest - 200.0 Fair Oaks
Fairfax,Week5,Herndon,Week1,367.0 Fairfax - 34.0 Herndon
Fair Oaks ,Week3,Herndon,Week4,335.0 Fair Oaks - 67.0 Herndon
Fair Oaks ,Week3,High Point Pool,Week3,217.0 High Point Pool - 185.0 Fair Oaks
Fairfax,Week3,Fairfax Club Estates,Week3,306.5 Fairfax - 94.5 Fairfax Club Estates
Fairfax,Week5,Herndon,Week3,368.0 Fairfax - 33.0 Herndon
Fair Oaks ,Week1,Hiddenbrook,Week1,269.0 Fair Oaks - 133.0 Hiddenbrook
Fair Oaks ,Week1,High Point Pool,Week5,226.0 High Point Pool - 176.0 Fair Oaks
Fairfax,Week1,Fairfax Club Estates,Week5,286.0 Fairfax - 116.0 Fairfax Club Estates
Fairfax,Week5,Herndon,Week2,361.0 Fairfax - 41.0 Herndon
Fair Oaks ,Week4,Hiddenbrook,Week2,291.0 Fair Oaks - 111.0 Hiddenbrook
Fairfax,Week5,Hayfield Farm,Week4,281.0 Fairfax - 121.0 Hayfield Farm
Fairfax,Week4,Hayfield Farm,Week5,265.0 Fairfax - 137.0 Hayfield Farm
Fair Oaks ,Week3,Arlington Forest,Week2,237.0 Fair Oaks - 165.0 Arlington Forest
Fairfax,Week2,Herndon,Week2,346.0 Fairfax - 56.0 Herndon
Fairfax,Week1,Herndon,Week2,330.0 Fairfax - 72.0 Herndon
Fairfax,Week3,Fairfax Club Estates,Week5,296.0 Fairfax - 102.0 Fairfax Club Estates
Fairfax,Week4,Herndon,Week1,346.0 Fairfax - 55.0 Herndon
Fair Oaks ,Week3,Hiddenbrook,Week1,277.0 Fair Oaks - 125.0 Hiddenbrook
Fairfax,Week2,Fairfax Club Estates,Week5,308.0 Fairfax - 94.0 Fairfax Club Estates
Fair Oaks ,Week4,Herndon,Week4,336.0 Fair Oaks - 66.0 Herndon
Fair Oaks ,Week5,Hiddenbrook,Week5,252.0 Fair Oaks - 150.0 Hiddenbrook
Fair Oaks ,Week3,Hiddenbrook,Week5,248.0 Fair Oaks - 154.0 Hiddenbrook
Fair Oaks ,Week2,High Point Pool,Week3,250.0 High Point Pool - 152.0 Fair Oaks
Fairfax,Week1,Herndon,Week5,333.0 Fairfax - 69.0 Herndon
Fair Oaks ,Week4,Hiddenbrook,Week3,246.0 Fair Oaks - 156.0 Hiddenbrook
Fairfax,Week3,Fairfax Club Estates,Week4,300.0 Fairfax - 101.0 Fairfax Club Estates
Fairfax,Week1,Herndon,Week1,329.0 Fairfax - 73.0 Herndon
Fair Oaks ,Week4,High Point Pool,Week1,219.0 High Point Pool - 183.0 Fair Oaks
Fairfax,Week3,Herndon,Week5,357.0 Fairfax - 45.0 Herndon
Fairfax,Week4,Fairfax Club Estates,Week1,302.0 Fairfax - 100.0 Fairfax Club Estates
Fair Oaks ,Week3,Arlington Forest,Week4,209.0 Arlington Forest - 193.0 Fair Oaks
Fair Oaks ,Week4,Arlington Forest,Week2,225.0 Fair Oaks - 177.0 Arlington Forest
Fairfax,Week4,Fairfax Club Estates,Week2,316.0 Fairfax - 85.0 Fairfax Club Estates
Fair Oaks ,Week3,Hiddenbrook,Week4,266.0 Fair Oaks - 136.0 Hiddenbrook
Fairfax,Week2,Herndon,Week5,351.0 Fairfax - 51.0 Herndon
Fairfax,Week4,Herndon,Week5,350.0 Fairfax - 52.0 Herndon
Fairfax,Week2,Fairfax Club Estates,Week1,298.0 Fairfax - 104.0 Fairfax Club Estates
Fairfax,Week4,Herndon,Week4,351.0 Fairfax - 51.0 Herndon
Dunn Loring,Week5,Poplar Heights,Week1,281.0 Dunn Loring - 121.0 Poplar Heights
Fair Oaks ,Week3,High Point Pool,Week1,209.0 High Point Pool - 193.0 Fair Oaks
Fairfax,Week2,Herndon,Week4,351.0 Fairfax - 51.0 Herndon
Dunn Loring,Week3,Poplar Tree,Week3,260.0 Dunn Loring - 142.0 Poplar Tree
Fair Oaks ,Week2,High Point Pool,Week5,247.0 High Point Pool - 155.0 Fair Oaks
Fair Oaks ,Week1,High Point Pool,Week3,232.0 High Point Pool - 170.0 Fair Oaks
Fairfax,Week5,Hayfield Farm,Week1,279.0 Fairfax - 123.0 Hayfield Farm
Fair Oaks ,Week1,High Point Pool,Week4,229.0 High Point Pool - 173.0 Fair Oaks
Fair Oaks ,Week4,Hiddenbrook,Week1,258.0 Fair Oaks - 144.0 Hiddenbrook
Fair Oaks ,Week5,Hiddenbrook,Week3,269.0 Fair Oaks - 133.0 Hiddenbrook
Fairfax,Week3,Herndon,Week2,352.0 Fairfax - 50.0 Herndon
Fairfax,Week3,Herndon,Week4,352.0 Fairfax - 50.0 Herndon
Fairfax,Week5,Hayfield Farm,Week3,276.0 Fairfax - 126.0 Hayfield Farm
Fairfax,Week2,Herndon,Week1,349.0 Fairfax - 53.0 Herndon
Fair Oaks ,Week4,Hiddenbrook,Week4,249.0 Fair Oaks - 153.0 Hiddenbrook
Fairfax,Week5,Hayfield Farm,Week2,284.0 Fairfax - 118.0 Hayfield Farm
Fair Oaks ,Week4,Hiddenbrook,Week5,237.5 Fair Oaks - 164.5 Hiddenbrook
Fairfax,Week1,Herndon,Week3,336.0 Fairfax - 66.0 Herndon
Fairfax,Week4,Hiddenbrook,Week3,296.0 Fairfax - 106.0 Hiddenbrook
Fair Oaks ,Week2,High Point Pool,Week4,255.0 High Point Pool - 147.0 Fair Oaks
Fair Oaks ,Week3,High Point Pool,Week2,224.0 High Point Pool - 178.0 Fair Oaks
Fair Oaks ,Week2,Broyhill Crest,Week4,332.0 Fair Oaks - 70.0 Broyhill Crest
Fair Oaks ,Week2,High Point Pool,Week1,240.0 High Point Pool - 162.0 Fair Oaks
Dunn Loring,Week3,Poplar Tree,Week1,255.0 Dunn Loring - 147.0 Poplar Tree
Fairfax,Week2,Hiddenbrook,Week3,307.0 Fairfax - 95.0 Hiddenbrook
Fairfax,Week2,High Point Pool,Week2,228.0 Fairfax - 174.0 High Point Pool
Fairfax,Week3,Hiddenbrook,Week5,295.0 Fairfax - 107.0 Hiddenbrook
Fair Oaks ,Week2,Burke Station,Week1,239.0 Fair Oaks - 139.0 Burke Station
Fair Oaks ,Week5,Hiddenbrook,Week4,280.0 Fair Oaks - 122.0 Hiddenbrook
Dunn Loring,Week3,Poplar Tree,Week5,231.0 Dunn Loring - 171.0 Poplar Tree
Fair Oaks ,Week2,High Point Pool,Week2,261.0 High Point Pool - 141.0 Fair Oaks
Fair Oaks ,Week3,High Point Pool,Week4,228.0 High Point Pool - 174.0 Fair Oaks
Fair Oaks ,Week5,Broyhill Crest,Week1,357.0 Fair Oaks - 44.0 Broyhill Crest
Fair Oaks ,Week5,Hiddenbrook,Week1,278.0 Fair Oaks - 124.0 Hiddenbrook
Dunn Loring,Week2,Poplar Tree,Week4,271.0 Dunn Loring - 131.0 Poplar Tree
Dunn Loring,Week1,Ravensworth Farm,Week1,216.0 Dunn Loring - 186.0 Ravensworth Farm
Dunn Loring,Week5,Poplar Heights,Week2,261.0 Dunn Loring - 141.0 Poplar Heights
Dunn Loring,Week5,Poplar Heights,Week4,256.0 Dunn Loring - 146.0 Poplar Heights
Fairfax,Week5,Herndon,Week4,367.0 Fairfax - 35.0 Herndon
Fairfax,Week4,Hiddenbrook,Week1,299.0 Fairfax - 102.0 Hiddenbrook
Fairfax,Week3,Hiddenbrook,Week3,303.0 Fairfax - 99.0 Hiddenbrook
Fair Oaks ,Week5,Hiddenbrook,Week2,305.0 Fair Oaks - 97.0 Hiddenbrook
Dunn Loring,Week2,Ravensworth Farm,Week1,272.0 Dunn Loring - 130.0 Ravensworth Farm
Dunn Loring,Week1,Ravensworth Farm,Week3,205.0 Ravensworth Farm - 197.0 Dunn Loring
Fair Oaks ,Week1,Burke Station,Week4,299.0 Fair Oaks - 103.0 Burke Station
Fairfax,Week5,Herndon,Week5,368.0 Fairfax - 34.0 Herndon
Fair Oaks ,Week1,Burke Station,Week3,288.0 Fair Oaks - 109.0 Burke Station
Dunn Loring,Week1,Poplar Tree,Week4,234.0 Dunn Loring - 168.0 Poplar Tree
Fair Oaks ,Week2,Broyhill Crest,Week3,332.0 Fair Oaks - 70.0 Broyhill Crest
Fair Oaks ,Week3,Hiddenbrook,Week2,307.0 Fair Oaks - 95.0 Hiddenbrook
Fair Oaks ,Week1,High Point Pool,Week2,226.0 High Point Pool - 176.0 Fair Oaks
Dunn Loring,Week2,Poplar Tree,Week5,223.0 Dunn Loring - 179.0 Poplar Tree
Fairfax,Week1,Hiddenbrook,Week1,290.0 Fairfax - 112.0 Hiddenbrook
Fair Oaks ,Week1,High Point Pool,Week1,227.5 High Point Pool - 174.5 Fair Oaks
Fair Oaks ,Week2,Burke Station,Week4,268.0 Fair Oaks - 134.0 Burke Station
Fairfax,Week1,Hiddenbrook,Week4,279.0 Fairfax - 123.0 Hiddenbrook
Fair Oaks ,Week2,Broyhill Crest,Week2,339.0 Fair Oaks - 63.0 Broyhill Crest
Fairfax,Week1,High Point Pool,Week1,216.0 Fairfax - 186.0 High Point Pool
Fair Oaks ,Week5,Broyhill Crest,Week4,363.0 Fair Oaks - 39.0 Broyhill Crest
Dunn Loring,Week2,Poplar Tree,Week1,255.0 Dunn Loring - 147.0 Poplar Tree
Dunn Loring,Week1,Poplar Tree,Week2,220.0 Dunn Loring - 182.0 Poplar Tree
Fair Oaks ,Week3,Broyhill Crest,Week4,359.0 Fair Oaks - 43.0 Broyhill Crest
Fair Oaks ,Week4,Broyhill Crest,Week2,358.0 Fair Oaks - 44.0 Broyhill Crest
Fairfax,Week1,Hiddenbrook,Week2,307.0 Fairfax - 95.0 Hiddenbrook
Fair Oaks ,Week4,Broyhill Crest,Week5,344.0 Fair Oaks - 57.0 Broyhill Crest
Dunn Loring,Week2,Poplar Tree,Week2,253.0 Dunn Loring - 149.0 Poplar Tree
Fair Oaks ,Week4,High Point Pool,Week5,231.0 High Point Pool - 171.0 Fair Oaks
Dunn Loring,Week3,Poplar Tree,Week4,270.0 Dunn Loring - 132.0 Poplar Tree
Fair Oaks ,Week4,High Point Pool,Week4,228.5 High Point Pool - 173.5 Fair Oaks
Fair Oaks ,Week3,High Point Pool,Week5,226.0 High Point Pool - 176.0 Fair Oaks
Fairfax,Week1,High Point Pool,Week2,205.0 Fairfax - 197.0 High Point Pool
Fairfax,Week3,Hiddenbrook,Week4,298.0 Fairfax - 104.0 Hiddenbrook
Dunn Loring,Week4,Poplar Tree,Week1,243.0 Dunn Loring - 159.0 Poplar Tree
Dunn Loring,Week4,Poplar Heights,Week5,253.0 Dunn Loring - 149.0 Poplar Heights
Fair Oaks ,Week4,Broyhill Crest,Week1,356.0 Fair Oaks - 46.0 Broyhill Crest
Fairfax,Week2,Hiddenbrook,Week1,306.0 Fairfax - 96.0 Hiddenbrook
Fairfax,Week5,Hiddenbrook,Week2,343.0 Fairfax - 59.0 Hiddenbrook
Fairfax,Week3,Hiddenbrook,Week1,305.0 Fairfax - 96.0 Hiddenbrook
Fair Oaks ,Week3,Broyhill Crest,Week5,340.0 Fair Oaks - 62.0 Broyhill Crest
Fair Oaks ,Week5,Broyhill Crest,Week2,361.0 Fair Oaks - 40.0 Broyhill Crest
Fairfax,Week5,Hiddenbrook,Week3,310.0 Fairfax - 92.0 Hiddenbrook
Fair Oaks ,Week5,High Point Pool,Week3,211.0 High Point Pool - 191.0 Fair Oaks
Fair Oaks ,Week2,Broyhill Crest,Week5,324.0 Fair Oaks - 78.0 Broyhill Crest
Dunn Loring,Week2,Poplar Tree,Week3,246.0 Dunn Loring - 156.0 Poplar Tree
Fair Oaks ,Week4,High Point Pool,Week2,229.0 High Point Pool - 173.0 Fair Oaks
Dunn Loring,Week5,Poplar Heights,Week3,248.0 Dunn Loring - 154.0 Poplar Heights
Dunn Loring,Week1,Poplar Tree,Week1,211.0 Dunn Loring - 191.0 Poplar Tree
Fair Oaks ,Week2,Highland Park,Week1,261.0 Highland Park - 141.0 Fair Oaks
Dunn Loring,Week5,Poplar Heights,Week5,259.5 Dunn Loring - 142.5 Poplar Heights
Fairfax,Week4,Hiddenbrook,Week5,293.0 Fairfax - 109.0 Hiddenbrook
Fair Oaks ,Week5,High Point Pool,Week2,214.0 High Point Pool - 188.0 Fair Oaks
Fairfax,Week5,Hiddenbrook,Week5,303.0 Fairfax - 99.0 Hiddenbrook
Fair Oaks ,Week1,Highland Park,Week2,205.0 Fair Oaks - 197.0 Highland Park
Fairfax,Week1,Hiddenbrook,Week3,284.0 Fairfax - 118.0 Hiddenbrook
Fair Oaks ,Week1,Highland Park,Week3,213.0 Fair Oaks - 189.0 Highland Park
Fair Oaks ,Week1,Broyhill Crest,Week5,343.0 Fair Oaks - 59.0 Broyhill Crest
Fair Oaks ,Week5,High Point Pool,Week5,211.0 High Point Pool - 191.0 Fair Oaks
Fair Oaks ,Week4,Broyhill Crest,Week4,353.0 Fair Oaks - 49.0 Broyhill Crest
Fair Oaks ,Week5,High Point Pool,Week1,202.0 High Point Pool - 200.0 Fair Oaks
Fair Oaks ,Week4,Broyhill Crest,Week3,355.0 Fair Oaks - 47.0 Broyhill Crest
Fair Oaks ,Week3,Broyhill Crest,Week3,361.0 Fair Oaks - 41.0 Broyhill Crest
Fair Oaks ,Week5,High Point Pool,Week4,213.0 High Point Pool - 189.0 Fair Oaks
Dunn Loring,Week1,Poplar Tree,Week5,203.0 Poplar Tree - 199.0 Dunn Loring
Dunn Loring,Week4,Poplar Tree,Week4,267.0 Dunn Loring - 135.0 Poplar Tree
Fairfax,Week3,Hiddenbrook,Week2,336.0 Fairfax - 66.0 Hiddenbrook
Dunn Loring,Week1,Poplar Tree,Week3,222.0 Dunn Loring - 180.0 Poplar Tree
Fair Oaks ,Week2,Highland Park,Week2,232.0 Highland Park - 170.0 Fair Oaks
Fairfax,Week2,Hiddenbrook,Week4,295.0 Fairfax - 107.0 Hiddenbrook
Fair Oaks ,Week5,Broyhill Crest,Week5,354.0 Fair Oaks - 48.0 Broyhill Crest
Fair Oaks ,Week1,Burke Station,Week1,271.0 Fair Oaks - 108.0 Burke Station
Fair Oaks ,Week4,High Point Pool,Week3,221.0 High Point Pool - 181.0 Fair Oaks
Dunn Loring,Week3,Poplar Tree,Week2,261.0 Dunn Loring - 141.0 Poplar Tree
Fairfax,Week2,Hiddenbrook,Week2,336.5 Fairfax - 65.5 Hiddenbrook
Fair Oaks ,Week1,Highland Park,Week4,204.0 Fair Oaks - 198.0 Highland Park
Fair Oaks ,Week2,Broyhill Crest,Week1,332.0 Fair Oaks - 70.0 Broyhill Crest
Dunn Loring,Week5,Poplar Tree,Week2,254.0 Dunn Loring - 148.0 Poplar Tree
Fairfax,Week2,Hiddenbrook,Week5,295.0 Fairfax - 107.0 Hiddenbrook
Dunn Loring,Week4,Poplar Tree,Week5,238.0 Dunn Loring - 164.0 Poplar Tree
Fairfax,Week1,Hiddenbrook,Week5,281.0 Fairfax - 121.0 Hiddenbrook
Fair Oaks ,Week1,Highland Park,Week1,219.0 Highland Park - 183.0 Fair Oaks
Fair Oaks ,Week1,Highland Park,Week5,219.0 Highland Park - 183.0 Fair Oaks
Fairfax,Week4,Hiddenbrook,Week2,318.0 Fairfax - 84.0 Hiddenbrook
Fair Oaks ,Week3,Broyhill Crest,Week2,359.0 Fair Oaks - 43.0 Broyhill Crest
Dunn Loring,Week5,Poplar Tree,Week1,251.0 Dunn Loring - 151.0 Poplar Tree
Fair Oaks ,Week3,Broyhill Crest,Week1,360.0 Fair Oaks - 42.0 Broyhill Crest
Fair Oaks ,Week2,Camelot,Week5,209.0 Fair Oaks - 193.0 Camelot
Dunn Loring,Week1,Ravensworth Farm,Week5,212.5 Dunn Loring - 189.5 Ravensworth Farm
Fairfax,Week2,Highland Park,Week5,247.5 Fairfax - 154.5 Highland Park
Fairfax,Week5,Hiddenbrook,Week4,308.0 Fairfax - 94.0 Hiddenbrook
Fairfax,Week3,High Point Pool,Week5,244.0 Fairfax - 158.0 High Point Pool
Dunn Loring,Week1,Ravensworth Farm,Week2,234.5 Dunn Loring - 167.5 Ravensworth Farm
Dunn Loring,Week3,Ravensworth Farm,Week1,269.5 Dunn Loring - 132.5 Ravensworth Farm
Fairfax,Week1,High Point Pool,Week4,216.0 Fairfax - 186.0 High Point Pool
Fairfax,Week5,Hiddenbrook,Week1,320.0 Fairfax - 81.0 Hiddenbrook
Fairfax,Week1,High Point Pool,Week3,218.0 Fairfax - 184.0 High Point Pool
Fair Oaks ,Week4,Burke Station,Week5,259.0 Fair Oaks - 143.0 Burke Station
Fair Oaks ,Week2,Burke Station,Week3,244.0 Fair Oaks - 152.0 Burke Station
Dunn Loring,Week5,Poplar Tree,Week4,267.0 Dunn Loring - 135.0 Poplar Tree
Fairfax,Week1,High Point Pool,Week5,220.0 Fairfax - 182.0 High Point Pool
Dunn Loring,Week5,Poplar Tree,Week3,247.0 Dunn Loring - 155.0 Poplar Tree
Fair Oaks ,Week1,Burke Station,Week2,295.0 Fair Oaks - 107.0 Burke Station
Fairfax,Week2,High Point Pool,Week1,237.0 Fairfax - 165.0 High Point Pool
Fairfax,Week2,Highland Park,Week3,290.0 Fairfax - 112.0 Highland Park
Dunn Loring,Week4,Poplar Tree,Week3,252.0 Dunn Loring - 150.0 Poplar Tree
Fair Oaks ,Week5,Broyhill Crest,Week3,367.0 Fair Oaks - 35.0 Broyhill Crest
Dunn Loring,Week4,Poplar Tree,Week2,263.0 Dunn Loring - 139.0 Poplar Tree
Dunn Loring,Week5,Poplar Tree,Week5,231.0 Dunn Loring - 171.0 Poplar Tree
Fairfax,Week4,Hiddenbrook,Week4,293.5 Fairfax - 108.5 Hiddenbrook
Dunn Loring,Week1,Ravensworth Farm,Week4,208.0 Dunn Loring - 194.0 Ravensworth Farm
Fair Oaks ,Week1,Burke Station,Week5,265.5 Fair Oaks - 136.5 Burke Station
Fair Oaks ,Week2,Burke Station,Week2,282.0 Fair Oaks - 119.0 Burke Station
Fair Oaks ,Week3,Camelot,Week2,230.0 Fair Oaks - 172.0 Camelot
Dunn Loring,Week2,Ravensworth Farm,Week5,245.0 Dunn Loring - 157.0 Ravensworth Farm
Fair Oaks ,Week3,Burke Station,Week4,290.0 Fair Oaks - 112.0 Burke Station
Fair Oaks ,Week3,Camelot,Week5,241.0 Fair Oaks - 161.0 Camelot
Fairfax,Week2,High Point Pool,Week4,229.0 Fairfax - 173.0 High Point Pool
Dunn Loring,Week2,Ravensworth Farm,Week2,288.0 Dunn Loring - 114.0 Ravensworth Farm
Dunn Loring,Week2,Ravensworth Farm,Week3,250.0 Dunn Loring - 152.0 Ravensworth Farm
Dunn Loring,Week4,Ravensworth Farm,Week1,259.0 Dunn Loring - 143.0 Ravensworth Farm
Fairfax,Week4,High Point Pool,Week1,227.0 Fairfax - 175.0 High Point Pool
Fair Oaks ,Week2,Camelot,Week1,220.0 Fair Oaks - 182.0 Camelot
Fair Oaks ,Week4,Burke Station,Week4,285.0 Fair Oaks - 116.0 Burke Station
Fair Oaks ,Week3,Burke Station,Week5,270.0 Fair Oaks - 132.0 Burke Station
Fair Oaks ,Week5,Burke Station,Week1,269.0 Fair Oaks - 109.0 Burke Station
Fair Oaks ,Week1,Camelot,Week4,262.0 Fair Oaks - 140.0 Camelot
Fair Oaks ,Week5,Burke Station,Week5,278.0 Fair Oaks - 124.0 Burke Station
Fairfax,Week5,High Point Pool,Week3,250.0 Fairfax - 152.0 High Point Pool
Dunn Loring,Week4,Ravensworth Farm,Week3,248.0 Dunn Loring - 154.0 Ravensworth Farm
Fairfax,Week3,High Point Pool,Week2,225.5 Fairfax - 176.5 High Point Pool
Dunn Loring,Week5,Ravensworth Farm,Week1,259.0 Dunn Loring - 143.0 Ravensworth Farm
Dunn Loring,Week4,Ravensworth Farm,Week5,252.0 Dunn Loring - 150.0 Ravensworth Farm
Dunn Loring,Week5,Ravensworth Farm,Week2,284.0 Dunn Loring - 118.0 Ravensworth Farm
Fair Oaks ,Week2,Burke Station,Week5,241.0 Fair Oaks - 161.0 Burke Station
Fairfax,Week3,High Point Pool,Week1,227.0 Fairfax - 175.0 High Point Pool
Fair Oaks ,Week5,Burke Station,Week3,290.0 Fair Oaks - 106.0 Burke Station
Dunn Loring,Week3,Ravensworth Farm,Week2,291.0 Dunn Loring - 111.0 Ravensworth Farm
Fairfax,Week2,High Point Pool,Week5,235.0 Fairfax - 167.0 High Point Pool
Fairfax,Week5,High Point Pool,Week5,250.0 Fairfax - 152.0 High Point Pool
Fair Oaks ,Week3,Burke Station,Week3,289.0 Fair Oaks - 108.0 Burke Station
Fairfax,Week4,High Point Pool,Week3,224.0 Fairfax - 178.0 High Point Pool
Fair Oaks ,Week5,Burke Station,Week4,296.0 Fair Oaks - 106.0 Burke Station
Fairfax,Week5,High Point Pool,Week1,250.0 Fairfax - 152.0 High Point Pool
Fair Oaks ,Week4,Burke Station,Week1,252.0 Fair Oaks - 126.0 Burke Station
Fairfax,Week1,Highland Park,Week1,227.0 Fairfax - 175.0 Highland Park
Fairfax,Week2,High Point Pool,Week3,242.0 Fairfax - 160.0 High Point Pool
Fairfax,Week3,High Point Pool,Week4,233.0 Fairfax - 169.0 High Point Pool
Fair Oaks ,Week1,Camelot,Week2,239.0 Fair Oaks - 163.0 Camelot
Fair Oaks ,Week3,Burke Station,Week1,259.0 Fair Oaks - 120.0 Burke Station
Dunn Loring,Week3,Ravensworth Farm,Week4,268.0 Dunn Loring - 134.0 Ravensworth Farm
Fairfax,Week1,Highland Park,Week2,234.0 Fairfax - 168.0 Highland Park
Fairfax,Week3,High Point Pool,Week3,237.0 Fairfax - 165.0 High Point Pool
Dunn Loring,Week2,Ravensworth Farm,Week4,263.0 Dunn Loring - 139.0 Ravensworth Farm
Dunn Loring,Week3,Ravensworth Farm,Week3,262.0 Dunn Loring - 140.0 Ravensworth Farm
Fair Oaks ,Week2,Camelot,Week4,222.0 Fair Oaks - 180.0 Camelot
Fair Oaks ,Week2,Camelot,Week3,210.0 Fair Oaks - 192.0 Camelot
Dunn Loring,Week3,Ravensworth Farm,Week5,262.0 Dunn Loring - 140.0 Ravensworth Farm
Dunn Loring,Week4,Ravensworth Farm,Week4,260.0 Dunn Loring - 142.0 Ravensworth Farm
Dunn Loring,Week4,Ravensworth Farm,Week2,286.0 Dunn Loring - 116.0 Ravensworth Farm
Fairfax,Week3,Highland Park,Week2,259.0 Fairfax - 143.0 Highland Park
Fairfax,Week5,High Point Pool,Week2,241.0 Fairfax - 161.0 High Point Pool
Fair Oaks ,Week3,Camelot,Week4,251.0 Fair Oaks - 151.0 Camelot
Fair Oaks ,Week4,Burke Station,Week3,270.0 Fair Oaks - 126.0 Burke Station
Fairfax,Week4,High Point Pool,Week5,233.0 Fairfax - 169.0 High Point Pool
Fair Oaks ,Week1,Camelot,Week5,236.0 Fair Oaks - 166.0 Camelot
Fairfax,Week1,Highland Park,Week4,237.0 Fairfax - 165.0 Highland Park
Fair Oaks ,Week1,Camelot,Week1,251.0 Fair Oaks - 151.0 Camelot
Fair Oaks ,Week1,Camelot,Week3,247.0 Fair Oaks - 155.0 Camelot
Fair Oaks ,Week2,Camelot,Week2,205.0 Camelot - 197.0 Fair Oaks
Fairfax,Week4,High Point Pool,Week4,225.0 Fairfax - 177.0 High Point Pool
Fair Oaks ,Week3,Burke Station,Week2,296.0 Fair Oaks - 106.0 Burke Station
Fairfax,Week1,Highland Park,Week5,224.0 Fairfax - 178.0 Highland Park
Fairfax,Week2,Highland Park,Week1,248.0 Fairfax - 154.0 Highland Park
Dunn Loring,Week5,Rolling Hills,Week1,318.0 Dunn Loring - 84.0 Rolling Hills
Fairfax,Week1,Highland Park,Week3,263.0 Fairfax - 139.0 Highland Park
Fairfax,Week5,High Point Pool,Week4,242.0 Fairfax - 160.0 High Point Pool
Fair Oaks ,Week5,Burke Station,Week2,305.5 Fair Oaks - 95.5 Burke Station
Fairfax,Week2,Highland Park,Week2,260.0 Fairfax - 142.0 Highland Park
Fair Oaks ,Week4,Burke Station,Week2,298.0 Fair Oaks - 103.0 Burke Station
Fair Oaks ,Week3,Camelot,Week1,249.0 Fair Oaks - 153.0 Camelot
Fairfax,Week4,High Point Pool,Week2,221.0 Fairfax - 181.0 High Point Pool
Dunn Loring,Week1,Rolling Hills,Week4,270.0 Dunn Loring - 127.0 Rolling Hills
Dunn Loring,Week2,Rolling Hills,Week2,319.0 Dunn Loring - 83.0 Rolling Hills
Dunn Loring,Week3,Rolling Valley,Week2,361.0 Dunn Loring - 41.0 Rolling Valley
Dunn Loring,Week3,Rolling Hills,Week2,325.0 Dunn Loring - 77.0 Rolling Hills
Fairfax,Week4,Highlands Swim,Week4,255.0 Highlands Swim - 147.0 Fairfax
Fairfax,Week1,Highlands Swim,Week5,268.0 Highlands Swim - 134.0 Fairfax
Dunn Loring,Week4,Rolling Hills,Week3,314.0 Dunn Loring - 88.0 Rolling Hills
Fair Oaks ,Week4,Canterbury Woods,Week5,241.0 Fair Oaks - 159.0 Canterbury Woods
Dunn Loring,Week5,Orange Hunt,Week2,240.0 Dunn Loring - 162.0 Orange Hunt
Dunn Loring,Week4,Rolling Hills,Week2,319.0 Dunn Loring - 83.0 Rolling Hills
Fairfax,Week3,Highland Park,Week4,246.0 Fairfax - 156.0 Highland Park
Fairfax,Week3,Highland Park,Week3,285.0 Fairfax - 117.0 Highland Park
Dunn Loring,Week5,Rolling Hills,Week3,319.0 Dunn Loring - 83.0 Rolling Hills
Dunn Loring,Week4,Orange Hunt,Week5,237.0 Dunn Loring - 165.0 Orange Hunt
Dunn Loring,Week1,Rolling Valley,Week3,317.0 Dunn Loring - 80.0 Rolling Valley
Fair Oaks ,Week3,Camelot,Week3,251.0 Fair Oaks - 151.0 Camelot
Fair Oaks ,Week5,Canterbury Woods,Week3,272.0 Fair Oaks - 130.0 Canterbury Woods
Dunn Loring,Week2,Orange Hunt,Week3,248.0 Dunn Loring - 154.0 Orange Hunt
Fair Oaks ,Week4,Camelot,Week1,230.0 Fair Oaks - 172.0 Camelot
Fairfax,Week4,Highlands Swim,Week2,263.5 Highlands Swim - 138.5 Fairfax
Fair Oaks ,Week4,Camelot,Week5,228.0 Fair Oaks - 174.0 Camelot
Fairfax,Week3,Highland Park,Week1,245.0 Fairfax - 157.0 Highland Park
Fair Oaks ,Week4,Camelot,Week2,223.0 Fair Oaks - 179.0 Camelot
Fair Oaks ,Week2,Canterbury Woods,Week5,224.0 Fair Oaks - 177.0 Canterbury Woods
Fairfax,Week2,Highlands Swim,Week5,250.0 Highlands Swim - 152.0 Fairfax
Fair Oaks ,Week4,Camelot,Week3,250.0 Fair Oaks - 152.0 Camelot
Fair Oaks ,Week2,Canterbury Woods,Week1,233.0 Fair Oaks - 169.0 Canterbury Woods
Fairfax,Week3,Highlands Swim,Week5,252.0 Highlands Swim - 150.0 Fairfax
Dunn Loring,Week1,Orange Hunt,Week2,221.0 Dunn Loring - 181.0 Orange Hunt
Dunn Loring,Week1,Rolling Hills,Week5,287.0 Dunn Loring - 115.0 Rolling Hills
Dunn Loring,Week5,Old Keene Mill,Week4,327.0 Dunn Loring - 75.0 Old Keene Mill
Fairfax,Week2,Highland Park,Week4,249.0 Fairfax - 153.0 Highland Park
Dunn Loring,Week4,Rolling Hills,Week4,318.0 Dunn Loring - 83.0 Rolling Hills
Fairfax,Week3,Highlands Swim,Week3,231.0 Highlands Swim - 171.0 Fairfax
Fair Oaks ,Week4,Canterbury Woods,Week3,242.0 Fair Oaks - 160.0 Canterbury Woods
Dunn Loring,Week1,Rolling Hills,Week3,274.0 Dunn Loring - 128.0 Rolling Hills
Fairfax,Week1,Highlands Swim,Week4,258.0 Highlands Swim - 144.0 Fairfax
Dunn Loring,Week4,Rolling Hills,Week5,320.0 Dunn Loring - 82.0 Rolling Hills
Fairfax,Week2,Highlands Swim,Week1,238.0 Highlands Swim - 164.0 Fairfax
Fairfax,Week5,Highland Park,Week3,286.0 Fairfax - 116.0 Highland Park
Dunn Loring,Week5,Rolling Hills,Week2,319.0 Dunn Loring - 83.0 Rolling Hills
Fair Oaks ,Week5,Canterbury Woods,Week2,281.0 Fair Oaks - 121.0 Canterbury Woods
Dunn Loring,Week2,Rolling Hills,Week3,314.0 Dunn Loring - 88.0 Rolling Hills
Dunn Loring,Week3,Orange Hunt,Week4,261.0 Dunn Loring - 141.0 Orange Hunt
Fair Oaks ,Week1,Cardinal Hill,Week2,221.0 Cardinal Hill - 181.0 Fair Oaks
Fairfax,Week5,Highland Park,Week4,265.5 Fairfax - 136.5 Highland Park
Fairfax,Week3,Highlands Swim,Week2,239.0 Highlands Swim - 163.0 Fairfax
Dunn Loring,Week1,Orange Hunt,Week3,224.0 Dunn Loring - 178.0 Orange Hunt
Dunn Loring,Week2,Rolling Hills,Week4,322.0 Dunn Loring - 80.0 Rolling Hills
Dunn Loring,Week4,Rolling Hills,Week1,309.0 Dunn Loring - 93.0 Rolling Hills
Fair Oaks ,Week5,Camelot,Week4,273.0 Fair Oaks - 129.0 Camelot
Fairfax,Week4,Highland Park,Week4,227.0 Fairfax - 175.0 Highland Park
Dunn Loring,Week3,Orange Hunt,Week3,252.0 Dunn Loring - 150.0 Orange Hunt
Fair Oaks ,Week2,Canterbury Woods,Week2,258.0 Fair Oaks - 144.0 Canterbury Woods
Fairfax,Week4,Highland Park,Week3,271.0 Fairfax - 131.0 Highland Park
Fair Oaks ,Week4,Canterbury Woods,Week2,263.0 Fair Oaks - 139.0 Canterbury Woods
Fairfax,Week4,Highland Park,Week2,254.0 Fairfax - 148.0 Highland Park
Fairfax,Week2,Highlands Swim,Week3,241.0 Highlands Swim - 161.0 Fairfax
Dunn Loring,Week3,Orange Hunt,Week5,237.0 Dunn Loring - 165.0 Orange Hunt
Fair Oaks ,Week3,Canterbury Woods,Week1,279.0 Fair Oaks - 123.0 Canterbury Woods
Dunn Loring,Week5,Orange Hunt,Week3,255.0 Dunn Loring - 147.0 Orange Hunt
Dunn Loring,Week5,Old Keene Mill,Week3,322.0 Dunn Loring - 80.0 Old Keene Mill
Dunn Loring,Week1,Orange Hunt,Week5,209.0 Orange Hunt - 193.0 Dunn Loring
Dunn Loring,Week5,Old Keene Mill,Week5,300.5 Dunn Loring - 101.5 Old Keene Mill
Fairfax,Week5,Highland Park,Week5,262.0 Fairfax - 140.0 Highland Park
Fair Oaks ,Week4,Camelot,Week4,236.0 Fair Oaks - 166.0 Camelot
Dunn Loring,Week1,Rolling Hills,Week1,288.0 Dunn Loring - 114.0 Rolling Hills
Dunn Loring,Week2,Rolling Hills,Week5,328.0 Dunn Loring - 74.0 Rolling Hills
Dunn Loring,Week1,Orange Hunt,Week1,220.0 Dunn Loring - 182.0 Orange Hunt
Dunn Loring,Week2,Orange Hunt,Week5,235.0 Dunn Loring - 167.0 Orange Hunt
Dunn Loring,Week3,Rolling Hills,Week5,329.0 Dunn Loring - 73.0 Rolling Hills
Fair Oaks ,Week2,Canterbury Woods,Week3,223.0 Fair Oaks - 179.0 Canterbury Woods
Fair Oaks ,Week5,Camelot,Week5,250.0 Fair Oaks - 152.0 Camelot
Dunn Loring,Week2,Orange Hunt,Week4,255.0 Dunn Loring - 147.0 Orange Hunt
Fair Oaks ,Week1,Canterbury Woods,Week5,259.0 Fair Oaks - 143.0 Canterbury Woods
Fairfax,Week1,Highlands Swim,Week3,255.0 Highlands Swim - 147.0 Fairfax
Dunn Loring,Week3,Rolling Hills,Week4,327.0 Dunn Loring - 75.0 Rolling Hills
Fair Oaks ,Week5,Canterbury Woods,Week5,276.0 Fair Oaks - 125.0 Canterbury Woods
Dunn Loring,Week2,Rolling Hills,Week1,318.0 Dunn Loring - 84.0 Rolling Hills
Dunn Loring,Week4,Orange Hunt,Week1,254.0 Dunn Loring - 148.0 Orange Hunt
Fair Oaks ,Week3,Canterbury Woods,Week5,281.0 Fair Oaks - 121.0 Canterbury Woods
Fairfax,Week5,Highland Park,Week1,260.0 Fairfax - 142.0 Highland Park
Fair Oaks ,Week5,Camelot,Week3,264.0 Fair Oaks - 138.0 Camelot
Dunn Loring,Week3,Rolling Hills,Week1,323.0 Dunn Loring - 79.0 Rolling Hills
Dunn Loring,Week5,Rolling Hills,Week4,320.0 Dunn Loring - 81.0 Rolling Hills
Fairfax,Week2,Highlands Swim,Week2,260.0 Highlands Swim - 142.0 Fairfax
Dunn Loring,Week4,Pleasant Valley,Week2,368.0 Dunn Loring - 33.0 Pleasant Valley
Dunn Loring,Week1,Orange Hunt,Week4,213.5 Dunn Loring - 188.5 Orange Hunt
Fair Oaks ,Week1,Canterbury Woods,Week3,255.0 Fair Oaks - 147.0 Canterbury Woods
Dunn Loring,Week2,Rolling Valley,Week1,373.0 Dunn Loring - 29.0 Rolling Valley
Fair Oaks ,Week3,Canterbury Woods,Week3,265.0 Fair Oaks - 137.0 Canterbury Woods
Fairfax,Week4,Highland Park,Week1,224.0 Fairfax - 178.0 Highland Park
Dunn Loring,Week5,Oakton ,Week1,205.0 Dunn Loring - 197.0 Oakton
Fair Oaks ,Week5,Camelot,Week2,252.0 Fair Oaks - 150.0 Camelot
Dunn Loring,Week3,Orange Hunt,Week1,262.0 Dunn Loring - 140.0 Orange Hunt
Dunn Loring,Week1,Rolling Valley,Week4,317.0 Dunn Loring - 85.0 Rolling Valley
Dunn Loring,Week2,Orange Hunt,Week1,258.0 Dunn Loring - 144.0 Orange Hunt
Fairfax,Week4,Highland Park,Week5,229.0 Fairfax - 173.0 Highland Park
Dunn Loring,Week3,Orange Hunt,Week2,251.0 Dunn Loring - 151.0 Orange Hunt
Fairfax,Week5,Highland Park,Week2,282.0 Fairfax - 120.0 Highland Park
Dunn Loring,Week1,Rolling Hills,Week2,281.0 Dunn Loring - 121.0 Rolling Hills
Dunn Loring,Week4,Orange Hunt,Week4,254.0 Dunn Loring - 148.0 Orange Hunt
Dunn Loring,Week2,Rolling Valley,Week3,360.0 Dunn Loring - 42.0 Rolling Valley
Dunn Loring,Week4,Orange Hunt,Week3,252.0 Dunn Loring - 150.0 Orange Hunt
Fair Oaks ,Week2,Canterbury Woods,Week4,210.0 Fair Oaks - 192.0 Canterbury Woods
Fair Oaks ,Week5,Camelot,Week1,260.0 Fair Oaks - 142.0 Camelot
Dunn Loring,Week2,Orange Hunt,Week2,261.0 Dunn Loring - 141.0 Orange Hunt
Fair Oaks ,Week3,Canterbury Woods,Week2,273.0 Fair Oaks - 129.0 Canterbury Woods
Fairfax,Week1,Highlands Swim,Week2,266.0 Highlands Swim - 136.0 Fairfax
Dunn Loring,Week2,Rolling Valley,Week2,356.0 Dunn Loring - 46.0 Rolling Valley
Dunn Loring,Week2,Pleasant Valley,Week5,354.0 Dunn Loring - 48.0 Pleasant Valley
Fair Oaks ,Week1,Canterbury Woods,Week4,250.0 Fair Oaks - 152.0 Canterbury Woods
Dunn Loring,Week1,Rolling Valley,Week2,328.0 Dunn Loring - 74.0 Rolling Valley
Fairfax,Week2,Highlands Swim,Week4,235.0 Highlands Swim - 167.0 Fairfax
Dunn Loring,Week4,Orange Hunt,Week2,247.0 Dunn Loring - 155.0 Orange Hunt
Dunn Loring,Week1,Pleasant Valley,Week4,346.5 Dunn Loring - 55.5 Pleasant Valley
Fairfax,Week3,Highlands Swim,Week4,236.0 Highlands Swim - 166.0 Fairfax
Dunn Loring,Week5,Orange Hunt,Week1,261.0 Dunn Loring - 141.0 Orange Hunt
Fair Oaks ,Week1,Canterbury Woods,Week2,276.0 Fair Oaks - 126.0 Canterbury Woods
Fairfax,Week3,Highland Park,Week5,251.0 Fairfax - 151.0 Highland Park
Dunn Loring,Week4,Pleasant Valley,Week1,369.0 Dunn Loring - 32.0 Pleasant Valley
Dunn Loring,Week5,Rolling Hills,Week5,327.0 Dunn Loring - 75.0 Rolling Hills
Fairfax,Week1,Highlands Swim,Week1,254.0 Highlands Swim - 148.0 Fairfax
Fairfax,Week3,Highlands Swim,Week1,234.0 Highlands Swim - 168.0 Fairfax
Dunn Loring,Week4,Pleasant Valley,Week4,370.0 Dunn Loring - 31.0 Pleasant Valley
Dunn Loring,Week3,Rolling Hills,Week3,320.0 Dunn Loring - 82.0 Rolling Hills
Dunn Loring,Week5,Pinewood Lake,Week4,385.0 Dunn Loring - 15.0 Pinewood Lake
Dunn Loring,Week1,Rolling Valley,Week1,354.0 Dunn Loring - 48.0 Rolling Valley
Fair Oaks ,Week1,Canterbury Woods,Week1,257.0 Fair Oaks - 145.0 Canterbury Woods
Dunn Loring,Week2,Pleasant Valley,Week2,367.0 Dunn Loring - 35.0 Pleasant Valley
Dunn Loring,Week2,Rutherford,Week3,331.0 Dunn Loring - 71.0 Rutherford
Fair Oaks ,Week2,Cardinal Hill,Week1,266.0 Cardinal Hill - 136.0 Fair Oaks
Fairfax,Week4,Hollin Hills,Week4,346.0 Fairfax - 55.0 Hollin Hills
Dunn Loring,Week3,Rutherford,Week1,355.0 Dunn Loring - 47.0 Rutherford
Fairfax,Week2,Hollin Hills,Week3,335.0 Fairfax - 67.0 Hollin Hills
Dunn Loring,Week4,Pinewood Lake,Week3,390.0 Dunn Loring - 11.0 Pinewood Lake
Fair Oaks ,Week2,Cardinal Hill,Week5,266.0 Cardinal Hill - 136.0 Fair Oaks
Dunn Loring,Week2,Rolling Valley,Week5,354.0 Dunn Loring - 48.0 Rolling Valley
Dunn Loring,Week1,Rutherford,Week4,293.0 Dunn Loring - 104.0 Rutherford
Dunn Loring,Week2,Rutherford,Week5,339.0 Dunn Loring - 63.0 Rutherford
Fair Oaks ,Week1,Cardinal Hill,Week1,241.0 Cardinal Hill - 161.0 Fair Oaks
Dunn Loring,Week1,Pleasant Valley,Week5,323.0 Dunn Loring - 74.0 Pleasant Valley
Fair Oaks ,Week3,Cardinal Hill,Week3,260.0 Cardinal Hill - 142.0 Fair Oaks
Fair Oaks ,Week3,Cardinal Hill,Week4,230.0 Cardinal Hill - 172.0 Fair Oaks
Dunn Loring,Week2,Rutherford,Week4,338.0 Dunn Loring - 64.0 Rutherford
Fair Oaks ,Week5,Canterbury Woods,Week4,267.5 Fair Oaks - 134.5 Canterbury Woods
Dunn Loring,Week1,Pleasant Valley,Week2,335.0 Dunn Loring - 62.0 Pleasant Valley
Fairfax,Week2,Hollin Hills,Week5,330.0 Fairfax - 72.0 Hollin Hills
Fairfax,Week5,Highlands Swim,Week4,226.0 Highlands Swim - 176.0 Fairfax
Dunn Loring,Week4,Rolling Valley,Week2,360.0 Dunn Loring - 42.0 Rolling Valley
Fair Oaks ,Week2,Cardinal Hill,Week2,254.0 Cardinal Hill - 148.0 Fair Oaks
Dunn Loring,Week3,Rolling Valley,Week1,379.0 Dunn Loring - 23.0 Rolling Valley
Fairfax,Week4,Hollin Hills,Week1,340.0 Fairfax - 62.0 Hollin Hills
Dunn Loring,Week1,Rutherford,Week1,318.0 Dunn Loring - 84.0 Rutherford
Dunn Loring,Week2,Rolling Valley,Week4,354.0 Dunn Loring - 48.0 Rolling Valley
Fair Oaks ,Week5,Canterbury Woods,Week1,291.0 Fair Oaks - 111.0 Canterbury Woods
Dunn Loring,Week5,Rolling Valley,Week1,377.0 Dunn Loring - 25.0 Rolling Valley
Dunn Loring,Week2,Rutherford,Week2,346.0 Dunn Loring - 56.0 Rutherford
Fairfax,Week4,Highlands Swim,Week1,249.0 Highlands Swim - 153.0 Fairfax
Fair Oaks ,Week4,Cardinal Hill,Week3,275.0 Cardinal Hill - 127.0 Fair Oaks
Fair Oaks ,Week4,Canterbury Woods,Week4,218.0 Fair Oaks - 184.0 Canterbury Woods
Dunn Loring,Week1,Pleasant Valley,Week1,348.0 Dunn Loring - 49.0 Pleasant Valley
Fairfax,Week2,Hollin Hills,Week2,340.0 Fairfax - 62.0 Hollin Hills
Dunn Loring,Week4,Pinewood Lake,Week2,386.0 Dunn Loring - 15.0 Pinewood Lake
Dunn Loring,Week5,Pinewood Lake,Week2,383.0 Dunn Loring - 17.0 Pinewood Lake
Fairfax,Week2,Hollin Hills,Week1,342.0 Fairfax - 60.0 Hollin Hills
Dunn Loring,Week2,Pleasant Valley,Week1,367.0 Dunn Loring - 35.0 Pleasant Valley
Dunn Loring,Week1,Pleasant Valley,Week3,322.0 Dunn Loring - 80.0 Pleasant Valley
Dunn Loring,Week3,Pleasant Valley,Week1,369.0 Dunn Loring - 33.0 Pleasant Valley
Dunn Loring,Week1,Rolling Valley,Week5,323.0 Dunn Loring - 79.0 Rolling Valley
Dunn Loring,Week5,Pinewood Lake,Week3,385.0 Dunn Loring - 15.0 Pinewood Lake
Dunn Loring,Week4,Pinewood Lake,Week4,393.0 Dunn Loring - 8.0 Pinewood Lake
Fairfax,Week5,Hollin Hills,Week3,342.0 Fairfax - 60.0 Hollin Hills
Fairfax,Week3,Hollin Hills,Week4,348.0 Fairfax - 52.0 Hollin Hills
Dunn Loring,Week3,Pleasant Valley,Week2,366.0 Dunn Loring - 36.0 Pleasant Valley
Fair Oaks ,Week3,Canterbury Woods,Week4,254.0 Fair Oaks - 148.0 Canterbury Woods
Fair Oaks ,Week4,Canterbury Woods,Week1,252.0 Fair Oaks - 150.0 Canterbury Woods
Fairfax,Week4,Highlands Swim,Week3,251.0 Highlands Swim - 151.0 Fairfax
Fairfax,Week5,Highlands Swim,Week2,231.0 Highlands Swim - 171.0 Fairfax
Fairfax,Week4,Hollin Hills,Week3,333.0 Fairfax - 69.0 Hollin Hills
Fairfax,Week4,Hollin Hills,Week2,339.0 Fairfax - 63.0 Hollin Hills
Fair Oaks ,Week3,Cardinal Hill,Week1,249.0 Cardinal Hill - 153.0 Fair Oaks
Fairfax,Week5,Hollin Hills,Week2,345.0 Fairfax - 57.0 Hollin Hills
Fair Oaks ,Week1,Cardinal Hill,Week4,241.0 Cardinal Hill - 161.0 Fair Oaks
Dunn Loring,Week3,Rutherford,Week2,349.0 Dunn Loring - 53.0 Rutherford
Fair Oaks ,Week2,Cardinal Hill,Week4,269.0 Cardinal Hill - 133.0 Fair Oaks
Dunn Loring,Week2,Pleasant Valley,Week4,375.0 Dunn Loring - 27.0 Pleasant Valley
Fairfax,Week3,Hollin Hills,Week2,340.0 Fairfax - 61.0 Hollin Hills
Fairfax,Week1,Hollin Hills,Week3,321.0 Fairfax - 81.0 Hollin Hills
Dunn Loring,Week1,Parklawn,Week4,279.0 Dunn Loring - 118.0 Parklawn
Dunn Loring,Week3,Rutherford,Week3,341.0 Dunn Loring - 61.0 Rutherford
Dunn Loring,Week3,Rolling Valley,Week4,365.0 Dunn Loring - 37.0 Rolling Valley
Dunn Loring,Week5,Rolling Valley,Week3,359.0 Dunn Loring - 43.0 Rolling Valley
Dunn Loring,Week3,Pleasant Valley,Week3,354.0 Dunn Loring - 48.0 Pleasant Valley
Dunn Loring,Week2,Rutherford,Week1,344.0 Dunn Loring - 58.0 Rutherford
Fairfax,Week3,Hollin Hills,Week5,330.0 Fairfax - 72.0 Hollin Hills
Dunn Loring,Week5,Pinewood Lake,Week5,376.0 Dunn Loring - 25.0 Pinewood Lake
Fair Oaks ,Week3,Cardinal Hill,Week5,239.0 Cardinal Hill - 163.0 Fair Oaks
Fair Oaks ,Week4,Cardinal Hill,Week2,245.0 Cardinal Hill - 157.0 Fair Oaks
Dunn Loring,Week5,Pinewood Lake,Week1,384.0 Dunn Loring - 17.0 Pinewood Lake
Dunn Loring,Week2,Pleasant Valley,Week3,354.0 Dunn Loring - 48.0 Pleasant Valley
Dunn Loring,Week5,Rolling Valley,Week2,354.0 Dunn Loring - 48.0 Rolling Valley
Fair Oaks ,Week1,Cardinal Hill,Week3,271.0 Cardinal Hill - 131.0 Fair Oaks
Dunn Loring,Week4,Rolling Valley,Week4,365.0 Dunn Loring - 37.0 Rolling Valley
Fair Oaks ,Week5,Cardinal Hill,Week3,259.0 Cardinal Hill - 143.0 Fair Oaks
Dunn Loring,Week2,Parklawn,Week2,333.0 Dunn Loring - 69.0 Parklawn
Dunn Loring,Week4,Rolling Valley,Week1,381.5 Dunn Loring - 20.5 Rolling Valley
Dunn Loring,Week4,Pleasant Valley,Week5,354.0 Dunn Loring - 48.0 Pleasant Valley
Dunn Loring,Week3,Pleasant Valley,Week4,378.0 Dunn Loring - 24.0 Pleasant Valley
Dunn Loring,Week4,Pinewood Lake,Week5,382.0 Dunn Loring - 19.0 Pinewood Lake
Dunn Loring,Week1,Rutherford,Week5,305.0 Dunn Loring - 97.0 Rutherford
Fairfax,Week3,Hollin Hills,Week3,338.0 Fairfax - 64.0 Hollin Hills
Dunn Loring,Week1,Parklawn,Week1,321.0 Dunn Loring - 72.0 Parklawn
Fairfax,Week4,Hollin Hills,Week5,327.0 Fairfax - 74.0 Hollin Hills
Dunn Loring,Week5,Pleasant Valley,Week3,341.0 Dunn Loring - 61.0 Pleasant Valley
Fairfax,Week5,Highlands Swim,Week1,231.0 Highlands Swim - 171.0 Fairfax
Dunn Loring,Week2,Parklawn,Week4,312.0 Dunn Loring - 90.0 Parklawn
Dunn Loring,Week4,Rolling Valley,Week3,360.0 Dunn Loring - 42.0 Rolling Valley
Fairfax,Week5,Highlands Swim,Week5,242.0 Highlands Swim - 160.0 Fairfax
Fair Oaks ,Week1,Chesterbrook,Week1,311.0 Chesterbrook - 91.0 Fair Oaks
Fair Oaks ,Week4,Cardinal Hill,Week1,267.0 Cardinal Hill - 135.0 Fair Oaks
Fairfax,Week1,Hollin Hills,Week5,317.0 Fairfax - 84.0 Hollin Hills
Dunn Loring,Week1,Parklawn,Week5,301.0 Dunn Loring - 96.0 Parklawn
Dunn Loring,Week3,Pleasant Valley,Week5,358.0 Dunn Loring - 44.0 Pleasant Valley
Fair Oaks ,Week5,Cardinal Hill,Week1,232.0 Cardinal Hill - 170.0 Fair Oaks
Fair Oaks ,Week5,Cardinal Hill,Week5,236.0 Cardinal Hill - 166.0 Fair Oaks
Dunn Loring,Week4,Pleasant Valley,Week3,354.0 Dunn Loring - 48.0 Pleasant Valley
Dunn Loring,Week1,Parklawn,Week3,306.0 Dunn Loring - 96.0 Parklawn
Dunn Loring,Week3,Rutherford,Week4,347.0 Dunn Loring - 55.0 Rutherford
Dunn Loring,Week5,Rolling Valley,Week4,357.0 Dunn Loring - 45.0 Rolling Valley
Dunn Loring,Week1,Rutherford,Week2,311.0 Dunn Loring - 91.0 Rutherford
Dunn Loring,Week1,Poplar Heights,Week2,226.0 Dunn Loring - 176.0 Poplar Heights
Fairfax,Week1,Hollin Hills,Week1,323.0 Fairfax - 79.0 Hollin Hills
Dunn Loring,Week3,Rolling Valley,Week5,363.0 Dunn Loring - 39.0 Rolling Valley
Dunn Loring,Week1,Poplar Heights,Week3,226.0 Dunn Loring - 176.0 Poplar Heights
Dunn Loring,Week2,Parklawn,Week3,340.0 Dunn Loring - 62.0 Parklawn
Dunn Loring,Week4,Rutherford,Week1,344.0 Dunn Loring - 58.0 Rutherford
Fairfax,Week5,Highlands Swim,Week3,227.5 Highlands Swim - 174.5 Fairfax
Fair Oaks ,Week4,Cardinal Hill,Week5,249.5 Cardinal Hill - 152.5 Fair Oaks
Dunn Loring,Week1,Parklawn,Week2,311.0 Dunn Loring - 91.0 Parklawn
Fair Oaks ,Week4,Cardinal Hill,Week4,263.0 Cardinal Hill - 139.0 Fair Oaks
Fairfax,Week4,Highlands Swim,Week5,273.0 Highlands Swim - 129.0 Fairfax
Dunn Loring,Week5,Pleasant Valley,Week4,372.0 Dunn Loring - 29.0 Pleasant Valley
Fairfax,Week5,Hollin Hills,Week4,354.0 Fairfax - 47.0 Hollin Hills
Dunn Loring,Week4,Rolling Valley,Week5,362.5 Dunn Loring - 39.5 Rolling Valley
Fair Oaks ,Week5,Cardinal Hill,Week4,229.0 Cardinal Hill - 173.0 Fair Oaks
Dunn Loring,Week3,Rolling Valley,Week3,367.0 Dunn Loring - 35.0 Rolling Valley
Dunn Loring,Week2,Parklawn,Week5,321.0 Dunn Loring - 81.0 Parklawn
Dunn Loring,Week2,Poplar Heights,Week1,276.0 Dunn Loring - 126.0 Poplar Heights
Fair Oaks ,Week1,Chesterbrook,Week3,337.0 Chesterbrook - 65.0 Fair Oaks
Fairfax,Week5,Hollin Hills,Week5,336.0 Fairfax - 66.0 Hollin Hills
Dunn Loring,Week3,Poplar Heights,Week3,265.0 Dunn Loring - 137.0 Poplar Heights
Dunn Loring,Week1,Poplar Heights,Week1,231.0 Dunn Loring - 171.0 Poplar Heights
Dunn Loring,Week1,Poplar Heights,Week4,220.0 Dunn Loring - 182.0 Poplar Heights
Dunn Loring,Week1,Poplar Heights,Week5,226.0 Dunn Loring - 176.0 Poplar Heights
Dunn Loring,Week2,Poplar Heights,Week3,261.0 Dunn Loring - 141.0 Poplar Heights
Fairfax,Week1,Hollin Hills,Week4,340.0 Fairfax - 62.0 Hollin Hills
Fair Oaks ,Week2,Cardinal Hill,Week3,293.0 Cardinal Hill - 109.0 Fair Oaks
Dunn Loring,Week3,Poplar Heights,Week4,262.0 Dunn Loring - 140.0 Poplar Heights
Fair Oaks ,Week1,Chesterbrook,Week2,328.0 Chesterbrook - 74.0 Fair Oaks
Fairfax,Week3,Hollin Hills,Week1,338.0 Fairfax - 63.0 Hollin Hills
Fair Oaks ,Week1,Chesterbrook,Week5,334.0 Chesterbrook - 68.0 Fair Oaks
Fair Oaks ,Week1,Chesterbrook,Week4,333.0 Chesterbrook - 69.0 Fair Oaks
Dunn Loring,Week1,Shouse Village,Week2,263.0 Dunn Loring - 139.0 Shouse Village
Fair Oaks ,Week5,Cardinal Hill,Week2,214.0 Cardinal Hill - 188.0 Fair Oaks
Dunn Loring,Week2,Parklawn,Week1,347.0 Dunn Loring - 46.0 Parklawn
Dunn Loring,Week5,Rolling Valley,Week5,356.0 Dunn Loring - 46.0 Rolling Valley
Dunn Loring,Week5,Overlee,Week5,289.0 Overlee - 113.0 Dunn Loring
Fairfax,Week2,Hollin Hills,Week4,350.0 Fairfax - 52.0 Hollin Hills
Fairfax,Week5,Hollin Hills,Week1,353.5 Fairfax - 48.5 Hollin Hills
Dunn Loring,Week3,Parklawn,Week1,353.0 Dunn Loring - 40.0 Parklawn
Fair Oaks ,Week1,Cardinal Hill,Week5,244.0 Cardinal Hill - 158.0 Fair Oaks
Dunn Loring,Week1,Rutherford,Week3,293.0 Dunn Loring - 104.0 Rutherford
Dunn Loring,Week2,Shouse Village,Week3,275.0 Dunn Loring - 127.0 Shouse Village
Fairfax,Week1,Hollin Hills,Week2,333.0 Fairfax - 69.0 Hollin Hills
Dunn Loring,Week3,Parklawn,Week2,342.0 Dunn Loring - 60.0 Parklawn
Fairfax,Week1,Hollin Meadows,Week1,247.0 Fairfax - 155.0 Hollin Meadows
Fair Oaks ,Week3,Cardinal Hill,Week2,215.0 Cardinal Hill - 187.0 Fair Oaks
Dunn Loring,Week3,Poplar Heights,Week2,255.0 Dunn Loring - 147.0 Poplar Heights
Dunn Loring,Week3,Shouse Village,Week5,258.0 Dunn Loring - 144.0 Shouse Village
Dunn Loring,Week2,Poplar Heights,Week5,252.0 Dunn Loring - 150.0 Poplar Heights
Fair Oaks ,Week4,Chesterbrook,Week2,343.0 Chesterbrook - 59.0 Fair Oaks
Dunn Loring,Week4,Poplar Heights,Week1,269.0 Dunn Loring - 133.0 Poplar Heights
Fairfax,Week1,Holmes Run Acres,Week4,256.0 Fairfax - 146.0 Holmes Run Acres
Fair Oaks ,Week5,Chesterbrook,Week2,320.0 Chesterbrook - 82.0 Fair Oaks
Fairfax,Week1,Hollin Meadows,Week2,255.0 Fairfax - 147.0 Hollin Meadows
Dunn Loring,Week4,Shouse Village,Week2,296.0 Dunn Loring - 106.0 Shouse Village
Dunn Loring,Week3,Poplar Heights,Week1,284.0 Dunn Loring - 118.0 Poplar Heights
Fairfax,Week5,Hollin Meadows,Week1,271.0 Fairfax - 131.0 Hollin Meadows
Dunn Loring,Week4,Poplar Heights,Week2,257.5 Dunn Loring - 144.5 Poplar Heights
Dunn Loring,Week2,Shouse Village,Week1,285.0 Dunn Loring - 117.0 Shouse Village
Fair Oaks ,Week2,Chesterbrook,Week3,356.0 Chesterbrook - 46.0 Fair Oaks
Dunn Loring,Week5,Shouse Village,Week1,286.0 Dunn Loring - 116.0 Shouse Village
Dunn Loring,Week5,Rutherford,Week3,335.0 Dunn Loring - 67.0 Rutherford
Fairfax,Week3,Hollin Meadows,Week2,281.0 Fairfax - 121.0 Hollin Meadows
Fair Oaks ,Week2,Chesterbrook,Week1,340.0 Chesterbrook - 62.0 Fair Oaks
Dunn Loring,Week2,Poplar Heights,Week4,255.0 Dunn Loring - 147.0 Poplar Heights
Dunn Loring,Week1,Shouse Village,Week5,225.0 Dunn Loring - 177.0 Shouse Village
Fairfax,Week4,Hollin Meadows,Week3,263.5 Fairfax - 138.5 Hollin Meadows
Fair Oaks ,Week2,Chesterbrook,Week2,351.0 Chesterbrook - 51.0 Fair Oaks
Fairfax,Week1,Holmes Run Acres,Week2,268.0 Fairfax - 134.0 Holmes Run Acres
Dunn Loring,Week4,Shouse Village,Week4,254.0 Dunn Loring - 148.0 Shouse Village
Fair Oaks ,Week3,Commonwealth,Week2,245.0 Fair Oaks - 157.0 Commonwealth
Fair Oaks ,Week4,Chesterbrook,Week4,344.0 Chesterbrook - 58.0 Fair Oaks
Fair Oaks ,Week2,Chesterbrook,Week5,352.0 Chesterbrook - 50.0 Fair Oaks
Dunn Loring,Week3,Poplar Heights,Week5,272.0 Dunn Loring - 130.0 Poplar Heights
Fairfax,Week4,Hollin Meadows,Week4,256.0 Fairfax - 146.0 Hollin Meadows
Fair Oaks ,Week3,Commonwealth,Week5,246.0 Fair Oaks - 156.0 Commonwealth
Fairfax,Week3,Holmes Run Acres,Week1,274.0 Fairfax - 128.0 Holmes Run Acres
Fairfax,Week2,Hollin Meadows,Week1,258.0 Fairfax - 144.0 Hollin Meadows
Dunn Loring,Week4,Shouse Village,Week1,288.0 Dunn Loring - 114.0 Shouse Village
Dunn Loring,Week3,Shouse Village,Week3,282.0 Dunn Loring - 120.0 Shouse Village
Dunn Loring,Week5,Pleasant Valley,Week5,347.0 Dunn Loring - 55.0 Pleasant Valley
Fairfax,Week2,Hollin Meadows,Week2,277.0 Fairfax - 125.0 Hollin Meadows
Dunn Loring,Week2,Shouse Village,Week4,253.0 Dunn Loring - 149.0 Shouse Village
Dunn Loring,Week5,Pleasant Valley,Week1,362.5 Dunn Loring - 38.5 Pleasant Valley
Fairfax,Week5,Hollin Meadows,Week3,289.0 Fairfax - 113.0 Hollin Meadows
Dunn Loring,Week2,Poplar Heights,Week2,249.0 Dunn Loring - 153.0 Poplar Heights
Dunn Loring,Week1,Shouse Village,Week3,246.0 Dunn Loring - 156.0 Shouse Village
Fair Oaks ,Week3,Chesterbrook,Week4,330.0 Chesterbrook - 72.0 Fair Oaks
Dunn Loring,Week5,Pleasant Valley,Week2,364.0 Dunn Loring - 37.0 Pleasant Valley
Dunn Loring,Week2,Shouse Village,Week5,244.0 Dunn Loring - 158.0 Shouse Village
Fairfax,Week1,Holmes Run Acres,Week1,251.0 Fairfax - 151.0 Holmes Run Acres
Dunn Loring,Week4,Poplar Heights,Week4,259.0 Dunn Loring - 143.0 Poplar Heights
Dunn Loring,Week4,Poplar Heights,Week3,250.0 Dunn Loring - 152.0 Poplar Heights
Fair Oaks ,Week1,Commonwealth,Week3,260.0 Fair Oaks - 142.0 Commonwealth
Fairfax,Week1,Hollin Meadows,Week5,241.0 Fairfax - 161.0 Hollin Meadows
Dunn Loring,Week4,Rutherford,Week2,342.0 Dunn Loring - 60.0 Rutherford
Fair Oaks ,Week2,Chesterbrook,Week4,348.0 Chesterbrook - 54.0 Fair Oaks
Dunn Loring,Week3,Shouse Village,Week2,299.0 Dunn Loring - 103.0 Shouse Village
Fair Oaks ,Week4,Chesterbrook,Week5,344.0 Chesterbrook - 58.0 Fair Oaks
Dunn Loring,Week4,Shouse Village,Week5,234.5 Dunn Loring - 167.5 Shouse Village
Fair Oaks ,Week3,Chesterbrook,Week3,343.0 Chesterbrook - 59.0 Fair Oaks
Dunn Loring,Week2,Shouse Village,Week2,291.0 Dunn Loring - 111.0 Shouse Village
Dunn Loring,Week3,Rutherford,Week5,347.0 Dunn Loring - 55.0 Rutherford
Fairfax,Week3,Hollin Meadows,Week5,266.0 Fairfax - 136.0 Hollin Meadows
Dunn Loring,Week5,Rutherford,Week5,330.0 Dunn Loring - 72.0 Rutherford
Fairfax,Week5,Hollin Meadows,Week5,283.0 Fairfax - 119.0 Hollin Meadows
Dunn Loring,Week3,Shouse Village,Week4,266.0 Dunn Loring - 136.0 Shouse Village
Fairfax,Week4,Hollin Meadows,Week2,266.0 Fairfax - 136.0 Hollin Meadows
Fairfax,Week2,Hollin Meadows,Week3,275.0 Fairfax - 127.0 Hollin Meadows
Dunn Loring,Week4,Shouse Village,Week3,274.0 Dunn Loring - 128.0 Shouse Village
Fairfax,Week5,Hollin Meadows,Week4,289.0 Fairfax - 113.0 Hollin Meadows
Fair Oaks ,Week1,Commonwealth,Week1,285.0 Fair Oaks - 117.0 Commonwealth
Fair Oaks ,Week1,Commonwealth,Week2,248.0 Fair Oaks - 154.0 Commonwealth
Fair Oaks ,Week2,Commonwealth,Week2,213.0 Fair Oaks - 189.0 Commonwealth
Fair Oaks ,Week5,Chesterbrook,Week1,308.5 Chesterbrook - 93.5 Fair Oaks
Fairfax,Week1,Holmes Run Acres,Week3,228.0 Fairfax - 174.0 Holmes Run Acres
Dunn Loring,Week1,Shouse Village,Week4,235.0 Dunn Loring - 167.0 Shouse Village
Dunn Loring,Week4,Rutherford,Week3,330.0 Dunn Loring - 72.0 Rutherford
Fairfax,Week4,Hollin Meadows,Week5,255.0 Fairfax - 147.0 Hollin Meadows
Dunn Loring,Week1,Shouse Village,Week1,265.0 Dunn Loring - 137.0 Shouse Village
Fair Oaks ,Week5,Chesterbrook,Week5,325.0 Chesterbrook - 77.0 Fair Oaks
Fairfax,Week3,Hollin Meadows,Week4,263.0 Fairfax - 139.0 Hollin Meadows
Fair Oaks ,Week3,Chesterbrook,Week2,329.0 Chesterbrook - 73.0 Fair Oaks
Fairfax,Week2,Hollin Meadows,Week4,267.0 Fairfax - 135.0 Hollin Meadows
Fairfax,Week2,Hollin Meadows,Week5,265.0 Fairfax - 137.0 Hollin Meadows
Fair Oaks ,Week4,Chesterbrook,Week3,348.0 Chesterbrook - 54.0 Fair Oaks
Fair Oaks ,Week5,Chesterbrook,Week4,326.0 Chesterbrook - 76.0 Fair Oaks
Fair Oaks ,Week3,Chesterbrook,Week1,309.0 Chesterbrook - 93.0 Fair Oaks
Dunn Loring,Week5,Rutherford,Week2,343.5 Dunn Loring - 58.5 Rutherford
Fair Oaks ,Week2,Commonwealth,Week5,220.0 Fair Oaks - 182.0 Commonwealth
Fair Oaks ,Week3,Chesterbrook,Week5,333.0 Chesterbrook - 69.0 Fair Oaks
Dunn Loring,Week4,Rutherford,Week5,336.0 Dunn Loring - 66.0 Rutherford
Fairfax,Week5,Hollin Meadows,Week2,286.0 Fairfax - 116.0 Hollin Meadows
Fairfax,Week1,Hollin Meadows,Week4,259.0 Fairfax - 143.0 Hollin Meadows
Dunn Loring,Week5,Shouse Village,Week4,256.0 Dunn Loring - 146.0 Shouse Village
Fair Oaks ,Week2,Commonwealth,Week3,231.0 Fair Oaks - 171.0 Commonwealth
Dunn Loring,Week5,Rutherford,Week4,338.0 Dunn Loring - 64.0 Rutherford
Fairfax,Week1,Hollin Meadows,Week3,263.0 Fairfax - 139.0 Hollin Meadows
Fair Oaks ,Week4,Chesterbrook,Week1,329.0 Chesterbrook - 73.0 Fair Oaks
Fairfax,Week4,Hollin Meadows,Week1,249.0 Fairfax - 153.0 Hollin Meadows
Fair Oaks ,Week1,Commonwealth,Week5,255.0 Fair Oaks - 147.0 Commonwealth
Dunn Loring,Week5,Rutherford,Week1,341.0 Dunn Loring - 61.0 Rutherford
Dunn Loring,Week4,Rutherford,Week4,339.5 Dunn Loring - 62.5 Rutherford
Fairfax,Week3,Hollin Meadows,Week3,267.0 Fairfax - 135.0 Hollin Meadows
Fairfax,Week3,Hollin Meadows,Week1,259.0 Fairfax - 143.0 Hollin Meadows
Dunn Loring,Week3,Shouse Village,Week1,289.0 Dunn Loring - 113.0 Shouse Village
Fair Oaks ,Week1,Commonwealth,Week4,266.0 Fair Oaks - 136.0 Commonwealth
Fairfax,Week2,Holmes Run Acres,Week2,283.0 Fairfax - 119.0 Holmes Run Acres
Dunn Loring,Week5,Shouse Village,Week3,281.0 Dunn Loring - 121.0 Shouse Village
Fair Oaks ,Week3,Commonwealth,Week4,261.0 Fair Oaks - 141.0 Commonwealth
Fairfax,Week2,Holmes Run Acres,Week4,263.0 Fairfax - 139.0 Holmes Run Acres
Dunn Loring,Week1,Sideburn Run,Week4,239.0 Dunn Loring - 163.0 Sideburn Run
Fair Oaks ,Week3,Cottontail,Week2,241.0 Fair Oaks - 161.0 Cottontail
Fairfax,Week2,Holmes Run Acres,Week5,229.0 Fairfax - 173.0 Holmes Run Acres
Dunn Loring,Week2,Sideburn Run,Week3,284.0 Dunn Loring - 118.0 Sideburn Run
Fair Oaks ,Week3,Commonwealth,Week1,288.0 Fair Oaks - 114.0 Commonwealth
Dunn Loring,Week2,Sideburn Run,Week2,290.0 Dunn Loring - 112.0 Sideburn Run
Fairfax,Week1,Holmes Run Acres,Week5,210.0 Fairfax - 192.0 Holmes Run Acres
Fairfax,Week2,Holmes Run Acres,Week3,244.0 Fairfax - 158.0 Holmes Run Acres
Fairfax,Week4,Holmes Run Acres,Week1,274.0 Fairfax - 128.0 Holmes Run Acres
Fair Oaks ,Week2,Commonwealth,Week4,239.0 Fair Oaks - 163.0 Commonwealth
Dunn Loring,Week1,Sideburn Run,Week5,236.0 Dunn Loring - 166.0 Sideburn Run
Fair Oaks ,Week2,Commonwealth,Week1,260.0 Fair Oaks - 140.0 Commonwealth
Fair Oaks ,Week3,Commonwealth,Week3,261.0 Fair Oaks - 141.0 Commonwealth
Fair Oaks ,Week5,Chesterbrook,Week3,339.0 Chesterbrook - 63.0 Fair Oaks
Dunn Loring,Week1,Sideburn Run,Week2,251.0 Dunn Loring - 151.0 Sideburn Run
Fairfax,Week2,Holmes Run Acres,Week1,274.0 Fairfax - 128.0 Holmes Run Acres
Dunn Loring,Week1,Sideburn Run,Week3,250.5 Dunn Loring - 151.5 Sideburn Run
Fairfax,Week3,Holmes Run Acres,Week3,245.0 Fairfax - 157.0 Holmes Run Acres
Fair Oaks ,Week4,Cottontail,Week3,241.0 Fair Oaks - 161.0 Cottontail
Dunn Loring,Week5,Shouse Village,Week2,285.0 Dunn Loring - 117.0 Shouse Village
Fairfax,Week3,Holmes Run Acres,Week5,224.0 Fairfax - 178.0 Holmes Run Acres
Dunn Loring,Week2,Sideburn Run,Week1,264.0 Dunn Loring - 138.0 Sideburn Run
Fair Oaks ,Week1,Cottontail,Week5,229.0 Fair Oaks - 173.0 Cottontail
Fairfax,Week5,Holmes Run Acres,Week2,298.0 Fairfax - 104.0 Holmes Run Acres
Fairfax,Week1,Hunt Valley,Week1,204.0 Fairfax - 198.0 Hunt Valley
Dunn Loring,Week3,Sideburn Run,Week2,285.5 Dunn Loring - 116.5 Sideburn Run
Fair Oaks ,Week4,Commonwealth,Week3,235.0 Fair Oaks - 167.0 Commonwealth
Dunn Loring,Week3,Sideburn Run,Week3,296.5 Dunn Loring - 105.5 Sideburn Run
Fair Oaks ,Week4,Commonwealth,Week4,241.0 Fair Oaks - 161.0 Commonwealth
Fair Oaks ,Week5,Commonwealth,Week1,294.0 Fair Oaks - 108.0 Commonwealth
Dunn Loring,Week2,Sideburn Run,Week4,289.5 Dunn Loring - 112.5 Sideburn Run
Fair Oaks ,Week2,Cottontail,Week3,213.0 Fair Oaks - 189.0 Cottontail
Dunn Loring,Week5,Shouse Village,Week5,241.0 Dunn Loring - 161.0 Shouse Village
Fair Oaks ,Week3,Cottontail,Week3,246.0 Fair Oaks - 156.0 Cottontail
Dunn Loring,Week2,Sideburn Run,Week5,282.0 Dunn Loring - 120.0 Sideburn Run
Fairfax,Week5,Holmes Run Acres,Week4,281.0 Fairfax - 121.0 Holmes Run Acres
Fairfax,Week5,Holmes Run Acres,Week1,285.0 Fairfax - 117.0 Holmes Run Acres
Fairfax,Week5,Holmes Run Acres,Week5,261.0 Fairfax - 141.0 Holmes Run Acres
Fair Oaks ,Week3,Cottontail,Week4,251.0 Fair Oaks - 151.0 Cottontail
Fairfax,Week4,Holmes Run Acres,Week5,226.0 Fairfax - 176.0 Holmes Run Acres
Fairfax,Week4,Holmes Run Acres,Week4,253.0 Fairfax - 149.0 Holmes Run Acres
Fairfax,Week4,Holmes Run Acres,Week3,244.0 Fairfax - 158.0 Holmes Run Acres
Dunn Loring,Week3,Sideburn Run,Week1,273.0 Dunn Loring - 129.0 Sideburn Run
Fair Oaks ,Week3,Cottontail,Week1,223.0 Fair Oaks - 179.0 Cottontail
Dunn Loring,Week1,Sideburn Run,Week1,237.0 Dunn Loring - 165.0 Sideburn Run
Fair Oaks ,Week2,Cottontail,Week5,209.0 Cottontail - 193.0 Fair Oaks
Fairfax,Week5,Brandywine,Week2,291.0 Fairfax - 111.0 Brandywine
Fair Oaks ,Week1,North Springfield,Week3,312.0 Fair Oaks - 85.0 North Springfield
Fair Oaks ,Week1,Cottontail,Week2,232.0 Fair Oaks - 170.0 Cottontail
Fair Oaks ,Week5,Commonwealth,Week4,276.5 Fair Oaks - 125.5 Commonwealth
Fair Oaks ,Week4,Commonwealth,Week1,277.0 Fair Oaks - 124.0 Commonwealth
Fairfax,Week3,Bren Mar-Edsall Park,Week3,387.0 Fairfax - 15.0 Bren Mar-Edsall Park
Fairfax,Week3,Holmes Run Acres,Week4,262.0 Fairfax - 140.0 Holmes Run Acres
Fair Oaks ,Week1,North Springfield,Week5,289.0 Fair Oaks - 85.0 North Springfield
Fair Oaks ,Week4,Cottontail,Week1,224.0 Fair Oaks - 178.0 Cottontail
Fair Oaks ,Week3,Newington Forest,Week4,286.0 Fair Oaks - 116.0 Newington Forest
Fairfax,Week5,Bren Mar-Edsall Park,Week5,379.0 Fairfax - 23.0 Bren Mar-Edsall Park
Fair Oaks ,Week5,Newington Forest,Week4,292.0 Fair Oaks - 110.0 Newington Forest
Fairfax,Week3,Holmes Run Acres,Week2,279.0 Fairfax - 123.0 Holmes Run Acres
Fair Oaks ,Week4,Commonwealth,Week5,241.0 Fair Oaks - 161.0 Commonwealth
Fair Oaks ,Week2,Cottontail,Week4,230.0 Fair Oaks - 172.0 Cottontail
Fairfax,Week5,Bren Mar-Edsall Park,Week1,387.0 Fairfax - 14.0 Bren Mar-Edsall Park
Fair Oaks ,Week2,Newington Forest,Week5,238.0 Fair Oaks - 164.0 Newington Forest
Fairfax,Week1,Hunt Valley,Week2,206.5 Hunt Valley - 195.5 Fairfax
Fairfax,Week1,Bren Mar-Edsall Park,Week4,370.0 Fairfax - 32.0 Bren Mar-Edsall Park
Fairfax,Week5,Holmes Run Acres,Week3,268.0 Fairfax - 134.0 Holmes Run Acres
Fair Oaks ,Week1,Cottontail,Week3,255.0 Fair Oaks - 147.0 Cottontail
Fair Oaks ,Week5,Commonwealth,Week2,260.0 Fair Oaks - 142.0 Commonwealth
Fair Oaks ,Week1,Cottontail,Week1,223.0 Fair Oaks - 179.0 Cottontail
Fair Oaks ,Week4,Commonwealth,Week2,234.0 Fair Oaks - 168.0 Commonwealth
Fairfax,Week4,Bren Mar-Edsall Park,Week4,382.0 Fairfax - 20.0 Bren Mar-Edsall Park
Fair Oaks ,Week1,North Springfield,Week1,288.0 Fair Oaks - 63.0 North Springfield
Fairfax,Week1,Hunt Valley,Week3,225.0 Hunt Valley - 177.0 Fairfax
Fair Oaks ,Week5,Commonwealth,Week3,276.5 Fair Oaks - 125.5 Commonwealth
Fairfax,Week1,Hunt Valley,Week4,214.0 Hunt Valley - 188.0 Fairfax
Fair Oaks ,Week2,Cottontail,Week1,208.0 Cottontail - 194.0 Fair Oaks
Fair Oaks ,Week4,Cottontail,Week4,247.0 Fair Oaks - 155.0 Cottontail
Fair Oaks ,Week2,North Springfield,Week2,288.0 Fair Oaks - 99.0 North Springfield
Fair Oaks ,Week2,North Springfield,Week4,294.0 Fair Oaks - 96.0 North Springfield
Fair Oaks ,Week2,Cottontail,Week2,209.5 Fair Oaks - 192.5 Cottontail
Fairfax,Week5,Brandywine,Week1,293.0 Fairfax - 109.0 Brandywine
Fair Oaks ,Week1,Cottontail,Week4,245.0 Fair Oaks - 157.0 Cottontail
Fairfax,Week3,Bren Mar-Edsall Park,Week2,382.0 Fairfax - 19.0 Bren Mar-Edsall Park
Fairfax,Week4,Brandywine,Week4,247.5 Fairfax - 154.5 Brandywine
Fair Oaks ,Week5,Commonwealth,Week5,259.0 Fair Oaks - 143.0 Commonwealth
Fair Oaks ,Week5,Newington Forest,Week3,314.0 Fair Oaks - 88.0 Newington Forest
Fairfax,Week4,Holmes Run Acres,Week2,284.0 Fairfax - 118.0 Holmes Run Acres
Fairfax,Week1,Bren Mar-Edsall Park,Week2,379.0 Fairfax - 23.0 Bren Mar-Edsall Park
Fairfax,Week5,Brandywine,Week4,280.5 Fairfax - 121.5 Brandywine
Fairfax,Week4,Brandywine,Week5,229.0 Fairfax - 173.0 Brandywine
Fairfax,Week3,Bren Mar-Edsall Park,Week5,374.0 Fairfax - 28.0 Bren Mar-Edsall Park
Fairfax,Week2,Bren Mar-Edsall Park,Week3,385.0 Fairfax - 17.0 Bren Mar-Edsall Park
Fair Oaks ,Week3,North Springfield,Week4,319.0 Fair Oaks - 73.0 North Springfield
Fair Oaks ,Week2,Newington Forest,Week4,236.5 Fair Oaks - 164.5 Newington Forest
Fairfax,Week2,Bren Mar-Edsall Park,Week4,386.0 Fairfax - 16.0 Bren Mar-Edsall Park
Fair Oaks ,Week5,Brookfield ,Week1,246.0 Fair Oaks - 156.0 Brookfield
Fair Oaks ,Week5,Brookfield ,Week4,247.0 Fair Oaks - 155.0 Brookfield
Fair Oaks ,Week5,Brookfield ,Week5,248.0 Fair Oaks - 154.0 Brookfield
Fair Oaks ,Week4,North Springfield,Week1,292.0 Fair Oaks - 54.0 North Springfield
Fairfax,Week3,Bren Mar-Edsall Park,Week4,381.0 Fairfax - 21.0 Bren Mar-Edsall Park
Fairfax,Week2,Bren Mar-Edsall Park,Week2,389.0 Fairfax - 13.0 Bren Mar-Edsall Park
Fairfax,Week5,Brandywine,Week3,294.0 Fairfax - 108.0 Brandywine
Fair Oaks ,Week5,Brookfield ,Week2,254.0 Fair Oaks - 148.0 Brookfield
Fair Oaks ,Week4,Cottontail,Week2,237.5 Fair Oaks - 164.5 Cottontail
Fair Oaks ,Week5,Cottontail,Week1,239.0 Fair Oaks - 163.0 Cottontail
Fair Oaks ,Week4,Cottontail,Week5,213.0 Fair Oaks - 189.0 Cottontail
Fair Oaks ,Week3,Newington Forest,Week1,312.0 Fair Oaks - 90.0 Newington Forest
Fair Oaks ,Week1,Broyhill Crest,Week2,354.0 Fair Oaks - 47.0 Broyhill Crest
Fair Oaks ,Week3,Brookfield ,Week4,240.0 Fair Oaks - 162.0 Brookfield
Fairfax,Week4,Bren Mar-Edsall Park,Week1,381.0 Fairfax - 20.0 Bren Mar-Edsall Park
Fair Oaks ,Week5,Brookfield ,Week3,264.0 Fair Oaks - 138.0 Brookfield
Fair Oaks ,Week3,Cottontail,Week5,232.0 Fair Oaks - 170.0 Cottontail
Fair Oaks ,Week3,Newington Forest,Week5,275.0 Fair Oaks - 127.0 Newington Forest
Fair Oaks ,Week4,Newington Forest,Week3,270.0 Fair Oaks - 132.0 Newington Forest
Fair Oaks ,Week4,North Springfield,Week3,307.0 Fair Oaks - 88.0 North Springfield
Fair Oaks ,Week4,Newington Forest,Week5,253.0 Fair Oaks - 149.0 Newington Forest
Fair Oaks ,Week4,Newington Forest,Week2,298.0 Fair Oaks - 103.0 Newington Forest
Fair Oaks ,Week4,Newington Forest,Week4,271.0 Fair Oaks - 130.0 Newington Forest
Fair Oaks ,Week5,Newington Forest,Week1,327.0 Fair Oaks - 74.0 Newington Forest
Fair Oaks ,Week2,Newington Forest,Week1,285.0 Fair Oaks - 116.0 Newington Forest
Fair Oaks ,Week5,Newington Forest,Week5,275.0 Fair Oaks - 127.0 Newington Forest
Fair Oaks ,Week1,Broyhill Crest,Week4,350.0 Fair Oaks - 51.0 Broyhill Crest
Fair Oaks ,Week2,Newington Forest,Week2,277.0 Fair Oaks - 124.0 Newington Forest
Fairfax,Week1,Bren Mar-Edsall Park,Week3,371.0 Fairfax - 31.0 Bren Mar-Edsall Park
Fair Oaks ,Week2,Brookfield ,Week4,205.0 Fair Oaks - 197.0 Brookfield
Fairfax,Week4,Bren Mar-Edsall Park,Week2,383.0 Fairfax - 18.0 Bren Mar-Edsall Park
Fairfax,Week5,Brandywine,Week5,266.0 Fairfax - 136.0 Brandywine
Fair Oaks ,Week3,Brookfield ,Week3,254.0 Fair Oaks - 148.0 Brookfield
Fairfax,Week3,Bren Mar-Edsall Park,Week1,379.0 Fairfax - 22.0 Bren Mar-Edsall Park
Fair Oaks ,Week1,Broyhill Crest,Week1,354.0 Fair Oaks - 47.0 Broyhill Crest
Fairfax,Week1,Bren Mar-Edsall Park,Week1,377.0 Fairfax - 25.0 Bren Mar-Edsall Park
Fair Oaks ,Week2,Brookfield ,Week3,215.0 Fair Oaks - 187.0 Brookfield
Fairfax,Week1,Bren Mar-Edsall Park,Week5,364.0 Fairfax - 38.0 Bren Mar-Edsall Park
Fairfax,Week2,Bren Mar-Edsall Park,Week5,376.0 Fairfax - 26.0 Bren Mar-Edsall Park
Fair Oaks ,Week1,North Springfield,Week2,307.0 Fair Oaks - 81.0 North Springfield
Fair Oaks ,Week3,Newington Forest,Week3,303.0 Fair Oaks - 99.0 Newington Forest
Fair Oaks ,Week1,Broyhill Crest,Week3,358.0 Fair Oaks - 43.0 Broyhill Crest
Fair Oaks ,Week3,Brookfield ,Week2,250.0 Fair Oaks - 152.0 Brookfield
Fair Oaks ,Week5,Newington Forest,Week2,315.0 Fair Oaks - 86.0 Newington Forest
Fair Oaks ,Week3,Brookfield ,Week1,240.0 Fair Oaks - 162.0 Brookfield
Fair Oaks ,Week2,Newington Forest,Week3,268.0 Fair Oaks - 134.0 Newington Forest
Fair Oaks ,Week3,Newington Forest,Week2,310.0 Fair Oaks - 92.0 Newington Forest
Fair Oaks ,Week2,Brookfield ,Week5,209.0 Fair Oaks - 193.0 Brookfield
Fairfax,Week4,Bren Mar-Edsall Park,Week3,381.0 Fairfax - 21.0 Bren Mar-Edsall Park
Fairfax,Week2,Bren Mar-Edsall Park,Week1,386.0 Fairfax - 16.0 Bren Mar-Edsall Park
Fair Oaks ,Week4,Newington Forest,Week1,316.0 Fair Oaks - 85.0 Newington Forest
Fairfax,Week1,Broyhill Crest,Week5,362.0 Fairfax - 40.0 Broyhill Crest
Fairfax,Week2,Broyhill Crest,Week1,387.0 Fairfax - 15.0 Broyhill Crest
Fairfax,Week1,Broyhill Crest,Week1,377.0 Fairfax - 23.0 Broyhill Crest
Fairfax,Week4,Bren Mar-Edsall Park,Week5,372.0 Fairfax - 30.0 Bren Mar-Edsall Park
Fairfax,Week5,Bren Mar-Edsall Park,Week2,387.0 Fairfax - 14.0 Bren Mar-Edsall Park
Fair Oaks ,Week4,North Springfield,Week4,319.0 Fair Oaks - 71.0 North Springfield
Fair Oaks ,Week4,Brookfield ,Week2,239.0 Fair Oaks - 163.0 Brookfield
Fair Oaks ,Week3,North Springfield,Week1,303.0 Fair Oaks - 47.0 North Springfield
Fairfax,Week2,Brookfield ,Week4,281.0 Fairfax - 121.0 Brookfield
Fair Oaks ,Week2,Oakton ,Week3,287.0 Oakton - 115.0 Fair Oaks
Fair Oaks ,Week4,Oakton ,Week4,286.0 Oakton - 116.0 Fair Oaks
Fair Oaks ,Week4,Brookfield ,Week5,223.0 Fair Oaks - 179.0 Brookfield
Fair Oaks ,Week2,Brookfield ,Week2,205.0 Fair Oaks - 197.0 Brookfield
Fair Oaks ,Week3,North Springfield,Week3,327.0 Fair Oaks - 70.0 North Springfield
Fair Oaks ,Week4,Oakton ,Week3,279.0 Oakton - 123.0 Fair Oaks
Fairfax,Week4,Brookfield ,Week3,283.0 Fairfax - 118.0 Brookfield
Fairfax,Week1,Brookfield ,Week4,248.0 Fairfax - 154.0 Brookfield
Fairfax,Week1,Broyhill Crest,Week2,381.0 Fairfax - 19.0 Broyhill Crest
Fair Oaks ,Week3,North Springfield,Week2,317.0 Fair Oaks - 71.0 North Springfield
Fair Oaks ,Week4,North Springfield,Week2,309.0 Fair Oaks - 77.0 North Springfield
Fair Oaks ,Week4,Brookfield ,Week3,242.0 Fair Oaks - 160.0 Brookfield
Fairfax,Week5,Brookfield ,Week2,296.0 Fairfax - 106.0 Brookfield
Fair Oaks ,Week1,North Springfield,Week4,313.0 Fair Oaks - 78.0 North Springfield
Fair Oaks ,Week2,North Springfield,Week1,284.0 Fair Oaks - 65.0 North Springfield
Fair Oaks ,Week2,North Springfield,Week5,268.0 Fair Oaks - 105.0 North Springfield
Fairfax,Week4,Brookfield ,Week2,265.0 Fairfax - 137.0 Brookfield
Fair Oaks ,Week3,Brookfield ,Week5,244.0 Fair Oaks - 158.0 Brookfield
Fairfax,Week1,Broyhill Crest,Week4,372.0 Fairfax - 29.0 Broyhill Crest
Fair Oaks ,Week3,Oakton ,Week3,250.0 Oakton - 152.0 Fair Oaks
Fair Oaks ,Week1,Oakton ,Week5,280.0 Oakton - 122.0 Fair Oaks
Fair Oaks ,Week2,North Springfield,Week3,280.0 Fair Oaks - 114.0 North Springfield
Fair Oaks ,Week3,North Springfield,Week5,284.0 Fair Oaks - 90.0 North Springfield
Fairfax,Week5,Brookfield ,Week4,290.5 Fairfax - 111.5 Brookfield
Fairfax,Week5,Bren Mar-Edsall Park,Week3,383.0 Fairfax - 19.0 Bren Mar-Edsall Park
Fair Oaks ,Week3,Oakton ,Week4,272.0 Oakton - 130.0 Fair Oaks
Fair Oaks ,Week4,Brookfield ,Week1,224.0 Fair Oaks - 178.0 Brookfield
Fairfax,Week1,Brookfield ,Week2,263.0 Fairfax - 139.0 Brookfield
Fairfax,Week3,Brookfield ,Week4,278.5 Fairfax - 123.5 Brookfield
Dunn Loring,Week4,Oakton ,Week4,220.0 Oakton - 182.0 Dunn Loring
Fair Oaks ,Week4,Brookfield ,Week4,224.0 Fair Oaks - 178.0 Brookfield
Fairfax,Week5,Bren Mar-Edsall Park,Week4,386.0 Fairfax - 16.0 Bren Mar-Edsall Park
Fair Oaks ,Week1,Oakton ,Week2,285.0 Oakton - 117.0 Fair Oaks
Fair Oaks ,Week4,Oakton ,Week1,276.0 Oakton - 126.0 Fair Oaks
Dunn Loring,Week5,Sully Station II,Week3,205.0 Dunn Loring - 197.0 Sully Station II
Fair Oaks ,Week5,North Springfield,Week5,285.0 Fair Oaks - 89.0 North Springfield
Fair Oaks ,Week2,Oakton ,Week5,298.0 Oakton - 104.0 Fair Oaks
Fair Oaks ,Week3,Oakton ,Week1,265.0 Oakton - 137.0 Fair Oaks
Fair Oaks ,Week2,Oakton ,Week1,289.0 Oakton - 113.0 Fair Oaks
Dunn Loring,Week2,Sully Station II,Week2,210.0 Dunn Loring - 192.0 Sully Station II
Fairfax,Week2,Broyhill Crest,Week2,392.0 Fairfax - 10.0 Broyhill Crest
Fair Oaks ,Week2,Oakton ,Week4,296.0 Oakton - 106.0 Fair Oaks
Fairfax,Week3,Brookfield ,Week3,284.0 Fairfax - 117.0 Brookfield
Fair Oaks ,Week1,Oakton ,Week1,281.0 Oakton - 121.0 Fair Oaks
Fairfax,Week1,Brookfield ,Week1,255.0 Fairfax - 147.0 Brookfield
Fairfax,Week3,Brookfield ,Week5,284.0 Fairfax - 118.0 Brookfield
Fair Oaks ,Week5,North Springfield,Week4,320.0 Fair Oaks - 72.0 North Springfield
Fairfax,Week4,Brookfield ,Week4,254.0 Fairfax - 148.0 Brookfield
Dunn Loring,Week1,Sully Station II,Week4,214.0 Dunn Loring - 188.0 Sully Station II
Fairfax,Week2,Brookfield ,Week5,282.0 Fairfax - 120.0 Brookfield
Dunn Loring,Week4,Sully Station II,Week3,212.0 Sully Station II - 190.0 Dunn Loring
Fair Oaks ,Week5,North Springfield,Week3,322.0 Fair Oaks - 75.0 North Springfield
Fair Oaks ,Week1,Oakton ,Week3,257.0 Oakton - 145.0 Fair Oaks
Fair Oaks ,Week1,Oakton ,Week4,282.0 Oakton - 120.0 Fair Oaks
Fairfax,Week2,Brookfield ,Week2,282.0 Fairfax - 120.0 Brookfield
Fairfax,Week3,Brookfield ,Week1,277.0 Fairfax - 125.0 Brookfield
Fairfax,Week3,Brookfield ,Week2,282.0 Fairfax - 120.0 Brookfield
Fairfax,Week2,Brookfield ,Week3,289.0 Fairfax - 113.0 Brookfield
Dunn Loring,Week5,Sully Station II,Week1,238.0 Dunn Loring - 164.0 Sully Station II
Dunn Loring,Week4,Oakton ,Week5,233.0 Oakton - 169.0 Dunn Loring
Dunn Loring,Week3,Sully Station II,Week2,218.0 Dunn Loring - 184.0 Sully Station II
Fairfax,Week5,Brookfield ,Week1,285.0 Fairfax - 117.0 Brookfield
Fairfax,Week2,Brookfield ,Week1,278.0 Fairfax - 124.0 Brookfield
Dunn Loring,Week4,Sully Station II,Week2,210.0 Dunn Loring - 192.0 Sully Station II
Fair Oaks ,Week2,Mosby Woods,Week5,254.0 Mosby Woods - 148.0 Fair Oaks
Dunn Loring,Week1,Truro,Week3,295.0 Dunn Loring - 107.0 Truro
Dunn Loring,Week4,Sully Station II,Week4,247.0 Dunn Loring - 155.0 Sully Station II
Fair Oaks ,Week1,Old Keene Mill,Week4,273.0 Fair Oaks - 129.0 Old Keene Mill
Fair Oaks ,Week4,Mosby Woods,Week5,262.0 Mosby Woods - 140.0 Fair Oaks
Fair Oaks ,Week5,North Springfield,Week1,305.0 Fair Oaks - 46.0 North Springfield
Fairfax,Week5,Brookfield ,Week5,287.0 Fairfax - 115.0 Brookfield
Fair Oaks ,Week4,Mosby Woods,Week3,266.0 Mosby Woods - 136.0 Fair Oaks
Dunn Loring,Week1,Sully Station II,Week3,231.0 Sully Station II - 171.0 Dunn Loring
Fairfax,Week4,Brookfield ,Week5,262.0 Fairfax - 140.0 Brookfield
Fairfax,Week1,Brookfield ,Week3,279.0 Fairfax - 123.0 Brookfield
Fair Oaks ,Week3,Oakton ,Week2,270.0 Oakton - 132.0 Fair Oaks
Fair Oaks ,Week2,Oakton ,Week2,292.0 Oakton - 110.0 Fair Oaks
Fairfax,Week4,Brookfield ,Week1,265.0 Fairfax - 137.0 Brookfield
Fair Oaks ,Week4,North Springfield,Week5,282.0 Fair Oaks - 87.0 North Springfield
Fairfax,Week1,Broyhill Crest,Week3,379.0 Fairfax - 22.0 Broyhill Crest
Fair Oaks ,Week4,Oakton ,Week2,291.0 Oakton - 111.0 Fair Oaks
Dunn Loring,Week2,Sully Station II,Week3,205.0 Sully Station II - 197.0 Dunn Loring
Dunn Loring,Week3,Sully Station II,Week5,204.0 Sully Station II - 198.0 Dunn Loring
Fair Oaks ,Week3,Oakton ,Week5,278.0 Oakton - 124.0 Fair Oaks
Fair Oaks ,Week4,Mosby Woods,Week1,273.0 Mosby Woods - 129.0 Fair Oaks
Fairfax,Week4,Broyhill Crest,Week4,387.0 Fairfax - 15.0 Broyhill Crest
Dunn Loring,Week2,Sully Station II,Week5,220.0 Sully Station II - 182.0 Dunn Loring
Fairfax,Week1,Brookfield ,Week5,268.0 Fairfax - 134.0 Brookfield
Fairfax,Week5,Brookfield ,Week3,302.0 Fairfax - 99.0 Brookfield
Fair Oaks ,Week5,North Springfield,Week2,322.0 Fair Oaks - 66.0 North Springfield
Dunn Loring,Week2,Sully Station II,Week4,250.0 Dunn Loring - 152.0 Sully Station II
Fair Oaks ,Week5,McLean,Week5,276.0 McLean - 126.0 Fair Oaks
Fair Oaks ,Week4,Old Keene Mill,Week1,283.0 Fair Oaks - 119.0 Old Keene Mill
Fair Oaks ,Week5,McLean,Week2,270.0 McLean - 132.0 Fair Oaks
Dunn Loring,Week4,Truro,Week3,331.0 Dunn Loring - 71.0 Truro
Fair Oaks ,Week4,McLean,Week3,293.5 McLean - 108.5 Fair Oaks
Fair Oaks ,Week4,McLean,Week5,289.0 McLean - 113.0 Fair Oaks
Dunn Loring,Week1,Sully Station II,Week5,239.0 Sully Station II - 163.0 Dunn Loring
Fairfax,Week3,Broyhill Crest,Week2,394.0 Fairfax - 8.0 Broyhill Crest
Fairfax,Week3,Burke Station,Week2,324.0 Fairfax - 74.0 Burke Station
Fair Oaks ,Week1,Mosby Woods,Week4,227.0 Mosby Woods - 175.0 Fair Oaks
Dunn Loring,Week4,Sully Station II,Week1,226.0 Dunn Loring - 176.0 Sully Station II
Fair Oaks ,Week1,Mosby Woods,Week3,257.0 Mosby Woods - 145.0 Fair Oaks
Fair Oaks ,Week3,Mosby Woods,Week3,240.0 Mosby Woods - 162.0 Fair Oaks
Fair Oaks ,Week1,Mosby Woods,Week2,248.0 Mosby Woods - 154.0 Fair Oaks
Fair Oaks ,Week3,Mosby Woods,Week1,244.0 Mosby Woods - 158.0 Fair Oaks
Fairfax,Week5,Broyhill Crest,Week3,388.0 Fairfax - 13.0 Broyhill Crest
Fairfax,Week5,Broyhill Crest,Week1,385.0 Fairfax - 17.0 Broyhill Crest
Fairfax,Week1,Burke Station,Week4,326.0 Fairfax - 76.0 Burke Station
Fair Oaks ,Week4,Oakton ,Week5,288.0 Oakton - 114.0 Fair Oaks
Fair Oaks ,Week2,Old Keene Mill,Week4,254.0 Fair Oaks - 148.0 Old Keene Mill
Dunn Loring,Week2,Sully Station II,Week1,228.0 Dunn Loring - 174.0 Sully Station II
Fair Oaks ,Week4,McLean,Week2,290.0 McLean - 112.0 Fair Oaks
Fairfax,Week3,Broyhill Crest,Week4,386.0 Fairfax - 16.0 Broyhill Crest
Fairfax,Week2,Burke Station,Week1,278.0 Fairfax - 101.0 Burke Station
Fair Oaks ,Week4,Old Keene Mill,Week3,271.0 Fair Oaks - 131.0 Old Keene Mill
Fairfax,Week5,Broyhill Crest,Week5,378.0 Fairfax - 23.0 Broyhill Crest
Fair Oaks ,Week5,Oakton ,Week3,241.0 Oakton - 161.0 Fair Oaks
Dunn Loring,Week4,Sully Station II,Week5,224.5 Sully Station II - 177.5 Dunn Loring
Fair Oaks ,Week5,Old Keene Mill,Week1,294.0 Fair Oaks - 108.0 Old Keene Mill
Fair Oaks ,Week1,Mosby Woods,Week5,228.0 Mosby Woods - 174.0 Fair Oaks
Fair Oaks ,Week5,Old Keene Mill,Week5,278.0 Fair Oaks - 124.0 Old Keene Mill
Fair Oaks ,Week2,Old Keene Mill,Week2,242.0 Fair Oaks - 160.0 Old Keene Mill
Fair Oaks ,Week1,Old Keene Mill,Week5,246.0 Fair Oaks - 156.0 Old Keene Mill
Fairfax,Week5,Broyhill Crest,Week2,386.0 Fairfax - 16.0 Broyhill Crest
Dunn Loring,Week3,Sully Station II,Week4,260.0 Dunn Loring - 142.0 Sully Station II
Fairfax,Week3,Burke Station,Week4,314.0 Fairfax - 88.0 Burke Station
Fair Oaks ,Week3,Old Keene Mill,Week2,286.0 Fair Oaks - 116.0 Old Keene Mill
Dunn Loring,Week5,Sully Station II,Week4,235.0 Dunn Loring - 167.0 Sully Station II
Dunn Loring,Week3,Sully Station II,Week1,229.0 Dunn Loring - 173.0 Sully Station II
Dunn Loring,Week5,Truro,Week1,322.0 Dunn Loring - 80.0 Truro
Dunn Loring,Week5,Sully Station II,Week2,225.5 Dunn Loring - 176.5 Sully Station II
Dunn Loring,Week1,Parliament,Week5,240.5 Dunn Loring - 161.5 Parliament
Dunn Loring,Week2,Truro,Week2,334.0 Dunn Loring - 68.0 Truro
Fair Oaks ,Week3,Old Keene Mill,Week1,294.0 Fair Oaks - 108.0 Old Keene Mill
Fair Oaks ,Week1,Mosby Woods,Week1,260.0 Mosby Woods - 142.0 Fair Oaks
Fairfax,Week2,Burke Station,Week2,331.0 Fairfax - 71.0 Burke Station
Dunn Loring,Week3,Sully Station II,Week3,210.0 Dunn Loring - 192.0 Sully Station II
Fairfax,Week1,Burke Station,Week2,321.0 Fairfax - 81.0 Burke Station
Fair Oaks ,Week4,Old Keene Mill,Week4,285.0 Fair Oaks - 117.0 Old Keene Mill
Fair Oaks ,Week3,Mosby Woods,Week5,237.0 Mosby Woods - 165.0 Fair Oaks
Dunn Loring,Week4,Parklawn,Week5,333.0 Dunn Loring - 68.0 Parklawn
Fairfax,Week2,Burke Station,Week4,322.0 Fairfax - 80.0 Burke Station
Fair Oaks ,Week4,Old Keene Mill,Week2,276.0 Fair Oaks - 126.0 Old Keene Mill
Fairfax,Week1,Burke Station,Week5,303.0 Fairfax - 99.0 Burke Station
Fairfax,Week2,Burke Station,Week3,309.0 Fairfax - 88.0 Burke Station
Fair Oaks ,Week5,McLean,Week3,276.5 McLean - 125.5 Fair Oaks
Dunn Loring,Week1,Truro,Week4,286.0 Dunn Loring - 116.0 Truro
Fair Oaks ,Week5,Oakton ,Week4,264.0 Oakton - 138.0 Fair Oaks
Fair Oaks ,Week5,Oakton ,Week2,265.0 Oakton - 137.0 Fair Oaks
Fair Oaks ,Week5,Oakton ,Week5,275.0 Oakton - 127.0 Fair Oaks
Dunn Loring,Week1,Truro,Week1,290.0 Dunn Loring - 112.0 Truro
Fair Oaks ,Week2,Mosby Woods,Week4,252.0 Mosby Woods - 150.0 Fair Oaks
Fairfax,Week4,Broyhill Crest,Week3,388.0 Fairfax - 13.0 Broyhill Crest
Dunn Loring,Week5,Sully Station II,Week5,207.0 Sully Station II - 195.0 Dunn Loring
Dunn Loring,Week1,Truro,Week2,302.0 Dunn Loring - 99.0 Truro
Fair Oaks ,Week2,Mosby Woods,Week2,274.0 Mosby Woods - 128.0 Fair Oaks
Fair Oaks ,Week5,McLean,Week4,259.0 McLean - 143.0 Fair Oaks
Dunn Loring,Week2,Truro,Week1,320.0 Dunn Loring - 82.0 Truro
Fair Oaks ,Week2,Mosby Woods,Week1,268.0 Mosby Woods - 134.0 Fair Oaks
Dunn Loring,Week5,Parklawn,Week5,323.0 Dunn Loring - 78.0 Parklawn
Fair Oaks ,Week2,Old Keene Mill,Week3,232.0 Fair Oaks - 170.0 Old Keene Mill
Fairfax,Week4,Broyhill Crest,Week5,373.0 Fairfax - 28.0 Broyhill Crest
Dunn Loring,Week4,Parliament,Week3,279.0 Dunn Loring - 123.0 Parliament
Fairfax,Week3,Broyhill Crest,Week5,374.0 Fairfax - 27.0 Broyhill Crest
Dunn Loring,Week3,Truro,Week2,343.0 Dunn Loring - 59.0 Truro
Fair Oaks ,Week5,McLean,Week1,258.0 McLean - 144.0 Fair Oaks
Fair Oaks ,Week3,Mosby Woods,Week4,214.0 Mosby Woods - 188.0 Fair Oaks
Fairfax,Week3,Broyhill Crest,Week1,389.0 Fairfax - 13.0 Broyhill Crest
Dunn Loring,Week4,Parliament,Week1,251.0 Dunn Loring - 151.0 Parliament
Fair Oaks ,Week5,Oakton ,Week1,256.0 Oakton - 146.0 Fair Oaks
Fairfax,Week3,Broyhill Crest,Week3,389.0 Fairfax - 12.0 Broyhill Crest
Dunn Loring,Week2,Truro,Week5,323.5 Dunn Loring - 78.5 Truro
Dunn Loring,Week2,Truro,Week4,313.5 Dunn Loring - 88.5 Truro
Fairfax,Week1,Burke Station,Week3,309.0 Fairfax - 88.0 Burke Station
Fairfax,Week2,Broyhill Crest,Week3,390.0 Fairfax - 12.0 Broyhill Crest
Fair Oaks ,Week2,Old Keene Mill,Week5,211.0 Fair Oaks - 191.0 Old Keene Mill
Fair Oaks ,Week1,Old Keene Mill,Week3,259.0 Fair Oaks - 143.0 Old Keene Mill
Fair Oaks ,Week3,Mosby Woods,Week2,248.0 Mosby Woods - 154.0 Fair Oaks
Dunn Loring,Week3,Truro,Week1,323.5 Dunn Loring - 78.5 Truro
Dunn Loring,Week3,Parliament,Week4,296.0 Dunn Loring - 106.0 Parliament
Fair Oaks ,Week5,Old Keene Mill,Week3,274.0 Fair Oaks - 128.0 Old Keene Mill
Fair Oaks ,Week4,McLean,Week4,270.5 McLean - 131.5 Fair Oaks
Dunn Loring,Week4,Parliament,Week5,274.5 Dunn Loring - 127.5 Parliament
Fair Oaks ,Week1,Old Keene Mill,Week2,264.0 Fair Oaks - 138.0 Old Keene Mill
Fair Oaks ,Week1,Old Keene Mill,Week1,273.0 Fair Oaks - 129.0 Old Keene Mill
Dunn Loring,Week5,Parklawn,Week2,338.5 Dunn Loring - 62.5 Parklawn
Dunn Loring,Week4,Parklawn,Week2,338.0 Dunn Loring - 63.0 Parklawn
Dunn Loring,Week2,Truro,Week3,328.0 Dunn Loring - 74.0 Truro
Fairfax,Week2,Broyhill Crest,Week5,370.0 Fairfax - 32.0 Broyhill Crest
Fair Oaks ,Week2,Mosby Woods,Week3,275.0 Mosby Woods - 127.0 Fair Oaks
Dunn Loring,Week4,Parklawn,Week4,320.0 Dunn Loring - 80.0 Parklawn
Dunn Loring,Week3,Truro,Week3,331.0 Dunn Loring - 71.0 Truro
Dunn Loring,Week3,Truro,Week5,327.0 Dunn Loring - 75.0 Truro
Fair Oaks ,Week3,Orange Hunt,Week5,205.0 Orange Hunt - 197.0 Fair Oaks
Fair Oaks ,Week4,Mount Vernon Park,Week3,264.0 Mount Vernon Park - 138.0 Fair Oaks
Dunn Loring,Week1,Parliament,Week3,241.5 Dunn Loring - 160.5 Parliament
Fair Oaks ,Week4,Mosby Woods,Week2,269.0 Mosby Woods - 133.0 Fair Oaks
Fair Oaks ,Week5,Mosby Woods,Week3,237.0 Mosby Woods - 165.0 Fair Oaks
Dunn Loring,Week2,Parliament,Week1,255.5 Dunn Loring - 146.5 Parliament
Dunn Loring,Week4,Truro,Week1,327.0 Dunn Loring - 75.0 Truro
Fair Oaks ,Week3,Old Keene Mill,Week5,260.0 Fair Oaks - 142.0 Old Keene Mill
Fairfax,Week2,Burke Station,Week5,303.0 Fairfax - 99.0 Burke Station
Dunn Loring,Week5,Parklawn,Week1,342.0 Dunn Loring - 51.0 Parklawn
Fairfax,Week3,Burke Station,Week1,281.0 Fairfax - 94.0 Burke Station
Fair Oaks ,Week2,Old Keene Mill,Week1,250.0 Fair Oaks - 152.0 Old Keene Mill
Fair Oaks ,Week4,Mosby Woods,Week4,243.0 Mosby Woods - 159.0 Fair Oaks
Fair Oaks ,Week5,Old Keene Mill,Week4,299.0 Fair Oaks - 103.0 Old Keene Mill
Fair Oaks ,Week4,Mount Vernon Park,Week4,256.0 Mount Vernon Park - 146.0 Fair Oaks
Fair Oaks ,Week3,Old Keene Mill,Week3,280.0 Fair Oaks - 122.0 Old Keene Mill
Fairfax,Week4,Broyhill Crest,Week1,384.0 Fairfax - 17.0 Broyhill Crest
Dunn Loring,Week3,Parklawn,Week3,349.0 Dunn Loring - 53.0 Parklawn
Dunn Loring,Week3,Truro,Week4,324.0 Dunn Loring - 78.0 Truro
Dunn Loring,Week2,Parliament,Week2,295.0 Dunn Loring - 107.0 Parliament
Fairfax,Week2,Broyhill Crest,Week4,381.0 Fairfax - 21.0 Broyhill Crest
Fair Oaks ,Week4,Old Keene Mill,Week5,243.0 Fair Oaks - 159.0 Old Keene Mill
Fairfax,Week3,Burke Station,Week3,306.0 Fairfax - 90.0 Burke Station
Fair Oaks ,Week5,Old Keene Mill,Week2,297.0 Fair Oaks - 105.0 Old Keene Mill
Fair Oaks ,Week3,Old Keene Mill,Week4,283.5 Fair Oaks - 118.5 Old Keene Mill
Fair Oaks ,Week3,Mount Vernon Park,Week3,243.0 Mount Vernon Park - 159.0 Fair Oaks
Dunn Loring,Week4,Truro,Week2,336.0 Dunn Loring - 66.0 Truro
Fairfax,Week1,Burke Station,Week1,282.5 Fairfax - 96.5 Burke Station
Fair Oaks ,Week1,Mount Vernon Park,Week2,248.0 Mount Vernon Park - 154.0 Fair Oaks
Dunn Loring,Week3,Parklawn,Week4,329.0 Dunn Loring - 73.0 Parklawn
Dunn Loring,Week4,Truro,Week5,318.0 Dunn Loring - 84.0 Truro
Dunn Loring,Week4,Truro,Week4,318.0 Dunn Loring - 84.0 Truro
Fair Oaks ,Week5,Mount Vernon Park,Week5,235.0 Mount Vernon Park - 167.0 Fair Oaks
Fairfax,Week4,Broyhill Crest,Week2,383.0 Fairfax - 18.0 Broyhill Crest
Fairfax,Week5,Broyhill Crest,Week4,388.0 Fairfax - 14.0 Broyhill Crest
Dunn Loring,Week1,Truro,Week5,287.0 Dunn Loring - 115.0 Truro
Dunn Loring,Week4,Parklawn,Week1,352.5 Dunn Loring - 40.5 Parklawn
Dunn Loring,Week5,Truro,Week3,332.0 Dunn Loring - 70.0 Truro
Dunn Loring,Week5,Parklawn,Week3,338.0 Dunn Loring - 63.0 Parklawn
Dunn Loring,Week2,Tuckahoe,Week1,267.0 Tuckahoe - 135.0 Dunn Loring
Fair Oaks ,Week1,Orange Hunt,Week4,206.0 Orange Hunt - 196.0 Fair Oaks
Fairfax,Week4,Camelot,Week2,281.0 Fairfax - 120.0 Camelot
Dunn Loring,Week1,Tuckahoe,Week5,300.0 Tuckahoe - 102.0 Dunn Loring
Dunn Loring,Week5,Parklawn,Week4,322.0 Dunn Loring - 79.0 Parklawn
Fair Oaks ,Week1,Fairfax Club Estates,Week2,254.0 Fair Oaks - 148.0 Fairfax Club Estates
Dunn Loring,Week1,Parliament,Week2,252.0 Dunn Loring - 150.0 Parliament
Dunn Loring,Week2,Parliament,Week4,280.5 Dunn Loring - 121.5 Parliament
Fair Oaks ,Week5,Mosby Woods,Week2,233.0 Mosby Woods - 169.0 Fair Oaks
Fair Oaks ,Week5,Mosby Woods,Week1,233.0 Mosby Woods - 169.0 Fair Oaks
Fair Oaks ,Week1,Newington Forest,Week3,294.0 Fair Oaks - 108.0 Newington Forest
Fairfax,Week3,Camelot,Week4,299.0 Fairfax - 103.0 Camelot
Fair Oaks ,Week1,Overlee,Week3,307.0 Overlee - 95.0 Fair Oaks
Fair Oaks ,Week4,Orange Hunt,Week4,214.0 Orange Hunt - 188.0 Fair Oaks
Dunn Loring,Week2,Tuckahoe,Week4,289.0 Tuckahoe - 113.0 Dunn Loring
Dunn Loring,Week1,Tuckahoe,Week4,309.0 Tuckahoe - 93.0 Dunn Loring
Fairfax,Week1,Camelot,Week2,272.0 Fairfax - 130.0 Camelot
Fairfax,Week2,Camelot,Week3,294.0 Fairfax - 108.0 Camelot
Fair Oaks ,Week5,Mosby Woods,Week5,233.0 Mosby Woods - 169.0 Fair Oaks
Fair Oaks ,Week2,Mount Vernon Park,Week2,265.0 Mount Vernon Park - 137.0 Fair Oaks
Fairfax,Week3,Camelot,Week1,287.0 Fairfax - 115.0 Camelot
Fairfax,Week4,Burke Station,Week2,320.0 Fairfax - 78.0 Burke Station
Fair Oaks ,Week5,Orange Hunt,Week5,202.0 Orange Hunt - 200.0 Fair Oaks
Dunn Loring,Week1,Parliament,Week4,249.0 Dunn Loring - 153.0 Parliament
Dunn Loring,Week4,Parklawn,Week3,344.0 Dunn Loring - 57.0 Parklawn
Fair Oaks ,Week1,Overlee,Week5,353.0 Overlee - 49.0 Fair Oaks
Fair Oaks ,Week1,Mount Vernon Park,Week5,254.0 Mount Vernon Park - 148.0 Fair Oaks
Dunn Loring,Week1,Tuckahoe,Week3,312.0 Tuckahoe - 90.0 Dunn Loring
Dunn Loring,Week1,Tuckahoe,Week1,282.0 Tuckahoe - 120.0 Dunn Loring
Fair Oaks ,Week2,Overlee,Week2,338.0 Overlee - 64.0 Fair Oaks
Fair Oaks ,Week1,Fairfax Club Estates,Week3,260.0 Fair Oaks - 142.0 Fairfax Club Estates
Fair Oaks ,Week3,Fairfax Club Estates,Week1,258.0 Fair Oaks - 144.0 Fairfax Club Estates
Dunn Loring,Week3,Tuckahoe,Week2,261.0 Tuckahoe - 141.0 Dunn Loring
Dunn Loring,Week2,Parliament,Week5,275.0 Dunn Loring - 127.0 Parliament
Fair Oaks ,Week3,Fairfax Club Estates,Week4,269.0 Fair Oaks - 133.0 Fairfax Club Estates
Fair Oaks ,Week1,Orange Hunt,Week3,216.0 Orange Hunt - 186.0 Fair Oaks
Dunn Loring,Week2,Tuckahoe,Week5,277.0 Tuckahoe - 125.0 Dunn Loring
Fairfax,Week3,Camelot,Week3,289.0 Fairfax - 112.0 Camelot
Fairfax,Week3,Burke Station,Week5,297.0 Fairfax - 105.0 Burke Station
Fairfax,Week2,Camelot,Week4,291.0 Fairfax - 111.0 Camelot
Dunn Loring,Week3,Tuckahoe,Week1,262.0 Tuckahoe - 140.0 Dunn Loring
Fair Oaks ,Week1,Orange Hunt,Week1,207.0 Fair Oaks - 195.0 Orange Hunt
Fair Oaks ,Week2,Mount Vernon Park,Week4,269.0 Mount Vernon Park - 133.0 Fair Oaks
Fairfax,Week4,Camelot,Week3,283.0 Fairfax - 118.0 Camelot
Fair Oaks ,Week1,Mount Vernon Park,Week4,247.0 Mount Vernon Park - 155.0 Fair Oaks
Dunn Loring,Week5,Truro,Week5,320.0 Dunn Loring - 82.0 Truro
Dunn Loring,Week3,Parliament,Week3,279.0 Dunn Loring - 123.0 Parliament
Fair Oaks ,Week2,Mount Vernon Park,Week1,266.0 Mount Vernon Park - 136.0 Fair Oaks
Fair Oaks ,Week2,Orange Hunt,Week4,221.0 Orange Hunt - 181.0 Fair Oaks
Fair Oaks ,Week1,Mount Vernon Park,Week3,250.0 Mount Vernon Park - 152.0 Fair Oaks
Fair Oaks ,Week5,Fairfax,Week2,241.0 Fairfax - 161.0 Fair Oaks
Dunn Loring,Week3,Parliament,Week2,300.0 Dunn Loring - 102.0 Parliament
Dunn Loring,Week2,Parliament,Week3,277.0 Dunn Loring - 125.0 Parliament
Fair Oaks ,Week4,Orange Hunt,Week1,212.0 Orange Hunt - 190.0 Fair Oaks
Fairfax,Week4,Camelot,Week1,282.0 Fairfax - 120.0 Camelot
Dunn Loring,Week3,Parklawn,Week5,333.0 Dunn Loring - 69.0 Parklawn
Fair Oaks ,Week2,Overlee,Week3,329.0 Overlee - 73.0 Fair Oaks
Fair Oaks ,Week5,Mosby Woods,Week4,218.0 Mosby Woods - 184.0 Fair Oaks
Dunn Loring,Week5,Parliament,Week1,255.0 Dunn Loring - 147.0 Parliament
Dunn Loring,Week5,Parliament,Week4,299.0 Dunn Loring - 103.0 Parliament
Fair Oaks ,Week2,Fairfax Club Estates,Week3,233.0 Fair Oaks - 169.0 Fairfax Club Estates
Fair Oaks ,Week1,Overlee,Week1,314.0 Overlee - 88.0 Fair Oaks
Fair Oaks ,Week4,Orange Hunt,Week2,206.0 Orange Hunt - 196.0 Fair Oaks
Fairfax,Week1,Camelot,Week1,270.0 Fairfax - 132.0 Camelot
Fair Oaks ,Week2,Orange Hunt,Week2,224.0 Orange Hunt - 178.0 Fair Oaks
Fair Oaks ,Week2,Orange Hunt,Week3,231.0 Orange Hunt - 171.0 Fair Oaks
Fair Oaks ,Week4,Fairfax Club Estates,Week4,249.5 Fair Oaks - 152.5 Fairfax Club Estates
Dunn Loring,Week5,Truro,Week4,313.0 Dunn Loring - 89.0 Truro
Dunn Loring,Week3,Tuckahoe,Week4,292.0 Tuckahoe - 110.0 Dunn Loring
Dunn Loring,Week3,Parliament,Week5,276.0 Dunn Loring - 126.0 Parliament
Dunn Loring,Week3,Tuckahoe,Week3,290.0 Tuckahoe - 112.0 Dunn Loring
Fairfax,Week5,Burke Station,Week2,343.0 Fairfax - 55.0 Burke Station
Fair Oaks ,Week2,Fairfax Club Estates,Week4,220.0 Fair Oaks - 182.0 Fairfax Club Estates
Dunn Loring,Week4,Parliament,Week2,287.0 Dunn Loring - 115.0 Parliament
Dunn Loring,Week5,Truro,Week2,337.0 Dunn Loring - 65.0 Truro
Fair Oaks ,Week2,Mount Vernon Park,Week3,268.0 Mount Vernon Park - 134.0 Fair Oaks
Fair Oaks ,Week4,Mount Vernon Park,Week1,248.0 Mount Vernon Park - 154.0 Fair Oaks
Dunn Loring,Week3,Tuckahoe,Week5,274.5 Tuckahoe - 127.5 Dunn Loring
Dunn Loring,Week2,Tuckahoe,Week3,292.0 Tuckahoe - 110.0 Dunn Loring
Fair Oaks ,Week3,Fairfax,Week4,250.5 Fairfax - 151.5 Fair Oaks
Fairfax,Week5,Burke Station,Week4,330.0 Fairfax - 72.0 Burke Station
Fair Oaks ,Week1,Mount Vernon Park,Week1,247.0 Mount Vernon Park - 155.0 Fair Oaks
Fairfax,Week1,Camelot,Week3,280.0 Fairfax - 122.0 Camelot
Fair Oaks ,Week4,Fairfax,Week1,259.0 Fairfax - 143.0 Fair Oaks
Fair Oaks ,Week3,Fairfax Club Estates,Week5,267.0 Fair Oaks - 135.0 Fairfax Club Estates
Fair Oaks ,Week3,Mount Vernon Park,Week2,239.0 Mount Vernon Park - 163.0 Fair Oaks
Fairfax,Week5,Burke Station,Week1,299.0 Fairfax - 76.0 Burke Station
Dunn Loring,Week3,Parliament,Week1,261.0 Dunn Loring - 141.0 Parliament
Dunn Loring,Week1,Tuckahoe,Week2,279.0 Tuckahoe - 123.0 Dunn Loring
Fair Oaks ,Week2,Mount Vernon Park,Week5,273.0 Mount Vernon Park - 129.0 Fair Oaks
Dunn Loring,Week1,Parliament,Week1,216.0 Dunn Loring - 186.0 Parliament
Fair Oaks ,Week4,Fairfax Club Estates,Week2,255.0 Fair Oaks - 147.0 Fairfax Club Estates
Fair Oaks ,Week3,Mount Vernon Park,Week4,247.0 Mount Vernon Park - 155.0 Fair Oaks
Fairfax,Week4,Burke Station,Week5,303.0 Fairfax - 99.0 Burke Station
Dunn Loring,Week4,Parliament,Week4,288.0 Dunn Loring - 114.0 Parliament
Fair Oaks ,Week3,Mount Vernon Park,Week1,245.0 Mount Vernon Park - 157.0 Fair Oaks
Fair Oaks ,Week5,Orange Hunt,Week4,213.0 Fair Oaks - 189.0 Orange Hunt
Fair Oaks ,Week4,Orange Hunt,Week5,227.0 Orange Hunt - 174.0 Fair Oaks
Fair Oaks ,Week3,Orange Hunt,Week4,212.0 Fair Oaks - 190.0 Orange Hunt
Dunn Loring,Week2,Tuckahoe,Week2,270.5 Tuckahoe - 131.5 Dunn Loring
Fair Oaks ,Week4,Fairfax,Week3,273.0 Fairfax - 129.0 Fair Oaks
Dunn Loring,Week2,Old Keene Mill,Week4,325.0 Dunn Loring - 77.0 Old Keene Mill
Dunn Loring,Week2,Old Keene Mill,Week5,294.0 Dunn Loring - 108.0 Old Keene Mill
Fair Oaks ,Week5,Mount Vernon Park,Week1,233.0 Mount Vernon Park - 169.0 Fair Oaks
Dunn Loring,Week1,Pinecrest,Week4,241.0 Pinecrest - 161.0 Dunn Loring
Fairfax,Week5,Burke Station,Week3,327.0 Fairfax - 69.0 Burke Station
Fair Oaks ,Week5,Fairfax,Week1,228.0 Fairfax - 174.0 Fair Oaks
Dunn Loring,Week5,Parliament,Week5,268.0 Dunn Loring - 134.0 Parliament
Fair Oaks ,Week3,Fairfax,Week2,252.0 Fairfax - 150.0 Fair Oaks
Fair Oaks ,Week3,Fairfax,Week3,257.5 Fairfax - 144.5 Fair Oaks
Dunn Loring,Week4,Tuckahoe,Week1,261.0 Tuckahoe - 141.0 Dunn Loring
Fairfax,Week4,Burke Station,Week4,318.0 Fairfax - 84.0 Burke Station
Fairfax,Week1,Camelot,Week4,283.0 Fairfax - 119.0 Camelot
Dunn Loring,Week1,Pinecrest,Week2,239.0 Pinecrest - 163.0 Dunn Loring
Fair Oaks ,Week3,Mount Vernon Park,Week5,249.0 Mount Vernon Park - 153.0 Fair Oaks
Dunn Loring,Week1,Pinecrest,Week3,236.0 Pinecrest - 166.0 Dunn Loring
Fairfax,Week5,Burke Station,Week5,322.0 Fairfax - 80.0 Burke Station
Dunn Loring,Week1,Old Keene Mill,Week4,284.0 Dunn Loring - 118.0 Old Keene Mill
Fair Oaks ,Week1,Orange Hunt,Week2,204.0 Orange Hunt - 198.0 Fair Oaks
Dunn Loring,Week1,Vienna Aquatic,Week4,237.0 Vienna Aquatic - 165.0 Dunn Loring
Dunn Loring,Week3,Old Keene Mill,Week1,319.0 Dunn Loring - 83.0 Old Keene Mill
Fair Oaks ,Week5,Mount Vernon Park,Week2,238.0 Mount Vernon Park - 164.0 Fair Oaks
Fair Oaks ,Week5,Orange Hunt,Week2,215.0 Fair Oaks - 187.0 Orange Hunt
Fair Oaks ,Week2,Orange Hunt,Week1,217.0 Orange Hunt - 185.0 Fair Oaks
Dunn Loring,Week4,Tuckahoe,Week3,307.0 Tuckahoe - 95.0 Dunn Loring
Fair Oaks ,Week4,Mount Vernon Park,Week2,253.0 Mount Vernon Park - 149.0 Fair Oaks
Dunn Loring,Week2,Vienna Aquatic,Week5,223.0 Vienna Aquatic - 179.0 Dunn Loring
Fairfax,Week1,Camelot,Week5,267.0 Fairfax - 135.0 Camelot
Fair Oaks ,Week3,Orange Hunt,Week2,210.0 Fair Oaks - 192.0 Orange Hunt
Fair Oaks ,Week3,Fairfax,Week5,273.0 Fairfax - 129.0 Fair Oaks
Dunn Loring,Week3,Vienna Aquatic,Week3,224.0 Vienna Aquatic - 178.0 Dunn Loring
Dunn Loring,Week5,Tuckahoe,Week5,289.0 Tuckahoe - 113.0 Dunn Loring
Fair Oaks ,Week3,Orange Hunt,Week3,202.0 Fair Oaks - 200.0 Orange Hunt
Dunn Loring,Week3,Old Keene Mill,Week4,321.0 Dunn Loring - 81.0 Old Keene Mill
Dunn Loring,Week2,Pinecrest,Week2,216.0 Dunn Loring - 186.0 Pinecrest
Fair Oaks ,Week3,Orange Hunt,Week1,215.0 Fair Oaks - 187.0 Orange Hunt
Dunn Loring,Week5,Parliament,Week3,277.0 Dunn Loring - 125.0 Parliament
Fair Oaks ,Week5,Fairfax,Week3,256.0 Fairfax - 146.0 Fair Oaks
Dunn Loring,Week4,Old Keene Mill,Week5,300.0 Dunn Loring - 102.0 Old Keene Mill
Fairfax,Week3,Camelot,Week2,295.0 Fairfax - 106.0 Camelot
Fair Oaks ,Week1,Orange Hunt,Week5,216.0 Orange Hunt - 186.0 Fair Oaks
Dunn Loring,Week5,Old Keene Mill,Week1,325.0 Dunn Loring - 77.0 Old Keene Mill
Fairfax,Week4,Burke Station,Week1,284.0 Fairfax - 91.0 Burke Station
Dunn Loring,Week2,Vienna Aquatic,Week2,202.0 Vienna Aquatic - 200.0 Dunn Loring
Fairfax,Week2,Camelot,Week1,287.0 Fairfax - 115.0 Camelot
Fair Oaks ,Week4,Fairfax,Week5,294.0 Fairfax - 108.0 Fair Oaks
Dunn Loring,Week2,Pinecrest,Week3,220.0 Dunn Loring - 182.0 Pinecrest
Dunn Loring,Week1,Pinecrest,Week5,230.0 Pinecrest - 172.0 Dunn Loring
Fair Oaks ,Week4,Fairfax,Week4,270.0 Fairfax - 132.0 Fair Oaks
Fairfax,Week2,Camelot,Week2,287.0 Fairfax - 115.0 Camelot
Fair Oaks ,Week2,Orange Hunt,Week5,239.0 Orange Hunt - 163.0 Fair Oaks
Fair Oaks ,Week5,Mount Vernon Park,Week4,234.0 Mount Vernon Park - 168.0 Fair Oaks
Fair Oaks ,Week5,Mount Vernon Park,Week3,234.0 Mount Vernon Park - 168.0 Fair Oaks
Fair Oaks ,Week5,Fairfax,Week5,261.0 Fairfax - 141.0 Fair Oaks
Fair Oaks ,Week4,Mount Vernon Park,Week5,270.0 Mount Vernon Park - 132.0 Fair Oaks
Fair Oaks ,Week1,Newington Forest,Week1,306.0 Fair Oaks - 96.0 Newington Forest
Dunn Loring,Week4,Vienna Aquatic,Week3,224.0 Vienna Aquatic - 178.0 Dunn Loring
Dunn Loring,Week3,Old Keene Mill,Week3,317.0 Dunn Loring - 85.0 Old Keene Mill
Fair Oaks ,Week1,Overlee,Week4,351.0 Overlee - 51.0 Fair Oaks
Fairfax,Week5,Camelot,Week1,292.0 Fairfax - 110.0 Camelot
Fair Oaks ,Week4,Fairfax,Week2,267.0 Fairfax - 135.0 Fair Oaks
Fair Oaks ,Week2,Overlee,Week1,324.0 Overlee - 78.0 Fair Oaks
Dunn Loring,Week2,Pinecrest,Week4,201.0 Dunn Loring - 201.0 Pinecrest
Fair Oaks ,Week1,Newington Forest,Week4,275.0 Fair Oaks - 127.0 Newington Forest
Dunn Loring,Week3,Pinecrest,Week1,246.0 Dunn Loring - 156.0 Pinecrest
Fairfax,Week3,Camelot,Week5,287.0 Fairfax - 115.0 Camelot
Fair Oaks ,Week5,Kent Gardens,Week1,216.0 Fair Oaks - 186.0 Kent Gardens
Dunn Loring,Week4,Tuckahoe,Week4,306.0 Tuckahoe - 96.0 Dunn Loring
Dunn Loring,Week3,Pinecrest,Week2,221.0 Dunn Loring - 181.0 Pinecrest
Fair Oaks ,Week5,Fairfax,Week4,247.0 Fairfax - 155.0 Fair Oaks
Fair Oaks ,Week1,Fairfax Club Estates,Week5,245.0 Fair Oaks - 157.0 Fairfax Club Estates
Fair Oaks ,Week5,Kent Gardens,Week3,237.0 Fair Oaks - 165.0 Kent Gardens
Fair Oaks ,Week1,Overlee,Week2,329.0 Overlee - 73.0 Fair Oaks
Fair Oaks ,Week1,Fairfax Club Estates,Week1,251.0 Fair Oaks - 151.0 Fairfax Club Estates
Dunn Loring,Week1,Vienna Aquatic,Week5,259.0 Vienna Aquatic - 143.0 Dunn Loring
Dunn Loring,Week2,Vienna Aquatic,Week3,218.0 Vienna Aquatic - 184.0 Dunn Loring
Dunn Loring,Week3,Vienna Aquatic,Week5,226.0 Vienna Aquatic - 176.0 Dunn Loring
Fairfax,Week2,Camelot,Week5,293.0 Fairfax - 109.0 Camelot
Dunn Loring,Week2,Pinecrest,Week5,209.0 Dunn Loring - 193.0 Pinecrest
Fairfax,Week4,Camelot,Week4,273.0 Fairfax - 129.0 Camelot
Fair Oaks ,Week4,Orange Hunt,Week3,218.0 Orange Hunt - 184.0 Fair Oaks
Fair Oaks ,Week1,Newington Forest,Week2,302.0 Fair Oaks - 100.0 Newington Forest
Dunn Loring,Week3,Vienna Aquatic,Week2,205.0 Dunn Loring - 197.0 Vienna Aquatic
Fairfax,Week4,Camelot,Week5,274.0 Fairfax - 128.0 Camelot
Dunn Loring,Week5,Oakton ,Week3,204.0 Dunn Loring - 198.0 Oakton
Fair Oaks ,Week1,Newington Forest,Week5,275.0 Fair Oaks - 127.0 Newington Forest
Fair Oaks ,Week2,Fairfax Club Estates,Week2,227.0 Fair Oaks - 175.0 Fairfax Club Estates
Fairfax,Week4,Burke Station,Week3,308.0 Fairfax - 88.0 Burke Station
Dunn Loring,Week5,Oakton ,Week5,218.0 Oakton - 184.0 Dunn Loring
Dunn Loring,Week5,Old Keene Mill,Week2,316.5 Dunn Loring - 85.5 Old Keene Mill
Dunn Loring,Week2,Pinecrest,Week1,224.0 Dunn Loring - 178.0 Pinecrest
Dunn Loring,Week5,Parliament,Week2,289.0 Dunn Loring - 113.0 Parliament
Dunn Loring,Week2,Old Keene Mill,Week3,316.0 Dunn Loring - 86.0 Old Keene Mill
Fair Oaks ,Week2,Kent Gardens,Week3,217.0 Kent Gardens - 185.0 Fair Oaks
Fair Oaks ,Week5,Orange Hunt,Week1,212.0 Fair Oaks - 190.0 Orange Hunt
Fair Oaks ,Week5,Orange Hunt,Week3,206.0 Fair Oaks - 196.0 Orange Hunt
Dunn Loring,Week2,Old Keene Mill,Week2,301.0 Dunn Loring - 101.0 Old Keene Mill
Fair Oaks ,Week2,Fairfax Club Estates,Week1,220.0 Fair Oaks - 182.0 Fairfax Club Estates
Dunn Loring,Week4,Vienna Aquatic,Week1,214.0 Vienna Aquatic - 188.0 Dunn Loring
Dunn Loring,Week1,Old Keene Mill,Week1,292.0 Dunn Loring - 110.0 Old Keene Mill
Fair Oaks ,Week1,Kings Ridge ,Week5,287.0 Fair Oaks - 115.0 Kings Ridge
Fair Oaks ,Week1,Kent Gardens,Week4,207.0 Fair Oaks - 195.0 Kent Gardens
Dunn Loring,Week5,Tuckahoe,Week3,302.0 Tuckahoe - 100.0 Dunn Loring
Fair Oaks ,Week2,Parklawn,Week5,243.0 Fair Oaks - 158.0 Parklawn
Fair Oaks ,Week3,Fairfax Club Estates,Week3,267.0 Fair Oaks - 135.0 Fairfax Club Estates
Dunn Loring,Week3,Old Keene Mill,Week2,312.0 Dunn Loring - 90.0 Old Keene Mill
Fairfax,Week2,Canterbury Woods,Week3,321.0 Fairfax - 81.0 Canterbury Woods
Fair Oaks ,Week3,Kent Gardens,Week5,208.0 Kent Gardens - 194.0 Fair Oaks
Fairfax,Week4,Canterbury Woods,Week2,325.0 Fairfax - 76.0 Canterbury Woods
Dunn Loring,Week5,Vienna Aquatic,Week4,210.0 Dunn Loring - 192.0 Vienna Aquatic
Fair Oaks ,Week1,Fairfax Club Estates,Week4,246.0 Fair Oaks - 156.0 Fairfax Club Estates
Dunn Loring,Week3,Pinecrest,Week4,203.0 Dunn Loring - 199.0 Pinecrest
Fair Oaks ,Week1,Parklawn,Week1,301.0 Fair Oaks - 92.0 Parklawn
Dunn Loring,Week1,Pinecrest,Week1,208.0 Pinecrest - 194.0 Dunn Loring
Dunn Loring,Week5,Oakton ,Week2,208.0 Oakton - 194.0 Dunn Loring
Dunn Loring,Week3,Pinecrest,Week5,213.0 Dunn Loring - 189.0 Pinecrest
Fair Oaks ,Week3,Parklawn,Week4,274.0 Fair Oaks - 127.0 Parklawn
Dunn Loring,Week4,Vienna Aquatic,Week2,209.0 Vienna Aquatic - 193.0 Dunn Loring
Dunn Loring,Week1,Old Keene Mill,Week3,284.0 Dunn Loring - 118.0 Old Keene Mill
Fair Oaks ,Week1,Kings Ridge ,Week1,302.0 Fair Oaks - 100.0 Kings Ridge
Fair Oaks ,Week1,Kings Ridge ,Week4,290.0 Fair Oaks - 112.0 Kings Ridge
Fair Oaks ,Week4,Overlee,Week3,321.0 Overlee - 81.0 Fair Oaks
Dunn Loring,Week3,Pinecrest,Week3,221.0 Dunn Loring - 181.0 Pinecrest
Fairfax,Week1,Canterbury Woods,Week1,298.0 Fairfax - 104.0 Canterbury Woods
Fair Oaks ,Week2,Fairfax Club Estates,Week5,220.0 Fair Oaks - 181.0 Fairfax Club Estates
Dunn Loring,Week1,Old Keene Mill,Week2,271.0 Dunn Loring - 131.0 Old Keene Mill
Fair Oaks ,Week3,Fairfax Club Estates,Week2,271.0 Fair Oaks - 131.0 Fairfax Club Estates
Fair Oaks ,Week2,Parklawn,Week3,278.0 Fair Oaks - 123.0 Parklawn
Dunn Loring,Week3,Vienna Aquatic,Week1,213.0 Dunn Loring - 189.0 Vienna Aquatic
Fairfax,Week3,Canterbury Woods,Week5,307.0 Fairfax - 91.0 Canterbury Woods
Fair Oaks ,Week5,Overlee,Week1,291.0 Overlee - 111.0 Fair Oaks
Fair Oaks ,Week4,Kent Gardens,Week5,235.0 Kent Gardens - 167.0 Fair Oaks
Fair Oaks ,Week3,Overlee,Week3,306.0 Overlee - 96.0 Fair Oaks
Dunn Loring,Week4,Old Keene Mill,Week1,322.5 Dunn Loring - 79.5 Old Keene Mill
Dunn Loring,Week4,Old Keene Mill,Week2,311.0 Dunn Loring - 91.0 Old Keene Mill
Fair Oaks ,Week4,Fairfax Club Estates,Week1,248.0 Fair Oaks - 154.0 Fairfax Club Estates
Fair Oaks ,Week4,Fairfax Club Estates,Week3,257.0 Fair Oaks - 145.0 Fairfax Club Estates
Fairfax,Week1,Cardinal Hill,Week2,212.0 Fairfax - 190.0 Cardinal Hill
Fair Oaks ,Week4,Fairfax Station,Week2,258.0 Fairfax Station - 144.0 Fair Oaks
Dunn Loring,Week2,Vienna Aquatic,Week1,203.0 Vienna Aquatic - 199.0 Dunn Loring
Dunn Loring,Week4,Vienna Aquatic,Week5,244.0 Vienna Aquatic - 158.0 Dunn Loring
Fairfax,Week5,Canterbury Woods,Week3,345.0 Fairfax - 57.0 Canterbury Woods
Fairfax,Week5,Canterbury Woods,Week1,340.0 Fairfax - 62.0 Canterbury Woods
Dunn Loring,Week3,Old Keene Mill,Week5,297.0 Dunn Loring - 105.0 Old Keene Mill
Dunn Loring,Week1,Old Keene Mill,Week5,255.0 Dunn Loring - 142.0 Old Keene Mill
Dunn Loring,Week1,Vienna Aquatic,Week3,245.0 Vienna Aquatic - 157.0 Dunn Loring
Fair Oaks ,Week3,Fairfax Station,Week5,257.5 Fairfax Station - 144.5 Fair Oaks
Dunn Loring,Week4,Vienna Aquatic,Week4,211.0 Vienna Aquatic - 191.0 Dunn Loring
Fair Oaks ,Week3,Overlee,Week4,348.0 Overlee - 54.0 Fair Oaks
Fairfax,Week5,Camelot,Week2,297.0 Fairfax - 104.0 Camelot
Dunn Loring,Week5,Oakton ,Week4,208.0 Oakton - 194.0 Dunn Loring
Fair Oaks ,Week4,Overlee,Week1,313.0 Overlee - 89.0 Fair Oaks
Fair Oaks ,Week2,Kings Ridge ,Week4,259.0 Fair Oaks - 143.0 Kings Ridge
Dunn Loring,Week5,Tuckahoe,Week1,249.0 Tuckahoe - 153.0 Dunn Loring
Fair Oaks ,Week3,Kent Gardens,Week4,217.0 Fair Oaks - 185.0 Kent Gardens
Fair Oaks ,Week3,Kent Gardens,Week2,240.0 Fair Oaks - 162.0 Kent Gardens
Fair Oaks ,Week3,Fairfax Station,Week3,235.0 Fairfax Station - 167.0 Fair Oaks
Fairfax,Week1,Canterbury Woods,Week5,296.0 Fairfax - 106.0 Canterbury Woods
Dunn Loring,Week4,Old Keene Mill,Week3,313.0 Dunn Loring - 89.0 Old Keene Mill
Fair Oaks ,Week2,Kent Gardens,Week1,227.0 Kent Gardens - 175.0 Fair Oaks
Fair Oaks ,Week5,Fairfax Station,Week1,219.0 Fairfax Station - 183.0 Fair Oaks
Fairfax,Week2,Cardinal Hill,Week5,232.0 Fairfax - 170.0 Cardinal Hill
Fairfax,Week1,Canterbury Woods,Week4,285.0 Fairfax - 117.0 Canterbury Woods
Fairfax,Week5,Camelot,Week3,299.0 Fairfax - 102.0 Camelot
Fair Oaks ,Week5,Overlee,Week3,291.0 Overlee - 111.0 Fair Oaks
Dunn Loring,Week1,Vienna Aquatic,Week2,236.0 Vienna Aquatic - 166.0 Dunn Loring
Fair Oaks ,Week4,Fairfax Station,Week5,282.0 Fairfax Station - 120.0 Fair Oaks
Dunn Loring,Week4,Tuckahoe,Week5,288.0 Tuckahoe - 114.0 Dunn Loring
Fairfax,Week3,Canterbury Woods,Week3,316.0 Fairfax - 86.0 Canterbury Woods
Dunn Loring,Week4,Old Keene Mill,Week4,319.0 Dunn Loring - 83.0 Old Keene Mill
Dunn Loring,Week5,Tuckahoe,Week2,273.5 Tuckahoe - 128.5 Dunn Loring
Fair Oaks ,Week5,Fairfax Club Estates,Week4,265.0 Fair Oaks - 137.0 Fairfax Club Estates
Fair Oaks ,Week4,Kent Gardens,Week3,213.0 Fair Oaks - 189.0 Kent Gardens
Dunn Loring,Week2,Vienna Aquatic,Week4,207.0 Dunn Loring - 195.0 Vienna Aquatic
Fair Oaks ,Week1,Kent Gardens,Week3,223.0 Fair Oaks - 179.0 Kent Gardens
Fair Oaks ,Week5,Fairfax Station,Week3,243.0 Fairfax Station - 159.0 Fair Oaks
Fair Oaks ,Week3,Overlee,Week1,299.0 Overlee - 103.0 Fair Oaks
Fair Oaks ,Week5,Overlee,Week2,313.0 Overlee - 89.0 Fair Oaks
Fairfax,Week2,Canterbury Woods,Week2,327.0 Fairfax - 75.0 Canterbury Woods
Fair Oaks ,Week1,Kent Gardens,Week5,229.0 Kent Gardens - 173.0 Fair Oaks
Dunn Loring,Week5,Tuckahoe,Week4,301.0 Tuckahoe - 101.0 Dunn Loring
Fair Oaks ,Week5,Overlee,Week4,346.5 Overlee - 55.5 Fair Oaks
Fair Oaks ,Week3,Kings Ridge ,Week3,304.0 Fair Oaks - 97.0 Kings Ridge
Fairfax,Week3,Canterbury Woods,Week2,319.0 Fairfax - 82.0 Canterbury Woods
Dunn Loring,Week4,Tuckahoe,Week2,274.0 Tuckahoe - 128.0 Dunn Loring
Fair Oaks ,Week4,Overlee,Week2,329.0 Overlee - 73.0 Fair Oaks
Fair Oaks ,Week1,Parklawn,Week4,274.0 Fair Oaks - 128.0 Parklawn
Dunn Loring,Week1,Vienna Aquatic,Week1,224.5 Vienna Aquatic - 177.5 Dunn Loring
Fair Oaks ,Week2,Kent Gardens,Week4,230.0 Kent Gardens - 172.0 Fair Oaks
Fair Oaks ,Week3,Overlee,Week2,323.0 Overlee - 79.0 Fair Oaks
Fair Oaks ,Week4,Kent Gardens,Week4,210.0 Kent Gardens - 192.0 Fair Oaks
Fair Oaks ,Week5,Fairfax Station,Week4,216.0 Fairfax Station - 186.0 Fair Oaks
Fairfax,Week1,Canterbury Woods,Week2,308.0 Fairfax - 94.0 Canterbury Woods
Fairfax,Week1,Cardinal Hill,Week1,203.0 Cardinal Hill - 199.0 Fairfax
Dunn Loring,Week2,Old Keene Mill,Week1,316.0 Dunn Loring - 86.0 Old Keene Mill
Fair Oaks ,Week4,Fairfax Club Estates,Week5,260.0 Fair Oaks - 141.0 Fairfax Club Estates
Fair Oaks ,Week3,Kent Gardens,Week1,218.0 Fair Oaks - 184.0 Kent Gardens
Fair Oaks ,Week4,Overlee,Week4,366.0 Overlee - 36.0 Fair Oaks
Fair Oaks ,Week2,Fairfax Station,Week3,299.0 Fairfax Station - 103.0 Fair Oaks
Dunn Loring,Week5,Vienna Aquatic,Week1,203.0 Dunn Loring - 199.0 Vienna Aquatic
Fair Oaks ,Week1,Parklawn,Week5,269.0 Fair Oaks - 133.0 Parklawn
Fair Oaks ,Week1,Fairfax Station,Week2,251.0 Fairfax Station - 151.0 Fair Oaks
Dunn Loring,Week5,Vienna Aquatic,Week3,212.0 Vienna Aquatic - 190.0 Dunn Loring
Fairfax,Week5,Camelot,Week4,301.0 Fairfax - 101.0 Camelot
Fair Oaks ,Week2,Overlee,Week5,368.0 Overlee - 34.0 Fair Oaks
Dunn Loring,Week3,Vienna Aquatic,Week4,204.0 Dunn Loring - 198.0 Vienna Aquatic
Fairfax,Week4,Canterbury Woods,Week5,307.0 Fairfax - 91.0 Canterbury Woods
Fair Oaks ,Week5,Ilda Community,Week5,302.0 Fair Oaks - 100.0 Ilda Community
Fair Oaks ,Week1,Kent Gardens,Week2,229.0 Fair Oaks - 173.0 Kent Gardens
Fair Oaks ,Week5,Fairfax Club Estates,Week5,258.0 Fair Oaks - 143.0 Fairfax Club Estates
Fair Oaks ,Week5,Fairfax Station,Week5,248.0 Fairfax Station - 154.0 Fair Oaks
Fair Oaks ,Week1,Fairfax Station,Week3,273.0 Fairfax Station - 129.0 Fair Oaks
Fairfax,Week2,Canterbury Woods,Week5,309.0 Fairfax - 93.0 Canterbury Woods
Fair Oaks ,Week4,Fairfax Station,Week3,281.0 Fairfax Station - 121.0 Fair Oaks
Dunn Loring,Week1,Vienna Woods,Week3,269.0 Vienna Woods - 133.0 Dunn Loring
Dunn Loring,Week1,Vienna Woods,Week2,259.0 Vienna Woods - 143.0 Dunn Loring
Fair Oaks ,Week3,Kent Gardens,Week3,228.5 Fair Oaks - 173.5 Kent Gardens
Fair Oaks ,Week1,Parklawn,Week3,298.0 Fair Oaks - 104.0 Parklawn
Fairfax,Week5,Canterbury Woods,Week2,336.0 Fairfax - 65.0 Canterbury Woods
Dunn Loring,Week1,Vienna Woods,Week4,246.0 Vienna Woods - 156.0 Dunn Loring
Fair Oaks ,Week5,Overlee,Week5,346.5 Overlee - 55.5 Fair Oaks
Fairfax,Week4,Canterbury Woods,Week3,324.0 Fairfax - 78.0 Canterbury Woods
Fair Oaks ,Week3,Overlee,Week5,348.0 Overlee - 54.0 Fair Oaks
Fair Oaks ,Week1,Kent Gardens,Week1,208.0 Kent Gardens - 194.0 Fair Oaks
Fair Oaks ,Week1,Fairfax Station,Week4,236.0 Fairfax Station - 166.0 Fair Oaks
Fair Oaks ,Week2,Kent Gardens,Week5,255.0 Kent Gardens - 147.0 Fair Oaks
Fair Oaks ,Week2,Parklawn,Week1,273.0 Fair Oaks - 120.0 Parklawn
Dunn Loring,Week5,Vienna Aquatic,Week2,204.0 Vienna Aquatic - 198.0 Dunn Loring
Fair Oaks ,Week4,Kent Gardens,Week2,211.5 Fair Oaks - 190.5 Kent Gardens
Fairfax,Week3,Canterbury Woods,Week1,314.0 Fairfax - 88.0 Canterbury Woods
Fairfax,Week2,Canterbury Woods,Week1,314.0 Fairfax - 88.0 Canterbury Woods
Fair Oaks ,Week3,Parklawn,Week1,302.0 Fair Oaks - 91.0 Parklawn
Fair Oaks ,Week5,Fairfax Club Estates,Week1,266.0 Fair Oaks - 136.0 Fairfax Club Estates
Fairfax,Week3,Canterbury Woods,Week4,303.0 Fairfax - 99.0 Canterbury Woods
Fair Oaks ,Week5,Kent Gardens,Week4,228.0 Fair Oaks - 174.0 Kent Gardens
Fair Oaks ,Week4,Overlee,Week5,365.0 Overlee - 37.0 Fair Oaks
Dunn Loring,Week2,Vienna Woods,Week1,236.0 Vienna Woods - 166.0 Dunn Loring
Fair Oaks ,Week5,Kent Gardens,Week2,240.0 Fair Oaks - 162.0 Kent Gardens
Dunn Loring,Week1,Vienna Woods,Week5,292.5 Vienna Woods - 109.5 Dunn Loring
Fair Oaks ,Week2,Fairfax Station,Week4,278.0 Fairfax Station - 124.0 Fair Oaks
Fairfax,Week5,Camelot,Week5,302.0 Fairfax - 100.0 Camelot
Fair Oaks ,Week5,Kent Gardens,Week5,203.0 Kent Gardens - 199.0 Fair Oaks
Fair Oaks ,Week2,Fairfax Station,Week2,283.0 Fairfax Station - 119.0 Fair Oaks
Fair Oaks ,Week5,Fairfax Club Estates,Week2,269.0 Fair Oaks - 133.0 Fairfax Club Estates
Fair Oaks ,Week1,Fairfax Station,Week5,267.0 Fairfax Station - 135.0 Fair Oaks
Fair Oaks ,Week1,Parklawn,Week2,283.0 Fair Oaks - 119.0 Parklawn
Fair Oaks ,Week2,Parklawn,Week4,245.0 Fair Oaks - 156.0 Parklawn
Fair Oaks ,Week4,Kent Gardens,Week1,209.0 Kent Gardens - 193.0 Fair Oaks
Dunn Loring,Week2,Vienna Woods,Week3,243.0 Vienna Woods - 159.0 Dunn Loring
Fair Oaks ,Week2,Fairfax Station,Week1,279.0 Fairfax Station - 123.0 Fair Oaks
Fair Oaks ,Week2,Parklawn,Week2,259.0 Fair Oaks - 142.0 Parklawn
Fair Oaks ,Week2,Kent Gardens,Week2,211.0 Kent Gardens - 191.0 Fair Oaks
Dunn Loring,Week2,Vienna Woods,Week2,229.0 Vienna Woods - 173.0 Dunn Loring
Dunn Loring,Week2,Vienna Woods,Week4,214.0 Vienna Woods - 188.0 Dunn Loring
Fair Oaks ,Week2,Overlee,Week4,369.0 Overlee - 33.0 Fair Oaks
Fair Oaks ,Week1,Kings Ridge ,Week2,302.0 Fair Oaks - 100.0 Kings Ridge
Fairfax,Week2,Canterbury Woods,Week4,305.0 Fairfax - 97.0 Canterbury Woods
Fairfax,Week1,Canterbury Woods,Week3,301.0 Fairfax - 101.0 Canterbury Woods
Fair Oaks ,Week4,Parklawn,Week2,277.5 Fair Oaks - 123.5 Parklawn
Fairfax,Week4,Canterbury Woods,Week4,308.0 Fairfax - 94.0 Canterbury Woods
Fair Oaks ,Week3,Fairfax Station,Week4,220.0 Fairfax Station - 182.0 Fair Oaks
Fair Oaks ,Week3,Parklawn,Week2,288.0 Fair Oaks - 114.0 Parklawn
Fair Oaks ,Week4,Forest Hollow,Week3,223.0 Forest Hollow - 179.0 Fair Oaks
Fair Oaks ,Week2,Kings Ridge ,Week2,278.0 Fair Oaks - 124.0 Kings Ridge
Fair Oaks ,Week4,Kings Ridge ,Week4,271.0 Fair Oaks - 131.0 Kings Ridge
Fair Oaks ,Week1,Fairfax Station,Week1,244.0 Fairfax Station - 158.0 Fair Oaks
Fairfax,Week5,Canterbury Woods,Week4,318.0 Fairfax - 84.0 Canterbury Woods
Fair Oaks ,Week4,Parliament,Week5,207.0 Fair Oaks - 195.0 Parliament
Fair Oaks ,Week4,Parliament,Week3,222.5 Fair Oaks - 179.5 Parliament
Fair Oaks ,Week3,Fairfax Station,Week1,231.0 Fairfax Station - 171.0 Fair Oaks
Fair Oaks ,Week5,Parklawn,Week2,290.0 Fair Oaks - 111.0 Parklawn
Fair Oaks ,Week4,Fairfax Station,Week1,255.0 Fairfax Station - 147.0 Fair Oaks
Dunn Loring,Week1,Vienna Woods,Week1,265.0 Vienna Woods - 132.0 Dunn Loring
Fair Oaks ,Week2,Parliament,Week4,206.0 Fair Oaks - 196.0 Parliament
Fairfax,Week2,Cardinal Hill,Week2,231.0 Fairfax - 171.0 Cardinal Hill
Dunn Loring,Week5,Vienna Aquatic,Week5,228.0 Vienna Aquatic - 174.0 Dunn Loring
Fair Oaks ,Week3,Kings Ridge ,Week1,313.0 Fair Oaks - 89.0 Kings Ridge
Fair Oaks ,Week2,Kings Ridge ,Week1,277.0 Fair Oaks - 125.0 Kings Ridge
Fair Oaks ,Week2,Fairfax Station,Week5,316.0 Fairfax Station - 86.0 Fair Oaks
Fairfax,Week2,Cardinal Hill,Week3,209.0 Fairfax - 193.0 Cardinal Hill
Fair Oaks ,Week3,Parklawn,Week3,299.0 Fair Oaks - 103.0 Parklawn
Fairfax,Week1,Cardinal Hill,Week3,211.0 Cardinal Hill - 191.0 Fairfax
Fairfax,Week4,Canterbury Woods,Week1,320.0 Fairfax - 82.0 Canterbury Woods
Fair Oaks ,Week1,Kings Ridge ,Week3,281.0 Fair Oaks - 121.0 Kings Ridge
Fair Oaks ,Week2,Kings Ridge ,Week3,270.0 Fair Oaks - 132.0 Kings Ridge
Fair Oaks ,Week2,Kings Ridge ,Week5,253.0 Fair Oaks - 149.0 Kings Ridge
Fair Oaks ,Week3,Kings Ridge ,Week2,292.0 Fair Oaks - 110.0 Kings Ridge
Fair Oaks ,Week5,Kings Ridge ,Week3,309.0 Fair Oaks - 93.0 Kings Ridge
Fair Oaks ,Week4,Fairfax Station,Week4,252.0 Fairfax Station - 150.0 Fair Oaks
Fairfax,Week5,Canterbury Woods,Week5,333.0 Fairfax - 65.0 Canterbury Woods
Fair Oaks ,Week5,Fairfax Station,Week2,224.0 Fairfax Station - 178.0 Fair Oaks
Fair Oaks ,Week3,Fairfax Station,Week2,232.0 Fairfax Station - 170.0 Fair Oaks
Fairfax,Week1,Cardinal Hill,Week4,225.0 Fairfax - 177.0 Cardinal Hill
Fair Oaks ,Week4,Parklawn,Week5,269.0 Fair Oaks - 132.0 Parklawn
Fair Oaks ,Week5,Fairfax Club Estates,Week3,268.0 Fair Oaks - 134.0 Fairfax Club Estates
Fairfax,Week2,Cardinal Hill,Week1,210.0 Fairfax - 192.0 Cardinal Hill
Fairfax,Week1,Cardinal Hill,Week5,220.0 Fairfax - 182.0 Cardinal Hill
Fair Oaks ,Week1,Lake Braddock,Week1,322.0 Fair Oaks - 80.0 Lake Braddock
Fair Oaks ,Week3,Parliament,Week2,235.0 Fair Oaks - 167.0 Parliament
Fair Oaks ,Week1,Parliament,Week5,223.0 Fair Oaks - 179.0 Parliament
Fair Oaks ,Week5,Parklawn,Week5,282.0 Fair Oaks - 119.0 Parklawn
Fair Oaks ,Week1,Forest Hollow,Week4,204.0 Forest Hollow - 198.0 Fair Oaks
Fairfax,Week5,Cardinal Hill,Week3,223.0 Fairfax - 179.0 Cardinal Hill
Fair Oaks ,Week4,Kings Ridge ,Week2,303.0 Fair Oaks - 99.0 Kings Ridge
Fairfax,Week3,Cardinal Hill,Week2,236.0 Fairfax - 166.0 Cardinal Hill
Fair Oaks ,Week2,Lake Braddock,Week1,292.0 Fair Oaks - 109.0 Lake Braddock
Fair Oaks ,Week1,Lake Braddock,Week2,303.0 Fair Oaks - 99.0 Lake Braddock
Fairfax,Week4,Cardinal Hill,Week5,220.0 Fairfax - 181.0 Cardinal Hill
Fair Oaks ,Week1,Forest Hollow,Week3,224.0 Forest Hollow - 178.0 Fair Oaks
Fair Oaks ,Week1,Lake Braddock,Week4,317.0 Fair Oaks - 85.0 Lake Braddock
Fair Oaks ,Week1,Lake Braddock,Week3,304.0 Fair Oaks - 98.0 Lake Braddock
Fair Oaks ,Week1,Forest Hollow,Week2,202.0 Fair Oaks - 200.0 Forest Hollow
Fair Oaks ,Week5,Parklawn,Week1,304.0 Fair Oaks - 89.0 Parklawn
Fair Oaks ,Week4,Parliament,Week1,202.0 Parliament - 200.0 Fair Oaks
Fairfax,Week4,Cardinal Hill,Week4,222.0 Fairfax - 180.0 Cardinal Hill
Fairfax,Week5,Cardinal Hill,Week5,250.0 Fairfax - 151.0 Cardinal Hill
Fair Oaks ,Week3,Parliament,Week4,231.0 Fair Oaks - 171.0 Parliament
Fair Oaks ,Week5,Kings Ridge ,Week1,319.0 Fair Oaks - 83.0 Kings Ridge
Fair Oaks ,Week4,Parliament,Week2,226.0 Fair Oaks - 176.0 Parliament
Fair Oaks ,Week2,Fox Hunt,Week1,211.0 Fox Hunt - 191.0 Fair Oaks
Fairfax,Week2,Cardinal Hill,Week4,234.0 Fairfax - 168.0 Cardinal Hill
Fairfax,Week3,Cardinal Hill,Week4,230.0 Fairfax - 172.0 Cardinal Hill
Fair Oaks ,Week2,Parliament,Week1,213.0 Parliament - 189.0 Fair Oaks
Fair Oaks ,Week1,Fox Hunt,Week4,208.0 Fair Oaks - 194.0 Fox Hunt
Fair Oaks ,Week5,Forest Hollow,Week4,207.0 Forest Hollow - 195.0 Fair Oaks
Fair Oaks ,Week2,Forest Hollow,Week5,260.0 Forest Hollow - 142.0 Fair Oaks
Fairfax,Week3,Cardinal Hill,Week3,214.0 Fairfax - 188.0 Cardinal Hill
Fair Oaks ,Week5,Forest Hollow,Week3,222.0 Fair Oaks - 180.0 Forest Hollow
Fair Oaks ,Week4,Kings Ridge ,Week5,272.0 Fair Oaks - 130.0 Kings Ridge
Fair Oaks ,Week4,Parklawn,Week3,293.0 Fair Oaks - 108.0 Parklawn
Fairfax,Week4,Cardinal Hill,Week2,237.5 Fairfax - 164.5 Cardinal Hill
Fair Oaks ,Week3,Parklawn,Week5,284.0 Fair Oaks - 118.0 Parklawn
Fair Oaks ,Week2,Forest Hollow,Week4,247.5 Forest Hollow - 154.5 Fair Oaks
Fairfax,Week1,Chesterbrook,Week2,295.0 Chesterbrook - 107.0 Fairfax
Fairfax,Week4,Cardinal Hill,Week1,211.0 Cardinal Hill - 191.0 Fairfax
Fair Oaks ,Week5,Forest Hollow,Week5,210.0 Forest Hollow - 192.0 Fair Oaks
Fair Oaks ,Week3,Parliament,Week1,216.5 Fair Oaks - 185.5 Parliament
Fair Oaks ,Week3,Lake Braddock,Week1,329.0 Fair Oaks - 73.0 Lake Braddock
Fair Oaks ,Week3,Forest Hollow,Week4,208.0 Forest Hollow - 194.0 Fair Oaks
Fair Oaks ,Week3,Lake Braddock,Week2,307.0 Fair Oaks - 95.0 Lake Braddock
Fair Oaks ,Week3,Parliament,Week3,231.0 Fair Oaks - 171.0 Parliament
Fairfax,Week5,Cardinal Hill,Week4,241.5 Fairfax - 160.5 Cardinal Hill
Fair Oaks ,Week5,Parklawn,Week4,274.0 Fair Oaks - 127.0 Parklawn
Fair Oaks ,Week2,Lake Braddock,Week2,280.0 Fair Oaks - 122.0 Lake Braddock
Fairfax,Week5,Cardinal Hill,Week2,263.0 Fairfax - 139.0 Cardinal Hill
Fairfax,Week2,Chesterbrook,Week1,265.0 Chesterbrook - 137.0 Fairfax
Fair Oaks ,Week3,Forest Hollow,Week5,210.0 Forest Hollow - 192.0 Fair Oaks
Fair Oaks ,Week3,Lake Braddock,Week3,315.0 Fair Oaks - 87.0 Lake Braddock
Fair Oaks ,Week2,Forest Hollow,Week3,244.0 Forest Hollow - 158.0 Fair Oaks
Fair Oaks ,Week3,Forest Hollow,Week2,213.0 Fair Oaks - 189.0 Forest Hollow
Fair Oaks ,Week4,Parklawn,Week1,296.0 Fair Oaks - 97.0 Parklawn
Fair Oaks ,Week2,Parliament,Week3,204.0 Parliament - 198.0 Fair Oaks
Fair Oaks ,Week2,Parliament,Week2,211.0 Fair Oaks - 191.0 Parliament
Fairfax,Week1,Chesterbrook,Week1,278.0 Chesterbrook - 124.0 Fairfax
Fair Oaks ,Week5,Forest Hollow,Week1,217.0 Fair Oaks - 185.0 Forest Hollow
Fair Oaks ,Week2,Lake Braddock,Week5,276.0 Fair Oaks - 126.0 Lake Braddock
Fair Oaks ,Week5,Kings Ridge ,Week5,296.0 Fair Oaks - 106.0 Kings Ridge
Fair Oaks ,Week5,Kings Ridge ,Week4,304.0 Fair Oaks - 98.0 Kings Ridge
Fair Oaks ,Week1,Parliament,Week4,237.0 Fair Oaks - 165.0 Parliament
Fair Oaks ,Week4,Forest Hollow,Week1,218.0 Forest Hollow - 184.0 Fair Oaks
Fair Oaks ,Week4,Forest Hollow,Week2,214.0 Forest Hollow - 188.0 Fair Oaks
Fair Oaks ,Week4,Parklawn,Week4,255.0 Fair Oaks - 146.0 Parklawn
Fair Oaks ,Week1,Parliament,Week3,227.0 Fair Oaks - 175.0 Parliament
Fair Oaks ,Week1,Parliament,Week2,233.0 Fair Oaks - 169.0 Parliament
Fairfax,Week2,Chesterbrook,Week4,275.0 Chesterbrook - 127.0 Fairfax
Fair Oaks ,Week1,Lake Braddock,Week5,291.0 Fair Oaks - 111.0 Lake Braddock
Fair Oaks ,Week4,Kings Ridge ,Week3,285.0 Fair Oaks - 117.0 Kings Ridge
Fair Oaks ,Week2,Lake Braddock,Week4,290.0 Fair Oaks - 112.0 Lake Braddock
Fair Oaks ,Week5,Vienna Aquatic,Week4,250.0 Vienna Aquatic - 152.0 Fair Oaks
Fair Oaks ,Week2,Vienna Woods,Week5,330.0 Vienna Woods - 72.0 Fair Oaks
Fair Oaks ,Week1,Fox Hunt,Week1,223.0 Fair Oaks - 179.0 Fox Hunt
Fairfax,Week3,Cardinal Hill,Week1,209.0 Fairfax - 193.0 Cardinal Hill
Fair Oaks ,Week5,Kings Ridge ,Week2,310.0 Fair Oaks - 92.0 Kings Ridge
Fair Oaks ,Week2,Lakevale Estates,Week4,301.0 Lakevale Estates - 101.0 Fair Oaks
Fair Oaks ,Week3,Kings Ridge ,Week4,288.5 Fair Oaks - 113.5 Kings Ridge
Fairfax,Week3,Cardinal Hill,Week5,234.0 Fairfax - 167.0 Cardinal Hill
Fairfax,Week1,Chesterbrook,Week3,314.0 Chesterbrook - 88.0 Fairfax
Fairfax,Week2,Chesterbrook,Week5,275.0 Chesterbrook - 127.0 Fairfax
Fair Oaks ,Week2,Parliament,Week5,209.0 Fair Oaks - 193.0 Parliament
Fair Oaks ,Week4,Parliament,Week4,220.0 Fair Oaks - 182.0 Parliament
Fair Oaks ,Week3,Vienna Woods,Week4,267.0 Vienna Woods - 135.0 Fair Oaks
Fair Oaks ,Week3,Kings Ridge ,Week5,280.0 Fair Oaks - 122.0 Kings Ridge
Fair Oaks ,Week3,Vienna Woods,Week2,286.0 Vienna Woods - 116.0 Fair Oaks
Fair Oaks ,Week1,Parliament,Week1,211.0 Fair Oaks - 191.0 Parliament
Fair Oaks ,Week4,Kings Ridge ,Week1,296.0 Fair Oaks - 106.0 Kings Ridge
Fair Oaks ,Week2,Forest Hollow,Week2,226.0 Forest Hollow - 176.0 Fair Oaks
Fairfax,Week1,Chesterbrook,Week5,307.0 Chesterbrook - 95.0 Fairfax
Fair Oaks ,Week2,Lake Braddock,Week3,282.0 Fair Oaks - 120.0 Lake Braddock
Fair Oaks ,Week4,Vienna Aquatic,Week3,277.0 Vienna Aquatic - 125.0 Fair Oaks
Fair Oaks ,Week4,Vienna Woods,Week1,306.0 Vienna Woods - 96.0 Fair Oaks
Fair Oaks ,Week3,Vienna Aquatic,Week5,289.0 Vienna Aquatic - 113.0 Fair Oaks
Fairfax,Week2,Chesterbrook,Week2,269.0 Chesterbrook - 133.0 Fairfax
Fair Oaks ,Week3,Forest Hollow,Week1,211.0 Forest Hollow - 191.0 Fair Oaks
Fair Oaks ,Week1,Forest Hollow,Week5,220.0 Forest Hollow - 182.0 Fair Oaks
Fairfax,Week2,Chesterbrook,Week3,302.0 Chesterbrook - 100.0 Fairfax
Fair Oaks ,Week4,Forest Hollow,Week5,227.0 Forest Hollow - 175.0 Fair Oaks
Fair Oaks ,Week1,Forest Hollow,Week1,203.0 Forest Hollow - 199.0 Fair Oaks
Fair Oaks ,Week3,Parliament,Week5,226.0 Fair Oaks - 176.0 Parliament
Fair Oaks ,Week5,Parklawn,Week3,309.0 Fair Oaks - 92.0 Parklawn
Fair Oaks ,Week4,Forest Hollow,Week4,225.0 Forest Hollow - 177.0 Fair Oaks
Fair Oaks ,Week4,Lakevale Estates,Week2,266.0 Lakevale Estates - 136.0 Fair Oaks
Fair Oaks ,Week3,Lakevale Estates,Week5,260.0 Lakevale Estates - 142.0 Fair Oaks
Fair Oaks ,Week1,Pinecrest,Week3,270.0 Pinecrest - 132.0 Fair Oaks
Fair Oaks ,Week4,Lake Braddock,Week2,299.5 Fair Oaks - 102.5 Lake Braddock
Fairfax,Week4,Cardinal Hill,Week3,209.0 Cardinal Hill - 193.0 Fairfax
Fair Oaks ,Week2,Vienna Aquatic,Week5,321.0 Vienna Aquatic - 81.0 Fair Oaks
Fair Oaks ,Week5,Parliament,Week2,238.0 Fair Oaks - 164.0 Parliament
Fair Oaks ,Week1,Fox Hunt,Week2,223.0 Fair Oaks - 179.0 Fox Hunt
Fair Oaks ,Week4,Pinecrest,Week1,257.0 Pinecrest - 145.0 Fair Oaks
Fair Oaks ,Week1,Vienna Woods,Week3,299.0 Vienna Woods - 103.0 Fair Oaks
Fair Oaks ,Week2,Village West,Week4,254.0 Fair Oaks - 143.0 Village West
Fair Oaks ,Week5,Parliament,Week1,218.0 Fair Oaks - 184.0 Parliament
Fair Oaks ,Week2,Lakevale Estates,Week2,289.0 Lakevale Estates - 113.0 Fair Oaks
Fair Oaks ,Week3,Lakevale Estates,Week1,227.5 Lakevale Estates - 174.5 Fair Oaks
Fairfax,Week1,Chesterbrook,Week4,302.0 Chesterbrook - 100.0 Fairfax
Fair Oaks ,Week2,Pinecrest,Week2,281.0 Pinecrest - 121.0 Fair Oaks
Fair Oaks ,Week3,Vienna Aquatic,Week2,252.0 Vienna Aquatic - 150.0 Fair Oaks
Fair Oaks ,Week3,Forest Hollow,Week3,206.0 Forest Hollow - 196.0 Fair Oaks
Fair Oaks ,Week1,Vienna Woods,Week1,289.0 Vienna Woods - 113.0 Fair Oaks
Fair Oaks ,Week3,Pinecrest,Week3,258.0 Pinecrest - 144.0 Fair Oaks
Fair Oaks ,Week3,Lake Braddock,Week4,323.5 Fair Oaks - 78.5 Lake Braddock
Fairfax,Week5,Cardinal Hill,Week1,228.0 Fairfax - 174.0 Cardinal Hill
Fair Oaks ,Week1,Fox Hunt,Week3,207.0 Fair Oaks - 195.0 Fox Hunt
Fair Oaks ,Week2,Village West,Week3,227.0 Fair Oaks - 175.0 Village West
Fair Oaks ,Week5,Village West,Week3,270.0 Fair Oaks - 132.0 Village West
Fair Oaks ,Week2,Vienna Woods,Week1,308.0 Vienna Woods - 94.0 Fair Oaks
Fair Oaks ,Week2,Forest Hollow,Week1,239.0 Forest Hollow - 163.0 Fair Oaks
Fair Oaks ,Week5,Vienna Aquatic,Week1,243.0 Vienna Aquatic - 159.0 Fair Oaks
Fair Oaks ,Week5,Vienna Aquatic,Week5,272.0 Vienna Aquatic - 130.0 Fair Oaks
Fair Oaks ,Week5,Forest Hollow,Week2,229.0 Fair Oaks - 173.0 Forest Hollow
Fair Oaks ,Week2,Fox Hunt,Week5,247.0 Fox Hunt - 155.0 Fair Oaks
Fair Oaks ,Week3,Vienna Aquatic,Week4,256.0 Vienna Aquatic - 146.0 Fair Oaks
Fair Oaks ,Week4,Vienna Aquatic,Week1,273.0 Vienna Aquatic - 129.0 Fair Oaks
Fair Oaks ,Week2,Virginia Hills,Week2,343.0 Fair Oaks - 58.0 Virginia Hills
Fair Oaks ,Week1,Lakevale Estates,Week3,258.0 Lakevale Estates - 144.0 Fair Oaks
Fair Oaks ,Week4,Pinecrest,Week5,270.0 Pinecrest - 132.0 Fair Oaks
Fair Oaks ,Week5,Lakevale Estates,Week4,266.0 Lakevale Estates - 136.0 Fair Oaks
Fair Oaks ,Week5,Lakevale Estates,Week2,237.0 Lakevale Estates - 165.0 Fair Oaks
Fair Oaks ,Week3,Fox Hunt,Week2,234.0 Fair Oaks - 168.0 Fox Hunt
Fair Oaks ,Week3,Pinecrest,Week4,262.0 Pinecrest - 140.0 Fair Oaks
Fair Oaks ,Week1,Virginia Hills,Week1,346.0 Fair Oaks - 56.0 Virginia Hills
Fair Oaks ,Week1,Virginia Hills,Week5,334.0 Fair Oaks - 68.0 Virginia Hills
Fair Oaks ,Week1,Virginia Hills,Week2,360.0 Fair Oaks - 42.0 Virginia Hills
Fair Oaks ,Week1,Pinewood Lake,Week5,361.0 Fair Oaks - 40.0 Pinewood Lake
Fair Oaks ,Week1,Village West,Week3,260.0 Fair Oaks - 142.0 Village West
Fair Oaks ,Week4,Vienna Aquatic,Week5,306.0 Vienna Aquatic - 96.0 Fair Oaks
Fair Oaks ,Week5,Lake Braddock,Week3,317.0 Fair Oaks - 85.0 Lake Braddock
Fair Oaks ,Week5,Pinecrest,Week1,227.0 Pinecrest - 175.0 Fair Oaks
Fair Oaks ,Week1,Fox Hunt,Week5,207.5 Fair Oaks - 194.5 Fox Hunt
Fair Oaks ,Week3,Fox Hunt,Week3,225.0 Fair Oaks - 177.0 Fox Hunt
Fair Oaks ,Week4,Lake Braddock,Week4,306.0 Fair Oaks - 96.0 Lake Braddock
Fair Oaks ,Week2,Fox Hunt,Week2,225.0 Fox Hunt - 177.0 Fair Oaks
Fair Oaks ,Week1,Lakeview,Week1,302.0 Fair Oaks - 100.0 Lakeview
Fair Oaks ,Week1,Vienna Woods,Week4,265.0 Vienna Woods - 137.0 Fair Oaks
Fair Oaks ,Week2,Vienna Woods,Week3,315.0 Vienna Woods - 87.0 Fair Oaks
Fair Oaks ,Week3,Village West,Week4,283.0 Fair Oaks - 114.0 Village West
Fair Oaks ,Week4,Fox Hunt,Week1,219.0 Fair Oaks - 183.0 Fox Hunt
Fair Oaks ,Week5,Pinecrest,Week4,249.0 Pinecrest - 153.0 Fair Oaks
Fair Oaks ,Week3,Village West,Week5,287.0 Fair Oaks - 115.0 Village West
Fair Oaks ,Week4,Village West,Week5,273.0 Fair Oaks - 129.0 Village West
Fair Oaks ,Week2,Fox Hunt,Week3,226.0 Fox Hunt - 176.0 Fair Oaks
Fair Oaks ,Week1,Pinewood Lake,Week1,369.0 Fair Oaks - 31.0 Pinewood Lake
Fair Oaks ,Week1,Lakevale Estates,Week2,250.0 Lakevale Estates - 152.0 Fair Oaks
Fair Oaks ,Week5,Pinecrest,Week2,252.0 Pinecrest - 150.0 Fair Oaks
Fair Oaks ,Week3,Village West,Week2,288.0 Fair Oaks - 114.0 Village West
Fair Oaks ,Week1,Lakevale Estates,Week4,280.0 Lakevale Estates - 122.0 Fair Oaks
Fair Oaks ,Week1,Lakevale Estates,Week5,272.0 Lakevale Estates - 130.0 Fair Oaks
Fair Oaks ,Week4,Fox Hunt,Week3,204.0 Fox Hunt - 198.0 Fair Oaks
Fair Oaks ,Week4,Vienna Aquatic,Week4,282.0 Vienna Aquatic - 120.0 Fair Oaks
Fair Oaks ,Week3,Fox Hunt,Week1,237.0 Fair Oaks - 165.0 Fox Hunt
Fair Oaks ,Week1,Lakevale Estates,Week1,233.0 Lakevale Estates - 169.0 Fair Oaks
Fair Oaks ,Week2,Village West,Week1,257.0 Fair Oaks - 145.0 Village West
Fair Oaks ,Week3,Fox Hunt,Week4,228.0 Fair Oaks - 174.0 Fox Hunt
Fair Oaks ,Week3,Pinecrest,Week2,261.0 Pinecrest - 141.0 Fair Oaks
Fair Oaks ,Week3,Vienna Aquatic,Week3,264.0 Vienna Aquatic - 138.0 Fair Oaks
Fair Oaks ,Week2,Vienna Woods,Week2,302.0 Vienna Woods - 100.0 Fair Oaks
Fair Oaks ,Week4,Pinecrest,Week4,277.0 Pinecrest - 125.0 Fair Oaks
Fair Oaks ,Week2,Pinecrest,Week3,287.0 Pinecrest - 115.0 Fair Oaks
Fair Oaks ,Week5,Vienna Aquatic,Week3,260.0 Vienna Aquatic - 142.0 Fair Oaks
Fair Oaks ,Week4,Village West,Week1,283.0 Fair Oaks - 119.0 Village West
Fair Oaks ,Week3,Vienna Aquatic,Week1,242.0 Vienna Aquatic - 160.0 Fair Oaks
Fair Oaks ,Week2,Fox Hunt,Week4,231.0 Fox Hunt - 171.0 Fair Oaks
Fair Oaks ,Week4,Lake Braddock,Week3,305.0 Fair Oaks - 97.0 Lake Braddock
Fair Oaks ,Week5,Villa Aquatic,Week5,232.0 Fair Oaks - 170.0 Villa Aquatic
Fair Oaks ,Week4,Fox Hunt,Week2,208.0 Fair Oaks - 194.0 Fox Hunt
Fair Oaks ,Week5,Lake Braddock,Week4,326.0 Fair Oaks - 76.0 Lake Braddock
Fair Oaks ,Week2,Vienna Woods,Week4,288.0 Vienna Woods - 114.0 Fair Oaks
Fair Oaks ,Week4,Lake Braddock,Week1,313.0 Fair Oaks - 88.0 Lake Braddock
Fair Oaks ,Week1,Pinewood Lake,Week3,373.0 Fair Oaks - 27.0 Pinewood Lake
Fair Oaks ,Week1,Pinecrest,Week4,260.0 Pinecrest - 142.0 Fair Oaks
Fair Oaks ,Week1,Pinecrest,Week5,267.5 Pinecrest - 134.5 Fair Oaks
Fair Oaks ,Week1,Pinecrest,Week2,256.0 Pinecrest - 146.0 Fair Oaks
Fair Oaks ,Week4,Vienna Aquatic,Week2,273.0 Vienna Aquatic - 129.0 Fair Oaks
Fair Oaks ,Week1,Village West,Week2,286.0 Fair Oaks - 116.0 Village West
Fair Oaks ,Week2,Village West,Week2,257.0 Fair Oaks - 145.0 Village West
Fair Oaks ,Week3,Fox Hunt,Week5,206.0 Fair Oaks - 196.0 Fox Hunt
Fair Oaks ,Week4,Lake Braddock,Week5,294.0 Fair Oaks - 108.0 Lake Braddock
Fair Oaks ,Week5,Vienna Aquatic,Week2,246.0 Vienna Aquatic - 156.0 Fair Oaks
Fair Oaks ,Week1,Vienna Woods,Week5,312.0 Vienna Woods - 90.0 Fair Oaks
Fair Oaks ,Week3,Villa Aquatic,Week4,222.0 Fair Oaks - 180.0 Villa Aquatic
Fair Oaks ,Week1,Village West,Week4,272.0 Fair Oaks - 125.0 Village West
Fair Oaks ,Week5,Village West,Week1,301.5 Fair Oaks - 100.5 Village West
Fair Oaks ,Week5,Villa Aquatic,Week4,236.0 Fair Oaks - 166.0 Villa Aquatic
Fair Oaks ,Week5,Parliament,Week3,253.0 Fair Oaks - 149.0 Parliament
Fair Oaks ,Week2,Pinecrest,Week5,279.0 Pinecrest - 123.0 Fair Oaks
Fair Oaks ,Week4,Village West,Week3,239.0 Fair Oaks - 163.0 Village West
Fair Oaks ,Week1,Vienna Woods,Week2,290.0 Vienna Woods - 112.0 Fair Oaks
Dunn Loring,Week4,Oakton ,Week1,214.0 Oakton - 188.0 Dunn Loring
Fair Oaks ,Week3,Village West,Week1,289.0 Fair Oaks - 113.0 Village West
Fair Oaks ,Week5,Parliament,Week5,240.0 Fair Oaks - 162.0 Parliament
Fair Oaks ,Week2,Lakevale Estates,Week5,292.5 Lakevale Estates - 109.5 Fair Oaks
Fair Oaks ,Week2,Lakevale Estates,Week3,281.0 Lakevale Estates - 121.0 Fair Oaks
Fair Oaks ,Week5,Lake Braddock,Week1,335.0 Fair Oaks - 67.0 Lake Braddock
Fair Oaks ,Week1,Village West,Week1,293.0 Fair Oaks - 109.0 Village West
Fair Oaks ,Week4,Village West,Week4,267.0 Fair Oaks - 130.0 Village West
Fair Oaks ,Week3,Lake Braddock,Week5,297.0 Fair Oaks - 105.0 Lake Braddock
Fair Oaks ,Week5,Pinecrest,Week5,248.0 Pinecrest - 154.0 Fair Oaks
Fair Oaks ,Week2,Pinecrest,Week1,263.0 Pinecrest - 139.0 Fair Oaks
Fair Oaks ,Week3,Vienna Woods,Week1,284.0 Vienna Woods - 118.0 Fair Oaks
Fair Oaks ,Week4,Villa Aquatic,Week2,220.0 Fair Oaks - 182.0 Villa Aquatic
Fair Oaks ,Week2,Lakevale Estates,Week1,274.0 Lakevale Estates - 128.0 Fair Oaks
Fair Oaks ,Week5,Lake Braddock,Week2,324.0 Fair Oaks - 78.0 Lake Braddock
Fair Oaks ,Week5,Lake Braddock,Week5,318.0 Fair Oaks - 84.0 Lake Braddock
Fair Oaks ,Week3,Lakevale Estates,Week2,238.0 Lakevale Estates - 164.0 Fair Oaks
Fair Oaks ,Week3,Village West,Week3,264.0 Fair Oaks - 138.0 Village West
Fair Oaks ,Week4,Pinecrest,Week2,277.0 Pinecrest - 125.0 Fair Oaks
Fair Oaks ,Week3,Vienna Woods,Week5,309.0 Vienna Woods - 93.0 Fair Oaks
Fair Oaks ,Week1,Pinewood Lake,Week4,369.0 Fair Oaks - 32.0 Pinewood Lake
Fair Oaks ,Week3,Vienna Woods,Week3,294.0 Vienna Woods - 108.0 Fair Oaks
Fair Oaks ,Week4,Villa Aquatic,Week5,209.0 Villa Aquatic - 193.0 Fair Oaks
Fair Oaks ,Week1,Pinecrest,Week1,243.0 Pinecrest - 159.0 Fair Oaks
Fair Oaks ,Week3,Lakevale Estates,Week3,244.0 Lakevale Estates - 158.0 Fair Oaks
Fair Oaks ,Week4,Lakevale Estates,Week5,281.0 Lakevale Estates - 121.0 Fair Oaks
Dunn Loring,Week1,Oakton ,Week2,238.0 Oakton - 164.0 Dunn Loring
Fair Oaks ,Week4,Pinecrest,Week3,270.0 Pinecrest - 132.0 Fair Oaks
Fair Oaks ,Week4,Lakevale Estates,Week4,293.0 Lakevale Estates - 109.0 Fair Oaks
Dunn Loring,Week1,Oakton ,Week5,235.5 Oakton - 166.5 Dunn Loring
Fair Oaks ,Week5,Parliament,Week4,252.0 Fair Oaks - 150.0 Parliament
Fair Oaks ,Week5,Village West,Week5,295.0 Fair Oaks - 107.0 Village West
Fair Oaks ,Week3,Lakevale Estates,Week4,270.0 Lakevale Estates - 132.0 Fair Oaks
Fair Oaks ,Week3,Pinecrest,Week1,245.0 Pinecrest - 157.0 Fair Oaks
Fair Oaks ,Week2,Villa Aquatic,Week1,230.0 Fair Oaks - 172.0 Villa Aquatic
Fair Oaks ,Week4,Lakevale Estates,Week3,271.0 Lakevale Estates - 131.0 Fair Oaks
Fair Oaks ,Week5,Vienna Woods,Week1,283.0 Vienna Woods - 119.0 Fair Oaks
Dunn Loring,Week4,Oakton ,Week2,216.0 Oakton - 186.0 Dunn Loring
Fair Oaks ,Week4,Village West,Week2,277.0 Fair Oaks - 125.0 Village West
Fair Oaks ,Week4,Vienna Woods,Week5,321.0 Vienna Woods - 81.0 Fair Oaks
Fair Oaks ,Week5,Village West,Week2,291.0 Fair Oaks - 111.0 Village West
Fair Oaks ,Week1,Villa Aquatic,Week1,246.0 Fair Oaks - 156.0 Villa Aquatic
Fair Oaks ,Week1,Villa Aquatic,Week4,220.0 Fair Oaks - 182.0 Villa Aquatic
Fair Oaks ,Week5,Village West,Week4,275.0 Fair Oaks - 122.0 Village West
Fair Oaks ,Week3,Pinecrest,Week5,251.0 Pinecrest - 151.0 Fair Oaks
Fair Oaks ,Week1,Village West,Week5,286.0 Fair Oaks - 116.0 Village West
Fair Oaks ,Week2,Pinecrest,Week4,289.0 Pinecrest - 113.0 Fair Oaks
Fair Oaks ,Week4,Vienna Woods,Week4,280.0 Vienna Woods - 122.0 Fair Oaks
Fair Oaks ,Week2,Village West,Week5,263.0 Fair Oaks - 139.0 Village West
Fair Oaks ,Week4,Lakevale Estates,Week1,254.0 Lakevale Estates - 148.0 Fair Oaks
Dunn Loring,Week3,Oakton ,Week2,205.0 Oakton - 197.0 Dunn Loring
Dunn Loring,Week4,Oakton ,Week3,207.0 Oakton - 195.0 Dunn Loring
Fair Oaks ,Week3,Pleasant Valley,Week1,300.0 Fair Oaks - 102.0 Pleasant Valley
Fair Oaks ,Week1,Villa Aquatic,Week2,228.0 Fair Oaks - 174.0 Villa Aquatic
Fair Oaks ,Week2,Pleasant Valley,Week5,271.0 Fair Oaks - 131.0 Pleasant Valley
Fair Oaks ,Week3,Virginia Run,Week1,201.0 Fair Oaks - 201.0 Virginia Run
Fair Oaks ,Week3,Pinewood Lake,Week1,373.0 Fair Oaks - 27.0 Pinewood Lake
Fair Oaks ,Week5,Pinecrest,Week3,247.5 Pinecrest - 154.5 Fair Oaks
Fair Oaks ,Week1,Virginia Hills,Week4,353.0 Fair Oaks - 49.0 Virginia Hills
Fair Oaks ,Week2,Villa Aquatic,Week5,233.0 Villa Aquatic - 169.0 Fair Oaks
Fair Oaks ,Week2,Pinewood Lake,Week2,351.0 Fair Oaks - 44.0 Pinewood Lake
Fair Oaks ,Week5,Vienna Woods,Week5,307.0 Vienna Woods - 95.0 Fair Oaks
Dunn Loring,Week3,Oakton ,Week1,221.0 Dunn Loring - 181.0 Oakton
Fair Oaks ,Week1,Virginia Run,Week4,203.0 Virginia Run - 199.0 Fair Oaks
Fair Oaks ,Week3,Villa Aquatic,Week3,204.0 Villa Aquatic - 198.0 Fair Oaks
Fair Oaks ,Week5,Lakeview,Week3,304.0 Fair Oaks - 98.0 Lakeview
Fair Oaks ,Week2,Pinewood Lake,Week5,342.0 Fair Oaks - 55.0 Pinewood Lake
Fair Oaks ,Week5,Lakeview,Week2,320.0 Fair Oaks - 82.0 Lakeview
Fair Oaks ,Week5,Lakevale Estates,Week5,256.0 Lakevale Estates - 146.0 Fair Oaks
Fair Oaks ,Week1,Lakeview,Week2,305.0 Fair Oaks - 97.0 Lakeview
Fair Oaks ,Week3,Villa Aquatic,Week2,240.0 Fair Oaks - 162.0 Villa Aquatic
Fair Oaks ,Week1,Langley,Week1,241.0 Langley - 161.0 Fair Oaks
Fair Oaks ,Week2,Virginia Hills,Week1,332.0 Fair Oaks - 69.0 Virginia Hills
Dunn Loring,Week2,Oakton ,Week1,203.0 Dunn Loring - 199.0 Oakton
Fair Oaks ,Week5,Lakevale Estates,Week3,243.0 Lakevale Estates - 159.0 Fair Oaks
Fair Oaks ,Week3,Lakeview,Week4,264.0 Fair Oaks - 138.0 Lakeview
Dunn Loring,Week1,Oakton ,Week3,232.0 Oakton - 170.0 Dunn Loring
Fair Oaks ,Week5,Lakevale Estates,Week1,217.0 Lakevale Estates - 185.0 Fair Oaks
Fair Oaks ,Week1,Pinewood Lake,Week2,366.0 Fair Oaks - 35.0 Pinewood Lake
Fair Oaks ,Week3,Virginia Hills,Week2,366.0 Fair Oaks - 36.0 Virginia Hills
Fair Oaks ,Week3,Pinewood Lake,Week2,372.0 Fair Oaks - 28.0 Pinewood Lake
Fair Oaks ,Week1,Langley,Week2,235.0 Langley - 167.0 Fair Oaks
Fair Oaks ,Week3,Pinewood Lake,Week5,360.0 Fair Oaks - 40.0 Pinewood Lake
Fair Oaks ,Week3,Villa Aquatic,Week5,218.0 Fair Oaks - 184.0 Villa Aquatic
Fair Oaks ,Week2,Villa Aquatic,Week4,228.0 Villa Aquatic - 174.0 Fair Oaks
Fair Oaks ,Week2,Virginia Run,Week4,247.0 Virginia Run - 155.0 Fair Oaks
Dunn Loring,Week2,Oakton ,Week5,203.0 Oakton - 199.0 Dunn Loring
Fair Oaks ,Week1,Virginia Hills,Week3,351.0 Fair Oaks - 51.0 Virginia Hills
Fair Oaks ,Week2,Villa Aquatic,Week2,204.0 Fair Oaks - 198.0 Villa Aquatic
Fair Oaks ,Week4,Vienna Woods,Week3,307.0 Vienna Woods - 95.0 Fair Oaks
Fair Oaks ,Week2,Virginia Run,Week1,236.0 Virginia Run - 166.0 Fair Oaks
Fair Oaks ,Week2,Virginia Run,Week2,231.0 Virginia Run - 171.0 Fair Oaks
Fairfax,Week4,Fairfax Club Estates,Week5,299.5 Fairfax - 98.5 Fairfax Club Estates
Dunn Loring,Week2,Oakton ,Week2,209.0 Oakton - 193.0 Dunn Loring
Fair Oaks ,Week3,Virginia Hills,Week1,351.0 Fair Oaks - 51.0 Virginia Hills
Fair Oaks ,Week3,Pinewood Lake,Week4,368.0 Fair Oaks - 31.0 Pinewood Lake
Fairfax,Week1,Fairfax Station,Week4,211.0 Fairfax Station - 191.0 Fairfax
Fair Oaks ,Week4,Vienna Woods,Week2,295.0 Vienna Woods - 107.0 Fair Oaks
Fair Oaks ,Week4,Pinewood Lake,Week2,362.0 Fair Oaks - 35.0 Pinewood Lake
Fairfax,Week3,Fairfax Station,Week3,209.5 Fairfax Station - 192.5 Fairfax
Fair Oaks ,Week3,Lakeview,Week2,305.0 Fair Oaks - 97.0 Lakeview
Dunn Loring,Week3,Oakton ,Week3,220.0 Dunn Loring - 182.0 Oakton
Fair Oaks ,Week5,Pinewood Lake,Week2,364.0 Fair Oaks - 37.0 Pinewood Lake
Fairfax,Week1,Fairfax Station,Week1,204.0 Fairfax Station - 198.0 Fairfax
Fairfax,Week5,Fairfax Station,Week2,234.0 Fairfax - 168.0 Fairfax Station
Dunn Loring,Week1,Oakton ,Week1,227.0 Oakton - 175.0 Dunn Loring
Fairfax,Week4,Fairfax Station,Week3,204.0 Fairfax - 198.0 Fairfax Station
Dunn Loring,Week1,Oakton ,Week4,233.0 Oakton - 169.0 Dunn Loring
Fair Oaks ,Week1,Lakeview,Week3,285.0 Fair Oaks - 117.0 Lakeview
Fair Oaks ,Week2,Lakeview,Week2,278.0 Fair Oaks - 124.0 Lakeview
Fair Oaks ,Week5,Vienna Woods,Week4,253.0 Vienna Woods - 149.0 Fair Oaks
Fair Oaks ,Week2,Lakeview,Week5,237.0 Fair Oaks - 156.0 Lakeview
Fair Oaks ,Week2,Virginia Hills,Week4,332.0 Fair Oaks - 69.0 Virginia Hills
Fair Oaks ,Week5,Vienna Woods,Week2,262.0 Vienna Woods - 140.0 Fair Oaks
Fair Oaks ,Week5,Vienna Woods,Week3,275.0 Vienna Woods - 127.0 Fair Oaks
Fair Oaks ,Week2,Pinewood Lake,Week3,359.0 Fair Oaks - 31.0 Pinewood Lake
Fair Oaks ,Week2,Pinewood Lake,Week1,355.0 Fair Oaks - 40.0 Pinewood Lake
Fair Oaks ,Week2,Lakeview,Week4,243.0 Fair Oaks - 159.0 Lakeview
Fair Oaks ,Week3,Virginia Hills,Week4,352.0 Fair Oaks - 50.0 Virginia Hills
Fair Oaks ,Week1,Villa Aquatic,Week3,211.0 Villa Aquatic - 191.0 Fair Oaks
Fair Oaks ,Week1,Pleasant Valley,Week2,312.0 Fair Oaks - 90.0 Pleasant Valley
Fair Oaks ,Week5,Virginia Hills,Week3,360.0 Fair Oaks - 42.0 Virginia Hills
Fair Oaks ,Week4,Virginia Hills,Week4,354.0 Fair Oaks - 47.0 Virginia Hills
Fair Oaks ,Week3,Pinewood Lake,Week3,376.0 Fair Oaks - 23.0 Pinewood Lake
Fair Oaks ,Week5,Virginia Hills,Week2,371.0 Fair Oaks - 31.0 Virginia Hills
Fair Oaks ,Week4,Virginia Hills,Week3,348.0 Fair Oaks - 53.0 Virginia Hills
Fairfax,Week3,Fairfax Station,Week5,208.5 Fairfax - 193.5 Fairfax Station
Fairfax,Week1,Fairfax Station,Week2,203.0 Fairfax - 199.0 Fairfax Station
Fairfax,Week2,Fairfax Station,Week1,229.0 Fairfax - 173.0 Fairfax Station
Fair Oaks ,Week4,Virginia Hills,Week1,350.0 Fair Oaks - 51.0 Virginia Hills
Fairfax,Week2,Fairfax Station,Week4,217.0 Fairfax - 185.0 Fairfax Station
Fair Oaks ,Week5,Virginia Hills,Week1,356.0 Fair Oaks - 46.0 Virginia Hills
Fair Oaks ,Week4,Lakeview,Week2,303.0 Fair Oaks - 99.0 Lakeview
Fair Oaks ,Week2,Villa Aquatic,Week3,236.0 Villa Aquatic - 166.0 Fair Oaks
Fair Oaks ,Week4,Villa Aquatic,Week1,238.0 Fair Oaks - 164.0 Villa Aquatic
Fair Oaks ,Week3,Lakeview,Week3,279.0 Fair Oaks - 123.0 Lakeview
Fair Oaks ,Week5,Virginia Hills,Week4,360.0 Fair Oaks - 42.0 Virginia Hills
Fair Oaks ,Week1,Pleasant Valley,Week5,294.0 Fair Oaks - 107.0 Pleasant Valley
Fair Oaks ,Week3,Villa Aquatic,Week1,248.0 Fair Oaks - 154.0 Villa Aquatic
Dunn Loring,Week3,Oakton ,Week4,203.0 Oakton - 199.0 Dunn Loring
Dunn Loring,Week2,Oakton ,Week3,212.5 Dunn Loring - 189.5 Oakton
Fair Oaks ,Week5,Pinewood Lake,Week5,360.0 Fair Oaks - 41.0 Pinewood Lake
Dunn Loring,Week3,Oakton ,Week5,201.0 Dunn Loring - 201.0 Oakton
Fair Oaks ,Week2,Lakeview,Week3,264.0 Fair Oaks - 138.0 Lakeview
Fair Oaks ,Week4,Lakeview,Week4,255.5 Fair Oaks - 146.5 Lakeview
Fair Oaks ,Week4,Villa Aquatic,Week3,214.0 Villa Aquatic - 188.0 Fair Oaks
Fair Oaks ,Week4,Pinewood Lake,Week1,365.5 Fair Oaks - 28.5 Pinewood Lake
Fairfax,Week5,Fairfax Club Estates,Week1,315.0 Fairfax - 87.0 Fairfax Club Estates
Fair Oaks ,Week1,Villa Aquatic,Week5,211.0 Fair Oaks - 191.0 Villa Aquatic
Dunn Loring,Week2,Oakton ,Week4,202.0 Oakton - 200.0 Dunn Loring
Fair Oaks ,Week4,Lakeview,Week3,281.0 Fair Oaks - 121.0 Lakeview
Fair Oaks ,Week4,Lakeview,Week5,266.0 Fair Oaks - 127.0 Lakeview
Fair Oaks ,Week5,Villa Aquatic,Week2,248.0 Fair Oaks - 154.0 Villa Aquatic
Fair Oaks ,Week4,Virginia Hills,Week2,360.0 Fair Oaks - 41.0 Virginia Hills
Fairfax,Week3,Fairfax Station,Week4,216.0 Fairfax - 186.0 Fairfax Station
Fair Oaks ,Week4,Rutherford,Week1,287.0 Fair Oaks - 115.0 Rutherford
Fairfax,Week2,Forest Hollow,Week3,250.5 Fairfax - 151.5 Forest Hollow
Dunn Loring,Week2,Village West,Week4,313.0 Dunn Loring - 84.0 Village West
Fair Oaks ,Week4,Pinewood Lake,Week5,350.0 Fair Oaks - 46.0 Pinewood Lake
Fair Oaks ,Week1,Rutherford,Week5,270.0 Fair Oaks - 132.0 Rutherford
Fair Oaks ,Week5,Lakeview,Week1,321.0 Fair Oaks - 81.0 Lakeview
Fair Oaks ,Week2,Lakeview,Week1,279.0 Fair Oaks - 123.0 Lakeview
Fair Oaks ,Week1,Virginia Run,Week2,209.0 Fair Oaks - 193.0 Virginia Run
Fair Oaks ,Week2,Pleasant Valley,Week3,275.0 Fair Oaks - 127.0 Pleasant Valley
Dunn Loring,Week2,Villa Aquatic,Week4,285.0 Dunn Loring - 117.0 Villa Aquatic
Fair Oaks ,Week5,Villa Aquatic,Week1,265.0 Fair Oaks - 137.0 Villa Aquatic
Fair Oaks ,Week1,Virginia Run,Week1,213.0 Virginia Run - 189.0 Fair Oaks
Fair Oaks ,Week3,Rolling Valley,Week3,310.0 Fair Oaks - 92.0 Rolling Valley
Fair Oaks ,Week2,Virginia Hills,Week5,318.0 Fair Oaks - 84.0 Virginia Hills
Fairfax,Week4,Fairfax Club Estates,Week4,298.0 Fairfax - 103.0 Fairfax Club Estates
Fair Oaks ,Week4,Virginia Hills,Week5,328.0 Fair Oaks - 74.0 Virginia Hills
Fairfax,Week5,Fairfax Club Estates,Week2,319.0 Fairfax - 82.0 Fairfax Club Estates
Fair Oaks ,Week5,Villa Aquatic,Week3,210.0 Fair Oaks - 192.0 Villa Aquatic
Dunn Loring,Week5,Villa Aquatic,Week5,272.0 Dunn Loring - 130.0 Villa Aquatic
Fair Oaks ,Week4,Villa Aquatic,Week4,203.0 Villa Aquatic - 199.0 Fair Oaks
Fair Oaks ,Week5,Lakeview,Week4,284.0 Fair Oaks - 118.0 Lakeview
Fairfax,Week4,Fairfax Station,Week1,230.0 Fairfax - 172.0 Fairfax Station
Fair Oaks ,Week5,Pinewood Lake,Week4,370.0 Fair Oaks - 31.0 Pinewood Lake
Fair Oaks ,Week2,Pleasant Valley,Week4,296.0 Fair Oaks - 105.0 Pleasant Valley
Fair Oaks ,Week2,Pleasant Valley,Week2,289.0 Fair Oaks - 112.0 Pleasant Valley
Fair Oaks ,Week3,Lakeview,Week1,308.0 Fair Oaks - 94.0 Lakeview
Fair Oaks ,Week2,Pinewood Lake,Week4,351.0 Fair Oaks - 43.0 Pinewood Lake
Fair Oaks ,Week1,Rutherford,Week2,304.0 Fair Oaks - 98.0 Rutherford
Fair Oaks ,Week1,Pleasant Valley,Week1,312.0 Fair Oaks - 90.0 Pleasant Valley
Fair Oaks ,Week2,Pleasant Valley,Week1,284.0 Fair Oaks - 116.0 Pleasant Valley
Dunn Loring,Week1,Village West,Week3,270.0 Dunn Loring - 132.0 Village West
Fairfax,Week1,Fairfax Station,Week5,215.0 Fairfax Station - 187.0 Fairfax
Fair Oaks ,Week3,Lakeview,Week5,273.0 Fair Oaks - 120.0 Lakeview
Fairfax,Week2,Fairfax Station,Week3,205.5 Fairfax Station - 196.5 Fairfax
Fair Oaks ,Week5,Lakeview,Week5,300.0 Fair Oaks - 93.0 Lakeview
Fair Oaks ,Week5,Virginia Hills,Week5,344.0 Fair Oaks - 58.0 Virginia Hills
Fair Oaks ,Week1,Virginia Run,Week5,208.5 Virginia Run - 193.5 Fair Oaks
Fair Oaks ,Week2,Virginia Hills,Week3,326.0 Fair Oaks - 75.0 Virginia Hills
Fair Oaks ,Week2,Virginia Run,Week3,235.5 Virginia Run - 166.5 Fair Oaks
Fairfax,Week4,Fairfax Station,Week5,202.0 Fairfax Station - 200.0 Fairfax
Dunn Loring,Week3,Village West,Week3,318.0 Dunn Loring - 84.0 Village West
Fair Oaks ,Week2,Virginia Run,Week5,252.0 Virginia Run - 150.0 Fair Oaks
Fair Oaks ,Week1,Lakeview,Week4,274.0 Fair Oaks - 128.0 Lakeview
Fair Oaks ,Week4,Pinewood Lake,Week4,365.0 Fair Oaks - 31.0 Pinewood Lake
Fair Oaks ,Week4,Rolling Valley,Week5,299.0 Fair Oaks - 103.0 Rolling Valley
Dunn Loring,Week3,Villa Aquatic,Week1,305.0 Dunn Loring - 97.0 Villa Aquatic
Fair Oaks ,Week4,Rolling Valley,Week1,338.0 Fair Oaks - 64.0 Rolling Valley
Fairfax,Week5,Fairfax Club Estates,Week3,314.0 Fairfax - 87.0 Fairfax Club Estates
Fairfax,Week5,Fairfax Club Estates,Week5,312.0 Fairfax - 86.0 Fairfax Club Estates
Fair Oaks ,Week5,Rolling Valley,Week5,313.0 Fair Oaks - 89.0 Rolling Valley
Fair Oaks ,Week3,Virginia Hills,Week3,346.0 Fair Oaks - 56.0 Virginia Hills
Fair Oaks ,Week5,Langley,Week5,215.0 Langley - 187.0 Fair Oaks
Dunn Loring,Week4,Villa Aquatic,Week4,271.0 Dunn Loring - 131.0 Villa Aquatic
Fair Oaks ,Week1,Lakeview,Week5,271.0 Fair Oaks - 122.0 Lakeview
Fair Oaks ,Week4,Lakeview,Week1,301.0 Fair Oaks - 101.0 Lakeview
Dunn Loring,Week3,Village West,Week1,334.0 Dunn Loring - 68.0 Village West
Fairfax,Week4,Fairfax Club Estates,Week3,304.0 Fairfax - 97.0 Fairfax Club Estates
Fair Oaks ,Week5,Pinewood Lake,Week1,365.0 Fair Oaks - 37.0 Pinewood Lake
Fair Oaks ,Week5,Pinewood Lake,Week3,371.0 Fair Oaks - 30.0 Pinewood Lake
Dunn Loring,Week3,Villa Aquatic,Week3,272.5 Dunn Loring - 129.5 Villa Aquatic
Fair Oaks ,Week1,Rutherford,Week3,278.0 Fair Oaks - 124.0 Rutherford
Fair Oaks ,Week1,Virginia Run,Week3,217.0 Fair Oaks - 185.0 Virginia Run
Fair Oaks ,Week4,Pinewood Lake,Week3,369.0 Fair Oaks - 24.0 Pinewood Lake
Fair Oaks ,Week3,Langley,Week3,239.0 Langley - 163.0 Fair Oaks
Fairfax,Week5,Fairfax Club Estates,Week4,314.0 Fairfax - 87.0 Fairfax Club Estates
Fair Oaks ,Week1,Pleasant Valley,Week3,301.0 Fair Oaks - 101.0 Pleasant Valley
Fair Oaks ,Week2,Rutherford,Week4,241.0 Fair Oaks - 161.0 Rutherford
Fair Oaks ,Week3,Virginia Hills,Week5,338.0 Fair Oaks - 64.0 Virginia Hills
Fair Oaks ,Week2,Langley,Week2,259.0 Langley - 143.0 Fair Oaks
Dunn Loring,Week4,Villa Aquatic,Week3,253.5 Dunn Loring - 148.5 Villa Aquatic
Fair Oaks ,Week2,Rutherford,Week5,244.0 Fair Oaks - 158.0 Rutherford
Fair Oaks ,Week3,Wakefield Chapel,Week3,292.5 Wakefield Chapel - 109.5 Fair Oaks
Fair Oaks ,Week1,Laurel Hill,Week5,255.0 Fair Oaks - 147.0 Laurel Hill
Dunn Loring,Week2,Villa Aquatic,Week5,262.0 Dunn Loring - 140.0 Villa Aquatic
Fair Oaks ,Week3,Wakefield Chapel,Week2,269.0 Wakefield Chapel - 133.0 Fair Oaks
Fair Oaks ,Week2,Rutherford,Week2,268.0 Fair Oaks - 134.0 Rutherford
Fairfax,Week1,Fairfax Station,Week3,217.0 Fairfax Station - 185.0 Fairfax
Dunn Loring,Week5,Villa Aquatic,Week1,304.0 Dunn Loring - 98.0 Villa Aquatic
Fair Oaks ,Week4,Langley,Week1,263.0 Langley - 139.0 Fair Oaks
Fair Oaks ,Week4,Langley,Week3,260.0 Langley - 142.0 Fair Oaks
Fair Oaks ,Week2,Laurel Hill,Week3,243.0 Fair Oaks - 158.0 Laurel Hill
Fair Oaks ,Week3,Rutherford,Week2,300.0 Fair Oaks - 102.0 Rutherford
Fair Oaks ,Week3,Virginia Run,Week2,218.0 Fair Oaks - 184.0 Virginia Run
Dunn Loring,Week4,Villa Aquatic,Week1,297.0 Dunn Loring - 105.0 Villa Aquatic
Fair Oaks ,Week3,Rolling Valley,Week2,297.0 Fair Oaks - 105.0 Rolling Valley
Fairfax,Week3,Fairfax Station,Week2,224.0 Fairfax - 178.0 Fairfax Station
Fair Oaks ,Week4,Pleasant Valley,Week5,294.0 Fair Oaks - 108.0 Pleasant Valley
Dunn Loring,Week5,Villa Aquatic,Week4,289.0 Dunn Loring - 113.0 Villa Aquatic
Fairfax,Week3,Fairfax Station,Week1,230.5 Fairfax - 171.5 Fairfax Station
Fair Oaks ,Week1,Pleasant Valley,Week4,322.0 Fair Oaks - 79.0 Pleasant Valley
Fairfax,Week2,Fairfax Station,Week5,202.5 Fairfax - 199.5 Fairfax Station
Fair Oaks ,Week3,Poplar Heights,Week4,204.0 Fair Oaks - 198.0 Poplar Heights
Fairfax,Week2,Fairfax Station,Week2,225.0 Fairfax - 177.0 Fairfax Station
Fair Oaks ,Week3,Poplar Heights,Week2,209.0 Fair Oaks - 193.0 Poplar Heights
Fair Oaks ,Week4,Virginia Run,Week2,201.0 Fair Oaks - 201.0 Virginia Run
Fair Oaks ,Week1,Poplar Heights,Week1,205.0 Fair Oaks - 197.0 Poplar Heights
Fair Oaks ,Week4,Virginia Run,Week4,215.0 Virginia Run - 187.0 Fair Oaks
Fairfax,Week4,Fairfax Station,Week2,219.0 Fairfax - 183.0 Fairfax Station
Fair Oaks ,Week2,Rutherford,Week1,281.0 Fair Oaks - 121.0 Rutherford
Fairfax,Week5,Fairfax Station,Week1,242.0 Fairfax - 160.0 Fairfax Station
Dunn Loring,Week3,Villa Aquatic,Week4,292.0 Dunn Loring - 110.0 Villa Aquatic
Fair Oaks ,Week4,Rolling Valley,Week3,301.0 Fair Oaks - 101.0 Rolling Valley
Fair Oaks ,Week3,Virginia Run,Week3,210.0 Fair Oaks - 192.0 Virginia Run
Fair Oaks ,Week2,Langley,Week3,267.0 Langley - 135.0 Fair Oaks
Dunn Loring,Week4,Villa Aquatic,Week2,271.0 Dunn Loring - 131.0 Villa Aquatic
Fair Oaks ,Week5,Rolling Valley,Week3,317.0 Fair Oaks - 85.0 Rolling Valley
Fairfax,Week4,Fairfax Station,Week4,217.5 Fairfax - 184.5 Fairfax Station
Dunn Loring,Week3,Village West,Week2,319.0 Dunn Loring - 83.0 Village West
Fair Oaks ,Week3,Rutherford,Week4,278.0 Fair Oaks - 124.0 Rutherford
Dunn Loring,Week1,Village West,Week1,296.0 Dunn Loring - 106.0 Village West
Fair Oaks ,Week3,Rolling Valley,Week4,307.0 Fair Oaks - 95.0 Rolling Valley
Fair Oaks ,Week2,Wakefield Chapel,Week2,314.0 Wakefield Chapel - 88.0 Fair Oaks
Fair Oaks ,Week5,Langley,Week1,230.0 Langley - 172.0 Fair Oaks
Fairfax,Week1,Forest Hollow,Week3,238.0 Fairfax - 164.0 Forest Hollow
Fair Oaks ,Week3,Rolling Valley,Week5,304.0 Fair Oaks - 98.0 Rolling Valley
Fair Oaks ,Week1,Poplar Heights,Week5,214.0 Poplar Heights - 188.0 Fair Oaks
Fair Oaks ,Week3,Langley,Week4,248.0 Langley - 154.0 Fair Oaks
Fair Oaks ,Week1,Laurel Hill,Week2,300.0 Fair Oaks - 102.0 Laurel Hill
Fair Oaks ,Week4,Virginia Run,Week1,223.0 Virginia Run - 179.0 Fair Oaks
Fairfax,Week5,Fairfax Station,Week3,204.0 Fairfax - 198.0 Fairfax Station
Dunn Loring,Week2,Village West,Week1,329.0 Dunn Loring - 73.0 Village West
Fair Oaks ,Week1,Poplar Heights,Week3,205.0 Poplar Heights - 197.0 Fair Oaks
Fair Oaks ,Week4,Wakefield Chapel,Week5,309.0 Wakefield Chapel - 93.0 Fair Oaks
Fairfax,Week1,Forest Hollow,Week1,231.0 Fairfax - 171.0 Forest Hollow
Fair Oaks ,Week5,Virginia Run,Week1,219.0 Fair Oaks - 183.0 Virginia Run
Fair Oaks ,Week4,Poplar Heights,Week1,212.0 Poplar Heights - 190.0 Fair Oaks
Fair Oaks ,Week3,Rutherford,Week3,275.0 Fair Oaks - 127.0 Rutherford
Fair Oaks ,Week3,Pleasant Valley,Week2,308.0 Fair Oaks - 94.0 Pleasant Valley
Fair Oaks ,Week1,Langley,Week4,249.0 Langley - 153.0 Fair Oaks
Fair Oaks ,Week4,Pleasant Valley,Week2,303.5 Fair Oaks - 97.5 Pleasant Valley
Dunn Loring,Week5,Villa Aquatic,Week3,263.0 Dunn Loring - 139.0 Villa Aquatic
Fair Oaks ,Week2,Langley,Week4,273.0 Langley - 129.0 Fair Oaks
Fair Oaks ,Week2,Langley,Week1,270.5 Langley - 131.5 Fair Oaks
Fairfax,Week5,Fairfax Station,Week5,218.0 Fairfax - 184.0 Fairfax Station
Fair Oaks ,Week4,Poplar Heights,Week3,210.5 Poplar Heights - 191.5 Fair Oaks
Dunn Loring,Week1,Village West,Week2,289.0 Dunn Loring - 113.0 Village West
Fair Oaks ,Week3,Virginia Run,Week5,210.0 Virginia Run - 192.0 Fair Oaks
Fair Oaks ,Week4,Pleasant Valley,Week1,308.0 Fair Oaks - 93.0 Pleasant Valley
Fairfax,Week1,Forest Hollow,Week2,248.0 Fairfax - 154.0 Forest Hollow
Fair Oaks ,Week5,Rolling Valley,Week2,314.0 Fair Oaks - 88.0 Rolling Valley
Dunn Loring,Week1,Village West,Week5,285.0 Dunn Loring - 117.0 Village West
Fairfax,Week4,Lake Braddock,Week2,339.0 Fairfax - 63.0 Lake Braddock
Dunn Loring,Week2,Villa Aquatic,Week3,259.0 Dunn Loring - 143.0 Villa Aquatic
Fairfax,Week5,Fairfax Station,Week4,233.0 Fairfax - 169.0 Fairfax Station
Fairfax,Week2,Lakevale Estates,Week4,204.0 Fairfax - 198.0 Lakevale Estates
Dunn Loring,Week3,Villa Aquatic,Week5,282.0 Dunn Loring - 120.0 Villa Aquatic
Fairfax,Week1,Forest Hollow,Week5,223.0 Fairfax - 179.0 Forest Hollow
Fair Oaks ,Week1,Langley,Week3,242.0 Langley - 160.0 Fair Oaks
Fair Oaks ,Week4,Virginia Run,Week3,210.0 Virginia Run - 192.0 Fair Oaks
Fairfax,Week1,Lakevale Estates,Week5,210.0 Lakevale Estates - 192.0 Fairfax
Fair Oaks ,Week2,Poplar Heights,Week3,239.0 Poplar Heights - 163.0 Fair Oaks
Fair Oaks ,Week1,Wakefield Chapel,Week4,280.5 Wakefield Chapel - 121.5 Fair Oaks
Fair Oaks ,Week5,Pleasant Valley,Week3,315.0 Fair Oaks - 87.0 Pleasant Valley
Fair Oaks ,Week3,Pleasant Valley,Week4,312.0 Fair Oaks - 90.0 Pleasant Valley
Fair Oaks ,Week1,Poplar Heights,Week2,202.0 Poplar Heights - 200.0 Fair Oaks
Fairfax,Week2,Lake Braddock,Week5,338.0 Fairfax - 64.0 Lake Braddock
Fair Oaks ,Week2,Wakefield Chapel,Week1,322.0 Wakefield Chapel - 80.0 Fair Oaks
Fair Oaks ,Week1,Rutherford,Week1,301.0 Fair Oaks - 101.0 Rutherford
Fair Oaks ,Week5,Virginia Run,Week3,227.0 Fair Oaks - 175.0 Virginia Run
Fair Oaks ,Week5,Rolling Valley,Week4,317.0 Fair Oaks - 85.0 Rolling Valley
Fair Oaks ,Week4,Langley,Week2,252.0 Langley - 150.0 Fair Oaks
Dunn Loring,Week2,Village West,Week2,319.0 Dunn Loring - 83.0 Village West
Fair Oaks ,Week5,Rolling Valley,Week1,342.0 Fair Oaks - 60.0 Rolling Valley
Fair Oaks ,Week4,Langley,Week5,248.0 Langley - 154.0 Fair Oaks
Fairfax,Week1,Forest Hollow,Week4,224.0 Fairfax - 178.0 Forest Hollow
Fair Oaks ,Week1,Laurel Hill,Week1,285.0 Fair Oaks - 117.0 Laurel Hill
Fair Oaks ,Week4,Rolling Valley,Week4,300.0 Fair Oaks - 102.0 Rolling Valley
Fair Oaks ,Week3,Wakefield Chapel,Week1,291.0 Wakefield Chapel - 111.0 Fair Oaks
Fair Oaks ,Week1,Rutherford,Week4,264.0 Fair Oaks - 138.0 Rutherford
Fair Oaks ,Week2,Poplar Heights,Week1,228.0 Poplar Heights - 174.0 Fair Oaks
Fair Oaks ,Week1,Laurel Hill,Week3,276.0 Fair Oaks - 126.0 Laurel Hill
Fair Oaks ,Week1,Wakefield Chapel,Week1,286.0 Wakefield Chapel - 116.0 Fair Oaks
Fairfax,Week5,Lake Braddock,Week2,346.0 Fairfax - 56.0 Lake Braddock
Dunn Loring,Week1,Village West,Week4,296.0 Dunn Loring - 101.0 Village West
Fairfax,Week2,Forest Hollow,Week1,249.0 Fairfax - 153.0 Forest Hollow
Fairfax,Week5,Lake Braddock,Week3,357.0 Fairfax - 45.0 Lake Braddock
Fair Oaks ,Week3,Rutherford,Week1,302.0 Fair Oaks - 100.0 Rutherford
Fair Oaks ,Week4,Pleasant Valley,Week3,302.0 Fair Oaks - 100.0 Pleasant Valley
Fair Oaks ,Week2,Langley,Week5,267.0 Langley - 135.0 Fair Oaks
Fair Oaks ,Week5,Virginia Run,Week2,224.0 Fair Oaks - 178.0 Virginia Run
Fair Oaks ,Week2,Rutherford,Week3,247.0 Fair Oaks - 154.0 Rutherford
Dunn Loring,Week4,Villa Aquatic,Week5,270.0 Dunn Loring - 132.0 Villa Aquatic
Fairfax,Week4,Lake Braddock,Week5,338.0 Fairfax - 64.0 Lake Braddock
Fair Oaks ,Week3,Virginia Run,Week4,204.0 Fair Oaks - 198.0 Virginia Run
Fair Oaks ,Week5,Virginia Run,Week4,212.0 Fair Oaks - 190.0 Virginia Run
Fairfax,Week2,Forest Hollow,Week5,235.0 Fairfax - 167.0 Forest Hollow
Fair Oaks ,Week3,Langley,Week2,243.0 Langley - 159.0 Fair Oaks
Fairfax,Week2,Forest Hollow,Week2,265.0 Fairfax - 137.0 Forest Hollow
Fair Oaks ,Week2,Poplar Heights,Week5,251.0 Poplar Heights - 151.0 Fair Oaks
Fair Oaks ,Week5,Pleasant Valley,Week2,321.0 Fair Oaks - 80.0 Pleasant Valley
Fair Oaks ,Week1,Langley,Week5,228.0 Langley - 174.0 Fair Oaks
Dunn Loring,Week3,Villa Aquatic,Week2,295.0 Dunn Loring - 107.0 Villa Aquatic
Fairfax,Week3,Forest Hollow,Week2,262.0 Fairfax - 140.0 Forest Hollow
Fair Oaks ,Week4,Rolling Valley,Week2,307.0 Fair Oaks - 95.0 Rolling Valley
Fairfax,Week2,Lake Braddock,Week3,345.0 Fairfax - 57.0 Lake Braddock
Dunn Loring,Week5,Villa Aquatic,Week2,278.0 Dunn Loring - 124.0 Villa Aquatic
Fair Oaks ,Week4,Langley,Week4,258.0 Langley - 144.0 Fair Oaks
Fair Oaks ,Week3,Pleasant Valley,Week3,304.0 Fair Oaks - 98.0 Pleasant Valley
Fairfax,Week4,Lake Braddock,Week3,344.0 Fairfax - 58.0 Lake Braddock
Fair Oaks ,Week5,Highland Park,Week3,217.0 Fair Oaks - 185.0 Highland Park
Fair Oaks ,Week5,Pleasant Valley,Week5,316.0 Fair Oaks - 85.0 Pleasant Valley
Fair Oaks ,Week5,Rutherford,Week1,303.0 Fair Oaks - 99.0 Rutherford
Dunn Loring,Week3,Virginia Hills,Week1,379.0 Dunn Loring - 23.0 Virginia Hills
Fair Oaks ,Week5,Virginia Run,Week5,201.0 Fair Oaks - 201.0 Virginia Run
Fair Oaks ,Week2,Highlands Swim,Week5,314.0 Highlands Swim - 88.0 Fair Oaks
Dunn Loring,Week1,Virginia Hills,Week5,349.0 Dunn Loring - 48.0 Virginia Hills
Fair Oaks ,Week2,Poplar Heights,Week4,257.0 Poplar Heights - 145.0 Fair Oaks
Fair Oaks ,Week1,Wakefield Chapel,Week3,296.0 Wakefield Chapel - 106.0 Fair Oaks
Fair Oaks ,Week5,Pleasant Valley,Week4,317.0 Fair Oaks - 84.0 Pleasant Valley
Fair Oaks ,Week3,Langley,Week5,240.0 Langley - 162.0 Fair Oaks
Fairfax,Week5,Forest Hollow,Week4,255.0 Fairfax - 147.0 Forest Hollow
Fairfax,Week4,Forest Hollow,Week2,253.0 Fairfax - 149.0 Forest Hollow
Fairfax,Week1,Fox Hunt,Week2,277.5 Fairfax - 124.5 Fox Hunt
Fair Oaks ,Week5,Shouse Village,Week1,243.0 Fair Oaks - 159.0 Shouse Village
Dunn Loring,Week4,Virginia Hills,Week2,383.0 Dunn Loring - 19.0 Virginia Hills
Fair Oaks ,Week4,Shouse Village,Week4,211.0 Shouse Village - 191.0 Fair Oaks
Fairfax,Week1,Lakevale Estates,Week3,203.0 Fairfax - 199.0 Lakevale Estates
Fairfax,Week1,Lakevale Estates,Week1,212.0 Fairfax - 190.0 Lakevale Estates
Fair Oaks ,Week4,Virginia Run,Week5,232.0 Virginia Run - 170.0 Fair Oaks
Fair Oaks ,Week4,Pleasant Valley,Week4,313.0 Fair Oaks - 88.0 Pleasant Valley
Fair Oaks ,Week5,Langley,Week2,226.5 Langley - 175.5 Fair Oaks
Fair Oaks ,Week2,Highlands Swim,Week1,301.0 Highlands Swim - 101.0 Fair Oaks
Fair Oaks ,Week1,Wakefield Chapel,Week2,285.0 Wakefield Chapel - 117.0 Fair Oaks
Fair Oaks ,Week5,Langley,Week4,236.5 Langley - 165.5 Fair Oaks
Fairfax,Week3,Forest Hollow,Week4,247.0 Fairfax - 155.0 Forest Hollow
Fair Oaks ,Week2,Highland Park,Week3,233.0 Highland Park - 169.0 Fair Oaks
Dunn Loring,Week2,Village West,Week3,312.0 Dunn Loring - 90.0 Village West
Dunn Loring,Week2,Village West,Week5,321.5 Dunn Loring - 80.5 Village West
Fairfax,Week5,Lake Braddock,Week5,351.0 Fairfax - 51.0 Lake Braddock
Fair Oaks ,Week1,Wakefield Chapel,Week5,309.0 Wakefield Chapel - 93.0 Fair Oaks
Fair Oaks ,Week3,Rutherford,Week5,271.0 Fair Oaks - 131.0 Rutherford
Fairfax,Week1,Lakevale Estates,Week4,223.0 Lakevale Estates - 179.0 Fairfax
Fairfax,Week4,Forest Hollow,Week3,243.0 Fairfax - 159.0 Forest Hollow
Fair Oaks ,Week4,Rutherford,Week2,280.5 Fair Oaks - 121.5 Rutherford
Fair Oaks ,Week5,Langley,Week3,233.0 Langley - 169.0 Fair Oaks
Fairfax,Week2,Lake Braddock,Week4,349.0 Fairfax - 53.0 Lake Braddock
Fair Oaks ,Week3,Langley,Week1,251.0 Langley - 151.0 Fair Oaks
Fair Oaks ,Week2,Laurel Hill,Week2,276.0 Fair Oaks - 125.0 Laurel Hill
Fairfax,Week4,Forest Hollow,Week5,235.0 Fairfax - 167.0 Forest Hollow
Dunn Loring,Week4,Village West,Week1,331.0 Dunn Loring - 71.0 Village West
Dunn Loring,Week4,Village West,Week4,312.0 Dunn Loring - 85.0 Village West
Fair Oaks ,Week2,Wakefield Chapel,Week4,304.0 Wakefield Chapel - 98.0 Fair Oaks
Fair Oaks ,Week2,Wakefield Chapel,Week3,322.0 Wakefield Chapel - 80.0 Fair Oaks
Dunn Loring,Week3,Village West,Week4,325.0 Dunn Loring - 72.0 Village West
Fairfax,Week4,Forest Hollow,Week4,238.0 Fairfax - 164.0 Forest Hollow
Fairfax,Week3,Lake Braddock,Week1,367.0 Fairfax - 35.0 Lake Braddock
Fair Oaks ,Week5,Highland Park,Week4,212.0 Fair Oaks - 190.0 Highland Park
Fair Oaks ,Week2,Poplar Heights,Week2,235.5 Poplar Heights - 166.5 Fair Oaks
Fair Oaks ,Week3,Poplar Heights,Week1,228.0 Fair Oaks - 174.0 Poplar Heights
Fair Oaks ,Week4,Rutherford,Week5,267.0 Fair Oaks - 135.0 Rutherford
Fair Oaks ,Week1,Laurel Hill,Week4,296.0 Fair Oaks - 106.0 Laurel Hill
Fairfax,Week4,Forest Hollow,Week1,255.0 Fairfax - 147.0 Forest Hollow
Fair Oaks ,Week1,Highlands Swim,Week1,285.0 Highlands Swim - 117.0 Fair Oaks
Fair Oaks ,Week4,Rutherford,Week3,257.5 Fair Oaks - 144.5 Rutherford
Fairfax,Week3,Forest Hollow,Week3,261.0 Fairfax - 141.0 Forest Hollow
Fair Oaks ,Week3,Shouse Village,Week1,226.0 Fair Oaks - 176.0 Shouse Village
Fair Oaks ,Week3,Pleasant Valley,Week5,300.0 Fair Oaks - 101.0 Pleasant Valley
Fair Oaks ,Week2,Laurel Hill,Week1,266.5 Fair Oaks - 134.5 Laurel Hill
Fairfax,Week2,Lakevale Estates,Week2,234.0 Fairfax - 168.0 Lakevale Estates
Fairfax,Week4,Lake Braddock,Week1,358.0 Fairfax - 44.0 Lake Braddock
Dunn Loring,Week4,Village West,Week2,322.0 Dunn Loring - 80.0 Village West
Fair Oaks ,Week2,Wakefield Chapel,Week5,326.5 Wakefield Chapel - 75.5 Fair Oaks
Fairfax,Week2,Lakevale Estates,Week1,231.0 Fairfax - 171.0 Lakevale Estates
Fair Oaks ,Week3,Shouse Village,Week2,235.0 Fair Oaks - 167.0 Shouse Village
Fair Oaks ,Week3,Highlands Swim,Week3,290.0 Highlands Swim - 112.0 Fair Oaks
Fair Oaks ,Week4,Wakefield Chapel,Week1,291.0 Wakefield Chapel - 111.0 Fair Oaks
Fair Oaks ,Week5,Pleasant Valley,Week1,319.0 Fair Oaks - 82.0 Pleasant Valley
Fair Oaks ,Week4,Highland Park,Week5,230.0 Highland Park - 172.0 Fair Oaks
Fair Oaks ,Week2,Shouse Village,Week3,208.0 Shouse Village - 194.0 Fair Oaks
Dunn Loring,Week3,Virginia Hills,Week2,384.0 Dunn Loring - 18.0 Virginia Hills
Fair Oaks ,Week5,Rutherford,Week3,292.0 Fair Oaks - 110.0 Rutherford
Fair Oaks ,Week4,Highland Park,Week3,203.5 Highland Park - 198.5 Fair Oaks
Fairfax,Week3,Lake Braddock,Week4,346.0 Fairfax - 56.0 Lake Braddock
Fair Oaks ,Week1,Poplar Heights,Week4,206.0 Poplar Heights - 196.0 Fair Oaks
Fair Oaks ,Week2,Highland Park,Week4,235.0 Highland Park - 167.0 Fair Oaks
Fair Oaks ,Week3,Poplar Heights,Week3,207.0 Fair Oaks - 195.0 Poplar Heights
Fairfax,Week3,Lake Braddock,Week5,342.0 Fairfax - 60.0 Lake Braddock
Fair Oaks ,Week1,Shouse Village,Week3,211.0 Fair Oaks - 191.0 Shouse Village
Fairfax,Week5,Forest Hollow,Week1,268.0 Fairfax - 134.0 Forest Hollow
Fair Oaks ,Week3,Poplar Heights,Week5,204.0 Fair Oaks - 198.0 Poplar Heights
Fairfax,Week1,Fox Hunt,Week3,258.0 Fairfax - 144.0 Fox Hunt
Fair Oaks ,Week4,Wakefield Chapel,Week2,298.0 Wakefield Chapel - 104.0 Fair Oaks
Fair Oaks ,Week2,Lee Graham,Week4,275.0 Lee Graham - 127.0 Fair Oaks
Fairfax,Week5,Forest Hollow,Week2,277.0 Fairfax - 125.0 Forest Hollow
Fair Oaks ,Week1,Lee Graham,Week3,288.0 Lee Graham - 114.0 Fair Oaks
Dunn Loring,Week4,Village West,Week5,321.0 Dunn Loring - 81.0 Village West
Dunn Loring,Week1,Virginia Hills,Week2,367.0 Dunn Loring - 35.0 Virginia Hills
Fair Oaks ,Week3,Wakefield Chapel,Week5,293.0 Wakefield Chapel - 109.0 Fair Oaks
Dunn Loring,Week5,Village West,Week2,321.0 Dunn Loring - 81.0 Village West
Fair Oaks ,Week5,Laurel Hill,Week4,297.0 Fair Oaks - 105.0 Laurel Hill
Fair Oaks ,Week3,Laurel Hill,Week3,287.0 Fair Oaks - 115.0 Laurel Hill
Fair Oaks ,Week3,Wakefield Chapel,Week4,256.0 Wakefield Chapel - 146.0 Fair Oaks
Fairfax,Week3,Forest Hollow,Week1,262.0 Fairfax - 140.0 Forest Hollow
Fairfax,Week3,Lake Braddock,Week3,347.0 Fairfax - 55.0 Lake Braddock
Fair Oaks ,Week3,Highland Park,Week5,217.0 Highland Park - 185.0 Fair Oaks
Fair Oaks ,Week2,Highland Park,Week5,238.0 Highland Park - 164.0 Fair Oaks
Fairfax,Week4,Lake Braddock,Week4,344.0 Fairfax - 58.0 Lake Braddock
Fair Oaks ,Week4,Poplar Tree,Week4,218.0 Poplar Tree - 184.0 Fair Oaks
Fairfax,Week1,Fox Hunt,Week5,247.0 Fairfax - 155.0 Fox Hunt
Fair Oaks ,Week3,Shouse Village,Week3,219.0 Fair Oaks - 183.0 Shouse Village
Fair Oaks ,Week5,Highland Park,Week5,211.0 Fair Oaks - 191.0 Highland Park
Fair Oaks ,Week4,Wakefield Chapel,Week3,302.0 Wakefield Chapel - 100.0 Fair Oaks
Fair Oaks ,Week1,Highlands Swim,Week5,302.0 Highlands Swim - 100.0 Fair Oaks
Dunn Loring,Week3,Overlee,Week5,299.0 Overlee - 103.0 Dunn Loring
Fairfax,Week3,Lake Braddock,Week2,349.0 Fairfax - 53.0 Lake Braddock
Fair Oaks ,Week2,Laurel Hill,Week5,229.0 Fair Oaks - 173.0 Laurel Hill
Fair Oaks ,Week3,Lee Graham,Week1,261.0 Lee Graham - 141.0 Fair Oaks
Fair Oaks ,Week4,Lee Graham,Week1,277.0 Lee Graham - 125.0 Fair Oaks
Dunn Loring,Week2,Virginia Hills,Week3,381.0 Dunn Loring - 21.0 Virginia Hills
Dunn Loring,Week3,Virginia Hills,Week4,390.0 Dunn Loring - 12.0 Virginia Hills
Fairfax,Week1,Fox Hunt,Week1,276.0 Fairfax - 126.0 Fox Hunt
Fairfax,Week1,Fox Hunt,Week4,268.0 Fairfax - 134.0 Fox Hunt
Fair Oaks ,Week3,Shouse Village,Week4,209.0 Fair Oaks - 193.0 Shouse Village
Dunn Loring,Week5,Village West,Week4,311.0 Dunn Loring - 86.0 Village West
Fair Oaks ,Week5,Poplar Tree,Week2,226.0 Fair Oaks - 176.0 Poplar Tree
Fair Oaks ,Week4,Walden Glen,Week4,231.0 Fair Oaks - 171.0 Walden Glen
Fair Oaks ,Week3,Highland Park,Week3,214.5 Fair Oaks - 187.5 Highland Park
Dunn Loring,Week4,Overlee,Week3,279.0 Overlee - 123.0 Dunn Loring
Fair Oaks ,Week1,Poplar Tree,Week3,216.0 Poplar Tree - 186.0 Fair Oaks
Fairfax,Week5,Lake Braddock,Week1,367.0 Fairfax - 35.0 Lake Braddock
Fair Oaks ,Week4,Wakefield Chapel,Week4,285.5 Wakefield Chapel - 116.5 Fair Oaks
Fair Oaks ,Week2,Shouse Village,Week1,210.0 Fair Oaks - 192.0 Shouse Village
Fair Oaks ,Week4,Poplar Tree,Week1,226.0 Poplar Tree - 176.0 Fair Oaks
Fair Oaks ,Week3,Lee Graham,Week3,275.0 Lee Graham - 127.0 Fair Oaks
Fair Oaks ,Week3,Lee Graham,Week5,266.0 Lee Graham - 136.0 Fair Oaks
Fair Oaks ,Week3,Walden Glen,Week1,290.0 Fair Oaks - 112.0 Walden Glen
Dunn Loring,Week3,Overlee,Week4,303.0 Overlee - 99.0 Dunn Loring
Fairfax,Week5,Forest Hollow,Week3,263.0 Fairfax - 139.0 Forest Hollow
Fairfax,Week3,Forest Hollow,Week5,244.0 Fairfax - 158.0 Forest Hollow
Fair Oaks ,Week4,Poplar Heights,Week2,216.0 Poplar Heights - 186.0 Fair Oaks
Fair Oaks ,Week4,Walden Glen,Week1,269.5 Fair Oaks - 132.5 Walden Glen
Fair Oaks ,Week4,Highland Park,Week4,218.0 Highland Park - 184.0 Fair Oaks
Dunn Loring,Week1,Virginia Hills,Week1,367.0 Dunn Loring - 35.0 Virginia Hills
Fair Oaks ,Week5,Rutherford,Week2,306.0 Fair Oaks - 96.0 Rutherford
Fairfax,Week1,Lakevale Estates,Week2,215.0 Fairfax - 187.0 Lakevale Estates
Fair Oaks ,Week1,Shouse Village,Week1,215.0 Fair Oaks - 187.0 Shouse Village
Fairfax,Week5,Lake Braddock,Week4,359.0 Fairfax - 43.0 Lake Braddock
Fair Oaks ,Week4,Highland Park,Week2,209.0 Highland Park - 193.0 Fair Oaks
Dunn Loring,Week2,Overlee,Week1,268.0 Overlee - 134.0 Dunn Loring
Fairfax,Week2,Lakevale Estates,Week3,216.0 Fairfax - 186.0 Lakevale Estates
Dunn Loring,Week1,Virginia Hills,Week3,362.0 Dunn Loring - 40.0 Virginia Hills
Fair Oaks ,Week4,Shouse Village,Week2,222.5 Fair Oaks - 179.5 Shouse Village
Fairfax,Week2,Lakeview,Week4,329.0 Fairfax - 73.0 Lakeview
Fair Oaks ,Week3,Laurel Hill,Week2,314.0 Fair Oaks - 88.0 Laurel Hill
Fair Oaks ,Week5,Laurel Hill,Week5,273.0 Fair Oaks - 129.0 Laurel Hill
Fairfax,Week2,Lakeview,Week2,352.5 Fairfax - 49.5 Lakeview
Fair Oaks ,Week1,Highlands Swim,Week4,278.0 Highlands Swim - 124.0 Fair Oaks
Fair Oaks ,Week2,Highlands Swim,Week2,321.0 Highlands Swim - 81.0 Fair Oaks
Fair Oaks ,Week4,Laurel Hill,Week3,270.0 Fair Oaks - 132.0 Laurel Hill
Dunn Loring,Week5,Village West,Week1,330.0 Dunn Loring - 72.0 Village West
Dunn Loring,Week2,Virginia Hills,Week2,379.0 Dunn Loring - 23.0 Virginia Hills
Fair Oaks ,Week2,Poplar Tree,Week3,249.0 Poplar Tree - 153.0 Fair Oaks
Dunn Loring,Week4,Overlee,Week4,323.0 Overlee - 79.0 Dunn Loring
Fair Oaks ,Week5,Poplar Heights,Week1,228.0 Fair Oaks - 174.0 Poplar Heights
Fair Oaks ,Week2,Poplar Tree,Week1,250.0 Poplar Tree - 152.0 Fair Oaks
Fair Oaks ,Week3,Shouse Village,Week5,208.0 Shouse Village - 194.0 Fair Oaks
Dunn Loring,Week5,Orange Hunt,Week4,257.0 Dunn Loring - 145.0 Orange Hunt
Fair Oaks ,Week5,Poplar Heights,Week2,216.0 Fair Oaks - 186.0 Poplar Heights
Fair Oaks ,Week5,Walden Glen,Week3,268.5 Fair Oaks - 133.5 Walden Glen
Fairfax,Week2,Forest Hollow,Week4,244.0 Fairfax - 158.0 Forest Hollow
Fairfax,Week5,Forest Hollow,Week5,264.0 Fairfax - 138.0 Forest Hollow
Fair Oaks ,Week5,Walden Glen,Week4,259.0 Fair Oaks - 143.0 Walden Glen
Fair Oaks ,Week4,Rutherford,Week4,260.0 Fair Oaks - 142.0 Rutherford
Fair Oaks ,Week2,Shouse Village,Week2,213.0 Fair Oaks - 189.0 Shouse Village
Fair Oaks ,Week5,Walden Glen,Week1,296.0 Fair Oaks - 106.0 Walden Glen
Fairfax,Week2,Fox Hunt,Week1,301.0 Fairfax - 101.0 Fox Hunt
Fair Oaks ,Week1,Highlands Swim,Week2,302.0 Highlands Swim - 100.0 Fair Oaks
Dunn Loring,Week3,Virginia Hills,Week5,379.0 Dunn Loring - 23.0 Virginia Hills
Fair Oaks ,Week4,Shouse Village,Week3,203.0 Fair Oaks - 199.0 Shouse Village
Dunn Loring,Week5,Village West,Week5,324.0 Dunn Loring - 78.0 Village West
Dunn Loring,Week3,Overlee,Week3,260.0 Overlee - 142.0 Dunn Loring
Fairfax,Week3,Lakeview,Week5,333.0 Fairfax - 60.0 Lakeview
Fairfax,Week1,Fox Mill Estates,Week3,276.0 Fairfax - 126.0 Fox Mill Estates
Fair Oaks ,Week1,Shouse Village,Week2,216.0 Fair Oaks - 186.0 Shouse Village
Fair Oaks ,Week5,Laurel Hill,Week3,287.0 Fair Oaks - 115.0 Laurel Hill
Fairfax,Week3,Lakeview,Week1,355.0 Fairfax - 47.0 Lakeview
Fair Oaks ,Week5,Poplar Heights,Week3,226.5 Fair Oaks - 175.5 Poplar Heights
Fair Oaks ,Week2,Highlands Swim,Week4,301.0 Highlands Swim - 101.0 Fair Oaks
Fair Oaks ,Week2,Walden Glen,Week4,215.0 Fair Oaks - 187.0 Walden Glen
Fairfax,Week2,Fox Hunt,Week4,281.5 Fairfax - 120.5 Fox Hunt
Fairfax,Week3,Lakeview,Week3,337.0 Fairfax - 65.0 Lakeview
Fair Oaks ,Week4,Laurel Hill,Week2,299.0 Fair Oaks - 102.0 Laurel Hill
Fair Oaks ,Week2,Laurel Hill,Week4,266.0 Fair Oaks - 136.0 Laurel Hill
Dunn Loring,Week4,Village West,Week3,314.0 Dunn Loring - 88.0 Village West
Fair Oaks ,Week2,Poplar Tree,Week4,229.0 Poplar Tree - 173.0 Fair Oaks
Fair Oaks ,Week3,Poplar Tree,Week1,204.0 Poplar Tree - 198.0 Fair Oaks
Fair Oaks ,Week1,Walden Glen,Week5,242.0 Fair Oaks - 160.0 Walden Glen
Fair Oaks ,Week4,Walden Glen,Week3,240.0 Fair Oaks - 162.0 Walden Glen
Fairfax,Week3,Fox Hunt,Week5,269.0 Fairfax - 133.0 Fox Hunt
Fair Oaks ,Week5,Walden Glen,Week5,243.0 Fair Oaks - 159.0 Walden Glen
Dunn Loring,Week2,Overlee,Week2,285.0 Overlee - 117.0 Dunn Loring
Fair Oaks ,Week3,Highland Park,Week4,203.0 Highland Park - 199.0 Fair Oaks
Dunn Loring,Week3,Village West,Week5,335.0 Dunn Loring - 67.0 Village West
Fair Oaks ,Week5,Highland Park,Week1,203.0 Fair Oaks - 199.0 Highland Park
Dunn Loring,Week1,Overlee,Week5,316.0 Overlee - 86.0 Dunn Loring
Fair Oaks ,Week1,Shouse Village,Week5,217.0 Shouse Village - 185.0 Fair Oaks
Dunn Loring,Week5,Village West,Week3,315.5 Dunn Loring - 86.5 Village West
Dunn Loring,Week1,Virginia Hills,Week4,365.0 Dunn Loring - 37.0 Virginia Hills
Fairfax,Week1,Lakeview,Week1,338.0 Fairfax - 64.0 Lakeview
Fair Oaks ,Week3,Poplar Tree,Week4,209.0 Poplar Tree - 193.0 Fair Oaks
Dunn Loring,Week5,Overlee,Week2,263.0 Overlee - 139.0 Dunn Loring
Fairfax,Week5,Lakevale Estates,Week3,228.0 Fairfax - 174.0 Lakevale Estates
Fair Oaks ,Week1,Lee Graham,Week1,266.0 Lee Graham - 136.0 Fair Oaks
Fair Oaks ,Week1,Poplar Tree,Week4,205.0 Fair Oaks - 197.0 Poplar Tree
Fairfax,Week2,Fox Mill Estates,Week5,286.0 Fairfax - 116.0 Fox Mill Estates
Fair Oaks ,Week1,Shouse Village,Week4,204.0 Shouse Village - 198.0 Fair Oaks
Fair Oaks ,Week5,Wakefield Chapel,Week4,252.0 Wakefield Chapel - 150.0 Fair Oaks
Fair Oaks ,Week2,Lee Graham,Week3,302.0 Lee Graham - 100.0 Fair Oaks
Dunn Loring,Week4,Overlee,Week5,319.0 Overlee - 83.0 Dunn Loring
Fairfax,Week3,Fox Mill Estates,Week2,295.0 Fairfax - 107.0 Fox Mill Estates
Fair Oaks ,Week4,Highland Park,Week1,231.0 Highland Park - 171.0 Fair Oaks
Fair Oaks ,Week3,Highland Park,Week1,223.5 Highland Park - 178.5 Fair Oaks
Fairfax,Week4,Fox Hunt,Week2,284.0 Fairfax - 118.0 Fox Hunt
Fair Oaks ,Week3,Poplar Tree,Week2,216.0 Fair Oaks - 186.0 Poplar Tree
Fair Oaks ,Week2,Shouse Village,Week4,235.0 Shouse Village - 167.0 Fair Oaks
Fair Oaks ,Week5,Highland Park,Week2,216.0 Fair Oaks - 186.0 Highland Park
Fairfax,Week5,Lakevale Estates,Week4,215.0 Fairfax - 187.0 Lakevale Estates
Fair Oaks ,Week4,Laurel Hill,Week1,290.0 Fair Oaks - 112.0 Laurel Hill
Fair Oaks ,Week5,Wakefield Chapel,Week5,280.0 Wakefield Chapel - 122.0 Fair Oaks
Fair Oaks ,Week1,Waynewood,Week1,203.0 Waynewood - 199.0 Fair Oaks
Dunn Loring,Week2,Virginia Hills,Week4,385.0 Dunn Loring - 17.0 Virginia Hills
Fairfax,Week5,Lakevale Estates,Week1,251.0 Fairfax - 151.0 Lakevale Estates
Fair Oaks ,Week2,Walden Glen,Week5,203.0 Fair Oaks - 199.0 Walden Glen
Fair Oaks ,Week4,Poplar Heights,Week5,227.5 Poplar Heights - 174.5 Fair Oaks
Dunn Loring,Week4,Overlee,Week1,279.0 Overlee - 123.0 Dunn Loring
Fair Oaks ,Week5,Rutherford,Week4,290.0 Fair Oaks - 112.0 Rutherford
Dunn Loring,Week4,Overlee,Week2,292.0 Overlee - 110.0 Dunn Loring
Dunn Loring,Week3,Overlee,Week1,267.0 Overlee - 135.0 Dunn Loring
Dunn Loring,Week2,Virginia Hills,Week5,374.0 Dunn Loring - 28.0 Virginia Hills
Fair Oaks ,Week3,Laurel Hill,Week5,273.0 Fair Oaks - 129.0 Laurel Hill
Fair Oaks ,Week1,Lee Graham,Week4,255.0 Lee Graham - 147.0 Fair Oaks
Fairfax,Week5,Lakevale Estates,Week2,242.0 Fairfax - 160.0 Lakevale Estates
Fair Oaks ,Week3,Highland Park,Week2,215.5 Fair Oaks - 186.5 Highland Park
Fair Oaks ,Week2,Shouse Village,Week5,237.0 Shouse Village - 165.0 Fair Oaks
Fairfax,Week2,Fox Mill Estates,Week3,283.0 Fairfax - 119.0 Fox Mill Estates
Fairfax,Week5,Fox Hunt,Week5,271.0 Fairfax - 131.0 Fox Hunt
Dunn Loring,Week3,Virginia Hills,Week3,380.5 Dunn Loring - 21.5 Virginia Hills
Fair Oaks ,Week4,Shouse Village,Week5,216.0 Shouse Village - 186.0 Fair Oaks
Dunn Loring,Week3,Overlee,Week2,275.0 Overlee - 127.0 Dunn Loring
Fairfax,Week4,Fox Hunt,Week1,295.0 Fairfax - 107.0 Fox Hunt
Dunn Loring,Week4,Springboard,Week4,336.0 Dunn Loring - 66.0 Springboard
Fair Oaks ,Week3,Highlands Swim,Week1,276.0 Highlands Swim - 126.0 Fair Oaks
Dunn Loring,Week1,Overlee,Week4,328.0 Overlee - 74.0 Dunn Loring
Fairfax,Week4,Lakevale Estates,Week4,218.0 Lakevale Estates - 184.0 Fairfax
Fair Oaks ,Week5,Wakefield Chapel,Week3,282.0 Wakefield Chapel - 120.0 Fair Oaks
Dunn Loring,Week2,Virginia Hills,Week1,379.0 Dunn Loring - 23.0 Virginia Hills
Fair Oaks ,Week1,Walden Glen,Week4,253.0 Fair Oaks - 149.0 Walden Glen
Fair Oaks ,Week3,Walden Glen,Week4,244.0 Fair Oaks - 158.0 Walden Glen
Fair Oaks ,Week2,Highlands Swim,Week3,307.0 Highlands Swim - 95.0 Fair Oaks
Dunn Loring,Week3,Springboard,Week2,362.0 Dunn Loring - 40.0 Springboard
Fairfax,Week4,Fox Hunt,Week4,274.0 Fairfax - 128.0 Fox Hunt
Dunn Loring,Week4,Virginia Hills,Week1,378.0 Dunn Loring - 24.0 Virginia Hills
Fairfax,Week4,Fox Mill Estates,Week1,313.0 Fairfax - 89.0 Fox Mill Estates
Fair Oaks ,Week3,Poplar Tree,Week5,232.0 Poplar Tree - 170.0 Fair Oaks
Dunn Loring,Week4,Virginia Hills,Week3,384.0 Dunn Loring - 18.0 Virginia Hills
Fair Oaks ,Week1,Poplar Tree,Week2,206.0 Poplar Tree - 196.0 Fair Oaks
Fair Oaks ,Week4,Shouse Village,Week1,222.0 Fair Oaks - 180.0 Shouse Village
Fair Oaks ,Week4,Poplar Tree,Week2,206.0 Poplar Tree - 196.0 Fair Oaks
Fair Oaks ,Week5,Rutherford,Week5,281.0 Fair Oaks - 121.0 Rutherford
Fairfax,Week4,Lakevale Estates,Week5,219.5 Lakevale Estates - 182.5 Fairfax
Fair Oaks ,Week2,Lee Graham,Week1,294.0 Lee Graham - 108.0 Fair Oaks
Fair Oaks ,Week3,Highlands Swim,Week2,296.0 Highlands Swim - 106.0 Fair Oaks
Dunn Loring,Week5,Overlee,Week3,248.0 Overlee - 154.0 Dunn Loring
Fair Oaks ,Week3,Laurel Hill,Week1,304.0 Fair Oaks - 98.0 Laurel Hill
Dunn Loring,Week1,Springboard,Week4,307.0 Dunn Loring - 95.0 Springboard
Fair Oaks ,Week1,Highlands Swim,Week3,298.0 Highlands Swim - 104.0 Fair Oaks
Fairfax,Week4,Lakevale Estates,Week2,217.0 Fairfax - 185.0 Lakevale Estates
Fair Oaks ,Week5,Laurel Hill,Week1,294.0 Fair Oaks - 108.0 Laurel Hill
Fair Oaks ,Week4,Laurel Hill,Week4,282.0 Fair Oaks - 120.0 Laurel Hill
Fair Oaks ,Week5,Shouse Village,Week3,235.0 Fair Oaks - 167.0 Shouse Village
Dunn Loring,Week5,Overlee,Week1,254.0 Overlee - 148.0 Dunn Loring
Fair Oaks ,Week5,Poplar Heights,Week5,210.0 Fair Oaks - 192.0 Poplar Heights
Fairfax,Week5,Fox Hunt,Week2,309.0 Fairfax - 93.0 Fox Hunt
Dunn Loring,Week2,Springboard,Week4,334.0 Dunn Loring - 68.0 Springboard
Dunn Loring,Week5,Overlee,Week4,294.0 Overlee - 108.0 Dunn Loring
Fair Oaks ,Week3,Walden Glen,Week2,257.0 Fair Oaks - 144.0 Walden Glen
Fair Oaks ,Week5,Laurel Hill,Week2,314.0 Fair Oaks - 88.0 Laurel Hill
Fairfax,Week3,Lakevale Estates,Week5,210.0 Fairfax - 192.0 Lakevale Estates
Fairfax,Week3,Lakevale Estates,Week1,224.5 Fairfax - 177.5 Lakevale Estates
Fair Oaks ,Week2,Hollin Hills,Week2,283.0 Fair Oaks - 119.0 Hollin Hills
Fair Oaks ,Week1,Poplar Tree,Week1,220.5 Poplar Tree - 181.5 Fair Oaks
Fair Oaks ,Week5,Shouse Village,Week2,236.0 Fair Oaks - 166.0 Shouse Village
Fair Oaks ,Week5,Shouse Village,Week4,217.0 Fair Oaks - 185.0 Shouse Village
Fairfax,Week3,Fox Hunt,Week2,288.0 Fairfax - 114.0 Fox Hunt
Dunn Loring,Week1,Overlee,Week3,289.0 Overlee - 113.0 Dunn Loring
Fairfax,Week2,Lakevale Estates,Week5,203.0 Fairfax - 199.0 Lakevale Estates
Dunn Loring,Week5,Springboard,Week4,341.0 Dunn Loring - 61.0 Springboard
Fair Oaks ,Week5,Poplar Heights,Week4,206.0 Fair Oaks - 196.0 Poplar Heights
Dunn Loring,Week4,Virginia Hills,Week4,390.0 Dunn Loring - 12.0 Virginia Hills
Fair Oaks ,Week4,Highlands Swim,Week4,297.0 Highlands Swim - 105.0 Fair Oaks
Fairfax,Week5,Fox Hunt,Week4,291.0 Fairfax - 111.0 Fox Hunt
Fair Oaks ,Week3,Laurel Hill,Week4,286.0 Fair Oaks - 116.0 Laurel Hill
Fair Oaks ,Week2,Walden Glen,Week1,240.0 Fair Oaks - 162.0 Walden Glen
Fair Oaks ,Week5,Wakefield Chapel,Week2,267.0 Wakefield Chapel - 135.0 Fair Oaks
Dunn Loring,Week5,Springboard,Week2,357.0 Dunn Loring - 44.0 Springboard
Dunn Loring,Week4,Virginia Hills,Week5,375.0 Dunn Loring - 27.0 Virginia Hills
Fair Oaks ,Week4,Laurel Hill,Week5,254.0 Fair Oaks - 148.0 Laurel Hill
Fairfax,Week1,Fox Mill Estates,Week2,269.0 Fairfax - 133.0 Fox Mill Estates
Dunn Loring,Week5,South Run,Week2,279.0 Dunn Loring - 123.0 South Run
Fairfax,Week3,Fox Hunt,Week1,303.0 Fairfax - 99.0 Fox Hunt
Fair Oaks ,Week1,Lee Graham,Week5,286.0 Lee Graham - 116.0 Fair Oaks
Fair Oaks ,Week5,Shouse Village,Week5,203.0 Shouse Village - 199.0 Fair Oaks
Fair Oaks ,Week1,Walden Glen,Week2,263.0 Fair Oaks - 139.0 Walden Glen
Fair Oaks ,Week1,Lee Graham,Week2,273.0 Lee Graham - 129.0 Fair Oaks
Dunn Loring,Week3,Virginia Run,Week2,284.0 Dunn Loring - 118.0 Virginia Run
Dunn Loring,Week4,Springboard,Week2,370.0 Dunn Loring - 31.0 Springboard
Fair Oaks ,Week4,Sideburn Run,Week5,204.0 Sideburn Run - 198.0 Fair Oaks
Fair Oaks ,Week4,Poplar Heights,Week4,224.0 Poplar Heights - 178.0 Fair Oaks
Fair Oaks ,Week1,Walden Glen,Week1,286.0 Fair Oaks - 116.0 Walden Glen
Dunn Loring,Week2,Springboard,Week2,356.5 Dunn Loring - 45.5 Springboard
Fair Oaks ,Week3,Walden Glen,Week3,259.0 Fair Oaks - 143.0 Walden Glen
Dunn Loring,Week4,Virginia Run,Week4,272.0 Dunn Loring - 130.0 Virginia Run
Fair Oaks ,Week2,Poplar Tree,Week5,269.0 Poplar Tree - 133.0 Fair Oaks
Fair Oaks ,Week1,Walden Glen,Week3,268.0 Fair Oaks - 134.0 Walden Glen
Fairfax,Week3,Lakevale Estates,Week2,227.5 Fairfax - 174.5 Lakevale Estates
Dunn Loring,Week2,Overlee,Week3,262.0 Overlee - 140.0 Dunn Loring
Dunn Loring,Week5,Virginia Hills,Week1,380.0 Dunn Loring - 22.0 Virginia Hills
Fair Oaks ,Week5,Highlands Swim,Week1,270.0 Highlands Swim - 132.0 Fair Oaks
Dunn Loring,Week4,Springboard,Week1,349.0 Dunn Loring - 52.0 Springboard
Fairfax,Week2,Fox Hunt,Week2,284.0 Fairfax - 118.0 Fox Hunt
Fair Oaks ,Week1,Poplar Tree,Week5,232.0 Poplar Tree - 170.0 Fair Oaks
Fair Oaks ,Week4,Hollin Hills,Week3,302.0 Fair Oaks - 100.0 Hollin Hills
Fairfax,Week3,Lakevale Estates,Week4,202.0 Fairfax - 200.0 Lakevale Estates
Dunn Loring,Week5,Virginia Run,Week5,275.0 Dunn Loring - 127.0 Virginia Run
Fairfax,Week5,Lakevale Estates,Week5,209.5 Fairfax - 192.5 Lakevale Estates
Fair Oaks ,Week2,Poplar Tree,Week2,232.0 Poplar Tree - 170.0 Fair Oaks
Fairfax,Week4,Fox Hunt,Week5,246.0 Fairfax - 156.0 Fox Hunt
Fair Oaks ,Week1,Sideburn Run,Week1,202.0 Fair Oaks - 200.0 Sideburn Run
Fair Oaks ,Week4,Hollin Hills,Week1,295.0 Fair Oaks - 107.0 Hollin Hills
Dunn Loring,Week1,Overlee,Week1,297.5 Overlee - 104.5 Dunn Loring
Fair Oaks ,Week2,Sideburn Run,Week2,209.0 Fair Oaks - 193.0 Sideburn Run
Dunn Loring,Week5,Orange Hunt,Week5,241.5 Dunn Loring - 160.5 Orange Hunt
Dunn Loring,Week1,Virginia Run,Week1,221.0 Dunn Loring - 181.0 Virginia Run
Dunn Loring,Week1,Overlee,Week2,301.0 Overlee - 101.0 Dunn Loring
Fair Oaks ,Week3,Hollin Hills,Week4,316.0 Fair Oaks - 85.0 Hollin Hills
Fair Oaks ,Week2,Lee Graham,Week2,299.0 Lee Graham - 103.0 Fair Oaks
Fairfax,Week4,Lakevale Estates,Week3,205.0 Fairfax - 197.0 Lakevale Estates
Fair Oaks ,Week1,Sleepy Hollow B & R,Week4,218.0 Sleepy Hollow B & R - 184.0 Fair Oaks
Fair Oaks ,Week4,Poplar Tree,Week3,229.0 Poplar Tree - 173.0 Fair Oaks
Dunn Loring,Week4,Springboard,Week3,347.0 Dunn Loring - 54.0 Springboard
Fairfax,Week3,Lakevale Estates,Week3,225.0 Fairfax - 177.0 Lakevale Estates
Fair Oaks ,Week2,Sleepy Hollow B & R,Week1,235.0 Sleepy Hollow B & R - 167.0 Fair Oaks
Dunn Loring,Week2,Pinewood Lake,Week4,392.0 Dunn Loring - 10.0 Pinewood Lake
Fair Oaks ,Week2,Walden Glen,Week3,239.5 Fair Oaks - 162.5 Walden Glen
Fair Oaks ,Week4,Poplar Tree,Week5,246.0 Poplar Tree - 156.0 Fair Oaks
Dunn Loring,Week5,Pinecrest,Week1,238.0 Dunn Loring - 164.0 Pinecrest
Fairfax,Week3,Fox Hunt,Week3,276.0 Fairfax - 126.0 Fox Hunt
Fairfax,Week1,Lakeview,Week4,307.0 Fairfax - 95.0 Lakeview
Dunn Loring,Week5,South Run,Week5,258.0 Dunn Loring - 144.0 South Run
Fair Oaks ,Week1,Hollin Hills,Week4,303.5 Fair Oaks - 98.5 Hollin Hills
Fair Oaks ,Week5,Hollin Hills,Week1,310.0 Fair Oaks - 92.0 Hollin Hills
Fair Oaks ,Week2,Walden Glen,Week2,219.5 Fair Oaks - 182.5 Walden Glen
Fair Oaks ,Week3,Lee Graham,Week2,255.0 Lee Graham - 147.0 Fair Oaks
Fair Oaks ,Week5,Wakefield Chapel,Week1,273.0 Wakefield Chapel - 129.0 Fair Oaks
Fair Oaks ,Week2,Lee Graham,Week5,294.0 Lee Graham - 108.0 Fair Oaks
Fair Oaks ,Week3,Lee Graham,Week4,228.0 Lee Graham - 174.0 Fair Oaks
Dunn Loring,Week1,Springfield,Week1,364.0 Dunn Loring - 38.0 Springfield
Fairfax,Week5,Fox Hunt,Week3,283.0 Fairfax - 119.0 Fox Hunt
Dunn Loring,Week2,Overlee,Week4,315.0 Overlee - 87.0 Dunn Loring
Dunn Loring,Week4,Virginia Run,Week2,283.0 Dunn Loring - 119.0 Virginia Run
Dunn Loring,Week2,Overlee,Week5,309.0 Overlee - 93.0 Dunn Loring
Fair Oaks ,Week5,Highlands Swim,Week3,277.0 Highlands Swim - 125.0 Fair Oaks
Dunn Loring,Week3,Pinewood Lake,Week2,388.0 Dunn Loring - 14.0 Pinewood Lake
Fairfax,Week1,Fox Mill Estates,Week4,257.0 Fairfax - 145.0 Fox Mill Estates
Fair Oaks ,Week1,Sleepy Hollow B & R,Week2,212.0 Sleepy Hollow B & R - 190.0 Fair Oaks
Dunn Loring,Week3,Virginia Run,Week5,279.0 Dunn Loring - 123.0 Virginia Run
Fairfax,Week4,Lakevale Estates,Week1,208.0 Fairfax - 194.0 Lakevale Estates
Fair Oaks ,Week3,Poplar Tree,Week3,215.0 Poplar Tree - 187.0 Fair Oaks
Fair Oaks ,Week5,Poplar Tree,Week4,214.0 Fair Oaks - 188.0 Poplar Tree
Dunn Loring,Week3,Pinewood Lake,Week4,394.0 Dunn Loring - 8.0 Pinewood Lake
Dunn Loring,Week5,Virginia Hills,Week2,380.0 Dunn Loring - 22.0 Virginia Hills
Dunn Loring,Week5,Springboard,Week1,342.0 Dunn Loring - 59.0 Springboard
Fairfax,Week2,Fox Hunt,Week3,274.0 Fairfax - 128.0 Fox Hunt
Fairfax,Week3,Fox Hunt,Week4,287.0 Fairfax - 115.0 Fox Hunt
Fair Oaks ,Week4,Walden Glen,Week5,226.0 Fair Oaks - 176.0 Walden Glen
Fair Oaks ,Week4,Sideburn Run,Week2,230.0 Fair Oaks - 172.0 Sideburn Run
Fair Oaks ,Week4,Highlands Swim,Week5,305.0 Highlands Swim - 97.0 Fair Oaks
Fair Oaks ,Week5,Poplar Tree,Week1,204.0 Poplar Tree - 198.0 Fair Oaks
Fair Oaks ,Week5,Poplar Tree,Week3,207.0 Fair Oaks - 195.0 Poplar Tree
Fair Oaks ,Week2,Sleepy Hollow B & R,Week5,285.0 Sleepy Hollow B & R - 117.0 Fair Oaks
Fair Oaks ,Week1,Lincolnia Park,Week3,288.0 Fair Oaks - 105.0 Lincolnia Park
Fair Oaks ,Week3,Lincolnia Park,Week1,316.0 Fair Oaks - 86.0 Lincolnia Park
Fair Oaks ,Week3,Walden Glen,Week5,238.0 Fair Oaks - 164.0 Walden Glen
Dunn Loring,Week5,Springboard,Week3,345.0 Dunn Loring - 56.0 Springboard
Fairfax,Week1,Lakeview,Week3,324.0 Fairfax - 78.0 Lakeview
Fair Oaks ,Week4,Walden Glen,Week2,240.0 Fair Oaks - 162.0 Walden Glen
Fair Oaks ,Week1,Hollin Hills,Week1,308.0 Fair Oaks - 94.0 Hollin Hills
Dunn Loring,Week5,Virginia Hills,Week5,373.0 Dunn Loring - 28.0 Virginia Hills
Dunn Loring,Week3,Springboard,Week3,350.0 Dunn Loring - 52.0 Springboard
Dunn Loring,Week3,Pinewood Lake,Week3,391.0 Dunn Loring - 11.0 Pinewood Lake
Fair Oaks ,Week4,Highlands Swim,Week1,291.0 Highlands Swim - 111.0 Fair Oaks
Dunn Loring,Week2,Pinewood Lake,Week2,390.0 Dunn Loring - 12.0 Pinewood Lake
Fairfax,Week2,Lakeview,Week1,358.5 Fairfax - 43.5 Lakeview
Fairfax,Week1,Lakeview,Week5,304.0 Fairfax - 89.0 Lakeview
Dunn Loring,Week4,Virginia Run,Week3,284.0 Dunn Loring - 118.0 Virginia Run
Fair Oaks ,Week2,Sideburn Run,Week4,210.0 Sideburn Run - 192.0 Fair Oaks
Fairfax,Week2,Lakeview,Week3,331.0 Fairfax - 71.0 Lakeview
Fair Oaks ,Week1,Hollin Hills,Week3,299.0 Fair Oaks - 103.0 Hollin Hills
Dunn Loring,Week2,Sleepy Hollow B & R,Week3,264.0 Dunn Loring - 138.0 Sleepy Hollow B & R
Fairfax,Week2,Lakeview,Week5,319.0 Fairfax - 74.0 Lakeview
Fair Oaks ,Week5,Walden Glen,Week2,267.0 Fair Oaks - 135.0 Walden Glen
Fair Oaks ,Week1,Sideburn Run,Week4,221.0 Fair Oaks - 181.0 Sideburn Run
Dunn Loring,Week5,Pinecrest,Week3,218.5 Dunn Loring - 183.5 Pinecrest
Fair Oaks ,Week3,Sideburn Run,Week1,208.0 Fair Oaks - 194.0 Sideburn Run
Dunn Loring,Week1,Sleepy Hollow B & R,Week2,225.0 Dunn Loring - 177.0 Sleepy Hollow B & R
Dunn Loring,Week3,Springboard,Week5,339.0 Dunn Loring - 63.0 Springboard
Fair Oaks ,Week4,Lee Graham,Week2,274.0 Lee Graham - 128.0 Fair Oaks
Fairfax,Week4,Fox Hunt,Week3,253.0 Fairfax - 149.0 Fox Hunt
Fairfax,Week1,Fox Mill Estates,Week5,271.0 Fairfax - 131.0 Fox Mill Estates
Fair Oaks ,Week3,Ravensworth Farm,Week2,232.0 Fair Oaks - 170.0 Ravensworth Farm
Dunn Loring,Week1,Virginia Run,Week3,238.0 Dunn Loring - 164.0 Virginia Run
Dunn Loring,Week3,Pinewood Lake,Week5,383.0 Dunn Loring - 19.0 Pinewood Lake
Fairfax,Week1,Lakeview,Week2,337.0 Fairfax - 65.0 Lakeview
Fair Oaks ,Week2,Dominion Hills,Week4,225.0 Dominion Hills - 177.0 Fair Oaks
Dunn Loring,Week5,Virginia Run,Week1,268.0 Dunn Loring - 134.0 Virginia Run
Fair Oaks ,Week5,Lee Graham,Week4,245.0 Lee Graham - 157.0 Fair Oaks
Fair Oaks ,Week5,Highlands Swim,Week4,272.0 Highlands Swim - 130.0 Fair Oaks
Fair Oaks ,Week5,Dominion Hills,Week4,214.0 Fair Oaks - 188.0 Dominion Hills
Fair Oaks ,Week2,Sideburn Run,Week3,227.0 Sideburn Run - 175.0 Fair Oaks
Fair Oaks ,Week3,Highlands Swim,Week5,300.0 Highlands Swim - 102.0 Fair Oaks
Fair Oaks ,Week5,Ravensworth Farm,Week5,218.0 Ravensworth Farm - 184.0 Fair Oaks
Fairfax,Week5,Fox Hunt,Week1,313.0 Fairfax - 89.0 Fox Hunt
Dunn Loring,Week4,Pinecrest,Week1,227.0 Dunn Loring - 175.0 Pinecrest
Dunn Loring,Week5,Sideburn Run,Week2,295.0 Dunn Loring - 107.0 Sideburn Run
Fair Oaks ,Week5,Poplar Tree,Week5,208.0 Poplar Tree - 194.0 Fair Oaks
Dunn Loring,Week5,South Run,Week3,275.0 Dunn Loring - 127.0 South Run
Fair Oaks ,Week2,Hollin Hills,Week1,283.5 Fair Oaks - 117.5 Hollin Hills
Dunn Loring,Week4,Virginia Run,Week5,263.0 Dunn Loring - 139.0 Virginia Run
Dunn Loring,Week5,Virginia Run,Week3,292.0 Dunn Loring - 110.0 Virginia Run
Fair Oaks ,Week4,Dominion Hills,Week5,222.0 Dominion Hills - 180.0 Fair Oaks
Dunn Loring,Week5,South Run,Week1,259.0 Dunn Loring - 134.0 South Run
Fair Oaks ,Week3,Ravensworth Farm,Week1,215.0 Ravensworth Farm - 187.0 Fair Oaks
Fairfax,Week2,Fox Mill Estates,Week1,309.0 Fairfax - 93.0 Fox Mill Estates
Fair Oaks ,Week5,Lee Graham,Week5,268.0 Lee Graham - 134.0 Fair Oaks
Fair Oaks ,Week2,Lincolnia Park,Week1,296.0 Fair Oaks - 106.0 Lincolnia Park
Fair Oaks ,Week4,Waynewood,Week2,237.0 Waynewood - 165.0 Fair Oaks
Fair Oaks ,Week1,Woodley,Week2,291.0 Fair Oaks - 111.0 Woodley
Dunn Loring,Week3,Sleepy Hollow B & R,Week5,248.0 Dunn Loring - 154.0 Sleepy Hollow B & R
Fair Oaks ,Week2,Hollin Hills,Week3,275.0 Fair Oaks - 127.0 Hollin Hills
Fair Oaks ,Week2,Ravensworth Farm,Week1,243.0 Ravensworth Farm - 159.0 Fair Oaks
Fair Oaks ,Week3,Donaldson Run,Week2,257.0 Donaldson Run - 145.0 Fair Oaks
Fair Oaks ,Week5,Waynewood,Week5,235.0 Waynewood - 167.0 Fair Oaks
Dunn Loring,Week5,Virginia Hills,Week4,387.0 Dunn Loring - 15.0 Virginia Hills
Fair Oaks ,Week4,Lee Graham,Week3,283.0 Lee Graham - 119.0 Fair Oaks
Fair Oaks ,Week4,Sideburn Run,Week4,219.0 Fair Oaks - 183.0 Sideburn Run
Fairfax,Week2,Fox Hunt,Week5,262.0 Fairfax - 140.0 Fox Hunt
Dunn Loring,Week5,Pinecrest,Week4,215.5 Dunn Loring - 186.5 Pinecrest
Fair Oaks ,Week2,Donaldson Run,Week4,294.0 Donaldson Run - 108.0 Fair Oaks
Dunn Loring,Week2,Springboard,Week1,347.0 Dunn Loring - 55.0 Springboard
Fair Oaks ,Week1,Woodley,Week5,277.0 Fair Oaks - 125.0 Woodley
Fair Oaks ,Week3,Sideburn Run,Week4,226.0 Fair Oaks - 176.0 Sideburn Run
Fair Oaks ,Week5,Lee Graham,Week2,262.0 Lee Graham - 140.0 Fair Oaks
Fair Oaks ,Week1,Riverside Gardens,Week3,271.0 Riverside Gardens - 131.0 Fair Oaks
Dunn Loring,Week1,Pinewood Lake,Week3,387.0 Dunn Loring - 14.0 Pinewood Lake
Fairfax,Week3,Lakeview,Week2,353.0 Fairfax - 49.0 Lakeview
Fair Oaks ,Week2,Hollin Hills,Week5,270.0 Fair Oaks - 131.0 Hollin Hills
Dunn Loring,Week5,South Run,Week4,293.0 Dunn Loring - 109.0 South Run
Fair Oaks ,Week1,Waynewood,Week5,260.0 Waynewood - 142.0 Fair Oaks
Fairfax,Week1,Fox Mill Estates,Week1,281.0 Fairfax - 121.0 Fox Mill Estates
Fairfax,Week4,Lakeview,Week1,348.0 Fairfax - 54.0 Lakeview
Fairfax,Week3,Lakeview,Week4,339.0 Fairfax - 63.0 Lakeview
Dunn Loring,Week4,Sleepy Hollow B & R,Week4,260.0 Dunn Loring - 142.0 Sleepy Hollow B & R
Dunn Loring,Week4,Sleepy Hollow B & R,Week2,258.0 Dunn Loring - 144.0 Sleepy Hollow B & R
Dunn Loring,Week1,Springboard,Week3,303.0 Dunn Loring - 99.0 Springboard
Fair Oaks ,Week2,Donaldson Run,Week2,279.0 Donaldson Run - 123.0 Fair Oaks
Fair Oaks ,Week4,Sideburn Run,Week1,202.0 Sideburn Run - 200.0 Fair Oaks
Dunn Loring,Week4,Pinewood Lake,Week1,377.0 Dunn Loring - 23.0 Pinewood Lake
Dunn Loring,Week1,Virginia Run,Week2,240.5 Dunn Loring - 161.5 Virginia Run
Dunn Loring,Week1,Pinewood Lake,Week1,378.0 Dunn Loring - 18.0 Pinewood Lake
Fair Oaks ,Week3,Waynewood,Week2,220.0 Waynewood - 182.0 Fair Oaks
Fairfax,Week4,Lakeview,Week2,347.0 Fairfax - 55.0 Lakeview
Fair Oaks ,Week1,Sideburn Run,Week3,214.0 Fair Oaks - 188.0 Sideburn Run
Fair Oaks ,Week1,Hollin Hills,Week2,308.0 Fair Oaks - 94.0 Hollin Hills
Fair Oaks ,Week3,Donaldson Run,Week5,282.0 Donaldson Run - 120.0 Fair Oaks
Fair Oaks ,Week1,Lincolnia Park,Week2,317.0 Fair Oaks - 76.0 Lincolnia Park
Dunn Loring,Week1,Springboard,Week2,318.5 Dunn Loring - 83.5 Springboard
Fairfax,Week4,Lakeview,Week3,323.0 Fairfax - 79.0 Lakeview
Fair Oaks ,Week1,Lincolnia Park,Week4,324.0 Fair Oaks - 78.0 Lincolnia Park
Dunn Loring,Week2,Springboard,Week5,329.0 Dunn Loring - 73.0 Springboard
Fair Oaks ,Week2,Lincolnia Park,Week2,291.0 Fair Oaks - 100.0 Lincolnia Park
Dunn Loring,Week2,Virginia Run,Week2,282.0 Dunn Loring - 120.0 Virginia Run
Fairfax,Week3,Fox Mill Estates,Week1,307.0 Fairfax - 95.0 Fox Mill Estates
Dunn Loring,Week3,Virginia Run,Week1,275.0 Dunn Loring - 127.0 Virginia Run
Dunn Loring,Week3,Sideburn Run,Week5,284.0 Dunn Loring - 118.0 Sideburn Run
Dunn Loring,Week4,Pinecrest,Week3,207.0 Dunn Loring - 195.0 Pinecrest
Fair Oaks ,Week1,Riverside Gardens,Week5,280.0 Riverside Gardens - 122.0 Fair Oaks
Dunn Loring,Week3,Virginia Run,Week3,292.0 Dunn Loring - 110.0 Virginia Run
Fair Oaks ,Week2,Riverside Gardens,Week2,267.5 Riverside Gardens - 134.5 Fair Oaks
Fair Oaks ,Week3,Waynewood,Week3,240.0 Waynewood - 162.0 Fair Oaks
Fair Oaks ,Week4,Highlands Swim,Week2,301.0 Highlands Swim - 101.0 Fair Oaks
Fair Oaks ,Week3,Sideburn Run,Week2,231.0 Fair Oaks - 171.0 Sideburn Run
Fairfax,Week2,Fox Mill Estates,Week4,274.0 Fairfax - 128.0 Fox Mill Estates
Fair Oaks ,Week4,Donaldson Run,Week2,261.0 Donaldson Run - 141.0 Fair Oaks
Fairfax,Week2,Fox Mill Estates,Week2,286.0 Fairfax - 116.0 Fox Mill Estates
Fair Oaks ,Week2,Hollin Hills,Week4,288.0 Fair Oaks - 114.0 Hollin Hills
Dunn Loring,Week5,Sleepy Hollow B & R,Week1,286.0 Dunn Loring - 116.0 Sleepy Hollow B & R
Fair Oaks ,Week5,Lee Graham,Week1,259.0 Lee Graham - 143.0 Fair Oaks
Fair Oaks ,Week1,Sideburn Run,Week5,204.0 Fair Oaks - 198.0 Sideburn Run
Fair Oaks ,Week3,Dominion Hills,Week4,214.0 Fair Oaks - 188.0 Dominion Hills
Dunn Loring,Week5,Sideburn Run,Week4,292.0 Dunn Loring - 110.0 Sideburn Run
Dunn Loring,Week5,Pinecrest,Week2,223.0 Dunn Loring - 179.0 Pinecrest
Fair Oaks ,Week4,Ravensworth Farm,Week3,222.0 Ravensworth Farm - 180.0 Fair Oaks
Dunn Loring,Week1,Springboard,Week5,301.0 Dunn Loring - 101.0 Springboard
Dunn Loring,Week2,Springboard,Week3,343.0 Dunn Loring - 59.0 Springboard
Fair Oaks ,Week4,Highlands Swim,Week3,299.0 Highlands Swim - 103.0 Fair Oaks
Fair Oaks ,Week3,Waynewood,Week4,212.0 Waynewood - 190.0 Fair Oaks
Dunn Loring,Week2,Virginia Run,Week3,283.0 Dunn Loring - 119.0 Virginia Run
Fairfax,Week3,Langley,Week3,215.0 Fairfax - 187.0 Langley
Fair Oaks ,Week3,Hollin Hills,Week1,314.0 Fair Oaks - 87.0 Hollin Hills
Fair Oaks ,Week4,Waynewood,Week5,265.0 Waynewood - 137.0 Fair Oaks
Fair Oaks ,Week5,Sideburn Run,Week3,232.5 Fair Oaks - 169.5 Sideburn Run
Fair Oaks ,Week3,Hollin Hills,Week2,305.0 Fair Oaks - 96.0 Hollin Hills
Dunn Loring,Week1,Pinewood Lake,Week5,369.0 Dunn Loring - 32.0 Pinewood Lake
Fairfax,Week3,Fox Mill Estates,Week5,278.0 Fairfax - 124.0 Fox Mill Estates
Fair Oaks ,Week2,Lincolnia Park,Week3,269.0 Fair Oaks - 123.0 Lincolnia Park
Fair Oaks ,Week3,Sideburn Run,Week5,204.0 Fair Oaks - 198.0 Sideburn Run
Fair Oaks ,Week4,Waynewood,Week3,260.0 Waynewood - 142.0 Fair Oaks
Fair Oaks ,Week2,Lincolnia Park,Week5,266.0 Fair Oaks - 127.0 Lincolnia Park
Fair Oaks ,Week2,Riverside Gardens,Week4,292.0 Riverside Gardens - 110.0 Fair Oaks
Dunn Loring,Week5,Sideburn Run,Week1,274.0 Dunn Loring - 128.0 Sideburn Run
Fairfax,Week5,Lakeview,Week1,361.0 Fairfax - 41.0 Lakeview
Fairfax,Week3,Fox Mill Estates,Week4,276.0 Fairfax - 126.0 Fox Mill Estates
Dunn Loring,Week2,Pinewood Lake,Week1,382.0 Dunn Loring - 20.0 Pinewood Lake
Dunn Loring,Week4,Sideburn Run,Week4,274.0 Dunn Loring - 128.0 Sideburn Run
Dunn Loring,Week2,Virginia Run,Week4,277.0 Dunn Loring - 125.0 Virginia Run
Fairfax,Week4,Lakeview,Week4,321.5 Fairfax - 80.5 Lakeview
Fair Oaks ,Week4,Ravensworth Farm,Week2,207.0 Ravensworth Farm - 194.0 Fair Oaks
Dunn Loring,Week2,Virginia Run,Week1,260.0 Dunn Loring - 142.0 Virginia Run
Fair Oaks ,Week1,Ravensworth Farm,Week2,222.0 Fair Oaks - 180.0 Ravensworth Farm
Fair Oaks ,Week5,Sideburn Run,Week1,220.0 Fair Oaks - 182.0 Sideburn Run
Fair Oaks ,Week5,Dominion Hills,Week1,256.0 Fair Oaks - 146.0 Dominion Hills
Fair Oaks ,Week1,Waynewood,Week3,246.0 Waynewood - 156.0 Fair Oaks
Fair Oaks ,Week2,Donaldson Run,Week1,276.0 Donaldson Run - 126.0 Fair Oaks
Dunn Loring,Week1,Springboard,Week1,305.0 Dunn Loring - 97.0 Springboard
Fairfax,Week3,Fox Mill Estates,Week3,285.0 Fairfax - 116.0 Fox Mill Estates
Dunn Loring,Week2,Sleepy Hollow B & R,Week4,265.0 Dunn Loring - 137.0 Sleepy Hollow B & R
Fairfax,Week4,Lakeview,Week5,316.0 Fairfax - 77.0 Lakeview
Dunn Loring,Week1,Sleepy Hollow B & R,Week5,205.0 Sleepy Hollow B & R - 197.0 Dunn Loring
Fairfax,Week4,Fox Mill Woods,Week5,216.0 Fox Mill Woods - 186.0 Fairfax
Fair Oaks ,Week4,Dominion Hills,Week4,216.0 Dominion Hills - 186.0 Fair Oaks
Fair Oaks ,Week2,Sideburn Run,Week1,227.0 Sideburn Run - 175.0 Fair Oaks
Fairfax,Week1,Fox Mill Woods,Week5,209.0 Fox Mill Woods - 193.0 Fairfax
Fairfax,Week4,Fox Mill Woods,Week2,211.0 Fairfax - 191.0 Fox Mill Woods
Dunn Loring,Week5,Pinecrest,Week5,215.0 Dunn Loring - 187.0 Pinecrest
Fair Oaks ,Week5,Highlands Swim,Week2,282.0 Highlands Swim - 120.0 Fair Oaks
Fair Oaks ,Week5,Dominion Hills,Week2,239.0 Fair Oaks - 163.0 Dominion Hills
Fair Oaks ,Week2,Waynewood,Week4,260.0 Waynewood - 142.0 Fair Oaks
Fairfax,Week4,Langley,Week2,221.0 Fairfax - 181.0 Langley
Dunn Loring,Week4,Pinecrest,Week4,202.0 Pinecrest - 200.0 Dunn Loring
Fair Oaks ,Week2,Little Hunting Park,Week3,258.0 Fair Oaks - 144.0 Little Hunting Park
Fair Oaks ,Week3,Dominion Hills,Week3,233.0 Fair Oaks - 169.0 Dominion Hills
Fair Oaks ,Week2,Lincolnia Park,Week4,293.0 Fair Oaks - 108.0 Lincolnia Park
Dunn Loring,Week1,Pinewood Lake,Week4,373.0 Dunn Loring - 28.0 Pinewood Lake
Dunn Loring,Week2,Virginia Run,Week5,258.5 Dunn Loring - 143.5 Virginia Run
Fairfax,Week4,Langley,Week5,217.5 Fairfax - 184.5 Langley
Fair Oaks ,Week5,Waynewood,Week1,208.0 Fair Oaks - 194.0 Waynewood
Fair Oaks ,Week3,Highlands Swim,Week4,288.0 Highlands Swim - 114.0 Fair Oaks
Dunn Loring,Week3,Virginia Run,Week4,284.0 Dunn Loring - 118.0 Virginia Run
Fair Oaks ,Week5,Highlands Swim,Week5,290.0 Highlands Swim - 112.0 Fair Oaks
Dunn Loring,Week1,Virginia Run,Week5,218.0 Dunn Loring - 184.0 Virginia Run
Fair Oaks ,Week2,Little Hunting Park,Week1,250.0 Fair Oaks - 151.0 Little Hunting Park
Fair Oaks ,Week4,Ravensworth Farm,Week4,227.0 Ravensworth Farm - 175.0 Fair Oaks
Dunn Loring,Week4,Sideburn Run,Week1,272.0 Dunn Loring - 130.0 Sideburn Run
Fair Oaks ,Week5,Sideburn Run,Week2,250.0 Fair Oaks - 152.0 Sideburn Run
Fair Oaks ,Week2,Ravensworth Farm,Week5,264.0 Ravensworth Farm - 138.0 Fair Oaks
Dunn Loring,Week3,Springboard,Week4,348.0 Dunn Loring - 54.0 Springboard
Dunn Loring,Week3,Springboard,Week1,350.0 Dunn Loring - 52.0 Springboard
Dunn Loring,Week4,Springboard,Week5,340.0 Dunn Loring - 61.0 Springboard
Dunn Loring,Week5,Sideburn Run,Week3,288.0 Dunn Loring - 114.0 Sideburn Run
Fair Oaks ,Week5,Sideburn Run,Week4,232.0 Fair Oaks - 170.0 Sideburn Run
Dunn Loring,Week2,Pinewood Lake,Week3,392.0 Dunn Loring - 10.0 Pinewood Lake
Fair Oaks ,Week3,Sideburn Run,Week3,214.0 Fair Oaks - 188.0 Sideburn Run
Fairfax,Week4,Fox Mill Estates,Week5,276.0 Fairfax - 126.0 Fox Mill Estates
Dunn Loring,Week4,Pinecrest,Week5,206.0 Dunn Loring - 196.0 Pinecrest
Dunn Loring,Week2,Sleepy Hollow B & R,Week5,245.0 Dunn Loring - 157.0 Sleepy Hollow B & R
Fair Oaks ,Week5,Waynewood,Week3,229.0 Waynewood - 173.0 Fair Oaks
Fair Oaks ,Week1,Hollin Hills,Week5,299.0 Fair Oaks - 103.0 Hollin Hills
Dunn Loring,Week5,Virginia Hills,Week3,386.0 Dunn Loring - 16.0 Virginia Hills
Dunn Loring,Week4,Springfield,Week3,386.0 Dunn Loring - 14.0 Springfield
Fair Oaks ,Week1,Ravensworth Farm,Week4,217.0 Ravensworth Farm - 185.0 Fair Oaks
Fair Oaks ,Week1,Little Hunting Park,Week2,277.0 Fair Oaks - 125.0 Little Hunting Park
Fairfax,Week5,Langley,Week2,249.0 Fairfax - 153.0 Langley
Fair Oaks ,Week1,Ravensworth Farm,Week5,236.0 Ravensworth Farm - 166.0 Fair Oaks
Fair Oaks ,Week2,Ravensworth Farm,Week4,247.0 Ravensworth Farm - 155.0 Fair Oaks
Fair Oaks ,Week5,Sideburn Run,Week5,230.0 Fair Oaks - 172.0 Sideburn Run
Dunn Loring,Week5,Springboard,Week5,328.0 Dunn Loring - 73.0 Springboard
Dunn Loring,Week4,Virginia Run,Week1,271.0 Dunn Loring - 131.0 Virginia Run
Dunn Loring,Week4,Sideburn Run,Week3,274.0 Dunn Loring - 128.0 Sideburn Run
Fair Oaks ,Week3,Hollin Hills,Week3,302.0 Fair Oaks - 100.0 Hollin Hills
Fair Oaks ,Week5,Waynewood,Week4,225.0 Waynewood - 177.0 Fair Oaks
Fairfax,Week5,Langley,Week4,234.0 Fairfax - 168.0 Langley
Fair Oaks ,Week5,Dominion Hills,Week5,202.0 Fair Oaks - 200.0 Dominion Hills
Fair Oaks ,Week1,Little Hunting Park,Week1,279.0 Fair Oaks - 123.0 Little Hunting Park
Fair Oaks ,Week1,Woodley,Week3,303.0 Fair Oaks - 99.0 Woodley
Fairfax,Week4,Fox Mill Estates,Week2,275.0 Fairfax - 127.0 Fox Mill Estates
Fair Oaks ,Week3,Donaldson Run,Week1,256.0 Donaldson Run - 146.0 Fair Oaks
Fair Oaks ,Week5,Lincolnia Park,Week3,309.0 Fair Oaks - 84.0 Lincolnia Park
Dunn Loring,Week1,Pinewood Lake,Week2,379.0 Dunn Loring - 22.0 Pinewood Lake
Dunn Loring,Week3,Springfield,Week3,385.0 Dunn Loring - 17.0 Springfield
Fair Oaks ,Week4,Hollin Hills,Week4,306.0 Fair Oaks - 96.0 Hollin Hills
Fair Oaks ,Week1,Sideburn Run,Week2,224.0 Fair Oaks - 178.0 Sideburn Run
Dunn Loring,Week4,Pinecrest,Week2,202.0 Pinecrest - 200.0 Dunn Loring
Fair Oaks ,Week1,Ravensworth Farm,Week3,225.0 Ravensworth Farm - 177.0 Fair Oaks
Fair Oaks ,Week4,Waynewood,Week4,256.0 Waynewood - 146.0 Fair Oaks
Dunn Loring,Week1,Stratford,Week4,300.0 Dunn Loring - 102.0 Stratford
Dunn Loring,Week5,Virginia Run,Week4,287.0 Dunn Loring - 115.0 Virginia Run
Dunn Loring,Week1,Virginia Run,Week4,235.0 Dunn Loring - 167.0 Virginia Run
Fairfax,Week5,Fox Mill Estates,Week3,295.0 Fairfax - 106.0 Fox Mill Estates
Fairfax,Week5,Fox Mill Estates,Week2,292.0 Fairfax - 110.0 Fox Mill Estates
Fair Oaks ,Week2,Sideburn Run,Week5,235.0 Sideburn Run - 167.0 Fair Oaks
Dunn Loring,Week2,Pinewood Lake,Week5,383.0 Dunn Loring - 19.0 Pinewood Lake
Fair Oaks ,Week3,Ravensworth Farm,Week5,225.0 Ravensworth Farm - 177.0 Fair Oaks
Fair Oaks ,Week3,Lincolnia Park,Week3,300.0 Fair Oaks - 93.0 Lincolnia Park
Fairfax,Week1,Laurel Hill,Week4,296.0 Fairfax - 106.0 Laurel Hill
Fair Oaks ,Week3,Dominion Hills,Week1,258.0 Fair Oaks - 144.0 Dominion Hills
Dunn Loring,Week1,Sleepy Hollow B & R,Week4,212.5 Dunn Loring - 189.5 Sleepy Hollow B & R
Fair Oaks ,Week4,Hollin Hills,Week2,298.0 Fair Oaks - 104.0 Hollin Hills
Dunn Loring,Week1,Springfield,Week4,367.0 Dunn Loring - 35.0 Springfield
Fair Oaks ,Week3,Donaldson Run,Week3,260.0 Donaldson Run - 142.0 Fair Oaks
Fairfax,Week4,Langley,Week3,206.0 Fairfax - 196.0 Langley
Fair Oaks ,Week1,Woodley,Week1,289.0 Fair Oaks - 113.0 Woodley
Fair Oaks ,Week3,Waynewood,Week1,202.0 Fair Oaks - 200.0 Waynewood
Fairfax,Week5,Lakeview,Week2,359.5 Fairfax - 42.5 Lakeview
Dunn Loring,Week5,Sideburn Run,Week5,271.0 Dunn Loring - 131.0 Sideburn Run
Dunn Loring,Week4,Springfield,Week4,385.0 Dunn Loring - 17.0 Springfield
Fair Oaks ,Week4,Lee Graham,Week5,286.0 Lee Graham - 116.0 Fair Oaks
Fair Oaks ,Week3,Dominion Hills,Week2,237.0 Fair Oaks - 165.0 Dominion Hills
Fairfax,Week2,Langley,Week1,221.0 Fairfax - 181.0 Langley
Dunn Loring,Week3,Pinewood Lake,Week1,383.0 Dunn Loring - 19.0 Pinewood Lake
Dunn Loring,Week3,Sideburn Run,Week4,287.0 Dunn Loring - 115.0 Sideburn Run
Fair Oaks ,Week5,Lee Graham,Week3,273.0 Lee Graham - 129.0 Fair Oaks
Fair Oaks ,Week4,Sideburn Run,Week3,211.0 Fair Oaks - 191.0 Sideburn Run
Fairfax,Week5,Fox Mill Estates,Week5,290.0 Fairfax - 112.0 Fox Mill Estates
Dunn Loring,Week5,Virginia Run,Week2,279.0 Dunn Loring - 123.0 Virginia Run
Fair Oaks ,Week3,Hollin Hills,Week5,284.0 Fair Oaks - 118.0 Hollin Hills
Fair Oaks ,Week5,Ravensworth Farm,Week2,241.0 Fair Oaks - 161.0 Ravensworth Farm
Fair Oaks ,Week1,Donaldson Run,Week4,273.0 Donaldson Run - 129.0 Fair Oaks
Fairfax,Week1,Fox Mill Woods,Week4,202.5 Fairfax - 199.5 Fox Mill Woods
Dunn Loring,Week4,Sideburn Run,Week5,264.0 Dunn Loring - 138.0 Sideburn Run
Dunn Loring,Week4,Wakefield Chapel,Week5,240.0 Wakefield Chapel - 162.0 Dunn Loring
Fair Oaks ,Week1,Sleepy Hollow B & R,Week3,225.0 Sleepy Hollow B & R - 177.0 Fair Oaks
Fair Oaks ,Week1,Waynewood,Week2,227.0 Waynewood - 175.0 Fair Oaks
Fair Oaks ,Week1,Donaldson Run,Week2,271.0 Donaldson Run - 131.0 Fair Oaks
Fair Oaks ,Week2,Waynewood,Week1,232.0 Waynewood - 170.0 Fair Oaks
Fair Oaks ,Week4,Ravensworth Farm,Week1,228.5 Ravensworth Farm - 173.5 Fair Oaks
Fair Oaks ,Week1,Lincolnia Park,Week5,295.0 Fair Oaks - 98.0 Lincolnia Park
Fair Oaks ,Week2,Hollin Meadows,Week4,227.0 Hollin Meadows - 175.0 Fair Oaks
Dunn Loring,Week5,Wakefield Chapel,Week1,222.0 Wakefield Chapel - 180.0 Dunn Loring
Dunn Loring,Week1,Sleepy Hollow B & R,Week1,231.0 Dunn Loring - 171.0 Sleepy Hollow B & R
Fairfax,Week1,Fox Mill Woods,Week3,212.0 Fairfax - 190.0 Fox Mill Woods
Fairfax,Week2,Laurel Hill,Week2,339.0 Fairfax - 63.0 Laurel Hill
Fair Oaks ,Week1,Sleepy Hollow B & R,Week1,205.0 Fair Oaks - 197.0 Sleepy Hollow B & R
Fairfax,Week1,Fox Mill Woods,Week1,205.0 Fairfax - 197.0 Fox Mill Woods
Fairfax,Week4,Langley,Week1,202.0 Langley - 200.0 Fairfax
Fair Oaks ,Week5,Hollin Meadows,Week2,249.0 Fair Oaks - 153.0 Hollin Meadows
Fair Oaks ,Week1,Sleepy Hollow B & R,Week5,258.0 Sleepy Hollow B & R - 144.0 Fair Oaks
Fairfax,Week2,Laurel Hill,Week4,326.0 Fairfax - 76.0 Laurel Hill
Fair Oaks ,Week2,Ravensworth Farm,Week2,220.5 Ravensworth Farm - 181.5 Fair Oaks
Dunn Loring,Week1,Wakefield Chapel,Week3,250.0 Wakefield Chapel - 152.0 Dunn Loring
Dunn Loring,Week2,Stratford,Week2,340.0 Dunn Loring - 62.0 Stratford
Dunn Loring,Week2,Sleepy Hollow B & R,Week1,271.0 Dunn Loring - 131.0 Sleepy Hollow B & R
Fair Oaks ,Week1,Lincolnia Park,Week1,314.0 Fair Oaks - 88.0 Lincolnia Park
Fair Oaks ,Week4,Hollin Hills,Week5,287.0 Fair Oaks - 114.0 Hollin Hills
Fair Oaks ,Week4,Dominion Hills,Week2,204.0 Fair Oaks - 198.0 Dominion Hills
Fair Oaks ,Week2,Waynewood,Week3,274.5 Waynewood - 127.5 Fair Oaks
Dunn Loring,Week1,Springfield,Week3,367.0 Dunn Loring - 35.0 Springfield
Dunn Loring,Week2,Stratford,Week1,341.0 Dunn Loring - 61.0 Stratford
Fair Oaks ,Week5,Ravensworth Farm,Week1,204.0 Fair Oaks - 198.0 Ravensworth Farm
Fair Oaks ,Week2,Sleepy Hollow B & R,Week3,267.0 Sleepy Hollow B & R - 135.0 Fair Oaks
Fairfax,Week5,Lakeview,Week3,338.0 Fairfax - 64.0 Lakeview
Fair Oaks ,Week1,Hollin Meadows,Week1,204.0 Hollin Meadows - 198.0 Fair Oaks
Dunn Loring,Week3,Wakefield Chapel,Week5,222.0 Wakefield Chapel - 180.0 Dunn Loring
Fair Oaks ,Week3,Dominion Hills,Week5,204.0 Fair Oaks - 198.0 Dominion Hills
Fair Oaks ,Week2,Sleepy Hollow B & R,Week2,234.0 Sleepy Hollow B & R - 168.0 Fair Oaks
Fair Oaks ,Week3,Ravensworth Farm,Week4,207.0 Ravensworth Farm - 195.0 Fair Oaks
Fairfax,Week2,Fox Mill Woods,Week2,225.0 Fairfax - 177.0 Fox Mill Woods
Fair Oaks ,Week2,Waynewood,Week2,257.0 Waynewood - 145.0 Fair Oaks
Fair Oaks ,Week5,Dominion Hills,Week3,238.0 Fair Oaks - 164.0 Dominion Hills
Fairfax,Week2,Fox Mill Woods,Week4,214.0 Fairfax - 188.0 Fox Mill Woods
Fair Oaks ,Week3,Lincolnia Park,Week2,326.0 Fair Oaks - 67.0 Lincolnia Park
Dunn Loring,Week3,Sleepy Hollow B & R,Week2,268.5 Dunn Loring - 133.5 Sleepy Hollow B & R
Dunn Loring,Week1,Walden Glen,Week3,277.0 Dunn Loring - 125.0 Walden Glen
Fairfax,Week1,Langley,Week2,201.0 Fairfax - 201.0 Langley
Fair Oaks ,Week5,Hollin Meadows,Week5,214.0 Fair Oaks - 188.0 Hollin Meadows
Fair Oaks ,Week2,Dominion Hills,Week5,243.0 Dominion Hills - 159.0 Fair Oaks
Dunn Loring,Week2,Springfield,Week2,380.0 Dunn Loring - 22.0 Springfield
Fairfax,Week4,Fox Mill Estates,Week3,283.0 Fairfax - 118.0 Fox Mill Estates
Dunn Loring,Week2,Sleepy Hollow B & R,Week2,254.0 Dunn Loring - 148.0 Sleepy Hollow B & R
Fair Oaks ,Week4,Lee Graham,Week4,259.0 Lee Graham - 143.0 Fair Oaks
Fair Oaks ,Week4,Lincolnia Park,Week1,303.0 Fair Oaks - 99.0 Lincolnia Park
Dunn Loring,Week2,Stratford,Week4,324.0 Dunn Loring - 78.0 Stratford
Fair Oaks ,Week1,Waynewood,Week4,231.0 Waynewood - 171.0 Fair Oaks
Fair Oaks ,Week5,Ravensworth Farm,Week3,204.0 Ravensworth Farm - 198.0 Fair Oaks
Dunn Loring,Week2,Wakefield Chapel,Week1,225.0 Wakefield Chapel - 177.0 Dunn Loring
Fair Oaks ,Week5,Hollin Hills,Week4,324.0 Fair Oaks - 78.0 Hollin Hills
Fair Oaks ,Week1,Ravensworth Farm,Week1,222.0 Ravensworth Farm - 180.0 Fair Oaks
Fair Oaks ,Week2,Waynewood,Week5,280.0 Waynewood - 122.0 Fair Oaks
Fair Oaks ,Week4,Dominion Hills,Week3,209.0 Fair Oaks - 193.0 Dominion Hills
Fair Oaks ,Week4,Lincolnia Park,Week3,288.0 Fair Oaks - 105.0 Lincolnia Park
Dunn Loring,Week1,Sleepy Hollow B & R,Week3,215.5 Dunn Loring - 186.5 Sleepy Hollow B & R
Dunn Loring,Week3,Springfield,Week2,380.0 Dunn Loring - 22.0 Springfield
Dunn Loring,Week4,Sideburn Run,Week2,289.0 Dunn Loring - 113.0 Sideburn Run
Fair Oaks ,Week3,Sleepy Hollow Rec,Week1,301.0 Fair Oaks - 101.0 Sleepy Hollow Rec
Fairfax,Week3,Fox Mill Woods,Week2,227.0 Fairfax - 175.0 Fox Mill Woods
Dunn Loring,Week1,Springfield,Week5,376.0 Dunn Loring - 26.0 Springfield
Fair Oaks ,Week4,Dominion Hills,Week1,216.0 Fair Oaks - 186.0 Dominion Hills
Fair Oaks ,Week5,Lincolnia Park,Week2,329.0 Fair Oaks - 64.0 Lincolnia Park
Fair Oaks ,Week3,Ravensworth Farm,Week3,201.0 Fair Oaks - 201.0 Ravensworth Farm
Dunn Loring,Week3,Sleepy Hollow B & R,Week1,290.0 Dunn Loring - 112.0 Sleepy Hollow B & R
Dunn Loring,Week2,Springfield,Week4,381.0 Dunn Loring - 21.0 Springfield
Dunn Loring,Week1,Wakefield Chapel,Week5,261.0 Wakefield Chapel - 141.0 Dunn Loring
Fair Oaks ,Week5,Sleepy Hollow B & R,Week2,211.0 Fair Oaks - 191.0 Sleepy Hollow B & R
Fair Oaks ,Week4,Waynewood,Week1,217.0 Waynewood - 185.0 Fair Oaks
Fairfax,Week3,Fox Mill Woods,Week1,226.0 Fairfax - 176.0 Fox Mill Woods
Fair Oaks ,Week1,Hollin Meadows,Week4,209.0 Fair Oaks - 193.0 Hollin Meadows
Fairfax,Week2,Fox Mill Woods,Week5,206.0 Fairfax - 196.0 Fox Mill Woods
Fairfax,Week2,Fox Mill Woods,Week1,225.0 Fairfax - 177.0 Fox Mill Woods
Fair Oaks ,Week5,Lincolnia Park,Week1,330.0 Fair Oaks - 72.0 Lincolnia Park
Dunn Loring,Week2,Walden Glen,Week2,299.0 Dunn Loring - 103.0 Walden Glen
Dunn Loring,Week1,Springfield,Week2,367.0 Dunn Loring - 29.0 Springfield
Fair Oaks ,Week2,Ravensworth Farm,Week3,238.0 Ravensworth Farm - 164.0 Fair Oaks
Fair Oaks ,Week1,Donaldson Run,Week3,262.0 Donaldson Run - 140.0 Fair Oaks
Fair Oaks ,Week1,Donaldson Run,Week1,264.0 Donaldson Run - 138.0 Fair Oaks
Fair Oaks ,Week2,Sleepy Hollow B & R,Week4,261.0 Sleepy Hollow B & R - 141.0 Fair Oaks
Fair Oaks ,Week3,Sleepy Hollow Rec,Week4,306.0 Fair Oaks - 96.0 Sleepy Hollow Rec
Fairfax,Week1,Langley,Week1,204.0 Langley - 198.0 Fairfax
Fair Oaks ,Week5,Waynewood,Week2,208.0 Waynewood - 194.0 Fair Oaks
Fair Oaks ,Week5,Ravensworth Farm,Week4,218.0 Fair Oaks - 184.0 Ravensworth Farm
Fair Oaks ,Week1,Hollin Meadows,Week2,224.0 Fair Oaks - 178.0 Hollin Meadows
Dunn Loring,Week2,Walden Glen,Week4,295.0 Dunn Loring - 107.0 Walden Glen
Fairfax,Week1,Langley,Week4,211.0 Langley - 191.0 Fairfax
Fairfax,Week1,Langley,Week3,204.0 Langley - 198.0 Fairfax
Fair Oaks ,Week1,Little Hunting Park,Week3,287.0 Fair Oaks - 115.0 Little Hunting Park
Dunn Loring,Week3,Sleepy Hollow B & R,Week3,270.0 Dunn Loring - 132.0 Sleepy Hollow B & R
Fair Oaks ,Week3,Waynewood,Week5,253.0 Waynewood - 149.0 Fair Oaks
Fair Oaks ,Week1,Hollin Meadows,Week5,211.0 Hollin Meadows - 191.0 Fair Oaks
Fairfax,Week5,Lakeview,Week5,331.0 Fairfax - 62.0 Lakeview
Fair Oaks ,Week3,Hollin Meadows,Week1,202.0 Fair Oaks - 200.0 Hollin Meadows
Dunn Loring,Week1,Walden Glen,Week1,285.0 Dunn Loring - 117.0 Walden Glen
Fair Oaks ,Week4,Ravensworth Farm,Week5,243.5 Ravensworth Farm - 158.5 Fair Oaks
Fairfax,Week1,Langley,Week5,211.0 Fairfax - 191.0 Langley
Fair Oaks ,Week1,Riverside Gardens,Week1,256.0 Riverside Gardens - 146.0 Fair Oaks
Dunn Loring,Week4,Sleepy Hollow B & R,Week3,260.0 Dunn Loring - 142.0 Sleepy Hollow B & R
Fair Oaks ,Week3,Sleepy Hollow B & R,Week4,207.5 Sleepy Hollow B & R - 194.5 Fair Oaks
Dunn Loring,Week1,Walden Glen,Week2,270.0 Dunn Loring - 132.0 Walden Glen
Fair Oaks ,Week5,Woodley,Week4,313.0 Fair Oaks - 89.0 Woodley
Dunn Loring,Week3,Sleepy Hollow B & R,Week4,260.0 Dunn Loring - 142.0 Sleepy Hollow B & R
Dunn Loring,Week3,Springfield,Week1,386.0 Dunn Loring - 16.0 Springfield
Fair Oaks ,Week3,Sleepy Hollow B & R,Week2,202.0 Fair Oaks - 200.0 Sleepy Hollow B & R
Dunn Loring,Week4,Sleepy Hollow B & R,Week1,286.0 Dunn Loring - 116.0 Sleepy Hollow B & R
Fairfax,Week2,Langley,Week2,230.0 Fairfax - 172.0 Langley
Fair Oaks ,Week1,Riverside Gardens,Week2,241.5 Riverside Gardens - 160.5 Fair Oaks
Fair Oaks ,Week2,Donaldson Run,Week5,310.0 Donaldson Run - 92.0 Fair Oaks
Dunn Loring,Week2,Springfield,Week5,384.0 Dunn Loring - 18.0 Springfield
Fair Oaks ,Week2,Donaldson Run,Week3,285.0 Donaldson Run - 117.0 Fair Oaks
Dunn Loring,Week2,Springfield,Week1,386.0 Dunn Loring - 16.0 Springfield
Fair Oaks ,Week1,Donaldson Run,Week5,295.0 Donaldson Run - 107.0 Fair Oaks
Dunn Loring,Week2,Wakefield Chapel,Week4,210.0 Wakefield Chapel - 192.0 Dunn Loring
Fairfax,Week1,Annandale,Week5,300.0 Fairfax - 102.0 Annandale
Fairfax,Week4,Fox Mill Estates,Week4,268.0 Fairfax - 134.0 Fox Mill Estates
Fair Oaks ,Week1,Woodley,Week4,295.0 Fair Oaks - 107.0 Woodley
Fairfax,Week1,Fox Mill Woods,Week2,215.0 Fairfax - 187.0 Fox Mill Woods
Fair Oaks ,Week1,Little Hunting Park,Week4,281.0 Fair Oaks - 121.0 Little Hunting Park
Fair Oaks ,Week2,Hollin Meadows,Week3,234.0 Hollin Meadows - 168.0 Fair Oaks
Fair Oaks ,Week2,Hollin Meadows,Week2,208.0 Hollin Meadows - 194.0 Fair Oaks
Fair Oaks ,Week4,Lincolnia Park,Week5,282.0 Fair Oaks - 111.0 Lincolnia Park
Fairfax,Week2,Langley,Week4,219.0 Fairfax - 183.0 Langley
Fair Oaks ,Week3,Sleepy Hollow B & R,Week5,236.0 Sleepy Hollow B & R - 166.0 Fair Oaks
Dunn Loring,Week4,Springfield,Week1,388.0 Dunn Loring - 14.0 Springfield
Fair Oaks ,Week2,Woodley,Week3,270.0 Fair Oaks - 132.0 Woodley
Fair Oaks ,Week4,Hollin Meadows,Week1,213.0 Hollin Meadows - 189.0 Fair Oaks
Fairfax,Week5,Fox Mill Estates,Week4,287.0 Fairfax - 115.0 Fox Mill Estates
Fair Oaks ,Week4,Sleepy Hollow B & R,Week2,210.0 Sleepy Hollow B & R - 192.0 Fair Oaks
Fairfax,Week5,Lakeview,Week4,336.0 Fairfax - 66.0 Lakeview
Fair Oaks ,Week5,Hollin Hills,Week2,315.0 Fair Oaks - 87.0 Hollin Hills
Dunn Loring,Week4,Sleepy Hollow Rec,Week5,326.0 Dunn Loring - 76.0 Sleepy Hollow Rec
Dunn Loring,Week3,Wakefield Chapel,Week4,203.0 Wakefield Chapel - 199.0 Dunn Loring
Fair Oaks ,Week1,Riverside Gardens,Week4,275.0 Riverside Gardens - 127.0 Fair Oaks
Dunn Loring,Week3,Springfield,Week4,376.0 Dunn Loring - 26.0 Springfield
Fairfax,Week2,Fox Mill Woods,Week3,228.0 Fairfax - 174.0 Fox Mill Woods
Fair Oaks ,Week4,Donaldson Run,Week1,257.0 Donaldson Run - 145.0 Fair Oaks
Fair Oaks ,Week2,Riverside Gardens,Week1,278.0 Riverside Gardens - 124.0 Fair Oaks
Fair Oaks ,Week3,Hollin Meadows,Week3,205.5 Fair Oaks - 196.5 Hollin Meadows
Fair Oaks ,Week3,Donaldson Run,Week4,263.0 Donaldson Run - 139.0 Fair Oaks
Fairfax,Week2,Langley,Week3,221.0 Fairfax - 181.0 Langley
Dunn Loring,Week4,Sleepy Hollow B & R,Week5,233.0 Dunn Loring - 169.0 Sleepy Hollow B & R
Fairfax,Week5,Fox Mill Estates,Week1,315.0 Fairfax - 87.0 Fox Mill Estates
Fair Oaks ,Week4,Sleepy Hollow B & R,Week3,227.0 Sleepy Hollow B & R - 175.0 Fair Oaks
Fair Oaks ,Week4,Lincolnia Park,Week2,312.0 Fair Oaks - 81.0 Lincolnia Park
Fair Oaks ,Week5,Lincolnia Park,Week4,326.0 Fair Oaks - 76.0 Lincolnia Park
Fairfax,Week2,Annandale,Week3,318.0 Fairfax - 84.0 Annandale
Fair Oaks ,Week4,Lincolnia Park,Week4,310.0 Fair Oaks - 91.0 Lincolnia Park
Dunn Loring,Week2,Wakefield Chapel,Week2,220.0 Wakefield Chapel - 182.0 Dunn Loring
Dunn Loring,Week3,Wakefield Chapel,Week1,224.0 Wakefield Chapel - 178.0 Dunn Loring
Fair Oaks ,Week2,Riverside Gardens,Week3,299.0 Riverside Gardens - 103.0 Fair Oaks
Fair Oaks ,Week4,Sleepy Hollow B & R,Week5,259.0 Sleepy Hollow B & R - 143.0 Fair Oaks
Fairfax,Week2,Langley,Week5,225.0 Fairfax - 177.0 Langley
Fair Oaks ,Week2,Dowden Terrace,Week2,226.0 Dowden Terrace - 176.0 Fair Oaks
Dunn Loring,Week1,Wakefield Chapel,Week4,225.0 Wakefield Chapel - 177.0 Dunn Loring
Fairfax,Week3,Langley,Week4,218.0 Fairfax - 184.0 Langley
Fair Oaks ,Week2,Hollin Meadows,Week5,230.0 Hollin Meadows - 172.0 Fair Oaks
Fair Oaks ,Week1,Rolling Forest,Week5,209.0 Rolling Forest - 193.0 Fair Oaks
Fairfax,Week1,Annandale,Week2,312.0 Fairfax - 90.0 Annandale
Dunn Loring,Week2,Wakefield Chapel,Week3,244.0 Wakefield Chapel - 158.0 Dunn Loring
Fair Oaks ,Week2,Rolling Forest,Week2,224.0 Fair Oaks - 178.0 Rolling Forest
Dunn Loring,Week5,Springfield,Week2,390.0 Dunn Loring - 11.0 Springfield
Dunn Loring,Week3,Wakefield Chapel,Week2,204.0 Wakefield Chapel - 198.0 Dunn Loring
Fair Oaks ,Week5,Donaldson Run,Week4,242.0 Donaldson Run - 160.0 Fair Oaks
Fair Oaks ,Week4,Woodley,Week3,298.0 Fair Oaks - 104.0 Woodley
Fairfax,Week3,Fox Mill Woods,Week4,220.0 Fairfax - 182.0 Fox Mill Woods
Dunn Loring,Week3,Sleepy Hollow Rec,Week3,323.0 Dunn Loring - 79.0 Sleepy Hollow Rec
Fairfax,Week1,Annandale,Week4,317.0 Fairfax - 85.0 Annandale
Fair Oaks ,Week5,Woodley,Week5,298.0 Fair Oaks - 104.0 Woodley
Fair Oaks ,Week3,Hollin Meadows,Week4,214.5 Fair Oaks - 187.5 Hollin Meadows
Fairfax,Week3,Fox Mill Woods,Week3,234.0 Fairfax - 168.0 Fox Mill Woods
Fairfax,Week3,Langley,Week1,215.0 Fairfax - 187.0 Langley
Fair Oaks ,Week1,Dowden Terrace,Week2,206.0 Fair Oaks - 196.0 Dowden Terrace
Dunn Loring,Week3,Wakefield Chapel,Week3,232.0 Wakefield Chapel - 170.0 Dunn Loring
Fairfax,Week4,Fox Mill Woods,Week1,202.0 Fairfax - 200.0 Fox Mill Woods
Fair Oaks ,Week5,Sleepy Hollow B & R,Week1,223.0 Fair Oaks - 179.0 Sleepy Hollow B & R
Dunn Loring,Week5,Sleepy Hollow Rec,Week4,343.0 Dunn Loring - 59.0 Sleepy Hollow Rec
Fairfax,Week3,Langley,Week2,232.0 Fairfax - 170.0 Langley
Fair Oaks ,Week1,Sleepy Hollow Rec,Week1,288.0 Fair Oaks - 114.0 Sleepy Hollow Rec
Fair Oaks ,Week3,Hollin Meadows,Week5,207.0 Hollin Meadows - 195.0 Fair Oaks
Dunn Loring,Week5,Sleepy Hollow B & R,Week4,274.0 Dunn Loring - 128.0 Sleepy Hollow B & R
Fairfax,Week3,Fox Mill Woods,Week5,219.0 Fairfax - 183.0 Fox Mill Woods
Fair Oaks ,Week5,Riverside Gardens,Week4,258.0 Riverside Gardens - 144.0 Fair Oaks
Fair Oaks ,Week5,Lincolnia Park,Week5,305.0 Fair Oaks - 88.0 Lincolnia Park
Dunn Loring,Week5,Springfield,Week3,384.0 Dunn Loring - 16.0 Springfield
Fair Oaks ,Week5,Donaldson Run,Week1,229.0 Donaldson Run - 173.0 Fair Oaks
Fair Oaks ,Week3,Lincolnia Park,Week4,315.0 Fair Oaks - 87.0 Lincolnia Park
Dunn Loring,Week2,Springfield,Week3,381.0 Dunn Loring - 21.0 Springfield
Fair Oaks ,Week5,Sleepy Hollow B & R,Week4,205.0 Fair Oaks - 197.0 Sleepy Hollow B & R
Fair Oaks ,Week1,Little Hunting Park,Week5,249.0 Fair Oaks - 152.0 Little Hunting Park
Fair Oaks ,Week3,Lincolnia Park,Week5,299.0 Fair Oaks - 94.0 Lincolnia Park
Dunn Loring,Week4,Springfield,Week2,387.0 Dunn Loring - 14.0 Springfield
Dunn Loring,Week2,Sleepy Hollow Rec,Week5,316.0 Dunn Loring - 86.0 Sleepy Hollow Rec
Fair Oaks ,Week2,Rolling Forest,Week4,204.5 Rolling Forest - 197.5 Fair Oaks
Fair Oaks ,Week1,Sleepy Hollow Rec,Week4,302.0 Fair Oaks - 100.0 Sleepy Hollow Rec
Dunn Loring,Week5,Springfield,Week4,386.0 Dunn Loring - 15.0 Springfield
Dunn Loring,Week3,Springfield,Week5,388.0 Dunn Loring - 14.0 Springfield
Fairfax,Week3,Langley,Week5,230.0 Fairfax - 172.0 Langley
Fair Oaks ,Week1,Rolling Forest,Week4,235.5 Fair Oaks - 166.5 Rolling Forest
Fair Oaks ,Week5,Sleepy Hollow B & R,Week3,202.0 Sleepy Hollow B & R - 200.0 Fair Oaks
Fair Oaks ,Week2,Woodley,Week1,266.0 Fair Oaks - 136.0 Woodley
Fair Oaks ,Week1,Dowden Terrace,Week3,211.0 Fair Oaks - 191.0 Dowden Terrace
Fairfax,Week4,Langley,Week4,204.0 Fairfax - 198.0 Langley
Dunn Loring,Week4,Sleepy Hollow Rec,Week1,327.0 Dunn Loring - 75.0 Sleepy Hollow Rec
Fairfax,Week5,Langley,Week1,228.0 Fairfax - 174.0 Langley
Fair Oaks ,Week5,Hollin Hills,Week3,317.0 Fair Oaks - 85.0 Hollin Hills
Fair Oaks ,Week2,Rolling Forest,Week5,227.0 Rolling Forest - 175.0 Fair Oaks
Fair Oaks ,Week3,Little Hunting Park,Week1,275.0 Fair Oaks - 127.0 Little Hunting Park
Fair Oaks ,Week3,Little Hunting Park,Week5,252.0 Fair Oaks - 150.0 Little Hunting Park
Dunn Loring,Week1,Wakefield Chapel,Week1,259.0 Wakefield Chapel - 143.0 Dunn Loring
Fairfax,Week4,Fox Mill Woods,Week4,202.0 Fox Mill Woods - 200.0 Fairfax
Fair Oaks ,Week4,Donaldson Run,Week5,283.5 Donaldson Run - 118.5 Fair Oaks
Dunn Loring,Week5,Sleepy Hollow B & R,Week3,270.0 Dunn Loring - 132.0 Sleepy Hollow B & R
Fair Oaks ,Week4,Hollin Meadows,Week2,216.0 Fair Oaks - 186.0 Hollin Meadows
Fair Oaks ,Week2,Hollin Meadows,Week1,231.0 Hollin Meadows - 171.0 Fair Oaks
Fair Oaks ,Week1,Sleepy Hollow Rec,Week3,273.0 Fair Oaks - 129.0 Sleepy Hollow Rec
Dunn Loring,Week3,Sleepy Hollow Rec,Week5,325.0 Dunn Loring - 77.0 Sleepy Hollow Rec
Fair Oaks ,Week1,Dowden Terrace,Week4,214.5 Dowden Terrace - 187.5 Fair Oaks
Fairfax,Week2,Annandale,Week2,330.0 Fairfax - 72.0 Annandale
Dunn Loring,Week4,Wakefield Chapel,Week3,242.0 Wakefield Chapel - 160.0 Dunn Loring
Fairfax,Week4,Fox Mill Woods,Week3,209.0 Fairfax - 193.0 Fox Mill Woods
Dunn Loring,Week5,Springfield,Week5,385.0 Dunn Loring - 16.0 Springfield
Fair Oaks ,Week2,Little Hunting Park,Week2,243.0 Fair Oaks - 159.0 Little Hunting Park
Fairfax,Week3,Annandale,Week5,312.0 Fairfax - 90.0 Annandale
Fairfax,Week5,Chesterbrook,Week5,274.0 Chesterbrook - 128.0 Fairfax
Dunn Loring,Week4,Wakefield Chapel,Week1,232.0 Wakefield Chapel - 170.0 Dunn Loring
Fairfax,Week2,Commonwealth,Week5,289.0 Fairfax - 113.0 Commonwealth
Fair Oaks ,Week3,Hollin Meadows,Week2,230.0 Fair Oaks - 172.0 Hollin Meadows
Fair Oaks ,Week3,Woodley,Week2,313.0 Fair Oaks - 89.0 Woodley
Dunn Loring,Week4,Sleepy Hollow Rec,Week3,328.0 Dunn Loring - 74.0 Sleepy Hollow Rec
Fair Oaks ,Week4,Little Hunting Park,Week1,269.0 Fair Oaks - 132.0 Little Hunting Park
Fair Oaks ,Week3,Rolling Forest,Week1,233.0 Fair Oaks - 169.0 Rolling Forest
Fair Oaks ,Week1,Hollin Meadows,Week3,202.0 Fair Oaks - 200.0 Hollin Meadows
Fair Oaks ,Week4,Riverside Gardens,Week2,245.0 Riverside Gardens - 157.0 Fair Oaks
Fair Oaks ,Week3,Woodley,Week3,314.0 Fair Oaks - 88.0 Woodley
Fair Oaks ,Week3,Rolling Forest,Week2,253.0 Fair Oaks - 149.0 Rolling Forest
Fairfax,Week3,Chesterbrook,Week1,263.0 Chesterbrook - 139.0 Fairfax
Fair Oaks ,Week5,Donaldson Run,Week3,240.0 Donaldson Run - 162.0 Fair Oaks
Dunn Loring,Week1,Wakefield Chapel,Week2,237.0 Wakefield Chapel - 165.0 Dunn Loring
Dunn Loring,Week2,Wakefield Chapel,Week5,251.0 Wakefield Chapel - 151.0 Dunn Loring
Dunn Loring,Week5,Springfield,Week1,387.5 Dunn Loring - 13.5 Springfield
Fairfax,Week5,Langley,Week5,247.0 Fairfax - 155.0 Langley
Fair Oaks ,Week4,Donaldson Run,Week3,256.0 Donaldson Run - 146.0 Fair Oaks
Fair Oaks ,Week1,Sleepy Hollow Rec,Week2,289.0 Fair Oaks - 113.0 Sleepy Hollow Rec
Fair Oaks ,Week4,Little Hunting Park,Week2,269.0 Fair Oaks - 133.0 Little Hunting Park
Fair Oaks ,Week2,Sleepy Hollow Rec,Week1,262.0 Fair Oaks - 140.0 Sleepy Hollow Rec
Fair Oaks ,Week5,Hollin Hills,Week5,294.0 Fair Oaks - 107.0 Hollin Hills
Dunn Loring,Week1,Sleepy Hollow Rec,Week1,302.0 Dunn Loring - 95.0 Sleepy Hollow Rec
Fair Oaks ,Week1,Sleepy Hollow Rec,Week5,264.0 Fair Oaks - 138.0 Sleepy Hollow Rec
Fair Oaks ,Week3,Woodley,Week1,304.0 Fair Oaks - 98.0 Woodley
Dunn Loring,Week1,Stratford,Week1,311.0 Dunn Loring - 86.0 Stratford
Fairfax,Week5,Langley,Week3,245.0 Fairfax - 157.0 Langley
Dunn Loring,Week4,Springfield,Week5,389.0 Dunn Loring - 13.0 Springfield
Dunn Loring,Week1,Stratford,Week5,303.0 Dunn Loring - 99.0 Stratford
Fairfax,Week1,Laurel Hill,Week2,320.0 Fairfax - 82.0 Laurel Hill
Dunn Loring,Week5,Sleepy Hollow B & R,Week2,271.0 Dunn Loring - 131.0 Sleepy Hollow B & R
Fairfax,Week5,Chesterbrook,Week1,267.0 Chesterbrook - 135.0 Fairfax
Fair Oaks ,Week1,Rolling Forest,Week2,231.0 Fair Oaks - 171.0 Rolling Forest
Fair Oaks ,Week3,Rolling Forest,Week4,251.0 Fair Oaks - 151.0 Rolling Forest
Fairfax,Week4,Chesterbrook,Week5,298.0 Chesterbrook - 104.0 Fairfax
Fair Oaks ,Week3,Dowden Terrace,Week1,228.0 Fair Oaks - 174.0 Dowden Terrace
Fair Oaks ,Week5,Little Hunting Park,Week1,293.0 Fair Oaks - 108.0 Little Hunting Park
Fair Oaks ,Week4,Hollin Meadows,Week3,218.0 Hollin Meadows - 184.0 Fair Oaks
Dunn Loring,Week1,Stratford,Week3,310.0 Dunn Loring - 92.0 Stratford
Fair Oaks ,Week4,Sleepy Hollow B & R,Week4,231.5 Sleepy Hollow B & R - 170.5 Fair Oaks
Fairfax,Week1,Laurel Hill,Week5,274.0 Fairfax - 128.0 Laurel Hill
Fairfax,Week4,Chesterbrook,Week2,302.0 Chesterbrook - 100.0 Fairfax
Fair Oaks ,Week4,Little Hunting Park,Week5,241.0 Fair Oaks - 161.0 Little Hunting Park
Fair Oaks ,Week4,Woodley,Week4,295.0 Fair Oaks - 107.0 Woodley
Dunn Loring,Week4,Sleepy Hollow Rec,Week4,339.0 Dunn Loring - 63.0 Sleepy Hollow Rec
Fair Oaks ,Week3,Little Hunting Park,Week3,289.0 Fair Oaks - 113.0 Little Hunting Park
Dunn Loring,Week5,Sleepy Hollow Rec,Week5,331.0 Dunn Loring - 71.0 Sleepy Hollow Rec
Dunn Loring,Week5,Sleepy Hollow Rec,Week1,327.0 Dunn Loring - 75.0 Sleepy Hollow Rec
Dunn Loring,Week1,Stratford,Week2,310.5 Dunn Loring - 91.5 Stratford
Fair Oaks ,Week5,Donaldson Run,Week5,273.0 Donaldson Run - 129.0 Fair Oaks
Dunn Loring,Week4,Wakefield Chapel,Week4,215.0 Wakefield Chapel - 187.0 Dunn Loring
Fair Oaks ,Week4,Woodley,Week2,274.0 Fair Oaks - 128.0 Woodley
Dunn Loring,Week4,Wakefield Chapel,Week2,212.0 Wakefield Chapel - 190.0 Dunn Loring
Fairfax,Week3,Chesterbrook,Week4,271.0 Chesterbrook - 131.0 Fairfax
Fair Oaks ,Week5,Little Hunting Park,Week2,290.0 Fair Oaks - 112.0 Little Hunting Park
Fair Oaks ,Week4,Hollin Meadows,Week4,211.0 Hollin Meadows - 191.0 Fair Oaks
Fair Oaks ,Week4,Hollin Meadows,Week5,209.0 Hollin Meadows - 193.0 Fair Oaks
Dunn Loring,Week5,Wakefield Chapel,Week4,208.0 Dunn Loring - 194.0 Wakefield Chapel
Fair Oaks ,Week3,Rolling Forest,Week3,215.0 Fair Oaks - 187.0 Rolling Forest
Fair Oaks ,Week4,Sleepy Hollow B & R,Week1,203.0 Fair Oaks - 199.0 Sleepy Hollow B & R
Dunn Loring,Week5,Wakefield Chapel,Week3,227.0 Wakefield Chapel - 175.0 Dunn Loring
Fair Oaks ,Week3,Sleepy Hollow B & R,Week1,207.0 Fair Oaks - 195.0 Sleepy Hollow B & R
Fairfax,Week1,Laurel Hill,Week1,300.0 Fairfax - 102.0 Laurel Hill
Fairfax,Week1,Laurel Hill,Week3,290.0 Fairfax - 112.0 Laurel Hill
Fair Oaks ,Week2,Dowden Terrace,Week5,253.0 Dowden Terrace - 149.0 Fair Oaks
Fair Oaks ,Week2,Dowden Terrace,Week1,225.0 Dowden Terrace - 176.0 Fair Oaks
Fair Oaks ,Week5,Hollin Meadows,Week1,224.0 Fair Oaks - 178.0 Hollin Meadows
Fair Oaks ,Week3,Woodley,Week5,299.0 Fair Oaks - 103.0 Woodley
Fair Oaks ,Week3,Riverside Gardens,Week5,264.0 Riverside Gardens - 138.0 Fair Oaks
Dunn Loring,Week2,Sully Station,Week4,246.0 Dunn Loring - 156.0 Sully Station
Fair Oaks ,Week3,Sleepy Hollow B & R,Week3,212.0 Sleepy Hollow B & R - 190.0 Fair Oaks
Fairfax,Week5,Chesterbrook,Week3,294.0 Chesterbrook - 108.0 Fairfax
Fair Oaks ,Week5,Little Hunting Park,Week5,253.0 Fair Oaks - 149.0 Little Hunting Park
Fair Oaks ,Week2,Sleepy Hollow Rec,Week2,255.0 Fair Oaks - 147.0 Sleepy Hollow Rec
Fairfax,Week2,Laurel Hill,Week3,308.0 Fairfax - 94.0 Laurel Hill
Fair Oaks ,Week5,Hollin Meadows,Week4,222.0 Fair Oaks - 180.0 Hollin Meadows
Fair Oaks ,Week1,Little Rocky Run,Week2,245.5 Little Rocky Run - 156.5 Fair Oaks
Fairfax,Week3,Chesterbrook,Week2,268.0 Chesterbrook - 134.0 Fairfax
Fair Oaks ,Week5,Hollin Meadows,Week3,224.0 Fair Oaks - 178.0 Hollin Meadows
Fair Oaks ,Week5,Sleepy Hollow B & R,Week5,227.5 Sleepy Hollow B & R - 174.5 Fair Oaks
Fairfax,Week2,Laurel Hill,Week1,316.0 Fairfax - 86.0 Laurel Hill
Fair Oaks ,Week3,Riverside Gardens,Week3,255.0 Riverside Gardens - 147.0 Fair Oaks
Dunn Loring,Week5,Sleepy Hollow B & R,Week5,238.0 Dunn Loring - 164.0 Sleepy Hollow B & R
Fair Oaks ,Week3,Woodley,Week4,317.0 Fair Oaks - 85.0 Woodley
Fair Oaks ,Week3,Riverside Gardens,Week2,228.0 Riverside Gardens - 174.0 Fair Oaks
Fair Oaks ,Week2,Little Hunting Park,Week5,220.0 Fair Oaks - 182.0 Little Hunting Park
Dunn Loring,Week2,Sully Station,Week1,226.0 Dunn Loring - 176.0 Sully Station
Fair Oaks ,Week4,Dowden Terrace,Week1,206.0 Fair Oaks - 195.0 Dowden Terrace
Dunn Loring,Week5,Wakefield Chapel,Week2,217.0 Wakefield Chapel - 185.0 Dunn Loring
Dunn Loring,Week1,Sleepy Hollow Rec,Week5,283.0 Dunn Loring - 119.0 Sleepy Hollow Rec
Dunn Loring,Week5,Wakefield Chapel,Week5,236.0 Wakefield Chapel - 166.0 Dunn Loring
Fair Oaks ,Week3,Dowden Terrace,Week3,228.0 Fair Oaks - 174.0 Dowden Terrace
Dunn Loring,Week2,Stratford,Week3,336.0 Dunn Loring - 66.0 Stratford
Fairfax,Week5,Laurel Hill,Week2,347.0 Fairfax - 55.0 Laurel Hill
Fair Oaks ,Week4,Woodley,Week5,280.0 Fair Oaks - 122.0 Woodley
Fair Oaks ,Week2,Woodley,Week5,255.0 Fair Oaks - 147.0 Woodley
Dunn Loring,Week3,Sleepy Hollow Rec,Week1,322.5 Dunn Loring - 79.5 Sleepy Hollow Rec
Fair Oaks ,Week3,Dowden Terrace,Week5,216.0 Dowden Terrace - 186.0 Fair Oaks
Fairfax,Week5,Chesterbrook,Week2,271.0 Chesterbrook - 131.0 Fairfax
Dunn Loring,Week1,Walden Glen,Week4,261.0 Dunn Loring - 141.0 Walden Glen
Fair Oaks ,Week4,Woodley,Week1,304.0 Fair Oaks - 98.0 Woodley
Fair Oaks ,Week1,Holmes Run Acres,Week5,236.0 Holmes Run Acres - 166.0 Fair Oaks
Dunn Loring,Week2,Sleepy Hollow Rec,Week4,341.0 Dunn Loring - 61.0 Sleepy Hollow Rec
Dunn Loring,Week3,Stratford,Week2,346.0 Dunn Loring - 56.0 Stratford
Fair Oaks ,Week2,Woodley,Week2,266.0 Fair Oaks - 136.0 Woodley
Fair Oaks ,Week5,Little Hunting Park,Week4,284.0 Fair Oaks - 118.0 Little Hunting Park
Fair Oaks ,Week5,Holmes Run Acres,Week5,207.0 Holmes Run Acres - 195.0 Fair Oaks
Dunn Loring,Week2,Sleepy Hollow Rec,Week2,343.0 Dunn Loring - 59.0 Sleepy Hollow Rec
Fair Oaks ,Week4,Riverside Gardens,Week1,249.0 Riverside Gardens - 153.0 Fair Oaks
Fair Oaks ,Week4,Dowden Terrace,Week3,210.0 Fair Oaks - 192.0 Dowden Terrace
Fair Oaks ,Week5,Woodley,Week1,316.0 Fair Oaks - 86.0 Woodley
Fair Oaks ,Week2,Sleepy Hollow Rec,Week5,241.0 Fair Oaks - 161.0 Sleepy Hollow Rec
Dunn Loring,Week4,Stratford,Week3,345.0 Dunn Loring - 57.0 Stratford
Fairfax,Week1,Commonwealth,Week4,292.0 Fairfax - 110.0 Commonwealth
Fair Oaks ,Week1,Little Rocky Run,Week3,273.0 Little Rocky Run - 129.0 Fair Oaks
Fair Oaks ,Week3,Riverside Gardens,Week1,235.0 Riverside Gardens - 167.0 Fair Oaks
Fair Oaks ,Week1,Dowden Terrace,Week5,228.0 Dowden Terrace - 174.0 Fair Oaks
Fair Oaks ,Week2,Sleepy Hollow Rec,Week4,268.0 Fair Oaks - 134.0 Sleepy Hollow Rec
Fairfax,Week2,Lee Graham,Week3,221.0 Lee Graham - 181.0 Fairfax
Fair Oaks ,Week2,Sleepy Hollow Rec,Week3,229.0 Fair Oaks - 173.0 Sleepy Hollow Rec
Fairfax,Week1,Commonwealth,Week2,266.0 Fairfax - 136.0 Commonwealth
Fair Oaks ,Week1,Holmes Run Acres,Week4,203.0 Fair Oaks - 199.0 Holmes Run Acres
Dunn Loring,Week1,Walden Glen,Week5,254.0 Dunn Loring - 148.0 Walden Glen
Fair Oaks ,Week3,Riverside Gardens,Week4,268.0 Riverside Gardens - 134.0 Fair Oaks
Dunn Loring,Week2,Sleepy Hollow Rec,Week1,316.0 Dunn Loring - 86.0 Sleepy Hollow Rec
Fairfax,Week3,Laurel Hill,Week3,317.0 Fairfax - 85.0 Laurel Hill
Dunn Loring,Week2,Walden Glen,Week1,318.0 Dunn Loring - 84.0 Walden Glen
Fair Oaks ,Week4,Riverside Gardens,Week3,276.0 Riverside Gardens - 126.0 Fair Oaks
Fair Oaks ,Week4,Donaldson Run,Week4,268.0 Donaldson Run - 134.0 Fair Oaks
Dunn Loring,Week1,Sleepy Hollow Rec,Week3,293.0 Dunn Loring - 109.0 Sleepy Hollow Rec
Fair Oaks ,Week4,Dowden Terrace,Week5,230.0 Dowden Terrace - 172.0 Fair Oaks
Fairfax,Week4,Chesterbrook,Week1,280.0 Chesterbrook - 122.0 Fairfax
Dunn Loring,Week3,Sully Station,Week4,251.0 Dunn Loring - 151.0 Sully Station
Fairfax,Week5,Chesterbrook,Week4,270.0 Chesterbrook - 132.0 Fairfax
Fairfax,Week5,Laurel Hill,Week1,323.0 Fairfax - 79.0 Laurel Hill
Fairfax,Week2,Lee Graham,Week4,217.0 Fairfax - 185.0 Lee Graham
Dunn Loring,Week2,Walden Glen,Week5,281.0 Dunn Loring - 121.0 Walden Glen
Fair Oaks ,Week4,Sleepy Hollow Rec,Week2,292.0 Fair Oaks - 110.0 Sleepy Hollow Rec
Fair Oaks ,Week3,Sleepy Hollow Rec,Week2,300.0 Fair Oaks - 102.0 Sleepy Hollow Rec
Fair Oaks ,Week3,Sleepy Hollow Rec,Week3,280.0 Fair Oaks - 122.0 Sleepy Hollow Rec
Fair Oaks ,Week5,Woodley,Week3,318.0 Fair Oaks - 84.0 Woodley
Fair Oaks ,Week2,Dowden Terrace,Week4,224.5 Dowden Terrace - 177.5 Fair Oaks
Fairfax,Week2,Lee Graham,Week1,207.0 Fairfax - 195.0 Lee Graham
Fair Oaks ,Week3,Little Hunting Park,Week2,282.0 Fair Oaks - 120.0 Little Hunting Park
Fairfax,Week4,Laurel Hill,Week1,315.0 Fairfax - 87.0 Laurel Hill
Fair Oaks ,Week4,Little Hunting Park,Week4,265.0 Fair Oaks - 137.0 Little Hunting Park
Fair Oaks ,Week4,Holmes Run Acres,Week2,214.0 Fair Oaks - 188.0 Holmes Run Acres
Dunn Loring,Week3,Waynewood,Week1,244.0 Dunn Loring - 158.0 Waynewood
Fair Oaks ,Week2,Hunt Valley,Week2,273.5 Hunt Valley - 128.5 Fair Oaks
Fair Oaks ,Week2,Dowden Terrace,Week3,206.0 Dowden Terrace - 196.0 Fair Oaks
Dunn Loring,Week2,Sleepy Hollow Rec,Week3,322.0 Dunn Loring - 80.0 Sleepy Hollow Rec
Fairfax,Week2,Commonwealth,Week2,281.0 Fairfax - 121.0 Commonwealth
Fair Oaks ,Week4,Holmes Run Acres,Week5,228.0 Holmes Run Acres - 174.0 Fair Oaks
Dunn Loring,Week2,Waynewood,Week3,217.0 Dunn Loring - 185.0 Waynewood
Fair Oaks ,Week1,Hunt Valley,Week3,260.0 Hunt Valley - 142.0 Fair Oaks
Fairfax,Week2,Commonwealth,Week1,306.0 Fairfax - 96.0 Commonwealth
Dunn Loring,Week4,Sully Station,Week1,222.0 Dunn Loring - 180.0 Sully Station
Fair Oaks ,Week5,Riverside Gardens,Week3,238.0 Riverside Gardens - 164.0 Fair Oaks
Fair Oaks ,Week3,Little Hunting Park,Week4,283.0 Fair Oaks - 119.0 Little Hunting Park
Dunn Loring,Week5,Stratford,Week4,330.0 Dunn Loring - 72.0 Stratford
Dunn Loring,Week3,Sully Station,Week1,240.0 Dunn Loring - 162.0 Sully Station
Dunn Loring,Week2,Walden Glen,Week3,304.0 Dunn Loring - 98.0 Walden Glen
Fair Oaks ,Week1,Little Rocky Run,Week5,284.0 Little Rocky Run - 118.0 Fair Oaks
Fairfax,Week1,Annandale,Week3,295.0 Fairfax - 107.0 Annandale
Fair Oaks ,Week4,Riverside Gardens,Week4,280.0 Riverside Gardens - 122.0 Fair Oaks
Fair Oaks ,Week5,Woodley,Week2,314.0 Fair Oaks - 88.0 Woodley
Dunn Loring,Week1,Sleepy Hollow Rec,Week4,306.0 Dunn Loring - 96.0 Sleepy Hollow Rec
Fair Oaks ,Week4,Riverside Gardens,Week5,277.0 Riverside Gardens - 125.0 Fair Oaks
Fair Oaks ,Week1,Little Rocky Run,Week1,246.0 Little Rocky Run - 156.0 Fair Oaks
Dunn Loring,Week3,Stratford,Week1,344.5 Dunn Loring - 57.5 Stratford
Dunn Loring,Week3,Sleepy Hollow Rec,Week4,339.0 Dunn Loring - 63.0 Sleepy Hollow Rec
Fairfax,Week4,Commonwealth,Week1,306.0 Fairfax - 96.0 Commonwealth
Fairfax,Week1,Commonwealth,Week1,297.0 Fairfax - 105.0 Commonwealth
Fair Oaks ,Week3,Somerset-Olde Creek,Week5,305.0 Fair Oaks - 97.0 Somerset-Olde Creek
Fair Oaks ,Week3,Dowden Terrace,Week4,210.0 Fair Oaks - 192.0 Dowden Terrace
Dunn Loring,Week3,Walden Glen,Week1,321.0 Dunn Loring - 81.0 Walden Glen
Fairfax,Week2,Annandale,Week1,337.0 Fairfax - 65.0 Annandale
Dunn Loring,Week3,Stratford,Week3,341.5 Dunn Loring - 60.5 Stratford
Fair Oaks ,Week2,Riverside Gardens,Week5,298.0 Riverside Gardens - 104.0 Fair Oaks
Fairfax,Week2,Commonwealth,Week3,282.0 Fairfax - 120.0 Commonwealth
Fair Oaks ,Week4,Sleepy Hollow Rec,Week3,250.0 Fair Oaks - 152.0 Sleepy Hollow Rec
Dunn Loring,Week4,Walden Glen,Week5,284.0 Dunn Loring - 118.0 Walden Glen
Fair Oaks ,Week5,Donaldson Run,Week2,239.0 Donaldson Run - 163.0 Fair Oaks
Dunn Loring,Week3,Stratford,Week5,354.0 Dunn Loring - 48.0 Stratford
Fair Oaks ,Week5,Riverside Gardens,Week2,227.0 Riverside Gardens - 175.0 Fair Oaks
Fair Oaks ,Week2,Hunt Valley,Week4,282.0 Hunt Valley - 120.0 Fair Oaks
Fairfax,Week3,Laurel Hill,Week2,336.0 Fairfax - 66.0 Laurel Hill
Fair Oaks ,Week5,Little Hunting Park,Week3,286.0 Fair Oaks - 116.0 Little Hunting Park
Dunn Loring,Week3,Walden Glen,Week4,302.0 Dunn Loring - 100.0 Walden Glen
Fairfax,Week3,Laurel Hill,Week1,315.0 Fairfax - 87.0 Laurel Hill
Fairfax,Week1,Annandale,Week1,319.0 Fairfax - 83.0 Annandale
Fair Oaks ,Week4,Little Hunting Park,Week3,277.0 Fair Oaks - 125.0 Little Hunting Park
Fair Oaks ,Week1,Dowden Terrace,Week1,211.0 Fair Oaks - 191.0 Dowden Terrace
Fair Oaks ,Week3,Somerset-Olde Creek,Week2,330.0 Fair Oaks - 72.0 Somerset-Olde Creek
Dunn Loring,Week3,Sleepy Hollow Rec,Week2,350.0 Dunn Loring - 52.0 Sleepy Hollow Rec
Fair Oaks ,Week2,Woodley,Week4,276.0 Fair Oaks - 126.0 Woodley
Fairfax,Week2,Lee Graham,Week5,209.0 Lee Graham - 193.0 Fairfax
Dunn Loring,Week1,Sleepy Hollow Rec,Week2,319.0 Dunn Loring - 83.0 Sleepy Hollow Rec
Fair Oaks ,Week2,Holmes Run Acres,Week5,251.0 Holmes Run Acres - 151.0 Fair Oaks
Fair Oaks ,Week1,Rolling Forest,Week1,224.5 Fair Oaks - 177.5 Rolling Forest
Fairfax,Week3,Annandale,Week2,329.0 Fairfax - 73.0 Annandale
Fair Oaks ,Week3,Dowden Terrace,Week2,215.0 Fair Oaks - 187.0 Dowden Terrace
Fairfax,Week2,Annandale,Week5,317.0 Fairfax - 85.0 Annandale
Fair Oaks ,Week4,Somerset-Olde Creek,Week2,324.0 Fair Oaks - 78.0 Somerset-Olde Creek
Dunn Loring,Week5,Sleepy Hollow Rec,Week2,347.0 Dunn Loring - 55.0 Sleepy Hollow Rec
Fairfax,Week3,Annandale,Week1,334.0 Fairfax - 68.0 Annandale
Fair Oaks ,Week4,Dowden Terrace,Week4,203.0 Dowden Terrace - 199.0 Fair Oaks
Dunn Loring,Week4,Stratford,Week5,349.0 Dunn Loring - 53.0 Stratford
Fair Oaks ,Week4,Somerset-Olde Creek,Week4,326.0 Fair Oaks - 76.0 Somerset-Olde Creek
Fairfax,Week4,Laurel Hill,Week4,319.0 Fairfax - 83.0 Laurel Hill
Dunn Loring,Week5,Sleepy Hollow Rec,Week3,337.0 Dunn Loring - 65.0 Sleepy Hollow Rec
Fair Oaks ,Week5,Riverside Gardens,Week1,233.0 Riverside Gardens - 169.0 Fair Oaks
Fair Oaks ,Week5,Somerset-Olde Creek,Week1,334.0 Fair Oaks - 68.0 Somerset-Olde Creek
Fair Oaks ,Week3,Holmes Run Acres,Week1,225.0 Fair Oaks - 177.0 Holmes Run Acres
Fair Oaks ,Week1,Holmes Run Acres,Week3,225.0 Holmes Run Acres - 177.0 Fair Oaks
Fairfax,Week4,Laurel Hill,Week2,340.0 Fairfax - 62.0 Laurel Hill
Fair Oaks ,Week2,Little Hunting Park,Week4,264.0 Fair Oaks - 138.0 Little Hunting Park
Dunn Loring,Week4,Stratford,Week4,333.0 Dunn Loring - 69.0 Stratford
Fair Oaks ,Week1,Little Rocky Run,Week4,267.0 Little Rocky Run - 135.0 Fair Oaks
Fair Oaks ,Week3,Holmes Run Acres,Week2,225.0 Fair Oaks - 177.0 Holmes Run Acres
Fair Oaks ,Week5,Riverside Gardens,Week5,258.0 Riverside Gardens - 144.0 Fair Oaks
Fairfax,Week4,Chesterbrook,Week4,294.0 Chesterbrook - 108.0 Fairfax
Fairfax,Week1,Cottontail,Week4,278.0 Fairfax - 124.0 Cottontail
Dunn Loring,Week4,Waynewood,Week1,254.0 Dunn Loring - 148.0 Waynewood
Dunn Loring,Week1,Waynewood,Week1,229.0 Dunn Loring - 173.0 Waynewood
Dunn Loring,Week4,Sleepy Hollow Rec,Week2,336.0 Dunn Loring - 66.0 Sleepy Hollow Rec
Fairfax,Week5,Laurel Hill,Week4,333.0 Fairfax - 69.0 Laurel Hill
Dunn Loring,Week5,Stratford,Week2,346.0 Dunn Loring - 56.0 Stratford
Fair Oaks ,Week2,Long Branch,Week2,222.0 Fair Oaks - 180.0 Long Branch
Dunn Loring,Week2,Stratford,Week5,343.0 Dunn Loring - 59.0 Stratford
Fairfax,Week3,Annandale,Week3,321.0 Fairfax - 81.0 Annandale
Fair Oaks ,Week5,Somerset-Olde Creek,Week3,331.0 Fair Oaks - 71.0 Somerset-Olde Creek
Fair Oaks ,Week5,Sleepy Hollow Rec,Week3,288.0 Fair Oaks - 114.0 Sleepy Hollow Rec
Dunn Loring,Week1,Somerset-Olde Creek,Week1,334.0 Dunn Loring - 68.0 Somerset-Olde Creek
Fairfax,Week1,Lee Graham,Week1,223.0 Lee Graham - 179.0 Fairfax
Dunn Loring,Week3,Stratford,Week4,328.0 Dunn Loring - 74.0 Stratford
Dunn Loring,Week4,Walden Glen,Week2,306.0 Dunn Loring - 95.0 Walden Glen
Fair Oaks ,Week2,Holmes Run Acres,Week3,251.0 Holmes Run Acres - 151.0 Fair Oaks
Fairfax,Week2,Annandale,Week4,337.0 Fairfax - 65.0 Annandale
Dunn Loring,Week4,Somerset-Olde Creek,Week2,368.0 Dunn Loring - 34.0 Somerset-Olde Creek
Dunn Loring,Week3,Walden Glen,Week3,313.0 Dunn Loring - 89.0 Walden Glen
Fair Oaks ,Week4,Dowden Terrace,Week2,212.0 Fair Oaks - 190.0 Dowden Terrace
Fairfax,Week2,Commonwealth,Week4,310.0 Fairfax - 92.0 Commonwealth
Fair Oaks ,Week5,Dowden Terrace,Week2,228.0 Fair Oaks - 174.0 Dowden Terrace
Fair Oaks ,Week5,Little Rocky Run,Week4,242.0 Little Rocky Run - 160.0 Fair Oaks
Fair Oaks ,Week4,Holmes Run Acres,Week1,219.0 Fair Oaks - 183.0 Holmes Run Acres
Fair Oaks ,Week1,Rolling Forest,Week3,203.0 Rolling Forest - 199.0 Fair Oaks
Fair Oaks ,Week1,Holmes Run Acres,Week2,220.0 Fair Oaks - 182.0 Holmes Run Acres
Fair Oaks ,Week5,Dowden Terrace,Week1,234.0 Fair Oaks - 167.0 Dowden Terrace
Dunn Loring,Week3,Walden Glen,Week5,280.0 Dunn Loring - 122.0 Walden Glen
Fair Oaks ,Week1,Long Branch,Week5,239.0 Fair Oaks - 163.0 Long Branch
Dunn Loring,Week1,Somerset-Olde Creek,Week2,341.0 Dunn Loring - 56.0 Somerset-Olde Creek
Fairfax,Week4,Chesterbrook,Week3,321.0 Chesterbrook - 81.0 Fairfax
Dunn Loring,Week4,Waynewood,Week4,236.0 Dunn Loring - 166.0 Waynewood
Dunn Loring,Week5,Stratford,Week1,336.0 Dunn Loring - 66.0 Stratford
Fairfax,Week4,Laurel Hill,Week3,322.0 Fairfax - 80.0 Laurel Hill
Fairfax,Week4,Commonwealth,Week3,287.0 Fairfax - 115.0 Commonwealth
Fair Oaks ,Week2,Dunn Loring,Week2,298.0 Dunn Loring - 104.0 Fair Oaks
Fair Oaks ,Week5,Sleepy Hollow Rec,Week4,316.0 Fair Oaks - 86.0 Sleepy Hollow Rec
Fairfax,Week5,Laurel Hill,Week5,313.0 Fairfax - 89.0 Laurel Hill
Fairfax,Week3,Annandale,Week4,337.0 Fairfax - 65.0 Annandale
Fair Oaks ,Week2,Long Branch,Week4,237.0 Fair Oaks - 165.0 Long Branch
Fair Oaks ,Week2,Rolling Forest,Week1,209.0 Rolling Forest - 193.0 Fair Oaks
Fairfax,Week1,Commonwealth,Week3,276.0 Fairfax - 126.0 Commonwealth
Fair Oaks ,Week2,Rolling Forest,Week3,238.0 Rolling Forest - 164.0 Fair Oaks
Fairfax Club Estates,Week5,Sideburn Run,Week5,254.5 Sideburn Run - 146.5 Fairfax Club Estates
Fairfax Club Estates,Week2,Great Falls,Week3,261.0 Great Falls - 141.0 Fairfax Club Estates
Fairfax,Week5,Vienna Woods,Week4,202.0 Vienna Woods - 200.0 Fairfax
Fairfax Station,Week1,Great Falls,Week3,241.0 Fairfax Station - 161.0 Great Falls
Fairfax Station,Week3,Dominion Hills,Week2,270.0 Fairfax Station - 132.0 Dominion Hills
Fairfax Club Estates,Week5,Sideburn Run,Week4,248.0 Sideburn Run - 153.0 Fairfax Club Estates
Fairfax,Week5,Sleepy Hollow B & R,Week1,291.0 Fairfax - 111.0 Sleepy Hollow B & R
Fairfax Club Estates,Week4,Lakeview,Week3,269.0 Fairfax Club Estates - 133.0 Lakeview
Fairfax Station,Week3,Fox Mill Woods,Week3,232.0 Fairfax Station - 170.0 Fox Mill Woods
Fairfax,Week2,Villa Aquatic,Week3,267.0 Fairfax - 135.0 Villa Aquatic
Fairfax Club Estates,Week3,Great Falls,Week2,224.0 Great Falls - 159.0 Fairfax Club Estates
Fairfax Station,Week5,Lakevale Estates,Week1,227.0 Fairfax Station - 175.0 Lakevale Estates
Fairfax Club Estates,Week1,Lakevale Estates,Week1,291.0 Lakevale Estates - 111.0 Fairfax Club Estates
Fairfax,Week3,Villa Aquatic,Week3,256.0 Fairfax - 146.0 Villa Aquatic
Fairfax,Week3,Sleepy Hollow B & R,Week3,253.0 Fairfax - 149.0 Sleepy Hollow B & R
Fairfax Station,Week1,Donaldson Run,Week4,225.0 Donaldson Run - 177.0 Fairfax Station
Fairfax Station,Week5,Fox Mill Woods,Week2,243.0 Fairfax Station - 159.0 Fox Mill Woods
Fairfax Club Estates,Week2,Sleepy Hollow B & R,Week4,296.0 Sleepy Hollow B & R - 106.0 Fairfax Club Estates
Fairfax,Week1,Village West,Week2,304.0 Fairfax - 98.0 Village West
Fairfax Club Estates,Week2,Great Falls,Week1,240.0 Great Falls - 161.0 Fairfax Club Estates
Fairfax Station,Week4,Dominion Hills,Week2,246.0 Fairfax Station - 156.0 Dominion Hills
Fairfax,Week3,Sleepy Hollow B & R,Week4,259.0 Fairfax - 143.0 Sleepy Hollow B & R
Fairfax Club Estates,Week5,Lake Braddock,Week5,217.0 Fairfax Club Estates - 184.0 Lake Braddock
Fairfax,Week2,Sleepy Hollow B & R,Week3,255.0 Fairfax - 147.0 Sleepy Hollow B & R
Fairfax Club Estates,Week1,Great Falls,Week1,224.0 Great Falls - 177.0 Fairfax Club Estates
Fairfax Club Estates,Week4,Lakevale Estates,Week1,295.0 Lakevale Estates - 107.0 Fairfax Club Estates
Fairfax Club Estates,Week1,Lakevale Estates,Week3,306.0 Lakevale Estates - 96.0 Fairfax Club Estates
Fairfax Club Estates,Week3,Lakevale Estates,Week5,312.0 Lakevale Estates - 90.0 Fairfax Club Estates
Fairfax,Week1,Villa Aquatic,Week1,275.0 Fairfax - 127.0 Villa Aquatic
Fairfax Station,Week1,Fox Mill Woods,Week4,208.0 Fairfax Station - 194.0 Fox Mill Woods
Fairfax Station,Week3,Lake Braddock,Week3,348.0 Fairfax Station - 54.0 Lake Braddock
Fairfax Station,Week3,Lake Braddock,Week2,345.0 Fairfax Station - 57.0 Lake Braddock
Fairfax Station,Week5,Kings Ridge ,Week4,343.0 Fairfax Station - 59.0 Kings Ridge
Fairfax,Week4,Sleepy Hollow B & R,Week3,252.0 Fairfax - 150.0 Sleepy Hollow B & R
Fairfax Station,Week4,Fox Mill Woods,Week1,208.0 Fox Mill Woods - 194.0 Fairfax Station
Fairfax Club Estates,Week4,Fox Mill Woods,Week4,292.0 Fox Mill Woods - 110.0 Fairfax Club Estates
Fairfax Club Estates,Week4,Great Falls,Week2,210.0 Great Falls - 174.0 Fairfax Club Estates
Fairfax,Week3,Village West,Week1,328.0 Fairfax - 73.0 Village West
Fairfax Station,Week3,Lake Braddock,Week5,327.0 Fairfax Station - 75.0 Lake Braddock
Fairfax Station,Week1,Great Falls,Week2,249.0 Fairfax Station - 135.0 Great Falls
Fairfax Station,Week2,Lake Braddock,Week3,328.0 Fairfax Station - 74.0 Lake Braddock
Fairfax,Week3,Sleepy Hollow B & R,Week5,236.5 Fairfax - 165.5 Sleepy Hollow B & R
Fairfax Station,Week1,Fox Mill Woods,Week3,223.0 Fairfax Station - 179.0 Fox Mill Woods
Fairfax Station,Week5,Dominion Hills,Week3,272.0 Fairfax Station - 130.0 Dominion Hills
Fairfax,Week1,Villa Aquatic,Week5,249.0 Fairfax - 153.0 Villa Aquatic
Fairfax Club Estates,Week2,Sleepy Hollow B & R,Week5,294.0 Sleepy Hollow B & R - 107.0 Fairfax Club Estates
Fairfax Station,Week4,Dominion Hills,Week3,251.0 Fairfax Station - 151.0 Dominion Hills
Fairfax,Week4,Sleepy Hollow B & R,Week5,219.0 Fairfax - 183.0 Sleepy Hollow B & R
Fairfax,Week5,Vienna Woods,Week3,202.0 Vienna Woods - 200.0 Fairfax
Fairfax,Week1,Sleepy Hollow B & R,Week4,243.0 Fairfax - 159.0 Sleepy Hollow B & R
Fairfax Station,Week4,Fox Mill Woods,Week5,203.0 Fox Mill Woods - 199.0 Fairfax Station
Fairfax Club Estates,Week3,Sleepy Hollow B & R,Week3,296.0 Sleepy Hollow B & R - 105.0 Fairfax Club Estates
Fairfax Club Estates,Week1,Sleepy Hollow B & R,Week2,262.0 Sleepy Hollow B & R - 140.0 Fairfax Club Estates
Fairfax Club Estates,Week1,Great Falls,Week5,237.0 Great Falls - 164.0 Fairfax Club Estates
Fairfax Club Estates,Week4,Lakevale Estates,Week3,297.0 Lakevale Estates - 105.0 Fairfax Club Estates
Fairfax Club Estates,Week5,Lakevale Estates,Week2,301.0 Lakevale Estates - 101.0 Fairfax Club Estates
Fairfax Station,Week2,Lake Braddock,Week5,315.0 Fairfax Station - 87.0 Lake Braddock
Fairfax Station,Week2,Donaldson Run,Week3,209.0 Donaldson Run - 193.0 Fairfax Station
Fairfax Club Estates,Week3,Sleepy Hollow B & R,Week1,277.0 Sleepy Hollow B & R - 124.0 Fairfax Club Estates
Fairfax,Week1,Sleepy Hollow Rec,Week2,324.0 Fairfax - 78.0 Sleepy Hollow Rec
Fairfax Club Estates,Week3,Lakevale Estates,Week2,315.0 Lakevale Estates - 87.0 Fairfax Club Estates
Fairfax,Week1,Sleepy Hollow B & R,Week1,255.0 Fairfax - 147.0 Sleepy Hollow B & R
Fairfax Station,Week1,Donaldson Run,Week1,214.0 Donaldson Run - 188.0 Fairfax Station
Fairfax Club Estates,Week5,Lakevale Estates,Week5,311.0 Lakevale Estates - 91.0 Fairfax Club Estates
Fairfax Station,Week4,Fox Mill Woods,Week3,214.0 Fairfax Station - 188.0 Fox Mill Woods
Fairfax Station,Week4,Lake Braddock,Week1,342.0 Fairfax Station - 60.0 Lake Braddock
Fairfax,Week1,Sleepy Hollow Rec,Week3,294.5 Fairfax - 107.5 Sleepy Hollow Rec
Fairfax Club Estates,Week4,Great Falls,Week3,222.0 Great Falls - 180.0 Fairfax Club Estates
Fairfax Station,Week3,Fox Mill Woods,Week5,228.0 Fairfax Station - 174.0 Fox Mill Woods
Fairfax Club Estates,Week5,Sleepy Hollow B & R,Week4,290.0 Sleepy Hollow B & R - 112.0 Fairfax Club Estates
Fairfax Station,Week3,Dominion Hills,Week4,249.5 Fairfax Station - 152.5 Dominion Hills
Fairfax Station,Week4,Lake Braddock,Week3,334.0 Fairfax Station - 68.0 Lake Braddock
Fairfax Club Estates,Week4,Fox Mill Woods,Week5,279.0 Fox Mill Woods - 123.0 Fairfax Club Estates
Fairfax Station,Week4,Lake Braddock,Week2,336.0 Fairfax Station - 66.0 Lake Braddock
Fairfax Club Estates,Week3,Great Falls,Week1,229.0 Great Falls - 171.0 Fairfax Club Estates
Fairfax Club Estates,Week5,Sleepy Hollow B & R,Week5,297.0 Sleepy Hollow B & R - 104.0 Fairfax Club Estates
Fairfax Club Estates,Week4,Sleepy Hollow B & R,Week2,255.0 Sleepy Hollow B & R - 147.0 Fairfax Club Estates
Fairfax,Week3,Villa Aquatic,Week2,286.0 Fairfax - 116.0 Villa Aquatic
Fairfax Club Estates,Week2,Sleepy Hollow B & R,Week2,279.0 Sleepy Hollow B & R - 123.0 Fairfax Club Estates
Fairfax Station,Week2,Dominion Hills,Week2,250.0 Fairfax Station - 152.0 Dominion Hills
Fairfax Station,Week3,Fox Mill Woods,Week4,232.0 Fairfax Station - 170.0 Fox Mill Woods
Fairfax Station,Week5,Dominion Hills,Week5,251.0 Fairfax Station - 151.0 Dominion Hills
Fairfax Club Estates,Week1,Sleepy Hollow B & R,Week5,291.0 Sleepy Hollow B & R - 111.0 Fairfax Club Estates
Fairfax,Week5,Vienna Woods,Week2,207.0 Vienna Woods - 194.0 Fairfax
Fairfax Station,Week4,Lake Braddock,Week5,323.0 Fairfax Station - 79.0 Lake Braddock
Fairfax Club Estates,Week4,Great Falls,Week1,204.0 Fairfax Club Estates - 198.0 Great Falls
Fairfax,Week1,Villa Aquatic,Week3,255.0 Fairfax - 147.0 Villa Aquatic
Fairfax Club Estates,Week5,Lakevale Estates,Week1,295.0 Lakevale Estates - 107.0 Fairfax Club Estates
Fairfax Station,Week5,Fox Mill Woods,Week1,216.0 Fairfax Station - 186.0 Fox Mill Woods
Fairfax Station,Week4,Dominion Hills,Week5,216.0 Fairfax Station - 186.0 Dominion Hills
Fairfax Club Estates,Week1,Great Falls,Week2,216.0 Great Falls - 162.0 Fairfax Club Estates
Fairfax Club Estates,Week3,Lakevale Estates,Week4,319.0 Lakevale Estates - 83.0 Fairfax Club Estates
Fairfax Station,Week1,Lakevale Estates,Week1,206.5 Fairfax Station - 195.5 Lakevale Estates
Fairfax Station,Week2,Dominion Hills,Week3,249.5 Fairfax Station - 152.5 Dominion Hills
Fairfax Club Estates,Week2,Great Falls,Week4,237.0 Great Falls - 162.0 Fairfax Club Estates
Fairfax Club Estates,Week5,Lakevale Estates,Week4,319.0 Lakevale Estates - 83.0 Fairfax Club Estates
Fairfax Station,Week4,Dominion Hills,Week1,257.0 Fairfax Station - 145.0 Dominion Hills
Fairfax Station,Week2,Lakevale Estates,Week3,212.0 Lakevale Estates - 190.0 Fairfax Station
Fairfax,Week1,Sleepy Hollow Rec,Week1,317.0 Fairfax - 85.0 Sleepy Hollow Rec
Fairfax,Week2,Village West,Week2,330.0 Fairfax - 72.0 Village West
Fairfax,Week5,Sleepy Hollow B & R,Week2,280.0 Fairfax - 122.0 Sleepy Hollow B & R
Fairfax Station,Week5,Lakevale Estates,Week5,202.0 Lakevale Estates - 200.0 Fairfax Station
Fairfax Club Estates,Week4,Fox Mill Woods,Week3,272.0 Fox Mill Woods - 130.0 Fairfax Club Estates
Fairfax Station,Week5,Fox Mill Woods,Week3,237.0 Fairfax Station - 165.0 Fox Mill Woods
Fairfax Club Estates,Week4,Sleepy Hollow B & R,Week1,249.0 Sleepy Hollow B & R - 153.0 Fairfax Club Estates
Fairfax,Week2,Villa Aquatic,Week1,280.0 Fairfax - 122.0 Villa Aquatic
Fairfax Station,Week5,Dominion Hills,Week1,293.0 Fairfax Station - 109.0 Dominion Hills
Fairfax,Week3,Villa Aquatic,Week5,265.0 Fairfax - 137.0 Villa Aquatic
Fairfax,Week1,Sleepy Hollow Rec,Week4,316.0 Fairfax - 86.0 Sleepy Hollow Rec
Fairfax Club Estates,Week3,Great Falls,Week4,225.0 Great Falls - 176.0 Fairfax Club Estates
Fairfax Club Estates,Week2,Lakevale Estates,Week3,314.0 Lakevale Estates - 88.0 Fairfax Club Estates
Fairfax,Week2,Sleepy Hollow Rec,Week1,323.0 Fairfax - 79.0 Sleepy Hollow Rec
Fairfax Station,Week1,Lakevale Estates,Week2,205.0 Lakevale Estates - 197.0 Fairfax Station
Fairfax,Week5,Oakton ,Week5,207.0 Fairfax - 195.0 Oakton
Fairfax Station,Week2,Fox Mill Woods,Week4,204.0 Fairfax Station - 198.0 Fox Mill Woods
Fairfax Club Estates,Week2,Lakevale Estates,Week4,322.0 Lakevale Estates - 80.0 Fairfax Club Estates
Fairfax Station,Week1,Donaldson Run,Week3,213.0 Donaldson Run - 189.0 Fairfax Station
Fairfax Club Estates,Week2,Sleepy Hollow B & R,Week1,273.0 Sleepy Hollow B & R - 129.0 Fairfax Club Estates
Fairfax,Week5,Oakton ,Week1,224.5 Fairfax - 177.5 Oakton
Fairfax Station,Week1,Great Falls,Week4,265.0 Fairfax Station - 137.0 Great Falls
Fairfax Station,Week1,Great Falls,Week5,227.0 Fairfax Station - 174.0 Great Falls
Fairfax,Week4,Villa Aquatic,Week1,285.0 Fairfax - 117.0 Villa Aquatic
Fairfax Club Estates,Week1,Great Falls,Week4,222.0 Great Falls - 174.0 Fairfax Club Estates
Fairfax Station,Week2,Donaldson Run,Week1,203.0 Fairfax Station - 199.0 Donaldson Run
Fairfax Station,Week5,Fox Mill Woods,Week4,248.0 Fairfax Station - 154.0 Fox Mill Woods
Fairfax Club Estates,Week4,Sleepy Hollow B & R,Week3,271.0 Sleepy Hollow B & R - 131.0 Fairfax Club Estates
Fairfax,Week4,Oakton ,Week1,208.0 Oakton - 194.0 Fairfax
Fairfax Club Estates,Week2,Lakevale Estates,Week5,316.0 Lakevale Estates - 86.0 Fairfax Club Estates
Fairfax Station,Week2,Lakevale Estates,Week1,212.5 Fairfax Station - 189.5 Lakevale Estates
Fairfax,Week4,Villa Aquatic,Week3,255.0 Fairfax - 147.0 Villa Aquatic
Fairfax,Week2,Sleepy Hollow Rec,Week5,308.0 Fairfax - 94.0 Sleepy Hollow Rec
Fairfax,Week3,Oakton ,Week5,207.0 Oakton - 195.0 Fairfax
Fairfax Club Estates,Week1,Sleepy Hollow B & R,Week1,257.0 Sleepy Hollow B & R - 145.0 Fairfax Club Estates
Fairfax Club Estates,Week4,Lakevale Estates,Week2,297.0 Lakevale Estates - 105.0 Fairfax Club Estates
Fairfax Club Estates,Week3,Great Falls,Week5,237.0 Great Falls - 162.0 Fairfax Club Estates
Fairfax Station,Week5,Lake Braddock,Week2,347.0 Fairfax Station - 55.0 Lake Braddock
Fairfax,Week4,Villa Aquatic,Week2,275.0 Fairfax - 127.0 Villa Aquatic
Fairfax,Week2,Sleepy Hollow Rec,Week3,301.0 Fairfax - 101.0 Sleepy Hollow Rec
Fairfax Club Estates,Week3,Sleepy Hollow B & R,Week4,304.0 Sleepy Hollow B & R - 98.0 Fairfax Club Estates
Fairfax Station,Week1,Donaldson Run,Week5,251.0 Donaldson Run - 151.0 Fairfax Station
Fairfax Station,Week5,Lake Braddock,Week3,348.0 Fairfax Station - 54.0 Lake Braddock
Fairfax Station,Week2,Dominion Hills,Week4,233.0 Fairfax Station - 164.0 Dominion Hills
Fairfax Club Estates,Week1,Sleepy Hollow B & R,Week3,279.0 Sleepy Hollow B & R - 123.0 Fairfax Club Estates
Fairfax Station,Week2,Great Falls,Week3,244.0 Fairfax Station - 158.0 Great Falls
Fairfax,Week1,Old Keene Mill,Week5,287.0 Fairfax - 115.0 Old Keene Mill
Fairfax Station,Week1,Donaldson Run,Week2,222.0 Donaldson Run - 180.0 Fairfax Station
Fairfax Club Estates,Week3,Sleepy Hollow B & R,Week2,277.0 Sleepy Hollow B & R - 124.0 Fairfax Club Estates
Fairfax Club Estates,Week2,Lakeview,Week1,245.0 Fairfax Club Estates - 157.0 Lakeview
Fairfax,Week2,Villa Aquatic,Week5,270.0 Fairfax - 132.0 Villa Aquatic
Fairfax Station,Week2,Great Falls,Week1,286.0 Fairfax Station - 116.0 Great Falls
Fairfax,Week3,Sleepy Hollow Rec,Week1,317.0 Fairfax - 85.0 Sleepy Hollow Rec
Fairfax Station,Week3,Dominion Hills,Week5,250.5 Fairfax Station - 151.5 Dominion Hills
Fairfax Club Estates,Week5,Lakevale Estates,Week3,303.0 Lakevale Estates - 99.0 Fairfax Club Estates
Fairfax,Week5,Villa Aquatic,Week3,281.0 Fairfax - 121.0 Villa Aquatic
Fairfax Club Estates,Week5,Fox Mill Woods,Week3,282.5 Fox Mill Woods - 119.5 Fairfax Club Estates
Fairfax,Week5,Villa Aquatic,Week4,305.0 Fairfax - 97.0 Villa Aquatic
Fairfax Club Estates,Week5,Fox Mill Woods,Week5,287.0 Fox Mill Woods - 115.0 Fairfax Club Estates
Fairfax,Week3,Sleepy Hollow Rec,Week5,311.0 Fairfax - 91.0 Sleepy Hollow Rec
Fairfax,Week5,Villa Aquatic,Week2,304.0 Fairfax - 98.0 Villa Aquatic
Fairfax Club Estates,Week1,Lakeview,Week4,223.0 Fairfax Club Estates - 179.0 Lakeview
Fairfax,Week2,Old Keene Mill,Week1,319.0 Fairfax - 83.0 Old Keene Mill
Fairfax Station,Week3,Lakevale Estates,Week1,220.0 Fairfax Station - 182.0 Lakevale Estates
Fairfax Club Estates,Week5,Sleepy Hollow B & R,Week2,258.0 Sleepy Hollow B & R - 143.0 Fairfax Club Estates
Fairfax Station,Week3,Dominion Hills,Week3,269.0 Fairfax Station - 133.0 Dominion Hills
Fairfax Station,Week3,Lakevale Estates,Week3,207.0 Lakevale Estates - 195.0 Fairfax Station
Fairfax Station,Week1,Greenbriar,Week1,255.0 Fairfax Station - 147.0 Greenbriar
Fairfax,Week5,Villa Aquatic,Week1,299.0 Fairfax - 103.0 Villa Aquatic
Fairfax Station,Week4,Great Falls,Week5,223.0 Fairfax Station - 178.0 Great Falls
Fairfax,Week3,Sleepy Hollow Rec,Week2,320.0 Fairfax - 82.0 Sleepy Hollow Rec
Fairfax Club Estates,Week4,Sleepy Hollow B & R,Week5,291.0 Sleepy Hollow B & R - 111.0 Fairfax Club Estates
Fairfax Club Estates,Week1,Lakeview,Week1,252.0 Fairfax Club Estates - 150.0 Lakeview
Fairfax Station,Week4,Lakevale Estates,Week1,206.0 Fairfax Station - 196.0 Lakevale Estates
Fairfax Club Estates,Week4,Greenbriar,Week5,242.0 Greenbriar - 160.0 Fairfax Club Estates
Fairfax,Week3,Sleepy Hollow Rec,Week3,306.0 Fairfax - 96.0 Sleepy Hollow Rec
Fairfax Club Estates,Week2,Lakeview,Week3,220.0 Fairfax Club Estates - 181.0 Lakeview
Fairfax Station,Week5,Lake Braddock,Week1,362.0 Fairfax Station - 40.0 Lake Braddock
Fairfax Club Estates,Week3,Greenbriar,Week1,264.0 Greenbriar - 138.0 Fairfax Club Estates
Fairfax Station,Week2,Dominion Hills,Week1,256.0 Fairfax Station - 146.0 Dominion Hills
Fairfax Station,Week4,Dominion Hills,Week4,226.0 Fairfax Station - 176.0 Dominion Hills
Fairfax Station,Week2,Lakevale Estates,Week2,209.0 Lakevale Estates - 193.0 Fairfax Station
Fairfax Club Estates,Week2,Lakeview,Week4,213.0 Fairfax Club Estates - 188.0 Lakeview
Fairfax,Week2,Sleepy Hollow Rec,Week2,323.0 Fairfax - 79.0 Sleepy Hollow Rec
Fairfax Club Estates,Week4,Sleepy Hollow B & R,Week4,283.0 Sleepy Hollow B & R - 119.0 Fairfax Club Estates
Fairfax,Week4,Old Keene Mill,Week3,294.0 Fairfax - 108.0 Old Keene Mill
Fairfax,Week5,Oakton ,Week4,209.0 Fairfax - 193.0 Oakton
Fairfax,Week4,Oakton ,Week4,226.0 Oakton - 176.0 Fairfax
Fairfax Club Estates,Week2,Greenbriar,Week2,275.0 Greenbriar - 127.0 Fairfax Club Estates
Fairfax,Week2,Sleepy Hollow Rec,Week4,328.5 Fairfax - 73.5 Sleepy Hollow Rec
Fairfax Club Estates,Week5,Fox Mill Woods,Week4,295.0 Fox Mill Woods - 107.0 Fairfax Club Estates
Fairfax Station,Week2,Great Falls,Week2,262.0 Fairfax Station - 122.0 Great Falls
Fairfax Club Estates,Week3,Sleepy Hollow B & R,Week5,300.0 Sleepy Hollow B & R - 101.0 Fairfax Club Estates
Fairfax,Week3,Sleepy Hollow Rec,Week4,321.0 Fairfax - 81.0 Sleepy Hollow Rec
Fairfax,Week5,Oakton ,Week2,209.0 Fairfax - 193.0 Oakton
Fairfax Station,Week2,Greenbriar,Week5,262.0 Fairfax Station - 140.0 Greenbriar
Fairfax Station,Week3,Greenbriar,Week3,276.0 Fairfax Station - 126.0 Greenbriar
Fairfax,Week1,Village West,Week1,315.0 Fairfax - 87.0 Village West
Fairfax Club Estates,Week2,Lakeview,Week5,219.0 Fairfax Club Estates - 174.0 Lakeview
Fairfax Club Estates,Week5,Great Falls,Week5,232.0 Great Falls - 169.0 Fairfax Club Estates
Fairfax Station,Week5,Dominion Hills,Week2,284.0 Fairfax Station - 118.0 Dominion Hills
Fairfax Club Estates,Week5,Sleepy Hollow B & R,Week3,281.0 Sleepy Hollow B & R - 120.0 Fairfax Club Estates
Fairfax,Week3,Old Keene Mill,Week2,303.0 Fairfax - 99.0 Old Keene Mill
Fairfax Station,Week3,Lakevale Estates,Week2,216.0 Fairfax Station - 186.0 Lakevale Estates
Fairfax Club Estates,Week5,Greenbriar,Week5,248.0 Greenbriar - 153.0 Fairfax Club Estates
Fairfax Station,Week4,Lakevale Estates,Week4,240.0 Lakevale Estates - 162.0 Fairfax Station
Fairfax Station,Week5,Dominion Hills,Week4,253.0 Fairfax Station - 149.0 Dominion Hills
Fairfax Club Estates,Week1,Lakeview,Week5,232.0 Fairfax Club Estates - 161.0 Lakeview
Fairfax Station,Week3,Dominion Hills,Week1,275.0 Fairfax Station - 127.0 Dominion Hills
Fairfax,Week4,Sleepy Hollow Rec,Week1,324.0 Fairfax - 78.0 Sleepy Hollow Rec
Fairfax,Week2,Old Keene Mill,Week3,297.0 Fairfax - 105.0 Old Keene Mill
Fairfax,Week1,Village West,Week4,311.0 Fairfax - 86.0 Village West
Fairfax Club Estates,Week1,Sleepy Hollow Rec,Week2,236.0 Fairfax Club Estates - 166.0 Sleepy Hollow Rec
Fairfax Station,Week2,Greenbriar,Week4,279.0 Fairfax Station - 123.0 Greenbriar
Fairfax Station,Week4,Great Falls,Week2,259.0 Fairfax Station - 125.0 Great Falls
Fairfax Club Estates,Week1,Greenbriar,Week5,239.0 Greenbriar - 163.0 Fairfax Club Estates
Fairfax,Week4,Sleepy Hollow Rec,Week2,325.0 Fairfax - 77.0 Sleepy Hollow Rec
Fairfax Club Estates,Week3,Lakeview,Week2,257.0 Fairfax Club Estates - 145.0 Lakeview
Fairfax Station,Week4,Lakevale Estates,Week2,204.0 Fairfax Station - 198.0 Lakevale Estates
Fairfax,Week1,Village West,Week5,309.0 Fairfax - 93.0 Village West
Fairfax Club Estates,Week5,Great Falls,Week4,221.0 Great Falls - 176.0 Fairfax Club Estates
Fairfax Club Estates,Week5,Great Falls,Week1,219.0 Great Falls - 182.0 Fairfax Club Estates
Fairfax Station,Week4,Great Falls,Week4,268.0 Fairfax Station - 134.0 Great Falls
Fairfax,Week2,Village West,Week1,326.0 Fairfax - 76.0 Village West
Fairfax,Week3,Old Keene Mill,Week5,294.0 Fairfax - 108.0 Old Keene Mill
Fairfax Club Estates,Week1,Sleepy Hollow Rec,Week4,238.0 Fairfax Club Estates - 164.0 Sleepy Hollow Rec
Fairfax,Week2,Village West,Week3,303.0 Fairfax - 99.0 Village West
Fairfax,Week3,Oakton ,Week4,204.0 Oakton - 198.0 Fairfax
Fairfax Club Estates,Week5,Great Falls,Week3,229.0 Great Falls - 173.0 Fairfax Club Estates
Fairfax Club Estates,Week3,Sleepy Hollow Rec,Week3,219.0 Fairfax Club Estates - 183.0 Sleepy Hollow Rec
Fairfax Station,Week3,Lakevale Estates,Week5,214.5 Lakevale Estates - 187.5 Fairfax Station
Fairfax Station,Week2,Lakevale Estates,Week5,230.0 Lakevale Estates - 172.0 Fairfax Station
Fairfax,Week1,Old Keene Mill,Week1,289.0 Fairfax - 113.0 Old Keene Mill
Fairfax Club Estates,Week3,Lakeview,Week1,265.0 Fairfax Club Estates - 137.0 Lakeview
Fairfax Station,Week3,Donaldson Run,Week1,225.0 Fairfax Station - 177.0 Donaldson Run
Fairfax,Week1,Village West,Week3,289.0 Fairfax - 113.0 Village West
Fairfax Club Estates,Week3,Lakeview,Week3,243.0 Fairfax Club Estates - 159.0 Lakeview
Fairfax Station,Week4,Lakevale Estates,Week5,230.0 Lakevale Estates - 172.0 Fairfax Station
Fairfax Station,Week3,Great Falls,Week2,272.0 Fairfax Station - 112.0 Great Falls
Fairfax Station,Week2,Donaldson Run,Week2,215.0 Donaldson Run - 187.0 Fairfax Station
Fairfax Station,Week2,Dominion Hills,Week5,229.0 Fairfax Station - 173.0 Dominion Hills
Fairfax Club Estates,Week3,Sleepy Hollow Rec,Week2,231.5 Fairfax Club Estates - 170.5 Sleepy Hollow Rec
Fairfax Station,Week5,Great Falls,Week4,292.0 Fairfax Station - 110.0 Great Falls
Fairfax Station,Week3,Donaldson Run,Week5,212.5 Donaldson Run - 189.5 Fairfax Station
Fairfax Station,Week5,Lake Braddock,Week5,334.0 Fairfax Station - 68.0 Lake Braddock
Fairfax Club Estates,Week2,Greenbriar,Week5,260.0 Greenbriar - 141.0 Fairfax Club Estates
Fairfax Station,Week2,Lakevale Estates,Week4,224.0 Lakevale Estates - 178.0 Fairfax Station
Fairfax Station,Week3,Lakevale Estates,Week4,216.0 Lakevale Estates - 186.0 Fairfax Station
Fairfax Station,Week3,Greenbriar,Week1,273.0 Fairfax Station - 129.0 Greenbriar
Fairfax Club Estates,Week4,Sleepy Hollow Rec,Week3,230.0 Fairfax Club Estates - 172.0 Sleepy Hollow Rec
Fairfax Club Estates,Week4,Lakeview,Week2,272.0 Fairfax Club Estates - 130.0 Lakeview
Fairfax Station,Week5,Donaldson Run,Week3,216.0 Fairfax Station - 186.0 Donaldson Run
Fairfax Station,Week3,Great Falls,Week5,252.0 Fairfax Station - 149.0 Great Falls
Fairfax,Week1,Old Keene Mill,Week3,271.0 Fairfax - 131.0 Old Keene Mill
Fairfax Club Estates,Week1,Sleepy Hollow Rec,Week5,211.0 Fairfax Club Estates - 191.0 Sleepy Hollow Rec
Fairfax Club Estates,Week3,Lakeview,Week4,229.0 Fairfax Club Estates - 173.0 Lakeview
Fairfax Club Estates,Week2,Greenbriar,Week3,270.0 Greenbriar - 132.0 Fairfax Club Estates
Fairfax Club Estates,Week2,Lakeview,Week2,232.0 Fairfax Club Estates - 170.0 Lakeview
Fairfax Station,Week1,Lakevale Estates,Week3,211.0 Lakevale Estates - 191.0 Fairfax Station
Fairfax,Week4,Oakton ,Week2,226.0 Oakton - 176.0 Fairfax
Fairfax,Week2,Village West,Week4,330.0 Fairfax - 67.0 Village West
Fairfax Club Estates,Week2,Sleepy Hollow Rec,Week1,217.0 Fairfax Club Estates - 185.0 Sleepy Hollow Rec
Fairfax,Week1,Old Keene Mill,Week2,280.0 Fairfax - 122.0 Old Keene Mill
Fairfax Club Estates,Week3,Lakeview,Week5,243.0 Fairfax Club Estates - 149.0 Lakeview
Fairfax Club Estates,Week1,Lakeview,Week3,243.0 Fairfax Club Estates - 159.0 Lakeview
Fairfax Station,Week4,Donaldson Run,Week2,202.0 Donaldson Run - 200.0 Fairfax Station
Fairfax Club Estates,Week4,Great Falls,Week4,221.0 Great Falls - 181.0 Fairfax Club Estates
Fairfax Station,Week3,Great Falls,Week1,297.0 Fairfax Station - 104.0 Great Falls
Fairfax Club Estates,Week2,Somerset-Olde Creek,Week3,274.0 Fairfax Club Estates - 124.0 Somerset-Olde Creek
Fairfax Club Estates,Week1,Greenbriar,Week3,261.0 Greenbriar - 141.0 Fairfax Club Estates
Fairfax Station,Week2,Great Falls,Week5,238.0 Fairfax Station - 164.0 Great Falls
Fairfax Station,Week1,Lakevale Estates,Week5,228.0 Lakevale Estates - 174.0 Fairfax Station
Fairfax Station,Week5,Donaldson Run,Week4,208.0 Fairfax Station - 194.0 Donaldson Run
Fairfax Station,Week5,Great Falls,Week3,266.0 Fairfax Station - 136.0 Great Falls
Fairfax Club Estates,Week1,Greenbriar,Week2,260.0 Greenbriar - 142.0 Fairfax Club Estates
Fairfax,Week3,Village West,Week2,330.0 Fairfax - 71.0 Village West
Fairfax,Week5,Oakton ,Week3,229.5 Fairfax - 172.5 Oakton
Fairfax,Week3,Oakton ,Week3,206.0 Fairfax - 196.0 Oakton
Fairfax Station,Week4,Donaldson Run,Week5,238.0 Donaldson Run - 164.0 Fairfax Station
Fairfax Station,Week1,Lakevale Estates,Week4,228.0 Lakevale Estates - 174.0 Fairfax Station
Fairfax Station,Week5,Lake Braddock,Week4,354.0 Fairfax Station - 48.0 Lake Braddock
Fairfax,Week2,Old Keene Mill,Week4,307.0 Fairfax - 95.0 Old Keene Mill
Fairfax Club Estates,Week1,Somerset-Olde Creek,Week4,286.0 Fairfax Club Estates - 116.0 Somerset-Olde Creek
Fairfax,Week1,Virginia Hills,Week5,345.0 Fairfax - 57.0 Virginia Hills
Fairfax,Week4,Village West,Week4,326.0 Fairfax - 70.0 Village West
Fairfax Club Estates,Week3,Greenbriar,Week2,264.0 Greenbriar - 138.0 Fairfax Club Estates
Fairfax Station,Week4,Donaldson Run,Week4,217.0 Donaldson Run - 185.0 Fairfax Station
Fairfax Club Estates,Week4,Lakeview,Week1,266.0 Fairfax Club Estates - 136.0 Lakeview
Fairfax,Week2,Village West,Week5,322.0 Fairfax - 80.0 Village West
Fairfax,Week3,Village West,Week3,304.0 Fairfax - 98.0 Village West
Fairfax Station,Week2,Great Falls,Week4,272.0 Fairfax Station - 130.0 Great Falls
Fairfax Club Estates,Week2,Sleepy Hollow Rec,Week5,213.0 Fairfax Club Estates - 189.0 Sleepy Hollow Rec
Fairfax Club Estates,Week5,Lakeview,Week1,263.0 Fairfax Club Estates - 138.0 Lakeview
Fairfax Club Estates,Week3,Greenbriar,Week3,277.0 Greenbriar - 125.0 Fairfax Club Estates
Fairfax Station,Week3,Donaldson Run,Week3,220.0 Fairfax Station - 182.0 Donaldson Run
Fairfax,Week4,Oakton ,Week3,209.0 Oakton - 193.0 Fairfax
Fairfax Club Estates,Week2,Sleepy Hollow Rec,Week3,206.0 Sleepy Hollow Rec - 196.0 Fairfax Club Estates
Fairfax,Week3,Village West,Week4,322.0 Fairfax - 74.0 Village West
Fairfax Station,Week1,Greenbriar,Week3,261.0 Fairfax Station - 141.0 Greenbriar
Fairfax Club Estates,Week2,Greenbriar,Week4,231.0 Greenbriar - 171.0 Fairfax Club Estates
Fairfax Station,Week5,Donaldson Run,Week1,216.0 Fairfax Station - 186.0 Donaldson Run
Fairfax,Week4,Village West,Week2,322.0 Fairfax - 79.0 Village West
Fairfax Station,Week3,Donaldson Run,Week2,225.0 Fairfax Station - 177.0 Donaldson Run
Fairfax Station,Week5,Lakevale Estates,Week3,201.0 Fairfax Station - 201.0 Lakevale Estates
Fairfax,Week4,Oakton ,Week5,235.0 Oakton - 167.0 Fairfax
Fairfax,Week4,Village West,Week5,316.0 Fairfax - 85.0 Village West
Fairfax,Week2,Virginia Hills,Week1,375.0 Fairfax - 27.0 Virginia Hills
Fairfax Club Estates,Week5,Lakeview,Week5,249.0 Fairfax Club Estates - 144.0 Lakeview
Fairfax,Week1,Old Keene Mill,Week4,289.0 Fairfax - 113.0 Old Keene Mill
Fairfax Club Estates,Week3,Greenbriar,Week4,234.0 Greenbriar - 168.0 Fairfax Club Estates
Fairfax Station,Week4,Lakevale Estates,Week3,219.0 Lakevale Estates - 183.0 Fairfax Station
Fairfax Club Estates,Week4,Sleepy Hollow Rec,Week2,242.0 Fairfax Club Estates - 160.0 Sleepy Hollow Rec
Fairfax Club Estates,Week5,Sleepy Hollow Rec,Week2,239.0 Fairfax Club Estates - 162.0 Sleepy Hollow Rec
Fairfax Station,Week5,Lakevale Estates,Week4,210.0 Lakevale Estates - 192.0 Fairfax Station
Fairfax Club Estates,Week5,Sleepy Hollow Rec,Week5,233.0 Fairfax Club Estates - 168.0 Sleepy Hollow Rec
Fairfax,Week2,Old Keene Mill,Week2,307.0 Fairfax - 95.0 Old Keene Mill
Fairfax Station,Week5,Great Falls,Week2,285.0 Fairfax Station - 99.0 Great Falls
Fairfax Club Estates,Week1,Langley,Week3,283.0 Langley - 119.0 Fairfax Club Estates
Fairfax Club Estates,Week1,Langley,Week2,275.0 Langley - 127.0 Fairfax Club Estates
Fairfax Station,Week1,Greenbriar,Week2,237.0 Fairfax Station - 165.0 Greenbriar
Fairfax Station,Week4,Donaldson Run,Week1,204.0 Donaldson Run - 198.0 Fairfax Station
Fairfax Club Estates,Week4,Greenbriar,Week1,239.0 Greenbriar - 163.0 Fairfax Club Estates
Fairfax Club Estates,Week5,Sleepy Hollow Rec,Week1,234.0 Fairfax Club Estates - 168.0 Sleepy Hollow Rec
Fairfax Club Estates,Week4,Great Falls,Week5,229.0 Great Falls - 173.0 Fairfax Club Estates
Fairfax Station,Week1,Dowden Terrace,Week1,266.0 Fairfax Station - 135.0 Dowden Terrace
Fairfax Club Estates,Week2,Langley,Week2,293.0 Langley - 109.0 Fairfax Club Estates
Fairfax Club Estates,Week3,Langley,Week1,295.0 Langley - 107.0 Fairfax Club Estates
Fairfax,Week3,Old Keene Mill,Week1,316.5 Fairfax - 85.5 Old Keene Mill
Fairfax,Week2,Virginia Hills,Week2,378.0 Fairfax - 24.0 Virginia Hills
Fairfax Station,Week3,Great Falls,Week4,293.0 Fairfax Station - 109.0 Great Falls
Fairfax Station,Week3,Great Falls,Week3,257.0 Fairfax Station - 145.0 Great Falls
Fairfax Station,Week3,Donaldson Run,Week4,210.0 Fairfax Station - 192.0 Donaldson Run
Fairfax,Week3,Old Keene Mill,Week3,299.0 Fairfax - 103.0 Old Keene Mill
Fairfax,Week1,Virginia Hills,Week2,369.0 Fairfax - 33.0 Virginia Hills
Fairfax Station,Week5,Lakevale Estates,Week2,226.0 Fairfax Station - 176.0 Lakevale Estates
Fairfax Station,Week4,Lakeview,Week1,335.0 Fairfax Station - 67.0 Lakeview
Fairfax Club Estates,Week2,Langley,Week4,294.0 Langley - 108.0 Fairfax Club Estates
Fairfax Club Estates,Week1,Greenbriar,Week1,252.0 Greenbriar - 150.0 Fairfax Club Estates
Fairfax,Week3,Old Keene Mill,Week4,305.0 Fairfax - 97.0 Old Keene Mill
Fairfax Club Estates,Week3,Sleepy Hollow Rec,Week5,214.0 Fairfax Club Estates - 188.0 Sleepy Hollow Rec
Fairfax Station,Week5,Great Falls,Week5,257.0 Fairfax Station - 144.0 Great Falls
Fairfax Club Estates,Week1,Somerset-Olde Creek,Week3,282.0 Fairfax Club Estates - 113.0 Somerset-Olde Creek
Fairfax,Week2,Virginia Hills,Week3,373.0 Fairfax - 29.0 Virginia Hills
Fairfax,Week4,Old Keene Mill,Week1,315.0 Fairfax - 87.0 Old Keene Mill
Fairfax Club Estates,Week1,Langley,Week5,278.0 Langley - 119.0 Fairfax Club Estates
Fairfax Station,Week5,Great Falls,Week1,290.0 Fairfax Station - 112.0 Great Falls
Fairfax Station,Week5,Donaldson Run,Week5,212.0 Donaldson Run - 190.0 Fairfax Station
Fairfax Club Estates,Week2,Greenbriar,Week1,263.0 Greenbriar - 139.0 Fairfax Club Estates
Fairfax Club Estates,Week4,Sleepy Hollow Rec,Week1,240.0 Fairfax Club Estates - 157.0 Sleepy Hollow Rec
Fairfax,Week2,Old Keene Mill,Week5,299.0 Fairfax - 103.0 Old Keene Mill
Fairfax,Week5,Village West,Week5,336.0 Fairfax - 65.0 Village West
Fairfax Club Estates,Week3,Langley,Week2,284.0 Langley - 118.0 Fairfax Club Estates
Fairfax Club Estates,Week3,Sleepy Hollow Rec,Week1,227.0 Fairfax Club Estates - 175.0 Sleepy Hollow Rec
Fairfax Club Estates,Week4,Lakeview,Week5,252.0 Fairfax Club Estates - 141.0 Lakeview
Fairfax,Week3,Village West,Week5,315.0 Fairfax - 86.0 Village West
Fairfax Club Estates,Week5,Lakeview,Week2,261.0 Fairfax Club Estates - 140.0 Lakeview
Fairfax Station,Week5,Donaldson Run,Week2,229.0 Fairfax Station - 173.0 Donaldson Run
Fairfax,Week1,Orange Hunt,Week3,236.0 Fairfax - 166.0 Orange Hunt
Fairfax Station,Week2,Langley,Week2,205.0 Langley - 197.0 Fairfax Station
Fairfax Club Estates,Week4,Greenbriar,Week2,253.0 Greenbriar - 149.0 Fairfax Club Estates
Fairfax Station,Week1,Lakeview,Week5,326.0 Fairfax Station - 67.0 Lakeview
Fairfax Club Estates,Week5,Great Falls,Week2,208.0 Great Falls - 171.0 Fairfax Club Estates
Fairfax,Week5,Village West,Week4,339.0 Fairfax - 57.0 Village West
Fairfax Station,Week3,Lakeview,Week2,356.0 Fairfax Station - 46.0 Lakeview
Fairfax Station,Week4,Great Falls,Week3,239.0 Fairfax Station - 163.0 Great Falls
Fairfax,Week5,Village West,Week2,344.0 Fairfax - 57.0 Village West
Fairfax,Week4,Old Keene Mill,Week2,299.0 Fairfax - 103.0 Old Keene Mill
Fairfax Club Estates,Week3,Langley,Week3,306.0 Langley - 96.0 Fairfax Club Estates
Fairfax Station,Week1,Greenbriar,Week5,255.0 Fairfax Station - 147.0 Greenbriar
Fairfax Station,Week2,Donaldson Run,Week4,213.0 Donaldson Run - 189.0 Fairfax Station
Fairfax Club Estates,Week1,Greenbriar,Week4,230.0 Greenbriar - 172.0 Fairfax Club Estates
Fairfax Station,Week1,Langley,Week2,209.5 Langley - 192.5 Fairfax Station
Fairfax Station,Week1,Dowden Terrace,Week2,258.0 Fairfax Station - 144.0 Dowden Terrace
Fairfax Club Estates,Week2,Sleepy Hollow Rec,Week2,215.5 Fairfax Club Estates - 186.5 Sleepy Hollow Rec
Fairfax Club Estates,Week3,Greenbriar,Week5,256.0 Greenbriar - 144.0 Fairfax Club Estates
Fairfax Station,Week4,Donaldson Run,Week3,206.0 Donaldson Run - 196.0 Fairfax Station
Fairfax Station,Week4,Great Falls,Week1,272.0 Fairfax Station - 130.0 Great Falls
Fairfax Club Estates,Week3,Sleepy Hollow Rec,Week4,239.0 Fairfax Club Estates - 163.0 Sleepy Hollow Rec
Fairfax Station,Week2,Lakeview,Week5,328.0 Fairfax Station - 65.0 Lakeview
Fairfax Station,Week1,Greenbriar,Week4,276.0 Fairfax Station - 126.0 Greenbriar
Fairfax,Week1,Virginia Hills,Week3,365.0 Fairfax - 37.0 Virginia Hills
Fairfax Club Estates,Week5,Lakeview,Week4,242.0 Fairfax Club Estates - 160.0 Lakeview
Fairfax Station,Week2,Greenbriar,Week1,262.0 Fairfax Station - 140.0 Greenbriar
Fairfax Club Estates,Week1,Somerset-Olde Creek,Week2,288.0 Fairfax Club Estates - 113.0 Somerset-Olde Creek
Fairfax Station,Week3,Greenbriar,Week2,268.0 Fairfax Station - 134.0 Greenbriar
Fairfax Station,Week2,Donaldson Run,Week5,237.0 Donaldson Run - 165.0 Fairfax Station
Fairfax,Week2,Virginia Hills,Week4,375.0 Fairfax - 27.0 Virginia Hills
Fairfax Station,Week1,Lakeview,Week3,328.0 Fairfax Station - 74.0 Lakeview
Fairfax,Week4,Village West,Week1,323.0 Fairfax - 78.0 Village West
Fairfax Club Estates,Week4,Sleepy Hollow Rec,Week4,252.0 Fairfax Club Estates - 150.0 Sleepy Hollow Rec
Fairfax Club Estates,Week1,Langley,Week1,289.0 Langley - 113.0 Fairfax Club Estates
Fairfax,Week5,Old Keene Mill,Week1,333.5 Fairfax - 68.5 Old Keene Mill
Fairfax Station,Week1,Hamlet,Week5,236.0 Hamlet - 166.0 Fairfax Station
Fairfax,Week1,Orange Hunt,Week2,232.0 Fairfax - 170.0 Orange Hunt
Fairfax Station,Week2,Greenbriar,Week2,238.0 Fairfax Station - 164.0 Greenbriar
Fairfax Club Estates,Week5,Greenbriar,Week1,243.0 Greenbriar - 158.0 Fairfax Club Estates
Fairfax Club Estates,Week5,Greenbriar,Week2,259.0 Greenbriar - 143.0 Fairfax Club Estates
Fairfax,Week4,Village West,Week3,297.0 Fairfax - 105.0 Village West
Fairfax Club Estates,Week1,Somerset-Olde Creek,Week1,277.0 Fairfax Club Estates - 120.0 Somerset-Olde Creek
Fairfax Club Estates,Week4,Greenbriar,Week4,220.0 Greenbriar - 182.0 Fairfax Club Estates
Fairfax Station,Week2,Lakeview,Week2,346.0 Fairfax Station - 56.0 Lakeview
Fairfax Club Estates,Week1,Sleepy Hollow Rec,Week3,212.0 Fairfax Club Estates - 190.0 Sleepy Hollow Rec
Fairfax,Week5,Village West,Week1,343.0 Fairfax - 58.0 Village West
Fairfax Club Estates,Week2,Sleepy Hollow Rec,Week4,230.0 Fairfax Club Estates - 172.0 Sleepy Hollow Rec
Fairfax,Week2,Orange Hunt,Week4,239.0 Fairfax - 163.0 Orange Hunt
Fairfax,Week1,Virginia Hills,Week1,361.0 Fairfax - 41.0 Virginia Hills
Fairfax Club Estates,Week5,Lakeview,Week3,257.0 Fairfax Club Estates - 144.0 Lakeview
Fairfax Club Estates,Week1,Langley,Week4,281.0 Langley - 121.0 Fairfax Club Estates
Fairfax,Week5,Old Keene Mill,Week2,311.0 Fairfax - 91.0 Old Keene Mill
Fairfax,Week2,Orange Hunt,Week1,262.0 Fairfax - 140.0 Orange Hunt
Fairfax Club Estates,Week4,Sleepy Hollow Rec,Week5,234.0 Fairfax Club Estates - 168.0 Sleepy Hollow Rec
Fairfax Station,Week3,Lakeview,Week3,332.0 Fairfax Station - 70.0 Lakeview
Fairfax Station,Week1,Lakeview,Week4,322.0 Fairfax Station - 80.0 Lakeview
Fairfax Station,Week1,Lakeview,Week1,343.0 Fairfax Station - 59.0 Lakeview
Fairfax Station,Week2,Greenbriar,Week3,260.0 Fairfax Station - 142.0 Greenbriar
Fairfax,Week4,Old Keene Mill,Week5,291.0 Fairfax - 111.0 Old Keene Mill
Fairfax Club Estates,Week5,Greenbriar,Week3,254.0 Greenbriar - 148.0 Fairfax Club Estates
Fairfax Club Estates,Week2,Langley,Week1,291.0 Langley - 111.0 Fairfax Club Estates
Fairfax Club Estates,Week4,Greenbriar,Week3,253.0 Greenbriar - 149.0 Fairfax Club Estates
Fairfax Club Estates,Week2,Langley,Week3,301.0 Langley - 101.0 Fairfax Club Estates
Fairfax,Week5,Old Keene Mill,Week4,320.0 Fairfax - 82.0 Old Keene Mill
Fairfax Station,Week4,Lakeview,Week2,345.0 Fairfax Station - 57.0 Lakeview
Fairfax Station,Week3,Hamlet,Week4,214.0 Fairfax Station - 188.0 Hamlet
Fairfax,Week2,Virginia Run,Week1,247.0 Fairfax - 155.0 Virginia Run
Fairfax Station,Week2,Hamlet,Week5,231.5 Hamlet - 170.5 Fairfax Station
Fairfax Club Estates,Week1,Hamlet,Week5,332.0 Hamlet - 70.0 Fairfax Club Estates
Fairfax Station,Week3,Lakeview,Week5,341.0 Fairfax Station - 52.0 Lakeview
Fairfax Club Estates,Week5,Sleepy Hollow Rec,Week4,242.0 Fairfax Club Estates - 160.0 Sleepy Hollow Rec
Fairfax,Week5,Old Keene Mill,Week5,319.0 Fairfax - 83.0 Old Keene Mill
Fairfax Station,Week2,Lakeview,Week3,327.0 Fairfax Station - 75.0 Lakeview
Fairfax Station,Week4,Lakeview,Week3,322.5 Fairfax Station - 79.5 Lakeview
Fairfax Club Estates,Week4,Hamlet,Week1,306.0 Hamlet - 95.0 Fairfax Club Estates
Fairfax Club Estates,Week1,Somerset-Olde Creek,Week5,263.0 Fairfax Club Estates - 138.0 Somerset-Olde Creek
Fairfax,Week1,Virginia Hills,Week4,369.0 Fairfax - 33.0 Virginia Hills
Fairfax,Week5,Village West,Week3,323.0 Fairfax - 79.0 Village West
Fairfax Club Estates,Week5,Greenbriar,Week4,222.0 Greenbriar - 179.0 Fairfax Club Estates
Fairfax,Week2,Orange Hunt,Week5,235.0 Fairfax - 167.0 Orange Hunt
Fairfax Station,Week1,Hamlet,Week1,212.0 Hamlet - 190.0 Fairfax Station
Fairfax Club Estates,Week4,Lakeview,Week4,247.0 Fairfax Club Estates - 155.0 Lakeview
Fairfax Club Estates,Week1,Hamlet,Week2,316.0 Hamlet - 86.0 Fairfax Club Estates
Fairfax Club Estates,Week5,Sleepy Hollow Rec,Week3,228.0 Fairfax Club Estates - 174.0 Sleepy Hollow Rec
Fairfax Club Estates,Week2,Langley,Week5,287.0 Langley - 115.0 Fairfax Club Estates
Fairfax Station,Week5,Lakeview,Week2,357.0 Fairfax Station - 45.0 Lakeview
Fairfax,Week3,Orange Hunt,Week1,259.0 Fairfax - 143.0 Orange Hunt
Fairfax,Week2,Orange Hunt,Week3,260.0 Fairfax - 142.0 Orange Hunt
Fairfax Club Estates,Week2,Hamlet,Week2,335.0 Hamlet - 67.0 Fairfax Club Estates
Fairfax,Week3,Virginia Hills,Week1,376.0 Fairfax - 25.0 Virginia Hills
Fairfax Club Estates,Week2,Somerset-Olde Creek,Week4,266.0 Fairfax Club Estates - 135.0 Somerset-Olde Creek
Fairfax Station,Week5,Lakeview,Week4,333.0 Fairfax Station - 69.0 Lakeview
Fairfax,Week3,Orange Hunt,Week2,255.0 Fairfax - 147.0 Orange Hunt
Fairfax Station,Week4,Hamlet,Week5,239.0 Hamlet - 163.0 Fairfax Station
Fairfax Club Estates,Week5,Langley,Week5,274.0 Langley - 123.0 Fairfax Club Estates
Fairfax,Week3,Orange Hunt,Week4,240.0 Fairfax - 162.0 Orange Hunt
Fairfax,Week4,Virginia Hills,Week2,379.0 Fairfax - 22.0 Virginia Hills
Fairfax Station,Week1,Hamlet,Week3,224.0 Hamlet - 178.0 Fairfax Station
Fairfax Club Estates,Week3,Somerset-Olde Creek,Week1,274.0 Fairfax Club Estates - 120.0 Somerset-Olde Creek
Fairfax Station,Week2,Hamlet,Week2,224.0 Hamlet - 178.0 Fairfax Station
Fairfax Club Estates,Week2,Somerset-Olde Creek,Week1,262.0 Fairfax Club Estates - 136.0 Somerset-Olde Creek
Fairfax Club Estates,Week3,Langley,Week5,286.0 Langley - 115.0 Fairfax Club Estates
Fairfax Club Estates,Week1,Hamlet,Week3,319.0 Hamlet - 82.0 Fairfax Club Estates
Fairfax Club Estates,Week4,Laurel Hill,Week5,212.0 Fairfax Club Estates - 190.0 Laurel Hill
Fairfax Station,Week4,Greenbriar,Week5,252.0 Fairfax Station - 150.0 Greenbriar
Fairfax Club Estates,Week4,Langley,Week2,277.0 Langley - 125.0 Fairfax Club Estates
Fairfax,Week2,Virginia Run,Week2,269.0 Fairfax - 133.0 Virginia Run
Fairfax Club Estates,Week1,Laurel Hill,Week1,234.0 Fairfax Club Estates - 166.0 Laurel Hill
Fairfax Club Estates,Week2,Somerset-Olde Creek,Week2,271.0 Fairfax Club Estates - 128.0 Somerset-Olde Creek
Fairfax Station,Week4,Lakeview,Week4,317.0 Fairfax Station - 85.0 Lakeview
Fairfax,Week3,Virginia Hills,Week3,372.0 Fairfax - 30.0 Virginia Hills
Fairfax,Week1,Orange Hunt,Week5,212.0 Fairfax - 190.0 Orange Hunt
Fairfax Club Estates,Week2,Hamlet,Week4,314.0 Hamlet - 88.0 Fairfax Club Estates
Fairfax Station,Week5,Lakeview,Week1,348.0 Fairfax Station - 54.0 Lakeview
Fairfax Club Estates,Week2,Hamlet,Week3,335.0 Hamlet - 66.0 Fairfax Club Estates
Fairfax Station,Week5,Greenbriar,Week4,305.0 Fairfax Station - 97.0 Greenbriar
Fairfax Club Estates,Week2,Somerset-Olde Creek,Week5,248.0 Fairfax Club Estates - 152.0 Somerset-Olde Creek
Fairfax Station,Week3,Lakeview,Week4,331.0 Fairfax Station - 71.0 Lakeview
Fairfax Station,Week5,Hamlet,Week1,216.0 Fairfax Station - 186.0 Hamlet
Fairfax,Week4,Virginia Hills,Week1,375.0 Fairfax - 26.0 Virginia Hills
Fairfax,Week3,Orange Hunt,Week5,237.0 Fairfax - 165.0 Orange Hunt
Fairfax Club Estates,Week4,Langley,Week4,289.5 Langley - 112.5 Fairfax Club Estates
Fairfax Club Estates,Week3,Hamlet,Week5,341.0 Hamlet - 61.0 Fairfax Club Estates
Fairfax Club Estates,Week5,Hamlet,Week4,302.0 Hamlet - 100.0 Fairfax Club Estates
Fairfax Station,Week2,Lakeview,Week1,346.0 Fairfax Station - 56.0 Lakeview
Fairfax,Week1,Orange Hunt,Week1,238.0 Fairfax - 164.0 Orange Hunt
Fairfax Club Estates,Week3,Hamlet,Week3,334.5 Hamlet - 66.5 Fairfax Club Estates
Fairfax Club Estates,Week3,Hamlet,Week1,328.0 Hamlet - 73.0 Fairfax Club Estates
Fairfax,Week5,Virginia Hills,Week4,381.0 Fairfax - 20.0 Virginia Hills
Fairfax Club Estates,Week4,Langley,Week3,293.0 Langley - 109.0 Fairfax Club Estates
Fairfax Club Estates,Week4,Laurel Hill,Week2,262.0 Fairfax Club Estates - 135.0 Laurel Hill
Fairfax Club Estates,Week3,Somerset-Olde Creek,Week4,263.0 Fairfax Club Estates - 138.0 Somerset-Olde Creek
Fairfax Station,Week4,Lakeview,Week5,319.0 Fairfax Station - 74.0 Lakeview
Fairfax Station,Week2,Lakeview,Week4,324.0 Fairfax Station - 78.0 Lakeview
Fairfax Station,Week3,Greenbriar,Week5,280.0 Fairfax Station - 122.0 Greenbriar
Fairfax Club Estates,Week2,Laurel Hill,Week1,221.0 Fairfax Club Estates - 177.0 Laurel Hill
Fairfax Club Estates,Week1,Hamlet,Week4,306.0 Hamlet - 96.0 Fairfax Club Estates
Fairfax,Week3,Orange Hunt,Week3,254.0 Fairfax - 148.0 Orange Hunt
Fairfax Station,Week5,Lakeview,Week5,330.0 Fairfax Station - 63.0 Lakeview
Fairfax,Week5,Old Keene Mill,Week3,323.0 Fairfax - 79.0 Old Keene Mill
Fairfax,Week5,Virginia Hills,Week3,379.0 Fairfax - 23.0 Virginia Hills
Fairfax Club Estates,Week5,Langley,Week1,289.0 Langley - 113.0 Fairfax Club Estates
Fairfax Club Estates,Week3,Somerset-Olde Creek,Week5,252.0 Fairfax Club Estates - 146.0 Somerset-Olde Creek
Fairfax Club Estates,Week4,South Run,Week1,223.0 South Run - 164.0 Fairfax Club Estates
Fairfax,Week1,Virginia Run,Week1,240.0 Fairfax - 162.0 Virginia Run
Fairfax,Week3,Virginia Hills,Week4,375.0 Fairfax - 26.0 Virginia Hills
Fairfax,Week4,Old Keene Mill,Week4,306.0 Fairfax - 96.0 Old Keene Mill
Fairfax Station,Week4,Greenbriar,Week4,263.0 Fairfax Station - 139.0 Greenbriar
Fairfax Club Estates,Week1,Hayfield Farm,Week5,251.0 Hayfield Farm - 151.0 Fairfax Club Estates
Fairfax Station,Week3,Lakeview,Week1,353.0 Fairfax Station - 49.0 Lakeview
Fairfax Club Estates,Week3,Somerset-Olde Creek,Week2,285.0 Fairfax Club Estates - 114.0 Somerset-Olde Creek
Fairfax Club Estates,Week4,Somerset-Olde Creek,Week3,291.0 Fairfax Club Estates - 105.0 Somerset-Olde Creek
Fairfax Station,Week4,Greenbriar,Week2,235.0 Fairfax Station - 167.0 Greenbriar
Fairfax Station,Week5,Hamlet,Week2,203.0 Hamlet - 199.0 Fairfax Station
Fairfax,Week5,Virginia Hills,Week5,369.0 Fairfax - 33.0 Virginia Hills
Fairfax Club Estates,Week1,Hayfield Farm,Week2,267.0 Hayfield Farm - 135.0 Fairfax Club Estates
Fairfax Station,Week1,Lakeview,Week2,345.0 Fairfax Station - 57.0 Lakeview
Fairfax,Week5,Virginia Hills,Week1,384.0 Fairfax - 17.0 Virginia Hills
Fairfax Station,Week5,Greenbriar,Week3,279.0 Fairfax Station - 123.0 Greenbriar
Fairfax Club Estates,Week5,Somerset-Olde Creek,Week3,288.0 Fairfax Club Estates - 108.0 Somerset-Olde Creek
Fairfax,Week1,Orange Hunt,Week4,224.0 Fairfax - 178.0 Orange Hunt
Fairfax Club Estates,Week5,Langley,Week3,291.0 Langley - 111.0 Fairfax Club Estates
Fairfax,Week2,Orange Hunt,Week2,250.0 Fairfax - 152.0 Orange Hunt
Fairfax Club Estates,Week2,Laurel Hill,Week5,205.0 Laurel Hill - 194.0 Fairfax Club Estates
Fairfax Station,Week1,Langley,Week1,213.0 Langley - 189.0 Fairfax Station
Fairfax Club Estates,Week5,Somerset-Olde Creek,Week2,294.0 Fairfax Club Estates - 103.0 Somerset-Olde Creek
Fairfax,Week1,Virginia Run,Week3,256.0 Fairfax - 146.0 Virginia Run
Fairfax Club Estates,Week1,Laurel Hill,Week5,209.0 Fairfax Club Estates - 192.0 Laurel Hill
Fairfax Station,Week2,Hamlet,Week3,220.0 Hamlet - 182.0 Fairfax Station
Fairfax,Week1,Virginia Run,Week4,243.0 Fairfax - 159.0 Virginia Run
Fairfax Club Estates,Week2,Hayfield Farm,Week1,257.0 Hayfield Farm - 145.0 Fairfax Club Estates
Fairfax Club Estates,Week4,Somerset-Olde Creek,Week1,286.0 Fairfax Club Estates - 114.0 Somerset-Olde Creek
Fairfax Club Estates,Week5,Somerset-Olde Creek,Week4,280.0 Fairfax Club Estates - 113.0 Somerset-Olde Creek
Fairfax Club Estates,Week3,Langley,Week4,302.0 Langley - 100.0 Fairfax Club Estates
Fairfax,Week4,Virginia Hills,Week3,375.0 Fairfax - 27.0 Virginia Hills
Fairfax Club Estates,Week1,South Run,Week4,223.0 South Run - 169.0 Fairfax Club Estates
Fairfax Station,Week5,Lakeview,Week3,335.0 Fairfax Station - 67.0 Lakeview
Fairfax Station,Week5,Greenbriar,Week1,276.0 Fairfax Station - 126.0 Greenbriar
Fairfax Station,Week1,Langley,Week3,215.0 Langley - 187.0 Fairfax Station
Fairfax Station,Week1,Hamlet,Week4,210.0 Hamlet - 192.0 Fairfax Station
Fairfax Club Estates,Week2,Hayfield Farm,Week2,267.0 Hayfield Farm - 135.0 Fairfax Club Estates
Fairfax Club Estates,Week1,Hayfield Farm,Week1,252.0 Hayfield Farm - 150.0 Fairfax Club Estates
Fairfax Station,Week3,Hamlet,Week2,211.0 Hamlet - 191.0 Fairfax Station
Fairfax Club Estates,Week1,Laurel Hill,Week3,215.0 Fairfax Club Estates - 186.0 Laurel Hill
Fairfax,Week2,Virginia Hills,Week5,358.0 Fairfax - 44.0 Virginia Hills
Fairfax Station,Week5,Greenbriar,Week5,282.0 Fairfax Station - 120.0 Greenbriar
Fairfax Club Estates,Week5,Somerset-Olde Creek,Week5,270.0 Fairfax Club Estates - 126.0 Somerset-Olde Creek
Fairfax Station,Week4,Greenbriar,Week1,257.0 Fairfax Station - 145.0 Greenbriar
Fairfax Club Estates,Week1,Laurel Hill,Week4,229.0 Fairfax Club Estates - 172.0 Laurel Hill
Fairfax Club Estates,Week3,Laurel Hill,Week3,206.0 Fairfax Club Estates - 191.0 Laurel Hill
Fairfax,Week3,Virginia Hills,Week2,383.0 Fairfax - 18.0 Virginia Hills
Fairfax Station,Week5,Langley,Week1,220.0 Fairfax Station - 182.0 Langley
Fairfax Club Estates,Week2,Hamlet,Week5,342.0 Hamlet - 60.0 Fairfax Club Estates
Fairfax Club Estates,Week4,Langley,Week5,278.0 Langley - 124.0 Fairfax Club Estates
Fairfax Club Estates,Week3,Hamlet,Week2,332.0 Hamlet - 70.0 Fairfax Club Estates
Fairfax Station,Week1,Langley,Week4,213.0 Langley - 189.0 Fairfax Station
Fairfax,Week5,Virginia Hills,Week2,389.0 Fairfax - 12.0 Virginia Hills
Fairfax,Week3,Virginia Hills,Week5,361.0 Fairfax - 41.0 Virginia Hills
Fairfax Club Estates,Week4,Hamlet,Week3,324.0 Hamlet - 78.0 Fairfax Club Estates
Fairfax Station,Week3,Greenbriar,Week4,290.0 Fairfax Station - 112.0 Greenbriar
Fairfax Club Estates,Week1,South Run,Week1,239.0 South Run - 154.0 Fairfax Club Estates
Fairfax,Week4,Virginia Hills,Week5,355.0 Fairfax - 47.0 Virginia Hills
Fairfax Club Estates,Week2,South Run,Week2,234.0 South Run - 167.0 Fairfax Club Estates
Fairfax Station,Week3,Hamlet,Week1,213.5 Fairfax Station - 188.5 Hamlet
Fairfax Club Estates,Week3,South Run,Week3,235.0 South Run - 166.0 Fairfax Club Estates
Fairfax Station,Week2,Hamlet,Week1,207.0 Hamlet - 195.0 Fairfax Station
Fairfax Club Estates,Week2,South Run,Week4,239.0 South Run - 162.0 Fairfax Club Estates
Fairfax Club Estates,Week5,Hamlet,Week1,313.0 Hamlet - 85.0 Fairfax Club Estates
Fairfax,Week1,Virginia Run,Week2,268.0 Fairfax - 134.0 Virginia Run
Fairfax,Week1,Virginia Run,Week5,226.0 Fairfax - 176.0 Virginia Run
Fairfax Club Estates,Week3,Somerset-Olde Creek,Week3,286.0 Fairfax Club Estates - 110.0 Somerset-Olde Creek
Fairfax Station,Week2,Langley,Week4,207.0 Langley - 195.0 Fairfax Station
Fairfax Club Estates,Week1,Laurel Hill,Week2,254.0 Fairfax Club Estates - 148.0 Laurel Hill
Fairfax Station,Week2,Langley,Week5,202.0 Langley - 200.0 Fairfax Station
Fairfax Club Estates,Week5,Langley,Week4,278.0 Langley - 124.0 Fairfax Club Estates
Fairfax Station,Week1,Langley,Week5,206.0 Fairfax Station - 196.0 Langley
Fairfax Club Estates,Week1,Hamlet,Week1,318.0 Hamlet - 84.0 Fairfax Club Estates
Fairfax Station,Week2,Langley,Week1,207.0 Langley - 195.0 Fairfax Station
Fairfax Club Estates,Week2,Laurel Hill,Week4,219.0 Fairfax Club Estates - 181.0 Laurel Hill
Fairfax Club Estates,Week2,Hamlet,Week1,326.0 Hamlet - 75.0 Fairfax Club Estates
Fairfax Club Estates,Week3,Hamlet,Week4,313.0 Hamlet - 89.0 Fairfax Club Estates
Fairfax Station,Week5,Greenbriar,Week2,262.0 Fairfax Station - 140.0 Greenbriar
Fairfax Station,Week2,Langley,Week3,204.0 Fairfax Station - 198.0 Langley
Fairfax Station,Week4,Langley,Week5,201.0 Fairfax Station - 201.0 Langley
Fairfax Club Estates,Week3,Laurel Hill,Week4,219.0 Fairfax Club Estates - 180.0 Laurel Hill
Fairfax Club Estates,Week2,Laurel Hill,Week3,205.0 Fairfax Club Estates - 196.0 Laurel Hill
Fairfax Club Estates,Week3,Laurel Hill,Week2,259.0 Fairfax Club Estates - 140.0 Laurel Hill
Fairfax Club Estates,Week1,South Run,Week2,215.0 South Run - 187.0 Fairfax Club Estates
Fairfax Club Estates,Week3,South Run,Week5,262.0 South Run - 140.0 Fairfax Club Estates
Fairfax Station,Week4,Hamlet,Week2,234.0 Hamlet - 168.0 Fairfax Station
Fairfax Club Estates,Week2,Laurel Hill,Week2,258.0 Fairfax Club Estates - 144.0 Laurel Hill
Fairfax Station,Week3,Langley,Week3,217.0 Fairfax Station - 185.0 Langley
Fairfax Club Estates,Week2,South Run,Week5,269.0 South Run - 133.0 Fairfax Club Estates
Fairfax Club Estates,Week4,Somerset-Olde Creek,Week5,272.0 Fairfax Club Estates - 129.0 Somerset-Olde Creek
Fairfax Club Estates,Week2,South Run,Week1,247.0 South Run - 145.0 Fairfax Club Estates
Fairfax Club Estates,Week4,Langley,Week1,293.0 Langley - 109.0 Fairfax Club Estates
Fairfax Station,Week2,Hamlet,Week4,211.0 Hamlet - 191.0 Fairfax Station
Fairfax Station,Week1,Hamlet,Week2,223.0 Hamlet - 179.0 Fairfax Station
Fairfax Station,Week3,Laurel Hill,Week2,338.0 Fairfax Station - 63.0 Laurel Hill
Fairfax Club Estates,Week5,Langley,Week2,274.0 Langley - 128.0 Fairfax Club Estates
Fairfax Club Estates,Week3,South Run,Week1,238.0 South Run - 154.0 Fairfax Club Estates
Fairfax,Week4,Virginia Hills,Week4,373.0 Fairfax - 28.0 Virginia Hills
Fairfax Club Estates,Week3,Laurel Hill,Week1,232.0 Fairfax Club Estates - 164.0 Laurel Hill
Fairfax Club Estates,Week4,Hamlet,Week2,321.0 Hamlet - 81.0 Fairfax Club Estates
Fairfax Station,Week4,Greenbriar,Week3,259.0 Fairfax Station - 143.0 Greenbriar
Fairfax Station,Week3,Hamlet,Week5,211.0 Hamlet - 191.0 Fairfax Station
Fairfax Station,Week3,Hamlet,Week3,208.0 Hamlet - 194.0 Fairfax Station
Fairfax Station,Week3,Langley,Week4,214.0 Fairfax Station - 188.0 Langley
Fairfax Station,Week4,Laurel Hill,Week1,321.0 Fairfax Station - 81.0 Laurel Hill
Fairfax Club Estates,Week1,Hayfield Farm,Week3,260.0 Hayfield Farm - 142.0 Fairfax Club Estates
Fairfax Club Estates,Week5,Hamlet,Week5,341.0 Hamlet - 61.0 Fairfax Club Estates
Fairfax Station,Week3,Langley,Week2,211.0 Fairfax Station - 191.0 Langley
Fairfax Club Estates,Week5,Hamlet,Week2,331.5 Hamlet - 70.5 Fairfax Club Estates
Fairfax Station,Week4,Hamlet,Week3,229.0 Hamlet - 173.0 Fairfax Station
Fairfax Club Estates,Week1,Hayfield Farm,Week4,248.0 Hayfield Farm - 154.0 Fairfax Club Estates
Fairfax Club Estates,Week3,Laurel Hill,Week5,210.0 Fairfax Club Estates - 188.0 Laurel Hill
Fairfax Club Estates,Week4,Hamlet,Week4,292.0 Hamlet - 110.0 Fairfax Club Estates
Fairfax Club Estates,Week1,South Run,Week5,260.0 South Run - 142.0 Fairfax Club Estates
Fairfax Station,Week1,Laurel Hill,Week1,317.0 Fairfax Station - 85.0 Laurel Hill
Fairfax Club Estates,Week2,South Run,Week3,257.0 South Run - 144.0 Fairfax Club Estates
Fairfax Station,Week4,Hamlet,Week1,216.0 Hamlet - 186.0 Fairfax Station
Fairfax Club Estates,Week4,Hamlet,Week5,335.0 Hamlet - 67.0 Fairfax Club Estates
Fairfax Club Estates,Week1,South Run,Week3,235.0 South Run - 167.0 Fairfax Club Estates
Fairfax Club Estates,Week5,Hayfield Farm,Week1,244.0 Hayfield Farm - 158.0 Fairfax Club Estates
Fairfax Club Estates,Week4,Somerset-Olde Creek,Week4,280.0 Fairfax Club Estates - 121.0 Somerset-Olde Creek
Fairfax Club Estates,Week4,Hayfield Farm,Week2,228.5 Hayfield Farm - 173.5 Fairfax Club Estates
Fairfax Club Estates,Week3,Hayfield Farm,Week1,254.0 Hayfield Farm - 148.0 Fairfax Club Estates
Fairfax Club Estates,Week4,Laurel Hill,Week3,223.0 Fairfax Club Estates - 179.0 Laurel Hill
Fairfax Station,Week4,Hayfield Farm,Week2,256.0 Fairfax Station - 146.0 Hayfield Farm
Fairfax Station,Week4,Langley,Week3,211.0 Langley - 191.0 Fairfax Station
Fairfax Station,Week2,Laurel Hill,Week3,308.0 Fairfax Station - 94.0 Laurel Hill
Fairfax Club Estates,Week4,Somerset-Olde Creek,Week2,288.0 Fairfax Club Estates - 108.0 Somerset-Olde Creek
Fairfax Club Estates,Week4,Laurel Hill,Week4,241.0 Fairfax Club Estates - 161.0 Laurel Hill
Fairfax Club Estates,Week5,Somerset-Olde Creek,Week1,267.0 Fairfax Club Estates - 128.0 Somerset-Olde Creek
Fairfax Club Estates,Week4,Laurel Hill,Week1,246.0 Fairfax Club Estates - 155.0 Laurel Hill
Fairfax Station,Week5,Langley,Week5,242.0 Fairfax Station - 160.0 Langley
Fairfax Station,Week1,Laurel Hill,Week5,296.0 Fairfax Station - 106.0 Laurel Hill
Fairfax Station,Week4,Langley,Week1,221.0 Langley - 181.0 Fairfax Station
Fairfax Club Estates,Week2,Lee Graham,Week1,307.0 Lee Graham - 95.0 Fairfax Club Estates
Fairfax Club Estates,Week3,Herndon,Week2,265.0 Fairfax Club Estates - 134.0 Herndon
Fairfax Station,Week4,Hamlet,Week4,212.0 Hamlet - 190.0 Fairfax Station
Fairfax Club Estates,Week5,Hamlet,Week3,332.0 Hamlet - 69.0 Fairfax Club Estates
Fairfax Club Estates,Week1,Lee Graham,Week2,309.0 Lee Graham - 93.0 Fairfax Club Estates
Fairfax Station,Week5,Hamlet,Week5,206.0 Hamlet - 196.0 Fairfax Station
Fairfax Station,Week4,Hayfield Farm,Week4,248.0 Fairfax Station - 154.0 Hayfield Farm
Fairfax Station,Week5,Langley,Week3,234.0 Fairfax Station - 168.0 Langley
Fairfax Club Estates,Week3,South Run,Week4,222.0 South Run - 179.0 Fairfax Club Estates
Fairfax Station,Week3,Hayfield Farm,Week5,287.0 Fairfax Station - 115.0 Hayfield Farm
Fairfax Club Estates,Week2,Lee Graham,Week5,321.0 Lee Graham - 81.0 Fairfax Club Estates
Fairfax Club Estates,Week5,South Run,Week5,249.0 South Run - 152.0 Fairfax Club Estates
Fairfax Club Estates,Week5,South Run,Week1,239.0 South Run - 150.0 Fairfax Club Estates
Fairfax Club Estates,Week2,Herndon,Week2,251.0 Fairfax Club Estates - 147.0 Herndon
Fairfax Station,Week2,Hayfield Farm,Week2,262.0 Fairfax Station - 140.0 Hayfield Farm
Fairfax Club Estates,Week5,Lee Graham,Week5,316.0 Lee Graham - 86.0 Fairfax Club Estates
Fairfax Club Estates,Week4,Hayfield Farm,Week4,235.0 Hayfield Farm - 167.0 Fairfax Club Estates
Fairfax Club Estates,Week5,South Run,Week2,219.0 South Run - 174.0 Fairfax Club Estates
Fairfax Station,Week3,Hayfield Farm,Week1,272.0 Fairfax Station - 130.0 Hayfield Farm
Fairfax Club Estates,Week1,Lee Graham,Week4,311.0 Lee Graham - 91.0 Fairfax Club Estates
Fairfax Club Estates,Week4,South Run,Week5,248.0 South Run - 154.0 Fairfax Club Estates
Fairfax Club Estates,Week1,Herndon,Week1,278.0 Fairfax Club Estates - 122.0 Herndon
Fairfax Club Estates,Week3,Lee Graham,Week1,308.0 Lee Graham - 94.0 Fairfax Club Estates
Fairfax Club Estates,Week1,Lee Graham,Week3,320.0 Lee Graham - 82.0 Fairfax Club Estates
Fairfax Station,Week2,Hayfield Farm,Week1,257.0 Fairfax Station - 145.0 Hayfield Farm
Fairfax Station,Week1,Laurel Hill,Week4,320.0 Fairfax Station - 82.0 Laurel Hill
Fairfax Club Estates,Week3,Lee Graham,Week2,315.0 Lee Graham - 87.0 Fairfax Club Estates
Fairfax Station,Week3,Laurel Hill,Week1,334.0 Fairfax Station - 68.0 Laurel Hill
Fairfax Station,Week5,Langley,Week4,225.0 Fairfax Station - 177.0 Langley
Fairfax Club Estates,Week5,South Run,Week4,231.0 South Run - 162.0 Fairfax Club Estates
Fairfax Station,Week3,Langley,Week1,215.0 Fairfax Station - 187.0 Langley
Fairfax Club Estates,Week1,Herndon,Week2,272.0 Fairfax Club Estates - 129.0 Herndon
Fairfax Station,Week3,Hayfield Farm,Week3,267.0 Fairfax Station - 135.0 Hayfield Farm
Fairfax Club Estates,Week5,Hayfield Farm,Week5,229.0 Hayfield Farm - 173.0 Fairfax Club Estates
Fairfax Club Estates,Week4,South Run,Week4,219.0 South Run - 182.0 Fairfax Club Estates
Fairfax Station,Week4,Langley,Week4,208.0 Langley - 194.0 Fairfax Station
Fairfax Station,Week4,Hayfield Farm,Week1,250.0 Fairfax Station - 152.0 Hayfield Farm
Fairfax Club Estates,Week4,Hayfield Farm,Week3,244.0 Hayfield Farm - 158.0 Fairfax Club Estates
Fairfax Club Estates,Week3,Hayfield Farm,Week3,260.0 Hayfield Farm - 142.0 Fairfax Club Estates
Fairfax Station,Week3,Hayfield Farm,Week4,275.0 Fairfax Station - 127.0 Hayfield Farm
Fairfax Station,Week5,Langley,Week2,241.0 Fairfax Station - 161.0 Langley
Fairfax Station,Week3,Langley,Week5,222.0 Fairfax Station - 180.0 Langley
Fairfax Station,Week2,Herndon,Week1,358.5 Fairfax Station - 43.5 Herndon
Fairfax Club Estates,Week3,South Run,Week2,224.0 South Run - 177.0 Fairfax Club Estates
Fairfax Club Estates,Week5,Laurel Hill,Week1,250.0 Fairfax Club Estates - 148.0 Laurel Hill
Fairfax Club Estates,Week2,Herndon,Week5,256.0 Fairfax Club Estates - 142.0 Herndon
Fairfax Club Estates,Week1,Springboard,Week1,237.0 Fairfax Club Estates - 164.0 Springboard
Fairfax Station,Week4,Hayfield Farm,Week5,253.0 Fairfax Station - 149.0 Hayfield Farm
Fairfax Club Estates,Week1,Lee Graham,Week1,308.0 Lee Graham - 94.0 Fairfax Club Estates
Fairfax Club Estates,Week3,Lee Graham,Week4,320.0 Lee Graham - 82.0 Fairfax Club Estates
Fairfax Station,Week5,Hayfield Farm,Week2,294.0 Fairfax Station - 108.0 Hayfield Farm
Fairfax Club Estates,Week1,Herndon,Week3,279.0 Fairfax Club Estates - 123.0 Herndon
Fairfax Station,Week2,Laurel Hill,Week1,322.0 Fairfax Station - 80.0 Laurel Hill
Fairfax Club Estates,Week5,Laurel Hill,Week3,232.0 Fairfax Club Estates - 168.0 Laurel Hill
Fairfax Club Estates,Week1,Herndon,Week4,278.0 Fairfax Club Estates - 123.0 Herndon
Fairfax Station,Week5,Hayfield Farm,Week1,286.0 Fairfax Station - 116.0 Hayfield Farm
Fairfax Club Estates,Week1,Springboard,Week5,222.0 Fairfax Club Estates - 179.0 Springboard
Fairfax Station,Week4,Langley,Week2,202.0 Langley - 200.0 Fairfax Station
Fairfax Club Estates,Week1,Springboard,Week4,233.0 Fairfax Club Estates - 168.0 Springboard
Fairfax Club Estates,Week4,Hayfield Farm,Week1,241.0 Hayfield Farm - 161.0 Fairfax Club Estates
Fairfax Club Estates,Week2,Hayfield Farm,Week5,257.0 Hayfield Farm - 145.0 Fairfax Club Estates
Fairfax Club Estates,Week4,Lee Graham,Week2,309.0 Lee Graham - 93.0 Fairfax Club Estates
Fairfax Station,Week3,Herndon,Week5,367.0 Fairfax Station - 35.0 Herndon
Fairfax Station,Week1,Laurel Hill,Week3,306.0 Fairfax Station - 95.0 Laurel Hill
Fairfax Club Estates,Week5,Hayfield Farm,Week3,245.0 Hayfield Farm - 157.0 Fairfax Club Estates
Fairfax Club Estates,Week2,Springboard,Week2,251.0 Fairfax Club Estates - 147.0 Springboard
Fairfax Club Estates,Week1,Springboard,Week3,241.0 Fairfax Club Estates - 160.0 Springboard
Fairfax Club Estates,Week3,Hayfield Farm,Week2,255.0 Hayfield Farm - 147.0 Fairfax Club Estates
Fairfax Club Estates,Week5,South Run,Week3,231.0 South Run - 167.0 Fairfax Club Estates
Fairfax Station,Week2,Herndon,Week4,361.0 Fairfax Station - 41.0 Herndon
Fairfax Club Estates,Week3,Lee Graham,Week5,312.0 Lee Graham - 90.0 Fairfax Club Estates
Fairfax Club Estates,Week4,Lee Graham,Week5,311.0 Lee Graham - 91.0 Fairfax Club Estates
Fairfax Station,Week2,Laurel Hill,Week4,324.0 Fairfax Station - 78.0 Laurel Hill
Fairfax Club Estates,Week4,South Run,Week3,224.0 South Run - 177.0 Fairfax Club Estates
Fairfax Club Estates,Week5,Laurel Hill,Week2,254.0 Fairfax Club Estates - 141.0 Laurel Hill
Fairfax Station,Week2,Laurel Hill,Week5,296.0 Fairfax Station - 106.0 Laurel Hill
Fairfax Club Estates,Week1,Springboard,Week2,264.0 Fairfax Club Estates - 131.0 Springboard
Fairfax Station,Week1,Hayfield Farm,Week1,255.5 Fairfax Station - 146.5 Hayfield Farm
Fairfax Station,Week3,Herndon,Week2,365.0 Fairfax Station - 37.0 Herndon
Fairfax Station,Week1,Laurel Hill,Week2,336.0 Fairfax Station - 66.0 Laurel Hill
Fairfax Club Estates,Week3,Lee Graham,Week3,318.0 Lee Graham - 84.0 Fairfax Club Estates
Fairfax Station,Week1,Hayfield Farm,Week3,241.0 Fairfax Station - 161.0 Hayfield Farm
Fairfax Station,Week2,Laurel Hill,Week2,328.0 Fairfax Station - 69.0 Laurel Hill
Fairfax Club Estates,Week2,Hayfield Farm,Week3,264.0 Hayfield Farm - 138.0 Fairfax Club Estates
Fairfax Station,Week1,Lee Graham,Week1,203.0 Lee Graham - 199.0 Fairfax Station
Fairfax Club Estates,Week5,Lee Graham,Week2,314.0 Lee Graham - 88.0 Fairfax Club Estates
Fairfax Club Estates,Week4,South Run,Week2,217.0 South Run - 179.0 Fairfax Club Estates
Fairfax Club Estates,Week5,Lee Graham,Week3,323.0 Lee Graham - 79.0 Fairfax Club Estates
Fairfax Club Estates,Week4,Hayfield Farm,Week5,222.0 Hayfield Farm - 180.0 Fairfax Club Estates
Fairfax Station,Week2,Hayfield Farm,Week4,250.0 Fairfax Station - 152.0 Hayfield Farm
Fairfax Club Estates,Week2,Springboard,Week1,227.0 Fairfax Club Estates - 170.0 Springboard
Fairfax Station,Week5,Laurel Hill,Week2,344.0 Fairfax Station - 58.0 Laurel Hill
Fairfax Station,Week5,Hamlet,Week3,209.0 Fairfax Station - 193.0 Hamlet
Fairfax Station,Week3,Laurel Hill,Week3,317.0 Fairfax Station - 85.0 Laurel Hill
Fairfax Club Estates,Week2,Herndon,Week4,254.0 Fairfax Club Estates - 145.0 Herndon
Fairfax Club Estates,Week2,Springboard,Week4,210.0 Fairfax Club Estates - 191.0 Springboard
Fairfax Club Estates,Week2,Lee Graham,Week3,323.0 Lee Graham - 79.0 Fairfax Club Estates
Fairfax Station,Week3,Laurel Hill,Week5,307.0 Fairfax Station - 95.0 Laurel Hill
Fairfax Club Estates,Week1,Herndon,Week5,278.0 Fairfax Club Estates - 123.0 Herndon
Fairfax Club Estates,Week5,Laurel Hill,Week5,211.0 Fairfax Club Estates - 190.0 Laurel Hill
Fairfax Club Estates,Week2,Springboard,Week3,211.0 Fairfax Club Estates - 187.0 Springboard
Fairfax Station,Week1,Hayfield Farm,Week2,261.0 Fairfax Station - 141.0 Hayfield Farm
Fairfax Station,Week3,Laurel Hill,Week4,326.0 Fairfax Station - 76.0 Laurel Hill
Fairfax Club Estates,Week3,Hayfield Farm,Week5,251.0 Hayfield Farm - 151.0 Fairfax Club Estates
Fairfax Club Estates,Week4,Lee Graham,Week4,307.0 Lee Graham - 95.0 Fairfax Club Estates
Fairfax Station,Week1,Hayfield Farm,Week4,248.0 Fairfax Station - 154.0 Hayfield Farm
Fairfax Club Estates,Week2,Hayfield Farm,Week4,265.0 Hayfield Farm - 137.0 Fairfax Club Estates
Fairfax Club Estates,Week1,Lincolnia Park,Week1,267.0 Fairfax Club Estates - 135.0 Lincolnia Park
Fairfax Club Estates,Week4,Lee Graham,Week1,293.0 Lee Graham - 109.0 Fairfax Club Estates
Fairfax Station,Week1,Lee Graham,Week5,244.0 Lee Graham - 158.0 Fairfax Station
Fairfax Club Estates,Week5,Lee Graham,Week1,308.0 Lee Graham - 89.0 Fairfax Club Estates
Fairfax Club Estates,Week1,Lee Graham,Week5,309.0 Lee Graham - 93.0 Fairfax Club Estates
Fairfax Station,Week4,Hayfield Farm,Week3,227.0 Fairfax Station - 175.0 Hayfield Farm
Fairfax Club Estates,Week2,Herndon,Week1,266.0 Fairfax Club Estates - 133.0 Herndon
Fairfax Station,Week2,Lee Graham,Week1,199.0 Fairfax Station - 198.0 Lee Graham
Fairfax Station,Week2,Lee Graham,Week5,229.0 Lee Graham - 173.0 Fairfax Station
Fairfax Station,Week4,Laurel Hill,Week3,309.0 Fairfax Station - 93.0 Laurel Hill
Fairfax Station,Week1,Herndon,Week1,365.0 Fairfax Station - 36.0 Herndon
Fairfax Club Estates,Week3,Herndon,Week1,271.0 Fairfax Club Estates - 127.0 Herndon
Fairfax Club Estates,Week2,Herndon,Week3,265.0 Fairfax Club Estates - 135.0 Herndon
Fairfax Club Estates,Week5,Hayfield Farm,Week2,243.0 Hayfield Farm - 159.0 Fairfax Club Estates
Fairfax Club Estates,Week5,Laurel Hill,Week4,236.0 Fairfax Club Estates - 166.0 Laurel Hill
Fairfax Station,Week2,Lee Graham,Week2,210.0 Lee Graham - 192.0 Fairfax Station
Fairfax Club Estates,Week5,Hayfield Farm,Week4,239.0 Hayfield Farm - 163.0 Fairfax Club Estates
Fairfax Club Estates,Week5,Herndon,Week5,281.0 Fairfax Club Estates - 119.0 Herndon
Fairfax Station,Week4,Lee Graham,Week5,241.0 Lee Graham - 161.0 Fairfax Station
Fairfax Station,Week1,Hayfield Farm,Week5,268.0 Fairfax Station - 134.0 Hayfield Farm
Fairfax Club Estates,Week2,Hiddenbrook,Week5,244.5 Hiddenbrook - 157.5 Fairfax Club Estates
Fairfax Station,Week5,Hayfield Farm,Week5,288.0 Fairfax Station - 114.0 Hayfield Farm
Fairfax Club Estates,Week3,Hayfield Farm,Week4,256.5 Hayfield Farm - 145.5 Fairfax Club Estates
Fairfax Club Estates,Week4,Herndon,Week3,281.0 Fairfax Club Estates - 120.0 Herndon
Fairfax Station,Week4,Lee Graham,Week3,234.0 Lee Graham - 168.0 Fairfax Station
Fairfax Station,Week5,Laurel Hill,Week4,340.0 Fairfax Station - 62.0 Laurel Hill
Fairfax Station,Week5,Hayfield Farm,Week4,281.0 Fairfax Station - 121.0 Hayfield Farm
Fairfax Station,Week5,Laurel Hill,Week3,328.0 Fairfax Station - 74.0 Laurel Hill
Fairfax Station,Week3,Hayfield Farm,Week2,279.0 Fairfax Station - 123.0 Hayfield Farm
Fairfax Station,Week2,Hayfield Farm,Week3,246.0 Fairfax Station - 156.0 Hayfield Farm
Fairfax Station,Week5,Hayfield Farm,Week3,276.0 Fairfax Station - 126.0 Hayfield Farm
Fairfax Club Estates,Week2,Lee Graham,Week4,318.0 Lee Graham - 84.0 Fairfax Club Estates
Fairfax Station,Week2,Hayfield Farm,Week5,276.0 Fairfax Station - 126.0 Hayfield Farm
Fairfax Station,Week5,Hamlet,Week4,232.0 Fairfax Station - 170.0 Hamlet
Fairfax Club Estates,Week5,Lee Graham,Week4,320.0 Lee Graham - 82.0 Fairfax Club Estates
Fairfax Club Estates,Week4,Lee Graham,Week3,305.0 Lee Graham - 97.0 Fairfax Club Estates
Fairfax Club Estates,Week2,Lee Graham,Week2,324.0 Lee Graham - 78.0 Fairfax Club Estates
Fairfax Station,Week5,Lee Graham,Week3,220.0 Lee Graham - 182.0 Fairfax Station
Fairfax Club Estates,Week1,Lincolnia Park,Week3,253.0 Fairfax Club Estates - 140.0 Lincolnia Park
Fairfax Club Estates,Week5,Lincolnia Park,Week3,242.0 Fairfax Club Estates - 147.0 Lincolnia Park
Fairfax Club Estates,Week3,Hiddenbrook,Week4,210.0 Hiddenbrook - 191.0 Fairfax Club Estates
Fairfax Club Estates,Week2,Lincolnia Park,Week1,269.0 Fairfax Club Estates - 132.0 Lincolnia Park
Fairfax Station,Week3,Herndon,Week1,365.0 Fairfax Station - 37.0 Herndon
Fairfax Station,Week1,Herndon,Week4,366.0 Fairfax Station - 36.0 Herndon
Fairfax Club Estates,Week5,Herndon,Week1,274.0 Fairfax Club Estates - 121.0 Herndon
Fairfax Station,Week1,Herndon,Week5,362.0 Fairfax Station - 40.0 Herndon
Fairfax Station,Week2,Lee Graham,Week3,243.0 Lee Graham - 159.0 Fairfax Station
Fairfax Station,Week1,Herndon,Week3,368.0 Fairfax Station - 34.0 Herndon
Fairfax Club Estates,Week4,Hiddenbrook,Week2,250.0 Fairfax Club Estates - 151.0 Hiddenbrook
Fairfax Club Estates,Week3,Hiddenbrook,Week3,218.0 Hiddenbrook - 183.0 Fairfax Club Estates
Fairfax Station,Week5,Laurel Hill,Week1,340.0 Fairfax Station - 62.0 Laurel Hill
Fairfax Club Estates,Week4,Lincolnia Park,Week5,259.0 Fairfax Club Estates - 133.0 Lincolnia Park
Fairfax Station,Week1,Lee Graham,Week3,233.0 Lee Graham - 169.0 Fairfax Station
Fairfax Club Estates,Week5,Lincolnia Park,Week2,278.0 Fairfax Club Estates - 107.0 Lincolnia Park
Fairfax Club Estates,Week4,Herndon,Week1,286.0 Fairfax Club Estates - 114.0 Herndon
Fairfax Club Estates,Week1,Lincolnia Park,Week2,276.0 Fairfax Club Estates - 116.0 Lincolnia Park
Fairfax Club Estates,Week3,Herndon,Week4,263.0 Fairfax Club Estates - 136.0 Herndon
Fairfax Station,Week1,Herndon,Week2,363.0 Fairfax Station - 39.0 Herndon
Fairfax Station,Week3,Lee Graham,Week1,224.0 Fairfax Station - 178.0 Lee Graham
Fairfax Station,Week2,Herndon,Week5,358.0 Fairfax Station - 44.0 Herndon
Fairfax Club Estates,Week4,Hiddenbrook,Week4,208.0 Fairfax Club Estates - 194.0 Hiddenbrook
Fairfax Station,Week3,Lee Graham,Week4,217.0 Fairfax Station - 185.0 Lee Graham
Fairfax Station,Week3,Herndon,Week3,369.0 Fairfax Station - 33.0 Herndon
Fairfax Station,Week2,Herndon,Week3,361.0 Fairfax Station - 36.0 Herndon
Fairfax Station,Week4,Laurel Hill,Week2,329.0 Fairfax Station - 73.0 Laurel Hill
Fairfax Station,Week2,Herndon,Week2,368.0 Fairfax Station - 34.0 Herndon
Fairfax Club Estates,Week1,Hiddenbrook,Week1,205.0 Fairfax Club Estates - 197.0 Hiddenbrook
Fairfax Club Estates,Week2,Hiddenbrook,Week4,223.0 Hiddenbrook - 178.0 Fairfax Club Estates
Fairfax Station,Week3,Lee Graham,Week3,204.5 Lee Graham - 197.5 Fairfax Station
Fairfax Club Estates,Week1,Little Hunting Park,Week4,215.0 Fairfax Club Estates - 186.0 Little Hunting Park
Fairfax Station,Week3,Lee Graham,Week2,220.0 Fairfax Station - 182.0 Lee Graham
Fairfax Station,Week3,Lee Graham,Week5,210.0 Lee Graham - 192.0 Fairfax Station
Fairfax Club Estates,Week3,Herndon,Week3,277.0 Fairfax Club Estates - 122.0 Herndon
Fairfax Station,Week3,Herndon,Week4,369.0 Fairfax Station - 33.0 Herndon
Fairfax Club Estates,Week3,Lincolnia Park,Week1,266.0 Fairfax Club Estates - 135.0 Lincolnia Park
Fairfax Club Estates,Week5,Lincolnia Park,Week4,291.5 Fairfax Club Estates - 105.5 Lincolnia Park
Fairfax Club Estates,Week4,Lincolnia Park,Week4,291.0 Fairfax Club Estates - 110.0 Lincolnia Park
Fairfax Station,Week4,Laurel Hill,Week4,325.0 Fairfax Station - 77.0 Laurel Hill
Fairfax Station,Week4,Herndon,Week4,352.0 Fairfax Station - 50.0 Herndon
Fairfax Club Estates,Week3,Little Hunting Park,Week5,204.0 Little Hunting Park - 193.0 Fairfax Club Estates
Fairfax Station,Week5,Herndon,Week3,374.0 Fairfax Station - 28.0 Herndon
Fairfax Club Estates,Week1,Little Hunting Park,Week2,222.0 Fairfax Club Estates - 178.0 Little Hunting Park
Fairfax Station,Week4,Herndon,Week5,352.0 Fairfax Station - 50.0 Herndon
Fairfax Station,Week2,Lee Graham,Week4,212.5 Lee Graham - 189.5 Fairfax Station
Fairfax Club Estates,Week1,Hiddenbrook,Week4,203.0 Hiddenbrook - 193.0 Fairfax Club Estates
Fairfax Station,Week1,Lee Graham,Week4,214.0 Lee Graham - 188.0 Fairfax Station
Fairfax Station,Week4,Laurel Hill,Week5,296.0 Fairfax Station - 106.0 Laurel Hill
Fairfax Club Estates,Week1,Lincolnia Park,Week5,244.0 Fairfax Club Estates - 149.0 Lincolnia Park
Fairfax Club Estates,Week4,Lincolnia Park,Week2,284.0 Fairfax Club Estates - 107.0 Lincolnia Park
Fairfax Club Estates,Week4,Lincolnia Park,Week1,281.0 Fairfax Club Estates - 121.0 Lincolnia Park
Fairfax Station,Week1,Lee Graham,Week2,219.0 Lee Graham - 183.0 Fairfax Station
Fairfax Club Estates,Week4,Herndon,Week4,282.0 Fairfax Club Estates - 120.0 Herndon
Fairfax Club Estates,Week5,Herndon,Week2,275.5 Fairfax Club Estates - 124.5 Herndon
Fairfax Station,Week5,Herndon,Week5,374.0 Fairfax Station - 28.0 Herndon
Fairfax Club Estates,Week2,Hiddenbrook,Week1,217.0 Hiddenbrook - 184.0 Fairfax Club Estates
Fairfax Club Estates,Week2,Hiddenbrook,Week2,229.0 Fairfax Club Estates - 169.0 Hiddenbrook
Fairfax Club Estates,Week5,Lincolnia Park,Week1,281.0 Fairfax Club Estates - 119.0 Lincolnia Park
Fairfax Station,Week4,Herndon,Week1,347.0 Fairfax Station - 54.0 Herndon
Fairfax Station,Week5,Laurel Hill,Week5,319.0 Fairfax Station - 83.0 Laurel Hill
Fairfax Club Estates,Week4,Herndon,Week5,282.0 Fairfax Club Estates - 120.0 Herndon
Fairfax Station,Week5,Herndon,Week1,375.0 Fairfax Station - 27.0 Herndon
Fairfax Club Estates,Week1,Lincolnia Park,Week4,273.0 Fairfax Club Estates - 124.0 Lincolnia Park
Fairfax Station,Week1,Lincolnia Park,Week5,346.0 Fairfax Station - 47.0 Lincolnia Park
Fairfax Station,Week4,Herndon,Week2,354.0 Fairfax Station - 48.0 Herndon
Fairfax Station,Week4,Herndon,Week3,354.5 Fairfax Station - 47.5 Herndon
Fairfax Club Estates,Week1,Hiddenbrook,Week3,209.0 Hiddenbrook - 192.0 Fairfax Club Estates
Fairfax Club Estates,Week1,Hiddenbrook,Week5,221.0 Hiddenbrook - 181.0 Fairfax Club Estates
Fairfax Club Estates,Week4,Lincolnia Park,Week3,254.0 Fairfax Club Estates - 138.0 Lincolnia Park
Fairfax Station,Week4,Lee Graham,Week1,215.0 Lee Graham - 187.0 Fairfax Station
Fairfax Station,Week2,Hiddenbrook,Week1,292.0 Fairfax Station - 110.0 Hiddenbrook
Fairfax Club Estates,Week3,Lincolnia Park,Week4,269.0 Fairfax Club Estates - 131.0 Lincolnia Park
Fairfax Station,Week5,Herndon,Week4,372.0 Fairfax Station - 30.0 Herndon
Fairfax Station,Week3,Lincolnia Park,Week5,349.0 Fairfax Station - 44.0 Lincolnia Park
Fairfax Station,Week4,Lee Graham,Week4,223.0 Lee Graham - 179.0 Fairfax Station
Fairfax Club Estates,Week5,Herndon,Week3,271.0 Fairfax Club Estates - 121.0 Herndon
Fairfax Station,Week5,Lee Graham,Week1,215.0 Fairfax Station - 187.0 Lee Graham
Fairfax Club Estates,Week5,Herndon,Week4,280.0 Fairfax Club Estates - 121.0 Herndon
Fairfax Station,Week3,Lincolnia Park,Week4,355.0 Fairfax Station - 46.0 Lincolnia Park
Fairfax Club Estates,Week2,Lincolnia Park,Week3,232.0 Fairfax Club Estates - 159.0 Lincolnia Park
Fairfax Station,Week1,Hiddenbrook,Week5,268.0 Fairfax Station - 134.0 Hiddenbrook
Fairfax Club Estates,Week1,Hiddenbrook,Week2,232.0 Fairfax Club Estates - 164.0 Hiddenbrook
Fairfax Club Estates,Week3,Lincolnia Park,Week3,234.0 Fairfax Club Estates - 158.0 Lincolnia Park
Fairfax Station,Week4,Lee Graham,Week2,227.0 Lee Graham - 175.0 Fairfax Station
Fairfax Club Estates,Week3,Herndon,Week5,276.0 Fairfax Club Estates - 123.0 Herndon
Fairfax Club Estates,Week3,Hiddenbrook,Week1,205.0 Hiddenbrook - 195.0 Fairfax Club Estates
Fairfax Station,Week1,Hiddenbrook,Week1,282.0 Fairfax Station - 120.0 Hiddenbrook
Fairfax Club Estates,Week1,Little Hunting Park,Week1,208.5 Fairfax Club Estates - 192.5 Little Hunting Park
Fairfax Club Estates,Week4,Herndon,Week2,281.0 Fairfax Club Estates - 121.0 Herndon
Fairfax Station,Week1,Little Hunting Park,Week1,314.0 Fairfax Station - 87.0 Little Hunting Park
Fairfax Club Estates,Week5,Lincolnia Park,Week5,247.0 Fairfax Club Estates - 142.0 Lincolnia Park
Fairfax Station,Week1,Hiddenbrook,Week3,281.0 Fairfax Station - 121.0 Hiddenbrook
Fairfax Club Estates,Week2,Hiddenbrook,Week3,223.0 Hiddenbrook - 178.0 Fairfax Club Estates
Fairfax Station,Week4,Lincolnia Park,Week4,356.0 Fairfax Station - 46.0 Lincolnia Park
Fairfax Club Estates,Week2,Lincolnia Park,Week2,256.0 Fairfax Club Estates - 132.0 Lincolnia Park
Fairfax Station,Week1,Hiddenbrook,Week2,316.0 Fairfax Station - 86.0 Hiddenbrook
Fairfax Station,Week2,Hiddenbrook,Week2,332.0 Fairfax Station - 70.0 Hiddenbrook
Fairfax Station,Week5,Lee Graham,Week2,211.0 Fairfax Station - 191.0 Lee Graham
Fairfax Club Estates,Week3,Lincolnia Park,Week5,239.0 Fairfax Club Estates - 153.0 Lincolnia Park
Fairfax Station,Week2,Hiddenbrook,Week5,267.0 Fairfax Station - 135.0 Hiddenbrook
Fairfax Station,Week1,Hiddenbrook,Week4,285.0 Fairfax Station - 117.0 Hiddenbrook
Fairfax Station,Week5,Lincolnia Park,Week2,368.0 Fairfax Station - 25.0 Lincolnia Park
Fairfax Station,Week1,Lincolnia Park,Week2,358.0 Fairfax Station - 35.0 Lincolnia Park
Fairfax Station,Week2,Hiddenbrook,Week3,279.0 Fairfax Station - 118.0 Hiddenbrook
Fairfax Club Estates,Week5,High Point Pool,Week3,271.0 High Point Pool - 130.0 Fairfax Club Estates
Fairfax Club Estates,Week1,Little Hunting Park,Week5,203.0 Little Hunting Park - 195.0 Fairfax Club Estates
Fairfax Station,Week4,Lincolnia Park,Week1,354.0 Fairfax Station - 48.0 Lincolnia Park
Fairfax Club Estates,Week3,Hiddenbrook,Week2,233.0 Fairfax Club Estates - 164.0 Hiddenbrook
Fairfax Station,Week5,Hiddenbrook,Week4,314.0 Fairfax Station - 88.0 Hiddenbrook
Fairfax Club Estates,Week2,Little Hunting Park,Week2,202.0 Little Hunting Park - 197.0 Fairfax Club Estates
Fairfax Station,Week5,Herndon,Week2,370.0 Fairfax Station - 32.0 Herndon
Fairfax Station,Week4,Lincolnia Park,Week3,327.5 Fairfax Station - 65.5 Lincolnia Park
Fairfax Station,Week2,Little Hunting Park,Week3,304.0 Fairfax Station - 98.0 Little Hunting Park
Fairfax Club Estates,Week5,Hiddenbrook,Week1,203.0 Fairfax Club Estates - 195.0 Hiddenbrook
Fairfax Club Estates,Week4,Hiddenbrook,Week3,203.0 Fairfax Club Estates - 199.0 Hiddenbrook
Fairfax Club Estates,Week2,Lincolnia Park,Week4,258.0 Fairfax Club Estates - 143.0 Lincolnia Park
Fairfax Station,Week2,Hiddenbrook,Week4,288.0 Fairfax Station - 114.0 Hiddenbrook
Fairfax Club Estates,Week3,Lincolnia Park,Week2,267.0 Fairfax Club Estates - 121.0 Lincolnia Park
Fairfax Club Estates,Week3,Hiddenbrook,Week5,230.0 Hiddenbrook - 172.0 Fairfax Club Estates
Fairfax Club Estates,Week2,Lincolnia Park,Week5,232.0 Fairfax Club Estates - 159.0 Lincolnia Park
Fairfax Club Estates,Week5,Hiddenbrook,Week2,238.0 Fairfax Club Estates - 154.0 Hiddenbrook
Fairfax Club Estates,Week1,Little Hunting Park,Week3,214.0 Fairfax Club Estates - 188.0 Little Hunting Park
Fairfax Station,Week2,Lincolnia Park,Week1,357.0 Fairfax Station - 45.0 Lincolnia Park
Fairfax Club Estates,Week2,Little Hunting Park,Week3,203.0 Little Hunting Park - 198.0 Fairfax Club Estates
Fairfax Club Estates,Week4,Hiddenbrook,Week1,209.0 Fairfax Club Estates - 192.0 Hiddenbrook
Fairfax Club Estates,Week2,Little Hunting Park,Week5,230.0 Little Hunting Park - 167.0 Fairfax Club Estates
Fairfax Club Estates,Week1,High Point Pool,Week2,282.0 High Point Pool - 120.0 Fairfax Club Estates
Fairfax Station,Week5,Lee Graham,Week5,210.0 Lee Graham - 192.0 Fairfax Station
Fairfax Club Estates,Week2,Little Hunting Park,Week4,208.0 Little Hunting Park - 192.0 Fairfax Club Estates
Fairfax Club Estates,Week3,High Point Pool,Week5,281.0 High Point Pool - 120.0 Fairfax Club Estates
Fairfax Station,Week4,Hiddenbrook,Week3,268.0 Fairfax Station - 134.0 Hiddenbrook
Fairfax Station,Week5,Hiddenbrook,Week1,303.0 Fairfax Station - 99.0 Hiddenbrook
Fairfax Club Estates,Week3,Little Hunting Park,Week1,222.0 Fairfax Club Estates - 176.0 Little Hunting Park
Fairfax Station,Week4,Lincolnia Park,Week2,353.0 Fairfax Station - 40.0 Lincolnia Park
Fairfax Station,Week1,Lincolnia Park,Week3,340.0 Fairfax Station - 53.0 Lincolnia Park
Fairfax Club Estates,Week4,Hiddenbrook,Week5,221.0 Hiddenbrook - 181.0 Fairfax Club Estates
Fairfax Station,Week3,Hiddenbrook,Week1,295.0 Fairfax Station - 107.0 Hiddenbrook
Fairfax Station,Week2,High Point Pool,Week5,229.0 Fairfax Station - 173.0 High Point Pool
Fairfax Club Estates,Week5,Little Hunting Park,Week2,209.0 Fairfax Club Estates - 188.0 Little Hunting Park
Fairfax Station,Week3,Lincolnia Park,Week3,344.5 Fairfax Station - 48.5 Lincolnia Park
Fairfax Station,Week3,Hiddenbrook,Week4,311.0 Fairfax Station - 91.0 Hiddenbrook
Fairfax Club Estates,Week5,Hiddenbrook,Week3,217.0 Hiddenbrook - 180.0 Fairfax Club Estates
Fairfax Station,Week3,Hiddenbrook,Week3,291.0 Fairfax Station - 111.0 Hiddenbrook
Fairfax Station,Week4,Lincolnia Park,Week5,340.0 Fairfax Station - 53.0 Lincolnia Park
Fairfax Club Estates,Week2,Little Hunting Park,Week1,213.0 Little Hunting Park - 185.0 Fairfax Club Estates
Fairfax Station,Week2,Lincolnia Park,Week5,338.0 Fairfax Station - 55.0 Lincolnia Park
Fairfax Club Estates,Week1,High Point Pool,Week4,280.0 High Point Pool - 122.0 Fairfax Club Estates
Fairfax Club Estates,Week3,Little Hunting Park,Week4,216.0 Fairfax Club Estates - 184.0 Little Hunting Park
Fairfax Club Estates,Week5,Hiddenbrook,Week4,204.0 Hiddenbrook - 192.0 Fairfax Club Estates
Fairfax Club Estates,Week3,Little Hunting Park,Week2,220.0 Fairfax Club Estates - 178.0 Little Hunting Park
Fairfax Club Estates,Week4,High Point Pool,Week5,272.0 High Point Pool - 130.0 Fairfax Club Estates
Fairfax Station,Week3,Lincolnia Park,Week1,357.0 Fairfax Station - 44.0 Lincolnia Park
Fairfax Station,Week5,Hiddenbrook,Week2,341.0 Fairfax Station - 61.0 Hiddenbrook
Fairfax Station,Week1,High Point Pool,Week3,223.0 Fairfax Station - 179.0 High Point Pool
Fairfax Station,Week1,High Point Pool,Week1,238.0 Fairfax Station - 164.0 High Point Pool
Fairfax Club Estates,Week2,Highland Park,Week1,282.0 Highland Park - 120.0 Fairfax Club Estates
Fairfax Club Estates,Week3,Little Hunting Park,Week3,220.0 Fairfax Club Estates - 180.0 Little Hunting Park
Fairfax Station,Week3,Lincolnia Park,Week2,368.0 Fairfax Station - 25.0 Lincolnia Park
Fairfax Station,Week2,Lincolnia Park,Week4,359.0 Fairfax Station - 43.0 Lincolnia Park
Fairfax Club Estates,Week5,Little Hunting Park,Week5,216.0 Little Hunting Park - 183.0 Fairfax Club Estates
Fairfax Club Estates,Week2,High Point Pool,Week4,300.0 High Point Pool - 102.0 Fairfax Club Estates
Fairfax Club Estates,Week3,Little Rocky Run,Week3,318.0 Little Rocky Run - 84.0 Fairfax Club Estates
Fairfax Club Estates,Week4,Little Hunting Park,Week4,219.0 Fairfax Club Estates - 182.0 Little Hunting Park
Fairfax Station,Week5,Lincolnia Park,Week4,364.0 Fairfax Station - 38.0 Lincolnia Park
Fairfax Station,Week5,Hiddenbrook,Week3,298.0 Fairfax Station - 104.0 Hiddenbrook
Fairfax Club Estates,Week5,High Point Pool,Week2,284.0 High Point Pool - 117.0 Fairfax Club Estates
Fairfax Station,Week5,Lee Graham,Week4,211.5 Fairfax Station - 190.5 Lee Graham
Fairfax Club Estates,Week2,High Point Pool,Week1,293.0 High Point Pool - 108.0 Fairfax Club Estates
Fairfax Station,Week5,Lincolnia Park,Week3,349.5 Fairfax Station - 43.5 Lincolnia Park
Fairfax Club Estates,Week2,High Point Pool,Week2,300.0 High Point Pool - 102.0 Fairfax Club Estates
Fairfax Club Estates,Week1,Donaldson Run,Week2,324.0 Donaldson Run - 78.0 Fairfax Club Estates
Fairfax Station,Week1,High Point Pool,Week2,215.0 Fairfax Station - 187.0 High Point Pool
Fairfax Station,Week4,Hiddenbrook,Week2,316.0 Fairfax Station - 86.0 Hiddenbrook
Fairfax Club Estates,Week3,High Point Pool,Week4,278.0 High Point Pool - 124.0 Fairfax Club Estates
Fairfax Club Estates,Week3,Little Rocky Run,Week4,311.0 Little Rocky Run - 91.0 Fairfax Club Estates
Fairfax Club Estates,Week1,Little Rocky Run,Week4,300.0 Little Rocky Run - 102.0 Fairfax Club Estates
Fairfax Club Estates,Week5,Dominion Hills,Week4,262.0 Dominion Hills - 135.0 Fairfax Club Estates
Fairfax Club Estates,Week5,Dominion Hills,Week5,263.0 Dominion Hills - 138.0 Fairfax Club Estates
Fairfax Station,Week2,High Point Pool,Week2,216.0 Fairfax Station - 186.0 High Point Pool
Fairfax Club Estates,Week4,Little Rocky Run,Week1,279.0 Little Rocky Run - 123.0 Fairfax Club Estates
Fairfax Station,Week1,Lincolnia Park,Week1,363.0 Fairfax Station - 39.0 Lincolnia Park
Fairfax Club Estates,Week2,High Point Pool,Week3,294.0 High Point Pool - 107.0 Fairfax Club Estates
Fairfax Station,Week5,Lincolnia Park,Week1,364.0 Fairfax Station - 38.0 Lincolnia Park
Fairfax Station,Week2,High Point Pool,Week4,219.0 Fairfax Station - 183.0 High Point Pool
Fairfax Club Estates,Week3,Donaldson Run,Week3,322.0 Donaldson Run - 80.0 Fairfax Club Estates
Fairfax Station,Week1,Lincolnia Park,Week4,363.0 Fairfax Station - 39.0 Lincolnia Park
Fairfax Club Estates,Week1,Little Rocky Run,Week2,293.0 Little Rocky Run - 109.0 Fairfax Club Estates
Fairfax Station,Week2,Lincolnia Park,Week2,357.0 Fairfax Station - 36.0 Lincolnia Park
Fairfax Club Estates,Week1,High Point Pool,Week3,278.0 High Point Pool - 124.0 Fairfax Club Estates
Fairfax Station,Week3,Hiddenbrook,Week5,282.0 Fairfax Station - 120.0 Hiddenbrook
Fairfax Station,Week1,Highland Park,Week5,249.0 Fairfax Station - 153.0 Highland Park
Fairfax Club Estates,Week3,Little Rocky Run,Week5,320.0 Little Rocky Run - 82.0 Fairfax Club Estates
Fairfax Club Estates,Week5,Dominion Hills,Week1,241.5 Dominion Hills - 159.5 Fairfax Club Estates
Fairfax Club Estates,Week4,Little Hunting Park,Week1,229.5 Fairfax Club Estates - 168.5 Little Hunting Park
Fairfax Club Estates,Week5,Hiddenbrook,Week5,236.0 Hiddenbrook - 165.0 Fairfax Club Estates
Fairfax Club Estates,Week2,High Point Pool,Week5,294.0 High Point Pool - 107.0 Fairfax Club Estates
Fairfax Station,Week2,Lincolnia Park,Week3,332.0 Fairfax Station - 61.0 Lincolnia Park
Fairfax Station,Week1,High Point Pool,Week5,229.0 Fairfax Station - 173.0 High Point Pool
Fairfax Station,Week4,Hiddenbrook,Week4,286.0 Fairfax Station - 116.0 Hiddenbrook
Fairfax Club Estates,Week4,Little Hunting Park,Week5,208.0 Little Hunting Park - 193.0 Fairfax Club Estates
Fairfax Station,Week4,Hiddenbrook,Week5,264.5 Fairfax Station - 137.5 Hiddenbrook
Fairfax Station,Week2,High Point Pool,Week3,230.5 Fairfax Station - 171.5 High Point Pool
Fairfax Station,Week4,Little Hunting Park,Week2,299.0 Fairfax Station - 103.0 Little Hunting Park
Fairfax Club Estates,Week5,Little Hunting Park,Week4,215.0 Fairfax Club Estates - 183.0 Little Hunting Park
Fairfax Club Estates,Week1,High Point Pool,Week5,282.0 High Point Pool - 119.0 Fairfax Club Estates
Fairfax Station,Week3,High Point Pool,Week5,253.0 Fairfax Station - 149.0 High Point Pool
Fairfax Station,Week5,Lincolnia Park,Week5,353.0 Fairfax Station - 40.0 Lincolnia Park
Fairfax Club Estates,Week4,Little Hunting Park,Week3,238.0 Fairfax Club Estates - 164.0 Little Hunting Park
Fairfax Station,Week1,Highland Park,Week1,241.0 Fairfax Station - 161.0 Highland Park
Fairfax Club Estates,Week4,Little Hunting Park,Week2,232.0 Fairfax Club Estates - 169.0 Little Hunting Park
Fairfax Club Estates,Week3,Donaldson Run,Week2,322.0 Donaldson Run - 80.0 Fairfax Club Estates
Fairfax Station,Week1,Little Hunting Park,Week2,313.0 Fairfax Station - 89.0 Little Hunting Park
Fairfax Club Estates,Week1,Donaldson Run,Week5,332.0 Donaldson Run - 70.0 Fairfax Club Estates
Fairfax Station,Week1,Little Hunting Park,Week5,290.0 Fairfax Station - 112.0 Little Hunting Park
Fairfax Club Estates,Week2,Donaldson Run,Week1,329.0 Donaldson Run - 73.0 Fairfax Club Estates
Fairfax Club Estates,Week5,High Point Pool,Week1,252.0 High Point Pool - 150.0 Fairfax Club Estates
Fairfax Club Estates,Week1,Little Rocky Run,Week5,314.0 Little Rocky Run - 88.0 Fairfax Club Estates
Fairfax Club Estates,Week2,Little Rocky Run,Week3,322.0 Little Rocky Run - 80.0 Fairfax Club Estates
Fairfax Club Estates,Week1,Dowden Terrace,Week4,250.0 Dowden Terrace - 152.0 Fairfax Club Estates
Fairfax Club Estates,Week4,High Point Pool,Week1,253.0 High Point Pool - 149.0 Fairfax Club Estates
Fairfax Station,Week2,High Point Pool,Week1,238.0 Fairfax Station - 164.0 High Point Pool
Fairfax Club Estates,Week4,High Point Pool,Week3,259.0 High Point Pool - 143.0 Fairfax Club Estates
Fairfax Club Estates,Week1,High Point Pool,Week1,273.0 High Point Pool - 129.0 Fairfax Club Estates
Fairfax Club Estates,Week3,High Point Pool,Week3,278.0 High Point Pool - 123.0 Fairfax Club Estates
Fairfax Station,Week1,Little Hunting Park,Week4,304.0 Fairfax Station - 98.0 Little Hunting Park
Fairfax Station,Week2,Little Hunting Park,Week1,310.0 Fairfax Station - 91.0 Little Hunting Park
Fairfax Station,Week2,Little Hunting Park,Week2,308.0 Fairfax Station - 94.0 Little Hunting Park
Fairfax Station,Week4,Hiddenbrook,Week1,285.0 Fairfax Station - 117.0 Hiddenbrook
Fairfax Club Estates,Week2,Donaldson Run,Week3,326.0 Donaldson Run - 76.0 Fairfax Club Estates
Fairfax Station,Week1,Little Hunting Park,Week3,303.0 Fairfax Station - 99.0 Little Hunting Park
Fairfax Club Estates,Week2,Little Rocky Run,Week2,307.0 Little Rocky Run - 95.0 Fairfax Club Estates
Fairfax Club Estates,Week3,High Point Pool,Week1,278.0 High Point Pool - 124.0 Fairfax Club Estates
Fairfax Club Estates,Week2,Little Rocky Run,Week4,307.0 Little Rocky Run - 95.0 Fairfax Club Estates
Fairfax Club Estates,Week4,Dominion Hills,Week5,258.0 Dominion Hills - 144.0 Fairfax Club Estates
Fairfax Station,Week1,High Point Pool,Week4,214.0 Fairfax Station - 188.0 High Point Pool
Fairfax Club Estates,Week1,Donaldson Run,Week4,326.0 Donaldson Run - 76.0 Fairfax Club Estates
Fairfax Station,Week5,Hiddenbrook,Week5,282.0 Fairfax Station - 120.0 Hiddenbrook
Fairfax Club Estates,Week4,High Point Pool,Week4,263.0 High Point Pool - 139.0 Fairfax Club Estates
Fairfax Station,Week3,High Point Pool,Week2,232.5 Fairfax Station - 169.5 High Point Pool
Fairfax Station,Week3,High Point Pool,Week4,230.0 Fairfax Station - 172.0 High Point Pool
Fairfax Station,Week2,Little Rocky Run,Week5,215.0 Little Rocky Run - 187.0 Fairfax Station
Fairfax Club Estates,Week5,High Point Pool,Week5,272.0 High Point Pool - 129.0 Fairfax Club Estates
Fairfax Station,Week3,High Point Pool,Week1,245.0 Fairfax Station - 157.0 High Point Pool
Fairfax Club Estates,Week1,Little Rocky Run,Week3,309.0 Little Rocky Run - 93.0 Fairfax Club Estates
Fairfax Station,Week3,Hiddenbrook,Week2,340.0 Fairfax Station - 62.0 Hiddenbrook
Fairfax Club Estates,Week2,Donaldson Run,Week5,340.0 Donaldson Run - 62.0 Fairfax Club Estates
Fairfax Club Estates,Week5,Dominion Hills,Week2,241.0 Dominion Hills - 161.0 Fairfax Club Estates
Fairfax Club Estates,Week1,Donaldson Run,Week1,324.0 Donaldson Run - 78.0 Fairfax Club Estates
Fairfax Station,Week2,Little Hunting Park,Week4,306.0 Fairfax Station - 96.0 Little Hunting Park
Fairfax Club Estates,Week5,Donaldson Run,Week5,330.0 Donaldson Run - 72.0 Fairfax Club Estates
Fairfax Station,Week3,Little Hunting Park,Week4,319.0 Fairfax Station - 83.0 Little Hunting Park
Fairfax Club Estates,Week5,High Point Pool,Week4,270.0 High Point Pool - 132.0 Fairfax Club Estates
Fairfax Club Estates,Week5,Little Hunting Park,Week1,210.0 Fairfax Club Estates - 183.0 Little Hunting Park
Fairfax Club Estates,Week3,High Point Pool,Week2,293.0 High Point Pool - 109.0 Fairfax Club Estates
Fairfax Club Estates,Week2,Little Rocky Run,Week1,305.0 Little Rocky Run - 97.0 Fairfax Club Estates
Fairfax Station,Week4,Little Hunting Park,Week5,286.0 Fairfax Station - 116.0 Little Hunting Park
Fairfax Station,Week2,Little Rocky Run,Week3,206.5 Fairfax Station - 195.5 Little Rocky Run
Fairfax Club Estates,Week4,High Point Pool,Week2,283.0 High Point Pool - 119.0 Fairfax Club Estates
Fairfax Club Estates,Week1,Highland Park,Week1,271.0 Highland Park - 131.0 Fairfax Club Estates
Fairfax Club Estates,Week1,Little Rocky Run,Week1,306.0 Little Rocky Run - 96.0 Fairfax Club Estates
Fairfax Club Estates,Week5,Donaldson Run,Week3,313.0 Donaldson Run - 89.0 Fairfax Club Estates
Fairfax Station,Week1,Little Rocky Run,Week3,205.0 Little Rocky Run - 197.0 Fairfax Station
Fairfax Club Estates,Week5,Little Hunting Park,Week3,221.0 Fairfax Club Estates - 179.0 Little Hunting Park
Fairfax Club Estates,Week3,Little Rocky Run,Week1,302.0 Little Rocky Run - 100.0 Fairfax Club Estates
Fairfax Club Estates,Week5,Dominion Hills,Week3,240.0 Dominion Hills - 162.0 Fairfax Club Estates
Fairfax Club Estates,Week1,Highland Park,Week5,257.5 Highland Park - 144.5 Fairfax Club Estates
Fairfax Club Estates,Week3,Little Rocky Run,Week2,311.0 Little Rocky Run - 91.0 Fairfax Club Estates
Fairfax Station,Week4,High Point Pool,Week1,233.0 Fairfax Station - 169.0 High Point Pool
Fairfax Club Estates,Week3,Donaldson Run,Week1,314.0 Donaldson Run - 88.0 Fairfax Club Estates
Fairfax Club Estates,Week5,Highland Park,Week2,249.0 Highland Park - 153.0 Fairfax Club Estates
Fairfax Club Estates,Week2,Little Rocky Run,Week5,318.0 Little Rocky Run - 84.0 Fairfax Club Estates
Fairfax Club Estates,Week3,Highland Park,Week1,274.0 Highland Park - 128.0 Fairfax Club Estates
Fairfax Station,Week5,High Point Pool,Week2,244.5 Fairfax Station - 157.5 High Point Pool
Fairfax Station,Week4,High Point Pool,Week4,201.0 Fairfax Station - 201.0 High Point Pool
Fairfax Club Estates,Week1,Highlands Swim,Week3,318.5 Highlands Swim - 83.5 Fairfax Club Estates
Fairfax Club Estates,Week5,Little Rocky Run,Week3,310.0 Little Rocky Run - 92.0 Fairfax Club Estates
Fairfax Club Estates,Week1,Donaldson Run,Week3,328.0 Donaldson Run - 74.0 Fairfax Club Estates
Fairfax Club Estates,Week1,Dowden Terrace,Week3,231.0 Dowden Terrace - 171.0 Fairfax Club Estates
Fairfax Station,Week3,Little Rocky Run,Week1,219.0 Fairfax Station - 183.0 Little Rocky Run
Fairfax Station,Week3,Little Hunting Park,Week2,323.0 Fairfax Station - 79.0 Little Hunting Park
Fairfax Station,Week5,High Point Pool,Week3,251.5 Fairfax Station - 150.5 High Point Pool
Fairfax Station,Week5,High Point Pool,Week4,242.0 Fairfax Station - 160.0 High Point Pool
Fairfax Club Estates,Week2,Donaldson Run,Week4,338.0 Donaldson Run - 64.0 Fairfax Club Estates
Fairfax Station,Week3,Little Hunting Park,Week3,326.0 Fairfax Station - 76.0 Little Hunting Park
Fairfax Station,Week3,Little Rocky Run,Week2,241.0 Fairfax Station - 161.0 Little Rocky Run
Fairfax Club Estates,Week1,Highland Park,Week3,253.0 Highland Park - 149.0 Fairfax Club Estates
Fairfax Station,Week4,High Point Pool,Week3,219.0 Fairfax Station - 183.0 High Point Pool
Fairfax Club Estates,Week2,Donaldson Run,Week2,330.0 Donaldson Run - 72.0 Fairfax Club Estates
Fairfax Club Estates,Week1,Highland Park,Week4,273.0 Highland Park - 129.0 Fairfax Club Estates
Fairfax Club Estates,Week2,Long Branch,Week4,223.0 Long Branch - 179.0 Fairfax Club Estates
Fairfax Club Estates,Week1,Highland Park,Week2,256.0 Highland Park - 146.0 Fairfax Club Estates
Fairfax Station,Week1,Little Rocky Run,Week4,209.0 Fairfax Station - 193.0 Little Rocky Run
Fairfax Station,Week3,High Point Pool,Week3,236.0 Fairfax Station - 166.0 High Point Pool
Fairfax Club Estates,Week3,Donaldson Run,Week5,338.0 Donaldson Run - 64.0 Fairfax Club Estates
Fairfax Club Estates,Week4,Donaldson Run,Week3,311.0 Donaldson Run - 91.0 Fairfax Club Estates
Fairfax Station,Week5,High Point Pool,Week5,251.0 Fairfax Station - 151.0 High Point Pool
Fairfax Club Estates,Week4,Little Rocky Run,Week2,276.0 Little Rocky Run - 126.0 Fairfax Club Estates
Fairfax Station,Week5,Little Hunting Park,Week5,315.0 Fairfax Station - 87.0 Little Hunting Park
Fairfax Club Estates,Week3,Long Branch,Week5,234.0 Long Branch - 167.0 Fairfax Club Estates
Fairfax Station,Week4,High Point Pool,Week5,213.0 Fairfax Station - 189.0 High Point Pool
Fairfax Club Estates,Week5,Long Branch,Week2,209.5 Long Branch - 188.5 Fairfax Club Estates
Fairfax Station,Week1,Highland Park,Week4,245.0 Fairfax Station - 157.0 Highland Park
Fairfax Club Estates,Week5,Long Branch,Week5,230.0 Long Branch - 168.0 Fairfax Club Estates
Fairfax Station,Week2,Little Rocky Run,Week4,209.0 Fairfax Station - 193.0 Little Rocky Run
Fairfax Club Estates,Week1,Highlands Swim,Week5,321.0 Highlands Swim - 76.0 Fairfax Club Estates
Fairfax Station,Week2,Little Rocky Run,Week2,225.0 Fairfax Station - 177.0 Little Rocky Run
Fairfax Club Estates,Week5,Long Branch,Week1,203.0 Fairfax Club Estates - 195.0 Long Branch
Fairfax Station,Week3,Little Hunting Park,Week5,301.0 Fairfax Station - 101.0 Little Hunting Park
Fairfax Club Estates,Week1,Dowden Terrace,Week1,219.0 Dowden Terrace - 182.0 Fairfax Club Estates
Fairfax Club Estates,Week5,Highland Park,Week1,262.0 Highland Park - 139.0 Fairfax Club Estates
Fairfax Station,Week5,High Point Pool,Week1,262.0 Fairfax Station - 140.0 High Point Pool
Fairfax Station,Week5,Little Hunting Park,Week1,325.0 Fairfax Station - 77.0 Little Hunting Park
Fairfax Station,Week2,Highland Park,Week1,244.0 Fairfax Station - 158.0 Highland Park
Fairfax Club Estates,Week1,Highlands Swim,Week4,317.0 Highlands Swim - 85.0 Fairfax Club Estates
Fairfax Club Estates,Week4,Donaldson Run,Week2,311.0 Donaldson Run - 91.0 Fairfax Club Estates
Fairfax Club Estates,Week4,Little Rocky Run,Week5,305.0 Little Rocky Run - 97.0 Fairfax Club Estates
Fairfax Club Estates,Week2,Highlands Swim,Week3,328.0 Highlands Swim - 74.0 Fairfax Club Estates
Fairfax Station,Week4,Little Hunting Park,Week1,303.0 Fairfax Station - 99.0 Little Hunting Park
Fairfax Club Estates,Week4,Long Branch,Week2,203.0 Fairfax Club Estates - 198.0 Long Branch
Fairfax Club Estates,Week5,Donaldson Run,Week2,313.0 Donaldson Run - 89.0 Fairfax Club Estates
Fairfax Club Estates,Week2,Highland Park,Week3,255.0 Highland Park - 147.0 Fairfax Club Estates
Fairfax Club Estates,Week3,Donaldson Run,Week4,327.0 Donaldson Run - 75.0 Fairfax Club Estates
Fairfax Station,Week4,Little Hunting Park,Week4,301.0 Fairfax Station - 101.0 Little Hunting Park
Fairfax Club Estates,Week4,Donaldson Run,Week1,297.0 Donaldson Run - 105.0 Fairfax Club Estates
Fairfax Station,Week1,Little Rocky Run,Week2,224.0 Fairfax Station - 178.0 Little Rocky Run
Fairfax Club Estates,Week4,Donaldson Run,Week4,320.0 Donaldson Run - 82.0 Fairfax Club Estates
Fairfax Club Estates,Week2,Highlands Swim,Week1,335.0 Highlands Swim - 67.0 Fairfax Club Estates
Fairfax Station,Week2,Highland Park,Week2,253.0 Fairfax Station - 149.0 Highland Park
Fairfax Club Estates,Week2,Long Branch,Week1,209.0 Long Branch - 192.0 Fairfax Club Estates
Fairfax Club Estates,Week2,Highlands Swim,Week2,341.0 Highlands Swim - 61.0 Fairfax Club Estates
Fairfax Station,Week1,Highland Park,Week3,259.0 Fairfax Station - 143.0 Highland Park
Fairfax Station,Week2,Little Hunting Park,Week5,287.0 Fairfax Station - 115.0 Little Hunting Park
Fairfax Station,Week1,Highland Park,Week2,242.0 Fairfax Station - 160.0 Highland Park
Fairfax Club Estates,Week2,Long Branch,Week3,220.0 Long Branch - 181.0 Fairfax Club Estates
Fairfax Club Estates,Week4,Highland Park,Week4,253.0 Highland Park - 149.0 Fairfax Club Estates
Fairfax Club Estates,Week4,Long Branch,Week4,213.0 Long Branch - 189.0 Fairfax Club Estates
Fairfax Club Estates,Week4,Donaldson Run,Week5,325.0 Donaldson Run - 72.0 Fairfax Club Estates
Fairfax Station,Week4,High Point Pool,Week2,204.5 Fairfax Station - 197.5 High Point Pool
Fairfax Club Estates,Week2,Highlands Swim,Week5,333.0 Highlands Swim - 69.0 Fairfax Club Estates
Fairfax Station,Week4,Little Hunting Park,Week3,293.0 Fairfax Station - 109.0 Little Hunting Park
Fairfax Club Estates,Week3,Dowden Terrace,Week4,252.5 Dowden Terrace - 149.5 Fairfax Club Estates
Fairfax Club Estates,Week3,Highland Park,Week2,253.0 Highland Park - 149.0 Fairfax Club Estates
Fairfax Station,Week2,Highland Park,Week4,253.0 Fairfax Station - 149.0 Highland Park
Fairfax Club Estates,Week5,Little Rocky Run,Week4,303.5 Little Rocky Run - 98.5 Fairfax Club Estates
Fairfax Station,Week1,Little Rocky Run,Week1,212.0 Fairfax Station - 190.0 Little Rocky Run
Fairfax Station,Week3,Highland Park,Week1,258.0 Fairfax Station - 144.0 Highland Park
Fairfax Club Estates,Week2,Highland Park,Week4,276.0 Highland Park - 126.0 Fairfax Club Estates
Fairfax Club Estates,Week5,Little Rocky Run,Week1,295.0 Little Rocky Run - 107.0 Fairfax Club Estates
Fairfax Club Estates,Week5,Donaldson Run,Week1,308.5 Donaldson Run - 93.5 Fairfax Club Estates
Fairfax Club Estates,Week1,Dowden Terrace,Week2,240.0 Dowden Terrace - 162.0 Fairfax Club Estates
Fairfax Station,Week2,Highland Park,Week5,254.0 Fairfax Station - 148.0 Highland Park
Fairfax Station,Week3,Highland Park,Week3,271.0 Fairfax Station - 131.0 Highland Park
Fairfax Station,Week2,Little Rocky Run,Week1,210.0 Fairfax Station - 192.0 Little Rocky Run
Fairfax Club Estates,Week3,Highland Park,Week3,249.0 Highland Park - 153.0 Fairfax Club Estates
Fairfax Club Estates,Week2,Highlands Swim,Week4,332.0 Highlands Swim - 70.0 Fairfax Club Estates
Fairfax Station,Week5,Little Hunting Park,Week3,321.0 Fairfax Station - 81.0 Little Hunting Park
Fairfax Station,Week1,Little Rocky Run,Week5,225.0 Little Rocky Run - 177.0 Fairfax Station
Fairfax Club Estates,Week5,Donaldson Run,Week4,319.0 Donaldson Run - 83.0 Fairfax Club Estates
Fairfax Club Estates,Week4,Dowden Terrace,Week3,224.0 Dowden Terrace - 178.0 Fairfax Club Estates
Fairfax Club Estates,Week1,Mansion House,Week1,258.0 Mansion House - 144.0 Fairfax Club Estates
Fairfax Club Estates,Week5,Little Rocky Run,Week5,316.0 Little Rocky Run - 86.0 Fairfax Club Estates
Fairfax Club Estates,Week3,Long Branch,Week2,213.0 Long Branch - 188.0 Fairfax Club Estates
Fairfax Club Estates,Week5,Little Rocky Run,Week2,299.0 Little Rocky Run - 103.0 Fairfax Club Estates
Fairfax Club Estates,Week4,Highland Park,Week3,232.0 Highland Park - 170.0 Fairfax Club Estates
Fairfax Station,Week3,Highland Park,Week2,270.0 Fairfax Station - 132.0 Highland Park
Fairfax Station,Week5,Little Hunting Park,Week4,326.0 Fairfax Station - 76.0 Little Hunting Park
Fairfax Station,Week2,Highland Park,Week3,255.0 Fairfax Station - 147.0 Highland Park
Fairfax Station,Week3,Little Hunting Park,Week1,321.0 Fairfax Station - 81.0 Little Hunting Park
Fairfax Station,Week4,Little Rocky Run,Week3,206.0 Little Rocky Run - 196.0 Fairfax Station
Fairfax Club Estates,Week3,Dowden Terrace,Week5,272.5 Dowden Terrace - 129.5 Fairfax Club Estates
Fairfax Club Estates,Week3,Highland Park,Week5,262.0 Highland Park - 140.0 Fairfax Club Estates
Fairfax Club Estates,Week1,Highlands Swim,Week2,327.0 Highlands Swim - 75.0 Fairfax Club Estates
Fairfax Club Estates,Week5,Highland Park,Week5,246.0 Highland Park - 155.0 Fairfax Club Estates
Fairfax Club Estates,Week2,Dowden Terrace,Week5,271.0 Dowden Terrace - 131.0 Fairfax Club Estates
Fairfax Club Estates,Week5,Dowden Terrace,Week5,253.0 Dowden Terrace - 149.0 Fairfax Club Estates
Fairfax Club Estates,Week2,Dunn Loring,Week2,308.0 Dunn Loring - 94.0 Fairfax Club Estates
Fairfax Club Estates,Week3,Highland Park,Week4,264.0 Highland Park - 138.0 Fairfax Club Estates
Fairfax Club Estates,Week4,Little Rocky Run,Week4,297.0 Little Rocky Run - 105.0 Fairfax Club Estates
Fairfax Club Estates,Week3,Long Branch,Week1,205.0 Long Branch - 195.0 Fairfax Club Estates
Fairfax Club Estates,Week1,Long Branch,Week2,201.0 Fairfax Club Estates - 201.0 Long Branch
Fairfax Station,Week3,Highland Park,Week4,258.0 Fairfax Station - 144.0 Highland Park
Fairfax Club Estates,Week2,Dowden Terrace,Week3,250.5 Dowden Terrace - 151.5 Fairfax Club Estates
Fairfax Club Estates,Week2,Highland Park,Week5,259.0 Highland Park - 143.0 Fairfax Club Estates
Fairfax Station,Week5,Little Hunting Park,Week2,328.0 Fairfax Station - 74.0 Little Hunting Park
Fairfax Club Estates,Week1,Long Branch,Week5,218.0 Long Branch - 184.0 Fairfax Club Estates
Fairfax Club Estates,Week4,Dowden Terrace,Week1,226.0 Dowden Terrace - 172.0 Fairfax Club Estates
Fairfax Club Estates,Week4,Highland Park,Week1,257.0 Highland Park - 145.0 Fairfax Club Estates
Fairfax Club Estates,Week3,Long Branch,Week4,223.0 Long Branch - 179.0 Fairfax Club Estates
Fairfax Club Estates,Week5,Highland Park,Week3,241.0 Highland Park - 160.0 Fairfax Club Estates
Fairfax Club Estates,Week1,Dunn Loring,Week4,310.0 Dunn Loring - 92.0 Fairfax Club Estates
Fairfax Club Estates,Week2,Long Branch,Week5,232.0 Long Branch - 169.0 Fairfax Club Estates
Fairfax Club Estates,Week5,Highland Park,Week4,253.0 Highland Park - 149.0 Fairfax Club Estates
Fairfax Club Estates,Week5,Dowden Terrace,Week4,243.0 Dowden Terrace - 159.0 Fairfax Club Estates
Fairfax Club Estates,Week2,Highland Park,Week2,273.5 Highland Park - 128.5 Fairfax Club Estates
Fairfax Club Estates,Week1,Long Branch,Week1,208.0 Fairfax Club Estates - 193.0 Long Branch
Fairfax Club Estates,Week5,Dowden Terrace,Week2,242.0 Dowden Terrace - 159.0 Fairfax Club Estates
Fairfax Club Estates,Week1,Long Branch,Week3,228.0 Fairfax Club Estates - 173.0 Long Branch
Fairfax Club Estates,Week4,Little Rocky Run,Week3,305.0 Little Rocky Run - 97.0 Fairfax Club Estates
Fairfax Club Estates,Week5,Dowden Terrace,Week3,241.0 Dowden Terrace - 161.0 Fairfax Club Estates
Fairfax Club Estates,Week3,Hollin Hills,Week4,270.0 Fairfax Club Estates - 126.0 Hollin Hills
Fairfax Station,Week3,Little Rocky Run,Week5,206.0 Fairfax Station - 196.0 Little Rocky Run
Fairfax Club Estates,Week4,Dowden Terrace,Week5,255.0 Dowden Terrace - 147.0 Fairfax Club Estates
Fairfax Club Estates,Week3,Dowden Terrace,Week3,255.0 Dowden Terrace - 147.0 Fairfax Club Estates
Fairfax Club Estates,Week3,Dowden Terrace,Week2,244.0 Dowden Terrace - 158.0 Fairfax Club Estates
Fairfax Station,Week4,Little Rocky Run,Week4,203.0 Fairfax Station - 199.0 Little Rocky Run
Fairfax Club Estates,Week2,Hollin Hills,Week3,262.0 Fairfax Club Estates - 139.0 Hollin Hills
Fairfax Club Estates,Week4,Long Branch,Week5,205.0 Fairfax Club Estates - 196.0 Long Branch
Fairfax Club Estates,Week5,Long Branch,Week3,206.0 Fairfax Club Estates - 195.0 Long Branch
Fairfax Club Estates,Week1,Mansion House,Week5,273.0 Mansion House - 129.0 Fairfax Club Estates
Fairfax Club Estates,Week4,Dowden Terrace,Week2,233.0 Dowden Terrace - 164.0 Fairfax Club Estates
Fairfax Club Estates,Week4,Highlands Swim,Week3,318.0 Highlands Swim - 84.0 Fairfax Club Estates
Fairfax Club Estates,Week1,Dunn Loring,Week2,303.0 Dunn Loring - 99.0 Fairfax Club Estates
Fairfax Club Estates,Week1,Dunn Loring,Week1,276.0 Dunn Loring - 126.0 Fairfax Club Estates
Fairfax Club Estates,Week1,Mansion House,Week4,243.0 Mansion House - 159.0 Fairfax Club Estates
Fairfax Club Estates,Week2,Dunn Loring,Week1,277.0 Dunn Loring - 125.0 Fairfax Club Estates
Fairfax Station,Week4,Little Rocky Run,Week5,227.0 Little Rocky Run - 175.0 Fairfax Station
Fairfax Club Estates,Week1,Long Branch,Week4,212.0 Long Branch - 190.0 Fairfax Club Estates
Fairfax Club Estates,Week2,Dowden Terrace,Week2,240.0 Dowden Terrace - 162.0 Fairfax Club Estates
Fairfax Club Estates,Week4,Highland Park,Week5,246.0 Highland Park - 156.0 Fairfax Club Estates
Fairfax Club Estates,Week4,Highland Park,Week2,244.0 Highland Park - 158.0 Fairfax Club Estates
Fairfax Club Estates,Week2,Hollin Hills,Week5,249.0 Fairfax Club Estates - 146.0 Hollin Hills
Fairfax Station,Week4,Little Rocky Run,Week1,208.0 Fairfax Station - 194.0 Little Rocky Run
Fairfax Club Estates,Week1,Mansion House,Week3,280.0 Mansion House - 122.0 Fairfax Club Estates
Fairfax Club Estates,Week1,Highlands Swim,Week1,320.5 Highlands Swim - 81.5 Fairfax Club Estates
Fairfax Club Estates,Week3,Hollin Hills,Week2,279.0 Fairfax Club Estates - 118.0 Hollin Hills
Fairfax Club Estates,Week3,Long Branch,Week3,201.0 Fairfax Club Estates - 200.0 Long Branch
Fairfax Club Estates,Week2,Long Branch,Week2,217.0 Long Branch - 184.0 Fairfax Club Estates
Fairfax Club Estates,Week5,Long Branch,Week4,218.0 Long Branch - 183.0 Fairfax Club Estates
Fairfax Club Estates,Week2,Dowden Terrace,Week4,253.0 Dowden Terrace - 149.0 Fairfax Club Estates
Fairfax Club Estates,Week4,Long Branch,Week1,202.0 Fairfax Club Estates - 199.0 Long Branch
Fairfax Club Estates,Week2,Dowden Terrace,Week1,241.0 Dowden Terrace - 157.0 Fairfax Club Estates
Fairfax Club Estates,Week1,Dowden Terrace,Week5,263.0 Dowden Terrace - 139.0 Fairfax Club Estates
Fairfax Club Estates,Week2,Dunn Loring,Week3,310.0 Dunn Loring - 92.0 Fairfax Club Estates
Fairfax Club Estates,Week4,Long Branch,Week3,210.0 Fairfax Club Estates - 192.0 Long Branch
Fairfax Club Estates,Week1,Hollin Hills,Week5,259.0 Fairfax Club Estates - 140.0 Hollin Hills
Fairfax Club Estates,Week3,Highlands Swim,Week4,321.0 Highlands Swim - 81.0 Fairfax Club Estates
Fairfax Club Estates,Week3,Highlands Swim,Week5,329.0 Highlands Swim - 73.0 Fairfax Club Estates
Fairfax Station,Week3,Little Rocky Run,Week4,233.0 Fairfax Station - 169.0 Little Rocky Run
Fairfax,Week2,Oakton ,Week4,221.5 Oakton - 180.5 Fairfax
Fairfax Club Estates,Week4,Dowden Terrace,Week4,242.0 Dowden Terrace - 160.0 Fairfax Club Estates
Fairfax Club Estates,Week3,Highlands Swim,Week2,326.0 Highlands Swim - 76.0 Fairfax Club Estates
Fairfax Club Estates,Week1,Mansion House,Week2,252.0 Mansion House - 145.0 Fairfax Club Estates
Fairfax Club Estates,Week1,Dunn Loring,Week5,307.0 Dunn Loring - 95.0 Fairfax Club Estates
Fairfax Club Estates,Week4,Hollin Hills,Week1,287.0 Fairfax Club Estates - 114.0 Hollin Hills
Fairfax Club Estates,Week4,Hollin Hills,Week2,275.0 Fairfax Club Estates - 126.0 Hollin Hills
Fairfax Club Estates,Week4,Hollin Hills,Week4,267.0 Fairfax Club Estates - 132.0 Hollin Hills
Fairfax Club Estates,Week2,Mansion House,Week4,235.0 Mansion House - 167.0 Fairfax Club Estates
Fairfax Station,Week5,Little Rocky Run,Week1,241.0 Fairfax Station - 161.0 Little Rocky Run
Fairfax Station,Week3,Little Rocky Run,Week3,228.5 Fairfax Station - 173.5 Little Rocky Run
Fairfax Club Estates,Week5,Dowden Terrace,Week1,219.0 Dowden Terrace - 169.0 Fairfax Club Estates
Fairfax Station,Week4,Little Rocky Run,Week2,212.0 Fairfax Station - 190.0 Little Rocky Run
Fairfax Station,Week5,Little Rocky Run,Week2,247.0 Fairfax Station - 155.0 Little Rocky Run
Fairfax,Week1,Oakton ,Week1,222.0 Oakton - 180.0 Fairfax
Fairfax Club Estates,Week1,Hollin Hills,Week2,269.0 Fairfax Club Estates - 129.0 Hollin Hills
Fairfax Club Estates,Week1,Dunn Loring,Week3,310.0 Dunn Loring - 92.0 Fairfax Club Estates
Fairfax Club Estates,Week2,Mansion House,Week2,264.0 Mansion House - 137.0 Fairfax Club Estates
Fairfax,Week1,Oakton ,Week2,234.0 Oakton - 168.0 Fairfax
Fairfax Club Estates,Week3,Dowden Terrace,Week1,236.0 Dowden Terrace - 162.0 Fairfax Club Estates
Fairfax Station,Week5,Little Rocky Run,Week5,219.0 Fairfax Station - 183.0 Little Rocky Run
Fairfax Club Estates,Week2,Mansion House,Week3,278.0 Mansion House - 124.0 Fairfax Club Estates
Fairfax Club Estates,Week2,Mansion House,Week1,277.0 Mansion House - 125.0 Fairfax Club Estates
Fairfax,Week1,Oakton ,Week5,226.5 Oakton - 175.5 Fairfax
Fairfax Club Estates,Week5,Chesterbrook,Week3,373.0 Chesterbrook - 29.0 Fairfax Club Estates
Fairfax Club Estates,Week4,Mansion House,Week1,251.5 Mansion House - 150.5 Fairfax Club Estates
Fairfax Club Estates,Week3,Mansion House,Week5,279.0 Mansion House - 123.0 Fairfax Club Estates
Fairfax,Week2,Oakton ,Week1,214.0 Fairfax - 188.0 Oakton
Fairfax Club Estates,Week5,Commonwealth,Week2,208.0 Commonwealth - 194.0 Fairfax Club Estates
Fairfax Club Estates,Week4,Canterbury Woods,Week3,222.0 Canterbury Woods - 175.0 Fairfax Club Estates
Fairfax Club Estates,Week4,Mansion House,Week4,221.0 Mansion House - 181.0 Fairfax Club Estates
Fairfax Club Estates,Week3,Commonwealth,Week1,225.0 Fairfax Club Estates - 175.0 Commonwealth
Fairfax,Week2,Oakton ,Week2,217.0 Oakton - 185.0 Fairfax
Fairfax Club Estates,Week2,Mansion House,Week5,280.0 Mansion House - 122.0 Fairfax Club Estates
Fairfax,Week5,North Springfield,Week5,309.0 Fairfax - 65.0 North Springfield
Fairfax Club Estates,Week1,Hollin Hills,Week4,268.0 Fairfax Club Estates - 129.0 Hollin Hills
Fairfax Club Estates,Week3,Mansion House,Week3,272.0 Mansion House - 130.0 Fairfax Club Estates
Fairfax Club Estates,Week4,Commonwealth,Week4,215.5 Fairfax Club Estates - 186.5 Commonwealth
Fairfax Club Estates,Week4,Chesterbrook,Week4,349.0 Chesterbrook - 53.0 Fairfax Club Estates
Fairfax Club Estates,Week5,Highlands Swim,Week2,329.0 Highlands Swim - 73.0 Fairfax Club Estates
Fairfax Club Estates,Week2,Hollin Hills,Week1,271.0 Fairfax Club Estates - 129.0 Hollin Hills
Fairfax Club Estates,Week5,Highlands Swim,Week1,323.0 Highlands Swim - 79.0 Fairfax Club Estates
Fairfax Club Estates,Week5,Highlands Swim,Week3,325.0 Highlands Swim - 77.0 Fairfax Club Estates
Fairfax Club Estates,Week3,Mansion House,Week1,260.0 Mansion House - 142.0 Fairfax Club Estates
Fairfax Club Estates,Week4,Mansion House,Week3,261.0 Mansion House - 141.0 Fairfax Club Estates
Fairfax,Week1,Oakton ,Week4,221.0 Oakton - 181.0 Fairfax
Fairfax Club Estates,Week3,Canterbury Woods,Week4,240.0 Canterbury Woods - 162.0 Fairfax Club Estates
Fairfax,Week3,Oakton ,Week1,209.0 Fairfax - 193.0 Oakton
Fairfax Club Estates,Week4,Chesterbrook,Week5,357.0 Chesterbrook - 45.0 Fairfax Club Estates
Fairfax,Week3,Oakton ,Week2,203.0 Oakton - 199.0 Fairfax
Fairfax Club Estates,Week3,Mansion House,Week4,229.0 Mansion House - 173.0 Fairfax Club Estates
Fairfax Station,Week5,Little Rocky Run,Week4,243.0 Fairfax Station - 159.0 Little Rocky Run
Fairfax Club Estates,Week1,Hollin Meadows,Week4,260.0 Hollin Meadows - 142.0 Fairfax Club Estates
Fairfax Club Estates,Week3,Highlands Swim,Week1,321.0 Highlands Swim - 81.0 Fairfax Club Estates
Fairfax Club Estates,Week3,Highlands Swim,Week3,325.0 Highlands Swim - 77.0 Fairfax Club Estates
Fairfax Club Estates,Week4,Highlands Swim,Week2,327.0 Highlands Swim - 75.0 Fairfax Club Estates
Fairfax,Week2,Oakton ,Week5,209.0 Oakton - 193.0 Fairfax
Fairfax Station,Week5,Little Rocky Run,Week3,244.0 Fairfax Station - 158.0 Little Rocky Run
Fairfax Club Estates,Week4,Commonwealth,Week1,240.0 Fairfax Club Estates - 162.0 Commonwealth
Fairfax Club Estates,Week1,Commonwealth,Week5,207.0 Fairfax Club Estates - 195.0 Commonwealth
Fairfax Club Estates,Week2,Canterbury Woods,Week3,229.0 Canterbury Woods - 172.0 Fairfax Club Estates
Fairfax,Week3,South Run,Week2,280.0 Fairfax - 121.0 South Run
Fairfax Club Estates,Week5,Canterbury Woods,Week3,218.0 Canterbury Woods - 183.0 Fairfax Club Estates
Fairfax Club Estates,Week5,Chesterbrook,Week5,359.0 Chesterbrook - 42.0 Fairfax Club Estates
Fairfax Station,Week1,Brandywine,Week1,288.0 Fairfax Station - 114.0 Brandywine
Fairfax Club Estates,Week2,Cardinal Hill,Week4,294.0 Cardinal Hill - 108.0 Fairfax Club Estates
Fairfax,Week2,Springboard,Week2,356.0 Fairfax - 46.0 Springboard
Fairfax Club Estates,Week4,Highlands Swim,Week4,318.0 Highlands Swim - 84.0 Fairfax Club Estates
Fairfax Club Estates,Week4,Mansion House,Week2,240.0 Mansion House - 161.0 Fairfax Club Estates
Fairfax,Week1,Oakton ,Week3,225.0 Oakton - 177.0 Fairfax
Fairfax Station,Week2,Arlington Forest,Week2,285.0 Fairfax Station - 117.0 Arlington Forest
Fairfax Club Estates,Week3,Canterbury Woods,Week5,229.0 Canterbury Woods - 169.0 Fairfax Club Estates
Fairfax Club Estates,Week1,Commonwealth,Week2,204.0 Commonwealth - 197.0 Fairfax Club Estates
Fairfax Station,Week1,Arlington Forest,Week3,281.0 Fairfax Station - 121.0 Arlington Forest
Fairfax,Week1,Springboard,Week5,319.0 Fairfax - 83.0 Springboard
Fairfax Club Estates,Week4,Highlands Swim,Week5,324.0 Highlands Swim - 78.0 Fairfax Club Estates
Fairfax Club Estates,Week1,Hollin Hills,Week3,275.0 Fairfax Club Estates - 126.0 Hollin Hills
Fairfax Club Estates,Week3,Mansion House,Week2,244.0 Mansion House - 157.0 Fairfax Club Estates
Fairfax,Week2,Springboard,Week4,329.0 Fairfax - 73.0 Springboard
Fairfax Club Estates,Week1,Cottontail,Week3,214.0 Cottontail - 188.0 Fairfax Club Estates
Fairfax Station,Week1,Arlington Forest,Week4,241.0 Fairfax Station - 161.0 Arlington Forest
Fairfax,Week3,Springboard,Week1,328.0 Fairfax - 70.0 Springboard
Fairfax Club Estates,Week2,Commonwealth,Week5,221.0 Commonwealth - 181.0 Fairfax Club Estates
Fairfax Club Estates,Week2,Canterbury Woods,Week5,232.0 Canterbury Woods - 166.0 Fairfax Club Estates
Fairfax Club Estates,Week5,Canterbury Woods,Week2,209.0 Canterbury Woods - 189.0 Fairfax Club Estates
Fairfax Club Estates,Week5,Canterbury Woods,Week4,234.5 Canterbury Woods - 161.5 Fairfax Club Estates
Fairfax Club Estates,Week4,Highlands Swim,Week1,320.0 Highlands Swim - 82.0 Fairfax Club Estates
Fairfax Station,Week5,Annandale,Week2,358.0 Fairfax Station - 44.0 Annandale
Fairfax Club Estates,Week5,Highlands Swim,Week5,327.0 Highlands Swim - 70.0 Fairfax Club Estates
Fairfax Club Estates,Week5,Chesterbrook,Week4,361.0 Chesterbrook - 41.0 Fairfax Club Estates
Fairfax Club Estates,Week4,Canterbury Woods,Week1,212.0 Canterbury Woods - 190.0 Fairfax Club Estates
Fairfax Club Estates,Week1,Commonwealth,Week4,215.0 Fairfax Club Estates - 186.0 Commonwealth
Fairfax Club Estates,Week4,Commonwealth,Week3,201.0 Commonwealth - 201.0 Fairfax Club Estates
Fairfax,Week2,Oakton ,Week3,212.0 Fairfax - 190.0 Oakton
Fairfax Club Estates,Week1,Hollin Hills,Week1,270.0 Fairfax Club Estates - 123.0 Hollin Hills
Fairfax Club Estates,Week1,Cardinal Hill,Week4,281.0 Cardinal Hill - 121.0 Fairfax Club Estates
Fairfax Club Estates,Week1,Commonwealth,Week3,208.0 Fairfax Club Estates - 193.0 Commonwealth
Fairfax Club Estates,Week5,Highlands Swim,Week4,332.0 Highlands Swim - 70.0 Fairfax Club Estates
Fairfax Club Estates,Week5,Chesterbrook,Week1,361.0 Chesterbrook - 36.0 Fairfax Club Estates
Fairfax,Week5,South Run,Week5,277.0 Fairfax - 125.0 South Run
Fairfax Club Estates,Week3,Hollin Hills,Week5,261.0 Fairfax Club Estates - 139.0 Hollin Hills
Fairfax Club Estates,Week2,Hollin Hills,Week4,246.0 Fairfax Club Estates - 154.0 Hollin Hills
Fairfax,Week4,South Run,Week2,268.0 Fairfax - 133.0 South Run
Fairfax Club Estates,Week2,Commonwealth,Week1,212.0 Fairfax Club Estates - 189.0 Commonwealth
Fairfax Station,Week3,Arlington Forest,Week1,280.0 Fairfax Station - 122.0 Arlington Forest
Fairfax,Week4,South Run,Week5,241.0 Fairfax - 161.0 South Run
Fairfax Club Estates,Week5,Canterbury Woods,Week5,222.0 Canterbury Woods - 171.0 Fairfax Club Estates
Fairfax Club Estates,Week3,Hollin Hills,Week1,285.0 Fairfax Club Estates - 113.0 Hollin Hills
Fairfax Club Estates,Week2,Hollin Hills,Week2,258.0 Fairfax Club Estates - 140.0 Hollin Hills
Fairfax Club Estates,Week2,Canterbury Woods,Week2,206.0 Canterbury Woods - 195.0 Fairfax Club Estates
Fairfax Club Estates,Week3,Commonwealth,Week2,212.0 Commonwealth - 189.0 Fairfax Club Estates
Fairfax Station,Week4,Arlington Forest,Week3,265.0 Fairfax Station - 137.0 Arlington Forest
Fairfax Club Estates,Week2,Commonwealth,Week2,220.0 Commonwealth - 182.0 Fairfax Club Estates
Fairfax Club Estates,Week1,Canterbury Woods,Week5,209.0 Canterbury Woods - 192.0 Fairfax Club Estates
Fairfax,Week3,Springboard,Week3,321.0 Fairfax - 77.0 Springboard
Fairfax,Week5,South Run,Week1,257.5 Fairfax - 134.5 South Run
Fairfax Club Estates,Week1,Commonwealth,Week1,228.0 Fairfax Club Estates - 172.0 Commonwealth
Fairfax Club Estates,Week3,Hollin Hills,Week3,277.0 Fairfax Club Estates - 124.0 Hollin Hills
Fairfax Club Estates,Week2,Canterbury Woods,Week4,223.0 Canterbury Woods - 179.0 Fairfax Club Estates
Fairfax Station,Week3,Arlington Forest,Week3,314.0 Fairfax Station - 88.0 Arlington Forest
Fairfax Station,Week3,Arlington Forest,Week2,310.0 Fairfax Station - 92.0 Arlington Forest
Fairfax Club Estates,Week2,Cardinal Hill,Week1,300.0 Cardinal Hill - 102.0 Fairfax Club Estates
Fairfax Station,Week1,Arlington Forest,Week5,230.0 Fairfax Station - 172.0 Arlington Forest
Fairfax Club Estates,Week5,Hollin Hills,Week3,280.0 Fairfax Club Estates - 121.0 Hollin Hills
Fairfax Club Estates,Week1,Cardinal Hill,Week1,292.0 Cardinal Hill - 110.0 Fairfax Club Estates
Fairfax,Week3,South Run,Week1,249.0 Fairfax - 143.0 South Run
Fairfax Club Estates,Week4,Canterbury Woods,Week5,225.0 Canterbury Woods - 173.0 Fairfax Club Estates
Fairfax Station,Week1,Arlington Forest,Week2,283.0 Fairfax Station - 119.0 Arlington Forest
Fairfax,Week4,South Run,Week4,262.0 Fairfax - 139.0 South Run
Fairfax,Week4,Springboard,Week5,323.0 Fairfax - 75.0 Springboard
Fairfax Club Estates,Week5,Hollin Hills,Week2,264.0 Fairfax Club Estates - 135.0 Hollin Hills
Fairfax Club Estates,Week3,Canterbury Woods,Week3,238.0 Canterbury Woods - 164.0 Fairfax Club Estates
Fairfax Station,Week5,Annandale,Week4,358.0 Fairfax Station - 44.0 Annandale
Fairfax,Week4,Springboard,Week2,350.0 Fairfax - 48.0 Springboard
Fairfax Club Estates,Week5,Chesterbrook,Week2,360.0 Chesterbrook - 42.0 Fairfax Club Estates
Fairfax Club Estates,Week1,Cardinal Hill,Week2,287.0 Cardinal Hill - 115.0 Fairfax Club Estates
Fairfax Club Estates,Week5,Hollin Hills,Week1,277.0 Fairfax Club Estates - 119.0 Hollin Hills
Fairfax Station,Week5,Arlington Forest,Week1,293.0 Fairfax Station - 109.0 Arlington Forest
Fairfax Club Estates,Week3,Canterbury Woods,Week2,212.0 Canterbury Woods - 189.0 Fairfax Club Estates
Fairfax Club Estates,Week4,Hollin Hills,Week3,279.0 Fairfax Club Estates - 123.0 Hollin Hills
Fairfax Club Estates,Week5,Hollin Hills,Week4,257.0 Fairfax Club Estates - 139.0 Hollin Hills
Fairfax Club Estates,Week4,Hollin Hills,Week5,271.0 Fairfax Club Estates - 131.0 Hollin Hills
Fairfax Station,Week3,Arlington Forest,Week5,242.0 Fairfax Station - 160.0 Arlington Forest
Fairfax Club Estates,Week3,Commonwealth,Week5,205.0 Commonwealth - 197.0 Fairfax Club Estates
Fairfax Club Estates,Week3,Commonwealth,Week4,201.0 Commonwealth - 200.0 Fairfax Club Estates
Fairfax Station,Week2,Arlington Forest,Week4,243.0 Fairfax Station - 159.0 Arlington Forest
Fairfax Station,Week3,Arlington Forest,Week4,280.0 Fairfax Station - 122.0 Arlington Forest
Fairfax Club Estates,Week2,Commonwealth,Week4,201.0 Commonwealth - 200.0 Fairfax Club Estates
Fairfax Club Estates,Week2,Commonwealth,Week3,213.0 Commonwealth - 188.0 Fairfax Club Estates
Fairfax Club Estates,Week2,Canterbury Woods,Week1,219.0 Canterbury Woods - 183.0 Fairfax Club Estates
Fairfax Club Estates,Week4,Commonwealth,Week2,204.0 Commonwealth - 198.0 Fairfax Club Estates
Fairfax,Week5,Springboard,Week2,364.0 Fairfax - 34.0 Springboard
Fairfax,Week3,South Run,Week3,267.0 Fairfax - 134.0 South Run
Fairfax,Week4,South Run,Week3,266.0 Fairfax - 135.0 South Run
Fairfax Club Estates,Week3,Commonwealth,Week3,208.0 Commonwealth - 193.0 Fairfax Club Estates
Fairfax Club Estates,Week2,Cardinal Hill,Week3,307.0 Cardinal Hill - 95.0 Fairfax Club Estates
Fairfax,Week1,Springfield,Week1,385.0 Fairfax - 16.0 Springfield
Fairfax Club Estates,Week5,Hollin Hills,Week5,264.0 Fairfax Club Estates - 137.0 Hollin Hills
Fairfax Station,Week5,Annandale,Week3,347.0 Fairfax Station - 55.0 Annandale
Fairfax Station,Week4,Arlington Forest,Week1,258.0 Fairfax Station - 144.0 Arlington Forest
Fairfax Club Estates,Week1,Hollin Meadows,Week1,260.0 Hollin Meadows - 141.0 Fairfax Club Estates
Fairfax Club Estates,Week1,Hollin Meadows,Week3,250.0 Hollin Meadows - 151.0 Fairfax Club Estates
Fairfax Club Estates,Week1,Hollin Meadows,Week2,239.0 Hollin Meadows - 163.0 Fairfax Club Estates
Fairfax Club Estates,Week2,Cottontail,Week4,241.0 Cottontail - 161.0 Fairfax Club Estates
Fairfax,Week1,Springboard,Week2,347.0 Fairfax - 55.0 Springboard
Fairfax Station,Week2,Arlington Forest,Week5,238.0 Fairfax Station - 164.0 Arlington Forest
Fairfax Club Estates,Week5,Canterbury Woods,Week1,211.0 Canterbury Woods - 190.0 Fairfax Club Estates
Fairfax Club Estates,Week4,Commonwealth,Week5,211.0 Commonwealth - 191.0 Fairfax Club Estates
Fairfax Club Estates,Week5,Commonwealth,Week1,233.5 Fairfax Club Estates - 163.5 Commonwealth
Fairfax,Week3,South Run,Week5,267.0 Fairfax - 135.0 South Run
Fairfax Club Estates,Week3,Cardinal Hill,Week3,299.0 Cardinal Hill - 103.0 Fairfax Club Estates
Fairfax Club Estates,Week4,Canterbury Woods,Week2,207.0 Canterbury Woods - 194.0 Fairfax Club Estates
Fairfax Club Estates,Week3,Hollin Meadows,Week4,262.5 Hollin Meadows - 139.5 Fairfax Club Estates
Fairfax,Week5,South Run,Week2,291.0 Fairfax - 110.0 South Run
Fairfax Club Estates,Week1,Cottontail,Week1,228.0 Cottontail - 174.0 Fairfax Club Estates
Fairfax Club Estates,Week1,Cottontail,Week2,226.0 Cottontail - 176.0 Fairfax Club Estates
Fairfax Club Estates,Week2,Hollin Meadows,Week5,294.0 Hollin Meadows - 107.0 Fairfax Club Estates
Fairfax Club Estates,Week2,Hollin Meadows,Week3,272.0 Hollin Meadows - 129.0 Fairfax Club Estates
Fairfax Station,Week1,Arlington Forest,Week1,254.0 Fairfax Station - 148.0 Arlington Forest
Fairfax Station,Week5,Arlington Forest,Week2,307.0 Fairfax Station - 95.0 Arlington Forest
Fairfax Club Estates,Week2,Cardinal Hill,Week2,288.0 Cardinal Hill - 114.0 Fairfax Club Estates
Fairfax Station,Week5,Arlington Forest,Week4,267.0 Fairfax Station - 135.0 Arlington Forest
Fairfax,Week1,Springboard,Week1,327.0 Fairfax - 75.0 Springboard
Fairfax Club Estates,Week1,Cardinal Hill,Week5,285.0 Cardinal Hill - 117.0 Fairfax Club Estates
Fairfax,Week1,Springboard,Week3,320.0 Fairfax - 82.0 Springboard
Fairfax Club Estates,Week2,Hollin Meadows,Week2,259.0 Hollin Meadows - 143.0 Fairfax Club Estates
Fairfax Club Estates,Week5,Commonwealth,Week3,209.0 Fairfax Club Estates - 193.0 Commonwealth
Fairfax Station,Week4,Arlington Forest,Week5,229.0 Fairfax Station - 173.0 Arlington Forest
Fairfax Station,Week2,Arlington Forest,Week1,272.0 Fairfax Station - 130.0 Arlington Forest
Fairfax Club Estates,Week3,Hollin Meadows,Week1,267.0 Hollin Meadows - 134.0 Fairfax Club Estates
Fairfax Club Estates,Week5,Commonwealth,Week4,205.0 Fairfax Club Estates - 192.0 Commonwealth
Fairfax Club Estates,Week3,Canterbury Woods,Week1,216.0 Canterbury Woods - 186.0 Fairfax Club Estates
Fairfax,Week5,South Run,Week4,288.0 Fairfax - 113.0 South Run
Fairfax,Week5,South Run,Week3,281.0 Fairfax - 120.0 South Run
Fairfax Club Estates,Week4,Canterbury Woods,Week4,233.0 Canterbury Woods - 169.0 Fairfax Club Estates
Fairfax Club Estates,Week5,Commonwealth,Week5,202.0 Commonwealth - 200.0 Fairfax Club Estates
Fairfax Station,Week5,Arlington Forest,Week3,299.0 Fairfax Station - 103.0 Arlington Forest
Fairfax Club Estates,Week1,Cardinal Hill,Week3,303.0 Cardinal Hill - 99.0 Fairfax Club Estates
Fairfax Station,Week5,Annandale,Week5,354.0 Fairfax Station - 48.0 Annandale
Fairfax Club Estates,Week2,Chesterbrook,Week2,379.0 Chesterbrook - 23.0 Fairfax Club Estates
Fairfax,Week3,South Run,Week4,286.0 Fairfax - 115.0 South Run
Fairfax Station,Week2,Arlington Forest,Week3,279.0 Fairfax Station - 123.0 Arlington Forest
Fairfax Club Estates,Week1,Hollin Meadows,Week5,277.0 Hollin Meadows - 125.0 Fairfax Club Estates
Fairfax Station,Week4,Arlington Forest,Week2,285.0 Fairfax Station - 117.0 Arlington Forest
Fairfax Club Estates,Week5,Cottontail,Week5,234.0 Cottontail - 167.0 Fairfax Club Estates
Fairfax Club Estates,Week2,Chesterbrook,Week1,357.0 Chesterbrook - 45.0 Fairfax Club Estates
Fairfax,Week4,South Run,Week1,243.0 Fairfax - 149.0 South Run
Fairfax,Week1,Springboard,Week4,328.0 Fairfax - 74.0 Springboard
Fairfax Club Estates,Week4,Cottontail,Week5,220.0 Cottontail - 182.0 Fairfax Club Estates
Fairfax Club Estates,Week4,Hollin Meadows,Week2,222.0 Hollin Meadows - 180.0 Fairfax Club Estates
Fairfax Club Estates,Week1,Country Club Hills,Week2,223.0 Country Club Hills - 179.0 Fairfax Club Estates
Fairfax Club Estates,Week4,Cottontail,Week2,202.0 Cottontail - 200.0 Fairfax Club Estates
Fairfax Club Estates,Week3,Cardinal Hill,Week1,294.0 Cardinal Hill - 108.0 Fairfax Club Estates
Fairfax,Week2,Springboard,Week3,325.0 Fairfax - 77.0 Springboard
Fairfax Club Estates,Week3,Cardinal Hill,Week5,282.0 Cardinal Hill - 119.0 Fairfax Club Estates
Fairfax Club Estates,Week3,Hollin Meadows,Week5,283.0 Hollin Meadows - 119.0 Fairfax Club Estates
Fairfax Club Estates,Week1,Country Club Hills,Week1,209.0 Country Club Hills - 188.0 Fairfax Club Estates
Fairfax Club Estates,Week2,Hollin Meadows,Week1,274.0 Hollin Meadows - 128.0 Fairfax Club Estates
Fairfax Station,Week5,Arlington Forest,Week5,247.0 Fairfax Station - 155.0 Arlington Forest
Fairfax Club Estates,Week5,Cardinal Hill,Week4,282.0 Cardinal Hill - 120.0 Fairfax Club Estates
Fairfax,Week2,Springboard,Week1,334.0 Fairfax - 68.0 Springboard
Fairfax Station,Week4,Arlington Forest,Week4,248.0 Fairfax Station - 154.0 Arlington Forest
Fairfax Club Estates,Week3,Hollin Meadows,Week3,261.0 Hollin Meadows - 140.0 Fairfax Club Estates
Fairfax Club Estates,Week4,Chesterbrook,Week1,352.0 Chesterbrook - 50.0 Fairfax Club Estates
Fairfax Station,Week1,Brandywine,Week2,264.0 Fairfax Station - 138.0 Brandywine
Fairfax Club Estates,Week1,Country Club Hills,Week3,223.0 Country Club Hills - 179.0 Fairfax Club Estates
Fairfax Club Estates,Week4,Hollin Meadows,Week4,236.0 Hollin Meadows - 166.0 Fairfax Club Estates
Fairfax Club Estates,Week5,Hollin Meadows,Week1,245.0 Hollin Meadows - 156.0 Fairfax Club Estates
Fairfax Club Estates,Week2,Country Club Hills,Week2,231.0 Country Club Hills - 171.0 Fairfax Club Estates
Fairfax Club Estates,Week5,Hollin Meadows,Week3,236.0 Hollin Meadows - 165.0 Fairfax Club Estates
Fairfax Club Estates,Week4,Chesterbrook,Week2,353.0 Chesterbrook - 49.0 Fairfax Club Estates
Fairfax Club Estates,Week4,Hollin Meadows,Week3,239.0 Hollin Meadows - 163.0 Fairfax Club Estates
Fairfax Club Estates,Week2,Cottontail,Week1,230.0 Cottontail - 172.0 Fairfax Club Estates
Fairfax Club Estates,Week2,Country Club Hills,Week1,226.0 Country Club Hills - 176.0 Fairfax Club Estates
Fairfax Club Estates,Week3,Chesterbrook,Week1,360.0 Chesterbrook - 42.0 Fairfax Club Estates
Fairfax Club Estates,Week5,Cardinal Hill,Week3,293.0 Cardinal Hill - 108.0 Fairfax Club Estates
Fairfax Station,Week1,Brandywine,Week4,269.0 Fairfax Station - 133.0 Brandywine
Fairfax Club Estates,Week2,Hollin Meadows,Week4,277.0 Hollin Meadows - 125.0 Fairfax Club Estates
Fairfax Station,Week5,Brandywine,Week5,281.0 Fairfax Station - 121.0 Brandywine
Fairfax Club Estates,Week3,Chesterbrook,Week5,365.0 Chesterbrook - 37.0 Fairfax Club Estates
Fairfax Club Estates,Week1,Country Club Hills,Week4,216.0 Country Club Hills - 186.0 Fairfax Club Estates
Fairfax Club Estates,Week4,Cardinal Hill,Week3,291.0 Cardinal Hill - 111.0 Fairfax Club Estates
Fairfax,Week4,Springboard,Week1,328.0 Fairfax - 70.0 Springboard
Fairfax Station,Week5,Brandywine,Week4,285.0 Fairfax Station - 117.0 Brandywine
Fairfax,Week4,Springboard,Week4,334.0 Fairfax - 67.0 Springboard
Fairfax Club Estates,Week4,Cottontail,Week4,203.0 Cottontail - 199.0 Fairfax Club Estates
Fairfax Station,Week1,Bren Mar-Edsall Park,Week5,380.0 Fairfax Station - 22.0 Bren Mar-Edsall Park
Fairfax,Week2,Springboard,Week5,331.0 Fairfax - 71.0 Springboard
Fairfax Club Estates,Week4,Hollin Meadows,Week5,274.0 Hollin Meadows - 128.0 Fairfax Club Estates
Fairfax Station,Week3,Brandywine,Week2,287.0 Fairfax Station - 115.0 Brandywine
Fairfax,Week3,Springboard,Week5,325.0 Fairfax - 73.0 Springboard
Fairfax Club Estates,Week5,Hollin Meadows,Week2,231.0 Hollin Meadows - 171.0 Fairfax Club Estates
Fairfax,Week4,Springboard,Week3,330.0 Fairfax - 68.0 Springboard
Fairfax,Week3,Springboard,Week2,353.0 Fairfax - 45.0 Springboard
Fairfax Club Estates,Week4,Hollin Meadows,Week1,227.0 Hollin Meadows - 175.0 Fairfax Club Estates
Fairfax,Week3,Springboard,Week4,319.0 Fairfax - 82.0 Springboard
Fairfax Station,Week3,Brandywine,Week1,296.0 Fairfax Station - 106.0 Brandywine
Fairfax Station,Week4,Brandywine,Week5,260.0 Fairfax Station - 142.0 Brandywine
Fairfax,Week5,Springboard,Week1,348.0 Fairfax - 50.0 Springboard
Fairfax Club Estates,Week2,Chesterbrook,Week5,370.0 Chesterbrook - 32.0 Fairfax Club Estates
Fairfax Club Estates,Week1,Country Club Hills,Week5,245.0 Country Club Hills - 157.0 Fairfax Club Estates
Fairfax Club Estates,Week3,Cardinal Hill,Week2,280.0 Cardinal Hill - 122.0 Fairfax Club Estates
Fairfax Station,Week2,Brandywine,Week4,274.5 Fairfax Station - 127.5 Brandywine
Fairfax Club Estates,Week1,Cottontail,Week5,230.0 Cottontail - 172.0 Fairfax Club Estates
Fairfax Station,Week2,Brandywine,Week3,253.0 Fairfax Station - 144.0 Brandywine
Fairfax,Week5,Springboard,Week3,343.0 Fairfax - 55.0 Springboard
Fairfax Club Estates,Week2,Cottontail,Week2,230.0 Cottontail - 172.0 Fairfax Club Estates
Fairfax Station,Week2,Brandywine,Week1,291.0 Fairfax Station - 111.0 Brandywine
Fairfax Club Estates,Week2,Cottontail,Week5,245.0 Cottontail - 157.0 Fairfax Club Estates
Fairfax Station,Week5,Brandywine,Week2,290.0 Fairfax Station - 112.0 Brandywine
Fairfax Station,Week1,Brandywine,Week3,255.0 Fairfax Station - 146.0 Brandywine
Fairfax Club Estates,Week2,Cardinal Hill,Week5,284.0 Cardinal Hill - 117.0 Fairfax Club Estates
Fairfax,Week2,Springfield,Week3,384.0 Fairfax - 18.0 Springfield
Fairfax Club Estates,Week3,Holmes Run Acres,Week5,292.0 Holmes Run Acres - 110.0 Fairfax Club Estates
Fairfax Club Estates,Week4,Cardinal Hill,Week1,281.0 Cardinal Hill - 121.0 Fairfax Club Estates
Fairfax Club Estates,Week2,Cottontail,Week3,236.0 Cottontail - 166.0 Fairfax Club Estates
Fairfax Club Estates,Week5,Cottontail,Week3,208.0 Cottontail - 194.0 Fairfax Club Estates
Fairfax Club Estates,Week4,Chesterbrook,Week3,372.0 Chesterbrook - 30.0 Fairfax Club Estates
Fairfax Station,Week5,Brandywine,Week3,290.0 Fairfax Station - 112.0 Brandywine
Fairfax Club Estates,Week4,Cardinal Hill,Week2,271.0 Cardinal Hill - 131.0 Fairfax Club Estates
Fairfax Club Estates,Week3,Holmes Run Acres,Week1,251.0 Holmes Run Acres - 150.0 Fairfax Club Estates
Fairfax,Week2,Springfield,Week2,387.0 Fairfax - 15.0 Springfield
Fairfax Club Estates,Week1,Chesterbrook,Week4,364.0 Chesterbrook - 38.0 Fairfax Club Estates
Fairfax Club Estates,Week1,Chesterbrook,Week3,354.0 Chesterbrook - 48.0 Fairfax Club Estates
Fairfax Club Estates,Week1,Holmes Run Acres,Week4,248.0 Holmes Run Acres - 154.0 Fairfax Club Estates
Fairfax,Week5,Springboard,Week5,347.0 Fairfax - 51.0 Springboard
Fairfax Club Estates,Week1,Hunt Valley,Week1,302.0 Hunt Valley - 95.0 Fairfax Club Estates
Fairfax,Week5,Springboard,Week4,349.0 Fairfax - 52.0 Springboard
Fairfax Club Estates,Week1,Chesterbrook,Week1,344.0 Chesterbrook - 58.0 Fairfax Club Estates
Fairfax,Week2,Springfield,Week5,388.0 Fairfax - 14.0 Springfield
Fairfax Club Estates,Week4,Cottontail,Week1,210.0 Cottontail - 192.0 Fairfax Club Estates
Fairfax Club Estates,Week2,Holmes Run Acres,Week4,263.0 Holmes Run Acres - 138.0 Fairfax Club Estates
Fairfax Club Estates,Week1,Cottontail,Week4,217.5 Cottontail - 184.5 Fairfax Club Estates
Fairfax Club Estates,Week5,Hollin Meadows,Week4,244.5 Hollin Meadows - 157.5 Fairfax Club Estates
Fairfax Station,Week1,Bren Mar-Edsall Park,Week3,380.0 Fairfax Station - 22.0 Bren Mar-Edsall Park
Fairfax Club Estates,Week3,Cottontail,Week1,229.0 Cottontail - 173.0 Fairfax Club Estates
Fairfax,Week1,Springfield,Week5,379.0 Fairfax - 21.0 Springfield
Fairfax Club Estates,Week3,Hollin Meadows,Week2,236.0 Hollin Meadows - 166.0 Fairfax Club Estates
Fairfax,Week5,Springfield,Week1,388.0 Fairfax - 13.0 Springfield
Fairfax Station,Week4,Brandywine,Week4,266.0 Fairfax Station - 136.0 Brandywine
Fairfax Club Estates,Week5,Cardinal Hill,Week1,283.0 Cardinal Hill - 119.0 Fairfax Club Estates
Fairfax,Week4,Springfield,Week4,382.0 Fairfax - 19.0 Springfield
Fairfax Club Estates,Week1,Holmes Run Acres,Week3,278.0 Holmes Run Acres - 124.0 Fairfax Club Estates
Fairfax Club Estates,Week3,Cottontail,Week2,216.0 Cottontail - 186.0 Fairfax Club Estates
Fairfax Club Estates,Week4,Cardinal Hill,Week5,274.0 Cardinal Hill - 127.0 Fairfax Club Estates
Fairfax Club Estates,Week5,Hollin Meadows,Week5,277.0 Hollin Meadows - 125.0 Fairfax Club Estates
Fairfax Station,Week4,Brandywine,Week2,269.0 Fairfax Station - 133.0 Brandywine
Fairfax Club Estates,Week2,Holmes Run Acres,Week1,253.5 Holmes Run Acres - 147.5 Fairfax Club Estates
Fairfax Club Estates,Week5,Cottontail,Week1,215.0 Cottontail - 187.0 Fairfax Club Estates
Fairfax Club Estates,Week4,Cardinal Hill,Week4,275.0 Cardinal Hill - 127.0 Fairfax Club Estates
Fairfax Station,Week4,Brandywine,Week1,282.0 Fairfax Station - 120.0 Brandywine
Fairfax Club Estates,Week1,Chesterbrook,Week2,359.0 Chesterbrook - 43.0 Fairfax Club Estates
Fairfax,Week4,Springfield,Week1,382.0 Fairfax - 19.0 Springfield
Fairfax Club Estates,Week5,Cardinal Hill,Week5,272.0 Cardinal Hill - 126.0 Fairfax Club Estates
Fairfax Station,Week3,Brandywine,Week5,277.0 Fairfax Station - 125.0 Brandywine
Fairfax Club Estates,Week1,Holmes Run Acres,Week2,235.0 Holmes Run Acres - 162.0 Fairfax Club Estates
Fairfax Club Estates,Week2,Hunt Valley,Week1,320.0 Hunt Valley - 82.0 Fairfax Club Estates
Fairfax Club Estates,Week3,Cottontail,Week3,212.0 Cottontail - 190.0 Fairfax Club Estates
Fairfax,Week1,Springfield,Week3,382.0 Fairfax - 20.0 Springfield
Fairfax Station,Week4,Brandywine,Week3,266.0 Fairfax Station - 135.0 Brandywine
Fairfax Club Estates,Week3,Cottontail,Week4,223.0 Cottontail - 179.0 Fairfax Club Estates
Fairfax Club Estates,Week5,Cottontail,Week2,214.0 Cottontail - 188.0 Fairfax Club Estates
Fairfax,Week4,Springfield,Week2,385.5 Fairfax - 15.5 Springfield
Fairfax Club Estates,Week3,Cottontail,Week5,231.0 Cottontail - 171.0 Fairfax Club Estates
Fairfax Club Estates,Week4,Holmes Run Acres,Week3,273.0 Holmes Run Acres - 129.0 Fairfax Club Estates
Fairfax Station,Week1,Bren Mar-Edsall Park,Week1,382.0 Fairfax Station - 20.0 Bren Mar-Edsall Park
Fairfax Station,Week3,Brandywine,Week3,269.0 Fairfax Station - 133.0 Brandywine
Fairfax Club Estates,Week3,Country Club Hills,Week2,230.0 Country Club Hills - 172.0 Fairfax Club Estates
Fairfax Station,Week2,Brandywine,Week5,257.0 Fairfax Station - 145.0 Brandywine
Fairfax,Week3,Springfield,Week1,386.0 Fairfax - 15.0 Springfield
Fairfax Station,Week1,Bren Mar-Edsall Park,Week4,376.0 Fairfax Station - 26.0 Bren Mar-Edsall Park
Fairfax Club Estates,Week3,Holmes Run Acres,Week4,255.0 Holmes Run Acres - 146.0 Fairfax Club Estates
Fairfax Station,Week1,Brandywine,Week5,256.0 Fairfax Station - 146.0 Brandywine
Fairfax,Week4,Springfield,Week5,388.0 Fairfax - 12.0 Springfield
Fairfax,Week3,Springfield,Week3,378.0 Fairfax - 20.0 Springfield
Fairfax,Week1,Springfield,Week4,385.0 Fairfax - 16.0 Springfield
Fairfax Club Estates,Week4,Holmes Run Acres,Week1,225.0 Holmes Run Acres - 177.0 Fairfax Club Estates
Fairfax Station,Week3,Brandywine,Week4,276.0 Fairfax Station - 126.0 Brandywine
Fairfax Club Estates,Week2,Chesterbrook,Week4,368.0 Chesterbrook - 34.0 Fairfax Club Estates
Fairfax Club Estates,Week4,Holmes Run Acres,Week5,277.0 Holmes Run Acres - 125.0 Fairfax Club Estates
Fairfax Club Estates,Week5,Cottontail,Week4,212.0 Cottontail - 189.0 Fairfax Club Estates
Fairfax Club Estates,Week3,Chesterbrook,Week2,367.0 Chesterbrook - 35.0 Fairfax Club Estates
Fairfax Club Estates,Week3,Holmes Run Acres,Week2,249.0 Holmes Run Acres - 152.0 Fairfax Club Estates
Fairfax Club Estates,Week4,Cottontail,Week3,202.0 Cottontail - 200.0 Fairfax Club Estates
Fairfax Club Estates,Week1,Chesterbrook,Week5,353.0 Chesterbrook - 49.0 Fairfax Club Estates
Fairfax Station,Week2,Brandywine,Week2,281.0 Fairfax Station - 121.0 Brandywine
Fairfax Club Estates,Week3,Chesterbrook,Week3,372.0 Chesterbrook - 30.0 Fairfax Club Estates
Fairfax Club Estates,Week5,Cardinal Hill,Week2,277.0 Cardinal Hill - 124.0 Fairfax Club Estates
Fairfax Club Estates,Week3,Cardinal Hill,Week4,289.0 Cardinal Hill - 113.0 Fairfax Club Estates
Fairfax,Week3,Springfield,Week5,388.0 Fairfax - 13.0 Springfield
Fairfax Club Estates,Week2,Crosspointe,Week2,290.5 Crosspointe - 111.5 Fairfax Club Estates
Fairfax Club Estates,Week2,Crosspointe,Week3,318.0 Crosspointe - 84.0 Fairfax Club Estates
Fairfax Club Estates,Week3,Holmes Run Acres,Week3,289.0 Holmes Run Acres - 112.0 Fairfax Club Estates
Fairfax,Week4,Springfield,Week3,384.0 Fairfax - 14.0 Springfield
Fairfax,Week2,Springfield,Week1,389.0 Fairfax - 13.0 Springfield
Fairfax Club Estates,Week4,Country Club Hills,Week1,207.0 Fairfax Club Estates - 195.0 Country Club Hills
Fairfax Club Estates,Week2,Holmes Run Acres,Week2,255.0 Holmes Run Acres - 146.0 Fairfax Club Estates
Fairfax,Week3,Springfield,Week4,383.0 Fairfax - 18.0 Springfield
Fairfax Club Estates,Week2,Chesterbrook,Week3,375.0 Chesterbrook - 27.0 Fairfax Club Estates
Fairfax Club Estates,Week4,Holmes Run Acres,Week2,227.0 Holmes Run Acres - 175.0 Fairfax Club Estates
Fairfax Station,Week1,Bren Mar-Edsall Park,Week2,385.0 Fairfax Station - 17.0 Bren Mar-Edsall Park
Fairfax Club Estates,Week3,Chesterbrook,Week4,361.0 Chesterbrook - 41.0 Fairfax Club Estates
Fairfax Club Estates,Week5,Holmes Run Acres,Week1,242.0 Holmes Run Acres - 158.0 Fairfax Club Estates
Fairfax Club Estates,Week3,Brandywine,Week4,247.5 Brandywine - 154.5 Fairfax Club Estates
Fairfax Station,Week2,Bren Mar-Edsall Park,Week3,378.0 Fairfax Station - 24.0 Bren Mar-Edsall Park
Fairfax Station,Week2,Bren Mar-Edsall Park,Week2,382.5 Fairfax Station - 19.5 Bren Mar-Edsall Park
Fairfax Station,Week2,Bren Mar-Edsall Park,Week5,382.0 Fairfax Station - 20.0 Bren Mar-Edsall Park
Fairfax Club Estates,Week1,Bren Mar-Edsall Park,Week5,299.0 Fairfax Club Estates - 102.0 Bren Mar-Edsall Park
Fairfax Station,Week2,Bren Mar-Edsall Park,Week1,379.0 Fairfax Station - 23.0 Bren Mar-Edsall Park
Fairfax Club Estates,Week4,Brandywine,Week3,233.0 Brandywine - 169.0 Fairfax Club Estates
Fairfax Club Estates,Week3,Crosspointe,Week4,310.0 Crosspointe - 92.0 Fairfax Club Estates
Fairfax Club Estates,Week2,Holmes Run Acres,Week3,295.0 Holmes Run Acres - 106.0 Fairfax Club Estates
Fairfax Station,Week5,Brandywine,Week1,298.0 Fairfax Station - 104.0 Brandywine
Fairfax,Week5,Springfield,Week2,394.0 Fairfax - 7.0 Springfield
Fairfax Club Estates,Week4,Country Club Hills,Week5,227.0 Country Club Hills - 175.0 Fairfax Club Estates
Fairfax,Week5,Springfield,Week3,388.0 Fairfax - 9.0 Springfield
Fairfax,Week1,Springfield,Week2,381.0 Fairfax - 20.0 Springfield
Fairfax,Week4,Pleasant Valley,Week2,342.0 Fairfax - 56.0 Pleasant Valley
Fairfax Club Estates,Week4,Crosspointe,Week2,287.0 Crosspointe - 115.0 Fairfax Club Estates
Fairfax Club Estates,Week5,Holmes Run Acres,Week3,277.0 Holmes Run Acres - 123.0 Fairfax Club Estates
Fairfax,Week2,Pleasant Valley,Week1,350.0 Fairfax - 52.0 Pleasant Valley
Fairfax Club Estates,Week1,Holmes Run Acres,Week1,234.0 Holmes Run Acres - 168.0 Fairfax Club Estates
Fairfax Club Estates,Week2,Holmes Run Acres,Week5,296.0 Holmes Run Acres - 106.0 Fairfax Club Estates
Fairfax,Week3,Pleasant Valley,Week2,349.0 Fairfax - 49.0 Pleasant Valley
Fairfax Club Estates,Week1,Brandywine,Week5,251.5 Brandywine - 150.5 Fairfax Club Estates
Fairfax,Week2,Springfield,Week4,388.0 Fairfax - 14.0 Springfield
Fairfax,Week5,Pleasant Valley,Week3,348.0 Fairfax - 54.0 Pleasant Valley
Fairfax,Week5,Springfield,Week4,391.0 Fairfax - 10.0 Springfield
Fairfax,Week3,Pleasant Valley,Week1,339.0 Fairfax - 59.0 Pleasant Valley
Fairfax,Week3,Springfield,Week2,384.0 Fairfax - 17.0 Springfield
Fairfax Club Estates,Week1,Holmes Run Acres,Week5,282.0 Holmes Run Acres - 120.0 Fairfax Club Estates
Fairfax Club Estates,Week5,Country Club Hills,Week5,238.0 Country Club Hills - 163.0 Fairfax Club Estates
Fairfax Club Estates,Week2,Bren Mar-Edsall Park,Week2,311.0 Fairfax Club Estates - 90.0 Bren Mar-Edsall Park
Fairfax Club Estates,Week3,Crosspointe,Week1,317.0 Crosspointe - 85.0 Fairfax Club Estates
Fairfax Club Estates,Week3,Country Club Hills,Week3,228.0 Country Club Hills - 174.0 Fairfax Club Estates
Fairfax Club Estates,Week2,Brandywine,Week4,255.0 Brandywine - 147.0 Fairfax Club Estates
Fairfax Club Estates,Week5,Country Club Hills,Week3,202.0 Fairfax Club Estates - 199.0 Country Club Hills
Fairfax Station,Week2,Bren Mar-Edsall Park,Week4,378.0 Fairfax Station - 24.0 Bren Mar-Edsall Park
Fairfax,Week4,Pleasant Valley,Week1,339.0 Fairfax - 59.0 Pleasant Valley
Fairfax Club Estates,Week1,Crosspointe,Week2,284.0 Crosspointe - 118.0 Fairfax Club Estates
Fairfax,Week2,Somerset-Olde Creek,Week2,354.0 Fairfax - 48.0 Somerset-Olde Creek
Fairfax Club Estates,Week4,Country Club Hills,Week2,205.0 Country Club Hills - 197.0 Fairfax Club Estates
Fairfax Club Estates,Week4,Country Club Hills,Week4,199.0 Country Club Hills - 198.0 Fairfax Club Estates
Fairfax Club Estates,Week5,Holmes Run Acres,Week2,228.0 Holmes Run Acres - 173.0 Fairfax Club Estates
Fairfax Club Estates,Week3,Brandywine,Week5,266.0 Brandywine - 136.0 Fairfax Club Estates
Fairfax Station,Week5,Bren Mar-Edsall Park,Week3,386.0 Fairfax Station - 16.0 Bren Mar-Edsall Park
Fairfax Club Estates,Week5,Brandywine,Week5,261.0 Brandywine - 140.0 Fairfax Club Estates
Fairfax,Week2,Somerset-Olde Creek,Week5,339.0 Fairfax - 63.0 Somerset-Olde Creek
Fairfax Club Estates,Week5,Holmes Run Acres,Week4,240.0 Holmes Run Acres - 160.0 Fairfax Club Estates
Fairfax,Week3,Somerset-Olde Creek,Week1,342.0 Fairfax - 58.0 Somerset-Olde Creek
Fairfax Club Estates,Week2,Country Club Hills,Week5,247.0 Country Club Hills - 155.0 Fairfax Club Estates
Fairfax,Week2,Somerset-Olde Creek,Week1,348.0 Fairfax - 54.0 Somerset-Olde Creek
Fairfax,Week4,Somerset-Olde Creek,Week3,359.0 Fairfax - 42.0 Somerset-Olde Creek
Fairfax,Week5,Pinewood Lake,Week3,386.0 Fairfax - 16.0 Pinewood Lake
Fairfax Station,Week2,Brookfield ,Week2,291.0 Fairfax Station - 111.0 Brookfield
Fairfax Club Estates,Week1,Bren Mar-Edsall Park,Week2,322.0 Fairfax Club Estates - 80.0 Bren Mar-Edsall Park
Fairfax Club Estates,Week5,Holmes Run Acres,Week5,278.0 Holmes Run Acres - 124.0 Fairfax Club Estates
Fairfax,Week5,Pleasant Valley,Week1,358.0 Fairfax - 40.0 Pleasant Valley
Fairfax Station,Week3,Bren Mar-Edsall Park,Week5,383.0 Fairfax Station - 19.0 Bren Mar-Edsall Park
Fairfax Club Estates,Week5,Brandywine,Week2,241.0 Brandywine - 160.0 Fairfax Club Estates
Fairfax Station,Week1,Brookfield ,Week1,262.0 Fairfax Station - 140.0 Brookfield
Fairfax Club Estates,Week4,Holmes Run Acres,Week4,246.0 Holmes Run Acres - 156.0 Fairfax Club Estates
Fairfax,Week1,Poplar Heights,Week4,241.0 Fairfax - 161.0 Poplar Heights
Fairfax Station,Week4,Bren Mar-Edsall Park,Week5,377.0 Fairfax Station - 25.0 Bren Mar-Edsall Park
Fairfax Club Estates,Week1,Hunt Valley,Week3,322.0 Hunt Valley - 80.0 Fairfax Club Estates
Fairfax,Week4,Pleasant Valley,Week4,348.0 Fairfax - 50.0 Pleasant Valley
Fairfax,Week2,Somerset-Olde Creek,Week3,354.0 Fairfax - 48.0 Somerset-Olde Creek
Fairfax Club Estates,Week4,Brandywine,Week4,239.0 Brandywine - 163.0 Fairfax Club Estates
Fairfax Station,Week4,Brookfield ,Week1,273.0 Fairfax Station - 129.0 Brookfield
Fairfax Club Estates,Week3,Brandywine,Week2,237.0 Brandywine - 164.0 Fairfax Club Estates
Fairfax Club Estates,Week1,Brandywine,Week4,250.5 Brandywine - 151.5 Fairfax Club Estates
Fairfax Club Estates,Week1,Crosspointe,Week4,292.0 Crosspointe - 110.0 Fairfax Club Estates
Fairfax,Week5,Sleepy Hollow Rec,Week3,328.0 Fairfax - 74.0 Sleepy Hollow Rec
Fairfax,Week1,Pleasant Valley,Week2,334.0 Fairfax - 68.0 Pleasant Valley
Fairfax Club Estates,Week1,Hunt Valley,Week4,307.5 Hunt Valley - 94.5 Fairfax Club Estates
Fairfax Club Estates,Week5,Country Club Hills,Week2,210.0 Country Club Hills - 192.0 Fairfax Club Estates
Fairfax Club Estates,Week1,Hunt Valley,Week2,307.0 Hunt Valley - 95.0 Fairfax Club Estates
Fairfax Club Estates,Week2,Hunt Valley,Week5,333.0 Hunt Valley - 69.0 Fairfax Club Estates
Fairfax,Week4,Pleasant Valley,Week5,327.0 Fairfax - 73.0 Pleasant Valley
Fairfax,Week4,Sleepy Hollow Rec,Week3,314.0 Fairfax - 88.0 Sleepy Hollow Rec
Fairfax,Week2,Pleasant Valley,Week4,362.0 Fairfax - 40.0 Pleasant Valley
Fairfax Station,Week4,Bren Mar-Edsall Park,Week3,377.0 Fairfax Station - 25.0 Bren Mar-Edsall Park
Fairfax Station,Week2,Brookfield ,Week1,278.0 Fairfax Station - 124.0 Brookfield
Fairfax Club Estates,Week1,Crosspointe,Week5,316.0 Crosspointe - 86.0 Fairfax Club Estates
Fairfax Club Estates,Week2,Bren Mar-Edsall Park,Week5,296.0 Fairfax Club Estates - 104.0 Bren Mar-Edsall Park
Fairfax Club Estates,Week1,Hunt Valley,Week5,325.0 Hunt Valley - 77.0 Fairfax Club Estates
Fairfax,Week4,Pleasant Valley,Week3,325.0 Fairfax - 77.0 Pleasant Valley
Fairfax Station,Week3,Brookfield ,Week2,309.0 Fairfax Station - 93.0 Brookfield
Fairfax,Week5,Pinewood Lake,Week5,381.0 Fairfax - 21.0 Pinewood Lake
Fairfax,Week2,Somerset-Olde Creek,Week4,347.0 Fairfax - 55.0 Somerset-Olde Creek
Fairfax Club Estates,Week5,Country Club Hills,Week4,214.0 Country Club Hills - 188.0 Fairfax Club Estates
Fairfax Club Estates,Week2,Hunt Valley,Week4,324.0 Hunt Valley - 78.0 Fairfax Club Estates
Fairfax Station,Week4,Brookfield ,Week3,300.0 Fairfax Station - 102.0 Brookfield
Fairfax Club Estates,Week2,Brandywine,Week3,242.0 Brandywine - 158.0 Fairfax Club Estates
Fairfax Club Estates,Week3,Country Club Hills,Week1,233.0 Country Club Hills - 169.0 Fairfax Club Estates
Fairfax,Week4,Somerset-Olde Creek,Week1,354.0 Fairfax - 47.0 Somerset-Olde Creek
Fairfax Club Estates,Week3,Country Club Hills,Week4,229.0 Country Club Hills - 173.0 Fairfax Club Estates
Fairfax,Week1,Somerset-Olde Creek,Week1,350.0 Fairfax - 52.0 Somerset-Olde Creek
Fairfax Club Estates,Week2,Country Club Hills,Week4,213.0 Country Club Hills - 189.0 Fairfax Club Estates
Fairfax Station,Week2,Brookfield ,Week4,277.0 Fairfax Station - 125.0 Brookfield
Fairfax Club Estates,Week3,Country Club Hills,Week5,248.0 Country Club Hills - 154.0 Fairfax Club Estates
Fairfax Club Estates,Week2,Hunt Valley,Week2,327.0 Hunt Valley - 75.0 Fairfax Club Estates
Fairfax Club Estates,Week5,Brandywine,Week1,224.0 Brandywine - 178.0 Fairfax Club Estates
Fairfax,Week1,Pleasant Valley,Week1,331.0 Fairfax - 71.0 Pleasant Valley
Fairfax Club Estates,Week3,Brandywine,Week3,239.0 Brandywine - 158.0 Fairfax Club Estates
Fairfax Club Estates,Week5,Brandywine,Week4,243.0 Brandywine - 159.0 Fairfax Club Estates
Fairfax Station,Week2,Brookfield ,Week5,284.0 Fairfax Station - 118.0 Brookfield
Fairfax Club Estates,Week2,Brandywine,Week5,272.0 Brandywine - 130.0 Fairfax Club Estates
Fairfax,Week1,Somerset-Olde Creek,Week3,357.0 Fairfax - 45.0 Somerset-Olde Creek
Fairfax,Week5,Pleasant Valley,Week5,347.0 Fairfax - 54.0 Pleasant Valley
Fairfax Club Estates,Week3,Hunt Valley,Week2,323.0 Hunt Valley - 79.0 Fairfax Club Estates
Fairfax Club Estates,Week2,Country Club Hills,Week3,225.0 Country Club Hills - 177.0 Fairfax Club Estates
Fairfax,Week3,Somerset-Olde Creek,Week3,355.0 Fairfax - 46.0 Somerset-Olde Creek
Fairfax,Week2,Pleasant Valley,Week2,352.0 Fairfax - 50.0 Pleasant Valley
Fairfax Station,Week4,Bren Mar-Edsall Park,Week4,373.0 Fairfax Station - 29.0 Bren Mar-Edsall Park
Fairfax Club Estates,Week4,Hunt Valley,Week1,302.0 Hunt Valley - 100.0 Fairfax Club Estates
Fairfax Station,Week5,Brookfield ,Week5,298.0 Fairfax Station - 104.0 Brookfield
Fairfax Club Estates,Week3,Hunt Valley,Week4,320.0 Hunt Valley - 82.0 Fairfax Club Estates
Fairfax,Week1,Pleasant Valley,Week3,316.0 Fairfax - 86.0 Pleasant Valley
Fairfax,Week3,Somerset-Olde Creek,Week4,345.0 Fairfax - 56.0 Somerset-Olde Creek
Fairfax Club Estates,Week2,Brandywine,Week2,249.0 Brandywine - 152.0 Fairfax Club Estates
Fairfax Club Estates,Week1,Crosspointe,Week3,303.0 Crosspointe - 99.0 Fairfax Club Estates
Fairfax Club Estates,Week3,Hunt Valley,Week1,308.0 Hunt Valley - 94.0 Fairfax Club Estates
Fairfax,Week1,Somerset-Olde Creek,Week5,327.0 Fairfax - 75.0 Somerset-Olde Creek
Fairfax Club Estates,Week2,Brandywine,Week1,231.0 Brandywine - 171.0 Fairfax Club Estates
Fairfax,Week1,Somerset-Olde Creek,Week4,336.0 Fairfax - 66.0 Somerset-Olde Creek
Fairfax Station,Week4,Bren Mar-Edsall Park,Week1,374.0 Fairfax Station - 28.0 Bren Mar-Edsall Park
Fairfax Station,Week3,Brookfield ,Week3,310.0 Fairfax Station - 92.0 Brookfield
Fairfax,Week1,Poplar Heights,Week1,247.0 Fairfax - 155.0 Poplar Heights
Fairfax Club Estates,Week4,Brandywine,Week2,222.0 Brandywine - 180.0 Fairfax Club Estates
Fairfax Club Estates,Week3,Hunt Valley,Week3,328.0 Hunt Valley - 74.0 Fairfax Club Estates
Fairfax Station,Week2,Brookfield ,Week3,303.0 Fairfax Station - 99.0 Brookfield
Fairfax,Week2,Pleasant Valley,Week3,339.0 Fairfax - 63.0 Pleasant Valley
Fairfax,Week1,Pleasant Valley,Week4,352.0 Fairfax - 49.0 Pleasant Valley
Fairfax Club Estates,Week4,Hunt Valley,Week2,301.0 Hunt Valley - 101.0 Fairfax Club Estates
Fairfax Club Estates,Week5,Country Club Hills,Week1,211.0 Country Club Hills - 191.0 Fairfax Club Estates
Fairfax,Week3,Somerset-Olde Creek,Week2,356.0 Fairfax - 45.0 Somerset-Olde Creek
Fairfax Club Estates,Week1,Crosspointe,Week1,313.0 Crosspointe - 89.0 Fairfax Club Estates
Fairfax Club Estates,Week4,Hunt Valley,Week5,317.0 Hunt Valley - 85.0 Fairfax Club Estates
Fairfax Club Estates,Week5,Brandywine,Week3,231.0 Brandywine - 164.0 Fairfax Club Estates
Fairfax,Week2,Pleasant Valley,Week5,333.0 Fairfax - 69.0 Pleasant Valley
Fairfax,Week5,Sleepy Hollow Rec,Week5,326.0 Fairfax - 76.0 Sleepy Hollow Rec
Fairfax Station,Week3,Bren Mar-Edsall Park,Week4,381.0 Fairfax Station - 20.0 Bren Mar-Edsall Park
Fairfax,Week1,Somerset-Olde Creek,Week2,350.0 Fairfax - 52.0 Somerset-Olde Creek
Fairfax Club Estates,Week2,Crosspointe,Week5,325.0 Crosspointe - 77.0 Fairfax Club Estates
Fairfax Club Estates,Week2,Crosspointe,Week4,314.0 Crosspointe - 88.0 Fairfax Club Estates
Fairfax,Week4,Sleepy Hollow Rec,Week5,309.0 Fairfax - 93.0 Sleepy Hollow Rec
Fairfax Club Estates,Week4,Brandywine,Week1,212.5 Brandywine - 189.5 Fairfax Club Estates
Fairfax Station,Week3,Bren Mar-Edsall Park,Week3,379.0 Fairfax Station - 23.0 Bren Mar-Edsall Park
Fairfax Club Estates,Week1,Bren Mar-Edsall Park,Week1,322.0 Fairfax Club Estates - 78.0 Bren Mar-Edsall Park
Fairfax,Week3,Pleasant Valley,Week4,356.0 Fairfax - 42.0 Pleasant Valley
Fairfax Station,Week3,Bren Mar-Edsall Park,Week2,383.5 Fairfax Station - 17.5 Bren Mar-Edsall Park
Fairfax,Week5,Pinewood Lake,Week4,382.0 Fairfax - 20.0 Pinewood Lake
Fairfax Club Estates,Week4,Hunt Valley,Week3,312.0 Hunt Valley - 90.0 Fairfax Club Estates
Fairfax Club Estates,Week2,Crosspointe,Week1,321.0 Crosspointe - 81.0 Fairfax Club Estates
Fairfax Club Estates,Week3,Brandywine,Week1,220.0 Brandywine - 182.0 Fairfax Club Estates
Fairfax Club Estates,Week3,Hunt Valley,Week5,328.0 Hunt Valley - 74.0 Fairfax Club Estates
Fairfax Club Estates,Week4,Country Club Hills,Week3,204.0 Fairfax Club Estates - 198.0 Country Club Hills
Fairfax,Week3,Pleasant Valley,Week3,326.0 Fairfax - 76.0 Pleasant Valley
Fairfax,Week4,Sleepy Hollow Rec,Week4,330.0 Fairfax - 72.0 Sleepy Hollow Rec
Fairfax Club Estates,Week4,Hunt Valley,Week4,307.0 Hunt Valley - 95.0 Fairfax Club Estates
Fairfax Club Estates,Week1,Bren Mar-Edsall Park,Week3,307.0 Fairfax Club Estates - 95.0 Bren Mar-Edsall Park
Fairfax Station,Week5,Bren Mar-Edsall Park,Week1,390.0 Fairfax Station - 12.0 Bren Mar-Edsall Park
Fairfax Club Estates,Week4,Pleasant Valley,Week4,282.0 Fairfax Club Estates - 115.0 Pleasant Valley
Fairfax Club Estates,Week5,Crosspointe,Week5,318.0 Crosspointe - 83.0 Fairfax Club Estates
Fairfax Club Estates,Week1,Brookfield ,Week4,254.5 Brookfield - 147.5 Fairfax Club Estates
Fairfax,Week5,Sleepy Hollow Rec,Week4,349.0 Fairfax - 53.0 Sleepy Hollow Rec
Fairfax,Week2,South Run,Week4,285.5 Fairfax - 116.5 South Run
Fairfax,Week5,Pleasant Valley,Week2,360.0 Fairfax - 38.0 Pleasant Valley
Fairfax Club Estates,Week3,Crosspointe,Week5,324.0 Crosspointe - 78.0 Fairfax Club Estates
Fairfax,Week3,Somerset-Olde Creek,Week5,339.0 Fairfax - 62.0 Somerset-Olde Creek
Fairfax,Week5,Sleepy Hollow Rec,Week2,338.0 Fairfax - 64.0 Sleepy Hollow Rec
Fairfax Club Estates,Week3,Crosspointe,Week2,301.0 Crosspointe - 101.0 Fairfax Club Estates
Fairfax Station,Week5,Bren Mar-Edsall Park,Week2,390.0 Fairfax Station - 12.0 Bren Mar-Edsall Park
Fairfax Club Estates,Week4,Crosspointe,Week1,302.0 Crosspointe - 100.0 Fairfax Club Estates
Fairfax Club Estates,Week2,Daventry,Week5,211.0 Fairfax Club Estates - 188.0 Daventry
Fairfax Club Estates,Week2,Bren Mar-Edsall Park,Week3,301.0 Fairfax Club Estates - 100.0 Bren Mar-Edsall Park
Fairfax,Week5,Sleepy Hollow Rec,Week1,331.0 Fairfax - 71.0 Sleepy Hollow Rec
Fairfax Station,Week5,Bren Mar-Edsall Park,Week5,387.0 Fairfax Station - 15.0 Bren Mar-Edsall Park
Fairfax Club Estates,Week3,Crosspointe,Week3,316.0 Crosspointe - 86.0 Fairfax Club Estates
Fairfax Station,Week1,Brookfield ,Week2,284.5 Fairfax Station - 117.5 Brookfield
Fairfax Club Estates,Week5,Pleasant Valley,Week5,261.0 Fairfax Club Estates - 131.0 Pleasant Valley
Fairfax Station,Week5,Bren Mar-Edsall Park,Week4,387.0 Fairfax Station - 15.0 Bren Mar-Edsall Park
Fairfax,Week1,Poplar Heights,Week2,230.5 Fairfax - 171.5 Poplar Heights
Fairfax Club Estates,Week1,Bren Mar-Edsall Park,Week4,312.5 Fairfax Club Estates - 89.5 Bren Mar-Edsall Park
Fairfax Club Estates,Week5,Hunt Valley,Week1,307.0 Hunt Valley - 90.0 Fairfax Club Estates
Fairfax Station,Week3,Bren Mar-Edsall Park,Week1,381.0 Fairfax Station - 21.0 Bren Mar-Edsall Park
Fairfax,Week5,Somerset-Olde Creek,Week3,371.0 Fairfax - 30.0 Somerset-Olde Creek
Fairfax Club Estates,Week2,Bren Mar-Edsall Park,Week1,311.0 Fairfax Club Estates - 87.0 Bren Mar-Edsall Park
Fairfax,Week1,Pleasant Valley,Week5,328.0 Fairfax - 72.0 Pleasant Valley
Fairfax Club Estates,Week1,Poplar Heights,Week4,277.0 Poplar Heights - 125.0 Fairfax Club Estates
Fairfax Club Estates,Week4,Brandywine,Week5,256.0 Brandywine - 146.0 Fairfax Club Estates
Fairfax,Week1,Poplar Heights,Week3,240.0 Fairfax - 162.0 Poplar Heights
Fairfax,Week5,Pleasant Valley,Week4,363.0 Fairfax - 35.0 Pleasant Valley
Fairfax Club Estates,Week2,Hunt Valley,Week3,331.0 Hunt Valley - 71.0 Fairfax Club Estates
Fairfax,Week3,Pleasant Valley,Week5,336.0 Fairfax - 65.0 Pleasant Valley
Fairfax Club Estates,Week4,Crosspointe,Week4,301.0 Crosspointe - 101.0 Fairfax Club Estates
Fairfax Station,Week3,Brookfield ,Week1,286.0 Fairfax Station - 116.0 Brookfield
Fairfax Club Estates,Week1,Poplar Heights,Week2,276.0 Poplar Heights - 126.0 Fairfax Club Estates
Fairfax,Week3,Poplar Heights,Week2,247.0 Fairfax - 155.0 Poplar Heights
Fairfax Club Estates,Week5,Crosspointe,Week4,302.0 Crosspointe - 100.0 Fairfax Club Estates
Fairfax,Week2,Poplar Heights,Week4,243.0 Fairfax - 159.0 Poplar Heights
Fairfax Club Estates,Week5,Poplar Heights,Week2,270.0 Poplar Heights - 131.0 Fairfax Club Estates
Fairfax,Week5,Somerset-Olde Creek,Week4,368.0 Fairfax - 33.0 Somerset-Olde Creek
Fairfax Station,Week3,Brookfield ,Week5,298.0 Fairfax Station - 104.0 Brookfield
Fairfax Club Estates,Week5,Bren Mar-Edsall Park,Week1,326.0 Fairfax Club Estates - 70.0 Bren Mar-Edsall Park
Fairfax Club Estates,Week1,Brookfield ,Week1,259.0 Brookfield - 143.0 Fairfax Club Estates
Fairfax Club Estates,Week2,Daventry,Week1,241.0 Fairfax Club Estates - 158.0 Daventry
Fairfax Station,Week4,Bren Mar-Edsall Park,Week2,381.0 Fairfax Station - 21.0 Bren Mar-Edsall Park
Fairfax Club Estates,Week4,Daventry,Week4,271.0 Fairfax Club Estates - 130.0 Daventry
Fairfax Station,Week3,Brookfield ,Week4,296.0 Fairfax Station - 106.0 Brookfield
Fairfax Club Estates,Week5,Bren Mar-Edsall Park,Week3,308.0 Fairfax Club Estates - 93.0 Bren Mar-Edsall Park
Fairfax,Week4,Poplar Heights,Week4,234.0 Fairfax - 168.0 Poplar Heights
Fairfax Club Estates,Week1,Poplar Heights,Week1,257.0 Poplar Heights - 145.0 Fairfax Club Estates
Fairfax,Week4,Poplar Heights,Week2,247.0 Fairfax - 155.0 Poplar Heights
Fairfax,Week4,Poplar Heights,Week1,249.0 Fairfax - 153.0 Poplar Heights
Fairfax Club Estates,Week5,Crosspointe,Week3,311.0 Crosspointe - 86.0 Fairfax Club Estates
Fairfax Club Estates,Week2,Poplar Heights,Week5,293.0 Poplar Heights - 109.0 Fairfax Club Estates
Fairfax Club Estates,Week2,Daventry,Week3,243.5 Fairfax Club Estates - 153.5 Daventry
Fairfax Club Estates,Week2,Poplar Heights,Week3,290.0 Poplar Heights - 112.0 Fairfax Club Estates
Fairfax Station,Week1,Brookfield ,Week3,296.0 Fairfax Station - 106.0 Brookfield
Fairfax Club Estates,Week3,Poplar Heights,Week5,290.5 Poplar Heights - 111.5 Fairfax Club Estates
Fairfax,Week2,South Run,Week1,263.0 Fairfax - 130.0 South Run
Fairfax Club Estates,Week4,Bren Mar-Edsall Park,Week1,337.0 Fairfax Club Estates - 63.0 Bren Mar-Edsall Park
Fairfax,Week1,South Run,Week3,257.0 Fairfax - 145.0 South Run
Fairfax Club Estates,Week2,Poplar Heights,Week4,290.0 Poplar Heights - 112.0 Fairfax Club Estates
Fairfax Club Estates,Week2,Brookfield ,Week5,251.0 Brookfield - 151.0 Fairfax Club Estates
Fairfax Club Estates,Week4,Bren Mar-Edsall Park,Week2,330.0 Fairfax Club Estates - 71.0 Bren Mar-Edsall Park
Fairfax,Week4,Somerset-Olde Creek,Week2,354.0 Fairfax - 47.0 Somerset-Olde Creek
Fairfax,Week3,Poplar Heights,Week1,250.0 Fairfax - 152.0 Poplar Heights
Fairfax Station,Week1,Brookfield ,Week5,283.0 Fairfax Station - 119.0 Brookfield
Fairfax,Week1,South Run,Week1,250.5 Fairfax - 142.5 South Run
Fairfax,Week5,Somerset-Olde Creek,Week1,365.0 Fairfax - 36.0 Somerset-Olde Creek
Fairfax Station,Week1,Brookfield ,Week4,262.0 Fairfax Station - 140.0 Brookfield
Fairfax,Week2,Poplar Heights,Week5,232.0 Fairfax - 170.0 Poplar Heights
Fairfax,Week4,Somerset-Olde Creek,Week4,344.0 Fairfax - 57.0 Somerset-Olde Creek
Fairfax Club Estates,Week4,Crosspointe,Week3,313.0 Crosspointe - 89.0 Fairfax Club Estates
Fairfax Club Estates,Week2,Bren Mar-Edsall Park,Week4,286.0 Fairfax Club Estates - 116.0 Bren Mar-Edsall Park
Fairfax Station,Week5,Brookfield ,Week2,298.0 Fairfax Station - 104.0 Brookfield
Fairfax Club Estates,Week3,Poplar Heights,Week1,267.0 Poplar Heights - 135.0 Fairfax Club Estates
Fairfax Club Estates,Week5,Bren Mar-Edsall Park,Week5,300.0 Fairfax Club Estates - 101.0 Bren Mar-Edsall Park
Fairfax,Week1,South Run,Week4,270.0 Fairfax - 132.0 South Run
Fairfax Club Estates,Week3,Daventry,Week2,270.0 Fairfax Club Estates - 127.0 Daventry
Fairfax Club Estates,Week4,Poplar Heights,Week3,267.0 Poplar Heights - 135.0 Fairfax Club Estates
Fairfax,Week3,Poplar Heights,Week4,243.0 Fairfax - 159.0 Poplar Heights
Fairfax Club Estates,Week2,Daventry,Week4,237.0 Fairfax Club Estates - 162.0 Daventry
Fairfax Club Estates,Week5,Bren Mar-Edsall Park,Week4,306.0 Fairfax Club Estates - 94.0 Bren Mar-Edsall Park
Fairfax Station,Week4,Brookfield ,Week4,267.5 Fairfax Station - 134.5 Brookfield
Fairfax,Week5,Poplar Heights,Week1,268.0 Fairfax - 134.0 Poplar Heights
Fairfax Club Estates,Week2,Brookfield ,Week1,274.0 Brookfield - 128.0 Fairfax Club Estates
Fairfax Club Estates,Week5,Pleasant Valley,Week1,261.0 Fairfax Club Estates - 132.0 Pleasant Valley
Fairfax,Week5,Somerset-Olde Creek,Week5,360.0 Fairfax - 41.0 Somerset-Olde Creek
Fairfax Club Estates,Week1,Daventry,Week2,268.0 Fairfax Club Estates - 132.0 Daventry
Fairfax,Week2,Poplar Heights,Week3,245.5 Fairfax - 156.5 Poplar Heights
Fairfax,Week3,Poplar Heights,Week3,254.0 Fairfax - 148.0 Poplar Heights
Fairfax,Week4,Somerset-Olde Creek,Week5,343.0 Fairfax - 58.0 Somerset-Olde Creek
Fairfax Club Estates,Week5,Pleasant Valley,Week4,258.0 Fairfax Club Estates - 128.0 Pleasant Valley
Fairfax Club Estates,Week1,Brookfield ,Week5,246.0 Brookfield - 156.0 Fairfax Club Estates
Fairfax Station,Week4,Brookfield ,Week2,286.0 Fairfax Station - 116.0 Brookfield
Fairfax Station,Week4,Brookfield ,Week5,277.0 Fairfax Station - 125.0 Brookfield
Fairfax Club Estates,Week3,Daventry,Week1,258.0 Fairfax Club Estates - 143.0 Daventry
Fairfax,Week1,South Run,Week5,237.0 Fairfax - 165.0 South Run
Fairfax Station,Week5,Brookfield ,Week1,290.0 Fairfax Station - 112.0 Brookfield
Fairfax Club Estates,Week2,Brookfield ,Week4,269.0 Brookfield - 133.0 Fairfax Club Estates
Fairfax,Week5,Somerset-Olde Creek,Week2,369.0 Fairfax - 32.0 Somerset-Olde Creek
Fairfax Club Estates,Week3,Bren Mar-Edsall Park,Week3,306.0 Fairfax Club Estates - 96.0 Bren Mar-Edsall Park
Fairfax Station,Week5,Brookfield ,Week3,311.5 Fairfax Station - 90.5 Brookfield
Fairfax Club Estates,Week3,Brookfield ,Week1,271.0 Brookfield - 131.0 Fairfax Club Estates
Fairfax,Week2,South Run,Week2,281.0 Fairfax - 121.0 South Run
Fairfax Club Estates,Week4,Pleasant Valley,Week3,249.5 Fairfax Club Estates - 152.5 Pleasant Valley
Fairfax,Week2,South Run,Week3,277.0 Fairfax - 125.0 South Run
Fairfax Station,Week3,Broyhill Crest,Week4,383.0 Fairfax Station - 19.0 Broyhill Crest
Fairfax,Week5,Poplar Heights,Week3,277.0 Fairfax - 125.0 Poplar Heights
Fairfax Club Estates,Week4,Pleasant Valley,Week5,262.0 Fairfax Club Estates - 133.0 Pleasant Valley
Fairfax,Week1,South Run,Week2,264.0 Fairfax - 138.0 South Run
Fairfax Club Estates,Week4,Daventry,Week1,272.0 Fairfax Club Estates - 130.0 Daventry
Fairfax Station,Week5,Brookfield ,Week4,289.0 Fairfax Station - 113.0 Brookfield
Fairfax Club Estates,Week2,Brookfield ,Week2,247.0 Brookfield - 155.0 Fairfax Club Estates
Fairfax Club Estates,Week2,Poplar Heights,Week1,276.0 Poplar Heights - 126.0 Fairfax Club Estates
Fairfax Club Estates,Week4,Daventry,Week5,251.0 Fairfax Club Estates - 150.0 Daventry
Fairfax Club Estates,Week4,Daventry,Week3,281.0 Fairfax Club Estates - 120.0 Daventry
Fairfax Club Estates,Week3,Brookfield ,Week2,222.0 Brookfield - 180.0 Fairfax Club Estates
Fairfax Club Estates,Week3,Poplar Heights,Week2,283.0 Poplar Heights - 119.0 Fairfax Club Estates
Fairfax Club Estates,Week1,Daventry,Week5,232.0 Fairfax Club Estates - 164.0 Daventry
Fairfax Station,Week4,Broyhill Crest,Week2,370.0 Fairfax Station - 32.0 Broyhill Crest
Fairfax,Week5,Poplar Heights,Week4,263.0 Fairfax - 139.0 Poplar Heights
Fairfax,Week4,Poplar Heights,Week3,245.0 Fairfax - 157.0 Poplar Heights
Fairfax,Week2,South Run,Week5,261.0 Fairfax - 141.0 South Run
Fairfax Club Estates,Week5,Daventry,Week1,255.0 Fairfax Club Estates - 146.0 Daventry
Fairfax,Week5,Poplar Heights,Week2,262.0 Fairfax - 140.0 Poplar Heights
Fairfax,Week5,Poplar Heights,Week5,258.0 Fairfax - 144.0 Poplar Heights
Fairfax Station,Week2,Broyhill Crest,Week3,376.0 Fairfax Station - 26.0 Broyhill Crest
Fairfax Club Estates,Week1,Daventry,Week3,258.0 Fairfax Club Estates - 142.0 Daventry
Fairfax Club Estates,Week3,Poplar Heights,Week3,283.0 Poplar Heights - 119.0 Fairfax Club Estates
Fairfax Club Estates,Week4,Poplar Heights,Week2,265.0 Poplar Heights - 137.0 Fairfax Club Estates
Fairfax Club Estates,Week3,Bren Mar-Edsall Park,Week1,335.0 Fairfax Club Estates - 64.0 Bren Mar-Edsall Park
Fairfax Club Estates,Week4,Bren Mar-Edsall Park,Week4,317.0 Fairfax Club Estates - 85.0 Bren Mar-Edsall Park
Fairfax,Week2,Poplar Heights,Week2,245.0 Fairfax - 157.0 Poplar Heights
Fairfax Club Estates,Week3,Bren Mar-Edsall Park,Week4,301.0 Fairfax Club Estates - 99.0 Bren Mar-Edsall Park
Fairfax,Week4,Poplar Heights,Week5,216.0 Fairfax - 186.0 Poplar Heights
Fairfax Station,Week1,Broyhill Crest,Week3,384.0 Fairfax Station - 18.0 Broyhill Crest
Fairfax Station,Week2,Broyhill Crest,Week2,369.0 Fairfax Station - 33.0 Broyhill Crest
Fairfax Club Estates,Week3,Bren Mar-Edsall Park,Week5,305.0 Fairfax Club Estates - 96.0 Bren Mar-Edsall Park
Fairfax Club Estates,Week4,Daventry,Week2,271.0 Fairfax Club Estates - 127.0 Daventry
Fairfax Club Estates,Week5,Pleasant Valley,Week3,237.0 Fairfax Club Estates - 164.0 Pleasant Valley
Fairfax Club Estates,Week3,Daventry,Week3,269.0 Fairfax Club Estates - 128.0 Daventry
Fairfax Station,Week1,Broyhill Crest,Week5,376.0 Fairfax Station - 26.0 Broyhill Crest
Fairfax,Week1,Poplar Heights,Week5,224.0 Fairfax - 178.0 Poplar Heights
Fairfax,Week2,Poplar Heights,Week1,255.0 Fairfax - 147.0 Poplar Heights
Fairfax Station,Week4,Broyhill Crest,Week3,374.0 Fairfax Station - 28.0 Broyhill Crest
Fairfax,Week3,Poplar Heights,Week5,236.0 Fairfax - 166.0 Poplar Heights
Fairfax Club Estates,Week4,Poplar Heights,Week5,270.0 Poplar Heights - 132.0 Fairfax Club Estates
Fairfax Club Estates,Week5,Crosspointe,Week2,286.0 Crosspointe - 116.0 Fairfax Club Estates
Fairfax Club Estates,Week5,Pleasant Valley,Week2,266.0 Fairfax Club Estates - 127.0 Pleasant Valley
Fairfax Station,Week4,Broyhill Crest,Week5,363.0 Fairfax Station - 39.0 Broyhill Crest
Fairfax Station,Week4,Broyhill Crest,Week4,372.0 Fairfax Station - 30.0 Broyhill Crest
Fairfax Station,Week5,Broyhill Crest,Week4,380.0 Fairfax Station - 22.0 Broyhill Crest
Fairfax Club Estates,Week1,Daventry,Week4,262.0 Fairfax Club Estates - 139.0 Daventry
Fairfax Club Estates,Week5,Crosspointe,Week1,312.0 Crosspointe - 90.0 Fairfax Club Estates
Fairfax Club Estates,Week4,Bren Mar-Edsall Park,Week3,321.0 Fairfax Club Estates - 81.0 Bren Mar-Edsall Park
Fairfax Club Estates,Week4,Crosspointe,Week5,323.0 Crosspointe - 79.0 Fairfax Club Estates
Fairfax Club Estates,Week3,Bren Mar-Edsall Park,Week2,326.0 Fairfax Club Estates - 73.0 Bren Mar-Edsall Park
Fairfax Club Estates,Week2,Daventry,Week2,236.0 Fairfax Club Estates - 160.0 Daventry
Fairfax Club Estates,Week1,Poplar Heights,Week3,278.0 Poplar Heights - 124.0 Fairfax Club Estates
Fairfax Club Estates,Week3,Poplar Heights,Week4,290.0 Poplar Heights - 112.0 Fairfax Club Estates
Fairfax Club Estates,Week1,Poplar Heights,Week5,276.0 Poplar Heights - 121.0 Fairfax Club Estates
Fairfax Station,Week3,Broyhill Crest,Week1,382.0 Fairfax Station - 19.0 Broyhill Crest
Fairfax Club Estates,Week5,Bren Mar-Edsall Park,Week2,320.0 Fairfax Club Estates - 77.0 Bren Mar-Edsall Park
Fairfax Club Estates,Week4,Bren Mar-Edsall Park,Week5,315.0 Fairfax Club Estates - 82.0 Bren Mar-Edsall Park
Fairfax Club Estates,Week4,Poplar Heights,Week4,265.0 Poplar Heights - 137.0 Fairfax Club Estates
Fairfax Club Estates,Week1,Daventry,Week1,258.0 Fairfax Club Estates - 143.0 Daventry
Fairfax Club Estates,Week1,Brookfield ,Week3,232.0 Brookfield - 170.0 Fairfax Club Estates
Fairfax Club Estates,Week1,Brookfield ,Week2,230.0 Brookfield - 172.0 Fairfax Club Estates
Fairfax Club Estates,Week4,Poplar Heights,Week1,253.0 Poplar Heights - 149.0 Fairfax Club Estates
Fairfax Club Estates,Week2,Poplar Heights,Week2,289.0 Poplar Heights - 113.0 Fairfax Club Estates
Fairfax Station,Week5,Broyhill Crest,Week1,382.0 Fairfax Station - 20.0 Broyhill Crest
Fairfax Station,Week5,Broyhill Crest,Week3,382.0 Fairfax Station - 20.0 Broyhill Crest
Fairfax Club Estates,Week3,Daventry,Week5,237.0 Fairfax Club Estates - 162.0 Daventry
Fairfax Station,Week5,Broyhill Crest,Week2,381.0 Fairfax Station - 21.0 Broyhill Crest
Fairfax Club Estates,Week1,Dominion Hills,Week4,263.0 Dominion Hills - 138.0 Fairfax Club Estates
Fairfax Station,Week3,Broyhill Crest,Week5,378.0 Fairfax Station - 24.0 Broyhill Crest
Fairfax Club Estates,Week4,Poplar Tree,Week2,252.0 Poplar Tree - 150.0 Fairfax Club Estates
Fairfax Club Estates,Week3,Broyhill Crest,Week1,319.0 Fairfax Club Estates - 76.0 Broyhill Crest
Fairfax Station,Week3,Broyhill Crest,Week2,384.0 Fairfax Station - 18.0 Broyhill Crest
Fairfax Club Estates,Week5,Daventry,Week2,253.0 Fairfax Club Estates - 140.0 Daventry
Fairfax Club Estates,Week3,Brookfield ,Week3,227.0 Brookfield - 174.0 Fairfax Club Estates
Fairfax Club Estates,Week1,Poplar Tree,Week1,280.0 Poplar Tree - 122.0 Fairfax Club Estates
Fairfax Club Estates,Week4,Brookfield ,Week2,218.0 Brookfield - 184.0 Fairfax Club Estates
Fairfax Station,Week3,Broyhill Crest,Week3,385.0 Fairfax Station - 17.0 Broyhill Crest
Fairfax Station,Week2,Broyhill Crest,Week5,374.0 Fairfax Station - 28.0 Broyhill Crest
Fairfax Club Estates,Week1,Dominion Hills,Week2,253.0 Dominion Hills - 149.0 Fairfax Club Estates
Fairfax Club Estates,Week4,Brookfield ,Week1,258.0 Brookfield - 144.0 Fairfax Club Estates
Fairfax Club Estates,Week5,Poplar Heights,Week1,253.0 Poplar Heights - 148.0 Fairfax Club Estates
Fairfax Club Estates,Week3,Daventry,Week4,261.0 Fairfax Club Estates - 139.0 Daventry
Fairfax Club Estates,Week3,Brookfield ,Week4,277.0 Brookfield - 125.0 Fairfax Club Estates
Fairfax Club Estates,Week3,Dominion Hills,Week5,279.0 Dominion Hills - 123.0 Fairfax Club Estates
Fairfax Club Estates,Week5,Poplar Heights,Week4,278.0 Poplar Heights - 123.0 Fairfax Club Estates
Fairfax Station,Week4,Broyhill Crest,Week1,371.0 Fairfax Station - 31.0 Broyhill Crest
Fairfax Club Estates,Week2,Poplar Tree,Week3,279.0 Poplar Tree - 122.0 Fairfax Club Estates
Fairfax Club Estates,Week4,Poplar Tree,Week3,260.0 Poplar Tree - 142.0 Fairfax Club Estates
Fairfax Club Estates,Week2,Dominion Hills,Week3,244.0 Dominion Hills - 158.0 Fairfax Club Estates
Fairfax Club Estates,Week2,Brookfield ,Week3,265.0 Brookfield - 136.0 Fairfax Club Estates
Fairfax Club Estates,Week3,Brookfield ,Week5,239.0 Brookfield - 163.0 Fairfax Club Estates
Fairfax Club Estates,Week4,Brookfield ,Week5,216.0 Brookfield - 181.0 Fairfax Club Estates
Fairfax Club Estates,Week4,Brookfield ,Week4,244.0 Brookfield - 158.0 Fairfax Club Estates
Fairfax Club Estates,Week5,Daventry,Week4,252.0 Fairfax Club Estates - 146.0 Daventry
Fairfax Club Estates,Week1,Poplar Tree,Week4,252.0 Poplar Tree - 150.0 Fairfax Club Estates
Fairfax Club Estates,Week1,Ravensworth Farm,Week3,277.0 Ravensworth Farm - 125.0 Fairfax Club Estates
Fairfax Club Estates,Week4,Broyhill Crest,Week5,320.0 Fairfax Club Estates - 81.0 Broyhill Crest
Fairfax Club Estates,Week4,Dominion Hills,Week4,264.0 Dominion Hills - 138.0 Fairfax Club Estates
Fairfax Station,Week3,Burke Station,Week5,318.0 Fairfax Station - 84.0 Burke Station
Fairfax Club Estates,Week2,Poplar Tree,Week4,252.0 Poplar Tree - 149.0 Fairfax Club Estates
Fairfax Club Estates,Week2,Dominion Hills,Week4,272.0 Dominion Hills - 130.0 Fairfax Club Estates
Fairfax Club Estates,Week5,Daventry,Week5,238.0 Fairfax Club Estates - 155.0 Daventry
Fairfax Station,Week4,Burke Station,Week4,312.0 Fairfax Station - 90.0 Burke Station
Fairfax Club Estates,Week5,Brookfield ,Week4,261.0 Brookfield - 141.0 Fairfax Club Estates
Fairfax Club Estates,Week1,Ravensworth Farm,Week4,270.0 Ravensworth Farm - 127.0 Fairfax Club Estates
Fairfax Club Estates,Week5,Poplar Tree,Week2,257.0 Poplar Tree - 134.0 Fairfax Club Estates
Fairfax Club Estates,Week2,Dominion Hills,Week2,268.0 Dominion Hills - 134.0 Fairfax Club Estates
Fairfax Club Estates,Week5,Poplar Tree,Week5,296.0 Poplar Tree - 106.0 Fairfax Club Estates
Fairfax Club Estates,Week2,Dominion Hills,Week5,280.0 Dominion Hills - 122.0 Fairfax Club Estates
Fairfax Club Estates,Week1,Broyhill Crest,Week1,316.0 Fairfax Club Estates - 75.0 Broyhill Crest
Fairfax Club Estates,Week4,Dominion Hills,Week3,233.0 Dominion Hills - 169.0 Fairfax Club Estates
Fairfax Station,Week1,Broyhill Crest,Week1,373.5 Fairfax Station - 28.5 Broyhill Crest
Fairfax Station,Week1,Broyhill Crest,Week4,375.0 Fairfax Station - 27.0 Broyhill Crest
Fairfax Club Estates,Week1,Dominion Hills,Week5,274.0 Dominion Hills - 128.0 Fairfax Club Estates
Fairfax Station,Week1,Broyhill Crest,Week2,372.0 Fairfax Station - 30.0 Broyhill Crest
Fairfax Club Estates,Week2,Broyhill Crest,Week2,312.0 Fairfax Club Estates - 82.0 Broyhill Crest
Fairfax Station,Week2,Broyhill Crest,Week4,372.0 Fairfax Station - 30.0 Broyhill Crest
Fairfax Club Estates,Week5,Poplar Tree,Week1,278.0 Poplar Tree - 123.0 Fairfax Club Estates
Fairfax Club Estates,Week4,Poplar Tree,Week5,282.0 Poplar Tree - 120.0 Fairfax Club Estates
Fairfax Club Estates,Week4,Brookfield ,Week3,230.0 Brookfield - 171.0 Fairfax Club Estates
Fairfax Club Estates,Week5,Brookfield ,Week5,241.0 Brookfield - 161.0 Fairfax Club Estates
Fairfax Station,Week5,Burke Station,Week3,320.0 Fairfax Station - 77.0 Burke Station
Fairfax Station,Week2,Broyhill Crest,Week1,368.0 Fairfax Station - 34.0 Broyhill Crest
Fairfax Club Estates,Week3,Poplar Tree,Week4,256.0 Poplar Tree - 145.0 Fairfax Club Estates
Fairfax Club Estates,Week2,Broyhill Crest,Week4,300.0 Fairfax Club Estates - 97.0 Broyhill Crest
Fairfax Club Estates,Week1,Poplar Tree,Week2,261.0 Poplar Tree - 136.0 Fairfax Club Estates
Fairfax Club Estates,Week3,Dominion Hills,Week1,254.0 Dominion Hills - 148.0 Fairfax Club Estates
Fairfax Club Estates,Week3,Poplar Tree,Week1,282.0 Poplar Tree - 119.0 Fairfax Club Estates
Fairfax Club Estates,Week3,Poplar Tree,Week5,297.0 Poplar Tree - 105.0 Fairfax Club Estates
Fairfax Club Estates,Week3,Dominion Hills,Week3,243.5 Dominion Hills - 158.5 Fairfax Club Estates
Fairfax Station,Week3,Burke Station,Week4,332.0 Fairfax Station - 70.0 Burke Station
Fairfax Station,Week4,Burke Station,Week5,299.0 Fairfax Station - 103.0 Burke Station
Fairfax Club Estates,Week4,Poplar Tree,Week1,265.0 Poplar Tree - 137.0 Fairfax Club Estates
Fairfax Club Estates,Week4,Broyhill Crest,Week2,341.0 Fairfax Club Estates - 60.0 Broyhill Crest
Fairfax Station,Week1,Burke Station,Week3,308.0 Fairfax Station - 89.0 Burke Station
Fairfax Station,Week2,Camelot,Week4,281.0 Fairfax Station - 121.0 Camelot
Fairfax Club Estates,Week3,Dominion Hills,Week4,273.0 Dominion Hills - 128.0 Fairfax Club Estates
Fairfax Station,Week2,Burke Station,Week3,322.0 Fairfax Station - 74.0 Burke Station
Fairfax Club Estates,Week2,Broyhill Crest,Week5,277.0 Fairfax Club Estates - 122.0 Broyhill Crest
Fairfax Station,Week4,Burke Station,Week1,291.0 Fairfax Station - 88.0 Burke Station
Fairfax Station,Week2,Camelot,Week2,253.0 Fairfax Station - 149.0 Camelot
Fairfax Club Estates,Week2,Burke Station,Week3,204.0 Burke Station - 191.0 Fairfax Club Estates
Fairfax Club Estates,Week1,Broyhill Crest,Week4,319.0 Fairfax Club Estates - 79.0 Broyhill Crest
Fairfax Club Estates,Week2,Poplar Tree,Week1,280.0 Poplar Tree - 121.0 Fairfax Club Estates
Fairfax Club Estates,Week4,Dominion Hills,Week2,242.0 Dominion Hills - 160.0 Fairfax Club Estates
Fairfax Station,Week1,Burke Station,Week5,301.0 Fairfax Station - 101.0 Burke Station
Fairfax Club Estates,Week1,Poplar Tree,Week5,291.0 Poplar Tree - 111.0 Fairfax Club Estates
Fairfax Station,Week3,Burke Station,Week2,332.0 Fairfax Station - 70.0 Burke Station
Fairfax Club Estates,Week3,Broyhill Crest,Week3,322.0 Fairfax Club Estates - 74.0 Broyhill Crest
Fairfax Club Estates,Week2,Broyhill Crest,Week1,307.0 Fairfax Club Estates - 87.0 Broyhill Crest
Fairfax Club Estates,Week1,Dominion Hills,Week1,239.0 Dominion Hills - 163.0 Fairfax Club Estates
Fairfax Station,Week1,Camelot,Week4,278.0 Fairfax Station - 124.0 Camelot
Fairfax Club Estates,Week3,Poplar Tree,Week3,290.0 Poplar Tree - 111.0 Fairfax Club Estates
Fairfax Club Estates,Week1,Dominion Hills,Week3,246.0 Dominion Hills - 156.0 Fairfax Club Estates
Fairfax Club Estates,Week3,Poplar Tree,Week2,272.0 Poplar Tree - 130.0 Fairfax Club Estates
Fairfax Club Estates,Week3,Dominion Hills,Week2,254.0 Dominion Hills - 148.0 Fairfax Club Estates
Fairfax Club Estates,Week5,Daventry,Week3,263.0 Fairfax Club Estates - 134.0 Daventry
Fairfax Station,Week3,Burke Station,Week1,305.0 Fairfax Station - 74.0 Burke Station
Fairfax Club Estates,Week4,Poplar Tree,Week4,235.0 Poplar Tree - 167.0 Fairfax Club Estates
Fairfax Club Estates,Week4,Dominion Hills,Week1,237.0 Dominion Hills - 165.0 Fairfax Club Estates
Fairfax Club Estates,Week1,Poplar Tree,Week3,280.0 Poplar Tree - 122.0 Fairfax Club Estates
Fairfax Club Estates,Week3,Broyhill Crest,Week2,329.0 Fairfax Club Estates - 67.0 Broyhill Crest
Fairfax Club Estates,Week2,Dominion Hills,Week1,258.0 Dominion Hills - 144.0 Fairfax Club Estates
Fairfax Club Estates,Week1,Broyhill Crest,Week3,323.5 Fairfax Club Estates - 74.5 Broyhill Crest
Fairfax Club Estates,Week3,Broyhill Crest,Week4,311.0 Fairfax Club Estates - 87.0 Broyhill Crest
Fairfax Club Estates,Week4,Broyhill Crest,Week4,328.0 Fairfax Club Estates - 73.0 Broyhill Crest
Fairfax Club Estates,Week5,Brookfield ,Week2,223.0 Brookfield - 178.0 Fairfax Club Estates
Fairfax Club Estates,Week5,Poplar Heights,Week3,265.0 Poplar Heights - 137.0 Fairfax Club Estates
Fairfax Club Estates,Week4,Broyhill Crest,Week3,340.0 Fairfax Club Estates - 60.0 Broyhill Crest
Fairfax Club Estates,Week5,Dunn Loring,Week1,274.0 Dunn Loring - 128.0 Fairfax Club Estates
Fairfax Station,Week1,Camelot,Week5,276.0 Fairfax Station - 126.0 Camelot
Fairfax Club Estates,Week5,Poplar Tree,Week4,254.0 Poplar Tree - 146.0 Fairfax Club Estates
Fairfax Station,Week4,Burke Station,Week2,320.0 Fairfax Station - 82.0 Burke Station
Fairfax Club Estates,Week1,Broyhill Crest,Week2,330.0 Fairfax Club Estates - 67.0 Broyhill Crest
Fairfax Club Estates,Week2,Fair Oaks ,Week1,254.0 Fair Oaks - 148.0 Fairfax Club Estates
Fairfax Club Estates,Week1,Fair Oaks ,Week5,266.0 Fair Oaks - 136.0 Fairfax Club Estates
Fairfax Club Estates,Week3,Fair Oaks ,Week5,268.0 Fair Oaks - 134.0 Fairfax Club Estates
Fairfax,Week5,Mosby Woods,Week1,217.0 Fairfax - 185.0 Mosby Woods
Fairfax Club Estates,Week2,Poplar Tree,Week2,270.0 Poplar Tree - 132.0 Fairfax Club Estates
Fairfax Station,Week2,Burke Station,Week5,303.0 Fairfax Station - 94.0 Burke Station
Fairfax Club Estates,Week3,Dunn Loring,Week4,313.0 Dunn Loring - 89.0 Fairfax Club Estates
Fairfax Station,Week2,Burke Station,Week4,320.0 Fairfax Station - 82.0 Burke Station
Fairfax Club Estates,Week2,Poplar Tree,Week5,285.0 Poplar Tree - 117.0 Fairfax Club Estates
Fairfax Station,Week3,Camelot,Week3,278.0 Fairfax Station - 124.0 Camelot
Fairfax Club Estates,Week5,Brookfield ,Week3,232.0 Brookfield - 166.0 Fairfax Club Estates
Fairfax Club Estates,Week5,Brookfield ,Week1,262.0 Brookfield - 140.0 Fairfax Club Estates
Fairfax Club Estates,Week5,Poplar Heights,Week5,278.0 Poplar Heights - 124.0 Fairfax Club Estates
Fairfax Club Estates,Week2,Broyhill Crest,Week3,308.0 Fairfax Club Estates - 88.0 Broyhill Crest
Fairfax Club Estates,Week3,Dunn Loring,Week2,303.0 Dunn Loring - 99.0 Fairfax Club Estates
Fairfax Club Estates,Week5,Poplar Tree,Week3,276.0 Poplar Tree - 125.0 Fairfax Club Estates
Fairfax Station,Week2,Burke Station,Week2,329.0 Fairfax Station - 72.0 Burke Station
Fairfax Club Estates,Week3,Broyhill Crest,Week5,299.0 Fairfax Club Estates - 101.0 Broyhill Crest
Fairfax Club Estates,Week2,Fair Oaks ,Week4,255.0 Fair Oaks - 147.0 Fairfax Club Estates
Fairfax,Week3,Pinecrest,Week5,215.0 Fairfax - 186.0 Pinecrest
Fairfax,Week3,Pinecrest,Week3,204.0 Fairfax - 198.0 Pinecrest
Fairfax Club Estates,Week1,Ravensworth Farm,Week2,243.0 Ravensworth Farm - 158.0 Fairfax Club Estates
Fairfax,Week2,Pinecrest,Week4,204.0 Pinecrest - 198.0 Fairfax
Fairfax Club Estates,Week3,Ravensworth Farm,Week2,242.0 Ravensworth Farm - 159.0 Fairfax Club Estates
Fairfax Club Estates,Week1,Ravensworth Farm,Week1,266.0 Ravensworth Farm - 136.0 Fairfax Club Estates
Fairfax Station,Week1,Burke Station,Week2,319.0 Fairfax Station - 82.0 Burke Station
Fairfax Club Estates,Week1,Ravensworth Farm,Week5,275.0 Ravensworth Farm - 127.0 Fairfax Club Estates
Fairfax Station,Week5,Burke Station,Week1,303.0 Fairfax Station - 76.0 Burke Station
Fairfax Club Estates,Week3,Fair Oaks ,Week3,267.0 Fair Oaks - 135.0 Fairfax Club Estates
Fairfax Club Estates,Week5,Broyhill Crest,Week2,322.0 Fairfax Club Estates - 78.0 Broyhill Crest
Fairfax Club Estates,Week2,Fair Oaks ,Week5,269.0 Fair Oaks - 133.0 Fairfax Club Estates
Fairfax,Week2,Pinecrest,Week2,205.0 Fairfax - 197.0 Pinecrest
Fairfax,Week5,Parliament,Week5,285.0 Fairfax - 117.0 Parliament
Fairfax,Week4,Pinecrest,Week3,220.0 Pinecrest - 182.0 Fairfax
Fairfax Club Estates,Week4,Dunn Loring,Week2,309.0 Dunn Loring - 93.0 Fairfax Club Estates
Fairfax Station,Week5,Broyhill Crest,Week5,379.0 Fairfax Station - 23.0 Broyhill Crest
Fairfax Station,Week2,Burke Station,Week1,305.0 Fairfax Station - 73.0 Burke Station
Fairfax Club Estates,Week5,Broyhill Crest,Week1,318.5 Fairfax Club Estates - 75.5 Broyhill Crest
Fairfax Station,Week3,Burke Station,Week3,322.0 Fairfax Station - 75.0 Burke Station
Fairfax Club Estates,Week4,Ravensworth Farm,Week5,270.0 Ravensworth Farm - 132.0 Fairfax Club Estates
Fairfax Club Estates,Week1,Broyhill Crest,Week5,290.0 Fairfax Club Estates - 111.0 Broyhill Crest
Fairfax Club Estates,Week5,Ravensworth Farm,Week3,274.5 Ravensworth Farm - 123.5 Fairfax Club Estates
Fairfax Club Estates,Week2,Ravensworth Farm,Week1,279.0 Ravensworth Farm - 123.0 Fairfax Club Estates
Fairfax Station,Week1,Burke Station,Week4,316.0 Fairfax Station - 86.0 Burke Station
Fairfax Club Estates,Week2,Dunn Loring,Week4,313.0 Dunn Loring - 89.0 Fairfax Club Estates
Fairfax Club Estates,Week2,Dunn Loring,Week5,310.0 Dunn Loring - 92.0 Fairfax Club Estates
Fairfax Club Estates,Week5,Dunn Loring,Week2,307.0 Dunn Loring - 95.0 Fairfax Club Estates
Fairfax Station,Week1,Burke Station,Week1,299.0 Fairfax Station - 79.0 Burke Station
Fairfax Club Estates,Week5,Broyhill Crest,Week4,312.0 Fairfax Club Estates - 88.0 Broyhill Crest
Fairfax Club Estates,Week4,Broyhill Crest,Week1,332.0 Fairfax Club Estates - 64.0 Broyhill Crest
Fairfax Club Estates,Week4,Dunn Loring,Week3,311.0 Dunn Loring - 91.0 Fairfax Club Estates
Fairfax Club Estates,Week1,Fair Oaks ,Week2,220.0 Fair Oaks - 182.0 Fairfax Club Estates
Fairfax Station,Week5,Burke Station,Week5,314.0 Fairfax Station - 88.0 Burke Station
Fairfax Club Estates,Week3,Riverside Gardens,Week1,301.0 Riverside Gardens - 101.0 Fairfax Club Estates
Fairfax Club Estates,Week5,Dunn Loring,Week5,304.0 Dunn Loring - 97.0 Fairfax Club Estates
Fairfax Station,Week1,Camelot,Week2,255.0 Fairfax Station - 147.0 Camelot
Fairfax Station,Week5,Burke Station,Week4,326.0 Fairfax Station - 76.0 Burke Station
Fairfax Club Estates,Week3,Dunn Loring,Week5,310.0 Dunn Loring - 92.0 Fairfax Club Estates
Fairfax Club Estates,Week4,Ravensworth Farm,Week1,257.0 Ravensworth Farm - 145.0 Fairfax Club Estates
Fairfax Club Estates,Week5,Broyhill Crest,Week5,300.0 Fairfax Club Estates - 98.0 Broyhill Crest
Fairfax Club Estates,Week1,Riverside Gardens,Week4,296.0 Riverside Gardens - 106.0 Fairfax Club Estates
Fairfax Club Estates,Week3,Riverside Gardens,Week4,310.0 Riverside Gardens - 92.0 Fairfax Club Estates
Fairfax Club Estates,Week4,Dunn Loring,Week1,274.0 Dunn Loring - 123.0 Fairfax Club Estates
Fairfax Station,Week2,Camelot,Week1,278.0 Fairfax Station - 124.0 Camelot
Fairfax,Week2,Pinecrest,Week5,215.0 Fairfax - 187.0 Pinecrest
Fairfax Club Estates,Week5,Broyhill Crest,Week3,323.0 Fairfax Club Estates - 73.0 Broyhill Crest
Fairfax,Week5,Pinecrest,Week5,227.0 Fairfax - 174.0 Pinecrest
Fairfax Club Estates,Week3,Ravensworth Farm,Week5,291.0 Ravensworth Farm - 111.0 Fairfax Club Estates
Fairfax Club Estates,Week1,Burke Station,Week1,207.0 Fairfax Club Estates - 170.0 Burke Station
Fairfax,Week5,Parliament,Week3,304.0 Fairfax - 98.0 Parliament
Fairfax Club Estates,Week1,Burke Station,Week4,240.0 Fairfax Club Estates - 161.0 Burke Station
Fairfax,Week2,Pinewood Lake,Week1,380.0 Fairfax - 22.0 Pinewood Lake
Fairfax Station,Week5,Burke Station,Week2,341.0 Fairfax Station - 61.0 Burke Station
Fairfax Club Estates,Week4,Dunn Loring,Week4,305.0 Dunn Loring - 97.0 Fairfax Club Estates
Fairfax Club Estates,Week2,Burke Station,Week2,223.0 Fairfax Club Estates - 174.0 Burke Station
Fairfax Club Estates,Week5,Dunn Loring,Week4,304.0 Dunn Loring - 97.0 Fairfax Club Estates
Fairfax Station,Week1,Camelot,Week3,275.0 Fairfax Station - 127.0 Camelot
Fairfax Club Estates,Week2,Burke Station,Week1,188.0 Fairfax Club Estates - 187.0 Burke Station
Fairfax Club Estates,Week1,Riverside Gardens,Week3,292.0 Riverside Gardens - 110.0 Fairfax Club Estates
Fairfax Station,Week1,Camelot,Week1,279.0 Fairfax Station - 123.0 Camelot
Fairfax Club Estates,Week4,Ravensworth Farm,Week2,235.0 Ravensworth Farm - 167.0 Fairfax Club Estates
Fairfax,Week1,Pinewood Lake,Week4,374.0 Fairfax - 28.0 Pinewood Lake
Fairfax Club Estates,Week1,Burke Station,Week5,213.0 Fairfax Club Estates - 189.0 Burke Station
Fairfax Club Estates,Week2,Ravensworth Farm,Week2,252.0 Ravensworth Farm - 149.0 Fairfax Club Estates
Fairfax Club Estates,Week1,Burke Station,Week3,215.0 Fairfax Club Estates - 182.0 Burke Station
Fairfax Club Estates,Week1,Burke Station,Week2,240.0 Fairfax Club Estates - 159.0 Burke Station
Fairfax,Week2,Pinewood Lake,Week2,381.0 Fairfax - 21.0 Pinewood Lake
Fairfax,Week4,Pinecrest,Week2,220.0 Pinecrest - 182.0 Fairfax
Fairfax Club Estates,Week1,Fair Oaks ,Week3,258.0 Fair Oaks - 144.0 Fairfax Club Estates
Fairfax,Week1,Pinewood Lake,Week3,378.5 Fairfax - 23.5 Pinewood Lake
Fairfax,Week4,Parliament,Week5,255.0 Fairfax - 147.0 Parliament
Fairfax Station,Week4,Burke Station,Week3,300.0 Fairfax Station - 97.0 Burke Station
Fairfax,Week1,Pinecrest,Week3,218.0 Pinecrest - 184.0 Fairfax
Fairfax Club Estates,Week2,Riverside Gardens,Week2,300.0 Riverside Gardens - 102.0 Fairfax Club Estates
Fairfax Club Estates,Week3,Burke Station,Week5,212.0 Fairfax Club Estates - 189.0 Burke Station
Fairfax Club Estates,Week1,Fair Oaks ,Week4,248.0 Fair Oaks - 154.0 Fairfax Club Estates
Fairfax Club Estates,Week3,Riverside Gardens,Week2,285.0 Riverside Gardens - 117.0 Fairfax Club Estates
Fairfax Club Estates,Week1,Camelot,Week2,222.0 Camelot - 180.0 Fairfax Club Estates
Fairfax Club Estates,Week4,Dunn Loring,Week5,302.0 Dunn Loring - 100.0 Fairfax Club Estates
Fairfax Station,Week2,Camelot,Week5,273.0 Fairfax Station - 129.0 Camelot
Fairfax Club Estates,Week5,Burke Station,Week1,205.0 Fairfax Club Estates - 165.0 Burke Station
Fairfax Club Estates,Week2,Riverside Gardens,Week1,315.0 Riverside Gardens - 87.0 Fairfax Club Estates
Fairfax Station,Week2,Canterbury Woods,Week1,297.0 Fairfax Station - 105.0 Canterbury Woods
Fairfax Club Estates,Week3,Dunn Loring,Week1,277.0 Dunn Loring - 125.0 Fairfax Club Estates
Fairfax Club Estates,Week4,Riverside Gardens,Week4,304.0 Riverside Gardens - 98.0 Fairfax Club Estates
Fairfax Club Estates,Week2,Riverside Gardens,Week5,321.0 Riverside Gardens - 81.0 Fairfax Club Estates
Fairfax Club Estates,Week4,Burke Station,Week4,255.0 Fairfax Club Estates - 147.0 Burke Station
Fairfax Club Estates,Week1,Fair Oaks ,Week1,251.0 Fair Oaks - 151.0 Fairfax Club Estates
Fairfax,Week4,Pinecrest,Week4,219.0 Pinecrest - 183.0 Fairfax
Fairfax,Week5,Parliament,Week1,266.0 Fairfax - 136.0 Parliament
Fairfax Station,Week3,Camelot,Week1,286.0 Fairfax Station - 116.0 Camelot
Fairfax,Week3,Pinecrest,Week1,224.0 Fairfax - 178.0 Pinecrest
Fairfax,Week1,Pinewood Lake,Week2,381.0 Fairfax - 21.0 Pinewood Lake
Fairfax Station,Week2,Camelot,Week3,277.0 Fairfax Station - 125.0 Camelot
Fairfax Station,Week2,Canterbury Woods,Week2,286.0 Fairfax Station - 116.0 Canterbury Woods
Fairfax Club Estates,Week5,Burke Station,Week4,233.0 Fairfax Club Estates - 168.0 Burke Station
Fairfax Club Estates,Week2,Fair Oaks ,Week2,227.0 Fair Oaks - 175.0 Fairfax Club Estates
Fairfax Station,Week4,Camelot,Week5,274.0 Fairfax Station - 128.0 Camelot
Fairfax Club Estates,Week2,Fair Oaks ,Week3,271.0 Fair Oaks - 131.0 Fairfax Club Estates
Fairfax Club Estates,Week3,Fair Oaks ,Week4,257.0 Fair Oaks - 145.0 Fairfax Club Estates
Fairfax Club Estates,Week5,Dunn Loring,Week3,303.0 Dunn Loring - 99.0 Fairfax Club Estates
Fairfax Club Estates,Week2,Camelot,Week1,220.0 Camelot - 182.0 Fairfax Club Estates
Fairfax Station,Week1,Canterbury Woods,Week4,286.0 Fairfax Station - 116.0 Canterbury Woods
Fairfax Station,Week4,Camelot,Week4,279.0 Fairfax Station - 123.0 Camelot
Fairfax Station,Week5,Camelot,Week4,293.0 Fairfax Station - 109.0 Camelot
Fairfax Club Estates,Week2,Burke Station,Week4,221.0 Fairfax Club Estates - 179.0 Burke Station
Fairfax Club Estates,Week2,Ravensworth Farm,Week4,269.0 Ravensworth Farm - 133.0 Fairfax Club Estates
Fairfax Station,Week1,Canterbury Woods,Week2,299.5 Fairfax Station - 102.5 Canterbury Woods
Fairfax,Week1,Pinecrest,Week1,210.0 Pinecrest - 192.0 Fairfax
Fairfax,Week1,Pinecrest,Week4,219.5 Pinecrest - 182.5 Fairfax
Fairfax Club Estates,Week4,Ravensworth Farm,Week3,277.0 Ravensworth Farm - 124.0 Fairfax Club Estates
Fairfax Club Estates,Week3,Ravensworth Farm,Week3,288.5 Ravensworth Farm - 112.5 Fairfax Club Estates
Fairfax Club Estates,Week4,Ravensworth Farm,Week4,247.0 Ravensworth Farm - 155.0 Fairfax Club Estates
Fairfax,Week1,Pinecrest,Week2,216.0 Pinecrest - 186.0 Fairfax
Fairfax Club Estates,Week4,Burke Station,Week1,213.0 Fairfax Club Estates - 162.0 Burke Station
Fairfax,Week5,Parliament,Week2,289.0 Fairfax - 113.0 Parliament
Fairfax,Week5,Parliament,Week4,293.0 Fairfax - 109.0 Parliament
Fairfax Club Estates,Week3,Dunn Loring,Week3,309.0 Dunn Loring - 93.0 Fairfax Club Estates
Fairfax Club Estates,Week1,Camelot,Week3,209.0 Camelot - 192.0 Fairfax Club Estates
Fairfax Club Estates,Week2,Fairfax,Week3,313.0 Fairfax - 88.0 Fairfax Club Estates
Fairfax Club Estates,Week3,Ravensworth Farm,Week1,268.0 Ravensworth Farm - 134.0 Fairfax Club Estates
Fairfax Station,Week1,Canterbury Woods,Week1,291.0 Fairfax Station - 111.0 Canterbury Woods
Fairfax Club Estates,Week2,Ravensworth Farm,Week5,288.0 Ravensworth Farm - 114.0 Fairfax Club Estates
Fairfax Club Estates,Week5,Burke Station,Week5,212.0 Fairfax Club Estates - 184.0 Burke Station
Fairfax Club Estates,Week4,Burke Station,Week2,250.0 Fairfax Club Estates - 148.0 Burke Station
Fairfax Club Estates,Week5,Ravensworth Farm,Week2,242.0 Ravensworth Farm - 159.0 Fairfax Club Estates
Fairfax Club Estates,Week3,Fair Oaks ,Week2,233.0 Fair Oaks - 169.0 Fairfax Club Estates
Fairfax Station,Week3,Camelot,Week2,273.0 Fairfax Station - 129.0 Camelot
Fairfax,Week1,Pinecrest,Week5,217.0 Pinecrest - 185.0 Fairfax
Fairfax Club Estates,Week3,Fair Oaks ,Week1,260.0 Fair Oaks - 142.0 Fairfax Club Estates
Fairfax,Week3,Pinecrest,Week4,202.0 Fairfax - 200.0 Pinecrest
Fairfax Club Estates,Week5,Burke Station,Week2,237.0 Fairfax Club Estates - 156.0 Burke Station
Fairfax Station,Week2,Canterbury Woods,Week5,274.0 Fairfax Station - 127.0 Canterbury Woods
Fairfax Club Estates,Week4,Burke Station,Week5,223.0 Fairfax Club Estates - 179.0 Burke Station
Fairfax,Week4,Pinecrest,Week5,204.0 Pinecrest - 197.0 Fairfax
Fairfax Club Estates,Week3,Ravensworth Farm,Week4,268.0 Ravensworth Farm - 134.0 Fairfax Club Estates
Fairfax,Week5,Pinecrest,Week1,222.0 Fairfax - 180.0 Pinecrest
Fairfax Club Estates,Week1,Fairfax,Week5,315.0 Fairfax - 87.0 Fairfax Club Estates
Fairfax Station,Week2,Canterbury Woods,Week3,277.0 Fairfax Station - 125.0 Canterbury Woods
Fairfax,Week5,Pinecrest,Week2,220.0 Fairfax - 182.0 Pinecrest
Fairfax Club Estates,Week3,Fairfax,Week1,296.0 Fairfax - 106.0 Fairfax Club Estates
Fairfax Club Estates,Week5,Fair Oaks ,Week3,267.0 Fair Oaks - 135.0 Fairfax Club Estates
Fairfax Club Estates,Week4,Fair Oaks ,Week5,265.0 Fair Oaks - 137.0 Fairfax Club Estates
Fairfax Club Estates,Week5,Fairfax,Week2,308.0 Fairfax - 94.0 Fairfax Club Estates
Fairfax Club Estates,Week5,Ravensworth Farm,Week4,263.0 Ravensworth Farm - 139.0 Fairfax Club Estates
Fairfax Club Estates,Week1,Riverside Gardens,Week2,276.0 Riverside Gardens - 126.0 Fairfax Club Estates
Fairfax Club Estates,Week1,Camelot,Week4,220.0 Camelot - 182.0 Fairfax Club Estates
Fairfax,Week3,Pinecrest,Week2,205.0 Fairfax - 197.0 Pinecrest
Fairfax Club Estates,Week5,Ravensworth Farm,Week1,271.0 Ravensworth Farm - 130.0 Fairfax Club Estates
Fairfax,Week2,Pinecrest,Week3,203.0 Fairfax - 199.0 Pinecrest
Fairfax Club Estates,Week3,Burke Station,Week4,246.0 Fairfax Club Estates - 155.0 Burke Station
Fairfax Club Estates,Week1,Riverside Gardens,Week1,293.0 Riverside Gardens - 109.0 Fairfax Club Estates
Fairfax Station,Week4,Camelot,Week1,269.5 Fairfax Station - 132.5 Camelot
Fairfax Club Estates,Week4,Fair Oaks ,Week3,269.0 Fair Oaks - 133.0 Fairfax Club Estates
Fairfax Club Estates,Week4,Burke Station,Week3,214.0 Fairfax Club Estates - 182.0 Burke Station
Fairfax Club Estates,Week3,Burke Station,Week1,199.0 Fairfax Club Estates - 175.0 Burke Station
Fairfax,Week4,Pinecrest,Week1,205.0 Fairfax - 197.0 Pinecrest
Fairfax Station,Week3,Canterbury Woods,Week2,317.0 Fairfax Station - 85.0 Canterbury Woods
Fairfax Station,Week3,Canterbury Woods,Week1,313.0 Fairfax Station - 89.0 Canterbury Woods
Fairfax,Week5,Pinecrest,Week3,205.0 Fairfax - 197.0 Pinecrest
Fairfax Club Estates,Week1,Riverside Gardens,Week5,306.0 Riverside Gardens - 96.0 Fairfax Club Estates
Fairfax Club Estates,Week1,Camelot,Week1,221.0 Camelot - 181.0 Fairfax Club Estates
Fairfax Station,Week3,Camelot,Week4,292.0 Fairfax Station - 110.0 Camelot
Fairfax Club Estates,Week5,Fairfax,Week1,286.0 Fairfax - 116.0 Fairfax Club Estates
Fairfax Club Estates,Week2,Ravensworth Farm,Week3,295.0 Ravensworth Farm - 106.0 Fairfax Club Estates
Fairfax Club Estates,Week5,Ravensworth Farm,Week5,274.0 Ravensworth Farm - 128.0 Fairfax Club Estates
Fairfax Club Estates,Week3,Burke Station,Week3,200.0 Fairfax Club Estates - 196.0 Burke Station
Fairfax Station,Week2,Canterbury Woods,Week4,276.0 Fairfax Station - 126.0 Canterbury Woods
Fairfax Club Estates,Week2,Burke Station,Week5,212.0 Burke Station - 190.0 Fairfax Club Estates
Fairfax Club Estates,Week4,Fair Oaks ,Week4,249.5 Fair Oaks - 152.5 Fairfax Club Estates
Fairfax Station,Week1,Canterbury Woods,Week3,292.0 Fairfax Station - 110.0 Canterbury Woods
Fairfax,Week2,Pinecrest,Week1,213.0 Fairfax - 189.0 Pinecrest
Fairfax Station,Week3,Canterbury Woods,Week3,300.0 Fairfax Station - 102.0 Canterbury Woods
Fairfax,Week2,Pinewood Lake,Week3,389.0 Fairfax - 13.0 Pinewood Lake
Fairfax,Week1,Pinewood Lake,Week5,365.0 Fairfax - 37.0 Pinewood Lake
Fairfax,Week4,Waynewood,Week1,227.0 Fairfax - 175.0 Waynewood
Fairfax Club Estates,Week3,Burke Station,Week2,231.0 Fairfax Club Estates - 165.0 Burke Station
Fairfax,Week1,Pinewood Lake,Week1,371.0 Fairfax - 31.0 Pinewood Lake
Fairfax Station,Week4,Camelot,Week2,260.0 Fairfax Station - 142.0 Camelot
Fairfax Club Estates,Week2,Riverside Gardens,Week4,316.0 Riverside Gardens - 86.0 Fairfax Club Estates
Fairfax Club Estates,Week4,Riverside Gardens,Week1,295.0 Riverside Gardens - 107.0 Fairfax Club Estates
Fairfax Club Estates,Week1,Fairfax,Week2,298.0 Fairfax - 104.0 Fairfax Club Estates
Fairfax Club Estates,Week3,Riverside Gardens,Week5,313.0 Riverside Gardens - 89.0 Fairfax Club Estates
Fairfax Club Estates,Week2,Riverside Gardens,Week3,319.5 Riverside Gardens - 82.5 Fairfax Club Estates
Fairfax,Week5,Pinecrest,Week4,211.0 Fairfax - 191.0 Pinecrest
Fairfax Club Estates,Week1,Fairfax,Week3,300.0 Fairfax - 102.0 Fairfax Club Estates
Fairfax Station,Week3,Camelot,Week5,284.0 Fairfax Station - 118.0 Camelot
Fairfax Station,Week5,Camelot,Week3,282.0 Fairfax Station - 120.0 Camelot
Fairfax Club Estates,Week4,Fair Oaks ,Week1,246.0 Fair Oaks - 156.0 Fairfax Club Estates
Fairfax,Week1,Waynewood,Week1,226.0 Fairfax - 176.0 Waynewood
Fairfax Station,Week5,Camelot,Week2,272.0 Fairfax Station - 130.0 Camelot
Fairfax Club Estates,Week1,Fairfax,Week4,302.0 Fairfax - 100.0 Fairfax Club Estates
Fairfax Club Estates,Week1,Camelot,Week5,223.0 Camelot - 178.0 Fairfax Club Estates
Fairfax Club Estates,Week3,Camelot,Week3,211.0 Camelot - 189.0 Fairfax Club Estates
Fairfax Club Estates,Week5,Burke Station,Week3,204.0 Fairfax Club Estates - 189.0 Burke Station
Fairfax Club Estates,Week3,Riverside Gardens,Week3,303.0 Riverside Gardens - 99.0 Fairfax Club Estates
Fairfax Club Estates,Week5,Fair Oaks ,Week5,258.0 Fair Oaks - 143.0 Fairfax Club Estates
Fairfax Station,Week5,Camelot,Week5,287.0 Fairfax Station - 115.0 Camelot
Fairfax Club Estates,Week5,Camelot,Week1,225.0 Camelot - 176.0 Fairfax Club Estates
Fairfax Club Estates,Week5,Riverside Gardens,Week1,300.0 Riverside Gardens - 102.0 Fairfax Club Estates
Fairfax Club Estates,Week1,Rolling Forest,Week5,228.0 Rolling Forest - 174.0 Fairfax Club Estates
Fairfax Station,Week5,Camelot,Week1,294.0 Fairfax Station - 108.0 Camelot
Fairfax Club Estates,Week1,Rolling Forest,Week2,208.0 Rolling Forest - 189.0 Fairfax Club Estates
Fairfax Club Estates,Week2,Rolling Forest,Week2,215.0 Rolling Forest - 187.0 Fairfax Club Estates
Fairfax,Week4,Pinewood Lake,Week4,376.0 Fairfax - 26.0 Pinewood Lake
Fairfax,Week3,Waynewood,Week1,236.0 Fairfax - 166.0 Waynewood
Fairfax Station,Week1,Canterbury Woods,Week5,277.5 Fairfax Station - 123.5 Canterbury Woods
Fairfax,Week4,Pinewood Lake,Week5,370.0 Fairfax - 32.0 Pinewood Lake
Fairfax Club Estates,Week1,Canterbury Woods,Week1,207.0 Canterbury Woods - 195.0 Fairfax Club Estates
Fairfax,Week5,Pinewood Lake,Week1,378.0 Fairfax - 24.0 Pinewood Lake
Fairfax Club Estates,Week2,Vienna Woods,Week4,319.0 Vienna Woods - 83.0 Fairfax Club Estates
Fairfax Club Estates,Week1,Canterbury Woods,Week4,221.0 Canterbury Woods - 176.0 Fairfax Club Estates
Fairfax Club Estates,Week1,Canterbury Woods,Week2,200.0 Fairfax Club Estates - 197.0 Canterbury Woods
Fairfax,Week3,Waynewood,Week4,227.0 Fairfax - 175.0 Waynewood
Fairfax Club Estates,Week4,Riverside Gardens,Week2,278.0 Riverside Gardens - 124.0 Fairfax Club Estates
Fairfax Club Estates,Week5,Fair Oaks ,Week4,260.0 Fair Oaks - 141.0 Fairfax Club Estates
Fairfax Club Estates,Week5,Fair Oaks ,Week1,245.0 Fair Oaks - 157.0 Fairfax Club Estates
Fairfax Club Estates,Week4,Fairfax,Week1,285.0 Fairfax - 117.0 Fairfax Club Estates
Fairfax,Week4,Pinewood Lake,Week1,373.0 Fairfax - 29.0 Pinewood Lake
Fairfax,Week5,Walden Glen,Week5,288.0 Fairfax - 113.0 Walden Glen
Fairfax,Week4,Pinewood Lake,Week2,377.0 Fairfax - 25.0 Pinewood Lake
Fairfax,Week2,Waynewood,Week2,219.0 Fairfax - 183.0 Waynewood
Fairfax,Week1,Waynewood,Week2,217.0 Fairfax - 185.0 Waynewood
Fairfax Club Estates,Week2,Fairfax,Week1,299.0 Fairfax - 103.0 Fairfax Club Estates
Fairfax Club Estates,Week1,Canterbury Woods,Week3,213.0 Canterbury Woods - 189.0 Fairfax Club Estates
Fairfax Club Estates,Week4,Riverside Gardens,Week3,295.0 Riverside Gardens - 107.0 Fairfax Club Estates
Fairfax,Week4,Pinewood Lake,Week3,384.0 Fairfax - 18.0 Pinewood Lake
Fairfax Club Estates,Week1,Fairfax,Week1,290.0 Fairfax - 112.0 Fairfax Club Estates
Fairfax Club Estates,Week3,Camelot,Week2,223.0 Camelot - 178.0 Fairfax Club Estates
Fairfax Station,Week4,Camelot,Week3,271.0 Fairfax Station - 131.0 Camelot
Fairfax Club Estates,Week5,Camelot,Week2,215.0 Camelot - 183.0 Fairfax Club Estates
Fairfax,Week3,Waynewood,Week2,230.0 Fairfax - 172.0 Waynewood
Fairfax,Week3,Pinewood Lake,Week3,388.0 Fairfax - 13.0 Pinewood Lake
Fairfax Club Estates,Week3,Rolling Forest,Week3,237.0 Rolling Forest - 165.0 Fairfax Club Estates
Fairfax Club Estates,Week1,Villa Aquatic,Week4,240.0 Villa Aquatic - 162.0 Fairfax Club Estates
Fairfax,Week1,Woodley,Week2,335.0 Fairfax - 67.0 Woodley
Fairfax Club Estates,Week2,Camelot,Week5,225.0 Camelot - 176.0 Fairfax Club Estates
Fairfax Club Estates,Week1,Rolling Forest,Week4,215.0 Rolling Forest - 187.0 Fairfax Club Estates
Fairfax,Week1,Waynewood,Week3,203.0 Waynewood - 199.0 Fairfax
Fairfax Club Estates,Week5,Camelot,Week3,202.0 Camelot - 196.0 Fairfax Club Estates
Fairfax,Week4,Waynewood,Week3,212.5 Waynewood - 189.5 Fairfax
Fairfax,Week5,Pinewood Lake,Week2,383.0 Fairfax - 19.0 Pinewood Lake
Fairfax,Week1,Waynewood,Week4,220.0 Fairfax - 182.0 Waynewood
Fairfax Club Estates,Week3,Fairfax,Week2,312.0 Fairfax - 90.0 Fairfax Club Estates
Fairfax,Week2,Waynewood,Week4,227.0 Fairfax - 175.0 Waynewood
Fairfax Club Estates,Week3,Camelot,Week5,219.0 Camelot - 182.0 Fairfax Club Estates
Fairfax Club Estates,Week5,Vienna Woods,Week3,327.0 Vienna Woods - 74.0 Fairfax Club Estates
Fairfax,Week2,Pinewood Lake,Week4,385.0 Fairfax - 17.0 Pinewood Lake
Fairfax Club Estates,Week2,Fairfax,Week2,307.0 Fairfax - 95.0 Fairfax Club Estates
Fairfax Club Estates,Week2,Fairfax,Week4,316.0 Fairfax - 85.0 Fairfax Club Estates
Fairfax,Week3,Pinewood Lake,Week2,381.0 Fairfax - 20.0 Pinewood Lake
Fairfax Club Estates,Week2,Fairfax,Week5,319.0 Fairfax - 82.0 Fairfax Club Estates
Fairfax Club Estates,Week1,Vienna Woods,Week2,325.0 Vienna Woods - 77.0 Fairfax Club Estates
Fairfax Club Estates,Week2,Rolling Forest,Week3,231.0 Rolling Forest - 171.0 Fairfax Club Estates
Fairfax Club Estates,Week2,Villa Aquatic,Week2,246.0 Villa Aquatic - 156.0 Fairfax Club Estates
Fairfax Club Estates,Week4,Vienna Woods,Week3,324.5 Vienna Woods - 77.5 Fairfax Club Estates
Fairfax Club Estates,Week4,Camelot,Week3,208.0 Fairfax Club Estates - 193.0 Camelot
Fairfax Club Estates,Week2,Camelot,Week3,221.0 Camelot - 179.0 Fairfax Club Estates
Fairfax,Week2,Pinewood Lake,Week5,373.0 Fairfax - 29.0 Pinewood Lake
Fairfax Club Estates,Week5,Vienna Woods,Week2,316.0 Vienna Woods - 82.0 Fairfax Club Estates
Fairfax,Week1,Waynewood,Week5,213.0 Waynewood - 189.0 Fairfax
Fairfax Club Estates,Week3,Camelot,Week4,225.0 Camelot - 177.0 Fairfax Club Estates
Fairfax Club Estates,Week4,Rolling Forest,Week1,210.0 Rolling Forest - 192.0 Fairfax Club Estates
Fairfax Club Estates,Week2,Vienna Woods,Week5,343.0 Vienna Woods - 59.0 Fairfax Club Estates
Fairfax,Week3,Pinewood Lake,Week1,376.0 Fairfax - 25.0 Pinewood Lake
Fairfax Club Estates,Week2,Rolling Forest,Week1,223.0 Rolling Forest - 179.0 Fairfax Club Estates
Fairfax Club Estates,Week4,Fairfax,Week2,305.0 Fairfax - 97.0 Fairfax Club Estates
Fairfax,Week3,Pinewood Lake,Week4,381.0 Fairfax - 20.0 Pinewood Lake
Fairfax Club Estates,Week3,Rolling Forest,Week1,220.5 Rolling Forest - 181.5 Fairfax Club Estates
Fairfax Club Estates,Week2,Rolling Forest,Week4,232.0 Rolling Forest - 170.0 Fairfax Club Estates
Fairfax Club Estates,Week3,Fairfax,Week4,304.0 Fairfax - 97.0 Fairfax Club Estates
Fairfax Club Estates,Week5,Fair Oaks ,Week2,220.0 Fair Oaks - 181.0 Fairfax Club Estates
Fairfax,Week3,Waynewood,Week5,210.0 Fairfax - 192.0 Waynewood
Fairfax Club Estates,Week2,Vienna Woods,Week1,339.0 Vienna Woods - 63.0 Fairfax Club Estates
Fairfax Club Estates,Week5,Riverside Gardens,Week2,292.0 Riverside Gardens - 110.0 Fairfax Club Estates
Fairfax Club Estates,Week4,Rolling Forest,Week2,207.0 Rolling Forest - 195.0 Fairfax Club Estates
Fairfax Club Estates,Week4,Fairfax,Week3,300.0 Fairfax - 101.0 Fairfax Club Estates
Fairfax,Week3,Pinewood Lake,Week5,373.0 Fairfax - 28.0 Pinewood Lake
Fairfax,Week1,Woodley,Week1,316.0 Fairfax - 86.0 Woodley
Fairfax Club Estates,Week4,Camelot,Week2,211.0 Camelot - 190.0 Fairfax Club Estates
Fairfax Club Estates,Week1,Vienna Woods,Week4,314.0 Vienna Woods - 88.0 Fairfax Club Estates
Fairfax Club Estates,Week4,Fair Oaks ,Week2,220.0 Fair Oaks - 182.0 Fairfax Club Estates
Fairfax Club Estates,Week2,Camelot,Week4,234.0 Camelot - 168.0 Fairfax Club Estates
Fairfax,Week5,Waynewood,Week1,240.0 Fairfax - 162.0 Waynewood
Fairfax,Week3,Woodley,Week5,336.0 Fairfax - 65.0 Woodley
Fairfax Club Estates,Week3,Camelot,Week1,239.0 Camelot - 163.0 Fairfax Club Estates
Fairfax Club Estates,Week5,Vienna Woods,Week1,326.0 Vienna Woods - 71.0 Fairfax Club Estates
Fairfax,Week5,Walden Glen,Week3,305.0 Fairfax - 97.0 Walden Glen
Fairfax Club Estates,Week4,Rolling Forest,Week3,222.0 Rolling Forest - 180.0 Fairfax Club Estates
Fairfax Club Estates,Week4,Fairfax,Week4,298.0 Fairfax - 103.0 Fairfax Club Estates
Fairfax Club Estates,Week4,Vienna Woods,Week5,342.0 Vienna Woods - 60.0 Fairfax Club Estates
Fairfax Club Estates,Week2,Camelot,Week2,236.0 Camelot - 165.0 Fairfax Club Estates
Fairfax Club Estates,Week1,Villa Aquatic,Week1,227.0 Villa Aquatic - 175.0 Fairfax Club Estates
Fairfax Club Estates,Week5,Riverside Gardens,Week3,307.0 Riverside Gardens - 95.0 Fairfax Club Estates
Fairfax Club Estates,Week3,Fairfax,Week5,314.0 Fairfax - 87.0 Fairfax Club Estates
Fairfax Club Estates,Week5,Camelot,Week5,217.0 Camelot - 185.0 Fairfax Club Estates
Fairfax Club Estates,Week4,Fairfax,Week5,314.0 Fairfax - 87.0 Fairfax Club Estates
Fairfax Club Estates,Week2,Vienna Woods,Week2,326.0 Vienna Woods - 75.0 Fairfax Club Estates
Fairfax Club Estates,Week2,Fairfax Club Estates,Week4,238.0 Fairfax Club Estates (FCE2) - 163.0 Fairfax Club Estates (FCE1)
Fairfax Club Estates,Week4,Camelot,Week4,214.0 Camelot - 188.0 Fairfax Club Estates
Fairfax Club Estates,Week3,Rolling Forest,Week5,242.0 Rolling Forest - 160.0 Fairfax Club Estates
Fairfax Club Estates,Week4,Riverside Gardens,Week5,310.0 Riverside Gardens - 92.0 Fairfax Club Estates
Fairfax,Week3,Woodley,Week4,341.0 Fairfax - 61.0 Woodley
Fairfax Club Estates,Week4,Rolling Forest,Week5,227.0 Rolling Forest - 175.0 Fairfax Club Estates
Fairfax,Week5,Walden Glen,Week2,303.0 Fairfax - 99.0 Walden Glen
Fairfax Club Estates,Week3,Vienna Woods,Week5,341.0 Vienna Woods - 61.0 Fairfax Club Estates
Fairfax Club Estates,Week3,Vienna Woods,Week3,331.0 Vienna Woods - 71.0 Fairfax Club Estates
Fairfax Club Estates,Week4,Vienna Woods,Week2,313.0 Vienna Woods - 88.0 Fairfax Club Estates
Fairfax Club Estates,Week4,Vienna Woods,Week1,326.0 Vienna Woods - 71.0 Fairfax Club Estates
Fairfax Club Estates,Week5,Fairfax Club Estates,Week4,208.0 Fairfax Club Estates (FCE2) - 190.0 Fairfax Club Estates (FCE1)
Fairfax Club Estates,Week4,Camelot,Week5,214.0 Camelot - 188.0 Fairfax Club Estates
Fairfax Club Estates,Week5,Fairfax,Week5,312.0 Fairfax - 86.0 Fairfax Club Estates
Fairfax,Week2,Waynewood,Week5,207.0 Fairfax - 195.0 Waynewood
Fairfax Club Estates,Week2,Rolling Forest,Week5,237.0 Rolling Forest - 165.0 Fairfax Club Estates
Fairfax Club Estates,Week1,Fairfax Club Estates,Week3,206.0 Fairfax Club Estates (FCE1) - 194.0 Fairfax Club Estates (FCE2)
Fairfax Club Estates,Week5,Vienna Woods,Week4,307.0 Vienna Woods - 94.0 Fairfax Club Estates
Fairfax Club Estates,Week4,Camelot,Week1,226.0 Camelot - 176.0 Fairfax Club Estates
Fairfax,Week4,North Springfield,Week3,327.0 Fairfax - 70.0 North Springfield
Fairfax Club Estates,Week4,Fairfax Club Estates,Week5,208.0 Fairfax Club Estates (FCE1) - 190.0 Fairfax Club Estates (FCE2)
Fairfax,Week2,Waynewood,Week3,209.5 Fairfax - 192.5 Waynewood
Fairfax Club Estates,Week5,Camelot,Week4,217.0 Camelot - 184.0 Fairfax Club Estates
Fairfax Club Estates,Week4,Fairfax Club Estates,Week2,238.0 Fairfax Club Estates (FCE1) - 163.0 Fairfax Club Estates (FCE2)
Fairfax Club Estates,Week3,Fairfax,Week3,306.5 Fairfax - 94.5 Fairfax Club Estates
Fairfax,Week3,Waynewood,Week3,210.0 Fairfax - 192.0 Waynewood
Fairfax Club Estates,Week3,Rolling Forest,Week2,216.0 Rolling Forest - 186.0 Fairfax Club Estates
Fairfax,Week1,North Springfield,Week1,303.0 Fairfax - 48.0 North Springfield
Fairfax Club Estates,Week5,Riverside Gardens,Week5,316.0 Riverside Gardens - 85.0 Fairfax Club Estates
Fairfax Club Estates,Week4,Rolling Forest,Week4,214.5 Rolling Forest - 187.5 Fairfax Club Estates
Fairfax,Week5,Walden Glen,Week4,295.0 Fairfax - 106.0 Walden Glen
Fairfax,Week2,Waynewood,Week1,237.0 Fairfax - 165.0 Waynewood
Fairfax Club Estates,Week2,Mosby Woods,Week4,299.0 Mosby Woods - 102.0 Fairfax Club Estates
Fairfax,Week2,Woodley,Week1,338.0 Fairfax - 64.0 Woodley
Fairfax,Week3,North Springfield,Week1,315.0 Fairfax - 35.0 North Springfield
Fairfax Club Estates,Week5,Fairfax,Week3,296.0 Fairfax - 102.0 Fairfax Club Estates
Fairfax Club Estates,Week1,Vienna Woods,Week5,336.0 Vienna Woods - 66.0 Fairfax Club Estates
Fairfax Club Estates,Week3,Rolling Forest,Week4,221.0 Rolling Forest - 181.0 Fairfax Club Estates
Fairfax,Week5,Waynewood,Week5,212.0 Fairfax - 190.0 Waynewood
Fairfax,Week3,North Springfield,Week5,296.0 Fairfax - 78.0 North Springfield
Fairfax,Week2,North Springfield,Week1,310.0 Fairfax - 41.0 North Springfield
Fairfax,Week5,North Springfield,Week1,320.0 Fairfax - 31.0 North Springfield
Fairfax Club Estates,Week2,Fairfax Station,Week2,310.0 Fairfax Station - 92.0 Fairfax Club Estates
Fairfax Club Estates,Week2,Mount Vernon Park,Week5,313.0 Mount Vernon Park - 88.0 Fairfax Club Estates
Fairfax Club Estates,Week2,Fairfax Station,Week4,307.0 Fairfax Station - 95.0 Fairfax Club Estates
Fairfax Club Estates,Week3,Vienna Woods,Week2,319.0 Vienna Woods - 82.0 Fairfax Club Estates
Fairfax,Week2,Sully Station II,Week2,220.0 Fairfax - 182.0 Sully Station II
Fairfax Club Estates,Week2,Vienna Woods,Week3,331.0 Vienna Woods - 71.0 Fairfax Club Estates
Fairfax,Week4,Waynewood,Week4,217.0 Fairfax - 185.0 Waynewood
Fairfax Club Estates,Week5,Riverside Gardens,Week4,309.0 Riverside Gardens - 93.0 Fairfax Club Estates
Fairfax,Week1,Sully Station II,Week1,218.0 Fairfax - 184.0 Sully Station II
Fairfax,Week4,Waynewood,Week5,210.0 Waynewood - 192.0 Fairfax
Fairfax Club Estates,Week2,Fairfax Club Estates,Week2,198.0 Fairfax Club Estates (FCE1) - 198.0 Fairfax Club Estates (FCE2)
Fairfax Club Estates,Week3,Vienna Woods,Week4,317.0 Vienna Woods - 85.0 Fairfax Club Estates
Fairfax Club Estates,Week4,Fairfax Club Estates,Week4,198.0 Fairfax Club Estates (FCE1) - 198.0 Fairfax Club Estates (FCE2)
Fairfax Club Estates,Week1,Rolling Forest,Week1,223.0 Rolling Forest - 179.0 Fairfax Club Estates
Fairfax,Week4,North Springfield,Week1,316.0 Fairfax - 35.0 North Springfield
Fairfax Club Estates,Week4,Mosby Woods,Week5,287.0 Mosby Woods - 115.0 Fairfax Club Estates
Fairfax,Week5,Waynewood,Week2,256.0 Fairfax - 146.0 Waynewood
Fairfax Club Estates,Week2,Fairfax Club Estates,Week1,236.0 Fairfax Club Estates (FCE2) - 165.0 Fairfax Club Estates (FCE1)
Fairfax Club Estates,Week1,Fairfax Club Estates,Week2,236.0 Fairfax Club Estates (FCE1) - 165.0 Fairfax Club Estates (FCE2)
Fairfax,Week2,North Springfield,Week2,323.0 Fairfax - 65.0 North Springfield
Fairfax Club Estates,Week1,Villa Aquatic,Week2,215.0 Villa Aquatic - 187.0 Fairfax Club Estates
Fairfax,Week3,North Springfield,Week3,332.0 Fairfax - 65.0 North Springfield
Fairfax Club Estates,Week5,Vienna Woods,Week5,335.0 Vienna Woods - 66.0 Fairfax Club Estates
Fairfax,Week3,Sully Station II,Week1,238.0 Fairfax - 164.0 Sully Station II
Fairfax Club Estates,Week1,Vienna Woods,Week3,329.0 Vienna Woods - 73.0 Fairfax Club Estates
Fairfax,Week5,Waynewood,Week3,217.5 Fairfax - 184.5 Waynewood
Fairfax Club Estates,Week1,Villa Aquatic,Week3,254.0 Villa Aquatic - 148.0 Fairfax Club Estates
Fairfax Club Estates,Week4,Mosby Woods,Week2,293.0 Mosby Woods - 109.0 Fairfax Club Estates
Fairfax Club Estates,Week1,Rolling Forest,Week3,222.0 Rolling Forest - 180.0 Fairfax Club Estates
Fairfax Club Estates,Week3,Fairfax Station,Week1,300.5 Fairfax Station - 101.5 Fairfax Club Estates
Fairfax,Week5,Waynewood,Week4,248.0 Fairfax - 154.0 Waynewood
Fairfax,Week4,Sully Station II,Week3,216.0 Sully Station II - 186.0 Fairfax
Fairfax Club Estates,Week3,Vienna Woods,Week1,334.0 Vienna Woods - 68.0 Fairfax Club Estates
Fairfax,Week4,Sully Station,Week3,214.0 Fairfax - 188.0 Sully Station
Fairfax,Week1,Woodley,Week5,324.0 Fairfax - 78.0 Woodley
Fairfax,Week4,North Springfield,Week5,298.0 Fairfax - 76.0 North Springfield
Fairfax,Week1,Woodley,Week3,315.0 Fairfax - 87.0 Woodley
Fairfax Club Estates,Week4,Vienna Woods,Week4,298.5 Vienna Woods - 103.5 Fairfax Club Estates
Fairfax,Week4,Sully Station II,Week2,203.0 Fairfax - 199.0 Sully Station II
Fairfax,Week1,Woodley,Week4,335.0 Fairfax - 67.0 Woodley
Fairfax Club Estates,Week3,Mosby Woods,Week4,293.0 Mosby Woods - 109.0 Fairfax Club Estates
Fairfax Club Estates,Week5,Fairfax Club Estates,Week3,200.0 Fairfax Club Estates (FCE1) - 197.0 Fairfax Club Estates (FCE2)
Fairfax Club Estates,Week4,Mount Vernon Park,Week2,288.0 Mount Vernon Park - 114.0 Fairfax Club Estates
Fairfax Club Estates,Week2,Fairfax Club Estates,Week5,224.0 Fairfax Club Estates (FCE2) - 173.0 Fairfax Club Estates (FCE1)
Fairfax,Week2,Woodley,Week2,344.0 Fairfax - 58.0 Woodley
Fairfax,Week2,Sully Station II,Week3,202.0 Fairfax - 200.0 Sully Station II
Fairfax,Week4,Waynewood,Week2,212.0 Fairfax - 190.0 Waynewood
Fairfax Club Estates,Week1,Villa Aquatic,Week5,238.0 Villa Aquatic - 164.0 Fairfax Club Estates
Fairfax Club Estates,Week3,Fairfax Club Estates,Week1,206.0 Fairfax Club Estates (FCE2) - 194.0 Fairfax Club Estates (FCE1)
Fairfax Club Estates,Week3,Mount Vernon Park,Week3,309.0 Mount Vernon Park - 92.0 Fairfax Club Estates
Fairfax,Week3,North Springfield,Week4,340.0 Fairfax - 52.0 North Springfield
Fairfax,Week5,Sully Station II,Week4,254.0 Fairfax - 148.0 Sully Station II
Fairfax,Week5,Newington Forest,Week5,338.0 Fairfax - 64.0 Newington Forest
Fairfax,Week4,North Springfield,Week4,334.0 Fairfax - 58.0 North Springfield
Fairfax Club Estates,Week1,Fairfax Club Estates,Week5,213.5 Fairfax Club Estates (FCE2) - 182.5 Fairfax Club Estates (FCE1)
Fairfax Club Estates,Week3,Mount Vernon Park,Week2,313.0 Mount Vernon Park - 89.0 Fairfax Club Estates
Fairfax Club Estates,Week2,Villa Aquatic,Week1,234.0 Villa Aquatic - 168.0 Fairfax Club Estates
Fairfax Club Estates,Week3,Villa Aquatic,Week3,277.0 Villa Aquatic - 125.0 Fairfax Club Estates
Fairfax Club Estates,Week1,Village West,Week5,227.0 Fairfax Club Estates - 175.0 Village West
Fairfax Club Estates,Week5,Mosby Woods,Week5,289.5 Mosby Woods - 112.5 Fairfax Club Estates
Fairfax,Week4,Sully Station,Week5,213.0 Sully Station - 189.0 Fairfax
Fairfax,Week3,Woodley,Week2,346.0 Fairfax - 55.0 Woodley
Fairfax,Week3,Woodley,Week1,340.0 Fairfax - 62.0 Woodley
Fairfax Club Estates,Week2,Villa Aquatic,Week3,267.0 Villa Aquatic - 135.0 Fairfax Club Estates
Fairfax,Week2,Woodley,Week4,345.0 Fairfax - 57.0 Woodley
Fairfax,Week5,North Springfield,Week3,339.0 Fairfax - 58.0 North Springfield
Fairfax,Week2,Woodley,Week5,339.0 Fairfax - 63.0 Woodley
Fairfax Club Estates,Week3,Mosby Woods,Week3,298.0 Mosby Woods - 104.0 Fairfax Club Estates
Fairfax Club Estates,Week5,Villa Aquatic,Week4,231.0 Villa Aquatic - 171.0 Fairfax Club Estates
Fairfax Club Estates,Week1,Mount Vernon Park,Week4,294.0 Mount Vernon Park - 108.0 Fairfax Club Estates
Fairfax,Week5,Sully Station,Week2,232.0 Fairfax - 170.0 Sully Station
Fairfax Club Estates,Week2,Fairfax Club Estates,Week3,233.0 Fairfax Club Estates (FCE2) - 166.0 Fairfax Club Estates (FCE1)
Fairfax,Week1,North Springfield,Week2,310.0 Fairfax - 78.0 North Springfield
Fairfax,Week3,Sully Station II,Week4,244.0 Fairfax - 158.0 Sully Station II
Fairfax,Week1,Sully Station II,Week4,215.0 Fairfax - 187.0 Sully Station II
Fairfax,Week5,North Springfield,Week2,340.0 Fairfax - 48.0 North Springfield
Fairfax Club Estates,Week1,Mount Vernon Park,Week3,308.0 Mount Vernon Park - 94.0 Fairfax Club Estates
Fairfax,Week5,North Springfield,Week4,346.5 Fairfax - 45.5 North Springfield
Fairfax,Week1,North Springfield,Week3,311.0 Fairfax - 86.0 North Springfield
Fairfax Club Estates,Week4,Villa Aquatic,Week3,251.0 Villa Aquatic - 151.0 Fairfax Club Estates
Fairfax Club Estates,Week5,Villa Aquatic,Week1,206.5 Villa Aquatic - 195.5 Fairfax Club Estates
Fairfax Club Estates,Week1,Fairfax Club Estates,Week4,212.0 Fairfax Club Estates (FCE2) - 190.0 Fairfax Club Estates (FCE1)
Fairfax Club Estates,Week5,Fairfax,Week4,299.5 Fairfax - 98.5 Fairfax Club Estates
Fairfax,Week2,Woodley,Week3,341.5 Fairfax - 60.5 Woodley
Fairfax Club Estates,Week3,Mosby Woods,Week2,309.0 Mosby Woods - 93.0 Fairfax Club Estates
Fairfax Club Estates,Week4,Fairfax Club Estates,Week1,212.0 Fairfax Club Estates (FCE1) - 190.0 Fairfax Club Estates (FCE2)
Fairfax,Week2,North Springfield,Week4,335.0 Fairfax - 57.0 North Springfield
Fairfax,Week3,Sully Station II,Week2,232.0 Fairfax - 170.0 Sully Station II
Fairfax Club Estates,Week1,Fairfax Club Estates,Week1,195.0 Fairfax Club Estates (FCE1) - 195.0 Fairfax Club Estates (FCE2)
Fairfax,Week3,Sully Station II,Week5,202.5 Sully Station II - 199.5 Fairfax
Fairfax Club Estates,Week2,Annandale,Week2,209.0 Fairfax Club Estates - 192.0 Annandale
Fairfax Club Estates,Week5,Fairfax Club Estates,Week1,213.5 Fairfax Club Estates (FCE1) - 182.5 Fairfax Club Estates (FCE2)
Fairfax Club Estates,Week4,Fairfax Club Estates,Week3,227.0 Fairfax Club Estates (FCE1) - 174.0 Fairfax Club Estates (FCE2)
Fairfax Club Estates,Week2,Mount Vernon Park,Week2,318.0 Mount Vernon Park - 84.0 Fairfax Club Estates
Fairfax,Week5,Newington Forest,Week4,337.0 Fairfax - 65.0 Newington Forest
Fairfax,Week3,Woodley,Week3,340.0 Fairfax - 62.0 Woodley
Fairfax,Week1,North Springfield,Week5,285.0 Fairfax - 89.0 North Springfield
Fairfax,Week5,Sully Station,Week4,221.0 Fairfax - 181.0 Sully Station
Fairfax,Week5,Sully Station,Week3,242.0 Fairfax - 160.0 Sully Station
Fairfax Club Estates,Week3,Mosby Woods,Week5,300.0 Mosby Woods - 102.0 Fairfax Club Estates
Fairfax Club Estates,Week1,Mount Vernon Park,Week2,305.0 Mount Vernon Park - 97.0 Fairfax Club Estates
Fairfax,Week5,Sully Station,Week1,215.0 Fairfax - 187.0 Sully Station
Fairfax Club Estates,Week3,Village West,Week2,220.0 Fairfax Club Estates - 180.0 Village West
Fairfax,Week4,North Springfield,Week2,326.0 Fairfax - 62.0 North Springfield
Fairfax,Week2,North Springfield,Week3,325.0 Fairfax - 72.0 North Springfield
Fairfax Club Estates,Week2,Mosby Woods,Week5,313.0 Mosby Woods - 89.0 Fairfax Club Estates
Fairfax Club Estates,Week3,Fairfax Club Estates,Week4,227.0 Fairfax Club Estates (FCE2) - 174.0 Fairfax Club Estates (FCE1)
Fairfax,Week1,Sully Station II,Week2,207.0 Sully Station II - 195.0 Fairfax
Fairfax Club Estates,Week2,Mount Vernon Park,Week4,303.0 Mount Vernon Park - 99.0 Fairfax Club Estates
Fairfax Club Estates,Week4,Villa Aquatic,Week1,214.0 Villa Aquatic - 188.0 Fairfax Club Estates
Fairfax Club Estates,Week3,Fairfax Club Estates,Week2,233.0 Fairfax Club Estates (FCE1) - 166.0 Fairfax Club Estates (FCE2)
Fairfax,Week5,Sully Station II,Week1,248.0 Fairfax - 154.0 Sully Station II
Fairfax Club Estates,Week3,Fairfax Club Estates,Week5,200.0 Fairfax Club Estates (FCE2) - 197.0 Fairfax Club Estates (FCE1)
Fairfax,Week4,Sully Station II,Week1,231.0 Fairfax - 171.0 Sully Station II
Fairfax Club Estates,Week3,Village West,Week4,199.0 Village West - 197.0 Fairfax Club Estates
Fairfax,Week2,North Springfield,Week5,295.0 Fairfax - 79.0 North Springfield
Fairfax Club Estates,Week4,Mosby Woods,Week1,302.0 Mosby Woods - 100.0 Fairfax Club Estates
Fairfax,Week4,Woodley,Week5,334.0 Fairfax - 67.0 Woodley
Fairfax,Week4,Woodley,Week4,342.0 Fairfax - 60.0 Woodley
Fairfax Club Estates,Week1,Village West,Week4,230.0 Fairfax Club Estates - 167.0 Village West
Fairfax Club Estates,Week3,Fairfax Club Estates,Week3,198.0 Fairfax Club Estates (FCE1) - 198.0 Fairfax Club Estates (FCE2)
Fairfax,Week1,North Springfield,Week4,330.0 Fairfax - 62.0 North Springfield
Fairfax Club Estates,Week3,Village West,Week5,209.5 Fairfax Club Estates - 190.5 Village West
Fairfax Club Estates,Week1,Annandale,Week4,247.0 Fairfax Club Estates - 154.0 Annandale
Fairfax Club Estates,Week2,Village West,Week3,220.0 Village West - 182.0 Fairfax Club Estates
Fairfax Club Estates,Week1,Annandale,Week1,247.0 Fairfax Club Estates - 150.0 Annandale
Fairfax,Week5,Sully Station II,Week2,231.0 Fairfax - 171.0 Sully Station II
Fairfax,Week5,Woodley,Week1,345.0 Fairfax - 57.0 Woodley
Fairfax Club Estates,Week5,Fairfax Club Estates,Week2,224.0 Fairfax Club Estates (FCE1) - 173.0 Fairfax Club Estates (FCE2)
Fairfax,Week3,North Springfield,Week2,338.0 Fairfax - 50.0 North Springfield
Fairfax Club Estates,Week4,Villa Aquatic,Week2,209.0 Villa Aquatic - 193.0 Fairfax Club Estates
Fairfax Club Estates,Week4,Mosby Woods,Week4,287.0 Mosby Woods - 115.0 Fairfax Club Estates
Fairfax Club Estates,Week5,Mosby Woods,Week3,293.0 Mosby Woods - 103.0 Fairfax Club Estates
Fairfax Club Estates,Week5,Fairfax Club Estates,Week5,191.0 Fairfax Club Estates (FCE1) - 191.0 Fairfax Club Estates (FCE2)
Fairfax Club Estates,Week1,Fairfax Station,Week4,301.0 Fairfax Station - 101.0 Fairfax Club Estates
Fairfax Club Estates,Week5,Mosby Woods,Week1,298.0 Mosby Woods - 104.0 Fairfax Club Estates
Fairfax Club Estates,Week1,Fairfax Station,Week1,297.0 Fairfax Station - 105.0 Fairfax Club Estates
Fairfax Club Estates,Week2,Annandale,Week4,226.0 Fairfax Club Estates - 175.0 Annandale
Fairfax Club Estates,Week1,Fairfax Station,Week3,312.0 Fairfax Station - 90.0 Fairfax Club Estates
Fairfax,Week4,Woodley,Week2,342.0 Fairfax - 59.0 Woodley
Fairfax Club Estates,Week1,Fairfax Station,Week2,291.0 Fairfax Station - 111.0 Fairfax Club Estates
Fairfax Club Estates,Week1,Mount Vernon Park,Week1,300.0 Mount Vernon Park - 97.0 Fairfax Club Estates
Fairfax Club Estates,Week3,Villa Aquatic,Week2,241.0 Villa Aquatic - 161.0 Fairfax Club Estates
Fairfax Club Estates,Week2,Village West,Week2,213.0 Fairfax Club Estates - 187.0 Village West
Fairfax Club Estates,Week3,Village West,Week3,201.0 Fairfax Club Estates - 201.0 Village West
Fairfax,Week5,Woodley,Week4,358.0 Fairfax - 44.0 Woodley
Fairfax Club Estates,Week1,Mount Vernon Park,Week5,303.5 Mount Vernon Park - 98.5 Fairfax Club Estates
Fairfax,Week1,Sully Station II,Week3,222.0 Sully Station II - 180.0 Fairfax
Fairfax Club Estates,Week3,Village West,Week1,221.0 Fairfax Club Estates - 179.0 Village West
Fairfax Club Estates,Week3,Villa Aquatic,Week4,258.0 Villa Aquatic - 144.0 Fairfax Club Estates
Fairfax,Week4,Sully Station,Week4,202.0 Sully Station - 200.0 Fairfax
Fairfax,Week1,Sully Station II,Week5,244.0 Sully Station II - 158.0 Fairfax
Fairfax,Week2,Sully Station II,Week1,241.0 Fairfax - 161.0 Sully Station II
Fairfax Club Estates,Week4,Mosby Woods,Week3,297.0 Mosby Woods - 105.0 Fairfax Club Estates
Fairfax,Week4,Woodley,Week1,336.0 Fairfax - 66.0 Woodley
Fairfax,Week5,Woodley,Week2,355.0 Fairfax - 46.0 Woodley
Fairfax,Week2,Sully Station II,Week4,232.0 Fairfax - 170.0 Sully Station II
Fairfax Station,Week2,Dowden Terrace,Week3,273.0 Fairfax Station - 129.0 Dowden Terrace
Fairfax Club Estates,Week1,Annandale,Week3,230.0 Fairfax Club Estates - 172.0 Annandale
Fairfax Club Estates,Week1,Fairfax Station,Week5,305.0 Fairfax Station - 97.0 Fairfax Club Estates
Fairfax,Week3,Sully Station II,Week3,210.0 Fairfax - 192.0 Sully Station II
Fairfax Station,Week5,Dowden Terrace,Week5,271.0 Fairfax Station - 131.0 Dowden Terrace
Fairfax Club Estates,Week3,Fairfax Station,Week2,302.0 Fairfax Station - 100.0 Fairfax Club Estates
Fairfax Club Estates,Week2,Mount Vernon Park,Week3,313.0 Mount Vernon Park - 89.0 Fairfax Club Estates
Fairfax Club Estates,Week2,Mount Vernon Park,Week1,309.0 Mount Vernon Park - 93.0 Fairfax Club Estates
Fairfax,Week2,Sully Station II,Week5,222.0 Sully Station II - 180.0 Fairfax
Fairfax,Week5,Sully Station II,Week3,202.0 Fairfax - 200.0 Sully Station II
Fairfax Club Estates,Week1,Annandale,Week5,234.0 Fairfax Club Estates - 168.0 Annandale
Fairfax,Week4,Woodley,Week3,340.0 Fairfax - 62.0 Woodley
Fairfax Club Estates,Week2,Annandale,Week5,214.0 Fairfax Club Estates - 187.0 Annandale
Fairfax Club Estates,Week4,Villa Aquatic,Week4,227.0 Villa Aquatic - 175.0 Fairfax Club Estates
Fairfax Station,Week2,Dowden Terrace,Week4,257.0 Fairfax Station - 145.0 Dowden Terrace
Fairfax Club Estates,Week2,Fairfax Station,Week3,316.0 Fairfax Station - 86.0 Fairfax Club Estates
Fairfax Club Estates,Week4,Villa Aquatic,Week5,245.0 Villa Aquatic - 157.0 Fairfax Club Estates
Fairfax,Week4,Sully Station II,Week5,234.0 Sully Station II - 168.0 Fairfax
Fairfax Club Estates,Week3,Fairfax Station,Week3,317.0 Fairfax Station - 85.0 Fairfax Club Estates
Fairfax Club Estates,Week5,Mosby Woods,Week4,284.0 Mosby Woods - 118.0 Fairfax Club Estates
Fairfax Club Estates,Week2,Fairfax Station,Week5,319.0 Fairfax Station - 83.0 Fairfax Club Estates
Fairfax,Week5,Sully Station,Week5,203.0 Sully Station - 199.0 Fairfax
Fairfax,Week5,Woodley,Week3,357.0 Fairfax - 45.0 Woodley
Fairfax Club Estates,Week5,Mosby Woods,Week2,299.0 Mosby Woods - 103.0 Fairfax Club Estates
Fairfax Club Estates,Week3,Mosby Woods,Week1,303.0 Mosby Woods - 99.0 Fairfax Club Estates
Fairfax,Week4,Sully Station II,Week4,223.0 Fairfax - 179.0 Sully Station II
Fairfax Station,Week2,Dunn Loring,Week1,222.0 Fairfax Station - 180.0 Dunn Loring
Fairfax Club Estates,Week3,Villa Aquatic,Week1,236.0 Villa Aquatic - 166.0 Fairfax Club Estates
Fairfax Club Estates,Week2,Annandale,Week3,203.0 Fairfax Club Estates - 199.0 Annandale
Fairfax Club Estates,Week2,Villa Aquatic,Week5,248.0 Villa Aquatic - 154.0 Fairfax Club Estates
Fairfax Club Estates,Week2,Fairfax Station,Week1,298.5 Fairfax Station - 103.5 Fairfax Club Estates
Fairfax Club Estates,Week3,Mount Vernon Park,Week1,300.0 Mount Vernon Park - 102.0 Fairfax Club Estates
Fairfax Club Estates,Week5,Villa Aquatic,Week3,253.0 Villa Aquatic - 148.0 Fairfax Club Estates
Fairfax Club Estates,Week1,Village West,Week2,232.0 Fairfax Club Estates - 169.0 Village West
Fairfax Station,Week5,Dowden Terrace,Week1,295.0 Fairfax Station - 107.0 Dowden Terrace
Fairfax Club Estates,Week2,Newington Forest,Week5,212.0 Newington Forest - 190.0 Fairfax Club Estates
Fairfax Club Estates,Week3,Arlington Forest,Week2,237.0 Arlington Forest - 165.0 Fairfax Club Estates
Fairfax,Week2,Truro,Week4,306.0 Fairfax - 96.0 Truro
Fairfax Club Estates,Week3,Fairfax Station,Week5,312.0 Fairfax Station - 90.0 Fairfax Club Estates
Fairfax Club Estates,Week1,Newington Forest,Week4,207.0 Fairfax Club Estates - 195.0 Newington Forest
Fairfax Station,Week4,Dowden Terrace,Week3,280.0 Fairfax Station - 122.0 Dowden Terrace
Fairfax,Week2,Truro,Week5,309.0 Fairfax - 93.0 Truro
Fairfax Club Estates,Week3,Newington Forest,Week4,202.0 Fairfax Club Estates - 200.0 Newington Forest
Fairfax Club Estates,Week3,Arlington Forest,Week4,273.0 Arlington Forest - 129.0 Fairfax Club Estates
Fairfax Station,Week3,Dowden Terrace,Week4,276.0 Fairfax Station - 126.0 Dowden Terrace
Fairfax Club Estates,Week4,Mount Vernon Park,Week1,284.0 Mount Vernon Park - 118.0 Fairfax Club Estates
Fairfax,Week1,Tuckahoe,Week3,304.5 Tuckahoe - 97.5 Fairfax
Fairfax Club Estates,Week3,Villa Aquatic,Week5,264.0 Villa Aquatic - 138.0 Fairfax Club Estates
Fairfax,Week2,Truro,Week1,304.0 Fairfax - 98.0 Truro
Fairfax Club Estates,Week2,Villa Aquatic,Week4,254.0 Villa Aquatic - 148.0 Fairfax Club Estates
Fairfax Club Estates,Week3,Annandale,Week4,237.0 Fairfax Club Estates - 162.0 Annandale
Fairfax Club Estates,Week3,Mount Vernon Park,Week5,310.0 Mount Vernon Park - 91.0 Fairfax Club Estates
Fairfax Club Estates,Week2,Village West,Week1,214.0 Fairfax Club Estates - 187.0 Village West
Fairfax Station,Week1,Dunn Loring,Week4,216.5 Dunn Loring - 185.5 Fairfax Station
Fairfax,Week4,Truro,Week1,301.0 Fairfax - 100.0 Truro
Fairfax,Week1,Tuckahoe,Week1,270.0 Tuckahoe - 132.0 Fairfax
Fairfax Club Estates,Week1,Village West,Week1,222.0 Fairfax Club Estates - 179.0 Village West
Fairfax Club Estates,Week1,Annandale,Week2,234.0 Fairfax Club Estates - 167.0 Annandale
Fairfax Station,Week3,Dowden Terrace,Week3,283.0 Fairfax Station - 119.0 Dowden Terrace
Fairfax Club Estates,Week1,Newington Forest,Week1,241.0 Fairfax Club Estates - 159.0 Newington Forest
Fairfax Club Estates,Week5,Villa Aquatic,Week5,243.0 Villa Aquatic - 159.0 Fairfax Club Estates
Fairfax Club Estates,Week2,Arlington Forest,Week1,273.5 Arlington Forest - 128.5 Fairfax Club Estates
Fairfax Club Estates,Week3,Mount Vernon Park,Week4,298.0 Mount Vernon Park - 104.0 Fairfax Club Estates
Fairfax Club Estates,Week3,Fairfax Station,Week4,300.0 Fairfax Station - 102.0 Fairfax Club Estates
Fairfax Club Estates,Week2,Arlington Forest,Week2,244.0 Arlington Forest - 158.0 Fairfax Club Estates
Fairfax,Week1,Truro,Week4,291.0 Fairfax - 111.0 Truro
Fairfax Club Estates,Week1,Village West,Week3,207.0 Fairfax Club Estates - 195.0 Village West
Fairfax Club Estates,Week5,Villa Aquatic,Week2,215.0 Villa Aquatic - 187.0 Fairfax Club Estates
Fairfax,Week5,Truro,Week4,317.0 Fairfax - 85.0 Truro
Fairfax Club Estates,Week4,Mount Vernon Park,Week3,295.0 Mount Vernon Park - 107.0 Fairfax Club Estates
Fairfax Station,Week2,Dowden Terrace,Week1,265.0 Fairfax Station - 131.0 Dowden Terrace
Fairfax Club Estates,Week2,Annandale,Week1,218.0 Fairfax Club Estates - 184.0 Annandale
Fairfax,Week5,Woodley,Week5,354.0 Fairfax - 47.0 Woodley
Fairfax Station,Week1,Dowden Terrace,Week4,256.0 Fairfax Station - 146.0 Dowden Terrace
Fairfax Station,Week3,Dowden Terrace,Week1,277.0 Fairfax Station - 125.0 Dowden Terrace
Fairfax,Week5,Sully Station II,Week5,208.5 Sully Station II - 193.5 Fairfax
Fairfax Club Estates,Week4,Newington Forest,Week5,205.0 Fairfax Club Estates - 192.0 Newington Forest
Fairfax Club Estates,Week4,Annandale,Week4,256.0 Fairfax Club Estates - 146.0 Annandale
Fairfax Club Estates,Week3,Newington Forest,Week2,221.0 Fairfax Club Estates - 172.0 Newington Forest
Fairfax,Week2,Truro,Week2,322.0 Fairfax - 80.0 Truro
Fairfax Club Estates,Week4,Newington Forest,Week2,235.0 Fairfax Club Estates - 163.0 Newington Forest
Fairfax Station,Week3,Dowden Terrace,Week2,273.0 Fairfax Station - 129.0 Dowden Terrace
Fairfax Club Estates,Week3,Virginia Hills,Week3,290.0 Fairfax Club Estates - 112.0 Virginia Hills
Fairfax Club Estates,Week2,Village West,Week5,211.0 Village West - 190.0 Fairfax Club Estates
Fairfax Station,Week4,Dowden Terrace,Week2,265.0 Fairfax Station - 137.0 Dowden Terrace
Fairfax Club Estates,Week2,Village West,Week4,201.0 Fairfax Club Estates - 194.0 Village West
Fairfax,Week3,Truro,Week4,312.0 Fairfax - 90.0 Truro
Fairfax Station,Week2,Dowden Terrace,Week5,243.0 Fairfax Station - 159.0 Dowden Terrace
Fairfax Club Estates,Week4,Arlington Forest,Week1,253.0 Arlington Forest - 149.0 Fairfax Club Estates
Fairfax Club Estates,Week1,Newington Forest,Week3,219.0 Fairfax Club Estates - 182.0 Newington Forest
Fairfax Club Estates,Week1,Arlington Forest,Week3,236.0 Arlington Forest - 166.0 Fairfax Club Estates
Fairfax Club Estates,Week4,Newington Forest,Week3,238.0 Fairfax Club Estates - 164.0 Newington Forest
Fairfax Station,Week5,Dowden Terrace,Week4,286.0 Fairfax Station - 116.0 Dowden Terrace
Fairfax Club Estates,Week5,Annandale,Week3,225.0 Fairfax Club Estates - 177.0 Annandale
Fairfax Club Estates,Week4,Village West,Week1,234.0 Fairfax Club Estates - 167.0 Village West
Fairfax Station,Week3,Dowden Terrace,Week5,252.0 Fairfax Station - 150.0 Dowden Terrace
Fairfax Club Estates,Week5,Annandale,Week2,237.0 Fairfax Club Estates - 164.0 Annandale
Fairfax Club Estates,Week5,Village West,Week2,224.0 Fairfax Club Estates - 174.0 Village West
Fairfax,Week4,Truro,Week4,304.0 Fairfax - 98.0 Truro
Fairfax,Week4,Truro,Week3,313.0 Fairfax - 89.0 Truro
Fairfax,Week1,Truro,Week3,307.0 Fairfax - 95.0 Truro
Fairfax Station,Week1,Dowden Terrace,Week5,244.0 Fairfax Station - 158.0 Dowden Terrace
Fairfax Club Estates,Week4,Newington Forest,Week1,246.5 Fairfax Club Estates - 151.5 Newington Forest
Fairfax Club Estates,Week3,Virginia Hills,Week2,300.0 Fairfax Club Estates - 97.0 Virginia Hills
Fairfax Club Estates,Week5,Newington Forest,Week1,228.0 Fairfax Club Estates - 164.0 Newington Forest
Fairfax,Week1,Truro,Week1,297.0 Fairfax - 105.0 Truro
Fairfax Club Estates,Week1,Virginia Hills,Week5,282.5 Fairfax Club Estates - 118.5 Virginia Hills
Fairfax,Week3,Truro,Week1,302.0 Fairfax - 99.0 Truro
Fairfax,Week5,Truro,Week3,319.0 Fairfax - 83.0 Truro
Fairfax Club Estates,Week2,Newington Forest,Week2,216.0 Fairfax Club Estates - 181.0 Newington Forest
Fairfax,Week5,Truro,Week2,331.0 Fairfax - 70.0 Truro
Fairfax Station,Week1,Dowden Terrace,Week3,264.0 Fairfax Station - 138.0 Dowden Terrace
Fairfax Club Estates,Week2,Arlington Forest,Week4,276.0 Arlington Forest - 126.0 Fairfax Club Estates
Fairfax Club Estates,Week3,Annandale,Week3,219.0 Fairfax Club Estates - 183.0 Annandale
Fairfax Club Estates,Week5,Arlington Forest,Week3,216.0 Arlington Forest - 182.0 Fairfax Club Estates
Fairfax Club Estates,Week1,Arlington Forest,Week1,274.0 Arlington Forest - 128.0 Fairfax Club Estates
Fairfax Club Estates,Week4,Virginia Hills,Week3,312.0 Fairfax Club Estates - 90.0 Virginia Hills
Fairfax Club Estates,Week1,Arlington Forest,Week5,273.0 Arlington Forest - 129.0 Fairfax Club Estates
Fairfax Club Estates,Week2,Virginia Hills,Week4,275.0 Fairfax Club Estates - 125.0 Virginia Hills
Fairfax Club Estates,Week4,Village West,Week4,221.0 Fairfax Club Estates - 175.0 Village West
Fairfax Station,Week5,Dowden Terrace,Week3,299.0 Fairfax Station - 103.0 Dowden Terrace
Fairfax Club Estates,Week2,Newington Forest,Week4,212.0 Newington Forest - 190.0 Fairfax Club Estates
Fairfax Club Estates,Week5,Virginia Hills,Week1,291.0 Fairfax Club Estates - 106.0 Virginia Hills
Fairfax Club Estates,Week4,Mount Vernon Park,Week5,300.0 Mount Vernon Park - 101.0 Fairfax Club Estates
Fairfax Station,Week2,Dowden Terrace,Week2,265.0 Fairfax Station - 137.0 Dowden Terrace
Fairfax Station,Week5,Dowden Terrace,Week2,279.0 Fairfax Station - 123.0 Dowden Terrace
Fairfax Station,Week4,Dowden Terrace,Week1,270.0 Fairfax Station - 132.0 Dowden Terrace
Fairfax Club Estates,Week4,Mount Vernon Park,Week4,290.0 Mount Vernon Park - 112.0 Fairfax Club Estates
Fairfax Station,Week1,Dunn Loring,Week1,214.0 Fairfax Station - 188.0 Dunn Loring
Fairfax Club Estates,Week5,Annandale,Week1,248.0 Fairfax Club Estates - 153.0 Annandale
Fairfax Club Estates,Week2,Virginia Hills,Week2,293.0 Fairfax Club Estates - 106.0 Virginia Hills
Fairfax Club Estates,Week5,Newington Forest,Week2,219.0 Fairfax Club Estates - 173.0 Newington Forest
Fairfax Club Estates,Week5,Annandale,Week5,241.0 Fairfax Club Estates - 161.0 Annandale
Fairfax Station,Week1,Dunn Loring,Week2,225.0 Dunn Loring - 177.0 Fairfax Station
Fairfax Club Estates,Week5,Mount Vernon Park,Week3,302.0 Mount Vernon Park - 100.0 Fairfax Club Estates
Fairfax Club Estates,Week5,Village West,Week4,223.0 Fairfax Club Estates - 170.0 Village West
Fairfax Station,Week3,Dunn Loring,Week4,217.0 Fairfax Station - 185.0 Dunn Loring
Fairfax Station,Week2,Fair Oaks ,Week3,232.0 Fairfax Station - 170.0 Fair Oaks
Fairfax Club Estates,Week4,Village West,Week5,220.0 Fairfax Club Estates - 181.0 Village West
Fairfax Club Estates,Week3,Virginia Hills,Week5,287.0 Fairfax Club Estates - 110.0 Virginia Hills
Fairfax Club Estates,Week4,Annandale,Week5,249.0 Fairfax Club Estates - 153.0 Annandale
Fairfax Club Estates,Week5,Village West,Week3,203.0 Fairfax Club Estates - 198.0 Village West
Fairfax,Week3,Truro,Week5,311.0 Fairfax - 90.0 Truro
Fairfax Club Estates,Week3,Annandale,Week2,235.0 Fairfax Club Estates - 166.0 Annandale
Fairfax Club Estates,Week3,Virginia Hills,Week1,289.0 Fairfax Club Estates - 110.0 Virginia Hills
Fairfax,Week5,Truro,Week1,319.0 Fairfax - 82.0 Truro
Fairfax Club Estates,Week5,Mount Vernon Park,Week1,294.0 Mount Vernon Park - 102.0 Fairfax Club Estates
Fairfax Club Estates,Week4,Annandale,Week2,252.0 Fairfax Club Estates - 150.0 Annandale
Fairfax,Week2,Truro,Week3,316.0 Fairfax - 86.0 Truro
Fairfax,Week1,Truro,Week5,298.5 Fairfax - 103.5 Truro
Fairfax Club Estates,Week3,Newington Forest,Week5,209.0 Newington Forest - 193.0 Fairfax Club Estates
Fairfax Club Estates,Week2,Arlington Forest,Week3,239.0 Arlington Forest - 162.0 Fairfax Club Estates
Fairfax Station,Week1,Dunn Loring,Week5,218.0 Dunn Loring - 184.0 Fairfax Station
Fairfax Club Estates,Week1,Arlington Forest,Week2,238.0 Arlington Forest - 164.0 Fairfax Club Estates
Fairfax Station,Week4,Dowden Terrace,Week4,249.0 Fairfax Station - 153.0 Dowden Terrace
Fairfax Club Estates,Week5,Mount Vernon Park,Week2,313.0 Mount Vernon Park - 89.0 Fairfax Club Estates
Fairfax,Week1,Truro,Week2,315.0 Fairfax - 87.0 Truro
Fairfax Club Estates,Week4,Village West,Week3,207.5 Village West - 194.5 Fairfax Club Estates
Fairfax Club Estates,Week1,Virginia Run,Week3,264.0 Virginia Run - 138.0 Fairfax Club Estates
Fairfax Club Estates,Week1,Arlington Forest,Week4,279.0 Arlington Forest - 123.0 Fairfax Club Estates
Fairfax,Week3,Truro,Week3,304.0 Fairfax - 98.0 Truro
Fairfax,Week5,Truro,Week5,314.0 Fairfax - 87.0 Truro
Fairfax,Week3,Truro,Week2,324.0 Fairfax - 77.0 Truro
Fairfax Club Estates,Week3,Annandale,Week5,229.0 Fairfax Club Estates - 172.0 Annandale
Fairfax Club Estates,Week1,Virginia Run,Week1,284.0 Virginia Run - 118.0 Fairfax Club Estates
Fairfax Club Estates,Week5,Mount Vernon Park,Week5,313.0 Mount Vernon Park - 85.0 Fairfax Club Estates
Fairfax Club Estates,Week3,Newington Forest,Week1,226.0 Fairfax Club Estates - 169.0 Newington Forest
Fairfax Club Estates,Week5,Annandale,Week4,243.0 Fairfax Club Estates - 158.0 Annandale
Fairfax,Week4,Truro,Week2,315.0 Fairfax - 86.0 Truro
Fairfax Club Estates,Week4,Newington Forest,Week4,221.0 Fairfax Club Estates - 181.0 Newington Forest
Fairfax Club Estates,Week1,Newington Forest,Week5,201.0 Fairfax Club Estates - 201.0 Newington Forest
Fairfax Station,Week1,Dunn Loring,Week3,232.0 Dunn Loring - 170.0 Fairfax Station
Fairfax Station,Week4,Dowden Terrace,Week5,240.0 Fairfax Station - 162.0 Dowden Terrace
Fairfax Station,Week2,Dunn Loring,Week5,212.0 Dunn Loring - 190.0 Fairfax Station
Fairfax,Week4,Truro,Week5,303.0 Fairfax - 98.0 Truro
Fairfax Station,Week4,Dunn Loring,Week3,231.5 Dunn Loring - 170.5 Fairfax Station
Fairfax Club Estates,Week4,Annandale,Week3,235.0 Fairfax Club Estates - 167.0 Annandale
Fairfax,Week1,Tuckahoe,Week2,276.0 Tuckahoe - 126.0 Fairfax
Fairfax Station,Week3,Dunn Loring,Week2,213.0 Fairfax Station - 189.0 Dunn Loring
Fairfax Club Estates,Week2,Newington Forest,Week1,223.0 Fairfax Club Estates - 174.0 Newington Forest
Fairfax Club Estates,Week1,Virginia Hills,Week1,292.0 Fairfax Club Estates - 110.0 Virginia Hills
Fairfax Club Estates,Week1,Virginia Hills,Week4,295.0 Fairfax Club Estates - 107.0 Virginia Hills
Fairfax Club Estates,Week2,Arlington Forest,Week5,283.0 Arlington Forest - 119.0 Fairfax Club Estates
Fairfax Station,Week4,Dunn Loring,Week4,210.0 Dunn Loring - 192.0 Fairfax Station
Fairfax Club Estates,Week4,Village West,Week2,221.0 Fairfax Club Estates - 180.0 Village West
Fairfax Club Estates,Week2,Newington Forest,Week3,206.0 Fairfax Club Estates - 196.0 Newington Forest
Fairfax,Week1,Newington Forest,Week2,331.0 Fairfax - 71.0 Newington Forest
Fairfax Station,Week3,Dunn Loring,Week1,226.0 Fairfax Station - 176.0 Dunn Loring
Fairfax Club Estates,Week4,Annandale,Week1,260.0 Fairfax Club Estates - 142.0 Annandale
Fairfax,Week1,Tuckahoe,Week5,283.0 Tuckahoe - 119.0 Fairfax
Fairfax,Week5,Newington Forest,Week1,359.0 Fairfax - 39.0 Newington Forest
Fairfax,Week5,Mount Vernon Park,Week5,217.0 Fairfax - 184.0 Mount Vernon Park
Fairfax Club Estates,Week5,Mount Vernon Park,Week4,300.0 Mount Vernon Park - 102.0 Fairfax Club Estates
Fairfax Club Estates,Week1,Newington Forest,Week2,226.0 Fairfax Club Estates - 173.0 Newington Forest
Fairfax,Week2,Tuckahoe,Week1,256.0 Tuckahoe - 146.0 Fairfax
Fairfax Station,Week4,Dunn Loring,Week5,223.0 Dunn Loring - 179.0 Fairfax Station
Fairfax Club Estates,Week5,Village West,Week1,221.0 Fairfax Club Estates - 177.0 Village West
Fairfax,Week1,Tuckahoe,Week4,303.0 Tuckahoe - 99.0 Fairfax
Fairfax Club Estates,Week4,Virginia Hills,Week1,306.0 Fairfax Club Estates - 95.0 Virginia Hills
Fairfax Club Estates,Week3,Annandale,Week1,241.0 Fairfax Club Estates - 161.0 Annandale
Fairfax Club Estates,Week4,North Springfield,Week4,295.0 Fairfax Club Estates - 95.0 North Springfield
Fairfax,Week5,Newington Forest,Week2,352.0 Fairfax - 46.0 Newington Forest
Fairfax,Week4,Mosby Woods,Week4,210.0 Fairfax - 192.0 Mosby Woods
Fairfax Club Estates,Week3,Newington Forest,Week3,218.0 Fairfax Club Estates - 183.0 Newington Forest
Fairfax,Week3,Stratford,Week4,299.0 Fairfax - 103.0 Stratford
Fairfax Club Estates,Week4,North Springfield,Week2,283.0 Fairfax Club Estates - 105.0 North Springfield
Fairfax,Week5,Newington Forest,Week3,351.0 Fairfax - 51.0 Newington Forest
Fairfax Club Estates,Week4,Arlington Forest,Week4,255.0 Arlington Forest - 147.0 Fairfax Club Estates
Fairfax Club Estates,Week3,Arlington Forest,Week5,268.0 Arlington Forest - 134.0 Fairfax Club Estates
Fairfax Club Estates,Week3,North Springfield,Week5,243.0 Fairfax Club Estates - 125.0 North Springfield
Fairfax,Week3,Stratford,Week1,311.0 Fairfax - 90.0 Stratford
Fairfax Club Estates,Week1,Virginia Hills,Week2,305.0 Fairfax Club Estates - 95.0 Virginia Hills
Fairfax Station,Week1,Fair Oaks ,Week3,231.0 Fairfax Station - 171.0 Fair Oaks
Fairfax,Week1,Sully Station,Week2,207.0 Sully Station - 195.0 Fairfax
Fairfax Station,Week1,Fair Oaks ,Week5,219.0 Fairfax Station - 183.0 Fair Oaks
Fairfax,Week3,Newington Forest,Week5,319.0 Fairfax - 83.0 Newington Forest
Fairfax Club Estates,Week4,Arlington Forest,Week5,255.0 Arlington Forest - 147.0 Fairfax Club Estates
Fairfax Club Estates,Week5,Newington Forest,Week5,207.0 Newington Forest - 194.0 Fairfax Club Estates
Fairfax,Week1,Stratford,Week3,314.0 Fairfax - 88.0 Stratford
Fairfax Club Estates,Week2,Virginia Hills,Week1,282.5 Fairfax Club Estates - 117.5 Virginia Hills
Fairfax Club Estates,Week2,Virginia Hills,Week5,265.0 Fairfax Club Estates - 135.0 Virginia Hills
Fairfax Station,Week5,Dunn Loring,Week1,234.0 Fairfax Station - 168.0 Dunn Loring
Fairfax,Week4,Newington Forest,Week2,337.0 Fairfax - 61.0 Newington Forest
Fairfax Station,Week3,Fair Oaks ,Week4,281.0 Fairfax Station - 121.0 Fair Oaks
Fairfax,Week1,Newington Forest,Week5,310.0 Fairfax - 92.0 Newington Forest
Fairfax Station,Week5,Dunn Loring,Week5,214.0 Fairfax Station - 188.0 Dunn Loring
Fairfax Club Estates,Week3,Arlington Forest,Week3,228.0 Arlington Forest - 173.0 Fairfax Club Estates
Fairfax Club Estates,Week5,Village West,Week5,220.0 Fairfax Club Estates - 173.0 Village West
Fairfax,Week5,Mount Vernon Park,Week3,237.0 Fairfax - 165.0 Mount Vernon Park
Fairfax,Week5,Stratford,Week1,329.0 Fairfax - 72.0 Stratford
Fairfax Club Estates,Week2,Virginia Hills,Week3,285.0 Fairfax Club Estates - 117.0 Virginia Hills
Fairfax Club Estates,Week3,Arlington Forest,Week1,269.0 Arlington Forest - 133.0 Fairfax Club Estates
Fairfax Club Estates,Week1,Brandywine,Week1,206.0 Brandywine - 196.0 Fairfax Club Estates
Fairfax Station,Week5,Dunn Loring,Week2,217.0 Fairfax Station - 185.0 Dunn Loring
Fairfax Station,Week2,Dunn Loring,Week4,207.0 Dunn Loring - 195.0 Fairfax Station
Fairfax Station,Week2,Fair Oaks ,Week2,283.0 Fairfax Station - 119.0 Fair Oaks
Fairfax,Week2,Sully Station,Week1,210.0 Fairfax - 192.0 Sully Station
Fairfax Club Estates,Week3,Virginia Hills,Week4,302.0 Fairfax Club Estates - 97.0 Virginia Hills
Fairfax Club Estates,Week4,Arlington Forest,Week2,216.0 Arlington Forest - 186.0 Fairfax Club Estates
Fairfax Club Estates,Week1,Virginia Hills,Week3,291.0 Fairfax Club Estates - 111.0 Virginia Hills
Fairfax,Week5,Springfield,Week5,391.0 Fairfax - 9.0 Springfield
Fairfax Club Estates,Week4,Virginia Hills,Week5,302.0 Fairfax Club Estates - 95.0 Virginia Hills
Fairfax Club Estates,Week1,Oakton ,Week2,312.0 Oakton - 85.0 Fairfax Club Estates
Fairfax Club Estates,Week5,Virginia Hills,Week2,302.0 Fairfax Club Estates - 95.0 Virginia Hills
Fairfax Station,Week5,Dunn Loring,Week3,214.0 Fairfax Station - 188.0 Dunn Loring
Fairfax Club Estates,Week5,North Springfield,Week5,245.0 Fairfax Club Estates - 127.0 North Springfield
Fairfax Club Estates,Week5,Arlington Forest,Week2,226.0 Arlington Forest - 176.0 Fairfax Club Estates
Fairfax,Week2,Newington Forest,Week1,343.0 Fairfax - 59.0 Newington Forest
Fairfax Club Estates,Week5,North Springfield,Week1,256.0 Fairfax Club Estates - 92.0 North Springfield
Fairfax Club Estates,Week5,Arlington Forest,Week5,266.0 Arlington Forest - 135.0 Fairfax Club Estates
Fairfax Club Estates,Week5,North Springfield,Week3,260.0 Fairfax Club Estates - 132.0 North Springfield
Fairfax,Week1,Sully Station,Week1,215.0 Sully Station - 187.0 Fairfax
Fairfax,Week4,Mosby Woods,Week5,201.0 Fairfax - 201.0 Mosby Woods
Fairfax,Week1,Newington Forest,Week4,316.5 Fairfax - 85.5 Newington Forest
Fairfax Station,Week4,Dunn Loring,Week1,208.5 Fairfax Station - 193.5 Dunn Loring
Fairfax,Week2,Newington Forest,Week2,339.0 Fairfax - 63.0 Newington Forest
Fairfax,Week5,Stratford,Week2,331.0 Fairfax - 71.0 Stratford
Fairfax Station,Week2,Fair Oaks ,Week1,251.0 Fairfax Station - 151.0 Fair Oaks
Fairfax Club Estates,Week5,North Springfield,Week4,284.0 Fairfax Club Estates - 99.0 North Springfield
Fairfax,Week2,Newington Forest,Week3,336.5 Fairfax - 65.5 Newington Forest
Fairfax Club Estates,Week4,Arlington Forest,Week3,209.0 Arlington Forest - 192.0 Fairfax Club Estates
Fairfax,Week5,Mount Vernon Park,Week4,243.0 Fairfax - 159.0 Mount Vernon Park
Fairfax Club Estates,Week5,Arlington Forest,Week1,256.5 Arlington Forest - 145.5 Fairfax Club Estates
Fairfax Club Estates,Week2,North Springfield,Week4,264.0 Fairfax Club Estates - 122.0 North Springfield
Fairfax Club Estates,Week5,Arlington Forest,Week4,268.5 Arlington Forest - 133.5 Fairfax Club Estates
Fairfax Club Estates,Week5,Virginia Hills,Week3,298.0 Fairfax Club Estates - 103.0 Virginia Hills
Fairfax Club Estates,Week4,Virginia Hills,Week4,319.0 Fairfax Club Estates - 82.0 Virginia Hills
Fairfax,Week3,Stratford,Week3,318.0 Fairfax - 84.0 Stratford
Fairfax Club Estates,Week3,North Springfield,Week3,255.0 Fairfax Club Estates - 137.0 North Springfield
Fairfax,Week5,Stratford,Week4,321.0 Fairfax - 81.0 Stratford
Fairfax,Week2,Sully Station,Week5,212.0 Sully Station - 190.0 Fairfax
Fairfax Station,Week1,Fair Oaks ,Week2,279.0 Fairfax Station - 123.0 Fair Oaks
Fairfax,Week1,Newington Forest,Week3,318.0 Fairfax - 84.0 Newington Forest
Fairfax Club Estates,Week4,Virginia Hills,Week2,322.0 Fairfax Club Estates - 79.0 Virginia Hills
Fairfax,Week1,Newington Forest,Week1,332.0 Fairfax - 70.0 Newington Forest
Fairfax Station,Week2,Fair Oaks ,Week4,258.0 Fairfax Station - 144.0 Fair Oaks
Fairfax,Week3,Newington Forest,Week1,341.0 Fairfax - 57.0 Newington Forest
Fairfax,Week1,Stratford,Week5,293.0 Fairfax - 109.0 Stratford
Fairfax,Week1,Stratford,Week1,303.0 Fairfax - 99.0 Stratford
Fairfax Club Estates,Week3,Oakton ,Week2,323.0 Oakton - 79.0 Fairfax Club Estates
Fairfax,Week3,Sully Station,Week3,227.0 Fairfax - 175.0 Sully Station
Fairfax,Week1,Ravensworth Farm,Week2,243.0 Fairfax - 159.0 Ravensworth Farm
Fairfax Club Estates,Week1,Virginia Run,Week2,252.0 Virginia Run - 150.0 Fairfax Club Estates
Fairfax Club Estates,Week3,North Springfield,Week1,272.0 Fairfax Club Estates - 74.0 North Springfield
Fairfax Club Estates,Week2,Oakton ,Week4,331.0 Oakton - 71.0 Fairfax Club Estates
Fairfax,Week2,Newington Forest,Week5,320.0 Fairfax - 82.0 Newington Forest
Fairfax Club Estates,Week1,Brandywine,Week2,233.0 Brandywine - 169.0 Fairfax Club Estates
Fairfax Station,Week2,Dunn Loring,Week3,210.0 Dunn Loring - 192.0 Fairfax Station
Fairfax,Week2,Newington Forest,Week4,328.0 Fairfax - 74.0 Newington Forest
Fairfax,Week2,Poplar Tree,Week3,244.0 Fairfax - 158.0 Poplar Tree
Fairfax,Week3,Newington Forest,Week2,340.0 Fairfax - 58.0 Newington Forest
Fairfax Club Estates,Week1,Virginia Run,Week4,272.0 Virginia Run - 130.0 Fairfax Club Estates
Fairfax Club Estates,Week2,Oakton ,Week3,314.0 Oakton - 88.0 Fairfax Club Estates
Fairfax Station,Week1,Fair Oaks ,Week1,244.0 Fairfax Station - 158.0 Fair Oaks
Fairfax Club Estates,Week1,North Springfield,Week4,266.0 Fairfax Club Estates - 117.0 North Springfield
Fairfax Club Estates,Week5,Virginia Hills,Week5,291.0 Fairfax Club Estates - 108.0 Virginia Hills
Fairfax Club Estates,Week5,Virginia Hills,Week4,306.0 Fairfax Club Estates - 91.0 Virginia Hills
Fairfax Station,Week3,Dunn Loring,Week3,206.0 Dunn Loring - 196.0 Fairfax Station
Fairfax,Week1,Stratford,Week4,287.0 Fairfax - 115.0 Stratford
Fairfax Club Estates,Week1,Brandywine,Week3,230.0 Brandywine - 172.0 Fairfax Club Estates
Fairfax Club Estates,Week1,North Springfield,Week5,240.0 Fairfax Club Estates - 130.0 North Springfield
Fairfax,Week3,Poplar Tree,Week4,245.0 Fairfax - 157.0 Poplar Tree
Fairfax Station,Week3,Dunn Loring,Week5,203.0 Dunn Loring - 199.0 Fairfax Station
Fairfax Station,Week4,Dunn Loring,Week2,220.0 Dunn Loring - 182.0 Fairfax Station
Fairfax Club Estates,Week2,Virginia Run,Week5,305.0 Virginia Run - 97.0 Fairfax Club Estates
Fairfax Club Estates,Week5,Virginia Run,Week3,254.0 Virginia Run - 148.0 Fairfax Club Estates
Fairfax Station,Week5,Dunn Loring,Week4,224.0 Fairfax Station - 178.0 Dunn Loring
Fairfax,Week1,Stratford,Week2,307.0 Fairfax - 95.0 Stratford
Fairfax Club Estates,Week5,Virginia Run,Week2,256.0 Virginia Run - 146.0 Fairfax Club Estates
Fairfax,Week3,Poplar Tree,Week5,231.0 Fairfax - 171.0 Poplar Tree
Fairfax Club Estates,Week3,North Springfield,Week4,276.0 Fairfax Club Estates - 109.0 North Springfield
Fairfax Station,Week2,Dunn Loring,Week2,207.0 Dunn Loring - 195.0 Fairfax Station
Fairfax,Week4,Newington Forest,Week5,323.0 Fairfax - 79.0 Newington Forest
Fairfax,Week4,Stratford,Week2,309.0 Fairfax - 93.0 Stratford
Fairfax,Week1,Poplar Tree,Week3,219.0 Fairfax - 183.0 Poplar Tree
Fairfax,Week3,Newington Forest,Week4,334.0 Fairfax - 68.0 Newington Forest
Fairfax,Week5,Poplar Tree,Week1,259.0 Fairfax - 143.0 Poplar Tree
Fairfax Station,Week1,Fair Oaks ,Week4,255.0 Fairfax Station - 147.0 Fair Oaks
Fairfax,Week4,Poplar Tree,Week2,243.0 Fairfax - 159.0 Poplar Tree
Fairfax,Week4,Newington Forest,Week3,342.0 Fairfax - 60.0 Newington Forest
Fairfax Club Estates,Week5,Newington Forest,Week4,201.0 Fairfax Club Estates - 195.0 Newington Forest
Fairfax,Week2,Stratford,Week5,304.0 Fairfax - 98.0 Stratford
Fairfax,Week4,Newington Forest,Week4,330.0 Fairfax - 72.0 Newington Forest
Fairfax Club Estates,Week1,North Springfield,Week3,255.0 Fairfax Club Estates - 140.0 North Springfield
Fairfax Club Estates,Week4,Virginia Run,Week4,261.0 Virginia Run - 141.0 Fairfax Club Estates
Fairfax,Week1,Poplar Tree,Week4,221.0 Fairfax - 181.0 Poplar Tree
Fairfax Club Estates,Week4,Virginia Run,Week3,252.0 Virginia Run - 150.0 Fairfax Club Estates
Fairfax,Week4,Stratford,Week4,286.0 Fairfax - 116.0 Stratford
Fairfax,Week2,Stratford,Week2,324.5 Fairfax - 77.5 Stratford
Fairfax,Week4,Newington Forest,Week1,337.0 Fairfax - 61.0 Newington Forest
Fairfax Club Estates,Week2,North Springfield,Week1,259.0 Fairfax Club Estates - 86.0 North Springfield
Fairfax,Week4,Stratford,Week5,301.0 Fairfax - 101.0 Stratford
Fairfax,Week4,Poplar Tree,Week1,231.0 Fairfax - 171.0 Poplar Tree
Fairfax,Week3,Newington Forest,Week3,341.0 Fairfax - 61.0 Newington Forest
Fairfax Club Estates,Week1,North Springfield,Week1,266.0 Fairfax Club Estates - 79.0 North Springfield
Fairfax Club Estates,Week3,Virginia Run,Week2,268.0 Virginia Run - 134.0 Fairfax Club Estates
Fairfax Club Estates,Week4,Virginia Run,Week1,268.0 Virginia Run - 134.0 Fairfax Club Estates
Fairfax,Week2,Poplar Tree,Week4,233.0 Fairfax - 169.0 Poplar Tree
Fairfax Station,Week3,Fair Oaks ,Week3,235.0 Fairfax Station - 167.0 Fair Oaks
Fairfax,Week2,Stratford,Week4,300.0 Fairfax - 102.0 Stratford
Fairfax Club Estates,Week1,North Springfield,Week2,262.0 Fairfax Club Estates - 124.0 North Springfield
Fairfax,Week3,Stratford,Week2,322.0 Fairfax - 80.0 Stratford
Fairfax,Week4,Poplar Tree,Week3,232.0 Fairfax - 170.0 Poplar Tree
Fairfax Club Estates,Week4,Springboard,Week4,235.0 Fairfax Club Estates - 166.0 Springboard
Fairfax Club Estates,Week1,Springfield,Week3,329.0 Fairfax Club Estates - 67.0 Springfield
Fairfax Club Estates,Week1,Wakefield Chapel,Week1,318.0 Wakefield Chapel - 84.0 Fairfax Club Estates
Fairfax Station,Week2,Fair Oaks ,Week5,224.0 Fairfax Station - 178.0 Fair Oaks
Fairfax Club Estates,Week1,Wakefield Chapel,Week2,316.0 Wakefield Chapel - 86.0 Fairfax Club Estates
Fairfax Club Estates,Week2,North Springfield,Week3,238.0 Fairfax Club Estates - 154.0 North Springfield
Fairfax Club Estates,Week5,Virginia Run,Week5,295.0 Virginia Run - 107.0 Fairfax Club Estates
Fairfax,Week2,Stratford,Week3,322.0 Fairfax - 80.0 Stratford
Fairfax Station,Week3,Fair Oaks ,Week5,243.0 Fairfax Station - 159.0 Fair Oaks
Fairfax Club Estates,Week2,North Springfield,Week5,226.0 Fairfax Club Estates - 143.0 North Springfield
Fairfax Club Estates,Week5,Virginia Run,Week4,271.0 Virginia Run - 131.0 Fairfax Club Estates
Fairfax,Week2,Stratford,Week1,316.0 Fairfax - 86.0 Stratford
Fairfax Station,Week3,Fairfax,Week4,204.0 Fairfax - 198.0 Fairfax Station
Fairfax Club Estates,Week2,North Springfield,Week2,248.0 Fairfax Club Estates - 137.0 North Springfield
Fairfax Station,Week3,Fair Oaks ,Week2,299.0 Fairfax Station - 103.0 Fair Oaks
Fairfax Club Estates,Week5,Newington Forest,Week3,210.0 Fairfax Club Estates - 191.0 Newington Forest
Fairfax Station,Week3,Fair Oaks ,Week1,273.0 Fairfax Station - 129.0 Fair Oaks
Fairfax,Week4,Stratford,Week1,314.0 Fairfax - 87.0 Stratford
Fairfax Club Estates,Week3,Springboard,Week1,230.0 Fairfax Club Estates - 167.0 Springboard
Fairfax,Week3,Stratford,Week5,307.0 Fairfax - 95.0 Stratford
Fairfax Station,Week4,Fair Oaks ,Week1,236.0 Fairfax Station - 166.0 Fair Oaks
Fairfax,Week4,Stratford,Week3,313.0 Fairfax - 89.0 Stratford
Fairfax Station,Week4,Fair Oaks ,Week5,216.0 Fairfax Station - 186.0 Fair Oaks
Fairfax Club Estates,Week3,Virginia Run,Week5,301.0 Virginia Run - 101.0 Fairfax Club Estates
Fairfax Club Estates,Week2,Springboard,Week5,201.0 Springboard - 197.0 Fairfax Club Estates
Fairfax Club Estates,Week2,Virginia Run,Week4,287.0 Virginia Run - 115.0 Fairfax Club Estates
Fairfax Club Estates,Week5,Springboard,Week1,227.5 Fairfax Club Estates - 164.5 Springboard
Fairfax Club Estates,Week3,North Springfield,Week2,268.0 Fairfax Club Estates - 117.0 North Springfield
Fairfax,Week1,Poplar Tree,Week1,219.0 Fairfax - 183.0 Poplar Tree
Fairfax,Week1,Poplar Tree,Week5,202.0 Fairfax - 200.0 Poplar Tree
Fairfax,Week2,Poplar Tree,Week5,218.0 Fairfax - 184.0 Poplar Tree
Fairfax,Week2,Poplar Tree,Week2,255.0 Fairfax - 147.0 Poplar Tree
Fairfax Station,Week4,Fair Oaks ,Week4,252.0 Fairfax Station - 150.0 Fair Oaks
Fairfax,Week5,Poplar Tree,Week2,264.0 Fairfax - 138.0 Poplar Tree
Fairfax Station,Week2,Fairfax,Week2,225.0 Fairfax - 177.0 Fairfax Station
Fairfax,Week1,Sully Station,Week3,202.0 Sully Station - 200.0 Fairfax
Fairfax Club Estates,Week3,Virginia Run,Week1,290.0 Virginia Run - 112.0 Fairfax Club Estates
Fairfax Club Estates,Week4,North Springfield,Week3,271.0 Fairfax Club Estates - 124.0 North Springfield
Fairfax Club Estates,Week2,Virginia Run,Week2,276.5 Virginia Run - 125.5 Fairfax Club Estates
Fairfax,Week5,Stratford,Week3,333.0 Fairfax - 69.0 Stratford
Fairfax,Week1,Sully Station,Week4,207.0 Sully Station - 195.0 Fairfax
Fairfax Club Estates,Week4,North Springfield,Week1,268.0 Fairfax Club Estates - 81.0 North Springfield
Fairfax,Week5,Stratford,Week5,322.0 Fairfax - 80.0 Stratford
Fairfax Club Estates,Week5,North Springfield,Week2,266.0 Fairfax Club Estates - 120.0 North Springfield
Fairfax Station,Week1,Fairfax,Week2,229.0 Fairfax - 173.0 Fairfax Station
Fairfax Club Estates,Week4,Springboard,Week5,223.0 Fairfax Club Estates - 175.0 Springboard
Fairfax Club Estates,Week1,Springfield,Week1,327.0 Fairfax Club Estates - 68.0 Springfield
Fairfax,Week3,Poplar Tree,Week1,245.0 Fairfax - 157.0 Poplar Tree
Fairfax Club Estates,Week4,Virginia Run,Week5,291.0 Virginia Run - 111.0 Fairfax Club Estates
Fairfax Club Estates,Week4,Springfield,Week3,341.0 Fairfax Club Estates - 53.0 Springfield
Fairfax Station,Week5,Fairfax,Week1,215.0 Fairfax Station - 187.0 Fairfax
Fairfax Club Estates,Week4,North Springfield,Week5,253.0 Fairfax Club Estates - 120.0 North Springfield
Fairfax Club Estates,Week3,Springboard,Week4,225.0 Fairfax Club Estates - 175.0 Springboard
Fairfax Club Estates,Week5,Virginia Run,Week1,279.0 Virginia Run - 123.0 Fairfax Club Estates
Fairfax Club Estates,Week1,Oakton ,Week1,299.0 Oakton - 103.0 Fairfax Club Estates
Fairfax,Week2,Poplar Tree,Week1,232.0 Fairfax - 170.0 Poplar Tree
Fairfax,Week4,Poplar Tree,Week5,203.0 Fairfax - 199.0 Poplar Tree
Fairfax Club Estates,Week1,Oakton ,Week5,325.0 Oakton - 72.0 Fairfax Club Estates
Fairfax Club Estates,Week1,Oakton ,Week3,304.0 Oakton - 98.0 Fairfax Club Estates
Fairfax,Week3,Poplar Tree,Week3,257.0 Fairfax - 145.0 Poplar Tree
Fairfax Club Estates,Week1,Wakefield Chapel,Week4,309.0 Wakefield Chapel - 93.0 Fairfax Club Estates
Fairfax,Week3,Poplar Tree,Week2,265.0 Fairfax - 137.0 Poplar Tree
Fairfax Club Estates,Week1,Wakefield Chapel,Week3,316.0 Wakefield Chapel - 86.0 Fairfax Club Estates
Fairfax,Week2,Sully Station,Week2,212.0 Fairfax - 190.0 Sully Station
Fairfax Station,Week2,Fairfax,Week1,203.0 Fairfax - 199.0 Fairfax Station
Fairfax,Week2,Sully Station,Week3,221.0 Fairfax - 181.0 Sully Station
Fairfax Club Estates,Week3,Virginia Run,Week3,273.0 Virginia Run - 129.0 Fairfax Club Estates
Fairfax Club Estates,Week1,Oakton ,Week4,311.0 Oakton - 91.0 Fairfax Club Estates
Fairfax,Week5,Poplar Tree,Week3,257.5 Fairfax - 144.5 Poplar Tree
Fairfax,Week2,Sully Station,Week4,214.0 Fairfax - 188.0 Sully Station
Fairfax Club Estates,Week1,Virginia Run,Week5,282.0 Virginia Run - 120.0 Fairfax Club Estates
Fairfax Club Estates,Week2,Oakton ,Week1,317.0 Oakton - 85.0 Fairfax Club Estates
Fairfax,Week5,Poplar Tree,Week4,253.0 Fairfax - 149.0 Poplar Tree
Fairfax Club Estates,Week4,Springboard,Week2,276.0 Fairfax Club Estates - 122.0 Springboard
Fairfax Club Estates,Week4,Springboard,Week1,239.0 Fairfax Club Estates - 159.0 Springboard
Fairfax,Week1,Sully Station,Week5,219.0 Sully Station - 183.0 Fairfax
Fairfax Station,Week3,Fairfax,Week3,209.5 Fairfax Station - 192.5 Fairfax
Fairfax Club Estates,Week3,Springboard,Week5,207.0 Fairfax Club Estates - 191.0 Springboard
Fairfax Station,Week2,Fairfax,Week5,234.0 Fairfax - 168.0 Fairfax Station
Fairfax,Week3,Sully Station,Week2,226.0 Fairfax - 176.0 Sully Station
Fairfax Club Estates,Week3,Virginia Run,Week4,285.0 Virginia Run - 117.0 Fairfax Club Estates
Fairfax Club Estates,Week5,Springfield,Week1,331.0 Fairfax Club Estates - 59.0 Springfield
Fairfax,Week1,Poplar Tree,Week2,230.5 Fairfax - 171.5 Poplar Tree
Fairfax Station,Week1,Fairfax,Week4,230.0 Fairfax - 172.0 Fairfax Station
Fairfax,Week4,Poplar Tree,Week4,237.0 Fairfax - 165.0 Poplar Tree
Fairfax Station,Week1,Fairfax,Week5,242.0 Fairfax - 160.0 Fairfax Station
Fairfax,Week3,Sully Station,Week1,218.0 Fairfax - 184.0 Sully Station
Fairfax Club Estates,Week3,Springboard,Week2,257.0 Fairfax Club Estates - 140.0 Springboard
Fairfax Club Estates,Week2,Oakton ,Week2,324.0 Oakton - 78.0 Fairfax Club Estates
Fairfax Club Estates,Week1,Old Keene Mill,Week3,210.0 Fairfax Club Estates - 192.0 Old Keene Mill
Fairfax Club Estates,Week5,Springboard,Week3,227.0 Fairfax Club Estates - 166.0 Springboard
Fairfax Club Estates,Week1,Old Keene Mill,Week4,217.0 Fairfax Club Estates - 185.0 Old Keene Mill
Fairfax Club Estates,Week3,Oakton ,Week1,307.0 Oakton - 95.0 Fairfax Club Estates
Fairfax,Week1,Ravensworth Farm,Week4,231.0 Fairfax - 171.0 Ravensworth Farm
Fairfax Club Estates,Week5,Springboard,Week4,230.0 Fairfax Club Estates - 168.0 Springboard
Fairfax,Week4,Sully Station,Week2,202.0 Fairfax - 200.0 Sully Station
Fairfax Club Estates,Week1,Walden Glen,Week2,211.5 Walden Glen - 186.5 Fairfax Club Estates
Fairfax,Week3,Ravensworth Farm,Week2,276.0 Fairfax - 126.0 Ravensworth Farm
Fairfax Club Estates,Week3,Springfield,Week1,327.5 Fairfax Club Estates - 54.5 Springfield
Fairfax,Week3,Sully Station,Week4,221.0 Fairfax - 181.0 Sully Station
Fairfax Club Estates,Week2,Springfield,Week1,319.0 Fairfax Club Estates - 66.0 Springfield
Fairfax,Week2,Riverside Gardens,Week1,226.0 Fairfax - 176.0 Riverside Gardens
Fairfax Club Estates,Week2,Springfield,Week3,315.0 Fairfax Club Estates - 68.0 Springfield
Fairfax Club Estates,Week2,Virginia Run,Week3,281.0 Virginia Run - 121.0 Fairfax Club Estates
Fairfax Station,Week1,Fairfax,Week1,204.0 Fairfax Station - 198.0 Fairfax
Fairfax,Week5,Poplar Tree,Week5,236.0 Fairfax - 166.0 Poplar Tree
Fairfax Club Estates,Week5,Oakton ,Week4,317.0 Oakton - 84.0 Fairfax Club Estates
Fairfax Station,Week3,Fairfax,Week1,217.0 Fairfax Station - 185.0 Fairfax
Fairfax Station,Week3,Fairfax,Week5,204.0 Fairfax - 198.0 Fairfax Station
Fairfax Club Estates,Week3,Springboard,Week3,231.0 Fairfax Club Estates - 167.0 Springboard
Fairfax,Week3,Ravensworth Farm,Week3,252.0 Fairfax - 149.0 Ravensworth Farm
Fairfax Station,Week5,Fair Oaks ,Week4,282.0 Fairfax Station - 120.0 Fair Oaks
Fairfax,Week4,Sully Station,Week1,218.0 Sully Station - 184.0 Fairfax
Fairfax,Week2,Ravensworth Farm,Week1,239.0 Fairfax - 163.0 Ravensworth Farm
Fairfax Club Estates,Week4,Wakefield Chapel,Week2,318.0 Wakefield Chapel - 84.0 Fairfax Club Estates
Fairfax,Week3,Sully Station,Week5,205.0 Sully Station - 197.0 Fairfax
Fairfax Club Estates,Week5,Wakefield Chapel,Week3,313.0 Wakefield Chapel - 84.0 Fairfax Club Estates
Fairfax Club Estates,Week2,Virginia Run,Week1,296.0 Virginia Run - 106.0 Fairfax Club Estates
Fairfax Club Estates,Week3,Oakton ,Week4,324.0 Oakton - 78.0 Fairfax Club Estates
Fairfax Club Estates,Week4,Oakton ,Week3,300.0 Oakton - 102.0 Fairfax Club Estates
Fairfax Station,Week2,Fairfax,Week3,224.0 Fairfax - 178.0 Fairfax Station
Fairfax Station,Week5,Fair Oaks ,Week5,248.0 Fairfax Station - 154.0 Fair Oaks
Fairfax Club Estates,Week5,Wakefield Chapel,Week4,311.0 Wakefield Chapel - 91.0 Fairfax Club Estates
Fairfax Club Estates,Week2,Oakton ,Week5,335.0 Oakton - 67.0 Fairfax Club Estates
Fairfax Club Estates,Week1,Springfield,Week2,326.0 Fairfax Club Estates - 63.0 Springfield
Fairfax Club Estates,Week5,Wakefield Chapel,Week5,328.0 Wakefield Chapel - 74.0 Fairfax Club Estates
Fairfax Club Estates,Week5,Springboard,Week5,218.0 Fairfax Club Estates - 175.0 Springboard
Fairfax Station,Week5,Fair Oaks ,Week2,316.0 Fairfax Station - 86.0 Fair Oaks
Fairfax,Week1,Ravensworth Farm,Week1,229.0 Fairfax - 173.0 Ravensworth Farm
Fairfax Club Estates,Week4,Virginia Run,Week2,244.0 Virginia Run - 158.0 Fairfax Club Estates
Fairfax Station,Week2,Fairfax,Week4,219.0 Fairfax - 183.0 Fairfax Station
Fairfax Club Estates,Week4,Oakton ,Week5,320.0 Oakton - 82.0 Fairfax Club Estates
Fairfax Club Estates,Week2,Old Keene Mill,Week1,207.0 Fairfax Club Estates - 194.0 Old Keene Mill
Fairfax Club Estates,Week2,Springfield,Week5,327.0 Fairfax Club Estates - 52.0 Springfield
Fairfax Club Estates,Week4,Springboard,Week3,236.0 Fairfax Club Estates - 162.0 Springboard
Fairfax Club Estates,Week5,Oakton ,Week3,312.0 Oakton - 85.0 Fairfax Club Estates
Fairfax Club Estates,Week2,Walden Glen,Week4,240.0 Walden Glen - 161.0 Fairfax Club Estates
Fairfax,Week1,Ravensworth Farm,Week5,220.0 Fairfax - 182.0 Ravensworth Farm
Fairfax Station,Week4,Fairfax,Week2,217.0 Fairfax - 185.0 Fairfax Station
Fairfax Club Estates,Week3,Wakefield Chapel,Week3,322.0 Wakefield Chapel - 80.0 Fairfax Club Estates
Fairfax Club Estates,Week5,Oakton ,Week2,325.0 Oakton - 72.0 Fairfax Club Estates
Fairfax,Week2,Ravensworth Farm,Week5,234.0 Fairfax - 168.0 Ravensworth Farm
Fairfax Club Estates,Week3,Walden Glen,Week1,213.0 Fairfax Club Estates - 189.0 Walden Glen
Fairfax,Week1,Riverside Gardens,Week3,201.0 Fairfax - 201.0 Riverside Gardens
Fairfax Station,Week3,Fairfax,Week2,205.5 Fairfax Station - 196.5 Fairfax
Fairfax Club Estates,Week3,Springfield,Week5,338.0 Fairfax Club Estates - 44.0 Springfield
Fairfax,Week2,Ravensworth Farm,Week3,247.0 Fairfax - 155.0 Ravensworth Farm
Fairfax Station,Week4,Fairfax,Week1,211.0 Fairfax Station - 191.0 Fairfax
Fairfax Club Estates,Week2,Wakefield Chapel,Week4,314.0 Wakefield Chapel - 88.0 Fairfax Club Estates
Fairfax,Week3,Riverside Gardens,Week1,239.0 Fairfax - 163.0 Riverside Gardens
Fairfax Club Estates,Week3,Springfield,Week4,316.0 Fairfax Club Estates - 69.0 Springfield
Fairfax Station,Week5,Fair Oaks ,Week1,267.0 Fairfax Station - 135.0 Fair Oaks
Fairfax Club Estates,Week4,Oakton ,Week1,304.0 Oakton - 98.0 Fairfax Club Estates
Fairfax Club Estates,Week3,Walden Glen,Week4,227.0 Walden Glen - 173.0 Fairfax Club Estates
Fairfax Station,Week5,Fair Oaks ,Week3,257.5 Fairfax Station - 144.5 Fair Oaks
Fairfax Club Estates,Week5,Springboard,Week2,255.0 Fairfax Club Estates - 128.0 Springboard
Fairfax Club Estates,Week3,Oakton ,Week3,308.0 Oakton - 94.0 Fairfax Club Estates
Fairfax Station,Week4,Fairfax,Week3,216.0 Fairfax - 186.0 Fairfax Station
Fairfax Club Estates,Week3,Springfield,Week3,324.0 Fairfax Club Estates - 59.0 Springfield
Fairfax Station,Week1,Fairfax,Week3,230.5 Fairfax - 171.5 Fairfax Station
Fairfax Club Estates,Week2,Old Keene Mill,Week3,210.0 Old Keene Mill - 192.0 Fairfax Club Estates
Fairfax Club Estates,Week2,Old Keene Mill,Week5,209.0 Old Keene Mill - 192.0 Fairfax Club Estates
Fairfax Club Estates,Week1,Springfield,Week4,316.5 Fairfax Club Estates - 74.5 Springfield
Fairfax,Week3,Ravensworth Farm,Week5,237.0 Fairfax - 165.0 Ravensworth Farm
Fairfax Club Estates,Week1,Old Keene Mill,Week1,220.0 Fairfax Club Estates - 182.0 Old Keene Mill
Fairfax Club Estates,Week1,Walden Glen,Week3,205.0 Fairfax Club Estates - 196.0 Walden Glen
Fairfax Station,Week4,Fairfax,Week5,233.0 Fairfax - 169.0 Fairfax Station
Fairfax,Week5,Ravensworth Farm,Week5,255.5 Fairfax - 146.5 Ravensworth Farm
Fairfax Club Estates,Week2,Springfield,Week4,310.0 Fairfax Club Estates - 78.0 Springfield
Fairfax Club Estates,Week5,Oakton ,Week5,332.0 Oakton - 65.0 Fairfax Club Estates
Fairfax Club Estates,Week3,Wakefield Chapel,Week1,314.0 Wakefield Chapel - 88.0 Fairfax Club Estates
Fairfax Club Estates,Week1,Old Keene Mill,Week5,208.0 Fairfax Club Estates - 193.0 Old Keene Mill
Fairfax Club Estates,Week2,Old Keene Mill,Week4,205.0 Old Keene Mill - 196.0 Fairfax Club Estates
Fairfax,Week1,Riverside Gardens,Week2,225.0 Fairfax - 177.0 Riverside Gardens
Fairfax Station,Week4,Fairfax,Week4,217.5 Fairfax - 184.5 Fairfax Station
Fairfax Club Estates,Week1,Walden Glen,Week5,245.0 Walden Glen - 156.0 Fairfax Club Estates
Fairfax Club Estates,Week2,Springfield,Week2,313.0 Fairfax Club Estates - 74.0 Springfield
Fairfax,Week2,Riverside Gardens,Week2,240.5 Fairfax - 161.5 Riverside Gardens
Fairfax Station,Week4,Fair Oaks ,Week3,220.0 Fairfax Station - 182.0 Fair Oaks
Fairfax Club Estates,Week2,Walden Glen,Week2,245.0 Walden Glen - 156.0 Fairfax Club Estates
Fairfax Club Estates,Week3,Wakefield Chapel,Week4,319.0 Wakefield Chapel - 83.0 Fairfax Club Estates
Fairfax Club Estates,Week4,Wakefield Chapel,Week5,327.0 Wakefield Chapel - 75.0 Fairfax Club Estates
Fairfax,Week4,Ravensworth Farm,Week3,243.5 Fairfax - 157.5 Ravensworth Farm
Fairfax Station,Week4,Fair Oaks ,Week2,278.0 Fairfax Station - 124.0 Fair Oaks
Fairfax Club Estates,Week4,Springfield,Week1,345.0 Fairfax Club Estates - 54.0 Springfield
Fairfax Club Estates,Week3,Springfield,Week2,320.0 Fairfax Club Estates - 64.0 Springfield
Fairfax Club Estates,Week1,Springfield,Week5,344.0 Fairfax Club Estates - 45.0 Springfield
Fairfax,Week5,Ravensworth Farm,Week3,270.0 Fairfax - 131.0 Ravensworth Farm
Fairfax,Week3,Ravensworth Farm,Week4,244.0 Fairfax - 158.0 Ravensworth Farm
Fairfax Station,Week1,Fairfax Club Estates,Week2,298.5 Fairfax Station - 103.5 Fairfax Club Estates
Fairfax,Week3,Ravensworth Farm,Week1,239.0 Fairfax - 163.0 Ravensworth Farm
Fairfax Club Estates,Week2,Wakefield Chapel,Week3,325.0 Wakefield Chapel - 77.0 Fairfax Club Estates
Fairfax Club Estates,Week4,Springfield,Week2,342.0 Fairfax Club Estates - 50.0 Springfield
Fairfax,Week2,Overlee,Week1,256.0 Overlee - 146.0 Fairfax
Fairfax,Week5,Ravensworth Farm,Week2,290.0 Fairfax - 112.0 Ravensworth Farm
Fairfax,Week4,Orange Hunt,Week3,248.0 Fairfax - 154.0 Orange Hunt
Fairfax Club Estates,Week1,Wakefield Chapel,Week5,327.0 Wakefield Chapel - 75.0 Fairfax Club Estates
Fairfax Club Estates,Week4,Oakton ,Week2,310.0 Oakton - 92.0 Fairfax Club Estates
Fairfax Club Estates,Week2,Old Keene Mill,Week2,222.0 Old Keene Mill - 180.0 Fairfax Club Estates
Fairfax,Week4,Overlee,Week4,326.0 Overlee - 76.0 Fairfax
Fairfax Station,Week1,Fairfax Station,Week1,201.0 Fairfax Station (FS1) - 201.0 Fairfax Station (FS2)
Fairfax,Week1,Overlee,Week3,279.0 Overlee - 123.0 Fairfax
Fairfax Club Estates,Week3,Oakton ,Week5,331.0 Oakton - 71.0 Fairfax Club Estates
Fairfax Club Estates,Week1,Old Keene Mill,Week2,204.0 Old Keene Mill - 198.0 Fairfax Club Estates
Fairfax Club Estates,Week5,Oakton ,Week1,315.0 Oakton - 86.0 Fairfax Club Estates
Fairfax Club Estates,Week4,Wakefield Chapel,Week3,320.0 Wakefield Chapel - 82.0 Fairfax Club Estates
Fairfax,Week1,Riverside Gardens,Week1,215.0 Fairfax - 187.0 Riverside Gardens
Fairfax Club Estates,Week4,Wakefield Chapel,Week4,306.0 Wakefield Chapel - 96.0 Fairfax Club Estates
Fairfax,Week4,Ravensworth Farm,Week2,254.0 Fairfax - 148.0 Ravensworth Farm
Fairfax Club Estates,Week3,Wakefield Chapel,Week5,326.0 Wakefield Chapel - 76.0 Fairfax Club Estates
Fairfax Club Estates,Week4,Stratford,Week1,233.0 Fairfax Club Estates - 163.0 Stratford
Fairfax,Week5,Orange Hunt,Week2,266.0 Fairfax - 136.0 Orange Hunt
Fairfax Club Estates,Week3,Stratford,Week4,210.0 Stratford - 192.0 Fairfax Club Estates
Fairfax Station,Week5,Fairfax Club Estates,Week3,312.0 Fairfax Station - 90.0 Fairfax Club Estates
Fairfax Club Estates,Week3,Wakefield Chapel,Week2,317.0 Wakefield Chapel - 85.0 Fairfax Club Estates
Fairfax Club Estates,Week3,Old Keene Mill,Week1,220.5 Fairfax Club Estates - 179.5 Old Keene Mill
Fairfax Club Estates,Week3,Stratford,Week5,209.0 Fairfax Club Estates - 191.0 Stratford
Fairfax,Week2,Ravensworth Farm,Week4,232.0 Fairfax - 170.0 Ravensworth Farm
Fairfax Station,Week1,Fairfax Club Estates,Week5,290.0 Fairfax Station - 111.0 Fairfax Club Estates
Fairfax,Week1,Ravensworth Farm,Week3,226.0 Fairfax - 176.0 Ravensworth Farm
Fairfax Club Estates,Week4,Springfield,Week5,350.0 Fairfax Club Estates - 47.0 Springfield
Fairfax Station,Week5,Fairfax,Week2,202.5 Fairfax - 199.5 Fairfax Station
Fairfax Club Estates,Week4,Oakton ,Week4,311.0 Oakton - 91.0 Fairfax Club Estates
Fairfax Station,Week5,Fairfax Club Estates,Week5,311.0 Fairfax Station - 91.0 Fairfax Club Estates
Fairfax,Week1,Overlee,Week2,293.0 Overlee - 109.0 Fairfax
Fairfax Club Estates,Week4,Springfield,Week4,327.0 Fairfax Club Estates - 72.0 Springfield
Fairfax,Week3,Overlee,Week1,262.0 Overlee - 140.0 Fairfax
Fairfax Club Estates,Week2,Wakefield Chapel,Week1,320.0 Wakefield Chapel - 82.0 Fairfax Club Estates
Fairfax Station,Week2,Fairfax Club Estates,Week3,302.0 Fairfax Station - 100.0 Fairfax Club Estates
Fairfax,Week2,Ravensworth Farm,Week2,274.0 Fairfax - 128.0 Ravensworth Farm
Fairfax Station,Week3,Fairfax Club Estates,Week3,317.0 Fairfax Station - 85.0 Fairfax Club Estates
Fairfax,Week4,Overlee,Week2,293.0 Overlee - 109.0 Fairfax
Fairfax Club Estates,Week4,Old Keene Mill,Week3,222.0 Fairfax Club Estates - 180.0 Old Keene Mill
Fairfax,Week4,Ravensworth Farm,Week1,228.0 Fairfax - 174.0 Ravensworth Farm
Fairfax Station,Week1,Fairfax Club Estates,Week1,297.0 Fairfax Station - 105.0 Fairfax Club Estates
Fairfax,Week4,Ravensworth Farm,Week4,228.0 Fairfax - 174.0 Ravensworth Farm
Fairfax Club Estates,Week4,Stratford,Week3,234.0 Fairfax Club Estates - 168.0 Stratford
Fairfax,Week1,Riverside Gardens,Week4,209.0 Riverside Gardens - 193.0 Fairfax
Fairfax Club Estates,Week2,Wakefield Chapel,Week2,318.0 Wakefield Chapel - 84.0 Fairfax Club Estates
Fairfax Club Estates,Week5,Wakefield Chapel,Week2,312.0 Wakefield Chapel - 89.0 Fairfax Club Estates
Fairfax Club Estates,Week5,Springfield,Week3,324.0 Fairfax Club Estates - 57.0 Springfield
Fairfax Station,Week5,Fairfax,Week5,218.0 Fairfax - 184.0 Fairfax Station
Fairfax,Week4,Orange Hunt,Week2,238.0 Fairfax - 164.0 Orange Hunt
Fairfax Station,Week1,Fairfax Station,Week5,244.0 Fairfax Station (FS2) - 158.0 Fairfax Station (FS1)
Fairfax Club Estates,Week4,Wakefield Chapel,Week1,314.0 Wakefield Chapel - 88.0 Fairfax Club Estates
Fairfax,Week1,Parklawn,Week1,330.0 Fairfax - 63.0 Parklawn
Fairfax Club Estates,Week4,Stratford,Week2,229.5 Fairfax Club Estates - 172.5 Stratford
Fairfax Club Estates,Week2,Orange Hunt,Week5,289.0 Orange Hunt - 113.0 Fairfax Club Estates
Fairfax Club Estates,Week2,Wakefield Chapel,Week5,325.0 Wakefield Chapel - 77.0 Fairfax Club Estates
Fairfax Club Estates,Week3,Orange Hunt,Week2,279.0 Orange Hunt - 123.0 Fairfax Club Estates
Fairfax,Week3,Overlee,Week2,276.0 Overlee - 126.0 Fairfax
Fairfax Club Estates,Week5,Old Keene Mill,Week2,204.5 Fairfax Club Estates - 197.5 Old Keene Mill
Fairfax Club Estates,Week5,Wakefield Chapel,Week1,320.0 Wakefield Chapel - 82.0 Fairfax Club Estates
Fairfax,Week4,Ravensworth Farm,Week5,216.0 Fairfax - 186.0 Ravensworth Farm
Fairfax Station,Week4,Fairfax Club Estates,Week1,301.0 Fairfax Station - 101.0 Fairfax Club Estates
Fairfax Club Estates,Week2,Stratford,Week3,207.0 Stratford - 195.0 Fairfax Club Estates
Fairfax Club Estates,Week4,Stratford,Week4,213.0 Fairfax Club Estates - 189.0 Stratford
Fairfax Club Estates,Week4,Orange Hunt,Week1,257.0 Orange Hunt - 145.0 Fairfax Club Estates
Fairfax,Week2,Riverside Gardens,Week4,214.0 Fairfax - 188.0 Riverside Gardens
Fairfax Club Estates,Week1,Walden Glen,Week1,228.0 Fairfax Club Estates - 174.0 Walden Glen
Fairfax,Week2,Mount Vernon Park,Week5,216.0 Fairfax - 186.0 Mount Vernon Park
Fairfax Club Estates,Week2,Walden Glen,Week1,205.0 Fairfax Club Estates - 196.0 Walden Glen
Fairfax Club Estates,Week4,Old Keene Mill,Week1,224.5 Fairfax Club Estates - 177.5 Old Keene Mill
Fairfax Station,Week4,Fairfax Club Estates,Week2,307.0 Fairfax Station - 95.0 Fairfax Club Estates
Fairfax,Week2,Mount Vernon Park,Week4,235.5 Fairfax - 166.5 Mount Vernon Park
Fairfax Club Estates,Week4,Stratford,Week5,231.0 Fairfax Club Estates - 171.0 Stratford
Fairfax Club Estates,Week2,Orange Hunt,Week1,275.0 Orange Hunt - 127.0 Fairfax Club Estates
Fairfax Station,Week3,Fairfax Club Estates,Week5,311.0 Fairfax Station - 91.0 Fairfax Club Estates
Fairfax Station,Week5,Fairfax Club Estates,Week2,319.0 Fairfax Station - 83.0 Fairfax Club Estates
Fairfax,Week2,Riverside Gardens,Week3,212.0 Fairfax - 190.0 Riverside Gardens
Fairfax,Week5,Orange Hunt,Week3,268.0 Fairfax - 134.0 Orange Hunt
Fairfax,Week4,Orange Hunt,Week4,229.0 Fairfax - 173.0 Orange Hunt
Fairfax,Week3,Mount Vernon Park,Week1,218.0 Fairfax - 184.0 Mount Vernon Park
Fairfax Club Estates,Week3,Stratford,Week2,212.0 Fairfax Club Estates - 189.0 Stratford
Fairfax Club Estates,Week2,Stratford,Week5,204.0 Stratford - 197.0 Fairfax Club Estates
Fairfax Club Estates,Week5,Old Keene Mill,Week1,220.0 Fairfax Club Estates - 180.0 Old Keene Mill
Fairfax Club Estates,Week2,Walden Glen,Week3,241.0 Walden Glen - 161.0 Fairfax Club Estates
Fairfax Club Estates,Week1,Walden Glen,Week4,217.0 Walden Glen - 184.0 Fairfax Club Estates
Fairfax,Week5,Ravensworth Farm,Week1,264.0 Fairfax - 138.0 Ravensworth Farm
Fairfax Station,Week4,Fairfax Club Estates,Week5,300.0 Fairfax Station - 102.0 Fairfax Club Estates
Fairfax Club Estates,Week2,Walden Glen,Week5,250.0 Walden Glen - 151.0 Fairfax Club Estates
Fairfax Club Estates,Week4,Orange Hunt,Week4,263.5 Orange Hunt - 138.5 Fairfax Club Estates
Fairfax,Week2,Overlee,Week5,296.0 Overlee - 106.0 Fairfax
Fairfax,Week5,Overlee,Week1,252.0 Overlee - 150.0 Fairfax
Fairfax,Week5,Orange Hunt,Week1,270.0 Fairfax - 132.0 Orange Hunt
Fairfax,Week1,Riverside Gardens,Week5,221.0 Riverside Gardens - 181.0 Fairfax
Fairfax,Week5,Ravensworth Farm,Week4,270.0 Fairfax - 132.0 Ravensworth Farm
Fairfax Club Estates,Week5,Stratford,Week1,236.5 Fairfax Club Estates - 160.5 Stratford
Fairfax Club Estates,Week5,Stratford,Week3,206.0 Fairfax Club Estates - 195.0 Stratford
Fairfax,Week1,Overlee,Week1,284.0 Overlee - 118.0 Fairfax
Fairfax Club Estates,Week3,Old Keene Mill,Week3,205.0 Old Keene Mill - 197.0 Fairfax Club Estates
Fairfax Club Estates,Week3,Old Keene Mill,Week4,208.0 Fairfax Club Estates - 193.0 Old Keene Mill
Fairfax,Week5,Orange Hunt,Week5,257.0 Fairfax - 145.0 Orange Hunt
Fairfax Station,Week2,Fairfax Club Estates,Week4,303.0 Fairfax Station - 99.0 Fairfax Club Estates
Fairfax Club Estates,Week1,Stratford,Week3,206.0 Fairfax Club Estates - 196.0 Stratford
Fairfax Club Estates,Week1,Stratford,Week4,220.0 Stratford - 182.0 Fairfax Club Estates
Fairfax Club Estates,Week4,Waynewood,Week3,299.0 Waynewood - 103.0 Fairfax Club Estates
Fairfax Club Estates,Week4,Old Keene Mill,Week4,235.0 Fairfax Club Estates - 167.0 Old Keene Mill
Fairfax Station,Week1,Fairfax Club Estates,Week4,287.5 Fairfax Station - 114.5 Fairfax Club Estates
Fairfax,Week3,Mount Vernon Park,Week2,228.5 Fairfax - 173.5 Mount Vernon Park
Fairfax,Week4,Orange Hunt,Week5,218.0 Fairfax - 184.0 Orange Hunt
Fairfax Club Estates,Week4,Walden Glen,Week5,227.0 Walden Glen - 174.0 Fairfax Club Estates
Fairfax Club Estates,Week5,Old Keene Mill,Week5,201.0 Fairfax Club Estates - 201.0 Old Keene Mill
Fairfax,Week3,Rolling Forest,Week2,277.0 Fairfax - 125.0 Rolling Forest
Fairfax Club Estates,Week5,Old Keene Mill,Week3,203.0 Old Keene Mill - 199.0 Fairfax Club Estates
Fairfax,Week3,Mount Vernon Park,Week4,230.0 Fairfax - 172.0 Mount Vernon Park
Fairfax Club Estates,Week5,Old Keene Mill,Week4,228.0 Fairfax Club Estates - 173.0 Old Keene Mill
Fairfax Club Estates,Week3,Stratford,Week3,211.0 Fairfax Club Estates - 190.0 Stratford
Fairfax Station,Week3,Fairfax Club Estates,Week1,312.0 Fairfax Station - 90.0 Fairfax Club Estates
Fairfax Club Estates,Week3,Walden Glen,Week3,207.0 Walden Glen - 194.0 Fairfax Club Estates
Fairfax Club Estates,Week5,Springfield,Week4,317.0 Fairfax Club Estates - 69.0 Springfield
Fairfax,Week4,Mount Vernon Park,Week1,214.0 Fairfax - 188.0 Mount Vernon Park
Fairfax,Week4,Mount Vernon Park,Week2,217.0 Fairfax - 185.0 Mount Vernon Park
Fairfax,Week3,Mount Vernon Park,Week3,207.0 Fairfax - 195.0 Mount Vernon Park
Fairfax Club Estates,Week3,Waynewood,Week5,316.0 Waynewood - 86.0 Fairfax Club Estates
Fairfax,Week5,Riverside Gardens,Week2,263.0 Fairfax - 139.0 Riverside Gardens
Fairfax Station,Week2,Fairfax Club Estates,Week2,310.0 Fairfax Station - 92.0 Fairfax Club Estates
Fairfax Station,Week5,Fairfax,Week3,208.5 Fairfax - 193.5 Fairfax Station
Fairfax Club Estates,Week1,Stratford,Week2,207.0 Fairfax Club Estates - 195.0 Stratford
Fairfax,Week3,Riverside Gardens,Week2,244.0 Fairfax - 158.0 Riverside Gardens
Fairfax,Week3,Overlee,Week3,255.0 Overlee - 147.0 Fairfax
Fairfax Club Estates,Week2,Waynewood,Week3,320.0 Waynewood - 82.0 Fairfax Club Estates
Fairfax Club Estates,Week3,Walden Glen,Week2,224.5 Walden Glen - 173.5 Fairfax Club Estates
Fairfax Club Estates,Week5,Stratford,Week2,224.0 Fairfax Club Estates - 177.0 Stratford
Fairfax,Week3,Riverside Gardens,Week3,227.0 Fairfax - 175.0 Riverside Gardens
Fairfax,Week2,Overlee,Week3,265.0 Overlee - 137.0 Fairfax
Fairfax Station,Week1,Fairfax Club Estates,Week3,300.5 Fairfax Station - 101.5 Fairfax Club Estates
Fairfax,Week3,Riverside Gardens,Week4,208.0 Fairfax - 194.0 Riverside Gardens
Fairfax,Week4,Orange Hunt,Week1,241.5 Fairfax - 160.5 Orange Hunt
Fairfax,Week2,Riverside Gardens,Week5,227.0 Fairfax - 175.0 Riverside Gardens
Fairfax,Week1,Overlee,Week4,323.0 Overlee - 79.0 Fairfax
Fairfax Club Estates,Week2,Stratford,Week2,207.0 Fairfax Club Estates - 195.0 Stratford
Fairfax Station,Week4,Fairfax Club Estates,Week4,298.0 Fairfax Station - 104.0 Fairfax Club Estates
Fairfax,Week1,Rolling Forest,Week3,235.5 Fairfax - 166.5 Rolling Forest
Fairfax Club Estates,Week2,Orange Hunt,Week2,286.0 Orange Hunt - 116.0 Fairfax Club Estates
Fairfax,Week4,Mount Vernon Park,Week3,203.0 Mount Vernon Park - 199.0 Fairfax
Fairfax,Week2,Overlee,Week2,275.0 Overlee - 127.0 Fairfax
Fairfax Club Estates,Week1,Orange Hunt,Week2,278.0 Orange Hunt - 124.0 Fairfax Club Estates
Fairfax,Week5,Mount Vernon Park,Week1,235.0 Fairfax - 167.0 Mount Vernon Park
Fairfax Club Estates,Week1,Stratford,Week5,205.0 Fairfax Club Estates - 192.0 Stratford
Fairfax,Week4,Mount Vernon Park,Week4,214.0 Fairfax - 188.0 Mount Vernon Park
Fairfax,Week2,Rolling Forest,Week2,270.0 Fairfax - 132.0 Rolling Forest
Fairfax,Week4,Riverside Gardens,Week2,235.0 Fairfax - 167.0 Riverside Gardens
Fairfax,Week4,Mount Vernon Park,Week5,204.0 Mount Vernon Park - 197.0 Fairfax
Fairfax Club Estates,Week1,Orange Hunt,Week5,286.5 Orange Hunt - 114.5 Fairfax Club Estates
Fairfax Station,Week3,Fairfax Club Estates,Week4,308.0 Fairfax Station - 94.0 Fairfax Club Estates
Fairfax Club Estates,Week5,Walden Glen,Week2,209.5 Walden Glen - 190.5 Fairfax Club Estates
Fairfax,Week5,Riverside Gardens,Week3,245.0 Fairfax - 157.0 Riverside Gardens
Fairfax Club Estates,Week5,Walden Glen,Week5,236.0 Walden Glen - 162.0 Fairfax Club Estates
Fairfax Station,Week4,Fairfax Club Estates,Week3,300.0 Fairfax Station - 102.0 Fairfax Club Estates
Fairfax Club Estates,Week4,Old Keene Mill,Week5,201.0 Old Keene Mill - 196.0 Fairfax Club Estates
Fairfax Station,Week2,Fairfax Club Estates,Week1,291.0 Fairfax Station - 111.0 Fairfax Club Estates
Fairfax,Week5,Orange Hunt,Week4,248.0 Fairfax - 154.0 Orange Hunt
Fairfax Club Estates,Week1,Waynewood,Week1,276.0 Waynewood - 126.0 Fairfax Club Estates
Fairfax Club Estates,Week5,Springfield,Week2,321.0 Fairfax Club Estates - 70.0 Springfield
Fairfax,Week1,Overlee,Week5,309.0 Overlee - 93.0 Fairfax
Fairfax Club Estates,Week5,Springfield,Week5,334.0 Fairfax Club Estates - 50.0 Springfield
Fairfax,Week5,Riverside Gardens,Week4,233.0 Fairfax - 169.0 Riverside Gardens
Fairfax Club Estates,Week3,Stratford,Week1,232.0 Fairfax Club Estates - 165.0 Stratford
Fairfax Club Estates,Week2,Waynewood,Week4,293.0 Waynewood - 109.0 Fairfax Club Estates
Fairfax,Week3,Overlee,Week5,298.0 Overlee - 104.0 Fairfax
Fairfax,Week5,Riverside Gardens,Week1,262.0 Fairfax - 140.0 Riverside Gardens
Fairfax Station,Week5,Fairfax Club Estates,Week1,305.0 Fairfax Station - 97.0 Fairfax Club Estates
Fairfax Station,Week3,Fairfax Club Estates,Week2,316.0 Fairfax Station - 86.0 Fairfax Club Estates
Fairfax Club Estates,Week2,Waynewood,Week2,298.0 Waynewood - 104.0 Fairfax Club Estates
Fairfax Club Estates,Week2,Stratford,Week4,208.0 Stratford - 194.0 Fairfax Club Estates
Fairfax,Week3,Overlee,Week4,316.0 Overlee - 86.0 Fairfax
Fairfax,Week5,Mount Vernon Park,Week2,250.0 Fairfax - 152.0 Mount Vernon Park
Fairfax,Week2,Overlee,Week4,309.0 Overlee - 93.0 Fairfax
Fairfax Station,Week5,Fairfax Club Estates,Week4,312.0 Fairfax Station - 90.0 Fairfax Club Estates
Fairfax Station,Week2,Fairfax Club Estates,Week5,298.0 Fairfax Station - 98.0 Fairfax Club Estates
Fairfax Club Estates,Week1,Orange Hunt,Week1,256.0 Orange Hunt - 146.0 Fairfax Club Estates
Fairfax Club Estates,Week5,Walden Glen,Week3,205.0 Fairfax Club Estates - 197.0 Walden Glen
Fairfax Club Estates,Week3,Old Keene Mill,Week2,204.0 Old Keene Mill - 198.0 Fairfax Club Estates
Fairfax Club Estates,Week4,Old Keene Mill,Week2,221.0 Fairfax Club Estates - 181.0 Old Keene Mill
Fairfax Club Estates,Week2,Stratford,Week1,218.0 Fairfax Club Estates - 181.0 Stratford
Fairfax,Week3,Mount Vernon Park,Week5,200.5 Fairfax - 200.5 Mount Vernon Park
Fairfax,Week4,Overlee,Week1,271.0 Overlee - 131.0 Fairfax
Fairfax,Week5,Rolling Forest,Week1,293.0 Fairfax - 109.0 Rolling Forest
Fairfax Club Estates,Week1,Waynewood,Week5,307.0 Waynewood - 95.0 Fairfax Club Estates
Fairfax,Week2,Rolling Forest,Week5,267.0 Fairfax - 135.0 Rolling Forest
Fairfax Club Estates,Week4,Walden Glen,Week1,225.0 Fairfax Club Estates - 177.0 Walden Glen
Fairfax,Week5,Mosby Woods,Week4,242.0 Fairfax - 160.0 Mosby Woods
Fairfax Club Estates,Week3,Old Keene Mill,Week5,209.0 Old Keene Mill - 192.0 Fairfax Club Estates
Fairfax Club Estates,Week1,Stratford,Week1,223.0 Fairfax Club Estates - 179.0 Stratford
Fairfax,Week2,Mount Vernon Park,Week1,219.0 Fairfax - 183.0 Mount Vernon Park
Fairfax,Week2,Mount Vernon Park,Week2,230.0 Fairfax - 172.0 Mount Vernon Park
Fairfax Station,Week5,Fairfax,Week4,202.0 Fairfax Station - 200.0 Fairfax
Fairfax Club Estates,Week1,Orange Hunt,Week3,272.0 Orange Hunt - 130.0 Fairfax Club Estates
Fairfax,Week4,Overlee,Week3,275.0 Overlee - 127.0 Fairfax
Fairfax Club Estates,Week3,Waynewood,Week1,282.0 Waynewood - 120.0 Fairfax Club Estates
Fairfax,Week5,Mosby Woods,Week2,210.0 Fairfax - 192.0 Mosby Woods
Fairfax,Week5,Overlee,Week5,305.0 Overlee - 97.0 Fairfax
Fairfax Station,Week2,Fairfax Station,Week1,211.0 Fairfax Station (FS1) - 191.0 Fairfax Station (FS2)
Fairfax Club Estates,Week2,Orange Hunt,Week3,274.0 Orange Hunt - 128.0 Fairfax Club Estates
Fairfax Club Estates,Week2,Waynewood,Week5,323.0 Waynewood - 79.0 Fairfax Club Estates
Fairfax Club Estates,Week4,Sully Station,Week2,275.0 Sully Station - 127.0 Fairfax Club Estates
Fairfax,Week4,Rolling Forest,Week4,281.0 Fairfax - 121.0 Rolling Forest
Fairfax,Week5,Overlee,Week3,268.0 Overlee - 134.0 Fairfax
Fairfax,Week5,Mosby Woods,Week5,236.0 Fairfax - 166.0 Mosby Woods
Fairfax,Week1,Rolling Forest,Week1,256.0 Fairfax - 146.0 Rolling Forest
Fairfax Station,Week5,Fairfax Station,Week3,203.0 Fairfax Station (FS2) - 199.0 Fairfax Station (FS1)
Fairfax,Week1,Mount Vernon Park,Week1,207.0 Fairfax - 195.0 Mount Vernon Park
Fairfax Club Estates,Week3,Waynewood,Week3,320.0 Waynewood - 82.0 Fairfax Club Estates
Fairfax Club Estates,Week3,Orange Hunt,Week1,277.0 Orange Hunt - 125.0 Fairfax Club Estates
Fairfax Club Estates,Week4,Walden Glen,Week4,217.0 Walden Glen - 184.0 Fairfax Club Estates
Fairfax Club Estates,Week2,Orange Hunt,Week4,275.0 Orange Hunt - 127.0 Fairfax Club Estates
Fairfax,Week1,Mount Vernon Park,Week2,214.0 Fairfax - 188.0 Mount Vernon Park
Fairfax Club Estates,Week2,Sully Station,Week2,286.0 Sully Station - 116.0 Fairfax Club Estates
Fairfax,Week1,Mount Vernon Park,Week3,210.0 Mount Vernon Park - 192.0 Fairfax
Fairfax Club Estates,Week1,Sully Station II,Week3,294.0 Sully Station II - 103.0 Fairfax Club Estates
Fairfax,Week5,Overlee,Week4,311.0 Overlee - 91.0 Fairfax
Fairfax Club Estates,Week2,Sully Station,Week1,299.0 Sully Station - 103.0 Fairfax Club Estates
Fairfax,Week1,Rolling Forest,Week5,246.0 Fairfax - 156.0 Rolling Forest
Fairfax Station,Week1,Fairfax Station,Week4,214.0 Fairfax Station (FS2) - 188.0 Fairfax Station (FS1)
Fairfax,Week2,Rolling Forest,Week3,264.0 Fairfax - 138.0 Rolling Forest
Fairfax Club Estates,Week3,Orange Hunt,Week3,280.0 Orange Hunt - 122.0 Fairfax Club Estates
Fairfax Club Estates,Week3,Sully Station,Week3,285.0 Sully Station - 117.0 Fairfax Club Estates
Fairfax Club Estates,Week1,Waynewood,Week2,293.0 Waynewood - 109.0 Fairfax Club Estates
Fairfax Station,Week4,Fairfax Station,Week2,221.0 Fairfax Station (FS1) - 181.0 Fairfax Station (FS2)
Fairfax,Week4,Overlee,Week5,324.0 Overlee - 78.0 Fairfax
Fairfax Club Estates,Week1,Orange Hunt,Week4,267.0 Orange Hunt - 135.0 Fairfax Club Estates
Fairfax,Week5,Riverside Gardens,Week5,225.0 Fairfax - 177.0 Riverside Gardens
Fairfax Station,Week1,Fairfax Station,Week3,245.5 Fairfax Station (FS2) - 156.5 Fairfax Station (FS1)
Fairfax,Week5,Mosby Woods,Week3,225.0 Fairfax - 177.0 Mosby Woods
Fairfax,Week4,Riverside Gardens,Week4,207.0 Fairfax - 195.0 Riverside Gardens
Fairfax Club Estates,Week3,Waynewood,Week4,294.0 Waynewood - 108.0 Fairfax Club Estates
Fairfax,Week5,Overlee,Week2,269.0 Overlee - 133.0 Fairfax
Fairfax Club Estates,Week1,Sully Station II,Week1,259.0 Sully Station II - 143.0 Fairfax Club Estates
Fairfax Station,Week1,Fairfax Station,Week2,211.0 Fairfax Station (FS2) - 191.0 Fairfax Station (FS1)
Fairfax Club Estates,Week3,Orange Hunt,Week5,297.0 Orange Hunt - 104.0 Fairfax Club Estates
Fairfax Club Estates,Week1,Sully Station,Week5,290.0 Sully Station - 111.0 Fairfax Club Estates
Fairfax,Week1,Mount Vernon Park,Week5,214.0 Mount Vernon Park - 188.0 Fairfax
Fairfax Club Estates,Week4,Walden Glen,Week2,210.0 Walden Glen - 191.0 Fairfax Club Estates
Fairfax,Week4,Riverside Gardens,Week1,225.0 Fairfax - 177.0 Riverside Gardens
Fairfax Station,Week1,Forest Hollow,Week5,241.0 Fairfax Station - 161.0 Forest Hollow
Fairfax,Week1,Mount Vernon Park,Week4,212.0 Fairfax - 190.0 Mount Vernon Park
Fairfax,Week3,Riverside Gardens,Week5,217.0 Fairfax - 185.0 Riverside Gardens
Fairfax,Week1,Parklawn,Week5,313.0 Fairfax - 89.0 Parklawn
Fairfax Club Estates,Week2,Waynewood,Week1,281.0 Waynewood - 121.0 Fairfax Club Estates
Fairfax Club Estates,Week1,Sully Station,Week4,292.0 Sully Station - 110.0 Fairfax Club Estates
Fairfax Club Estates,Week4,Waynewood,Week1,261.5 Waynewood - 140.5 Fairfax Club Estates
Fairfax,Week2,Mount Vernon Park,Week3,203.0 Fairfax - 199.0 Mount Vernon Park
Fairfax,Week2,Rolling Hills,Week2,290.0 Fairfax - 112.0 Rolling Hills
Fairfax Club Estates,Week4,Orange Hunt,Week3,258.0 Orange Hunt - 144.0 Fairfax Club Estates
Fairfax Club Estates,Week3,Sully Station,Week1,295.0 Sully Station - 107.0 Fairfax Club Estates
Fairfax Club Estates,Week3,Walden Glen,Week5,246.0 Walden Glen - 154.0 Fairfax Club Estates
Fairfax Club Estates,Week1,Sully Station,Week2,268.0 Sully Station - 134.0 Fairfax Club Estates
Fairfax Club Estates,Week4,Orange Hunt,Week2,259.0 Orange Hunt - 143.0 Fairfax Club Estates
Fairfax,Week1,Parklawn,Week4,304.0 Fairfax - 98.0 Parklawn
Fairfax Station,Week2,Forest Hollow,Week4,245.0 Fairfax Station - 157.0 Forest Hollow
Fairfax Club Estates,Week3,Orange Hunt,Week4,288.0 Orange Hunt - 114.0 Fairfax Club Estates
Fairfax,Week2,Parklawn,Week1,341.0 Fairfax - 52.0 Parklawn
Fairfax,Week4,Riverside Gardens,Week3,207.0 Fairfax - 195.0 Riverside Gardens
Fairfax,Week1,Parklawn,Week3,326.0 Fairfax - 76.0 Parklawn
Fairfax Station,Week3,Fairfax Station,Week4,232.0 Fairfax Station (FS1) - 170.0 Fairfax Station (FS2)
Fairfax Station,Week3,Forest Hollow,Week1,271.0 Fairfax Station - 131.0 Forest Hollow
Fairfax Club Estates,Week3,Sully Station,Week5,297.0 Sully Station - 104.0 Fairfax Club Estates
Fairfax,Week3,Parklawn,Week1,337.0 Fairfax - 56.0 Parklawn
Fairfax Club Estates,Week1,Overlee,Week2,346.0 Overlee - 56.0 Fairfax Club Estates
Fairfax,Week2,Parklawn,Week3,343.0 Fairfax - 59.0 Parklawn
Fairfax,Week2,Parklawn,Week2,327.0 Fairfax - 75.0 Parklawn
Fairfax Club Estates,Week4,Orange Hunt,Week5,280.0 Orange Hunt - 122.0 Fairfax Club Estates
Fairfax Club Estates,Week1,Waynewood,Week3,308.0 Waynewood - 94.0 Fairfax Club Estates
Fairfax Club Estates,Week5,Overlee,Week2,355.0 Overlee - 47.0 Fairfax Club Estates
Fairfax Club Estates,Week5,Sully Station,Week1,290.0 Sully Station - 112.0 Fairfax Club Estates
Fairfax Club Estates,Week5,Sully Station,Week2,276.5 Sully Station - 125.5 Fairfax Club Estates
Fairfax,Week1,Rolling Forest,Week2,250.0 Fairfax - 152.0 Rolling Forest
Fairfax Club Estates,Week4,Sully Station,Week4,281.0 Sully Station - 121.0 Fairfax Club Estates
Fairfax Club Estates,Week5,Walden Glen,Week4,213.0 Walden Glen - 180.0 Fairfax Club Estates
Fairfax Club Estates,Week1,Overlee,Week1,348.0 Overlee - 54.0 Fairfax Club Estates
Fairfax Club Estates,Week5,Walden Glen,Week1,230.0 Fairfax Club Estates - 171.0 Walden Glen
Fairfax Club Estates,Week3,Sully Station,Week2,283.0 Sully Station - 119.0 Fairfax Club Estates
Fairfax,Week3,Parklawn,Week4,312.0 Fairfax - 85.0 Parklawn
Fairfax,Week4,Riverside Gardens,Week5,210.0 Riverside Gardens - 192.0 Fairfax
Fairfax,Week3,Rolling Forest,Week1,270.0 Fairfax - 132.0 Rolling Forest
Fairfax Club Estates,Week4,Overlee,Week3,342.0 Overlee - 60.0 Fairfax Club Estates
Fairfax,Week2,Parklawn,Week4,323.0 Fairfax - 79.0 Parklawn
Fairfax Station,Week5,Fairfax Station,Week5,201.0 Fairfax Station (FS1) - 201.0 Fairfax Station (FS2)
Fairfax Station,Week1,Forest Hollow,Week4,247.0 Fairfax Station - 155.0 Forest Hollow
Fairfax Station,Week2,Forest Hollow,Week1,246.0 Fairfax Station - 156.0 Forest Hollow
Fairfax Club Estates,Week4,Walden Glen,Week3,207.0 Fairfax Club Estates - 195.0 Walden Glen
Fairfax Club Estates,Week2,Overlee,Week2,357.0 Overlee - 45.0 Fairfax Club Estates
Fairfax,Week2,Rolling Forest,Week1,266.0 Fairfax - 136.0 Rolling Forest
Fairfax Club Estates,Week1,Waynewood,Week4,292.0 Waynewood - 110.0 Fairfax Club Estates
Fairfax,Week2,Rolling Forest,Week4,282.0 Fairfax - 120.0 Rolling Forest
Fairfax Station,Week4,Fairfax Station,Week1,214.0 Fairfax Station (FS1) - 188.0 Fairfax Station (FS2)
Fairfax,Week1,Rolling Forest,Week4,253.5 Fairfax - 148.5 Rolling Forest
Fairfax Station,Week3,Forest Hollow,Week4,265.0 Fairfax Station - 137.0 Forest Hollow
Fairfax Club Estates,Week3,Waynewood,Week2,300.0 Waynewood - 102.0 Fairfax Club Estates
Fairfax Club Estates,Week4,Overlee,Week4,368.0 Overlee - 34.0 Fairfax Club Estates
Fairfax Club Estates,Week3,Overlee,Week4,371.0 Overlee - 31.0 Fairfax Club Estates
Fairfax,Week5,Rolling Forest,Week2,290.0 Fairfax - 112.0 Rolling Forest
Fairfax Station,Week5,Fairfax Station,Week2,248.0 Fairfax Station (FS1) - 154.0 Fairfax Station (FS2)
Fairfax Club Estates,Week2,Overlee,Week1,357.0 Overlee - 45.0 Fairfax Club Estates
Fairfax Club Estates,Week4,Sully Station,Week3,277.0 Sully Station - 125.0 Fairfax Club Estates
Fairfax,Week2,Parklawn,Week5,323.0 Fairfax - 79.0 Parklawn
Fairfax,Week3,Rolling Forest,Week4,282.0 Fairfax - 120.0 Rolling Forest
Fairfax Club Estates,Week5,Orange Hunt,Week2,266.0 Orange Hunt - 135.0 Fairfax Club Estates
Fairfax Club Estates,Week1,Sully Station,Week1,288.0 Sully Station - 114.0 Fairfax Club Estates
Fairfax Club Estates,Week5,Woodley,Week4,236.0 Fairfax Club Estates - 160.0 Woodley
Fairfax,Week3,Rolling Forest,Week5,268.0 Fairfax - 134.0 Rolling Forest
Fairfax Club Estates,Week2,Woodley,Week5,218.0 Fairfax Club Estates - 183.0 Woodley
Fairfax,Week3,Parklawn,Week5,312.0 Fairfax - 86.0 Parklawn
Fairfax Club Estates,Week5,Stratford,Week5,217.0 Fairfax Club Estates - 183.0 Stratford
Fairfax,Week4,Rolling Forest,Week1,271.0 Fairfax - 131.0 Rolling Forest
Fairfax,Week4,Rolling Forest,Week3,263.0 Fairfax - 139.0 Rolling Forest
Fairfax Station,Week2,Fairfax Station,Week3,263.0 Fairfax Station (FS2) - 139.0 Fairfax Station (FS1)
Fairfax Club Estates,Week5,Waynewood,Week2,291.0 Waynewood - 111.0 Fairfax Club Estates
Fairfax Club Estates,Week4,Woodley,Week1,259.0 Fairfax Club Estates - 143.0 Woodley
Fairfax Club Estates,Week5,Orange Hunt,Week4,266.0 Orange Hunt - 130.0 Fairfax Club Estates
Fairfax Club Estates,Week1,Sully Station,Week3,279.0 Sully Station - 123.0 Fairfax Club Estates
Fairfax,Week4,Parklawn,Week2,309.0 Fairfax - 89.0 Parklawn
Fairfax Station,Week5,Fairfax Station,Week4,234.0 Fairfax Station (FS1) - 168.0 Fairfax Station (FS2)
Fairfax Club Estates,Week3,Sully Station,Week4,301.0 Sully Station - 101.0 Fairfax Club Estates
Fairfax Club Estates,Week5,Sully Station,Week5,290.0 Sully Station - 111.0 Fairfax Club Estates
Fairfax Station,Week4,Fairfax Station,Week5,234.0 Fairfax Station (FS2) - 168.0 Fairfax Station (FS1)
Fairfax,Week4,Parklawn,Week1,328.0 Fairfax - 65.0 Parklawn
Fairfax Station,Week3,Forest Hollow,Week2,281.0 Fairfax Station - 121.0 Forest Hollow
Fairfax,Week3,Parklawn,Week3,327.0 Fairfax - 71.0 Parklawn
Fairfax Club Estates,Week3,Overlee,Week1,352.0 Overlee - 50.0 Fairfax Club Estates
Fairfax Club Estates,Week5,Sully Station,Week4,284.0 Sully Station - 118.0 Fairfax Club Estates
Fairfax,Week3,Rolling Forest,Week3,265.0 Fairfax - 137.0 Rolling Forest
Fairfax Station,Week2,Fairfax Station,Week2,198.5 Fairfax Station (FS1) - 198.5 Fairfax Station (FS2)
Fairfax Club Estates,Week3,Woodley,Week3,243.0 Fairfax Club Estates - 158.0 Woodley
Fairfax,Week4,Parklawn,Week3,325.5 Fairfax - 72.5 Parklawn
Fairfax,Week3,Parklawn,Week2,319.0 Fairfax - 79.0 Parklawn
Fairfax Club Estates,Week4,Waynewood,Week2,277.0 Waynewood - 125.0 Fairfax Club Estates
Fairfax Station,Week1,Forest Hollow,Week3,246.0 Fairfax Station - 156.0 Forest Hollow
Fairfax Club Estates,Week1,Overlee,Week4,372.0 Overlee - 30.0 Fairfax Club Estates
Fairfax,Week5,Rolling Forest,Week5,285.0 Fairfax - 117.0 Rolling Forest
Fairfax Station,Week3,Highland Park,Week5,261.0 Fairfax Station - 141.0 Highland Park
Fairfax Club Estates,Week2,Sully Station,Week5,300.0 Sully Station - 102.0 Fairfax Club Estates
Fairfax Station,Week3,Fairfax Station,Week3,201.0 Fairfax Station (FS1) - 201.0 Fairfax Station (FS2)
Fairfax,Week1,Parklawn,Week2,325.0 Fairfax - 77.0 Parklawn
Fairfax Club Estates,Week4,Woodley,Week3,257.0 Fairfax Club Estates - 145.0 Woodley
Fairfax Club Estates,Week2,Woodley,Week1,224.0 Fairfax Club Estates - 178.0 Woodley
Fairfax Club Estates,Week3,Woodley,Week4,244.0 Fairfax Club Estates - 158.0 Woodley
Fairfax Club Estates,Week4,Sully Station,Week1,292.0 Sully Station - 110.0 Fairfax Club Estates
Fairfax Station,Week2,Forest Hollow,Week3,260.0 Fairfax Station - 142.0 Forest Hollow
Fairfax Club Estates,Week1,Overlee,Week3,352.0 Overlee - 50.0 Fairfax Club Estates
Fairfax Club Estates,Week2,Overlee,Week5,372.0 Overlee - 30.0 Fairfax Club Estates
Fairfax Club Estates,Week4,Waynewood,Week4,280.0 Waynewood - 122.0 Fairfax Club Estates
Fairfax Club Estates,Week1,Overlee,Week5,368.0 Overlee - 34.0 Fairfax Club Estates
Fairfax Club Estates,Week5,Stratford,Week4,205.0 Fairfax Club Estates - 196.0 Stratford
Fairfax Station,Week4,Highland Park,Week3,257.0 Fairfax Station - 145.0 Highland Park
Fairfax Club Estates,Week5,Overlee,Week3,349.0 Overlee - 53.0 Fairfax Club Estates
Fairfax Club Estates,Week2,Sully Station,Week3,289.0 Sully Station - 113.0 Fairfax Club Estates
Fairfax Station,Week2,Fairfax Station,Week4,221.0 Fairfax Station (FS2) - 181.0 Fairfax Station (FS1)
Fairfax,Week4,Rolling Forest,Week2,282.0 Fairfax - 120.0 Rolling Forest
Fairfax,Week1,Rolling Hills,Week1,292.0 Fairfax - 110.0 Rolling Hills
Fairfax Club Estates,Week2,Sully Station,Week4,300.0 Sully Station - 102.0 Fairfax Club Estates
Fairfax,Week4,Rolling Forest,Week5,266.0 Fairfax - 136.0 Rolling Forest
Fairfax Station,Week1,Highlands Swim,Week4,245.0 Highlands Swim - 157.0 Fairfax Station
Fairfax Club Estates,Week5,Waynewood,Week1,268.0 Waynewood - 134.0 Fairfax Club Estates
Fairfax Station,Week2,Fairfax Station,Week5,248.0 Fairfax Station (FS2) - 154.0 Fairfax Station (FS1)
Fairfax,Week5,Rolling Forest,Week4,298.0 Fairfax - 104.0 Rolling Forest
Fairfax Station,Week4,Highland Park,Week1,229.0 Fairfax Station - 173.0 Highland Park
Fairfax Club Estates,Week4,Sully Station,Week5,287.0 Sully Station - 115.0 Fairfax Club Estates
Fairfax,Week5,Rolling Forest,Week3,277.0 Fairfax - 125.0 Rolling Forest
Fairfax,Week1,Rolling Hills,Week4,296.0 Fairfax - 106.0 Rolling Hills
Fairfax Station,Week5,Fairfax Station,Week1,244.0 Fairfax Station (FS1) - 158.0 Fairfax Station (FS2)
Fairfax Station,Week4,Fairfax Station,Week4,201.0 Fairfax Station (FS1) - 201.0 Fairfax Station (FS2)
Fairfax Station,Week4,Highland Park,Week5,248.0 Fairfax Station - 154.0 Highland Park
Fairfax,Week1,Rolling Hills,Week3,286.0 Fairfax - 116.0 Rolling Hills
Fairfax Club Estates,Week1,Woodley,Week2,257.0 Fairfax Club Estates - 145.0 Woodley
Fairfax Station,Week3,Fairfax Station,Week1,245.5 Fairfax Station (FS1) - 156.5 Fairfax Station (FS2)
Fairfax Club Estates,Week2,Overlee,Week3,352.0 Overlee - 50.0 Fairfax Club Estates
Fairfax Station,Week3,Fairfax Station,Week2,263.0 Fairfax Station (FS1) - 139.0 Fairfax Station (FS2)
Fairfax Club Estates,Week5,Sully Station,Week3,270.0 Sully Station - 131.0 Fairfax Club Estates
Fairfax Club Estates,Week5,Waynewood,Week4,287.0 Waynewood - 114.0 Fairfax Club Estates
Fairfax Club Estates,Week5,Orange Hunt,Week5,287.0 Orange Hunt - 115.0 Fairfax Club Estates
Fairfax,Week1,Rolling Hills,Week2,283.0 Fairfax - 119.0 Rolling Hills
Fairfax Club Estates,Week3,Overlee,Week5,363.0 Overlee - 39.0 Fairfax Club Estates
Fairfax Station,Week5,Highland Park,Week1,272.0 Fairfax Station - 130.0 Highland Park
Fairfax Club Estates,Week5,Waynewood,Week5,309.0 Waynewood - 92.0 Fairfax Club Estates
Fairfax,Week1,Rolling Hills,Week5,295.0 Fairfax - 107.0 Rolling Hills
Fairfax Club Estates,Week5,Waynewood,Week3,305.0 Waynewood - 97.0 Fairfax Club Estates
Fairfax Club Estates,Week5,Orange Hunt,Week1,263.0 Orange Hunt - 138.0 Fairfax Club Estates
Fairfax Station,Week4,Fairfax Station,Week3,232.0 Fairfax Station (FS2) - 170.0 Fairfax Station (FS1)
Fairfax Station,Week1,Highlands Swim,Week3,254.0 Highlands Swim - 148.0 Fairfax Station
Fairfax Station,Week5,Highland Park,Week2,275.0 Fairfax Station - 127.0 Highland Park
Fairfax Club Estates,Week1,Truro,Week5,213.0 Fairfax Club Estates - 189.0 Truro
Fairfax Club Estates,Week5,Orange Hunt,Week3,279.0 Orange Hunt - 122.0 Fairfax Club Estates
Fairfax Club Estates,Week5,Sully Station II,Week1,265.0 Sully Station II - 136.0 Fairfax Club Estates
Fairfax Club Estates,Week1,Woodley,Week5,231.0 Fairfax Club Estates - 171.0 Woodley
Fairfax Club Estates,Week1,Sully Station II,Week2,291.0 Sully Station II - 111.0 Fairfax Club Estates
Fairfax Station,Week3,Fairfax Station,Week5,203.0 Fairfax Station (FS1) - 199.0 Fairfax Station (FS2)
Fairfax Club Estates,Week4,Waynewood,Week5,293.0 Waynewood - 109.0 Fairfax Club Estates
Fairfax Club Estates,Week2,Sully Station II,Week1,273.0 Sully Station II - 127.0 Fairfax Club Estates
Fairfax Club Estates,Week3,Woodley,Week5,231.0 Fairfax Club Estates - 170.0 Woodley
Fairfax Station,Week2,Forest Hollow,Week5,245.0 Fairfax Station - 157.0 Forest Hollow
Fairfax Club Estates,Week4,Sully Station II,Week2,291.0 Sully Station II - 111.0 Fairfax Club Estates
Fairfax Club Estates,Week3,Woodley,Week1,242.0 Fairfax Club Estates - 159.0 Woodley
Fairfax Station,Week1,Forest Hollow,Week2,267.0 Fairfax Station - 135.0 Forest Hollow
Fairfax Station,Week2,Highlands Swim,Week4,254.0 Highlands Swim - 148.0 Fairfax Station
Fairfax Club Estates,Week5,Overlee,Week4,372.0 Overlee - 30.0 Fairfax Club Estates
Fairfax Station,Week2,Forest Hollow,Week2,271.0 Fairfax Station - 131.0 Forest Hollow
Fairfax Club Estates,Week1,Woodley,Week1,249.0 Fairfax Club Estates - 153.0 Woodley
Fairfax Station,Week5,Highlands Swim,Week4,209.0 Highlands Swim - 193.0 Fairfax Station
Fairfax Club Estates,Week4,Overlee,Week5,365.0 Overlee - 37.0 Fairfax Club Estates
Fairfax Club Estates,Week2,Woodley,Week2,227.0 Fairfax Club Estates - 174.0 Woodley
Fairfax Station,Week2,Fox Hunt,Week1,257.0 Fairfax Station - 145.0 Fox Hunt
Fairfax Club Estates,Week2,Sully Station II,Week3,315.0 Sully Station II - 87.0 Fairfax Club Estates
Fairfax Club Estates,Week2,Truro,Week5,205.0 Truro - 195.0 Fairfax Club Estates
Fairfax Station,Week5,Forest Hollow,Week5,264.0 Fairfax Station - 138.0 Forest Hollow
Fairfax Club Estates,Week2,Overlee,Week4,378.0 Overlee - 24.0 Fairfax Club Estates
Fairfax,Week2,Rolling Hills,Week1,307.0 Fairfax - 95.0 Rolling Hills
Fairfax Club Estates,Week2,Sully Station II,Week4,273.0 Sully Station II - 129.0 Fairfax Club Estates
Fairfax Club Estates,Week3,Overlee,Week3,349.0 Overlee - 53.0 Fairfax Club Estates
Fairfax Station,Week1,Forest Hollow,Week1,239.5 Fairfax Station - 162.5 Forest Hollow
Fairfax Club Estates,Week3,Woodley,Week2,245.0 Fairfax Club Estates - 156.0 Woodley
Fairfax Club Estates,Week1,Sully Station II,Week4,255.0 Sully Station II - 147.0 Fairfax Club Estates
Fairfax Station,Week4,Highlands Swim,Week1,247.0 Highlands Swim - 155.0 Fairfax Station
Fairfax Club Estates,Week5,Overlee,Week5,362.0 Overlee - 40.0 Fairfax Club Estates
Fairfax Club Estates,Week2,Woodley,Week4,224.0 Fairfax Club Estates - 178.0 Woodley
Fairfax Station,Week5,Highland Park,Week4,264.0 Fairfax Station - 138.0 Highland Park
Fairfax Club Estates,Week4,Overlee,Week2,352.0 Overlee - 50.0 Fairfax Club Estates
Fairfax Club Estates,Week2,Sully Station II,Week5,322.0 Sully Station II - 80.0 Fairfax Club Estates
Fairfax Station,Week1,Highlands Swim,Week1,239.0 Highlands Swim - 163.0 Fairfax Station
Fairfax Club Estates,Week3,Sully Station II,Week5,317.0 Sully Station II - 85.0 Fairfax Club Estates
Fairfax Station,Week3,Highlands Swim,Week3,231.0 Highlands Swim - 171.0 Fairfax Station
Fairfax Club Estates,Week3,Overlee,Week2,359.0 Overlee - 43.0 Fairfax Club Estates
Fairfax Station,Week3,Forest Hollow,Week3,278.0 Fairfax Station - 124.0 Forest Hollow
Fairfax Station,Week2,Highlands Swim,Week3,261.0 Highlands Swim - 141.0 Fairfax Station
Fairfax Club Estates,Week1,Woodley,Week3,253.0 Fairfax Club Estates - 148.0 Woodley
Fairfax Station,Week2,Fox Hunt,Week4,265.5 Fairfax Station - 136.5 Fox Hunt
Fairfax Club Estates,Week5,Overlee,Week1,351.0 Overlee - 51.0 Fairfax Club Estates
Fairfax Station,Week4,Highland Park,Week2,253.0 Fairfax Station - 149.0 Highland Park
Fairfax Club Estates,Week4,Overlee,Week1,346.0 Overlee - 56.0 Fairfax Club Estates
Fairfax Club Estates,Week4,Woodley,Week5,246.0 Fairfax Club Estates - 155.0 Woodley
Fairfax Club Estates,Week4,Woodley,Week4,243.0 Fairfax Club Estates - 159.0 Woodley
Fairfax Station,Week2,Fox Hunt,Week3,259.0 Fairfax Station - 138.0 Fox Hunt
Fairfax Club Estates,Week5,Parklawn,Week4,197.0 Fairfax Club Estates - 195.0 Parklawn
Fairfax Club Estates,Week4,Sully Station II,Week3,302.0 Sully Station II - 100.0 Fairfax Club Estates
Fairfax Club Estates,Week4,Parklawn,Week5,211.0 Fairfax Club Estates - 182.0 Parklawn
Fairfax Station,Week4,Highlands Swim,Week4,242.0 Highlands Swim - 160.0 Fairfax Station
Fairfax Club Estates,Week3,Sully Station II,Week2,297.0 Sully Station II - 104.0 Fairfax Club Estates
Fairfax Club Estates,Week2,Woodley,Week3,224.0 Fairfax Club Estates - 178.0 Woodley
Fairfax Club Estates,Week5,Parklawn,Week1,233.0 Fairfax Club Estates - 155.0 Parklawn
Fairfax Station,Week2,Fox Hunt,Week2,277.0 Fairfax Station - 125.0 Fox Hunt
Fairfax Club Estates,Week5,Sully Station II,Week3,308.0 Sully Station II - 94.0 Fairfax Club Estates
Fairfax Station,Week2,Fox Hunt,Week5,250.0 Fairfax Station - 152.0 Fox Hunt
Fairfax Club Estates,Week1,Woodley,Week4,251.0 Fairfax Club Estates - 151.0 Woodley
Fairfax Station,Week3,Fox Hunt,Week1,295.0 Fairfax Station - 107.0 Fox Hunt
Fairfax Club Estates,Week3,Parklawn,Week4,205.0 Parklawn - 189.0 Fairfax Club Estates
Fairfax Station,Week4,Highland Park,Week4,230.0 Fairfax Station - 172.0 Highland Park
Fairfax Club Estates,Week3,Sully Station II,Week3,311.0 Sully Station II - 91.0 Fairfax Club Estates
Fairfax Station,Week1,Highlands Swim,Week2,264.0 Highlands Swim - 138.0 Fairfax Station
Fairfax Station,Week4,Highlands Swim,Week5,245.0 Highlands Swim - 157.0 Fairfax Station
Fairfax Club Estates,Week5,Parklawn,Week2,212.0 Fairfax Club Estates - 180.0 Parklawn
Fairfax Station,Week2,Highlands Swim,Week1,251.0 Highlands Swim - 151.0 Fairfax Station
Fairfax Club Estates,Week5,Sully Station II,Week2,305.0 Sully Station II - 96.0 Fairfax Club Estates
Fairfax Club Estates,Week4,Sully Station II,Week5,302.0 Sully Station II - 100.0 Fairfax Club Estates
Fairfax Station,Week5,Forest Hollow,Week2,284.0 Fairfax Station - 118.0 Forest Hollow
Fairfax Station,Week5,Highland Park,Week3,272.0 Fairfax Station - 130.0 Highland Park
Fairfax Club Estates,Week4,Woodley,Week2,248.0 Fairfax Club Estates - 153.0 Woodley
Fairfax Station,Week4,Fox Hunt,Week1,267.0 Fairfax Station - 135.0 Fox Hunt
Fairfax Station,Week4,Forest Hollow,Week2,259.0 Fairfax Station - 143.0 Forest Hollow
Fairfax Club Estates,Week2,Parklawn,Week5,199.0 Fairfax Club Estates - 199.0 Parklawn
Fairfax Club Estates,Week5,Woodley,Week2,241.0 Fairfax Club Estates - 157.0 Woodley
Fairfax Station,Week4,Fox Hunt,Week4,260.0 Fairfax Station - 142.0 Fox Hunt
Fairfax Club Estates,Week1,Truro,Week1,209.0 Fairfax Club Estates - 193.0 Truro
Fairfax Club Estates,Week4,Sully Station II,Week4,256.0 Sully Station II - 146.0 Fairfax Club Estates
Fairfax Station,Week1,Annandale,Week2,339.5 Fairfax Station - 62.5 Annandale
Fairfax Station,Week2,Highlands Swim,Week5,265.0 Highlands Swim - 137.0 Fairfax Station
Fairfax Club Estates,Week2,Parliament,Week5,260.0 Parliament - 141.0 Fairfax Club Estates
Fairfax Club Estates,Week5,Woodley,Week1,249.0 Fairfax Club Estates - 153.0 Woodley
Fairfax Station,Week1,Annandale,Week1,338.0 Fairfax Station - 64.0 Annandale
Fairfax Station,Week3,Fox Hunt,Week5,262.5 Fairfax Station - 139.5 Fox Hunt
Fairfax Club Estates,Week5,Woodley,Week3,231.0 Fairfax Club Estates - 170.0 Woodley
Fairfax Club Estates,Week2,Parklawn,Week1,222.0 Fairfax Club Estates - 171.0 Parklawn
Fairfax Club Estates,Week3,Sully Station II,Week4,270.0 Sully Station II - 132.0 Fairfax Club Estates
Fairfax Station,Week1,Highlands Swim,Week5,251.0 Highlands Swim - 151.0 Fairfax Station
Fairfax Station,Week3,Annandale,Week2,351.0 Fairfax Station - 51.0 Annandale
Fairfax Club Estates,Week5,Sully Station II,Week4,257.0 Sully Station II - 145.0 Fairfax Club Estates
Fairfax Club Estates,Week3,Sully Station II,Week1,274.0 Sully Station II - 127.0 Fairfax Club Estates
Fairfax Club Estates,Week2,Parliament,Week2,260.0 Parliament - 142.0 Fairfax Club Estates
Fairfax Club Estates,Week1,Parliament,Week5,247.0 Parliament - 155.0 Fairfax Club Estates
Fairfax Station,Week2,Annandale,Week4,343.0 Fairfax Station - 59.0 Annandale
Fairfax Station,Week3,Highlands Swim,Week2,237.0 Highlands Swim - 165.0 Fairfax Station
Fairfax Station,Week2,Highlands Swim,Week2,273.0 Highlands Swim - 129.0 Fairfax Station
Fairfax Club Estates,Week1,Sully Station II,Week5,309.0 Sully Station II - 93.0 Fairfax Club Estates
Fairfax Station,Week4,Highlands Swim,Week2,249.0 Highlands Swim - 153.0 Fairfax Station
Fairfax Club Estates,Week1,Parliament,Week4,241.0 Parliament - 161.0 Fairfax Club Estates
Fairfax Station,Week5,Highland Park,Week5,276.0 Fairfax Station - 126.0 Highland Park
Fairfax Station,Week5,Forest Hollow,Week4,262.0 Fairfax Station - 140.0 Forest Hollow
Fairfax Station,Week1,Fox Hunt,Week2,278.0 Fairfax Station - 124.0 Fox Hunt
Fairfax Club Estates,Week1,Truro,Week3,218.0 Fairfax Club Estates - 184.0 Truro
Fairfax Club Estates,Week1,Parklawn,Week3,223.0 Fairfax Club Estates - 178.0 Parklawn
Fairfax Station,Week3,Highlands Swim,Week1,222.0 Highlands Swim - 180.0 Fairfax Station
Fairfax Station,Week1,Fox Hunt,Week1,275.0 Fairfax Station - 127.0 Fox Hunt
Fairfax Station,Week3,Annandale,Week1,351.0 Fairfax Station - 51.0 Annandale
Fairfax Club Estates,Week5,Parklawn,Week5,210.0 Fairfax Club Estates - 183.0 Parklawn
Fairfax Station,Week2,Annandale,Week2,342.0 Fairfax Station - 60.0 Annandale
Fairfax Station,Week2,Annandale,Week1,339.0 Fairfax Station - 63.0 Annandale
Fairfax Club Estates,Week3,Parklawn,Week1,234.0 Fairfax Club Estates - 158.0 Parklawn
Fairfax Station,Week4,Forest Hollow,Week3,254.0 Fairfax Station - 148.0 Forest Hollow
Fairfax Station,Week4,Highlands Swim,Week3,247.0 Highlands Swim - 155.0 Fairfax Station
Fairfax Station,Week3,Annandale,Week3,344.0 Fairfax Station - 58.0 Annandale
Fairfax Station,Week5,Highlands Swim,Week2,234.0 Highlands Swim - 168.0 Fairfax Station
Fairfax Club Estates,Week1,Truro,Week4,202.0 Fairfax Club Estates - 200.0 Truro
Fairfax Club Estates,Week1,Truro,Week2,232.0 Fairfax Club Estates - 169.0 Truro
Fairfax Club Estates,Week1,Mantua,Week2,276.0 Mantua - 126.0 Fairfax Club Estates
Fairfax Club Estates,Week1,Parklawn,Week2,214.0 Fairfax Club Estates - 186.0 Parklawn
Fairfax Station,Week4,Annandale,Week4,333.0 Fairfax Station - 69.0 Annandale
Fairfax Station,Week1,Annandale,Week4,333.0 Fairfax Station - 69.0 Annandale
Fairfax Club Estates,Week2,Sully Station II,Week2,307.0 Sully Station II - 94.0 Fairfax Club Estates
Fairfax Station,Week1,Fox Hunt,Week5,238.0 Fairfax Station - 164.0 Fox Hunt
Fairfax Station,Week3,Fox Hunt,Week4,282.0 Fairfax Station - 120.0 Fox Hunt
Fairfax Club Estates,Week3,Parklawn,Week5,207.0 Parklawn - 191.0 Fairfax Club Estates
Fairfax Station,Week2,Hollin Hills,Week4,324.0 Fairfax Station - 78.0 Hollin Hills
Fairfax Station,Week5,Highlands Swim,Week3,229.0 Highlands Swim - 173.0 Fairfax Station
Fairfax Station,Week1,Fox Hunt,Week4,264.0 Fairfax Station - 138.0 Fox Hunt
Fairfax Station,Week5,Highlands Swim,Week1,227.0 Highlands Swim - 175.0 Fairfax Station
Fairfax Station,Week4,Annandale,Week1,328.0 Fairfax Station - 74.0 Annandale
Fairfax Station,Week3,Annandale,Week5,344.0 Fairfax Station - 58.0 Annandale
Fairfax Station,Week4,Forest Hollow,Week4,239.0 Fairfax Station - 163.0 Forest Hollow
Fairfax Club Estates,Week5,Mansion House,Week3,261.0 Mansion House - 140.0 Fairfax Club Estates
Fairfax Club Estates,Week4,Sully Station II,Week1,268.0 Sully Station II - 134.0 Fairfax Club Estates
Fairfax Station,Week4,Forest Hollow,Week1,250.0 Fairfax Station - 152.0 Forest Hollow
Fairfax Station,Week3,Highlands Swim,Week5,236.5 Highlands Swim - 165.5 Fairfax Station
Fairfax Club Estates,Week1,Parklawn,Week1,218.0 Fairfax Club Estates - 169.0 Parklawn
Fairfax Station,Week3,Highlands Swim,Week4,225.0 Highlands Swim - 177.0 Fairfax Station
Fairfax Station,Week5,Forest Hollow,Week1,261.0 Fairfax Station - 141.0 Forest Hollow
Fairfax Club Estates,Week5,Sully Station II,Week5,310.0 Sully Station II - 92.0 Fairfax Club Estates
Fairfax Club Estates,Week2,Truro,Week2,222.0 Fairfax Club Estates - 178.0 Truro
Fairfax Club Estates,Week4,Parklawn,Week2,219.0 Fairfax Club Estates - 179.0 Parklawn
Fairfax Club Estates,Week2,Parklawn,Week3,214.0 Fairfax Club Estates - 184.0 Parklawn
Fairfax Club Estates,Week2,Truro,Week1,213.0 Truro - 188.0 Fairfax Club Estates
Fairfax Station,Week3,Forest Hollow,Week5,268.0 Fairfax Station - 134.0 Forest Hollow
Fairfax Club Estates,Week2,Mantua,Week2,298.0 Mantua - 104.0 Fairfax Club Estates
Fairfax Station,Week2,Hollin Hills,Week1,326.0 Fairfax Station - 76.0 Hollin Hills
Fairfax Station,Week3,Fox Hunt,Week2,291.0 Fairfax Station - 111.0 Fox Hunt
Fairfax Club Estates,Week1,Parklawn,Week5,206.0 Parklawn - 195.0 Fairfax Club Estates
Fairfax Club Estates,Week2,Parklawn,Week2,206.0 Fairfax Club Estates - 191.0 Parklawn
Fairfax Club Estates,Week3,Parklawn,Week2,209.0 Fairfax Club Estates - 187.0 Parklawn
Fairfax Club Estates,Week5,Mantua,Week1,283.0 Mantua - 118.0 Fairfax Club Estates
Fairfax Club Estates,Week2,Mantua,Week3,326.0 Mantua - 76.0 Fairfax Club Estates
Fairfax Club Estates,Week4,Parklawn,Week1,242.0 Fairfax Club Estates - 151.0 Parklawn
Fairfax Station,Week5,Forest Hollow,Week3,268.0 Fairfax Station - 134.0 Forest Hollow
Fairfax Station,Week4,Annandale,Week5,318.0 Fairfax Station - 84.0 Annandale
Fairfax Club Estates,Week3,Truro,Week2,229.0 Fairfax Club Estates - 172.0 Truro
Fairfax Club Estates,Week3,Truro,Week1,208.0 Fairfax Club Estates - 193.0 Truro
Fairfax Club Estates,Week5,Mansion House,Week5,260.0 Mansion House - 142.0 Fairfax Club Estates
Fairfax Club Estates,Week5,Mansion House,Week4,215.0 Mansion House - 186.0 Fairfax Club Estates
Fairfax Station,Week1,Hollin Meadows,Week1,248.0 Fairfax Station - 154.0 Hollin Meadows
Fairfax Station,Week1,Hollin Hills,Week5,308.0 Fairfax Station - 94.0 Hollin Hills
Fairfax Station,Week4,Forest Hollow,Week5,226.0 Fairfax Station - 176.0 Forest Hollow
Fairfax Club Estates,Week2,Parklawn,Week4,200.0 Fairfax Club Estates - 197.0 Parklawn
Fairfax Station,Week1,Annandale,Week3,323.0 Fairfax Station - 79.0 Annandale
Fairfax Station,Week1,Hollin Meadows,Week2,264.0 Fairfax Station - 138.0 Hollin Meadows
Fairfax Station,Week1,Fox Hunt,Week3,253.0 Fairfax Station - 149.0 Fox Hunt
Fairfax Station,Week1,Annandale,Week5,329.5 Fairfax Station - 72.5 Annandale
Fairfax Club Estates,Week2,Truro,Week4,219.0 Truro - 183.0 Fairfax Club Estates
Fairfax Club Estates,Week2,Truro,Week3,204.0 Truro - 198.0 Fairfax Club Estates
Fairfax Station,Week4,Annandale,Week3,324.0 Fairfax Station - 78.0 Annandale
Fairfax Station,Week3,Hollin Hills,Week3,335.0 Fairfax Station - 67.0 Hollin Hills
Fairfax Club Estates,Week5,Truro,Week5,217.0 Fairfax Club Estates - 181.0 Truro
Fairfax Station,Week4,Annandale,Week2,329.0 Fairfax Station - 73.0 Annandale
Fairfax Club Estates,Week2,Mantua,Week1,293.0 Mantua - 108.0 Fairfax Club Estates
Fairfax Club Estates,Week3,Truro,Week3,218.0 Fairfax Club Estates - 183.0 Truro
Fairfax Club Estates,Week3,Truro,Week5,207.0 Fairfax Club Estates - 194.0 Truro
Fairfax Station,Week3,Hollin Hills,Week4,345.0 Fairfax Station - 54.0 Hollin Hills
Fairfax Station,Week2,Annandale,Week5,333.0 Fairfax Station - 69.0 Annandale
Fairfax Station,Week4,Fox Hunt,Week3,255.0 Fairfax Station - 147.0 Fox Hunt
Fairfax Station,Week1,Hollin Meadows,Week3,247.0 Fairfax Station - 155.0 Hollin Meadows
Fairfax Club Estates,Week4,Parklawn,Week3,226.0 Fairfax Club Estates - 172.0 Parklawn
Fairfax Club Estates,Week4,Mantua,Week3,308.0 Mantua - 94.0 Fairfax Club Estates
Fairfax Club Estates,Week2,Mantua,Week4,301.0 Mantua - 101.0 Fairfax Club Estates
Fairfax Station,Week2,Hollin Hills,Week2,321.0 Fairfax Station - 81.0 Hollin Hills
Fairfax Club Estates,Week3,Mantua,Week3,326.0 Mantua - 76.0 Fairfax Club Estates
Fairfax Club Estates,Week5,Parklawn,Week3,224.0 Fairfax Club Estates - 169.0 Parklawn
Fairfax Club Estates,Week5,Woodley,Week5,238.0 Fairfax Club Estates - 160.0 Woodley
Fairfax Station,Week4,Fox Hunt,Week2,275.0 Fairfax Station - 127.0 Fox Hunt
Fairfax Station,Week3,Annandale,Week4,356.0 Fairfax Station - 46.0 Annandale
Fairfax Club Estates,Week4,Mantua,Week1,273.0 Mantua - 129.0 Fairfax Club Estates
Fairfax Club Estates,Week1,Parklawn,Week4,199.0 Fairfax Club Estates - 198.0 Parklawn
Fairfax Club Estates,Week3,Parklawn,Week3,218.0 Fairfax Club Estates - 180.0 Parklawn
Fairfax Station,Week3,Cardinal Hill,Week5,226.0 Fairfax Station - 176.0 Cardinal Hill
Fairfax Station,Week1,Hollin Hills,Week1,334.0 Fairfax Station - 68.0 Hollin Hills
Fairfax Station,Week2,Annandale,Week3,328.0 Fairfax Station - 74.0 Annandale
Fairfax Club Estates,Week4,Parklawn,Week4,206.0 Fairfax Club Estates - 186.0 Parklawn
Fairfax Club Estates,Week1,Tuckahoe,Week1,345.0 Tuckahoe - 57.0 Fairfax Club Estates
Fairfax Station,Week3,Fox Hunt,Week3,268.0 Fairfax Station - 134.0 Fox Hunt
Fairfax Station,Week3,Cardinal Hill,Week2,244.0 Fairfax Station - 158.0 Cardinal Hill
Fairfax Club Estates,Week4,Truro,Week2,251.0 Fairfax Club Estates - 149.0 Truro
Fairfax Station,Week3,Hollin Hills,Week5,331.0 Fairfax Station - 71.0 Hollin Hills
Fairfax Station,Week5,Hollin Hills,Week1,341.0 Fairfax Station - 61.0 Hollin Hills
Fairfax Club Estates,Week1,Tuckahoe,Week5,351.0 Tuckahoe - 51.0 Fairfax Club Estates
Fairfax Club Estates,Week4,Truro,Week4,219.0 Fairfax Club Estates - 183.0 Truro
Fairfax Club Estates,Week2,Parliament,Week4,258.0 Parliament - 144.0 Fairfax Club Estates
Fairfax Station,Week1,Hollin Hills,Week4,321.0 Fairfax Station - 81.0 Hollin Hills
Fairfax Club Estates,Week2,Tuckahoe,Week5,361.0 Tuckahoe - 41.0 Fairfax Club Estates
Fairfax Station,Week4,Hollin Hills,Week3,327.0 Fairfax Station - 75.0 Hollin Hills
Fairfax Club Estates,Week3,Parliament,Week1,279.0 Parliament - 122.0 Fairfax Club Estates
Fairfax Club Estates,Week2,Tuckahoe,Week1,355.0 Tuckahoe - 47.0 Fairfax Club Estates
Fairfax Station,Week4,Canterbury Woods,Week5,272.0 Fairfax Station - 130.0 Canterbury Woods
Fairfax Club Estates,Week1,Pinecrest,Week5,311.5 Pinecrest - 90.5 Fairfax Club Estates
Fairfax Club Estates,Week2,Parliament,Week3,263.0 Parliament - 139.0 Fairfax Club Estates
Fairfax Club Estates,Week1,Parliament,Week1,262.0 Parliament - 139.0 Fairfax Club Estates
Fairfax Club Estates,Week1,Mantua,Week4,293.0 Mantua - 109.0 Fairfax Club Estates
Fairfax Club Estates,Week2,Mantua,Week5,328.0 Mantua - 74.0 Fairfax Club Estates
Fairfax Club Estates,Week5,Truro,Week3,231.0 Fairfax Club Estates - 170.0 Truro
Fairfax Station,Week3,Canterbury Woods,Week4,300.0 Fairfax Station - 102.0 Canterbury Woods
Fairfax Club Estates,Week3,Mantua,Week5,323.0 Mantua - 79.0 Fairfax Club Estates
Fairfax Club Estates,Week3,Mantua,Week1,287.0 Mantua - 114.0 Fairfax Club Estates
Fairfax Club Estates,Week5,Mansion House,Week2,237.0 Mansion House - 156.0 Fairfax Club Estates
Fairfax Station,Week3,Cardinal Hill,Week1,235.0 Fairfax Station - 167.0 Cardinal Hill
Fairfax Station,Week5,Canterbury Woods,Week5,305.0 Fairfax Station - 97.0 Canterbury Woods
Fairfax Station,Week4,Hollin Hills,Week1,330.0 Fairfax Station - 71.0 Hollin Hills
Fairfax Station,Week3,Hollin Hills,Week1,334.0 Fairfax Station - 67.0 Hollin Hills
Fairfax Station,Week5,Canterbury Woods,Week1,324.0 Fairfax Station - 78.0 Canterbury Woods
Fairfax Station,Week4,Canterbury Woods,Week2,304.0 Fairfax Station - 98.0 Canterbury Woods
Fairfax Club Estates,Week2,Parliament,Week1,279.0 Parliament - 122.0 Fairfax Club Estates
Fairfax Club Estates,Week4,Mantua,Week5,304.5 Mantua - 97.5 Fairfax Club Estates
Fairfax Club Estates,Week4,Tuckahoe,Week5,363.0 Tuckahoe - 39.0 Fairfax Club Estates
Fairfax Club Estates,Week2,McLean,Week3,310.0 McLean - 91.0 Fairfax Club Estates
Fairfax Station,Week4,Hollin Hills,Week5,315.0 Fairfax Station - 87.0 Hollin Hills
Fairfax Club Estates,Week5,Truro,Week1,213.0 Fairfax Club Estates - 185.0 Truro
Fairfax Station,Week4,Hollin Hills,Week4,327.0 Fairfax Station - 73.0 Hollin Hills
Fairfax Club Estates,Week4,Truro,Week3,242.0 Fairfax Club Estates - 160.0 Truro
Fairfax Club Estates,Week1,Parliament,Week3,238.0 Parliament - 164.0 Fairfax Club Estates
Fairfax Station,Week5,Highlands Swim,Week5,231.0 Highlands Swim - 171.0 Fairfax Station
Fairfax Station,Week4,Cardinal Hill,Week2,239.0 Fairfax Station - 163.0 Cardinal Hill
Fairfax Club Estates,Week4,Mantua,Week4,280.0 Mantua - 122.0 Fairfax Club Estates
Fairfax Station,Week2,Cardinal Hill,Week1,213.0 Fairfax Station - 189.0 Cardinal Hill
Fairfax Station,Week5,Annandale,Week1,356.0 Fairfax Station - 46.0 Annandale
Fairfax Club Estates,Week1,Parliament,Week2,235.0 Parliament - 167.0 Fairfax Club Estates
Fairfax Club Estates,Week3,Truro,Week4,214.0 Truro - 188.0 Fairfax Club Estates
Fairfax Station,Week4,Hollin Hills,Week2,324.0 Fairfax Station - 77.0 Hollin Hills
Fairfax Club Estates,Week3,Pinecrest,Week4,308.0 Pinecrest - 94.0 Fairfax Club Estates
Fairfax Station,Week2,Cardinal Hill,Week4,223.0 Fairfax Station - 179.0 Cardinal Hill
Fairfax Station,Week1,Cardinal Hill,Week4,228.0 Fairfax Station - 174.0 Cardinal Hill
Fairfax Station,Week5,Hollin Hills,Week2,336.0 Fairfax Station - 66.0 Hollin Hills
Fairfax Club Estates,Week5,Parliament,Week3,249.0 Parliament - 153.0 Fairfax Club Estates
Fairfax Club Estates,Week1,Mantua,Week1,281.0 Mantua - 120.0 Fairfax Club Estates
Fairfax Station,Week2,Hollin Hills,Week3,332.0 Fairfax Station - 70.0 Hollin Hills
Fairfax Club Estates,Week4,Parliament,Week4,231.0 Parliament - 171.0 Fairfax Club Estates
Fairfax Station,Week5,Hollin Hills,Week3,338.0 Fairfax Station - 64.0 Hollin Hills
Fairfax Club Estates,Week5,Parliament,Week2,216.0 Parliament - 184.0 Fairfax Club Estates
Fairfax Club Estates,Week1,Mantua,Week5,312.0 Mantua - 90.0 Fairfax Club Estates
Fairfax Club Estates,Week3,Tuckahoe,Week3,363.0 Tuckahoe - 39.0 Fairfax Club Estates
Fairfax Station,Week1,Cardinal Hill,Week2,237.0 Fairfax Station - 165.0 Cardinal Hill
Fairfax Club Estates,Week5,Mansion House,Week1,254.0 Mansion House - 147.0 Fairfax Club Estates
Fairfax Club Estates,Week4,Parliament,Week2,213.0 Parliament - 189.0 Fairfax Club Estates
Fairfax Club Estates,Week1,Tuckahoe,Week2,361.0 Tuckahoe - 41.0 Fairfax Club Estates
Fairfax Station,Week1,Hollin Hills,Week3,325.0 Fairfax Station - 77.0 Hollin Hills
Fairfax Station,Week1,Cardinal Hill,Week5,214.0 Fairfax Station - 188.0 Cardinal Hill
Fairfax Station,Week4,Canterbury Woods,Week3,290.0 Fairfax Station - 112.0 Canterbury Woods
Fairfax Club Estates,Week2,Tuckahoe,Week4,374.0 Tuckahoe - 28.0 Fairfax Club Estates
Fairfax Club Estates,Week5,Mantua,Week2,293.0 Mantua - 103.0 Fairfax Club Estates
Fairfax Club Estates,Week1,Tuckahoe,Week3,354.0 Tuckahoe - 48.0 Fairfax Club Estates
Fairfax Club Estates,Week3,Mantua,Week4,303.0 Mantua - 99.0 Fairfax Club Estates
Fairfax Club Estates,Week4,Mansion House,Week5,263.0 Mansion House - 139.0 Fairfax Club Estates
Fairfax Club Estates,Week4,Tuckahoe,Week1,351.0 Tuckahoe - 51.0 Fairfax Club Estates
Fairfax Station,Week2,Cardinal Hill,Week3,201.5 Fairfax Station - 200.5 Cardinal Hill
Fairfax Station,Week2,Hollin Hills,Week5,313.0 Fairfax Station - 89.0 Hollin Hills
Fairfax Club Estates,Week3,Parliament,Week3,245.0 Parliament - 157.0 Fairfax Club Estates
Fairfax Club Estates,Week2,Pinecrest,Week1,289.0 Pinecrest - 113.0 Fairfax Club Estates
Fairfax Station,Week1,Cardinal Hill,Week1,207.0 Fairfax Station - 195.0 Cardinal Hill
Fairfax Club Estates,Week5,Truro,Week4,204.0 Fairfax Club Estates - 197.0 Truro
Fairfax Club Estates,Week2,Pinecrest,Week3,320.0 Pinecrest - 82.0 Fairfax Club Estates
Fairfax Club Estates,Week5,Mantua,Week4,295.0 Mantua - 107.0 Fairfax Club Estates
Fairfax Station,Week4,Canterbury Woods,Week1,306.0 Fairfax Station - 96.0 Canterbury Woods
Fairfax Club Estates,Week1,Pinecrest,Week4,309.0 Pinecrest - 93.0 Fairfax Club Estates
Fairfax Club Estates,Week3,Mantua,Week2,297.0 Mantua - 105.0 Fairfax Club Estates
Fairfax Club Estates,Week4,Truro,Week1,218.0 Fairfax Club Estates - 183.0 Truro
Fairfax Club Estates,Week1,Pinecrest,Week2,293.0 Pinecrest - 109.0 Fairfax Club Estates
Fairfax Club Estates,Week2,Pinecrest,Week2,309.0 Pinecrest - 93.0 Fairfax Club Estates
Fairfax Club Estates,Week5,Truro,Week2,235.0 Fairfax Club Estates - 163.0 Truro
Fairfax Station,Week3,Hollin Hills,Week2,332.0 Fairfax Station - 68.0 Hollin Hills
Fairfax Club Estates,Week4,Parliament,Week5,238.0 Parliament - 164.0 Fairfax Club Estates
Fairfax Club Estates,Week4,Truro,Week5,243.0 Fairfax Club Estates - 158.0 Truro
Fairfax Club Estates,Week1,Tuckahoe,Week4,364.0 Tuckahoe - 38.0 Fairfax Club Estates
Fairfax Station,Week3,Cardinal Hill,Week3,219.0 Fairfax Station - 183.0 Cardinal Hill
Fairfax Club Estates,Week4,Mantua,Week2,283.0 Mantua - 119.0 Fairfax Club Estates
Fairfax Station,Week5,Canterbury Woods,Week2,327.0 Fairfax Station - 75.0 Canterbury Woods
Fairfax Station,Week3,Canterbury Woods,Week5,296.5 Fairfax Station - 105.5 Canterbury Woods
Fairfax Club Estates,Week2,Tuckahoe,Week2,366.5 Tuckahoe - 35.5 Fairfax Club Estates
Fairfax Station,Week5,Hollin Hills,Week5,318.0 Fairfax Station - 84.0 Hollin Hills
Fairfax Station,Week3,Hollin Meadows,Week3,268.0 Fairfax Station - 134.0 Hollin Meadows
Fairfax Station,Week4,Canterbury Woods,Week4,295.0 Fairfax Station - 107.0 Canterbury Woods
Fairfax Station,Week5,Hollin Hills,Week4,339.0 Fairfax Station - 63.0 Hollin Hills
Fairfax Club Estates,Week1,Mantua,Week3,314.0 Mantua - 88.0 Fairfax Club Estates
Fairfax Club Estates,Week5,Mantua,Week5,308.0 Mantua - 93.0 Fairfax Club Estates
Fairfax Club Estates,Week1,McLean,Week1,305.0 McLean - 97.0 Fairfax Club Estates
Fairfax Station,Week1,Hollin Hills,Week2,322.0 Fairfax Station - 80.0 Hollin Hills
Fairfax Station,Week1,Holmes Run Acres,Week1,266.0 Fairfax Station - 136.0 Holmes Run Acres
Fairfax,Week3,Mosby Woods,Week2,205.0 Fairfax - 197.0 Mosby Woods
Fairfax Club Estates,Week4,Parliament,Week1,256.0 Parliament - 146.0 Fairfax Club Estates
Fairfax Club Estates,Week2,Tuckahoe,Week3,366.0 Tuckahoe - 36.0 Fairfax Club Estates
Fairfax Station,Week1,Cardinal Hill,Week3,210.0 Cardinal Hill - 192.0 Fairfax Station
Fairfax Club Estates,Week1,McLean,Week3,297.0 McLean - 104.0 Fairfax Club Estates
Fairfax Club Estates,Week3,Tuckahoe,Week2,365.0 Tuckahoe - 37.0 Fairfax Club Estates
Fairfax Club Estates,Week2,Pinecrest,Week5,313.0 Pinecrest - 88.0 Fairfax Club Estates
Fairfax Station,Week1,Hollin Meadows,Week4,245.0 Fairfax Station - 157.0 Hollin Meadows
Fairfax Club Estates,Week4,Tuckahoe,Week4,358.0 Tuckahoe - 44.0 Fairfax Club Estates
Fairfax Club Estates,Week3,Tuckahoe,Week5,359.0 Tuckahoe - 43.0 Fairfax Club Estates
Fairfax Club Estates,Week1,McLean,Week2,304.0 McLean - 98.0 Fairfax Club Estates
Fairfax Station,Week2,Cardinal Hill,Week5,231.0 Fairfax Station - 171.0 Cardinal Hill
Fairfax Station,Week3,Chesterbrook,Week1,259.0 Chesterbrook - 143.0 Fairfax Station
Fairfax Club Estates,Week4,Tuckahoe,Week3,360.0 Tuckahoe - 42.0 Fairfax Club Estates
Fairfax Station,Week3,Cardinal Hill,Week4,224.0 Fairfax Station - 178.0 Cardinal Hill
Fairfax Club Estates,Week3,Tuckahoe,Week1,351.0 Tuckahoe - 51.0 Fairfax Club Estates
Fairfax,Week2,Mosby Woods,Week3,213.0 Fairfax - 189.0 Mosby Woods
Fairfax Club Estates,Week1,McLean,Week4,296.0 McLean - 106.0 Fairfax Club Estates
Fairfax Club Estates,Week1,Pinecrest,Week3,300.5 Pinecrest - 101.5 Fairfax Club Estates
Fairfax Station,Week1,Holmes Run Acres,Week2,260.0 Fairfax Station - 142.0 Holmes Run Acres
Fairfax Club Estates,Week3,Parliament,Week4,256.0 Parliament - 146.0 Fairfax Club Estates
Fairfax Club Estates,Week3,Pinecrest,Week3,310.0 Pinecrest - 92.0 Fairfax Club Estates
Fairfax Station,Week5,Canterbury Woods,Week4,319.0 Fairfax Station - 83.0 Canterbury Woods
Fairfax Station,Week2,Holmes Run Acres,Week2,261.0 Fairfax Station - 141.0 Holmes Run Acres
Fairfax Club Estates,Week2,McLean,Week2,314.0 McLean - 88.0 Fairfax Club Estates
Fairfax Club Estates,Week5,Mantua,Week3,314.0 Mantua - 87.0 Fairfax Club Estates
Fairfax Station,Week1,Holmes Run Acres,Week5,220.0 Fairfax Station - 182.0 Holmes Run Acres
Fairfax Club Estates,Week3,Pinecrest,Week1,286.0 Pinecrest - 116.0 Fairfax Club Estates
Fairfax Club Estates,Week3,Tuckahoe,Week4,367.0 Tuckahoe - 35.0 Fairfax Club Estates
Fairfax Club Estates,Week4,Tuckahoe,Week2,357.0 Tuckahoe - 45.0 Fairfax Club Estates
Fairfax Station,Week3,Hollin Meadows,Week4,273.5 Fairfax Station - 128.5 Hollin Meadows
Fairfax Station,Week4,Cardinal Hill,Week1,219.0 Fairfax Station - 183.0 Cardinal Hill
Fairfax Station,Week2,Hollin Meadows,Week1,262.0 Fairfax Station - 140.0 Hollin Meadows
Fairfax Club Estates,Week1,Mosby Woods,Week2,293.0 Mosby Woods - 109.0 Fairfax Club Estates
Fairfax Club Estates,Week2,McLean,Week1,316.0 McLean - 86.0 Fairfax Club Estates
Fairfax Club Estates,Week1,McLean,Week5,323.0 McLean - 79.0 Fairfax Club Estates
Fairfax Station,Week2,Cardinal Hill,Week2,241.5 Fairfax Station - 160.5 Cardinal Hill
Fairfax Station,Week5,Hollin Meadows,Week2,286.5 Fairfax Station - 115.5 Hollin Meadows
Fairfax,Week2,Mosby Woods,Week5,208.0 Fairfax - 194.0 Mosby Woods
Fairfax Club Estates,Week5,Parliament,Week4,242.0 Parliament - 160.0 Fairfax Club Estates
Fairfax Station,Week5,Canterbury Woods,Week3,315.0 Fairfax Station - 87.0 Canterbury Woods
Fairfax Club Estates,Week2,Vienna Aquatic,Week1,340.0 Vienna Aquatic - 62.0 Fairfax Club Estates
Fairfax Station,Week1,Chesterbrook,Week5,298.5 Chesterbrook - 103.5 Fairfax Station
Fairfax Station,Week5,Hollin Meadows,Week4,266.0 Fairfax Station - 136.0 Hollin Meadows
Fairfax Station,Week2,Hollin Meadows,Week5,258.0 Fairfax Station - 144.0 Hollin Meadows
Fairfax,Week3,Mosby Woods,Week5,220.0 Fairfax - 182.0 Mosby Woods
Fairfax Club Estates,Week5,Tuckahoe,Week1,354.0 Tuckahoe - 48.0 Fairfax Club Estates
Fairfax Club Estates,Week1,Pinecrest,Week1,279.0 Pinecrest - 123.0 Fairfax Club Estates
Fairfax Club Estates,Week4,McLean,Week5,300.0 McLean - 102.0 Fairfax Club Estates
Fairfax Club Estates,Week5,Parliament,Week1,261.0 Parliament - 141.0 Fairfax Club Estates
Fairfax Club Estates,Week3,McLean,Week5,302.0 McLean - 100.0 Fairfax Club Estates
Fairfax Club Estates,Week4,McLean,Week4,286.0 McLean - 116.0 Fairfax Club Estates
Fairfax Club Estates,Week1,Vienna Aquatic,Week2,323.0 Vienna Aquatic - 79.0 Fairfax Club Estates
Fairfax Station,Week3,Hollin Meadows,Week1,274.0 Fairfax Station - 128.0 Hollin Meadows
Fairfax Station,Week2,Chesterbrook,Week3,302.0 Chesterbrook - 100.0 Fairfax Station
Fairfax Club Estates,Week1,Vienna Aquatic,Week3,325.0 Vienna Aquatic - 77.0 Fairfax Club Estates
Fairfax Club Estates,Week4,Parliament,Week3,233.0 Parliament - 169.0 Fairfax Club Estates
Fairfax Station,Week5,Hollin Meadows,Week5,269.0 Fairfax Station - 133.0 Hollin Meadows
Fairfax,Week1,Mosby Woods,Week2,215.0 Mosby Woods - 187.0 Fairfax
Fairfax Club Estates,Week3,Parliament,Week2,227.5 Parliament - 173.5 Fairfax Club Estates
Fairfax Station,Week2,Chesterbrook,Week4,292.0 Chesterbrook - 110.0 Fairfax Station
Fairfax Station,Week3,Chesterbrook,Week3,289.0 Chesterbrook - 113.0 Fairfax Station
Fairfax,Week4,Mosby Woods,Week1,213.5 Mosby Woods - 188.5 Fairfax
Fairfax Station,Week2,Hollin Meadows,Week3,252.5 Fairfax Station - 149.5 Hollin Meadows
Fairfax Club Estates,Week3,Parliament,Week5,252.0 Parliament - 150.0 Fairfax Club Estates
Fairfax Club Estates,Week5,Vienna Aquatic,Week5,339.0 Vienna Aquatic - 62.0 Fairfax Club Estates
Fairfax Club Estates,Week2,Mosby Woods,Week2,300.0 Mosby Woods - 102.0 Fairfax Club Estates
Fairfax Station,Week5,Chesterbrook,Week2,286.0 Chesterbrook - 116.0 Fairfax Station
Fairfax Station,Week5,Cardinal Hill,Week5,224.0 Fairfax Station - 178.0 Cardinal Hill
Fairfax Club Estates,Week4,McLean,Week2,295.0 McLean - 107.0 Fairfax Club Estates
Fairfax Club Estates,Week5,Parliament,Week5,248.0 Parliament - 153.0 Fairfax Club Estates
Fairfax Station,Week4,Cardinal Hill,Week3,203.0 Fairfax Station - 199.0 Cardinal Hill
Fairfax Station,Week1,Hollin Meadows,Week5,247.0 Fairfax Station - 155.0 Hollin Meadows
Fairfax,Week3,Mosby Woods,Week3,209.0 Fairfax - 193.0 Mosby Woods
Fairfax Club Estates,Week3,Pinecrest,Week5,308.0 Pinecrest - 93.0 Fairfax Club Estates
Fairfax Station,Week4,Hollin Meadows,Week4,249.0 Fairfax Station - 153.0 Hollin Meadows
Fairfax Club Estates,Week1,Vienna Aquatic,Week4,318.0 Vienna Aquatic - 84.0 Fairfax Club Estates
Fairfax Station,Week1,Chesterbrook,Week1,281.0 Chesterbrook - 121.0 Fairfax Station
Fairfax Club Estates,Week3,Vienna Aquatic,Week2,325.0 Vienna Aquatic - 77.0 Fairfax Club Estates
Fairfax Club Estates,Week4,Vienna Aquatic,Week2,303.0 Vienna Aquatic - 99.0 Fairfax Club Estates
Fairfax,Week1,Mosby Woods,Week1,203.0 Mosby Woods - 199.0 Fairfax
Fairfax Station,Week5,Hollin Meadows,Week1,269.0 Fairfax Station - 133.0 Hollin Meadows
Fairfax Club Estates,Week2,Pinecrest,Week4,312.0 Pinecrest - 90.0 Fairfax Club Estates
Fairfax Club Estates,Week1,Mosby Woods,Week4,289.0 Mosby Woods - 113.0 Fairfax Club Estates
Fairfax Club Estates,Week3,Pinewood Lake,Week3,329.0 Fairfax Club Estates - 59.0 Pinewood Lake
Fairfax Club Estates,Week5,McLean,Week3,296.0 McLean - 106.0 Fairfax Club Estates
Fairfax,Week4,Mosby Woods,Week2,215.0 Mosby Woods - 187.0 Fairfax
Fairfax Club Estates,Week4,McLean,Week3,308.0 McLean - 94.0 Fairfax Club Estates
Fairfax Club Estates,Week2,Vienna Aquatic,Week5,337.0 Vienna Aquatic - 65.0 Fairfax Club Estates
Fairfax Station,Week4,Hollin Meadows,Week2,267.0 Fairfax Station - 135.0 Hollin Meadows
Fairfax Club Estates,Week3,Pinecrest,Week2,297.0 Pinecrest - 105.0 Fairfax Club Estates
Fairfax Club Estates,Week3,Vienna Aquatic,Week1,339.0 Vienna Aquatic - 63.0 Fairfax Club Estates
Fairfax Club Estates,Week1,Mosby Woods,Week1,294.0 Mosby Woods - 108.0 Fairfax Club Estates
Fairfax Station,Week1,Chesterbrook,Week2,297.0 Chesterbrook - 105.0 Fairfax Station
Fairfax,Week4,Mosby Woods,Week3,203.0 Fairfax - 199.0 Mosby Woods
Fairfax Station,Week4,Hollin Meadows,Week5,254.0 Fairfax Station - 148.0 Hollin Meadows
Fairfax Station,Week3,Chesterbrook,Week5,276.5 Chesterbrook - 125.5 Fairfax Station
Fairfax Club Estates,Week1,Mosby Woods,Week3,295.0 Mosby Woods - 107.0 Fairfax Club Estates
Fairfax Club Estates,Week4,Pinecrest,Week4,303.5 Pinecrest - 98.5 Fairfax Club Estates
Fairfax Club Estates,Week4,Vienna Aquatic,Week5,339.0 Vienna Aquatic - 63.0 Fairfax Club Estates
Fairfax Club Estates,Week5,Pinewood Lake,Week2,320.0 Fairfax Club Estates - 71.0 Pinewood Lake
Fairfax,Week1,Mosby Woods,Week3,210.0 Mosby Woods - 192.0 Fairfax
Fairfax Station,Week4,Hollin Meadows,Week3,238.0 Fairfax Station - 164.0 Hollin Meadows
Fairfax Station,Week2,Hollin Meadows,Week2,272.0 Fairfax Station - 130.0 Hollin Meadows
Fairfax Station,Week1,Holmes Run Acres,Week4,263.0 Fairfax Station - 139.0 Holmes Run Acres
Fairfax Station,Week1,Holmes Run Acres,Week3,218.0 Fairfax Station - 184.0 Holmes Run Acres
Fairfax Club Estates,Week4,Pinecrest,Week1,268.0 Pinecrest - 134.0 Fairfax Club Estates
Fairfax Station,Week4,Cardinal Hill,Week4,218.0 Fairfax Station - 184.0 Cardinal Hill
Fairfax Club Estates,Week3,McLean,Week1,306.0 McLean - 96.0 Fairfax Club Estates
Fairfax,Week2,Mosby Woods,Week2,209.0 Mosby Woods - 193.0 Fairfax
Fairfax Club Estates,Week2,Pinewood Lake,Week2,314.0 Fairfax Club Estates - 79.0 Pinewood Lake
Fairfax Club Estates,Week5,Tuckahoe,Week2,369.0 Tuckahoe - 32.0 Fairfax Club Estates
Fairfax Club Estates,Week5,Tuckahoe,Week3,368.0 Tuckahoe - 34.0 Fairfax Club Estates
Fairfax Club Estates,Week4,Pinecrest,Week3,298.0 Pinecrest - 104.0 Fairfax Club Estates
Fairfax Club Estates,Week1,Vienna Aquatic,Week1,323.0 Vienna Aquatic - 79.0 Fairfax Club Estates
Fairfax Club Estates,Week3,McLean,Week4,287.0 McLean - 115.0 Fairfax Club Estates
Fairfax Club Estates,Week3,McLean,Week2,294.0 McLean - 108.0 Fairfax Club Estates
Fairfax Club Estates,Week5,McLean,Week1,304.0 McLean - 98.0 Fairfax Club Estates
Fairfax Club Estates,Week1,Pinewood Lake,Week3,330.0 Fairfax Club Estates - 58.0 Pinewood Lake
Fairfax Station,Week5,Cardinal Hill,Week2,254.0 Fairfax Station - 148.0 Cardinal Hill
Fairfax Club Estates,Week5,McLean,Week4,285.0 McLean - 117.0 Fairfax Club Estates
Fairfax Club Estates,Week2,Vienna Aquatic,Week3,342.0 Vienna Aquatic - 60.0 Fairfax Club Estates
Fairfax Station,Week4,Cardinal Hill,Week5,212.0 Fairfax Station - 190.0 Cardinal Hill
Fairfax,Week2,Mosby Woods,Week4,218.0 Fairfax - 184.0 Mosby Woods
Fairfax Club Estates,Week2,McLean,Week5,324.0 McLean - 78.0 Fairfax Club Estates
Fairfax Station,Week4,Hollin Meadows,Week1,244.0 Fairfax Station - 158.0 Hollin Meadows
Fairfax,Week1,Mosby Woods,Week4,211.0 Fairfax - 191.0 Mosby Woods
Fairfax,Week2,Mosby Woods,Week1,204.0 Fairfax - 198.0 Mosby Woods
Fairfax Station,Week1,Chesterbrook,Week4,291.0 Chesterbrook - 111.0 Fairfax Station
Fairfax Club Estates,Week3,Vienna Aquatic,Week3,331.0 Vienna Aquatic - 71.0 Fairfax Club Estates
Fairfax Station,Week2,Hollin Meadows,Week4,259.0 Fairfax Station - 143.0 Hollin Meadows
Fairfax Station,Week2,Chesterbrook,Week1,284.0 Chesterbrook - 113.0 Fairfax Station
Fairfax Club Estates,Week3,Vienna Aquatic,Week4,322.0 Vienna Aquatic - 80.0 Fairfax Club Estates
Fairfax Station,Week3,Hollin Meadows,Week2,279.5 Fairfax Station - 122.5 Hollin Meadows
Fairfax Station,Week2,Chesterbrook,Week5,295.0 Chesterbrook - 107.0 Fairfax Station
Fairfax Club Estates,Week3,Pinewood Lake,Week1,331.0 Fairfax Club Estates - 58.0 Pinewood Lake
Fairfax Club Estates,Week2,Pinewood Lake,Week5,313.0 Fairfax Club Estates - 80.0 Pinewood Lake
Fairfax Club Estates,Week3,Vienna Aquatic,Week5,338.0 Vienna Aquatic - 64.0 Fairfax Club Estates
Fairfax Station,Week2,Holmes Run Acres,Week1,273.0 Fairfax Station - 129.0 Holmes Run Acres
Fairfax Club Estates,Week3,McLean,Week3,306.0 McLean - 95.0 Fairfax Club Estates
Fairfax Station,Week3,Chesterbrook,Week4,266.0 Chesterbrook - 136.0 Fairfax Station
Fairfax Station,Week5,Hollin Meadows,Week3,266.0 Fairfax Station - 136.0 Hollin Meadows
Fairfax Club Estates,Week2,McLean,Week4,304.0 McLean - 98.0 Fairfax Club Estates
Fairfax,Week3,Mosby Woods,Week1,205.0 Fairfax - 197.0 Mosby Woods
Fairfax Club Estates,Week5,Vienna Aquatic,Week2,314.5 Vienna Aquatic - 87.5 Fairfax Club Estates
Fairfax Club Estates,Week5,McLean,Week2,300.0 McLean - 101.0 Fairfax Club Estates
Fairfax Station,Week2,Chesterbrook,Week2,288.5 Chesterbrook - 113.5 Fairfax Station
Fairfax Club Estates,Week1,Mosby Woods,Week5,292.0 Mosby Woods - 110.0 Fairfax Club Estates
Fairfax Station,Week4,Holmes Run Acres,Week4,270.0 Fairfax Station - 132.0 Holmes Run Acres
Fairfax Club Estates,Week4,Pinecrest,Week5,302.0 Pinecrest - 99.0 Fairfax Club Estates
Fairfax Club Estates,Week5,Pinecrest,Week1,280.0 Pinecrest - 122.0 Fairfax Club Estates
Fairfax Station,Week4,Chesterbrook,Week2,301.0 Chesterbrook - 101.0 Fairfax Station
Fairfax,Week3,Mosby Woods,Week4,231.0 Fairfax - 171.0 Mosby Woods
Fairfax Station,Week5,Cardinal Hill,Week1,244.0 Fairfax Station - 158.0 Cardinal Hill
Fairfax Station,Week5,Cardinal Hill,Week3,222.0 Fairfax Station - 180.0 Cardinal Hill
Fairfax Station,Week3,Hollin Meadows,Week5,273.0 Fairfax Station - 129.0 Hollin Meadows
Fairfax Club Estates,Week5,Vienna Aquatic,Week3,320.0 Vienna Aquatic - 82.0 Fairfax Club Estates
Fairfax Club Estates,Week5,McLean,Week5,309.0 McLean - 93.0 Fairfax Club Estates
Fairfax Club Estates,Week2,Mosby Woods,Week1,304.0 Mosby Woods - 98.0 Fairfax Club Estates
Fairfax Club Estates,Week5,Tuckahoe,Week5,366.0 Tuckahoe - 36.0 Fairfax Club Estates
Fairfax,Week1,Mosby Woods,Week5,202.0 Fairfax - 200.0 Mosby Woods
Fairfax Club Estates,Week1,Pinewood Lake,Week2,334.0 Fairfax Club Estates - 55.0 Pinewood Lake
Fairfax Station,Week4,Chesterbrook,Week1,288.0 Chesterbrook - 114.0 Fairfax Station
Fairfax Station,Week2,Holmes Run Acres,Week5,221.0 Fairfax Station - 181.0 Holmes Run Acres
Fairfax Club Estates,Week5,Pinecrest,Week2,300.0 Pinecrest - 101.0 Fairfax Club Estates
Fairfax Club Estates,Week5,Pinecrest,Week4,306.0 Pinecrest - 96.0 Fairfax Club Estates
Fairfax Club Estates,Week4,Vienna Aquatic,Week4,318.0 Vienna Aquatic - 84.0 Fairfax Club Estates
Fairfax Station,Week1,Hunt Valley,Week3,228.0 Hunt Valley - 174.0 Fairfax Station
Fairfax Club Estates,Week2,Vienna Aquatic,Week2,334.0 Vienna Aquatic - 68.0 Fairfax Club Estates
Fairfax Club Estates,Week5,Hunter Mill,Week3,291.0 Hunter Mill - 111.0 Fairfax Club Estates
Fairfax,Week2,Virginia Run,Week3,275.0 Fairfax - 127.0 Virginia Run
Fairfax Club Estates,Week2,Mosby Woods,Week3,302.0 Mosby Woods - 100.0 Fairfax Club Estates
Fairfax Station,Week4,Chesterbrook,Week4,290.0 Chesterbrook - 112.0 Fairfax Station
Fairfax Club Estates,Week2,Pinewood Lake,Week3,327.0 Fairfax Club Estates - 66.0 Pinewood Lake
Fairfax Station,Week4,Chesterbrook,Week3,322.0 Chesterbrook - 80.0 Fairfax Station
Fairfax Club Estates,Week2,Hunter Mill,Week5,295.0 Hunter Mill - 107.0 Fairfax Club Estates
Fairfax Station,Week5,Cardinal Hill,Week4,244.0 Fairfax Station - 158.0 Cardinal Hill
Fairfax Station,Week3,Holmes Run Acres,Week1,285.0 Fairfax Station - 117.0 Holmes Run Acres
Fairfax Club Estates,Week4,Pinecrest,Week2,299.0 Pinecrest - 103.0 Fairfax Club Estates
Fairfax Station,Week2,Hunt Valley,Week5,222.5 Hunt Valley - 179.5 Fairfax Station
Fairfax Club Estates,Week1,Vienna Aquatic,Week5,339.0 Vienna Aquatic - 63.0 Fairfax Club Estates
Fairfax,Week2,Wakefield Chapel,Week1,217.0 Wakefield Chapel - 185.0 Fairfax
Fairfax Club Estates,Week4,Vienna Aquatic,Week1,316.0 Vienna Aquatic - 86.0 Fairfax Club Estates
Fairfax Club Estates,Week5,Pinecrest,Week5,307.5 Pinecrest - 85.5 Fairfax Club Estates
Fairfax Station,Week4,Chesterbrook,Week5,299.0 Chesterbrook - 103.0 Fairfax Station
Fairfax Station,Week3,Holmes Run Acres,Week2,275.0 Fairfax Station - 127.0 Holmes Run Acres
Fairfax Station,Week5,Holmes Run Acres,Week2,284.5 Fairfax Station - 117.5 Holmes Run Acres
Fairfax Station,Week3,Chesterbrook,Week2,275.0 Chesterbrook - 127.0 Fairfax Station
Fairfax Station,Week4,Holmes Run Acres,Week2,268.0 Fairfax Station - 134.0 Holmes Run Acres
Fairfax Club Estates,Week4,McLean,Week1,297.0 McLean - 105.0 Fairfax Club Estates
Fairfax Club Estates,Week5,Vienna Aquatic,Week1,322.0 Vienna Aquatic - 80.0 Fairfax Club Estates
Fairfax Club Estates,Week1,Pinewood Lake,Week4,325.0 Fairfax Club Estates - 64.0 Pinewood Lake
Fairfax Club Estates,Week2,Pinewood Lake,Week1,323.0 Fairfax Club Estates - 69.0 Pinewood Lake
Fairfax,Week5,Virginia Run,Week5,261.0 Fairfax - 141.0 Virginia Run
Fairfax Club Estates,Week2,Vienna Aquatic,Week4,320.0 Vienna Aquatic - 82.0 Fairfax Club Estates
Fairfax Club Estates,Week5,Hunt Valley,Week4,319.5 Hunt Valley - 82.5 Fairfax Club Estates
Fairfax Club Estates,Week5,Tuckahoe,Week4,368.0 Tuckahoe - 34.0 Fairfax Club Estates
Fairfax Station,Week1,Chesterbrook,Week3,306.0 Chesterbrook - 96.0 Fairfax Station
Fairfax,Week3,Virginia Run,Week2,258.0 Fairfax - 144.0 Virginia Run
Fairfax Station,Week5,Chesterbrook,Week3,294.0 Chesterbrook - 108.0 Fairfax Station
Fairfax Station,Week4,Holmes Run Acres,Week5,217.0 Fairfax Station - 185.0 Holmes Run Acres
Fairfax Club Estates,Week4,Pinewood Lake,Week1,335.0 Fairfax Club Estates - 56.0 Pinewood Lake
Fairfax Club Estates,Week3,Hunter Mill,Week4,292.5 Hunter Mill - 108.5 Fairfax Club Estates
Fairfax Club Estates,Week3,Pinewood Lake,Week4,323.0 Fairfax Club Estates - 66.0 Pinewood Lake
Fairfax Club Estates,Week3,Pinewood Lake,Week2,328.0 Fairfax Club Estates - 60.0 Pinewood Lake
Fairfax Station,Week2,Holmes Run Acres,Week3,231.0 Fairfax Station - 171.0 Holmes Run Acres
Fairfax,Week3,Wakefield Chapel,Week5,214.0 Wakefield Chapel - 188.0 Fairfax
Fairfax Club Estates,Week2,Pinewood Lake,Week4,309.0 Fairfax Club Estates - 84.0 Pinewood Lake
Fairfax,Week3,Virginia Run,Week3,280.0 Fairfax - 122.0 Virginia Run
Fairfax Club Estates,Week2,Rolling Hills,Week1,218.0 Rolling Hills - 183.0 Fairfax Club Estates
Fairfax Station,Week4,Hunt Valley,Week1,203.0 Fairfax Station - 199.0 Hunt Valley
Fairfax,Week3,Virginia Run,Week1,254.0 Fairfax - 148.0 Virginia Run
Fairfax Station,Week1,Commonwealth,Week1,315.0 Fairfax Station - 87.0 Commonwealth
Fairfax Station,Week5,Holmes Run Acres,Week1,295.0 Fairfax Station - 107.0 Holmes Run Acres
Fairfax Station,Week5,Chesterbrook,Week1,264.0 Chesterbrook - 138.0 Fairfax Station
Fairfax Club Estates,Week5,Hunt Valley,Week3,335.0 Hunt Valley - 67.0 Fairfax Club Estates
Fairfax,Week1,Wakefield Chapel,Week3,227.0 Wakefield Chapel - 175.0 Fairfax
Fairfax Club Estates,Week5,Pinecrest,Week3,311.0 Pinecrest - 91.0 Fairfax Club Estates
Fairfax Club Estates,Week5,Hunter Mill,Week1,264.0 Hunter Mill - 138.0 Fairfax Club Estates
Fairfax Club Estates,Week4,Hunter Mill,Week5,287.0 Hunter Mill - 115.0 Fairfax Club Estates
Fairfax,Week2,Virginia Run,Week4,258.0 Fairfax - 144.0 Virginia Run
Fairfax Club Estates,Week2,Rolling Hills,Week5,210.0 Rolling Hills - 192.0 Fairfax Club Estates
Fairfax Station,Week2,Hunt Valley,Week3,216.0 Hunt Valley - 186.0 Fairfax Station
Fairfax Station,Week3,Hunt Valley,Week2,223.0 Fairfax Station - 179.0 Hunt Valley
Fairfax,Week1,Wakefield Chapel,Week4,210.0 Wakefield Chapel - 192.0 Fairfax
Fairfax Station,Week5,Chesterbrook,Week5,287.0 Chesterbrook - 115.0 Fairfax Station
Fairfax Club Estates,Week2,Hunter Mill,Week4,294.0 Hunter Mill - 108.0 Fairfax Club Estates
Fairfax Club Estates,Week5,Vienna Aquatic,Week4,311.5 Vienna Aquatic - 85.5 Fairfax Club Estates
Fairfax Club Estates,Week5,Rolling Hills,Week2,206.0 Rolling Hills - 190.0 Fairfax Club Estates
Fairfax Club Estates,Week1,Hunter Mill,Week3,291.0 Hunter Mill - 111.0 Fairfax Club Estates
Fairfax Station,Week3,Hunt Valley,Week5,203.0 Hunt Valley - 199.0 Fairfax Station
Fairfax Club Estates,Week2,Hunter Mill,Week1,266.0 Hunter Mill - 136.0 Fairfax Club Estates
Fairfax Club Estates,Week4,Vienna Aquatic,Week3,320.5 Vienna Aquatic - 81.5 Fairfax Club Estates
Fairfax Station,Week5,Chesterbrook,Week4,278.0 Chesterbrook - 124.0 Fairfax Station
Fairfax Club Estates,Week1,Vienna Woods,Week1,329.0 Vienna Woods - 68.0 Fairfax Club Estates
Fairfax Club Estates,Week1,Pinewood Lake,Week5,328.0 Fairfax Club Estates - 67.0 Pinewood Lake
Fairfax Station,Week1,Cottontail,Week2,277.0 Fairfax Station - 125.0 Cottontail
Fairfax Club Estates,Week3,Pinewood Lake,Week5,318.0 Fairfax Club Estates - 73.0 Pinewood Lake
Fairfax Station,Week1,Commonwealth,Week2,291.0 Fairfax Station - 111.0 Commonwealth
Fairfax,Week5,Virginia Run,Week1,281.5 Fairfax - 120.5 Virginia Run
Fairfax Club Estates,Week5,Rolling Forest,Week2,200.0 Rolling Forest - 196.0 Fairfax Club Estates
Fairfax Station,Week4,Holmes Run Acres,Week1,275.0 Fairfax Station - 127.0 Holmes Run Acres
Fairfax Station,Week3,Holmes Run Acres,Week5,245.0 Fairfax Station - 157.0 Holmes Run Acres
Fairfax Station,Week3,Commonwealth,Week3,314.0 Fairfax Station - 88.0 Commonwealth
Fairfax Club Estates,Week5,Rolling Forest,Week5,227.0 Rolling Forest - 174.0 Fairfax Club Estates
Fairfax Club Estates,Week3,Hunter Mill,Week1,267.0 Hunter Mill - 135.0 Fairfax Club Estates
Fairfax Station,Week4,Holmes Run Acres,Week3,220.0 Fairfax Station - 182.0 Holmes Run Acres
Fairfax Club Estates,Week4,Pinewood Lake,Week3,339.0 Fairfax Club Estates - 59.0 Pinewood Lake
Fairfax Club Estates,Week5,Rolling Hills,Week3,206.0 Rolling Hills - 195.0 Fairfax Club Estates
Fairfax,Week3,Virginia Run,Week4,257.0 Fairfax - 145.0 Virginia Run
Fairfax Club Estates,Week5,Hunt Valley,Week5,324.0 Hunt Valley - 78.0 Fairfax Club Estates
Fairfax Club Estates,Week5,Hunt Valley,Week2,322.0 Hunt Valley - 80.0 Fairfax Club Estates
Fairfax Station,Week5,Commonwealth,Week3,317.5 Fairfax Station - 84.5 Commonwealth
Fairfax,Week4,Virginia Run,Week5,215.0 Fairfax - 187.0 Virginia Run
Fairfax Station,Week4,Commonwealth,Week2,278.0 Fairfax Station - 124.0 Commonwealth
Fairfax Club Estates,Week4,Pinewood Lake,Week2,334.0 Fairfax Club Estates - 65.0 Pinewood Lake
Fairfax Station,Week2,Commonwealth,Week1,311.0 Fairfax Station - 86.0 Commonwealth
Fairfax Club Estates,Week5,Rolling Hills,Week5,209.0 Fairfax Club Estates - 192.0 Rolling Hills
Fairfax Club Estates,Week4,Hunter Mill,Week1,249.0 Hunter Mill - 153.0 Fairfax Club Estates
Fairfax,Week4,Virginia Run,Week2,262.0 Fairfax - 140.0 Virginia Run
Fairfax Club Estates,Week4,Pinewood Lake,Week5,322.0 Fairfax Club Estates - 77.0 Pinewood Lake
Fairfax Club Estates,Week1,Hunter Mill,Week2,262.0 Hunter Mill - 139.0 Fairfax Club Estates
Fairfax Station,Week3,Holmes Run Acres,Week4,287.0 Fairfax Station - 115.0 Holmes Run Acres
Fairfax Club Estates,Week4,Pinewood Lake,Week4,325.0 Fairfax Club Estates - 74.0 Pinewood Lake
Fairfax,Week3,Virginia Run,Week5,236.5 Fairfax - 165.5 Virginia Run
Fairfax Club Estates,Week1,Rolling Valley,Week4,245.0 Fairfax Club Estates - 157.0 Rolling Valley
Fairfax Club Estates,Week1,Pinewood Lake,Week1,335.0 Fairfax Club Estates - 54.0 Pinewood Lake
Fairfax Station,Week4,Hunt Valley,Week2,206.0 Fairfax Station - 196.0 Hunt Valley
Fairfax Station,Week2,Commonwealth,Week4,309.0 Fairfax Station - 88.0 Commonwealth
Fairfax Club Estates,Week2,Pleasant Valley,Week1,248.5 Fairfax Club Estates - 147.5 Pleasant Valley
Fairfax,Week3,Rolling Hills,Week1,303.0 Fairfax - 98.0 Rolling Hills
Fairfax Club Estates,Week4,Hunter Mill,Week4,276.0 Hunter Mill - 126.0 Fairfax Club Estates
Fairfax,Week5,Virginia Run,Week2,294.0 Fairfax - 108.0 Virginia Run
Fairfax Club Estates,Week2,Hunter Mill,Week2,270.0 Hunter Mill - 132.0 Fairfax Club Estates
Fairfax Station,Week5,Holmes Run Acres,Week4,286.0 Fairfax Station - 116.0 Holmes Run Acres
Fairfax,Week3,Rolling Hills,Week5,299.0 Fairfax - 103.0 Rolling Hills
Fairfax Station,Week3,Holmes Run Acres,Week3,240.0 Fairfax Station - 162.0 Holmes Run Acres
Fairfax Station,Week5,Holmes Run Acres,Week3,253.0 Fairfax Station - 149.0 Holmes Run Acres
Fairfax,Week2,Rolling Valley,Week1,366.0 Fairfax - 36.0 Rolling Valley
Fairfax Club Estates,Week2,Hunter Mill,Week3,296.0 Hunter Mill - 106.0 Fairfax Club Estates
Fairfax Station,Week5,Commonwealth,Week4,320.0 Fairfax Station - 82.0 Commonwealth
Fairfax,Week5,Virginia Run,Week4,269.0 Fairfax - 133.0 Virginia Run
Fairfax Club Estates,Week3,Hunter Mill,Week3,290.0 Hunter Mill - 112.0 Fairfax Club Estates
Fairfax,Week1,Wakefield Chapel,Week1,239.0 Wakefield Chapel - 163.0 Fairfax
Fairfax Club Estates,Week5,Rolling Forest,Week3,219.0 Rolling Forest - 183.0 Fairfax Club Estates
Fairfax Station,Week3,Commonwealth,Week2,300.0 Fairfax Station - 102.0 Commonwealth
Fairfax Club Estates,Week3,Rolling Hills,Week1,209.0 Rolling Hills - 192.0 Fairfax Club Estates
Fairfax Station,Week5,Commonwealth,Week5,298.0 Fairfax Station - 104.0 Commonwealth
Fairfax Club Estates,Week3,Rolling Hills,Week5,211.0 Rolling Hills - 191.0 Fairfax Club Estates
Fairfax Station,Week1,Hunt Valley,Week2,202.0 Hunt Valley - 200.0 Fairfax Station
Fairfax,Week4,Virginia Run,Week3,255.0 Fairfax - 147.0 Virginia Run
Fairfax Club Estates,Week5,Pinewood Lake,Week1,328.0 Fairfax Club Estates - 60.0 Pinewood Lake
Fairfax Club Estates,Week5,Pinewood Lake,Week4,322.0 Fairfax Club Estates - 68.0 Pinewood Lake
Fairfax Club Estates,Week5,Rolling Forest,Week4,204.0 Rolling Forest - 197.0 Fairfax Club Estates
Fairfax Club Estates,Week3,Hunter Mill,Week5,294.0 Hunter Mill - 108.0 Fairfax Club Estates
Fairfax Station,Week3,Cottontail,Week3,297.0 Fairfax Station - 105.0 Cottontail
Fairfax,Week2,Virginia Run,Week5,243.0 Fairfax - 159.0 Virginia Run
Fairfax Club Estates,Week3,Rolling Hills,Week4,202.0 Fairfax Club Estates - 196.0 Rolling Hills
Fairfax Club Estates,Week5,Pinewood Lake,Week3,324.0 Fairfax Club Estates - 64.0 Pinewood Lake
Fairfax Club Estates,Week3,Hunter Mill,Week2,264.0 Hunter Mill - 137.0 Fairfax Club Estates
Fairfax Station,Week1,Commonwealth,Week5,289.0 Fairfax Station - 113.0 Commonwealth
Fairfax,Week3,Rolling Hills,Week2,285.5 Fairfax - 116.5 Rolling Hills
Fairfax Station,Week2,Commonwealth,Week5,293.0 Fairfax Station - 109.0 Commonwealth
Fairfax,Week2,Wakefield Chapel,Week3,209.0 Wakefield Chapel - 193.0 Fairfax
Fairfax Station,Week1,Hunt Valley,Week1,214.0 Hunt Valley - 188.0 Fairfax Station
Fairfax Club Estates,Week1,Pleasant Valley,Week4,265.0 Fairfax Club Estates - 132.0 Pleasant Valley
Fairfax Club Estates,Week2,Rolling Hills,Week2,218.0 Rolling Hills - 184.0 Fairfax Club Estates
Fairfax Club Estates,Week1,Rolling Hills,Week5,216.0 Fairfax Club Estates - 186.0 Rolling Hills
Fairfax Club Estates,Week4,Hunter Mill,Week2,258.0 Hunter Mill - 144.0 Fairfax Club Estates
Fairfax Club Estates,Week3,Pleasant Valley,Week2,266.0 Fairfax Club Estates - 130.0 Pleasant Valley
Fairfax Club Estates,Week2,Pleasant Valley,Week4,255.0 Fairfax Club Estates - 137.0 Pleasant Valley
Fairfax,Week4,Rolling Valley,Week2,344.0 Fairfax - 58.0 Rolling Valley
Fairfax Station,Week3,Commonwealth,Week4,318.0 Fairfax Station - 84.0 Commonwealth
Fairfax Station,Week2,Hunt Valley,Week1,202.0 Hunt Valley - 200.0 Fairfax Station
Fairfax,Week4,Rolling Hills,Week4,298.5 Fairfax - 99.5 Rolling Hills
Fairfax Club Estates,Week1,Hunter Mill,Week1,257.0 Hunter Mill - 145.0 Fairfax Club Estates
Fairfax,Week5,Rolling Hills,Week2,302.0 Fairfax - 100.0 Rolling Hills
Fairfax Club Estates,Week1,Hunter Mill,Week4,286.0 Hunter Mill - 115.0 Fairfax Club Estates
Fairfax Club Estates,Week4,Rolling Hills,Week5,214.0 Fairfax Club Estates - 188.0 Rolling Hills
Fairfax,Week5,Virginia Run,Week3,281.0 Fairfax - 121.0 Virginia Run
Fairfax Club Estates,Week4,Hunter Mill,Week3,279.0 Hunter Mill - 123.0 Fairfax Club Estates
Fairfax Station,Week2,Hunt Valley,Week2,202.0 Hunt Valley - 200.0 Fairfax Station
Fairfax,Week2,Rolling Valley,Week2,345.0 Fairfax - 57.0 Rolling Valley
Fairfax Station,Week2,Cottontail,Week2,272.5 Fairfax Station - 129.5 Cottontail
Fairfax,Week1,Wakefield Chapel,Week2,214.0 Wakefield Chapel - 188.0 Fairfax
Fairfax Station,Week2,Holmes Run Acres,Week4,263.5 Fairfax Station - 138.5 Holmes Run Acres
Fairfax Club Estates,Week2,Pleasant Valley,Week5,246.5 Fairfax Club Estates - 142.5 Pleasant Valley
Fairfax Club Estates,Week1,Hunter Mill,Week5,285.0 Hunter Mill - 117.0 Fairfax Club Estates
Fairfax,Week3,Rolling Valley,Week1,364.0 Fairfax - 38.0 Rolling Valley
Fairfax,Week2,Wakefield Chapel,Week4,201.0 Fairfax - 201.0 Wakefield Chapel
Fairfax,Week4,Virginia Run,Week1,237.0 Fairfax - 165.0 Virginia Run
Fairfax Station,Week1,Hunt Valley,Week4,225.0 Hunt Valley - 177.0 Fairfax Station
Fairfax Club Estates,Week1,Pleasant Valley,Week3,232.0 Fairfax Club Estates - 168.0 Pleasant Valley
Fairfax Station,Week4,Commonwealth,Week4,299.0 Fairfax Station - 103.0 Commonwealth
Fairfax Club Estates,Week1,Rolling Hills,Week1,202.0 Fairfax Club Estates - 200.0 Rolling Hills
Fairfax Club Estates,Week2,Pleasant Valley,Week3,226.5 Fairfax Club Estates - 174.5 Pleasant Valley
Fairfax Club Estates,Week4,Rolling Hills,Week3,202.0 Fairfax Club Estates - 200.0 Rolling Hills
Fairfax,Week1,Wakefield Chapel,Week5,235.0 Wakefield Chapel - 167.0 Fairfax
Fairfax Station,Week5,Holmes Run Acres,Week5,250.0 Fairfax Station - 152.0 Holmes Run Acres
Fairfax Club Estates,Week3,Rolling Hills,Week3,213.0 Rolling Hills - 188.0 Fairfax Club Estates
Fairfax Station,Week1,Commonwealth,Week3,303.0 Fairfax Station - 99.0 Commonwealth
Fairfax,Week3,Rolling Valley,Week3,354.0 Fairfax - 48.0 Rolling Valley
Fairfax,Week2,Rolling Hills,Week4,303.0 Fairfax - 99.0 Rolling Hills
Fairfax Club Estates,Week5,Hunter Mill,Week2,272.0 Hunter Mill - 130.0 Fairfax Club Estates
Fairfax Club Estates,Week4,Rolling Hills,Week1,218.0 Fairfax Club Estates - 183.0 Rolling Hills
Fairfax,Week5,Rolling Hills,Week4,318.0 Fairfax - 80.0 Rolling Hills
Fairfax,Week2,Wakefield Chapel,Week2,202.0 Wakefield Chapel - 200.0 Fairfax
Fairfax Station,Week2,Hunt Valley,Week4,224.0 Hunt Valley - 178.0 Fairfax Station
Fairfax Club Estates,Week1,Pleasant Valley,Week1,262.0 Fairfax Club Estates - 138.0 Pleasant Valley
Fairfax Club Estates,Week3,Pleasant Valley,Week3,249.0 Fairfax Club Estates - 151.0 Pleasant Valley
Fairfax Station,Week3,Commonwealth,Week1,325.0 Fairfax Station - 77.0 Commonwealth
Fairfax Station,Week4,Commonwealth,Week3,291.0 Fairfax Station - 111.0 Commonwealth
Fairfax,Week4,Virginia Run,Week4,229.0 Fairfax - 173.0 Virginia Run
Fairfax Club Estates,Week3,Rolling Hills,Week2,227.0 Rolling Hills - 175.0 Fairfax Club Estates
Fairfax Station,Week3,Hunt Valley,Week1,222.5 Fairfax Station - 179.5 Hunt Valley
Fairfax Club Estates,Week3,Pleasant Valley,Week5,264.0 Fairfax Club Estates - 132.0 Pleasant Valley
Fairfax Club Estates,Week5,Hunter Mill,Week4,282.0 Hunter Mill - 120.0 Fairfax Club Estates
Fairfax Station,Week4,Commonwealth,Week1,299.0 Fairfax Station - 103.0 Commonwealth
Fairfax Club Estates,Week4,Pleasant Valley,Week1,276.0 Fairfax Club Estates - 117.0 Pleasant Valley
Fairfax,Week3,Wakefield Chapel,Week1,208.0 Wakefield Chapel - 194.0 Fairfax
Fairfax,Week2,Wakefield Chapel,Week5,223.0 Wakefield Chapel - 179.0 Fairfax
Fairfax Station,Week5,Commonwealth,Week2,299.0 Fairfax Station - 103.0 Commonwealth
Fairfax,Week4,Rolling Hills,Week1,292.0 Fairfax - 109.0 Rolling Hills
Fairfax Club Estates,Week2,Rolling Hills,Week4,200.0 Rolling Hills - 198.0 Fairfax Club Estates
Fairfax Club Estates,Week1,Kent Gardens,Week1,237.0 Kent Gardens - 165.0 Fairfax Club Estates
Fairfax Station,Week1,Hunt Valley,Week5,231.0 Hunt Valley - 171.0 Fairfax Station
Fairfax Club Estates,Week1,Rolling Hills,Week2,202.0 Rolling Hills - 200.0 Fairfax Club Estates
Fairfax Station,Week3,Hunt Valley,Week3,203.5 Hunt Valley - 198.5 Fairfax Station
Fairfax Club Estates,Week1,Ilda Community,Week4,214.0 Fairfax Club Estates - 187.0 Ilda Community
Fairfax,Week3,Wakefield Chapel,Week2,212.0 Fairfax - 190.0 Wakefield Chapel
Fairfax Club Estates,Week4,Ilda Community,Week4,228.0 Fairfax Club Estates - 174.0 Ilda Community
Fairfax Club Estates,Week3,Forest Hollow,Week2,258.0 Forest Hollow - 144.0 Fairfax Club Estates
Fairfax Club Estates,Week4,Pleasant Valley,Week2,276.0 Fairfax Club Estates - 117.0 Pleasant Valley
Fairfax Club Estates,Week5,Pinewood Lake,Week5,318.0 Fairfax Club Estates - 73.0 Pinewood Lake
Fairfax Club Estates,Week2,Ilda Community,Week5,212.0 Fairfax Club Estates - 187.0 Ilda Community
Fairfax Station,Week4,Hunt Valley,Week5,228.0 Hunt Valley - 174.0 Fairfax Station
Fairfax Club Estates,Week1,Rolling Hills,Week4,206.0 Fairfax Club Estates - 195.0 Rolling Hills
Fairfax,Week1,Rolling Valley,Week1,358.0 Fairfax - 44.0 Rolling Valley
Fairfax Station,Week2,Commonwealth,Week2,294.0 Fairfax Station - 108.0 Commonwealth
Fairfax,Week4,Rolling Hills,Week3,289.0 Fairfax - 113.0 Rolling Hills
Fairfax Station,Week3,Hunter Mill,Week2,243.0 Fairfax Station - 159.0 Hunter Mill
Fairfax Club Estates,Week1,Ilda Community,Week5,233.0 Fairfax Club Estates - 165.0 Ilda Community
Fairfax Club Estates,Week5,Rolling Forest,Week1,211.0 Rolling Forest - 190.0 Fairfax Club Estates
Fairfax Club Estates,Week2,Forest Hollow,Week2,260.0 Forest Hollow - 142.0 Fairfax Club Estates
Fairfax Club Estates,Week1,Pleasant Valley,Week5,252.0 Fairfax Club Estates - 140.0 Pleasant Valley
Fairfax,Week1,Rolling Valley,Week3,338.0 Fairfax - 64.0 Rolling Valley
Fairfax Club Estates,Week1,Pleasant Valley,Week2,249.0 Fairfax Club Estates - 150.0 Pleasant Valley
Fairfax Club Estates,Week4,Rolling Hills,Week2,205.0 Rolling Hills - 197.0 Fairfax Club Estates
Fairfax Station,Week3,Hunt Valley,Week4,210.0 Hunt Valley - 192.0 Fairfax Station
Fairfax,Week2,Rolling Hills,Week5,308.0 Fairfax - 94.0 Rolling Hills
Fairfax,Week3,Wakefield Chapel,Week4,216.0 Fairfax - 186.0 Wakefield Chapel
Fairfax Club Estates,Week4,Forest Hollow,Week1,245.0 Forest Hollow - 157.0 Fairfax Club Estates
Fairfax,Week3,Wakefield Chapel,Week3,206.5 Wakefield Chapel - 195.5 Fairfax
Fairfax Club Estates,Week2,Forest Hollow,Week4,275.0 Forest Hollow - 127.0 Fairfax Club Estates
Fairfax Station,Week1,Commonwealth,Week4,298.0 Fairfax Station - 104.0 Commonwealth
Fairfax Club Estates,Week4,Rolling Hills,Week4,211.0 Fairfax Club Estates - 182.0 Rolling Hills
Fairfax Station,Week1,Hunter Mill,Week1,228.0 Fairfax Station - 174.0 Hunter Mill
Fairfax Station,Week3,Commonwealth,Week5,291.0 Fairfax Station - 111.0 Commonwealth
Fairfax,Week4,Wakefield Chapel,Week2,213.0 Wakefield Chapel - 189.0 Fairfax
Fairfax Station,Week2,Commonwealth,Week3,313.0 Fairfax Station - 89.0 Commonwealth
Fairfax Club Estates,Week2,Ilda Community,Week1,219.0 Fairfax Club Estates - 182.0 Ilda Community
Fairfax Station,Week1,Ilda Community,Week2,319.0 Fairfax Station - 83.0 Ilda Community
Fairfax Station,Week5,Commonwealth,Week1,317.5 Fairfax Station - 84.5 Commonwealth
Fairfax Station,Week2,Cottontail,Week1,266.0 Fairfax Station - 136.0 Cottontail
Fairfax Club Estates,Week3,Pleasant Valley,Week4,269.0 Fairfax Club Estates - 124.0 Pleasant Valley
Fairfax Station,Week4,Hunter Mill,Week1,225.0 Fairfax Station - 177.0 Hunter Mill
Fairfax Club Estates,Week3,Ilda Community,Week5,223.0 Fairfax Club Estates - 174.0 Ilda Community
Fairfax Club Estates,Week1,Ilda Community,Week3,241.0 Fairfax Club Estates - 155.0 Ilda Community
Fairfax,Week2,Walden Glen,Week3,291.0 Fairfax - 111.0 Walden Glen
Fairfax,Week1,Rolling Valley,Week4,331.0 Fairfax - 71.0 Rolling Valley
Fairfax,Week4,Walden Glen,Week1,305.0 Fairfax - 97.0 Walden Glen
Fairfax Station,Week2,Hunter Mill,Week4,225.0 Fairfax Station - 177.0 Hunter Mill
Fairfax Club Estates,Week2,Pleasant Valley,Week2,256.0 Fairfax Club Estates - 139.0 Pleasant Valley
Fairfax Club Estates,Week5,Forest Hollow,Week4,253.0 Forest Hollow - 148.0 Fairfax Club Estates
Fairfax,Week5,Rolling Hills,Week3,313.0 Fairfax - 89.0 Rolling Hills
Fairfax,Week5,Rolling Hills,Week1,311.0 Fairfax - 90.0 Rolling Hills
Fairfax,Week3,Rolling Hills,Week4,304.0 Fairfax - 94.0 Rolling Hills
Fairfax Club Estates,Week4,Forest Hollow,Week4,257.0 Forest Hollow - 145.0 Fairfax Club Estates
Fairfax Club Estates,Week3,Pleasant Valley,Week1,277.0 Fairfax Club Estates - 120.0 Pleasant Valley
Fairfax Station,Week5,Hunter Mill,Week1,241.5 Fairfax Station - 160.5 Hunter Mill
Fairfax Club Estates,Week5,Rolling Hills,Week1,202.0 Fairfax Club Estates - 196.0 Rolling Hills
Fairfax Club Estates,Week2,Rolling Hills,Week3,212.0 Rolling Hills - 190.0 Fairfax Club Estates
Fairfax Club Estates,Week3,Forest Hollow,Week4,270.0 Forest Hollow - 132.0 Fairfax Club Estates
Fairfax Club Estates,Week3,Ilda Community,Week3,233.0 Fairfax Club Estates - 167.0 Ilda Community
Fairfax Club Estates,Week3,Forest Hollow,Week3,266.0 Forest Hollow - 136.0 Fairfax Club Estates
Fairfax Club Estates,Week1,Rolling Valley,Week1,287.0 Fairfax Club Estates - 115.0 Rolling Valley
Fairfax,Week2,Rolling Hills,Week3,299.0 Fairfax - 103.0 Rolling Hills
Fairfax,Week4,Walden Glen,Week4,270.0 Fairfax - 131.0 Walden Glen
Fairfax,Week4,Wakefield Chapel,Week1,226.0 Wakefield Chapel - 176.0 Fairfax
Fairfax,Week3,Walden Glen,Week2,277.0 Fairfax - 124.0 Walden Glen
Fairfax Club Estates,Week5,Rolling Hills,Week4,205.0 Fairfax Club Estates - 188.0 Rolling Hills
Fairfax Club Estates,Week5,Fairfax Station,Week4,300.0 Fairfax Station - 102.0 Fairfax Club Estates
Fairfax Station,Week1,Cottontail,Week1,264.0 Fairfax Station - 138.0 Cottontail
Fairfax Club Estates,Week1,Rolling Valley,Week2,245.0 Fairfax Club Estates - 157.0 Rolling Valley
Fairfax Station,Week5,Hunt Valley,Week3,221.0 Fairfax Station - 181.0 Hunt Valley
Fairfax Club Estates,Week1,Rolling Hills,Week3,205.0 Fairfax Club Estates - 197.0 Rolling Hills
Fairfax Station,Week1,Cottontail,Week4,263.0 Fairfax Station - 139.0 Cottontail
Fairfax Club Estates,Week5,Ilda Community,Week4,221.0 Fairfax Club Estates - 179.0 Ilda Community
Fairfax Club Estates,Week5,Ilda Community,Week1,229.0 Fairfax Club Estates - 171.0 Ilda Community
Fairfax Station,Week4,Hunt Valley,Week4,216.0 Hunt Valley - 186.0 Fairfax Station
Fairfax Station,Week4,Commonwealth,Week5,273.0 Fairfax Station - 129.0 Commonwealth
Fairfax,Week3,Rolling Hills,Week3,292.0 Fairfax - 110.0 Rolling Hills
Fairfax Club Estates,Week3,Ilda Community,Week2,218.5 Fairfax Club Estates - 182.5 Ilda Community
Fairfax Station,Week2,Cottontail,Week5,263.0 Fairfax Station - 139.0 Cottontail
Fairfax Station,Week3,Hunter Mill,Week1,248.0 Fairfax Station - 154.0 Hunter Mill
Fairfax Station,Week2,Cottontail,Week4,262.0 Fairfax Station - 140.0 Cottontail
Fairfax,Week1,Walden Glen,Week2,276.5 Fairfax - 125.5 Walden Glen
Fairfax Station,Week4,Hunter Mill,Week5,201.0 Fairfax Station - 201.0 Hunter Mill
Fairfax Club Estates,Week1,Forest Hollow,Week3,258.0 Forest Hollow - 144.0 Fairfax Club Estates
Fairfax,Week4,Rolling Hills,Week5,296.0 Fairfax - 106.0 Rolling Hills
Fairfax Station,Week2,Cottontail,Week3,275.0 Fairfax Station - 127.0 Cottontail
Fairfax,Week1,Rolling Valley,Week2,332.0 Fairfax - 70.0 Rolling Valley
Fairfax Club Estates,Week4,Forest Hollow,Week3,250.0 Forest Hollow - 152.0 Fairfax Club Estates
Fairfax,Week5,Rolling Hills,Week5,316.0 Fairfax - 86.0 Rolling Hills
Fairfax Club Estates,Week1,Forest Hollow,Week1,259.0 Forest Hollow - 143.0 Fairfax Club Estates
Fairfax Club Estates,Week1,Fox Hunt,Week4,238.0 Fox Hunt - 164.0 Fairfax Club Estates
Fairfax Station,Week5,Hunter Mill,Week4,242.0 Fairfax Station - 160.0 Hunter Mill
Fairfax,Week4,Walden Glen,Week3,295.0 Fairfax - 107.0 Walden Glen
Fairfax Club Estates,Week3,Rolling Valley,Week5,232.0 Fairfax Club Estates - 170.0 Rolling Valley
Fairfax Club Estates,Week2,Ilda Community,Week2,219.0 Fairfax Club Estates - 183.0 Ilda Community
Fairfax Club Estates,Week1,Ilda Community,Week1,228.0 Fairfax Club Estates - 170.0 Ilda Community
Fairfax,Week1,Walden Glen,Week4,260.0 Fairfax - 142.0 Walden Glen
Fairfax Club Estates,Week2,Ilda Community,Week3,227.0 Fairfax Club Estates - 174.0 Ilda Community
Fairfax Station,Week1,Ilda Community,Week1,325.0 Fairfax Station - 77.0 Ilda Community
Fairfax Station,Week1,Cottontail,Week5,269.0 Fairfax Station - 133.0 Cottontail
Fairfax Club Estates,Week5,Rolling Valley,Week1,293.5 Fairfax Club Estates - 106.5 Rolling Valley
Fairfax Club Estates,Week1,Rolling Valley,Week3,243.0 Fairfax Club Estates - 159.0 Rolling Valley
Fairfax,Week2,Walden Glen,Week2,288.0 Fairfax - 114.0 Walden Glen
Fairfax,Week4,Wakefield Chapel,Week4,207.0 Wakefield Chapel - 195.0 Fairfax
Fairfax Club Estates,Week5,Ilda Community,Week3,250.0 Fairfax Club Estates - 150.0 Ilda Community
Fairfax,Week2,Rolling Valley,Week5,341.0 Fairfax - 61.0 Rolling Valley
Fairfax Station,Week1,Hunter Mill,Week2,226.0 Fairfax Station - 176.0 Hunter Mill
Fairfax Club Estates,Week4,Fairfax Station,Week4,298.0 Fairfax Station - 104.0 Fairfax Club Estates
Fairfax Station,Week3,Cottontail,Week2,285.0 Fairfax Station - 117.0 Cottontail
Fairfax,Week2,Rolling Valley,Week4,339.0 Fairfax - 63.0 Rolling Valley
Fairfax Station,Week5,Hunt Valley,Week4,223.0 Fairfax Station - 179.0 Hunt Valley
Fairfax Station,Week2,Country Club Hills,Week1,282.0 Fairfax Station - 120.0 Country Club Hills
Fairfax Station,Week5,Hunt Valley,Week2,231.0 Fairfax Station - 171.0 Hunt Valley
Fairfax Club Estates,Week1,Forest Hollow,Week4,270.0 Forest Hollow - 132.0 Fairfax Club Estates
Fairfax,Week1,Rolling Valley,Week5,321.0 Fairfax - 81.0 Rolling Valley
Fairfax,Week5,Wakefield Chapel,Week2,218.0 Fairfax - 184.0 Wakefield Chapel
Fairfax,Week2,Rolling Valley,Week3,354.0 Fairfax - 48.0 Rolling Valley
Fairfax,Week3,Walden Glen,Week4,276.0 Fairfax - 125.0 Walden Glen
Fairfax,Week4,Wakefield Chapel,Week3,228.0 Wakefield Chapel - 174.0 Fairfax
Fairfax Club Estates,Week5,Ilda Community,Week2,237.0 Fairfax Club Estates - 164.0 Ilda Community
Fairfax Club Estates,Week4,Fairfax Station,Week5,312.0 Fairfax Station - 90.0 Fairfax Club Estates
Fairfax Club Estates,Week1,Rutherford,Week3,217.0 Fairfax Club Estates - 185.0 Rutherford
Fairfax Club Estates,Week2,Rutherford,Week2,225.0 Fairfax Club Estates - 176.0 Rutherford
Fairfax Club Estates,Week4,Ilda Community,Week1,240.0 Fairfax Club Estates - 161.0 Ilda Community
Fairfax,Week4,Rolling Hills,Week2,282.5 Fairfax - 119.5 Rolling Hills
Fairfax Station,Week1,Hunter Mill,Week3,216.0 Fairfax Station - 186.0 Hunter Mill
Fairfax Club Estates,Week4,Ilda Community,Week2,246.0 Fairfax Club Estates - 156.0 Ilda Community
Fairfax Club Estates,Week2,Rutherford,Week3,211.0 Fairfax Club Estates - 190.0 Rutherford
Fairfax Club Estates,Week3,Rolling Valley,Week2,247.0 Fairfax Club Estates - 155.0 Rolling Valley
Fairfax Station,Week3,Cottontail,Week1,282.0 Fairfax Station - 120.0 Cottontail
Fairfax Club Estates,Week1,Rutherford,Week5,206.5 Fairfax Club Estates - 195.5 Rutherford
Fairfax Station,Week1,Cottontail,Week3,273.0 Fairfax Station - 129.0 Cottontail
Fairfax Club Estates,Week2,Forest Hollow,Week5,282.0 Forest Hollow - 120.0 Fairfax Club Estates
Fairfax,Week5,Walden Glen,Week1,336.0 Fairfax - 66.0 Walden Glen
Fairfax,Week3,Rolling Valley,Week5,339.0 Fairfax - 63.0 Rolling Valley
Fairfax Club Estates,Week5,Rolling Valley,Week3,257.0 Fairfax Club Estates - 145.0 Rolling Valley
Fairfax Club Estates,Week5,Ilda Community,Week5,229.0 Fairfax Club Estates - 168.0 Ilda Community
Fairfax Club Estates,Week5,Fairfax Station,Week3,311.0 Fairfax Station - 91.0 Fairfax Club Estates
Fairfax Station,Week3,Country Club Hills,Week4,298.0 Fairfax Station - 104.0 Country Club Hills
Fairfax Station,Week5,Hunt Valley,Week5,214.0 Fairfax Station - 188.0 Hunt Valley
Fairfax Club Estates,Week4,Fairfax Station,Week3,308.0 Fairfax Station - 94.0 Fairfax Club Estates
Fairfax Station,Week4,Cottontail,Week1,266.0 Fairfax Station - 136.0 Cottontail
Fairfax Club Estates,Week1,Rutherford,Week4,210.0 Fairfax Club Estates - 192.0 Rutherford
Fairfax Club Estates,Week3,Rolling Valley,Week4,244.0 Fairfax Club Estates - 158.0 Rolling Valley
Fairfax Club Estates,Week2,Ilda Community,Week4,204.0 Ilda Community - 197.0 Fairfax Club Estates
Fairfax Club Estates,Week5,Hunter Mill,Week5,285.0 Hunter Mill - 117.0 Fairfax Club Estates
Fairfax Station,Week4,Hunter Mill,Week2,219.0 Fairfax Station - 183.0 Hunter Mill
Fairfax Club Estates,Week1,Rolling Valley,Week5,242.0 Fairfax Club Estates - 160.0 Rolling Valley
Fairfax,Week3,Rolling Valley,Week4,336.0 Fairfax - 66.0 Rolling Valley
Fairfax Station,Week5,Hunt Valley,Week1,221.0 Fairfax Station - 181.0 Hunt Valley
Fairfax,Week2,Walden Glen,Week4,271.0 Fairfax - 131.0 Walden Glen
Fairfax Station,Week4,Cottontail,Week3,275.0 Fairfax Station - 127.0 Cottontail
Fairfax Club Estates,Week1,Rutherford,Week2,233.0 Fairfax Club Estates - 169.0 Rutherford
Fairfax,Week1,Walden Glen,Week1,297.0 Fairfax - 105.0 Walden Glen
Fairfax Club Estates,Week2,Rutherford,Week4,204.0 Fairfax Club Estates - 198.0 Rutherford
Fairfax Station,Week2,Hunter Mill,Week3,225.0 Fairfax Station - 177.0 Hunter Mill
Fairfax,Week4,Rolling Valley,Week1,366.0 Fairfax - 36.0 Rolling Valley
Fairfax Station,Week4,Hunt Valley,Week3,212.0 Hunt Valley - 190.0 Fairfax Station
Fairfax Club Estates,Week1,Forest Hollow,Week2,247.0 Forest Hollow - 155.0 Fairfax Club Estates
Fairfax,Week1,Walden Glen,Week5,253.0 Fairfax - 149.0 Walden Glen
Fairfax Club Estates,Week1,Ilda Community,Week2,233.0 Fairfax Club Estates - 168.0 Ilda Community
Fairfax Club Estates,Week4,Fairfax Station,Week1,287.5 Fairfax Station - 114.5 Fairfax Club Estates
Fairfax,Week3,Rolling Valley,Week2,342.0 Fairfax - 60.0 Rolling Valley
Fairfax Station,Week4,Country Club Hills,Week1,269.5 Fairfax Station - 132.5 Country Club Hills
Fairfax Club Estates,Week5,Fairfax Station,Week1,290.0 Fairfax Station - 111.0 Fairfax Club Estates
Fairfax Station,Week5,Cottontail,Week4,294.0 Fairfax Station - 108.0 Cottontail
Fairfax Club Estates,Week1,Forest Hollow,Week5,268.0 Forest Hollow - 134.0 Fairfax Club Estates
Fairfax Station,Week3,Hunter Mill,Week5,236.0 Fairfax Station - 166.0 Hunter Mill
Fairfax,Week3,Walden Glen,Week3,290.0 Fairfax - 112.0 Walden Glen
Fairfax Club Estates,Week3,Ilda Community,Week4,218.0 Fairfax Club Estates - 182.0 Ilda Community
Fairfax,Week5,Wakefield Chapel,Week1,201.0 Fairfax - 201.0 Wakefield Chapel
Fairfax Club Estates,Week3,Ilda Community,Week1,214.0 Fairfax Club Estates - 184.0 Ilda Community
Fairfax,Week4,Rolling Valley,Week4,338.0 Fairfax - 64.0 Rolling Valley
Fairfax,Week5,Rolling Valley,Week4,357.0 Fairfax - 45.0 Rolling Valley
Fairfax,Week3,Walden Glen,Week1,308.0 Fairfax - 94.0 Walden Glen
Fairfax Station,Week5,Cottontail,Week2,296.0 Fairfax Station - 106.0 Cottontail
Fairfax Club Estates,Week1,Kent Gardens,Week3,221.0 Kent Gardens - 181.0 Fairfax Club Estates
Fairfax Club Estates,Week4,Fairfax Station,Week2,303.0 Fairfax Station - 99.0 Fairfax Club Estates
Fairfax Club Estates,Week4,Rolling Valley,Week5,245.0 Fairfax Club Estates - 157.0 Rolling Valley
Fairfax,Week5,Rolling Valley,Week5,354.0 Fairfax - 48.0 Rolling Valley
Fairfax Station,Week1,Hunter Mill,Week5,204.0 Fairfax Station - 198.0 Hunter Mill
Fairfax,Week1,Rutherford,Week1,327.0 Fairfax - 75.0 Rutherford
Fairfax,Week2,Walden Glen,Week5,262.0 Fairfax - 140.0 Walden Glen
Fairfax Club Estates,Week2,Rolling Valley,Week1,270.0 Fairfax Club Estates - 130.0 Rolling Valley
Fairfax Station,Week2,Country Club Hills,Week2,298.0 Fairfax Station - 104.0 Country Club Hills
Fairfax Club Estates,Week4,Rolling Valley,Week3,254.0 Fairfax Club Estates - 143.0 Rolling Valley
Fairfax Club Estates,Week4,Ilda Community,Week5,238.0 Fairfax Club Estates - 162.0 Ilda Community
Fairfax Club Estates,Week5,Fairfax Station,Week2,298.0 Fairfax Station - 98.0 Fairfax Club Estates
Fairfax Station,Week1,Hunter Mill,Week4,212.0 Fairfax Station - 190.0 Hunter Mill
Fairfax Club Estates,Week4,Ilda Community,Week3,251.0 Fairfax Club Estates - 151.0 Ilda Community
Fairfax Club Estates,Week5,Fairfax Station,Week5,311.0 Fairfax Station - 91.0 Fairfax Club Estates
Fairfax,Week2,Walden Glen,Week1,318.0 Fairfax - 84.0 Walden Glen
Fairfax Station,Week2,Hunter Mill,Week1,241.0 Fairfax Station - 161.0 Hunter Mill
Fairfax,Week4,Wakefield Chapel,Week5,240.0 Wakefield Chapel - 162.0 Fairfax
Fairfax Station,Week1,Country Club Hills,Week3,287.0 Fairfax Station - 115.0 Country Club Hills
Fairfax Station,Week3,Hunter Mill,Week3,250.0 Fairfax Station - 152.0 Hunter Mill
Fairfax Station,Week3,Country Club Hills,Week5,290.0 Fairfax Station - 112.0 Country Club Hills
Fairfax Club Estates,Week2,Forest Hollow,Week1,266.0 Forest Hollow - 136.0 Fairfax Club Estates
Fairfax,Week1,Rutherford,Week5,292.0 Fairfax - 110.0 Rutherford
Fairfax Station,Week1,Country Club Hills,Week1,277.0 Fairfax Station - 125.0 Country Club Hills
Fairfax Club Estates,Week1,Kent Gardens,Week2,228.0 Kent Gardens - 174.0 Fairfax Club Estates
Fairfax,Week5,Wakefield Chapel,Week3,205.0 Fairfax - 197.0 Wakefield Chapel
Fairfax Club Estates,Week5,Rolling Valley,Week2,248.0 Fairfax Club Estates - 154.0 Rolling Valley
Fairfax Station,Week2,Hunter Mill,Week5,212.0 Fairfax Station - 190.0 Hunter Mill
Fairfax,Week4,Rolling Valley,Week3,351.0 Fairfax - 51.0 Rolling Valley
Fairfax Club Estates,Week3,Rolling Valley,Week1,283.0 Fairfax Club Estates - 118.0 Rolling Valley
Fairfax,Week2,Shouse Village,Week1,258.0 Fairfax - 144.0 Shouse Village
Fairfax Club Estates,Week1,Kent Gardens,Week5,262.0 Kent Gardens - 140.0 Fairfax Club Estates
Fairfax Club Estates,Week2,Rutherford,Week1,231.0 Fairfax Club Estates - 170.0 Rutherford
Fairfax,Week5,Wakefield Chapel,Week4,222.0 Fairfax - 180.0 Wakefield Chapel
Fairfax Club Estates,Week1,Rutherford,Week1,245.0 Fairfax Club Estates - 156.0 Rutherford
Fairfax,Week4,Rolling Valley,Week5,335.0 Fairfax - 67.0 Rolling Valley
Fairfax Station,Week5,Cottontail,Week3,302.0 Fairfax Station - 100.0 Cottontail
Fairfax Club Estates,Week4,Forest Hollow,Week2,237.5 Forest Hollow - 159.5 Fairfax Club Estates
Fairfax Station,Week2,Hunter Mill,Week2,229.0 Fairfax Station - 173.0 Hunter Mill
Fairfax,Week2,Shouse Village,Week5,248.0 Fairfax - 154.0 Shouse Village
Fairfax Station,Week4,Cottontail,Week4,264.0 Fairfax Station - 138.0 Cottontail
Fairfax Station,Week4,Cottontail,Week5,267.0 Fairfax Station - 135.0 Cottontail
Fairfax Club Estates,Week2,Kent Gardens,Week2,225.0 Kent Gardens - 177.0 Fairfax Club Estates
Fairfax Station,Week3,Cottontail,Week5,290.0 Fairfax Station - 112.0 Cottontail
Fairfax,Week1,Walden Glen,Week3,273.0 Fairfax - 129.0 Walden Glen
Fairfax Club Estates,Week3,Forest Hollow,Week1,271.0 Forest Hollow - 131.0 Fairfax Club Estates
Fairfax Club Estates,Week2,Forest Hollow,Week3,276.0 Forest Hollow - 126.0 Fairfax Club Estates
Fairfax Club Estates,Week2,Kent Gardens,Week1,250.0 Kent Gardens - 152.0 Fairfax Club Estates
Fairfax Club Estates,Week2,Rolling Valley,Week3,235.0 Fairfax Club Estates - 167.0 Rolling Valley
Fairfax Station,Week3,Hunter Mill,Week4,255.0 Fairfax Station - 147.0 Hunter Mill
Fairfax,Week5,Wakefield Chapel,Week5,220.0 Wakefield Chapel - 182.0 Fairfax
Fairfax,Week5,Rolling Valley,Week3,360.0 Fairfax - 42.0 Rolling Valley
Fairfax Station,Week4,Hunter Mill,Week3,213.0 Fairfax Station - 189.0 Hunter Mill
Fairfax,Week3,Rutherford,Week1,335.0 Fairfax - 66.0 Rutherford
Fairfax,Week3,Shouse Village,Week3,251.0 Fairfax - 151.0 Shouse Village
Fairfax Club Estates,Week3,Forest Hollow,Week5,276.0 Forest Hollow - 126.0 Fairfax Club Estates
Fairfax,Week5,Rolling Valley,Week1,371.0 Fairfax - 31.0 Rolling Valley
Fairfax Club Estates,Week2,Kent Gardens,Week3,231.5 Kent Gardens - 170.5 Fairfax Club Estates
Fairfax Station,Week3,Country Club Hills,Week3,304.5 Fairfax Station - 97.5 Country Club Hills
Fairfax,Week4,Walden Glen,Week2,288.0 Fairfax - 114.0 Walden Glen
Fairfax,Week1,Rutherford,Week2,315.0 Fairfax - 87.0 Rutherford
Fairfax Club Estates,Week3,Rolling Valley,Week3,240.0 Fairfax Club Estates - 161.0 Rolling Valley
Fairfax Club Estates,Week4,Forest Hollow,Week5,257.0 Forest Hollow - 145.0 Fairfax Club Estates
Fairfax,Week5,Rolling Valley,Week2,352.0 Fairfax - 50.0 Rolling Valley
Fairfax,Week1,Rutherford,Week4,286.5 Fairfax - 115.5 Rutherford
Fairfax,Week3,Rutherford,Week4,308.0 Fairfax - 94.0 Rutherford
Fairfax,Week5,Tuckahoe,Week1,248.0 Tuckahoe - 154.0 Fairfax
Fairfax,Week5,Rutherford,Week4,330.0 Fairfax - 72.0 Rutherford
Fairfax Station,Week2,Country Club Hills,Week5,278.0 Fairfax Station - 124.0 Country Club Hills
Fairfax,Week3,Rutherford,Week5,304.0 Fairfax - 97.0 Rutherford
Fairfax Club Estates,Week5,Forest Hollow,Week1,258.0 Forest Hollow - 144.0 Fairfax Club Estates
Fairfax Station,Week5,Hunter Mill,Week5,229.5 Fairfax Station - 172.5 Hunter Mill
Fairfax Station,Week1,Country Club Hills,Week4,274.0 Fairfax Station - 128.0 Country Club Hills
Fairfax Club Estates,Week2,Kent Gardens,Week5,279.0 Kent Gardens - 123.0 Fairfax Club Estates
Fairfax Club Estates,Week2,Kent Gardens,Week4,238.0 Kent Gardens - 164.0 Fairfax Club Estates
Fairfax Club Estates,Week3,Kings Ridge ,Week2,240.0 Fairfax Club Estates - 162.0 Kings Ridge
Fairfax Station,Week4,Ilda Community,Week5,327.0 Fairfax Station - 74.0 Ilda Community
Fairfax Station,Week4,Hunter Mill,Week4,205.0 Fairfax Station - 197.0 Hunter Mill
Fairfax,Week3,Walden Glen,Week5,266.0 Fairfax - 135.0 Walden Glen
Fairfax Station,Week4,Cottontail,Week2,277.0 Fairfax Station - 125.0 Cottontail
Fairfax Club Estates,Week2,Rolling Valley,Week4,225.0 Fairfax Club Estates - 177.0 Rolling Valley
Fairfax Club Estates,Week4,Kent Gardens,Week2,224.0 Kent Gardens - 178.0 Fairfax Club Estates
Fairfax,Week2,Rutherford,Week2,330.0 Fairfax - 72.0 Rutherford
Fairfax Station,Week3,Country Club Hills,Week2,305.0 Fairfax Station - 97.0 Country Club Hills
Fairfax,Week4,Walden Glen,Week5,261.0 Fairfax - 140.0 Walden Glen
Fairfax,Week3,Rutherford,Week2,328.0 Fairfax - 73.0 Rutherford
Fairfax,Week1,Rutherford,Week3,299.0 Fairfax - 103.0 Rutherford
Fairfax,Week2,Rutherford,Week1,330.0 Fairfax - 72.0 Rutherford
Fairfax Station,Week5,Hunter Mill,Week2,245.0 Fairfax Station - 157.0 Hunter Mill
Fairfax,Week5,Rutherford,Week1,349.0 Fairfax - 52.0 Rutherford
Fairfax Club Estates,Week1,Kent Gardens,Week4,223.0 Kent Gardens - 179.0 Fairfax Club Estates
Fairfax Club Estates,Week2,Rolling Valley,Week2,225.0 Fairfax Club Estates - 177.0 Rolling Valley
Fairfax Club Estates,Week5,Forest Hollow,Week5,264.0 Forest Hollow - 137.0 Fairfax Club Estates
Fairfax Club Estates,Week5,Forest Hollow,Week2,237.0 Forest Hollow - 165.0 Fairfax Club Estates
Fairfax,Week5,Tuckahoe,Week4,274.0 Tuckahoe - 128.0 Fairfax
Fairfax Club Estates,Week4,Rolling Valley,Week1,298.0 Fairfax Club Estates - 104.0 Rolling Valley
Fairfax,Week4,Tuckahoe,Week3,309.0 Tuckahoe - 93.0 Fairfax
Fairfax Club Estates,Week4,Rolling Valley,Week2,263.0 Fairfax Club Estates - 139.0 Rolling Valley
Fairfax Club Estates,Week5,Forest Hollow,Week3,252.0 Forest Hollow - 150.0 Fairfax Club Estates
Fairfax Station,Week5,Hunter Mill,Week3,243.0 Fairfax Station - 159.0 Hunter Mill
Fairfax Club Estates,Week1,Fox Hunt,Week3,249.0 Fox Hunt - 153.0 Fairfax Club Estates
Fairfax Station,Week2,Country Club Hills,Week4,286.0 Fairfax Station - 116.0 Country Club Hills
Fairfax Club Estates,Week2,Fox Hunt,Week2,247.0 Fox Hunt - 154.0 Fairfax Club Estates
Fairfax,Week5,Rutherford,Week2,345.0 Fairfax - 56.0 Rutherford
Fairfax,Week5,Tuckahoe,Week2,255.0 Tuckahoe - 147.0 Fairfax
Fairfax Station,Week3,Cottontail,Week4,287.0 Fairfax Station - 115.0 Cottontail
Fairfax Station,Week2,Ilda Community,Week2,332.0 Fairfax Station - 70.0 Ilda Community
Fairfax Club Estates,Week5,Rolling Valley,Week4,242.0 Fairfax Club Estates - 159.0 Rolling Valley
Fairfax Club Estates,Week3,Kent Gardens,Week2,226.0 Kent Gardens - 176.0 Fairfax Club Estates
Fairfax Club Estates,Week4,Kent Gardens,Week1,240.5 Kent Gardens - 161.5 Fairfax Club Estates
Fairfax,Week2,Rutherford,Week3,307.0 Fairfax - 95.0 Rutherford
Fairfax Station,Week5,Cottontail,Week5,288.0 Fairfax Station - 114.0 Cottontail
Fairfax,Week5,Rutherford,Week3,329.0 Fairfax - 72.0 Rutherford
Fairfax Station,Week3,Country Club Hills,Week1,299.0 Fairfax Station - 103.0 Country Club Hills
Fairfax,Week1,Vienna Aquatic,Week1,218.0 Vienna Aquatic - 184.0 Fairfax
Fairfax Club Estates,Week1,Fox Hunt,Week2,235.0 Fox Hunt - 161.0 Fairfax Club Estates
Fairfax Club Estates,Week4,Rolling Valley,Week4,247.0 Fairfax Club Estates - 155.0 Rolling Valley
Fairfax Club Estates,Week1,Fox Hunt,Week1,239.0 Fox Hunt - 158.0 Fairfax Club Estates
Fairfax,Week2,Vienna Aquatic,Week5,237.5 Vienna Aquatic - 164.5 Fairfax
Fairfax,Week4,Rutherford,Week4,299.0 Fairfax - 103.0 Rutherford
Fairfax Station,Week5,Ilda Community,Week5,350.0 Fairfax Station - 52.0 Ilda Community
Fairfax Station,Week5,Ilda Community,Week3,339.0 Fairfax Station - 63.0 Ilda Community
Fairfax,Week2,Rutherford,Week4,312.0 Fairfax - 90.0 Rutherford
Fairfax,Week2,Rutherford,Week5,301.0 Fairfax - 101.0 Rutherford
Fairfax Club Estates,Week4,Kent Gardens,Week5,265.0 Kent Gardens - 137.0 Fairfax Club Estates
Fairfax Club Estates,Week2,Rolling Valley,Week5,227.0 Fairfax Club Estates - 175.0 Rolling Valley
Fairfax Club Estates,Week5,Kent Gardens,Week5,270.0 Kent Gardens - 132.0 Fairfax Club Estates
Fairfax Station,Week4,Ilda Community,Week2,328.0 Fairfax Station - 74.0 Ilda Community
Fairfax Station,Week1,Kent Gardens,Week4,270.0 Fairfax Station - 132.0 Kent Gardens
Fairfax Station,Week1,Kent Gardens,Week1,258.0 Fairfax Station - 144.0 Kent Gardens
Fairfax Station,Week2,Country Club Hills,Week3,299.5 Fairfax Station - 102.5 Country Club Hills
Fairfax Club Estates,Week1,Shouse Village,Week2,226.0 Shouse Village - 176.0 Fairfax Club Estates
Fairfax Club Estates,Week4,Fox Hunt,Week1,235.0 Fox Hunt - 167.0 Fairfax Club Estates
Fairfax,Week4,Tuckahoe,Week2,279.0 Tuckahoe - 123.0 Fairfax
Fairfax,Week1,Vienna Aquatic,Week3,244.5 Vienna Aquatic - 157.5 Fairfax
Fairfax,Week2,Shouse Village,Week2,281.5 Fairfax - 120.5 Shouse Village
Fairfax,Week1,Shouse Village,Week1,243.0 Fairfax - 159.0 Shouse Village
Fairfax Club Estates,Week3,Fox Hunt,Week3,262.0 Fox Hunt - 140.0 Fairfax Club Estates
Fairfax Station,Week1,Kent Gardens,Week2,274.0 Fairfax Station - 128.0 Kent Gardens
Fairfax Club Estates,Week1,Kings Ridge ,Week2,246.0 Fairfax Club Estates - 156.0 Kings Ridge
Fairfax Club Estates,Week2,Shouse Village,Week2,249.0 Shouse Village - 153.0 Fairfax Club Estates
Fairfax,Week3,Tuckahoe,Week4,294.0 Tuckahoe - 108.0 Fairfax
Fairfax,Week1,Shouse Village,Week2,262.0 Fairfax - 140.0 Shouse Village
Fairfax Club Estates,Week3,Kent Gardens,Week5,278.0 Kent Gardens - 124.0 Fairfax Club Estates
Fairfax Club Estates,Week1,Shouse Village,Week3,236.0 Shouse Village - 166.0 Fairfax Club Estates
Fairfax Club Estates,Week5,Kent Gardens,Week3,220.0 Kent Gardens - 182.0 Fairfax Club Estates
Fairfax Club Estates,Week5,Rolling Valley,Week5,254.0 Fairfax Club Estates - 148.0 Rolling Valley
Fairfax Station,Week1,Country Club Hills,Week5,261.0 Fairfax Station - 141.0 Country Club Hills
Fairfax,Week1,Shouse Village,Week4,230.0 Fairfax - 172.0 Shouse Village
Fairfax Club Estates,Week4,Fox Hunt,Week3,244.0 Fox Hunt - 158.0 Fairfax Club Estates
Fairfax Club Estates,Week2,Rutherford,Week5,202.0 Fairfax Club Estates - 199.0 Rutherford
Fairfax Station,Week5,Cottontail,Week1,285.0 Fairfax Station - 117.0 Cottontail
Fairfax Station,Week1,Kent Gardens,Week3,260.0 Fairfax Station - 142.0 Kent Gardens
Fairfax,Week3,Tuckahoe,Week3,292.5 Tuckahoe - 109.5 Fairfax
Fairfax Station,Week1,Country Club Hills,Week2,287.0 Fairfax Station - 115.0 Country Club Hills
Fairfax Club Estates,Week3,Kent Gardens,Week4,242.0 Kent Gardens - 160.0 Fairfax Club Estates
Fairfax Club Estates,Week3,Fox Hunt,Week5,269.0 Fox Hunt - 133.0 Fairfax Club Estates
Fairfax,Week2,Shouse Village,Week4,257.0 Fairfax - 145.0 Shouse Village
Fairfax,Week5,Rutherford,Week5,327.0 Fairfax - 74.0 Rutherford
Fairfax Club Estates,Week1,Kings Ridge ,Week1,227.0 Fairfax Club Estates - 175.0 Kings Ridge
Fairfax Club Estates,Week5,Kent Gardens,Week2,226.0 Kent Gardens - 176.0 Fairfax Club Estates
Fairfax,Week4,Rutherford,Week1,342.0 Fairfax - 59.0 Rutherford
Fairfax Station,Week1,Ilda Community,Week4,315.0 Fairfax Station - 87.0 Ilda Community
Fairfax Club Estates,Week4,Rutherford,Week5,220.0 Fairfax Club Estates - 181.0 Rutherford
Fairfax Club Estates,Week4,Fox Hunt,Week2,236.0 Fox Hunt - 166.0 Fairfax Club Estates
Fairfax Club Estates,Week5,Fox Hunt,Week4,250.0 Fox Hunt - 152.0 Fairfax Club Estates
Fairfax,Week1,Shouse Village,Week3,235.5 Fairfax - 166.5 Shouse Village
Fairfax Club Estates,Week2,Shouse Village,Week5,274.0 Shouse Village - 127.0 Fairfax Club Estates
Fairfax Club Estates,Week4,Kent Gardens,Week3,218.0 Kent Gardens - 184.0 Fairfax Club Estates
Fairfax,Week2,Shouse Village,Week3,267.0 Fairfax - 135.0 Shouse Village
Fairfax Station,Week5,Ilda Community,Week1,344.0 Fairfax Station - 58.0 Ilda Community
Fairfax Club Estates,Week1,Kings Ridge ,Week5,213.0 Fairfax Club Estates - 189.0 Kings Ridge
Fairfax Station,Week1,Crosspointe,Week5,236.0 Crosspointe - 166.0 Fairfax Station
Fairfax Station,Week1,Ilda Community,Week3,316.5 Fairfax Station - 85.5 Ilda Community
Fairfax Club Estates,Week3,Shouse Village,Week2,233.0 Shouse Village - 169.0 Fairfax Club Estates
Fairfax,Week3,Tuckahoe,Week5,276.0 Tuckahoe - 126.0 Fairfax
Fairfax Club Estates,Week4,Kent Gardens,Week4,242.0 Kent Gardens - 160.0 Fairfax Club Estates
Fairfax Station,Week4,Country Club Hills,Week5,272.0 Fairfax Station - 130.0 Country Club Hills
Fairfax Station,Week3,Crosspointe,Week2,231.0 Fairfax Station - 171.0 Crosspointe
Fairfax Club Estates,Week5,Kent Gardens,Week1,230.0 Kent Gardens - 172.0 Fairfax Club Estates
Fairfax Station,Week1,Crosspointe,Week3,208.0 Crosspointe - 194.0 Fairfax Station
Fairfax Station,Week1,Kent Gardens,Week5,228.0 Fairfax Station - 174.0 Kent Gardens
Fairfax,Week4,Rutherford,Week5,295.0 Fairfax - 106.0 Rutherford
Fairfax Station,Week3,Ilda Community,Week2,341.0 Fairfax Station - 61.0 Ilda Community
Fairfax,Week5,Tuckahoe,Week3,289.0 Tuckahoe - 113.0 Fairfax
Fairfax Station,Week4,Ilda Community,Week4,312.0 Fairfax Station - 90.0 Ilda Community
Fairfax,Week2,Tuckahoe,Week5,275.0 Tuckahoe - 127.0 Fairfax
Fairfax Club Estates,Week2,Shouse Village,Week4,273.0 Shouse Village - 129.0 Fairfax Club Estates
Fairfax,Week2,Tuckahoe,Week2,254.0 Tuckahoe - 148.0 Fairfax
Fairfax,Week4,Tuckahoe,Week4,311.0 Tuckahoe - 91.0 Fairfax
Fairfax Club Estates,Week3,Shouse Village,Week5,261.0 Shouse Village - 140.0 Fairfax Club Estates
Fairfax,Week2,Tuckahoe,Week3,287.0 Tuckahoe - 115.0 Fairfax
Fairfax Club Estates,Week5,Fox Hunt,Week2,237.0 Fox Hunt - 160.0 Fairfax Club Estates
Fairfax Station,Week4,Country Club Hills,Week4,268.5 Fairfax Station - 133.5 Country Club Hills
Fairfax Club Estates,Week4,Fox Hunt,Week5,261.0 Fox Hunt - 141.0 Fairfax Club Estates
Fairfax,Week3,Rutherford,Week3,305.0 Fairfax - 96.0 Rutherford
Fairfax Club Estates,Week4,Fox Hunt,Week4,227.0 Fox Hunt - 175.0 Fairfax Club Estates
Fairfax Station,Week5,Country Club Hills,Week3,313.0 Fairfax Station - 89.0 Country Club Hills
Fairfax Club Estates,Week5,Fox Hunt,Week5,253.0 Fox Hunt - 149.0 Fairfax Club Estates
Fairfax Club Estates,Week5,Rutherford,Week4,222.0 Fairfax Club Estates - 179.0 Rutherford
Fairfax Station,Week3,Ilda Community,Week3,337.0 Fairfax Station - 65.0 Ilda Community
Fairfax Station,Week2,Crosspointe,Week5,237.0 Crosspointe - 165.0 Fairfax Station
Fairfax Club Estates,Week1,Kings Ridge ,Week3,217.0 Fairfax Club Estates - 181.0 Kings Ridge
Fairfax Club Estates,Week1,Fox Hunt,Week5,251.0 Fox Hunt - 151.0 Fairfax Club Estates
Fairfax Club Estates,Week3,Shouse Village,Week4,263.0 Shouse Village - 138.0 Fairfax Club Estates
Fairfax Club Estates,Week5,Rutherford,Week2,231.0 Fairfax Club Estates - 167.0 Rutherford
Fairfax Station,Week4,Country Club Hills,Week2,292.5 Fairfax Station - 109.5 Country Club Hills
Fairfax Club Estates,Week2,Kings Ridge ,Week1,230.0 Fairfax Club Estates - 172.0 Kings Ridge
Fairfax Club Estates,Week1,Fox Mill Estates,Week2,201.0 Fairfax Club Estates - 201.0 Fox Mill Estates
Fairfax,Week1,Vienna Aquatic,Week2,228.0 Vienna Aquatic - 174.0 Fairfax
Fairfax Club Estates,Week5,Shouse Village,Week1,230.0 Shouse Village - 172.0 Fairfax Club Estates
Fairfax Club Estates,Week1,Fox Mill Estates,Week3,212.0 Fox Mill Estates - 190.0 Fairfax Club Estates
Fairfax,Week2,Vienna Aquatic,Week2,203.0 Fairfax - 199.0 Vienna Aquatic
Fairfax Station,Week3,Ilda Community,Week1,335.0 Fairfax Station - 66.0 Ilda Community
Fairfax Club Estates,Week2,Fox Hunt,Week3,259.0 Fox Hunt - 143.0 Fairfax Club Estates
Fairfax Club Estates,Week3,Kent Gardens,Week1,240.0 Kent Gardens - 162.0 Fairfax Club Estates
Fairfax Station,Week1,Crosspointe,Week1,225.0 Crosspointe - 177.0 Fairfax Station
Fairfax,Week1,Vienna Aquatic,Week5,250.0 Vienna Aquatic - 152.0 Fairfax
Fairfax Station,Week2,Ilda Community,Week3,329.0 Fairfax Station - 73.0 Ilda Community
Fairfax,Week1,Shouse Village,Week5,216.0 Fairfax - 186.0 Shouse Village
Fairfax,Week4,Rutherford,Week2,317.0 Fairfax - 84.0 Rutherford
Fairfax,Week3,Tuckahoe,Week1,245.5 Tuckahoe - 156.5 Fairfax
Fairfax,Week3,Shouse Village,Week1,259.0 Fairfax - 143.0 Shouse Village
Fairfax,Week4,Rutherford,Week3,313.0 Fairfax - 88.0 Rutherford
Fairfax Station,Week4,Country Club Hills,Week3,285.0 Fairfax Station - 117.0 Country Club Hills
Fairfax Club Estates,Week2,Kings Ridge ,Week2,236.0 Fairfax Club Estates - 166.0 Kings Ridge
Fairfax Station,Week2,Kent Gardens,Week1,265.0 Fairfax Station - 137.0 Kent Gardens
Fairfax,Week1,Vienna Aquatic,Week4,226.0 Vienna Aquatic - 176.0 Fairfax
Fairfax Club Estates,Week2,Kings Ridge ,Week3,214.0 Fairfax Club Estates - 186.0 Kings Ridge
Fairfax Club Estates,Week1,Fox Mill Estates,Week4,227.0 Fox Mill Estates - 175.0 Fairfax Club Estates
Fairfax Club Estates,Week2,Fox Hunt,Week4,253.0 Fox Hunt - 149.0 Fairfax Club Estates
Fairfax Club Estates,Week3,Rutherford,Week1,228.0 Fairfax Club Estates - 172.0 Rutherford
Fairfax Club Estates,Week1,Kings Ridge ,Week4,211.0 Fairfax Club Estates - 191.0 Kings Ridge
Fairfax Club Estates,Week3,Rutherford,Week5,210.0 Fairfax Club Estates - 191.0 Rutherford
Fairfax Club Estates,Week2,Shouse Village,Week1,243.0 Shouse Village - 159.0 Fairfax Club Estates
Fairfax Station,Week1,Crosspointe,Week4,207.0 Crosspointe - 195.0 Fairfax Station
Fairfax Station,Week2,Kent Gardens,Week2,273.0 Fairfax Station - 129.0 Kent Gardens
Fairfax Club Estates,Week5,Rutherford,Week5,217.0 Fairfax Club Estates - 181.0 Rutherford
Fairfax,Week4,Shouse Village,Week1,255.0 Fairfax - 147.0 Shouse Village
Fairfax Station,Week3,Ilda Community,Week4,330.0 Fairfax Station - 72.0 Ilda Community
Fairfax Club Estates,Week1,Fox Mill Estates,Week1,218.0 Fairfax Club Estates - 184.0 Fox Mill Estates
Fairfax,Week4,Tuckahoe,Week5,294.0 Tuckahoe - 108.0 Fairfax
Fairfax,Week4,Tuckahoe,Week1,272.0 Tuckahoe - 130.0 Fairfax
Fairfax Station,Week5,Country Club Hills,Week5,303.0 Fairfax Station - 99.0 Country Club Hills
Fairfax Club Estates,Week2,Fox Hunt,Week1,251.0 Fox Hunt - 151.0 Fairfax Club Estates
Fairfax,Week3,Shouse Village,Week2,271.0 Fairfax - 131.0 Shouse Village
Fairfax Station,Week5,Country Club Hills,Week1,304.5 Fairfax Station - 97.5 Country Club Hills
Fairfax Station,Week2,Kings Ridge ,Week3,331.0 Fairfax Station - 71.0 Kings Ridge
Fairfax Club Estates,Week2,Kings Ridge ,Week4,213.0 Fairfax Club Estates - 189.0 Kings Ridge
Fairfax,Week4,Shouse Village,Week2,266.0 Fairfax - 136.0 Shouse Village
Fairfax Station,Week3,Kent Gardens,Week4,279.0 Fairfax Station - 123.0 Kent Gardens
Fairfax Station,Week4,Ilda Community,Week1,325.0 Fairfax Station - 76.0 Ilda Community
Fairfax Club Estates,Week2,Kings Ridge ,Week5,202.0 Fairfax Club Estates - 200.0 Kings Ridge
Fairfax Station,Week2,Ilda Community,Week1,328.0 Fairfax Station - 74.0 Ilda Community
Fairfax,Week1,Sideburn Run,Week4,248.0 Fairfax - 154.0 Sideburn Run
Fairfax,Week2,Tuckahoe,Week4,290.0 Tuckahoe - 112.0 Fairfax
Fairfax Station,Week5,Country Club Hills,Week4,315.0 Fairfax Station - 87.0 Country Club Hills
Fairfax Station,Week5,Kent Gardens,Week1,287.0 Fairfax Station - 115.0 Kent Gardens
Fairfax,Week1,Sideburn Run,Week1,249.0 Fairfax - 153.0 Sideburn Run
Fairfax Station,Week5,Country Club Hills,Week2,321.0 Fairfax Station - 81.0 Country Club Hills
Fairfax Station,Week3,Kings Ridge ,Week2,341.0 Fairfax Station - 61.0 Kings Ridge
Fairfax,Week3,Parliament,Week4,286.0 Fairfax - 116.0 Parliament
Fairfax,Week5,Shouse Village,Week3,279.0 Fairfax - 123.0 Shouse Village
Fairfax Club Estates,Week5,Kent Gardens,Week4,225.0 Kent Gardens - 177.0 Fairfax Club Estates
Fairfax Station,Week3,Kent Gardens,Week5,243.0 Fairfax Station - 159.0 Kent Gardens
Fairfax Club Estates,Week4,Rutherford,Week1,240.0 Fairfax Club Estates - 161.0 Rutherford
Fairfax,Week2,Vienna Aquatic,Week1,212.0 Vienna Aquatic - 190.0 Fairfax
Fairfax Club Estates,Week3,Kent Gardens,Week3,223.0 Kent Gardens - 179.0 Fairfax Club Estates
Fairfax,Week3,Parliament,Week2,279.0 Fairfax - 123.0 Parliament
Fairfax Club Estates,Week3,Fox Hunt,Week1,253.0 Fox Hunt - 149.0 Fairfax Club Estates
Fairfax Station,Week2,Crosspointe,Week4,204.0 Fairfax Station - 198.0 Crosspointe
Fairfax,Week3,Tuckahoe,Week2,248.0 Tuckahoe - 154.0 Fairfax
Fairfax Station,Week5,Crosspointe,Week3,227.0 Fairfax Station - 175.0 Crosspointe
Fairfax Club Estates,Week3,Fox Hunt,Week2,238.0 Fox Hunt - 163.0 Fairfax Club Estates
Fairfax Station,Week2,Kent Gardens,Week5,230.0 Fairfax Station - 172.0 Kent Gardens
Fairfax Station,Week1,Ilda Community,Week5,333.0 Fairfax Station - 69.0 Ilda Community
Fairfax Club Estates,Week3,Kings Ridge ,Week1,220.0 Fairfax Club Estates - 182.0 Kings Ridge
Fairfax Station,Week4,Kent Gardens,Week4,254.0 Fairfax Station - 148.0 Kent Gardens
Fairfax Club Estates,Week5,Fox Hunt,Week3,245.0 Fox Hunt - 151.0 Fairfax Club Estates
Fairfax Club Estates,Week2,Lake Braddock,Week1,243.0 Fairfax Club Estates - 159.0 Lake Braddock
Fairfax Station,Week4,Ilda Community,Week3,319.0 Fairfax Station - 83.0 Ilda Community
Fairfax,Week4,Shouse Village,Week4,251.0 Fairfax - 151.0 Shouse Village
Fairfax Station,Week2,Crosspointe,Week2,224.0 Fairfax Station - 178.0 Crosspointe
Fairfax Station,Week1,Kings Ridge ,Week1,340.0 Fairfax Station - 62.0 Kings Ridge
Fairfax Club Estates,Week2,Fox Hunt,Week5,281.0 Fox Hunt - 121.0 Fairfax Club Estates
Fairfax,Week1,Sideburn Run,Week2,269.0 Fairfax - 133.0 Sideburn Run
Fairfax Club Estates,Week4,Kings Ridge ,Week3,232.0 Fairfax Club Estates - 169.0 Kings Ridge
Fairfax,Week2,Vienna Aquatic,Week4,210.0 Fairfax - 192.0 Vienna Aquatic
Fairfax,Week5,Tuckahoe,Week5,280.0 Tuckahoe - 122.0 Fairfax
Fairfax Station,Week2,Ilda Community,Week4,319.0 Fairfax Station - 83.0 Ilda Community
Fairfax,Week3,Sideburn Run,Week5,263.0 Fairfax - 139.0 Sideburn Run
Fairfax Club Estates,Week4,Rutherford,Week4,213.0 Fairfax Club Estates - 184.0 Rutherford
Fairfax Club Estates,Week5,Rutherford,Week3,218.0 Fairfax Club Estates - 180.0 Rutherford
Fairfax Station,Week2,Ilda Community,Week5,330.0 Fairfax Station - 72.0 Ilda Community
Fairfax Club Estates,Week3,Rutherford,Week4,204.0 Fairfax Club Estates - 198.0 Rutherford
Fairfax Station,Week3,Crosspointe,Week1,203.0 Crosspointe - 199.0 Fairfax Station
Fairfax Station,Week3,Ilda Community,Week5,345.0 Fairfax Station - 56.0 Ilda Community
Fairfax Club Estates,Week4,Rutherford,Week2,237.0 Fairfax Club Estates - 164.0 Rutherford
Fairfax,Week2,Vienna Aquatic,Week3,216.0 Vienna Aquatic - 186.0 Fairfax
Fairfax Club Estates,Week5,Fox Hunt,Week1,240.0 Fox Hunt - 157.0 Fairfax Club Estates
Fairfax,Week2,Vienna Woods,Week3,233.0 Vienna Woods - 169.0 Fairfax
Fairfax Club Estates,Week3,Rutherford,Week2,225.0 Fairfax Club Estates - 176.0 Rutherford
Fairfax Station,Week5,Crosspointe,Week4,226.0 Fairfax Station - 176.0 Crosspointe
Fairfax Station,Week3,Kent Gardens,Week1,273.0 Fairfax Station - 129.0 Kent Gardens
Fairfax,Week5,Parklawn,Week5,340.0 Fairfax - 58.0 Parklawn
Fairfax Station,Week2,Crosspointe,Week3,201.0 Fairfax Station - 196.0 Crosspointe
Fairfax Station,Week5,Ilda Community,Week2,351.0 Fairfax Station - 51.0 Ilda Community
Fairfax,Week5,Shouse Village,Week2,292.0 Fairfax - 110.0 Shouse Village
Fairfax Club Estates,Week3,Lake Braddock,Week4,237.0 Fairfax Club Estates - 165.0 Lake Braddock
Fairfax Station,Week4,Kent Gardens,Week5,228.0 Fairfax Station - 174.0 Kent Gardens
Fairfax Club Estates,Week4,Rutherford,Week3,222.0 Fairfax Club Estates - 174.0 Rutherford
Fairfax,Week3,Sideburn Run,Week4,260.0 Fairfax - 142.0 Sideburn Run
Fairfax Club Estates,Week3,Fox Mill Estates,Week4,238.0 Fox Mill Estates - 163.0 Fairfax Club Estates
Fairfax Club Estates,Week3,Fox Hunt,Week4,245.0 Fox Hunt - 157.0 Fairfax Club Estates
Fairfax Station,Week5,Kent Gardens,Week4,273.0 Fairfax Station - 129.0 Kent Gardens
Fairfax,Week1,Vienna Woods,Week4,230.0 Vienna Woods - 172.0 Fairfax
Fairfax Station,Week5,Ilda Community,Week4,330.0 Fairfax Station - 72.0 Ilda Community
Fairfax Club Estates,Week3,Lake Braddock,Week1,252.0 Fairfax Club Estates - 150.0 Lake Braddock
Fairfax,Week5,Parklawn,Week2,325.0 Fairfax - 73.0 Parklawn
Fairfax,Week5,Vienna Aquatic,Week5,236.0 Vienna Aquatic - 166.0 Fairfax
Fairfax Club Estates,Week4,Lake Braddock,Week1,269.0 Fairfax Club Estates - 133.0 Lake Braddock
Fairfax Club Estates,Week3,Rutherford,Week3,218.0 Fairfax Club Estates - 183.0 Rutherford
Fairfax Station,Week3,Fox Mill Estates,Week3,296.0 Fairfax Station - 106.0 Fox Mill Estates
Fairfax Station,Week3,Crosspointe,Week5,221.0 Crosspointe - 181.0 Fairfax Station
Fairfax,Week4,Shouse Village,Week5,227.0 Fairfax - 175.0 Shouse Village
Fairfax,Week4,Parliament,Week1,240.0 Fairfax - 162.0 Parliament
Fairfax Club Estates,Week2,Fox Mill Estates,Week5,232.0 Fox Mill Estates - 170.0 Fairfax Club Estates
Fairfax,Week2,Sideburn Run,Week3,270.0 Fairfax - 132.0 Sideburn Run
Fairfax Station,Week5,Fox Mill Estates,Week5,302.0 Fairfax Station - 100.0 Fox Mill Estates
Fairfax Club Estates,Week5,Fox Mill Estates,Week4,216.0 Fox Mill Estates - 186.0 Fairfax Club Estates
Fairfax Station,Week5,Kent Gardens,Week5,250.0 Fairfax Station - 152.0 Kent Gardens
Fairfax,Week4,Parliament,Week4,269.0 Fairfax - 133.0 Parliament
Fairfax Station,Week1,Fox Mill Estates,Week4,276.0 Fairfax Station - 126.0 Fox Mill Estates
Fairfax Station,Week5,Fox Mill Estates,Week2,304.0 Fairfax Station - 98.0 Fox Mill Estates
Fairfax Station,Week3,Crosspointe,Week3,221.0 Fairfax Station - 181.0 Crosspointe
Fairfax Club Estates,Week1,Fox Mill Estates,Week5,210.0 Fox Mill Estates - 192.0 Fairfax Club Estates
Fairfax Club Estates,Week5,Rutherford,Week1,234.0 Fairfax Club Estates - 164.0 Rutherford
Fairfax Club Estates,Week5,Kings Ridge ,Week3,226.0 Fairfax Club Estates - 174.0 Kings Ridge
Fairfax Club Estates,Week1,Shouse Village,Week5,261.0 Shouse Village - 140.0 Fairfax Club Estates
Fairfax Station,Week3,Daventry,Week5,333.0 Fairfax Station - 69.0 Daventry
Fairfax Club Estates,Week1,Lake Braddock,Week2,236.0 Fairfax Club Estates - 166.0 Lake Braddock
Fairfax,Week2,Sideburn Run,Week1,265.0 Fairfax - 137.0 Sideburn Run
Fairfax,Week3,Vienna Woods,Week1,216.0 Vienna Woods - 186.0 Fairfax
Fairfax,Week2,Vienna Woods,Week5,255.0 Vienna Woods - 147.0 Fairfax
Fairfax,Week1,Parliament,Week2,266.0 Fairfax - 136.0 Parliament
Fairfax Station,Week2,Kent Gardens,Week4,260.0 Fairfax Station - 142.0 Kent Gardens
Fairfax Club Estates,Week1,Shouse Village,Week4,257.0 Shouse Village - 144.0 Fairfax Club Estates
Fairfax Club Estates,Week1,Shouse Village,Week1,234.5 Shouse Village - 167.5 Fairfax Club Estates
Fairfax Station,Week2,Fox Mill Estates,Week1,312.0 Fairfax Station - 90.0 Fox Mill Estates
Fairfax,Week4,Parklawn,Week5,305.0 Fairfax - 93.0 Parklawn
Fairfax,Week4,Shouse Village,Week3,256.0 Fairfax - 146.0 Shouse Village
Fairfax,Week5,Vienna Aquatic,Week1,207.0 Vienna Aquatic - 195.0 Fairfax
Fairfax Club Estates,Week4,Lake Braddock,Week3,253.0 Fairfax Club Estates - 149.0 Lake Braddock
Fairfax,Week4,Vienna Aquatic,Week4,206.5 Vienna Aquatic - 195.5 Fairfax
Fairfax Club Estates,Week1,Fox Mill Woods,Week3,280.0 Fox Mill Woods - 122.0 Fairfax Club Estates
Fairfax Station,Week2,Kent Gardens,Week3,274.0 Fairfax Station - 128.0 Kent Gardens
Fairfax,Week2,Parliament,Week2,278.0 Fairfax - 124.0 Parliament
Fairfax Station,Week2,Crosspointe,Week1,223.0 Crosspointe - 179.0 Fairfax Station
Fairfax Station,Week1,Kings Ridge ,Week4,338.0 Fairfax Station - 64.0 Kings Ridge
Fairfax Club Estates,Week2,Fox Mill Woods,Week1,302.0 Fox Mill Woods - 100.0 Fairfax Club Estates
Fairfax Club Estates,Week3,Shouse Village,Week1,234.0 Shouse Village - 168.0 Fairfax Club Estates
Fairfax,Week1,Parliament,Week4,275.0 Fairfax - 127.0 Parliament
Fairfax Station,Week4,Crosspointe,Week5,232.0 Crosspointe - 170.0 Fairfax Station
Fairfax,Week5,Vienna Aquatic,Week4,218.0 Fairfax - 184.0 Vienna Aquatic
Fairfax Club Estates,Week5,Lake Braddock,Week2,242.0 Fairfax Club Estates - 159.0 Lake Braddock
Fairfax Club Estates,Week1,Lake Braddock,Week5,225.0 Fairfax Club Estates - 177.0 Lake Braddock
Fairfax Club Estates,Week2,Shouse Village,Week3,248.0 Shouse Village - 154.0 Fairfax Club Estates
Fairfax Club Estates,Week2,Fox Mill Woods,Week3,289.0 Fox Mill Woods - 113.0 Fairfax Club Estates
Fairfax Club Estates,Week1,Lake Braddock,Week1,261.0 Fairfax Club Estates - 141.0 Lake Braddock
Fairfax Station,Week5,Fox Hunt,Week3,272.0 Fairfax Station - 130.0 Fox Hunt
Fairfax,Week5,Parklawn,Week1,344.0 Fairfax - 49.0 Parklawn
Fairfax Station,Week5,Fox Hunt,Week5,257.0 Fairfax Station - 145.0 Fox Hunt
Fairfax,Week1,Sideburn Run,Week3,258.0 Fairfax - 144.0 Sideburn Run
Fairfax Station,Week1,Kings Ridge ,Week5,317.0 Fairfax Station - 85.0 Kings Ridge
Fairfax,Week1,Parliament,Week5,266.0 Fairfax - 136.0 Parliament
Fairfax,Week2,Sideburn Run,Week2,288.0 Fairfax - 114.0 Sideburn Run
Fairfax Club Estates,Week3,Fox Mill Estates,Week1,207.0 Fairfax Club Estates - 195.0 Fox Mill Estates
Fairfax Club Estates,Week3,Fox Mill Woods,Week1,301.0 Fox Mill Woods - 101.0 Fairfax Club Estates
Fairfax Station,Week1,Crosspointe,Week2,207.0 Fairfax Station - 195.0 Crosspointe
Fairfax,Week4,Vienna Woods,Week5,273.0 Vienna Woods - 129.0 Fairfax
Fairfax Station,Week5,Kent Gardens,Week3,293.0 Fairfax Station - 109.0 Kent Gardens
Fairfax Station,Week3,Fox Mill Estates,Week4,294.0 Fairfax Station - 108.0 Fox Mill Estates
Fairfax,Week2,Parliament,Week1,257.0 Fairfax - 145.0 Parliament
Fairfax Club Estates,Week4,Shouse Village,Week1,227.0 Shouse Village - 175.0 Fairfax Club Estates
Fairfax,Week3,Shouse Village,Week4,247.0 Fairfax - 155.0 Shouse Village
Fairfax Station,Week1,Kings Ridge ,Week3,326.0 Fairfax Station - 76.0 Kings Ridge
Fairfax,Week3,Vienna Aquatic,Week4,211.0 Fairfax - 191.0 Vienna Aquatic
Fairfax,Week4,Vienna Woods,Week4,245.0 Vienna Woods - 157.0 Fairfax
Fairfax Club Estates,Week5,Fox Mill Estates,Week3,199.0 Fairfax Club Estates - 199.0 Fox Mill Estates
Fairfax,Week2,Sideburn Run,Week5,268.5 Fairfax - 133.5 Sideburn Run
Fairfax Station,Week5,Crosspointe,Week1,217.0 Fairfax Station - 185.0 Crosspointe
Fairfax Club Estates,Week3,Shouse Village,Week3,248.0 Shouse Village - 154.0 Fairfax Club Estates
Fairfax Station,Week1,Daventry,Week5,307.0 Fairfax Station - 95.0 Daventry
Fairfax Station,Week5,Fox Hunt,Week1,279.0 Fairfax Station - 123.0 Fox Hunt
Fairfax Station,Week2,Kings Ridge ,Week2,339.0 Fairfax Station - 63.0 Kings Ridge
Fairfax,Week5,Shouse Village,Week4,273.0 Fairfax - 129.0 Shouse Village
Fairfax Station,Week3,Crosspointe,Week4,211.0 Fairfax Station - 191.0 Crosspointe
Fairfax Club Estates,Week2,Lake Braddock,Week3,222.0 Fairfax Club Estates - 179.0 Lake Braddock
Fairfax Club Estates,Week5,Kings Ridge ,Week5,211.0 Fairfax Club Estates - 191.0 Kings Ridge
Fairfax Station,Week2,Fox Mill Estates,Week5,293.0 Fairfax Station - 109.0 Fox Mill Estates
Fairfax Club Estates,Week4,Kings Ridge ,Week2,252.0 Fairfax Club Estates - 150.0 Kings Ridge
Fairfax,Week3,Vienna Aquatic,Week1,210.0 Vienna Aquatic - 192.0 Fairfax
Fairfax,Week1,Parliament,Week1,242.0 Fairfax - 160.0 Parliament
Fairfax,Week3,Shouse Village,Week5,246.0 Fairfax - 156.0 Shouse Village
Fairfax Station,Week4,Crosspointe,Week1,213.0 Crosspointe - 189.0 Fairfax Station
Fairfax Club Estates,Week4,Shouse Village,Week4,249.0 Shouse Village - 153.0 Fairfax Club Estates
Fairfax Station,Week3,Kent Gardens,Week2,287.0 Fairfax Station - 115.0 Kent Gardens
Fairfax Club Estates,Week4,Fox Mill Woods,Week2,283.0 Fox Mill Woods - 119.0 Fairfax Club Estates
Fairfax,Week3,Parliament,Week1,256.0 Fairfax - 146.0 Parliament
Fairfax,Week3,Sideburn Run,Week2,270.0 Fairfax - 132.0 Sideburn Run
Fairfax,Week4,Parliament,Week2,259.0 Fairfax - 143.0 Parliament
Fairfax Club Estates,Week3,Fox Mill Woods,Week5,292.0 Fox Mill Woods - 110.0 Fairfax Club Estates
Fairfax Station,Week1,Fox Mill Estates,Week1,308.0 Fairfax Station - 94.0 Fox Mill Estates
Fairfax,Week2,Vienna Woods,Week1,241.0 Vienna Woods - 161.0 Fairfax
Fairfax Club Estates,Week4,Shouse Village,Week2,224.0 Shouse Village - 178.0 Fairfax Club Estates
Fairfax Club Estates,Week2,Lake Braddock,Week5,210.0 Fairfax Club Estates - 192.0 Lake Braddock
Fairfax Station,Week3,Kent Gardens,Week3,284.0 Fairfax Station - 118.0 Kent Gardens
Fairfax,Week4,Vienna Aquatic,Week3,245.0 Vienna Aquatic - 157.0 Fairfax
Fairfax Club Estates,Week3,Lake Braddock,Week2,240.0 Fairfax Club Estates - 162.0 Lake Braddock
Fairfax Station,Week2,Daventry,Week1,331.0 Fairfax Station - 71.0 Daventry
Fairfax Station,Week2,Fox Mill Estates,Week3,290.0 Fairfax Station - 112.0 Fox Mill Estates
Fairfax,Week5,Shouse Village,Week5,254.0 Fairfax - 148.0 Shouse Village
Fairfax Club Estates,Week4,Shouse Village,Week3,238.0 Shouse Village - 164.0 Fairfax Club Estates
Fairfax Station,Week1,Fox Mill Estates,Week2,285.0 Fairfax Station - 117.0 Fox Mill Estates
Fairfax Club Estates,Week2,Fox Mill Estates,Week3,232.0 Fox Mill Estates - 169.0 Fairfax Club Estates
Fairfax Station,Week4,Crosspointe,Week2,218.0 Fairfax Station - 184.0 Crosspointe
Fairfax Station,Week5,Kent Gardens,Week2,305.0 Fairfax Station - 97.0 Kent Gardens
Fairfax Club Estates,Week3,Kings Ridge ,Week3,214.0 Fairfax Club Estates - 182.0 Kings Ridge
Fairfax,Week3,Parliament,Week3,289.0 Fairfax - 113.0 Parliament
Fairfax Station,Week1,Fox Mill Estates,Week5,287.0 Fairfax Station - 115.0 Fox Mill Estates
Fairfax,Week4,Sideburn Run,Week4,250.0 Fairfax - 152.0 Sideburn Run
Fairfax,Week2,Parliament,Week3,289.0 Fairfax - 113.0 Parliament
Fairfax Club Estates,Week3,Kings Ridge ,Week4,203.0 Fairfax Club Estates - 199.0 Kings Ridge
Fairfax Club Estates,Week5,Shouse Village,Week5,258.0 Shouse Village - 144.0 Fairfax Club Estates
Fairfax Station,Week4,Crosspointe,Week4,201.5 Fairfax Station - 200.5 Crosspointe
Fairfax,Week1,Parliament,Week3,266.0 Fairfax - 136.0 Parliament
Fairfax Station,Week4,Kent Gardens,Week3,260.0 Fairfax Station - 142.0 Kent Gardens
Fairfax,Week4,Sideburn Run,Week3,247.0 Fairfax - 155.0 Sideburn Run
Fairfax,Week1,Vienna Woods,Week1,242.0 Vienna Woods - 160.0 Fairfax
Fairfax Club Estates,Week4,Kings Ridge ,Week4,216.0 Fairfax Club Estates - 186.0 Kings Ridge
Fairfax,Week5,Parklawn,Week3,341.0 Fairfax - 57.0 Parklawn
Fairfax,Week1,Vienna Woods,Week3,254.0 Vienna Woods - 148.0 Fairfax
Fairfax Station,Week1,Daventry,Week2,327.0 Fairfax Station - 74.0 Daventry
Fairfax Club Estates,Week4,Shouse Village,Week5,250.0 Shouse Village - 152.0 Fairfax Club Estates
Fairfax Club Estates,Week3,Sideburn Run,Week5,260.0 Sideburn Run - 142.0 Fairfax Club Estates
Fairfax Club Estates,Week3,Sideburn Run,Week4,258.0 Sideburn Run - 144.0 Fairfax Club Estates
Fairfax Station,Week1,Kings Ridge ,Week2,339.0 Fairfax Station - 63.0 Kings Ridge
Fairfax Station,Week3,Fox Mill Estates,Week1,325.0 Fairfax Station - 77.0 Fox Mill Estates
Fairfax,Week3,Vienna Aquatic,Week3,214.0 Vienna Aquatic - 188.0 Fairfax
Fairfax Station,Week5,Fox Hunt,Week2,288.0 Fairfax Station - 114.0 Fox Hunt
Fairfax Station,Week4,Kent Gardens,Week1,256.0 Fairfax Station - 146.0 Kent Gardens
Fairfax Station,Week5,Crosspointe,Week2,239.0 Fairfax Station - 163.0 Crosspointe
Fairfax Station,Week4,Kent Gardens,Week2,270.0 Fairfax Station - 132.0 Kent Gardens
Fairfax,Week5,Shouse Village,Week1,272.0 Fairfax - 130.0 Shouse Village
Fairfax Club Estates,Week4,Fox Mill Estates,Week3,211.0 Fairfax Club Estates - 190.0 Fox Mill Estates
Fairfax Club Estates,Week1,Fox Mill Woods,Week2,291.5 Fox Mill Woods - 110.5 Fairfax Club Estates
Fairfax Club Estates,Week5,Fox Mill Estates,Week5,201.0 Fairfax Club Estates - 201.0 Fox Mill Estates
Fairfax,Week5,Vienna Aquatic,Week2,214.0 Fairfax - 188.0 Vienna Aquatic
Fairfax,Week3,Vienna Aquatic,Week5,237.0 Vienna Aquatic - 165.0 Fairfax
Fairfax,Week4,Parliament,Week3,263.0 Fairfax - 139.0 Parliament
Fairfax Club Estates,Week2,Fox Mill Estates,Week4,242.0 Fox Mill Estates - 160.0 Fairfax Club Estates
Fairfax Club Estates,Week3,Fox Mill Woods,Week2,297.0 Fox Mill Woods - 105.0 Fairfax Club Estates
Fairfax Station,Week4,Fox Mill Estates,Week4,269.0 Fairfax Station - 133.0 Fox Mill Estates
Fairfax,Week1,Vienna Woods,Week2,243.0 Vienna Woods - 159.0 Fairfax
Fairfax,Week4,Sideburn Run,Week5,241.0 Fairfax - 161.0 Sideburn Run
Fairfax Club Estates,Week5,Kings Ridge ,Week1,242.0 Fairfax Club Estates - 159.0 Kings Ridge
Fairfax Station,Week5,Fox Hunt,Week4,271.5 Fairfax Station - 130.5 Fox Hunt
Fairfax,Week1,Sideburn Run,Week5,247.0 Fairfax - 155.0 Sideburn Run
Fairfax Club Estates,Week3,Fox Mill Estates,Week3,209.0 Fox Mill Estates - 192.0 Fairfax Club Estates
Fairfax Station,Week2,Daventry,Week5,319.0 Fairfax Station - 83.0 Daventry
Fairfax Club Estates,Week4,Kings Ridge ,Week1,230.0 Fairfax Club Estates - 167.0 Kings Ridge
Fairfax,Week2,Sideburn Run,Week4,274.0 Fairfax - 128.0 Sideburn Run
Fairfax Station,Week2,Kings Ridge ,Week1,338.5 Fairfax Station - 63.5 Kings Ridge
Fairfax,Week5,Parklawn,Week4,325.0 Fairfax - 73.0 Parklawn
Fairfax Station,Week5,Crosspointe,Week5,208.0 Fairfax Station - 194.0 Crosspointe
Fairfax,Week5,Vienna Aquatic,Week3,201.0 Fairfax - 201.0 Vienna Aquatic
Fairfax,Week1,Vienna Woods,Week5,279.5 Vienna Woods - 122.5 Fairfax
Fairfax Club Estates,Week4,Fox Mill Estates,Week4,206.0 Fox Mill Estates - 196.0 Fairfax Club Estates
Fairfax Station,Week3,Daventry,Week2,351.0 Fairfax Station - 51.0 Daventry
Fairfax Club Estates,Week2,Sideburn Run,Week3,269.0 Sideburn Run - 133.0 Fairfax Club Estates
Fairfax Club Estates,Week5,Shouse Village,Week3,242.0 Shouse Village - 160.0 Fairfax Club Estates
Fairfax Club Estates,Week1,Lake Braddock,Week3,240.0 Fairfax Club Estates - 161.0 Lake Braddock
Fairfax,Week2,Parliament,Week5,273.0 Fairfax - 129.0 Parliament
Fairfax,Week3,Sideburn Run,Week1,259.0 Fairfax - 143.0 Sideburn Run
Fairfax Station,Week4,Fox Mill Estates,Week3,284.0 Fairfax Station - 118.0 Fox Mill Estates
Fairfax Club Estates,Week3,Sideburn Run,Week2,246.0 Sideburn Run - 156.0 Fairfax Club Estates
Fairfax Station,Week3,Kings Ridge ,Week1,346.0 Fairfax Station - 56.0 Kings Ridge
Fairfax Station,Week4,Crosspointe,Week3,205.0 Crosspointe - 197.0 Fairfax Station
Fairfax Club Estates,Week5,Kings Ridge ,Week4,222.0 Fairfax Club Estates - 180.0 Kings Ridge
Fairfax Station,Week3,Daventry,Week3,353.0 Fairfax Station - 49.0 Daventry
Fairfax Station,Week4,Fox Mill Estates,Week2,280.0 Fairfax Station - 122.0 Fox Mill Estates
Fairfax Club Estates,Week2,Sideburn Run,Week1,260.0 Sideburn Run - 142.0 Fairfax Club Estates
Fairfax Station,Week4,Fox Hunt,Week5,234.0 Fairfax Station - 168.0 Fox Hunt
Fairfax,Week3,Sideburn Run,Week3,261.0 Fairfax - 141.0 Sideburn Run
Fairfax Club Estates,Week1,Lake Braddock,Week4,242.0 Fairfax Club Estates - 160.0 Lake Braddock
Fairfax,Week3,Parliament,Week5,279.0 Fairfax - 123.0 Parliament
Fairfax Station,Week2,Kings Ridge ,Week5,317.0 Fairfax Station - 85.0 Kings Ridge
Fairfax Club Estates,Week4,Fox Mill Estates,Week2,207.0 Fox Mill Estates - 195.0 Fairfax Club Estates
Fairfax Station,Week2,Kings Ridge ,Week4,334.0 Fairfax Station - 68.0 Kings Ridge
Fairfax Club Estates,Week3,Sideburn Run,Week1,248.0 Sideburn Run - 154.0 Fairfax Club Estates
Fairfax,Week4,Parklawn,Week4,308.0 Fairfax - 90.0 Parklawn
Fairfax,Week4,Vienna Aquatic,Week1,227.0 Vienna Aquatic - 175.0 Fairfax
Fairfax,Week3,Vienna Aquatic,Week2,203.0 Vienna Aquatic - 199.0 Fairfax
Fairfax Club Estates,Week2,Fox Mill Estates,Week1,208.0 Fox Mill Estates - 194.0 Fairfax Club Estates
Fairfax Club Estates,Week3,Fox Mill Estates,Week2,219.0 Fox Mill Estates - 183.0 Fairfax Club Estates
Fairfax,Week5,Sideburn Run,Week2,288.0 Fairfax - 114.0 Sideburn Run
Fairfax Club Estates,Week3,Kings Ridge ,Week5,204.0 Fairfax Club Estates - 198.0 Kings Ridge
Fairfax Station,Week5,Kings Ridge ,Week5,327.0 Fairfax Station - 75.0 Kings Ridge
Fairfax Station,Week4,Fox Mill Estates,Week5,283.0 Fairfax Station - 119.0 Fox Mill Estates
Fairfax Club Estates,Week2,Fox Mill Estates,Week2,234.0 Fox Mill Estates - 168.0 Fairfax Club Estates
Fairfax Station,Week4,Fox Mill Estates,Week1,301.0 Fairfax Station - 101.0 Fox Mill Estates
Fairfax,Week4,Vienna Aquatic,Week5,254.0 Vienna Aquatic - 148.0 Fairfax
Fairfax,Week5,Sideburn Run,Week1,267.0 Fairfax - 135.0 Sideburn Run
Fairfax Station,Week2,Fox Mill Estates,Week2,286.0 Fairfax Station - 116.0 Fox Mill Estates
Fairfax Station,Week2,Daventry,Week3,338.0 Fairfax Station - 64.0 Daventry
Fairfax,Week4,Sideburn Run,Week2,259.0 Fairfax - 143.0 Sideburn Run
Fairfax Station,Week1,Daventry,Week3,333.5 Fairfax Station - 68.5 Daventry
Fairfax,Week2,Parliament,Week4,279.0 Fairfax - 123.0 Parliament
Fairfax Club Estates,Week2,Lake Braddock,Week2,221.0 Fairfax Club Estates - 181.0 Lake Braddock
Fairfax Station,Week3,Lake Braddock,Week1,352.0 Fairfax Station - 50.0 Lake Braddock
Fairfax Club Estates,Week5,Kings Ridge ,Week2,247.5 Fairfax Club Estates - 154.5 Kings Ridge
Fairfax Club Estates,Week5,Shouse Village,Week4,259.0 Shouse Village - 143.0 Fairfax Club Estates
Fairfax,Week4,Vienna Aquatic,Week2,214.0 Vienna Aquatic - 188.0 Fairfax
Fairfax Station,Week1,Daventry,Week1,324.0 Fairfax Station - 78.0 Daventry
Fairfax Station,Week1,Lake Braddock,Week4,332.0 Fairfax Station - 70.0 Lake Braddock
Fairfax Club Estates,Week1,Sideburn Run,Week2,242.0 Sideburn Run - 160.0 Fairfax Club Estates
Fairfax Club Estates,Week2,Sideburn Run,Week4,268.0 Sideburn Run - 134.0 Fairfax Club Estates
Fairfax Club Estates,Week5,Fox Mill Estates,Week1,228.0 Fairfax Club Estates - 173.0 Fox Mill Estates
Fairfax Station,Week1,Daventry,Week4,340.0 Fairfax Station - 62.0 Daventry
Fairfax Station,Week3,Daventry,Week1,344.0 Fairfax Station - 58.0 Daventry
Fairfax,Week5,Sideburn Run,Week3,274.0 Fairfax - 128.0 Sideburn Run
Fairfax Station,Week1,Fox Mill Estates,Week3,285.0 Fairfax Station - 117.0 Fox Mill Estates
Fairfax Station,Week2,Daventry,Week4,347.0 Fairfax Station - 55.0 Daventry
Fairfax Station,Week4,Lake Braddock,Week4,343.0 Fairfax Station - 59.0 Lake Braddock
Fairfax Club Estates,Week4,Kings Ridge ,Week5,218.0 Fairfax Club Estates - 184.0 Kings Ridge
Fairfax Club Estates,Week4,Sideburn Run,Week4,246.0 Sideburn Run - 156.0 Fairfax Club Estates
Fairfax Station,Week4,Kings Ridge ,Week3,317.0 Fairfax Station - 84.0 Kings Ridge
Fairfax Station,Week3,Fox Mill Estates,Week2,312.0 Fairfax Station - 90.0 Fox Mill Estates
Fairfax Station,Week2,Fox Mill Estates,Week4,287.0 Fairfax Station - 115.0 Fox Mill Estates
Fairfax Club Estates,Week3,Fox Mill Estates,Week5,218.0 Fox Mill Estates - 184.0 Fairfax Club Estates
Fairfax,Week3,Vienna Woods,Week2,213.0 Vienna Woods - 188.0 Fairfax
Fairfax Club Estates,Week4,Fox Mill Estates,Week1,241.0 Fairfax Club Estates - 161.0 Fox Mill Estates
Fairfax Club Estates,Week5,Sideburn Run,Week1,243.0 Sideburn Run - 159.0 Fairfax Club Estates
Fairfax Club Estates,Week4,Sideburn Run,Week2,245.0 Sideburn Run - 157.0 Fairfax Club Estates
Fairfax Station,Week3,Fox Mill Estates,Week5,300.0 Fairfax Station - 102.0 Fox Mill Estates
Fairfax,Week4,Sideburn Run,Week1,238.0 Fairfax - 164.0 Sideburn Run
Fairfax Station,Week5,Kings Ridge ,Week3,343.0 Fairfax Station - 59.0 Kings Ridge
Fairfax Club Estates,Week4,Fox Mill Estates,Week5,213.0 Fairfax Club Estates - 189.0 Fox Mill Estates
Fairfax Club Estates,Week2,Lake Braddock,Week4,232.0 Fairfax Club Estates - 170.0 Lake Braddock
Fairfax Station,Week2,Daventry,Week2,332.0 Fairfax Station - 69.0 Daventry
Fairfax,Week4,Sleepy Hollow B & R,Week2,248.5 Fairfax - 153.5 Sleepy Hollow B & R
Fairfax Club Estates,Week3,Lake Braddock,Week3,221.0 Fairfax Club Estates - 180.0 Lake Braddock
Fairfax,Week2,Vienna Woods,Week2,219.0 Vienna Woods - 183.0 Fairfax
Fairfax Club Estates,Week3,Lake Braddock,Week5,220.0 Fairfax Club Estates - 182.0 Lake Braddock
Fairfax Station,Week4,Kings Ridge ,Week1,331.0 Fairfax Station - 71.0 Kings Ridge
Fairfax,Week5,Sideburn Run,Week4,277.0 Fairfax - 125.0 Sideburn Run
Fairfax,Week2,Vienna Woods,Week4,227.5 Vienna Woods - 174.5 Fairfax
Fairfax Club Estates,Week5,Sideburn Run,Week2,243.0 Sideburn Run - 158.0 Fairfax Club Estates
Fairfax,Week3,Vienna Woods,Week3,224.0 Vienna Woods - 178.0 Fairfax
Fairfax Station,Week1,Fox Mill Woods,Week2,215.0 Fairfax Station - 187.0 Fox Mill Woods
Fairfax Club Estates,Week4,Sideburn Run,Week3,235.0 Sideburn Run - 167.0 Fairfax Club Estates
Fairfax Station,Week4,Fox Mill Woods,Week4,216.0 Fairfax Station - 186.0 Fox Mill Woods
Fairfax,Week3,Vienna Woods,Week5,256.0 Vienna Woods - 146.0 Fairfax
Fairfax Club Estates,Week1,Sideburn Run,Week3,260.0 Sideburn Run - 142.0 Fairfax Club Estates
Fairfax Station,Week1,Lake Braddock,Week1,342.0 Fairfax Station - 60.0 Lake Braddock
Fairfax Club Estates,Week1,Fox Mill Woods,Week4,301.0 Fox Mill Woods - 101.0 Fairfax Club Estates
Fairfax Club Estates,Week1,Fox Mill Woods,Week1,302.0 Fox Mill Woods - 100.0 Fairfax Club Estates
Fairfax Station,Week5,Fox Mill Estates,Week1,316.0 Fairfax Station - 86.0 Fox Mill Estates
Fairfax,Week2,Sleepy Hollow B & R,Week1,282.0 Fairfax - 120.0 Sleepy Hollow B & R
Fairfax Station,Week3,Kings Ridge ,Week4,324.0 Fairfax Station - 78.0 Kings Ridge
Fairfax Club Estates,Week5,Lake Braddock,Week3,239.0 Fairfax Club Estates - 162.0 Lake Braddock
Fairfax Club Estates,Week4,Lake Braddock,Week4,260.0 Fairfax Club Estates - 142.0 Lake Braddock
Fairfax Station,Week1,Lake Braddock,Week5,318.0 Fairfax Station - 84.0 Lake Braddock
Fairfax Club Estates,Week2,Fox Mill Woods,Week2,297.0 Fox Mill Woods - 105.0 Fairfax Club Estates
Fairfax,Week2,Sleepy Hollow B & R,Week5,231.0 Fairfax - 171.0 Sleepy Hollow B & R
Fairfax Station,Week4,Kings Ridge ,Week5,308.0 Fairfax Station - 94.0 Kings Ridge
Fairfax Station,Week5,Fox Mill Estates,Week3,305.0 Fairfax Station - 97.0 Fox Mill Estates
Fairfax,Week4,Vienna Woods,Week3,254.0 Vienna Woods - 148.0 Fairfax
Fairfax,Week4,Vienna Woods,Week1,248.0 Vienna Woods - 154.0 Fairfax
Fairfax Station,Week5,Fox Mill Estates,Week4,292.0 Fairfax Station - 110.0 Fox Mill Estates
Fairfax Station,Week4,Daventry,Week3,335.0 Fairfax Station - 66.0 Daventry
Fairfax Club Estates,Week5,Fox Mill Estates,Week2,206.0 Fairfax Club Estates - 195.0 Fox Mill Estates
Fairfax,Week5,Sideburn Run,Week5,269.0 Fairfax - 133.0 Sideburn Run
Fairfax,Week4,Sleepy Hollow B & R,Week1,266.0 Fairfax - 136.0 Sleepy Hollow B & R
Fairfax Club Estates,Week1,Fox Mill Woods,Week5,296.0 Fox Mill Woods - 106.0 Fairfax Club Estates
Fairfax Station,Week1,Lake Braddock,Week3,322.0 Fairfax Station - 80.0 Lake Braddock
Fairfax Club Estates,Week1,Sideburn Run,Week5,259.0 Sideburn Run - 143.0 Fairfax Club Estates
Fairfax Club Estates,Week3,Sideburn Run,Week3,254.0 Sideburn Run - 148.0 Fairfax Club Estates
Fairfax Station,Week4,Kings Ridge ,Week2,327.0 Fairfax Station - 75.0 Kings Ridge
Fairfax,Week4,Vienna Woods,Week2,247.0 Vienna Woods - 154.0 Fairfax
Fairfax Station,Week5,Daventry,Week2,347.0 Fairfax Station - 55.0 Daventry
Fairfax,Week1,Sleepy Hollow Rec,Week5,302.0 Fairfax - 100.0 Sleepy Hollow Rec
Fairfax Station,Week4,Daventry,Week1,325.0 Fairfax Station - 77.0 Daventry
Fairfax Club Estates,Week4,Lake Braddock,Week5,239.0 Fairfax Club Estates - 163.0 Lake Braddock
Fairfax Station,Week4,Daventry,Week2,326.0 Fairfax Station - 76.0 Daventry
Fairfax Club Estates,Week5,Sideburn Run,Week3,243.0 Sideburn Run - 158.0 Fairfax Club Estates
Fairfax Station,Week3,Daventry,Week4,357.0 Fairfax Station - 45.0 Daventry
Fairfax Club Estates,Week5,Lake Braddock,Week1,250.0 Fairfax Club Estates - 146.0 Lake Braddock
Fairfax Club Estates,Week4,Lake Braddock,Week2,261.0 Fairfax Club Estates - 141.0 Lake Braddock
Fairfax,Week3,Vienna Woods,Week4,216.0 Vienna Woods - 186.0 Fairfax
Fairfax,Week1,Sleepy Hollow B & R,Week2,244.0 Fairfax - 158.0 Sleepy Hollow B & R
Fairfax Club Estates,Week1,Lakeview,Week2,258.0 Fairfax Club Estates - 144.0 Lakeview
Fairfax Station,Week2,Fox Mill Woods,Week5,209.0 Fairfax Station - 193.0 Fox Mill Woods
Fairfax Club Estates,Week1,Sideburn Run,Week1,255.0 Sideburn Run - 147.0 Fairfax Club Estates
Fairfax Club Estates,Week3,Fox Mill Woods,Week4,304.0 Fox Mill Woods - 98.0 Fairfax Club Estates
Fairfax Station,Week2,Lake Braddock,Week2,335.0 Fairfax Station - 67.0 Lake Braddock
Fairfax,Week4,Sleepy Hollow B & R,Week4,252.0 Fairfax - 150.0 Sleepy Hollow B & R
Fairfax,Week4,Villa Aquatic,Week5,269.0 Fairfax - 133.0 Villa Aquatic
Fairfax Club Estates,Week4,Sideburn Run,Week1,240.0 Sideburn Run - 162.0 Fairfax Club Estates
Fairfax,Week1,Villa Aquatic,Week4,267.0 Fairfax - 135.0 Villa Aquatic
Fairfax,Week2,Villa Aquatic,Week4,287.0 Fairfax - 115.0 Villa Aquatic
Fairfax Club Estates,Week5,Lake Braddock,Week4,245.0 Fairfax Club Estates - 156.0 Lake Braddock
Fairfax Station,Week1,Dominion Hills,Week1,247.0 Fairfax Station - 155.0 Dominion Hills
Fairfax Club Estates,Week4,Lakevale Estates,Week5,305.0 Lakevale Estates - 97.0 Fairfax Club Estates
Fairfax Club Estates,Week3,Lakevale Estates,Week3,310.0 Lakevale Estates - 92.0 Fairfax Club Estates
Fairfax Club Estates,Week2,Fox Mill Woods,Week5,289.0 Fox Mill Woods - 113.0 Fairfax Club Estates
Fairfax Club Estates,Week2,Sideburn Run,Week2,259.0 Sideburn Run - 143.0 Fairfax Club Estates
Fairfax,Week1,Sleepy Hollow B & R,Week5,213.0 Fairfax - 189.0 Sleepy Hollow B & R
Fairfax Club Estates,Week3,Fox Mill Woods,Week3,283.0 Fox Mill Woods - 119.0 Fairfax Club Estates
Fairfax Station,Week5,Daventry,Week1,343.0 Fairfax Station - 59.0 Daventry
Fairfax Club Estates,Week2,Fox Mill Woods,Week4,314.0 Fox Mill Woods - 88.0 Fairfax Club Estates
Fairfax Station,Week1,Fox Mill Woods,Week1,208.0 Fox Mill Woods - 194.0 Fairfax Station
Fairfax Station,Week2,Lake Braddock,Week1,345.0 Fairfax Station - 52.0 Lake Braddock
Fairfax Station,Week5,Daventry,Week5,326.0 Fairfax Station - 76.0 Daventry
Fairfax Station,Week3,Fox Mill Woods,Week2,228.5 Fairfax Station - 173.5 Fox Mill Woods
Fairfax Station,Week5,Daventry,Week3,359.0 Fairfax Station - 43.0 Daventry
Fairfax Station,Week5,Kings Ridge ,Week1,358.0 Fairfax Station - 44.0 Kings Ridge
Fairfax,Week5,Villa Aquatic,Week5,283.0 Fairfax - 119.0 Villa Aquatic
Fairfax Station,Week4,Fox Mill Woods,Week2,210.0 Fairfax Station - 192.0 Fox Mill Woods
Fairfax Station,Week4,Daventry,Week5,314.0 Fairfax Station - 88.0 Daventry
Fairfax,Week5,Sleepy Hollow B & R,Week5,246.0 Fairfax - 156.0 Sleepy Hollow B & R
Fairfax Station,Week1,Dominion Hills,Week3,239.0 Fairfax Station - 163.0 Dominion Hills
Fairfax Station,Week3,Kings Ridge ,Week3,330.0 Fairfax Station - 71.0 Kings Ridge
Fairfax Club Estates,Week4,Sideburn Run,Week5,253.0 Sideburn Run - 149.0 Fairfax Club Estates
Fairfax Club Estates,Week5,Shouse Village,Week2,231.0 Shouse Village - 171.0 Fairfax Club Estates
Fairfax,Week3,Villa Aquatic,Week1,286.0 Fairfax - 116.0 Villa Aquatic
Fairfax Station,Week3,Fox Mill Woods,Week1,217.0 Fairfax Station - 185.0 Fox Mill Woods
Fairfax Station,Week2,Lake Braddock,Week4,331.0 Fairfax Station - 71.0 Lake Braddock
Fairfax Club Estates,Week2,Lakevale Estates,Week2,301.0 Lakevale Estates - 101.0 Fairfax Club Estates
Fairfax Club Estates,Week1,Sideburn Run,Week4,250.0 Sideburn Run - 152.0 Fairfax Club Estates
Fairfax Club Estates,Week2,Great Falls,Week5,268.0 Great Falls - 132.0 Fairfax Club Estates
Fairfax Club Estates,Week4,Fox Mill Woods,Week1,274.5 Fox Mill Woods - 127.5 Fairfax Club Estates
Fairfax Club Estates,Week1,Great Falls,Week3,247.0 Great Falls - 155.0 Fairfax Club Estates
Fairfax Club Estates,Week4,Lakevale Estates,Week4,317.0 Lakevale Estates - 85.0 Fairfax Club Estates
Fairfax Club Estates,Week2,Great Falls,Week2,238.0 Great Falls - 145.0 Fairfax Club Estates
Fairfax,Week5,Sleepy Hollow B & R,Week4,275.0 Fairfax - 127.0 Sleepy Hollow B & R
Fairfax,Week2,Villa Aquatic,Week2,285.0 Fairfax - 117.0 Villa Aquatic
Fairfax Station,Week1,Lake Braddock,Week2,325.0 Fairfax Station - 77.0 Lake Braddock
Fairfax Club Estates,Week2,Lakevale Estates,Week1,300.0 Lakevale Estates - 102.0 Fairfax Club Estates
Fairfax,Week5,Vienna Woods,Week5,252.5 Vienna Woods - 149.5 Fairfax
Fairfax Club Estates,Week2,Sideburn Run,Week5,271.0 Sideburn Run - 131.0 Fairfax Club Estates
Fairfax Station,Week1,Dominion Hills,Week2,238.0 Fairfax Station - 164.0 Dominion Hills
Fairfax,Week3,Sleepy Hollow B & R,Week2,263.0 Fairfax - 139.0 Sleepy Hollow B & R
Fairfax,Week5,Sleepy Hollow B & R,Week3,275.0 Fairfax - 127.0 Sleepy Hollow B & R
Fairfax Station,Week4,Daventry,Week4,340.0 Fairfax Station - 62.0 Daventry
Fairfax Station,Week1,Fox Mill Woods,Week5,205.0 Fairfax Station - 197.0 Fox Mill Woods
Fairfax Station,Week5,Fox Mill Woods,Week5,236.0 Fairfax Station - 166.0 Fox Mill Woods
Fairfax Station,Week3,Lake Braddock,Week4,349.0 Fairfax Station - 53.0 Lake Braddock
Fairfax Club Estates,Week1,Lakevale Estates,Week4,311.0 Lakevale Estates - 91.0 Fairfax Club Estates
Fairfax Station,Week2,Fox Mill Woods,Week2,213.0 Fairfax Station - 189.0 Fox Mill Woods
Fairfax Station,Week4,Kings Ridge ,Week4,308.0 Fairfax Station - 94.0 Kings Ridge
Fairfax Club Estates,Week1,Lakevale Estates,Week2,289.0 Lakevale Estates - 113.0 Fairfax Club Estates
Fairfax,Week2,Sleepy Hollow B & R,Week4,263.0 Fairfax - 139.0 Sleepy Hollow B & R
Fairfax Station,Week5,Kings Ridge ,Week2,349.0 Fairfax Station - 53.0 Kings Ridge
Fairfax,Week4,Villa Aquatic,Week4,276.0 Fairfax - 126.0 Villa Aquatic
Fairfax Club Estates,Week3,Great Falls,Week3,238.0 Great Falls - 163.0 Fairfax Club Estates
Fairfax Club Estates,Week1,Sleepy Hollow Rec,Week1,231.0 Fairfax Club Estates - 171.0 Sleepy Hollow Rec
Fairfax Station,Week1,Dominion Hills,Week5,227.0 Fairfax Station - 175.0 Dominion Hills
Fairfax Station,Week2,Fox Mill Woods,Week3,224.0 Fairfax Station - 178.0 Fox Mill Woods
Fairfax Club Estates,Week1,Lakevale Estates,Week5,327.0 Lakevale Estates - 75.0 Fairfax Club Estates
Fairfax Club Estates,Week5,Fox Mill Woods,Week2,288.0 Fox Mill Woods - 113.0 Fairfax Club Estates
Fairfax,Week3,Villa Aquatic,Week4,291.0 Fairfax - 111.0 Villa Aquatic
Fairfax Station,Week1,Dominion Hills,Week4,227.0 Fairfax Station - 175.0 Dominion Hills
Fairfax Club Estates,Week2,Sleepy Hollow B & R,Week3,284.0 Sleepy Hollow B & R - 117.0 Fairfax Club Estates
Fairfax Club Estates,Week5,Sleepy Hollow B & R,Week1,257.0 Sleepy Hollow B & R - 145.0 Fairfax Club Estates
Fairfax,Week5,Vienna Woods,Week1,216.0 Vienna Woods - 186.0 Fairfax
Fairfax,Week2,Sleepy Hollow B & R,Week2,263.0 Fairfax - 139.0 Sleepy Hollow B & R
Fairfax Station,Week1,Great Falls,Week1,265.0 Fairfax Station - 137.0 Great Falls
Fairfax,Week1,Sleepy Hollow B & R,Week3,233.0 Fairfax - 169.0 Sleepy Hollow B & R
Fairfax Station,Week2,Fox Mill Woods,Week1,201.0 Fairfax Station - 201.0 Fox Mill Woods
Fairfax Club Estates,Week1,Sleepy Hollow B & R,Week4,284.0 Sleepy Hollow B & R - 118.0 Fairfax Club Estates
Fairfax Station,Week5,Daventry,Week4,361.0 Fairfax Station - 41.0 Daventry
Fairfax Club Estates,Week3,Lakevale Estates,Week1,306.0 Lakevale Estates - 96.0 Fairfax Club Estates
Fairfax,Week1,Villa Aquatic,Week2,263.0 Fairfax - 139.0 Villa Aquatic
Fairfax Station,Week3,Kings Ridge ,Week5,322.0 Fairfax Station - 80.0 Kings Ridge
Fairfax Club Estates,Week5,Fox Mill Woods,Week1,291.0 Fox Mill Woods - 110.0 Fairfax Club Estates
Fairfax,Week3,Sleepy Hollow B & R,Week1,268.5 Fairfax - 133.5 Sleepy Hollow B & R
Forest Hollow,Week4,McLean,Week3,282.0 McLean - 120.0 Forest Hollow
Fox Hunt,Week2,Commonwealth,Week3,238.0 Fox Hunt - 162.0 Commonwealth
Fox Hunt,Week3,Fairfax,Week4,253.0 Fairfax - 149.0 Fox Hunt
Fox Hunt,Week2,Fairfax,Week4,284.0 Fairfax - 118.0 Fox Hunt
Fairfax Station,Week4,Truro,Week3,304.0 Fairfax Station - 98.0 Truro
Forest Hollow,Week3,Fairfax Club Estates,Week4,250.0 Forest Hollow - 152.0 Fairfax Club Estates
Forest Hollow,Week4,Fairfax Club Estates,Week4,257.0 Forest Hollow - 145.0 Fairfax Club Estates
Forest Hollow,Week1,Mosby Woods,Week2,256.0 Mosby Woods - 146.0 Forest Hollow
Forest Hollow,Week4,Springboard,Week2,330.5 Forest Hollow - 70.5 Springboard
Forest Hollow,Week5,McLean,Week3,278.0 McLean - 124.0 Forest Hollow
Fairfax Station,Week3,Tuckahoe,Week4,289.0 Tuckahoe - 113.0 Fairfax Station
Forest Hollow,Week2,Mosby Woods,Week5,241.5 Mosby Woods - 160.5 Forest Hollow
Fox Hunt,Week5,Commonwealth,Week3,261.0 Fox Hunt - 140.0 Commonwealth
Fox Hunt,Week2,Fairfax,Week1,277.5 Fairfax - 124.5 Fox Hunt
Fairfax Station,Week1,Tuckahoe,Week2,278.0 Tuckahoe - 124.0 Fairfax Station
Forest Hollow,Week5,Springboard,Week1,307.0 Forest Hollow - 94.0 Springboard
Fox Hunt,Week1,Fairfax Club Estates,Week5,240.0 Fox Hunt - 157.0 Fairfax Club Estates
Fairfax Station,Week4,Truro,Week4,295.0 Fairfax Station - 107.0 Truro
Forest Hollow,Week4,Mosby Woods,Week3,240.0 Mosby Woods - 162.0 Forest Hollow
Forest Hollow,Week3,Springboard,Week3,297.0 Forest Hollow - 105.0 Springboard
Forest Hollow,Week2,Springboard,Week3,281.0 Forest Hollow - 121.0 Springboard
Fox Hunt,Week4,Commonwealth,Week4,237.0 Fox Hunt - 165.0 Commonwealth
Fairfax Station,Week2,Tuckahoe,Week2,283.5 Tuckahoe - 118.5 Fairfax Station
Fairfax Station,Week1,Vienna Aquatic,Week2,229.5 Vienna Aquatic - 172.5 Fairfax Station
Fox Hunt,Week2,Commonwealth,Week5,236.0 Fox Hunt - 166.0 Commonwealth
Forest Hollow,Week2,Fairfax Club Estates,Week4,237.5 Forest Hollow - 159.5 Fairfax Club Estates
Fox Hunt,Week5,Fair Oaks ,Week5,216.0 Fair Oaks - 186.0 Fox Hunt
Fox Hunt,Week5,Fair Oaks ,Week3,206.0 Fair Oaks - 196.0 Fox Hunt
Forest Hollow,Week2,Springboard,Week5,290.0 Forest Hollow - 112.0 Springboard
Forest Hollow,Week5,Springboard,Week2,329.0 Forest Hollow - 72.0 Springboard
Fox Hunt,Week4,Fair Oaks ,Week4,202.0 Fox Hunt - 200.0 Fair Oaks
Fox Hunt,Week4,Fair Oaks ,Week1,208.0 Fair Oaks - 194.0 Fox Hunt
Forest Hollow,Week4,Fairfax Club Estates,Week1,270.0 Forest Hollow - 132.0 Fairfax Club Estates
Forest Hollow,Week4,McLean,Week4,261.0 McLean - 141.0 Forest Hollow
Fox Hunt,Week5,Commonwealth,Week2,249.0 Fox Hunt - 153.0 Commonwealth
Forest Hollow,Week2,Mosby Woods,Week2,254.0 Mosby Woods - 148.0 Forest Hollow
Forest Hollow,Week3,Springboard,Week1,303.0 Forest Hollow - 99.0 Springboard
Forest Hollow,Week5,Fairfax,Week3,244.0 Fairfax - 158.0 Forest Hollow
Forest Hollow,Week5,Mosby Woods,Week4,218.0 Mosby Woods - 184.0 Forest Hollow
Forest Hollow,Week4,McLean,Week2,282.0 McLean - 120.0 Forest Hollow
Fox Hunt,Week1,Commonwealth,Week5,230.0 Fox Hunt - 172.0 Commonwealth
Forest Hollow,Week4,Fairfax Club Estates,Week2,275.0 Forest Hollow - 127.0 Fairfax Club Estates
Forest Hollow,Week3,Fairfax Club Estates,Week3,266.0 Forest Hollow - 136.0 Fairfax Club Estates
Fairfax Station,Week2,Tuckahoe,Week4,295.0 Tuckahoe - 107.0 Fairfax Station
Forest Hollow,Week4,McLean,Week5,288.0 McLean - 114.0 Forest Hollow
Forest Hollow,Week2,Springboard,Week4,293.0 Forest Hollow - 109.0 Springboard
Forest Hollow,Week4,Fairfax,Week4,238.0 Fairfax - 164.0 Forest Hollow
Fox Hunt,Week5,Fairfax,Week1,247.0 Fairfax - 155.0 Fox Hunt
Fairfax Station,Week2,Tuckahoe,Week1,273.0 Tuckahoe - 129.0 Fairfax Station
Fox Hunt,Week1,Fair Oaks ,Week5,246.5 Fair Oaks - 155.5 Fox Hunt
Forest Hollow,Week2,Mosby Woods,Week4,233.0 Mosby Woods - 169.0 Forest Hollow
Fairfax Station,Week1,Tuckahoe,Week3,298.0 Tuckahoe - 104.0 Fairfax Station
Fairfax Station,Week3,Tuckahoe,Week2,263.0 Tuckahoe - 139.0 Fairfax Station
Forest Hollow,Week3,Fairfax Club Estates,Week5,252.0 Forest Hollow - 150.0 Fairfax Club Estates
Forest Hollow,Week1,Springboard,Week5,289.0 Forest Hollow - 113.0 Springboard
Forest Hollow,Week1,Mosby Woods,Week3,260.0 Mosby Woods - 142.0 Forest Hollow
Forest Hollow,Week3,Springboard,Week5,301.5 Forest Hollow - 100.5 Springboard
Forest Hollow,Week4,Fairfax,Week5,255.0 Fairfax - 147.0 Forest Hollow
Fox Hunt,Week3,Fairfax,Week5,283.0 Fairfax - 119.0 Fox Hunt
Fairfax Station,Week4,Tuckahoe,Week2,290.0 Tuckahoe - 112.0 Fairfax Station
Fox Hunt,Week2,Fair Oaks ,Week1,223.0 Fair Oaks - 179.0 Fox Hunt
Forest Hollow,Week2,Springfield,Week2,365.0 Forest Hollow - 32.0 Springfield
Fox Hunt,Week2,Commonwealth,Week4,252.0 Fox Hunt - 149.0 Commonwealth
Forest Hollow,Week5,Fairfax,Week2,235.0 Fairfax - 167.0 Forest Hollow
Fox Hunt,Week4,Commonwealth,Week5,234.0 Fox Hunt - 168.0 Commonwealth
Fox Hunt,Week4,Commonwealth,Week3,237.0 Fox Hunt - 164.0 Commonwealth
Forest Hollow,Week4,Springboard,Week5,303.0 Forest Hollow - 98.0 Springboard
Fox Hunt,Week4,Fair Oaks ,Week5,244.0 Fair Oaks - 158.0 Fox Hunt
Fairfax Station,Week1,Tuckahoe,Week1,275.0 Tuckahoe - 127.0 Fairfax Station
Fox Hunt,Week1,Fair Oaks ,Week1,223.0 Fair Oaks - 179.0 Fox Hunt
Forest Hollow,Week3,Fairfax Club Estates,Week2,276.0 Forest Hollow - 126.0 Fairfax Club Estates
Forest Hollow,Week3,Mosby Woods,Week1,247.0 Mosby Woods - 155.0 Forest Hollow
Forest Hollow,Week3,Fairfax,Week2,250.5 Fairfax - 151.5 Forest Hollow
Fox Hunt,Week5,Commonwealth,Week1,280.0 Fox Hunt - 122.0 Commonwealth
Forest Hollow,Week2,Springboard,Week2,307.0 Forest Hollow - 95.0 Springboard
Forest Hollow,Week1,Springboard,Week3,292.0 Forest Hollow - 110.0 Springboard
Fox Hunt,Week5,Fair Oaks ,Week1,207.5 Fair Oaks - 194.5 Fox Hunt
Fox Hunt,Week5,Commonwealth,Week4,276.0 Fox Hunt - 126.0 Commonwealth
Forest Hollow,Week5,McLean,Week2,276.0 McLean - 126.0 Forest Hollow
Forest Hollow,Week1,Springfield,Week2,372.0 Forest Hollow - 28.0 Springfield
Forest Hollow,Week4,Mosby Woods,Week4,230.5 Mosby Woods - 171.5 Forest Hollow
Fairfax Station,Week3,Truro,Week4,316.0 Fairfax Station - 86.0 Truro
Forest Hollow,Week2,Mosby Woods,Week1,256.5 Mosby Woods - 145.5 Forest Hollow
Forest Hollow,Week2,Fairfax Club Estates,Week1,247.0 Forest Hollow - 155.0 Fairfax Club Estates
Fairfax Station,Week1,Tuckahoe,Week5,297.0 Tuckahoe - 105.0 Fairfax Station
Forest Hollow,Week3,McLean,Week5,275.0 McLean - 127.0 Forest Hollow
Fox Hunt,Week1,Commonwealth,Week4,243.0 Fox Hunt - 159.0 Commonwealth
Forest Hollow,Week3,Fairfax,Week3,261.0 Fairfax - 141.0 Forest Hollow
Forest Hollow,Week5,Springboard,Week3,297.0 Forest Hollow - 104.0 Springboard
Forest Hollow,Week2,Fairfax Club Estates,Week5,237.0 Forest Hollow - 165.0 Fairfax Club Estates
Forest Hollow,Week5,Fairfax Club Estates,Week1,268.0 Forest Hollow - 134.0 Fairfax Club Estates
Fox Hunt,Week2,Fairfax,Week3,288.0 Fairfax - 114.0 Fox Hunt
Fox Hunt,Week4,Fairfax,Week4,274.0 Fairfax - 128.0 Fox Hunt
Forest Hollow,Week1,Fairfax Club Estates,Week2,266.0 Forest Hollow - 136.0 Fairfax Club Estates
Fairfax Station,Week4,Tuckahoe,Week5,307.0 Tuckahoe - 95.0 Fairfax Station
Fairfax Station,Week5,Truro,Week1,305.0 Fairfax Station - 97.0 Truro
Forest Hollow,Week2,Mosby Woods,Week3,261.5 Mosby Woods - 140.5 Forest Hollow
Forest Hollow,Week1,Springboard,Week2,330.5 Forest Hollow - 71.5 Springboard
Forest Hollow,Week1,Springfield,Week1,371.0 Forest Hollow - 29.0 Springfield
Fairfax Station,Week4,Truro,Week2,314.0 Fairfax Station - 87.0 Truro
Fox Hunt,Week5,Fairfax,Week4,246.0 Fairfax - 156.0 Fox Hunt
Forest Hollow,Week4,Fairfax Club Estates,Week5,253.0 Forest Hollow - 148.0 Fairfax Club Estates
Forest Hollow,Week3,Mosby Woods,Week2,244.0 Mosby Woods - 158.0 Forest Hollow
Forest Hollow,Week5,McLean,Week1,258.0 McLean - 144.0 Forest Hollow
Forest Hollow,Week1,Springboard,Week4,290.0 Forest Hollow - 112.0 Springboard
Fox Hunt,Week5,Fairfax,Week2,262.0 Fairfax - 140.0 Fox Hunt
Forest Hollow,Week2,Springboard,Week1,301.0 Forest Hollow - 101.0 Springboard
Forest Hollow,Week4,Fairfax Club Estates,Week3,270.0 Forest Hollow - 132.0 Fairfax Club Estates
Fairfax Station,Week2,Tuckahoe,Week5,285.0 Tuckahoe - 117.0 Fairfax Station
Fox Hunt,Week1,Fairfax Club Estates,Week4,235.0 Fox Hunt - 167.0 Fairfax Club Estates
Fairfax Station,Week3,Tuckahoe,Week1,265.0 Tuckahoe - 137.0 Fairfax Station
Fairfax Station,Week5,Tuckahoe,Week3,297.0 Tuckahoe - 105.0 Fairfax Station
Forest Hollow,Week3,Springboard,Week2,326.0 Forest Hollow - 76.0 Springboard
Forest Hollow,Week5,Fairfax Station,Week4,226.0 Fairfax Station - 176.0 Forest Hollow
Fairfax Station,Week3,Tuckahoe,Week5,283.0 Tuckahoe - 119.0 Fairfax Station
Fairfax Station,Week4,Tuckahoe,Week4,308.0 Tuckahoe - 94.0 Fairfax Station
Forest Hollow,Week5,McLean,Week4,254.0 McLean - 148.0 Forest Hollow
Fox Hunt,Week5,Fairfax,Week3,269.0 Fairfax - 133.0 Fox Hunt
Fox Hunt,Week1,Fairfax,Week3,303.0 Fairfax - 99.0 Fox Hunt
Forest Hollow,Week5,Springboard,Week4,304.0 Forest Hollow - 98.0 Springboard
Forest Hollow,Week4,Fairfax Station,Week5,262.0 Fairfax Station - 140.0 Forest Hollow
Fairfax Station,Week3,Tuckahoe,Week3,288.0 Tuckahoe - 114.0 Fairfax Station
Forest Hollow,Week5,Fairfax Station,Week2,245.0 Fairfax Station - 157.0 Forest Hollow
Forest Hollow,Week4,Springboard,Week1,305.0 Forest Hollow - 96.0 Springboard
Forest Hollow,Week4,McLean,Week1,262.0 McLean - 140.0 Forest Hollow
Forest Hollow,Week5,Springboard,Week5,298.0 Forest Hollow - 103.0 Springboard
Fox Hunt,Week1,Fairfax Club Estates,Week2,251.0 Fox Hunt - 151.0 Fairfax Club Estates
Forest Hollow,Week4,Mosby Woods,Week2,239.0 Mosby Woods - 163.0 Forest Hollow
Forest Hollow,Week4,Mosby Woods,Week1,251.0 Mosby Woods - 151.0 Forest Hollow
Forest Hollow,Week1,Springfield,Week4,366.0 Forest Hollow - 34.0 Springfield
Forest Hollow,Week1,Mosby Woods,Week1,264.0 Mosby Woods - 138.0 Forest Hollow
Forest Hollow,Week1,Fairfax Station,Week2,246.0 Fairfax Station - 156.0 Forest Hollow
Fox Hunt,Week3,Fairfax,Week1,258.0 Fairfax - 144.0 Fox Hunt
Forest Hollow,Week5,Fairfax Club Estates,Week3,276.0 Forest Hollow - 126.0 Fairfax Club Estates
Forest Hollow,Week4,Fairfax Station,Week1,247.0 Fairfax Station - 155.0 Forest Hollow
Fairfax Station,Week4,Vienna Aquatic,Week2,242.0 Vienna Aquatic - 160.0 Fairfax Station
Forest Hollow,Week3,Fairfax Station,Week1,246.0 Fairfax Station - 156.0 Forest Hollow
Fairfax Station,Week2,Vienna Aquatic,Week2,223.0 Vienna Aquatic - 179.0 Fairfax Station
Forest Hollow,Week4,Mosby Woods,Week5,237.0 Mosby Woods - 165.0 Forest Hollow
Fairfax Station,Week4,Tuckahoe,Week1,283.0 Tuckahoe - 119.0 Fairfax Station
Forest Hollow,Week1,Springfield,Week3,370.0 Forest Hollow - 30.0 Springfield
Fox Hunt,Week2,Fairfax,Week5,309.0 Fairfax - 93.0 Fox Hunt
Fox Hunt,Week5,Fairfax,Week5,271.0 Fairfax - 131.0 Fox Hunt
Fairfax Station,Week4,Tuckahoe,Week3,319.0 Tuckahoe - 83.0 Fairfax Station
Fairfax Station,Week5,Tuckahoe,Week5,276.0 Tuckahoe - 126.0 Fairfax Station
Fairfax Station,Week5,Tuckahoe,Week2,260.0 Tuckahoe - 142.0 Fairfax Station
Fairfax Station,Week5,Tuckahoe,Week4,288.0 Tuckahoe - 114.0 Fairfax Station
Forest Hollow,Week2,Springfield,Week1,354.0 Forest Hollow - 48.0 Springfield
Forest Hollow,Week1,Springfield,Week5,375.0 Forest Hollow - 24.0 Springfield
Forest Hollow,Week1,Fairfax Station,Week4,250.0 Fairfax Station - 152.0 Forest Hollow
Forest Hollow,Week4,Springboard,Week3,299.0 Forest Hollow - 102.0 Springboard
Fox Hunt,Week3,Fairfax,Week3,276.0 Fairfax - 126.0 Fox Hunt
Forest Hollow,Week1,Mosby Woods,Week5,243.0 Mosby Woods - 159.0 Forest Hollow
Fox Hunt,Week1,Fairfax,Week5,313.0 Fairfax - 89.0 Fox Hunt
Forest Hollow,Week5,Mosby Woods,Week1,243.0 Mosby Woods - 159.0 Forest Hollow
Fox Hunt,Week1,Fairfax,Week4,295.0 Fairfax - 107.0 Fox Hunt
Forest Hollow,Week1,Fairfax Station,Week1,239.5 Fairfax Station - 162.5 Forest Hollow
Forest Hollow,Week1,Fairfax Station,Week3,271.0 Fairfax Station - 131.0 Forest Hollow
Forest Hollow,Week2,Mount Vernon Park,Week5,244.0 Mount Vernon Park - 158.0 Forest Hollow
Forest Hollow,Week3,Springfield,Week1,366.0 Forest Hollow - 35.0 Springfield
Fairfax Station,Week1,Vienna Aquatic,Week5,272.0 Vienna Aquatic - 130.0 Fairfax Station
Forest Hollow,Week3,Mosby Woods,Week3,242.0 Mosby Woods - 160.0 Forest Hollow
Fox Hunt,Week1,Fairfax,Week2,301.0 Fairfax - 101.0 Fox Hunt
Fox Hunt,Week1,Fairfax Club Estates,Week1,239.0 Fox Hunt - 158.0 Fairfax Club Estates
Forest Hollow,Week5,Mosby Woods,Week3,232.0 Mosby Woods - 170.0 Forest Hollow
Forest Hollow,Week3,Springfield,Week4,365.0 Forest Hollow - 36.0 Springfield
Forest Hollow,Week3,Springboard,Week4,303.0 Forest Hollow - 99.0 Springboard
Forest Hollow,Week3,Fairfax Station,Week5,268.0 Fairfax Station - 134.0 Forest Hollow
Fairfax Station,Week1,Vienna Aquatic,Week1,230.0 Vienna Aquatic - 172.0 Fairfax Station
Forest Hollow,Week5,Fairfax Club Estates,Week5,264.0 Forest Hollow - 137.0 Fairfax Club Estates
Forest Hollow,Week4,Springboard,Week4,313.0 Forest Hollow - 89.0 Springboard
Forest Hollow,Week4,Mount Vernon Park,Week5,241.0 Mount Vernon Park - 161.0 Forest Hollow
Forest Hollow,Week2,Fairfax Station,Week3,281.0 Fairfax Station - 121.0 Forest Hollow
Forest Hollow,Week5,Mosby Woods,Week2,234.0 Mosby Woods - 168.0 Forest Hollow
Forest Hollow,Week3,Fairfax Station,Week3,278.0 Fairfax Station - 124.0 Forest Hollow
Forest Hollow,Week3,Springfield,Week2,376.0 Forest Hollow - 25.0 Springfield
Fox Hunt,Week1,Fairfax Club Estates,Week3,253.0 Fox Hunt - 149.0 Fairfax Club Estates
Fairfax Station,Week2,Vienna Aquatic,Week1,239.0 Vienna Aquatic - 163.0 Fairfax Station
Fox Hunt,Week3,Fairfax,Week2,274.0 Fairfax - 128.0 Fox Hunt
Forest Hollow,Week1,Mount Vernon Park,Week2,232.0 Mount Vernon Park - 170.0 Forest Hollow
Fox Hunt,Week2,Fairfax,Week2,284.0 Fairfax - 118.0 Fox Hunt
Fairfax Station,Week5,Sleepy Hollow B & R,Week3,250.0 Fairfax Station - 152.0 Sleepy Hollow B & R
Forest Hollow,Week2,Fairfax Station,Week2,271.0 Fairfax Station - 131.0 Forest Hollow
Forest Hollow,Week1,Newington Forest,Week3,278.0 Forest Hollow - 124.0 Newington Forest
Forest Hollow,Week3,Fairfax Station,Week4,254.0 Fairfax Station - 148.0 Forest Hollow
Forest Hollow,Week2,Springfield,Week4,355.0 Forest Hollow - 47.0 Springfield
Fairfax Station,Week5,Vienna Aquatic,Week2,214.0 Vienna Aquatic - 188.0 Fairfax Station
Fairfax Station,Week1,Sleepy Hollow B & R,Week5,210.0 Sleepy Hollow B & R - 192.0 Fairfax Station
Forest Hollow,Week1,Newington Forest,Week2,287.0 Forest Hollow - 115.0 Newington Forest
Fox Hunt,Week4,Fairfax,Week2,281.5 Fairfax - 120.5 Fox Hunt
Forest Hollow,Week5,Fairfax Club Estates,Week4,257.0 Forest Hollow - 145.0 Fairfax Club Estates
Fox Hunt,Week4,Fairfax,Week3,287.0 Fairfax - 115.0 Fox Hunt
Forest Hollow,Week3,Springfield,Week3,370.0 Forest Hollow - 31.0 Springfield
Fairfax Station,Week3,Vienna Aquatic,Week2,212.0 Vienna Aquatic - 190.0 Fairfax Station
Forest Hollow,Week3,Springfield,Week5,374.0 Forest Hollow - 26.0 Springfield
Fairfax Station,Week1,Sleepy Hollow Rec,Week5,315.0 Fairfax Station - 87.0 Sleepy Hollow Rec
Fairfax Station,Week1,Sleepy Hollow Rec,Week3,315.0 Fairfax Station - 87.0 Sleepy Hollow Rec
Fox Hunt,Week1,Fairfax,Week1,276.0 Fairfax - 126.0 Fox Hunt
Fairfax Station,Week3,Vienna Aquatic,Week1,223.0 Vienna Aquatic - 179.0 Fairfax Station
Forest Hollow,Week4,Mount Vernon Park,Week4,223.0 Mount Vernon Park - 179.0 Forest Hollow
Fox Hunt,Week4,Fairfax,Week1,268.0 Fairfax - 134.0 Fox Hunt
Forest Hollow,Week2,Mount Vernon Park,Week1,240.0 Mount Vernon Park - 162.0 Forest Hollow
Forest Hollow,Week4,Springfield,Week1,370.0 Forest Hollow - 30.0 Springfield
Fairfax Station,Week3,Sleepy Hollow B & R,Week4,248.0 Fairfax Station - 154.0 Sleepy Hollow B & R
Forest Hollow,Week2,Springfield,Week3,361.0 Forest Hollow - 41.0 Springfield
Fairfax Station,Week5,Vienna Aquatic,Week3,219.5 Vienna Aquatic - 182.5 Fairfax Station
Forest Hollow,Week3,Fairfax Station,Week2,260.0 Fairfax Station - 142.0 Forest Hollow
Forest Hollow,Week5,Fairfax Club Estates,Week2,282.0 Forest Hollow - 120.0 Fairfax Club Estates
Forest Hollow,Week1,Mount Vernon Park,Week1,238.0 Mount Vernon Park - 164.0 Forest Hollow
Fox Hunt,Week4,Fairfax,Week5,291.0 Fairfax - 111.0 Fox Hunt
Fairfax Station,Week5,Vienna Aquatic,Week4,208.0 Fairfax Station - 194.0 Vienna Aquatic
Fairfax Station,Week5,Sleepy Hollow B & R,Week1,261.0 Fairfax Station - 141.0 Sleepy Hollow B & R
Forest Hollow,Week4,Springfield,Week5,377.0 Forest Hollow - 23.0 Springfield
Fairfax Station,Week1,Vienna Woods,Week1,230.0 Vienna Woods - 172.0 Fairfax Station
Forest Hollow,Week1,Fairfax Station,Week5,261.0 Fairfax Station - 141.0 Forest Hollow
Fox Hunt,Week2,Fairfax Station,Week3,291.0 Fairfax Station - 111.0 Fox Hunt
Fairfax Station,Week4,Sleepy Hollow B & R,Week3,228.0 Fairfax Station - 174.0 Sleepy Hollow B & R
Forest Hollow,Week3,Mount Vernon Park,Week3,243.0 Mount Vernon Park - 159.0 Forest Hollow
Fairfax Station,Week4,Vienna Aquatic,Week4,239.0 Vienna Aquatic - 163.0 Fairfax Station
Forest Hollow,Week2,Fairfax Station,Week4,259.0 Fairfax Station - 143.0 Forest Hollow
Forest Hollow,Week4,Springfield,Week2,372.0 Forest Hollow - 27.0 Springfield
Fairfax Station,Week4,Sleepy Hollow B & R,Week4,223.0 Fairfax Station - 179.0 Sleepy Hollow B & R
Fairfax Station,Week4,Vienna Aquatic,Week3,248.0 Vienna Aquatic - 154.0 Fairfax Station
Fox Hunt,Week3,Fairfax Club Estates,Week1,249.0 Fox Hunt - 153.0 Fairfax Club Estates
Forest Hollow,Week2,Mount Vernon Park,Week3,236.5 Mount Vernon Park - 165.5 Forest Hollow
Forest Hollow,Week2,Fairfax Station,Week1,267.0 Fairfax Station - 135.0 Forest Hollow
Forest Hollow,Week4,Springfield,Week4,363.0 Forest Hollow - 37.0 Springfield
Fox Hunt,Week3,Fairfax Club Estates,Week5,245.0 Fox Hunt - 151.0 Fairfax Club Estates
Forest Hollow,Week3,Mount Vernon Park,Week4,232.0 Mount Vernon Park - 170.0 Forest Hollow
Fairfax Station,Week4,Sleepy Hollow B & R,Week1,247.0 Fairfax Station - 155.0 Sleepy Hollow B & R
Forest Hollow,Week5,Springfield,Week1,371.0 Forest Hollow - 30.0 Springfield
Forest Hollow,Week4,Mount Vernon Park,Week1,239.0 Mount Vernon Park - 163.0 Forest Hollow
Forest Hollow,Week2,Springfield,Week5,369.0 Forest Hollow - 33.0 Springfield
Forest Hollow,Week1,Mount Vernon Park,Week4,232.0 Mount Vernon Park - 170.0 Forest Hollow
Fairfax Station,Week5,Vienna Aquatic,Week5,240.0 Vienna Aquatic - 162.0 Fairfax Station
Fairfax Station,Week1,Vienna Aquatic,Week4,235.0 Vienna Aquatic - 167.0 Fairfax Station
Forest Hollow,Week2,Fairfax Station,Week5,284.0 Fairfax Station - 118.0 Forest Hollow
Forest Hollow,Week4,Springfield,Week3,371.0 Forest Hollow - 29.0 Springfield
Forest Hollow,Week4,Fairfax Station,Week4,239.0 Fairfax Station - 163.0 Forest Hollow
Forest Hollow,Week1,Mount Vernon Park,Week3,237.0 Mount Vernon Park - 165.0 Forest Hollow
Fox Hunt,Week2,Fairfax Station,Week1,278.0 Fairfax Station - 124.0 Fox Hunt
Fairfax Station,Week3,Sleepy Hollow B & R,Week1,282.0 Fairfax Station - 120.0 Sleepy Hollow B & R
Fairfax Station,Week1,Vienna Aquatic,Week3,246.0 Vienna Aquatic - 156.0 Fairfax Station
Fairfax Station,Week1,Sleepy Hollow B & R,Week3,226.0 Fairfax Station - 176.0 Sleepy Hollow B & R
Forest Hollow,Week5,Fairfax Station,Week3,268.0 Fairfax Station - 134.0 Forest Hollow
Forest Hollow,Week4,Fairfax Station,Week3,265.0 Fairfax Station - 137.0 Forest Hollow
Fairfax Station,Week4,Sleepy Hollow B & R,Week2,234.0 Fairfax Station - 168.0 Sleepy Hollow B & R
Fairfax Station,Week2,Sleepy Hollow B & R,Week1,254.0 Fairfax Station - 148.0 Sleepy Hollow B & R
Fairfax Station,Week3,Vienna Aquatic,Week3,215.0 Vienna Aquatic - 187.0 Fairfax Station
Forest Hollow,Week5,Springfield,Week3,373.0 Forest Hollow - 27.0 Springfield
Forest Hollow,Week5,Fairfax Station,Week1,241.0 Fairfax Station - 161.0 Forest Hollow
Forest Hollow,Week4,Fairfax Station,Week2,245.0 Fairfax Station - 157.0 Forest Hollow
Fox Hunt,Week3,Fairfax Club Estates,Week2,259.0 Fox Hunt - 143.0 Fairfax Club Estates
Fairfax Station,Week4,Vienna Aquatic,Week5,265.0 Vienna Aquatic - 137.0 Fairfax Station
Fox Hunt,Week4,Fairfax Club Estates,Week4,227.0 Fox Hunt - 175.0 Fairfax Club Estates
Fairfax Station,Week2,Vienna Aquatic,Week5,268.0 Vienna Aquatic - 134.0 Fairfax Station
Forest Hollow,Week5,Mount Vernon Park,Week1,234.0 Mount Vernon Park - 168.0 Forest Hollow
Fox Hunt,Week2,Fairfax Club Estates,Week2,247.0 Fox Hunt - 154.0 Fairfax Club Estates
Forest Hollow,Week5,Mosby Woods,Week5,225.0 Mosby Woods - 177.0 Forest Hollow
Fox Hunt,Week2,Fairfax Club Estates,Week1,235.0 Fox Hunt - 161.0 Fairfax Club Estates
Fairfax Station,Week1,Sleepy Hollow B & R,Week4,212.0 Fairfax Station - 190.0 Sleepy Hollow B & R
Forest Hollow,Week3,Forest Hollow,Week4,207.0 Forest Hollow (FH1) - 195.0 Forest Hollow (FH2)
Fairfax Station,Week3,Vienna Aquatic,Week5,243.0 Vienna Aquatic - 159.0 Fairfax Station
Forest Hollow,Week5,Forest Hollow,Week4,205.0 Forest Hollow (FH1) - 197.0 Forest Hollow (FH2)
Fox Hunt,Week4,Fairfax Club Estates,Week2,253.0 Fox Hunt - 149.0 Fairfax Club Estates
Fox Hunt,Week5,Fairfax Club Estates,Week2,281.0 Fox Hunt - 121.0 Fairfax Club Estates
Fairfax Station,Week5,Sleepy Hollow B & R,Week4,256.0 Fairfax Station - 146.0 Sleepy Hollow B & R
Forest Hollow,Week5,Mount Vernon Park,Week4,223.0 Mount Vernon Park - 179.0 Forest Hollow
Forest Hollow,Week1,Forest Hollow,Week5,225.0 Forest Hollow (FH2) - 177.0 Forest Hollow (FH1)
Fox Hunt,Week4,Fairfax Club Estates,Week3,245.0 Fox Hunt - 157.0 Fairfax Club Estates
Fairfax Station,Week5,Sleepy Hollow B & R,Week2,250.0 Fairfax Station - 152.0 Sleepy Hollow B & R
Fairfax Station,Week3,Vienna Woods,Week1,202.0 Fairfax Station - 200.0 Vienna Woods
Forest Hollow,Week1,Fox Hunt,Week2,227.0 Forest Hollow - 175.0 Fox Hunt
Forest Hollow,Week5,Springfield,Week2,376.0 Forest Hollow - 24.0 Springfield
Fairfax Station,Week2,Sleepy Hollow B & R,Week5,213.0 Fairfax Station - 189.0 Sleepy Hollow B & R
Forest Hollow,Week5,Mount Vernon Park,Week5,238.0 Mount Vernon Park - 164.0 Forest Hollow
Fairfax Station,Week3,Sleepy Hollow B & R,Week5,224.0 Fairfax Station - 178.0 Sleepy Hollow B & R
Forest Hollow,Week1,Forest Hollow,Week4,210.0 Forest Hollow (FH2) - 192.0 Forest Hollow (FH1)
Forest Hollow,Week3,Mount Vernon Park,Week5,248.0 Mount Vernon Park - 154.0 Forest Hollow
Fairfax Station,Week5,Vienna Aquatic,Week1,203.0 Fairfax Station - 199.0 Vienna Aquatic
Fairfax Station,Week2,Vienna Aquatic,Week4,233.0 Vienna Aquatic - 164.0 Fairfax Station
Fairfax Station,Week3,Sleepy Hollow B & R,Week2,263.0 Fairfax Station - 139.0 Sleepy Hollow B & R
Forest Hollow,Week2,Mount Vernon Park,Week4,231.0 Mount Vernon Park - 171.0 Forest Hollow
Forest Hollow,Week4,Forest Hollow,Week1,210.0 Forest Hollow (FH1) - 192.0 Forest Hollow (FH2)
Forest Hollow,Week3,Forest Hollow,Week3,201.0 Forest Hollow (FH1) - 201.0 Forest Hollow (FH2)
Fairfax Station,Week2,Vienna Aquatic,Week3,235.0 Vienna Aquatic - 167.0 Fairfax Station
Fairfax Station,Week3,Vienna Aquatic,Week4,208.5 Vienna Aquatic - 193.5 Fairfax Station
Fox Hunt,Week2,Fairfax Club Estates,Week3,238.0 Fox Hunt - 163.0 Fairfax Club Estates
Fairfax Station,Week2,Sleepy Hollow B & R,Week2,239.0 Fairfax Station - 163.0 Sleepy Hollow B & R
Fairfax Station,Week4,Vienna Aquatic,Week1,243.0 Vienna Aquatic - 159.0 Fairfax Station
Forest Hollow,Week4,Mount Vernon Park,Week2,233.0 Mount Vernon Park - 169.0 Forest Hollow
Fox Hunt,Week2,Fairfax Club Estates,Week4,236.0 Fox Hunt - 166.0 Fairfax Club Estates
Forest Hollow,Week1,Mount Vernon Park,Week5,246.0 Mount Vernon Park - 156.0 Forest Hollow
Forest Hollow,Week4,Mount Vernon Park,Week3,239.0 Mount Vernon Park - 163.0 Forest Hollow
Fox Hunt,Week1,Fairfax Station,Week3,295.0 Fairfax Station - 107.0 Fox Hunt
Fairfax Station,Week3,Sleepy Hollow B & R,Week3,253.0 Fairfax Station - 149.0 Sleepy Hollow B & R
Fox Hunt,Week1,Fairfax Station,Week1,275.0 Fairfax Station - 127.0 Fox Hunt
Forest Hollow,Week5,Mount Vernon Park,Week3,228.0 Mount Vernon Park - 174.0 Forest Hollow
Fairfax Station,Week5,Sleepy Hollow B & R,Week5,230.0 Fairfax Station - 172.0 Sleepy Hollow B & R
Forest Hollow,Week2,Mount Vernon Park,Week2,238.0 Mount Vernon Park - 164.0 Forest Hollow
Fairfax Station,Week3,Vienna Woods,Week3,210.0 Vienna Woods - 192.0 Fairfax Station
Fox Hunt,Week4,Fairfax Club Estates,Week1,238.0 Fox Hunt - 164.0 Fairfax Club Estates
Fox Hunt,Week5,Fairfax Club Estates,Week5,253.0 Fox Hunt - 149.0 Fairfax Club Estates
Fairfax Station,Week5,Vienna Woods,Week4,215.0 Fairfax Station - 187.0 Vienna Woods
Fairfax Station,Week2,Sleepy Hollow B & R,Week4,231.0 Fairfax Station - 171.0 Sleepy Hollow B & R
Forest Hollow,Week2,Forest Hollow,Week3,226.5 Forest Hollow (FH2) - 175.5 Forest Hollow (FH1)
Fairfax Station,Week2,Sleepy Hollow B & R,Week3,245.0 Fairfax Station - 157.0 Sleepy Hollow B & R
Forest Hollow,Week3,Mount Vernon Park,Week2,232.0 Mount Vernon Park - 170.0 Forest Hollow
Fox Hunt,Week2,Fairfax Club Estates,Week5,237.0 Fox Hunt - 160.0 Fairfax Club Estates
Fairfax Station,Week2,Vienna Woods,Week5,263.0 Vienna Woods - 139.0 Fairfax Station
Forest Hollow,Week1,Forest Hollow,Week1,201.0 Forest Hollow (FH1) - 201.0 Forest Hollow (FH2)
Fairfax Station,Week1,Sleepy Hollow Rec,Week1,330.0 Fairfax Station - 72.0 Sleepy Hollow Rec
Fairfax Station,Week1,Sleepy Hollow Rec,Week2,323.0 Fairfax Station - 79.0 Sleepy Hollow Rec
Forest Hollow,Week5,Mount Vernon Park,Week2,225.0 Mount Vernon Park - 177.0 Forest Hollow
Fox Hunt,Week4,Fairfax Club Estates,Week5,250.0 Fox Hunt - 152.0 Fairfax Club Estates
Forest Hollow,Week2,Forest Hollow,Week5,242.5 Forest Hollow (FH2) - 159.5 Forest Hollow (FH1)
Fairfax Station,Week2,Vienna Woods,Week4,201.0 Fairfax Station - 201.0 Vienna Woods
Fairfax Station,Week1,Vienna Woods,Week4,206.0 Vienna Woods - 196.0 Fairfax Station
Forest Hollow,Week4,Forest Hollow,Week3,207.0 Forest Hollow (FH2) - 195.0 Forest Hollow (FH1)
Forest Hollow,Week3,Forest Hollow,Week1,214.0 Forest Hollow (FH1) - 188.0 Forest Hollow (FH2)
Forest Hollow,Week1,Newington Forest,Week1,303.0 Forest Hollow - 99.0 Newington Forest
Fox Hunt,Week3,Fairfax Club Estates,Week4,244.0 Fox Hunt - 158.0 Fairfax Club Estates
Fox Hunt,Week3,Fairfax Club Estates,Week3,262.0 Fox Hunt - 140.0 Fairfax Club Estates
Forest Hollow,Week3,Mount Vernon Park,Week1,240.0 Mount Vernon Park - 162.0 Forest Hollow
Forest Hollow,Week4,Forest Hollow,Week2,235.0 Forest Hollow (FH1) - 167.0 Forest Hollow (FH2)
Forest Hollow,Week3,Forest Hollow,Week2,226.5 Forest Hollow (FH1) - 175.5 Forest Hollow (FH2)
Fox Hunt,Week1,Fairfax Station,Week4,267.0 Fairfax Station - 135.0 Fox Hunt
Fairfax Station,Week3,Vienna Woods,Week5,237.0 Vienna Woods - 165.0 Fairfax Station
Forest Hollow,Week2,North Springfield,Week1,276.0 Forest Hollow - 74.0 North Springfield
Fox Hunt,Week5,Fairfax Club Estates,Week3,269.0 Fox Hunt - 133.0 Fairfax Club Estates
Fox Hunt,Week2,Fairfax Station,Week2,277.0 Fairfax Station - 125.0 Fox Hunt
Fairfax Station,Week1,Vienna Woods,Week5,263.0 Vienna Woods - 139.0 Fairfax Station
Fairfax Station,Week2,Sleepy Hollow Rec,Week2,318.0 Fairfax Station - 84.0 Sleepy Hollow Rec
Fairfax Station,Week3,Sleepy Hollow Rec,Week4,349.0 Fairfax Station - 53.0 Sleepy Hollow Rec
Forest Hollow,Week3,Forest Hollow,Week5,205.0 Forest Hollow (FH2) - 197.0 Forest Hollow (FH1)
Fairfax Station,Week2,Sleepy Hollow Rec,Week3,311.0 Fairfax Station - 91.0 Sleepy Hollow Rec
Fairfax Station,Week2,Vienna Woods,Week2,212.0 Vienna Woods - 190.0 Fairfax Station
Forest Hollow,Week4,Newington Forest,Week2,299.0 Forest Hollow - 102.0 Newington Forest
Forest Hollow,Week4,Newington Forest,Week4,281.0 Forest Hollow - 121.0 Newington Forest
Forest Hollow,Week1,Forest Hollow,Week2,219.0 Forest Hollow (FH1) - 183.0 Forest Hollow (FH2)
Fairfax Station,Week3,Sleepy Hollow Rec,Week3,331.0 Fairfax Station - 71.0 Sleepy Hollow Rec
Fairfax Station,Week2,Vienna Woods,Week1,225.0 Vienna Woods - 177.0 Fairfax Station
Fairfax Station,Week3,Vienna Woods,Week2,207.0 Fairfax Station - 195.0 Vienna Woods
Forest Hollow,Week4,Forest Hollow,Week5,205.0 Forest Hollow (FH2) - 197.0 Forest Hollow (FH1)
Forest Hollow,Week5,Forest Hollow,Week1,225.0 Forest Hollow (FH1) - 177.0 Forest Hollow (FH2)
Fairfax Station,Week4,Vienna Woods,Week1,231.0 Vienna Woods - 171.0 Fairfax Station
Fox Hunt,Week5,Fairfax Club Estates,Week1,251.0 Fox Hunt - 151.0 Fairfax Club Estates
Fairfax Station,Week4,Sleepy Hollow B & R,Week5,204.0 Fairfax Station - 198.0 Sleepy Hollow B & R
Forest Hollow,Week4,Forest Hollow,Week4,201.0 Forest Hollow (FH1) - 201.0 Forest Hollow (FH2)
Fairfax Station,Week2,Somerset-Olde Creek,Week5,342.0 Fairfax Station - 60.0 Somerset-Olde Creek
Forest Hollow,Week3,Newington Forest,Week4,283.0 Forest Hollow - 119.0 Newington Forest
Forest Hollow,Week3,Newington Forest,Week1,303.0 Forest Hollow - 99.0 Newington Forest
Fairfax Station,Week2,Vienna Woods,Week3,236.0 Vienna Woods - 166.0 Fairfax Station
Fairfax Station,Week4,Vienna Woods,Week2,222.0 Vienna Woods - 180.0 Fairfax Station
Forest Hollow,Week2,Forest Hollow,Week1,219.0 Forest Hollow (FH2) - 183.0 Forest Hollow (FH1)
Fox Hunt,Week1,Fairfax Station,Week2,257.0 Fairfax Station - 145.0 Fox Hunt
Forest Hollow,Week2,Newington Forest,Week1,289.0 Forest Hollow - 113.0 Newington Forest
Fox Hunt,Week5,Fairfax Club Estates,Week4,261.0 Fox Hunt - 141.0 Fairfax Club Estates
Forest Hollow,Week3,Newington Forest,Week5,266.0 Forest Hollow - 136.0 Newington Forest
Fox Hunt,Week1,Fairfax Station,Week5,279.0 Fairfax Station - 123.0 Fox Hunt
Fox Hunt,Week2,Forest Hollow,Week5,247.0 Forest Hollow - 155.0 Fox Hunt
Fairfax Station,Week1,Sleepy Hollow Rec,Week4,332.0 Fairfax Station - 70.0 Sleepy Hollow Rec
Fairfax Station,Week3,Sleepy Hollow Rec,Week2,337.0 Fairfax Station - 65.0 Sleepy Hollow Rec
Forest Hollow,Week2,Newington Forest,Week4,267.0 Forest Hollow - 135.0 Newington Forest
Fairfax Station,Week4,Vienna Woods,Week3,237.0 Vienna Woods - 165.0 Fairfax Station
Forest Hollow,Week5,Fairfax Station,Week5,264.0 Fairfax Station - 138.0 Forest Hollow
Fairfax Station,Week4,Vienna Woods,Week4,215.0 Vienna Woods - 187.0 Fairfax Station
Forest Hollow,Week5,Newington Forest,Week2,298.0 Forest Hollow - 103.0 Newington Forest
Fox Hunt,Week3,Fairfax Station,Week3,268.0 Fairfax Station - 134.0 Fox Hunt
Fox Hunt,Week5,Hollin Hills,Week4,320.0 Fox Hunt - 78.0 Hollin Hills
Fairfax Station,Week2,Walden Glen,Week3,298.0 Fairfax Station - 104.0 Walden Glen
Fairfax Station,Week5,Wakefield Chapel,Week5,230.0 Wakefield Chapel - 172.0 Fairfax Station
Fairfax Station,Week5,Vienna Woods,Week3,205.5 Vienna Woods - 196.5 Fairfax Station
Forest Hollow,Week5,Newington Forest,Week1,305.0 Forest Hollow - 96.0 Newington Forest
Fox Hunt,Week2,Fairfax Station,Week4,275.0 Fairfax Station - 127.0 Fox Hunt
Forest Hollow,Week5,Forest Hollow,Week2,242.5 Forest Hollow (FH1) - 159.5 Forest Hollow (FH2)
Forest Hollow,Week2,Forest Hollow,Week4,235.0 Forest Hollow (FH2) - 167.0 Forest Hollow (FH1)
Fairfax Station,Week3,Vienna Woods,Week4,210.0 Fairfax Station - 192.0 Vienna Woods
Fairfax Station,Week2,Wakefield Chapel,Week4,208.0 Wakefield Chapel - 194.0 Fairfax Station
Fairfax Station,Week5,Wakefield Chapel,Week3,209.5 Wakefield Chapel - 192.5 Fairfax Station
Forest Hollow,Week5,Newington Forest,Week4,292.0 Forest Hollow - 110.0 Newington Forest
Fairfax Station,Week5,Sleepy Hollow Rec,Week1,339.0 Fairfax Station - 63.0 Sleepy Hollow Rec
Forest Hollow,Week5,Forest Hollow,Week5,201.0 Forest Hollow (FH1) - 201.0 Forest Hollow (FH2)
Forest Hollow,Week5,Newington Forest,Week3,296.0 Forest Hollow - 106.0 Newington Forest
Forest Hollow,Week1,North Springfield,Week1,288.0 Forest Hollow - 61.0 North Springfield
Fox Hunt,Week3,Fairfax Station,Week5,272.0 Fairfax Station - 130.0 Fox Hunt
Forest Hollow,Week1,North Springfield,Week2,300.0 Forest Hollow - 88.0 North Springfield
Fox Hunt,Week5,Fairfax Station,Week2,250.0 Fairfax Station - 152.0 Fox Hunt
Fairfax Station,Week4,Wakefield Chapel,Week3,253.0 Wakefield Chapel - 149.0 Fairfax Station
Fox Hunt,Week4,Fairfax Station,Week1,264.0 Fairfax Station - 138.0 Fox Hunt
Fairfax Station,Week3,Somerset-Olde Creek,Week2,367.0 Fairfax Station - 35.0 Somerset-Olde Creek
Fairfax Station,Week4,Sleepy Hollow Rec,Week4,327.0 Fairfax Station - 75.0 Sleepy Hollow Rec
Fairfax Station,Week4,Sleepy Hollow Rec,Week1,317.0 Fairfax Station - 85.0 Sleepy Hollow Rec
Forest Hollow,Week5,Forest Hollow,Week3,205.0 Forest Hollow (FH1) - 197.0 Forest Hollow (FH2)
Fairfax Station,Week5,Sleepy Hollow Rec,Week4,361.0 Fairfax Station - 41.0 Sleepy Hollow Rec
Fairfax Station,Week5,Vienna Woods,Week1,204.0 Vienna Woods - 198.0 Fairfax Station
Fairfax Station,Week1,Vienna Woods,Week3,239.0 Vienna Woods - 163.0 Fairfax Station
Forest Hollow,Week1,Forest Hollow,Week3,214.0 Forest Hollow (FH2) - 188.0 Forest Hollow (FH1)
Forest Hollow,Week2,Forest Hollow,Week2,198.5 Forest Hollow (FH1) - 198.5 Forest Hollow (FH2)
Forest Hollow,Week1,Fox Hunt,Week1,236.0 Forest Hollow - 166.0 Fox Hunt
Fox Hunt,Week1,Hollin Meadows,Week2,202.0 Fox Hunt - 200.0 Hollin Meadows
Fairfax Station,Week3,Sleepy Hollow Rec,Week1,344.0 Fairfax Station - 58.0 Sleepy Hollow Rec
Fairfax Station,Week1,Somerset-Olde Creek,Week5,356.0 Fairfax Station - 46.0 Somerset-Olde Creek
Forest Hollow,Week4,Newington Forest,Week3,291.0 Forest Hollow - 111.0 Newington Forest
Fox Hunt,Week1,Forest Hollow,Week3,241.0 Forest Hollow - 161.0 Fox Hunt
Fairfax Station,Week1,Somerset-Olde Creek,Week2,360.0 Fairfax Station - 42.0 Somerset-Olde Creek
Fairfax Station,Week4,Vienna Woods,Week5,265.0 Vienna Woods - 137.0 Fairfax Station
Fairfax Station,Week5,Vienna Woods,Week2,214.0 Fairfax Station - 188.0 Vienna Woods
Fox Hunt,Week4,Fairfax Station,Week5,271.5 Fairfax Station - 130.5 Fox Hunt
Fairfax Station,Week3,Wakefield Chapel,Week1,215.0 Wakefield Chapel - 187.0 Fairfax Station
Forest Hollow,Week3,Newington Forest,Week2,292.0 Forest Hollow - 110.0 Newington Forest
Fox Hunt,Week4,Fairfax Station,Week3,282.0 Fairfax Station - 120.0 Fox Hunt
Forest Hollow,Week1,Fox Hunt,Week4,232.0 Forest Hollow - 170.0 Fox Hunt
Forest Hollow,Week1,Fox Hunt,Week3,204.0 Forest Hollow - 198.0 Fox Hunt
Forest Hollow,Week1,North Springfield,Week4,306.0 Forest Hollow - 85.0 North Springfield
Fairfax Station,Week2,Wakefield Chapel,Week2,222.0 Wakefield Chapel - 180.0 Fairfax Station
Fairfax Station,Week5,Wakefield Chapel,Week4,212.5 Fairfax Station - 189.5 Wakefield Chapel
Fairfax Station,Week1,Vienna Woods,Week2,220.0 Vienna Woods - 182.0 Fairfax Station
Fairfax Station,Week5,Sleepy Hollow Rec,Week2,344.0 Fairfax Station - 58.0 Sleepy Hollow Rec
Fox Hunt,Week4,Hollin Hills,Week2,289.0 Fox Hunt - 108.0 Hollin Hills
Fox Hunt,Week5,Fairfax Station,Week3,262.5 Fairfax Station - 139.5 Fox Hunt
Fox Hunt,Week2,Hollin Hills,Week1,292.0 Fox Hunt - 104.0 Hollin Hills
Fairfax Station,Week3,Somerset-Olde Creek,Week1,373.0 Fairfax Station - 27.0 Somerset-Olde Creek
Forest Hollow,Week1,North Springfield,Week3,296.0 Forest Hollow - 100.0 North Springfield
Fox Hunt,Week2,Hollin Hills,Week2,290.5 Fox Hunt - 106.5 Hollin Hills
Fairfax Station,Week2,Wakefield Chapel,Week3,240.0 Wakefield Chapel - 157.0 Fairfax Station
Fairfax Station,Week2,Sleepy Hollow Rec,Week5,318.5 Fairfax Station - 83.5 Sleepy Hollow Rec
Forest Hollow,Week4,Newington Forest,Week1,300.0 Forest Hollow - 101.0 Newington Forest
Fox Hunt,Week2,Hollin Hills,Week4,290.0 Fox Hunt - 108.0 Hollin Hills
Fairfax Station,Week2,Sleepy Hollow Rec,Week4,338.0 Fairfax Station - 64.0 Sleepy Hollow Rec
Fox Hunt,Week4,Fairfax Station,Week2,265.5 Fairfax Station - 136.5 Fox Hunt
Fairfax Station,Week4,Sleepy Hollow Rec,Week2,314.0 Fairfax Station - 88.0 Sleepy Hollow Rec
Forest Hollow,Week2,Fox Hunt,Week3,217.0 Fox Hunt - 185.0 Forest Hollow
Fox Hunt,Week5,Fairfax Station,Week5,257.0 Fairfax Station - 145.0 Fox Hunt
Fox Hunt,Week3,Fairfax Station,Week2,259.0 Fairfax Station - 138.0 Fox Hunt
Forest Hollow,Week1,Fox Hunt,Week5,203.0 Forest Hollow - 199.0 Fox Hunt
Fox Hunt,Week2,Forest Hollow,Week1,227.0 Forest Hollow - 175.0 Fox Hunt
Fox Hunt,Week5,Fairfax Station,Week1,238.0 Fairfax Station - 164.0 Fox Hunt
Fox Hunt,Week2,Hollin Hills,Week5,277.0 Fox Hunt - 122.0 Hollin Hills
Fairfax Station,Week5,Sleepy Hollow Rec,Week3,331.0 Fairfax Station - 71.0 Sleepy Hollow Rec
Fairfax Station,Week1,Walden Glen,Week5,280.0 Fairfax Station - 122.0 Walden Glen
Fairfax Station,Week1,Walden Glen,Week3,297.0 Fairfax Station - 105.0 Walden Glen
Fairfax Station,Week1,Walden Glen,Week1,335.0 Fairfax Station - 67.0 Walden Glen
Forest Hollow,Week2,Fox Hunt,Week4,210.0 Forest Hollow - 192.0 Fox Hunt
Forest Hollow,Week1,Newington Forest,Week5,265.0 Forest Hollow - 137.0 Newington Forest
Fox Hunt,Week1,Hollin Meadows,Week1,223.0 Hollin Meadows - 179.0 Fox Hunt
Fairfax Station,Week3,Wakefield Chapel,Week4,205.0 Fairfax Station - 197.0 Wakefield Chapel
Forest Hollow,Week2,Fox Hunt,Week2,222.0 Forest Hollow - 180.0 Fox Hunt
Fairfax Station,Week4,Sleepy Hollow Rec,Week5,307.0 Fairfax Station - 95.0 Sleepy Hollow Rec
Forest Hollow,Week2,Fox Hunt,Week1,220.0 Forest Hollow - 182.0 Fox Hunt
Fox Hunt,Week3,Hollin Meadows,Week1,202.0 Fox Hunt - 200.0 Hollin Meadows
Forest Hollow,Week5,Newington Forest,Week5,280.0 Forest Hollow - 122.0 Newington Forest
Fairfax Station,Week3,Sleepy Hollow Rec,Week5,332.0 Fairfax Station - 70.0 Sleepy Hollow Rec
Forest Hollow,Week1,North Springfield,Week5,260.0 Forest Hollow - 113.0 North Springfield
Forest Hollow,Week2,Fox Hunt,Week5,203.0 Forest Hollow - 199.0 Fox Hunt
Fox Hunt,Week5,Fairfax Station,Week4,234.0 Fairfax Station - 168.0 Fox Hunt
Fox Hunt,Week2,Hollin Meadows,Week4,213.0 Hollin Meadows - 189.0 Fox Hunt
Forest Hollow,Week1,Newington Forest,Week4,274.0 Forest Hollow - 128.0 Newington Forest
Forest Hollow,Week1,Fox Mill Estates,Week3,232.0 Forest Hollow - 170.0 Fox Mill Estates
Forest Hollow,Week2,Newington Forest,Week5,260.0 Forest Hollow - 137.0 Newington Forest
Fairfax Station,Week2,Walden Glen,Week1,328.0 Fairfax Station - 74.0 Walden Glen
Forest Hollow,Week2,Newington Forest,Week2,283.0 Forest Hollow - 119.0 Newington Forest
Fairfax Station,Week4,Wakefield Chapel,Week2,229.0 Wakefield Chapel - 173.0 Fairfax Station
Forest Hollow,Week4,Fox Hunt,Week2,245.0 Forest Hollow - 157.0 Fox Hunt
Fox Hunt,Week4,Hollin Hills,Week1,296.0 Fox Hunt - 104.0 Hollin Hills
Fox Hunt,Week1,Forest Hollow,Week2,220.0 Forest Hollow - 182.0 Fox Hunt
Fairfax Station,Week3,Walden Glen,Week1,341.0 Fairfax Station - 61.0 Walden Glen
Fairfax Station,Week4,Sleepy Hollow Rec,Week3,301.0 Fairfax Station - 101.0 Sleepy Hollow Rec
Forest Hollow,Week3,Fox Hunt,Week5,207.0 Forest Hollow - 195.0 Fox Hunt
Fox Hunt,Week1,Forest Hollow,Week4,235.0 Forest Hollow - 167.0 Fox Hunt
Forest Hollow,Week2,Newington Forest,Week3,274.0 Forest Hollow - 128.0 Newington Forest
Fox Hunt,Week1,Hollin Hills,Week2,286.5 Fox Hunt - 112.5 Hollin Hills
Fox Hunt,Week5,Hollin Hills,Week1,318.0 Fox Hunt - 83.0 Hollin Hills
Forest Hollow,Week1,Fox Mill Estates,Week1,250.0 Forest Hollow - 152.0 Fox Mill Estates
Forest Hollow,Week3,North Springfield,Week4,317.0 Forest Hollow - 75.0 North Springfield
Fox Hunt,Week1,Forest Hollow,Week1,236.0 Forest Hollow - 166.0 Fox Hunt
Fairfax Station,Week1,Somerset-Olde Creek,Week4,363.0 Fairfax Station - 39.0 Somerset-Olde Creek
Fox Hunt,Week2,Hollin Hills,Week3,294.0 Fox Hunt - 107.0 Hollin Hills
Fox Hunt,Week3,Fairfax Station,Week4,255.0 Fairfax Station - 147.0 Fox Hunt
Fox Hunt,Week3,Hollin Hills,Week1,288.0 Fox Hunt - 113.0 Hollin Hills
Fairfax Station,Week5,Wakefield Chapel,Week2,211.0 Fairfax Station - 191.0 Wakefield Chapel
Fairfax Station,Week1,Somerset-Olde Creek,Week3,365.0 Fairfax Station - 37.0 Somerset-Olde Creek
Fox Hunt,Week5,Hollin Hills,Week3,316.0 Fox Hunt - 85.0 Hollin Hills
Fairfax Station,Week3,Wakefield Chapel,Week2,204.0 Wakefield Chapel - 198.0 Fairfax Station
Forest Hollow,Week4,Fox Mill Estates,Week1,270.0 Forest Hollow - 132.0 Fox Mill Estates
Forest Hollow,Week2,North Springfield,Week5,255.0 Forest Hollow - 119.0 North Springfield
Forest Hollow,Week2,Fox Mill Estates,Week2,231.0 Forest Hollow - 171.0 Fox Mill Estates
Fox Hunt,Week3,Fairfax Station,Week1,253.0 Fairfax Station - 149.0 Fox Hunt
Fairfax Station,Week2,Somerset-Olde Creek,Week2,365.0 Fairfax Station - 37.0 Somerset-Olde Creek
Fox Hunt,Week3,Hollin Hills,Week5,285.0 Fox Hunt - 117.0 Hollin Hills
Fairfax Station,Week4,Wakefield Chapel,Week5,246.0 Wakefield Chapel - 156.0 Fairfax Station
Fox Hunt,Week1,Hollin Hills,Week3,283.0 Fox Hunt - 119.0 Hollin Hills
Fairfax Station,Week2,Somerset-Olde Creek,Week1,370.0 Fairfax Station - 32.0 Somerset-Olde Creek
Forest Hollow,Week3,North Springfield,Week1,289.0 Forest Hollow - 62.0 North Springfield
Fox Hunt,Week2,Forest Hollow,Week2,222.0 Forest Hollow - 180.0 Fox Hunt
Forest Hollow,Week4,Fox Hunt,Week4,238.0 Forest Hollow - 164.0 Fox Hunt
Forest Hollow,Week2,North Springfield,Week2,287.0 Forest Hollow - 101.0 North Springfield
Fairfax Station,Week4,Wakefield Chapel,Week4,228.0 Wakefield Chapel - 174.0 Fairfax Station
Fox Hunt,Week1,Forest Hollow,Week5,242.0 Forest Hollow - 160.0 Fox Hunt
Forest Hollow,Week1,Fox Mill Estates,Week4,225.0 Forest Hollow - 177.0 Fox Mill Estates
Fairfax Station,Week2,Sleepy Hollow Rec,Week1,323.0 Fairfax Station - 79.0 Sleepy Hollow Rec
Forest Hollow,Week3,Newington Forest,Week3,289.0 Forest Hollow - 113.0 Newington Forest
Fairfax Station,Week3,Wakefield Chapel,Week5,220.0 Wakefield Chapel - 182.0 Fairfax Station
Fairfax Station,Week1,Somerset-Olde Creek,Week1,368.0 Fairfax Station - 34.0 Somerset-Olde Creek
Fox Hunt,Week4,Fairfax Station,Week4,260.0 Fairfax Station - 142.0 Fox Hunt
Fairfax Station,Week4,Wakefield Chapel,Week1,253.5 Wakefield Chapel - 148.5 Fairfax Station
Fairfax Station,Week5,Sleepy Hollow Rec,Week5,336.0 Fairfax Station - 66.0 Sleepy Hollow Rec
Fox Hunt,Week2,Fairfax Station,Week5,288.0 Fairfax Station - 114.0 Fox Hunt
Forest Hollow,Week4,Newington Forest,Week5,279.0 Forest Hollow - 123.0 Newington Forest
Forest Hollow,Week4,Fox Mill Estates,Week3,245.0 Forest Hollow - 157.0 Fox Mill Estates
Fox Hunt,Week2,Forest Hollow,Week4,245.0 Forest Hollow - 157.0 Fox Hunt
Fox Hunt,Week3,Hollin Hills,Week3,289.0 Fox Hunt - 113.0 Hollin Hills
Forest Hollow,Week3,North Springfield,Week5,265.0 Forest Hollow - 109.0 North Springfield
Fairfax Station,Week2,Wakefield Chapel,Week5,247.0 Wakefield Chapel - 155.0 Fairfax Station
Fairfax Station,Week1,Walden Glen,Week2,308.0 Fairfax Station - 94.0 Walden Glen
Forest Hollow,Week2,North Springfield,Week4,299.0 Forest Hollow - 92.0 North Springfield
Fairfax Station,Week2,Somerset-Olde Creek,Week3,369.0 Fairfax Station - 33.0 Somerset-Olde Creek
Fairfax Station,Week2,Somerset-Olde Creek,Week4,360.5 Fairfax Station - 36.5 Somerset-Olde Creek
Fox Hunt,Week4,Hollin Hills,Week3,300.0 Fox Hunt - 101.0 Hollin Hills
Forest Hollow,Week5,Fox Hunt,Week2,247.0 Forest Hollow - 155.0 Fox Hunt
Fairfax Station,Week3,Somerset-Olde Creek,Week4,365.0 Fairfax Station - 37.0 Somerset-Olde Creek
Fox Hunt,Week2,Forest Hollow,Week3,249.0 Forest Hollow - 153.0 Fox Hunt
Forest Hollow,Week3,Fox Mill Estates,Week1,263.0 Forest Hollow - 139.0 Fox Mill Estates
Fox Hunt,Week1,Hollin Hills,Week4,289.0 Fox Hunt - 110.0 Hollin Hills
Fox Hunt,Week1,Hollin Hills,Week5,285.0 Fox Hunt - 116.0 Hollin Hills
Fox Hunt,Week3,Forest Hollow,Week3,213.0 Forest Hollow - 189.0 Fox Hunt
Fox Hunt,Week3,Forest Hollow,Week1,204.0 Forest Hollow - 198.0 Fox Hunt
Forest Hollow,Week5,Fox Mill Estates,Week2,258.0 Forest Hollow - 144.0 Fox Mill Estates
Forest Hollow,Week5,Fox Mill Estates,Week4,243.0 Forest Hollow - 159.0 Fox Mill Estates
Forest Hollow,Week4,North Springfield,Week1,292.0 Forest Hollow - 59.0 North Springfield
Fairfax Station,Week1,Walden Glen,Week4,291.0 Fairfax Station - 111.0 Walden Glen
Forest Hollow,Week3,North Springfield,Week2,303.0 Forest Hollow - 85.0 North Springfield
Fairfax Station,Week3,Somerset-Olde Creek,Week5,357.0 Fairfax Station - 44.0 Somerset-Olde Creek
Fox Hunt,Week3,Hollin Hills,Week4,292.0 Fox Hunt - 108.0 Hollin Hills
Fairfax Station,Week4,Somerset-Olde Creek,Week1,359.0 Fairfax Station - 42.0 Somerset-Olde Creek
Fairfax Station,Week3,Somerset-Olde Creek,Week3,368.0 Fairfax Station - 33.0 Somerset-Olde Creek
Fox Hunt,Week3,Forest Hollow,Week5,216.0 Forest Hollow - 186.0 Fox Hunt
Fairfax Station,Week3,Wakefield Chapel,Week3,220.0 Wakefield Chapel - 182.0 Fairfax Station
Fox Hunt,Week3,Hollin Hills,Week2,297.0 Fox Hunt - 103.0 Hollin Hills
Fairfax Station,Week2,Walden Glen,Week2,301.0 Fairfax Station - 101.0 Walden Glen
Fairfax Station,Week5,Wakefield Chapel,Week1,210.0 Wakefield Chapel - 192.0 Fairfax Station
Forest Hollow,Week4,North Springfield,Week2,312.0 Forest Hollow - 76.0 North Springfield
Forest Hollow,Week4,Fox Hunt,Week5,201.0 Forest Hollow - 201.0 Fox Hunt
Forest Hollow,Week4,North Springfield,Week4,316.0 Forest Hollow - 75.0 North Springfield
Forest Hollow,Week5,Fox Hunt,Week3,216.0 Forest Hollow - 186.0 Fox Hunt
Fox Hunt,Week4,Hollin Hills,Week5,286.0 Fox Hunt - 115.0 Hollin Hills
Forest Hollow,Week5,North Springfield,Week3,312.0 Forest Hollow - 84.0 North Springfield
Fox Hunt,Week1,Hollin Meadows,Week4,210.0 Hollin Meadows - 192.0 Fox Hunt
Forest Hollow,Week3,Fox Hunt,Week1,241.0 Forest Hollow - 161.0 Fox Hunt
Fox Hunt,Week5,Hollin Hills,Week2,327.0 Fox Hunt - 71.0 Hollin Hills
Fairfax Station,Week1,South Run,Week1,234.0 Fairfax Station - 159.0 South Run
Forest Hollow,Week3,North Springfield,Week3,298.0 Forest Hollow - 99.0 North Springfield
Forest Hollow,Week4,North Springfield,Week3,308.0 Forest Hollow - 88.0 North Springfield
Fox Hunt,Week3,Forest Hollow,Week4,204.0 Forest Hollow - 198.0 Fox Hunt
Fairfax Station,Week4,Walden Glen,Week1,328.0 Fairfax Station - 74.0 Walden Glen
Fairfax Station,Week4,Walden Glen,Week5,275.5 Fairfax Station - 126.5 Walden Glen
Fox Hunt,Week2,Hollin Meadows,Week2,207.0 Fox Hunt - 195.0 Hollin Meadows
Fox Hunt,Week2,Hollin Meadows,Week1,215.0 Hollin Meadows - 187.0 Fox Hunt
Forest Hollow,Week5,North Springfield,Week5,280.0 Forest Hollow - 94.0 North Springfield
Fox Hunt,Week2,Hollin Meadows,Week3,207.0 Hollin Meadows - 194.0 Fox Hunt
Fox Hunt,Week4,Forest Hollow,Week2,210.0 Forest Hollow - 192.0 Fox Hunt
Fox Hunt,Week5,Fox Hunt,Week3,219.0 Fox Hunt (FX1) - 183.0 Fox Hunt (FX2)
Fairfax Station,Week1,Waynewood,Week3,207.0 Fairfax Station - 195.0 Waynewood
Fox Hunt,Week4,Forest Hollow,Week3,238.0 Forest Hollow - 164.0 Fox Hunt
Fairfax Station,Week5,South Run,Week2,290.0 Fairfax Station - 112.0 South Run
Forest Hollow,Week5,North Springfield,Week2,312.0 Forest Hollow - 76.0 North Springfield
Fairfax Station,Week5,South Run,Week4,290.0 Fairfax Station - 112.0 South Run
Fox Hunt,Week5,Hollin Hills,Week5,308.0 Fox Hunt - 93.0 Hollin Hills
Forest Hollow,Week3,Fox Hunt,Week3,213.0 Forest Hollow - 189.0 Fox Hunt
Fox Hunt,Week2,Fox Hunt,Week3,246.5 Fox Hunt (FX2) - 155.5 Fox Hunt (FX1)
Fairfax Station,Week2,Walden Glen,Week5,270.0 Fairfax Station - 132.0 Walden Glen
Fairfax Station,Week4,South Run,Week4,270.0 Fairfax Station - 132.0 South Run
Fairfax Station,Week5,Somerset-Olde Creek,Week2,366.0 Fairfax Station - 36.0 Somerset-Olde Creek
Fox Hunt,Week4,Forest Hollow,Week1,232.0 Forest Hollow - 170.0 Fox Hunt
Fairfax Station,Week4,Somerset-Olde Creek,Week3,355.0 Fairfax Station - 47.0 Somerset-Olde Creek
Forest Hollow,Week3,Fox Hunt,Week2,249.0 Forest Hollow - 153.0 Fox Hunt
Fox Hunt,Week1,Hollin Meadows,Week3,223.0 Hollin Meadows - 179.0 Fox Hunt
Fairfax Station,Week2,South Run,Week4,261.0 Fairfax Station - 141.0 South Run
Fairfax Station,Week4,Somerset-Olde Creek,Week5,336.0 Fairfax Station - 66.0 Somerset-Olde Creek
Fox Hunt,Week3,Forest Hollow,Week2,217.0 Fox Hunt - 185.0 Forest Hollow
Fairfax Station,Week3,Waynewood,Week4,238.0 Fairfax Station - 164.0 Waynewood
Fox Hunt,Week4,Hollin Hills,Week4,298.0 Fox Hunt - 99.0 Hollin Hills
Fox Hunt,Week2,Fox Hunt,Week2,197.5 Fox Hunt (FX1) - 197.5 Fox Hunt (FX2)
Forest Hollow,Week5,Fox Hunt,Week5,215.0 Forest Hollow - 187.0 Fox Hunt
Forest Hollow,Week2,North Springfield,Week3,287.0 Forest Hollow - 110.0 North Springfield
Fairfax Station,Week5,South Run,Week1,265.0 Fairfax Station - 128.0 South Run
Forest Hollow,Week2,Fox Mill Estates,Week4,211.0 Forest Hollow - 191.0 Fox Mill Estates
Fox Hunt,Week3,Fox Hunt,Week1,237.0 Fox Hunt (FX1) - 165.0 Fox Hunt (FX2)
Fairfax Station,Week2,South Run,Week5,260.0 Fairfax Station - 142.0 South Run
Fox Hunt,Week1,Hollin Meadows,Week5,224.0 Hollin Meadows - 178.0 Fox Hunt
Forest Hollow,Week5,Fox Hunt,Week1,242.0 Forest Hollow - 160.0 Fox Hunt
Forest Hollow,Week5,North Springfield,Week4,322.0 Forest Hollow - 69.0 North Springfield
Forest Hollow,Week5,North Springfield,Week1,299.0 Forest Hollow - 52.0 North Springfield
Forest Hollow,Week4,North Springfield,Week5,268.0 Forest Hollow - 106.0 North Springfield
Fairfax Station,Week3,Waynewood,Week2,239.0 Fairfax Station - 163.0 Waynewood
Fairfax Station,Week5,Walden Glen,Week1,338.0 Fairfax Station - 64.0 Walden Glen
Fairfax Station,Week2,Waynewood,Week2,214.0 Fairfax Station - 188.0 Waynewood
Forest Hollow,Week3,Fox Mill Estates,Week3,236.0 Forest Hollow - 166.0 Fox Mill Estates
Forest Hollow,Week3,Fox Hunt,Week4,238.0 Forest Hollow - 164.0 Fox Hunt
Forest Hollow,Week4,Fox Hunt,Week1,235.0 Forest Hollow - 167.0 Fox Hunt
Fox Hunt,Week1,Fox Hunt,Week5,241.0 Fox Hunt (FX2) - 161.0 Fox Hunt (FX1)
Fairfax Station,Week3,Walden Glen,Week2,314.0 Fairfax Station - 87.0 Walden Glen
Fox Hunt,Week4,Forest Hollow,Week4,238.0 Forest Hollow - 164.0 Fox Hunt
Fairfax Station,Week3,Walden Glen,Week3,308.0 Fairfax Station - 94.0 Walden Glen
Fairfax Station,Week2,Walden Glen,Week4,297.0 Fairfax Station - 100.0 Walden Glen
Fairfax Station,Week1,South Run,Week2,264.0 Fairfax Station - 138.0 South Run
Fox Hunt,Week5,Forest Hollow,Week2,203.0 Forest Hollow - 199.0 Fox Hunt
Fox Hunt,Week1,Fox Hunt,Week1,198.5 Fox Hunt (FX1) - 198.5 Fox Hunt (FX2)
Forest Hollow,Week1,Fox Mill Estates,Week5,233.0 Forest Hollow - 169.0 Fox Mill Estates
Forest Hollow,Week5,Fox Hunt,Week4,242.0 Forest Hollow - 160.0 Fox Hunt
Fox Hunt,Week2,Hollin Meadows,Week5,224.5 Hollin Meadows - 177.5 Fox Hunt
Fox Hunt,Week5,Forest Hollow,Week5,215.0 Forest Hollow - 187.0 Fox Hunt
Fox Hunt,Week5,Hollin Meadows,Week2,221.0 Fox Hunt - 181.0 Hollin Meadows
Fox Hunt,Week4,Hollin Meadows,Week3,203.0 Hollin Meadows - 199.0 Fox Hunt
Fairfax Station,Week5,Somerset-Olde Creek,Week3,370.0 Fairfax Station - 32.0 Somerset-Olde Creek
Fox Hunt,Week3,Holmes Run Acres,Week4,231.0 Fox Hunt - 171.0 Holmes Run Acres
Forest Hollow,Week4,Fox Hunt,Week3,204.0 Forest Hollow - 198.0 Fox Hunt
Fairfax Station,Week1,Springboard,Week3,318.0 Fairfax Station - 83.0 Springboard
Fairfax Station,Week3,South Run,Week4,282.0 Fairfax Station - 120.0 South Run
Fairfax Station,Week5,Walden Glen,Week3,315.0 Fairfax Station - 87.0 Walden Glen
Forest Hollow,Week1,Fox Mill Estates,Week2,233.0 Forest Hollow - 169.0 Fox Mill Estates
Fairfax Station,Week5,Walden Glen,Week5,310.0 Fairfax Station - 92.0 Walden Glen
Fairfax Station,Week2,Waynewood,Week5,211.0 Fairfax Station - 191.0 Waynewood
Fox Hunt,Week1,Fox Mill Estates,Week1,241.5 Fox Hunt - 160.5 Fox Mill Estates
Fox Hunt,Week3,Fox Hunt,Week5,219.0 Fox Hunt (FX2) - 183.0 Fox Hunt (FX1)
Fairfax Station,Week3,Walden Glen,Week4,312.0 Fairfax Station - 90.0 Walden Glen
Fox Hunt,Week3,Holmes Run Acres,Week2,226.0 Fox Hunt - 176.0 Holmes Run Acres
Fox Hunt,Week2,Holmes Run Acres,Week2,211.0 Holmes Run Acres - 191.0 Fox Hunt
Forest Hollow,Week2,Fox Mill Estates,Week5,236.0 Forest Hollow - 166.0 Fox Mill Estates
Fairfax Station,Week4,South Run,Week2,267.0 Fairfax Station - 135.0 South Run
Fairfax Station,Week2,South Run,Week3,269.0 Fairfax Station - 133.0 South Run
Forest Hollow,Week2,Fox Mill Estates,Week1,249.0 Forest Hollow - 153.0 Fox Mill Estates
Forest Hollow,Week3,Fox Mill Estates,Week2,243.0 Forest Hollow - 159.0 Fox Mill Estates
Fairfax Station,Week1,Waynewood,Week5,204.0 Fairfax Station - 198.0 Waynewood
Fox Hunt,Week3,Hollin Meadows,Week5,204.0 Fox Hunt - 198.0 Hollin Meadows
Fox Hunt,Week4,Fox Hunt,Week2,201.5 Fox Hunt (FX1) - 199.5 Fox Hunt (FX2)
Fox Hunt,Week5,Forest Hollow,Week3,207.0 Forest Hollow - 195.0 Fox Hunt
Fairfax Station,Week4,Walden Glen,Week2,297.0 Fairfax Station - 104.0 Walden Glen
Fox Hunt,Week5,Hollin Meadows,Week1,201.0 Fox Hunt - 201.0 Hollin Meadows
Fox Hunt,Week3,Fox Hunt,Week3,193.5 Fox Hunt (FX1) - 193.5 Fox Hunt (FX2)
Forest Hollow,Week2,Fox Mill Estates,Week3,231.0 Forest Hollow - 171.0 Fox Mill Estates
Fairfax Station,Week3,South Run,Week3,279.0 Fairfax Station - 123.0 South Run
Fairfax Station,Week1,South Run,Week5,251.0 Fairfax Station - 151.0 South Run
Fairfax Station,Week4,Walden Glen,Week4,288.0 Fairfax Station - 114.0 Walden Glen
Forest Hollow,Week4,Fox Mill Estates,Week2,257.0 Forest Hollow - 145.0 Fox Mill Estates
Fairfax Station,Week4,Walden Glen,Week3,296.0 Fairfax Station - 106.0 Walden Glen
Fairfax Station,Week4,Somerset-Olde Creek,Week2,359.0 Fairfax Station - 43.0 Somerset-Olde Creek
Fox Hunt,Week5,Hollin Meadows,Week4,221.5 Fox Hunt - 180.5 Hollin Meadows
Fairfax Station,Week3,Walden Glen,Week5,295.0 Fairfax Station - 107.0 Walden Glen
Fairfax Station,Week2,South Run,Week1,244.0 Fairfax Station - 149.0 South Run
Fairfax Station,Week4,Somerset-Olde Creek,Week4,352.0 Fairfax Station - 50.0 Somerset-Olde Creek
Fox Hunt,Week5,Forest Hollow,Week4,201.0 Forest Hollow - 201.0 Fox Hunt
Fairfax Station,Week3,Waynewood,Week1,256.0 Fairfax Station - 146.0 Waynewood
Fox Hunt,Week4,Fox Hunt,Week5,236.0 Fox Hunt (FX2) - 165.0 Fox Hunt (FX1)
Fairfax Station,Week3,South Run,Week1,252.0 Fairfax Station - 141.0 South Run
Fox Hunt,Week5,Fox Hunt,Week4,236.0 Fox Hunt (FX1) - 165.0 Fox Hunt (FX2)
Fox Hunt,Week1,Fox Hunt,Week4,202.0 Fox Hunt (FX2) - 200.0 Fox Hunt (FX1)
Fairfax Station,Week1,South Run,Week3,258.0 Fairfax Station - 144.0 South Run
Forest Hollow,Week4,Fox Mill Estates,Week5,245.0 Forest Hollow - 157.0 Fox Mill Estates
Fox Hunt,Week1,Holmes Run Acres,Week1,203.0 Holmes Run Acres - 199.0 Fox Hunt
Fairfax Station,Week1,Waynewood,Week1,237.5 Fairfax Station - 164.5 Waynewood
Fox Hunt,Week5,Hollin Meadows,Week5,208.0 Fox Hunt - 194.0 Hollin Meadows
Forest Hollow,Week3,Fox Mill Estates,Week4,226.0 Forest Hollow - 176.0 Fox Mill Estates
Fox Hunt,Week3,Fox Hunt,Week4,229.0 Fox Hunt (FX1) - 173.0 Fox Hunt (FX2)
Fairfax Station,Week1,Waynewood,Week2,212.5 Fairfax Station - 189.5 Waynewood
Forest Hollow,Week3,Fox Mill Estates,Week5,239.0 Forest Hollow - 163.0 Fox Mill Estates
Fairfax Station,Week5,Walden Glen,Week2,319.0 Fairfax Station - 83.0 Walden Glen
Forest Hollow,Week4,Fox Mill Estates,Week4,228.0 Forest Hollow - 174.0 Fox Mill Estates
Fox Hunt,Week3,Holmes Run Acres,Week5,225.0 Holmes Run Acres - 177.0 Fox Hunt
Fairfax Station,Week1,South Run,Week4,268.0 Fairfax Station - 134.0 South Run
Forest Hollow,Week5,Fox Mill Estates,Week1,276.0 Forest Hollow - 126.0 Fox Mill Estates
Fox Hunt,Week3,Holmes Run Acres,Week3,211.0 Holmes Run Acres - 191.0 Fox Hunt
Forest Hollow,Week5,Fox Mill Estates,Week3,257.0 Forest Hollow - 145.0 Fox Mill Estates
Fox Hunt,Week3,Hollin Meadows,Week3,202.5 Fox Hunt - 199.5 Hollin Meadows
Fairfax Station,Week5,Somerset-Olde Creek,Week4,366.0 Fairfax Station - 36.0 Somerset-Olde Creek
Fox Hunt,Week1,Holmes Run Acres,Week2,210.5 Holmes Run Acres - 191.5 Fox Hunt
Fox Hunt,Week3,Fox Hunt,Week2,246.5 Fox Hunt (FX1) - 155.5 Fox Hunt (FX2)
Fairfax Station,Week2,Waynewood,Week1,249.0 Fairfax Station - 153.0 Waynewood
Fox Hunt,Week4,Hollin Meadows,Week5,214.0 Hollin Meadows - 188.0 Fox Hunt
Fairfax Station,Week3,Waynewood,Week3,210.0 Fairfax Station - 192.0 Waynewood
Fox Hunt,Week2,Holmes Run Acres,Week4,205.0 Holmes Run Acres - 197.0 Fox Hunt
Fairfax Station,Week5,Somerset-Olde Creek,Week5,359.0 Fairfax Station - 43.0 Somerset-Olde Creek
Fox Hunt,Week2,Fox Hunt,Week4,201.5 Fox Hunt (FX2) - 199.5 Fox Hunt (FX1)
Fox Hunt,Week1,Fox Hunt,Week2,200.0 Fox Hunt (FX1) - 197.0 Fox Hunt (FX2)
Fox Hunt,Week2,Fox Hunt,Week5,244.0 Fox Hunt (FX2) - 157.0 Fox Hunt (FX1)
Forest Hollow,Week5,Fox Mill Estates,Week5,256.0 Forest Hollow - 146.0 Fox Mill Estates
Forest Hollow,Week2,Fox Mill Woods,Week3,252.0 Fox Mill Woods - 150.0 Forest Hollow
Fox Hunt,Week4,Fox Hunt,Week3,229.0 Fox Hunt (FX2) - 173.0 Fox Hunt (FX1)
Fox Hunt,Week3,Holmes Run Acres,Week1,215.0 Fox Hunt - 187.0 Holmes Run Acres
Fox Hunt,Week5,Forest Hollow,Week1,203.0 Forest Hollow - 199.0 Fox Hunt
Fox Hunt,Week1,Holmes Run Acres,Week4,208.0 Holmes Run Acres - 194.0 Fox Hunt
Fairfax Station,Week4,Waynewood,Week2,214.0 Fairfax Station - 188.0 Waynewood
Fairfax Station,Week4,South Run,Week1,241.0 Fairfax Station - 152.0 South Run
Fox Hunt,Week3,Hollin Meadows,Week2,218.0 Fox Hunt - 184.0 Hollin Meadows
Fairfax Station,Week1,Waynewood,Week4,230.0 Fairfax Station - 172.0 Waynewood
Fairfax Station,Week4,Waynewood,Week3,208.0 Waynewood - 194.0 Fairfax Station
Fairfax Station,Week4,South Run,Week3,263.0 Fairfax Station - 139.0 South Run
Forest Hollow,Week1,Fox Mill Woods,Week3,240.0 Fox Mill Woods - 162.0 Forest Hollow
Fairfax Station,Week2,Waynewood,Week3,205.0 Fairfax Station - 197.0 Waynewood
Fox Hunt,Week1,Holmes Run Acres,Week5,250.0 Holmes Run Acres - 152.0 Fox Hunt
Fairfax Station,Week2,Waynewood,Week4,235.0 Fairfax Station - 167.0 Waynewood
Fox Hunt,Week4,Hollin Meadows,Week1,214.0 Hollin Meadows - 188.0 Fox Hunt
Fairfax Station,Week4,Waynewood,Week1,235.0 Fairfax Station - 167.0 Waynewood
Fairfax Station,Week3,South Run,Week5,276.0 Fairfax Station - 126.0 South Run
Fairfax Station,Week2,South Run,Week2,270.0 Fairfax Station - 127.0 South Run
Fox Hunt,Week1,Fox Hunt,Week3,237.0 Fox Hunt (FX2) - 165.0 Fox Hunt (FX1)
Forest Hollow,Week1,Fox Mill Woods,Week2,240.0 Fox Mill Woods - 162.0 Forest Hollow
Fairfax Station,Week3,Waynewood,Week5,220.0 Fairfax Station - 182.0 Waynewood
Fairfax Station,Week5,Somerset-Olde Creek,Week1,378.0 Fairfax Station - 24.0 Somerset-Olde Creek
Fox Hunt,Week4,Fox Hunt,Week1,202.0 Fox Hunt (FX1) - 200.0 Fox Hunt (FX2)
Fairfax Station,Week5,Walden Glen,Week4,310.0 Fairfax Station - 92.0 Walden Glen
Fox Hunt,Week4,Forest Hollow,Week5,242.0 Forest Hollow - 160.0 Fox Hunt
Fox Hunt,Week1,Holmes Run Acres,Week3,250.0 Holmes Run Acres - 152.0 Fox Hunt
Fairfax Station,Week5,South Run,Week3,281.0 Fairfax Station - 121.0 South Run
Fox Hunt,Week5,Fox Hunt,Week1,241.0 Fox Hunt (FX1) - 161.0 Fox Hunt (FX2)
Forest Hollow,Week1,Fox Mill Woods,Week1,250.0 Fox Mill Woods - 152.0 Forest Hollow
Fairfax Station,Week3,South Run,Week2,284.0 Fairfax Station - 118.0 South Run
Forest Hollow,Week2,Fox Mill Woods,Week1,251.0 Fox Mill Woods - 151.0 Forest Hollow
Fairfax Station,Week4,South Run,Week5,249.0 Fairfax Station - 153.0 South Run
Fox Hunt,Week2,Holmes Run Acres,Week5,247.0 Holmes Run Acres - 155.0 Fox Hunt
Forest Hollow,Week4,Fox Mill Woods,Week3,234.0 Fox Mill Woods - 168.0 Forest Hollow
Fox Hunt,Week2,Fox Hunt,Week1,200.0 Fox Hunt (FX2) - 197.0 Fox Hunt (FX1)
Forest Hollow,Week2,Fox Mill Woods,Week2,256.0 Fox Mill Woods - 146.0 Forest Hollow
Forest Hollow,Week1,Fox Mill Woods,Week5,248.0 Fox Mill Woods - 154.0 Forest Hollow
Fairfax Station,Week2,Springboard,Week1,306.0 Fairfax Station - 95.0 Springboard
Fairfax Station,Week4,Waynewood,Week5,212.0 Waynewood - 190.0 Fairfax Station
Fox Hunt,Week2,Holmes Run Acres,Week1,201.0 Fox Hunt - 201.0 Holmes Run Acres
Forest Hollow,Week3,Fox Mill Woods,Week1,241.0 Fox Mill Woods - 161.0 Forest Hollow
Fox Hunt,Week5,Fox Hunt,Week2,244.0 Fox Hunt (FX1) - 157.0 Fox Hunt (FX2)
Fox Hunt,Week4,Hollin Meadows,Week4,207.0 Fox Hunt - 195.0 Hollin Meadows
Forest Hollow,Week3,Fox Mill Woods,Week4,253.0 Fox Mill Woods - 149.0 Forest Hollow
Fox Hunt,Week4,Fox Hunt,Week4,200.5 Fox Hunt (FX1) - 200.5 Fox Hunt (FX2)
Fairfax Station,Week4,Waynewood,Week4,237.0 Fairfax Station - 165.0 Waynewood
Fox Hunt,Week4,Hollin Meadows,Week2,221.0 Fox Hunt - 181.0 Hollin Meadows
Fairfax Station,Week5,South Run,Week5,277.0 Fairfax Station - 125.0 South Run
Fox Hunt,Week3,Hollin Meadows,Week4,217.5 Fox Hunt - 184.5 Hollin Meadows
Fairfax Station,Week1,Springboard,Week2,340.0 Fairfax Station - 61.0 Springboard
Fairfax Station,Week5,Woodley,Week1,348.0 Fairfax Station - 54.0 Woodley
Fox Hunt,Week5,Fox Hunt,Week5,200.5 Fox Hunt (FX1) - 200.5 Fox Hunt (FX2)
Fairfax Station,Week1,Springboard,Week1,308.0 Fairfax Station - 93.0 Springboard
Fairfax Station,Week5,Pinecrest,Week1,230.0 Fairfax Station - 172.0 Pinecrest
Forest Hollow,Week3,Fox Mill Woods,Week2,232.0 Fox Mill Woods - 170.0 Forest Hollow
Fairfax Station,Week2,Pinecrest,Week3,209.0 Pinecrest - 193.0 Fairfax Station
Forest Hollow,Week4,Fox Mill Woods,Week1,244.0 Fox Mill Woods - 158.0 Forest Hollow
Fairfax Station,Week1,Springboard,Week5,300.0 Fairfax Station - 101.0 Springboard
Fox Hunt,Week5,Holmes Run Acres,Week1,236.0 Fox Hunt - 166.0 Holmes Run Acres
Fairfax Station,Week1,Pinewood Lake,Week3,374.0 Fairfax Station - 26.0 Pinewood Lake
Fairfax Station,Week2,Springboard,Week2,335.0 Fairfax Station - 61.0 Springboard
Fox Hunt,Week4,Holmes Run Acres,Week5,238.0 Holmes Run Acres - 164.0 Fox Hunt
Fairfax Station,Week1,Springboard,Week4,309.0 Fairfax Station - 93.0 Springboard
Fairfax Station,Week2,Pinewood Lake,Week2,370.0 Fairfax Station - 26.0 Pinewood Lake
Fairfax Station,Week1,Pinecrest,Week4,202.0 Pinecrest - 200.0 Fairfax Station
Forest Hollow,Week2,Fox Mill Woods,Week4,264.0 Fox Mill Woods - 138.0 Forest Hollow
Fairfax Station,Week5,Woodley,Week4,346.0 Fairfax Station - 56.0 Woodley
Fox Hunt,Week1,Fox Mill Woods,Week3,274.0 Fox Mill Woods - 128.0 Fox Hunt
Fairfax Station,Week4,Woodley,Week5,310.0 Fairfax Station - 92.0 Woodley
Forest Hollow,Week5,Fox Mill Woods,Week2,229.0 Fox Mill Woods - 173.0 Forest Hollow
Fox Hunt,Week2,Holmes Run Acres,Week3,242.0 Holmes Run Acres - 160.0 Fox Hunt
Fox Hunt,Week2,Fox Mill Estates,Week2,221.0 Fox Hunt - 180.0 Fox Mill Estates
Fairfax Station,Week3,Woodley,Week1,344.0 Fairfax Station - 58.0 Woodley
Fox Hunt,Week1,Fox Mill Estates,Week5,227.0 Fox Hunt - 175.0 Fox Mill Estates
Fairfax Station,Week2,Woodley,Week4,330.0 Fairfax Station - 67.0 Woodley
Fairfax Station,Week4,Woodley,Week2,325.0 Fairfax Station - 77.0 Woodley
Fox Hunt,Week5,Hollin Meadows,Week3,204.0 Fox Hunt - 198.0 Hollin Meadows
Fairfax Station,Week4,Pinecrest,Week2,224.0 Pinecrest - 178.0 Fairfax Station
Fairfax Station,Week4,Pinecrest,Week5,218.5 Pinecrest - 183.5 Fairfax Station
Fairfax Station,Week2,Woodley,Week1,336.0 Fairfax Station - 66.0 Woodley
Fox Hunt,Week2,Fox Mill Estates,Week1,239.0 Fox Hunt - 163.0 Fox Mill Estates
Fox Hunt,Week3,Hunt Valley,Week5,293.0 Hunt Valley - 109.0 Fox Hunt
Fox Hunt,Week1,Fox Mill Estates,Week4,202.0 Fox Mill Estates - 200.0 Fox Hunt
Fairfax Station,Week2,Springboard,Week4,298.0 Fairfax Station - 104.0 Springboard
Forest Hollow,Week4,Fox Mill Woods,Week4,251.0 Fox Mill Woods - 151.0 Forest Hollow
Fox Hunt,Week4,Hunt Valley,Week3,294.0 Hunt Valley - 108.0 Fox Hunt
Fairfax Station,Week1,Pinewood Lake,Week5,367.0 Fairfax Station - 34.0 Pinewood Lake
Forest Hollow,Week5,Fox Mill Woods,Week1,229.5 Fox Mill Woods - 172.5 Forest Hollow
Fox Hunt,Week5,Fox Mill Estates,Week3,241.0 Fox Hunt - 161.0 Fox Mill Estates
Forest Hollow,Week4,Fox Mill Woods,Week5,249.5 Fox Mill Woods - 152.5 Forest Hollow
Fairfax Station,Week2,Springboard,Week3,312.0 Fairfax Station - 89.0 Springboard
Forest Hollow,Week2,Fox Mill Woods,Week5,261.0 Fox Mill Woods - 141.0 Forest Hollow
Fairfax Station,Week3,Woodley,Week4,344.0 Fairfax Station - 58.0 Woodley
Forest Hollow,Week3,Fox Mill Woods,Week3,233.0 Fox Mill Woods - 169.0 Forest Hollow
Fairfax Station,Week1,Pinecrest,Week3,205.0 Pinecrest - 197.0 Fairfax Station
Fox Hunt,Week1,Hunter Mill,Week2,233.0 Hunter Mill - 169.0 Fox Hunt
Forest Hollow,Week5,Fox Mill Woods,Week4,239.0 Fox Mill Woods - 163.0 Forest Hollow
Fairfax Station,Week1,Pinecrest,Week1,203.0 Fairfax Station - 199.0 Pinecrest
Fox Hunt,Week2,Hunt Valley,Week5,307.0 Hunt Valley - 95.0 Fox Hunt
Fairfax Station,Week3,Pinecrest,Week1,224.0 Fairfax Station - 178.0 Pinecrest
Fox Hunt,Week3,Fox Mill Estates,Week3,233.0 Fox Hunt - 169.0 Fox Mill Estates
Fox Hunt,Week4,Holmes Run Acres,Week3,243.0 Holmes Run Acres - 159.0 Fox Hunt
Fox Hunt,Week1,Hunt Valley,Week3,288.0 Hunt Valley - 114.0 Fox Hunt
Fox Hunt,Week3,Fox Mill Estates,Week2,238.0 Fox Hunt - 164.0 Fox Mill Estates
Fox Hunt,Week4,Hunt Valley,Week5,283.0 Hunt Valley - 119.0 Fox Hunt
Forest Hollow,Week4,Great Falls,Week2,219.0 Forest Hollow - 165.0 Great Falls
Fox Hunt,Week1,Hunt Valley,Week2,278.0 Hunt Valley - 124.0 Fox Hunt
Fairfax Station,Week3,Pinecrest,Week4,211.0 Fairfax Station - 191.0 Pinecrest
Fairfax Station,Week1,Woodley,Week5,309.0 Fairfax Station - 93.0 Woodley
Forest Hollow,Week1,Fox Mill Woods,Week4,245.0 Fox Mill Woods - 157.0 Forest Hollow
Forest Hollow,Week5,Great Falls,Week1,237.0 Forest Hollow - 164.0 Great Falls
Fairfax Station,Week2,Woodley,Week5,323.0 Fairfax Station - 79.0 Woodley
Forest Hollow,Week5,Great Falls,Week3,215.0 Forest Hollow - 187.0 Great Falls
Fairfax Station,Week1,Pinecrest,Week5,211.0 Pinecrest - 191.0 Fairfax Station
Fairfax Station,Week3,Pinecrest,Week2,206.0 Pinecrest - 196.0 Fairfax Station
Fox Hunt,Week3,Fox Mill Estates,Week5,243.0 Fox Hunt - 159.0 Fox Mill Estates
Forest Hollow,Week5,Fox Mill Woods,Week3,220.5 Fox Mill Woods - 181.5 Forest Hollow
Fairfax Station,Week5,Waynewood,Week4,263.0 Fairfax Station - 139.0 Waynewood
Fairfax Station,Week1,Woodley,Week2,323.0 Fairfax Station - 79.0 Woodley
Fox Hunt,Week4,Fox Mill Estates,Week5,225.0 Fox Hunt - 177.0 Fox Mill Estates
Fairfax Station,Week1,Woodley,Week4,324.0 Fairfax Station - 78.0 Woodley
Forest Hollow,Week3,Fox Mill Woods,Week5,252.0 Fox Mill Woods - 150.0 Forest Hollow
Fairfax Station,Week2,Woodley,Week2,322.0 Fairfax Station - 80.0 Woodley
Fox Hunt,Week3,Fox Mill Estates,Week1,254.0 Fox Hunt - 148.0 Fox Mill Estates
Fox Hunt,Week2,Fox Mill Estates,Week4,205.0 Fox Hunt - 197.0 Fox Mill Estates
Fox Hunt,Week1,Hunt Valley,Week1,268.0 Hunt Valley - 129.0 Fox Hunt
Fox Hunt,Week4,Fox Mill Estates,Week3,220.0 Fox Hunt - 182.0 Fox Mill Estates
Fox Hunt,Week5,Holmes Run Acres,Week4,235.0 Fox Hunt - 167.0 Holmes Run Acres
Fairfax Station,Week5,Waynewood,Week2,244.5 Fairfax Station - 157.5 Waynewood
Fairfax Station,Week2,Pinecrest,Week5,200.0 Pinecrest - 197.0 Fairfax Station
Forest Hollow,Week4,Fox Mill Woods,Week2,237.0 Fox Mill Woods - 165.0 Forest Hollow
Fairfax Station,Week1,Pinecrest,Week2,221.0 Pinecrest - 181.0 Fairfax Station
Fairfax Station,Week2,Pinecrest,Week4,206.0 Fairfax Station - 196.0 Pinecrest
Fairfax Station,Week1,Woodley,Week3,324.0 Fairfax Station - 78.0 Woodley
Fox Hunt,Week4,Fox Mill Estates,Week1,244.0 Fox Hunt - 158.0 Fox Mill Estates
Fox Hunt,Week1,Fox Mill Woods,Week1,277.0 Fox Mill Woods - 125.0 Fox Hunt
Fox Hunt,Week2,Hunt Valley,Week4,291.0 Hunt Valley - 111.0 Fox Hunt
Forest Hollow,Week1,Great Falls,Week5,203.0 Forest Hollow - 199.0 Great Falls
Fox Hunt,Week1,Fox Mill Woods,Week2,282.0 Fox Mill Woods - 120.0 Fox Hunt
Fairfax Station,Week1,Woodley,Week1,334.0 Fairfax Station - 68.0 Woodley
Fox Hunt,Week1,Fox Mill Woods,Week5,273.0 Fox Mill Woods - 129.0 Fox Hunt
Forest Hollow,Week3,Great Falls,Week3,205.0 Forest Hollow - 197.0 Great Falls
Fairfax Station,Week4,Pinecrest,Week4,204.0 Pinecrest - 198.0 Fairfax Station
Fox Hunt,Week5,Holmes Run Acres,Week2,232.0 Fox Hunt - 170.0 Holmes Run Acres
Fairfax Station,Week5,Waynewood,Week1,262.0 Fairfax Station - 140.0 Waynewood
Fairfax Station,Week2,Woodley,Week3,341.0 Fairfax Station - 61.0 Woodley
Fox Hunt,Week3,Hunt Valley,Week4,264.0 Hunt Valley - 138.0 Fox Hunt
Fox Hunt,Week4,Holmes Run Acres,Week2,201.0 Fox Hunt - 201.0 Holmes Run Acres
Fox Hunt,Week5,Fox Mill Estates,Week5,243.0 Fox Hunt - 159.0 Fox Mill Estates
Fox Hunt,Week1,Fox Mill Estates,Week3,226.0 Fox Hunt - 176.0 Fox Mill Estates
Fairfax Station,Week3,Pinecrest,Week5,212.0 Fairfax Station - 190.0 Pinecrest
Forest Hollow,Week1,Greenbriar,Week1,202.0 Forest Hollow - 200.0 Greenbriar
Fairfax Station,Week5,Pinecrest,Week3,218.0 Fairfax Station - 184.0 Pinecrest
Forest Hollow,Week3,Great Falls,Week2,233.0 Forest Hollow - 151.0 Great Falls
Fairfax Station,Week3,Woodley,Week2,343.0 Fairfax Station - 59.0 Woodley
Fox Hunt,Week4,Hunt Valley,Week1,273.0 Hunt Valley - 129.0 Fox Hunt
Fairfax Station,Week2,Pinecrest,Week2,218.0 Pinecrest - 184.0 Fairfax Station
Fairfax Station,Week5,Pinecrest,Week4,225.0 Fairfax Station - 177.0 Pinecrest
Fairfax Station,Week4,Woodley,Week4,323.0 Fairfax Station - 79.0 Woodley
Fairfax Station,Week1,Pinewood Lake,Week1,375.0 Fairfax Station - 27.0 Pinewood Lake
Fox Hunt,Week3,Fox Mill Estates,Week4,214.0 Fox Hunt - 188.0 Fox Mill Estates
Fox Hunt,Week1,Hunt Valley,Week4,283.0 Hunt Valley - 119.0 Fox Hunt
Fox Hunt,Week2,Hunt Valley,Week3,301.0 Hunt Valley - 101.0 Fox Hunt
Fox Hunt,Week5,Holmes Run Acres,Week3,201.0 Fox Hunt - 201.0 Holmes Run Acres
Fox Hunt,Week5,Fox Mill Estates,Week1,264.0 Fox Hunt - 138.0 Fox Mill Estates
Fox Hunt,Week2,Hunt Valley,Week1,276.0 Hunt Valley - 121.0 Fox Hunt
Fairfax Station,Week3,Woodley,Week5,323.0 Fairfax Station - 79.0 Woodley
Forest Hollow,Week3,Greenbriar,Week1,204.0 Greenbriar - 198.0 Forest Hollow
Fox Hunt,Week4,Fox Mill Estates,Week4,206.0 Fox Hunt - 196.0 Fox Mill Estates
Fox Hunt,Week1,Hunt Valley,Week5,293.5 Hunt Valley - 108.5 Fox Hunt
Fox Hunt,Week4,Holmes Run Acres,Week4,208.0 Fox Hunt - 194.0 Holmes Run Acres
Fox Hunt,Week4,Fox Mill Estates,Week2,233.5 Fox Hunt - 167.5 Fox Mill Estates
Forest Hollow,Week4,Great Falls,Week5,204.0 Great Falls - 198.0 Forest Hollow
Fairfax Station,Week2,Pinecrest,Week1,214.0 Fairfax Station - 188.0 Pinecrest
Fox Hunt,Week5,Fox Mill Estates,Week2,247.0 Fox Hunt - 154.0 Fox Mill Estates
Fairfax Station,Week5,Waynewood,Week5,232.0 Fairfax Station - 170.0 Waynewood
Forest Hollow,Week2,Greenbriar,Week4,213.0 Forest Hollow - 189.0 Greenbriar
Fairfax Station,Week4,Pinecrest,Week3,213.0 Pinecrest - 189.0 Fairfax Station
Fox Hunt,Week4,Holmes Run Acres,Week1,212.0 Fox Hunt - 190.0 Holmes Run Acres
Fairfax Station,Week3,Woodley,Week3,346.0 Fairfax Station - 56.0 Woodley
Fairfax Station,Week4,Woodley,Week3,330.0 Fairfax Station - 72.0 Woodley
Forest Hollow,Week5,Fox Mill Woods,Week5,233.0 Fox Mill Woods - 169.0 Forest Hollow
Fairfax Station,Week5,Waynewood,Week3,231.0 Fairfax Station - 171.0 Waynewood
Fairfax Station,Week4,Woodley,Week1,324.0 Fairfax Station - 78.0 Woodley
Fairfax Station,Week4,Pinecrest,Week1,212.0 Fairfax Station - 190.0 Pinecrest
Fairfax Station,Week5,Pinecrest,Week5,213.0 Fairfax Station - 189.0 Pinecrest
Forest Hollow,Week1,Great Falls,Week2,223.0 Forest Hollow - 161.0 Great Falls
Fairfax Station,Week3,Pinecrest,Week3,205.0 Fairfax Station - 197.0 Pinecrest
Fox Hunt,Week1,Fox Mill Estates,Week2,227.0 Fox Hunt - 175.0 Fox Mill Estates
Fox Hunt,Week2,Fox Mill Estates,Week3,215.0 Fox Hunt - 187.0 Fox Mill Estates
Forest Hollow,Week2,Greenbriar,Week2,237.0 Greenbriar - 165.0 Forest Hollow
Forest Hollow,Week1,Annandale,Week5,270.0 Forest Hollow - 132.0 Annandale
Forest Hollow,Week3,Great Falls,Week4,219.5 Forest Hollow - 182.5 Great Falls
Fox Hunt,Week1,Fox Mill Woods,Week4,287.0 Fox Mill Woods - 115.0 Fox Hunt
Fairfax Station,Week5,Pinecrest,Week2,213.0 Fairfax Station - 189.0 Pinecrest
Forest Hollow,Week1,Broyhill Crest,Week4,346.0 Forest Hollow - 55.0 Broyhill Crest
Forest Hollow,Week3,Great Falls,Week1,229.0 Forest Hollow - 173.0 Great Falls
Forest Hollow,Week5,Great Falls,Week4,238.0 Forest Hollow - 164.0 Great Falls
Fairfax Station,Week1,Pinewood Lake,Week4,372.0 Fairfax Station - 28.0 Pinewood Lake
Forest Hollow,Week1,Annandale,Week4,262.0 Forest Hollow - 140.0 Annandale
Fairfax Station,Week1,Pinewood Lake,Week2,370.0 Fairfax Station - 31.0 Pinewood Lake
Forest Hollow,Week1,Annandale,Week2,275.0 Forest Hollow - 127.0 Annandale
Fox Hunt,Week5,Fox Mill Estates,Week4,236.0 Fox Hunt - 166.0 Fox Mill Estates
Fairfax Station,Week5,Woodley,Week3,344.0 Fairfax Station - 58.0 Woodley
Forest Hollow,Week2,Great Falls,Week2,202.0 Forest Hollow - 182.0 Great Falls
Fox Hunt,Week2,Fox Mill Woods,Week2,255.5 Fox Mill Woods - 146.5 Fox Hunt
Fairfax Station,Week1,Pleasant Valley,Week1,320.0 Fairfax Station - 81.0 Pleasant Valley
Fox Hunt,Week3,Hunt Valley,Week1,256.0 Hunt Valley - 146.0 Fox Hunt
Fairfax Station,Week5,Woodley,Week2,335.0 Fairfax Station - 67.0 Woodley
Fox Hunt,Week5,Holmes Run Acres,Week5,219.0 Holmes Run Acres - 183.0 Fox Hunt
Forest Hollow,Week1,Annandale,Week1,288.0 Forest Hollow - 114.0 Annandale
Fairfax Station,Week2,Pinewood Lake,Week1,381.0 Fairfax Station - 16.0 Pinewood Lake
Forest Hollow,Week3,Brookfield ,Week4,227.0 Forest Hollow - 175.0 Brookfield
Forest Hollow,Week4,Great Falls,Week4,221.0 Forest Hollow - 181.0 Great Falls
Forest Hollow,Week5,Brookfield ,Week5,237.0 Forest Hollow - 165.0 Brookfield
Fox Hunt,Week1,Great Falls,Week1,204.0 Fox Hunt - 197.0 Great Falls
Forest Hollow,Week1,Great Falls,Week4,220.0 Forest Hollow - 182.0 Great Falls
Forest Hollow,Week3,Brookfield ,Week1,223.0 Forest Hollow - 179.0 Brookfield
Fox Hunt,Week2,Fox Mill Estates,Week5,229.0 Fox Hunt - 173.0 Fox Mill Estates
Forest Hollow,Week4,Great Falls,Week1,227.0 Forest Hollow - 175.0 Great Falls
Fox Hunt,Week4,Hunt Valley,Week4,276.0 Hunt Valley - 126.0 Fox Hunt
Fox Hunt,Week2,Hunt Valley,Week2,283.0 Hunt Valley - 119.0 Fox Hunt
Forest Hollow,Week1,Broyhill Crest,Week1,352.0 Forest Hollow - 48.0 Broyhill Crest
Forest Hollow,Week3,Brookfield ,Week5,233.0 Forest Hollow - 169.0 Brookfield
Fox Hunt,Week2,Fox Mill Woods,Week1,264.0 Fox Mill Woods - 138.0 Fox Hunt
Fairfax Station,Week3,Pinewood Lake,Week1,381.0 Fairfax Station - 18.0 Pinewood Lake
Fox Hunt,Week2,Fox Mill Woods,Week3,255.0 Fox Mill Woods - 147.0 Fox Hunt
Fox Hunt,Week4,Hunt Valley,Week2,257.0 Hunt Valley - 145.0 Fox Hunt
Fairfax Station,Week5,Woodley,Week5,333.0 Fairfax Station - 69.0 Woodley
Fox Hunt,Week1,Great Falls,Week4,199.0 Great Falls - 197.0 Fox Hunt
Forest Hollow,Week1,Annandale,Week3,274.0 Forest Hollow - 128.0 Annandale
Forest Hollow,Week2,Brookfield ,Week3,241.0 Forest Hollow - 161.0 Brookfield
Fairfax Station,Week3,Pinewood Lake,Week2,375.0 Fairfax Station - 24.0 Pinewood Lake
Forest Hollow,Week2,Great Falls,Week3,208.0 Great Falls - 194.0 Forest Hollow
Fairfax Station,Week2,Pleasant Valley,Week1,326.0 Fairfax Station - 75.0 Pleasant Valley
Fox Hunt,Week3,Hunt Valley,Week2,261.0 Hunt Valley - 141.0 Fox Hunt
Fox Hunt,Week3,Hunt Valley,Week3,282.0 Hunt Valley - 120.0 Fox Hunt
Fox Hunt,Week5,Hunt Valley,Week1,251.0 Hunt Valley - 151.0 Fox Hunt
Forest Hollow,Week2,Broyhill Crest,Week5,318.0 Forest Hollow - 84.0 Broyhill Crest
Fairfax Station,Week5,Pinewood Lake,Week5,371.0 Fairfax Station - 30.0 Pinewood Lake
Fox Hunt,Week5,Hunt Valley,Week2,248.0 Hunt Valley - 154.0 Fox Hunt
Forest Hollow,Week2,Annandale,Week1,289.0 Forest Hollow - 113.0 Annandale
Fox Hunt,Week5,Hunt Valley,Week3,270.0 Hunt Valley - 132.0 Fox Hunt
Fox Hunt,Week4,Fox Mill Woods,Week1,265.0 Fox Mill Woods - 137.0 Fox Hunt
Forest Hollow,Week2,Brookfield ,Week1,210.0 Forest Hollow - 192.0 Brookfield
Forest Hollow,Week1,Great Falls,Week3,205.0 Forest Hollow - 197.0 Great Falls
Forest Hollow,Week4,Brookfield ,Week5,225.0 Forest Hollow - 177.0 Brookfield
Fox Hunt,Week2,Great Falls,Week2,191.0 Great Falls - 187.0 Fox Hunt
Fairfax Station,Week1,Pleasant Valley,Week5,313.0 Fairfax Station - 88.0 Pleasant Valley
Forest Hollow,Week3,Great Falls,Week5,204.0 Forest Hollow - 198.0 Great Falls
Forest Hollow,Week2,Annandale,Week2,265.0 Forest Hollow - 137.0 Annandale
Forest Hollow,Week1,Great Falls,Week1,223.0 Forest Hollow - 178.0 Great Falls
Fox Hunt,Week5,Fox Mill Woods,Week4,244.5 Fox Mill Woods - 157.5 Fox Hunt
Forest Hollow,Week1,Broyhill Crest,Week5,338.0 Forest Hollow - 64.0 Broyhill Crest
Fox Hunt,Week5,Hunt Valley,Week4,255.0 Hunt Valley - 147.0 Fox Hunt
Fairfax Station,Week4,Pinewood Lake,Week4,368.0 Fairfax Station - 30.0 Pinewood Lake
Forest Hollow,Week2,Annandale,Week4,275.0 Forest Hollow - 127.0 Annandale
Forest Hollow,Week4,Great Falls,Week3,208.0 Forest Hollow - 194.0 Great Falls
Fox Hunt,Week5,Hunt Valley,Week5,273.0 Hunt Valley - 129.0 Fox Hunt
Forest Hollow,Week1,Brookfield ,Week4,220.0 Forest Hollow - 182.0 Brookfield
Forest Hollow,Week3,Annandale,Week2,283.0 Forest Hollow - 119.0 Annandale
Fox Hunt,Week5,Fox Mill Woods,Week3,231.0 Fox Mill Woods - 171.0 Fox Hunt
Forest Hollow,Week3,Annandale,Week3,275.0 Forest Hollow - 127.0 Annandale
Fox Hunt,Week4,Great Falls,Week1,218.0 Fox Hunt - 180.0 Great Falls
Fairfax Station,Week1,Pleasant Valley,Week3,307.0 Fairfax Station - 95.0 Pleasant Valley
Forest Hollow,Week4,Brookfield ,Week4,228.0 Forest Hollow - 174.0 Brookfield
Fox Hunt,Week4,Fox Mill Woods,Week2,261.0 Fox Mill Woods - 141.0 Fox Hunt
Fox Hunt,Week3,Great Falls,Week4,217.0 Fox Hunt - 185.0 Great Falls
Forest Hollow,Week5,Great Falls,Week5,214.0 Forest Hollow - 188.0 Great Falls
Forest Hollow,Week2,Great Falls,Week5,206.5 Great Falls - 195.5 Forest Hollow
Fairfax Station,Week4,Pinewood Lake,Week3,367.0 Fairfax Station - 31.0 Pinewood Lake
Forest Hollow,Week2,Annandale,Week3,267.0 Forest Hollow - 135.0 Annandale
Fairfax Station,Week3,Mansion House,Week4,261.0 Fairfax Station - 141.0 Mansion House
Forest Hollow,Week2,Great Falls,Week4,216.0 Forest Hollow - 186.0 Great Falls
Fox Hunt,Week4,Hunter Mill,Week1,232.0 Hunter Mill - 170.0 Fox Hunt
Fairfax Station,Week3,Pleasant Valley,Week2,336.0 Fairfax Station - 66.0 Pleasant Valley
Forest Hollow,Week2,Annandale,Week5,267.0 Forest Hollow - 135.0 Annandale
Fox Hunt,Week4,Great Falls,Week3,213.0 Great Falls - 189.0 Fox Hunt
Fox Hunt,Week3,Hunter Mill,Week1,225.0 Hunter Mill - 177.0 Fox Hunt
Forest Hollow,Week3,Annandale,Week1,304.0 Forest Hollow - 98.0 Annandale
Forest Hollow,Week2,Great Falls,Week1,220.0 Forest Hollow - 181.0 Great Falls
Forest Hollow,Week5,Great Falls,Week2,231.0 Forest Hollow - 153.0 Great Falls
Fairfax Station,Week2,Pleasant Valley,Week5,324.0 Fairfax Station - 73.0 Pleasant Valley
Fox Hunt,Week1,Hunter Mill,Week1,236.0 Hunter Mill - 166.0 Fox Hunt
Fox Hunt,Week2,Fox Mill Woods,Week4,270.0 Fox Mill Woods - 132.0 Fox Hunt
Fox Hunt,Week3,Hunter Mill,Week5,241.0 Hunter Mill - 161.0 Fox Hunt
Fairfax Station,Week3,Pinewood Lake,Week3,378.0 Fairfax Station - 21.0 Pinewood Lake
Fairfax Station,Week2,Pinewood Lake,Week5,369.0 Fairfax Station - 27.0 Pinewood Lake
Forest Hollow,Week4,Brookfield ,Week2,253.0 Forest Hollow - 149.0 Brookfield
Forest Hollow,Week1,Brookfield ,Week3,234.0 Forest Hollow - 168.0 Brookfield
Forest Hollow,Week1,Brookfield ,Week5,217.0 Forest Hollow - 185.0 Brookfield
Fox Hunt,Week1,Great Falls,Week5,221.0 Great Falls - 181.0 Fox Hunt
Forest Hollow,Week1,Greenbriar,Week3,212.0 Greenbriar - 190.0 Forest Hollow
Forest Hollow,Week4,Daventry,Week2,310.0 Forest Hollow - 91.0 Daventry
Fairfax Station,Week5,Long Branch,Week3,298.0 Fairfax Station - 104.0 Long Branch
Forest Hollow,Week2,Brookfield ,Week2,232.0 Forest Hollow - 170.0 Brookfield
Fox Hunt,Week5,Hunter Mill,Week5,229.5 Hunter Mill - 172.5 Fox Hunt
Forest Hollow,Week1,Dominion Hills,Week4,221.0 Dominion Hills - 181.0 Forest Hollow
Fox Hunt,Week4,Hunter Mill,Week5,260.0 Hunter Mill - 142.0 Fox Hunt
Fairfax Station,Week2,Pleasant Valley,Week4,336.0 Fairfax Station - 60.0 Pleasant Valley
Fox Hunt,Week3,Fox Mill Woods,Week1,244.0 Fox Mill Woods - 158.0 Fox Hunt
Fairfax Station,Week5,Pinewood Lake,Week3,384.0 Fairfax Station - 18.0 Pinewood Lake
Fairfax Station,Week1,Mansion House,Week2,231.0 Fairfax Station - 171.0 Mansion House
Forest Hollow,Week5,Brookfield ,Week1,231.0 Forest Hollow - 171.0 Brookfield
Fairfax Station,Week2,Mansion House,Week2,236.0 Fairfax Station - 166.0 Mansion House
Fox Hunt,Week2,Hunter Mill,Week3,261.0 Hunter Mill - 141.0 Fox Hunt
Fairfax Station,Week3,Mansion House,Week3,240.0 Fairfax Station - 162.0 Mansion House
Fox Hunt,Week3,Great Falls,Week2,194.0 Great Falls - 190.0 Fox Hunt
Fox Hunt,Week1,Great Falls,Week3,219.0 Great Falls - 183.0 Fox Hunt
Forest Hollow,Week1,Greenbriar,Week5,202.0 Greenbriar - 200.0 Forest Hollow
Fox Hunt,Week1,Ilda Community,Week1,273.0 Fox Hunt - 128.0 Ilda Community
Fairfax Station,Week2,Pinewood Lake,Week4,374.0 Fairfax Station - 22.0 Pinewood Lake
Fairfax Station,Week1,Mansion House,Week4,254.0 Fairfax Station - 148.0 Mansion House
Forest Hollow,Week2,Brookfield ,Week4,222.0 Forest Hollow - 180.0 Brookfield
Fox Hunt,Week4,Fox Mill Woods,Week3,256.0 Fox Mill Woods - 146.0 Fox Hunt
Forest Hollow,Week5,Brookfield ,Week3,270.0 Forest Hollow - 132.0 Brookfield
Forest Hollow,Week5,Daventry,Week5,306.0 Forest Hollow - 96.0 Daventry
Forest Hollow,Week4,Brookfield ,Week3,254.0 Forest Hollow - 148.0 Brookfield
Fairfax Station,Week2,Mansion House,Week3,230.0 Fairfax Station - 172.0 Mansion House
Forest Hollow,Week1,Greenbriar,Week2,211.0 Greenbriar - 191.0 Forest Hollow
Forest Hollow,Week1,Brookfield ,Week1,222.0 Forest Hollow - 180.0 Brookfield
Fox Hunt,Week5,Hunter Mill,Week4,236.0 Hunter Mill - 166.0 Fox Hunt
Fox Hunt,Week3,Hunter Mill,Week4,236.0 Hunter Mill - 166.0 Fox Hunt
Forest Hollow,Week2,Greenbriar,Week5,212.0 Greenbriar - 190.0 Forest Hollow
Fox Hunt,Week3,Fox Mill Woods,Week5,250.0 Fox Mill Woods - 152.0 Fox Hunt
Fox Hunt,Week2,Hunter Mill,Week1,235.0 Hunter Mill - 167.0 Fox Hunt
Fairfax Station,Week4,Pinewood Lake,Week1,374.0 Fairfax Station - 25.0 Pinewood Lake
Forest Hollow,Week3,Brookfield ,Week3,245.0 Forest Hollow - 157.0 Brookfield
Fairfax Station,Week4,Pinewood Lake,Week5,367.0 Fairfax Station - 31.0 Pinewood Lake
Forest Hollow,Week2,Greenbriar,Week3,221.0 Greenbriar - 181.0 Forest Hollow
Forest Hollow,Week5,Brookfield ,Week2,256.0 Forest Hollow - 146.0 Brookfield
Fairfax Station,Week3,Pinewood Lake,Week4,377.0 Fairfax Station - 22.0 Pinewood Lake
Fairfax Station,Week3,Pinewood Lake,Week5,373.0 Fairfax Station - 26.0 Pinewood Lake
Forest Hollow,Week1,Greenbriar,Week4,218.0 Forest Hollow - 184.0 Greenbriar
Fairfax Station,Week3,Mansion House,Week2,255.0 Fairfax Station - 147.0 Mansion House
Forest Hollow,Week2,Greenbriar,Week1,210.0 Greenbriar - 192.0 Forest Hollow
Fox Hunt,Week5,Great Falls,Week1,230.0 Fox Hunt - 168.0 Great Falls
Forest Hollow,Week2,Hamlet,Week4,268.0 Hamlet - 134.0 Forest Hollow
Fox Hunt,Week5,Fox Mill Woods,Week2,232.0 Fox Mill Woods - 170.0 Fox Hunt
Fairfax Station,Week4,Mansion House,Week5,221.0 Fairfax Station - 181.0 Mansion House
Forest Hollow,Week2,Hamlet,Week3,287.0 Hamlet - 115.0 Forest Hollow
Forest Hollow,Week3,Brookfield ,Week2,249.0 Forest Hollow - 153.0 Brookfield
Fairfax Station,Week2,Pinewood Lake,Week3,374.0 Fairfax Station - 22.0 Pinewood Lake
Fox Hunt,Week1,Hunter Mill,Week3,263.0 Hunter Mill - 139.0 Fox Hunt
Forest Hollow,Week2,Brookfield ,Week5,215.0 Forest Hollow - 182.0 Brookfield
Forest Hollow,Week2,Daventry,Week5,291.5 Forest Hollow - 110.5 Daventry
Forest Hollow,Week2,Daventry,Week2,299.0 Forest Hollow - 103.0 Daventry
Fairfax Station,Week4,Pinewood Lake,Week2,365.0 Fairfax Station - 34.0 Pinewood Lake
Forest Hollow,Week4,Daventry,Week1,308.0 Forest Hollow - 94.0 Daventry
Fairfax Station,Week3,Mansion House,Week1,245.0 Fairfax Station - 157.0 Mansion House
Fox Hunt,Week3,Fox Mill Woods,Week2,234.0 Fox Mill Woods - 168.0 Fox Hunt
Fox Hunt,Week1,Ilda Community,Week2,287.0 Fox Hunt - 115.0 Ilda Community
Fairfax Station,Week5,Pinewood Lake,Week1,385.0 Fairfax Station - 17.0 Pinewood Lake
Fox Hunt,Week4,Hunter Mill,Week4,247.0 Hunter Mill - 155.0 Fox Hunt
Fox Hunt,Week4,Fox Mill Woods,Week5,254.0 Fox Mill Woods - 148.0 Fox Hunt
Fairfax Station,Week5,Long Branch,Week2,286.0 Fairfax Station - 116.0 Long Branch
Forest Hollow,Week2,Hamlet,Week2,295.0 Hamlet - 107.0 Forest Hollow
Forest Hollow,Week3,Hamlet,Week3,275.0 Hamlet - 127.0 Forest Hollow
Forest Hollow,Week4,Greenbriar,Week5,216.5 Forest Hollow - 185.5 Greenbriar
Fairfax Station,Week5,Pinewood Lake,Week4,380.0 Fairfax Station - 21.0 Pinewood Lake
Fairfax Station,Week1,Pleasant Valley,Week4,326.0 Fairfax Station - 75.0 Pleasant Valley
Fairfax Station,Week5,Mansion House,Week1,256.0 Fairfax Station - 146.0 Mansion House
Forest Hollow,Week3,Hamlet,Week1,256.0 Hamlet - 146.0 Forest Hollow
Fox Hunt,Week1,Hunter Mill,Week4,249.0 Hunter Mill - 153.0 Fox Hunt
Fox Hunt,Week3,Hunter Mill,Week3,245.0 Hunter Mill - 157.0 Fox Hunt
Forest Hollow,Week1,Dominion Hills,Week2,207.0 Forest Hollow - 195.0 Dominion Hills
Forest Hollow,Week1,Broyhill Crest,Week2,354.0 Forest Hollow - 47.0 Broyhill Crest
Forest Hollow,Week2,Hamlet,Week5,301.0 Hamlet - 101.0 Forest Hollow
Fox Hunt,Week4,Hunter Mill,Week2,232.0 Hunter Mill - 170.0 Fox Hunt
Forest Hollow,Week4,Brookfield ,Week1,227.0 Forest Hollow - 175.0 Brookfield
Fox Hunt,Week3,Fox Mill Woods,Week3,236.0 Fox Mill Woods - 166.0 Fox Hunt
Fox Hunt,Week5,Fox Mill Woods,Week1,245.0 Fox Mill Woods - 157.0 Fox Hunt
Fairfax Station,Week2,Pleasant Valley,Week2,330.0 Fairfax Station - 71.0 Pleasant Valley
Fairfax Station,Week1,Pleasant Valley,Week2,323.0 Fairfax Station - 78.0 Pleasant Valley
Fairfax Station,Week4,Mansion House,Week1,240.0 Fairfax Station - 162.0 Mansion House
Forest Hollow,Week3,Dominion Hills,Week1,240.0 Forest Hollow - 162.0 Dominion Hills
Fox Hunt,Week3,Fox Mill Woods,Week4,245.0 Fox Mill Woods - 157.0 Fox Hunt
Fairfax Station,Week5,Pinewood Lake,Week2,378.0 Fairfax Station - 24.0 Pinewood Lake
Fox Hunt,Week1,Hunter Mill,Week5,258.0 Hunter Mill - 144.0 Fox Hunt
Forest Hollow,Week1,Brookfield ,Week2,240.0 Forest Hollow - 162.0 Brookfield
Fairfax Station,Week5,Mansion House,Week2,263.0 Fairfax Station - 139.0 Mansion House
Forest Hollow,Week3,Hamlet,Week2,279.0 Hamlet - 123.0 Forest Hollow
Forest Hollow,Week3,Dominion Hills,Week5,222.0 Dominion Hills - 180.0 Forest Hollow
Fox Hunt,Week4,Fox Mill Woods,Week4,270.0 Fox Mill Woods - 132.0 Fox Hunt
Fairfax Station,Week5,Long Branch,Week5,291.0 Fairfax Station - 111.0 Long Branch
Fairfax Station,Week5,Long Branch,Week4,313.0 Fairfax Station - 89.0 Long Branch
Forest Hollow,Week4,Daventry,Week3,308.0 Forest Hollow - 93.0 Daventry
Fox Hunt,Week2,Hunter Mill,Week4,262.0 Hunter Mill - 140.0 Fox Hunt
Forest Hollow,Week1,Broyhill Crest,Week3,364.0 Forest Hollow - 37.0 Broyhill Crest
Forest Hollow,Week5,Brookfield ,Week4,242.0 Forest Hollow - 160.0 Brookfield
Forest Hollow,Week5,Daventry,Week3,322.0 Forest Hollow - 80.0 Daventry
Forest Hollow,Week2,Daventry,Week4,308.0 Forest Hollow - 94.0 Daventry
Fairfax Station,Week2,Mansion House,Week5,255.0 Fairfax Station - 147.0 Mansion House
Fairfax Station,Week4,Poplar Heights,Week1,250.0 Fairfax Station - 152.0 Poplar Heights
Fox Hunt,Week5,Hunter Mill,Week3,238.0 Hunter Mill - 164.0 Fox Hunt
Forest Hollow,Week2,Daventry,Week1,299.0 Forest Hollow - 103.0 Daventry
Fox Hunt,Week5,Hunter Mill,Week2,204.0 Hunter Mill - 198.0 Fox Hunt
Fox Hunt,Week5,Fox Mill Woods,Week5,246.0 Fox Mill Woods - 156.0 Fox Hunt
Fox Hunt,Week2,Great Falls,Week5,220.0 Great Falls - 180.0 Fox Hunt
Forest Hollow,Week5,Broyhill Crest,Week1,353.0 Forest Hollow - 48.0 Broyhill Crest
Forest Hollow,Week4,Greenbriar,Week4,231.0 Forest Hollow - 171.0 Greenbriar
Forest Hollow,Week1,Burke Station,Week5,277.0 Forest Hollow - 125.0 Burke Station
Forest Hollow,Week2,Dominion Hills,Week4,227.0 Dominion Hills - 175.0 Forest Hollow
Fairfax Station,Week4,Mansion House,Week2,219.0 Fairfax Station - 183.0 Mansion House
Fairfax Station,Week2,Mansion House,Week4,263.0 Fairfax Station - 139.0 Mansion House
Fairfax Station,Week3,Mansion House,Week5,253.0 Fairfax Station - 149.0 Mansion House
Forest Hollow,Week3,Daventry,Week1,310.0 Forest Hollow - 92.0 Daventry
Fox Hunt,Week1,Great Falls,Week2,190.0 Great Falls - 189.0 Fox Hunt
Fox Hunt,Week2,Great Falls,Week1,206.5 Great Falls - 190.5 Fox Hunt
Fox Hunt,Week2,Fox Mill Woods,Week5,267.0 Fox Mill Woods - 135.0 Fox Hunt
Fox Hunt,Week4,Hunter Mill,Week3,262.0 Hunter Mill - 140.0 Fox Hunt
Forest Hollow,Week5,Greenbriar,Week4,252.0 Forest Hollow - 150.0 Greenbriar
Forest Hollow,Week3,Daventry,Week4,314.0 Forest Hollow - 88.0 Daventry
Forest Hollow,Week1,Dominion Hills,Week3,218.0 Forest Hollow - 184.0 Dominion Hills
Fox Hunt,Week3,Hunter Mill,Week2,227.0 Hunter Mill - 175.0 Fox Hunt
Forest Hollow,Week2,Broyhill Crest,Week3,345.0 Forest Hollow - 57.0 Broyhill Crest
Fairfax Station,Week1,Mansion House,Week5,233.0 Fairfax Station - 169.0 Mansion House
Forest Hollow,Week2,Broyhill Crest,Week4,331.0 Forest Hollow - 71.0 Broyhill Crest
Fox Hunt,Week2,Great Falls,Week3,222.0 Great Falls - 180.0 Fox Hunt
Fairfax Station,Week3,Pleasant Valley,Week1,337.0 Fairfax Station - 65.0 Pleasant Valley
Forest Hollow,Week4,Greenbriar,Week1,203.0 Forest Hollow - 199.0 Greenbriar
Forest Hollow,Week3,Greenbriar,Week3,208.0 Forest Hollow - 194.0 Greenbriar
Forest Hollow,Week2,Broyhill Crest,Week1,331.0 Forest Hollow - 65.0 Broyhill Crest
Fairfax Station,Week3,Poplar Heights,Week4,266.0 Fairfax Station - 136.0 Poplar Heights
Fairfax Station,Week3,Pleasant Valley,Week4,345.0 Fairfax Station - 56.0 Pleasant Valley
Fairfax Station,Week1,Mansion House,Week1,236.0 Fairfax Station - 166.0 Mansion House
Forest Hollow,Week3,Dominion Hills,Week2,210.0 Forest Hollow - 192.0 Dominion Hills
Fox Hunt,Week2,Hunter Mill,Week2,246.0 Hunter Mill - 156.0 Fox Hunt
Forest Hollow,Week2,Burke Station,Week1,259.0 Forest Hollow - 120.0 Burke Station
Fox Hunt,Week5,Hunter Mill,Week1,214.0 Hunter Mill - 188.0 Fox Hunt
Fox Hunt,Week2,Great Falls,Week4,203.0 Great Falls - 191.0 Fox Hunt
Fox Hunt,Week2,Hunter Mill,Week5,256.0 Hunter Mill - 146.0 Fox Hunt
Fairfax Station,Week3,Pleasant Valley,Week3,330.0 Fairfax Station - 72.0 Pleasant Valley
Fairfax Station,Week2,Pleasant Valley,Week3,314.0 Fairfax Station - 88.0 Pleasant Valley
Forest Hollow,Week1,Hamlet,Week4,245.0 Hamlet - 157.0 Forest Hollow
Forest Hollow,Week2,Broyhill Crest,Week2,335.0 Forest Hollow - 67.0 Broyhill Crest
Forest Hollow,Week1,Hamlet,Week5,288.0 Hamlet - 114.0 Forest Hollow
Forest Hollow,Week4,Greenbriar,Week3,203.0 Forest Hollow - 199.0 Greenbriar
Fox Hunt,Week3,Great Falls,Week5,213.0 Great Falls - 189.0 Fox Hunt
Fairfax Station,Week4,Pleasant Valley,Week2,327.0 Fairfax Station - 75.0 Pleasant Valley
Forest Hollow,Week3,Daventry,Week5,298.5 Forest Hollow - 103.5 Daventry
Fox Hunt,Week3,Ilda Community,Week3,281.0 Fox Hunt - 121.0 Ilda Community
Fox Hunt,Week3,Great Falls,Week1,224.0 Fox Hunt - 177.0 Great Falls
Fox Hunt,Week3,Great Falls,Week3,201.0 Fox Hunt - 201.0 Great Falls
Forest Hollow,Week3,Burke Station,Week3,291.0 Forest Hollow - 106.0 Burke Station
Fairfax Station,Week4,Poplar Heights,Week3,241.5 Fairfax Station - 160.5 Poplar Heights
Fairfax Station,Week1,Mansion House,Week3,215.0 Fairfax Station - 187.0 Mansion House
Forest Hollow,Week4,Daventry,Week4,315.0 Forest Hollow - 87.0 Daventry
Forest Hollow,Week3,Greenbriar,Week5,209.0 Forest Hollow - 193.0 Greenbriar
Fairfax Station,Week4,Mansion House,Week4,234.0 Fairfax Station - 168.0 Mansion House
Forest Hollow,Week3,Burke Station,Week4,308.0 Forest Hollow - 94.0 Burke Station
Forest Hollow,Week3,Greenbriar,Week4,230.5 Forest Hollow - 171.5 Greenbriar
Fairfax Station,Week4,Mansion House,Week3,214.0 Fairfax Station - 188.0 Mansion House
Fairfax Station,Week3,Pleasant Valley,Week5,325.0 Fairfax Station - 77.0 Pleasant Valley
Fox Hunt,Week1,Ilda Community,Week4,256.0 Fox Hunt - 146.0 Ilda Community
Forest Hollow,Week3,Broyhill Crest,Week3,358.0 Forest Hollow - 43.0 Broyhill Crest
Fox Hunt,Week1,Ilda Community,Week3,271.0 Fox Hunt - 131.0 Ilda Community
Forest Hollow,Week5,Greenbriar,Week3,221.0 Forest Hollow - 181.0 Greenbriar
Forest Hollow,Week2,Daventry,Week3,298.0 Forest Hollow - 104.0 Daventry
Fox Hunt,Week2,Ilda Community,Week1,282.0 Fox Hunt - 120.0 Ilda Community
Forest Hollow,Week4,Daventry,Week5,291.0 Forest Hollow - 111.0 Daventry
Fairfax Station,Week2,Mansion House,Week1,241.0 Fairfax Station - 161.0 Mansion House
Fox Hunt,Week5,Great Falls,Week5,203.0 Fox Hunt - 198.0 Great Falls
Forest Hollow,Week4,Broyhill Crest,Week4,344.0 Forest Hollow - 57.0 Broyhill Crest
Fairfax Station,Week4,Pleasant Valley,Week1,323.0 Fairfax Station - 79.0 Pleasant Valley
Fairfax Station,Week5,Pleasant Valley,Week5,335.0 Fairfax Station - 66.0 Pleasant Valley
Fox Hunt,Week3,Ilda Community,Week4,266.0 Fox Hunt - 136.0 Ilda Community
Fox Hunt,Week5,Ilda Community,Week1,310.0 Fox Hunt - 92.0 Ilda Community
Forest Hollow,Week1,Hamlet,Week1,245.5 Hamlet - 156.5 Forest Hollow
Fairfax Station,Week2,Poplar Heights,Week4,254.0 Fairfax Station - 148.0 Poplar Heights
Forest Hollow,Week1,Hamlet,Week3,261.0 Hamlet - 141.0 Forest Hollow
Fox Hunt,Week1,Greenbriar,Week4,207.0 Greenbriar - 195.0 Fox Hunt
Forest Hollow,Week5,Greenbriar,Week2,204.0 Forest Hollow - 198.0 Greenbriar
Forest Hollow,Week3,Broyhill Crest,Week2,348.0 Forest Hollow - 53.0 Broyhill Crest
Forest Hollow,Week4,Broyhill Crest,Week2,354.0 Forest Hollow - 47.0 Broyhill Crest
Forest Hollow,Week5,Daventry,Week1,310.0 Forest Hollow - 92.0 Daventry
Forest Hollow,Week3,Daventry,Week2,308.0 Forest Hollow - 94.0 Daventry
Fairfax Station,Week1,Poplar Heights,Week5,226.0 Fairfax Station - 176.0 Poplar Heights
Forest Hollow,Week1,Burke Station,Week2,306.0 Forest Hollow - 96.0 Burke Station
Fairfax Station,Week5,Pleasant Valley,Week1,340.0 Fairfax Station - 62.0 Pleasant Valley
Fox Hunt,Week1,Ilda Community,Week5,250.0 Fox Hunt - 151.0 Ilda Community
Forest Hollow,Week5,Broyhill Crest,Week4,354.0 Forest Hollow - 48.0 Broyhill Crest
Fox Hunt,Week4,Great Falls,Week4,215.0 Fox Hunt - 186.0 Great Falls
Forest Hollow,Week5,Greenbriar,Week5,221.0 Forest Hollow - 181.0 Greenbriar
Fox Hunt,Week4,Great Falls,Week2,195.0 Fox Hunt - 189.0 Great Falls
Fox Hunt,Week4,Great Falls,Week5,216.0 Great Falls - 185.0 Fox Hunt
Forest Hollow,Week5,Greenbriar,Week1,219.0 Forest Hollow - 183.0 Greenbriar
Fairfax Station,Week5,Pleasant Valley,Week4,338.0 Fairfax Station - 64.0 Pleasant Valley
Forest Hollow,Week3,Daventry,Week3,316.0 Forest Hollow - 85.0 Daventry
Forest Hollow,Week1,Daventry,Week5,287.5 Forest Hollow - 114.5 Daventry
Fox Hunt,Week2,Ilda Community,Week3,272.0 Fox Hunt - 130.0 Ilda Community
Fairfax Station,Week5,Overlee,Week4,297.0 Overlee - 105.0 Fairfax Station
Fairfax Station,Week5,Pleasant Valley,Week3,330.0 Fairfax Station - 72.0 Pleasant Valley
Forest Hollow,Week2,Hamlet,Week1,273.0 Hamlet - 129.0 Forest Hollow
Forest Hollow,Week5,Daventry,Week2,319.0 Forest Hollow - 82.0 Daventry
Fox Hunt,Week3,Greenbriar,Week3,210.0 Fox Hunt - 192.0 Greenbriar
Fox Hunt,Week3,Greenbriar,Week5,219.0 Fox Hunt - 183.0 Greenbriar
Forest Hollow,Week5,Daventry,Week4,324.0 Forest Hollow - 78.0 Daventry
Forest Hollow,Week1,Hamlet,Week2,278.0 Hamlet - 124.0 Forest Hollow
Fairfax Station,Week1,Parklawn,Week5,299.0 Fairfax Station - 102.0 Parklawn
Fairfax Station,Week1,Parklawn,Week1,314.0 Fairfax Station - 79.0 Parklawn
Fairfax Station,Week4,Pleasant Valley,Week3,323.0 Fairfax Station - 79.0 Pleasant Valley
Forest Hollow,Week1,Burke Station,Week4,299.0 Forest Hollow - 103.0 Burke Station
Fox Hunt,Week3,Kent Gardens,Week5,216.0 Kent Gardens - 186.0 Fox Hunt
Forest Hollow,Week1,Dominion Hills,Week5,211.0 Dominion Hills - 191.0 Forest Hollow
Fox Hunt,Week1,Greenbriar,Week3,230.0 Greenbriar - 172.0 Fox Hunt
Fairfax Station,Week1,Poplar Heights,Week3,250.0 Fairfax Station - 152.0 Poplar Heights
Forest Hollow,Week5,Broyhill Crest,Week5,347.0 Forest Hollow - 55.0 Broyhill Crest
Forest Hollow,Week3,Broyhill Crest,Week5,338.0 Forest Hollow - 64.0 Broyhill Crest
Fox Hunt,Week4,Ilda Community,Week4,265.0 Fox Hunt - 137.0 Ilda Community
Forest Hollow,Week1,Burke Station,Week1,274.0 Forest Hollow - 105.0 Burke Station
Forest Hollow,Week4,Greenbriar,Week2,214.0 Greenbriar - 188.0 Forest Hollow
Fox Hunt,Week3,Greenbriar,Week4,225.0 Fox Hunt - 177.0 Greenbriar
Fox Hunt,Week2,Kent Gardens,Week1,201.0 Fox Hunt - 201.0 Kent Gardens
Fox Hunt,Week1,Greenbriar,Week5,210.0 Greenbriar - 192.0 Fox Hunt
Forest Hollow,Week3,Broyhill Crest,Week4,344.0 Forest Hollow - 57.0 Broyhill Crest
Forest Hollow,Week2,Dominion Hills,Week1,222.0 Forest Hollow - 180.0 Dominion Hills
Forest Hollow,Week1,Burke Station,Week3,289.0 Forest Hollow - 108.0 Burke Station
Fairfax Station,Week1,Poplar Heights,Week1,270.0 Fairfax Station - 132.0 Poplar Heights
Forest Hollow,Week5,Hamlet,Week1,239.0 Hamlet - 163.0 Forest Hollow
Forest Hollow,Week5,Hamlet,Week5,271.0 Hamlet - 131.0 Forest Hollow
Fox Hunt,Week1,Kent Gardens,Week5,232.0 Kent Gardens - 170.0 Fox Hunt
Fairfax Station,Week5,Overlee,Week5,277.0 Overlee - 125.0 Fairfax Station
Fox Hunt,Week4,Ilda Community,Week2,295.0 Fox Hunt - 107.0 Ilda Community
Fox Hunt,Week3,Ilda Community,Week1,292.0 Fox Hunt - 109.0 Ilda Community
Fairfax Station,Week1,Parliament,Week1,244.0 Fairfax Station - 158.0 Parliament
Fox Hunt,Week2,Greenbriar,Week4,213.0 Fox Hunt - 189.0 Greenbriar
Fox Hunt,Week5,Great Falls,Week2,212.0 Fox Hunt - 172.0 Great Falls
Forest Hollow,Week1,Dominion Hills,Week1,223.0 Forest Hollow - 179.0 Dominion Hills
Forest Hollow,Week2,Dominion Hills,Week3,214.0 Forest Hollow - 188.0 Dominion Hills
Fairfax Station,Week4,Pleasant Valley,Week5,322.0 Fairfax Station - 79.0 Pleasant Valley
Fox Hunt,Week5,Ilda Community,Week4,289.0 Fox Hunt - 113.0 Ilda Community
Forest Hollow,Week2,Dominion Hills,Week2,205.5 Forest Hollow - 196.5 Dominion Hills
Forest Hollow,Week3,Greenbriar,Week2,202.0 Greenbriar - 200.0 Forest Hollow
Forest Hollow,Week3,Hayfield Farm,Week4,206.0 Forest Hollow - 196.0 Hayfield Farm
Forest Hollow,Week3,Broyhill Crest,Week1,348.0 Forest Hollow - 53.0 Broyhill Crest
Fairfax Station,Week5,Pleasant Valley,Week2,334.0 Fairfax Station - 68.0 Pleasant Valley
Forest Hollow,Week2,Dominion Hills,Week5,226.0 Dominion Hills - 176.0 Forest Hollow
Fox Hunt,Week4,Greenbriar,Week2,241.5 Greenbriar - 160.5 Fox Hunt
Forest Hollow,Week3,Dominion Hills,Week3,223.0 Forest Hollow - 179.0 Dominion Hills
Fairfax Station,Week1,Parklawn,Week2,310.0 Fairfax Station - 91.0 Parklawn
Fairfax Station,Week2,Parklawn,Week1,321.0 Fairfax Station - 72.0 Parklawn
Forest Hollow,Week4,Hayfield Farm,Week4,224.0 Forest Hollow - 178.0 Hayfield Farm
Forest Hollow,Week4,Broyhill Crest,Week1,351.0 Forest Hollow - 50.0 Broyhill Crest
Fox Hunt,Week1,Kent Gardens,Week4,201.0 Fox Hunt - 201.0 Kent Gardens
Fairfax Station,Week1,Poplar Heights,Week2,243.0 Fairfax Station - 159.0 Poplar Heights
Forest Hollow,Week2,Hayfield Farm,Week5,203.0 Hayfield Farm - 199.0 Forest Hollow
Forest Hollow,Week2,Burke Station,Week2,291.0 Forest Hollow - 111.0 Burke Station
Fox Hunt,Week2,Kent Gardens,Week5,233.0 Kent Gardens - 169.0 Fox Hunt
Fox Hunt,Week4,Greenbriar,Week1,228.5 Greenbriar - 173.5 Fox Hunt
Forest Hollow,Week3,Dominion Hills,Week4,221.0 Dominion Hills - 181.0 Forest Hollow
Forest Hollow,Week2,Burke Station,Week5,268.0 Forest Hollow - 134.0 Burke Station
Fairfax Station,Week1,Poplar Heights,Week4,231.0 Fairfax Station - 171.0 Poplar Heights
Fairfax Station,Week1,Parklawn,Week3,312.0 Fairfax Station - 89.0 Parklawn
Fairfax Station,Week2,Poplar Heights,Week1,275.0 Fairfax Station - 127.0 Poplar Heights
Fox Hunt,Week2,Greenbriar,Week3,229.0 Greenbriar - 173.0 Fox Hunt
Fox Hunt,Week2,Ilda Community,Week5,267.0 Fox Hunt - 135.0 Ilda Community
Fox Hunt,Week3,Ilda Community,Week5,279.0 Fox Hunt - 122.0 Ilda Community
Fairfax Station,Week3,Poplar Heights,Week1,293.0 Fairfax Station - 109.0 Poplar Heights
Forest Hollow,Week1,Donaldson Run,Week3,278.0 Donaldson Run - 124.0 Forest Hollow
Forest Hollow,Week4,Hamlet,Week3,270.0 Hamlet - 132.0 Forest Hollow
Fairfax Station,Week2,Poplar Heights,Week3,259.0 Fairfax Station - 143.0 Poplar Heights
Fairfax Station,Week2,Poplar Heights,Week5,238.0 Fairfax Station - 164.0 Poplar Heights
Forest Hollow,Week4,Broyhill Crest,Week3,362.0 Forest Hollow - 39.0 Broyhill Crest
Forest Hollow,Week3,Hayfield Farm,Week5,224.0 Forest Hollow - 178.0 Hayfield Farm
Forest Hollow,Week1,Hayfield Farm,Week5,214.0 Forest Hollow - 188.0 Hayfield Farm
Fox Hunt,Week2,Ilda Community,Week4,251.0 Fox Hunt - 151.0 Ilda Community
Forest Hollow,Week2,Donaldson Run,Week5,297.0 Donaldson Run - 100.0 Forest Hollow
Fairfax Station,Week4,Pleasant Valley,Week4,329.0 Fairfax Station - 73.0 Pleasant Valley
Fox Hunt,Week5,Ilda Community,Week5,310.0 Fox Hunt - 92.0 Ilda Community
Fox Hunt,Week1,Greenbriar,Week2,252.0 Greenbriar - 150.0 Fox Hunt
Fairfax Station,Week2,Parklawn,Week4,294.0 Fairfax Station - 107.0 Parklawn
Fox Hunt,Week3,Greenbriar,Week2,211.0 Greenbriar - 191.0 Fox Hunt
Fox Hunt,Week3,Ilda Community,Week2,292.0 Fox Hunt - 110.0 Ilda Community
Forest Hollow,Week4,Dominion Hills,Week4,207.0 Forest Hollow - 195.0 Dominion Hills
Forest Hollow,Week4,Donaldson Run,Week3,262.0 Donaldson Run - 140.0 Forest Hollow
Forest Hollow,Week4,Broyhill Crest,Week5,342.0 Forest Hollow - 60.0 Broyhill Crest
Fairfax Station,Week4,Parklawn,Week1,318.0 Fairfax Station - 75.0 Parklawn
Fairfax Station,Week3,Parklawn,Week3,315.0 Fairfax Station - 87.0 Parklawn
Fox Hunt,Week2,Greenbriar,Week2,232.0 Greenbriar - 170.0 Fox Hunt
Forest Hollow,Week4,Hayfield Farm,Week1,216.0 Forest Hollow - 186.0 Hayfield Farm
Fairfax Station,Week2,Parklawn,Week3,314.0 Fairfax Station - 87.0 Parklawn
Fox Hunt,Week2,Greenbriar,Week1,224.0 Greenbriar - 178.0 Fox Hunt
Forest Hollow,Week5,Hamlet,Week4,247.0 Hamlet - 155.0 Forest Hollow
Forest Hollow,Week3,Burke Station,Week1,275.5 Forest Hollow - 103.5 Burke Station
Fairfax Station,Week2,Poplar Heights,Week2,248.5 Fairfax Station - 153.5 Poplar Heights
Fairfax Station,Week3,Parklawn,Week2,321.0 Fairfax Station - 81.0 Parklawn
Forest Hollow,Week2,Burke Station,Week4,282.0 Forest Hollow - 120.0 Burke Station
Fox Hunt,Week5,Greenbriar,Week1,213.0 Fox Hunt - 189.0 Greenbriar
Forest Hollow,Week1,Hayfield Farm,Week2,216.0 Forest Hollow - 186.0 Hayfield Farm
Fairfax Station,Week4,Parklawn,Week5,297.0 Fairfax Station - 105.0 Parklawn
Fairfax Station,Week1,Parklawn,Week4,287.5 Fairfax Station - 113.5 Parklawn
Forest Hollow,Week2,Camelot,Week2,216.0 Forest Hollow - 186.0 Camelot
Forest Hollow,Week5,Broyhill Crest,Week3,367.0 Forest Hollow - 35.0 Broyhill Crest
Fox Hunt,Week2,Ilda Community,Week2,280.0 Fox Hunt - 122.0 Ilda Community
Forest Hollow,Week3,Donaldson Run,Week1,268.0 Donaldson Run - 134.0 Forest Hollow
Forest Hollow,Week3,Hamlet,Week5,285.0 Hamlet - 117.0 Forest Hollow
Forest Hollow,Week2,Donaldson Run,Week3,284.0 Donaldson Run - 118.0 Forest Hollow
Fairfax Station,Week1,Mosby Woods,Week5,207.5 Mosby Woods - 194.5 Fairfax Station
Fairfax Station,Week4,Poplar Heights,Week5,225.0 Fairfax Station - 177.0 Poplar Heights
Forest Hollow,Week3,Burke Station,Week2,305.0 Forest Hollow - 97.0 Burke Station
Fox Hunt,Week1,Kent Gardens,Week3,205.0 Fox Hunt - 197.0 Kent Gardens
Fairfax Station,Week3,Parklawn,Week4,306.0 Fairfax Station - 95.0 Parklawn
Fox Hunt,Week4,Greenbriar,Week4,204.0 Fox Hunt - 198.0 Greenbriar
Fairfax Station,Week3,Poplar Heights,Week3,274.0 Fairfax Station - 128.0 Poplar Heights
Fairfax Station,Week4,Poplar Heights,Week4,232.0 Fairfax Station - 170.0 Poplar Heights
Fox Hunt,Week5,Great Falls,Week3,209.0 Fox Hunt - 193.0 Great Falls
Fox Hunt,Week2,Greenbriar,Week5,208.0 Fox Hunt - 194.0 Greenbriar
Fairfax Station,Week5,Parklawn,Week1,331.0 Fairfax Station - 62.0 Parklawn
Fairfax Station,Week5,Parklawn,Week3,331.0 Fairfax Station - 71.0 Parklawn
Forest Hollow,Week5,Broyhill Crest,Week2,357.0 Forest Hollow - 45.0 Broyhill Crest
Fairfax Station,Week5,McLean,Week5,222.0 McLean - 180.0 Fairfax Station
Forest Hollow,Week4,Dominion Hills,Week1,241.0 Forest Hollow - 161.0 Dominion Hills
Fox Hunt,Week1,Kent Gardens,Week2,205.0 Kent Gardens - 197.0 Fox Hunt
Forest Hollow,Week1,Hayfield Farm,Week3,207.0 Hayfield Farm - 195.0 Forest Hollow
Fox Hunt,Week1,Kent Gardens,Week1,209.0 Kent Gardens - 193.0 Fox Hunt
Fox Hunt,Week3,Greenbriar,Week1,206.0 Fox Hunt - 196.0 Greenbriar
Fairfax Station,Week1,Mosby Woods,Week3,206.0 Mosby Woods - 196.0 Fairfax Station
Forest Hollow,Week4,Hamlet,Week1,253.0 Hamlet - 149.0 Forest Hollow
Forest Hollow,Week4,Dominion Hills,Week2,229.0 Forest Hollow - 173.0 Dominion Hills
Forest Hollow,Week3,Hamlet,Week4,244.0 Hamlet - 158.0 Forest Hollow
Forest Hollow,Week1,Hayfield Farm,Week4,205.0 Forest Hollow - 197.0 Hayfield Farm
Forest Hollow,Week2,Burke Station,Week3,281.0 Forest Hollow - 116.0 Burke Station
Forest Hollow,Week2,Donaldson Run,Week4,291.5 Donaldson Run - 110.5 Forest Hollow
Fairfax Station,Week4,Poplar Heights,Week2,231.0 Fairfax Station - 171.0 Poplar Heights
Fairfax Station,Week1,Mosby Woods,Week2,208.0 Mosby Woods - 194.0 Fairfax Station
Fairfax Station,Week3,Poplar Heights,Week2,287.0 Fairfax Station - 115.0 Poplar Heights
Fox Hunt,Week2,Kent Gardens,Week2,210.0 Fox Hunt - 192.0 Kent Gardens
Fairfax Station,Week3,Poplar Heights,Week5,253.0 Fairfax Station - 149.0 Poplar Heights
Fairfax Station,Week2,Mosby Woods,Week3,203.0 Fairfax Station - 194.0 Mosby Woods
Fox Hunt,Week4,Greenbriar,Week5,204.0 Fox Hunt - 198.0 Greenbriar
Forest Hollow,Week5,Dominion Hills,Week1,258.0 Forest Hollow - 144.0 Dominion Hills
Forest Hollow,Week2,Camelot,Week5,229.5 Forest Hollow - 172.5 Camelot
Fox Hunt,Week5,Greenbriar,Week2,222.0 Greenbriar - 180.0 Fox Hunt
Fox Hunt,Week4,Ilda Community,Week1,286.0 Fox Hunt - 115.0 Ilda Community
Fairfax Station,Week5,Overlee,Week3,251.0 Overlee - 151.0 Fairfax Station
Fairfax Station,Week2,Mosby Woods,Week4,214.0 Fairfax Station - 188.0 Mosby Woods
Fairfax Station,Week2,Parklawn,Week2,315.0 Fairfax Station - 86.0 Parklawn
Fairfax Station,Week1,Mosby Woods,Week1,203.0 Fairfax Station - 199.0 Mosby Woods
Fairfax Station,Week5,Poplar Heights,Week2,279.0 Fairfax Station - 123.0 Poplar Heights
Fox Hunt,Week5,Great Falls,Week4,221.0 Fox Hunt - 180.0 Great Falls
Fairfax Station,Week2,Mosby Woods,Week1,205.0 Mosby Woods - 197.0 Fairfax Station
Fox Hunt,Week1,Greenbriar,Week1,227.0 Greenbriar - 175.0 Fox Hunt
Forest Hollow,Week5,Dominion Hills,Week4,226.0 Forest Hollow - 176.0 Dominion Hills
Fox Hunt,Week3,Kent Gardens,Week1,206.0 Fox Hunt - 196.0 Kent Gardens
Fairfax Station,Week5,Poplar Heights,Week1,287.0 Fairfax Station - 115.0 Poplar Heights
Fairfax Station,Week2,Parklawn,Week5,306.0 Fairfax Station - 95.0 Parklawn
Forest Hollow,Week4,Dominion Hills,Week3,241.0 Forest Hollow - 161.0 Dominion Hills
Forest Hollow,Week4,Burke Station,Week2,306.5 Forest Hollow - 94.5 Burke Station
Fox Hunt,Week2,Kent Gardens,Week4,215.0 Fox Hunt - 187.0 Kent Gardens
Forest Hollow,Week4,Camelot,Week5,240.0 Forest Hollow - 162.0 Camelot
Forest Hollow,Week5,Hamlet,Week3,251.5 Hamlet - 150.5 Forest Hollow
Forest Hollow,Week2,Camelot,Week1,226.0 Forest Hollow - 176.0 Camelot
Forest Hollow,Week4,Hamlet,Week4,260.0 Hamlet - 142.0 Forest Hollow
Fox Hunt,Week4,Ilda Community,Week5,267.0 Fox Hunt - 134.0 Ilda Community
Forest Hollow,Week2,Hayfield Farm,Week1,201.0 Forest Hollow - 201.0 Hayfield Farm
Forest Hollow,Week3,Donaldson Run,Week3,271.0 Donaldson Run - 131.0 Forest Hollow
Fox Hunt,Week3,Kent Gardens,Week2,244.0 Fox Hunt - 158.0 Kent Gardens
Forest Hollow,Week1,Donaldson Run,Week4,286.0 Donaldson Run - 116.0 Forest Hollow
Forest Hollow,Week4,Donaldson Run,Week1,254.0 Donaldson Run - 148.0 Forest Hollow
Forest Hollow,Week3,Hayfield Farm,Week2,223.0 Forest Hollow - 179.0 Hayfield Farm
Fairfax Station,Week5,Poplar Heights,Week3,273.0 Fairfax Station - 129.0 Poplar Heights
Forest Hollow,Week3,Donaldson Run,Week5,288.0 Donaldson Run - 114.0 Forest Hollow
Forest Hollow,Week2,Hayfield Farm,Week3,216.0 Hayfield Farm - 186.0 Forest Hollow
Fairfax Station,Week1,Mosby Woods,Week4,206.0 Fairfax Station - 196.0 Mosby Woods
Forest Hollow,Week2,Hayfield Farm,Week2,207.0 Forest Hollow - 195.0 Hayfield Farm
Fairfax Station,Week1,Poplar Tree,Week3,224.0 Fairfax Station - 178.0 Poplar Tree
Fairfax Station,Week5,Parklawn,Week5,311.0 Fairfax Station - 91.0 Parklawn
Fairfax Station,Week3,Mosby Woods,Week1,226.0 Fairfax Station - 176.0 Mosby Woods
Forest Hollow,Week3,Camelot,Week1,240.0 Forest Hollow - 162.0 Camelot
Fox Hunt,Week4,Greenbriar,Week3,226.5 Greenbriar - 175.5 Fox Hunt
Forest Hollow,Week1,Camelot,Week3,250.0 Forest Hollow - 152.0 Camelot
Fox Hunt,Week5,Ilda Community,Week2,316.0 Fox Hunt - 86.0 Ilda Community
Fairfax Station,Week1,Poplar Tree,Week1,212.0 Fairfax Station - 190.0 Poplar Tree
Fox Hunt,Week5,Greenbriar,Week3,201.0 Fox Hunt - 201.0 Greenbriar
Forest Hollow,Week3,Hayfield Farm,Week3,202.0 Hayfield Farm - 200.0 Forest Hollow
Forest Hollow,Week3,Camelot,Week3,250.0 Forest Hollow - 152.0 Camelot
Fairfax Station,Week3,Mosby Woods,Week2,218.0 Fairfax Station - 184.0 Mosby Woods
Fairfax Station,Week4,Parklawn,Week4,291.0 Fairfax Station - 110.0 Parklawn
Fox Hunt,Week2,Hamlet,Week3,305.0 Hamlet - 96.0 Fox Hunt
Fox Hunt,Week5,Ilda Community,Week3,302.0 Fox Hunt - 100.0 Ilda Community
Forest Hollow,Week1,Donaldson Run,Week2,269.0 Donaldson Run - 133.0 Forest Hollow
Fairfax Station,Week3,Parklawn,Week5,316.0 Fairfax Station - 86.0 Parklawn
Fairfax Station,Week2,Mosby Woods,Week2,211.0 Mosby Woods - 191.0 Fairfax Station
Fairfax Station,Week1,Poplar Tree,Week2,225.0 Fairfax Station - 177.0 Poplar Tree
Fairfax Station,Week4,Parklawn,Week2,305.0 Fairfax Station - 97.0 Parklawn
Fox Hunt,Week4,Ilda Community,Week3,284.0 Fox Hunt - 118.0 Ilda Community
Fox Hunt,Week2,Hamlet,Week2,312.0 Hamlet - 90.0 Fox Hunt
Forest Hollow,Week5,Burke Station,Week4,303.0 Forest Hollow - 99.0 Burke Station
Forest Hollow,Week1,Camelot,Week4,237.0 Forest Hollow - 165.0 Camelot
Forest Hollow,Week3,Camelot,Week5,240.0 Forest Hollow - 162.0 Camelot
Fox Hunt,Week3,Kent Gardens,Week3,236.0 Fox Hunt - 166.0 Kent Gardens
Fairfax Station,Week1,Poplar Tree,Week4,233.0 Fairfax Station - 169.0 Poplar Tree
Fox Hunt,Week3,Kent Gardens,Week4,230.0 Fox Hunt - 172.0 Kent Gardens
Forest Hollow,Week5,Burke Station,Week2,307.0 Forest Hollow - 94.0 Burke Station
Fox Hunt,Week1,Hamlet,Week1,299.0 Hamlet - 103.0 Fox Hunt
Fairfax Station,Week2,Mosby Woods,Week5,205.0 Mosby Woods - 197.0 Fairfax Station
Fox Hunt,Week5,Hamlet,Week1,273.0 Hamlet - 129.0 Fox Hunt
Fairfax Station,Week4,Parklawn,Week3,309.0 Fairfax Station - 93.0 Parklawn
Forest Hollow,Week5,Dominion Hills,Week5,218.5 Forest Hollow - 183.5 Dominion Hills
Forest Hollow,Week1,Donaldson Run,Week1,266.0 Donaldson Run - 136.0 Forest Hollow
Forest Hollow,Week5,Burke Station,Week5,286.0 Forest Hollow - 116.0 Burke Station
Fairfax Station,Week5,Parklawn,Week2,332.0 Fairfax Station - 70.0 Parklawn
Fox Hunt,Week4,Hamlet,Week4,276.0 Hamlet - 126.0 Fox Hunt
Fairfax Station,Week2,Poplar Tree,Week1,222.0 Fairfax Station - 180.0 Poplar Tree
Forest Hollow,Week3,Camelot,Week4,243.0 Forest Hollow - 159.0 Camelot
Fairfax Station,Week1,Parliament,Week4,271.0 Fairfax Station - 131.0 Parliament
Fairfax Station,Week2,Parliament,Week2,264.0 Fairfax Station - 138.0 Parliament
Fox Hunt,Week5,Kent Gardens,Week3,254.0 Fox Hunt - 148.0 Kent Gardens
Fairfax Station,Week2,Poplar Tree,Week2,230.0 Fairfax Station - 167.0 Poplar Tree
Forest Hollow,Week4,Dominion Hills,Week5,205.0 Dominion Hills - 197.0 Forest Hollow
Fox Hunt,Week4,Annandale,Week1,279.0 Fox Hunt - 122.0 Annandale
Fairfax Station,Week5,Poplar Heights,Week5,259.0 Fairfax Station - 143.0 Poplar Heights
Forest Hollow,Week1,Camelot,Week2,229.0 Forest Hollow - 173.0 Camelot
Forest Hollow,Week4,Hamlet,Week5,282.0 Hamlet - 120.0 Forest Hollow
Fox Hunt,Week2,Hamlet,Week1,292.0 Hamlet - 110.0 Fox Hunt
Forest Hollow,Week3,Hayfield Farm,Week1,207.0 Forest Hollow - 195.0 Hayfield Farm
Fairfax Station,Week5,Poplar Heights,Week4,270.0 Fairfax Station - 132.0 Poplar Heights
Fairfax Station,Week3,Parklawn,Week1,334.0 Fairfax Station - 59.0 Parklawn
Forest Hollow,Week1,Donaldson Run,Week5,290.5 Donaldson Run - 111.5 Forest Hollow
Fox Hunt,Week5,Hamlet,Week5,285.0 Hamlet - 117.0 Fox Hunt
Fox Hunt,Week3,Hamlet,Week3,282.0 Hamlet - 120.0 Fox Hunt
Fox Hunt,Week2,Kings Ridge ,Week1,293.0 Fox Hunt - 109.0 Kings Ridge
Fairfax Station,Week1,Poplar Tree,Week5,212.0 Poplar Tree - 190.0 Fairfax Station
Forest Hollow,Week2,Hayfield Farm,Week4,211.0 Hayfield Farm - 191.0 Forest Hollow
Fairfax Station,Week2,Parliament,Week3,256.5 Fairfax Station - 145.5 Parliament
Fox Hunt,Week4,Kent Gardens,Week2,233.0 Fox Hunt - 169.0 Kent Gardens
Forest Hollow,Week5,Dominion Hills,Week2,247.0 Forest Hollow - 155.0 Dominion Hills
Forest Hollow,Week4,Burke Station,Week5,277.5 Forest Hollow - 124.5 Burke Station
Forest Hollow,Week1,Hayfield Farm,Week1,216.0 Forest Hollow - 186.0 Hayfield Farm
Fox Hunt,Week2,Kings Ridge ,Week2,286.0 Fox Hunt - 115.0 Kings Ridge
Fairfax Station,Week5,Parklawn,Week4,317.0 Fairfax Station - 85.0 Parklawn
Forest Hollow,Week5,Hamlet,Week2,263.0 Hamlet - 139.0 Forest Hollow
Forest Hollow,Week4,Hamlet,Week2,277.0 Hamlet - 125.0 Forest Hollow
Forest Hollow,Week2,Donaldson Run,Week2,283.0 Donaldson Run - 119.0 Forest Hollow
Fox Hunt,Week2,Kent Gardens,Week3,204.0 Fox Hunt - 198.0 Kent Gardens
Fox Hunt,Week3,Hamlet,Week2,282.0 Hamlet - 120.0 Fox Hunt
Forest Hollow,Week4,Hayfield Farm,Week2,222.0 Forest Hollow - 180.0 Hayfield Farm
Fox Hunt,Week2,Kings Ridge ,Week4,269.0 Fox Hunt - 133.0 Kings Ridge
Forest Hollow,Week3,Donaldson Run,Week2,273.0 Donaldson Run - 129.0 Forest Hollow
Fox Hunt,Week4,Annandale,Week4,270.0 Fox Hunt - 132.0 Annandale
Fox Hunt,Week1,Hamlet,Week4,288.5 Hamlet - 113.5 Fox Hunt
Forest Hollow,Week4,Donaldson Run,Week2,263.0 Donaldson Run - 139.0 Forest Hollow
Fairfax Station,Week3,Parliament,Week3,276.0 Fairfax Station - 126.0 Parliament
Forest Hollow,Week2,Herndon,Week1,315.0 Forest Hollow - 87.0 Herndon
Forest Hollow,Week4,Hayfield Farm,Week3,206.0 Hayfield Farm - 196.0 Forest Hollow
Fairfax Station,Week3,Parliament,Week5,279.0 Fairfax Station - 123.0 Parliament
Fox Hunt,Week1,Kings Ridge ,Week1,275.0 Fox Hunt - 127.0 Kings Ridge
Forest Hollow,Week5,Burke Station,Week1,275.0 Forest Hollow - 103.0 Burke Station
Forest Hollow,Week2,Donaldson Run,Week1,272.0 Donaldson Run - 130.0 Forest Hollow
Fairfax Station,Week1,Parliament,Week3,258.0 Fairfax Station - 144.0 Parliament
Forest Hollow,Week1,Camelot,Week5,220.0 Forest Hollow - 182.0 Camelot
Fox Hunt,Week2,Kings Ridge ,Week3,267.0 Fox Hunt - 135.0 Kings Ridge
Fox Hunt,Week1,Hamlet,Week2,318.5 Hamlet - 83.5 Fox Hunt
Forest Hollow,Week4,Woodley,Week4,300.0 Forest Hollow - 102.0 Woodley
Fox Hunt,Week1,Hamlet,Week3,317.0 Hamlet - 85.0 Fox Hunt
Forest Hollow,Week5,Burke Station,Week3,289.0 Forest Hollow - 108.0 Burke Station
Forest Hollow,Week4,Herndon,Week1,338.0 Forest Hollow - 64.0 Herndon
Forest Hollow,Week4,Camelot,Week1,237.0 Forest Hollow - 165.0 Camelot
Forest Hollow,Week5,Herndon,Week3,334.0 Forest Hollow - 68.0 Herndon
Forest Hollow,Week5,Cardinal Hill,Week4,212.0 Cardinal Hill - 190.0 Forest Hollow
Forest Hollow,Week4,Woodley,Week5,292.0 Forest Hollow - 110.0 Woodley
Fox Hunt,Week3,Kings Ridge ,Week2,282.0 Fox Hunt - 120.0 Kings Ridge
Fox Hunt,Week3,Hamlet,Week4,269.0 Hamlet - 133.0 Fox Hunt
Fox Hunt,Week1,Annandale,Week3,258.0 Fox Hunt - 144.0 Annandale
Fox Hunt,Week3,Annandale,Week4,293.0 Fox Hunt - 109.0 Annandale
Fox Hunt,Week3,Annandale,Week2,281.0 Fox Hunt - 121.0 Annandale
Fox Hunt,Week3,Hamlet,Week5,288.0 Hamlet - 114.0 Fox Hunt
Fairfax Station,Week4,Parliament,Week1,239.0 Fairfax Station - 163.0 Parliament
Forest Hollow,Week5,Woodley,Week4,312.0 Forest Hollow - 90.0 Woodley
Fox Hunt,Week2,Kings Ridge ,Week5,245.0 Fox Hunt - 157.0 Kings Ridge
Forest Hollow,Week3,Burke Station,Week5,279.0 Forest Hollow - 123.0 Burke Station
Forest Hollow,Week5,Herndon,Week5,329.0 Forest Hollow - 73.0 Herndon
Fairfax Station,Week3,Parliament,Week1,251.0 Fairfax Station - 151.0 Parliament
Forest Hollow,Week5,Hayfield Farm,Week3,204.0 Forest Hollow - 198.0 Hayfield Farm
Forest Hollow,Week4,Burke Station,Week1,278.0 Forest Hollow - 100.0 Burke Station
Fox Hunt,Week2,Hamlet,Week4,283.0 Hamlet - 119.0 Fox Hunt
Fairfax Station,Week4,Parliament,Week2,253.0 Fairfax Station - 149.0 Parliament
Fox Hunt,Week1,Hamlet,Week5,329.0 Hamlet - 73.0 Fox Hunt
Forest Hollow,Week4,Camelot,Week2,227.0 Forest Hollow - 175.0 Camelot
Forest Hollow,Week3,Herndon,Week5,326.0 Forest Hollow - 76.0 Herndon
Fox Hunt,Week5,Kent Gardens,Week5,215.0 Kent Gardens - 187.0 Fox Hunt
Forest Hollow,Week3,Donaldson Run,Week4,275.0 Donaldson Run - 127.0 Forest Hollow
Fox Hunt,Week4,Kings Ridge ,Week3,274.0 Fox Hunt - 127.0 Kings Ridge
Forest Hollow,Week3,Cardinal Hill,Week4,219.0 Cardinal Hill - 183.0 Forest Hollow
Forest Hollow,Week5,Dominion Hills,Week3,261.0 Forest Hollow - 141.0 Dominion Hills
Fairfax Station,Week4,Parliament,Week3,262.0 Fairfax Station - 140.0 Parliament
Forest Hollow,Week2,Camelot,Week4,227.0 Forest Hollow - 175.0 Camelot
Forest Hollow,Week3,Camelot,Week2,238.0 Forest Hollow - 164.0 Camelot
Fox Hunt,Week1,Annandale,Week1,262.0 Fox Hunt - 140.0 Annandale
Fairfax Station,Week5,Parliament,Week3,272.0 Fairfax Station - 130.0 Parliament
Fox Hunt,Week3,Hamlet,Week1,263.0 Hamlet - 139.0 Fox Hunt
Forest Hollow,Week5,Hayfield Farm,Week5,241.0 Forest Hollow - 161.0 Hayfield Farm
Forest Hollow,Week1,Camelot,Week1,234.0 Forest Hollow - 168.0 Camelot
Fox Hunt,Week5,Kent Gardens,Week1,220.0 Fox Hunt - 182.0 Kent Gardens
Forest Hollow,Week3,Herndon,Week2,333.0 Forest Hollow - 69.0 Herndon
Forest Hollow,Week4,Burke Station,Week4,307.0 Forest Hollow - 95.0 Burke Station
Forest Hollow,Week5,Hayfield Farm,Week4,220.0 Forest Hollow - 182.0 Hayfield Farm
Fox Hunt,Week1,Hayfield Farm,Week3,219.0 Hayfield Farm - 183.0 Fox Hunt
Forest Hollow,Week1,Herndon,Week2,329.0 Forest Hollow - 73.0 Herndon
Forest Hollow,Week5,Hayfield Farm,Week2,238.0 Forest Hollow - 164.0 Hayfield Farm
Forest Hollow,Week1,Chesterbrook,Week2,330.5 Chesterbrook - 71.5 Forest Hollow
Forest Hollow,Week5,Woodley,Week1,309.0 Forest Hollow - 93.0 Woodley
Forest Hollow,Week2,Cardinal Hill,Week1,250.0 Cardinal Hill - 152.0 Forest Hollow
Fox Hunt,Week5,Hamlet,Week2,283.0 Hamlet - 119.0 Fox Hunt
Fox Hunt,Week1,Kings Ridge ,Week3,261.0 Fox Hunt - 140.0 Kings Ridge
Forest Hollow,Week4,Woodley,Week3,298.0 Forest Hollow - 104.0 Woodley
Forest Hollow,Week1,Herndon,Week4,324.0 Forest Hollow - 78.0 Herndon
Fox Hunt,Week3,Kings Ridge ,Week4,282.5 Fox Hunt - 119.5 Kings Ridge
Fairfax Station,Week5,Parliament,Week5,277.0 Fairfax Station - 125.0 Parliament
Fairfax Station,Week5,Parliament,Week1,271.0 Fairfax Station - 131.0 Parliament
Forest Hollow,Week2,Chesterbrook,Week2,338.0 Chesterbrook - 64.0 Forest Hollow
Fox Hunt,Week3,Kings Ridge ,Week3,279.0 Fox Hunt - 122.0 Kings Ridge
Fairfax Station,Week1,Parliament,Week5,262.0 Fairfax Station - 140.0 Parliament
Fox Hunt,Week5,Hamlet,Week3,284.0 Hamlet - 118.0 Fox Hunt
Forest Hollow,Week4,Woodley,Week2,302.0 Forest Hollow - 100.0 Woodley
Fox Hunt,Week2,Hayfield Farm,Week3,210.0 Hayfield Farm - 191.0 Fox Hunt
Forest Hollow,Week2,Herndon,Week4,307.0 Forest Hollow - 95.0 Herndon
Forest Hollow,Week4,Camelot,Week3,254.0 Forest Hollow - 148.0 Camelot
Fox Hunt,Week4,Kent Gardens,Week5,226.0 Kent Gardens - 176.0 Fox Hunt
Forest Hollow,Week2,Cardinal Hill,Week3,260.0 Cardinal Hill - 142.0 Forest Hollow
Fox Hunt,Week2,Annandale,Week1,274.0 Fox Hunt - 127.0 Annandale
Forest Hollow,Week3,Chesterbrook,Week1,317.0 Chesterbrook - 85.0 Forest Hollow
Fox Hunt,Week2,Hayfield Farm,Week4,218.0 Hayfield Farm - 184.0 Fox Hunt
Forest Hollow,Week2,Cardinal Hill,Week2,224.0 Cardinal Hill - 178.0 Forest Hollow
Fox Hunt,Week2,Annandale,Week5,261.0 Fox Hunt - 141.0 Annandale
Fox Hunt,Week1,Kings Ridge ,Week4,249.0 Fox Hunt - 153.0 Kings Ridge
Fox Hunt,Week1,Annandale,Week2,253.0 Fox Hunt - 149.0 Annandale
Fox Hunt,Week3,Kings Ridge ,Week1,297.0 Fox Hunt - 105.0 Kings Ridge
Fairfax Station,Week4,Parliament,Week4,268.0 Fairfax Station - 134.0 Parliament
Forest Hollow,Week2,Chesterbrook,Week4,334.0 Chesterbrook - 68.0 Forest Hollow
Forest Hollow,Week4,Burke Station,Week3,287.0 Forest Hollow - 110.0 Burke Station
Fox Hunt,Week4,Hamlet,Week1,275.0 Hamlet - 127.0 Fox Hunt
Forest Hollow,Week2,Camelot,Week3,235.0 Forest Hollow - 167.0 Camelot
Fairfax Station,Week4,Parliament,Week5,261.0 Fairfax Station - 141.0 Parliament
Forest Hollow,Week5,Cardinal Hill,Week3,248.0 Cardinal Hill - 154.0 Forest Hollow
Fairfax Station,Week2,Parliament,Week5,256.0 Fairfax Station - 146.0 Parliament
Fox Hunt,Week1,Kings Ridge ,Week2,274.0 Fox Hunt - 128.0 Kings Ridge
Forest Hollow,Week3,Herndon,Week1,334.0 Forest Hollow - 67.0 Herndon
Forest Hollow,Week2,Herndon,Week5,294.0 Forest Hollow - 108.0 Herndon
Fairfax Station,Week5,Parliament,Week4,286.0 Fairfax Station - 116.0 Parliament
Fox Hunt,Week3,Kings Ridge ,Week5,276.0 Fox Hunt - 126.0 Kings Ridge
Forest Hollow,Week3,Cardinal Hill,Week1,227.0 Cardinal Hill - 175.0 Forest Hollow
Fox Hunt,Week4,Hamlet,Week2,289.0 Hamlet - 113.0 Fox Hunt
Forest Hollow,Week5,Canterbury Woods,Week3,273.0 Forest Hollow - 129.0 Canterbury Woods
Fox Hunt,Week2,Annandale,Week4,275.0 Fox Hunt - 126.0 Annandale
Fairfax Station,Week5,Parliament,Week2,274.0 Fairfax Station - 128.0 Parliament
Fairfax Station,Week1,Parliament,Week2,260.0 Fairfax Station - 142.0 Parliament
Forest Hollow,Week5,Canterbury Woods,Week1,284.0 Forest Hollow - 118.0 Canterbury Woods
Forest Hollow,Week1,Cardinal Hill,Week5,245.0 Cardinal Hill - 157.0 Forest Hollow
Forest Hollow,Week5,Woodley,Week5,293.0 Forest Hollow - 109.0 Woodley
Fox Hunt,Week3,Annandale,Week5,277.0 Fox Hunt - 125.0 Annandale
Forest Hollow,Week2,Cardinal Hill,Week5,237.0 Cardinal Hill - 165.0 Forest Hollow
Forest Hollow,Week4,Camelot,Week4,252.0 Forest Hollow - 150.0 Camelot
Fox Hunt,Week1,Kings Ridge ,Week5,224.0 Fox Hunt - 178.0 Kings Ridge
Fox Hunt,Week4,Hamlet,Week3,288.0 Hamlet - 114.0 Fox Hunt
Fox Hunt,Week5,Greenbriar,Week5,223.0 Fox Hunt - 179.0 Greenbriar
Fox Hunt,Week2,Hamlet,Week5,306.0 Hamlet - 96.0 Fox Hunt
Forest Hollow,Week4,Canterbury Woods,Week1,271.0 Forest Hollow - 131.0 Canterbury Woods
Fairfax Station,Week2,Parliament,Week4,269.0 Fairfax Station - 133.0 Parliament
Fox Hunt,Week5,Kent Gardens,Week2,257.0 Fox Hunt - 145.0 Kent Gardens
Fairfax Station,Week3,Parliament,Week2,269.0 Fairfax Station - 132.0 Parliament
Fox Hunt,Week1,Hayfield Farm,Week2,202.0 Fox Hunt - 200.0 Hayfield Farm
Forest Hollow,Week5,Camelot,Week3,260.0 Forest Hollow - 142.0 Camelot
Forest Hollow,Week2,Cardinal Hill,Week4,225.0 Cardinal Hill - 177.0 Forest Hollow
Fox Hunt,Week5,Hamlet,Week4,261.0 Hamlet - 141.0 Fox Hunt
Forest Hollow,Week3,Herndon,Week4,329.0 Forest Hollow - 73.0 Herndon
Forest Hollow,Week4,Cardinal Hill,Week1,228.0 Cardinal Hill - 174.0 Forest Hollow
Forest Hollow,Week4,Hayfield Farm,Week5,226.0 Forest Hollow - 176.0 Hayfield Farm
Forest Hollow,Week2,Canterbury Woods,Week2,257.0 Forest Hollow - 145.0 Canterbury Woods
Fox Hunt,Week1,Annandale,Week4,270.5 Fox Hunt - 131.5 Annandale
Forest Hollow,Week5,Woodley,Week3,311.0 Forest Hollow - 91.0 Woodley
Fairfax Station,Week3,Parliament,Week4,283.0 Fairfax Station - 119.0 Parliament
Fox Hunt,Week5,Greenbriar,Week4,213.0 Fox Hunt - 189.0 Greenbriar
Forest Hollow,Week3,Canterbury Woods,Week1,268.0 Forest Hollow - 134.0 Canterbury Woods
Fox Hunt,Week4,Kent Gardens,Week4,202.0 Kent Gardens - 200.0 Fox Hunt
Fox Hunt,Week4,Kent Gardens,Week1,208.0 Kent Gardens - 194.0 Fox Hunt
Fox Hunt,Week4,Kings Ridge ,Week1,285.0 Fox Hunt - 117.0 Kings Ridge
Forest Hollow,Week5,Woodley,Week2,302.0 Forest Hollow - 100.0 Woodley
Forest Hollow,Week3,Cardinal Hill,Week5,226.0 Cardinal Hill - 176.0 Forest Hollow
Fox Hunt,Week2,Annandale,Week2,254.0 Fox Hunt - 147.0 Annandale
Forest Hollow,Week4,Herndon,Week2,345.0 Forest Hollow - 57.0 Herndon
Forest Hollow,Week3,Herndon,Week3,322.0 Forest Hollow - 80.0 Herndon
Forest Hollow,Week5,Hayfield Farm,Week1,233.0 Forest Hollow - 169.0 Hayfield Farm
Fairfax Station,Week2,Parliament,Week1,242.0 Fairfax Station - 160.0 Parliament
Forest Hollow,Week4,Cardinal Hill,Week2,215.0 Cardinal Hill - 187.0 Forest Hollow
Fox Hunt,Week4,Hamlet,Week5,298.0 Hamlet - 104.0 Fox Hunt
Fox Hunt,Week4,Kent Gardens,Week3,225.0 Fox Hunt - 177.0 Kent Gardens
Fox Hunt,Week4,Annandale,Week2,259.0 Fox Hunt - 143.0 Annandale
Forest Hollow,Week1,Herndon,Week5,320.0 Forest Hollow - 82.0 Herndon
Fox Hunt,Week5,Lake Braddock,Week1,333.0 Fox Hunt - 69.0 Lake Braddock
Fox Hunt,Week3,Annandale,Week3,281.0 Fox Hunt - 116.0 Annandale
Fox Hunt,Week1,Lake Braddock,Week3,284.0 Fox Hunt - 118.0 Lake Braddock
Forest Hollow,Week4,Cardinal Hill,Week3,237.0 Cardinal Hill - 165.0 Forest Hollow
Fox Hunt,Week5,Arlington Forest,Week1,224.0 Fox Hunt - 178.0 Arlington Forest
Fox Hunt,Week1,Lake Braddock,Week2,275.0 Fox Hunt - 127.0 Lake Braddock
Forest Hollow,Week3,Canterbury Woods,Week4,232.0 Forest Hollow - 170.0 Canterbury Woods
Forest Hollow,Week4,Cardinal Hill,Week5,228.0 Cardinal Hill - 174.0 Forest Hollow
Fox Hunt,Week3,Annandale,Week1,293.0 Fox Hunt - 104.0 Annandale
Forest Hollow,Week5,Cardinal Hill,Week5,219.0 Cardinal Hill - 183.0 Forest Hollow
Fox Hunt,Week2,Hayfield Farm,Week1,201.0 Fox Hunt - 201.0 Hayfield Farm
Forest Hollow,Week5,Camelot,Week4,264.0 Forest Hollow - 138.0 Camelot
Fox Hunt,Week4,Lake Braddock,Week4,293.0 Fox Hunt - 108.0 Lake Braddock
Forest Hollow,Week1,Canterbury Woods,Week4,229.0 Forest Hollow - 173.0 Canterbury Woods
Fox Hunt,Week2,Hayfield Farm,Week5,202.0 Fox Hunt - 200.0 Hayfield Farm
Forest Hollow,Week5,Camelot,Week5,250.0 Forest Hollow - 152.0 Camelot
Forest Hollow,Week4,Herndon,Week4,332.0 Forest Hollow - 70.0 Herndon
Fox Hunt,Week1,Hayfield Farm,Week5,205.0 Hayfield Farm - 197.0 Fox Hunt
Fox Hunt,Week4,Annandale,Week3,265.0 Fox Hunt - 137.0 Annandale
Fox Hunt,Week5,Kent Gardens,Week4,243.0 Fox Hunt - 159.0 Kent Gardens
Forest Hollow,Week5,Cardinal Hill,Week1,220.0 Cardinal Hill - 182.0 Forest Hollow
Fox Hunt,Week4,Kings Ridge ,Week2,291.0 Fox Hunt - 110.0 Kings Ridge
Fox Hunt,Week3,Hayfield Farm,Week2,217.0 Fox Hunt - 185.0 Hayfield Farm
Forest Hollow,Week4,Herndon,Week5,326.0 Forest Hollow - 76.0 Herndon
Forest Hollow,Week1,Herndon,Week3,322.0 Forest Hollow - 80.0 Herndon
Fox Hunt,Week2,Lake Braddock,Week2,292.0 Fox Hunt - 109.0 Lake Braddock
Forest Hollow,Week2,Canterbury Woods,Week4,222.0 Forest Hollow - 180.0 Canterbury Woods
Forest Hollow,Week1,Cardinal Hill,Week4,228.0 Cardinal Hill - 174.0 Forest Hollow
Fox Hunt,Week1,Annandale,Week5,246.0 Fox Hunt - 156.0 Annandale
Forest Hollow,Week5,Camelot,Week2,240.0 Forest Hollow - 162.0 Camelot
Fox Hunt,Week5,Annandale,Week2,288.0 Fox Hunt - 114.0 Annandale
Forest Hollow,Week5,Herndon,Week1,342.0 Forest Hollow - 60.0 Herndon
Forest Hollow,Week2,Herndon,Week2,315.0 Forest Hollow - 87.0 Herndon
Fox Hunt,Week2,Hayfield Farm,Week2,203.0 Fox Hunt - 199.0 Hayfield Farm
Fox Hunt,Week1,Hayfield Farm,Week4,230.0 Hayfield Farm - 172.0 Fox Hunt
Forest Hollow,Week3,Cardinal Hill,Week3,255.0 Cardinal Hill - 147.0 Forest Hollow
Forest Hollow,Week2,Canterbury Woods,Week5,251.0 Forest Hollow - 151.0 Canterbury Woods
Forest Hollow,Week1,Herndon,Week1,326.0 Forest Hollow - 76.0 Herndon
Fox Hunt,Week3,Hayfield Farm,Week4,215.0 Fox Hunt - 187.0 Hayfield Farm
Forest Hollow,Week5,Camelot,Week1,256.0 Forest Hollow - 146.0 Camelot
Fox Hunt,Week2,Annandale,Week3,262.0 Fox Hunt - 140.0 Annandale
Forest Hollow,Week2,Herndon,Week3,302.0 Forest Hollow - 100.0 Herndon
Forest Hollow,Week1,Chesterbrook,Week1,317.0 Chesterbrook - 85.0 Forest Hollow
Forest Hollow,Week3,Canterbury Woods,Week2,269.0 Forest Hollow - 133.0 Canterbury Woods
Fox Hunt,Week5,Kings Ridge ,Week4,281.0 Fox Hunt - 121.0 Kings Ridge
Forest Hollow,Week1,Chesterbrook,Week4,326.0 Chesterbrook - 76.0 Forest Hollow
Fox Hunt,Week3,Hayfield Farm,Week1,220.0 Fox Hunt - 182.0 Hayfield Farm
Forest Hollow,Week2,Canterbury Woods,Week3,254.0 Forest Hollow - 143.0 Canterbury Woods
Forest Hollow,Week3,Canterbury Woods,Week5,262.0 Forest Hollow - 140.0 Canterbury Woods
Forest Hollow,Week5,Cardinal Hill,Week2,206.0 Forest Hollow - 196.0 Cardinal Hill
Fox Hunt,Week5,Kings Ridge ,Week1,301.0 Fox Hunt - 101.0 Kings Ridge
Forest Hollow,Week4,Cardinal Hill,Week4,221.0 Cardinal Hill - 181.0 Forest Hollow
Forest Hollow,Week3,Cardinal Hill,Week2,212.5 Cardinal Hill - 189.5 Forest Hollow
Fox Hunt,Week3,Arlington Forest,Week5,218.0 Arlington Forest - 184.0 Fox Hunt
Fox Hunt,Week1,Hayfield Farm,Week1,216.0 Hayfield Farm - 186.0 Fox Hunt
Fox Hunt,Week1,Arlington Forest,Week4,236.0 Arlington Forest - 166.0 Fox Hunt
Fox Hunt,Week4,Kings Ridge ,Week4,264.0 Fox Hunt - 138.0 Kings Ridge
Fox Hunt,Week3,Arlington Forest,Week2,229.0 Fox Hunt - 173.0 Arlington Forest
Forest Hollow,Week5,Herndon,Week2,337.0 Forest Hollow - 65.0 Herndon
Fox Hunt,Week5,Annandale,Week4,315.5 Fox Hunt - 86.5 Annandale
Fox Hunt,Week3,Hayfield Farm,Week3,205.0 Fox Hunt - 197.0 Hayfield Farm
Fox Hunt,Week1,Lake Braddock,Week4,272.0 Fox Hunt - 130.0 Lake Braddock
Forest Hollow,Week5,Herndon,Week4,336.0 Forest Hollow - 66.0 Herndon
Fox Hunt,Week4,Hayfield Farm,Week4,206.0 Hayfield Farm - 196.0 Fox Hunt
Forest Hollow,Week4,Herndon,Week3,335.0 Forest Hollow - 67.0 Herndon
Forest Hollow,Week1,Chesterbrook,Week5,336.0 Chesterbrook - 66.0 Forest Hollow
Forest Hollow,Week1,Canterbury Woods,Week3,251.0 Forest Hollow - 151.0 Canterbury Woods
Forest Hollow,Week4,Hiddenbrook,Week5,248.0 Forest Hollow - 154.0 Hiddenbrook
Fox Hunt,Week5,Kings Ridge ,Week5,279.0 Fox Hunt - 123.0 Kings Ridge
Fox Hunt,Week3,Hayfield Farm,Week5,221.0 Fox Hunt - 181.0 Hayfield Farm
Forest Hollow,Week2,Chesterbrook,Week1,326.0 Chesterbrook - 76.0 Forest Hollow
Fox Hunt,Week2,Arlington Forest,Week1,218.0 Arlington Forest - 184.0 Fox Hunt
Fox Hunt,Week5,Annandale,Week5,287.0 Fox Hunt - 115.0 Annandale
Fox Hunt,Week2,Arlington Forest,Week2,215.0 Fox Hunt - 187.0 Arlington Forest
Forest Hollow,Week4,Hiddenbrook,Week1,281.0 Forest Hollow - 121.0 Hiddenbrook
Forest Hollow,Week2,Commonwealth,Week3,255.0 Forest Hollow - 147.0 Commonwealth
Forest Hollow,Week2,Chesterbrook,Week3,357.0 Chesterbrook - 45.0 Forest Hollow
Fox Hunt,Week4,Hayfield Farm,Week2,206.0 Fox Hunt - 196.0 Hayfield Farm
Fox Hunt,Week2,Arlington Forest,Week4,241.0 Arlington Forest - 161.0 Fox Hunt
Forest Hollow,Week4,Hiddenbrook,Week2,300.0 Forest Hollow - 101.0 Hiddenbrook
Forest Hollow,Week1,Hiddenbrook,Week1,249.0 Forest Hollow - 153.0 Hiddenbrook
Forest Hollow,Week2,Chesterbrook,Week5,338.0 Chesterbrook - 64.0 Forest Hollow
Forest Hollow,Week4,Canterbury Woods,Week2,268.0 Forest Hollow - 134.0 Canterbury Woods
Fox Hunt,Week2,Lake Braddock,Week4,285.0 Fox Hunt - 116.0 Lake Braddock
Fox Hunt,Week4,Hayfield Farm,Week1,203.0 Hayfield Farm - 199.0 Fox Hunt
Fox Hunt,Week5,Kings Ridge ,Week2,298.0 Fox Hunt - 103.0 Kings Ridge
Fox Hunt,Week1,Arlington Forest,Week2,203.0 Arlington Forest - 199.0 Fox Hunt
Forest Hollow,Week1,Canterbury Woods,Week1,260.0 Forest Hollow - 142.0 Canterbury Woods
Fox Hunt,Week4,Hayfield Farm,Week5,208.0 Fox Hunt - 194.0 Hayfield Farm
Fox Hunt,Week1,Lake Braddock,Week1,308.0 Fox Hunt - 94.0 Lake Braddock
Fox Hunt,Week2,Lake Braddock,Week5,270.5 Fox Hunt - 130.5 Lake Braddock
Fox Hunt,Week4,Hayfield Farm,Week3,217.0 Hayfield Farm - 184.0 Fox Hunt
Forest Hollow,Week2,Canterbury Woods,Week1,255.0 Forest Hollow - 147.0 Canterbury Woods
Forest Hollow,Week1,Canterbury Woods,Week5,252.0 Forest Hollow - 150.0 Canterbury Woods
Forest Hollow,Week1,Chesterbrook,Week3,343.0 Chesterbrook - 59.0 Forest Hollow
Forest Hollow,Week4,Canterbury Woods,Week3,268.0 Forest Hollow - 134.0 Canterbury Woods
Forest Hollow,Week1,Hiddenbrook,Week2,285.0 Forest Hollow - 116.0 Hiddenbrook
Fox Hunt,Week2,Lake Braddock,Week3,295.0 Fox Hunt - 105.0 Lake Braddock
Forest Hollow,Week5,Canterbury Woods,Week2,277.0 Forest Hollow - 125.0 Canterbury Woods
Forest Hollow,Week5,Chesterbrook,Week4,329.0 Chesterbrook - 73.0 Forest Hollow
Forest Hollow,Week1,Commonwealth,Week4,269.0 Forest Hollow - 133.0 Commonwealth
Forest Hollow,Week5,Hiddenbrook,Week3,266.0 Forest Hollow - 136.0 Hiddenbrook
Forest Hollow,Week3,Hiddenbrook,Week3,262.0 Forest Hollow - 140.0 Hiddenbrook
Fox Hunt,Week1,Arlington Forest,Week3,217.0 Fox Hunt - 185.0 Arlington Forest
Forest Hollow,Week5,Hiddenbrook,Week4,261.0 Forest Hollow - 141.0 Hiddenbrook
Forest Hollow,Week1,Canterbury Woods,Week2,263.0 Forest Hollow - 139.0 Canterbury Woods
Fox Hunt,Week4,Kings Ridge ,Week5,239.0 Fox Hunt - 163.0 Kings Ridge
Forest Hollow,Week1,Cardinal Hill,Week2,217.0 Cardinal Hill - 185.0 Forest Hollow
Forest Hollow,Week2,High Point Pool,Week2,239.0 High Point Pool - 163.0 Forest Hollow
Fox Hunt,Week5,Kings Ridge ,Week3,295.0 Fox Hunt - 107.0 Kings Ridge
Forest Hollow,Week3,Canterbury Woods,Week3,263.0 Forest Hollow - 139.0 Canterbury Woods
Forest Hollow,Week3,Chesterbrook,Week2,333.0 Chesterbrook - 69.0 Forest Hollow
Forest Hollow,Week2,Hiddenbrook,Week4,230.0 Forest Hollow - 172.0 Hiddenbrook
Fox Hunt,Week3,Lake Braddock,Week1,319.0 Fox Hunt - 78.0 Lake Braddock
Forest Hollow,Week4,Chesterbrook,Week3,345.0 Chesterbrook - 57.0 Forest Hollow
Forest Hollow,Week4,Chesterbrook,Week2,330.0 Chesterbrook - 72.0 Forest Hollow
Fox Hunt,Week1,Arlington Forest,Week1,218.0 Arlington Forest - 184.0 Fox Hunt
Fox Hunt,Week2,Lake Braddock,Week1,304.0 Fox Hunt - 98.0 Lake Braddock
Forest Hollow,Week4,Commonwealth,Week2,259.0 Forest Hollow - 143.0 Commonwealth
Forest Hollow,Week4,Canterbury Woods,Week4,230.0 Forest Hollow - 172.0 Canterbury Woods
Forest Hollow,Week4,Canterbury Woods,Week5,263.0 Forest Hollow - 138.0 Canterbury Woods
Fox Hunt,Week5,Hayfield Farm,Week2,237.0 Fox Hunt - 165.0 Hayfield Farm
Forest Hollow,Week5,Hiddenbrook,Week1,290.0 Forest Hollow - 112.0 Hiddenbrook
Forest Hollow,Week1,Cardinal Hill,Week1,244.0 Cardinal Hill - 158.0 Forest Hollow
Fox Hunt,Week5,Annandale,Week1,301.0 Fox Hunt - 100.0 Annandale
Fox Hunt,Week2,Arlington Forest,Week3,217.0 Fox Hunt - 185.0 Arlington Forest
Forest Hollow,Week1,Cardinal Hill,Week3,262.0 Cardinal Hill - 140.0 Forest Hollow
Fox Hunt,Week3,Lake Braddock,Week5,280.0 Fox Hunt - 122.0 Lake Braddock
Fox Hunt,Week1,Lake Braddock,Week5,270.0 Fox Hunt - 132.0 Lake Braddock
Forest Hollow,Week3,Hiddenbrook,Week4,254.0 Forest Hollow - 148.0 Hiddenbrook
Fox Hunt,Week5,Hayfield Farm,Week1,219.0 Fox Hunt - 183.0 Hayfield Farm
Forest Hollow,Week1,Hiddenbrook,Week5,225.0 Forest Hollow - 177.0 Hiddenbrook
Fox Hunt,Week1,Arlington Forest,Week5,240.0 Arlington Forest - 162.0 Fox Hunt
Fox Hunt,Week4,Arlington Forest,Week4,220.0 Arlington Forest - 182.0 Fox Hunt
Forest Hollow,Week3,Commonwealth,Week1,297.0 Forest Hollow - 104.0 Commonwealth
Forest Hollow,Week1,High Point Pool,Week1,205.0 Forest Hollow - 197.0 High Point Pool
Forest Hollow,Week2,Commonwealth,Week1,284.0 Forest Hollow - 118.0 Commonwealth
Fox Hunt,Week3,Arlington Forest,Week1,205.0 Fox Hunt - 192.0 Arlington Forest
Forest Hollow,Week5,Canterbury Woods,Week5,265.0 Forest Hollow - 136.0 Canterbury Woods
Fox Hunt,Week3,Lake Braddock,Week2,303.0 Fox Hunt - 99.0 Lake Braddock
Fox Hunt,Week5,Hayfield Farm,Week3,207.0 Fox Hunt - 194.0 Hayfield Farm
Fox Hunt,Week3,Lake Braddock,Week4,310.0 Fox Hunt - 92.0 Lake Braddock
Forest Hollow,Week2,Hiddenbrook,Week5,224.0 Forest Hollow - 178.0 Hiddenbrook
Fox Hunt,Week4,Arlington Forest,Week1,203.0 Fox Hunt - 199.0 Arlington Forest
Fox Hunt,Week3,Arlington Forest,Week4,208.0 Arlington Forest - 194.0 Fox Hunt
Forest Hollow,Week5,Chesterbrook,Week5,329.0 Chesterbrook - 73.0 Forest Hollow
Forest Hollow,Week5,Canterbury Woods,Week4,237.0 Forest Hollow - 165.0 Canterbury Woods
Forest Hollow,Week5,Annandale,Week4,303.0 Forest Hollow - 99.0 Annandale
Forest Hollow,Week4,Commonwealth,Week1,305.0 Forest Hollow - 97.0 Commonwealth
Fox Hunt,Week4,Lake Braddock,Week2,292.0 Fox Hunt - 109.0 Lake Braddock
Forest Hollow,Week2,Hiddenbrook,Week2,276.0 Forest Hollow - 126.0 Hiddenbrook
Forest Hollow,Week5,Annandale,Week1,312.0 Forest Hollow - 90.0 Annandale
Fox Hunt,Week3,Lake Braddock,Week3,301.0 Fox Hunt - 101.0 Lake Braddock
Fox Hunt,Week3,Arlington Forest,Week3,244.0 Fox Hunt - 158.0 Arlington Forest
Fox Hunt,Week4,Lake Braddock,Week3,287.0 Fox Hunt - 114.0 Lake Braddock
Forest Hollow,Week3,Hiddenbrook,Week2,288.0 Forest Hollow - 114.0 Hiddenbrook
Forest Hollow,Week4,Annandale,Week5,279.0 Forest Hollow - 123.0 Annandale
Forest Hollow,Week4,Chesterbrook,Week1,320.0 Chesterbrook - 82.0 Forest Hollow
Forest Hollow,Week4,Chesterbrook,Week4,322.0 Chesterbrook - 80.0 Forest Hollow
Fox Hunt,Week2,Arlington Forest,Week5,250.0 Arlington Forest - 152.0 Fox Hunt
Fox Hunt,Week4,Lake Braddock,Week1,302.0 Fox Hunt - 100.0 Lake Braddock
Forest Hollow,Week4,Annandale,Week3,283.0 Forest Hollow - 119.0 Annandale
Fox Hunt,Week4,Annandale,Week5,259.0 Fox Hunt - 143.0 Annandale
Forest Hollow,Week2,Hiddenbrook,Week1,260.0 Forest Hollow - 142.0 Hiddenbrook
Forest Hollow,Week1,Commonwealth,Week1,289.0 Forest Hollow - 112.0 Commonwealth
Forest Hollow,Week5,Hiddenbrook,Week5,244.0 Forest Hollow - 158.0 Hiddenbrook
Fox Hunt,Week4,Arlington Forest,Week2,213.0 Fox Hunt - 189.0 Arlington Forest
Forest Hollow,Week4,Arlington Forest,Week4,207.5 Arlington Forest - 194.5 Forest Hollow
Forest Hollow,Week3,Commonwealth,Week2,259.0 Forest Hollow - 143.0 Commonwealth
Fairfax Station,Week5,Orange Hunt,Week1,267.0 Fairfax Station - 135.0 Orange Hunt
Forest Hollow,Week1,Arlington Forest,Week3,231.0 Forest Hollow - 171.0 Arlington Forest
Fox Hunt,Week5,Arlington Forest,Week2,238.0 Fox Hunt - 164.0 Arlington Forest
Fox Hunt,Week4,Lake Braddock,Week5,270.0 Fox Hunt - 131.0 Lake Braddock
Fox Hunt,Week5,Lakevale Estates,Week3,234.0 Lakevale Estates - 168.0 Fox Hunt
Fairfax Station,Week4,Orange Hunt,Week3,238.0 Fairfax Station - 164.0 Orange Hunt
Forest Hollow,Week3,Arlington Forest,Week5,224.0 Arlington Forest - 178.0 Forest Hollow
Forest Hollow,Week1,High Point Pool,Week2,217.0 High Point Pool - 185.0 Forest Hollow
Fox Hunt,Week5,Arlington Forest,Week4,202.0 Arlington Forest - 200.0 Fox Hunt
Fox Hunt,Week1,Lakevale Estates,Week5,288.0 Lakevale Estates - 114.0 Fox Hunt
Fox Hunt,Week4,Arlington Forest,Week5,234.0 Arlington Forest - 168.0 Fox Hunt
Fox Hunt,Week4,Arlington Forest,Week3,219.0 Fox Hunt - 183.0 Arlington Forest
Forest Hollow,Week3,Chesterbrook,Week5,341.0 Chesterbrook - 61.0 Forest Hollow
Forest Hollow,Week2,Hiddenbrook,Week3,246.0 Forest Hollow - 156.0 Hiddenbrook
Forest Hollow,Week3,Hiddenbrook,Week5,236.0 Forest Hollow - 166.0 Hiddenbrook
Forest Hollow,Week5,Chesterbrook,Week1,319.0 Chesterbrook - 83.0 Forest Hollow
Fox Hunt,Week5,Annandale,Week3,302.0 Fox Hunt - 100.0 Annandale
Fairfax Station,Week2,Orange Hunt,Week5,233.0 Fairfax Station - 169.0 Orange Hunt
Fox Hunt,Week2,Lakevale Estates,Week2,259.0 Lakevale Estates - 143.0 Fox Hunt
Forest Hollow,Week1,Commonwealth,Week2,262.0 Forest Hollow - 140.0 Commonwealth
Forest Hollow,Week4,Chesterbrook,Week5,325.0 Chesterbrook - 77.0 Forest Hollow
Fairfax Station,Week5,Old Keene Mill,Week5,315.0 Fairfax Station - 87.0 Old Keene Mill
Forest Hollow,Week3,Annandale,Week4,289.0 Forest Hollow - 113.0 Annandale
Forest Hollow,Week1,High Point Pool,Week3,206.0 High Point Pool - 196.0 Forest Hollow
Fox Hunt,Week1,Lakevale Estates,Week1,248.0 Lakevale Estates - 154.0 Fox Hunt
Forest Hollow,Week1,High Point Pool,Week4,220.0 High Point Pool - 182.0 Forest Hollow
Forest Hollow,Week3,Arlington Forest,Week2,231.0 Forest Hollow - 171.0 Arlington Forest
Forest Hollow,Week1,Hiddenbrook,Week4,234.0 Forest Hollow - 168.0 Hiddenbrook
Fox Hunt,Week3,Lakevale Estates,Week2,238.0 Lakevale Estates - 164.0 Fox Hunt
Fox Hunt,Week2,Lakevale Estates,Week3,255.0 Lakevale Estates - 147.0 Fox Hunt
Fox Hunt,Week5,Arlington Forest,Week3,257.0 Fox Hunt - 145.0 Arlington Forest
Fairfax Station,Week1,Orange Hunt,Week3,229.0 Fairfax Station - 173.0 Orange Hunt
Forest Hollow,Week5,Chesterbrook,Week3,357.0 Chesterbrook - 45.0 Forest Hollow
Forest Hollow,Week2,Commonwealth,Week2,233.0 Forest Hollow - 169.0 Commonwealth
Forest Hollow,Week4,Hiddenbrook,Week4,253.0 Forest Hollow - 149.0 Hiddenbrook
Forest Hollow,Week3,Chesterbrook,Week4,337.0 Chesterbrook - 65.0 Forest Hollow
Forest Hollow,Week5,Annandale,Week5,300.0 Forest Hollow - 102.0 Annandale
Fox Hunt,Week1,Brandywine,Week1,213.0 Fox Hunt - 189.0 Brandywine
Forest Hollow,Week1,Hiddenbrook,Week3,247.5 Forest Hollow - 154.5 Hiddenbrook
Forest Hollow,Week4,Hiddenbrook,Week3,275.0 Forest Hollow - 127.0 Hiddenbrook
Forest Hollow,Week4,Arlington Forest,Week3,246.0 Forest Hollow - 156.0 Arlington Forest
Forest Hollow,Week3,Hiddenbrook,Week1,276.0 Forest Hollow - 126.0 Hiddenbrook
Forest Hollow,Week1,Commonwealth,Week5,256.0 Forest Hollow - 146.0 Commonwealth
Fox Hunt,Week3,Lakevale Estates,Week4,266.0 Lakevale Estates - 136.0 Fox Hunt
Forest Hollow,Week1,Commonwealth,Week3,272.0 Forest Hollow - 130.0 Commonwealth
Forest Hollow,Week3,Chesterbrook,Week3,356.0 Chesterbrook - 46.0 Forest Hollow
Fox Hunt,Week5,Lake Braddock,Week2,321.0 Fox Hunt - 80.0 Lake Braddock
Forest Hollow,Week1,High Point Pool,Week5,214.0 High Point Pool - 188.0 Forest Hollow
Fox Hunt,Week3,Lakevale Estates,Week5,265.0 Lakevale Estates - 137.0 Fox Hunt
Forest Hollow,Week4,Arlington Forest,Week2,237.0 Forest Hollow - 165.0 Arlington Forest
Fairfax Station,Week4,Newington Forest,Week1,337.0 Fairfax Station - 65.0 Newington Forest
Fairfax Station,Week4,Orange Hunt,Week1,253.0 Fairfax Station - 149.0 Orange Hunt
Forest Hollow,Week1,Arlington Forest,Week1,216.0 Forest Hollow - 186.0 Arlington Forest
Forest Hollow,Week5,Chesterbrook,Week2,327.0 Chesterbrook - 75.0 Forest Hollow
Fairfax Station,Week2,Orange Hunt,Week4,250.0 Fairfax Station - 147.0 Orange Hunt
Fox Hunt,Week1,Brandywine,Week4,214.0 Brandywine - 188.0 Fox Hunt
Forest Hollow,Week1,Arlington Forest,Week2,227.0 Forest Hollow - 175.0 Arlington Forest
Fox Hunt,Week1,Brandywine,Week3,203.0 Brandywine - 199.0 Fox Hunt
Fairfax Station,Week4,Old Keene Mill,Week5,287.5 Fairfax Station - 114.5 Old Keene Mill
Fox Hunt,Week2,Lakevale Estates,Week5,279.5 Lakevale Estates - 122.5 Fox Hunt
Forest Hollow,Week2,Commonwealth,Week5,249.0 Forest Hollow - 153.0 Commonwealth
Fairfax Station,Week3,Orange Hunt,Week1,272.0 Fairfax Station - 130.0 Orange Hunt
Fairfax Station,Week2,Overlee,Week2,282.0 Overlee - 120.0 Fairfax Station
Fox Hunt,Week5,Arlington Forest,Week5,213.0 Arlington Forest - 189.0 Fox Hunt
Forest Hollow,Week4,Annandale,Week2,276.0 Forest Hollow - 126.0 Annandale
Forest Hollow,Week3,Commonwealth,Week3,274.0 Forest Hollow - 128.0 Commonwealth
Forest Hollow,Week2,High Point Pool,Week1,203.0 High Point Pool - 199.0 Forest Hollow
Fox Hunt,Week1,Brandywine,Week2,202.0 Brandywine - 200.0 Fox Hunt
Fox Hunt,Week2,Lakevale Estates,Week4,268.0 Lakevale Estates - 134.0 Fox Hunt
Fox Hunt,Week1,Brandywine,Week5,228.0 Brandywine - 174.0 Fox Hunt
Fairfax Station,Week5,Old Keene Mill,Week2,339.0 Fairfax Station - 63.0 Old Keene Mill
Fairfax Station,Week1,Overlee,Week5,301.0 Overlee - 101.0 Fairfax Station
Forest Hollow,Week2,Arlington Forest,Week3,224.0 Forest Hollow - 178.0 Arlington Forest
Forest Hollow,Week1,Stratford,Week2,265.0 Forest Hollow - 137.0 Stratford
Fox Hunt,Week1,Lakevale Estates,Week4,288.0 Lakevale Estates - 114.0 Fox Hunt
Forest Hollow,Week5,Hiddenbrook,Week2,291.0 Forest Hollow - 110.0 Hiddenbrook
Fox Hunt,Week5,Lake Braddock,Week5,301.0 Fox Hunt - 100.0 Lake Braddock
Forest Hollow,Week1,Arlington Forest,Week5,223.0 Arlington Forest - 179.0 Forest Hollow
Forest Hollow,Week2,Stratford,Week1,256.0 Forest Hollow - 141.0 Stratford
Fox Hunt,Week3,Lakevale Estates,Week3,247.0 Lakevale Estates - 150.0 Fox Hunt
Forest Hollow,Week1,Sully Station,Week1,265.0 Sully Station - 137.0 Forest Hollow
Forest Hollow,Week3,Commonwealth,Week5,266.0 Forest Hollow - 136.0 Commonwealth
Fairfax Station,Week4,Newington Forest,Week2,335.0 Fairfax Station - 67.0 Newington Forest
Fairfax Station,Week1,Orange Hunt,Week4,246.0 Fairfax Station - 156.0 Orange Hunt
Forest Hollow,Week3,Annandale,Week5,272.0 Forest Hollow - 130.0 Annandale
Fox Hunt,Week4,Lakevale Estates,Week1,254.0 Lakevale Estates - 148.0 Fox Hunt
Forest Hollow,Week1,Stratford,Week1,268.0 Forest Hollow - 134.0 Stratford
Forest Hollow,Week1,Brandywine,Week3,214.0 Forest Hollow - 188.0 Brandywine
Forest Hollow,Week3,High Point Pool,Week2,217.0 High Point Pool - 185.0 Forest Hollow
Fox Hunt,Week5,Lake Braddock,Week3,317.0 Fox Hunt - 84.0 Lake Braddock
Forest Hollow,Week3,High Point Pool,Week3,214.0 High Point Pool - 188.0 Forest Hollow
Fairfax Station,Week2,North Springfield,Week5,307.0 Fairfax Station - 67.0 North Springfield
Forest Hollow,Week3,Commonwealth,Week4,276.0 Forest Hollow - 126.0 Commonwealth
Forest Hollow,Week3,High Point Pool,Week1,202.0 Forest Hollow - 200.0 High Point Pool
Fairfax Station,Week5,Old Keene Mill,Week1,345.0 Fairfax Station - 57.0 Old Keene Mill
Fairfax Station,Week2,Orange Hunt,Week2,253.0 Fairfax Station - 149.0 Orange Hunt
Fairfax Station,Week5,Newington Forest,Week5,311.0 Fairfax Station - 91.0 Newington Forest
Forest Hollow,Week5,Annandale,Week3,291.0 Forest Hollow - 111.0 Annandale
Forest Hollow,Week4,Annandale,Week1,306.0 Forest Hollow - 96.0 Annandale
Forest Hollow,Week4,High Point Pool,Week3,213.0 High Point Pool - 189.0 Forest Hollow
Forest Hollow,Week2,High Point Pool,Week3,219.0 High Point Pool - 183.0 Forest Hollow
Fox Hunt,Week3,Lakevale Estates,Week1,249.0 Lakevale Estates - 148.0 Fox Hunt
Forest Hollow,Week4,High Point Pool,Week1,204.0 High Point Pool - 198.0 Forest Hollow
Forest Hollow,Week3,High Point Pool,Week5,216.0 High Point Pool - 186.0 Forest Hollow
Forest Hollow,Week3,Stratford,Week1,280.0 Forest Hollow - 122.0 Stratford
Fox Hunt,Week4,Lakevale Estates,Week4,280.0 Lakevale Estates - 122.0 Fox Hunt
Forest Hollow,Week2,Commonwealth,Week4,250.0 Forest Hollow - 152.0 Commonwealth
Forest Hollow,Week4,Annandale,Week4,296.0 Forest Hollow - 106.0 Annandale
Fairfax Station,Week1,Orange Hunt,Week2,247.0 Fairfax Station - 155.0 Orange Hunt
Fairfax Station,Week4,Orange Hunt,Week5,232.0 Fairfax Station - 170.0 Orange Hunt
Forest Hollow,Week2,Cottontail,Week1,214.0 Forest Hollow - 188.0 Cottontail
Fox Hunt,Week4,Lakevale Estates,Week2,252.5 Lakevale Estates - 149.5 Fox Hunt
Forest Hollow,Week4,Stratford,Week1,289.0 Forest Hollow - 113.0 Stratford
Forest Hollow,Week2,Stratford,Week4,241.0 Forest Hollow - 161.0 Stratford
Fairfax Station,Week5,Old Keene Mill,Week4,349.0 Fairfax Station - 53.0 Old Keene Mill
Forest Hollow,Week4,Cottontail,Week4,253.0 Forest Hollow - 149.0 Cottontail
Fairfax Station,Week1,North Springfield,Week5,303.0 Fairfax Station - 70.0 North Springfield
Fairfax Station,Week5,Newington Forest,Week1,351.0 Fairfax Station - 51.0 Newington Forest
Fairfax Station,Week2,Orange Hunt,Week3,243.0 Fairfax Station - 159.0 Orange Hunt
Forest Hollow,Week2,Stratford,Week3,247.0 Forest Hollow - 155.0 Stratford
Forest Hollow,Week1,Cottontail,Week4,221.0 Forest Hollow - 181.0 Cottontail
Forest Hollow,Week3,Arlington Forest,Week1,217.0 Forest Hollow - 185.0 Arlington Forest
Fairfax Station,Week3,North Springfield,Week4,349.0 Fairfax Station - 43.0 North Springfield
Fairfax Station,Week2,North Springfield,Week1,319.0 Fairfax Station - 32.0 North Springfield
Forest Hollow,Week5,Commonwealth,Week2,272.0 Forest Hollow - 130.0 Commonwealth
Fox Hunt,Week1,Lakevale Estates,Week2,277.0 Lakevale Estates - 125.0 Fox Hunt
Forest Hollow,Week5,Annandale,Week2,301.0 Forest Hollow - 101.0 Annandale
Fairfax Station,Week5,Old Keene Mill,Week3,342.0 Fairfax Station - 60.0 Old Keene Mill
Forest Hollow,Week5,Commonwealth,Week4,286.0 Forest Hollow - 116.0 Commonwealth
Forest Hollow,Week3,Stratford,Week2,278.0 Forest Hollow - 124.0 Stratford
Forest Hollow,Week2,Stratford,Week5,250.0 Forest Hollow - 152.0 Stratford
Forest Hollow,Week5,Commonwealth,Week3,286.0 Forest Hollow - 116.0 Commonwealth
Forest Hollow,Week4,High Point Pool,Week2,232.0 High Point Pool - 170.0 Forest Hollow
Forest Hollow,Week3,Cottontail,Week1,231.0 Forest Hollow - 171.0 Cottontail
Forest Hollow,Week2,Arlington Forest,Week2,215.0 Forest Hollow - 187.0 Arlington Forest
Forest Hollow,Week5,High Point Pool,Week3,212.0 Forest Hollow - 190.0 High Point Pool
Fairfax Station,Week4,Newington Forest,Week5,288.0 Fairfax Station - 114.0 Newington Forest
Fairfax Station,Week2,North Springfield,Week3,335.0 Fairfax Station - 62.0 North Springfield
Fairfax Station,Week4,Newington Forest,Week3,320.0 Fairfax Station - 82.0 Newington Forest
Fairfax Station,Week3,Orange Hunt,Week3,266.0 Fairfax Station - 136.0 Orange Hunt
Forest Hollow,Week1,Arlington Forest,Week4,217.0 Arlington Forest - 185.0 Forest Hollow
Forest Hollow,Week4,Commonwealth,Week4,276.5 Forest Hollow - 125.5 Commonwealth
Forest Hollow,Week4,Stratford,Week5,285.0 Forest Hollow - 117.0 Stratford
Fairfax Station,Week1,Orange Hunt,Week1,251.0 Fairfax Station - 151.0 Orange Hunt
Forest Hollow,Week5,High Point Pool,Week4,204.0 High Point Pool - 198.0 Forest Hollow
Forest Hollow,Week5,Commonwealth,Week5,280.0 Forest Hollow - 122.0 Commonwealth
Forest Hollow,Week3,Arlington Forest,Week4,205.0 Arlington Forest - 197.0 Forest Hollow
Forest Hollow,Week2,Arlington Forest,Week1,203.0 Arlington Forest - 199.0 Forest Hollow
Forest Hollow,Week3,Stratford,Week4,252.0 Forest Hollow - 150.0 Stratford
Forest Hollow,Week4,Cottontail,Week3,261.5 Forest Hollow - 140.5 Cottontail
Forest Hollow,Week2,Arlington Forest,Week4,216.0 Arlington Forest - 186.0 Forest Hollow
Fox Hunt,Week1,Lakevale Estates,Week3,262.0 Lakevale Estates - 140.0 Fox Hunt
Forest Hollow,Week4,High Point Pool,Week5,219.0 High Point Pool - 183.0 Forest Hollow
Fairfax Station,Week3,North Springfield,Week5,319.0 Fairfax Station - 55.0 North Springfield
Fairfax Station,Week3,Orange Hunt,Week4,272.0 Fairfax Station - 130.0 Orange Hunt
Fairfax Station,Week3,Orange Hunt,Week2,266.0 Fairfax Station - 136.0 Orange Hunt
Fairfax Station,Week2,Orange Hunt,Week1,258.0 Fairfax Station - 144.0 Orange Hunt
Fox Hunt,Week4,Lakevale Estates,Week5,276.0 Lakevale Estates - 126.0 Fox Hunt
Fox Hunt,Week4,Lakevale Estates,Week3,247.0 Lakevale Estates - 155.0 Fox Hunt
Forest Hollow,Week3,High Point Pool,Week4,206.0 High Point Pool - 196.0 Forest Hollow
Fairfax Station,Week2,North Springfield,Week2,334.0 Fairfax Station - 54.0 North Springfield
Forest Hollow,Week2,Arlington Forest,Week5,218.0 Arlington Forest - 184.0 Forest Hollow
Forest Hollow,Week4,Stratford,Week2,285.0 Forest Hollow - 117.0 Stratford
Forest Hollow,Week5,Stratford,Week2,297.0 Forest Hollow - 105.0 Stratford
Fox Hunt,Week5,Lake Braddock,Week4,310.0 Fox Hunt - 91.0 Lake Braddock
Forest Hollow,Week1,Cottontail,Week1,225.0 Forest Hollow - 177.0 Cottontail
Fox Hunt,Week5,Lakevale Estates,Week2,238.0 Lakevale Estates - 164.0 Fox Hunt
Forest Hollow,Week2,High Point Pool,Week5,230.0 High Point Pool - 172.0 Forest Hollow
Fairfax Station,Week1,North Springfield,Week4,338.0 Fairfax Station - 54.0 North Springfield
Forest Hollow,Week3,Arlington Forest,Week3,247.0 Forest Hollow - 155.0 Arlington Forest
Fairfax Station,Week1,Orange Hunt,Week5,222.0 Fairfax Station - 180.0 Orange Hunt
Forest Hollow,Week4,Stratford,Week4,254.0 Forest Hollow - 148.0 Stratford
Fox Hunt,Week2,Lakevale Estates,Week1,255.0 Lakevale Estates - 147.0 Fox Hunt
Forest Hollow,Week5,High Point Pool,Week1,224.0 Forest Hollow - 178.0 High Point Pool
Forest Hollow,Week3,Stratford,Week5,276.0 Forest Hollow - 126.0 Stratford
Forest Hollow,Week2,High Point Pool,Week4,224.0 High Point Pool - 178.0 Forest Hollow
Fox Hunt,Week5,Lakevale Estates,Week1,225.0 Lakevale Estates - 177.0 Fox Hunt
Fairfax Station,Week4,Newington Forest,Week4,305.0 Fairfax Station - 97.0 Newington Forest
Forest Hollow,Week4,Stratford,Week3,272.0 Forest Hollow - 130.0 Stratford
Forest Hollow,Week3,Cottontail,Week5,230.0 Forest Hollow - 172.0 Cottontail
Forest Hollow,Week4,Arlington Forest,Week1,212.0 Forest Hollow - 190.0 Arlington Forest
Forest Hollow,Week5,Springfield,Week4,373.0 Forest Hollow - 28.0 Springfield
Forest Hollow,Week4,Arlington Forest,Week5,227.0 Arlington Forest - 175.0 Forest Hollow
Forest Hollow,Week5,Springfield,Week5,376.0 Forest Hollow - 25.0 Springfield
Forest Hollow,Week5,Arlington Forest,Week2,253.0 Forest Hollow - 149.0 Arlington Forest
Fox Hunt,Week1,Lakeview,Week1,301.5 Fox Hunt - 100.5 Lakeview
Fairfax Station,Week4,Orange Hunt,Week2,249.0 Fairfax Station - 153.0 Orange Hunt
Fairfax Station,Week3,Orange Hunt,Week5,256.0 Fairfax Station - 146.0 Orange Hunt
Fairfax Station,Week5,Newington Forest,Week2,344.0 Fairfax Station - 58.0 Newington Forest
Fairfax Station,Week1,North Springfield,Week3,325.0 Fairfax Station - 72.0 North Springfield
Fairfax Station,Week5,Newington Forest,Week3,337.0 Fairfax Station - 65.0 Newington Forest
Fox Hunt,Week5,Lakevale Estates,Week4,257.0 Lakevale Estates - 145.0 Fox Hunt
Fox Hunt,Week5,Lakevale Estates,Week5,265.0 Lakevale Estates - 137.0 Fox Hunt
Forest Hollow,Week5,High Point Pool,Week2,218.0 High Point Pool - 184.0 Forest Hollow
Forest Hollow,Week4,High Point Pool,Week4,204.0 High Point Pool - 198.0 Forest Hollow
Forest Hollow,Week2,Cottontail,Week2,229.0 Forest Hollow - 173.0 Cottontail
Fairfax Station,Week4,Orange Hunt,Week4,263.0 Fairfax Station - 139.0 Orange Hunt
Forest Hollow,Week3,Cottontail,Week2,247.0 Forest Hollow - 155.0 Cottontail
Forest Hollow,Week5,Stratford,Week3,285.0 Forest Hollow - 117.0 Stratford
Fairfax Station,Week2,North Springfield,Week4,338.0 Fairfax Station - 54.0 North Springfield
Fox Hunt,Week1,Lakeview,Week4,250.0 Fox Hunt - 152.0 Lakeview
Forest Hollow,Week4,Lee Graham,Week1,264.5 Lee Graham - 137.5 Forest Hollow
Fox Hunt,Week1,Lakeview,Week5,257.0 Fox Hunt - 136.0 Lakeview
Forest Hollow,Week2,Cottontail,Week3,250.0 Forest Hollow - 152.0 Cottontail
Forest Hollow,Week5,Arlington Forest,Week3,260.0 Forest Hollow - 142.0 Arlington Forest
Forest Hollow,Week5,Stratford,Week1,297.0 Forest Hollow - 105.0 Stratford
Fairfax Station,Week5,Orange Hunt,Week4,275.0 Fairfax Station - 127.0 Orange Hunt
Forest Hollow,Week5,Arlington Forest,Week4,208.0 Forest Hollow - 194.0 Arlington Forest
Fairfax Station,Week3,North Springfield,Week3,334.0 Fairfax Station - 63.0 North Springfield
Forest Hollow,Week1,Brandywine,Week2,225.0 Forest Hollow - 177.0 Brandywine
Fox Hunt,Week1,Lakeview,Week3,260.0 Fox Hunt - 142.0 Lakeview
Forest Hollow,Week3,Lee Graham,Week5,283.0 Lee Graham - 119.0 Forest Hollow
Fox Hunt,Week1,Lakeview,Week2,286.0 Fox Hunt - 116.0 Lakeview
Fairfax Station,Week5,Orange Hunt,Week3,261.0 Fairfax Station - 141.0 Orange Hunt
Fairfax Station,Week5,Orange Hunt,Week5,252.0 Fairfax Station - 150.0 Orange Hunt
Forest Hollow,Week2,Stratford,Week2,267.0 Forest Hollow - 135.0 Stratford
Fairfax Station,Week1,North Springfield,Week2,331.0 Fairfax Station - 57.0 North Springfield
Forest Hollow,Week2,Cottontail,Week4,227.0 Forest Hollow - 175.0 Cottontail
Forest Hollow,Week1,Lincolnia Park,Week1,319.0 Forest Hollow - 82.0 Lincolnia Park
Forest Hollow,Week3,Stratford,Week3,266.0 Forest Hollow - 136.0 Stratford
Forest Hollow,Week3,Cottontail,Week4,245.0 Forest Hollow - 157.0 Cottontail
Fairfax Station,Week1,Overlee,Week2,287.0 Overlee - 115.0 Fairfax Station
Forest Hollow,Week1,Lee Graham,Week1,253.0 Lee Graham - 149.0 Forest Hollow
Forest Hollow,Week1,Brandywine,Week1,237.0 Forest Hollow - 165.0 Brandywine
Fairfax Station,Week3,North Springfield,Week1,320.0 Fairfax Station - 30.0 North Springfield
Forest Hollow,Week4,Cottontail,Week1,232.0 Forest Hollow - 170.0 Cottontail
Fairfax Station,Week3,North Springfield,Week2,348.0 Fairfax Station - 40.0 North Springfield
Forest Hollow,Week4,Lee Graham,Week5,281.0 Lee Graham - 121.0 Forest Hollow
Forest Hollow,Week4,Sully Station,Week4,240.0 Sully Station - 162.0 Forest Hollow
Fairfax Station,Week5,Orange Hunt,Week2,267.0 Fairfax Station - 135.0 Orange Hunt
Forest Hollow,Week5,Brandywine,Week3,234.0 Forest Hollow - 168.0 Brandywine
Fairfax Station,Week2,Overlee,Week1,266.0 Overlee - 136.0 Fairfax Station
Forest Hollow,Week2,Brandywine,Week3,205.0 Brandywine - 197.0 Forest Hollow
Fairfax Station,Week1,Overlee,Week1,264.0 Overlee - 138.0 Fairfax Station
Forest Hollow,Week1,Brandywine,Week5,203.0 Brandywine - 199.0 Forest Hollow
Forest Hollow,Week5,Arlington Forest,Week1,238.0 Forest Hollow - 164.0 Arlington Forest
Fairfax Station,Week3,Overlee,Week2,259.5 Overlee - 142.5 Fairfax Station
Fox Hunt,Week3,Langley,Week3,258.0 Langley - 144.0 Fox Hunt
Forest Hollow,Week1,Stratford,Week3,253.0 Forest Hollow - 149.0 Stratford
Fox Hunt,Week2,Lakeview,Week2,298.0 Fox Hunt - 104.0 Lakeview
Fairfax Station,Week1,North Springfield,Week1,311.0 Fairfax Station - 40.0 North Springfield
Forest Hollow,Week5,Laurel Hill,Week3,283.0 Forest Hollow - 119.0 Laurel Hill
Fox Hunt,Week5,Lakeview,Week5,302.0 Fox Hunt - 91.0 Lakeview
Fairfax Station,Week1,Overlee,Week3,267.0 Overlee - 135.0 Fairfax Station
Forest Hollow,Week4,Cottontail,Week2,246.0 Forest Hollow - 156.0 Cottontail
Forest Hollow,Week1,Cottontail,Week2,230.0 Forest Hollow - 172.0 Cottontail
Fairfax Station,Week3,Overlee,Week4,299.0 Overlee - 103.0 Fairfax Station
Forest Hollow,Week5,Lee Graham,Week3,276.0 Lee Graham - 126.0 Forest Hollow
Fox Hunt,Week2,Lakeview,Week1,302.0 Fox Hunt - 100.0 Lakeview
Forest Hollow,Week5,Lee Graham,Week2,266.0 Lee Graham - 136.0 Forest Hollow
Forest Hollow,Week4,Country Club Hills,Week2,250.0 Forest Hollow - 152.0 Country Club Hills
Fairfax Station,Week2,Overlee,Week5,316.0 Overlee - 86.0 Fairfax Station
Forest Hollow,Week3,Lee Graham,Week3,284.0 Lee Graham - 118.0 Forest Hollow
Forest Hollow,Week1,Cottontail,Week3,240.0 Forest Hollow - 162.0 Cottontail
Forest Hollow,Week2,Lee Graham,Week3,288.0 Lee Graham - 114.0 Forest Hollow
Forest Hollow,Week3,Lee Graham,Week2,268.0 Lee Graham - 134.0 Forest Hollow
Fairfax Station,Week4,North Springfield,Week1,316.0 Fairfax Station - 34.0 North Springfield
Forest Hollow,Week1,Stratford,Week4,247.0 Forest Hollow - 155.0 Stratford
Forest Hollow,Week5,Stratford,Week4,262.0 Forest Hollow - 140.0 Stratford
Forest Hollow,Week5,Lee Graham,Week5,278.0 Lee Graham - 124.0 Forest Hollow
Forest Hollow,Week1,Stratford,Week5,256.0 Forest Hollow - 146.0 Stratford
Fairfax Station,Week1,Overlee,Week4,312.0 Overlee - 90.0 Fairfax Station
Forest Hollow,Week1,Sully Station II,Week4,208.0 Sully Station II - 194.0 Forest Hollow
Forest Hollow,Week5,Brandywine,Week1,257.0 Forest Hollow - 145.0 Brandywine
Forest Hollow,Week5,Sully Station,Week5,257.0 Sully Station - 145.0 Forest Hollow
Forest Hollow,Week5,Stratford,Week5,283.0 Forest Hollow - 119.0 Stratford
Forest Hollow,Week5,Arlington Forest,Week5,204.0 Arlington Forest - 198.0 Forest Hollow
Forest Hollow,Week2,Cottontail,Week5,217.0 Forest Hollow - 185.0 Cottontail
Fox Hunt,Week5,Lakeview,Week2,329.0 Fox Hunt - 73.0 Lakeview
Fox Hunt,Week2,Lakeview,Week5,258.0 Fox Hunt - 135.0 Lakeview
Forest Hollow,Week1,Brandywine,Week4,202.0 Brandywine - 200.0 Forest Hollow
Forest Hollow,Week4,Commonwealth,Week5,265.0 Forest Hollow - 137.0 Commonwealth
Forest Hollow,Week1,Cottontail,Week5,221.0 Forest Hollow - 181.0 Cottontail
Fairfax Station,Week5,Newington Forest,Week4,324.0 Fairfax Station - 78.0 Newington Forest
Forest Hollow,Week5,Commonwealth,Week1,305.0 Forest Hollow - 96.0 Commonwealth
Fox Hunt,Week5,Lakeview,Week4,277.0 Fox Hunt - 125.0 Lakeview
Fox Hunt,Week1,Langley,Week3,270.0 Langley - 132.0 Fox Hunt
Forest Hollow,Week5,Brandywine,Week4,230.0 Forest Hollow - 172.0 Brandywine
Forest Hollow,Week3,Cottontail,Week3,249.0 Forest Hollow - 153.0 Cottontail
Forest Hollow,Week3,Brandywine,Week2,229.0 Forest Hollow - 173.0 Brandywine
Forest Hollow,Week4,Brandywine,Week5,208.0 Forest Hollow - 194.0 Brandywine
Forest Hollow,Week1,Lee Graham,Week2,271.0 Lee Graham - 131.0 Forest Hollow
Fairfax Station,Week3,Overlee,Week5,284.0 Overlee - 118.0 Fairfax Station
Fox Hunt,Week4,Lakeview,Week2,284.0 Fox Hunt - 118.0 Lakeview
Forest Hollow,Week2,Lee Graham,Week4,270.0 Lee Graham - 132.0 Forest Hollow
Forest Hollow,Week4,Sully Station,Week5,261.0 Sully Station - 141.0 Forest Hollow
Forest Hollow,Week1,Sully Station,Week2,229.7 Sully Station - 172.3 Forest Hollow
Forest Hollow,Week5,Cottontail,Week3,270.0 Forest Hollow - 132.0 Cottontail
Forest Hollow,Week2,Lee Graham,Week1,271.0 Lee Graham - 131.0 Forest Hollow
Forest Hollow,Week1,Lee Graham,Week4,258.0 Lee Graham - 144.0 Forest Hollow
Fox Hunt,Week4,Lakeview,Week3,266.0 Fox Hunt - 136.0 Lakeview
Fairfax Station,Week4,Overlee,Week2,281.5 Overlee - 120.5 Fairfax Station
Fox Hunt,Week3,Lakeview,Week4,260.0 Fox Hunt - 142.0 Lakeview
Forest Hollow,Week2,Sully Station,Week1,269.0 Sully Station - 133.0 Forest Hollow
Forest Hollow,Week4,Commonwealth,Week3,273.0 Forest Hollow - 129.0 Commonwealth
Fairfax Station,Week2,Overlee,Week4,314.0 Overlee - 88.0 Fairfax Station
Forest Hollow,Week3,Brandywine,Week5,204.0 Brandywine - 198.0 Forest Hollow
Forest Hollow,Week3,Brandywine,Week3,214.0 Forest Hollow - 188.0 Brandywine
Forest Hollow,Week5,Brandywine,Week5,216.0 Forest Hollow - 186.0 Brandywine
Forest Hollow,Week4,Sully Station,Week2,223.0 Sully Station - 179.0 Forest Hollow
Fox Hunt,Week5,Langley,Week2,234.0 Langley - 168.0 Fox Hunt
Forest Hollow,Week5,Laurel Hill,Week5,266.0 Forest Hollow - 136.0 Laurel Hill
Forest Hollow,Week2,Brandywine,Week1,234.0 Forest Hollow - 168.0 Brandywine
Fox Hunt,Week1,Langley,Week5,263.0 Langley - 134.0 Fox Hunt
Fox Hunt,Week2,Langley,Week2,259.0 Langley - 143.0 Fox Hunt
Forest Hollow,Week1,Country Club Hills,Week3,245.0 Forest Hollow - 157.0 Country Club Hills
Forest Hollow,Week1,Country Club Hills,Week2,247.0 Forest Hollow - 155.0 Country Club Hills
Forest Hollow,Week3,Lee Graham,Week1,261.0 Lee Graham - 141.0 Forest Hollow
Forest Hollow,Week1,Country Club Hills,Week1,234.0 Forest Hollow - 168.0 Country Club Hills
Fox Hunt,Week2,Langley,Week4,267.0 Langley - 135.0 Fox Hunt
Forest Hollow,Week2,Lee Graham,Week2,279.0 Lee Graham - 123.0 Forest Hollow
Forest Hollow,Week1,Lee Graham,Week5,272.0 Lee Graham - 130.0 Forest Hollow
Fairfax Station,Week4,Overlee,Week3,280.0 Overlee - 122.0 Fairfax Station
Fox Hunt,Week3,Lakeview,Week5,278.0 Fox Hunt - 115.0 Lakeview
Forest Hollow,Week5,Sully Station,Week1,241.0 Sully Station - 161.0 Forest Hollow
Forest Hollow,Week5,Cottontail,Week5,250.0 Forest Hollow - 152.0 Cottontail
Fairfax Station,Week5,Overlee,Week1,239.0 Overlee - 163.0 Fairfax Station
Forest Hollow,Week1,Sully Station,Week4,245.0 Sully Station - 157.0 Forest Hollow
Fairfax Station,Week3,Overlee,Week3,254.0 Overlee - 148.0 Fairfax Station
Forest Hollow,Week3,Sully Station,Week5,270.0 Sully Station - 132.0 Forest Hollow
Forest Hollow,Week2,Brandywine,Week4,206.0 Forest Hollow - 196.0 Brandywine
Forest Hollow,Week1,Sully Station,Week5,265.0 Sully Station - 137.0 Forest Hollow
Fairfax Station,Week3,Overlee,Week1,235.0 Overlee - 167.0 Fairfax Station
Forest Hollow,Week2,Country Club Hills,Week1,225.0 Forest Hollow - 177.0 Country Club Hills
Forest Hollow,Week4,Brandywine,Week2,224.5 Forest Hollow - 177.5 Brandywine
Forest Hollow,Week1,Lee Graham,Week3,277.0 Lee Graham - 125.0 Forest Hollow
Fairfax Station,Week4,Overlee,Week4,316.0 Overlee - 86.0 Fairfax Station
Forest Hollow,Week3,Brandywine,Week1,247.5 Forest Hollow - 154.5 Brandywine
Fox Hunt,Week3,Lakeview,Week2,308.0 Fox Hunt - 94.0 Lakeview
Forest Hollow,Week1,Bren Mar-Edsall Park,Week2,361.0 Forest Hollow - 40.0 Bren Mar-Edsall Park
Forest Hollow,Week2,Lee Graham,Week5,290.0 Lee Graham - 112.0 Forest Hollow
Forest Hollow,Week5,Brandywine,Week2,236.0 Forest Hollow - 166.0 Brandywine
Forest Hollow,Week2,Country Club Hills,Week4,230.0 Forest Hollow - 167.0 Country Club Hills
Forest Hollow,Week3,Brandywine,Week4,215.0 Forest Hollow - 187.0 Brandywine
Fox Hunt,Week4,Lakeview,Week1,298.0 Fox Hunt - 104.0 Lakeview
Fox Hunt,Week1,Langley,Week4,267.5 Langley - 134.5 Fox Hunt
Forest Hollow,Week2,Sully Station,Week5,280.0 Sully Station - 122.0 Forest Hollow
Forest Hollow,Week1,Bren Mar-Edsall Park,Week1,365.0 Forest Hollow - 36.0 Bren Mar-Edsall Park
Forest Hollow,Week4,Brandywine,Week4,218.5 Forest Hollow - 183.5 Brandywine
Fairfax Station,Week4,Overlee,Week1,257.0 Overlee - 145.0 Fairfax Station
Fairfax Station,Week5,Overlee,Week2,256.0 Overlee - 146.0 Fairfax Station
Forest Hollow,Week4,Sully Station,Week3,235.5 Sully Station - 166.5 Forest Hollow
Fox Hunt,Week2,Lakeview,Week4,252.0 Fox Hunt - 150.0 Lakeview
Forest Hollow,Week5,Lee Graham,Week1,258.0 Lee Graham - 144.0 Forest Hollow
Forest Hollow,Week2,Sully Station,Week2,253.0 Sully Station - 149.0 Forest Hollow
Forest Hollow,Week1,Sully Station II,Week2,237.5 Sully Station II - 164.5 Forest Hollow
Fairfax Station,Week2,Overlee,Week3,269.0 Overlee - 133.0 Fairfax Station
Fox Hunt,Week2,Langley,Week1,271.0 Langley - 131.0 Fox Hunt
Forest Hollow,Week4,Lee Graham,Week3,282.0 Lee Graham - 120.0 Forest Hollow
Forest Hollow,Week3,Country Club Hills,Week1,248.0 Forest Hollow - 154.0 Country Club Hills
Forest Hollow,Week3,Sully Station,Week3,238.0 Sully Station - 164.0 Forest Hollow
Forest Hollow,Week5,Lincolnia Park,Week5,308.0 Forest Hollow - 85.0 Lincolnia Park
Forest Hollow,Week4,Brandywine,Week3,220.0 Forest Hollow - 182.0 Brandywine
Fox Hunt,Week3,Lakeview,Week1,305.0 Fox Hunt - 97.0 Lakeview
Forest Hollow,Week1,Country Club Hills,Week4,246.0 Forest Hollow - 156.0 Country Club Hills
Forest Hollow,Week1,Country Club Hills,Week5,209.0 Forest Hollow - 193.0 Country Club Hills
Forest Hollow,Week5,Sully Station,Week4,241.0 Sully Station - 161.0 Forest Hollow
Forest Hollow,Week5,Laurel Hill,Week4,287.0 Forest Hollow - 115.0 Laurel Hill
Forest Hollow,Week1,Sully Station,Week3,230.0 Sully Station - 172.0 Forest Hollow
Forest Hollow,Week2,Brandywine,Week5,212.0 Brandywine - 190.0 Forest Hollow
Forest Hollow,Week3,Country Club Hills,Week5,228.5 Forest Hollow - 173.5 Country Club Hills
Fox Hunt,Week4,Lakeview,Week4,251.0 Fox Hunt - 151.0 Lakeview
Forest Hollow,Week5,Lee Graham,Week4,257.0 Lee Graham - 145.0 Forest Hollow
Fox Hunt,Week2,Lakeview,Week3,268.0 Fox Hunt - 134.0 Lakeview
Forest Hollow,Week2,Brandywine,Week2,223.0 Forest Hollow - 179.0 Brandywine
Forest Hollow,Week4,Lee Graham,Week2,265.0 Lee Graham - 137.0 Forest Hollow
Forest Hollow,Week2,Country Club Hills,Week5,203.0 Forest Hollow - 199.0 Country Club Hills
Forest Hollow,Week4,Lee Graham,Week4,270.0 Lee Graham - 132.0 Forest Hollow
Forest Hollow,Week3,Sully Station,Week2,242.0 Sully Station - 160.0 Forest Hollow
Fox Hunt,Week4,Lakeview,Week5,267.0 Fox Hunt - 126.0 Lakeview
Forest Hollow,Week2,Sully Station,Week4,264.0 Sully Station - 138.0 Forest Hollow
Forest Hollow,Week3,Country Club Hills,Week2,257.0 Forest Hollow - 145.0 Country Club Hills
Forest Hollow,Week2,Country Club Hills,Week3,230.0 Forest Hollow - 172.0 Country Club Hills
Forest Hollow,Week3,Lee Graham,Week4,260.0 Lee Graham - 142.0 Forest Hollow
Fox Hunt,Week5,Lakeview,Week1,322.0 Fox Hunt - 80.0 Lakeview
Forest Hollow,Week2,Country Club Hills,Week2,231.0 Forest Hollow - 171.0 Country Club Hills
Fairfax Station,Week4,Overlee,Week5,306.0 Overlee - 96.0 Fairfax Station
Forest Hollow,Week4,Brandywine,Week1,246.0 Forest Hollow - 156.0 Brandywine
Forest Hollow,Week4,Sully Station,Week1,258.0 Sully Station - 144.0 Forest Hollow
Forest Hollow,Week1,Little Hunting Park,Week4,253.0 Forest Hollow - 149.0 Little Hunting Park
Forest Hollow,Week5,Sully Station,Week2,227.0 Sully Station - 175.0 Forest Hollow
Forest Hollow,Week3,Sully Station,Week4,249.0 Sully Station - 153.0 Forest Hollow
Forest Hollow,Week2,Bren Mar-Edsall Park,Week5,339.0 Forest Hollow - 58.0 Bren Mar-Edsall Park
Fox Hunt,Week1,Langley,Week2,261.0 Langley - 141.0 Fox Hunt
Forest Hollow,Week1,Sully Station II,Week3,258.0 Sully Station II - 144.0 Forest Hollow
Forest Hollow,Week2,Lincolnia Park,Week2,311.0 Forest Hollow - 82.0 Lincolnia Park
Forest Hollow,Week5,Cottontail,Week4,257.0 Forest Hollow - 145.0 Cottontail
Forest Hollow,Week5,Cottontail,Week1,251.0 Forest Hollow - 151.0 Cottontail
Forest Hollow,Week4,Country Club Hills,Week1,254.0 Forest Hollow - 148.0 Country Club Hills
Forest Hollow,Week5,Bren Mar-Edsall Park,Week3,359.0 Forest Hollow - 43.0 Bren Mar-Edsall Park
Forest Hollow,Week4,Bren Mar-Edsall Park,Week3,356.0 Forest Hollow - 46.0 Bren Mar-Edsall Park
Forest Hollow,Week5,Bren Mar-Edsall Park,Week2,367.0 Forest Hollow - 34.0 Bren Mar-Edsall Park
Fox Hunt,Week1,Langley,Week1,279.0 Langley - 123.0 Fox Hunt
Fox Hunt,Week5,Lakeview,Week3,293.0 Fox Hunt - 109.0 Lakeview
Forest Hollow,Week1,Little Hunting Park,Week2,269.0 Forest Hollow - 133.0 Little Hunting Park
Forest Hollow,Week4,Lincolnia Park,Week1,326.0 Forest Hollow - 76.0 Lincolnia Park
Forest Hollow,Week5,Cottontail,Week2,255.0 Forest Hollow - 147.0 Cottontail
Fox Hunt,Week3,Lakeview,Week3,287.0 Fox Hunt - 115.0 Lakeview
Fox Hunt,Week3,Langley,Week4,259.0 Langley - 143.0 Fox Hunt
Forest Hollow,Week3,Country Club Hills,Week4,252.0 Forest Hollow - 150.0 Country Club Hills
Forest Hollow,Week3,Sully Station,Week1,250.0 Sully Station - 152.0 Forest Hollow
Forest Hollow,Week4,Bren Mar-Edsall Park,Week4,355.0 Forest Hollow - 47.0 Bren Mar-Edsall Park
Forest Hollow,Week3,Country Club Hills,Week3,265.0 Forest Hollow - 137.0 Country Club Hills
Forest Hollow,Week2,Bren Mar-Edsall Park,Week4,340.0 Forest Hollow - 61.0 Bren Mar-Edsall Park
Forest Hollow,Week2,Sully Station,Week3,254.0 Sully Station - 148.0 Forest Hollow
Forest Hollow,Week2,Sully Station II,Week1,227.0 Sully Station II - 175.0 Forest Hollow
Fox Hunt,Week3,Langley,Week1,254.0 Langley - 148.0 Fox Hunt
Forest Hollow,Week1,Sully Station II,Week1,218.0 Sully Station II - 184.0 Forest Hollow
Forest Hollow,Week4,Country Club Hills,Week3,255.0 Forest Hollow - 147.0 Country Club Hills
Forest Hollow,Week4,Lincolnia Park,Week3,301.0 Forest Hollow - 92.0 Lincolnia Park
Fox Hunt,Week2,Langley,Week5,258.5 Langley - 138.5 Fox Hunt
Forest Hollow,Week4,Lincolnia Park,Week5,310.0 Forest Hollow - 83.0 Lincolnia Park
Forest Hollow,Week2,Little Hunting Park,Week4,251.0 Forest Hollow - 151.0 Little Hunting Park
Forest Hollow,Week4,Cottontail,Week5,241.0 Forest Hollow - 161.0 Cottontail
Forest Hollow,Week5,Country Club Hills,Week5,234.0 Forest Hollow - 168.0 Country Club Hills
Forest Hollow,Week1,Bren Mar-Edsall Park,Week3,352.0 Forest Hollow - 50.0 Bren Mar-Edsall Park
Forest Hollow,Week5,Sully Station,Week3,231.0 Sully Station - 171.0 Forest Hollow
Forest Hollow,Week3,Bren Mar-Edsall Park,Week4,351.0 Forest Hollow - 51.0 Bren Mar-Edsall Park
Forest Hollow,Week5,Bren Mar-Edsall Park,Week4,361.0 Forest Hollow - 40.0 Bren Mar-Edsall Park
Forest Hollow,Week1,Sully Station II,Week5,256.0 Sully Station II - 146.0 Forest Hollow
Forest Hollow,Week3,Lincolnia Park,Week3,290.0 Forest Hollow - 103.0 Lincolnia Park
Fox Hunt,Week3,Langley,Week2,249.0 Langley - 153.0 Fox Hunt
Forest Hollow,Week4,Country Club Hills,Week5,230.0 Forest Hollow - 172.0 Country Club Hills
Forest Hollow,Week1,Lincolnia Park,Week5,297.0 Forest Hollow - 96.0 Lincolnia Park
Fox Hunt,Week2,Langley,Week3,266.0 Langley - 136.0 Fox Hunt
Forest Hollow,Week1,Lincolnia Park,Week3,300.5 Forest Hollow - 92.5 Lincolnia Park
Forest Hollow,Week5,Bren Mar-Edsall Park,Week5,354.0 Forest Hollow - 48.0 Bren Mar-Edsall Park
Forest Hollow,Week2,Sully Station II,Week2,249.0 Sully Station II - 153.0 Forest Hollow
Forest Hollow,Week1,Lincolnia Park,Week4,324.0 Forest Hollow - 77.0 Lincolnia Park
Forest Hollow,Week3,Sully Station II,Week1,215.0 Sully Station II - 187.0 Forest Hollow
Forest Hollow,Week4,Bren Mar-Edsall Park,Week1,364.0 Forest Hollow - 38.0 Bren Mar-Edsall Park
Forest Hollow,Week4,Country Club Hills,Week4,252.0 Forest Hollow - 150.0 Country Club Hills
Forest Hollow,Week2,Bren Mar-Edsall Park,Week3,342.0 Forest Hollow - 60.0 Bren Mar-Edsall Park
Forest Hollow,Week2,Sully Station II,Week3,262.0 Sully Station II - 140.0 Forest Hollow
Forest Hollow,Week1,Crosspointe,Week1,263.0 Crosspointe - 139.0 Forest Hollow
Fox Hunt,Week1,Laurel Hill,Week1,269.0 Fox Hunt - 133.0 Laurel Hill
Forest Hollow,Week1,Crosspointe,Week4,237.0 Crosspointe - 165.0 Forest Hollow
Forest Hollow,Week4,Bren Mar-Edsall Park,Week5,350.0 Forest Hollow - 52.0 Bren Mar-Edsall Park
Forest Hollow,Week5,Country Club Hills,Week3,269.0 Forest Hollow - 133.0 Country Club Hills
Fox Hunt,Week5,Langley,Week5,232.0 Langley - 170.0 Fox Hunt
Forest Hollow,Week4,Lincolnia Park,Week2,333.0 Forest Hollow - 59.0 Lincolnia Park
Forest Hollow,Week2,Sully Station II,Week5,280.0 Sully Station II - 122.0 Forest Hollow
Forest Hollow,Week2,Lincolnia Park,Week4,310.0 Forest Hollow - 91.0 Lincolnia Park
Forest Hollow,Week5,Bren Mar-Edsall Park,Week1,369.0 Forest Hollow - 33.0 Bren Mar-Edsall Park
Fox Hunt,Week4,Langley,Week1,278.0 Langley - 124.0 Fox Hunt
Forest Hollow,Week2,Crosspointe,Week1,271.0 Crosspointe - 131.0 Forest Hollow
Forest Hollow,Week1,Bren Mar-Edsall Park,Week4,351.0 Forest Hollow - 50.0 Bren Mar-Edsall Park
Forest Hollow,Week1,Crosspointe,Week5,272.0 Crosspointe - 130.0 Forest Hollow
Forest Hollow,Week3,Bren Mar-Edsall Park,Week2,363.0 Forest Hollow - 39.0 Bren Mar-Edsall Park
Forest Hollow,Week2,Lincolnia Park,Week3,284.5 Forest Hollow - 108.5 Lincolnia Park
Forest Hollow,Week2,Bren Mar-Edsall Park,Week2,357.0 Forest Hollow - 44.0 Bren Mar-Edsall Park
Forest Hollow,Week3,Truro,Week2,297.0 Forest Hollow - 105.0 Truro
Forest Hollow,Week3,Lincolnia Park,Week4,320.0 Forest Hollow - 82.0 Lincolnia Park
Fox Hunt,Week5,Langley,Week1,247.0 Langley - 155.0 Fox Hunt
Forest Hollow,Week2,Lincolnia Park,Week1,309.0 Forest Hollow - 92.0 Lincolnia Park
Forest Hollow,Week3,Lincolnia Park,Week2,323.0 Forest Hollow - 70.0 Lincolnia Park
Forest Hollow,Week5,Sully Station II,Week5,253.0 Sully Station II - 149.0 Forest Hollow
Forest Hollow,Week4,Lincolnia Park,Week4,332.0 Forest Hollow - 70.0 Lincolnia Park
Forest Hollow,Week2,Truro,Week3,272.0 Forest Hollow - 130.0 Truro
Forest Hollow,Week3,Sully Station II,Week2,231.0 Sully Station II - 171.0 Forest Hollow
Fox Hunt,Week4,Langley,Week2,270.0 Langley - 132.0 Fox Hunt
Fox Hunt,Week4,Langley,Week4,268.0 Langley - 134.0 Fox Hunt
Fox Hunt,Week3,Langley,Week5,240.0 Langley - 162.0 Fox Hunt
Forest Hollow,Week3,Sully Station II,Week5,254.0 Sully Station II - 148.0 Forest Hollow
Fox Hunt,Week1,Laurel Hill,Week2,283.0 Fox Hunt - 118.0 Laurel Hill
Forest Hollow,Week5,Country Club Hills,Week4,251.0 Forest Hollow - 151.0 Country Club Hills
Forest Hollow,Week2,Bren Mar-Edsall Park,Week1,350.0 Forest Hollow - 52.0 Bren Mar-Edsall Park
Fox Hunt,Week4,Langley,Week5,263.0 Langley - 139.0 Fox Hunt
Forest Hollow,Week5,Country Club Hills,Week2,261.0 Forest Hollow - 141.0 Country Club Hills
Forest Hollow,Week5,Country Club Hills,Week1,258.0 Forest Hollow - 144.0 Country Club Hills
Forest Hollow,Week3,Lincolnia Park,Week5,302.0 Forest Hollow - 91.0 Lincolnia Park
Forest Hollow,Week2,Sully Station II,Week4,219.5 Sully Station II - 182.5 Forest Hollow
Forest Hollow,Week1,Lincolnia Park,Week2,329.0 Forest Hollow - 63.0 Lincolnia Park
Forest Hollow,Week1,Crosspointe,Week3,238.0 Crosspointe - 164.0 Forest Hollow
Fox Hunt,Week4,Langley,Week3,268.0 Langley - 134.0 Fox Hunt
Forest Hollow,Week1,Bren Mar-Edsall Park,Week5,347.5 Forest Hollow - 54.5 Bren Mar-Edsall Park
Fox Hunt,Week5,Langley,Week3,251.0 Langley - 151.0 Fox Hunt
Forest Hollow,Week3,Bren Mar-Edsall Park,Week1,357.0 Forest Hollow - 45.0 Bren Mar-Edsall Park
Forest Hollow,Week5,Lincolnia Park,Week1,329.0 Forest Hollow - 72.0 Lincolnia Park
Forest Hollow,Week1,Crosspointe,Week2,236.0 Crosspointe - 166.0 Forest Hollow
Forest Hollow,Week1,Truro,Week1,263.0 Forest Hollow - 139.0 Truro
Forest Hollow,Week4,Bren Mar-Edsall Park,Week2,373.0 Forest Hollow - 29.0 Bren Mar-Edsall Park
Forest Hollow,Week3,Lincolnia Park,Week1,328.0 Forest Hollow - 74.0 Lincolnia Park
Forest Hollow,Week3,Crosspointe,Week2,234.0 Crosspointe - 168.0 Forest Hollow
Forest Hollow,Week3,Bren Mar-Edsall Park,Week3,350.0 Forest Hollow - 52.0 Bren Mar-Edsall Park
Forest Hollow,Week5,Lincolnia Park,Week3,302.0 Forest Hollow - 91.0 Lincolnia Park
Forest Hollow,Week5,Crosspointe,Week1,233.5 Crosspointe - 168.5 Forest Hollow
Forest Hollow,Week3,Bren Mar-Edsall Park,Week5,342.0 Forest Hollow - 60.0 Bren Mar-Edsall Park
Fox Hunt,Week1,Laurel Hill,Week3,250.0 Fox Hunt - 152.0 Laurel Hill
Forest Hollow,Week5,Sully Station II,Week4,209.0 Forest Hollow - 193.0 Sully Station II
Fox Hunt,Week5,Langley,Week4,245.0 Langley - 157.0 Fox Hunt
Fox Hunt,Week1,Laurel Hill,Week4,250.0 Fox Hunt - 152.0 Laurel Hill
Forest Hollow,Week3,Crosspointe,Week3,242.0 Crosspointe - 160.0 Forest Hollow
Forest Hollow,Week5,Crosspointe,Week2,220.0 Crosspointe - 182.0 Forest Hollow
Forest Hollow,Week2,Lincolnia Park,Week5,284.0 Forest Hollow - 109.0 Lincolnia Park
Forest Hollow,Week4,Sully Station II,Week3,243.0 Sully Station II - 159.0 Forest Hollow
Forest Hollow,Week2,Truro,Week5,258.0 Forest Hollow - 144.0 Truro
Forest Hollow,Week2,Truro,Week1,259.0 Forest Hollow - 143.0 Truro
Forest Hollow,Week2,Little Hunting Park,Week2,255.0 Forest Hollow - 147.0 Little Hunting Park
Forest Hollow,Week4,Crosspointe,Week3,235.0 Crosspointe - 167.0 Forest Hollow
Forest Hollow,Week5,Crosspointe,Week4,235.0 Crosspointe - 167.0 Forest Hollow
Forest Hollow,Week5,Lincolnia Park,Week4,331.0 Forest Hollow - 70.0 Lincolnia Park
Forest Hollow,Week5,Crosspointe,Week5,264.0 Crosspointe - 138.0 Forest Hollow
Forest Hollow,Week2,Crosspointe,Week2,240.0 Crosspointe - 162.0 Forest Hollow
Forest Hollow,Week3,Sully Station II,Week4,215.0 Sully Station II - 187.0 Forest Hollow
Forest Hollow,Week2,Little Hunting Park,Week1,263.0 Forest Hollow - 139.0 Little Hunting Park
Forest Hollow,Week2,Crosspointe,Week4,261.5 Crosspointe - 140.5 Forest Hollow
Fairfax Station,Week5,Long Branch,Week1,301.0 Fairfax Station - 101.0 Long Branch
Forest Hollow,Week4,Truro,Week5,268.0 Forest Hollow - 134.0 Truro
Forest Hollow,Week4,Sully Station II,Week2,230.0 Sully Station II - 172.0 Forest Hollow
Forest Hollow,Week3,Truro,Week1,274.0 Forest Hollow - 128.0 Truro
Forest Hollow,Week5,Truro,Week3,300.0 Forest Hollow - 102.0 Truro
Forest Hollow,Week4,Truro,Week2,295.0 Forest Hollow - 106.0 Truro
Forest Hollow,Week5,Crosspointe,Week3,225.0 Crosspointe - 177.0 Forest Hollow
Forest Hollow,Week4,Crosspointe,Week4,246.0 Crosspointe - 156.0 Forest Hollow
Forest Hollow,Week1,Little Hunting Park,Week1,278.0 Forest Hollow - 124.0 Little Hunting Park
Fairfax Station,Week5,North Springfield,Week1,324.0 Fairfax Station - 27.0 North Springfield
Forest Hollow,Week2,Little Hunting Park,Week3,256.0 Forest Hollow - 146.0 Little Hunting Park
Forest Hollow,Week1,Little Hunting Park,Week3,272.0 Forest Hollow - 130.0 Little Hunting Park
Fairfax Station,Week3,Oakton ,Week5,206.0 Oakton - 196.0 Fairfax Station
Forest Hollow,Week4,Crosspointe,Week1,246.0 Crosspointe - 156.0 Forest Hollow
Forest Hollow,Week4,Sully Station II,Week4,204.5 Sully Station II - 197.5 Forest Hollow
Forest Hollow,Week1,Little Hunting Park,Week5,243.0 Forest Hollow - 158.0 Little Hunting Park
Forest Hollow,Week4,Truro,Week4,268.0 Forest Hollow - 134.0 Truro
Forest Hollow,Week5,Sully Station II,Week2,229.5 Sully Station II - 172.5 Forest Hollow
Forest Hollow,Week2,Little Hunting Park,Week5,228.0 Forest Hollow - 174.0 Little Hunting Park
Forest Hollow,Week5,Lincolnia Park,Week2,340.0 Forest Hollow - 52.0 Lincolnia Park
Fairfax Station,Week5,North Springfield,Week2,347.0 Fairfax Station - 41.0 North Springfield
Forest Hollow,Week3,Crosspointe,Week4,255.0 Crosspointe - 147.0 Forest Hollow
Forest Hollow,Week1,Truro,Week2,278.0 Forest Hollow - 124.0 Truro
Forest Hollow,Week1,Truro,Week4,242.0 Forest Hollow - 160.0 Truro
Forest Hollow,Week2,Truro,Week2,281.0 Forest Hollow - 121.0 Truro
Forest Hollow,Week4,Crosspointe,Week2,231.0 Crosspointe - 171.0 Forest Hollow
Fairfax Station,Week1,Oakton ,Week3,228.0 Oakton - 174.0 Fairfax Station
Forest Hollow,Week3,Crosspointe,Week5,281.0 Crosspointe - 121.0 Forest Hollow
Forest Hollow,Week3,Crosspointe,Week1,259.0 Crosspointe - 143.0 Forest Hollow
Forest Hollow,Week4,Highland Park,Week1,203.0 Highland Park - 199.0 Forest Hollow
Forest Hollow,Week2,Highland Park,Week1,234.0 Highland Park - 168.0 Forest Hollow
Forest Hollow,Week4,Highland Park,Week3,219.0 Forest Hollow - 183.0 Highland Park
Forest Hollow,Week2,Highlands Swim,Week2,307.0 Highlands Swim - 95.0 Forest Hollow
Fairfax Station,Week2,Oakton ,Week3,213.0 Oakton - 184.0 Fairfax Station
Forest Hollow,Week4,Highland Park,Week4,204.0 Highland Park - 198.0 Forest Hollow
Forest Hollow,Week3,Highland Park,Week3,226.0 Forest Hollow - 176.0 Highland Park
Forest Hollow,Week3,Truro,Week3,283.0 Forest Hollow - 119.0 Truro
Forest Hollow,Week2,Truro,Week4,244.0 Forest Hollow - 158.0 Truro
Forest Hollow,Week1,Truro,Week3,277.0 Forest Hollow - 125.0 Truro
Fairfax Station,Week4,North Springfield,Week4,334.0 Fairfax Station - 58.0 North Springfield
Fairfax Station,Week5,North Springfield,Week3,346.0 Fairfax Station - 51.0 North Springfield
Forest Hollow,Week1,Daventry,Week2,304.0 Forest Hollow - 98.0 Daventry
Forest Hollow,Week4,Sully Station II,Week1,210.0 Sully Station II - 192.0 Forest Hollow
Forest Hollow,Week1,Highland Park,Week4,215.0 Highland Park - 187.0 Forest Hollow
Fairfax Station,Week5,North Springfield,Week5,320.0 Fairfax Station - 54.0 North Springfield
Forest Hollow,Week4,Crosspointe,Week5,271.0 Crosspointe - 131.0 Forest Hollow
Forest Hollow,Week5,Sully Station II,Week3,238.0 Sully Station II - 164.0 Forest Hollow
Forest Hollow,Week1,Daventry,Week1,306.0 Forest Hollow - 96.0 Daventry
Forest Hollow,Week2,Crosspointe,Week5,277.0 Crosspointe - 125.0 Forest Hollow
Forest Hollow,Week1,Daventry,Week4,315.0 Forest Hollow - 87.0 Daventry
Forest Hollow,Week3,Highland Park,Week2,205.0 Highland Park - 197.0 Forest Hollow
Fairfax Station,Week2,Oakton ,Week1,211.0 Oakton - 191.0 Fairfax Station
Forest Hollow,Week1,Daventry,Week3,306.5 Forest Hollow - 95.5 Daventry
Forest Hollow,Week2,Highland Park,Week5,226.0 Highland Park - 176.0 Forest Hollow
Fairfax Station,Week2,Oakton ,Week2,223.5 Oakton - 178.5 Fairfax Station
Forest Hollow,Week2,Crosspointe,Week3,246.0 Crosspointe - 156.0 Forest Hollow
Fairfax Station,Week5,North Springfield,Week4,356.0 Fairfax Station - 36.0 North Springfield
Forest Hollow,Week1,Truro,Week5,261.0 Forest Hollow - 141.0 Truro
Fairfax Station,Week3,Oakton ,Week4,212.0 Fairfax Station - 190.0 Oakton
Forest Hollow,Week1,Highlands Swim,Week4,262.0 Highlands Swim - 140.0 Forest Hollow
Fairfax Station,Week3,Oakton ,Week1,213.0 Fairfax Station - 189.0 Oakton
Fairfax Station,Week2,Old Keene Mill,Week1,329.0 Fairfax Station - 73.0 Old Keene Mill
Forest Hollow,Week5,Sully Station II,Week1,203.0 Sully Station II - 199.0 Forest Hollow
Forest Hollow,Week2,Highland Park,Week4,223.0 Highland Park - 179.0 Forest Hollow
Forest Hollow,Week3,Sully Station II,Week3,264.0 Sully Station II - 138.0 Forest Hollow
Forest Hollow,Week3,Truro,Week4,270.0 Forest Hollow - 132.0 Truro
Forest Hollow,Week5,Highland Park,Week1,218.0 Forest Hollow - 184.0 Highland Park
Fairfax Station,Week1,Oakton ,Week2,236.0 Oakton - 166.0 Fairfax Station
Fairfax Station,Week3,Oakton ,Week3,201.5 Oakton - 200.5 Fairfax Station
Forest Hollow,Week4,Sully Station II,Week5,267.0 Sully Station II - 135.0 Forest Hollow
Forest Hollow,Week3,Little Hunting Park,Week1,280.0 Forest Hollow - 122.0 Little Hunting Park
Forest Hollow,Week5,Truro,Week2,303.0 Forest Hollow - 98.0 Truro
Forest Hollow,Week2,Highland Park,Week2,216.0 Highland Park - 186.0 Forest Hollow
Forest Hollow,Week5,Highland Park,Week3,240.0 Forest Hollow - 162.0 Highland Park
Forest Hollow,Week1,Highland Park,Week3,211.0 Forest Hollow - 191.0 Highland Park
Forest Hollow,Week1,Highland Park,Week1,214.0 Highland Park - 188.0 Forest Hollow
Forest Hollow,Week1,Vienna Aquatic,Week1,263.0 Vienna Aquatic - 139.0 Forest Hollow
Fairfax Station,Week4,North Springfield,Week5,307.0 Fairfax Station - 67.0 North Springfield
Fairfax Station,Week3,Oakton ,Week2,202.0 Oakton - 200.0 Fairfax Station
Forest Hollow,Week5,Truro,Week1,287.5 Forest Hollow - 114.5 Truro
Forest Hollow,Week3,Highland Park,Week1,203.0 Forest Hollow - 199.0 Highland Park
Forest Hollow,Week1,Highland Park,Week2,208.0 Highland Park - 194.0 Forest Hollow
Forest Hollow,Week3,Tuckahoe,Week5,336.0 Tuckahoe - 66.0 Forest Hollow
Forest Hollow,Week4,Truro,Week3,286.0 Forest Hollow - 116.0 Truro
Fairfax Station,Week1,Oakton ,Week5,254.0 Oakton - 148.0 Fairfax Station
Fairfax Station,Week4,Oakton ,Week1,213.0 Oakton - 189.0 Fairfax Station
Forest Hollow,Week3,Truro,Week5,280.0 Forest Hollow - 122.0 Truro
Forest Hollow,Week3,Highland Park,Week5,203.0 Forest Hollow - 199.0 Highland Park
Forest Hollow,Week4,Truro,Week1,291.0 Forest Hollow - 111.0 Truro
Fairfax Station,Week2,Old Keene Mill,Week4,323.0 Fairfax Station - 79.0 Old Keene Mill
Fairfax Station,Week1,Oakton ,Week1,223.0 Oakton - 179.0 Fairfax Station
Fairfax Station,Week4,Oakton ,Week3,216.0 Oakton - 186.0 Fairfax Station
Fairfax Station,Week4,North Springfield,Week2,332.0 Fairfax Station - 56.0 North Springfield
Forest Hollow,Week3,Tuckahoe,Week4,346.0 Tuckahoe - 56.0 Forest Hollow
Fairfax Station,Week1,Oakton ,Week4,229.0 Oakton - 173.0 Fairfax Station
Forest Hollow,Week1,Tuckahoe,Week1,316.0 Tuckahoe - 86.0 Forest Hollow
Fairfax Station,Week2,Oakton ,Week4,235.0 Oakton - 167.0 Fairfax Station
Forest Hollow,Week3,Tuckahoe,Week3,339.0 Tuckahoe - 63.0 Forest Hollow
Forest Hollow,Week4,Highland Park,Week5,218.0 Forest Hollow - 184.0 Highland Park
Forest Hollow,Week3,Highland Park,Week4,205.0 Forest Hollow - 197.0 Highland Park
Forest Hollow,Week1,Highlands Swim,Week1,272.0 Highlands Swim - 130.0 Forest Hollow
Forest Hollow,Week5,High Point Pool,Week5,207.0 High Point Pool - 195.0 Forest Hollow
Fairfax Station,Week2,Oakton ,Week5,240.0 Oakton - 162.0 Fairfax Station
Fairfax Station,Week4,Oakton ,Week4,222.0 Oakton - 180.0 Fairfax Station
Forest Hollow,Week1,Highland Park,Week5,213.0 Highland Park - 189.0 Forest Hollow
Fairfax Station,Week5,Oakton ,Week1,213.0 Fairfax Station - 189.0 Oakton
Forest Hollow,Week4,Highland Park,Week2,209.0 Forest Hollow - 193.0 Highland Park
Forest Hollow,Week1,Tuckahoe,Week4,333.0 Tuckahoe - 69.0 Forest Hollow
Fairfax Station,Week5,Oakton ,Week2,209.0 Fairfax Station - 193.0 Oakton
Fairfax Station,Week5,Oakton ,Week3,210.5 Fairfax Station - 191.5 Oakton
Forest Hollow,Week5,Highland Park,Week2,233.0 Forest Hollow - 169.0 Highland Park
Forest Hollow,Week4,Tuckahoe,Week3,342.0 Tuckahoe - 60.0 Forest Hollow
Fairfax Station,Week4,North Springfield,Week3,333.0 Fairfax Station - 64.0 North Springfield
Forest Hollow,Week2,Highland Park,Week3,211.0 Forest Hollow - 191.0 Highland Park
Forest Hollow,Week5,Truro,Week4,282.0 Forest Hollow - 120.0 Truro
Forest Hollow,Week4,Tuckahoe,Week5,331.0 Tuckahoe - 71.0 Forest Hollow
Forest Hollow,Week4,Tuckahoe,Week1,317.0 Tuckahoe - 85.0 Forest Hollow
Forest Hollow,Week5,Highland Park,Week4,215.0 Forest Hollow - 187.0 Highland Park
Forest Hollow,Week5,Highland Park,Week5,221.0 Forest Hollow - 181.0 Highland Park
Forest Hollow,Week2,Tuckahoe,Week3,344.0 Tuckahoe - 58.0 Forest Hollow
Fairfax Station,Week1,Old Keene Mill,Week2,306.0 Fairfax Station - 96.0 Old Keene Mill
Forest Hollow,Week2,Hollin Hills,Week4,311.0 Forest Hollow - 89.0 Hollin Hills
Forest Hollow,Week5,Tuckahoe,Week4,334.0 Tuckahoe - 68.0 Forest Hollow
Forest Hollow,Week2,Highlands Swim,Week1,285.0 Highlands Swim - 117.0 Forest Hollow
Fairfax Station,Week2,Old Keene Mill,Week2,319.0 Fairfax Station - 83.0 Old Keene Mill
Forest Hollow,Week1,Tuckahoe,Week5,323.0 Tuckahoe - 79.0 Forest Hollow
Fairfax Station,Week3,Old Keene Mill,Week2,334.0 Fairfax Station - 68.0 Old Keene Mill
Forest Hollow,Week1,Highlands Swim,Week3,283.0 Highlands Swim - 119.0 Forest Hollow
Fairfax Station,Week2,Old Keene Mill,Week3,298.0 Fairfax Station - 104.0 Old Keene Mill
Forest Hollow,Week1,Hollin Hills,Week2,325.0 Forest Hollow - 75.0 Hollin Hills
Fairfax Station,Week3,Old Keene Mill,Week4,334.0 Fairfax Station - 68.0 Old Keene Mill
Forest Hollow,Week3,Highlands Swim,Week5,292.0 Highlands Swim - 110.0 Forest Hollow
Forest Hollow,Week2,Hollin Hills,Week2,310.0 Forest Hollow - 90.0 Hollin Hills
Forest Hollow,Week3,Tuckahoe,Week2,318.5 Tuckahoe - 83.5 Forest Hollow
Forest Hollow,Week2,Tuckahoe,Week4,341.0 Tuckahoe - 61.0 Forest Hollow
Fairfax Station,Week1,Old Keene Mill,Week4,308.0 Fairfax Station - 94.0 Old Keene Mill
Forest Hollow,Week3,Highlands Swim,Week3,288.0 Highlands Swim - 114.0 Forest Hollow
Forest Hollow,Week5,Tuckahoe,Week2,309.0 Tuckahoe - 93.0 Forest Hollow
Forest Hollow,Week2,Tuckahoe,Week2,322.5 Tuckahoe - 79.5 Forest Hollow
Fairfax Station,Week4,Oakton ,Week5,234.0 Oakton - 168.0 Fairfax Station
Fairfax Station,Week4,Old Keene Mill,Week1,318.0 Fairfax Station - 84.0 Old Keene Mill
Fairfax Station,Week1,Old Keene Mill,Week3,301.0 Fairfax Station - 101.0 Old Keene Mill
Forest Hollow,Week5,Highlands Swim,Week2,286.5 Highlands Swim - 115.5 Forest Hollow
Forest Hollow,Week5,Truro,Week5,271.0 Forest Hollow - 131.0 Truro
Fairfax Station,Week3,Old Keene Mill,Week1,342.0 Fairfax Station - 60.0 Old Keene Mill
Forest Hollow,Week4,Tuckahoe,Week4,343.0 Tuckahoe - 59.0 Forest Hollow
Forest Hollow,Week5,Highlands Swim,Week4,270.0 Highlands Swim - 132.0 Forest Hollow
Forest Hollow,Week3,Tuckahoe,Week1,316.0 Tuckahoe - 86.0 Forest Hollow
Fairfax Station,Week5,Oakton ,Week4,211.0 Fairfax Station - 191.0 Oakton
Forest Hollow,Week5,Tuckahoe,Week1,308.5 Tuckahoe - 93.5 Forest Hollow
Forest Hollow,Week4,Tuckahoe,Week2,325.0 Tuckahoe - 77.0 Forest Hollow
Forest Hollow,Week5,Tuckahoe,Week3,339.0 Tuckahoe - 63.0 Forest Hollow
Fairfax Station,Week3,Old Keene Mill,Week3,316.0 Fairfax Station - 86.0 Old Keene Mill
Fairfax Station,Week2,Old Keene Mill,Week5,297.0 Fairfax Station - 105.0 Old Keene Mill
Forest Hollow,Week2,Hollin Hills,Week1,307.0 Forest Hollow - 94.0 Hollin Hills
Forest Hollow,Week1,Highlands Swim,Week5,291.0 Highlands Swim - 111.0 Forest Hollow
Forest Hollow,Week2,Tuckahoe,Week5,336.0 Tuckahoe - 66.0 Forest Hollow
Fairfax Station,Week4,Oakton ,Week2,227.0 Oakton - 175.0 Fairfax Station
Fairfax Station,Week1,Old Keene Mill,Week5,286.0 Fairfax Station - 116.0 Old Keene Mill
Fairfax Station,Week1,Old Keene Mill,Week1,313.0 Fairfax Station - 89.0 Old Keene Mill
Forest Hollow,Week1,Highlands Swim,Week2,287.0 Highlands Swim - 115.0 Forest Hollow
Forest Hollow,Week4,Highlands Swim,Week5,288.0 Highlands Swim - 114.0 Forest Hollow
Forest Hollow,Week3,Highlands Swim,Week4,274.0 Highlands Swim - 128.0 Forest Hollow
Forest Hollow,Week2,Tuckahoe,Week1,321.0 Tuckahoe - 81.0 Forest Hollow
Forest Hollow,Week5,Tuckahoe,Week5,323.0 Tuckahoe - 79.0 Forest Hollow
Fairfax Station,Week5,Oakton ,Week5,204.5 Oakton - 197.5 Fairfax Station
Forest Hollow,Week3,Hollin Hills,Week2,319.0 Forest Hollow - 83.0 Hollin Hills
Forest Hollow,Week1,Tuckahoe,Week3,337.0 Tuckahoe - 65.0 Forest Hollow
Forest Hollow,Week1,Tuckahoe,Week2,320.0 Tuckahoe - 82.0 Forest Hollow
Forest Hollow,Week2,Hollin Hills,Week3,295.0 Forest Hollow - 107.0 Hollin Hills
Forest Hollow,Week5,Highlands Swim,Week5,287.0 Highlands Swim - 115.0 Forest Hollow
Forest Hollow,Week4,Highlands Swim,Week1,276.0 Highlands Swim - 126.0 Forest Hollow
Fox Hunt,Week4,Cottontail,Week2,231.0 Fox Hunt - 171.0 Cottontail
Forest Hollow,Week3,Highlands Swim,Week2,303.0 Highlands Swim - 99.0 Forest Hollow
Fairfax Station,Week4,Old Keene Mill,Week3,296.0 Fairfax Station - 106.0 Old Keene Mill
Forest Hollow,Week1,Hollin Hills,Week5,304.0 Forest Hollow - 98.0 Hollin Hills
Fairfax Station,Week4,Old Keene Mill,Week4,318.0 Fairfax Station - 84.0 Old Keene Mill
Forest Hollow,Week5,Vienna Aquatic,Week1,243.0 Vienna Aquatic - 159.0 Forest Hollow
Forest Hollow,Week1,Vienna Woods,Week5,307.0 Vienna Woods - 95.0 Forest Hollow
Forest Hollow,Week2,Highlands Swim,Week3,291.0 Highlands Swim - 111.0 Forest Hollow
Forest Hollow,Week1,Vienna Aquatic,Week2,263.0 Vienna Aquatic - 139.0 Forest Hollow
Forest Hollow,Week3,Highlands Swim,Week1,278.0 Highlands Swim - 124.0 Forest Hollow
Forest Hollow,Week2,Vienna Aquatic,Week2,274.0 Vienna Aquatic - 128.0 Forest Hollow
Forest Hollow,Week1,Vienna Woods,Week3,285.0 Vienna Woods - 117.0 Forest Hollow
Forest Hollow,Week5,Vienna Aquatic,Week4,261.0 Vienna Aquatic - 141.0 Forest Hollow
Fairfax Station,Week4,Old Keene Mill,Week2,309.0 Fairfax Station - 93.0 Old Keene Mill
Fairfax Station,Week3,Old Keene Mill,Week5,315.0 Fairfax Station - 87.0 Old Keene Mill
Forest Hollow,Week3,Hollin Hills,Week3,306.0 Forest Hollow - 96.0 Hollin Hills
Fox Hunt,Week3,Cottontail,Week3,236.0 Fox Hunt - 166.0 Cottontail
Forest Hollow,Week4,Highlands Swim,Week3,282.0 Highlands Swim - 120.0 Forest Hollow
Forest Hollow,Week2,Vienna Aquatic,Week5,304.0 Vienna Aquatic - 98.0 Forest Hollow
Forest Hollow,Week4,Highlands Swim,Week2,298.0 Highlands Swim - 104.0 Forest Hollow
Fox Hunt,Week3,Cottontail,Week1,228.5 Fox Hunt - 173.5 Cottontail
Forest Hollow,Week1,Hollin Hills,Week3,322.0 Forest Hollow - 80.0 Hollin Hills
Forest Hollow,Week5,Highlands Swim,Week3,277.0 Highlands Swim - 125.0 Forest Hollow
Forest Hollow,Week2,Highlands Swim,Week4,284.0 Highlands Swim - 118.0 Forest Hollow
Forest Hollow,Week5,Vienna Aquatic,Week5,295.0 Vienna Aquatic - 107.0 Forest Hollow
Fox Hunt,Week2,Cottontail,Week2,231.0 Fox Hunt - 171.0 Cottontail
Fox Hunt,Week4,Cottontail,Week5,211.0 Fox Hunt - 191.0 Cottontail
Forest Hollow,Week1,Hollin Hills,Week4,321.0 Forest Hollow - 79.0 Hollin Hills
Fox Hunt,Week1,Country Club Hills,Week1,207.0 Fox Hunt - 195.0 Country Club Hills
Fox Hunt,Week1,Cottontail,Week1,214.0 Fox Hunt - 188.0 Cottontail
Forest Hollow,Week5,Highlands Swim,Week1,270.0 Highlands Swim - 132.0 Forest Hollow
Forest Hollow,Week2,Highlands Swim,Week5,296.5 Highlands Swim - 105.5 Forest Hollow
Forest Hollow,Week1,Vienna Woods,Week1,276.0 Vienna Woods - 126.0 Forest Hollow
Forest Hollow,Week4,Highlands Swim,Week4,279.0 Highlands Swim - 123.0 Forest Hollow
Forest Hollow,Week1,Hollin Hills,Week1,316.0 Forest Hollow - 85.0 Hollin Hills
Forest Hollow,Week4,Vienna Aquatic,Week5,299.0 Vienna Aquatic - 103.0 Forest Hollow
Forest Hollow,Week3,Vienna Aquatic,Week5,300.0 Vienna Aquatic - 102.0 Forest Hollow
Fox Hunt,Week2,Cottontail,Week3,221.0 Fox Hunt - 181.0 Cottontail
Fox Hunt,Week1,Cottontail,Week4,223.0 Fox Hunt - 179.0 Cottontail
Forest Hollow,Week3,Vienna Aquatic,Week3,266.0 Vienna Aquatic - 136.0 Forest Hollow
Fox Hunt,Week2,Cottontail,Week1,221.0 Fox Hunt - 181.0 Cottontail
Forest Hollow,Week4,Vienna Woods,Week1,276.0 Vienna Woods - 126.0 Forest Hollow
Forest Hollow,Week4,Vienna Woods,Week4,251.0 Vienna Woods - 151.0 Forest Hollow
Forest Hollow,Week1,Vienna Aquatic,Week4,269.0 Vienna Aquatic - 133.0 Forest Hollow
Forest Hollow,Week2,Hollin Hills,Week5,296.0 Forest Hollow - 106.0 Hollin Hills
Forest Hollow,Week3,Vienna Aquatic,Week1,265.5 Vienna Aquatic - 136.5 Forest Hollow
Forest Hollow,Week4,Vienna Aquatic,Week3,275.0 Vienna Aquatic - 127.0 Forest Hollow
Fox Hunt,Week1,Cottontail,Week5,204.0 Fox Hunt - 198.0 Cottontail
Fox Hunt,Week4,Cottontail,Week4,217.0 Fox Hunt - 185.0 Cottontail
Forest Hollow,Week2,Hollin Meadows,Week2,218.0 Forest Hollow - 184.0 Hollin Meadows
Forest Hollow,Week4,Vienna Aquatic,Week1,256.0 Vienna Aquatic - 146.0 Forest Hollow
Fairfax Station,Week5,Rutherford,Week1,343.0 Fairfax Station - 59.0 Rutherford
Fox Hunt,Week3,Country Club Hills,Week5,224.0 Fox Hunt - 178.0 Country Club Hills
Fairfax Station,Week5,Rutherford,Week2,344.0 Fairfax Station - 58.0 Rutherford
Forest Hollow,Week1,Vienna Aquatic,Week5,295.0 Vienna Aquatic - 107.0 Forest Hollow
Fairfax Station,Week1,Shouse Village,Week4,226.0 Fairfax Station - 176.0 Shouse Village
Forest Hollow,Week2,Vienna Aquatic,Week4,276.0 Vienna Aquatic - 126.0 Forest Hollow
Forest Hollow,Week2,Vienna Aquatic,Week1,275.0 Vienna Aquatic - 127.0 Forest Hollow
Fox Hunt,Week3,Cottontail,Week4,234.0 Fox Hunt - 163.0 Cottontail
Forest Hollow,Week3,Hollin Hills,Week1,320.0 Forest Hollow - 82.0 Hollin Hills
Forest Hollow,Week2,Hollin Meadows,Week3,203.0 Forest Hollow - 199.0 Hollin Meadows
Fox Hunt,Week3,Cottontail,Week5,229.0 Fox Hunt - 173.0 Cottontail
Fairfax Station,Week4,Rutherford,Week5,311.5 Fairfax Station - 90.5 Rutherford
Forest Hollow,Week1,Vienna Aquatic,Week3,271.0 Vienna Aquatic - 131.0 Forest Hollow
Forest Hollow,Week5,Hollin Hills,Week5,322.0 Forest Hollow - 80.0 Hollin Hills
Forest Hollow,Week4,Hollin Hills,Week1,326.0 Forest Hollow - 76.0 Hollin Hills
Forest Hollow,Week2,Hollin Meadows,Week1,211.0 Hollin Meadows - 191.0 Forest Hollow
Forest Hollow,Week3,Vienna Aquatic,Week2,257.0 Vienna Aquatic - 145.0 Forest Hollow
Fairfax Station,Week3,Shouse Village,Week2,278.0 Fairfax Station - 124.0 Shouse Village
Fox Hunt,Week2,Country Club Hills,Week2,234.0 Fox Hunt - 168.0 Country Club Hills
Forest Hollow,Week4,Vienna Aquatic,Week2,258.0 Vienna Aquatic - 144.0 Forest Hollow
Fox Hunt,Week1,Cottontail,Week3,217.0 Fox Hunt - 185.0 Cottontail
Fairfax Station,Week3,Rutherford,Week4,332.0 Fairfax Station - 70.0 Rutherford
Fox Hunt,Week5,Cottontail,Week5,239.0 Fox Hunt - 163.0 Cottontail
Fox Hunt,Week2,Country Club Hills,Week3,237.0 Fox Hunt - 165.0 Country Club Hills
Fox Hunt,Week1,Country Club Hills,Week5,217.0 Country Club Hills - 185.0 Fox Hunt
Forest Hollow,Week1,Hollin Meadows,Week5,208.0 Hollin Meadows - 194.0 Forest Hollow
Forest Hollow,Week2,Vienna Aquatic,Week3,275.0 Vienna Aquatic - 127.0 Forest Hollow
Forest Hollow,Week4,Hollin Meadows,Week1,206.0 Hollin Meadows - 196.0 Forest Hollow
Fairfax Station,Week2,Shouse Village,Week1,255.0 Fairfax Station - 147.0 Shouse Village
Forest Hollow,Week3,Hollin Hills,Week4,327.0 Forest Hollow - 75.0 Hollin Hills
Forest Hollow,Week1,Vienna Woods,Week2,276.0 Vienna Woods - 126.0 Forest Hollow
Fairfax Station,Week4,Shouse Village,Week5,215.0 Fairfax Station - 187.0 Shouse Village
Fairfax Station,Week3,Shouse Village,Week1,262.0 Fairfax Station - 140.0 Shouse Village
Fairfax Station,Week5,Shouse Village,Week4,251.0 Fairfax Station - 151.0 Shouse Village
Forest Hollow,Week5,Vienna Aquatic,Week3,264.0 Vienna Aquatic - 138.0 Forest Hollow
Forest Hollow,Week3,Vienna Aquatic,Week4,281.0 Vienna Aquatic - 121.0 Forest Hollow
Fairfax Station,Week1,Shouse Village,Week2,273.0 Fairfax Station - 129.0 Shouse Village
Fox Hunt,Week4,Cottontail,Week1,219.0 Fox Hunt - 183.0 Cottontail
Fox Hunt,Week2,Cottontail,Week4,224.0 Fox Hunt - 178.0 Cottontail
Forest Hollow,Week3,Hollin Hills,Week5,313.0 Forest Hollow - 89.0 Hollin Hills
Forest Hollow,Week4,Vienna Aquatic,Week4,263.0 Vienna Aquatic - 139.0 Forest Hollow
Fox Hunt,Week2,Cottontail,Week5,212.5 Fox Hunt - 189.5 Cottontail
Forest Hollow,Week4,Hollin Hills,Week3,322.0 Forest Hollow - 80.0 Hollin Hills
Forest Hollow,Week5,Vienna Aquatic,Week2,263.0 Vienna Aquatic - 139.0 Forest Hollow
Fox Hunt,Week5,Cottontail,Week2,248.0 Fox Hunt - 154.0 Cottontail
Fairfax Station,Week2,Shouse Village,Week5,217.0 Fairfax Station - 185.0 Shouse Village
Forest Hollow,Week5,Hollin Hills,Week1,328.0 Forest Hollow - 74.0 Hollin Hills
Forest Hollow,Week2,Vienna Woods,Week2,282.0 Vienna Woods - 120.0 Forest Hollow
Fox Hunt,Week1,Cottontail,Week2,231.5 Fox Hunt - 170.5 Cottontail
Fox Hunt,Week5,Cottontail,Week1,233.0 Fox Hunt - 169.0 Cottontail
Forest Hollow,Week2,Hollin Meadows,Week5,209.0 Hollin Meadows - 193.0 Forest Hollow
Fairfax Station,Week4,Shouse Village,Week3,239.0 Fairfax Station - 163.0 Shouse Village
Forest Hollow,Week5,Hollin Hills,Week4,332.0 Forest Hollow - 68.0 Hollin Hills
Fairfax Station,Week4,Rutherford,Week4,321.0 Fairfax Station - 81.0 Rutherford
Forest Hollow,Week3,Hollin Meadows,Week3,220.0 Forest Hollow - 182.0 Hollin Meadows
Fox Hunt,Week5,Cottontail,Week3,243.0 Fox Hunt - 159.0 Cottontail
Forest Hollow,Week3,Hollin Meadows,Week4,219.0 Forest Hollow - 183.0 Hollin Meadows
Fox Hunt,Week5,Commonwealth,Week5,248.0 Fox Hunt - 154.0 Commonwealth
Forest Hollow,Week3,Hollin Meadows,Week2,217.0 Forest Hollow - 185.0 Hollin Meadows
Fox Hunt,Week3,Cottontail,Week2,236.0 Fox Hunt - 166.0 Cottontail
Fairfax Station,Week2,Shouse Village,Week2,282.0 Fairfax Station - 120.0 Shouse Village
Forest Hollow,Week2,Vienna Woods,Week4,269.0 Vienna Woods - 133.0 Forest Hollow
Fairfax Station,Week3,Rutherford,Week5,328.0 Fairfax Station - 74.0 Rutherford
Forest Hollow,Week1,Vienna Woods,Week4,256.0 Vienna Woods - 146.0 Forest Hollow
Forest Hollow,Week2,Vienna Woods,Week3,299.0 Vienna Woods - 103.0 Forest Hollow
Forest Hollow,Week1,Hollin Meadows,Week1,206.0 Forest Hollow - 196.0 Hollin Meadows
Forest Hollow,Week2,Vienna Woods,Week1,300.0 Vienna Woods - 97.0 Forest Hollow
Fairfax Station,Week4,Rutherford,Week3,310.0 Fairfax Station - 92.0 Rutherford
Fairfax Station,Week5,Rutherford,Week5,331.0 Fairfax Station - 71.0 Rutherford
Fox Hunt,Week5,Cottontail,Week4,246.0 Fox Hunt - 156.0 Cottontail
Forest Hollow,Week1,Hollin Meadows,Week4,225.0 Forest Hollow - 177.0 Hollin Meadows
Fairfax Station,Week5,Shouse Village,Week1,271.0 Fairfax Station - 131.0 Shouse Village
Fox Hunt,Week3,Country Club Hills,Week1,240.0 Fox Hunt - 162.0 Country Club Hills
Fox Hunt,Week4,Cottontail,Week3,226.0 Fox Hunt - 176.0 Cottontail
Fairfax Station,Week5,Rutherford,Week4,344.0 Fairfax Station - 58.0 Rutherford
Forest Hollow,Week5,Hollin Hills,Week2,324.0 Forest Hollow - 77.0 Hollin Hills
Forest Hollow,Week2,Vienna Woods,Week5,315.0 Vienna Woods - 87.0 Forest Hollow
Forest Hollow,Week3,Vienna Woods,Week3,296.0 Vienna Woods - 106.0 Forest Hollow
Fox Hunt,Week2,Country Club Hills,Week5,209.0 Country Club Hills - 193.0 Fox Hunt
Forest Hollow,Week3,Vienna Woods,Week2,275.0 Vienna Woods - 127.0 Forest Hollow
Forest Hollow,Week4,Vienna Woods,Week2,271.0 Vienna Woods - 131.0 Forest Hollow
Forest Hollow,Week2,Hollin Meadows,Week4,203.0 Forest Hollow - 199.0 Hollin Meadows
Fox Hunt,Week2,Country Club Hills,Week4,219.0 Fox Hunt - 183.0 Country Club Hills
Forest Hollow,Week3,Vienna Woods,Week1,281.0 Vienna Woods - 121.0 Forest Hollow
Fairfax Station,Week1,Shouse Village,Week1,250.0 Fairfax Station - 152.0 Shouse Village
Forest Hollow,Week5,Hollin Hills,Week3,325.0 Forest Hollow - 77.0 Hollin Hills
Fox Hunt,Week3,Country Club Hills,Week2,252.0 Fox Hunt - 150.0 Country Club Hills
Forest Hollow,Week4,Hollin Hills,Week4,328.0 Forest Hollow - 73.0 Hollin Hills
Forest Hollow,Week3,Vienna Woods,Week4,259.0 Vienna Woods - 143.0 Forest Hollow
Fairfax Station,Week5,Rutherford,Week3,337.0 Fairfax Station - 65.0 Rutherford
Forest Hollow,Week1,Hollin Meadows,Week2,222.0 Forest Hollow - 180.0 Hollin Meadows
Fox Hunt,Week2,Country Club Hills,Week1,227.0 Fox Hunt - 175.0 Country Club Hills
Forest Hollow,Week3,Vienna Woods,Week5,317.0 Vienna Woods - 85.0 Forest Hollow
Forest Hollow,Week4,Hollin Hills,Week2,325.0 Forest Hollow - 77.0 Hollin Hills
Fairfax Station,Week1,Shouse Village,Week3,242.0 Fairfax Station - 160.0 Shouse Village
Fairfax Station,Week5,Shouse Village,Week3,261.0 Fairfax Station - 141.0 Shouse Village
Fairfax Station,Week4,Rutherford,Week1,337.0 Fairfax Station - 65.0 Rutherford
Forest Hollow,Week4,Holmes Run Acres,Week5,214.0 Holmes Run Acres - 188.0 Forest Hollow
Fox Hunt,Week1,Country Club Hills,Week3,202.0 Fox Hunt - 200.0 Country Club Hills
Forest Hollow,Week4,Hollin Hills,Week5,311.0 Forest Hollow - 91.0 Hollin Hills
Fairfax Station,Week4,Shouse Village,Week4,222.0 Fairfax Station - 180.0 Shouse Village
Fairfax Station,Week3,Shouse Village,Week5,230.0 Fairfax Station - 172.0 Shouse Village
Forest Hollow,Week3,Holmes Run Acres,Week4,226.0 Forest Hollow - 176.0 Holmes Run Acres
Fox Hunt,Week3,Country Club Hills,Week3,244.0 Fox Hunt - 158.0 Country Club Hills
Fox Hunt,Week2,Crosspointe,Week2,259.0 Crosspointe - 143.0 Fox Hunt
Forest Hollow,Week4,Vienna Woods,Week3,283.0 Vienna Woods - 119.0 Forest Hollow
Fox Hunt,Week3,Country Club Hills,Week4,241.0 Fox Hunt - 161.0 Country Club Hills
Forest Hollow,Week5,Pinewood Lake,Week2,370.0 Forest Hollow - 31.0 Pinewood Lake
Forest Hollow,Week3,Hollin Meadows,Week1,209.0 Hollin Meadows - 193.0 Forest Hollow
Forest Hollow,Week5,Vienna Woods,Week3,283.5 Vienna Woods - 118.5 Forest Hollow
Forest Hollow,Week3,Villa Aquatic,Week1,250.0 Forest Hollow - 152.0 Villa Aquatic
Forest Hollow,Week4,Pleasant Valley,Week3,291.0 Forest Hollow - 111.0 Pleasant Valley
Forest Hollow,Week1,Holmes Run Acres,Week2,222.0 Forest Hollow - 180.0 Holmes Run Acres
Fairfax Station,Week3,Shouse Village,Week3,253.0 Fairfax Station - 149.0 Shouse Village
Forest Hollow,Week5,Pinewood Lake,Week1,368.0 Forest Hollow - 32.0 Pinewood Lake
Fox Hunt,Week1,Country Club Hills,Week2,218.0 Fox Hunt - 184.0 Country Club Hills
Fox Hunt,Week2,Crosspointe,Week5,291.0 Crosspointe - 111.0 Fox Hunt
Fairfax Station,Week1,Shouse Village,Week5,214.0 Fairfax Station - 188.0 Shouse Village
Fairfax Station,Week2,Shouse Village,Week3,249.0 Fairfax Station - 153.0 Shouse Village
Forest Hollow,Week5,Hollin Meadows,Week4,224.0 Forest Hollow - 178.0 Hollin Meadows
Forest Hollow,Week2,Villa Aquatic,Week4,221.0 Forest Hollow - 181.0 Villa Aquatic
Forest Hollow,Week1,Pleasant Valley,Week5,300.0 Forest Hollow - 101.0 Pleasant Valley
Forest Hollow,Week2,Villa Aquatic,Week2,231.0 Forest Hollow - 171.0 Villa Aquatic
Forest Hollow,Week4,Holmes Run Acres,Week1,234.0 Forest Hollow - 168.0 Holmes Run Acres
Fairfax Station,Week4,Shouse Village,Week2,264.0 Fairfax Station - 138.0 Shouse Village
Forest Hollow,Week4,Pleasant Valley,Week1,309.0 Forest Hollow - 92.0 Pleasant Valley
Fox Hunt,Week1,Country Club Hills,Week4,208.0 Fox Hunt - 194.0 Country Club Hills
Fairfax Station,Week4,Shouse Village,Week1,253.0 Fairfax Station - 149.0 Shouse Village
Forest Hollow,Week1,Pleasant Valley,Week1,306.0 Forest Hollow - 96.0 Pleasant Valley
Forest Hollow,Week3,Holmes Run Acres,Week1,240.0 Forest Hollow - 162.0 Holmes Run Acres
Forest Hollow,Week1,Hollin Meadows,Week3,213.0 Forest Hollow - 189.0 Hollin Meadows
Forest Hollow,Week5,Vienna Woods,Week4,246.0 Vienna Woods - 156.0 Forest Hollow
Forest Hollow,Week5,Vienna Woods,Week1,273.0 Vienna Woods - 129.0 Forest Hollow
Forest Hollow,Week4,Pinewood Lake,Week3,373.0 Forest Hollow - 28.0 Pinewood Lake
Fox Hunt,Week1,Crosspointe,Week1,287.0 Crosspointe - 115.0 Fox Hunt
Fox Hunt,Week4,Country Club Hills,Week3,223.0 Fox Hunt - 179.0 Country Club Hills
Fox Hunt,Week5,Country Club Hills,Week1,236.0 Fox Hunt - 166.0 Country Club Hills
Fairfax Station,Week2,Shouse Village,Week4,225.0 Fairfax Station - 177.0 Shouse Village
Forest Hollow,Week3,Hollin Meadows,Week5,202.0 Hollin Meadows - 200.0 Forest Hollow
Forest Hollow,Week1,Villa Aquatic,Week5,203.0 Villa Aquatic - 199.0 Forest Hollow
Forest Hollow,Week4,Pleasant Valley,Week2,311.0 Forest Hollow - 90.0 Pleasant Valley
Fairfax Station,Week4,Rutherford,Week2,325.0 Fairfax Station - 77.0 Rutherford
Forest Hollow,Week2,Villa Aquatic,Week3,211.0 Villa Aquatic - 191.0 Forest Hollow
Forest Hollow,Week5,Vienna Woods,Week5,313.0 Vienna Woods - 89.0 Forest Hollow
Fairfax Station,Week3,Shouse Village,Week4,238.0 Fairfax Station - 164.0 Shouse Village
Fox Hunt,Week5,Country Club Hills,Week2,258.0 Fox Hunt - 144.0 Country Club Hills
Forest Hollow,Week2,Villa Aquatic,Week5,201.0 Forest Hollow - 201.0 Villa Aquatic
Forest Hollow,Week2,Villa Aquatic,Week1,243.0 Forest Hollow - 159.0 Villa Aquatic
Forest Hollow,Week5,Hollin Meadows,Week1,217.5 Forest Hollow - 184.5 Hollin Meadows
Forest Hollow,Week3,Villa Aquatic,Week3,206.0 Forest Hollow - 196.0 Villa Aquatic
Forest Hollow,Week4,Pinewood Lake,Week4,364.0 Forest Hollow - 37.0 Pinewood Lake
Fairfax Station,Week2,Sideburn Run,Week2,256.0 Fairfax Station - 146.0 Sideburn Run
Forest Hollow,Week1,Pleasant Valley,Week3,281.0 Forest Hollow - 121.0 Pleasant Valley
Fox Hunt,Week1,Crosspointe,Week5,293.0 Crosspointe - 109.0 Fox Hunt
Forest Hollow,Week4,Hollin Meadows,Week4,223.0 Forest Hollow - 179.0 Hollin Meadows
Forest Hollow,Week1,Holmes Run Acres,Week3,214.0 Holmes Run Acres - 188.0 Forest Hollow
Forest Hollow,Week2,Holmes Run Acres,Week5,218.0 Holmes Run Acres - 184.0 Forest Hollow
Fairfax Station,Week4,Sideburn Run,Week3,236.0 Fairfax Station - 166.0 Sideburn Run
Fox Hunt,Week5,Country Club Hills,Week3,247.0 Fox Hunt - 155.0 Country Club Hills
Forest Hollow,Week5,Vienna Woods,Week2,264.0 Vienna Woods - 138.0 Forest Hollow
Fox Hunt,Week3,Crosspointe,Week1,263.0 Crosspointe - 139.0 Fox Hunt
Fox Hunt,Week1,Crosspointe,Week3,266.0 Crosspointe - 136.0 Fox Hunt
Forest Hollow,Week4,Vienna Woods,Week5,311.0 Vienna Woods - 91.0 Forest Hollow
Fairfax Station,Week5,Shouse Village,Week2,291.0 Fairfax Station - 111.0 Shouse Village
Forest Hollow,Week4,Hollin Meadows,Week2,222.0 Forest Hollow - 180.0 Hollin Meadows
Fairfax Station,Week3,Sideburn Run,Week4,270.0 Fairfax Station - 132.0 Sideburn Run
Forest Hollow,Week1,Pleasant Valley,Week4,312.0 Forest Hollow - 88.0 Pleasant Valley
Forest Hollow,Week5,Pinewood Lake,Week3,373.0 Forest Hollow - 28.0 Pinewood Lake
Forest Hollow,Week3,Pleasant Valley,Week1,302.0 Forest Hollow - 100.0 Pleasant Valley
Forest Hollow,Week4,Pinewood Lake,Week5,360.0 Forest Hollow - 41.0 Pinewood Lake
Forest Hollow,Week1,Villa Aquatic,Week4,212.0 Forest Hollow - 190.0 Villa Aquatic
Forest Hollow,Week3,Villa Aquatic,Week4,227.0 Forest Hollow - 175.0 Villa Aquatic
Forest Hollow,Week2,Pleasant Valley,Week3,278.0 Forest Hollow - 124.0 Pleasant Valley
Forest Hollow,Week1,Holmes Run Acres,Week5,211.0 Holmes Run Acres - 191.0 Forest Hollow
Fox Hunt,Week4,Country Club Hills,Week5,206.0 Fox Hunt - 196.0 Country Club Hills
Fairfax Station,Week3,Sideburn Run,Week2,272.0 Fairfax Station - 130.0 Sideburn Run
Fairfax Station,Week3,Sideburn Run,Week3,261.0 Fairfax Station - 141.0 Sideburn Run
Forest Hollow,Week3,Pleasant Valley,Week2,307.0 Forest Hollow - 95.0 Pleasant Valley
Forest Hollow,Week2,Holmes Run Acres,Week2,217.0 Forest Hollow - 185.0 Holmes Run Acres
Forest Hollow,Week1,Villa Aquatic,Week2,229.0 Forest Hollow - 173.0 Villa Aquatic
Forest Hollow,Week4,Holmes Run Acres,Week2,234.0 Forest Hollow - 168.0 Holmes Run Acres
Forest Hollow,Week1,Villa Aquatic,Week1,233.0 Forest Hollow - 169.0 Villa Aquatic
Fairfax Station,Week1,Mount Vernon Park,Week3,211.0 Mount Vernon Park - 191.0 Fairfax Station
Fox Hunt,Week2,Crosspointe,Week3,262.0 Crosspointe - 140.0 Fox Hunt
Forest Hollow,Week1,Villa Aquatic,Week3,203.0 Villa Aquatic - 199.0 Forest Hollow
Fairfax Station,Week3,Sideburn Run,Week5,248.0 Fairfax Station - 154.0 Sideburn Run
Forest Hollow,Week4,Holmes Run Acres,Week3,207.0 Forest Hollow - 195.0 Holmes Run Acres
Fox Hunt,Week1,Crosspointe,Week4,268.0 Crosspointe - 134.0 Fox Hunt
Forest Hollow,Week5,Holmes Run Acres,Week2,242.0 Forest Hollow - 160.0 Holmes Run Acres
Fox Hunt,Week4,Country Club Hills,Week4,227.0 Fox Hunt - 175.0 Country Club Hills
Fairfax Station,Week5,Shouse Village,Week5,244.0 Fairfax Station - 158.0 Shouse Village
Forest Hollow,Week3,Villa Aquatic,Week2,246.0 Forest Hollow - 156.0 Villa Aquatic
Fox Hunt,Week4,Country Club Hills,Week2,238.0 Fox Hunt - 164.0 Country Club Hills
Fairfax Station,Week4,Sideburn Run,Week1,229.0 Fairfax Station - 173.0 Sideburn Run
Fox Hunt,Week4,Country Club Hills,Week1,224.0 Fox Hunt - 178.0 Country Club Hills
Forest Hollow,Week3,Pleasant Valley,Week4,316.0 Forest Hollow - 85.0 Pleasant Valley
Fairfax Station,Week5,Sideburn Run,Week4,267.0 Fairfax Station - 135.0 Sideburn Run
Fairfax Station,Week1,Sideburn Run,Week3,254.0 Fairfax Station - 148.0 Sideburn Run
Forest Hollow,Week3,Villa Aquatic,Week5,203.0 Forest Hollow - 199.0 Villa Aquatic
Fairfax Station,Week5,Mosby Woods,Week4,236.0 Fairfax Station - 166.0 Mosby Woods
Fairfax Station,Week5,Sideburn Run,Week1,259.0 Fairfax Station - 143.0 Sideburn Run
Forest Hollow,Week1,Pleasant Valley,Week2,304.0 Forest Hollow - 98.0 Pleasant Valley
Fox Hunt,Week3,Crosspointe,Week2,250.0 Crosspointe - 152.0 Fox Hunt
Forest Hollow,Week1,Village West,Week3,269.0 Forest Hollow - 133.0 Village West
Forest Hollow,Week2,Holmes Run Acres,Week3,217.0 Holmes Run Acres - 185.0 Forest Hollow
Forest Hollow,Week5,Holmes Run Acres,Week5,211.0 Forest Hollow - 191.0 Holmes Run Acres
Fairfax Station,Week2,Sideburn Run,Week3,254.0 Fairfax Station - 148.0 Sideburn Run
Fairfax Station,Week2,Mount Vernon Park,Week1,209.5 Fairfax Station - 192.5 Mount Vernon Park
Forest Hollow,Week5,Hollin Meadows,Week2,235.0 Forest Hollow - 167.0 Hollin Meadows
Fairfax Station,Week2,Mount Vernon Park,Week3,204.0 Mount Vernon Park - 198.0 Fairfax Station
Forest Hollow,Week2,Pleasant Valley,Week5,285.0 Forest Hollow - 112.0 Pleasant Valley
Forest Hollow,Week3,Pleasant Valley,Week5,308.0 Forest Hollow - 93.0 Pleasant Valley
Fox Hunt,Week5,Country Club Hills,Week4,240.0 Fox Hunt - 162.0 Country Club Hills
Fairfax Station,Week4,Sideburn Run,Week4,250.0 Fairfax Station - 152.0 Sideburn Run
Fairfax Station,Week2,Sideburn Run,Week1,250.0 Fairfax Station - 152.0 Sideburn Run
Fairfax Station,Week4,Mosby Woods,Week1,204.0 Fairfax Station - 198.0 Mosby Woods
Fairfax Station,Week3,Mount Vernon Park,Week1,233.0 Fairfax Station - 169.0 Mount Vernon Park
Forest Hollow,Week4,Hollin Meadows,Week5,207.5 Hollin Meadows - 194.5 Forest Hollow
Forest Hollow,Week3,Village West,Week1,295.5 Forest Hollow - 106.5 Village West
Forest Hollow,Week3,Village West,Week5,292.0 Forest Hollow - 110.0 Village West
Fox Hunt,Week1,Crosspointe,Week2,261.0 Crosspointe - 141.0 Fox Hunt
Forest Hollow,Week5,Hollin Meadows,Week3,215.0 Forest Hollow - 187.0 Hollin Meadows
Forest Hollow,Week4,Villa Aquatic,Week3,209.0 Forest Hollow - 193.0 Villa Aquatic
Fox Hunt,Week3,Daventry,Week5,282.0 Fox Hunt - 120.0 Daventry
Fairfax Station,Week3,Mount Vernon Park,Week4,233.0 Fairfax Station - 169.0 Mount Vernon Park
Forest Hollow,Week5,Pinewood Lake,Week5,359.0 Forest Hollow - 42.0 Pinewood Lake
Fox Hunt,Week2,Crosspointe,Week4,267.0 Crosspointe - 135.0 Fox Hunt
Forest Hollow,Week5,Pinewood Lake,Week4,367.0 Forest Hollow - 34.0 Pinewood Lake
Fairfax Station,Week3,Mount Vernon Park,Week2,221.0 Fairfax Station - 181.0 Mount Vernon Park
Forest Hollow,Week1,Holmes Run Acres,Week1,225.0 Forest Hollow - 177.0 Holmes Run Acres
Forest Hollow,Week2,Pleasant Valley,Week4,302.0 Forest Hollow - 99.0 Pleasant Valley
Forest Hollow,Week4,Hollin Meadows,Week3,202.0 Forest Hollow - 200.0 Hollin Meadows
Forest Hollow,Week5,Villa Aquatic,Week3,210.0 Forest Hollow - 192.0 Villa Aquatic
Forest Hollow,Week2,Pleasant Valley,Week1,292.0 Forest Hollow - 105.0 Pleasant Valley
Fairfax Station,Week1,Sleepy Hollow B & R,Week2,228.0 Fairfax Station - 174.0 Sleepy Hollow B & R
Fox Hunt,Week5,Country Club Hills,Week5,217.0 Fox Hunt - 185.0 Country Club Hills
Forest Hollow,Week4,Village West,Week1,299.0 Forest Hollow - 103.0 Village West
Forest Hollow,Week1,Holmes Run Acres,Week4,211.5 Forest Hollow - 190.5 Holmes Run Acres
Fairfax Station,Week4,Mosby Woods,Week2,209.0 Mosby Woods - 193.0 Fairfax Station
Fox Hunt,Week2,Crosspointe,Week1,291.0 Crosspointe - 111.0 Fox Hunt
Forest Hollow,Week1,Village West,Week4,281.0 Forest Hollow - 116.0 Village West
Fairfax Station,Week5,Sideburn Run,Week5,266.0 Fairfax Station - 136.0 Sideburn Run
Fairfax Station,Week1,Mount Vernon Park,Week5,214.0 Mount Vernon Park - 188.0 Fairfax Station
Forest Hollow,Week3,Pleasant Valley,Week3,294.0 Forest Hollow - 108.0 Pleasant Valley
Fairfax Station,Week5,Sideburn Run,Week2,268.0 Fairfax Station - 134.0 Sideburn Run
Forest Hollow,Week3,Poplar Heights,Week3,205.0 Forest Hollow - 197.0 Poplar Heights
Fox Hunt,Week3,Crosspointe,Week3,245.0 Crosspointe - 152.0 Fox Hunt
Forest Hollow,Week2,Holmes Run Acres,Week1,213.0 Forest Hollow - 189.0 Holmes Run Acres
Fairfax Station,Week5,Mosby Woods,Week1,221.0 Fairfax Station - 181.0 Mosby Woods
Fox Hunt,Week4,Crosspointe,Week5,291.0 Crosspointe - 111.0 Fox Hunt
Forest Hollow,Week5,Pleasant Valley,Week2,311.0 Forest Hollow - 90.0 Pleasant Valley
Forest Hollow,Week5,Pleasant Valley,Week3,299.0 Forest Hollow - 103.0 Pleasant Valley
Fairfax Station,Week4,Mount Vernon Park,Week1,203.0 Fairfax Station - 199.0 Mount Vernon Park
Forest Hollow,Week2,Holmes Run Acres,Week4,214.0 Forest Hollow - 188.0 Holmes Run Acres
Forest Hollow,Week2,Pleasant Valley,Week2,298.0 Forest Hollow - 99.0 Pleasant Valley
Fox Hunt,Week4,Crosspointe,Week4,251.0 Crosspointe - 151.0 Fox Hunt
Fox Hunt,Week1,Daventry,Week1,291.0 Fox Hunt - 111.0 Daventry
Fairfax Station,Week3,Sideburn Run,Week1,255.0 Fairfax Station - 147.0 Sideburn Run
Forest Hollow,Week2,Village West,Week5,284.0 Forest Hollow - 118.0 Village West
Fairfax Station,Week4,Mosby Woods,Week4,219.0 Fairfax Station - 183.0 Mosby Woods
Forest Hollow,Week3,Holmes Run Acres,Week2,223.0 Forest Hollow - 179.0 Holmes Run Acres
Forest Hollow,Week4,Village West,Week4,286.0 Forest Hollow - 111.0 Village West
Fairfax Station,Week1,Sideburn Run,Week5,232.0 Fairfax Station - 170.0 Sideburn Run
Forest Hollow,Week4,Villa Aquatic,Week2,249.0 Forest Hollow - 153.0 Villa Aquatic
Fairfax Station,Week1,Sideburn Run,Week4,249.0 Fairfax Station - 153.0 Sideburn Run
Forest Hollow,Week5,Hollin Meadows,Week5,207.0 Forest Hollow - 195.0 Hollin Meadows
Fox Hunt,Week5,Crosspointe,Week4,225.0 Crosspointe - 177.0 Fox Hunt
Fairfax Station,Week1,Sideburn Run,Week1,240.0 Fairfax Station - 162.0 Sideburn Run
Fairfax Station,Week1,Newington Forest,Week2,322.0 Fairfax Station - 78.0 Newington Forest
Forest Hollow,Week5,Holmes Run Acres,Week3,210.0 Forest Hollow - 192.0 Holmes Run Acres
Forest Hollow,Week3,Holmes Run Acres,Week5,211.0 Holmes Run Acres - 191.0 Forest Hollow
Forest Hollow,Week3,Holmes Run Acres,Week3,204.0 Holmes Run Acres - 198.0 Forest Hollow
Forest Hollow,Week4,Holmes Run Acres,Week4,226.5 Forest Hollow - 175.5 Holmes Run Acres
Fox Hunt,Week1,Daventry,Week4,303.0 Fox Hunt - 99.0 Daventry
Fairfax Station,Week4,Mount Vernon Park,Week4,214.0 Fairfax Station - 188.0 Mount Vernon Park
Forest Hollow,Week4,Villa Aquatic,Week1,247.0 Forest Hollow - 155.0 Villa Aquatic
Forest Hollow,Week5,Pleasant Valley,Week5,315.0 Forest Hollow - 87.0 Pleasant Valley
Fairfax Station,Week3,Mosby Woods,Week3,221.5 Fairfax Station - 180.5 Mosby Woods
Forest Hollow,Week5,Villa Aquatic,Week1,270.5 Forest Hollow - 131.5 Villa Aquatic
Forest Hollow,Week4,Villa Aquatic,Week4,221.0 Forest Hollow - 181.0 Villa Aquatic
Fairfax Station,Week5,Sideburn Run,Week3,268.0 Fairfax Station - 134.0 Sideburn Run
Forest Hollow,Week1,Village West,Week5,285.0 Forest Hollow - 117.0 Village West
Fairfax Station,Week1,Sleepy Hollow B & R,Week1,255.5 Fairfax Station - 146.5 Sleepy Hollow B & R
Forest Hollow,Week4,Pleasant Valley,Week4,317.0 Forest Hollow - 83.0 Pleasant Valley
Fairfax Station,Week2,Sideburn Run,Week5,246.0 Fairfax Station - 156.0 Sideburn Run
Fox Hunt,Week1,Daventry,Week2,300.0 Fox Hunt - 102.0 Daventry
Fairfax Station,Week2,Sideburn Run,Week4,257.0 Fairfax Station - 145.0 Sideburn Run
Fairfax Station,Week4,Sideburn Run,Week2,243.0 Fairfax Station - 159.0 Sideburn Run
Forest Hollow,Week1,Poplar Heights,Week1,207.0 Forest Hollow - 195.0 Poplar Heights
Forest Hollow,Week1,Poplar Heights,Week4,218.0 Poplar Heights - 184.0 Forest Hollow
Forest Hollow,Week1,Village West,Week2,284.0 Forest Hollow - 118.0 Village West
Forest Hollow,Week5,Pleasant Valley,Week4,326.0 Forest Hollow - 74.0 Pleasant Valley
Forest Hollow,Week5,Holmes Run Acres,Week1,240.0 Forest Hollow - 162.0 Holmes Run Acres
Fairfax Station,Week3,Mosby Woods,Week5,217.0 Fairfax Station - 185.0 Mosby Woods
Fairfax Station,Week1,Mount Vernon Park,Week1,207.0 Fairfax Station - 195.0 Mount Vernon Park
Fox Hunt,Week3,Crosspointe,Week4,258.0 Crosspointe - 144.0 Fox Hunt
Fox Hunt,Week4,Crosspointe,Week1,281.0 Crosspointe - 121.0 Fox Hunt
Forest Hollow,Week2,Poplar Heights,Week2,222.0 Poplar Heights - 180.0 Forest Hollow
Forest Hollow,Week4,Hunt Valley,Week3,259.0 Hunt Valley - 143.0 Forest Hollow
Forest Hollow,Week1,Hunter Mill,Week3,231.5 Hunter Mill - 170.5 Forest Hollow
Forest Hollow,Week2,Poplar Heights,Week5,224.0 Poplar Heights - 178.0 Forest Hollow
Fairfax Station,Week5,Mosby Woods,Week3,221.0 Fairfax Station - 181.0 Mosby Woods
Forest Hollow,Week3,Village West,Week2,292.0 Forest Hollow - 110.0 Village West
Forest Hollow,Week5,Holmes Run Acres,Week4,231.0 Forest Hollow - 171.0 Holmes Run Acres
Fairfax Station,Week5,Mosby Woods,Week2,209.0 Fairfax Station - 193.0 Mosby Woods
Forest Hollow,Week1,Hunt Valley,Week4,253.0 Hunt Valley - 149.0 Forest Hollow
Forest Hollow,Week5,Hunt Valley,Week3,257.0 Hunt Valley - 145.0 Forest Hollow
Forest Hollow,Week2,Village West,Week3,249.5 Forest Hollow - 152.5 Village West
Fairfax Station,Week1,Rolling Valley,Week4,336.0 Fairfax Station - 66.0 Rolling Valley
Fairfax Station,Week4,Rolling Valley,Week1,356.0 Fairfax Station - 46.0 Rolling Valley
Fox Hunt,Week5,Crosspointe,Week3,230.0 Crosspointe - 172.0 Fox Hunt
Fox Hunt,Week1,Daventry,Week3,300.0 Fox Hunt - 102.0 Daventry
Forest Hollow,Week2,Village West,Week4,277.0 Forest Hollow - 120.0 Village West
Forest Hollow,Week2,Village West,Week1,282.0 Forest Hollow - 120.0 Village West
Fox Hunt,Week2,Daventry,Week3,298.0 Fox Hunt - 103.0 Daventry
Fairfax Station,Week2,Rolling Valley,Week3,342.0 Fairfax Station - 60.0 Rolling Valley
Forest Hollow,Week1,Hunt Valley,Week2,242.0 Hunt Valley - 160.0 Forest Hollow
Fox Hunt,Week2,Daventry,Week2,299.0 Fox Hunt - 102.0 Daventry
Forest Hollow,Week2,Poplar Heights,Week4,212.0 Poplar Heights - 190.0 Forest Hollow
Forest Hollow,Week2,Hunt Valley,Week3,283.0 Hunt Valley - 119.0 Forest Hollow
Forest Hollow,Week1,Village West,Week1,293.0 Forest Hollow - 109.0 Village West
Forest Hollow,Week3,Poplar Heights,Week2,203.0 Forest Hollow - 199.0 Poplar Heights
Forest Hollow,Week2,Poplar Heights,Week3,234.0 Poplar Heights - 168.0 Forest Hollow
Fairfax Station,Week5,Rolling Hills,Week4,326.0 Fairfax Station - 76.0 Rolling Hills
Forest Hollow,Week5,Villa Aquatic,Week5,225.0 Forest Hollow - 177.0 Villa Aquatic
Fairfax Station,Week4,Long Branch,Week5,271.0 Fairfax Station - 131.0 Long Branch
Fairfax Station,Week5,Rolling Valley,Week3,351.0 Fairfax Station - 51.0 Rolling Valley
Fox Hunt,Week2,Daventry,Week4,304.0 Fox Hunt - 97.0 Daventry
Fairfax Station,Week4,Mosby Woods,Week3,207.0 Fairfax Station - 195.0 Mosby Woods
Fox Hunt,Week4,Crosspointe,Week2,252.0 Crosspointe - 150.0 Fox Hunt
Forest Hollow,Week2,Village West,Week2,270.0 Forest Hollow - 132.0 Village West
Fairfax Station,Week1,Rolling Valley,Week3,339.0 Fairfax Station - 63.0 Rolling Valley
Fairfax Station,Week1,Mount Vernon Park,Week2,204.0 Fairfax Station - 198.0 Mount Vernon Park
Forest Hollow,Week3,Poplar Heights,Week1,224.0 Forest Hollow - 178.0 Poplar Heights
Fairfax Station,Week2,Mount Vernon Park,Week4,209.0 Fairfax Station - 193.0 Mount Vernon Park
Fairfax Station,Week4,Mosby Woods,Week5,216.0 Mosby Woods - 186.0 Fairfax Station
Forest Hollow,Week4,Poplar Heights,Week4,209.5 Forest Hollow - 192.5 Poplar Heights
Fairfax Station,Week2,Mount Vernon Park,Week2,214.0 Fairfax Station - 188.0 Mount Vernon Park
Fox Hunt,Week1,Daventry,Week5,286.0 Fox Hunt - 111.0 Daventry
Forest Hollow,Week2,Poplar Tree,Week1,240.0 Poplar Tree - 162.0 Forest Hollow
Forest Hollow,Week4,Villa Aquatic,Week5,219.0 Forest Hollow - 183.0 Villa Aquatic
Fairfax Station,Week1,Sideburn Run,Week2,249.0 Fairfax Station - 153.0 Sideburn Run
Fairfax Station,Week4,Sideburn Run,Week5,244.0 Fairfax Station - 158.0 Sideburn Run
Fox Hunt,Week2,Daventry,Week5,276.0 Fox Hunt - 120.0 Daventry
Forest Hollow,Week1,Hunt Valley,Week1,246.0 Hunt Valley - 156.0 Forest Hollow
Fairfax Station,Week3,Mosby Woods,Week4,236.0 Fairfax Station - 166.0 Mosby Woods
Fox Hunt,Week2,Daventry,Week1,293.0 Fox Hunt - 107.0 Daventry
Fairfax Station,Week5,Mosby Woods,Week5,215.0 Fairfax Station - 187.0 Mosby Woods
Fairfax Station,Week2,Mount Vernon Park,Week5,207.0 Mount Vernon Park - 195.0 Fairfax Station
Forest Hollow,Week3,Village West,Week3,269.0 Forest Hollow - 133.0 Village West
Forest Hollow,Week5,Villa Aquatic,Week4,241.0 Forest Hollow - 161.0 Villa Aquatic
Forest Hollow,Week5,Poplar Heights,Week3,211.0 Poplar Heights - 191.0 Forest Hollow
Forest Hollow,Week5,Pleasant Valley,Week1,310.0 Forest Hollow - 91.0 Pleasant Valley
Fairfax Station,Week3,Rolling Valley,Week2,351.0 Fairfax Station - 51.0 Rolling Valley
Forest Hollow,Week2,Hunt Valley,Week2,259.0 Hunt Valley - 143.0 Forest Hollow
Fairfax Station,Week5,Rolling Hills,Week1,325.0 Fairfax Station - 77.0 Rolling Hills
Forest Hollow,Week3,Hunt Valley,Week3,267.0 Hunt Valley - 135.0 Forest Hollow
Fairfax Station,Week2,Rolling Valley,Week1,361.0 Fairfax Station - 41.0 Rolling Valley
Forest Hollow,Week5,Villa Aquatic,Week2,258.0 Forest Hollow - 144.0 Villa Aquatic
Fairfax Station,Week3,Mount Vernon Park,Week3,218.0 Fairfax Station - 184.0 Mount Vernon Park
Fox Hunt,Week3,Daventry,Week1,300.0 Fox Hunt - 97.0 Daventry
Fox Hunt,Week3,Daventry,Week3,304.0 Fox Hunt - 98.0 Daventry
Fairfax Station,Week4,Long Branch,Week4,291.5 Fairfax Station - 110.5 Long Branch
Forest Hollow,Week5,Hunt Valley,Week4,232.0 Hunt Valley - 170.0 Forest Hollow
Forest Hollow,Week4,Poplar Heights,Week3,219.0 Poplar Heights - 183.0 Forest Hollow
Fairfax Station,Week1,Mount Vernon Park,Week4,212.0 Fairfax Station - 190.0 Mount Vernon Park
Fox Hunt,Week5,Crosspointe,Week1,258.0 Crosspointe - 144.0 Fox Hunt
Forest Hollow,Week3,Village West,Week4,296.0 Forest Hollow - 101.0 Village West
Forest Hollow,Week4,Village West,Week3,269.0 Forest Hollow - 133.0 Village West
Forest Hollow,Week1,Virginia Hills,Week3,339.0 Forest Hollow - 63.0 Virginia Hills
Forest Hollow,Week4,Virginia Hills,Week2,350.0 Forest Hollow - 52.0 Virginia Hills
Fairfax Station,Week2,Rolling Valley,Week2,339.0 Fairfax Station - 63.0 Rolling Valley
Fairfax Station,Week3,Mount Vernon Park,Week5,203.0 Fairfax Station - 199.0 Mount Vernon Park
Fox Hunt,Week3,Daventry,Week4,311.0 Fox Hunt - 91.0 Daventry
Fairfax Station,Week1,Rolling Valley,Week1,353.0 Fairfax Station - 49.0 Rolling Valley
Fox Hunt,Week5,Crosspointe,Week2,238.0 Crosspointe - 164.0 Fox Hunt
Fox Hunt,Week5,Crosspointe,Week5,263.0 Crosspointe - 139.0 Fox Hunt
Forest Hollow,Week4,Village West,Week2,282.0 Forest Hollow - 120.0 Village West
Forest Hollow,Week3,Hunter Mill,Week2,221.0 Hunter Mill - 181.0 Forest Hollow
Forest Hollow,Week2,Hunter Mill,Week5,245.0 Hunter Mill - 157.0 Forest Hollow
Fairfax Station,Week5,Mount Vernon Park,Week1,226.5 Fairfax Station - 175.5 Mount Vernon Park
Forest Hollow,Week4,Pleasant Valley,Week5,309.0 Forest Hollow - 92.0 Pleasant Valley
Fairfax Station,Week4,Mount Vernon Park,Week5,220.0 Mount Vernon Park - 182.0 Fairfax Station
Forest Hollow,Week3,Hunter Mill,Week4,235.0 Hunter Mill - 167.0 Forest Hollow
Fairfax Station,Week3,Rolling Valley,Week4,354.0 Fairfax Station - 48.0 Rolling Valley
Forest Hollow,Week1,Poplar Heights,Week3,215.0 Poplar Heights - 187.0 Forest Hollow
Forest Hollow,Week3,Hunt Valley,Week2,236.0 Hunt Valley - 166.0 Forest Hollow
Forest Hollow,Week3,Hunt Valley,Week1,240.0 Hunt Valley - 162.0 Forest Hollow
Fairfax Station,Week1,Rolling Valley,Week2,338.0 Fairfax Station - 64.0 Rolling Valley
Forest Hollow,Week1,Poplar Heights,Week5,218.5 Poplar Heights - 183.5 Forest Hollow
Forest Hollow,Week3,Poplar Heights,Week5,208.0 Poplar Heights - 194.0 Forest Hollow
Fairfax Station,Week2,Rolling Valley,Week5,340.0 Fairfax Station - 62.0 Rolling Valley
Forest Hollow,Week1,Poplar Heights,Week2,216.0 Poplar Heights - 186.0 Forest Hollow
Fox Hunt,Week3,Crosspointe,Week5,277.0 Crosspointe - 125.0 Fox Hunt
Fox Hunt,Week3,Daventry,Week2,297.0 Fox Hunt - 104.0 Daventry
Forest Hollow,Week1,Virginia Hills,Week4,347.0 Forest Hollow - 55.0 Virginia Hills
Fairfax Station,Week4,Mount Vernon Park,Week2,205.0 Fairfax Station - 197.0 Mount Vernon Park
Fairfax Station,Week4,Mount Vernon Park,Week3,210.0 Mount Vernon Park - 192.0 Fairfax Station
Fairfax Station,Week3,Rolling Valley,Week5,347.0 Fairfax Station - 55.0 Rolling Valley
Forest Hollow,Week2,Hunt Valley,Week1,260.0 Hunt Valley - 142.0 Forest Hollow
Forest Hollow,Week2,Hunt Valley,Week5,278.0 Hunt Valley - 124.0 Forest Hollow
Forest Hollow,Week1,Poplar Tree,Week1,228.0 Poplar Tree - 174.0 Forest Hollow
Forest Hollow,Week1,Poplar Tree,Week3,237.0 Poplar Tree - 165.0 Forest Hollow
Fairfax Station,Week5,Mount Vernon Park,Week2,228.0 Fairfax Station - 174.0 Mount Vernon Park
Fox Hunt,Week5,Daventry,Week4,325.0 Fox Hunt - 77.0 Daventry
Forest Hollow,Week4,Hunt Valley,Week1,242.0 Hunt Valley - 160.0 Forest Hollow
Fairfax Station,Week5,Mount Vernon Park,Week5,218.0 Fairfax Station - 184.0 Mount Vernon Park
Forest Hollow,Week3,Virginia Hills,Week5,322.0 Forest Hollow - 80.0 Virginia Hills
Forest Hollow,Week5,Poplar Heights,Week5,209.0 Poplar Heights - 193.0 Forest Hollow
Forest Hollow,Week3,Hunt Valley,Week4,255.0 Hunt Valley - 147.0 Forest Hollow
Forest Hollow,Week4,Poplar Heights,Week1,204.0 Poplar Heights - 198.0 Forest Hollow
Fox Hunt,Week3,Dominion Hills,Week4,210.0 Dominion Hills - 187.0 Fox Hunt
Fox Hunt,Week4,Dominion Hills,Week2,216.0 Dominion Hills - 186.0 Fox Hunt
Forest Hollow,Week2,Poplar Heights,Week1,203.0 Poplar Heights - 199.0 Forest Hollow
Fairfax Station,Week5,Mount Vernon Park,Week4,236.5 Fairfax Station - 165.5 Mount Vernon Park
Fox Hunt,Week4,Crosspointe,Week3,241.0 Crosspointe - 161.0 Fox Hunt
Forest Hollow,Week1,Virginia Hills,Week2,344.0 Forest Hollow - 58.0 Virginia Hills
Forest Hollow,Week3,Poplar Heights,Week4,208.0 Forest Hollow - 194.0 Poplar Heights
Fairfax Station,Week4,Rolling Valley,Week2,332.0 Fairfax Station - 70.0 Rolling Valley
Fairfax Station,Week5,Rolling Hills,Week5,325.0 Fairfax Station - 77.0 Rolling Hills
Fairfax Station,Week2,Rolling Valley,Week4,346.0 Fairfax Station - 56.0 Rolling Valley
Forest Hollow,Week5,Village West,Week2,296.0 Forest Hollow - 106.0 Village West
Fox Hunt,Week4,Daventry,Week2,293.0 Fox Hunt - 109.0 Daventry
Fox Hunt,Week5,Daventry,Week3,320.5 Fox Hunt - 81.5 Daventry
Forest Hollow,Week3,Hunt Valley,Week5,251.0 Hunt Valley - 151.0 Forest Hollow
Fairfax Station,Week5,Rolling Hills,Week3,325.0 Fairfax Station - 77.0 Rolling Hills
Forest Hollow,Week1,Poplar Tree,Week4,221.0 Poplar Tree - 181.0 Forest Hollow
Fairfax Station,Week3,Rolling Valley,Week1,366.0 Fairfax Station - 36.0 Rolling Valley
Fairfax Station,Week5,Mount Vernon Park,Week3,228.0 Fairfax Station - 174.0 Mount Vernon Park
Fairfax Station,Week1,Newington Forest,Week4,296.0 Fairfax Station - 106.0 Newington Forest
Fairfax Station,Week1,Newington Forest,Week5,280.0 Fairfax Station - 122.0 Newington Forest
Forest Hollow,Week5,Hunt Valley,Week2,232.0 Hunt Valley - 170.0 Forest Hollow
Forest Hollow,Week2,Virginia Hills,Week4,334.0 Forest Hollow - 68.0 Virginia Hills
Fox Hunt,Week1,Dominion Hills,Week4,229.0 Dominion Hills - 173.0 Fox Hunt
Fairfax Station,Week1,Newington Forest,Week3,317.0 Fairfax Station - 85.0 Newington Forest
Forest Hollow,Week5,Village West,Week4,295.0 Forest Hollow - 102.0 Village West
Fairfax Station,Week4,Rolling Valley,Week3,345.0 Fairfax Station - 57.0 Rolling Valley
Forest Hollow,Week5,Hunt Valley,Week1,241.0 Hunt Valley - 161.0 Forest Hollow
Forest Hollow,Week5,Hunt Valley,Week5,251.0 Hunt Valley - 151.0 Forest Hollow
Fairfax Station,Week1,Newington Forest,Week1,335.0 Fairfax Station - 66.0 Newington Forest
Fairfax Station,Week5,Rolling Hills,Week2,324.0 Fairfax Station - 78.0 Rolling Hills
Fox Hunt,Week5,Daventry,Week5,287.0 Fox Hunt - 115.0 Daventry
Forest Hollow,Week4,Poplar Heights,Week2,202.0 Poplar Heights - 200.0 Forest Hollow
Forest Hollow,Week5,Village West,Week5,292.0 Forest Hollow - 110.0 Village West
Forest Hollow,Week2,Virginia Hills,Week3,329.0 Forest Hollow - 73.0 Virginia Hills
Forest Hollow,Week1,Poplar Tree,Week2,223.0 Poplar Tree - 179.0 Forest Hollow
Forest Hollow,Week5,Village West,Week3,286.5 Forest Hollow - 115.5 Village West
Forest Hollow,Week1,Virginia Hills,Week1,344.0 Forest Hollow - 58.0 Virginia Hills
Forest Hollow,Week4,Hunt Valley,Week5,257.0 Hunt Valley - 145.0 Forest Hollow
Fairfax Station,Week2,Newington Forest,Week3,320.0 Fairfax Station - 82.0 Newington Forest
Fox Hunt,Week2,Dominion Hills,Week3,216.0 Fox Hunt - 186.0 Dominion Hills
Fox Hunt,Week3,Dominion Hills,Week2,202.0 Dominion Hills - 200.0 Fox Hunt
Fairfax Station,Week5,Rolling Valley,Week1,372.0 Fairfax Station - 30.0 Rolling Valley
Fairfax Station,Week3,Rolling Valley,Week3,351.0 Fairfax Station - 51.0 Rolling Valley
Fox Hunt,Week3,Dominion Hills,Week1,217.5 Fox Hunt - 179.5 Dominion Hills
Fairfax Station,Week2,Newington Forest,Week1,339.0 Fairfax Station - 62.0 Newington Forest
Fairfax Station,Week4,Rolling Valley,Week4,328.0 Fairfax Station - 74.0 Rolling Valley
Fairfax Station,Week2,Newington Forest,Week2,335.0 Fairfax Station - 66.0 Newington Forest
Forest Hollow,Week1,Hunt Valley,Week3,269.5 Hunt Valley - 132.5 Forest Hollow
Forest Hollow,Week2,Virginia Hills,Week5,302.0 Forest Hollow - 95.0 Virginia Hills
Forest Hollow,Week1,Virginia Hills,Week5,320.0 Forest Hollow - 82.0 Virginia Hills
Forest Hollow,Week5,Poplar Heights,Week1,212.0 Forest Hollow - 190.0 Poplar Heights
Forest Hollow,Week1,Hunter Mill,Week1,219.0 Hunter Mill - 183.0 Forest Hollow
Forest Hollow,Week1,Poplar Tree,Week5,253.0 Poplar Tree - 149.0 Forest Hollow
Forest Hollow,Week5,Poplar Heights,Week4,207.0 Poplar Heights - 195.0 Forest Hollow
Forest Hollow,Week1,Oakton ,Week2,273.0 Oakton - 129.0 Forest Hollow
Fairfax Station,Week4,Rolling Valley,Week5,336.0 Fairfax Station - 66.0 Rolling Valley
Forest Hollow,Week1,Hunt Valley,Week5,257.0 Hunt Valley - 145.0 Forest Hollow
Fox Hunt,Week2,Dominion Hills,Week4,224.0 Dominion Hills - 178.0 Fox Hunt
Forest Hollow,Week3,Virginia Hills,Week2,349.0 Forest Hollow - 53.0 Virginia Hills
Forest Hollow,Week5,Virginia Hills,Week1,351.0 Forest Hollow - 51.0 Virginia Hills
Fox Hunt,Week5,Daventry,Week1,317.0 Fox Hunt - 84.0 Daventry
Forest Hollow,Week2,Ravensworth Farm,Week2,207.0 Forest Hollow - 195.0 Ravensworth Farm
Fairfax Station,Week1,Rolling Valley,Week5,332.0 Fairfax Station - 70.0 Rolling Valley
Fox Hunt,Week4,Dominion Hills,Week3,207.0 Fox Hunt - 195.0 Dominion Hills
Fairfax Station,Week3,Newington Forest,Week2,331.0 Fairfax Station - 71.0 Newington Forest
Forest Hollow,Week2,Hunt Valley,Week4,272.0 Hunt Valley - 130.0 Forest Hollow
Forest Hollow,Week3,Oakton ,Week1,259.0 Oakton - 143.0 Forest Hollow
Forest Hollow,Week1,Hunter Mill,Week2,206.0 Hunter Mill - 196.0 Forest Hollow
Forest Hollow,Week4,Oakton ,Week2,257.0 Oakton - 145.0 Forest Hollow
Forest Hollow,Week4,Hunt Valley,Week2,236.0 Hunt Valley - 166.0 Forest Hollow
Forest Hollow,Week4,Hunt Valley,Week4,243.0 Hunt Valley - 159.0 Forest Hollow
Fairfax Station,Week2,Newington Forest,Week4,304.0 Fairfax Station - 93.0 Newington Forest
Forest Hollow,Week5,Poplar Heights,Week2,208.5 Forest Hollow - 193.5 Poplar Heights
Fairfax Station,Week3,Newington Forest,Week1,354.0 Fairfax Station - 48.0 Newington Forest
Forest Hollow,Week4,Virginia Hills,Week5,333.0 Forest Hollow - 69.0 Virginia Hills
Fairfax Station,Week5,Rolling Valley,Week2,354.0 Fairfax Station - 48.0 Rolling Valley
Fairfax Station,Week2,Newington Forest,Week5,292.0 Fairfax Station - 110.0 Newington Forest
Fairfax Station,Week1,Rutherford,Week2,334.0 Fairfax Station - 68.0 Rutherford
Forest Hollow,Week1,Oakton ,Week4,266.0 Oakton - 136.0 Forest Hollow
Forest Hollow,Week3,Virginia Hills,Week1,342.0 Forest Hollow - 60.0 Virginia Hills
Forest Hollow,Week4,Poplar Heights,Week5,213.5 Poplar Heights - 188.5 Forest Hollow
Forest Hollow,Week3,Oakton ,Week3,252.0 Oakton - 150.0 Forest Hollow
Forest Hollow,Week2,Ravensworth Farm,Week4,223.5 Ravensworth Farm - 178.5 Forest Hollow
Fox Hunt,Week4,Dominion Hills,Week1,203.0 Fox Hunt - 199.0 Dominion Hills
Fox Hunt,Week4,Daventry,Week3,302.0 Fox Hunt - 100.0 Daventry
Fairfax Station,Week2,Rutherford,Week2,329.0 Fairfax Station - 73.0 Rutherford
Forest Hollow,Week5,Poplar Tree,Week3,219.0 Poplar Tree - 183.0 Forest Hollow
Forest Hollow,Week3,Poplar Tree,Week4,211.0 Poplar Tree - 191.0 Forest Hollow
Forest Hollow,Week2,Virginia Hills,Week2,338.0 Forest Hollow - 64.0 Virginia Hills
Fox Hunt,Week1,Dominion Hills,Week3,204.0 Dominion Hills - 198.0 Fox Hunt
Forest Hollow,Week1,Hunter Mill,Week5,239.0 Hunter Mill - 163.0 Forest Hollow
Forest Hollow,Week5,Virginia Hills,Week2,354.0 Forest Hollow - 48.0 Virginia Hills
Fox Hunt,Week4,Daventry,Week1,293.0 Fox Hunt - 108.0 Daventry
Forest Hollow,Week3,Poplar Tree,Week1,221.0 Poplar Tree - 181.0 Forest Hollow
Forest Hollow,Week2,Oakton ,Week2,278.0 Oakton - 124.0 Forest Hollow
Forest Hollow,Week5,Virginia Hills,Week5,339.0 Forest Hollow - 63.0 Virginia Hills
Fairfax Station,Week5,Rolling Valley,Week5,353.0 Fairfax Station - 49.0 Rolling Valley
Fairfax Station,Week3,Newington Forest,Week5,310.0 Fairfax Station - 92.0 Newington Forest
Fairfax Station,Week5,Riverside Gardens,Week3,225.0 Fairfax Station - 177.0 Riverside Gardens
Fairfax Station,Week1,Rutherford,Week5,320.0 Fairfax Station - 82.0 Rutherford
Fairfax Station,Week4,Riverside Gardens,Week1,213.0 Fairfax Station - 189.0 Riverside Gardens
Fox Hunt,Week2,Dominion Hills,Week5,232.0 Dominion Hills - 170.0 Fox Hunt
Forest Hollow,Week2,Old Keene Mill,Week3,254.0 Forest Hollow - 148.0 Old Keene Mill
Forest Hollow,Week2,Hunter Mill,Week2,235.0 Hunter Mill - 167.0 Forest Hollow
Forest Hollow,Week3,Hunter Mill,Week1,211.0 Hunter Mill - 191.0 Forest Hollow
Fox Hunt,Week1,Dominion Hills,Week1,207.0 Dominion Hills - 195.0 Fox Hunt
Forest Hollow,Week4,Poplar Tree,Week1,230.0 Poplar Tree - 172.0 Forest Hollow
Forest Hollow,Week3,Old Keene Mill,Week2,264.0 Forest Hollow - 138.0 Old Keene Mill
Fairfax Station,Week3,Rutherford,Week2,337.0 Fairfax Station - 65.0 Rutherford
Fairfax Station,Week5,Riverside Gardens,Week1,226.0 Fairfax Station - 176.0 Riverside Gardens
Forest Hollow,Week3,Poplar Tree,Week5,252.0 Poplar Tree - 150.0 Forest Hollow
Fairfax Station,Week3,Rutherford,Week3,325.0 Fairfax Station - 77.0 Rutherford
Fox Hunt,Week1,Dominion Hills,Week2,216.0 Dominion Hills - 186.0 Fox Hunt
Fairfax Station,Week1,Rutherford,Week3,318.0 Fairfax Station - 84.0 Rutherford
Forest Hollow,Week3,Virginia Hills,Week4,351.0 Forest Hollow - 51.0 Virginia Hills
Forest Hollow,Week2,Old Keene Mill,Week1,256.0 Forest Hollow - 146.0 Old Keene Mill
Fox Hunt,Week5,Dominion Hills,Week2,220.0 Fox Hunt - 182.0 Dominion Hills
Fairfax Station,Week4,Riverside Gardens,Week5,207.0 Riverside Gardens - 195.0 Fairfax Station
Forest Hollow,Week2,Poplar Tree,Week3,248.0 Poplar Tree - 154.0 Forest Hollow
Fairfax Station,Week2,Rolling Forest,Week5,261.0 Fairfax Station - 141.0 Rolling Forest
Fox Hunt,Week5,Daventry,Week2,326.0 Fox Hunt - 76.0 Daventry
Forest Hollow,Week1,Virginia Run,Week1,219.0 Virginia Run - 183.0 Forest Hollow
Fairfax Station,Week3,Newington Forest,Week4,325.0 Fairfax Station - 77.0 Newington Forest
Forest Hollow,Week1,Old Keene Mill,Week5,248.0 Forest Hollow - 154.0 Old Keene Mill
Forest Hollow,Week2,Hunter Mill,Week1,229.0 Hunter Mill - 173.0 Forest Hollow
Fairfax Station,Week2,Rutherford,Week4,320.0 Fairfax Station - 82.0 Rutherford
Forest Hollow,Week5,Village West,Week1,304.0 Forest Hollow - 98.0 Village West
Forest Hollow,Week1,Hunter Mill,Week4,236.0 Hunter Mill - 166.0 Forest Hollow
Forest Hollow,Week3,Oakton ,Week4,265.0 Oakton - 137.0 Forest Hollow
Fairfax Station,Week3,Newington Forest,Week3,332.0 Fairfax Station - 70.0 Newington Forest
Fairfax Station,Week2,Rutherford,Week5,321.0 Fairfax Station - 81.0 Rutherford
Forest Hollow,Week2,Hunter Mill,Week4,254.0 Hunter Mill - 148.0 Forest Hollow
Forest Hollow,Week3,Virginia Hills,Week3,347.0 Forest Hollow - 55.0 Virginia Hills
Forest Hollow,Week4,Poplar Tree,Week4,219.5 Poplar Tree - 182.5 Forest Hollow
Forest Hollow,Week2,Hunter Mill,Week3,239.0 Hunter Mill - 163.0 Forest Hollow
Forest Hollow,Week5,Oakton ,Week1,237.0 Oakton - 165.0 Forest Hollow
Fairfax Station,Week2,Riverside Gardens,Week2,224.0 Fairfax Station - 178.0 Riverside Gardens
Forest Hollow,Week3,Hunter Mill,Week3,228.0 Hunter Mill - 174.0 Forest Hollow
Fox Hunt,Week1,Dominion Hills,Week5,249.0 Dominion Hills - 153.0 Fox Hunt
Forest Hollow,Week4,Oakton ,Week4,267.0 Oakton - 135.0 Forest Hollow
Forest Hollow,Week5,Poplar Tree,Week2,207.0 Poplar Tree - 195.0 Forest Hollow
Forest Hollow,Week4,Village West,Week5,291.0 Forest Hollow - 111.0 Village West
Fairfax Station,Week1,Rutherford,Week1,334.0 Fairfax Station - 68.0 Rutherford
Fairfax Station,Week3,Riverside Gardens,Week2,249.0 Fairfax Station - 153.0 Riverside Gardens
Forest Hollow,Week5,Hunter Mill,Week3,205.5 Hunter Mill - 196.5 Forest Hollow
Fairfax Station,Week3,Rutherford,Week1,342.5 Fairfax Station - 59.5 Rutherford
Forest Hollow,Week5,Poplar Tree,Week1,227.0 Poplar Tree - 175.0 Forest Hollow
Forest Hollow,Week1,Oakton ,Week5,275.0 Oakton - 127.0 Forest Hollow
Forest Hollow,Week2,Virginia Hills,Week1,328.0 Forest Hollow - 74.0 Virginia Hills
Forest Hollow,Week5,Hunter Mill,Week4,232.0 Hunter Mill - 170.0 Forest Hollow
Fairfax Station,Week2,Riverside Gardens,Week3,209.0 Fairfax Station - 193.0 Riverside Gardens
Forest Hollow,Week4,Virginia Hills,Week1,345.0 Forest Hollow - 57.0 Virginia Hills
Forest Hollow,Week3,Poplar Tree,Week2,216.0 Poplar Tree - 186.0 Forest Hollow
Fairfax Station,Week2,Rutherford,Week1,340.0 Fairfax Station - 62.0 Rutherford
Fox Hunt,Week4,Daventry,Week4,309.0 Fox Hunt - 93.0 Daventry
Fox Hunt,Week2,Dominion Hills,Week1,203.0 Fox Hunt - 199.0 Dominion Hills
Forest Hollow,Week5,Oakton ,Week3,240.0 Oakton - 162.0 Forest Hollow
Forest Hollow,Week5,Virginia Hills,Week4,362.0 Forest Hollow - 40.0 Virginia Hills
Forest Hollow,Week5,Virginia Hills,Week3,355.0 Forest Hollow - 47.0 Virginia Hills
Fox Hunt,Week4,Daventry,Week5,270.0 Fox Hunt - 132.0 Daventry
Forest Hollow,Week3,Poplar Tree,Week3,235.0 Poplar Tree - 167.0 Forest Hollow
Forest Hollow,Week2,Poplar Tree,Week5,261.0 Poplar Tree - 141.0 Forest Hollow
Forest Hollow,Week3,Ilda Community,Week1,297.0 Forest Hollow - 105.0 Ilda Community
Forest Hollow,Week4,Hunter Mill,Week2,207.0 Hunter Mill - 195.0 Forest Hollow
Forest Hollow,Week2,Oakton ,Week3,262.0 Oakton - 140.0 Forest Hollow
Forest Hollow,Week2,Poplar Tree,Week4,230.0 Poplar Tree - 172.0 Forest Hollow
Fairfax Station,Week1,Rutherford,Week4,325.0 Fairfax Station - 77.0 Rutherford
Forest Hollow,Week4,Virginia Hills,Week4,357.0 Forest Hollow - 45.0 Virginia Hills
Forest Hollow,Week1,Old Keene Mill,Week1,282.0 Forest Hollow - 120.0 Old Keene Mill
Fairfax Station,Week5,Riverside Gardens,Week2,229.0 Fairfax Station - 173.0 Riverside Gardens
Fairfax Station,Week2,Riverside Gardens,Week4,201.0 Fairfax Station - 201.0 Riverside Gardens
Forest Hollow,Week2,Poplar Tree,Week2,228.2 Poplar Tree - 173.8 Forest Hollow
Forest Hollow,Week4,Oakton ,Week3,249.0 Oakton - 153.0 Forest Hollow
Fox Hunt,Week2,Dominion Hills,Week2,216.0 Dominion Hills - 186.0 Fox Hunt
Forest Hollow,Week1,Virginia Run,Week2,210.0 Forest Hollow - 192.0 Virginia Run
Fox Hunt,Week3,Dominion Hills,Week3,221.5 Fox Hunt - 180.5 Dominion Hills
Forest Hollow,Week3,Ilda Community,Week2,305.0 Forest Hollow - 97.0 Ilda Community
Fairfax Station,Week2,Rutherford,Week3,319.0 Fairfax Station - 83.0 Rutherford
Forest Hollow,Week4,Virginia Hills,Week3,354.0 Forest Hollow - 48.0 Virginia Hills
Forest Hollow,Week1,Ilda Community,Week1,279.0 Forest Hollow - 122.0 Ilda Community
Forest Hollow,Week4,Oakton ,Week5,259.0 Oakton - 143.0 Forest Hollow
Fairfax Station,Week5,Rolling Valley,Week4,354.5 Fairfax Station - 47.5 Rolling Valley
Fairfax Station,Week3,Riverside Gardens,Week4,216.0 Fairfax Station - 186.0 Riverside Gardens
Forest Hollow,Week2,Oakton ,Week5,277.0 Oakton - 125.0 Forest Hollow
Fox Hunt,Week3,Dominion Hills,Week5,227.0 Dominion Hills - 175.0 Fox Hunt
Fairfax Station,Week5,Riverside Gardens,Week5,218.0 Fairfax Station - 184.0 Riverside Gardens
Fox Hunt,Week5,Dominion Hills,Week4,202.0 Dominion Hills - 200.0 Fox Hunt
Forest Hollow,Week1,Virginia Run,Week3,202.0 Virginia Run - 200.0 Forest Hollow
Forest Hollow,Week4,Poplar Tree,Week2,219.0 Poplar Tree - 183.0 Forest Hollow
Forest Hollow,Week3,Virginia Run,Week1,221.0 Virginia Run - 181.0 Forest Hollow
Fox Hunt,Week1,Donaldson Run,Week2,294.0 Donaldson Run - 108.0 Fox Hunt
Forest Hollow,Week5,Oakton ,Week4,259.0 Oakton - 143.0 Forest Hollow
Fairfax Station,Week2,Rolling Forest,Week1,275.0 Fairfax Station - 127.0 Rolling Forest
Fairfax Station,Week4,Riverside Gardens,Week4,214.0 Riverside Gardens - 188.0 Fairfax Station
Fairfax Station,Week1,Rolling Forest,Week3,252.0 Fairfax Station - 150.0 Rolling Forest
Fox Hunt,Week4,Dominion Hills,Week4,224.0 Dominion Hills - 178.0 Fox Hunt
Forest Hollow,Week4,Poplar Tree,Week3,231.0 Poplar Tree - 171.0 Forest Hollow
Forest Hollow,Week1,Ilda Community,Week5,275.0 Forest Hollow - 126.0 Ilda Community
Forest Hollow,Week1,Ravensworth Farm,Week1,206.0 Ravensworth Farm - 196.0 Forest Hollow
Forest Hollow,Week5,Hunter Mill,Week2,208.0 Hunter Mill - 194.0 Forest Hollow
Forest Hollow,Week1,Virginia Run,Week5,218.0 Virginia Run - 184.0 Forest Hollow
Forest Hollow,Week1,Oakton ,Week3,247.0 Oakton - 155.0 Forest Hollow
Forest Hollow,Week1,Ilda Community,Week3,288.0 Forest Hollow - 114.0 Ilda Community
Fox Hunt,Week1,Donaldson Run,Week1,289.0 Donaldson Run - 113.0 Fox Hunt
Forest Hollow,Week1,Virginia Run,Week4,208.0 Virginia Run - 194.0 Forest Hollow
Fairfax Station,Week2,Rolling Forest,Week2,280.0 Fairfax Station - 122.0 Rolling Forest
Forest Hollow,Week3,Virginia Run,Week4,207.0 Virginia Run - 195.0 Forest Hollow
Forest Hollow,Week3,Oakton ,Week5,266.0 Oakton - 136.0 Forest Hollow
Forest Hollow,Week2,Ravensworth Farm,Week1,224.0 Ravensworth Farm - 178.0 Forest Hollow
Forest Hollow,Week1,Ravensworth Farm,Week5,217.0 Ravensworth Farm - 185.0 Forest Hollow
Fairfax Station,Week2,Rolling Forest,Week4,273.0 Fairfax Station - 129.0 Rolling Forest
Forest Hollow,Week1,Ravensworth Farm,Week4,210.0 Ravensworth Farm - 192.0 Forest Hollow
Forest Hollow,Week2,Oakton ,Week4,288.0 Oakton - 114.0 Forest Hollow
Forest Hollow,Week5,Hunter Mill,Week5,231.0 Hunter Mill - 171.0 Forest Hollow
Fairfax Station,Week2,Riverside Gardens,Week5,203.5 Fairfax Station - 198.5 Riverside Gardens
Forest Hollow,Week3,Virginia Run,Week2,209.0 Forest Hollow - 193.0 Virginia Run
Fairfax Station,Week3,Riverside Gardens,Week1,230.0 Fairfax Station - 172.0 Riverside Gardens
Forest Hollow,Week2,Oakton ,Week1,264.0 Oakton - 138.0 Forest Hollow
Fox Hunt,Week4,Dominion Hills,Week5,235.0 Dominion Hills - 167.0 Fox Hunt
Forest Hollow,Week2,Wakefield Chapel,Week2,288.0 Wakefield Chapel - 114.0 Forest Hollow
Forest Hollow,Week4,Poplar Tree,Week5,244.0 Poplar Tree - 158.0 Forest Hollow
Fox Hunt,Week5,Dominion Hills,Week5,217.5 Dominion Hills - 184.5 Fox Hunt
Forest Hollow,Week4,Hunter Mill,Week4,230.0 Hunter Mill - 172.0 Forest Hollow
Forest Hollow,Week4,Hunter Mill,Week5,240.0 Hunter Mill - 162.0 Forest Hollow
Forest Hollow,Week3,Oakton ,Week2,261.0 Oakton - 141.0 Forest Hollow
Forest Hollow,Week1,Ilda Community,Week4,276.0 Forest Hollow - 126.0 Ilda Community
Fox Hunt,Week5,Dominion Hills,Week1,237.0 Fox Hunt - 165.0 Dominion Hills
Forest Hollow,Week4,Oakton ,Week1,243.0 Oakton - 159.0 Forest Hollow
Forest Hollow,Week5,Poplar Tree,Week4,205.0 Poplar Tree - 197.0 Forest Hollow
Fairfax Station,Week1,Rolling Forest,Week5,261.0 Fairfax Station - 141.0 Rolling Forest
Fox Hunt,Week5,Dominion Hills,Week3,231.0 Fox Hunt - 171.0 Dominion Hills
Fairfax Station,Week1,Rolling Forest,Week4,256.0 Fairfax Station - 146.0 Rolling Forest
Forest Hollow,Week4,Hunter Mill,Week3,225.0 Hunter Mill - 177.0 Forest Hollow
Forest Hollow,Week2,Virginia Run,Week4,214.0 Virginia Run - 188.0 Forest Hollow
Forest Hollow,Week1,Oakton ,Week1,264.0 Oakton - 138.0 Forest Hollow
Forest Hollow,Week1,Ravensworth Farm,Week2,216.0 Forest Hollow - 186.0 Ravensworth Farm
Forest Hollow,Week2,Ilda Community,Week2,287.0 Forest Hollow - 115.0 Ilda Community
Forest Hollow,Week1,Old Keene Mill,Week3,257.0 Forest Hollow - 145.0 Old Keene Mill
Fox Hunt,Week4,Donaldson Run,Week2,283.0 Donaldson Run - 119.0 Fox Hunt
Forest Hollow,Week2,Ilda Community,Week5,276.0 Forest Hollow - 125.0 Ilda Community
Fox Hunt,Week2,Donaldson Run,Week5,322.0 Donaldson Run - 80.0 Fox Hunt
Forest Hollow,Week5,Hunter Mill,Week1,201.0 Forest Hollow - 201.0 Hunter Mill
Forest Hollow,Week4,Virginia Run,Week4,205.0 Virginia Run - 197.0 Forest Hollow
Forest Hollow,Week2,Ilda Community,Week1,285.0 Forest Hollow - 116.0 Ilda Community
Fox Hunt,Week3,Donaldson Run,Week5,295.0 Donaldson Run - 107.0 Fox Hunt
Fox Hunt,Week1,Dowden Terrace,Week5,234.0 Dowden Terrace - 168.0 Fox Hunt
Forest Hollow,Week1,Ravensworth Farm,Week3,220.0 Ravensworth Farm - 182.0 Forest Hollow
Fairfax Station,Week4,Riverside Gardens,Week3,211.0 Fairfax Station - 191.0 Riverside Gardens
Fairfax Station,Week1,Rolling Forest,Week2,286.0 Fairfax Station - 116.0 Rolling Forest
Forest Hollow,Week2,Ravensworth Farm,Week3,229.0 Ravensworth Farm - 173.0 Forest Hollow
Forest Hollow,Week5,Poplar Tree,Week5,242.0 Poplar Tree - 160.0 Forest Hollow
Forest Hollow,Week5,Oakton ,Week2,255.0 Oakton - 147.0 Forest Hollow
Fairfax Station,Week3,Riverside Gardens,Week5,218.0 Fairfax Station - 184.0 Riverside Gardens
Forest Hollow,Week3,Virginia Run,Week3,211.0 Forest Hollow - 191.0 Virginia Run
Forest Hollow,Week5,Virginia Run,Week2,212.0 Forest Hollow - 190.0 Virginia Run
Forest Hollow,Week4,Virginia Run,Week2,212.0 Forest Hollow - 190.0 Virginia Run
Forest Hollow,Week1,Old Keene Mill,Week2,257.5 Forest Hollow - 144.5 Old Keene Mill
Fairfax Station,Week3,Riverside Gardens,Week3,217.0 Fairfax Station - 185.0 Riverside Gardens
Forest Hollow,Week3,Ilda Community,Week3,293.0 Forest Hollow - 109.0 Ilda Community
Fox Hunt,Week4,Donaldson Run,Week3,296.5 Donaldson Run - 105.5 Fox Hunt
Forest Hollow,Week5,Virginia Run,Week5,211.0 Virginia Run - 191.0 Forest Hollow
Fairfax Station,Week2,Rolling Forest,Week3,254.0 Fairfax Station - 148.0 Rolling Forest
Forest Hollow,Week2,Old Keene Mill,Week2,248.0 Forest Hollow - 154.0 Old Keene Mill
Forest Hollow,Week1,Old Keene Mill,Week4,269.0 Forest Hollow - 133.0 Old Keene Mill
Fox Hunt,Week5,Donaldson Run,Week2,274.5 Donaldson Run - 127.5 Fox Hunt
Fox Hunt,Week4,Donaldson Run,Week1,283.0 Donaldson Run - 119.0 Fox Hunt
Fairfax Station,Week1,Rolling Forest,Week1,275.0 Fairfax Station - 127.0 Rolling Forest
Forest Hollow,Week4,Ilda Community,Week1,300.0 Forest Hollow - 102.0 Ilda Community
Forest Hollow,Week3,Ilda Community,Week4,280.0 Forest Hollow - 122.0 Ilda Community
Fairfax Station,Week5,Riverside Gardens,Week4,208.0 Fairfax Station - 194.0 Riverside Gardens
Forest Hollow,Week3,Riverside Gardens,Week1,223.5 Riverside Gardens - 178.5 Forest Hollow
Fox Hunt,Week4,Donaldson Run,Week5,304.0 Donaldson Run - 98.0 Fox Hunt
Fox Hunt,Week1,Donaldson Run,Week3,298.0 Donaldson Run - 104.0 Fox Hunt
Forest Hollow,Week3,Ravensworth Farm,Week3,230.0 Ravensworth Farm - 172.0 Forest Hollow
Forest Hollow,Week3,Ravensworth Farm,Week2,223.0 Forest Hollow - 179.0 Ravensworth Farm
Forest Hollow,Week2,Old Keene Mill,Week4,245.0 Forest Hollow - 157.0 Old Keene Mill
Forest Hollow,Week1,Wakefield Chapel,Week1,273.0 Wakefield Chapel - 129.0 Forest Hollow
Forest Hollow,Week1,Ilda Community,Week2,287.0 Forest Hollow - 115.0 Ilda Community
Fairfax Station,Week4,Riverside Gardens,Week2,216.0 Fairfax Station - 186.0 Riverside Gardens
Forest Hollow,Week2,Old Keene Mill,Week5,231.0 Forest Hollow - 166.0 Old Keene Mill
Forest Hollow,Week4,Ravensworth Farm,Week2,225.0 Forest Hollow - 177.0 Ravensworth Farm
Forest Hollow,Week4,Ravensworth Farm,Week4,206.0 Forest Hollow - 196.0 Ravensworth Farm
Forest Hollow,Week4,Virginia Run,Week5,231.0 Virginia Run - 171.0 Forest Hollow
Forest Hollow,Week5,Oakton ,Week5,258.0 Oakton - 144.0 Forest Hollow
Forest Hollow,Week5,Virginia Run,Week3,220.0 Forest Hollow - 182.0 Virginia Run
Fairfax Station,Week3,Rolling Forest,Week4,290.5 Fairfax Station - 111.5 Rolling Forest
Fox Hunt,Week1,Dowden Terrace,Week2,214.0 Dowden Terrace - 188.0 Fox Hunt
Forest Hollow,Week4,Virginia Run,Week3,223.5 Forest Hollow - 178.5 Virginia Run
Forest Hollow,Week3,Virginia Run,Week5,218.0 Virginia Run - 184.0 Forest Hollow
Forest Hollow,Week3,Orange Hunt,Week1,224.0 Forest Hollow - 178.0 Orange Hunt
Forest Hollow,Week2,Virginia Run,Week5,239.0 Virginia Run - 163.0 Forest Hollow
Fairfax Station,Week2,Rolling Hills,Week1,300.0 Fairfax Station - 102.0 Rolling Hills
Forest Hollow,Week3,Ilda Community,Week5,290.0 Forest Hollow - 112.0 Ilda Community
Forest Hollow,Week5,Ravensworth Farm,Week4,203.0 Forest Hollow - 199.0 Ravensworth Farm
Fairfax Station,Week1,Rolling Hills,Week4,309.0 Fairfax Station - 92.0 Rolling Hills
Forest Hollow,Week5,Ravensworth Farm,Week1,214.0 Forest Hollow - 188.0 Ravensworth Farm
Forest Hollow,Week3,Old Keene Mill,Week5,253.0 Forest Hollow - 149.0 Old Keene Mill
Fox Hunt,Week5,Donaldson Run,Week3,281.0 Donaldson Run - 121.0 Fox Hunt
Fox Hunt,Week1,Dowden Terrace,Week4,241.0 Dowden Terrace - 161.0 Fox Hunt
Forest Hollow,Week5,Ilda Community,Week5,303.0 Forest Hollow - 99.0 Ilda Community
Forest Hollow,Week3,Old Keene Mill,Week3,263.0 Forest Hollow - 139.0 Old Keene Mill
Forest Hollow,Week3,Hunter Mill,Week5,232.0 Hunter Mill - 170.0 Forest Hollow
Forest Hollow,Week3,Old Keene Mill,Week1,281.0 Forest Hollow - 121.0 Old Keene Mill
Fairfax Station,Week3,Rolling Forest,Week3,277.0 Fairfax Station - 125.0 Rolling Forest
Fox Hunt,Week1,Dowden Terrace,Week1,204.0 Fox Hunt - 198.0 Dowden Terrace
Forest Hollow,Week4,Ravensworth Farm,Week1,208.0 Forest Hollow - 194.0 Ravensworth Farm
Forest Hollow,Week2,Ilda Community,Week4,271.0 Forest Hollow - 131.0 Ilda Community
Fox Hunt,Week5,Donaldson Run,Week4,275.0 Donaldson Run - 127.0 Fox Hunt
Fairfax Station,Week5,Rolling Forest,Week4,299.0 Fairfax Station - 103.0 Rolling Forest
Forest Hollow,Week4,Kent Gardens,Week4,247.0 Forest Hollow - 155.0 Kent Gardens
Forest Hollow,Week4,Ravensworth Farm,Week5,213.0 Ravensworth Farm - 189.0 Forest Hollow
Forest Hollow,Week1,Wakefield Chapel,Week3,289.0 Wakefield Chapel - 113.0 Forest Hollow
Forest Hollow,Week5,Virginia Run,Week4,214.0 Forest Hollow - 188.0 Virginia Run
Forest Hollow,Week2,Ilda Community,Week3,285.0 Forest Hollow - 117.0 Ilda Community
Forest Hollow,Week1,Orange Hunt,Week4,205.0 Forest Hollow - 197.0 Orange Hunt
Forest Hollow,Week4,Hunter Mill,Week1,207.0 Hunter Mill - 195.0 Forest Hollow
Forest Hollow,Week5,Virginia Run,Week1,201.0 Forest Hollow - 201.0 Virginia Run
Fox Hunt,Week2,Donaldson Run,Week1,295.0 Donaldson Run - 107.0 Fox Hunt
Forest Hollow,Week5,Ravensworth Farm,Week2,233.0 Forest Hollow - 169.0 Ravensworth Farm
Forest Hollow,Week1,Riverside Gardens,Week4,253.0 Riverside Gardens - 149.0 Forest Hollow
Forest Hollow,Week5,Old Keene Mill,Week1,271.0 Forest Hollow - 131.0 Old Keene Mill
Fairfax Station,Week5,Rolling Forest,Week5,297.0 Fairfax Station - 105.0 Rolling Forest
Forest Hollow,Week1,Wakefield Chapel,Week4,257.0 Wakefield Chapel - 145.0 Forest Hollow
Forest Hollow,Week3,Orange Hunt,Week3,202.0 Orange Hunt - 200.0 Forest Hollow
Forest Hollow,Week4,Old Keene Mill,Week3,262.0 Forest Hollow - 140.0 Old Keene Mill
Fairfax Station,Week3,Rolling Hills,Week3,312.0 Fairfax Station - 90.0 Rolling Hills
Forest Hollow,Week1,Riverside Gardens,Week2,216.0 Riverside Gardens - 186.0 Forest Hollow
Fox Hunt,Week3,Donaldson Run,Week1,275.0 Donaldson Run - 127.0 Fox Hunt
Forest Hollow,Week5,Ilda Community,Week4,291.0 Forest Hollow - 111.0 Ilda Community
Forest Hollow,Week1,Riverside Gardens,Week1,231.0 Riverside Gardens - 171.0 Forest Hollow
Forest Hollow,Week4,Virginia Run,Week1,213.0 Virginia Run - 189.0 Forest Hollow
Forest Hollow,Week4,Old Keene Mill,Week2,268.5 Forest Hollow - 133.5 Old Keene Mill
Forest Hollow,Week1,Kent Gardens,Week4,234.0 Forest Hollow - 168.0 Kent Gardens
Fairfax Station,Week4,Rolling Forest,Week2,284.0 Fairfax Station - 118.0 Rolling Forest
Fox Hunt,Week2,Donaldson Run,Week4,303.0 Donaldson Run - 99.0 Fox Hunt
Forest Hollow,Week1,Wakefield Chapel,Week2,261.0 Wakefield Chapel - 141.0 Forest Hollow
Forest Hollow,Week4,Ilda Community,Week2,296.0 Forest Hollow - 106.0 Ilda Community
Forest Hollow,Week2,Kent Gardens,Week4,225.0 Forest Hollow - 177.0 Kent Gardens
Forest Hollow,Week1,Orange Hunt,Week1,207.0 Forest Hollow - 195.0 Orange Hunt
Fairfax Station,Week3,Rolling Forest,Week2,296.0 Fairfax Station - 106.0 Rolling Forest
Fairfax Station,Week5,Rolling Forest,Week1,298.5 Fairfax Station - 103.5 Rolling Forest
Forest Hollow,Week5,Ravensworth Farm,Week5,203.0 Forest Hollow - 199.0 Ravensworth Farm
Fairfax Station,Week2,Rolling Hills,Week2,306.0 Fairfax Station - 91.0 Rolling Hills
Forest Hollow,Week2,Ravensworth Farm,Week5,232.0 Ravensworth Farm - 170.0 Forest Hollow
Forest Hollow,Week5,Old Keene Mill,Week2,264.0 Forest Hollow - 138.0 Old Keene Mill
Forest Hollow,Week2,Kent Gardens,Week1,213.0 Forest Hollow - 189.0 Kent Gardens
Forest Hollow,Week1,Riverside Gardens,Week3,238.0 Riverside Gardens - 164.0 Forest Hollow
Forest Hollow,Week2,Riverside Gardens,Week1,241.0 Riverside Gardens - 161.0 Forest Hollow
Fairfax Station,Week5,Rolling Forest,Week2,304.0 Fairfax Station - 98.0 Rolling Forest
Forest Hollow,Week2,Kent Gardens,Week2,233.0 Forest Hollow - 169.0 Kent Gardens
Forest Hollow,Week5,Old Keene Mill,Week4,276.0 Forest Hollow - 126.0 Old Keene Mill
Forest Hollow,Week2,Virginia Run,Week2,205.0 Virginia Run - 197.0 Forest Hollow
Forest Hollow,Week2,Virginia Run,Week1,223.0 Virginia Run - 179.0 Forest Hollow
Forest Hollow,Week2,Virginia Run,Week3,213.0 Virginia Run - 189.0 Forest Hollow
Fox Hunt,Week3,Donaldson Run,Week4,276.0 Donaldson Run - 126.0 Fox Hunt
Fox Hunt,Week1,Donaldson Run,Week4,292.0 Donaldson Run - 110.0 Fox Hunt
Fox Hunt,Week2,Donaldson Run,Week2,301.0 Donaldson Run - 101.0 Fox Hunt
Forest Hollow,Week5,Ravensworth Farm,Week3,202.0 Forest Hollow - 200.0 Ravensworth Farm
Fox Hunt,Week4,Donaldson Run,Week4,293.0 Donaldson Run - 109.0 Fox Hunt
Forest Hollow,Week3,Ravensworth Farm,Week4,205.0 Forest Hollow - 197.0 Ravensworth Farm
Fairfax Station,Week4,Rolling Forest,Week3,259.0 Fairfax Station - 143.0 Rolling Forest
Forest Hollow,Week1,Wakefield Chapel,Week5,292.0 Wakefield Chapel - 110.0 Forest Hollow
Fox Hunt,Week2,Donaldson Run,Week3,313.0 Donaldson Run - 89.0 Fox Hunt
Forest Hollow,Week1,Riverside Gardens,Week5,256.0 Riverside Gardens - 146.0 Forest Hollow
Forest Hollow,Week4,Ilda Community,Week3,287.0 Forest Hollow - 115.0 Ilda Community
Forest Hollow,Week4,Old Keene Mill,Week4,271.0 Forest Hollow - 131.0 Old Keene Mill
Forest Hollow,Week2,Wakefield Chapel,Week1,297.0 Wakefield Chapel - 105.0 Forest Hollow
Forest Hollow,Week1,Walden Glen,Week3,273.5 Forest Hollow - 128.5 Walden Glen
Fox Hunt,Week3,Donaldson Run,Week2,286.0 Donaldson Run - 116.0 Fox Hunt
Fairfax Station,Week3,Rolling Forest,Week5,283.0 Fairfax Station - 119.0 Rolling Forest
Forest Hollow,Week2,Orange Hunt,Week3,221.0 Orange Hunt - 181.0 Forest Hollow
Fox Hunt,Week5,Donaldson Run,Week5,294.0 Donaldson Run - 108.0 Fox Hunt
Forest Hollow,Week5,Ilda Community,Week1,296.0 Forest Hollow - 106.0 Ilda Community
Fairfax Station,Week4,Rolling Forest,Week5,257.0 Fairfax Station - 145.0 Rolling Forest
Forest Hollow,Week2,Riverside Gardens,Week2,237.0 Riverside Gardens - 165.0 Forest Hollow
Forest Hollow,Week2,Orange Hunt,Week2,204.0 Orange Hunt - 198.0 Forest Hollow
Forest Hollow,Week5,Wakefield Chapel,Week2,266.0 Wakefield Chapel - 136.0 Forest Hollow
Forest Hollow,Week3,Orange Hunt,Week2,210.0 Forest Hollow - 192.0 Orange Hunt
Forest Hollow,Week5,Ilda Community,Week2,306.0 Forest Hollow - 96.0 Ilda Community
Forest Hollow,Week2,Orange Hunt,Week5,220.0 Orange Hunt - 182.0 Forest Hollow
Forest Hollow,Week2,Riverside Gardens,Week3,254.0 Riverside Gardens - 148.0 Forest Hollow
Forest Hollow,Week2,Kent Gardens,Week3,238.0 Forest Hollow - 164.0 Kent Gardens
Fairfax Station,Week3,Rolling Forest,Week1,287.0 Fairfax Station - 115.0 Rolling Forest
Forest Hollow,Week2,Walden Glen,Week5,234.0 Forest Hollow - 168.0 Walden Glen
Fox Hunt,Week1,Dowden Terrace,Week3,202.0 Dowden Terrace - 200.0 Fox Hunt
Forest Hollow,Week3,Kent Gardens,Week5,206.0 Kent Gardens - 196.0 Forest Hollow
Forest Hollow,Week4,Ilda Community,Week5,297.0 Forest Hollow - 105.0 Ilda Community
Forest Hollow,Week2,Orange Hunt,Week1,203.0 Forest Hollow - 199.0 Orange Hunt
Forest Hollow,Week3,Old Keene Mill,Week4,263.0 Forest Hollow - 139.0 Old Keene Mill
Forest Hollow,Week3,Ravensworth Farm,Week5,216.0 Ravensworth Farm - 186.0 Forest Hollow
Fox Hunt,Week1,Donaldson Run,Week5,314.0 Donaldson Run - 88.0 Fox Hunt
Fairfax Station,Week4,Rolling Forest,Week1,281.0 Fairfax Station - 121.0 Rolling Forest
Fox Hunt,Week5,Donaldson Run,Week1,270.0 Donaldson Run - 132.0 Fox Hunt
Forest Hollow,Week4,Wakefield Chapel,Week5,291.0 Wakefield Chapel - 111.0 Forest Hollow
Forest Hollow,Week3,Ravensworth Farm,Week1,202.0 Ravensworth Farm - 200.0 Forest Hollow
Forest Hollow,Week5,Wakefield Chapel,Week3,271.0 Wakefield Chapel - 131.0 Forest Hollow
Fox Hunt,Week2,Dowden Terrace,Week4,217.0 Dowden Terrace - 185.0 Fox Hunt
Forest Hollow,Week5,Wakefield Chapel,Week4,255.0 Wakefield Chapel - 147.0 Forest Hollow
Forest Hollow,Week5,Ilda Community,Week3,300.0 Forest Hollow - 102.0 Ilda Community
Forest Hollow,Week1,Walden Glen,Week5,235.0 Forest Hollow - 167.0 Walden Glen
Forest Hollow,Week3,Riverside Gardens,Week3,244.0 Riverside Gardens - 158.0 Forest Hollow
Forest Hollow,Week3,Orange Hunt,Week4,208.0 Forest Hollow - 194.0 Orange Hunt
Forest Hollow,Week2,Kent Gardens,Week5,217.0 Kent Gardens - 185.0 Forest Hollow
Forest Hollow,Week2,Wakefield Chapel,Week4,280.5 Wakefield Chapel - 121.5 Forest Hollow
Forest Hollow,Week1,Orange Hunt,Week3,209.0 Orange Hunt - 193.0 Forest Hollow
Fairfax Station,Week4,Mantua,Week3,207.0 Mantua - 195.0 Fairfax Station
Forest Hollow,Week3,Kent Gardens,Week2,255.0 Forest Hollow - 147.0 Kent Gardens
Forest Hollow,Week5,Old Keene Mill,Week5,261.0 Forest Hollow - 141.0 Old Keene Mill
Fairfax Station,Week2,Rolling Hills,Week5,302.0 Fairfax Station - 100.0 Rolling Hills
Forest Hollow,Week2,Riverside Gardens,Week5,265.0 Riverside Gardens - 137.0 Forest Hollow
Fairfax Station,Week1,Mantua,Week4,219.0 Fairfax Station - 183.0 Mantua
Forest Hollow,Week4,Ravensworth Farm,Week3,213.0 Ravensworth Farm - 189.0 Forest Hollow
Fox Hunt,Week5,Dowden Terrace,Week4,208.0 Fox Hunt - 194.0 Dowden Terrace
Forest Hollow,Week2,Riverside Gardens,Week4,261.0 Riverside Gardens - 141.0 Forest Hollow
Forest Hollow,Week3,Kent Gardens,Week1,223.0 Forest Hollow - 179.0 Kent Gardens
Fox Hunt,Week1,Dunn Loring,Week4,289.0 Dunn Loring - 113.0 Fox Hunt
Forest Hollow,Week2,Walden Glen,Week1,284.0 Forest Hollow - 118.0 Walden Glen
Forest Hollow,Week3,Kent Gardens,Week4,242.0 Forest Hollow - 160.0 Kent Gardens
Fairfax Station,Week1,Rolling Hills,Week5,307.0 Fairfax Station - 95.0 Rolling Hills
Fairfax Station,Week3,Mantua,Week1,229.0 Fairfax Station - 173.0 Mantua
Fairfax Station,Week2,Mantua,Week5,206.0 Mantua - 196.0 Fairfax Station
Forest Hollow,Week3,Kent Gardens,Week3,248.0 Forest Hollow - 154.0 Kent Gardens
Fairfax Station,Week3,Rolling Hills,Week1,307.0 Fairfax Station - 95.0 Rolling Hills
Forest Hollow,Week4,Old Keene Mill,Week5,260.0 Forest Hollow - 142.0 Old Keene Mill
Fairfax Station,Week4,Mantua,Week2,215.0 Fairfax Station - 187.0 Mantua
Fairfax Station,Week5,Rolling Forest,Week3,289.0 Fairfax Station - 113.0 Rolling Forest
Fairfax Station,Week3,Mantua,Week2,235.0 Fairfax Station - 167.0 Mantua
Fairfax Station,Week1,Mantua,Week1,225.0 Fairfax Station - 177.0 Mantua
Forest Hollow,Week5,Old Keene Mill,Week3,265.0 Forest Hollow - 137.0 Old Keene Mill
Fairfax Station,Week1,Rolling Hills,Week2,291.0 Fairfax Station - 111.0 Rolling Hills
Fairfax Station,Week2,Rolling Hills,Week4,307.0 Fairfax Station - 94.0 Rolling Hills
Fox Hunt,Week3,Donaldson Run,Week3,285.0 Donaldson Run - 117.0 Fox Hunt
Fairfax Station,Week2,Rolling Hills,Week3,312.0 Fairfax Station - 90.0 Rolling Hills
Forest Hollow,Week4,Wakefield Chapel,Week3,274.0 Wakefield Chapel - 128.0 Forest Hollow
Fox Hunt,Week2,Dunn Loring,Week1,232.0 Dunn Loring - 170.0 Fox Hunt
Forest Hollow,Week3,Riverside Gardens,Week2,214.0 Riverside Gardens - 188.0 Forest Hollow
Fairfax Station,Week4,Mantua,Week4,231.5 Fairfax Station - 170.5 Mantua
Fairfax Station,Week4,Mantua,Week1,220.0 Fairfax Station - 182.0 Mantua
Forest Hollow,Week2,Wakefield Chapel,Week3,294.0 Wakefield Chapel - 108.0 Forest Hollow
Forest Hollow,Week4,Wakefield Chapel,Week1,279.0 Wakefield Chapel - 123.0 Forest Hollow
Forest Hollow,Week3,Wakefield Chapel,Week2,260.0 Wakefield Chapel - 142.0 Forest Hollow
Fox Hunt,Week3,Dowden Terrace,Week3,222.0 Fox Hunt - 180.0 Dowden Terrace
Forest Hollow,Week4,Riverside Gardens,Week2,218.0 Riverside Gardens - 184.0 Forest Hollow
Forest Hollow,Week3,Riverside Gardens,Week4,259.0 Riverside Gardens - 143.0 Forest Hollow
Forest Hollow,Week4,Kent Gardens,Week1,241.0 Forest Hollow - 161.0 Kent Gardens
Forest Hollow,Week2,Orange Hunt,Week4,206.0 Orange Hunt - 196.0 Forest Hollow
Forest Hollow,Week1,Orange Hunt,Week2,207.0 Orange Hunt - 195.0 Forest Hollow
Fairfax Station,Week1,Rolling Hills,Week1,298.0 Fairfax Station - 104.0 Rolling Hills
Forest Hollow,Week1,Kent Gardens,Week5,215.0 Kent Gardens - 187.0 Forest Hollow
Forest Hollow,Week4,Kent Gardens,Week2,258.5 Forest Hollow - 143.5 Kent Gardens
Fairfax Station,Week5,Mansion House,Week4,274.0 Fairfax Station - 128.0 Mansion House
Fox Hunt,Week2,Dunn Loring,Week3,295.0 Dunn Loring - 107.0 Fox Hunt
Fox Hunt,Week3,Dowden Terrace,Week2,208.0 Fox Hunt - 194.0 Dowden Terrace
Fairfax Station,Week4,Rolling Forest,Week4,276.0 Fairfax Station - 126.0 Rolling Forest
Fairfax Station,Week1,Rolling Hills,Week3,304.0 Fairfax Station - 98.0 Rolling Hills
Forest Hollow,Week1,Orange Hunt,Week5,225.0 Orange Hunt - 177.0 Forest Hollow
Forest Hollow,Week3,Riverside Gardens,Week5,255.5 Riverside Gardens - 146.5 Forest Hollow
Fairfax Station,Week3,Rolling Hills,Week4,320.5 Fairfax Station - 81.5 Rolling Hills
Forest Hollow,Week1,Kent Gardens,Week2,242.0 Forest Hollow - 160.0 Kent Gardens
Forest Hollow,Week2,Overlee,Week2,336.0 Overlee - 66.0 Forest Hollow
Forest Hollow,Week3,Wakefield Chapel,Week5,297.0 Wakefield Chapel - 105.0 Forest Hollow
Fox Hunt,Week1,Dunn Loring,Week3,288.0 Dunn Loring - 114.0 Fox Hunt
Forest Hollow,Week4,Old Keene Mill,Week1,273.0 Forest Hollow - 129.0 Old Keene Mill
Forest Hollow,Week3,Overlee,Week3,322.0 Overlee - 80.0 Forest Hollow
Fairfax Station,Week5,Mantua,Week1,238.0 Fairfax Station - 164.0 Mantua
Forest Hollow,Week1,Kent Gardens,Week3,248.0 Forest Hollow - 154.0 Kent Gardens
Forest Hollow,Week4,Ilda Community,Week4,274.0 Forest Hollow - 128.0 Ilda Community
Forest Hollow,Week2,Walden Glen,Week2,263.0 Forest Hollow - 138.0 Walden Glen
Fairfax Station,Week1,Mantua,Week5,214.0 Mantua - 188.0 Fairfax Station
Fox Hunt,Week2,Dowden Terrace,Week1,201.0 Dowden Terrace - 201.0 Fox Hunt
Forest Hollow,Week4,Riverside Gardens,Week5,253.0 Riverside Gardens - 149.0 Forest Hollow
Fox Hunt,Week1,Dunn Loring,Week2,285.0 Dunn Loring - 117.0 Fox Hunt
Forest Hollow,Week4,Riverside Gardens,Week1,221.5 Riverside Gardens - 180.5 Forest Hollow
Forest Hollow,Week1,Kent Gardens,Week1,222.0 Forest Hollow - 180.0 Kent Gardens
Forest Hollow,Week2,Overlee,Week5,361.0 Overlee - 41.0 Forest Hollow
Fairfax Station,Week3,Rolling Hills,Week5,311.0 Fairfax Station - 91.0 Rolling Hills
Fairfax Station,Week3,Rolling Hills,Week2,315.0 Fairfax Station - 87.0 Rolling Hills
Forest Hollow,Week1,Walden Glen,Week2,264.0 Forest Hollow - 137.0 Walden Glen
Forest Hollow,Week4,Riverside Gardens,Week3,238.0 Riverside Gardens - 164.0 Forest Hollow
Fairfax Station,Week2,Mantua,Week3,206.0 Mantua - 196.0 Fairfax Station
Forest Hollow,Week4,Riverside Gardens,Week4,239.0 Riverside Gardens - 163.0 Forest Hollow
Fairfax Station,Week4,Rolling Hills,Week1,292.0 Fairfax Station - 110.0 Rolling Hills
Fairfax Station,Week4,Mantua,Week5,204.0 Mantua - 198.0 Fairfax Station
Fox Hunt,Week4,Dowden Terrace,Week5,220.0 Dowden Terrace - 182.0 Fox Hunt
Forest Hollow,Week5,Wakefield Chapel,Week1,268.0 Wakefield Chapel - 134.0 Forest Hollow
Forest Hollow,Week2,Wakefield Chapel,Week5,299.0 Wakefield Chapel - 103.0 Forest Hollow
Fox Hunt,Week3,Dowden Terrace,Week5,213.0 Dowden Terrace - 189.0 Fox Hunt
Fox Hunt,Week3,Dowden Terrace,Week1,223.0 Fox Hunt - 173.0 Dowden Terrace
Fairfax Station,Week4,Rolling Hills,Week4,305.0 Fairfax Station - 97.0 Rolling Hills
Fox Hunt,Week5,Dowden Terrace,Week2,224.0 Fox Hunt - 178.0 Dowden Terrace
Forest Hollow,Week5,Kent Gardens,Week5,218.0 Forest Hollow - 184.0 Kent Gardens
Forest Hollow,Week3,Rolling Forest,Week1,225.0 Forest Hollow - 177.0 Rolling Forest
Fairfax Station,Week1,Mantua,Week3,216.0 Mantua - 186.0 Fairfax Station
Fairfax Station,Week1,Ravensworth Farm,Week5,219.0 Fairfax Station - 183.0 Ravensworth Farm
Forest Hollow,Week1,Rolling Forest,Week2,227.0 Forest Hollow - 175.0 Rolling Forest
Forest Hollow,Week3,Kings Ridge ,Week4,296.0 Forest Hollow - 106.0 Kings Ridge
Fairfax Station,Week5,Mansion House,Week5,250.0 Fairfax Station - 152.0 Mansion House
Forest Hollow,Week4,Kings Ridge ,Week2,319.0 Forest Hollow - 83.0 Kings Ridge
Forest Hollow,Week4,Kent Gardens,Week3,251.0 Forest Hollow - 151.0 Kent Gardens
Forest Hollow,Week1,Walden Glen,Week1,288.5 Forest Hollow - 113.5 Walden Glen
Forest Hollow,Week3,Rolling Forest,Week2,228.0 Forest Hollow - 174.0 Rolling Forest
Fairfax Station,Week2,Ravensworth Farm,Week3,231.0 Fairfax Station - 171.0 Ravensworth Farm
Fairfax Station,Week4,Rolling Hills,Week3,302.0 Fairfax Station - 100.0 Rolling Hills
Forest Hollow,Week3,Orange Hunt,Week5,220.0 Orange Hunt - 182.0 Forest Hollow
Fairfax Station,Week4,Rolling Hills,Week5,304.0 Fairfax Station - 98.0 Rolling Hills
Fox Hunt,Week4,Dunn Loring,Week1,233.0 Dunn Loring - 169.0 Fox Hunt
Fairfax Station,Week4,Rolling Hills,Week2,302.0 Fairfax Station - 100.0 Rolling Hills
Forest Hollow,Week4,Wakefield Chapel,Week2,265.0 Wakefield Chapel - 137.0 Forest Hollow
Fairfax Station,Week5,Mantua,Week3,221.0 Fairfax Station - 181.0 Mantua
Fairfax Station,Week5,Mantua,Week2,228.0 Fairfax Station - 174.0 Mantua
Forest Hollow,Week5,Orange Hunt,Week3,203.0 Orange Hunt - 199.0 Forest Hollow
Fox Hunt,Week2,Dunn Loring,Week5,280.0 Dunn Loring - 122.0 Fox Hunt
Forest Hollow,Week2,Walden Glen,Week3,263.0 Forest Hollow - 139.0 Walden Glen
Forest Hollow,Week5,Kings Ridge ,Week1,325.5 Forest Hollow - 76.5 Kings Ridge
Forest Hollow,Week5,Riverside Gardens,Week5,242.0 Riverside Gardens - 160.0 Forest Hollow
Forest Hollow,Week1,Overlee,Week5,344.0 Overlee - 58.0 Forest Hollow
Forest Hollow,Week5,Riverside Gardens,Week3,235.0 Riverside Gardens - 167.0 Forest Hollow
Forest Hollow,Week5,Orange Hunt,Week2,218.0 Forest Hollow - 184.0 Orange Hunt
Fairfax Station,Week1,Mantua,Week2,206.0 Fairfax Station - 196.0 Mantua
Forest Hollow,Week3,Rolling Forest,Week5,219.0 Forest Hollow - 183.0 Rolling Forest
Forest Hollow,Week2,Walden Glen,Week4,245.0 Forest Hollow - 157.0 Walden Glen
Fairfax Station,Week5,Poplar Tree,Week2,259.0 Fairfax Station - 143.0 Poplar Tree
Forest Hollow,Week5,Kings Ridge ,Week4,305.0 Forest Hollow - 97.0 Kings Ridge
Forest Hollow,Week5,Overlee,Week2,321.0 Overlee - 81.0 Forest Hollow
Forest Hollow,Week4,Wakefield Chapel,Week4,269.0 Wakefield Chapel - 133.0 Forest Hollow
Fox Hunt,Week4,Dowden Terrace,Week2,204.0 Fox Hunt - 198.0 Dowden Terrace
Forest Hollow,Week1,Kings Ridge ,Week4,275.0 Forest Hollow - 127.0 Kings Ridge
Forest Hollow,Week5,Wakefield Chapel,Week5,286.0 Wakefield Chapel - 116.0 Forest Hollow
Fairfax Station,Week3,Mantua,Week3,209.0 Fairfax Station - 193.0 Mantua
Fox Hunt,Week3,Dunn Loring,Week5,265.5 Dunn Loring - 136.5 Fox Hunt
Fox Hunt,Week2,Dowden Terrace,Week3,205.0 Fox Hunt - 197.0 Dowden Terrace
Forest Hollow,Week5,Overlee,Week4,353.0 Overlee - 49.0 Forest Hollow
Forest Hollow,Week2,Rolling Forest,Week4,217.5 Forest Hollow - 184.5 Rolling Forest
Forest Hollow,Week3,Wakefield Chapel,Week3,284.0 Wakefield Chapel - 118.0 Forest Hollow
Forest Hollow,Week4,Overlee,Week5,348.0 Overlee - 54.0 Forest Hollow
Fairfax Station,Week2,Mantua,Week4,227.0 Fairfax Station - 175.0 Mantua
Fox Hunt,Week2,Dowden Terrace,Week2,212.0 Dowden Terrace - 190.0 Fox Hunt
Fox Hunt,Week4,Dowden Terrace,Week4,217.0 Dowden Terrace - 185.0 Fox Hunt
Forest Hollow,Week4,Kings Ridge ,Week3,299.0 Forest Hollow - 103.0 Kings Ridge
Forest Hollow,Week1,Rolling Forest,Week5,219.0 Forest Hollow - 183.0 Rolling Forest
Fairfax Station,Week3,Mantua,Week5,215.0 Fairfax Station - 187.0 Mantua
Forest Hollow,Week3,Kings Ridge ,Week3,298.0 Forest Hollow - 104.0 Kings Ridge
Forest Hollow,Week1,Rolling Hills,Week4,263.0 Forest Hollow - 139.0 Rolling Hills
Forest Hollow,Week1,Overlee,Week4,360.5 Overlee - 41.5 Forest Hollow
Forest Hollow,Week2,Overlee,Week4,362.0 Overlee - 40.0 Forest Hollow
Fox Hunt,Week5,Dowden Terrace,Week3,234.0 Fox Hunt - 168.0 Dowden Terrace
Fairfax Station,Week3,Ravensworth Farm,Week3,252.0 Fairfax Station - 150.0 Ravensworth Farm
Forest Hollow,Week1,Walden Glen,Week4,259.0 Forest Hollow - 143.0 Walden Glen
Fairfax Station,Week2,Ravensworth Farm,Week1,254.5 Fairfax Station - 147.5 Ravensworth Farm
Forest Hollow,Week5,Kent Gardens,Week2,257.0 Forest Hollow - 145.0 Kent Gardens
Fairfax Station,Week3,Mantua,Week4,234.0 Fairfax Station - 168.0 Mantua
Fairfax Station,Week2,Ravensworth Farm,Week5,224.0 Fairfax Station - 178.0 Ravensworth Farm
Fairfax Station,Week2,Mantua,Week1,225.0 Fairfax Station - 177.0 Mantua
Forest Hollow,Week1,Rolling Hills,Week1,250.0 Forest Hollow - 152.0 Rolling Hills
Forest Hollow,Week1,Parklawn,Week2,271.0 Forest Hollow - 131.0 Parklawn
Forest Hollow,Week3,Wakefield Chapel,Week1,280.0 Wakefield Chapel - 122.0 Forest Hollow
Forest Hollow,Week3,Wakefield Chapel,Week4,265.0 Wakefield Chapel - 137.0 Forest Hollow
Forest Hollow,Week2,Rolling Hills,Week4,249.0 Forest Hollow - 148.0 Rolling Hills
Fox Hunt,Week4,Dowden Terrace,Week3,215.5 Fox Hunt - 186.5 Dowden Terrace
Forest Hollow,Week4,Rolling Forest,Week4,243.0 Forest Hollow - 159.0 Rolling Forest
Forest Hollow,Week5,Orange Hunt,Week4,221.0 Forest Hollow - 181.0 Orange Hunt
Forest Hollow,Week1,Rolling Hills,Week3,261.0 Forest Hollow - 141.0 Rolling Hills
Forest Hollow,Week3,Walden Glen,Week3,275.0 Forest Hollow - 127.0 Walden Glen
Forest Hollow,Week4,Orange Hunt,Week2,203.0 Forest Hollow - 199.0 Orange Hunt
Fairfax Station,Week4,Poplar Tree,Week3,235.0 Fairfax Station - 167.0 Poplar Tree
Forest Hollow,Week3,Overlee,Week1,309.0 Overlee - 93.0 Forest Hollow
Forest Hollow,Week5,Orange Hunt,Week1,219.0 Forest Hollow - 183.0 Orange Hunt
Forest Hollow,Week3,Kings Ridge ,Week1,316.0 Forest Hollow - 86.0 Kings Ridge
Forest Hollow,Week3,Walden Glen,Week5,243.0 Forest Hollow - 159.0 Walden Glen
Forest Hollow,Week2,Kings Ridge ,Week2,289.0 Forest Hollow - 113.0 Kings Ridge
Fox Hunt,Week3,Dowden Terrace,Week4,204.0 Fox Hunt - 198.0 Dowden Terrace
Fairfax Station,Week5,Mansion House,Week3,248.5 Fairfax Station - 153.5 Mansion House
Forest Hollow,Week4,Rolling Forest,Week2,252.0 Forest Hollow - 150.0 Rolling Forest
Forest Hollow,Week3,Walden Glen,Week1,299.0 Forest Hollow - 103.0 Walden Glen
Fairfax Station,Week3,Ravensworth Farm,Week5,246.0 Fairfax Station - 156.0 Ravensworth Farm
Forest Hollow,Week4,Overlee,Week3,305.0 Overlee - 97.0 Forest Hollow
Fairfax Station,Week2,Mantua,Week2,220.0 Fairfax Station - 177.0 Mantua
Forest Hollow,Week1,Rolling Forest,Week3,213.5 Forest Hollow - 188.5 Rolling Forest
Forest Hollow,Week1,Kings Ridge ,Week3,281.0 Forest Hollow - 120.0 Kings Ridge
Fairfax Station,Week3,Poplar Tree,Week4,253.0 Fairfax Station - 149.0 Poplar Tree
Forest Hollow,Week1,Kings Ridge ,Week2,295.0 Forest Hollow - 107.0 Kings Ridge
Fairfax Station,Week3,Poplar Tree,Week5,233.0 Fairfax Station - 169.0 Poplar Tree
Forest Hollow,Week3,Walden Glen,Week4,263.0 Forest Hollow - 139.0 Walden Glen
Fox Hunt,Week4,Dowden Terrace,Week1,202.0 Fox Hunt - 200.0 Dowden Terrace
Fox Hunt,Week2,Dowden Terrace,Week5,220.0 Dowden Terrace - 182.0 Fox Hunt
Forest Hollow,Week4,Walden Glen,Week3,271.0 Forest Hollow - 131.0 Walden Glen
Fairfax Station,Week4,Poplar Tree,Week2,220.0 Fairfax Station - 182.0 Poplar Tree
Fox Hunt,Week2,Dunn Loring,Week2,281.0 Dunn Loring - 121.0 Fox Hunt
Forest Hollow,Week1,Rolling Forest,Week4,230.0 Forest Hollow - 172.0 Rolling Forest
Forest Hollow,Week3,Kings Ridge ,Week5,288.0 Forest Hollow - 114.0 Kings Ridge
Fox Hunt,Week5,Dowden Terrace,Week1,224.0 Fox Hunt - 178.0 Dowden Terrace
Forest Hollow,Week1,Waynewood,Week3,249.0 Waynewood - 153.0 Forest Hollow
Fairfax Station,Week4,Poplar Tree,Week4,234.0 Fairfax Station - 168.0 Poplar Tree
Forest Hollow,Week4,Kings Ridge ,Week4,285.0 Forest Hollow - 117.0 Kings Ridge
Forest Hollow,Week2,Kings Ridge ,Week3,286.0 Forest Hollow - 115.0 Kings Ridge
Fairfax Station,Week4,Poplar Tree,Week1,220.0 Fairfax Station - 182.0 Poplar Tree
Fairfax Station,Week5,Poplar Tree,Week4,260.0 Fairfax Station - 142.0 Poplar Tree
Forest Hollow,Week1,Waynewood,Week4,234.0 Waynewood - 168.0 Forest Hollow
Fox Hunt,Week1,Dunn Loring,Week5,291.0 Dunn Loring - 111.0 Fox Hunt
Fox Hunt,Week3,Dunn Loring,Week3,273.0 Dunn Loring - 129.0 Fox Hunt
Forest Hollow,Week5,Riverside Gardens,Week1,221.0 Riverside Gardens - 181.0 Forest Hollow
Fox Hunt,Week3,Dunn Loring,Week1,221.0 Dunn Loring - 181.0 Fox Hunt
Forest Hollow,Week1,Kings Ridge ,Week1,300.0 Forest Hollow - 102.0 Kings Ridge
Forest Hollow,Week5,Rolling Forest,Week1,250.0 Forest Hollow - 152.0 Rolling Forest
Fox Hunt,Week2,Dunn Loring,Week4,287.0 Dunn Loring - 115.0 Fox Hunt
Forest Hollow,Week5,Kent Gardens,Week4,257.0 Forest Hollow - 145.0 Kent Gardens
Forest Hollow,Week1,Overlee,Week3,314.0 Overlee - 88.0 Forest Hollow
Forest Hollow,Week5,Kent Gardens,Week3,263.0 Forest Hollow - 139.0 Kent Gardens
Forest Hollow,Week4,Orange Hunt,Week4,202.0 Forest Hollow - 200.0 Orange Hunt
Fairfax Station,Week2,Poplar Tree,Week3,229.0 Fairfax Station - 173.0 Poplar Tree
Fairfax Station,Week3,Poplar Tree,Week3,257.0 Fairfax Station - 145.0 Poplar Tree
Forest Hollow,Week2,Rolling Forest,Week3,205.5 Forest Hollow - 196.5 Rolling Forest
Fairfax Station,Week3,Poplar Tree,Week1,243.0 Fairfax Station - 159.0 Poplar Tree
Forest Hollow,Week5,Kent Gardens,Week1,241.0 Forest Hollow - 161.0 Kent Gardens
Forest Hollow,Week4,Waynewood,Week3,245.5 Waynewood - 156.5 Forest Hollow
Forest Hollow,Week3,Walden Glen,Week2,268.0 Forest Hollow - 134.0 Walden Glen
Forest Hollow,Week1,Kings Ridge ,Week5,270.0 Forest Hollow - 132.0 Kings Ridge
Forest Hollow,Week2,Rolling Forest,Week1,210.0 Forest Hollow - 192.0 Rolling Forest
Fox Hunt,Week1,Dunn Loring,Week1,243.0 Dunn Loring - 159.0 Fox Hunt
Forest Hollow,Week4,Orange Hunt,Week3,213.0 Orange Hunt - 189.0 Forest Hollow
Fox Hunt,Week5,Dowden Terrace,Week5,211.0 Dowden Terrace - 191.0 Fox Hunt
Forest Hollow,Week3,Waynewood,Week1,211.0 Waynewood - 191.0 Forest Hollow
Fairfax Station,Week5,Poplar Tree,Week3,254.0 Fairfax Station - 148.0 Poplar Tree
Forest Hollow,Week4,Walden Glen,Week2,261.0 Forest Hollow - 141.0 Walden Glen
Forest Hollow,Week4,Rolling Forest,Week1,243.0 Forest Hollow - 159.0 Rolling Forest
Forest Hollow,Week4,Walden Glen,Week1,290.0 Forest Hollow - 112.0 Walden Glen
Forest Hollow,Week1,Overlee,Week1,307.0 Overlee - 95.0 Forest Hollow
Forest Hollow,Week5,Orange Hunt,Week5,214.0 Orange Hunt - 188.0 Forest Hollow
Forest Hollow,Week5,Kings Ridge ,Week2,316.0 Forest Hollow - 86.0 Kings Ridge
Forest Hollow,Week1,Overlee,Week2,328.0 Overlee - 74.0 Forest Hollow
Forest Hollow,Week4,Orange Hunt,Week1,210.0 Forest Hollow - 192.0 Orange Hunt
Fox Hunt,Week3,Dunn Loring,Week2,267.0 Dunn Loring - 135.0 Fox Hunt
Forest Hollow,Week5,Riverside Gardens,Week2,219.0 Riverside Gardens - 183.0 Forest Hollow
Forest Hollow,Week4,Orange Hunt,Week5,216.0 Orange Hunt - 186.0 Forest Hollow
Fairfax Station,Week2,Poplar Tree,Week4,236.0 Fairfax Station - 166.0 Poplar Tree
Forest Hollow,Week5,Riverside Gardens,Week4,232.0 Riverside Gardens - 170.0 Forest Hollow
Forest Hollow,Week2,Overlee,Week1,317.0 Overlee - 85.0 Forest Hollow
Fox Hunt,Week4,Brandywine,Week4,205.0 Fox Hunt - 197.0 Brandywine
Fairfax Station,Week2,Poplar Tree,Week5,213.0 Fairfax Station - 189.0 Poplar Tree
Forest Hollow,Week3,Overlee,Week4,363.0 Overlee - 39.0 Forest Hollow
Forest Hollow,Week3,Rolling Forest,Week3,213.0 Forest Hollow - 189.0 Rolling Forest
Forest Hollow,Week1,Rolling Forest,Week1,224.0 Forest Hollow - 178.0 Rolling Forest
Forest Hollow,Week3,Waynewood,Week3,253.0 Waynewood - 149.0 Forest Hollow
Forest Hollow,Week2,Rolling Forest,Week2,217.0 Forest Hollow - 185.0 Rolling Forest
Fairfax Station,Week5,Poplar Tree,Week1,249.0 Fairfax Station - 153.0 Poplar Tree
Forest Hollow,Week4,Kent Gardens,Week5,207.0 Forest Hollow - 195.0 Kent Gardens
Forest Hollow,Week5,Walden Glen,Week1,301.0 Forest Hollow - 101.0 Walden Glen
Forest Hollow,Week2,Kings Ridge ,Week5,272.0 Forest Hollow - 130.0 Kings Ridge
Fairfax Station,Week5,Poplar Tree,Week5,232.0 Fairfax Station - 170.0 Poplar Tree
Forest Hollow,Week2,Overlee,Week3,326.0 Overlee - 76.0 Forest Hollow
Forest Hollow,Week2,Rolling Forest,Week5,210.0 Forest Hollow - 192.0 Rolling Forest
Forest Hollow,Week2,Waynewood,Week4,239.0 Waynewood - 163.0 Forest Hollow
Fox Hunt,Week3,Dunn Loring,Week4,260.0 Dunn Loring - 142.0 Fox Hunt
Forest Hollow,Week3,Overlee,Week2,330.5 Overlee - 71.5 Forest Hollow
Forest Hollow,Week3,Kings Ridge ,Week2,310.0 Forest Hollow - 92.0 Kings Ridge
Fox Hunt,Week3,Brandywine,Week5,207.0 Brandywine - 195.0 Fox Hunt
Forest Hollow,Week1,Waynewood,Week2,239.0 Waynewood - 163.0 Forest Hollow
Forest Hollow,Week3,Rolling Forest,Week4,232.0 Forest Hollow - 170.0 Rolling Forest
Fox Hunt,Week3,Brandywine,Week3,209.0 Fox Hunt - 183.0 Brandywine
Fox Hunt,Week4,Brandywine,Week1,234.0 Fox Hunt - 168.0 Brandywine
Fairfax Station,Week1,Ravensworth Farm,Week2,252.5 Fairfax Station - 149.5 Ravensworth Farm
Forest Hollow,Week5,Kings Ridge ,Week3,301.0 Forest Hollow - 101.0 Kings Ridge
Forest Hollow,Week4,Overlee,Week4,357.0 Overlee - 45.0 Forest Hollow
Forest Hollow,Week4,Waynewood,Week5,258.0 Waynewood - 144.0 Forest Hollow
Fox Hunt,Week3,Bren Mar-Edsall Park,Week1,356.0 Fox Hunt - 46.0 Bren Mar-Edsall Park
Forest Hollow,Week4,Rolling Forest,Week5,224.0 Forest Hollow - 178.0 Rolling Forest
Fairfax Station,Week1,Ravensworth Farm,Week3,223.0 Fairfax Station - 179.0 Ravensworth Farm
Forest Hollow,Week2,Kings Ridge ,Week4,278.5 Forest Hollow - 123.5 Kings Ridge
Fox Hunt,Week2,Bren Mar-Edsall Park,Week4,347.0 Fox Hunt - 51.0 Bren Mar-Edsall Park
Forest Hollow,Week4,Waynewood,Week1,211.0 Waynewood - 191.0 Forest Hollow
Forest Hollow,Week5,Rolling Forest,Week2,251.0 Forest Hollow - 151.0 Rolling Forest
Forest Hollow,Week4,Overlee,Week2,323.0 Overlee - 79.0 Forest Hollow
Fairfax Station,Week3,Poplar Tree,Week2,256.0 Fairfax Station - 146.0 Poplar Tree
Forest Hollow,Week4,Overlee,Week1,298.5 Overlee - 103.5 Forest Hollow
Forest Hollow,Week1,Woodley,Week1,288.0 Forest Hollow - 114.0 Woodley
Forest Hollow,Week4,Rolling Forest,Week3,219.0 Forest Hollow - 183.0 Rolling Forest
Forest Hollow,Week4,Kings Ridge ,Week5,286.0 Forest Hollow - 116.0 Kings Ridge
Forest Hollow,Week5,Waynewood,Week2,218.0 Waynewood - 184.0 Forest Hollow
Forest Hollow,Week5,Walden Glen,Week2,273.0 Forest Hollow - 129.0 Walden Glen
Forest Hollow,Week2,Kings Ridge ,Week1,295.0 Forest Hollow - 102.0 Kings Ridge
Fairfax Station,Week1,Ravensworth Farm,Week1,240.0 Fairfax Station - 162.0 Ravensworth Farm
Forest Hollow,Week4,Kings Ridge ,Week1,314.0 Forest Hollow - 88.0 Kings Ridge
Fairfax Station,Week4,Poplar Tree,Week5,201.0 Fairfax Station - 201.0 Poplar Tree
Fox Hunt,Week2,Brandywine,Week3,209.0 Fox Hunt - 193.0 Brandywine
Forest Hollow,Week3,Overlee,Week5,352.0 Overlee - 50.0 Forest Hollow
Forest Hollow,Week2,Rolling Hills,Week3,257.0 Forest Hollow - 145.0 Rolling Hills
Fairfax Station,Week4,Ravensworth Farm,Week5,218.0 Fairfax Station - 184.0 Ravensworth Farm
Fairfax Station,Week3,Ravensworth Farm,Week4,256.0 Fairfax Station - 146.0 Ravensworth Farm
Forest Hollow,Week1,Rolling Hills,Week2,254.0 Forest Hollow - 148.0 Rolling Hills
Fairfax Station,Week1,Ravensworth Farm,Week4,233.0 Fairfax Station - 169.0 Ravensworth Farm
Fairfax Station,Week2,Ravensworth Farm,Week4,247.0 Fairfax Station - 155.0 Ravensworth Farm
Forest Hollow,Week1,Waynewood,Week1,217.0 Waynewood - 185.0 Forest Hollow
Forest Hollow,Week1,Lake Braddock,Week5,299.0 Forest Hollow - 103.0 Lake Braddock
Forest Hollow,Week2,Lakevale Estates,Week1,240.0 Lakevale Estates - 162.0 Forest Hollow
Fairfax Station,Week5,Ravensworth Farm,Week1,268.0 Fairfax Station - 134.0 Ravensworth Farm
Forest Hollow,Week2,Parklawn,Week5,258.0 Forest Hollow - 139.0 Parklawn
Forest Hollow,Week2,Parklawn,Week1,281.0 Forest Hollow - 112.0 Parklawn
Fairfax Station,Week2,Ravensworth Farm,Week2,263.0 Fairfax Station - 139.0 Ravensworth Farm
Forest Hollow,Week3,Waynewood,Week4,220.0 Waynewood - 182.0 Forest Hollow
Forest Hollow,Week5,Overlee,Week5,340.0 Overlee - 62.0 Forest Hollow
Forest Hollow,Week1,Lake Braddock,Week4,312.0 Forest Hollow - 90.0 Lake Braddock
Fairfax Station,Week4,Ravensworth Farm,Week4,229.0 Fairfax Station - 173.0 Ravensworth Farm
Fox Hunt,Week5,Brandywine,Week1,249.0 Fox Hunt - 153.0 Brandywine
Forest Hollow,Week5,Overlee,Week1,295.0 Overlee - 107.0 Forest Hollow
Forest Hollow,Week2,Waynewood,Week2,244.0 Waynewood - 158.0 Forest Hollow
Forest Hollow,Week2,Rolling Hills,Week2,237.0 Forest Hollow - 165.0 Rolling Hills
Fox Hunt,Week4,Brandywine,Week5,210.0 Brandywine - 192.0 Fox Hunt
Forest Hollow,Week5,Waynewood,Week3,242.0 Waynewood - 160.0 Forest Hollow
Fairfax Station,Week3,Ravensworth Farm,Week2,274.0 Fairfax Station - 128.0 Ravensworth Farm
Fairfax Station,Week3,Ravensworth Farm,Week1,250.0 Fairfax Station - 152.0 Ravensworth Farm
Forest Hollow,Week1,Lake Braddock,Week3,300.0 Forest Hollow - 102.0 Lake Braddock
Fox Hunt,Week2,Brandywine,Week4,215.0 Brandywine - 187.0 Fox Hunt
Forest Hollow,Week5,Rolling Forest,Week3,233.0 Forest Hollow - 169.0 Rolling Forest
Forest Hollow,Week1,Parklawn,Week1,286.0 Forest Hollow - 107.0 Parklawn
Forest Hollow,Week2,Rolling Hills,Week5,248.0 Forest Hollow - 154.0 Rolling Hills
Forest Hollow,Week5,Rolling Forest,Week4,256.0 Forest Hollow - 146.0 Rolling Forest
Forest Hollow,Week2,Rolling Hills,Week1,243.0 Forest Hollow - 159.0 Rolling Hills
Forest Hollow,Week1,Lake Braddock,Week1,309.0 Forest Hollow - 93.0 Lake Braddock
Fox Hunt,Week5,Brandywine,Week3,225.0 Fox Hunt - 177.0 Brandywine
Fox Hunt,Week2,Brandywine,Week1,226.0 Fox Hunt - 176.0 Brandywine
Forest Hollow,Week5,Walden Glen,Week5,249.0 Forest Hollow - 153.0 Walden Glen
Fox Hunt,Week5,Brandywine,Week2,228.0 Fox Hunt - 174.0 Brandywine
Forest Hollow,Week4,Walden Glen,Week4,258.0 Forest Hollow - 144.0 Walden Glen
Forest Hollow,Week3,Parklawn,Week1,299.0 Forest Hollow - 94.0 Parklawn
Forest Hollow,Week5,Overlee,Week3,294.0 Overlee - 108.0 Forest Hollow
Fox Hunt,Week5,Brandywine,Week5,212.5 Fox Hunt - 189.5 Brandywine
Forest Hollow,Week1,Lake Braddock,Week2,293.0 Forest Hollow - 109.0 Lake Braddock
Fox Hunt,Week2,Bren Mar-Edsall Park,Week2,365.0 Fox Hunt - 33.0 Bren Mar-Edsall Park
Forest Hollow,Week5,Kings Ridge ,Week5,299.0 Forest Hollow - 103.0 Kings Ridge
Forest Hollow,Week1,Rolling Hills,Week5,254.0 Forest Hollow - 148.0 Rolling Hills
Forest Hollow,Week5,Parklawn,Week1,300.0 Forest Hollow - 93.0 Parklawn
Forest Hollow,Week5,Lake Braddock,Week3,323.0 Forest Hollow - 79.0 Lake Braddock
Forest Hollow,Week1,Waynewood,Week5,253.0 Waynewood - 149.0 Forest Hollow
Forest Hollow,Week4,Walden Glen,Week5,239.5 Forest Hollow - 162.5 Walden Glen
Forest Hollow,Week5,Rolling Forest,Week5,225.0 Forest Hollow - 177.0 Rolling Forest
Forest Hollow,Week4,Parklawn,Week4,257.0 Forest Hollow - 144.0 Parklawn
Forest Hollow,Week1,Rolling Valley,Week1,316.0 Forest Hollow - 86.0 Rolling Valley
Forest Hollow,Week2,Waynewood,Week5,266.0 Waynewood - 136.0 Forest Hollow
Forest Hollow,Week5,Lake Braddock,Week2,320.0 Forest Hollow - 82.0 Lake Braddock
Forest Hollow,Week2,Lakevale Estates,Week4,270.0 Lakevale Estates - 132.0 Forest Hollow
Fairfax Station,Week5,Ravensworth Farm,Week3,252.0 Fairfax Station - 150.0 Ravensworth Farm
Forest Hollow,Week3,Lake Braddock,Week3,299.0 Forest Hollow - 103.0 Lake Braddock
Forest Hollow,Week5,Walden Glen,Week3,279.0 Forest Hollow - 123.0 Walden Glen
Fairfax Station,Week5,Ravensworth Farm,Week2,273.0 Fairfax Station - 129.0 Ravensworth Farm
Forest Hollow,Week2,Waynewood,Week3,262.5 Waynewood - 139.5 Forest Hollow
Forest Hollow,Week3,Parklawn,Week5,277.0 Forest Hollow - 125.0 Parklawn
Forest Hollow,Week4,Lake Braddock,Week1,326.0 Forest Hollow - 76.0 Lake Braddock
Forest Hollow,Week3,Rolling Hills,Week4,272.0 Forest Hollow - 130.0 Rolling Hills
Fox Hunt,Week3,Bren Mar-Edsall Park,Week4,349.0 Fox Hunt - 52.0 Bren Mar-Edsall Park
Forest Hollow,Week1,Parklawn,Week3,283.0 Forest Hollow - 119.0 Parklawn
Fox Hunt,Week3,Brandywine,Week2,218.0 Fox Hunt - 184.0 Brandywine
Forest Hollow,Week2,Waynewood,Week1,225.0 Waynewood - 177.0 Forest Hollow
Fox Hunt,Week2,Brandywine,Week2,202.0 Brandywine - 200.0 Fox Hunt
Fox Hunt,Week1,Bren Mar-Edsall Park,Week3,345.0 Fox Hunt - 57.0 Bren Mar-Edsall Park
Fairfax Station,Week5,Ravensworth Farm,Week4,255.0 Fairfax Station - 147.0 Ravensworth Farm
Forest Hollow,Week1,Rolling Valley,Week3,296.0 Forest Hollow - 106.0 Rolling Valley
Forest Hollow,Week2,Parklawn,Week4,245.0 Forest Hollow - 151.0 Parklawn
Forest Hollow,Week2,Lake Braddock,Week2,294.0 Forest Hollow - 108.0 Lake Braddock
Forest Hollow,Week4,Waynewood,Week2,235.0 Waynewood - 167.0 Forest Hollow
Forest Hollow,Week4,Parklawn,Week5,279.0 Forest Hollow - 122.0 Parklawn
Forest Hollow,Week5,Parklawn,Week3,292.5 Forest Hollow - 108.5 Parklawn
Forest Hollow,Week3,Rolling Hills,Week3,269.0 Forest Hollow - 133.0 Rolling Hills
Forest Hollow,Week3,Waynewood,Week2,232.0 Waynewood - 170.0 Forest Hollow
Forest Hollow,Week1,Parliament,Week2,248.0 Forest Hollow - 153.0 Parliament
Forest Hollow,Week5,Lake Braddock,Week4,327.0 Forest Hollow - 75.0 Lake Braddock
Forest Hollow,Week3,Waynewood,Week5,256.0 Waynewood - 146.0 Forest Hollow
Forest Hollow,Week5,Parklawn,Week2,279.0 Forest Hollow - 122.0 Parklawn
Fairfax Station,Week5,Ravensworth Farm,Week5,263.0 Fairfax Station - 139.0 Ravensworth Farm
Fairfax Station,Week1,Riverside Gardens,Week3,206.0 Fairfax Station - 196.0 Riverside Gardens
Forest Hollow,Week3,Rolling Hills,Week1,267.0 Forest Hollow - 135.0 Rolling Hills
Fairfax Station,Week1,Riverside Gardens,Week2,214.0 Fairfax Station - 188.0 Riverside Gardens
Forest Hollow,Week3,Rolling Hills,Week5,274.0 Forest Hollow - 128.0 Rolling Hills
Fairfax Station,Week1,Riverside Gardens,Week1,218.0 Fairfax Station - 184.0 Riverside Gardens
Forest Hollow,Week1,Lakevale Estates,Week4,252.0 Lakevale Estates - 150.0 Forest Hollow
Forest Hollow,Week3,Parklawn,Week4,257.0 Forest Hollow - 145.0 Parklawn
Fox Hunt,Week2,Brandywine,Week5,222.5 Brandywine - 179.5 Fox Hunt
Forest Hollow,Week5,Walden Glen,Week4,262.0 Forest Hollow - 140.0 Walden Glen
Forest Hollow,Week2,Lake Braddock,Week5,283.0 Forest Hollow - 119.0 Lake Braddock
Fox Hunt,Week4,Brandywine,Week2,210.0 Fox Hunt - 192.0 Brandywine
Fox Hunt,Week3,Brandywine,Week4,210.0 Fox Hunt - 192.0 Brandywine
Fairfax Station,Week1,Riverside Gardens,Week4,202.0 Fairfax Station - 200.0 Riverside Gardens
Forest Hollow,Week2,Lake Braddock,Week3,290.0 Forest Hollow - 112.0 Lake Braddock
Forest Hollow,Week4,Rolling Hills,Week1,257.0 Forest Hollow - 145.0 Rolling Hills
Forest Hollow,Week1,Rolling Valley,Week2,300.5 Forest Hollow - 101.5 Rolling Valley
Fox Hunt,Week4,Brandywine,Week3,218.0 Fox Hunt - 184.0 Brandywine
Forest Hollow,Week2,Woodley,Week1,279.0 Forest Hollow - 123.0 Woodley
Forest Hollow,Week2,Lakevale Estates,Week3,246.0 Lakevale Estates - 156.0 Forest Hollow
Forest Hollow,Week3,Parklawn,Week2,278.0 Forest Hollow - 124.0 Parklawn
Forest Hollow,Week2,Rolling Valley,Week2,282.0 Forest Hollow - 120.0 Rolling Valley
Fairfax Station,Week4,Ravensworth Farm,Week2,243.0 Fairfax Station - 159.0 Ravensworth Farm
Forest Hollow,Week5,Rolling Hills,Week2,274.0 Forest Hollow - 128.0 Rolling Hills
Fox Hunt,Week3,Brandywine,Week1,234.0 Fox Hunt - 168.0 Brandywine
Forest Hollow,Week2,Lake Braddock,Week1,291.0 Forest Hollow - 111.0 Lake Braddock
Forest Hollow,Week5,Rolling Hills,Week4,285.0 Forest Hollow - 116.0 Rolling Hills
Forest Hollow,Week2,Woodley,Week3,280.0 Forest Hollow - 122.0 Woodley
Fairfax Station,Week4,Ravensworth Farm,Week1,245.0 Fairfax Station - 157.0 Ravensworth Farm
Forest Hollow,Week1,Parklawn,Week4,255.0 Forest Hollow - 146.0 Parklawn
Fox Hunt,Week1,Bren Mar-Edsall Park,Week4,350.0 Fox Hunt - 51.0 Bren Mar-Edsall Park
Fox Hunt,Week2,Bren Mar-Edsall Park,Week1,356.0 Fox Hunt - 44.0 Bren Mar-Edsall Park
Forest Hollow,Week5,Parklawn,Week5,274.0 Forest Hollow - 127.0 Parklawn
Forest Hollow,Week4,Parklawn,Week2,285.0 Forest Hollow - 116.0 Parklawn
Forest Hollow,Week3,Lake Braddock,Week5,297.0 Forest Hollow - 105.0 Lake Braddock
Forest Hollow,Week3,Parklawn,Week3,294.0 Forest Hollow - 108.0 Parklawn
Forest Hollow,Week4,Lake Braddock,Week5,308.0 Forest Hollow - 94.0 Lake Braddock
Forest Hollow,Week2,Parklawn,Week3,274.0 Forest Hollow - 128.0 Parklawn
Forest Hollow,Week2,Woodley,Week5,274.0 Forest Hollow - 128.0 Woodley
Forest Hollow,Week5,Waynewood,Week5,243.0 Waynewood - 159.0 Forest Hollow
Fox Hunt,Week1,Bren Mar-Edsall Park,Week1,349.0 Fox Hunt - 53.0 Bren Mar-Edsall Park
Forest Hollow,Week2,Lake Braddock,Week4,291.0 Forest Hollow - 111.0 Lake Braddock
Forest Hollow,Week4,Parklawn,Week1,301.0 Forest Hollow - 92.0 Parklawn
Fox Hunt,Week2,Bren Mar-Edsall Park,Week5,336.0 Fox Hunt - 64.0 Bren Mar-Edsall Park
Forest Hollow,Week4,Lake Braddock,Week2,310.0 Forest Hollow - 92.0 Lake Braddock
Forest Hollow,Week3,Lake Braddock,Week2,297.0 Forest Hollow - 105.0 Lake Braddock
Fox Hunt,Week1,Bren Mar-Edsall Park,Week5,337.0 Fox Hunt - 65.0 Bren Mar-Edsall Park
Forest Hollow,Week4,Parklawn,Week3,297.0 Forest Hollow - 104.0 Parklawn
Forest Hollow,Week1,Parliament,Week1,212.0 Forest Hollow - 190.0 Parliament
Forest Hollow,Week5,Waynewood,Week4,219.5 Waynewood - 182.5 Forest Hollow
Fairfax Station,Week4,Ravensworth Farm,Week3,226.0 Fairfax Station - 176.0 Ravensworth Farm
Fairfax Station,Week2,Riverside Gardens,Week1,220.0 Fairfax Station - 182.0 Riverside Gardens
Forest Hollow,Week4,Rolling Hills,Week2,268.0 Forest Hollow - 134.0 Rolling Hills
Fox Hunt,Week2,Bren Mar-Edsall Park,Week3,356.0 Fox Hunt - 45.0 Bren Mar-Edsall Park
Forest Hollow,Week1,Rolling Valley,Week4,286.0 Forest Hollow - 116.0 Rolling Valley
Fox Hunt,Week1,Bren Mar-Edsall Park,Week2,367.0 Fox Hunt - 34.0 Bren Mar-Edsall Park
Forest Hollow,Week1,Rolling Valley,Week5,286.0 Forest Hollow - 116.0 Rolling Valley
Forest Hollow,Week4,Waynewood,Week4,229.0 Waynewood - 173.0 Forest Hollow
Forest Hollow,Week4,Rolling Hills,Week5,281.0 Forest Hollow - 121.0 Rolling Hills
Fox Hunt,Week5,Brandywine,Week4,216.0 Fox Hunt - 186.0 Brandywine
Fairfax Station,Week1,Riverside Gardens,Week5,206.0 Fairfax Station - 196.0 Riverside Gardens
Forest Hollow,Week1,Woodley,Week5,286.0 Forest Hollow - 116.0 Woodley
Forest Hollow,Week2,Rolling Valley,Week1,300.0 Forest Hollow - 102.0 Rolling Valley
Forest Hollow,Week5,Waynewood,Week1,209.0 Waynewood - 193.0 Forest Hollow
Forest Hollow,Week3,Woodley,Week2,285.0 Forest Hollow - 117.0 Woodley
Forest Hollow,Week4,Rolling Hills,Week4,275.0 Forest Hollow - 126.0 Rolling Hills
Forest Hollow,Week5,Lake Braddock,Week1,334.0 Forest Hollow - 68.0 Lake Braddock
Forest Hollow,Week3,Woodley,Week4,290.0 Forest Hollow - 112.0 Woodley
Forest Hollow,Week2,Rolling Valley,Week3,286.0 Forest Hollow - 111.0 Rolling Valley
Forest Hollow,Week5,Rolling Hills,Week1,281.0 Forest Hollow - 121.0 Rolling Hills
Forest Hollow,Week2,Rolling Valley,Week4,285.0 Forest Hollow - 117.0 Rolling Valley
Forest Hollow,Week5,Rolling Hills,Week3,290.0 Forest Hollow - 112.0 Rolling Hills
Forest Hollow,Week1,Parliament,Week3,240.0 Forest Hollow - 162.0 Parliament
Fox Hunt,Week4,Brookfield ,Week3,218.0 Fox Hunt - 184.0 Brookfield
Forest Hollow,Week2,Parklawn,Week2,268.0 Forest Hollow - 134.0 Parklawn
Forest Hollow,Week4,Lake Braddock,Week3,317.0 Forest Hollow - 85.0 Lake Braddock
Fox Hunt,Week3,Bren Mar-Edsall Park,Week2,364.0 Fox Hunt - 37.0 Bren Mar-Edsall Park
Forest Hollow,Week3,Lake Braddock,Week1,318.0 Forest Hollow - 84.0 Lake Braddock
Forest Hollow,Week5,Lake Braddock,Week5,316.0 Forest Hollow - 86.0 Lake Braddock
Forest Hollow,Week1,Woodley,Week3,294.5 Forest Hollow - 107.5 Woodley
Forest Hollow,Week3,Lake Braddock,Week4,314.0 Forest Hollow - 88.0 Lake Braddock
Fox Hunt,Week3,Bren Mar-Edsall Park,Week3,357.0 Fox Hunt - 40.0 Bren Mar-Edsall Park
Forest Hollow,Week1,Lakevale Estates,Week1,225.5 Lakevale Estates - 176.5 Forest Hollow
Forest Hollow,Week2,Woodley,Week2,279.0 Forest Hollow - 123.0 Woodley
Forest Hollow,Week1,Woodley,Week2,297.5 Forest Hollow - 104.5 Woodley
Forest Hollow,Week1,Parklawn,Week5,266.0 Forest Hollow - 136.0 Parklawn
Fox Hunt,Week3,Brookfield ,Week3,232.0 Fox Hunt - 170.0 Brookfield
Forest Hollow,Week5,Parklawn,Week4,261.0 Forest Hollow - 140.0 Parklawn
Forest Hollow,Week3,Woodley,Week5,284.0 Forest Hollow - 118.0 Woodley
Fox Hunt,Week2,Brookfield ,Week1,207.0 Brookfield - 195.0 Fox Hunt
Forest Hollow,Week1,Lakevale Estates,Week2,240.0 Lakevale Estates - 162.0 Forest Hollow
Forest Hollow,Week4,Lake Braddock,Week4,318.5 Forest Hollow - 83.5 Lake Braddock
Forest Hollow,Week2,Rutherford,Week3,268.0 Forest Hollow - 129.0 Rutherford
Fox Hunt,Week4,Bren Mar-Edsall Park,Week2,367.5 Fox Hunt - 30.5 Bren Mar-Edsall Park
Forest Hollow,Week2,Lakevale Estates,Week2,238.0 Lakevale Estates - 164.0 Forest Hollow
Fox Hunt,Week5,Bren Mar-Edsall Park,Week3,365.0 Fox Hunt - 36.0 Bren Mar-Edsall Park
Forest Hollow,Week3,Woodley,Week1,293.0 Forest Hollow - 109.0 Woodley
Forest Hollow,Week5,Rolling Hills,Week5,286.0 Forest Hollow - 116.0 Rolling Hills
Forest Hollow,Week1,Lakevale Estates,Week3,245.0 Lakevale Estates - 157.0 Forest Hollow
Forest Hollow,Week5,Parliament,Week5,246.0 Forest Hollow - 156.0 Parliament
Forest Hollow,Week1,Lakevale Estates,Week5,260.0 Lakevale Estates - 142.0 Forest Hollow
Forest Hollow,Week2,Parliament,Week3,238.0 Forest Hollow - 164.0 Parliament
Forest Hollow,Week1,Rutherford,Week5,280.0 Forest Hollow - 122.0 Rutherford
Forest Hollow,Week2,Pinecrest,Week2,266.0 Pinecrest - 136.0 Forest Hollow
Forest Hollow,Week1,Pinecrest,Week1,254.0 Pinecrest - 148.0 Forest Hollow
Forest Hollow,Week4,Rolling Hills,Week3,283.0 Forest Hollow - 119.0 Rolling Hills
Forest Hollow,Week2,Pinecrest,Week4,269.0 Pinecrest - 133.0 Forest Hollow
Forest Hollow,Week4,Woodley,Week1,297.0 Forest Hollow - 105.0 Woodley
Forest Hollow,Week4,Lakevale Estates,Week2,231.0 Lakevale Estates - 171.0 Forest Hollow
Forest Hollow,Week1,Woodley,Week4,292.0 Forest Hollow - 110.0 Woodley
Forest Hollow,Week1,Rutherford,Week1,300.0 Forest Hollow - 102.0 Rutherford
Fox Hunt,Week3,Bren Mar-Edsall Park,Week5,343.0 Fox Hunt - 54.0 Bren Mar-Edsall Park
Fox Hunt,Week4,Bren Mar-Edsall Park,Week5,345.0 Fox Hunt - 56.0 Bren Mar-Edsall Park
Forest Hollow,Week2,Woodley,Week4,281.0 Forest Hollow - 121.0 Woodley
Forest Hollow,Week3,Woodley,Week3,295.0 Forest Hollow - 107.0 Woodley
Forest Hollow,Week4,Parliament,Week1,224.0 Forest Hollow - 178.0 Parliament
Fox Hunt,Week4,Bren Mar-Edsall Park,Week4,347.0 Fox Hunt - 51.0 Bren Mar-Edsall Park
Forest Hollow,Week3,Rolling Hills,Week2,255.0 Forest Hollow - 147.0 Rolling Hills
Forest Hollow,Week4,Lakevale Estates,Week3,239.0 Lakevale Estates - 163.0 Forest Hollow
Fox Hunt,Week5,Bren Mar-Edsall Park,Week5,362.0 Fox Hunt - 39.0 Bren Mar-Edsall Park
Forest Hollow,Week3,Lakeview,Week4,278.0 Forest Hollow - 124.0 Lakeview
Forest Hollow,Week3,Parliament,Week2,249.0 Forest Hollow - 153.0 Parliament
Forest Hollow,Week3,Rutherford,Week1,309.0 Forest Hollow - 93.0 Rutherford
Forest Hollow,Week2,Parliament,Week2,236.0 Forest Hollow - 165.0 Parliament
Fox Hunt,Week5,Bren Mar-Edsall Park,Week4,363.0 Fox Hunt - 35.0 Bren Mar-Edsall Park
Fox Hunt,Week2,Brookfield ,Week4,212.0 Brookfield - 190.0 Fox Hunt
Forest Hollow,Week4,Rolling Valley,Week5,302.0 Forest Hollow - 100.0 Rolling Valley
Fox Hunt,Week1,Brookfield ,Week3,226.0 Fox Hunt - 176.0 Brookfield
Forest Hollow,Week5,Lakevale Estates,Week1,222.0 Lakevale Estates - 180.0 Forest Hollow
Forest Hollow,Week4,Rutherford,Week4,282.0 Forest Hollow - 120.0 Rutherford
Forest Hollow,Week3,Lakevale Estates,Week5,260.0 Lakevale Estates - 142.0 Forest Hollow
Forest Hollow,Week3,Rolling Valley,Week3,300.0 Forest Hollow - 102.0 Rolling Valley
Forest Hollow,Week5,Lakevale Estates,Week3,236.0 Lakevale Estates - 166.0 Forest Hollow
Forest Hollow,Week5,Rolling Valley,Week1,343.0 Forest Hollow - 59.0 Rolling Valley
Forest Hollow,Week4,Parliament,Week4,247.0 Forest Hollow - 155.0 Parliament
Forest Hollow,Week2,Rutherford,Week2,296.0 Forest Hollow - 106.0 Rutherford
Forest Hollow,Week2,Rutherford,Week4,259.0 Forest Hollow - 138.0 Rutherford
Forest Hollow,Week3,Lakeview,Week1,306.0 Forest Hollow - 96.0 Lakeview
Fox Hunt,Week2,Brookfield ,Week5,209.0 Fox Hunt - 193.0 Brookfield
Fox Hunt,Week1,Brookfield ,Week1,211.0 Brookfield - 191.0 Fox Hunt
Fox Hunt,Week4,Brookfield ,Week2,220.0 Fox Hunt - 182.0 Brookfield
Forest Hollow,Week1,Lakeview,Week2,293.0 Forest Hollow - 109.0 Lakeview
Forest Hollow,Week5,Parliament,Week3,257.0 Forest Hollow - 145.0 Parliament
Fox Hunt,Week1,Brookfield ,Week2,207.0 Fox Hunt - 195.0 Brookfield
Forest Hollow,Week3,Parliament,Week4,254.0 Forest Hollow - 148.0 Parliament
Forest Hollow,Week2,Parliament,Week1,216.0 Forest Hollow - 186.0 Parliament
Forest Hollow,Week2,Rolling Valley,Week5,279.0 Forest Hollow - 123.0 Rolling Valley
Forest Hollow,Week4,Lakeview,Week1,318.0 Forest Hollow - 84.0 Lakeview
Forest Hollow,Week4,Rutherford,Week2,303.0 Forest Hollow - 99.0 Rutherford
Forest Hollow,Week5,Parliament,Week1,228.0 Forest Hollow - 174.0 Parliament
Forest Hollow,Week2,Lakeview,Week4,251.0 Forest Hollow - 151.0 Lakeview
Forest Hollow,Week1,Rutherford,Week2,293.0 Forest Hollow - 109.0 Rutherford
Forest Hollow,Week5,Parliament,Week2,260.0 Forest Hollow - 141.0 Parliament
Fox Hunt,Week3,Brookfield ,Week4,203.0 Fox Hunt - 199.0 Brookfield
Forest Hollow,Week5,Rutherford,Week1,311.0 Forest Hollow - 91.0 Rutherford
Fox Hunt,Week3,Brookfield ,Week2,230.0 Fox Hunt - 172.0 Brookfield
Forest Hollow,Week2,Parliament,Week5,227.0 Forest Hollow - 175.0 Parliament
Fox Hunt,Week2,Brookfield ,Week3,222.0 Fox Hunt - 180.0 Brookfield
Forest Hollow,Week5,Lakevale Estates,Week5,247.0 Lakevale Estates - 155.0 Forest Hollow
Fox Hunt,Week5,Bren Mar-Edsall Park,Week1,370.0 Fox Hunt - 31.0 Bren Mar-Edsall Park
Forest Hollow,Week1,Rutherford,Week3,287.0 Forest Hollow - 115.0 Rutherford
Forest Hollow,Week2,Parliament,Week4,236.0 Forest Hollow - 166.0 Parliament
Forest Hollow,Week1,Parliament,Week4,234.0 Forest Hollow - 168.0 Parliament
Forest Hollow,Week4,Parliament,Week5,231.0 Forest Hollow - 171.0 Parliament
Fox Hunt,Week1,Brookfield ,Week5,204.0 Fox Hunt - 198.0 Brookfield
Forest Hollow,Week3,Lakevale Estates,Week1,229.5 Lakevale Estates - 172.5 Forest Hollow
Forest Hollow,Week3,Lakeview,Week3,285.0 Forest Hollow - 117.0 Lakeview
Fox Hunt,Week5,Bren Mar-Edsall Park,Week2,377.0 Fox Hunt - 21.0 Bren Mar-Edsall Park
Forest Hollow,Week1,Parliament,Week5,228.0 Forest Hollow - 174.0 Parliament
Forest Hollow,Week3,Lakeview,Week5,285.0 Forest Hollow - 108.0 Lakeview
Fox Hunt,Week4,Bren Mar-Edsall Park,Week1,360.0 Fox Hunt - 41.0 Bren Mar-Edsall Park
Forest Hollow,Week5,Rolling Valley,Week4,312.0 Forest Hollow - 90.0 Rolling Valley
Forest Hollow,Week1,Lakeview,Week5,269.0 Forest Hollow - 124.0 Lakeview
Forest Hollow,Week5,Lakevale Estates,Week4,259.0 Lakevale Estates - 143.0 Forest Hollow
Forest Hollow,Week3,Rolling Valley,Week2,294.0 Forest Hollow - 108.0 Rolling Valley
Forest Hollow,Week3,Parliament,Week1,222.0 Forest Hollow - 180.0 Parliament
Fox Hunt,Week3,Brookfield ,Week1,208.0 Fox Hunt - 194.0 Brookfield
Forest Hollow,Week4,Rolling Valley,Week4,306.5 Forest Hollow - 95.5 Rolling Valley
Forest Hollow,Week5,Lakevale Estates,Week2,224.0 Lakevale Estates - 178.0 Forest Hollow
Fox Hunt,Week1,Brookfield ,Week4,216.0 Brookfield - 186.0 Fox Hunt
Forest Hollow,Week3,Lakevale Estates,Week4,263.0 Lakevale Estates - 139.0 Forest Hollow
Forest Hollow,Week5,Rolling Valley,Week2,318.0 Forest Hollow - 84.0 Rolling Valley
Forest Hollow,Week5,Parliament,Week4,254.0 Forest Hollow - 148.0 Parliament
Forest Hollow,Week1,Pinecrest,Week2,262.0 Pinecrest - 140.0 Forest Hollow
Forest Hollow,Week3,Lakevale Estates,Week2,238.0 Lakevale Estates - 164.0 Forest Hollow
Forest Hollow,Week4,Rolling Valley,Week1,336.5 Forest Hollow - 65.5 Rolling Valley
Fox Hunt,Week2,Brookfield ,Week2,207.0 Fox Hunt - 195.0 Brookfield
Forest Hollow,Week3,Rolling Valley,Week5,300.0 Forest Hollow - 102.0 Rolling Valley
Forest Hollow,Week1,Pinecrest,Week4,265.0 Pinecrest - 137.0 Forest Hollow
Forest Hollow,Week3,Parliament,Week5,239.0 Forest Hollow - 163.0 Parliament
Forest Hollow,Week2,Lakevale Estates,Week5,268.0 Lakevale Estates - 134.0 Forest Hollow
Forest Hollow,Week4,Rolling Valley,Week3,300.0 Forest Hollow - 102.0 Rolling Valley
Fairfax Station,Week4,Long Branch,Week1,293.0 Fairfax Station - 109.0 Long Branch
Fox Hunt,Week3,Brookfield ,Week5,208.0 Fox Hunt - 194.0 Brookfield
Forest Hollow,Week5,Rolling Valley,Week3,309.0 Forest Hollow - 93.0 Rolling Valley
Forest Hollow,Week3,Parliament,Week3,245.0 Forest Hollow - 157.0 Parliament
Forest Hollow,Week4,Lakevale Estates,Week4,263.0 Lakevale Estates - 139.0 Forest Hollow
Forest Hollow,Week3,Rolling Valley,Week1,314.0 Forest Hollow - 88.0 Rolling Valley
Fox Hunt,Week3,Broyhill Crest,Week2,345.0 Fox Hunt - 57.0 Broyhill Crest
Forest Hollow,Week4,Lakevale Estates,Week5,254.0 Lakevale Estates - 148.0 Forest Hollow
Forest Hollow,Week4,Rolling Valley,Week2,312.0 Forest Hollow - 90.0 Rolling Valley
Forest Hollow,Week4,Parliament,Week2,244.0 Forest Hollow - 158.0 Parliament
Fox Hunt,Week4,Broyhill Crest,Week4,345.0 Fox Hunt - 56.0 Broyhill Crest
Forest Hollow,Week1,Pinecrest,Week5,264.0 Pinecrest - 138.0 Forest Hollow
Forest Hollow,Week5,Rolling Valley,Week5,306.0 Forest Hollow - 96.0 Rolling Valley
Fox Hunt,Week4,Brookfield ,Week4,206.0 Brookfield - 196.0 Fox Hunt
Forest Hollow,Week4,Lakevale Estates,Week1,233.5 Lakevale Estates - 168.5 Forest Hollow
Forest Hollow,Week2,Pinecrest,Week3,271.0 Pinecrest - 131.0 Forest Hollow
Fox Hunt,Week3,Broyhill Crest,Week5,338.0 Fox Hunt - 64.0 Broyhill Crest
Fox Hunt,Week4,Bren Mar-Edsall Park,Week3,350.0 Fox Hunt - 51.0 Bren Mar-Edsall Park
Forest Hollow,Week2,Pinecrest,Week1,257.0 Pinecrest - 145.0 Forest Hollow
Forest Hollow,Week3,Lakevale Estates,Week3,245.0 Lakevale Estates - 157.0 Forest Hollow
Forest Hollow,Week1,Lakeview,Week3,266.0 Forest Hollow - 136.0 Lakeview
Forest Hollow,Week1,Pinecrest,Week3,266.0 Pinecrest - 136.0 Forest Hollow
Fox Hunt,Week4,Brookfield ,Week1,201.0 Brookfield - 201.0 Fox Hunt
Forest Hollow,Week4,Parliament,Week3,246.5 Forest Hollow - 155.5 Parliament
Fairfax Station,Week4,Long Branch,Week3,276.0 Fairfax Station - 126.0 Long Branch
Forest Hollow,Week3,Rolling Valley,Week4,297.0 Forest Hollow - 105.0 Rolling Valley
Forest Hollow,Week4,Rutherford,Week3,286.0 Forest Hollow - 116.0 Rutherford
Forest Hollow,Week4,Lakeview,Week2,319.0 Forest Hollow - 83.0 Lakeview
Fairfax Station,Week1,Village West,Week2,316.0 Fairfax Station - 86.0 Village West
Forest Hollow,Week1,Lakeview,Week1,299.0 Forest Hollow - 103.0 Lakeview
Forest Hollow,Week3,Rutherford,Week2,308.0 Forest Hollow - 94.0 Rutherford
Forest Hollow,Week3,Lakeview,Week2,307.0 Forest Hollow - 95.0 Lakeview
Fox Hunt,Week2,Broyhill Crest,Week2,350.0 Fox Hunt - 47.0 Broyhill Crest
Fox Hunt,Week2,Broyhill Crest,Week1,339.0 Fox Hunt - 50.0 Broyhill Crest
Fairfax Station,Week4,Villa Aquatic,Week3,257.5 Fairfax Station - 144.5 Villa Aquatic
Fairfax Station,Week4,Long Branch,Week2,273.0 Fairfax Station - 129.0 Long Branch
Forest Hollow,Week2,Rutherford,Week1,293.0 Forest Hollow - 109.0 Rutherford
Fox Hunt,Week5,Brookfield ,Week4,213.5 Fox Hunt - 188.5 Brookfield
Forest Hollow,Week1,Rutherford,Week4,268.0 Forest Hollow - 134.0 Rutherford
Fairfax Station,Week3,Long Branch,Week2,291.0 Fairfax Station - 111.0 Long Branch
Forest Hollow,Week1,Pinewood Lake,Week2,370.0 Forest Hollow - 29.0 Pinewood Lake
Forest Hollow,Week2,Lakeview,Week1,291.0 Forest Hollow - 111.0 Lakeview
Forest Hollow,Week3,Rutherford,Week4,269.0 Forest Hollow - 133.0 Rutherford
Fox Hunt,Week1,Burke Station,Week5,263.0 Fox Hunt - 139.0 Burke Station
Fairfax Station,Week2,Villa Aquatic,Week5,258.0 Fairfax Station - 144.0 Villa Aquatic
Fox Hunt,Week3,Broyhill Crest,Week1,348.0 Fox Hunt - 53.0 Broyhill Crest
Forest Hollow,Week2,Rutherford,Week5,265.0 Forest Hollow - 137.0 Rutherford
Fairfax Station,Week4,Villa Aquatic,Week5,249.0 Fairfax Station - 153.0 Villa Aquatic
Fox Hunt,Week5,Broyhill Crest,Week3,377.0 Fox Hunt - 25.0 Broyhill Crest
Fairfax Station,Week2,Long Branch,Week4,296.5 Fairfax Station - 105.5 Long Branch
Forest Hollow,Week1,Pinewood Lake,Week5,362.0 Forest Hollow - 36.0 Pinewood Lake
Fox Hunt,Week1,Burke Station,Week1,256.0 Fox Hunt - 123.0 Burke Station
Forest Hollow,Week1,Lakeview,Week4,252.0 Forest Hollow - 150.0 Lakeview
Forest Hollow,Week3,Pinewood Lake,Week5,354.0 Forest Hollow - 44.0 Pinewood Lake
Forest Hollow,Week3,Rutherford,Week5,284.0 Forest Hollow - 118.0 Rutherford
Forest Hollow,Week2,Lakeview,Week2,284.0 Forest Hollow - 118.0 Lakeview
Fairfax Station,Week4,Villa Aquatic,Week2,283.0 Fairfax Station - 119.0 Villa Aquatic
Forest Hollow,Week4,Lakeview,Week3,297.0 Forest Hollow - 105.0 Lakeview
Fox Hunt,Week5,Brookfield ,Week5,225.0 Fox Hunt - 177.0 Brookfield
Forest Hollow,Week2,Pinewood Lake,Week1,366.0 Forest Hollow - 29.0 Pinewood Lake
Fairfax Station,Week3,Villa Aquatic,Week5,267.0 Fairfax Station - 135.0 Villa Aquatic
Forest Hollow,Week3,Rutherford,Week3,287.0 Forest Hollow - 115.0 Rutherford
Fairfax Station,Week1,Long Branch,Week2,263.0 Fairfax Station - 139.0 Long Branch
Forest Hollow,Week3,Pinecrest,Week2,247.0 Pinecrest - 155.0 Forest Hollow
Forest Hollow,Week4,Pinecrest,Week4,254.0 Pinecrest - 148.0 Forest Hollow
Forest Hollow,Week1,Pinewood Lake,Week1,371.0 Forest Hollow - 27.0 Pinewood Lake
Forest Hollow,Week2,Pinewood Lake,Week3,363.0 Forest Hollow - 35.0 Pinewood Lake
Forest Hollow,Week2,Lakeview,Week5,277.0 Forest Hollow - 116.0 Lakeview
Forest Hollow,Week4,Rutherford,Week1,301.0 Forest Hollow - 101.0 Rutherford
Forest Hollow,Week4,Rutherford,Week5,294.0 Forest Hollow - 108.0 Rutherford
Fairfax Station,Week1,Long Branch,Week4,288.0 Fairfax Station - 114.0 Long Branch
Forest Hollow,Week5,Pinecrest,Week3,253.0 Pinecrest - 149.0 Forest Hollow
Forest Hollow,Week2,Lakeview,Week3,272.0 Forest Hollow - 130.0 Lakeview
Fairfax Station,Week3,Villa Aquatic,Week1,303.0 Fairfax Station - 99.0 Villa Aquatic
Fox Hunt,Week1,Burke Station,Week3,262.0 Fox Hunt - 134.0 Burke Station
Forest Hollow,Week4,Langley,Week2,247.0 Langley - 155.0 Forest Hollow
Forest Hollow,Week5,Pinecrest,Week4,237.0 Pinecrest - 165.0 Forest Hollow
Forest Hollow,Week2,Shouse Village,Week3,203.0 Shouse Village - 199.0 Forest Hollow
Forest Hollow,Week4,Lakeview,Week4,273.0 Forest Hollow - 129.0 Lakeview
Fairfax Station,Week2,Villa Aquatic,Week2,289.0 Fairfax Station - 113.0 Villa Aquatic
Fairfax Station,Week1,Villa Aquatic,Week3,249.0 Fairfax Station - 153.0 Villa Aquatic
Forest Hollow,Week2,Shouse Village,Week4,221.0 Shouse Village - 181.0 Forest Hollow
Fairfax Station,Week1,Long Branch,Week3,288.0 Fairfax Station - 114.0 Long Branch
Forest Hollow,Week3,Pinecrest,Week5,275.0 Pinecrest - 127.0 Forest Hollow
Fairfax Station,Week2,Long Branch,Week3,294.0 Fairfax Station - 108.0 Long Branch
Forest Hollow,Week4,Pinecrest,Week5,269.0 Pinecrest - 133.0 Forest Hollow
Fairfax Station,Week2,Villa Aquatic,Week3,252.0 Fairfax Station - 150.0 Villa Aquatic
Forest Hollow,Week2,Pinewood Lake,Week4,357.0 Forest Hollow - 42.0 Pinewood Lake
Fox Hunt,Week1,Broyhill Crest,Week5,332.0 Fox Hunt - 70.0 Broyhill Crest
Forest Hollow,Week5,Langley,Week1,239.0 Langley - 163.0 Forest Hollow
Fox Hunt,Week3,Broyhill Crest,Week3,356.0 Fox Hunt - 46.0 Broyhill Crest
Forest Hollow,Week2,Langley,Week3,266.0 Langley - 136.0 Forest Hollow
Fox Hunt,Week4,Broyhill Crest,Week1,345.0 Fox Hunt - 53.0 Broyhill Crest
Fairfax Station,Week2,Long Branch,Week2,270.0 Fairfax Station - 132.0 Long Branch
Fox Hunt,Week4,Broyhill Crest,Week2,349.0 Fox Hunt - 52.0 Broyhill Crest
Forest Hollow,Week1,Shouse Village,Week4,224.5 Shouse Village - 177.5 Forest Hollow
Fairfax Station,Week3,Long Branch,Week4,305.0 Fairfax Station - 97.0 Long Branch
Fox Hunt,Week5,Herndon,Week4,340.0 Fox Hunt - 62.0 Herndon
Fox Hunt,Week1,Herndon,Week4,312.0 Fox Hunt - 90.0 Herndon
Fox Hunt,Week1,Broyhill Crest,Week3,348.0 Fox Hunt - 53.0 Broyhill Crest
Fairfax Station,Week5,Villa Aquatic,Week1,314.0 Fairfax Station - 88.0 Villa Aquatic
Fox Hunt,Week1,Broyhill Crest,Week1,336.0 Fox Hunt - 59.0 Broyhill Crest
Fox Hunt,Week2,Broyhill Crest,Week3,355.0 Fox Hunt - 43.0 Broyhill Crest
Forest Hollow,Week4,Pinecrest,Week1,233.0 Pinecrest - 169.0 Forest Hollow
Fairfax Station,Week1,Villa Aquatic,Week4,258.0 Fairfax Station - 144.0 Villa Aquatic
Fox Hunt,Week5,Brookfield ,Week3,249.0 Fox Hunt - 153.0 Brookfield
Forest Hollow,Week3,Langley,Week1,263.0 Langley - 139.0 Forest Hollow
Forest Hollow,Week5,Lakeview,Week2,320.0 Forest Hollow - 82.0 Lakeview
Forest Hollow,Week2,Shouse Village,Week2,207.0 Forest Hollow - 195.0 Shouse Village
Forest Hollow,Week5,Lakeview,Week5,304.0 Forest Hollow - 89.0 Lakeview
Forest Hollow,Week5,Pinecrest,Week2,235.0 Pinecrest - 167.0 Forest Hollow
Forest Hollow,Week4,Shouse Village,Week2,238.0 Forest Hollow - 164.0 Shouse Village
Fairfax Station,Week1,Villa Aquatic,Week1,292.0 Fairfax Station - 110.0 Villa Aquatic
Forest Hollow,Week5,Lakeview,Week1,324.0 Forest Hollow - 78.0 Lakeview
Forest Hollow,Week4,Pinecrest,Week2,250.0 Pinecrest - 152.0 Forest Hollow
Fairfax Station,Week4,Villa Aquatic,Week4,266.5 Fairfax Station - 135.5 Villa Aquatic
Fairfax Station,Week3,Long Branch,Week5,295.0 Fairfax Station - 107.0 Long Branch
Forest Hollow,Week4,Shouse Village,Week4,205.0 Shouse Village - 197.0 Forest Hollow
Fox Hunt,Week2,Herndon,Week4,319.0 Fox Hunt - 82.0 Herndon
Fairfax Station,Week1,Long Branch,Week1,283.0 Fairfax Station - 119.0 Long Branch
Forest Hollow,Week3,Shouse Village,Week3,207.0 Forest Hollow - 195.0 Shouse Village
Fox Hunt,Week1,Hiddenbrook,Week1,218.0 Fox Hunt - 184.0 Hiddenbrook
Forest Hollow,Week2,Pinewood Lake,Week5,346.0 Forest Hollow - 53.0 Pinewood Lake
Fox Hunt,Week1,Herndon,Week5,301.0 Fox Hunt - 101.0 Herndon
Forest Hollow,Week1,Shouse Village,Week1,202.0 Shouse Village - 200.0 Forest Hollow
Fairfax Station,Week2,Villa Aquatic,Week1,301.0 Fairfax Station - 101.0 Villa Aquatic
Forest Hollow,Week4,Langley,Week1,258.0 Langley - 144.0 Forest Hollow
Fairfax Station,Week5,Villa Aquatic,Week3,276.0 Fairfax Station - 126.0 Villa Aquatic
Fairfax Station,Week1,Villa Aquatic,Week2,281.0 Fairfax Station - 121.0 Villa Aquatic
Fox Hunt,Week5,Herndon,Week2,336.0 Fox Hunt - 65.0 Herndon
Forest Hollow,Week1,Langley,Week3,256.0 Langley - 146.0 Forest Hollow
Fox Hunt,Week1,Herndon,Week1,306.0 Fox Hunt - 96.0 Herndon
Forest Hollow,Week4,Pinecrest,Week3,267.5 Pinecrest - 134.5 Forest Hollow
Fox Hunt,Week5,Brookfield ,Week2,232.0 Fox Hunt - 170.0 Brookfield
Forest Hollow,Week4,Shouse Village,Week3,218.0 Forest Hollow - 184.0 Shouse Village
Forest Hollow,Week5,Lakeview,Week3,300.0 Forest Hollow - 102.0 Lakeview
Fox Hunt,Week2,Broyhill Crest,Week4,339.0 Fox Hunt - 58.0 Broyhill Crest
Forest Hollow,Week3,Pinewood Lake,Week1,367.0 Forest Hollow - 31.0 Pinewood Lake
Forest Hollow,Week3,Shouse Village,Week1,216.0 Forest Hollow - 186.0 Shouse Village
Fairfax Station,Week3,Long Branch,Week1,300.0 Fairfax Station - 102.0 Long Branch
Fairfax Station,Week1,Long Branch,Week5,270.0 Fairfax Station - 132.0 Long Branch
Forest Hollow,Week4,Langley,Week4,250.0 Langley - 152.0 Forest Hollow
Fox Hunt,Week5,Brookfield ,Week1,230.0 Fox Hunt - 172.0 Brookfield
Fox Hunt,Week1,Broyhill Crest,Week2,344.0 Fox Hunt - 57.0 Broyhill Crest
Fox Hunt,Week3,Herndon,Week2,327.0 Fox Hunt - 75.0 Herndon
Forest Hollow,Week3,Pinecrest,Week1,250.0 Pinecrest - 152.0 Forest Hollow
Forest Hollow,Week5,Pinecrest,Week5,239.0 Pinecrest - 163.0 Forest Hollow
Forest Hollow,Week3,Langley,Week2,251.0 Langley - 151.0 Forest Hollow
Fairfax Station,Week5,Vienna Woods,Week5,235.0 Vienna Woods - 167.0 Fairfax Station
Fox Hunt,Week3,Herndon,Week1,327.0 Fox Hunt - 74.0 Herndon
Forest Hollow,Week5,Shouse Village,Week1,232.0 Forest Hollow - 170.0 Shouse Village
Fox Hunt,Week2,Broyhill Crest,Week5,331.5 Fox Hunt - 68.5 Broyhill Crest
Forest Hollow,Week1,Langley,Week1,256.0 Langley - 146.0 Forest Hollow
Forest Hollow,Week3,Pinewood Lake,Week2,363.0 Forest Hollow - 37.0 Pinewood Lake
Fairfax Station,Week2,Long Branch,Week5,278.0 Fairfax Station - 124.0 Long Branch
Forest Hollow,Week5,Rutherford,Week4,286.0 Forest Hollow - 116.0 Rutherford
Fairfax Station,Week5,Villa Aquatic,Week4,297.0 Fairfax Station - 105.0 Villa Aquatic
Forest Hollow,Week5,Rutherford,Week3,298.0 Forest Hollow - 104.0 Rutherford
Fairfax Station,Week2,Villa Aquatic,Week4,274.0 Fairfax Station - 128.0 Villa Aquatic
Fox Hunt,Week1,Broyhill Crest,Week4,336.0 Fox Hunt - 65.0 Broyhill Crest
Fox Hunt,Week4,Brookfield ,Week5,217.0 Fox Hunt - 185.0 Brookfield
Forest Hollow,Week1,Pinewood Lake,Week4,368.0 Forest Hollow - 30.0 Pinewood Lake
Forest Hollow,Week3,Langley,Week4,259.0 Langley - 143.0 Forest Hollow
Forest Hollow,Week1,Langley,Week5,253.0 Langley - 149.0 Forest Hollow
Forest Hollow,Week4,Shouse Village,Week5,212.0 Shouse Village - 190.0 Forest Hollow
Fairfax Station,Week4,Villa Aquatic,Week1,288.0 Fairfax Station - 114.0 Villa Aquatic
Fox Hunt,Week2,Herndon,Week1,329.0 Fox Hunt - 71.0 Herndon
Fairfax Station,Week5,Villa Aquatic,Week2,304.0 Fairfax Station - 98.0 Villa Aquatic
Fairfax Station,Week3,Long Branch,Week3,303.0 Fairfax Station - 99.0 Long Branch
Forest Hollow,Week2,Pinecrest,Week5,275.0 Pinecrest - 127.0 Forest Hollow
Fox Hunt,Week3,Herndon,Week3,330.0 Fox Hunt - 67.0 Herndon
Forest Hollow,Week3,Shouse Village,Week2,220.0 Forest Hollow - 182.0 Shouse Village
Fairfax Station,Week2,Long Branch,Week1,291.0 Fairfax Station - 111.0 Long Branch
Fox Hunt,Week1,Herndon,Week2,305.0 Fox Hunt - 97.0 Herndon
Fox Hunt,Week3,Broyhill Crest,Week4,341.0 Fox Hunt - 61.0 Broyhill Crest
Forest Hollow,Week3,Pinecrest,Week3,269.0 Pinecrest - 133.0 Forest Hollow
Forest Hollow,Week3,Pinecrest,Week4,263.0 Pinecrest - 139.0 Forest Hollow
Fox Hunt,Week4,Herndon,Week1,321.0 Fox Hunt - 80.0 Herndon
Fairfax Station,Week3,Villa Aquatic,Week2,303.0 Fairfax Station - 99.0 Villa Aquatic
Fairfax Station,Week2,Springfield,Week1,387.0 Fairfax Station - 14.0 Springfield
Fox Hunt,Week1,Herndon,Week3,313.0 Fox Hunt - 89.0 Herndon
Forest Hollow,Week5,Rutherford,Week2,313.0 Forest Hollow - 89.0 Rutherford
Forest Hollow,Week5,Pinecrest,Week1,220.0 Pinecrest - 182.0 Forest Hollow
Fairfax Station,Week3,Villa Aquatic,Week3,273.0 Fairfax Station - 129.0 Villa Aquatic
Fox Hunt,Week5,Hayfield Farm,Week4,226.0 Fox Hunt - 176.0 Hayfield Farm
Fox Hunt,Week5,Hayfield Farm,Week5,236.0 Fox Hunt - 166.0 Hayfield Farm
Fox Hunt,Week4,Broyhill Crest,Week3,354.0 Fox Hunt - 48.0 Broyhill Crest
Fairfax Station,Week5,Villa Aquatic,Week5,278.0 Fairfax Station - 124.0 Villa Aquatic
Forest Hollow,Week2,Laurel Hill,Week5,243.0 Forest Hollow - 159.0 Laurel Hill
Fairfax Station,Week3,Springboard,Week3,323.0 Fairfax Station - 79.0 Springboard
Fox Hunt,Week4,Broyhill Crest,Week5,333.0 Fox Hunt - 68.0 Broyhill Crest
Forest Hollow,Week1,Pinewood Lake,Week3,374.0 Forest Hollow - 24.0 Pinewood Lake
Fairfax Station,Week1,Villa Aquatic,Week5,249.0 Fairfax Station - 153.0 Villa Aquatic
Forest Hollow,Week3,Laurel Hill,Week2,296.0 Forest Hollow - 106.0 Laurel Hill
Fox Hunt,Week5,Broyhill Crest,Week1,364.0 Fox Hunt - 34.0 Broyhill Crest
Forest Hollow,Week2,Shouse Village,Week1,204.0 Forest Hollow - 198.0 Shouse Village
Forest Hollow,Week2,Langley,Week5,262.0 Langley - 140.0 Forest Hollow
Forest Hollow,Week2,Shouse Village,Week5,223.0 Shouse Village - 179.0 Forest Hollow
Fox Hunt,Week2,Herndon,Week5,311.0 Fox Hunt - 90.0 Herndon
Forest Hollow,Week1,Langley,Week4,247.0 Langley - 155.0 Forest Hollow
Fairfax Station,Week2,Springfield,Week4,383.0 Fairfax Station - 18.0 Springfield
Forest Hollow,Week2,Pinewood Lake,Week2,360.0 Forest Hollow - 40.0 Pinewood Lake
Fox Hunt,Week2,Herndon,Week3,319.0 Fox Hunt - 83.0 Herndon
Forest Hollow,Week3,Shouse Village,Week4,216.0 Shouse Village - 186.0 Forest Hollow
Forest Hollow,Week1,Langley,Week2,248.0 Langley - 154.0 Forest Hollow
Forest Hollow,Week3,Pinewood Lake,Week4,369.0 Forest Hollow - 29.0 Pinewood Lake
Fairfax Station,Week3,Springfield,Week5,389.0 Fairfax Station - 12.0 Springfield
Fox Hunt,Week5,Broyhill Crest,Week2,368.0 Fox Hunt - 33.0 Broyhill Crest
Fairfax Station,Week3,Springfield,Week1,391.0 Fairfax Station - 10.0 Springfield
Fairfax Station,Week1,Virginia Hills,Week3,371.0 Fairfax Station - 31.0 Virginia Hills
Fairfax Station,Week3,Springboard,Week4,310.0 Fairfax Station - 92.0 Springboard
Fairfax Station,Week3,Villa Aquatic,Week4,286.0 Fairfax Station - 116.0 Villa Aquatic
Fox Hunt,Week1,Burke Station,Week2,289.0 Fox Hunt - 113.0 Burke Station
Fox Hunt,Week5,Broyhill Crest,Week4,364.0 Fox Hunt - 37.0 Broyhill Crest
Fox Hunt,Week2,Herndon,Week2,319.0 Fox Hunt - 81.0 Herndon
Fox Hunt,Week4,Herndon,Week4,326.0 Fox Hunt - 76.0 Herndon
Forest Hollow,Week1,Shouse Village,Week2,218.0 Forest Hollow - 184.0 Shouse Village
Forest Hollow,Week2,Langley,Week2,255.0 Langley - 147.0 Forest Hollow
Forest Hollow,Week4,Pinewood Lake,Week1,369.0 Forest Hollow - 31.0 Pinewood Lake
Forest Hollow,Week2,Langley,Week1,273.0 Langley - 129.0 Forest Hollow
Fox Hunt,Week5,Broyhill Crest,Week5,352.0 Fox Hunt - 49.0 Broyhill Crest
Forest Hollow,Week3,Pinewood Lake,Week3,369.0 Forest Hollow - 29.0 Pinewood Lake
Forest Hollow,Week3,Shouse Village,Week5,219.0 Shouse Village - 183.0 Forest Hollow
Forest Hollow,Week4,Shouse Village,Week1,227.0 Forest Hollow - 175.0 Shouse Village
Fairfax Station,Week1,Virginia Hills,Week5,359.0 Fairfax Station - 42.0 Virginia Hills
Fairfax Station,Week1,Village West,Week1,311.0 Fairfax Station - 91.0 Village West
Forest Hollow,Week3,Little Rocky Run,Week3,258.0 Little Rocky Run - 144.0 Forest Hollow
Fairfax Station,Week4,Village West,Week5,317.0 Fairfax Station - 85.0 Village West
Fairfax Station,Week5,Springboard,Week2,358.5 Fairfax Station - 43.5 Springboard
Fox Hunt,Week3,Burke Station,Week3,281.0 Fox Hunt - 116.0 Burke Station
Forest Hollow,Week3,Langley,Week5,246.0 Langley - 156.0 Forest Hollow
Fox Hunt,Week3,Herndon,Week5,321.0 Fox Hunt - 81.0 Herndon
Fairfax Station,Week4,Springboard,Week3,310.0 Fairfax Station - 92.0 Springboard
Fox Hunt,Week1,Camelot,Week5,216.0 Fox Hunt - 186.0 Camelot
Fox Hunt,Week3,Burke Station,Week1,253.0 Fox Hunt - 125.0 Burke Station
Fox Hunt,Week5,Herndon,Week1,336.0 Fox Hunt - 65.0 Herndon
Fairfax Station,Week4,Village West,Week1,313.0 Fairfax Station - 89.0 Village West
Fox Hunt,Week4,Herndon,Week5,311.0 Fox Hunt - 91.0 Herndon
Fairfax Station,Week5,Springboard,Week3,335.0 Fairfax Station - 67.0 Springboard
Fox Hunt,Week4,Herndon,Week2,317.0 Fox Hunt - 84.0 Herndon
Fox Hunt,Week5,Herndon,Week3,344.0 Fox Hunt - 58.0 Herndon
Fairfax Station,Week1,Springfield,Week5,383.0 Fairfax Station - 15.0 Springfield
Forest Hollow,Week4,Langley,Week3,255.5 Langley - 146.5 Forest Hollow
Forest Hollow,Week4,Pinewood Lake,Week2,371.0 Forest Hollow - 30.0 Pinewood Lake
Forest Hollow,Week5,Shouse Village,Week3,234.0 Forest Hollow - 168.0 Shouse Village
Fairfax Station,Week3,Village West,Week5,316.0 Fairfax Station - 86.0 Village West
Fox Hunt,Week4,Herndon,Week3,319.0 Fox Hunt - 83.0 Herndon
Forest Hollow,Week3,Little Hunting Park,Week5,249.0 Forest Hollow - 152.0 Little Hunting Park
Forest Hollow,Week1,Little Rocky Run,Week3,261.0 Little Rocky Run - 141.0 Forest Hollow
Forest Hollow,Week5,Lakeview,Week4,283.5 Forest Hollow - 118.5 Lakeview
Forest Hollow,Week3,Sideburn Run,Week4,213.0 Forest Hollow - 189.0 Sideburn Run
Forest Hollow,Week5,Shouse Village,Week2,239.0 Forest Hollow - 163.0 Shouse Village
Forest Hollow,Week1,Shouse Village,Week3,208.0 Shouse Village - 194.0 Forest Hollow
Fox Hunt,Week3,Herndon,Week4,338.0 Fox Hunt - 64.0 Herndon
Forest Hollow,Week3,Langley,Week3,257.0 Langley - 145.0 Forest Hollow
Forest Hollow,Week3,Little Hunting Park,Week3,274.0 Forest Hollow - 128.0 Little Hunting Park
Forest Hollow,Week5,Sideburn Run,Week5,222.0 Forest Hollow - 180.0 Sideburn Run
Fairfax Station,Week5,Springboard,Week5,321.0 Fairfax Station - 81.0 Springboard
Fairfax Station,Week3,Village West,Week1,323.0 Fairfax Station - 79.0 Village West
Fox Hunt,Week2,Burke Station,Week3,266.0 Fox Hunt - 130.0 Burke Station
Forest Hollow,Week1,Shouse Village,Week5,222.0 Shouse Village - 180.0 Forest Hollow
Forest Hollow,Week5,Rutherford,Week5,295.5 Forest Hollow - 106.5 Rutherford
Forest Hollow,Week4,Little Hunting Park,Week5,252.0 Forest Hollow - 149.0 Little Hunting Park
Forest Hollow,Week4,Langley,Week5,245.0 Langley - 157.0 Forest Hollow
Fairfax Station,Week5,Village West,Week4,316.0 Fairfax Station - 81.0 Village West
Fairfax Station,Week2,Village West,Week3,305.0 Fairfax Station - 97.0 Village West
Fox Hunt,Week3,Burke Station,Week2,284.0 Fox Hunt - 117.0 Burke Station
Fox Hunt,Week1,Burke Station,Week4,280.0 Fox Hunt - 122.0 Burke Station
Fairfax Station,Week3,Springfield,Week2,390.0 Fairfax Station - 11.0 Springfield
Fairfax Station,Week4,Village West,Week3,304.0 Fairfax Station - 98.0 Village West
Forest Hollow,Week2,Langley,Week4,264.0 Langley - 138.0 Forest Hollow
Fairfax Station,Week3,Springboard,Week5,315.0 Fairfax Station - 87.0 Springboard
Fox Hunt,Week5,Burke Station,Week2,306.0 Fox Hunt - 95.0 Burke Station
Forest Hollow,Week2,Little Rocky Run,Week1,267.0 Little Rocky Run - 135.0 Forest Hollow
Forest Hollow,Week4,Lakeview,Week5,293.0 Forest Hollow - 100.0 Lakeview
Fairfax Station,Week1,Springfield,Week2,387.0 Fairfax Station - 13.0 Springfield
Forest Hollow,Week5,Shouse Village,Week4,216.5 Forest Hollow - 185.5 Shouse Village
Forest Hollow,Week1,Laurel Hill,Week1,279.0 Forest Hollow - 122.0 Laurel Hill
Forest Hollow,Week1,Laurel Hill,Week2,301.0 Forest Hollow - 100.0 Laurel Hill
Fairfax Station,Week3,Village West,Week3,305.0 Fairfax Station - 97.0 Village West
Fairfax Station,Week3,Village West,Week4,323.0 Fairfax Station - 74.0 Village West
Forest Hollow,Week4,Little Hunting Park,Week3,269.0 Forest Hollow - 133.0 Little Hunting Park
Fox Hunt,Week1,Camelot,Week3,228.0 Fox Hunt - 174.0 Camelot
Forest Hollow,Week2,Sideburn Run,Week1,203.0 Forest Hollow - 199.0 Sideburn Run
Fox Hunt,Week1,High Point Pool,Week3,229.0 High Point Pool - 173.0 Fox Hunt
Forest Hollow,Week4,Little Hunting Park,Week1,280.0 Forest Hollow - 121.0 Little Hunting Park
Fairfax Station,Week3,Springfield,Week3,390.0 Fairfax Station - 12.0 Springfield
Forest Hollow,Week1,Sleepy Hollow B & R,Week2,219.0 Sleepy Hollow B & R - 183.0 Forest Hollow
Forest Hollow,Week5,Sideburn Run,Week2,246.0 Forest Hollow - 156.0 Sideburn Run
Fox Hunt,Week1,Camelot,Week2,217.0 Fox Hunt - 185.0 Camelot
Forest Hollow,Week5,Little Hunting Park,Week2,281.0 Forest Hollow - 121.0 Little Hunting Park
Fox Hunt,Week4,Burke Station,Week2,298.0 Fox Hunt - 103.0 Burke Station
Forest Hollow,Week5,Langley,Week5,242.0 Langley - 160.0 Forest Hollow
Fox Hunt,Week2,Hiddenbrook,Week2,261.0 Fox Hunt - 135.0 Hiddenbrook
Fairfax Station,Week4,Springboard,Week1,311.0 Fairfax Station - 91.0 Springboard
Fairfax Station,Week1,Village West,Week3,300.5 Fairfax Station - 101.5 Village West
Fox Hunt,Week5,Herndon,Week5,335.0 Fox Hunt - 67.0 Herndon
Forest Hollow,Week1,Laurel Hill,Week3,262.0 Forest Hollow - 140.0 Laurel Hill
Fox Hunt,Week1,Hiddenbrook,Week3,225.0 Fox Hunt - 177.0 Hiddenbrook
Forest Hollow,Week2,Laurel Hill,Week2,293.0 Forest Hollow - 103.0 Laurel Hill
Fox Hunt,Week2,Hiddenbrook,Week4,217.0 Fox Hunt - 179.0 Hiddenbrook
Forest Hollow,Week1,Laurel Hill,Week5,251.0 Forest Hollow - 151.0 Laurel Hill
Fairfax Station,Week3,Springboard,Week2,354.0 Fairfax Station - 48.0 Springboard
Fox Hunt,Week4,Burke Station,Week1,257.0 Fox Hunt - 122.0 Burke Station
Fairfax Station,Week5,Village West,Week2,325.0 Fairfax Station - 77.0 Village West
Forest Hollow,Week5,Langley,Week2,235.0 Langley - 167.0 Forest Hollow
Forest Hollow,Week1,Laurel Hill,Week4,267.0 Forest Hollow - 135.0 Laurel Hill
Forest Hollow,Week4,Little Hunting Park,Week2,275.0 Forest Hollow - 127.0 Little Hunting Park
Forest Hollow,Week5,Little Hunting Park,Week5,253.0 Forest Hollow - 149.0 Little Hunting Park
Fox Hunt,Week2,Camelot,Week2,218.0 Fox Hunt - 184.0 Camelot
Fairfax Station,Week1,Stratford,Week3,294.0 Fairfax Station - 108.0 Stratford
Fox Hunt,Week2,Camelot,Week3,226.0 Fox Hunt - 175.0 Camelot
Fox Hunt,Week3,Hiddenbrook,Week4,259.0 Fox Hunt - 138.0 Hiddenbrook
Forest Hollow,Week3,Little Hunting Park,Week2,279.0 Forest Hollow - 123.0 Little Hunting Park
Fairfax Station,Week2,Springboard,Week5,295.0 Fairfax Station - 106.0 Springboard
Fairfax Station,Week4,Village West,Week4,310.0 Fairfax Station - 87.0 Village West
Fox Hunt,Week2,Camelot,Week1,227.0 Fox Hunt - 175.0 Camelot
Fairfax Station,Week1,Village West,Week4,305.0 Fairfax Station - 92.0 Village West
Forest Hollow,Week2,Sideburn Run,Week5,207.0 Sideburn Run - 195.0 Forest Hollow
Forest Hollow,Week3,Sideburn Run,Week2,218.0 Forest Hollow - 184.0 Sideburn Run
Forest Hollow,Week4,Sideburn Run,Week2,232.0 Forest Hollow - 170.0 Sideburn Run
Forest Hollow,Week5,Little Hunting Park,Week3,284.0 Forest Hollow - 118.0 Little Hunting Park
Fairfax Station,Week5,Village West,Week1,321.0 Fairfax Station - 81.0 Village West
Forest Hollow,Week1,Sideburn Run,Week5,204.5 Sideburn Run - 197.5 Forest Hollow
Fairfax Station,Week4,Springboard,Week4,307.0 Fairfax Station - 95.0 Springboard
Fox Hunt,Week1,Hiddenbrook,Week2,265.0 Fox Hunt - 132.0 Hiddenbrook
Fox Hunt,Week4,Burke Station,Week3,271.0 Fox Hunt - 126.0 Burke Station
Forest Hollow,Week2,Laurel Hill,Week3,264.0 Forest Hollow - 138.0 Laurel Hill
Forest Hollow,Week5,Little Hunting Park,Week1,284.0 Forest Hollow - 117.0 Little Hunting Park
Forest Hollow,Week2,Little Rocky Run,Week2,266.0 Little Rocky Run - 136.0 Forest Hollow
Fairfax Station,Week4,Springboard,Week5,303.0 Fairfax Station - 99.0 Springboard
Forest Hollow,Week1,Little Rocky Run,Week5,272.0 Little Rocky Run - 130.0 Forest Hollow
Fairfax Station,Week5,Springboard,Week1,326.0 Fairfax Station - 76.0 Springboard
Fairfax Station,Week1,Springfield,Week4,382.0 Fairfax Station - 18.0 Springfield
Forest Hollow,Week5,Langley,Week4,249.0 Langley - 153.0 Forest Hollow
Fox Hunt,Week4,Hiddenbrook,Week2,281.0 Fox Hunt - 120.0 Hiddenbrook
Forest Hollow,Week1,Little Rocky Run,Week2,248.0 Little Rocky Run - 154.0 Forest Hollow
Fox Hunt,Week3,Hiddenbrook,Week2,287.0 Fox Hunt - 114.0 Hiddenbrook
Fox Hunt,Week3,Burke Station,Week4,279.0 Fox Hunt - 123.0 Burke Station
Forest Hollow,Week2,Sideburn Run,Week2,213.0 Forest Hollow - 189.0 Sideburn Run
Forest Hollow,Week4,Sideburn Run,Week5,210.0 Forest Hollow - 192.0 Sideburn Run
Fox Hunt,Week4,Burke Station,Week5,268.0 Fox Hunt - 134.0 Burke Station
Fairfax Station,Week2,Village West,Week4,315.0 Fairfax Station - 82.0 Village West
Forest Hollow,Week5,Shouse Village,Week5,211.0 Forest Hollow - 191.0 Shouse Village
Fox Hunt,Week2,Burke Station,Week5,252.0 Fox Hunt - 150.0 Burke Station
Fairfax Station,Week3,Village West,Week2,326.0 Fairfax Station - 76.0 Village West
Fox Hunt,Week2,Hiddenbrook,Week5,212.0 Fox Hunt - 190.0 Hiddenbrook
Forest Hollow,Week2,Laurel Hill,Week1,272.0 Forest Hollow - 130.0 Laurel Hill
Forest Hollow,Week2,Sideburn Run,Week3,207.0 Sideburn Run - 195.0 Forest Hollow
Fairfax Station,Week2,Village West,Week2,318.0 Fairfax Station - 84.0 Village West
Forest Hollow,Week5,Langley,Week3,242.0 Langley - 160.0 Forest Hollow
Forest Hollow,Week5,Little Hunting Park,Week4,288.0 Forest Hollow - 114.0 Little Hunting Park
Fairfax Station,Week5,Springboard,Week4,324.0 Fairfax Station - 78.0 Springboard
Fox Hunt,Week3,Burke Station,Week5,261.0 Fox Hunt - 136.0 Burke Station
Fairfax Station,Week2,Village West,Week5,314.0 Fairfax Station - 83.0 Village West
Fox Hunt,Week4,Hiddenbrook,Week1,228.0 Fox Hunt - 174.0 Hiddenbrook
Fox Hunt,Week4,Hiddenbrook,Week4,228.0 Fox Hunt - 174.0 Hiddenbrook
Forest Hollow,Week3,Laurel Hill,Week1,269.0 Forest Hollow - 133.0 Laurel Hill
Fox Hunt,Week2,Burke Station,Week1,258.0 Fox Hunt - 121.0 Burke Station
Fairfax Station,Week1,Virginia Hills,Week1,370.0 Fairfax Station - 32.0 Virginia Hills
Fairfax Station,Week4,Springboard,Week2,335.0 Fairfax Station - 67.0 Springboard
Forest Hollow,Week4,Sideburn Run,Week3,212.0 Forest Hollow - 190.0 Sideburn Run
Fairfax Station,Week3,Springboard,Week1,329.0 Fairfax Station - 73.0 Springboard
Forest Hollow,Week4,Sideburn Run,Week4,218.0 Forest Hollow - 184.0 Sideburn Run
Fox Hunt,Week2,Hiddenbrook,Week1,222.0 Fox Hunt - 180.0 Hiddenbrook
Fox Hunt,Week4,Burke Station,Week4,294.0 Fox Hunt - 107.0 Burke Station
Forest Hollow,Week3,Laurel Hill,Week3,266.0 Forest Hollow - 136.0 Laurel Hill
Fairfax Station,Week5,Village West,Week3,317.0 Fairfax Station - 85.0 Village West
Forest Hollow,Week2,Little Rocky Run,Week5,292.0 Little Rocky Run - 110.0 Forest Hollow
Fairfax Station,Week1,Village West,Week5,305.0 Fairfax Station - 97.0 Village West
Fairfax Station,Week1,Springfield,Week3,387.0 Fairfax Station - 11.0 Springfield
Fox Hunt,Week3,Hiddenbrook,Week1,256.0 Fox Hunt - 146.0 Hiddenbrook
Forest Hollow,Week4,Little Hunting Park,Week4,267.0 Forest Hollow - 135.0 Little Hunting Park
Forest Hollow,Week2,Laurel Hill,Week4,260.5 Forest Hollow - 141.5 Laurel Hill
Forest Hollow,Week1,Sideburn Run,Week2,224.0 Forest Hollow - 178.0 Sideburn Run
Fox Hunt,Week3,Hiddenbrook,Week5,239.0 Fox Hunt - 163.0 Hiddenbrook
Forest Hollow,Week1,Little Rocky Run,Week1,258.0 Little Rocky Run - 144.0 Forest Hollow
Fox Hunt,Week1,Camelot,Week4,215.0 Fox Hunt - 187.0 Camelot
Forest Hollow,Week1,Sideburn Run,Week4,211.0 Forest Hollow - 191.0 Sideburn Run
Forest Hollow,Week3,Laurel Hill,Week4,273.0 Forest Hollow - 129.0 Laurel Hill
Fairfax Station,Week2,Springfield,Week2,384.0 Fairfax Station - 17.0 Springfield
Fairfax Station,Week2,Village West,Week1,307.0 Fairfax Station - 95.0 Village West
Forest Hollow,Week1,Little Rocky Run,Week4,262.0 Little Rocky Run - 140.0 Forest Hollow
Forest Hollow,Week4,Laurel Hill,Week1,283.0 Forest Hollow - 118.0 Laurel Hill
Fox Hunt,Week4,Hiddenbrook,Week3,240.0 Fox Hunt - 162.0 Hiddenbrook
Fox Hunt,Week5,Burke Station,Week5,285.0 Fox Hunt - 117.0 Burke Station
Fairfax Station,Week5,Village West,Week5,323.0 Fairfax Station - 79.0 Village West
Forest Hollow,Week3,Little Rocky Run,Week1,258.0 Little Rocky Run - 144.0 Forest Hollow
Forest Hollow,Week1,Sideburn Run,Week1,207.0 Forest Hollow - 195.0 Sideburn Run
Forest Hollow,Week1,Sideburn Run,Week3,207.0 Forest Hollow - 195.0 Sideburn Run
Fox Hunt,Week2,Burke Station,Week2,285.0 Fox Hunt - 115.0 Burke Station
Fox Hunt,Week5,Hiddenbrook,Week2,298.0 Fox Hunt - 103.0 Hiddenbrook
Fairfax Station,Week1,Springfield,Week1,386.0 Fairfax Station - 11.0 Springfield
Forest Hollow,Week2,Little Rocky Run,Week3,269.0 Little Rocky Run - 133.0 Forest Hollow
Forest Hollow,Week3,Laurel Hill,Week5,251.0 Forest Hollow - 151.0 Laurel Hill
Fairfax Station,Week1,Virginia Hills,Week2,376.0 Fairfax Station - 26.0 Virginia Hills
Fox Hunt,Week1,Camelot,Week1,218.0 Fox Hunt - 184.0 Camelot
Fairfax Station,Week2,Springfield,Week3,387.0 Fairfax Station - 8.0 Springfield
Forest Hollow,Week3,Little Rocky Run,Week2,256.0 Little Rocky Run - 146.0 Forest Hollow
Forest Hollow,Week4,Dowden Terrace,Week1,237.0 Forest Hollow - 164.0 Dowden Terrace
Fairfax Station,Week1,Virginia Hills,Week4,377.0 Fairfax Station - 25.0 Virginia Hills
Fairfax Station,Week2,Virginia Hills,Week2,378.0 Fairfax Station - 24.0 Virginia Hills
Fairfax Station,Week4,Village West,Week2,317.0 Fairfax Station - 85.0 Village West
Fox Hunt,Week5,Burke Station,Week3,285.0 Fox Hunt - 112.0 Burke Station
Forest Hollow,Week4,Dowden Terrace,Week3,252.0 Forest Hollow - 150.0 Dowden Terrace
Forest Hollow,Week1,Dowden Terrace,Week1,234.0 Forest Hollow - 168.0 Dowden Terrace
Fairfax Station,Week2,Virginia Hills,Week1,366.0 Fairfax Station - 36.0 Virginia Hills
Forest Hollow,Week3,Sideburn Run,Week3,205.0 Forest Hollow - 197.0 Sideburn Run
Fox Hunt,Week3,Hiddenbrook,Week3,252.0 Fox Hunt - 145.0 Hiddenbrook
Forest Hollow,Week5,Sideburn Run,Week1,221.0 Forest Hollow - 181.0 Sideburn Run
Fairfax Station,Week4,Springfield,Week3,380.0 Fairfax Station - 19.0 Springfield
Fox Hunt,Week5,Hiddenbrook,Week4,262.0 Fox Hunt - 140.0 Hiddenbrook
Fairfax Station,Week3,Springfield,Week4,388.0 Fairfax Station - 14.0 Springfield
Fairfax Station,Week2,Springfield,Week5,388.0 Fairfax Station - 14.0 Springfield
Forest Hollow,Week3,Dowden Terrace,Week3,239.0 Forest Hollow - 163.0 Dowden Terrace
Forest Hollow,Week3,Little Hunting Park,Week4,274.0 Forest Hollow - 128.0 Little Hunting Park
Forest Hollow,Week4,Laurel Hill,Week3,271.0 Forest Hollow - 131.0 Laurel Hill
Forest Hollow,Week2,Little Rocky Run,Week4,277.0 Little Rocky Run - 125.0 Forest Hollow
Forest Hollow,Week4,Laurel Hill,Week4,272.0 Forest Hollow - 130.0 Laurel Hill
Fox Hunt,Week5,Hiddenbrook,Week1,269.0 Fox Hunt - 133.0 Hiddenbrook
Fox Hunt,Week2,Burke Station,Week4,279.0 Fox Hunt - 121.0 Burke Station
Fox Hunt,Week5,Burke Station,Week4,296.0 Fox Hunt - 105.0 Burke Station
Fox Hunt,Week1,Hiddenbrook,Week4,219.0 Fox Hunt - 178.0 Hiddenbrook
Forest Hollow,Week2,Sideburn Run,Week4,216.0 Forest Hollow - 186.0 Sideburn Run
Forest Hollow,Week4,Laurel Hill,Week2,308.0 Forest Hollow - 94.0 Laurel Hill
Fairfax Station,Week4,Springfield,Week4,372.0 Fairfax Station - 29.0 Springfield
Fox Hunt,Week3,Canterbury Woods,Week2,250.0 Fox Hunt - 152.0 Canterbury Woods
Fairfax Station,Week4,Springfield,Week2,379.0 Fairfax Station - 21.0 Springfield
Forest Hollow,Week1,Dowden Terrace,Week5,207.0 Dowden Terrace - 195.0 Forest Hollow
Fairfax Station,Week4,Springfield,Week1,381.0 Fairfax Station - 18.0 Springfield
Forest Hollow,Week5,Donaldson Run,Week1,244.0 Donaldson Run - 158.0 Forest Hollow
Forest Hollow,Week5,Laurel Hill,Week2,314.0 Forest Hollow - 87.0 Laurel Hill
Forest Hollow,Week4,Laurel Hill,Week5,253.0 Forest Hollow - 149.0 Laurel Hill
Forest Hollow,Week5,Laurel Hill,Week1,284.0 Forest Hollow - 117.0 Laurel Hill
Forest Hollow,Week5,Little Rocky Run,Week3,253.5 Little Rocky Run - 148.5 Forest Hollow
Forest Hollow,Week5,Dowden Terrace,Week2,224.0 Forest Hollow - 178.0 Dowden Terrace
Fox Hunt,Week1,High Point Pool,Week1,225.0 High Point Pool - 177.0 Fox Hunt
Fox Hunt,Week3,Canterbury Woods,Week4,238.0 Fox Hunt - 164.0 Canterbury Woods
Forest Hollow,Week1,Dowden Terrace,Week4,214.0 Forest Hollow - 188.0 Dowden Terrace
Fairfax Station,Week2,Virginia Hills,Week3,365.0 Fairfax Station - 37.0 Virginia Hills
Fairfax Station,Week5,Springfield,Week1,386.0 Fairfax Station - 14.0 Springfield
Forest Hollow,Week3,Sideburn Run,Week5,207.0 Sideburn Run - 195.0 Forest Hollow
Fairfax Station,Week4,Springfield,Week5,383.0 Fairfax Station - 15.0 Springfield
Fairfax Station,Week2,Virginia Hills,Week4,375.0 Fairfax Station - 27.0 Virginia Hills
Fox Hunt,Week5,Hiddenbrook,Week5,241.0 Fox Hunt - 161.0 Hiddenbrook
Fox Hunt,Week2,Hiddenbrook,Week3,226.5 Fox Hunt - 174.5 Hiddenbrook
Fox Hunt,Week4,Hiddenbrook,Week5,213.0 Fox Hunt - 189.0 Hiddenbrook
Forest Hollow,Week1,Long Branch,Week5,249.0 Forest Hollow - 153.0 Long Branch
Fox Hunt,Week1,Canterbury Woods,Week2,239.0 Fox Hunt - 163.0 Canterbury Woods
Forest Hollow,Week4,Little Rocky Run,Week4,255.5 Little Rocky Run - 146.5 Forest Hollow
Fox Hunt,Week5,Hiddenbrook,Week3,255.0 Fox Hunt - 147.0 Hiddenbrook
Forest Hollow,Week5,Sideburn Run,Week4,228.0 Forest Hollow - 174.0 Sideburn Run
Forest Hollow,Week5,Little Rocky Run,Week1,252.0 Little Rocky Run - 150.0 Forest Hollow
Forest Hollow,Week4,Sideburn Run,Week1,217.0 Forest Hollow - 185.0 Sideburn Run
Fairfax Station,Week3,Virginia Hills,Week2,384.0 Fairfax Station - 18.0 Virginia Hills
Forest Hollow,Week1,Sleepy Hollow B & R,Week1,221.5 Forest Hollow - 180.5 Sleepy Hollow B & R
Forest Hollow,Week3,Sideburn Run,Week1,202.0 Sideburn Run - 200.0 Forest Hollow
Fairfax Station,Week3,Virginia Hills,Week3,378.0 Fairfax Station - 24.0 Virginia Hills
Fox Hunt,Week4,Camelot,Week3,230.0 Fox Hunt - 172.0 Camelot
Forest Hollow,Week3,Little Rocky Run,Week4,261.0 Little Rocky Run - 141.0 Forest Hollow
Fairfax Station,Week3,Virginia Hills,Week1,376.0 Fairfax Station - 26.0 Virginia Hills
Fairfax Station,Week5,Springfield,Week2,390.0 Fairfax Station - 12.0 Springfield
Forest Hollow,Week5,Sideburn Run,Week3,227.0 Forest Hollow - 175.0 Sideburn Run
Fox Hunt,Week1,Hiddenbrook,Week5,206.0 Fox Hunt - 196.0 Hiddenbrook
Fox Hunt,Week5,Burke Station,Week1,263.0 Fox Hunt - 116.0 Burke Station
Fox Hunt,Week2,Camelot,Week5,213.0 Fox Hunt - 188.0 Camelot
Fox Hunt,Week1,High Point Pool,Week2,248.0 High Point Pool - 154.0 Fox Hunt
Forest Hollow,Week2,Long Branch,Week2,261.0 Forest Hollow - 141.0 Long Branch
Fairfax Station,Week5,Springfield,Week3,391.0 Fairfax Station - 9.0 Springfield
Fox Hunt,Week1,Canterbury Woods,Week3,230.0 Fox Hunt - 172.0 Canterbury Woods
Forest Hollow,Week3,Long Branch,Week1,270.0 Forest Hollow - 132.0 Long Branch
Fairfax Station,Week2,Virginia Hills,Week5,361.0 Fairfax Station - 41.0 Virginia Hills
Forest Hollow,Week5,Donaldson Run,Week3,254.0 Donaldson Run - 148.0 Forest Hollow
Forest Hollow,Week4,Donaldson Run,Week4,269.0 Donaldson Run - 133.0 Forest Hollow
Forest Hollow,Week3,Sleepy Hollow B & R,Week3,213.0 Sleepy Hollow B & R - 189.0 Forest Hollow
Fox Hunt,Week3,Camelot,Week4,231.0 Fox Hunt - 171.0 Camelot
Forest Hollow,Week1,Sleepy Hollow Rec,Week4,294.0 Forest Hollow - 108.0 Sleepy Hollow Rec
Fox Hunt,Week1,High Point Pool,Week4,248.0 High Point Pool - 154.0 Fox Hunt
Fairfax Station,Week5,Springfield,Week4,385.0 Fairfax Station - 17.0 Springfield
Forest Hollow,Week2,Long Branch,Week3,264.0 Forest Hollow - 138.0 Long Branch
Fairfax Station,Week4,Virginia Run,Week2,248.5 Fairfax Station - 153.5 Virginia Run
Forest Hollow,Week2,Sleepy Hollow B & R,Week1,202.0 Forest Hollow - 200.0 Sleepy Hollow B & R
Forest Hollow,Week4,Dowden Terrace,Week4,204.0 Forest Hollow - 198.0 Dowden Terrace
Forest Hollow,Week3,Dowden Terrace,Week2,224.0 Forest Hollow - 178.0 Dowden Terrace
Fairfax Station,Week4,Virginia Hills,Week1,359.0 Fairfax Station - 43.0 Virginia Hills
Forest Hollow,Week2,Dowden Terrace,Week2,212.0 Forest Hollow - 185.0 Dowden Terrace
Fox Hunt,Week2,Camelot,Week4,206.0 Fox Hunt - 196.0 Camelot
Fairfax Station,Week2,Virginia Run,Week4,258.0 Fairfax Station - 144.0 Virginia Run
Fox Hunt,Week2,High Point Pool,Week2,239.0 High Point Pool - 163.0 Fox Hunt
Fairfax Station,Week5,Springfield,Week5,392.0 Fairfax Station - 7.0 Springfield
Forest Hollow,Week1,Long Branch,Week1,269.0 Forest Hollow - 133.0 Long Branch
Fox Hunt,Week1,High Point Pool,Week5,246.0 High Point Pool - 156.0 Fox Hunt
Fairfax Station,Week1,Stratford,Week2,317.0 Fairfax Station - 85.0 Stratford
Forest Hollow,Week2,Dowden Terrace,Week4,206.0 Forest Hollow - 196.0 Dowden Terrace
Fox Hunt,Week4,Camelot,Week1,235.0 Fox Hunt - 167.0 Camelot
Fairfax Station,Week1,Stratford,Week1,298.0 Fairfax Station - 103.0 Stratford
Forest Hollow,Week5,Long Branch,Week1,278.0 Forest Hollow - 124.0 Long Branch
Forest Hollow,Week3,Sleepy Hollow B & R,Week1,224.0 Forest Hollow - 178.0 Sleepy Hollow B & R
Fairfax Station,Week4,Virginia Hills,Week3,365.0 Fairfax Station - 37.0 Virginia Hills
Forest Hollow,Week5,Long Branch,Week4,280.0 Forest Hollow - 122.0 Long Branch
Fox Hunt,Week5,Camelot,Week1,249.0 Fox Hunt - 153.0 Camelot
Forest Hollow,Week3,Sleepy Hollow B & R,Week4,224.0 Sleepy Hollow B & R - 178.0 Forest Hollow
Fox Hunt,Week5,Camelot,Week4,242.0 Fox Hunt - 160.0 Camelot
Forest Hollow,Week3,Sleepy Hollow B & R,Week2,209.0 Sleepy Hollow B & R - 193.0 Forest Hollow
Fairfax Station,Week3,Stratford,Week2,325.0 Fairfax Station - 77.0 Stratford
Forest Hollow,Week5,Long Branch,Week5,264.0 Forest Hollow - 138.0 Long Branch
Fox Hunt,Week3,Camelot,Week1,236.0 Fox Hunt - 166.0 Camelot
Fairfax Station,Week1,Virginia Run,Week2,248.0 Fairfax Station - 154.0 Virginia Run
Forest Hollow,Week4,Dowden Terrace,Week5,203.0 Dowden Terrace - 199.0 Forest Hollow
Forest Hollow,Week3,Dunn Loring,Week1,244.0 Dunn Loring - 158.0 Forest Hollow
Forest Hollow,Week3,Long Branch,Week5,246.0 Forest Hollow - 156.0 Long Branch
Fox Hunt,Week2,High Point Pool,Week1,216.0 High Point Pool - 186.0 Fox Hunt
Forest Hollow,Week2,Dunn Loring,Week4,281.0 Dunn Loring - 121.0 Forest Hollow
Forest Hollow,Week4,Sleepy Hollow B & R,Week1,216.0 Forest Hollow - 186.0 Sleepy Hollow B & R
Fox Hunt,Week2,High Point Pool,Week5,243.0 High Point Pool - 158.0 Fox Hunt
Fox Hunt,Week2,High Point Pool,Week3,224.5 High Point Pool - 177.5 Fox Hunt
Forest Hollow,Week5,Little Rocky Run,Week4,258.0 Little Rocky Run - 144.0 Forest Hollow
Fairfax Station,Week2,Stratford,Week5,297.0 Fairfax Station - 105.0 Stratford
Forest Hollow,Week4,Sleepy Hollow B & R,Week3,213.0 Sleepy Hollow B & R - 189.0 Forest Hollow
Fairfax Station,Week4,Stratford,Week2,313.0 Fairfax Station - 89.0 Stratford
Fairfax Station,Week5,Virginia Hills,Week4,381.0 Fairfax Station - 21.0 Virginia Hills
Fairfax Station,Week3,Stratford,Week1,317.0 Fairfax Station - 85.0 Stratford
Forest Hollow,Week1,Dowden Terrace,Week3,241.0 Forest Hollow - 161.0 Dowden Terrace
Fairfax Station,Week2,Virginia Run,Week3,248.0 Fairfax Station - 154.0 Virginia Run
Fox Hunt,Week2,High Point Pool,Week4,238.0 High Point Pool - 164.0 Fox Hunt
Fox Hunt,Week3,Camelot,Week2,225.0 Fox Hunt - 177.0 Camelot
Forest Hollow,Week5,Donaldson Run,Week4,273.0 Donaldson Run - 129.0 Forest Hollow
Forest Hollow,Week1,Long Branch,Week2,261.0 Forest Hollow - 141.0 Long Branch
Forest Hollow,Week4,Sleepy Hollow B & R,Week4,222.0 Sleepy Hollow B & R - 180.0 Forest Hollow
Forest Hollow,Week4,Long Branch,Week2,281.0 Forest Hollow - 121.0 Long Branch
Fairfax Station,Week3,Virginia Run,Week5,247.0 Fairfax Station - 155.0 Virginia Run
Fox Hunt,Week5,Camelot,Week2,239.0 Fox Hunt - 163.0 Camelot
Forest Hollow,Week4,Donaldson Run,Week5,288.5 Donaldson Run - 113.5 Forest Hollow
Fairfax Station,Week4,Stratford,Week5,290.0 Fairfax Station - 112.0 Stratford
Fox Hunt,Week3,High Point Pool,Week2,226.0 High Point Pool - 176.0 Fox Hunt
Fairfax Station,Week4,Virginia Hills,Week4,366.0 Fairfax Station - 36.0 Virginia Hills
Forest Hollow,Week2,Dowden Terrace,Week5,213.0 Dowden Terrace - 189.0 Forest Hollow
Fox Hunt,Week3,High Point Pool,Week1,207.0 High Point Pool - 195.0 Fox Hunt
Forest Hollow,Week5,Donaldson Run,Week2,269.0 Donaldson Run - 133.0 Forest Hollow
Fox Hunt,Week2,Canterbury Woods,Week3,227.0 Fox Hunt - 175.0 Canterbury Woods
Fairfax Station,Week4,Virginia Hills,Week2,372.0 Fairfax Station - 30.0 Virginia Hills
Forest Hollow,Week1,Dowden Terrace,Week2,228.0 Forest Hollow - 174.0 Dowden Terrace
Fox Hunt,Week5,Camelot,Week5,249.0 Fox Hunt - 153.0 Camelot
Fox Hunt,Week1,Canterbury Woods,Week1,250.0 Fox Hunt - 152.0 Canterbury Woods
Fairfax Station,Week1,Virginia Run,Week3,245.0 Fairfax Station - 157.0 Virginia Run
Forest Hollow,Week3,Little Rocky Run,Week5,283.0 Little Rocky Run - 119.0 Forest Hollow
Fairfax Station,Week1,Stratford,Week4,286.0 Fairfax Station - 116.0 Stratford
Fairfax Station,Week1,Stratford,Week5,295.0 Fairfax Station - 107.0 Stratford
Fairfax Station,Week2,Virginia Run,Week5,234.0 Fairfax Station - 168.0 Virginia Run
Forest Hollow,Week1,Long Branch,Week4,263.0 Forest Hollow - 139.0 Long Branch
Forest Hollow,Week3,Long Branch,Week3,278.0 Forest Hollow - 124.0 Long Branch
Forest Hollow,Week4,Sleepy Hollow B & R,Week5,231.0 Sleepy Hollow B & R - 171.0 Forest Hollow
Fox Hunt,Week1,Canterbury Woods,Week4,215.0 Fox Hunt - 182.0 Canterbury Woods
Fox Hunt,Week1,Highland Park,Week2,228.0 Highland Park - 174.0 Fox Hunt
Forest Hollow,Week4,Little Rocky Run,Week2,252.5 Little Rocky Run - 149.5 Forest Hollow
Fox Hunt,Week1,Highland Park,Week5,239.5 Highland Park - 162.5 Fox Hunt
Forest Hollow,Week5,Donaldson Run,Week5,289.0 Donaldson Run - 113.0 Forest Hollow
Forest Hollow,Week5,Sleepy Hollow B & R,Week3,204.5 Forest Hollow - 197.5 Sleepy Hollow B & R
Forest Hollow,Week2,Dowden Terrace,Week1,212.0 Forest Hollow - 190.0 Dowden Terrace
Forest Hollow,Week1,Sleepy Hollow Rec,Week2,297.0 Forest Hollow - 105.0 Sleepy Hollow Rec
Fairfax Station,Week5,Stratford,Week2,330.0 Fairfax Station - 72.0 Stratford
Fairfax Station,Week3,Virginia Hills,Week4,374.0 Fairfax Station - 28.0 Virginia Hills
Fairfax Station,Week4,Stratford,Week4,283.0 Fairfax Station - 119.0 Stratford
Fairfax Station,Week2,Stratford,Week3,300.0 Fairfax Station - 102.0 Stratford
Fairfax Station,Week5,Virginia Hills,Week1,373.0 Fairfax Station - 29.0 Virginia Hills
Forest Hollow,Week2,Sleepy Hollow Rec,Week1,266.0 Forest Hollow - 131.0 Sleepy Hollow Rec
Fairfax Station,Week2,Stratford,Week1,307.0 Fairfax Station - 95.0 Stratford
Forest Hollow,Week4,Little Rocky Run,Week1,246.0 Little Rocky Run - 156.0 Forest Hollow
Fox Hunt,Week5,Camelot,Week3,242.0 Fox Hunt - 160.0 Camelot
Fox Hunt,Week2,Canterbury Woods,Week2,241.0 Fox Hunt - 161.0 Canterbury Woods
Fox Hunt,Week4,Highland Park,Week1,225.0 Highland Park - 177.0 Fox Hunt
Fox Hunt,Week1,Highland Park,Week1,238.0 Highland Park - 164.0 Fox Hunt
Fox Hunt,Week5,High Point Pool,Week4,226.5 High Point Pool - 175.5 Fox Hunt
Forest Hollow,Week5,Sleepy Hollow B & R,Week5,224.0 Sleepy Hollow B & R - 178.0 Forest Hollow
Forest Hollow,Week5,Sleepy Hollow B & R,Week2,210.0 Forest Hollow - 192.0 Sleepy Hollow B & R
Forest Hollow,Week1,Sleepy Hollow B & R,Week3,217.0 Sleepy Hollow B & R - 185.0 Forest Hollow
Fairfax Station,Week2,Stratford,Week4,294.0 Fairfax Station - 108.0 Stratford
Forest Hollow,Week4,Little Rocky Run,Week3,263.5 Little Rocky Run - 138.5 Forest Hollow
Fox Hunt,Week4,Highland Park,Week4,221.0 Highland Park - 181.0 Fox Hunt
Forest Hollow,Week2,Sleepy Hollow B & R,Week2,227.0 Sleepy Hollow B & R - 175.0 Forest Hollow
Fairfax Station,Week2,Virginia Run,Week1,250.0 Fairfax Station - 152.0 Virginia Run
Fairfax Station,Week2,Stratford,Week2,317.0 Fairfax Station - 85.0 Stratford
Forest Hollow,Week4,Little Rocky Run,Week5,273.5 Little Rocky Run - 128.5 Forest Hollow
Fairfax Station,Week5,Virginia Hills,Week3,379.0 Fairfax Station - 23.0 Virginia Hills
Fox Hunt,Week4,High Point Pool,Week1,208.0 High Point Pool - 194.0 Fox Hunt
Fox Hunt,Week4,High Point Pool,Week4,231.0 High Point Pool - 171.0 Fox Hunt
Fox Hunt,Week2,Canterbury Woods,Week1,241.0 Fox Hunt - 161.0 Canterbury Woods
Forest Hollow,Week3,Dowden Terrace,Week1,230.0 Forest Hollow - 172.0 Dowden Terrace
Fairfax Station,Week4,Virginia Hills,Week5,355.0 Fairfax Station - 47.0 Virginia Hills
Forest Hollow,Week3,Dowden Terrace,Week4,215.0 Forest Hollow - 187.0 Dowden Terrace
Forest Hollow,Week1,Sleepy Hollow B & R,Week5,248.0 Sleepy Hollow B & R - 154.0 Forest Hollow
Forest Hollow,Week2,Sleepy Hollow B & R,Week5,251.0 Sleepy Hollow B & R - 151.0 Forest Hollow
Fox Hunt,Week3,Camelot,Week3,235.5 Fox Hunt - 166.5 Camelot
Fox Hunt,Week4,Camelot,Week2,222.0 Fox Hunt - 180.0 Camelot
Forest Hollow,Week5,Little Rocky Run,Week5,277.0 Little Rocky Run - 125.0 Forest Hollow
Fairfax Station,Week4,Stratford,Week3,287.0 Fairfax Station - 115.0 Stratford
Forest Hollow,Week2,Dowden Terrace,Week3,229.0 Forest Hollow - 173.0 Dowden Terrace
Fairfax Station,Week3,Virginia Hills,Week5,372.0 Fairfax Station - 30.0 Virginia Hills
Forest Hollow,Week5,Dowden Terrace,Week5,208.0 Forest Hollow - 194.0 Dowden Terrace
Forest Hollow,Week2,Long Branch,Week4,252.0 Forest Hollow - 150.0 Long Branch
Forest Hollow,Week1,Sleepy Hollow B & R,Week4,216.0 Sleepy Hollow B & R - 186.0 Forest Hollow
Fairfax Station,Week5,Virginia Hills,Week2,386.0 Fairfax Station - 16.0 Virginia Hills
Forest Hollow,Week1,Long Branch,Week3,273.0 Forest Hollow - 129.0 Long Branch
Fairfax Station,Week3,Stratford,Week5,304.0 Fairfax Station - 98.0 Stratford
Forest Hollow,Week5,Little Rocky Run,Week2,240.0 Little Rocky Run - 162.0 Forest Hollow
Forest Hollow,Week2,Long Branch,Week1,260.0 Forest Hollow - 142.0 Long Branch
Forest Hollow,Week2,Sleepy Hollow B & R,Week3,227.5 Sleepy Hollow B & R - 174.5 Forest Hollow
Fox Hunt,Week2,Canterbury Woods,Week4,209.0 Fox Hunt - 188.0 Canterbury Woods
Fox Hunt,Week4,High Point Pool,Week2,238.5 High Point Pool - 163.5 Fox Hunt
Fox Hunt,Week2,Highland Park,Week4,237.0 Highland Park - 165.0 Fox Hunt
Forest Hollow,Week4,Dowden Terrace,Week2,223.0 Forest Hollow - 179.0 Dowden Terrace
Fairfax Station,Week2,Virginia Run,Week2,255.0 Fairfax Station - 147.0 Virginia Run
Forest Hollow,Week3,Sleepy Hollow B & R,Week5,249.0 Sleepy Hollow B & R - 153.0 Forest Hollow
Forest Hollow,Week5,Sleepy Hollow B & R,Week4,208.0 Sleepy Hollow B & R - 194.0 Forest Hollow
Fox Hunt,Week3,Camelot,Week5,240.0 Fox Hunt - 162.0 Camelot
Fairfax Station,Week5,Virginia Hills,Week5,369.0 Fairfax Station - 33.0 Virginia Hills
Fairfax Station,Week5,Stratford,Week1,328.0 Fairfax Station - 74.0 Stratford
Fox Hunt,Week4,Camelot,Week5,222.0 Fox Hunt - 180.0 Camelot
Fairfax Station,Week3,Stratford,Week3,309.0 Fairfax Station - 93.0 Stratford
Forest Hollow,Week5,Dowden Terrace,Week1,245.0 Forest Hollow - 156.0 Dowden Terrace
Fairfax Station,Week4,Stratford,Week1,305.0 Fairfax Station - 96.0 Stratford
Fox Hunt,Week2,Highland Park,Week2,217.0 Highland Park - 185.0 Fox Hunt
Fox Hunt,Week4,High Point Pool,Week5,228.0 High Point Pool - 174.0 Fox Hunt
Fairfax Station,Week1,Virginia Run,Week1,231.0 Fairfax Station - 171.0 Virginia Run
Forest Hollow,Week3,Dowden Terrace,Week5,203.0 Dowden Terrace - 199.0 Forest Hollow
Fox Hunt,Week2,Canterbury Woods,Week5,227.0 Fox Hunt - 175.0 Canterbury Woods
Forest Hollow,Week5,Sleepy Hollow B & R,Week1,238.0 Forest Hollow - 164.0 Sleepy Hollow B & R
Fairfax Station,Week3,Virginia Run,Week3,270.0 Fairfax Station - 132.0 Virginia Run
Fox Hunt,Week3,Canterbury Woods,Week3,238.0 Fox Hunt - 164.0 Canterbury Woods
Forest Hollow,Week3,Long Branch,Week4,260.0 Forest Hollow - 142.0 Long Branch
Fox Hunt,Week2,Highland Park,Week1,229.0 Highland Park - 173.0 Fox Hunt
Fairfax Station,Week3,Stratford,Week4,306.0 Fairfax Station - 96.0 Stratford
Fairfax Station,Week3,Sully Station,Week5,207.0 Sully Station - 195.0 Fairfax Station
Forest Hollow,Week1,Dunn Loring,Week4,261.0 Dunn Loring - 141.0 Forest Hollow
Fox Hunt,Week3,Highland Park,Week1,217.0 Highland Park - 185.0 Fox Hunt
Forest Hollow,Week2,Long Branch,Week5,239.0 Forest Hollow - 163.0 Long Branch
Fox Hunt,Week1,Canterbury Woods,Week5,229.0 Fox Hunt - 173.0 Canterbury Woods
Forest Hollow,Week3,Long Branch,Week2,269.0 Forest Hollow - 133.0 Long Branch
Fairfax Station,Week1,Virginia Run,Week4,244.0 Fairfax Station - 158.0 Virginia Run
Forest Hollow,Week4,Sleepy Hollow B & R,Week2,209.0 Sleepy Hollow B & R - 193.0 Forest Hollow
Fox Hunt,Week3,Canterbury Woods,Week1,253.0 Fox Hunt - 149.0 Canterbury Woods
Forest Hollow,Week5,Dowden Terrace,Week3,252.0 Forest Hollow - 150.0 Dowden Terrace
Forest Hollow,Week1,Sleepy Hollow Rec,Week1,289.0 Forest Hollow - 113.0 Sleepy Hollow Rec
Fox Hunt,Week4,Camelot,Week4,217.0 Fox Hunt - 185.0 Camelot
Fox Hunt,Week2,Cardinal Hill,Week2,251.0 Cardinal Hill - 151.0 Fox Hunt
Forest Hollow,Week5,Dowden Terrace,Week4,229.0 Forest Hollow - 173.0 Dowden Terrace
Fairfax Station,Week3,Virginia Run,Week2,266.0 Fairfax Station - 136.0 Virginia Run
Forest Hollow,Week2,Sleepy Hollow B & R,Week4,240.0 Sleepy Hollow B & R - 162.0 Forest Hollow
Forest Hollow,Week1,Dunn Loring,Week5,262.0 Dunn Loring - 140.0 Forest Hollow
Forest Hollow,Week1,Dunn Loring,Week2,272.0 Dunn Loring - 130.0 Forest Hollow
Fairfax Station,Week5,Stratford,Week5,322.0 Fairfax Station - 80.0 Stratford
Fox Hunt,Week2,Highland Park,Week3,203.0 Highland Park - 199.0 Fox Hunt
Fairfax Station,Week3,Virginia Run,Week1,268.0 Fairfax Station - 134.0 Virginia Run
Forest Hollow,Week1,Sleepy Hollow Rec,Week3,274.0 Forest Hollow - 128.0 Sleepy Hollow Rec
Fairfax Station,Week5,Stratford,Week3,317.0 Fairfax Station - 85.0 Stratford
Fairfax Station,Week3,McLean,Week4,206.0 Fairfax Station - 196.0 McLean
Fox Hunt,Week4,High Point Pool,Week3,210.5 High Point Pool - 191.5 Fox Hunt
Fairfax Station,Week3,Virginia Run,Week4,267.5 Fairfax Station - 134.5 Virginia Run
Fox Hunt,Week4,Canterbury Woods,Week5,232.5 Fox Hunt - 169.5 Canterbury Woods
Fox Hunt,Week3,Highland Park,Week4,214.0 Highland Park - 188.0 Fox Hunt
Forest Hollow,Week4,Long Branch,Week4,266.0 Forest Hollow - 136.0 Long Branch
Fairfax Station,Week4,Virginia Run,Week1,239.0 Fairfax Station - 163.0 Virginia Run
Fairfax Station,Week1,Virginia Run,Week5,219.0 Fairfax Station - 183.0 Virginia Run
Forest Hollow,Week1,Dunn Loring,Week1,232.0 Dunn Loring - 170.0 Forest Hollow
Fairfax Station,Week2,Sully Station,Week5,220.0 Sully Station - 182.0 Fairfax Station
Fox Hunt,Week5,High Point Pool,Week3,204.0 High Point Pool - 198.0 Fox Hunt
Forest Hollow,Week4,Long Branch,Week3,282.0 Forest Hollow - 120.0 Long Branch
Forest Hollow,Week1,Sleepy Hollow Rec,Week5,269.0 Forest Hollow - 133.0 Sleepy Hollow Rec
Forest Hollow,Week4,Long Branch,Week5,251.0 Forest Hollow - 151.0 Long Branch
Fox Hunt,Week4,Highland Park,Week3,205.0 Highland Park - 197.0 Fox Hunt
Fox Hunt,Week1,Cardinal Hill,Week4,239.0 Cardinal Hill - 163.0 Fox Hunt
Fairfax Station,Week3,Sully Station,Week4,222.5 Fairfax Station - 179.5 Sully Station
Forest Hollow,Week1,Dunn Loring,Week3,272.0 Dunn Loring - 130.0 Forest Hollow
Forest Hollow,Week4,Long Branch,Week1,261.0 Forest Hollow - 141.0 Long Branch
Fairfax Station,Week5,Sully Station,Week5,207.0 Fairfax Station - 195.0 Sully Station
Fairfax Station,Week5,Stratford,Week4,309.0 Fairfax Station - 93.0 Stratford
Forest Hollow,Week2,Sleepy Hollow Rec,Week3,254.0 Forest Hollow - 148.0 Sleepy Hollow Rec
Fox Hunt,Week4,Cardinal Hill,Week3,271.0 Cardinal Hill - 131.0 Fox Hunt
Forest Hollow,Week5,Long Branch,Week3,280.0 Forest Hollow - 122.0 Long Branch
Fox Hunt,Week3,High Point Pool,Week4,227.0 High Point Pool - 175.0 Fox Hunt
Fox Hunt,Week1,Cardinal Hill,Week3,271.0 Cardinal Hill - 131.0 Fox Hunt
Fairfax Station,Week5,McLean,Week1,206.0 McLean - 196.0 Fairfax Station
Forest Hollow,Week2,Sleepy Hollow Rec,Week2,279.0 Forest Hollow - 123.0 Sleepy Hollow Rec
Forest Hollow,Week2,Dunn Loring,Week1,249.0 Dunn Loring - 148.0 Forest Hollow
Fox Hunt,Week5,High Point Pool,Week5,220.0 High Point Pool - 182.0 Fox Hunt
Forest Hollow,Week2,Mansion House,Week1,205.0 Mansion House - 197.0 Forest Hollow
Fairfax Station,Week5,McLean,Week2,208.0 McLean - 194.0 Fairfax Station
Forest Hollow,Week2,Dunn Loring,Week2,283.0 Dunn Loring - 119.0 Forest Hollow
Fairfax Station,Week5,Sully Station,Week2,238.0 Fairfax Station - 164.0 Sully Station
Forest Hollow,Week2,Dunn Loring,Week3,276.0 Dunn Loring - 126.0 Forest Hollow
Forest Hollow,Week5,Long Branch,Week2,288.0 Forest Hollow - 114.0 Long Branch
Fairfax Station,Week1,Sully Station,Week5,232.0 Sully Station - 170.0 Fairfax Station
Forest Hollow,Week2,Sleepy Hollow Rec,Week4,286.0 Forest Hollow - 116.0 Sleepy Hollow Rec
Fairfax Station,Week4,Virginia Run,Week3,248.0 Fairfax Station - 154.0 Virginia Run
Fairfax Station,Week5,Virginia Run,Week1,271.0 Fairfax Station - 131.0 Virginia Run
Fox Hunt,Week5,Canterbury Woods,Week3,253.0 Fox Hunt - 149.0 Canterbury Woods
Fox Hunt,Week5,High Point Pool,Week1,203.5 High Point Pool - 198.5 Fox Hunt
Fairfax Station,Week1,McLean,Week5,238.0 McLean - 164.0 Fairfax Station
Fairfax Station,Week1,Sully Station,Week4,207.0 Fairfax Station - 195.0 Sully Station
Fairfax Station,Week5,Sully Station,Week1,213.0 Fairfax Station - 189.0 Sully Station
Fairfax Station,Week4,McLean,Week5,239.0 McLean - 163.0 Fairfax Station
Fairfax Station,Week5,Virginia Run,Week2,278.0 Fairfax Station - 124.0 Virginia Run
Fairfax Station,Week5,Virginia Run,Week5,267.0 Fairfax Station - 135.0 Virginia Run
Forest Hollow,Week2,Sleepy Hollow Rec,Week5,262.0 Forest Hollow - 140.0 Sleepy Hollow Rec
Fairfax Station,Week4,McLean,Week4,219.0 McLean - 183.0 Fairfax Station
Fox Hunt,Week1,Highland Park,Week3,208.0 Highland Park - 194.0 Fox Hunt
Fox Hunt,Week4,Cardinal Hill,Week4,236.0 Cardinal Hill - 166.0 Fox Hunt
Forest Hollow,Week5,Mansion House,Week4,220.5 Forest Hollow - 181.5 Mansion House
Forest Hollow,Week4,Dunn Loring,Week1,232.0 Dunn Loring - 170.0 Forest Hollow
Fox Hunt,Week5,High Point Pool,Week2,219.0 High Point Pool - 183.0 Fox Hunt
Fox Hunt,Week2,Cardinal Hill,Week5,268.0 Cardinal Hill - 134.0 Fox Hunt
Forest Hollow,Week3,Sleepy Hollow Rec,Week2,285.0 Forest Hollow - 117.0 Sleepy Hollow Rec
Forest Hollow,Week5,Mansion House,Week3,205.5 Mansion House - 196.5 Forest Hollow
Forest Hollow,Week1,Mansion House,Week4,214.0 Forest Hollow - 188.0 Mansion House
Fairfax Station,Week5,Virginia Run,Week4,281.0 Fairfax Station - 121.0 Virginia Run
Forest Hollow,Week1,Somerset-Olde Creek,Week4,334.0 Forest Hollow - 68.0 Somerset-Olde Creek
Fairfax Station,Week4,Virginia Run,Week4,242.0 Fairfax Station - 160.0 Virginia Run
Fairfax Station,Week2,McLean,Week3,225.0 McLean - 177.0 Fairfax Station
Fox Hunt,Week2,Cardinal Hill,Week3,281.0 Cardinal Hill - 121.0 Fox Hunt
Fox Hunt,Week3,High Point Pool,Week3,215.0 High Point Pool - 187.0 Fox Hunt
Forest Hollow,Week3,Sleepy Hollow Rec,Week1,283.0 Forest Hollow - 119.0 Sleepy Hollow Rec
Forest Hollow,Week2,Dunn Loring,Week5,281.0 Dunn Loring - 121.0 Forest Hollow
Fox Hunt,Week5,Canterbury Woods,Week2,259.0 Fox Hunt - 143.0 Canterbury Woods
Fairfax Station,Week3,McLean,Week2,202.0 McLean - 200.0 Fairfax Station
Forest Hollow,Week3,Dunn Loring,Week4,255.0 Dunn Loring - 147.0 Forest Hollow
Fairfax Station,Week1,Sully Station II,Week5,229.5 Sully Station II - 172.5 Fairfax Station
Forest Hollow,Week1,Mansion House,Week5,225.5 Mansion House - 176.5 Forest Hollow
Forest Hollow,Week3,Mansion House,Week5,206.0 Mansion House - 196.0 Forest Hollow
Fairfax Station,Week3,McLean,Week5,218.0 McLean - 184.0 Fairfax Station
Forest Hollow,Week4,Sleepy Hollow Rec,Week1,299.0 Forest Hollow - 103.0 Sleepy Hollow Rec
Fox Hunt,Week3,Highland Park,Week5,205.0 Highland Park - 197.0 Fox Hunt
Fairfax Station,Week2,McLean,Week5,212.0 McLean - 190.0 Fairfax Station
Fairfax Station,Week1,Sully Station,Week2,203.0 Fairfax Station - 199.0 Sully Station
Fox Hunt,Week5,Cardinal Hill,Week1,229.0 Cardinal Hill - 173.0 Fox Hunt
Fox Hunt,Week4,Canterbury Woods,Week2,243.0 Fox Hunt - 159.0 Canterbury Woods
Fairfax Station,Week1,Wakefield Chapel,Week4,214.0 Wakefield Chapel - 188.0 Fairfax Station
Forest Hollow,Week3,Mansion House,Week2,205.0 Forest Hollow - 197.0 Mansion House
Forest Hollow,Week4,Mansion House,Week1,202.0 Mansion House - 200.0 Forest Hollow
Fox Hunt,Week3,Cardinal Hill,Week4,222.0 Cardinal Hill - 180.0 Fox Hunt
Forest Hollow,Week3,Somerset-Olde Creek,Week4,335.0 Forest Hollow - 67.0 Somerset-Olde Creek
Fox Hunt,Week3,Highland Park,Week3,213.0 Fox Hunt - 184.0 Highland Park
Fairfax Station,Week2,Sully Station,Week2,202.0 Sully Station - 200.0 Fairfax Station
Fox Hunt,Week3,Highland Park,Week2,201.0 Fox Hunt - 201.0 Highland Park
Fairfax Station,Week2,Sully Station,Week3,213.0 Fairfax Station - 189.0 Sully Station
Forest Hollow,Week3,Mansion House,Week1,212.0 Forest Hollow - 190.0 Mansion House
Fairfax Station,Week2,Wakefield Chapel,Week1,232.0 Wakefield Chapel - 170.0 Fairfax Station
Forest Hollow,Week5,Sleepy Hollow Rec,Week3,282.0 Forest Hollow - 120.0 Sleepy Hollow Rec
Fairfax Station,Week1,Wakefield Chapel,Week2,228.0 Wakefield Chapel - 174.0 Fairfax Station
Forest Hollow,Week4,Dunn Loring,Week4,266.0 Dunn Loring - 136.0 Forest Hollow
Fox Hunt,Week3,Cardinal Hill,Week3,258.5 Cardinal Hill - 143.5 Fox Hunt
Forest Hollow,Week1,Fair Oaks ,Week2,239.0 Forest Hollow - 163.0 Fair Oaks
Forest Hollow,Week2,Somerset-Olde Creek,Week3,323.0 Forest Hollow - 73.0 Somerset-Olde Creek
Forest Hollow,Week3,Somerset-Olde Creek,Week1,328.0 Forest Hollow - 74.0 Somerset-Olde Creek
Fairfax Station,Week2,McLean,Week2,214.0 McLean - 188.0 Fairfax Station
Fox Hunt,Week3,High Point Pool,Week5,232.0 High Point Pool - 170.0 Fox Hunt
Forest Hollow,Week2,Mansion House,Week2,220.0 Mansion House - 182.0 Forest Hollow
Fairfax Station,Week1,Wakefield Chapel,Week3,247.0 Wakefield Chapel - 155.0 Fairfax Station
Fairfax Station,Week5,McLean,Week4,201.5 McLean - 200.5 Fairfax Station
Forest Hollow,Week3,Dunn Loring,Week2,268.5 Dunn Loring - 133.5 Forest Hollow
Forest Hollow,Week1,Fair Oaks ,Week1,203.0 Forest Hollow - 199.0 Fair Oaks
Fairfax Station,Week1,Wakefield Chapel,Week5,256.0 Wakefield Chapel - 146.0 Fairfax Station
Fox Hunt,Week5,Canterbury Woods,Week5,255.0 Fox Hunt - 147.0 Canterbury Woods
Fox Hunt,Week2,Highland Park,Week5,223.0 Highland Park - 179.0 Fox Hunt
Fairfax Station,Week5,McLean,Week3,224.0 McLean - 178.0 Fairfax Station
Fairfax Station,Week1,Sully Station,Week3,206.0 Sully Station - 196.0 Fairfax Station
Forest Hollow,Week4,Dunn Loring,Week5,271.0 Dunn Loring - 131.0 Forest Hollow
Fairfax Station,Week5,Mantua,Week4,239.0 Fairfax Station - 163.0 Mantua
Forest Hollow,Week2,Mansion House,Week4,203.0 Mansion House - 199.0 Forest Hollow
Fox Hunt,Week5,Cardinal Hill,Week2,223.0 Cardinal Hill - 179.0 Fox Hunt
Fairfax Station,Week1,Wakefield Chapel,Week1,235.0 Wakefield Chapel - 167.0 Fairfax Station
Fox Hunt,Week1,Highland Park,Week4,240.0 Highland Park - 162.0 Fox Hunt
Fairfax Station,Week2,Sully Station,Week1,208.0 Sully Station - 194.0 Fairfax Station
Forest Hollow,Week3,Dunn Loring,Week5,262.0 Dunn Loring - 140.0 Forest Hollow
Fairfax Station,Week3,Sully Station,Week3,227.0 Fairfax Station - 175.0 Sully Station
Forest Hollow,Week5,Sleepy Hollow Rec,Week4,300.0 Forest Hollow - 102.0 Sleepy Hollow Rec
Fox Hunt,Week4,Canterbury Woods,Week3,231.0 Fox Hunt - 171.0 Canterbury Woods
Fairfax Station,Week5,Virginia Run,Week3,277.0 Fairfax Station - 125.0 Virginia Run
Fairfax Station,Week3,Sully Station,Week2,227.0 Fairfax Station - 175.0 Sully Station
Forest Hollow,Week1,Fair Oaks ,Week3,211.0 Forest Hollow - 191.0 Fair Oaks
Fairfax Station,Week2,McLean,Week4,203.0 Fairfax Station - 199.0 McLean
Fairfax Station,Week4,Sully Station,Week1,207.0 Sully Station - 195.0 Fairfax Station
Fairfax Station,Week4,Sully Station,Week2,223.0 Fairfax Station - 179.0 Sully Station
Forest Hollow,Week4,Somerset-Olde Creek,Week5,321.0 Forest Hollow - 81.0 Somerset-Olde Creek
Forest Hollow,Week5,Dunn Loring,Week4,252.0 Dunn Loring - 150.0 Forest Hollow
Fairfax Station,Week1,McLean,Week4,210.0 McLean - 192.0 Fairfax Station
Fox Hunt,Week5,Highland Park,Week5,211.0 Highland Park - 191.0 Fox Hunt
Forest Hollow,Week4,Mansion House,Week3,217.0 Mansion House - 185.0 Forest Hollow
Forest Hollow,Week4,Dunn Loring,Week3,272.0 Dunn Loring - 130.0 Forest Hollow
Forest Hollow,Week3,Mansion House,Week3,214.0 Mansion House - 188.0 Forest Hollow
Fox Hunt,Week4,Highland Park,Week2,222.0 Highland Park - 180.0 Fox Hunt
Forest Hollow,Week2,Somerset-Olde Creek,Week1,324.0 Forest Hollow - 76.0 Somerset-Olde Creek
Forest Hollow,Week5,Somerset-Olde Creek,Week2,340.0 Forest Hollow - 62.0 Somerset-Olde Creek
Fairfax Station,Week4,Virginia Run,Week5,226.0 Fairfax Station - 176.0 Virginia Run
Fairfax Station,Week1,McLean,Week2,232.0 McLean - 170.0 Fairfax Station
Fox Hunt,Week4,Highlands Swim,Week3,299.0 Highlands Swim - 103.0 Fox Hunt
Fox Hunt,Week3,Cardinal Hill,Week5,237.0 Cardinal Hill - 165.0 Fox Hunt
Forest Hollow,Week4,Mansion House,Week5,220.0 Mansion House - 182.0 Forest Hollow
Fox Hunt,Week1,Cardinal Hill,Week1,256.0 Cardinal Hill - 146.0 Fox Hunt
Fairfax Station,Week4,Sully Station,Week5,217.0 Sully Station - 185.0 Fairfax Station
Fox Hunt,Week4,Highlands Swim,Week2,317.0 Highlands Swim - 85.0 Fox Hunt
Forest Hollow,Week3,Mantua,Week3,262.0 Mantua - 140.0 Forest Hollow
Forest Hollow,Week1,Mansion House,Week3,219.0 Mansion House - 183.0 Forest Hollow
Fox Hunt,Week5,Highland Park,Week3,223.0 Fox Hunt - 179.0 Highland Park
Fairfax Station,Week4,McLean,Week1,227.0 McLean - 175.0 Fairfax Station
Fox Hunt,Week5,Laurel Hill,Week5,260.0 Fox Hunt - 142.0 Laurel Hill
Forest Hollow,Week1,Somerset-Olde Creek,Week5,309.0 Forest Hollow - 92.0 Somerset-Olde Creek
Fairfax Station,Week5,Sully Station,Week3,242.0 Fairfax Station - 160.0 Sully Station
Fox Hunt,Week4,Cardinal Hill,Week1,240.0 Cardinal Hill - 162.0 Fox Hunt
Forest Hollow,Week1,Fair Oaks ,Week5,217.0 Fair Oaks - 185.0 Forest Hollow
Forest Hollow,Week2,Somerset-Olde Creek,Week5,305.0 Forest Hollow - 96.0 Somerset-Olde Creek
Fairfax Station,Week4,Sully Station,Week3,224.5 Fairfax Station - 177.5 Sully Station
Fox Hunt,Week1,Cardinal Hill,Week2,241.0 Cardinal Hill - 161.0 Fox Hunt
Fairfax Station,Week4,McLean,Week3,234.0 McLean - 168.0 Fairfax Station
Fox Hunt,Week1,Highlands Swim,Week1,311.5 Highlands Swim - 90.5 Fox Hunt
Fox Hunt,Week3,Laurel Hill,Week5,246.0 Fox Hunt - 151.0 Laurel Hill
Forest Hollow,Week5,Dunn Loring,Week3,265.0 Dunn Loring - 137.0 Forest Hollow
Forest Hollow,Week3,Sleepy Hollow Rec,Week3,272.0 Forest Hollow - 130.0 Sleepy Hollow Rec
Fairfax Station,Week4,Sully Station,Week4,209.0 Fairfax Station - 193.0 Sully Station
Fox Hunt,Week4,Canterbury Woods,Week4,220.0 Fox Hunt - 182.0 Canterbury Woods
Forest Hollow,Week5,Somerset-Olde Creek,Week4,339.0 Forest Hollow - 63.0 Somerset-Olde Creek
Fox Hunt,Week5,Canterbury Woods,Week4,247.0 Fox Hunt - 155.0 Canterbury Woods
Fox Hunt,Week5,Highland Park,Week4,209.0 Highland Park - 193.0 Fox Hunt
Forest Hollow,Week3,Mantua,Week5,260.5 Mantua - 141.5 Forest Hollow
Forest Hollow,Week2,Fair Oaks ,Week1,202.0 Fair Oaks - 200.0 Forest Hollow
Forest Hollow,Week1,Fair Oaks ,Week4,218.0 Forest Hollow - 184.0 Fair Oaks
Fairfax Station,Week5,Mantua,Week5,223.0 Fairfax Station - 179.0 Mantua
Fairfax Station,Week2,McLean,Week1,205.0 McLean - 197.0 Fairfax Station
Forest Hollow,Week5,Sleepy Hollow Rec,Week5,283.0 Forest Hollow - 119.0 Sleepy Hollow Rec
Fox Hunt,Week5,Canterbury Woods,Week1,263.0 Fox Hunt - 139.0 Canterbury Woods
Fox Hunt,Week3,Canterbury Woods,Week5,228.0 Fox Hunt - 173.0 Canterbury Woods
Fox Hunt,Week2,Laurel Hill,Week2,292.0 Fox Hunt - 106.0 Laurel Hill
Fairfax Station,Week3,McLean,Week3,218.0 McLean - 184.0 Fairfax Station
Forest Hollow,Week4,Mansion House,Week4,218.5 Forest Hollow - 183.5 Mansion House
Forest Hollow,Week2,Fair Oaks ,Week2,226.0 Forest Hollow - 176.0 Fair Oaks
Fox Hunt,Week1,Highlands Swim,Week5,310.0 Highlands Swim - 87.0 Fox Hunt
Fox Hunt,Week2,Highlands Swim,Week5,308.0 Highlands Swim - 89.0 Fox Hunt
Fairfax Station,Week1,Sully Station II,Week1,203.0 Fairfax Station - 199.0 Sully Station II
Forest Hollow,Week1,Somerset-Olde Creek,Week2,329.0 Forest Hollow - 73.0 Somerset-Olde Creek
Forest Hollow,Week5,Dunn Loring,Week5,262.0 Dunn Loring - 140.0 Forest Hollow
Fox Hunt,Week3,Laurel Hill,Week2,296.0 Fox Hunt - 100.0 Laurel Hill
Fairfax Station,Week5,Sully Station,Week4,230.0 Fairfax Station - 172.0 Sully Station
Fairfax Station,Week2,Sully Station,Week4,219.0 Fairfax Station - 183.0 Sully Station
Fairfax Station,Week3,McLean,Week1,202.0 McLean - 200.0 Fairfax Station
Fox Hunt,Week2,Highlands Swim,Week1,314.0 Highlands Swim - 88.0 Fox Hunt
Forest Hollow,Week3,Sleepy Hollow Rec,Week5,269.0 Forest Hollow - 133.0 Sleepy Hollow Rec
Fox Hunt,Week3,Highlands Swim,Week2,304.0 Highlands Swim - 98.0 Fox Hunt
Forest Hollow,Week5,Dunn Loring,Week2,254.0 Dunn Loring - 148.0 Forest Hollow
Fairfax Station,Week1,McLean,Week3,241.0 McLean - 161.0 Fairfax Station
Fox Hunt,Week2,Laurel Hill,Week3,253.0 Fox Hunt - 149.0 Laurel Hill
Fox Hunt,Week2,Cardinal Hill,Week1,263.0 Cardinal Hill - 139.0 Fox Hunt
Fairfax Station,Week4,McLean,Week2,231.0 McLean - 171.0 Fairfax Station
Forest Hollow,Week4,Mantua,Week5,266.0 Mantua - 136.0 Forest Hollow
Forest Hollow,Week5,Sleepy Hollow Rec,Week2,297.0 Forest Hollow - 105.0 Sleepy Hollow Rec
Fox Hunt,Week3,Highlands Swim,Week4,282.0 Highlands Swim - 120.0 Fox Hunt
Forest Hollow,Week2,Mansion House,Week3,235.0 Mansion House - 167.0 Forest Hollow
Fairfax Station,Week1,McLean,Week1,219.0 McLean - 183.0 Fairfax Station
Forest Hollow,Week1,Mansion House,Week1,209.0 Forest Hollow - 193.0 Mansion House
Forest Hollow,Week3,Somerset-Olde Creek,Week2,335.0 Forest Hollow - 67.0 Somerset-Olde Creek
Forest Hollow,Week5,Dunn Loring,Week1,226.0 Dunn Loring - 176.0 Forest Hollow
Forest Hollow,Week3,Mansion House,Week4,216.0 Forest Hollow - 186.0 Mansion House
Fox Hunt,Week3,Cardinal Hill,Week2,218.0 Cardinal Hill - 184.0 Fox Hunt
Fox Hunt,Week1,Cardinal Hill,Week5,249.0 Cardinal Hill - 153.0 Fox Hunt
Forest Hollow,Week4,Dunn Loring,Week2,262.0 Dunn Loring - 140.0 Forest Hollow
Forest Hollow,Week4,Sleepy Hollow Rec,Week3,273.5 Forest Hollow - 128.5 Sleepy Hollow Rec
Fox Hunt,Week2,Laurel Hill,Week5,227.0 Fox Hunt - 174.0 Laurel Hill
Forest Hollow,Week4,Mansion House,Week2,202.0 Forest Hollow - 200.0 Mansion House
Fox Hunt,Week4,Laurel Hill,Week3,249.0 Fox Hunt - 152.0 Laurel Hill
Forest Hollow,Week3,Dunn Loring,Week3,269.0 Dunn Loring - 133.0 Forest Hollow
Fox Hunt,Week1,Highlands Swim,Week3,311.0 Highlands Swim - 91.0 Fox Hunt
Fox Hunt,Week4,Canterbury Woods,Week1,247.0 Fox Hunt - 155.0 Canterbury Woods
Fairfax Station,Week1,Sully Station,Week1,207.0 Sully Station - 195.0 Fairfax Station
Forest Hollow,Week4,Mantua,Week3,253.0 Mantua - 149.0 Forest Hollow
Fox Hunt,Week2,Highlands Swim,Week4,301.5 Highlands Swim - 100.5 Fox Hunt
Fairfax Station,Week3,Sully Station,Week1,209.0 Fairfax Station - 193.0 Sully Station
Fairfax Station,Week1,Sully Station II,Week3,218.0 Sully Station II - 184.0 Fairfax Station
Fox Hunt,Week4,Cardinal Hill,Week2,234.0 Cardinal Hill - 168.0 Fox Hunt
Fox Hunt,Week3,Cardinal Hill,Week1,237.0 Cardinal Hill - 165.0 Fox Hunt
Forest Hollow,Week4,Sleepy Hollow Rec,Week4,299.0 Forest Hollow - 103.0 Sleepy Hollow Rec
Fox Hunt,Week2,Cardinal Hill,Week4,253.0 Cardinal Hill - 149.0 Fox Hunt
Fox Hunt,Week1,Laurel Hill,Week5,226.0 Fox Hunt - 176.0 Laurel Hill
Forest Hollow,Week5,Mansion House,Week2,207.0 Forest Hollow - 195.0 Mansion House
Fox Hunt,Week2,Highlands Swim,Week2,318.0 Highlands Swim - 84.0 Fox Hunt
Forest Hollow,Week5,Fair Oaks ,Week5,210.0 Forest Hollow - 192.0 Fair Oaks
Forest Hollow,Week2,Fairfax,Week5,277.0 Fairfax - 125.0 Forest Hollow
Forest Hollow,Week1,Somerset-Olde Creek,Week1,331.0 Forest Hollow - 69.0 Somerset-Olde Creek
Fox Hunt,Week4,Laurel Hill,Week4,253.0 Fox Hunt - 149.0 Laurel Hill
Fairfax Station,Week3,Sully Station II,Week5,207.5 Sully Station II - 194.5 Fairfax Station
Forest Hollow,Week2,Fair Oaks ,Week4,214.0 Forest Hollow - 188.0 Fair Oaks
Fox Hunt,Week5,Highlands Swim,Week4,279.0 Highlands Swim - 123.0 Fox Hunt
Forest Hollow,Week5,Mansion House,Week1,216.0 Forest Hollow - 186.0 Mansion House
Fairfax Station,Week3,Sully Station II,Week4,240.0 Fairfax Station - 162.0 Sully Station II
Forest Hollow,Week3,Sleepy Hollow Rec,Week4,292.0 Forest Hollow - 110.0 Sleepy Hollow Rec
Fox Hunt,Week5,Highlands Swim,Week2,300.0 Highlands Swim - 102.0 Fox Hunt
Fox Hunt,Week5,Laurel Hill,Week3,284.0 Fox Hunt - 118.0 Laurel Hill
Fairfax Station,Week1,Sully Station II,Week4,227.0 Fairfax Station - 175.0 Sully Station II
Fox Hunt,Week5,Laurel Hill,Week1,291.0 Fox Hunt - 109.0 Laurel Hill
Forest Hollow,Week1,Mansion House,Week2,204.5 Mansion House - 197.5 Forest Hollow
Fairfax Station,Week2,Truro,Week3,311.0 Fairfax Station - 91.0 Truro
Fox Hunt,Week5,Laurel Hill,Week4,287.0 Fox Hunt - 115.0 Laurel Hill
Forest Hollow,Week5,Fair Oaks ,Week1,220.0 Forest Hollow - 182.0 Fair Oaks
Forest Hollow,Week4,Sleepy Hollow Rec,Week5,279.0 Forest Hollow - 123.0 Sleepy Hollow Rec
Forest Hollow,Week1,Mantua,Week1,217.0 Mantua - 185.0 Forest Hollow
Fairfax Station,Week1,Sully Station II,Week2,206.0 Sully Station II - 196.0 Fairfax Station
Forest Hollow,Week4,Fair Oaks ,Week2,247.5 Forest Hollow - 154.5 Fair Oaks
Forest Hollow,Week2,Fair Oaks ,Week5,229.0 Fair Oaks - 173.0 Forest Hollow
Forest Hollow,Week4,Fair Oaks ,Week1,204.0 Forest Hollow - 198.0 Fair Oaks
Forest Hollow,Week2,Fairfax,Week4,253.0 Fairfax - 149.0 Forest Hollow
Fairfax Station,Week3,Sully Station II,Week3,206.0 Fairfax Station - 196.0 Sully Station II
Fox Hunt,Week1,Hollin Hills,Week1,290.0 Fox Hunt - 106.0 Hollin Hills
Forest Hollow,Week2,Somerset-Olde Creek,Week2,323.0 Forest Hollow - 74.0 Somerset-Olde Creek
Fairfax Station,Week4,Sully Station II,Week4,218.0 Fairfax Station - 184.0 Sully Station II
Forest Hollow,Week2,Mansion House,Week5,244.0 Mansion House - 158.0 Forest Hollow
Forest Hollow,Week5,Sleepy Hollow Rec,Week1,295.0 Forest Hollow - 107.0 Sleepy Hollow Rec
Fox Hunt,Week5,Chesterbrook,Week3,349.0 Chesterbrook - 53.0 Fox Hunt
Fox Hunt,Week4,Cardinal Hill,Week5,249.0 Cardinal Hill - 153.0 Fox Hunt
Fox Hunt,Week3,Highlands Swim,Week3,295.0 Highlands Swim - 107.0 Fox Hunt
Fairfax Station,Week2,Sully Station II,Week3,217.0 Sully Station II - 185.0 Fairfax Station
Forest Hollow,Week1,Mantua,Week4,234.0 Mantua - 168.0 Forest Hollow
Fox Hunt,Week5,Highlands Swim,Week5,290.0 Highlands Swim - 112.0 Fox Hunt
Fox Hunt,Week5,Highland Park,Week2,204.0 Fox Hunt - 198.0 Highland Park
Fox Hunt,Week2,Chesterbrook,Week4,349.0 Chesterbrook - 53.0 Fox Hunt
Fox Hunt,Week4,Laurel Hill,Week2,294.0 Fox Hunt - 104.0 Laurel Hill
Forest Hollow,Week4,Sleepy Hollow Rec,Week2,293.0 Forest Hollow - 109.0 Sleepy Hollow Rec
Fox Hunt,Week1,Chesterbrook,Week5,360.0 Chesterbrook - 42.0 Fox Hunt
Forest Hollow,Week1,Somerset-Olde Creek,Week3,333.0 Forest Hollow - 68.0 Somerset-Olde Creek
Forest Hollow,Week1,Mantua,Week2,229.0 Mantua - 173.0 Forest Hollow
Fox Hunt,Week2,Laurel Hill,Week1,262.0 Fox Hunt - 138.0 Laurel Hill
Fox Hunt,Week2,Highlands Swim,Week3,305.0 Highlands Swim - 97.0 Fox Hunt
Fox Hunt,Week4,Chesterbrook,Week4,345.0 Chesterbrook - 57.0 Fox Hunt
Fairfax Station,Week4,Sully Station II,Week5,228.0 Sully Station II - 174.0 Fairfax Station
Fox Hunt,Week3,Chesterbrook,Week4,346.0 Chesterbrook - 56.0 Fox Hunt
Forest Hollow,Week1,Mantua,Week3,272.0 Mantua - 130.0 Forest Hollow
Fox Hunt,Week3,Laurel Hill,Week1,270.0 Fox Hunt - 131.0 Laurel Hill
Fox Hunt,Week4,Highland Park,Week5,229.0 Highland Park - 173.0 Fox Hunt
Forest Hollow,Week2,Fairfax,Week3,262.0 Fairfax - 140.0 Forest Hollow
Fox Hunt,Week3,Highlands Swim,Week5,297.0 Highlands Swim - 105.0 Fox Hunt
Forest Hollow,Week3,Mantua,Week1,215.0 Mantua - 187.0 Forest Hollow
Forest Hollow,Week2,Mantua,Week4,251.0 Mantua - 151.0 Forest Hollow
Forest Hollow,Week5,Mansion House,Week5,218.0 Mansion House - 184.0 Forest Hollow
Forest Hollow,Week2,Mantua,Week1,247.0 Mantua - 155.0 Forest Hollow
Forest Hollow,Week4,Somerset-Olde Creek,Week2,342.0 Forest Hollow - 60.0 Somerset-Olde Creek
Forest Hollow,Week2,Mantua,Week2,242.0 Mantua - 160.0 Forest Hollow
Forest Hollow,Week2,Fair Oaks ,Week3,213.0 Fair Oaks - 189.0 Forest Hollow
Forest Hollow,Week2,Somerset-Olde Creek,Week4,324.0 Forest Hollow - 78.0 Somerset-Olde Creek
Fox Hunt,Week3,Laurel Hill,Week4,269.0 Fox Hunt - 133.0 Laurel Hill
Fox Hunt,Week1,Highlands Swim,Week2,327.0 Highlands Swim - 75.0 Fox Hunt
Forest Hollow,Week3,Somerset-Olde Creek,Week5,316.0 Forest Hollow - 86.0 Somerset-Olde Creek
Fox Hunt,Week2,Chesterbrook,Week3,359.0 Chesterbrook - 43.0 Fox Hunt
Fairfax Station,Week3,Sully Station II,Week1,227.0 Fairfax Station - 175.0 Sully Station II
Fox Hunt,Week1,Chesterbrook,Week2,348.0 Chesterbrook - 54.0 Fox Hunt
Forest Hollow,Week3,Fair Oaks ,Week1,224.0 Forest Hollow - 178.0 Fair Oaks
Fox Hunt,Week3,Laurel Hill,Week3,265.0 Fox Hunt - 137.0 Laurel Hill
Fairfax Station,Week2,Sully Station II,Week4,221.0 Fairfax Station - 181.0 Sully Station II
Forest Hollow,Week2,Mantua,Week3,291.0 Mantua - 111.0 Forest Hollow
Forest Hollow,Week4,Somerset-Olde Creek,Week1,328.0 Forest Hollow - 74.0 Somerset-Olde Creek
Forest Hollow,Week3,Somerset-Olde Creek,Week3,334.0 Forest Hollow - 68.0 Somerset-Olde Creek
Forest Hollow,Week1,Fairfax,Week3,262.0 Fairfax - 140.0 Forest Hollow
Fox Hunt,Week1,Commonwealth,Week3,222.0 Fox Hunt - 180.0 Commonwealth
Fox Hunt,Week2,Laurel Hill,Week4,264.0 Fox Hunt - 137.0 Laurel Hill
Fairfax Station,Week4,Sully Station II,Week1,204.0 Fairfax Station - 198.0 Sully Station II
Forest Hollow,Week5,Fair Oaks ,Week3,210.0 Forest Hollow - 192.0 Fair Oaks
Fairfax Station,Week2,Sully Station II,Week5,232.0 Sully Station II - 170.0 Fairfax Station
Fox Hunt,Week4,Highlands Swim,Week1,294.0 Highlands Swim - 108.0 Fox Hunt
Forest Hollow,Week4,Fair Oaks ,Week3,208.0 Forest Hollow - 194.0 Fair Oaks
Fox Hunt,Week4,Laurel Hill,Week1,274.0 Fox Hunt - 126.0 Laurel Hill
Fox Hunt,Week3,Highlands Swim,Week1,284.0 Highlands Swim - 118.0 Fox Hunt
Fox Hunt,Week4,Laurel Hill,Week5,236.0 Fox Hunt - 166.0 Laurel Hill
Fairfax Station,Week5,Sully Station II,Week1,223.0 Fairfax Station - 179.0 Sully Station II
Forest Hollow,Week4,Somerset-Olde Creek,Week3,334.0 Forest Hollow - 68.0 Somerset-Olde Creek
Forest Hollow,Week4,Somerset-Olde Creek,Week4,334.0 Forest Hollow - 68.0 Somerset-Olde Creek
Fox Hunt,Week5,Highland Park,Week1,211.0 Highland Park - 191.0 Fox Hunt
Fox Hunt,Week5,Chesterbrook,Week5,345.5 Chesterbrook - 56.5 Fox Hunt
Fox Hunt,Week5,Chesterbrook,Week4,339.5 Chesterbrook - 62.5 Fox Hunt
Fairfax Station,Week3,Sully Station II,Week2,212.0 Fairfax Station - 190.0 Sully Station II
Forest Hollow,Week4,Fair Oaks ,Week4,225.0 Forest Hollow - 177.0 Fair Oaks
Fox Hunt,Week3,Chesterbrook,Week1,325.0 Chesterbrook - 72.0 Fox Hunt
Fox Hunt,Week5,Cardinal Hill,Week5,234.0 Cardinal Hill - 168.0 Fox Hunt
Forest Hollow,Week5,Somerset-Olde Creek,Week3,339.0 Forest Hollow - 62.0 Somerset-Olde Creek
Fairfax Station,Week5,Sully Station II,Week3,211.0 Fairfax Station - 191.0 Sully Station II
Forest Hollow,Week5,Somerset-Olde Creek,Week1,341.0 Forest Hollow - 60.0 Somerset-Olde Creek
Forest Hollow,Week3,Mantua,Week4,233.0 Mantua - 169.0 Forest Hollow
Forest Hollow,Week3,Fair Oaks ,Week5,222.0 Fair Oaks - 180.0 Forest Hollow
Forest Hollow,Week3,Mantua,Week2,215.0 Mantua - 187.0 Forest Hollow
Forest Hollow,Week2,Mantua,Week5,280.0 Mantua - 122.0 Forest Hollow
Fox Hunt,Week5,Highlands Swim,Week3,288.0 Highlands Swim - 114.0 Fox Hunt
Fox Hunt,Week3,Chesterbrook,Week2,336.0 Chesterbrook - 66.0 Fox Hunt
Forest Hollow,Week1,Mantua,Week5,276.5 Mantua - 125.5 Forest Hollow
Forest Hollow,Week1,Fairfax,Week4,255.0 Fairfax - 147.0 Forest Hollow
Fox Hunt,Week5,Laurel Hill,Week2,313.0 Fox Hunt - 85.0 Laurel Hill
Fox Hunt,Week4,Highlands Swim,Week5,305.0 Highlands Swim - 97.0 Fox Hunt
Fox Hunt,Week1,Highlands Swim,Week4,302.0 Highlands Swim - 100.0 Fox Hunt
Fairfax Station,Week1,Truro,Week1,301.0 Fairfax Station - 101.0 Truro
Forest Hollow,Week3,Fair Oaks ,Week3,206.0 Forest Hollow - 196.0 Fair Oaks
Fairfax Station,Week1,Truro,Week2,317.0 Fairfax Station - 85.0 Truro
Forest Hollow,Week3,South Run,Week1,212.0 Forest Hollow - 181.0 South Run
Fox Hunt,Week3,Chesterbrook,Week3,350.0 Chesterbrook - 52.0 Fox Hunt
Fox Hunt,Week5,Highlands Swim,Week1,283.0 Highlands Swim - 119.0 Fox Hunt
Fairfax Station,Week5,Sully Station II,Week2,214.0 Fairfax Station - 188.0 Sully Station II
Fox Hunt,Week5,Cardinal Hill,Week3,261.0 Cardinal Hill - 141.0 Fox Hunt
Forest Hollow,Week3,South Run,Week2,237.0 Forest Hollow - 164.0 South Run
Forest Hollow,Week4,Mantua,Week4,232.0 Mantua - 170.0 Forest Hollow
Forest Hollow,Week4,Mantua,Week2,210.5 Mantua - 191.5 Forest Hollow
Fairfax Station,Week4,Sully Station II,Week3,228.0 Sully Station II - 174.0 Fairfax Station
Fairfax Station,Week1,Truro,Week3,306.0 Fairfax Station - 96.0 Truro
Forest Hollow,Week3,Fair Oaks ,Week2,244.0 Forest Hollow - 158.0 Fair Oaks
Forest Hollow,Week2,South Run,Week2,220.0 Forest Hollow - 177.0 South Run
Forest Hollow,Week1,Fairfax,Week5,268.0 Fairfax - 134.0 Forest Hollow
Forest Hollow,Week1,McLean,Week2,275.0 McLean - 127.0 Forest Hollow
Fox Hunt,Week1,Chesterbrook,Week3,361.0 Chesterbrook - 41.0 Fox Hunt
Fox Hunt,Week5,Dunn Loring,Week2,259.0 Dunn Loring - 143.0 Fox Hunt
Forest Hollow,Week5,South Run,Week2,234.0 Forest Hollow - 167.0 South Run
Forest Hollow,Week2,South Run,Week5,202.0 South Run - 200.0 Forest Hollow
Forest Hollow,Week3,Fair Oaks ,Week4,223.0 Forest Hollow - 179.0 Fair Oaks
Fairfax Station,Week5,Sully Station II,Week5,204.0 Fairfax Station - 198.0 Sully Station II
Forest Hollow,Week5,Fair Oaks ,Week4,227.0 Forest Hollow - 175.0 Fair Oaks
Fox Hunt,Week3,Chesterbrook,Week5,354.0 Chesterbrook - 48.0 Fox Hunt
Forest Hollow,Week4,South Run,Week5,209.0 Forest Hollow - 193.0 South Run
Forest Hollow,Week5,Mantua,Week1,218.0 Mantua - 184.0 Forest Hollow
Fox Hunt,Week5,Dunn Loring,Week1,219.0 Dunn Loring - 183.0 Fox Hunt
Fox Hunt,Week4,Highlands Swim,Week4,288.0 Highlands Swim - 114.0 Fox Hunt
Fox Hunt,Week2,Chesterbrook,Week2,351.0 Chesterbrook - 51.0 Fox Hunt
Fox Hunt,Week5,Cardinal Hill,Week4,227.0 Cardinal Hill - 175.0 Fox Hunt
Forest Hollow,Week4,Mantua,Week1,213.0 Mantua - 189.0 Forest Hollow
Fox Hunt,Week1,Fair Oaks ,Week4,219.0 Fair Oaks - 183.0 Fox Hunt
Fairfax Station,Week1,Truro,Week4,283.0 Fairfax Station - 119.0 Truro
Forest Hollow,Week4,Fair Oaks ,Week5,207.0 Forest Hollow - 195.0 Fair Oaks
Fairfax Station,Week2,Sully Station II,Week1,202.0 Fairfax Station - 200.0 Sully Station II
Fairfax Station,Week1,Truro,Week5,301.0 Fairfax Station - 101.0 Truro
Forest Hollow,Week1,Fairfax,Week2,249.0 Fairfax - 153.0 Forest Hollow
Forest Hollow,Week5,South Run,Week1,216.0 Forest Hollow - 177.0 South Run
Fairfax Station,Week2,Truro,Week1,298.0 Fairfax Station - 104.0 Truro
Forest Hollow,Week2,McLean,Week5,285.0 McLean - 117.0 Forest Hollow
Forest Hollow,Week5,South Run,Week4,241.0 Forest Hollow - 160.0 South Run
Fairfax Station,Week2,Sully Station II,Week2,213.0 Sully Station II - 189.0 Fairfax Station
Fairfax Station,Week5,Sully Station II,Week4,242.0 Fairfax Station - 160.0 Sully Station II
Fox Hunt,Week3,Fair Oaks ,Week4,204.0 Fox Hunt - 198.0 Fair Oaks
Fox Hunt,Week3,Fair Oaks ,Week2,226.0 Fox Hunt - 176.0 Fair Oaks
Fairfax Station,Week4,Sully Station II,Week2,221.0 Sully Station II - 181.0 Fairfax Station
Fairfax Station,Week2,Truro,Week4,299.0 Fairfax Station - 103.0 Truro
Fox Hunt,Week1,Chesterbrook,Week4,354.0 Chesterbrook - 48.0 Fox Hunt
Forest Hollow,Week2,Fairfax,Week1,248.0 Fairfax - 154.0 Forest Hollow
Fox Hunt,Week3,Fair Oaks ,Week3,225.0 Fair Oaks - 177.0 Fox Hunt
Forest Hollow,Week3,South Run,Week4,239.0 Forest Hollow - 162.0 South Run
Fox Hunt,Week1,Fair Oaks ,Week2,211.0 Fox Hunt - 191.0 Fair Oaks
Fairfax Station,Week2,Truro,Week2,325.0 Fairfax Station - 77.0 Truro
Forest Hollow,Week3,Fairfax,Week4,243.0 Fairfax - 159.0 Forest Hollow
Forest Hollow,Week4,South Run,Week1,214.0 Forest Hollow - 179.0 South Run
Forest Hollow,Week1,Fairfax,Week1,231.0 Fairfax - 171.0 Forest Hollow
Forest Hollow,Week5,Fairfax,Week1,223.0 Fairfax - 179.0 Forest Hollow
Fox Hunt,Week4,Chesterbrook,Week2,344.0 Chesterbrook - 58.0 Fox Hunt
Forest Hollow,Week3,McLean,Week1,255.0 McLean - 147.0 Forest Hollow
Forest Hollow,Week5,Fair Oaks ,Week2,260.0 Forest Hollow - 142.0 Fair Oaks
Fox Hunt,Week2,Fair Oaks ,Week2,225.0 Fox Hunt - 177.0 Fair Oaks
Fox Hunt,Week5,Chesterbrook,Week2,334.0 Chesterbrook - 68.0 Fox Hunt
Fox Hunt,Week4,Chesterbrook,Week3,358.0 Chesterbrook - 44.0 Fox Hunt
Forest Hollow,Week5,Mantua,Week4,223.5 Mantua - 178.5 Forest Hollow
Forest Hollow,Week5,South Run,Week3,230.0 Forest Hollow - 172.0 South Run
Fox Hunt,Week5,Fair Oaks ,Week2,247.0 Fox Hunt - 155.0 Fair Oaks
Fox Hunt,Week5,Chesterbrook,Week1,320.0 Chesterbrook - 82.0 Fox Hunt
Forest Hollow,Week1,McLean,Week4,247.0 McLean - 155.0 Forest Hollow
Forest Hollow,Week2,McLean,Week4,256.0 McLean - 146.0 Forest Hollow
Fox Hunt,Week5,Dunn Loring,Week5,270.0 Dunn Loring - 132.0 Fox Hunt
Forest Hollow,Week1,South Run,Week4,241.0 Forest Hollow - 160.0 South Run
Forest Hollow,Week1,South Run,Week2,230.0 Forest Hollow - 171.0 South Run
Forest Hollow,Week3,McLean,Week2,270.0 McLean - 132.0 Forest Hollow
Fox Hunt,Week2,Chesterbrook,Week1,331.0 Chesterbrook - 71.0 Fox Hunt
Forest Hollow,Week3,South Run,Week5,209.0 Forest Hollow - 193.0 South Run
Fox Hunt,Week5,Fair Oaks ,Week4,223.0 Fox Hunt - 179.0 Fair Oaks
Forest Hollow,Week2,McLean,Week2,288.0 McLean - 114.0 Forest Hollow
Forest Hollow,Week2,Fairfax,Week2,265.0 Fairfax - 137.0 Forest Hollow
Fox Hunt,Week4,Dunn Loring,Week4,267.0 Dunn Loring - 135.0 Fox Hunt
Fox Hunt,Week4,Chesterbrook,Week1,325.0 Chesterbrook - 77.0 Fox Hunt
Forest Hollow,Week1,Fairfax Club Estates,Week5,258.0 Forest Hollow - 144.0 Fairfax Club Estates
Fox Hunt,Week1,Chesterbrook,Week1,338.0 Chesterbrook - 64.0 Fox Hunt
Forest Hollow,Week2,McLean,Week1,266.0 McLean - 136.0 Forest Hollow
Forest Hollow,Week3,McLean,Week3,271.0 McLean - 131.0 Forest Hollow
Forest Hollow,Week3,McLean,Week4,249.0 McLean - 153.0 Forest Hollow
Fox Hunt,Week5,Dunn Loring,Week3,273.0 Dunn Loring - 129.0 Fox Hunt
Forest Hollow,Week5,Somerset-Olde Creek,Week5,327.0 Forest Hollow - 74.0 Somerset-Olde Creek
Forest Hollow,Week1,McLean,Week3,278.0 McLean - 124.0 Forest Hollow
Forest Hollow,Week1,South Run,Week1,204.0 Forest Hollow - 189.0 South Run
Forest Hollow,Week2,South Run,Week4,217.0 Forest Hollow - 185.0 South Run
Fairfax Station,Week3,Truro,Week1,307.0 Fairfax Station - 95.0 Truro
Fox Hunt,Week1,Commonwealth,Week2,203.0 Fox Hunt - 199.0 Commonwealth
Fox Hunt,Week1,Commonwealth,Week1,252.0 Fox Hunt - 150.0 Commonwealth
Forest Hollow,Week3,Fairfax,Week1,238.0 Fairfax - 164.0 Forest Hollow
Forest Hollow,Week3,Fairfax,Week5,263.0 Fairfax - 139.0 Forest Hollow
Fox Hunt,Week2,Chesterbrook,Week5,352.0 Chesterbrook - 50.0 Fox Hunt
Fox Hunt,Week4,Chesterbrook,Week5,346.0 Chesterbrook - 56.0 Fox Hunt
Forest Hollow,Week3,Fairfax Club Estates,Week1,258.0 Forest Hollow - 144.0 Fairfax Club Estates
Fairfax Station,Week4,Truro,Week1,288.0 Fairfax Station - 114.0 Truro
Forest Hollow,Week5,Mantua,Week3,244.0 Mantua - 158.0 Forest Hollow
Fairfax Station,Week3,Truro,Week2,336.0 Fairfax Station - 65.0 Truro
Fox Hunt,Week2,Fair Oaks ,Week3,234.0 Fair Oaks - 168.0 Fox Hunt
Forest Hollow,Week3,South Run,Week3,230.0 Forest Hollow - 172.0 South Run
Forest Hollow,Week4,Fairfax,Week2,244.0 Fairfax - 158.0 Forest Hollow
Fairfax Station,Week2,Truro,Week5,310.0 Fairfax Station - 92.0 Truro
Fox Hunt,Week2,Fair Oaks ,Week5,246.0 Fair Oaks - 156.0 Fox Hunt
Forest Hollow,Week1,Fairfax Club Estates,Week4,245.0 Forest Hollow - 157.0 Fairfax Club Estates
Forest Hollow,Week4,Fairfax,Week3,247.0 Fairfax - 155.0 Forest Hollow
Fox Hunt,Week4,Dunn Loring,Week3,281.0 Dunn Loring - 121.0 Fox Hunt
Fairfax Station,Week5,Truro,Week3,319.0 Fairfax Station - 83.0 Truro
Fox Hunt,Week4,Dunn Loring,Week5,271.0 Dunn Loring - 131.0 Fox Hunt
Fairfax Station,Week2,Tuckahoe,Week3,297.0 Tuckahoe - 105.0 Fairfax Station
Fox Hunt,Week3,Commonwealth,Week4,266.0 Fox Hunt - 131.0 Commonwealth
Forest Hollow,Week2,McLean,Week3,282.0 McLean - 120.0 Forest Hollow
Fox Hunt,Week3,Commonwealth,Week5,242.0 Fox Hunt - 160.0 Commonwealth
Forest Hollow,Week1,McLean,Week5,278.0 McLean - 124.0 Forest Hollow
Forest Hollow,Week5,Mantua,Week5,264.0 Mantua - 138.0 Forest Hollow
Forest Hollow,Week4,Fairfax,Week1,224.0 Fairfax - 178.0 Forest Hollow
Fox Hunt,Week3,Fair Oaks ,Week1,207.0 Fair Oaks - 195.0 Fox Hunt
Fairfax Station,Week5,Truro,Week2,325.0 Fairfax Station - 77.0 Truro
Forest Hollow,Week4,South Run,Week4,242.0 Forest Hollow - 160.0 South Run
Forest Hollow,Week4,South Run,Week3,230.0 Forest Hollow - 172.0 South Run
Forest Hollow,Week1,South Run,Week5,203.0 South Run - 199.0 Forest Hollow
Fairfax Station,Week4,Truro,Week5,292.0 Fairfax Station - 110.0 Truro
Forest Hollow,Week5,Fairfax,Week4,235.0 Fairfax - 167.0 Forest Hollow
Forest Hollow,Week5,South Run,Week5,222.0 Forest Hollow - 180.0 South Run
Fairfax Station,Week3,Truro,Week5,314.0 Fairfax Station - 88.0 Truro
Fox Hunt,Week3,Commonwealth,Week2,238.5 Fox Hunt - 163.5 Commonwealth
Fox Hunt,Week2,Fair Oaks ,Week4,208.0 Fair Oaks - 194.0 Fox Hunt
Forest Hollow,Week5,Mantua,Week2,203.0 Mantua - 199.0 Forest Hollow
Fox Hunt,Week4,Dunn Loring,Week2,267.0 Dunn Loring - 135.0 Fox Hunt
Forest Hollow,Week1,Fairfax Club Estates,Week3,271.0 Forest Hollow - 131.0 Fairfax Club Estates
Fox Hunt,Week4,Commonwealth,Week1,273.0 Fox Hunt - 129.0 Commonwealth
Forest Hollow,Week4,South Run,Week2,240.0 Forest Hollow - 162.0 South Run
Fox Hunt,Week4,Commonwealth,Week2,232.0 Fox Hunt - 170.0 Commonwealth
Fox Hunt,Week3,Fair Oaks ,Week5,236.0 Fair Oaks - 166.0 Fox Hunt
Fox Hunt,Week3,Commonwealth,Week1,265.0 Fox Hunt - 132.0 Commonwealth
Forest Hollow,Week1,Fairfax Club Estates,Week1,259.0 Forest Hollow - 143.0 Fairfax Club Estates
Forest Hollow,Week3,Mosby Woods,Week5,232.0 Mosby Woods - 170.0 Forest Hollow
Forest Hollow,Week1,McLean,Week1,252.0 McLean - 150.0 Forest Hollow
Fox Hunt,Week1,Fair Oaks ,Week3,237.0 Fair Oaks - 165.0 Fox Hunt
Fairfax Station,Week5,Truro,Week5,310.0 Fairfax Station - 92.0 Truro
Fairfax Station,Week5,Tuckahoe,Week1,260.0 Tuckahoe - 142.0 Fairfax Station
Fox Hunt,Week2,Commonwealth,Week2,229.0 Fox Hunt - 173.0 Commonwealth
Forest Hollow,Week2,Fairfax Club Estates,Week2,260.0 Forest Hollow - 142.0 Fairfax Club Estates
Forest Hollow,Week2,South Run,Week3,210.0 Forest Hollow - 192.0 South Run
Forest Hollow,Week2,Fairfax Club Estates,Week3,258.0 Forest Hollow - 144.0 Fairfax Club Estates
Fairfax Station,Week5,Truro,Week4,305.0 Fairfax Station - 97.0 Truro
Fox Hunt,Week5,Dunn Loring,Week4,256.0 Dunn Loring - 146.0 Fox Hunt
Forest Hollow,Week1,South Run,Week3,229.0 Forest Hollow - 173.0 South Run
Forest Hollow,Week1,Mosby Woods,Week4,244.0 Mosby Woods - 158.0 Forest Hollow
Fox Hunt,Week4,Fair Oaks ,Week3,228.0 Fair Oaks - 174.0 Fox Hunt
Forest Hollow,Week5,McLean,Week5,282.0 McLean - 120.0 Forest Hollow
Fairfax Station,Week3,Truro,Week3,319.0 Fairfax Station - 83.0 Truro
Forest Hollow,Week2,South Run,Week1,199.0 Forest Hollow - 189.0 South Run
Fairfax Station,Week1,Tuckahoe,Week4,305.0 Tuckahoe - 97.0 Fairfax Station
Forest Hollow,Week1,Springboard,Week1,307.0 Forest Hollow - 95.0 Springboard
Fox Hunt,Week2,Commonwealth,Week1,254.0 Fox Hunt - 147.0 Commonwealth
Forest Hollow,Week3,Mosby Woods,Week4,235.5 Mosby Woods - 166.5 Forest Hollow
Fox Hunt,Week4,Fair Oaks ,Week2,231.0 Fox Hunt - 171.0 Fair Oaks
Forest Hollow,Week5,Fairfax,Week5,264.0 Fairfax - 138.0 Forest Hollow
Fox Hunt,Week3,Commonwealth,Week3,252.0 Fox Hunt - 150.0 Commonwealth
Fox Mill Woods,Week2,Arlington Forest,Week3,269.5 Fox Mill Woods - 132.5 Arlington Forest
Fox Mill Estates,Week1,High Point Pool,Week1,274.0 High Point Pool - 123.0 Fox Mill Estates
Fox Mill Estates,Week1,Sully Station II,Week1,264.0 Sully Station II - 138.0 Fox Mill Estates
Fox Mill Woods,Week3,Annandale,Week2,304.0 Fox Mill Woods - 98.0 Annandale
Fox Hunt,Week4,Shouse Village,Week4,221.0 Shouse Village - 181.0 Fox Hunt
Fox Mill Estates,Week5,Mosby Woods,Week2,287.0 Mosby Woods - 115.0 Fox Mill Estates
Fox Mill Estates,Week3,Annandale,Week2,251.0 Fox Mill Estates - 151.0 Annandale
Fox Mill Woods,Week4,Crosspointe,Week3,212.0 Crosspointe - 190.0 Fox Mill Woods
Fox Mill Estates,Week4,Mosby Woods,Week3,277.0 Mosby Woods - 125.0 Fox Mill Estates
Fox Mill Woods,Week3,Crosspointe,Week5,229.0 Crosspointe - 173.0 Fox Mill Woods
Fox Mill Estates,Week5,Sully Station,Week5,264.0 Sully Station - 138.0 Fox Mill Estates
Fox Mill Estates,Week3,Lee Graham,Week4,290.0 Lee Graham - 112.0 Fox Mill Estates
Fox Mill Estates,Week2,Lee Graham,Week3,289.0 Lee Graham - 113.0 Fox Mill Estates
Fox Mill Estates,Week1,Arlington Forest,Week2,256.0 Arlington Forest - 146.0 Fox Mill Estates
Fox Mill Estates,Week3,Sully Station,Week3,268.0 Sully Station - 134.0 Fox Mill Estates
Fox Mill Estates,Week1,Hiddenbrook,Week4,207.0 Hiddenbrook - 195.0 Fox Mill Estates
Fox Mill Estates,Week4,Mosby Woods,Week4,269.0 Mosby Woods - 133.0 Fox Mill Estates
Fox Mill Woods,Week2,Annandale,Week2,303.0 Fox Mill Woods - 99.0 Annandale
Fox Mill Estates,Week2,Annandale,Week1,254.0 Fox Mill Estates - 147.0 Annandale
Fox Mill Estates,Week2,Annandale,Week3,224.0 Fox Mill Estates - 178.0 Annandale
Fox Mill Estates,Week2,Sully Station,Week4,281.0 Sully Station - 121.0 Fox Mill Estates
Fox Hunt,Week5,Shouse Village,Week4,201.0 Fox Hunt - 201.0 Shouse Village
Fox Mill Estates,Week4,Hiddenbrook,Week2,290.0 Fox Mill Estates - 110.0 Hiddenbrook
Fox Mill Estates,Week5,Laurel Hill,Week5,207.0 Fox Mill Estates - 195.0 Laurel Hill
Fox Mill Woods,Week2,Crosspointe,Week2,203.0 Fox Mill Woods - 199.0 Crosspointe
Fox Mill Woods,Week3,Annandale,Week5,301.0 Fox Mill Woods - 101.0 Annandale
Fox Mill Woods,Week2,Crosspointe,Week5,241.0 Crosspointe - 161.0 Fox Mill Woods
Fox Mill Woods,Week4,Annandale,Week1,326.0 Fox Mill Woods - 76.0 Annandale
Fox Mill Estates,Week1,High Point Pool,Week3,282.5 High Point Pool - 119.5 Fox Mill Estates
Fox Mill Woods,Week3,Crosspointe,Week2,204.0 Crosspointe - 198.0 Fox Mill Woods
Fox Mill Estates,Week5,Sully Station,Week2,254.0 Sully Station - 148.0 Fox Mill Estates
Fox Mill Estates,Week3,Annandale,Week1,270.0 Fox Mill Estates - 132.0 Annandale
Fox Mill Estates,Week2,High Point Pool,Week2,264.0 High Point Pool - 138.0 Fox Mill Estates
Fox Mill Woods,Week1,Crosspointe,Week2,212.0 Fox Mill Woods - 190.0 Crosspointe
Fox Mill Estates,Week3,Mosby Woods,Week4,282.0 Mosby Woods - 120.0 Fox Mill Estates
Fox Mill Estates,Week4,Lee Graham,Week3,282.0 Lee Graham - 120.0 Fox Mill Estates
Fox Mill Estates,Week2,Hiddenbrook,Week3,204.0 Fox Mill Estates - 198.0 Hiddenbrook
Fox Mill Estates,Week3,Sully Station,Week4,276.0 Sully Station - 126.0 Fox Mill Estates
Fox Mill Estates,Week3,Mosby Woods,Week3,287.0 Mosby Woods - 115.0 Fox Mill Estates
Fox Mill Estates,Week2,Annandale,Week5,238.0 Fox Mill Estates - 164.0 Annandale
Fox Mill Estates,Week3,Mosby Woods,Week2,293.0 Mosby Woods - 109.0 Fox Mill Estates
Fox Mill Estates,Week5,Annandale,Week5,240.0 Fox Mill Estates - 162.0 Annandale
Fox Mill Estates,Week4,Annandale,Week2,265.0 Fox Mill Estates - 137.0 Annandale
Fox Hunt,Week1,Sideburn Run,Week5,225.0 Sideburn Run - 177.0 Fox Hunt
Fox Mill Estates,Week2,High Point Pool,Week3,265.0 High Point Pool - 137.0 Fox Mill Estates
Fox Mill Woods,Week2,Crosspointe,Week4,214.0 Crosspointe - 188.0 Fox Mill Woods
Fox Mill Estates,Week3,Lee Graham,Week2,302.5 Lee Graham - 99.5 Fox Mill Estates
Fox Mill Woods,Week1,Annandale,Week5,316.0 Fox Mill Woods - 86.0 Annandale
Fox Mill Woods,Week4,Country Club Hills,Week1,283.0 Fox Mill Woods - 119.0 Country Club Hills
Fox Mill Estates,Week1,Annandale,Week5,229.0 Fox Mill Estates - 173.0 Annandale
Fox Mill Woods,Week1,Crosspointe,Week5,227.0 Crosspointe - 175.0 Fox Mill Woods
Fox Mill Estates,Week5,Annandale,Week2,235.0 Fox Mill Estates - 167.0 Annandale
Fox Mill Estates,Week1,Lee Graham,Week3,309.0 Lee Graham - 93.0 Fox Mill Estates
Fox Mill Estates,Week4,Lee Graham,Week5,284.0 Lee Graham - 118.0 Fox Mill Estates
Fox Mill Estates,Week1,Mount Vernon Park,Week5,331.0 Mount Vernon Park - 71.0 Fox Mill Estates
Fox Mill Woods,Week2,Annandale,Week4,320.0 Fox Mill Woods - 82.0 Annandale
Fox Mill Estates,Week1,Mount Vernon Park,Week2,316.0 Mount Vernon Park - 86.0 Fox Mill Estates
Fox Mill Woods,Week4,Country Club Hills,Week2,293.0 Fox Mill Woods - 109.0 Country Club Hills
Fox Mill Estates,Week2,Mosby Woods,Week5,290.0 Mosby Woods - 112.0 Fox Mill Estates
Fox Mill Estates,Week5,Hiddenbrook,Week5,214.0 Hiddenbrook - 188.0 Fox Mill Estates
Fox Hunt,Week5,Shouse Village,Week3,212.0 Fox Hunt - 190.0 Shouse Village
Fox Mill Estates,Week1,High Point Pool,Week2,287.0 High Point Pool - 115.0 Fox Mill Estates
Fox Mill Woods,Week1,Annandale,Week4,327.0 Fox Mill Woods - 75.0 Annandale
Fox Mill Woods,Week1,Annandale,Week3,310.0 Fox Mill Woods - 92.0 Annandale
Fox Mill Estates,Week1,Lee Graham,Week1,299.0 Lee Graham - 103.0 Fox Mill Estates
Fox Mill Woods,Week4,Crosspointe,Week2,202.0 Crosspointe - 200.0 Fox Mill Woods
Fox Mill Estates,Week5,Mosby Woods,Week4,275.0 Mosby Woods - 127.0 Fox Mill Estates
Fox Mill Estates,Week3,Mount Vernon Park,Week1,288.0 Mount Vernon Park - 114.0 Fox Mill Estates
Fox Mill Estates,Week1,High Point Pool,Week4,273.0 High Point Pool - 129.0 Fox Mill Estates
Fox Mill Woods,Week3,Country Club Hills,Week3,287.0 Fox Mill Woods - 115.0 Country Club Hills
Fox Mill Estates,Week2,High Point Pool,Week4,256.0 High Point Pool - 146.0 Fox Mill Estates
Fox Hunt,Week5,Shouse Village,Week2,237.0 Fox Hunt - 164.0 Shouse Village
Fox Hunt,Week1,Sideburn Run,Week3,220.0 Sideburn Run - 182.0 Fox Hunt
Fox Mill Woods,Week3,Annandale,Week3,302.0 Fox Mill Woods - 100.0 Annandale
Fox Hunt,Week1,Shouse Village,Week5,230.0 Shouse Village - 172.0 Fox Hunt
Fox Mill Estates,Week1,Lee Graham,Week2,306.0 Lee Graham - 96.0 Fox Mill Estates
Fox Mill Estates,Week1,Lee Graham,Week5,324.0 Lee Graham - 78.0 Fox Mill Estates
Fox Mill Estates,Week1,Arlington Forest,Week1,275.0 Arlington Forest - 127.0 Fox Mill Estates
Fox Mill Woods,Week2,Annandale,Week1,321.0 Fox Mill Woods - 81.0 Annandale
Fox Mill Estates,Week3,Lee Graham,Week3,308.0 Lee Graham - 94.0 Fox Mill Estates
Fox Hunt,Week3,Shouse Village,Week3,206.0 Fox Hunt - 196.0 Shouse Village
Fox Hunt,Week5,Shouse Village,Week5,206.0 Shouse Village - 196.0 Fox Hunt
Fox Hunt,Week2,Shouse Village,Week2,211.0 Fox Hunt - 190.0 Shouse Village
Fox Mill Estates,Week3,Mount Vernon Park,Week2,282.0 Mount Vernon Park - 120.0 Fox Mill Estates
Fox Mill Estates,Week4,Mosby Woods,Week2,265.0 Mosby Woods - 137.0 Fox Mill Estates
Fox Mill Woods,Week1,Annandale,Week2,312.0 Fox Mill Woods - 90.0 Annandale
Fox Mill Woods,Week4,Annandale,Week3,313.0 Fox Mill Woods - 89.0 Annandale
Fox Mill Estates,Week4,Lee Graham,Week4,272.0 Lee Graham - 130.0 Fox Mill Estates
Fox Mill Estates,Week4,Lee Graham,Week2,285.0 Lee Graham - 117.0 Fox Mill Estates
Fox Hunt,Week3,Shouse Village,Week2,235.0 Fox Hunt - 167.0 Shouse Village
Fox Hunt,Week4,Shouse Village,Week1,206.0 Shouse Village - 196.0 Fox Hunt
Fox Mill Estates,Week3,Annandale,Week4,261.0 Fox Mill Estates - 141.0 Annandale
Fox Mill Estates,Week2,High Point Pool,Week5,243.0 High Point Pool - 159.0 Fox Mill Estates
Fox Mill Woods,Week1,Arlington Forest,Week5,240.0 Fox Mill Woods - 162.0 Arlington Forest
Fox Mill Estates,Week5,Annandale,Week3,222.0 Fox Mill Estates - 180.0 Annandale
Fox Mill Estates,Week4,Annandale,Week4,273.0 Fox Mill Estates - 128.0 Annandale
Fox Mill Estates,Week1,High Point Pool,Week5,267.0 High Point Pool - 135.0 Fox Mill Estates
Fox Hunt,Week4,Shouse Village,Week5,223.0 Shouse Village - 179.0 Fox Hunt
Fox Mill Woods,Week3,Crosspointe,Week1,219.0 Crosspointe - 183.0 Fox Mill Woods
Fox Mill Estates,Week5,Hiddenbrook,Week3,219.0 Fox Mill Estates - 183.0 Hiddenbrook
Fox Mill Estates,Week3,High Point Pool,Week2,257.0 High Point Pool - 145.0 Fox Mill Estates
Fox Hunt,Week2,Sideburn Run,Week1,220.0 Sideburn Run - 182.0 Fox Hunt
Fox Mill Woods,Week4,Daventry,Week1,352.0 Fox Mill Woods - 50.0 Daventry
Fox Mill Estates,Week5,Lee Graham,Week2,286.0 Lee Graham - 116.0 Fox Mill Estates
Fox Mill Woods,Week4,Annandale,Week5,312.0 Fox Mill Woods - 90.0 Annandale
Fox Mill Estates,Week3,Mount Vernon Park,Week3,300.0 Mount Vernon Park - 102.0 Fox Mill Estates
Fox Mill Woods,Week5,Annandale,Week1,316.0 Fox Mill Woods - 86.0 Annandale
Fox Mill Estates,Week3,High Point Pool,Week3,256.0 High Point Pool - 146.0 Fox Mill Estates
Fox Hunt,Week2,Sideburn Run,Week2,204.0 Sideburn Run - 198.0 Fox Hunt
Fox Hunt,Week2,Sideburn Run,Week3,213.0 Sideburn Run - 189.0 Fox Hunt
Fox Mill Estates,Week5,Mosby Woods,Week5,280.0 Mosby Woods - 122.0 Fox Mill Estates
Fox Mill Estates,Week1,Arlington Forest,Week3,241.5 Arlington Forest - 160.5 Fox Mill Estates
Fox Mill Estates,Week1,Arlington Forest,Week4,270.0 Arlington Forest - 132.0 Fox Mill Estates
Fox Mill Estates,Week4,Mosby Woods,Week5,266.0 Mosby Woods - 136.0 Fox Mill Estates
Fox Mill Woods,Week4,Daventry,Week4,346.0 Fox Mill Woods - 56.0 Daventry
Fox Mill Estates,Week2,Lee Graham,Week2,293.0 Lee Graham - 109.0 Fox Mill Estates
Fox Mill Woods,Week3,Annandale,Week4,323.0 Fox Mill Woods - 79.0 Annandale
Fox Hunt,Week3,Sideburn Run,Week1,210.0 Sideburn Run - 192.0 Fox Hunt
Fox Mill Estates,Week2,Lee Graham,Week4,291.0 Lee Graham - 111.0 Fox Mill Estates
Fox Mill Woods,Week5,Annandale,Week4,340.5 Fox Mill Woods - 61.5 Annandale
Fox Mill Woods,Week5,Crosspointe,Week3,202.0 Crosspointe - 200.0 Fox Mill Woods
Fox Mill Estates,Week3,Lee Graham,Week5,298.0 Lee Graham - 104.0 Fox Mill Estates
Fox Mill Estates,Week1,Lee Graham,Week4,311.0 Lee Graham - 91.0 Fox Mill Estates
Fox Mill Estates,Week2,Arlington Forest,Week2,222.0 Arlington Forest - 180.0 Fox Mill Estates
Fox Mill Estates,Week4,Lee Graham,Week1,278.0 Lee Graham - 124.0 Fox Mill Estates
Fox Mill Woods,Week2,Daventry,Week5,322.0 Fox Mill Woods - 80.0 Daventry
Fox Mill Woods,Week3,Annandale,Week1,313.0 Fox Mill Woods - 89.0 Annandale
Fox Mill Estates,Week1,Mount Vernon Park,Week1,326.0 Mount Vernon Park - 76.0 Fox Mill Estates
Fox Mill Woods,Week1,Daventry,Week4,347.0 Fox Mill Woods - 55.0 Daventry
Fox Mill Estates,Week3,High Point Pool,Week5,240.0 High Point Pool - 162.0 Fox Mill Estates
Fox Hunt,Week2,Sideburn Run,Week5,219.0 Sideburn Run - 183.0 Fox Hunt
Fox Mill Estates,Week2,High Point Pool,Week1,253.0 High Point Pool - 149.0 Fox Mill Estates
Fox Mill Estates,Week5,Mosby Woods,Week1,290.0 Mosby Woods - 112.0 Fox Mill Estates
Fox Mill Woods,Week5,Daventry,Week4,342.0 Fox Mill Woods - 60.0 Daventry
Fox Mill Estates,Week2,Arlington Forest,Week3,213.0 Arlington Forest - 189.0 Fox Mill Estates
Fox Mill Estates,Week2,Arlington Forest,Week1,243.0 Arlington Forest - 159.0 Fox Mill Estates
Fox Hunt,Week3,Sideburn Run,Week3,208.0 Sideburn Run - 194.0 Fox Hunt
Fox Mill Estates,Week3,High Point Pool,Week4,254.0 High Point Pool - 148.0 Fox Mill Estates
Fox Mill Estates,Week5,Mosby Woods,Week3,282.0 Mosby Woods - 120.0 Fox Mill Estates
Fox Mill Estates,Week3,High Point Pool,Week1,260.0 High Point Pool - 142.0 Fox Mill Estates
Fox Mill Estates,Week1,Mount Vernon Park,Week3,326.0 Mount Vernon Park - 76.0 Fox Mill Estates
Fox Mill Woods,Week4,Annandale,Week4,344.0 Fox Mill Woods - 58.0 Annandale
Fox Mill Woods,Week4,Crosspointe,Week4,220.0 Crosspointe - 182.0 Fox Mill Woods
Fox Mill Estates,Week4,Mosby Woods,Week1,281.0 Mosby Woods - 121.0 Fox Mill Estates
Fox Mill Woods,Week2,Daventry,Week2,336.0 Fox Mill Woods - 65.0 Daventry
Fox Mill Estates,Week5,Lee Graham,Week4,292.5 Lee Graham - 109.5 Fox Mill Estates
Fox Mill Woods,Week2,Annandale,Week3,301.0 Fox Mill Woods - 101.0 Annandale
Fox Mill Estates,Week1,Arlington Forest,Week5,288.0 Arlington Forest - 114.0 Fox Mill Estates
Fox Mill Woods,Week2,Annandale,Week5,299.0 Fox Mill Woods - 103.0 Annandale
Fox Mill Estates,Week2,Lee Graham,Week5,298.5 Lee Graham - 103.5 Fox Mill Estates
Fox Mill Estates,Week2,Mosby Woods,Week3,289.0 Mosby Woods - 113.0 Fox Mill Estates
Fox Mill Estates,Week3,Arlington Forest,Week2,243.0 Arlington Forest - 159.0 Fox Mill Estates
Fox Hunt,Week4,Sideburn Run,Week2,203.0 Fox Hunt - 199.0 Sideburn Run
Fox Mill Woods,Week1,Daventry,Week2,344.0 Fox Mill Woods - 57.0 Daventry
Fox Mill Estates,Week4,Brandywine,Week2,209.0 Brandywine - 193.0 Fox Mill Estates
Fox Hunt,Week3,Sideburn Run,Week5,212.0 Sideburn Run - 190.0 Fox Hunt
Fox Mill Estates,Week3,Mosby Woods,Week1,298.0 Mosby Woods - 104.0 Fox Mill Estates
Fox Mill Estates,Week1,Mount Vernon Park,Week4,317.0 Mount Vernon Park - 85.0 Fox Mill Estates
Fox Mill Estates,Week2,Arlington Forest,Week5,259.0 Arlington Forest - 143.0 Fox Mill Estates
Fox Mill Estates,Week1,Lincolnia Park,Week1,267.0 Fox Mill Estates - 134.0 Lincolnia Park
Fox Mill Estates,Week1,Lincolnia Park,Week3,223.0 Fox Mill Estates - 169.0 Lincolnia Park
Fox Mill Estates,Week5,Highland Park,Week1,239.0 Highland Park - 163.0 Fox Mill Estates
Fox Mill Estates,Week2,Highland Park,Week4,237.0 Highland Park - 165.0 Fox Mill Estates
Fox Mill Woods,Week3,Daventry,Week2,334.0 Fox Mill Woods - 68.0 Daventry
Fox Hunt,Week4,Sideburn Run,Week1,208.0 Sideburn Run - 194.0 Fox Hunt
Fox Mill Estates,Week2,Mount Vernon Park,Week2,285.0 Mount Vernon Park - 117.0 Fox Mill Estates
Fox Mill Estates,Week2,Mount Vernon Park,Week4,303.0 Mount Vernon Park - 99.0 Fox Mill Estates
Fox Mill Woods,Week5,Annandale,Week3,320.0 Fox Mill Woods - 82.0 Annandale
Fox Mill Estates,Week5,Highland Park,Week3,225.0 Highland Park - 177.0 Fox Mill Estates
Fox Mill Woods,Week3,Daventry,Week4,335.0 Fox Mill Woods - 67.0 Daventry
Fox Mill Woods,Week5,Crosspointe,Week4,205.0 Crosspointe - 197.0 Fox Mill Woods
Fox Mill Estates,Week4,Highland Park,Week1,223.0 Highland Park - 179.0 Fox Mill Estates
Fox Mill Estates,Week4,Highland Park,Week5,227.0 Highland Park - 175.0 Fox Mill Estates
Fox Mill Estates,Week2,Brandywine,Week5,252.0 Brandywine - 150.0 Fox Mill Estates
Fox Mill Woods,Week1,Arlington Forest,Week1,266.0 Fox Mill Woods - 136.0 Arlington Forest
Fox Mill Estates,Week3,Brandywine,Week5,258.0 Brandywine - 144.0 Fox Mill Estates
Fox Mill Woods,Week3,Daventry,Week3,326.0 Fox Mill Woods - 76.0 Daventry
Fox Mill Estates,Week5,Lee Graham,Week3,292.0 Lee Graham - 110.0 Fox Mill Estates
Fox Mill Woods,Week5,Annandale,Week5,313.0 Fox Mill Woods - 89.0 Annandale
Fox Mill Woods,Week1,Arlington Forest,Week2,268.0 Fox Mill Woods - 134.0 Arlington Forest
Fox Mill Estates,Week2,Arlington Forest,Week4,254.0 Arlington Forest - 148.0 Fox Mill Estates
Fox Hunt,Week1,Sideburn Run,Week4,218.0 Sideburn Run - 184.0 Fox Hunt
Fox Hunt,Week2,Sideburn Run,Week4,217.0 Sideburn Run - 185.0 Fox Hunt
Fox Mill Estates,Week2,Highland Park,Week1,246.0 Highland Park - 156.0 Fox Mill Estates
Fox Mill Estates,Week5,Lee Graham,Week5,291.0 Lee Graham - 111.0 Fox Mill Estates
Fox Mill Estates,Week3,Mosby Woods,Week5,283.0 Mosby Woods - 119.0 Fox Mill Estates
Fox Mill Estates,Week4,Arlington Forest,Week2,216.5 Arlington Forest - 185.5 Fox Mill Estates
Fox Mill Estates,Week2,Mount Vernon Park,Week3,302.0 Mount Vernon Park - 100.0 Fox Mill Estates
Fox Mill Woods,Week1,Arlington Forest,Week3,288.0 Fox Mill Woods - 114.0 Arlington Forest
Fox Mill Estates,Week5,Lincolnia Park,Week1,288.0 Fox Mill Estates - 114.0 Lincolnia Park
Fox Mill Estates,Week2,Lincolnia Park,Week1,276.0 Fox Mill Estates - 122.0 Lincolnia Park
Fox Mill Estates,Week4,High Point Pool,Week4,230.0 High Point Pool - 172.0 Fox Mill Estates
Fox Mill Estates,Week3,Brandywine,Week1,215.0 Brandywine - 187.0 Fox Mill Estates
Fox Mill Woods,Week5,Crosspointe,Week2,208.0 Fox Mill Woods - 194.0 Crosspointe
Fox Mill Woods,Week3,Daventry,Week5,318.0 Fox Mill Woods - 84.0 Daventry
Fox Mill Woods,Week5,Annandale,Week2,319.0 Fox Mill Woods - 83.0 Annandale
Fox Hunt,Week3,Sideburn Run,Week4,205.0 Fox Hunt - 197.0 Sideburn Run
Fox Mill Estates,Week4,High Point Pool,Week2,240.0 High Point Pool - 162.0 Fox Mill Estates
Fox Hunt,Week3,Sideburn Run,Week2,212.0 Fox Hunt - 190.0 Sideburn Run
Fox Mill Estates,Week3,Lee Graham,Week1,298.0 Lee Graham - 104.0 Fox Mill Estates
Fox Mill Estates,Week5,High Point Pool,Week4,246.0 High Point Pool - 156.0 Fox Mill Estates
Fox Mill Estates,Week4,High Point Pool,Week1,234.0 High Point Pool - 168.0 Fox Mill Estates
Fox Mill Estates,Week3,Newington Forest,Week5,207.0 Fox Mill Estates - 195.0 Newington Forest
Fox Mill Woods,Week1,Daventry,Week5,333.0 Fox Mill Woods - 69.0 Daventry
Fox Mill Estates,Week2,Highland Park,Week2,233.0 Highland Park - 169.0 Fox Mill Estates
Fox Mill Estates,Week5,Arlington Forest,Week1,237.0 Arlington Forest - 165.0 Fox Mill Estates
Fox Mill Estates,Week2,Mount Vernon Park,Week5,307.0 Mount Vernon Park - 95.0 Fox Mill Estates
Fox Mill Estates,Week1,Brandywine,Week2,239.0 Brandywine - 163.0 Fox Mill Estates
Fox Mill Woods,Week4,Daventry,Week3,335.0 Fox Mill Woods - 67.0 Daventry
Fox Mill Estates,Week2,Little Hunting Park,Week2,225.0 Fox Mill Estates - 177.0 Little Hunting Park
Fox Mill Woods,Week1,Arlington Forest,Week4,244.0 Fox Mill Woods - 158.0 Arlington Forest
Fox Mill Woods,Week2,Arlington Forest,Week1,258.0 Fox Mill Woods - 144.0 Arlington Forest
Fox Mill Estates,Week3,Arlington Forest,Week5,252.0 Arlington Forest - 145.0 Fox Mill Estates
Fox Mill Estates,Week2,Little Hunting Park,Week4,239.0 Fox Mill Estates - 163.0 Little Hunting Park
Fox Mill Estates,Week3,Mount Vernon Park,Week4,294.0 Mount Vernon Park - 108.0 Fox Mill Estates
Fox Mill Woods,Week4,Annandale,Week2,322.0 Fox Mill Woods - 80.0 Annandale
Fox Mill Estates,Week4,Arlington Forest,Week1,234.0 Arlington Forest - 168.0 Fox Mill Estates
Fox Mill Estates,Week1,Newington Forest,Week3,220.0 Fox Mill Estates - 182.0 Newington Forest
Fox Mill Estates,Week1,Highland Park,Week1,265.0 Highland Park - 137.0 Fox Mill Estates
Fox Mill Woods,Week5,Crosspointe,Week5,236.0 Crosspointe - 166.0 Fox Mill Woods
Fox Mill Estates,Week3,Lincolnia Park,Week2,296.0 Fox Mill Estates - 95.0 Lincolnia Park
Fox Mill Estates,Week1,Newington Forest,Week2,224.0 Fox Mill Estates - 176.0 Newington Forest
Fox Mill Estates,Week2,Lincolnia Park,Week5,245.0 Fox Mill Estates - 148.0 Lincolnia Park
Fox Mill Estates,Week4,High Point Pool,Week3,231.0 High Point Pool - 171.0 Fox Mill Estates
Fox Mill Estates,Week2,Lincolnia Park,Week4,273.0 Fox Mill Estates - 125.0 Lincolnia Park
Fox Mill Estates,Week4,Mount Vernon Park,Week4,284.0 Mount Vernon Park - 118.0 Fox Mill Estates
Fox Mill Estates,Week1,Brandywine,Week4,254.0 Brandywine - 148.0 Fox Mill Estates
Fox Mill Estates,Week1,Highland Park,Week4,258.0 Highland Park - 144.0 Fox Mill Estates
Fox Mill Woods,Week3,Arlington Forest,Week4,225.0 Fox Mill Woods - 177.0 Arlington Forest
Fox Mill Estates,Week5,Arlington Forest,Week2,231.0 Arlington Forest - 171.0 Fox Mill Estates
Fox Mill Woods,Week2,Arlington Forest,Week2,250.0 Fox Mill Woods - 152.0 Arlington Forest
Fox Mill Woods,Week2,Arlington Forest,Week5,219.0 Fox Mill Woods - 183.0 Arlington Forest
Fox Mill Woods,Week1,Daventry,Week1,342.5 Fox Mill Woods - 59.5 Daventry
Fox Mill Woods,Week1,Daventry,Week3,341.5 Fox Mill Woods - 60.5 Daventry
Fox Mill Woods,Week2,Arlington Forest,Week4,224.0 Fox Mill Woods - 178.0 Arlington Forest
Fox Mill Estates,Week3,Lincolnia Park,Week1,284.0 Fox Mill Estates - 117.0 Lincolnia Park
Fox Mill Woods,Week2,Daventry,Week1,339.0 Fox Mill Woods - 63.0 Daventry
Fox Mill Estates,Week5,High Point Pool,Week1,252.0 High Point Pool - 150.0 Fox Mill Estates
Fox Mill Estates,Week4,Newington Forest,Week2,257.0 Fox Mill Estates - 141.0 Newington Forest
Fox Mill Estates,Week1,Brandywine,Week3,252.0 Brandywine - 145.0 Fox Mill Estates
Fox Mill Estates,Week5,Mount Vernon Park,Week4,289.0 Mount Vernon Park - 113.0 Fox Mill Estates
Fox Mill Woods,Week4,Crosspointe,Week5,244.0 Crosspointe - 158.0 Fox Mill Woods
Fox Mill Woods,Week4,Arlington Forest,Week1,262.0 Fox Mill Woods - 140.0 Arlington Forest
Fox Mill Estates,Week2,Lincolnia Park,Week3,253.0 Fox Mill Estates - 140.0 Lincolnia Park
Fox Mill Estates,Week4,Arlington Forest,Week3,210.0 Fox Mill Estates - 192.0 Arlington Forest
Fox Mill Estates,Week4,Arlington Forest,Week5,253.0 Arlington Forest - 149.0 Fox Mill Estates
Fox Mill Woods,Week4,Daventry,Week2,344.0 Fox Mill Woods - 58.0 Daventry
Fox Mill Estates,Week4,Mount Vernon Park,Week2,279.0 Mount Vernon Park - 123.0 Fox Mill Estates
Fox Mill Woods,Week5,Daventry,Week1,334.0 Fox Mill Woods - 68.0 Daventry
Fox Mill Estates,Week1,Highland Park,Week5,269.0 Highland Park - 133.0 Fox Mill Estates
Fox Mill Woods,Week5,Crosspointe,Week1,213.0 Crosspointe - 189.0 Fox Mill Woods
Fox Mill Woods,Week3,Arlington Forest,Week2,245.0 Fox Mill Woods - 157.0 Arlington Forest
Fox Mill Woods,Week2,Daventry,Week3,337.0 Fox Mill Woods - 65.0 Daventry
Fox Mill Estates,Week4,Lincolnia Park,Week2,310.0 Fox Mill Estates - 82.0 Lincolnia Park
Fox Mill Woods,Week4,Daventry,Week5,333.0 Fox Mill Woods - 69.0 Daventry
Fox Mill Estates,Week2,Brandywine,Week2,208.0 Brandywine - 194.0 Fox Mill Estates
Fox Mill Estates,Week4,Lincolnia Park,Week3,257.0 Fox Mill Estates - 135.0 Lincolnia Park
Fox Mill Estates,Week5,Arlington Forest,Week4,248.0 Arlington Forest - 154.0 Fox Mill Estates
Fox Mill Woods,Week3,Arlington Forest,Week5,219.0 Fox Mill Woods - 183.0 Arlington Forest
Fox Mill Woods,Week4,Arlington Forest,Week3,285.0 Fox Mill Woods - 117.0 Arlington Forest
Fox Mill Estates,Week5,Mount Vernon Park,Week5,321.0 Mount Vernon Park - 81.0 Fox Mill Estates
Fox Mill Estates,Week3,Mount Vernon Park,Week5,307.0 Mount Vernon Park - 94.0 Fox Mill Estates
Fox Mill Estates,Week5,Lincolnia Park,Week3,249.0 Fox Mill Estates - 144.0 Lincolnia Park
Fox Mill Estates,Week1,Highland Park,Week2,247.0 Highland Park - 155.0 Fox Mill Estates
Fox Mill Estates,Week4,High Point Pool,Week5,228.0 High Point Pool - 174.0 Fox Mill Estates
Fox Mill Estates,Week2,Highland Park,Week5,245.0 Highland Park - 157.0 Fox Mill Estates
Fox Mill Woods,Week3,Arlington Forest,Week3,276.5 Fox Mill Woods - 125.5 Arlington Forest
Fox Mill Estates,Week5,High Point Pool,Week3,252.0 High Point Pool - 150.0 Fox Mill Estates
Fox Mill Estates,Week4,Mount Vernon Park,Week3,292.0 Mount Vernon Park - 109.0 Fox Mill Estates
Fox Mill Estates,Week4,Mount Vernon Park,Week1,277.0 Mount Vernon Park - 125.0 Fox Mill Estates
Fox Mill Woods,Week4,Arlington Forest,Week2,276.0 Fox Mill Woods - 126.0 Arlington Forest
Fox Mill Estates,Week1,Newington Forest,Week5,214.0 Newington Forest - 188.0 Fox Mill Estates
Fox Mill Estates,Week3,Arlington Forest,Week4,260.0 Arlington Forest - 142.0 Fox Mill Estates
Fox Mill Woods,Week5,Arlington Forest,Week2,273.0 Fox Mill Woods - 129.0 Arlington Forest
Fox Mill Estates,Week4,Lincolnia Park,Week5,263.0 Fox Mill Estates - 129.0 Lincolnia Park
Fox Mill Estates,Week2,Brandywine,Week1,203.0 Fox Mill Estates - 199.0 Brandywine
Fox Mill Estates,Week1,Little Hunting Park,Week3,227.0 Fox Mill Estates - 175.0 Little Hunting Park
Fox Mill Estates,Week4,Lincolnia Park,Week1,292.0 Fox Mill Estates - 109.0 Lincolnia Park
Fox Mill Woods,Week4,Arlington Forest,Week4,243.0 Fox Mill Woods - 159.0 Arlington Forest
Fox Mill Woods,Week2,Daventry,Week4,347.0 Fox Mill Woods - 55.0 Daventry
Fox Mill Estates,Week1,Brandywine,Week5,274.5 Brandywine - 127.5 Fox Mill Estates
Fox Mill Estates,Week5,High Point Pool,Week2,257.0 High Point Pool - 145.0 Fox Mill Estates
Fox Mill Estates,Week5,High Point Pool,Week5,247.0 High Point Pool - 155.0 Fox Mill Estates
Fox Mill Woods,Week5,Daventry,Week2,331.0 Fox Mill Woods - 71.0 Daventry
Fox Mill Estates,Week2,Highland Park,Week3,218.5 Highland Park - 183.5 Fox Mill Estates
Fox Mill Estates,Week1,Little Hunting Park,Week1,210.0 Fox Mill Estates - 191.0 Little Hunting Park
Fox Mill Woods,Week5,Daventry,Week3,332.0 Fox Mill Woods - 70.0 Daventry
Fox Mill Woods,Week4,Arlington Forest,Week5,222.0 Fox Mill Woods - 180.0 Arlington Forest
Fox Mill Estates,Week1,Newington Forest,Week1,219.0 Fox Mill Estates - 182.0 Newington Forest
Fox Mill Estates,Week1,Little Hunting Park,Week2,210.0 Fox Mill Estates - 192.0 Little Hunting Park
Fox Mill Estates,Week3,Lincolnia Park,Week5,257.0 Fox Mill Estates - 135.0 Lincolnia Park
Fox Mill Estates,Week2,Brandywine,Week3,217.0 Brandywine - 185.0 Fox Mill Estates
Fox Mill Estates,Week2,Brandywine,Week4,231.0 Brandywine - 171.0 Fox Mill Estates
Fox Mill Woods,Week3,Daventry,Week1,331.0 Fox Mill Woods - 71.0 Daventry
Fox Mill Estates,Week2,Newington Forest,Week2,238.5 Fox Mill Estates - 161.5 Newington Forest
Fox Mill Estates,Week1,Highland Park,Week3,234.0 Highland Park - 168.0 Fox Mill Estates
Fox Mill Woods,Week5,Arlington Forest,Week1,269.5 Fox Mill Woods - 132.5 Arlington Forest
Fox Mill Estates,Week5,Mount Vernon Park,Week2,287.0 Mount Vernon Park - 115.0 Fox Mill Estates
Fox Mill Woods,Week5,Dominion Hills,Week1,282.0 Fox Mill Woods - 120.0 Dominion Hills
Fox Mill Estates,Week3,Highland Park,Week2,229.0 Highland Park - 173.0 Fox Mill Estates
Fox Mill Estates,Week3,Brandywine,Week2,217.0 Brandywine - 185.0 Fox Mill Estates
Fox Mill Estates,Week2,Newington Forest,Week1,236.0 Fox Mill Estates - 165.0 Newington Forest
Fox Mill Woods,Week2,Dominion Hills,Week2,264.0 Fox Mill Woods - 138.0 Dominion Hills
Fox Mill Estates,Week5,Mount Vernon Park,Week1,294.0 Mount Vernon Park - 108.0 Fox Mill Estates
Fox Mill Estates,Week5,Arlington Forest,Week3,214.0 Arlington Forest - 188.0 Fox Mill Estates
Fox Mill Woods,Week5,Arlington Forest,Week3,279.0 Fox Mill Woods - 123.0 Arlington Forest
Fox Mill Estates,Week1,Little Hunting Park,Week4,217.0 Fox Mill Estates - 185.0 Little Hunting Park
Fox Mill Estates,Week3,Highland Park,Week4,238.0 Highland Park - 164.0 Fox Mill Estates
Fox Mill Woods,Week3,Arlington Forest,Week1,258.0 Fox Mill Woods - 144.0 Arlington Forest
Fox Mill Estates,Week2,Lincolnia Park,Week2,286.0 Fox Mill Estates - 107.0 Lincolnia Park
Fox Mill Woods,Week1,Donaldson Run,Week1,232.0 Donaldson Run - 170.0 Fox Mill Woods
Fox Mill Estates,Week5,Arlington Forest,Week5,255.0 Arlington Forest - 147.0 Fox Mill Estates
Fox Mill Estates,Week3,Highland Park,Week3,225.0 Highland Park - 177.0 Fox Mill Estates
Fox Mill Estates,Week5,Lincolnia Park,Week2,282.0 Fox Mill Estates - 110.0 Lincolnia Park
Fox Mill Estates,Week3,Highland Park,Week5,239.0 Highland Park - 163.0 Fox Mill Estates
Fox Mill Estates,Week1,Brandywine,Week1,230.0 Brandywine - 172.0 Fox Mill Estates
Fox Mill Estates,Week4,Highland Park,Week2,204.0 Fox Mill Estates - 198.0 Highland Park
Fox Mill Estates,Week4,Highland Park,Week3,207.0 Fox Mill Estates - 195.0 Highland Park
Fox Mill Estates,Week5,Lincolnia Park,Week4,279.0 Fox Mill Estates - 123.0 Lincolnia Park
Fox Mill Estates,Week3,Newington Forest,Week1,235.0 Fox Mill Estates - 163.0 Newington Forest
Fox Mill Estates,Week3,Brandywine,Week3,227.0 Brandywine - 175.0 Fox Mill Estates
Fox Mill Estates,Week4,Lincolnia Park,Week4,291.0 Fox Mill Estates - 111.0 Lincolnia Park
Fox Mill Estates,Week3,Lincolnia Park,Week4,283.0 Fox Mill Estates - 117.0 Lincolnia Park
Fox Mill Estates,Week1,Lincolnia Park,Week5,218.0 Fox Mill Estates - 174.0 Lincolnia Park
Fox Mill Estates,Week1,Newington Forest,Week4,203.0 Newington Forest - 199.0 Fox Mill Estates
Fox Mill Estates,Week4,Highland Park,Week4,205.0 Highland Park - 197.0 Fox Mill Estates
Fox Mill Woods,Week4,Dominion Hills,Week1,290.0 Fox Mill Woods - 112.0 Dominion Hills
Fox Mill Estates,Week2,Newington Forest,Week3,247.0 Fox Mill Estates - 155.0 Newington Forest
Fox Mill Woods,Week3,Dominion Hills,Week2,259.0 Fox Mill Woods - 143.0 Dominion Hills
Fox Mill Estates,Week4,Brandywine,Week1,206.0 Brandywine - 196.0 Fox Mill Estates
Fox Mill Woods,Week2,Dominion Hills,Week3,288.0 Fox Mill Woods - 114.0 Dominion Hills
Fox Mill Estates,Week3,Highland Park,Week1,244.0 Highland Park - 158.0 Fox Mill Estates
Fox Mill Estates,Week4,Arlington Forest,Week4,246.0 Arlington Forest - 156.0 Fox Mill Estates
Fox Mill Woods,Week1,Donaldson Run,Week4,250.5 Donaldson Run - 151.5 Fox Mill Woods
Fox Mill Estates,Week3,Lincolnia Park,Week3,260.0 Fox Mill Estates - 132.0 Lincolnia Park
Fox Mill Estates,Week5,Highland Park,Week2,219.0 Highland Park - 183.0 Fox Mill Estates
Fox Mill Estates,Week3,Brandywine,Week4,232.0 Brandywine - 170.0 Fox Mill Estates
Fox Mill Estates,Week2,Newington Forest,Week5,207.0 Fox Mill Estates - 195.0 Newington Forest
Fox Mill Woods,Week2,Dominion Hills,Week5,231.0 Fox Mill Woods - 171.0 Dominion Hills
Fox Mill Estates,Week3,Newington Forest,Week2,241.0 Fox Mill Estates - 156.0 Newington Forest
Fox Mill Estates,Week2,Little Rocky Run,Week4,290.0 Little Rocky Run - 112.0 Fox Mill Estates
Fox Hunt,Week2,Virginia Hills,Week5,312.0 Fox Hunt - 90.0 Virginia Hills
Fox Mill Estates,Week5,Lincolnia Park,Week5,256.0 Fox Mill Estates - 137.0 Lincolnia Park
Fox Mill Woods,Week4,Dominion Hills,Week2,279.0 Fox Mill Woods - 123.0 Dominion Hills
Fox Mill Estates,Week1,Little Hunting Park,Week5,203.0 Little Hunting Park - 199.0 Fox Mill Estates
Fox Mill Estates,Week4,Newington Forest,Week5,228.0 Fox Mill Estates - 174.0 Newington Forest
Fox Mill Woods,Week1,Dominion Hills,Week1,288.0 Fox Mill Woods - 114.0 Dominion Hills
Fox Mill Woods,Week1,Dominion Hills,Week2,273.0 Fox Mill Woods - 129.0 Dominion Hills
Fox Mill Estates,Week2,Little Hunting Park,Week3,231.0 Fox Mill Estates - 171.0 Little Hunting Park
Fox Mill Estates,Week1,Highlands Swim,Week4,325.5 Highlands Swim - 76.5 Fox Mill Estates
Fox Mill Estates,Week2,Newington Forest,Week4,232.0 Fox Mill Estates - 170.0 Newington Forest
Fox Mill Estates,Week1,Hollin Hills,Week3,251.0 Fox Mill Estates - 151.0 Hollin Hills
Fox Mill Estates,Week2,Little Hunting Park,Week1,226.0 Fox Mill Estates - 175.0 Little Hunting Park
Fox Hunt,Week3,Virginia Hills,Week4,348.0 Fox Hunt - 54.0 Virginia Hills
Fox Mill Estates,Week2,North Springfield,Week5,255.0 Fox Mill Estates - 118.0 North Springfield
Fox Mill Estates,Week4,Highlands Swim,Week3,310.0 Highlands Swim - 92.0 Fox Mill Estates
Fox Mill Estates,Week3,North Springfield,Week3,286.0 Fox Mill Estates - 110.0 North Springfield
Fox Mill Estates,Week3,Newington Forest,Week3,241.5 Fox Mill Estates - 160.5 Newington Forest
Fox Mill Woods,Week5,Dominion Hills,Week2,266.0 Fox Mill Woods - 136.0 Dominion Hills
Fox Mill Estates,Week1,Hollin Hills,Week1,274.0 Fox Mill Estates - 128.0 Hollin Hills
Fox Mill Estates,Week3,Highlands Swim,Week2,321.0 Highlands Swim - 81.0 Fox Mill Estates
Fox Hunt,Week3,Virginia Hills,Week2,348.0 Fox Hunt - 54.0 Virginia Hills
Fox Mill Estates,Week3,Little Hunting Park,Week1,226.5 Fox Mill Estates - 171.5 Little Hunting Park
Fox Mill Estates,Week3,Newington Forest,Week4,236.0 Fox Mill Estates - 166.0 Newington Forest
Fox Hunt,Week4,Virginia Hills,Week2,344.5 Fox Hunt - 56.5 Virginia Hills
Fox Mill Estates,Week2,Highlands Swim,Week5,328.0 Highlands Swim - 74.0 Fox Mill Estates
Fox Hunt,Week5,Virginia Hills,Week3,356.0 Fox Hunt - 46.0 Virginia Hills
Fox Mill Woods,Week2,Dominion Hills,Week4,250.0 Fox Mill Woods - 152.0 Dominion Hills
Fox Mill Woods,Week2,Dominion Hills,Week1,277.0 Fox Mill Woods - 125.0 Dominion Hills
Fox Mill Estates,Week2,Highlands Swim,Week4,310.0 Highlands Swim - 92.0 Fox Mill Estates
Fox Hunt,Week2,Virginia Run,Week2,222.0 Virginia Run - 180.0 Fox Hunt
Fox Mill Estates,Week3,Highlands Swim,Week4,307.0 Highlands Swim - 95.0 Fox Mill Estates
Fox Mill Woods,Week1,Dominion Hills,Week4,256.0 Fox Mill Woods - 146.0 Dominion Hills
Fox Hunt,Week4,Virginia Hills,Week3,341.0 Fox Hunt - 61.0 Virginia Hills
Fox Mill Estates,Week1,Little Rocky Run,Week1,294.0 Little Rocky Run - 108.0 Fox Mill Estates
Fox Mill Estates,Week1,Hollin Hills,Week4,262.0 Fox Mill Estates - 140.0 Hollin Hills
Fox Hunt,Week5,Virginia Hills,Week2,370.0 Fox Hunt - 31.0 Virginia Hills
Fox Hunt,Week1,Virginia Run,Week5,254.5 Virginia Run - 147.5 Fox Hunt
Fox Mill Estates,Week3,Little Hunting Park,Week2,224.0 Fox Mill Estates - 177.0 Little Hunting Park
Fox Mill Woods,Week1,Dominion Hills,Week5,240.0 Fox Mill Woods - 162.0 Dominion Hills
Fox Mill Estates,Week5,Highlands Swim,Week4,309.0 Highlands Swim - 93.0 Fox Mill Estates
Fox Mill Estates,Week4,Brandywine,Week3,231.0 Brandywine - 171.0 Fox Mill Estates
Fox Hunt,Week2,Virginia Hills,Week4,340.0 Fox Hunt - 62.0 Virginia Hills
Fox Mill Estates,Week4,Newington Forest,Week1,260.0 Fox Mill Estates - 141.0 Newington Forest
Fox Mill Woods,Week3,Dominion Hills,Week5,230.0 Fox Mill Woods - 172.0 Dominion Hills
Fox Hunt,Week2,Virginia Hills,Week1,342.0 Fox Hunt - 60.0 Virginia Hills
Fox Mill Estates,Week3,North Springfield,Week4,292.0 Fox Mill Estates - 99.0 North Springfield
Fox Mill Woods,Week3,Dominion Hills,Week1,271.0 Fox Mill Woods - 131.0 Dominion Hills
Fox Mill Estates,Week3,Little Hunting Park,Week3,246.0 Fox Mill Estates - 156.0 Little Hunting Park
Fox Mill Estates,Week2,Little Hunting Park,Week5,211.0 Fox Mill Estates - 190.0 Little Hunting Park
Fox Mill Estates,Week3,Highlands Swim,Week5,325.0 Highlands Swim - 77.0 Fox Mill Estates
Fox Mill Estates,Week4,North Springfield,Week2,308.0 Fox Mill Estates - 80.0 North Springfield
Fox Mill Estates,Week4,Mount Vernon Park,Week5,296.0 Mount Vernon Park - 106.0 Fox Mill Estates
Fox Mill Estates,Week5,Mount Vernon Park,Week3,300.0 Mount Vernon Park - 102.0 Fox Mill Estates
Fox Mill Estates,Week3,Little Hunting Park,Week5,216.0 Fox Mill Estates - 186.0 Little Hunting Park
Fox Mill Woods,Week3,Dominion Hills,Week3,266.0 Fox Mill Woods - 136.0 Dominion Hills
Fox Mill Estates,Week1,Highlands Swim,Week5,338.0 Highlands Swim - 64.0 Fox Mill Estates
Fox Mill Estates,Week3,North Springfield,Week1,283.0 Fox Mill Estates - 68.0 North Springfield
Fox Hunt,Week3,Virginia Hills,Week1,339.0 Fox Hunt - 63.0 Virginia Hills
Fox Mill Woods,Week5,Dominion Hills,Week4,257.0 Fox Mill Woods - 145.0 Dominion Hills
Fox Mill Estates,Week1,Highlands Swim,Week3,327.0 Highlands Swim - 75.0 Fox Mill Estates
Fox Mill Estates,Week5,Highland Park,Week4,230.0 Highland Park - 172.0 Fox Mill Estates
Fox Mill Estates,Week4,Little Hunting Park,Week2,251.0 Fox Mill Estates - 151.0 Little Hunting Park
Fox Mill Estates,Week3,North Springfield,Week2,287.0 Fox Mill Estates - 101.0 North Springfield
Fox Mill Estates,Week1,North Springfield,Week2,267.0 Fox Mill Estates - 121.0 North Springfield
Fox Mill Woods,Week1,Dominion Hills,Week3,282.0 Fox Mill Woods - 120.0 Dominion Hills
Fox Mill Woods,Week5,Dominion Hills,Week3,272.0 Fox Mill Woods - 130.0 Dominion Hills
Fox Mill Estates,Week5,Highlands Swim,Week2,306.0 Highlands Swim - 96.0 Fox Mill Estates
Fox Mill Estates,Week1,Little Rocky Run,Week2,289.0 Little Rocky Run - 113.0 Fox Mill Estates
Fox Mill Woods,Week4,Dominion Hills,Week4,236.0 Fox Mill Woods - 166.0 Dominion Hills
Fox Mill Estates,Week2,North Springfield,Week2,277.0 Fox Mill Estates - 111.0 North Springfield
Fox Hunt,Week4,Virginia Hills,Week4,340.0 Fox Hunt - 62.0 Virginia Hills
Fox Mill Estates,Week2,Little Rocky Run,Week2,271.0 Little Rocky Run - 131.0 Fox Mill Estates
Fox Hunt,Week2,Virginia Hills,Week2,353.0 Fox Hunt - 47.0 Virginia Hills
Fox Mill Estates,Week5,Little Hunting Park,Week1,228.0 Fox Mill Estates - 174.0 Little Hunting Park
Fox Hunt,Week2,Virginia Hills,Week3,342.0 Fox Hunt - 60.0 Virginia Hills
Fox Mill Estates,Week5,Little Rocky Run,Week4,287.0 Little Rocky Run - 115.0 Fox Mill Estates
Fox Mill Estates,Week5,Little Rocky Run,Week5,293.0 Little Rocky Run - 109.0 Fox Mill Estates
Fox Mill Estates,Week3,North Springfield,Week5,259.0 Fox Mill Estates - 114.0 North Springfield
Fox Hunt,Week2,Poplar Tree,Week2,229.0 Poplar Tree - 168.0 Fox Hunt
Fox Mill Estates,Week2,Highlands Swim,Week2,319.0 Highlands Swim - 83.0 Fox Mill Estates
Fox Hunt,Week1,Virginia Run,Week4,233.0 Virginia Run - 169.0 Fox Hunt
Fox Mill Woods,Week4,Dominion Hills,Week3,278.0 Fox Mill Woods - 124.0 Dominion Hills
Fox Mill Estates,Week4,Newington Forest,Week4,249.0 Fox Mill Estates - 153.0 Newington Forest
Fox Hunt,Week1,Virginia Run,Week1,245.0 Virginia Run - 157.0 Fox Hunt
Fox Hunt,Week4,Virginia Hills,Week1,343.0 Fox Hunt - 59.0 Virginia Hills
Fox Mill Estates,Week5,Little Rocky Run,Week1,261.0 Little Rocky Run - 141.0 Fox Mill Estates
Fox Mill Estates,Week4,Little Hunting Park,Week4,254.0 Fox Mill Estates - 148.0 Little Hunting Park
Fox Mill Woods,Week3,Dominion Hills,Week4,229.0 Fox Mill Woods - 173.0 Dominion Hills
Fox Mill Estates,Week4,Highlands Swim,Week4,300.0 Highlands Swim - 102.0 Fox Mill Estates
Fox Mill Estates,Week5,Newington Forest,Week3,261.5 Fox Mill Estates - 140.5 Newington Forest
Fox Mill Estates,Week4,Highlands Swim,Week2,304.0 Highlands Swim - 98.0 Fox Mill Estates
Fox Mill Estates,Week4,Little Rocky Run,Week4,275.0 Little Rocky Run - 127.0 Fox Mill Estates
Fox Hunt,Week5,Virginia Hills,Week5,336.0 Fox Hunt - 66.0 Virginia Hills
Fox Mill Estates,Week5,North Springfield,Week2,291.0 Fox Mill Estates - 97.0 North Springfield
Fox Hunt,Week5,Poplar Tree,Week2,203.0 Poplar Tree - 199.0 Fox Hunt
Fox Mill Woods,Week5,Daventry,Week5,317.0 Fox Mill Woods - 84.0 Daventry
Fox Mill Estates,Week4,North Springfield,Week5,273.0 Fox Mill Estates - 97.0 North Springfield
Fox Mill Estates,Week3,Highlands Swim,Week3,316.0 Highlands Swim - 86.0 Fox Mill Estates
Fox Mill Woods,Week4,Dominion Hills,Week5,249.0 Fox Mill Woods - 153.0 Dominion Hills
Fox Mill Estates,Week2,North Springfield,Week3,260.0 Fox Mill Estates - 137.0 North Springfield
Fox Hunt,Week4,Poplar Tree,Week3,230.0 Poplar Tree - 172.0 Fox Hunt
Fox Mill Estates,Week3,Little Hunting Park,Week4,239.0 Fox Mill Estates - 162.0 Little Hunting Park
Fox Mill Estates,Week1,Little Rocky Run,Week3,319.0 Little Rocky Run - 83.0 Fox Mill Estates
Fox Hunt,Week1,Virginia Hills,Week4,330.0 Fox Hunt - 72.0 Virginia Hills
Fox Mill Estates,Week1,North Springfield,Week1,275.0 Fox Mill Estates - 76.0 North Springfield
Fox Hunt,Week4,Virginia Hills,Week5,306.0 Fox Hunt - 95.0 Virginia Hills
Fox Mill Estates,Week1,North Springfield,Week4,272.0 Fox Mill Estates - 119.0 North Springfield
Fox Mill Estates,Week5,Highlands Swim,Week1,298.0 Highlands Swim - 104.0 Fox Mill Estates
Fox Mill Estates,Week1,Little Rocky Run,Week4,315.0 Little Rocky Run - 87.0 Fox Mill Estates
Fox Mill Estates,Week1,Highlands Swim,Week2,336.0 Highlands Swim - 66.0 Fox Mill Estates
Fox Mill Estates,Week1,North Springfield,Week3,251.0 Fox Mill Estates - 145.0 North Springfield
Fox Mill Estates,Week5,Newington Forest,Week2,266.0 Fox Mill Estates - 136.0 Newington Forest
Fox Hunt,Week3,Poplar Tree,Week1,217.0 Poplar Tree - 185.0 Fox Hunt
Fox Mill Estates,Week5,Little Hunting Park,Week5,211.0 Fox Mill Estates - 190.0 Little Hunting Park
Fox Hunt,Week3,Virginia Hills,Week3,338.0 Fox Hunt - 64.0 Virginia Hills
Fox Mill Woods,Week3,Donaldson Run,Week3,259.0 Donaldson Run - 143.0 Fox Mill Woods
Fox Mill Woods,Week2,Donaldson Run,Week2,247.0 Donaldson Run - 155.0 Fox Mill Woods
Fox Mill Woods,Week2,Dowden Terrace,Week1,252.0 Fox Mill Woods - 149.0 Dowden Terrace
Fox Mill Estates,Week2,Highlands Swim,Week1,312.0 Highlands Swim - 90.0 Fox Mill Estates
Fox Mill Woods,Week5,Dominion Hills,Week5,245.0 Fox Mill Woods - 157.0 Dominion Hills
Fox Mill Estates,Week2,North Springfield,Week1,277.0 Fox Mill Estates - 73.0 North Springfield
Fox Hunt,Week1,Virginia Hills,Week5,311.0 Fox Hunt - 91.0 Virginia Hills
Fox Mill Estates,Week4,Newington Forest,Week3,265.0 Fox Mill Estates - 137.0 Newington Forest
Fox Mill Woods,Week3,Dowden Terrace,Week2,252.0 Fox Mill Woods - 150.0 Dowden Terrace
Fox Mill Estates,Week2,Little Rocky Run,Week3,303.0 Little Rocky Run - 99.0 Fox Mill Estates
Fox Mill Woods,Week1,Donaldson Run,Week3,232.0 Donaldson Run - 170.0 Fox Mill Woods
Fox Mill Estates,Week5,Highlands Swim,Week5,317.0 Highlands Swim - 85.0 Fox Mill Estates
Fox Mill Estates,Week3,Highlands Swim,Week1,308.0 Highlands Swim - 94.0 Fox Mill Estates
Fox Mill Woods,Week3,Donaldson Run,Week4,248.0 Donaldson Run - 154.0 Fox Mill Woods
Fox Mill Estates,Week5,Newington Forest,Week4,240.0 Fox Mill Estates - 162.0 Newington Forest
Fox Hunt,Week3,Virginia Hills,Week5,322.0 Fox Hunt - 80.0 Virginia Hills
Fox Hunt,Week3,Poplar Tree,Week5,243.0 Poplar Tree - 159.0 Fox Hunt
Fox Mill Estates,Week5,Highland Park,Week5,242.0 Highland Park - 160.0 Fox Mill Estates
Fox Hunt,Week1,Virginia Run,Week3,233.0 Virginia Run - 169.0 Fox Hunt
Fox Mill Estates,Week4,Little Rocky Run,Week5,295.0 Little Rocky Run - 107.0 Fox Mill Estates
Fox Hunt,Week2,Poplar Tree,Week5,259.0 Poplar Tree - 143.0 Fox Hunt
Fox Mill Estates,Week5,Little Hunting Park,Week4,232.0 Fox Mill Estates - 170.0 Little Hunting Park
Fox Mill Woods,Week1,Donaldson Run,Week5,259.0 Donaldson Run - 143.0 Fox Mill Woods
Fox Mill Estates,Week5,Little Hunting Park,Week2,237.0 Fox Mill Estates - 165.0 Little Hunting Park
Fox Mill Estates,Week2,Highlands Swim,Week3,311.0 Highlands Swim - 91.0 Fox Mill Estates
Fox Mill Woods,Week2,Donaldson Run,Week1,250.0 Donaldson Run - 152.0 Fox Mill Woods
Fox Mill Estates,Week1,North Springfield,Week5,255.0 Fox Mill Estates - 113.0 North Springfield
Fox Hunt,Week1,Poplar Tree,Week5,269.0 Poplar Tree - 133.0 Fox Hunt
Fox Mill Estates,Week4,Little Hunting Park,Week1,241.0 Fox Mill Estates - 161.0 Little Hunting Park
Fox Hunt,Week5,Virginia Hills,Week1,362.0 Fox Hunt - 40.0 Virginia Hills
Fox Hunt,Week2,Poplar Tree,Week3,245.0 Poplar Tree - 157.0 Fox Hunt
Fox Hunt,Week3,Poplar Tree,Week2,201.0 Poplar Tree - 196.0 Fox Hunt
Fox Hunt,Week4,Poplar Tree,Week4,212.5 Poplar Tree - 189.5 Fox Hunt
Fox Mill Estates,Week1,Highlands Swim,Week1,313.0 Highlands Swim - 89.0 Fox Mill Estates
Fox Mill Estates,Week4,Highlands Swim,Week1,290.0 Highlands Swim - 112.0 Fox Mill Estates
Fox Mill Estates,Week4,Highlands Swim,Week5,310.0 Highlands Swim - 92.0 Fox Mill Estates
Fox Mill Woods,Week1,Donaldson Run,Week2,237.0 Donaldson Run - 165.0 Fox Mill Woods
Fox Hunt,Week2,Poplar Tree,Week4,227.5 Poplar Tree - 174.5 Fox Hunt
Fox Hunt,Week5,Virginia Hills,Week4,358.5 Fox Hunt - 43.5 Virginia Hills
Fox Hunt,Week1,Virginia Run,Week2,238.0 Virginia Run - 164.0 Fox Hunt
Fox Hunt,Week4,Poplar Tree,Week5,262.0 Poplar Tree - 140.0 Fox Hunt
Fox Mill Estates,Week1,Fair Oaks ,Week4,277.0 Fair Oaks - 125.0 Fox Mill Estates
Fox Hunt,Week2,Virginia Run,Week5,248.0 Virginia Run - 154.0 Fox Hunt
Fox Mill Estates,Week1,Hollin Hills,Week2,273.0 Fox Mill Estates - 123.0 Hollin Hills
Fox Mill Estates,Week2,North Springfield,Week4,280.0 Fox Mill Estates - 111.0 North Springfield
Fox Mill Estates,Week5,Highlands Swim,Week3,305.0 Highlands Swim - 97.0 Fox Mill Estates
Fox Hunt,Week2,Virginia Run,Week1,237.0 Virginia Run - 165.0 Fox Hunt
Fox Hunt,Week2,Wakefield Chapel,Week5,309.0 Wakefield Chapel - 93.0 Fox Hunt
Fox Mill Estates,Week4,Little Hunting Park,Week5,223.5 Fox Mill Estates - 178.5 Little Hunting Park
Fox Mill Woods,Week4,Donaldson Run,Week4,232.5 Donaldson Run - 169.5 Fox Mill Woods
Fox Hunt,Week1,Wakefield Chapel,Week4,282.0 Wakefield Chapel - 120.0 Fox Hunt
Fox Mill Woods,Week4,Donaldson Run,Week2,221.0 Donaldson Run - 181.0 Fox Mill Woods
Fox Hunt,Week4,Poplar Tree,Week2,228.0 Poplar Tree - 174.0 Fox Hunt
Fox Hunt,Week5,Poplar Tree,Week1,206.0 Poplar Tree - 196.0 Fox Hunt
Fox Mill Estates,Week4,North Springfield,Week1,294.0 Fox Mill Estates - 57.0 North Springfield
Fox Mill Woods,Week2,Donaldson Run,Week5,267.0 Donaldson Run - 135.0 Fox Mill Woods
Fox Mill Estates,Week4,Little Hunting Park,Week3,259.0 Fox Mill Estates - 142.0 Little Hunting Park
Fox Mill Estates,Week5,Newington Forest,Week1,258.0 Fox Mill Estates - 144.0 Newington Forest
Fox Hunt,Week3,Poplar Tree,Week4,202.0 Fox Hunt - 200.0 Poplar Tree
Fox Mill Estates,Week1,Little Rocky Run,Week5,312.0 Little Rocky Run - 90.0 Fox Mill Estates
Fox Mill Estates,Week2,Little Rocky Run,Week1,277.0 Little Rocky Run - 125.0 Fox Mill Estates
Fox Mill Estates,Week4,North Springfield,Week4,306.0 Fox Mill Estates - 84.0 North Springfield
Fox Mill Estates,Week5,Fair Oaks ,Week3,239.0 Fair Oaks - 163.0 Fox Mill Estates
Fox Hunt,Week2,Ravensworth Farm,Week3,251.0 Ravensworth Farm - 151.0 Fox Hunt
Fox Hunt,Week4,Ravensworth Farm,Week1,224.0 Ravensworth Farm - 178.0 Fox Hunt
Fox Hunt,Week5,Poplar Tree,Week3,217.0 Poplar Tree - 185.0 Fox Hunt
Fox Mill Estates,Week4,Fair Oaks ,Week1,222.0 Fair Oaks - 180.0 Fox Mill Estates
Fox Hunt,Week4,Virginia Run,Week3,217.0 Virginia Run - 185.0 Fox Hunt
Fox Mill Woods,Week2,Donaldson Run,Week3,256.0 Donaldson Run - 146.0 Fox Mill Woods
Fox Mill Estates,Week5,Newington Forest,Week5,226.0 Fox Mill Estates - 176.0 Newington Forest
Fox Hunt,Week5,Virginia Run,Week1,202.0 Virginia Run - 200.0 Fox Hunt
Fox Mill Estates,Week5,North Springfield,Week1,282.0 Fox Mill Estates - 69.0 North Springfield
Fox Mill Woods,Week5,Donaldson Run,Week2,233.0 Donaldson Run - 169.0 Fox Mill Woods
Fox Hunt,Week1,Ravensworth Farm,Week2,219.0 Ravensworth Farm - 183.0 Fox Hunt
Fox Mill Woods,Week4,Donaldson Run,Week1,227.0 Donaldson Run - 175.0 Fox Mill Woods
Fox Mill Woods,Week5,Donaldson Run,Week1,222.0 Donaldson Run - 180.0 Fox Mill Woods
Fox Mill Estates,Week4,Fair Oaks ,Week4,228.0 Fair Oaks - 174.0 Fox Mill Estates
Fox Hunt,Week2,Virginia Run,Week4,229.0 Virginia Run - 173.0 Fox Hunt
Fox Mill Estates,Week5,Little Hunting Park,Week3,239.0 Fox Mill Estates - 163.0 Little Hunting Park
Fox Mill Estates,Week2,Little Rocky Run,Week5,298.0 Little Rocky Run - 104.0 Fox Mill Estates
Fox Hunt,Week5,Virginia Run,Week3,205.0 Fox Hunt - 197.0 Virginia Run
Fox Mill Estates,Week3,Fair Oaks ,Week3,241.0 Fair Oaks - 161.0 Fox Mill Estates
Fox Mill Estates,Week5,North Springfield,Week3,281.0 Fox Mill Estates - 115.0 North Springfield
Fox Mill Estates,Week3,Little Rocky Run,Week5,303.0 Little Rocky Run - 99.0 Fox Mill Estates
Fox Mill Estates,Week1,Long Branch,Week2,204.0 Long Branch - 198.0 Fox Mill Estates
Fox Hunt,Week4,Virginia Run,Week2,219.0 Virginia Run - 183.0 Fox Hunt
Fox Mill Estates,Week3,Little Rocky Run,Week4,290.0 Little Rocky Run - 112.0 Fox Mill Estates
Fox Mill Estates,Week4,Little Rocky Run,Week1,265.0 Little Rocky Run - 137.0 Fox Mill Estates
Fox Mill Estates,Week4,North Springfield,Week3,298.0 Fox Mill Estates - 98.0 North Springfield
Fox Hunt,Week5,Virginia Run,Week5,224.0 Virginia Run - 178.0 Fox Hunt
Fox Hunt,Week1,Poplar Tree,Week4,230.0 Poplar Tree - 172.0 Fox Hunt
Fox Mill Estates,Week3,Little Rocky Run,Week2,277.0 Little Rocky Run - 125.0 Fox Mill Estates
Fox Mill Estates,Week5,North Springfield,Week4,291.0 Fox Mill Estates - 100.0 North Springfield
Fox Mill Woods,Week3,Donaldson Run,Week5,277.0 Donaldson Run - 125.0 Fox Mill Woods
Fox Hunt,Week2,Poplar Tree,Week1,241.0 Poplar Tree - 161.0 Fox Hunt
Fox Mill Estates,Week4,Fair Oaks ,Week3,224.0 Fair Oaks - 178.0 Fox Mill Estates
Fox Hunt,Week1,Wakefield Chapel,Week1,295.0 Wakefield Chapel - 107.0 Fox Hunt
Fox Mill Estates,Week5,Oakton ,Week3,290.0 Oakton - 112.0 Fox Mill Estates
Fox Hunt,Week2,Wakefield Chapel,Week1,299.0 Wakefield Chapel - 103.0 Fox Hunt
Fox Mill Estates,Week3,Little Rocky Run,Week1,278.0 Little Rocky Run - 124.0 Fox Mill Estates
Fox Hunt,Week3,Poplar Tree,Week3,227.0 Poplar Tree - 175.0 Fox Hunt
Fox Hunt,Week2,Wakefield Chapel,Week3,291.0 Wakefield Chapel - 111.0 Fox Hunt
Fox Mill Woods,Week3,Donaldson Run,Week2,262.0 Donaldson Run - 140.0 Fox Mill Woods
Fox Mill Estates,Week5,Fair Oaks ,Week1,244.0 Fair Oaks - 158.0 Fox Mill Estates
Fox Hunt,Week3,Ravensworth Farm,Week5,226.0 Ravensworth Farm - 176.0 Fox Hunt
Fox Mill Estates,Week5,Little Rocky Run,Week3,294.0 Little Rocky Run - 108.0 Fox Mill Estates
Fox Mill Woods,Week1,Dowden Terrace,Week3,269.0 Fox Mill Woods - 133.0 Dowden Terrace
Fox Mill Estates,Week1,Fair Oaks ,Week5,276.0 Fair Oaks - 126.0 Fox Mill Estates
Fox Mill Estates,Week1,Fair Oaks ,Week2,242.0 Fair Oaks - 160.0 Fox Mill Estates
Fox Mill Estates,Week1,Oakton ,Week2,312.0 Oakton - 90.0 Fox Mill Estates
Fox Mill Estates,Week2,Oakton ,Week4,294.0 Oakton - 108.0 Fox Mill Estates
Fox Mill Estates,Week1,Old Keene Mill,Week1,226.0 Fox Mill Estates - 176.0 Old Keene Mill
Fox Mill Woods,Week2,Donaldson Run,Week4,253.0 Donaldson Run - 149.0 Fox Mill Woods
Fox Hunt,Week1,Riverside Gardens,Week2,259.5 Riverside Gardens - 142.5 Fox Hunt
Fox Hunt,Week4,Poplar Tree,Week1,234.0 Poplar Tree - 168.0 Fox Hunt
Fox Mill Estates,Week5,Fair Oaks ,Week5,255.0 Fair Oaks - 147.0 Fox Mill Estates
Fox Mill Estates,Week2,Fairfax,Week1,269.0 Fairfax - 133.0 Fox Mill Estates
Fox Mill Woods,Week4,Donaldson Run,Week5,264.0 Donaldson Run - 138.0 Fox Mill Woods
Fox Mill Woods,Week5,Donaldson Run,Week5,249.0 Donaldson Run - 153.0 Fox Mill Woods
Fox Mill Woods,Week1,Dowden Terrace,Week1,272.0 Fox Mill Woods - 129.0 Dowden Terrace
Fox Hunt,Week3,Virginia Run,Week5,236.0 Virginia Run - 166.0 Fox Hunt
Fox Mill Estates,Week3,Little Rocky Run,Week3,296.0 Little Rocky Run - 106.0 Fox Mill Estates
Fox Mill Estates,Week1,Fair Oaks ,Week3,269.0 Fair Oaks - 133.0 Fox Mill Estates
Fox Mill Estates,Week4,Little Rocky Run,Week3,291.0 Little Rocky Run - 111.0 Fox Mill Estates
Fox Hunt,Week3,Virginia Run,Week2,206.0 Virginia Run - 196.0 Fox Hunt
Fox Hunt,Week4,Virginia Run,Week1,240.0 Virginia Run - 162.0 Fox Hunt
Fox Mill Estates,Week5,Little Rocky Run,Week2,283.0 Little Rocky Run - 119.0 Fox Mill Estates
Fox Mill Estates,Week1,Old Keene Mill,Week5,219.0 Old Keene Mill - 183.0 Fox Mill Estates
Fox Hunt,Week5,Ravensworth Farm,Week3,213.0 Ravensworth Farm - 189.0 Fox Hunt
Fox Hunt,Week5,Ravensworth Farm,Week4,213.0 Ravensworth Farm - 189.0 Fox Hunt
Fox Mill Estates,Week5,North Springfield,Week5,259.0 Fox Mill Estates - 115.0 North Springfield
Fox Mill Estates,Week4,Fair Oaks ,Week2,203.0 Fair Oaks - 199.0 Fox Mill Estates
Fox Mill Estates,Week4,Little Rocky Run,Week2,270.0 Little Rocky Run - 132.0 Fox Mill Estates
Fox Mill Estates,Week1,Oakton ,Week1,300.0 Oakton - 102.0 Fox Mill Estates
Fox Mill Woods,Week1,Dowden Terrace,Week2,256.0 Fox Mill Woods - 146.0 Dowden Terrace
Fox Mill Estates,Week3,Fair Oaks ,Week5,251.0 Fair Oaks - 151.0 Fox Mill Estates
Fox Hunt,Week5,Ravensworth Farm,Week2,209.0 Fox Hunt - 193.0 Ravensworth Farm
Fox Mill Estates,Week3,Oakton ,Week1,272.0 Oakton - 130.0 Fox Mill Estates
Fox Mill Woods,Week5,Donaldson Run,Week4,228.0 Donaldson Run - 174.0 Fox Mill Woods
Fox Hunt,Week1,Wakefield Chapel,Week2,289.0 Wakefield Chapel - 113.0 Fox Hunt
Fox Mill Estates,Week1,Long Branch,Week4,229.0 Long Branch - 173.0 Fox Mill Estates
Fox Mill Woods,Week1,Dowden Terrace,Week5,239.0 Fox Mill Woods - 163.0 Dowden Terrace
Fox Hunt,Week1,Ravensworth Farm,Week1,233.0 Ravensworth Farm - 169.0 Fox Hunt
Fox Hunt,Week3,Virginia Run,Week1,225.0 Virginia Run - 177.0 Fox Hunt
Fox Mill Estates,Week3,Fair Oaks ,Week2,219.0 Fair Oaks - 183.0 Fox Mill Estates
Fox Hunt,Week1,Wakefield Chapel,Week5,309.5 Wakefield Chapel - 92.5 Fox Hunt
Fox Mill Estates,Week2,Fair Oaks ,Week5,254.0 Fair Oaks - 148.0 Fox Mill Estates
Fox Mill Estates,Week2,Long Branch,Week4,202.0 Long Branch - 200.0 Fox Mill Estates
Fox Hunt,Week1,Wakefield Chapel,Week3,296.0 Wakefield Chapel - 106.0 Fox Hunt
Fox Mill Estates,Week2,Oakton ,Week1,283.0 Oakton - 119.0 Fox Mill Estates
Fox Mill Woods,Week2,Dowden Terrace,Week3,265.0 Fox Mill Woods - 137.0 Dowden Terrace
Fox Mill Estates,Week5,Fair Oaks ,Week4,253.0 Fair Oaks - 149.0 Fox Mill Estates
Fox Mill Estates,Week3,Old Keene Mill,Week1,255.0 Fox Mill Estates - 147.0 Old Keene Mill
Fox Hunt,Week1,Ravensworth Farm,Week3,252.0 Ravensworth Farm - 150.0 Fox Hunt
Fox Mill Woods,Week2,Dowden Terrace,Week2,250.0 Fox Mill Woods - 152.0 Dowden Terrace
Fox Mill Estates,Week1,Oakton ,Week3,303.0 Oakton - 99.0 Fox Mill Estates
Fox Hunt,Week5,Poplar Tree,Week4,206.0 Poplar Tree - 196.0 Fox Hunt
Fox Mill Estates,Week1,Fairfax,Week1,281.0 Fairfax - 121.0 Fox Mill Estates
Fox Mill Estates,Week1,Long Branch,Week3,203.0 Fox Mill Estates - 199.0 Long Branch
Fox Mill Woods,Week3,Donaldson Run,Week1,247.0 Donaldson Run - 155.0 Fox Mill Woods
Fox Mill Estates,Week5,Cottontail,Week3,212.0 Fox Mill Estates - 190.0 Cottontail
Fox Hunt,Week3,Virginia Run,Week3,210.0 Virginia Run - 192.0 Fox Hunt
Fox Mill Woods,Week2,Dowden Terrace,Week4,240.0 Fox Mill Woods - 162.0 Dowden Terrace
Fox Hunt,Week1,Ravensworth Farm,Week4,234.0 Ravensworth Farm - 168.0 Fox Hunt
Fox Mill Estates,Week3,Cottontail,Week1,205.0 Fox Mill Estates - 197.0 Cottontail
Fox Hunt,Week5,Virginia Run,Week2,205.0 Fox Hunt - 197.0 Virginia Run
Fox Mill Estates,Week1,Long Branch,Week1,215.0 Long Branch - 187.0 Fox Mill Estates
Fox Mill Estates,Week5,Oakton ,Week4,288.0 Oakton - 114.0 Fox Mill Estates
Fox Mill Estates,Week4,Oakton ,Week1,269.0 Oakton - 133.0 Fox Mill Estates
Fox Mill Woods,Week1,Dowden Terrace,Week4,247.5 Fox Mill Woods - 154.5 Dowden Terrace
Fox Hunt,Week4,Virginia Run,Week4,223.0 Virginia Run - 179.0 Fox Hunt
Fox Mill Estates,Week2,Oakton ,Week3,293.0 Oakton - 109.0 Fox Mill Estates
Fox Hunt,Week5,Poplar Tree,Week5,237.0 Poplar Tree - 165.0 Fox Hunt
Fox Hunt,Week2,Ravensworth Farm,Week2,205.0 Ravensworth Farm - 196.0 Fox Hunt
Fox Mill Estates,Week5,Dunn Loring,Week4,291.0 Dunn Loring - 111.0 Fox Mill Estates
Fox Mill Estates,Week5,Dunn Loring,Week5,299.0 Dunn Loring - 103.0 Fox Mill Estates
Fox Mill Estates,Week3,Fair Oaks ,Week1,233.0 Fair Oaks - 169.0 Fox Mill Estates
Fox Mill Estates,Week2,Long Branch,Week3,229.0 Fox Mill Estates - 173.0 Long Branch
Fox Mill Estates,Week4,Cottontail,Week5,208.0 Fox Mill Estates - 194.0 Cottontail
Fox Hunt,Week2,Ravensworth Farm,Week1,231.0 Ravensworth Farm - 171.0 Fox Hunt
Fox Mill Woods,Week5,Donaldson Run,Week3,228.5 Donaldson Run - 173.5 Fox Mill Woods
Fox Hunt,Week2,Virginia Run,Week3,224.0 Virginia Run - 178.0 Fox Hunt
Fox Mill Estates,Week1,Long Branch,Week5,228.0 Long Branch - 174.0 Fox Mill Estates
Fox Mill Estates,Week4,Cottontail,Week1,211.0 Fox Mill Estates - 191.0 Cottontail
Fox Hunt,Week5,Virginia Run,Week4,204.0 Fox Hunt - 198.0 Virginia Run
Fox Mill Estates,Week2,Fair Oaks ,Week2,222.0 Fair Oaks - 180.0 Fox Mill Estates
Fox Mill Estates,Week3,Oakton ,Week3,295.0 Oakton - 107.0 Fox Mill Estates
Fox Mill Estates,Week1,Fairfax,Week2,309.0 Fairfax - 93.0 Fox Mill Estates
Fox Mill Estates,Week1,Country Club Hills,Week1,216.0 Country Club Hills - 186.0 Fox Mill Estates
Fox Mill Woods,Week2,Dowden Terrace,Week5,228.0 Fox Mill Woods - 174.0 Dowden Terrace
Fox Hunt,Week3,Ravensworth Farm,Week1,206.0 Ravensworth Farm - 196.0 Fox Hunt
Fox Hunt,Week3,Ravensworth Farm,Week2,212.0 Fox Hunt - 190.0 Ravensworth Farm
Fox Mill Estates,Week2,Oakton ,Week2,292.0 Oakton - 110.0 Fox Mill Estates
Fox Mill Estates,Week2,Oakton ,Week5,302.0 Oakton - 100.0 Fox Mill Estates
Fox Hunt,Week2,Ravensworth Farm,Week5,236.0 Ravensworth Farm - 166.0 Fox Hunt
Fox Mill Estates,Week3,Cottontail,Week2,205.0 Cottontail - 197.0 Fox Mill Estates
Fox Mill Woods,Week4,Donaldson Run,Week3,229.0 Donaldson Run - 173.0 Fox Mill Woods
Fox Mill Estates,Week3,Country Club Hills,Week1,220.0 Fox Mill Estates - 182.0 Country Club Hills
Fox Mill Estates,Week2,Fair Oaks ,Week1,241.0 Fair Oaks - 161.0 Fox Mill Estates
Fox Mill Woods,Week5,Dowden Terrace,Week5,243.0 Fox Mill Woods - 159.0 Dowden Terrace
Fox Hunt,Week1,Ravensworth Farm,Week5,244.0 Ravensworth Farm - 158.0 Fox Hunt
Fox Mill Woods,Week3,Dowden Terrace,Week1,253.0 Fox Mill Woods - 149.0 Dowden Terrace
Fox Mill Estates,Week4,Oakton ,Week3,286.0 Oakton - 116.0 Fox Mill Estates
Fox Mill Estates,Week1,Oakton ,Week5,322.0 Oakton - 80.0 Fox Mill Estates
Fox Hunt,Week3,Ravensworth Farm,Week4,215.0 Ravensworth Farm - 187.0 Fox Hunt
Fox Mill Estates,Week3,Oakton ,Week2,304.0 Oakton - 98.0 Fox Mill Estates
Fox Hunt,Week4,Virginia Run,Week5,241.0 Virginia Run - 161.0 Fox Hunt
Fox Mill Estates,Week2,Cottontail,Week5,213.0 Cottontail - 189.0 Fox Mill Estates
Fox Mill Estates,Week1,Oakton ,Week4,314.0 Oakton - 88.0 Fox Mill Estates
Fox Mill Estates,Week2,Fair Oaks ,Week4,247.0 Fair Oaks - 155.0 Fox Mill Estates
Fox Hunt,Week2,Ravensworth Farm,Week4,237.0 Ravensworth Farm - 165.0 Fox Hunt
Fox Hunt,Week3,Virginia Run,Week4,224.0 Virginia Run - 178.0 Fox Hunt
Fox Mill Estates,Week2,Long Branch,Week1,205.5 Fox Mill Estates - 196.5 Long Branch
Fox Mill Estates,Week2,Long Branch,Week2,218.0 Fox Mill Estates - 184.0 Long Branch
Fox Hunt,Week1,Vienna Aquatic,Week5,324.0 Vienna Aquatic - 78.0 Fox Hunt
Fox Mill Estates,Week2,Cottontail,Week3,202.0 Cottontail - 200.0 Fox Mill Estates
Fox Mill Estates,Week5,Fair Oaks ,Week2,221.0 Fair Oaks - 181.0 Fox Mill Estates
Fox Mill Estates,Week2,Long Branch,Week5,206.0 Long Branch - 196.0 Fox Mill Estates
Fox Hunt,Week2,Wakefield Chapel,Week2,275.0 Wakefield Chapel - 127.0 Fox Hunt
Fox Mill Woods,Week3,Dunn Loring,Week4,243.0 Dunn Loring - 159.0 Fox Mill Woods
Fox Hunt,Week3,Wakefield Chapel,Week1,283.0 Wakefield Chapel - 119.0 Fox Hunt
Fox Mill Estates,Week2,Fair Oaks ,Week3,248.0 Fair Oaks - 154.0 Fox Mill Estates
Fox Mill Estates,Week4,Country Club Hills,Week1,227.0 Fox Mill Estates - 175.0 Country Club Hills
Fox Mill Woods,Week3,Dowden Terrace,Week4,237.0 Fox Mill Woods - 165.0 Dowden Terrace
Fox Mill Woods,Week4,Dowden Terrace,Week2,250.0 Fox Mill Woods - 152.0 Dowden Terrace
Fox Hunt,Week4,Vienna Aquatic,Week2,283.0 Vienna Aquatic - 119.0 Fox Hunt
Fox Mill Estates,Week1,Fair Oaks ,Week1,264.0 Fair Oaks - 138.0 Fox Mill Estates
Fox Hunt,Week2,Wakefield Chapel,Week4,272.0 Wakefield Chapel - 130.0 Fox Hunt
Fox Mill Estates,Week4,Oakton ,Week4,286.0 Oakton - 116.0 Fox Mill Estates
Fox Hunt,Week3,Wakefield Chapel,Week2,265.0 Wakefield Chapel - 137.0 Fox Hunt
Fox Mill Estates,Week2,Cottontail,Week2,212.0 Cottontail - 190.0 Fox Mill Estates
Fox Hunt,Week4,Ravensworth Farm,Week3,241.0 Ravensworth Farm - 161.0 Fox Hunt
Fox Hunt,Week4,Vienna Aquatic,Week5,325.0 Vienna Aquatic - 76.0 Fox Hunt
Fox Mill Estates,Week4,Cottontail,Week4,222.0 Fox Mill Estates - 180.0 Cottontail
Fox Mill Estates,Week3,Fair Oaks ,Week4,242.0 Fair Oaks - 160.0 Fox Mill Estates
Fox Hunt,Week5,Tuckahoe,Week5,334.0 Tuckahoe - 68.0 Fox Hunt
Fox Hunt,Week3,Wakefield Chapel,Week4,256.0 Wakefield Chapel - 146.0 Fox Hunt
Fox Mill Woods,Week3,Dowden Terrace,Week3,267.0 Fox Mill Woods - 135.0 Dowden Terrace
Fox Hunt,Week4,Ravensworth Farm,Week5,239.0 Ravensworth Farm - 163.0 Fox Hunt
Fox Mill Estates,Week1,Fairfax,Week3,307.0 Fairfax - 95.0 Fox Mill Estates
Fox Hunt,Week3,Wakefield Chapel,Week3,285.0 Wakefield Chapel - 112.0 Fox Hunt
Fox Mill Estates,Week3,Oakton ,Week5,302.0 Oakton - 100.0 Fox Mill Estates
Fox Mill Woods,Week5,Dowden Terrace,Week1,262.0 Fox Mill Woods - 140.0 Dowden Terrace
Fox Hunt,Week4,Ravensworth Farm,Week4,227.0 Ravensworth Farm - 175.0 Fox Hunt
Fox Mill Estates,Week2,Country Club Hills,Week3,201.0 Country Club Hills - 201.0 Fox Mill Estates
Fox Mill Woods,Week4,Dowden Terrace,Week4,232.0 Fox Mill Woods - 170.0 Dowden Terrace
Fox Mill Estates,Week4,Fair Oaks ,Week5,252.0 Fair Oaks - 150.0 Fox Mill Estates
Fox Mill Estates,Week1,Fairfax,Week4,313.0 Fairfax - 89.0 Fox Mill Estates
Fox Hunt,Week5,Tuckahoe,Week2,326.0 Tuckahoe - 76.0 Fox Hunt
Fox Mill Estates,Week3,Cottontail,Week4,214.0 Cottontail - 188.0 Fox Mill Estates
Fox Hunt,Week1,Vienna Aquatic,Week3,302.0 Vienna Aquatic - 100.0 Fox Hunt
Fox Hunt,Week3,Ravensworth Farm,Week3,210.0 Ravensworth Farm - 192.0 Fox Hunt
Fox Mill Estates,Week3,Cottontail,Week3,204.0 Cottontail - 198.0 Fox Mill Estates
Fox Hunt,Week5,Vienna Aquatic,Week4,269.0 Vienna Aquatic - 133.0 Fox Hunt
Fox Hunt,Week4,Wakefield Chapel,Week1,291.0 Wakefield Chapel - 111.0 Fox Hunt
Fox Mill Estates,Week4,Oakton ,Week2,287.0 Oakton - 115.0 Fox Mill Estates
Fox Mill Woods,Week5,Dowden Terrace,Week2,259.0 Fox Mill Woods - 143.0 Dowden Terrace
Fox Hunt,Week3,Wakefield Chapel,Week5,296.5 Wakefield Chapel - 105.5 Fox Hunt
Fox Mill Estates,Week3,Oakton ,Week4,293.5 Oakton - 108.5 Fox Mill Estates
Fox Hunt,Week4,Ravensworth Farm,Week2,205.0 Fox Hunt - 197.0 Ravensworth Farm
Fox Mill Estates,Week4,Oakton ,Week5,294.0 Oakton - 108.0 Fox Mill Estates
Fox Mill Estates,Week1,Fairfax,Week5,315.0 Fairfax - 87.0 Fox Mill Estates
Fox Mill Woods,Week1,Dunn Loring,Week4,222.0 Dunn Loring - 180.0 Fox Mill Woods
Fox Hunt,Week4,Wakefield Chapel,Week2,262.0 Wakefield Chapel - 140.0 Fox Hunt
Fox Mill Estates,Week5,Oakton ,Week5,302.0 Oakton - 100.0 Fox Mill Estates
Fox Mill Estates,Week5,Fairfax,Week1,271.0 Fairfax - 131.0 Fox Mill Estates
Fox Mill Woods,Week1,Dunn Loring,Week2,227.0 Dunn Loring - 175.0 Fox Mill Woods
Fox Mill Estates,Week5,Cottontail,Week1,206.0 Fox Mill Estates - 196.0 Cottontail
Fox Mill Estates,Week5,Oakton ,Week1,280.0 Oakton - 122.0 Fox Mill Estates
Fox Mill Woods,Week2,Dunn Loring,Week1,207.0 Fox Mill Woods - 195.0 Dunn Loring
Fox Mill Estates,Week5,Oakton ,Week2,297.0 Oakton - 105.0 Fox Mill Estates
Fox Hunt,Week4,Vienna Aquatic,Week3,302.0 Vienna Aquatic - 100.0 Fox Hunt
Fox Hunt,Week5,Ravensworth Farm,Week5,225.0 Ravensworth Farm - 177.0 Fox Hunt
Fox Hunt,Week2,Walden Glen,Week5,202.0 Fox Hunt - 200.0 Walden Glen
Fox Hunt,Week1,Vienna Woods,Week5,326.0 Vienna Woods - 76.0 Fox Hunt
Fox Hunt,Week2,Vienna Aquatic,Week5,325.0 Vienna Aquatic - 76.0 Fox Hunt
Fox Mill Estates,Week3,Fairfax,Week4,283.0 Fairfax - 118.0 Fox Mill Estates
Fox Hunt,Week5,Ravensworth Farm,Week1,209.0 Ravensworth Farm - 193.0 Fox Hunt
Fox Mill Estates,Week5,Cottontail,Week2,201.0 Cottontail - 201.0 Fox Mill Estates
Fox Mill Woods,Week5,Dowden Terrace,Week3,275.0 Fox Mill Woods - 127.0 Dowden Terrace
Fox Hunt,Week1,Riverside Gardens,Week1,276.0 Riverside Gardens - 126.0 Fox Hunt
Fox Mill Estates,Week2,Fairfax,Week4,275.0 Fairfax - 127.0 Fox Mill Estates
Fox Mill Estates,Week4,Cottontail,Week2,215.0 Fox Mill Estates - 187.0 Cottontail
Fox Hunt,Week5,Wakefield Chapel,Week3,277.0 Wakefield Chapel - 125.0 Fox Hunt
Fox Hunt,Week1,Vienna Aquatic,Week2,299.0 Vienna Aquatic - 103.0 Fox Hunt
Fox Hunt,Week4,Wakefield Chapel,Week3,289.0 Wakefield Chapel - 113.0 Fox Hunt
Fox Hunt,Week4,Walden Glen,Week2,236.0 Fox Hunt - 165.0 Walden Glen
Fox Mill Estates,Week1,Old Keene Mill,Week4,220.0 Fox Mill Estates - 182.0 Old Keene Mill
Fox Mill Woods,Week3,Dunn Loring,Week1,209.0 Fox Mill Woods - 193.0 Dunn Loring
Fox Mill Estates,Week2,Old Keene Mill,Week1,239.0 Fox Mill Estates - 163.0 Old Keene Mill
Fox Mill Estates,Week2,Fairfax,Week5,292.0 Fairfax - 110.0 Fox Mill Estates
Fox Mill Estates,Week1,Old Keene Mill,Week3,211.0 Fox Mill Estates - 191.0 Old Keene Mill
Fox Hunt,Week2,Riverside Gardens,Week1,283.0 Riverside Gardens - 119.0 Fox Hunt
Fox Hunt,Week1,Vienna Aquatic,Week1,294.0 Vienna Aquatic - 108.0 Fox Hunt
Fox Mill Estates,Week5,Cottontail,Week4,210.0 Cottontail - 192.0 Fox Mill Estates
Fox Hunt,Week1,Riverside Gardens,Week5,303.0 Riverside Gardens - 99.0 Fox Hunt
Fox Hunt,Week2,Riverside Gardens,Week2,264.0 Riverside Gardens - 138.0 Fox Hunt
Fox Hunt,Week5,Wakefield Chapel,Week4,255.0 Wakefield Chapel - 147.0 Fox Hunt
Fox Mill Estates,Week4,Fairfax,Week3,276.0 Fairfax - 126.0 Fox Mill Estates
Fox Mill Estates,Week1,Old Keene Mill,Week2,216.5 Fox Mill Estates - 185.5 Old Keene Mill
Fox Hunt,Week5,Tuckahoe,Week3,345.0 Tuckahoe - 57.0 Fox Hunt
Fox Mill Woods,Week2,Dunn Loring,Week4,242.0 Dunn Loring - 160.0 Fox Mill Woods
Fox Hunt,Week1,Riverside Gardens,Week3,281.0 Riverside Gardens - 121.0 Fox Hunt
Fox Mill Estates,Week2,Old Keene Mill,Week2,244.0 Fox Mill Estates - 158.0 Old Keene Mill
Fox Mill Estates,Week2,Fairfax Club Estates,Week5,206.0 Fairfax Club Estates - 195.0 Fox Mill Estates
Fox Mill Estates,Week5,Fairfax,Week4,276.0 Fairfax - 126.0 Fox Mill Estates
Fox Hunt,Week1,Vienna Aquatic,Week4,307.5 Vienna Aquatic - 94.5 Fox Hunt
Fox Hunt,Week3,Walden Glen,Week3,262.0 Fox Hunt - 140.0 Walden Glen
Fox Mill Woods,Week3,Dunn Loring,Week2,236.0 Dunn Loring - 166.0 Fox Mill Woods
Fox Hunt,Week1,Riverside Gardens,Week4,282.0 Riverside Gardens - 120.0 Fox Hunt
Fox Mill Estates,Week2,Old Keene Mill,Week3,228.5 Fox Mill Estates - 173.5 Old Keene Mill
Fox Mill Woods,Week5,Dowden Terrace,Week4,241.0 Fox Mill Woods - 161.0 Dowden Terrace
Fox Mill Estates,Week1,Country Club Hills,Week4,234.0 Country Club Hills - 168.0 Fox Mill Estates
Fox Hunt,Week2,Vienna Aquatic,Week2,285.0 Vienna Aquatic - 117.0 Fox Hunt
Fox Hunt,Week5,Wakefield Chapel,Week2,250.0 Wakefield Chapel - 152.0 Fox Hunt
Fox Mill Estates,Week3,Fairfax Club Estates,Week1,212.0 Fox Mill Estates - 190.0 Fairfax Club Estates
Fox Hunt,Week2,Riverside Gardens,Week5,293.0 Riverside Gardens - 109.0 Fox Hunt
Fox Hunt,Week3,Vienna Aquatic,Week2,275.0 Vienna Aquatic - 127.0 Fox Hunt
Fox Mill Woods,Week3,Dunn Loring,Week3,244.0 Dunn Loring - 158.0 Fox Mill Woods
Fox Mill Estates,Week1,Country Club Hills,Week3,217.0 Country Club Hills - 185.0 Fox Mill Estates
Fox Mill Estates,Week4,Cottontail,Week3,236.0 Fox Mill Estates - 166.0 Cottontail
Fox Hunt,Week1,Walden Glen,Week1,249.0 Fox Hunt - 152.0 Walden Glen
Fox Hunt,Week5,Tuckahoe,Week4,345.0 Tuckahoe - 57.0 Fox Hunt
Fox Mill Woods,Week1,Dunn Loring,Week1,214.0 Fox Mill Woods - 188.0 Dunn Loring
Fox Mill Estates,Week2,Country Club Hills,Week4,203.0 Country Club Hills - 199.0 Fox Mill Estates
Fox Mill Estates,Week1,Country Club Hills,Week5,247.0 Country Club Hills - 155.0 Fox Mill Estates
Fox Mill Estates,Week5,Cottontail,Week5,206.0 Cottontail - 196.0 Fox Mill Estates
Fox Mill Estates,Week2,Fairfax Club Estates,Week4,207.0 Fox Mill Estates - 195.0 Fairfax Club Estates
Fox Mill Estates,Week2,Old Keene Mill,Week4,232.0 Fox Mill Estates - 170.0 Old Keene Mill
Fox Hunt,Week2,Vienna Aquatic,Week3,301.0 Vienna Aquatic - 101.0 Fox Hunt
Fox Mill Estates,Week3,Cottontail,Week5,213.0 Cottontail - 189.0 Fox Mill Estates
Fox Mill Estates,Week2,Cottontail,Week4,223.0 Cottontail - 179.0 Fox Mill Estates
Fox Mill Woods,Week2,Dunn Loring,Week5,243.0 Dunn Loring - 159.0 Fox Mill Woods
Fox Hunt,Week2,Walden Glen,Week4,218.0 Fox Hunt - 184.0 Walden Glen
Fox Mill Estates,Week3,Fairfax,Week1,276.0 Fairfax - 126.0 Fox Mill Estates
Fox Mill Estates,Week2,Old Keene Mill,Week5,206.0 Fox Mill Estates - 196.0 Old Keene Mill
Fox Mill Woods,Week1,Dunn Loring,Week5,228.0 Dunn Loring - 174.0 Fox Mill Woods
Fox Hunt,Week2,Vienna Aquatic,Week1,286.0 Vienna Aquatic - 116.0 Fox Hunt
Fox Hunt,Week2,Riverside Gardens,Week4,295.0 Riverside Gardens - 107.0 Fox Hunt
Fox Hunt,Week2,Vienna Aquatic,Week4,296.0 Vienna Aquatic - 106.0 Fox Hunt
Fox Hunt,Week5,Wakefield Chapel,Week1,279.0 Wakefield Chapel - 123.0 Fox Hunt
Fox Hunt,Week1,Walden Glen,Week5,207.0 Walden Glen - 195.0 Fox Hunt
Fox Mill Estates,Week2,Fairfax Club Estates,Week1,201.0 Fairfax Club Estates - 201.0 Fox Mill Estates
Fox Mill Estates,Week5,Old Keene Mill,Week5,212.0 Fox Mill Estates - 190.0 Old Keene Mill
Fox Mill Estates,Week2,Fairfax,Week3,295.0 Fairfax - 107.0 Fox Mill Estates
Fox Mill Woods,Week4,Dowden Terrace,Week3,264.0 Fox Mill Woods - 138.0 Dowden Terrace
Fox Hunt,Week3,Riverside Gardens,Week2,226.5 Riverside Gardens - 170.5 Fox Hunt
Fox Hunt,Week2,Riverside Gardens,Week3,288.0 Riverside Gardens - 114.0 Fox Hunt
Fox Mill Estates,Week1,Country Club Hills,Week2,229.0 Country Club Hills - 173.0 Fox Mill Estates
Fox Mill Estates,Week2,Country Club Hills,Week2,204.0 Fox Mill Estates - 198.0 Country Club Hills
Fox Hunt,Week3,Vienna Aquatic,Week1,284.0 Vienna Aquatic - 118.0 Fox Hunt
Fox Mill Estates,Week3,Fairfax Club Estates,Week2,232.0 Fox Mill Estates - 169.0 Fairfax Club Estates
Fox Hunt,Week3,Riverside Gardens,Week4,259.0 Riverside Gardens - 143.0 Fox Hunt
Fox Mill Estates,Week3,Old Keene Mill,Week2,243.0 Fox Mill Estates - 159.0 Old Keene Mill
Fox Mill Woods,Week2,Dunn Loring,Week2,242.0 Dunn Loring - 160.0 Fox Mill Woods
Fox Hunt,Week3,Walden Glen,Week2,264.0 Fox Hunt - 137.0 Walden Glen
Fox Hunt,Week3,Riverside Gardens,Week3,256.0 Riverside Gardens - 146.0 Fox Hunt
Fox Mill Woods,Week3,Dowden Terrace,Week5,229.0 Fox Mill Woods - 173.0 Dowden Terrace
Fox Hunt,Week3,Walden Glen,Week1,281.0 Fox Hunt - 121.0 Walden Glen
Fox Mill Estates,Week2,Orange Hunt,Week2,241.0 Orange Hunt - 161.0 Fox Mill Estates
Fox Mill Estates,Week1,Orange Hunt,Week4,255.0 Orange Hunt - 147.0 Fox Mill Estates
Fox Hunt,Week3,Vienna Aquatic,Week4,298.0 Vienna Aquatic - 99.0 Fox Hunt
Fox Hunt,Week3,Riverside Gardens,Week5,266.0 Riverside Gardens - 136.0 Fox Hunt
Fox Hunt,Week4,Riverside Gardens,Week1,265.0 Riverside Gardens - 137.0 Fox Hunt
Fox Hunt,Week4,Vienna Aquatic,Week1,287.0 Vienna Aquatic - 115.0 Fox Hunt
Fox Mill Estates,Week5,Old Keene Mill,Week1,259.0 Fox Mill Estates - 143.0 Old Keene Mill
Fox Hunt,Week3,Vienna Aquatic,Week3,290.0 Vienna Aquatic - 112.0 Fox Hunt
Fox Mill Woods,Week1,Dunn Loring,Week3,244.0 Dunn Loring - 158.0 Fox Mill Woods
Fox Mill Estates,Week4,Fairfax,Week2,274.0 Fairfax - 128.0 Fox Mill Estates
Fox Mill Estates,Week3,Country Club Hills,Week3,205.0 Fox Mill Estates - 197.0 Country Club Hills
Fox Hunt,Week2,Walden Glen,Week1,268.0 Fox Hunt - 133.0 Walden Glen
Fox Mill Estates,Week2,Country Club Hills,Week1,201.0 Country Club Hills - 201.0 Fox Mill Estates
Fox Hunt,Week3,Vienna Aquatic,Week5,314.0 Vienna Aquatic - 88.0 Fox Hunt
Fox Mill Estates,Week4,Fairfax,Week4,268.0 Fairfax - 134.0 Fox Mill Estates
Fox Mill Estates,Week3,Fairfax,Week2,283.0 Fairfax - 119.0 Fox Mill Estates
Fox Mill Estates,Week3,Fairfax,Week5,295.0 Fairfax - 106.0 Fox Mill Estates
Fox Hunt,Week2,Waynewood,Week4,249.0 Waynewood - 153.0 Fox Hunt
Fox Mill Estates,Week1,Orange Hunt,Week1,261.0 Orange Hunt - 141.0 Fox Mill Estates
Fox Mill Woods,Week4,Dowden Terrace,Week1,275.0 Fox Mill Woods - 127.0 Dowden Terrace
Fox Mill Estates,Week2,Country Club Hills,Week5,230.0 Country Club Hills - 172.0 Fox Mill Estates
Fox Hunt,Week3,Riverside Gardens,Week1,238.0 Riverside Gardens - 164.0 Fox Hunt
Fox Mill Estates,Week3,Country Club Hills,Week2,203.0 Country Club Hills - 199.0 Fox Mill Estates
Fox Mill Woods,Week4,Dowden Terrace,Week5,220.0 Fox Mill Woods - 182.0 Dowden Terrace
Fox Hunt,Week3,Walden Glen,Week5,234.0 Fox Hunt - 168.0 Walden Glen
Fox Mill Estates,Week2,Orange Hunt,Week1,246.0 Orange Hunt - 156.0 Fox Mill Estates
Fox Mill Woods,Week4,Dunn Loring,Week3,249.0 Dunn Loring - 153.0 Fox Mill Woods
Fox Mill Estates,Week4,Country Club Hills,Week5,205.0 Fox Mill Estates - 197.0 Country Club Hills
Fox Hunt,Week2,Poplar Heights,Week2,235.0 Poplar Heights - 167.0 Fox Hunt
Fox Mill Estates,Week1,Fairfax Club Estates,Week1,218.0 Fairfax Club Estates - 184.0 Fox Mill Estates
Fox Hunt,Week5,Vienna Aquatic,Week5,302.0 Vienna Aquatic - 99.0 Fox Hunt
Fox Mill Estates,Week4,Fairfax,Week1,257.0 Fairfax - 145.0 Fox Mill Estates
Fox Mill Estates,Week4,Old Keene Mill,Week5,230.0 Fox Mill Estates - 172.0 Old Keene Mill
Fox Mill Woods,Week4,Dunn Loring,Week2,224.0 Dunn Loring - 178.0 Fox Mill Woods
Fox Hunt,Week5,Pleasant Valley,Week3,293.0 Fox Hunt - 109.0 Pleasant Valley
Fox Hunt,Week4,Wakefield Chapel,Week5,305.0 Wakefield Chapel - 97.0 Fox Hunt
Fox Hunt,Week5,Wakefield Chapel,Week5,291.0 Wakefield Chapel - 111.0 Fox Hunt
Fox Mill Estates,Week3,Country Club Hills,Week5,219.0 Country Club Hills - 183.0 Fox Mill Estates
Fox Mill Estates,Week1,Crosspointe,Week3,300.0 Crosspointe - 97.0 Fox Mill Estates
Fox Mill Woods,Week4,Dunn Loring,Week1,222.0 Fox Mill Woods - 180.0 Dunn Loring
Fox Mill Estates,Week4,Country Club Hills,Week4,219.0 Fox Mill Estates - 183.0 Country Club Hills
Fox Mill Estates,Week2,Orange Hunt,Week3,249.0 Orange Hunt - 153.0 Fox Mill Estates
Fox Hunt,Week4,Wakefield Chapel,Week4,278.0 Wakefield Chapel - 124.0 Fox Hunt
Fox Mill Estates,Week5,Fairfax,Week2,286.0 Fairfax - 116.0 Fox Mill Estates
Fox Hunt,Week1,Poplar Heights,Week3,251.0 Poplar Heights - 151.0 Fox Hunt
Fox Hunt,Week4,Riverside Gardens,Week2,252.0 Riverside Gardens - 150.0 Fox Hunt
Fox Hunt,Week4,Walden Glen,Week4,240.0 Fox Hunt - 162.0 Walden Glen
Fox Mill Estates,Week1,Fairfax Club Estates,Week2,208.0 Fox Mill Estates - 194.0 Fairfax Club Estates
Fox Mill Woods,Week2,Dunn Loring,Week3,252.0 Dunn Loring - 150.0 Fox Mill Woods
Fox Mill Estates,Week5,Fairfax,Week3,278.0 Fairfax - 124.0 Fox Mill Estates
Fox Hunt,Week1,Waynewood,Week2,260.0 Waynewood - 142.0 Fox Hunt
Fox Hunt,Week5,Vienna Aquatic,Week1,255.0 Vienna Aquatic - 147.0 Fox Hunt
Fox Mill Estates,Week4,Fairfax,Week5,287.0 Fairfax - 115.0 Fox Mill Estates
Fox Hunt,Week5,Walden Glen,Week1,298.0 Fox Hunt - 104.0 Walden Glen
Fox Hunt,Week5,Pleasant Valley,Week2,315.0 Fox Hunt - 87.0 Pleasant Valley
Fox Hunt,Week4,Vienna Aquatic,Week4,299.0 Vienna Aquatic - 103.0 Fox Hunt
Fox Mill Estates,Week4,Country Club Hills,Week2,225.0 Fox Mill Estates - 177.0 Country Club Hills
Fox Mill Estates,Week3,Old Keene Mill,Week3,228.5 Fox Mill Estates - 173.5 Old Keene Mill
Fox Hunt,Week1,Walden Glen,Week3,228.0 Fox Hunt - 174.0 Walden Glen
Fox Mill Woods,Week4,Dunn Loring,Week4,231.0 Dunn Loring - 171.0 Fox Mill Woods
Fox Mill Estates,Week3,Old Keene Mill,Week5,221.0 Fox Mill Estates - 181.0 Old Keene Mill
Fox Mill Estates,Week1,Orange Hunt,Week2,264.0 Orange Hunt - 138.0 Fox Mill Estates
Fox Hunt,Week2,Poplar Heights,Week5,245.0 Poplar Heights - 157.0 Fox Hunt
Fox Hunt,Week4,Pleasant Valley,Week3,269.0 Fox Hunt - 133.0 Pleasant Valley
Fox Mill Woods,Week3,Dunn Loring,Week5,244.0 Dunn Loring - 158.0 Fox Mill Woods
Fox Hunt,Week5,Vienna Aquatic,Week2,262.0 Vienna Aquatic - 140.0 Fox Hunt
Fox Mill Estates,Week3,Country Club Hills,Week4,203.0 Fox Mill Estates - 199.0 Country Club Hills
Fox Hunt,Week1,Vienna Woods,Week1,294.0 Vienna Woods - 103.0 Fox Hunt
Fox Hunt,Week5,Vienna Aquatic,Week3,272.0 Vienna Aquatic - 130.0 Fox Hunt
Fox Mill Estates,Week4,Country Club Hills,Week3,222.0 Fox Mill Estates - 180.0 Country Club Hills
Fox Mill Estates,Week1,Fairfax Club Estates,Week3,207.0 Fairfax Club Estates - 195.0 Fox Mill Estates
Fox Mill Estates,Week5,Old Keene Mill,Week2,251.0 Fox Mill Estates - 151.0 Old Keene Mill
Fox Mill Woods,Week4,Fair Oaks ,Week2,278.0 Fox Mill Woods - 124.0 Fair Oaks
Fox Mill Estates,Week5,Country Club Hills,Week1,203.0 Fox Mill Estates - 199.0 Country Club Hills
Fox Mill Estates,Week1,Orange Hunt,Week5,271.0 Orange Hunt - 131.0 Fox Mill Estates
Fox Mill Woods,Week5,Dunn Loring,Week1,219.5 Fox Mill Woods - 182.5 Dunn Loring
Fox Mill Estates,Week1,Crosspointe,Week5,321.0 Crosspointe - 81.0 Fox Mill Estates
Fox Mill Estates,Week5,Fairfax,Week5,290.0 Fairfax - 112.0 Fox Mill Estates
Fox Mill Estates,Week5,Old Keene Mill,Week4,243.0 Fox Mill Estates - 159.0 Old Keene Mill
Fox Hunt,Week2,Walden Glen,Week2,241.0 Fox Hunt - 161.0 Walden Glen
Fox Hunt,Week3,Pleasant Valley,Week5,277.0 Fox Hunt - 120.0 Pleasant Valley
Fox Mill Estates,Week3,Orange Hunt,Week2,247.0 Orange Hunt - 155.0 Fox Mill Estates
Fox Mill Estates,Week3,Fairfax,Week3,285.0 Fairfax - 116.0 Fox Mill Estates
Fox Hunt,Week3,Poplar Heights,Week3,220.0 Poplar Heights - 182.0 Fox Hunt
Fox Mill Estates,Week2,Fairfax,Week2,286.0 Fairfax - 116.0 Fox Mill Estates
Fox Mill Estates,Week1,Crosspointe,Week2,299.0 Crosspointe - 103.0 Fox Mill Estates
Fox Mill Estates,Week2,Fairfax Club Estates,Week2,234.0 Fox Mill Estates - 168.0 Fairfax Club Estates
Fox Hunt,Week1,Vienna Woods,Week2,305.0 Vienna Woods - 97.0 Fox Hunt
Fox Hunt,Week1,Villa Aquatic,Week1,203.0 Fox Hunt - 199.0 Villa Aquatic
Fox Hunt,Week1,Vienna Woods,Week4,283.0 Vienna Woods - 119.0 Fox Hunt
Fox Mill Woods,Week4,Dunn Loring,Week5,239.0 Dunn Loring - 163.0 Fox Mill Woods
Fox Hunt,Week2,Poplar Heights,Week3,242.0 Poplar Heights - 160.0 Fox Hunt
Fox Hunt,Week1,Vienna Woods,Week3,311.0 Vienna Woods - 91.0 Fox Hunt
Fox Hunt,Week1,Walden Glen,Week2,229.0 Fox Hunt - 172.0 Walden Glen
Fox Hunt,Week1,Walden Glen,Week4,222.5 Fox Hunt - 179.5 Walden Glen
Fox Mill Woods,Week5,Fair Oaks ,Week1,251.0 Fox Mill Woods - 151.0 Fair Oaks
Fox Mill Estates,Week4,Old Keene Mill,Week1,264.0 Fox Mill Estates - 137.0 Old Keene Mill
Fox Hunt,Week4,Vienna Woods,Week4,261.0 Vienna Woods - 141.0 Fox Hunt
Fox Mill Woods,Week5,Fair Oaks ,Week4,268.0 Fox Mill Woods - 134.0 Fair Oaks
Fox Hunt,Week5,Pleasant Valley,Week5,301.0 Fox Hunt - 101.0 Pleasant Valley
Fox Hunt,Week4,Walden Glen,Week1,266.0 Fox Hunt - 136.0 Walden Glen
Fox Mill Estates,Week3,Orange Hunt,Week4,248.0 Orange Hunt - 154.0 Fox Mill Estates
Fox Mill Woods,Week2,Fair Oaks ,Week4,239.0 Fox Mill Woods - 163.0 Fair Oaks
Fox Hunt,Week3,Walden Glen,Week4,244.0 Fox Hunt - 153.0 Walden Glen
Fox Hunt,Week3,Poplar Heights,Week2,221.0 Poplar Heights - 181.0 Fox Hunt
Fox Mill Estates,Week1,Fairfax Club Estates,Week5,228.0 Fairfax Club Estates - 173.0 Fox Mill Estates
Fox Mill Estates,Week2,Fairfax Club Estates,Week3,219.0 Fox Mill Estates - 183.0 Fairfax Club Estates
Fox Mill Estates,Week3,Orange Hunt,Week3,260.0 Orange Hunt - 142.0 Fox Mill Estates
Fox Hunt,Week2,Walden Glen,Week3,233.0 Fox Hunt - 168.0 Walden Glen
Fox Hunt,Week2,Vienna Woods,Week1,292.0 Vienna Woods - 105.0 Fox Hunt
Fox Hunt,Week5,Poplar Heights,Week4,204.0 Poplar Heights - 198.0 Fox Hunt
Fox Mill Estates,Week4,Crosspointe,Week3,282.0 Crosspointe - 120.0 Fox Mill Estates
Fox Hunt,Week4,Vienna Woods,Week5,313.0 Vienna Woods - 89.0 Fox Hunt
Fox Hunt,Week1,Poplar Heights,Week5,250.0 Poplar Heights - 152.0 Fox Hunt
Fox Mill Estates,Week3,Crosspointe,Week1,291.0 Crosspointe - 111.0 Fox Mill Estates
Fox Mill Woods,Week1,Fairfax,Week1,205.0 Fairfax - 197.0 Fox Mill Woods
Fox Mill Woods,Week3,Fair Oaks ,Week5,220.0 Fox Mill Woods - 182.0 Fair Oaks
Fox Mill Estates,Week1,Fairfax Club Estates,Week4,241.0 Fairfax Club Estates - 161.0 Fox Mill Estates
Fox Hunt,Week5,Pleasant Valley,Week1,299.0 Fox Hunt - 103.0 Pleasant Valley
Fox Mill Estates,Week2,Orange Hunt,Week5,258.0 Orange Hunt - 144.0 Fox Mill Estates
Fox Mill Estates,Week4,Crosspointe,Week1,287.0 Crosspointe - 115.0 Fox Mill Estates
Fox Hunt,Week3,Vienna Woods,Week5,309.0 Vienna Woods - 93.0 Fox Hunt
Fox Hunt,Week4,Walden Glen,Week5,219.0 Fox Hunt - 183.0 Walden Glen
Fox Hunt,Week4,Walden Glen,Week3,243.0 Fox Hunt - 158.0 Walden Glen
Fox Mill Estates,Week2,Crosspointe,Week3,280.0 Crosspointe - 122.0 Fox Mill Estates
Fox Hunt,Week5,Walden Glen,Week4,268.0 Fox Hunt - 134.0 Walden Glen
Fox Mill Estates,Week1,Fairfax Station,Week1,308.0 Fairfax Station - 94.0 Fox Mill Estates
Fox Mill Estates,Week3,Orange Hunt,Week5,266.0 Orange Hunt - 136.0 Fox Mill Estates
Fox Mill Estates,Week3,Old Keene Mill,Week4,239.0 Fox Mill Estates - 163.0 Old Keene Mill
Fox Hunt,Week3,Pleasant Valley,Week3,275.0 Fox Hunt - 127.0 Pleasant Valley
Fox Mill Estates,Week3,Crosspointe,Week5,310.0 Crosspointe - 92.0 Fox Mill Estates
Fox Mill Estates,Week4,Crosspointe,Week2,257.0 Crosspointe - 145.0 Fox Mill Estates
Fox Hunt,Week3,Poplar Heights,Week4,209.0 Poplar Heights - 193.0 Fox Hunt
Fox Mill Estates,Week4,Fairfax Club Estates,Week1,227.0 Fox Mill Estates - 175.0 Fairfax Club Estates
Fox Mill Woods,Week5,Dunn Loring,Week4,221.0 Dunn Loring - 181.0 Fox Mill Woods
Fox Mill Woods,Week1,Fair Oaks ,Week1,259.0 Fox Mill Woods - 143.0 Fair Oaks
Fox Hunt,Week5,Vienna Woods,Week3,292.0 Vienna Woods - 110.0 Fox Hunt
Fox Hunt,Week5,Vienna Woods,Week1,276.0 Vienna Woods - 126.0 Fox Hunt
Fox Mill Estates,Week4,Old Keene Mill,Week2,256.0 Fox Mill Estates - 146.0 Old Keene Mill
Fox Hunt,Week3,Pleasant Valley,Week4,304.0 Fox Hunt - 86.0 Pleasant Valley
Fox Mill Estates,Week4,Orange Hunt,Week1,216.0 Orange Hunt - 186.0 Fox Mill Estates
Fox Mill Estates,Week3,Fairfax Club Estates,Week4,211.0 Fairfax Club Estates - 190.0 Fox Mill Estates
Fox Hunt,Week5,Walden Glen,Week3,271.0 Fox Hunt - 130.0 Walden Glen
Fox Hunt,Week5,Vienna Woods,Week5,303.0 Vienna Woods - 99.0 Fox Hunt
Fox Mill Woods,Week3,Fair Oaks ,Week4,254.0 Fox Mill Woods - 148.0 Fair Oaks
Fox Hunt,Week1,Waynewood,Week3,271.0 Waynewood - 131.0 Fox Hunt
Fox Mill Estates,Week1,Crosspointe,Week4,309.0 Crosspointe - 93.0 Fox Mill Estates
Fox Mill Woods,Week5,Dunn Loring,Week5,241.0 Dunn Loring - 161.0 Fox Mill Woods
Fox Hunt,Week1,Waynewood,Week5,282.5 Waynewood - 119.5 Fox Hunt
Fox Mill Estates,Week4,Old Keene Mill,Week3,250.0 Fox Mill Estates - 152.0 Old Keene Mill
Fox Mill Woods,Week1,Fair Oaks ,Week4,259.0 Fox Mill Woods - 143.0 Fair Oaks
Fox Mill Woods,Week3,Fair Oaks ,Week2,267.0 Fox Mill Woods - 135.0 Fair Oaks
Fox Mill Estates,Week4,Fairfax Club Estates,Week2,242.0 Fox Mill Estates - 160.0 Fairfax Club Estates
Fox Hunt,Week2,Vienna Woods,Week2,299.0 Vienna Woods - 103.0 Fox Hunt
Fox Mill Estates,Week2,Crosspointe,Week4,288.0 Crosspointe - 114.0 Fox Mill Estates
Fox Mill Estates,Week3,Fairfax Club Estates,Week5,199.0 Fairfax Club Estates - 199.0 Fox Mill Estates
Fox Mill Estates,Week3,Crosspointe,Week2,278.0 Crosspointe - 124.0 Fox Mill Estates
Fox Mill Estates,Week5,Old Keene Mill,Week3,232.5 Fox Mill Estates - 169.5 Old Keene Mill
Fox Mill Estates,Week4,Fairfax Club Estates,Week3,238.0 Fox Mill Estates - 163.0 Fairfax Club Estates
Fox Mill Estates,Week4,Old Keene Mill,Week4,255.0 Fox Mill Estates - 147.0 Old Keene Mill
Fox Mill Woods,Week3,Fair Oaks ,Week3,231.0 Fox Mill Woods - 171.0 Fair Oaks
Fox Hunt,Week5,Poplar Heights,Week5,203.0 Poplar Heights - 199.0 Fox Hunt
Fox Hunt,Week1,Waynewood,Week4,250.5 Waynewood - 151.5 Fox Hunt
Fox Mill Estates,Week4,Crosspointe,Week4,294.0 Crosspointe - 108.0 Fox Mill Estates
Fox Hunt,Week1,Waynewood,Week1,239.0 Waynewood - 163.0 Fox Hunt
Fox Hunt,Week2,Villa Aquatic,Week3,238.0 Villa Aquatic - 164.0 Fox Hunt
Fox Hunt,Week3,Poplar Heights,Week1,207.0 Fox Hunt - 195.0 Poplar Heights
Fox Hunt,Week3,Pleasant Valley,Week1,282.0 Fox Hunt - 119.0 Pleasant Valley
Fox Hunt,Week2,Vienna Woods,Week4,276.0 Vienna Woods - 126.0 Fox Hunt
Fox Hunt,Week2,Waynewood,Week1,229.0 Waynewood - 173.0 Fox Hunt
Fox Hunt,Week2,Waynewood,Week3,265.0 Waynewood - 137.0 Fox Hunt
Fox Hunt,Week2,Waynewood,Week2,261.0 Waynewood - 141.0 Fox Hunt
Fox Mill Estates,Week3,Crosspointe,Week4,285.0 Crosspointe - 117.0 Fox Mill Estates
Fox Mill Estates,Week3,Orange Hunt,Week1,248.0 Orange Hunt - 154.0 Fox Mill Estates
Fox Hunt,Week4,Pleasant Valley,Week5,276.0 Fox Hunt - 125.0 Pleasant Valley
Fox Hunt,Week2,Vienna Woods,Week5,316.0 Vienna Woods - 86.0 Fox Hunt
Fox Mill Estates,Week5,Country Club Hills,Week5,230.0 Country Club Hills - 172.0 Fox Mill Estates
Fox Hunt,Week1,Villa Aquatic,Week3,241.0 Villa Aquatic - 161.0 Fox Hunt
Fox Hunt,Week3,Vienna Woods,Week4,266.0 Vienna Woods - 136.0 Fox Hunt
Fox Mill Estates,Week3,Fairfax Station,Week5,305.0 Fairfax Station - 97.0 Fox Mill Estates
Fox Mill Woods,Week4,Fair Oaks ,Week1,235.0 Fox Mill Woods - 167.0 Fair Oaks
Fox Mill Woods,Week4,Fair Oaks ,Week4,254.0 Fox Mill Woods - 148.0 Fair Oaks
Fox Mill Estates,Week5,Country Club Hills,Week2,202.0 Country Club Hills - 200.0 Fox Mill Estates
Fox Mill Estates,Week5,Fairfax Station,Week1,287.0 Fairfax Station - 115.0 Fox Mill Estates
Fox Hunt,Week4,Pleasant Valley,Week2,284.0 Fox Hunt - 118.0 Pleasant Valley
Fox Hunt,Week5,Walden Glen,Week5,234.0 Fox Hunt - 168.0 Walden Glen
Fox Mill Estates,Week4,Crosspointe,Week5,292.0 Crosspointe - 110.0 Fox Mill Estates
Fox Mill Estates,Week4,Fairfax Club Estates,Week4,206.0 Fox Mill Estates - 196.0 Fairfax Club Estates
Fox Mill Estates,Week5,Fairfax Club Estates,Week5,201.0 Fairfax Club Estates - 201.0 Fox Mill Estates
Fox Mill Woods,Week2,Fair Oaks ,Week5,215.0 Fox Mill Woods - 187.0 Fair Oaks
Fox Mill Estates,Week4,Fairfax Station,Week3,294.0 Fairfax Station - 108.0 Fox Mill Estates
Fox Mill Estates,Week1,Overlee,Week3,340.0 Overlee - 62.0 Fox Mill Estates
Fox Hunt,Week4,Pleasant Valley,Week1,281.0 Fox Hunt - 121.0 Pleasant Valley
Fox Hunt,Week4,Vienna Woods,Week1,294.0 Vienna Woods - 108.0 Fox Hunt
Fox Hunt,Week5,Walden Glen,Week2,275.0 Fox Hunt - 127.0 Walden Glen
Fox Hunt,Week4,Pleasant Valley,Week4,300.0 Fox Hunt - 98.0 Pleasant Valley
Fox Mill Estates,Week5,Country Club Hills,Week3,211.0 Country Club Hills - 191.0 Fox Mill Estates
Fox Mill Woods,Week3,Fair Oaks ,Week1,247.0 Fox Mill Woods - 155.0 Fair Oaks
Fox Mill Estates,Week2,Orange Hunt,Week4,242.0 Orange Hunt - 160.0 Fox Mill Estates
Fox Mill Estates,Week1,Orange Hunt,Week3,270.0 Orange Hunt - 132.0 Fox Mill Estates
Fox Hunt,Week4,Vienna Woods,Week3,298.0 Vienna Woods - 104.0 Fox Hunt
Fox Mill Estates,Week2,Fairfax Station,Week2,286.0 Fairfax Station - 116.0 Fox Mill Estates
Fox Hunt,Week3,Pleasant Valley,Week2,288.0 Fox Hunt - 113.0 Pleasant Valley
Fox Hunt,Week2,Villa Aquatic,Week2,210.0 Fox Hunt - 192.0 Villa Aquatic
Fox Mill Woods,Week2,Fair Oaks ,Week3,220.0 Fox Mill Woods - 182.0 Fair Oaks
Fox Mill Estates,Week2,Overlee,Week1,326.0 Overlee - 76.0 Fox Mill Estates
Fox Mill Estates,Week3,Crosspointe,Week3,287.0 Crosspointe - 115.0 Fox Mill Estates
Fox Mill Estates,Week5,Overlee,Week2,343.5 Overlee - 58.5 Fox Mill Estates
Fox Mill Estates,Week5,Orange Hunt,Week2,249.0 Orange Hunt - 153.0 Fox Mill Estates
Fox Mill Woods,Week2,Fair Oaks ,Week2,263.0 Fox Mill Woods - 139.0 Fair Oaks
Fox Hunt,Week1,Poplar Heights,Week2,238.0 Poplar Heights - 164.0 Fox Hunt
Fox Mill Woods,Week2,Fair Oaks ,Week1,232.0 Fox Mill Woods - 170.0 Fair Oaks
Fox Hunt,Week1,Villa Aquatic,Week2,216.0 Fox Hunt - 186.0 Villa Aquatic
Fox Mill Estates,Week2,Crosspointe,Week5,307.0 Crosspointe - 95.0 Fox Mill Estates
Fox Hunt,Week5,Pleasant Valley,Week4,321.0 Fox Hunt - 77.0 Pleasant Valley
Fox Hunt,Week4,Waynewood,Week3,275.0 Waynewood - 127.0 Fox Hunt
Fox Hunt,Week3,Waynewood,Week4,234.0 Waynewood - 168.0 Fox Hunt
Fox Mill Estates,Week4,Overlee,Week5,343.0 Overlee - 59.0 Fox Mill Estates
Fox Mill Estates,Week3,Fairfax Station,Week3,296.0 Fairfax Station - 106.0 Fox Mill Estates
Fox Hunt,Week3,Waynewood,Week1,219.0 Waynewood - 183.0 Fox Hunt
Fox Hunt,Week1,Poplar Heights,Week1,228.0 Poplar Heights - 174.0 Fox Hunt
Fox Hunt,Week5,Vienna Woods,Week4,257.0 Vienna Woods - 145.0 Fox Hunt
Fox Mill Woods,Week1,Fair Oaks ,Week2,277.0 Fox Mill Woods - 125.0 Fair Oaks
Fox Mill Estates,Week5,Fairfax Station,Week3,300.0 Fairfax Station - 102.0 Fox Mill Estates
Fox Mill Estates,Week5,Country Club Hills,Week4,206.0 Fox Mill Estates - 196.0 Country Club Hills
Fox Hunt,Week2,Vienna Woods,Week3,309.0 Vienna Woods - 93.0 Fox Hunt
Fox Hunt,Week1,Poplar Heights,Week4,240.0 Poplar Heights - 162.0 Fox Hunt
Fox Mill Estates,Week4,Orange Hunt,Week4,236.0 Orange Hunt - 166.0 Fox Mill Estates
Fox Mill Estates,Week1,Fairfax Station,Week2,312.0 Fairfax Station - 90.0 Fox Mill Estates
Fox Hunt,Week4,Poplar Heights,Week1,206.0 Poplar Heights - 196.0 Fox Hunt
Fox Hunt,Week5,Waynewood,Week3,246.0 Waynewood - 156.0 Fox Hunt
Fox Mill Estates,Week4,Daventry,Week5,275.0 Fox Mill Estates - 127.0 Daventry
Fox Hunt,Week2,Poplar Heights,Week1,224.5 Poplar Heights - 177.5 Fox Hunt
Fox Mill Estates,Week2,Crosspointe,Week2,270.0 Crosspointe - 132.0 Fox Mill Estates
Fox Hunt,Week4,Waynewood,Week2,259.0 Waynewood - 143.0 Fox Hunt
Fox Hunt,Week1,Woodley,Week1,272.0 Fox Hunt - 130.0 Woodley
Fox Mill Estates,Week3,Fairfax Station,Week2,290.0 Fairfax Station - 112.0 Fox Mill Estates
Fox Mill Estates,Week5,Orange Hunt,Week5,259.5 Orange Hunt - 142.5 Fox Mill Estates
Fox Mill Woods,Week4,Fair Oaks ,Week3,241.0 Fox Mill Woods - 161.0 Fair Oaks
Fox Hunt,Week2,Villa Aquatic,Week5,219.0 Villa Aquatic - 183.0 Fox Hunt
Fox Mill Estates,Week2,Fairfax Station,Week5,304.0 Fairfax Station - 98.0 Fox Mill Estates
Fox Hunt,Week2,Poplar Heights,Week4,226.0 Poplar Heights - 176.0 Fox Hunt
Fox Mill Estates,Week2,Forest Hollow,Week1,233.0 Forest Hollow - 169.0 Fox Mill Estates
Fox Hunt,Week5,Waynewood,Week2,234.0 Waynewood - 168.0 Fox Hunt
Fox Hunt,Week1,Villa Aquatic,Week4,214.0 Villa Aquatic - 188.0 Fox Hunt
Fox Mill Woods,Week5,Dunn Loring,Week2,229.0 Dunn Loring - 173.0 Fox Mill Woods
Fox Mill Woods,Week1,Fair Oaks ,Week5,233.0 Fox Mill Woods - 169.0 Fair Oaks
Fox Mill Estates,Week3,Overlee,Week1,327.0 Overlee - 75.0 Fox Mill Estates
Fox Mill Estates,Week2,Crosspointe,Week1,288.0 Crosspointe - 114.0 Fox Mill Estates
Fox Mill Estates,Week4,Overlee,Week4,342.0 Overlee - 60.0 Fox Mill Estates
Fox Mill Estates,Week1,Overlee,Week2,352.0 Overlee - 50.0 Fox Mill Estates
Fox Hunt,Week2,Villa Aquatic,Week4,209.0 Villa Aquatic - 193.0 Fox Hunt
Fox Mill Estates,Week3,Fairfax Station,Week1,285.0 Fairfax Station - 117.0 Fox Mill Estates
Fox Hunt,Week3,Vienna Woods,Week1,288.0 Vienna Woods - 114.0 Fox Hunt
Fox Mill Estates,Week1,Crosspointe,Week1,306.0 Crosspointe - 96.0 Fox Mill Estates
Fox Hunt,Week4,Poplar Heights,Week5,228.0 Poplar Heights - 174.0 Fox Hunt
Fox Mill Woods,Week5,Dunn Loring,Week3,250.0 Dunn Loring - 152.0 Fox Mill Woods
Fox Mill Woods,Week4,Fair Oaks ,Week5,230.5 Fox Mill Woods - 171.5 Fair Oaks
Fox Mill Woods,Week1,Fair Oaks ,Week3,243.0 Fox Mill Woods - 159.0 Fair Oaks
Fox Mill Estates,Week1,Forest Hollow,Week2,249.0 Forest Hollow - 153.0 Fox Mill Estates
Fox Mill Estates,Week5,Fairfax Club Estates,Week3,218.0 Fox Mill Estates - 184.0 Fairfax Club Estates
Fox Mill Estates,Week1,Overlee,Week5,367.0 Overlee - 35.0 Fox Mill Estates
Fox Hunt,Week3,Vienna Woods,Week3,302.0 Vienna Woods - 100.0 Fox Hunt
Fox Hunt,Week4,Vienna Woods,Week2,289.0 Vienna Woods - 113.0 Fox Hunt
Fox Hunt,Week5,Waynewood,Week1,208.0 Waynewood - 194.0 Fox Hunt
Fox Hunt,Week4,Poplar Heights,Week3,235.0 Poplar Heights - 167.0 Fox Hunt
Fox Hunt,Week1,Woodley,Week3,284.0 Fox Hunt - 118.0 Woodley
Fox Mill Estates,Week1,Daventry,Week4,250.0 Fox Mill Estates - 152.0 Daventry
Fox Mill Estates,Week2,Daventry,Week2,263.0 Fox Mill Estates - 138.0 Daventry
Fox Mill Estates,Week5,Orange Hunt,Week4,246.0 Orange Hunt - 156.0 Fox Mill Estates
Fox Hunt,Week2,Woodley,Week1,286.0 Fox Hunt - 116.0 Woodley
Fox Hunt,Week2,Waynewood,Week5,278.0 Waynewood - 124.0 Fox Hunt
Fox Hunt,Week5,Poplar Heights,Week2,204.5 Poplar Heights - 197.5 Fox Hunt
Fox Hunt,Week4,Poplar Heights,Week4,228.0 Poplar Heights - 174.0 Fox Hunt
Fox Hunt,Week5,Vienna Woods,Week2,289.0 Vienna Woods - 113.0 Fox Hunt
Fox Mill Woods,Week1,Fairfax,Week4,202.0 Fairfax - 200.0 Fox Mill Woods
Fox Mill Estates,Week4,Daventry,Week3,304.0 Fox Mill Estates - 97.0 Daventry
Fox Mill Woods,Week5,Fair Oaks ,Week2,294.0 Fox Mill Woods - 108.0 Fair Oaks
Fox Mill Estates,Week2,Overlee,Week3,335.0 Overlee - 67.0 Fox Mill Estates
Fox Hunt,Week1,Woodley,Week5,269.0 Fox Hunt - 133.0 Woodley
Fox Hunt,Week3,Waynewood,Week2,246.0 Waynewood - 156.0 Fox Hunt
Fox Mill Estates,Week1,Overlee,Week1,335.0 Overlee - 67.0 Fox Mill Estates
Fox Mill Estates,Week1,Daventry,Week5,231.0 Fox Mill Estates - 171.0 Daventry
Fox Mill Estates,Week4,Fairfax Club Estates,Week5,216.0 Fox Mill Estates - 186.0 Fairfax Club Estates
Fox Hunt,Week1,Woodley,Week4,291.0 Fox Hunt - 111.0 Woodley
Fox Hunt,Week4,Poplar Heights,Week2,232.0 Poplar Heights - 170.0 Fox Hunt
Fox Mill Estates,Week2,Overlee,Week4,361.0 Overlee - 41.0 Fox Mill Estates
Fox Mill Estates,Week1,Dominion Hills,Week1,253.0 Dominion Hills - 149.0 Fox Mill Estates
Fox Hunt,Week3,Poplar Heights,Week5,224.0 Poplar Heights - 178.0 Fox Hunt
Fox Mill Estates,Week3,Fairfax Club Estates,Week3,209.0 Fox Mill Estates - 192.0 Fairfax Club Estates
Fox Mill Woods,Week5,Fair Oaks ,Week3,249.0 Fox Mill Woods - 153.0 Fair Oaks
Fox Hunt,Week2,Villa Aquatic,Week1,218.0 Fox Hunt - 184.0 Villa Aquatic
Fox Mill Woods,Week5,Fair Oaks ,Week5,234.0 Fox Mill Woods - 168.0 Fair Oaks
Fox Hunt,Week3,Vienna Woods,Week2,281.5 Vienna Woods - 120.5 Fox Hunt
Fox Mill Estates,Week5,Fairfax Club Estates,Week2,232.0 Fox Mill Estates - 170.0 Fairfax Club Estates
Fox Hunt,Week5,Poplar Heights,Week1,214.0 Fox Hunt - 188.0 Poplar Heights
Fox Mill Estates,Week5,Fairfax Club Estates,Week1,210.0 Fox Mill Estates - 192.0 Fairfax Club Estates
Fox Hunt,Week1,Villa Aquatic,Week5,230.0 Villa Aquatic - 172.0 Fox Hunt
Fox Mill Estates,Week5,Daventry,Week4,281.5 Fox Mill Estates - 120.5 Daventry
Fox Mill Estates,Week2,Overlee,Week2,338.5 Overlee - 63.5 Fox Mill Estates
Fox Mill Estates,Week1,Dominion Hills,Week3,257.0 Dominion Hills - 145.0 Fox Mill Estates
Fox Hunt,Week1,Poplar Tree,Week1,240.0 Poplar Tree - 162.0 Fox Hunt
Fox Hunt,Week3,Waynewood,Week3,254.0 Waynewood - 148.0 Fox Hunt
Fox Mill Woods,Week4,Fairfax,Week5,231.0 Fairfax - 171.0 Fox Mill Woods
Fox Mill Estates,Week1,Fairfax Station,Week5,316.0 Fairfax Station - 86.0 Fox Mill Estates
Fox Hunt,Week4,Villa Aquatic,Week3,238.0 Villa Aquatic - 164.0 Fox Hunt
Fox Mill Estates,Week1,Fairfax Station,Week4,301.0 Fairfax Station - 101.0 Fox Mill Estates
Fox Mill Estates,Week4,Daventry,Week4,297.0 Fox Mill Estates - 105.0 Daventry
Fox Hunt,Week5,Poplar Heights,Week3,212.0 Poplar Heights - 190.0 Fox Hunt
Fox Mill Woods,Week2,Fairfax,Week2,225.0 Fairfax - 177.0 Fox Mill Woods
Fox Mill Estates,Week1,Daventry,Week2,244.0 Fox Mill Estates - 157.0 Daventry
Fox Hunt,Week4,Waynewood,Week1,234.0 Waynewood - 168.0 Fox Hunt
Fox Mill Woods,Week2,Fairfax,Week5,242.0 Fairfax - 160.0 Fox Mill Woods
Fox Hunt,Week5,Waynewood,Week4,232.5 Waynewood - 169.5 Fox Hunt
Fox Mill Estates,Week4,Orange Hunt,Week5,253.0 Orange Hunt - 149.0 Fox Mill Estates
Fox Mill Estates,Week5,Crosspointe,Week2,280.0 Crosspointe - 122.0 Fox Mill Estates
Fox Hunt,Week3,Villa Aquatic,Week5,202.0 Fox Hunt - 200.0 Villa Aquatic
Fox Hunt,Week5,Villa Aquatic,Week4,222.0 Fox Hunt - 180.0 Villa Aquatic
Fox Mill Estates,Week4,Orange Hunt,Week2,236.0 Orange Hunt - 166.0 Fox Mill Estates
Fox Hunt,Week5,Villa Aquatic,Week1,241.0 Fox Hunt - 161.0 Villa Aquatic
Fox Mill Estates,Week5,Fairfax Club Estates,Week4,213.0 Fairfax Club Estates - 189.0 Fox Mill Estates
Fox Mill Estates,Week2,Fairfax Station,Week3,312.0 Fairfax Station - 90.0 Fox Mill Estates
Fox Mill Woods,Week2,Fairfax,Week4,211.0 Fairfax - 191.0 Fox Mill Woods
Fox Mill Estates,Week4,Orange Hunt,Week3,238.0 Orange Hunt - 164.0 Fox Mill Estates
Fox Hunt,Week1,Poplar Tree,Week2,228.0 Poplar Tree - 169.0 Fox Hunt
Fox Mill Estates,Week3,Overlee,Week4,360.0 Overlee - 42.0 Fox Mill Estates
Fox Mill Estates,Week3,Daventry,Week1,270.0 Fox Mill Estates - 132.0 Daventry
Fox Mill Estates,Week1,Overlee,Week4,367.0 Overlee - 35.0 Fox Mill Estates
Fox Mill Woods,Week1,Fairfax,Week2,225.0 Fairfax - 177.0 Fox Mill Woods
Fox Mill Estates,Week3,Overlee,Week3,331.0 Overlee - 71.0 Fox Mill Estates
Fox Mill Estates,Week2,Fairfax Station,Week4,280.0 Fairfax Station - 122.0 Fox Mill Estates
Fox Mill Woods,Week1,Fairfax,Week5,232.0 Fairfax - 170.0 Fox Mill Woods
Fox Mill Woods,Week5,Fairfax,Week3,219.0 Fairfax - 183.0 Fox Mill Woods
Fox Mill Estates,Week2,Daventry,Week3,283.0 Fox Mill Estates - 119.0 Daventry
Fox Mill Woods,Week5,Fairfax,Week4,216.0 Fox Mill Woods - 186.0 Fairfax
Fox Mill Estates,Week3,Fairfax Station,Week4,284.0 Fairfax Station - 118.0 Fox Mill Estates
Fox Mill Woods,Week1,Fairfax,Week3,226.0 Fairfax - 176.0 Fox Mill Woods
Fox Hunt,Week4,Village West,Week1,268.0 Fox Hunt - 134.0 Village West
Fox Mill Estates,Week2,Fairfax Station,Week1,285.0 Fairfax Station - 117.0 Fox Mill Estates
Fox Hunt,Week3,Waynewood,Week5,264.0 Waynewood - 138.0 Fox Hunt
Fox Mill Estates,Week5,Crosspointe,Week1,300.0 Crosspointe - 102.0 Fox Mill Estates
Fox Hunt,Week4,Waynewood,Week4,253.0 Waynewood - 149.0 Fox Hunt
Fox Hunt,Week3,Village West,Week2,257.0 Fox Hunt - 145.0 Village West
Fox Mill Estates,Week4,Fairfax Station,Week4,269.0 Fairfax Station - 133.0 Fox Mill Estates
Fox Hunt,Week1,Poplar Tree,Week3,255.5 Poplar Tree - 146.5 Fox Hunt
Fox Mill Estates,Week5,Crosspointe,Week4,285.0 Crosspointe - 117.0 Fox Mill Estates
Fox Mill Estates,Week1,Fairfax Station,Week3,325.0 Fairfax Station - 77.0 Fox Mill Estates
Fox Mill Estates,Week2,Overlee,Week5,359.0 Overlee - 43.0 Fox Mill Estates
Fox Mill Estates,Week5,Orange Hunt,Week1,234.0 Orange Hunt - 168.0 Fox Mill Estates
Fox Hunt,Week4,Waynewood,Week5,270.0 Waynewood - 132.0 Fox Hunt
Fox Hunt,Week4,Villa Aquatic,Week1,219.0 Fox Hunt - 183.0 Villa Aquatic
Fox Hunt,Week1,Woodley,Week2,283.0 Fox Hunt - 119.0 Woodley
Fox Mill Estates,Week1,Daventry,Week3,264.0 Fox Mill Estates - 137.0 Daventry
Fox Hunt,Week5,Waynewood,Week5,246.0 Waynewood - 156.0 Fox Hunt
Fox Hunt,Week1,Village West,Week4,245.0 Fox Hunt - 152.0 Village West
Fox Hunt,Week5,Woodley,Week1,308.0 Fox Hunt - 94.0 Woodley
Fox Mill Estates,Week5,Orange Hunt,Week3,255.0 Orange Hunt - 147.0 Fox Mill Estates
Fox Mill Woods,Week4,Fairfax,Week3,220.0 Fairfax - 182.0 Fox Mill Woods
Fox Hunt,Week4,Woodley,Week3,284.0 Fox Hunt - 118.0 Woodley
Fox Mill Estates,Week4,Fairfax Station,Week2,287.0 Fairfax Station - 115.0 Fox Mill Estates
Fox Mill Estates,Week3,Daventry,Week2,271.0 Fox Mill Estates - 127.0 Daventry
Fox Mill Woods,Week4,Fairfax,Week4,202.0 Fox Mill Woods - 200.0 Fairfax
Fox Mill Estates,Week3,Daventry,Week3,287.0 Fox Mill Estates - 114.0 Daventry
Fox Hunt,Week4,Villa Aquatic,Week5,224.0 Villa Aquatic - 178.0 Fox Hunt
Fox Mill Estates,Week3,Overlee,Week5,359.0 Overlee - 43.0 Fox Mill Estates
Fox Hunt,Week3,Villa Aquatic,Week3,219.0 Villa Aquatic - 183.0 Fox Hunt
Fox Mill Estates,Week4,Fairfax Station,Week1,276.0 Fairfax Station - 126.0 Fox Mill Estates
Fox Hunt,Week3,Village West,Week3,243.5 Fox Hunt - 158.5 Village West
Fox Mill Estates,Week5,Crosspointe,Week3,290.5 Crosspointe - 111.5 Fox Mill Estates
Fox Mill Estates,Week4,Overlee,Week1,309.0 Overlee - 93.0 Fox Mill Estates
Fox Mill Estates,Week5,Crosspointe,Week5,308.0 Crosspointe - 94.0 Fox Mill Estates
Fox Hunt,Week4,Villa Aquatic,Week4,210.0 Villa Aquatic - 192.0 Fox Hunt
Fox Hunt,Week4,Woodley,Week4,291.0 Fox Hunt - 111.0 Woodley
Fox Mill Estates,Week3,Daventry,Week4,281.0 Fox Mill Estates - 120.0 Daventry
Fox Hunt,Week2,Woodley,Week2,284.0 Fox Hunt - 118.0 Woodley
Fox Hunt,Week5,Villa Aquatic,Week5,204.5 Fox Hunt - 197.5 Villa Aquatic
Fox Hunt,Week3,Villa Aquatic,Week4,213.0 Fox Hunt - 189.0 Villa Aquatic
Fox Hunt,Week5,Villa Aquatic,Week3,210.5 Villa Aquatic - 191.5 Fox Hunt
Fox Mill Woods,Week4,Fairfax,Week2,214.0 Fairfax - 188.0 Fox Mill Woods
Fox Mill Estates,Week4,Overlee,Week3,310.0 Overlee - 92.0 Fox Mill Estates
Fox Hunt,Week2,Woodley,Week3,289.0 Fox Hunt - 113.0 Woodley
Fox Mill Estates,Week4,Overlee,Week2,319.0 Overlee - 83.0 Fox Mill Estates
Fox Mill Woods,Week4,Fairfax,Week1,202.5 Fairfax - 199.5 Fox Mill Woods
Fox Mill Woods,Week2,Fairfax,Week3,227.0 Fairfax - 175.0 Fox Mill Woods
Fox Hunt,Week4,Villa Aquatic,Week2,208.0 Fox Hunt - 194.0 Villa Aquatic
Fox Mill Estates,Week5,Fairfax Station,Week5,302.0 Fairfax Station - 100.0 Fox Mill Estates
Fox Hunt,Week3,Woodley,Week4,294.0 Fox Hunt - 103.0 Woodley
Fox Mill Estates,Week2,Daventry,Week1,261.0 Fox Mill Estates - 140.0 Daventry
Fox Hunt,Week2,Woodley,Week4,293.5 Fox Hunt - 108.5 Woodley
Fox Mill Estates,Week4,Fairfax Station,Week5,292.0 Fairfax Station - 110.0 Fox Mill Estates
Fox Mill Woods,Week3,Fairfax,Week2,228.0 Fairfax - 174.0 Fox Mill Woods
Fox Mill Estates,Week5,Fairfax Station,Week2,293.0 Fairfax Station - 109.0 Fox Mill Estates
Fox Mill Estates,Week4,Parklawn,Week3,252.0 Fox Mill Estates - 150.0 Parklawn
Fox Hunt,Week4,Woodley,Week5,279.0 Fox Hunt - 123.0 Woodley
Fox Mill Estates,Week5,Fairfax Station,Week4,283.0 Fairfax Station - 119.0 Fox Mill Estates
Fox Mill Woods,Week3,Fairfax,Week1,212.0 Fairfax - 190.0 Fox Mill Woods
Fox Mill Estates,Week1,Daventry,Week1,249.0 Fox Mill Estates - 153.0 Daventry
Fox Mill Estates,Week1,Forest Hollow,Week1,250.0 Forest Hollow - 152.0 Fox Mill Estates
Fox Mill Estates,Week2,Daventry,Week5,249.5 Fox Mill Estates - 152.5 Daventry
Fox Mill Estates,Week5,Overlee,Week1,324.0 Overlee - 78.0 Fox Mill Estates
Fox Mill Estates,Week3,Overlee,Week2,352.0 Overlee - 50.0 Fox Mill Estates
Fox Mill Estates,Week4,Daventry,Week1,287.0 Fox Mill Estates - 115.0 Daventry
Fox Mill Estates,Week4,Parklawn,Week2,252.0 Fox Mill Estates - 150.0 Parklawn
Fox Mill Estates,Week4,Daventry,Week2,283.5 Fox Mill Estates - 118.5 Daventry
Fox Mill Woods,Week3,Fairfax,Week5,245.0 Fairfax - 157.0 Fox Mill Woods
Fox Mill Estates,Week2,Daventry,Week4,266.0 Fox Mill Estates - 136.0 Daventry
Fox Mill Estates,Week2,Forest Hollow,Week2,231.0 Forest Hollow - 171.0 Fox Mill Estates
Fox Hunt,Week3,Woodley,Week5,280.0 Fox Hunt - 117.0 Woodley
Fox Hunt,Week3,Villa Aquatic,Week1,243.0 Fox Hunt - 159.0 Villa Aquatic
Fox Mill Estates,Week1,Forest Hollow,Week5,276.0 Forest Hollow - 126.0 Fox Mill Estates
Fox Hunt,Week1,Village West,Week1,256.0 Fox Hunt - 146.0 Village West
Fox Hunt,Week5,Woodley,Week3,311.0 Fox Hunt - 91.0 Woodley
Fox Hunt,Week3,Villa Aquatic,Week2,229.0 Fox Hunt - 173.0 Villa Aquatic
Fox Mill Woods,Week3,Fairfax,Week4,209.0 Fairfax - 193.0 Fox Mill Woods
Fox Mill Woods,Week3,Fairfax,Week3,234.0 Fairfax - 168.0 Fox Mill Woods
Fox Hunt,Week1,Village West,Week2,250.0 Fox Hunt - 152.0 Village West
Fox Mill Estates,Week1,Forest Hollow,Week3,263.0 Forest Hollow - 139.0 Fox Mill Estates
Fox Hunt,Week3,Woodley,Week3,295.0 Fox Hunt - 107.0 Woodley
Fox Mill Estates,Week3,Daventry,Week5,259.0 Fox Mill Estates - 142.0 Daventry
Fox Mill Estates,Week5,Parklawn,Week4,212.0 Fox Mill Estates - 190.0 Parklawn
Fox Hunt,Week5,Woodley,Week2,318.0 Fox Hunt - 84.0 Woodley
Fox Mill Estates,Week1,Parliament,Week1,257.0 Parliament - 144.0 Fox Mill Estates
Fox Mill Estates,Week1,Forest Hollow,Week4,270.0 Forest Hollow - 132.0 Fox Mill Estates
Fox Mill Estates,Week5,Overlee,Week4,359.0 Overlee - 43.0 Fox Mill Estates
Fox Mill Woods,Week5,Fairfax,Week1,209.0 Fox Mill Woods - 193.0 Fairfax
Fox Mill Estates,Week1,Fox Hunt,Week1,241.5 Fox Hunt - 160.5 Fox Mill Estates
Fox Mill Estates,Week2,Dominion Hills,Week2,240.0 Dominion Hills - 162.0 Fox Mill Estates
Fox Mill Estates,Week5,Daventry,Week2,270.0 Fox Mill Estates - 132.0 Daventry
Fox Mill Estates,Week1,Annandale,Week4,224.0 Fox Mill Estates - 178.0 Annandale
Fox Mill Estates,Week5,Forest Hollow,Week3,239.0 Forest Hollow - 163.0 Fox Mill Estates
Fox Mill Estates,Week2,Parklawn,Week5,210.0 Fox Mill Estates - 190.0 Parklawn
Fox Mill Estates,Week2,Forest Hollow,Week3,243.0 Forest Hollow - 159.0 Fox Mill Estates
Fox Mill Estates,Week3,Parklawn,Week5,201.0 Parklawn - 197.0 Fox Mill Estates
Fox Mill Estates,Week5,Forest Hollow,Week2,236.0 Forest Hollow - 166.0 Fox Mill Estates
Fox Mill Estates,Week4,Forest Hollow,Week1,225.0 Forest Hollow - 177.0 Fox Mill Estates
Fox Mill Estates,Week1,Annandale,Week1,243.0 Fox Mill Estates - 159.0 Annandale
Fox Mill Estates,Week1,Annandale,Week3,203.0 Annandale - 199.0 Fox Mill Estates
Fox Mill Estates,Week1,Annandale,Week2,222.0 Fox Mill Estates - 180.0 Annandale
Fox Hunt,Week2,Village West,Week4,266.0 Fox Hunt - 131.0 Village West
Fox Mill Estates,Week3,Parklawn,Week4,207.0 Parklawn - 191.0 Fox Mill Estates
Fox Mill Estates,Week2,Dominion Hills,Week5,264.0 Dominion Hills - 138.0 Fox Mill Estates
Fox Mill Estates,Week5,Daventry,Week5,250.0 Fox Mill Estates - 152.0 Daventry
Fox Hunt,Week5,Villa Aquatic,Week2,245.0 Fox Hunt - 157.0 Villa Aquatic
Fox Mill Estates,Week4,Forest Hollow,Week3,226.0 Forest Hollow - 176.0 Fox Mill Estates
Fox Mill Estates,Week1,Parklawn,Week3,203.0 Fox Mill Estates - 198.0 Parklawn
Fox Mill Estates,Week1,Parklawn,Week4,220.0 Parklawn - 181.0 Fox Mill Estates
Fox Mill Estates,Week4,Forest Hollow,Week2,211.0 Forest Hollow - 191.0 Fox Mill Estates
Fox Mill Estates,Week5,Daventry,Week3,286.0 Fox Mill Estates - 116.0 Daventry
Fox Mill Estates,Week1,Dominion Hills,Week2,266.0 Dominion Hills - 136.0 Fox Mill Estates
Fox Mill Woods,Week2,Fairfax,Week1,215.0 Fairfax - 187.0 Fox Mill Woods
Fox Mill Estates,Week5,Forest Hollow,Week1,233.0 Forest Hollow - 169.0 Fox Mill Estates
Fox Hunt,Week2,Woodley,Week5,278.0 Fox Hunt - 124.0 Woodley
Fox Mill Estates,Week2,Parklawn,Week4,205.0 Fox Mill Estates - 196.0 Parklawn
Fox Hunt,Week5,Woodley,Week5,303.0 Fox Hunt - 99.0 Woodley
Fox Mill Woods,Week5,Fairfax,Week2,206.0 Fairfax - 196.0 Fox Mill Woods
Fox Mill Estates,Week5,Overlee,Week3,322.0 Overlee - 80.0 Fox Mill Estates
Fox Hunt,Week2,Village West,Week5,259.0 Fox Hunt - 143.0 Village West
Fox Hunt,Week3,Village West,Week1,271.0 Fox Hunt - 131.0 Village West
Fox Hunt,Week5,Woodley,Week4,320.0 Fox Hunt - 82.0 Woodley
Fox Mill Estates,Week5,Forest Hollow,Week5,256.0 Forest Hollow - 146.0 Fox Mill Estates
Fox Hunt,Week2,Village West,Week3,243.0 Fox Hunt - 159.0 Village West
Fox Hunt,Week2,Village West,Week1,272.0 Fox Hunt - 130.0 Village West
Fox Hunt,Week3,Village West,Week4,269.0 Fox Hunt - 128.0 Village West
Fox Mill Estates,Week5,Daventry,Week1,269.0 Fox Mill Estates - 133.0 Daventry
Fox Mill Estates,Week1,Donaldson Run,Week5,334.0 Donaldson Run - 68.0 Fox Mill Estates
Fox Hunt,Week2,Village West,Week2,268.0 Fox Hunt - 133.0 Village West
Fox Hunt,Week4,Woodley,Week2,285.0 Fox Hunt - 117.0 Woodley
Fox Hunt,Week1,Village West,Week3,232.0 Fox Hunt - 170.0 Village West
Fox Mill Estates,Week3,Parklawn,Week1,262.0 Fox Mill Estates - 131.0 Parklawn
Fox Mill Estates,Week5,Overlee,Week5,352.0 Overlee - 50.0 Fox Mill Estates
Fox Hunt,Week4,Woodley,Week1,289.0 Fox Hunt - 113.0 Woodley
Fox Mill Estates,Week3,Forest Hollow,Week4,245.0 Forest Hollow - 157.0 Fox Mill Estates
Fox Hunt,Week1,Village West,Week5,245.0 Fox Hunt - 157.0 Village West
Fox Mill Estates,Week4,Parklawn,Week4,218.0 Fox Mill Estates - 184.0 Parklawn
Fox Mill Estates,Week3,Forest Hollow,Week5,257.0 Forest Hollow - 145.0 Fox Mill Estates
Fox Mill Estates,Week4,Forest Hollow,Week4,228.0 Forest Hollow - 174.0 Fox Mill Estates
Fox Hunt,Week3,Woodley,Week1,291.0 Fox Hunt - 111.0 Woodley
Fox Hunt,Week4,Village West,Week3,238.0 Fox Hunt - 164.0 Village West
Fox Mill Estates,Week5,Dominion Hills,Week2,232.0 Dominion Hills - 170.0 Fox Mill Estates
Fox Hunt,Week4,Village West,Week4,262.0 Fox Hunt - 135.0 Village West
Fox Hunt,Week3,Village West,Week5,265.0 Fox Hunt - 132.0 Village West
Fox Mill Estates,Week4,Dominion Hills,Week1,216.0 Dominion Hills - 186.0 Fox Mill Estates
Fox Mill Estates,Week4,Parklawn,Week1,275.0 Fox Mill Estates - 118.0 Parklawn
Fox Mill Estates,Week2,Dominion Hills,Week3,234.0 Dominion Hills - 168.0 Fox Mill Estates
Fox Mill Estates,Week2,Parklawn,Week1,252.0 Fox Mill Estates - 141.0 Parklawn
Fox Mill Estates,Week1,Donaldson Run,Week3,323.0 Donaldson Run - 79.0 Fox Mill Estates
Fox Hunt,Week4,Village West,Week5,257.0 Fox Hunt - 145.0 Village West
Fox Hunt,Week4,Village West,Week2,256.0 Fox Hunt - 146.0 Village West
Fox Mill Estates,Week3,Forest Hollow,Week1,232.0 Forest Hollow - 170.0 Fox Mill Estates
Fox Mill Estates,Week1,Parklawn,Week2,208.0 Fox Mill Estates - 193.0 Parklawn
Fox Hunt,Week3,Woodley,Week2,290.0 Fox Hunt - 112.0 Woodley
Fox Mill Estates,Week3,Dominion Hills,Week2,234.5 Dominion Hills - 167.5 Fox Mill Estates
Fox Mill Estates,Week1,Donaldson Run,Week1,316.5 Donaldson Run - 85.5 Fox Mill Estates
Fox Mill Estates,Week2,Forest Hollow,Week4,257.0 Forest Hollow - 145.0 Fox Mill Estates
Fox Mill Estates,Week1,Donaldson Run,Week4,322.0 Donaldson Run - 80.0 Fox Mill Estates
Fox Mill Estates,Week3,Parklawn,Week3,234.5 Fox Mill Estates - 163.5 Parklawn
Fox Hunt,Week5,Village West,Week3,278.0 Fox Hunt - 124.0 Village West
Fox Mill Estates,Week4,Parklawn,Week5,225.0 Fox Mill Estates - 177.0 Parklawn
Fox Mill Estates,Week2,Forest Hollow,Week5,258.0 Forest Hollow - 144.0 Fox Mill Estates
Fox Mill Estates,Week3,Forest Hollow,Week2,231.0 Forest Hollow - 171.0 Fox Mill Estates
Fox Mill Estates,Week4,Dominion Hills,Week5,242.0 Dominion Hills - 160.0 Fox Mill Estates
Fox Hunt,Week5,North Springfield,Week3,312.0 Fox Hunt - 84.0 North Springfield
Fox Hunt,Week3,Oakton ,Week5,281.0 Oakton - 121.0 Fox Hunt
Fox Mill Estates,Week4,Dominion Hills,Week2,222.0 Dominion Hills - 180.0 Fox Mill Estates
Fox Mill Estates,Week2,Parklawn,Week2,223.0 Fox Mill Estates - 178.0 Parklawn
Fox Hunt,Week5,Village West,Week4,289.0 Fox Hunt - 108.0 Village West
Fox Hunt,Week1,Virginia Hills,Week3,330.0 Fox Hunt - 72.0 Virginia Hills
Fox Mill Estates,Week1,Donaldson Run,Week2,312.0 Donaldson Run - 90.0 Fox Mill Estates
Fox Hunt,Week2,Oakton ,Week4,303.5 Oakton - 98.5 Fox Hunt
Fox Mill Estates,Week1,Parklawn,Week5,218.0 Parklawn - 183.0 Fox Mill Estates
Fox Mill Estates,Week5,Parklawn,Week1,247.5 Fox Mill Estates - 145.5 Parklawn
Fox Mill Estates,Week3,Dominion Hills,Week1,221.0 Dominion Hills - 181.0 Fox Mill Estates
Fox Mill Estates,Week1,Fox Mill Estates,Week3,220.0 Fox Mill Estates (FME2) - 182.0 Fox Mill Estates (FME1)
Fox Hunt,Week1,Virginia Hills,Week1,339.0 Fox Hunt - 63.0 Virginia Hills
Fox Mill Estates,Week5,Forest Hollow,Week4,245.0 Forest Hollow - 157.0 Fox Mill Estates
Fox Mill Estates,Week1,Fox Hunt,Week5,264.0 Fox Hunt - 138.0 Fox Mill Estates
Fox Mill Estates,Week2,Parklawn,Week3,220.0 Fox Mill Estates - 181.0 Parklawn
Fox Hunt,Week1,Virginia Hills,Week2,342.0 Fox Hunt - 60.0 Virginia Hills
Fox Mill Estates,Week3,Forest Hollow,Week3,236.0 Forest Hollow - 166.0 Fox Mill Estates
Fox Hunt,Week5,Village West,Week5,282.0 Fox Hunt - 120.0 Village West
Fox Mill Estates,Week3,Parklawn,Week2,227.0 Fox Mill Estates - 171.0 Parklawn
Fox Hunt,Week3,Oakton ,Week2,271.0 Oakton - 131.0 Fox Hunt
Fox Hunt,Week1,Oakton ,Week4,303.0 Oakton - 99.0 Fox Hunt
Fox Mill Estates,Week4,Forest Hollow,Week5,243.0 Forest Hollow - 159.0 Fox Mill Estates
Fox Mill Estates,Week3,Dominion Hills,Week5,261.0 Dominion Hills - 141.0 Fox Mill Estates
Fox Mill Estates,Week5,Parklawn,Week2,228.0 Fox Mill Estates - 174.0 Parklawn
Fox Mill Estates,Week5,Dominion Hills,Week3,220.0 Dominion Hills - 182.0 Fox Mill Estates
Fox Hunt,Week5,Village West,Week2,283.0 Fox Hunt - 119.0 Village West
Fox Mill Estates,Week2,Dominion Hills,Week4,246.0 Dominion Hills - 156.0 Fox Mill Estates
Fox Mill Estates,Week1,Parklawn,Week1,233.0 Fox Mill Estates - 160.0 Parklawn
Fox Hunt,Week1,Oakton ,Week5,295.0 Oakton - 102.0 Fox Hunt
Fox Hunt,Week1,Oakton ,Week1,284.0 Oakton - 118.0 Fox Hunt
Fox Mill Estates,Week5,Parklawn,Week3,235.0 Fox Mill Estates - 167.0 Parklawn
Fox Hunt,Week1,Old Keene Mill,Week5,230.0 Fox Hunt - 172.0 Old Keene Mill
Fox Mill Estates,Week5,Parklawn,Week5,215.0 Fox Mill Estates - 187.0 Parklawn
Fox Mill Estates,Week4,Fox Hunt,Week5,236.0 Fox Hunt - 166.0 Fox Mill Estates
Fox Hunt,Week5,Village West,Week1,285.0 Fox Hunt - 117.0 Village West
Fox Mill Estates,Week1,Fox Mill Estates,Week1,198.5 Fox Mill Estates (FME1) - 198.5 Fox Mill Estates (FME2)
Fox Mill Estates,Week1,Dominion Hills,Week5,282.0 Dominion Hills - 115.0 Fox Mill Estates
Fox Mill Estates,Week2,Fox Hunt,Week3,238.0 Fox Hunt - 164.0 Fox Mill Estates
Fox Mill Estates,Week4,Fox Hunt,Week3,214.0 Fox Hunt - 188.0 Fox Mill Estates
Fox Hunt,Week2,Old Keene Mill,Week2,239.0 Fox Hunt - 163.0 Old Keene Mill
Fox Mill Estates,Week1,Parliament,Week2,234.0 Parliament - 168.0 Fox Mill Estates
Fox Mill Estates,Week3,Fox Hunt,Week4,220.0 Fox Hunt - 182.0 Fox Mill Estates
Fox Mill Estates,Week2,Dominion Hills,Week1,233.0 Dominion Hills - 169.0 Fox Mill Estates
Fox Mill Estates,Week5,Fox Hunt,Week4,225.0 Fox Hunt - 177.0 Fox Mill Estates
Fox Mill Estates,Week1,Fox Mill Estates,Week2,231.5 Fox Mill Estates (FME2) - 170.5 Fox Mill Estates (FME1)
Fox Mill Estates,Week4,Cardinal Hill,Week4,279.0 Cardinal Hill - 123.0 Fox Mill Estates
Fox Mill Estates,Week1,Parliament,Week4,225.0 Parliament - 177.0 Fox Mill Estates
Fox Mill Estates,Week1,Parliament,Week3,245.0 Parliament - 157.0 Fox Mill Estates
Fox Mill Estates,Week4,Cardinal Hill,Week1,279.0 Cardinal Hill - 123.0 Fox Mill Estates
Fox Hunt,Week4,Oakton ,Week3,268.0 Oakton - 134.0 Fox Hunt
Fox Mill Estates,Week2,Fox Hunt,Week1,227.0 Fox Hunt - 175.0 Fox Mill Estates
Fox Hunt,Week2,Oakton ,Week2,297.0 Oakton - 100.0 Fox Hunt
Fox Mill Estates,Week4,Dominion Hills,Week4,237.0 Dominion Hills - 165.0 Fox Mill Estates
Fox Mill Estates,Week5,Dominion Hills,Week5,256.0 Dominion Hills - 146.0 Fox Mill Estates
Fox Mill Estates,Week2,Fox Hunt,Week5,247.0 Fox Hunt - 154.0 Fox Mill Estates
Fox Mill Estates,Week4,Parliament,Week3,204.0 Parliament - 198.0 Fox Mill Estates
Fox Mill Estates,Week2,Cardinal Hill,Week5,267.0 Cardinal Hill - 135.0 Fox Mill Estates
Fox Mill Estates,Week5,Dominion Hills,Week4,240.0 Dominion Hills - 162.0 Fox Mill Estates
Fox Mill Estates,Week5,Canterbury Woods,Week4,222.0 Canterbury Woods - 180.0 Fox Mill Estates
Fox Hunt,Week2,Oakton ,Week1,288.0 Oakton - 114.0 Fox Hunt
Fox Mill Estates,Week5,Cardinal Hill,Week5,266.0 Cardinal Hill - 136.0 Fox Mill Estates
Fox Mill Estates,Week4,Dominion Hills,Week3,218.0 Dominion Hills - 184.0 Fox Mill Estates
Fox Mill Estates,Week1,Parliament,Week5,241.0 Parliament - 160.0 Fox Mill Estates
Fox Hunt,Week1,Oakton ,Week3,282.0 Oakton - 120.0 Fox Hunt
Fox Mill Estates,Week5,Canterbury Woods,Week1,206.0 Fox Mill Estates - 196.0 Canterbury Woods
Fox Hunt,Week5,North Springfield,Week5,282.0 Fox Hunt - 92.0 North Springfield
Fox Mill Estates,Week3,Cardinal Hill,Week1,284.0 Cardinal Hill - 118.0 Fox Mill Estates
Fox Mill Estates,Week1,Fox Hunt,Week3,254.0 Fox Hunt - 148.0 Fox Mill Estates
Fox Mill Estates,Week2,Pinecrest,Week4,299.5 Pinecrest - 102.5 Fox Mill Estates
Fox Mill Estates,Week2,Parliament,Week1,230.0 Parliament - 171.0 Fox Mill Estates
Fox Mill Estates,Week5,Fox Hunt,Week5,243.0 Fox Hunt - 159.0 Fox Mill Estates
Fox Hunt,Week3,Oakton ,Week3,257.0 Oakton - 135.0 Fox Hunt
Fox Mill Estates,Week4,Canterbury Woods,Week5,205.0 Fox Mill Estates - 197.0 Canterbury Woods
Fox Mill Estates,Week3,Dominion Hills,Week4,245.0 Dominion Hills - 157.0 Fox Mill Estates
Fox Hunt,Week3,Oakton ,Week1,272.0 Oakton - 130.0 Fox Hunt
Fox Mill Estates,Week2,Donaldson Run,Week4,304.0 Donaldson Run - 98.0 Fox Mill Estates
Fox Mill Estates,Week2,Parliament,Week2,202.0 Fox Mill Estates - 196.0 Parliament
Fox Mill Estates,Week1,Dominion Hills,Week4,269.0 Dominion Hills - 133.0 Fox Mill Estates
Fox Mill Estates,Week3,Fox Hunt,Week5,241.0 Fox Hunt - 161.0 Fox Mill Estates
Fox Mill Estates,Week2,Pinecrest,Week2,301.0 Pinecrest - 101.0 Fox Mill Estates
Fox Mill Estates,Week2,Fox Hunt,Week4,233.5 Fox Hunt - 167.5 Fox Mill Estates
Fox Mill Estates,Week1,Pinecrest,Week1,288.0 Pinecrest - 114.0 Fox Mill Estates
Fox Mill Estates,Week5,Canterbury Woods,Week2,207.0 Fox Mill Estates - 195.0 Canterbury Woods
Fox Mill Estates,Week2,Donaldson Run,Week3,292.0 Donaldson Run - 110.0 Fox Mill Estates
Fox Hunt,Week3,Oakton ,Week4,272.0 Oakton - 130.0 Fox Hunt
Fox Mill Estates,Week2,Cardinal Hill,Week3,291.0 Cardinal Hill - 111.0 Fox Mill Estates
Fox Mill Estates,Week4,Cardinal Hill,Week3,292.0 Cardinal Hill - 110.0 Fox Mill Estates
Fox Hunt,Week5,Oakton ,Week1,255.0 Oakton - 147.0 Fox Hunt
Fox Mill Estates,Week5,Fox Hunt,Week1,227.0 Fox Hunt - 175.0 Fox Mill Estates
Fox Mill Estates,Week2,Parliament,Week4,208.0 Parliament - 193.0 Fox Mill Estates
Fox Hunt,Week5,Oakton ,Week5,273.0 Oakton - 129.0 Fox Hunt
Fox Hunt,Week2,Oakton ,Week5,300.5 Oakton - 96.5 Fox Hunt
Fox Mill Estates,Week1,Cardinal Hill,Week3,320.0 Cardinal Hill - 82.0 Fox Mill Estates
Fox Mill Estates,Week2,Donaldson Run,Week1,301.0 Donaldson Run - 101.0 Fox Mill Estates
Fox Mill Estates,Week2,Parliament,Week3,206.0 Parliament - 196.0 Fox Mill Estates
Fox Mill Estates,Week2,Donaldson Run,Week2,312.0 Donaldson Run - 90.0 Fox Mill Estates
Fox Mill Estates,Week3,Dominion Hills,Week3,239.0 Dominion Hills - 163.0 Fox Mill Estates
Fox Mill Estates,Week3,Fox Hunt,Week3,233.0 Fox Hunt - 169.0 Fox Mill Estates
Fox Mill Estates,Week5,Dominion Hills,Week1,216.0 Dominion Hills - 186.0 Fox Mill Estates
Fox Mill Estates,Week1,Cardinal Hill,Week4,293.0 Cardinal Hill - 109.0 Fox Mill Estates
Fox Mill Estates,Week5,Fox Hunt,Week2,229.0 Fox Hunt - 173.0 Fox Mill Estates
Fox Mill Estates,Week4,Fox Hunt,Week1,202.0 Fox Mill Estates - 200.0 Fox Hunt
Fox Mill Estates,Week4,Parliament,Week2,218.0 Fox Mill Estates - 184.0 Parliament
Fox Mill Estates,Week3,Donaldson Run,Week2,317.0 Donaldson Run - 85.0 Fox Mill Estates
Fox Hunt,Week4,Parklawn,Week4,249.0 Fox Hunt - 152.0 Parklawn
Fox Hunt,Week5,Overlee,Week2,340.0 Overlee - 62.0 Fox Hunt
Fox Hunt,Week4,Oakton ,Week1,268.5 Oakton - 133.5 Fox Hunt
Fox Mill Estates,Week5,Canterbury Woods,Week5,212.0 Canterbury Woods - 190.0 Fox Mill Estates
Fox Mill Estates,Week3,Parliament,Week3,204.0 Parliament - 198.0 Fox Mill Estates
Fox Mill Estates,Week2,Fox Hunt,Week2,221.0 Fox Hunt - 180.0 Fox Mill Estates
Fox Mill Estates,Week3,Dowden Terrace,Week3,229.5 Dowden Terrace - 172.5 Fox Mill Estates
Fox Mill Estates,Week1,Cardinal Hill,Week5,295.0 Cardinal Hill - 107.0 Fox Mill Estates
Fox Mill Estates,Week3,Parliament,Week5,209.0 Parliament - 193.0 Fox Mill Estates
Fox Hunt,Week1,Old Keene Mill,Week1,258.0 Fox Hunt - 144.0 Old Keene Mill
Fox Hunt,Week5,North Springfield,Week4,317.0 Fox Hunt - 73.0 North Springfield
Fox Mill Estates,Week5,Donaldson Run,Week5,319.0 Donaldson Run - 83.0 Fox Mill Estates
Fox Mill Estates,Week4,Fox Hunt,Week4,206.0 Fox Hunt - 196.0 Fox Mill Estates
Fox Hunt,Week4,Oakton ,Week5,283.0 Oakton - 119.0 Fox Hunt
Fox Mill Estates,Week4,Fox Hunt,Week2,205.0 Fox Hunt - 197.0 Fox Mill Estates
Fox Mill Estates,Week2,Cardinal Hill,Week1,288.0 Cardinal Hill - 114.0 Fox Mill Estates
Fox Mill Estates,Week3,Parliament,Week2,206.0 Parliament - 195.0 Fox Mill Estates
Fox Hunt,Week4,Oakton ,Week2,282.0 Oakton - 120.0 Fox Hunt
Fox Mill Estates,Week3,Dowden Terrace,Week1,215.0 Dowden Terrace - 183.0 Fox Mill Estates
Fox Mill Estates,Week1,Fox Hunt,Week2,239.0 Fox Hunt - 163.0 Fox Mill Estates
Fox Mill Estates,Week4,Parliament,Week4,210.0 Fox Mill Estates - 192.0 Parliament
Fox Mill Estates,Week1,Cardinal Hill,Week2,280.0 Cardinal Hill - 122.0 Fox Mill Estates
Fox Mill Estates,Week1,Dowden Terrace,Week3,251.0 Dowden Terrace - 151.0 Fox Mill Estates
Fox Mill Estates,Week5,Parliament,Week4,212.0 Fox Mill Estates - 190.0 Parliament
Fox Hunt,Week4,Oakton ,Week4,273.0 Oakton - 129.0 Fox Hunt
Fox Mill Estates,Week3,Cardinal Hill,Week3,297.0 Cardinal Hill - 105.0 Fox Mill Estates
Fox Mill Estates,Week3,Donaldson Run,Week5,321.0 Donaldson Run - 81.0 Fox Mill Estates
Fox Hunt,Week2,Oakton ,Week3,287.0 Oakton - 115.0 Fox Hunt
Fox Mill Estates,Week3,Cardinal Hill,Week4,288.0 Cardinal Hill - 114.0 Fox Mill Estates
Fox Mill Estates,Week3,Donaldson Run,Week1,314.0 Donaldson Run - 88.0 Fox Mill Estates
Fox Hunt,Week1,Oakton ,Week2,296.0 Oakton - 101.0 Fox Hunt
Fox Hunt,Week4,Parklawn,Week2,253.0 Fox Hunt - 149.0 Parklawn
Fox Hunt,Week1,Parklawn,Week5,254.0 Fox Hunt - 148.0 Parklawn
Fox Mill Estates,Week3,Fox Hunt,Week1,226.0 Fox Hunt - 176.0 Fox Mill Estates
Fox Mill Estates,Week1,Pinecrest,Week4,317.0 Pinecrest - 85.0 Fox Mill Estates
Fox Hunt,Week1,Old Keene Mill,Week2,229.0 Fox Hunt - 173.0 Old Keene Mill
Fox Mill Estates,Week2,Cardinal Hill,Week2,262.0 Cardinal Hill - 140.0 Fox Mill Estates
Fox Mill Estates,Week5,Parliament,Week3,204.0 Parliament - 198.0 Fox Mill Estates
Fox Hunt,Week4,Parklawn,Week3,278.0 Fox Hunt - 124.0 Parklawn
Fox Mill Estates,Week3,Cardinal Hill,Week5,275.0 Cardinal Hill - 126.0 Fox Mill Estates
Fox Mill Estates,Week5,Fox Hunt,Week3,243.0 Fox Hunt - 159.0 Fox Mill Estates
Fox Mill Estates,Week4,Parliament,Week5,208.0 Fox Mill Estates - 193.0 Parliament
Fox Mill Estates,Week5,Parliament,Week5,203.0 Parliament - 199.0 Fox Mill Estates
Fox Mill Estates,Week4,Donaldson Run,Week2,288.0 Donaldson Run - 114.0 Fox Mill Estates
Fox Mill Estates,Week4,Cardinal Hill,Week2,267.0 Cardinal Hill - 135.0 Fox Mill Estates
Fox Hunt,Week1,Old Keene Mill,Week3,220.5 Fox Hunt - 181.5 Old Keene Mill
Fox Hunt,Week3,Parklawn,Week1,292.0 Fox Hunt - 101.0 Parklawn
Fox Mill Estates,Week5,Canterbury Woods,Week3,214.0 Canterbury Woods - 188.0 Fox Mill Estates
Fox Hunt,Week5,Oakton ,Week2,255.0 Oakton - 147.0 Fox Hunt
Fox Hunt,Week5,Oakton ,Week4,264.0 Oakton - 138.0 Fox Hunt
Fox Mill Estates,Week1,Fox Hunt,Week4,244.0 Fox Hunt - 158.0 Fox Mill Estates
Fox Mill Estates,Week2,Fox Mill Estates,Week2,200.5 Fox Mill Estates (FME1) - 200.5 Fox Mill Estates (FME2)
Fox Hunt,Week2,Parklawn,Week4,263.0 Fox Hunt - 139.0 Parklawn
Fox Hunt,Week5,Overlee,Week5,354.0 Overlee - 48.0 Fox Hunt
Fox Mill Estates,Week4,Donaldson Run,Week1,288.0 Donaldson Run - 114.0 Fox Mill Estates
Fox Hunt,Week5,Overlee,Week3,319.0 Overlee - 83.0 Fox Hunt
Fox Mill Estates,Week1,Dowden Terrace,Week1,249.0 Dowden Terrace - 152.0 Fox Mill Estates
Fox Mill Estates,Week3,Parliament,Week4,208.0 Parliament - 194.0 Fox Mill Estates
Fox Mill Estates,Week3,Fox Hunt,Week2,215.0 Fox Hunt - 187.0 Fox Mill Estates
Fox Mill Estates,Week3,Donaldson Run,Week3,303.0 Donaldson Run - 99.0 Fox Mill Estates
Fox Mill Estates,Week2,Fox Mill Estates,Week5,214.0 Fox Mill Estates (FME2) - 188.0 Fox Mill Estates (FME1)
Fox Mill Estates,Week2,Cardinal Hill,Week4,277.0 Cardinal Hill - 125.0 Fox Mill Estates
Fox Mill Estates,Week5,Parliament,Week1,217.0 Parliament - 185.0 Fox Mill Estates
Fox Hunt,Week5,Parklawn,Week3,303.0 Fox Hunt - 99.0 Parklawn
Fox Mill Estates,Week2,Fox Mill Woods,Week2,261.0 Fox Mill Woods - 141.0 Fox Mill Estates
Fox Hunt,Week5,Oakton ,Week3,243.0 Oakton - 159.0 Fox Hunt
Fox Mill Estates,Week4,Donaldson Run,Week4,292.0 Donaldson Run - 110.0 Fox Mill Estates
Fox Mill Estates,Week5,Cardinal Hill,Week1,281.0 Cardinal Hill - 121.0 Fox Mill Estates
Fox Mill Estates,Week3,Parliament,Week1,235.0 Parliament - 167.0 Fox Mill Estates
Fox Hunt,Week3,Parklawn,Week5,270.0 Fox Hunt - 126.0 Parklawn
Fox Mill Estates,Week3,Donaldson Run,Week4,311.0 Donaldson Run - 91.0 Fox Mill Estates
Fox Hunt,Week1,Parklawn,Week1,285.0 Fox Hunt - 103.0 Parklawn
Fox Mill Estates,Week3,Cardinal Hill,Week2,262.0 Cardinal Hill - 140.0 Fox Mill Estates
Fox Mill Estates,Week5,Donaldson Run,Week3,305.0 Donaldson Run - 97.0 Fox Mill Estates
Fox Hunt,Week1,Old Keene Mill,Week4,239.0 Fox Hunt - 163.0 Old Keene Mill
Fox Hunt,Week1,Parklawn,Week4,248.0 Fox Hunt - 153.0 Parklawn
Fox Hunt,Week2,Old Keene Mill,Week1,257.0 Fox Hunt - 145.0 Old Keene Mill
Fox Mill Estates,Week5,Fox Mill Estates,Week4,227.0 Fox Mill Estates (FME2) - 175.0 Fox Mill Estates (FME1)
Fox Mill Estates,Week2,Parliament,Week5,215.0 Parliament - 186.0 Fox Mill Estates
Fox Mill Estates,Week1,Fox Mill Estates,Week4,269.0 Fox Mill Estates (FME2) - 133.0 Fox Mill Estates (FME1)
Fox Mill Estates,Week5,Donaldson Run,Week2,297.0 Donaldson Run - 105.0 Fox Mill Estates
Fox Mill Estates,Week5,Fox Mill Estates,Week3,202.0 Fox Mill Estates (FME2) - 200.0 Fox Mill Estates (FME1)
Fox Mill Estates,Week4,Cardinal Hill,Week5,259.0 Cardinal Hill - 143.0 Fox Mill Estates
Fox Mill Estates,Week1,Pinecrest,Week2,300.0 Pinecrest - 102.0 Fox Mill Estates
Fox Mill Estates,Week5,Cardinal Hill,Week2,257.0 Cardinal Hill - 145.0 Fox Mill Estates
Fox Hunt,Week3,Old Keene Mill,Week4,253.0 Fox Hunt - 149.0 Old Keene Mill
Fox Mill Estates,Week4,Parliament,Week1,218.0 Parliament - 183.0 Fox Mill Estates
Fox Hunt,Week2,Parklawn,Week1,293.0 Fox Hunt - 95.0 Parklawn
Fox Mill Estates,Week1,Cardinal Hill,Week1,302.0 Cardinal Hill - 100.0 Fox Mill Estates
Fox Hunt,Week3,Old Keene Mill,Week1,287.0 Fox Hunt - 115.0 Old Keene Mill
Fox Mill Estates,Week5,Donaldson Run,Week4,305.0 Donaldson Run - 97.0 Fox Mill Estates
Fox Mill Estates,Week3,Fox Mill Estates,Week5,202.0 Fox Mill Estates (FME1) - 200.0 Fox Mill Estates (FME2)
Fox Hunt,Week4,Parklawn,Week1,279.0 Fox Hunt - 114.0 Parklawn
Fox Mill Estates,Week4,Donaldson Run,Week5,314.5 Donaldson Run - 87.5 Fox Mill Estates
Fox Mill Estates,Week5,Parliament,Week2,218.0 Fox Mill Estates - 184.0 Parliament
Fox Mill Estates,Week1,Dowden Terrace,Week2,253.0 Dowden Terrace - 144.0 Fox Mill Estates
Fox Mill Estates,Week2,Donaldson Run,Week5,335.0 Donaldson Run - 67.0 Fox Mill Estates
Fox Mill Estates,Week1,Pinecrest,Week5,305.0 Pinecrest - 97.0 Fox Mill Estates
Fox Hunt,Week3,Old Keene Mill,Week2,265.0 Fox Hunt - 137.0 Old Keene Mill
Fox Mill Estates,Week1,Pinecrest,Week3,309.0 Pinecrest - 93.0 Fox Mill Estates
Fox Hunt,Week2,Old Keene Mill,Week5,235.0 Fox Hunt - 166.0 Old Keene Mill
Fox Mill Estates,Week2,Pinecrest,Week3,296.0 Pinecrest - 106.0 Fox Mill Estates
Fox Hunt,Week2,Parklawn,Week2,273.0 Fox Hunt - 129.0 Parklawn
Fox Mill Estates,Week2,Fox Mill Estates,Week1,231.5 Fox Mill Estates (FME1) - 170.5 Fox Mill Estates (FME2)
Fox Hunt,Week2,Old Keene Mill,Week3,244.0 Fox Hunt - 158.0 Old Keene Mill
Fox Mill Estates,Week3,Chesterbrook,Week3,362.0 Chesterbrook - 40.0 Fox Mill Estates
Fox Mill Estates,Week2,Fox Mill Estates,Week4,243.0 Fox Mill Estates (FME2) - 159.0 Fox Mill Estates (FME1)
Fox Hunt,Week2,Old Keene Mill,Week4,247.0 Fox Hunt - 155.0 Old Keene Mill
Fox Mill Estates,Week1,Fox Mill Woods,Week1,287.0 Fox Mill Woods - 115.0 Fox Mill Estates
Fox Hunt,Week4,Overlee,Week5,357.0 Overlee - 45.0 Fox Hunt
Fox Hunt,Week2,Parklawn,Week3,280.0 Fox Hunt - 122.0 Parklawn
Fox Mill Estates,Week3,Fox Mill Estates,Week4,230.0 Fox Mill Estates (FME2) - 172.0 Fox Mill Estates (FME1)
Fox Mill Estates,Week5,Chesterbrook,Week5,359.5 Chesterbrook - 42.5 Fox Mill Estates
Fox Mill Estates,Week2,Pinecrest,Week1,283.0 Pinecrest - 119.0 Fox Mill Estates
Fox Mill Estates,Week1,Dowden Terrace,Week4,261.0 Dowden Terrace - 141.0 Fox Mill Estates
Fox Mill Estates,Week5,Cardinal Hill,Week3,295.5 Cardinal Hill - 106.5 Fox Mill Estates
Fox Hunt,Week3,Parklawn,Week2,279.0 Fox Hunt - 122.0 Parklawn
Fox Mill Estates,Week5,Cardinal Hill,Week4,275.0 Cardinal Hill - 127.0 Fox Mill Estates
Fox Mill Estates,Week1,Dowden Terrace,Week5,272.0 Dowden Terrace - 130.0 Fox Mill Estates
Fox Hunt,Week4,Old Keene Mill,Week1,272.0 Fox Hunt - 130.0 Old Keene Mill
Fox Mill Estates,Week2,Pinewood Lake,Week1,340.0 Fox Mill Estates - 57.0 Pinewood Lake
Fox Hunt,Week4,Old Keene Mill,Week2,253.0 Fox Hunt - 149.0 Old Keene Mill
Fox Mill Estates,Week3,Pinecrest,Week4,299.0 Pinecrest - 103.0 Fox Mill Estates
Fox Mill Estates,Week1,Chesterbrook,Week2,357.0 Chesterbrook - 45.0 Fox Mill Estates
Fox Hunt,Week1,Parklawn,Week3,272.0 Fox Hunt - 130.0 Parklawn
Fox Mill Estates,Week2,Dowden Terrace,Week3,223.0 Dowden Terrace - 179.0 Fox Mill Estates
Fox Mill Estates,Week3,Fox Mill Estates,Week1,220.0 Fox Mill Estates (FME1) - 182.0 Fox Mill Estates (FME2)
Fox Mill Estates,Week2,Chesterbrook,Week2,351.0 Chesterbrook - 51.0 Fox Mill Estates
Fox Hunt,Week3,Old Keene Mill,Week3,255.0 Fox Hunt - 147.0 Old Keene Mill
Fox Hunt,Week2,Parklawn,Week5,264.0 Fox Hunt - 137.0 Parklawn
Fox Mill Estates,Week1,Fox Mill Estates,Week5,243.0 Fox Mill Estates (FME2) - 159.0 Fox Mill Estates (FME1)
Fox Mill Estates,Week3,Fox Mill Estates,Week3,198.0 Fox Mill Estates (FME1) - 198.0 Fox Mill Estates (FME2)
Fox Mill Estates,Week1,Pinewood Lake,Week4,331.0 Fox Mill Estates - 67.0 Pinewood Lake
Fox Hunt,Week4,Overlee,Week4,366.0 Overlee - 36.0 Fox Hunt
Fox Hunt,Week4,Old Keene Mill,Week4,252.0 Fox Hunt - 150.0 Old Keene Mill
Fox Mill Estates,Week4,Fox Mill Estates,Week2,243.0 Fox Mill Estates (FME1) - 159.0 Fox Mill Estates (FME2)
Fox Mill Estates,Week4,Donaldson Run,Week3,291.0 Donaldson Run - 111.0 Fox Mill Estates
Fox Mill Estates,Week5,Pinecrest,Week4,299.0 Pinecrest - 103.0 Fox Mill Estates
Fox Hunt,Week3,Old Keene Mill,Week5,251.0 Fox Hunt - 151.0 Old Keene Mill
Fox Mill Estates,Week2,Dowden Terrace,Week2,240.0 Dowden Terrace - 162.0 Fox Mill Estates
Fox Mill Estates,Week4,Fox Mill Estates,Week5,227.0 Fox Mill Estates (FME1) - 175.0 Fox Mill Estates (FME2)
Fox Mill Estates,Week2,Chesterbrook,Week5,352.0 Chesterbrook - 50.0 Fox Mill Estates
Fox Mill Estates,Week2,Dowden Terrace,Week5,252.0 Dowden Terrace - 150.0 Fox Mill Estates
Fox Mill Estates,Week2,Dowden Terrace,Week1,225.5 Dowden Terrace - 175.5 Fox Mill Estates
Fox Mill Estates,Week4,Fox Mill Estates,Week3,230.0 Fox Mill Estates (FME1) - 172.0 Fox Mill Estates (FME2)
Fox Mill Estates,Week5,Donaldson Run,Week1,295.0 Donaldson Run - 107.0 Fox Mill Estates
Fox Mill Estates,Week2,Dowden Terrace,Week4,244.0 Dowden Terrace - 158.0 Fox Mill Estates
Fox Mill Estates,Week1,Chesterbrook,Week5,358.0 Chesterbrook - 44.0 Fox Mill Estates
Fox Hunt,Week3,Parklawn,Week3,298.0 Fox Hunt - 103.0 Parklawn
Fox Hunt,Week4,Old Keene Mill,Week3,245.0 Fox Hunt - 157.0 Old Keene Mill
Fox Hunt,Week5,Overlee,Week1,321.0 Overlee - 81.0 Fox Hunt
Fox Mill Estates,Week1,Chesterbrook,Week1,353.0 Chesterbrook - 49.0 Fox Mill Estates
Fox Mill Estates,Week3,Fox Mill Estates,Week2,202.0 Fox Mill Estates (FME2) - 200.0 Fox Mill Estates (FME1)
Fox Hunt,Week5,Overlee,Week4,359.0 Overlee - 43.0 Fox Hunt
Fox Mill Estates,Week5,Pinecrest,Week3,285.0 Pinecrest - 117.0 Fox Mill Estates
Fox Hunt,Week3,Parklawn,Week4,262.0 Fox Hunt - 138.0 Parklawn
Fox Hunt,Week4,Old Keene Mill,Week5,246.0 Fox Hunt - 156.0 Old Keene Mill
Fox Mill Estates,Week5,Fox Mill Estates,Week1,243.0 Fox Mill Estates (FME1) - 159.0 Fox Mill Estates (FME2)
Fox Mill Estates,Week4,Pinecrest,Week3,272.0 Pinecrest - 130.0 Fox Mill Estates
Fox Mill Estates,Week2,Chesterbrook,Week4,356.0 Chesterbrook - 46.0 Fox Mill Estates
Fox Mill Estates,Week3,Pinecrest,Week2,291.0 Pinecrest - 111.0 Fox Mill Estates
Fox Mill Estates,Week3,Chesterbrook,Week5,355.0 Chesterbrook - 47.0 Fox Mill Estates
Fox Hunt,Week5,Old Keene Mill,Week2,267.0 Fox Hunt - 135.0 Old Keene Mill
Fox Hunt,Week5,Parklawn,Week1,305.0 Fox Hunt - 88.0 Parklawn
Fox Mill Estates,Week4,Chesterbrook,Week4,353.0 Chesterbrook - 49.0 Fox Mill Estates
Fox Mill Estates,Week4,Chesterbrook,Week2,339.0 Chesterbrook - 63.0 Fox Mill Estates
Fox Mill Estates,Week2,Fox Mill Estates,Week3,202.0 Fox Mill Estates (FME1) - 200.0 Fox Mill Estates (FME2)
Fox Mill Estates,Week1,Fox Mill Woods,Week2,293.0 Fox Mill Woods - 109.0 Fox Mill Estates
Fox Hunt,Week5,Old Keene Mill,Week3,263.0 Fox Hunt - 139.0 Old Keene Mill
Fox Mill Estates,Week2,Pinecrest,Week5,293.0 Pinecrest - 109.0 Fox Mill Estates
Fox Mill Estates,Week5,Fox Mill Estates,Week5,201.0 Fox Mill Estates (FME1) - 201.0 Fox Mill Estates (FME2)
Fox Hunt,Week5,Old Keene Mill,Week4,281.0 Fox Hunt - 121.0 Old Keene Mill
Fox Mill Estates,Week4,Pinecrest,Week1,251.0 Pinecrest - 151.0 Fox Mill Estates
Fox Mill Estates,Week5,Dowden Terrace,Week3,220.0 Dowden Terrace - 182.0 Fox Mill Estates
Fox Hunt,Week5,Old Keene Mill,Week5,257.0 Fox Hunt - 145.0 Old Keene Mill
Fox Mill Estates,Week2,Dunn Loring,Week4,277.0 Dunn Loring - 125.0 Fox Mill Estates
Fox Mill Estates,Week4,Pinewood Lake,Week4,361.0 Fox Mill Estates - 37.0 Pinewood Lake
Fox Mill Estates,Week5,Dowden Terrace,Week4,221.0 Dowden Terrace - 181.0 Fox Mill Estates
Fox Hunt,Week4,Parklawn,Week5,253.0 Fox Hunt - 148.0 Parklawn
Fox Hunt,Week1,Parklawn,Week2,263.0 Fox Hunt - 139.0 Parklawn
Fox Mill Estates,Week1,Commonwealth,Week1,220.0 Fox Mill Estates - 182.0 Commonwealth
Fox Mill Estates,Week1,Pinewood Lake,Week5,333.0 Fox Mill Estates - 66.0 Pinewood Lake
Fox Mill Estates,Week5,Chesterbrook,Week4,360.0 Chesterbrook - 42.0 Fox Mill Estates
Fox Mill Estates,Week3,Chesterbrook,Week1,350.0 Chesterbrook - 52.0 Fox Mill Estates
Fox Hunt,Week5,Parklawn,Week2,286.0 Fox Hunt - 116.0 Parklawn
Fox Mill Estates,Week5,Fox Mill Estates,Week2,214.0 Fox Mill Estates (FME1) - 188.0 Fox Mill Estates (FME2)
Fox Mill Estates,Week1,Fox Mill Woods,Week3,289.0 Fox Mill Woods - 113.0 Fox Mill Estates
Fox Mill Estates,Week3,Dowden Terrace,Week2,231.0 Dowden Terrace - 171.0 Fox Mill Estates
Fox Mill Estates,Week3,Chesterbrook,Week4,354.0 Chesterbrook - 48.0 Fox Mill Estates
Fox Mill Estates,Week4,Pinewood Lake,Week1,355.0 Fox Mill Estates - 44.0 Pinewood Lake
Fox Hunt,Week5,Old Keene Mill,Week1,294.0 Fox Hunt - 108.0 Old Keene Mill
Fox Mill Estates,Week3,Dowden Terrace,Week5,241.0 Dowden Terrace - 161.0 Fox Mill Estates
Fox Hunt,Week1,Parliament,Week1,209.0 Parliament - 192.0 Fox Hunt
Fox Mill Estates,Week4,Dunn Loring,Week1,250.0 Dunn Loring - 152.0 Fox Mill Estates
Fox Mill Estates,Week4,Pinewood Lake,Week3,369.0 Fox Mill Estates - 28.0 Pinewood Lake
Fox Hunt,Week2,Parliament,Week1,203.0 Parliament - 196.0 Fox Hunt
Fox Mill Estates,Week1,Fox Mill Woods,Week5,296.0 Fox Mill Woods - 106.0 Fox Mill Estates
Fox Mill Estates,Week1,Fox Mill Woods,Week4,298.0 Fox Mill Woods - 104.0 Fox Mill Estates
Fox Mill Estates,Week4,Dowden Terrace,Week5,238.0 Dowden Terrace - 164.0 Fox Mill Estates
Fox Mill Estates,Week1,Commonwealth,Week3,204.0 Commonwealth - 198.0 Fox Mill Estates
Fox Mill Estates,Week2,Chesterbrook,Week1,343.0 Chesterbrook - 59.0 Fox Mill Estates
Fox Mill Estates,Week4,Fox Mill Estates,Week1,269.0 Fox Mill Estates (FME1) - 133.0 Fox Mill Estates (FME2)
Fox Mill Estates,Week1,Dunn Loring,Week1,269.0 Dunn Loring - 133.0 Fox Mill Estates
Fox Hunt,Week3,Parliament,Week5,217.0 Fox Hunt - 185.0 Parliament
Fox Mill Estates,Week3,Chesterbrook,Week2,351.0 Chesterbrook - 51.0 Fox Mill Estates
Fox Mill Estates,Week5,Pinecrest,Week5,293.0 Pinecrest - 109.0 Fox Mill Estates
Fox Hunt,Week1,Pinecrest,Week2,281.0 Pinecrest - 121.0 Fox Hunt
Fox Hunt,Week3,Parliament,Week4,228.5 Fox Hunt - 173.5 Parliament
Fox Mill Estates,Week2,Fox Mill Woods,Week1,265.0 Fox Mill Woods - 137.0 Fox Mill Estates
Fox Mill Estates,Week4,Fox Mill Estates,Week4,200.5 Fox Mill Estates (FME1) - 200.5 Fox Mill Estates (FME2)
Fox Mill Estates,Week3,Pinecrest,Week1,272.0 Pinecrest - 130.0 Fox Mill Estates
Fox Mill Estates,Week4,Dowden Terrace,Week2,221.0 Dowden Terrace - 181.0 Fox Mill Estates
Fox Mill Estates,Week4,Dowden Terrace,Week1,203.0 Dowden Terrace - 199.0 Fox Mill Estates
Fox Mill Estates,Week5,Pinecrest,Week1,267.0 Pinecrest - 135.0 Fox Mill Estates
Fox Hunt,Week5,Parliament,Week5,237.0 Fox Hunt - 164.0 Parliament
Fox Mill Estates,Week3,Pinecrest,Week3,290.0 Pinecrest - 112.0 Fox Mill Estates
Fox Mill Estates,Week5,Chesterbrook,Week2,350.0 Chesterbrook - 52.0 Fox Mill Estates
Fox Mill Estates,Week5,Chesterbrook,Week3,359.0 Chesterbrook - 43.0 Fox Mill Estates
Fox Mill Estates,Week1,Dunn Loring,Week3,305.0 Dunn Loring - 97.0 Fox Mill Estates
Fox Mill Estates,Week5,Chesterbrook,Week1,343.0 Chesterbrook - 59.0 Fox Mill Estates
Fox Mill Estates,Week4,Pinecrest,Week2,275.0 Pinecrest - 127.0 Fox Mill Estates
Fox Mill Estates,Week2,Fox Mill Woods,Week5,268.0 Fox Mill Woods - 134.0 Fox Mill Estates
Fox Hunt,Week1,Parliament,Week2,213.0 Fox Hunt - 188.0 Parliament
Fox Mill Estates,Week1,Chesterbrook,Week3,363.0 Chesterbrook - 39.0 Fox Mill Estates
Fox Mill Estates,Week4,Pinewood Lake,Week2,355.0 Fox Mill Estates - 42.0 Pinewood Lake
Fox Mill Estates,Week2,Fox Mill Woods,Week3,261.0 Fox Mill Woods - 141.0 Fox Mill Estates
Fox Hunt,Week1,Parliament,Week3,205.0 Fox Hunt - 197.0 Parliament
Fox Mill Estates,Week2,Fox Mill Woods,Week4,278.0 Fox Mill Woods - 124.0 Fox Mill Estates
Fox Hunt,Week3,Parliament,Week2,233.0 Fox Hunt - 168.0 Parliament
Fox Hunt,Week4,Parliament,Week2,228.0 Fox Hunt - 170.0 Parliament
Fox Mill Estates,Week3,Dunn Loring,Week2,292.0 Dunn Loring - 110.0 Fox Mill Estates
Fox Mill Estates,Week1,Pinewood Lake,Week2,327.0 Fox Mill Estates - 70.0 Pinewood Lake
Fox Mill Estates,Week4,Chesterbrook,Week3,357.0 Chesterbrook - 45.0 Fox Mill Estates
Fox Mill Estates,Week3,Fox Mill Woods,Week2,272.0 Fox Mill Woods - 130.0 Fox Mill Estates
Fox Mill Estates,Week1,Pinewood Lake,Week3,342.0 Fox Mill Estates - 54.0 Pinewood Lake
Fox Hunt,Week5,Parklawn,Week5,289.0 Fox Hunt - 112.0 Parklawn
Fox Hunt,Week1,Parliament,Week4,222.0 Fox Hunt - 180.0 Parliament
Fox Mill Estates,Week3,Fox Mill Woods,Week1,278.0 Fox Mill Woods - 124.0 Fox Mill Estates
Fox Mill Estates,Week4,Chesterbrook,Week1,335.0 Chesterbrook - 67.0 Fox Mill Estates
Fox Mill Estates,Week5,Dowden Terrace,Week5,249.0 Dowden Terrace - 153.0 Fox Mill Estates
Fox Mill Estates,Week1,Pinewood Lake,Week1,338.0 Fox Mill Estates - 54.0 Pinewood Lake
Fox Mill Estates,Week5,Pinecrest,Week2,285.0 Pinecrest - 117.0 Fox Mill Estates
Fox Mill Estates,Week1,Chesterbrook,Week4,368.0 Chesterbrook - 34.0 Fox Mill Estates
Fox Mill Estates,Week3,Fox Mill Woods,Week4,285.0 Fox Mill Woods - 117.0 Fox Mill Estates
Fox Mill Estates,Week3,Pinecrest,Week5,294.0 Pinecrest - 107.0 Fox Mill Estates
Fox Mill Estates,Week5,Dowden Terrace,Week2,226.0 Dowden Terrace - 176.0 Fox Mill Estates
Fox Mill Estates,Week4,Pinecrest,Week4,276.0 Pinecrest - 126.0 Fox Mill Estates
Fox Mill Estates,Week3,Dunn Loring,Week3,297.0 Dunn Loring - 105.0 Fox Mill Estates
Fox Mill Estates,Week3,Dunn Loring,Week1,264.0 Dunn Loring - 138.0 Fox Mill Estates
Fox Mill Estates,Week2,Chesterbrook,Week3,357.0 Chesterbrook - 45.0 Fox Mill Estates
Fox Hunt,Week1,Parliament,Week5,204.0 Fox Hunt - 197.0 Parliament
Fox Hunt,Week3,Parliament,Week1,214.0 Fox Hunt - 188.0 Parliament
Fox Mill Estates,Week3,Fox Mill Woods,Week3,259.0 Fox Mill Woods - 143.0 Fox Mill Estates
Fox Mill Estates,Week5,Dowden Terrace,Week1,220.0 Dowden Terrace - 182.0 Fox Mill Estates
Fox Hunt,Week3,Parliament,Week3,231.0 Fox Hunt - 171.0 Parliament
Fox Mill Estates,Week2,Dunn Loring,Week1,261.0 Dunn Loring - 141.0 Fox Mill Estates
Fox Mill Estates,Week3,Fox Mill Woods,Week5,282.0 Fox Mill Woods - 120.0 Fox Mill Estates
Fox Mill Estates,Week4,Chesterbrook,Week5,346.5 Chesterbrook - 55.5 Fox Mill Estates
Fox Mill Estates,Week1,Commonwealth,Week2,207.0 Commonwealth - 195.0 Fox Mill Estates
Fox Mill Estates,Week1,Dunn Loring,Week5,313.0 Dunn Loring - 89.0 Fox Mill Estates
Fox Mill Estates,Week5,Fox Mill Woods,Week2,268.0 Fox Mill Woods - 134.0 Fox Mill Estates
Fox Mill Estates,Week4,Pinecrest,Week5,283.0 Pinecrest - 119.0 Fox Mill Estates
Fox Mill Estates,Week2,Commonwealth,Week2,226.0 Fox Mill Estates - 176.0 Commonwealth
Fox Mill Woods,Week3,Holmes Run Acres,Week2,262.0 Fox Mill Woods - 140.0 Holmes Run Acres
Fox Mill Estates,Week1,Commonwealth,Week5,203.0 Commonwealth - 199.0 Fox Mill Estates
Fox Mill Estates,Week1,Commonwealth,Week4,205.0 Fox Mill Estates - 197.0 Commonwealth
Fox Mill Woods,Week4,Holmes Run Acres,Week3,230.0 Fox Mill Woods - 172.0 Holmes Run Acres
Fox Mill Estates,Week2,Commonwealth,Week1,251.0 Fox Mill Estates - 150.0 Commonwealth
Fox Hunt,Week5,Parklawn,Week4,277.0 Fox Hunt - 125.0 Parklawn
Fox Mill Estates,Week3,Pinewood Lake,Week2,344.0 Fox Mill Estates - 55.0 Pinewood Lake
Fox Hunt,Week4,Parliament,Week3,219.0 Fox Hunt - 183.0 Parliament
Fox Mill Estates,Week3,Pinewood Lake,Week4,350.0 Fox Mill Estates - 48.0 Pinewood Lake
Fox Mill Estates,Week4,Great Falls,Week2,198.0 Fox Mill Estates - 186.0 Great Falls
Fox Hunt,Week2,Parliament,Week4,212.0 Fox Hunt - 189.0 Parliament
Fox Mill Estates,Week3,Pinewood Lake,Week1,344.0 Fox Mill Estates - 55.0 Pinewood Lake
Fox Mill Estates,Week4,Dowden Terrace,Week3,214.0 Dowden Terrace - 188.0 Fox Mill Estates
Fox Mill Estates,Week1,Dunn Loring,Week4,310.0 Dunn Loring - 92.0 Fox Mill Estates
Fox Mill Estates,Week3,Dowden Terrace,Week4,227.0 Dowden Terrace - 175.0 Fox Mill Estates
Fox Mill Estates,Week5,Fox Mill Woods,Week1,268.0 Fox Mill Woods - 134.0 Fox Mill Estates
Fox Mill Estates,Week5,Great Falls,Week1,211.0 Great Falls - 191.0 Fox Mill Estates
Fox Mill Estates,Week1,Dunn Loring,Week2,301.0 Dunn Loring - 101.0 Fox Mill Estates
Fox Hunt,Week2,Parliament,Week3,204.0 Fox Hunt - 198.0 Parliament
Fox Mill Estates,Week2,Pinewood Lake,Week2,342.0 Fox Mill Estates - 55.0 Pinewood Lake
Fox Hunt,Week4,Parliament,Week4,226.0 Fox Hunt - 175.0 Parliament
Fox Mill Estates,Week2,Bren Mar-Edsall Park,Week5,294.0 Fox Mill Estates - 107.0 Bren Mar-Edsall Park
Fox Mill Estates,Week4,Fox Mill Woods,Week3,255.0 Fox Mill Woods - 147.0 Fox Mill Estates
Fox Mill Estates,Week3,Dunn Loring,Week4,296.0 Dunn Loring - 106.0 Fox Mill Estates
Fox Mill Woods,Week1,Hunt Valley,Week1,202.0 Fox Mill Woods - 200.0 Hunt Valley
Fox Mill Woods,Week1,Hunt Valley,Week2,207.0 Hunt Valley - 195.0 Fox Mill Woods
Fox Mill Estates,Week2,Great Falls,Week2,215.0 Great Falls - 169.0 Fox Mill Estates
Fox Mill Woods,Week4,Holmes Run Acres,Week2,273.0 Fox Mill Woods - 129.0 Holmes Run Acres
Fox Mill Estates,Week2,Commonwealth,Week3,227.0 Fox Mill Estates - 174.0 Commonwealth
Fox Mill Woods,Week3,Holmes Run Acres,Week5,216.0 Fox Mill Woods - 186.0 Holmes Run Acres
Fox Mill Estates,Week4,Dowden Terrace,Week4,210.0 Dowden Terrace - 192.0 Fox Mill Estates
Fox Mill Estates,Week3,Pinewood Lake,Week3,350.0 Fox Mill Estates - 48.0 Pinewood Lake
Fox Mill Estates,Week2,Pinewood Lake,Week4,336.0 Fox Mill Estates - 61.0 Pinewood Lake
Fox Mill Woods,Week4,Holmes Run Acres,Week1,265.0 Fox Mill Woods - 137.0 Holmes Run Acres
Fox Mill Estates,Week2,Dunn Loring,Week2,278.0 Dunn Loring - 124.0 Fox Mill Estates
Fox Mill Estates,Week2,Pinewood Lake,Week3,344.0 Fox Mill Estates - 52.0 Pinewood Lake
Fox Mill Estates,Week1,Great Falls,Week1,222.0 Great Falls - 180.0 Fox Mill Estates
Fox Hunt,Week4,Parliament,Week1,215.0 Fox Hunt - 186.0 Parliament
Fox Mill Estates,Week5,Fox Mill Woods,Week4,281.0 Fox Mill Woods - 121.0 Fox Mill Estates
Fox Mill Estates,Week2,Dunn Loring,Week3,281.0 Dunn Loring - 121.0 Fox Mill Estates
Fox Mill Estates,Week4,Brandywine,Week5,255.5 Brandywine - 146.5 Fox Mill Estates
Fox Mill Woods,Week4,Holmes Run Acres,Week4,259.0 Fox Mill Woods - 143.0 Holmes Run Acres
Fox Mill Estates,Week2,Pinewood Lake,Week5,333.0 Fox Mill Estates - 65.0 Pinewood Lake
Fox Mill Woods,Week3,Holmes Run Acres,Week3,220.0 Fox Mill Woods - 182.0 Holmes Run Acres
Fox Hunt,Week4,Parliament,Week5,221.0 Fox Hunt - 180.0 Parliament
Fox Hunt,Week5,Parliament,Week2,248.0 Fox Hunt - 150.0 Parliament
Fox Mill Estates,Week1,Bren Mar-Edsall Park,Week1,330.0 Fox Mill Estates - 72.0 Bren Mar-Edsall Park
Fox Hunt,Week2,Parliament,Week5,208.0 Fox Hunt - 192.0 Parliament
Fox Mill Estates,Week5,Bren Mar-Edsall Park,Week1,349.0 Fox Mill Estates - 53.0 Bren Mar-Edsall Park
Fox Mill Estates,Week2,Dunn Loring,Week5,290.0 Dunn Loring - 112.0 Fox Mill Estates
Fox Mill Estates,Week3,Great Falls,Week1,205.0 Great Falls - 196.0 Fox Mill Estates
Fox Mill Estates,Week2,Great Falls,Week5,218.0 Great Falls - 183.0 Fox Mill Estates
Fox Mill Estates,Week3,Dunn Loring,Week5,303.0 Dunn Loring - 99.0 Fox Mill Estates
Fox Mill Estates,Week3,Pinewood Lake,Week5,339.0 Fox Mill Estates - 61.0 Pinewood Lake
Fox Mill Estates,Week5,Bren Mar-Edsall Park,Week3,328.0 Fox Mill Estates - 74.0 Bren Mar-Edsall Park
Fox Mill Woods,Week4,Holmes Run Acres,Week5,219.0 Fox Mill Woods - 183.0 Holmes Run Acres
Fox Mill Estates,Week5,Pinewood Lake,Week1,354.0 Fox Mill Estates - 46.0 Pinewood Lake
Fox Mill Estates,Week5,Dunn Loring,Week1,258.5 Dunn Loring - 143.5 Fox Mill Estates
Fox Mill Estates,Week1,Pleasant Valley,Week4,248.0 Fox Mill Estates - 148.0 Pleasant Valley
Fox Mill Estates,Week2,Bren Mar-Edsall Park,Week4,304.0 Fox Mill Estates - 94.0 Bren Mar-Edsall Park
Fox Mill Estates,Week3,Great Falls,Week2,205.0 Great Falls - 179.0 Fox Mill Estates
Fox Hunt,Week5,Parliament,Week4,246.0 Fox Hunt - 155.0 Parliament
Fox Mill Woods,Week5,Hunt Valley,Week2,201.0 Fox Mill Woods - 201.0 Hunt Valley
Fox Mill Estates,Week5,Pinewood Lake,Week5,353.0 Fox Mill Estates - 48.0 Pinewood Lake
Fox Mill Estates,Week5,Brandywine,Week4,237.0 Brandywine - 165.0 Fox Mill Estates
Fox Mill Estates,Week4,Fox Mill Woods,Week4,269.0 Fox Mill Woods - 133.0 Fox Mill Estates
Fox Mill Estates,Week4,Dunn Loring,Week4,277.0 Dunn Loring - 125.0 Fox Mill Estates
Fox Mill Estates,Week4,Dunn Loring,Week2,273.0 Dunn Loring - 129.0 Fox Mill Estates
Fox Mill Estates,Week4,Dunn Loring,Week3,285.0 Dunn Loring - 117.0 Fox Mill Estates
Fox Mill Estates,Week5,Pinewood Lake,Week3,368.0 Fox Mill Estates - 31.0 Pinewood Lake
Fox Mill Estates,Week3,Great Falls,Week3,240.0 Great Falls - 162.0 Fox Mill Estates
Fox Mill Woods,Week2,Hunt Valley,Week4,224.0 Hunt Valley - 178.0 Fox Mill Woods
Fox Mill Woods,Week5,Holmes Run Acres,Week4,253.0 Fox Mill Woods - 149.0 Holmes Run Acres
Fox Hunt,Week5,Parliament,Week3,237.0 Fox Hunt - 165.0 Parliament
Fox Mill Estates,Week2,Great Falls,Week4,215.0 Great Falls - 186.0 Fox Mill Estates
Fox Mill Estates,Week5,Fox Mill Woods,Week3,268.0 Fox Mill Woods - 134.0 Fox Mill Estates
Fox Mill Estates,Week4,Pinewood Lake,Week5,352.0 Fox Mill Estates - 49.0 Pinewood Lake
Fox Hunt,Week1,Pinecrest,Week3,293.0 Pinecrest - 109.0 Fox Hunt
Fox Hunt,Week1,Pinecrest,Week4,279.0 Pinecrest - 123.0 Fox Hunt
Fox Mill Woods,Week3,Hunt Valley,Week4,227.0 Hunt Valley - 175.0 Fox Mill Woods
Fox Mill Woods,Week2,Hunt Valley,Week1,202.0 Hunt Valley - 200.0 Fox Mill Woods
Fox Hunt,Week1,Pinecrest,Week1,269.0 Pinecrest - 133.0 Fox Hunt
Fox Mill Estates,Week5,Dunn Loring,Week2,271.0 Dunn Loring - 131.0 Fox Mill Estates
Fox Hunt,Week2,Parliament,Week2,215.0 Fox Hunt - 183.0 Parliament
Fox Mill Estates,Week4,Fox Mill Woods,Week5,262.0 Fox Mill Woods - 140.0 Fox Mill Estates
Fox Mill Estates,Week1,Bren Mar-Edsall Park,Week5,290.0 Fox Mill Estates - 107.0 Bren Mar-Edsall Park
Fox Mill Estates,Week5,Brandywine,Week5,265.0 Brandywine - 137.0 Fox Mill Estates
Fox Mill Woods,Week5,Holmes Run Acres,Week3,238.0 Fox Mill Woods - 164.0 Holmes Run Acres
Fox Mill Estates,Week5,Dunn Loring,Week3,288.0 Dunn Loring - 114.0 Fox Mill Estates
Fox Hunt,Week5,Parliament,Week1,230.0 Fox Hunt - 171.0 Parliament
Fox Mill Estates,Week4,Dunn Loring,Week5,277.0 Dunn Loring - 125.0 Fox Mill Estates
Fox Mill Estates,Week5,Pleasant Valley,Week3,269.0 Fox Mill Estates - 133.0 Pleasant Valley
Fox Mill Estates,Week1,Bren Mar-Edsall Park,Week4,304.0 Fox Mill Estates - 98.0 Bren Mar-Edsall Park
Fox Mill Estates,Week1,Great Falls,Week3,263.0 Great Falls - 139.0 Fox Mill Estates
Fox Mill Estates,Week5,Brandywine,Week3,233.0 Brandywine - 168.0 Fox Mill Estates
Fox Mill Estates,Week1,Pleasant Valley,Week2,255.0 Fox Mill Estates - 146.0 Pleasant Valley
Fox Mill Estates,Week1,Pleasant Valley,Week3,234.0 Fox Mill Estates - 168.0 Pleasant Valley
Fox Mill Woods,Week5,Holmes Run Acres,Week5,231.0 Fox Mill Woods - 171.0 Holmes Run Acres
Fox Mill Estates,Week2,Bren Mar-Edsall Park,Week2,328.0 Fox Mill Estates - 70.0 Bren Mar-Edsall Park
Fox Hunt,Week4,McLean,Week5,289.0 McLean - 113.0 Fox Hunt
Fox Mill Woods,Week5,Holmes Run Acres,Week1,269.0 Fox Mill Woods - 133.0 Holmes Run Acres
Fox Mill Estates,Week4,Commonwealth,Week1,262.0 Fox Mill Estates - 140.0 Commonwealth
Fox Mill Estates,Week3,Pleasant Valley,Week2,284.0 Fox Mill Estates - 114.0 Pleasant Valley
Fox Mill Estates,Week5,Commonwealth,Week4,230.0 Fox Mill Estates - 172.0 Commonwealth
Fox Mill Estates,Week2,Bren Mar-Edsall Park,Week1,331.0 Fox Mill Estates - 70.0 Bren Mar-Edsall Park
Fox Mill Estates,Week4,Great Falls,Week1,209.0 Fox Mill Estates - 193.0 Great Falls
Fox Mill Woods,Week5,Holmes Run Acres,Week2,275.0 Fox Mill Woods - 127.0 Holmes Run Acres
Fox Mill Estates,Week5,Brandywine,Week2,221.0 Brandywine - 181.0 Fox Mill Estates
Fox Hunt,Week1,Pinecrest,Week5,281.0 Pinecrest - 121.0 Fox Hunt
Fox Mill Estates,Week4,Fox Mill Woods,Week2,261.0 Fox Mill Woods - 141.0 Fox Mill Estates
Fox Mill Estates,Week2,Pleasant Valley,Week4,270.0 Fox Mill Estates - 126.0 Pleasant Valley
Fox Hunt,Week4,McLean,Week2,289.0 McLean - 113.0 Fox Hunt
Fox Mill Estates,Week4,Fox Mill Woods,Week1,264.0 Fox Mill Woods - 138.0 Fox Mill Estates
Fox Mill Estates,Week2,Pleasant Valley,Week3,260.0 Fox Mill Estates - 142.0 Pleasant Valley
Fox Hunt,Week2,Pinecrest,Week2,282.0 Pinecrest - 120.0 Fox Hunt
Fox Mill Estates,Week3,Bren Mar-Edsall Park,Week2,334.0 Fox Mill Estates - 66.0 Bren Mar-Edsall Park
Fox Mill Woods,Week3,Holmes Run Acres,Week4,246.0 Fox Mill Woods - 156.0 Holmes Run Acres
Fox Hunt,Week5,McLean,Week4,252.0 McLean - 150.0 Fox Hunt
Fox Mill Estates,Week5,Commonwealth,Week1,265.0 Fox Mill Estates - 137.0 Commonwealth
Fox Mill Estates,Week5,Commonwealth,Week2,222.0 Fox Mill Estates - 180.0 Commonwealth
Fox Mill Estates,Week5,Fox Mill Woods,Week5,278.0 Fox Mill Woods - 124.0 Fox Mill Estates
Fox Hunt,Week1,Orange Hunt,Week2,232.0 Orange Hunt - 170.0 Fox Hunt
Fox Mill Woods,Week1,Hunt Valley,Week4,202.0 Fox Mill Woods - 200.0 Hunt Valley
Fox Mill Estates,Week4,Bren Mar-Edsall Park,Week1,355.0 Fox Mill Estates - 47.0 Bren Mar-Edsall Park
Fox Mill Estates,Week4,Commonwealth,Week3,234.0 Fox Mill Estates - 168.0 Commonwealth
Fox Mill Estates,Week2,Pleasant Valley,Week1,281.0 Fox Mill Estates - 120.0 Pleasant Valley
Fox Mill Estates,Week3,Bren Mar-Edsall Park,Week5,309.0 Fox Mill Estates - 93.0 Bren Mar-Edsall Park
Fox Mill Estates,Week1,Great Falls,Week4,228.0 Great Falls - 173.0 Fox Mill Estates
Fox Hunt,Week2,Orange Hunt,Week3,244.0 Orange Hunt - 158.0 Fox Hunt
Fox Mill Woods,Week3,Hunt Valley,Week5,238.0 Hunt Valley - 164.0 Fox Mill Woods
Fox Hunt,Week2,Pinecrest,Week1,270.0 Pinecrest - 132.0 Fox Hunt
Fox Mill Estates,Week1,Pleasant Valley,Week1,255.0 Fox Mill Estates - 146.0 Pleasant Valley
Fox Hunt,Week2,Orange Hunt,Week1,216.0 Orange Hunt - 186.0 Fox Hunt
Fox Mill Estates,Week3,Bren Mar-Edsall Park,Week1,340.0 Fox Mill Estates - 61.0 Bren Mar-Edsall Park
Fox Mill Estates,Week5,Commonwealth,Week5,216.0 Fox Mill Estates - 186.0 Commonwealth
Fox Mill Estates,Week2,Pleasant Valley,Week2,280.0 Fox Mill Estates - 121.0 Pleasant Valley
Fox Hunt,Week3,Mosby Woods,Week3,256.0 Mosby Woods - 141.0 Fox Hunt
Fox Mill Estates,Week4,Pleasant Valley,Week1,305.5 Fox Mill Estates - 96.5 Pleasant Valley
Fox Hunt,Week5,Orange Hunt,Week2,209.0 Fox Hunt - 193.0 Orange Hunt
Fox Mill Estates,Week4,Bren Mar-Edsall Park,Week2,353.0 Fox Mill Estates - 49.0 Bren Mar-Edsall Park
Fox Mill Woods,Week1,Hunt Valley,Week3,211.0 Hunt Valley - 191.0 Fox Mill Woods
Fox Hunt,Week4,Orange Hunt,Week4,206.0 Orange Hunt - 196.0 Fox Hunt
Fox Mill Estates,Week2,Great Falls,Week3,250.0 Great Falls - 152.0 Fox Mill Estates
Fox Mill Woods,Week4,Hunt Valley,Week1,208.0 Fox Mill Woods - 194.0 Hunt Valley
Fox Mill Estates,Week4,Bren Mar-Edsall Park,Week3,347.0 Fox Mill Estates - 55.0 Bren Mar-Edsall Park
Fox Mill Estates,Week4,Commonwealth,Week4,242.0 Fox Mill Estates - 160.0 Commonwealth
Fox Mill Woods,Week4,Hunt Valley,Week5,229.0 Hunt Valley - 173.0 Fox Mill Woods
Fox Mill Estates,Week1,Great Falls,Week5,243.0 Great Falls - 159.0 Fox Mill Estates
Fox Hunt,Week1,Mosby Woods,Week1,270.0 Mosby Woods - 132.0 Fox Hunt
Fox Hunt,Week4,McLean,Week4,274.0 McLean - 128.0 Fox Hunt
Fox Hunt,Week1,Overlee,Week5,370.0 Overlee - 32.0 Fox Hunt
Fox Mill Estates,Week3,Pleasant Valley,Week1,286.0 Fox Mill Estates - 112.0 Pleasant Valley
Fox Mill Estates,Week4,Commonwealth,Week2,230.0 Fox Mill Estates - 172.0 Commonwealth
Fox Mill Estates,Week2,Great Falls,Week1,205.0 Fox Mill Estates - 193.0 Great Falls
Fox Hunt,Week5,McLean,Week2,267.0 McLean - 135.0 Fox Hunt
Fox Mill Estates,Week1,Great Falls,Week2,234.0 Great Falls - 150.0 Fox Mill Estates
Fox Mill Estates,Week5,Brandywine,Week1,219.0 Brandywine - 183.0 Fox Mill Estates
Fox Hunt,Week2,Orange Hunt,Week2,237.0 Orange Hunt - 165.0 Fox Hunt
Fox Mill Estates,Week3,Bren Mar-Edsall Park,Week4,318.0 Fox Mill Estates - 83.0 Bren Mar-Edsall Park
Fox Mill Estates,Week3,Great Falls,Week4,208.0 Great Falls - 194.0 Fox Mill Estates
Fox Mill Estates,Week4,Pleasant Valley,Week3,284.0 Fox Mill Estates - 118.0 Pleasant Valley
Fox Mill Estates,Week4,Great Falls,Week5,220.0 Great Falls - 182.0 Fox Mill Estates
Fox Mill Estates,Week5,Pinewood Lake,Week4,363.0 Fox Mill Estates - 37.0 Pinewood Lake
Fox Hunt,Week1,Mount Vernon Park,Week2,269.0 Mount Vernon Park - 133.0 Fox Hunt
Fox Mill Estates,Week2,Bren Mar-Edsall Park,Week3,308.5 Fox Mill Estates - 92.5 Bren Mar-Edsall Park
Fox Mill Estates,Week1,Bren Mar-Edsall Park,Week3,306.0 Fox Mill Estates - 96.0 Bren Mar-Edsall Park
Fox Hunt,Week3,Orange Hunt,Week1,201.0 Fox Hunt - 201.0 Orange Hunt
Fox Mill Estates,Week3,Pleasant Valley,Week3,264.0 Fox Mill Estates - 138.0 Pleasant Valley
Fox Mill Estates,Week4,Great Falls,Week3,220.0 Great Falls - 182.0 Fox Mill Estates
Fox Mill Estates,Week3,Commonwealth,Week2,220.0 Fox Mill Estates - 182.0 Commonwealth
Fox Hunt,Week1,Orange Hunt,Week1,224.0 Orange Hunt - 178.0 Fox Hunt
Fox Hunt,Week1,Orange Hunt,Week5,269.0 Orange Hunt - 133.0 Fox Hunt
Fox Mill Estates,Week4,Great Falls,Week4,206.0 Fox Mill Estates - 195.0 Great Falls
Fox Hunt,Week2,Orange Hunt,Week5,261.0 Orange Hunt - 141.0 Fox Hunt
Fox Mill Estates,Week2,Cottontail,Week1,214.0 Cottontail - 188.0 Fox Mill Estates
Fox Mill Estates,Week5,Great Falls,Week2,220.0 Great Falls - 164.0 Fox Mill Estates
Fox Hunt,Week4,McLean,Week3,275.0 McLean - 127.0 Fox Hunt
Fox Mill Woods,Week1,Hunt Valley,Week5,214.0 Hunt Valley - 188.0 Fox Mill Woods
Fox Mill Estates,Week4,Pleasant Valley,Week2,302.0 Fox Mill Estates - 100.0 Pleasant Valley
Fox Mill Estates,Week3,Great Falls,Week5,231.0 Great Falls - 171.0 Fox Mill Estates
Fox Mill Estates,Week4,Brandywine,Week4,227.0 Brandywine - 175.0 Fox Mill Estates
Fox Hunt,Week3,Orange Hunt,Week2,210.0 Orange Hunt - 192.0 Fox Hunt
Fox Mill Estates,Week5,Commonwealth,Week3,233.0 Fox Mill Estates - 169.0 Commonwealth
Fox Hunt,Week2,Mosby Woods,Week5,270.0 Mosby Woods - 132.0 Fox Hunt
Fox Mill Woods,Week2,Hunt Valley,Week5,239.0 Hunt Valley - 163.0 Fox Mill Woods
Fox Mill Estates,Week1,Cottontail,Week2,234.0 Cottontail - 168.0 Fox Mill Estates
Fox Mill Woods,Week5,Hunt Valley,Week1,202.0 Fox Mill Woods - 200.0 Hunt Valley
Fox Mill Estates,Week3,Bren Mar-Edsall Park,Week3,325.0 Fox Mill Estates - 77.0 Bren Mar-Edsall Park
Fox Mill Estates,Week3,Pleasant Valley,Week4,280.0 Fox Mill Estates - 117.0 Pleasant Valley
Fox Mill Estates,Week1,Bren Mar-Edsall Park,Week2,315.0 Fox Mill Estates - 87.0 Bren Mar-Edsall Park
Fox Mill Estates,Week3,Commonwealth,Week4,228.0 Fox Mill Estates - 174.0 Commonwealth
Fox Hunt,Week5,McLean,Week5,269.0 McLean - 133.0 Fox Hunt
Fox Hunt,Week1,Mosby Woods,Week4,254.0 Mosby Woods - 148.0 Fox Hunt
Fox Mill Woods,Week2,Hunt Valley,Week3,230.0 Hunt Valley - 172.0 Fox Mill Woods
Fox Mill Woods,Week2,Hunter Mill,Week2,223.5 Fox Mill Woods - 178.5 Hunter Mill
Fox Mill Estates,Week4,Commonwealth,Week5,227.0 Fox Mill Estates - 175.0 Commonwealth
Fox Mill Estates,Week1,Pleasant Valley,Week5,247.0 Fox Mill Estates - 154.0 Pleasant Valley
Fox Hunt,Week1,Mosby Woods,Week2,278.0 Mosby Woods - 124.0 Fox Hunt
Fox Mill Woods,Week3,Hunt Valley,Week2,237.0 Hunt Valley - 165.0 Fox Mill Woods
Fox Mill Woods,Week2,Hunt Valley,Week2,219.0 Hunt Valley - 183.0 Fox Mill Woods
Fox Hunt,Week1,Orange Hunt,Week4,232.0 Orange Hunt - 170.0 Fox Hunt
Fox Mill Estates,Week5,Pinewood Lake,Week2,356.0 Fox Mill Estates - 44.0 Pinewood Lake
Fox Mill Estates,Week1,Cottontail,Week3,226.0 Cottontail - 176.0 Fox Mill Estates
Fox Mill Estates,Week5,Great Falls,Week3,236.0 Great Falls - 166.0 Fox Mill Estates
Fox Hunt,Week3,Mosby Woods,Week4,244.0 Mosby Woods - 158.0 Fox Hunt
Fox Mill Woods,Week4,Hunt Valley,Week2,207.0 Fox Mill Woods - 195.0 Hunt Valley
Fox Mill Woods,Week4,Hunt Valley,Week4,211.0 Hunt Valley - 191.0 Fox Mill Woods
Fox Hunt,Week3,Mosby Woods,Week2,258.0 Mosby Woods - 144.0 Fox Hunt
Fox Mill Estates,Week3,Commonwealth,Week3,229.0 Fox Mill Estates - 173.0 Commonwealth
Fox Mill Woods,Week3,Hunt Valley,Week3,248.0 Hunt Valley - 154.0 Fox Mill Woods
Fox Mill Estates,Week1,Cottontail,Week5,243.0 Cottontail - 159.0 Fox Mill Estates
Fox Mill Estates,Week5,Bren Mar-Edsall Park,Week2,345.0 Fox Mill Estates - 57.0 Bren Mar-Edsall Park
Fox Mill Estates,Week4,Bren Mar-Edsall Park,Week5,338.0 Fox Mill Estates - 64.0 Bren Mar-Edsall Park
Fox Mill Estates,Week5,Great Falls,Week5,239.0 Great Falls - 163.0 Fox Mill Estates
Fox Hunt,Week3,Mosby Woods,Week1,262.0 Mosby Woods - 140.0 Fox Hunt
Fox Hunt,Week4,Mosby Woods,Week3,277.0 Mosby Woods - 125.0 Fox Hunt
Fox Hunt,Week5,Mosby Woods,Week4,233.0 Mosby Woods - 169.0 Fox Hunt
Fox Mill Estates,Week4,Brookfield ,Week5,203.0 Brookfield - 199.0 Fox Mill Estates
Fox Mill Woods,Week4,Hunt Valley,Week3,211.0 Hunt Valley - 191.0 Fox Mill Woods
Fox Hunt,Week4,Orange Hunt,Week2,236.0 Orange Hunt - 166.0 Fox Hunt
Fox Hunt,Week4,Orange Hunt,Week1,207.0 Orange Hunt - 195.0 Fox Hunt
Fox Mill Estates,Week4,Bren Mar-Edsall Park,Week4,333.0 Fox Mill Estates - 68.0 Bren Mar-Edsall Park
Fox Mill Estates,Week5,Pleasant Valley,Week1,291.0 Fox Mill Estates - 111.0 Pleasant Valley
Fox Hunt,Week3,Orange Hunt,Week4,201.0 Orange Hunt - 196.0 Fox Hunt
Fox Hunt,Week2,Orange Hunt,Week4,220.0 Orange Hunt - 182.0 Fox Hunt
Fox Mill Estates,Week1,Cottontail,Week1,230.0 Cottontail - 172.0 Fox Mill Estates
Fox Mill Estates,Week4,Pleasant Valley,Week4,300.0 Fox Mill Estates - 102.0 Pleasant Valley
Fox Mill Estates,Week2,Pleasant Valley,Week5,267.0 Fox Mill Estates - 134.0 Pleasant Valley
Fox Mill Estates,Week1,Greenbriar,Week1,274.0 Greenbriar - 128.0 Fox Mill Estates
Fox Mill Estates,Week1,Greenbriar,Week2,271.0 Greenbriar - 131.0 Fox Mill Estates
Fox Mill Estates,Week1,Cottontail,Week4,232.0 Cottontail - 170.0 Fox Mill Estates
Fox Mill Estates,Week4,Pleasant Valley,Week5,290.0 Fox Mill Estates - 112.0 Pleasant Valley
Fox Hunt,Week2,Mount Vernon Park,Week5,276.0 Mount Vernon Park - 126.0 Fox Hunt
Fox Hunt,Week3,Orange Hunt,Week5,238.0 Orange Hunt - 164.0 Fox Hunt
Fox Mill Estates,Week1,Brookfield ,Week1,264.0 Brookfield - 138.0 Fox Mill Estates
Fox Mill Estates,Week2,Greenbriar,Week1,248.0 Greenbriar - 154.0 Fox Mill Estates
Fox Mill Estates,Week5,Pleasant Valley,Week2,292.0 Fox Mill Estates - 110.0 Pleasant Valley
Fox Mill Woods,Week2,Hunter Mill,Week4,203.0 Fox Mill Woods - 199.0 Hunter Mill
Fox Mill Estates,Week5,Pleasant Valley,Week4,287.0 Fox Mill Estates - 114.0 Pleasant Valley
Fox Mill Estates,Week1,Greenbriar,Week5,255.0 Greenbriar - 147.0 Fox Mill Estates
Fox Hunt,Week4,Orange Hunt,Week3,224.0 Orange Hunt - 178.0 Fox Hunt
Fox Mill Estates,Week5,Bren Mar-Edsall Park,Week5,310.0 Fox Mill Estates - 92.0 Bren Mar-Edsall Park
Fox Mill Woods,Week5,Hunt Valley,Week3,221.0 Hunt Valley - 181.0 Fox Mill Woods
Fox Mill Estates,Week3,Pleasant Valley,Week5,272.0 Fox Mill Estates - 128.0 Pleasant Valley
Fox Mill Estates,Week2,Greenbriar,Week2,255.0 Greenbriar - 147.0 Fox Mill Estates
Fox Hunt,Week3,Mount Vernon Park,Week2,247.0 Mount Vernon Park - 155.0 Fox Hunt
Fox Mill Estates,Week2,Brookfield ,Week1,237.0 Brookfield - 165.0 Fox Mill Estates
Fox Mill Estates,Week2,Commonwealth,Week5,220.0 Fox Mill Estates - 182.0 Commonwealth
Fox Mill Woods,Week3,Hunt Valley,Week1,224.0 Hunt Valley - 178.0 Fox Mill Woods
Fox Mill Estates,Week3,Commonwealth,Week5,226.0 Fox Mill Estates - 176.0 Commonwealth
Fox Mill Estates,Week1,Greenbriar,Week3,269.0 Greenbriar - 133.0 Fox Mill Estates
Fox Hunt,Week3,Orange Hunt,Week3,205.0 Orange Hunt - 197.0 Fox Hunt
Fox Mill Estates,Week2,Commonwealth,Week4,229.0 Fox Mill Estates - 173.0 Commonwealth
Fox Hunt,Week5,McLean,Week3,270.0 McLean - 132.0 Fox Hunt
Fox Mill Estates,Week3,Commonwealth,Week1,241.0 Fox Mill Estates - 161.0 Commonwealth
Fox Mill Estates,Week1,Brookfield ,Week4,259.0 Brookfield - 143.0 Fox Mill Estates
Fox Mill Estates,Week2,Poplar Heights,Week2,259.0 Poplar Heights - 143.0 Fox Mill Estates
Fox Mill Woods,Week1,Herndon,Week2,342.0 Fox Mill Woods - 60.0 Herndon
Fox Mill Estates,Week5,Great Falls,Week4,213.0 Great Falls - 189.0 Fox Mill Estates
Fox Mill Estates,Week3,Brookfield ,Week5,223.0 Brookfield - 179.0 Fox Mill Estates
Fox Mill Estates,Week2,Greenbriar,Week3,239.0 Greenbriar - 163.0 Fox Mill Estates
Fox Mill Estates,Week2,Greenbriar,Week5,245.0 Greenbriar - 157.0 Fox Mill Estates
Fox Mill Woods,Week3,Hunter Mill,Week3,204.0 Fox Mill Woods - 198.0 Hunter Mill
Fox Mill Woods,Week3,Herndon,Week5,340.0 Fox Mill Woods - 62.0 Herndon
Fox Mill Estates,Week3,Poplar Heights,Week1,241.0 Poplar Heights - 161.0 Fox Mill Estates
Fox Mill Woods,Week2,Hunter Mill,Week5,212.0 Hunter Mill - 190.0 Fox Mill Woods
Fox Mill Estates,Week1,Poplar Heights,Week2,274.0 Poplar Heights - 128.0 Fox Mill Estates
Fox Mill Estates,Week4,Brookfield ,Week3,205.0 Fox Mill Estates - 197.0 Brookfield
Fox Mill Woods,Week3,Hunter Mill,Week2,231.0 Fox Mill Woods - 171.0 Hunter Mill
Fox Mill Woods,Week2,Hunter Mill,Week3,210.0 Fox Mill Woods - 192.0 Hunter Mill
Fox Mill Estates,Week2,Brookfield ,Week3,207.5 Brookfield - 194.5 Fox Mill Estates
Fox Hunt,Week5,Orange Hunt,Week1,222.0 Fox Hunt - 180.0 Orange Hunt
Fox Hunt,Week2,Mosby Woods,Week2,279.0 Mosby Woods - 123.0 Fox Hunt
Fox Mill Estates,Week5,Brookfield ,Week3,213.0 Brookfield - 189.0 Fox Mill Estates
Fox Mill Estates,Week3,Poplar Heights,Week3,253.0 Poplar Heights - 149.0 Fox Mill Estates
Fox Mill Woods,Week5,Hayfield Farm,Week2,272.0 Fox Mill Woods - 130.0 Hayfield Farm
Fox Mill Woods,Week1,Hunter Mill,Week5,211.0 Fox Mill Woods - 191.0 Hunter Mill
Fox Hunt,Week2,Mosby Woods,Week1,280.0 Mosby Woods - 122.0 Fox Hunt
Fox Mill Estates,Week1,Poplar Heights,Week3,276.0 Poplar Heights - 126.0 Fox Mill Estates
Fox Mill Estates,Week2,Greenbriar,Week4,226.5 Greenbriar - 175.5 Fox Mill Estates
Fox Hunt,Week1,Mosby Woods,Week3,281.0 Mosby Woods - 121.0 Fox Hunt
Fox Hunt,Week4,Mosby Woods,Week2,276.0 Mosby Woods - 126.0 Fox Hunt
Fox Hunt,Week3,Mosby Woods,Week5,246.0 Mosby Woods - 156.0 Fox Hunt
Fox Mill Estates,Week1,Broyhill Crest,Week2,316.5 Fox Mill Estates - 84.5 Broyhill Crest
Fox Mill Woods,Week4,Hunter Mill,Week1,242.0 Fox Mill Woods - 160.0 Hunter Mill
Fox Hunt,Week1,Overlee,Week1,340.0 Overlee - 62.0 Fox Hunt
Fox Mill Estates,Week2,Poplar Heights,Week1,238.0 Poplar Heights - 164.0 Fox Mill Estates
Fox Hunt,Week5,Orange Hunt,Week3,211.0 Fox Hunt - 191.0 Orange Hunt
Fox Hunt,Week4,Orange Hunt,Week5,253.0 Orange Hunt - 149.0 Fox Hunt
Fox Mill Estates,Week2,Poplar Heights,Week3,253.0 Poplar Heights - 149.0 Fox Mill Estates
Fox Hunt,Week1,Orange Hunt,Week3,236.0 Orange Hunt - 166.0 Fox Hunt
Fox Mill Estates,Week2,Brookfield ,Week5,232.0 Brookfield - 170.0 Fox Mill Estates
Fox Mill Estates,Week3,Greenbriar,Week1,245.0 Greenbriar - 157.0 Fox Mill Estates
Fox Mill Estates,Week1,Greenbriar,Week4,251.0 Greenbriar - 151.0 Fox Mill Estates
Fox Mill Woods,Week2,Herndon,Week5,349.0 Fox Mill Woods - 53.0 Herndon
Fox Mill Woods,Week1,Hunter Mill,Week3,216.0 Fox Mill Woods - 186.0 Hunter Mill
Fox Hunt,Week5,Orange Hunt,Week5,229.0 Orange Hunt - 173.0 Fox Hunt
Fox Hunt,Week2,Mosby Woods,Week3,285.0 Mosby Woods - 117.0 Fox Hunt
Fox Mill Woods,Week4,Herndon,Week5,365.0 Fox Mill Woods - 37.0 Herndon
Fox Hunt,Week1,Mosby Woods,Week5,270.0 Mosby Woods - 132.0 Fox Hunt
Fox Hunt,Week1,Overlee,Week2,349.0 Overlee - 53.0 Fox Hunt
Fox Mill Woods,Week3,Hunter Mill,Week4,204.0 Fox Mill Woods - 198.0 Hunter Mill
Fox Hunt,Week5,McLean,Week1,257.0 McLean - 145.0 Fox Hunt
Fox Mill Woods,Week1,Herndon,Week3,353.0 Fox Mill Woods - 49.0 Herndon
Fox Hunt,Week1,Overlee,Week4,379.0 Overlee - 23.0 Fox Hunt
Fox Mill Estates,Week5,Brookfield ,Week2,217.0 Brookfield - 185.0 Fox Mill Estates
Fox Mill Estates,Week3,Brookfield ,Week3,222.0 Brookfield - 179.0 Fox Mill Estates
Fox Mill Woods,Week1,Hunter Mill,Week4,224.0 Fox Mill Woods - 178.0 Hunter Mill
Fox Mill Estates,Week4,Poplar Heights,Week1,224.0 Poplar Heights - 178.0 Fox Mill Estates
Fox Mill Estates,Week1,Brookfield ,Week5,255.0 Brookfield - 147.0 Fox Mill Estates
Fox Hunt,Week3,Overlee,Week2,338.0 Overlee - 64.0 Fox Hunt
Fox Mill Woods,Week3,Hunter Mill,Week1,227.0 Fox Mill Woods - 175.0 Hunter Mill
Fox Mill Estates,Week4,Poplar Heights,Week5,247.0 Poplar Heights - 155.0 Fox Mill Estates
Fox Mill Estates,Week3,Poplar Heights,Week5,253.0 Poplar Heights - 149.0 Fox Mill Estates
Fox Hunt,Week4,Mosby Woods,Week4,263.0 Mosby Woods - 139.0 Fox Hunt
Fox Mill Estates,Week5,Brookfield ,Week4,228.0 Brookfield - 174.0 Fox Mill Estates
Fox Hunt,Week2,Overlee,Week5,363.0 Overlee - 39.0 Fox Hunt
Fox Mill Estates,Week4,Poplar Heights,Week4,240.0 Poplar Heights - 162.0 Fox Mill Estates
Fox Mill Woods,Week5,Herndon,Week5,359.0 Fox Mill Woods - 43.0 Herndon
Fox Mill Estates,Week1,Brookfield ,Week2,246.0 Brookfield - 156.0 Fox Mill Estates
Fox Mill Woods,Week1,Hunter Mill,Week2,237.0 Fox Mill Woods - 165.0 Hunter Mill
Fox Mill Woods,Week2,Herndon,Week3,353.0 Fox Mill Woods - 49.0 Herndon
Fox Hunt,Week4,Mosby Woods,Week1,267.0 Mosby Woods - 135.0 Fox Hunt
Fox Hunt,Week1,Overlee,Week3,337.0 Overlee - 65.0 Fox Hunt
Fox Mill Estates,Week2,Poplar Heights,Week4,267.0 Poplar Heights - 135.0 Fox Mill Estates
Fox Mill Woods,Week5,Herndon,Week2,349.0 Fox Mill Woods - 53.0 Herndon
Fox Mill Woods,Week1,Hiddenbrook,Week4,284.0 Fox Mill Woods - 118.0 Hiddenbrook
Fox Hunt,Week2,Mosby Woods,Week4,259.0 Mosby Woods - 143.0 Fox Hunt
Fox Hunt,Week5,Orange Hunt,Week4,222.0 Fox Hunt - 180.0 Orange Hunt
Fox Mill Woods,Week5,Hunter Mill,Week1,248.0 Fox Mill Woods - 154.0 Hunter Mill
Fox Mill Woods,Week4,Hayfield Farm,Week5,266.0 Fox Mill Woods - 136.0 Hayfield Farm
Fox Mill Estates,Week3,Greenbriar,Week2,252.0 Greenbriar - 150.0 Fox Mill Estates
Fox Mill Woods,Week1,Herndon,Week4,354.0 Fox Mill Woods - 48.0 Herndon
Fox Hunt,Week3,Overlee,Week3,318.0 Overlee - 84.0 Fox Hunt
Fox Mill Estates,Week5,Pleasant Valley,Week5,275.0 Fox Mill Estates - 126.0 Pleasant Valley
Fox Mill Woods,Week5,Hunt Valley,Week4,208.0 Hunt Valley - 194.0 Fox Mill Woods
Fox Mill Woods,Week5,Hunt Valley,Week5,221.0 Hunt Valley - 181.0 Fox Mill Woods
Fox Mill Estates,Week1,Brookfield ,Week3,233.0 Brookfield - 169.0 Fox Mill Estates
Fox Mill Woods,Week2,Hunter Mill,Week1,216.0 Fox Mill Woods - 186.0 Hunter Mill
Fox Hunt,Week4,Mosby Woods,Week5,273.0 Mosby Woods - 129.0 Fox Hunt
Fox Mill Woods,Week3,Herndon,Week1,347.0 Fox Mill Woods - 55.0 Herndon
Fox Hunt,Week2,Overlee,Week3,328.0 Overlee - 74.0 Fox Hunt
Fox Hunt,Week5,Mosby Woods,Week3,252.0 Mosby Woods - 150.0 Fox Hunt
Fox Mill Woods,Week2,Herndon,Week4,354.5 Fox Mill Woods - 47.5 Herndon
Fox Hunt,Week5,Mosby Woods,Week5,239.0 Mosby Woods - 163.0 Fox Hunt
Fox Mill Estates,Week4,Poplar Heights,Week2,239.0 Poplar Heights - 163.0 Fox Mill Estates
Fox Mill Woods,Week1,Hunter Mill,Week1,238.0 Fox Mill Woods - 164.0 Hunter Mill
Fox Hunt,Week5,Mosby Woods,Week2,253.0 Mosby Woods - 149.0 Fox Hunt
Fox Mill Estates,Week1,Poplar Heights,Week1,271.0 Poplar Heights - 131.0 Fox Mill Estates
Fox Mill Estates,Week3,Brookfield ,Week1,242.0 Brookfield - 160.0 Fox Mill Estates
Fox Mill Estates,Week1,Poplar Heights,Week5,287.0 Poplar Heights - 115.0 Fox Mill Estates
Fox Mill Estates,Week1,Broyhill Crest,Week1,313.0 Fox Mill Estates - 88.0 Broyhill Crest
Fox Hunt,Week3,Overlee,Week4,361.5 Overlee - 40.5 Fox Hunt
Fox Mill Woods,Week5,Hayfield Farm,Week5,270.0 Fox Mill Woods - 132.0 Hayfield Farm
Fox Mill Estates,Week3,Brookfield ,Week4,244.0 Brookfield - 158.0 Fox Mill Estates
Fox Hunt,Week3,Overlee,Week5,355.0 Overlee - 47.0 Fox Hunt
Fox Mill Woods,Week5,Herndon,Week1,351.0 Fox Mill Woods - 51.0 Herndon
Fox Hunt,Week1,Mount Vernon Park,Week1,262.5 Mount Vernon Park - 134.5 Fox Hunt
Fox Mill Estates,Week2,Brookfield ,Week2,237.0 Brookfield - 165.0 Fox Mill Estates
Fox Mill Woods,Week3,Hunter Mill,Week5,204.0 Fox Mill Woods - 198.0 Hunter Mill
Fox Mill Estates,Week4,Poplar Heights,Week3,239.0 Poplar Heights - 163.0 Fox Mill Estates
Fox Mill Woods,Week5,Hayfield Farm,Week3,243.0 Fox Mill Woods - 159.0 Hayfield Farm
Fox Mill Estates,Week1,Poplar Heights,Week4,292.0 Poplar Heights - 110.0 Fox Mill Estates
Fox Mill Woods,Week5,Herndon,Week3,362.0 Fox Mill Woods - 40.0 Herndon
Fox Mill Estates,Week3,Poplar Heights,Week4,257.0 Poplar Heights - 145.0 Fox Mill Estates
Fox Hunt,Week2,Mount Vernon Park,Week4,261.0 Mount Vernon Park - 141.0 Fox Hunt
Fox Hunt,Week4,Overlee,Week1,326.0 Overlee - 76.0 Fox Hunt
Fox Mill Estates,Week3,Poplar Heights,Week2,247.0 Poplar Heights - 155.0 Fox Mill Estates
Fox Mill Woods,Week1,Herndon,Week1,355.0 Fox Mill Woods - 46.0 Herndon
Fox Hunt,Week2,Overlee,Week4,373.0 Overlee - 29.0 Fox Hunt
Fox Mill Woods,Week4,Hunter Mill,Week3,214.0 Fox Mill Woods - 188.0 Hunter Mill
Fox Mill Estates,Week3,Brookfield ,Week2,226.0 Brookfield - 176.0 Fox Mill Estates
Fox Hunt,Week3,Overlee,Week1,324.0 Overlee - 78.0 Fox Hunt
Fox Hunt,Week1,Mount Vernon Park,Week3,265.0 Mount Vernon Park - 137.0 Fox Hunt
Fox Hunt,Week5,Mosby Woods,Week1,251.0 Mosby Woods - 151.0 Fox Hunt
Fox Hunt,Week2,Overlee,Week2,341.0 Overlee - 61.0 Fox Hunt
Fox Mill Woods,Week4,Hunter Mill,Week4,213.0 Fox Mill Woods - 189.0 Hunter Mill
Fox Mill Estates,Week2,Poplar Heights,Week5,264.5 Poplar Heights - 137.5 Fox Mill Estates
Fox Mill Estates,Week2,Brookfield ,Week4,242.0 Brookfield - 160.0 Fox Mill Estates
Fox Hunt,Week4,Overlee,Week3,326.0 Overlee - 76.0 Fox Hunt
Fox Mill Woods,Week1,Herndon,Week5,344.0 Fox Mill Woods - 58.0 Herndon
Fox Mill Estates,Week5,Bren Mar-Edsall Park,Week4,315.0 Fox Mill Estates - 87.0 Bren Mar-Edsall Park
Fox Mill Estates,Week4,Brookfield ,Week1,218.0 Brookfield - 184.0 Fox Mill Estates
Fox Hunt,Week2,Overlee,Week1,329.0 Overlee - 73.0 Fox Hunt
Fox Hunt,Week2,Mount Vernon Park,Week3,265.0 Mount Vernon Park - 137.0 Fox Hunt
Fox Mill Estates,Week4,Brookfield ,Week4,229.0 Brookfield - 173.0 Fox Mill Estates
Fox Hunt,Week4,Overlee,Week2,342.0 Overlee - 60.0 Fox Hunt
Fox Mill Woods,Week5,Hunter Mill,Week2,251.0 Fox Mill Woods - 151.0 Hunter Mill
Fox Hunt,Week2,Mount Vernon Park,Week1,259.0 Mount Vernon Park - 138.0 Fox Hunt
Fox Mill Woods,Week5,Hunter Mill,Week3,223.0 Fox Mill Woods - 178.0 Hunter Mill
Fox Mill Estates,Week5,Brookfield ,Week1,235.0 Brookfield - 167.0 Fox Mill Estates
Fox Mill Woods,Week5,Hayfield Farm,Week1,281.0 Fox Mill Woods - 121.0 Hayfield Farm
Fox Mill Estates,Week4,Brookfield ,Week2,202.0 Fox Mill Estates - 200.0 Brookfield
Fox Mill Woods,Week5,Hunter Mill,Week4,209.0 Fox Mill Woods - 193.0 Hunter Mill
Fox Mill Woods,Week4,Hunter Mill,Week5,205.0 Hunter Mill - 197.0 Fox Mill Woods
Fox Hunt,Week1,Mount Vernon Park,Week5,280.0 Mount Vernon Park - 122.0 Fox Hunt
Fox Hunt,Week2,Mount Vernon Park,Week2,272.0 Mount Vernon Park - 130.0 Fox Hunt
Fox Mill Woods,Week4,Hunter Mill,Week2,230.0 Fox Mill Woods - 172.0 Hunter Mill
Fox Mill Woods,Week4,Herndon,Week3,359.0 Fox Mill Woods - 43.0 Herndon
Fox Mill Woods,Week4,Ilda Community,Week4,316.0 Fox Mill Woods - 86.0 Ilda Community
Fox Hunt,Week3,Mount Vernon Park,Week3,252.0 Mount Vernon Park - 150.0 Fox Hunt
Fox Mill Estates,Week2,Broyhill Crest,Week5,313.0 Fox Mill Estates - 88.0 Broyhill Crest
Fox Mill Estates,Week5,Brookfield ,Week5,223.0 Brookfield - 179.0 Fox Mill Estates
Fox Mill Woods,Week2,Herndon,Week2,346.0 Fox Mill Woods - 56.0 Herndon
Fox Hunt,Week4,Mount Vernon Park,Week2,259.0 Mount Vernon Park - 143.0 Fox Hunt
Fox Mill Woods,Week4,Ilda Community,Week2,326.0 Fox Mill Woods - 76.0 Ilda Community
Fox Hunt,Week3,Mount Vernon Park,Week1,261.0 Mount Vernon Park - 141.0 Fox Hunt
Fox Mill Woods,Week4,Herndon,Week2,351.0 Fox Mill Woods - 51.0 Herndon
Fox Mill Woods,Week3,Herndon,Week2,337.0 Fox Mill Woods - 65.0 Herndon
Fox Mill Woods,Week2,Ilda Community,Week2,326.0 Fox Mill Woods - 76.0 Ilda Community
Fox Mill Estates,Week1,Broyhill Crest,Week5,300.0 Fox Mill Estates - 102.0 Broyhill Crest
Fox Mill Estates,Week1,Broyhill Crest,Week4,307.0 Fox Mill Estates - 95.0 Broyhill Crest
Fox Hunt,Week4,Mount Vernon Park,Week1,265.0 Mount Vernon Park - 137.0 Fox Hunt
Fox Mill Woods,Week4,Ilda Community,Week3,331.0 Fox Mill Woods - 71.0 Ilda Community
Fox Mill Estates,Week1,Broyhill Crest,Week3,315.0 Fox Mill Estates - 87.0 Broyhill Crest
Fox Mill Woods,Week3,Ilda Community,Week1,313.0 Fox Mill Woods - 89.0 Ilda Community
Fox Mill Woods,Week1,Kent Gardens,Week3,272.0 Fox Mill Woods - 130.0 Kent Gardens
Fox Mill Estates,Week2,Broyhill Crest,Week1,316.0 Fox Mill Estates - 81.0 Broyhill Crest
Fox Hunt,Week3,Mount Vernon Park,Week4,243.0 Mount Vernon Park - 159.0 Fox Hunt
Fox Mill Estates,Week4,Broyhill Crest,Week2,357.0 Fox Mill Estates - 44.0 Broyhill Crest
Fox Hunt,Week3,Mount Vernon Park,Week5,256.0 Mount Vernon Park - 146.0 Fox Hunt
Fox Mill Woods,Week5,Hayfield Farm,Week4,257.0 Fox Mill Woods - 145.0 Hayfield Farm
Fox Mill Woods,Week3,Herndon,Week3,352.0 Fox Mill Woods - 50.0 Herndon
Fox Mill Woods,Week3,Herndon,Week4,342.0 Fox Mill Woods - 60.0 Herndon
Fox Mill Woods,Week4,Herndon,Week1,356.0 Fox Mill Woods - 46.0 Herndon
Fox Mill Woods,Week1,Ilda Community,Week3,327.0 Fox Mill Woods - 75.0 Ilda Community
Fox Hunt,Week4,Mount Vernon Park,Week3,263.0 Mount Vernon Park - 139.0 Fox Hunt
Fox Mill Woods,Week5,Hunter Mill,Week5,203.0 Fox Mill Woods - 199.0 Hunter Mill
Fox Mill Woods,Week2,Herndon,Week1,350.0 Fox Mill Woods - 52.0 Herndon
Fox Hunt,Week1,Mount Vernon Park,Week4,255.0 Mount Vernon Park - 147.0 Fox Hunt
Fox Mill Estates,Week2,Broyhill Crest,Week2,316.0 Fox Mill Estates - 84.0 Broyhill Crest
Fox Mill Woods,Week4,Herndon,Week4,363.0 Fox Mill Woods - 39.0 Herndon
Fox Mill Woods,Week3,Hiddenbrook,Week3,275.0 Fox Mill Woods - 127.0 Hiddenbrook
Fox Mill Woods,Week1,Ilda Community,Week2,332.0 Fox Mill Woods - 70.0 Ilda Community
Fox Mill Woods,Week2,Kent Gardens,Week5,210.0 Fox Mill Woods - 192.0 Kent Gardens
Fox Mill Woods,Week2,Hiddenbrook,Week1,291.0 Fox Mill Woods - 111.0 Hiddenbrook
Fox Mill Woods,Week1,High Point Pool,Week5,218.0 Fox Mill Woods - 184.0 High Point Pool
Fox Hunt,Week4,Mount Vernon Park,Week4,246.0 Mount Vernon Park - 156.0 Fox Hunt
Fox Mill Estates,Week3,Broyhill Crest,Week1,335.0 Fox Mill Estates - 66.0 Broyhill Crest
Fox Mill Estates,Week3,Broyhill Crest,Week5,316.0 Fox Mill Estates - 85.0 Broyhill Crest
Fox Mill Estates,Week3,Broyhill Crest,Week3,339.0 Fox Mill Estates - 62.0 Broyhill Crest
Fox Mill Woods,Week2,Kent Gardens,Week3,263.0 Fox Mill Woods - 139.0 Kent Gardens
Fox Mill Estates,Week4,Broyhill Crest,Week4,347.5 Fox Mill Estates - 54.5 Broyhill Crest
Fox Mill Woods,Week5,Herndon,Week4,359.0 Fox Mill Woods - 43.0 Herndon
Fox Mill Estates,Week4,Broyhill Crest,Week5,332.5 Fox Mill Estates - 69.5 Broyhill Crest
Fox Mill Woods,Week3,Ilda Community,Week4,299.0 Fox Mill Woods - 103.0 Ilda Community
Fox Mill Woods,Week2,Kent Gardens,Week2,267.0 Fox Mill Woods - 135.0 Kent Gardens
Fox Mill Woods,Week1,Ilda Community,Week4,306.0 Fox Mill Woods - 96.0 Ilda Community
Fox Mill Woods,Week1,Hiddenbrook,Week2,321.0 Fox Mill Woods - 81.0 Hiddenbrook
Fox Mill Woods,Week1,Ilda Community,Week5,317.0 Fox Mill Woods - 85.0 Ilda Community
Fox Mill Woods,Week5,Ilda Community,Week4,304.0 Fox Mill Woods - 98.0 Ilda Community
Fox Mill Estates,Week3,Burke Station,Week2,252.0 Fox Mill Estates - 146.0 Burke Station
Fox Mill Estates,Week3,Broyhill Crest,Week2,345.0 Fox Mill Estates - 57.0 Broyhill Crest
Fox Mill Estates,Week2,Broyhill Crest,Week4,316.0 Fox Mill Estates - 84.0 Broyhill Crest
Fox Mill Woods,Week1,Hiddenbrook,Week1,296.0 Fox Mill Woods - 106.0 Hiddenbrook
Fox Mill Woods,Week1,Hiddenbrook,Week3,289.5 Fox Mill Woods - 112.5 Hiddenbrook
Fox Mill Woods,Week5,Hiddenbrook,Week2,328.0 Fox Mill Woods - 73.0 Hiddenbrook
Fox Mill Estates,Week2,Burke Station,Week5,225.0 Fox Mill Estates - 177.0 Burke Station
Fox Mill Woods,Week3,Hiddenbrook,Week1,288.0 Fox Mill Woods - 114.0 Hiddenbrook
Fox Mill Woods,Week4,Hiddenbrook,Week5,271.0 Fox Mill Woods - 131.0 Hiddenbrook
Fox Mill Woods,Week2,Hiddenbrook,Week2,304.0 Fox Mill Woods - 98.0 Hiddenbrook
Fox Mill Estates,Week5,Broyhill Crest,Week4,333.0 Fox Mill Estates - 68.0 Broyhill Crest
Fox Mill Estates,Week1,Burke Station,Week4,230.0 Fox Mill Estates - 172.0 Burke Station
Fox Mill Estates,Week5,Broyhill Crest,Week5,321.0 Fox Mill Estates - 81.0 Broyhill Crest
Fox Mill Estates,Week4,Broyhill Crest,Week1,341.0 Fox Mill Estates - 60.0 Broyhill Crest
Fox Mill Woods,Week5,Hiddenbrook,Week1,297.0 Fox Mill Woods - 105.0 Hiddenbrook
Fox Mill Estates,Week5,Broyhill Crest,Week1,334.0 Fox Mill Estates - 67.0 Broyhill Crest
Fox Mill Woods,Week2,Ilda Community,Week3,318.0 Fox Mill Woods - 84.0 Ilda Community
Fox Mill Woods,Week1,Kent Gardens,Week1,254.0 Fox Mill Woods - 148.0 Kent Gardens
Fox Mill Estates,Week2,Burke Station,Week1,216.0 Fox Mill Estates - 162.0 Burke Station
Fox Mill Woods,Week1,Ilda Community,Week1,319.0 Fox Mill Woods - 83.0 Ilda Community
Fox Mill Estates,Week2,Burke Station,Week3,233.0 Fox Mill Estates - 164.0 Burke Station
Fox Mill Woods,Week5,Ilda Community,Week1,318.0 Fox Mill Woods - 84.0 Ilda Community
Fox Mill Woods,Week5,Ilda Community,Week3,319.0 Fox Mill Woods - 82.0 Ilda Community
Fox Mill Woods,Week2,Ilda Community,Week4,293.0 Fox Mill Woods - 109.0 Ilda Community
Fox Mill Woods,Week4,Hiddenbrook,Week1,301.0 Fox Mill Woods - 101.0 Hiddenbrook
Fox Mill Woods,Week4,Ilda Community,Week5,323.0 Fox Mill Woods - 79.0 Ilda Community
Fox Mill Estates,Week1,Burke Station,Week5,202.0 Fox Mill Estates - 200.0 Burke Station
Fox Mill Woods,Week3,Ilda Community,Week5,311.0 Fox Mill Woods - 91.0 Ilda Community
Fox Mill Woods,Week5,Ilda Community,Week5,316.0 Fox Mill Woods - 86.0 Ilda Community
Fox Mill Woods,Week3,Hiddenbrook,Week2,305.0 Fox Mill Woods - 97.0 Hiddenbrook
Fox Mill Woods,Week2,Hiddenbrook,Week5,267.0 Fox Mill Woods - 135.0 Hiddenbrook
Fox Mill Estates,Week4,Broyhill Crest,Week3,347.0 Fox Mill Estates - 55.0 Broyhill Crest
Fox Mill Woods,Week4,Hiddenbrook,Week3,284.0 Fox Mill Woods - 118.0 Hiddenbrook
Fox Mill Woods,Week3,Hiddenbrook,Week5,261.0 Fox Mill Woods - 141.0 Hiddenbrook
Fox Mill Woods,Week4,Hiddenbrook,Week2,322.0 Fox Mill Woods - 80.0 Hiddenbrook
Fox Mill Woods,Week4,Ilda Community,Week1,328.0 Fox Mill Woods - 74.0 Ilda Community
Fox Mill Estates,Week1,Burke Station,Week2,235.0 Fox Mill Estates - 166.0 Burke Station
Fox Mill Woods,Week2,Ilda Community,Week1,321.0 Fox Mill Woods - 80.0 Ilda Community
Fox Mill Woods,Week1,Hiddenbrook,Week5,264.0 Fox Mill Woods - 138.0 Hiddenbrook
Fox Mill Woods,Week5,Hiddenbrook,Week4,287.0 Fox Mill Woods - 115.0 Hiddenbrook
Fox Mill Estates,Week2,Burke Station,Week4,248.0 Fox Mill Estates - 153.0 Burke Station
Fox Mill Woods,Week2,Hiddenbrook,Week3,288.0 Fox Mill Woods - 114.0 Hiddenbrook
Fox Mill Woods,Week2,Ilda Community,Week5,309.0 Fox Mill Woods - 92.0 Ilda Community
Fox Mill Estates,Week1,Burke Station,Week3,205.0 Fox Mill Estates - 190.0 Burke Station
Fox Mill Estates,Week5,Broyhill Crest,Week2,338.0 Fox Mill Estates - 63.0 Broyhill Crest
Fox Mill Woods,Week3,Ilda Community,Week3,316.0 Fox Mill Woods - 86.0 Ilda Community
Fox Mill Woods,Week2,Hiddenbrook,Week4,268.0 Fox Mill Woods - 134.0 Hiddenbrook
Fox Mill Woods,Week3,Ilda Community,Week2,317.0 Fox Mill Woods - 85.0 Ilda Community
Fox Mill Woods,Week1,High Point Pool,Week2,225.0 Fox Mill Woods - 177.0 High Point Pool
Fox Mill Estates,Week2,Camelot,Week3,209.0 Fox Mill Estates - 193.0 Camelot
Fox Mill Woods,Week5,Hiddenbrook,Week3,288.0 Fox Mill Woods - 114.0 Hiddenbrook
Fox Mill Woods,Week5,Hiddenbrook,Week5,271.0 Fox Mill Woods - 131.0 Hiddenbrook
Fox Mill Woods,Week2,Kings Ridge ,Week3,311.5 Fox Mill Woods - 89.5 Kings Ridge
Fox Mill Woods,Week3,Kent Gardens,Week3,267.0 Fox Mill Woods - 135.0 Kent Gardens
Fox Mill Woods,Week3,Kings Ridge ,Week1,322.0 Fox Mill Woods - 80.0 Kings Ridge
Fox Mill Estates,Week2,Broyhill Crest,Week3,318.0 Fox Mill Estates - 83.0 Broyhill Crest
Fox Mill Woods,Week5,Ilda Community,Week2,320.0 Fox Mill Woods - 82.0 Ilda Community
Fox Mill Woods,Week2,High Point Pool,Week3,223.0 Fox Mill Woods - 179.0 High Point Pool
Fox Mill Woods,Week1,Kent Gardens,Week2,277.0 Fox Mill Woods - 125.0 Kent Gardens
Fox Mill Woods,Week2,Kent Gardens,Week1,243.0 Fox Mill Woods - 159.0 Kent Gardens
Fox Mill Woods,Week2,High Point Pool,Week1,232.0 Fox Mill Woods - 170.0 High Point Pool
Fox Mill Woods,Week2,High Point Pool,Week2,216.0 Fox Mill Woods - 186.0 High Point Pool
Fox Mill Estates,Week2,Camelot,Week1,208.0 Camelot - 194.0 Fox Mill Estates
Fox Mill Woods,Week1,Kent Gardens,Week5,221.0 Fox Mill Woods - 181.0 Kent Gardens
Fox Mill Woods,Week3,Kings Ridge ,Week4,300.0 Fox Mill Woods - 102.0 Kings Ridge
Fox Mill Woods,Week1,High Point Pool,Week4,234.0 Fox Mill Woods - 168.0 High Point Pool
Fox Mill Woods,Week1,High Point Pool,Week3,243.0 Fox Mill Woods - 159.0 High Point Pool
Fox Mill Estates,Week3,Broyhill Crest,Week4,330.0 Fox Mill Estates - 72.0 Broyhill Crest
Fox Mill Woods,Week4,Hiddenbrook,Week4,285.0 Fox Mill Woods - 117.0 Hiddenbrook
Fox Mill Estates,Week3,Camelot,Week1,210.0 Camelot - 192.0 Fox Mill Estates
Fox Mill Estates,Week1,Burke Station,Week1,195.0 Fox Mill Estates - 183.0 Burke Station
Fox Mill Estates,Week3,Camelot,Week4,212.0 Fox Mill Estates - 190.0 Camelot
Fox Mill Woods,Week1,High Point Pool,Week1,237.0 Fox Mill Woods - 165.0 High Point Pool
Fox Mill Estates,Week4,Burke Station,Week3,253.0 Fox Mill Estates - 143.0 Burke Station
Fox Mill Woods,Week1,Kent Gardens,Week4,273.0 Fox Mill Woods - 129.0 Kent Gardens
Fox Mill Estates,Week2,Burke Station,Week2,248.0 Fox Mill Estates - 152.0 Burke Station
Fox Mill Estates,Week5,Broyhill Crest,Week3,338.0 Fox Mill Estates - 63.0 Broyhill Crest
Fox Mill Estates,Week3,Burke Station,Week1,220.0 Fox Mill Estates - 155.0 Burke Station
Fox Mill Woods,Week3,Hiddenbrook,Week4,258.0 Fox Mill Woods - 144.0 Hiddenbrook
Fox Mill Woods,Week3,Kings Ridge ,Week3,314.0 Fox Mill Woods - 88.0 Kings Ridge
Fox Mill Woods,Week2,Kent Gardens,Week4,260.5 Fox Mill Woods - 141.5 Kent Gardens
Fox Mill Estates,Week1,Camelot,Week5,231.0 Camelot - 171.0 Fox Mill Estates
Fox Hunt,Week3,Newington Forest,Week4,274.0 Fox Hunt - 118.0 Newington Forest
Fox Mill Woods,Week5,Kent Gardens,Week5,218.0 Fox Mill Woods - 184.0 Kent Gardens
Fox Mill Woods,Week4,Kent Gardens,Week5,228.0 Fox Mill Woods - 174.0 Kent Gardens
Fox Mill Woods,Week5,High Point Pool,Week2,230.0 Fox Mill Woods - 172.0 High Point Pool
Fox Hunt,Week5,Mount Vernon Park,Week3,232.0 Mount Vernon Park - 170.0 Fox Hunt
Fox Mill Estates,Week3,Camelot,Week3,210.0 Fox Mill Estates - 191.0 Camelot
Fox Mill Estates,Week2,Camelot,Week4,209.0 Fox Mill Estates - 193.0 Camelot
Fox Hunt,Week5,Lee Graham,Week1,258.0 Lee Graham - 144.0 Fox Hunt
Fox Mill Woods,Week3,Kent Gardens,Week5,214.0 Fox Mill Woods - 188.0 Kent Gardens
Fox Mill Woods,Week4,Kent Gardens,Week1,244.0 Fox Mill Woods - 158.0 Kent Gardens
Fox Mill Woods,Week5,High Point Pool,Week1,243.0 Fox Mill Woods - 159.0 High Point Pool
Fox Mill Woods,Week5,High Point Pool,Week3,237.0 Fox Mill Woods - 165.0 High Point Pool
Fox Mill Estates,Week3,Camelot,Week2,203.0 Camelot - 198.0 Fox Mill Estates
Fox Mill Woods,Week5,High Point Pool,Week4,230.5 Fox Mill Woods - 171.5 High Point Pool
Fox Mill Woods,Week1,Kings Ridge ,Week5,304.0 Fox Mill Woods - 98.0 Kings Ridge
Fox Mill Woods,Week1,Highland Park,Week1,231.0 Fox Mill Woods - 171.0 Highland Park
Fox Mill Woods,Week2,Kings Ridge ,Week1,324.0 Fox Mill Woods - 78.0 Kings Ridge
Fox Mill Woods,Week4,High Point Pool,Week5,215.0 Fox Mill Woods - 187.0 High Point Pool
Fox Mill Woods,Week1,Kings Ridge ,Week3,309.0 Fox Mill Woods - 93.0 Kings Ridge
Fox Hunt,Week2,Newington Forest,Week2,290.0 Fox Hunt - 112.0 Newington Forest
Fox Mill Estates,Week5,Burke Station,Week5,237.0 Fox Mill Estates - 165.0 Burke Station
Fox Mill Estates,Week2,Camelot,Week5,201.0 Camelot - 201.0 Fox Mill Estates
Fox Mill Estates,Week4,Camelot,Week1,208.5 Fox Mill Estates - 193.5 Camelot
Fox Mill Woods,Week3,High Point Pool,Week3,225.5 Fox Mill Woods - 176.5 High Point Pool
Fox Mill Estates,Week5,Burke Station,Week1,215.0 Fox Mill Estates - 164.0 Burke Station
Fox Mill Woods,Week5,Kent Gardens,Week4,269.5 Fox Mill Woods - 132.5 Kent Gardens
Fox Mill Woods,Week2,Kings Ridge ,Week5,293.0 Fox Mill Woods - 109.0 Kings Ridge
Fox Mill Woods,Week2,Kings Ridge ,Week2,309.0 Fox Mill Woods - 93.0 Kings Ridge
Fox Hunt,Week2,Newington Forest,Week1,305.0 Fox Hunt - 97.0 Newington Forest
Fox Mill Estates,Week4,Burke Station,Week2,289.0 Fox Mill Estates - 113.0 Burke Station
Fox Mill Estates,Week5,Burke Station,Week2,278.0 Fox Mill Estates - 124.0 Burke Station
Fox Mill Estates,Week4,Burke Station,Week1,230.0 Fox Mill Estates - 149.0 Burke Station
Fox Mill Woods,Week5,Kent Gardens,Week3,264.0 Fox Mill Woods - 138.0 Kent Gardens
Fox Hunt,Week3,Newington Forest,Week3,280.0 Fox Hunt - 122.0 Newington Forest
Fox Mill Woods,Week5,Highland Park,Week1,254.0 Fox Mill Woods - 148.0 Highland Park
Fox Mill Woods,Week5,Kent Gardens,Week2,275.5 Fox Mill Woods - 126.5 Kent Gardens
Fox Mill Estates,Week3,Burke Station,Week3,232.0 Fox Mill Estates - 164.0 Burke Station
Fox Mill Woods,Week3,High Point Pool,Week2,214.0 Fox Mill Woods - 188.0 High Point Pool
Fox Mill Woods,Week1,Kings Ridge ,Week4,309.0 Fox Mill Woods - 93.0 Kings Ridge
Fox Mill Woods,Week4,High Point Pool,Week2,215.0 Fox Mill Woods - 187.0 High Point Pool
Fox Mill Woods,Week4,High Point Pool,Week3,228.0 Fox Mill Woods - 174.0 High Point Pool
Fox Mill Estates,Week4,Burke Station,Week5,249.0 Fox Mill Estates - 152.0 Burke Station
Fox Mill Woods,Week3,Kent Gardens,Week4,259.0 Fox Mill Woods - 143.0 Kent Gardens
Fox Hunt,Week5,Newington Forest,Week4,305.5 Fox Hunt - 96.5 Newington Forest
Fox Hunt,Week1,Newington Forest,Week3,269.5 Fox Hunt - 132.5 Newington Forest
Fox Mill Woods,Week4,Kent Gardens,Week3,268.0 Fox Mill Woods - 134.0 Kent Gardens
Fox Mill Woods,Week1,Kings Ridge ,Week1,328.0 Fox Mill Woods - 74.0 Kings Ridge
Fox Hunt,Week2,Newington Forest,Week4,272.0 Fox Hunt - 130.0 Newington Forest
Fox Mill Woods,Week4,Highland Park,Week2,265.0 Fox Mill Woods - 137.0 Highland Park
Fox Mill Woods,Week4,Highland Park,Week4,254.0 Fox Mill Woods - 148.0 Highland Park
Fox Hunt,Week3,Newington Forest,Week2,284.0 Fox Hunt - 117.0 Newington Forest
Fox Mill Estates,Week1,Camelot,Week2,223.0 Camelot - 179.0 Fox Mill Estates
Fox Mill Estates,Week1,Camelot,Week3,216.0 Camelot - 186.0 Fox Mill Estates
Fox Hunt,Week5,Newington Forest,Week3,313.5 Fox Hunt - 88.5 Newington Forest
Fox Mill Woods,Week1,Highland Park,Week3,257.0 Fox Mill Woods - 145.0 Highland Park
Fox Mill Woods,Week3,High Point Pool,Week5,207.0 Fox Mill Woods - 195.0 High Point Pool
Fox Hunt,Week1,Newington Forest,Week1,290.0 Fox Hunt - 112.0 Newington Forest
Fox Hunt,Week3,Newington Forest,Week1,296.0 Fox Hunt - 105.0 Newington Forest
Fox Mill Estates,Week3,Burke Station,Week4,262.0 Fox Mill Estates - 140.0 Burke Station
Fox Mill Estates,Week5,Burke Station,Week4,267.0 Fox Mill Estates - 135.0 Burke Station
Fox Mill Woods,Week4,Kent Gardens,Week2,262.0 Fox Mill Woods - 140.0 Kent Gardens
Fox Mill Woods,Week3,Highland Park,Week5,250.0 Fox Mill Woods - 152.0 Highland Park
Fox Hunt,Week4,Newington Forest,Week3,282.0 Fox Hunt - 120.0 Newington Forest
Fox Mill Woods,Week1,Highland Park,Week4,249.0 Fox Mill Woods - 153.0 Highland Park
Fox Mill Estates,Week1,Camelot,Week1,222.0 Camelot - 180.0 Fox Mill Estates
Fox Mill Woods,Week4,High Point Pool,Week1,233.0 Fox Mill Woods - 169.0 High Point Pool
Fox Mill Woods,Week2,High Point Pool,Week4,213.0 Fox Mill Woods - 189.0 High Point Pool
Fox Mill Woods,Week3,High Point Pool,Week1,233.0 Fox Mill Woods - 169.0 High Point Pool
Fox Hunt,Week5,Mount Vernon Park,Week1,234.0 Mount Vernon Park - 168.0 Fox Hunt
Fox Mill Estates,Week4,Camelot,Week2,204.0 Fox Mill Estates - 198.0 Camelot
Fox Hunt,Week5,Mount Vernon Park,Week4,227.0 Mount Vernon Park - 175.0 Fox Hunt
Fox Mill Woods,Week3,Kent Gardens,Week2,260.0 Fox Mill Woods - 142.0 Kent Gardens
Fox Mill Woods,Week1,Kings Ridge ,Week2,320.0 Fox Mill Woods - 82.0 Kings Ridge
Fox Mill Woods,Week3,High Point Pool,Week4,211.0 Fox Mill Woods - 191.0 High Point Pool
Fox Mill Woods,Week4,Kings Ridge ,Week5,303.0 Fox Mill Woods - 99.0 Kings Ridge
Fox Mill Woods,Week2,Highland Park,Week3,259.0 Fox Mill Woods - 143.0 Highland Park
Fox Hunt,Week5,Mount Vernon Park,Week5,244.0 Mount Vernon Park - 158.0 Fox Hunt
Fox Hunt,Week1,Newington Forest,Week5,254.0 Fox Hunt - 148.0 Newington Forest
Fox Hunt,Week1,Newington Forest,Week2,281.0 Fox Hunt - 121.0 Newington Forest
Fox Mill Woods,Week5,High Point Pool,Week5,236.0 Fox Mill Woods - 166.0 High Point Pool
Fox Mill Estates,Week4,Camelot,Week3,216.0 Fox Mill Estates - 186.0 Camelot
Fox Mill Woods,Week4,Kent Gardens,Week4,275.0 Fox Mill Woods - 127.0 Kent Gardens
Fox Mill Woods,Week1,Highland Park,Week5,247.0 Fox Mill Woods - 155.0 Highland Park
Fox Mill Estates,Week1,Camelot,Week4,211.0 Camelot - 191.0 Fox Mill Estates
Fox Mill Woods,Week3,Lake Braddock,Week4,337.0 Fox Mill Woods - 65.0 Lake Braddock
Fox Mill Estates,Week3,Burke Station,Week5,231.0 Fox Mill Estates - 171.0 Burke Station
Fox Mill Estates,Week2,Camelot,Week2,209.0 Fox Mill Estates - 193.0 Camelot
Fox Hunt,Week4,Newington Forest,Week1,298.0 Fox Hunt - 104.0 Newington Forest
Fox Hunt,Week1,Newington Forest,Week4,269.0 Fox Hunt - 133.0 Newington Forest
Fox Mill Estates,Week4,Burke Station,Week4,270.0 Fox Mill Estates - 132.0 Burke Station
Fox Mill Woods,Week3,Kings Ridge ,Week2,318.0 Fox Mill Woods - 84.0 Kings Ridge
Fox Hunt,Week2,Newington Forest,Week5,259.0 Fox Hunt - 143.0 Newington Forest
Fox Mill Estates,Week5,Burke Station,Week3,249.0 Fox Mill Estates - 148.0 Burke Station
Fox Mill Woods,Week4,High Point Pool,Week4,220.0 Fox Mill Woods - 182.0 High Point Pool
Fox Mill Estates,Week4,Camelot,Week5,201.0 Camelot - 201.0 Fox Mill Estates
Fox Mill Woods,Week2,Kings Ridge ,Week4,294.0 Fox Mill Woods - 108.0 Kings Ridge
Fox Mill Woods,Week3,Kent Gardens,Week1,245.0 Fox Mill Woods - 157.0 Kent Gardens
Fox Hunt,Week3,Newington Forest,Week5,261.0 Fox Hunt - 141.0 Newington Forest
Fox Mill Woods,Week5,Kent Gardens,Week1,248.0 Fox Mill Woods - 154.0 Kent Gardens
Fox Mill Woods,Week2,Lake Braddock,Week4,341.0 Fox Mill Woods - 61.0 Lake Braddock
Fox Mill Woods,Week2,Highland Park,Week1,223.0 Fox Mill Woods - 179.0 Highland Park
Fox Mill Woods,Week4,Lake Braddock,Week3,339.0 Fox Mill Woods - 63.0 Lake Braddock
Fox Mill Woods,Week3,Highland Park,Week2,241.0 Fox Mill Woods - 161.0 Highland Park
Fox Hunt,Week5,Mount Vernon Park,Week2,225.0 Mount Vernon Park - 177.0 Fox Hunt
Fox Hunt,Week4,Mount Vernon Park,Week5,253.0 Mount Vernon Park - 149.0 Fox Hunt
Fox Hunt,Week2,Newington Forest,Week3,279.0 Fox Hunt - 123.0 Newington Forest
Fox Mill Estates,Week5,Camelot,Week1,209.0 Fox Mill Estates - 193.0 Camelot
Fox Mill Woods,Week5,Kings Ridge ,Week1,322.0 Fox Mill Woods - 80.0 Kings Ridge
Fox Hunt,Week4,Newington Forest,Week5,263.0 Fox Hunt - 139.0 Newington Forest
Fox Mill Woods,Week4,Lake Braddock,Week5,329.5 Fox Mill Woods - 72.5 Lake Braddock
Fox Hunt,Week4,Newington Forest,Week4,272.0 Fox Hunt - 130.0 Newington Forest
Fox Mill Woods,Week5,Lake Braddock,Week2,339.0 Fox Mill Woods - 63.0 Lake Braddock
Fox Mill Estates,Week4,Canterbury Woods,Week1,217.0 Fox Mill Estates - 185.0 Canterbury Woods
Fox Mill Estates,Week4,Canterbury Woods,Week2,212.0 Fox Mill Estates - 190.0 Canterbury Woods
Fox Mill Estates,Week3,Camelot,Week5,209.0 Camelot - 193.0 Fox Mill Estates
Fox Hunt,Week4,Newington Forest,Week2,291.0 Fox Hunt - 110.0 Newington Forest
Fox Mill Estates,Week2,Canterbury Woods,Week4,221.0 Canterbury Woods - 181.0 Fox Mill Estates
Fox Mill Estates,Week4,Camelot,Week4,212.0 Fox Mill Estates - 190.0 Camelot
Fox Mill Woods,Week3,Highland Park,Week1,213.0 Fox Mill Woods - 189.0 Highland Park
Fox Mill Woods,Week5,Kings Ridge ,Week3,319.0 Fox Mill Woods - 83.0 Kings Ridge
Fox Mill Woods,Week2,High Point Pool,Week5,210.0 Fox Mill Woods - 192.0 High Point Pool
Fox Mill Woods,Week2,Highland Park,Week5,246.5 Fox Mill Woods - 155.5 Highland Park
Fox Mill Woods,Week1,Highland Park,Week2,261.0 Fox Mill Woods - 141.0 Highland Park
Fox Mill Woods,Week3,Highland Park,Week4,226.0 Fox Mill Woods - 176.0 Highland Park
Fox Mill Woods,Week2,Highland Park,Week2,245.0 Fox Mill Woods - 157.0 Highland Park
Fox Mill Woods,Week2,Lake Braddock,Week5,319.5 Fox Mill Woods - 82.5 Lake Braddock
Fox Hunt,Week2,North Springfield,Week4,293.0 Fox Hunt - 91.0 North Springfield
Fox Hunt,Week3,Rolling Valley,Week2,306.0 Fox Hunt - 96.0 Rolling Valley
Fox Mill Woods,Week4,Highland Park,Week1,252.0 Fox Mill Woods - 150.0 Highland Park
Fox Hunt,Week1,North Springfield,Week2,283.0 Fox Hunt - 105.0 North Springfield
Fox Hunt,Week2,North Springfield,Week5,262.0 Fox Hunt - 111.0 North Springfield
Fox Mill Woods,Week2,Highland Park,Week4,225.0 Fox Mill Woods - 177.0 Highland Park
Fox Hunt,Week1,Rolling Valley,Week1,297.0 Fox Hunt - 105.0 Rolling Valley
Fox Mill Estates,Week1,Canterbury Woods,Week1,228.0 Canterbury Woods - 174.0 Fox Mill Estates
Fox Hunt,Week5,Newington Forest,Week1,327.5 Fox Hunt - 74.5 Newington Forest
Fox Mill Woods,Week1,Lake Braddock,Week2,331.0 Fox Mill Woods - 71.0 Lake Braddock
Fox Hunt,Week5,Newington Forest,Week2,316.0 Fox Hunt - 86.0 Newington Forest
Fox Mill Woods,Week4,Highland Park,Week3,264.0 Fox Mill Woods - 138.0 Highland Park
Fox Hunt,Week2,Rolling Valley,Week2,292.0 Fox Hunt - 110.0 Rolling Valley
Fox Mill Estates,Week2,Canterbury Woods,Week2,203.0 Fox Mill Estates - 199.0 Canterbury Woods
Fox Mill Estates,Week2,Canterbury Woods,Week1,209.0 Fox Mill Estates - 193.0 Canterbury Woods
Fox Mill Estates,Week4,Canterbury Woods,Week3,204.0 Canterbury Woods - 198.0 Fox Mill Estates
Fox Mill Woods,Week3,Kings Ridge ,Week5,292.0 Fox Mill Woods - 110.0 Kings Ridge
Fox Hunt,Week3,Rolling Hills,Week3,256.0 Fox Hunt - 146.0 Rolling Hills
Fox Mill Woods,Week4,Kings Ridge ,Week3,307.0 Fox Mill Woods - 95.0 Kings Ridge
Fox Hunt,Week1,North Springfield,Week4,293.0 Fox Hunt - 94.0 North Springfield
Fox Mill Woods,Week5,Kings Ridge ,Week4,321.0 Fox Mill Woods - 81.0 Kings Ridge
Fox Mill Estates,Week1,Canterbury Woods,Week4,238.0 Canterbury Woods - 164.0 Fox Mill Estates
Fox Mill Estates,Week4,Canterbury Woods,Week4,220.0 Canterbury Woods - 182.0 Fox Mill Estates
Fox Mill Woods,Week2,Highlands Swim,Week3,250.0 Highlands Swim - 152.0 Fox Mill Woods
Fox Mill Estates,Week1,Canterbury Woods,Week5,226.5 Canterbury Woods - 174.5 Fox Mill Estates
Fox Hunt,Week4,North Springfield,Week1,283.0 Fox Hunt - 66.0 North Springfield
Fox Mill Woods,Week1,Lake Braddock,Week4,340.0 Fox Mill Woods - 62.0 Lake Braddock
Fox Hunt,Week3,Rolling Hills,Week2,255.5 Fox Hunt - 141.5 Rolling Hills
Fox Mill Estates,Week3,Canterbury Woods,Week4,231.0 Canterbury Woods - 171.0 Fox Mill Estates
Fox Hunt,Week5,Rolling Hills,Week4,258.0 Fox Hunt - 144.0 Rolling Hills
Fox Mill Woods,Week4,Kings Ridge ,Week4,310.0 Fox Mill Woods - 92.0 Kings Ridge
Fox Hunt,Week4,Rolling Hills,Week2,242.0 Fox Hunt - 160.0 Rolling Hills
Fox Mill Woods,Week3,Highlands Swim,Week3,262.0 Highlands Swim - 140.0 Fox Mill Woods
Fox Mill Woods,Week4,Highland Park,Week5,270.0 Fox Mill Woods - 132.0 Highland Park
Fox Hunt,Week3,North Springfield,Week2,305.0 Fox Hunt - 83.0 North Springfield
Fox Mill Woods,Week1,Lake Braddock,Week3,336.0 Fox Mill Woods - 66.0 Lake Braddock
Fox Hunt,Week5,Rolling Hills,Week1,257.0 Fox Hunt - 145.0 Rolling Hills
Fox Mill Woods,Week3,Highland Park,Week3,251.0 Fox Mill Woods - 151.0 Highland Park
Fox Hunt,Week3,Rolling Hills,Week5,259.5 Fox Hunt - 142.5 Rolling Hills
Fox Hunt,Week5,Newington Forest,Week5,294.0 Fox Hunt - 108.0 Newington Forest
Fox Hunt,Week1,Rolling Valley,Week5,269.0 Fox Hunt - 133.0 Rolling Valley
Fox Mill Woods,Week2,Lake Braddock,Week2,329.0 Fox Mill Woods - 73.0 Lake Braddock
Fox Hunt,Week2,Rolling Valley,Week1,320.0 Fox Hunt - 82.0 Rolling Valley
Fox Hunt,Week3,North Springfield,Week5,260.0 Fox Hunt - 114.0 North Springfield
Fox Mill Estates,Week1,Canterbury Woods,Week3,237.0 Canterbury Woods - 165.0 Fox Mill Estates
Fox Hunt,Week3,North Springfield,Week1,281.0 Fox Hunt - 69.0 North Springfield
Fox Mill Estates,Week1,Canterbury Woods,Week2,226.0 Canterbury Woods - 176.0 Fox Mill Estates
Fox Mill Woods,Week4,Kings Ridge ,Week1,319.0 Fox Mill Woods - 83.0 Kings Ridge
Fox Mill Woods,Week4,Highlands Swim,Week4,248.0 Highlands Swim - 154.0 Fox Mill Woods
Fox Hunt,Week2,North Springfield,Week2,294.0 Fox Hunt - 93.0 North Springfield
Fox Mill Woods,Week4,Highlands Swim,Week3,261.0 Highlands Swim - 141.0 Fox Mill Woods
Fox Mill Woods,Week3,Highlands Swim,Week1,260.0 Highlands Swim - 142.0 Fox Mill Woods
Fox Mill Woods,Week2,Lake Braddock,Week1,348.0 Fox Mill Woods - 54.0 Lake Braddock
Fox Mill Woods,Week1,Lake Braddock,Week5,319.0 Fox Mill Woods - 83.0 Lake Braddock
Fox Mill Woods,Week2,Highlands Swim,Week4,258.0 Highlands Swim - 144.0 Fox Mill Woods
Fox Hunt,Week2,Rolling Valley,Week3,292.0 Fox Hunt - 110.0 Rolling Valley
Fox Hunt,Week1,North Springfield,Week3,281.0 Fox Hunt - 115.0 North Springfield
Fox Hunt,Week4,Rolling Hills,Week1,245.0 Fox Hunt - 157.0 Rolling Hills
Fox Mill Estates,Week3,Canterbury Woods,Week1,206.0 Canterbury Woods - 196.0 Fox Mill Estates
Fox Hunt,Week5,Rolling Hills,Week2,264.0 Fox Hunt - 138.0 Rolling Hills
Fox Mill Woods,Week5,Kings Ridge ,Week2,319.0 Fox Mill Woods - 83.0 Kings Ridge
Fox Mill Estates,Week2,Canterbury Woods,Week3,206.0 Canterbury Woods - 196.0 Fox Mill Estates
Fox Mill Estates,Week2,Canterbury Woods,Week5,211.0 Canterbury Woods - 190.0 Fox Mill Estates
Fox Mill Woods,Week4,Highlands Swim,Week5,260.0 Highlands Swim - 142.0 Fox Mill Woods
Fox Mill Estates,Week5,Camelot,Week4,213.0 Fox Mill Estates - 189.0 Camelot
Fox Mill Woods,Week2,Lake Braddock,Week3,333.0 Fox Mill Woods - 69.0 Lake Braddock
Fox Hunt,Week2,Rolling Valley,Week4,287.0 Fox Hunt - 115.0 Rolling Valley
Fox Mill Woods,Week5,Highlands Swim,Week1,239.0 Highlands Swim - 163.0 Fox Mill Woods
Fox Hunt,Week4,Rolling Hills,Week5,240.0 Fox Hunt - 162.0 Rolling Hills
Fox Hunt,Week3,North Springfield,Week4,304.0 Fox Hunt - 87.0 North Springfield
Fox Mill Estates,Week5,Camelot,Week3,205.0 Fox Mill Estates - 197.0 Camelot
Fox Mill Woods,Week4,Kings Ridge ,Week2,319.0 Fox Mill Woods - 83.0 Kings Ridge
Fox Hunt,Week2,North Springfield,Week1,288.0 Fox Hunt - 61.0 North Springfield
Fox Mill Estates,Week3,Canterbury Woods,Week3,221.0 Canterbury Woods - 181.0 Fox Mill Estates
Fox Mill Woods,Week3,Lake Braddock,Week3,338.0 Fox Mill Woods - 64.0 Lake Braddock
Fox Hunt,Week5,Rolling Hills,Week5,248.0 Fox Hunt - 154.0 Rolling Hills
Fox Hunt,Week3,North Springfield,Week3,294.0 Fox Hunt - 102.0 North Springfield
Fox Mill Woods,Week1,Highlands Swim,Week1,248.0 Highlands Swim - 154.0 Fox Mill Woods
Fox Mill Estates,Week3,Canterbury Woods,Week5,212.0 Canterbury Woods - 186.0 Fox Mill Estates
Fox Hunt,Week4,North Springfield,Week3,286.0 Fox Hunt - 110.0 North Springfield
Fox Hunt,Week1,Rolling Valley,Week2,281.0 Fox Hunt - 121.0 Rolling Valley
Fox Mill Estates,Week3,Canterbury Woods,Week2,203.0 Canterbury Woods - 198.0 Fox Mill Estates
Fox Hunt,Week2,North Springfield,Week3,289.0 Fox Hunt - 106.0 North Springfield
Fox Mill Woods,Week5,Kings Ridge ,Week5,309.0 Fox Mill Woods - 93.0 Kings Ridge
Fox Mill Woods,Week1,Lake Braddock,Week1,347.0 Fox Mill Woods - 55.0 Lake Braddock
Fox Mill Estates,Week5,Camelot,Week5,210.0 Camelot - 192.0 Fox Mill Estates
Fox Hunt,Week4,North Springfield,Week5,258.0 Fox Hunt - 115.0 North Springfield
Fox Mill Woods,Week3,Lake Braddock,Week2,330.0 Fox Mill Woods - 72.0 Lake Braddock
Fox Mill Woods,Week5,Highlands Swim,Week2,252.0 Highlands Swim - 150.0 Fox Mill Woods
Fox Mill Woods,Week3,Lake Braddock,Week1,345.0 Fox Mill Woods - 57.0 Lake Braddock
Fox Hunt,Week4,North Springfield,Week4,301.0 Fox Hunt - 89.0 North Springfield
Fox Mill Woods,Week2,Highlands Swim,Week2,267.0 Highlands Swim - 135.0 Fox Mill Woods
Fox Hunt,Week5,Rolling Hills,Week3,267.0 Fox Hunt - 135.0 Rolling Hills
Fox Mill Estates,Week5,Camelot,Week2,206.0 Camelot - 196.0 Fox Mill Estates
Fox Mill Woods,Week1,Highlands Swim,Week3,249.0 Highlands Swim - 153.0 Fox Mill Woods
Fox Hunt,Week1,Rolling Valley,Week3,277.0 Fox Hunt - 125.0 Rolling Valley
Fox Mill Woods,Week2,Highlands Swim,Week1,256.0 Highlands Swim - 146.0 Fox Mill Woods
Fox Mill Woods,Week5,Highland Park,Week4,260.0 Fox Mill Woods - 142.0 Highland Park
Fox Hunt,Week5,North Springfield,Week2,314.5 Fox Hunt - 73.5 North Springfield
Fox Hunt,Week2,Stratford,Week4,235.0 Fox Hunt - 167.0 Stratford
Fox Mill Woods,Week3,Highlands Swim,Week2,276.0 Highlands Swim - 126.0 Fox Mill Woods
Fox Hunt,Week3,Rolling Valley,Week1,316.0 Fox Hunt - 86.0 Rolling Valley
Fox Mill Woods,Week5,Highland Park,Week3,268.0 Fox Mill Woods - 134.0 Highland Park
Fox Mill Woods,Week4,Lake Braddock,Week4,338.0 Fox Mill Woods - 64.0 Lake Braddock
Fox Hunt,Week5,Stratford,Week5,259.0 Fox Hunt - 143.0 Stratford
Fox Mill Woods,Week5,Highland Park,Week5,272.0 Fox Mill Woods - 130.0 Highland Park
Fox Mill Estates,Week5,Poplar Heights,Week2,255.0 Poplar Heights - 147.0 Fox Mill Estates
Fox Hunt,Week1,North Springfield,Week1,287.0 Fox Hunt - 63.0 North Springfield
Fox Hunt,Week1,Rolling Valley,Week4,284.0 Fox Hunt - 118.0 Rolling Valley
Fox Mill Estates,Week4,Poplar Tree,Week2,219.0 Poplar Tree - 183.0 Fox Mill Estates
Fox Mill Woods,Week4,Lake Braddock,Week2,340.0 Fox Mill Woods - 62.0 Lake Braddock
Fox Hunt,Week2,Rolling Valley,Week5,283.0 Fox Hunt - 119.0 Rolling Valley
Fox Hunt,Week4,North Springfield,Week2,288.0 Fox Hunt - 100.0 North Springfield
Fox Hunt,Week4,Springfield,Week5,370.0 Fox Hunt - 28.0 Springfield
Fox Hunt,Week5,North Springfield,Week1,302.0 Fox Hunt - 48.0 North Springfield
Fox Mill Estates,Week3,Poplar Tree,Week5,271.0 Poplar Tree - 131.0 Fox Mill Estates
Fox Hunt,Week3,Rolling Hills,Week4,260.0 Fox Hunt - 141.0 Rolling Hills
Fox Hunt,Week5,Stratford,Week3,260.0 Fox Hunt - 142.0 Stratford
Fox Hunt,Week3,Rolling Valley,Week3,289.0 Fox Hunt - 113.0 Rolling Valley
Fox Mill Estates,Week1,Ravensworth Farm,Week1,274.0 Ravensworth Farm - 128.0 Fox Mill Estates
Fox Mill Estates,Week5,Poplar Tree,Week4,224.0 Poplar Tree - 178.0 Fox Mill Estates
Fox Hunt,Week3,Stratford,Week4,236.0 Fox Hunt - 166.0 Stratford
Fox Mill Estates,Week2,Poplar Tree,Week4,237.0 Poplar Tree - 165.0 Fox Mill Estates
Fox Hunt,Week5,Springfield,Week1,378.0 Fox Hunt - 22.0 Springfield
Fox Hunt,Week1,North Springfield,Week5,262.0 Fox Hunt - 112.0 North Springfield
Fox Hunt,Week3,Rolling Hills,Week1,266.0 Fox Hunt - 136.0 Rolling Hills
Fox Mill Woods,Week1,Highlands Swim,Week2,261.0 Highlands Swim - 141.0 Fox Mill Woods
Fox Mill Woods,Week3,Lake Braddock,Week5,314.0 Fox Mill Woods - 88.0 Lake Braddock
Fox Hunt,Week1,Stratford,Week4,217.0 Fox Hunt - 185.0 Stratford
Fox Mill Woods,Week5,Lake Braddock,Week1,351.0 Fox Mill Woods - 51.0 Lake Braddock
Fox Hunt,Week4,Stratford,Week4,237.0 Fox Hunt - 165.0 Stratford
Fox Mill Estates,Week5,Poplar Tree,Week1,265.0 Poplar Tree - 137.0 Fox Mill Estates
Fox Mill Woods,Week3,Highlands Swim,Week5,268.0 Highlands Swim - 134.0 Fox Mill Woods
Fox Mill Woods,Week5,Highland Park,Week2,266.0 Fox Mill Woods - 136.0 Highland Park
Fox Hunt,Week4,Rolling Hills,Week3,248.0 Fox Hunt - 154.0 Rolling Hills
Fox Mill Woods,Week1,Highlands Swim,Week4,245.5 Highlands Swim - 156.5 Fox Mill Woods
Fox Mill Woods,Week4,Lake Braddock,Week1,358.0 Fox Mill Woods - 44.0 Lake Braddock
Fox Hunt,Week4,Rolling Hills,Week4,243.5 Fox Hunt - 158.5 Rolling Hills
Fox Hunt,Week2,Stratford,Week5,235.0 Fox Hunt - 167.0 Stratford
Fox Mill Estates,Week5,Poplar Heights,Week5,258.0 Poplar Heights - 144.0 Fox Mill Estates
Fox Mill Woods,Week2,Highlands Swim,Week5,265.0 Highlands Swim - 137.0 Fox Mill Woods
Fox Hunt,Week4,Rolling Valley,Week1,316.0 Fox Hunt - 86.0 Rolling Valley
Fox Mill Woods,Week4,Highlands Swim,Week2,266.0 Highlands Swim - 136.0 Fox Mill Woods
Fox Hunt,Week1,Rutherford,Week5,246.0 Fox Hunt - 156.0 Rutherford
Fox Mill Woods,Week1,Highlands Swim,Week5,254.0 Highlands Swim - 148.0 Fox Mill Woods
Fox Mill Estates,Week5,Poplar Heights,Week4,255.0 Poplar Heights - 147.0 Fox Mill Estates
Fox Mill Estates,Week1,Poplar Tree,Week1,276.0 Poplar Tree - 126.0 Fox Mill Estates
Fox Mill Estates,Week3,Poplar Tree,Week2,241.0 Poplar Tree - 161.0 Fox Mill Estates
Fox Hunt,Week3,Stratford,Week2,266.0 Fox Hunt - 136.0 Stratford
Fox Hunt,Week1,Stratford,Week3,237.0 Fox Hunt - 165.0 Stratford
Fox Mill Estates,Week1,Poplar Tree,Week4,248.0 Poplar Tree - 154.0 Fox Mill Estates
Fox Mill Woods,Week3,Highlands Swim,Week4,260.0 Highlands Swim - 142.0 Fox Mill Woods
Fox Hunt,Week1,Stratford,Week5,218.5 Fox Hunt - 183.5 Stratford
Fox Hunt,Week2,Stratford,Week1,258.0 Fox Hunt - 144.0 Stratford
Fox Mill Estates,Week3,Poplar Tree,Week4,231.0 Poplar Tree - 171.0 Fox Mill Estates
Fox Hunt,Week5,Rolling Valley,Week1,334.0 Fox Hunt - 68.0 Rolling Valley
Fox Mill Estates,Week3,Poplar Tree,Week3,255.0 Poplar Tree - 147.0 Fox Mill Estates
Fox Hunt,Week2,Rutherford,Week2,268.0 Fox Hunt - 133.0 Rutherford
Fox Hunt,Week5,Springfield,Week3,379.0 Fox Hunt - 21.0 Springfield
Fox Hunt,Week1,Rutherford,Week4,251.0 Fox Hunt - 151.0 Rutherford
Fox Mill Estates,Week4,Poplar Tree,Week4,207.0 Poplar Tree - 195.0 Fox Mill Estates
Fox Mill Woods,Week3,Hollin Hills,Week3,338.0 Fox Mill Woods - 64.0 Hollin Hills
Fox Mill Woods,Week4,Highlands Swim,Week1,247.0 Highlands Swim - 155.0 Fox Mill Woods
Fox Mill Woods,Week2,Hollin Hills,Week2,337.0 Fox Mill Woods - 64.0 Hollin Hills
Fox Hunt,Week4,Rutherford,Week2,268.0 Fox Hunt - 133.0 Rutherford
Fox Mill Woods,Week4,Hollin Hills,Week3,343.5 Fox Mill Woods - 58.5 Hollin Hills
Fox Hunt,Week4,Springfield,Week4,356.0 Fox Hunt - 43.0 Springfield
Fox Hunt,Week1,Stratford,Week1,244.0 Fox Hunt - 158.0 Stratford
Fox Hunt,Week3,Rolling Valley,Week5,287.0 Fox Hunt - 115.0 Rolling Valley
Fox Hunt,Week3,Rutherford,Week5,254.0 Fox Hunt - 148.0 Rutherford
Fox Hunt,Week4,Rolling Valley,Week5,280.0 Fox Hunt - 122.0 Rolling Valley
Fox Mill Woods,Week5,Lake Braddock,Week4,340.0 Fox Mill Woods - 62.0 Lake Braddock
Fox Hunt,Week1,Stratford,Week2,247.5 Fox Hunt - 154.5 Stratford
Fox Hunt,Week3,Stratford,Week5,248.0 Fox Hunt - 154.0 Stratford
Fox Mill Estates,Week2,Poplar Tree,Week5,267.0 Poplar Tree - 135.0 Fox Mill Estates
Fox Hunt,Week5,Springfield,Week2,383.0 Fox Hunt - 17.0 Springfield
Fox Mill Woods,Week3,Hollin Hills,Week4,336.0 Fox Mill Woods - 66.0 Hollin Hills
Fox Hunt,Week2,Stratford,Week2,256.0 Fox Hunt - 146.0 Stratford
Fox Hunt,Week2,Stratford,Week3,246.0 Fox Hunt - 156.0 Stratford
Fox Mill Estates,Week5,Poplar Heights,Week3,254.0 Poplar Heights - 148.0 Fox Mill Estates
Fox Hunt,Week3,Stratford,Week1,257.0 Fox Hunt - 140.0 Stratford
Fox Hunt,Week4,Rolling Valley,Week2,297.0 Fox Hunt - 105.0 Rolling Valley
Fox Mill Woods,Week3,Hollin Hills,Week2,335.0 Fox Mill Woods - 67.0 Hollin Hills
Fox Mill Estates,Week2,Poplar Tree,Week3,248.0 Poplar Tree - 154.0 Fox Mill Estates
Fox Hunt,Week4,Rolling Valley,Week4,288.5 Fox Hunt - 113.5 Rolling Valley
Fox Mill Estates,Week4,Poplar Tree,Week1,253.0 Poplar Tree - 149.0 Fox Mill Estates
Fox Mill Woods,Week2,Hollin Hills,Week5,329.0 Fox Mill Woods - 73.0 Hollin Hills
Fox Mill Woods,Week2,Hollin Hills,Week3,342.0 Fox Mill Woods - 60.0 Hollin Hills
Fox Mill Woods,Week1,Hollin Meadows,Week2,249.0 Fox Mill Woods - 153.0 Hollin Meadows
Fox Mill Estates,Week1,Poplar Tree,Week2,254.5 Poplar Tree - 147.5 Fox Mill Estates
Fox Mill Woods,Week5,Highlands Swim,Week3,240.0 Highlands Swim - 162.0 Fox Mill Woods
Fox Hunt,Week1,Rutherford,Week1,272.0 Fox Hunt - 130.0 Rutherford
Fox Hunt,Week1,Rutherford,Week2,250.0 Fox Hunt - 152.0 Rutherford
Fox Hunt,Week1,Rutherford,Week3,244.0 Fox Hunt - 158.0 Rutherford
Fox Hunt,Week3,Stratford,Week3,255.0 Fox Hunt - 147.0 Stratford
Fox Hunt,Week4,Rolling Valley,Week3,292.0 Fox Hunt - 110.0 Rolling Valley
Fox Mill Estates,Week2,Poplar Tree,Week2,231.5 Poplar Tree - 170.5 Fox Mill Estates
Fox Hunt,Week2,Rutherford,Week1,290.5 Fox Hunt - 111.5 Rutherford
Fox Hunt,Week5,Rolling Valley,Week5,306.0 Fox Hunt - 96.0 Rolling Valley
Fox Mill Woods,Week1,Hollin Hills,Week1,343.0 Fox Mill Woods - 59.0 Hollin Hills
Fox Mill Estates,Week4,Poplar Tree,Week5,259.0 Poplar Tree - 143.0 Fox Mill Estates
Fox Mill Woods,Week5,Hollin Hills,Week4,336.0 Fox Mill Woods - 62.0 Hollin Hills
Fox Hunt,Week2,Rutherford,Week4,255.0 Fox Hunt - 147.0 Rutherford
Fox Mill Woods,Week5,Lake Braddock,Week5,340.0 Fox Mill Woods - 62.0 Lake Braddock
Fox Mill Estates,Week1,Poplar Tree,Week3,270.0 Poplar Tree - 132.0 Fox Mill Estates
Fox Mill Woods,Week2,Hollin Hills,Week1,339.0 Fox Mill Woods - 62.0 Hollin Hills
Fox Hunt,Week5,Stratford,Week4,255.0 Fox Hunt - 147.0 Stratford
Fox Mill Estates,Week4,Poplar Tree,Week3,253.0 Poplar Tree - 149.0 Fox Mill Estates
Fox Mill Estates,Week5,Poplar Heights,Week1,242.0 Poplar Heights - 160.0 Fox Mill Estates
Fox Hunt,Week2,Rutherford,Week5,245.0 Fox Hunt - 157.0 Rutherford
Fox Mill Woods,Week3,Hollin Hills,Week5,323.0 Fox Mill Woods - 78.0 Hollin Hills
Fox Hunt,Week5,Rolling Valley,Week4,314.0 Fox Hunt - 88.0 Rolling Valley
Fox Hunt,Week5,Rolling Valley,Week3,315.0 Fox Hunt - 87.0 Rolling Valley
Fox Mill Woods,Week4,Hollin Hills,Week5,337.0 Fox Mill Woods - 65.0 Hollin Hills
Fox Hunt,Week3,Rutherford,Week2,290.0 Fox Hunt - 112.0 Rutherford
Fox Hunt,Week4,Stratford,Week1,258.0 Fox Hunt - 144.0 Stratford
Fox Mill Woods,Week4,Hollin Hills,Week1,339.0 Fox Mill Woods - 63.0 Hollin Hills
Fox Mill Woods,Week4,Hollin Hills,Week4,341.0 Fox Mill Woods - 61.0 Hollin Hills
Fox Hunt,Week5,Stratford,Week2,279.0 Fox Hunt - 123.0 Stratford
Fox Hunt,Week5,Springfield,Week4,377.0 Fox Hunt - 23.0 Springfield
Fox Mill Estates,Week5,Poplar Tree,Week5,262.0 Poplar Tree - 140.0 Fox Mill Estates
Fox Hunt,Week5,Springfield,Week5,382.0 Fox Hunt - 18.0 Springfield
Fox Mill Estates,Week3,Poplar Tree,Week1,269.0 Poplar Tree - 133.0 Fox Mill Estates
Fox Mill Estates,Week5,Poplar Tree,Week3,250.0 Poplar Tree - 152.0 Fox Mill Estates
Fox Mill Estates,Week2,Poplar Tree,Week1,264.0 Poplar Tree - 138.0 Fox Mill Estates
Fox Mill Estates,Week1,Poplar Tree,Week5,281.0 Poplar Tree - 121.0 Fox Mill Estates
Fox Mill Woods,Week1,Hollin Meadows,Week1,237.5 Fox Mill Woods - 164.5 Hollin Meadows
Fox Mill Woods,Week5,Highlands Swim,Week5,265.0 Highlands Swim - 137.0 Fox Mill Woods
Fox Hunt,Week5,Stratford,Week1,280.0 Fox Hunt - 122.0 Stratford
Fox Hunt,Week3,Rolling Valley,Week4,299.0 Fox Hunt - 103.0 Rolling Valley
Fox Hunt,Week4,Stratford,Week5,226.0 Fox Hunt - 176.0 Stratford
Fox Hunt,Week4,Stratford,Week2,258.0 Fox Hunt - 144.0 Stratford
Fox Hunt,Week2,Sully Station,Week5,277.0 Sully Station - 125.0 Fox Hunt
Fox Hunt,Week2,Rutherford,Week3,260.0 Fox Hunt - 142.0 Rutherford
Fox Hunt,Week4,Stratford,Week3,247.0 Fox Hunt - 155.0 Stratford
Fox Mill Estates,Week5,Poplar Tree,Week2,241.0 Poplar Tree - 161.0 Fox Mill Estates
Fox Mill Woods,Week5,Lake Braddock,Week3,342.0 Fox Mill Woods - 60.0 Lake Braddock
Fox Mill Woods,Week3,Hollin Meadows,Week3,238.5 Fox Mill Woods - 163.5 Hollin Meadows
Fox Hunt,Week3,Rutherford,Week3,262.0 Fox Hunt - 140.0 Rutherford
Fox Hunt,Week3,Rutherford,Week4,267.0 Fox Hunt - 135.0 Rutherford
Fox Hunt,Week4,Rutherford,Week4,255.5 Fox Hunt - 146.5 Rutherford
Fox Hunt,Week5,Rolling Valley,Week2,323.0 Fox Hunt - 79.0 Rolling Valley
Fox Hunt,Week1,Sully Station II,Week2,270.0 Sully Station II - 132.0 Fox Hunt
Fox Hunt,Week4,Sully Station,Week3,253.0 Sully Station - 149.0 Fox Hunt
Fox Mill Woods,Week2,Hollin Meadows,Week2,248.0 Fox Mill Woods - 154.0 Hollin Meadows
Fox Mill Estates,Week4,Ravensworth Farm,Week3,249.0 Ravensworth Farm - 153.0 Fox Mill Estates
Fox Hunt,Week2,Sully Station,Week2,253.0 Sully Station - 149.0 Fox Hunt
Fox Mill Woods,Week1,Hollin Hills,Week2,344.0 Fox Mill Woods - 58.0 Hollin Hills
Fox Hunt,Week1,Sully Station,Week1,285.0 Sully Station - 117.0 Fox Hunt
Fox Hunt,Week4,Mantua,Week1,234.0 Mantua - 167.0 Fox Hunt
Fox Hunt,Week3,Rutherford,Week1,285.0 Fox Hunt - 117.0 Rutherford
Fox Hunt,Week5,Sully Station,Week1,250.0 Sully Station - 152.0 Fox Hunt
Fox Mill Woods,Week2,Hollin Hills,Week4,339.0 Fox Mill Woods - 62.0 Hollin Hills
Fox Mill Woods,Week5,Hollin Hills,Week1,336.0 Fox Mill Woods - 65.0 Hollin Hills
Fox Mill Woods,Week1,Hollin Hills,Week4,344.0 Fox Mill Woods - 58.0 Hollin Hills
Fox Hunt,Week1,McLean,Week3,282.0 McLean - 120.0 Fox Hunt
Fox Hunt,Week4,Rutherford,Week1,289.0 Fox Hunt - 113.0 Rutherford
Fox Mill Estates,Week2,Riverside Gardens,Week3,277.0 Riverside Gardens - 125.0 Fox Mill Estates
Fox Mill Estates,Week1,Ravensworth Farm,Week5,277.0 Ravensworth Farm - 125.0 Fox Mill Estates
Fox Mill Woods,Week1,Hollin Hills,Week5,337.0 Fox Mill Woods - 65.0 Hollin Hills
Fox Mill Woods,Week5,Highlands Swim,Week4,232.0 Highlands Swim - 170.0 Fox Mill Woods
Fox Mill Estates,Week2,Ravensworth Farm,Week2,235.0 Ravensworth Farm - 167.0 Fox Mill Estates
Fox Mill Woods,Week1,Hollin Hills,Week3,346.0 Fox Mill Woods - 56.0 Hollin Hills
Fox Mill Estates,Week5,Ravensworth Farm,Week4,253.5 Ravensworth Farm - 148.5 Fox Mill Estates
Fox Hunt,Week1,McLean,Week2,291.0 McLean - 111.0 Fox Hunt
Fox Mill Estates,Week1,Riverside Gardens,Week5,308.0 Riverside Gardens - 94.0 Fox Mill Estates
Fox Hunt,Week4,Rutherford,Week3,254.0 Fox Hunt - 148.0 Rutherford
Fox Hunt,Week2,Sully Station,Week4,269.0 Sully Station - 133.0 Fox Hunt
Fox Hunt,Week5,Mantua,Week1,228.0 Mantua - 173.0 Fox Hunt
Fox Mill Estates,Week2,Riverside Gardens,Week2,253.0 Riverside Gardens - 149.0 Fox Mill Estates
Fox Hunt,Week1,Sully Station II,Week4,233.0 Sully Station II - 169.0 Fox Hunt
Fox Mill Estates,Week1,Ravensworth Farm,Week4,269.0 Ravensworth Farm - 133.0 Fox Mill Estates
Fox Hunt,Week4,Rutherford,Week5,246.0 Fox Hunt - 156.0 Rutherford
Fox Hunt,Week5,Rutherford,Week3,277.0 Fox Hunt - 125.0 Rutherford
Fox Hunt,Week5,Rutherford,Week1,310.0 Fox Hunt - 92.0 Rutherford
Fox Mill Woods,Week3,Hollin Hills,Week1,334.0 Fox Mill Woods - 68.0 Hollin Hills
Fox Hunt,Week1,McLean,Week5,298.0 McLean - 104.0 Fox Hunt
Fox Hunt,Week1,McLean,Week1,277.0 McLean - 125.0 Fox Hunt
Fox Hunt,Week4,Sully Station,Week2,250.0 Sully Station - 152.0 Fox Hunt
Fox Mill Estates,Week3,Ravensworth Farm,Week1,251.0 Ravensworth Farm - 151.0 Fox Mill Estates
Fox Mill Estates,Week1,Ravensworth Farm,Week3,279.0 Ravensworth Farm - 123.0 Fox Mill Estates
Fox Mill Woods,Week5,Hollin Hills,Week3,343.0 Fox Mill Woods - 59.0 Hollin Hills
Fox Hunt,Week5,Rutherford,Week4,275.0 Fox Hunt - 127.0 Rutherford
Fox Hunt,Week2,Rolling Forest,Week4,205.0 Fox Hunt - 197.0 Rolling Forest
Fox Mill Estates,Week2,Ravensworth Farm,Week3,246.0 Ravensworth Farm - 156.0 Fox Mill Estates
Fox Mill Woods,Week5,Hollin Hills,Week2,342.5 Fox Mill Woods - 59.5 Hollin Hills
Fox Mill Woods,Week4,Hollin Hills,Week2,329.0 Fox Mill Woods - 73.0 Hollin Hills
Fox Hunt,Week2,McLean,Week1,272.0 McLean - 130.0 Fox Hunt
Fox Mill Estates,Week1,Ravensworth Farm,Week2,239.0 Ravensworth Farm - 163.0 Fox Mill Estates
Fox Hunt,Week2,McLean,Week3,284.0 McLean - 117.0 Fox Hunt
Fox Hunt,Week1,Sully Station,Week4,268.0 Sully Station - 134.0 Fox Hunt
Fox Hunt,Week2,McLean,Week2,283.0 McLean - 119.0 Fox Hunt
Fox Hunt,Week1,Sully Station,Week5,276.0 Sully Station - 126.0 Fox Hunt
Fox Hunt,Week3,Sully Station,Week2,244.0 Sully Station - 158.0 Fox Hunt
Fox Hunt,Week2,Sully Station,Week1,275.0 Sully Station - 127.0 Fox Hunt
Fox Mill Estates,Week4,Ravensworth Farm,Week4,241.0 Ravensworth Farm - 161.0 Fox Mill Estates
Fox Hunt,Week5,Rutherford,Week2,306.0 Fox Hunt - 95.0 Rutherford
Fox Hunt,Week3,Rolling Forest,Week2,233.0 Fox Hunt - 169.0 Rolling Forest
Fox Mill Estates,Week3,Ravensworth Farm,Week2,224.0 Ravensworth Farm - 178.0 Fox Mill Estates
Fox Hunt,Week4,Sully Station,Week1,264.0 Sully Station - 138.0 Fox Hunt
Fox Mill Estates,Week3,Ravensworth Farm,Week3,253.0 Ravensworth Farm - 148.0 Fox Mill Estates
Fox Mill Woods,Week2,Hollin Meadows,Week4,246.0 Fox Mill Woods - 156.0 Hollin Meadows
Fox Hunt,Week1,Rolling Forest,Week2,214.0 Fox Hunt - 183.0 Rolling Forest
Fox Mill Woods,Week5,Hollin Hills,Week5,325.0 Fox Mill Woods - 76.0 Hollin Hills
Fox Hunt,Week3,Sully Station,Week3,246.0 Sully Station - 156.0 Fox Hunt
Fox Hunt,Week5,Riverside Gardens,Week2,217.0 Riverside Gardens - 185.0 Fox Hunt
Fox Hunt,Week5,Mantua,Week2,213.0 Mantua - 189.0 Fox Hunt
Fox Mill Estates,Week3,Ravensworth Farm,Week4,259.5 Ravensworth Farm - 142.5 Fox Mill Estates
Fox Mill Woods,Week1,Brandywine,Week1,280.0 Fox Mill Woods - 122.0 Brandywine
Fox Hunt,Week3,Sully Station,Week5,262.0 Sully Station - 140.0 Fox Hunt
Fox Mill Woods,Week1,Hollin Meadows,Week3,254.0 Fox Mill Woods - 148.0 Hollin Meadows
Fox Hunt,Week1,McLean,Week4,277.0 McLean - 125.0 Fox Hunt
Fox Hunt,Week5,Sully Station,Week4,244.0 Sully Station - 158.0 Fox Hunt
Fox Mill Woods,Week1,Hollin Meadows,Week5,237.0 Fox Mill Woods - 165.0 Hollin Meadows
Fox Hunt,Week5,Sully Station,Week5,253.0 Sully Station - 149.0 Fox Hunt
Fox Mill Estates,Week4,Ravensworth Farm,Week1,237.0 Ravensworth Farm - 165.0 Fox Mill Estates
Fox Hunt,Week2,McLean,Week4,269.0 McLean - 133.0 Fox Hunt
Fox Mill Woods,Week2,Brandywine,Week5,217.0 Fox Mill Woods - 185.0 Brandywine
Fox Hunt,Week5,Mantua,Week3,261.0 Mantua - 141.0 Fox Hunt
Fox Hunt,Week4,Riverside Gardens,Week5,285.0 Riverside Gardens - 117.0 Fox Hunt
Fox Mill Woods,Week2,Hollin Meadows,Week3,236.0 Fox Mill Woods - 166.0 Hollin Meadows
Fox Mill Estates,Week3,Ravensworth Farm,Week5,261.0 Ravensworth Farm - 141.0 Fox Mill Estates
Fox Hunt,Week2,McLean,Week5,296.0 McLean - 106.0 Fox Hunt
Fox Mill Estates,Week5,Ravensworth Farm,Week1,260.0 Ravensworth Farm - 142.0 Fox Mill Estates
Fox Hunt,Week5,Riverside Gardens,Week5,261.0 Riverside Gardens - 141.0 Fox Hunt
Fox Hunt,Week5,Sully Station,Week3,239.0 Sully Station - 163.0 Fox Hunt
Fox Hunt,Week5,Rolling Forest,Week1,229.0 Fox Hunt - 173.0 Rolling Forest
Fox Hunt,Week3,McLean,Week1,262.0 McLean - 135.0 Fox Hunt
Fox Mill Woods,Week1,Hollin Meadows,Week4,260.0 Fox Mill Woods - 142.0 Hollin Meadows
Fox Hunt,Week3,McLean,Week2,278.0 McLean - 124.0 Fox Hunt
Fox Mill Woods,Week2,Hollin Meadows,Week1,231.0 Fox Mill Woods - 171.0 Hollin Meadows
Fox Mill Estates,Week4,Ravensworth Farm,Week2,207.0 Fox Mill Estates - 195.0 Ravensworth Farm
Fox Hunt,Week3,Sully Station,Week1,247.0 Sully Station - 155.0 Fox Hunt
Fox Mill Woods,Week4,Brandywine,Week3,242.0 Fox Mill Woods - 160.0 Brandywine
Fox Mill Woods,Week5,Arlington Forest,Week4,247.5 Fox Mill Woods - 154.5 Arlington Forest
Fox Mill Woods,Week1,Brandywine,Week5,229.0 Fox Mill Woods - 173.0 Brandywine
Fox Hunt,Week2,Rolling Forest,Week1,205.0 Fox Hunt - 197.0 Rolling Forest
Fox Hunt,Week2,Sully Station,Week3,263.0 Sully Station - 139.0 Fox Hunt
Fox Hunt,Week1,Sully Station,Week2,259.0 Sully Station - 143.0 Fox Hunt
Fox Hunt,Week4,Riverside Gardens,Week4,269.0 Riverside Gardens - 133.0 Fox Hunt
Fox Mill Estates,Week2,Ravensworth Farm,Week1,260.0 Ravensworth Farm - 142.0 Fox Mill Estates
Fox Hunt,Week3,McLean,Week5,285.0 McLean - 117.0 Fox Hunt
Fox Mill Woods,Week3,Hollin Meadows,Week2,234.0 Fox Mill Woods - 168.0 Hollin Meadows
Fox Mill Woods,Week4,Hollin Meadows,Week1,244.0 Fox Mill Woods - 158.0 Hollin Meadows
Fox Mill Woods,Week1,Brandywine,Week3,246.0 Fox Mill Woods - 156.0 Brandywine
Fox Hunt,Week1,Rolling Forest,Week4,204.0 Fox Hunt - 198.0 Rolling Forest
Fox Mill Estates,Week2,Ravensworth Farm,Week5,264.0 Ravensworth Farm - 138.0 Fox Mill Estates
Fox Hunt,Week3,McLean,Week3,275.0 McLean - 127.0 Fox Hunt
Fox Hunt,Week4,Riverside Gardens,Week3,269.0 Riverside Gardens - 133.0 Fox Hunt
Fox Hunt,Week4,Mantua,Week2,242.0 Mantua - 160.0 Fox Hunt
Fox Mill Woods,Week3,Brandywine,Week1,265.0 Fox Mill Woods - 137.0 Brandywine
Fox Mill Woods,Week3,Hollin Meadows,Week1,232.0 Fox Mill Woods - 170.0 Hollin Meadows
Fox Hunt,Week1,Sully Station,Week3,266.0 Sully Station - 136.0 Fox Hunt
Fox Hunt,Week3,McLean,Week4,258.0 McLean - 139.0 Fox Hunt
Fox Hunt,Week2,Rolling Forest,Week3,204.0 Fox Hunt - 198.0 Rolling Forest
Fox Mill Woods,Week4,Brandywine,Week1,265.0 Fox Mill Woods - 137.0 Brandywine
Fox Mill Woods,Week2,Hollin Meadows,Week5,235.5 Fox Mill Woods - 166.5 Hollin Meadows
Fox Mill Estates,Week5,Ravensworth Farm,Week3,251.0 Ravensworth Farm - 151.0 Fox Mill Estates
Fox Hunt,Week1,Rolling Forest,Week1,209.0 Rolling Forest - 193.0 Fox Hunt
Fox Mill Woods,Week1,Bren Mar-Edsall Park,Week5,366.0 Fox Mill Woods - 36.0 Bren Mar-Edsall Park
Fox Hunt,Week4,Sully Station,Week4,253.0 Sully Station - 149.0 Fox Hunt
Fox Hunt,Week3,Sully Station,Week4,244.5 Sully Station - 157.5 Fox Hunt
Fox Mill Woods,Week5,Hollin Meadows,Week5,234.0 Fox Mill Woods - 168.0 Hollin Meadows
Fox Mill Woods,Week5,Hollin Meadows,Week2,243.0 Fox Mill Woods - 159.0 Hollin Meadows
Fox Mill Estates,Week4,Ravensworth Farm,Week5,254.0 Ravensworth Farm - 148.0 Fox Mill Estates
Fox Mill Woods,Week1,Bren Mar-Edsall Park,Week3,366.0 Fox Mill Woods - 36.0 Bren Mar-Edsall Park
Fox Mill Estates,Week1,Riverside Gardens,Week1,289.0 Riverside Gardens - 113.0 Fox Mill Estates
Fox Hunt,Week2,Rolling Forest,Week2,214.0 Fox Hunt - 183.0 Rolling Forest
Fox Hunt,Week5,Mantua,Week4,242.0 Mantua - 160.0 Fox Hunt
Fox Hunt,Week5,Sully Station,Week2,226.0 Sully Station - 176.0 Fox Hunt
Fox Mill Woods,Week2,Bren Mar-Edsall Park,Week5,373.0 Fox Mill Woods - 29.0 Bren Mar-Edsall Park
Fox Hunt,Week4,McLean,Week1,266.0 McLean - 136.0 Fox Hunt
Fox Mill Estates,Week5,Ravensworth Farm,Week2,217.0 Ravensworth Farm - 185.0 Fox Mill Estates
Fox Hunt,Week4,Mantua,Week3,270.0 Mantua - 132.0 Fox Hunt
Fox Hunt,Week1,Rolling Forest,Week3,203.0 Rolling Forest - 199.0 Fox Hunt
Fox Hunt,Week4,Sully Station,Week5,265.0 Sully Station - 137.0 Fox Hunt
Fox Hunt,Week5,Riverside Gardens,Week1,230.0 Riverside Gardens - 172.0 Fox Hunt
Fox Hunt,Week4,Mantua,Week5,273.0 Mantua - 129.0 Fox Hunt
Fox Mill Estates,Week5,Ravensworth Farm,Week5,268.0 Ravensworth Farm - 134.0 Fox Mill Estates
Fox Mill Woods,Week3,Brandywine,Week2,237.0 Fox Mill Woods - 165.0 Brandywine
Fox Mill Estates,Week2,Ravensworth Farm,Week4,248.0 Ravensworth Farm - 154.0 Fox Mill Estates
Fox Mill Woods,Week4,Hollin Meadows,Week5,241.0 Fox Mill Woods - 161.0 Hollin Meadows
Fox Hunt,Week5,Riverside Gardens,Week3,241.0 Riverside Gardens - 161.0 Fox Hunt
Fox Mill Woods,Week4,Brandywine,Week2,250.0 Fox Mill Woods - 152.0 Brandywine
Fox Mill Estates,Week1,Riverside Gardens,Week2,275.0 Riverside Gardens - 127.0 Fox Mill Estates
Fox Hunt,Week5,Mantua,Week5,262.0 Mantua - 140.0 Fox Hunt
Fox Mill Woods,Week3,Holmes Run Acres,Week1,264.0 Fox Mill Woods - 138.0 Holmes Run Acres
Fox Hunt,Week4,Mantua,Week4,264.5 Mantua - 137.5 Fox Hunt
Fox Mill Estates,Week1,Riverside Gardens,Week3,293.0 Riverside Gardens - 109.0 Fox Mill Estates
Fox Hunt,Week1,Sully Station II,Week5,286.5 Sully Station II - 115.5 Fox Hunt
Fox Mill Woods,Week2,Bren Mar-Edsall Park,Week3,373.0 Fox Mill Woods - 29.0 Bren Mar-Edsall Park
Fox Hunt,Week1,Sully Station II,Week1,249.0 Sully Station II - 153.0 Fox Hunt
Fox Mill Woods,Week5,Arlington Forest,Week5,222.0 Fox Mill Woods - 180.0 Arlington Forest
Fox Mill Woods,Week1,Holmes Run Acres,Week4,261.0 Fox Mill Woods - 141.0 Holmes Run Acres
Fox Hunt,Week5,Riverside Gardens,Week4,248.0 Riverside Gardens - 154.0 Fox Hunt
Fox Hunt,Week1,Sully Station II,Week3,281.0 Sully Station II - 121.0 Fox Hunt
Fox Mill Woods,Week5,Hollin Meadows,Week1,229.0 Fox Mill Woods - 173.0 Hollin Meadows
Fox Mill Estates,Week2,Riverside Gardens,Week4,278.0 Riverside Gardens - 124.0 Fox Mill Estates
Fox Hunt,Week3,Rolling Forest,Week1,223.0 Fox Hunt - 179.0 Rolling Forest
Fox Mill Woods,Week1,Holmes Run Acres,Week1,273.0 Fox Mill Woods - 129.0 Holmes Run Acres
Fox Mill Woods,Week4,Hollin Meadows,Week2,245.0 Fox Mill Woods - 157.0 Hollin Meadows
Fox Hunt,Week4,Rolling Forest,Week3,215.0 Fox Hunt - 187.0 Rolling Forest
Fox Mill Estates,Week2,Rolling Forest,Week4,206.0 Fox Mill Estates - 196.0 Rolling Forest
Fox Hunt,Week2,Rolling Forest,Week5,207.5 Rolling Forest - 194.5 Fox Hunt
Fox Hunt,Week2,Sully Station II,Week1,237.0 Sully Station II - 165.0 Fox Hunt
Fox Mill Woods,Week2,Bren Mar-Edsall Park,Week1,374.0 Fox Mill Woods - 28.0 Bren Mar-Edsall Park
Fox Hunt,Week4,Sully Station II,Week2,259.0 Sully Station II - 143.0 Fox Hunt
Fox Mill Woods,Week2,Brandywine,Week4,233.0 Fox Mill Woods - 169.0 Brandywine
Fox Hunt,Week5,Sully Station II,Week3,257.0 Sully Station II - 145.0 Fox Hunt
Fox Hunt,Week5,Sully Station II,Week2,240.5 Sully Station II - 161.5 Fox Hunt
Fox Hunt,Week1,Truro,Week2,260.0 Fox Hunt - 140.0 Truro
Fox Mill Woods,Week3,Hollin Meadows,Week5,226.0 Fox Mill Woods - 176.0 Hollin Meadows
Fox Mill Woods,Week2,Brandywine,Week3,230.0 Fox Mill Woods - 172.0 Brandywine
Fox Hunt,Week2,Sully Station II,Week2,266.0 Sully Station II - 136.0 Fox Hunt
Fox Hunt,Week1,Rolling Forest,Week5,213.0 Rolling Forest - 189.0 Fox Hunt
Fox Mill Estates,Week1,Riverside Gardens,Week4,302.0 Riverside Gardens - 100.0 Fox Mill Estates
Fox Mill Woods,Week2,Holmes Run Acres,Week2,271.0 Fox Mill Woods - 131.0 Holmes Run Acres
Fox Hunt,Week3,Rolling Forest,Week5,211.0 Fox Hunt - 191.0 Rolling Forest
Fox Mill Woods,Week1,Holmes Run Acres,Week5,223.0 Fox Mill Woods - 179.0 Holmes Run Acres
Fox Mill Woods,Week1,Holmes Run Acres,Week3,238.0 Fox Mill Woods - 164.0 Holmes Run Acres
Fox Mill Woods,Week1,Bren Mar-Edsall Park,Week4,368.0 Fox Mill Woods - 34.0 Bren Mar-Edsall Park
Fox Hunt,Week2,Sully Station II,Week4,233.0 Sully Station II - 169.0 Fox Hunt
Fox Mill Woods,Week3,Brandywine,Week3,222.0 Fox Mill Woods - 179.0 Brandywine
Fox Mill Woods,Week4,Hollin Meadows,Week3,253.0 Fox Mill Woods - 149.0 Hollin Meadows
Fox Hunt,Week5,Sully Station II,Week1,228.0 Sully Station II - 174.0 Fox Hunt
Fox Mill Estates,Week5,Riverside Gardens,Week2,257.0 Riverside Gardens - 145.0 Fox Mill Estates
Fox Hunt,Week4,Rolling Forest,Week1,216.0 Fox Hunt - 186.0 Rolling Forest
Fox Mill Estates,Week1,Rolling Forest,Week3,250.0 Rolling Forest - 152.0 Fox Mill Estates
Fox Mill Woods,Week1,Brandywine,Week4,232.0 Fox Mill Woods - 170.0 Brandywine
Fox Hunt,Week3,Rolling Forest,Week3,213.0 Fox Hunt - 189.0 Rolling Forest
Fox Mill Estates,Week3,Rolling Forest,Week2,212.0 Fox Mill Estates - 190.0 Rolling Forest
Fox Mill Estates,Week2,Riverside Gardens,Week1,273.0 Riverside Gardens - 129.0 Fox Mill Estates
Fox Mill Woods,Week4,Hollin Meadows,Week4,257.0 Fox Mill Woods - 145.0 Hollin Meadows
Fox Mill Woods,Week2,Brandywine,Week1,261.0 Fox Mill Woods - 141.0 Brandywine
Fox Mill Estates,Week2,Riverside Gardens,Week5,286.0 Riverside Gardens - 116.0 Fox Mill Estates
Fox Hunt,Week4,Rolling Forest,Week2,229.0 Fox Hunt - 173.0 Rolling Forest
Fox Mill Woods,Week3,Brandywine,Week4,229.0 Fox Mill Woods - 173.0 Brandywine
Fox Mill Woods,Week5,Hollin Meadows,Week3,246.0 Fox Mill Woods - 156.0 Hollin Meadows
Fox Mill Woods,Week5,Brandywine,Week4,242.0 Fox Mill Woods - 160.0 Brandywine
Fox Hunt,Week2,Truro,Week4,227.0 Fox Hunt - 174.0 Truro
Fox Mill Woods,Week1,Holmes Run Acres,Week2,272.0 Fox Mill Woods - 130.0 Holmes Run Acres
Fox Mill Woods,Week2,Holmes Run Acres,Week3,232.0 Fox Mill Woods - 170.0 Holmes Run Acres
Fox Mill Estates,Week3,Riverside Gardens,Week2,260.0 Riverside Gardens - 142.0 Fox Mill Estates
Fox Hunt,Week5,Rolling Forest,Week5,216.0 Fox Hunt - 186.0 Rolling Forest
Fox Hunt,Week5,Sully Station II,Week5,273.0 Sully Station II - 129.0 Fox Hunt
Fox Mill Estates,Week5,Riverside Gardens,Week5,277.0 Riverside Gardens - 125.0 Fox Mill Estates
Fox Mill Woods,Week2,Holmes Run Acres,Week1,267.0 Fox Mill Woods - 135.0 Holmes Run Acres
Fox Mill Woods,Week4,Brandywine,Week4,247.0 Fox Mill Woods - 155.0 Brandywine
Fox Mill Estates,Week4,Riverside Gardens,Week1,257.0 Riverside Gardens - 145.0 Fox Mill Estates
Fox Hunt,Week3,Rolling Forest,Week4,223.0 Fox Hunt - 179.0 Rolling Forest
Fox Mill Woods,Week2,Brandywine,Week2,246.0 Fox Mill Woods - 156.0 Brandywine
Fox Hunt,Week4,Rolling Forest,Week4,210.0 Fox Hunt - 192.0 Rolling Forest
Fox Mill Woods,Week5,Hollin Meadows,Week4,257.0 Fox Mill Woods - 145.0 Hollin Meadows
Fox Mill Estates,Week3,Riverside Gardens,Week5,292.0 Riverside Gardens - 110.0 Fox Mill Estates
Fox Mill Woods,Week2,Holmes Run Acres,Week5,217.0 Fox Mill Woods - 185.0 Holmes Run Acres
Fox Mill Woods,Week1,Bren Mar-Edsall Park,Week1,373.0 Fox Mill Woods - 29.0 Bren Mar-Edsall Park
Fox Mill Estates,Week4,Riverside Gardens,Week5,274.0 Riverside Gardens - 128.0 Fox Mill Estates
Fox Hunt,Week4,Rolling Forest,Week5,201.0 Fox Hunt - 201.0 Rolling Forest
Fox Hunt,Week1,Truro,Week4,241.0 Fox Hunt - 161.0 Truro
Fox Mill Woods,Week1,Brandywine,Week2,242.0 Fox Mill Woods - 160.0 Brandywine
Fox Mill Woods,Week3,Brandywine,Week5,217.0 Fox Mill Woods - 185.0 Brandywine
Fox Mill Woods,Week5,Brandywine,Week5,230.0 Fox Mill Woods - 172.0 Brandywine
Fox Mill Estates,Week2,Rolling Forest,Week1,210.0 Rolling Forest - 192.0 Fox Mill Estates
Fox Hunt,Week3,Truro,Week2,281.0 Fox Hunt - 121.0 Truro
Fox Mill Woods,Week2,Holmes Run Acres,Week4,258.0 Fox Mill Woods - 144.0 Holmes Run Acres
Fox Hunt,Week3,Sully Station II,Week4,212.0 Sully Station II - 190.0 Fox Hunt
Fox Mill Estates,Week2,Rolling Forest,Week3,215.0 Rolling Forest - 187.0 Fox Mill Estates
Fox Hunt,Week4,Sully Station II,Week5,278.0 Sully Station II - 124.0 Fox Hunt
Fox Hunt,Week4,Truro,Week1,226.0 Fox Hunt - 176.0 Truro
Fox Hunt,Week1,Rolling Hills,Week3,240.0 Fox Hunt - 162.0 Rolling Hills
Fox Hunt,Week5,Rolling Forest,Week3,214.0 Fox Hunt - 188.0 Rolling Forest
Fox Mill Woods,Week3,Hollin Meadows,Week4,252.0 Fox Mill Woods - 150.0 Hollin Meadows
Fox Hunt,Week1,Rolling Hills,Week2,236.0 Fox Hunt - 166.0 Rolling Hills
Fox Hunt,Week3,Truro,Week1,264.0 Fox Hunt - 138.0 Truro
Fox Mill Estates,Week2,Rolling Forest,Week2,202.0 Fox Mill Estates - 200.0 Rolling Forest
Fox Mill Estates,Week1,Rolling Forest,Week5,246.0 Rolling Forest - 156.0 Fox Mill Estates
Fox Hunt,Week2,Truro,Week5,243.0 Fox Hunt - 158.0 Truro
Fox Mill Woods,Week1,Bren Mar-Edsall Park,Week2,374.0 Fox Mill Woods - 28.0 Bren Mar-Edsall Park
Fox Hunt,Week5,Lincolnia Park,Week1,334.0 Fox Hunt - 64.0 Lincolnia Park
Fox Mill Woods,Week5,Brandywine,Week3,250.0 Fox Mill Woods - 152.0 Brandywine
Fox Mill Woods,Week1,Fairfax Club Estates,Week5,291.0 Fox Mill Woods - 110.0 Fairfax Club Estates
Fox Hunt,Week2,Rolling Hills,Week1,244.0 Fox Hunt - 158.0 Rolling Hills
Fox Mill Woods,Week4,Brandywine,Week5,235.0 Fox Mill Woods - 167.0 Brandywine
Fox Hunt,Week3,Sully Station II,Week2,245.0 Sully Station II - 157.0 Fox Hunt
Fox Mill Woods,Week2,Fairfax Club Estates,Week4,283.0 Fox Mill Woods - 119.0 Fairfax Club Estates
Fox Mill Woods,Week5,Fairfax Club Estates,Week3,292.0 Fox Mill Woods - 110.0 Fairfax Club Estates
Fox Hunt,Week1,Rolling Hills,Week5,244.0 Fox Hunt - 158.0 Rolling Hills
Fox Hunt,Week1,Rolling Hills,Week4,244.0 Fox Hunt - 158.0 Rolling Hills
Fox Mill Estates,Week3,Riverside Gardens,Week1,280.0 Riverside Gardens - 122.0 Fox Mill Estates
Fox Hunt,Week2,Truro,Week3,234.0 Fox Hunt - 168.0 Truro
Fox Mill Woods,Week5,Brandywine,Week2,255.0 Fox Mill Woods - 147.0 Brandywine
Fox Hunt,Week4,Lincolnia Park,Week5,298.0 Fox Hunt - 95.0 Lincolnia Park
Fox Mill Estates,Week4,Riverside Gardens,Week2,243.0 Riverside Gardens - 159.0 Fox Mill Estates
Fox Mill Woods,Week3,Fairfax Club Estates,Week2,289.0 Fox Mill Woods - 113.0 Fairfax Club Estates
Fox Mill Woods,Week5,Brandywine,Week1,272.0 Fox Mill Woods - 130.0 Brandywine
Fox Hunt,Week3,Truro,Week4,259.0 Fox Hunt - 143.0 Truro
Fox Hunt,Week5,Rolling Forest,Week4,234.0 Fox Hunt - 168.0 Rolling Forest
Fox Mill Estates,Week4,Riverside Gardens,Week3,273.0 Riverside Gardens - 129.0 Fox Mill Estates
Fox Mill Woods,Week3,Bren Mar-Edsall Park,Week2,372.0 Fox Mill Woods - 30.0 Bren Mar-Edsall Park
Fox Hunt,Week2,Rolling Hills,Week3,245.5 Fox Hunt - 156.5 Rolling Hills
Fox Mill Estates,Week5,Riverside Gardens,Week3,272.0 Riverside Gardens - 130.0 Fox Mill Estates
Fox Mill Woods,Week2,Bren Mar-Edsall Park,Week2,374.0 Fox Mill Woods - 28.0 Bren Mar-Edsall Park
Fox Hunt,Week2,Sully Station II,Week5,286.0 Sully Station II - 116.0 Fox Hunt
Fox Hunt,Week1,Rolling Hills,Week1,232.0 Fox Hunt - 170.0 Rolling Hills
Fox Mill Estates,Week4,Riverside Gardens,Week4,275.0 Riverside Gardens - 127.0 Fox Mill Estates
Fox Mill Estates,Week5,Riverside Gardens,Week4,271.0 Riverside Gardens - 131.0 Fox Mill Estates
Fox Hunt,Week3,Sully Station II,Week3,268.0 Sully Station II - 134.0 Fox Hunt
Fox Mill Woods,Week2,Bren Mar-Edsall Park,Week4,372.0 Fox Mill Woods - 30.0 Bren Mar-Edsall Park
Fox Hunt,Week2,Lincolnia Park,Week3,281.0 Fox Hunt - 111.0 Lincolnia Park
Fox Hunt,Week5,Lincolnia Park,Week2,326.0 Fox Hunt - 66.0 Lincolnia Park
Fox Mill Woods,Week5,Fairfax Club Estates,Week1,296.0 Fox Mill Woods - 106.0 Fairfax Club Estates
Fox Hunt,Week4,Lee Graham,Week4,277.0 Lee Graham - 125.0 Fox Hunt
Fox Mill Woods,Week2,Brookfield ,Week5,255.0 Fox Mill Woods - 147.0 Brookfield
Fox Hunt,Week2,Sully Station II,Week3,279.0 Sully Station II - 123.0 Fox Hunt
Fox Hunt,Week5,Rolling Forest,Week2,245.0 Fox Hunt - 157.0 Rolling Forest
Fox Hunt,Week5,Lee Graham,Week5,288.0 Lee Graham - 114.0 Fox Hunt
Fox Hunt,Week3,Lincolnia Park,Week2,312.0 Fox Hunt - 80.0 Lincolnia Park
Fox Mill Woods,Week2,Fairfax Station,Week3,228.5 Fairfax Station - 173.5 Fox Mill Woods
Fox Mill Woods,Week3,Bren Mar-Edsall Park,Week4,368.0 Fox Mill Woods - 34.0 Bren Mar-Edsall Park
Fox Mill Woods,Week3,Fairfax Club Estates,Week1,280.0 Fox Mill Woods - 122.0 Fairfax Club Estates
Fox Hunt,Week2,Rolling Hills,Week2,246.0 Fox Hunt - 156.0 Rolling Hills
Fox Hunt,Week2,Rolling Hills,Week5,237.0 Fox Hunt - 165.0 Rolling Hills
Fox Mill Estates,Week5,Riverside Gardens,Week1,266.0 Riverside Gardens - 136.0 Fox Mill Estates
Fox Mill Woods,Week5,Bren Mar-Edsall Park,Week1,372.0 Fox Mill Woods - 30.0 Bren Mar-Edsall Park
Fox Mill Estates,Week1,Rolling Forest,Week2,223.0 Rolling Forest - 179.0 Fox Mill Estates
Fox Hunt,Week1,Lincolnia Park,Week3,274.0 Fox Hunt - 118.0 Lincolnia Park
Fox Mill Estates,Week1,Rolling Forest,Week1,237.0 Rolling Forest - 165.0 Fox Mill Estates
Fox Hunt,Week3,Sully Station II,Week5,273.0 Sully Station II - 129.0 Fox Hunt
Fox Hunt,Week2,Rolling Hills,Week4,239.0 Fox Hunt - 163.0 Rolling Hills
Fox Mill Woods,Week2,Fairfax Club Estates,Week2,297.0 Fox Mill Woods - 105.0 Fairfax Club Estates
Fox Mill Woods,Week3,Fairfax Club Estates,Week5,282.5 Fox Mill Woods - 119.5 Fairfax Club Estates
Fox Mill Woods,Week1,Fairfax Club Estates,Week3,301.0 Fox Mill Woods - 101.0 Fairfax Club Estates
Fox Hunt,Week4,Sully Station II,Week1,233.0 Sully Station II - 169.0 Fox Hunt
Fox Mill Woods,Week1,Brookfield ,Week3,274.0 Fox Mill Woods - 128.0 Brookfield
Fox Hunt,Week5,Lee Graham,Week3,282.5 Lee Graham - 119.5 Fox Hunt
Fox Mill Woods,Week4,Fairfax Club Estates,Week4,292.0 Fox Mill Woods - 110.0 Fairfax Club Estates
Fox Hunt,Week4,Sully Station II,Week3,277.0 Sully Station II - 125.0 Fox Hunt
Fox Hunt,Week1,Truro,Week1,235.0 Fox Hunt - 167.0 Truro
Fox Hunt,Week1,Truro,Week3,236.0 Fox Hunt - 166.0 Truro
Fox Hunt,Week2,Truro,Week1,237.0 Fox Hunt - 165.0 Truro
Fox Mill Estates,Week3,Rolling Forest,Week1,211.0 Rolling Forest - 191.0 Fox Mill Estates
Fox Mill Woods,Week4,Bren Mar-Edsall Park,Week1,377.0 Fox Mill Woods - 25.0 Bren Mar-Edsall Park
Fox Mill Woods,Week4,Fairfax Club Estates,Week1,301.0 Fox Mill Woods - 101.0 Fairfax Club Estates
Fox Hunt,Week2,Lincolnia Park,Week4,311.0 Fox Hunt - 87.0 Lincolnia Park
Fox Mill Estates,Week3,Riverside Gardens,Week4,289.0 Riverside Gardens - 113.0 Fox Mill Estates
Fox Hunt,Week5,Lee Graham,Week2,276.0 Lee Graham - 126.0 Fox Hunt
Fox Mill Woods,Week4,Bren Mar-Edsall Park,Week3,378.0 Fox Mill Woods - 24.0 Bren Mar-Edsall Park
Fox Hunt,Week4,Lincolnia Park,Week1,314.0 Fox Hunt - 84.0 Lincolnia Park
Fox Hunt,Week3,Sully Station II,Week1,227.0 Sully Station II - 175.0 Fox Hunt
Fox Hunt,Week5,Sully Station II,Week4,201.0 Fox Hunt - 201.0 Sully Station II
Fox Mill Woods,Week4,Bren Mar-Edsall Park,Week5,371.0 Fox Mill Woods - 31.0 Bren Mar-Edsall Park
Fox Mill Woods,Week3,Fairfax Station,Week1,223.0 Fairfax Station - 179.0 Fox Mill Woods
Fox Mill Estates,Week3,Rolling Hills,Week3,205.0 Rolling Hills - 197.0 Fox Mill Estates
Fox Mill Woods,Week5,Bren Mar-Edsall Park,Week4,369.0 Fox Mill Woods - 33.0 Bren Mar-Edsall Park
Fox Hunt,Week1,Lincolnia Park,Week4,311.0 Fox Hunt - 90.0 Lincolnia Park
Fox Mill Woods,Week5,Fairfax Club Estates,Week2,289.0 Fox Mill Woods - 113.0 Fairfax Club Estates
Fox Hunt,Week4,Sully Station II,Week4,219.0 Sully Station II - 183.0 Fox Hunt
Fox Mill Woods,Week2,Brookfield ,Week2,268.0 Fox Mill Woods - 134.0 Brookfield
Fox Mill Woods,Week5,Fairfax Club Estates,Week4,279.0 Fox Mill Woods - 123.0 Fairfax Club Estates
Fox Mill Woods,Week3,Bren Mar-Edsall Park,Week3,367.0 Fox Mill Woods - 35.0 Bren Mar-Edsall Park
Fox Hunt,Week3,Lincolnia Park,Week5,288.0 Fox Hunt - 105.0 Lincolnia Park
Fox Mill Estates,Week2,Rolling Forest,Week5,221.0 Rolling Forest - 181.0 Fox Mill Estates
Fox Mill Woods,Week3,Bren Mar-Edsall Park,Week5,365.0 Fox Mill Woods - 37.0 Bren Mar-Edsall Park
Fox Hunt,Week3,Lincolnia Park,Week1,322.0 Fox Hunt - 79.0 Lincolnia Park
Fox Mill Estates,Week3,Riverside Gardens,Week3,277.0 Riverside Gardens - 125.0 Fox Mill Estates
Fox Mill Estates,Week1,Rolling Forest,Week4,227.0 Rolling Forest - 175.0 Fox Mill Estates
Fox Hunt,Week1,Lincolnia Park,Week5,286.0 Fox Hunt - 106.0 Lincolnia Park
Fox Mill Woods,Week2,Fairfax Club Estates,Week5,288.0 Fox Mill Woods - 113.0 Fairfax Club Estates
Fox Hunt,Week4,Lee Graham,Week5,300.0 Lee Graham - 102.0 Fox Hunt
Fox Mill Woods,Week1,Fairfax Station,Week2,201.0 Fairfax Station - 201.0 Fox Mill Woods
Fox Mill Estates,Week3,Rolling Hills,Week5,207.0 Fox Mill Estates - 195.0 Rolling Hills
Fox Mill Woods,Week3,Fairfax Club Estates,Week4,272.0 Fox Mill Woods - 130.0 Fairfax Club Estates
Fox Hunt,Week1,Truro,Week5,230.0 Fox Hunt - 172.0 Truro
Fox Hunt,Week3,Tuckahoe,Week5,326.0 Tuckahoe - 76.0 Fox Hunt
Fox Hunt,Week2,Lincolnia Park,Week2,314.0 Fox Hunt - 78.0 Lincolnia Park
Fox Hunt,Week1,Lincolnia Park,Week2,297.0 Fox Hunt - 96.0 Lincolnia Park
Fox Mill Woods,Week3,Brookfield ,Week1,237.0 Fox Mill Woods - 165.0 Brookfield
Fox Mill Woods,Week5,Bren Mar-Edsall Park,Week3,368.0 Fox Mill Woods - 34.0 Bren Mar-Edsall Park
Fox Mill Estates,Week4,Rolling Forest,Week2,209.0 Fox Mill Estates - 193.0 Rolling Forest
Fox Mill Woods,Week5,Bren Mar-Edsall Park,Week5,371.0 Fox Mill Woods - 30.0 Bren Mar-Edsall Park
Fox Mill Estates,Week5,Rolling Forest,Week5,220.0 Rolling Forest - 182.0 Fox Mill Estates
Fox Hunt,Week2,Truro,Week2,263.0 Fox Hunt - 137.0 Truro
Fox Mill Estates,Week1,Rolling Hills,Week1,223.0 Rolling Hills - 179.0 Fox Mill Estates
Fox Mill Woods,Week4,Fairfax Club Estates,Week3,304.0 Fox Mill Woods - 98.0 Fairfax Club Estates
Fox Hunt,Week3,Truro,Week3,277.0 Fox Hunt - 125.0 Truro
Fox Hunt,Week4,Lincolnia Park,Week2,311.0 Fox Hunt - 81.0 Lincolnia Park
Fox Hunt,Week3,Truro,Week5,260.5 Fox Hunt - 141.5 Truro
Fox Mill Woods,Week2,Fairfax Club Estates,Week3,297.0 Fox Mill Woods - 105.0 Fairfax Club Estates
Fox Mill Woods,Week1,Fairfax Club Estates,Week1,302.0 Fox Mill Woods - 100.0 Fairfax Club Estates
Fox Hunt,Week3,Lincolnia Park,Week4,309.0 Fox Hunt - 87.0 Lincolnia Park
Fox Mill Woods,Week4,Bren Mar-Edsall Park,Week4,376.0 Fox Mill Woods - 26.0 Bren Mar-Edsall Park
Fox Mill Woods,Week1,Fairfax Club Estates,Week4,274.5 Fox Mill Woods - 127.5 Fairfax Club Estates
Fox Mill Woods,Week4,Fairfax Club Estates,Week2,314.0 Fox Mill Woods - 88.0 Fairfax Club Estates
Fox Hunt,Week5,Lee Graham,Week4,263.0 Lee Graham - 139.0 Fox Hunt
Fox Mill Estates,Week1,Rolling Hills,Week3,224.0 Rolling Hills - 178.0 Fox Mill Estates
Fox Hunt,Week4,Truro,Week3,240.0 Fox Hunt - 162.0 Truro
Fox Mill Estates,Week4,Rolling Forest,Week1,206.0 Rolling Forest - 196.0 Fox Mill Estates
Fox Hunt,Week4,Lincolnia Park,Week4,314.0 Fox Hunt - 84.0 Lincolnia Park
Fox Mill Woods,Week1,Fairfax Club Estates,Week2,302.0 Fox Mill Woods - 100.0 Fairfax Club Estates
Fox Hunt,Week3,Lincolnia Park,Week3,278.0 Fox Hunt - 115.0 Lincolnia Park
Fox Mill Woods,Week4,Bren Mar-Edsall Park,Week2,377.0 Fox Mill Woods - 25.0 Bren Mar-Edsall Park
Fox Mill Woods,Week1,Brookfield ,Week5,265.0 Fox Mill Woods - 137.0 Brookfield
Fox Mill Woods,Week1,Brookfield ,Week1,248.0 Fox Mill Woods - 154.0 Brookfield
Fox Hunt,Week4,Truro,Week4,231.0 Fox Hunt - 170.0 Truro
Fox Mill Woods,Week4,Fairfax Club Estates,Week5,295.0 Fox Mill Woods - 107.0 Fairfax Club Estates
Fox Mill Woods,Week1,Fairfax Station,Week3,217.0 Fairfax Station - 185.0 Fox Mill Woods
Fox Mill Estates,Week5,Rolling Forest,Week3,209.0 Rolling Forest - 193.0 Fox Mill Estates
Fox Mill Woods,Week2,Brookfield ,Week1,247.0 Fox Mill Woods - 155.0 Brookfield
Fox Mill Woods,Week1,Fairfax Station,Week1,208.0 Fox Mill Woods - 194.0 Fairfax Station
Fox Mill Estates,Week1,Rolling Hills,Week5,226.0 Rolling Hills - 176.0 Fox Mill Estates
Fox Hunt,Week4,Lincolnia Park,Week3,279.0 Fox Hunt - 114.0 Lincolnia Park
Fox Hunt,Week1,Tuckahoe,Week3,355.0 Tuckahoe - 47.0 Fox Hunt
Fox Mill Estates,Week3,Rolling Forest,Week3,214.0 Rolling Forest - 188.0 Fox Mill Estates
Fox Mill Woods,Week5,Fairfax,Week5,225.0 Fairfax - 177.0 Fox Mill Woods
Fox Mill Woods,Week3,Bren Mar-Edsall Park,Week1,372.0 Fox Mill Woods - 30.0 Bren Mar-Edsall Park
Fox Hunt,Week5,Truro,Week3,287.0 Fox Hunt - 115.0 Truro
Fox Hunt,Week1,Lincolnia Park,Week1,305.0 Fox Hunt - 95.0 Lincolnia Park
Fox Mill Estates,Week3,Rolling Forest,Week5,219.0 Rolling Forest - 183.0 Fox Mill Estates
Fox Mill Woods,Week2,Brookfield ,Week3,264.5 Fox Mill Woods - 137.5 Brookfield
Fox Hunt,Week4,Truro,Week2,269.0 Fox Hunt - 132.0 Truro
Fox Hunt,Week5,Truro,Week1,270.0 Fox Hunt - 132.0 Truro
Fox Hunt,Week1,Tuckahoe,Week2,345.0 Tuckahoe - 57.0 Fox Hunt
Fox Mill Estates,Week5,Rolling Forest,Week2,212.0 Fox Mill Estates - 190.0 Rolling Forest
Fox Mill Woods,Week1,Brookfield ,Week4,262.0 Fox Mill Woods - 140.0 Brookfield
Fox Mill Estates,Week3,Rolling Forest,Week4,211.0 Fox Mill Estates - 191.0 Rolling Forest
Fox Hunt,Week2,Lincolnia Park,Week5,292.0 Fox Hunt - 100.0 Lincolnia Park
Fox Mill Woods,Week5,Fairfax Club Estates,Week5,287.0 Fox Mill Woods - 115.0 Fairfax Club Estates
Fox Mill Estates,Week2,Hollin Hills,Week5,278.0 Fox Mill Estates - 123.0 Hollin Hills
Fox Hunt,Week5,Truro,Week4,275.0 Fox Hunt - 126.0 Truro
Fox Mill Estates,Week5,Rolling Forest,Week4,209.0 Fox Mill Estates - 193.0 Rolling Forest
Fox Mill Estates,Week4,Rolling Forest,Week5,217.0 Rolling Forest - 185.0 Fox Mill Estates
Fox Mill Woods,Week3,Fairfax Club Estates,Week3,283.0 Fox Mill Woods - 119.0 Fairfax Club Estates
Fox Mill Woods,Week2,Fairfax Club Estates,Week1,291.5 Fox Mill Woods - 110.5 Fairfax Club Estates
Fox Hunt,Week2,Lincolnia Park,Week1,313.0 Fox Hunt - 84.0 Lincolnia Park
Fox Hunt,Week4,Truro,Week5,245.0 Fox Hunt - 156.0 Truro
Fox Mill Woods,Week5,Bren Mar-Edsall Park,Week2,372.0 Fox Mill Woods - 29.0 Bren Mar-Edsall Park
Fox Mill Estates,Week4,Hollin Hills,Week3,297.0 Fox Mill Estates - 105.0 Hollin Hills
Fox Hunt,Week1,Tuckahoe,Week5,343.0 Tuckahoe - 59.0 Fox Hunt
Fox Mill Estates,Week4,Rolling Forest,Week4,212.0 Fox Mill Estates - 190.0 Rolling Forest
Fox Hunt,Week2,Tuckahoe,Week5,339.0 Tuckahoe - 63.0 Fox Hunt
Fox Mill Estates,Week1,Hollin Meadows,Week1,276.0 Hollin Meadows - 126.0 Fox Mill Estates
Fox Mill Woods,Week3,Forest Hollow,Week2,252.0 Fox Mill Woods - 150.0 Forest Hollow
Fox Mill Estates,Week2,Sully Station II,Week4,258.0 Sully Station II - 144.0 Fox Mill Estates
Fox Mill Woods,Week2,Brookfield ,Week4,252.0 Fox Mill Woods - 150.0 Brookfield
Fox Mill Estates,Week2,Truro,Week3,232.0 Fox Mill Estates - 170.0 Truro
Fox Mill Estates,Week2,Hollin Meadows,Week4,265.0 Hollin Meadows - 137.0 Fox Mill Estates
Fox Mill Estates,Week3,Hollin Hills,Week3,288.0 Fox Mill Estates - 114.0 Hollin Hills
Fox Mill Estates,Week2,Rolling Hills,Week4,210.0 Rolling Hills - 191.0 Fox Mill Estates
Fox Mill Woods,Week2,Fairfax Station,Week4,210.0 Fairfax Station - 192.0 Fox Mill Woods
Fox Hunt,Week2,Tuckahoe,Week2,332.5 Tuckahoe - 69.5 Fox Hunt
Fox Mill Estates,Week2,Truro,Week5,227.0 Fox Mill Estates - 174.0 Truro
Fox Mill Woods,Week1,Brookfield ,Week2,271.0 Fox Mill Woods - 131.0 Brookfield
Fox Hunt,Week2,Tuckahoe,Week4,353.0 Tuckahoe - 49.0 Fox Hunt
Fox Hunt,Week2,Tuckahoe,Week3,352.0 Tuckahoe - 50.0 Fox Hunt
Fox Mill Estates,Week2,Rolling Hills,Week3,215.0 Rolling Hills - 187.0 Fox Mill Estates
Fox Mill Woods,Week1,Fairfax Station,Week4,208.0 Fox Mill Woods - 194.0 Fairfax Station
Fox Mill Woods,Week2,Fairfax Station,Week1,215.0 Fairfax Station - 187.0 Fox Mill Woods
Fox Mill Estates,Week1,Rolling Hills,Week2,236.0 Rolling Hills - 166.0 Fox Mill Estates
Fox Mill Estates,Week1,Truro,Week1,213.0 Fox Mill Estates - 189.0 Truro
Fox Mill Estates,Week1,Hollin Meadows,Week2,231.0 Hollin Meadows - 171.0 Fox Mill Estates
Fox Mill Estates,Week2,Rolling Hills,Week5,206.0 Rolling Hills - 196.0 Fox Mill Estates
Fox Mill Woods,Week2,Fairfax Station,Week5,243.0 Fairfax Station - 159.0 Fox Mill Woods
Fox Hunt,Week1,Tuckahoe,Week1,333.0 Tuckahoe - 69.0 Fox Hunt
Fox Hunt,Week1,Tuckahoe,Week4,358.0 Tuckahoe - 44.0 Fox Hunt
Fox Mill Estates,Week2,Hollin Meadows,Week2,221.0 Hollin Meadows - 181.0 Fox Mill Estates
Fox Mill Estates,Week1,Rolling Hills,Week4,221.0 Rolling Hills - 180.0 Fox Mill Estates
Fox Mill Woods,Week2,Fairfax Station,Week2,213.0 Fairfax Station - 189.0 Fox Mill Woods
Fox Mill Woods,Week1,Fairfax Station,Week5,216.0 Fairfax Station - 186.0 Fox Mill Woods
Fox Mill Estates,Week4,Sully Station II,Week3,267.0 Sully Station II - 135.0 Fox Mill Estates
Fox Mill Estates,Week2,Rolling Hills,Week1,206.0 Rolling Hills - 196.0 Fox Mill Estates
Fox Mill Woods,Week3,Brookfield ,Week2,253.0 Fox Mill Woods - 149.0 Brookfield
Fox Mill Estates,Week4,Hollin Hills,Week2,308.0 Fox Mill Estates - 93.0 Hollin Hills
Fox Hunt,Week4,Tuckahoe,Week5,344.0 Tuckahoe - 58.0 Fox Hunt
Fox Mill Estates,Week5,Sully Station II,Week5,287.0 Sully Station II - 115.0 Fox Mill Estates
Fox Mill Estates,Week2,Hollin Hills,Week3,274.0 Fox Mill Estates - 127.0 Hollin Hills
Fox Mill Woods,Week3,Forest Hollow,Week3,233.0 Fox Mill Woods - 169.0 Forest Hollow
Fox Hunt,Week3,Tuckahoe,Week4,344.5 Tuckahoe - 57.5 Fox Hunt
Fox Hunt,Week5,Truro,Week2,297.0 Fox Hunt - 104.0 Truro
Fox Mill Woods,Week5,Fairfax Station,Week5,236.0 Fairfax Station - 166.0 Fox Mill Woods
Fox Mill Estates,Week2,Hollin Hills,Week4,278.0 Fox Mill Estates - 120.0 Hollin Hills
Fox Mill Estates,Week3,Rolling Hills,Week2,206.0 Rolling Hills - 196.0 Fox Mill Estates
Fox Mill Estates,Week2,Sully Station II,Week3,274.0 Sully Station II - 128.0 Fox Mill Estates
Fox Hunt,Week4,Tuckahoe,Week1,324.0 Tuckahoe - 78.0 Fox Hunt
Fox Mill Estates,Week2,Hollin Hills,Week2,281.0 Fox Mill Estates - 117.0 Hollin Hills
Fox Mill Estates,Week3,Hollin Hills,Week2,288.0 Fox Mill Estates - 113.0 Hollin Hills
Fox Mill Estates,Week3,Rolling Hills,Week1,201.0 Rolling Hills - 200.0 Fox Mill Estates
Fox Hunt,Week3,Tuckahoe,Week2,321.5 Tuckahoe - 80.5 Fox Hunt
Fox Mill Woods,Week4,Fairfax Station,Week1,208.0 Fairfax Station - 194.0 Fox Mill Woods
Fox Mill Estates,Week3,Hollin Hills,Week4,277.0 Fox Mill Estates - 123.0 Hollin Hills
Fox Mill Estates,Week4,Sully Station II,Week2,264.0 Sully Station II - 138.0 Fox Mill Estates
Fox Mill Estates,Week2,Rolling Hills,Week2,206.0 Rolling Hills - 196.0 Fox Mill Estates
Fox Mill Estates,Week3,Sully Station II,Week5,288.0 Sully Station II - 114.0 Fox Mill Estates
Fox Mill Woods,Week5,Fairfax Station,Week4,203.0 Fox Mill Woods - 199.0 Fairfax Station
Fox Mill Estates,Week5,Rolling Forest,Week1,210.5 Rolling Forest - 191.5 Fox Mill Estates
Fox Mill Estates,Week4,Rolling Forest,Week3,202.0 Rolling Forest - 200.0 Fox Mill Estates
Fox Mill Estates,Week3,Sully Station II,Week3,282.0 Sully Station II - 120.0 Fox Mill Estates
Fox Mill Woods,Week3,Fairfax Station,Week5,237.0 Fairfax Station - 165.0 Fox Mill Woods
Fox Hunt,Week4,Tuckahoe,Week4,352.0 Tuckahoe - 50.0 Fox Hunt
Fox Hunt,Week4,Tuckahoe,Week2,338.0 Tuckahoe - 64.0 Fox Hunt
Fox Mill Estates,Week3,Rolling Hills,Week4,204.0 Fox Mill Estates - 194.0 Rolling Hills
Fox Mill Estates,Week4,Hollin Hills,Week1,298.0 Fox Mill Estates - 104.0 Hollin Hills
Fox Mill Estates,Week5,Sully Station II,Week4,241.5 Sully Station II - 160.5 Fox Mill Estates
Fox Mill Woods,Week1,Forest Hollow,Week2,251.0 Fox Mill Woods - 151.0 Forest Hollow
Fox Hunt,Week3,Tuckahoe,Week1,320.5 Tuckahoe - 81.5 Fox Hunt
Fox Mill Woods,Week1,Forest Hollow,Week4,244.0 Fox Mill Woods - 158.0 Forest Hollow
Fox Mill Estates,Week5,Hollin Hills,Week3,292.0 Fox Mill Estates - 110.0 Hollin Hills
Fox Mill Estates,Week4,Hollin Hills,Week5,291.0 Fox Mill Estates - 110.0 Hollin Hills
Fox Mill Woods,Week3,Fairfax Station,Week4,214.0 Fairfax Station - 188.0 Fox Mill Woods
Fox Mill Estates,Week4,Rolling Hills,Week3,210.5 Fox Mill Estates - 190.5 Rolling Hills
Fox Hunt,Week3,Tuckahoe,Week3,344.0 Tuckahoe - 58.0 Fox Hunt
Fox Mill Estates,Week3,Hollin Hills,Week1,289.0 Fox Mill Estates - 113.0 Hollin Hills
Fox Mill Estates,Week1,Hollin Hills,Week5,260.0 Fox Mill Estates - 140.0 Hollin Hills
Fox Hunt,Week5,Tuckahoe,Week1,314.0 Tuckahoe - 88.0 Fox Hunt
Fox Mill Estates,Week3,Hollin Hills,Week5,267.0 Fox Mill Estates - 135.0 Hollin Hills
Fox Mill Estates,Week5,Rolling Hills,Week1,207.0 Rolling Hills - 195.0 Fox Mill Estates
Fox Mill Woods,Week5,Fairfax Station,Week1,205.0 Fairfax Station - 197.0 Fox Mill Woods
Fox Mill Woods,Week5,Fairfax Station,Week3,228.0 Fairfax Station - 174.0 Fox Mill Woods
Fox Hunt,Week4,Tuckahoe,Week3,346.0 Tuckahoe - 56.0 Fox Hunt
Fox Mill Woods,Week3,Fairfax Station,Week3,232.0 Fairfax Station - 170.0 Fox Mill Woods
Fox Mill Estates,Week4,Rolling Hills,Week2,202.0 Fox Mill Estates - 200.0 Rolling Hills
Fox Mill Woods,Week5,Fairfax Station,Week2,209.0 Fairfax Station - 193.0 Fox Mill Woods
Fox Hunt,Week5,Truro,Week5,282.0 Fox Hunt - 119.0 Truro
Fox Hunt,Week2,Tuckahoe,Week1,325.0 Tuckahoe - 77.0 Fox Hunt
Fox Mill Estates,Week1,Truro,Week4,215.0 Truro - 187.0 Fox Mill Estates
Fox Mill Estates,Week2,Hollin Hills,Week1,291.0 Fox Mill Estates - 110.0 Hollin Hills
Fox Mill Estates,Week4,Rolling Hills,Week1,224.0 Fox Mill Estates - 178.0 Rolling Hills
Fox Mill Estates,Week5,Rolling Hills,Week3,205.0 Fox Mill Estates - 197.0 Rolling Hills
Fox Mill Estates,Week5,Sully Station II,Week3,275.0 Sully Station II - 127.0 Fox Mill Estates
Fox Mill Estates,Week5,Hollin Hills,Week1,291.0 Fox Mill Estates - 111.0 Hollin Hills
Fox Mill Estates,Week4,Sully Station II,Week5,283.0 Sully Station II - 119.0 Fox Mill Estates
Fox Mill Estates,Week3,Sully Station II,Week2,274.0 Sully Station II - 128.0 Fox Mill Estates
Fox Mill Estates,Week3,Sully Station II,Week4,262.0 Sully Station II - 140.0 Fox Mill Estates
Fox Mill Woods,Week3,Fairfax Station,Week2,224.0 Fairfax Station - 178.0 Fox Mill Woods
Fox Mill Estates,Week5,Rolling Hills,Week2,211.0 Rolling Hills - 191.0 Fox Mill Estates
Fox Mill Estates,Week2,Sully Station II,Week2,262.0 Sully Station II - 140.0 Fox Mill Estates
Fox Mill Estates,Week4,Rolling Hills,Week4,220.0 Fox Mill Estates - 182.0 Rolling Hills
Fox Mill Estates,Week5,Sully Station II,Week1,247.0 Sully Station II - 155.0 Fox Mill Estates
Fox Mill Estates,Week4,Rolling Hills,Week5,219.0 Fox Mill Estates - 183.0 Rolling Hills
Fox Mill Estates,Week4,Sully Station II,Week4,240.0 Sully Station II - 162.0 Fox Mill Estates
Fox Mill Estates,Week2,Rolling Valley,Week4,242.0 Fox Mill Estates - 160.0 Rolling Valley
Fox Mill Estates,Week2,Truro,Week1,231.0 Fox Mill Estates - 171.0 Truro
Fox Mill Estates,Week4,Hollin Hills,Week4,307.0 Fox Mill Estates - 95.0 Hollin Hills
Fox Mill Estates,Week5,Hollin Hills,Week4,297.0 Fox Mill Estates - 105.0 Hollin Hills
Fox Mill Estates,Week5,Sully Station II,Week2,269.0 Sully Station II - 133.0 Fox Mill Estates
Fox Mill Woods,Week4,Fairfax Station,Week4,216.0 Fairfax Station - 186.0 Fox Mill Woods
Fox Mill Estates,Week4,Sully Station II,Week1,235.0 Sully Station II - 167.0 Fox Mill Estates
Fox Mill Estates,Week1,Rutherford,Week4,214.0 Rutherford - 188.0 Fox Mill Estates
Fox Mill Woods,Week1,Forest Hollow,Week5,229.5 Fox Mill Woods - 172.5 Forest Hollow
Fox Mill Estates,Week3,Sully Station II,Week1,237.0 Sully Station II - 165.0 Fox Mill Estates
Fox Mill Estates,Week3,Rolling Valley,Week5,256.0 Fox Mill Estates - 146.0 Rolling Valley
Fox Mill Estates,Week1,Rutherford,Week2,209.0 Fox Mill Estates - 193.0 Rutherford
Fox Hunt,Week4,Somerset-Olde Creek,Week4,316.5 Fox Hunt - 84.5 Somerset-Olde Creek
Fox Mill Estates,Week5,Hollin Hills,Week5,287.0 Fox Mill Estates - 115.0 Hollin Hills
Fox Mill Woods,Week4,Fairfax Station,Week3,232.0 Fairfax Station - 170.0 Fox Mill Woods
Fox Mill Estates,Week1,Hollin Meadows,Week5,272.0 Hollin Meadows - 130.0 Fox Mill Estates
Fox Mill Woods,Week1,Forest Hollow,Week3,241.0 Fox Mill Woods - 161.0 Forest Hollow
Fox Mill Woods,Week2,Forest Hollow,Week2,256.0 Fox Mill Woods - 146.0 Forest Hollow
Fox Hunt,Week1,South Run,Week4,206.0 Fox Hunt - 191.0 South Run
Fox Hunt,Week3,South Run,Week3,227.0 Fox Hunt - 175.0 South Run
Fox Hunt,Week4,Somerset-Olde Creek,Week1,311.0 Fox Hunt - 86.0 Somerset-Olde Creek
Fox Mill Woods,Week2,Forest Hollow,Week3,232.0 Fox Mill Woods - 170.0 Forest Hollow
Fox Mill Estates,Week1,Hollin Meadows,Week3,257.0 Hollin Meadows - 145.0 Fox Mill Estates
Fox Hunt,Week2,South Run,Week5,223.0 South Run - 179.0 Fox Hunt
Fox Mill Estates,Week5,Rolling Valley,Week4,255.0 Fox Mill Estates - 147.0 Rolling Valley
Fox Mill Estates,Week1,Hollin Meadows,Week4,266.0 Hollin Meadows - 136.0 Fox Mill Estates
Fox Mill Estates,Week5,Rolling Hills,Week4,212.0 Rolling Hills - 190.0 Fox Mill Estates
Fox Hunt,Week1,South Run,Week5,230.0 South Run - 172.0 Fox Hunt
Fox Hunt,Week2,South Run,Week3,204.0 Fox Hunt - 198.0 South Run
Fox Mill Estates,Week1,Truro,Week2,223.0 Fox Mill Estates - 178.0 Truro
Fox Mill Estates,Week2,Sully Station II,Week5,282.0 Sully Station II - 120.0 Fox Mill Estates
Fox Mill Woods,Week1,Forest Hollow,Week1,250.0 Fox Mill Woods - 152.0 Forest Hollow
Fox Hunt,Week4,Somerset-Olde Creek,Week2,326.0 Fox Hunt - 75.0 Somerset-Olde Creek
Fox Mill Estates,Week5,Hollin Hills,Week2,297.0 Fox Mill Estates - 105.0 Hollin Hills
Fox Mill Estates,Week1,Truro,Week3,208.0 Fox Mill Estates - 194.0 Truro
Fox Hunt,Week2,Somerset-Olde Creek,Week4,319.0 Fox Hunt - 82.0 Somerset-Olde Creek
Fox Mill Estates,Week2,Hollin Meadows,Week3,249.0 Hollin Meadows - 153.0 Fox Mill Estates
Fox Mill Estates,Week1,Rolling Valley,Week3,223.0 Fox Mill Estates - 179.0 Rolling Valley
Fox Mill Estates,Week3,Rolling Valley,Week4,246.0 Fox Mill Estates - 156.0 Rolling Valley
Fox Hunt,Week4,South Run,Week1,202.0 Fox Hunt - 191.0 South Run
Fox Mill Estates,Week2,Hollin Meadows,Week1,267.0 Hollin Meadows - 135.0 Fox Mill Estates
Fox Mill Woods,Week4,Fairfax Station,Week5,248.0 Fairfax Station - 154.0 Fox Mill Woods
Fox Mill Woods,Week2,Forest Hollow,Week5,229.0 Fox Mill Woods - 173.0 Forest Hollow
Fox Hunt,Week3,Somerset-Olde Creek,Week4,319.0 Fox Hunt - 78.0 Somerset-Olde Creek
Fox Mill Estates,Week3,Rolling Valley,Week3,259.0 Fox Mill Estates - 143.0 Rolling Valley
Fox Mill Estates,Week1,Rolling Valley,Week1,266.0 Fox Mill Estates - 136.0 Rolling Valley
Fox Mill Estates,Week1,Truro,Week5,205.0 Truro - 197.0 Fox Mill Estates
Fox Hunt,Week3,Somerset-Olde Creek,Week1,316.0 Fox Hunt - 84.0 Somerset-Olde Creek
Fox Mill Estates,Week2,Truro,Week4,215.0 Fox Mill Estates - 186.0 Truro
Fox Mill Estates,Week5,Hollin Meadows,Week5,257.0 Hollin Meadows - 145.0 Fox Mill Estates
Fox Mill Estates,Week3,Holmes Run Acres,Week1,237.0 Holmes Run Acres - 165.0 Fox Mill Estates
Fox Mill Estates,Week2,Truro,Week2,257.0 Fox Mill Estates - 144.0 Truro
Fox Mill Woods,Week2,Forest Hollow,Week4,237.0 Fox Mill Woods - 165.0 Forest Hollow
Fox Mill Woods,Week3,Forest Hollow,Week1,240.0 Fox Mill Woods - 162.0 Forest Hollow
Fox Mill Estates,Week3,Rolling Valley,Week2,275.0 Fox Mill Estates - 127.0 Rolling Valley
Fox Mill Woods,Week4,Fairfax Station,Week2,204.0 Fairfax Station - 198.0 Fox Mill Woods
Fox Mill Estates,Week2,Holmes Run Acres,Week5,260.0 Holmes Run Acres - 142.0 Fox Mill Estates
Fox Mill Estates,Week2,Tuckahoe,Week1,341.0 Tuckahoe - 61.0 Fox Mill Estates
Fox Mill Estates,Week4,Hollin Meadows,Week2,208.0 Fox Mill Estates - 194.0 Hollin Meadows
Fox Mill Estates,Week5,Rolling Hills,Week5,214.0 Rolling Hills - 188.0 Fox Mill Estates
Fox Mill Estates,Week4,Hollin Meadows,Week3,223.0 Hollin Meadows - 179.0 Fox Mill Estates
Fox Hunt,Week2,Somerset-Olde Creek,Week2,324.0 Fox Hunt - 76.0 Somerset-Olde Creek
Fox Mill Woods,Week1,Fox Hunt,Week5,245.0 Fox Mill Woods - 157.0 Fox Hunt
Fox Mill Estates,Week3,Rolling Valley,Week1,293.0 Fox Mill Estates - 109.0 Rolling Valley
Fox Hunt,Week3,Somerset-Olde Creek,Week2,322.0 Fox Hunt - 80.0 Somerset-Olde Creek
Fox Mill Estates,Week4,Hollin Meadows,Week1,236.0 Hollin Meadows - 166.0 Fox Mill Estates
Fox Hunt,Week3,Somerset-Olde Creek,Week5,307.0 Fox Hunt - 94.0 Somerset-Olde Creek
Fox Mill Estates,Week5,Hollin Meadows,Week4,239.0 Hollin Meadows - 163.0 Fox Mill Estates
Fox Mill Estates,Week4,Rolling Valley,Week5,273.0 Fox Mill Estates - 129.0 Rolling Valley
Fox Mill Woods,Week3,Forest Hollow,Week4,234.0 Fox Mill Woods - 168.0 Forest Hollow
Fox Mill Estates,Week1,Holmes Run Acres,Week2,240.0 Holmes Run Acres - 162.0 Fox Mill Estates
Fox Mill Estates,Week5,Hollin Meadows,Week1,250.0 Hollin Meadows - 152.0 Fox Mill Estates
Fox Mill Woods,Week5,Forest Hollow,Week3,252.0 Fox Mill Woods - 150.0 Forest Hollow
Fox Mill Estates,Week4,Rolling Valley,Week3,267.0 Fox Mill Estates - 134.0 Rolling Valley
Fox Mill Estates,Week1,Tuckahoe,Week4,363.0 Tuckahoe - 39.0 Fox Mill Estates
Fox Mill Woods,Week3,Forest Hollow,Week5,220.5 Fox Mill Woods - 181.5 Forest Hollow
Fox Mill Estates,Week4,Truro,Week1,258.0 Fox Mill Estates - 144.0 Truro
Fox Mill Estates,Week4,Truro,Week3,265.0 Fox Mill Estates - 136.0 Truro
Fox Mill Woods,Week4,Forest Hollow,Week1,245.0 Fox Mill Woods - 157.0 Forest Hollow
Fox Hunt,Week2,Somerset-Olde Creek,Week5,295.0 Fox Hunt - 103.0 Somerset-Olde Creek
Fox Mill Woods,Week5,Forest Hollow,Week2,261.0 Fox Mill Woods - 141.0 Forest Hollow
Fox Mill Estates,Week3,Truro,Week2,259.5 Fox Mill Estates - 141.5 Truro
Fox Mill Estates,Week2,Hollin Meadows,Week5,265.0 Hollin Meadows - 137.0 Fox Mill Estates
Fox Hunt,Week4,Somerset-Olde Creek,Week5,294.0 Fox Hunt - 104.0 Somerset-Olde Creek
Fox Mill Estates,Week1,Rolling Valley,Week5,214.0 Fox Mill Estates - 188.0 Rolling Valley
Fox Mill Estates,Week3,Truro,Week4,219.0 Fox Mill Estates - 183.0 Truro
Fox Mill Estates,Week2,Rolling Valley,Week1,280.0 Fox Mill Estates - 122.0 Rolling Valley
Fox Hunt,Week5,Somerset-Olde Creek,Week4,335.0 Fox Hunt - 66.0 Somerset-Olde Creek
Fox Mill Estates,Week5,Rolling Valley,Week1,300.0 Fox Mill Estates - 102.0 Rolling Valley
Fox Mill Estates,Week5,Truro,Week4,221.0 Fox Mill Estates - 181.0 Truro
Fox Hunt,Week5,Somerset-Olde Creek,Week3,344.0 Fox Hunt - 54.0 Somerset-Olde Creek
Fox Mill Estates,Week4,Rolling Valley,Week4,275.0 Fox Mill Estates - 127.0 Rolling Valley
Fox Mill Woods,Week2,Forest Hollow,Week1,240.0 Fox Mill Woods - 162.0 Forest Hollow
Fox Mill Estates,Week5,Truro,Week3,242.0 Fox Mill Estates - 160.0 Truro
Fox Hunt,Week2,Somerset-Olde Creek,Week3,322.0 Fox Hunt - 75.0 Somerset-Olde Creek
Fox Mill Woods,Week2,Fox Hunt,Week1,282.0 Fox Mill Woods - 120.0 Fox Hunt
Fox Mill Estates,Week3,Hollin Meadows,Week1,258.0 Hollin Meadows - 144.0 Fox Mill Estates
Fox Mill Estates,Week3,Hollin Meadows,Week3,239.0 Hollin Meadows - 163.0 Fox Mill Estates
Fox Mill Woods,Week5,Fox Hunt,Week3,250.0 Fox Mill Woods - 152.0 Fox Hunt
Fox Mill Estates,Week4,Tuckahoe,Week1,329.0 Tuckahoe - 73.0 Fox Mill Estates
Fox Mill Estates,Week5,Hollin Meadows,Week3,238.0 Hollin Meadows - 164.0 Fox Mill Estates
Fox Mill Woods,Week5,Forest Hollow,Week4,249.5 Fox Mill Woods - 152.5 Forest Hollow
Fox Mill Estates,Week1,Rolling Valley,Week2,237.0 Fox Mill Estates - 165.0 Rolling Valley
Fox Mill Estates,Week1,Holmes Run Acres,Week1,248.0 Holmes Run Acres - 154.0 Fox Mill Estates
Fox Mill Woods,Week1,Fox Hunt,Week2,264.0 Fox Mill Woods - 138.0 Fox Hunt
Fox Mill Woods,Week4,Forest Hollow,Week4,251.0 Fox Mill Woods - 151.0 Forest Hollow
Fox Mill Estates,Week5,Rolling Valley,Week3,263.0 Fox Mill Estates - 139.0 Rolling Valley
Fox Hunt,Week5,Somerset-Olde Creek,Week5,316.0 Fox Hunt - 82.0 Somerset-Olde Creek
Fox Mill Estates,Week5,Hollin Meadows,Week2,225.0 Hollin Meadows - 177.0 Fox Mill Estates
Fox Mill Estates,Week4,Tuckahoe,Week4,346.0 Tuckahoe - 56.0 Fox Mill Estates
Fox Hunt,Week3,Somerset-Olde Creek,Week3,325.5 Fox Hunt - 75.5 Somerset-Olde Creek
Fox Mill Estates,Week4,Tuckahoe,Week5,337.0 Tuckahoe - 65.0 Fox Mill Estates
Fox Hunt,Week1,South Run,Week1,201.0 South Run - 192.0 Fox Hunt
Fox Mill Woods,Week5,Forest Hollow,Week5,233.0 Fox Mill Woods - 169.0 Forest Hollow
Fox Mill Estates,Week5,Truro,Week1,237.0 Fox Mill Estates - 165.0 Truro
Fox Hunt,Week3,Little Hunting Park,Week2,260.0 Fox Hunt - 142.0 Little Hunting Park
Fox Mill Estates,Week5,Truro,Week5,241.0 Fox Mill Estates - 161.0 Truro
Fox Mill Estates,Week2,Tuckahoe,Week3,354.0 Tuckahoe - 48.0 Fox Mill Estates
Fox Hunt,Week5,Somerset-Olde Creek,Week2,348.0 Fox Hunt - 53.0 Somerset-Olde Creek
Fox Mill Woods,Week5,Forest Hollow,Week1,248.0 Fox Mill Woods - 154.0 Forest Hollow
Fox Mill Estates,Week2,Rolling Valley,Week5,223.0 Fox Mill Estates - 179.0 Rolling Valley
Fox Mill Estates,Week1,Tuckahoe,Week5,361.0 Tuckahoe - 41.0 Fox Mill Estates
Fox Hunt,Week4,Somerset-Olde Creek,Week3,326.0 Fox Hunt - 72.0 Somerset-Olde Creek
Fox Mill Estates,Week4,Rolling Valley,Week2,286.0 Fox Mill Estates - 116.0 Rolling Valley
Fox Mill Estates,Week1,Holmes Run Acres,Week4,260.0 Holmes Run Acres - 142.0 Fox Mill Estates
Fox Mill Estates,Week1,Rolling Valley,Week4,215.0 Fox Mill Estates - 187.0 Rolling Valley
Fox Mill Estates,Week2,Rolling Valley,Week2,248.0 Fox Mill Estates - 154.0 Rolling Valley
Fox Hunt,Week1,South Run,Week3,205.0 South Run - 197.0 Fox Hunt
Fox Hunt,Week1,South Run,Week2,205.0 Fox Hunt - 197.0 South Run
Fox Mill Estates,Week2,Holmes Run Acres,Week1,232.0 Holmes Run Acres - 170.0 Fox Mill Estates
Fox Mill Estates,Week2,Rolling Valley,Week3,241.0 Fox Mill Estates - 161.0 Rolling Valley
Fox Mill Estates,Week3,Truro,Week3,248.0 Fox Mill Estates - 154.0 Truro
Fox Mill Estates,Week2,Holmes Run Acres,Week2,226.0 Holmes Run Acres - 176.0 Fox Mill Estates
Fox Mill Woods,Week4,Forest Hollow,Week5,239.0 Fox Mill Woods - 163.0 Forest Hollow
Fox Mill Estates,Week4,Hollin Meadows,Week4,220.0 Hollin Meadows - 182.0 Fox Mill Estates
Fox Hunt,Week5,Lincolnia Park,Week4,323.0 Fox Hunt - 75.0 Lincolnia Park
Fox Mill Estates,Week5,Rolling Valley,Week5,260.0 Fox Mill Estates - 142.0 Rolling Valley
Fox Mill Woods,Week2,Fox Hunt,Week4,261.0 Fox Mill Woods - 141.0 Fox Hunt
Fox Hunt,Week2,Mansion House,Week5,245.0 Mansion House - 157.0 Fox Hunt
Fox Mill Estates,Week2,Tuckahoe,Week4,355.0 Tuckahoe - 47.0 Fox Mill Estates
Fox Hunt,Week2,South Run,Week1,197.0 South Run - 196.0 Fox Hunt
Fox Hunt,Week3,Little Hunting Park,Week5,236.0 Fox Hunt - 166.0 Little Hunting Park
Fox Mill Estates,Week4,Rolling Valley,Week1,306.0 Fox Mill Estates - 96.0 Rolling Valley
Fox Mill Estates,Week4,Holmes Run Acres,Week2,207.0 Holmes Run Acres - 195.0 Fox Mill Estates
Fox Mill Woods,Week3,Fox Hunt,Week1,274.0 Fox Mill Woods - 128.0 Fox Hunt
Fox Hunt,Week5,Somerset-Olde Creek,Week1,327.5 Fox Hunt - 70.5 Somerset-Olde Creek
Fox Hunt,Week2,South Run,Week2,214.0 Fox Hunt - 188.0 South Run
Fox Mill Estates,Week1,Rutherford,Week1,211.0 Fox Mill Estates - 186.0 Rutherford
Fox Hunt,Week3,Mansion House,Week4,212.0 Fox Hunt - 190.0 Mansion House
Fox Mill Woods,Week2,Fox Hunt,Week3,234.0 Fox Mill Woods - 168.0 Fox Hunt
Fox Mill Estates,Week5,Truro,Week2,262.0 Fox Mill Estates - 140.0 Truro
Fox Mill Estates,Week5,Rolling Valley,Week2,269.5 Fox Mill Estates - 132.5 Rolling Valley
Fox Mill Estates,Week4,Hollin Meadows,Week5,233.0 Hollin Meadows - 169.0 Fox Mill Estates
Fox Mill Estates,Week3,Truro,Week1,245.0 Fox Mill Estates - 156.0 Truro
Fox Hunt,Week3,Little Hunting Park,Week3,261.0 Fox Hunt - 141.0 Little Hunting Park
Fox Mill Woods,Week1,Fox Hunt,Week4,265.0 Fox Mill Woods - 137.0 Fox Hunt
Fox Hunt,Week5,Long Branch,Week2,256.0 Fox Hunt - 146.0 Long Branch
Fox Hunt,Week2,South Run,Week4,209.0 Fox Hunt - 187.0 South Run
Fox Mill Woods,Week1,Fox Hunt,Week3,244.0 Fox Mill Woods - 158.0 Fox Hunt
Fox Mill Estates,Week1,Tuckahoe,Week1,349.0 Tuckahoe - 53.0 Fox Mill Estates
Fox Mill Estates,Week1,Holmes Run Acres,Week3,277.0 Holmes Run Acres - 125.0 Fox Mill Estates
Fox Mill Estates,Week3,Truro,Week5,240.0 Fox Mill Estates - 161.0 Truro
Fox Hunt,Week3,South Run,Week5,212.0 Fox Hunt - 190.0 South Run
Fox Hunt,Week5,Lincolnia Park,Week5,309.0 Fox Hunt - 84.0 Lincolnia Park
Fox Mill Estates,Week1,Rutherford,Week3,211.0 Rutherford - 191.0 Fox Mill Estates
Fox Hunt,Week1,Little Hunting Park,Week2,266.0 Fox Hunt - 136.0 Little Hunting Park
Fox Hunt,Week4,Springboard,Week3,273.0 Fox Hunt - 129.0 Springboard
Fox Mill Estates,Week2,Shouse Village,Week1,228.0 Shouse Village - 174.0 Fox Mill Estates
Fox Mill Estates,Week1,Tuckahoe,Week2,357.0 Tuckahoe - 45.0 Fox Mill Estates
Fox Mill Estates,Week3,Hollin Meadows,Week5,262.0 Hollin Meadows - 140.0 Fox Mill Estates
Fox Hunt,Week4,Long Branch,Week3,247.0 Fox Hunt - 155.0 Long Branch
Fox Mill Woods,Week4,Forest Hollow,Week3,253.0 Fox Mill Woods - 149.0 Forest Hollow
Fox Hunt,Week3,South Run,Week2,224.0 Fox Hunt - 173.0 South Run
Fox Mill Estates,Week3,Hollin Meadows,Week2,216.0 Hollin Meadows - 186.0 Fox Mill Estates
Fox Mill Estates,Week3,Hollin Meadows,Week4,254.0 Hollin Meadows - 148.0 Fox Mill Estates
Fox Hunt,Week3,Little Hunting Park,Week4,272.0 Fox Hunt - 130.0 Little Hunting Park
Fox Hunt,Week2,Mansion House,Week3,249.0 Mansion House - 153.0 Fox Hunt
Fox Mill Estates,Week4,Truro,Week2,275.0 Fox Mill Estates - 126.0 Truro
Fox Mill Estates,Week2,Holmes Run Acres,Week3,261.0 Holmes Run Acres - 141.0 Fox Mill Estates
Fox Hunt,Week1,Mansion House,Week1,237.0 Mansion House - 165.0 Fox Hunt
Fox Hunt,Week4,Little Hunting Park,Week3,249.0 Fox Hunt - 153.0 Little Hunting Park
Fox Mill Woods,Week4,Forest Hollow,Week2,264.0 Fox Mill Woods - 138.0 Forest Hollow
Fox Mill Estates,Week2,Rutherford,Week2,222.0 Fox Mill Estates - 179.0 Rutherford
Fox Hunt,Week5,Long Branch,Week1,270.0 Fox Hunt - 132.0 Long Branch
Fox Mill Estates,Week1,Holmes Run Acres,Week5,277.0 Holmes Run Acres - 125.0 Fox Mill Estates
Fox Mill Estates,Week1,Tuckahoe,Week3,366.0 Tuckahoe - 31.0 Fox Mill Estates
Fox Mill Estates,Week4,Rutherford,Week3,237.0 Fox Mill Estates - 165.0 Rutherford
Fox Mill Woods,Week3,Fox Hunt,Week3,236.0 Fox Mill Woods - 166.0 Fox Hunt
Fox Hunt,Week3,South Run,Week1,207.0 Fox Hunt - 186.0 South Run
Fox Mill Estates,Week4,Truro,Week4,233.0 Fox Mill Estates - 169.0 Truro
Fox Mill Estates,Week2,Rutherford,Week5,211.0 Fox Mill Estates - 191.0 Rutherford
Fox Hunt,Week3,South Run,Week4,215.0 Fox Hunt - 187.0 South Run
Fox Hunt,Week5,Lincolnia Park,Week3,300.0 Fox Hunt - 93.0 Lincolnia Park
Fox Hunt,Week1,Mansion House,Week4,208.5 Mansion House - 193.5 Fox Hunt
Fox Hunt,Week2,Little Hunting Park,Week3,254.0 Fox Hunt - 148.0 Little Hunting Park
Fox Mill Woods,Week1,Fox Hunt,Week1,277.0 Fox Mill Woods - 125.0 Fox Hunt
Fox Hunt,Week4,South Run,Week3,213.0 Fox Hunt - 189.0 South Run
Fox Hunt,Week5,South Run,Week1,210.0 Fox Hunt - 183.0 South Run
Fox Hunt,Week3,Springboard,Week4,278.0 Fox Hunt - 119.0 Springboard
Fox Mill Woods,Week3,Fox Hunt,Week2,255.0 Fox Mill Woods - 147.0 Fox Hunt
Fox Mill Estates,Week3,Rutherford,Week4,217.0 Fox Mill Estates - 185.0 Rutherford
Fox Mill Woods,Week2,Fox Hunt,Week2,255.5 Fox Mill Woods - 146.5 Fox Hunt
Fox Hunt,Week2,Little Hunting Park,Week2,260.0 Fox Hunt - 141.0 Little Hunting Park
Fox Hunt,Week3,Mansion House,Week1,208.0 Mansion House - 194.0 Fox Hunt
Fox Mill Woods,Week4,Fox Hunt,Week2,270.0 Fox Mill Woods - 132.0 Fox Hunt
Fox Mill Estates,Week3,Tuckahoe,Week1,342.0 Tuckahoe - 60.0 Fox Mill Estates
Fox Mill Estates,Week3,Rutherford,Week5,222.0 Fox Mill Estates - 174.0 Rutherford
Fox Hunt,Week1,Mansion House,Week5,245.0 Mansion House - 157.0 Fox Hunt
Fox Mill Woods,Week3,Fox Hunt,Week4,256.0 Fox Mill Woods - 146.0 Fox Hunt
Fox Hunt,Week2,Springboard,Week3,264.0 Fox Hunt - 138.0 Springboard
Fox Hunt,Week1,Little Hunting Park,Week3,248.0 Fox Hunt - 154.0 Little Hunting Park
Fox Mill Estates,Week5,Rutherford,Week2,239.0 Fox Mill Estates - 163.0 Rutherford
Fox Mill Estates,Week2,Rutherford,Week1,227.0 Fox Mill Estates - 175.0 Rutherford
Fox Hunt,Week1,Springboard,Week2,289.0 Fox Hunt - 108.0 Springboard
Fox Hunt,Week5,Long Branch,Week4,254.0 Fox Hunt - 148.0 Long Branch
Fox Mill Estates,Week3,Holmes Run Acres,Week4,243.0 Holmes Run Acres - 159.0 Fox Mill Estates
Fox Mill Estates,Week2,Tuckahoe,Week5,346.0 Tuckahoe - 56.0 Fox Mill Estates
Fox Hunt,Week4,South Run,Week4,213.0 Fox Hunt - 188.0 South Run
Fox Hunt,Week5,Long Branch,Week3,265.0 Fox Hunt - 137.0 Long Branch
Fox Hunt,Week2,Mansion House,Week4,216.0 Mansion House - 185.0 Fox Hunt
Fox Hunt,Week4,Little Hunting Park,Week2,250.0 Fox Hunt - 152.0 Little Hunting Park
Fox Mill Estates,Week3,Holmes Run Acres,Week3,262.0 Holmes Run Acres - 140.0 Fox Mill Estates
Fox Mill Estates,Week3,Holmes Run Acres,Week2,220.0 Holmes Run Acres - 182.0 Fox Mill Estates
Fox Mill Estates,Week3,Tuckahoe,Week2,347.0 Tuckahoe - 55.0 Fox Mill Estates
Fox Hunt,Week4,Little Hunting Park,Week4,250.0 Fox Hunt - 152.0 Little Hunting Park
Fox Mill Estates,Week2,Holmes Run Acres,Week4,234.0 Holmes Run Acres - 168.0 Fox Mill Estates
Fox Hunt,Week2,Little Hunting Park,Week4,255.0 Fox Hunt - 146.0 Little Hunting Park
Fox Mill Estates,Week4,Rutherford,Week5,246.0 Fox Mill Estates - 156.0 Rutherford
Fox Mill Woods,Week4,Fox Hunt,Week3,245.0 Fox Mill Woods - 157.0 Fox Hunt
Fox Mill Estates,Week4,Truro,Week5,269.0 Fox Mill Estates - 133.0 Truro
Fox Mill Estates,Week3,Holmes Run Acres,Week5,263.0 Holmes Run Acres - 139.0 Fox Mill Estates
Fox Hunt,Week3,Long Branch,Week3,262.0 Fox Hunt - 140.0 Long Branch
Fox Mill Estates,Week2,Tuckahoe,Week2,352.0 Tuckahoe - 50.0 Fox Mill Estates
Fox Mill Estates,Week3,Rutherford,Week2,234.0 Fox Mill Estates - 167.0 Rutherford
Fox Mill Estates,Week3,Tuckahoe,Week3,361.0 Tuckahoe - 41.0 Fox Mill Estates
Fox Mill Estates,Week4,Holmes Run Acres,Week3,238.0 Holmes Run Acres - 164.0 Fox Mill Estates
Fox Hunt,Week3,Little Hunting Park,Week1,264.0 Fox Hunt - 137.0 Little Hunting Park
Fox Hunt,Week5,Little Hunting Park,Week1,286.0 Fox Hunt - 116.0 Little Hunting Park
Fox Mill Woods,Week4,Fox Hunt,Week4,270.0 Fox Mill Woods - 132.0 Fox Hunt
Fox Hunt,Week4,Little Hunting Park,Week5,219.0 Fox Hunt - 183.0 Little Hunting Park
Fox Hunt,Week2,Springboard,Week1,266.5 Fox Hunt - 134.5 Springboard
Fox Hunt,Week3,Mansion House,Week2,203.0 Fox Hunt - 199.0 Mansion House
Fox Hunt,Week3,Springboard,Week5,279.0 Fox Hunt - 122.0 Springboard
Fox Mill Woods,Week4,Fox Hunt,Week5,244.5 Fox Mill Woods - 157.5 Fox Hunt
Fox Mill Estates,Week3,Tuckahoe,Week4,354.0 Tuckahoe - 48.0 Fox Mill Estates
Fox Hunt,Week5,South Run,Week3,227.0 Fox Hunt - 175.0 South Run
Fox Mill Estates,Week5,Rutherford,Week4,211.0 Fox Mill Estates - 191.0 Rutherford
Fox Hunt,Week4,Little Hunting Park,Week1,258.0 Fox Hunt - 144.0 Little Hunting Park
Fox Mill Estates,Week5,Hunt Valley,Week1,277.5 Hunt Valley - 124.5 Fox Mill Estates
Fox Mill Estates,Week3,Tuckahoe,Week5,348.0 Tuckahoe - 54.0 Fox Mill Estates
Fox Mill Estates,Week4,Holmes Run Acres,Week1,213.0 Holmes Run Acres - 189.0 Fox Mill Estates
Fox Mill Estates,Week5,Holmes Run Acres,Week5,259.0 Holmes Run Acres - 143.0 Fox Mill Estates
Fox Mill Woods,Week5,Fox Hunt,Week2,267.0 Fox Mill Woods - 135.0 Fox Hunt
Fox Mill Estates,Week1,Rutherford,Week5,200.0 Fox Mill Estates - 197.0 Rutherford
Fox Mill Estates,Week4,Rutherford,Week1,248.0 Fox Mill Estates - 154.0 Rutherford
Fox Mill Woods,Week4,Fox Hunt,Week1,287.0 Fox Mill Woods - 115.0 Fox Hunt
Fox Hunt,Week5,Mansion House,Week1,207.0 Mansion House - 195.0 Fox Hunt
Fox Hunt,Week4,Long Branch,Week2,231.0 Fox Hunt - 171.0 Long Branch
Fox Hunt,Week3,Springboard,Week2,310.0 Fox Hunt - 86.0 Springboard
Fox Mill Estates,Week1,Vienna Aquatic,Week3,335.0 Vienna Aquatic - 67.0 Fox Mill Estates
Fox Mill Estates,Week4,Hunt Valley,Week4,294.0 Hunt Valley - 108.0 Fox Mill Estates
Fox Mill Woods,Week2,Fox Hunt,Week5,232.0 Fox Mill Woods - 170.0 Fox Hunt
Fox Hunt,Week1,Springboard,Week1,261.0 Fox Hunt - 141.0 Springboard
Fox Mill Estates,Week3,Hunt Valley,Week1,289.0 Hunt Valley - 113.0 Fox Mill Estates
Fox Mill Woods,Week3,Fox Hunt,Week5,231.0 Fox Mill Woods - 171.0 Fox Hunt
Fox Hunt,Week2,Mantua,Week2,241.0 Mantua - 161.0 Fox Hunt
Fox Hunt,Week1,Little Hunting Park,Week1,260.0 Fox Hunt - 142.0 Little Hunting Park
Fox Mill Woods,Week5,Fox Mill Estates,Week4,262.0 Fox Mill Woods - 140.0 Fox Mill Estates
Fox Hunt,Week5,Little Hunting Park,Week2,280.0 Fox Hunt - 122.0 Little Hunting Park
Fox Hunt,Week3,Springboard,Week3,286.0 Fox Hunt - 115.0 Springboard
Fox Hunt,Week1,Little Hunting Park,Week4,247.0 Fox Hunt - 155.0 Little Hunting Park
Fox Hunt,Week5,South Run,Week2,233.0 Fox Hunt - 169.0 South Run
Fox Hunt,Week1,Springboard,Week3,254.0 Fox Hunt - 148.0 Springboard
Fox Mill Estates,Week2,Hunt Valley,Week3,298.0 Hunt Valley - 104.0 Fox Mill Estates
Fox Hunt,Week1,Mansion House,Week3,243.0 Mansion House - 159.0 Fox Hunt
Fox Hunt,Week4,Springboard,Week1,271.0 Fox Hunt - 130.0 Springboard
Fox Mill Estates,Week5,Vienna Aquatic,Week5,316.0 Vienna Aquatic - 86.0 Fox Mill Estates
Fox Hunt,Week2,Mansion House,Week2,218.0 Mansion House - 179.0 Fox Hunt
Fox Mill Estates,Week2,Vienna Aquatic,Week5,333.0 Vienna Aquatic - 68.0 Fox Mill Estates
Fox Mill Estates,Week5,Holmes Run Acres,Week4,234.0 Holmes Run Acres - 168.0 Fox Mill Estates
Fox Mill Estates,Week2,Vienna Aquatic,Week1,315.0 Vienna Aquatic - 87.0 Fox Mill Estates
Fox Mill Estates,Week4,Tuckahoe,Week2,339.0 Tuckahoe - 63.0 Fox Mill Estates
Fox Mill Estates,Week4,Rutherford,Week2,262.0 Fox Mill Estates - 140.0 Rutherford
Fox Mill Woods,Week5,Fox Hunt,Week1,273.0 Fox Mill Woods - 129.0 Fox Hunt
Fox Mill Estates,Week1,Shouse Village,Week4,268.0 Shouse Village - 134.0 Fox Mill Estates
Fox Hunt,Week3,Long Branch,Week5,229.0 Fox Hunt - 173.0 Long Branch
Fox Mill Estates,Week4,Rutherford,Week4,233.5 Fox Mill Estates - 168.5 Rutherford
Fox Hunt,Week5,Long Branch,Week5,242.0 Fox Hunt - 160.0 Long Branch
Fox Mill Estates,Week1,Shouse Village,Week2,254.0 Shouse Village - 148.0 Fox Mill Estates
Fox Hunt,Week5,Little Hunting Park,Week3,279.0 Fox Hunt - 123.0 Little Hunting Park
Fox Mill Estates,Week5,Holmes Run Acres,Week2,213.0 Holmes Run Acres - 189.0 Fox Mill Estates
Fox Mill Woods,Week4,Fox Mill Estates,Week2,278.0 Fox Mill Woods - 124.0 Fox Mill Estates
Fox Mill Estates,Week4,Tuckahoe,Week3,350.0 Tuckahoe - 52.0 Fox Mill Estates
Fox Hunt,Week2,Little Hunting Park,Week1,265.0 Fox Hunt - 137.0 Little Hunting Park
Fox Mill Estates,Week1,Shouse Village,Week5,267.0 Shouse Village - 135.0 Fox Mill Estates
Fox Hunt,Week4,Long Branch,Week1,245.0 Fox Hunt - 157.0 Long Branch
Fox Mill Woods,Week2,Fox Mill Estates,Week4,261.0 Fox Mill Woods - 141.0 Fox Mill Estates
Fox Mill Estates,Week1,Vienna Aquatic,Week5,332.0 Vienna Aquatic - 70.0 Fox Mill Estates
Fox Hunt,Week1,Mansion House,Week2,230.0 Mansion House - 167.0 Fox Hunt
Fox Mill Estates,Week2,Hunt Valley,Week2,282.0 Hunt Valley - 120.0 Fox Mill Estates
Fox Mill Estates,Week1,Vienna Aquatic,Week2,326.0 Vienna Aquatic - 76.0 Fox Mill Estates
Fox Mill Estates,Week5,Holmes Run Acres,Week1,217.0 Holmes Run Acres - 185.0 Fox Mill Estates
Fox Mill Estates,Week3,Rutherford,Week1,238.0 Fox Mill Estates - 163.0 Rutherford
Fox Hunt,Week2,Mansion House,Week1,246.0 Mansion House - 156.0 Fox Hunt
Fox Mill Estates,Week2,Vienna Aquatic,Week3,317.0 Vienna Aquatic - 85.0 Fox Mill Estates
Fox Mill Estates,Week3,Hunt Valley,Week3,305.0 Hunt Valley - 97.0 Fox Mill Estates
Fox Mill Estates,Week4,Holmes Run Acres,Week4,221.0 Holmes Run Acres - 181.0 Fox Mill Estates
Fox Mill Estates,Week2,Rutherford,Week3,212.0 Fox Mill Estates - 190.0 Rutherford
Fox Mill Woods,Week2,Fox Mill Estates,Week1,293.0 Fox Mill Woods - 109.0 Fox Mill Estates
Fox Mill Estates,Week3,Vienna Aquatic,Week3,318.0 Vienna Aquatic - 84.0 Fox Mill Estates
Fox Hunt,Week2,Springboard,Week2,307.0 Fox Hunt - 90.0 Springboard
Fox Mill Woods,Week3,Fox Mill Estates,Week3,259.0 Fox Mill Woods - 143.0 Fox Mill Estates
Fox Mill Estates,Week5,Rutherford,Week3,217.0 Fox Mill Estates - 185.0 Rutherford
Fox Hunt,Week1,Springboard,Week5,249.0 Fox Hunt - 153.0 Springboard
Fox Mill Estates,Week3,Vienna Aquatic,Week2,305.0 Vienna Aquatic - 97.0 Fox Mill Estates
Fox Hunt,Week4,Long Branch,Week4,237.0 Fox Hunt - 165.0 Long Branch
Fox Hunt,Week1,Springboard,Week4,259.0 Fox Hunt - 143.0 Springboard
Fox Mill Estates,Week1,Shouse Village,Week3,246.0 Shouse Village - 156.0 Fox Mill Estates
Fox Mill Estates,Week3,Rutherford,Week3,217.0 Fox Mill Estates - 184.0 Rutherford
Fox Hunt,Week2,Little Hunting Park,Week5,221.0 Fox Hunt - 177.0 Little Hunting Park
Fox Mill Woods,Week1,Fox Mill Estates,Week5,268.0 Fox Mill Woods - 134.0 Fox Mill Estates
Fox Hunt,Week2,Springboard,Week4,272.0 Fox Hunt - 129.0 Springboard
Fox Mill Estates,Week5,Rutherford,Week5,234.0 Fox Mill Estates - 168.0 Rutherford
Fox Mill Estates,Week1,Vienna Aquatic,Week4,332.0 Vienna Aquatic - 70.0 Fox Mill Estates
Fox Hunt,Week2,Springboard,Week5,257.0 Fox Hunt - 145.0 Springboard
Fox Mill Estates,Week1,Hunt Valley,Week2,308.5 Hunt Valley - 93.5 Fox Mill Estates
Fox Hunt,Week4,South Run,Week5,206.0 South Run - 196.0 Fox Hunt
Fox Hunt,Week1,Little Hunting Park,Week5,206.0 Fox Hunt - 195.0 Little Hunting Park
Fox Mill Estates,Week4,Holmes Run Acres,Week5,243.0 Holmes Run Acres - 159.0 Fox Mill Estates
Fox Mill Woods,Week3,Fox Mill Estates,Week4,255.0 Fox Mill Woods - 147.0 Fox Mill Estates
Fox Hunt,Week3,Long Branch,Week4,243.0 Fox Hunt - 159.0 Long Branch
Fox Mill Woods,Week3,Fox Mill Estates,Week1,289.0 Fox Mill Woods - 113.0 Fox Mill Estates
Fox Hunt,Week4,Long Branch,Week5,232.0 Fox Hunt - 170.0 Long Branch
Fox Hunt,Week3,Mansion House,Week3,216.0 Mansion House - 186.0 Fox Hunt
Fox Hunt,Week4,Mansion House,Week2,226.0 Mansion House - 176.0 Fox Hunt
Fox Mill Estates,Week5,Rutherford,Week1,240.0 Fox Mill Estates - 162.0 Rutherford
Fox Mill Estates,Week1,Hunt Valley,Week5,328.0 Hunt Valley - 74.0 Fox Mill Estates
Fox Mill Estates,Week5,Tuckahoe,Week4,355.0 Tuckahoe - 47.0 Fox Mill Estates
Fox Mill Estates,Week2,Rutherford,Week4,209.0 Fox Mill Estates - 193.0 Rutherford
Fox Hunt,Week4,Springboard,Week2,294.0 Fox Hunt - 108.0 Springboard
Fox Hunt,Week4,Mansion House,Week3,237.0 Mansion House - 165.0 Fox Hunt
Fox Mill Estates,Week4,Vienna Aquatic,Week1,300.0 Vienna Aquatic - 102.0 Fox Mill Estates
Fox Mill Estates,Week4,Hunt Valley,Week1,275.0 Hunt Valley - 127.0 Fox Mill Estates
Fox Mill Estates,Week2,Hunt Valley,Week1,277.0 Hunt Valley - 125.0 Fox Mill Estates
Fox Mill Estates,Week3,Vienna Aquatic,Week1,316.0 Vienna Aquatic - 86.0 Fox Mill Estates
Fox Hunt,Week4,Mansion House,Week1,224.0 Mansion House - 178.0 Fox Hunt
Fox Hunt,Week3,Mansion House,Week5,213.0 Mansion House - 189.0 Fox Hunt
Fox Mill Woods,Week1,Fox Mill Estates,Week4,264.0 Fox Mill Woods - 138.0 Fox Mill Estates
Fox Hunt,Week3,Springboard,Week1,282.0 Fox Hunt - 119.0 Springboard
Fox Hunt,Week4,South Run,Week2,211.0 Fox Hunt - 191.0 South Run
Fox Mill Woods,Week5,Fox Hunt,Week5,246.0 Fox Mill Woods - 156.0 Fox Hunt
Fox Mill Woods,Week4,Fox Mill Estates,Week4,269.0 Fox Mill Woods - 133.0 Fox Mill Estates
Fox Mill Estates,Week3,Hunt Valley,Week5,311.0 Hunt Valley - 91.0 Fox Mill Estates
Fox Hunt,Week5,South Run,Week5,214.0 Fox Hunt - 188.0 South Run
Fox Mill Estates,Week3,Vienna Aquatic,Week4,317.0 Vienna Aquatic - 85.0 Fox Mill Estates
Fox Mill Woods,Week3,Fox Mill Estates,Week5,268.0 Fox Mill Woods - 134.0 Fox Mill Estates
Fox Mill Estates,Week1,Shouse Village,Week1,241.0 Shouse Village - 161.0 Fox Mill Estates
Fox Mill Estates,Week2,Shouse Village,Week2,228.0 Shouse Village - 173.0 Fox Mill Estates
Fox Mill Estates,Week4,Hunt Valley,Week2,273.5 Hunt Valley - 128.5 Fox Mill Estates
Fox Mill Estates,Week1,Hunt Valley,Week1,296.0 Hunt Valley - 106.0 Fox Mill Estates
Fox Mill Estates,Week2,Shouse Village,Week3,229.0 Shouse Village - 173.0 Fox Mill Estates
Fox Mill Woods,Week3,Brookfield ,Week4,245.0 Fox Mill Woods - 157.0 Brookfield
Fox Mill Woods,Week1,Fox Mill Estates,Week1,287.0 Fox Mill Woods - 115.0 Fox Mill Estates
Fox Mill Woods,Week4,Fox Mill Estates,Week1,298.0 Fox Mill Woods - 104.0 Fox Mill Estates
Fox Hunt,Week4,Springboard,Week5,263.0 Fox Hunt - 139.0 Springboard
Fox Mill Woods,Week1,Fox Mill Estates,Week3,278.0 Fox Mill Woods - 124.0 Fox Mill Estates
Fox Hunt,Week4,Springfield,Week2,365.0 Fox Hunt - 34.0 Springfield
Fox Mill Woods,Week5,Fox Hunt,Week4,254.0 Fox Mill Woods - 148.0 Fox Hunt
Fox Mill Woods,Week5,Fox Mill Estates,Week1,296.0 Fox Mill Woods - 106.0 Fox Mill Estates
Fox Mill Woods,Week2,Broyhill Crest,Week3,385.0 Fox Mill Woods - 17.0 Broyhill Crest
Fox Hunt,Week4,Mansion House,Week5,238.0 Mansion House - 164.0 Fox Hunt
Fox Mill Estates,Week5,Tuckahoe,Week2,343.0 Tuckahoe - 59.0 Fox Mill Estates
Fox Mill Estates,Week2,Shouse Village,Week5,252.0 Shouse Village - 150.0 Fox Mill Estates
Fox Hunt,Week5,South Run,Week4,223.0 Fox Hunt - 178.0 South Run
Fox Hunt,Week4,Springboard,Week4,270.0 Fox Hunt - 131.0 Springboard
Fox Mill Estates,Week3,Shouse Village,Week1,218.0 Shouse Village - 184.0 Fox Mill Estates
Fox Mill Estates,Week4,Vienna Aquatic,Week4,300.0 Vienna Aquatic - 102.0 Fox Mill Estates
Fox Mill Woods,Week1,Broyhill Crest,Week5,362.0 Fox Mill Woods - 40.0 Broyhill Crest
Fox Mill Estates,Week4,Vienna Aquatic,Week2,300.0 Vienna Aquatic - 102.0 Fox Mill Estates
Fox Hunt,Week5,Mansion House,Week3,215.0 Mansion House - 187.0 Fox Hunt
Fox Mill Estates,Week3,Shouse Village,Week2,229.0 Shouse Village - 173.0 Fox Mill Estates
Fox Mill Woods,Week2,Broyhill Crest,Week1,377.0 Fox Mill Woods - 25.0 Broyhill Crest
Fox Mill Estates,Week4,Vienna Aquatic,Week3,315.0 Vienna Aquatic - 87.0 Fox Mill Estates
Fox Mill Woods,Week1,Broyhill Crest,Week2,381.0 Fox Mill Woods - 21.0 Broyhill Crest
Fox Mill Estates,Week2,Shouse Village,Week4,264.0 Shouse Village - 138.0 Fox Mill Estates
Fox Mill Estates,Week3,Hunt Valley,Week2,286.0 Hunt Valley - 116.0 Fox Mill Estates
Fox Hunt,Week5,Springboard,Week3,303.0 Fox Hunt - 99.0 Springboard
Fox Hunt,Week4,Mansion House,Week4,205.0 Fox Hunt - 196.0 Mansion House
Fox Mill Estates,Week5,Shouse Village,Week2,217.0 Shouse Village - 185.0 Fox Mill Estates
Fox Hunt,Week5,Mansion House,Week4,221.0 Fox Hunt - 180.0 Mansion House
Fox Mill Woods,Week4,Fox Mill Estates,Week3,285.0 Fox Mill Woods - 117.0 Fox Mill Estates
Fox Mill Estates,Week1,Hunt Valley,Week3,316.0 Hunt Valley - 86.0 Fox Mill Estates
Fox Hunt,Week5,Mansion House,Week2,212.0 Fox Hunt - 190.0 Mansion House
Fox Mill Estates,Week2,Hunt Valley,Week4,305.0 Hunt Valley - 97.0 Fox Mill Estates
Fox Mill Estates,Week5,Holmes Run Acres,Week3,259.0 Holmes Run Acres - 143.0 Fox Mill Estates
Fox Mill Estates,Week5,Tuckahoe,Week3,357.0 Tuckahoe - 45.0 Fox Mill Estates
Fox Hunt,Week1,Springfield,Week3,366.0 Fox Hunt - 33.0 Springfield
Fox Hunt,Week5,Mansion House,Week5,210.0 Mansion House - 192.0 Fox Hunt
Fox Mill Estates,Week3,Hunt Valley,Week4,305.0 Hunt Valley - 97.0 Fox Mill Estates
Fox Mill Estates,Week1,Hunt Valley,Week4,321.0 Hunt Valley - 81.0 Fox Mill Estates
Fox Mill Woods,Week2,Fox Mill Estates,Week5,268.0 Fox Mill Woods - 134.0 Fox Mill Estates
Fox Mill Estates,Week2,Sideburn Run,Week3,244.0 Sideburn Run - 158.0 Fox Mill Estates
Fox Hunt,Week3,Springfield,Week1,360.0 Fox Hunt - 36.0 Springfield
Fox Hunt,Week1,Mantua,Week1,242.0 Mantua - 160.0 Fox Hunt
Fox Mill Woods,Week4,Brookfield ,Week4,262.0 Fox Mill Woods - 140.0 Brookfield
Fox Mill Estates,Week5,Shouse Village,Week4,252.0 Shouse Village - 150.0 Fox Mill Estates
Fox Hunt,Week3,Springfield,Week2,359.0 Fox Hunt - 37.0 Springfield
Fox Mill Woods,Week1,Broyhill Crest,Week4,366.0 Fox Mill Woods - 36.0 Broyhill Crest
Fox Mill Estates,Week2,Sideburn Run,Week1,231.0 Sideburn Run - 171.0 Fox Mill Estates
Fox Mill Woods,Week5,Fox Mill Estates,Week2,268.0 Fox Mill Woods - 134.0 Fox Mill Estates
Fox Mill Estates,Week5,Vienna Aquatic,Week2,308.0 Vienna Aquatic - 94.0 Fox Mill Estates
Fox Hunt,Week1,Springfield,Week2,373.0 Fox Hunt - 25.0 Springfield
Fox Hunt,Week3,Pinewood Lake,Week1,355.0 Fox Hunt - 34.0 Pinewood Lake
Fox Hunt,Week3,Pinecrest,Week1,264.0 Pinecrest - 138.0 Fox Hunt
Fox Mill Estates,Week5,Vienna Aquatic,Week1,306.0 Vienna Aquatic - 96.0 Fox Mill Estates
Fox Mill Estates,Week4,Sideburn Run,Week3,219.0 Sideburn Run - 183.0 Fox Mill Estates
Fox Hunt,Week1,Mantua,Week3,291.0 Mantua - 111.0 Fox Hunt
Fox Mill Estates,Week2,Hunt Valley,Week5,309.0 Hunt Valley - 93.0 Fox Mill Estates
Fox Hunt,Week2,Pinewood Lake,Week4,355.0 Fox Hunt - 43.0 Pinewood Lake
Fox Mill Estates,Week5,Tuckahoe,Week1,321.0 Tuckahoe - 81.0 Fox Mill Estates
Fox Mill Woods,Week3,Brookfield ,Week3,257.0 Fox Mill Woods - 145.0 Brookfield
Fox Hunt,Week4,Springfield,Week3,366.0 Fox Hunt - 32.0 Springfield
Fox Hunt,Week1,Mantua,Week2,241.0 Mantua - 161.0 Fox Hunt
Fox Mill Woods,Week2,Fox Mill Estates,Week2,261.0 Fox Mill Woods - 141.0 Fox Mill Estates
Fox Mill Estates,Week4,Hunt Valley,Week3,296.0 Hunt Valley - 106.0 Fox Mill Estates
Fox Mill Woods,Week1,Fox Mill Estates,Week2,265.0 Fox Mill Woods - 137.0 Fox Mill Estates
Fox Hunt,Week1,Mantua,Week4,271.0 Mantua - 131.0 Fox Hunt
Fox Mill Estates,Week2,Vienna Aquatic,Week4,323.0 Vienna Aquatic - 79.0 Fox Mill Estates
Fox Mill Woods,Week3,Fox Mill Estates,Week2,261.0 Fox Mill Woods - 141.0 Fox Mill Estates
Fox Mill Woods,Week5,Brookfield ,Week4,252.0 Fox Mill Woods - 150.0 Brookfield
Fox Hunt,Week2,Pinecrest,Week5,273.5 Pinecrest - 128.5 Fox Hunt
Fox Mill Woods,Week1,Broyhill Crest,Week3,382.0 Fox Mill Woods - 20.0 Broyhill Crest
Fox Mill Estates,Week3,Vienna Aquatic,Week5,325.0 Vienna Aquatic - 77.0 Fox Mill Estates
Fox Mill Estates,Week1,Sideburn Run,Week2,237.0 Sideburn Run - 165.0 Fox Mill Estates
Fox Hunt,Week1,Mantua,Week5,289.0 Mantua - 113.0 Fox Hunt
Fox Mill Woods,Week1,Burke Station,Week1,295.0 Fox Mill Woods - 83.0 Burke Station
Fox Mill Woods,Week4,Fox Mill Estates,Week5,281.0 Fox Mill Woods - 121.0 Fox Mill Estates
Fox Mill Estates,Week3,Hunter Mill,Week3,266.0 Hunter Mill - 136.0 Fox Mill Estates
Fox Mill Estates,Week4,Hunt Valley,Week5,298.5 Hunt Valley - 103.5 Fox Mill Estates
Fox Mill Estates,Week4,Hunter Mill,Week2,249.0 Hunter Mill - 153.0 Fox Mill Estates
Fox Mill Woods,Week2,Fox Mill Estates,Week3,272.0 Fox Mill Woods - 130.0 Fox Mill Estates
Fox Hunt,Week5,Springboard,Week4,303.0 Fox Hunt - 98.0 Springboard
Fox Mill Estates,Week5,Tuckahoe,Week5,346.0 Tuckahoe - 56.0 Fox Mill Estates
Fox Mill Estates,Week5,Shouse Village,Week5,234.5 Shouse Village - 167.5 Fox Mill Estates
Fox Hunt,Week1,Pinewood Lake,Week2,358.0 Fox Hunt - 41.0 Pinewood Lake
Fox Hunt,Week5,Pinecrest,Week3,275.0 Pinecrest - 127.0 Fox Hunt
Fox Hunt,Week1,Springfield,Week1,365.0 Fox Hunt - 36.0 Springfield
Fox Mill Estates,Week1,Vienna Aquatic,Week1,331.0 Vienna Aquatic - 71.0 Fox Mill Estates
Fox Mill Estates,Week4,Vienna Aquatic,Week5,319.0 Vienna Aquatic - 83.0 Fox Mill Estates
Fox Hunt,Week3,Pinecrest,Week5,259.0 Pinecrest - 138.0 Fox Hunt
Fox Hunt,Week2,Mantua,Week4,258.0 Mantua - 144.0 Fox Hunt
Fox Mill Estates,Week5,Shouse Village,Week3,216.0 Shouse Village - 186.0 Fox Mill Estates
Fox Mill Woods,Week5,Broyhill Crest,Week4,367.0 Fox Mill Woods - 35.0 Broyhill Crest
Fox Hunt,Week2,Mantua,Week1,245.0 Mantua - 155.0 Fox Hunt
Fox Mill Woods,Week5,Fox Mill Estates,Week3,282.0 Fox Mill Woods - 120.0 Fox Mill Estates
Fox Mill Estates,Week1,Sideburn Run,Week1,243.0 Sideburn Run - 159.0 Fox Mill Estates
Fox Hunt,Week5,Springboard,Week2,326.0 Fox Hunt - 76.0 Springboard
Fox Mill Woods,Week5,Broyhill Crest,Week2,374.0 Fox Mill Woods - 28.0 Broyhill Crest
Fox Mill Estates,Week2,Vienna Aquatic,Week2,317.0 Vienna Aquatic - 85.0 Fox Mill Estates
Fox Mill Woods,Week5,Fox Mill Estates,Week5,278.0 Fox Mill Woods - 124.0 Fox Mill Estates
Fox Mill Woods,Week4,Brookfield ,Week5,265.0 Fox Mill Woods - 137.0 Brookfield
Fox Mill Estates,Week5,Vienna Aquatic,Week4,306.0 Vienna Aquatic - 96.0 Fox Mill Estates
Fox Mill Estates,Week1,Sideburn Run,Week4,252.0 Sideburn Run - 150.0 Fox Mill Estates
Fox Mill Estates,Week1,Hunter Mill,Week5,306.0 Hunter Mill - 96.0 Fox Mill Estates
Fox Mill Estates,Week5,Vienna Aquatic,Week3,312.0 Vienna Aquatic - 90.0 Fox Mill Estates
Fox Hunt,Week3,Mantua,Week2,209.0 Mantua - 188.0 Fox Hunt
Fox Hunt,Week2,Springfield,Week3,361.0 Fox Hunt - 37.0 Springfield
Fox Mill Estates,Week3,Hunter Mill,Week1,268.0 Hunter Mill - 134.0 Fox Mill Estates
Fox Mill Woods,Week3,Fox Mill Woods,Week1,218.0 Fox Mill Woods (FMW2) - 184.0 Fox Mill Woods (FMW1)
Fox Hunt,Week2,Springfield,Week1,364.0 Fox Hunt - 32.0 Springfield
Fox Mill Estates,Week5,Hunt Valley,Week5,310.0 Hunt Valley - 92.0 Fox Mill Estates
Fox Hunt,Week3,Pinecrest,Week3,276.0 Pinecrest - 126.0 Fox Hunt
Fox Mill Estates,Week3,Shouse Village,Week3,217.0 Shouse Village - 185.0 Fox Mill Estates
Fox Mill Woods,Week1,Fox Mill Woods,Week1,201.0 Fox Mill Woods (FMW1) - 201.0 Fox Mill Woods (FMW2)
Fox Hunt,Week2,Mantua,Week5,283.0 Mantua - 119.0 Fox Hunt
Fox Mill Woods,Week2,Broyhill Crest,Week5,367.0 Fox Mill Woods - 35.0 Broyhill Crest
Fox Mill Woods,Week5,Brookfield ,Week5,249.0 Fox Mill Woods - 153.0 Brookfield
Fox Mill Estates,Week2,Hunter Mill,Week1,271.0 Hunter Mill - 131.0 Fox Mill Estates
Fox Hunt,Week2,Pinecrest,Week3,282.0 Pinecrest - 120.0 Fox Hunt
Fox Mill Estates,Week2,Sideburn Run,Week4,248.0 Sideburn Run - 154.0 Fox Mill Estates
Fox Mill Estates,Week4,Vienna Woods,Week5,324.0 Vienna Woods - 78.0 Fox Mill Estates
Fox Mill Estates,Week1,Vienna Woods,Week1,324.0 Vienna Woods - 78.0 Fox Mill Estates
Fox Hunt,Week2,Mantua,Week3,295.5 Mantua - 106.5 Fox Hunt
Fox Hunt,Week3,Mantua,Week3,260.0 Mantua - 142.0 Fox Hunt
Fox Hunt,Week1,Springfield,Week5,370.0 Fox Hunt - 25.0 Springfield
Fox Hunt,Week2,Springfield,Week4,357.0 Fox Hunt - 34.0 Springfield
Fox Mill Estates,Week5,Hunter Mill,Week2,248.5 Hunter Mill - 153.5 Fox Mill Estates
Fox Mill Woods,Week1,Fox Mill Woods,Week2,227.0 Fox Mill Woods (FMW1) - 175.0 Fox Mill Woods (FMW2)
Fox Mill Woods,Week5,Brookfield ,Week2,263.0 Fox Mill Woods - 139.0 Brookfield
Fox Hunt,Week5,Springboard,Week5,278.0 Fox Hunt - 124.0 Springboard
Fox Hunt,Week5,Pinecrest,Week4,264.0 Pinecrest - 138.0 Fox Hunt
Fox Mill Estates,Week2,Sideburn Run,Week5,251.0 Sideburn Run - 151.0 Fox Mill Estates
Fox Hunt,Week4,Pinecrest,Week4,273.0 Pinecrest - 129.0 Fox Hunt
Fox Hunt,Week4,Pinecrest,Week3,289.0 Pinecrest - 113.0 Fox Hunt
Fox Hunt,Week3,Mantua,Week1,219.0 Mantua - 183.0 Fox Hunt
Fox Mill Woods,Week3,Brookfield ,Week5,247.0 Fox Mill Woods - 155.0 Brookfield
Fox Mill Woods,Week4,Brookfield ,Week1,256.0 Fox Mill Woods - 146.0 Brookfield
Fox Mill Estates,Week3,Sideburn Run,Week3,234.0 Sideburn Run - 168.0 Fox Mill Estates
Fox Mill Woods,Week5,Brookfield ,Week1,246.0 Fox Mill Woods - 156.0 Brookfield
Fox Hunt,Week3,Pinecrest,Week2,265.0 Pinecrest - 137.0 Fox Hunt
Fox Hunt,Week3,Springfield,Week4,359.0 Fox Hunt - 37.0 Springfield
Fox Mill Estates,Week3,Vienna Woods,Week1,317.0 Vienna Woods - 85.0 Fox Mill Estates
Fox Mill Estates,Week5,Hunt Valley,Week3,297.0 Hunt Valley - 105.0 Fox Mill Estates
Fox Hunt,Week4,Pinecrest,Week5,275.0 Pinecrest - 127.0 Fox Hunt
Fox Mill Estates,Week4,Shouse Village,Week4,228.0 Shouse Village - 174.0 Fox Mill Estates
Fox Hunt,Week2,Pinecrest,Week4,280.0 Pinecrest - 122.0 Fox Hunt
Fox Mill Estates,Week4,Shouse Village,Week5,227.0 Shouse Village - 175.0 Fox Mill Estates
Fox Mill Woods,Week1,Fox Mill Woods,Week3,218.0 Fox Mill Woods (FMW1) - 184.0 Fox Mill Woods (FMW2)
Fox Hunt,Week2,Springfield,Week5,364.0 Fox Hunt - 26.0 Springfield
Fox Hunt,Week5,Springboard,Week1,297.0 Fox Hunt - 104.0 Springboard
Fox Hunt,Week3,Springfield,Week3,358.0 Fox Hunt - 32.0 Springfield
Fox Mill Estates,Week4,Vienna Woods,Week3,302.0 Vienna Woods - 100.0 Fox Mill Estates
Fox Mill Woods,Week1,Great Falls,Week5,231.0 Fox Mill Woods - 171.0 Great Falls
Fox Mill Estates,Week2,Ilda Community,Week2,238.0 Fox Mill Estates - 164.0 Ilda Community
Fox Mill Estates,Week1,Villa Aquatic,Week4,246.0 Villa Aquatic - 156.0 Fox Mill Estates
Fox Mill Estates,Week1,Villa Aquatic,Week5,254.0 Villa Aquatic - 148.0 Fox Mill Estates
Fox Mill Estates,Week3,Hunter Mill,Week4,282.5 Hunter Mill - 119.5 Fox Mill Estates
Fox Mill Estates,Week1,Vienna Woods,Week5,354.0 Vienna Woods - 48.0 Fox Mill Estates
Fox Hunt,Week3,Mantua,Week4,233.0 Mantua - 169.0 Fox Hunt
Fox Mill Woods,Week5,Fox Mill Woods,Week3,222.0 Fox Mill Woods (FMW1) - 180.0 Fox Mill Woods (FMW2)
Fox Mill Estates,Week4,Shouse Village,Week3,206.0 Fox Mill Estates - 196.0 Shouse Village
Fox Mill Woods,Week1,Fox Mill Woods,Week4,215.0 Fox Mill Woods (FMW1) - 187.0 Fox Mill Woods (FMW2)
Fox Mill Estates,Week5,Hunter Mill,Week5,286.0 Hunter Mill - 116.0 Fox Mill Estates
Fox Mill Woods,Week4,Fox Mill Woods,Week5,220.5 Fox Mill Woods (FMW2) - 181.5 Fox Mill Woods (FMW1)
Fox Mill Estates,Week3,Sideburn Run,Week2,229.0 Sideburn Run - 173.0 Fox Mill Estates
Fox Mill Woods,Week3,Broyhill Crest,Week5,362.0 Fox Mill Woods - 40.0 Broyhill Crest
Fox Mill Woods,Week3,Broyhill Crest,Week1,373.0 Fox Mill Woods - 28.0 Broyhill Crest
Fox Mill Estates,Week2,Sideburn Run,Week2,230.5 Sideburn Run - 171.5 Fox Mill Estates
Fox Mill Woods,Week5,Brookfield ,Week3,268.0 Fox Mill Woods - 134.0 Brookfield
Fox Hunt,Week2,Springfield,Week2,363.0 Fox Hunt - 32.0 Springfield
Fox Hunt,Week3,Mantua,Week5,256.0 Mantua - 146.0 Fox Hunt
Fox Hunt,Week4,Pinecrest,Week2,267.5 Pinecrest - 134.5 Fox Hunt
Fox Mill Estates,Week1,Ilda Community,Week3,209.0 Fox Mill Estates - 193.0 Ilda Community
Fox Hunt,Week1,Pinewood Lake,Week1,354.0 Fox Hunt - 44.0 Pinewood Lake
Fox Mill Woods,Week2,Broyhill Crest,Week4,374.0 Fox Mill Woods - 28.0 Broyhill Crest
Fox Mill Estates,Week3,Hunter Mill,Week2,267.0 Hunter Mill - 135.0 Fox Mill Estates
Fox Mill Woods,Week5,Fox Mill Woods,Week2,209.0 Fox Mill Woods (FMW1) - 193.0 Fox Mill Woods (FMW2)
Fox Mill Estates,Week1,Villa Aquatic,Week1,227.0 Villa Aquatic - 175.0 Fox Mill Estates
Fox Mill Estates,Week3,Sideburn Run,Week4,242.0 Sideburn Run - 160.0 Fox Mill Estates
Fox Mill Woods,Week2,Fox Mill Woods,Week4,207.0 Fox Mill Woods (FMW2) - 195.0 Fox Mill Woods (FMW1)
Fox Mill Estates,Week1,Villa Aquatic,Week2,241.0 Villa Aquatic - 161.0 Fox Mill Estates
Fox Hunt,Week1,Pinewood Lake,Week5,349.0 Fox Hunt - 51.0 Pinewood Lake
Fox Mill Estates,Week5,Hunter Mill,Week4,286.0 Hunter Mill - 116.0 Fox Mill Estates
Fox Mill Estates,Week1,Sideburn Run,Week5,258.0 Sideburn Run - 144.0 Fox Mill Estates
Fox Hunt,Week3,Pinecrest,Week4,269.0 Pinecrest - 133.0 Fox Hunt
Fox Mill Woods,Week2,Broyhill Crest,Week2,384.0 Fox Mill Woods - 18.0 Broyhill Crest
Fox Mill Woods,Week1,Great Falls,Week1,270.0 Fox Mill Woods - 132.0 Great Falls
Fox Mill Estates,Week3,Sideburn Run,Week1,238.0 Sideburn Run - 164.0 Fox Mill Estates
Fox Hunt,Week3,Springfield,Week5,361.0 Fox Hunt - 30.0 Springfield
Fox Mill Estates,Week1,Villa Aquatic,Week3,267.0 Villa Aquatic - 135.0 Fox Mill Estates
Fox Hunt,Week2,Pinewood Lake,Week1,353.0 Fox Hunt - 43.0 Pinewood Lake
Fox Mill Woods,Week1,Broyhill Crest,Week1,377.0 Fox Mill Woods - 25.0 Broyhill Crest
Fox Mill Estates,Week2,Hunter Mill,Week2,264.0 Hunter Mill - 138.0 Fox Mill Estates
Fox Hunt,Week4,Springfield,Week1,369.0 Fox Hunt - 29.0 Springfield
Fox Mill Woods,Week4,Brookfield ,Week3,273.0 Fox Mill Woods - 129.0 Brookfield
Fox Mill Estates,Week1,Hunter Mill,Week3,297.0 Hunter Mill - 105.0 Fox Mill Estates
Fox Hunt,Week1,Springfield,Week4,355.0 Fox Hunt - 41.0 Springfield
Fox Mill Woods,Week5,Fox Mill Woods,Week5,200.5 Fox Mill Woods (FMW1) - 200.5 Fox Mill Woods (FMW2)
Fox Mill Estates,Week1,Ilda Community,Week1,203.0 Fox Mill Estates - 199.0 Ilda Community
Fox Mill Woods,Week3,Fox Mill Woods,Week2,209.5 Fox Mill Woods (FMW1) - 192.5 Fox Mill Woods (FMW2)
Fox Mill Estates,Week5,Hunter Mill,Week1,276.0 Hunter Mill - 126.0 Fox Mill Estates
Fox Mill Woods,Week4,Broyhill Crest,Week2,380.0 Fox Mill Woods - 22.0 Broyhill Crest
Fox Mill Estates,Week1,Hunter Mill,Week1,286.0 Hunter Mill - 116.0 Fox Mill Estates
Fox Hunt,Week1,Pinewood Lake,Week3,361.0 Fox Hunt - 38.0 Pinewood Lake
Fox Mill Estates,Week2,Villa Aquatic,Week2,222.0 Villa Aquatic - 180.0 Fox Mill Estates
Fox Mill Estates,Week5,Vienna Woods,Week3,321.0 Vienna Woods - 81.0 Fox Mill Estates
Fox Mill Woods,Week1,Fox Mill Woods,Week5,206.0 Fox Mill Woods (FMW1) - 196.0 Fox Mill Woods (FMW2)
Fox Mill Estates,Week3,Shouse Village,Week4,240.0 Shouse Village - 162.0 Fox Mill Estates
Fox Mill Estates,Week4,Shouse Village,Week2,208.0 Shouse Village - 194.0 Fox Mill Estates
Fox Mill Woods,Week2,Fox Mill Woods,Week5,209.0 Fox Mill Woods (FMW2) - 193.0 Fox Mill Woods (FMW1)
Fox Mill Estates,Week2,Vienna Woods,Week1,322.5 Vienna Woods - 79.5 Fox Mill Estates
Fox Hunt,Week5,Pinecrest,Week1,253.0 Pinecrest - 149.0 Fox Hunt
Fox Mill Estates,Week1,Vienna Woods,Week4,312.0 Vienna Woods - 90.0 Fox Mill Estates
Fox Mill Estates,Week5,Shouse Village,Week1,211.0 Shouse Village - 191.0 Fox Mill Estates
Fox Mill Woods,Week3,Broyhill Crest,Week2,375.0 Fox Mill Woods - 26.0 Broyhill Crest
Fox Mill Estates,Week3,Shouse Village,Week5,239.0 Shouse Village - 163.0 Fox Mill Estates
Fox Hunt,Week4,Pinecrest,Week1,263.0 Pinecrest - 139.0 Fox Hunt
Fox Hunt,Week5,Pinecrest,Week2,261.0 Pinecrest - 141.0 Fox Hunt
Fox Mill Woods,Week5,Fox Mill Woods,Week4,220.5 Fox Mill Woods (FMW1) - 181.5 Fox Mill Woods (FMW2)
Fox Mill Estates,Week2,Hunter Mill,Week3,267.0 Hunter Mill - 135.0 Fox Mill Estates
Fox Mill Estates,Week1,Hunter Mill,Week4,307.0 Hunter Mill - 95.0 Fox Mill Estates
Fox Hunt,Week1,Pinewood Lake,Week4,353.0 Fox Hunt - 47.0 Pinewood Lake
Fox Mill Woods,Week3,Broyhill Crest,Week3,382.0 Fox Mill Woods - 20.0 Broyhill Crest
Fox Mill Woods,Week4,Brookfield ,Week2,273.0 Fox Mill Woods - 129.0 Brookfield
Fox Mill Estates,Week2,Vienna Woods,Week5,344.0 Vienna Woods - 58.0 Fox Mill Estates
Fox Mill Estates,Week5,Hunt Valley,Week4,298.0 Hunt Valley - 104.0 Fox Mill Estates
Fox Mill Woods,Week4,Fox Mill Woods,Week4,201.0 Fox Mill Woods (FMW1) - 201.0 Fox Mill Woods (FMW2)
Fox Mill Estates,Week3,Sideburn Run,Week5,247.0 Sideburn Run - 155.0 Fox Mill Estates
Fox Hunt,Week2,Pinewood Lake,Week2,355.0 Fox Hunt - 41.0 Pinewood Lake
Fox Mill Woods,Week1,Great Falls,Week3,239.0 Fox Mill Woods - 163.0 Great Falls
Fox Mill Woods,Week4,Broyhill Crest,Week3,380.0 Fox Mill Woods - 22.0 Broyhill Crest
Fox Mill Estates,Week1,Vienna Woods,Week2,327.0 Vienna Woods - 75.0 Fox Mill Estates
Fox Mill Woods,Week4,Broyhill Crest,Week4,373.0 Fox Mill Woods - 29.0 Broyhill Crest
Fox Mill Estates,Week2,Vienna Woods,Week2,304.0 Vienna Woods - 98.0 Fox Mill Estates
Fox Hunt,Week2,Pinewood Lake,Week3,361.0 Fox Hunt - 35.0 Pinewood Lake
Fox Mill Estates,Week4,Shouse Village,Week1,201.0 Fox Mill Estates - 201.0 Shouse Village
Fox Mill Woods,Week4,Broyhill Crest,Week5,369.0 Fox Mill Woods - 33.0 Broyhill Crest
Fox Hunt,Week5,Pinecrest,Week5,257.0 Pinecrest - 145.0 Fox Hunt
Fox Mill Woods,Week2,Great Falls,Week2,249.0 Fox Mill Woods - 135.0 Great Falls
Fox Mill Estates,Week3,Vienna Woods,Week4,298.0 Vienna Woods - 104.0 Fox Mill Estates
Fox Mill Woods,Week5,Broyhill Crest,Week1,374.0 Fox Mill Woods - 28.0 Broyhill Crest
Fox Mill Estates,Week4,Sideburn Run,Week1,221.0 Sideburn Run - 181.0 Fox Mill Estates
Fox Mill Woods,Week4,Broyhill Crest,Week1,373.0 Fox Mill Woods - 29.0 Broyhill Crest
Fox Mill Estates,Week1,Hunter Mill,Week2,279.0 Hunter Mill - 123.0 Fox Mill Estates
Fox Mill Woods,Week2,Fox Mill Woods,Week2,201.0 Fox Mill Woods (FMW1) - 201.0 Fox Mill Woods (FMW2)
Fox Mill Estates,Week1,Sleepy Hollow B & R,Week5,279.0 Sleepy Hollow B & R - 123.0 Fox Mill Estates
Fox Hunt,Week5,Pinewood Lake,Week1,371.0 Fox Hunt - 26.0 Pinewood Lake
Fox Mill Estates,Week3,Vienna Woods,Week3,330.0 Vienna Woods - 72.0 Fox Mill Estates
Fox Mill Woods,Week5,Great Falls,Week1,266.5 Fox Mill Woods - 135.5 Great Falls
Fox Hunt,Week4,Pinewood Lake,Week4,360.0 Fox Hunt - 35.0 Pinewood Lake
Fox Mill Estates,Week4,Sideburn Run,Week2,210.0 Sideburn Run - 192.0 Fox Mill Estates
Fox Hunt,Week5,Pinewood Lake,Week5,370.0 Fox Hunt - 28.0 Pinewood Lake
Fox Mill Estates,Week3,Hunter Mill,Week5,288.0 Hunter Mill - 114.0 Fox Mill Estates
Fox Mill Woods,Week2,Fox Mill Woods,Week1,227.0 Fox Mill Woods (FMW2) - 175.0 Fox Mill Woods (FMW1)
Fox Mill Estates,Week2,Hunter Mill,Week4,278.0 Hunter Mill - 124.0 Fox Mill Estates
Fox Mill Estates,Week5,Hunt Valley,Week2,290.0 Hunt Valley - 112.0 Fox Mill Estates
Fox Mill Woods,Week5,Broyhill Crest,Week3,377.0 Fox Mill Woods - 25.0 Broyhill Crest
Fox Mill Estates,Week2,Hunter Mill,Week5,281.0 Hunter Mill - 121.0 Fox Mill Estates
Fox Mill Estates,Week1,Sleepy Hollow B & R,Week1,254.0 Sleepy Hollow B & R - 148.0 Fox Mill Estates
Fox Mill Woods,Week2,Great Falls,Week3,229.0 Fox Mill Woods - 173.0 Great Falls
Fox Mill Woods,Week4,Fox Mill Woods,Week3,214.0 Fox Mill Woods (FMW1) - 188.0 Fox Mill Woods (FMW2)
Fox Mill Estates,Week5,Sideburn Run,Week2,220.0 Sideburn Run - 182.0 Fox Mill Estates
Fox Mill Estates,Week2,Vienna Woods,Week4,292.0 Vienna Woods - 110.0 Fox Mill Estates
Fox Mill Woods,Week3,Broyhill Crest,Week4,367.0 Fox Mill Woods - 35.0 Broyhill Crest
Fox Mill Woods,Week4,Fox Mill Woods,Week2,207.0 Fox Mill Woods (FMW1) - 195.0 Fox Mill Woods (FMW2)
Fox Mill Estates,Week4,Hunter Mill,Week1,247.0 Hunter Mill - 155.0 Fox Mill Estates
Fox Hunt,Week2,Pinewood Lake,Week5,350.0 Fox Hunt - 48.0 Pinewood Lake
Fox Mill Woods,Week5,Broyhill Crest,Week5,362.0 Fox Mill Woods - 40.0 Broyhill Crest
Fox Mill Estates,Week3,Sleepy Hollow B & R,Week3,249.0 Sleepy Hollow B & R - 153.0 Fox Mill Estates
Fox Hunt,Week5,Pinewood Lake,Week2,373.0 Fox Hunt - 25.0 Pinewood Lake
Fox Mill Estates,Week3,Vienna Woods,Week5,338.0 Vienna Woods - 64.0 Fox Mill Estates
Fox Mill Estates,Week1,Vienna Woods,Week3,337.0 Vienna Woods - 65.0 Fox Mill Estates
Fox Mill Estates,Week4,Vienna Woods,Week2,301.0 Vienna Woods - 101.0 Fox Mill Estates
Fox Mill Estates,Week1,Sideburn Run,Week3,254.0 Sideburn Run - 148.0 Fox Mill Estates
Fox Hunt,Week5,Pinewood Lake,Week4,372.0 Fox Hunt - 26.0 Pinewood Lake
Fox Mill Woods,Week1,Burke Station,Week3,319.0 Fox Mill Woods - 78.0 Burke Station
Fox Mill Woods,Week4,Burke Station,Week3,320.0 Fox Mill Woods - 77.0 Burke Station
Fox Mill Woods,Week3,Burke Station,Week5,308.0 Fox Mill Woods - 94.0 Burke Station
Fox Mill Estates,Week4,Sleepy Hollow B & R,Week1,219.0 Sleepy Hollow B & R - 182.0 Fox Mill Estates
Fox Mill Estates,Week3,Vienna Woods,Week2,315.0 Vienna Woods - 86.0 Fox Mill Estates
Fox Mill Estates,Week4,Hunter Mill,Week4,271.5 Hunter Mill - 130.5 Fox Mill Estates
Fox Mill Woods,Week3,Fox Mill Woods,Week3,201.0 Fox Mill Woods (FMW1) - 201.0 Fox Mill Woods (FMW2)
Fox Mill Estates,Week1,Sleepy Hollow Rec,Week1,214.0 Fox Mill Estates - 188.0 Sleepy Hollow Rec
Fox Mill Estates,Week4,Hunter Mill,Week3,256.0 Hunter Mill - 146.0 Fox Mill Estates
Fox Mill Estates,Week1,Ilda Community,Week2,209.0 Fox Mill Estates - 193.0 Ilda Community
Fox Mill Estates,Week4,Vienna Woods,Week4,288.0 Vienna Woods - 114.0 Fox Mill Estates
Fox Hunt,Week1,Pleasant Valley,Week5,273.0 Fox Hunt - 128.0 Pleasant Valley
Fox Mill Estates,Week4,Vienna Woods,Week1,303.0 Vienna Woods - 99.0 Fox Mill Estates
Fox Mill Estates,Week4,Sleepy Hollow B & R,Week5,259.0 Sleepy Hollow B & R - 143.0 Fox Mill Estates
Fox Mill Woods,Week4,Burke Station,Week5,315.0 Fox Mill Woods - 87.0 Burke Station
Fox Hunt,Week4,Pinewood Lake,Week3,367.0 Fox Hunt - 29.0 Pinewood Lake
Fox Mill Woods,Week4,Fox Mill Woods,Week1,215.0 Fox Mill Woods (FMW2) - 187.0 Fox Mill Woods (FMW1)
Fox Mill Woods,Week2,Fox Mill Woods,Week3,209.5 Fox Mill Woods (FMW2) - 192.5 Fox Mill Woods (FMW1)
Fox Mill Estates,Week4,Hunter Mill,Week5,278.0 Hunter Mill - 124.0 Fox Mill Estates
Fox Mill Woods,Week3,Fox Mill Woods,Week4,214.0 Fox Mill Woods (FMW2) - 188.0 Fox Mill Woods (FMW1)
Fox Hunt,Week2,Pleasant Valley,Week3,262.0 Fox Hunt - 139.0 Pleasant Valley
Fox Mill Estates,Week2,Vienna Woods,Week3,320.0 Vienna Woods - 82.0 Fox Mill Estates
Fox Mill Estates,Week5,Sleepy Hollow B & R,Week2,258.0 Sleepy Hollow B & R - 144.0 Fox Mill Estates
Fox Mill Woods,Week3,Burke Station,Week3,313.0 Fox Mill Woods - 84.0 Burke Station
Fox Mill Woods,Week1,Great Falls,Week2,248.0 Fox Mill Woods - 136.0 Great Falls
Fox Mill Woods,Week2,Burke Station,Week3,309.0 Fox Mill Woods - 88.0 Burke Station
Fox Mill Estates,Week5,Vienna Woods,Week1,313.0 Vienna Woods - 89.0 Fox Mill Estates
Fox Hunt,Week1,Pleasant Valley,Week2,272.0 Fox Hunt - 130.0 Pleasant Valley
Fox Hunt,Week3,Pinewood Lake,Week3,364.0 Fox Hunt - 25.0 Pinewood Lake
Fox Mill Estates,Week2,Villa Aquatic,Week1,206.0 Villa Aquatic - 196.0 Fox Mill Estates
Fox Mill Woods,Week5,Burke Station,Week4,323.0 Fox Mill Woods - 79.0 Burke Station
Fox Mill Woods,Week5,Fox Mill Woods,Week1,206.0 Fox Mill Woods (FMW2) - 196.0 Fox Mill Woods (FMW1)
Fox Hunt,Week1,Pleasant Valley,Week1,268.5 Fox Hunt - 133.5 Pleasant Valley
Fox Mill Estates,Week5,Vienna Woods,Week2,303.5 Vienna Woods - 98.5 Fox Mill Estates
Fox Mill Woods,Week3,Fox Mill Woods,Week5,222.0 Fox Mill Woods (FMW2) - 180.0 Fox Mill Woods (FMW1)
Fox Mill Woods,Week1,Camelot,Week1,286.0 Fox Mill Woods - 116.0 Camelot
Fox Mill Estates,Week3,Sleepy Hollow B & R,Week5,267.0 Sleepy Hollow B & R - 135.0 Fox Mill Estates
Fox Mill Estates,Week5,Vienna Woods,Week4,296.0 Vienna Woods - 106.0 Fox Mill Estates
Fox Mill Estates,Week2,Ilda Community,Week4,215.0 Fox Mill Estates - 187.0 Ilda Community
Fox Mill Estates,Week3,Ilda Community,Week2,233.0 Fox Mill Estates - 169.0 Ilda Community
Fox Mill Estates,Week4,Sideburn Run,Week4,215.0 Sideburn Run - 187.0 Fox Mill Estates
Fox Mill Woods,Week1,Great Falls,Week4,252.0 Fox Mill Woods - 150.0 Great Falls
Fox Hunt,Week4,Pinewood Lake,Week2,359.0 Fox Hunt - 37.0 Pinewood Lake
Fox Mill Estates,Week5,Vienna Woods,Week5,328.0 Vienna Woods - 74.0 Fox Mill Estates
Fox Mill Woods,Week2,Great Falls,Week4,251.0 Fox Mill Woods - 151.0 Great Falls
Fox Mill Estates,Week1,Sleepy Hollow B & R,Week2,262.0 Sleepy Hollow B & R - 140.0 Fox Mill Estates
Fox Hunt,Week2,Pleasant Valley,Week2,286.0 Fox Hunt - 115.0 Pleasant Valley
Fox Mill Estates,Week3,Sleepy Hollow B & R,Week2,238.0 Sleepy Hollow B & R - 164.0 Fox Mill Estates
Fox Mill Woods,Week5,Burke Station,Week5,313.0 Fox Mill Woods - 89.0 Burke Station
Fox Mill Estates,Week1,Ilda Community,Week5,205.0 Fox Mill Estates - 197.0 Ilda Community
Fox Mill Estates,Week5,Hunter Mill,Week3,277.0 Hunter Mill - 125.0 Fox Mill Estates
Fox Mill Estates,Week2,Villa Aquatic,Week3,236.0 Villa Aquatic - 166.0 Fox Mill Estates
Fox Mill Woods,Week5,Burke Station,Week3,317.5 Fox Mill Woods - 79.5 Burke Station
Fox Mill Woods,Week4,Burke Station,Week1,292.0 Fox Mill Woods - 87.0 Burke Station
Fox Mill Estates,Week1,Ilda Community,Week4,222.0 Ilda Community - 180.0 Fox Mill Estates
Fox Mill Estates,Week4,Sideburn Run,Week5,230.0 Sideburn Run - 172.0 Fox Mill Estates
Fox Hunt,Week2,Pleasant Valley,Week4,295.0 Fox Hunt - 99.0 Pleasant Valley
Fox Mill Estates,Week1,Kent Gardens,Week5,278.0 Kent Gardens - 124.0 Fox Mill Estates
Fox Mill Estates,Week2,Ilda Community,Week1,232.0 Fox Mill Estates - 170.0 Ilda Community
Fox Mill Woods,Week2,Great Falls,Week1,269.0 Fox Mill Woods - 133.0 Great Falls
Fox Mill Estates,Week3,Sleepy Hollow B & R,Week4,248.0 Sleepy Hollow B & R - 154.0 Fox Mill Estates
Fox Hunt,Week4,Pinewood Lake,Week1,360.5 Fox Hunt - 35.5 Pinewood Lake
Fox Mill Woods,Week1,Burke Station,Week5,317.0 Fox Mill Woods - 85.0 Burke Station
Fox Mill Estates,Week4,Ilda Community,Week3,253.0 Fox Mill Estates - 149.0 Ilda Community
Fox Mill Estates,Week4,Sleepy Hollow B & R,Week3,235.0 Sleepy Hollow B & R - 167.0 Fox Mill Estates
Fox Mill Woods,Week2,Great Falls,Week5,228.0 Fox Mill Woods - 174.0 Great Falls
Fox Mill Woods,Week2,Burke Station,Week5,311.0 Fox Mill Woods - 91.0 Burke Station
Fox Mill Estates,Week3,Ilda Community,Week5,238.0 Fox Mill Estates - 163.0 Ilda Community
Fox Hunt,Week3,Pinewood Lake,Week2,356.0 Fox Hunt - 34.0 Pinewood Lake
Fox Mill Estates,Week2,Villa Aquatic,Week4,226.0 Villa Aquatic - 176.0 Fox Mill Estates
Fox Hunt,Week3,Pinewood Lake,Week4,358.0 Fox Hunt - 32.0 Pinewood Lake
Fox Mill Woods,Week3,Great Falls,Week3,232.0 Fox Mill Woods - 170.0 Great Falls
Fox Mill Estates,Week2,Ilda Community,Week5,231.0 Fox Mill Estates - 171.0 Ilda Community
Fox Mill Woods,Week3,Burke Station,Week4,318.0 Fox Mill Woods - 84.0 Burke Station
Fox Mill Estates,Week5,Sideburn Run,Week5,233.0 Sideburn Run - 169.0 Fox Mill Estates
Fox Hunt,Week2,Pleasant Valley,Week5,273.0 Fox Hunt - 125.0 Pleasant Valley
Fox Mill Woods,Week3,Great Falls,Week2,247.5 Fox Mill Woods - 136.5 Great Falls
Fox Mill Estates,Week2,Sleepy Hollow B & R,Week4,261.0 Sleepy Hollow B & R - 141.0 Fox Mill Estates
Fox Mill Estates,Week3,Village West,Week4,224.0 Fox Mill Estates - 172.0 Village West
Fox Mill Estates,Week5,Ilda Community,Week3,247.0 Fox Mill Estates - 155.0 Ilda Community
Fox Mill Woods,Week1,Burke Station,Week2,345.5 Fox Mill Woods - 55.5 Burke Station
Fox Mill Estates,Week2,Village West,Week4,220.0 Fox Mill Estates - 177.0 Village West
Fox Mill Woods,Week3,Great Falls,Week1,260.0 Fox Mill Woods - 142.0 Great Falls
Fox Mill Woods,Week3,Great Falls,Week4,249.0 Fox Mill Woods - 153.0 Great Falls
Fox Mill Estates,Week5,Sideburn Run,Week3,227.0 Sideburn Run - 175.0 Fox Mill Estates
Fox Mill Estates,Week4,Villa Aquatic,Week4,219.0 Villa Aquatic - 183.0 Fox Mill Estates
Fox Hunt,Week1,Pleasant Valley,Week3,267.0 Fox Hunt - 135.0 Pleasant Valley
Fox Mill Estates,Week3,Village West,Week2,232.0 Fox Mill Estates - 169.0 Village West
Fox Mill Estates,Week5,Sideburn Run,Week4,222.5 Sideburn Run - 179.5 Fox Mill Estates
Fox Mill Woods,Week2,Burke Station,Week1,292.0 Fox Mill Woods - 86.0 Burke Station
Fox Mill Estates,Week2,Sleepy Hollow B & R,Week2,235.0 Sleepy Hollow B & R - 167.0 Fox Mill Estates
Fox Mill Estates,Week3,Ilda Community,Week1,239.0 Fox Mill Estates - 163.0 Ilda Community
Fox Mill Woods,Week4,Great Falls,Week1,275.0 Fox Mill Woods - 127.0 Great Falls
Fox Mill Estates,Week1,Village West,Week2,205.0 Village West - 197.0 Fox Mill Estates
Fox Hunt,Week2,Pleasant Valley,Week1,277.0 Fox Hunt - 124.0 Pleasant Valley
Fox Hunt,Week4,Pinewood Lake,Week5,353.0 Fox Hunt - 43.0 Pinewood Lake
Fox Mill Estates,Week4,Ilda Community,Week4,234.5 Fox Mill Estates - 167.5 Ilda Community
Fox Mill Woods,Week1,Burke Station,Week4,334.0 Fox Mill Woods - 68.0 Burke Station
Fox Mill Estates,Week5,Villa Aquatic,Week5,239.0 Villa Aquatic - 163.0 Fox Mill Estates
Fox Mill Woods,Week2,Burke Station,Week2,330.0 Fox Mill Woods - 71.0 Burke Station
Fox Mill Estates,Week2,Sleepy Hollow B & R,Week3,244.0 Sleepy Hollow B & R - 158.0 Fox Mill Estates
Fox Mill Estates,Week1,Sleepy Hollow B & R,Week4,273.0 Sleepy Hollow B & R - 129.0 Fox Mill Estates
Fox Mill Woods,Week4,Burke Station,Week4,327.0 Fox Mill Woods - 75.0 Burke Station
Fox Mill Estates,Week4,Ilda Community,Week2,245.0 Fox Mill Estates - 157.0 Ilda Community
Fox Mill Woods,Week2,Burke Station,Week4,325.0 Fox Mill Woods - 77.0 Burke Station
Fox Mill Woods,Week3,Great Falls,Week5,224.0 Fox Mill Woods - 178.0 Great Falls
Fox Mill Woods,Week4,Great Falls,Week4,251.0 Fox Mill Woods - 151.0 Great Falls
Fox Mill Woods,Week3,Burke Station,Week1,288.0 Fox Mill Woods - 91.0 Burke Station
Fox Mill Estates,Week4,Sleepy Hollow B & R,Week4,246.0 Sleepy Hollow B & R - 156.0 Fox Mill Estates
Fox Mill Estates,Week4,Ilda Community,Week5,240.0 Fox Mill Estates - 162.0 Ilda Community
Fox Mill Estates,Week2,Village West,Week2,231.0 Fox Mill Estates - 171.0 Village West
Fox Mill Estates,Week5,Villa Aquatic,Week2,209.0 Villa Aquatic - 193.0 Fox Mill Estates
Fox Hunt,Week3,Pinewood Lake,Week5,351.0 Fox Hunt - 39.0 Pinewood Lake
Fox Mill Estates,Week5,Sleepy Hollow B & R,Week1,256.0 Sleepy Hollow B & R - 146.0 Fox Mill Estates
Fox Mill Estates,Week5,Sleepy Hollow B & R,Week3,259.0 Sleepy Hollow B & R - 143.0 Fox Mill Estates
Fox Mill Woods,Week4,Great Falls,Week3,234.0 Fox Mill Woods - 168.0 Great Falls
Fox Mill Estates,Week3,Villa Aquatic,Week4,225.0 Villa Aquatic - 177.0 Fox Mill Estates
Fox Mill Estates,Week2,Ilda Community,Week3,236.0 Fox Mill Estates - 166.0 Ilda Community
Fox Hunt,Week1,Pleasant Valley,Week4,298.0 Fox Hunt - 102.0 Pleasant Valley
Fox Hunt,Week5,Pinewood Lake,Week3,379.0 Fox Hunt - 19.0 Pinewood Lake
Fox Mill Woods,Week4,Great Falls,Week2,243.0 Fox Mill Woods - 141.0 Great Falls
Fox Mill Estates,Week2,Villa Aquatic,Week5,236.0 Villa Aquatic - 166.0 Fox Mill Estates
Fox Mill Estates,Week3,Ilda Community,Week4,220.0 Fox Mill Estates - 182.0 Ilda Community
Fox Mill Estates,Week1,Kent Gardens,Week1,263.0 Kent Gardens - 139.0 Fox Mill Estates
Fox Mill Woods,Week2,Greenbriar,Week3,231.0 Fox Mill Woods - 171.0 Greenbriar
Fox Mill Estates,Week1,Sleepy Hollow B & R,Week3,257.0 Sleepy Hollow B & R - 145.0 Fox Mill Estates
Fox Mill Estates,Week3,Sleepy Hollow B & R,Week1,233.0 Sleepy Hollow B & R - 169.0 Fox Mill Estates
Fox Mill Estates,Week3,Villa Aquatic,Week1,206.0 Villa Aquatic - 196.0 Fox Mill Estates
Fox Mill Woods,Week5,Burke Station,Week1,287.0 Fox Mill Woods - 92.0 Burke Station
Fox Mill Estates,Week5,Villa Aquatic,Week1,204.0 Villa Aquatic - 198.0 Fox Mill Estates
Fox Mill Estates,Week5,Villa Aquatic,Week4,233.0 Villa Aquatic - 169.0 Fox Mill Estates
Fox Mill Estates,Week5,Ilda Community,Week4,222.0 Fox Mill Estates - 180.0 Ilda Community
Fox Mill Estates,Week2,Sleepy Hollow B & R,Week5,254.0 Sleepy Hollow B & R - 148.0 Fox Mill Estates
Fox Mill Estates,Week1,Kent Gardens,Week3,243.0 Kent Gardens - 159.0 Fox Mill Estates
Fox Mill Woods,Week3,Burke Station,Week2,326.0 Fox Mill Woods - 76.0 Burke Station
Fox Mill Estates,Week5,Sideburn Run,Week1,227.0 Sideburn Run - 175.0 Fox Mill Estates
Fox Mill Woods,Week4,Camelot,Week2,268.0 Fox Mill Woods - 134.0 Camelot
Fox Mill Estates,Week5,Villa Aquatic,Week3,247.0 Villa Aquatic - 155.0 Fox Mill Estates
Fox Mill Estates,Week5,Ilda Community,Week1,241.0 Fox Mill Estates - 161.0 Ilda Community
Fox Mill Woods,Week2,Greenbriar,Week2,220.0 Fox Mill Woods - 182.0 Greenbriar
Fox Mill Woods,Week2,Greenbriar,Week5,233.0 Fox Mill Woods - 169.0 Greenbriar
Fox Mill Woods,Week5,Great Falls,Week5,225.0 Fox Mill Woods - 177.0 Great Falls
Fox Mill Estates,Week1,Kings Ridge ,Week4,204.0 Kings Ridge - 198.0 Fox Mill Estates
Fox Mill Estates,Week5,Sleepy Hollow B & R,Week4,265.0 Sleepy Hollow B & R - 137.0 Fox Mill Estates
Fox Mill Estates,Week1,Village West,Week1,211.0 Fox Mill Estates - 191.0 Village West
Fox Mill Estates,Week1,Kent Gardens,Week2,251.0 Kent Gardens - 151.0 Fox Mill Estates
Fox Mill Woods,Week1,Camelot,Week4,273.0 Fox Mill Woods - 129.0 Camelot
Fox Mill Woods,Week3,Greenbriar,Week1,224.0 Fox Mill Woods - 178.0 Greenbriar
Fox Mill Estates,Week4,Villa Aquatic,Week5,226.0 Villa Aquatic - 176.0 Fox Mill Estates
Fox Mill Woods,Week5,Camelot,Week4,278.0 Fox Mill Woods - 124.0 Camelot
Fox Mill Estates,Week1,Kent Gardens,Week4,236.0 Kent Gardens - 166.0 Fox Mill Estates
Fox Mill Estates,Week4,Sleepy Hollow B & R,Week2,232.0 Sleepy Hollow B & R - 169.0 Fox Mill Estates
Fox Mill Estates,Week2,Sleepy Hollow B & R,Week1,228.0 Sleepy Hollow B & R - 174.0 Fox Mill Estates
Fox Mill Estates,Week1,Village West,Week4,206.0 Village West - 191.0 Fox Mill Estates
Fox Mill Woods,Week5,Burke Station,Week2,322.0 Fox Mill Woods - 80.0 Burke Station
Fox Mill Woods,Week4,Great Falls,Week5,224.0 Fox Mill Woods - 177.0 Great Falls
Fox Mill Woods,Week4,Camelot,Week3,288.0 Fox Mill Woods - 114.0 Camelot
Fox Mill Woods,Week2,Greenbriar,Week1,223.0 Fox Mill Woods - 179.0 Greenbriar
Fox Mill Estates,Week5,Ilda Community,Week5,227.0 Fox Mill Estates - 175.0 Ilda Community
Fox Mill Woods,Week3,Greenbriar,Week2,215.0 Fox Mill Woods - 187.0 Greenbriar
Fox Mill Woods,Week4,Burke Station,Week2,326.0 Fox Mill Woods - 76.0 Burke Station
Fox Mill Estates,Week5,Sleepy Hollow B & R,Week5,270.0 Sleepy Hollow B & R - 132.0 Fox Mill Estates
Fox Mill Estates,Week3,Sleepy Hollow Rec,Week1,242.0 Fox Mill Estates - 160.0 Sleepy Hollow Rec
Fox Mill Woods,Week1,Greenbriar,Week1,234.5 Fox Mill Woods - 167.5 Greenbriar
Fox Mill Estates,Week2,Sleepy Hollow Rec,Week2,227.0 Fox Mill Estates - 174.0 Sleepy Hollow Rec
Fox Mill Woods,Week1,Camelot,Week3,284.0 Fox Mill Woods - 118.0 Camelot
Fox Mill Estates,Week3,Ilda Community,Week3,242.0 Fox Mill Estates - 160.0 Ilda Community
Fox Mill Estates,Week5,Sleepy Hollow Rec,Week1,240.0 Fox Mill Estates - 162.0 Sleepy Hollow Rec
Fox Mill Woods,Week5,Camelot,Week1,289.0 Fox Mill Woods - 113.0 Camelot
Fox Mill Estates,Week2,Village West,Week1,243.0 Fox Mill Estates - 159.0 Village West
Fox Mill Woods,Week1,Camelot,Week2,272.0 Fox Mill Woods - 130.0 Camelot
Fox Mill Woods,Week5,Great Falls,Week4,251.0 Fox Mill Woods - 151.0 Great Falls
Fox Mill Woods,Week3,Greenbriar,Week3,227.0 Fox Mill Woods - 175.0 Greenbriar
Fox Mill Woods,Week4,Greenbriar,Week1,247.0 Fox Mill Woods - 155.0 Greenbriar
Fox Mill Woods,Week3,Camelot,Week3,276.0 Fox Mill Woods - 126.0 Camelot
Fox Mill Estates,Week1,Sleepy Hollow Rec,Week3,207.0 Fox Mill Estates - 195.0 Sleepy Hollow Rec
Fox Mill Estates,Week5,Ilda Community,Week2,243.0 Fox Mill Estates - 159.0 Ilda Community
Fox Mill Estates,Week4,Villa Aquatic,Week1,219.0 Fox Mill Estates - 183.0 Villa Aquatic
Fox Mill Estates,Week5,Sleepy Hollow Rec,Week3,229.0 Fox Mill Estates - 173.0 Sleepy Hollow Rec
Fox Mill Estates,Week3,Villa Aquatic,Week5,240.0 Villa Aquatic - 162.0 Fox Mill Estates
Fox Mill Estates,Week3,Villa Aquatic,Week2,211.0 Villa Aquatic - 191.0 Fox Mill Estates
Fox Mill Estates,Week1,Village West,Week5,214.0 Village West - 188.0 Fox Mill Estates
Fox Mill Woods,Week3,Greenbriar,Week5,237.0 Fox Mill Woods - 165.0 Greenbriar
Fox Mill Estates,Week4,Ilda Community,Week1,239.0 Fox Mill Estates - 163.0 Ilda Community
Fox Mill Estates,Week3,Sleepy Hollow Rec,Week5,218.0 Fox Mill Estates - 184.0 Sleepy Hollow Rec
Fox Mill Estates,Week1,Sleepy Hollow Rec,Week4,213.0 Fox Mill Estates - 189.0 Sleepy Hollow Rec
Fox Mill Woods,Week1,Greenbriar,Week3,236.0 Fox Mill Woods - 166.0 Greenbriar
Fox Mill Estates,Week4,Villa Aquatic,Week3,239.0 Villa Aquatic - 163.0 Fox Mill Estates
Fox Mill Estates,Week2,Kent Gardens,Week3,215.0 Kent Gardens - 187.0 Fox Mill Estates
Fox Mill Estates,Week5,Kent Gardens,Week3,221.0 Kent Gardens - 181.0 Fox Mill Estates
Fox Mill Estates,Week3,Kent Gardens,Week5,257.0 Kent Gardens - 145.0 Fox Mill Estates
Fox Mill Estates,Week4,Villa Aquatic,Week2,208.0 Fox Mill Estates - 194.0 Villa Aquatic
Fox Mill Woods,Week2,Canterbury Woods,Week4,265.0 Fox Mill Woods - 137.0 Canterbury Woods
Fox Mill Estates,Week1,Kings Ridge ,Week1,224.0 Fox Mill Estates - 178.0 Kings Ridge
Fox Mill Estates,Week1,Village West,Week3,212.0 Village West - 190.0 Fox Mill Estates
Fox Mill Woods,Week2,Camelot,Week2,263.0 Fox Mill Woods - 139.0 Camelot
Fox Mill Woods,Week1,Greenbriar,Week4,260.0 Fox Mill Woods - 142.0 Greenbriar
Fox Mill Woods,Week1,Camelot,Week5,274.0 Fox Mill Woods - 128.0 Camelot
Fox Mill Woods,Week3,Greenbriar,Week4,252.0 Fox Mill Woods - 150.0 Greenbriar
Fox Mill Woods,Week3,Camelot,Week4,270.0 Fox Mill Woods - 132.0 Camelot
Fox Mill Woods,Week1,Greenbriar,Week5,241.0 Fox Mill Woods - 161.0 Greenbriar
Fox Mill Estates,Week2,Village West,Week5,228.0 Fox Mill Estates - 174.0 Village West
Fox Mill Estates,Week2,Village West,Week3,210.0 Fox Mill Estates - 192.0 Village West
Fox Mill Estates,Week5,Kent Gardens,Week4,218.0 Kent Gardens - 184.0 Fox Mill Estates
Fox Mill Estates,Week2,Somerset-Olde Creek,Week5,265.0 Fox Mill Estates - 133.0 Somerset-Olde Creek
Fox Mill Estates,Week2,Somerset-Olde Creek,Week1,283.0 Fox Mill Estates - 115.0 Somerset-Olde Creek
Fox Mill Woods,Week5,Great Falls,Week2,250.0 Fox Mill Woods - 134.0 Great Falls
Fox Mill Estates,Week3,Village West,Week1,247.0 Fox Mill Estates - 154.0 Village West
Fox Mill Woods,Week5,Great Falls,Week3,240.0 Fox Mill Woods - 162.0 Great Falls
Fox Mill Woods,Week3,Camelot,Week2,260.0 Fox Mill Woods - 142.0 Camelot
Fox Mill Estates,Week5,Kent Gardens,Week5,252.0 Kent Gardens - 150.0 Fox Mill Estates
Fox Mill Woods,Week1,Greenbriar,Week2,239.0 Fox Mill Woods - 163.0 Greenbriar
Fox Hunt,Week1,Lee Graham,Week2,291.0 Lee Graham - 111.0 Fox Hunt
Fox Mill Estates,Week3,Villa Aquatic,Week3,241.0 Villa Aquatic - 161.0 Fox Mill Estates
Fox Mill Estates,Week2,Somerset-Olde Creek,Week3,296.0 Fox Mill Estates - 102.0 Somerset-Olde Creek
Fox Hunt,Week1,Lee Graham,Week5,316.0 Lee Graham - 86.0 Fox Hunt
Fox Mill Woods,Week2,Camelot,Week3,283.0 Fox Mill Woods - 119.0 Camelot
Fox Mill Estates,Week1,Kings Ridge ,Week2,240.0 Fox Mill Estates - 162.0 Kings Ridge
Fox Mill Estates,Week4,Kent Gardens,Week5,246.0 Kent Gardens - 156.0 Fox Mill Estates
Fox Mill Estates,Week3,Somerset-Olde Creek,Week2,297.0 Fox Mill Estates - 104.0 Somerset-Olde Creek
Fox Hunt,Week1,Lee Graham,Week1,278.0 Lee Graham - 124.0 Fox Hunt
Fox Mill Estates,Week3,Kent Gardens,Week1,247.0 Kent Gardens - 155.0 Fox Mill Estates
Fox Mill Woods,Week4,Camelot,Week4,291.0 Fox Mill Woods - 111.0 Camelot
Fox Mill Estates,Week2,Kent Gardens,Week2,225.0 Kent Gardens - 177.0 Fox Mill Estates
Fox Hunt,Week2,Lee Graham,Week4,279.0 Lee Graham - 123.0 Fox Hunt
Fox Mill Woods,Week5,Camelot,Week2,277.0 Fox Mill Woods - 125.0 Camelot
Fox Mill Woods,Week2,Greenbriar,Week4,255.5 Fox Mill Woods - 146.5 Greenbriar
Fox Mill Estates,Week3,Village West,Week3,221.0 Fox Mill Estates - 181.0 Village West
Fox Mill Estates,Week3,Somerset-Olde Creek,Week4,275.0 Fox Mill Estates - 126.0 Somerset-Olde Creek
Fox Mill Woods,Week1,Canterbury Woods,Week1,291.0 Fox Mill Woods - 111.0 Canterbury Woods
Fox Mill Woods,Week5,Camelot,Week3,281.0 Fox Mill Woods - 121.0 Camelot
Fox Mill Woods,Week4,Camelot,Week1,284.0 Fox Mill Woods - 118.0 Camelot
Fox Mill Estates,Week2,Sleepy Hollow Rec,Week1,216.0 Fox Mill Estates - 186.0 Sleepy Hollow Rec
Fox Mill Woods,Week1,Hamlet,Week2,219.0 Hamlet - 183.0 Fox Mill Woods
Fox Mill Estates,Week4,Village West,Week2,249.0 Fox Mill Estates - 153.0 Village West
Fox Mill Estates,Week1,Virginia Hills,Week3,305.0 Fox Mill Estates - 97.0 Virginia Hills
Fox Hunt,Week3,Lee Graham,Week1,271.0 Lee Graham - 126.0 Fox Hunt
Fox Mill Estates,Week4,Kent Gardens,Week1,239.0 Kent Gardens - 163.0 Fox Mill Estates
Fox Mill Estates,Week1,Sleepy Hollow Rec,Week2,220.0 Fox Mill Estates - 182.0 Sleepy Hollow Rec
Fox Mill Estates,Week2,Kent Gardens,Week1,252.0 Kent Gardens - 150.0 Fox Mill Estates
Fox Hunt,Week1,Lee Graham,Week4,292.0 Lee Graham - 110.0 Fox Hunt
Fox Mill Woods,Week5,Greenbriar,Week4,266.0 Fox Mill Woods - 136.0 Greenbriar
Fox Mill Estates,Week5,Kent Gardens,Week1,239.0 Kent Gardens - 163.0 Fox Mill Estates
Fox Mill Estates,Week2,Virginia Hills,Week4,319.0 Fox Mill Estates - 83.0 Virginia Hills
Fox Mill Estates,Week5,Virginia Hills,Week1,317.0 Fox Mill Estates - 85.0 Virginia Hills
Fox Mill Woods,Week1,Hamlet,Week4,212.0 Hamlet - 190.0 Fox Mill Woods
Fox Mill Estates,Week3,Sleepy Hollow Rec,Week2,241.0 Fox Mill Estates - 161.0 Sleepy Hollow Rec
Fox Mill Woods,Week1,Canterbury Woods,Week3,288.0 Fox Mill Woods - 114.0 Canterbury Woods
Fox Mill Woods,Week5,Greenbriar,Week1,256.0 Fox Mill Woods - 146.0 Greenbriar
Fox Mill Estates,Week3,Sleepy Hollow Rec,Week4,244.0 Fox Mill Estates - 158.0 Sleepy Hollow Rec
Fox Mill Estates,Week4,Virginia Hills,Week2,340.0 Fox Mill Estates - 61.0 Virginia Hills
Fox Mill Woods,Week2,Canterbury Woods,Week1,290.0 Fox Mill Woods - 112.0 Canterbury Woods
Fox Mill Estates,Week2,Sleepy Hollow Rec,Week3,217.0 Fox Mill Estates - 185.0 Sleepy Hollow Rec
Fox Mill Estates,Week4,Kent Gardens,Week3,203.0 Kent Gardens - 199.0 Fox Mill Estates
Fox Mill Woods,Week5,Greenbriar,Week3,253.5 Fox Mill Woods - 148.5 Greenbriar
Fox Mill Estates,Week4,Virginia Hills,Week3,341.0 Fox Mill Estates - 61.0 Virginia Hills
Fox Mill Estates,Week2,Sleepy Hollow Rec,Week4,234.0 Fox Mill Estates - 168.0 Sleepy Hollow Rec
Fox Mill Woods,Week5,Greenbriar,Week2,232.0 Fox Mill Woods - 170.0 Greenbriar
Fox Mill Estates,Week4,Kent Gardens,Week4,210.0 Fox Mill Estates - 192.0 Kent Gardens
Fox Mill Estates,Week2,Kent Gardens,Week5,261.0 Kent Gardens - 141.0 Fox Mill Estates
Fox Mill Woods,Week1,Canterbury Woods,Week2,299.0 Fox Mill Woods - 103.0 Canterbury Woods
Fox Mill Woods,Week3,Camelot,Week5,262.0 Fox Mill Woods - 140.0 Camelot
Fox Hunt,Week2,Lee Graham,Week3,295.0 Lee Graham - 107.0 Fox Hunt
Fox Mill Estates,Week4,Sleepy Hollow Rec,Week2,265.0 Fox Mill Estates - 137.0 Sleepy Hollow Rec
Fox Hunt,Week3,Lee Graham,Week3,278.0 Lee Graham - 124.0 Fox Hunt
Fox Hunt,Week3,Lee Graham,Week4,262.0 Lee Graham - 140.0 Fox Hunt
Fox Mill Woods,Week5,Hamlet,Week2,239.0 Hamlet - 163.0 Fox Mill Woods
Fox Mill Woods,Week1,Hayfield Farm,Week1,266.0 Fox Mill Woods - 136.0 Hayfield Farm
Fox Mill Woods,Week2,Camelot,Week5,271.0 Fox Mill Woods - 131.0 Camelot
Fox Hunt,Week2,Lee Graham,Week2,297.0 Lee Graham - 105.0 Fox Hunt
Fox Mill Woods,Week1,Canterbury Woods,Week4,280.0 Fox Mill Woods - 122.0 Canterbury Woods
Fox Mill Estates,Week4,Sleepy Hollow Rec,Week5,251.0 Fox Mill Estates - 151.0 Sleepy Hollow Rec
Fox Mill Woods,Week1,Hayfield Farm,Week4,259.0 Fox Mill Woods - 143.0 Hayfield Farm
Fox Mill Estates,Week3,Kent Gardens,Week4,205.0 Fox Mill Estates - 197.0 Kent Gardens
Fox Mill Estates,Week2,Kent Gardens,Week4,217.0 Kent Gardens - 185.0 Fox Mill Estates
Fox Mill Estates,Week4,Sleepy Hollow Rec,Week4,265.0 Fox Mill Estates - 137.0 Sleepy Hollow Rec
Fox Mill Estates,Week3,Sleepy Hollow Rec,Week3,229.0 Fox Mill Estates - 173.0 Sleepy Hollow Rec
Fox Mill Estates,Week1,Sleepy Hollow Rec,Week5,213.0 Sleepy Hollow Rec - 189.0 Fox Mill Estates
Fox Mill Estates,Week5,Village West,Week1,239.0 Fox Mill Estates - 163.0 Village West
Fox Mill Estates,Week3,Kent Gardens,Week2,230.0 Kent Gardens - 172.0 Fox Mill Estates
Fox Mill Estates,Week3,Village West,Week5,229.0 Fox Mill Estates - 172.0 Village West
Fox Mill Woods,Week2,Camelot,Week1,277.0 Fox Mill Woods - 125.0 Camelot
Fox Mill Woods,Week4,Greenbriar,Week3,246.0 Fox Mill Woods - 156.0 Greenbriar
Fox Mill Estates,Week4,Village West,Week3,225.0 Fox Mill Estates - 177.0 Village West
Fox Mill Woods,Week3,Camelot,Week1,274.0 Fox Mill Woods - 128.0 Camelot
Fox Mill Woods,Week1,Hamlet,Week5,254.0 Hamlet - 148.0 Fox Mill Woods
Fox Hunt,Week3,Lee Graham,Week2,272.5 Lee Graham - 129.5 Fox Hunt
Fox Mill Woods,Week2,Camelot,Week4,283.0 Fox Mill Woods - 119.0 Camelot
Fox Mill Estates,Week1,Virginia Hills,Week2,299.0 Fox Mill Estates - 98.0 Virginia Hills
Fox Mill Estates,Week4,Sleepy Hollow Rec,Week1,251.0 Fox Mill Estates - 151.0 Sleepy Hollow Rec
Fox Mill Woods,Week4,Camelot,Week5,286.0 Fox Mill Woods - 116.0 Camelot
Fox Mill Woods,Week2,Hamlet,Week3,242.0 Hamlet - 160.0 Fox Mill Woods
Fox Mill Estates,Week5,Village West,Week2,232.0 Fox Mill Estates - 170.0 Village West
Fox Mill Estates,Week1,Virginia Hills,Week4,307.0 Fox Mill Estates - 95.0 Virginia Hills
Fox Mill Estates,Week1,Virginia Hills,Week1,284.0 Fox Mill Estates - 118.0 Virginia Hills
Fox Mill Estates,Week4,Kent Gardens,Week2,205.0 Kent Gardens - 197.0 Fox Mill Estates
Fox Mill Estates,Week5,Kent Gardens,Week2,224.0 Kent Gardens - 178.0 Fox Mill Estates
Fox Hunt,Week3,Lee Graham,Week5,290.0 Lee Graham - 112.0 Fox Hunt
Fox Mill Estates,Week1,Kings Ridge ,Week3,215.0 Fox Mill Estates - 187.0 Kings Ridge
Fox Mill Woods,Week4,Greenbriar,Week4,266.0 Fox Mill Woods - 136.0 Greenbriar
Fox Mill Woods,Week1,Canterbury Woods,Week5,282.0 Fox Mill Woods - 119.0 Canterbury Woods
Fox Mill Woods,Week3,Hamlet,Week2,255.0 Hamlet - 147.0 Fox Mill Woods
Fox Hunt,Week4,Lee Graham,Week1,263.0 Lee Graham - 139.0 Fox Hunt
Fox Mill Estates,Week5,Sleepy Hollow Rec,Week2,247.0 Fox Mill Estates - 155.0 Sleepy Hollow Rec
Fox Mill Estates,Week2,Kings Ridge ,Week2,252.0 Fox Mill Estates - 149.0 Kings Ridge
Fox Mill Estates,Week2,Kings Ridge ,Week1,240.0 Fox Mill Estates - 162.0 Kings Ridge
Fox Hunt,Week2,Lee Graham,Week1,273.0 Lee Graham - 129.0 Fox Hunt
Fox Mill Estates,Week2,Sleepy Hollow Rec,Week5,216.0 Fox Mill Estates - 185.0 Sleepy Hollow Rec
Fox Mill Estates,Week5,Sleepy Hollow Rec,Week5,229.0 Fox Mill Estates - 173.0 Sleepy Hollow Rec
Fox Mill Estates,Week3,Kent Gardens,Week3,213.0 Kent Gardens - 189.0 Fox Mill Estates
Fox Mill Woods,Week5,Camelot,Week5,280.0 Fox Mill Woods - 122.0 Camelot
Fox Mill Woods,Week2,Hamlet,Week5,263.0 Hamlet - 139.0 Fox Mill Woods
Fox Mill Estates,Week4,Sleepy Hollow Rec,Week3,252.0 Fox Mill Estates - 150.0 Sleepy Hollow Rec
Fox Mill Woods,Week2,Hamlet,Week2,252.0 Hamlet - 150.0 Fox Mill Woods
Fox Mill Woods,Week2,Canterbury Woods,Week3,286.0 Fox Mill Woods - 116.0 Canterbury Woods
Fox Mill Estates,Week5,Sleepy Hollow Rec,Week4,250.0 Fox Mill Estates - 152.0 Sleepy Hollow Rec
Fox Mill Estates,Week5,Village West,Week3,219.0 Fox Mill Estates - 183.0 Village West
Fox Mill Estates,Week5,Village West,Week5,229.0 Fox Mill Estates - 173.0 Village West
Fox Mill Estates,Week5,Village West,Week4,224.0 Fox Mill Estates - 173.0 Village West
Fox Mill Estates,Week1,Kings Ridge ,Week5,207.0 Kings Ridge - 195.0 Fox Mill Estates
Fox Mill Woods,Week3,Hamlet,Week3,261.0 Hamlet - 141.0 Fox Mill Woods
Fox Mill Woods,Week2,Canterbury Woods,Week2,287.0 Fox Mill Woods - 115.0 Canterbury Woods
Fox Mill Estates,Week2,Virginia Hills,Week1,297.0 Fox Mill Estates - 105.0 Virginia Hills
Fox Mill Estates,Week2,Virginia Hills,Week3,319.0 Fox Mill Estates - 83.0 Virginia Hills
Fox Mill Estates,Week2,Kings Ridge ,Week3,240.0 Fox Mill Estates - 162.0 Kings Ridge
Fox Mill Estates,Week3,Kings Ridge ,Week4,224.0 Fox Mill Estates - 178.0 Kings Ridge
Fox Mill Woods,Week1,Hamlet,Week1,219.0 Hamlet - 183.0 Fox Mill Woods
Fox Mill Estates,Week3,Kings Ridge ,Week3,240.0 Fox Mill Estates - 162.0 Kings Ridge
Fox Mill Woods,Week1,Cardinal Hill,Week3,212.0 Cardinal Hill - 190.0 Fox Mill Woods
Fox Hunt,Week4,Lee Graham,Week3,291.0 Lee Graham - 111.0 Fox Hunt
Fox Mill Woods,Week4,Canterbury Woods,Week5,279.0 Fox Mill Woods - 123.0 Canterbury Woods
Fox Mill Woods,Week4,Hamlet,Week2,234.0 Hamlet - 168.0 Fox Mill Woods
Fox Mill Woods,Week5,Canterbury Woods,Week3,289.0 Fox Mill Woods - 113.0 Canterbury Woods
Fox Mill Woods,Week3,Cardinal Hill,Week5,208.0 Cardinal Hill - 194.0 Fox Mill Woods
Fox Mill Estates,Week2,Somerset-Olde Creek,Week4,276.0 Fox Mill Estates - 125.0 Somerset-Olde Creek
Fox Mill Estates,Week1,Somerset-Olde Creek,Week1,260.5 Fox Mill Estates - 136.5 Somerset-Olde Creek
Fox Mill Estates,Week1,Somerset-Olde Creek,Week3,275.0 Fox Mill Estates - 127.0 Somerset-Olde Creek
Fox Mill Estates,Week3,Kings Ridge ,Week2,251.0 Fox Mill Estates - 151.0 Kings Ridge
Fox Mill Woods,Week3,Cardinal Hill,Week3,233.0 Cardinal Hill - 169.0 Fox Mill Woods
Fox Mill Estates,Week1,Somerset-Olde Creek,Week2,275.0 Fox Mill Estates - 122.0 Somerset-Olde Creek
Fox Mill Woods,Week3,Canterbury Woods,Week4,265.0 Fox Mill Woods - 137.0 Canterbury Woods
Fox Mill Woods,Week4,Hamlet,Week1,221.0 Hamlet - 181.0 Fox Mill Woods
Fox Mill Estates,Week2,Somerset-Olde Creek,Week2,296.0 Fox Mill Estates - 105.0 Somerset-Olde Creek
Fox Mill Estates,Week1,Virginia Hills,Week5,271.0 Fox Mill Estates - 130.0 Virginia Hills
Fox Hunt,Week2,Lee Graham,Week5,304.0 Lee Graham - 98.0 Fox Hunt
Fox Mill Estates,Week4,Village West,Week5,236.0 Fox Mill Estates - 166.0 Village West
Fox Hunt,Week4,Lee Graham,Week2,294.0 Lee Graham - 108.0 Fox Hunt
Fox Mill Estates,Week3,Kings Ridge ,Week5,234.0 Fox Mill Estates - 168.0 Kings Ridge
Fox Mill Estates,Week1,Somerset-Olde Creek,Week4,248.0 Fox Mill Estates - 154.0 Somerset-Olde Creek
Fox Mill Estates,Week2,Virginia Hills,Week2,308.5 Fox Mill Estates - 92.5 Virginia Hills
Fox Mill Woods,Week3,Canterbury Woods,Week1,288.0 Fox Mill Woods - 114.0 Canterbury Woods
Fox Mill Estates,Week3,Virginia Hills,Week1,308.0 Fox Mill Estates - 93.0 Virginia Hills
Fox Mill Woods,Week4,Greenbriar,Week5,248.0 Fox Mill Woods - 154.0 Greenbriar
Fox Mill Woods,Week1,Hamlet,Week3,228.0 Hamlet - 174.0 Fox Mill Woods
Fox Mill Estates,Week1,Somerset-Olde Creek,Week5,251.0 Fox Mill Estates - 151.0 Somerset-Olde Creek
Fox Hunt,Week1,Lee Graham,Week3,302.0 Lee Graham - 100.0 Fox Hunt
Fox Mill Estates,Week2,Kings Ridge ,Week4,225.0 Fox Mill Estates - 177.0 Kings Ridge
Fox Mill Woods,Week4,Greenbriar,Week2,232.0 Fox Mill Woods - 170.0 Greenbriar
Fox Mill Estates,Week2,Kings Ridge ,Week5,214.0 Fox Mill Estates - 188.0 Kings Ridge
Fox Mill Estates,Week4,Village West,Week1,261.0 Fox Mill Estates - 141.0 Village West
Fox Mill Estates,Week3,Virginia Hills,Week2,314.0 Fox Mill Estates - 87.0 Virginia Hills
Fox Mill Estates,Week3,Kings Ridge ,Week1,244.0 Fox Mill Estates - 158.0 Kings Ridge
Fox Mill Estates,Week4,Virginia Hills,Week4,341.0 Fox Mill Estates - 60.0 Virginia Hills
Fox Mill Estates,Week3,Virginia Hills,Week4,326.0 Fox Mill Estates - 75.0 Virginia Hills
Fox Mill Estates,Week4,Kings Ridge ,Week2,274.0 Fox Mill Estates - 128.0 Kings Ridge
Fox Mill Estates,Week4,Village West,Week4,241.0 Fox Mill Estates - 156.0 Village West
Fox Mill Woods,Week1,Cardinal Hill,Week1,206.0 Fox Mill Woods - 196.0 Cardinal Hill
Fox Mill Woods,Week3,Cardinal Hill,Week1,214.5 Cardinal Hill - 187.5 Fox Mill Woods
Fox Mill Woods,Week3,Hamlet,Week1,229.0 Hamlet - 173.0 Fox Mill Woods
Fox Mill Estates,Week3,South Run,Week3,205.0 South Run - 196.0 Fox Mill Estates
Fox Mill Estates,Week3,Somerset-Olde Creek,Week5,283.0 Fox Mill Estates - 117.0 Somerset-Olde Creek
Fox Mill Woods,Week4,Hamlet,Week3,242.0 Hamlet - 160.0 Fox Mill Woods
Fox Mill Estates,Week4,Kings Ridge ,Week3,260.0 Fox Mill Estates - 141.0 Kings Ridge
Fox Mill Estates,Week4,Somerset-Olde Creek,Week2,315.0 Fox Mill Estates - 87.0 Somerset-Olde Creek
Fox Mill Estates,Week2,Virginia Hills,Week5,282.5 Fox Mill Estates - 118.5 Virginia Hills
Fox Mill Woods,Week4,Canterbury Woods,Week4,274.0 Fox Mill Woods - 128.0 Canterbury Woods
Fox Mill Estates,Week3,Somerset-Olde Creek,Week3,292.0 Fox Mill Estates - 108.0 Somerset-Olde Creek
Fox Mill Woods,Week4,Canterbury Woods,Week1,301.0 Fox Mill Woods - 101.0 Canterbury Woods
Fox Mill Estates,Week5,Somerset-Olde Creek,Week3,296.0 Fox Mill Estates - 106.0 Somerset-Olde Creek
Fox Mill Woods,Week4,Hamlet,Week5,268.0 Hamlet - 134.0 Fox Mill Woods
Fox Mill Estates,Week5,Kings Ridge ,Week1,247.0 Fox Mill Estates - 155.0 Kings Ridge
Fox Mill Woods,Week5,Greenbriar,Week5,252.0 Fox Mill Woods - 150.0 Greenbriar
Fox Mill Woods,Week5,Canterbury Woods,Week4,273.0 Fox Mill Woods - 129.0 Canterbury Woods
Fox Mill Estates,Week4,Kings Ridge ,Week1,258.0 Fox Mill Estates - 144.0 Kings Ridge
Fox Mill Woods,Week4,Canterbury Woods,Week2,304.0 Fox Mill Woods - 98.0 Canterbury Woods
Fox Mill Estates,Week4,Kings Ridge ,Week5,249.0 Fox Mill Estates - 153.0 Kings Ridge
Fox Mill Woods,Week5,Canterbury Woods,Week2,301.0 Fox Mill Woods - 101.0 Canterbury Woods
Fox Mill Woods,Week4,Canterbury Woods,Week3,293.0 Fox Mill Woods - 109.0 Canterbury Woods
Fox Mill Woods,Week4,Hamlet,Week4,215.5 Hamlet - 186.5 Fox Mill Woods
Fox Mill Estates,Week4,Virginia Hills,Week1,328.0 Fox Mill Estates - 73.0 Virginia Hills
Fox Mill Estates,Week4,Kings Ridge ,Week4,255.0 Fox Mill Estates - 147.0 Kings Ridge
Fox Mill Estates,Week3,Virginia Hills,Week5,297.0 Fox Mill Estates - 104.0 Virginia Hills
Fox Mill Woods,Week2,Hamlet,Week1,232.0 Hamlet - 170.0 Fox Mill Woods
Fox Mill Woods,Week5,Hamlet,Week1,212.0 Hamlet - 190.0 Fox Mill Woods
Fox Mill Estates,Week3,Somerset-Olde Creek,Week1,276.0 Fox Mill Estates - 124.0 Somerset-Olde Creek
Fox Mill Woods,Week3,Hamlet,Week5,265.0 Hamlet - 137.0 Fox Mill Woods
Fox Mill Estates,Week3,Virginia Hills,Week3,323.0 Fox Mill Estates - 79.0 Virginia Hills
Fox Mill Estates,Week3,Lake Braddock,Week1,287.0 Fox Mill Estates - 115.0 Lake Braddock
Fox Mill Estates,Week5,Somerset-Olde Creek,Week5,278.0 Fox Mill Estates - 124.0 Somerset-Olde Creek
Fox Mill Estates,Week5,Virginia Hills,Week3,334.0 Fox Mill Estates - 68.0 Virginia Hills
Fox Mill Estates,Week5,Kings Ridge ,Week2,254.0 Fox Mill Estates - 148.0 Kings Ridge
Fox Mill Estates,Week4,Somerset-Olde Creek,Week4,293.0 Fox Mill Estates - 109.0 Somerset-Olde Creek
Fox Mill Estates,Week3,South Run,Week2,210.0 Fox Mill Estates - 191.0 South Run
Fox Mill Woods,Week5,Hamlet,Week5,243.0 Hamlet - 159.0 Fox Mill Woods
Fox Mill Estates,Week3,South Run,Week5,225.0 South Run - 177.0 Fox Mill Estates
Fox Mill Estates,Week5,Virginia Hills,Week2,329.0 Fox Mill Estates - 73.0 Virginia Hills
Fox Mill Woods,Week2,Canterbury Woods,Week5,268.0 Fox Mill Woods - 133.0 Canterbury Woods
Fox Mill Woods,Week5,Hamlet,Week3,240.0 Hamlet - 162.0 Fox Mill Woods
Fox Mill Woods,Week5,Hamlet,Week4,201.0 Fox Mill Woods - 200.0 Hamlet
Fox Mill Estates,Week5,Kings Ridge ,Week4,241.0 Fox Mill Estates - 161.0 Kings Ridge
Fox Mill Woods,Week1,Cardinal Hill,Week2,232.0 Fox Mill Woods - 170.0 Cardinal Hill
Fox Mill Estates,Week4,Somerset-Olde Creek,Week5,293.0 Fox Mill Estates - 109.0 Somerset-Olde Creek
Fox Mill Woods,Week3,Hamlet,Week4,231.0 Hamlet - 171.0 Fox Mill Woods
Fox Mill Estates,Week3,Lake Braddock,Week4,281.0 Fox Mill Estates - 121.0 Lake Braddock
Fox Mill Woods,Week3,Canterbury Woods,Week2,290.0 Fox Mill Woods - 112.0 Canterbury Woods
Fox Mill Woods,Week5,Canterbury Woods,Week5,281.0 Fox Mill Woods - 121.0 Canterbury Woods
Fox Mill Estates,Week4,Virginia Run,Week4,239.0 Virginia Run - 163.0 Fox Mill Estates
Fox Mill Estates,Week5,Virginia Run,Week2,251.0 Virginia Run - 151.0 Fox Mill Estates
Fox Mill Estates,Week1,Lakevale Estates,Week2,313.0 Lakevale Estates - 89.0 Fox Mill Estates
Fox Mill Estates,Week3,South Run,Week4,209.5 Fox Mill Estates - 191.5 South Run
Fox Mill Estates,Week4,Virginia Hills,Week5,314.0 Fox Mill Estates - 84.0 Virginia Hills
Fox Mill Estates,Week5,Lake Braddock,Week2,276.0 Fox Mill Estates - 126.0 Lake Braddock
Fox Mill Woods,Week2,Hamlet,Week4,215.0 Hamlet - 187.0 Fox Mill Woods
Fox Mill Woods,Week2,Cardinal Hill,Week3,222.0 Cardinal Hill - 180.0 Fox Mill Woods
Fox Mill Estates,Week2,Lake Braddock,Week4,265.0 Fox Mill Estates - 136.0 Lake Braddock
Fox Mill Woods,Week5,Canterbury Woods,Week1,307.0 Fox Mill Woods - 95.0 Canterbury Woods
Fox Mill Estates,Week3,Lake Braddock,Week2,268.0 Fox Mill Estates - 134.0 Lake Braddock
Fox Mill Woods,Week1,Hayfield Farm,Week5,272.0 Fox Mill Woods - 130.0 Hayfield Farm
Fox Mill Woods,Week2,Hayfield Farm,Week2,253.0 Fox Mill Woods - 149.0 Hayfield Farm
Fox Mill Estates,Week1,Wakefield Chapel,Week4,314.0 Wakefield Chapel - 88.0 Fox Mill Estates
Fox Mill Woods,Week2,Cardinal Hill,Week2,210.0 Fox Mill Woods - 192.0 Cardinal Hill
Fox Mill Woods,Week3,Canterbury Woods,Week3,273.0 Fox Mill Woods - 129.0 Canterbury Woods
Fox Mill Estates,Week5,Somerset-Olde Creek,Week4,283.0 Fox Mill Estates - 119.0 Somerset-Olde Creek
Fox Mill Estates,Week2,Virginia Run,Week2,246.0 Virginia Run - 156.0 Fox Mill Estates
Fox Mill Estates,Week1,Wakefield Chapel,Week2,330.0 Wakefield Chapel - 72.0 Fox Mill Estates
Fox Mill Woods,Week1,Hayfield Farm,Week3,242.0 Fox Mill Woods - 160.0 Hayfield Farm
Fox Mill Estates,Week2,Lake Braddock,Week5,242.0 Fox Mill Estates - 159.0 Lake Braddock
Fox Mill Woods,Week2,Hayfield Farm,Week1,254.0 Fox Mill Woods - 148.0 Hayfield Farm
Fox Mill Estates,Week4,Virginia Run,Week1,254.0 Virginia Run - 148.0 Fox Mill Estates
Fox Mill Estates,Week3,Virginia Run,Week3,256.0 Virginia Run - 146.0 Fox Mill Estates
Fox Mill Estates,Week2,South Run,Week5,231.0 South Run - 171.0 Fox Mill Estates
Fox Mill Estates,Week1,Virginia Run,Week1,298.0 Virginia Run - 104.0 Fox Mill Estates
Fox Mill Woods,Week2,Cardinal Hill,Week4,212.0 Fox Mill Woods - 190.0 Cardinal Hill
Fox Mill Estates,Week1,Lake Braddock,Week4,247.5 Fox Mill Estates - 154.5 Lake Braddock
Fox Mill Woods,Week1,Cardinal Hill,Week5,213.0 Fox Mill Woods - 189.0 Cardinal Hill
Fox Mill Estates,Week5,Lake Braddock,Week5,260.0 Fox Mill Estates - 142.0 Lake Braddock
Fox Mill Estates,Week2,South Run,Week2,203.0 Fox Mill Estates - 198.0 South Run
Fox Mill Woods,Week3,Hayfield Farm,Week1,254.0 Fox Mill Woods - 148.0 Hayfield Farm
Fox Mill Estates,Week2,South Run,Week4,219.0 Fox Mill Estates - 181.0 South Run
Fox Mill Estates,Week4,Somerset-Olde Creek,Week3,304.0 Fox Mill Estates - 97.0 Somerset-Olde Creek
Fox Mill Woods,Week2,Hayfield Farm,Week4,243.0 Fox Mill Woods - 159.0 Hayfield Farm
Fox Mill Estates,Week2,South Run,Week3,209.0 South Run - 193.0 Fox Mill Estates
Fox Mill Estates,Week1,Virginia Run,Week5,297.5 Virginia Run - 104.5 Fox Mill Estates
Fox Mill Estates,Week1,South Run,Week4,203.0 Fox Mill Estates - 199.0 South Run
Fox Mill Woods,Week3,Canterbury Woods,Week5,284.0 Fox Mill Woods - 118.0 Canterbury Woods
Fox Mill Estates,Week2,Lake Braddock,Week1,282.0 Fox Mill Estates - 120.0 Lake Braddock
Fox Mill Estates,Week2,Virginia Run,Week5,284.0 Virginia Run - 118.0 Fox Mill Estates
Fox Mill Estates,Week5,Somerset-Olde Creek,Week1,282.0 Fox Mill Estates - 120.0 Somerset-Olde Creek
Fox Mill Woods,Week1,Hayfield Farm,Week2,269.0 Fox Mill Woods - 133.0 Hayfield Farm
Fox Mill Estates,Week1,Lakevale Estates,Week4,329.0 Lakevale Estates - 73.0 Fox Mill Estates
Fox Mill Woods,Week2,Cardinal Hill,Week1,208.0 Cardinal Hill - 194.0 Fox Mill Woods
Fox Mill Woods,Week2,Hayfield Farm,Week3,244.0 Fox Mill Woods - 158.0 Hayfield Farm
Fox Mill Estates,Week1,South Run,Week1,226.0 South Run - 167.0 Fox Mill Estates
Fox Mill Estates,Week2,Lake Braddock,Week2,268.0 Fox Mill Estates - 133.0 Lake Braddock
Fox Mill Estates,Week1,South Run,Week5,232.0 South Run - 170.0 Fox Mill Estates
Fox Mill Estates,Week3,Lake Braddock,Week5,255.0 Fox Mill Estates - 147.0 Lake Braddock
Fox Mill Estates,Week1,Lake Braddock,Week5,235.0 Fox Mill Estates - 167.0 Lake Braddock
Fox Mill Woods,Week4,Chesterbrook,Week5,308.0 Chesterbrook - 94.0 Fox Mill Woods
Fox Mill Woods,Week2,Chesterbrook,Week2,316.0 Chesterbrook - 86.0 Fox Mill Woods
Fox Mill Estates,Week1,Lake Braddock,Week2,247.0 Fox Mill Estates - 155.0 Lake Braddock
Fox Mill Woods,Week5,Cardinal Hill,Week5,201.0 Cardinal Hill - 201.0 Fox Mill Woods
Fox Mill Woods,Week1,Chesterbrook,Week3,318.0 Chesterbrook - 84.0 Fox Mill Woods
Fox Mill Woods,Week4,Hayfield Farm,Week1,263.0 Fox Mill Woods - 139.0 Hayfield Farm
Fox Mill Estates,Week4,Somerset-Olde Creek,Week1,290.0 Fox Mill Estates - 112.0 Somerset-Olde Creek
Fox Mill Estates,Week5,Virginia Hills,Week5,301.0 Fox Mill Estates - 101.0 Virginia Hills
Fox Mill Estates,Week4,Virginia Run,Week3,242.0 Virginia Run - 160.0 Fox Mill Estates
Fox Mill Estates,Week1,Lake Braddock,Week3,236.0 Fox Mill Estates - 166.0 Lake Braddock
Fox Mill Estates,Week4,Virginia Run,Week2,225.0 Virginia Run - 177.0 Fox Mill Estates
Fox Mill Estates,Week5,Virginia Run,Week1,276.0 Virginia Run - 126.0 Fox Mill Estates
Fox Mill Woods,Week3,Hayfield Farm,Week3,239.0 Fox Mill Woods - 163.0 Hayfield Farm
Fox Mill Woods,Week3,Hayfield Farm,Week5,251.0 Fox Mill Woods - 151.0 Hayfield Farm
Fox Mill Woods,Week3,Hayfield Farm,Week2,253.0 Fox Mill Woods - 149.0 Hayfield Farm
Fox Mill Estates,Week5,Kings Ridge ,Week5,227.0 Fox Mill Estates - 175.0 Kings Ridge
Fox Mill Estates,Week3,Virginia Run,Week5,280.0 Virginia Run - 122.0 Fox Mill Estates
Fox Mill Woods,Week3,Cardinal Hill,Week2,214.0 Fox Mill Woods - 188.0 Cardinal Hill
Fox Mill Estates,Week2,South Run,Week1,220.0 South Run - 173.0 Fox Mill Estates
Fox Mill Woods,Week1,Cardinal Hill,Week4,217.0 Fox Mill Woods - 185.0 Cardinal Hill
Fox Mill Woods,Week3,Hayfield Farm,Week4,245.0 Fox Mill Woods - 157.0 Hayfield Farm
Fox Mill Woods,Week2,Cardinal Hill,Week5,202.0 Fox Mill Woods - 200.0 Cardinal Hill
Fox Mill Estates,Week5,Kings Ridge ,Week3,251.0 Fox Mill Estates - 151.0 Kings Ridge
Fox Mill Estates,Week3,South Run,Week1,208.0 South Run - 184.0 Fox Mill Estates
Fox Mill Estates,Week5,Somerset-Olde Creek,Week2,294.0 Fox Mill Estates - 108.0 Somerset-Olde Creek
Fox Mill Estates,Week1,South Run,Week3,216.0 South Run - 186.0 Fox Mill Estates
Fox Mill Estates,Week1,Lake Braddock,Week1,255.0 Fox Mill Estates - 147.0 Lake Braddock
Fox Mill Estates,Week1,Virginia Run,Week2,270.0 Virginia Run - 127.0 Fox Mill Estates
Fox Mill Woods,Week4,Hayfield Farm,Week2,257.0 Fox Mill Woods - 145.0 Hayfield Farm
Fox Mill Estates,Week2,Virginia Run,Week3,267.0 Virginia Run - 135.0 Fox Mill Estates
Fox Mill Woods,Week3,Cardinal Hill,Week4,205.0 Cardinal Hill - 197.0 Fox Mill Woods
Fox Mill Woods,Week2,Hayfield Farm,Week5,247.0 Fox Mill Woods - 155.0 Hayfield Farm
Fox Mill Estates,Week4,Lake Braddock,Week2,283.0 Fox Mill Estates - 119.0 Lake Braddock
Fox Mill Estates,Week2,Lake Braddock,Week3,268.0 Fox Mill Estates - 133.0 Lake Braddock
Fox Mill Estates,Week1,Virginia Run,Week3,280.0 Virginia Run - 122.0 Fox Mill Estates
Fox Mill Estates,Week2,Virginia Run,Week4,259.0 Virginia Run - 143.0 Fox Mill Estates
Fox Mill Estates,Week4,Lake Braddock,Week4,289.0 Fox Mill Estates - 113.0 Lake Braddock
Fox Mill Estates,Week3,Lake Braddock,Week3,277.0 Fox Mill Estates - 125.0 Lake Braddock
Fox Mill Estates,Week3,Springboard,Week3,241.0 Fox Mill Estates - 157.0 Springboard
Fox Mill Woods,Week5,Cardinal Hill,Week4,217.0 Fox Mill Woods - 185.0 Cardinal Hill
Fox Mill Woods,Week4,Hayfield Farm,Week3,232.0 Fox Mill Woods - 170.0 Hayfield Farm
Fox Mill Estates,Week4,Greenbriar,Week1,252.5 Greenbriar - 149.5 Fox Mill Estates
Fox Mill Estates,Week1,Springboard,Week2,225.0 Fox Mill Estates - 176.0 Springboard
Fox Mill Woods,Week1,Chesterbrook,Week5,289.0 Chesterbrook - 113.0 Fox Mill Woods
Fox Mill Estates,Week3,Virginia Run,Week1,276.0 Virginia Run - 126.0 Fox Mill Estates
Fox Mill Estates,Week2,Virginia Run,Week1,277.0 Virginia Run - 125.0 Fox Mill Estates
Fox Mill Woods,Week1,Chesterbrook,Week1,274.0 Chesterbrook - 128.0 Fox Mill Woods
Fox Mill Woods,Week4,Cardinal Hill,Week1,211.0 Fox Mill Woods - 191.0 Cardinal Hill
Fox Mill Estates,Week3,Hamlet,Week4,287.0 Hamlet - 115.0 Fox Mill Estates
Fox Mill Woods,Week1,Chesterbrook,Week2,291.0 Chesterbrook - 111.0 Fox Mill Woods
Fox Mill Woods,Week4,Hayfield Farm,Week4,258.0 Fox Mill Woods - 144.0 Hayfield Farm
Fox Mill Estates,Week5,South Run,Week4,217.0 Fox Mill Estates - 185.0 South Run
Fox Mill Estates,Week1,South Run,Week2,212.0 South Run - 190.0 Fox Mill Estates
Fox Mill Estates,Week3,Springboard,Week5,236.0 Fox Mill Estates - 162.0 Springboard
Fox Mill Estates,Week1,Virginia Run,Week4,283.0 Virginia Run - 119.0 Fox Mill Estates
Fox Mill Estates,Week4,Lake Braddock,Week3,278.0 Fox Mill Estates - 124.0 Lake Braddock
Fox Mill Woods,Week2,Chesterbrook,Week4,323.0 Chesterbrook - 79.0 Fox Mill Woods
Fox Mill Estates,Week4,Lake Braddock,Week5,273.0 Fox Mill Estates - 129.0 Lake Braddock
Fox Mill Estates,Week4,Lake Braddock,Week1,303.0 Fox Mill Estates - 99.0 Lake Braddock
Fox Mill Estates,Week5,Virginia Run,Week5,279.0 Virginia Run - 123.0 Fox Mill Estates
Fox Mill Woods,Week2,Chesterbrook,Week5,315.0 Chesterbrook - 87.0 Fox Mill Woods
Fox Mill Estates,Week4,Springboard,Week4,264.0 Fox Mill Estates - 138.0 Springboard
Fox Mill Estates,Week5,Virginia Hills,Week4,332.0 Fox Mill Estates - 70.0 Virginia Hills
Fox Mill Estates,Week3,Virginia Run,Week4,250.0 Virginia Run - 152.0 Fox Mill Estates
Fox Mill Estates,Week3,Greenbriar,Week3,244.0 Greenbriar - 158.0 Fox Mill Estates
Fox Mill Woods,Week2,Chesterbrook,Week3,332.0 Chesterbrook - 70.0 Fox Mill Woods
Fox Mill Estates,Week5,South Run,Week2,205.0 Fox Mill Estates - 197.0 South Run
Fox Mill Estates,Week4,Greenbriar,Week3,235.0 Greenbriar - 167.0 Fox Mill Estates
Fox Mill Estates,Week5,Springboard,Week1,252.0 Fox Mill Estates - 150.0 Springboard
Fox Mill Estates,Week3,Virginia Run,Week2,252.0 Virginia Run - 150.0 Fox Mill Estates
Fox Mill Estates,Week5,Lake Braddock,Week3,269.0 Fox Mill Estates - 133.0 Lake Braddock
Fox Mill Estates,Week4,Virginia Run,Week5,255.0 Virginia Run - 147.0 Fox Mill Estates
Fox Mill Estates,Week5,Virginia Run,Week3,249.0 Virginia Run - 153.0 Fox Mill Estates
Fox Mill Estates,Week5,Lake Braddock,Week1,288.0 Fox Mill Estates - 114.0 Lake Braddock
Fox Mill Estates,Week2,Hamlet,Week1,292.0 Hamlet - 110.0 Fox Mill Estates
Fox Mill Estates,Week1,Hamlet,Week2,313.0 Hamlet - 89.0 Fox Mill Estates
Fox Mill Estates,Week2,Mansion House,Week1,252.0 Mansion House - 150.0 Fox Mill Estates
Fox Mill Estates,Week4,Greenbriar,Week5,236.0 Greenbriar - 165.0 Fox Mill Estates
Fox Mill Estates,Week5,South Run,Week5,224.0 South Run - 178.0 Fox Mill Estates
Fox Mill Estates,Week5,Greenbriar,Week2,267.0 Greenbriar - 135.0 Fox Mill Estates
Fox Mill Estates,Week1,Hamlet,Week3,320.0 Hamlet - 82.0 Fox Mill Estates
Fox Mill Estates,Week1,Lakevale Estates,Week3,316.0 Lakevale Estates - 86.0 Fox Mill Estates
Fox Mill Woods,Week3,Chesterbrook,Week1,297.0 Chesterbrook - 105.0 Fox Mill Woods
Fox Mill Estates,Week5,Virginia Run,Week4,263.0 Virginia Run - 139.0 Fox Mill Estates
Fox Mill Woods,Week4,Cardinal Hill,Week2,233.0 Fox Mill Woods - 169.0 Cardinal Hill
Fox Mill Estates,Week1,Wakefield Chapel,Week1,309.0 Wakefield Chapel - 93.0 Fox Mill Estates
Fox Mill Estates,Week1,Lakevale Estates,Week1,312.0 Lakevale Estates - 90.0 Fox Mill Estates
Fox Mill Estates,Week5,Lake Braddock,Week4,276.0 Fox Mill Estates - 126.0 Lake Braddock
Fox Mill Estates,Week2,Hamlet,Week3,305.0 Hamlet - 97.0 Fox Mill Estates
Fox Mill Estates,Week4,South Run,Week2,221.0 Fox Mill Estates - 181.0 South Run
Fox Mill Woods,Week5,Cardinal Hill,Week1,209.0 Fox Mill Woods - 193.0 Cardinal Hill
Fox Mill Woods,Week3,Chesterbrook,Week3,327.0 Chesterbrook - 75.0 Fox Mill Woods
Fox Mill Estates,Week3,Springboard,Week4,232.0 Fox Mill Estates - 169.0 Springboard
Fox Mill Estates,Week5,Springboard,Week3,251.0 Fox Mill Estates - 151.0 Springboard
Fox Mill Estates,Week5,Long Branch,Week2,230.0 Fox Mill Estates - 172.0 Long Branch
Fox Mill Estates,Week4,Lakevale Estates,Week2,275.0 Lakevale Estates - 127.0 Fox Mill Estates
Fox Mill Woods,Week4,Cardinal Hill,Week5,205.0 Fox Mill Woods - 197.0 Cardinal Hill
Fox Mill Estates,Week2,Walden Glen,Week1,241.0 Fox Mill Estates - 161.0 Walden Glen
Fox Mill Estates,Week1,Hamlet,Week1,307.0 Hamlet - 90.0 Fox Mill Estates
Fox Mill Estates,Week4,South Run,Week1,206.0 Fox Mill Estates - 187.0 South Run
Fox Mill Woods,Week3,Chesterbrook,Week4,314.0 Chesterbrook - 88.0 Fox Mill Woods
Fox Mill Estates,Week2,Wakefield Chapel,Week5,308.0 Wakefield Chapel - 94.0 Fox Mill Estates
Fox Mill Estates,Week2,Hamlet,Week5,304.0 Hamlet - 98.0 Fox Mill Estates
Fox Mill Estates,Week2,Lakeview,Week1,287.0 Fox Mill Estates - 115.0 Lakeview
Fox Mill Estates,Week1,Springboard,Week3,220.0 Fox Mill Estates - 181.0 Springboard
Fox Hunt,Week3,Little Rocky Run,Week5,283.0 Little Rocky Run - 119.0 Fox Hunt
Fox Mill Estates,Week2,Lakevale Estates,Week4,310.0 Lakevale Estates - 92.0 Fox Mill Estates
Fox Mill Estates,Week1,Wakefield Chapel,Week3,325.0 Wakefield Chapel - 77.0 Fox Mill Estates
Fox Mill Estates,Week5,South Run,Week3,202.0 South Run - 200.0 Fox Mill Estates
Fox Mill Woods,Week3,Chesterbrook,Week2,305.0 Chesterbrook - 97.0 Fox Mill Woods
Fox Mill Estates,Week4,Greenbriar,Week2,235.0 Greenbriar - 167.0 Fox Mill Estates
Fox Mill Estates,Week1,Walden Glen,Week4,235.0 Walden Glen - 167.0 Fox Mill Estates
Fox Mill Estates,Week1,Mansion House,Week3,280.0 Mansion House - 122.0 Fox Mill Estates
Fox Mill Estates,Week3,Hamlet,Week1,299.0 Hamlet - 102.0 Fox Mill Estates
Fox Mill Estates,Week2,Springboard,Week2,256.0 Fox Mill Estates - 145.0 Springboard
Fox Mill Estates,Week4,Lakevale Estates,Week5,299.0 Lakevale Estates - 103.0 Fox Mill Estates
Fox Mill Woods,Week2,Chesterbrook,Week1,291.0 Chesterbrook - 111.0 Fox Mill Woods
Fox Mill Estates,Week2,Walden Glen,Week4,201.0 Fox Mill Estates - 201.0 Walden Glen
Fox Mill Estates,Week3,Long Branch,Week4,207.0 Long Branch - 195.0 Fox Mill Estates
Fox Mill Woods,Week3,Chesterbrook,Week5,311.0 Chesterbrook - 91.0 Fox Mill Woods
Fox Mill Estates,Week3,Lakevale Estates,Week4,308.0 Lakevale Estates - 94.0 Fox Mill Estates
Fox Mill Estates,Week4,South Run,Week4,239.0 Fox Mill Estates - 163.0 South Run
Fox Hunt,Week3,Little Rocky Run,Week2,240.0 Little Rocky Run - 162.0 Fox Hunt
Fox Mill Estates,Week2,Lakeview,Week4,255.0 Fox Mill Estates - 147.0 Lakeview
Fox Mill Estates,Week3,Mansion House,Week3,255.0 Mansion House - 147.0 Fox Mill Estates
Fox Mill Estates,Week5,Greenbriar,Week5,257.0 Greenbriar - 145.0 Fox Mill Estates
Fox Mill Estates,Week3,Greenbriar,Week4,218.5 Greenbriar - 183.5 Fox Mill Estates
Fox Mill Estates,Week3,Wakefield Chapel,Week1,301.0 Wakefield Chapel - 101.0 Fox Mill Estates
Fox Mill Woods,Week4,Cardinal Hill,Week4,210.0 Fox Mill Woods - 192.0 Cardinal Hill
Fox Mill Estates,Week4,Long Branch,Week3,246.0 Fox Mill Estates - 156.0 Long Branch
Fox Mill Estates,Week3,Long Branch,Week1,218.0 Fox Mill Estates - 183.0 Long Branch
Fox Mill Estates,Week2,Springboard,Week1,232.0 Fox Mill Estates - 168.0 Springboard
Fox Mill Estates,Week1,Lakeview,Week4,237.0 Fox Mill Estates - 165.0 Lakeview
Fox Hunt,Week2,Little Rocky Run,Week4,274.0 Little Rocky Run - 128.0 Fox Hunt
Fox Mill Estates,Week4,Wakefield Chapel,Week4,287.0 Wakefield Chapel - 115.0 Fox Mill Estates
Fox Mill Estates,Week2,Springboard,Week4,229.0 Fox Mill Estates - 172.0 Springboard
Fox Mill Woods,Week4,Cardinal Hill,Week3,228.5 Cardinal Hill - 173.5 Fox Mill Woods
Fox Hunt,Week2,Little Rocky Run,Week2,262.5 Little Rocky Run - 139.5 Fox Hunt
Fox Mill Estates,Week3,Hamlet,Week3,299.5 Hamlet - 102.5 Fox Mill Estates
Fox Mill Woods,Week5,Cardinal Hill,Week2,228.0 Fox Mill Woods - 174.0 Cardinal Hill
Fox Mill Woods,Week4,Chesterbrook,Week1,296.0 Chesterbrook - 106.0 Fox Mill Woods
Fox Mill Estates,Week3,Greenbriar,Week5,230.0 Greenbriar - 172.0 Fox Mill Estates
Fox Hunt,Week2,Little Rocky Run,Week1,273.0 Little Rocky Run - 129.0 Fox Hunt
Fox Mill Estates,Week3,Lakevale Estates,Week5,311.0 Lakevale Estates - 91.0 Fox Mill Estates
Fox Mill Estates,Week4,South Run,Week3,217.0 Fox Mill Estates - 185.0 South Run
Fox Mill Estates,Week3,Wakefield Chapel,Week5,325.0 Wakefield Chapel - 77.0 Fox Mill Estates
Fox Mill Estates,Week3,Hamlet,Week2,302.0 Hamlet - 100.0 Fox Mill Estates
Fox Mill Estates,Week4,Lakevale Estates,Week4,306.0 Lakevale Estates - 96.0 Fox Mill Estates
Fox Mill Estates,Week4,Mansion House,Week2,221.0 Mansion House - 181.0 Fox Mill Estates
Fox Mill Estates,Week3,Wakefield Chapel,Week3,320.0 Wakefield Chapel - 82.0 Fox Mill Estates
Fox Mill Estates,Week5,Lakevale Estates,Week3,294.0 Lakevale Estates - 108.0 Fox Mill Estates
Fox Hunt,Week1,Little Rocky Run,Week1,273.0 Little Rocky Run - 129.0 Fox Hunt
Fox Mill Estates,Week4,South Run,Week5,204.0 South Run - 198.0 Fox Mill Estates
Fox Mill Estates,Week4,Mansion House,Week4,212.0 Mansion House - 190.0 Fox Mill Estates
Fox Mill Estates,Week2,Springboard,Week3,244.0 Fox Mill Estates - 157.0 Springboard
Fox Mill Estates,Week3,Mansion House,Week5,265.0 Mansion House - 137.0 Fox Mill Estates
Fox Mill Estates,Week4,Long Branch,Week1,247.0 Fox Mill Estates - 155.0 Long Branch
Fox Mill Woods,Week1,Chesterbrook,Week4,292.0 Chesterbrook - 110.0 Fox Mill Woods
Fox Mill Estates,Week2,Hamlet,Week2,306.0 Hamlet - 96.0 Fox Mill Estates
Fox Hunt,Week5,Little Rocky Run,Week2,239.0 Little Rocky Run - 163.0 Fox Hunt
Fox Hunt,Week1,Long Branch,Week1,230.0 Fox Hunt - 172.0 Long Branch
Fox Mill Estates,Week2,Lakevale Estates,Week3,305.0 Lakevale Estates - 97.0 Fox Mill Estates
Fox Mill Estates,Week2,Wakefield Chapel,Week2,302.0 Wakefield Chapel - 100.0 Fox Mill Estates
Fox Mill Estates,Week3,Long Branch,Week3,234.0 Fox Mill Estates - 168.0 Long Branch
Fox Mill Estates,Week2,Springboard,Week5,225.0 Fox Mill Estates - 176.0 Springboard
Fox Mill Estates,Week4,Wakefield Chapel,Week5,305.0 Wakefield Chapel - 97.0 Fox Mill Estates
Fox Mill Woods,Week4,Chesterbrook,Week4,305.0 Chesterbrook - 97.0 Fox Mill Woods
Fox Mill Estates,Week5,Mansion House,Week1,241.0 Mansion House - 161.0 Fox Mill Estates
Fox Mill Woods,Week5,Cardinal Hill,Week3,225.0 Cardinal Hill - 177.0 Fox Mill Woods
Fox Mill Estates,Week5,Greenbriar,Week3,259.0 Greenbriar - 143.0 Fox Mill Estates
Fox Mill Estates,Week1,Hamlet,Week4,301.0 Hamlet - 101.0 Fox Mill Estates
Fox Mill Estates,Week5,Mansion House,Week2,241.0 Mansion House - 161.0 Fox Mill Estates
Fox Mill Estates,Week5,Greenbriar,Week1,256.0 Greenbriar - 146.0 Fox Mill Estates
Fox Mill Estates,Week1,Springboard,Week5,204.0 Fox Mill Estates - 197.0 Springboard
Fox Mill Estates,Week2,Wakefield Chapel,Week4,289.0 Wakefield Chapel - 113.0 Fox Mill Estates
Fox Hunt,Week4,Little Rocky Run,Week4,269.0 Little Rocky Run - 133.0 Fox Hunt
Fox Mill Estates,Week1,Springboard,Week1,203.0 Fox Mill Estates - 198.0 Springboard
Fox Mill Estates,Week3,Wakefield Chapel,Week4,300.0 Wakefield Chapel - 102.0 Fox Mill Estates
Fox Hunt,Week5,Little Hunting Park,Week4,272.0 Fox Hunt - 130.0 Little Hunting Park
Fox Mill Estates,Week5,South Run,Week1,201.0 South Run - 192.0 Fox Mill Estates
Fox Mill Estates,Week3,Springboard,Week1,234.0 Fox Mill Estates - 164.0 Springboard
Fox Mill Woods,Week4,Chesterbrook,Week3,324.5 Chesterbrook - 77.5 Fox Mill Woods
Fox Hunt,Week5,Little Rocky Run,Week5,271.5 Little Rocky Run - 130.5 Fox Hunt
Fox Mill Estates,Week3,Long Branch,Week5,202.0 Long Branch - 199.0 Fox Mill Estates
Fox Mill Estates,Week4,Lakevale Estates,Week3,291.0 Lakevale Estates - 111.0 Fox Mill Estates
Fox Mill Estates,Week1,Lakeview,Week2,250.5 Fox Mill Estates - 151.5 Lakeview
Fox Hunt,Week3,Long Branch,Week2,250.0 Fox Hunt - 152.0 Long Branch
Fox Hunt,Week1,Little Rocky Run,Week5,300.0 Little Rocky Run - 102.0 Fox Hunt
Fox Mill Estates,Week2,Lakeview,Week2,277.0 Fox Mill Estates - 125.0 Lakeview
Fox Hunt,Week1,Little Rocky Run,Week4,281.0 Little Rocky Run - 121.0 Fox Hunt
Fox Mill Estates,Week2,Wakefield Chapel,Week3,317.0 Wakefield Chapel - 85.0 Fox Mill Estates
Fox Mill Estates,Week4,Greenbriar,Week4,201.0 Fox Mill Estates - 201.0 Greenbriar
Fox Mill Estates,Week2,Lakevale Estates,Week5,302.0 Lakevale Estates - 100.0 Fox Mill Estates
Fox Mill Woods,Week4,Chesterbrook,Week2,307.0 Chesterbrook - 95.0 Fox Mill Woods
Fox Mill Estates,Week5,Wakefield Chapel,Week2,299.5 Wakefield Chapel - 102.5 Fox Mill Estates
Fox Hunt,Week3,Sleepy Hollow B & R,Week5,247.5 Sleepy Hollow B & R - 154.5 Fox Hunt
Fox Mill Estates,Week5,Lakevale Estates,Week4,318.0 Lakevale Estates - 84.0 Fox Mill Estates
Fox Mill Estates,Week5,Long Branch,Week4,204.0 Fox Mill Estates - 198.0 Long Branch
Fox Mill Estates,Week3,Lakevale Estates,Week2,299.0 Lakevale Estates - 103.0 Fox Mill Estates
Fox Mill Woods,Week5,Commonwealth,Week5,287.0 Fox Mill Woods - 115.0 Commonwealth
Fox Mill Estates,Week4,Wakefield Chapel,Week3,301.0 Wakefield Chapel - 101.0 Fox Mill Estates
Fox Mill Estates,Week1,Wakefield Chapel,Week5,334.0 Wakefield Chapel - 68.0 Fox Mill Estates
Fox Mill Estates,Week2,Hamlet,Week4,286.0 Hamlet - 116.0 Fox Mill Estates
Fox Hunt,Week1,Long Branch,Week3,241.0 Fox Hunt - 161.0 Long Branch
Fox Mill Estates,Week5,Wakefield Chapel,Week5,316.0 Wakefield Chapel - 86.0 Fox Mill Estates
Fox Mill Woods,Week2,Commonwealth,Week3,285.0 Fox Mill Woods - 117.0 Commonwealth
Fox Mill Woods,Week2,Commonwealth,Week5,285.0 Fox Mill Woods - 117.0 Commonwealth
Fox Hunt,Week3,Little Rocky Run,Week1,231.0 Little Rocky Run - 166.0 Fox Hunt
Fox Mill Estates,Week5,Greenbriar,Week4,234.0 Greenbriar - 168.0 Fox Mill Estates
Fox Mill Estates,Week5,Lakevale Estates,Week2,292.0 Lakevale Estates - 110.0 Fox Mill Estates
Fox Mill Estates,Week5,Long Branch,Week1,228.0 Fox Mill Estates - 174.0 Long Branch
Fox Mill Estates,Week4,Long Branch,Week4,226.0 Fox Mill Estates - 176.0 Long Branch
Fox Hunt,Week2,Little Rocky Run,Week5,291.5 Little Rocky Run - 110.5 Fox Hunt
Fox Mill Estates,Week4,Wakefield Chapel,Week1,292.0 Wakefield Chapel - 110.0 Fox Mill Estates
Fox Mill Estates,Week3,Springboard,Week2,263.0 Fox Mill Estates - 135.0 Springboard
Fox Mill Woods,Week5,Chesterbrook,Week3,311.0 Chesterbrook - 91.0 Fox Mill Woods
Fox Mill Estates,Week1,Springboard,Week4,204.5 Springboard - 197.5 Fox Mill Estates
Fox Mill Estates,Week3,Hayfield Farm,Week2,236.0 Hayfield Farm - 166.0 Fox Mill Estates
Fox Mill Estates,Week4,Springboard,Week1,254.0 Fox Mill Estates - 148.0 Springboard
Fox Hunt,Week3,Little Rocky Run,Week4,253.0 Little Rocky Run - 149.0 Fox Hunt
Fox Mill Estates,Week4,Springboard,Week2,281.0 Fox Mill Estates - 121.0 Springboard
Fox Mill Estates,Week2,Lakeview,Week5,263.0 Fox Mill Estates - 130.0 Lakeview
Fox Mill Estates,Week2,Hayfield Farm,Week3,243.0 Hayfield Farm - 158.0 Fox Mill Estates
Fox Hunt,Week2,Long Branch,Week1,231.0 Fox Hunt - 171.0 Long Branch
Fox Hunt,Week2,Long Branch,Week4,231.0 Fox Hunt - 171.0 Long Branch
Fox Mill Estates,Week5,Long Branch,Week3,235.0 Fox Mill Estates - 167.0 Long Branch
Fox Hunt,Week1,Long Branch,Week4,227.0 Fox Hunt - 175.0 Long Branch
Fox Mill Woods,Week1,Commonwealth,Week2,283.0 Fox Mill Woods - 119.0 Commonwealth
Fox Mill Estates,Week4,Long Branch,Week5,225.0 Fox Mill Estates - 177.0 Long Branch
Fox Hunt,Week1,Long Branch,Week5,220.5 Fox Hunt - 181.5 Long Branch
Fox Mill Estates,Week1,Hamlet,Week5,323.0 Hamlet - 79.0 Fox Mill Estates
Fox Hunt,Week2,Little Rocky Run,Week3,289.0 Little Rocky Run - 113.0 Fox Hunt
Fox Hunt,Week5,Little Hunting Park,Week5,246.0 Fox Hunt - 156.0 Little Hunting Park
Fox Mill Estates,Week4,Hamlet,Week1,286.0 Hamlet - 116.0 Fox Mill Estates
Fox Mill Estates,Week1,Mansion House,Week1,263.0 Mansion House - 139.0 Fox Mill Estates
Fox Mill Estates,Week1,Lakeview,Week5,240.0 Fox Mill Estates - 153.0 Lakeview
Fox Mill Estates,Week5,Springboard,Week2,265.0 Fox Mill Estates - 137.0 Springboard
Fox Hunt,Week4,Sideburn Run,Week5,208.0 Sideburn Run - 194.0 Fox Hunt
Fox Mill Estates,Week4,Springboard,Week5,247.0 Fox Mill Estates - 155.0 Springboard
Fox Mill Estates,Week4,Springboard,Week3,260.0 Fox Mill Estates - 142.0 Springboard
Fox Hunt,Week2,Long Branch,Week3,241.0 Fox Hunt - 160.0 Long Branch
Fox Mill Estates,Week4,Hamlet,Week5,301.0 Hamlet - 101.0 Fox Mill Estates
Fox Mill Estates,Week3,Wakefield Chapel,Week2,304.0 Wakefield Chapel - 98.0 Fox Mill Estates
Fox Mill Estates,Week5,Hamlet,Week5,308.0 Hamlet - 94.0 Fox Mill Estates
Fox Hunt,Week1,Little Rocky Run,Week2,275.5 Little Rocky Run - 126.5 Fox Hunt
Fox Mill Woods,Week1,Cottontail,Week2,287.0 Fox Mill Woods - 115.0 Cottontail
Fox Hunt,Week2,Sleepy Hollow B & R,Week3,259.0 Sleepy Hollow B & R - 143.0 Fox Hunt
Fox Mill Woods,Week2,Commonwealth,Week4,298.0 Fox Mill Woods - 104.0 Commonwealth
Fox Hunt,Week1,Little Rocky Run,Week3,287.0 Little Rocky Run - 115.0 Fox Hunt
Fox Mill Estates,Week1,Mansion House,Week2,266.0 Mansion House - 136.0 Fox Mill Estates
Fox Mill Estates,Week4,Lakevale Estates,Week1,290.0 Lakevale Estates - 112.0 Fox Mill Estates
Fox Mill Woods,Week5,Commonwealth,Week3,302.0 Fox Mill Woods - 99.0 Commonwealth
Fox Mill Estates,Week1,Walden Glen,Week1,219.5 Fox Mill Estates - 181.5 Walden Glen
Fox Hunt,Week1,Long Branch,Week2,225.0 Fox Hunt - 177.0 Long Branch
Fox Mill Estates,Week5,Lakevale Estates,Week5,300.0 Lakevale Estates - 102.0 Fox Mill Estates
Fox Hunt,Week5,Sideburn Run,Week2,212.0 Fox Hunt - 190.0 Sideburn Run
Fox Mill Estates,Week1,Walden Glen,Week2,209.0 Walden Glen - 193.0 Fox Mill Estates
Fox Mill Estates,Week1,Mansion House,Week4,243.0 Mansion House - 154.0 Fox Mill Estates
Fox Mill Estates,Week2,Hayfield Farm,Week1,226.0 Hayfield Farm - 176.0 Fox Mill Estates
Fox Mill Woods,Week3,Commonwealth,Week5,274.0 Fox Mill Woods - 128.0 Commonwealth
Fox Mill Estates,Week5,Wakefield Chapel,Week1,301.0 Wakefield Chapel - 101.0 Fox Mill Estates
Fox Mill Estates,Week5,Springfield,Week2,345.0 Fox Mill Estates - 54.0 Springfield
Fox Mill Estates,Week4,Long Branch,Week2,237.0 Fox Mill Estates - 165.0 Long Branch
Fox Mill Woods,Week5,Commonwealth,Week4,302.0 Fox Mill Woods - 100.0 Commonwealth
Fox Mill Estates,Week1,Walden Glen,Week3,212.0 Walden Glen - 190.0 Fox Mill Estates
Fox Mill Estates,Week2,Lakevale Estates,Week2,292.0 Lakevale Estates - 110.0 Fox Mill Estates
Fox Hunt,Week1,Sleepy Hollow B & R,Week1,247.0 Sleepy Hollow B & R - 155.0 Fox Hunt
Fox Hunt,Week5,Sideburn Run,Week4,219.0 Fox Hunt - 183.0 Sideburn Run
Fox Hunt,Week4,Little Rocky Run,Week2,265.0 Little Rocky Run - 137.0 Fox Hunt
Fox Mill Estates,Week1,Springfield,Week5,349.0 Fox Mill Estates - 45.0 Springfield
Fox Mill Estates,Week3,Lakevale Estates,Week3,300.0 Lakevale Estates - 102.0 Fox Mill Estates
Fox Mill Estates,Week4,Hamlet,Week3,298.0 Hamlet - 104.0 Fox Mill Estates
Fox Mill Estates,Week4,Springfield,Week2,351.0 Fox Mill Estates - 45.0 Springfield
Fox Mill Estates,Week3,Long Branch,Week2,214.0 Fox Mill Estates - 187.0 Long Branch
Fox Hunt,Week3,Sleepy Hollow B & R,Week4,230.0 Sleepy Hollow B & R - 172.0 Fox Hunt
Fox Mill Estates,Week1,Lakevale Estates,Week5,315.0 Lakevale Estates - 87.0 Fox Mill Estates
Fox Hunt,Week2,Long Branch,Week5,219.0 Fox Hunt - 183.0 Long Branch
Fox Mill Woods,Week1,Commonwealth,Week5,296.0 Fox Mill Woods - 106.0 Commonwealth
Fox Mill Estates,Week1,Mansion House,Week5,286.0 Mansion House - 116.0 Fox Mill Estates
Fox Hunt,Week4,Little Rocky Run,Week1,251.5 Little Rocky Run - 150.5 Fox Hunt
Fox Mill Estates,Week1,Springfield,Week2,334.0 Fox Mill Estates - 59.0 Springfield
Fox Hunt,Week3,Long Branch,Week1,245.0 Fox Hunt - 152.0 Long Branch
Fox Mill Estates,Week5,Long Branch,Week5,208.0 Fox Mill Estates - 194.0 Long Branch
Fox Mill Estates,Week3,Lakevale Estates,Week1,285.0 Lakevale Estates - 117.0 Fox Mill Estates
Fox Hunt,Week5,Sleepy Hollow B & R,Week2,211.0 Sleepy Hollow B & R - 191.0 Fox Hunt
Fox Hunt,Week3,Little Rocky Run,Week3,264.0 Little Rocky Run - 138.0 Fox Hunt
Fox Hunt,Week4,Little Rocky Run,Week3,273.0 Little Rocky Run - 129.0 Fox Hunt
Fox Hunt,Week2,Long Branch,Week2,222.0 Fox Hunt - 180.0 Long Branch
Fox Mill Woods,Week4,Commonwealth,Week5,295.0 Fox Mill Woods - 107.0 Commonwealth
Fox Mill Estates,Week1,Hayfield Farm,Week1,242.0 Hayfield Farm - 160.0 Fox Mill Estates
Fox Mill Estates,Week4,Hayfield Farm,Week5,207.0 Hayfield Farm - 195.0 Fox Mill Estates
Fox Mill Estates,Week2,Wakefield Chapel,Week1,299.0 Wakefield Chapel - 103.0 Fox Mill Estates
Fox Hunt,Week5,Sleepy Hollow B & R,Week5,247.0 Sleepy Hollow B & R - 155.0 Fox Hunt
Fox Mill Estates,Week5,Wakefield Chapel,Week3,306.0 Wakefield Chapel - 96.0 Fox Mill Estates
Fox Mill Estates,Week5,Hayfield Farm,Week5,226.0 Hayfield Farm - 176.0 Fox Mill Estates
Fox Mill Estates,Week2,Springfield,Week2,339.0 Fox Mill Estates - 59.0 Springfield
Fox Mill Estates,Week4,Wakefield Chapel,Week2,299.0 Wakefield Chapel - 103.0 Fox Mill Estates
Fox Hunt,Week2,Sleepy Hollow B & R,Week2,246.0 Sleepy Hollow B & R - 156.0 Fox Hunt
Fox Hunt,Week5,Little Rocky Run,Week1,237.0 Little Rocky Run - 165.0 Fox Hunt
Fox Hunt,Week5,Little Rocky Run,Week4,249.0 Little Rocky Run - 153.0 Fox Hunt
Fox Mill Estates,Week1,Springfield,Week3,339.0 Fox Mill Estates - 53.0 Springfield
Fox Hunt,Week1,Sleepy Hollow Rec,Week4,276.0 Fox Hunt - 126.0 Sleepy Hollow Rec
Fox Mill Estates,Week5,Wakefield Chapel,Week4,289.0 Wakefield Chapel - 113.0 Fox Mill Estates
Fox Mill Estates,Week1,Stratford,Week4,219.0 Stratford - 183.0 Fox Mill Estates
Fox Hunt,Week1,Sleepy Hollow Rec,Week2,267.0 Fox Hunt - 135.0 Sleepy Hollow Rec
Fox Mill Estates,Week5,Lakevale Estates,Week1,291.0 Lakevale Estates - 111.0 Fox Mill Estates
Fox Mill Estates,Week2,Lakevale Estates,Week1,284.0 Lakevale Estates - 118.0 Fox Mill Estates
Fox Mill Estates,Week1,Walden Glen,Week5,246.0 Walden Glen - 156.0 Fox Mill Estates
Fox Mill Estates,Week2,Mansion House,Week5,253.0 Mansion House - 149.0 Fox Mill Estates
Fox Mill Estates,Week2,Hayfield Farm,Week4,234.0 Hayfield Farm - 168.0 Fox Mill Estates
Fox Mill Woods,Week5,Chesterbrook,Week4,302.0 Chesterbrook - 100.0 Fox Mill Woods
Fox Mill Estates,Week3,Mansion House,Week2,236.0 Mansion House - 165.0 Fox Mill Estates
Fox Hunt,Week4,Sideburn Run,Week3,211.0 Sideburn Run - 191.0 Fox Hunt
Fox Mill Woods,Week1,Commonwealth,Week1,317.0 Fox Mill Woods - 85.0 Commonwealth
Fox Hunt,Week5,Little Rocky Run,Week3,261.0 Little Rocky Run - 141.0 Fox Hunt
Fox Mill Estates,Week2,Walden Glen,Week2,203.0 Walden Glen - 199.0 Fox Mill Estates
Fox Mill Estates,Week2,Hayfield Farm,Week2,244.0 Hayfield Farm - 158.0 Fox Mill Estates
Fox Mill Estates,Week2,Mansion House,Week4,225.0 Mansion House - 176.0 Fox Mill Estates
Fox Mill Estates,Week3,Springfield,Week5,357.0 Fox Mill Estates - 42.0 Springfield
Fox Mill Estates,Week3,Mansion House,Week1,240.0 Mansion House - 162.0 Fox Mill Estates
Fox Mill Estates,Week1,Hayfield Farm,Week2,256.0 Hayfield Farm - 146.0 Fox Mill Estates
Fox Mill Estates,Week2,Lakeview,Week3,269.0 Fox Mill Estates - 133.0 Lakeview
Fox Mill Woods,Week1,Commonwealth,Week4,305.0 Fox Mill Woods - 97.0 Commonwealth
Fox Hunt,Week4,Little Rocky Run,Week5,282.0 Little Rocky Run - 120.0 Fox Hunt
Fox Mill Estates,Week2,Walden Glen,Week3,212.0 Fox Mill Estates - 189.0 Walden Glen
Fox Mill Estates,Week1,Lakeview,Week3,255.0 Fox Mill Estates - 147.0 Lakeview
Fox Mill Estates,Week1,Lakeview,Week1,275.0 Fox Mill Estates - 127.0 Lakeview
Fox Mill Estates,Week5,Hayfield Farm,Week3,238.0 Hayfield Farm - 164.0 Fox Mill Estates
Fox Mill Woods,Week1,Commonwealth,Week3,311.0 Fox Mill Woods - 91.0 Commonwealth
Fox Mill Estates,Week3,Springfield,Week1,353.0 Fox Mill Estates - 46.0 Springfield
Fox Mill Estates,Week2,Mansion House,Week2,244.0 Mansion House - 158.0 Fox Mill Estates
Fox Mill Woods,Week5,Chesterbrook,Week1,290.0 Chesterbrook - 112.0 Fox Mill Woods
Fox Hunt,Week2,Sleepy Hollow B & R,Week4,249.0 Sleepy Hollow B & R - 153.0 Fox Hunt
Fox Mill Estates,Week4,Springfield,Week5,366.0 Fox Mill Estates - 31.0 Springfield
Fox Mill Woods,Week5,Chesterbrook,Week5,304.0 Chesterbrook - 98.0 Fox Mill Woods
Fox Mill Estates,Week3,Walden Glen,Week1,242.0 Fox Mill Estates - 160.0 Walden Glen
Fox Hunt,Week1,Sleepy Hollow B & R,Week4,265.0 Sleepy Hollow B & R - 137.0 Fox Hunt
Fox Mill Estates,Week3,Langley,Week5,273.0 Langley - 129.0 Fox Mill Estates
Fox Mill Estates,Week4,Lakeview,Week4,252.0 Fox Mill Estates - 150.0 Lakeview
Fox Mill Estates,Week5,Springfield,Week3,353.0 Fox Mill Estates - 47.0 Springfield
Fox Mill Woods,Week2,Commonwealth,Week1,306.5 Fox Mill Woods - 95.5 Commonwealth
Fox Mill Estates,Week2,Walden Glen,Week5,223.0 Walden Glen - 179.0 Fox Mill Estates
Fox Hunt,Week4,Sideburn Run,Week4,202.0 Sideburn Run - 200.0 Fox Hunt
Fox Mill Estates,Week4,Lakeview,Week1,300.0 Fox Mill Estates - 102.0 Lakeview
Fox Mill Estates,Week3,Mansion House,Week4,224.0 Mansion House - 178.0 Fox Mill Estates
Fox Mill Estates,Week2,Springfield,Week5,355.0 Fox Mill Estates - 43.0 Springfield
Fox Mill Estates,Week2,Mansion House,Week3,262.0 Mansion House - 140.0 Fox Mill Estates
Fox Mill Estates,Week1,Stratford,Week1,220.0 Fox Mill Estates - 182.0 Stratford
Fox Mill Estates,Week3,Langley,Week3,289.0 Langley - 113.0 Fox Mill Estates
Fox Mill Estates,Week3,Hamlet,Week5,301.0 Hamlet - 101.0 Fox Mill Estates
Fox Mill Estates,Week3,Walden Glen,Week2,217.0 Fox Mill Estates - 185.0 Walden Glen
Fox Mill Estates,Week4,Mansion House,Week1,229.0 Mansion House - 173.0 Fox Mill Estates
Fox Hunt,Week5,Sideburn Run,Week1,204.0 Sideburn Run - 198.0 Fox Hunt
Fox Mill Estates,Week5,Hamlet,Week3,307.5 Hamlet - 94.5 Fox Mill Estates
Fox Mill Estates,Week4,Hayfield Farm,Week4,214.0 Hayfield Farm - 188.0 Fox Mill Estates
Fox Mill Woods,Week2,Commonwealth,Week2,280.0 Fox Mill Woods - 122.0 Commonwealth
Fox Mill Estates,Week1,Hayfield Farm,Week3,267.0 Hayfield Farm - 135.0 Fox Mill Estates
Fox Mill Estates,Week5,Springboard,Week5,238.0 Fox Mill Estates - 164.0 Springboard
Fox Mill Woods,Week4,Commonwealth,Week1,309.0 Fox Mill Woods - 93.0 Commonwealth
Fox Mill Woods,Week3,Commonwealth,Week2,273.0 Fox Mill Woods - 129.0 Commonwealth
Fox Mill Estates,Week4,Walden Glen,Week1,247.0 Fox Mill Estates - 154.0 Walden Glen
Fox Mill Woods,Week5,Chesterbrook,Week2,299.0 Chesterbrook - 103.0 Fox Mill Woods
Fox Mill Estates,Week5,Lakeview,Week3,264.0 Fox Mill Estates - 138.0 Lakeview
Fox Mill Estates,Week4,Hamlet,Week4,274.0 Hamlet - 128.0 Fox Mill Estates
Fox Mill Estates,Week3,Springfield,Week3,345.0 Fox Mill Estates - 51.0 Springfield
Fox Mill Estates,Week4,Walden Glen,Week2,232.0 Fox Mill Estates - 170.0 Walden Glen
Fox Mill Estates,Week5,Hamlet,Week1,300.0 Hamlet - 102.0 Fox Mill Estates
Fox Mill Estates,Week2,Langley,Week2,273.0 Langley - 129.0 Fox Mill Estates
Fox Mill Estates,Week2,Langley,Week3,284.0 Langley - 118.0 Fox Mill Estates
Fox Mill Estates,Week1,Mantua,Week5,305.5 Mantua - 96.5 Fox Mill Estates
Fox Hunt,Week1,Sleepy Hollow B & R,Week5,288.0 Sleepy Hollow B & R - 114.0 Fox Hunt
Fox Mill Estates,Week5,Hayfield Farm,Week1,216.0 Hayfield Farm - 186.0 Fox Mill Estates
Fox Mill Woods,Week4,Commonwealth,Week3,310.0 Fox Mill Woods - 92.0 Commonwealth
Fox Hunt,Week2,Sleepy Hollow B & R,Week5,277.0 Sleepy Hollow B & R - 125.0 Fox Hunt
Fox Hunt,Week1,Sleepy Hollow B & R,Week2,256.0 Sleepy Hollow B & R - 146.0 Fox Hunt
Fox Mill Estates,Week2,Mantua,Week4,264.0 Mantua - 138.0 Fox Mill Estates
Fox Mill Estates,Week3,Lakeview,Week3,288.0 Fox Mill Estates - 114.0 Lakeview
Fox Hunt,Week5,Sideburn Run,Week5,204.0 Sideburn Run - 198.0 Fox Hunt
Fox Mill Estates,Week2,Waynewood,Week4,269.0 Waynewood - 133.0 Fox Mill Estates
Fox Mill Estates,Week3,Walden Glen,Week3,225.0 Fox Mill Estates - 177.0 Walden Glen
Fox Mill Estates,Week4,Mansion House,Week5,243.0 Mansion House - 159.0 Fox Mill Estates
Fox Mill Estates,Week5,Hamlet,Week4,284.0 Hamlet - 118.0 Fox Mill Estates
Fox Mill Estates,Week2,Springfield,Week1,347.0 Fox Mill Estates - 51.0 Springfield
Fox Mill Woods,Week3,Commonwealth,Week1,323.0 Fox Mill Woods - 79.0 Commonwealth
Fox Mill Estates,Week4,Mansion House,Week3,243.0 Mansion House - 159.0 Fox Mill Estates
Fox Mill Estates,Week3,Springfield,Week2,342.0 Fox Mill Estates - 57.0 Springfield
Fox Mill Estates,Week4,Waynewood,Week2,262.0 Waynewood - 140.0 Fox Mill Estates
Fox Mill Woods,Week4,Commonwealth,Week4,307.0 Fox Mill Woods - 95.0 Commonwealth
Fox Mill Estates,Week1,Hayfield Farm,Week4,244.0 Hayfield Farm - 158.0 Fox Mill Estates
Fox Mill Estates,Week1,Mantua,Week4,285.0 Mantua - 117.0 Fox Mill Estates
Fox Mill Estates,Week5,Lakeview,Week4,244.0 Fox Mill Estates - 158.0 Lakeview
Fox Hunt,Week2,Sleepy Hollow B & R,Week1,231.0 Sleepy Hollow B & R - 171.0 Fox Hunt
Fox Mill Estates,Week4,Springfield,Week3,360.0 Fox Mill Estates - 36.0 Springfield
Fox Mill Estates,Week4,Walden Glen,Week5,212.0 Walden Glen - 190.0 Fox Mill Estates
Fox Mill Estates,Week2,Mantua,Week5,276.0 Mantua - 126.0 Fox Mill Estates
Fox Mill Estates,Week5,Mansion House,Week3,265.0 Mansion House - 137.0 Fox Mill Estates
Fox Mill Estates,Week5,Lakeview,Week2,290.0 Fox Mill Estates - 112.0 Lakeview
Fox Mill Estates,Week3,Hayfield Farm,Week1,212.0 Hayfield Farm - 190.0 Fox Mill Estates
Fox Mill Estates,Week4,Springfield,Week1,360.0 Fox Mill Estates - 37.0 Springfield
Fox Mill Estates,Week1,Springfield,Week4,334.0 Fox Mill Estates - 65.0 Springfield
Fox Hunt,Week1,Sleepy Hollow B & R,Week3,254.0 Sleepy Hollow B & R - 148.0 Fox Hunt
Fox Mill Estates,Week4,Lakeview,Week3,289.0 Fox Mill Estates - 113.0 Lakeview
Fox Mill Estates,Week4,Springfield,Week4,346.0 Fox Mill Estates - 51.0 Springfield
Fox Mill Estates,Week3,Mantua,Week3,286.0 Mantua - 116.0 Fox Mill Estates
Fox Mill Woods,Week3,Commonwealth,Week3,303.5 Fox Mill Woods - 98.5 Commonwealth
Fox Mill Estates,Week2,Waynewood,Week1,278.0 Waynewood - 124.0 Fox Mill Estates
Fox Mill Estates,Week4,Hamlet,Week2,299.0 Hamlet - 103.0 Fox Mill Estates
Fox Mill Estates,Week3,Springfield,Week4,344.0 Fox Mill Estates - 55.0 Springfield
Fox Hunt,Week3,Sleepy Hollow B & R,Week2,215.0 Sleepy Hollow B & R - 187.0 Fox Hunt
Fox Mill Estates,Week4,Lakeview,Week5,279.0 Fox Mill Estates - 114.0 Lakeview
Fox Mill Estates,Week1,Springfield,Week1,345.0 Fox Mill Estates - 49.0 Springfield
Fox Mill Estates,Week3,Lakeview,Week5,269.0 Fox Mill Estates - 124.0 Lakeview
Fox Mill Estates,Week2,Hayfield Farm,Week5,223.0 Hayfield Farm - 179.0 Fox Mill Estates
Fox Mill Woods,Week5,Commonwealth,Week2,289.0 Fox Mill Woods - 113.0 Commonwealth
Fox Hunt,Week4,Sleepy Hollow B & R,Week1,221.0 Sleepy Hollow B & R - 181.0 Fox Hunt
Fox Mill Estates,Week5,Walden Glen,Week2,225.0 Fox Mill Estates - 177.0 Walden Glen
Fox Mill Estates,Week5,Walden Glen,Week5,217.0 Walden Glen - 185.0 Fox Mill Estates
Fox Mill Estates,Week1,Hayfield Farm,Week5,241.0 Hayfield Farm - 161.0 Fox Mill Estates
Fox Hunt,Week3,Sleepy Hollow B & R,Week3,214.0 Sleepy Hollow B & R - 188.0 Fox Hunt
Fox Mill Estates,Week5,Hamlet,Week2,296.0 Hamlet - 106.0 Fox Mill Estates
Fox Mill Estates,Week3,Lakeview,Week4,253.0 Fox Mill Estates - 149.0 Lakeview
Fox Mill Estates,Week4,Mantua,Week5,278.0 Mantua - 124.0 Fox Mill Estates
Fox Mill Estates,Week4,Mantua,Week3,279.0 Mantua - 123.0 Fox Mill Estates
Fox Mill Estates,Week2,Mantua,Week1,249.0 Mantua - 152.0 Fox Mill Estates
Fox Mill Estates,Week5,Walden Glen,Week4,213.0 Fox Mill Estates - 189.0 Walden Glen
Fox Hunt,Week3,Sleepy Hollow B & R,Week1,216.5 Fox Hunt - 185.5 Sleepy Hollow B & R
Fox Mill Woods,Week4,Commonwealth,Week2,295.0 Fox Mill Woods - 107.0 Commonwealth
Fox Hunt,Week5,Sideburn Run,Week3,211.5 Fox Hunt - 190.5 Sideburn Run
Fox Mill Estates,Week5,Springfield,Week1,357.0 Fox Mill Estates - 42.0 Springfield
Fox Mill Woods,Week3,Commonwealth,Week4,293.0 Fox Mill Woods - 109.0 Commonwealth
Fox Mill Estates,Week4,Walden Glen,Week4,205.0 Fox Mill Estates - 197.0 Walden Glen
Fox Mill Woods,Week5,Commonwealth,Week1,322.0 Fox Mill Woods - 80.0 Commonwealth
Fox Mill Woods,Week1,Cottontail,Week1,289.0 Fox Mill Woods - 113.0 Cottontail
Fox Mill Estates,Week3,Hayfield Farm,Week4,227.0 Hayfield Farm - 175.0 Fox Mill Estates
Fox Mill Estates,Week1,Langley,Week2,288.5 Langley - 113.5 Fox Mill Estates
Fox Mill Estates,Week5,Springboard,Week4,243.0 Fox Mill Estates - 159.0 Springboard
Fox Mill Woods,Week1,Country Club Hills,Week4,287.0 Fox Mill Woods - 115.0 Country Club Hills
Fox Hunt,Week4,Sleepy Hollow B & R,Week2,229.0 Sleepy Hollow B & R - 173.0 Fox Hunt
Fox Mill Estates,Week4,Mantua,Week2,240.0 Mantua - 162.0 Fox Mill Estates
Fox Mill Estates,Week3,Hayfield Farm,Week5,223.0 Hayfield Farm - 179.0 Fox Mill Estates
Fox Mill Estates,Week5,Lakeview,Week1,285.0 Fox Mill Estates - 117.0 Lakeview
Fox Mill Estates,Week2,Springfield,Week4,338.0 Fox Mill Estates - 61.0 Springfield
Fox Mill Woods,Week1,Cottontail,Week4,293.0 Fox Mill Woods - 109.0 Cottontail
Fox Mill Estates,Week4,Hayfield Farm,Week1,207.0 Hayfield Farm - 195.0 Fox Mill Estates
Fox Mill Estates,Week2,Waynewood,Week3,302.0 Waynewood - 100.0 Fox Mill Estates
Fox Hunt,Week4,Sleepy Hollow B & R,Week3,248.0 Sleepy Hollow B & R - 154.0 Fox Hunt
Fox Mill Estates,Week1,Waynewood,Week3,310.0 Waynewood - 92.0 Fox Mill Estates
Fox Mill Estates,Week2,Springfield,Week3,343.0 Fox Mill Estates - 55.0 Springfield
Fox Hunt,Week4,Sleepy Hollow B & R,Week5,268.5 Sleepy Hollow B & R - 133.5 Fox Hunt
Fox Mill Estates,Week3,Hayfield Farm,Week3,234.0 Hayfield Farm - 168.0 Fox Mill Estates
Fox Mill Woods,Week1,Cottontail,Week3,279.0 Fox Mill Woods - 123.0 Cottontail
Fox Mill Estates,Week3,Lakeview,Week2,289.0 Fox Mill Estates - 113.0 Lakeview
Fox Mill Estates,Week3,Mantua,Week1,247.0 Mantua - 155.0 Fox Mill Estates
Fox Mill Estates,Week1,Langley,Week1,306.0 Langley - 96.0 Fox Mill Estates
Fox Mill Estates,Week3,Mantua,Week4,266.0 Mantua - 136.0 Fox Mill Estates
Fox Mill Estates,Week1,Waynewood,Week4,307.0 Waynewood - 95.0 Fox Mill Estates
Fox Mill Estates,Week3,Lakeview,Week1,285.0 Fox Mill Estates - 117.0 Lakeview
Fox Mill Estates,Week3,Waynewood,Week1,262.0 Waynewood - 140.0 Fox Mill Estates
Fox Mill Woods,Week2,Country Club Hills,Week4,270.0 Fox Mill Woods - 132.0 Country Club Hills
Fox Hunt,Week5,Sleepy Hollow B & R,Week3,217.0 Sleepy Hollow B & R - 185.0 Fox Hunt
Fox Mill Woods,Week2,Country Club Hills,Week2,285.0 Fox Mill Woods - 117.0 Country Club Hills
Fox Mill Estates,Week1,Waynewood,Week5,311.0 Waynewood - 91.0 Fox Mill Estates
Fox Mill Estates,Week4,Hayfield Farm,Week3,225.0 Hayfield Farm - 177.0 Fox Mill Estates
Fox Mill Estates,Week1,Stratford,Week2,215.0 Fox Mill Estates - 187.0 Stratford
Fox Mill Estates,Week3,Walden Glen,Week5,223.0 Walden Glen - 178.0 Fox Mill Estates
Fox Mill Estates,Week4,Lakeview,Week2,295.0 Fox Mill Estates - 107.0 Lakeview
Fox Mill Estates,Week3,Mantua,Week5,280.0 Mantua - 122.0 Fox Mill Estates
Fox Mill Estates,Week5,Walden Glen,Week3,227.0 Fox Mill Estates - 175.0 Walden Glen
Fox Mill Estates,Week5,Mantua,Week3,284.0 Mantua - 118.0 Fox Mill Estates
Fox Mill Estates,Week5,Hayfield Farm,Week2,230.5 Hayfield Farm - 171.5 Fox Mill Estates
Fox Mill Estates,Week1,Herndon,Week1,293.0 Fox Mill Estates - 108.0 Herndon
Fox Hunt,Week1,Sleepy Hollow Rec,Week3,248.0 Fox Hunt - 154.0 Sleepy Hollow Rec
Fox Mill Woods,Week4,Cottontail,Week1,280.0 Fox Mill Woods - 122.0 Cottontail
Fox Mill Estates,Week3,Waynewood,Week4,285.0 Waynewood - 117.0 Fox Mill Estates
Fox Mill Estates,Week4,Hayfield Farm,Week2,221.0 Hayfield Farm - 181.0 Fox Mill Estates
Fox Mill Estates,Week2,Langley,Week1,285.0 Langley - 117.0 Fox Mill Estates
Fox Mill Woods,Week5,Cottontail,Week2,290.0 Fox Mill Woods - 112.0 Cottontail
Fox Mill Estates,Week5,Mantua,Week2,248.0 Mantua - 154.0 Fox Mill Estates
Fox Mill Estates,Week2,Stratford,Week2,222.0 Fox Mill Estates - 180.0 Stratford
Fox Mill Estates,Week1,Stratford,Week3,206.0 Fox Mill Estates - 196.0 Stratford
Fox Mill Estates,Week5,Springfield,Week4,346.0 Fox Mill Estates - 53.0 Springfield
Fox Mill Estates,Week1,Langley,Week5,284.0 Langley - 118.0 Fox Mill Estates
Fox Mill Estates,Week5,Hayfield Farm,Week4,230.0 Hayfield Farm - 172.0 Fox Mill Estates
Fox Mill Estates,Week4,Mantua,Week1,244.0 Mantua - 158.0 Fox Mill Estates
Fox Hunt,Week5,Sleepy Hollow B & R,Week1,207.0 Fox Hunt - 195.0 Sleepy Hollow B & R
Fox Mill Estates,Week5,Mantua,Week1,248.0 Mantua - 154.0 Fox Mill Estates
Fox Mill Estates,Week4,Mantua,Week4,258.0 Mantua - 144.0 Fox Mill Estates
Fox Mill Woods,Week5,Cottontail,Week4,277.0 Fox Mill Woods - 125.0 Cottontail
Fox Mill Estates,Week1,Langley,Week4,304.0 Langley - 98.0 Fox Mill Estates
Fox Hunt,Week5,Sleepy Hollow B & R,Week4,216.5 Sleepy Hollow B & R - 185.5 Fox Hunt
Fox Hunt,Week4,Sleepy Hollow B & R,Week4,237.0 Sleepy Hollow B & R - 165.0 Fox Hunt
Fox Mill Estates,Week5,Springfield,Week5,361.0 Fox Mill Estates - 38.0 Springfield
Fox Mill Estates,Week4,Walden Glen,Week3,231.0 Fox Mill Estates - 171.0 Walden Glen
Fox Hunt,Week1,Sleepy Hollow Rec,Week1,282.0 Fox Hunt - 120.0 Sleepy Hollow Rec
Fox Hunt,Week2,Sleepy Hollow Rec,Week1,280.0 Fox Hunt - 122.0 Sleepy Hollow Rec
Fox Mill Woods,Week2,Cottontail,Week2,291.0 Fox Mill Woods - 111.0 Cottontail
Fox Mill Estates,Week3,Mantua,Week2,256.0 Mantua - 146.0 Fox Mill Estates
Fox Mill Estates,Week5,Mantua,Week4,267.0 Mantua - 135.0 Fox Mill Estates
Fox Mill Estates,Week2,Waynewood,Week2,287.5 Waynewood - 114.5 Fox Mill Estates
Fox Mill Estates,Week2,Langley,Week4,292.0 Langley - 110.0 Fox Mill Estates
Fox Mill Woods,Week3,Cottontail,Week1,269.0 Fox Mill Woods - 133.0 Cottontail
Fox Mill Estates,Week2,Sully Station,Week3,272.0 Sully Station - 130.0 Fox Mill Estates
Fox Mill Estates,Week3,Walden Glen,Week4,203.0 Walden Glen - 198.0 Fox Mill Estates
Fox Hunt,Week2,Sleepy Hollow Rec,Week3,260.0 Fox Hunt - 142.0 Sleepy Hollow Rec
Fox Mill Estates,Week2,Sully Station,Week1,272.0 Sully Station - 130.0 Fox Mill Estates
Fox Mill Estates,Week1,Waynewood,Week2,305.0 Waynewood - 97.0 Fox Mill Estates
Fox Hunt,Week2,Somerset-Olde Creek,Week1,309.0 Fox Hunt - 88.0 Somerset-Olde Creek
Fox Mill Estates,Week1,Herndon,Week2,279.0 Fox Mill Estates - 123.0 Herndon
Fox Mill Woods,Week2,Cottontail,Week3,276.0 Fox Mill Woods - 126.0 Cottontail
Fox Hunt,Week1,Sleepy Hollow Rec,Week5,256.0 Fox Hunt - 146.0 Sleepy Hollow Rec
Fox Mill Estates,Week1,Langley,Week3,306.0 Langley - 96.0 Fox Mill Estates
Fox Mill Estates,Week5,Lakeview,Week5,265.0 Fox Mill Estates - 128.0 Lakeview
Fox Mill Woods,Week2,Cottontail,Week1,277.0 Fox Mill Woods - 125.0 Cottontail
Fox Mill Estates,Week5,Mansion House,Week5,260.0 Mansion House - 142.0 Fox Mill Estates
Fox Mill Woods,Week4,Cottontail,Week4,276.5 Fox Mill Woods - 125.5 Cottontail
Fox Mill Estates,Week2,Langley,Week5,269.0 Langley - 133.0 Fox Mill Estates
Fox Mill Estates,Week5,Herndon,Week5,307.0 Fox Mill Estates - 95.0 Herndon
Fox Mill Estates,Week3,Langley,Week2,273.0 Langley - 129.0 Fox Mill Estates
Fox Mill Estates,Week3,Langley,Week1,288.0 Langley - 114.0 Fox Mill Estates
Fox Mill Estates,Week3,Waynewood,Week2,285.0 Waynewood - 117.0 Fox Mill Estates
Fox Mill Estates,Week5,Stratford,Week1,245.0 Fox Mill Estates - 156.0 Stratford
Fox Mill Estates,Week3,Herndon,Week3,309.0 Fox Mill Estates - 92.0 Herndon
Fox Mill Estates,Week3,Stratford,Week1,248.0 Fox Mill Estates - 153.0 Stratford
Fox Mill Estates,Week3,Stratford,Week2,234.0 Fox Mill Estates - 168.0 Stratford
Fox Mill Estates,Week2,Herndon,Week2,292.0 Fox Mill Estates - 109.0 Herndon
Fox Mill Estates,Week1,Herndon,Week4,282.0 Fox Mill Estates - 120.0 Herndon
Fox Hunt,Week2,Sleepy Hollow Rec,Week2,283.0 Fox Hunt - 118.0 Sleepy Hollow Rec
Fox Mill Estates,Week1,Mantua,Week2,283.0 Mantua - 119.0 Fox Mill Estates
Fox Mill Woods,Week5,Cottontail,Week1,282.0 Fox Mill Woods - 120.0 Cottontail
Fox Mill Estates,Week5,Mansion House,Week4,220.0 Mansion House - 182.0 Fox Mill Estates
Fox Mill Estates,Week4,Stratford,Week5,242.0 Fox Mill Estates - 160.0 Stratford
Fox Mill Estates,Week2,Waynewood,Week5,299.0 Waynewood - 103.0 Fox Mill Estates
Fox Hunt,Week3,Sleepy Hollow Rec,Week5,268.0 Fox Hunt - 134.0 Sleepy Hollow Rec
Fox Mill Estates,Week3,Herndon,Week4,302.0 Fox Mill Estates - 100.0 Herndon
Fox Mill Estates,Week5,Stratford,Week3,230.0 Fox Mill Estates - 172.0 Stratford
Fox Mill Estates,Week1,Waynewood,Week1,289.0 Waynewood - 113.0 Fox Mill Estates
Fox Mill Estates,Week2,Herndon,Week1,305.0 Fox Mill Estates - 95.0 Herndon
Fox Mill Estates,Week3,Waynewood,Week3,290.0 Waynewood - 112.0 Fox Mill Estates
Fox Hunt,Week2,Sleepy Hollow Rec,Week4,290.0 Fox Hunt - 112.0 Sleepy Hollow Rec
Fox Mill Estates,Week1,Herndon,Week5,283.0 Fox Mill Estates - 119.0 Herndon
Fox Mill Woods,Week4,Cottontail,Week5,281.0 Fox Mill Woods - 121.0 Cottontail
Fox Mill Estates,Week3,Langley,Week4,292.0 Langley - 110.0 Fox Mill Estates
Fox Mill Estates,Week2,Mantua,Week3,289.0 Mantua - 113.0 Fox Mill Estates
Fox Mill Estates,Week5,Walden Glen,Week1,247.0 Fox Mill Estates - 155.0 Walden Glen
Fox Hunt,Week4,Sleepy Hollow Rec,Week1,274.0 Fox Hunt - 128.0 Sleepy Hollow Rec
Fox Mill Estates,Week1,Mantua,Week3,308.0 Mantua - 94.0 Fox Mill Estates
Fox Mill Estates,Week2,Mantua,Week2,266.5 Mantua - 135.5 Fox Mill Estates
Fox Mill Woods,Week1,Country Club Hills,Week1,280.0 Fox Mill Woods - 122.0 Country Club Hills
Fox Mill Estates,Week3,Waynewood,Week5,303.0 Waynewood - 99.0 Fox Mill Estates
Fox Mill Estates,Week4,Laurel Hill,Week2,289.0 Fox Mill Estates - 112.0 Laurel Hill
Fox Mill Estates,Week1,Mantua,Week1,282.0 Mantua - 120.0 Fox Mill Estates
Fox Mill Estates,Week2,Stratford,Week1,231.0 Fox Mill Estates - 171.0 Stratford
Fox Mill Estates,Week2,Stratford,Week3,217.0 Fox Mill Estates - 185.0 Stratford
Fox Mill Estates,Week2,Herndon,Week5,301.0 Fox Mill Estates - 101.0 Herndon
Fox Mill Woods,Week5,Cottontail,Week3,284.0 Fox Mill Woods - 118.0 Cottontail
Fox Mill Estates,Week2,Laurel Hill,Week1,254.0 Fox Mill Estates - 147.0 Laurel Hill
Fox Mill Estates,Week3,Herndon,Week5,297.0 Fox Mill Estates - 105.0 Herndon
Fox Mill Estates,Week1,Laurel Hill,Week5,205.0 Fox Mill Estates - 197.0 Laurel Hill
Fox Mill Estates,Week5,Langley,Week2,263.0 Langley - 139.0 Fox Mill Estates
Fox Mill Woods,Week1,Cottontail,Week5,284.0 Fox Mill Woods - 118.0 Cottontail
Fox Mill Estates,Week5,Langley,Week4,291.0 Langley - 111.0 Fox Mill Estates
Fox Mill Estates,Week2,McLean,Week1,298.0 McLean - 104.0 Fox Mill Estates
Fox Mill Estates,Week4,Langley,Week1,275.0 Langley - 127.0 Fox Mill Estates
Fox Mill Estates,Week4,Stratford,Week4,234.0 Fox Mill Estates - 168.0 Stratford
Fox Mill Woods,Week3,Cottontail,Week4,275.0 Fox Mill Woods - 127.0 Cottontail
Fox Mill Estates,Week3,Woodley,Week3,240.0 Fox Mill Estates - 162.0 Woodley
Fox Mill Estates,Week2,Stratford,Week5,215.0 Fox Mill Estates - 187.0 Stratford
Fox Mill Estates,Week5,Waynewood,Week2,267.0 Waynewood - 135.0 Fox Mill Estates
Fox Mill Estates,Week1,Herndon,Week3,283.0 Fox Mill Estates - 119.0 Herndon
Fox Mill Estates,Week3,Herndon,Week2,300.0 Fox Mill Estates - 102.0 Herndon
Fox Mill Estates,Week4,Herndon,Week3,315.0 Fox Mill Estates - 86.0 Herndon
Fox Mill Woods,Week4,Cottontail,Week2,289.0 Fox Mill Woods - 113.0 Cottontail
Fox Mill Estates,Week4,Waynewood,Week1,242.0 Waynewood - 160.0 Fox Mill Estates
Fox Mill Estates,Week4,Laurel Hill,Week1,272.0 Fox Mill Estates - 129.0 Laurel Hill
Fox Hunt,Week5,Sleepy Hollow Rec,Week3,279.0 Fox Hunt - 123.0 Sleepy Hollow Rec
Fox Mill Woods,Week3,Cottontail,Week5,248.0 Fox Mill Woods - 154.0 Cottontail
Fox Mill Estates,Week4,Stratford,Week2,244.0 Fox Mill Estates - 158.0 Stratford
Fox Hunt,Week5,Sleepy Hollow Rec,Week2,315.0 Fox Hunt - 86.0 Sleepy Hollow Rec
Fox Mill Estates,Week4,Waynewood,Week5,289.0 Waynewood - 113.0 Fox Mill Estates
Fox Mill Estates,Week5,Langley,Week3,286.0 Langley - 116.0 Fox Mill Estates
Fox Hunt,Week4,Sleepy Hollow Rec,Week2,273.0 Fox Hunt - 128.0 Sleepy Hollow Rec
Fox Mill Estates,Week5,McLean,Week4,290.0 McLean - 112.0 Fox Mill Estates
Fox Mill Estates,Week2,McLean,Week4,293.0 McLean - 109.0 Fox Mill Estates
Fox Mill Estates,Week4,McLean,Week5,294.0 McLean - 108.0 Fox Mill Estates
Fox Mill Woods,Week2,Cottontail,Week4,267.0 Fox Mill Woods - 135.0 Cottontail
Fox Hunt,Week5,Sleepy Hollow Rec,Week5,287.0 Fox Hunt - 114.0 Sleepy Hollow Rec
Fox Mill Estates,Week3,Stratford,Week5,229.0 Fox Mill Estates - 173.0 Stratford
Fox Mill Estates,Week2,Stratford,Week4,214.0 Stratford - 188.0 Fox Mill Estates
Fox Mill Estates,Week1,Mosby Woods,Week3,304.0 Mosby Woods - 98.0 Fox Mill Estates
Fox Mill Estates,Week1,Woodley,Week3,226.0 Fox Mill Estates - 176.0 Woodley
Fox Mill Estates,Week2,Herndon,Week4,300.0 Fox Mill Estates - 102.0 Herndon
Fox Hunt,Week4,Sleepy Hollow Rec,Week3,255.0 Fox Hunt - 147.0 Sleepy Hollow Rec
Fox Mill Estates,Week4,Stratford,Week3,246.0 Fox Mill Estates - 156.0 Stratford
Fox Hunt,Week1,Somerset-Olde Creek,Week1,308.0 Fox Hunt - 92.0 Somerset-Olde Creek
Fox Mill Estates,Week4,Herndon,Week5,310.0 Fox Mill Estates - 91.0 Herndon
Fox Mill Estates,Week1,Woodley,Week5,209.0 Fox Mill Estates - 193.0 Woodley
Fox Hunt,Week1,Somerset-Olde Creek,Week2,325.0 Fox Hunt - 77.0 Somerset-Olde Creek
Fox Hunt,Week5,Sleepy Hollow Rec,Week4,320.0 Fox Hunt - 82.0 Sleepy Hollow Rec
Fox Mill Estates,Week4,Herndon,Week1,304.0 Fox Mill Estates - 97.0 Herndon
Fox Hunt,Week1,Somerset-Olde Creek,Week4,317.0 Fox Hunt - 85.0 Somerset-Olde Creek
Fox Mill Estates,Week1,McLean,Week5,324.0 McLean - 78.0 Fox Mill Estates
Fox Mill Woods,Week1,Country Club Hills,Week3,283.0 Fox Mill Woods - 119.0 Country Club Hills
Fox Mill Estates,Week5,Woodley,Week4,252.0 Fox Mill Estates - 150.0 Woodley
Fox Mill Woods,Week4,Cottontail,Week3,293.0 Fox Mill Woods - 109.0 Cottontail
Fox Mill Woods,Week3,Cottontail,Week3,268.0 Fox Mill Woods - 134.0 Cottontail
Fox Mill Estates,Week5,McLean,Week1,294.0 McLean - 108.0 Fox Mill Estates
Fox Mill Estates,Week5,Waynewood,Week5,300.0 Waynewood - 102.0 Fox Mill Estates
Fox Hunt,Week1,Somerset-Olde Creek,Week3,323.0 Fox Hunt - 78.0 Somerset-Olde Creek
Fox Mill Estates,Week5,Stratford,Week4,227.0 Fox Mill Estates - 175.0 Stratford
Fox Mill Estates,Week5,Waynewood,Week4,288.0 Waynewood - 114.0 Fox Mill Estates
Fox Mill Woods,Week3,Cottontail,Week2,277.5 Fox Mill Woods - 124.5 Cottontail
Fox Mill Woods,Week5,Cottontail,Week5,279.0 Fox Mill Woods - 123.0 Cottontail
Fox Mill Estates,Week5,Herndon,Week2,293.0 Fox Mill Estates - 109.0 Herndon
Fox Hunt,Week5,Sleepy Hollow Rec,Week1,300.0 Fox Hunt - 102.0 Sleepy Hollow Rec
Fox Mill Estates,Week1,Mosby Woods,Week5,304.0 Mosby Woods - 98.0 Fox Mill Estates
Fox Mill Estates,Week2,Mosby Woods,Week2,301.0 Mosby Woods - 101.0 Fox Mill Estates
Fox Mill Estates,Week1,Laurel Hill,Week3,202.0 Fox Mill Estates - 199.0 Laurel Hill
Fox Mill Estates,Week1,Stratford,Week5,207.0 Stratford - 195.0 Fox Mill Estates
Fox Mill Estates,Week5,Stratford,Week5,226.0 Fox Mill Estates - 176.0 Stratford
Fox Mill Woods,Week1,Country Club Hills,Week2,285.0 Fox Mill Woods - 117.0 Country Club Hills
Fox Mill Estates,Week5,Herndon,Week1,313.0 Fox Mill Estates - 88.0 Herndon
Fox Mill Estates,Week1,Laurel Hill,Week2,251.0 Fox Mill Estates - 151.0 Laurel Hill
Fox Mill Estates,Week5,Stratford,Week2,242.0 Fox Mill Estates - 160.0 Stratford
Fox Mill Estates,Week4,Herndon,Week4,314.0 Fox Mill Estates - 87.0 Herndon
Fox Mill Estates,Week2,McLean,Week2,300.0 McLean - 102.0 Fox Mill Estates
Fox Mill Estates,Week5,Herndon,Week3,310.0 Fox Mill Estates - 92.0 Herndon
Fox Mill Estates,Week2,Laurel Hill,Week3,222.0 Fox Mill Estates - 179.0 Laurel Hill
Fox Mill Estates,Week2,Laurel Hill,Week2,255.0 Fox Mill Estates - 143.0 Laurel Hill
Fox Mill Estates,Week3,Stratford,Week4,219.0 Fox Mill Estates - 183.0 Stratford
Fox Mill Estates,Week2,Woodley,Week2,227.0 Fox Mill Estates - 175.0 Woodley
Fox Mill Estates,Week2,Woodley,Week4,236.0 Fox Mill Estates - 166.0 Woodley
Fox Mill Estates,Week4,Langley,Week2,265.0 Langley - 137.0 Fox Mill Estates
Fox Mill Estates,Week2,McLean,Week5,306.0 McLean - 96.0 Fox Mill Estates
Fox Mill Woods,Week2,Cottontail,Week5,270.0 Fox Mill Woods - 132.0 Cottontail
Fox Mill Woods,Week1,Country Club Hills,Week5,272.0 Fox Mill Woods - 130.0 Country Club Hills
Fox Mill Estates,Week2,Laurel Hill,Week5,228.0 Fox Mill Estates - 174.0 Laurel Hill
Fox Mill Estates,Week5,Woodley,Week5,244.0 Fox Mill Estates - 158.0 Woodley
Fox Mill Estates,Week1,Sully Station,Week1,290.0 Sully Station - 112.0 Fox Mill Estates
Fox Mill Estates,Week1,Woodley,Week1,230.0 Fox Mill Estates - 172.0 Woodley
Fox Hunt,Week3,Sleepy Hollow Rec,Week1,287.0 Fox Hunt - 115.0 Sleepy Hollow Rec
Fox Mill Estates,Week5,Hiddenbrook,Week1,229.0 Fox Mill Estates - 173.0 Hiddenbrook
Fox Mill Estates,Week4,Stratford,Week1,262.0 Fox Mill Estates - 140.0 Stratford
Fox Mill Estates,Week1,Laurel Hill,Week4,221.0 Fox Mill Estates - 181.0 Laurel Hill
Fox Hunt,Week1,Somerset-Olde Creek,Week5,295.0 Fox Hunt - 106.0 Somerset-Olde Creek
Fox Mill Estates,Week3,McLean,Week3,292.0 McLean - 110.0 Fox Mill Estates
Fox Mill Estates,Week4,Langley,Week4,277.0 Langley - 125.0 Fox Mill Estates
Fox Mill Estates,Week5,Herndon,Week4,309.0 Fox Mill Estates - 93.0 Herndon
Fox Mill Estates,Week1,Sully Station,Week3,282.0 Sully Station - 120.0 Fox Mill Estates
Fox Mill Estates,Week5,Hiddenbrook,Week4,222.0 Fox Mill Estates - 180.0 Hiddenbrook
Fox Mill Woods,Week2,Country Club Hills,Week1,284.0 Fox Mill Woods - 118.0 Country Club Hills
Fox Mill Woods,Week1,Annandale,Week1,324.0 Fox Mill Woods - 78.0 Annandale
Fox Hunt,Week3,Sleepy Hollow Rec,Week3,268.0 Fox Hunt - 134.0 Sleepy Hollow Rec
Fox Mill Estates,Week1,McLean,Week4,305.0 McLean - 97.0 Fox Mill Estates
Fox Mill Estates,Week1,Sully Station,Week4,284.0 Sully Station - 118.0 Fox Mill Estates
Fox Mill Estates,Week1,McLean,Week1,319.0 McLean - 83.0 Fox Mill Estates
Fox Hunt,Week2,Sleepy Hollow Rec,Week5,257.0 Fox Hunt - 144.0 Sleepy Hollow Rec
Fox Hunt,Week3,Sleepy Hollow Rec,Week4,293.0 Fox Hunt - 109.0 Sleepy Hollow Rec
Fox Mill Estates,Week4,McLean,Week2,286.0 McLean - 116.0 Fox Mill Estates
Fox Mill Estates,Week2,Sully Station,Week2,260.0 Sully Station - 142.0 Fox Mill Estates
Fox Mill Estates,Week2,Hiddenbrook,Week5,220.0 Hiddenbrook - 182.0 Fox Mill Estates
Fox Mill Estates,Week3,McLean,Week5,304.0 McLean - 98.0 Fox Mill Estates
Fox Mill Estates,Week4,Sully Station,Week4,258.0 Sully Station - 144.0 Fox Mill Estates
Fox Mill Estates,Week5,Woodley,Week1,268.0 Fox Mill Estates - 134.0 Woodley
Fox Mill Estates,Week4,McLean,Week1,277.0 McLean - 125.0 Fox Mill Estates
Fox Mill Estates,Week3,Laurel Hill,Week2,273.0 Fox Mill Estates - 128.0 Laurel Hill
Fox Mill Estates,Week1,Woodley,Week2,225.0 Fox Mill Estates - 177.0 Woodley
Fox Mill Estates,Week2,Herndon,Week3,298.0 Fox Mill Estates - 104.0 Herndon
Fox Mill Estates,Week4,Hiddenbrook,Week3,244.5 Fox Mill Estates - 157.5 Hiddenbrook
Fox Hunt,Week4,Sleepy Hollow Rec,Week5,265.0 Fox Hunt - 136.0 Sleepy Hollow Rec
Fox Mill Estates,Week3,Woodley,Week5,240.0 Fox Mill Estates - 161.0 Woodley
Fox Mill Woods,Week2,Country Club Hills,Week3,281.0 Fox Mill Woods - 121.0 Country Club Hills
Fox Mill Woods,Week2,Crosspointe,Week1,227.0 Crosspointe - 175.0 Fox Mill Woods
Fox Mill Estates,Week3,Woodley,Week2,247.0 Fox Mill Estates - 154.0 Woodley
Fox Mill Estates,Week3,Laurel Hill,Week3,240.0 Fox Mill Estates - 161.0 Laurel Hill
Fox Mill Woods,Week3,Country Club Hills,Week4,284.0 Fox Mill Woods - 118.0 Country Club Hills
Fox Mill Estates,Week5,Langley,Week5,268.0 Langley - 134.0 Fox Mill Estates
Fox Mill Estates,Week2,Laurel Hill,Week4,237.0 Fox Mill Estates - 165.0 Laurel Hill
Fox Mill Woods,Week5,Country Club Hills,Week5,283.0 Fox Mill Woods - 119.0 Country Club Hills
Fox Mill Estates,Week3,Stratford,Week3,224.0 Fox Mill Estates - 178.0 Stratford
Fox Hunt,Week3,Sleepy Hollow Rec,Week2,295.0 Fox Hunt - 107.0 Sleepy Hollow Rec
Fox Mill Estates,Week1,Sully Station,Week5,287.0 Sully Station - 115.0 Fox Mill Estates
Fox Mill Estates,Week5,Laurel Hill,Week3,236.0 Fox Mill Estates - 166.0 Laurel Hill
Fox Mill Estates,Week1,Laurel Hill,Week1,236.0 Fox Mill Estates - 165.0 Laurel Hill
Fox Mill Estates,Week1,Hiddenbrook,Week3,212.0 Hiddenbrook - 190.0 Fox Mill Estates
Fox Mill Estates,Week1,Woodley,Week4,221.0 Fox Mill Estates - 181.0 Woodley
Fox Mill Estates,Week3,McLean,Week4,291.0 McLean - 111.0 Fox Mill Estates
Fox Mill Woods,Week3,Crosspointe,Week3,215.0 Crosspointe - 187.0 Fox Mill Woods
Fox Mill Estates,Week3,Herndon,Week1,307.0 Fox Mill Estates - 94.0 Herndon
Fox Mill Estates,Week4,Herndon,Week2,315.0 Fox Mill Estates - 86.0 Herndon
Fox Mill Estates,Week1,Sully Station,Week2,275.0 Sully Station - 127.0 Fox Mill Estates
Fox Mill Estates,Week5,Mantua,Week5,287.0 Mantua - 115.0 Fox Mill Estates
Fox Hunt,Week4,Sleepy Hollow Rec,Week4,288.0 Fox Hunt - 114.0 Sleepy Hollow Rec
Fox Hunt,Week1,Shouse Village,Week2,208.0 Fox Hunt - 194.0 Shouse Village
Fox Mill Woods,Week3,Country Club Hills,Week1,287.0 Fox Mill Woods - 115.0 Country Club Hills
Fox Mill Woods,Week3,Country Club Hills,Week2,289.0 Fox Mill Woods - 113.0 Country Club Hills
Fox Mill Estates,Week2,Woodley,Week5,222.0 Fox Mill Estates - 180.0 Woodley
Fox Mill Estates,Week1,McLean,Week3,306.0 McLean - 96.0 Fox Mill Estates
Fox Mill Estates,Week5,Sully Station,Week4,266.0 Sully Station - 136.0 Fox Mill Estates
Fox Mill Estates,Week3,McLean,Week2,289.0 McLean - 113.0 Fox Mill Estates
Fox Mill Estates,Week4,Woodley,Week1,285.0 Fox Mill Estates - 117.0 Woodley
Fox Mill Estates,Week5,Langley,Week1,288.0 Langley - 114.0 Fox Mill Estates
Fox Mill Estates,Week1,McLean,Week2,307.0 McLean - 95.0 Fox Mill Estates
Fox Mill Estates,Week3,Hiddenbrook,Week5,211.5 Hiddenbrook - 190.5 Fox Mill Estates
Fox Hunt,Week1,Sideburn Run,Week2,219.0 Sideburn Run - 183.0 Fox Hunt
Fox Mill Estates,Week2,Hiddenbrook,Week1,233.0 Fox Mill Estates - 169.0 Hiddenbrook
Fox Mill Estates,Week2,Woodley,Week3,234.0 Fox Mill Estates - 168.0 Woodley
Fox Hunt,Week3,Shouse Village,Week4,202.0 Shouse Village - 200.0 Fox Hunt
Fox Mill Estates,Week5,Waynewood,Week1,257.0 Waynewood - 145.0 Fox Mill Estates
Fox Mill Estates,Week4,Waynewood,Week3,276.0 Waynewood - 126.0 Fox Mill Estates
Fox Mill Estates,Week5,Waynewood,Week3,293.0 Waynewood - 109.0 Fox Mill Estates
Fox Mill Estates,Week3,Sully Station,Week1,270.0 Sully Station - 132.0 Fox Mill Estates
Fox Mill Estates,Week4,Langley,Week5,267.0 Langley - 135.0 Fox Mill Estates
Fox Mill Estates,Week4,Hiddenbrook,Week4,247.0 Fox Mill Estates - 155.0 Hiddenbrook
Fox Mill Estates,Week1,Sully Station II,Week2,294.0 Sully Station II - 108.0 Fox Mill Estates
Fox Mill Estates,Week5,Hiddenbrook,Week2,269.0 Fox Mill Estates - 132.0 Hiddenbrook
Fox Mill Estates,Week4,Hiddenbrook,Week5,209.0 Fox Mill Estates - 193.0 Hiddenbrook
Fox Hunt,Week4,Shouse Village,Week3,212.0 Shouse Village - 190.0 Fox Hunt
Fox Mill Estates,Week3,Laurel Hill,Week4,247.0 Fox Mill Estates - 155.0 Laurel Hill
Fox Mill Woods,Week3,Crosspointe,Week4,218.0 Crosspointe - 184.0 Fox Mill Woods
Fox Mill Woods,Week4,Crosspointe,Week1,216.0 Crosspointe - 186.0 Fox Mill Woods
Fox Hunt,Week1,Sideburn Run,Week1,225.0 Sideburn Run - 177.0 Fox Hunt
Fox Mill Estates,Week4,McLean,Week4,273.0 McLean - 129.0 Fox Mill Estates
Fox Hunt,Week1,Shouse Village,Week1,209.0 Shouse Village - 193.0 Fox Hunt
Fox Mill Woods,Week1,Crosspointe,Week1,212.0 Crosspointe - 190.0 Fox Mill Woods
Fox Mill Estates,Week2,McLean,Week3,284.0 McLean - 118.0 Fox Mill Estates
Fox Mill Estates,Week3,Laurel Hill,Week1,265.0 Fox Mill Estates - 136.0 Laurel Hill
Fox Mill Estates,Week4,Sully Station,Week3,257.0 Sully Station - 145.0 Fox Mill Estates
Fox Mill Woods,Week2,Country Club Hills,Week5,247.0 Fox Mill Woods - 155.0 Country Club Hills
Fox Mill Estates,Week4,Langley,Week3,287.0 Langley - 115.0 Fox Mill Estates
Fox Mill Estates,Week5,Annandale,Week1,253.0 Fox Mill Estates - 149.0 Annandale
Fox Mill Estates,Week2,Sully Station,Week5,280.0 Sully Station - 122.0 Fox Mill Estates
Fox Mill Estates,Week4,McLean,Week3,287.0 McLean - 115.0 Fox Mill Estates
Fox Mill Woods,Week4,Country Club Hills,Week3,290.0 Fox Mill Woods - 112.0 Country Club Hills
Fox Mill Estates,Week3,McLean,Week1,287.0 McLean - 115.0 Fox Mill Estates
Fox Mill Estates,Week3,Hiddenbrook,Week1,225.0 Fox Mill Estates - 176.0 Hiddenbrook
Fox Mill Estates,Week5,Sully Station,Week1,270.0 Sully Station - 132.0 Fox Mill Estates
Fox Hunt,Week1,Shouse Village,Week4,231.0 Shouse Village - 171.0 Fox Hunt
Fox Mill Estates,Week3,Sully Station,Week5,276.0 Sully Station - 126.0 Fox Mill Estates
Fox Mill Estates,Week2,Annandale,Week4,244.0 Fox Mill Estates - 158.0 Annandale
Fox Mill Estates,Week4,Laurel Hill,Week4,269.0 Fox Mill Estates - 132.0 Laurel Hill
Fox Mill Estates,Week3,Woodley,Week1,251.0 Fox Mill Estates - 151.0 Woodley
Fox Mill Estates,Week5,Annandale,Week4,245.0 Fox Mill Estates - 157.0 Annandale
Fox Mill Estates,Week3,Laurel Hill,Week5,233.0 Fox Mill Estates - 169.0 Laurel Hill
Fox Mill Estates,Week1,Hiddenbrook,Week1,204.0 Fox Mill Estates - 198.0 Hiddenbrook
Fox Mill Estates,Week3,Sully Station,Week2,257.0 Sully Station - 145.0 Fox Mill Estates
Fox Mill Woods,Week5,Country Club Hills,Week3,297.0 Fox Mill Woods - 105.0 Country Club Hills
Fox Mill Estates,Week3,Annandale,Week5,250.0 Fox Mill Estates - 152.0 Annandale
Fox Mill Woods,Week3,Country Club Hills,Week5,253.0 Fox Mill Woods - 149.0 Country Club Hills
Fox Hunt,Week2,Shouse Village,Week4,230.0 Shouse Village - 172.0 Fox Hunt
Fox Mill Estates,Week4,Waynewood,Week4,272.0 Waynewood - 130.0 Fox Mill Estates
Fox Mill Estates,Week1,Hiddenbrook,Week2,248.0 Fox Mill Estates - 153.0 Hiddenbrook
Fox Hunt,Week2,Shouse Village,Week1,209.5 Shouse Village - 192.5 Fox Hunt
Fox Mill Estates,Week2,Woodley,Week1,247.0 Fox Mill Estates - 155.0 Woodley
Fox Mill Estates,Week5,McLean,Week2,300.0 McLean - 102.0 Fox Mill Estates
Fox Mill Estates,Week5,McLean,Week3,292.0 McLean - 110.0 Fox Mill Estates
Fox Mill Estates,Week4,Laurel Hill,Week5,249.0 Fox Mill Estates - 152.0 Laurel Hill
Fox Mill Estates,Week4,Annandale,Week1,274.0 Fox Mill Estates - 128.0 Annandale
Fox Hunt,Week3,Shouse Village,Week5,214.0 Shouse Village - 188.0 Fox Hunt
Fox Mill Estates,Week1,Sully Station II,Week3,301.0 Sully Station II - 101.0 Fox Mill Estates
Fox Mill Estates,Week3,Arlington Forest,Week3,214.5 Arlington Forest - 186.5 Fox Mill Estates
Fox Mill Estates,Week5,Laurel Hill,Week2,277.0 Fox Mill Estates - 125.0 Laurel Hill
Fox Mill Estates,Week3,Arlington Forest,Week1,252.0 Arlington Forest - 150.0 Fox Mill Estates
Fox Mill Estates,Week4,Annandale,Week3,251.0 Fox Mill Estates - 151.0 Annandale
Fox Mill Estates,Week3,Hiddenbrook,Week4,227.0 Fox Mill Estates - 175.0 Hiddenbrook
Fox Mill Estates,Week1,Mosby Woods,Week1,310.0 Mosby Woods - 92.0 Fox Mill Estates
Fox Mill Estates,Week4,Woodley,Week3,270.0 Fox Mill Estates - 132.0 Woodley
Fox Mill Estates,Week5,Sully Station,Week3,261.0 Sully Station - 141.0 Fox Mill Estates
Fox Hunt,Week3,Shouse Village,Week1,227.0 Fox Hunt - 175.0 Shouse Village
Fox Mill Estates,Week4,Hiddenbrook,Week1,259.0 Fox Mill Estates - 142.0 Hiddenbrook
Fox Mill Estates,Week4,Sully Station,Week1,255.0 Sully Station - 147.0 Fox Mill Estates
Fox Mill Woods,Week5,Country Club Hills,Week4,290.0 Fox Mill Woods - 112.0 Country Club Hills
Fox Mill Woods,Week5,Country Club Hills,Week2,304.0 Fox Mill Woods - 98.0 Country Club Hills
Fox Hunt,Week2,Shouse Village,Week5,230.0 Shouse Village - 171.0 Fox Hunt
Fox Mill Estates,Week3,Woodley,Week4,248.0 Fox Mill Estates - 154.0 Woodley
Fox Mill Estates,Week4,Sully Station,Week5,258.0 Sully Station - 144.0 Fox Mill Estates
Fox Mill Estates,Week5,Laurel Hill,Week4,247.0 Fox Mill Estates - 155.0 Laurel Hill
Fox Hunt,Week1,Shouse Village,Week3,221.0 Shouse Village - 181.0 Fox Hunt
Fox Mill Woods,Week4,Country Club Hills,Week4,285.0 Fox Mill Woods - 117.0 Country Club Hills
Fox Mill Estates,Week4,Woodley,Week2,266.0 Fox Mill Estates - 136.0 Woodley
Fox Hunt,Week4,Shouse Village,Week2,213.0 Fox Hunt - 188.0 Shouse Village
Fox Mill Estates,Week5,Woodley,Week2,256.0 Fox Mill Estates - 146.0 Woodley
Fox Mill Woods,Week5,Country Club Hills,Week1,296.0 Fox Mill Woods - 106.0 Country Club Hills
Fox Mill Estates,Week4,Laurel Hill,Week3,255.0 Fox Mill Estates - 143.0 Laurel Hill
Fox Mill Estates,Week2,Lee Graham,Week1,286.0 Lee Graham - 116.0 Fox Mill Estates
Fox Mill Estates,Week3,Hiddenbrook,Week3,213.0 Fox Mill Estates - 189.0 Hiddenbrook
Fox Mill Estates,Week2,Hiddenbrook,Week2,264.0 Fox Mill Estates - 138.0 Hiddenbrook
Fox Mill Estates,Week5,McLean,Week5,293.0 McLean - 109.0 Fox Mill Estates
Fox Mill Estates,Week1,Hiddenbrook,Week5,230.0 Hiddenbrook - 172.0 Fox Mill Estates
Fox Mill Estates,Week1,Mosby Woods,Week2,305.0 Mosby Woods - 97.0 Fox Mill Estates
Fox Mill Woods,Week4,Country Club Hills,Week5,261.0 Fox Mill Woods - 141.0 Country Club Hills
Fox Mill Estates,Week4,Sully Station,Week2,245.0 Sully Station - 157.0 Fox Mill Estates
Fox Mill Estates,Week5,Woodley,Week3,249.0 Fox Mill Estates - 153.0 Woodley
Fox Mill Estates,Week5,Laurel Hill,Week1,262.0 Fox Mill Estates - 139.0 Laurel Hill
Fox Mill Estates,Week1,Mosby Woods,Week4,298.0 Mosby Woods - 104.0 Fox Mill Estates
Fox Mill Estates,Week2,Mount Vernon Park,Week1,295.0 Mount Vernon Park - 107.0 Fox Mill Estates
Fox Mill Woods,Week1,Crosspointe,Week3,208.0 Crosspointe - 194.0 Fox Mill Woods
Fox Mill Estates,Week2,Mosby Woods,Week1,297.0 Mosby Woods - 105.0 Fox Mill Estates
Fox Mill Estates,Week5,Lee Graham,Week1,282.0 Lee Graham - 120.0 Fox Mill Estates
Fox Mill Estates,Week2,Annandale,Week2,237.0 Fox Mill Estates - 165.0 Annandale
Fox Mill Estates,Week4,Woodley,Week4,261.0 Fox Mill Estates - 141.0 Woodley
Fox Mill Estates,Week2,Hiddenbrook,Week4,214.0 Fox Mill Estates - 188.0 Hiddenbrook
Fox Hunt,Week5,Shouse Village,Week1,222.0 Fox Hunt - 180.0 Shouse Village
Fox Hunt,Week2,Shouse Village,Week3,218.0 Shouse Village - 184.0 Fox Hunt
Fox Mill Estates,Week4,Annandale,Week5,271.0 Fox Mill Estates - 130.0 Annandale
Fox Mill Estates,Week4,Woodley,Week5,241.0 Fox Mill Estates - 161.0 Woodley
Fox Mill Woods,Week1,Crosspointe,Week4,204.0 Fox Mill Woods - 198.0 Crosspointe
Fox Mill Estates,Week3,Annandale,Week3,232.0 Fox Mill Estates - 170.0 Annandale
Fox Mill Estates,Week2,Sully Station II,Week1,242.0 Sully Station II - 160.0 Fox Mill Estates
Fox Mill Estates,Week2,Mosby Woods,Week4,277.0 Mosby Woods - 125.0 Fox Mill Estates
Fox Mill Estates,Week1,Sully Station II,Week4,275.0 Sully Station II - 127.0 Fox Mill Estates
Fox Mill Estates,Week1,Lincolnia Park,Week2,269.0 Fox Mill Estates - 123.0 Lincolnia Park
Fox Hunt,Week5,Rutherford,Week5,278.0 Fox Hunt - 124.0 Rutherford
Fox Mill Estates,Week1,Lincolnia Park,Week4,249.0 Fox Mill Estates - 153.0 Lincolnia Park
Fox Mill Estates,Week1,Sully Station II,Week5,309.0 Sully Station II - 93.0 Fox Mill Estates
Fox Mill Woods,Week2,Crosspointe,Week3,223.0 Crosspointe - 179.0 Fox Mill Woods
Fox Mill Estates,Week3,Hiddenbrook,Week2,266.0 Fox Mill Estates - 135.0 Hiddenbrook
Great Falls,Week3,Fox Mill Woods,Week5,240.0 Fox Mill Woods - 162.0 Great Falls
Greenbriar,Week1,Hayfield Farm,Week1,202.0 Hayfield Farm - 200.0 Greenbriar
Greenbriar,Week4,Hayfield Farm,Week1,203.0 Greenbriar - 199.0 Hayfield Farm
Fox Mill Woods,Week4,Springfield,Week5,388.0 Fox Mill Woods - 13.0 Springfield
Great Falls,Week3,Overlee,Week4,340.0 Overlee - 62.0 Great Falls
Fox Mill Woods,Week4,Stratford,Week5,324.5 Fox Mill Woods - 77.5 Stratford
Fox Mill Woods,Week3,Stratford,Week5,307.0 Fox Mill Woods - 95.0 Stratford
Fox Mill Woods,Week1,Stratford,Week4,309.0 Fox Mill Woods - 93.0 Stratford
Fox Mill Woods,Week4,Springfield,Week2,381.0 Fox Mill Woods - 21.0 Springfield
Great Falls,Week1,Fox Mill Woods,Week5,266.5 Fox Mill Woods - 135.5 Great Falls
Great Falls,Week4,Fox Mill Woods,Week3,249.0 Fox Mill Woods - 153.0 Great Falls
Fox Mill Woods,Week5,Springfield,Week2,380.0 Fox Mill Woods - 17.0 Springfield
Fox Mill Woods,Week5,Parklawn,Week2,303.0 Fox Mill Woods - 99.0 Parklawn
Great Falls,Week5,Mount Vernon Park,Week5,282.0 Mount Vernon Park - 120.0 Great Falls
Great Falls,Week1,Parklawn,Week3,237.0 Great Falls - 165.0 Parklawn
Greenbriar,Week5,Hamlet,Week4,248.0 Hamlet - 154.0 Greenbriar
Fox Mill Woods,Week5,Springfield,Week5,380.0 Fox Mill Woods - 20.0 Springfield
Great Falls,Week1,Hiddenbrook,Week3,201.0 Hiddenbrook - 200.0 Great Falls
Great Falls,Week5,Herndon,Week2,312.0 Great Falls - 82.0 Herndon
Greenbriar,Week4,Hayfield Farm,Week4,210.0 Hayfield Farm - 192.0 Greenbriar
Greenbriar,Week1,Herndon,Week3,336.0 Greenbriar - 66.0 Herndon
Fox Mill Woods,Week5,Shouse Village,Week4,241.0 Fox Mill Woods - 161.0 Shouse Village
Great Falls,Week1,Herndon,Week3,286.0 Great Falls - 115.0 Herndon
Great Falls,Week3,Hayfield Farm,Week5,219.5 Great Falls - 182.5 Hayfield Farm
Great Falls,Week5,Fox Mill Estates,Week4,220.0 Great Falls - 182.0 Fox Mill Estates
Greenbriar,Week3,Hayfield Farm,Week2,208.0 Greenbriar - 194.0 Hayfield Farm
Great Falls,Week5,Herndon,Week5,304.0 Great Falls - 96.0 Herndon
Great Falls,Week1,Newington Forest,Week5,231.0 Great Falls - 171.0 Newington Forest
Fox Mill Woods,Week4,Springfield,Week3,382.0 Fox Mill Woods - 20.0 Springfield
Great Falls,Week2,Herndon,Week4,280.0 Great Falls - 103.0 Herndon
Greenbriar,Week1,Herndon,Week1,329.0 Greenbriar - 73.0 Herndon
Great Falls,Week2,Fox Mill Woods,Week2,249.0 Fox Mill Woods - 135.0 Great Falls
Fox Mill Woods,Week1,Stratford,Week1,326.0 Fox Mill Woods - 76.0 Stratford
Great Falls,Week4,Overlee,Week4,350.0 Overlee - 52.0 Great Falls
Great Falls,Week5,Overlee,Week4,328.0 Overlee - 74.0 Great Falls
Fox Mill Woods,Week3,Parliament,Week5,245.0 Fox Mill Woods - 157.0 Parliament
Fox Mill Woods,Week1,Stratford,Week2,329.0 Fox Mill Woods - 73.0 Stratford
Great Falls,Week4,Fox Mill Woods,Week2,251.0 Fox Mill Woods - 151.0 Great Falls
Greenbriar,Week5,Hamlet,Week3,255.0 Hamlet - 147.0 Greenbriar
Great Falls,Week1,Newington Forest,Week4,238.0 Great Falls - 164.0 Newington Forest
Great Falls,Week2,Parklawn,Week1,247.0 Great Falls - 123.0 Parklawn
Great Falls,Week5,Overlee,Week1,289.0 Overlee - 113.0 Great Falls
Fox Mill Woods,Week3,Springfield,Week2,380.0 Fox Mill Woods - 21.0 Springfield
Fox Mill Woods,Week1,Parliament,Week4,269.0 Fox Mill Woods - 133.0 Parliament
Great Falls,Week3,Parklawn,Week3,253.0 Great Falls - 149.0 Parklawn
Greenbriar,Week4,Hamlet,Week1,282.0 Hamlet - 120.0 Greenbriar
Great Falls,Week2,Fox Mill Woods,Week4,243.0 Fox Mill Woods - 141.0 Great Falls
Great Falls,Week1,Hiddenbrook,Week2,250.5 Great Falls - 149.5 Hiddenbrook
Great Falls,Week3,Herndon,Week1,308.0 Great Falls - 88.0 Herndon
Great Falls,Week2,Newington Forest,Week3,258.0 Great Falls - 126.0 Newington Forest
Fox Mill Woods,Week2,Parliament,Week5,245.0 Fox Mill Woods - 157.0 Parliament
Great Falls,Week5,Hayfield Farm,Week3,210.0 Hayfield Farm - 191.0 Great Falls
Fox Mill Woods,Week5,Shouse Village,Week5,221.0 Fox Mill Woods - 181.0 Shouse Village
Fox Mill Woods,Week4,Parliament,Week2,265.0 Fox Mill Woods - 137.0 Parliament
Fox Mill Woods,Week3,Shouse Village,Week5,229.0 Fox Mill Woods - 173.0 Shouse Village
Fox Mill Woods,Week4,Parklawn,Week5,300.0 Fox Mill Woods - 102.0 Parklawn
Fox Mill Woods,Week1,Sideburn Run,Week2,252.0 Fox Mill Woods - 150.0 Sideburn Run
Great Falls,Week3,Newington Forest,Week1,269.0 Great Falls - 133.0 Newington Forest
Great Falls,Week1,Newington Forest,Week3,247.0 Great Falls - 155.0 Newington Forest
Great Falls,Week4,Newington Forest,Week5,230.0 Great Falls - 167.0 Newington Forest
Great Falls,Week5,Overlee,Week3,290.0 Overlee - 112.0 Great Falls
Greenbriar,Week1,Hayfield Farm,Week2,201.0 Greenbriar - 201.0 Hayfield Farm
Great Falls,Week3,Newington Forest,Week2,268.0 Great Falls - 134.0 Newington Forest
Great Falls,Week2,Herndon,Week1,287.0 Great Falls - 95.0 Herndon
Fox Mill Woods,Week3,Parklawn,Week3,307.0 Fox Mill Woods - 95.0 Parklawn
Fox Mill Woods,Week3,Parliament,Week1,225.0 Fox Mill Woods - 177.0 Parliament
Great Falls,Week5,Newington Forest,Week1,267.0 Great Falls - 135.0 Newington Forest
Fox Mill Woods,Week1,Parliament,Week5,264.0 Fox Mill Woods - 138.0 Parliament
Great Falls,Week4,Overlee,Week3,311.0 Overlee - 91.0 Great Falls
Fox Mill Woods,Week3,Parliament,Week2,274.0 Fox Mill Woods - 128.0 Parliament
Fox Mill Woods,Week5,Parliament,Week2,269.0 Fox Mill Woods - 132.0 Parliament
Great Falls,Week2,Fox Mill Woods,Week1,248.0 Fox Mill Woods - 136.0 Great Falls
Fox Mill Woods,Week2,Shouse Village,Week5,224.0 Fox Mill Woods - 178.0 Shouse Village
Great Falls,Week1,Herndon,Week4,289.0 Great Falls - 112.0 Herndon
Fox Mill Woods,Week5,Shouse Village,Week2,276.0 Fox Mill Woods - 126.0 Shouse Village
Great Falls,Week3,Newington Forest,Week3,278.0 Great Falls - 124.0 Newington Forest
Great Falls,Week3,Fox Mill Woods,Week2,229.0 Fox Mill Woods - 173.0 Great Falls
Fox Mill Woods,Week3,Stratford,Week4,301.0 Fox Mill Woods - 101.0 Stratford
Fox Mill Woods,Week2,Springfield,Week5,385.0 Fox Mill Woods - 17.0 Springfield
Fox Mill Woods,Week2,Parliament,Week4,261.0 Fox Mill Woods - 141.0 Parliament
Greenbriar,Week5,Hayfield Farm,Week1,210.0 Greenbriar - 192.0 Hayfield Farm
Great Falls,Week5,Mount Vernon Park,Week1,240.0 Mount Vernon Park - 162.0 Great Falls
Great Falls,Week5,Fox Mill Estates,Week1,243.0 Great Falls - 159.0 Fox Mill Estates
Great Falls,Week1,Fox Mill Woods,Week3,260.0 Fox Mill Woods - 142.0 Great Falls
Greenbriar,Week5,Hamlet,Week2,270.0 Hamlet - 132.0 Greenbriar
Great Falls,Week5,Overlee,Week5,328.0 Overlee - 74.0 Great Falls
Fox Mill Woods,Week3,Springfield,Week1,376.0 Fox Mill Woods - 25.0 Springfield
Great Falls,Week1,Hiddenbrook,Week1,215.0 Great Falls - 187.0 Hiddenbrook
Great Falls,Week5,Overlee,Week2,296.0 Overlee - 106.0 Great Falls
Great Falls,Week1,Newington Forest,Week1,254.0 Great Falls - 147.0 Newington Forest
Great Falls,Week1,Parklawn,Week1,242.0 Great Falls - 150.0 Parklawn
Great Falls,Week1,Fox Mill Woods,Week4,275.0 Fox Mill Woods - 127.0 Great Falls
Great Falls,Week5,Fox Mill Estates,Week2,218.0 Great Falls - 183.0 Fox Mill Estates
Fox Mill Woods,Week4,Parklawn,Week4,300.0 Fox Mill Woods - 102.0 Parklawn
Greenbriar,Week5,Hamlet,Week5,284.0 Hamlet - 118.0 Greenbriar
Greenbriar,Week5,Hayfield Farm,Week2,202.0 Hayfield Farm - 200.0 Greenbriar
Great Falls,Week2,Newington Forest,Week2,260.0 Great Falls - 124.0 Newington Forest
Great Falls,Week4,Overlee,Week1,318.0 Overlee - 84.0 Great Falls
Great Falls,Week5,Hayfield Farm,Week5,205.0 Great Falls - 197.0 Hayfield Farm
Great Falls,Week5,Fox Mill Estates,Week3,231.0 Great Falls - 171.0 Fox Mill Estates
Great Falls,Week1,North Springfield,Week3,252.0 Great Falls - 138.0 North Springfield
Fox Mill Woods,Week5,Parliament,Week3,259.0 Fox Mill Woods - 142.0 Parliament
Great Falls,Week3,Parklawn,Week2,251.0 Great Falls - 151.0 Parklawn
Great Falls,Week1,Hiddenbrook,Week4,218.0 Great Falls - 183.0 Hiddenbrook
Great Falls,Week4,Fox Mill Woods,Week5,251.0 Fox Mill Woods - 151.0 Great Falls
Fox Mill Woods,Week2,Stratford,Week1,313.0 Fox Mill Woods - 89.0 Stratford
Great Falls,Week4,Parklawn,Week3,235.0 Great Falls - 167.0 Parklawn
Great Falls,Week3,Fox Mill Woods,Week4,234.0 Fox Mill Woods - 168.0 Great Falls
Greenbriar,Week5,Hayfield Farm,Week5,215.0 Greenbriar - 187.0 Hayfield Farm
Great Falls,Week5,Newington Forest,Week3,271.0 Great Falls - 131.0 Newington Forest
Greenbriar,Week2,Hayfield Farm,Week2,215.0 Greenbriar - 187.0 Hayfield Farm
Great Falls,Week1,Parliament,Week3,219.0 Parliament - 182.0 Great Falls
Great Falls,Week1,Hiddenbrook,Week5,217.0 Hiddenbrook - 185.0 Great Falls
Fox Mill Woods,Week4,Parliament,Week5,244.0 Fox Mill Woods - 158.0 Parliament
Fox Mill Woods,Week1,Stratford,Week5,310.0 Fox Mill Woods - 92.0 Stratford
Great Falls,Week5,Fox Mill Woods,Week1,231.0 Fox Mill Woods - 171.0 Great Falls
Fox Mill Woods,Week2,Stratford,Week3,312.0 Fox Mill Woods - 90.0 Stratford
Fox Mill Woods,Week5,Parliament,Week5,243.0 Fox Mill Woods - 158.0 Parliament
Great Falls,Week4,Herndon,Week1,283.0 Great Falls - 107.0 Herndon
Great Falls,Week5,Herndon,Week1,308.0 Great Falls - 82.0 Herndon
Great Falls,Week3,North Springfield,Week2,298.0 Great Falls - 90.0 North Springfield
Great Falls,Week5,North Springfield,Week3,272.0 Great Falls - 120.0 North Springfield
Fox Mill Woods,Week5,Parliament,Week1,226.0 Fox Mill Woods - 175.0 Parliament
Great Falls,Week2,Parklawn,Week4,217.0 Great Falls - 166.0 Parklawn
Great Falls,Week1,Oakton ,Week1,272.0 Oakton - 130.0 Great Falls
Great Falls,Week5,Fox Mill Woods,Week3,224.0 Fox Mill Woods - 178.0 Great Falls
Great Falls,Week2,Herndon,Week5,271.0 Great Falls - 112.0 Herndon
Greenbriar,Week1,Hayfield Farm,Week3,209.0 Hayfield Farm - 193.0 Greenbriar
Greenbriar,Week1,Herndon,Week2,331.0 Greenbriar - 71.0 Herndon
Greenbriar,Week2,Hayfield Farm,Week4,214.0 Greenbriar - 188.0 Hayfield Farm
Great Falls,Week4,Overlee,Week2,320.0 Overlee - 82.0 Great Falls
Fox Mill Woods,Week4,Parliament,Week1,234.0 Fox Mill Woods - 168.0 Parliament
Great Falls,Week1,Parklawn,Week2,229.0 Great Falls - 173.0 Parklawn
Great Falls,Week4,Herndon,Week4,284.5 Great Falls - 115.5 Herndon
Fox Mill Woods,Week5,Springfield,Week1,378.0 Fox Mill Woods - 22.0 Springfield
Fox Mill Woods,Week5,Parliament,Week4,269.0 Fox Mill Woods - 133.0 Parliament
Fox Mill Woods,Week3,Stratford,Week2,305.0 Fox Mill Woods - 97.0 Stratford
Fox Mill Woods,Week4,Springfield,Week4,382.0 Fox Mill Woods - 20.0 Springfield
Great Falls,Week1,Great Falls,Week1,192.5 Great Falls (GF1) - 192.5 Great Falls (GF2)
Greenbriar,Week3,Herndon,Week5,333.0 Greenbriar - 69.0 Herndon
Great Falls,Week5,Fox Mill Woods,Week4,224.0 Fox Mill Woods - 177.0 Great Falls
Great Falls,Week4,Parklawn,Week5,211.0 Great Falls - 190.0 Parklawn
Greenbriar,Week2,Herndon,Week2,338.0 Greenbriar - 63.0 Herndon
Fox Mill Woods,Week3,Parliament,Week4,273.0 Fox Mill Woods - 129.0 Parliament
Great Falls,Week1,Oakton ,Week3,272.0 Oakton - 130.0 Great Falls
Greenbriar,Week3,Hayfield Farm,Week1,207.5 Greenbriar - 194.5 Hayfield Farm
Great Falls,Week5,North Springfield,Week5,258.0 Great Falls - 112.0 North Springfield
Greenbriar,Week2,Hayfield Farm,Week5,231.0 Greenbriar - 171.0 Hayfield Farm
Fox Mill Woods,Week2,Stratford,Week5,291.5 Fox Mill Woods - 110.5 Stratford
Great Falls,Week5,Great Falls,Week2,213.0 Great Falls (GF1) - 170.0 Great Falls (GF2)
Great Falls,Week3,Herndon,Week2,314.0 Great Falls - 83.0 Herndon
Fox Mill Woods,Week4,Parliament,Week3,262.0 Fox Mill Woods - 140.0 Parliament
Great Falls,Week3,North Springfield,Week3,294.0 Great Falls - 103.0 North Springfield
Fox Mill Woods,Week1,Pinecrest,Week1,206.0 Pinecrest - 196.0 Fox Mill Woods
Fox Mill Woods,Week4,Stratford,Week3,314.0 Fox Mill Woods - 88.0 Stratford
Greenbriar,Week4,Hayfield Farm,Week3,226.0 Hayfield Farm - 176.0 Greenbriar
Great Falls,Week2,Parklawn,Week5,226.5 Great Falls - 157.5 Parklawn
Fox Mill Woods,Week4,Parliament,Week4,267.0 Fox Mill Woods - 135.0 Parliament
Great Falls,Week2,North Springfield,Week3,264.0 Great Falls - 110.0 North Springfield
Great Falls,Week4,Herndon,Week3,277.0 Great Falls - 120.0 Herndon
Great Falls,Week4,Herndon,Week5,282.0 Great Falls - 118.0 Herndon
Great Falls,Week3,Overlee,Week5,337.0 Overlee - 65.0 Great Falls
Great Falls,Week1,North Springfield,Week1,276.0 Great Falls - 67.0 North Springfield
Great Falls,Week4,Overlee,Week5,340.0 Overlee - 62.0 Great Falls
Great Falls,Week3,Herndon,Week3,310.0 Great Falls - 87.0 Herndon
Fox Mill Woods,Week3,Stratford,Week3,308.0 Fox Mill Woods - 94.0 Stratford
Great Falls,Week1,Parklawn,Week4,216.0 Great Falls - 185.0 Parklawn
Fox Mill Woods,Week1,Pinecrest,Week2,232.0 Pinecrest - 170.0 Fox Mill Woods
Great Falls,Week1,Greenbriar,Week5,215.0 Greenbriar - 187.0 Great Falls
Great Falls,Week2,Great Falls,Week5,213.0 Great Falls (GF2) - 170.0 Great Falls (GF1)
Great Falls,Week3,Great Falls,Week1,260.0 Great Falls (GF1) - 142.0 Great Falls (GF2)
Fox Mill Woods,Week5,Springfield,Week4,377.0 Fox Mill Woods - 23.0 Springfield
Great Falls,Week5,Newington Forest,Week5,254.0 Great Falls - 148.0 Newington Forest
Great Falls,Week4,Great Falls,Week2,191.0 Great Falls (GF2) - 186.0 Great Falls (GF1)
Great Falls,Week3,Herndon,Week5,310.0 Great Falls - 92.0 Herndon
Great Falls,Week2,Herndon,Week3,290.0 Great Falls - 94.0 Herndon
Fox Mill Woods,Week1,Pinecrest,Week4,216.0 Pinecrest - 186.0 Fox Mill Woods
Great Falls,Week3,Great Falls,Week2,215.0 Great Falls (GF1) - 169.0 Great Falls (GF2)
Fox Mill Woods,Week1,Pinecrest,Week3,231.0 Pinecrest - 171.0 Fox Mill Woods
Fox Mill Woods,Week4,Stratford,Week2,327.5 Fox Mill Woods - 74.5 Stratford
Great Falls,Week5,Newington Forest,Week2,268.0 Great Falls - 134.0 Newington Forest
Great Falls,Week2,North Springfield,Week1,277.0 Great Falls - 62.0 North Springfield
Great Falls,Week2,Great Falls,Week2,188.5 Great Falls (GF1) - 188.5 Great Falls (GF2)
Greenbriar,Week5,Herndon,Week1,321.0 Greenbriar - 79.0 Herndon
Fox Mill Woods,Week2,Stratford,Week4,293.0 Fox Mill Woods - 109.0 Stratford
Greenbriar,Week1,Hayfield Farm,Week4,204.0 Greenbriar - 198.0 Hayfield Farm
Great Falls,Week2,Parklawn,Week3,255.0 Great Falls - 129.0 Parklawn
Greenbriar,Week3,Hayfield Farm,Week4,208.0 Greenbriar - 194.0 Hayfield Farm
Great Falls,Week5,North Springfield,Week2,282.0 Great Falls - 99.0 North Springfield
Fox Mill Woods,Week4,Springfield,Week1,384.0 Fox Mill Woods - 17.0 Springfield
Great Falls,Week1,North Springfield,Week5,240.0 Great Falls - 131.0 North Springfield
Great Falls,Week1,Parklawn,Week5,216.0 Great Falls - 182.0 Parklawn
Great Falls,Week5,Great Falls,Week1,221.0 Great Falls (GF1) - 172.0 Great Falls (GF2)
Great Falls,Week3,Parklawn,Week1,256.0 Great Falls - 137.0 Parklawn
Great Falls,Week3,Herndon,Week4,308.0 Great Falls - 94.0 Herndon
Fox Mill Woods,Week2,Stratford,Week2,311.0 Fox Mill Woods - 91.0 Stratford
Great Falls,Week2,Parklawn,Week2,231.0 Great Falls - 153.0 Parklawn
Great Falls,Week4,Herndon,Week2,283.0 Great Falls - 110.0 Herndon
Great Falls,Week5,Herndon,Week3,308.0 Great Falls - 88.0 Herndon
Greenbriar,Week2,Hayfield Farm,Week1,221.0 Greenbriar - 181.0 Hayfield Farm
Great Falls,Week3,Parklawn,Week4,240.0 Great Falls - 161.0 Parklawn
Great Falls,Week1,Greenbriar,Week2,235.0 Greenbriar - 167.0 Great Falls
Greenbriar,Week3,Hayfield Farm,Week3,209.0 Greenbriar - 193.0 Hayfield Farm
Fox Mill Woods,Week3,Springfield,Week5,381.0 Fox Mill Woods - 19.0 Springfield
Great Falls,Week3,Hiddenbrook,Week1,244.0 Great Falls - 158.0 Hiddenbrook
Great Falls,Week4,Parklawn,Week1,236.0 Great Falls - 151.0 Parklawn
Great Falls,Week3,North Springfield,Week4,310.0 Great Falls - 81.0 North Springfield
Great Falls,Week5,Herndon,Week4,307.0 Great Falls - 94.0 Herndon
Great Falls,Week2,North Springfield,Week2,278.0 Great Falls - 90.0 North Springfield
Greenbriar,Week4,Hayfield Farm,Week5,204.0 Hayfield Farm - 198.0 Greenbriar
Great Falls,Week1,Great Falls,Week5,221.0 Great Falls (GF2) - 172.0 Great Falls (GF1)
Great Falls,Week2,High Point Pool,Week2,247.0 High Point Pool - 137.0 Great Falls
Fox Mill Woods,Week5,Springfield,Week3,382.0 Fox Mill Woods - 18.0 Springfield
Fox Mill Woods,Week4,Stratford,Week1,323.0 Fox Mill Woods - 79.0 Stratford
Great Falls,Week4,Parklawn,Week2,224.0 Great Falls - 178.0 Parklawn
Great Falls,Week1,Great Falls,Week3,260.0 Great Falls (GF2) - 142.0 Great Falls (GF1)
Greenbriar,Week4,Hayfield Farm,Week2,215.0 Hayfield Farm - 187.0 Greenbriar
Fox Mill Woods,Week4,Stratford,Week4,314.5 Fox Mill Woods - 87.5 Stratford
Greenbriar,Week1,Hayfield Farm,Week5,213.0 Greenbriar - 189.0 Hayfield Farm
Great Falls,Week3,North Springfield,Week5,272.0 Great Falls - 101.0 North Springfield
Great Falls,Week5,Parklawn,Week5,234.0 Great Falls - 167.0 Parklawn
Great Falls,Week5,Parklawn,Week3,249.0 Great Falls - 153.0 Parklawn
Greenbriar,Week5,Hayfield Farm,Week3,219.0 Hayfield Farm - 183.0 Greenbriar
Great Falls,Week2,Great Falls,Week3,215.0 Great Falls (GF2) - 169.0 Great Falls (GF1)
Great Falls,Week3,Great Falls,Week4,234.0 Great Falls (GF1) - 162.0 Great Falls (GF2)
Greenbriar,Week5,Hayfield Farm,Week4,201.0 Greenbriar - 201.0 Hayfield Farm
Great Falls,Week1,Great Falls,Week4,199.0 Great Falls (GF2) - 197.0 Great Falls (GF1)
Fox Mill Woods,Week5,Stratford,Week1,325.5 Fox Mill Woods - 76.5 Stratford
Great Falls,Week1,Parliament,Week1,230.0 Parliament - 168.0 Great Falls
Fox Mill Woods,Week5,Sully Station,Week4,225.0 Fox Mill Woods - 177.0 Sully Station
Greenbriar,Week2,Herndon,Week1,340.0 Greenbriar - 62.0 Herndon
Great Falls,Week3,North Springfield,Week1,296.0 Great Falls - 53.0 North Springfield
Great Falls,Week4,North Springfield,Week1,272.0 Great Falls - 74.0 North Springfield
Great Falls,Week5,Parklawn,Week1,256.0 Great Falls - 137.0 Parklawn
Great Falls,Week3,Hiddenbrook,Week3,241.0 Great Falls - 161.0 Hiddenbrook
Great Falls,Week4,Parklawn,Week4,206.0 Great Falls - 196.0 Parklawn
Great Falls,Week2,Hiddenbrook,Week5,196.0 Great Falls - 188.0 Hiddenbrook
Great Falls,Week4,North Springfield,Week4,278.0 Great Falls - 105.0 North Springfield
Great Falls,Week1,Parliament,Week2,211.0 Parliament - 182.0 Great Falls
Great Falls,Week4,North Springfield,Week2,275.0 Great Falls - 110.0 North Springfield
Great Falls,Week2,North Springfield,Week5,263.0 Great Falls - 101.0 North Springfield
Great Falls,Week4,Great Falls,Week5,211.0 Great Falls (GF2) - 179.0 Great Falls (GF1)
Great Falls,Week2,Hiddenbrook,Week2,245.0 Great Falls - 134.0 Hiddenbrook
Fox Mill Woods,Week1,Stratford,Week3,318.0 Fox Mill Woods - 84.0 Stratford
Great Falls,Week1,Greenbriar,Week3,229.0 Greenbriar - 172.0 Great Falls
Greenbriar,Week1,Herndon,Week5,327.0 Greenbriar - 75.0 Herndon
Great Falls,Week2,Hiddenbrook,Week1,224.0 Great Falls - 160.0 Hiddenbrook
Fox Mill Woods,Week5,Stratford,Week4,310.0 Fox Mill Woods - 92.0 Stratford
Great Falls,Week2,High Point Pool,Week5,226.0 High Point Pool - 157.0 Great Falls
Great Falls,Week2,Hiddenbrook,Week3,220.0 Great Falls - 163.0 Hiddenbrook
Greenbriar,Week3,Hayfield Farm,Week5,206.0 Greenbriar - 196.0 Hayfield Farm
Great Falls,Week5,Hiddenbrook,Week2,290.0 Great Falls - 105.0 Hiddenbrook
Great Falls,Week4,Great Falls,Week4,186.5 Great Falls (GF1) - 186.5 Great Falls (GF2)
Great Falls,Week5,Parklawn,Week4,226.0 Great Falls - 176.0 Parklawn
Fox Mill Woods,Week5,Stratford,Week2,324.0 Fox Mill Woods - 78.0 Stratford
Great Falls,Week1,North Springfield,Week2,268.0 Great Falls - 116.0 North Springfield
Great Falls,Week2,Great Falls,Week1,216.0 Great Falls (GF1) - 165.0 Great Falls (GF2)
Great Falls,Week5,Parklawn,Week2,248.0 Great Falls - 154.0 Parklawn
Greenbriar,Week1,Herndon,Week4,335.0 Greenbriar - 67.0 Herndon
Great Falls,Week4,North Springfield,Week3,269.0 Great Falls - 122.0 North Springfield
Great Falls,Week2,North Springfield,Week4,282.0 Great Falls - 84.0 North Springfield
Fox Mill Woods,Week5,Sully Station,Week2,231.0 Fox Mill Woods - 171.0 Sully Station
Great Falls,Week2,Parliament,Week4,203.0 Great Falls - 181.0 Parliament
Greenbriar,Week2,Herndon,Week4,337.0 Greenbriar - 65.0 Herndon
Great Falls,Week4,Hiddenbrook,Week1,225.0 Great Falls - 177.0 Hiddenbrook
Great Falls,Week3,Great Falls,Week3,198.0 Great Falls (GF1) - 198.0 Great Falls (GF2)
Great Falls,Week3,Great Falls,Week5,213.0 Great Falls (GF1) - 182.0 Great Falls (GF2)
Great Falls,Week5,Hiddenbrook,Week5,213.0 Great Falls - 189.0 Hiddenbrook
Fox Mill Woods,Week3,Stratford,Week1,318.0 Fox Mill Woods - 83.0 Stratford
Fox Mill Woods,Week4,Sully Station,Week4,202.0 Fox Mill Woods - 200.0 Sully Station
Greenbriar,Week2,Herndon,Week5,333.0 Greenbriar - 69.0 Herndon
Greenbriar,Week2,Hayfield Farm,Week3,206.0 Greenbriar - 196.0 Hayfield Farm
Great Falls,Week2,Great Falls,Week4,191.0 Great Falls (GF1) - 186.0 Great Falls (GF2)
Fox Mill Woods,Week2,Ravensworth Farm,Week3,212.0 Fox Mill Woods - 190.0 Ravensworth Farm
Fox Mill Woods,Week4,Sully Station,Week5,206.0 Sully Station - 196.0 Fox Mill Woods
Great Falls,Week1,High Point Pool,Week4,263.0 High Point Pool - 139.0 Great Falls
Great Falls,Week5,Newington Forest,Week4,264.0 Great Falls - 136.0 Newington Forest
Great Falls,Week2,Parliament,Week1,201.0 Parliament - 182.0 Great Falls
Great Falls,Week1,North Springfield,Week4,268.0 Great Falls - 117.0 North Springfield
Great Falls,Week4,Parliament,Week1,216.0 Parliament - 170.0 Great Falls
Fox Mill Woods,Week3,Poplar Tree,Week2,221.0 Fox Mill Woods - 181.0 Poplar Tree
Fox Mill Woods,Week5,Sully Station,Week3,216.0 Fox Mill Woods - 186.0 Sully Station
Great Falls,Week5,North Springfield,Week1,283.0 Great Falls - 62.0 North Springfield
Great Falls,Week5,North Springfield,Week4,288.5 Great Falls - 96.5 North Springfield
Fox Mill Woods,Week5,Sully Station,Week1,201.0 Fox Mill Woods - 201.0 Sully Station
Great Falls,Week4,Great Falls,Week3,234.0 Great Falls (GF2) - 162.0 Great Falls (GF1)
Fox Mill Woods,Week5,Poplar Tree,Week2,243.0 Fox Mill Woods - 159.0 Poplar Tree
Great Falls,Week3,Parklawn,Week5,238.0 Great Falls - 164.0 Parklawn
Fox Mill Woods,Week3,Poplar Tree,Week5,201.0 Fox Mill Woods - 201.0 Poplar Tree
Great Falls,Week1,High Point Pool,Week1,248.0 High Point Pool - 154.0 Great Falls
Great Falls,Week5,Great Falls,Week4,211.0 Great Falls (GF1) - 179.0 Great Falls (GF2)
Fox Mill Woods,Week4,Sully Station,Week2,223.0 Fox Mill Woods - 179.0 Sully Station
Great Falls,Week4,North Springfield,Week5,259.0 Great Falls - 113.0 North Springfield
Great Falls,Week5,Great Falls,Week3,213.0 Great Falls (GF2) - 182.0 Great Falls (GF1)
Greenbriar,Week3,Herndon,Week1,337.0 Greenbriar - 65.0 Herndon
Great Falls,Week5,Parliament,Week1,204.0 Parliament - 191.0 Great Falls
Greenbriar,Week2,Herndon,Week3,343.0 Greenbriar - 59.0 Herndon
Greenbriar,Week3,Herndon,Week2,334.0 Greenbriar - 68.0 Herndon
Great Falls,Week2,Hiddenbrook,Week4,211.0 Great Falls - 167.0 Hiddenbrook
Great Falls,Week1,High Point Pool,Week2,270.0 High Point Pool - 132.0 Great Falls
Great Falls,Week4,Hiddenbrook,Week4,233.0 Great Falls - 163.0 Hiddenbrook
Great Falls,Week4,Great Falls,Week1,199.0 Great Falls (GF1) - 197.0 Great Falls (GF2)
Great Falls,Week4,Parliament,Week2,201.0 Parliament - 191.0 Great Falls
Fox Mill Woods,Week2,Sully Station,Week4,202.0 Fox Mill Woods - 200.0 Sully Station
Great Falls,Week1,Oakton ,Week2,277.0 Oakton - 125.0 Great Falls
Great Falls,Week5,Parliament,Week2,217.0 Great Falls - 176.0 Parliament
Greenbriar,Week3,Herndon,Week4,338.0 Greenbriar - 64.0 Herndon
Greenbriar,Week3,Herndon,Week3,340.0 Greenbriar - 62.0 Herndon
Great Falls,Week5,Hiddenbrook,Week4,234.0 Great Falls - 167.0 Hiddenbrook
Great Falls,Week5,Great Falls,Week5,190.5 Great Falls (GF1) - 190.5 Great Falls (GF2)
Fox Mill Woods,Week1,Ravensworth Farm,Week3,239.0 Fox Mill Woods - 163.0 Ravensworth Farm
Great Falls,Week1,Greenbriar,Week1,222.0 Greenbriar - 180.0 Great Falls
Fox Mill Woods,Week4,Poplar Tree,Week1,215.0 Fox Mill Woods - 187.0 Poplar Tree
Great Falls,Week2,Oakton ,Week1,260.0 Oakton - 124.0 Great Falls
Fox Mill Woods,Week2,Sully Station,Week2,218.0 Fox Mill Woods - 184.0 Sully Station
Fox Mill Woods,Week1,Sully Station,Week4,219.0 Fox Mill Woods - 183.0 Sully Station
Greenbriar,Week4,Herndon,Week1,318.0 Greenbriar - 84.0 Herndon
Great Falls,Week4,Hiddenbrook,Week5,215.0 Great Falls - 187.0 Hiddenbrook
Great Falls,Week3,Oakton ,Week4,263.0 Oakton - 139.0 Great Falls
Great Falls,Week4,Parliament,Week5,211.0 Parliament - 176.0 Great Falls
Fox Mill Woods,Week5,Stratford,Week3,326.0 Fox Mill Woods - 76.0 Stratford
Great Falls,Week3,Hiddenbrook,Week5,223.0 Great Falls - 179.0 Hiddenbrook
Great Falls,Week4,Greenbriar,Week1,228.0 Greenbriar - 174.0 Great Falls
Great Falls,Week1,Greenbriar,Week4,206.0 Greenbriar - 196.0 Great Falls
Fox Mill Woods,Week4,Poplar Tree,Week5,202.0 Fox Mill Woods - 200.0 Poplar Tree
Great Falls,Week1,High Point Pool,Week3,252.0 High Point Pool - 150.0 Great Falls
Fox Mill Woods,Week2,Sully Station,Week3,204.0 Fox Mill Woods - 198.0 Sully Station
Great Falls,Week2,Greenbriar,Week1,221.0 Greenbriar - 163.0 Great Falls
Greenbriar,Week4,Herndon,Week4,319.0 Greenbriar - 83.0 Herndon
Greenbriar,Week4,Herndon,Week2,315.0 Greenbriar - 87.0 Herndon
Fox Mill Woods,Week4,Ravensworth Farm,Week2,260.5 Fox Mill Woods - 141.5 Ravensworth Farm
Great Falls,Week3,Oakton ,Week1,246.0 Oakton - 151.0 Great Falls
Fox Mill Woods,Week2,Sully Station,Week1,205.0 Sully Station - 197.0 Fox Mill Woods
Great Falls,Week2,High Point Pool,Week1,224.0 High Point Pool - 160.0 Great Falls
Great Falls,Week3,Oakton ,Week3,259.0 Oakton - 143.0 Great Falls
Greenbriar,Week4,Herndon,Week5,323.0 Greenbriar - 79.0 Herndon
Fox Mill Woods,Week5,Poplar Tree,Week1,217.0 Fox Mill Woods - 185.0 Poplar Tree
Fox Mill Woods,Week2,Ravensworth Farm,Week1,216.0 Fox Mill Woods - 186.0 Ravensworth Farm
Great Falls,Week3,Oakton ,Week2,255.0 Oakton - 147.0 Great Falls
Great Falls,Week1,Hamlet,Week5,303.0 Hamlet - 99.0 Great Falls
Fox Mill Woods,Week1,Sully Station,Week1,206.0 Sully Station - 196.0 Fox Mill Woods
Fox Mill Woods,Week4,Poplar Tree,Week2,235.0 Fox Mill Woods - 167.0 Poplar Tree
Great Falls,Week1,Parliament,Week4,213.0 Parliament - 185.0 Great Falls
Great Falls,Week2,Parliament,Week3,200.0 Great Falls - 184.0 Parliament
Great Falls,Week5,Parliament,Week4,219.0 Great Falls - 177.0 Parliament
Great Falls,Week3,Hiddenbrook,Week2,286.0 Great Falls - 111.0 Hiddenbrook
Great Falls,Week3,Parliament,Week3,202.0 Great Falls - 200.0 Parliament
Greenbriar,Week4,Herndon,Week3,314.5 Greenbriar - 87.5 Herndon
Greenbriar,Week5,Herndon,Week2,318.0 Greenbriar - 82.0 Herndon
Great Falls,Week4,Oakton ,Week4,283.0 Oakton - 119.0 Great Falls
Great Falls,Week3,Hiddenbrook,Week4,241.0 Great Falls - 161.0 Hiddenbrook
Greenbriar,Week5,Herndon,Week3,322.0 Greenbriar - 78.0 Herndon
Great Falls,Week2,Oakton ,Week5,274.0 Oakton - 105.0 Great Falls
Great Falls,Week1,Pinecrest,Week2,273.0 Pinecrest - 129.0 Great Falls
Great Falls,Week4,Hiddenbrook,Week3,228.0 Great Falls - 172.0 Hiddenbrook
Great Falls,Week2,Oakton ,Week2,261.0 Oakton - 118.0 Great Falls
Great Falls,Week5,Hiddenbrook,Week1,242.0 Great Falls - 159.0 Hiddenbrook
Fox Mill Woods,Week5,Poplar Tree,Week3,238.0 Fox Mill Woods - 164.0 Poplar Tree
Great Falls,Week2,Hamlet,Week5,300.0 Hamlet - 84.0 Great Falls
Greenbriar,Week1,Hiddenbrook,Week1,262.0 Greenbriar - 140.0 Hiddenbrook
Fox Mill Woods,Week3,Poplar Tree,Week3,216.0 Fox Mill Woods - 186.0 Poplar Tree
Great Falls,Week1,Pinecrest,Week1,257.0 Pinecrest - 145.0 Great Falls
Great Falls,Week3,Greenbriar,Week2,220.0 Greenbriar - 182.0 Great Falls
Fox Mill Woods,Week1,Ravensworth Farm,Week5,235.0 Fox Mill Woods - 167.0 Ravensworth Farm
Greenbriar,Week1,Hiddenbrook,Week2,290.0 Greenbriar - 111.0 Hiddenbrook
Fox Mill Woods,Week5,Stratford,Week5,321.5 Fox Mill Woods - 80.5 Stratford
Fox Mill Woods,Week3,Sully Station,Week1,206.0 Fox Mill Woods - 196.0 Sully Station
Great Falls,Week5,Greenbriar,Week2,221.0 Greenbriar - 181.0 Great Falls
Fox Mill Woods,Week1,Sully Station,Week3,222.0 Fox Mill Woods - 180.0 Sully Station
Great Falls,Week2,Greenbriar,Week3,224.0 Greenbriar - 160.0 Great Falls
Fox Mill Woods,Week5,Poplar Tree,Week4,232.0 Fox Mill Woods - 170.0 Poplar Tree
Great Falls,Week5,Parliament,Week5,204.0 Great Falls - 191.0 Parliament
Greenbriar,Week5,Herndon,Week4,321.0 Greenbriar - 79.0 Herndon
Great Falls,Week4,Oakton ,Week1,242.0 Oakton - 155.0 Great Falls
Great Falls,Week3,Parliament,Week1,204.0 Parliament - 191.0 Great Falls
Great Falls,Week4,Hiddenbrook,Week2,260.0 Great Falls - 130.0 Hiddenbrook
Fox Mill Woods,Week3,Ravensworth Farm,Week3,206.0 Fox Mill Woods - 196.0 Ravensworth Farm
Great Falls,Week1,Hamlet,Week4,284.0 Hamlet - 118.0 Great Falls
Fox Mill Woods,Week1,Sully Station,Week5,216.0 Sully Station - 186.0 Fox Mill Woods
Fox Mill Woods,Week1,Ravensworth Farm,Week2,265.5 Fox Mill Woods - 136.5 Ravensworth Farm
Great Falls,Week3,Oakton ,Week5,277.0 Oakton - 125.0 Great Falls
Greenbriar,Week5,Herndon,Week5,317.0 Greenbriar - 83.0 Herndon
Great Falls,Week2,Greenbriar,Week5,204.0 Greenbriar - 180.0 Great Falls
Great Falls,Week3,Parliament,Week2,199.0 Parliament - 198.0 Great Falls
Great Falls,Week2,High Point Pool,Week3,231.0 High Point Pool - 153.0 Great Falls
Great Falls,Week5,Oakton ,Week2,253.0 Oakton - 149.0 Great Falls
Great Falls,Week1,High Point Pool,Week5,250.0 High Point Pool - 151.0 Great Falls
Great Falls,Week5,Parliament,Week3,216.0 Great Falls - 186.0 Parliament
Great Falls,Week5,Oakton ,Week1,226.0 Oakton - 171.0 Great Falls
Greenbriar,Week1,Hiddenbrook,Week3,239.0 Greenbriar - 163.0 Hiddenbrook
Great Falls,Week2,Hamlet,Week4,256.0 Hamlet - 128.0 Great Falls
Fox Mill Woods,Week3,Sully Station,Week3,216.0 Fox Mill Woods - 186.0 Sully Station
Fox Mill Woods,Week1,Sully Station,Week2,222.0 Fox Mill Woods - 180.0 Sully Station
Great Falls,Week2,Hamlet,Week1,268.0 Hamlet - 116.0 Great Falls
Fox Mill Woods,Week3,Sully Station,Week2,223.0 Fox Mill Woods - 179.0 Sully Station
Great Falls,Week5,Hiddenbrook,Week3,228.0 Great Falls - 173.0 Hiddenbrook
Great Falls,Week2,Parliament,Week5,202.0 Parliament - 181.0 Great Falls
Great Falls,Week1,Oakton ,Week4,287.0 Oakton - 115.0 Great Falls
Fox Mill Woods,Week4,Poplar Tree,Week3,221.0 Fox Mill Woods - 181.0 Poplar Tree
Greenbriar,Week1,Hiddenbrook,Week4,241.0 Greenbriar - 161.0 Hiddenbrook
Greenbriar,Week1,Hiddenbrook,Week5,230.0 Greenbriar - 172.0 Hiddenbrook
Great Falls,Week3,Greenbriar,Week4,203.0 Great Falls - 199.0 Greenbriar
Fox Mill Woods,Week2,Sully Station,Week5,221.0 Sully Station - 181.0 Fox Mill Woods
Great Falls,Week1,Highland Park,Week1,232.0 Highland Park - 169.0 Great Falls
Fox Mill Woods,Week3,Sully Station,Week4,204.5 Fox Mill Woods - 197.5 Sully Station
Great Falls,Week2,Parliament,Week2,194.0 Great Falls - 189.0 Parliament
Great Falls,Week2,Oakton ,Week4,265.0 Oakton - 119.0 Great Falls
Great Falls,Week5,Greenbriar,Week4,207.0 Great Falls - 194.0 Greenbriar
Fox Mill Woods,Week2,Riverside Gardens,Week3,214.0 Riverside Gardens - 188.0 Fox Mill Woods
Great Falls,Week4,Oakton ,Week2,270.0 Oakton - 127.0 Great Falls
Great Falls,Week2,High Point Pool,Week4,232.0 High Point Pool - 152.0 Great Falls
Fox Mill Woods,Week2,Riverside Gardens,Week1,217.0 Fox Mill Woods - 185.0 Riverside Gardens
Fox Mill Woods,Week4,Poplar Tree,Week4,237.0 Fox Mill Woods - 165.0 Poplar Tree
Fox Mill Woods,Week3,Sully Station,Week5,211.0 Sully Station - 191.0 Fox Mill Woods
Great Falls,Week2,Highland Park,Week4,208.0 Highland Park - 176.0 Great Falls
Great Falls,Week1,Parliament,Week5,221.0 Parliament - 177.0 Great Falls
Great Falls,Week4,Parliament,Week4,204.0 Parliament - 188.0 Great Falls
Fox Mill Woods,Week4,Sully Station II,Week3,221.0 Sully Station II - 181.0 Fox Mill Woods
Great Falls,Week1,Pinecrest,Week4,295.0 Pinecrest - 107.0 Great Falls
Great Falls,Week3,Greenbriar,Week1,203.0 Greenbriar - 199.0 Great Falls
Fox Mill Woods,Week2,Ravensworth Farm,Week2,244.5 Fox Mill Woods - 157.5 Ravensworth Farm
Fox Mill Woods,Week4,Sully Station,Week3,217.0 Fox Mill Woods - 185.0 Sully Station
Great Falls,Week4,Highland Park,Week3,217.0 Highland Park - 180.0 Great Falls
Great Falls,Week2,Oakton ,Week3,246.0 Oakton - 138.0 Great Falls
Great Falls,Week1,Oakton ,Week5,292.0 Oakton - 110.0 Great Falls
Great Falls,Week3,Highland Park,Week5,207.5 Highland Park - 194.5 Great Falls
Great Falls,Week3,Parliament,Week4,205.0 Great Falls - 192.0 Parliament
Great Falls,Week4,Greenbriar,Week2,237.0 Greenbriar - 164.0 Great Falls
Great Falls,Week3,Parliament,Week5,201.0 Parliament - 195.0 Great Falls
Great Falls,Week4,Oakton ,Week5,281.0 Oakton - 116.0 Great Falls
Great Falls,Week5,High Point Pool,Week3,211.0 High Point Pool - 191.0 Great Falls
Great Falls,Week5,Oakton ,Week4,241.0 Oakton - 160.0 Great Falls
Great Falls,Week3,High Point Pool,Week4,222.0 High Point Pool - 180.0 Great Falls
Fox Mill Woods,Week3,Poplar Tree,Week4,236.5 Fox Mill Woods - 165.5 Poplar Tree
Great Falls,Week3,Highland Park,Week3,208.0 Great Falls - 194.0 Highland Park
Great Falls,Week2,Greenbriar,Week2,228.0 Greenbriar - 156.0 Great Falls
Great Falls,Week4,Greenbriar,Week3,228.0 Greenbriar - 173.0 Great Falls
Fox Mill Woods,Week4,Sully Station II,Week5,240.5 Sully Station II - 161.5 Fox Mill Woods
Great Falls,Week4,Parliament,Week3,212.0 Parliament - 189.0 Great Falls
Great Falls,Week5,Oakton ,Week3,248.0 Oakton - 154.0 Great Falls
Great Falls,Week4,Oakton ,Week3,277.0 Oakton - 125.0 Great Falls
Fox Mill Woods,Week4,Sully Station II,Week1,219.0 Fox Mill Woods - 183.0 Sully Station II
Fox Mill Woods,Week3,Ravensworth Farm,Week1,217.0 Fox Mill Woods - 185.0 Ravensworth Farm
Fox Mill Woods,Week4,Sully Station,Week1,210.0 Sully Station - 192.0 Fox Mill Woods
Great Falls,Week2,Greenbriar,Week4,197.0 Greenbriar - 187.0 Great Falls
Great Falls,Week5,Pinecrest,Week3,256.0 Pinecrest - 146.0 Great Falls
Fox Mill Woods,Week1,Ravensworth Farm,Week1,237.0 Fox Mill Woods - 165.0 Ravensworth Farm
Fox Mill Woods,Week2,Ravensworth Farm,Week5,211.0 Fox Mill Woods - 191.0 Ravensworth Farm
Fox Mill Woods,Week2,Sully Station II,Week5,236.0 Sully Station II - 166.0 Fox Mill Woods
Fox Mill Woods,Week1,Truro,Week1,315.0 Fox Mill Woods - 87.0 Truro
Great Falls,Week3,High Point Pool,Week5,222.0 High Point Pool - 180.0 Great Falls
Fox Mill Woods,Week1,Sully Station II,Week1,227.0 Fox Mill Woods - 175.0 Sully Station II
Great Falls,Week5,High Point Pool,Week1,219.0 High Point Pool - 182.0 Great Falls
Great Falls,Week4,High Point Pool,Week1,237.0 High Point Pool - 165.0 Great Falls
Great Falls,Week4,High Point Pool,Week3,239.0 High Point Pool - 163.0 Great Falls
Great Falls,Week5,Greenbriar,Week3,208.0 Greenbriar - 194.0 Great Falls
Great Falls,Week4,Greenbriar,Week4,206.0 Great Falls - 195.0 Greenbriar
Fox Mill Woods,Week3,Ravensworth Farm,Week4,219.0 Fox Mill Woods - 183.0 Ravensworth Farm
Fox Mill Woods,Week3,Ravensworth Farm,Week5,209.0 Fox Mill Woods - 193.0 Ravensworth Farm
Great Falls,Week3,Pinecrest,Week4,267.0 Pinecrest - 135.0 Great Falls
Fox Mill Woods,Week5,Sully Station II,Week5,213.0 Sully Station II - 189.0 Fox Mill Woods
Great Falls,Week4,Greenbriar,Week5,221.5 Greenbriar - 180.5 Great Falls
Fox Mill Woods,Week5,Sully Station II,Week1,232.5 Fox Mill Woods - 169.5 Sully Station II
Fox Mill Woods,Week4,Ravensworth Farm,Week4,239.0 Fox Mill Woods - 163.0 Ravensworth Farm
Great Falls,Week1,Highland Park,Week2,226.0 Highland Park - 176.0 Great Falls
Great Falls,Week2,Pinewood Lake,Week5,328.0 Great Falls - 52.0 Pinewood Lake
Fox Mill Woods,Week4,Ravensworth Farm,Week3,249.0 Fox Mill Woods - 153.0 Ravensworth Farm
Fox Mill Woods,Week3,Sully Station II,Week2,210.5 Sully Station II - 191.5 Fox Mill Woods
Great Falls,Week1,Hamlet,Week1,294.0 Hamlet - 108.0 Great Falls
Great Falls,Week3,Greenbriar,Week3,219.5 Greenbriar - 182.5 Great Falls
Fox Mill Woods,Week1,Truro,Week5,315.0 Fox Mill Woods - 87.0 Truro
Great Falls,Week1,Hamlet,Week3,301.0 Hamlet - 100.0 Great Falls
Fox Mill Woods,Week1,Pinewood Lake,Week4,384.0 Fox Mill Woods - 18.0 Pinewood Lake
Fox Mill Woods,Week3,Sully Station II,Week4,222.0 Fox Mill Woods - 180.0 Sully Station II
Fox Mill Woods,Week1,Ravensworth Farm,Week4,245.0 Fox Mill Woods - 157.0 Ravensworth Farm
Great Falls,Week5,Greenbriar,Week5,206.0 Great Falls - 195.0 Greenbriar
Fox Mill Woods,Week5,Poplar Tree,Week5,216.0 Fox Mill Woods - 186.0 Poplar Tree
Great Falls,Week1,Pinecrest,Week3,285.0 Pinecrest - 117.0 Great Falls
Great Falls,Week5,High Point Pool,Week5,211.5 High Point Pool - 189.5 Great Falls
Fox Mill Woods,Week5,Pinecrest,Week2,221.0 Pinecrest - 181.0 Fox Mill Woods
Fox Mill Woods,Week1,Sully Station II,Week4,249.0 Fox Mill Woods - 153.0 Sully Station II
Great Falls,Week2,Pinecrest,Week4,269.0 Pinecrest - 115.0 Great Falls
Great Falls,Week4,High Point Pool,Week2,254.0 High Point Pool - 148.0 Great Falls
Fox Mill Woods,Week1,Pinewood Lake,Week1,377.0 Fox Mill Woods - 24.0 Pinewood Lake
Great Falls,Week2,Highland Park,Week1,212.0 Highland Park - 172.0 Great Falls
Great Falls,Week2,Pinewood Lake,Week2,320.0 Great Falls - 59.0 Pinewood Lake
Great Falls,Week1,Hamlet,Week2,313.0 Hamlet - 89.0 Great Falls
Fox Mill Woods,Week2,Pinewood Lake,Week1,377.0 Fox Mill Woods - 24.0 Pinewood Lake
Great Falls,Week4,Pinecrest,Week2,256.0 Pinecrest - 146.0 Great Falls
Great Falls,Week1,Pinewood Lake,Week3,321.0 Great Falls - 64.0 Pinewood Lake
Fox Mill Woods,Week2,Truro,Week2,325.0 Fox Mill Woods - 77.0 Truro
Fox Mill Woods,Week4,Ravensworth Farm,Week5,222.0 Fox Mill Woods - 180.0 Ravensworth Farm
Great Falls,Week4,Pinecrest,Week3,270.0 Pinecrest - 132.0 Great Falls
Fox Mill Woods,Week5,Pinecrest,Week5,228.0 Pinecrest - 174.0 Fox Mill Woods
Great Falls,Week3,Pinecrest,Week1,234.0 Pinecrest - 168.0 Great Falls
Great Falls,Week5,Greenbriar,Week1,203.0 Greenbriar - 198.0 Great Falls
Great Falls,Week3,Greenbriar,Week5,202.0 Greenbriar - 200.0 Great Falls
Fox Mill Woods,Week4,Ravensworth Farm,Week1,232.0 Fox Mill Woods - 170.0 Ravensworth Farm
Fox Mill Woods,Week3,Ravensworth Farm,Week2,244.0 Fox Mill Woods - 158.0 Ravensworth Farm
Great Falls,Week1,Highland Park,Week4,237.0 Highland Park - 164.0 Great Falls
Fox Mill Woods,Week5,Ravensworth Farm,Week1,240.0 Fox Mill Woods - 162.0 Ravensworth Farm
Fox Mill Woods,Week2,Sully Station II,Week2,215.5 Sully Station II - 186.5 Fox Mill Woods
Fox Mill Woods,Week2,Ravensworth Farm,Week4,219.5 Fox Mill Woods - 182.5 Ravensworth Farm
Great Falls,Week1,Pinecrest,Week5,292.0 Pinecrest - 110.0 Great Falls
Great Falls,Week2,Hamlet,Week2,284.0 Hamlet - 100.0 Great Falls
Great Falls,Week2,Pinecrest,Week1,240.0 Pinecrest - 144.0 Great Falls
Fox Mill Woods,Week4,Sully Station II,Week4,238.5 Fox Mill Woods - 163.5 Sully Station II
Great Falls,Week1,Highland Park,Week3,215.0 Highland Park - 187.0 Great Falls
Fox Mill Woods,Week1,Pinewood Lake,Week3,381.0 Fox Mill Woods - 20.0 Pinewood Lake
Great Falls,Week3,High Point Pool,Week1,224.0 High Point Pool - 178.0 Great Falls
Great Falls,Week3,Hamlet,Week1,277.0 Hamlet - 125.0 Great Falls
Great Falls,Week2,Hamlet,Week3,287.0 Hamlet - 96.0 Great Falls
Great Falls,Week3,Pinecrest,Week5,263.0 Pinecrest - 139.0 Great Falls
Great Falls,Week4,High Point Pool,Week4,242.0 High Point Pool - 160.0 Great Falls
Fox Mill Woods,Week5,Ravensworth Farm,Week2,259.0 Fox Mill Woods - 143.0 Ravensworth Farm
Fox Mill Woods,Week3,Pinewood Lake,Week3,387.0 Fox Mill Woods - 14.0 Pinewood Lake
Fox Mill Woods,Week5,Pinecrest,Week4,215.0 Pinecrest - 187.0 Fox Mill Woods
Fox Mill Woods,Week5,Sully Station,Week5,208.0 Sully Station - 194.0 Fox Mill Woods
Fox Mill Woods,Week5,Ravensworth Farm,Week3,237.0 Fox Mill Woods - 165.0 Ravensworth Farm
Great Falls,Week2,Highland Park,Week3,205.0 Highland Park - 179.0 Great Falls
Fox Mill Woods,Week5,Sully Station II,Week4,236.0 Fox Mill Woods - 166.0 Sully Station II
Fox Mill Woods,Week3,Pinecrest,Week2,234.0 Pinecrest - 168.0 Fox Mill Woods
Fox Mill Woods,Week3,Sully Station II,Week5,242.0 Sully Station II - 160.0 Fox Mill Woods
Fox Mill Woods,Week5,Ravensworth Farm,Week5,243.0 Fox Mill Woods - 159.0 Ravensworth Farm
Great Falls,Week3,Hamlet,Week2,273.0 Hamlet - 129.0 Great Falls
Great Falls,Week3,Hamlet,Week4,253.0 Hamlet - 149.0 Great Falls
Fox Mill Woods,Week1,Riverside Gardens,Week1,203.0 Fox Mill Woods - 199.0 Riverside Gardens
Great Falls,Week3,Hamlet,Week3,271.0 Hamlet - 131.0 Great Falls
Great Falls,Week5,High Point Pool,Week4,214.0 High Point Pool - 188.0 Great Falls
Great Falls,Week1,Pinewood Lake,Week5,324.0 Great Falls - 65.0 Pinewood Lake
Great Falls,Week1,Pinewood Lake,Week2,318.0 Great Falls - 64.0 Pinewood Lake
Great Falls,Week3,Pinecrest,Week2,259.0 Pinecrest - 143.0 Great Falls
Great Falls,Week4,Hamlet,Week1,281.0 Hamlet - 120.0 Great Falls
Great Falls,Week5,High Point Pool,Week2,224.5 High Point Pool - 177.5 Great Falls
Fox Mill Woods,Week1,Sully Station II,Week3,217.0 Sully Station II - 185.0 Fox Mill Woods
Fox Mill Woods,Week3,Pinecrest,Week3,239.0 Pinecrest - 163.0 Fox Mill Woods
Great Falls,Week5,Pinecrest,Week5,260.0 Pinecrest - 142.0 Great Falls
Fox Mill Woods,Week5,Sully Station II,Week3,211.0 Sully Station II - 191.0 Fox Mill Woods
Fox Mill Woods,Week3,Pinecrest,Week4,234.0 Pinecrest - 168.0 Fox Mill Woods
Great Falls,Week2,Pinecrest,Week5,267.0 Pinecrest - 117.0 Great Falls
Fox Mill Woods,Week2,Pinecrest,Week4,224.0 Pinecrest - 178.0 Fox Mill Woods
Great Falls,Week3,High Point Pool,Week2,230.0 High Point Pool - 172.0 Great Falls
Fox Mill Woods,Week5,Ravensworth Farm,Week4,238.0 Fox Mill Woods - 164.0 Ravensworth Farm
Fox Mill Woods,Week2,Pinecrest,Week1,222.0 Pinecrest - 180.0 Fox Mill Woods
Fox Mill Woods,Week2,Sully Station II,Week3,232.0 Sully Station II - 170.0 Fox Mill Woods
Great Falls,Week3,Hamlet,Week5,293.0 Hamlet - 109.0 Great Falls
Great Falls,Week4,High Point Pool,Week5,244.0 High Point Pool - 157.0 Great Falls
Fox Mill Woods,Week1,Riverside Gardens,Week2,212.0 Fox Mill Woods - 190.0 Riverside Gardens
Great Falls,Week4,Pinecrest,Week1,242.0 Pinecrest - 160.0 Great Falls
Fox Mill Woods,Week2,Pinecrest,Week3,238.0 Pinecrest - 164.0 Fox Mill Woods
Fox Mill Woods,Week2,Riverside Gardens,Week5,218.0 Riverside Gardens - 184.0 Fox Mill Woods
Great Falls,Week2,Pinecrest,Week2,257.0 Pinecrest - 127.0 Great Falls
Great Falls,Week5,Country Club Hills,Week1,239.0 Great Falls - 163.0 Country Club Hills
Fox Mill Woods,Week3,Riverside Gardens,Week1,204.5 Fox Mill Woods - 197.5 Riverside Gardens
Great Falls,Week4,Country Club Hills,Week5,204.0 Great Falls - 198.0 Country Club Hills
Fox Mill Woods,Week4,Pinecrest,Week4,230.0 Pinecrest - 172.0 Fox Mill Woods
Great Falls,Week4,Pinecrest,Week4,265.0 Pinecrest - 137.0 Great Falls
Great Falls,Week5,Pinecrest,Week4,256.0 Pinecrest - 146.0 Great Falls
Great Falls,Week4,Highland Park,Week1,226.0 Highland Park - 176.0 Great Falls
Fox Mill Woods,Week2,Pinecrest,Week5,224.0 Pinecrest - 178.0 Fox Mill Woods
Fox Mill Woods,Week1,Pinecrest,Week5,211.0 Pinecrest - 191.0 Fox Mill Woods
Great Falls,Week3,Highland Park,Week4,208.0 Highland Park - 194.0 Great Falls
Fox Mill Woods,Week2,Pinecrest,Week2,234.0 Pinecrest - 168.0 Fox Mill Woods
Great Falls,Week4,Country Club Hills,Week3,223.0 Great Falls - 178.0 Country Club Hills
Great Falls,Week3,Highland Park,Week1,212.0 Highland Park - 190.0 Great Falls
Fox Mill Woods,Week4,Riverside Gardens,Week3,209.5 Riverside Gardens - 192.5 Fox Mill Woods
Fox Mill Woods,Week3,Sully Station II,Week1,211.0 Fox Mill Woods - 191.0 Sully Station II
Fox Mill Woods,Week3,Pinecrest,Week1,225.0 Pinecrest - 177.0 Fox Mill Woods
Fox Mill Woods,Week3,Sully Station II,Week3,235.5 Sully Station II - 166.5 Fox Mill Woods
Great Falls,Week3,Country Club Hills,Week2,239.0 Great Falls - 163.0 Country Club Hills
Great Falls,Week4,Highland Park,Week2,219.0 Highland Park - 183.0 Great Falls
Fox Mill Woods,Week2,Riverside Gardens,Week2,216.0 Fox Mill Woods - 186.0 Riverside Gardens
Fox Mill Woods,Week4,Sully Station II,Week2,207.0 Sully Station II - 195.0 Fox Mill Woods
Great Falls,Week4,Crosspointe,Week2,266.0 Crosspointe - 136.0 Great Falls
Great Falls,Week4,Pinecrest,Week5,275.0 Pinecrest - 127.0 Great Falls
Fox Mill Woods,Week2,Sully Station II,Week4,225.0 Fox Mill Woods - 177.0 Sully Station II
Fox Mill Woods,Week4,Riverside Gardens,Week2,223.0 Fox Mill Woods - 179.0 Riverside Gardens
Fox Mill Woods,Week5,Sully Station II,Week2,203.0 Fox Mill Woods - 199.0 Sully Station II
Fox Mill Woods,Week1,Riverside Gardens,Week3,204.0 Fox Mill Woods - 198.0 Riverside Gardens
Fox Mill Woods,Week3,Riverside Gardens,Week3,218.0 Riverside Gardens - 184.0 Fox Mill Woods
Great Falls,Week2,Highland Park,Week2,204.0 Highland Park - 180.0 Great Falls
Great Falls,Week3,High Point Pool,Week3,229.0 High Point Pool - 173.0 Great Falls
Fox Mill Woods,Week4,Pinecrest,Week3,231.0 Pinecrest - 171.0 Fox Mill Woods
Great Falls,Week3,Highland Park,Week2,204.0 Highland Park - 198.0 Great Falls
Fox Mill Woods,Week1,Sully Station II,Week2,202.0 Sully Station II - 200.0 Fox Mill Woods
Fox Mill Woods,Week4,Pinecrest,Week2,224.0 Pinecrest - 178.0 Fox Mill Woods
Great Falls,Week5,Pinecrest,Week1,228.0 Pinecrest - 174.0 Great Falls
Fox Mill Woods,Week4,Pinecrest,Week1,208.0 Pinecrest - 194.0 Fox Mill Woods
Great Falls,Week2,Pinecrest,Week3,275.0 Pinecrest - 109.0 Great Falls
Fox Mill Woods,Week1,Riverside Gardens,Week5,207.0 Riverside Gardens - 195.0 Fox Mill Woods
Great Falls,Week3,Pinecrest,Week3,261.0 Pinecrest - 141.0 Great Falls
Fox Mill Woods,Week1,Riverside Gardens,Week4,209.5 Fox Mill Woods - 192.5 Riverside Gardens
Great Falls,Week3,Crosspointe,Week5,277.0 Crosspointe - 125.0 Great Falls
Great Falls,Week5,Pinecrest,Week2,236.0 Pinecrest - 166.0 Great Falls
Great Falls,Week3,Country Club Hills,Week5,206.0 Great Falls - 196.0 Country Club Hills
Great Falls,Week2,Crosspointe,Week3,254.0 Crosspointe - 130.0 Great Falls
Fox Mill Woods,Week1,Sully Station II,Week5,222.0 Sully Station II - 180.0 Fox Mill Woods
Great Falls,Week1,Highland Park,Week5,229.0 Highland Park - 173.0 Great Falls
Fox Mill Woods,Week2,Sully Station II,Week1,223.0 Fox Mill Woods - 179.0 Sully Station II
Great Falls,Week2,Highland Park,Week5,203.0 Highland Park - 181.0 Great Falls
Fox Mill Woods,Week4,Pinecrest,Week5,221.0 Pinecrest - 181.0 Fox Mill Woods
Great Falls,Week4,Crosspointe,Week5,304.0 Crosspointe - 98.0 Great Falls
Great Falls,Week1,Pinewood Lake,Week4,316.0 Great Falls - 72.0 Pinewood Lake
Fox Mill Woods,Week3,Riverside Gardens,Week2,215.0 Fox Mill Woods - 187.0 Riverside Gardens
Fox Mill Woods,Week1,Truro,Week3,321.0 Fox Mill Woods - 81.0 Truro
Great Falls,Week2,Pinewood Lake,Week1,329.0 Great Falls - 48.0 Pinewood Lake
Fox Mill Woods,Week4,Riverside Gardens,Week1,221.0 Fox Mill Woods - 181.0 Riverside Gardens
Great Falls,Week1,Crosspointe,Week3,291.0 Crosspointe - 111.0 Great Falls
Great Falls,Week4,Highland Park,Week4,220.0 Highland Park - 182.0 Great Falls
Fox Mill Woods,Week4,Riverside Gardens,Week4,210.0 Riverside Gardens - 192.0 Fox Mill Woods
Fox Mill Woods,Week5,Pinecrest,Week1,208.0 Pinecrest - 194.0 Fox Mill Woods
Fox Mill Woods,Week1,Truro,Week4,301.0 Fox Mill Woods - 101.0 Truro
Great Falls,Week1,Crosspointe,Week1,302.0 Crosspointe - 100.0 Great Falls
Fox Mill Woods,Week3,Pinecrest,Week5,233.0 Pinecrest - 169.0 Fox Mill Woods
Great Falls,Week5,Highland Park,Week3,216.0 Great Falls - 186.0 Highland Park
Great Falls,Week1,Pinewood Lake,Week1,321.0 Great Falls - 62.0 Pinewood Lake
Fox Mill Woods,Week1,Truro,Week2,335.0 Fox Mill Woods - 67.0 Truro
Great Falls,Week5,Country Club Hills,Week3,230.0 Great Falls - 171.0 Country Club Hills
Great Falls,Week4,Pinewood Lake,Week5,313.0 Great Falls - 79.0 Pinewood Lake
Fox Mill Woods,Week1,Pinewood Lake,Week5,375.0 Fox Mill Woods - 27.0 Pinewood Lake
Fox Mill Woods,Week2,Pinewood Lake,Week2,385.0 Fox Mill Woods - 16.0 Pinewood Lake
Great Falls,Week3,Pinewood Lake,Week1,347.0 Great Falls - 45.0 Pinewood Lake
Great Falls,Week2,Pinewood Lake,Week3,327.0 Great Falls - 51.0 Pinewood Lake
Great Falls,Week2,Highlands Swim,Week2,296.0 Highlands Swim - 88.0 Great Falls
Great Falls,Week2,Crosspointe,Week4,251.0 Crosspointe - 133.0 Great Falls
Fox Mill Woods,Week2,Pinewood Lake,Week3,385.0 Fox Mill Woods - 16.0 Pinewood Lake
Great Falls,Week2,Crosspointe,Week2,249.0 Crosspointe - 135.0 Great Falls
Fox Mill Woods,Week5,Pinecrest,Week3,226.0 Pinecrest - 176.0 Fox Mill Woods
Fox Mill Woods,Week4,Riverside Gardens,Week5,215.5 Riverside Gardens - 186.5 Fox Mill Woods
Fox Mill Woods,Week2,Riverside Gardens,Week4,217.0 Riverside Gardens - 185.0 Fox Mill Woods
Great Falls,Week5,Country Club Hills,Week2,235.0 Great Falls - 167.0 Country Club Hills
Great Falls,Week5,Highland Park,Week2,208.0 Great Falls - 194.0 Highland Park
Fox Mill Woods,Week5,Riverside Gardens,Week1,216.0 Fox Mill Woods - 186.0 Riverside Gardens
Fox Mill Woods,Week5,Riverside Gardens,Week5,207.0 Riverside Gardens - 195.0 Fox Mill Woods
Fox Mill Woods,Week1,Pinewood Lake,Week2,384.0 Fox Mill Woods - 18.0 Pinewood Lake
Fox Mill Woods,Week2,Truro,Week1,304.0 Fox Mill Woods - 98.0 Truro
Great Falls,Week5,Highland Park,Week5,209.0 Great Falls - 193.0 Highland Park
Great Falls,Week1,Highlands Swim,Week2,315.0 Highlands Swim - 87.0 Great Falls
Fox Mill Woods,Week2,Truro,Week3,318.0 Fox Mill Woods - 84.0 Truro
Great Falls,Week3,Pinewood Lake,Week4,342.0 Great Falls - 56.0 Pinewood Lake
Fox Mill Woods,Week2,Truro,Week4,285.0 Fox Mill Woods - 117.0 Truro
Great Falls,Week2,Pinewood Lake,Week4,327.0 Great Falls - 53.0 Pinewood Lake
Fox Mill Woods,Week2,Truro,Week5,302.5 Fox Mill Woods - 99.5 Truro
Fox Mill Woods,Week3,Truro,Week1,307.0 Fox Mill Woods - 95.0 Truro
Fox Mill Woods,Week5,Riverside Gardens,Week4,206.0 Riverside Gardens - 196.0 Fox Mill Woods
Great Falls,Week2,Crosspointe,Week1,275.0 Crosspointe - 109.0 Great Falls
Great Falls,Week5,Highlands Swim,Week5,286.0 Highlands Swim - 116.0 Great Falls
Great Falls,Week2,Highlands Swim,Week1,284.0 Highlands Swim - 100.0 Great Falls
Great Falls,Week2,Crosspointe,Week5,278.0 Crosspointe - 106.0 Great Falls
Great Falls,Week3,Pleasant Valley,Week2,309.0 Great Falls - 93.0 Pleasant Valley
Great Falls,Week2,Pleasant Valley,Week3,250.0 Great Falls - 133.0 Pleasant Valley
Fox Mill Woods,Week5,Truro,Week5,308.0 Fox Mill Woods - 93.0 Truro
Fox Mill Woods,Week4,Tuckahoe,Week2,308.0 Tuckahoe - 94.0 Fox Mill Woods
Fox Mill Woods,Week3,Pinewood Lake,Week1,375.0 Fox Mill Woods - 27.0 Pinewood Lake
Great Falls,Week4,Highlands Swim,Week4,309.0 Highlands Swim - 93.0 Great Falls
Great Falls,Week1,Highlands Swim,Week5,326.0 Highlands Swim - 76.0 Great Falls
Fox Mill Woods,Week5,Truro,Week4,309.0 Fox Mill Woods - 93.0 Truro
Fox Mill Woods,Week1,Pleasant Valley,Week4,351.0 Fox Mill Woods - 50.0 Pleasant Valley
Great Falls,Week5,Highland Park,Week4,202.0 Great Falls - 200.0 Highland Park
Fox Mill Woods,Week5,Riverside Gardens,Week2,229.0 Fox Mill Woods - 173.0 Riverside Gardens
Great Falls,Week1,Pleasant Valley,Week3,251.0 Great Falls - 149.0 Pleasant Valley
Great Falls,Week3,Pleasant Valley,Week4,309.0 Great Falls - 92.0 Pleasant Valley
Fox Mill Woods,Week2,Rolling Forest,Week4,270.0 Fox Mill Woods - 132.0 Rolling Forest
Fox Mill Woods,Week5,Riverside Gardens,Week3,204.0 Riverside Gardens - 198.0 Fox Mill Woods
Fox Mill Woods,Week3,Pinewood Lake,Week2,383.0 Fox Mill Woods - 19.0 Pinewood Lake
Great Falls,Week4,Highlands Swim,Week5,315.5 Highlands Swim - 81.5 Great Falls
Great Falls,Week3,Country Club Hills,Week3,235.0 Great Falls - 167.0 Country Club Hills
Great Falls,Week1,Crosspointe,Week4,290.0 Crosspointe - 111.0 Great Falls
Great Falls,Week4,Country Club Hills,Week2,230.0 Great Falls - 172.0 Country Club Hills
Great Falls,Week4,Country Club Hills,Week4,225.0 Great Falls - 177.0 Country Club Hills
Great Falls,Week1,Crosspointe,Week2,284.0 Crosspointe - 118.0 Great Falls
Great Falls,Week4,Crosspointe,Week4,271.0 Crosspointe - 131.0 Great Falls
Fox Mill Woods,Week4,Truro,Week5,318.0 Fox Mill Woods - 84.0 Truro
Great Falls,Week3,Country Club Hills,Week1,238.0 Great Falls - 164.0 Country Club Hills
Fox Mill Woods,Week3,Riverside Gardens,Week4,223.0 Riverside Gardens - 179.0 Fox Mill Woods
Fox Mill Woods,Week2,Pinewood Lake,Week5,372.0 Fox Mill Woods - 29.0 Pinewood Lake
Fox Mill Woods,Week3,Riverside Gardens,Week5,225.0 Riverside Gardens - 177.0 Fox Mill Woods
Great Falls,Week3,Highlands Swim,Week3,291.0 Highlands Swim - 111.0 Great Falls
Fox Mill Woods,Week2,Pinewood Lake,Week4,384.0 Fox Mill Woods - 17.0 Pinewood Lake
Great Falls,Week4,Country Club Hills,Week1,222.0 Great Falls - 180.0 Country Club Hills
Fox Mill Woods,Week5,Pinewood Lake,Week2,381.0 Fox Mill Woods - 21.0 Pinewood Lake
Great Falls,Week3,Pleasant Valley,Week3,289.0 Great Falls - 113.0 Pleasant Valley
Fox Mill Woods,Week3,Truro,Week4,297.0 Fox Mill Woods - 105.0 Truro
Fox Mill Woods,Week4,Pinewood Lake,Week5,381.0 Fox Mill Woods - 21.0 Pinewood Lake
Fox Mill Woods,Week2,Rolling Forest,Week3,255.0 Fox Mill Woods - 147.0 Rolling Forest
Great Falls,Week4,Pleasant Valley,Week1,284.0 Great Falls - 117.0 Pleasant Valley
Fox Mill Woods,Week1,Rolling Hills,Week4,297.0 Fox Mill Woods - 104.0 Rolling Hills
Fox Mill Woods,Week4,Rolling Forest,Week3,269.0 Fox Mill Woods - 133.0 Rolling Forest
Great Falls,Week3,Pinewood Lake,Week5,346.0 Great Falls - 52.0 Pinewood Lake
Fox Mill Woods,Week3,Tuckahoe,Week5,316.0 Tuckahoe - 86.0 Fox Mill Woods
Great Falls,Week3,Highlands Swim,Week1,284.0 Highlands Swim - 118.0 Great Falls
Fox Mill Woods,Week4,Tuckahoe,Week4,325.0 Tuckahoe - 77.0 Fox Mill Woods
Fox Mill Woods,Week4,Truro,Week2,335.0 Fox Mill Woods - 67.0 Truro
Great Falls,Week3,Pleasant Valley,Week5,307.0 Great Falls - 93.0 Pleasant Valley
Great Falls,Week2,Highlands Swim,Week5,305.0 Highlands Swim - 74.0 Great Falls
Great Falls,Week2,Pleasant Valley,Week1,269.0 Great Falls - 114.0 Pleasant Valley
Great Falls,Week2,Highlands Swim,Week4,298.0 Highlands Swim - 86.0 Great Falls
Fox Mill Woods,Week3,Pinewood Lake,Week5,372.0 Fox Mill Woods - 29.0 Pinewood Lake
Fox Mill Woods,Week3,Tuckahoe,Week3,328.0 Tuckahoe - 74.0 Fox Mill Woods
Fox Mill Woods,Week1,Pleasant Valley,Week5,336.0 Fox Mill Woods - 66.0 Pleasant Valley
Great Falls,Week5,Pinewood Lake,Week2,319.0 Great Falls - 64.0 Pinewood Lake
Great Falls,Week1,Highlands Swim,Week1,302.0 Highlands Swim - 100.0 Great Falls
Great Falls,Week4,Highlands Swim,Week2,315.0 Highlands Swim - 87.0 Great Falls
Fox Mill Woods,Week1,Rolling Forest,Week4,298.0 Fox Mill Woods - 104.0 Rolling Forest
Fox Mill Woods,Week3,Pleasant Valley,Week1,333.0 Fox Mill Woods - 69.0 Pleasant Valley
Great Falls,Week5,Country Club Hills,Week4,232.5 Great Falls - 169.5 Country Club Hills
Fox Mill Woods,Week3,Rolling Forest,Week4,274.5 Fox Mill Woods - 127.5 Rolling Forest
Fox Mill Woods,Week4,Tuckahoe,Week3,329.0 Tuckahoe - 73.0 Fox Mill Woods
Fox Mill Woods,Week1,Tuckahoe,Week2,292.0 Tuckahoe - 110.0 Fox Mill Woods
Great Falls,Week3,Country Club Hills,Week4,234.0 Great Falls - 168.0 Country Club Hills
Great Falls,Week3,Highlands Swim,Week5,297.0 Highlands Swim - 105.0 Great Falls
Great Falls,Week3,Pinewood Lake,Week2,341.0 Great Falls - 51.0 Pinewood Lake
Great Falls,Week5,Country Club Hills,Week5,210.0 Great Falls - 192.0 Country Club Hills
Fox Mill Woods,Week4,Rolling Forest,Week2,296.0 Fox Mill Woods - 106.0 Rolling Forest
Great Falls,Week5,Pinewood Lake,Week1,320.0 Great Falls - 60.0 Pinewood Lake
Fox Mill Woods,Week2,Pleasant Valley,Week3,325.0 Fox Mill Woods - 77.0 Pleasant Valley
Fox Mill Woods,Week2,Tuckahoe,Week3,332.0 Tuckahoe - 70.0 Fox Mill Woods
Fox Mill Woods,Week3,Tuckahoe,Week2,311.0 Tuckahoe - 91.0 Fox Mill Woods
Fox Mill Woods,Week2,Rolling Forest,Week1,263.0 Fox Mill Woods - 139.0 Rolling Forest
Fox Mill Woods,Week2,Tuckahoe,Week1,287.0 Tuckahoe - 115.0 Fox Mill Woods
Great Falls,Week4,Highlands Swim,Week3,303.0 Highlands Swim - 99.0 Great Falls
Fox Mill Woods,Week5,Truro,Week3,319.0 Fox Mill Woods - 83.0 Truro
Fox Mill Woods,Week3,Tuckahoe,Week1,299.0 Tuckahoe - 103.0 Fox Mill Woods
Fox Mill Woods,Week1,Pleasant Valley,Week3,331.0 Fox Mill Woods - 71.0 Pleasant Valley
Great Falls,Week5,Highlands Swim,Week3,279.0 Highlands Swim - 122.0 Great Falls
Great Falls,Week5,Highland Park,Week1,206.0 Highland Park - 196.0 Great Falls
Great Falls,Week1,Pleasant Valley,Week5,266.0 Great Falls - 131.0 Pleasant Valley
Fox Mill Woods,Week4,Rolling Forest,Week5,269.0 Fox Mill Woods - 133.0 Rolling Forest
Great Falls,Week1,Crosspointe,Week5,319.0 Crosspointe - 83.0 Great Falls
Fox Mill Woods,Week1,Long Branch,Week1,297.0 Fox Mill Woods - 105.0 Long Branch
Great Falls,Week1,Highlands Swim,Week4,310.0 Highlands Swim - 92.0 Great Falls
Fox Mill Woods,Week1,Long Branch,Week2,292.0 Fox Mill Woods - 110.0 Long Branch
Fox Mill Woods,Week4,Pinewood Lake,Week2,387.0 Fox Mill Woods - 15.0 Pinewood Lake
Fox Mill Woods,Week5,Pinewood Lake,Week5,375.0 Fox Mill Woods - 27.0 Pinewood Lake
Fox Mill Woods,Week2,Rolling Forest,Week2,272.0 Fox Mill Woods - 130.0 Rolling Forest
Great Falls,Week1,Pleasant Valley,Week2,271.0 Great Falls - 129.0 Pleasant Valley
Great Falls,Week3,Crosspointe,Week3,258.0 Crosspointe - 144.0 Great Falls
Great Falls,Week3,Crosspointe,Week4,252.0 Crosspointe - 150.0 Great Falls
Great Falls,Week4,Pinewood Lake,Week2,312.0 Great Falls - 70.0 Pinewood Lake
Fox Mill Woods,Week3,Pleasant Valley,Week4,345.0 Fox Mill Woods - 57.0 Pleasant Valley
Fox Mill Woods,Week3,Rolling Forest,Week5,253.0 Fox Mill Woods - 149.0 Rolling Forest
Great Falls,Week3,Crosspointe,Week2,248.0 Crosspointe - 154.0 Great Falls
Great Falls,Week3,Crosspointe,Week1,265.0 Crosspointe - 137.0 Great Falls
Great Falls,Week4,Pinewood Lake,Week3,309.0 Great Falls - 75.0 Pinewood Lake
Great Falls,Week5,Highlands Swim,Week2,284.0 Highlands Swim - 117.0 Great Falls
Fox Mill Woods,Week5,Rolling Forest,Week4,290.0 Fox Mill Woods - 112.0 Rolling Forest
Fox Mill Woods,Week4,Pleasant Valley,Week1,349.0 Fox Mill Woods - 53.0 Pleasant Valley
Fox Mill Woods,Week4,Truro,Week1,320.0 Fox Mill Woods - 82.0 Truro
Fox Mill Woods,Week3,Little Rocky Run,Week1,207.0 Fox Mill Woods - 195.0 Little Rocky Run
Great Falls,Week2,Pleasant Valley,Week2,279.0 Great Falls - 104.0 Pleasant Valley
Fox Mill Woods,Week5,Little Rocky Run,Week2,214.0 Fox Mill Woods - 188.0 Little Rocky Run
Fox Mill Woods,Week4,Truro,Week3,321.0 Fox Mill Woods - 81.0 Truro
Great Falls,Week2,Highlands Swim,Week3,295.5 Highlands Swim - 88.5 Great Falls
Great Falls,Week1,Highlands Swim,Week3,315.5 Highlands Swim - 86.5 Great Falls
Fox Mill Woods,Week2,Pleasant Valley,Week5,324.0 Fox Mill Woods - 78.0 Pleasant Valley
Great Falls,Week1,Pleasant Valley,Week1,266.0 Great Falls - 135.0 Pleasant Valley
Fox Mill Woods,Week5,Rolling Forest,Week3,267.0 Fox Mill Woods - 135.0 Rolling Forest
Fox Mill Woods,Week5,Rolling Forest,Week1,279.0 Fox Mill Woods - 123.0 Rolling Forest
Great Falls,Week4,Highlands Swim,Week1,294.0 Highlands Swim - 108.0 Great Falls
Great Falls,Week4,Pinewood Lake,Week1,316.0 Great Falls - 65.0 Pinewood Lake
Fox Mill Woods,Week1,Rolling Forest,Week5,261.0 Fox Mill Woods - 141.0 Rolling Forest
Great Falls,Week2,Daventry,Week1,271.0 Great Falls - 111.0 Daventry
Fox Mill Woods,Week4,Pleasant Valley,Week3,344.0 Fox Mill Woods - 58.0 Pleasant Valley
Great Falls,Week3,Pinewood Lake,Week3,344.0 Great Falls - 51.0 Pinewood Lake
Fox Mill Woods,Week5,Little Rocky Run,Week1,205.0 Fox Mill Woods - 197.0 Little Rocky Run
Great Falls,Week3,Highlands Swim,Week4,285.0 Highlands Swim - 117.0 Great Falls
Great Falls,Week4,Highland Park,Week5,225.0 Highland Park - 177.0 Great Falls
Fox Mill Woods,Week4,Little Rocky Run,Week2,204.5 Fox Mill Woods - 197.5 Little Rocky Run
Fox Mill Woods,Week5,Truro,Week2,325.0 Fox Mill Woods - 73.0 Truro
Great Falls,Week1,Daventry,Week3,271.0 Great Falls - 126.0 Daventry
Fox Mill Woods,Week3,Pleasant Valley,Week5,329.0 Fox Mill Woods - 72.0 Pleasant Valley
Great Falls,Week4,Crosspointe,Week1,275.0 Crosspointe - 127.0 Great Falls
Great Falls,Week3,Daventry,Week2,291.0 Great Falls - 111.0 Daventry
Fox Mill Woods,Week1,Tuckahoe,Week4,316.0 Tuckahoe - 86.0 Fox Mill Woods
Great Falls,Week4,Daventry,Week3,258.0 Great Falls - 136.0 Daventry
Fox Mill Woods,Week3,Truro,Week2,331.0 Fox Mill Woods - 71.0 Truro
Fox Mill Woods,Week1,Rolling Hills,Week1,302.0 Fox Mill Woods - 100.0 Rolling Hills
Great Falls,Week4,Daventry,Week4,263.0 Great Falls - 137.0 Daventry
Great Falls,Week3,Highlands Swim,Week2,293.0 Highlands Swim - 109.0 Great Falls
Fox Mill Woods,Week4,Little Rocky Run,Week3,220.5 Little Rocky Run - 181.5 Fox Mill Woods
Fox Mill Woods,Week5,Rolling Forest,Week2,290.0 Fox Mill Woods - 112.0 Rolling Forest
Great Falls,Week5,Pinewood Lake,Week3,325.0 Great Falls - 57.0 Pinewood Lake
Fox Mill Woods,Week4,Pleasant Valley,Week2,353.5 Fox Mill Woods - 48.5 Pleasant Valley
Great Falls,Week2,Pleasant Valley,Week5,272.0 Great Falls - 107.0 Pleasant Valley
Great Falls,Week4,Crosspointe,Week3,278.5 Crosspointe - 123.5 Great Falls
Fox Mill Woods,Week1,Little Rocky Run,Week5,235.0 Little Rocky Run - 167.0 Fox Mill Woods
Fox Mill Woods,Week1,Pleasant Valley,Week2,341.0 Fox Mill Woods - 60.0 Pleasant Valley
Fox Mill Woods,Week5,Pinewood Lake,Week3,385.0 Fox Mill Woods - 17.0 Pinewood Lake
Fox Mill Woods,Week1,Rolling Forest,Week2,296.0 Fox Mill Woods - 106.0 Rolling Forest
Fox Mill Woods,Week1,Tuckahoe,Week1,276.0 Tuckahoe - 126.0 Fox Mill Woods
Fox Mill Woods,Week4,Rolling Forest,Week4,296.0 Fox Mill Woods - 106.0 Rolling Forest
Fox Mill Woods,Week1,Rolling Forest,Week1,275.0 Fox Mill Woods - 127.0 Rolling Forest
Fox Mill Woods,Week4,Pinewood Lake,Week4,389.0 Fox Mill Woods - 13.0 Pinewood Lake
Fox Mill Woods,Week3,Truro,Week5,299.5 Fox Mill Woods - 102.5 Truro
Great Falls,Week4,Pinewood Lake,Week4,310.0 Great Falls - 81.0 Pinewood Lake
Fox Mill Woods,Week2,Pleasant Valley,Week1,341.0 Fox Mill Woods - 60.0 Pleasant Valley
Great Falls,Week5,Pinewood Lake,Week4,323.0 Great Falls - 61.0 Pinewood Lake
Fox Mill Woods,Week5,Truro,Week1,304.0 Fox Mill Woods - 98.0 Truro
Great Falls,Week5,Highlands Swim,Week1,267.0 Highlands Swim - 135.0 Great Falls
Fox Mill Woods,Week2,Little Rocky Run,Week4,224.0 Little Rocky Run - 178.0 Fox Mill Woods
Fox Mill Woods,Week5,Pinewood Lake,Week4,383.0 Fox Mill Woods - 19.0 Pinewood Lake
Fox Mill Woods,Week1,Long Branch,Week3,293.0 Fox Mill Woods - 109.0 Long Branch
Fox Mill Woods,Week3,Little Rocky Run,Week4,211.0 Little Rocky Run - 191.0 Fox Mill Woods
Great Falls,Week3,Pleasant Valley,Week1,304.0 Great Falls - 98.0 Pleasant Valley
Fox Mill Woods,Week1,Tuckahoe,Week5,296.0 Tuckahoe - 106.0 Fox Mill Woods
Fox Mill Woods,Week4,Little Rocky Run,Week1,204.0 Fox Mill Woods - 198.0 Little Rocky Run
Fox Mill Woods,Week2,Rolling Forest,Week5,254.0 Fox Mill Woods - 148.0 Rolling Forest
Great Falls,Week5,Highlands Swim,Week4,289.0 Highlands Swim - 113.0 Great Falls
Fox Mill Woods,Week3,Rolling Forest,Week1,264.0 Fox Mill Woods - 138.0 Rolling Forest
Great Falls,Week5,Pinewood Lake,Week5,324.0 Great Falls - 62.0 Pinewood Lake
Great Falls,Week5,Daventry,Week2,288.0 Great Falls - 112.0 Daventry
Great Falls,Week4,Daventry,Week5,249.0 Great Falls - 140.0 Daventry
Fox Mill Woods,Week3,Truro,Week3,316.0 Fox Mill Woods - 86.0 Truro
Fox Mill Woods,Week3,Pleasant Valley,Week2,334.0 Fox Mill Woods - 68.0 Pleasant Valley
Great Falls,Week1,Hollin Meadows,Week2,220.0 Hollin Meadows - 182.0 Great Falls
Great Falls,Week5,Hollin Hills,Week1,296.0 Great Falls - 104.0 Hollin Hills
Great Falls,Week5,Daventry,Week1,278.0 Great Falls - 122.0 Daventry
Great Falls,Week5,Hollin Hills,Week5,283.0 Great Falls - 109.0 Hollin Hills
Fox Mill Woods,Week4,Truro,Week4,308.0 Fox Mill Woods - 94.0 Truro
Fox Mill Woods,Week2,Tuckahoe,Week5,309.0 Tuckahoe - 93.0 Fox Mill Woods
Fox Mill Woods,Week3,Little Rocky Run,Week5,241.0 Little Rocky Run - 161.0 Fox Mill Woods
Fox Mill Woods,Week1,Rolling Hills,Week3,292.0 Fox Mill Woods - 110.0 Rolling Hills
Fox Mill Woods,Week4,Pinewood Lake,Week1,376.0 Fox Mill Woods - 26.0 Pinewood Lake
Fox Mill Woods,Week2,Tuckahoe,Week4,317.0 Tuckahoe - 85.0 Fox Mill Woods
Great Falls,Week1,Hollin Meadows,Week1,242.0 Hollin Meadows - 160.0 Great Falls
Fox Mill Woods,Week4,Rolling Forest,Week1,300.0 Fox Mill Woods - 102.0 Rolling Forest
Great Falls,Week5,Daventry,Week3,283.0 Great Falls - 113.0 Daventry
Great Falls,Week5,Hollin Hills,Week2,288.0 Great Falls - 105.0 Hollin Hills
Great Falls,Week5,Crosspointe,Week4,250.0 Crosspointe - 152.0 Great Falls
Fox Mill Woods,Week3,Pinewood Lake,Week4,382.0 Fox Mill Woods - 19.0 Pinewood Lake
Fox Mill Woods,Week1,Little Rocky Run,Week4,201.0 Fox Mill Woods - 201.0 Little Rocky Run
Great Falls,Week4,Pleasant Valley,Week2,273.0 Great Falls - 125.0 Pleasant Valley
Fox Mill Woods,Week1,Pleasant Valley,Week1,338.0 Fox Mill Woods - 63.0 Pleasant Valley
Fox Mill Woods,Week1,Long Branch,Week4,288.0 Fox Mill Woods - 114.0 Long Branch
Fox Mill Woods,Week2,Tuckahoe,Week2,307.0 Tuckahoe - 95.0 Fox Mill Woods
Great Falls,Week2,Pleasant Valley,Week4,279.0 Great Falls - 100.0 Pleasant Valley
Great Falls,Week1,Hollin Hills,Week4,272.0 Great Falls - 119.0 Hollin Hills
Fox Mill Woods,Week1,Tuckahoe,Week3,314.0 Tuckahoe - 88.0 Fox Mill Woods
Fox Mill Woods,Week1,Rolling Forest,Week3,268.0 Fox Mill Woods - 134.0 Rolling Forest
Great Falls,Week1,Pleasant Valley,Week4,260.0 Great Falls - 129.0 Pleasant Valley
Great Falls,Week2,Daventry,Week2,272.0 Great Falls - 110.0 Daventry
Great Falls,Week4,Poplar Heights,Week2,232.0 Poplar Heights - 166.0 Great Falls
Great Falls,Week4,Poplar Heights,Week5,234.5 Poplar Heights - 163.5 Great Falls
Fox Mill Woods,Week5,Pinewood Lake,Week1,373.0 Fox Mill Woods - 27.0 Pinewood Lake
Fox Mill Woods,Week2,Little Rocky Run,Week5,248.0 Little Rocky Run - 154.0 Fox Mill Woods
Fox Mill Woods,Week4,Pinewood Lake,Week3,389.0 Fox Mill Woods - 13.0 Pinewood Lake
Great Falls,Week5,Daventry,Week4,283.0 Great Falls - 117.0 Daventry
Fox Mill Woods,Week3,Rolling Forest,Week2,278.0 Fox Mill Woods - 124.0 Rolling Forest
Great Falls,Week1,Poplar Heights,Week5,246.0 Poplar Heights - 156.0 Great Falls
Fox Mill Woods,Week3,Rolling Forest,Week3,255.0 Fox Mill Woods - 147.0 Rolling Forest
Great Falls,Week5,Crosspointe,Week5,281.5 Crosspointe - 120.5 Great Falls
Fox Mill Woods,Week5,Rolling Forest,Week5,270.0 Fox Mill Woods - 132.0 Rolling Forest
Fox Mill Woods,Week3,Tuckahoe,Week4,323.5 Tuckahoe - 78.5 Fox Mill Woods
Fox Mill Woods,Week4,Little Rocky Run,Week5,242.0 Little Rocky Run - 160.0 Fox Mill Woods
Fox Mill Woods,Week2,Little Rocky Run,Week2,208.0 Little Rocky Run - 194.0 Fox Mill Woods
Great Falls,Week5,Hollin Hills,Week4,271.0 Great Falls - 125.0 Hollin Hills
Fox Mill Woods,Week2,Vienna Aquatic,Week3,263.0 Vienna Aquatic - 139.0 Fox Mill Woods
Fox Mill Woods,Week2,Pleasant Valley,Week4,354.0 Fox Mill Woods - 47.0 Pleasant Valley
Great Falls,Week5,Crosspointe,Week2,244.0 Crosspointe - 158.0 Great Falls
Great Falls,Week3,Hollin Hills,Week4,303.0 Great Falls - 98.0 Hollin Hills
Fox Mill Woods,Week3,Pleasant Valley,Week3,324.0 Fox Mill Woods - 78.0 Pleasant Valley
Great Falls,Week2,Daventry,Week4,271.0 Great Falls - 111.0 Daventry
Fox Mill Woods,Week2,Rolling Hills,Week1,300.0 Fox Mill Woods - 102.0 Rolling Hills
Great Falls,Week1,Poplar Heights,Week2,243.0 Poplar Heights - 158.0 Great Falls
Great Falls,Week2,Hollin Hills,Week4,287.0 Great Falls - 95.0 Hollin Hills
Fox Mill Woods,Week5,Little Rocky Run,Week3,221.0 Little Rocky Run - 181.0 Fox Mill Woods
Fox Mill Woods,Week1,Poplar Heights,Week4,250.0 Fox Mill Woods - 152.0 Poplar Heights
Great Falls,Week3,Hollin Hills,Week2,305.0 Great Falls - 95.0 Hollin Hills
Fox Mill Woods,Week2,Pleasant Valley,Week2,338.0 Fox Mill Woods - 63.0 Pleasant Valley
Fox Mill Woods,Week4,Pleasant Valley,Week4,350.5 Fox Mill Woods - 51.5 Pleasant Valley
Fox Mill Woods,Week2,Little Rocky Run,Week3,238.0 Little Rocky Run - 164.0 Fox Mill Woods
Fox Mill Woods,Week1,Rolling Hills,Week5,305.0 Fox Mill Woods - 97.0 Rolling Hills
Great Falls,Week2,Poplar Heights,Week2,235.0 Poplar Heights - 149.0 Great Falls
Great Falls,Week1,Hollin Meadows,Week4,240.0 Hollin Meadows - 162.0 Great Falls
Great Falls,Week4,Pleasant Valley,Week3,262.0 Great Falls - 139.0 Pleasant Valley
Fox Mill Woods,Week3,Little Rocky Run,Week2,201.0 Fox Mill Woods - 201.0 Little Rocky Run
Fox Mill Woods,Week4,Tuckahoe,Week1,302.0 Tuckahoe - 100.0 Fox Mill Woods
Fox Mill Woods,Week3,Little Rocky Run,Week3,237.0 Little Rocky Run - 165.0 Fox Mill Woods
Great Falls,Week3,Daventry,Week3,288.0 Great Falls - 113.0 Daventry
Fox Mill Woods,Week2,Rolling Hills,Week2,294.0 Fox Mill Woods - 108.0 Rolling Hills
Fox Mill Woods,Week1,Rolling Hills,Week2,298.0 Fox Mill Woods - 104.0 Rolling Hills
Fox Mill Woods,Week5,Vienna Aquatic,Week1,217.0 Vienna Aquatic - 185.0 Fox Mill Woods
Great Falls,Week1,Hollin Hills,Week3,276.0 Great Falls - 122.0 Hollin Hills
Great Falls,Week2,Poplar Heights,Week1,205.0 Poplar Heights - 179.0 Great Falls
Fox Mill Woods,Week3,Vienna Aquatic,Week1,237.0 Vienna Aquatic - 165.0 Fox Mill Woods
Great Falls,Week3,Daventry,Week4,294.0 Great Falls - 108.0 Daventry
Great Falls,Week1,Daventry,Week4,270.0 Great Falls - 129.0 Daventry
Fox Mill Woods,Week3,Vienna Aquatic,Week2,254.0 Vienna Aquatic - 148.0 Fox Mill Woods
Fox Mill Woods,Week2,Rolling Hills,Week5,298.0 Fox Mill Woods - 104.0 Rolling Hills
Fox Mill Woods,Week4,Vienna Aquatic,Week3,244.0 Vienna Aquatic - 158.0 Fox Mill Woods
Fox Mill Woods,Week2,Rolling Hills,Week4,291.0 Fox Mill Woods - 110.0 Rolling Hills
Fox Mill Woods,Week5,Little Rocky Run,Week5,214.0 Little Rocky Run - 188.0 Fox Mill Woods
Fox Mill Woods,Week5,Pleasant Valley,Week5,341.0 Fox Mill Woods - 61.0 Pleasant Valley
Great Falls,Week3,Poplar Heights,Week2,215.5 Poplar Heights - 186.5 Great Falls
Great Falls,Week2,Hollin Hills,Week1,287.0 Great Falls - 91.0 Hollin Hills
Fox Mill Woods,Week5,Little Rocky Run,Week4,203.0 Little Rocky Run - 199.0 Fox Mill Woods
Fox Mill Woods,Week5,Pleasant Valley,Week2,348.5 Fox Mill Woods - 53.5 Pleasant Valley
Great Falls,Week4,Poplar Heights,Week1,222.0 Poplar Heights - 176.0 Great Falls
Great Falls,Week3,Hollin Hills,Week1,312.0 Great Falls - 89.0 Hollin Hills
Great Falls,Week2,Daventry,Week5,246.5 Great Falls - 130.5 Daventry
Great Falls,Week1,Daventry,Week2,268.0 Great Falls - 131.0 Daventry
Great Falls,Week5,Crosspointe,Week3,260.0 Crosspointe - 142.0 Great Falls
Fox Mill Woods,Week3,Rolling Hills,Week2,289.0 Fox Mill Woods - 113.0 Rolling Hills
Great Falls,Week3,Hollin Hills,Week3,302.0 Great Falls - 100.0 Hollin Hills
Great Falls,Week1,Hollin Hills,Week5,268.0 Great Falls - 128.0 Hollin Hills
Fox Mill Woods,Week5,Poplar Heights,Week4,235.0 Fox Mill Woods - 167.0 Poplar Heights
Fox Mill Woods,Week5,Vienna Aquatic,Week5,264.0 Vienna Aquatic - 138.0 Fox Mill Woods
Fox Mill Woods,Week3,Vienna Aquatic,Week3,257.0 Vienna Aquatic - 145.0 Fox Mill Woods
Fox Mill Woods,Week4,Little Rocky Run,Week4,217.0 Little Rocky Run - 185.0 Fox Mill Woods
Great Falls,Week2,Daventry,Week3,271.0 Great Falls - 111.0 Daventry
Fox Mill Woods,Week4,Tuckahoe,Week5,312.0 Tuckahoe - 90.0 Fox Mill Woods
Great Falls,Week5,Pleasant Valley,Week3,268.0 Great Falls - 133.0 Pleasant Valley
Fox Mill Woods,Week2,Rolling Hills,Week3,289.0 Fox Mill Woods - 113.0 Rolling Hills
Great Falls,Week4,Pleasant Valley,Week5,280.0 Great Falls - 117.0 Pleasant Valley
Fox Mill Woods,Week4,Poplar Heights,Week5,220.0 Fox Mill Woods - 182.0 Poplar Heights
Great Falls,Week4,Pleasant Valley,Week4,275.0 Great Falls - 119.0 Pleasant Valley
Fox Mill Woods,Week2,Little Rocky Run,Week1,206.5 Little Rocky Run - 195.5 Fox Mill Woods
Fox Mill Woods,Week5,Poplar Heights,Week3,233.0 Fox Mill Woods - 169.0 Poplar Heights
Fox Mill Woods,Week1,Poplar Heights,Week5,226.0 Fox Mill Woods - 176.0 Poplar Heights
Fox Mill Woods,Week3,Rolling Hills,Week4,287.0 Fox Mill Woods - 115.0 Rolling Hills
Great Falls,Week2,Hollin Hills,Week3,281.0 Great Falls - 103.0 Hollin Hills
Fox Mill Woods,Week1,Vienna Aquatic,Week4,234.0 Vienna Aquatic - 168.0 Fox Mill Woods
Fox Mill Woods,Week4,Rolling Hills,Week2,287.0 Fox Mill Woods - 115.0 Rolling Hills
Fox Mill Woods,Week2,Poplar Heights,Week2,221.0 Fox Mill Woods - 181.0 Poplar Heights
Great Falls,Week2,Hollin Hills,Week2,295.0 Great Falls - 86.0 Hollin Hills
Fox Mill Woods,Week5,Poplar Heights,Week2,226.0 Fox Mill Woods - 176.0 Poplar Heights
Great Falls,Week3,Daventry,Week5,275.0 Great Falls - 121.0 Daventry
Great Falls,Week1,Poplar Heights,Week1,224.0 Poplar Heights - 178.0 Great Falls
Great Falls,Week1,Poplar Heights,Week3,247.0 Poplar Heights - 155.0 Great Falls
Great Falls,Week3,Daventry,Week1,300.0 Great Falls - 102.0 Daventry
Great Falls,Week2,Hollin Hills,Week5,276.5 Great Falls - 104.5 Hollin Hills
Great Falls,Week5,Pleasant Valley,Week5,289.0 Great Falls - 103.0 Pleasant Valley
Fox Mill Woods,Week3,Rolling Hills,Week5,290.0 Fox Mill Woods - 112.0 Rolling Hills
Fox Mill Woods,Week4,Vienna Aquatic,Week1,237.0 Vienna Aquatic - 165.0 Fox Mill Woods
Great Falls,Week1,Daventry,Week1,273.0 Great Falls - 123.0 Daventry
Great Falls,Week1,Daventry,Week5,245.0 Great Falls - 153.0 Daventry
Fox Mill Woods,Week4,Vienna Aquatic,Week2,238.0 Vienna Aquatic - 164.0 Fox Mill Woods
Fox Mill Woods,Week4,Rolling Hills,Week3,298.0 Fox Mill Woods - 104.0 Rolling Hills
Great Falls,Week5,Crosspointe,Week1,250.5 Crosspointe - 150.5 Great Falls
Fox Mill Woods,Week5,Tuckahoe,Week4,318.0 Tuckahoe - 84.0 Fox Mill Woods
Fox Mill Woods,Week3,Rolling Hills,Week3,285.0 Fox Mill Woods - 117.0 Rolling Hills
Great Falls,Week1,Poplar Heights,Week4,242.0 Poplar Heights - 160.0 Great Falls
Great Falls,Week1,Hollin Hills,Week1,278.0 Great Falls - 119.0 Hollin Hills
Fox Mill Woods,Week1,Poplar Tree,Week5,203.0 Fox Mill Woods - 199.0 Poplar Tree
Great Falls,Week4,Hollin Hills,Week1,271.0 Great Falls - 120.0 Hollin Hills
Fox Mill Woods,Week3,Poplar Heights,Week3,219.0 Fox Mill Woods - 183.0 Poplar Heights
Great Falls,Week5,Pleasant Valley,Week4,274.0 Great Falls - 119.0 Pleasant Valley
Great Falls,Week3,Poplar Heights,Week1,205.0 Poplar Heights - 197.0 Great Falls
Great Falls,Week4,Hollin Hills,Week4,272.0 Great Falls - 122.0 Hollin Hills
Fox Mill Woods,Week1,Vienna Aquatic,Week3,233.5 Vienna Aquatic - 168.5 Fox Mill Woods
Fox Mill Woods,Week2,Poplar Heights,Week1,230.0 Fox Mill Woods - 172.0 Poplar Heights
Great Falls,Week2,Poplar Heights,Week3,219.0 Poplar Heights - 165.0 Great Falls
Fox Mill Woods,Week5,Tuckahoe,Week3,328.0 Tuckahoe - 74.0 Fox Mill Woods
Fox Mill Woods,Week4,Rolling Hills,Week1,303.0 Fox Mill Woods - 99.0 Rolling Hills
Great Falls,Week4,Daventry,Week1,262.0 Great Falls - 136.0 Daventry
Great Falls,Week4,Hollin Hills,Week2,277.0 Great Falls - 110.0 Hollin Hills
Great Falls,Week1,Donaldson Run,Week3,310.0 Donaldson Run - 92.0 Great Falls
Fox Mill Woods,Week5,Pleasant Valley,Week1,348.0 Fox Mill Woods - 54.0 Pleasant Valley
Great Falls,Week3,Poplar Heights,Week4,233.0 Poplar Heights - 169.0 Great Falls
Great Falls,Week2,Dominion Hills,Week4,220.0 Dominion Hills - 164.0 Great Falls
Great Falls,Week3,Poplar Heights,Week3,216.0 Poplar Heights - 186.0 Great Falls
Fox Mill Woods,Week2,Vienna Aquatic,Week4,246.0 Vienna Aquatic - 156.0 Fox Mill Woods
Fox Mill Woods,Week4,Poplar Heights,Week1,236.0 Fox Mill Woods - 166.0 Poplar Heights
Great Falls,Week1,Donaldson Run,Week1,292.0 Donaldson Run - 110.0 Great Falls
Great Falls,Week5,Hollin Hills,Week3,292.0 Great Falls - 108.0 Hollin Hills
Fox Mill Woods,Week1,Poplar Heights,Week3,236.0 Fox Mill Woods - 166.0 Poplar Heights
Great Falls,Week2,Poplar Heights,Week4,232.0 Poplar Heights - 152.0 Great Falls
Great Falls,Week3,Hollin Hills,Week5,287.0 Great Falls - 108.0 Hollin Hills
Great Falls,Week1,Hollin Meadows,Week3,229.0 Hollin Meadows - 172.0 Great Falls
Great Falls,Week4,Hollin Hills,Week5,258.0 Great Falls - 126.0 Hollin Hills
Great Falls,Week4,Hollin Hills,Week3,263.0 Great Falls - 134.0 Hollin Hills
Fox Mill Woods,Week4,Vienna Aquatic,Week4,244.0 Vienna Aquatic - 158.0 Fox Mill Woods
Great Falls,Week5,Daventry,Week5,264.0 Great Falls - 127.0 Daventry
Fox Mill Woods,Week2,Vienna Aquatic,Week5,276.0 Vienna Aquatic - 126.0 Fox Mill Woods
Fox Mill Woods,Week5,Tuckahoe,Week2,303.0 Tuckahoe - 99.0 Fox Mill Woods
Fox Mill Woods,Week4,Poplar Heights,Week2,221.0 Fox Mill Woods - 181.0 Poplar Heights
Fox Mill Woods,Week3,Vienna Aquatic,Week4,245.5 Vienna Aquatic - 156.5 Fox Mill Woods
Great Falls,Week5,Dominion Hills,Week3,207.0 Great Falls - 195.0 Dominion Hills
Fox Mill Woods,Week3,Vienna Aquatic,Week5,280.5 Vienna Aquatic - 121.5 Fox Mill Woods
Great Falls,Week3,Poplar Heights,Week5,215.0 Poplar Heights - 187.0 Great Falls
Fox Mill Woods,Week1,Vienna Aquatic,Week5,256.0 Vienna Aquatic - 146.0 Fox Mill Woods
Fox Mill Woods,Week2,Poplar Heights,Week4,234.0 Fox Mill Woods - 168.0 Poplar Heights
Fox Mill Woods,Week1,Poplar Heights,Week2,227.0 Fox Mill Woods - 175.0 Poplar Heights
Great Falls,Week1,Hollin Hills,Week2,277.0 Great Falls - 114.0 Hollin Hills
Fox Mill Woods,Week3,Poplar Heights,Week1,222.0 Fox Mill Woods - 180.0 Poplar Heights
Great Falls,Week2,Poplar Heights,Week5,225.0 Poplar Heights - 159.0 Great Falls
Fox Mill Woods,Week1,Vienna Aquatic,Week2,224.0 Vienna Aquatic - 178.0 Fox Mill Woods
Fox Mill Woods,Week3,Rolling Hills,Week1,286.0 Fox Mill Woods - 116.0 Rolling Hills
Great Falls,Week5,Pleasant Valley,Week1,289.0 Great Falls - 112.0 Pleasant Valley
Great Falls,Week4,Poplar Heights,Week3,244.0 Poplar Heights - 158.0 Great Falls
Great Falls,Week2,Dominion Hills,Week5,235.0 Dominion Hills - 149.0 Great Falls
Great Falls,Week5,Dominion Hills,Week2,203.0 Great Falls - 199.0 Dominion Hills
Great Falls,Week4,Daventry,Week2,277.0 Great Falls - 120.0 Daventry
Great Falls,Week1,Hollin Meadows,Week5,248.0 Hollin Meadows - 153.0 Great Falls
Fox Mill Woods,Week5,Pleasant Valley,Week3,336.0 Fox Mill Woods - 66.0 Pleasant Valley
Great Falls,Week1,Dominion Hills,Week5,260.0 Dominion Hills - 142.0 Great Falls
Great Falls,Week2,Hollin Meadows,Week1,224.0 Hollin Meadows - 160.0 Great Falls
Fox Mill Woods,Week4,Pleasant Valley,Week5,347.0 Fox Mill Woods - 55.0 Pleasant Valley
Great Falls,Week5,Pleasant Valley,Week2,288.0 Great Falls - 109.0 Pleasant Valley
Fox Mill Woods,Week2,Vienna Aquatic,Week2,256.5 Vienna Aquatic - 145.5 Fox Mill Woods
Great Falls,Week4,Dominion Hills,Week4,243.0 Dominion Hills - 159.0 Great Falls
Great Falls,Week2,Hollin Meadows,Week3,217.0 Hollin Meadows - 166.0 Great Falls
Fox Mill Woods,Week2,Vienna Aquatic,Week1,247.0 Vienna Aquatic - 155.0 Fox Mill Woods
Great Falls,Week4,Poplar Heights,Week4,259.0 Poplar Heights - 142.0 Great Falls
Great Falls,Week2,Donaldson Run,Week4,285.0 Donaldson Run - 99.0 Great Falls
Fox Mill Woods,Week3,Poplar Heights,Week4,222.0 Fox Mill Woods - 180.0 Poplar Heights
Great Falls,Week5,Hollin Meadows,Week1,201.0 Great Falls - 201.0 Hollin Meadows
Fox Mill Woods,Week1,Vienna Aquatic,Week1,219.0 Vienna Aquatic - 183.0 Fox Mill Woods
Greenbriar,Week4,Hiddenbrook,Week3,240.0 Greenbriar - 162.0 Hiddenbrook
Fox Mill Woods,Week5,Tuckahoe,Week1,294.5 Tuckahoe - 107.5 Fox Mill Woods
Great Falls,Week2,Holmes Run Acres,Week1,200.0 Holmes Run Acres - 184.0 Great Falls
Fox Mill Woods,Week3,Poplar Heights,Week2,221.5 Fox Mill Woods - 180.5 Poplar Heights
Great Falls,Week5,Dominion Hills,Week4,217.5 Dominion Hills - 184.5 Great Falls
Great Falls,Week1,Poplar Tree,Week1,259.0 Poplar Tree - 143.0 Great Falls
Great Falls,Week5,Poplar Tree,Week2,218.0 Poplar Tree - 184.0 Great Falls
Fox Mill Woods,Week1,Poplar Heights,Week1,249.0 Fox Mill Woods - 153.0 Poplar Heights
Great Falls,Week2,Hollin Meadows,Week2,196.0 Great Falls - 188.0 Hollin Meadows
Great Falls,Week3,Hollin Meadows,Week5,218.0 Hollin Meadows - 184.0 Great Falls
Greenbriar,Week1,High Point Pool,Week2,229.0 High Point Pool - 173.0 Greenbriar
Great Falls,Week3,Holmes Run Acres,Week3,228.0 Holmes Run Acres - 174.0 Great Falls
Great Falls,Week5,Poplar Heights,Week2,207.0 Poplar Heights - 195.0 Great Falls
Great Falls,Week5,Poplar Heights,Week3,229.0 Poplar Heights - 173.0 Great Falls
Fox Mill Woods,Week5,Vienna Aquatic,Week2,237.0 Vienna Aquatic - 165.0 Fox Mill Woods
Great Falls,Week1,Holmes Run Acres,Week5,258.0 Holmes Run Acres - 144.0 Great Falls
Greenbriar,Week2,High Point Pool,Week1,213.0 Greenbriar - 189.0 High Point Pool
Great Falls,Week5,Hollin Meadows,Week3,211.0 Great Falls - 190.0 Hollin Meadows
Fox Mill Woods,Week2,Poplar Heights,Week5,207.0 Fox Mill Woods - 195.0 Poplar Heights
Great Falls,Week5,Poplar Tree,Week5,236.0 Poplar Tree - 166.0 Great Falls
Fox Mill Woods,Week4,Vienna Aquatic,Week5,276.0 Vienna Aquatic - 126.0 Fox Mill Woods
Great Falls,Week3,Dominion Hills,Week1,226.0 Great Falls - 176.0 Dominion Hills
Fox Mill Woods,Week5,Tuckahoe,Week5,307.0 Tuckahoe - 95.0 Fox Mill Woods
Great Falls,Week3,Poplar Tree,Week1,231.0 Poplar Tree - 171.0 Great Falls
Great Falls,Week3,Dominion Hills,Week5,218.0 Dominion Hills - 184.0 Great Falls
Great Falls,Week5,Poplar Heights,Week5,209.0 Poplar Heights - 193.0 Great Falls
Fox Mill Woods,Week5,Pleasant Valley,Week4,350.0 Fox Mill Woods - 52.0 Pleasant Valley
Great Falls,Week1,Dominion Hills,Week3,227.0 Dominion Hills - 175.0 Great Falls
Greenbriar,Week2,Hiddenbrook,Week4,246.0 Greenbriar - 156.0 Hiddenbrook
Fox Mill Woods,Week4,Poplar Heights,Week3,232.0 Fox Mill Woods - 170.0 Poplar Heights
Great Falls,Week3,Dominion Hills,Week2,208.0 Great Falls - 194.0 Dominion Hills
Fox Mill Woods,Week3,Poplar Heights,Week5,210.0 Fox Mill Woods - 192.0 Poplar Heights
Fox Mill Woods,Week5,Vienna Aquatic,Week4,246.0 Vienna Aquatic - 156.0 Fox Mill Woods
Fox Mill Woods,Week5,Vienna Aquatic,Week3,240.0 Vienna Aquatic - 162.0 Fox Mill Woods
Greenbriar,Week1,High Point Pool,Week1,224.0 High Point Pool - 178.0 Greenbriar
Great Falls,Week1,Dominion Hills,Week2,231.0 Dominion Hills - 171.0 Great Falls
Greenbriar,Week3,High Point Pool,Week2,228.0 High Point Pool - 174.0 Greenbriar
Fox Mill Woods,Week1,Vienna Woods,Week5,253.0 Vienna Woods - 149.0 Fox Mill Woods
Fox Mill Woods,Week2,Vienna Woods,Week5,275.0 Vienna Woods - 127.0 Fox Mill Woods
Great Falls,Week3,Dominion Hills,Week4,230.0 Dominion Hills - 172.0 Great Falls
Great Falls,Week4,Hollin Meadows,Week2,215.0 Hollin Meadows - 187.0 Great Falls
Great Falls,Week1,Dominion Hills,Week4,253.0 Dominion Hills - 149.0 Great Falls
Greenbriar,Week2,High Point Pool,Week3,210.0 High Point Pool - 192.0 Greenbriar
Great Falls,Week4,Dominion Hills,Week1,206.0 Great Falls - 196.0 Dominion Hills
Fox Mill Woods,Week4,Poplar Heights,Week4,238.5 Fox Mill Woods - 163.5 Poplar Heights
Great Falls,Week2,Hollin Meadows,Week4,216.0 Hollin Meadows - 168.0 Great Falls
Great Falls,Week1,Holmes Run Acres,Week1,218.0 Holmes Run Acres - 184.0 Great Falls
Fox Mill Woods,Week5,Poplar Heights,Week5,236.0 Fox Mill Woods - 166.0 Poplar Heights
Fox Mill Woods,Week2,Poplar Tree,Week2,228.0 Fox Mill Woods - 174.0 Poplar Tree
Fox Mill Woods,Week3,Vienna Woods,Week1,256.0 Vienna Woods - 146.0 Fox Mill Woods
Great Falls,Week1,Poplar Tree,Week5,267.0 Poplar Tree - 135.0 Great Falls
Great Falls,Week1,Poplar Tree,Week4,235.0 Poplar Tree - 166.0 Great Falls
Fox Mill Woods,Week3,Vienna Woods,Week3,264.0 Vienna Woods - 138.0 Fox Mill Woods
Fox Mill Woods,Week4,Vienna Woods,Week4,228.0 Vienna Woods - 174.0 Fox Mill Woods
Great Falls,Week4,Hollin Meadows,Week4,238.0 Hollin Meadows - 164.0 Great Falls
Great Falls,Week3,Poplar Tree,Week2,220.0 Poplar Tree - 182.0 Great Falls
Greenbriar,Week4,Hiddenbrook,Week5,225.0 Greenbriar - 177.0 Hiddenbrook
Great Falls,Week2,Poplar Tree,Week4,214.5 Poplar Tree - 169.5 Great Falls
Great Falls,Week4,Poplar Tree,Week2,240.0 Poplar Tree - 157.0 Great Falls
Great Falls,Week1,Poplar Tree,Week3,251.5 Poplar Tree - 150.5 Great Falls
Fox Mill Woods,Week2,Poplar Heights,Week3,219.0 Fox Mill Woods - 183.0 Poplar Heights
Great Falls,Week4,Dominion Hills,Week3,213.0 Dominion Hills - 189.0 Great Falls
Greenbriar,Week3,Hiddenbrook,Week3,248.0 Greenbriar - 154.0 Hiddenbrook
Great Falls,Week1,Holmes Run Acres,Week4,231.0 Holmes Run Acres - 170.0 Great Falls
Fox Mill Woods,Week1,Poplar Tree,Week3,229.0 Fox Mill Woods - 173.0 Poplar Tree
Fox Mill Woods,Week1,Poplar Tree,Week4,245.0 Fox Mill Woods - 157.0 Poplar Tree
Greenbriar,Week4,Hiddenbrook,Week4,229.0 Greenbriar - 173.0 Hiddenbrook
Great Falls,Week3,Hollin Meadows,Week2,210.5 Great Falls - 191.5 Hollin Meadows
Fox Mill Woods,Week2,Vienna Woods,Week1,248.0 Vienna Woods - 154.0 Fox Mill Woods
Fox Mill Woods,Week1,Poplar Tree,Week2,232.0 Fox Mill Woods - 170.0 Poplar Tree
Greenbriar,Week1,High Point Pool,Week3,231.5 High Point Pool - 170.5 Greenbriar
Fox Mill Woods,Week1,Vienna Woods,Week3,237.0 Vienna Woods - 165.0 Fox Mill Woods
Fox Mill Woods,Week5,Poplar Heights,Week1,246.0 Fox Mill Woods - 156.0 Poplar Heights
Great Falls,Week2,Dominion Hills,Week2,214.0 Dominion Hills - 170.0 Great Falls
Greenbriar,Week2,Hiddenbrook,Week3,262.0 Greenbriar - 140.0 Hiddenbrook
Greenbriar,Week3,Hiddenbrook,Week5,229.0 Greenbriar - 173.0 Hiddenbrook
Great Falls,Week5,Hollin Meadows,Week4,203.0 Great Falls - 199.0 Hollin Meadows
Great Falls,Week2,Dominion Hills,Week3,205.0 Dominion Hills - 179.0 Great Falls
Great Falls,Week3,Dominion Hills,Week3,206.0 Great Falls - 196.0 Dominion Hills
Fox Mill Woods,Week3,Vienna Woods,Week4,244.0 Vienna Woods - 158.0 Fox Mill Woods
Great Falls,Week4,Dominion Hills,Week2,214.0 Dominion Hills - 188.0 Great Falls
Great Falls,Week3,Holmes Run Acres,Week5,238.0 Holmes Run Acres - 164.0 Great Falls
Great Falls,Week2,Poplar Tree,Week2,228.0 Poplar Tree - 151.0 Great Falls
Great Falls,Week1,Poplar Tree,Week2,249.0 Poplar Tree - 153.0 Great Falls
Great Falls,Week4,Poplar Tree,Week4,207.0 Poplar Tree - 195.0 Great Falls
Great Falls,Week4,Dominion Hills,Week5,249.0 Dominion Hills - 152.0 Great Falls
Fox Mill Woods,Week2,Poplar Tree,Week1,214.0 Fox Mill Woods - 188.0 Poplar Tree
Fox Mill Woods,Week1,Vienna Woods,Week2,226.0 Vienna Woods - 176.0 Fox Mill Woods
Fox Mill Woods,Week1,Poplar Tree,Week1,218.0 Fox Mill Woods - 184.0 Poplar Tree
Greenbriar,Week3,High Point Pool,Week5,229.0 High Point Pool - 173.0 Greenbriar
Great Falls,Week5,Holmes Run Acres,Week2,219.0 Great Falls - 183.0 Holmes Run Acres
Greenbriar,Week1,High Point Pool,Week5,226.0 High Point Pool - 176.0 Greenbriar
Great Falls,Week1,Holmes Run Acres,Week3,245.0 Holmes Run Acres - 157.0 Great Falls
Greenbriar,Week5,Hiddenbrook,Week2,286.0 Greenbriar - 111.0 Hiddenbrook
Fox Mill Woods,Week2,Vienna Woods,Week3,258.0 Vienna Woods - 144.0 Fox Mill Woods
Great Falls,Week2,Dominion Hills,Week1,200.0 Dominion Hills - 184.0 Great Falls
Fox Mill Woods,Week3,Vienna Woods,Week5,278.0 Vienna Woods - 124.0 Fox Mill Woods
Great Falls,Week5,Dominion Hills,Week1,215.0 Great Falls - 187.0 Dominion Hills
Greenbriar,Week3,Hiddenbrook,Week1,270.0 Greenbriar - 132.0 Hiddenbrook
Great Falls,Week2,Poplar Tree,Week1,235.0 Poplar Tree - 149.0 Great Falls
Fox Mill Woods,Week4,Vienna Woods,Week5,282.0 Vienna Woods - 120.0 Fox Mill Woods
Great Falls,Week4,Poplar Tree,Week3,240.0 Poplar Tree - 161.0 Great Falls
Great Falls,Week1,Dominion Hills,Week1,216.0 Dominion Hills - 186.0 Great Falls
Great Falls,Week4,Hollin Meadows,Week5,234.0 Hollin Meadows - 167.0 Great Falls
Great Falls,Week3,Poplar Tree,Week3,238.0 Poplar Tree - 164.0 Great Falls
Fox Mill Woods,Week2,Poplar Tree,Week4,215.0 Fox Mill Woods - 187.0 Poplar Tree
Great Falls,Week2,Holmes Run Acres,Week2,200.0 Holmes Run Acres - 184.0 Great Falls
Greenbriar,Week5,Hiddenbrook,Week5,232.0 Greenbriar - 170.0 Hiddenbrook
Fox Mill Woods,Week2,Poplar Tree,Week3,216.0 Fox Mill Woods - 186.0 Poplar Tree
Great Falls,Week2,Donaldson Run,Week1,260.0 Donaldson Run - 124.0 Great Falls
Fox Mill Woods,Week5,Vienna Woods,Week1,241.0 Vienna Woods - 161.0 Fox Mill Woods
Greenbriar,Week5,Hiddenbrook,Week1,258.0 Greenbriar - 143.0 Hiddenbrook
Fox Mill Woods,Week4,Vienna Woods,Week1,249.5 Vienna Woods - 152.5 Fox Mill Woods
Great Falls,Week2,Hollin Meadows,Week5,221.0 Hollin Meadows - 163.0 Great Falls
Great Falls,Week5,Hollin Meadows,Week5,208.5 Hollin Meadows - 193.5 Great Falls
Great Falls,Week4,Poplar Tree,Week5,251.0 Poplar Tree - 151.0 Great Falls
Great Falls,Week5,Poplar Heights,Week4,222.0 Poplar Heights - 180.0 Great Falls
Fox Mill Woods,Week4,Vienna Woods,Week2,249.0 Vienna Woods - 153.0 Fox Mill Woods
Greenbriar,Week3,Hiddenbrook,Week4,246.0 Greenbriar - 156.0 Hiddenbrook
Great Falls,Week1,Donaldson Run,Week4,304.0 Donaldson Run - 98.0 Great Falls
Great Falls,Week5,Dominion Hills,Week5,220.0 Dominion Hills - 182.0 Great Falls
Greenbriar,Week2,Hiddenbrook,Week2,294.5 Greenbriar - 107.5 Hiddenbrook
Great Falls,Week3,Hollin Meadows,Week3,211.0 Great Falls - 191.0 Hollin Meadows
Greenbriar,Week4,Hiddenbrook,Week1,251.0 Greenbriar - 151.0 Hiddenbrook
Greenbriar,Week3,Hiddenbrook,Week2,293.0 Greenbriar - 108.0 Hiddenbrook
Great Falls,Week1,Holmes Run Acres,Week2,213.0 Holmes Run Acres - 189.0 Great Falls
Fox Mill Woods,Week3,Poplar Tree,Week1,217.0 Fox Mill Woods - 185.0 Poplar Tree
Great Falls,Week2,Poplar Tree,Week3,237.0 Poplar Tree - 147.0 Great Falls
Great Falls,Week5,Poplar Tree,Week1,228.0 Poplar Tree - 174.0 Great Falls
Great Falls,Week3,Poplar Tree,Week4,208.0 Poplar Tree - 194.0 Great Falls
Great Falls,Week3,Holmes Run Acres,Week1,204.0 Great Falls - 198.0 Holmes Run Acres
Fox Mill Woods,Week2,Poplar Tree,Week5,214.0 Poplar Tree - 188.0 Fox Mill Woods
Great Falls,Week1,Donaldson Run,Week2,307.0 Donaldson Run - 95.0 Great Falls
Fox Mill Woods,Week2,Vienna Woods,Week4,235.0 Vienna Woods - 167.0 Fox Mill Woods
Great Falls,Week1,Donaldson Run,Week5,324.0 Donaldson Run - 78.0 Great Falls
Fox Mill Woods,Week2,Vienna Woods,Week2,248.0 Vienna Woods - 154.0 Fox Mill Woods
Great Falls,Week4,Hollin Meadows,Week3,208.5 Hollin Meadows - 192.5 Great Falls
Fox Mill Woods,Week5,Vienna Woods,Week2,233.0 Vienna Woods - 169.0 Fox Mill Woods
Great Falls,Week3,Somerset-Olde Creek,Week3,312.0 Great Falls - 85.0 Somerset-Olde Creek
Great Falls,Week1,Ravensworth Farm,Week4,247.0 Ravensworth Farm - 155.0 Great Falls
Great Falls,Week4,Holmes Run Acres,Week2,200.5 Holmes Run Acres - 196.5 Great Falls
Greenbriar,Week3,High Point Pool,Week3,219.0 High Point Pool - 183.0 Greenbriar
Great Falls,Week2,Donaldson Run,Week3,288.0 Donaldson Run - 96.0 Great Falls
Great Falls,Week3,Poplar Tree,Week5,240.0 Poplar Tree - 162.0 Great Falls
Great Falls,Week2,Donaldson Run,Week2,274.0 Donaldson Run - 110.0 Great Falls
Greenbriar,Week2,High Point Pool,Week2,213.0 High Point Pool - 189.0 Greenbriar
Fox Mill Woods,Week3,Vienna Woods,Week2,254.0 Vienna Woods - 148.0 Fox Mill Woods
Great Falls,Week5,Donaldson Run,Week4,255.0 Donaldson Run - 147.0 Great Falls
Greenbriar,Week1,High Point Pool,Week4,226.0 High Point Pool - 176.0 Greenbriar
Great Falls,Week2,Holmes Run Acres,Week3,235.0 Holmes Run Acres - 149.0 Great Falls
Great Falls,Week3,Donaldson Run,Week4,266.0 Donaldson Run - 136.0 Great Falls
Great Falls,Week1,Ravensworth Farm,Week3,243.0 Ravensworth Farm - 159.0 Great Falls
Fox Mill Woods,Week1,Vienna Woods,Week1,237.0 Vienna Woods - 165.0 Fox Mill Woods
Great Falls,Week5,Poplar Tree,Week4,208.0 Poplar Tree - 194.0 Great Falls
Greenbriar,Week2,High Point Pool,Week4,205.0 High Point Pool - 197.0 Greenbriar
Great Falls,Week1,Ravensworth Farm,Week2,218.0 Ravensworth Farm - 183.0 Great Falls
Great Falls,Week5,Somerset-Olde Creek,Week5,285.0 Great Falls - 113.0 Somerset-Olde Creek
Great Falls,Week2,Holmes Run Acres,Week5,235.0 Holmes Run Acres - 149.0 Great Falls
Greenbriar,Week2,Hiddenbrook,Week1,269.0 Greenbriar - 133.0 Hiddenbrook
Great Falls,Week1,Somerset-Olde Creek,Week2,291.0 Great Falls - 105.0 Somerset-Olde Creek
Greenbriar,Week2,High Point Pool,Week5,203.0 High Point Pool - 199.0 Greenbriar
Great Falls,Week4,Donaldson Run,Week3,279.0 Donaldson Run - 123.0 Great Falls
Great Falls,Week1,Ravensworth Farm,Week5,267.0 Ravensworth Farm - 135.0 Great Falls
Great Falls,Week3,Somerset-Olde Creek,Week4,296.0 Great Falls - 106.0 Somerset-Olde Creek
Great Falls,Week4,Holmes Run Acres,Week1,202.5 Holmes Run Acres - 198.5 Great Falls
Greenbriar,Week5,Hiddenbrook,Week3,246.0 Greenbriar - 156.0 Hiddenbrook
Great Falls,Week4,Donaldson Run,Week2,275.0 Donaldson Run - 127.0 Great Falls
Great Falls,Week4,Hollin Meadows,Week1,248.0 Hollin Meadows - 154.0 Great Falls
Great Falls,Week1,Ravensworth Farm,Week1,236.0 Ravensworth Farm - 165.0 Great Falls
Great Falls,Week1,South Run,Week3,224.0 South Run - 177.0 Great Falls
Great Falls,Week3,Dowden Terrace,Week2,204.0 Dowden Terrace - 198.0 Great Falls
Fox Mill Woods,Week5,Vienna Woods,Week3,251.0 Vienna Woods - 151.0 Fox Mill Woods
Greenbriar,Week2,Hiddenbrook,Week5,242.0 Greenbriar - 160.0 Hiddenbrook
Great Falls,Week2,Dowden Terrace,Week3,208.0 Dowden Terrace - 176.0 Great Falls
Greenbriar,Week5,Hiddenbrook,Week4,240.5 Greenbriar - 161.5 Hiddenbrook
Great Falls,Week1,Dowden Terrace,Week3,221.0 Dowden Terrace - 181.0 Great Falls
Greenbriar,Week4,Hiddenbrook,Week2,277.0 Greenbriar - 125.0 Hiddenbrook
Greenbriar,Week3,High Point Pool,Week1,209.0 High Point Pool - 193.0 Greenbriar
Fox Mill Woods,Week1,Vienna Woods,Week4,216.0 Vienna Woods - 186.0 Fox Mill Woods
Great Falls,Week3,Hollin Meadows,Week4,201.0 Great Falls - 201.0 Hollin Meadows
Great Falls,Week4,Poplar Tree,Week1,240.0 Poplar Tree - 162.0 Great Falls
Great Falls,Week5,Poplar Heights,Week1,202.0 Great Falls - 200.0 Poplar Heights
Great Falls,Week2,Dowden Terrace,Week4,218.0 Dowden Terrace - 166.0 Great Falls
Great Falls,Week5,Poplar Tree,Week3,221.0 Poplar Tree - 181.0 Great Falls
Fox Mill Woods,Week4,Vienna Woods,Week3,252.0 Vienna Woods - 150.0 Fox Mill Woods
Great Falls,Week3,Donaldson Run,Week5,279.0 Donaldson Run - 123.0 Great Falls
Great Falls,Week3,Hollin Meadows,Week1,203.0 Hollin Meadows - 199.0 Great Falls
Great Falls,Week2,Poplar Tree,Week5,257.0 Poplar Tree - 127.0 Great Falls
Great Falls,Week3,Holmes Run Acres,Week4,206.0 Holmes Run Acres - 196.0 Great Falls
Great Falls,Week2,Holmes Run Acres,Week4,217.0 Holmes Run Acres - 167.0 Great Falls
Great Falls,Week3,Holmes Run Acres,Week2,216.5 Great Falls - 185.5 Holmes Run Acres
Great Falls,Week5,Hollin Meadows,Week2,216.0 Great Falls - 186.0 Hollin Meadows
Great Falls,Week5,Ravensworth Farm,Week2,206.0 Great Falls - 194.0 Ravensworth Farm
Great Falls,Week4,Holmes Run Acres,Week4,207.0 Holmes Run Acres - 195.0 Great Falls
Great Falls,Week2,Somerset-Olde Creek,Week5,259.0 Great Falls - 123.0 Somerset-Olde Creek
Great Falls,Week1,Riverside Gardens,Week1,259.0 Riverside Gardens - 143.0 Great Falls
Great Falls,Week4,Holmes Run Acres,Week5,239.0 Holmes Run Acres - 163.0 Great Falls
Great Falls,Week4,Holmes Run Acres,Week3,237.0 Holmes Run Acres - 165.0 Great Falls
Great Falls,Week3,Dowden Terrace,Week3,204.0 Great Falls - 198.0 Dowden Terrace
Great Falls,Week4,Ravensworth Farm,Week3,230.0 Ravensworth Farm - 172.0 Great Falls
Greenbriar,Week3,High Point Pool,Week4,228.0 High Point Pool - 174.0 Greenbriar
Great Falls,Week3,Somerset-Olde Creek,Week5,283.0 Great Falls - 119.0 Somerset-Olde Creek
Great Falls,Week4,Ravensworth Farm,Week1,229.0 Ravensworth Farm - 173.0 Great Falls
Greenbriar,Week4,High Point Pool,Week1,234.0 High Point Pool - 168.0 Greenbriar
Great Falls,Week1,Somerset-Olde Creek,Week3,294.0 Great Falls - 97.0 Somerset-Olde Creek
Great Falls,Week5,Donaldson Run,Week2,256.0 Donaldson Run - 146.0 Great Falls
Great Falls,Week4,Donaldson Run,Week5,306.0 Donaldson Run - 96.0 Great Falls
Greenbriar,Week4,Highland Park,Week3,213.0 Highland Park - 189.0 Greenbriar
Great Falls,Week1,Dowden Terrace,Week1,221.0 Dowden Terrace - 181.0 Great Falls
Greenbriar,Week2,Highland Park,Week1,207.5 Highland Park - 194.5 Greenbriar
Greenbriar,Week5,High Point Pool,Week4,234.0 High Point Pool - 168.0 Greenbriar
Great Falls,Week1,Broyhill Crest,Week1,315.0 Great Falls - 73.0 Broyhill Crest
Great Falls,Week2,Somerset-Olde Creek,Week4,285.0 Great Falls - 98.0 Somerset-Olde Creek
Great Falls,Week1,Riverside Gardens,Week5,287.0 Riverside Gardens - 115.0 Great Falls
Great Falls,Week5,Donaldson Run,Week3,249.0 Donaldson Run - 153.0 Great Falls
Great Falls,Week4,Somerset-Olde Creek,Week5,262.0 Great Falls - 132.0 Somerset-Olde Creek
Great Falls,Week2,Somerset-Olde Creek,Week3,287.0 Great Falls - 94.0 Somerset-Olde Creek
Great Falls,Week3,Ravensworth Farm,Week3,215.0 Ravensworth Farm - 187.0 Great Falls
Great Falls,Week3,Riverside Gardens,Week1,243.0 Riverside Gardens - 159.0 Great Falls
Great Falls,Week4,Donaldson Run,Week4,271.0 Donaldson Run - 131.0 Great Falls
Greenbriar,Week4,High Point Pool,Week5,242.0 High Point Pool - 160.0 Greenbriar
Great Falls,Week3,Somerset-Olde Creek,Week2,310.0 Great Falls - 87.0 Somerset-Olde Creek
Great Falls,Week1,Dowden Terrace,Week4,224.0 Dowden Terrace - 178.0 Great Falls
Great Falls,Week2,Broyhill Crest,Week4,310.0 Great Falls - 70.0 Broyhill Crest
Greenbriar,Week3,Highland Park,Week2,211.0 Greenbriar - 191.0 Highland Park
Great Falls,Week3,Broyhill Crest,Week4,347.0 Great Falls - 54.0 Broyhill Crest
Great Falls,Week5,Donaldson Run,Week1,242.0 Donaldson Run - 160.0 Great Falls
Great Falls,Week2,Somerset-Olde Creek,Week1,286.0 Great Falls - 94.0 Somerset-Olde Creek
Great Falls,Week5,Holmes Run Acres,Week5,226.0 Holmes Run Acres - 176.0 Great Falls
Great Falls,Week5,Ravensworth Farm,Week5,232.0 Ravensworth Farm - 170.0 Great Falls
Greenbriar,Week4,High Point Pool,Week3,248.0 High Point Pool - 154.0 Greenbriar
Great Falls,Week2,Hunt Valley,Week2,249.0 Hunt Valley - 135.0 Great Falls
Great Falls,Week5,Holmes Run Acres,Week1,215.0 Great Falls - 186.0 Holmes Run Acres
Great Falls,Week1,Hunt Valley,Week1,281.0 Hunt Valley - 121.0 Great Falls
Great Falls,Week5,Holmes Run Acres,Week3,217.0 Holmes Run Acres - 185.0 Great Falls
Great Falls,Week4,Broyhill Crest,Week5,297.0 Great Falls - 94.0 Broyhill Crest
Great Falls,Week1,Broyhill Crest,Week2,311.0 Great Falls - 82.0 Broyhill Crest
Great Falls,Week2,Riverside Gardens,Week3,248.0 Riverside Gardens - 136.0 Great Falls
Great Falls,Week4,Somerset-Olde Creek,Week1,276.0 Great Falls - 112.0 Somerset-Olde Creek
Great Falls,Week1,Burke Station,Week2,240.0 Great Falls - 157.0 Burke Station
Great Falls,Week3,Donaldson Run,Week2,259.0 Donaldson Run - 143.0 Great Falls
Great Falls,Week2,Hunt Valley,Week1,252.0 Hunt Valley - 127.0 Great Falls
Great Falls,Week4,Ravensworth Farm,Week2,204.0 Ravensworth Farm - 197.0 Great Falls
Fox Mill Woods,Week1,Mansion House,Week5,229.0 Fox Mill Woods - 173.0 Mansion House
Great Falls,Week4,Hunt Valley,Week1,267.0 Hunt Valley - 130.0 Great Falls
Great Falls,Week4,Ravensworth Farm,Week4,222.0 Ravensworth Farm - 179.0 Great Falls
Great Falls,Week4,Hunt Valley,Week3,293.0 Hunt Valley - 109.0 Great Falls
Great Falls,Week3,Hunt Valley,Week1,254.0 Hunt Valley - 148.0 Great Falls
Great Falls,Week5,Somerset-Olde Creek,Week2,302.0 Great Falls - 91.0 Somerset-Olde Creek
Great Falls,Week3,Ravensworth Farm,Week4,210.0 Ravensworth Farm - 192.0 Great Falls
Fox Mill Woods,Week1,Mansion House,Week4,272.0 Fox Mill Woods - 130.0 Mansion House
Great Falls,Week1,Burke Station,Week4,246.0 Great Falls - 151.0 Burke Station
Greenbriar,Week5,High Point Pool,Week3,233.5 High Point Pool - 167.5 Greenbriar
Great Falls,Week1,Dowden Terrace,Week5,246.0 Dowden Terrace - 156.0 Great Falls
Greenbriar,Week4,High Point Pool,Week2,262.0 High Point Pool - 140.0 Greenbriar
Great Falls,Week2,Dowden Terrace,Week1,214.0 Dowden Terrace - 170.0 Great Falls
Great Falls,Week2,Ravensworth Farm,Week1,202.5 Ravensworth Farm - 181.5 Great Falls
Great Falls,Week2,Ravensworth Farm,Week4,218.0 Ravensworth Farm - 166.0 Great Falls
Great Falls,Week5,Brookfield ,Week1,211.0 Great Falls - 191.0 Brookfield
Great Falls,Week2,Donaldson Run,Week5,303.0 Donaldson Run - 81.0 Great Falls
Great Falls,Week4,Hunt Valley,Week4,284.0 Hunt Valley - 118.0 Great Falls
Great Falls,Week3,Hunt Valley,Week5,273.0 Hunt Valley - 129.0 Great Falls
Great Falls,Week5,Somerset-Olde Creek,Week3,303.0 Great Falls - 88.0 Somerset-Olde Creek
Greenbriar,Week2,Highland Park,Week3,232.5 Greenbriar - 169.5 Highland Park
Great Falls,Week5,Broyhill Crest,Week3,314.0 Great Falls - 79.0 Broyhill Crest
Great Falls,Week1,Somerset-Olde Creek,Week1,281.0 Great Falls - 104.0 Somerset-Olde Creek
Greenbriar,Week5,High Point Pool,Week5,230.0 High Point Pool - 172.0 Greenbriar
Great Falls,Week2,Dowden Terrace,Week5,241.0 Dowden Terrace - 143.0 Great Falls
Greenbriar,Week1,Highland Park,Week2,202.0 Greenbriar - 200.0 Highland Park
Great Falls,Week3,Donaldson Run,Week3,259.0 Donaldson Run - 143.0 Great Falls
Great Falls,Week1,Somerset-Olde Creek,Week5,269.0 Great Falls - 123.0 Somerset-Olde Creek
Great Falls,Week3,Broyhill Crest,Week1,342.0 Great Falls - 58.0 Broyhill Crest
Greenbriar,Week1,Highland Park,Week5,208.0 Greenbriar - 194.0 Highland Park
Great Falls,Week2,Ravensworth Farm,Week2,192.0 Ravensworth Farm - 191.0 Great Falls
Fox Mill Woods,Week2,Long Branch,Week3,286.0 Fox Mill Woods - 116.0 Long Branch
Great Falls,Week4,Donaldson Run,Week1,268.0 Donaldson Run - 134.0 Great Falls
Fox Mill Woods,Week3,Long Branch,Week5,279.0 Fox Mill Woods - 123.0 Long Branch
Great Falls,Week1,Broyhill Crest,Week3,307.0 Great Falls - 90.0 Broyhill Crest
Great Falls,Week3,Broyhill Crest,Week2,351.0 Great Falls - 48.0 Broyhill Crest
Greenbriar,Week1,Highland Park,Week3,210.0 Greenbriar - 192.0 Highland Park
Greenbriar,Week1,Highland Park,Week4,207.0 Highland Park - 195.0 Greenbriar
Great Falls,Week2,Hunt Valley,Week5,281.0 Hunt Valley - 103.0 Great Falls
Great Falls,Week3,Ravensworth Farm,Week1,207.0 Ravensworth Farm - 195.0 Great Falls
Great Falls,Week5,Donaldson Run,Week5,278.0 Donaldson Run - 124.0 Great Falls
Great Falls,Week2,Somerset-Olde Creek,Week2,292.0 Great Falls - 90.0 Somerset-Olde Creek
Greenbriar,Week3,Highland Park,Week3,214.0 Greenbriar - 188.0 Highland Park
Great Falls,Week1,Hunt Valley,Week4,311.0 Hunt Valley - 91.0 Great Falls
Great Falls,Week3,Donaldson Run,Week1,267.0 Donaldson Run - 135.0 Great Falls
Great Falls,Week1,Riverside Gardens,Week3,271.0 Riverside Gardens - 131.0 Great Falls
Great Falls,Week4,Somerset-Olde Creek,Week2,287.0 Great Falls - 104.0 Somerset-Olde Creek
Great Falls,Week5,Broyhill Crest,Week5,312.0 Great Falls - 88.0 Broyhill Crest
Great Falls,Week3,Somerset-Olde Creek,Week1,306.0 Great Falls - 90.0 Somerset-Olde Creek
Great Falls,Week5,Hunt Valley,Week1,241.0 Hunt Valley - 161.0 Great Falls
Fox Mill Woods,Week3,Long Branch,Week4,288.5 Fox Mill Woods - 113.5 Long Branch
Great Falls,Week5,Somerset-Olde Creek,Week1,299.0 Great Falls - 92.0 Somerset-Olde Creek
Fox Mill Woods,Week4,Long Branch,Week4,294.0 Fox Mill Woods - 108.0 Long Branch
Great Falls,Week3,Ravensworth Farm,Week2,207.5 Great Falls - 194.5 Ravensworth Farm
Greenbriar,Week1,Highland Park,Week1,218.0 Highland Park - 184.0 Greenbriar
Great Falls,Week5,Hunt Valley,Week2,241.0 Hunt Valley - 161.0 Great Falls
Great Falls,Week5,Somerset-Olde Creek,Week4,293.0 Great Falls - 108.0 Somerset-Olde Creek
Great Falls,Week2,Dowden Terrace,Week2,202.0 Dowden Terrace - 182.0 Great Falls
Fox Mill Woods,Week4,Long Branch,Week2,292.0 Fox Mill Woods - 110.0 Long Branch
Great Falls,Week5,Brookfield ,Week3,237.0 Great Falls - 165.0 Brookfield
Great Falls,Week1,Riverside Gardens,Week2,249.0 Riverside Gardens - 153.0 Great Falls
Great Falls,Week4,Broyhill Crest,Week2,308.0 Great Falls - 88.0 Broyhill Crest
Great Falls,Week4,Hunt Valley,Week5,295.0 Hunt Valley - 107.0 Great Falls
Great Falls,Week4,Somerset-Olde Creek,Week3,287.0 Great Falls - 99.0 Somerset-Olde Creek
Great Falls,Week1,Dowden Terrace,Week2,228.0 Dowden Terrace - 174.0 Great Falls
Greenbriar,Week4,High Point Pool,Week4,250.0 High Point Pool - 152.0 Greenbriar
Greenbriar,Week3,Highland Park,Week1,205.0 Highland Park - 197.0 Greenbriar
Greenbriar,Week3,Highland Park,Week4,210.0 Highland Park - 192.0 Greenbriar
Great Falls,Week1,Broyhill Crest,Week5,309.0 Great Falls - 88.0 Broyhill Crest
Greenbriar,Week2,Highland Park,Week5,223.0 Greenbriar - 179.0 Highland Park
Great Falls,Week1,Riverside Gardens,Week4,277.0 Riverside Gardens - 125.0 Great Falls
Great Falls,Week5,Dowden Terrace,Week1,202.0 Dowden Terrace - 200.0 Great Falls
Great Falls,Week2,Dunn Loring,Week5,273.0 Dunn Loring - 111.0 Great Falls
Great Falls,Week4,Somerset-Olde Creek,Week4,280.5 Great Falls - 116.5 Somerset-Olde Creek
Fox Mill Woods,Week1,Mansion House,Week1,242.0 Fox Mill Woods - 160.0 Mansion House
Great Falls,Week2,Riverside Gardens,Week4,267.0 Riverside Gardens - 117.0 Great Falls
Fox Mill Woods,Week1,Long Branch,Week5,282.0 Fox Mill Woods - 120.0 Long Branch
Fox Mill Woods,Week2,Long Branch,Week4,287.0 Fox Mill Woods - 115.0 Long Branch
Great Falls,Week3,Hunt Valley,Week4,264.0 Hunt Valley - 138.0 Great Falls
Great Falls,Week1,Somerset-Olde Creek,Week4,279.0 Great Falls - 118.0 Somerset-Olde Creek
Great Falls,Week2,Hunt Valley,Week4,271.0 Hunt Valley - 113.0 Great Falls
Greenbriar,Week5,High Point Pool,Week2,244.0 High Point Pool - 158.0 Greenbriar
Great Falls,Week1,South Run,Week1,235.0 South Run - 157.0 Great Falls
Great Falls,Week1,Broyhill Crest,Week4,310.0 Great Falls - 84.0 Broyhill Crest
Great Falls,Week2,Riverside Gardens,Week2,240.0 Riverside Gardens - 144.0 Great Falls
Great Falls,Week2,Broyhill Crest,Week3,309.0 Great Falls - 71.0 Broyhill Crest
Great Falls,Week4,Dowden Terrace,Week3,210.0 Dowden Terrace - 192.0 Great Falls
Great Falls,Week3,Hunt Valley,Week2,249.5 Hunt Valley - 152.5 Great Falls
Great Falls,Week3,Ravensworth Farm,Week5,227.0 Ravensworth Farm - 175.0 Great Falls
Great Falls,Week2,Hunt Valley,Week3,274.0 Hunt Valley - 110.0 Great Falls
Great Falls,Week5,Brookfield ,Week4,227.0 Great Falls - 175.0 Brookfield
Great Falls,Week1,South Run,Week2,214.0 South Run - 180.0 Great Falls
Great Falls,Week3,Dowden Terrace,Week1,205.0 Dowden Terrace - 197.0 Great Falls
Great Falls,Week5,Brookfield ,Week2,242.0 Great Falls - 160.0 Brookfield
Greenbriar,Week4,Highland Park,Week2,215.0 Highland Park - 187.0 Greenbriar
Fox Mill Woods,Week3,Long Branch,Week2,291.0 Fox Mill Woods - 111.0 Long Branch
Great Falls,Week4,Dunn Loring,Week1,249.0 Dunn Loring - 153.0 Great Falls
Great Falls,Week5,Ravensworth Farm,Week1,210.0 Ravensworth Farm - 192.0 Great Falls
Great Falls,Week5,Ravensworth Farm,Week4,217.0 Ravensworth Farm - 185.0 Great Falls
Great Falls,Week4,Dunn Loring,Week3,279.5 Dunn Loring - 122.5 Great Falls
Great Falls,Week4,Broyhill Crest,Week4,311.0 Great Falls - 82.0 Broyhill Crest
Fox Mill Woods,Week2,Long Branch,Week5,274.0 Fox Mill Woods - 128.0 Long Branch
Great Falls,Week2,Ravensworth Farm,Week3,210.0 Ravensworth Farm - 174.0 Great Falls
Greenbriar,Week3,Highland Park,Week5,206.0 Greenbriar - 196.0 Highland Park
Great Falls,Week3,Hunt Valley,Week3,269.0 Hunt Valley - 133.0 Great Falls
Great Falls,Week2,Ravensworth Farm,Week5,233.0 Ravensworth Farm - 151.0 Great Falls
Great Falls,Week2,Broyhill Crest,Week2,313.0 Great Falls - 66.0 Broyhill Crest
Great Falls,Week5,Holmes Run Acres,Week4,206.0 Great Falls - 196.0 Holmes Run Acres
Greenbriar,Week4,Highland Park,Week1,244.0 Highland Park - 158.0 Greenbriar
Great Falls,Week4,Broyhill Crest,Week1,295.0 Great Falls - 90.0 Broyhill Crest
Great Falls,Week1,Springboard,Week3,233.0 Great Falls - 169.0 Springboard
Fox Mill Woods,Week4,Long Branch,Week1,302.0 Fox Mill Woods - 100.0 Long Branch
Great Falls,Week1,Dunn Loring,Week3,288.0 Dunn Loring - 114.0 Great Falls
Greenbriar,Week2,Highland Park,Week2,226.0 Greenbriar - 176.0 Highland Park
Great Falls,Week1,South Run,Week5,225.0 South Run - 177.0 Great Falls
Great Falls,Week5,Ravensworth Farm,Week3,201.0 Great Falls - 201.0 Ravensworth Farm
Great Falls,Week2,South Run,Week4,195.0 Great Falls - 184.0 South Run
Great Falls,Week1,Springboard,Week4,233.0 Great Falls - 165.0 Springboard
Greenbriar,Week5,High Point Pool,Week1,226.5 High Point Pool - 175.5 Greenbriar
Great Falls,Week3,Dunn Loring,Week4,262.0 Dunn Loring - 140.0 Great Falls
Great Falls,Week4,Dowden Terrace,Week1,217.0 Dowden Terrace - 184.0 Great Falls
Great Falls,Week1,Hunt Valley,Week2,287.5 Hunt Valley - 114.5 Great Falls
Great Falls,Week2,South Run,Week3,194.0 South Run - 190.0 Great Falls
Great Falls,Week2,Riverside Gardens,Week5,276.0 Riverside Gardens - 108.0 Great Falls
Great Falls,Week4,Hunt Valley,Week2,277.0 Hunt Valley - 125.0 Great Falls
Great Falls,Week1,Hunter Mill,Week1,253.0 Hunter Mill - 149.0 Great Falls
Greenbriar,Week2,Highland Park,Week4,212.0 Greenbriar - 190.0 Highland Park
Great Falls,Week3,South Run,Week5,210.0 Great Falls - 192.0 South Run
Great Falls,Week2,Riverside Gardens,Week1,248.0 Riverside Gardens - 136.0 Great Falls
Great Falls,Week2,Hunter Mill,Week2,218.0 Hunter Mill - 166.0 Great Falls
Great Falls,Week1,Hunt Valley,Week3,294.0 Hunt Valley - 108.0 Great Falls
Great Falls,Week4,Dowden Terrace,Week5,225.5 Dowden Terrace - 176.5 Great Falls
Fox Mill Woods,Week5,Long Branch,Week5,283.0 Fox Mill Woods - 119.0 Long Branch
Fox Mill Woods,Week2,Long Branch,Week1,293.0 Fox Mill Woods - 109.0 Long Branch
Great Falls,Week4,Dunn Loring,Week2,272.0 Dunn Loring - 130.0 Great Falls
Greenbriar,Week4,Highlands Swim,Week5,297.0 Highlands Swim - 105.0 Greenbriar
Greenbriar,Week4,Highland Park,Week4,232.5 Highland Park - 169.5 Greenbriar
Fox Mill Woods,Week4,Long Branch,Week3,300.0 Fox Mill Woods - 102.0 Long Branch
Fox Mill Woods,Week5,Long Branch,Week2,297.0 Fox Mill Woods - 105.0 Long Branch
Great Falls,Week2,South Run,Week1,206.0 South Run - 178.0 Great Falls
Great Falls,Week5,Brookfield ,Week5,226.0 Great Falls - 176.0 Brookfield
Great Falls,Week1,Hunt Valley,Week5,308.0 Hunt Valley - 94.0 Great Falls
Great Falls,Week5,Dunn Loring,Week5,262.5 Dunn Loring - 139.5 Great Falls
Great Falls,Week3,Broyhill Crest,Week3,350.0 Great Falls - 46.0 Broyhill Crest
Great Falls,Week2,Broyhill Crest,Week1,313.0 Great Falls - 60.0 Broyhill Crest
Great Falls,Week4,Ravensworth Farm,Week5,252.0 Ravensworth Farm - 150.0 Great Falls
Great Falls,Week4,Broyhill Crest,Week3,315.0 Great Falls - 77.0 Broyhill Crest
Great Falls,Week4,South Run,Week4,207.0 Great Falls - 188.0 South Run
Fox Mill Woods,Week5,Long Branch,Week1,297.0 Fox Mill Woods - 105.0 Long Branch
Great Falls,Week4,Riverside Gardens,Week1,249.0 Riverside Gardens - 153.0 Great Falls
Great Falls,Week5,South Run,Week5,216.0 Great Falls - 186.0 South Run
Great Falls,Week4,Hunter Mill,Week5,247.0 Hunter Mill - 155.0 Great Falls
Fox Mill Woods,Week3,Long Branch,Week1,302.0 Fox Mill Woods - 100.0 Long Branch
Fox Mill Woods,Week1,Mansion House,Week3,236.0 Fox Mill Woods - 166.0 Mansion House
Fox Mill Woods,Week2,Long Branch,Week2,285.0 Fox Mill Woods - 117.0 Long Branch
Great Falls,Week3,Broyhill Crest,Week5,338.0 Great Falls - 64.0 Broyhill Crest
Great Falls,Week5,Dowden Terrace,Week4,209.0 Dowden Terrace - 188.0 Great Falls
Great Falls,Week1,Rolling Forest,Week4,208.0 Rolling Forest - 194.0 Great Falls
Great Falls,Week3,South Run,Week1,198.0 Great Falls - 195.0 South Run
Great Falls,Week4,Hunter Mill,Week2,239.0 Hunter Mill - 163.0 Great Falls
Greenbriar,Week5,Highlands Swim,Week2,281.0 Highlands Swim - 121.0 Greenbriar
Great Falls,Week1,Dunn Loring,Week1,260.0 Dunn Loring - 142.0 Great Falls
Great Falls,Week3,Rolling Forest,Week1,228.0 Great Falls - 174.0 Rolling Forest
Greenbriar,Week5,Highland Park,Week2,206.0 Greenbriar - 196.0 Highland Park
Great Falls,Week2,Broyhill Crest,Week5,309.0 Great Falls - 74.0 Broyhill Crest
Great Falls,Week1,Dunn Loring,Week4,276.0 Dunn Loring - 126.0 Great Falls
Great Falls,Week5,Broyhill Crest,Week1,315.0 Great Falls - 77.0 Broyhill Crest
Greenbriar,Week3,Highlands Swim,Week2,274.0 Highlands Swim - 128.0 Greenbriar
Great Falls,Week1,Dunn Loring,Week5,296.5 Dunn Loring - 105.5 Great Falls
Great Falls,Week4,South Run,Week2,207.0 South Run - 194.0 Great Falls
Greenbriar,Week3,Highlands Swim,Week5,279.0 Highlands Swim - 123.0 Greenbriar
Great Falls,Week5,Broyhill Crest,Week4,320.0 Great Falls - 76.0 Broyhill Crest
Great Falls,Week4,South Run,Week5,216.5 South Run - 185.5 Great Falls
Great Falls,Week3,Hunter Mill,Week4,242.0 Hunter Mill - 160.0 Great Falls
Great Falls,Week2,Rolling Forest,Week2,191.0 Great Falls - 188.0 Rolling Forest
Great Falls,Week4,Rolling Forest,Week3,203.0 Great Falls - 199.0 Rolling Forest
Fox Mill Woods,Week4,Long Branch,Week5,279.0 Fox Mill Woods - 123.0 Long Branch
Great Falls,Week3,Dowden Terrace,Week4,200.0 Great Falls - 197.0 Dowden Terrace
Great Falls,Week3,South Run,Week3,217.0 Great Falls - 185.0 South Run
Great Falls,Week1,Burke Station,Week1,216.0 Great Falls - 162.0 Burke Station
Great Falls,Week5,Hunter Mill,Week3,224.0 Hunter Mill - 177.0 Great Falls
Great Falls,Week4,Rolling Forest,Week1,209.0 Great Falls - 188.0 Rolling Forest
Great Falls,Week2,Springboard,Week3,228.0 Great Falls - 156.0 Springboard
Great Falls,Week5,Dowden Terrace,Week3,204.0 Great Falls - 198.0 Dowden Terrace
Fox Mill Woods,Week5,Long Branch,Week4,304.0 Fox Mill Woods - 98.0 Long Branch
Fox Mill Woods,Week5,Long Branch,Week3,300.0 Fox Mill Woods - 102.0 Long Branch
Greenbriar,Week4,Highlands Swim,Week2,295.0 Highlands Swim - 107.0 Greenbriar
Greenbriar,Week4,Highlands Swim,Week3,292.0 Highlands Swim - 110.0 Greenbriar
Great Falls,Week1,Ilda Community,Week3,243.0 Great Falls - 159.0 Ilda Community
Great Falls,Week5,Broyhill Crest,Week2,320.0 Great Falls - 74.0 Broyhill Crest
Fox Mill Woods,Week3,Long Branch,Week3,290.0 Fox Mill Woods - 112.0 Long Branch
Great Falls,Week1,Ilda Community,Week1,237.5 Great Falls - 163.5 Ilda Community
Great Falls,Week5,Dowden Terrace,Week2,205.0 Dowden Terrace - 197.0 Great Falls
Great Falls,Week1,Burke Station,Week3,231.0 Great Falls - 165.0 Burke Station
Great Falls,Week3,Riverside Gardens,Week2,220.0 Riverside Gardens - 182.0 Great Falls
Great Falls,Week2,South Run,Week2,194.0 Great Falls - 189.0 South Run
Great Falls,Week5,Burke Station,Week2,259.0 Great Falls - 136.0 Burke Station
Greenbriar,Week2,Highlands Swim,Week1,249.0 Highlands Swim - 153.0 Greenbriar
Greenbriar,Week2,Highlands Swim,Week2,274.0 Highlands Swim - 128.0 Greenbriar
Great Falls,Week2,Dunn Loring,Week4,262.0 Dunn Loring - 122.0 Great Falls
Great Falls,Week5,Dowden Terrace,Week5,212.5 Dowden Terrace - 189.5 Great Falls
Great Falls,Week3,Riverside Gardens,Week4,267.0 Riverside Gardens - 135.0 Great Falls
Great Falls,Week5,Burke Station,Week3,248.0 Great Falls - 143.0 Burke Station
Greenbriar,Week1,Highlands Swim,Week5,277.0 Highlands Swim - 125.0 Greenbriar
Great Falls,Week4,Hunter Mill,Week3,246.0 Hunter Mill - 156.0 Great Falls
Great Falls,Week1,Hunter Mill,Week3,258.0 Hunter Mill - 144.0 Great Falls
Great Falls,Week1,Springboard,Week2,268.0 Great Falls - 134.0 Springboard
Great Falls,Week4,Dowden Terrace,Week2,214.0 Dowden Terrace - 188.0 Great Falls
Great Falls,Week4,Riverside Gardens,Week5,272.0 Riverside Gardens - 130.0 Great Falls
Great Falls,Week5,Riverside Gardens,Week1,230.0 Riverside Gardens - 172.0 Great Falls
Great Falls,Week4,Burke Station,Week3,224.0 Great Falls - 159.0 Burke Station
Great Falls,Week5,Riverside Gardens,Week2,210.0 Riverside Gardens - 192.0 Great Falls
Greenbriar,Week5,Highland Park,Week3,219.0 Greenbriar - 183.0 Highland Park
Great Falls,Week2,Ilda Community,Week1,247.0 Great Falls - 136.0 Ilda Community
Greenbriar,Week4,Highlands Swim,Week4,275.0 Highlands Swim - 127.0 Greenbriar
Great Falls,Week5,South Run,Week1,197.0 Great Falls - 195.0 South Run
Great Falls,Week5,South Run,Week2,217.0 Great Falls - 184.0 South Run
Great Falls,Week1,Dunn Loring,Week2,269.0 Dunn Loring - 133.0 Great Falls
Great Falls,Week2,Burke Station,Week3,225.0 Great Falls - 153.0 Burke Station
Great Falls,Week2,Hunter Mill,Week3,251.0 Hunter Mill - 133.0 Great Falls
Great Falls,Week3,Burke Station,Week3,247.0 Great Falls - 144.0 Burke Station
Great Falls,Week3,Riverside Gardens,Week5,262.5 Riverside Gardens - 139.5 Great Falls
Great Falls,Week5,Riverside Gardens,Week3,242.0 Riverside Gardens - 160.0 Great Falls
Great Falls,Week2,Springboard,Week1,248.0 Great Falls - 136.0 Springboard
Great Falls,Week3,South Run,Week2,220.0 Great Falls - 182.0 South Run
Fox Mill Woods,Week1,Mansion House,Week2,245.0 Fox Mill Woods - 157.0 Mansion House
Great Falls,Week2,Camelot,Week2,192.0 Great Falls - 191.0 Camelot
Great Falls,Week2,Dunn Loring,Week3,258.0 Dunn Loring - 126.0 Great Falls
Great Falls,Week1,Ilda Community,Week5,251.0 Great Falls - 150.0 Ilda Community
Great Falls,Week3,Dowden Terrace,Week5,226.0 Dowden Terrace - 176.0 Great Falls
Great Falls,Week3,Burke Station,Week1,232.0 Great Falls - 147.0 Burke Station
Great Falls,Week3,South Run,Week4,236.0 Great Falls - 166.0 South Run
Great Falls,Week4,Dowden Terrace,Week4,209.5 Dowden Terrace - 187.5 Great Falls
Great Falls,Week1,Hunter Mill,Week5,278.0 Hunter Mill - 124.0 Great Falls
Great Falls,Week4,Riverside Gardens,Week3,265.0 Riverside Gardens - 137.0 Great Falls
Great Falls,Week3,Riverside Gardens,Week3,245.0 Riverside Gardens - 157.0 Great Falls
Greenbriar,Week5,Highland Park,Week1,212.0 Highland Park - 190.0 Greenbriar
Greenbriar,Week1,Highlands Swim,Week2,275.0 Highlands Swim - 127.0 Greenbriar
Great Falls,Week2,Dunn Loring,Week2,256.0 Dunn Loring - 128.0 Great Falls
Great Falls,Week5,Hunter Mill,Week5,237.0 Hunter Mill - 165.0 Great Falls
Great Falls,Week2,Hunter Mill,Week5,277.0 Hunter Mill - 107.0 Great Falls
Great Falls,Week2,South Run,Week5,203.0 South Run - 181.0 Great Falls
Greenbriar,Week1,Highlands Swim,Week4,249.5 Highlands Swim - 152.5 Greenbriar
Great Falls,Week2,Ilda Community,Week3,252.0 Great Falls - 132.0 Ilda Community
Great Falls,Week1,Rolling Forest,Week2,201.0 Great Falls - 201.0 Rolling Forest
Great Falls,Week3,Burke Station,Week2,264.0 Great Falls - 133.0 Burke Station
Great Falls,Week1,Springboard,Week1,247.0 Great Falls - 151.0 Springboard
Great Falls,Week2,Dunn Loring,Week1,227.0 Dunn Loring - 157.0 Great Falls
Greenbriar,Week5,Highland Park,Week4,210.0 Highland Park - 192.0 Greenbriar
Great Falls,Week4,South Run,Week1,219.0 South Run - 174.0 Great Falls
Great Falls,Week5,Riverside Gardens,Week4,237.0 Riverside Gardens - 164.0 Great Falls
Great Falls,Week5,Riverside Gardens,Week5,249.0 Riverside Gardens - 153.0 Great Falls
Greenbriar,Week1,Highlands Swim,Week3,277.0 Highlands Swim - 125.0 Greenbriar
Great Falls,Week3,Dunn Loring,Week1,232.0 Dunn Loring - 170.0 Great Falls
Great Falls,Week5,Hunt Valley,Week3,265.0 Hunt Valley - 137.0 Great Falls
Great Falls,Week2,Burke Station,Week1,217.0 Great Falls - 144.0 Burke Station
Great Falls,Week1,South Run,Week4,205.5 South Run - 191.5 Great Falls
Great Falls,Week3,Hunter Mill,Week5,233.0 Hunter Mill - 169.0 Great Falls
Great Falls,Week3,Dunn Loring,Week2,262.0 Dunn Loring - 140.0 Great Falls
Greenbriar,Week1,Highlands Swim,Week1,257.0 Highlands Swim - 145.0 Greenbriar
Great Falls,Week1,Camelot,Week3,206.0 Great Falls - 194.0 Camelot
Great Falls,Week3,Dunn Loring,Week3,265.0 Dunn Loring - 137.0 Great Falls
Great Falls,Week3,Hunter Mill,Week1,210.5 Hunter Mill - 186.5 Great Falls
Greenbriar,Week5,Highland Park,Week5,201.0 Greenbriar - 201.0 Highland Park
Great Falls,Week2,Burke Station,Week2,255.0 Great Falls - 128.0 Burke Station
Great Falls,Week5,South Run,Week3,217.0 Great Falls - 185.0 South Run
Great Falls,Week1,Rolling Forest,Week1,212.0 Rolling Forest - 190.0 Great Falls
Greenbriar,Week2,Highlands Swim,Week3,258.0 Highlands Swim - 144.0 Greenbriar
Great Falls,Week4,Burke Station,Week5,228.0 Great Falls - 165.0 Burke Station
Great Falls,Week2,Burke Station,Week5,227.0 Great Falls - 157.0 Burke Station
Great Falls,Week2,Burke Station,Week4,244.0 Great Falls - 139.0 Burke Station
Greenbriar,Week2,Highlands Swim,Week5,262.0 Highlands Swim - 140.0 Greenbriar
Greenbriar,Week2,Highlands Swim,Week4,241.0 Highlands Swim - 161.0 Greenbriar
Great Falls,Week1,Springboard,Week5,222.0 Great Falls - 179.0 Springboard
Great Falls,Week2,Springboard,Week4,233.0 Great Falls - 151.0 Springboard
Great Falls,Week4,Dunn Loring,Week5,285.0 Dunn Loring - 117.0 Great Falls
Great Falls,Week2,Rolling Forest,Week3,210.0 Rolling Forest - 174.0 Great Falls
Great Falls,Week1,Rolling Forest,Week3,228.5 Rolling Forest - 172.5 Great Falls
Great Falls,Week5,Burke Station,Week1,232.0 Great Falls - 147.0 Burke Station
Great Falls,Week5,South Run,Week4,223.0 Great Falls - 177.0 South Run
Great Falls,Week5,Hunt Valley,Week4,261.0 Hunt Valley - 141.0 Great Falls
Great Falls,Week4,Dunn Loring,Week4,265.0 Dunn Loring - 137.0 Great Falls
Great Falls,Week2,Hunter Mill,Week4,259.0 Hunter Mill - 125.0 Great Falls
Great Falls,Week3,Dunn Loring,Week5,259.0 Dunn Loring - 143.0 Great Falls
Great Falls,Week1,Hunter Mill,Week4,258.0 Hunter Mill - 144.0 Great Falls
Great Falls,Week2,Rolling Forest,Week1,197.0 Rolling Forest - 187.0 Great Falls
Great Falls,Week3,Burke Station,Week5,241.0 Great Falls - 156.0 Burke Station
Great Falls,Week1,Rolling Forest,Week5,240.0 Rolling Forest - 162.0 Great Falls
Great Falls,Week4,South Run,Week3,215.0 South Run - 187.0 Great Falls
Great Falls,Week5,Dunn Loring,Week1,226.0 Dunn Loring - 176.0 Great Falls
Greenbriar,Week3,Highlands Swim,Week1,270.0 Highlands Swim - 132.0 Greenbriar
Great Falls,Week3,Hunter Mill,Week3,233.0 Hunter Mill - 169.0 Great Falls
Greenbriar,Week3,Highlands Swim,Week3,269.0 Highlands Swim - 133.0 Greenbriar
Great Falls,Week4,Burke Station,Week4,246.5 Great Falls - 143.5 Burke Station
Great Falls,Week2,Springboard,Week5,237.5 Great Falls - 146.5 Springboard
Great Falls,Week3,Springboard,Week2,281.0 Great Falls - 116.0 Springboard
Great Falls,Week3,Springboard,Week4,247.0 Great Falls - 150.0 Springboard
Great Falls,Week4,Springfield,Week2,307.0 Great Falls - 66.0 Springfield
Great Falls,Week4,Hunter Mill,Week4,254.0 Hunter Mill - 147.0 Great Falls
Great Falls,Week5,Dunn Loring,Week2,248.0 Dunn Loring - 154.0 Great Falls
Greenbriar,Week4,Hollin Hills,Week3,300.0 Greenbriar - 102.0 Hollin Hills
Great Falls,Week1,Fair Oaks ,Week1,231.0 Fair Oaks - 171.0 Great Falls
Great Falls,Week2,Springboard,Week2,256.0 Great Falls - 123.0 Springboard
Great Falls,Week5,Hunt Valley,Week5,271.0 Hunt Valley - 131.0 Great Falls
Great Falls,Week3,Rolling Forest,Week2,233.0 Great Falls - 169.0 Rolling Forest
Great Falls,Week4,Burke Station,Week1,210.0 Great Falls - 169.0 Burke Station
Great Falls,Week5,Hunter Mill,Week2,212.0 Hunter Mill - 190.0 Great Falls
Great Falls,Week3,Springfield,Week5,362.0 Great Falls - 26.0 Springfield
Great Falls,Week5,Burke Station,Week4,264.0 Great Falls - 130.0 Burke Station
Great Falls,Week3,Rolling Forest,Week5,212.0 Great Falls - 190.0 Rolling Forest
Great Falls,Week5,Dunn Loring,Week4,252.0 Dunn Loring - 150.0 Great Falls
Great Falls,Week3,Fair Oaks ,Week4,208.0 Great Falls - 194.0 Fair Oaks
Great Falls,Week3,Fair Oaks ,Week5,213.0 Fair Oaks - 189.0 Great Falls
Great Falls,Week3,Springboard,Week3,259.0 Great Falls - 143.0 Springboard
Great Falls,Week1,Hunter Mill,Week2,238.0 Hunter Mill - 164.0 Great Falls
Great Falls,Week1,Burke Station,Week5,214.0 Great Falls - 187.0 Burke Station
Greenbriar,Week4,Highlands Swim,Week1,286.0 Highlands Swim - 116.0 Greenbriar
Great Falls,Week2,Rolling Forest,Week4,200.0 Great Falls - 184.0 Rolling Forest
Greenbriar,Week4,Highland Park,Week5,213.0 Highland Park - 189.0 Greenbriar
Great Falls,Week3,Burke Station,Week4,276.0 Great Falls - 121.0 Burke Station
Great Falls,Week5,Fair Oaks ,Week2,227.0 Great Falls - 174.0 Fair Oaks
Great Falls,Week3,Rolling Forest,Week4,228.0 Great Falls - 174.0 Rolling Forest
Great Falls,Week3,Rolling Forest,Week3,209.0 Great Falls - 193.0 Rolling Forest
Great Falls,Week2,Camelot,Week1,217.0 Great Falls - 167.0 Camelot
Greenbriar,Week3,Hollin Hills,Week4,322.0 Greenbriar - 79.0 Hollin Hills
Great Falls,Week5,Hunter Mill,Week1,212.0 Hunter Mill - 185.0 Great Falls
Great Falls,Week4,Riverside Gardens,Week4,279.0 Riverside Gardens - 123.0 Great Falls
Great Falls,Week4,Hunter Mill,Week1,234.0 Hunter Mill - 163.0 Great Falls
Great Falls,Week4,Riverside Gardens,Week2,241.0 Riverside Gardens - 160.0 Great Falls
Greenbriar,Week4,Hollin Hills,Week1,300.0 Greenbriar - 102.0 Hollin Hills
Great Falls,Week4,Fair Oaks ,Week4,218.0 Fair Oaks - 184.0 Great Falls
Greenbriar,Week3,Highlands Swim,Week4,260.0 Highlands Swim - 142.0 Greenbriar
Great Falls,Week5,Dunn Loring,Week3,261.0 Dunn Loring - 141.0 Great Falls
Great Falls,Week3,Springboard,Week1,264.0 Great Falls - 138.0 Springboard
Greenbriar,Week5,Highlands Swim,Week1,274.0 Highlands Swim - 128.0 Greenbriar
Great Falls,Week1,Camelot,Week4,203.0 Camelot - 199.0 Great Falls
Greenbriar,Week2,Hollin Hills,Week3,323.0 Greenbriar - 79.0 Hollin Hills
Great Falls,Week2,Rolling Forest,Week5,218.0 Rolling Forest - 166.0 Great Falls
Great Falls,Week3,Hunter Mill,Week2,209.0 Hunter Mill - 193.0 Great Falls
Great Falls,Week2,Hunter Mill,Week1,241.0 Hunter Mill - 143.0 Great Falls
Great Falls,Week5,Burke Station,Week5,240.0 Great Falls - 157.0 Burke Station
Great Falls,Week2,Fair Oaks ,Week1,222.0 Fair Oaks - 162.0 Great Falls
Great Falls,Week5,Hunter Mill,Week4,229.0 Hunter Mill - 173.0 Great Falls
Great Falls,Week1,Fair Oaks ,Week4,224.0 Fair Oaks - 178.0 Great Falls
Great Falls,Week2,Springfield,Week1,335.0 Great Falls - 43.0 Springfield
Great Falls,Week4,Rolling Forest,Week4,208.0 Great Falls - 194.0 Rolling Forest
Great Falls,Week1,Ilda Community,Week2,245.0 Great Falls - 156.0 Ilda Community
Great Falls,Week4,Burke Station,Week2,249.0 Great Falls - 142.0 Burke Station
Great Falls,Week1,Camelot,Week1,204.0 Great Falls - 197.0 Camelot
Great Falls,Week1,Ilda Community,Week4,223.5 Great Falls - 177.5 Ilda Community
Great Falls,Week1,Fairfax,Week2,272.0 Fairfax - 130.0 Great Falls
Great Falls,Week1,Fair Oaks ,Week5,233.0 Fair Oaks - 169.0 Great Falls
Great Falls,Week4,Rolling Forest,Week2,222.0 Great Falls - 175.0 Rolling Forest
Greenbriar,Week1,Hollin Meadows,Week5,207.0 Hollin Meadows - 195.0 Greenbriar
Great Falls,Week1,Camelot,Week2,207.0 Camelot - 193.0 Great Falls
Great Falls,Week5,Rolling Forest,Week5,201.0 Great Falls - 201.0 Rolling Forest
Great Falls,Week2,Ilda Community,Week2,255.0 Great Falls - 129.0 Ilda Community
Great Falls,Week1,Camelot,Week5,211.0 Camelot - 190.0 Great Falls
Great Falls,Week5,Rolling Forest,Week1,222.0 Great Falls - 180.0 Rolling Forest
Great Falls,Week4,Springboard,Week4,231.0 Great Falls - 165.0 Springboard
Great Falls,Week2,Springfield,Week2,328.0 Great Falls - 45.0 Springfield
Greenbriar,Week1,Hollin Meadows,Week3,206.0 Greenbriar - 196.0 Hollin Meadows
Greenbriar,Week5,Hollin Hills,Week4,309.0 Greenbriar - 93.0 Hollin Hills
Great Falls,Week1,Springfield,Week5,334.0 Great Falls - 49.0 Springfield
Greenbriar,Week5,Highlands Swim,Week4,266.0 Highlands Swim - 136.0 Greenbriar
Great Falls,Week3,Ilda Community,Week1,264.0 Great Falls - 137.0 Ilda Community
Great Falls,Week4,Ilda Community,Week5,237.0 Great Falls - 164.0 Ilda Community
Great Falls,Week2,Fair Oaks ,Week5,234.0 Fair Oaks - 150.0 Great Falls
Great Falls,Week4,Springboard,Week5,223.0 Great Falls - 178.0 Springboard
Greenbriar,Week1,Hollin Hills,Week2,304.0 Greenbriar - 98.0 Hollin Hills
Great Falls,Week1,Springfield,Week2,327.0 Great Falls - 58.0 Springfield
Great Falls,Week3,Springfield,Week2,338.0 Great Falls - 53.0 Springfield
Great Falls,Week4,Rolling Hills,Week4,234.0 Great Falls - 164.0 Rolling Hills
Great Falls,Week4,Camelot,Week2,202.0 Camelot - 200.0 Great Falls
Great Falls,Week1,Rolling Hills,Week3,202.0 Great Falls - 198.0 Rolling Hills
Great Falls,Week2,Camelot,Week4,204.0 Great Falls - 180.0 Camelot
Great Falls,Week3,Kent Gardens,Week1,206.0 Kent Gardens - 196.0 Great Falls
Great Falls,Week5,Rolling Hills,Week4,229.0 Great Falls - 172.0 Rolling Hills
Great Falls,Week1,Rolling Hills,Week4,208.0 Great Falls - 192.0 Rolling Hills
Great Falls,Week2,Kent Gardens,Week2,196.0 Great Falls - 188.0 Kent Gardens
Great Falls,Week5,Springboard,Week3,253.0 Great Falls - 148.0 Springboard
Greenbriar,Week4,Hollin Hills,Week4,309.0 Greenbriar - 93.0 Hollin Hills
Great Falls,Week2,Canterbury Woods,Week4,192.0 Canterbury Woods - 187.0 Great Falls
Great Falls,Week4,Fair Oaks ,Week3,217.0 Fair Oaks - 185.0 Great Falls
Great Falls,Week3,Fair Oaks ,Week2,234.0 Great Falls - 168.0 Fair Oaks
Great Falls,Week2,Rolling Hills,Week3,211.0 Great Falls - 172.0 Rolling Hills
Great Falls,Week2,Camelot,Week3,215.0 Great Falls - 168.0 Camelot
Great Falls,Week5,Springboard,Week5,247.0 Great Falls - 154.0 Springboard
Greenbriar,Week3,Hollin Hills,Week2,310.0 Greenbriar - 90.0 Hollin Hills
Greenbriar,Week2,Hollin Hills,Week5,312.0 Greenbriar - 89.0 Hollin Hills
Great Falls,Week2,Kent Gardens,Week5,225.0 Kent Gardens - 159.0 Great Falls
Great Falls,Week2,Fair Oaks ,Week3,209.0 Fair Oaks - 175.0 Great Falls
Great Falls,Week3,Fair Oaks ,Week3,213.0 Great Falls - 189.0 Fair Oaks
Greenbriar,Week3,Hollin Hills,Week3,307.0 Greenbriar - 95.0 Hollin Hills
Great Falls,Week1,Fairfax,Week1,267.5 Fairfax - 134.5 Great Falls
Greenbriar,Week2,Hollin Hills,Week1,322.0 Greenbriar - 80.0 Hollin Hills
Great Falls,Week2,Fair Oaks ,Week4,206.0 Fair Oaks - 178.0 Great Falls
Great Falls,Week4,Rolling Forest,Week5,207.0 Rolling Forest - 195.0 Great Falls
Great Falls,Week2,Kent Gardens,Week3,198.0 Great Falls - 186.0 Kent Gardens
Great Falls,Week4,Canterbury Woods,Week1,223.0 Great Falls - 173.0 Canterbury Woods
Great Falls,Week2,Fair Oaks ,Week2,197.0 Great Falls - 187.0 Fair Oaks
Great Falls,Week5,Ilda Community,Week1,257.0 Great Falls - 145.0 Ilda Community
Greenbriar,Week5,Hollin Hills,Week2,302.0 Greenbriar - 100.0 Hollin Hills
Great Falls,Week4,Fair Oaks ,Week1,216.0 Fair Oaks - 186.0 Great Falls
Greenbriar,Week5,Hollin Hills,Week1,294.0 Greenbriar - 108.0 Hollin Hills
Great Falls,Week2,Canterbury Woods,Week2,218.0 Great Falls - 166.0 Canterbury Woods
Great Falls,Week5,Camelot,Week3,226.0 Great Falls - 174.0 Camelot
Great Falls,Week1,Springfield,Week1,330.0 Great Falls - 57.0 Springfield
Great Falls,Week1,Springfield,Week4,317.0 Great Falls - 68.0 Springfield
Great Falls,Week1,Canterbury Woods,Week2,228.0 Great Falls - 173.0 Canterbury Woods
Great Falls,Week2,Canterbury Woods,Week5,211.5 Great Falls - 172.5 Canterbury Woods
Great Falls,Week2,Rolling Hills,Week1,205.0 Great Falls - 179.0 Rolling Hills
Great Falls,Week4,Fair Oaks ,Week5,225.0 Fair Oaks - 177.0 Great Falls
Great Falls,Week3,Rolling Hills,Week1,238.0 Great Falls - 164.0 Rolling Hills
Great Falls,Week3,Springboard,Week5,251.0 Great Falls - 151.0 Springboard
Great Falls,Week2,Springfield,Week4,319.0 Great Falls - 54.0 Springfield
Great Falls,Week3,Rolling Hills,Week3,227.0 Great Falls - 170.0 Rolling Hills
Great Falls,Week5,Rolling Hills,Week1,222.0 Great Falls - 179.0 Rolling Hills
Great Falls,Week5,Fair Oaks ,Week3,206.0 Fair Oaks - 196.0 Great Falls
Great Falls,Week3,Camelot,Week3,244.0 Great Falls - 158.0 Camelot
Greenbriar,Week5,Hollin Hills,Week3,299.0 Greenbriar - 103.0 Hollin Hills
Great Falls,Week1,Canterbury Woods,Week5,208.0 Great Falls - 194.0 Canterbury Woods
Great Falls,Week3,Rolling Hills,Week2,223.5 Great Falls - 178.5 Rolling Hills
Great Falls,Week4,Fair Oaks ,Week2,203.0 Fair Oaks - 199.0 Great Falls
Greenbriar,Week4,Hollin Hills,Week2,303.0 Greenbriar - 98.0 Hollin Hills
Great Falls,Week4,Ilda Community,Week1,236.0 Great Falls - 166.0 Ilda Community
Great Falls,Week5,Springboard,Week2,270.0 Great Falls - 127.0 Springboard
Great Falls,Week5,Fair Oaks ,Week4,203.0 Fair Oaks - 198.0 Great Falls
Great Falls,Week3,Rolling Hills,Week5,235.0 Great Falls - 167.0 Rolling Hills
Greenbriar,Week1,Hollin Hills,Week5,294.0 Greenbriar - 108.0 Hollin Hills
Great Falls,Week5,Springboard,Week4,252.0 Great Falls - 144.0 Springboard
Great Falls,Week2,Ilda Community,Week4,243.0 Great Falls - 141.0 Ilda Community
Great Falls,Week4,Springboard,Week2,250.0 Great Falls - 138.0 Springboard
Great Falls,Week3,Ilda Community,Week4,255.0 Great Falls - 147.0 Ilda Community
Great Falls,Week1,Kent Gardens,Week5,247.0 Kent Gardens - 155.0 Great Falls
Great Falls,Week2,Kent Gardens,Week4,193.0 Great Falls - 191.0 Kent Gardens
Great Falls,Week3,Camelot,Week1,236.0 Great Falls - 166.0 Camelot
Great Falls,Week5,Rolling Forest,Week2,224.0 Great Falls - 178.0 Rolling Forest
Great Falls,Week1,Kent Gardens,Week1,223.0 Kent Gardens - 179.0 Great Falls
Great Falls,Week1,Springfield,Week3,328.0 Great Falls - 60.0 Springfield
Greenbriar,Week5,Highlands Swim,Week3,272.0 Highlands Swim - 130.0 Greenbriar
Great Falls,Week4,Springboard,Week1,251.0 Great Falls - 146.0 Springboard
Great Falls,Week3,Camelot,Week5,220.0 Great Falls - 182.0 Camelot
Greenbriar,Week2,Hollin Hills,Week2,321.0 Greenbriar - 80.0 Hollin Hills
Great Falls,Week4,Rolling Hills,Week1,221.0 Great Falls - 180.0 Rolling Hills
Great Falls,Week5,Camelot,Week4,232.0 Great Falls - 169.0 Camelot
Great Falls,Week4,Camelot,Week3,217.0 Great Falls - 184.0 Camelot
Great Falls,Week3,Ilda Community,Week3,263.0 Great Falls - 134.0 Ilda Community
Great Falls,Week3,Rolling Hills,Week4,248.0 Great Falls - 154.0 Rolling Hills
Great Falls,Week3,Fair Oaks ,Week1,201.5 Great Falls - 200.5 Fair Oaks
Great Falls,Week5,Ilda Community,Week3,263.0 Great Falls - 133.0 Ilda Community
Great Falls,Week5,Fair Oaks ,Week5,217.0 Fair Oaks - 185.0 Great Falls
Great Falls,Week3,Ilda Community,Week5,272.0 Great Falls - 129.0 Ilda Community
Great Falls,Week1,Rolling Hills,Week5,207.0 Great Falls - 195.0 Rolling Hills
Great Falls,Week4,Springboard,Week3,236.0 Great Falls - 162.0 Springboard
Greenbriar,Week1,Hollin Hills,Week1,299.0 Greenbriar - 103.0 Hollin Hills
Great Falls,Week2,Springfield,Week3,330.0 Great Falls - 46.0 Springfield
Great Falls,Week5,Ilda Community,Week2,269.0 Great Falls - 133.0 Ilda Community
Great Falls,Week5,Fair Oaks ,Week1,205.0 Fair Oaks - 197.0 Great Falls
Greenbriar,Week1,Hollin Hills,Week3,302.0 Greenbriar - 100.0 Hollin Hills
Great Falls,Week2,Camelot,Week5,195.0 Camelot - 188.0 Great Falls
Great Falls,Week5,Camelot,Week5,228.0 Great Falls - 172.0 Camelot
Great Falls,Week1,Fair Oaks ,Week3,232.0 Fair Oaks - 170.0 Great Falls
Great Falls,Week2,Springfield,Week5,335.0 Great Falls - 35.0 Springfield
Great Falls,Week4,Rolling Hills,Week2,217.0 Great Falls - 184.0 Rolling Hills
Greenbriar,Week5,Highlands Swim,Week5,274.0 Highlands Swim - 128.0 Greenbriar
Greenbriar,Week2,Hollin Hills,Week4,330.0 Greenbriar - 71.0 Hollin Hills
Great Falls,Week4,Fairfax,Week2,271.0 Fairfax - 131.0 Great Falls
Great Falls,Week2,Rolling Hills,Week5,206.0 Great Falls - 178.0 Rolling Hills
Great Falls,Week1,Kent Gardens,Week2,213.0 Kent Gardens - 189.0 Great Falls
Great Falls,Week4,Springfield,Week1,321.0 Great Falls - 52.0 Springfield
Great Falls,Week1,Canterbury Woods,Week1,223.0 Great Falls - 178.0 Canterbury Woods
Great Falls,Week4,Camelot,Week5,202.0 Great Falls - 199.0 Camelot
Greenbriar,Week1,Hollin Hills,Week4,303.0 Greenbriar - 99.0 Hollin Hills
Great Falls,Week5,Rolling Hills,Week3,228.0 Great Falls - 169.0 Rolling Hills
Great Falls,Week2,Rolling Hills,Week2,196.0 Great Falls - 187.0 Rolling Hills
Greenbriar,Week4,Hollin Hills,Week5,291.0 Greenbriar - 110.0 Hollin Hills
Great Falls,Week4,Rolling Hills,Week3,220.0 Great Falls - 173.0 Rolling Hills
Great Falls,Week1,Kent Gardens,Week3,219.0 Kent Gardens - 182.0 Great Falls
Great Falls,Week5,Ilda Community,Week5,262.0 Great Falls - 139.0 Ilda Community
Great Falls,Week2,Ilda Community,Week5,257.0 Great Falls - 126.0 Ilda Community
Greenbriar,Week3,Hollin Hills,Week1,312.0 Greenbriar - 90.0 Hollin Hills
Great Falls,Week3,Springfield,Week3,351.0 Great Falls - 40.0 Springfield
Great Falls,Week4,Camelot,Week4,219.0 Great Falls - 182.0 Camelot
Great Falls,Week3,Springfield,Week1,352.0 Great Falls - 38.0 Springfield
Great Falls,Week5,Fairfax,Week4,238.0 Fairfax - 164.0 Great Falls
Great Falls,Week3,Camelot,Week2,211.0 Great Falls - 191.0 Camelot
Great Falls,Week1,Fairfax Club Estates,Week4,204.0 Fairfax Club Estates - 198.0 Great Falls
Greenbriar,Week3,Hollin Hills,Week5,307.0 Greenbriar - 94.0 Hollin Hills
Great Falls,Week5,Springboard,Week1,255.0 Great Falls - 146.0 Springboard
Great Falls,Week1,Fair Oaks ,Week2,202.0 Fair Oaks - 200.0 Great Falls
Great Falls,Week3,Springfield,Week4,339.0 Great Falls - 53.0 Springfield
Great Falls,Week5,Ilda Community,Week4,251.0 Great Falls - 151.0 Ilda Community
Great Falls,Week2,Stratford,Week2,225.0 Great Falls - 159.0 Stratford
Great Falls,Week4,Kent Gardens,Week5,236.0 Kent Gardens - 165.0 Great Falls
Great Falls,Week4,Fairfax,Week5,280.0 Fairfax - 122.0 Great Falls
Great Falls,Week5,Camelot,Week2,207.0 Great Falls - 194.0 Camelot
Great Falls,Week2,Kent Gardens,Week1,201.0 Kent Gardens - 183.0 Great Falls
Great Falls,Week1,Rolling Valley,Week5,238.0 Great Falls - 164.0 Rolling Valley
Greenbriar,Week5,Hollin Hills,Week5,285.0 Greenbriar - 116.0 Hollin Hills
Great Falls,Week5,Rolling Forest,Week3,205.0 Great Falls - 196.0 Rolling Forest
Great Falls,Week5,Springfield,Week3,330.0 Great Falls - 48.0 Springfield
Great Falls,Week1,Rolling Hills,Week1,214.0 Great Falls - 187.0 Rolling Hills
Great Falls,Week2,Fairfax,Week2,259.0 Fairfax - 125.0 Great Falls
Great Falls,Week3,Stratford,Week1,267.0 Great Falls - 131.0 Stratford
Greenbriar,Week5,Hollin Meadows,Week5,207.0 Hollin Meadows - 195.0 Greenbriar
Greenbriar,Week2,Hollin Meadows,Week1,219.5 Greenbriar - 182.5 Hollin Meadows
Great Falls,Week3,Camelot,Week4,236.0 Great Falls - 166.0 Camelot
Great Falls,Week5,Springfield,Week2,319.0 Great Falls - 60.0 Springfield
Great Falls,Week1,Canterbury Woods,Week4,208.0 Great Falls - 193.0 Canterbury Woods
Great Falls,Week3,Ilda Community,Week2,265.0 Great Falls - 137.0 Ilda Community
Great Falls,Week1,Stratford,Week1,246.0 Great Falls - 153.0 Stratford
Great Falls,Week4,Ilda Community,Week2,244.0 Great Falls - 158.0 Ilda Community
Great Falls,Week3,Fairfax Club Estates,Week1,247.0 Great Falls - 155.0 Fairfax Club Estates
Great Falls,Week4,Camelot,Week1,204.0 Great Falls - 194.0 Camelot
Great Falls,Week2,Canterbury Woods,Week1,219.0 Great Falls - 164.0 Canterbury Woods
Greenbriar,Week1,Hollin Meadows,Week4,213.0 Greenbriar - 189.0 Hollin Meadows
Great Falls,Week5,Stratford,Week2,253.0 Great Falls - 142.0 Stratford
Great Falls,Week4,Ilda Community,Week3,249.0 Great Falls - 147.0 Ilda Community
Greenbriar,Week2,Hollin Meadows,Week2,236.5 Greenbriar - 165.5 Hollin Meadows
Great Falls,Week4,Rolling Hills,Week5,227.0 Great Falls - 174.0 Rolling Hills
Great Falls,Week1,Canterbury Woods,Week3,205.0 Great Falls - 197.0 Canterbury Woods
Great Falls,Week1,Kent Gardens,Week4,210.0 Kent Gardens - 192.0 Great Falls
Great Falls,Week4,Fairfax,Week4,264.0 Fairfax - 138.0 Great Falls
Great Falls,Week4,Stratford,Week1,258.0 Great Falls - 137.0 Stratford
Great Falls,Week5,Rolling Forest,Week4,214.0 Great Falls - 188.0 Rolling Forest
Great Falls,Week2,Fairfax,Week4,253.0 Fairfax - 131.0 Great Falls
Great Falls,Week1,Kings Ridge ,Week4,244.0 Great Falls - 158.0 Kings Ridge
Great Falls,Week4,Ilda Community,Week4,234.0 Great Falls - 168.0 Ilda Community
Greenbriar,Week2,Hollin Meadows,Week3,213.0 Greenbriar - 189.0 Hollin Meadows
Great Falls,Week1,Fairfax,Week4,277.5 Fairfax - 124.5 Great Falls
Greenbriar,Week1,Hollin Meadows,Week1,208.5 Greenbriar - 193.5 Hollin Meadows
Greenbriar,Week1,Hollin Meadows,Week2,228.0 Greenbriar - 174.0 Hollin Meadows
Great Falls,Week5,Fairfax,Week3,242.0 Fairfax - 160.0 Great Falls
Great Falls,Week5,Camelot,Week1,232.0 Great Falls - 169.0 Camelot
Great Falls,Week2,Canterbury Woods,Week3,202.0 Great Falls - 182.0 Canterbury Woods
Great Falls,Week1,Rolling Hills,Week2,207.0 Great Falls - 194.0 Rolling Hills
Great Falls,Week5,Springfield,Week5,337.0 Great Falls - 34.0 Springfield
Great Falls,Week5,Rolling Hills,Week2,224.0 Great Falls - 178.0 Rolling Hills
Great Falls,Week5,Fairfax,Week1,252.0 Fairfax - 150.0 Great Falls
Great Falls,Week2,Rolling Hills,Week4,212.0 Great Falls - 171.0 Rolling Hills
Great Falls,Week2,Fairfax,Week3,261.0 Fairfax - 123.0 Great Falls
Great Falls,Week1,Fairfax,Week3,277.0 Fairfax - 125.0 Great Falls
Great Falls,Week5,Kent Gardens,Week5,230.0 Kent Gardens - 172.0 Great Falls
Great Falls,Week5,Rolling Hills,Week5,235.0 Great Falls - 166.0 Rolling Hills
Great Falls,Week2,Rolling Valley,Week3,248.0 Great Falls - 135.0 Rolling Valley
Great Falls,Week2,Fairfax,Week1,250.0 Fairfax - 134.0 Great Falls
Greenbriar,Week3,Hollin Meadows,Week3,211.0 Greenbriar - 191.0 Hollin Meadows
Great Falls,Week5,Stratford,Week1,255.0 Great Falls - 137.0 Stratford
Great Falls,Week4,Kent Gardens,Week4,204.0 Great Falls - 197.0 Kent Gardens
Greenbriar,Week4,Hollin Meadows,Week4,220.0 Hollin Meadows - 182.0 Greenbriar
Great Falls,Week1,Stratford,Week5,213.0 Great Falls - 189.0 Stratford
Great Falls,Week3,Canterbury Woods,Week1,237.0 Great Falls - 160.0 Canterbury Woods
Great Falls,Week3,Fairfax,Week4,252.0 Fairfax - 150.0 Great Falls
Great Falls,Week3,Kent Gardens,Week5,222.0 Kent Gardens - 180.0 Great Falls
Great Falls,Week3,Canterbury Woods,Week4,237.5 Great Falls - 164.5 Canterbury Woods
Great Falls,Week1,Stratford,Week3,211.0 Great Falls - 191.0 Stratford
Greenbriar,Week4,Hollin Meadows,Week1,217.0 Hollin Meadows - 185.0 Greenbriar
Great Falls,Week3,Canterbury Woods,Week3,229.0 Great Falls - 173.0 Canterbury Woods
Great Falls,Week1,Rolling Valley,Week1,298.0 Great Falls - 104.0 Rolling Valley
Great Falls,Week4,Fairfax,Week1,264.0 Fairfax - 138.0 Great Falls
Great Falls,Week4,Stratford,Week2,243.0 Great Falls - 154.0 Stratford
Greenbriar,Week5,Hollin Meadows,Week2,230.0 Greenbriar - 172.0 Hollin Meadows
Great Falls,Week3,Rolling Valley,Week4,283.0 Great Falls - 119.0 Rolling Valley
Great Falls,Week3,Canterbury Woods,Week2,241.0 Great Falls - 161.0 Canterbury Woods
Great Falls,Week2,Kings Ridge ,Week1,262.0 Great Falls - 122.0 Kings Ridge
Great Falls,Week3,Stratford,Week2,268.0 Great Falls - 128.0 Stratford
Great Falls,Week1,Kings Ridge ,Week1,246.0 Great Falls - 156.0 Kings Ridge
Great Falls,Week1,Kings Ridge ,Week3,245.0 Great Falls - 155.0 Kings Ridge
Great Falls,Week1,Rolling Valley,Week4,259.0 Great Falls - 143.0 Rolling Valley
Great Falls,Week2,Cardinal Hill,Week1,254.0 Cardinal Hill - 130.0 Great Falls
Greenbriar,Week1,Holmes Run Acres,Week4,204.0 Greenbriar - 198.0 Holmes Run Acres
Greenbriar,Week2,Hollin Meadows,Week4,226.0 Greenbriar - 176.0 Hollin Meadows
Great Falls,Week2,Cardinal Hill,Week2,222.0 Cardinal Hill - 162.0 Great Falls
Great Falls,Week4,Rolling Valley,Week2,266.0 Great Falls - 136.0 Rolling Valley
Great Falls,Week3,Canterbury Woods,Week5,232.0 Great Falls - 165.0 Canterbury Woods
Great Falls,Week3,Fairfax,Week1,242.0 Fairfax - 160.0 Great Falls
Greenbriar,Week5,Hollin Meadows,Week4,206.0 Greenbriar - 196.0 Hollin Meadows
Great Falls,Week1,Stratford,Week4,204.0 Stratford - 197.0 Great Falls
Great Falls,Week2,Rolling Valley,Week1,298.0 Great Falls - 86.0 Rolling Valley
Great Falls,Week2,Stratford,Week4,215.0 Great Falls - 169.0 Stratford
Great Falls,Week4,Rolling Valley,Week1,298.0 Great Falls - 104.0 Rolling Valley
Great Falls,Week4,Kent Gardens,Week3,208.0 Great Falls - 190.0 Kent Gardens
Great Falls,Week1,Cardinal Hill,Week3,286.0 Cardinal Hill - 116.0 Great Falls
Great Falls,Week4,Cardinal Hill,Week1,271.0 Cardinal Hill - 131.0 Great Falls
Great Falls,Week2,Rolling Valley,Week5,253.0 Great Falls - 131.0 Rolling Valley
Great Falls,Week3,Fairfax,Week5,258.0 Fairfax - 144.0 Great Falls
Great Falls,Week4,Kings Ridge ,Week3,250.0 Great Falls - 151.0 Kings Ridge
Great Falls,Week3,Fairfax,Week2,238.5 Fairfax - 163.5 Great Falls
Greenbriar,Week3,Holmes Run Acres,Week2,233.0 Greenbriar - 169.0 Holmes Run Acres
Great Falls,Week1,Fairfax,Week5,284.0 Fairfax - 118.0 Great Falls
Fox Mill Woods,Week4,McLean,Week4,236.0 McLean - 166.0 Fox Mill Woods
Great Falls,Week1,Stratford,Week2,225.0 Great Falls - 177.0 Stratford
Great Falls,Week5,Springfield,Week4,325.0 Great Falls - 57.0 Springfield
Great Falls,Week3,Fairfax,Week3,253.0 Fairfax - 149.0 Great Falls
Greenbriar,Week4,Holmes Run Acres,Week3,247.0 Holmes Run Acres - 155.0 Greenbriar
Great Falls,Week3,Cardinal Hill,Week5,236.0 Cardinal Hill - 166.0 Great Falls
Great Falls,Week3,Rolling Valley,Week5,276.0 Great Falls - 126.0 Rolling Valley
Great Falls,Week4,Kings Ridge ,Week1,252.0 Great Falls - 149.0 Kings Ridge
Great Falls,Week4,Stratford,Week3,232.0 Great Falls - 170.0 Stratford
Great Falls,Week5,Cardinal Hill,Week3,238.0 Cardinal Hill - 164.0 Great Falls
Great Falls,Week3,Stratford,Week3,252.0 Great Falls - 149.0 Stratford
Fox Mill Woods,Week3,Mosby Woods,Week3,219.0 Mosby Woods - 183.0 Fox Mill Woods
Great Falls,Week3,Cardinal Hill,Week1,254.0 Cardinal Hill - 148.0 Great Falls
Great Falls,Week5,Rolling Valley,Week1,302.0 Great Falls - 98.0 Rolling Valley
Great Falls,Week5,Kings Ridge ,Week3,256.5 Great Falls - 145.5 Kings Ridge
Great Falls,Week4,Springfield,Week3,317.0 Great Falls - 57.0 Springfield
Great Falls,Week2,Cardinal Hill,Week4,240.0 Cardinal Hill - 144.0 Great Falls
Great Falls,Week1,Fairfax Club Estates,Week1,224.0 Great Falls - 177.0 Fairfax Club Estates
Great Falls,Week3,Stratford,Week4,246.0 Great Falls - 156.0 Stratford
Great Falls,Week4,Kent Gardens,Week2,220.0 Great Falls - 178.0 Kent Gardens
Greenbriar,Week4,Holmes Run Acres,Week1,206.0 Greenbriar - 196.0 Holmes Run Acres
Fox Mill Woods,Week3,McLean,Week4,236.0 McLean - 166.0 Fox Mill Woods
Great Falls,Week4,Kings Ridge ,Week4,252.0 Great Falls - 149.0 Kings Ridge
Great Falls,Week4,Rolling Valley,Week3,262.0 Great Falls - 140.0 Rolling Valley
Great Falls,Week4,Rolling Valley,Week4,271.0 Great Falls - 130.0 Rolling Valley
Great Falls,Week5,Fairfax,Week5,262.0 Fairfax - 140.0 Great Falls
Greenbriar,Week5,Holmes Run Acres,Week2,218.0 Greenbriar - 183.0 Holmes Run Acres
Fox Mill Woods,Week3,Mosby Woods,Week1,230.0 Mosby Woods - 172.0 Fox Mill Woods
Fox Mill Woods,Week4,McLean,Week2,249.0 McLean - 153.0 Fox Mill Woods
Greenbriar,Week2,Holmes Run Acres,Week2,230.0 Greenbriar - 172.0 Holmes Run Acres
Great Falls,Week2,Rolling Valley,Week4,253.0 Great Falls - 131.0 Rolling Valley
Great Falls,Week2,Fairfax,Week5,269.0 Fairfax - 115.0 Great Falls
Greenbriar,Week3,Hollin Meadows,Week5,203.0 Hollin Meadows - 199.0 Greenbriar
Fox Mill Woods,Week5,McLean,Week5,252.0 McLean - 150.0 Fox Mill Woods
Greenbriar,Week3,Holmes Run Acres,Week3,216.0 Holmes Run Acres - 186.0 Greenbriar
Great Falls,Week4,Kings Ridge ,Week5,237.0 Great Falls - 165.0 Kings Ridge
Great Falls,Week2,Kings Ridge ,Week2,274.0 Great Falls - 110.0 Kings Ridge
Great Falls,Week2,Stratford,Week1,231.0 Great Falls - 152.0 Stratford
Fox Mill Woods,Week3,Mosby Woods,Week5,230.0 Mosby Woods - 172.0 Fox Mill Woods
Great Falls,Week1,Fairfax Club Estates,Week2,240.0 Great Falls - 161.0 Fairfax Club Estates
Great Falls,Week4,Fairfax,Week3,264.0 Fairfax - 138.0 Great Falls
Great Falls,Week3,Rolling Valley,Week2,277.0 Great Falls - 125.0 Rolling Valley
Fox Mill Woods,Week1,Mosby Woods,Week3,204.0 Fox Mill Woods - 198.0 Mosby Woods
Great Falls,Week5,Cardinal Hill,Week2,201.0 Great Falls - 196.0 Cardinal Hill
Great Falls,Week3,Kent Gardens,Week2,228.0 Great Falls - 174.0 Kent Gardens
Great Falls,Week5,Fairfax,Week2,247.0 Fairfax - 155.0 Great Falls
Great Falls,Week4,Rolling Valley,Week5,266.0 Great Falls - 136.0 Rolling Valley
Greenbriar,Week4,Holmes Run Acres,Week4,217.0 Holmes Run Acres - 185.0 Greenbriar
Great Falls,Week4,Springfield,Week4,299.0 Great Falls - 74.0 Springfield
Great Falls,Week4,Canterbury Woods,Week2,228.0 Great Falls - 173.0 Canterbury Woods
Fox Mill Woods,Week5,McLean,Week4,248.0 McLean - 153.0 Fox Mill Woods
Greenbriar,Week1,Holmes Run Acres,Week1,205.0 Greenbriar - 197.0 Holmes Run Acres
Fox Mill Woods,Week1,Mosby Woods,Week4,207.0 Fox Mill Woods - 195.0 Mosby Woods
Great Falls,Week1,Fairfax Club Estates,Week3,229.0 Great Falls - 171.0 Fairfax Club Estates
Great Falls,Week3,Kent Gardens,Week3,212.0 Great Falls - 190.0 Kent Gardens
Great Falls,Week3,Cardinal Hill,Week4,247.0 Cardinal Hill - 155.0 Great Falls
Fox Mill Woods,Week2,McLean,Week3,258.0 McLean - 144.0 Fox Mill Woods
Great Falls,Week1,Rolling Valley,Week3,254.0 Great Falls - 146.0 Rolling Valley
Great Falls,Week2,Fairfax Club Estates,Week2,238.0 Great Falls - 145.0 Fairfax Club Estates
Great Falls,Week4,Canterbury Woods,Week3,206.0 Great Falls - 195.0 Canterbury Woods
Great Falls,Week2,Stratford,Week3,219.0 Great Falls - 165.0 Stratford
Great Falls,Week5,Kent Gardens,Week2,217.0 Great Falls - 185.0 Kent Gardens
Greenbriar,Week3,Hollin Meadows,Week4,226.0 Greenbriar - 176.0 Hollin Meadows
Great Falls,Week5,Springfield,Week1,327.0 Great Falls - 43.0 Springfield
Fox Mill Woods,Week1,Lee Graham,Week5,233.0 Lee Graham - 169.0 Fox Mill Woods
Greenbriar,Week3,Hollin Meadows,Week1,212.0 Greenbriar - 190.0 Hollin Meadows
Great Falls,Week4,Springfield,Week5,328.0 Great Falls - 36.0 Springfield
Great Falls,Week5,Canterbury Woods,Week5,231.0 Great Falls - 166.0 Canterbury Woods
Great Falls,Week1,Fairfax Club Estates,Week5,219.0 Great Falls - 182.0 Fairfax Club Estates
Great Falls,Week4,Kent Gardens,Week1,209.0 Kent Gardens - 189.0 Great Falls
Great Falls,Week4,Canterbury Woods,Week4,206.0 Great Falls - 190.0 Canterbury Woods
Great Falls,Week3,Kings Ridge ,Week2,283.0 Great Falls - 119.0 Kings Ridge
Great Falls,Week5,Rolling Valley,Week2,272.0 Great Falls - 130.0 Rolling Valley
Great Falls,Week3,Rolling Valley,Week1,322.0 Great Falls - 80.0 Rolling Valley
Greenbriar,Week3,Holmes Run Acres,Week4,218.0 Greenbriar - 184.0 Holmes Run Acres
Great Falls,Week2,Fairfax Club Estates,Week3,224.0 Great Falls - 159.0 Fairfax Club Estates
Great Falls,Week2,Stratford,Week5,222.0 Great Falls - 162.0 Stratford
Greenbriar,Week2,Hollin Meadows,Week5,206.0 Greenbriar - 196.0 Hollin Meadows
Great Falls,Week2,Fairfax Club Estates,Week5,208.0 Great Falls - 171.0 Fairfax Club Estates
Fox Mill Woods,Week5,McLean,Week2,247.0 McLean - 155.0 Fox Mill Woods
Great Falls,Week4,Stratford,Week5,241.0 Great Falls - 157.0 Stratford
Great Falls,Week4,Cardinal Hill,Week3,274.0 Cardinal Hill - 128.0 Great Falls
Greenbriar,Week4,Hollin Meadows,Week2,205.0 Greenbriar - 197.0 Hollin Meadows
Great Falls,Week1,Kings Ridge ,Week2,259.0 Great Falls - 139.0 Kings Ridge
Great Falls,Week2,Kings Ridge ,Week3,257.0 Great Falls - 126.0 Kings Ridge
Great Falls,Week2,Cardinal Hill,Week3,256.0 Cardinal Hill - 128.0 Great Falls
Great Falls,Week3,Stratford,Week5,251.0 Great Falls - 150.0 Stratford
Greenbriar,Week5,Hollin Meadows,Week1,211.0 Greenbriar - 191.0 Hollin Meadows
Fox Mill Woods,Week2,Lee Graham,Week2,245.0 Lee Graham - 157.0 Fox Mill Woods
Fox Mill Woods,Week5,McLean,Week1,240.0 McLean - 162.0 Fox Mill Woods
Great Falls,Week5,Kent Gardens,Week1,212.0 Great Falls - 190.0 Kent Gardens
Great Falls,Week2,Fairfax Club Estates,Week4,210.0 Great Falls - 174.0 Fairfax Club Estates
Fox Mill Woods,Week4,McLean,Week1,255.0 McLean - 147.0 Fox Mill Woods
Great Falls,Week4,Stratford,Week4,223.0 Great Falls - 178.0 Stratford
Fox Mill Woods,Week4,Lee Graham,Week2,236.0 Lee Graham - 166.0 Fox Mill Woods
Great Falls,Week5,Canterbury Woods,Week3,227.0 Great Falls - 175.0 Canterbury Woods
Great Falls,Week2,Fairfax Club Estates,Week1,216.0 Great Falls - 162.0 Fairfax Club Estates
Fox Mill Woods,Week1,Lee Graham,Week1,214.0 Lee Graham - 188.0 Fox Mill Woods
Great Falls,Week3,Rolling Valley,Week3,271.0 Great Falls - 131.0 Rolling Valley
Great Falls,Week1,Rolling Valley,Week2,254.0 Great Falls - 148.0 Rolling Valley
Fox Mill Woods,Week3,McLean,Week3,257.0 McLean - 145.0 Fox Mill Woods
Great Falls,Week2,Rolling Valley,Week2,250.0 Great Falls - 134.0 Rolling Valley
Great Falls,Week5,Kent Gardens,Week3,219.0 Great Falls - 183.0 Kent Gardens
Great Falls,Week5,Stratford,Week4,227.0 Great Falls - 174.0 Stratford
Great Falls,Week5,Canterbury Woods,Week4,217.0 Great Falls - 181.0 Canterbury Woods
Great Falls,Week2,Kings Ridge ,Week4,257.0 Great Falls - 127.0 Kings Ridge
Great Falls,Week3,Kent Gardens,Week4,207.0 Great Falls - 195.0 Kent Gardens
Greenbriar,Week1,Holmes Run Acres,Week2,214.0 Greenbriar - 188.0 Holmes Run Acres
Fox Mill Woods,Week5,Lee Graham,Week2,227.0 Lee Graham - 175.0 Fox Mill Woods
Great Falls,Week2,Kings Ridge ,Week5,236.0 Great Falls - 148.0 Kings Ridge
Fox Mill Woods,Week1,Mosby Woods,Week5,206.0 Mosby Woods - 196.0 Fox Mill Woods
Greenbriar,Week4,Hollin Meadows,Week5,234.0 Hollin Meadows - 168.0 Greenbriar
Fox Mill Woods,Week5,Lee Graham,Week5,237.5 Lee Graham - 164.5 Fox Mill Woods
Fox Mill Woods,Week5,Lee Graham,Week4,225.0 Lee Graham - 177.0 Fox Mill Woods
Fox Mill Woods,Week2,McLean,Week4,240.0 McLean - 162.0 Fox Mill Woods
Great Falls,Week5,Stratford,Week5,252.0 Great Falls - 149.0 Stratford
Great Falls,Week5,Kent Gardens,Week4,207.0 Great Falls - 195.0 Kent Gardens
Fox Mill Woods,Week5,Lee Graham,Week3,229.0 Lee Graham - 173.0 Fox Mill Woods
Great Falls,Week4,Cardinal Hill,Week4,255.5 Cardinal Hill - 146.5 Great Falls
Great Falls,Week5,Canterbury Woods,Week1,237.0 Great Falls - 160.0 Canterbury Woods
Great Falls,Week1,Kings Ridge ,Week5,230.0 Great Falls - 172.0 Kings Ridge
Fox Mill Woods,Week5,McLean,Week3,260.0 McLean - 142.0 Fox Mill Woods
Great Falls,Week1,Sully Station,Week3,266.0 Sully Station - 136.0 Great Falls
Great Falls,Week1,Cardinal Hill,Week1,266.0 Cardinal Hill - 136.0 Great Falls
Greenbriar,Week3,Hollin Meadows,Week2,229.0 Greenbriar - 173.0 Hollin Meadows
Greenbriar,Week1,Holmes Run Acres,Week3,226.0 Holmes Run Acres - 176.0 Greenbriar
Fox Mill Woods,Week2,Lee Graham,Week1,226.0 Lee Graham - 176.0 Fox Mill Woods
Great Falls,Week4,Fairfax Club Estates,Week1,222.0 Great Falls - 174.0 Fairfax Club Estates
Great Falls,Week2,Cardinal Hill,Week5,252.0 Cardinal Hill - 132.0 Great Falls
Fox Mill Woods,Week2,Mosby Woods,Week1,231.5 Mosby Woods - 170.5 Fox Mill Woods
Fox Mill Woods,Week2,Lee Graham,Week3,239.0 Lee Graham - 163.0 Fox Mill Woods
Greenbriar,Week5,Hollin Meadows,Week3,212.0 Greenbriar - 190.0 Hollin Meadows
Great Falls,Week3,Fairfax Club Estates,Week3,238.0 Great Falls - 163.0 Fairfax Club Estates
Great Falls,Week1,Sully Station,Week2,260.0 Sully Station - 142.0 Great Falls
Great Falls,Week4,Fairfax Club Estates,Week4,221.0 Great Falls - 181.0 Fairfax Club Estates
Great Falls,Week4,Fairfax Club Estates,Week2,237.0 Great Falls - 162.0 Fairfax Club Estates
Fox Mill Woods,Week2,McLean,Week5,260.0 McLean - 142.0 Fox Mill Woods
Great Falls,Week5,Canterbury Woods,Week2,247.0 Great Falls - 151.0 Canterbury Woods
Great Falls,Week3,Fairfax Club Estates,Week5,229.0 Great Falls - 173.0 Fairfax Club Estates
Great Falls,Week5,Stratford,Week3,239.0 Great Falls - 161.0 Stratford
Greenbriar,Week4,Hollin Meadows,Week3,211.0 Hollin Meadows - 191.0 Greenbriar
Fox Mill Woods,Week1,Mosby Woods,Week1,215.0 Mosby Woods - 187.0 Fox Mill Woods
Greenbriar,Week2,Holmes Run Acres,Week5,212.0 Holmes Run Acres - 190.0 Greenbriar
Great Falls,Week3,Kings Ridge ,Week4,257.0 Great Falls - 145.0 Kings Ridge
Fox Mill Woods,Week2,Mosby Woods,Week5,224.0 Mosby Woods - 178.0 Fox Mill Woods
Fox Mill Woods,Week2,Lee Graham,Week4,227.0 Lee Graham - 175.0 Fox Mill Woods
Great Falls,Week3,Fairfax Club Estates,Week4,222.0 Great Falls - 180.0 Fairfax Club Estates
Fox Mill Woods,Week3,McLean,Week2,256.0 McLean - 146.0 Fox Mill Woods
Fox Mill Woods,Week1,Lee Graham,Week3,230.0 Lee Graham - 172.0 Fox Mill Woods
Great Falls,Week1,Cardinal Hill,Week5,256.0 Cardinal Hill - 146.0 Great Falls
Great Falls,Week3,Kings Ridge ,Week1,272.0 Great Falls - 130.0 Kings Ridge
Great Falls,Week5,Fairfax Club Estates,Week1,237.0 Great Falls - 164.0 Fairfax Club Estates
Great Falls,Week5,Sully Station,Week2,239.0 Sully Station - 158.0 Great Falls
Great Falls,Week3,Fairfax Club Estates,Week2,261.0 Great Falls - 141.0 Fairfax Club Estates
Great Falls,Week4,Fairfax Club Estates,Week3,225.0 Great Falls - 176.0 Fairfax Club Estates
Greenbriar,Week2,Holmes Run Acres,Week4,224.0 Greenbriar - 178.0 Holmes Run Acres
Great Falls,Week3,Kings Ridge ,Week5,256.0 Great Falls - 146.0 Kings Ridge
Great Falls,Week4,Sully Station,Week1,252.0 Sully Station - 146.0 Great Falls
Great Falls,Week4,Fairfax Club Estates,Week5,221.0 Great Falls - 176.0 Fairfax Club Estates
Greenbriar,Week1,Holmes Run Acres,Week5,234.0 Holmes Run Acres - 168.0 Greenbriar
Great Falls,Week3,Kings Ridge ,Week3,263.0 Great Falls - 138.0 Kings Ridge
Great Falls,Week4,Canterbury Woods,Week5,207.0 Great Falls - 185.0 Canterbury Woods
Greenbriar,Week2,Holmes Run Acres,Week1,238.0 Greenbriar - 164.0 Holmes Run Acres
Great Falls,Week3,Cardinal Hill,Week3,256.0 Cardinal Hill - 146.0 Great Falls
Fox Mill Woods,Week4,McLean,Week3,257.0 McLean - 145.0 Fox Mill Woods
Greenbriar,Week2,Holmes Run Acres,Week3,201.0 Greenbriar - 201.0 Holmes Run Acres
Fox Mill Woods,Week2,Mosby Woods,Week2,230.0 Mosby Woods - 172.0 Fox Mill Woods
Fox Mill Woods,Week3,Lee Graham,Week5,257.5 Lee Graham - 144.5 Fox Mill Woods
Great Falls,Week1,Sully Station,Week1,275.5 Sully Station - 125.5 Great Falls
Fox Mill Woods,Week3,Lee Graham,Week1,222.0 Lee Graham - 180.0 Fox Mill Woods
Great Falls,Week4,Sully Station,Week3,247.0 Sully Station - 155.0 Great Falls
Great Falls,Week1,Cardinal Hill,Week4,262.0 Cardinal Hill - 140.0 Great Falls
Fox Mill Woods,Week1,Lee Graham,Week2,230.0 Lee Graham - 172.0 Fox Mill Woods
Great Falls,Week1,Cardinal Hill,Week2,243.0 Cardinal Hill - 159.0 Great Falls
Great Falls,Week1,Sully Station,Week4,268.0 Sully Station - 134.0 Great Falls
Great Falls,Week5,Cardinal Hill,Week1,225.0 Cardinal Hill - 177.0 Great Falls
Great Falls,Week4,Kings Ridge ,Week2,272.0 Great Falls - 128.0 Kings Ridge
Fox Mill Woods,Week3,McLean,Week1,242.0 McLean - 160.0 Fox Mill Woods
Fox Mill Woods,Week3,Lee Graham,Week3,242.5 Lee Graham - 159.5 Fox Mill Woods
Great Falls,Week5,Sully Station,Week5,252.0 Sully Station - 150.0 Great Falls
Great Falls,Week1,Sully Station II,Week1,257.0 Sully Station II - 145.0 Great Falls
Great Falls,Week4,Cardinal Hill,Week5,256.0 Cardinal Hill - 146.0 Great Falls
Fox Mill Woods,Week3,Lee Graham,Week4,233.0 Lee Graham - 169.0 Fox Mill Woods
Great Falls,Week2,Sully Station II,Week5,280.0 Sully Station II - 104.0 Great Falls
Fox Mill Woods,Week5,Laurel Hill,Week5,283.0 Fox Mill Woods - 119.0 Laurel Hill
Fox Mill Woods,Week2,Lee Graham,Week5,248.0 Lee Graham - 154.0 Fox Mill Woods
Great Falls,Week5,Fairfax Club Estates,Week4,229.0 Great Falls - 173.0 Fairfax Club Estates
Fox Mill Woods,Week4,McLean,Week5,263.0 McLean - 139.0 Fox Mill Woods
Great Falls,Week5,Kings Ridge ,Week2,278.0 Great Falls - 123.0 Kings Ridge
Greenbriar,Week3,Holmes Run Acres,Week1,221.0 Greenbriar - 181.0 Holmes Run Acres
Great Falls,Week4,Cardinal Hill,Week2,233.0 Cardinal Hill - 164.0 Great Falls
Great Falls,Week3,Sully Station,Week3,233.0 Sully Station - 169.0 Great Falls
Fox Mill Woods,Week3,McLean,Week5,252.5 McLean - 149.5 Fox Mill Woods
Great Falls,Week5,Kings Ridge ,Week4,265.0 Great Falls - 137.0 Kings Ridge
Greenbriar,Week4,Holmes Run Acres,Week5,250.0 Holmes Run Acres - 152.0 Greenbriar
Great Falls,Week3,Cardinal Hill,Week2,218.0 Cardinal Hill - 179.0 Great Falls
Great Falls,Week5,Fairfax Club Estates,Week3,237.0 Great Falls - 162.0 Fairfax Club Estates
Great Falls,Week5,Kings Ridge ,Week1,261.0 Great Falls - 141.0 Kings Ridge
Greenbriar,Week4,Holmes Run Acres,Week2,213.0 Holmes Run Acres - 189.0 Greenbriar
Greenbriar,Week3,Holmes Run Acres,Week5,223.0 Holmes Run Acres - 179.0 Greenbriar
Great Falls,Week5,Fairfax Club Estates,Week2,268.0 Great Falls - 132.0 Fairfax Club Estates
Fox Mill Woods,Week1,Mosby Woods,Week2,214.0 Mosby Woods - 188.0 Fox Mill Woods
Greenbriar,Week5,Holmes Run Acres,Week1,221.0 Greenbriar - 180.0 Holmes Run Acres
Greenbriar,Week2,Commonwealth,Week5,263.0 Greenbriar - 139.0 Commonwealth
Fox Mill Woods,Week3,Mosby Woods,Week2,231.0 Mosby Woods - 171.0 Fox Mill Woods
Fox Mill Woods,Week3,Lee Graham,Week2,233.0 Lee Graham - 169.0 Fox Mill Woods
Fox Mill Woods,Week5,Mosby Woods,Week1,227.0 Mosby Woods - 175.0 Fox Mill Woods
Great Falls,Week3,Chesterbrook,Week3,349.0 Chesterbrook - 53.0 Great Falls
Great Falls,Week1,Sully Station II,Week5,311.0 Sully Station II - 91.0 Great Falls
Fox Mill Woods,Week2,Mosby Woods,Week3,217.0 Mosby Woods - 185.0 Fox Mill Woods
Fox Mill Woods,Week2,Mosby Woods,Week4,212.0 Mosby Woods - 190.0 Fox Mill Woods
Great Falls,Week1,Lake Braddock,Week1,277.0 Great Falls - 124.0 Lake Braddock
Great Falls,Week4,Sully Station,Week2,247.0 Sully Station - 150.0 Great Falls
Fox Mill Woods,Week4,Lee Graham,Week1,223.0 Lee Graham - 179.0 Fox Mill Woods
Great Falls,Week2,Lake Braddock,Week1,272.0 Great Falls - 112.0 Lake Braddock
Great Falls,Week3,Sully Station,Week4,238.0 Sully Station - 164.0 Great Falls
Greenbriar,Week5,Chesterbrook,Week1,309.0 Chesterbrook - 93.0 Greenbriar
Great Falls,Week2,Sully Station,Week2,248.5 Sully Station - 135.5 Great Falls
Great Falls,Week2,Sully Station,Week4,244.0 Sully Station - 140.0 Great Falls
Great Falls,Week1,Sully Station II,Week3,290.0 Sully Station II - 112.0 Great Falls
Great Falls,Week1,Commonwealth,Week1,246.0 Great Falls - 148.0 Commonwealth
Great Falls,Week1,Lake Braddock,Week3,268.0 Great Falls - 129.0 Lake Braddock
Greenbriar,Week5,Holmes Run Acres,Week5,229.0 Holmes Run Acres - 173.0 Greenbriar
Greenbriar,Week5,Holmes Run Acres,Week4,207.0 Greenbriar - 194.0 Holmes Run Acres
Greenbriar,Week3,Commonwealth,Week4,261.0 Greenbriar - 141.0 Commonwealth
Greenbriar,Week1,Hunt Valley,Week4,250.0 Hunt Valley - 152.0 Greenbriar
Great Falls,Week1,Lake Braddock,Week2,262.0 Great Falls - 136.0 Lake Braddock
Great Falls,Week5,Kings Ridge ,Week5,255.0 Great Falls - 147.0 Kings Ridge
Great Falls,Week5,Chesterbrook,Week4,329.0 Chesterbrook - 73.0 Great Falls
Greenbriar,Week3,Commonwealth,Week3,268.0 Greenbriar - 134.0 Commonwealth
Fox Mill Woods,Week5,Mosby Woods,Week3,204.0 Mosby Woods - 198.0 Fox Mill Woods
Greenbriar,Week2,Hunt Valley,Week3,243.0 Hunt Valley - 159.0 Greenbriar
Fox Mill Woods,Week4,Lee Graham,Week5,262.0 Lee Graham - 140.0 Fox Mill Woods
Fox Mill Woods,Week3,Mosby Woods,Week4,218.0 Mosby Woods - 184.0 Fox Mill Woods
Great Falls,Week1,Chesterbrook,Week3,367.0 Chesterbrook - 35.0 Great Falls
Fox Mill Woods,Week4,Lee Graham,Week3,252.0 Lee Graham - 150.0 Fox Mill Woods
Greenbriar,Week4,Chesterbrook,Week5,328.0 Chesterbrook - 74.0 Greenbriar
Greenbriar,Week5,Commonwealth,Week2,242.0 Greenbriar - 160.0 Commonwealth
Fox Mill Woods,Week4,Lee Graham,Week4,222.0 Lee Graham - 180.0 Fox Mill Woods
Great Falls,Week1,Chesterbrook,Week4,355.0 Chesterbrook - 47.0 Great Falls
Great Falls,Week2,Lake Braddock,Week2,251.0 Great Falls - 133.0 Lake Braddock
Fox Mill Woods,Week1,Mount Vernon Park,Week2,204.0 Fox Mill Woods - 198.0 Mount Vernon Park
Great Falls,Week1,Lake Braddock,Week5,254.0 Great Falls - 144.0 Lake Braddock
Fox Mill Woods,Week1,Lee Graham,Week4,215.0 Lee Graham - 187.0 Fox Mill Woods
Greenbriar,Week2,Hunt Valley,Week2,229.0 Hunt Valley - 173.0 Greenbriar
Fox Mill Woods,Week5,Lee Graham,Week1,213.0 Lee Graham - 189.0 Fox Mill Woods
Great Falls,Week2,Lake Braddock,Week3,256.0 Great Falls - 127.0 Lake Braddock
Fox Mill Woods,Week4,Mosby Woods,Week2,210.0 Mosby Woods - 192.0 Fox Mill Woods
Greenbriar,Week1,Hunt Valley,Week3,256.0 Hunt Valley - 146.0 Greenbriar
Great Falls,Week2,Chesterbrook,Week4,338.5 Chesterbrook - 45.5 Great Falls
Fox Mill Woods,Week4,Mosby Woods,Week1,218.0 Mosby Woods - 184.0 Fox Mill Woods
Greenbriar,Week4,Chesterbrook,Week4,325.0 Chesterbrook - 77.0 Greenbriar
Greenbriar,Week2,Hunt Valley,Week5,246.0 Hunt Valley - 156.0 Greenbriar
Greenbriar,Week4,Chesterbrook,Week1,325.0 Chesterbrook - 77.0 Greenbriar
Great Falls,Week3,Sully Station,Week2,226.0 Sully Station - 171.0 Great Falls
Greenbriar,Week4,Commonwealth,Week1,242.0 Greenbriar - 160.0 Commonwealth
Great Falls,Week2,Lake Braddock,Week5,260.0 Great Falls - 124.0 Lake Braddock
Greenbriar,Week3,Hunt Valley,Week3,249.0 Hunt Valley - 153.0 Greenbriar
Greenbriar,Week2,Commonwealth,Week1,282.0 Greenbriar - 119.0 Commonwealth
Great Falls,Week1,Chesterbrook,Week1,340.0 Chesterbrook - 62.0 Great Falls
Fox Mill Woods,Week1,Mount Vernon Park,Week3,207.0 Mount Vernon Park - 195.0 Fox Mill Woods
Great Falls,Week3,Lake Braddock,Week1,306.0 Great Falls - 96.0 Lake Braddock
Greenbriar,Week3,Hunt Valley,Week2,236.0 Hunt Valley - 166.0 Greenbriar
Greenbriar,Week4,Commonwealth,Week4,249.0 Greenbriar - 153.0 Commonwealth
Great Falls,Week4,Sully Station,Week4,248.0 Sully Station - 154.0 Great Falls
Great Falls,Week4,Chesterbrook,Week3,347.0 Chesterbrook - 55.0 Great Falls
Greenbriar,Week3,Hunt Valley,Week4,250.0 Hunt Valley - 152.0 Greenbriar
Great Falls,Week2,Lake Braddock,Week4,265.0 Great Falls - 119.0 Lake Braddock
Great Falls,Week5,Chesterbrook,Week1,331.0 Chesterbrook - 71.0 Great Falls
Fox Mill Woods,Week5,Mosby Woods,Week2,217.0 Mosby Woods - 185.0 Fox Mill Woods
Great Falls,Week2,Sully Station,Week1,247.0 Sully Station - 137.0 Great Falls
Great Falls,Week2,Chesterbrook,Week2,339.0 Chesterbrook - 45.0 Great Falls
Great Falls,Week1,Sully Station,Week5,272.0 Sully Station - 130.0 Great Falls
Great Falls,Week5,Cardinal Hill,Week4,226.0 Cardinal Hill - 175.0 Great Falls
Great Falls,Week3,Sully Station,Week1,248.0 Sully Station - 154.0 Great Falls
Greenbriar,Week1,Hunt Valley,Week1,234.0 Hunt Valley - 168.0 Greenbriar
Greenbriar,Week1,Commonwealth,Week3,261.0 Greenbriar - 141.0 Commonwealth
Greenbriar,Week3,Hunt Valley,Week5,258.0 Hunt Valley - 144.0 Greenbriar
Fox Mill Woods,Week1,Mount Vernon Park,Week5,213.0 Mount Vernon Park - 189.0 Fox Mill Woods
Fox Mill Woods,Week1,Mount Vernon Park,Week4,202.0 Mount Vernon Park - 200.0 Fox Mill Woods
Great Falls,Week4,Chesterbrook,Week5,336.0 Chesterbrook - 66.0 Great Falls
Great Falls,Week3,Chesterbrook,Week2,337.0 Chesterbrook - 65.0 Great Falls
Great Falls,Week2,Sully Station II,Week3,279.0 Sully Station II - 105.0 Great Falls
Greenbriar,Week4,Hunt Valley,Week2,251.0 Hunt Valley - 151.0 Greenbriar
Great Falls,Week3,Chesterbrook,Week4,335.0 Chesterbrook - 67.0 Great Falls
Greenbriar,Week4,Hunt Valley,Week1,254.0 Hunt Valley - 148.0 Greenbriar
Fox Mill Woods,Week1,Mount Vernon Park,Week1,205.0 Fox Mill Woods - 197.0 Mount Vernon Park
Greenbriar,Week5,Commonwealth,Week1,260.0 Greenbriar - 142.0 Commonwealth
Great Falls,Week3,Lake Braddock,Week2,287.0 Great Falls - 115.0 Lake Braddock
Great Falls,Week1,Chesterbrook,Week2,359.0 Chesterbrook - 43.0 Great Falls
Greenbriar,Week1,Commonwealth,Week1,270.0 Greenbriar - 132.0 Commonwealth
Great Falls,Week3,Chesterbrook,Week5,338.0 Chesterbrook - 64.0 Great Falls
Great Falls,Week3,Sully Station,Week5,245.0 Sully Station - 157.0 Great Falls
Greenbriar,Week5,Holmes Run Acres,Week3,227.0 Holmes Run Acres - 174.0 Greenbriar
Great Falls,Week2,Sully Station II,Week2,250.0 Sully Station II - 134.0 Great Falls
Fox Mill Woods,Week2,Mount Vernon Park,Week1,221.0 Mount Vernon Park - 181.0 Fox Mill Woods
Greenbriar,Week5,Chesterbrook,Week2,319.0 Chesterbrook - 83.0 Greenbriar
Greenbriar,Week4,Chesterbrook,Week3,336.0 Chesterbrook - 66.0 Greenbriar
Great Falls,Week1,Sully Station II,Week4,257.0 Sully Station II - 145.0 Great Falls
Great Falls,Week1,Sully Station II,Week2,278.0 Sully Station II - 124.0 Great Falls
Great Falls,Week1,Lake Braddock,Week4,264.0 Great Falls - 134.0 Lake Braddock
Fox Mill Woods,Week2,Mount Vernon Park,Week3,219.0 Mount Vernon Park - 183.0 Fox Mill Woods
Great Falls,Week5,Sully Station,Week1,248.0 Sully Station - 154.0 Great Falls
Great Falls,Week2,Sully Station,Week5,246.0 Sully Station - 138.0 Great Falls
Great Falls,Week5,Chesterbrook,Week2,327.0 Chesterbrook - 75.0 Great Falls
Greenbriar,Week3,Commonwealth,Week2,248.0 Greenbriar - 154.0 Commonwealth
Greenbriar,Week5,Hunt Valley,Week1,247.0 Hunt Valley - 155.0 Greenbriar
Great Falls,Week2,Sully Station II,Week4,240.0 Sully Station II - 144.0 Great Falls
Great Falls,Week5,Sully Station,Week4,235.0 Sully Station - 167.0 Great Falls
Great Falls,Week1,Chesterbrook,Week5,364.0 Chesterbrook - 38.0 Great Falls
Great Falls,Week2,Sully Station II,Week1,231.0 Sully Station II - 153.0 Great Falls
Fox Mill Woods,Week5,Mosby Woods,Week5,223.0 Mosby Woods - 179.0 Fox Mill Woods
Greenbriar,Week1,Commonwealth,Week4,260.0 Greenbriar - 142.0 Commonwealth
Fox Mill Woods,Week2,Mount Vernon Park,Week2,217.0 Mount Vernon Park - 185.0 Fox Mill Woods
Great Falls,Week4,Chesterbrook,Week2,339.0 Chesterbrook - 63.0 Great Falls
Great Falls,Week2,Sully Station,Week3,240.0 Sully Station - 144.0 Great Falls
Greenbriar,Week4,Hunt Valley,Week4,268.0 Hunt Valley - 134.0 Greenbriar
Fox Mill Woods,Week4,Mosby Woods,Week4,205.0 Fox Mill Woods - 197.0 Mosby Woods
Great Falls,Week2,Chesterbrook,Week5,338.0 Chesterbrook - 46.0 Great Falls
Greenbriar,Week1,Commonwealth,Week5,239.0 Greenbriar - 163.0 Commonwealth
Fox Mill Woods,Week5,Mosby Woods,Week4,204.5 Mosby Woods - 196.5 Fox Mill Woods
Greenbriar,Week3,Hunt Valley,Week1,237.0 Hunt Valley - 165.0 Greenbriar
Fox Mill Woods,Week4,Mosby Woods,Week5,215.0 Mosby Woods - 187.0 Fox Mill Woods
Great Falls,Week4,Chesterbrook,Week1,341.0 Chesterbrook - 61.0 Great Falls
Greenbriar,Week2,Commonwealth,Week3,266.0 Greenbriar - 136.0 Commonwealth
Greenbriar,Week2,Hunt Valley,Week1,226.0 Hunt Valley - 176.0 Greenbriar
Fox Mill Woods,Week2,Mount Vernon Park,Week5,233.0 Mount Vernon Park - 169.0 Fox Mill Woods
Greenbriar,Week5,Chesterbrook,Week5,324.0 Chesterbrook - 78.0 Greenbriar
Greenbriar,Week5,Chesterbrook,Week3,333.0 Chesterbrook - 69.0 Greenbriar
Fox Mill Woods,Week2,Mount Vernon Park,Week4,208.0 Mount Vernon Park - 194.0 Fox Mill Woods
Greenbriar,Week4,Hunt Valley,Week5,286.0 Hunt Valley - 116.0 Greenbriar
Great Falls,Week5,Cardinal Hill,Week5,224.0 Cardinal Hill - 178.0 Great Falls
Greenbriar,Week2,Commonwealth,Week2,255.0 Greenbriar - 147.0 Commonwealth
Fox Mill Woods,Week4,Mosby Woods,Week3,201.0 Fox Mill Woods - 201.0 Mosby Woods
Great Falls,Week5,Sully Station,Week3,235.0 Sully Station - 167.0 Great Falls
Greenbriar,Week5,Hunt Valley,Week2,240.0 Hunt Valley - 162.0 Greenbriar
Great Falls,Week4,Sully Station,Week5,259.0 Sully Station - 143.0 Great Falls
Great Falls,Week2,Chesterbrook,Week1,318.5 Chesterbrook - 65.5 Great Falls
Greenbriar,Week4,Hunt Valley,Week3,274.0 Hunt Valley - 128.0 Greenbriar
Greenbriar,Week4,Chesterbrook,Week2,335.0 Chesterbrook - 67.0 Greenbriar
Great Falls,Week4,Chesterbrook,Week4,347.0 Chesterbrook - 55.0 Great Falls
Great Falls,Week3,Chesterbrook,Week1,334.0 Chesterbrook - 68.0 Great Falls
Great Falls,Week5,Sully Station II,Week2,248.0 Sully Station II - 154.0 Great Falls
Great Falls,Week4,Sully Station II,Week1,242.0 Sully Station II - 160.0 Great Falls
Greenbriar,Week3,Commonwealth,Week1,281.0 Greenbriar - 121.0 Commonwealth
Greenbriar,Week1,Hunt Valley,Week5,258.0 Hunt Valley - 144.0 Greenbriar
Greenbriar,Week1,Commonwealth,Week2,243.0 Greenbriar - 159.0 Commonwealth
Greenbriar,Week2,Commonwealth,Week4,277.0 Greenbriar - 125.0 Commonwealth
Great Falls,Week5,Chesterbrook,Week3,343.0 Chesterbrook - 59.0 Great Falls
Great Falls,Week5,Sully Station II,Week3,269.0 Sully Station II - 133.0 Great Falls
Greenbriar,Week1,Hunt Valley,Week2,233.0 Hunt Valley - 169.0 Greenbriar
Greenbriar,Week1,Hunter Mill,Week4,231.0 Hunter Mill - 171.0 Greenbriar
Great Falls,Week1,Cottontail,Week2,219.0 Cottontail - 183.0 Great Falls
Greenbriar,Week4,Commonwealth,Week3,231.0 Greenbriar - 171.0 Commonwealth
Greenbriar,Week4,Commonwealth,Week5,202.0 Greenbriar - 200.0 Commonwealth
Great Falls,Week1,Truro,Week3,237.0 Great Falls - 164.0 Truro
Greenbriar,Week4,Hunter Mill,Week2,260.0 Hunter Mill - 142.0 Greenbriar
Greenbriar,Week5,Chesterbrook,Week4,316.0 Chesterbrook - 86.0 Greenbriar
Great Falls,Week4,Sully Station II,Week3,283.0 Sully Station II - 119.0 Great Falls
Greenbriar,Week4,Commonwealth,Week2,218.0 Greenbriar - 184.0 Commonwealth
Greenbriar,Week5,Hunt Valley,Week4,258.0 Hunt Valley - 144.0 Greenbriar
Great Falls,Week3,Commonwealth,Week3,239.0 Great Falls - 163.0 Commonwealth
Great Falls,Week2,Truro,Week2,246.0 Great Falls - 137.0 Truro
Great Falls,Week5,Chesterbrook,Week5,338.0 Chesterbrook - 64.0 Great Falls
Greenbriar,Week5,Hunter Mill,Week5,262.0 Hunter Mill - 140.0 Greenbriar
Great Falls,Week3,Sully Station II,Week4,235.0 Sully Station II - 167.0 Great Falls
Great Falls,Week2,Commonwealth,Week5,225.0 Great Falls - 159.0 Commonwealth
Great Falls,Week2,Chesterbrook,Week3,350.5 Chesterbrook - 33.5 Great Falls
Greenbriar,Week1,Cottontail,Week1,228.0 Greenbriar - 174.0 Cottontail
Greenbriar,Week2,Hunt Valley,Week4,234.0 Hunt Valley - 168.0 Greenbriar
Great Falls,Week2,Commonwealth,Week1,237.0 Great Falls - 146.0 Commonwealth
Great Falls,Week3,Truro,Week2,267.0 Great Falls - 129.0 Truro
Great Falls,Week1,Truro,Week1,214.0 Great Falls - 187.0 Truro
Greenbriar,Week3,Commonwealth,Week5,255.0 Greenbriar - 147.0 Commonwealth
Greenbriar,Week3,Hunter Mill,Week5,236.0 Hunter Mill - 166.0 Greenbriar
Greenbriar,Week1,Hunter Mill,Week1,216.0 Hunter Mill - 186.0 Greenbriar
Greenbriar,Week5,Hunter Mill,Week3,237.0 Hunter Mill - 165.0 Greenbriar
Great Falls,Week5,Commonwealth,Week4,259.0 Great Falls - 142.0 Commonwealth
Greenbriar,Week1,Hunter Mill,Week2,213.0 Hunter Mill - 189.0 Greenbriar
Great Falls,Week5,Sully Station II,Week1,222.0 Sully Station II - 178.0 Great Falls
Great Falls,Week2,Commonwealth,Week3,225.0 Great Falls - 157.0 Commonwealth
Great Falls,Week3,Sully Station II,Week5,271.0 Sully Station II - 131.0 Great Falls
Greenbriar,Week1,Cottontail,Week4,226.0 Greenbriar - 176.0 Cottontail
Great Falls,Week3,Commonwealth,Week5,236.0 Great Falls - 166.0 Commonwealth
Greenbriar,Week5,Cottontail,Week1,232.0 Greenbriar - 170.0 Cottontail
Great Falls,Week1,Commonwealth,Week3,224.0 Great Falls - 172.0 Commonwealth
Great Falls,Week4,Sully Station II,Week5,279.0 Sully Station II - 123.0 Great Falls
Great Falls,Week3,Sully Station II,Week2,251.0 Sully Station II - 151.0 Great Falls
Greenbriar,Week5,Cottontail,Week4,243.0 Greenbriar - 159.0 Cottontail
Great Falls,Week3,Sully Station II,Week3,265.0 Sully Station II - 137.0 Great Falls
Great Falls,Week2,Commonwealth,Week4,232.0 Great Falls - 150.0 Commonwealth
Great Falls,Week3,Commonwealth,Week2,236.0 Great Falls - 166.0 Commonwealth
Greenbriar,Week4,Cottontail,Week1,231.0 Greenbriar - 171.0 Cottontail
Greenbriar,Week1,Country Club Hills,Week1,242.0 Greenbriar - 160.0 Country Club Hills
Greenbriar,Week2,Hunter Mill,Week4,227.0 Hunter Mill - 175.0 Greenbriar
Great Falls,Week3,Sully Station II,Week1,224.0 Sully Station II - 178.0 Great Falls
Greenbriar,Week1,Country Club Hills,Week3,240.0 Greenbriar - 162.0 Country Club Hills
Greenbriar,Week2,Hunter Mill,Week2,214.0 Hunter Mill - 188.0 Greenbriar
Great Falls,Week1,Commonwealth,Week5,214.0 Great Falls - 187.0 Commonwealth
Great Falls,Week2,Truro,Week1,214.0 Great Falls - 170.0 Truro
Greenbriar,Week4,Hunter Mill,Week1,261.0 Hunter Mill - 141.0 Greenbriar
Greenbriar,Week3,Cottontail,Week1,232.0 Greenbriar - 170.0 Cottontail
Great Falls,Week5,Sully Station II,Week5,273.0 Sully Station II - 129.0 Great Falls
Greenbriar,Week3,Hunter Mill,Week1,213.0 Hunter Mill - 189.0 Greenbriar
Great Falls,Week1,Truro,Week4,223.0 Great Falls - 175.0 Truro
Great Falls,Week2,Truro,Week4,222.0 Great Falls - 162.0 Truro
Greenbriar,Week2,Hunter Mill,Week1,209.0 Hunter Mill - 193.0 Greenbriar
Great Falls,Week3,Commonwealth,Week1,264.0 Great Falls - 133.0 Commonwealth
Greenbriar,Week2,Cottontail,Week2,257.0 Greenbriar - 145.0 Cottontail
Greenbriar,Week2,Cottontail,Week5,235.0 Greenbriar - 167.0 Cottontail
Greenbriar,Week4,Cottontail,Week5,217.0 Greenbriar - 185.0 Cottontail
Great Falls,Week3,Truro,Week1,232.0 Great Falls - 170.0 Truro
Great Falls,Week4,Sully Station II,Week2,269.0 Sully Station II - 133.0 Great Falls
Great Falls,Week5,Commonwealth,Week1,272.0 Great Falls - 122.0 Commonwealth
Fox Mill Woods,Week1,Villa Aquatic,Week1,275.0 Fox Mill Woods - 127.0 Villa Aquatic
Great Falls,Week1,Cottontail,Week5,225.0 Cottontail - 177.0 Great Falls
Great Falls,Week2,Truro,Week5,208.0 Great Falls - 176.0 Truro
Great Falls,Week5,Sully Station II,Week4,241.0 Sully Station II - 161.0 Great Falls
Great Falls,Week1,Cottontail,Week1,220.0 Cottontail - 182.0 Great Falls
Greenbriar,Week4,Hunter Mill,Week3,265.0 Hunter Mill - 137.0 Greenbriar
Fox Mill Woods,Week5,Villa Aquatic,Week2,261.0 Fox Mill Woods - 141.0 Villa Aquatic
Greenbriar,Week4,Hunter Mill,Week4,270.5 Hunter Mill - 131.5 Greenbriar
Fox Mill Woods,Week3,Villa Aquatic,Week2,264.0 Fox Mill Woods - 138.0 Villa Aquatic
Fox Mill Woods,Week3,Villa Aquatic,Week3,221.0 Fox Mill Woods - 181.0 Villa Aquatic
Fox Mill Woods,Week1,Villa Aquatic,Week3,241.0 Fox Mill Woods - 161.0 Villa Aquatic
Greenbriar,Week5,Hunt Valley,Week3,255.0 Hunt Valley - 147.0 Greenbriar
Greenbriar,Week5,Cottontail,Week3,234.0 Greenbriar - 168.0 Cottontail
Great Falls,Week4,Commonwealth,Week3,215.0 Great Falls - 181.0 Commonwealth
Greenbriar,Week2,Hunter Mill,Week3,217.0 Hunter Mill - 185.0 Greenbriar
Great Falls,Week2,Truro,Week3,240.0 Great Falls - 144.0 Truro
Fox Mill Woods,Week1,Villa Aquatic,Week2,273.0 Fox Mill Woods - 129.0 Villa Aquatic
Greenbriar,Week3,Hunter Mill,Week3,227.0 Hunter Mill - 175.0 Greenbriar
Great Falls,Week1,Commonwealth,Week4,224.0 Great Falls - 175.0 Commonwealth
Greenbriar,Week5,Commonwealth,Week3,249.0 Greenbriar - 153.0 Commonwealth
Great Falls,Week2,Cottontail,Week1,194.0 Great Falls - 190.0 Cottontail
Greenbriar,Week5,Hunter Mill,Week1,227.5 Hunter Mill - 174.5 Greenbriar
Greenbriar,Week1,Country Club Hills,Week4,243.0 Greenbriar - 159.0 Country Club Hills
Fox Mill Woods,Week2,Villa Aquatic,Week3,226.0 Fox Mill Woods - 176.0 Villa Aquatic
Great Falls,Week3,Commonwealth,Week4,268.5 Great Falls - 133.5 Commonwealth
Greenbriar,Week2,Cottontail,Week1,249.0 Greenbriar - 153.0 Cottontail
Greenbriar,Week5,Commonwealth,Week4,256.5 Greenbriar - 145.5 Commonwealth
Fox Mill Woods,Week5,Vienna Woods,Week5,283.0 Vienna Woods - 119.0 Fox Mill Woods
Fox Mill Woods,Week4,Villa Aquatic,Week3,256.0 Fox Mill Woods - 146.0 Villa Aquatic
Great Falls,Week1,Truro,Week2,233.0 Great Falls - 164.0 Truro
Greenbriar,Week1,Cottontail,Week3,234.0 Greenbriar - 168.0 Cottontail
Greenbriar,Week1,Hunter Mill,Week3,234.0 Hunter Mill - 168.0 Greenbriar
Great Falls,Week5,Commonwealth,Week2,232.0 Great Falls - 170.0 Commonwealth
Great Falls,Week1,Truro,Week5,224.0 Great Falls - 174.0 Truro
Fox Mill Woods,Week1,Villa Aquatic,Week5,251.0 Fox Mill Woods - 151.0 Villa Aquatic
Greenbriar,Week3,Hunter Mill,Week4,220.0 Hunter Mill - 182.0 Greenbriar
Great Falls,Week1,Commonwealth,Week2,208.0 Great Falls - 193.0 Commonwealth
Great Falls,Week2,Commonwealth,Week2,216.0 Great Falls - 168.0 Commonwealth
Greenbriar,Week4,Cottontail,Week4,236.0 Greenbriar - 166.0 Cottontail
Greenbriar,Week5,Commonwealth,Week5,234.0 Greenbriar - 168.0 Commonwealth
Greenbriar,Week4,Cottontail,Week3,224.0 Greenbriar - 178.0 Cottontail
Fox Mill Woods,Week2,Villa Aquatic,Week5,241.0 Fox Mill Woods - 161.0 Villa Aquatic
Great Falls,Week4,Sully Station II,Week4,251.0 Sully Station II - 151.0 Great Falls
Fox Mill Woods,Week4,Villa Aquatic,Week4,268.0 Fox Mill Woods - 134.0 Villa Aquatic
Great Falls,Week4,Commonwealth,Week5,223.0 Great Falls - 175.0 Commonwealth
Greenbriar,Week4,Hunter Mill,Week5,272.0 Hunter Mill - 130.0 Greenbriar
Great Falls,Week4,Commonwealth,Week2,201.0 Great Falls - 200.0 Commonwealth
Greenbriar,Week3,Cottontail,Week2,253.0 Greenbriar - 149.0 Cottontail
Great Falls,Week3,Truro,Week3,260.0 Great Falls - 142.0 Truro
Fox Mill Woods,Week5,Vienna Woods,Week4,219.0 Vienna Woods - 183.0 Fox Mill Woods
Fox Mill Woods,Week3,Villa Aquatic,Week1,273.0 Fox Mill Woods - 129.0 Villa Aquatic
Great Falls,Week3,Truro,Week4,242.0 Great Falls - 160.0 Truro
Greenbriar,Week2,Hunter Mill,Week5,236.0 Hunter Mill - 166.0 Greenbriar
Greenbriar,Week5,Hunt Valley,Week5,257.0 Hunt Valley - 145.0 Greenbriar
Greenbriar,Week3,Hunter Mill,Week2,219.0 Hunter Mill - 183.0 Greenbriar
Great Falls,Week4,Commonwealth,Week1,252.0 Great Falls - 139.0 Commonwealth
Greenbriar,Week1,Hunter Mill,Week5,253.5 Hunter Mill - 148.5 Greenbriar
Greenbriar,Week3,Cottontail,Week3,247.0 Greenbriar - 155.0 Cottontail
Great Falls,Week4,Commonwealth,Week4,235.0 Great Falls - 162.0 Commonwealth
Great Falls,Week3,Truro,Week5,250.0 Great Falls - 147.0 Truro
Greenbriar,Week2,Cottontail,Week4,260.0 Greenbriar - 142.0 Cottontail
Greenbriar,Week1,Cottontail,Week5,218.0 Greenbriar - 184.0 Cottontail
Great Falls,Week1,Cottontail,Week3,204.0 Great Falls - 198.0 Cottontail
Fox Mill Woods,Week2,Village West,Week3,309.0 Fox Mill Woods - 93.0 Village West
Greenbriar,Week3,Cottontail,Week4,244.0 Greenbriar - 158.0 Cottontail
Greenbriar,Week2,Cottontail,Week3,254.0 Greenbriar - 148.0 Cottontail
Greenbriar,Week5,Hunter Mill,Week2,231.0 Hunter Mill - 171.0 Greenbriar
Great Falls,Week5,Truro,Week2,261.0 Great Falls - 133.0 Truro
Great Falls,Week5,Truro,Week5,248.0 Great Falls - 148.0 Truro
Fox Mill Woods,Week4,Village West,Week1,318.0 Fox Mill Woods - 84.0 Village West
Fox Mill Woods,Week5,Lakevale Estates,Week1,215.0 Fox Mill Woods - 187.0 Lakevale Estates
Fox Mill Woods,Week3,Village West,Week1,313.0 Fox Mill Woods - 89.0 Village West
Fox Mill Woods,Week1,Villa Aquatic,Week4,256.0 Fox Mill Woods - 146.0 Villa Aquatic
Great Falls,Week2,Cottontail,Week2,197.0 Cottontail - 187.0 Great Falls
Great Falls,Week5,Commonwealth,Week3,242.0 Great Falls - 158.0 Commonwealth
Greenbriar,Week5,Hunter Mill,Week4,242.0 Hunter Mill - 160.0 Greenbriar
Fox Mill Woods,Week5,Villa Aquatic,Week1,276.0 Fox Mill Woods - 126.0 Villa Aquatic
Great Falls,Week4,Truro,Week2,245.0 Great Falls - 142.0 Truro
Greenbriar,Week3,Cottontail,Week5,234.0 Greenbriar - 168.0 Cottontail
Great Falls,Week4,Truro,Week1,220.0 Great Falls - 181.0 Truro
Great Falls,Week2,Tuckahoe,Week2,330.0 Tuckahoe - 54.0 Great Falls
Great Falls,Week1,Cottontail,Week4,212.0 Cottontail - 190.0 Great Falls
Greenbriar,Week4,Cottontail,Week2,226.0 Greenbriar - 176.0 Cottontail
Great Falls,Week4,Tuckahoe,Week1,334.0 Tuckahoe - 68.0 Great Falls
Great Falls,Week5,Commonwealth,Week5,250.0 Great Falls - 152.0 Commonwealth
Fox Mill Woods,Week2,Villa Aquatic,Week1,278.0 Fox Mill Woods - 124.0 Villa Aquatic
Greenbriar,Week1,Cottontail,Week2,245.0 Greenbriar - 157.0 Cottontail
Great Falls,Week2,Cottontail,Week3,200.0 Great Falls - 184.0 Cottontail
Fox Mill Woods,Week5,Villa Aquatic,Week4,257.0 Fox Mill Woods - 145.0 Villa Aquatic
Great Falls,Week1,Tuckahoe,Week4,363.0 Tuckahoe - 39.0 Great Falls
Great Falls,Week1,Tuckahoe,Week2,356.5 Tuckahoe - 45.5 Great Falls
Greenbriar,Week3,Country Club Hills,Week3,249.0 Greenbriar - 153.0 Country Club Hills
Fox Mill Woods,Week2,Villa Aquatic,Week2,254.0 Fox Mill Woods - 148.0 Villa Aquatic
Great Falls,Week2,Cottontail,Week5,201.0 Cottontail - 183.0 Great Falls
Great Falls,Week4,Truro,Week5,229.0 Great Falls - 163.0 Truro
Great Falls,Week5,Truro,Week4,251.0 Great Falls - 149.0 Truro
Greenbriar,Week2,Crosspointe,Week3,243.0 Crosspointe - 159.0 Greenbriar
Greenbriar,Week5,Cottontail,Week2,233.0 Greenbriar - 169.0 Cottontail
Greenbriar,Week2,Country Club Hills,Week2,265.0 Greenbriar - 137.0 Country Club Hills
Great Falls,Week1,Country Club Hills,Week3,210.0 Great Falls - 191.0 Country Club Hills
Great Falls,Week2,Cottontail,Week4,194.0 Cottontail - 190.0 Great Falls
Great Falls,Week1,Tuckahoe,Week3,359.0 Tuckahoe - 42.0 Great Falls
Fox Mill Woods,Week3,Villa Aquatic,Week4,239.0 Fox Mill Woods - 163.0 Villa Aquatic
Greenbriar,Week5,Cottontail,Week5,223.0 Greenbriar - 179.0 Cottontail
Greenbriar,Week1,Country Club Hills,Week2,245.0 Greenbriar - 157.0 Country Club Hills
Great Falls,Week5,Cottontail,Week1,212.0 Great Falls - 190.0 Cottontail
Fox Mill Woods,Week2,Villa Aquatic,Week4,249.0 Fox Mill Woods - 153.0 Villa Aquatic
Great Falls,Week2,Tuckahoe,Week4,340.0 Tuckahoe - 44.0 Great Falls
Fox Mill Woods,Week4,Villa Aquatic,Week5,254.0 Fox Mill Woods - 148.0 Villa Aquatic
Fox Mill Woods,Week5,Villa Aquatic,Week5,248.0 Fox Mill Woods - 154.0 Villa Aquatic
Great Falls,Week3,Cottontail,Week4,221.0 Great Falls - 181.0 Cottontail
Great Falls,Week3,Cottontail,Week5,204.0 Great Falls - 198.0 Cottontail
Fox Mill Woods,Week4,Villa Aquatic,Week1,267.0 Fox Mill Woods - 135.0 Villa Aquatic
Fox Mill Woods,Week4,Villa Aquatic,Week2,277.0 Fox Mill Woods - 125.0 Villa Aquatic
Great Falls,Week2,Tuckahoe,Week1,313.0 Tuckahoe - 71.0 Great Falls
Greenbriar,Week1,Crosspointe,Week3,257.0 Crosspointe - 145.0 Greenbriar
Greenbriar,Week5,Country Club Hills,Week3,234.5 Greenbriar - 167.5 Country Club Hills
Fox Mill Woods,Week3,Villa Aquatic,Week5,243.0 Fox Mill Woods - 159.0 Villa Aquatic
Fox Mill Woods,Week2,Mansion House,Week2,233.0 Fox Mill Woods - 169.0 Mansion House
Greenbriar,Week1,Crosspointe,Week5,281.0 Crosspointe - 121.0 Greenbriar
Great Falls,Week1,Tuckahoe,Week5,363.0 Tuckahoe - 39.0 Great Falls
Great Falls,Week3,Cottontail,Week1,209.0 Great Falls - 193.0 Cottontail
Great Falls,Week3,Tuckahoe,Week2,334.0 Tuckahoe - 68.0 Great Falls
Great Falls,Week5,Tuckahoe,Week4,337.0 Tuckahoe - 65.0 Great Falls
Great Falls,Week3,Cottontail,Week2,211.0 Great Falls - 191.0 Cottontail
Great Falls,Week4,Cottontail,Week3,229.0 Great Falls - 173.0 Cottontail
Fox Mill Woods,Week4,Mansion House,Week1,240.5 Fox Mill Woods - 161.5 Mansion House
Fox Mill Woods,Week2,Mansion House,Week4,262.0 Fox Mill Woods - 140.0 Mansion House
Greenbriar,Week2,Country Club Hills,Week3,252.5 Greenbriar - 149.5 Country Club Hills
Greenbriar,Week2,Crosspointe,Week1,241.0 Crosspointe - 161.0 Greenbriar
Fox Mill Woods,Week1,Village West,Week2,321.0 Fox Mill Woods - 81.0 Village West
Fox Mill Woods,Week4,Mansion House,Week4,262.0 Fox Mill Woods - 140.0 Mansion House
Greenbriar,Week3,Crosspointe,Week5,280.0 Crosspointe - 122.0 Greenbriar
Fox Mill Woods,Week1,Village West,Week1,319.0 Fox Mill Woods - 83.0 Village West
Great Falls,Week4,Cottontail,Week1,204.0 Cottontail - 198.0 Great Falls
Fox Mill Woods,Week1,Mantua,Week1,226.0 Fox Mill Woods - 176.0 Mantua
Fox Mill Woods,Week4,Mansion House,Week2,242.0 Fox Mill Woods - 160.0 Mansion House
Great Falls,Week5,Truro,Week3,264.0 Great Falls - 137.0 Truro
Greenbriar,Week3,Country Club Hills,Week4,239.0 Greenbriar - 163.0 Country Club Hills
Great Falls,Week3,Cottontail,Week3,232.0 Great Falls - 170.0 Cottontail
Great Falls,Week2,Country Club Hills,Week3,210.0 Great Falls - 174.0 Country Club Hills
Great Falls,Week1,Vienna Aquatic,Week1,311.0 Vienna Aquatic - 91.0 Great Falls
Great Falls,Week4,Cottontail,Week5,208.0 Cottontail - 194.0 Great Falls
Great Falls,Week2,Vienna Aquatic,Week3,290.0 Vienna Aquatic - 94.0 Great Falls
Great Falls,Week4,Tuckahoe,Week3,350.0 Tuckahoe - 51.0 Great Falls
Greenbriar,Week2,Crosspointe,Week5,247.0 Crosspointe - 155.0 Greenbriar
Fox Mill Woods,Week1,Village West,Week3,305.0 Fox Mill Woods - 97.0 Village West
Great Falls,Week2,Country Club Hills,Week4,209.0 Great Falls - 175.0 Country Club Hills
Fox Mill Woods,Week4,Mansion House,Week5,232.0 Fox Mill Woods - 170.0 Mansion House
Great Falls,Week3,Tuckahoe,Week5,347.5 Tuckahoe - 54.5 Great Falls
Fox Mill Woods,Week3,Mansion House,Week2,243.0 Fox Mill Woods - 159.0 Mansion House
Great Falls,Week2,Tuckahoe,Week3,340.0 Tuckahoe - 44.0 Great Falls
Great Falls,Week1,Country Club Hills,Week4,218.0 Great Falls - 184.0 Country Club Hills
Fox Mill Woods,Week5,Villa Aquatic,Week3,237.0 Fox Mill Woods - 165.0 Villa Aquatic
Fox Mill Woods,Week2,Village West,Week2,315.0 Fox Mill Woods - 87.0 Village West
Greenbriar,Week3,Country Club Hills,Week5,208.0 Greenbriar - 194.0 Country Club Hills
Fox Mill Woods,Week2,Village West,Week4,314.0 Fox Mill Woods - 83.0 Village West
Greenbriar,Week3,Crosspointe,Week1,254.5 Crosspointe - 147.5 Greenbriar
Fox Mill Woods,Week5,Mansion House,Week2,253.5 Fox Mill Woods - 148.5 Mansion House
Great Falls,Week2,Country Club Hills,Week1,216.0 Great Falls - 168.0 Country Club Hills
Fox Mill Woods,Week2,Village West,Week1,314.0 Fox Mill Woods - 88.0 Village West
Great Falls,Week5,Truro,Week1,242.0 Great Falls - 160.0 Truro
Greenbriar,Week1,Country Club Hills,Week5,216.0 Greenbriar - 186.0 Country Club Hills
Fox Mill Woods,Week3,Mansion House,Week5,213.0 Fox Mill Woods - 189.0 Mansion House
Fox Mill Woods,Week1,Mantua,Week2,224.0 Fox Mill Woods - 178.0 Mantua
Great Falls,Week1,Tuckahoe,Week1,344.0 Tuckahoe - 58.0 Great Falls
Greenbriar,Week4,Country Club Hills,Week3,219.0 Greenbriar - 183.0 Country Club Hills
Greenbriar,Week4,Country Club Hills,Week5,208.0 Country Club Hills - 194.0 Greenbriar
Great Falls,Week4,Truro,Week3,238.0 Great Falls - 163.0 Truro
Fox Mill Woods,Week3,Village West,Week3,299.5 Fox Mill Woods - 102.5 Village West
Fox Mill Woods,Week1,Mantua,Week3,209.0 Mantua - 193.0 Fox Mill Woods
Fox Mill Woods,Week1,Village West,Week4,319.0 Fox Mill Woods - 78.0 Village West
Great Falls,Week4,Truro,Week4,226.0 Great Falls - 174.0 Truro
Fox Mill Woods,Week2,Village West,Week5,317.0 Fox Mill Woods - 85.0 Village West
Great Falls,Week2,Country Club Hills,Week5,211.0 Country Club Hills - 173.0 Great Falls
Fox Mill Woods,Week3,Village West,Week4,313.5 Fox Mill Woods - 83.5 Village West
Fox Mill Woods,Week1,Mantua,Week4,210.0 Fox Mill Woods - 192.0 Mantua
Fox Mill Woods,Week1,Village West,Week5,318.0 Fox Mill Woods - 84.0 Village West
Great Falls,Week2,Country Club Hills,Week2,221.0 Great Falls - 163.0 Country Club Hills
Greenbriar,Week2,Country Club Hills,Week5,226.0 Greenbriar - 176.0 Country Club Hills
Great Falls,Week3,Tuckahoe,Week1,310.0 Tuckahoe - 92.0 Great Falls
Fox Mill Woods,Week1,Mantua,Week5,204.0 Mantua - 198.0 Fox Mill Woods
Greenbriar,Week4,Country Club Hills,Week2,217.0 Greenbriar - 185.0 Country Club Hills
Great Falls,Week5,Cottontail,Week2,209.0 Great Falls - 193.0 Cottontail
Great Falls,Week5,Cottontail,Week3,236.0 Great Falls - 166.0 Cottontail
Fox Mill Woods,Week3,Village West,Week2,314.0 Fox Mill Woods - 88.0 Village West
Great Falls,Week2,Tuckahoe,Week5,340.0 Tuckahoe - 44.0 Great Falls
Great Falls,Week5,Cottontail,Week5,212.0 Great Falls - 190.0 Cottontail
Great Falls,Week4,Cottontail,Week2,210.0 Cottontail - 192.0 Great Falls
Great Falls,Week4,Tuckahoe,Week5,358.0 Tuckahoe - 44.0 Great Falls
Fox Mill Woods,Week3,Village West,Week5,313.0 Fox Mill Woods - 89.0 Village West
Great Falls,Week5,Tuckahoe,Week2,322.0 Tuckahoe - 80.0 Great Falls
Fox Mill Woods,Week3,Mansion House,Week3,218.0 Fox Mill Woods - 184.0 Mansion House
Great Falls,Week1,Country Club Hills,Week1,205.0 Great Falls - 197.0 Country Club Hills
Fox Mill Woods,Week4,Mansion House,Week3,237.0 Fox Mill Woods - 165.0 Mansion House
Fox Mill Woods,Week5,Mansion House,Week3,217.0 Fox Mill Woods - 185.0 Mansion House
Greenbriar,Week5,Country Club Hills,Week1,237.0 Greenbriar - 165.0 Country Club Hills
Great Falls,Week5,Tuckahoe,Week3,337.0 Tuckahoe - 65.0 Great Falls
Fox Mill Woods,Week3,Mansion House,Week4,250.0 Fox Mill Woods - 152.0 Mansion House
Fox Mill Woods,Week2,Mantua,Week1,206.0 Fox Mill Woods - 196.0 Mantua
Great Falls,Week3,Tuckahoe,Week4,351.0 Tuckahoe - 51.0 Great Falls
Great Falls,Week1,Country Club Hills,Week5,219.0 Country Club Hills - 183.0 Great Falls
Greenbriar,Week4,Country Club Hills,Week1,231.0 Greenbriar - 171.0 Country Club Hills
Fox Mill Woods,Week5,Village West,Week2,312.0 Fox Mill Woods - 90.0 Village West
Great Falls,Week1,Vienna Aquatic,Week2,312.0 Vienna Aquatic - 90.0 Great Falls
Greenbriar,Week2,Country Club Hills,Week1,255.0 Greenbriar - 147.0 Country Club Hills
Greenbriar,Week2,Country Club Hills,Week4,247.0 Greenbriar - 155.0 Country Club Hills
Fox Mill Woods,Week5,Village West,Week4,308.0 Fox Mill Woods - 89.0 Village West
Great Falls,Week1,Country Club Hills,Week2,207.0 Great Falls - 195.0 Country Club Hills
Fox Mill Woods,Week2,Mansion House,Week5,220.5 Fox Mill Woods - 181.5 Mansion House
Fox Mill Woods,Week4,Village West,Week3,302.0 Fox Mill Woods - 100.0 Village West
Fox Mill Woods,Week5,Mansion House,Week5,223.0 Fox Mill Woods - 179.0 Mansion House
Greenbriar,Week3,Country Club Hills,Week2,249.0 Greenbriar - 153.0 Country Club Hills
Great Falls,Week3,Tuckahoe,Week3,342.7 Tuckahoe - 59.3 Great Falls
Fox Mill Woods,Week1,Virginia Hills,Week3,364.0 Fox Mill Woods - 38.0 Virginia Hills
Fox Mill Woods,Week1,Virginia Hills,Week2,375.0 Fox Mill Woods - 27.0 Virginia Hills
Greenbriar,Week4,Country Club Hills,Week4,224.0 Greenbriar - 178.0 Country Club Hills
Fox Mill Woods,Week1,Virginia Hills,Week1,367.0 Fox Mill Woods - 35.0 Virginia Hills
Great Falls,Week5,Cottontail,Week4,222.0 Great Falls - 179.0 Cottontail
Great Falls,Week4,Cottontail,Week4,201.0 Cottontail - 196.0 Great Falls
Great Falls,Week1,Vienna Aquatic,Week4,312.5 Vienna Aquatic - 88.5 Great Falls
Fox Mill Woods,Week2,Mansion House,Week3,221.0 Fox Mill Woods - 181.0 Mansion House
Fox Mill Woods,Week5,Mansion House,Week1,238.0 Fox Mill Woods - 164.0 Mansion House
Greenbriar,Week3,Country Club Hills,Week1,246.0 Greenbriar - 156.0 Country Club Hills
Fox Mill Woods,Week5,Village West,Week1,317.0 Fox Mill Woods - 85.0 Village West
Greenbriar,Week5,Country Club Hills,Week2,235.0 Greenbriar - 167.0 Country Club Hills
Great Falls,Week2,Vienna Aquatic,Week1,275.0 Vienna Aquatic - 109.0 Great Falls
Greenbriar,Week1,Crosspointe,Week2,244.0 Crosspointe - 158.0 Greenbriar
Greenbriar,Week4,Daventry,Week1,309.0 Greenbriar - 93.0 Daventry
Fox Mill Woods,Week5,Village West,Week3,297.0 Fox Mill Woods - 105.0 Village West
Fox Mill Woods,Week4,Village West,Week4,324.0 Fox Mill Woods - 73.0 Village West
Great Falls,Week5,Tuckahoe,Week1,316.0 Tuckahoe - 86.0 Great Falls
Fox Mill Woods,Week5,Mansion House,Week4,264.0 Fox Mill Woods - 138.0 Mansion House
Great Falls,Week1,Vienna Aquatic,Week5,333.0 Vienna Aquatic - 65.0 Great Falls
Fox Mill Woods,Week2,Virginia Hills,Week2,378.0 Fox Mill Woods - 24.0 Virginia Hills
Greenbriar,Week3,Crosspointe,Week2,238.0 Crosspointe - 164.0 Greenbriar
Great Falls,Week4,Tuckahoe,Week2,339.0 Tuckahoe - 63.0 Great Falls
Greenbriar,Week3,Crosspointe,Week3,249.0 Crosspointe - 153.0 Greenbriar
Fox Mill Woods,Week1,Virginia Hills,Week5,358.0 Fox Mill Woods - 44.0 Virginia Hills
Fox Mill Woods,Week2,Virginia Hills,Week3,364.0 Fox Mill Woods - 38.0 Virginia Hills
Fox Mill Woods,Week2,Virginia Hills,Week4,374.0 Fox Mill Woods - 28.0 Virginia Hills
Greenbriar,Week2,Crosspointe,Week2,217.0 Crosspointe - 185.0 Greenbriar
Great Falls,Week2,Vienna Aquatic,Week4,268.0 Vienna Aquatic - 116.0 Great Falls
Greenbriar,Week1,Crosspointe,Week4,262.0 Crosspointe - 140.0 Greenbriar
Fox Mill Woods,Week1,Virginia Hills,Week4,364.0 Fox Mill Woods - 38.0 Virginia Hills
Greenbriar,Week5,Country Club Hills,Week4,239.0 Greenbriar - 163.0 Country Club Hills
Great Falls,Week2,Vienna Aquatic,Week2,275.0 Vienna Aquatic - 109.0 Great Falls
Fox Mill Woods,Week5,Village West,Week5,317.0 Fox Mill Woods - 85.0 Village West
Great Falls,Week3,Vienna Aquatic,Week5,308.0 Vienna Aquatic - 94.0 Great Falls
Fox Mill Woods,Week2,Mansion House,Week1,238.0 Fox Mill Woods - 164.0 Mansion House
Great Falls,Week5,Tuckahoe,Week5,336.5 Tuckahoe - 65.5 Great Falls
Greenbriar,Week1,Crosspointe,Week1,265.5 Crosspointe - 136.5 Greenbriar
Greenbriar,Week3,Crosspointe,Week4,259.0 Crosspointe - 143.0 Greenbriar
Greenbriar,Week5,Country Club Hills,Week5,218.0 Greenbriar - 184.0 Country Club Hills
Fox Mill Woods,Week2,Virginia Hills,Week5,362.0 Fox Mill Woods - 40.0 Virginia Hills
Fox Mill Woods,Week2,Virginia Hills,Week1,368.0 Fox Mill Woods - 34.0 Virginia Hills
Fox Mill Woods,Week3,Mansion House,Week1,229.5 Fox Mill Woods - 172.5 Mansion House
Greenbriar,Week2,Crosspointe,Week4,234.0 Crosspointe - 168.0 Greenbriar
Great Falls,Week3,Vienna Aquatic,Week2,274.0 Vienna Aquatic - 128.0 Great Falls
Great Falls,Week1,Vienna Aquatic,Week3,318.0 Vienna Aquatic - 84.0 Great Falls
Great Falls,Week4,Tuckahoe,Week4,363.0 Tuckahoe - 39.0 Great Falls
Great Falls,Week5,Vienna Aquatic,Week2,271.0 Vienna Aquatic - 131.0 Great Falls
Great Falls,Week5,Vienna Aquatic,Week1,263.0 Vienna Aquatic - 138.0 Great Falls
Fox Mill Woods,Week1,Laurel Hill,Week1,309.0 Fox Mill Woods - 93.0 Laurel Hill
Fox Mill Woods,Week1,Laurel Hill,Week4,301.0 Fox Mill Woods - 101.0 Laurel Hill
Fox Mill Woods,Week4,Village West,Week2,323.0 Fox Mill Woods - 79.0 Village West
Great Falls,Week4,Vienna Aquatic,Week4,280.0 Vienna Aquatic - 121.0 Great Falls
Great Falls,Week5,Vienna Aquatic,Week4,268.0 Vienna Aquatic - 134.0 Great Falls
Fox Mill Woods,Week3,Virginia Hills,Week2,368.0 Fox Mill Woods - 34.0 Virginia Hills
Great Falls,Week5,Vienna Aquatic,Week3,271.0 Vienna Aquatic - 131.0 Great Falls
Great Falls,Week4,Vienna Aquatic,Week5,307.0 Vienna Aquatic - 93.0 Great Falls
Greenbriar,Week2,Daventry,Week3,319.0 Greenbriar - 83.0 Daventry
Great Falls,Week5,Vienna Aquatic,Week5,297.5 Vienna Aquatic - 103.5 Great Falls
Fox Mill Woods,Week4,Village West,Week5,320.0 Fox Mill Woods - 82.0 Village West
Greenbriar,Week5,Crosspointe,Week2,234.0 Crosspointe - 168.0 Greenbriar
Greenbriar,Week2,Daventry,Week4,325.0 Greenbriar - 77.0 Daventry
Fox Mill Woods,Week1,Laurel Hill,Week3,306.0 Fox Mill Woods - 96.0 Laurel Hill
Fox Mill Woods,Week1,Virginia Run,Week1,220.0 Fox Mill Woods - 182.0 Virginia Run
Greenbriar,Week5,Crosspointe,Week3,245.0 Crosspointe - 157.0 Greenbriar
Fox Mill Woods,Week3,Virginia Run,Week1,218.0 Fox Mill Woods - 184.0 Virginia Run
Greenbriar,Week4,Daventry,Week3,300.0 Greenbriar - 102.0 Daventry
Great Falls,Week1,Vienna Woods,Week2,302.0 Vienna Woods - 100.0 Great Falls
Greenbriar,Week4,Crosspointe,Week1,270.0 Crosspointe - 132.0 Greenbriar
Fox Mill Woods,Week2,Laurel Hill,Week4,307.0 Fox Mill Woods - 95.0 Laurel Hill
Greenbriar,Week2,Daventry,Week5,303.0 Greenbriar - 99.0 Daventry
Fox Mill Woods,Week2,Laurel Hill,Week3,313.0 Fox Mill Woods - 89.0 Laurel Hill
Fox Mill Woods,Week2,Virginia Run,Week1,213.0 Fox Mill Woods - 189.0 Virginia Run
Fox Mill Woods,Week3,Virginia Hills,Week1,364.0 Fox Mill Woods - 38.0 Virginia Hills
Fox Mill Woods,Week3,Virginia Run,Week4,239.0 Fox Mill Woods - 163.0 Virginia Run
Great Falls,Week1,Vienna Woods,Week5,327.0 Vienna Woods - 75.0 Great Falls
Fox Mill Woods,Week2,Virginia Run,Week2,245.0 Fox Mill Woods - 157.0 Virginia Run
Fox Mill Woods,Week5,Virginia Hills,Week2,365.5 Fox Mill Woods - 36.5 Virginia Hills
Great Falls,Week4,Vienna Aquatic,Week2,288.0 Vienna Aquatic - 114.0 Great Falls
Fox Mill Woods,Week1,Virginia Run,Week4,243.0 Fox Mill Woods - 159.0 Virginia Run
Greenbriar,Week2,Daventry,Week1,316.0 Greenbriar - 86.0 Daventry
Fox Mill Woods,Week3,Virginia Run,Week2,248.0 Fox Mill Woods - 154.0 Virginia Run
Fox Mill Woods,Week2,Laurel Hill,Week1,298.0 Fox Mill Woods - 104.0 Laurel Hill
Fox Mill Woods,Week5,Laurel Hill,Week3,307.0 Fox Mill Woods - 95.0 Laurel Hill
Fox Mill Woods,Week1,Wakefield Chapel,Week1,234.0 Wakefield Chapel - 168.0 Fox Mill Woods
Greenbriar,Week5,Crosspointe,Week5,278.0 Crosspointe - 124.0 Greenbriar
Greenbriar,Week4,Crosspointe,Week3,270.0 Crosspointe - 132.0 Greenbriar
Great Falls,Week2,Vienna Aquatic,Week5,300.0 Vienna Aquatic - 84.0 Great Falls
Fox Mill Woods,Week4,Virginia Run,Week5,236.0 Fox Mill Woods - 166.0 Virginia Run
Great Falls,Week1,Vienna Woods,Week4,289.0 Vienna Woods - 113.0 Great Falls
Fox Mill Woods,Week3,Virginia Hills,Week3,360.0 Fox Mill Woods - 42.0 Virginia Hills
Fox Mill Woods,Week4,Laurel Hill,Week2,329.0 Fox Mill Woods - 73.0 Laurel Hill
Fox Mill Woods,Week4,Virginia Hills,Week2,374.0 Fox Mill Woods - 28.0 Virginia Hills
Fox Mill Woods,Week3,Laurel Hill,Week1,296.0 Fox Mill Woods - 106.0 Laurel Hill
Great Falls,Week4,Vienna Aquatic,Week3,292.0 Vienna Aquatic - 110.0 Great Falls
Greenbriar,Week1,Daventry,Week5,288.0 Greenbriar - 114.0 Daventry
Great Falls,Week1,Vienna Woods,Week1,299.0 Vienna Woods - 103.0 Great Falls
Fox Mill Woods,Week3,Laurel Hill,Week2,320.0 Fox Mill Woods - 82.0 Laurel Hill
Great Falls,Week2,Vienna Woods,Week1,277.0 Vienna Woods - 102.0 Great Falls
Fox Mill Woods,Week3,Laurel Hill,Week4,288.0 Fox Mill Woods - 114.0 Laurel Hill
Fox Mill Woods,Week4,Laurel Hill,Week1,310.0 Fox Mill Woods - 92.0 Laurel Hill
Great Falls,Week3,Vienna Aquatic,Week4,274.0 Vienna Aquatic - 128.0 Great Falls
Fox Mill Woods,Week4,Virginia Run,Week2,261.0 Fox Mill Woods - 141.0 Virginia Run
Greenbriar,Week3,Daventry,Week2,324.0 Greenbriar - 78.0 Daventry
Great Falls,Week4,Vienna Aquatic,Week1,295.0 Vienna Aquatic - 107.0 Great Falls
Greenbriar,Week1,Daventry,Week4,316.0 Greenbriar - 86.0 Daventry
Great Falls,Week1,Vienna Woods,Week3,313.0 Vienna Woods - 89.0 Great Falls
Fox Mill Woods,Week4,Laurel Hill,Week4,316.0 Fox Mill Woods - 86.0 Laurel Hill
Greenbriar,Week4,Crosspointe,Week5,284.0 Crosspointe - 118.0 Greenbriar
Fox Mill Woods,Week4,Laurel Hill,Week3,314.0 Fox Mill Woods - 88.0 Laurel Hill
Greenbriar,Week1,Daventry,Week1,296.0 Greenbriar - 106.0 Daventry
Greenbriar,Week1,Daventry,Week3,314.0 Greenbriar - 87.0 Daventry
Greenbriar,Week2,Daventry,Week2,323.0 Greenbriar - 79.0 Daventry
Great Falls,Week2,Vienna Woods,Week2,289.0 Vienna Woods - 95.0 Great Falls
Fox Mill Woods,Week1,Laurel Hill,Week5,277.0 Fox Mill Woods - 125.0 Laurel Hill
Fox Mill Woods,Week4,Virginia Hills,Week4,378.0 Fox Mill Woods - 24.0 Virginia Hills
Great Falls,Week3,Vienna Aquatic,Week1,272.0 Vienna Aquatic - 130.0 Great Falls
Fox Mill Woods,Week5,Virginia Hills,Week4,370.0 Fox Mill Woods - 32.0 Virginia Hills
Fox Mill Woods,Week2,Laurel Hill,Week2,329.0 Fox Mill Woods - 73.0 Laurel Hill
Great Falls,Week2,Vienna Woods,Week5,306.0 Vienna Woods - 78.0 Great Falls
Great Falls,Week2,Vienna Woods,Week4,278.0 Vienna Woods - 106.0 Great Falls
Greenbriar,Week4,Crosspointe,Week2,250.0 Crosspointe - 152.0 Greenbriar
Greenbriar,Week3,Daventry,Week5,301.0 Greenbriar - 101.0 Daventry
Greenbriar,Week1,Daventry,Week2,309.0 Greenbriar - 92.0 Daventry
Greenbriar,Week3,Daventry,Week4,328.0 Greenbriar - 74.0 Daventry
Greenbriar,Week5,Crosspointe,Week1,253.0 Crosspointe - 149.0 Greenbriar
Fox Mill Woods,Week1,Virginia Run,Week3,253.0 Fox Mill Woods - 149.0 Virginia Run
Fox Mill Woods,Week3,Virginia Hills,Week4,370.0 Fox Mill Woods - 32.0 Virginia Hills
Greenbriar,Week3,Daventry,Week1,318.0 Greenbriar - 84.0 Daventry
Fox Mill Woods,Week5,Laurel Hill,Week4,314.0 Fox Mill Woods - 88.0 Laurel Hill
Fox Mill Woods,Week5,Langley,Week5,206.0 Fox Mill Woods - 196.0 Langley
Fox Mill Woods,Week5,Laurel Hill,Week1,312.0 Fox Mill Woods - 89.0 Laurel Hill
Great Falls,Week3,Vienna Aquatic,Week3,282.0 Vienna Aquatic - 120.0 Great Falls
Fox Mill Woods,Week5,Virginia Hills,Week3,362.0 Fox Mill Woods - 40.0 Virginia Hills
Fox Mill Woods,Week4,Virginia Hills,Week5,369.0 Fox Mill Woods - 33.0 Virginia Hills
Fox Mill Woods,Week5,Langley,Week4,204.0 Fox Mill Woods - 198.0 Langley
Fox Mill Woods,Week5,Virginia Hills,Week1,361.0 Fox Mill Woods - 41.0 Virginia Hills
Greenbriar,Week3,Daventry,Week3,329.0 Greenbriar - 73.0 Daventry
Fox Mill Woods,Week2,Virginia Run,Week5,212.0 Fox Mill Woods - 190.0 Virginia Run
Great Falls,Week5,Vienna Woods,Week4,255.5 Vienna Woods - 140.5 Great Falls
Fox Mill Woods,Week4,Laurel Hill,Week5,295.0 Fox Mill Woods - 107.0 Laurel Hill
Greenbriar,Week4,Crosspointe,Week4,280.0 Crosspointe - 122.0 Greenbriar
Fox Mill Woods,Week3,Laurel Hill,Week3,304.0 Fox Mill Woods - 98.0 Laurel Hill
Fox Mill Woods,Week5,Laurel Hill,Week2,326.0 Fox Mill Woods - 75.0 Laurel Hill
Great Falls,Week1,Villa Aquatic,Week4,208.0 Villa Aquatic - 194.0 Great Falls
Great Falls,Week2,Villa Aquatic,Week2,195.0 Villa Aquatic - 189.0 Great Falls
Fox Mill Woods,Week4,Virginia Hills,Week1,368.0 Fox Mill Woods - 34.0 Virginia Hills
Great Falls,Week3,Vienna Woods,Week5,307.0 Vienna Woods - 95.0 Great Falls
Fox Mill Woods,Week1,Virginia Run,Week2,251.0 Fox Mill Woods - 151.0 Virginia Run
Greenbriar,Week4,Daventry,Week2,300.0 Greenbriar - 101.0 Daventry
Fox Mill Woods,Week4,Virginia Hills,Week3,375.0 Fox Mill Woods - 27.0 Virginia Hills
Fox Mill Woods,Week3,Laurel Hill,Week5,268.0 Fox Mill Woods - 134.0 Laurel Hill
Fox Mill Woods,Week2,Laurel Hill,Week5,277.0 Fox Mill Woods - 125.0 Laurel Hill
Fox Mill Woods,Week5,Virginia Hills,Week5,362.5 Fox Mill Woods - 39.5 Virginia Hills
Fox Mill Woods,Week1,Laurel Hill,Week2,330.0 Fox Mill Woods - 72.0 Laurel Hill
Great Falls,Week4,Vienna Woods,Week5,310.0 Vienna Woods - 92.0 Great Falls
Great Falls,Week3,Vienna Woods,Week2,277.0 Vienna Woods - 125.0 Great Falls
Great Falls,Week1,Woodley,Week4,247.0 Great Falls - 155.0 Woodley
Great Falls,Week4,Waynewood,Week4,268.0 Waynewood - 134.0 Great Falls
Fox Mill Woods,Week2,Virginia Run,Week3,245.5 Fox Mill Woods - 156.5 Virginia Run
Great Falls,Week3,Waynewood,Week4,243.0 Waynewood - 159.0 Great Falls
Great Falls,Week5,Vienna Woods,Week1,268.0 Vienna Woods - 134.0 Great Falls
Fox Mill Woods,Week1,Virginia Run,Week5,223.0 Fox Mill Woods - 179.0 Virginia Run
Greenbriar,Week5,Crosspointe,Week4,258.0 Crosspointe - 144.0 Greenbriar
Great Falls,Week5,Waynewood,Week4,238.0 Waynewood - 164.0 Great Falls
Great Falls,Week5,Vienna Woods,Week3,278.0 Vienna Woods - 124.0 Great Falls
Fox Mill Woods,Week3,Virginia Hills,Week5,352.5 Fox Mill Woods - 49.5 Virginia Hills
Great Falls,Week3,Villa Aquatic,Week4,212.0 Great Falls - 190.0 Villa Aquatic
Great Falls,Week2,Woodley,Week1,257.0 Great Falls - 127.0 Woodley
Great Falls,Week2,Woodley,Week5,230.0 Great Falls - 154.0 Woodley
Great Falls,Week3,Vienna Woods,Week1,290.0 Vienna Woods - 112.0 Great Falls
Fox Mill Woods,Week3,Virginia Run,Week3,242.0 Fox Mill Woods - 160.0 Virginia Run
Fox Mill Woods,Week2,Virginia Run,Week4,239.0 Fox Mill Woods - 163.0 Virginia Run
Great Falls,Week4,Vienna Woods,Week2,282.0 Vienna Woods - 120.0 Great Falls
Great Falls,Week4,Vienna Woods,Week3,295.0 Vienna Woods - 107.0 Great Falls
Fox Mill Woods,Week3,Virginia Run,Week5,207.0 Fox Mill Woods - 195.0 Virginia Run
Great Falls,Week2,Villa Aquatic,Week3,219.0 Villa Aquatic - 165.0 Great Falls
Great Falls,Week4,Vienna Woods,Week1,289.0 Vienna Woods - 108.0 Great Falls
Great Falls,Week3,Waynewood,Week3,259.0 Waynewood - 143.0 Great Falls
Great Falls,Week2,Vienna Woods,Week3,297.0 Vienna Woods - 87.0 Great Falls
Fox Mill Woods,Week4,Virginia Run,Week4,243.0 Fox Mill Woods - 159.0 Virginia Run
Fox Mill Woods,Week4,Virginia Run,Week1,225.0 Fox Mill Woods - 177.0 Virginia Run
Great Falls,Week3,Villa Aquatic,Week3,204.0 Great Falls - 198.0 Villa Aquatic
Great Falls,Week5,Waynewood,Week1,222.0 Waynewood - 180.0 Great Falls
Fox Mill Woods,Week5,Virginia Run,Week1,239.0 Fox Mill Woods - 163.0 Virginia Run
Great Falls,Week1,Woodley,Week3,259.0 Great Falls - 143.0 Woodley
Great Falls,Week2,Woodley,Week2,257.0 Great Falls - 127.0 Woodley
Fox Mill Woods,Week4,Virginia Run,Week3,251.0 Fox Mill Woods - 151.0 Virginia Run
Great Falls,Week4,Woodley,Week1,265.0 Great Falls - 137.0 Woodley
Fox Mill Woods,Week1,Wakefield Chapel,Week2,212.0 Wakefield Chapel - 190.0 Fox Mill Woods
Great Falls,Week2,Villa Aquatic,Week1,202.0 Great Falls - 182.0 Villa Aquatic
Great Falls,Week2,Waynewood,Week2,238.0 Waynewood - 146.0 Great Falls
Great Falls,Week2,Waynewood,Week4,244.0 Waynewood - 140.0 Great Falls
Fox Mill Woods,Week5,Virginia Run,Week3,261.0 Fox Mill Woods - 141.0 Virginia Run
Great Falls,Week3,Vienna Woods,Week3,293.0 Vienna Woods - 109.0 Great Falls
Great Falls,Week3,Waynewood,Week5,262.0 Waynewood - 140.0 Great Falls
Fox Mill Woods,Week5,Virginia Run,Week2,265.0 Fox Mill Woods - 137.0 Virginia Run
Great Falls,Week1,Villa Aquatic,Week2,205.0 Villa Aquatic - 197.0 Great Falls
Fox Mill Woods,Week1,Wakefield Chapel,Week4,203.0 Wakefield Chapel - 199.0 Fox Mill Woods
Great Falls,Week5,Waynewood,Week3,247.0 Waynewood - 155.0 Great Falls
Great Falls,Week3,Vienna Woods,Week4,273.0 Vienna Woods - 124.0 Great Falls
Great Falls,Week2,Waynewood,Week5,270.0 Waynewood - 114.0 Great Falls
Great Falls,Week5,Vienna Woods,Week5,289.0 Vienna Woods - 113.0 Great Falls
Fox Mill Woods,Week1,Wakefield Chapel,Week3,214.0 Wakefield Chapel - 188.0 Fox Mill Woods
Fox Mill Woods,Week5,Virginia Run,Week4,255.0 Fox Mill Woods - 147.0 Virginia Run
Great Falls,Week1,Villa Aquatic,Week1,212.0 Great Falls - 190.0 Villa Aquatic
Fox Mill Woods,Week5,Virginia Run,Week5,237.5 Fox Mill Woods - 164.5 Virginia Run
Great Falls,Week5,Woodley,Week2,273.0 Great Falls - 129.0 Woodley
Great Falls,Week1,Woodley,Week1,265.0 Great Falls - 137.0 Woodley
Great Falls,Week4,Vienna Woods,Week4,284.0 Vienna Woods - 113.0 Great Falls
Great Falls,Week5,Vienna Woods,Week2,258.0 Vienna Woods - 144.0 Great Falls
Fox Mill Woods,Week1,Wakefield Chapel,Week5,250.0 Wakefield Chapel - 152.0 Fox Mill Woods
Great Falls,Week5,Woodley,Week5,264.0 Great Falls - 138.0 Woodley
Great Falls,Week3,Villa Aquatic,Week1,217.0 Great Falls - 185.0 Villa Aquatic
Great Falls,Week3,Waynewood,Week2,243.0 Waynewood - 159.0 Great Falls
Great Falls,Week3,Village West,Week4,258.0 Great Falls - 139.0 Village West
Great Falls,Week2,Villa Aquatic,Week5,208.0 Villa Aquatic - 176.0 Great Falls
Great Falls,Week5,Waynewood,Week5,254.0 Waynewood - 148.0 Great Falls
Great Falls,Week2,Village West,Week2,252.0 Great Falls - 131.0 Village West
Great Falls,Week4,Waynewood,Week3,278.0 Waynewood - 124.0 Great Falls
Great Falls,Week1,Villa Aquatic,Week5,217.0 Villa Aquatic - 185.0 Great Falls
Great Falls,Week5,Waynewood,Week2,236.0 Waynewood - 166.0 Great Falls
Great Falls,Week3,Woodley,Week1,285.0 Great Falls - 116.0 Woodley
Great Falls,Week1,Village West,Week1,247.0 Great Falls - 155.0 Village West
Great Falls,Week2,Waynewood,Week3,272.0 Waynewood - 112.0 Great Falls
Great Falls,Week3,Villa Aquatic,Week2,230.0 Great Falls - 172.0 Villa Aquatic
Great Falls,Week4,Waynewood,Week1,250.0 Waynewood - 152.0 Great Falls
Great Falls,Week1,Woodley,Week2,247.0 Great Falls - 155.0 Woodley
Great Falls,Week2,Villa Aquatic,Week4,203.0 Villa Aquatic - 181.0 Great Falls
Great Falls,Week4,Villa Aquatic,Week5,206.0 Villa Aquatic - 196.0 Great Falls
Great Falls,Week1,Woodley,Week5,235.0 Great Falls - 166.0 Woodley
Great Falls,Week2,Woodley,Week3,254.0 Great Falls - 130.0 Woodley
Great Falls,Week3,Waynewood,Week1,226.0 Waynewood - 176.0 Great Falls
Great Falls,Week4,Waynewood,Week2,264.0 Waynewood - 138.0 Great Falls
Great Falls,Week3,Woodley,Week3,293.0 Great Falls - 109.0 Woodley
Great Falls,Week4,Village West,Week3,217.0 Great Falls - 183.0 Village West
Great Falls,Week2,Village West,Week4,238.0 Great Falls - 141.0 Village West
Great Falls,Week1,Villa Aquatic,Week3,217.0 Villa Aquatic - 185.0 Great Falls
Great Falls,Week4,Villa Aquatic,Week2,202.0 Great Falls - 200.0 Villa Aquatic
Great Falls,Week2,Woodley,Week4,249.0 Great Falls - 135.0 Woodley
Greenbriar,Week4,Daventry,Week5,273.0 Greenbriar - 129.0 Daventry
Great Falls,Week3,Village West,Week3,239.0 Great Falls - 163.0 Village West
Great Falls,Week4,Village West,Week2,237.0 Great Falls - 164.0 Village West
Great Falls,Week4,Waynewood,Week5,275.0 Waynewood - 127.0 Great Falls
Great Falls,Week3,Woodley,Week2,275.0 Great Falls - 127.0 Woodley
Great Falls,Week4,Village West,Week1,245.0 Great Falls - 157.0 Village West
Greenbriar,Week1,Dominion Hills,Week3,229.0 Greenbriar - 173.0 Dominion Hills
Great Falls,Week5,Old Keene Mill,Week5,234.0 Great Falls - 166.0 Old Keene Mill
Great Falls,Week5,Villa Aquatic,Week1,227.0 Great Falls - 175.0 Villa Aquatic
Greenbriar,Week5,Daventry,Week4,320.0 Greenbriar - 82.0 Daventry
Great Falls,Week4,Woodley,Week2,253.0 Great Falls - 149.0 Woodley
Great Falls,Week4,Villa Aquatic,Week3,224.5 Villa Aquatic - 177.5 Great Falls
Great Falls,Week4,Woodley,Week5,247.0 Great Falls - 155.0 Woodley
Great Falls,Week4,Village West,Week4,229.0 Great Falls - 167.0 Village West
Greenbriar,Week5,Daventry,Week5,291.0 Greenbriar - 111.0 Daventry
Great Falls,Week2,Old Keene Mill,Week1,251.0 Great Falls - 133.0 Old Keene Mill
Great Falls,Week5,Villa Aquatic,Week3,205.0 Great Falls - 197.0 Villa Aquatic
Greenbriar,Week2,Dominion Hills,Week4,215.0 Greenbriar - 187.0 Dominion Hills
Great Falls,Week5,Woodley,Week1,276.0 Great Falls - 125.0 Woodley
Great Falls,Week3,Woodley,Week5,267.0 Great Falls - 135.0 Woodley
Greenbriar,Week4,Dominion Hills,Week3,204.0 Dominion Hills - 198.0 Greenbriar
Greenbriar,Week3,Dominion Hills,Week3,243.0 Greenbriar - 159.0 Dominion Hills
Great Falls,Week1,Village West,Week2,239.0 Great Falls - 161.0 Village West
Greenbriar,Week4,Dominion Hills,Week4,223.0 Dominion Hills - 179.0 Greenbriar
Greenbriar,Week5,Dominion Hills,Week4,202.0 Greenbriar - 200.0 Dominion Hills
Great Falls,Week4,Woodley,Week4,263.0 Great Falls - 138.0 Woodley
Greenbriar,Week1,Dominion Hills,Week2,217.0 Greenbriar - 185.0 Dominion Hills
Great Falls,Week3,Woodley,Week4,285.0 Great Falls - 117.0 Woodley
Great Falls,Week4,Village West,Week5,232.0 Great Falls - 168.0 Village West
Great Falls,Week5,Woodley,Week3,276.0 Great Falls - 126.0 Woodley
Great Falls,Week2,Village West,Week3,224.5 Great Falls - 159.5 Village West
Great Falls,Week1,Village West,Week3,222.0 Great Falls - 179.0 Village West
Great Falls,Week4,Woodley,Week3,260.0 Great Falls - 142.0 Woodley
Great Falls,Week5,Old Keene Mill,Week1,255.0 Great Falls - 147.0 Old Keene Mill
Greenbriar,Week3,Annandale,Week2,271.0 Greenbriar - 131.0 Annandale
Greenbriar,Week1,Annandale,Week2,267.0 Greenbriar - 135.0 Annandale
Great Falls,Week2,Village West,Week5,240.0 Great Falls - 144.0 Village West
Great Falls,Week5,Villa Aquatic,Week5,206.0 Villa Aquatic - 196.0 Great Falls
Great Falls,Week1,Old Keene Mill,Week4,250.0 Great Falls - 152.0 Old Keene Mill
Great Falls,Week5,Old Keene Mill,Week4,283.0 Great Falls - 118.0 Old Keene Mill
Great Falls,Week2,Orange Hunt,Week2,206.0 Orange Hunt - 178.0 Great Falls
Great Falls,Week4,Old Keene Mill,Week1,241.0 Great Falls - 160.0 Old Keene Mill
Greenbriar,Week3,Dominion Hills,Week4,219.0 Greenbriar - 183.0 Dominion Hills
Great Falls,Week3,Village West,Week1,275.0 Great Falls - 127.0 Village West
Great Falls,Week4,Villa Aquatic,Week1,212.0 Great Falls - 190.0 Villa Aquatic
Greenbriar,Week2,Dominion Hills,Week2,239.0 Greenbriar - 163.0 Dominion Hills
Great Falls,Week1,Old Keene Mill,Week2,235.0 Great Falls - 167.0 Old Keene Mill
Greenbriar,Week1,Dominion Hills,Week4,204.0 Dominion Hills - 198.0 Greenbriar
Greenbriar,Week2,Dominion Hills,Week3,242.0 Greenbriar - 160.0 Dominion Hills
Greenbriar,Week1,Dominion Hills,Week5,217.0 Dominion Hills - 185.0 Greenbriar
Greenbriar,Week1,Annandale,Week3,266.0 Greenbriar - 136.0 Annandale
Great Falls,Week4,Villa Aquatic,Week4,202.0 Great Falls - 200.0 Villa Aquatic
Great Falls,Week5,Villa Aquatic,Week4,213.0 Great Falls - 189.0 Villa Aquatic
Greenbriar,Week1,Annandale,Week5,275.0 Greenbriar - 127.0 Annandale
Greenbriar,Week4,Annandale,Week2,244.0 Greenbriar - 158.0 Annandale
Greenbriar,Week2,Annandale,Week5,294.0 Greenbriar - 108.0 Annandale
Great Falls,Week3,Old Keene Mill,Week4,293.0 Great Falls - 109.0 Old Keene Mill
Great Falls,Week1,Village West,Week5,228.0 Great Falls - 173.0 Village West
Greenbriar,Week5,Dominion Hills,Week3,227.0 Greenbriar - 175.0 Dominion Hills
Great Falls,Week4,Old Keene Mill,Week4,262.0 Great Falls - 140.0 Old Keene Mill
Greenbriar,Week3,Dominion Hills,Week1,240.0 Greenbriar - 162.0 Dominion Hills
Great Falls,Week5,Woodley,Week4,275.0 Great Falls - 127.0 Woodley
Great Falls,Week1,Village West,Week4,228.0 Great Falls - 168.0 Village West
Great Falls,Week3,Old Keene Mill,Week2,268.0 Great Falls - 134.0 Old Keene Mill
Greenbriar,Week5,Daventry,Week2,313.0 Greenbriar - 89.0 Daventry
Great Falls,Week2,Old Keene Mill,Week2,227.0 Great Falls - 157.0 Old Keene Mill
Greenbriar,Week2,Dominion Hills,Week1,235.0 Greenbriar - 167.0 Dominion Hills
Great Falls,Week3,Villa Aquatic,Week5,206.0 Great Falls - 196.0 Villa Aquatic
Greenbriar,Week1,Annandale,Week4,289.0 Greenbriar - 113.0 Annandale
Greenbriar,Week3,Annandale,Week4,293.0 Greenbriar - 109.0 Annandale
Greenbriar,Week4,Annandale,Week3,249.0 Greenbriar - 153.0 Annandale
Great Falls,Week5,Villa Aquatic,Week2,226.0 Great Falls - 176.0 Villa Aquatic
Great Falls,Week5,Oakton ,Week5,248.0 Oakton - 154.0 Great Falls
Greenbriar,Week4,Annandale,Week4,268.0 Greenbriar - 134.0 Annandale
Great Falls,Week5,Virginia Hills,Week1,308.0 Great Falls - 91.0 Virginia Hills
Great Falls,Week2,Old Keene Mill,Week4,239.0 Great Falls - 145.0 Old Keene Mill
Great Falls,Week3,Virginia Hills,Week3,330.0 Great Falls - 72.0 Virginia Hills
Greenbriar,Week4,Annandale,Week5,254.0 Greenbriar - 148.0 Annandale
Greenbriar,Week3,Dominion Hills,Week5,209.0 Dominion Hills - 193.0 Greenbriar
Great Falls,Week5,Old Keene Mill,Week2,261.0 Great Falls - 140.0 Old Keene Mill
Great Falls,Week4,Old Keene Mill,Week3,241.0 Great Falls - 161.0 Old Keene Mill
Great Falls,Week3,Old Keene Mill,Week3,277.0 Great Falls - 125.0 Old Keene Mill
Greenbriar,Week4,Dominion Hills,Week1,201.0 Dominion Hills - 201.0 Greenbriar
Great Falls,Week3,Village West,Week5,260.0 Great Falls - 141.0 Village West
Great Falls,Week2,Old Keene Mill,Week3,228.0 Great Falls - 156.0 Old Keene Mill
Greenbriar,Week4,Dominion Hills,Week5,238.0 Dominion Hills - 164.0 Greenbriar
Greenbriar,Week5,Daventry,Week3,318.0 Greenbriar - 82.0 Daventry
Greenbriar,Week3,Annandale,Week5,273.0 Greenbriar - 129.0 Annandale
Greenbriar,Week4,Annandale,Week1,257.0 Greenbriar - 145.0 Annandale
Greenbriar,Week2,Annandale,Week1,303.0 Greenbriar - 99.0 Annandale
Great Falls,Week1,Old Keene Mill,Week1,245.0 Great Falls - 156.0 Old Keene Mill
Greenbriar,Week1,Dominion Hills,Week1,213.0 Greenbriar - 189.0 Dominion Hills
Greenbriar,Week2,Annandale,Week2,279.0 Greenbriar - 123.0 Annandale
Greenbriar,Week2,Dominion Hills,Week5,208.0 Greenbriar - 194.0 Dominion Hills
Greenbriar,Week3,Dominion Hills,Week2,232.0 Greenbriar - 170.0 Dominion Hills
Great Falls,Week2,Village West,Week1,255.0 Great Falls - 129.0 Village West
Greenbriar,Week4,Daventry,Week4,311.0 Greenbriar - 91.0 Daventry
Great Falls,Week4,Old Keene Mill,Week2,241.0 Great Falls - 161.0 Old Keene Mill
Greenbriar,Week5,Daventry,Week1,308.0 Greenbriar - 94.0 Daventry
Great Falls,Week5,Village West,Week5,257.0 Great Falls - 140.0 Village West
Great Falls,Week2,Virginia Hills,Week2,310.0 Great Falls - 73.0 Virginia Hills
Greenbriar,Week1,Annandale,Week1,294.0 Greenbriar - 108.0 Annandale
Great Falls,Week3,Village West,Week2,271.0 Great Falls - 131.0 Village West
Greenbriar,Week2,Annandale,Week4,299.0 Greenbriar - 103.0 Annandale
Great Falls,Week3,Old Keene Mill,Week5,248.0 Great Falls - 154.0 Old Keene Mill
Great Falls,Week5,Village West,Week1,265.0 Great Falls - 136.0 Village West
Greenbriar,Week3,Annandale,Week1,294.0 Greenbriar - 108.0 Annandale
Great Falls,Week5,Old Keene Mill,Week3,266.0 Great Falls - 135.0 Old Keene Mill
Greenbriar,Week2,Annandale,Week3,285.0 Greenbriar - 117.0 Annandale
Greenbriar,Week2,Donaldson Run,Week1,229.0 Donaldson Run - 173.0 Greenbriar
Great Falls,Week4,Virginia Hills,Week2,302.0 Great Falls - 96.0 Virginia Hills
Greenbriar,Week3,Arlington Forest,Week3,223.0 Greenbriar - 179.0 Arlington Forest
Great Falls,Week1,Old Keene Mill,Week5,215.0 Great Falls - 186.0 Old Keene Mill
Greenbriar,Week1,Arlington Forest,Week1,204.0 Arlington Forest - 198.0 Greenbriar
Great Falls,Week1,Virginia Hills,Week3,296.0 Great Falls - 105.0 Virginia Hills
Great Falls,Week5,Village West,Week4,246.0 Great Falls - 149.0 Village West
Great Falls,Week3,Old Keene Mill,Week1,282.0 Great Falls - 120.0 Old Keene Mill
Greenbriar,Week5,Dominion Hills,Week1,231.0 Greenbriar - 171.0 Dominion Hills
Great Falls,Week1,Virginia Hills,Week5,277.0 Great Falls - 125.0 Virginia Hills
Fox Mill Woods,Week4,Lakevale Estates,Week4,231.5 Lakevale Estates - 170.5 Fox Mill Woods
Greenbriar,Week1,Arlington Forest,Week2,208.0 Greenbriar - 194.0 Arlington Forest
Great Falls,Week3,Virginia Hills,Week4,326.0 Great Falls - 76.0 Virginia Hills
Great Falls,Week1,Old Keene Mill,Week3,229.0 Great Falls - 173.0 Old Keene Mill
Greenbriar,Week4,Donaldson Run,Week3,264.0 Donaldson Run - 138.0 Greenbriar
Great Falls,Week2,Old Keene Mill,Week5,204.0 Great Falls - 179.0 Old Keene Mill
Great Falls,Week2,Virginia Hills,Week4,306.0 Great Falls - 78.0 Virginia Hills
Great Falls,Week1,Orange Hunt,Week1,212.0 Orange Hunt - 190.0 Great Falls
Greenbriar,Week4,Dominion Hills,Week2,201.5 Greenbriar - 200.5 Dominion Hills
Greenbriar,Week3,Annandale,Week3,276.0 Greenbriar - 126.0 Annandale
Great Falls,Week4,Old Keene Mill,Week5,224.0 Great Falls - 177.0 Old Keene Mill
Greenbriar,Week1,Donaldson Run,Week3,256.0 Donaldson Run - 146.0 Greenbriar
Great Falls,Week1,Virginia Hills,Week1,298.0 Great Falls - 103.0 Virginia Hills
Greenbriar,Week5,Dominion Hills,Week2,232.0 Greenbriar - 170.0 Dominion Hills
Greenbriar,Week5,Arlington Forest,Week2,212.0 Greenbriar - 190.0 Arlington Forest
Greenbriar,Week3,Arlington Forest,Week2,224.0 Greenbriar - 178.0 Arlington Forest
Greenbriar,Week2,Arlington Forest,Week3,248.0 Greenbriar - 154.0 Arlington Forest
Greenbriar,Week1,Donaldson Run,Week5,280.0 Donaldson Run - 122.0 Greenbriar
Great Falls,Week2,Overlee,Week5,342.0 Overlee - 42.0 Great Falls
Greenbriar,Week4,Arlington Forest,Week3,211.0 Greenbriar - 191.0 Arlington Forest
Greenbriar,Week5,Annandale,Week2,264.0 Greenbriar - 138.0 Annandale
Greenbriar,Week4,Donaldson Run,Week5,288.0 Donaldson Run - 114.0 Greenbriar
Greenbriar,Week2,Donaldson Run,Week4,249.0 Donaldson Run - 153.0 Greenbriar
Greenbriar,Week5,Donaldson Run,Week4,243.0 Donaldson Run - 159.0 Greenbriar
Great Falls,Week1,Orange Hunt,Week2,233.0 Orange Hunt - 169.0 Great Falls
Great Falls,Week2,Virginia Hills,Week1,307.0 Great Falls - 77.0 Virginia Hills
Greenbriar,Week5,Annandale,Week5,271.0 Greenbriar - 130.0 Annandale
Greenbriar,Week4,Donaldson Run,Week1,259.0 Donaldson Run - 143.0 Greenbriar
Great Falls,Week3,Virginia Hills,Week5,310.0 Great Falls - 92.0 Virginia Hills
Greenbriar,Week5,Annandale,Week3,256.0 Greenbriar - 146.0 Annandale
Great Falls,Week5,Village West,Week3,241.0 Great Falls - 157.0 Village West
Great Falls,Week4,Virginia Hills,Week1,292.0 Great Falls - 110.0 Virginia Hills
Greenbriar,Week1,Donaldson Run,Week1,244.0 Donaldson Run - 158.0 Greenbriar
Great Falls,Week3,Orange Hunt,Week3,215.0 Orange Hunt - 187.0 Great Falls
Greenbriar,Week2,Dowden Terrace,Week2,222.0 Greenbriar - 180.0 Dowden Terrace
Great Falls,Week3,Virginia Hills,Week1,324.0 Great Falls - 78.0 Virginia Hills
Fox Mill Woods,Week4,Lakevale Estates,Week5,238.0 Lakevale Estates - 164.0 Fox Mill Woods
Great Falls,Week3,Virginia Hills,Week2,328.0 Great Falls - 74.0 Virginia Hills
Great Falls,Week1,Virginia Hills,Week2,304.0 Great Falls - 92.0 Virginia Hills
Great Falls,Week3,Orange Hunt,Week1,214.0 Great Falls - 188.0 Orange Hunt
Great Falls,Week1,Orange Hunt,Week3,219.0 Orange Hunt - 183.0 Great Falls
Greenbriar,Week5,Annandale,Week1,271.5 Greenbriar - 130.5 Annandale
Great Falls,Week1,Orange Hunt,Week5,248.0 Orange Hunt - 154.0 Great Falls
Great Falls,Week2,Orange Hunt,Week1,193.0 Orange Hunt - 191.0 Great Falls
Great Falls,Week1,Virginia Hills,Week4,303.0 Great Falls - 99.0 Virginia Hills
Great Falls,Week3,Overlee,Week2,302.0 Overlee - 100.0 Great Falls
Great Falls,Week1,Orange Hunt,Week4,215.0 Orange Hunt - 187.0 Great Falls
Greenbriar,Week1,Arlington Forest,Week3,216.0 Greenbriar - 186.0 Arlington Forest
Greenbriar,Week3,Donaldson Run,Week1,245.0 Donaldson Run - 157.0 Greenbriar
Great Falls,Week4,Virginia Hills,Week4,299.0 Great Falls - 102.0 Virginia Hills
Greenbriar,Week1,Arlington Forest,Week5,229.0 Arlington Forest - 173.0 Greenbriar
Great Falls,Week1,Bren Mar-Edsall Park,Week4,303.0 Great Falls - 89.0 Bren Mar-Edsall Park
Greenbriar,Week3,Donaldson Run,Week5,281.0 Donaldson Run - 121.0 Greenbriar
Greenbriar,Week1,Dowden Terrace,Week3,210.0 Greenbriar - 192.0 Dowden Terrace
Great Falls,Week2,Virginia Hills,Week5,288.0 Great Falls - 96.0 Virginia Hills
Greenbriar,Week5,Annandale,Week4,288.0 Greenbriar - 113.0 Annandale
Great Falls,Week4,Virginia Hills,Week5,293.0 Great Falls - 108.0 Virginia Hills
Greenbriar,Week3,Arlington Forest,Week1,202.0 Greenbriar - 200.0 Arlington Forest
Great Falls,Week2,Virginia Hills,Week3,308.0 Great Falls - 76.0 Virginia Hills
Greenbriar,Week2,Arlington Forest,Week5,216.0 Arlington Forest - 186.0 Greenbriar
Great Falls,Week4,Virginia Run,Week4,223.0 Virginia Run - 179.0 Great Falls
Great Falls,Week5,Orange Hunt,Week1,207.0 Great Falls - 195.0 Orange Hunt
Greenbriar,Week2,Donaldson Run,Week3,242.0 Donaldson Run - 160.0 Greenbriar
Great Falls,Week2,Bren Mar-Edsall Park,Week4,322.0 Great Falls - 60.0 Bren Mar-Edsall Park
Greenbriar,Week4,Arlington Forest,Week4,247.0 Arlington Forest - 155.0 Greenbriar
Great Falls,Week4,Orange Hunt,Week2,236.0 Orange Hunt - 166.0 Great Falls
Greenbriar,Week4,Donaldson Run,Week4,269.0 Donaldson Run - 133.0 Greenbriar
Great Falls,Week2,Orange Hunt,Week3,197.0 Great Falls - 187.0 Orange Hunt
Great Falls,Week4,Virginia Hills,Week3,301.0 Great Falls - 101.0 Virginia Hills
Greenbriar,Week2,Donaldson Run,Week2,234.5 Donaldson Run - 167.5 Greenbriar
Greenbriar,Week5,Dominion Hills,Week5,217.0 Dominion Hills - 185.0 Greenbriar
Great Falls,Week3,Brandywine,Week5,224.5 Brandywine - 177.5 Great Falls
Great Falls,Week3,Bren Mar-Edsall Park,Week2,354.0 Great Falls - 42.0 Bren Mar-Edsall Park
Great Falls,Week5,Village West,Week2,258.5 Great Falls - 141.5 Village West
Great Falls,Week4,Orange Hunt,Week3,237.0 Orange Hunt - 165.0 Great Falls
Greenbriar,Week3,Donaldson Run,Week3,251.0 Donaldson Run - 151.0 Greenbriar
Great Falls,Week2,Bren Mar-Edsall Park,Week1,331.0 Great Falls - 52.0 Bren Mar-Edsall Park
Great Falls,Week3,Brandywine,Week1,210.0 Great Falls - 192.0 Brandywine
Great Falls,Week5,Virginia Hills,Week3,314.0 Great Falls - 87.0 Virginia Hills
Great Falls,Week2,Brandywine,Week4,211.0 Brandywine - 173.0 Great Falls
Greenbriar,Week2,Arlington Forest,Week1,220.0 Greenbriar - 182.0 Arlington Forest
Great Falls,Week3,Orange Hunt,Week2,220.0 Orange Hunt - 182.0 Great Falls
Great Falls,Week1,Overlee,Week2,350.0 Overlee - 52.0 Great Falls
Great Falls,Week2,Bren Mar-Edsall Park,Week3,327.0 Great Falls - 56.0 Bren Mar-Edsall Park
Great Falls,Week2,Orange Hunt,Week4,197.0 Orange Hunt - 187.0 Great Falls
Greenbriar,Week1,Arlington Forest,Week4,222.0 Arlington Forest - 180.0 Greenbriar
Greenbriar,Week5,Donaldson Run,Week1,232.0 Donaldson Run - 170.0 Greenbriar
Greenbriar,Week5,Arlington Forest,Week1,208.0 Greenbriar - 194.0 Arlington Forest
Greenbriar,Week3,Donaldson Run,Week2,253.5 Donaldson Run - 148.5 Greenbriar
Great Falls,Week3,Brandywine,Week4,202.0 Brandywine - 200.0 Great Falls
Great Falls,Week4,Orange Hunt,Week1,221.0 Orange Hunt - 180.0 Great Falls
Great Falls,Week1,Overlee,Week1,326.0 Overlee - 76.0 Great Falls
Greenbriar,Week1,Donaldson Run,Week4,259.5 Donaldson Run - 142.5 Greenbriar
Great Falls,Week4,Brandywine,Week5,210.0 Brandywine - 192.0 Great Falls
Greenbriar,Week3,Arlington Forest,Week4,217.0 Arlington Forest - 185.0 Greenbriar
Great Falls,Week2,Virginia Run,Week3,205.0 Virginia Run - 179.0 Great Falls
Greenbriar,Week4,Arlington Forest,Week5,252.0 Arlington Forest - 150.0 Greenbriar
Greenbriar,Week1,Dowden Terrace,Week2,207.0 Dowden Terrace - 195.0 Greenbriar
Great Falls,Week1,Virginia Run,Week3,245.0 Virginia Run - 157.0 Great Falls
Great Falls,Week4,Brandywine,Week2,208.0 Great Falls - 194.0 Brandywine
Greenbriar,Week3,Donaldson Run,Week4,274.0 Donaldson Run - 128.0 Greenbriar
Greenbriar,Week2,Arlington Forest,Week4,202.0 Greenbriar - 200.0 Arlington Forest
Greenbriar,Week2,Arlington Forest,Week2,230.0 Greenbriar - 172.0 Arlington Forest
Great Falls,Week5,Orange Hunt,Week3,207.0 Orange Hunt - 195.0 Great Falls
Great Falls,Week3,Virginia Run,Week3,215.0 Virginia Run - 187.0 Great Falls
Great Falls,Week2,Overlee,Week2,315.0 Overlee - 69.0 Great Falls
Great Falls,Week2,Virginia Run,Week1,231.0 Virginia Run - 153.0 Great Falls
Great Falls,Week5,Brandywine,Week5,202.0 Great Falls - 200.0 Brandywine
Greenbriar,Week3,Arlington Forest,Week5,222.0 Arlington Forest - 180.0 Greenbriar
Greenbriar,Week4,Donaldson Run,Week2,255.0 Donaldson Run - 147.0 Greenbriar
Great Falls,Week3,Orange Hunt,Week4,209.0 Orange Hunt - 193.0 Great Falls
Greenbriar,Week1,Donaldson Run,Week2,238.0 Donaldson Run - 164.0 Greenbriar
Greenbriar,Week4,Arlington Forest,Week1,239.0 Arlington Forest - 163.0 Greenbriar
Great Falls,Week4,Virginia Run,Week1,248.0 Virginia Run - 154.0 Great Falls
Great Falls,Week5,Brandywine,Week3,201.0 Brandywine - 197.0 Great Falls
Great Falls,Week4,Brandywine,Week4,203.0 Brandywine - 199.0 Great Falls
Great Falls,Week1,Virginia Run,Week5,269.0 Virginia Run - 133.0 Great Falls
Great Falls,Week2,Virginia Run,Week2,215.0 Virginia Run - 169.0 Great Falls
Great Falls,Week1,Virginia Run,Week4,249.0 Virginia Run - 153.0 Great Falls
Great Falls,Week5,Brandywine,Week4,215.0 Great Falls - 187.0 Brandywine
Greenbriar,Week5,Donaldson Run,Week2,237.0 Donaldson Run - 165.0 Greenbriar
Great Falls,Week5,Virginia Hills,Week4,321.0 Great Falls - 79.0 Virginia Hills
Great Falls,Week4,Brandywine,Week3,209.0 Brandywine - 192.0 Great Falls
Great Falls,Week5,Virginia Hills,Week2,311.0 Great Falls - 84.0 Virginia Hills
Greenbriar,Week2,Donaldson Run,Week5,257.0 Donaldson Run - 145.0 Greenbriar
Great Falls,Week1,Overlee,Week4,364.0 Overlee - 38.0 Great Falls
Great Falls,Week4,Orange Hunt,Week5,242.0 Orange Hunt - 160.0 Great Falls
Greenbriar,Week5,Donaldson Run,Week3,242.0 Donaldson Run - 160.0 Greenbriar
Greenbriar,Week1,Dowden Terrace,Week4,210.0 Dowden Terrace - 192.0 Greenbriar
Great Falls,Week2,Orange Hunt,Week5,211.0 Orange Hunt - 173.0 Great Falls
Greenbriar,Week1,Dowden Terrace,Week1,205.0 Greenbriar - 196.0 Dowden Terrace
Great Falls,Week5,Virginia Hills,Week5,299.0 Great Falls - 102.0 Virginia Hills
Greenbriar,Week4,Arlington Forest,Week2,228.0 Arlington Forest - 174.0 Greenbriar
Great Falls,Week1,Virginia Run,Week2,241.0 Virginia Run - 161.0 Great Falls
Greenbriar,Week1,Dowden Terrace,Week5,227.0 Dowden Terrace - 175.0 Greenbriar
Greenbriar,Week5,Brandywine,Week1,222.0 Greenbriar - 180.0 Brandywine
Great Falls,Week2,Overlee,Week1,313.0 Overlee - 71.0 Great Falls
Greenbriar,Week3,Brandywine,Week3,220.0 Greenbriar - 182.0 Brandywine
Great Falls,Week1,Overlee,Week3,339.0 Overlee - 63.0 Great Falls
Great Falls,Week5,Brandywine,Week2,215.0 Great Falls - 187.0 Brandywine
Great Falls,Week1,Virginia Run,Week1,262.0 Virginia Run - 140.0 Great Falls
Great Falls,Week3,Brandywine,Week2,209.0 Great Falls - 193.0 Brandywine
Greenbriar,Week5,Brandywine,Week2,219.0 Greenbriar - 182.0 Brandywine
Great Falls,Week2,Brandywine,Week3,204.0 Brandywine - 179.0 Great Falls
Greenbriar,Week1,Brandywine,Week3,209.0 Greenbriar - 192.0 Brandywine
Great Falls,Week1,Overlee,Week5,363.0 Overlee - 39.0 Great Falls
Great Falls,Week4,Orange Hunt,Week4,228.0 Orange Hunt - 173.0 Great Falls
Greenbriar,Week5,Donaldson Run,Week5,253.0 Donaldson Run - 149.0 Greenbriar
Great Falls,Week4,Brandywine,Week1,209.0 Great Falls - 193.0 Brandywine
Greenbriar,Week1,Bren Mar-Edsall Park,Week1,366.0 Greenbriar - 36.0 Bren Mar-Edsall Park
Great Falls,Week5,Orange Hunt,Week4,206.0 Great Falls - 195.0 Orange Hunt
Greenbriar,Week2,Brandywine,Week2,223.0 Greenbriar - 179.0 Brandywine
Great Falls,Week2,Brandywine,Week2,198.0 Brandywine - 186.0 Great Falls
Great Falls,Week3,Virginia Run,Week4,210.0 Virginia Run - 192.0 Great Falls
Great Falls,Week3,Virginia Run,Week2,202.0 Virginia Run - 200.0 Great Falls
Great Falls,Week2,Virginia Run,Week5,245.0 Virginia Run - 139.0 Great Falls
Great Falls,Week3,Brandywine,Week3,202.0 Great Falls - 196.0 Brandywine
Great Falls,Week5,Orange Hunt,Week5,221.0 Orange Hunt - 181.0 Great Falls
Great Falls,Week3,Virginia Run,Week5,228.0 Virginia Run - 174.0 Great Falls
Greenbriar,Week5,Dowden Terrace,Week4,203.0 Greenbriar - 199.0 Dowden Terrace
Great Falls,Week1,Bren Mar-Edsall Park,Week3,313.0 Great Falls - 84.0 Bren Mar-Edsall Park
Great Falls,Week2,Brandywine,Week5,224.5 Brandywine - 159.5 Great Falls
Great Falls,Week4,Virginia Run,Week2,219.0 Virginia Run - 178.0 Great Falls
Great Falls,Week5,Brandywine,Week1,220.5 Great Falls - 181.5 Brandywine
Great Falls,Week3,Virginia Run,Week1,223.0 Virginia Run - 179.0 Great Falls
Greenbriar,Week4,Dowden Terrace,Week3,203.0 Dowden Terrace - 199.0 Greenbriar
Greenbriar,Week2,Dunn Loring,Week2,247.5 Dunn Loring - 154.5 Greenbriar
Greenbriar,Week1,Brandywine,Week5,211.0 Brandywine - 191.0 Greenbriar
Great Falls,Week1,Bren Mar-Edsall Park,Week1,311.0 Great Falls - 85.0 Bren Mar-Edsall Park
Great Falls,Week3,Overlee,Week1,304.0 Overlee - 98.0 Great Falls
Greenbriar,Week3,Brandywine,Week5,212.0 Brandywine - 190.0 Greenbriar
Great Falls,Week5,Orange Hunt,Week2,207.0 Orange Hunt - 195.0 Great Falls
Greenbriar,Week5,Arlington Forest,Week4,217.0 Arlington Forest - 185.0 Greenbriar
Greenbriar,Week3,Dowden Terrace,Week1,234.0 Greenbriar - 168.0 Dowden Terrace
Great Falls,Week2,Virginia Run,Week4,213.0 Virginia Run - 171.0 Great Falls
Great Falls,Week2,Overlee,Week3,313.0 Overlee - 71.0 Great Falls
Great Falls,Week2,Overlee,Week4,338.0 Overlee - 46.0 Great Falls
Greenbriar,Week1,Dunn Loring,Week5,270.0 Dunn Loring - 132.0 Greenbriar
Greenbriar,Week1,Brandywine,Week1,225.0 Greenbriar - 177.0 Brandywine
Great Falls,Week1,Bren Mar-Edsall Park,Week2,330.0 Great Falls - 63.0 Bren Mar-Edsall Park
Great Falls,Week1,Bren Mar-Edsall Park,Week5,303.0 Great Falls - 88.0 Bren Mar-Edsall Park
Great Falls,Week3,Overlee,Week3,305.0 Overlee - 97.0 Great Falls
Great Falls,Week3,Orange Hunt,Week5,225.0 Orange Hunt - 177.0 Great Falls
Greenbriar,Week2,Dowden Terrace,Week1,240.0 Greenbriar - 162.0 Dowden Terrace
Greenbriar,Week5,Dowden Terrace,Week5,220.0 Dowden Terrace - 182.0 Greenbriar
Greenbriar,Week2,Brandywine,Week3,231.0 Greenbriar - 171.0 Brandywine
Greenbriar,Week4,Brandywine,Week5,236.0 Brandywine - 166.0 Greenbriar
Greenbriar,Week5,Brandywine,Week5,220.0 Brandywine - 182.0 Greenbriar
Great Falls,Week2,Brookfield ,Week3,203.5 Great Falls - 180.5 Brookfield
Great Falls,Week2,Bren Mar-Edsall Park,Week5,314.0 Great Falls - 69.0 Bren Mar-Edsall Park
Great Falls,Week1,Langley,Week4,283.5 Langley - 118.5 Great Falls
Great Falls,Week2,Langley,Week5,247.0 Langley - 132.0 Great Falls
Greenbriar,Week4,Dowden Terrace,Week5,252.0 Dowden Terrace - 150.0 Greenbriar
Greenbriar,Week3,Dowden Terrace,Week2,212.0 Greenbriar - 190.0 Dowden Terrace
Great Falls,Week5,Virginia Run,Week4,209.0 Virginia Run - 193.0 Great Falls
Greenbriar,Week5,Arlington Forest,Week5,218.0 Arlington Forest - 184.0 Greenbriar
Greenbriar,Week4,Dowden Terrace,Week1,204.0 Dowden Terrace - 197.0 Greenbriar
Great Falls,Week1,Wakefield Chapel,Week1,306.0 Wakefield Chapel - 91.0 Great Falls
Great Falls,Week3,Langley,Week1,256.0 Langley - 146.0 Great Falls
Great Falls,Week5,Virginia Run,Week3,210.0 Virginia Run - 192.0 Great Falls
Greenbriar,Week2,Brandywine,Week5,212.0 Greenbriar - 190.0 Brandywine
Great Falls,Week3,Bren Mar-Edsall Park,Week1,342.0 Great Falls - 59.0 Bren Mar-Edsall Park
Great Falls,Week4,Virginia Run,Week3,227.0 Virginia Run - 175.0 Great Falls
Greenbriar,Week1,Dunn Loring,Week3,268.0 Dunn Loring - 134.0 Greenbriar
Greenbriar,Week2,Dowden Terrace,Week5,210.0 Dowden Terrace - 192.0 Greenbriar
Greenbriar,Week5,Arlington Forest,Week3,226.0 Greenbriar - 176.0 Arlington Forest
Great Falls,Week2,Bren Mar-Edsall Park,Week2,332.0 Great Falls - 51.0 Bren Mar-Edsall Park
Greenbriar,Week1,Brandywine,Week2,216.0 Greenbriar - 186.0 Brandywine
Greenbriar,Week3,Brandywine,Week4,202.5 Greenbriar - 199.5 Brandywine
Greenbriar,Week3,Dowden Terrace,Week4,208.0 Greenbriar - 194.0 Dowden Terrace
Great Falls,Week1,Brookfield ,Week5,217.0 Brookfield - 185.0 Great Falls
Great Falls,Week1,Laurel Hill,Week3,237.0 Great Falls - 164.0 Laurel Hill
Great Falls,Week4,Langley,Week5,261.0 Langley - 136.0 Great Falls
Greenbriar,Week2,Brandywine,Week4,219.0 Greenbriar - 183.0 Brandywine
Great Falls,Week4,Virginia Run,Week5,239.0 Virginia Run - 163.0 Great Falls
Great Falls,Week1,Wakefield Chapel,Week2,310.0 Wakefield Chapel - 92.0 Great Falls
Greenbriar,Week4,Brandywine,Week2,211.0 Greenbriar - 191.0 Brandywine
Great Falls,Week1,Langley,Week3,285.0 Langley - 117.0 Great Falls
Great Falls,Week2,Wakefield Chapel,Week2,283.0 Wakefield Chapel - 101.0 Great Falls
Great Falls,Week3,Brookfield ,Week5,216.0 Great Falls - 186.0 Brookfield
Great Falls,Week3,Langley,Week4,262.0 Langley - 140.0 Great Falls
Great Falls,Week2,Wakefield Chapel,Week1,292.0 Wakefield Chapel - 92.0 Great Falls
Great Falls,Week1,Wakefield Chapel,Week5,318.0 Wakefield Chapel - 84.0 Great Falls
Great Falls,Week5,Virginia Run,Week1,224.0 Virginia Run - 178.0 Great Falls
Greenbriar,Week4,Brandywine,Week3,204.0 Greenbriar - 198.0 Brandywine
Greenbriar,Week4,Brandywine,Week1,201.0 Brandywine - 201.0 Greenbriar
Great Falls,Week4,Langley,Week4,274.0 Langley - 128.0 Great Falls
Great Falls,Week5,Bren Mar-Edsall Park,Week5,317.0 Great Falls - 71.0 Bren Mar-Edsall Park
Great Falls,Week1,Langley,Week2,281.0 Langley - 120.0 Great Falls
Great Falls,Week5,Bren Mar-Edsall Park,Week4,316.0 Great Falls - 76.0 Bren Mar-Edsall Park
Great Falls,Week3,Brookfield ,Week1,202.0 Brookfield - 200.0 Great Falls
Great Falls,Week1,Wakefield Chapel,Week4,298.0 Wakefield Chapel - 104.0 Great Falls
Great Falls,Week2,Langley,Week1,267.0 Langley - 117.0 Great Falls
Greenbriar,Week1,Dunn Loring,Week2,264.0 Dunn Loring - 138.0 Greenbriar
Great Falls,Week4,Brookfield ,Week4,220.0 Brookfield - 181.0 Great Falls
Greenbriar,Week3,Brandywine,Week1,227.0 Greenbriar - 175.0 Brandywine
Greenbriar,Week3,Dowden Terrace,Week5,227.0 Dowden Terrace - 175.0 Greenbriar
Greenbriar,Week5,Dowden Terrace,Week2,219.0 Greenbriar - 183.0 Dowden Terrace
Greenbriar,Week3,Dowden Terrace,Week3,226.0 Greenbriar - 176.0 Dowden Terrace
Greenbriar,Week4,Dowden Terrace,Week2,201.0 Dowden Terrace - 201.0 Greenbriar
Great Falls,Week5,Virginia Run,Week2,212.0 Virginia Run - 190.0 Great Falls
Great Falls,Week4,Langley,Week1,271.0 Langley - 131.0 Great Falls
Greenbriar,Week5,Dowden Terrace,Week3,230.0 Greenbriar - 172.0 Dowden Terrace
Great Falls,Week2,Langley,Week3,257.0 Langley - 127.0 Great Falls
Greenbriar,Week1,Brandywine,Week4,201.0 Brandywine - 201.0 Greenbriar
Greenbriar,Week2,Dowden Terrace,Week4,211.0 Greenbriar - 191.0 Dowden Terrace
Great Falls,Week4,Bren Mar-Edsall Park,Week3,312.0 Great Falls - 88.0 Bren Mar-Edsall Park
Greenbriar,Week2,Brandywine,Week1,231.0 Greenbriar - 171.0 Brandywine
Greenbriar,Week4,Brandywine,Week4,212.0 Brandywine - 190.0 Greenbriar
Great Falls,Week4,Bren Mar-Edsall Park,Week1,313.0 Great Falls - 86.0 Bren Mar-Edsall Park
Great Falls,Week5,Bren Mar-Edsall Park,Week1,319.0 Great Falls - 80.0 Bren Mar-Edsall Park
Great Falls,Week2,Langley,Week4,257.0 Langley - 127.0 Great Falls
Great Falls,Week5,Virginia Run,Week5,240.0 Virginia Run - 162.0 Great Falls
Greenbriar,Week2,Fair Oaks ,Week1,210.0 Greenbriar - 192.0 Fair Oaks
Great Falls,Week3,Walden Glen,Week1,265.0 Great Falls - 131.0 Walden Glen
Great Falls,Week5,Langley,Week3,250.5 Langley - 150.5 Great Falls
Greenbriar,Week1,Bren Mar-Edsall Park,Week4,352.0 Greenbriar - 50.0 Bren Mar-Edsall Park
Great Falls,Week3,Brookfield ,Week2,220.0 Great Falls - 182.0 Brookfield
Greenbriar,Week3,Brandywine,Week2,226.0 Greenbriar - 176.0 Brandywine
Great Falls,Week5,Langley,Week5,254.0 Langley - 146.0 Great Falls
Greenbriar,Week1,Fair Oaks ,Week4,211.0 Greenbriar - 191.0 Fair Oaks
Greenbriar,Week4,Dowden Terrace,Week4,220.0 Dowden Terrace - 182.0 Greenbriar
Great Falls,Week3,Brookfield ,Week4,203.0 Great Falls - 199.0 Brookfield
Great Falls,Week4,Brookfield ,Week3,205.0 Great Falls - 197.0 Brookfield
Greenbriar,Week1,Bren Mar-Edsall Park,Week3,359.0 Greenbriar - 43.0 Bren Mar-Edsall Park
Fox Mill Woods,Week5,Mantua,Week5,203.0 Fox Mill Woods - 199.0 Mantua
Greenbriar,Week5,Brandywine,Week3,225.0 Greenbriar - 175.0 Brandywine
Great Falls,Week4,Bren Mar-Edsall Park,Week2,324.0 Great Falls - 65.0 Bren Mar-Edsall Park
Greenbriar,Week5,Dowden Terrace,Week1,241.0 Greenbriar - 161.0 Dowden Terrace
Fox Mill Woods,Week2,Mantua,Week3,236.0 Mantua - 166.0 Fox Mill Woods
Great Falls,Week4,Wakefield Chapel,Week2,295.0 Wakefield Chapel - 107.0 Great Falls
Greenbriar,Week1,Bren Mar-Edsall Park,Week2,375.0 Greenbriar - 27.0 Bren Mar-Edsall Park
Great Falls,Week1,Wakefield Chapel,Week3,311.0 Wakefield Chapel - 91.0 Great Falls
Great Falls,Week5,Langley,Week4,269.0 Langley - 133.0 Great Falls
Great Falls,Week2,Brookfield ,Week4,195.0 Great Falls - 189.0 Brookfield
Great Falls,Week2,Wakefield Chapel,Week4,266.0 Wakefield Chapel - 118.0 Great Falls
Greenbriar,Week5,Brandywine,Week4,202.0 Brandywine - 200.0 Greenbriar
Great Falls,Week5,Wakefield Chapel,Week5,285.0 Wakefield Chapel - 117.0 Great Falls
Great Falls,Week5,Langley,Week2,246.0 Langley - 155.0 Great Falls
Great Falls,Week3,Langley,Week3,263.0 Langley - 139.0 Great Falls
Great Falls,Week5,Bren Mar-Edsall Park,Week2,332.0 Great Falls - 59.0 Bren Mar-Edsall Park
Greenbriar,Week2,Dunn Loring,Week1,207.0 Dunn Loring - 195.0 Greenbriar
Great Falls,Week2,Wakefield Chapel,Week3,285.0 Wakefield Chapel - 99.0 Great Falls
Greenbriar,Week1,Dunn Loring,Week4,272.0 Dunn Loring - 130.0 Greenbriar
Great Falls,Week3,Wakefield Chapel,Week5,297.0 Wakefield Chapel - 105.0 Great Falls
Fox Mill Woods,Week4,Mantua,Week2,226.0 Fox Mill Woods - 176.0 Mantua
Greenbriar,Week1,Dunn Loring,Week1,246.5 Dunn Loring - 155.5 Greenbriar
Great Falls,Week5,Langley,Week1,262.0 Langley - 140.0 Great Falls
Greenbriar,Week2,Bren Mar-Edsall Park,Week2,369.0 Greenbriar - 33.0 Bren Mar-Edsall Park
Fox Mill Woods,Week2,McLean,Week2,262.0 McLean - 140.0 Fox Mill Woods
Great Falls,Week4,Bren Mar-Edsall Park,Week5,306.0 Great Falls - 87.0 Bren Mar-Edsall Park
Greenbriar,Week2,Dunn Loring,Week4,244.0 Dunn Loring - 158.0 Greenbriar
Great Falls,Week1,Langley,Week5,282.0 Langley - 120.0 Great Falls
Great Falls,Week1,Laurel Hill,Week2,253.0 Great Falls - 135.0 Laurel Hill
Greenbriar,Week1,Bren Mar-Edsall Park,Week5,350.0 Greenbriar - 52.0 Bren Mar-Edsall Park
Great Falls,Week3,Wakefield Chapel,Week3,282.0 Wakefield Chapel - 120.0 Great Falls
Great Falls,Week3,Walden Glen,Week5,211.0 Great Falls - 191.0 Walden Glen
Great Falls,Week4,Langley,Week2,257.0 Langley - 145.0 Great Falls
Greenbriar,Week2,Bren Mar-Edsall Park,Week3,363.5 Greenbriar - 38.5 Bren Mar-Edsall Park
Greenbriar,Week5,Dunn Loring,Week4,266.0 Dunn Loring - 136.0 Greenbriar
Great Falls,Week5,Bren Mar-Edsall Park,Week3,317.0 Great Falls - 83.0 Bren Mar-Edsall Park
Great Falls,Week3,Walden Glen,Week4,232.0 Great Falls - 165.0 Walden Glen
Greenbriar,Week2,Bren Mar-Edsall Park,Week1,360.0 Greenbriar - 38.0 Bren Mar-Edsall Park
Fox Mill Woods,Week2,Mantua,Week4,201.0 Fox Mill Woods - 201.0 Mantua
Great Falls,Week2,Brookfield ,Week2,205.0 Great Falls - 179.0 Brookfield
Great Falls,Week3,Langley,Week2,234.0 Langley - 168.0 Great Falls
Greenbriar,Week2,Bren Mar-Edsall Park,Week4,353.0 Greenbriar - 48.0 Bren Mar-Edsall Park
Great Falls,Week1,Laurel Hill,Week1,255.0 Great Falls - 141.0 Laurel Hill
Great Falls,Week4,Bren Mar-Edsall Park,Week4,306.0 Great Falls - 87.0 Bren Mar-Edsall Park
Fox Mill Woods,Week1,McLean,Week2,244.0 McLean - 158.0 Fox Mill Woods
Fox Mill Woods,Week5,Mantua,Week2,224.0 Fox Mill Woods - 178.0 Mantua
Greenbriar,Week2,Dowden Terrace,Week3,226.0 Greenbriar - 176.0 Dowden Terrace
Great Falls,Week3,Bren Mar-Edsall Park,Week4,341.0 Great Falls - 56.0 Bren Mar-Edsall Park
Greenbriar,Week4,Dunn Loring,Week4,296.0 Dunn Loring - 106.0 Greenbriar
Great Falls,Week5,Wakefield Chapel,Week4,260.0 Wakefield Chapel - 142.0 Great Falls
Greenbriar,Week4,Dunn Loring,Week1,241.0 Dunn Loring - 161.0 Greenbriar
Greenbriar,Week3,Brookfield ,Week3,258.0 Greenbriar - 144.0 Brookfield
Fox Mill Woods,Week2,Mantua,Week5,230.0 Mantua - 172.0 Fox Mill Woods
Great Falls,Week5,Wakefield Chapel,Week3,286.0 Wakefield Chapel - 116.0 Great Falls
Great Falls,Week4,Wakefield Chapel,Week5,310.0 Wakefield Chapel - 92.0 Great Falls
Great Falls,Week1,Brookfield ,Week2,208.0 Brookfield - 194.0 Great Falls
Fox Mill Woods,Week3,Mantua,Week1,202.0 Mantua - 200.0 Fox Mill Woods
Great Falls,Week2,Langley,Week2,251.0 Langley - 133.0 Great Falls
Greenbriar,Week4,Dunn Loring,Week3,293.0 Dunn Loring - 109.0 Greenbriar
Great Falls,Week3,Laurel Hill,Week3,262.0 Great Falls - 139.0 Laurel Hill
Greenbriar,Week2,Dunn Loring,Week3,254.0 Dunn Loring - 148.0 Greenbriar
Great Falls,Week1,Brookfield ,Week3,206.0 Brookfield - 196.0 Great Falls
Greenbriar,Week3,Bren Mar-Edsall Park,Week5,362.0 Greenbriar - 40.0 Bren Mar-Edsall Park
Greenbriar,Week3,Dunn Loring,Week4,278.0 Dunn Loring - 124.0 Greenbriar
Fox Mill Woods,Week5,Mantua,Week3,215.0 Mantua - 187.0 Fox Mill Woods
Greenbriar,Week2,Dunn Loring,Week5,244.0 Dunn Loring - 158.0 Greenbriar
Great Falls,Week4,Laurel Hill,Week5,243.0 Great Falls - 156.0 Laurel Hill
Fox Mill Woods,Week1,McLean,Week4,230.0 McLean - 172.0 Fox Mill Woods
Great Falls,Week3,Langley,Week5,245.0 Langley - 156.0 Great Falls
Greenbriar,Week4,Dunn Loring,Week2,283.5 Dunn Loring - 118.5 Greenbriar
Greenbriar,Week3,Brookfield ,Week1,215.0 Greenbriar - 187.0 Brookfield
Great Falls,Week3,Bren Mar-Edsall Park,Week3,339.0 Great Falls - 63.0 Bren Mar-Edsall Park
Great Falls,Week1,Brookfield ,Week4,227.0 Brookfield - 175.0 Great Falls
Fox Mill Woods,Week3,Mantua,Week5,232.0 Mantua - 170.0 Fox Mill Woods
Greenbriar,Week4,Bren Mar-Edsall Park,Week5,352.0 Greenbriar - 50.0 Bren Mar-Edsall Park
Great Falls,Week2,Walden Glen,Week5,202.0 Great Falls - 182.0 Walden Glen
Great Falls,Week3,Bren Mar-Edsall Park,Week5,335.0 Great Falls - 62.0 Bren Mar-Edsall Park
Fox Mill Woods,Week4,Mantua,Week5,220.0 Mantua - 182.0 Fox Mill Woods
Great Falls,Week3,Wakefield Chapel,Week1,293.5 Wakefield Chapel - 108.5 Great Falls
Greenbriar,Week1,Brookfield ,Week1,219.0 Greenbriar - 183.0 Brookfield
Great Falls,Week4,Langley,Week3,265.0 Langley - 137.0 Great Falls
Great Falls,Week4,Wakefield Chapel,Week3,298.0 Wakefield Chapel - 104.0 Great Falls
Greenbriar,Week3,Dunn Loring,Week1,240.0 Dunn Loring - 162.0 Greenbriar
Great Falls,Week1,Lee Graham,Week5,312.0 Lee Graham - 89.0 Great Falls
Greenbriar,Week3,Brookfield ,Week5,229.0 Greenbriar - 173.0 Brookfield
Great Falls,Week1,Brookfield ,Week1,230.0 Brookfield - 172.0 Great Falls
Fox Mill Woods,Week1,McLean,Week3,245.0 McLean - 157.0 Fox Mill Woods
Great Falls,Week1,Walden Glen,Week5,210.0 Great Falls - 191.0 Walden Glen
Greenbriar,Week5,Bren Mar-Edsall Park,Week5,353.0 Greenbriar - 49.0 Bren Mar-Edsall Park
Great Falls,Week3,Wakefield Chapel,Week4,279.0 Wakefield Chapel - 123.0 Great Falls
Greenbriar,Week4,Brookfield ,Week2,211.5 Greenbriar - 190.5 Brookfield
Great Falls,Week1,Walden Glen,Week1,243.0 Great Falls - 158.0 Walden Glen
Fox Mill Woods,Week3,Mantua,Week3,225.0 Mantua - 177.0 Fox Mill Woods
Greenbriar,Week5,Dunn Loring,Week2,246.0 Dunn Loring - 156.0 Greenbriar
Greenbriar,Week2,Bren Mar-Edsall Park,Week5,353.0 Greenbriar - 48.0 Bren Mar-Edsall Park
Great Falls,Week2,Brookfield ,Week1,196.0 Great Falls - 188.0 Brookfield
Fox Mill Woods,Week1,McLean,Week1,232.0 McLean - 170.0 Fox Mill Woods
Greenbriar,Week3,Dunn Loring,Week3,267.5 Dunn Loring - 134.5 Greenbriar
Great Falls,Week5,Wakefield Chapel,Week2,276.0 Wakefield Chapel - 126.0 Great Falls
Great Falls,Week2,Brookfield ,Week5,212.0 Great Falls - 172.0 Brookfield
Great Falls,Week3,Brookfield ,Week3,214.0 Great Falls - 188.0 Brookfield
Great Falls,Week1,Laurel Hill,Week5,229.0 Great Falls - 171.0 Laurel Hill
Greenbriar,Week4,Bren Mar-Edsall Park,Week2,373.0 Greenbriar - 29.0 Bren Mar-Edsall Park
Great Falls,Week3,Laurel Hill,Week5,240.5 Great Falls - 160.5 Laurel Hill
Great Falls,Week4,Laurel Hill,Week1,255.0 Great Falls - 140.0 Laurel Hill
Greenbriar,Week4,Bren Mar-Edsall Park,Week3,362.0 Greenbriar - 40.0 Bren Mar-Edsall Park
Great Falls,Week4,Laurel Hill,Week2,272.0 Great Falls - 122.0 Laurel Hill
Great Falls,Week4,Laurel Hill,Week4,256.0 Great Falls - 144.0 Laurel Hill
Greenbriar,Week4,Dunn Loring,Week5,287.0 Dunn Loring - 115.0 Greenbriar
Greenbriar,Week2,Brookfield ,Week1,234.0 Greenbriar - 168.0 Brookfield
Great Falls,Week4,Brookfield ,Week5,206.0 Brookfield - 196.0 Great Falls
Greenbriar,Week3,Dunn Loring,Week5,276.0 Dunn Loring - 126.0 Greenbriar
Greenbriar,Week5,Dunn Loring,Week1,218.0 Dunn Loring - 184.0 Greenbriar
Great Falls,Week2,Walden Glen,Week2,238.0 Great Falls - 145.0 Walden Glen
Greenbriar,Week3,Dunn Loring,Week2,275.0 Dunn Loring - 127.0 Greenbriar
Great Falls,Week3,Lee Graham,Week2,269.0 Lee Graham - 133.0 Great Falls
Great Falls,Week2,Walden Glen,Week3,232.0 Great Falls - 152.0 Walden Glen
Great Falls,Week4,Brookfield ,Week1,216.0 Brookfield - 186.0 Great Falls
Fox Mill Woods,Week4,Mantua,Week3,221.0 Mantua - 181.0 Fox Mill Woods
Fox Mill Woods,Week5,Mantua,Week4,212.0 Fox Mill Woods - 190.0 Mantua
Great Falls,Week4,Brookfield ,Week2,207.0 Brookfield - 195.0 Great Falls
Fox Mill Woods,Week3,Mantua,Week4,206.0 Fox Mill Woods - 196.0 Mantua
Great Falls,Week2,Walden Glen,Week4,226.0 Great Falls - 158.0 Walden Glen
Fox Mill Woods,Week4,Wakefield Chapel,Week4,235.0 Wakefield Chapel - 167.0 Fox Mill Woods
Greenbriar,Week5,Dunn Loring,Week5,265.0 Dunn Loring - 137.0 Greenbriar
Fox Mill Woods,Week2,Walden Glen,Week3,283.0 Fox Mill Woods - 119.0 Walden Glen
Fox Mill Woods,Week5,Wakefield Chapel,Week2,236.0 Wakefield Chapel - 166.0 Fox Mill Woods
Greenbriar,Week1,Fair Oaks ,Week2,226.0 Greenbriar - 176.0 Fair Oaks
Fox Mill Woods,Week2,Mantua,Week2,215.0 Fox Mill Woods - 187.0 Mantua
Great Falls,Week2,Laurel Hill,Week5,228.0 Great Falls - 155.0 Laurel Hill
Great Falls,Week4,Wakefield Chapel,Week1,299.0 Wakefield Chapel - 103.0 Great Falls
Greenbriar,Week3,Bren Mar-Edsall Park,Week4,359.0 Greenbriar - 42.0 Bren Mar-Edsall Park
Great Falls,Week1,Waynewood,Week1,267.0 Waynewood - 134.0 Great Falls
Great Falls,Week3,Laurel Hill,Week2,279.0 Great Falls - 122.0 Laurel Hill
Fox Mill Woods,Week4,Mantua,Week4,208.0 Fox Mill Woods - 194.0 Mantua
Greenbriar,Week1,Fair Oaks ,Week1,209.0 Fair Oaks - 193.0 Greenbriar
Fox Mill Woods,Week2,McLean,Week1,238.5 McLean - 163.5 Fox Mill Woods
Great Falls,Week5,Wakefield Chapel,Week1,282.0 Wakefield Chapel - 120.0 Great Falls
Greenbriar,Week5,Bren Mar-Edsall Park,Week3,360.0 Greenbriar - 42.0 Bren Mar-Edsall Park
Greenbriar,Week5,Bren Mar-Edsall Park,Week2,371.0 Greenbriar - 31.0 Bren Mar-Edsall Park
Great Falls,Week2,Wakefield Chapel,Week5,292.0 Wakefield Chapel - 92.0 Great Falls
Great Falls,Week4,Laurel Hill,Week3,245.0 Great Falls - 155.0 Laurel Hill
Greenbriar,Week5,Bren Mar-Edsall Park,Week4,354.0 Greenbriar - 47.0 Bren Mar-Edsall Park
Fox Mill Woods,Week5,Mantua,Week1,231.0 Fox Mill Woods - 171.0 Mantua
Great Falls,Week4,Wakefield Chapel,Week4,288.0 Wakefield Chapel - 114.0 Great Falls
Fox Mill Woods,Week1,McLean,Week5,246.0 McLean - 156.0 Fox Mill Woods
Greenbriar,Week1,Brookfield ,Week2,240.0 Greenbriar - 162.0 Brookfield
Great Falls,Week1,Laurel Hill,Week4,242.0 Great Falls - 158.0 Laurel Hill
Greenbriar,Week5,Dunn Loring,Week3,256.0 Dunn Loring - 146.0 Greenbriar
Fox Mill Woods,Week2,Wakefield Chapel,Week1,260.0 Wakefield Chapel - 142.0 Fox Mill Woods
Fox Mill Woods,Week4,Mantua,Week1,213.0 Fox Mill Woods - 189.0 Mantua
Greenbriar,Week3,Fair Oaks ,Week3,204.0 Fair Oaks - 198.0 Greenbriar
Great Falls,Week3,Walden Glen,Week2,246.5 Great Falls - 149.5 Walden Glen
Greenbriar,Week3,Bren Mar-Edsall Park,Week1,370.0 Greenbriar - 32.0 Bren Mar-Edsall Park
Fox Mill Woods,Week1,Walden Glen,Week3,294.0 Fox Mill Woods - 108.0 Walden Glen
Great Falls,Week1,Lee Graham,Week3,296.0 Lee Graham - 106.0 Great Falls
Greenbriar,Week2,Fair Oaks ,Week5,202.0 Greenbriar - 200.0 Fair Oaks
Fox Mill Woods,Week5,Wakefield Chapel,Week4,220.0 Wakefield Chapel - 182.0 Fox Mill Woods
Great Falls,Week2,Laurel Hill,Week3,222.0 Great Falls - 162.0 Laurel Hill
Greenbriar,Week2,Brookfield ,Week2,248.0 Greenbriar - 154.0 Brookfield
Fox Mill Woods,Week1,Walden Glen,Week2,290.0 Fox Mill Woods - 112.0 Walden Glen
Great Falls,Week1,Walden Glen,Week4,216.0 Great Falls - 185.0 Walden Glen
Great Falls,Week2,Walden Glen,Week1,251.0 Great Falls - 132.0 Walden Glen
Greenbriar,Week2,Fair Oaks ,Week4,227.5 Greenbriar - 173.5 Fair Oaks
Greenbriar,Week1,Brookfield ,Week3,253.0 Greenbriar - 149.0 Brookfield
Fox Mill Woods,Week3,Mantua,Week2,218.0 Fox Mill Woods - 184.0 Mantua
Great Falls,Week1,Walden Glen,Week3,235.0 Great Falls - 163.0 Walden Glen
Great Falls,Week2,Laurel Hill,Week2,262.0 Great Falls - 121.0 Laurel Hill
Fox Mill Woods,Week3,Walden Glen,Week3,274.0 Fox Mill Woods - 128.0 Walden Glen
Fox Mill Woods,Week1,Walden Glen,Week4,279.0 Fox Mill Woods - 123.0 Walden Glen
Greenbriar,Week1,Fair Oaks ,Week3,210.0 Fair Oaks - 192.0 Greenbriar
Fox Mill Woods,Week3,Wakefield Chapel,Week5,264.0 Wakefield Chapel - 138.0 Fox Mill Woods
Great Falls,Week1,Walden Glen,Week2,227.0 Great Falls - 173.0 Walden Glen
Greenbriar,Week3,Fair Oaks ,Week2,228.0 Greenbriar - 174.0 Fair Oaks
Great Falls,Week5,Laurel Hill,Week2,270.0 Great Falls - 125.0 Laurel Hill
Greenbriar,Week1,Brookfield ,Week4,214.0 Greenbriar - 188.0 Brookfield
Great Falls,Week3,Laurel Hill,Week1,285.0 Great Falls - 116.0 Laurel Hill
Greenbriar,Week3,Bren Mar-Edsall Park,Week3,364.0 Greenbriar - 38.0 Bren Mar-Edsall Park
Great Falls,Week3,Wakefield Chapel,Week2,281.0 Wakefield Chapel - 121.0 Great Falls
Great Falls,Week5,Laurel Hill,Week1,261.0 Great Falls - 135.0 Laurel Hill
Greenbriar,Week1,Fair Oaks ,Week5,216.0 Fair Oaks - 186.0 Greenbriar
Greenbriar,Week4,Bren Mar-Edsall Park,Week4,360.0 Greenbriar - 42.0 Bren Mar-Edsall Park
Greenbriar,Week2,Brookfield ,Week4,229.0 Greenbriar - 173.0 Brookfield
Fox Mill Woods,Week5,Wakefield Chapel,Week3,252.0 Wakefield Chapel - 150.0 Fox Mill Woods
Great Falls,Week2,Laurel Hill,Week4,249.0 Great Falls - 134.0 Laurel Hill
Great Falls,Week5,Laurel Hill,Week5,237.0 Great Falls - 159.0 Laurel Hill
Greenbriar,Week3,Fair Oaks ,Week5,216.0 Fair Oaks - 186.0 Greenbriar
Great Falls,Week3,Walden Glen,Week3,249.0 Great Falls - 153.0 Walden Glen
Greenbriar,Week3,Fair Oaks ,Week1,207.0 Fair Oaks - 195.0 Greenbriar
Great Falls,Week5,Walden Glen,Week3,242.0 Great Falls - 159.0 Walden Glen
Fox Mill Woods,Week2,Wakefield Chapel,Week5,265.0 Wakefield Chapel - 137.0 Fox Mill Woods
Great Falls,Week1,Waynewood,Week2,272.0 Waynewood - 130.0 Great Falls
Fox Mill Woods,Week1,Walden Glen,Week5,272.0 Fox Mill Woods - 130.0 Walden Glen
Fox Mill Woods,Week2,Wakefield Chapel,Week3,246.0 Wakefield Chapel - 156.0 Fox Mill Woods
Greenbriar,Week4,Fair Oaks ,Week3,227.0 Fair Oaks - 175.0 Greenbriar
Great Falls,Week4,Walden Glen,Week5,204.0 Great Falls - 198.0 Walden Glen
Greenbriar,Week2,Brookfield ,Week5,243.0 Greenbriar - 159.0 Brookfield
Great Falls,Week5,Laurel Hill,Week4,255.0 Great Falls - 140.0 Laurel Hill
Fox Mill Woods,Week5,Wakefield Chapel,Week5,258.0 Wakefield Chapel - 144.0 Fox Mill Woods
Great Falls,Week1,Waynewood,Week3,288.0 Waynewood - 114.0 Great Falls
Great Falls,Week5,Walden Glen,Week5,234.5 Great Falls - 167.5 Walden Glen
Greenbriar,Week2,Fair Oaks ,Week2,239.0 Greenbriar - 163.0 Fair Oaks
Greenbriar,Week1,Brookfield ,Week5,233.0 Greenbriar - 169.0 Brookfield
Fox Mill Woods,Week4,Wakefield Chapel,Week5,268.0 Wakefield Chapel - 134.0 Fox Mill Woods
Great Falls,Week1,Lee Graham,Week4,297.0 Lee Graham - 105.0 Great Falls
Great Falls,Week2,Laurel Hill,Week1,250.0 Great Falls - 134.0 Laurel Hill
Greenbriar,Week2,Fair Oaks ,Week3,203.0 Fair Oaks - 199.0 Greenbriar
Greenbriar,Week2,Brookfield ,Week3,268.0 Greenbriar - 134.0 Brookfield
Greenbriar,Week3,Bren Mar-Edsall Park,Week2,376.0 Greenbriar - 25.0 Bren Mar-Edsall Park
Greenbriar,Week3,Fair Oaks ,Week4,205.0 Greenbriar - 197.0 Fair Oaks
Great Falls,Week4,Walden Glen,Week1,227.0 Great Falls - 161.0 Walden Glen
Greenbriar,Week3,Brookfield ,Week2,249.0 Greenbriar - 153.0 Brookfield
Greenbriar,Week4,Bren Mar-Edsall Park,Week1,369.0 Greenbriar - 33.0 Bren Mar-Edsall Park
Greenbriar,Week5,Bren Mar-Edsall Park,Week1,364.0 Greenbriar - 37.0 Bren Mar-Edsall Park
Fox Mill Woods,Week4,Wakefield Chapel,Week1,252.0 Wakefield Chapel - 150.0 Fox Mill Woods
Great Falls,Week4,Walden Glen,Week2,215.0 Great Falls - 181.0 Walden Glen
Great Falls,Week3,Laurel Hill,Week4,272.0 Great Falls - 129.0 Laurel Hill
Great Falls,Week5,Laurel Hill,Week3,242.0 Great Falls - 155.0 Laurel Hill
Greenbriar,Week4,Fair Oaks ,Week1,207.0 Fair Oaks - 195.0 Greenbriar
Great Falls,Week1,Lee Graham,Week1,277.0 Lee Graham - 124.0 Great Falls
Fox Mill Woods,Week3,Wakefield Chapel,Week3,243.0 Wakefield Chapel - 159.0 Fox Mill Woods
Greenbriar,Week4,Fair Oaks ,Week2,210.0 Greenbriar - 192.0 Fair Oaks
Great Falls,Week1,Lee Graham,Week2,289.0 Lee Graham - 113.0 Great Falls
Great Falls,Week4,Walden Glen,Week3,216.0 Great Falls - 185.0 Walden Glen
Fox Mill Woods,Week3,Wakefield Chapel,Week4,234.0 Wakefield Chapel - 168.0 Fox Mill Woods
Great Falls,Week5,Walden Glen,Week2,252.0 Great Falls - 145.0 Walden Glen
Great Falls,Week2,Lee Graham,Week5,287.0 Lee Graham - 97.0 Great Falls
Greenbriar,Week3,Fairfax,Week1,224.0 Fairfax - 178.0 Greenbriar
Greenbriar,Week5,Fair Oaks ,Week1,205.0 Greenbriar - 197.0 Fair Oaks
Great Falls,Week5,Walden Glen,Week4,239.0 Great Falls - 158.0 Walden Glen
Greenbriar,Week1,Fairfax,Week1,233.0 Fairfax - 169.0 Greenbriar
Greenbriar,Week1,Fairfax,Week3,236.0 Fairfax - 166.0 Greenbriar
Great Falls,Week3,Lee Graham,Week1,270.0 Lee Graham - 132.0 Great Falls
Greenbriar,Week3,Broyhill Crest,Week3,361.0 Greenbriar - 41.0 Broyhill Crest
Great Falls,Week1,Waynewood,Week4,263.0 Waynewood - 139.0 Great Falls
Fox Mill Woods,Week4,Wakefield Chapel,Week3,253.0 Wakefield Chapel - 149.0 Fox Mill Woods
Greenbriar,Week4,Brookfield ,Week1,211.0 Brookfield - 191.0 Greenbriar
Greenbriar,Week4,Fair Oaks ,Week4,212.0 Fair Oaks - 190.0 Greenbriar
Fox Mill Woods,Week2,Wakefield Chapel,Week4,219.0 Wakefield Chapel - 183.0 Fox Mill Woods
Great Falls,Week2,Lee Graham,Week1,278.0 Lee Graham - 106.0 Great Falls
Greenbriar,Week3,Brookfield ,Week4,216.0 Greenbriar - 186.0 Brookfield
Greenbriar,Week1,Broyhill Crest,Week4,344.0 Greenbriar - 58.0 Broyhill Crest
Fox Mill Woods,Week5,Wakefield Chapel,Week1,230.5 Wakefield Chapel - 171.5 Fox Mill Woods
Great Falls,Week2,Lee Graham,Week2,280.0 Lee Graham - 104.0 Great Falls
Fox Mill Woods,Week1,Walden Glen,Week1,307.0 Fox Mill Woods - 95.0 Walden Glen
Greenbriar,Week4,Fair Oaks ,Week5,230.0 Fair Oaks - 172.0 Greenbriar
Great Falls,Week5,Walden Glen,Week1,267.0 Great Falls - 129.0 Walden Glen
Fox Mill Woods,Week2,Walden Glen,Week1,305.0 Fox Mill Woods - 97.0 Walden Glen
Greenbriar,Week4,Brookfield ,Week3,221.0 Greenbriar - 181.0 Brookfield
Great Falls,Week2,Lee Graham,Week3,283.0 Lee Graham - 101.0 Great Falls
Greenbriar,Week1,Fairfax Club Estates,Week3,264.0 Greenbriar - 138.0 Fairfax Club Estates
Greenbriar,Week5,Fairfax,Week5,276.0 Fairfax - 126.0 Greenbriar
Greenbriar,Week1,Broyhill Crest,Week3,355.0 Greenbriar - 47.0 Broyhill Crest
Greenbriar,Week2,Broyhill Crest,Week5,349.0 Greenbriar - 52.0 Broyhill Crest
Fox Mill Woods,Week2,Walden Glen,Week4,271.0 Fox Mill Woods - 131.0 Walden Glen
Greenbriar,Week4,Brookfield ,Week4,216.5 Brookfield - 185.5 Greenbriar
Fox Mill Woods,Week2,Walden Glen,Week2,288.0 Fox Mill Woods - 113.0 Walden Glen
Greenbriar,Week5,Fair Oaks ,Week4,208.0 Greenbriar - 194.0 Fair Oaks
Great Falls,Week4,Walden Glen,Week4,203.0 Great Falls - 194.0 Walden Glen
Fox Mill Woods,Week2,Wakefield Chapel,Week2,231.0 Wakefield Chapel - 171.0 Fox Mill Woods
Fox Mill Woods,Week4,Wakefield Chapel,Week2,236.0 Wakefield Chapel - 166.0 Fox Mill Woods
Greenbriar,Week4,Broyhill Crest,Week3,350.0 Greenbriar - 52.0 Broyhill Crest
Great Falls,Week3,Lee Graham,Week4,265.0 Lee Graham - 137.0 Great Falls
Fox Mill Woods,Week3,Wakefield Chapel,Week2,233.0 Wakefield Chapel - 169.0 Fox Mill Woods
Greenbriar,Week2,Fairfax,Week5,250.0 Fairfax - 152.0 Greenbriar
Fox Mill Woods,Week3,Wakefield Chapel,Week1,253.5 Wakefield Chapel - 148.5 Fox Mill Woods
Great Falls,Week3,Lee Graham,Week5,270.0 Lee Graham - 132.0 Great Falls
Greenbriar,Week5,Fair Oaks ,Week2,233.0 Greenbriar - 169.0 Fair Oaks
Greenbriar,Week2,Broyhill Crest,Week4,347.0 Greenbriar - 55.0 Broyhill Crest
Greenbriar,Week5,Brookfield ,Week4,205.5 Brookfield - 196.5 Greenbriar
Great Falls,Week5,Lee Graham,Week1,266.0 Lee Graham - 136.0 Great Falls
Greenbriar,Week3,Broyhill Crest,Week2,363.0 Greenbriar - 39.0 Broyhill Crest
Greenbriar,Week1,Broyhill Crest,Week1,346.0 Greenbriar - 56.0 Broyhill Crest
Greenbriar,Week1,Broyhill Crest,Week2,360.0 Greenbriar - 42.0 Broyhill Crest
Great Falls,Week2,Waynewood,Week1,236.0 Waynewood - 148.0 Great Falls
Fox Mill Woods,Week2,Walden Glen,Week5,267.0 Fox Mill Woods - 135.0 Walden Glen
Great Falls,Week3,Lincolnia Park,Week2,298.0 Great Falls - 90.0 Lincolnia Park
Greenbriar,Week2,Fairfax,Week1,203.0 Fairfax - 199.0 Greenbriar
Great Falls,Week3,Lee Graham,Week3,285.0 Lee Graham - 117.0 Great Falls
Great Falls,Week3,Lincolnia Park,Week1,310.0 Great Falls - 86.0 Lincolnia Park
Great Falls,Week1,Waynewood,Week5,288.0 Waynewood - 114.0 Great Falls
Fox Mill Woods,Week3,Walden Glen,Week1,307.0 Fox Mill Woods - 95.0 Walden Glen
Greenbriar,Week5,Fairfax,Week3,254.0 Fairfax - 148.0 Greenbriar
Great Falls,Week5,Lee Graham,Week2,264.0 Lee Graham - 138.0 Great Falls
Fox Mill Woods,Week3,Walden Glen,Week2,286.0 Fox Mill Woods - 116.0 Walden Glen
Great Falls,Week2,Lee Graham,Week4,276.0 Lee Graham - 108.0 Great Falls
Greenbriar,Week5,Fairfax,Week1,230.0 Fairfax - 172.0 Greenbriar
Great Falls,Week4,Lincolnia Park,Week4,282.0 Great Falls - 107.0 Lincolnia Park
Greenbriar,Week4,Broyhill Crest,Week5,333.0 Greenbriar - 69.0 Broyhill Crest
Fox Mill Woods,Week3,Waynewood,Week4,211.0 Fox Mill Woods - 191.0 Waynewood
Greenbriar,Week5,Brookfield ,Week5,223.0 Greenbriar - 179.0 Brookfield
Great Falls,Week2,Lincolnia Park,Week2,272.0 Great Falls - 102.0 Lincolnia Park
Great Falls,Week4,Lincolnia Park,Week2,292.5 Great Falls - 90.5 Lincolnia Park
Greenbriar,Week3,Fairfax,Week2,246.0 Fairfax - 156.0 Greenbriar
Greenbriar,Week2,Fairfax,Week4,231.0 Fairfax - 171.0 Greenbriar
Great Falls,Week4,Lee Graham,Week5,280.0 Lee Graham - 122.0 Great Falls
Greenbriar,Week4,Fairfax,Week5,283.0 Fairfax - 119.0 Greenbriar
Great Falls,Week5,Lincolnia Park,Week3,281.0 Great Falls - 105.0 Lincolnia Park
Greenbriar,Week4,Fairfax,Week1,239.0 Fairfax - 163.0 Greenbriar
Fox Mill Woods,Week5,Walden Glen,Week5,265.0 Fox Mill Woods - 137.0 Walden Glen
Greenbriar,Week5,Fair Oaks ,Week5,212.0 Fair Oaks - 190.0 Greenbriar
Fox Mill Woods,Week4,Walden Glen,Week1,317.0 Fox Mill Woods - 85.0 Walden Glen
Greenbriar,Week4,Broyhill Crest,Week4,341.0 Greenbriar - 61.0 Broyhill Crest
Fox Mill Woods,Week4,Waynewood,Week1,235.0 Fox Mill Woods - 167.0 Waynewood
Fox Mill Woods,Week3,Walden Glen,Week4,263.0 Fox Mill Woods - 139.0 Walden Glen
Greenbriar,Week2,Fairfax,Week3,230.0 Fairfax - 172.0 Greenbriar
Greenbriar,Week5,Broyhill Crest,Week3,349.0 Greenbriar - 52.0 Broyhill Crest
Great Falls,Week3,Lincolnia Park,Week4,303.5 Great Falls - 93.5 Lincolnia Park
Greenbriar,Week1,Fairfax,Week4,236.0 Fairfax - 166.0 Greenbriar
Greenbriar,Week5,Broyhill Crest,Week1,346.0 Greenbriar - 54.0 Broyhill Crest
Greenbriar,Week4,Fairfax,Week3,268.5 Fairfax - 133.5 Greenbriar
Greenbriar,Week5,Brookfield ,Week1,214.0 Greenbriar - 188.0 Brookfield
Greenbriar,Week4,Brookfield ,Week5,220.0 Greenbriar - 182.0 Brookfield
Greenbriar,Week4,Fairfax,Week4,255.0 Fairfax - 147.0 Greenbriar
Fox Mill Woods,Week3,Waynewood,Week3,218.5 Waynewood - 183.5 Fox Mill Woods
Great Falls,Week4,Lincolnia Park,Week5,272.0 Great Falls - 112.0 Lincolnia Park
Great Falls,Week5,Lee Graham,Week3,268.0 Lee Graham - 133.0 Great Falls
Greenbriar,Week5,Brookfield ,Week2,220.0 Greenbriar - 182.0 Brookfield
Great Falls,Week1,Lincolnia Park,Week2,282.0 Great Falls - 104.0 Lincolnia Park
Fox Mill Woods,Week4,Waynewood,Week3,213.0 Waynewood - 189.0 Fox Mill Woods
Great Falls,Week4,Lee Graham,Week2,287.0 Lee Graham - 115.0 Great Falls
Greenbriar,Week5,Broyhill Crest,Week2,350.0 Greenbriar - 50.0 Broyhill Crest
Fox Mill Woods,Week1,Waynewood,Week1,235.0 Fox Mill Woods - 167.0 Waynewood
Great Falls,Week4,Lee Graham,Week4,284.0 Lee Graham - 118.0 Great Falls
Great Falls,Week2,Lincolnia Park,Week4,280.0 Great Falls - 103.0 Lincolnia Park
Great Falls,Week1,Lincolnia Park,Week4,266.0 Great Falls - 127.0 Lincolnia Park
Greenbriar,Week3,Broyhill Crest,Week1,353.0 Greenbriar - 48.0 Broyhill Crest
Greenbriar,Week1,Broyhill Crest,Week5,334.0 Greenbriar - 68.0 Broyhill Crest
Greenbriar,Week1,Fairfax,Week2,239.0 Fairfax - 163.0 Greenbriar
Greenbriar,Week3,Fairfax,Week3,246.0 Fairfax - 156.0 Greenbriar
Greenbriar,Week5,Fair Oaks ,Week3,210.0 Fair Oaks - 192.0 Greenbriar
Fox Mill Woods,Week4,Walden Glen,Week3,292.0 Fox Mill Woods - 110.0 Walden Glen
Great Falls,Week3,Lincolnia Park,Week3,278.0 Great Falls - 109.0 Lincolnia Park
Greenbriar,Week2,Fairfax,Week2,228.0 Fairfax - 174.0 Greenbriar
Fox Mill Woods,Week3,Waynewood,Week5,225.0 Waynewood - 177.0 Fox Mill Woods
Fox Mill Woods,Week5,Walden Glen,Week1,304.0 Fox Mill Woods - 98.0 Walden Glen
Greenbriar,Week1,Fairfax Club Estates,Week2,263.0 Greenbriar - 139.0 Fairfax Club Estates
Greenbriar,Week3,Fairfax,Week5,261.0 Fairfax - 141.0 Greenbriar
Fox Mill Woods,Week2,Waynewood,Week5,223.0 Waynewood - 179.0 Fox Mill Woods
Great Falls,Week2,Lincolnia Park,Week1,296.0 Great Falls - 86.0 Lincolnia Park
Greenbriar,Week1,Fairfax,Week5,260.0 Fairfax - 142.0 Greenbriar
Greenbriar,Week3,Broyhill Crest,Week4,348.0 Greenbriar - 54.0 Broyhill Crest
Great Falls,Week1,Lincolnia Park,Week5,264.0 Great Falls - 128.0 Lincolnia Park
Fox Mill Woods,Week4,Walden Glen,Week4,289.0 Fox Mill Woods - 113.0 Walden Glen
Greenbriar,Week2,Broyhill Crest,Week1,355.0 Greenbriar - 47.0 Broyhill Crest
Greenbriar,Week2,Broyhill Crest,Week2,367.0 Greenbriar - 35.0 Broyhill Crest
Greenbriar,Week5,Brookfield ,Week3,225.0 Greenbriar - 177.0 Brookfield
Greenbriar,Week2,Broyhill Crest,Week3,363.0 Greenbriar - 39.0 Broyhill Crest
Fox Mill Woods,Week1,Waynewood,Week2,214.0 Fox Mill Woods - 188.0 Waynewood
Fox Mill Woods,Week2,Waynewood,Week1,223.0 Fox Mill Woods - 179.0 Waynewood
Great Falls,Week5,Lee Graham,Week4,266.0 Lee Graham - 136.0 Great Falls
Greenbriar,Week1,Camelot,Week3,251.0 Greenbriar - 151.0 Camelot
Great Falls,Week2,Lincolnia Park,Week5,262.0 Great Falls - 111.0 Lincolnia Park
Greenbriar,Week4,Broyhill Crest,Week2,357.0 Greenbriar - 45.0 Broyhill Crest
Fox Mill Woods,Week2,Waynewood,Week4,218.0 Fox Mill Woods - 184.0 Waynewood
Greenbriar,Week3,Broyhill Crest,Week5,349.0 Greenbriar - 53.0 Broyhill Crest
Fox Mill Woods,Week1,Waynewood,Week5,211.5 Waynewood - 190.5 Fox Mill Woods
Fox Mill Woods,Week4,Walden Glen,Week5,280.0 Fox Mill Woods - 122.0 Walden Glen
Fox Mill Woods,Week1,Waynewood,Week4,224.0 Fox Mill Woods - 178.0 Waynewood
Fox Mill Woods,Week1,Waynewood,Week3,205.0 Waynewood - 197.0 Fox Mill Woods
Greenbriar,Week4,Burke Station,Week1,251.0 Greenbriar - 127.0 Burke Station
Fox Mill Woods,Week2,Waynewood,Week2,206.0 Waynewood - 196.0 Fox Mill Woods
Great Falls,Week5,Lee Graham,Week5,269.0 Lee Graham - 133.0 Great Falls
Greenbriar,Week1,Camelot,Week2,232.0 Greenbriar - 170.0 Camelot
Greenbriar,Week3,Burke Station,Week3,286.0 Greenbriar - 110.0 Burke Station
Greenbriar,Week3,Fairfax Club Estates,Week1,261.0 Greenbriar - 141.0 Fairfax Club Estates
Greenbriar,Week1,Fairfax Club Estates,Week1,252.0 Greenbriar - 150.0 Fairfax Club Estates
Great Falls,Week4,Lee Graham,Week1,286.0 Lee Graham - 116.0 Great Falls
Fox Mill Woods,Week5,Walden Glen,Week3,296.0 Fox Mill Woods - 106.0 Walden Glen
Greenbriar,Week4,Fairfax,Week2,259.0 Fairfax - 143.0 Greenbriar
Great Falls,Week3,Lincolnia Park,Week5,281.0 Great Falls - 111.0 Lincolnia Park
Great Falls,Week1,Lincolnia Park,Week3,255.0 Great Falls - 138.0 Lincolnia Park
Great Falls,Week1,Lincolnia Park,Week1,281.0 Great Falls - 111.0 Lincolnia Park
Fox Mill Woods,Week2,Waynewood,Week3,220.0 Waynewood - 182.0 Fox Mill Woods
Great Falls,Week4,Lincolnia Park,Week3,265.0 Great Falls - 114.0 Lincolnia Park
Fox Mill Woods,Week3,Walden Glen,Week5,257.0 Fox Mill Woods - 145.0 Walden Glen
Great Falls,Week2,Lincolnia Park,Week3,258.0 Great Falls - 116.0 Lincolnia Park
Greenbriar,Week3,Fairfax,Week4,249.0 Fairfax - 153.0 Greenbriar
Fox Mill Woods,Week5,Walden Glen,Week4,282.0 Fox Mill Woods - 120.0 Walden Glen
Greenbriar,Week5,Fairfax,Week4,257.0 Fairfax - 145.0 Greenbriar
Greenbriar,Week4,Broyhill Crest,Week1,338.0 Greenbriar - 64.0 Broyhill Crest
Great Falls,Week4,Lee Graham,Week3,294.0 Lee Graham - 108.0 Great Falls
Greenbriar,Week5,Fairfax,Week2,250.0 Fairfax - 152.0 Greenbriar
Greenbriar,Week4,Fairfax Club Estates,Week1,230.0 Greenbriar - 172.0 Fairfax Club Estates
Greenbriar,Week5,Burke Station,Week2,299.5 Greenbriar - 102.5 Burke Station
Greenbriar,Week2,Fairfax Club Estates,Week1,260.0 Greenbriar - 142.0 Fairfax Club Estates
Greenbriar,Week3,Fairfax Club Estates,Week2,270.0 Greenbriar - 132.0 Fairfax Club Estates
Greenbriar,Week1,Burke Station,Week4,285.0 Greenbriar - 117.0 Burke Station
Greenbriar,Week1,Fairfax Station,Week3,273.0 Fairfax Station - 129.0 Greenbriar
Fox Mill Woods,Week5,Sideburn Run,Week2,267.0 Fox Mill Woods - 135.0 Sideburn Run
Greenbriar,Week2,Fairfax Club Estates,Week4,253.0 Greenbriar - 149.0 Fairfax Club Estates
Greenbriar,Week3,Burke Station,Week5,275.0 Greenbriar - 127.0 Burke Station
Fox Mill Woods,Week3,Waynewood,Week2,205.0 Fox Mill Woods - 197.0 Waynewood
Fox Mill Woods,Week3,Waynewood,Week1,217.5 Fox Mill Woods - 184.5 Waynewood
Fox Mill Woods,Week5,Walden Glen,Week2,291.5 Fox Mill Woods - 109.5 Walden Glen
Great Falls,Week1,Little Rocky Run,Week2,273.0 Little Rocky Run - 129.0 Great Falls
Greenbriar,Week2,Fairfax Station,Week1,237.0 Fairfax Station - 165.0 Greenbriar
Great Falls,Week4,Little Hunting Park,Week2,228.0 Great Falls - 173.0 Little Hunting Park
Greenbriar,Week2,Burke Station,Week3,288.5 Greenbriar - 106.5 Burke Station
Greenbriar,Week1,Fairfax Station,Week4,257.0 Fairfax Station - 145.0 Greenbriar
Fox Mill Woods,Week4,Walden Glen,Week2,297.0 Fox Mill Woods - 105.0 Walden Glen
Great Falls,Week5,Lincolnia Park,Week1,292.0 Great Falls - 96.0 Lincolnia Park
Greenbriar,Week4,Fairfax Club Estates,Week4,220.0 Greenbriar - 182.0 Fairfax Club Estates
Fox Mill Woods,Week2,Sideburn Run,Week2,257.0 Fox Mill Woods - 145.0 Sideburn Run
Great Falls,Week4,Lincolnia Park,Week1,290.0 Great Falls - 93.0 Lincolnia Park
Great Falls,Week5,Little Hunting Park,Week2,258.0 Great Falls - 143.0 Little Hunting Park
Greenbriar,Week3,Burke Station,Week1,278.0 Greenbriar - 101.0 Burke Station
Greenbriar,Week1,Camelot,Week5,230.0 Greenbriar - 172.0 Camelot
Greenbriar,Week2,Burke Station,Week1,272.0 Greenbriar - 107.0 Burke Station
Greenbriar,Week1,Burke Station,Week5,266.0 Greenbriar - 136.0 Burke Station
Great Falls,Week5,Lincolnia Park,Week2,297.0 Great Falls - 90.0 Lincolnia Park
Greenbriar,Week2,Fairfax Station,Week2,238.0 Fairfax Station - 164.0 Greenbriar
Greenbriar,Week1,Fairfax Station,Week5,276.0 Fairfax Station - 126.0 Greenbriar
Greenbriar,Week2,Burke Station,Week2,306.0 Greenbriar - 96.0 Burke Station
Fox Mill Woods,Week4,Waynewood,Week2,211.0 Fox Mill Woods - 191.0 Waynewood
Great Falls,Week3,Little Hunting Park,Week2,259.0 Great Falls - 143.0 Little Hunting Park
Fox Mill Woods,Week5,Waynewood,Week5,218.0 Waynewood - 184.0 Fox Mill Woods
Greenbriar,Week5,Broyhill Crest,Week4,339.0 Greenbriar - 63.0 Broyhill Crest
Fox Mill Woods,Week3,Sideburn Run,Week2,249.0 Fox Mill Woods - 153.0 Sideburn Run
Fox Mill Woods,Week4,Waynewood,Week4,209.0 Fox Mill Woods - 193.0 Waynewood
Great Falls,Week5,Little Hunting Park,Week5,245.0 Great Falls - 153.0 Little Hunting Park
Greenbriar,Week1,Fairfax Station,Week1,255.0 Fairfax Station - 147.0 Greenbriar
Fox Mill Woods,Week3,Sideburn Run,Week4,256.0 Fox Mill Woods - 146.0 Sideburn Run
Greenbriar,Week5,Fairfax Club Estates,Week1,239.0 Greenbriar - 163.0 Fairfax Club Estates
Fox Mill Woods,Week5,Sideburn Run,Week1,237.0 Fox Mill Woods - 165.0 Sideburn Run
Fox Mill Woods,Week4,Waynewood,Week5,223.5 Waynewood - 178.5 Fox Mill Woods
Fox Mill Woods,Week2,Sleepy Hollow B & R,Week4,229.0 Fox Mill Woods - 173.0 Sleepy Hollow B & R
Fox Mill Woods,Week2,Woodley,Week4,339.0 Fox Mill Woods - 63.0 Woodley
Greenbriar,Week4,Burke Station,Week2,286.0 Greenbriar - 115.0 Burke Station
Fox Mill Woods,Week3,Sleepy Hollow B & R,Week2,218.0 Fox Mill Woods - 184.0 Sleepy Hollow B & R
Greenbriar,Week5,Fairfax Club Estates,Week5,248.0 Greenbriar - 153.0 Fairfax Club Estates
Greenbriar,Week3,Fairfax Club Estates,Week3,277.0 Greenbriar - 125.0 Fairfax Club Estates
Fox Mill Woods,Week5,Waynewood,Week4,220.0 Fox Mill Woods - 182.0 Waynewood
Great Falls,Week1,Little Rocky Run,Week4,284.0 Little Rocky Run - 118.0 Great Falls
Greenbriar,Week2,Burke Station,Week4,292.0 Greenbriar - 109.0 Burke Station
Greenbriar,Week5,Broyhill Crest,Week5,331.0 Greenbriar - 71.0 Broyhill Crest
Great Falls,Week3,Little Hunting Park,Week1,257.0 Great Falls - 145.0 Little Hunting Park
Fox Mill Woods,Week5,Woodley,Week3,338.0 Fox Mill Woods - 64.0 Woodley
Great Falls,Week1,Little Hunting Park,Week5,213.0 Great Falls - 184.0 Little Hunting Park
Fox Mill Woods,Week3,Sideburn Run,Week1,232.0 Fox Mill Woods - 170.0 Sideburn Run
Fox Mill Woods,Week2,Sideburn Run,Week4,252.0 Fox Mill Woods - 150.0 Sideburn Run
Greenbriar,Week4,Burke Station,Week4,282.0 Greenbriar - 120.0 Burke Station
Greenbriar,Week2,Fairfax Station,Week3,268.0 Fairfax Station - 134.0 Greenbriar
Fox Mill Woods,Week2,Woodley,Week3,339.0 Fox Mill Woods - 63.0 Woodley
Great Falls,Week1,Little Hunting Park,Week3,235.0 Great Falls - 167.0 Little Hunting Park
Greenbriar,Week1,Burke Station,Week1,256.0 Greenbriar - 122.0 Burke Station
Fox Mill Woods,Week1,Woodley,Week5,319.0 Fox Mill Woods - 83.0 Woodley
Great Falls,Week2,Little Hunting Park,Week3,244.0 Great Falls - 140.0 Little Hunting Park
Greenbriar,Week2,Fairfax Station,Week4,235.0 Fairfax Station - 167.0 Greenbriar
Greenbriar,Week3,Fairfax Club Estates,Week4,253.0 Greenbriar - 149.0 Fairfax Club Estates
Greenbriar,Week3,Burke Station,Week4,295.0 Greenbriar - 107.0 Burke Station
Fox Mill Woods,Week2,Woodley,Week1,334.0 Fox Mill Woods - 68.0 Woodley
Greenbriar,Week2,Burke Station,Week5,271.0 Greenbriar - 131.0 Burke Station
Greenbriar,Week4,Burke Station,Week3,253.0 Greenbriar - 143.0 Burke Station
Greenbriar,Week1,Fairfax Club Estates,Week4,239.0 Greenbriar - 163.0 Fairfax Club Estates
Fox Mill Woods,Week1,Sleepy Hollow B & R,Week2,229.0 Fox Mill Woods - 173.0 Sleepy Hollow B & R
Fox Mill Woods,Week5,Sideburn Run,Week3,259.0 Fox Mill Woods - 143.0 Sideburn Run
Great Falls,Week1,Little Hunting Park,Week4,229.0 Great Falls - 172.0 Little Hunting Park
Fox Mill Woods,Week4,Sideburn Run,Week2,259.0 Fox Mill Woods - 143.0 Sideburn Run
Greenbriar,Week2,Fairfax Club Estates,Week2,275.0 Greenbriar - 127.0 Fairfax Club Estates
Great Falls,Week2,Little Hunting Park,Week1,239.0 Great Falls - 145.0 Little Hunting Park
Great Falls,Week5,Little Hunting Park,Week4,269.0 Great Falls - 132.0 Little Hunting Park
Greenbriar,Week2,Fairfax Station,Week5,262.0 Fairfax Station - 140.0 Greenbriar
Great Falls,Week4,Little Hunting Park,Week4,247.0 Great Falls - 154.0 Little Hunting Park
Fox Mill Woods,Week3,Sleepy Hollow B & R,Week1,242.0 Fox Mill Woods - 160.0 Sleepy Hollow B & R
Fox Mill Woods,Week3,Woodley,Week5,313.0 Fox Mill Woods - 89.0 Woodley
Greenbriar,Week4,Burke Station,Week5,247.0 Greenbriar - 155.0 Burke Station
Fox Mill Woods,Week2,Sleepy Hollow B & R,Week2,214.5 Fox Mill Woods - 187.5 Sleepy Hollow B & R
Fox Mill Woods,Week5,Waynewood,Week2,210.0 Fox Mill Woods - 192.0 Waynewood
Greenbriar,Week1,Burke Station,Week3,277.0 Greenbriar - 120.0 Burke Station
Greenbriar,Week5,Fairfax Club Estates,Week2,260.0 Greenbriar - 141.0 Fairfax Club Estates
Greenbriar,Week5,Burke Station,Week1,265.0 Greenbriar - 114.0 Burke Station
Greenbriar,Week1,Burke Station,Week2,296.0 Greenbriar - 105.0 Burke Station
Fox Mill Woods,Week3,Woodley,Week1,326.0 Fox Mill Woods - 76.0 Woodley
Greenbriar,Week3,Fairfax Club Estates,Week5,254.0 Greenbriar - 148.0 Fairfax Club Estates
Fox Mill Woods,Week4,Woodley,Week2,334.0 Fox Mill Woods - 68.0 Woodley
Fox Mill Woods,Week5,Waynewood,Week3,209.0 Waynewood - 193.0 Fox Mill Woods
Fox Mill Woods,Week3,Woodley,Week3,328.0 Fox Mill Woods - 74.0 Woodley
Fox Mill Woods,Week4,Sideburn Run,Week5,241.0 Fox Mill Woods - 161.0 Sideburn Run
Great Falls,Week5,Little Hunting Park,Week1,268.0 Great Falls - 134.0 Little Hunting Park
Great Falls,Week2,Little Hunting Park,Week4,253.5 Great Falls - 129.5 Little Hunting Park
Great Falls,Week5,Lincolnia Park,Week4,298.0 Great Falls - 94.0 Lincolnia Park
Fox Mill Woods,Week3,Sideburn Run,Week5,246.0 Fox Mill Woods - 156.0 Sideburn Run
Fox Mill Woods,Week4,Sideburn Run,Week4,244.0 Fox Mill Woods - 158.0 Sideburn Run
Great Falls,Week5,Lincolnia Park,Week5,285.0 Great Falls - 107.0 Lincolnia Park
Greenbriar,Week3,Burke Station,Week2,302.0 Greenbriar - 100.0 Burke Station
Greenbriar,Week2,Fairfax Club Estates,Week3,264.0 Greenbriar - 138.0 Fairfax Club Estates
Greenbriar,Week2,Fairfax Club Estates,Week5,259.0 Greenbriar - 143.0 Fairfax Club Estates
Greenbriar,Week4,Fairfax Club Estates,Week3,234.0 Greenbriar - 168.0 Fairfax Club Estates
Great Falls,Week3,Little Hunting Park,Week5,250.0 Great Falls - 151.0 Little Hunting Park
Greenbriar,Week5,Fairfax Club Estates,Week3,256.0 Greenbriar - 144.0 Fairfax Club Estates
Greenbriar,Week4,Fairfax Club Estates,Week5,222.0 Greenbriar - 179.0 Fairfax Club Estates
Greenbriar,Week1,Camelot,Week4,246.0 Greenbriar - 156.0 Camelot
Great Falls,Week3,Little Hunting Park,Week4,268.0 Great Falls - 134.0 Little Hunting Park
Greenbriar,Week3,Camelot,Week3,255.0 Greenbriar - 147.0 Camelot
Greenbriar,Week1,Camelot,Week1,240.0 Greenbriar - 162.0 Camelot
Great Falls,Week3,Little Hunting Park,Week3,267.0 Great Falls - 135.0 Little Hunting Park
Great Falls,Week2,Little Hunting Park,Week5,220.0 Great Falls - 160.0 Little Hunting Park
Greenbriar,Week5,Burke Station,Week4,290.0 Greenbriar - 112.0 Burke Station
Fox Mill Woods,Week3,Woodley,Week4,319.0 Fox Mill Woods - 83.0 Woodley
Greenbriar,Week1,Fairfax Station,Week2,262.0 Fairfax Station - 140.0 Greenbriar
Great Falls,Week1,Little Hunting Park,Week2,239.0 Great Falls - 162.0 Little Hunting Park
Fox Mill Woods,Week4,Sideburn Run,Week1,225.0 Fox Mill Woods - 177.0 Sideburn Run
Greenbriar,Week1,Fairfax Club Estates,Week5,243.0 Greenbriar - 158.0 Fairfax Club Estates
Fox Mill Woods,Week1,Sleepy Hollow B & R,Week4,234.0 Fox Mill Woods - 168.0 Sleepy Hollow B & R
Great Falls,Week2,Little Hunting Park,Week2,242.0 Great Falls - 141.0 Little Hunting Park
Greenbriar,Week5,Fairfax Club Estates,Week4,242.0 Greenbriar - 160.0 Fairfax Club Estates
Greenbriar,Week5,Burke Station,Week3,274.0 Greenbriar - 123.0 Burke Station
Fox Mill Woods,Week2,Woodley,Week5,320.0 Fox Mill Woods - 82.0 Woodley
Fox Mill Woods,Week2,Sideburn Run,Week1,245.0 Fox Mill Woods - 157.0 Sideburn Run
Fox Mill Woods,Week1,Woodley,Week2,326.0 Fox Mill Woods - 76.0 Woodley
Fox Mill Woods,Week2,Sleepy Hollow B & R,Week1,233.0 Fox Mill Woods - 169.0 Sleepy Hollow B & R
Great Falls,Week1,Little Hunting Park,Week1,243.0 Great Falls - 159.0 Little Hunting Park
Fox Mill Woods,Week4,Woodley,Week4,338.0 Fox Mill Woods - 64.0 Woodley
Greenbriar,Week2,Camelot,Week4,256.0 Greenbriar - 146.0 Camelot
Fox Mill Woods,Week3,Woodley,Week2,319.0 Fox Mill Woods - 83.0 Woodley
Fox Mill Woods,Week4,Woodley,Week5,328.0 Fox Mill Woods - 74.0 Woodley
Fox Mill Woods,Week5,Sleepy Hollow B & R,Week1,247.0 Fox Mill Woods - 155.0 Sleepy Hollow B & R
Greenbriar,Week4,Fairfax Club Estates,Week2,231.0 Greenbriar - 171.0 Fairfax Club Estates
Fox Mill Woods,Week1,Sleepy Hollow B & R,Week5,206.0 Sleepy Hollow B & R - 196.0 Fox Mill Woods
Greenbriar,Week5,Burke Station,Week5,261.0 Greenbriar - 140.0 Burke Station
Fox Mill Woods,Week5,Waynewood,Week1,220.0 Fox Mill Woods - 182.0 Waynewood
Fox Mill Woods,Week4,Sideburn Run,Week3,245.0 Fox Mill Woods - 157.0 Sideburn Run
Fox Mill Woods,Week3,Sideburn Run,Week3,237.0 Fox Mill Woods - 165.0 Sideburn Run
Fox Mill Woods,Week2,Sideburn Run,Week3,244.0 Fox Mill Woods - 158.0 Sideburn Run
Great Falls,Week4,Little Hunting Park,Week3,236.0 Great Falls - 166.0 Little Hunting Park
Greenbriar,Week5,Fairfax Station,Week2,262.0 Fairfax Station - 140.0 Greenbriar
Fox Mill Woods,Week1,Woodley,Week1,329.0 Fox Mill Woods - 73.0 Woodley
Fox Mill Woods,Week5,Woodley,Week1,330.0 Fox Mill Woods - 72.0 Woodley
Greenbriar,Week1,Canterbury Woods,Week3,238.5 Greenbriar - 163.5 Canterbury Woods
Great Falls,Week4,Little Hunting Park,Week5,221.0 Great Falls - 177.0 Little Hunting Park
Greenbriar,Week1,Forest Hollow,Week1,202.0 Forest Hollow - 200.0 Greenbriar
Greenbriar,Week5,Camelot,Week1,233.0 Greenbriar - 169.0 Camelot
Fox Mill Woods,Week2,Woodley,Week2,334.5 Fox Mill Woods - 67.5 Woodley
Fox Mill Woods,Week1,Woodley,Week4,331.0 Fox Mill Woods - 71.0 Woodley
Greenbriar,Week3,Forest Hollow,Week5,221.0 Forest Hollow - 181.0 Greenbriar
Greenbriar,Week3,Camelot,Week2,227.0 Greenbriar - 175.0 Camelot
Fox Mill Woods,Week1,Sleepy Hollow B & R,Week1,244.0 Fox Mill Woods - 158.0 Sleepy Hollow B & R
Greenbriar,Week2,Forest Hollow,Week5,204.0 Forest Hollow - 198.0 Greenbriar
Fox Mill Woods,Week2,Sideburn Run,Week5,246.0 Fox Mill Woods - 156.0 Sideburn Run
Great Falls,Week4,Little Hunting Park,Week1,230.0 Great Falls - 172.0 Little Hunting Park
Greenbriar,Week4,Camelot,Week2,222.0 Greenbriar - 180.0 Camelot
Greenbriar,Week2,Canterbury Woods,Week3,248.0 Greenbriar - 154.0 Canterbury Woods
Greenbriar,Week3,Forest Hollow,Week3,208.0 Forest Hollow - 194.0 Greenbriar
Fox Mill Woods,Week5,Sideburn Run,Week4,260.0 Fox Mill Woods - 142.0 Sideburn Run
Great Falls,Week5,Little Hunting Park,Week3,264.0 Great Falls - 138.0 Little Hunting Park
Great Falls,Week1,Little Rocky Run,Week1,278.0 Little Rocky Run - 124.0 Great Falls
Fox Mill Woods,Week4,Woodley,Week1,341.5 Fox Mill Woods - 60.5 Woodley
Greenbriar,Week4,Fairfax Station,Week4,263.0 Fairfax Station - 139.0 Greenbriar
Fox Mill Woods,Week1,Woodley,Week3,337.0 Fox Mill Woods - 65.0 Woodley
Greenbriar,Week5,Fairfax Station,Week4,252.0 Fairfax Station - 150.0 Greenbriar
Greenbriar,Week3,Camelot,Week5,239.0 Greenbriar - 163.0 Camelot
Greenbriar,Week3,Fairfax Station,Week5,279.0 Fairfax Station - 123.0 Greenbriar
Greenbriar,Week4,Camelot,Week5,221.0 Greenbriar - 181.0 Camelot
Great Falls,Week2,Long Branch,Week1,226.0 Great Falls - 158.0 Long Branch
Greenbriar,Week4,Forest Hollow,Week4,231.0 Forest Hollow - 171.0 Greenbriar
Fox Mill Woods,Week3,Sleepy Hollow B & R,Week4,225.0 Fox Mill Woods - 177.0 Sleepy Hollow B & R
Great Falls,Week1,Long Branch,Week2,222.0 Great Falls - 174.0 Long Branch
Great Falls,Week1,Little Rocky Run,Week5,304.0 Little Rocky Run - 98.0 Great Falls
Greenbriar,Week4,Forest Hollow,Week2,213.0 Forest Hollow - 189.0 Greenbriar
Fox Mill Woods,Week5,Woodley,Week2,326.0 Fox Mill Woods - 76.0 Woodley
Greenbriar,Week3,Canterbury Woods,Week2,264.5 Greenbriar - 137.5 Canterbury Woods
Fox Mill Woods,Week4,Sleepy Hollow B & R,Week2,245.0 Fox Mill Woods - 157.0 Sleepy Hollow B & R
Greenbriar,Week3,Fairfax Station,Week3,276.0 Fairfax Station - 126.0 Greenbriar
Great Falls,Week3,Little Rocky Run,Week4,267.0 Little Rocky Run - 135.0 Great Falls
Fox Mill Woods,Week1,Sleepy Hollow B & R,Week3,226.0 Fox Mill Woods - 176.0 Sleepy Hollow B & R
Great Falls,Week5,Annandale,Week2,274.5 Great Falls - 126.5 Annandale
Greenbriar,Week1,Canterbury Woods,Week5,245.0 Greenbriar - 156.0 Canterbury Woods
Greenbriar,Week1,Canterbury Woods,Week1,256.0 Greenbriar - 146.0 Canterbury Woods
Great Falls,Week2,Annandale,Week4,258.0 Great Falls - 125.0 Annandale
Great Falls,Week3,Annandale,Week2,271.0 Great Falls - 131.0 Annandale
Fox Mill Woods,Week3,Sleepy Hollow B & R,Week3,224.0 Fox Mill Woods - 178.0 Sleepy Hollow B & R
Greenbriar,Week5,Fairfax Station,Week3,280.0 Fairfax Station - 122.0 Greenbriar
Great Falls,Week1,Little Rocky Run,Week3,301.0 Little Rocky Run - 100.0 Great Falls
Greenbriar,Week2,Camelot,Week1,252.0 Greenbriar - 150.0 Camelot
Great Falls,Week2,Long Branch,Week4,216.0 Great Falls - 168.0 Long Branch
Fox Mill Woods,Week2,Sleepy Hollow B & R,Week3,226.0 Fox Mill Woods - 176.0 Sleepy Hollow B & R
Great Falls,Week1,Arlington Forest,Week3,201.0 Arlington Forest - 201.0 Great Falls
Greenbriar,Week5,Camelot,Week4,237.0 Greenbriar - 165.0 Camelot
Greenbriar,Week5,Camelot,Week2,224.0 Greenbriar - 178.0 Camelot
Greenbriar,Week2,Forest Hollow,Week1,211.0 Greenbriar - 191.0 Forest Hollow
Fox Mill Woods,Week4,Sleepy Hollow B & R,Week4,230.0 Fox Mill Woods - 172.0 Sleepy Hollow B & R
Fox Mill Woods,Week5,Sideburn Run,Week5,251.0 Fox Mill Woods - 151.0 Sideburn Run
Great Falls,Week5,Little Rocky Run,Week2,250.0 Little Rocky Run - 152.0 Great Falls
Fox Mill Woods,Week2,Sleepy Hollow B & R,Week5,208.0 Sleepy Hollow B & R - 194.0 Fox Mill Woods
Great Falls,Week2,Little Rocky Run,Week3,276.0 Little Rocky Run - 108.0 Great Falls
Fox Mill Woods,Week4,Woodley,Week3,341.0 Fox Mill Woods - 61.0 Woodley
Fox Mill Woods,Week5,Woodley,Week5,317.0 Fox Mill Woods - 85.0 Woodley
Greenbriar,Week5,Camelot,Week5,225.0 Greenbriar - 177.0 Camelot
Great Falls,Week3,Long Branch,Week5,222.0 Great Falls - 180.0 Long Branch
Greenbriar,Week3,Camelot,Week4,247.0 Greenbriar - 155.0 Camelot
Fox Mill Woods,Week4,Lakeview,Week4,335.5 Fox Mill Woods - 66.5 Lakeview
Great Falls,Week1,Arlington Forest,Week5,258.0 Arlington Forest - 144.0 Great Falls
Greenbriar,Week1,Forest Hollow,Week4,203.0 Forest Hollow - 199.0 Greenbriar
Great Falls,Week3,Annandale,Week5,284.0 Great Falls - 118.0 Annandale
Greenbriar,Week1,Canterbury Woods,Week2,261.0 Greenbriar - 141.0 Canterbury Woods
Fox Mill Woods,Week4,Lakevale Estates,Week2,214.0 Fox Mill Woods - 188.0 Lakevale Estates
Greenbriar,Week4,Camelot,Week4,243.0 Greenbriar - 159.0 Camelot
Fox Mill Woods,Week4,Sleepy Hollow B & R,Week5,206.0 Sleepy Hollow B & R - 196.0 Fox Mill Woods
Great Falls,Week4,Annandale,Week4,258.0 Great Falls - 142.0 Annandale
Fox Mill Woods,Week3,Sleepy Hollow B & R,Week5,214.5 Sleepy Hollow B & R - 187.5 Fox Mill Woods
Greenbriar,Week3,Forest Hollow,Week2,221.0 Greenbriar - 181.0 Forest Hollow
Greenbriar,Week5,Camelot,Week3,239.0 Greenbriar - 163.0 Camelot
Greenbriar,Week4,Fairfax Station,Week1,276.0 Fairfax Station - 126.0 Greenbriar
Fox Mill Woods,Week4,Lakevale Estates,Week3,214.0 Lakevale Estates - 188.0 Fox Mill Woods
Greenbriar,Week4,Camelot,Week1,221.5 Greenbriar - 180.5 Camelot
Great Falls,Week3,Long Branch,Week3,249.0 Great Falls - 153.0 Long Branch
Greenbriar,Week1,Forest Hollow,Week3,204.0 Greenbriar - 198.0 Forest Hollow
Fox Mill Woods,Week5,Sleepy Hollow B & R,Week5,217.0 Fox Mill Woods - 185.0 Sleepy Hollow B & R
Fox Mill Woods,Week5,Sleepy Hollow B & R,Week2,240.0 Fox Mill Woods - 162.0 Sleepy Hollow B & R
Great Falls,Week5,Little Rocky Run,Week5,263.0 Little Rocky Run - 134.0 Great Falls
Great Falls,Week2,Little Rocky Run,Week4,264.0 Little Rocky Run - 120.0 Great Falls
Fox Mill Woods,Week5,Lakevale Estates,Week4,216.5 Lakevale Estates - 185.5 Fox Mill Woods
Great Falls,Week2,Annandale,Week2,259.0 Great Falls - 124.0 Annandale
Fox Mill Woods,Week4,Sleepy Hollow B & R,Week3,236.0 Fox Mill Woods - 166.0 Sleepy Hollow B & R
Fox Mill Woods,Week3,Sleepy Hollow Rec,Week3,307.0 Fox Mill Woods - 95.0 Sleepy Hollow Rec
Great Falls,Week1,Annandale,Week4,259.0 Great Falls - 141.0 Annandale
Great Falls,Week3,Long Branch,Week1,245.0 Great Falls - 152.0 Long Branch
Great Falls,Week1,Annandale,Week2,257.0 Great Falls - 144.0 Annandale
Great Falls,Week4,Little Rocky Run,Week1,271.0 Little Rocky Run - 131.0 Great Falls
Greenbriar,Week1,Forest Hollow,Week5,219.0 Forest Hollow - 183.0 Greenbriar
Great Falls,Week3,Annandale,Week1,288.0 Great Falls - 114.0 Annandale
Greenbriar,Week4,Fairfax Station,Week5,305.0 Fairfax Station - 97.0 Greenbriar
Great Falls,Week5,Little Rocky Run,Week1,243.0 Little Rocky Run - 159.0 Great Falls
Greenbriar,Week5,Fairfax Station,Week1,255.0 Fairfax Station - 147.0 Greenbriar
Great Falls,Week4,Annandale,Week2,256.0 Great Falls - 145.0 Annandale
Greenbriar,Week2,Camelot,Week2,248.0 Greenbriar - 154.0 Camelot
Great Falls,Week3,Annandale,Week3,264.0 Great Falls - 133.0 Annandale
Fox Mill Woods,Week5,Sleepy Hollow B & R,Week4,228.0 Fox Mill Woods - 174.0 Sleepy Hollow B & R
Greenbriar,Week2,Camelot,Week3,265.0 Greenbriar - 137.0 Camelot
Great Falls,Week2,Little Rocky Run,Week1,245.0 Little Rocky Run - 139.0 Great Falls
Fox Mill Woods,Week1,Lakeview,Week4,319.0 Fox Mill Woods - 83.0 Lakeview
Fox Mill Woods,Week2,Lakeview,Week5,311.0 Fox Mill Woods - 82.0 Lakeview
Fox Mill Woods,Week3,Sleepy Hollow Rec,Week4,324.0 Fox Mill Woods - 78.0 Sleepy Hollow Rec
Greenbriar,Week3,Camelot,Week1,242.0 Greenbriar - 160.0 Camelot
Greenbriar,Week4,Fairfax Station,Week3,290.0 Fairfax Station - 112.0 Greenbriar
Fox Mill Woods,Week1,Lakevale Estates,Week1,211.0 Fox Mill Woods - 191.0 Lakevale Estates
Fox Mill Woods,Week2,Lakeview,Week3,323.0 Fox Mill Woods - 79.0 Lakeview
Fox Mill Woods,Week4,Sleepy Hollow Rec,Week3,315.0 Fox Mill Woods - 87.0 Sleepy Hollow Rec
Fox Mill Woods,Week4,Lakeview,Week3,344.0 Fox Mill Woods - 58.0 Lakeview
Greenbriar,Week2,Canterbury Woods,Week2,266.0 Greenbriar - 136.0 Canterbury Woods
Great Falls,Week3,Little Rocky Run,Week5,275.0 Little Rocky Run - 122.0 Great Falls
Great Falls,Week1,Annandale,Week1,257.0 Great Falls - 141.0 Annandale
Great Falls,Week1,Annandale,Week3,242.0 Great Falls - 159.0 Annandale
Greenbriar,Week3,Fairfax Station,Week4,259.0 Fairfax Station - 143.0 Greenbriar
Fox Mill Woods,Week3,Lakevale Estates,Week3,207.0 Lakevale Estates - 195.0 Fox Mill Woods
Fox Mill Woods,Week4,Sleepy Hollow B & R,Week1,246.0 Fox Mill Woods - 156.0 Sleepy Hollow B & R
Fox Mill Woods,Week5,Lakevale Estates,Week3,207.0 Lakevale Estates - 195.0 Fox Mill Woods
Great Falls,Week3,Little Rocky Run,Week1,249.0 Little Rocky Run - 153.0 Great Falls
Greenbriar,Week2,Forest Hollow,Week3,202.0 Greenbriar - 200.0 Forest Hollow
Greenbriar,Week5,Fairfax Station,Week5,282.0 Fairfax Station - 120.0 Greenbriar
Great Falls,Week2,Annandale,Week1,258.0 Great Falls - 126.0 Annandale
Great Falls,Week3,Annandale,Week4,280.0 Great Falls - 121.0 Annandale
Fox Mill Woods,Week3,Lakeview,Week2,336.0 Fox Mill Woods - 66.0 Lakeview
Fox Mill Woods,Week5,Lakevale Estates,Week2,205.0 Fox Mill Woods - 197.0 Lakevale Estates
Great Falls,Week5,Annandale,Week1,291.0 Great Falls - 110.0 Annandale
Fox Mill Woods,Week1,Lakevale Estates,Week2,208.0 Fox Mill Woods - 194.0 Lakevale Estates
Fox Mill Woods,Week1,Sleepy Hollow Rec,Week3,317.0 Fox Mill Woods - 85.0 Sleepy Hollow Rec
Great Falls,Week2,Little Rocky Run,Week5,280.0 Little Rocky Run - 104.0 Great Falls
Fox Mill Woods,Week3,Sleepy Hollow Rec,Week5,311.0 Fox Mill Woods - 91.0 Sleepy Hollow Rec
Greenbriar,Week2,Canterbury Woods,Week1,276.0 Greenbriar - 126.0 Canterbury Woods
Fox Mill Woods,Week2,Lakevale Estates,Week4,237.0 Lakevale Estates - 165.0 Fox Mill Woods
Fox Mill Woods,Week2,Lakevale Estates,Week5,245.0 Lakevale Estates - 157.0 Fox Mill Woods
Great Falls,Week4,Little Rocky Run,Week2,281.0 Little Rocky Run - 121.0 Great Falls
Great Falls,Week5,Little Rocky Run,Week4,248.0 Little Rocky Run - 154.0 Great Falls
Greenbriar,Week1,Canterbury Woods,Week4,240.0 Greenbriar - 162.0 Canterbury Woods
Greenbriar,Week4,Camelot,Week3,235.0 Greenbriar - 167.0 Camelot
Great Falls,Week3,Little Rocky Run,Week2,260.0 Little Rocky Run - 142.0 Great Falls
Fox Mill Woods,Week3,Lakeview,Week4,305.0 Fox Mill Woods - 97.0 Lakeview
Greenbriar,Week4,Fairfax Station,Week2,279.0 Fairfax Station - 123.0 Greenbriar
Fox Mill Woods,Week1,Sleepy Hollow Rec,Week5,314.0 Fox Mill Woods - 88.0 Sleepy Hollow Rec
Great Falls,Week2,Annandale,Week5,248.0 Great Falls - 136.0 Annandale
Great Falls,Week4,Little Rocky Run,Week3,275.0 Little Rocky Run - 127.0 Great Falls
Fox Mill Woods,Week2,Sleepy Hollow Rec,Week3,303.0 Fox Mill Woods - 99.0 Sleepy Hollow Rec
Great Falls,Week1,Annandale,Week5,262.5 Great Falls - 139.5 Annandale
Greenbriar,Week2,Forest Hollow,Week2,237.0 Greenbriar - 165.0 Forest Hollow
Great Falls,Week4,Annandale,Week5,268.0 Great Falls - 134.0 Annandale
Fox Mill Woods,Week4,Sleepy Hollow Rec,Week4,333.0 Fox Mill Woods - 69.0 Sleepy Hollow Rec
Greenbriar,Week3,Fairfax Station,Week1,261.0 Fairfax Station - 141.0 Greenbriar
Great Falls,Week2,Little Rocky Run,Week2,256.0 Little Rocky Run - 128.0 Great Falls
Greenbriar,Week2,Camelot,Week5,247.0 Greenbriar - 155.0 Camelot
Greenbriar,Week1,Forest Hollow,Week2,210.0 Greenbriar - 192.0 Forest Hollow
Fox Mill Woods,Week3,Sleepy Hollow Rec,Week1,317.0 Fox Mill Woods - 85.0 Sleepy Hollow Rec
Greenbriar,Week2,Canterbury Woods,Week5,251.0 Greenbriar - 150.0 Canterbury Woods
Greenbriar,Week3,Fairfax Station,Week2,260.0 Fairfax Station - 142.0 Greenbriar
Greenbriar,Week2,Canterbury Woods,Week4,249.0 Greenbriar - 153.0 Canterbury Woods
Fox Mill Woods,Week5,Lakeview,Week1,327.0 Fox Mill Woods - 75.0 Lakeview
Fox Mill Woods,Week2,Lakeview,Week4,324.0 Fox Mill Woods - 78.0 Lakeview
Fox Mill Woods,Week4,Lakeview,Week1,349.0 Fox Mill Woods - 53.0 Lakeview
Fox Mill Woods,Week5,Lakeview,Week2,352.0 Fox Mill Woods - 50.0 Lakeview
Great Falls,Week2,Annandale,Week3,241.0 Great Falls - 143.0 Annandale
Fox Mill Woods,Week1,Sleepy Hollow Rec,Week4,332.0 Fox Mill Woods - 70.0 Sleepy Hollow Rec
Greenbriar,Week2,Cardinal Hill,Week4,211.0 Cardinal Hill - 191.0 Greenbriar
Great Falls,Week3,Little Rocky Run,Week3,273.0 Little Rocky Run - 129.0 Great Falls
Greenbriar,Week2,Forest Hollow,Week4,214.0 Greenbriar - 188.0 Forest Hollow
Great Falls,Week1,Long Branch,Week1,223.0 Great Falls - 178.0 Long Branch
Fox Mill Woods,Week3,Lakevale Estates,Week4,229.0 Lakevale Estates - 173.0 Fox Mill Woods
Fox Mill Woods,Week2,Sleepy Hollow Rec,Week4,321.0 Fox Mill Woods - 81.0 Sleepy Hollow Rec
Fox Mill Woods,Week3,Sleepy Hollow Rec,Week2,316.0 Fox Mill Woods - 86.0 Sleepy Hollow Rec
Greenbriar,Week3,Cardinal Hill,Week1,244.0 Cardinal Hill - 158.0 Greenbriar
Great Falls,Week4,Little Rocky Run,Week5,292.0 Little Rocky Run - 105.0 Great Falls
Greenbriar,Week4,Forest Hollow,Week1,218.0 Forest Hollow - 184.0 Greenbriar
Great Falls,Week4,Annandale,Week3,241.0 Great Falls - 156.0 Annandale
Fox Mill Woods,Week1,Lakevale Estates,Week5,230.0 Lakevale Estates - 172.0 Fox Mill Woods
Greenbriar,Week3,Forest Hollow,Week4,203.0 Forest Hollow - 199.0 Greenbriar
Greenbriar,Week3,Forest Hollow,Week1,212.0 Greenbriar - 190.0 Forest Hollow
Great Falls,Week1,Long Branch,Week5,207.0 Great Falls - 195.0 Long Branch
Fox Mill Woods,Week5,Woodley,Week4,330.0 Fox Mill Woods - 72.0 Woodley
Fox Mill Woods,Week3,Lakeview,Week3,316.0 Fox Mill Woods - 86.0 Lakeview
Greenbriar,Week4,Canterbury Woods,Week4,220.0 Greenbriar - 182.0 Canterbury Woods
Fox Mill Woods,Week3,Lakeview,Week1,329.0 Fox Mill Woods - 73.0 Lakeview
Fox Mill Woods,Week4,Sleepy Hollow Rec,Week1,313.5 Fox Mill Woods - 88.5 Sleepy Hollow Rec
Fox Mill Woods,Week2,Lakevale Estates,Week3,207.0 Lakevale Estates - 195.0 Fox Mill Woods
Fox Mill Woods,Week5,Sleepy Hollow B & R,Week3,239.0 Fox Mill Woods - 163.0 Sleepy Hollow B & R
Great Falls,Week1,Long Branch,Week4,218.0 Great Falls - 184.0 Long Branch
Greenbriar,Week3,Cardinal Hill,Week5,231.0 Cardinal Hill - 171.0 Greenbriar
Great Falls,Week5,Annandale,Week3,270.0 Great Falls - 127.0 Annandale
Greenbriar,Week3,Canterbury Woods,Week1,264.0 Greenbriar - 138.0 Canterbury Woods
Greenbriar,Week4,Forest Hollow,Week3,230.5 Forest Hollow - 171.5 Greenbriar
Great Falls,Week4,Annandale,Week1,265.0 Great Falls - 136.0 Annandale
Fox Mill Woods,Week1,Lakeview,Week3,327.0 Fox Mill Woods - 75.0 Lakeview
Fox Mill Woods,Week1,Lakevale Estates,Week3,203.0 Lakevale Estates - 199.0 Fox Mill Woods
Fox Mill Woods,Week2,Lakevale Estates,Week2,204.0 Fox Mill Woods - 198.0 Lakevale Estates
Fox Mill Woods,Week2,Lakeview,Week1,327.0 Fox Mill Woods - 75.0 Lakeview
Great Falls,Week5,Annandale,Week5,275.0 Great Falls - 127.0 Annandale
Fox Mill Woods,Week1,Lakevale Estates,Week4,222.0 Lakevale Estates - 180.0 Fox Mill Woods
Great Falls,Week1,Long Branch,Week3,223.0 Great Falls - 177.0 Long Branch
Fox Mill Woods,Week2,Lakevale Estates,Week1,211.0 Lakevale Estates - 191.0 Fox Mill Woods
Fox Mill Woods,Week4,Sleepy Hollow Rec,Week2,324.0 Fox Mill Woods - 78.0 Sleepy Hollow Rec
Fox Mill Woods,Week1,Sleepy Hollow Rec,Week1,328.0 Fox Mill Woods - 74.0 Sleepy Hollow Rec
Fox Mill Woods,Week1,Lakeview,Week5,307.0 Fox Mill Woods - 86.0 Lakeview
Greenbriar,Week4,Fox Hunt,Week4,204.0 Fox Hunt - 198.0 Greenbriar
Great Falls,Week1,Arlington Forest,Week2,215.0 Arlington Forest - 187.0 Great Falls
Greenbriar,Week3,Fox Hunt,Week1,230.0 Greenbriar - 172.0 Fox Hunt
Greenbriar,Week3,Canterbury Woods,Week5,241.5 Greenbriar - 160.5 Canterbury Woods
Greenbriar,Week5,Forest Hollow,Week3,209.0 Forest Hollow - 193.0 Greenbriar
Great Falls,Week5,Annandale,Week4,272.0 Great Falls - 128.0 Annandale
Fox Mill Woods,Week2,Sleepy Hollow Rec,Week2,310.0 Fox Mill Woods - 92.0 Sleepy Hollow Rec
Great Falls,Week4,Little Rocky Run,Week4,272.0 Little Rocky Run - 130.0 Great Falls
Greenbriar,Week3,Cardinal Hill,Week2,226.0 Cardinal Hill - 176.0 Greenbriar
Fox Mill Woods,Week4,Lakeview,Week5,331.0 Fox Mill Woods - 62.0 Lakeview
Greenbriar,Week3,Cardinal Hill,Week4,238.0 Cardinal Hill - 164.0 Greenbriar
Great Falls,Week2,Long Branch,Week2,222.0 Great Falls - 162.0 Long Branch
Fox Mill Woods,Week5,Lakevale Estates,Week5,225.0 Lakevale Estates - 177.0 Fox Mill Woods
Great Falls,Week5,Little Rocky Run,Week3,260.5 Little Rocky Run - 141.5 Great Falls
Fox Mill Woods,Week2,Sleepy Hollow Rec,Week1,318.0 Fox Mill Woods - 84.0 Sleepy Hollow Rec
Greenbriar,Week5,Forest Hollow,Week4,216.5 Forest Hollow - 185.5 Greenbriar
Greenbriar,Week3,Canterbury Woods,Week3,247.0 Greenbriar - 155.0 Canterbury Woods
Fox Mill Woods,Week1,Lakeview,Week1,332.0 Fox Mill Woods - 70.0 Lakeview
Great Falls,Week1,Arlington Forest,Week1,229.0 Arlington Forest - 173.0 Great Falls
Great Falls,Week2,Arlington Forest,Week4,214.0 Arlington Forest - 170.0 Great Falls
Fox Mill Woods,Week2,Lakeview,Week2,344.0 Fox Mill Woods - 58.0 Lakeview
Great Falls,Week2,Long Branch,Week3,228.0 Great Falls - 155.0 Long Branch
Fox Mill Woods,Week5,Lincolnia Park,Week1,344.0 Fox Mill Woods - 58.0 Lincolnia Park
Great Falls,Week3,Long Branch,Week4,233.0 Great Falls - 169.0 Long Branch
Fox Mill Woods,Week4,Somerset-Olde Creek,Week5,345.0 Fox Mill Woods - 57.0 Somerset-Olde Creek
Greenbriar,Week1,Cardinal Hill,Week4,237.0 Cardinal Hill - 165.0 Greenbriar
Greenbriar,Week4,Canterbury Woods,Week3,223.0 Greenbriar - 179.0 Canterbury Woods
Fox Mill Woods,Week3,Lakevale Estates,Week1,203.0 Lakevale Estates - 199.0 Fox Mill Woods
Greenbriar,Week1,Fox Hunt,Week5,213.0 Fox Hunt - 189.0 Greenbriar
Fox Mill Woods,Week1,Sleepy Hollow Rec,Week2,335.0 Fox Mill Woods - 67.0 Sleepy Hollow Rec
Fox Mill Woods,Week2,Sleepy Hollow Rec,Week5,306.0 Fox Mill Woods - 96.0 Sleepy Hollow Rec
Greenbriar,Week5,Forest Hollow,Week5,221.0 Forest Hollow - 181.0 Greenbriar
Fox Mill Woods,Week2,Somerset-Olde Creek,Week3,349.0 Fox Mill Woods - 53.0 Somerset-Olde Creek
Great Falls,Week2,Arlington Forest,Week2,194.0 Great Falls - 190.0 Arlington Forest
Fox Mill Woods,Week3,Lakevale Estates,Week5,242.0 Lakevale Estates - 160.0 Fox Mill Woods
Greenbriar,Week2,Fox Hunt,Week2,232.0 Greenbriar - 170.0 Fox Hunt
Great Falls,Week4,Mansion House,Week2,221.0 Mansion House - 171.0 Great Falls
Great Falls,Week2,Arlington Forest,Week1,199.0 Arlington Forest - 185.0 Great Falls
Great Falls,Week2,Long Branch,Week5,217.0 Great Falls - 167.0 Long Branch
Great Falls,Week3,Long Branch,Week2,240.0 Great Falls - 162.0 Long Branch
Fox Mill Woods,Week3,Lakevale Estates,Week2,207.0 Lakevale Estates - 195.0 Fox Mill Woods
Great Falls,Week1,Arlington Forest,Week4,222.5 Arlington Forest - 179.5 Great Falls
Fox Mill Woods,Week3,Somerset-Olde Creek,Week5,336.0 Fox Mill Woods - 66.0 Somerset-Olde Creek
Greenbriar,Week5,Canterbury Woods,Week4,237.0 Greenbriar - 165.0 Canterbury Woods
Greenbriar,Week2,Fox Hunt,Week1,252.0 Greenbriar - 150.0 Fox Hunt
Greenbriar,Week4,Forest Hollow,Week5,252.0 Forest Hollow - 150.0 Greenbriar
Greenbriar,Week1,Cardinal Hill,Week1,242.0 Cardinal Hill - 160.0 Greenbriar
Greenbriar,Week5,Canterbury Woods,Week1,269.0 Greenbriar - 133.0 Canterbury Woods
Fox Mill Woods,Week4,Lakeview,Week2,365.0 Fox Mill Woods - 37.0 Lakeview
Fox Mill Woods,Week4,Lakevale Estates,Week1,218.0 Fox Mill Woods - 184.0 Lakevale Estates
Fox Mill Woods,Week3,Lakeview,Week5,299.0 Fox Mill Woods - 94.0 Lakeview
Greenbriar,Week1,Cardinal Hill,Week2,219.0 Cardinal Hill - 183.0 Greenbriar
Fox Mill Woods,Week1,Lakeview,Week2,346.0 Fox Mill Woods - 56.0 Lakeview
Great Falls,Week1,Mansion House,Week5,249.0 Mansion House - 153.0 Great Falls
Fox Mill Woods,Week1,Somerset-Olde Creek,Week5,342.0 Fox Mill Woods - 60.0 Somerset-Olde Creek
Greenbriar,Week5,Forest Hollow,Week2,212.0 Greenbriar - 190.0 Forest Hollow
Great Falls,Week2,Arlington Forest,Week3,206.0 Great Falls - 178.0 Arlington Forest
Greenbriar,Week1,Fox Hunt,Week2,224.0 Greenbriar - 178.0 Fox Hunt
Great Falls,Week3,Mansion House,Week1,217.0 Mansion House - 180.0 Great Falls
Fox Mill Woods,Week1,Lincolnia Park,Week5,328.0 Fox Mill Woods - 65.0 Lincolnia Park
Great Falls,Week4,Arlington Forest,Week4,223.0 Arlington Forest - 179.0 Great Falls
Greenbriar,Week5,Canterbury Woods,Week5,246.0 Greenbriar - 156.0 Canterbury Woods
Fox Mill Woods,Week1,Lincolnia Park,Week1,350.0 Fox Mill Woods - 52.0 Lincolnia Park
Greenbriar,Week5,Canterbury Woods,Week3,240.0 Greenbriar - 162.0 Canterbury Woods
Greenbriar,Week1,Cardinal Hill,Week3,262.0 Cardinal Hill - 140.0 Greenbriar
Greenbriar,Week4,Fox Hunt,Week1,207.0 Greenbriar - 195.0 Fox Hunt
Fox Mill Woods,Week2,Lincolnia Park,Week5,325.0 Fox Mill Woods - 68.0 Lincolnia Park
Great Falls,Week5,Long Branch,Week3,240.0 Great Falls - 160.0 Long Branch
Greenbriar,Week5,Forest Hollow,Week1,202.0 Greenbriar - 200.0 Forest Hollow
Fox Mill Woods,Week4,Mount Vernon Park,Week5,238.0 Mount Vernon Park - 164.0 Fox Mill Woods
Fox Mill Woods,Week1,South Run,Week1,240.0 Fox Mill Woods - 153.0 South Run
Greenbriar,Week4,Fox Hunt,Week3,225.0 Fox Hunt - 177.0 Greenbriar
Great Falls,Week3,Arlington Forest,Week1,203.0 Great Falls - 199.0 Arlington Forest
Fox Mill Woods,Week2,Somerset-Olde Creek,Week5,330.5 Fox Mill Woods - 71.5 Somerset-Olde Creek
Fox Mill Woods,Week1,Somerset-Olde Creek,Week1,353.0 Fox Mill Woods - 49.0 Somerset-Olde Creek
Fox Mill Woods,Week2,Lincolnia Park,Week4,332.0 Fox Mill Woods - 70.0 Lincolnia Park
Fox Mill Woods,Week2,Newington Forest,Week2,337.0 Fox Mill Woods - 64.0 Newington Forest
Great Falls,Week4,Arlington Forest,Week3,212.0 Great Falls - 190.0 Arlington Forest
Great Falls,Week3,Arlington Forest,Week4,206.0 Arlington Forest - 196.0 Great Falls
Greenbriar,Week3,Fox Hunt,Week5,201.0 Fox Hunt - 201.0 Greenbriar
Great Falls,Week3,Arlington Forest,Week3,238.0 Great Falls - 164.0 Arlington Forest
Great Falls,Week4,Long Branch,Week4,214.0 Great Falls - 188.0 Long Branch
Greenbriar,Week4,Canterbury Woods,Week5,225.0 Greenbriar - 176.0 Canterbury Woods
Fox Mill Woods,Week3,Somerset-Olde Creek,Week4,353.0 Fox Mill Woods - 49.0 Somerset-Olde Creek
Fox Mill Woods,Week2,Somerset-Olde Creek,Week4,341.0 Fox Mill Woods - 61.0 Somerset-Olde Creek
Great Falls,Week2,Mansion House,Week2,219.0 Mansion House - 160.0 Great Falls
Great Falls,Week4,Long Branch,Week2,222.0 Great Falls - 180.0 Long Branch
Greenbriar,Week3,Fox Hunt,Week3,210.0 Fox Hunt - 192.0 Greenbriar
Fox Mill Woods,Week1,Lincolnia Park,Week2,342.0 Fox Mill Woods - 51.0 Lincolnia Park
Great Falls,Week1,Brandywine,Week2,217.0 Brandywine - 185.0 Great Falls
Greenbriar,Week5,Canterbury Woods,Week2,259.0 Greenbriar - 143.0 Canterbury Woods
Fox Mill Woods,Week5,Mount Vernon Park,Week2,218.0 Mount Vernon Park - 184.0 Fox Mill Woods
Greenbriar,Week4,Canterbury Woods,Week1,247.0 Greenbriar - 155.0 Canterbury Woods
Greenbriar,Week1,Fox Hunt,Week1,227.0 Greenbriar - 175.0 Fox Hunt
Fox Mill Woods,Week1,Lincolnia Park,Week4,345.5 Fox Mill Woods - 56.5 Lincolnia Park
Great Falls,Week4,Arlington Forest,Week1,205.0 Arlington Forest - 197.0 Great Falls
Great Falls,Week4,Arlington Forest,Week2,208.0 Great Falls - 189.0 Arlington Forest
Fox Mill Woods,Week4,Newington Forest,Week2,331.0 Fox Mill Woods - 71.0 Newington Forest
Fox Mill Woods,Week4,Somerset-Olde Creek,Week1,354.0 Fox Mill Woods - 48.0 Somerset-Olde Creek
Fox Mill Woods,Week4,Mount Vernon Park,Week1,212.5 Mount Vernon Park - 189.5 Fox Mill Woods
Greenbriar,Week2,Cardinal Hill,Week1,228.0 Cardinal Hill - 174.0 Greenbriar
Great Falls,Week5,Long Branch,Week4,231.0 Great Falls - 171.0 Long Branch
Fox Mill Woods,Week2,Lincolnia Park,Week1,342.0 Fox Mill Woods - 60.0 Lincolnia Park
Fox Mill Woods,Week5,Mount Vernon Park,Week5,237.0 Mount Vernon Park - 165.0 Fox Mill Woods
Fox Mill Woods,Week3,Lincolnia Park,Week2,333.0 Fox Mill Woods - 60.0 Lincolnia Park
Greenbriar,Week2,Cardinal Hill,Week2,202.0 Greenbriar - 200.0 Cardinal Hill
Fox Mill Woods,Week1,Newington Forest,Week3,329.0 Fox Mill Woods - 73.0 Newington Forest
Greenbriar,Week4,Fox Hunt,Week5,213.0 Fox Hunt - 189.0 Greenbriar
Fox Mill Woods,Week5,Sleepy Hollow Rec,Week4,329.0 Fox Mill Woods - 73.0 Sleepy Hollow Rec
Great Falls,Week1,Brandywine,Week5,231.0 Brandywine - 171.0 Great Falls
Fox Mill Woods,Week5,Sleepy Hollow Rec,Week1,309.0 Fox Mill Woods - 93.0 Sleepy Hollow Rec
Fox Mill Woods,Week2,Lincolnia Park,Week2,329.0 Fox Mill Woods - 64.0 Lincolnia Park
Greenbriar,Week1,Cardinal Hill,Week5,232.0 Cardinal Hill - 170.0 Greenbriar
Greenbriar,Week5,Fox Hunt,Week2,208.0 Fox Hunt - 194.0 Greenbriar
Great Falls,Week5,Long Branch,Week2,247.0 Great Falls - 155.0 Long Branch
Great Falls,Week3,Mansion House,Week2,218.0 Mansion House - 179.0 Great Falls
Great Falls,Week1,Mansion House,Week1,241.0 Mansion House - 161.0 Great Falls
Fox Mill Woods,Week3,Somerset-Olde Creek,Week3,349.0 Fox Mill Woods - 53.0 Somerset-Olde Creek
Great Falls,Week2,Brandywine,Week1,201.0 Brandywine - 183.0 Great Falls
Great Falls,Week5,Arlington Forest,Week2,230.0 Great Falls - 167.0 Arlington Forest
Fox Mill Woods,Week3,Mount Vernon Park,Week2,217.0 Mount Vernon Park - 185.0 Fox Mill Woods
Fox Mill Woods,Week4,Somerset-Olde Creek,Week2,357.0 Fox Mill Woods - 45.0 Somerset-Olde Creek
Fox Mill Woods,Week4,Mount Vernon Park,Week3,216.0 Mount Vernon Park - 186.0 Fox Mill Woods
Great Falls,Week4,Arlington Forest,Week5,238.0 Arlington Forest - 159.0 Great Falls
Fox Mill Woods,Week1,Little Hunting Park,Week5,269.5 Fox Mill Woods - 132.5 Little Hunting Park
Great Falls,Week5,Long Branch,Week5,235.0 Great Falls - 167.0 Long Branch
Great Falls,Week3,Arlington Forest,Week2,223.0 Great Falls - 174.0 Arlington Forest
Fox Mill Woods,Week1,Newington Forest,Week5,316.0 Fox Mill Woods - 86.0 Newington Forest
Greenbriar,Week1,Fox Hunt,Week3,206.0 Fox Hunt - 196.0 Greenbriar
Great Falls,Week1,Mansion House,Week2,235.0 Mansion House - 167.0 Great Falls
Fox Mill Woods,Week2,Somerset-Olde Creek,Week1,346.0 Fox Mill Woods - 55.0 Somerset-Olde Creek
Fox Mill Woods,Week4,Lincolnia Park,Week4,346.0 Fox Mill Woods - 56.0 Lincolnia Park
Greenbriar,Week2,Cardinal Hill,Week5,212.0 Cardinal Hill - 190.0 Greenbriar
Great Falls,Week2,Rutherford,Week5,234.0 Great Falls - 150.0 Rutherford
Fox Mill Woods,Week1,Somerset-Olde Creek,Week2,357.0 Fox Mill Woods - 45.0 Somerset-Olde Creek
Greenbriar,Week4,Canterbury Woods,Week2,245.0 Greenbriar - 157.0 Canterbury Woods
Greenbriar,Week3,Cardinal Hill,Week3,264.0 Cardinal Hill - 138.0 Greenbriar
Greenbriar,Week2,Fox Hunt,Week5,222.0 Greenbriar - 180.0 Fox Hunt
Great Falls,Week1,Mansion House,Week4,231.0 Mansion House - 167.0 Great Falls
Greenbriar,Week4,Fox Hunt,Week2,213.0 Fox Hunt - 189.0 Greenbriar
Great Falls,Week1,Mansion House,Week3,245.5 Mansion House - 156.5 Great Falls
Fox Mill Woods,Week3,Somerset-Olde Creek,Week1,350.0 Fox Mill Woods - 52.0 Somerset-Olde Creek
Fox Mill Woods,Week3,Mount Vernon Park,Week4,210.0 Mount Vernon Park - 192.0 Fox Mill Woods
Fox Mill Woods,Week5,Mount Vernon Park,Week1,211.0 Mount Vernon Park - 191.0 Fox Mill Woods
Great Falls,Week2,Arlington Forest,Week5,225.0 Arlington Forest - 159.0 Great Falls
Fox Mill Woods,Week3,Lincolnia Park,Week5,324.0 Fox Mill Woods - 69.0 Lincolnia Park
Greenbriar,Week3,Canterbury Woods,Week4,233.0 Greenbriar - 169.0 Canterbury Woods
Fox Mill Woods,Week5,Somerset-Olde Creek,Week2,350.0 Fox Mill Woods - 51.0 Somerset-Olde Creek
Greenbriar,Week2,Fox Hunt,Week4,241.5 Greenbriar - 160.5 Fox Hunt
Great Falls,Week4,Long Branch,Week1,217.0 Great Falls - 175.0 Long Branch
Greenbriar,Week2,Fox Hunt,Week3,211.0 Greenbriar - 191.0 Fox Hunt
Fox Mill Woods,Week1,Lincolnia Park,Week3,325.0 Fox Mill Woods - 68.0 Lincolnia Park
Great Falls,Week5,Arlington Forest,Week1,213.0 Great Falls - 189.0 Arlington Forest
Fox Mill Woods,Week4,Lincolnia Park,Week2,353.0 Fox Mill Woods - 40.0 Lincolnia Park
Fox Mill Woods,Week2,Newington Forest,Week1,341.0 Fox Mill Woods - 60.0 Newington Forest
Greenbriar,Week2,Cardinal Hill,Week3,239.0 Cardinal Hill - 163.0 Greenbriar
Greenbriar,Week1,Fox Hunt,Week4,228.5 Greenbriar - 173.5 Fox Hunt
Fox Mill Woods,Week5,Lincolnia Park,Week3,321.0 Fox Mill Woods - 72.0 Lincolnia Park
Fox Mill Woods,Week3,Mount Vernon Park,Week1,216.0 Mount Vernon Park - 186.0 Fox Mill Woods
Great Falls,Week1,Rutherford,Week3,226.0 Great Falls - 175.0 Rutherford
Great Falls,Week5,Rutherford,Week2,248.0 Great Falls - 153.0 Rutherford
Greenbriar,Week3,Fox Hunt,Week4,226.5 Greenbriar - 175.5 Fox Hunt
Great Falls,Week5,Arlington Forest,Week4,208.0 Great Falls - 194.0 Arlington Forest
Greenbriar,Week1,Chesterbrook,Week1,296.0 Chesterbrook - 106.0 Greenbriar
Great Falls,Week5,Long Branch,Week1,244.0 Great Falls - 153.0 Long Branch
Fox Mill Woods,Week3,Mount Vernon Park,Week5,237.0 Mount Vernon Park - 165.0 Fox Mill Woods
Fox Mill Woods,Week4,Sleepy Hollow Rec,Week5,313.0 Fox Mill Woods - 89.0 Sleepy Hollow Rec
Great Falls,Week1,Rutherford,Week5,228.0 Great Falls - 173.0 Rutherford
Great Falls,Week2,Mansion House,Week4,205.0 Mansion House - 179.0 Great Falls
Fox Mill Woods,Week5,Sleepy Hollow Rec,Week5,307.0 Fox Mill Woods - 95.0 Sleepy Hollow Rec
Greenbriar,Week4,Cardinal Hill,Week1,261.0 Cardinal Hill - 141.0 Greenbriar
Great Falls,Week5,Rolling Valley,Week5,263.0 Great Falls - 139.0 Rolling Valley
Greenbriar,Week4,Cardinal Hill,Week4,257.0 Cardinal Hill - 145.0 Greenbriar
Great Falls,Week2,Rutherford,Week1,261.0 Great Falls - 123.0 Rutherford
Fox Mill Woods,Week3,Somerset-Olde Creek,Week2,354.0 Fox Mill Woods - 48.0 Somerset-Olde Creek
Great Falls,Week3,Arlington Forest,Week5,229.0 Arlington Forest - 168.0 Great Falls
Fox Mill Woods,Week1,Little Hunting Park,Week4,299.0 Fox Mill Woods - 103.0 Little Hunting Park
Great Falls,Week4,Long Branch,Week3,224.0 Great Falls - 177.0 Long Branch
Fox Mill Woods,Week4,Lincolnia Park,Week5,333.0 Fox Mill Woods - 60.0 Lincolnia Park
Great Falls,Week1,Brandywine,Week1,208.0 Brandywine - 194.0 Great Falls
Greenbriar,Week2,Chesterbrook,Week1,278.0 Chesterbrook - 124.0 Greenbriar
Fox Mill Woods,Week3,Lincolnia Park,Week3,313.0 Fox Mill Woods - 80.0 Lincolnia Park
Greenbriar,Week5,Fox Hunt,Week1,210.0 Greenbriar - 192.0 Fox Hunt
Fox Mill Woods,Week5,Mount Vernon Park,Week4,211.0 Mount Vernon Park - 191.0 Fox Mill Woods
Fox Mill Woods,Week2,Somerset-Olde Creek,Week2,349.0 Fox Mill Woods - 53.0 Somerset-Olde Creek
Fox Mill Woods,Week1,Somerset-Olde Creek,Week4,358.0 Fox Mill Woods - 44.0 Somerset-Olde Creek
Greenbriar,Week1,Chesterbrook,Week4,302.0 Chesterbrook - 100.0 Greenbriar
Greenbriar,Week5,Fox Hunt,Week3,219.0 Fox Hunt - 183.0 Greenbriar
Greenbriar,Week3,Fox Hunt,Week2,229.0 Greenbriar - 173.0 Fox Hunt
Fox Mill Woods,Week3,Mount Vernon Park,Week3,220.0 Mount Vernon Park - 182.0 Fox Mill Woods
Great Falls,Week1,Brandywine,Week3,229.0 Brandywine - 172.0 Great Falls
Great Falls,Week2,Mansion House,Week5,241.0 Mansion House - 143.0 Great Falls
Greenbriar,Week1,Chesterbrook,Week5,320.0 Chesterbrook - 82.0 Greenbriar
Fox Mill Woods,Week5,Lincolnia Park,Week5,332.0 Fox Mill Woods - 61.0 Lincolnia Park
Great Falls,Week5,Arlington Forest,Week3,235.0 Great Falls - 167.0 Arlington Forest
Great Falls,Week3,Mansion House,Week4,206.0 Great Falls - 191.0 Mansion House
Fox Mill Woods,Week2,Newington Forest,Week3,332.0 Fox Mill Woods - 70.0 Newington Forest
Fox Mill Woods,Week1,Somerset-Olde Creek,Week3,353.0 Fox Mill Woods - 49.0 Somerset-Olde Creek
Greenbriar,Week4,Fox Mill Estates,Week4,201.0 Fox Mill Estates - 201.0 Greenbriar
Greenbriar,Week1,Fox Mill Estates,Week4,252.5 Greenbriar - 149.5 Fox Mill Estates
Great Falls,Week2,Rutherford,Week2,250.0 Great Falls - 134.0 Rutherford
Fox Mill Woods,Week2,Lincolnia Park,Week3,308.0 Fox Mill Woods - 85.0 Lincolnia Park
Great Falls,Week5,Arlington Forest,Week5,215.0 Arlington Forest - 182.0 Great Falls
Fox Mill Woods,Week5,Little Hunting Park,Week2,299.0 Fox Mill Woods - 103.0 Little Hunting Park
Great Falls,Week1,Brandywine,Week4,220.0 Brandywine - 182.0 Great Falls
Fox Mill Woods,Week4,Somerset-Olde Creek,Week3,357.0 Fox Mill Woods - 45.0 Somerset-Olde Creek
Fox Mill Woods,Week3,Little Hunting Park,Week2,297.0 Fox Mill Woods - 105.0 Little Hunting Park
Great Falls,Week5,Rolling Valley,Week3,269.0 Great Falls - 133.0 Rolling Valley
Great Falls,Week2,Rutherford,Week4,234.0 Great Falls - 150.0 Rutherford
Greenbriar,Week5,Fox Hunt,Week4,204.0 Fox Hunt - 198.0 Greenbriar
Great Falls,Week3,Mansion House,Week5,234.0 Mansion House - 168.0 Great Falls
Great Falls,Week3,Mansion House,Week3,221.0 Mansion House - 181.0 Great Falls
Fox Mill Woods,Week2,Newington Forest,Week5,311.0 Fox Mill Woods - 91.0 Newington Forest
Fox Mill Woods,Week1,Newington Forest,Week4,318.0 Fox Mill Woods - 84.0 Newington Forest
Greenbriar,Week2,Chesterbrook,Week3,322.0 Chesterbrook - 80.0 Greenbriar
Greenbriar,Week5,Fox Mill Estates,Week5,257.0 Greenbriar - 145.0 Fox Mill Estates
Great Falls,Week2,Mansion House,Week1,233.0 Mansion House - 151.0 Great Falls
Fox Mill Woods,Week5,Sleepy Hollow Rec,Week3,315.0 Fox Mill Woods - 87.0 Sleepy Hollow Rec
Greenbriar,Week4,Cardinal Hill,Week3,278.0 Cardinal Hill - 124.0 Greenbriar
Greenbriar,Week5,Cardinal Hill,Week4,236.0 Cardinal Hill - 166.0 Greenbriar
Fox Mill Woods,Week5,Lincolnia Park,Week4,343.0 Fox Mill Woods - 59.0 Lincolnia Park
Fox Mill Woods,Week1,Newington Forest,Week1,348.0 Fox Mill Woods - 53.0 Newington Forest
Greenbriar,Week3,Chesterbrook,Week1,299.0 Chesterbrook - 103.0 Greenbriar
Great Falls,Week3,Mantua,Week5,265.0 Mantua - 137.0 Great Falls
Greenbriar,Week4,Fox Mill Estates,Week2,226.5 Greenbriar - 175.5 Fox Mill Estates
Fox Mill Woods,Week4,Somerset-Olde Creek,Week4,347.0 Fox Mill Woods - 55.0 Somerset-Olde Creek
Greenbriar,Week2,Fox Mill Woods,Week2,220.0 Fox Mill Woods - 182.0 Greenbriar
Fox Mill Woods,Week5,Somerset-Olde Creek,Week5,332.0 Fox Mill Woods - 70.0 Somerset-Olde Creek
Great Falls,Week2,Rutherford,Week3,231.0 Great Falls - 153.0 Rutherford
Great Falls,Week5,Rutherford,Week1,260.0 Great Falls - 142.0 Rutherford
Fox Mill Woods,Week3,Lincolnia Park,Week1,337.0 Fox Mill Woods - 65.0 Lincolnia Park
Greenbriar,Week5,Fox Mill Estates,Week2,245.0 Greenbriar - 157.0 Fox Mill Estates
Greenbriar,Week2,Fox Mill Estates,Week5,267.0 Greenbriar - 135.0 Fox Mill Estates
Great Falls,Week1,Rutherford,Week2,229.0 Great Falls - 169.0 Rutherford
Fox Mill Woods,Week4,Mount Vernon Park,Week4,202.0 Mount Vernon Park - 200.0 Fox Mill Woods
Great Falls,Week3,Rutherford,Week2,250.0 Great Falls - 152.0 Rutherford
Fox Mill Woods,Week5,Sleepy Hollow Rec,Week2,321.0 Fox Mill Woods - 81.0 Sleepy Hollow Rec
Great Falls,Week2,Mansion House,Week3,232.0 Mansion House - 152.0 Great Falls
Greenbriar,Week2,Chesterbrook,Week2,306.5 Chesterbrook - 95.5 Greenbriar
Great Falls,Week4,Mansion House,Week3,252.0 Mansion House - 150.0 Great Falls
Greenbriar,Week4,Cardinal Hill,Week2,242.0 Cardinal Hill - 160.0 Greenbriar
Greenbriar,Week5,Cardinal Hill,Week1,238.0 Cardinal Hill - 164.0 Greenbriar
Greenbriar,Week2,Chesterbrook,Week5,307.0 Chesterbrook - 95.0 Greenbriar
Fox Mill Woods,Week3,Lincolnia Park,Week4,331.0 Fox Mill Woods - 71.0 Lincolnia Park
Fox Mill Woods,Week4,Lincolnia Park,Week1,354.0 Fox Mill Woods - 48.0 Lincolnia Park
Great Falls,Week1,Shouse Village,Week2,211.0 Shouse Village - 187.0 Great Falls
Fox Mill Woods,Week4,Mount Vernon Park,Week2,212.0 Mount Vernon Park - 190.0 Fox Mill Woods
Fox Mill Woods,Week3,Newington Forest,Week1,334.0 Fox Mill Woods - 68.0 Newington Forest
Fox Mill Woods,Week5,Mount Vernon Park,Week3,209.0 Mount Vernon Park - 193.0 Fox Mill Woods
Great Falls,Week3,Rutherford,Week5,245.0 Great Falls - 157.0 Rutherford
Great Falls,Week4,Mansion House,Week1,232.0 Mansion House - 165.0 Great Falls
Great Falls,Week4,Long Branch,Week5,220.0 Great Falls - 182.0 Long Branch
Fox Mill Woods,Week4,Lincolnia Park,Week3,328.0 Fox Mill Woods - 65.0 Lincolnia Park
Greenbriar,Week5,Fox Hunt,Week5,223.0 Fox Hunt - 179.0 Greenbriar
Fox Mill Woods,Week5,Somerset-Olde Creek,Week1,339.0 Fox Mill Woods - 63.0 Somerset-Olde Creek
Fox Mill Woods,Week1,Newington Forest,Week2,336.0 Fox Mill Woods - 65.0 Newington Forest
Fox Mill Woods,Week5,Somerset-Olde Creek,Week4,345.0 Fox Mill Woods - 57.0 Somerset-Olde Creek
Fox Mill Woods,Week3,Newington Forest,Week3,324.0 Fox Mill Woods - 78.0 Newington Forest
Fox Mill Woods,Week3,Little Hunting Park,Week1,297.0 Fox Mill Woods - 105.0 Little Hunting Park
Fox Mill Woods,Week1,Springboard,Week3,326.0 Fox Mill Woods - 75.0 Springboard
Great Falls,Week5,Mansion House,Week1,212.0 Mansion House - 185.0 Great Falls
Great Falls,Week4,Rutherford,Week3,239.0 Great Falls - 163.0 Rutherford
Great Falls,Week1,Shouse Village,Week4,247.0 Shouse Village - 155.0 Great Falls
Fox Mill Woods,Week3,Newington Forest,Week5,310.0 Fox Mill Woods - 92.0 Newington Forest
Great Falls,Week4,Mantua,Week3,271.0 Mantua - 131.0 Great Falls
Great Falls,Week3,Shouse Village,Week2,216.0 Great Falls - 186.0 Shouse Village
Fox Mill Woods,Week3,Newington Forest,Week2,324.0 Fox Mill Woods - 78.0 Newington Forest
Greenbriar,Week3,Chesterbrook,Week2,321.0 Chesterbrook - 81.0 Greenbriar
Greenbriar,Week3,Fox Mill Estates,Week4,235.0 Greenbriar - 167.0 Fox Mill Estates
Fox Mill Woods,Week1,Little Hunting Park,Week2,307.0 Fox Mill Woods - 95.0 Little Hunting Park
Great Falls,Week4,Mantua,Week2,254.0 Mantua - 144.0 Great Falls
Fox Mill Woods,Week2,Little Hunting Park,Week5,275.0 Fox Mill Woods - 127.0 Little Hunting Park
Fox Mill Woods,Week5,Somerset-Olde Creek,Week3,339.0 Fox Mill Woods - 62.0 Somerset-Olde Creek
Great Falls,Week5,Mantua,Week1,229.0 Mantua - 166.0 Great Falls
Fox Mill Woods,Week2,Newington Forest,Week4,316.0 Fox Mill Woods - 86.0 Newington Forest
Fox Mill Woods,Week3,South Run,Week1,227.0 Fox Mill Woods - 166.0 South Run
Great Falls,Week3,Mantua,Week4,236.0 Mantua - 166.0 Great Falls
Greenbriar,Week1,Chesterbrook,Week2,315.0 Chesterbrook - 87.0 Greenbriar
Great Falls,Week3,Rutherford,Week1,276.0 Great Falls - 126.0 Rutherford
Greenbriar,Week3,Chesterbrook,Week4,311.0 Chesterbrook - 91.0 Greenbriar
Greenbriar,Week1,Fox Mill Estates,Week2,248.0 Greenbriar - 154.0 Fox Mill Estates
Greenbriar,Week4,Cardinal Hill,Week5,249.0 Cardinal Hill - 153.0 Greenbriar
Fox Mill Woods,Week2,Little Hunting Park,Week1,299.0 Fox Mill Woods - 102.0 Little Hunting Park
Greenbriar,Week1,Fox Mill Estates,Week5,256.0 Greenbriar - 146.0 Fox Mill Estates
Fox Mill Woods,Week1,Little Hunting Park,Week3,291.0 Fox Mill Woods - 111.0 Little Hunting Park
Fox Mill Woods,Week2,Springboard,Week1,325.0 Fox Mill Woods - 76.0 Springboard
Greenbriar,Week3,Fox Mill Estates,Week2,239.0 Greenbriar - 163.0 Fox Mill Estates
Great Falls,Week1,Rutherford,Week1,243.0 Great Falls - 158.0 Rutherford
Greenbriar,Week3,Chesterbrook,Week3,334.0 Chesterbrook - 68.0 Greenbriar
Greenbriar,Week5,Fox Mill Estates,Week1,255.0 Greenbriar - 147.0 Fox Mill Estates
Fox Mill Woods,Week1,South Run,Week2,266.0 Fox Mill Woods - 136.0 South Run
Fox Mill Woods,Week3,Newington Forest,Week4,307.0 Fox Mill Woods - 95.0 Newington Forest
Greenbriar,Week3,Fox Mill Estates,Week3,244.0 Greenbriar - 158.0 Fox Mill Estates
Great Falls,Week5,Rolling Valley,Week4,271.0 Great Falls - 130.0 Rolling Valley
Greenbriar,Week3,Fox Mill Estates,Week1,269.0 Greenbriar - 133.0 Fox Mill Estates
Fox Mill Woods,Week3,Little Hunting Park,Week5,259.0 Fox Mill Woods - 143.0 Little Hunting Park
Fox Mill Woods,Week3,South Run,Week2,257.0 Fox Mill Woods - 145.0 South Run
Greenbriar,Week3,Chesterbrook,Week5,332.0 Chesterbrook - 70.0 Greenbriar
Great Falls,Week2,Mantua,Week1,230.0 Mantua - 153.0 Great Falls
Greenbriar,Week5,Fox Mill Estates,Week3,230.0 Greenbriar - 172.0 Fox Mill Estates
Fox Mill Woods,Week3,Little Hunting Park,Week4,285.0 Fox Mill Woods - 117.0 Little Hunting Park
Fox Mill Woods,Week4,Newington Forest,Week1,338.0 Fox Mill Woods - 64.0 Newington Forest
Great Falls,Week4,Mantua,Week1,253.0 Mantua - 138.0 Great Falls
Fox Mill Woods,Week1,Springboard,Week4,332.0 Fox Mill Woods - 70.0 Springboard
Great Falls,Week4,Rutherford,Week4,231.0 Great Falls - 167.0 Rutherford
Fox Mill Woods,Week2,South Run,Week2,258.0 Fox Mill Woods - 144.0 South Run
Fox Mill Woods,Week1,Little Hunting Park,Week1,303.0 Fox Mill Woods - 98.0 Little Hunting Park
Greenbriar,Week5,Cardinal Hill,Week3,263.0 Cardinal Hill - 139.0 Greenbriar
Great Falls,Week1,Rutherford,Week4,232.0 Great Falls - 170.0 Rutherford
Great Falls,Week4,Fairfax Station,Week5,292.0 Fairfax Station - 110.0 Great Falls
Fox Mill Woods,Week2,North Springfield,Week4,329.0 Fox Mill Woods - 63.0 North Springfield
Greenbriar,Week2,Chesterbrook,Week4,303.0 Chesterbrook - 99.0 Greenbriar
Great Falls,Week1,Mantua,Week1,252.0 Mantua - 145.0 Great Falls
Great Falls,Week4,Mantua,Week5,280.0 Mantua - 121.0 Great Falls
Great Falls,Week1,Fairfax Station,Week1,265.0 Fairfax Station - 137.0 Great Falls
Fox Mill Woods,Week5,South Run,Week4,273.0 Fox Mill Woods - 129.0 South Run
Fox Mill Woods,Week1,North Springfield,Week5,299.0 Fox Mill Woods - 75.0 North Springfield
Great Falls,Week3,Fairfax Station,Week5,266.0 Fairfax Station - 136.0 Great Falls
Fox Mill Woods,Week5,Lincolnia Park,Week2,342.0 Fox Mill Woods - 50.0 Lincolnia Park
Fox Mill Woods,Week2,Little Hunting Park,Week4,294.0 Fox Mill Woods - 108.0 Little Hunting Park
Great Falls,Week1,Mantua,Week4,255.0 Mantua - 147.0 Great Falls
Fox Mill Woods,Week4,North Springfield,Week3,337.0 Fox Mill Woods - 60.0 North Springfield
Greenbriar,Week3,Fox Mill Estates,Week5,259.0 Greenbriar - 143.0 Fox Mill Estates
Fox Mill Woods,Week4,South Run,Week4,259.0 Fox Mill Woods - 143.0 South Run
Great Falls,Week4,Rutherford,Week1,261.0 Great Falls - 137.0 Rutherford
Fox Mill Woods,Week4,South Run,Week5,245.0 Fox Mill Woods - 157.0 South Run
Great Falls,Week5,Fairfax Club Estates,Week5,232.0 Great Falls - 169.0 Fairfax Club Estates
Greenbriar,Week5,Cardinal Hill,Week2,216.5 Cardinal Hill - 185.5 Greenbriar
Greenbriar,Week2,Fox Mill Estates,Week1,271.0 Greenbriar - 131.0 Fox Mill Estates
Fox Mill Woods,Week4,Newington Forest,Week4,321.0 Fox Mill Woods - 81.0 Newington Forest
Greenbriar,Week1,Chesterbrook,Week3,328.0 Chesterbrook - 74.0 Greenbriar
Fox Mill Woods,Week5,North Springfield,Week4,333.5 Fox Mill Woods - 56.5 North Springfield
Great Falls,Week4,Mansion House,Week5,273.0 Mansion House - 129.0 Great Falls
Greenbriar,Week4,Fox Mill Estates,Week5,234.0 Greenbriar - 168.0 Fox Mill Estates
Fox Mill Woods,Week1,South Run,Week5,240.0 Fox Mill Woods - 162.0 South Run
Great Falls,Week1,Mantua,Week3,292.0 Mantua - 110.0 Great Falls
Greenbriar,Week4,Fox Mill Estates,Week1,251.0 Greenbriar - 151.0 Fox Mill Estates
Fox Mill Woods,Week4,Little Hunting Park,Week1,309.0 Fox Mill Woods - 93.0 Little Hunting Park
Great Falls,Week4,Fairfax Station,Week3,293.0 Fairfax Station - 109.0 Great Falls
Great Falls,Week3,Rutherford,Week4,259.0 Great Falls - 143.0 Rutherford
Great Falls,Week3,Rutherford,Week3,250.0 Great Falls - 152.0 Rutherford
Fox Mill Woods,Week5,South Run,Week5,250.0 Fox Mill Woods - 152.0 South Run
Greenbriar,Week5,Cardinal Hill,Week5,237.0 Cardinal Hill - 165.0 Greenbriar
Great Falls,Week4,Rutherford,Week2,254.0 Great Falls - 147.0 Rutherford
Greenbriar,Week2,Fox Mill Estates,Week2,255.0 Greenbriar - 147.0 Fox Mill Estates
Great Falls,Week1,Forest Hollow,Week5,237.0 Forest Hollow - 164.0 Great Falls
Great Falls,Week5,Mansion House,Week3,228.0 Mansion House - 174.0 Great Falls
Fox Mill Woods,Week4,Little Hunting Park,Week2,303.0 Fox Mill Woods - 99.0 Little Hunting Park
Fox Mill Woods,Week4,Little Hunting Park,Week3,298.0 Fox Mill Woods - 104.0 Little Hunting Park
Great Falls,Week1,Mantua,Week5,294.0 Mantua - 108.0 Great Falls
Great Falls,Week5,Fairfax Station,Week5,257.0 Fairfax Station - 144.0 Great Falls
Fox Mill Woods,Week5,South Run,Week1,246.0 Fox Mill Woods - 147.0 South Run
Fox Mill Woods,Week2,Little Hunting Park,Week2,302.0 Fox Mill Woods - 100.0 Little Hunting Park
Great Falls,Week3,Fairfax Station,Week1,241.0 Fairfax Station - 161.0 Great Falls
Great Falls,Week4,Rutherford,Week5,221.0 Great Falls - 180.0 Rutherford
Fox Mill Woods,Week3,North Springfield,Week3,325.0 Fox Mill Woods - 72.0 North Springfield
Fox Mill Woods,Week2,North Springfield,Week3,323.0 Fox Mill Woods - 74.0 North Springfield
Great Falls,Week3,Lakevale Estates,Week2,250.0 Lakevale Estates - 152.0 Great Falls
Great Falls,Week2,Forest Hollow,Week3,233.0 Forest Hollow - 151.0 Great Falls
Great Falls,Week3,Lake Braddock,Week5,288.0 Great Falls - 114.0 Lake Braddock
Great Falls,Week1,Shouse Village,Week1,231.0 Shouse Village - 171.0 Great Falls
Great Falls,Week1,Fairfax Station,Week2,286.0 Fairfax Station - 116.0 Great Falls
Greenbriar,Week4,Fox Mill Estates,Week3,218.5 Greenbriar - 183.5 Fox Mill Estates
Fox Mill Woods,Week4,North Springfield,Week2,342.0 Fox Mill Woods - 46.0 North Springfield
Fox Mill Woods,Week4,Little Hunting Park,Week4,313.0 Fox Mill Woods - 89.0 Little Hunting Park
Fox Mill Woods,Week3,South Run,Week4,246.0 Fox Mill Woods - 156.0 South Run
Fox Mill Woods,Week3,North Springfield,Week1,312.0 Fox Mill Woods - 39.0 North Springfield
Fox Mill Woods,Week2,South Run,Week1,231.0 Fox Mill Woods - 162.0 South Run
Fox Mill Woods,Week4,Newington Forest,Week5,318.0 Fox Mill Woods - 84.0 Newington Forest
Great Falls,Week2,Fairfax Station,Week1,249.0 Fairfax Station - 135.0 Great Falls
Fox Mill Woods,Week5,Little Hunting Park,Week1,308.0 Fox Mill Woods - 94.0 Little Hunting Park
Great Falls,Week5,Fairfax Station,Week1,227.0 Fairfax Station - 174.0 Great Falls
Great Falls,Week5,Mansion House,Week4,199.0 Mansion House - 197.0 Great Falls
Greenbriar,Week1,Fox Mill Estates,Week3,245.0 Greenbriar - 157.0 Fox Mill Estates
Great Falls,Week2,Shouse Village,Week2,193.0 Great Falls - 191.0 Shouse Village
Fox Mill Woods,Week3,South Run,Week3,247.0 Fox Mill Woods - 155.0 South Run
Fox Mill Woods,Week4,Newington Forest,Week3,335.0 Fox Mill Woods - 67.0 Newington Forest
Greenbriar,Week1,Fox Mill Estates,Week1,274.0 Greenbriar - 128.0 Fox Mill Estates
Great Falls,Week5,Rutherford,Week3,250.0 Great Falls - 152.0 Rutherford
Fox Mill Woods,Week4,Little Hunting Park,Week5,277.0 Fox Mill Woods - 125.0 Little Hunting Park
Great Falls,Week5,Mansion House,Week2,216.0 Mansion House - 181.0 Great Falls
Great Falls,Week1,Mantua,Week2,257.0 Mantua - 145.0 Great Falls
Great Falls,Week4,Fairfax Station,Week4,268.0 Fairfax Station - 134.0 Great Falls
Greenbriar,Week5,Fox Mill Estates,Week4,236.0 Greenbriar - 165.0 Fox Mill Estates
Great Falls,Week1,Shouse Village,Week5,248.0 Shouse Village - 153.0 Great Falls
Fox Mill Woods,Week1,South Run,Week4,259.0 Fox Mill Woods - 143.0 South Run
Great Falls,Week5,Rutherford,Week5,243.0 Great Falls - 159.0 Rutherford
Great Falls,Week5,Lake Braddock,Week5,278.0 Great Falls - 123.0 Lake Braddock
Fox Mill Woods,Week2,Little Hunting Park,Week3,295.0 Fox Mill Woods - 107.0 Little Hunting Park
Great Falls,Week5,Mansion House,Week5,239.0 Mansion House - 162.0 Great Falls
Fox Mill Woods,Week4,North Springfield,Week1,323.0 Fox Mill Woods - 28.0 North Springfield
Greenbriar,Week2,Fox Mill Estates,Week3,252.0 Greenbriar - 150.0 Fox Mill Estates
Fox Mill Woods,Week3,Little Hunting Park,Week3,286.0 Fox Mill Woods - 116.0 Little Hunting Park
Great Falls,Week5,Lake Braddock,Week1,291.0 Great Falls - 110.0 Lake Braddock
Greenbriar,Week2,Fox Mill Estates,Week4,235.0 Greenbriar - 167.0 Fox Mill Estates
Greenbriar,Week1,Fox Mill Woods,Week4,247.0 Fox Mill Woods - 155.0 Greenbriar
Great Falls,Week2,Shouse Village,Week4,228.0 Shouse Village - 156.0 Great Falls
Great Falls,Week2,Fairfax Station,Week4,259.0 Fairfax Station - 125.0 Great Falls
Fox Mill Woods,Week1,North Springfield,Week2,322.0 Fox Mill Woods - 66.0 North Springfield
Fox Mill Woods,Week5,Newington Forest,Week1,328.0 Fox Mill Woods - 74.0 Newington Forest
Great Falls,Week2,Fairfax Station,Week3,272.0 Fairfax Station - 112.0 Great Falls
Fox Mill Woods,Week3,South Run,Week5,225.0 Fox Mill Woods - 177.0 South Run
Great Falls,Week2,Mantua,Week3,269.0 Mantua - 115.0 Great Falls
Great Falls,Week2,Mantua,Week5,257.5 Mantua - 126.5 Great Falls
Fox Mill Woods,Week4,South Run,Week1,236.0 Fox Mill Woods - 157.0 South Run
Fox Mill Woods,Week5,Little Hunting Park,Week5,271.0 Fox Mill Woods - 131.0 Little Hunting Park
Great Falls,Week2,Shouse Village,Week5,226.0 Shouse Village - 157.0 Great Falls
Greenbriar,Week1,Fox Mill Woods,Week2,223.0 Fox Mill Woods - 179.0 Greenbriar
Great Falls,Week4,Lakevale Estates,Week1,272.0 Lakevale Estates - 130.0 Great Falls
Fox Mill Woods,Week4,South Run,Week3,269.0 Fox Mill Woods - 133.0 South Run
Fox Mill Woods,Week5,Little Hunting Park,Week3,303.0 Fox Mill Woods - 99.0 Little Hunting Park
Great Falls,Week3,Lake Braddock,Week4,295.0 Great Falls - 107.0 Lake Braddock
Great Falls,Week1,Forest Hollow,Week3,229.0 Forest Hollow - 173.0 Great Falls
Great Falls,Week3,Mantua,Week1,231.0 Mantua - 166.0 Great Falls
Great Falls,Week3,Shouse Village,Week1,203.0 Great Falls - 199.0 Shouse Village
Fox Mill Woods,Week5,Newington Forest,Week5,308.0 Fox Mill Woods - 94.0 Newington Forest
Great Falls,Week2,Lakevale Estates,Week1,248.0 Lakevale Estates - 136.0 Great Falls
Great Falls,Week2,Mantua,Week4,243.0 Mantua - 141.0 Great Falls
Fox Mill Woods,Week1,Springboard,Week2,354.0 Fox Mill Woods - 47.0 Springboard
Great Falls,Week2,Shouse Village,Week3,197.0 Shouse Village - 187.0 Great Falls
Fox Mill Woods,Week5,North Springfield,Week1,314.0 Fox Mill Woods - 37.0 North Springfield
Fox Mill Woods,Week5,Little Hunting Park,Week4,294.5 Fox Mill Woods - 107.5 Little Hunting Park
Great Falls,Week1,Forest Hollow,Week1,223.0 Forest Hollow - 178.0 Great Falls
Great Falls,Week1,Shouse Village,Week3,223.0 Shouse Village - 179.0 Great Falls
Great Falls,Week5,Lakevale Estates,Week2,258.0 Lakevale Estates - 144.0 Great Falls
Great Falls,Week5,Rutherford,Week4,256.0 Great Falls - 146.0 Rutherford
Fox Mill Woods,Week4,South Run,Week2,259.0 Fox Mill Woods - 143.0 South Run
Fox Mill Woods,Week3,North Springfield,Week2,327.0 Fox Mill Woods - 61.0 North Springfield
Great Falls,Week3,Shouse Village,Week5,230.0 Shouse Village - 172.0 Great Falls
Fox Mill Woods,Week1,Little Rocky Run,Week2,204.0 Fox Mill Woods - 198.0 Little Rocky Run
Great Falls,Week2,Fairfax Station,Week5,285.0 Fairfax Station - 99.0 Great Falls
Fox Mill Woods,Week2,South Run,Week4,260.0 Fox Mill Woods - 142.0 South Run
Great Falls,Week4,Fairfax Station,Week2,272.0 Fairfax Station - 130.0 Great Falls
Fox Mill Woods,Week2,North Springfield,Week5,300.0 Fox Mill Woods - 74.0 North Springfield
Great Falls,Week2,Shouse Village,Week1,216.0 Shouse Village - 168.0 Great Falls
Greenbriar,Week1,Fox Mill Woods,Week3,224.0 Fox Mill Woods - 178.0 Greenbriar
Great Falls,Week3,Mantua,Week2,236.5 Mantua - 165.5 Great Falls
Fox Mill Woods,Week5,Newington Forest,Week3,319.0 Fox Mill Woods - 83.0 Newington Forest
Great Falls,Week3,Mantua,Week3,254.0 Mantua - 148.0 Great Falls
Great Falls,Week2,Mantua,Week2,221.0 Mantua - 163.0 Great Falls
Fox Mill Woods,Week5,South Run,Week2,270.0 Fox Mill Woods - 132.0 South Run
Great Falls,Week1,Fairfax Station,Week5,290.0 Fairfax Station - 112.0 Great Falls
Greenbriar,Week1,Fox Mill Woods,Week1,234.5 Fox Mill Woods - 167.5 Greenbriar
Fox Mill Woods,Week4,North Springfield,Week5,321.0 Fox Mill Woods - 53.0 North Springfield
Fox Mill Woods,Week2,South Run,Week3,259.0 Fox Mill Woods - 143.0 South Run
Greenbriar,Week2,Fox Mill Woods,Week1,239.0 Fox Mill Woods - 163.0 Greenbriar
Great Falls,Week3,Lakevale Estates,Week5,279.0 Lakevale Estates - 123.0 Great Falls
Great Falls,Week2,Lakevale Estates,Week3,270.0 Lakevale Estates - 114.0 Great Falls
Great Falls,Week4,Lake Braddock,Week2,271.0 Great Falls - 129.0 Lake Braddock
Fox Mill Woods,Week1,Little Rocky Run,Week3,218.0 Little Rocky Run - 184.0 Fox Mill Woods
Great Falls,Week4,Mansion House,Week4,228.0 Mansion House - 167.0 Great Falls
Greenbriar,Week1,Fox Mill Woods,Week5,256.0 Fox Mill Woods - 146.0 Greenbriar
Great Falls,Week4,Lake Braddock,Week4,281.0 Great Falls - 120.0 Lake Braddock
Great Falls,Week3,Fairfax Station,Week3,257.0 Fairfax Station - 145.0 Great Falls
Fox Mill Woods,Week2,South Run,Week5,236.0 Fox Mill Woods - 166.0 South Run
Fox Mill Woods,Week1,Little Rocky Run,Week1,206.0 Fox Mill Woods - 196.0 Little Rocky Run
Greenbriar,Week2,Fox Mill Woods,Week4,232.0 Fox Mill Woods - 170.0 Greenbriar
Great Falls,Week4,Mantua,Week4,256.0 Mantua - 146.0 Great Falls
Fox Mill Woods,Week1,North Springfield,Week1,316.0 Fox Mill Woods - 35.0 North Springfield
Greenbriar,Week4,Fox Mill Woods,Week3,252.0 Fox Mill Woods - 150.0 Greenbriar
Fox Mill Woods,Week3,Orange Hunt,Week3,219.5 Fox Mill Woods - 182.5 Orange Hunt
Great Falls,Week3,McLean,Week5,292.0 McLean - 110.0 Great Falls
Fox Mill Woods,Week5,Old Keene Mill,Week3,282.0 Fox Mill Woods - 120.0 Old Keene Mill
Greenbriar,Week3,Fox Mill Woods,Week5,253.5 Fox Mill Woods - 148.5 Greenbriar
Great Falls,Week4,Lake Braddock,Week3,266.0 Great Falls - 134.0 Lake Braddock
Great Falls,Week4,Lake Braddock,Week1,277.0 Great Falls - 121.0 Lake Braddock
Great Falls,Week5,Fairfax Station,Week2,238.0 Fairfax Station - 164.0 Great Falls
Fox Mill Woods,Week1,Orange Hunt,Week4,236.0 Fox Mill Woods - 166.0 Orange Hunt
Great Falls,Week3,Fairfax Station,Week4,239.0 Fairfax Station - 163.0 Great Falls
Great Falls,Week5,Shouse Village,Week5,232.0 Shouse Village - 168.0 Great Falls
Fox Mill Woods,Week1,North Springfield,Week3,321.0 Fox Mill Woods - 76.0 North Springfield
Greenbriar,Week3,Fox Mill Woods,Week1,236.0 Fox Mill Woods - 166.0 Greenbriar
Greenbriar,Week3,Great Falls,Week3,219.5 Greenbriar - 182.5 Great Falls
Fox Mill Woods,Week5,Newington Forest,Week4,313.0 Fox Mill Woods - 89.0 Newington Forest
Great Falls,Week1,Fairfax Station,Week3,297.0 Fairfax Station - 104.0 Great Falls
Great Falls,Week3,McLean,Week3,288.0 McLean - 109.0 Great Falls
Great Falls,Week1,Sideburn Run,Week1,236.0 Sideburn Run - 160.0 Great Falls
Fox Mill Woods,Week2,Orange Hunt,Week1,227.0 Fox Mill Woods - 175.0 Orange Hunt
Fox Mill Woods,Week1,North Springfield,Week4,334.0 Fox Mill Woods - 58.0 North Springfield
Great Falls,Week1,Lakevale Estates,Week1,281.0 Lakevale Estates - 121.0 Great Falls
Great Falls,Week4,Shouse Village,Week3,215.0 Shouse Village - 186.0 Great Falls
Great Falls,Week4,McLean,Week2,309.0 McLean - 93.0 Great Falls
Great Falls,Week2,McLean,Week2,281.0 McLean - 103.0 Great Falls
Fox Mill Woods,Week5,South Run,Week3,272.0 Fox Mill Woods - 130.0 South Run
Fox Mill Woods,Week1,Springboard,Week1,338.0 Fox Mill Woods - 63.0 Springboard
Great Falls,Week1,Sideburn Run,Week5,241.0 Sideburn Run - 161.0 Great Falls
Fox Mill Woods,Week1,Springboard,Week5,325.0 Fox Mill Woods - 76.0 Springboard
Greenbriar,Week4,Fox Mill Woods,Week4,266.0 Fox Mill Woods - 136.0 Greenbriar
Fox Mill Woods,Week1,South Run,Week3,270.0 Fox Mill Woods - 132.0 South Run
Great Falls,Week4,Fairfax Station,Week1,265.0 Fairfax Station - 137.0 Great Falls
Great Falls,Week5,Lake Braddock,Week3,285.0 Great Falls - 115.0 Lake Braddock
Great Falls,Week3,Fairfax Station,Week2,244.0 Fairfax Station - 158.0 Great Falls
Fox Mill Woods,Week3,North Springfield,Week5,295.0 Fox Mill Woods - 79.0 North Springfield
Great Falls,Week1,Mosby Woods,Week4,258.0 Mosby Woods - 143.0 Great Falls
Great Falls,Week5,Fairfax Station,Week4,223.0 Fairfax Station - 178.0 Great Falls
Fox Mill Woods,Week2,Springboard,Week3,320.0 Fox Mill Woods - 81.0 Springboard
Great Falls,Week1,Fairfax Station,Week4,272.0 Fairfax Station - 130.0 Great Falls
Greenbriar,Week2,Great Falls,Week4,237.0 Greenbriar - 164.0 Great Falls
Great Falls,Week1,Lakevale Estates,Week2,276.0 Lakevale Estates - 126.0 Great Falls
Great Falls,Week1,Sideburn Run,Week4,237.0 Sideburn Run - 165.0 Great Falls
Greenbriar,Week5,Fox Mill Woods,Week3,237.0 Fox Mill Woods - 165.0 Greenbriar
Fox Mill Woods,Week5,Orange Hunt,Week1,231.0 Fox Mill Woods - 171.0 Orange Hunt
Fox Mill Woods,Week5,Newington Forest,Week2,322.0 Fox Mill Woods - 80.0 Newington Forest
Fox Mill Woods,Week2,North Springfield,Week2,335.0 Fox Mill Woods - 53.0 North Springfield
Great Falls,Week5,Shouse Village,Week2,211.0 Great Falls - 190.0 Shouse Village
Great Falls,Week1,Mosby Woods,Week2,272.0 Mosby Woods - 129.0 Great Falls
Great Falls,Week2,Lakevale Estates,Week2,236.0 Lakevale Estates - 148.0 Great Falls
Fox Mill Woods,Week3,Rolling Valley,Week1,361.0 Fox Mill Woods - 41.0 Rolling Valley
Fox Mill Woods,Week3,Orange Hunt,Week2,227.0 Fox Mill Woods - 175.0 Orange Hunt
Great Falls,Week2,Sideburn Run,Week3,230.0 Sideburn Run - 154.0 Great Falls
Fox Mill Woods,Week5,Orange Hunt,Week4,239.0 Fox Mill Woods - 163.0 Orange Hunt
Great Falls,Week2,Sideburn Run,Week1,212.0 Sideburn Run - 172.0 Great Falls
Fox Mill Woods,Week2,Springboard,Week2,355.0 Fox Mill Woods - 46.0 Springboard
Great Falls,Week5,McLean,Week3,280.0 McLean - 116.0 Great Falls
Fox Mill Woods,Week2,North Springfield,Week1,319.0 Fox Mill Woods - 31.0 North Springfield
Great Falls,Week2,Fairfax Station,Week2,262.0 Fairfax Station - 122.0 Great Falls
Greenbriar,Week1,Great Falls,Week2,221.0 Greenbriar - 163.0 Great Falls
Great Falls,Week4,Lake Braddock,Week5,261.5 Great Falls - 138.5 Lake Braddock
Fox Mill Woods,Week3,Rolling Valley,Week3,338.0 Fox Mill Woods - 64.0 Rolling Valley
Fox Mill Woods,Week4,Rolling Valley,Week5,341.0 Fox Mill Woods - 61.0 Rolling Valley
Great Falls,Week1,Forest Hollow,Week2,220.0 Forest Hollow - 181.0 Great Falls
Great Falls,Week5,Fairfax Station,Week3,252.0 Fairfax Station - 149.0 Great Falls
Great Falls,Week2,McLean,Week4,275.0 McLean - 109.0 Great Falls
Fox Mill Woods,Week5,North Springfield,Week2,332.0 Fox Mill Woods - 56.0 North Springfield
Great Falls,Week2,Lakevale Estates,Week4,275.0 Lakevale Estates - 109.0 Great Falls
Great Falls,Week5,Lake Braddock,Week2,278.0 Great Falls - 123.0 Lake Braddock
Greenbriar,Week1,Great Falls,Week1,222.0 Greenbriar - 180.0 Great Falls
Great Falls,Week2,Forest Hollow,Week1,223.0 Forest Hollow - 161.0 Great Falls
Great Falls,Week1,Forest Hollow,Week4,227.0 Forest Hollow - 175.0 Great Falls
Fox Mill Woods,Week2,Orange Hunt,Week3,220.0 Fox Mill Woods - 182.0 Orange Hunt
Great Falls,Week2,Sideburn Run,Week2,205.0 Sideburn Run - 179.0 Great Falls
Fox Mill Woods,Week5,North Springfield,Week3,331.0 Fox Mill Woods - 65.0 North Springfield
Fox Mill Woods,Week3,Orange Hunt,Week1,228.0 Fox Mill Woods - 174.0 Orange Hunt
Fox Mill Woods,Week4,North Springfield,Week4,344.0 Fox Mill Woods - 48.0 North Springfield
Greenbriar,Week1,Great Falls,Week3,203.0 Greenbriar - 199.0 Great Falls
Great Falls,Week3,Lake Braddock,Week3,291.0 Great Falls - 111.0 Lake Braddock
Great Falls,Week1,Lakevale Estates,Week3,294.0 Lakevale Estates - 108.0 Great Falls
Fox Mill Woods,Week3,Rolling Valley,Week4,324.0 Fox Mill Woods - 78.0 Rolling Valley
Fox Mill Woods,Week3,North Springfield,Week4,331.0 Fox Mill Woods - 61.0 North Springfield
Greenbriar,Week2,Fox Mill Woods,Week5,232.0 Fox Mill Woods - 170.0 Greenbriar
Great Falls,Week2,Lakevale Estates,Week5,264.0 Lakevale Estates - 120.0 Great Falls
Fox Mill Woods,Week5,Old Keene Mill,Week5,290.0 Fox Mill Woods - 112.0 Old Keene Mill
Fox Mill Woods,Week5,Orange Hunt,Week5,213.0 Fox Mill Woods - 189.0 Orange Hunt
Fox Mill Woods,Week3,Rolling Valley,Week5,329.0 Fox Mill Woods - 73.0 Rolling Valley
Great Falls,Week4,McLean,Week3,294.0 McLean - 102.0 Great Falls
Great Falls,Week1,McLean,Week1,297.0 McLean - 105.0 Great Falls
Great Falls,Week3,McLean,Week1,281.0 McLean - 121.0 Great Falls
Greenbriar,Week5,Fox Mill Woods,Week1,241.0 Fox Mill Woods - 161.0 Greenbriar
Fox Mill Woods,Week1,Orange Hunt,Week2,237.0 Fox Mill Woods - 165.0 Orange Hunt
Fox Mill Woods,Week4,Rolling Valley,Week4,328.0 Fox Mill Woods - 74.0 Rolling Valley
Great Falls,Week3,Shouse Village,Week3,211.0 Great Falls - 191.0 Shouse Village
Greenbriar,Week3,Great Falls,Week1,229.0 Greenbriar - 172.0 Great Falls
Great Falls,Week4,Shouse Village,Week2,214.0 Shouse Village - 186.0 Great Falls
Great Falls,Week5,Mantua,Week3,267.0 Mantua - 135.0 Great Falls
Fox Mill Woods,Week3,Oakton ,Week1,230.0 Oakton - 172.0 Fox Mill Woods
Great Falls,Week2,Forest Hollow,Week2,202.0 Forest Hollow - 182.0 Great Falls
Great Falls,Week2,Sideburn Run,Week4,226.0 Sideburn Run - 158.0 Great Falls
Great Falls,Week5,Forest Hollow,Week2,206.5 Great Falls - 195.5 Forest Hollow
Great Falls,Week1,Lakevale Estates,Week4,306.0 Lakevale Estates - 96.0 Great Falls
Fox Mill Woods,Week5,Rolling Valley,Week5,343.0 Fox Mill Woods - 59.0 Rolling Valley
Great Falls,Week2,Sideburn Run,Week5,221.0 Sideburn Run - 163.0 Great Falls
Great Falls,Week4,Shouse Village,Week4,239.0 Shouse Village - 158.0 Great Falls
Fox Mill Woods,Week5,Orange Hunt,Week3,229.0 Fox Mill Woods - 173.0 Orange Hunt
Fox Mill Woods,Week5,Rolling Hills,Week5,303.0 Fox Mill Woods - 99.0 Rolling Hills
Great Falls,Week3,Sideburn Run,Week1,205.0 Sideburn Run - 197.0 Great Falls
Greenbriar,Week1,Great Falls,Week5,203.0 Greenbriar - 198.0 Great Falls
Fox Mill Woods,Week5,Oakton ,Week5,235.0 Oakton - 167.0 Fox Mill Woods
Fox Mill Woods,Week2,Oakton ,Week2,250.0 Oakton - 152.0 Fox Mill Woods
Great Falls,Week4,McLean,Week1,301.0 McLean - 101.0 Great Falls
Fox Mill Woods,Week2,Orange Hunt,Week2,217.0 Fox Mill Woods - 185.0 Orange Hunt
Fox Mill Woods,Week1,Rutherford,Week5,312.0 Fox Mill Woods - 90.0 Rutherford
Great Falls,Week1,McLean,Week4,286.0 McLean - 116.0 Great Falls
Great Falls,Week5,McLean,Week1,281.0 McLean - 121.0 Great Falls
Great Falls,Week5,Shouse Village,Week1,217.0 Shouse Village - 185.0 Great Falls
Great Falls,Week2,Fox Hunt,Week2,191.0 Great Falls - 187.0 Fox Hunt
Fox Mill Woods,Week4,Rolling Valley,Week2,333.0 Fox Mill Woods - 69.0 Rolling Valley
Fox Mill Woods,Week1,Oakton ,Week4,216.0 Oakton - 186.0 Fox Mill Woods
Fox Mill Woods,Week4,Old Keene Mill,Week5,285.0 Fox Mill Woods - 117.0 Old Keene Mill
Great Falls,Week5,McLean,Week2,294.0 McLean - 108.0 Great Falls
Fox Mill Woods,Week2,Orange Hunt,Week5,209.0 Orange Hunt - 193.0 Fox Mill Woods
Greenbriar,Week2,Great Falls,Week2,228.0 Greenbriar - 156.0 Great Falls
Great Falls,Week3,Lakevale Estates,Week1,244.0 Lakevale Estates - 158.0 Great Falls
Fox Mill Woods,Week1,Oakton ,Week3,209.0 Oakton - 193.0 Fox Mill Woods
Great Falls,Week1,Lakevale Estates,Week5,291.0 Lakevale Estates - 111.0 Great Falls
Great Falls,Week3,Lakevale Estates,Week3,277.0 Lakevale Estates - 120.0 Great Falls
Fox Mill Woods,Week1,Rutherford,Week3,301.0 Fox Mill Woods - 101.0 Rutherford
Greenbriar,Week4,Fox Mill Woods,Week5,266.0 Fox Mill Woods - 136.0 Greenbriar
Great Falls,Week5,Lake Braddock,Week4,286.0 Great Falls - 115.0 Lake Braddock
Great Falls,Week4,Shouse Village,Week5,241.0 Shouse Village - 160.0 Great Falls
Greenbriar,Week3,Fox Mill Woods,Week2,231.0 Fox Mill Woods - 171.0 Greenbriar
Great Falls,Week1,Fox Hunt,Week2,206.5 Great Falls - 190.5 Fox Hunt
Great Falls,Week5,Forest Hollow,Week5,214.0 Forest Hollow - 188.0 Great Falls
Greenbriar,Week1,Great Falls,Week4,228.0 Greenbriar - 174.0 Great Falls
Great Falls,Week4,Shouse Village,Week1,222.0 Shouse Village - 180.0 Great Falls
Fox Mill Woods,Week1,Langley,Week5,210.0 Fox Mill Woods - 192.0 Langley
Fox Mill Woods,Week5,Old Keene Mill,Week1,303.0 Fox Mill Woods - 99.0 Old Keene Mill
Great Falls,Week4,Forest Hollow,Week3,219.5 Forest Hollow - 182.5 Great Falls
Great Falls,Week3,Shouse Village,Week4,228.0 Shouse Village - 174.0 Great Falls
Fox Mill Woods,Week3,Oakton ,Week4,232.0 Oakton - 170.0 Fox Mill Woods
Great Falls,Week4,Lakevale Estates,Week2,265.0 Lakevale Estates - 137.0 Great Falls
Fox Mill Woods,Week3,Oakton ,Week2,246.0 Oakton - 156.0 Fox Mill Woods
Great Falls,Week1,Fox Hunt,Week3,224.0 Fox Hunt - 177.0 Great Falls
Great Falls,Week5,Mantua,Week2,232.0 Mantua - 170.0 Great Falls
Fox Mill Woods,Week5,Rolling Hills,Week3,303.0 Fox Mill Woods - 99.0 Rolling Hills
Greenbriar,Week2,Fox Mill Woods,Week3,215.0 Fox Mill Woods - 187.0 Greenbriar
Great Falls,Week1,Sideburn Run,Week3,243.0 Sideburn Run - 159.0 Great Falls
Fox Mill Woods,Week1,Orange Hunt,Week3,237.0 Fox Mill Woods - 165.0 Orange Hunt
Fox Mill Woods,Week1,Rolling Valley,Week1,359.0 Fox Mill Woods - 43.0 Rolling Valley
Greenbriar,Week2,Great Falls,Week1,235.0 Greenbriar - 167.0 Great Falls
Great Falls,Week4,Lakevale Estates,Week3,286.0 Lakevale Estates - 111.0 Great Falls
Great Falls,Week3,Lakevale Estates,Week4,283.0 Lakevale Estates - 119.0 Great Falls
Fox Mill Woods,Week5,Langley,Week1,202.0 Langley - 200.0 Fox Mill Woods
Fox Mill Woods,Week5,Rolling Hills,Week1,296.0 Fox Mill Woods - 105.0 Rolling Hills
Fox Mill Woods,Week2,Old Keene Mill,Week2,299.0 Fox Mill Woods - 103.0 Old Keene Mill
Great Falls,Week2,Fox Hunt,Week4,195.0 Fox Hunt - 189.0 Great Falls
Fox Mill Woods,Week1,Langley,Week1,211.0 Langley - 191.0 Fox Mill Woods
Great Falls,Week1,McLean,Week5,310.0 McLean - 92.0 Great Falls
Great Falls,Week3,McLean,Week2,291.0 McLean - 111.0 Great Falls
Fox Mill Woods,Week3,Orange Hunt,Week4,228.0 Fox Mill Woods - 174.0 Orange Hunt
Great Falls,Week1,Lakeview,Week5,265.0 Great Falls - 126.0 Lakeview
Great Falls,Week5,Shouse Village,Week3,202.0 Great Falls - 200.0 Shouse Village
Great Falls,Week2,Fox Hunt,Week1,190.0 Great Falls - 189.0 Fox Hunt
Fox Mill Woods,Week1,Rolling Valley,Week2,345.0 Fox Mill Woods - 57.0 Rolling Valley
Fox Mill Woods,Week4,Orange Hunt,Week3,232.0 Fox Mill Woods - 170.0 Orange Hunt
Great Falls,Week1,Sideburn Run,Week2,234.0 Sideburn Run - 168.0 Great Falls
Fox Mill Woods,Week4,Rolling Hills,Week5,307.0 Fox Mill Woods - 95.0 Rolling Hills
Greenbriar,Week5,Fox Mill Woods,Week2,233.0 Fox Mill Woods - 169.0 Greenbriar
Great Falls,Week5,Mantua,Week5,260.0 Mantua - 142.0 Great Falls
Greenbriar,Week3,Fox Mill Woods,Week4,246.0 Fox Mill Woods - 156.0 Greenbriar
Great Falls,Week2,Fox Hunt,Week3,194.0 Great Falls - 190.0 Fox Hunt
Great Falls,Week3,Forest Hollow,Week3,205.0 Forest Hollow - 197.0 Great Falls
Fox Mill Woods,Week4,Old Keene Mill,Week3,288.0 Fox Mill Woods - 114.0 Old Keene Mill
Fox Mill Woods,Week4,Rolling Hills,Week4,299.0 Fox Mill Woods - 103.0 Rolling Hills
Fox Mill Woods,Week1,Oakton ,Week2,219.0 Oakton - 183.0 Fox Mill Woods
Great Falls,Week1,McLean,Week2,294.0 McLean - 108.0 Great Falls
Fox Mill Woods,Week2,Rolling Valley,Week1,362.0 Fox Mill Woods - 40.0 Rolling Valley
Great Falls,Week5,Mantua,Week4,235.0 Mantua - 167.0 Great Falls
Fox Mill Woods,Week4,Oakton ,Week3,228.0 Oakton - 174.0 Fox Mill Woods
Fox Mill Woods,Week5,Oakton ,Week3,218.0 Oakton - 184.0 Fox Mill Woods
Greenbriar,Week2,Great Falls,Week3,220.0 Greenbriar - 182.0 Great Falls
Great Falls,Week2,McLean,Week1,284.0 McLean - 100.0 Great Falls
Fox Mill Woods,Week5,Langley,Week3,202.0 Langley - 200.0 Fox Mill Woods
Greenbriar,Week5,Fox Mill Woods,Week5,252.0 Fox Mill Woods - 150.0 Greenbriar
Fox Mill Woods,Week4,Orange Hunt,Week5,215.0 Fox Mill Woods - 187.0 Orange Hunt
Fox Mill Woods,Week2,Orange Hunt,Week4,226.0 Fox Mill Woods - 176.0 Orange Hunt
Fox Mill Woods,Week2,Old Keene Mill,Week1,303.0 Fox Mill Woods - 99.0 Old Keene Mill
Great Falls,Week4,Lakevale Estates,Week5,298.0 Lakevale Estates - 104.0 Great Falls
Fox Mill Woods,Week2,Langley,Week3,209.5 Langley - 192.5 Fox Mill Woods
Great Falls,Week4,Lakevale Estates,Week4,310.0 Lakevale Estates - 92.0 Great Falls
Great Falls,Week5,Shouse Village,Week4,222.5 Shouse Village - 179.5 Great Falls
Greenbriar,Week3,Fox Mill Woods,Week3,227.0 Fox Mill Woods - 175.0 Greenbriar
Fox Mill Woods,Week5,Langley,Week2,208.0 Fox Mill Woods - 194.0 Langley
Great Falls,Week2,Forest Hollow,Week4,219.0 Forest Hollow - 165.0 Great Falls
Fox Mill Woods,Week5,Lakeview,Week5,318.0 Fox Mill Woods - 75.0 Lakeview
Great Falls,Week5,Lakevale Estates,Week1,260.0 Lakevale Estates - 142.0 Great Falls
Great Falls,Week4,McLean,Week5,315.0 McLean - 87.0 Great Falls
Great Falls,Week3,Sideburn Run,Week3,216.0 Sideburn Run - 186.0 Great Falls
Fox Mill Woods,Week2,Oakton ,Week4,230.0 Oakton - 172.0 Fox Mill Woods
Fox Mill Woods,Week1,Orange Hunt,Week1,236.0 Fox Mill Woods - 166.0 Orange Hunt
Great Falls,Week2,McLean,Week3,281.5 McLean - 101.5 Great Falls
Great Falls,Week3,Lakeview,Week1,317.0 Great Falls - 85.0 Lakeview
Fox Mill Woods,Week4,Old Keene Mill,Week4,307.0 Fox Mill Woods - 95.0 Old Keene Mill
Fox Mill Woods,Week2,Langley,Week1,210.0 Langley - 192.0 Fox Mill Woods
Great Falls,Week1,McLean,Week3,299.0 McLean - 102.0 Great Falls
Great Falls,Week3,Forest Hollow,Week5,215.0 Forest Hollow - 187.0 Great Falls
Great Falls,Week3,Fox Hunt,Week2,222.0 Great Falls - 180.0 Fox Hunt
Great Falls,Week3,Sleepy Hollow B & R,Week2,213.0 Sleepy Hollow B & R - 189.0 Great Falls
Great Falls,Week4,Sleepy Hollow B & R,Week1,205.0 Sleepy Hollow B & R - 197.0 Great Falls
Greenbriar,Week2,Great Falls,Week5,221.0 Greenbriar - 181.0 Great Falls
Great Falls,Week3,Sideburn Run,Week2,210.0 Great Falls - 192.0 Sideburn Run
Greenbriar,Week4,Fox Mill Woods,Week2,255.5 Fox Mill Woods - 146.5 Greenbriar
Great Falls,Week3,McLean,Week4,276.0 McLean - 126.0 Great Falls
Greenbriar,Week4,Fox Mill Woods,Week1,260.0 Fox Mill Woods - 142.0 Greenbriar
Fox Mill Woods,Week2,Rolling Valley,Week3,342.0 Fox Mill Woods - 60.0 Rolling Valley
Fox Mill Woods,Week5,Old Keene Mill,Week4,311.0 Fox Mill Woods - 91.0 Old Keene Mill
Fox Mill Woods,Week5,Old Keene Mill,Week2,297.5 Fox Mill Woods - 104.5 Old Keene Mill
Fox Mill Woods,Week1,Rolling Valley,Week5,328.0 Fox Mill Woods - 74.0 Rolling Valley
Fox Mill Woods,Week1,Langley,Week3,205.0 Fox Mill Woods - 197.0 Langley
Fox Mill Woods,Week1,Langley,Week4,205.0 Langley - 197.0 Fox Mill Woods
Great Falls,Week3,Fox Hunt,Week1,219.0 Great Falls - 183.0 Fox Hunt
Fox Mill Woods,Week3,Langley,Week3,225.0 Langley - 177.0 Fox Mill Woods
Fox Mill Woods,Week2,Rolling Valley,Week2,339.0 Fox Mill Woods - 63.0 Rolling Valley
Great Falls,Week4,Lakeview,Week5,264.0 Great Falls - 119.0 Lakeview
Great Falls,Week2,McLean,Week5,292.0 McLean - 92.0 Great Falls
Great Falls,Week3,Lakeview,Week5,293.0 Great Falls - 99.0 Lakeview
Great Falls,Week2,Lakeview,Week2,290.0 Great Falls - 94.0 Lakeview
Fox Mill Woods,Week2,Oakton ,Week3,229.0 Oakton - 173.0 Fox Mill Woods
Fox Mill Woods,Week1,Oakton ,Week1,202.0 Fox Mill Woods - 200.0 Oakton
Fox Mill Woods,Week1,Rolling Valley,Week4,338.0 Fox Mill Woods - 64.0 Rolling Valley
Fox Mill Woods,Week3,Oakton ,Week5,240.0 Oakton - 162.0 Fox Mill Woods
Great Falls,Week2,Sleepy Hollow B & R,Week2,205.0 Sleepy Hollow B & R - 179.0 Great Falls
Great Falls,Week4,Forest Hollow,Week1,220.0 Forest Hollow - 182.0 Great Falls
Fox Mill Woods,Week4,Langley,Week1,215.0 Langley - 187.0 Fox Mill Woods
Great Falls,Week1,Lakeview,Week2,292.0 Great Falls - 109.0 Lakeview
Great Falls,Week4,Sleepy Hollow B & R,Week4,232.5 Sleepy Hollow B & R - 169.5 Great Falls
Great Falls,Week3,Fox Hunt,Week3,201.0 Fox Hunt - 201.0 Great Falls
Fox Mill Woods,Week3,Langley,Week2,211.0 Langley - 191.0 Fox Mill Woods
Fox Mill Woods,Week1,Orange Hunt,Week5,213.0 Fox Mill Woods - 189.0 Orange Hunt
Fox Mill Woods,Week4,Oakton ,Week4,235.0 Oakton - 167.0 Fox Mill Woods
Great Falls,Week5,McLean,Week5,297.0 McLean - 105.0 Great Falls
Fox Mill Woods,Week5,Rolling Hills,Week4,302.0 Fox Mill Woods - 100.0 Rolling Hills
Great Falls,Week1,Sleepy Hollow B & R,Week2,250.0 Sleepy Hollow B & R - 152.0 Great Falls
Great Falls,Week4,McLean,Week4,284.0 McLean - 113.0 Great Falls
Fox Mill Woods,Week2,Rolling Valley,Week4,327.0 Fox Mill Woods - 75.0 Rolling Valley
Greenbriar,Week5,Fox Mill Woods,Week4,248.0 Fox Mill Woods - 154.0 Greenbriar
Great Falls,Week4,Lakeview,Week4,260.0 Great Falls - 136.0 Lakeview
Fox Mill Woods,Week2,Rolling Valley,Week5,330.0 Fox Mill Woods - 72.0 Rolling Valley
Fox Mill Woods,Week4,Oakton ,Week2,232.0 Oakton - 170.0 Fox Mill Woods
Greenbriar,Week3,Great Falls,Week2,224.0 Greenbriar - 160.0 Great Falls
Great Falls,Week5,Forest Hollow,Week4,204.0 Great Falls - 198.0 Forest Hollow
Greenbriar,Week3,Greenbriar,Week3,201.0 Greenbriar (G1) - 201.0 Greenbriar (G2)
Great Falls,Week5,McLean,Week4,268.5 McLean - 133.5 Great Falls
Great Falls,Week1,Sleepy Hollow B & R,Week1,218.0 Sleepy Hollow B & R - 184.0 Great Falls
Fox Mill Woods,Week4,Langley,Week2,202.0 Fox Mill Woods - 200.0 Langley
Fox Mill Woods,Week3,Orange Hunt,Week5,204.0 Fox Mill Woods - 198.0 Orange Hunt
Great Falls,Week4,Forest Hollow,Week2,216.0 Forest Hollow - 186.0 Great Falls
Fox Mill Woods,Week4,Orange Hunt,Week2,236.0 Fox Mill Woods - 166.0 Orange Hunt
Great Falls,Week3,Lakeview,Week4,284.0 Great Falls - 118.0 Lakeview
Fox Mill Woods,Week2,Oakton ,Week1,221.0 Oakton - 181.0 Fox Mill Woods
Fox Mill Woods,Week1,Oakton ,Week5,232.0 Oakton - 170.0 Fox Mill Woods
Fox Mill Woods,Week5,Orange Hunt,Week2,228.0 Fox Mill Woods - 174.0 Orange Hunt
Great Falls,Week4,Forest Hollow,Week5,238.0 Forest Hollow - 164.0 Great Falls
Great Falls,Week1,Lakeview,Week3,273.0 Great Falls - 128.0 Lakeview
Great Falls,Week2,Forest Hollow,Week5,231.0 Forest Hollow - 153.0 Great Falls
Greenbriar,Week3,Great Falls,Week5,208.0 Greenbriar - 194.0 Great Falls
Fox Mill Woods,Week4,Oakton ,Week1,216.0 Oakton - 186.0 Fox Mill Woods
Fox Mill Woods,Week3,Langley,Week5,204.0 Langley - 198.0 Fox Mill Woods
Fox Mill Woods,Week4,Orange Hunt,Week1,251.5 Fox Mill Woods - 150.5 Orange Hunt
Great Falls,Week4,Lakeview,Week2,289.0 Great Falls - 108.0 Lakeview
Great Falls,Week1,Mosby Woods,Week1,281.0 Mosby Woods - 121.0 Great Falls
Greenbriar,Week5,Great Falls,Week5,206.0 Great Falls - 195.0 Greenbriar
Great Falls,Week2,Lakeview,Week1,282.0 Great Falls - 102.0 Lakeview
Greenbriar,Week4,Great Falls,Week1,206.0 Greenbriar - 196.0 Great Falls
Great Falls,Week4,Sideburn Run,Week3,232.0 Sideburn Run - 170.0 Great Falls
Fox Mill Woods,Week1,Langley,Week2,205.0 Langley - 197.0 Fox Mill Woods
Fox Mill Woods,Week2,Langley,Week4,215.0 Langley - 187.0 Fox Mill Woods
Great Falls,Week4,Sideburn Run,Week5,237.0 Sideburn Run - 165.0 Great Falls
Fox Mill Woods,Week5,North Springfield,Week5,312.0 Fox Mill Woods - 62.0 North Springfield
Greenbriar,Week4,Greenbriar,Week1,222.0 Greenbriar (G2) - 180.0 Greenbriar (G1)
Great Falls,Week3,Sideburn Run,Week4,215.0 Sideburn Run - 187.0 Great Falls
Fox Mill Woods,Week4,Orange Hunt,Week4,241.0 Fox Mill Woods - 161.0 Orange Hunt
Fox Mill Woods,Week2,Langley,Week5,207.0 Fox Mill Woods - 195.0 Langley
Fox Mill Woods,Week4,Oakton ,Week5,250.0 Oakton - 152.0 Fox Mill Woods
Greenbriar,Week5,Great Falls,Week1,215.0 Greenbriar - 187.0 Great Falls
Fox Mill Woods,Week5,Rolling Hills,Week2,293.0 Fox Mill Woods - 109.0 Rolling Hills
Fox Mill Woods,Week3,Rolling Valley,Week2,337.0 Fox Mill Woods - 65.0 Rolling Valley
Great Falls,Week3,Forest Hollow,Week2,208.0 Great Falls - 194.0 Forest Hollow
Great Falls,Week4,Forest Hollow,Week4,221.0 Forest Hollow - 181.0 Great Falls
Great Falls,Week2,Mosby Woods,Week1,255.0 Mosby Woods - 129.0 Great Falls
Great Falls,Week1,Mosby Woods,Week3,264.0 Mosby Woods - 137.0 Great Falls
Fox Mill Woods,Week4,Rolling Valley,Week1,366.0 Fox Mill Woods - 36.0 Rolling Valley
Fox Mill Woods,Week3,Langley,Week4,215.0 Langley - 187.0 Fox Mill Woods
Great Falls,Week1,Mosby Woods,Week5,276.0 Mosby Woods - 126.0 Great Falls
Fox Mill Woods,Week5,Overlee,Week3,264.0 Overlee - 138.0 Fox Mill Woods
Fox Mill Woods,Week1,Rolling Valley,Week3,348.0 Fox Mill Woods - 54.0 Rolling Valley
Great Falls,Week5,Sideburn Run,Week3,210.0 Sideburn Run - 192.0 Great Falls
Great Falls,Week5,Lakevale Estates,Week3,267.0 Lakevale Estates - 130.0 Great Falls
Greenbriar,Week2,Greenbriar,Week5,214.0 Greenbriar (G1) - 188.0 Greenbriar (G2)
Fox Mill Woods,Week5,Oakton ,Week1,211.0 Oakton - 191.0 Fox Mill Woods
Great Falls,Week3,Forest Hollow,Week4,208.0 Forest Hollow - 194.0 Great Falls
Fox Mill Woods,Week5,Rolling Valley,Week2,336.0 Fox Mill Woods - 66.0 Rolling Valley
Fox Mill Woods,Week5,Rolling Valley,Week1,362.0 Fox Mill Woods - 40.0 Rolling Valley
Fox Mill Woods,Week2,Langley,Week2,210.5 Langley - 191.5 Fox Mill Woods
Fox Mill Woods,Week2,Overlee,Week5,341.5 Overlee - 60.5 Fox Mill Woods
Fox Mill Woods,Week3,Overlee,Week5,336.0 Overlee - 66.0 Fox Mill Woods
Great Falls,Week1,Fox Hunt,Week1,204.0 Fox Hunt - 197.0 Great Falls
Fox Mill Woods,Week4,Rolling Valley,Week3,336.0 Fox Mill Woods - 66.0 Rolling Valley
Greenbriar,Week3,Greenbriar,Week5,204.5 Greenbriar (G1) - 197.5 Greenbriar (G2)
Great Falls,Week3,Sleepy Hollow B & R,Week1,208.0 Great Falls - 194.0 Sleepy Hollow B & R
Great Falls,Week2,Mosby Woods,Week2,249.0 Mosby Woods - 135.0 Great Falls
Great Falls,Week5,Mosby Woods,Week4,222.0 Mosby Woods - 178.0 Great Falls
Fox Mill Woods,Week2,Oakton ,Week5,241.0 Oakton - 161.0 Fox Mill Woods
Great Falls,Week5,Forest Hollow,Week3,204.0 Forest Hollow - 198.0 Great Falls
Great Falls,Week3,Sideburn Run,Week5,224.0 Sideburn Run - 178.0 Great Falls
Fox Mill Woods,Week3,Overlee,Week2,311.0 Overlee - 91.0 Fox Mill Woods
Great Falls,Week5,Lakeview,Week4,280.0 Great Falls - 117.0 Lakeview
Fox Mill Woods,Week2,Overlee,Week1,297.0 Overlee - 105.0 Fox Mill Woods
Greenbriar,Week4,Great Falls,Week4,206.0 Great Falls - 195.0 Greenbriar
Fox Mill Woods,Week3,Oakton ,Week3,229.0 Oakton - 173.0 Fox Mill Woods
Great Falls,Week3,Mosby Woods,Week2,249.0 Mosby Woods - 153.0 Great Falls
Great Falls,Week4,Sideburn Run,Week4,215.0 Sideburn Run - 187.0 Great Falls
Great Falls,Week5,Lakevale Estates,Week5,275.0 Lakevale Estates - 127.0 Great Falls
Great Falls,Week5,Lakeview,Week1,302.0 Great Falls - 96.0 Lakeview
Great Falls,Week4,Mosby Woods,Week3,252.0 Mosby Woods - 150.0 Great Falls
Great Falls,Week5,Forest Hollow,Week1,203.0 Forest Hollow - 199.0 Great Falls
Fox Mill Woods,Week5,Rolling Valley,Week3,342.0 Fox Mill Woods - 60.0 Rolling Valley
Fox Mill Woods,Week5,Lakeview,Week4,312.0 Fox Mill Woods - 90.0 Lakeview
Greenbriar,Week1,Greenbriar,Week5,202.5 Greenbriar (G1) - 199.5 Greenbriar (G2)
Great Falls,Week2,Lakeview,Week3,268.0 Great Falls - 116.0 Lakeview
Great Falls,Week5,Sideburn Run,Week4,202.0 Sideburn Run - 199.0 Great Falls
Fox Mill Woods,Week5,Oakton ,Week2,236.0 Oakton - 166.0 Fox Mill Woods
Fox Mill Woods,Week5,Lakeview,Week3,318.0 Fox Mill Woods - 84.0 Lakeview
Fox Mill Woods,Week5,Rolling Valley,Week4,337.0 Fox Mill Woods - 65.0 Rolling Valley
Fox Mill Woods,Week3,Langley,Week1,207.0 Langley - 195.0 Fox Mill Woods
Great Falls,Week1,Lakeview,Week1,285.0 Great Falls - 110.0 Lakeview
Great Falls,Week5,Mosby Woods,Week3,235.0 Mosby Woods - 167.0 Great Falls
Great Falls,Week4,Lakeview,Week1,283.0 Great Falls - 118.0 Lakeview
Fox Mill Woods,Week5,Oakton ,Week4,218.0 Oakton - 184.0 Fox Mill Woods
Fox Mill Woods,Week5,Overlee,Week1,264.0 Overlee - 138.0 Fox Mill Woods
Great Falls,Week3,Sleepy Hollow B & R,Week4,224.0 Sleepy Hollow B & R - 178.0 Great Falls
Great Falls,Week3,Forest Hollow,Week1,205.0 Forest Hollow - 197.0 Great Falls
Fox Mill Woods,Week4,Overlee,Week3,284.0 Overlee - 118.0 Fox Mill Woods
Great Falls,Week1,Fox Hunt,Week5,230.0 Fox Hunt - 168.0 Great Falls
Fox Mill Woods,Week4,Overlee,Week4,339.5 Overlee - 62.5 Fox Mill Woods
Fox Mill Woods,Week1,Old Keene Mill,Week1,303.0 Fox Mill Woods - 99.0 Old Keene Mill
Fox Mill Woods,Week4,Langley,Week5,214.0 Fox Mill Woods - 188.0 Langley
Fox Mill Woods,Week1,Rutherford,Week1,324.5 Fox Mill Woods - 77.5 Rutherford
Greenbriar,Week5,Great Falls,Week4,221.5 Greenbriar - 180.5 Great Falls
Great Falls,Week3,Mosby Woods,Week5,253.0 Mosby Woods - 149.0 Great Falls
Great Falls,Week5,Sideburn Run,Week1,206.0 Great Falls - 195.0 Sideburn Run
Fox Mill Woods,Week1,Old Keene Mill,Week2,290.0 Fox Mill Woods - 112.0 Old Keene Mill
Fox Mill Woods,Week1,Rutherford,Week2,322.0 Fox Mill Woods - 80.0 Rutherford
Great Falls,Week2,Sleepy Hollow B & R,Week4,235.0 Sleepy Hollow B & R - 149.0 Great Falls
Fox Mill Woods,Week4,Langley,Week3,201.0 Fox Mill Woods - 201.0 Langley
Greenbriar,Week2,Greenbriar,Week3,207.0 Greenbriar (G1) - 195.0 Greenbriar (G2)
Great Falls,Week5,Mosby Woods,Week1,253.5 Mosby Woods - 148.5 Great Falls
Great Falls,Week5,Lakeview,Week5,284.0 Great Falls - 104.0 Lakeview
Greenbriar,Week3,Great Falls,Week4,228.0 Greenbriar - 173.0 Great Falls
Great Falls,Week1,Fox Hunt,Week4,218.0 Fox Hunt - 180.0 Great Falls
Great Falls,Week2,Fox Hunt,Week5,212.0 Fox Hunt - 172.0 Great Falls
Fox Mill Woods,Week3,Rutherford,Week1,321.0 Fox Mill Woods - 81.0 Rutherford
Greenbriar,Week1,Greenbriar,Week1,201.0 Greenbriar (G1) - 201.0 Greenbriar (G2)
Fox Mill Woods,Week1,Old Keene Mill,Week4,288.5 Fox Mill Woods - 113.5 Old Keene Mill
Fox Mill Woods,Week3,Rutherford,Week2,317.0 Fox Mill Woods - 85.0 Rutherford
Greenbriar,Week2,Greenbriar,Week2,200.5 Greenbriar (G1) - 200.5 Greenbriar (G2)
Fox Mill Woods,Week2,Shouse Village,Week1,248.0 Fox Mill Woods - 154.0 Shouse Village
Fox Mill Woods,Week3,Old Keene Mill,Week3,282.0 Fox Mill Woods - 120.0 Old Keene Mill
Great Falls,Week1,Lakeview,Week4,260.0 Great Falls - 141.0 Lakeview
Great Falls,Week3,Fox Mill Estates,Week4,220.0 Great Falls - 182.0 Fox Mill Estates
Fox Mill Woods,Week1,Overlee,Week2,306.0 Overlee - 96.0 Fox Mill Woods
Fox Mill Woods,Week1,Rutherford,Week4,313.0 Fox Mill Woods - 89.0 Rutherford
Great Falls,Week4,Sideburn Run,Week1,221.0 Sideburn Run - 175.0 Great Falls
Great Falls,Week2,Mosby Woods,Week3,247.0 Mosby Woods - 137.0 Great Falls
Fox Mill Woods,Week2,Shouse Village,Week2,260.0 Fox Mill Woods - 142.0 Shouse Village
Fox Mill Woods,Week1,Old Keene Mill,Week5,273.0 Fox Mill Woods - 129.0 Old Keene Mill
Fox Mill Woods,Week2,Overlee,Week3,297.0 Overlee - 105.0 Fox Mill Woods
Fox Mill Woods,Week1,Overlee,Week4,336.0 Overlee - 66.0 Fox Mill Woods
Great Falls,Week1,Fox Mill Estates,Week3,205.0 Great Falls - 196.0 Fox Mill Estates
Fox Mill Woods,Week1,Old Keene Mill,Week3,280.0 Fox Mill Woods - 122.0 Old Keene Mill
Great Falls,Week5,Lakeview,Week3,290.0 Great Falls - 107.0 Lakeview
Great Falls,Week4,Lakeview,Week3,272.0 Great Falls - 129.0 Lakeview
Great Falls,Week3,Mount Vernon Park,Week4,253.0 Mount Vernon Park - 149.0 Great Falls
Greenbriar,Week1,Greenbriar,Week4,222.0 Greenbriar (G1) - 180.0 Greenbriar (G2)
Great Falls,Week4,Sideburn Run,Week2,212.0 Sideburn Run - 190.0 Great Falls
Fox Mill Woods,Week4,Langley,Week4,211.0 Langley - 191.0 Fox Mill Woods
Great Falls,Week5,Sideburn Run,Week2,210.0 Great Falls - 192.0 Sideburn Run
Great Falls,Week4,Fox Mill Estates,Week2,215.0 Great Falls - 186.0 Fox Mill Estates
Fox Mill Woods,Week5,Overlee,Week2,285.0 Overlee - 117.0 Fox Mill Woods
Greenbriar,Week1,Greenbriar,Week2,221.0 Greenbriar (G2) - 181.0 Greenbriar (G1)
Great Falls,Week2,Fox Mill Estates,Week4,198.0 Fox Mill Estates - 186.0 Great Falls
Fox Mill Woods,Week3,Old Keene Mill,Week1,294.0 Fox Mill Woods - 108.0 Old Keene Mill
Great Falls,Week3,Mount Vernon Park,Week1,243.0 Mount Vernon Park - 159.0 Great Falls
Great Falls,Week5,Lakeview,Week2,303.0 Great Falls - 95.0 Lakeview
Great Falls,Week1,Sleepy Hollow B & R,Week3,241.0 Sleepy Hollow B & R - 161.0 Great Falls
Great Falls,Week5,Sideburn Run,Week5,211.0 Sideburn Run - 191.0 Great Falls
Great Falls,Week4,Mount Vernon Park,Week1,253.0 Mount Vernon Park - 144.0 Great Falls
Fox Mill Woods,Week3,Overlee,Week1,297.0 Overlee - 105.0 Fox Mill Woods
Fox Mill Woods,Week1,Overlee,Week5,328.0 Overlee - 74.0 Fox Mill Woods
Greenbriar,Week1,Greenbriar,Week3,212.0 Greenbriar (G2) - 190.0 Greenbriar (G1)
Greenbriar,Week4,Great Falls,Week3,203.0 Great Falls - 199.0 Greenbriar
Great Falls,Week5,Fox Hunt,Week2,220.0 Great Falls - 180.0 Fox Hunt
Great Falls,Week4,Fox Mill Estates,Week1,228.0 Great Falls - 173.0 Fox Mill Estates
Great Falls,Week2,Lakeview,Week5,262.0 Great Falls - 113.0 Lakeview
Fox Mill Woods,Week4,Old Keene Mill,Week1,305.0 Fox Mill Woods - 97.0 Old Keene Mill
Fox Mill Woods,Week4,Rutherford,Week2,325.0 Fox Mill Woods - 77.0 Rutherford
Great Falls,Week4,Mount Vernon Park,Week5,285.0 Mount Vernon Park - 117.0 Great Falls
Greenbriar,Week4,Great Falls,Week2,197.0 Greenbriar - 187.0 Great Falls
Great Falls,Week1,Langley,Week1,286.0 Langley - 116.0 Great Falls
Great Falls,Week4,Mount Vernon Park,Week3,273.0 Mount Vernon Park - 129.0 Great Falls
Fox Mill Woods,Week2,Old Keene Mill,Week4,296.0 Fox Mill Woods - 106.0 Old Keene Mill
Great Falls,Week2,Sleepy Hollow B & R,Week1,198.0 Sleepy Hollow B & R - 186.0 Great Falls
Great Falls,Week3,Mount Vernon Park,Week3,256.5 Mount Vernon Park - 145.5 Great Falls
Great Falls,Week3,Mosby Woods,Week4,244.0 Mosby Woods - 158.0 Great Falls
Fox Mill Woods,Week5,Rutherford,Week1,323.0 Fox Mill Woods - 79.0 Rutherford
Great Falls,Week5,Fox Hunt,Week3,213.0 Great Falls - 189.0 Fox Hunt
Great Falls,Week2,Sleepy Hollow B & R,Week3,211.0 Sleepy Hollow B & R - 173.0 Great Falls
Great Falls,Week1,Sleepy Hollow B & R,Week5,283.0 Sleepy Hollow B & R - 118.0 Great Falls
Fox Mill Woods,Week1,Overlee,Week1,279.0 Overlee - 123.0 Fox Mill Woods
Great Falls,Week2,Lakeview,Week4,256.0 Great Falls - 128.0 Lakeview
Fox Mill Woods,Week3,Rutherford,Week5,307.0 Fox Mill Woods - 95.0 Rutherford
Great Falls,Week1,Sleepy Hollow B & R,Week4,266.5 Sleepy Hollow B & R - 135.5 Great Falls
Fox Mill Woods,Week2,Old Keene Mill,Week3,287.0 Fox Mill Woods - 115.0 Old Keene Mill
Fox Mill Woods,Week2,Rutherford,Week2,320.0 Fox Mill Woods - 82.0 Rutherford
Great Falls,Week4,Fox Hunt,Week1,199.0 Great Falls - 197.0 Fox Hunt
Greenbriar,Week5,Great Falls,Week2,204.0 Greenbriar - 180.0 Great Falls
Greenbriar,Week2,Greenbriar,Week1,221.0 Greenbriar (G1) - 181.0 Greenbriar (G2)
Fox Mill Woods,Week1,Overlee,Week3,277.0 Overlee - 125.0 Fox Mill Woods
Fox Mill Woods,Week2,Old Keene Mill,Week5,272.0 Fox Mill Woods - 130.0 Old Keene Mill
Great Falls,Week2,Mount Vernon Park,Week1,252.0 Mount Vernon Park - 127.0 Great Falls
Fox Mill Woods,Week3,Overlee,Week4,338.0 Overlee - 64.0 Fox Mill Woods
Great Falls,Week5,Lakevale Estates,Week4,277.0 Lakevale Estates - 125.0 Great Falls
Great Falls,Week3,Lakeview,Week3,295.0 Great Falls - 107.0 Lakeview
Great Falls,Week5,Hamlet,Week2,263.0 Hamlet - 139.0 Great Falls
Fox Mill Woods,Week1,Shouse Village,Week4,238.0 Fox Mill Woods - 164.0 Shouse Village
Fox Mill Woods,Week1,Shouse Village,Week1,266.0 Fox Mill Woods - 136.0 Shouse Village
Great Falls,Week3,Fox Mill Estates,Week2,250.0 Great Falls - 152.0 Fox Mill Estates
Greenbriar,Week2,Greenbriar,Week4,251.5 Greenbriar (G1) - 150.5 Greenbriar (G2)
Great Falls,Week1,Mount Vernon Park,Week4,272.0 Mount Vernon Park - 130.0 Great Falls
Fox Mill Woods,Week1,Parklawn,Week2,324.0 Fox Mill Woods - 77.0 Parklawn
Great Falls,Week4,Hamlet,Week5,291.0 Hamlet - 111.0 Great Falls
Great Falls,Week5,Mosby Woods,Week5,244.0 Mosby Woods - 158.0 Great Falls
Great Falls,Week3,Lakeview,Week2,317.0 Great Falls - 85.0 Lakeview
Fox Mill Woods,Week3,Old Keene Mill,Week2,290.0 Fox Mill Woods - 112.0 Old Keene Mill
Great Falls,Week4,Fox Hunt,Week4,215.0 Fox Hunt - 186.0 Great Falls
Great Falls,Week3,Sleepy Hollow B & R,Week3,214.5 Sleepy Hollow B & R - 187.5 Great Falls
Greenbriar,Week3,Greenbriar,Week1,212.0 Greenbriar (G1) - 190.0 Greenbriar (G2)
Fox Mill Woods,Week5,Overlee,Week5,315.0 Overlee - 87.0 Fox Mill Woods
Greenbriar,Week3,Greenbriar,Week2,207.0 Greenbriar (G2) - 195.0 Greenbriar (G1)
Fox Mill Woods,Week4,Overlee,Week5,337.0 Overlee - 65.0 Fox Mill Woods
Great Falls,Week2,Fox Mill Estates,Week2,215.0 Great Falls - 169.0 Fox Mill Estates
Great Falls,Week3,Fox Hunt,Week4,213.0 Great Falls - 189.0 Fox Hunt
Great Falls,Week2,Mount Vernon Park,Week4,243.0 Mount Vernon Park - 141.0 Great Falls
Fox Mill Woods,Week4,Old Keene Mill,Week2,300.0 Fox Mill Woods - 102.0 Old Keene Mill
Great Falls,Week3,Sleepy Hollow B & R,Week5,245.0 Sleepy Hollow B & R - 157.0 Great Falls
Fox Mill Woods,Week3,Old Keene Mill,Week5,265.0 Fox Mill Woods - 137.0 Old Keene Mill
Fox Mill Woods,Week1,Parklawn,Week3,321.0 Fox Mill Woods - 80.0 Parklawn
Great Falls,Week2,Sleepy Hollow B & R,Week5,242.0 Sleepy Hollow B & R - 142.0 Great Falls
Fox Mill Woods,Week2,Rutherford,Week4,297.0 Fox Mill Woods - 105.0 Rutherford
Fox Mill Woods,Week3,Old Keene Mill,Week4,289.0 Fox Mill Woods - 113.0 Old Keene Mill
Great Falls,Week4,Sleepy Hollow B & R,Week2,216.0 Sleepy Hollow B & R - 186.0 Great Falls
Great Falls,Week4,Sleepy Hollow Rec,Week2,250.0 Great Falls - 151.0 Sleepy Hollow Rec
Great Falls,Week1,Sleepy Hollow Rec,Week4,244.0 Great Falls - 157.0 Sleepy Hollow Rec
Great Falls,Week4,Sleepy Hollow B & R,Week3,224.0 Sleepy Hollow B & R - 178.0 Great Falls
Great Falls,Week1,Hayfield Farm,Week5,213.0 Hayfield Farm - 189.0 Great Falls
Greenbriar,Week3,Greenbriar,Week4,237.0 Greenbriar (G1) - 165.0 Greenbriar (G2)
Greenbriar,Week5,Greenbriar,Week5,200.0 Greenbriar (G1) - 200.0 Greenbriar (G2)
Fox Mill Woods,Week2,Overlee,Week2,312.5 Overlee - 89.5 Fox Mill Woods
Greenbriar,Week3,Hamlet,Week4,246.0 Hamlet - 156.0 Greenbriar
Fox Mill Woods,Week2,Rutherford,Week5,299.0 Fox Mill Woods - 103.0 Rutherford
Fox Mill Woods,Week4,Rutherford,Week5,315.0 Fox Mill Woods - 87.0 Rutherford
Great Falls,Week4,Mosby Woods,Week5,272.0 Mosby Woods - 130.0 Great Falls
Great Falls,Week2,Hayfield Farm,Week4,201.0 Hayfield Farm - 183.0 Great Falls
Great Falls,Week1,Hayfield Farm,Week1,233.0 Hayfield Farm - 169.0 Great Falls
Fox Mill Woods,Week4,Overlee,Week2,308.0 Overlee - 94.0 Fox Mill Woods
Great Falls,Week4,Fox Mill Estates,Week4,206.0 Fox Mill Estates - 195.0 Great Falls
Great Falls,Week3,Fox Hunt,Week5,209.0 Fox Hunt - 193.0 Great Falls
Greenbriar,Week5,Great Falls,Week3,202.0 Greenbriar - 200.0 Great Falls
Great Falls,Week1,Fox Mill Estates,Week5,211.0 Great Falls - 191.0 Fox Mill Estates
Fox Mill Woods,Week3,Overlee,Week3,293.0 Overlee - 109.0 Fox Mill Woods
Great Falls,Week4,Fox Hunt,Week5,221.0 Fox Hunt - 180.0 Great Falls
Fox Mill Woods,Week5,Rutherford,Week2,319.0 Fox Mill Woods - 83.0 Rutherford
Fox Mill Woods,Week4,Overlee,Week1,279.0 Overlee - 123.0 Fox Mill Woods
Fox Mill Woods,Week5,Rutherford,Week3,311.0 Fox Mill Woods - 91.0 Rutherford
Fox Mill Woods,Week2,Overlee,Week4,343.0 Overlee - 59.0 Fox Mill Woods
Fox Mill Woods,Week1,Shouse Village,Week3,251.0 Fox Mill Woods - 151.0 Shouse Village
Great Falls,Week5,Sleepy Hollow B & R,Week3,204.0 Sleepy Hollow B & R - 198.0 Great Falls
Great Falls,Week2,Mosby Woods,Week5,255.0 Mosby Woods - 129.0 Great Falls
Great Falls,Week2,Mosby Woods,Week4,229.0 Mosby Woods - 155.0 Great Falls
Fox Mill Woods,Week5,Rutherford,Week5,316.0 Fox Mill Woods - 86.0 Rutherford
Great Falls,Week1,Hayfield Farm,Week4,230.0 Hayfield Farm - 172.0 Great Falls
Greenbriar,Week4,Great Falls,Week5,207.0 Great Falls - 194.0 Greenbriar
Great Falls,Week3,Mosby Woods,Week3,244.0 Mosby Woods - 158.0 Great Falls
Great Falls,Week4,Mosby Woods,Week1,269.0 Mosby Woods - 133.0 Great Falls
Great Falls,Week4,Sleepy Hollow B & R,Week5,252.0 Sleepy Hollow B & R - 150.0 Great Falls
Great Falls,Week2,Fox Mill Estates,Week5,220.0 Great Falls - 164.0 Fox Mill Estates
Fox Mill Woods,Week2,Springfield,Week3,379.0 Fox Mill Woods - 22.0 Springfield
Great Falls,Week3,Hayfield Farm,Week4,205.0 Great Falls - 197.0 Hayfield Farm
Fox Mill Woods,Week2,Springboard,Week4,325.0 Fox Mill Woods - 77.0 Springboard
Great Falls,Week4,Fox Hunt,Week2,203.0 Great Falls - 191.0 Fox Hunt
Great Falls,Week3,Sleepy Hollow Rec,Week2,264.5 Great Falls - 137.5 Sleepy Hollow Rec
Greenbriar,Week5,Greenbriar,Week1,202.5 Greenbriar (G2) - 199.5 Greenbriar (G1)
Great Falls,Week4,Fox Hunt,Week3,217.0 Fox Hunt - 185.0 Great Falls
Great Falls,Week4,Mosby Woods,Week4,254.0 Mosby Woods - 147.0 Great Falls
Great Falls,Week3,Mosby Woods,Week1,254.0 Mosby Woods - 148.0 Great Falls
Fox Mill Woods,Week5,Overlee,Week4,321.0 Overlee - 81.0 Fox Mill Woods
Fox Mill Woods,Week4,Springboard,Week3,326.0 Fox Mill Woods - 76.0 Springboard
Great Falls,Week4,Hamlet,Week2,283.0 Hamlet - 119.0 Great Falls
Greenbriar,Week4,Greenbriar,Week5,246.0 Greenbriar (G2) - 156.0 Greenbriar (G1)
Great Falls,Week5,Sleepy Hollow Rec,Week2,267.0 Great Falls - 134.0 Sleepy Hollow Rec
Fox Mill Woods,Week2,Rutherford,Week1,322.0 Fox Mill Woods - 80.0 Rutherford
Great Falls,Week4,Hamlet,Week3,280.0 Hamlet - 121.0 Great Falls
Great Falls,Week3,Hayfield Farm,Week3,226.0 Hayfield Farm - 176.0 Great Falls
Fox Mill Woods,Week5,Springboard,Week1,324.0 Fox Mill Woods - 78.0 Springboard
Great Falls,Week5,Mosby Woods,Week2,243.0 Mosby Woods - 159.0 Great Falls
Greenbriar,Week4,Greenbriar,Week3,237.0 Greenbriar (G2) - 165.0 Greenbriar (G1)
Greenbriar,Week5,Greenbriar,Week4,246.0 Greenbriar (G1) - 156.0 Greenbriar (G2)
Great Falls,Week5,Fox Hunt,Week4,216.0 Great Falls - 185.0 Fox Hunt
Fox Mill Woods,Week5,Rutherford,Week4,317.0 Fox Mill Woods - 85.0 Rutherford
Fox Mill Woods,Week3,Rutherford,Week4,299.0 Fox Mill Woods - 103.0 Rutherford
Great Falls,Week5,Hamlet,Week1,254.0 Hamlet - 148.0 Great Falls
Greenbriar,Week5,Greenbriar,Week2,214.0 Greenbriar (G2) - 188.0 Greenbriar (G1)
Fox Mill Woods,Week1,Parklawn,Week1,327.5 Fox Mill Woods - 65.5 Parklawn
Great Falls,Week5,Sleepy Hollow Rec,Week3,258.0 Great Falls - 144.0 Sleepy Hollow Rec
Great Falls,Week4,Mosby Woods,Week2,265.0 Mosby Woods - 137.0 Great Falls
Fox Mill Woods,Week1,Parklawn,Week4,301.0 Fox Mill Woods - 100.0 Parklawn
Great Falls,Week5,Fox Hunt,Week1,221.0 Great Falls - 181.0 Fox Hunt
Great Falls,Week5,Sleepy Hollow Rec,Week1,268.0 Great Falls - 134.0 Sleepy Hollow Rec
Great Falls,Week2,Hayfield Farm,Week2,215.0 Hayfield Farm - 169.0 Great Falls
Fox Mill Woods,Week3,Springfield,Week3,374.0 Fox Mill Woods - 27.0 Springfield
Great Falls,Week1,Mount Vernon Park,Week1,276.0 Mount Vernon Park - 126.0 Great Falls
Fox Mill Woods,Week3,Rutherford,Week3,301.0 Fox Mill Woods - 101.0 Rutherford
Fox Mill Woods,Week1,Parklawn,Week5,306.0 Fox Mill Woods - 95.0 Parklawn
Fox Mill Woods,Week2,Rutherford,Week3,303.0 Fox Mill Woods - 99.0 Rutherford
Great Falls,Week5,Sleepy Hollow Rec,Week4,270.0 Great Falls - 132.0 Sleepy Hollow Rec
Greenbriar,Week1,Hamlet,Week2,269.0 Hamlet - 133.0 Greenbriar
Fox Mill Woods,Week2,Parklawn,Week1,319.0 Fox Mill Woods - 74.0 Parklawn
Great Falls,Week5,Sleepy Hollow B & R,Week4,220.0 Sleepy Hollow B & R - 181.0 Great Falls
Great Falls,Week1,Mount Vernon Park,Week3,289.0 Mount Vernon Park - 108.0 Great Falls
Fox Mill Woods,Week3,Springfield,Week4,377.0 Fox Mill Woods - 24.0 Springfield
Great Falls,Week1,Mount Vernon Park,Week5,300.0 Mount Vernon Park - 102.0 Great Falls
Fox Mill Woods,Week2,Parliament,Week3,264.0 Fox Mill Woods - 138.0 Parliament
Great Falls,Week1,Herndon,Week5,284.0 Great Falls - 117.0 Herndon
Fox Mill Woods,Week5,Parklawn,Week4,292.0 Fox Mill Woods - 110.0 Parklawn
Greenbriar,Week3,Hamlet,Week1,260.0 Hamlet - 142.0 Greenbriar
Great Falls,Week3,Fox Mill Estates,Week1,263.0 Great Falls - 139.0 Fox Mill Estates
Great Falls,Week1,Mount Vernon Park,Week2,271.0 Mount Vernon Park - 131.0 Great Falls
Great Falls,Week3,Hayfield Farm,Week2,206.0 Hayfield Farm - 196.0 Great Falls
Fox Mill Woods,Week1,Springfield,Week3,373.0 Fox Mill Woods - 28.0 Springfield
Greenbriar,Week1,Hamlet,Week5,282.0 Hamlet - 120.0 Greenbriar
Fox Mill Woods,Week4,Rutherford,Week3,312.0 Fox Mill Woods - 90.0 Rutherford
Fox Mill Woods,Week5,Parklawn,Week1,321.0 Fox Mill Woods - 72.0 Parklawn
Great Falls,Week5,Fox Hunt,Week5,203.0 Fox Hunt - 198.0 Great Falls
Great Falls,Week5,Sleepy Hollow Rec,Week5,256.5 Great Falls - 144.5 Sleepy Hollow Rec
Great Falls,Week1,Fox Mill Estates,Week1,222.0 Great Falls - 180.0 Fox Mill Estates
Great Falls,Week2,Herndon,Week2,282.0 Great Falls - 101.0 Herndon
Great Falls,Week2,Fox Mill Estates,Week1,234.0 Great Falls - 150.0 Fox Mill Estates
Fox Mill Woods,Week4,Springboard,Week1,324.0 Fox Mill Woods - 78.0 Springboard
Fox Mill Woods,Week3,Springboard,Week3,313.0 Fox Mill Woods - 89.0 Springboard
Fox Mill Woods,Week1,Shouse Village,Week2,266.0 Fox Mill Woods - 136.0 Shouse Village
Great Falls,Week2,Mount Vernon Park,Week5,279.0 Mount Vernon Park - 105.0 Great Falls
Great Falls,Week2,Mount Vernon Park,Week2,248.0 Mount Vernon Park - 136.0 Great Falls
Fox Mill Woods,Week2,Parklawn,Week5,305.0 Fox Mill Woods - 96.0 Parklawn
Fox Mill Woods,Week3,Parliament,Week3,257.0 Fox Mill Woods - 145.0 Parliament
Fox Mill Woods,Week1,Parliament,Week3,275.0 Fox Mill Woods - 127.0 Parliament
Fox Mill Woods,Week4,Rutherford,Week4,316.0 Fox Mill Woods - 86.0 Rutherford
Great Falls,Week1,Sleepy Hollow Rec,Week5,228.0 Great Falls - 170.0 Sleepy Hollow Rec
Great Falls,Week2,Hayfield Farm,Week1,202.0 Hayfield Farm - 182.0 Great Falls
Great Falls,Week1,Fox Mill Estates,Week4,209.0 Fox Mill Estates - 193.0 Great Falls
Great Falls,Week2,Mount Vernon Park,Week3,266.0 Mount Vernon Park - 118.0 Great Falls
Fox Mill Woods,Week4,Springboard,Week5,318.0 Fox Mill Woods - 84.0 Springboard
Fox Mill Woods,Week5,Parklawn,Week3,317.0 Fox Mill Woods - 85.0 Parklawn
Great Falls,Week2,Sleepy Hollow Rec,Week1,249.0 Great Falls - 135.0 Sleepy Hollow Rec
Greenbriar,Week5,Greenbriar,Week3,204.5 Greenbriar (G2) - 197.5 Greenbriar (G1)
Great Falls,Week1,Fox Mill Estates,Week2,205.0 Fox Mill Estates - 193.0 Great Falls
Great Falls,Week1,Sleepy Hollow Rec,Week1,237.0 Great Falls - 165.0 Sleepy Hollow Rec
Fox Mill Woods,Week1,Shouse Village,Week5,238.0 Fox Mill Woods - 164.0 Shouse Village
Great Falls,Week5,Sleepy Hollow B & R,Week1,202.0 Sleepy Hollow B & R - 200.0 Great Falls
Greenbriar,Week4,Greenbriar,Week2,251.5 Greenbriar (G2) - 150.5 Greenbriar (G1)
Fox Mill Woods,Week5,Springboard,Week4,333.0 Fox Mill Woods - 69.0 Springboard
Greenbriar,Week4,Hamlet,Week2,303.5 Hamlet - 98.5 Greenbriar
Great Falls,Week3,Sleepy Hollow Rec,Week5,262.0 Great Falls - 140.0 Sleepy Hollow Rec
Fox Mill Woods,Week3,Springboard,Week1,321.0 Fox Mill Woods - 81.0 Springboard
Great Falls,Week3,Mount Vernon Park,Week2,243.0 Mount Vernon Park - 159.0 Great Falls
Great Falls,Week1,Herndon,Week2,285.0 Great Falls - 112.0 Herndon
Great Falls,Week4,Hayfield Farm,Week1,210.0 Hayfield Farm - 192.0 Great Falls
Fox Mill Woods,Week4,Rutherford,Week1,328.0 Fox Mill Woods - 74.0 Rutherford
Great Falls,Week2,Fox Mill Estates,Week3,205.0 Great Falls - 179.0 Fox Mill Estates
Great Falls,Week5,Hamlet,Week3,270.0 Hamlet - 131.0 Great Falls
Great Falls,Week3,Fox Mill Estates,Week3,240.0 Great Falls - 162.0 Fox Mill Estates
Fox Mill Woods,Week5,Shouse Village,Week1,265.0 Fox Mill Woods - 137.0 Shouse Village
Fox Mill Woods,Week3,Shouse Village,Week4,233.0 Fox Mill Woods - 169.0 Shouse Village
Great Falls,Week3,Fox Mill Estates,Week5,236.0 Great Falls - 166.0 Fox Mill Estates
Great Falls,Week1,Herndon,Week1,286.0 Great Falls - 109.0 Herndon
Greenbriar,Week3,Hamlet,Week3,277.0 Hamlet - 125.0 Greenbriar
Great Falls,Week3,Mount Vernon Park,Week5,278.0 Mount Vernon Park - 124.0 Great Falls
Greenbriar,Week4,Hamlet,Week3,293.0 Hamlet - 109.0 Greenbriar
Fox Mill Woods,Week2,Springboard,Week5,311.0 Fox Mill Woods - 90.0 Springboard
Great Falls,Week4,Fox Mill Woods,Week4,251.0 Fox Mill Woods - 151.0 Great Falls
Greenbriar,Week1,Hamlet,Week1,262.0 Hamlet - 140.0 Greenbriar
Fox Mill Woods,Week4,Shouse Village,Week1,264.5 Fox Mill Woods - 137.5 Shouse Village
Greenbriar,Week5,Hamlet,Week1,248.0 Hamlet - 154.0 Greenbriar
Great Falls,Week3,Sleepy Hollow Rec,Week1,275.0 Great Falls - 127.0 Sleepy Hollow Rec
Fox Mill Woods,Week1,Parliament,Week1,249.0 Fox Mill Woods - 153.0 Parliament
Fox Mill Woods,Week4,Shouse Village,Week3,267.0 Fox Mill Woods - 135.0 Shouse Village
Great Falls,Week4,Hamlet,Week4,274.0 Hamlet - 128.0 Great Falls
Fox Mill Woods,Week1,Springfield,Week1,381.0 Fox Mill Woods - 21.0 Springfield
Great Falls,Week2,Fox Mill Woods,Week3,247.5 Fox Mill Woods - 136.5 Great Falls
Fox Mill Woods,Week5,Springboard,Week3,324.0 Fox Mill Woods - 78.0 Springboard
Great Falls,Week5,Fox Mill Estates,Week5,239.0 Great Falls - 163.0 Fox Mill Estates
Fox Mill Woods,Week5,Springboard,Week2,347.0 Fox Mill Woods - 55.0 Springboard
Great Falls,Week4,Mount Vernon Park,Week4,277.5 Mount Vernon Park - 124.5 Great Falls
Great Falls,Week4,Mount Vernon Park,Week2,266.0 Mount Vernon Park - 136.0 Great Falls
Fox Mill Woods,Week1,Sideburn Run,Week3,249.0 Fox Mill Woods - 153.0 Sideburn Run
Great Falls,Week2,Sleepy Hollow Rec,Week2,243.5 Great Falls - 140.5 Sleepy Hollow Rec
Greenbriar,Week2,Hamlet,Week3,248.0 Hamlet - 154.0 Greenbriar
Great Falls,Week3,Fox Mill Woods,Week3,232.0 Fox Mill Woods - 170.0 Great Falls
Great Falls,Week5,Mount Vernon Park,Week4,242.0 Mount Vernon Park - 160.0 Great Falls
Great Falls,Week4,Hayfield Farm,Week2,218.0 Hayfield Farm - 184.0 Great Falls
Great Falls,Week5,Mount Vernon Park,Week3,256.0 Mount Vernon Park - 146.0 Great Falls
Great Falls,Week1,Sleepy Hollow Rec,Week2,241.0 Great Falls - 157.0 Sleepy Hollow Rec
Great Falls,Week3,Hayfield Farm,Week1,208.0 Great Falls - 194.0 Hayfield Farm
Fox Mill Woods,Week2,Parklawn,Week4,294.5 Fox Mill Woods - 105.5 Parklawn
Great Falls,Week2,Sleepy Hollow Rec,Week3,231.0 Great Falls - 153.0 Sleepy Hollow Rec
Fox Mill Woods,Week2,Parliament,Week2,275.0 Fox Mill Woods - 127.0 Parliament
Fox Mill Woods,Week2,Parliament,Week1,242.0 Fox Mill Woods - 160.0 Parliament
Fox Mill Woods,Week3,Springboard,Week2,344.0 Fox Mill Woods - 58.0 Springboard
Great Falls,Week3,Sleepy Hollow Rec,Week4,276.0 Great Falls - 126.0 Sleepy Hollow Rec
Fox Mill Woods,Week3,Parklawn,Week1,318.0 Fox Mill Woods - 75.0 Parklawn
Great Falls,Week2,Hayfield Farm,Week3,226.0 Hayfield Farm - 158.0 Great Falls
Greenbriar,Week4,Hamlet,Week4,273.0 Hamlet - 129.0 Greenbriar
Fox Mill Woods,Week3,Springboard,Week4,326.0 Fox Mill Woods - 76.0 Springboard
Fox Mill Woods,Week4,Shouse Village,Week2,275.0 Fox Mill Woods - 127.0 Shouse Village
Greenbriar,Week2,Hamlet,Week4,232.0 Hamlet - 170.0 Greenbriar
Greenbriar,Week3,Hamlet,Week5,287.0 Hamlet - 115.0 Greenbriar
Great Falls,Week5,Fox Mill Woods,Week2,228.0 Fox Mill Woods - 174.0 Great Falls
Fox Mill Woods,Week4,Shouse Village,Week5,237.0 Fox Mill Woods - 165.0 Shouse Village
Great Falls,Week4,Hayfield Farm,Week3,225.0 Hayfield Farm - 176.0 Great Falls
Great Falls,Week5,Hamlet,Week5,282.0 Hamlet - 120.0 Great Falls
Fox Mill Woods,Week2,Parklawn,Week2,314.0 Fox Mill Woods - 87.0 Parklawn
Great Falls,Week3,Newington Forest,Week4,262.0 Great Falls - 140.0 Newington Forest
Great Falls,Week1,Hayfield Farm,Week3,249.0 Hayfield Farm - 149.0 Great Falls
Great Falls,Week5,Sleepy Hollow B & R,Week5,234.0 Sleepy Hollow B & R - 168.0 Great Falls
Fox Mill Woods,Week4,Shouse Village,Week4,250.0 Fox Mill Woods - 152.0 Shouse Village
Fox Mill Woods,Week3,Shouse Village,Week1,246.0 Fox Mill Woods - 156.0 Shouse Village
Fox Mill Woods,Week4,Springboard,Week4,329.0 Fox Mill Woods - 73.0 Springboard
Great Falls,Week5,Hamlet,Week4,241.0 Hamlet - 161.0 Great Falls
Great Falls,Week4,Fox Mill Estates,Week3,208.0 Great Falls - 194.0 Fox Mill Estates
Great Falls,Week1,Sleepy Hollow Rec,Week3,233.0 Great Falls - 169.0 Sleepy Hollow Rec
Fox Mill Woods,Week3,Shouse Village,Week3,244.0 Fox Mill Woods - 158.0 Shouse Village
Great Falls,Week5,Fox Mill Woods,Week5,225.0 Fox Mill Woods - 177.0 Great Falls
Greenbriar,Week4,Greenbriar,Week4,201.0 Greenbriar (G1) - 201.0 Greenbriar (G2)
Great Falls,Week2,Newington Forest,Week1,264.0 Great Falls - 119.0 Newington Forest
Fox Mill Woods,Week1,Springfield,Week4,381.0 Fox Mill Woods - 21.0 Springfield
Fox Mill Woods,Week4,Parklawn,Week3,320.0 Fox Mill Woods - 82.0 Parklawn
Fox Mill Woods,Week3,Springboard,Week5,316.0 Fox Mill Woods - 86.0 Springboard
Great Falls,Week5,Sleepy Hollow B & R,Week2,212.0 Sleepy Hollow B & R - 190.0 Great Falls
Great Falls,Week2,Newington Forest,Week4,245.0 Great Falls - 139.0 Newington Forest
Fox Mill Woods,Week3,Parklawn,Week2,312.0 Fox Mill Woods - 90.0 Parklawn
Fox Mill Woods,Week2,Parklawn,Week3,316.0 Fox Mill Woods - 85.0 Parklawn
Fox Mill Woods,Week1,Springfield,Week5,381.0 Fox Mill Woods - 21.0 Springfield
Great Falls,Week1,Great Falls,Week2,216.0 Great Falls (GF2) - 165.0 Great Falls (GF1)
Greenbriar,Week1,Hamlet,Week4,255.0 Hamlet - 147.0 Greenbriar
Great Falls,Week4,Newington Forest,Week1,249.0 Great Falls - 152.0 Newington Forest
Great Falls,Week4,Sleepy Hollow Rec,Week1,245.0 Great Falls - 157.0 Sleepy Hollow Rec
Greenbriar,Week2,Hamlet,Week1,240.0 Hamlet - 162.0 Greenbriar
Great Falls,Week1,Fox Mill Woods,Week2,269.0 Fox Mill Woods - 133.0 Great Falls
Great Falls,Week1,Hayfield Farm,Week2,239.0 Hayfield Farm - 163.0 Great Falls
Fox Mill Woods,Week1,Sideburn Run,Week1,248.0 Fox Mill Woods - 154.0 Sideburn Run
Fox Mill Woods,Week1,Sideburn Run,Week4,249.0 Fox Mill Woods - 153.0 Sideburn Run
Fox Mill Woods,Week5,Shouse Village,Week3,266.0 Fox Mill Woods - 136.0 Shouse Village
Fox Mill Woods,Week4,Springboard,Week2,350.0 Fox Mill Woods - 52.0 Springboard
Great Falls,Week3,Newington Forest,Week5,247.0 Great Falls - 155.0 Newington Forest
Greenbriar,Week1,Hamlet,Week3,269.0 Hamlet - 133.0 Greenbriar
Fox Mill Woods,Week5,Parklawn,Week5,306.0 Fox Mill Woods - 96.0 Parklawn
Great Falls,Week4,Newington Forest,Week2,247.5 Great Falls - 154.5 Newington Forest
Great Falls,Week4,Hayfield Farm,Week5,208.0 Hayfield Farm - 194.0 Great Falls
Fox Mill Woods,Week2,Springfield,Week2,381.0 Fox Mill Woods - 21.0 Springfield
Great Falls,Week2,Hayfield Farm,Week5,205.0 Hayfield Farm - 179.0 Great Falls
Great Falls,Week2,Sleepy Hollow Rec,Week4,253.5 Great Falls - 129.5 Sleepy Hollow Rec
Great Falls,Week4,Sleepy Hollow Rec,Week4,250.0 Great Falls - 152.0 Sleepy Hollow Rec
Greenbriar,Week2,Hamlet,Week2,260.0 Hamlet - 142.0 Greenbriar
Great Falls,Week4,Newington Forest,Week4,245.0 Great Falls - 156.0 Newington Forest
Fox Mill Woods,Week5,Springboard,Week5,316.0 Fox Mill Woods - 85.0 Springboard
Greenbriar,Week2,Hamlet,Week5,263.0 Hamlet - 139.0 Greenbriar
Great Falls,Week2,Sleepy Hollow Rec,Week5,238.0 Great Falls - 146.0 Sleepy Hollow Rec
Fox Mill Woods,Week2,Shouse Village,Week3,243.0 Fox Mill Woods - 159.0 Shouse Village
Great Falls,Week5,Hayfield Farm,Week2,204.0 Hayfield Farm - 198.0 Great Falls
Fox Mill Woods,Week2,Shouse Village,Week4,234.0 Fox Mill Woods - 168.0 Shouse Village
Great Falls,Week4,Fox Mill Estates,Week5,213.0 Great Falls - 189.0 Fox Mill Estates
Fox Mill Woods,Week3,Parklawn,Week4,302.0 Fox Mill Woods - 100.0 Parklawn
Fox Mill Woods,Week4,Parklawn,Week1,320.0 Fox Mill Woods - 73.0 Parklawn
Fox Mill Woods,Week1,Springfield,Week2,383.0 Fox Mill Woods - 19.0 Springfield
Great Falls,Week3,Fox Mill Woods,Week1,239.0 Fox Mill Woods - 163.0 Great Falls
Great Falls,Week4,Newington Forest,Week3,249.0 Great Falls - 152.0 Newington Forest
Great Falls,Week4,Sleepy Hollow Rec,Week5,235.0 Great Falls - 166.0 Sleepy Hollow Rec
Great Falls,Week1,Fox Mill Woods,Week1,270.0 Fox Mill Woods - 132.0 Great Falls
Fox Mill Woods,Week1,Parliament,Week2,286.0 Fox Mill Woods - 116.0 Parliament
Fox Mill Woods,Week4,Parklawn,Week2,310.0 Fox Mill Woods - 92.0 Parklawn
Great Falls,Week3,Sleepy Hollow Rec,Week3,256.0 Great Falls - 146.0 Sleepy Hollow Rec
Great Falls,Week2,Newington Forest,Week5,233.5 Great Falls - 150.5 Newington Forest
Great Falls,Week2,Fox Mill Woods,Week5,250.0 Fox Mill Woods - 134.0 Great Falls
Fox Mill Woods,Week2,Springfield,Week1,381.0 Fox Mill Woods - 21.0 Springfield
Great Falls,Week4,Hayfield Farm,Week4,207.0 Hayfield Farm - 195.0 Great Falls
Greenbriar,Week4,Hamlet,Week5,304.0 Hamlet - 98.0 Greenbriar
Fox Mill Woods,Week1,Sideburn Run,Week5,242.0 Fox Mill Woods - 160.0 Sideburn Run
Great Falls,Week5,Hayfield Farm,Week4,203.0 Great Falls - 199.0 Hayfield Farm
Great Falls,Week5,Hayfield Farm,Week1,207.0 Great Falls - 195.0 Hayfield Farm
Great Falls,Week4,Sleepy Hollow Rec,Week3,227.5 Great Falls - 174.5 Sleepy Hollow Rec
Fox Mill Woods,Week3,Parklawn,Week5,303.0 Fox Mill Woods - 99.0 Parklawn
Great Falls,Week4,Fox Mill Woods,Week1,252.0 Fox Mill Woods - 150.0 Great Falls
Fox Mill Woods,Week3,Shouse Village,Week2,263.0 Fox Mill Woods - 139.0 Shouse Village
Great Falls,Week5,Mount Vernon Park,Week2,224.0 Mount Vernon Park - 177.0 Great Falls
Great Falls,Week1,Newington Forest,Week2,245.0 Great Falls - 157.0 Newington Forest
Fox Mill Woods,Week2,Springfield,Week4,382.0 Fox Mill Woods - 20.0 Springfield
Greenbriar,Week3,Hamlet,Week2,278.0 Hamlet - 124.0 Greenbriar
Hamlet,Week2,Fairfax Club Estates,Week4,321.0 Hamlet - 81.0 Fairfax Club Estates
Hamlet,Week3,Fairfax Club Estates,Week2,335.0 Hamlet - 66.0 Fairfax Club Estates
Hayfield Farm,Week2,Forest Hollow,Week4,222.0 Forest Hollow - 180.0 Hayfield Farm
Hamlet,Week5,Wakefield Chapel,Week2,242.0 Hamlet - 160.0 Wakefield Chapel
Hamlet,Week4,Somerset-Olde Creek,Week3,359.0 Hamlet - 42.0 Somerset-Olde Creek
Greenbriar,Week1,Pinecrest,Week4,252.0 Pinecrest - 150.0 Greenbriar
Greenbriar,Week1,Pinecrest,Week5,268.0 Pinecrest - 134.0 Greenbriar
Greenbriar,Week2,Wakefield Chapel,Week3,253.0 Wakefield Chapel - 149.0 Greenbriar
Greenbriar,Week2,Wakefield Chapel,Week4,243.0 Wakefield Chapel - 159.0 Greenbriar
Hamlet,Week1,Fairfax Club Estates,Week4,306.0 Hamlet - 95.0 Fairfax Club Estates
Hayfield Farm,Week1,Forest Hollow,Week2,201.0 Forest Hollow - 201.0 Hayfield Farm
Hayfield Farm,Week3,Fairfax Station,Week1,241.0 Fairfax Station - 161.0 Hayfield Farm
Greenbriar,Week3,Wakefield Chapel,Week2,264.0 Wakefield Chapel - 138.0 Greenbriar
Greenbriar,Week4,Virginia Run,Week1,234.0 Virginia Run - 168.0 Greenbriar
Hamlet,Week5,Wakefield Chapel,Week1,215.0 Hamlet - 187.0 Wakefield Chapel
Hayfield Farm,Week4,Fairfax Station,Week2,250.0 Fairfax Station - 152.0 Hayfield Farm
Hamlet,Week2,Fairfax Club Estates,Week2,335.0 Hamlet - 67.0 Fairfax Club Estates
Hamlet,Week3,Somerset-Olde Creek,Week4,367.0 Hamlet - 35.0 Somerset-Olde Creek
Hayfield Farm,Week4,Fairfax Station,Week3,275.0 Fairfax Station - 127.0 Hayfield Farm
Hamlet,Week3,Walden Glen,Week2,321.0 Hamlet - 81.0 Walden Glen
Hamlet,Week4,Wakefield Chapel,Week5,255.0 Wakefield Chapel - 147.0 Hamlet
Hamlet,Week5,Wakefield Chapel,Week3,221.0 Hamlet - 181.0 Wakefield Chapel
Greenbriar,Week2,Wakefield Chapel,Week1,254.0 Wakefield Chapel - 148.0 Greenbriar
Hayfield Farm,Week3,Forest Hollow,Week2,216.0 Hayfield Farm - 186.0 Forest Hollow
Greenbriar,Week1,Pinecrest,Week3,256.0 Pinecrest - 146.0 Greenbriar
Greenbriar,Week4,Pinecrest,Week4,268.0 Pinecrest - 134.0 Greenbriar
Greenbriar,Week4,Virginia Run,Week3,222.5 Virginia Run - 179.5 Greenbriar
Hamlet,Week3,Somerset-Olde Creek,Week5,355.0 Hamlet - 47.0 Somerset-Olde Creek
Hayfield Farm,Week4,Fairfax Station,Week4,248.0 Fairfax Station - 154.0 Hayfield Farm
Hamlet,Week2,Somerset-Olde Creek,Week2,374.0 Hamlet - 28.0 Somerset-Olde Creek
Hamlet,Week3,Fairfax Club Estates,Week5,332.0 Hamlet - 69.0 Fairfax Club Estates
Hamlet,Week3,Walden Glen,Week5,298.0 Hamlet - 104.0 Walden Glen
Greenbriar,Week5,Virginia Run,Week4,214.0 Virginia Run - 188.0 Greenbriar
Hamlet,Week4,Somerset-Olde Creek,Week1,352.0 Hamlet - 50.0 Somerset-Olde Creek
Greenbriar,Week5,Parliament,Week2,231.5 Greenbriar - 170.5 Parliament
Hamlet,Week5,Fairfax,Week5,209.0 Hamlet - 193.0 Fairfax
Hamlet,Week1,Walden Glen,Week2,302.0 Hamlet - 100.0 Walden Glen
Hamlet,Week5,Fairfax Club Estates,Week4,335.0 Hamlet - 67.0 Fairfax Club Estates
Hayfield Farm,Week3,Fairfax Station,Week3,267.0 Fairfax Station - 135.0 Hayfield Farm
Greenbriar,Week3,Wakefield Chapel,Week5,286.0 Wakefield Chapel - 116.0 Greenbriar
Hayfield Farm,Week5,Fairfax Station,Week1,268.0 Fairfax Station - 134.0 Hayfield Farm
Greenbriar,Week4,Wakefield Chapel,Week2,285.0 Wakefield Chapel - 117.0 Greenbriar
Hayfield Farm,Week2,Forest Hollow,Week2,207.0 Forest Hollow - 195.0 Hayfield Farm
Hamlet,Week5,Somerset-Olde Creek,Week1,369.0 Hamlet - 33.0 Somerset-Olde Creek
Hayfield Farm,Week3,Fairfax Station,Week4,227.0 Fairfax Station - 175.0 Hayfield Farm
Hamlet,Week2,Wakefield Chapel,Week3,210.0 Wakefield Chapel - 192.0 Hamlet
Hamlet,Week3,Somerset-Olde Creek,Week1,362.0 Hamlet - 39.0 Somerset-Olde Creek
Hamlet,Week4,Fairfax Club Estates,Week5,302.0 Hamlet - 100.0 Fairfax Club Estates
Greenbriar,Week5,Virginia Run,Week1,219.0 Virginia Run - 183.0 Greenbriar
Greenbriar,Week4,Pinecrest,Week3,268.0 Pinecrest - 134.0 Greenbriar
Hamlet,Week2,Fairfax Club Estates,Week5,331.5 Hamlet - 70.5 Fairfax Club Estates
Hamlet,Week5,Fairfax Club Estates,Week2,342.0 Hamlet - 60.0 Fairfax Club Estates
Greenbriar,Week1,Wakefield Chapel,Week3,271.0 Wakefield Chapel - 131.0 Greenbriar
Hamlet,Week2,South Run,Week1,274.0 Hamlet - 119.0 South Run
Greenbriar,Week4,Wakefield Chapel,Week3,294.0 Wakefield Chapel - 108.0 Greenbriar
Hamlet,Week4,Somerset-Olde Creek,Week4,364.0 Hamlet - 38.0 Somerset-Olde Creek
Greenbriar,Week3,Parliament,Week3,245.5 Greenbriar - 156.5 Parliament
Hamlet,Week5,Walden Glen,Week4,316.0 Hamlet - 86.0 Walden Glen
Hamlet,Week5,Somerset-Olde Creek,Week3,376.0 Hamlet - 26.0 Somerset-Olde Creek
Hamlet,Week3,Fairfax Club Estates,Week4,324.0 Hamlet - 78.0 Fairfax Club Estates
Greenbriar,Week2,Wakefield Chapel,Week2,243.0 Wakefield Chapel - 159.0 Greenbriar
Hamlet,Week4,Wakefield Chapel,Week2,202.0 Wakefield Chapel - 200.0 Hamlet
Greenbriar,Week3,Pinecrest,Week1,232.0 Pinecrest - 170.0 Greenbriar
Greenbriar,Week2,Pinecrest,Week1,212.5 Pinecrest - 189.5 Greenbriar
Greenbriar,Week4,Parliament,Week4,221.0 Greenbriar - 181.0 Parliament
Hamlet,Week3,Somerset-Olde Creek,Week2,370.0 Hamlet - 31.0 Somerset-Olde Creek
Hayfield Farm,Week4,Fairfax Station,Week1,248.0 Fairfax Station - 154.0 Hayfield Farm
Hamlet,Week2,Walden Glen,Week5,310.0 Hamlet - 92.0 Walden Glen
Hamlet,Week5,Fairfax Club Estates,Week1,332.0 Hamlet - 70.0 Fairfax Club Estates
Greenbriar,Week4,Parliament,Week5,212.0 Greenbriar - 189.0 Parliament
Greenbriar,Week1,Wakefield Chapel,Week1,270.0 Wakefield Chapel - 132.0 Greenbriar
Hamlet,Week5,Fairfax,Week2,215.0 Hamlet - 187.0 Fairfax
Hamlet,Week4,Fairfax,Week5,215.0 Fairfax - 187.0 Hamlet
Greenbriar,Week1,Pinecrest,Week2,237.0 Pinecrest - 165.0 Greenbriar
Hamlet,Week5,Walden Glen,Week2,324.0 Hamlet - 78.0 Walden Glen
Hamlet,Week1,Somerset-Olde Creek,Week5,346.0 Hamlet - 55.0 Somerset-Olde Creek
Hamlet,Week2,Fairfax Club Estates,Week1,316.0 Hamlet - 86.0 Fairfax Club Estates
Greenbriar,Week1,Wakefield Chapel,Week5,283.5 Wakefield Chapel - 118.5 Greenbriar
Hamlet,Week5,Somerset-Olde Creek,Week2,377.0 Hamlet - 25.0 Somerset-Olde Creek
Hamlet,Week1,Walden Glen,Week3,316.0 Hamlet - 86.0 Walden Glen
Greenbriar,Week4,Wakefield Chapel,Week1,290.0 Wakefield Chapel - 112.0 Greenbriar
Hamlet,Week4,Wakefield Chapel,Week1,234.0 Wakefield Chapel - 168.0 Hamlet
Hayfield Farm,Week5,Fairfax Station,Week4,253.0 Fairfax Station - 149.0 Hayfield Farm
Greenbriar,Week5,Pinecrest,Week3,256.0 Pinecrest - 146.0 Greenbriar
Hayfield Farm,Week5,Fairfax Station,Week3,287.0 Fairfax Station - 115.0 Hayfield Farm
Hamlet,Week4,Somerset-Olde Creek,Week2,364.0 Hamlet - 37.0 Somerset-Olde Creek
Hamlet,Week1,Somerset-Olde Creek,Week1,355.0 Hamlet - 41.0 Somerset-Olde Creek
Hayfield Farm,Week5,Fairfax Station,Week5,288.0 Fairfax Station - 114.0 Hayfield Farm
Greenbriar,Week2,Parliament,Week5,253.0 Greenbriar - 148.0 Parliament
Hamlet,Week3,Somerset-Olde Creek,Week3,366.0 Hamlet - 35.0 Somerset-Olde Creek
Hamlet,Week4,Fairfax,Week3,210.0 Fairfax - 192.0 Hamlet
Hamlet,Week4,Wakefield Chapel,Week4,222.0 Wakefield Chapel - 180.0 Hamlet
Hayfield Farm,Week1,Forest Hollow,Week4,216.0 Forest Hollow - 186.0 Hayfield Farm
Hayfield Farm,Week1,Forest Hollow,Week3,207.0 Forest Hollow - 195.0 Hayfield Farm
Hamlet,Week5,Somerset-Olde Creek,Week5,365.0 Hamlet - 37.0 Somerset-Olde Creek
Greenbriar,Week3,Pinecrest,Week5,261.0 Pinecrest - 141.0 Greenbriar
Hamlet,Week4,Walden Glen,Week1,322.0 Hamlet - 80.0 Walden Glen
Hamlet,Week5,Fairfax,Week3,208.0 Hamlet - 194.0 Fairfax
Greenbriar,Week5,Virginia Run,Week2,208.0 Greenbriar - 194.0 Virginia Run
Hamlet,Week5,Walden Glen,Week5,310.0 Hamlet - 92.0 Walden Glen
Greenbriar,Week3,Parliament,Week2,258.0 Greenbriar - 143.0 Parliament
Greenbriar,Week3,Parliament,Week1,215.0 Greenbriar - 186.0 Parliament
Hamlet,Week4,Fairfax Club Estates,Week4,292.0 Hamlet - 110.0 Fairfax Club Estates
Hamlet,Week3,Walden Glen,Week4,318.0 Hamlet - 84.0 Walden Glen
Hamlet,Week3,Fairfax Club Estates,Week1,319.0 Hamlet - 82.0 Fairfax Club Estates
Greenbriar,Week4,Wakefield Chapel,Week4,284.0 Wakefield Chapel - 118.0 Greenbriar
Hamlet,Week4,Somerset-Olde Creek,Week5,353.0 Hamlet - 49.0 Somerset-Olde Creek
Hayfield Farm,Week1,Forest Hollow,Week1,216.0 Forest Hollow - 186.0 Hayfield Farm
Hayfield Farm,Week3,Fairfax Station,Week5,276.0 Fairfax Station - 126.0 Hayfield Farm
Hamlet,Week1,Walden Glen,Week1,337.0 Hamlet - 64.0 Walden Glen
Hamlet,Week1,Somerset-Olde Creek,Week4,366.0 Hamlet - 35.0 Somerset-Olde Creek
Hayfield Farm,Week2,Forest Hollow,Week1,216.0 Forest Hollow - 186.0 Hayfield Farm
Greenbriar,Week4,Parliament,Week3,221.0 Greenbriar - 181.0 Parliament
Greenbriar,Week4,Wakefield Chapel,Week5,301.0 Wakefield Chapel - 101.0 Greenbriar
Hamlet,Week2,Fairfax Station,Week4,234.0 Hamlet - 168.0 Fairfax Station
Hamlet,Week2,Walden Glen,Week2,325.0 Hamlet - 77.0 Walden Glen
Hamlet,Week5,Fairfax Club Estates,Week3,341.0 Hamlet - 61.0 Fairfax Club Estates
Greenbriar,Week4,Parliament,Week1,205.0 Greenbriar - 196.0 Parliament
Greenbriar,Week5,Wakefield Chapel,Week1,263.0 Wakefield Chapel - 139.0 Greenbriar
Hamlet,Week1,South Run,Week2,290.0 Hamlet - 111.0 South Run
Greenbriar,Week3,Parliament,Week4,241.0 Greenbriar - 161.0 Parliament
Hamlet,Week5,Fairfax Station,Week3,211.0 Hamlet - 191.0 Fairfax Station
Hayfield Farm,Week3,Fairfax Station,Week2,246.0 Fairfax Station - 156.0 Hayfield Farm
Greenbriar,Week5,Wakefield Chapel,Week2,251.5 Wakefield Chapel - 150.5 Greenbriar
Hamlet,Week1,Somerset-Olde Creek,Week2,366.0 Hamlet - 30.0 Somerset-Olde Creek
Hamlet,Week4,Walden Glen,Week5,281.0 Hamlet - 121.0 Walden Glen
Greenbriar,Week5,Wakefield Chapel,Week4,252.0 Wakefield Chapel - 150.0 Greenbriar
Hamlet,Week2,Somerset-Olde Creek,Week1,365.0 Hamlet - 37.0 Somerset-Olde Creek
Hayfield Farm,Week1,Forest Hollow,Week5,233.0 Forest Hollow - 169.0 Hayfield Farm
Hamlet,Week4,Walden Glen,Week2,305.0 Hamlet - 96.0 Walden Glen
Hamlet,Week1,South Run,Week4,294.0 Hamlet - 107.0 South Run
Greenbriar,Week5,Parliament,Week1,205.0 Greenbriar - 197.0 Parliament
Hamlet,Week1,South Run,Week3,299.0 Hamlet - 102.0 South Run
Hamlet,Week2,Fairfax Station,Week3,211.0 Hamlet - 191.0 Fairfax Station
Hamlet,Week3,South Run,Week4,297.0 Hamlet - 105.0 South Run
Hamlet,Week3,Fairfax Station,Week5,209.0 Fairfax Station - 193.0 Hamlet
Greenbriar,Week5,Parliament,Week5,216.0 Greenbriar - 186.0 Parliament
Hayfield Farm,Week4,Fairfax Station,Week5,281.0 Fairfax Station - 121.0 Hayfield Farm
Hayfield Farm,Week5,Fairfax Station,Week2,276.0 Fairfax Station - 126.0 Hayfield Farm
Hayfield Farm,Week4,Forest Hollow,Week5,220.0 Forest Hollow - 182.0 Hayfield Farm
Hayfield Farm,Week2,Forest Hollow,Week5,238.0 Forest Hollow - 164.0 Hayfield Farm
Hamlet,Week1,Forest Hollow,Week1,245.5 Hamlet - 156.5 Forest Hollow
Hamlet,Week1,South Run,Week5,269.0 Hamlet - 133.0 South Run
Hamlet,Week1,Waynewood,Week3,222.0 Hamlet - 180.0 Waynewood
Hamlet,Week1,Forest Hollow,Week3,256.0 Hamlet - 146.0 Forest Hollow
Hayfield Farm,Week4,Forest Hollow,Week3,206.0 Forest Hollow - 196.0 Hayfield Farm
Greenbriar,Week5,Parliament,Week4,228.0 Greenbriar - 174.0 Parliament
Hamlet,Week3,Fairfax Station,Week1,224.0 Hamlet - 178.0 Fairfax Station
Hamlet,Week5,Fairfax Club Estates,Week5,341.0 Hamlet - 61.0 Fairfax Club Estates
Greenbriar,Week1,Walden Glen,Week2,259.0 Greenbriar - 143.0 Walden Glen
Hamlet,Week3,Fairfax Station,Week4,229.0 Hamlet - 173.0 Fairfax Station
Greenbriar,Week1,Pinecrest,Week1,224.0 Pinecrest - 178.0 Greenbriar
Greenbriar,Week5,Wakefield Chapel,Week5,269.0 Wakefield Chapel - 133.0 Greenbriar
Hamlet,Week2,Walden Glen,Week3,329.0 Hamlet - 73.0 Walden Glen
Greenbriar,Week2,Pinecrest,Week2,206.0 Pinecrest - 196.0 Greenbriar
Greenbriar,Week3,Parliament,Week5,239.0 Greenbriar - 162.0 Parliament
Hamlet,Week2,Waynewood,Week1,253.0 Hamlet - 149.0 Waynewood
Greenbriar,Week5,Parliament,Week3,227.0 Greenbriar - 175.0 Parliament
Hamlet,Week2,South Run,Week5,279.0 Hamlet - 123.0 South Run
Hayfield Farm,Week2,Forest Hollow,Week3,223.0 Forest Hollow - 179.0 Hayfield Farm
Hamlet,Week1,Fairfax Station,Week2,207.0 Hamlet - 195.0 Fairfax Station
Greenbriar,Week4,Parliament,Week2,222.0 Greenbriar - 180.0 Parliament
Hamlet,Week2,Walden Glen,Week1,348.0 Hamlet - 54.0 Walden Glen
Hayfield Farm,Week5,Forest Hollow,Week2,203.0 Hayfield Farm - 199.0 Forest Hollow
Hamlet,Week5,Somerset-Olde Creek,Week4,380.0 Hamlet - 22.0 Somerset-Olde Creek
Hamlet,Week2,Somerset-Olde Creek,Week3,368.0 Hamlet - 34.0 Somerset-Olde Creek
Hamlet,Week1,Waynewood,Week5,223.0 Hamlet - 179.0 Waynewood
Greenbriar,Week2,Pinecrest,Week5,233.0 Pinecrest - 169.0 Greenbriar
Hamlet,Week1,Waynewood,Week1,247.0 Hamlet - 155.0 Waynewood
Hamlet,Week4,South Run,Week2,286.0 Hamlet - 116.0 South Run
Hamlet,Week2,Springboard,Week3,355.0 Hamlet - 47.0 Springboard
Greenbriar,Week1,Walden Glen,Week1,287.0 Greenbriar - 115.0 Walden Glen
Hamlet,Week2,Fairfax Station,Week1,223.0 Hamlet - 179.0 Fairfax Station
Hamlet,Week3,Walden Glen,Week3,328.0 Hamlet - 74.0 Walden Glen
Hayfield Farm,Week3,Forest Hollow,Week4,206.0 Hayfield Farm - 196.0 Forest Hollow
Greenbriar,Week1,Walden Glen,Week3,269.0 Greenbriar - 133.0 Walden Glen
Greenbriar,Week3,Pinecrest,Week2,239.5 Pinecrest - 162.5 Greenbriar
Greenbriar,Week2,Pinecrest,Week3,210.0 Pinecrest - 192.0 Greenbriar
Hamlet,Week2,Walden Glen,Week4,316.0 Hamlet - 86.0 Walden Glen
Hamlet,Week5,Wakefield Chapel,Week5,202.0 Wakefield Chapel - 200.0 Hamlet
Greenbriar,Week2,Pinecrest,Week4,218.0 Pinecrest - 184.0 Greenbriar
Hamlet,Week1,Waynewood,Week2,243.0 Hamlet - 159.0 Waynewood
Hayfield Farm,Week5,Forest Hollow,Week1,214.0 Forest Hollow - 188.0 Hayfield Farm
Hamlet,Week3,Fairfax Station,Week2,220.0 Hamlet - 182.0 Fairfax Station
Hayfield Farm,Week3,Forest Hollow,Week1,207.0 Hayfield Farm - 195.0 Forest Hollow
Hayfield Farm,Week4,Forest Hollow,Week2,211.0 Hayfield Farm - 191.0 Forest Hollow
Hamlet,Week1,Fairfax Station,Week4,216.0 Hamlet - 186.0 Fairfax Station
Hamlet,Week2,Fairfax Station,Week5,203.0 Hamlet - 199.0 Fairfax Station
Greenbriar,Week3,Pinecrest,Week3,253.0 Pinecrest - 149.0 Greenbriar
Hayfield Farm,Week5,Forest Hollow,Week3,224.0 Forest Hollow - 178.0 Hayfield Farm
Hamlet,Week1,Waynewood,Week4,237.0 Hamlet - 165.0 Waynewood
Greenbriar,Week2,McLean,Week4,237.0 McLean - 165.0 Greenbriar
Hayfield Farm,Week3,Forest Hollow,Week5,204.0 Forest Hollow - 198.0 Hayfield Farm
Hamlet,Week1,Walden Glen,Week4,298.0 Hamlet - 103.0 Walden Glen
Hamlet,Week1,Springboard,Week5,345.0 Hamlet - 53.0 Springboard
Hamlet,Week3,Walden Glen,Week1,342.0 Hamlet - 60.0 Walden Glen
Hamlet,Week3,South Run,Week2,291.0 Hamlet - 111.0 South Run
Hamlet,Week4,South Run,Week4,280.0 Hamlet - 122.0 South Run
Hamlet,Week3,Fairfax Station,Week3,208.0 Hamlet - 194.0 Fairfax Station
Hamlet,Week3,South Run,Week5,266.0 Hamlet - 136.0 South Run
Hayfield Farm,Week5,Forest Hollow,Week4,226.0 Forest Hollow - 176.0 Hayfield Farm
Greenbriar,Week3,Mantua,Week4,216.5 Mantua - 185.5 Greenbriar
Greenbriar,Week4,Pinecrest,Week1,250.0 Pinecrest - 152.0 Greenbriar
Hamlet,Week4,Fairfax Station,Week1,210.0 Hamlet - 192.0 Fairfax Station
Hamlet,Week2,Springboard,Week1,358.0 Hamlet - 44.0 Springboard
Greenbriar,Week3,Pinecrest,Week4,242.0 Pinecrest - 160.0 Greenbriar
Hamlet,Week1,Walden Glen,Week5,281.0 Hamlet - 120.0 Walden Glen
Greenbriar,Week2,McLean,Week5,261.0 McLean - 141.0 Greenbriar
Greenbriar,Week4,Pinecrest,Week2,269.0 Pinecrest - 133.0 Greenbriar
Greenbriar,Week5,Mantua,Week4,225.0 Mantua - 177.0 Greenbriar
Hamlet,Week4,Walden Glen,Week4,290.0 Hamlet - 112.0 Walden Glen
Hamlet,Week5,South Run,Week5,292.0 Hamlet - 110.0 South Run
Hayfield Farm,Week5,Forest Hollow,Week5,241.0 Forest Hollow - 161.0 Hayfield Farm
Hamlet,Week4,Walden Glen,Week3,312.0 Hamlet - 90.0 Walden Glen
Hayfield Farm,Week1,Fox Hunt,Week1,216.0 Hayfield Farm - 186.0 Fox Hunt
Greenbriar,Week5,Mantua,Week3,241.0 Mantua - 161.0 Greenbriar
Hamlet,Week4,Fairfax Station,Week2,211.0 Hamlet - 191.0 Fairfax Station
Hamlet,Week2,South Run,Week4,299.0 Hamlet - 103.0 South Run
Hamlet,Week4,Fairfax Station,Week3,214.0 Fairfax Station - 188.0 Hamlet
Greenbriar,Week4,Pinecrest,Week5,282.0 Pinecrest - 120.0 Greenbriar
Hamlet,Week5,Walden Glen,Week1,346.5 Hamlet - 55.5 Walden Glen
Hamlet,Week1,Fairfax Station,Week1,212.0 Hamlet - 190.0 Fairfax Station
Hamlet,Week4,Forest Hollow,Week1,245.0 Hamlet - 157.0 Forest Hollow
Hayfield Farm,Week1,Fox Hunt,Week2,201.0 Fox Hunt - 201.0 Hayfield Farm
Hamlet,Week5,South Run,Week1,287.0 Hamlet - 106.0 South Run
Hayfield Farm,Week1,Fox Hunt,Week3,220.0 Fox Hunt - 182.0 Hayfield Farm
Greenbriar,Week5,McLean,Week3,269.0 McLean - 133.0 Greenbriar
Greenbriar,Week3,Pinewood Lake,Week2,365.0 Greenbriar - 34.0 Pinewood Lake
Hamlet,Week5,Walden Glen,Week3,337.0 Hamlet - 65.0 Walden Glen
Hayfield Farm,Week2,Fox Hunt,Week1,202.0 Fox Hunt - 200.0 Hayfield Farm
Greenbriar,Week2,McLean,Week1,240.0 McLean - 162.0 Greenbriar
Hamlet,Week5,Fairfax Station,Week2,231.5 Hamlet - 170.5 Fairfax Station
Hamlet,Week4,South Run,Week5,257.5 Hamlet - 144.5 South Run
Hayfield Farm,Week4,Forest Hollow,Week1,205.0 Forest Hollow - 197.0 Hayfield Farm
Hayfield Farm,Week1,Fox Hunt,Week4,203.0 Hayfield Farm - 199.0 Fox Hunt
Greenbriar,Week3,McLean,Week5,275.0 McLean - 127.0 Greenbriar
Hamlet,Week2,Waynewood,Week5,237.0 Hamlet - 165.0 Waynewood
Greenbriar,Week5,McLean,Week1,260.0 McLean - 142.0 Greenbriar
Greenbriar,Week4,Mantua,Week5,266.5 Mantua - 135.5 Greenbriar
Hamlet,Week4,Fairfax Station,Week5,232.0 Fairfax Station - 170.0 Hamlet
Hayfield Farm,Week1,Fox Hunt,Week5,219.0 Fox Hunt - 183.0 Hayfield Farm
Hamlet,Week3,South Run,Week3,299.0 Hamlet - 103.0 South Run
Greenbriar,Week5,Pinecrest,Week1,240.0 Pinecrest - 162.0 Greenbriar
Hamlet,Week2,South Run,Week2,291.0 Hamlet - 111.0 South Run
Greenbriar,Week3,Pinewood Lake,Week1,367.0 Greenbriar - 31.0 Pinewood Lake
Hayfield Farm,Week4,Forest Hollow,Week4,224.0 Forest Hollow - 178.0 Hayfield Farm
Greenbriar,Week5,Pinewood Lake,Week1,361.0 Greenbriar - 34.0 Pinewood Lake
Greenbriar,Week2,McLean,Week2,256.0 McLean - 146.0 Greenbriar
Hamlet,Week5,Fairfax Station,Week4,239.0 Hamlet - 163.0 Fairfax Station
Hamlet,Week5,South Run,Week3,303.0 Hamlet - 99.0 South Run
Greenbriar,Week5,Pinecrest,Week2,246.0 Pinecrest - 156.0 Greenbriar
Hamlet,Week1,Fairfax Station,Week5,216.0 Fairfax Station - 186.0 Hamlet
Hamlet,Week1,Woodley,Week3,347.0 Hamlet - 55.0 Woodley
Hamlet,Week3,Waynewood,Week2,262.0 Hamlet - 140.0 Waynewood
Hamlet,Week4,Fairfax Station,Week4,212.0 Hamlet - 190.0 Fairfax Station
Hamlet,Week2,Woodley,Week2,355.0 Hamlet - 47.0 Woodley
Greenbriar,Week2,Pinewood Lake,Week1,364.0 Greenbriar - 32.0 Pinewood Lake
Hamlet,Week5,South Run,Week4,314.0 Hamlet - 88.0 South Run
Hamlet,Week5,South Run,Week2,307.0 Hamlet - 95.0 South Run
Hamlet,Week1,Fairfax Station,Week3,213.5 Fairfax Station - 188.5 Hamlet
Greenbriar,Week5,Pinewood Lake,Week2,362.0 Greenbriar - 34.0 Pinewood Lake
Hamlet,Week1,Springboard,Week4,343.0 Hamlet - 58.0 Springboard
Greenbriar,Week4,Mantua,Week3,258.0 Mantua - 144.0 Greenbriar
Hamlet,Week4,Woodley,Week2,337.0 Hamlet - 65.0 Woodley
Hamlet,Week4,Waynewood,Week3,208.0 Hamlet - 194.0 Waynewood
Hayfield Farm,Week2,Fox Hunt,Week2,203.0 Fox Hunt - 199.0 Hayfield Farm
Greenbriar,Week1,McLean,Week1,254.0 McLean - 148.0 Greenbriar
Greenbriar,Week3,Mantua,Week5,254.0 Mantua - 148.0 Greenbriar
Hamlet,Week5,Waynewood,Week1,261.0 Hamlet - 141.0 Waynewood
Hamlet,Week2,Waynewood,Week4,262.0 Hamlet - 140.0 Waynewood
Greenbriar,Week5,Pinecrest,Week4,253.0 Pinecrest - 149.0 Greenbriar
Hamlet,Week1,Springboard,Week3,346.0 Hamlet - 52.0 Springboard
Hamlet,Week4,Woodley,Week4,341.0 Hamlet - 61.0 Woodley
Hamlet,Week2,Fairfax Station,Week2,224.0 Hamlet - 178.0 Fairfax Station
Hamlet,Week2,South Run,Week3,294.0 Hamlet - 108.0 South Run
Greenbriar,Week5,Pinewood Lake,Week3,366.0 Greenbriar - 30.0 Pinewood Lake
Greenbriar,Week1,McLean,Week5,280.0 McLean - 122.0 Greenbriar
Hamlet,Week3,Forest Hollow,Week1,261.0 Hamlet - 141.0 Forest Hollow
Hamlet,Week1,Woodley,Week1,335.0 Hamlet - 67.0 Woodley
Hamlet,Week4,South Run,Week1,250.0 Hamlet - 143.0 South Run
Greenbriar,Week1,Pinewood Lake,Week5,358.0 Greenbriar - 43.0 Pinewood Lake
Greenbriar,Week2,McLean,Week3,256.0 McLean - 146.0 Greenbriar
Greenbriar,Week3,Mantua,Week2,211.0 Mantua - 191.0 Greenbriar
Greenbriar,Week2,Pinewood Lake,Week2,365.0 Greenbriar - 32.0 Pinewood Lake
Hamlet,Week3,Forest Hollow,Week2,287.0 Hamlet - 115.0 Forest Hollow
Greenbriar,Week3,Mantua,Week3,245.0 Mantua - 157.0 Greenbriar
Greenbriar,Week2,Pinewood Lake,Week3,369.0 Greenbriar - 27.0 Pinewood Lake
Hayfield Farm,Week3,Forest Hollow,Week3,202.0 Hayfield Farm - 200.0 Forest Hollow
Hamlet,Week2,Forest Hollow,Week3,279.0 Hamlet - 123.0 Forest Hollow
Hamlet,Week3,Waynewood,Week5,239.0 Hamlet - 163.0 Waynewood
Greenbriar,Week1,Pinewood Lake,Week2,365.0 Greenbriar - 36.0 Pinewood Lake
Hamlet,Week5,Fairfax Station,Week1,236.0 Hamlet - 166.0 Fairfax Station
Hamlet,Week4,South Run,Week3,279.0 Hamlet - 123.0 South Run
Hamlet,Week1,Springboard,Week2,367.0 Hamlet - 31.0 Springboard
Hamlet,Week1,Springboard,Week1,348.0 Hamlet - 50.0 Springboard
Hamlet,Week3,South Run,Week1,277.0 Hamlet - 116.0 South Run
Hamlet,Week5,Fairfax Station,Week5,206.0 Hamlet - 196.0 Fairfax Station
Hamlet,Week2,Springboard,Week2,379.5 Hamlet - 22.5 Springboard
Greenbriar,Week4,Mantua,Week1,232.0 Mantua - 170.0 Greenbriar
Greenbriar,Week2,Pinewood Lake,Week4,363.0 Greenbriar - 34.0 Pinewood Lake
Hamlet,Week1,Forest Hollow,Week2,273.0 Hamlet - 129.0 Forest Hollow
Hamlet,Week1,Woodley,Week5,334.0 Hamlet - 67.0 Woodley
Greenbriar,Week5,Pinecrest,Week5,250.0 Pinecrest - 152.0 Greenbriar
Greenbriar,Week4,Mantua,Week2,237.0 Mantua - 165.0 Greenbriar
Greenbriar,Week5,Mantua,Week5,244.0 Mantua - 158.0 Greenbriar
Hamlet,Week3,Forest Hollow,Week4,270.0 Hamlet - 132.0 Forest Hollow
Hamlet,Week4,Waynewood,Week2,246.0 Hamlet - 156.0 Waynewood
Hamlet,Week2,Woodley,Week1,347.0 Hamlet - 55.0 Woodley
Greenbriar,Week1,Pinewood Lake,Week3,365.0 Greenbriar - 36.0 Pinewood Lake
Hamlet,Week2,Forest Hollow,Week5,263.0 Hamlet - 139.0 Forest Hollow
Greenbriar,Week5,Mantua,Week1,220.0 Mantua - 182.0 Greenbriar
Hamlet,Week4,Waynewood,Week1,241.0 Hamlet - 161.0 Waynewood
Hamlet,Week3,Springboard,Week1,354.0 Hamlet - 47.0 Springboard
Greenbriar,Week3,Pinewood Lake,Week3,379.0 Greenbriar - 20.0 Pinewood Lake
Greenbriar,Week2,Pinewood Lake,Week5,356.0 Greenbriar - 41.0 Pinewood Lake
Greenbriar,Week4,Mantua,Week4,236.0 Mantua - 166.0 Greenbriar
Hamlet,Week2,Springboard,Week4,354.0 Hamlet - 48.0 Springboard
Hamlet,Week3,Forest Hollow,Week3,275.0 Hamlet - 127.0 Forest Hollow
Hamlet,Week2,Waynewood,Week2,254.5 Hamlet - 147.5 Waynewood
Hamlet,Week1,Fox Hunt,Week4,275.0 Hamlet - 127.0 Fox Hunt
Greenbriar,Week5,Mantua,Week2,213.0 Mantua - 189.0 Greenbriar
Greenbriar,Week3,Pinewood Lake,Week5,355.0 Greenbriar - 46.0 Pinewood Lake
Hamlet,Week3,Springboard,Week4,350.0 Hamlet - 52.0 Springboard
Hamlet,Week3,Waynewood,Week4,247.0 Hamlet - 155.0 Waynewood
Hamlet,Week4,Waynewood,Week4,234.0 Hamlet - 168.0 Waynewood
Greenbriar,Week1,Pinewood Lake,Week4,366.0 Greenbriar - 35.0 Pinewood Lake
Hamlet,Week3,Springboard,Week2,370.0 Hamlet - 31.0 Springboard
Greenbriar,Week1,McLean,Week2,267.0 McLean - 135.0 Greenbriar
Hamlet,Week3,Springboard,Week3,351.5 Hamlet - 49.5 Springboard
Hamlet,Week2,Springboard,Week5,354.0 Hamlet - 48.0 Springboard
Greenbriar,Week1,McLean,Week3,266.0 McLean - 136.0 Greenbriar
Greenbriar,Week1,Pinewood Lake,Week1,367.0 Greenbriar - 33.0 Pinewood Lake
Hamlet,Week1,Forest Hollow,Week4,253.0 Hamlet - 149.0 Forest Hollow
Hamlet,Week3,Waynewood,Week3,232.0 Hamlet - 170.0 Waynewood
Hamlet,Week2,Forest Hollow,Week2,295.0 Hamlet - 107.0 Forest Hollow
Hamlet,Week5,Forest Hollow,Week2,301.0 Hamlet - 101.0 Forest Hollow
Hamlet,Week2,Waynewood,Week3,242.0 Hamlet - 160.0 Waynewood
Greenbriar,Week3,McLean,Week1,253.0 McLean - 149.0 Greenbriar
Greenbriar,Week1,McLean,Week4,255.0 McLean - 147.0 Greenbriar
Greenbriar,Week3,McLean,Week2,271.0 McLean - 131.0 Greenbriar
Hamlet,Week3,Newington Forest,Week3,346.0 Hamlet - 56.0 Newington Forest
Hamlet,Week5,Waynewood,Week2,254.0 Hamlet - 148.0 Waynewood
Hamlet,Week3,Springfield,Week4,385.0 Hamlet - 12.0 Springfield
Hamlet,Week2,Forest Hollow,Week4,277.0 Hamlet - 125.0 Forest Hollow
Hamlet,Week3,Springfield,Week2,388.0 Hamlet - 9.0 Springfield
Hamlet,Week1,Springfield,Week2,381.0 Hamlet - 14.0 Springfield
Greenbriar,Week4,Pinewood Lake,Week3,368.0 Greenbriar - 33.0 Pinewood Lake
Greenbriar,Week3,Pleasant Valley,Week1,313.0 Greenbriar - 89.0 Pleasant Valley
Hamlet,Week5,Forest Hollow,Week4,282.0 Hamlet - 120.0 Forest Hollow
Hamlet,Week4,Waynewood,Week5,206.0 Hamlet - 196.0 Waynewood
Greenbriar,Week4,Pinewood Lake,Week2,363.0 Greenbriar - 38.0 Pinewood Lake
Greenbriar,Week3,McLean,Week3,268.0 McLean - 134.0 Greenbriar
Hamlet,Week3,Waynewood,Week1,258.0 Hamlet - 144.0 Waynewood
Hamlet,Week5,Waynewood,Week5,245.0 Hamlet - 157.0 Waynewood
Hamlet,Week4,Forest Hollow,Week5,247.0 Hamlet - 155.0 Forest Hollow
Hamlet,Week1,Forest Hollow,Week5,239.0 Hamlet - 163.0 Forest Hollow
Greenbriar,Week3,Pinewood Lake,Week4,371.0 Greenbriar - 29.0 Pinewood Lake
Hamlet,Week3,Newington Forest,Week2,352.0 Hamlet - 49.0 Newington Forest
Hamlet,Week4,Newington Forest,Week3,342.0 Hamlet - 60.0 Newington Forest
Greenbriar,Week4,McLean,Week1,277.0 McLean - 125.0 Greenbriar
Hamlet,Week3,North Springfield,Week2,348.0 Hamlet - 39.0 North Springfield
Greenbriar,Week4,McLean,Week3,280.0 McLean - 122.0 Greenbriar
Greenbriar,Week4,McLean,Week2,286.0 McLean - 116.0 Greenbriar
Hamlet,Week4,Forest Hollow,Week4,260.0 Hamlet - 142.0 Forest Hollow
Hamlet,Week3,Springfield,Week1,387.0 Hamlet - 10.0 Springfield
Hamlet,Week5,Newington Forest,Week1,367.0 Hamlet - 35.0 Newington Forest
Greenbriar,Week4,Pinewood Lake,Week4,361.0 Greenbriar - 40.0 Pinewood Lake
Hamlet,Week5,Springboard,Week4,362.0 Hamlet - 40.0 Springboard
Greenbriar,Week4,Pinewood Lake,Week5,352.0 Greenbriar - 49.0 Pinewood Lake
Hamlet,Week1,North Springfield,Week1,318.0 Hamlet - 32.0 North Springfield
Hamlet,Week1,Woodley,Week2,339.0 Hamlet - 62.0 Woodley
Greenbriar,Week3,McLean,Week4,252.0 McLean - 150.0 Greenbriar
Hamlet,Week5,Newington Forest,Week2,353.0 Hamlet - 49.0 Newington Forest
Hamlet,Week2,Springfield,Week3,396.0 Hamlet - 6.0 Springfield
Greenbriar,Week2,Pleasant Valley,Week1,317.0 Greenbriar - 85.0 Pleasant Valley
Hamlet,Week5,Waynewood,Week4,273.0 Hamlet - 129.0 Waynewood
Hamlet,Week5,Waynewood,Week3,243.0 Hamlet - 159.0 Waynewood
Hamlet,Week2,Forest Hollow,Week1,278.0 Hamlet - 124.0 Forest Hollow
Hamlet,Week5,Springboard,Week5,361.0 Hamlet - 41.0 Springboard
Greenbriar,Week4,Pinewood Lake,Week1,360.0 Greenbriar - 41.0 Pinewood Lake
Hamlet,Week2,North Springfield,Week2,354.5 Hamlet - 33.5 North Springfield
Hamlet,Week3,Forest Hollow,Week5,251.5 Hamlet - 150.5 Forest Hollow
Hamlet,Week1,Fox Hunt,Week1,299.0 Hamlet - 103.0 Fox Hunt
Greenbriar,Week4,McLean,Week4,273.0 McLean - 129.0 Greenbriar
Hamlet,Week4,Forest Hollow,Week3,244.0 Hamlet - 158.0 Forest Hollow
Hamlet,Week2,Woodley,Week3,363.5 Hamlet - 38.5 Woodley
Hamlet,Week2,Woodley,Week5,346.0 Hamlet - 56.0 Woodley
Greenbriar,Week5,Pleasant Valley,Week5,293.0 Greenbriar - 107.0 Pleasant Valley
Hamlet,Week4,North Springfield,Week4,336.0 Hamlet - 55.0 North Springfield
Hamlet,Week3,Fox Hunt,Week1,317.0 Hamlet - 85.0 Fox Hunt
Greenbriar,Week3,Pleasant Valley,Week4,309.0 Greenbriar - 92.0 Pleasant Valley
Greenbriar,Week3,Pleasant Valley,Week5,296.0 Greenbriar - 106.0 Pleasant Valley
Greenbriar,Week5,McLean,Week5,275.0 McLean - 127.0 Greenbriar
Hamlet,Week5,Springfield,Week4,395.0 Hamlet - 6.0 Springfield
Hamlet,Week3,North Springfield,Week3,344.0 Hamlet - 52.0 North Springfield
Hamlet,Week3,Woodley,Week2,349.0 Hamlet - 53.0 Woodley
Hamlet,Week5,North Springfield,Week3,354.0 Hamlet - 43.0 North Springfield
Greenbriar,Week1,Mosby Woods,Week1,264.0 Mosby Woods - 138.0 Greenbriar
Greenbriar,Week1,Pleasant Valley,Week4,308.0 Greenbriar - 93.0 Pleasant Valley
Greenbriar,Week5,McLean,Week2,269.0 McLean - 133.0 Greenbriar
Hamlet,Week2,Woodley,Week4,359.0 Hamlet - 43.0 Woodley
Hamlet,Week3,Woodley,Week3,349.0 Hamlet - 53.0 Woodley
Greenbriar,Week4,Poplar Tree,Week1,245.0 Poplar Tree - 157.0 Greenbriar
Hamlet,Week5,Springfield,Week3,395.0 Hamlet - 6.0 Springfield
Hamlet,Week1,Stratford,Week1,335.0 Hamlet - 66.0 Stratford
Hamlet,Week4,North Springfield,Week2,335.0 Hamlet - 53.0 North Springfield
Greenbriar,Week1,Poplar Heights,Week5,233.0 Poplar Heights - 169.0 Greenbriar
Hamlet,Week1,Fox Hunt,Week3,263.0 Hamlet - 139.0 Fox Hunt
Hamlet,Week4,Springboard,Week3,337.0 Hamlet - 65.0 Springboard
Greenbriar,Week4,Poplar Heights,Week5,238.0 Poplar Heights - 164.0 Greenbriar
Hamlet,Week1,North Springfield,Week5,312.0 Hamlet - 56.0 North Springfield
Hamlet,Week2,Fox Hunt,Week3,282.0 Hamlet - 120.0 Fox Hunt
Hamlet,Week3,Fox Hunt,Week2,305.0 Hamlet - 96.0 Fox Hunt
Greenbriar,Week3,Poplar Tree,Week1,226.0 Poplar Tree - 176.0 Greenbriar
Hamlet,Week1,Springfield,Week5,385.0 Hamlet - 11.0 Springfield
Greenbriar,Week2,Pleasant Valley,Week2,313.0 Greenbriar - 89.0 Pleasant Valley
Greenbriar,Week4,McLean,Week5,286.0 McLean - 116.0 Greenbriar
Hamlet,Week4,Springboard,Week1,343.0 Hamlet - 59.0 Springboard
Greenbriar,Week5,Mosby Woods,Week5,254.0 Mosby Woods - 148.0 Greenbriar
Hamlet,Week1,Woodley,Week4,346.0 Hamlet - 56.0 Woodley
Hamlet,Week4,Forest Hollow,Week2,268.0 Hamlet - 134.0 Forest Hollow
Hamlet,Week3,Fox Hunt,Week3,282.0 Hamlet - 120.0 Fox Hunt
Hamlet,Week3,Woodley,Week5,339.0 Hamlet - 63.0 Woodley
Greenbriar,Week1,Poplar Tree,Week1,228.0 Poplar Tree - 174.0 Greenbriar
Greenbriar,Week1,Pleasant Valley,Week1,310.0 Greenbriar - 91.0 Pleasant Valley
Hamlet,Week5,Springboard,Week2,385.0 Hamlet - 17.0 Springboard
Hamlet,Week2,Springfield,Week2,397.0 Hamlet - 3.0 Springfield
Hamlet,Week3,Woodley,Week1,339.0 Hamlet - 63.0 Woodley
Hamlet,Week2,Fox Hunt,Week5,283.0 Hamlet - 119.0 Fox Hunt
Hamlet,Week2,North Springfield,Week4,361.0 Hamlet - 31.0 North Springfield
Greenbriar,Week1,Pleasant Valley,Week3,288.0 Greenbriar - 114.0 Pleasant Valley
Hamlet,Week5,North Springfield,Week5,323.0 Hamlet - 51.0 North Springfield
Greenbriar,Week1,Poplar Tree,Week4,205.0 Poplar Tree - 197.0 Greenbriar
Greenbriar,Week3,Mosby Woods,Week5,246.0 Mosby Woods - 156.0 Greenbriar
Greenbriar,Week2,Mosby Woods,Week5,206.0 Mosby Woods - 196.0 Greenbriar
Greenbriar,Week2,Poplar Tree,Week4,215.0 Greenbriar - 187.0 Poplar Tree
Hamlet,Week3,Woodley,Week4,345.0 Hamlet - 57.0 Woodley
Hamlet,Week4,Springboard,Week2,363.0 Hamlet - 39.0 Springboard
Hamlet,Week5,Forest Hollow,Week5,271.0 Hamlet - 131.0 Forest Hollow
Greenbriar,Week4,Mosby Woods,Week1,280.0 Mosby Woods - 122.0 Greenbriar
Hamlet,Week5,Forest Hollow,Week1,288.0 Hamlet - 114.0 Forest Hollow
Greenbriar,Week4,Pleasant Valley,Week4,315.0 Greenbriar - 86.0 Pleasant Valley
Greenbriar,Week3,Poplar Tree,Week5,247.0 Poplar Tree - 155.0 Greenbriar
Greenbriar,Week3,Mosby Woods,Week1,254.0 Mosby Woods - 148.0 Greenbriar
Hamlet,Week4,Woodley,Week1,334.0 Hamlet - 68.0 Woodley
Hamlet,Week1,North Springfield,Week3,342.0 Hamlet - 55.0 North Springfield
Hamlet,Week5,Springboard,Week3,364.0 Hamlet - 38.0 Springboard
Hamlet,Week5,Springboard,Week1,365.0 Hamlet - 37.0 Springboard
Greenbriar,Week4,Pleasant Valley,Week3,299.0 Greenbriar - 103.0 Pleasant Valley
Hamlet,Week3,Springboard,Week5,350.0 Hamlet - 51.0 Springboard
Hayfield Farm,Week4,Annandale,Week4,300.0 Hayfield Farm - 102.0 Annandale
Greenbriar,Week2,Mosby Woods,Week1,237.0 Mosby Woods - 165.0 Greenbriar
Hamlet,Week5,Newington Forest,Week4,341.0 Hamlet - 61.0 Newington Forest
Greenbriar,Week5,Poplar Heights,Week3,216.0 Poplar Heights - 186.0 Greenbriar
Hamlet,Week4,Woodley,Week3,350.0 Hamlet - 52.0 Woodley
Greenbriar,Week5,Poplar Tree,Week3,212.0 Poplar Tree - 189.0 Greenbriar
Greenbriar,Week3,Pleasant Valley,Week2,311.0 Greenbriar - 91.0 Pleasant Valley
Hamlet,Week2,Fox Hunt,Week4,289.0 Hamlet - 113.0 Fox Hunt
Hamlet,Week4,Newington Forest,Week5,326.0 Hamlet - 76.0 Newington Forest
Hamlet,Week4,Springboard,Week5,337.0 Hamlet - 64.0 Springboard
Greenbriar,Week5,Pinewood Lake,Week4,361.0 Greenbriar - 34.0 Pinewood Lake
Hamlet,Week4,Springboard,Week4,334.5 Hamlet - 67.5 Springboard
Greenbriar,Week3,Mosby Woods,Week4,220.0 Mosby Woods - 182.0 Greenbriar
Greenbriar,Week5,Poplar Heights,Week4,220.0 Poplar Heights - 182.0 Greenbriar
Greenbriar,Week1,Ravensworth Farm,Week2,226.0 Greenbriar - 176.0 Ravensworth Farm
Greenbriar,Week5,Pleasant Valley,Week3,284.0 Greenbriar - 118.0 Pleasant Valley
Hayfield Farm,Week1,Annandale,Week2,245.5 Hayfield Farm - 156.5 Annandale
Hamlet,Week1,Springfield,Week3,382.0 Hamlet - 9.0 Springfield
Greenbriar,Week5,Poplar Heights,Week1,215.0 Poplar Heights - 187.0 Greenbriar
Greenbriar,Week4,Pleasant Valley,Week1,315.0 Greenbriar - 86.0 Pleasant Valley
Hamlet,Week2,Springfield,Week5,398.0 Hamlet - 3.0 Springfield
Greenbriar,Week3,Mosby Woods,Week3,249.0 Mosby Woods - 153.0 Greenbriar
Hamlet,Week3,North Springfield,Week1,319.0 Hamlet - 30.0 North Springfield
Greenbriar,Week2,Mosby Woods,Week4,206.0 Mosby Woods - 196.0 Greenbriar
Hamlet,Week3,Newington Forest,Week1,361.5 Hamlet - 39.5 Newington Forest
Hamlet,Week1,Fox Hunt,Week2,292.0 Hamlet - 110.0 Fox Hunt
Hamlet,Week1,North Springfield,Week4,355.0 Hamlet - 37.0 North Springfield
Hamlet,Week5,Forest Hollow,Week3,285.0 Hamlet - 117.0 Forest Hollow
Greenbriar,Week1,Pleasant Valley,Week2,305.0 Greenbriar - 96.0 Pleasant Valley
Hayfield Farm,Week2,Annandale,Week4,296.0 Hayfield Farm - 106.0 Annandale
Greenbriar,Week4,Pleasant Valley,Week2,308.0 Greenbriar - 93.0 Pleasant Valley
Greenbriar,Week4,Mosby Woods,Week2,261.0 Mosby Woods - 141.0 Greenbriar
Hamlet,Week4,Newington Forest,Week4,335.0 Hamlet - 67.0 Newington Forest
Hamlet,Week5,Woodley,Week4,363.0 Hamlet - 39.0 Woodley
Greenbriar,Week2,Mosby Woods,Week2,226.0 Mosby Woods - 176.0 Greenbriar
Greenbriar,Week3,Mosby Woods,Week2,252.0 Mosby Woods - 150.0 Greenbriar
Greenbriar,Week1,Poplar Heights,Week4,219.0 Poplar Heights - 183.0 Greenbriar
Hamlet,Week2,Canterbury Woods,Week4,305.0 Hamlet - 97.0 Canterbury Woods
Hamlet,Week2,Springfield,Week4,395.0 Hamlet - 6.0 Springfield
Hamlet,Week2,Springfield,Week1,399.0 Hamlet - 2.0 Springfield
Hamlet,Week3,Newington Forest,Week5,337.0 Hamlet - 65.0 Newington Forest
Greenbriar,Week3,Poplar Tree,Week3,226.0 Poplar Tree - 176.0 Greenbriar
Greenbriar,Week5,Poplar Heights,Week5,226.0 Poplar Heights - 176.0 Greenbriar
Hamlet,Week1,North Springfield,Week2,342.0 Hamlet - 46.0 North Springfield
Greenbriar,Week5,Poplar Heights,Week2,219.0 Poplar Heights - 183.0 Greenbriar
Hayfield Farm,Week2,Annandale,Week5,274.0 Hayfield Farm - 128.0 Annandale
Hamlet,Week2,Canterbury Woods,Week3,324.0 Hamlet - 78.0 Canterbury Woods
Greenbriar,Week1,Mosby Woods,Week4,229.0 Mosby Woods - 173.0 Greenbriar
Hayfield Farm,Week3,Annandale,Week4,302.0 Hayfield Farm - 100.0 Annandale
Hamlet,Week1,Springfield,Week1,382.0 Hamlet - 14.0 Springfield
Greenbriar,Week4,Poplar Heights,Week2,237.0 Poplar Heights - 165.0 Greenbriar
Hamlet,Week4,Newington Forest,Week2,350.0 Hamlet - 52.0 Newington Forest
Hamlet,Week3,Newington Forest,Week4,339.0 Hamlet - 63.0 Newington Forest
Hamlet,Week2,Fox Hunt,Week2,312.0 Hamlet - 90.0 Fox Hunt
Greenbriar,Week3,Poplar Tree,Week2,203.0 Greenbriar - 199.0 Poplar Tree
Hamlet,Week5,Newington Forest,Week3,346.5 Hamlet - 55.5 Newington Forest
Greenbriar,Week1,Mosby Woods,Week2,256.0 Mosby Woods - 146.0 Greenbriar
Hayfield Farm,Week4,Annandale,Week5,285.0 Hayfield Farm - 117.0 Annandale
Greenbriar,Week2,Pleasant Valley,Week5,305.0 Greenbriar - 97.0 Pleasant Valley
Greenbriar,Week1,Poplar Heights,Week1,207.0 Poplar Heights - 195.0 Greenbriar
Hamlet,Week3,Canterbury Woods,Week5,304.0 Hamlet - 97.0 Canterbury Woods
Hamlet,Week1,Fox Hunt,Week5,273.0 Hamlet - 129.0 Fox Hunt
Hamlet,Week2,Fox Hunt,Week1,318.5 Hamlet - 83.5 Fox Hunt
Greenbriar,Week1,Mosby Woods,Week3,259.0 Mosby Woods - 143.0 Greenbriar
Greenbriar,Week1,Ravensworth Farm,Week4,214.0 Ravensworth Farm - 188.0 Greenbriar
Hamlet,Week3,Cardinal Hill,Week2,266.0 Hamlet - 136.0 Cardinal Hill
Greenbriar,Week1,Pleasant Valley,Week5,293.0 Greenbriar - 109.0 Pleasant Valley
Hamlet,Week3,Springfield,Week3,390.0 Hamlet - 8.0 Springfield
Hayfield Farm,Week1,Annandale,Week1,281.0 Hayfield Farm - 121.0 Annandale
Hayfield Farm,Week1,Annandale,Week4,287.0 Hayfield Farm - 115.0 Annandale
Hayfield Farm,Week2,Annandale,Week3,282.0 Hayfield Farm - 120.0 Annandale
Hamlet,Week1,Springfield,Week4,383.0 Hamlet - 18.0 Springfield
Hamlet,Week5,Canterbury Woods,Week4,320.0 Hamlet - 82.0 Canterbury Woods
Greenbriar,Week1,Poplar Tree,Week5,227.0 Poplar Tree - 175.0 Greenbriar
Hayfield Farm,Week3,Annandale,Week1,281.0 Hayfield Farm - 115.0 Annandale
Hayfield Farm,Week3,Annandale,Week3,283.0 Hayfield Farm - 119.0 Annandale
Greenbriar,Week2,Pleasant Valley,Week3,298.0 Greenbriar - 104.0 Pleasant Valley
Hamlet,Week3,Canterbury Woods,Week2,317.0 Hamlet - 85.0 Canterbury Woods
Hamlet,Week4,Newington Forest,Week1,349.0 Hamlet - 53.0 Newington Forest
Hamlet,Week3,Springfield,Week5,387.0 Hamlet - 10.0 Springfield
Greenbriar,Week2,Mosby Woods,Week3,230.0 Mosby Woods - 172.0 Greenbriar
Greenbriar,Week2,Pleasant Valley,Week4,317.0 Greenbriar - 85.0 Pleasant Valley
Greenbriar,Week1,Mosby Woods,Week5,243.0 Mosby Woods - 159.0 Greenbriar
Hamlet,Week5,Newington Forest,Week5,345.0 Hamlet - 57.0 Newington Forest
Greenbriar,Week1,Poplar Tree,Week2,206.0 Poplar Tree - 196.0 Greenbriar
Greenbriar,Week4,Mosby Woods,Week3,270.0 Mosby Woods - 132.0 Greenbriar
Hamlet,Week4,Springfield,Week1,387.0 Hamlet - 14.0 Springfield
Greenbriar,Week5,Pleasant Valley,Week2,304.0 Greenbriar - 98.0 Pleasant Valley
Hamlet,Week2,North Springfield,Week5,319.5 Hamlet - 54.5 North Springfield
Hamlet,Week5,Woodley,Week1,353.0 Hamlet - 49.0 Woodley
Hamlet,Week2,North Springfield,Week1,325.0 Hamlet - 26.0 North Springfield
Greenbriar,Week2,Poplar Tree,Week1,214.0 Poplar Tree - 188.0 Greenbriar
Hamlet,Week4,Canterbury Woods,Week5,293.0 Hamlet - 109.0 Canterbury Woods
Greenbriar,Week1,Poplar Tree,Week3,210.0 Poplar Tree - 192.0 Greenbriar
Hamlet,Week2,North Springfield,Week3,346.0 Hamlet - 51.0 North Springfield
Greenbriar,Week5,Pinewood Lake,Week5,353.0 Greenbriar - 45.0 Pinewood Lake
Hamlet,Week3,North Springfield,Week5,319.0 Hamlet - 53.0 North Springfield
Greenbriar,Week4,Pleasant Valley,Week5,288.0 Greenbriar - 113.0 Pleasant Valley
Hayfield Farm,Week4,Annandale,Week3,275.0 Hayfield Farm - 127.0 Annandale
Hamlet,Week3,Canterbury Woods,Week1,315.0 Hamlet - 87.0 Canterbury Woods
Hamlet,Week4,Springfield,Week2,379.0 Hamlet - 19.0 Springfield
Greenbriar,Week4,Mosby Woods,Week4,250.0 Mosby Woods - 152.0 Greenbriar
Greenbriar,Week5,McLean,Week4,254.0 McLean - 148.0 Greenbriar
Greenbriar,Week2,Poplar Tree,Week2,210.0 Greenbriar - 192.0 Poplar Tree
Hamlet,Week4,Springfield,Week4,380.0 Hamlet - 21.0 Springfield
Hamlet,Week4,Springfield,Week5,389.0 Hamlet - 11.0 Springfield
Hamlet,Week4,Canterbury Woods,Week4,292.0 Hamlet - 110.0 Canterbury Woods
Greenbriar,Week4,Mosby Woods,Week5,256.0 Mosby Woods - 146.0 Greenbriar
Hamlet,Week4,Woodley,Week5,329.0 Hamlet - 73.0 Woodley
Greenbriar,Week5,Mosby Woods,Week3,253.0 Mosby Woods - 149.0 Greenbriar
Hamlet,Week4,North Springfield,Week1,310.0 Hamlet - 41.0 North Springfield
Greenbriar,Week5,Mosby Woods,Week2,263.0 Mosby Woods - 139.0 Greenbriar
Hayfield Farm,Week1,Annandale,Week3,262.0 Hayfield Farm - 140.0 Annandale
Hamlet,Week5,Woodley,Week5,358.0 Hamlet - 44.0 Woodley
Hayfield Farm,Week2,Annandale,Week1,286.0 Hayfield Farm - 116.0 Annandale
Hamlet,Week5,Springfield,Week1,396.0 Hamlet - 5.0 Springfield
Hamlet,Week4,Canterbury Woods,Week1,302.0 Hamlet - 100.0 Canterbury Woods
Hamlet,Week5,Canterbury Woods,Week3,339.0 Hamlet - 63.0 Canterbury Woods
Hamlet,Week5,Springfield,Week2,396.0 Hamlet - 5.0 Springfield
Greenbriar,Week5,Pleasant Valley,Week1,306.0 Greenbriar - 96.0 Pleasant Valley
Greenbriar,Week4,Poplar Heights,Week4,232.0 Poplar Heights - 170.0 Greenbriar
Greenbriar,Week5,Pleasant Valley,Week4,314.0 Greenbriar - 88.0 Pleasant Valley
Hamlet,Week3,Canterbury Woods,Week3,311.0 Hamlet - 91.0 Canterbury Woods
Greenbriar,Week4,Poplar Heights,Week3,226.0 Poplar Heights - 176.0 Greenbriar
Greenbriar,Week2,Poplar Tree,Week5,228.0 Poplar Tree - 174.0 Greenbriar
Hamlet,Week5,Canterbury Woods,Week2,342.5 Hamlet - 59.5 Canterbury Woods
Hamlet,Week1,Stratford,Week4,326.0 Hamlet - 76.0 Stratford
Hamlet,Week4,North Springfield,Week3,328.0 Hamlet - 69.0 North Springfield
Greenbriar,Week5,Mosby Woods,Week1,266.0 Mosby Woods - 136.0 Greenbriar
Hayfield Farm,Week2,Annandale,Week2,277.0 Hayfield Farm - 125.0 Annandale
Greenbriar,Week1,Poplar Heights,Week2,215.0 Poplar Heights - 187.0 Greenbriar
Hayfield Farm,Week3,Annandale,Week2,284.0 Hayfield Farm - 118.0 Annandale
Hamlet,Week4,North Springfield,Week5,306.0 Hamlet - 68.0 North Springfield
Hamlet,Week5,Canterbury Woods,Week5,326.0 Hamlet - 76.0 Canterbury Woods
Greenbriar,Week1,Poplar Heights,Week3,212.0 Poplar Heights - 190.0 Greenbriar
Greenbriar,Week2,Poplar Tree,Week3,211.0 Poplar Tree - 191.0 Greenbriar
Hamlet,Week5,North Springfield,Week1,328.0 Hamlet - 23.0 North Springfield
Hamlet,Week3,North Springfield,Week4,353.0 Hamlet - 38.0 North Springfield
Greenbriar,Week5,Mosby Woods,Week4,233.0 Mosby Woods - 169.0 Greenbriar
Hamlet,Week5,Woodley,Week3,367.0 Hamlet - 35.0 Woodley
Greenbriar,Week4,Poplar Tree,Week2,226.0 Poplar Tree - 176.0 Greenbriar
Hamlet,Week5,Springfield,Week5,398.0 Hamlet - 2.0 Springfield
Greenbriar,Week3,Pleasant Valley,Week3,295.0 Greenbriar - 107.0 Pleasant Valley
Greenbriar,Week3,Mount Vernon Park,Week5,245.0 Mount Vernon Park - 157.0 Greenbriar
Hamlet,Week1,Cardinal Hill,Week2,245.5 Hamlet - 156.5 Cardinal Hill
Hamlet,Week4,Springfield,Week3,379.5 Hamlet - 21.5 Springfield
Greenbriar,Week2,Poplar Heights,Week1,216.0 Greenbriar - 186.0 Poplar Heights
Greenbriar,Week3,Poplar Tree,Week4,206.0 Poplar Tree - 196.0 Greenbriar
Greenbriar,Week2,Poplar Heights,Week5,207.0 Poplar Heights - 195.0 Greenbriar
Hamlet,Week1,Stratford,Week5,323.0 Hamlet - 79.0 Stratford
Greenbriar,Week4,Poplar Tree,Week5,253.0 Poplar Tree - 149.0 Greenbriar
Greenbriar,Week2,Mount Vernon Park,Week5,232.0 Mount Vernon Park - 170.0 Greenbriar
Greenbriar,Week2,Poplar Heights,Week4,205.0 Poplar Heights - 197.0 Greenbriar
Hamlet,Week1,Cardinal Hill,Week3,209.0 Cardinal Hill - 193.0 Hamlet
Greenbriar,Week4,Mount Vernon Park,Week4,259.0 Mount Vernon Park - 143.0 Greenbriar
Hamlet,Week2,Oakton ,Week1,221.0 Hamlet - 181.0 Oakton
Hayfield Farm,Week4,Annandale,Week1,289.0 Hayfield Farm - 113.0 Annandale
Greenbriar,Week1,Mount Vernon Park,Week1,239.0 Mount Vernon Park - 163.0 Greenbriar
Hamlet,Week5,North Springfield,Week2,351.0 Hamlet - 37.0 North Springfield
Greenbriar,Week2,Poplar Heights,Week3,207.0 Greenbriar - 195.0 Poplar Heights
Hamlet,Week2,Canterbury Woods,Week5,321.0 Hamlet - 81.0 Canterbury Woods
Hamlet,Week1,Stratford,Week3,328.0 Hamlet - 74.0 Stratford
Hamlet,Week5,Woodley,Week2,368.0 Hamlet - 34.0 Woodley
Greenbriar,Week5,Poplar Tree,Week1,222.0 Poplar Tree - 179.0 Greenbriar
Greenbriar,Week4,Poplar Tree,Week4,209.0 Poplar Tree - 193.0 Greenbriar
Greenbriar,Week3,Poplar Heights,Week1,211.0 Poplar Heights - 191.0 Greenbriar
Hamlet,Week1,Oakton ,Week3,202.0 Hamlet - 200.0 Oakton
Hayfield Farm,Week1,Annandale,Week5,256.0 Hayfield Farm - 146.0 Annandale
Hamlet,Week2,Stratford,Week2,343.0 Hamlet - 59.0 Stratford
Hamlet,Week2,Stratford,Week3,341.0 Hamlet - 61.0 Stratford
Greenbriar,Week2,Poplar Heights,Week2,202.0 Poplar Heights - 200.0 Greenbriar
Hamlet,Week5,Canterbury Woods,Week1,341.0 Hamlet - 61.0 Canterbury Woods
Hamlet,Week5,North Springfield,Week4,349.0 Hamlet - 43.0 North Springfield
Greenbriar,Week1,Newington Forest,Week4,270.0 Greenbriar - 132.0 Newington Forest
Greenbriar,Week3,Poplar Heights,Week2,214.0 Poplar Heights - 188.0 Greenbriar
Hayfield Farm,Week3,Annandale,Week5,282.0 Hayfield Farm - 120.0 Annandale
Hamlet,Week1,Oakton ,Week5,210.0 Oakton - 192.0 Hamlet
Hayfield Farm,Week4,Annandale,Week2,270.5 Hayfield Farm - 131.5 Annandale
Hamlet,Week2,Stratford,Week1,348.0 Hamlet - 54.0 Stratford
Greenbriar,Week5,Poplar Tree,Week2,202.0 Poplar Tree - 200.0 Greenbriar
Greenbriar,Week2,Mount Vernon Park,Week3,216.0 Mount Vernon Park - 186.0 Greenbriar
Hamlet,Week1,Cardinal Hill,Week5,228.0 Hamlet - 173.0 Cardinal Hill
Hamlet,Week2,Oakton ,Week2,211.0 Hamlet - 191.0 Oakton
Greenbriar,Week4,Mount Vernon Park,Week3,262.0 Mount Vernon Park - 140.0 Greenbriar
Hamlet,Week2,Cardinal Hill,Week3,217.0 Hamlet - 185.0 Cardinal Hill
Hamlet,Week2,Stratford,Week4,329.0 Hamlet - 73.0 Stratford
Greenbriar,Week4,Poplar Tree,Week3,245.0 Poplar Tree - 157.0 Greenbriar
Greenbriar,Week1,Ravensworth Farm,Week1,204.0 Greenbriar - 198.0 Ravensworth Farm
Hamlet,Week1,Oakton ,Week2,211.0 Oakton - 191.0 Hamlet
Hayfield Farm,Week5,Annandale,Week1,288.0 Hayfield Farm - 114.0 Annandale
Hamlet,Week3,Stratford,Week1,343.0 Hamlet - 59.0 Stratford
Greenbriar,Week5,Poplar Tree,Week5,236.0 Poplar Tree - 166.0 Greenbriar
Hayfield Farm,Week1,Arlington Forest,Week5,230.0 Arlington Forest - 172.0 Hayfield Farm
Greenbriar,Week1,Mount Vernon Park,Week5,254.0 Mount Vernon Park - 148.0 Greenbriar
Hamlet,Week2,Cardinal Hill,Week5,236.0 Hamlet - 166.0 Cardinal Hill
Hamlet,Week4,Canterbury Woods,Week2,307.0 Hamlet - 95.0 Canterbury Woods
Greenbriar,Week3,Poplar Heights,Week4,221.0 Poplar Heights - 181.0 Greenbriar
Hamlet,Week2,Stratford,Week5,337.0 Hamlet - 65.0 Stratford
Hamlet,Week2,Cardinal Hill,Week2,282.0 Hamlet - 120.0 Cardinal Hill
Hamlet,Week2,Cardinal Hill,Week4,250.0 Hamlet - 152.0 Cardinal Hill
Greenbriar,Week3,Mount Vernon Park,Week1,241.0 Mount Vernon Park - 161.0 Greenbriar
Hamlet,Week1,Stratford,Week2,327.5 Hamlet - 74.5 Stratford
Greenbriar,Week5,Poplar Tree,Week4,202.0 Poplar Tree - 199.0 Greenbriar
Hamlet,Week3,Oakton ,Week2,203.5 Oakton - 198.5 Hamlet
Greenbriar,Week3,Poplar Heights,Week3,218.5 Poplar Heights - 183.5 Greenbriar
Hayfield Farm,Week3,Arlington Forest,Week5,224.0 Arlington Forest - 178.0 Hayfield Farm
Hamlet,Week2,Oakton ,Week3,217.5 Hamlet - 184.5 Oakton
Greenbriar,Week3,Poplar Heights,Week5,228.0 Poplar Heights - 174.0 Greenbriar
Greenbriar,Week2,Mount Vernon Park,Week2,220.5 Mount Vernon Park - 181.5 Greenbriar
Hayfield Farm,Week4,Arlington Forest,Week1,203.0 Arlington Forest - 199.0 Hayfield Farm
Hayfield Farm,Week4,Great Falls,Week3,205.0 Great Falls - 197.0 Hayfield Farm
Hayfield Farm,Week4,Arlington Forest,Week2,217.0 Hayfield Farm - 185.0 Arlington Forest
Hamlet,Week1,Cardinal Hill,Week4,237.0 Hamlet - 165.0 Cardinal Hill
Greenbriar,Week1,Riverside Gardens,Week1,241.0 Riverside Gardens - 161.0 Greenbriar
Hamlet,Week3,Oakton ,Week4,206.5 Hamlet - 195.5 Oakton
Hayfield Farm,Week5,Fox Mill Woods,Week2,247.0 Fox Mill Woods - 155.0 Hayfield Farm
Hamlet,Week3,Oakton ,Week5,201.0 Hamlet - 201.0 Oakton
Greenbriar,Week3,Shouse Village,Week3,218.0 Greenbriar - 184.0 Shouse Village
Greenbriar,Week1,Ravensworth Farm,Week3,215.0 Ravensworth Farm - 187.0 Greenbriar
Hamlet,Week2,Cardinal Hill,Week1,247.0 Hamlet - 155.0 Cardinal Hill
Greenbriar,Week4,Ravensworth Farm,Week2,218.0 Greenbriar - 184.0 Ravensworth Farm
Hayfield Farm,Week5,Annandale,Week3,279.0 Hayfield Farm - 123.0 Annandale
Hayfield Farm,Week1,Great Falls,Week1,233.0 Hayfield Farm - 169.0 Great Falls
Greenbriar,Week4,Mount Vernon Park,Week1,253.0 Mount Vernon Park - 149.0 Greenbriar
Greenbriar,Week4,Shouse Village,Week1,222.0 Greenbriar - 180.0 Shouse Village
Hamlet,Week1,Cardinal Hill,Week1,222.0 Hamlet - 180.0 Cardinal Hill
Hamlet,Week4,Oakton ,Week3,206.0 Oakton - 196.0 Hamlet
Greenbriar,Week3,Sideburn Run,Week3,210.0 Greenbriar - 192.0 Sideburn Run
Hayfield Farm,Week1,Arlington Forest,Week3,218.0 Hayfield Farm - 184.0 Arlington Forest
Greenbriar,Week3,Sideburn Run,Week1,202.0 Greenbriar - 200.0 Sideburn Run
Hayfield Farm,Week1,Great Falls,Week3,208.0 Great Falls - 194.0 Hayfield Farm
Greenbriar,Week2,Ravensworth Farm,Week4,207.0 Greenbriar - 195.0 Ravensworth Farm
Greenbriar,Week5,Ravensworth Farm,Week1,206.5 Greenbriar - 195.5 Ravensworth Farm
Greenbriar,Week4,Poplar Heights,Week1,228.0 Poplar Heights - 174.0 Greenbriar
Greenbriar,Week5,Mount Vernon Park,Week2,247.0 Mount Vernon Park - 155.0 Greenbriar
Greenbriar,Week2,Ravensworth Farm,Week3,207.0 Ravensworth Farm - 195.0 Greenbriar
Hayfield Farm,Week3,Great Falls,Week3,226.0 Hayfield Farm - 176.0 Great Falls
Hamlet,Week3,Cardinal Hill,Week1,235.0 Hamlet - 167.0 Cardinal Hill
Greenbriar,Week5,Shouse Village,Week1,231.0 Greenbriar - 171.0 Shouse Village
Greenbriar,Week1,Mount Vernon Park,Week2,243.0 Mount Vernon Park - 159.0 Greenbriar
Greenbriar,Week1,Mount Vernon Park,Week3,249.0 Mount Vernon Park - 153.0 Greenbriar
Greenbriar,Week2,Mount Vernon Park,Week4,213.0 Mount Vernon Park - 189.0 Greenbriar
Hamlet,Week5,Oakton ,Week2,220.0 Hamlet - 182.0 Oakton
Greenbriar,Week3,Mount Vernon Park,Week4,227.0 Mount Vernon Park - 175.0 Greenbriar
Hayfield Farm,Week2,Arlington Forest,Week3,224.0 Hayfield Farm - 178.0 Arlington Forest
Hamlet,Week4,Oakton ,Week5,215.0 Oakton - 187.0 Hamlet
Hamlet,Week3,Canterbury Woods,Week4,293.0 Hamlet - 109.0 Canterbury Woods
Hayfield Farm,Week3,Arlington Forest,Week4,202.0 Hayfield Farm - 200.0 Arlington Forest
Hamlet,Week2,Chesterbrook,Week2,280.0 Chesterbrook - 122.0 Hamlet
Hamlet,Week3,Chesterbrook,Week3,320.0 Chesterbrook - 82.0 Hamlet
Hayfield Farm,Week1,Great Falls,Week2,202.0 Hayfield Farm - 182.0 Great Falls
Hayfield Farm,Week5,Annandale,Week5,269.0 Hayfield Farm - 133.0 Annandale
Hamlet,Week4,Oakton ,Week4,213.0 Oakton - 189.0 Hamlet
Hamlet,Week5,Oakton ,Week1,231.0 Hamlet - 171.0 Oakton
Hayfield Farm,Week2,Great Falls,Week3,206.0 Hayfield Farm - 196.0 Great Falls
Hamlet,Week1,Oakton ,Week1,203.0 Oakton - 199.0 Hamlet
Hayfield Farm,Week2,Great Falls,Week5,204.0 Hayfield Farm - 198.0 Great Falls
Hamlet,Week4,Cardinal Hill,Week1,225.0 Hamlet - 177.0 Cardinal Hill
Hayfield Farm,Week5,Fox Mill Woods,Week5,270.0 Fox Mill Woods - 132.0 Hayfield Farm
Greenbriar,Week2,Sideburn Run,Week3,233.0 Greenbriar - 169.0 Sideburn Run
Greenbriar,Week5,Shouse Village,Week5,208.0 Greenbriar - 194.0 Shouse Village
Hamlet,Week4,Oakton ,Week1,205.0 Oakton - 197.0 Hamlet
Greenbriar,Week2,Ravensworth Farm,Week1,224.0 Greenbriar - 178.0 Ravensworth Farm
Greenbriar,Week3,Ravensworth Farm,Week1,208.0 Greenbriar - 194.0 Ravensworth Farm
Hayfield Farm,Week1,Great Falls,Week4,210.0 Hayfield Farm - 192.0 Great Falls
Hayfield Farm,Week1,Greenbriar,Week3,207.5 Greenbriar - 194.5 Hayfield Farm
Greenbriar,Week5,Mount Vernon Park,Week3,241.0 Mount Vernon Park - 160.0 Greenbriar
Hayfield Farm,Week5,Arlington Forest,Week2,206.5 Hayfield Farm - 195.5 Arlington Forest
Hayfield Farm,Week2,Arlington Forest,Week5,240.0 Arlington Forest - 162.0 Hayfield Farm
Greenbriar,Week1,Riverside Gardens,Week4,256.0 Riverside Gardens - 146.0 Greenbriar
Greenbriar,Week5,Mount Vernon Park,Week1,238.0 Mount Vernon Park - 164.0 Greenbriar
Hamlet,Week5,Cardinal Hill,Week1,249.0 Hamlet - 153.0 Cardinal Hill
Greenbriar,Week2,Mount Vernon Park,Week1,223.0 Mount Vernon Park - 179.0 Greenbriar
Greenbriar,Week1,Sideburn Run,Week3,211.0 Greenbriar - 191.0 Sideburn Run
Greenbriar,Week1,Newington Forest,Week2,294.0 Greenbriar - 107.0 Newington Forest
Hamlet,Week5,Cardinal Hill,Week2,275.0 Hamlet - 127.0 Cardinal Hill
Hamlet,Week4,Canterbury Woods,Week3,304.0 Hamlet - 98.0 Canterbury Woods
Hayfield Farm,Week1,Brandywine,Week5,229.0 Brandywine - 173.0 Hayfield Farm
Greenbriar,Week4,Ravensworth Farm,Week1,214.0 Ravensworth Farm - 188.0 Greenbriar
Greenbriar,Week2,Sideburn Run,Week2,242.0 Greenbriar - 160.0 Sideburn Run
Hamlet,Week3,Oakton ,Week3,217.0 Hamlet - 185.0 Oakton
Greenbriar,Week4,Ravensworth Farm,Week3,240.0 Ravensworth Farm - 162.0 Greenbriar
Hamlet,Week1,Oakton ,Week4,202.5 Oakton - 199.5 Hamlet
Greenbriar,Week1,Sideburn Run,Week5,208.0 Sideburn Run - 194.0 Greenbriar
Hayfield Farm,Week3,Arlington Forest,Week3,233.0 Hayfield Farm - 169.0 Arlington Forest
Greenbriar,Week4,Mount Vernon Park,Week5,266.0 Mount Vernon Park - 136.0 Greenbriar
Greenbriar,Week2,Sideburn Run,Week4,227.0 Greenbriar - 175.0 Sideburn Run
Greenbriar,Week3,Ravensworth Farm,Week5,229.0 Ravensworth Farm - 173.0 Greenbriar
Greenbriar,Week2,Newington Forest,Week2,296.0 Greenbriar - 106.0 Newington Forest
Greenbriar,Week3,Shouse Village,Week2,244.0 Greenbriar - 158.0 Shouse Village
Hayfield Farm,Week3,Great Falls,Week1,249.0 Hayfield Farm - 149.0 Great Falls
Hayfield Farm,Week5,Arlington Forest,Week5,239.0 Arlington Forest - 163.0 Hayfield Farm
Hamlet,Week2,Oakton ,Week5,214.0 Hamlet - 188.0 Oakton
Hamlet,Week4,Cardinal Hill,Week2,252.0 Hamlet - 150.0 Cardinal Hill
Hayfield Farm,Week1,Great Falls,Week5,207.0 Great Falls - 195.0 Hayfield Farm
Hamlet,Week4,Chesterbrook,Week4,312.0 Chesterbrook - 90.0 Hamlet
Hamlet,Week3,Oakton ,Week1,217.0 Hamlet - 185.0 Oakton
Hamlet,Week4,Cardinal Hill,Week3,212.0 Cardinal Hill - 190.0 Hamlet
Greenbriar,Week4,Ravensworth Farm,Week5,255.5 Ravensworth Farm - 146.5 Greenbriar
Hayfield Farm,Week3,Brandywine,Week2,216.0 Hayfield Farm - 186.0 Brandywine
Greenbriar,Week5,Ravensworth Farm,Week5,230.0 Ravensworth Farm - 172.0 Greenbriar
Hamlet,Week5,Oakton ,Week3,242.0 Hamlet - 160.0 Oakton
Hayfield Farm,Week1,Brandywine,Week1,205.0 Brandywine - 197.0 Hayfield Farm
Greenbriar,Week2,Ravensworth Farm,Week5,206.0 Ravensworth Farm - 196.0 Greenbriar
Greenbriar,Week2,Sideburn Run,Week5,219.0 Greenbriar - 183.0 Sideburn Run
Greenbriar,Week1,Sideburn Run,Week1,211.0 Greenbriar - 191.0 Sideburn Run
Greenbriar,Week3,Mount Vernon Park,Week3,239.0 Mount Vernon Park - 163.0 Greenbriar
Hayfield Farm,Week2,Great Falls,Week1,239.0 Hayfield Farm - 163.0 Great Falls
Greenbriar,Week3,Mount Vernon Park,Week2,240.0 Mount Vernon Park - 162.0 Greenbriar
Hayfield Farm,Week1,Arlington Forest,Week4,226.0 Arlington Forest - 176.0 Hayfield Farm
Hayfield Farm,Week3,Great Falls,Week4,225.0 Hayfield Farm - 176.0 Great Falls
Hamlet,Week4,Cardinal Hill,Week4,222.0 Hamlet - 180.0 Cardinal Hill
Greenbriar,Week5,Mount Vernon Park,Week4,244.0 Mount Vernon Park - 158.0 Greenbriar
Greenbriar,Week2,Ravensworth Farm,Week2,239.0 Greenbriar - 162.0 Ravensworth Farm
Hamlet,Week4,Cardinal Hill,Week5,221.0 Hamlet - 181.0 Cardinal Hill
Greenbriar,Week4,Shouse Village,Week2,214.0 Greenbriar - 188.0 Shouse Village
Greenbriar,Week1,Sideburn Run,Week4,215.0 Greenbriar - 187.0 Sideburn Run
Hayfield Farm,Week2,Arlington Forest,Week4,232.0 Arlington Forest - 170.0 Hayfield Farm
Greenbriar,Week3,Shouse Village,Week4,219.0 Greenbriar - 183.0 Shouse Village
Hamlet,Week4,Oakton ,Week2,204.0 Oakton - 198.0 Hamlet
Greenbriar,Week1,Newington Forest,Week1,289.5 Greenbriar - 111.5 Newington Forest
Greenbriar,Week3,Shouse Village,Week1,239.0 Greenbriar - 163.0 Shouse Village
Hamlet,Week2,Oakton ,Week4,218.5 Hamlet - 183.5 Oakton
Greenbriar,Week1,Riverside Gardens,Week3,244.0 Riverside Gardens - 158.0 Greenbriar
Hayfield Farm,Week5,Annandale,Week2,263.5 Hayfield Farm - 138.5 Annandale
Greenbriar,Week3,Ravensworth Farm,Week3,213.0 Ravensworth Farm - 189.0 Greenbriar
Greenbriar,Week3,Ravensworth Farm,Week4,205.0 Ravensworth Farm - 197.0 Greenbriar
Hayfield Farm,Week1,Arlington Forest,Week1,208.0 Arlington Forest - 194.0 Hayfield Farm
Greenbriar,Week4,Shouse Village,Week4,209.0 Shouse Village - 193.0 Greenbriar
Hamlet,Week4,Old Keene Mill,Week1,314.0 Hamlet - 88.0 Old Keene Mill
Hamlet,Week5,Old Keene Mill,Week3,326.0 Hamlet - 76.0 Old Keene Mill
Hamlet,Week4,Old Keene Mill,Week2,294.0 Hamlet - 108.0 Old Keene Mill
Hamlet,Week5,Cardinal Hill,Week3,224.0 Hamlet - 178.0 Cardinal Hill
Hayfield Farm,Week2,Arlington Forest,Week1,206.0 Arlington Forest - 196.0 Hayfield Farm
Hayfield Farm,Week5,Annandale,Week4,289.0 Hayfield Farm - 113.0 Annandale
Hayfield Farm,Week3,Great Falls,Week2,226.0 Hayfield Farm - 158.0 Great Falls
Greenbriar,Week2,Newington Forest,Week3,295.0 Greenbriar - 107.0 Newington Forest
Hayfield Farm,Week2,Great Falls,Week4,218.0 Hayfield Farm - 184.0 Great Falls
Hayfield Farm,Week4,Great Falls,Week2,201.0 Hayfield Farm - 183.0 Great Falls
Hamlet,Week5,Oakton ,Week4,221.0 Hamlet - 181.0 Oakton
Hamlet,Week3,Cardinal Hill,Week3,209.0 Hamlet - 193.0 Cardinal Hill
Hayfield Farm,Week5,Fox Mill Woods,Week4,266.0 Fox Mill Woods - 136.0 Hayfield Farm
Greenbriar,Week4,Mount Vernon Park,Week2,260.0 Mount Vernon Park - 142.0 Greenbriar
Greenbriar,Week1,Riverside Gardens,Week5,262.0 Riverside Gardens - 140.0 Greenbriar
Hayfield Farm,Week4,Great Falls,Week4,207.0 Hayfield Farm - 195.0 Great Falls
Greenbriar,Week1,Mount Vernon Park,Week4,229.0 Mount Vernon Park - 173.0 Greenbriar
Greenbriar,Week5,Mount Vernon Park,Week5,255.0 Mount Vernon Park - 147.0 Greenbriar
Hamlet,Week3,Cardinal Hill,Week5,229.0 Hamlet - 173.0 Cardinal Hill
Hayfield Farm,Week2,Arlington Forest,Week2,217.0 Hayfield Farm - 185.0 Arlington Forest
Greenbriar,Week5,Shouse Village,Week2,234.0 Greenbriar - 168.0 Shouse Village
Greenbriar,Week1,Ravensworth Farm,Week5,225.0 Ravensworth Farm - 177.0 Greenbriar
Hamlet,Week4,Old Keene Mill,Week4,313.0 Hamlet - 89.0 Old Keene Mill
Greenbriar,Week1,Newington Forest,Week3,286.0 Greenbriar - 116.0 Newington Forest
Hamlet,Week2,Old Keene Mill,Week4,329.0 Hamlet - 73.0 Old Keene Mill
Greenbriar,Week1,Sideburn Run,Week2,223.0 Greenbriar - 179.0 Sideburn Run
Greenbriar,Week5,Ravensworth Farm,Week4,203.0 Ravensworth Farm - 199.0 Greenbriar
Hamlet,Week1,Chesterbrook,Week1,281.0 Chesterbrook - 121.0 Hamlet
Hayfield Farm,Week5,Arlington Forest,Week4,239.0 Arlington Forest - 163.0 Hayfield Farm
Hamlet,Week1,Orange Hunt,Week5,237.5 Hamlet - 164.5 Orange Hunt
Hamlet,Week3,Cardinal Hill,Week4,246.0 Hamlet - 156.0 Cardinal Hill
Hayfield Farm,Week5,Great Falls,Week3,219.5 Great Falls - 182.5 Hayfield Farm
Hayfield Farm,Week3,Arlington Forest,Week2,229.0 Hayfield Farm - 173.0 Arlington Forest
Hamlet,Week5,Cardinal Hill,Week4,266.0 Hamlet - 136.0 Cardinal Hill
Greenbriar,Week4,Shouse Village,Week5,202.0 Shouse Village - 200.0 Greenbriar
Greenbriar,Week2,Newington Forest,Week4,292.0 Greenbriar - 110.0 Newington Forest
Hayfield Farm,Week5,Fox Mill Woods,Week3,251.0 Fox Mill Woods - 151.0 Hayfield Farm
Hamlet,Week2,Chesterbrook,Week1,268.5 Chesterbrook - 133.5 Hamlet
Hayfield Farm,Week4,Great Falls,Week1,230.0 Hayfield Farm - 172.0 Great Falls
Greenbriar,Week3,Ravensworth Farm,Week2,225.0 Greenbriar - 177.0 Ravensworth Farm
Hayfield Farm,Week1,Arlington Forest,Week2,204.5 Hayfield Farm - 197.5 Arlington Forest
Greenbriar,Week3,Shouse Village,Week5,212.0 Greenbriar - 190.0 Shouse Village
Greenbriar,Week5,Ravensworth Farm,Week2,235.0 Greenbriar - 167.0 Ravensworth Farm
Hayfield Farm,Week5,Great Falls,Week4,208.0 Hayfield Farm - 194.0 Great Falls
Hamlet,Week3,Old Keene Mill,Week2,318.0 Hamlet - 84.0 Old Keene Mill
Hayfield Farm,Week1,Brandywine,Week2,208.0 Brandywine - 194.0 Hayfield Farm
Hamlet,Week5,Cardinal Hill,Week5,254.0 Hamlet - 148.0 Cardinal Hill
Greenbriar,Week1,Newington Forest,Week5,271.0 Greenbriar - 131.0 Newington Forest
Hamlet,Week4,Old Keene Mill,Week5,296.0 Hamlet - 106.0 Old Keene Mill
Greenbriar,Week5,Shouse Village,Week3,219.0 Greenbriar - 183.0 Shouse Village
Greenbriar,Week3,Newington Forest,Week2,303.0 Greenbriar - 98.0 Newington Forest
Greenbriar,Week4,Ravensworth Farm,Week4,229.0 Ravensworth Farm - 173.0 Greenbriar
Greenbriar,Week5,Ravensworth Farm,Week3,216.0 Ravensworth Farm - 186.0 Greenbriar
Hamlet,Week2,Chesterbrook,Week3,305.0 Chesterbrook - 97.0 Hamlet
Greenbriar,Week2,Newington Forest,Week5,285.0 Greenbriar - 117.0 Newington Forest
Greenbriar,Week4,Shouse Village,Week3,207.0 Greenbriar - 195.0 Shouse Village
Hayfield Farm,Week3,Arlington Forest,Week1,216.0 Hayfield Farm - 186.0 Arlington Forest
Hayfield Farm,Week3,Great Falls,Week5,210.0 Hayfield Farm - 191.0 Great Falls
Hamlet,Week2,Old Keene Mill,Week5,315.0 Hamlet - 87.0 Old Keene Mill
Hamlet,Week1,Chesterbrook,Week5,302.0 Chesterbrook - 100.0 Hamlet
Greenbriar,Week3,Newington Forest,Week1,297.0 Greenbriar - 105.0 Newington Forest
Greenbriar,Week3,Newington Forest,Week3,289.0 Greenbriar - 113.0 Newington Forest
Hayfield Farm,Week2,Great Falls,Week2,215.0 Hayfield Farm - 169.0 Great Falls
Hamlet,Week1,Old Keene Mill,Week4,314.0 Hamlet - 88.0 Old Keene Mill
Greenbriar,Week5,Shouse Village,Week4,209.0 Greenbriar - 193.0 Shouse Village
Hamlet,Week1,Chesterbrook,Week3,316.0 Chesterbrook - 86.0 Hamlet
Hayfield Farm,Week5,Arlington Forest,Week1,211.5 Arlington Forest - 190.5 Hayfield Farm
Hamlet,Week1,Old Keene Mill,Week2,315.0 Hamlet - 87.0 Old Keene Mill
Greenbriar,Week3,Sideburn Run,Week2,227.0 Greenbriar - 175.0 Sideburn Run
Greenbriar,Week3,Riverside Gardens,Week2,227.0 Riverside Gardens - 175.0 Greenbriar
Greenbriar,Week2,Sideburn Run,Week1,224.5 Greenbriar - 177.5 Sideburn Run
Greenbriar,Week3,Newington Forest,Week5,273.0 Greenbriar - 129.0 Newington Forest
Greenbriar,Week3,Newington Forest,Week4,270.5 Greenbriar - 131.5 Newington Forest
Greenbriar,Week4,Riverside Gardens,Week2,244.0 Riverside Gardens - 158.0 Greenbriar
Hayfield Farm,Week4,Arlington Forest,Week3,237.0 Hayfield Farm - 165.0 Arlington Forest
Hamlet,Week1,Chesterbrook,Week4,290.5 Chesterbrook - 111.5 Hamlet
Hayfield Farm,Week5,Great Falls,Week2,205.0 Hayfield Farm - 179.0 Great Falls
Hayfield Farm,Week1,Brandywine,Week3,213.0 Brandywine - 189.0 Hayfield Farm
Hayfield Farm,Week5,Great Falls,Week5,205.0 Great Falls - 197.0 Hayfield Farm
Greenbriar,Week1,Riverside Gardens,Week2,231.0 Riverside Gardens - 171.0 Greenbriar
Hamlet,Week3,Old Keene Mill,Week1,329.0 Hamlet - 73.0 Old Keene Mill
Hamlet,Week1,Old Keene Mill,Week5,307.0 Hamlet - 95.0 Old Keene Mill
Greenbriar,Week5,Sideburn Run,Week1,202.0 Sideburn Run - 200.0 Greenbriar
Greenbriar,Week4,Newington Forest,Week3,268.0 Greenbriar - 134.0 Newington Forest
Greenbriar,Week2,Sleepy Hollow B & R,Week3,207.0 Sleepy Hollow B & R - 195.0 Greenbriar
Hamlet,Week5,Oakton ,Week5,224.0 Hamlet - 178.0 Oakton
Greenbriar,Week2,Newington Forest,Week1,296.0 Greenbriar - 106.0 Newington Forest
Hayfield Farm,Week4,Arlington Forest,Week4,220.0 Arlington Forest - 182.0 Hayfield Farm
Hayfield Farm,Week5,Arlington Forest,Week3,216.5 Hayfield Farm - 185.5 Arlington Forest
Hamlet,Week2,Chesterbrook,Week4,271.0 Chesterbrook - 131.0 Hamlet
Hayfield Farm,Week1,Greenbriar,Week2,221.0 Greenbriar - 181.0 Hayfield Farm
Hayfield Farm,Week4,Greenbriar,Week5,201.0 Greenbriar - 201.0 Hayfield Farm
Hamlet,Week2,Old Keene Mill,Week3,322.0 Hamlet - 80.0 Old Keene Mill
Greenbriar,Week2,Rolling Forest,Week5,219.0 Greenbriar - 183.0 Rolling Forest
Hayfield Farm,Week1,Greenbriar,Week1,202.0 Hayfield Farm - 200.0 Greenbriar
Greenbriar,Week3,Sleepy Hollow B & R,Week3,228.0 Sleepy Hollow B & R - 174.0 Greenbriar
Greenbriar,Week5,Sideburn Run,Week2,224.0 Greenbriar - 178.0 Sideburn Run
Hayfield Farm,Week2,Brandywine,Week3,209.0 Brandywine - 193.0 Hayfield Farm
Hayfield Farm,Week4,Great Falls,Week5,203.0 Great Falls - 199.0 Hayfield Farm
Hamlet,Week1,Chesterbrook,Week2,295.0 Chesterbrook - 107.0 Hamlet
Hayfield Farm,Week2,Brandywine,Week2,211.0 Hayfield Farm - 191.0 Brandywine
Greenbriar,Week4,Newington Forest,Week1,272.0 Greenbriar - 129.0 Newington Forest
Greenbriar,Week5,Riverside Gardens,Week4,251.5 Riverside Gardens - 150.5 Greenbriar
Hamlet,Week3,Chesterbrook,Week2,289.0 Chesterbrook - 113.0 Hamlet
Hamlet,Week2,Chesterbrook,Week5,300.0 Chesterbrook - 102.0 Hamlet
Greenbriar,Week2,Rolling Forest,Week1,236.0 Greenbriar - 166.0 Rolling Forest
Hayfield Farm,Week5,Great Falls,Week1,213.0 Hayfield Farm - 189.0 Great Falls
Greenbriar,Week4,Newington Forest,Week2,264.0 Greenbriar - 137.0 Newington Forest
Greenbriar,Week2,Riverside Gardens,Week5,233.5 Riverside Gardens - 168.5 Greenbriar
Hamlet,Week1,Old Keene Mill,Week3,316.0 Hamlet - 86.0 Old Keene Mill
Greenbriar,Week1,Sleepy Hollow B & R,Week4,232.0 Sleepy Hollow B & R - 170.0 Greenbriar
Hamlet,Week3,Chesterbrook,Week1,282.0 Chesterbrook - 120.0 Hamlet
Greenbriar,Week5,Riverside Gardens,Week1,246.0 Riverside Gardens - 156.0 Greenbriar
Hayfield Farm,Week2,Greenbriar,Week2,215.0 Greenbriar - 187.0 Hayfield Farm
Hamlet,Week3,Old Keene Mill,Week3,319.0 Hamlet - 83.0 Old Keene Mill
Hayfield Farm,Week3,Brandywine,Week1,220.0 Hayfield Farm - 177.0 Brandywine
Hayfield Farm,Week1,Hamlet,Week2,302.0 Hamlet - 100.0 Hayfield Farm
Hamlet,Week3,Chesterbrook,Week5,301.0 Chesterbrook - 101.0 Hamlet
Greenbriar,Week1,Sleepy Hollow B & R,Week5,246.0 Sleepy Hollow B & R - 156.0 Greenbriar
Greenbriar,Week4,Riverside Gardens,Week3,258.0 Riverside Gardens - 144.0 Greenbriar
Hamlet,Week3,Chesterbrook,Week4,283.0 Chesterbrook - 119.0 Hamlet
Hayfield Farm,Week4,Arlington Forest,Week5,223.0 Arlington Forest - 179.0 Hayfield Farm
Hamlet,Week1,Old Keene Mill,Week1,325.0 Hamlet - 77.0 Old Keene Mill
Hamlet,Week4,Chesterbrook,Week2,302.0 Chesterbrook - 100.0 Hamlet
Greenbriar,Week3,Riverside Gardens,Week5,263.0 Riverside Gardens - 139.0 Greenbriar
Hayfield Farm,Week3,Greenbriar,Week4,226.0 Hayfield Farm - 176.0 Greenbriar
Hamlet,Week5,Old Keene Mill,Week4,334.0 Hamlet - 68.0 Old Keene Mill
Greenbriar,Week4,Sideburn Run,Week4,213.0 Sideburn Run - 189.0 Greenbriar
Hayfield Farm,Week1,Hamlet,Week5,303.0 Hamlet - 99.0 Hayfield Farm
Hayfield Farm,Week1,Brandywine,Week4,216.0 Brandywine - 186.0 Hayfield Farm
Hamlet,Week4,Chesterbrook,Week1,301.0 Chesterbrook - 101.0 Hamlet
Hamlet,Week2,Old Keene Mill,Week1,333.0 Hamlet - 69.0 Old Keene Mill
Hayfield Farm,Week3,Brandywine,Week4,210.0 Hayfield Farm - 192.0 Brandywine
Hayfield Farm,Week2,Greenbriar,Week3,208.0 Greenbriar - 194.0 Hayfield Farm
Greenbriar,Week4,Sleepy Hollow B & R,Week5,262.0 Sleepy Hollow B & R - 140.0 Greenbriar
Greenbriar,Week2,Sleepy Hollow B & R,Week2,203.0 Sleepy Hollow B & R - 199.0 Greenbriar
Hayfield Farm,Week1,Greenbriar,Week5,210.0 Greenbriar - 192.0 Hayfield Farm
Hayfield Farm,Week4,Brandywine,Week1,203.0 Brandywine - 199.0 Hayfield Farm
Greenbriar,Week5,Riverside Gardens,Week5,261.0 Riverside Gardens - 141.0 Greenbriar
Hamlet,Week2,Old Keene Mill,Week2,326.5 Hamlet - 75.5 Old Keene Mill
Hamlet,Week5,Old Keene Mill,Week1,336.0 Hamlet - 66.0 Old Keene Mill
Greenbriar,Week4,Riverside Gardens,Week4,269.0 Riverside Gardens - 133.0 Greenbriar
Greenbriar,Week2,Riverside Gardens,Week2,215.5 Riverside Gardens - 186.5 Greenbriar
Hayfield Farm,Week3,Greenbriar,Week1,209.0 Hayfield Farm - 193.0 Greenbriar
Greenbriar,Week3,Sideburn Run,Week4,209.0 Greenbriar - 193.0 Sideburn Run
Hamlet,Week4,Chesterbrook,Week3,336.0 Chesterbrook - 66.0 Hamlet
Greenbriar,Week3,Sleepy Hollow B & R,Week2,227.0 Sleepy Hollow B & R - 175.0 Greenbriar
Hamlet,Week3,Old Keene Mill,Week4,328.0 Hamlet - 74.0 Old Keene Mill
Hamlet,Week5,Chesterbrook,Week1,252.0 Chesterbrook - 150.0 Hamlet
Hamlet,Week4,Old Keene Mill,Week3,294.0 Hamlet - 108.0 Old Keene Mill
Greenbriar,Week1,Rolling Forest,Week5,203.5 Greenbriar - 198.5 Rolling Forest
Greenbriar,Week1,Sleepy Hollow B & R,Week3,226.0 Sleepy Hollow B & R - 176.0 Greenbriar
Greenbriar,Week1,Rolling Forest,Week2,222.0 Greenbriar - 180.0 Rolling Forest
Hayfield Farm,Week2,Brandywine,Week4,216.0 Brandywine - 186.0 Hayfield Farm
Hayfield Farm,Week3,Greenbriar,Week3,209.0 Greenbriar - 193.0 Hayfield Farm
Hayfield Farm,Week2,Brandywine,Week5,222.0 Brandywine - 180.0 Hayfield Farm
Hamlet,Week4,Chesterbrook,Week5,320.0 Chesterbrook - 82.0 Hamlet
Hayfield Farm,Week2,Brandywine,Week1,207.0 Brandywine - 195.0 Hayfield Farm
Hayfield Farm,Week4,Brandywine,Week2,205.0 Hayfield Farm - 197.0 Brandywine
Greenbriar,Week4,Riverside Gardens,Week5,275.5 Riverside Gardens - 126.5 Greenbriar
Hamlet,Week5,Old Keene Mill,Week5,332.0 Hamlet - 70.0 Old Keene Mill
Greenbriar,Week1,Sleepy Hollow B & R,Week2,220.0 Sleepy Hollow B & R - 182.0 Greenbriar
Greenbriar,Week4,Sideburn Run,Week1,210.0 Sideburn Run - 192.0 Greenbriar
Hayfield Farm,Week5,Greenbriar,Week5,215.0 Greenbriar - 187.0 Hayfield Farm
Hayfield Farm,Week1,Hamlet,Week1,274.0 Hamlet - 128.0 Hayfield Farm
Hayfield Farm,Week1,Bren Mar-Edsall Park,Week3,351.0 Hayfield Farm - 51.0 Bren Mar-Edsall Park
Hamlet,Week3,Old Keene Mill,Week5,307.0 Hamlet - 94.0 Old Keene Mill
Hayfield Farm,Week4,Greenbriar,Week2,214.0 Greenbriar - 188.0 Hayfield Farm
Greenbriar,Week4,Sideburn Run,Week5,211.0 Sideburn Run - 191.0 Greenbriar
Hamlet,Week2,Commonwealth,Week4,338.0 Hamlet - 64.0 Commonwealth
Greenbriar,Week1,Rolling Forest,Week3,208.0 Greenbriar - 194.0 Rolling Forest
Hayfield Farm,Week1,Bren Mar-Edsall Park,Week2,367.0 Hayfield Farm - 35.0 Bren Mar-Edsall Park
Hamlet,Week1,Commonwealth,Week2,289.0 Hamlet - 113.0 Commonwealth
Greenbriar,Week3,Sideburn Run,Week5,202.0 Sideburn Run - 200.0 Greenbriar
Hamlet,Week5,Old Keene Mill,Week2,329.0 Hamlet - 73.0 Old Keene Mill
Hamlet,Week4,Commonwealth,Week1,314.0 Hamlet - 88.0 Commonwealth
Hamlet,Week2,Commonwealth,Week5,327.0 Hamlet - 75.0 Commonwealth
Hayfield Farm,Week4,Brandywine,Week3,206.0 Brandywine - 196.0 Hayfield Farm
Greenbriar,Week1,Rolling Forest,Week4,238.0 Greenbriar - 164.0 Rolling Forest
Greenbriar,Week4,Riverside Gardens,Week1,257.0 Riverside Gardens - 145.0 Greenbriar
Greenbriar,Week2,Sleepy Hollow B & R,Week1,221.0 Greenbriar - 181.0 Sleepy Hollow B & R
Hamlet,Week5,Chesterbrook,Week2,258.0 Chesterbrook - 144.0 Hamlet
Greenbriar,Week2,Riverside Gardens,Week1,217.0 Riverside Gardens - 185.0 Greenbriar
Greenbriar,Week5,Sideburn Run,Week3,211.0 Greenbriar - 191.0 Sideburn Run
Hamlet,Week3,Commonwealth,Week1,323.0 Hamlet - 78.0 Commonwealth
Hamlet,Week1,Orange Hunt,Week3,249.0 Hamlet - 153.0 Orange Hunt
Hamlet,Week2,Orange Hunt,Week2,274.0 Hamlet - 128.0 Orange Hunt
Greenbriar,Week3,Riverside Gardens,Week4,265.0 Riverside Gardens - 137.0 Greenbriar
Greenbriar,Week3,Riverside Gardens,Week3,242.0 Riverside Gardens - 160.0 Greenbriar
Hamlet,Week2,Overlee,Week1,254.0 Overlee - 148.0 Hamlet
Hayfield Farm,Week5,Brandywine,Week5,224.0 Brandywine - 178.0 Hayfield Farm
Greenbriar,Week4,Sideburn Run,Week3,217.0 Sideburn Run - 185.0 Greenbriar
Hayfield Farm,Week5,Brandywine,Week3,202.0 Hayfield Farm - 200.0 Brandywine
Hayfield Farm,Week4,Greenbriar,Week3,208.0 Greenbriar - 194.0 Hayfield Farm
Hamlet,Week5,Commonwealth,Week5,324.0 Hamlet - 78.0 Commonwealth
Hayfield Farm,Week2,Bren Mar-Edsall Park,Week2,382.0 Hayfield Farm - 20.0 Bren Mar-Edsall Park
Greenbriar,Week5,Sideburn Run,Week5,208.0 Sideburn Run - 194.0 Greenbriar
Hamlet,Week1,Orange Hunt,Week4,249.0 Hamlet - 153.0 Orange Hunt
Hayfield Farm,Week1,Hamlet,Week3,298.0 Hamlet - 104.0 Hayfield Farm
Hamlet,Week1,Orange Hunt,Week2,244.0 Hamlet - 158.0 Orange Hunt
Hayfield Farm,Week2,Bren Mar-Edsall Park,Week1,373.0 Hayfield Farm - 29.0 Bren Mar-Edsall Park
Hayfield Farm,Week3,Brandywine,Week3,217.0 Hayfield Farm - 185.0 Brandywine
Greenbriar,Week4,Sideburn Run,Week2,219.0 Greenbriar - 183.0 Sideburn Run
Hamlet,Week4,Commonwealth,Week3,320.0 Hamlet - 81.0 Commonwealth
Hayfield Farm,Week2,Hamlet,Week4,286.0 Hamlet - 116.0 Hayfield Farm
Hamlet,Week3,Commonwealth,Week4,333.0 Hamlet - 68.0 Commonwealth
Greenbriar,Week3,Riverside Gardens,Week1,229.0 Riverside Gardens - 173.0 Greenbriar
Hayfield Farm,Week2,Hamlet,Week3,306.0 Hamlet - 96.0 Hayfield Farm
Hayfield Farm,Week2,Hamlet,Week5,310.0 Hamlet - 92.0 Hayfield Farm
Greenbriar,Week2,Riverside Gardens,Week3,230.0 Riverside Gardens - 172.0 Greenbriar
Greenbriar,Week1,Sleepy Hollow B & R,Week1,211.0 Sleepy Hollow B & R - 191.0 Greenbriar
Hamlet,Week1,Orange Hunt,Week1,263.0 Hamlet - 139.0 Orange Hunt
Hayfield Farm,Week5,Greenbriar,Week3,206.0 Greenbriar - 196.0 Hayfield Farm
Greenbriar,Week5,Riverside Gardens,Week3,248.0 Riverside Gardens - 154.0 Greenbriar
Hamlet,Week2,Commonwealth,Week3,351.0 Hamlet - 51.0 Commonwealth
Greenbriar,Week5,Riverside Gardens,Week2,226.0 Riverside Gardens - 176.0 Greenbriar
Hayfield Farm,Week5,Greenbriar,Week2,231.0 Greenbriar - 171.0 Hayfield Farm
Hamlet,Week1,Commonwealth,Week3,309.0 Hamlet - 93.0 Commonwealth
Hamlet,Week3,Overlee,Week1,267.0 Overlee - 135.0 Hamlet
Hamlet,Week1,Commonwealth,Week1,310.0 Hamlet - 92.0 Commonwealth
Greenbriar,Week1,Rolling Forest,Week1,231.0 Greenbriar - 171.0 Rolling Forest
Greenbriar,Week2,Sleepy Hollow B & R,Week4,208.0 Sleepy Hollow B & R - 194.0 Greenbriar
Greenbriar,Week2,Riverside Gardens,Week4,242.0 Riverside Gardens - 160.0 Greenbriar
Hamlet,Week2,Cottontail,Week4,320.0 Hamlet - 82.0 Cottontail
Hamlet,Week2,Cottontail,Week2,326.0 Hamlet - 76.0 Cottontail
Hamlet,Week5,Orange Hunt,Week5,273.0 Hamlet - 129.0 Orange Hunt
Greenbriar,Week2,Rolling Forest,Week2,247.0 Greenbriar - 155.0 Rolling Forest
Hayfield Farm,Week4,Brandywine,Week5,221.0 Brandywine - 181.0 Hayfield Farm
Hayfield Farm,Week5,Brandywine,Week1,210.0 Brandywine - 192.0 Hayfield Farm
Greenbriar,Week5,Sideburn Run,Week4,206.0 Sideburn Run - 196.0 Greenbriar
Greenbriar,Week2,Sleepy Hollow B & R,Week5,233.0 Sleepy Hollow B & R - 169.0 Greenbriar
Hayfield Farm,Week3,Greenbriar,Week2,206.0 Greenbriar - 196.0 Hayfield Farm
Hayfield Farm,Week1,Greenbriar,Week4,203.0 Greenbriar - 199.0 Hayfield Farm
Hamlet,Week3,Orange Hunt,Week2,262.0 Hamlet - 140.0 Orange Hunt
Greenbriar,Week3,Sleepy Hollow B & R,Week5,255.0 Sleepy Hollow B & R - 147.0 Greenbriar
Greenbriar,Week3,Sleepy Hollow B & R,Week4,244.0 Sleepy Hollow B & R - 158.0 Greenbriar
Greenbriar,Week3,Sleepy Hollow B & R,Week1,207.0 Sleepy Hollow B & R - 195.0 Greenbriar
Hayfield Farm,Week5,Greenbriar,Week4,204.0 Hayfield Farm - 198.0 Greenbriar
Hamlet,Week1,Commonwealth,Week5,294.0 Hamlet - 108.0 Commonwealth
Hayfield Farm,Week4,Brandywine,Week4,205.0 Brandywine - 197.0 Hayfield Farm
Hamlet,Week2,Commonwealth,Week1,331.0 Hamlet - 71.0 Commonwealth
Greenbriar,Week2,Rolling Forest,Week4,250.0 Greenbriar - 152.0 Rolling Forest
Greenbriar,Week2,Rolling Forest,Week3,217.0 Greenbriar - 185.0 Rolling Forest
Hayfield Farm,Week1,Bren Mar-Edsall Park,Week4,353.0 Hayfield Farm - 49.0 Bren Mar-Edsall Park
Hayfield Farm,Week5,Brandywine,Week2,214.0 Hayfield Farm - 188.0 Brandywine
Hayfield Farm,Week4,Greenbriar,Week4,210.0 Hayfield Farm - 192.0 Greenbriar
Hamlet,Week3,Orange Hunt,Week3,258.0 Hamlet - 144.0 Orange Hunt
Hayfield Farm,Week3,Brandywine,Week5,202.0 Brandywine - 200.0 Hayfield Farm
Hamlet,Week2,Orange Hunt,Week1,266.0 Hamlet - 136.0 Orange Hunt
Hayfield Farm,Week5,Brandywine,Week4,213.0 Brandywine - 189.0 Hayfield Farm
Hamlet,Week2,Orange Hunt,Week3,275.0 Hamlet - 127.0 Orange Hunt
Hamlet,Week1,Annandale,Week5,326.0 Hamlet - 76.0 Annandale
Greenbriar,Week5,Woodley,Week2,304.0 Greenbriar - 98.0 Woodley
Hayfield Farm,Week2,Greenbriar,Week4,215.0 Hayfield Farm - 187.0 Greenbriar
Hamlet,Week2,Orange Hunt,Week4,275.0 Hamlet - 127.0 Orange Hunt
Hamlet,Week1,Annandale,Week1,337.0 Hamlet - 65.0 Annandale
Hamlet,Week1,Commonwealth,Week4,315.0 Hamlet - 87.0 Commonwealth
Hayfield Farm,Week2,Greenbriar,Week5,202.0 Hayfield Farm - 200.0 Greenbriar
Greenbriar,Week5,Woodley,Week5,287.0 Greenbriar - 115.0 Woodley
Hayfield Farm,Week3,Greenbriar,Week5,219.0 Hayfield Farm - 183.0 Greenbriar
Hayfield Farm,Week2,Greenbriar,Week1,201.0 Greenbriar - 201.0 Hayfield Farm
Hayfield Farm,Week4,Greenbriar,Week1,204.0 Greenbriar - 198.0 Hayfield Farm
Greenbriar,Week3,Rolling Forest,Week3,206.0 Greenbriar - 196.0 Rolling Forest
Hayfield Farm,Week2,Bren Mar-Edsall Park,Week4,370.0 Hayfield Farm - 32.0 Bren Mar-Edsall Park
Greenbriar,Week4,Sleepy Hollow B & R,Week1,229.0 Sleepy Hollow B & R - 173.0 Greenbriar
Hamlet,Week4,Orange Hunt,Week2,248.0 Hamlet - 154.0 Orange Hunt
Greenbriar,Week4,Sleepy Hollow B & R,Week4,243.0 Sleepy Hollow B & R - 159.0 Greenbriar
Hamlet,Week4,Orange Hunt,Week1,245.0 Hamlet - 157.0 Orange Hunt
Hamlet,Week1,Cottontail,Week3,315.0 Hamlet - 87.0 Cottontail
Hamlet,Week4,Annandale,Week1,324.0 Hamlet - 78.0 Annandale
Hamlet,Week5,Commonwealth,Week2,309.0 Hamlet - 93.0 Commonwealth
Hayfield Farm,Week2,Bren Mar-Edsall Park,Week3,371.0 Hayfield Farm - 31.0 Bren Mar-Edsall Park
Hamlet,Week3,Annandale,Week1,342.0 Hamlet - 60.0 Annandale
Greenbriar,Week3,Rolling Forest,Week1,226.0 Greenbriar - 176.0 Rolling Forest
Hamlet,Week4,Commonwealth,Week5,295.0 Hamlet - 107.0 Commonwealth
Hayfield Farm,Week1,Bren Mar-Edsall Park,Week1,368.0 Hayfield Farm - 34.0 Bren Mar-Edsall Park
Greenbriar,Week4,Sleepy Hollow B & R,Week2,229.0 Sleepy Hollow B & R - 173.0 Greenbriar
Hamlet,Week3,Orange Hunt,Week5,250.0 Hamlet - 152.0 Orange Hunt
Greenbriar,Week4,Sleepy Hollow B & R,Week3,233.0 Sleepy Hollow B & R - 169.0 Greenbriar
Greenbriar,Week3,Rolling Forest,Week2,235.0 Greenbriar - 167.0 Rolling Forest
Hamlet,Week3,Commonwealth,Week2,310.0 Hamlet - 92.0 Commonwealth
Hamlet,Week5,Annandale,Week5,334.0 Hamlet - 68.0 Annandale
Hayfield Farm,Week2,Hamlet,Week2,306.0 Hamlet - 96.0 Hayfield Farm
Hamlet,Week5,Annandale,Week2,337.0 Hamlet - 65.0 Annandale
Hayfield Farm,Week2,Bren Mar-Edsall Park,Week5,363.0 Hayfield Farm - 39.0 Bren Mar-Edsall Park
Hayfield Farm,Week1,Hamlet,Week4,282.0 Hamlet - 120.0 Hayfield Farm
Hayfield Farm,Week5,Bren Mar-Edsall Park,Week3,365.0 Hayfield Farm - 37.0 Bren Mar-Edsall Park
Greenbriar,Week5,Sleepy Hollow B & R,Week1,201.0 Greenbriar - 200.0 Sleepy Hollow B & R
Greenbriar,Week4,Rolling Forest,Week4,212.0 Greenbriar - 190.0 Rolling Forest
Hayfield Farm,Week4,Bren Mar-Edsall Park,Week3,366.0 Hayfield Farm - 36.0 Bren Mar-Edsall Park
Hayfield Farm,Week5,Greenbriar,Week1,213.0 Greenbriar - 189.0 Hayfield Farm
Greenbriar,Week5,Sleepy Hollow B & R,Week3,219.0 Sleepy Hollow B & R - 182.0 Greenbriar
Greenbriar,Week5,Sleepy Hollow B & R,Week2,226.0 Sleepy Hollow B & R - 175.0 Greenbriar
Hayfield Farm,Week2,Hayfield Farm,Week2,201.0 Hayfield Farm (HF1) - 201.0 Hayfield Farm (HF2)
Hamlet,Week4,Orange Hunt,Week5,231.5 Hamlet - 170.5 Orange Hunt
Hamlet,Week5,Orange Hunt,Week1,277.0 Hamlet - 125.0 Orange Hunt
Hamlet,Week2,Annandale,Week4,350.0 Hamlet - 52.0 Annandale
Hamlet,Week4,Commonwealth,Week4,320.0 Hamlet - 82.0 Commonwealth
Hamlet,Week2,Commonwealth,Week2,319.0 Hamlet - 83.0 Commonwealth
Hamlet,Week4,Annandale,Week2,330.0 Hamlet - 72.0 Annandale
Hamlet,Week5,Annandale,Week4,363.0 Hamlet - 39.0 Annandale
Greenbriar,Week4,Rolling Forest,Week3,223.0 Rolling Forest - 179.0 Greenbriar
Hamlet,Week4,Orange Hunt,Week3,245.0 Hamlet - 157.0 Orange Hunt
Hamlet,Week5,Commonwealth,Week1,343.0 Hamlet - 59.0 Commonwealth
Greenbriar,Week3,Rolling Forest,Week5,211.0 Greenbriar - 191.0 Rolling Forest
Hamlet,Week1,Overlee,Week3,270.0 Overlee - 132.0 Hamlet
Greenbriar,Week5,Sleepy Hollow B & R,Week4,221.5 Sleepy Hollow B & R - 180.5 Greenbriar
Hayfield Farm,Week1,Bren Mar-Edsall Park,Week5,350.0 Hayfield Farm - 52.0 Bren Mar-Edsall Park
Greenbriar,Week4,Rolling Forest,Week2,206.0 Greenbriar - 196.0 Rolling Forest
Greenbriar,Week4,Rolling Forest,Week1,205.0 Greenbriar - 197.0 Rolling Forest
Hayfield Farm,Week5,Bren Mar-Edsall Park,Week5,362.0 Hayfield Farm - 40.0 Bren Mar-Edsall Park
Hayfield Farm,Week2,Hamlet,Week1,279.0 Hamlet - 123.0 Hayfield Farm
Hamlet,Week5,Chesterbrook,Week5,266.0 Chesterbrook - 136.0 Hamlet
Hamlet,Week5,Orange Hunt,Week3,273.0 Hamlet - 129.0 Orange Hunt
Greenbriar,Week4,Sleepy Hollow Rec,Week3,231.0 Greenbriar - 171.0 Sleepy Hollow Rec
Hayfield Farm,Week3,Brookfield ,Week3,235.0 Hayfield Farm - 167.0 Brookfield
Hamlet,Week4,Orange Hunt,Week4,252.0 Hamlet - 150.0 Orange Hunt
Greenbriar,Week2,Sleepy Hollow Rec,Week3,285.0 Greenbriar - 117.0 Sleepy Hollow Rec
Greenbriar,Week3,Sleepy Hollow Rec,Week1,296.0 Greenbriar - 106.0 Sleepy Hollow Rec
Greenbriar,Week4,Rolling Forest,Week5,212.0 Rolling Forest - 190.0 Greenbriar
Hamlet,Week2,Annandale,Week2,339.0 Hamlet - 63.0 Annandale
Greenbriar,Week2,Lakevale Estates,Week2,219.0 Lakevale Estates - 183.0 Greenbriar
Hayfield Farm,Week5,Bren Mar-Edsall Park,Week2,371.0 Hayfield Farm - 31.0 Bren Mar-Edsall Park
Greenbriar,Week3,Rolling Forest,Week4,240.0 Greenbriar - 162.0 Rolling Forest
Greenbriar,Week2,Sleepy Hollow Rec,Week1,295.0 Greenbriar - 107.0 Sleepy Hollow Rec
Greenbriar,Week5,Rolling Forest,Week3,212.5 Greenbriar - 189.5 Rolling Forest
Hayfield Farm,Week4,Bren Mar-Edsall Park,Week5,367.0 Hayfield Farm - 35.0 Bren Mar-Edsall Park
Hamlet,Week1,Arlington Forest,Week5,244.0 Hamlet - 158.0 Arlington Forest
Hayfield Farm,Week4,Hayfield Farm,Week3,225.0 Hayfield Farm (HF2) - 177.0 Hayfield Farm (HF1)
Hamlet,Week5,Chesterbrook,Week3,284.0 Chesterbrook - 118.0 Hamlet
Hamlet,Week3,Commonwealth,Week3,324.0 Hamlet - 77.0 Commonwealth
Greenbriar,Week3,Sleepy Hollow Rec,Week4,304.0 Greenbriar - 98.0 Sleepy Hollow Rec
Hamlet,Week1,Annandale,Week3,325.0 Hamlet - 77.0 Annandale
Greenbriar,Week5,Sleepy Hollow Rec,Week4,274.0 Greenbriar - 128.0 Sleepy Hollow Rec
Hamlet,Week3,Commonwealth,Week5,304.0 Hamlet - 98.0 Commonwealth
Hayfield Farm,Week4,Hamlet,Week2,292.0 Hamlet - 110.0 Hayfield Farm
Hayfield Farm,Week5,Hamlet,Week4,286.0 Hamlet - 116.0 Hayfield Farm
Hamlet,Week4,Commonwealth,Week2,298.0 Hamlet - 104.0 Commonwealth
Greenbriar,Week5,Woodley,Week4,302.0 Greenbriar - 100.0 Woodley
Hayfield Farm,Week1,Hayfield Farm,Week4,213.0 Hayfield Farm (HF2) - 189.0 Hayfield Farm (HF1)
Hamlet,Week5,Chesterbrook,Week4,257.0 Chesterbrook - 145.0 Hamlet
Hayfield Farm,Week3,Hayfield Farm,Week2,252.0 Hayfield Farm (HF1) - 150.0 Hayfield Farm (HF2)
Hamlet,Week3,Annandale,Week3,340.0 Hamlet - 62.0 Annandale
Hamlet,Week2,Orange Hunt,Week5,254.0 Hamlet - 148.0 Orange Hunt
Greenbriar,Week4,Sleepy Hollow Rec,Week4,255.0 Greenbriar - 147.0 Sleepy Hollow Rec
Hamlet,Week5,Orange Hunt,Week2,266.5 Hamlet - 135.5 Orange Hunt
Hamlet,Week1,Annandale,Week2,320.0 Hamlet - 82.0 Annandale
Hamlet,Week1,Overlee,Week1,267.0 Overlee - 135.0 Hamlet
Hayfield Farm,Week2,Brookfield ,Week4,204.0 Hayfield Farm - 198.0 Brookfield
Hayfield Farm,Week2,Brookfield ,Week1,210.0 Hayfield Farm - 192.0 Brookfield
Hayfield Farm,Week1,Brookfield ,Week1,208.0 Brookfield - 194.0 Hayfield Farm
Greenbriar,Week5,Rolling Forest,Week2,250.0 Greenbriar - 152.0 Rolling Forest
Hamlet,Week1,Overlee,Week4,320.0 Overlee - 82.0 Hamlet
Hamlet,Week5,Orange Hunt,Week4,275.0 Hamlet - 127.0 Orange Hunt
Hamlet,Week5,Commonwealth,Week3,338.0 Hamlet - 64.0 Commonwealth
Hayfield Farm,Week3,Hamlet,Week2,274.0 Hamlet - 128.0 Hayfield Farm
Greenbriar,Week5,Rolling Forest,Week1,232.0 Greenbriar - 170.0 Rolling Forest
Greenbriar,Week2,Lakevale Estates,Week5,241.5 Lakevale Estates - 160.5 Greenbriar
Hamlet,Week1,Overlee,Week5,316.0 Overlee - 86.0 Hamlet
Hayfield Farm,Week2,Brookfield ,Week5,227.0 Hayfield Farm - 175.0 Brookfield
Hamlet,Week2,Annandale,Week3,339.5 Hamlet - 62.5 Annandale
Greenbriar,Week1,Sleepy Hollow Rec,Week2,275.5 Greenbriar - 126.5 Sleepy Hollow Rec
Greenbriar,Week1,Sleepy Hollow Rec,Week5,267.0 Greenbriar - 135.0 Sleepy Hollow Rec
Hayfield Farm,Week5,Hamlet,Week1,273.0 Hamlet - 129.0 Hayfield Farm
Hamlet,Week1,Cottontail,Week2,322.0 Hamlet - 80.0 Cottontail
Greenbriar,Week4,Lakevale Estates,Week3,263.0 Lakevale Estates - 139.0 Greenbriar
Hayfield Farm,Week4,Bren Mar-Edsall Park,Week2,377.0 Hayfield Farm - 25.0 Bren Mar-Edsall Park
Greenbriar,Week4,Woodley,Week3,270.0 Greenbriar - 132.0 Woodley
Hamlet,Week1,Cottontail,Week1,302.0 Hamlet - 100.0 Cottontail
Hamlet,Week1,Overlee,Week2,285.0 Overlee - 117.0 Hamlet
Hayfield Farm,Week1,Hayfield Farm,Week3,256.0 Hayfield Farm (HF2) - 146.0 Hayfield Farm (HF1)
Hamlet,Week5,Commonwealth,Week4,345.0 Hamlet - 57.0 Commonwealth
Hayfield Farm,Week3,Bren Mar-Edsall Park,Week4,355.0 Hayfield Farm - 43.0 Bren Mar-Edsall Park
Greenbriar,Week4,Sleepy Hollow Rec,Week5,228.0 Greenbriar - 174.0 Sleepy Hollow Rec
Hamlet,Week3,Orange Hunt,Week4,265.0 Hamlet - 137.0 Orange Hunt
Hayfield Farm,Week3,Bren Mar-Edsall Park,Week5,358.0 Hayfield Farm - 43.0 Bren Mar-Edsall Park
Greenbriar,Week5,Lakevale Estates,Week1,231.0 Lakevale Estates - 171.0 Greenbriar
Greenbriar,Week4,Lakevale Estates,Week4,285.0 Lakevale Estates - 117.0 Greenbriar
Greenbriar,Week5,Woodley,Week1,287.0 Greenbriar - 115.0 Woodley
Hayfield Farm,Week1,Hayfield Farm,Week1,201.0 Hayfield Farm (HF1) - 201.0 Hayfield Farm (HF2)
Greenbriar,Week4,Lakevale Estates,Week1,249.0 Lakevale Estates - 153.0 Greenbriar
Hayfield Farm,Week2,Hayfield Farm,Week5,211.0 Hayfield Farm (HF1) - 191.0 Hayfield Farm (HF2)
Hamlet,Week3,Annandale,Week5,332.0 Hamlet - 70.0 Annandale
Hamlet,Week2,Overlee,Week5,306.0 Overlee - 96.0 Hamlet
Hayfield Farm,Week5,Hamlet,Week2,296.0 Hamlet - 106.0 Hayfield Farm
Greenbriar,Week2,Sleepy Hollow Rec,Week2,292.0 Greenbriar - 110.0 Sleepy Hollow Rec
Hayfield Farm,Week3,Bren Mar-Edsall Park,Week3,360.0 Hayfield Farm - 41.0 Bren Mar-Edsall Park
Hamlet,Week2,Annandale,Week1,346.0 Hamlet - 56.0 Annandale
Hamlet,Week2,Overlee,Week3,256.0 Overlee - 146.0 Hamlet
Hamlet,Week1,Cottontail,Week4,317.0 Hamlet - 85.0 Cottontail
Hayfield Farm,Week1,Broyhill Crest,Week1,335.0 Hayfield Farm - 67.0 Broyhill Crest
Hayfield Farm,Week2,Hayfield Farm,Week1,219.0 Hayfield Farm (HF1) - 183.0 Hayfield Farm (HF2)
Hayfield Farm,Week5,Bren Mar-Edsall Park,Week1,366.0 Hayfield Farm - 36.0 Bren Mar-Edsall Park
Hamlet,Week2,Cottontail,Week3,333.0 Hamlet - 69.0 Cottontail
Hamlet,Week2,Overlee,Week4,314.0 Overlee - 88.0 Hamlet
Greenbriar,Week3,Sleepy Hollow Rec,Week5,273.0 Greenbriar - 129.0 Sleepy Hollow Rec
Greenbriar,Week4,Lakevale Estates,Week5,273.0 Lakevale Estates - 129.0 Greenbriar
Greenbriar,Week5,Lakevale Estates,Week4,267.0 Lakevale Estates - 135.0 Greenbriar
Hamlet,Week4,Annandale,Week4,341.0 Hamlet - 61.0 Annandale
Hamlet,Week1,Country Club Hills,Week5,283.0 Hamlet - 119.0 Country Club Hills
Hamlet,Week2,Cottontail,Week1,316.5 Hamlet - 85.5 Cottontail
Hayfield Farm,Week1,Hayfield Farm,Week5,214.0 Hayfield Farm (HF2) - 188.0 Hayfield Farm (HF1)
Greenbriar,Week3,Sleepy Hollow Rec,Week2,285.0 Greenbriar - 117.0 Sleepy Hollow Rec
Greenbriar,Week4,Sleepy Hollow Rec,Week2,247.0 Greenbriar - 155.0 Sleepy Hollow Rec
Greenbriar,Week5,Sleepy Hollow Rec,Week2,258.5 Greenbriar - 143.5 Sleepy Hollow Rec
Hayfield Farm,Week2,Hayfield Farm,Week4,214.0 Hayfield Farm (HF2) - 188.0 Hayfield Farm (HF1)
Greenbriar,Week5,Woodley,Week3,294.0 Greenbriar - 108.0 Woodley
Hayfield Farm,Week5,Brookfield ,Week4,201.5 Brookfield - 200.5 Hayfield Farm
Hamlet,Week2,Overlee,Week2,276.0 Overlee - 126.0 Hamlet
Hayfield Farm,Week4,Brookfield ,Week5,225.0 Hayfield Farm - 177.0 Brookfield
Hamlet,Week3,Orange Hunt,Week1,263.0 Hamlet - 139.0 Orange Hunt
Greenbriar,Week5,Lakevale Estates,Week3,244.0 Lakevale Estates - 158.0 Greenbriar
Hamlet,Week1,Cottontail,Week5,289.0 Hamlet - 113.0 Cottontail
Greenbriar,Week5,Lakevale Estates,Week2,235.0 Lakevale Estates - 167.0 Greenbriar
Greenbriar,Week4,Woodley,Week4,285.0 Greenbriar - 117.0 Woodley
Hamlet,Week3,Overlee,Week3,261.5 Overlee - 140.5 Hamlet
Hayfield Farm,Week1,Brookfield ,Week2,207.0 Brookfield - 195.0 Hayfield Farm
Hamlet,Week2,Country Club Hills,Week2,327.0 Hamlet - 75.0 Country Club Hills
Hamlet,Week1,Annandale,Week4,337.0 Hamlet - 65.0 Annandale
Hayfield Farm,Week3,Bren Mar-Edsall Park,Week2,368.0 Hayfield Farm - 30.0 Bren Mar-Edsall Park
Hamlet,Week1,Country Club Hills,Week2,311.0 Hamlet - 91.0 Country Club Hills
Greenbriar,Week1,Lakevale Estates,Week3,240.0 Lakevale Estates - 162.0 Greenbriar
Hayfield Farm,Week3,Hamlet,Week5,292.0 Hamlet - 110.0 Hayfield Farm
Greenbriar,Week3,Sleepy Hollow Rec,Week3,274.0 Greenbriar - 128.0 Sleepy Hollow Rec
Hamlet,Week3,Cottontail,Week5,309.0 Hamlet - 93.0 Cottontail
Hayfield Farm,Week3,Brookfield ,Week2,229.0 Hayfield Farm - 173.0 Brookfield
Hamlet,Week5,Overlee,Week5,290.0 Overlee - 112.0 Hamlet
Greenbriar,Week1,Lakevale Estates,Week5,268.0 Lakevale Estates - 134.0 Greenbriar
Hamlet,Week3,Overlee,Week2,279.0 Overlee - 123.0 Hamlet
Hayfield Farm,Week3,Hamlet,Week3,272.0 Hamlet - 130.0 Hayfield Farm
Hayfield Farm,Week5,Hamlet,Week5,304.0 Hamlet - 98.0 Hayfield Farm
Hamlet,Week3,Annandale,Week2,335.0 Hamlet - 66.0 Annandale
Hamlet,Week4,Cottontail,Week5,297.0 Hamlet - 105.0 Cottontail
Hamlet,Week3,Annandale,Week4,346.0 Hamlet - 55.0 Annandale
Greenbriar,Week1,Lakevale Estates,Week4,263.0 Lakevale Estates - 139.0 Greenbriar
Hamlet,Week4,Overlee,Week2,298.0 Overlee - 104.0 Hamlet
Greenbriar,Week5,Sleepy Hollow Rec,Week1,271.0 Greenbriar - 131.0 Sleepy Hollow Rec
Greenbriar,Week5,Sleepy Hollow B & R,Week5,242.0 Sleepy Hollow B & R - 159.0 Greenbriar
Hamlet,Week2,Annandale,Week5,325.0 Hamlet - 77.0 Annandale
Greenbriar,Week1,Sleepy Hollow Rec,Week3,271.0 Greenbriar - 131.0 Sleepy Hollow Rec
Greenbriar,Week4,Sleepy Hollow Rec,Week1,261.0 Greenbriar - 141.0 Sleepy Hollow Rec
Hamlet,Week3,Cottontail,Week2,322.0 Hamlet - 80.0 Cottontail
Greenbriar,Week5,Lakevale Estates,Week5,250.0 Lakevale Estates - 152.0 Greenbriar
Hamlet,Week2,Country Club Hills,Week4,326.0 Hamlet - 76.0 Country Club Hills
Hayfield Farm,Week3,Hayfield Farm,Week1,256.0 Hayfield Farm (HF1) - 146.0 Hayfield Farm (HF2)
Hayfield Farm,Week4,Bren Mar-Edsall Park,Week1,374.0 Hayfield Farm - 28.0 Bren Mar-Edsall Park
Greenbriar,Week4,Woodley,Week5,261.0 Greenbriar - 141.0 Woodley
Hayfield Farm,Week4,Bren Mar-Edsall Park,Week4,367.0 Hayfield Farm - 35.0 Bren Mar-Edsall Park
Hamlet,Week3,Parklawn,Week1,344.0 Hamlet - 49.0 Parklawn
Hayfield Farm,Week5,Hamlet,Week3,283.0 Hamlet - 119.0 Hayfield Farm
Hamlet,Week5,Overlee,Week1,239.0 Overlee - 163.0 Hamlet
Greenbriar,Week2,Sleepy Hollow Rec,Week5,275.0 Greenbriar - 127.0 Sleepy Hollow Rec
Greenbriar,Week2,Lakevale Estates,Week3,210.0 Lakevale Estates - 192.0 Greenbriar
Greenbriar,Week2,Lakevale Estates,Week4,233.0 Lakevale Estates - 169.0 Greenbriar
Hayfield Farm,Week4,Hamlet,Week1,274.0 Hamlet - 128.0 Hayfield Farm
Hayfield Farm,Week5,Bren Mar-Edsall Park,Week4,363.0 Hayfield Farm - 39.0 Bren Mar-Edsall Park
Hamlet,Week4,Annandale,Week5,321.0 Hamlet - 81.0 Annandale
Greenbriar,Week3,Somerset-Olde Creek,Week2,347.0 Greenbriar - 55.0 Somerset-Olde Creek
Hamlet,Week5,Annandale,Week1,350.0 Hamlet - 52.0 Annandale
Hamlet,Week1,Arlington Forest,Week1,282.0 Hamlet - 120.0 Arlington Forest
Greenbriar,Week3,Lakevale Estates,Week1,234.5 Lakevale Estates - 167.5 Greenbriar
Greenbriar,Week5,Somerset-Olde Creek,Week3,325.0 Greenbriar - 75.0 Somerset-Olde Creek
Hamlet,Week5,Cottontail,Week4,333.0 Hamlet - 69.0 Cottontail
Hamlet,Week2,Country Club Hills,Week5,310.0 Hamlet - 92.0 Country Club Hills
Greenbriar,Week1,Sleepy Hollow Rec,Week1,292.0 Greenbriar - 110.0 Sleepy Hollow Rec
Hayfield Farm,Week3,Hamlet,Week4,246.0 Hamlet - 156.0 Hayfield Farm
Hamlet,Week4,Annandale,Week3,324.0 Hamlet - 78.0 Annandale
Hayfield Farm,Week1,Brookfield ,Week3,211.5 Hayfield Farm - 190.5 Brookfield
Hayfield Farm,Week3,Hamlet,Week1,257.0 Hamlet - 145.0 Hayfield Farm
Hamlet,Week2,Parklawn,Week1,350.0 Hamlet - 43.0 Parklawn
Greenbriar,Week1,Lakevale Estates,Week1,242.0 Lakevale Estates - 160.0 Greenbriar
Greenbriar,Week3,Lakevale Estates,Week2,242.0 Lakevale Estates - 160.0 Greenbriar
Hayfield Farm,Week4,Hamlet,Week3,291.5 Hamlet - 110.5 Hayfield Farm
Hamlet,Week1,Country Club Hills,Week4,313.0 Hamlet - 89.0 Country Club Hills
Hayfield Farm,Week1,Brookfield ,Week5,207.0 Hayfield Farm - 195.0 Brookfield
Hamlet,Week5,Annandale,Week3,347.0 Hamlet - 55.0 Annandale
Hayfield Farm,Week3,Bren Mar-Edsall Park,Week1,363.0 Hayfield Farm - 38.0 Bren Mar-Edsall Park
Hamlet,Week4,Parklawn,Week4,309.0 Hamlet - 93.0 Parklawn
Hamlet,Week5,Parklawn,Week1,356.0 Hamlet - 37.0 Parklawn
Hamlet,Week4,Overlee,Week5,327.0 Overlee - 75.0 Hamlet
Hamlet,Week2,Country Club Hills,Week3,335.0 Hamlet - 67.0 Country Club Hills
Greenbriar,Week4,Lakevale Estates,Week2,252.0 Lakevale Estates - 150.0 Greenbriar
Hamlet,Week4,Parklawn,Week3,329.0 Hamlet - 73.0 Parklawn
Greenbriar,Week3,Lakevale Estates,Week5,255.0 Lakevale Estates - 147.0 Greenbriar
Greenbriar,Week3,Lakevale Estates,Week4,261.0 Lakevale Estates - 141.0 Greenbriar
Hayfield Farm,Week4,Hamlet,Week5,290.0 Hamlet - 112.0 Hayfield Farm
Hayfield Farm,Week4,Brookfield ,Week1,207.0 Hayfield Farm - 195.0 Brookfield
Greenbriar,Week1,Sleepy Hollow Rec,Week4,293.0 Greenbriar - 109.0 Sleepy Hollow Rec
Hamlet,Week3,Parklawn,Week2,333.0 Hamlet - 68.0 Parklawn
Hamlet,Week2,Arlington Forest,Week5,259.0 Hamlet - 143.0 Arlington Forest
Hamlet,Week2,Country Club Hills,Week1,323.0 Hamlet - 79.0 Country Club Hills
Hayfield Farm,Week2,Brookfield ,Week3,226.0 Hayfield Farm - 176.0 Brookfield
Greenbriar,Week5,Sleepy Hollow Rec,Week3,243.0 Greenbriar - 159.0 Sleepy Hollow Rec
Greenbriar,Week2,Sleepy Hollow Rec,Week4,298.0 Greenbriar - 104.0 Sleepy Hollow Rec
Hamlet,Week3,Cottontail,Week3,330.0 Hamlet - 72.0 Cottontail
Greenbriar,Week3,Lakevale Estates,Week3,238.0 Lakevale Estates - 164.0 Greenbriar
Hamlet,Week3,Cottontail,Week1,308.0 Hamlet - 94.0 Cottontail
Hamlet,Week1,Arlington Forest,Week4,258.0 Hamlet - 144.0 Arlington Forest
Hayfield Farm,Week2,Hayfield Farm,Week3,252.0 Hayfield Farm (HF2) - 150.0 Hayfield Farm (HF1)
Hayfield Farm,Week1,Hayfield Farm,Week2,219.0 Hayfield Farm (HF2) - 183.0 Hayfield Farm (HF1)
Hamlet,Week5,Parklawn,Week5,349.0 Hamlet - 53.0 Parklawn
Hayfield Farm,Week3,Hayfield Farm,Week3,198.0 Hayfield Farm (HF1) - 198.0 Hayfield Farm (HF2)
Hamlet,Week1,Arlington Forest,Week3,300.0 Hamlet - 101.0 Arlington Forest
Hamlet,Week1,Arlington Forest,Week2,286.0 Hamlet - 116.0 Arlington Forest
Hamlet,Week3,Arlington Forest,Week1,309.0 Hamlet - 93.0 Arlington Forest
Greenbriar,Week1,Somerset-Olde Creek,Week3,336.0 Greenbriar - 66.0 Somerset-Olde Creek
Hamlet,Week2,Parklawn,Week3,351.0 Hamlet - 51.0 Parklawn
Hayfield Farm,Week3,Brookfield ,Week1,205.0 Hayfield Farm - 197.0 Brookfield
Greenbriar,Week1,Somerset-Olde Creek,Week5,320.0 Greenbriar - 82.0 Somerset-Olde Creek
Hayfield Farm,Week1,Brookfield ,Week4,209.0 Brookfield - 193.0 Hayfield Farm
Hayfield Farm,Week4,Hamlet,Week4,276.0 Hamlet - 126.0 Hayfield Farm
Hamlet,Week1,Parklawn,Week4,316.0 Hamlet - 82.0 Parklawn
Greenbriar,Week2,Lakevale Estates,Week1,210.0 Lakevale Estates - 192.0 Greenbriar
Hayfield Farm,Week2,Brookfield ,Week2,213.0 Hayfield Farm - 189.0 Brookfield
Hamlet,Week5,Cottontail,Week5,308.0 Hamlet - 94.0 Cottontail
Hayfield Farm,Week4,Brookfield ,Week3,229.0 Hayfield Farm - 173.0 Brookfield
Hayfield Farm,Week5,Brookfield ,Week3,223.0 Hayfield Farm - 179.0 Brookfield
Hamlet,Week4,Cottontail,Week4,310.0 Hamlet - 92.0 Cottontail
Hamlet,Week5,Overlee,Week3,241.0 Overlee - 161.0 Hamlet
Greenbriar,Week1,Lakevale Estates,Week2,246.0 Lakevale Estates - 156.0 Greenbriar
Hamlet,Week2,Highlands Swim,Week1,215.0 Highlands Swim - 187.0 Hamlet
Hayfield Farm,Week1,Herndon,Week1,302.0 Hayfield Farm - 100.0 Herndon
Hayfield Farm,Week5,Herndon,Week2,319.0 Hayfield Farm - 83.0 Herndon
Hamlet,Week4,Cottontail,Week3,304.0 Hamlet - 98.0 Cottontail
Hamlet,Week2,Cottontail,Week5,307.0 Hamlet - 95.0 Cottontail
Greenbriar,Week5,Lake Braddock,Week5,290.0 Greenbriar - 112.0 Lake Braddock
Hayfield Farm,Week4,Brookfield ,Week4,203.0 Brookfield - 199.0 Hayfield Farm
Hamlet,Week4,Highland Park,Week1,262.0 Hamlet - 140.0 Highland Park
Hayfield Farm,Week4,Brookfield ,Week2,207.0 Hayfield Farm - 195.0 Brookfield
Hamlet,Week3,Arlington Forest,Week2,309.0 Hamlet - 93.0 Arlington Forest
Hamlet,Week4,Cottontail,Week1,295.0 Hamlet - 107.0 Cottontail
Hayfield Farm,Week4,Hayfield Farm,Week2,214.0 Hayfield Farm (HF1) - 188.0 Hayfield Farm (HF2)
Greenbriar,Week1,Somerset-Olde Creek,Week2,330.0 Greenbriar - 72.0 Somerset-Olde Creek
Hamlet,Week1,Country Club Hills,Week3,318.0 Hamlet - 84.0 Country Club Hills
Hamlet,Week4,Arlington Forest,Week4,256.0 Hamlet - 146.0 Arlington Forest
Hamlet,Week1,Parklawn,Week3,334.0 Hamlet - 64.0 Parklawn
Greenbriar,Week1,Somerset-Olde Creek,Week1,327.0 Greenbriar - 75.0 Somerset-Olde Creek
Hamlet,Week4,Overlee,Week4,336.0 Overlee - 66.0 Hamlet
Hamlet,Week1,Parklawn,Week2,326.0 Hamlet - 72.0 Parklawn
Hamlet,Week1,Country Club Hills,Week1,308.0 Hamlet - 94.0 Country Club Hills
Greenbriar,Week2,Somerset-Olde Creek,Week4,324.0 Greenbriar - 78.0 Somerset-Olde Creek
Hamlet,Week4,Arlington Forest,Week1,293.5 Hamlet - 108.5 Arlington Forest
Hayfield Farm,Week3,Hayfield Farm,Week5,248.0 Hayfield Farm (HF1) - 154.0 Hayfield Farm (HF2)
Hayfield Farm,Week3,Hayfield Farm,Week4,225.0 Hayfield Farm (HF1) - 177.0 Hayfield Farm (HF2)
Hamlet,Week5,Overlee,Week2,257.0 Overlee - 145.0 Hamlet
Hayfield Farm,Week3,Brookfield ,Week5,237.0 Hayfield Farm - 165.0 Brookfield
Hamlet,Week1,Brandywine,Week1,270.0 Hamlet - 132.0 Brandywine
Hamlet,Week1,Highlands Swim,Week4,243.0 Highlands Swim - 159.0 Hamlet
Hamlet,Week5,Arlington Forest,Week4,298.0 Hamlet - 104.0 Arlington Forest
Greenbriar,Week3,Somerset-Olde Creek,Week1,323.0 Greenbriar - 78.0 Somerset-Olde Creek
Hayfield Farm,Week2,Herndon,Week5,327.0 Hayfield Farm - 75.0 Herndon
Hamlet,Week4,Arlington Forest,Week3,308.0 Hamlet - 94.0 Arlington Forest
Greenbriar,Week2,Somerset-Olde Creek,Week2,343.0 Greenbriar - 59.0 Somerset-Olde Creek
Hamlet,Week4,Overlee,Week1,278.0 Overlee - 124.0 Hamlet
Hayfield Farm,Week4,Hayfield Farm,Week1,213.0 Hayfield Farm (HF1) - 189.0 Hayfield Farm (HF2)
Hayfield Farm,Week5,Brookfield ,Week2,216.0 Hayfield Farm - 186.0 Brookfield
Greenbriar,Week3,Somerset-Olde Creek,Week4,321.0 Greenbriar - 81.0 Somerset-Olde Creek
Hayfield Farm,Week3,Brookfield ,Week4,218.0 Hayfield Farm - 184.0 Brookfield
Hamlet,Week2,Parklawn,Week5,343.0 Hamlet - 59.0 Parklawn
Hamlet,Week3,Cottontail,Week4,317.0 Hamlet - 85.0 Cottontail
Hamlet,Week4,Highland Park,Week3,277.0 Hamlet - 125.0 Highland Park
Greenbriar,Week3,Somerset-Olde Creek,Week5,309.0 Greenbriar - 92.0 Somerset-Olde Creek
Greenbriar,Week3,Somerset-Olde Creek,Week3,331.0 Greenbriar - 70.0 Somerset-Olde Creek
Hamlet,Week3,Overlee,Week4,321.0 Overlee - 81.0 Hamlet
Hamlet,Week5,Arlington Forest,Week2,328.0 Hamlet - 74.0 Arlington Forest
Hayfield Farm,Week5,Herndon,Week1,319.0 Hayfield Farm - 83.0 Herndon
Hayfield Farm,Week5,Brookfield ,Week5,212.0 Hayfield Farm - 190.0 Brookfield
Hayfield Farm,Week1,Herndon,Week5,315.0 Hayfield Farm - 87.0 Herndon
Hamlet,Week3,Highland Park,Week5,284.0 Hamlet - 118.0 Highland Park
Hamlet,Week4,Overlee,Week3,275.0 Overlee - 127.0 Hamlet
Hayfield Farm,Week5,Brookfield ,Week1,207.0 Brookfield - 195.0 Hayfield Farm
Hamlet,Week5,Highland Park,Week4,306.0 Hamlet - 96.0 Highland Park
Hamlet,Week4,Cottontail,Week2,311.0 Hamlet - 91.0 Cottontail
Hamlet,Week5,Arlington Forest,Week5,266.0 Hamlet - 136.0 Arlington Forest
Greenbriar,Week4,Somerset-Olde Creek,Week2,330.0 Greenbriar - 72.0 Somerset-Olde Creek
Hamlet,Week5,Cottontail,Week2,337.0 Hamlet - 65.0 Cottontail
Hayfield Farm,Week3,Herndon,Week2,321.0 Hayfield Farm - 80.0 Herndon
Greenbriar,Week4,Somerset-Olde Creek,Week1,314.0 Greenbriar - 88.0 Somerset-Olde Creek
Hamlet,Week5,Arlington Forest,Week3,322.0 Hamlet - 80.0 Arlington Forest
Hamlet,Week5,Cottontail,Week1,318.0 Hamlet - 84.0 Cottontail
Hayfield Farm,Week1,Broyhill Crest,Week4,338.0 Hayfield Farm - 64.0 Broyhill Crest
Hamlet,Week5,Cottontail,Week3,337.0 Hamlet - 65.0 Cottontail
Greenbriar,Week5,Sleepy Hollow Rec,Week5,251.0 Greenbriar - 151.0 Sleepy Hollow Rec
Hayfield Farm,Week1,Broyhill Crest,Week2,345.0 Hayfield Farm - 57.0 Broyhill Crest
Hamlet,Week2,Highland Park,Week4,296.0 Hamlet - 106.0 Highland Park
Hamlet,Week2,Arlington Forest,Week3,320.0 Hamlet - 82.0 Arlington Forest
Hamlet,Week1,Highlands Swim,Week2,255.0 Highlands Swim - 147.0 Hamlet
Hamlet,Week3,Crosspointe,Week1,210.0 Hamlet - 192.0 Crosspointe
Hamlet,Week1,Parklawn,Week1,338.0 Hamlet - 55.0 Parklawn
Hamlet,Week3,Parklawn,Week4,326.0 Hamlet - 75.0 Parklawn
Hayfield Farm,Week2,Herndon,Week4,323.0 Hayfield Farm - 79.0 Herndon
Hayfield Farm,Week1,Broyhill Crest,Week3,354.0 Hayfield Farm - 48.0 Broyhill Crest
Hamlet,Week2,Arlington Forest,Week1,317.0 Hamlet - 85.0 Arlington Forest
Hayfield Farm,Week5,Hayfield Farm,Week5,201.0 Hayfield Farm (HF1) - 201.0 Hayfield Farm (HF2)
Hamlet,Week3,Parklawn,Week5,330.0 Hamlet - 71.0 Parklawn
Hamlet,Week1,Crosspointe,Week3,208.0 Hamlet - 189.0 Crosspointe
Hamlet,Week5,Overlee,Week4,292.0 Overlee - 110.0 Hamlet
Hamlet,Week5,Highland Park,Week1,292.0 Hamlet - 110.0 Highland Park
Hamlet,Week4,Country Club Hills,Week5,281.0 Hamlet - 121.0 Country Club Hills
Hayfield Farm,Week4,Hayfield Farm,Week5,214.5 Hayfield Farm (HF1) - 187.5 Hayfield Farm (HF2)
Hamlet,Week1,Brandywine,Week4,251.0 Hamlet - 151.0 Brandywine
Hamlet,Week5,Country Club Hills,Week1,333.5 Hamlet - 68.5 Country Club Hills
Hayfield Farm,Week1,Herndon,Week4,308.0 Hayfield Farm - 94.0 Herndon
Greenbriar,Week4,Somerset-Olde Creek,Week3,327.0 Greenbriar - 75.0 Somerset-Olde Creek
Hamlet,Week4,Arlington Forest,Week2,290.0 Hamlet - 112.0 Arlington Forest
Greenbriar,Week4,Somerset-Olde Creek,Week4,304.0 Greenbriar - 98.0 Somerset-Olde Creek
Hamlet,Week3,Arlington Forest,Week5,263.0 Hamlet - 139.0 Arlington Forest
Greenbriar,Week4,Somerset-Olde Creek,Week5,296.0 Greenbriar - 106.0 Somerset-Olde Creek
Hamlet,Week4,Highlands Swim,Week1,227.0 Highlands Swim - 175.0 Hamlet
Hayfield Farm,Week1,Broyhill Crest,Week5,329.0 Hayfield Farm - 73.0 Broyhill Crest
Hamlet,Week4,Highlands Swim,Week3,239.0 Highlands Swim - 163.0 Hamlet
Greenbriar,Week1,Somerset-Olde Creek,Week4,314.0 Greenbriar - 88.0 Somerset-Olde Creek
Hayfield Farm,Week2,Broyhill Crest,Week1,355.0 Hayfield Farm - 47.0 Broyhill Crest
Hayfield Farm,Week1,Herndon,Week2,302.0 Hayfield Farm - 100.0 Herndon
Hamlet,Week3,Overlee,Week5,308.0 Overlee - 94.0 Hamlet
Hamlet,Week5,Arlington Forest,Week1,326.0 Hamlet - 76.0 Arlington Forest
Hayfield Farm,Week5,Hayfield Farm,Week3,248.0 Hayfield Farm (HF2) - 154.0 Hayfield Farm (HF1)
Hamlet,Week4,Parklawn,Week1,334.0 Hamlet - 59.0 Parklawn
Hayfield Farm,Week2,Broyhill Crest,Week4,354.0 Hayfield Farm - 48.0 Broyhill Crest
Hayfield Farm,Week4,Herndon,Week1,324.0 Hayfield Farm - 78.0 Herndon
Hamlet,Week3,Parklawn,Week3,346.0 Hamlet - 55.0 Parklawn
Hamlet,Week4,Country Club Hills,Week3,306.0 Hamlet - 96.0 Country Club Hills
Greenbriar,Week5,Somerset-Olde Creek,Week2,340.0 Greenbriar - 61.0 Somerset-Olde Creek
Hamlet,Week3,Arlington Forest,Week3,316.0 Hamlet - 86.0 Arlington Forest
Hamlet,Week2,Crosspointe,Week5,201.0 Crosspointe - 201.0 Hamlet
Greenbriar,Week2,Somerset-Olde Creek,Week1,328.0 Greenbriar - 74.0 Somerset-Olde Creek
Hayfield Farm,Week2,Broyhill Crest,Week3,371.0 Hayfield Farm - 31.0 Broyhill Crest
Hamlet,Week5,Crosspointe,Week1,227.0 Hamlet - 175.0 Crosspointe
Greenbriar,Week5,Somerset-Olde Creek,Week1,315.0 Greenbriar - 86.0 Somerset-Olde Creek
Hamlet,Week2,Crosspointe,Week2,243.0 Hamlet - 159.0 Crosspointe
Hayfield Farm,Week5,Hayfield Farm,Week4,214.5 Hayfield Farm (HF2) - 187.5 Hayfield Farm (HF1)
Hamlet,Week2,Highland Park,Week3,291.0 Hamlet - 111.0 Highland Park
Hamlet,Week3,Highland Park,Week3,294.0 Hamlet - 108.0 Highland Park
Hayfield Farm,Week4,Herndon,Week4,332.0 Hayfield Farm - 70.0 Herndon
Hamlet,Week1,Crosspointe,Week5,214.0 Crosspointe - 188.0 Hamlet
Hamlet,Week5,Highland Park,Week3,317.0 Hamlet - 85.0 Highland Park
Hayfield Farm,Week4,Hayfield Farm,Week4,201.0 Hayfield Farm (HF1) - 201.0 Hayfield Farm (HF2)
Hamlet,Week1,Parklawn,Week5,325.0 Hamlet - 73.0 Parklawn
Hamlet,Week3,Highlands Swim,Week4,225.0 Highlands Swim - 177.0 Hamlet
Greenbriar,Week5,Somerset-Olde Creek,Week4,315.0 Greenbriar - 87.0 Somerset-Olde Creek
Hayfield Farm,Week2,Broyhill Crest,Week5,351.0 Hayfield Farm - 51.0 Broyhill Crest
Greenbriar,Week2,Somerset-Olde Creek,Week3,338.0 Greenbriar - 64.0 Somerset-Olde Creek
Hamlet,Week2,Highland Park,Week2,301.0 Hamlet - 101.0 Highland Park
Hamlet,Week3,Arlington Forest,Week4,272.5 Hamlet - 129.5 Arlington Forest
Hamlet,Week2,Parklawn,Week2,339.0 Hamlet - 63.0 Parklawn
Hamlet,Week2,Crosspointe,Week3,236.0 Hamlet - 166.0 Crosspointe
Hayfield Farm,Week3,Herndon,Week4,320.0 Hayfield Farm - 82.0 Herndon
Greenbriar,Week2,Somerset-Olde Creek,Week5,321.0 Greenbriar - 81.0 Somerset-Olde Creek
Hamlet,Week1,Brandywine,Week5,221.0 Hamlet - 181.0 Brandywine
Hamlet,Week1,Brandywine,Week2,269.0 Hamlet - 133.0 Brandywine
Hamlet,Week3,Highland Park,Week2,294.0 Hamlet - 108.0 Highland Park
Hamlet,Week4,Parklawn,Week2,328.0 Hamlet - 74.0 Parklawn
Hayfield Farm,Week3,Broyhill Crest,Week1,343.0 Hayfield Farm - 55.0 Broyhill Crest
Hamlet,Week2,Parklawn,Week4,337.0 Hamlet - 65.0 Parklawn
Hamlet,Week4,Arlington Forest,Week5,236.0 Hamlet - 166.0 Arlington Forest
Hayfield Farm,Week3,Broyhill Crest,Week2,359.0 Hayfield Farm - 42.0 Broyhill Crest
Hayfield Farm,Week2,Broyhill Crest,Week2,361.0 Hayfield Farm - 41.0 Broyhill Crest
Hamlet,Week2,Arlington Forest,Week2,314.0 Hamlet - 88.0 Arlington Forest
Hamlet,Week2,Arlington Forest,Week4,271.0 Hamlet - 131.0 Arlington Forest
Hamlet,Week5,Parklawn,Week3,355.0 Hamlet - 47.0 Parklawn
Hamlet,Week2,Brandywine,Week1,292.0 Hamlet - 110.0 Brandywine
Hayfield Farm,Week3,Herndon,Week1,320.0 Hayfield Farm - 81.0 Herndon
Hamlet,Week3,Country Club Hills,Week3,323.0 Hamlet - 79.0 Country Club Hills
Hamlet,Week4,Highland Park,Week4,267.0 Hamlet - 135.0 Highland Park
Greenbriar,Week1,South Run,Week2,252.0 Greenbriar - 150.0 South Run
Hayfield Farm,Week1,Herndon,Week3,307.0 Hayfield Farm - 95.0 Herndon
Hamlet,Week1,Brandywine,Week3,252.0 Hamlet - 145.0 Brandywine
Greenbriar,Week1,South Run,Week3,239.5 Greenbriar - 162.5 South Run
Hayfield Farm,Week5,Hayfield Farm,Week2,211.0 Hayfield Farm (HF2) - 191.0 Hayfield Farm (HF1)
Hamlet,Week5,Country Club Hills,Week5,312.0 Hamlet - 90.0 Country Club Hills
Hamlet,Week5,Highland Park,Week2,309.0 Hamlet - 93.0 Highland Park
Hamlet,Week4,Parklawn,Week5,321.0 Hamlet - 81.0 Parklawn
Hamlet,Week4,Highland Park,Week5,276.0 Hamlet - 126.0 Highland Park
Greenbriar,Week1,South Run,Week1,214.0 Greenbriar - 179.0 South Run
Hamlet,Week5,Parklawn,Week4,356.0 Hamlet - 46.0 Parklawn
Hamlet,Week1,Crosspointe,Week2,226.0 Hamlet - 176.0 Crosspointe
Hayfield Farm,Week2,Herndon,Week3,329.0 Hayfield Farm - 73.0 Herndon
Hamlet,Week3,Country Club Hills,Week2,324.0 Hamlet - 78.0 Country Club Hills
Hamlet,Week5,Parklawn,Week2,346.0 Hamlet - 56.0 Parklawn
Hamlet,Week3,Highland Park,Week4,285.0 Hamlet - 117.0 Highland Park
Hamlet,Week3,Highland Park,Week1,268.0 Hamlet - 134.0 Highland Park
Hamlet,Week1,Highlands Swim,Week3,243.0 Highlands Swim - 159.0 Hamlet
Hamlet,Week4,Highland Park,Week2,288.0 Hamlet - 114.0 Highland Park
Hayfield Farm,Week2,Herndon,Week2,317.0 Hayfield Farm - 85.0 Herndon
Hamlet,Week2,Bren Mar-Edsall Park,Week4,386.0 Hamlet - 16.0 Bren Mar-Edsall Park
Hamlet,Week5,Brandywine,Week3,284.5 Hamlet - 117.5 Brandywine
Hamlet,Week1,Bren Mar-Edsall Park,Week2,376.0 Hamlet - 25.0 Bren Mar-Edsall Park
Hayfield Farm,Week4,Herndon,Week2,329.0 Hayfield Farm - 73.0 Herndon
Hamlet,Week1,Parliament,Week5,279.0 Hamlet - 122.0 Parliament
Hayfield Farm,Week5,Hayfield Farm,Week1,214.0 Hayfield Farm (HF1) - 188.0 Hayfield Farm (HF2)
Greenbriar,Week1,South Run,Week4,253.5 Greenbriar - 148.5 South Run
Hamlet,Week1,Highlands Swim,Week1,232.0 Highlands Swim - 170.0 Hamlet
Hamlet,Week4,Parliament,Week2,295.0 Hamlet - 106.0 Parliament
Hamlet,Week3,Country Club Hills,Week5,303.0 Hamlet - 99.0 Country Club Hills
Greenbriar,Week1,South Run,Week5,217.0 Greenbriar - 185.0 South Run
Hamlet,Week3,Country Club Hills,Week4,317.0 Hamlet - 85.0 Country Club Hills
Hamlet,Week5,Parliament,Week1,275.5 Hamlet - 126.5 Parliament
Hamlet,Week5,Highland Park,Week5,299.0 Hamlet - 103.0 Highland Park
Hamlet,Week3,Parliament,Week3,298.5 Hamlet - 103.5 Parliament
Hamlet,Week3,Brandywine,Week3,272.0 Hamlet - 130.0 Brandywine
Greenbriar,Week2,South Run,Week1,237.0 Greenbriar - 156.0 South Run
Hamlet,Week5,Country Club Hills,Week4,326.0 Hamlet - 76.0 Country Club Hills
Greenbriar,Week2,South Run,Week2,250.0 Greenbriar - 151.0 South Run
Hamlet,Week4,Brandywine,Week1,276.0 Hamlet - 126.0 Brandywine
Hamlet,Week4,Parliament,Week3,282.0 Hamlet - 119.0 Parliament
Hayfield Farm,Week3,Herndon,Week5,321.0 Hayfield Farm - 81.0 Herndon
Hamlet,Week2,Highland Park,Week5,295.0 Hamlet - 107.0 Highland Park
Hamlet,Week4,Country Club Hills,Week4,308.0 Hamlet - 94.0 Country Club Hills
Greenbriar,Week2,South Run,Week4,257.0 Greenbriar - 144.0 South Run
Hamlet,Week1,Parliament,Week1,265.0 Hamlet - 136.0 Parliament
Hamlet,Week3,Brandywine,Week5,252.0 Hamlet - 150.0 Brandywine
Hayfield Farm,Week2,Herndon,Week1,319.0 Hayfield Farm - 83.0 Herndon
Greenbriar,Week2,South Run,Week3,240.0 Greenbriar - 162.0 South Run
Hamlet,Week5,Country Club Hills,Week3,332.0 Hamlet - 70.0 Country Club Hills
Hayfield Farm,Week3,Herndon,Week3,327.0 Hayfield Farm - 75.0 Herndon
Hamlet,Week2,Highlands Swim,Week4,224.0 Highlands Swim - 178.0 Hamlet
Greenbriar,Week1,Rolling Hills,Week1,238.0 Greenbriar - 164.0 Rolling Hills
Hayfield Farm,Week4,Herndon,Week5,338.0 Hayfield Farm - 64.0 Herndon
Hamlet,Week3,Parliament,Week2,308.0 Hamlet - 94.0 Parliament
Hamlet,Week1,Parliament,Week3,287.0 Hamlet - 115.0 Parliament
Hamlet,Week5,Brandywine,Week5,273.0 Hamlet - 129.0 Brandywine
Hayfield Farm,Week5,Hiddenbrook,Week1,250.0 Hayfield Farm - 152.0 Hiddenbrook
Hamlet,Week5,Parliament,Week5,306.5 Hamlet - 95.5 Parliament
Hayfield Farm,Week2,Hiddenbrook,Week3,239.0 Hayfield Farm - 163.0 Hiddenbrook
Hamlet,Week3,Highlands Swim,Week1,223.0 Highlands Swim - 179.0 Hamlet
Hamlet,Week2,Bren Mar-Edsall Park,Week1,390.0 Hamlet - 12.0 Bren Mar-Edsall Park
Hamlet,Week3,Brandywine,Week2,278.0 Hamlet - 124.0 Brandywine
Hamlet,Week4,Country Club Hills,Week2,313.0 Hamlet - 89.0 Country Club Hills
Hamlet,Week1,Highlands Swim,Week5,261.0 Highlands Swim - 141.0 Hamlet
Hayfield Farm,Week5,Herndon,Week3,320.0 Hayfield Farm - 82.0 Herndon
Hamlet,Week1,Crosspointe,Week1,202.0 Crosspointe - 200.0 Hamlet
Hamlet,Week2,Highlands Swim,Week5,247.0 Highlands Swim - 155.0 Hamlet
Hamlet,Week1,Bren Mar-Edsall Park,Week3,374.0 Hamlet - 28.0 Bren Mar-Edsall Park
Hamlet,Week5,Country Club Hills,Week2,332.0 Hamlet - 70.0 Country Club Hills
Hayfield Farm,Week2,Hiddenbrook,Week2,277.0 Hayfield Farm - 125.0 Hiddenbrook
Greenbriar,Week2,South Run,Week5,240.0 Greenbriar - 162.0 South Run
Greenbriar,Week3,South Run,Week1,229.0 Greenbriar - 164.0 South Run
Greenbriar,Week1,Rolling Hills,Week5,242.0 Greenbriar - 160.0 Rolling Hills
Hamlet,Week1,Crosspointe,Week4,212.0 Hamlet - 190.0 Crosspointe
Hamlet,Week2,Crosspointe,Week1,222.0 Hamlet - 180.0 Crosspointe
Hamlet,Week4,Country Club Hills,Week1,309.0 Hamlet - 93.0 Country Club Hills
Hamlet,Week3,Highlands Swim,Week2,240.0 Highlands Swim - 162.0 Hamlet
Hamlet,Week4,Parliament,Week5,275.0 Hamlet - 126.0 Parliament
Hamlet,Week5,Parliament,Week4,318.0 Hamlet - 84.0 Parliament
Hamlet,Week2,Highlands Swim,Week3,221.0 Highlands Swim - 181.0 Hamlet
Greenbriar,Week5,Somerset-Olde Creek,Week5,309.0 Greenbriar - 92.0 Somerset-Olde Creek
Hamlet,Week3,Country Club Hills,Week1,322.0 Hamlet - 80.0 Country Club Hills
Hamlet,Week5,Brandywine,Week4,289.0 Hamlet - 113.0 Brandywine
Greenbriar,Week3,South Run,Week2,247.0 Greenbriar - 155.0 South Run
Hayfield Farm,Week5,Herndon,Week4,328.0 Hayfield Farm - 74.0 Herndon
Hamlet,Week2,Highlands Swim,Week2,237.0 Highlands Swim - 165.0 Hamlet
Hamlet,Week3,Parliament,Week5,292.0 Hamlet - 110.0 Parliament
Hayfield Farm,Week4,Herndon,Week3,330.0 Hayfield Farm - 72.0 Herndon
Hamlet,Week2,Brandywine,Week4,271.0 Hamlet - 131.0 Brandywine
Hamlet,Week5,Parliament,Week3,314.0 Hamlet - 88.0 Parliament
Hamlet,Week2,Brandywine,Week3,278.0 Hamlet - 124.0 Brandywine
Greenbriar,Week3,South Run,Week3,244.0 Greenbriar - 158.0 South Run
Hamlet,Week4,Brandywine,Week3,253.0 Hamlet - 149.0 Brandywine
Hamlet,Week2,Crosspointe,Week4,230.0 Hamlet - 172.0 Crosspointe
Hamlet,Week3,Crosspointe,Week2,238.0 Hamlet - 164.0 Crosspointe
Hayfield Farm,Week3,Hiddenbrook,Week3,252.0 Hayfield Farm - 150.0 Hiddenbrook
Hayfield Farm,Week4,Hiddenbrook,Week2,277.0 Hayfield Farm - 125.0 Hiddenbrook
Hamlet,Week3,Crosspointe,Week3,232.5 Hamlet - 169.5 Crosspointe
Hamlet,Week5,Brandywine,Week2,292.0 Hamlet - 110.0 Brandywine
Hamlet,Week2,Parliament,Week5,303.0 Hamlet - 99.0 Parliament
Greenbriar,Week1,Rolling Valley,Week2,296.0 Greenbriar - 106.0 Rolling Valley
Hamlet,Week2,Parliament,Week4,308.0 Hamlet - 94.0 Parliament
Greenbriar,Week5,Rolling Forest,Week5,224.0 Greenbriar - 178.0 Rolling Forest
Hamlet,Week2,Parliament,Week3,307.5 Hamlet - 94.5 Parliament
Greenbriar,Week2,Rolling Hills,Week2,258.0 Greenbriar - 144.0 Rolling Hills
Hamlet,Week4,Parliament,Week1,254.0 Hamlet - 147.0 Parliament
Hamlet,Week4,Hollin Hills,Week4,361.0 Hamlet - 37.0 Hollin Hills
Hamlet,Week3,Crosspointe,Week4,234.0 Hamlet - 168.0 Crosspointe
Greenbriar,Week1,Rolling Hills,Week4,250.0 Greenbriar - 151.0 Rolling Hills
Hamlet,Week2,Brandywine,Week2,285.0 Hamlet - 117.0 Brandywine
Hamlet,Week3,Highlands Swim,Week3,233.0 Highlands Swim - 169.0 Hamlet
Hamlet,Week4,Highlands Swim,Week2,254.0 Highlands Swim - 148.0 Hamlet
Hamlet,Week4,Brandywine,Week2,262.0 Hamlet - 140.0 Brandywine
Hayfield Farm,Week1,Hiddenbrook,Week5,219.0 Hayfield Farm - 183.0 Hiddenbrook
Hamlet,Week3,Highlands Swim,Week5,246.0 Highlands Swim - 156.0 Hamlet
Hamlet,Week4,Crosspointe,Week2,214.5 Hamlet - 187.5 Crosspointe
Hamlet,Week4,Crosspointe,Week1,202.0 Crosspointe - 200.0 Hamlet
Hamlet,Week1,Pinecrest,Week2,211.0 Hamlet - 191.0 Pinecrest
Hayfield Farm,Week4,Hiddenbrook,Week1,260.0 Hayfield Farm - 142.0 Hiddenbrook
Hayfield Farm,Week1,High Point Pool,Week2,251.0 High Point Pool - 151.0 Hayfield Farm
Hamlet,Week3,Crosspointe,Week5,210.0 Hamlet - 192.0 Crosspointe
Hamlet,Week5,Parliament,Week2,315.0 Hamlet - 87.0 Parliament
Hayfield Farm,Week1,High Point Pool,Week5,264.5 High Point Pool - 137.5 Hayfield Farm
Hamlet,Week2,Bren Mar-Edsall Park,Week2,385.0 Hamlet - 17.0 Bren Mar-Edsall Park
Hamlet,Week3,Brandywine,Week1,289.0 Hamlet - 113.0 Brandywine
Hamlet,Week1,Pinecrest,Week1,207.0 Hamlet - 195.0 Pinecrest
Greenbriar,Week1,Rolling Hills,Week2,239.0 Greenbriar - 163.0 Rolling Hills
Hamlet,Week4,Brandywine,Week4,260.0 Hamlet - 142.0 Brandywine
Hayfield Farm,Week1,Hiddenbrook,Week4,238.0 Hayfield Farm - 164.0 Hiddenbrook
Hamlet,Week3,Parliament,Week4,310.0 Hamlet - 92.0 Parliament
Hamlet,Week2,Hollin Hills,Week3,365.0 Hamlet - 37.0 Hollin Hills
Greenbriar,Week2,Rolling Hills,Week3,262.5 Greenbriar - 139.5 Rolling Hills
Hamlet,Week4,Parliament,Week4,289.0 Hamlet - 113.0 Parliament
Greenbriar,Week5,Rolling Forest,Week4,248.0 Greenbriar - 154.0 Rolling Forest
Hamlet,Week3,Brandywine,Week4,288.0 Hamlet - 114.0 Brandywine
Hamlet,Week3,Parliament,Week1,277.0 Hamlet - 125.0 Parliament
Greenbriar,Week3,Rolling Hills,Week1,247.0 Greenbriar - 155.0 Rolling Hills
Hamlet,Week4,Hollin Hills,Week5,350.0 Hamlet - 51.0 Hollin Hills
Hamlet,Week2,Hollin Hills,Week2,355.0 Hamlet - 47.0 Hollin Hills
Greenbriar,Week3,Rolling Hills,Week3,264.0 Greenbriar - 138.0 Rolling Hills
Hamlet,Week4,Highlands Swim,Week4,248.0 Highlands Swim - 154.0 Hamlet
Hamlet,Week4,Crosspointe,Week4,209.0 Hamlet - 193.0 Crosspointe
Greenbriar,Week1,Rolling Hills,Week3,256.0 Greenbriar - 146.0 Rolling Hills
Hamlet,Week4,Hollin Hills,Week1,351.0 Hamlet - 50.0 Hollin Hills
Hamlet,Week1,Hollin Hills,Week5,343.0 Hamlet - 58.0 Hollin Hills
Hamlet,Week4,Crosspointe,Week3,209.0 Hamlet - 193.0 Crosspointe
Hayfield Farm,Week3,High Point Pool,Week1,212.0 High Point Pool - 190.0 Hayfield Farm
Hamlet,Week4,Crosspointe,Week5,216.0 Crosspointe - 186.0 Hamlet
Hayfield Farm,Week1,Hiddenbrook,Week1,264.5 Hayfield Farm - 137.5 Hiddenbrook
Hamlet,Week2,Brandywine,Week5,270.0 Hamlet - 132.0 Brandywine
Hamlet,Week1,Bren Mar-Edsall Park,Week1,377.0 Hamlet - 23.0 Bren Mar-Edsall Park
Hamlet,Week1,Parliament,Week2,304.0 Hamlet - 98.0 Parliament
Hamlet,Week2,Parliament,Week1,286.0 Hamlet - 116.0 Parliament
Hamlet,Week1,Daventry,Week5,343.0 Hamlet - 58.0 Daventry
Hamlet,Week4,Pinecrest,Week1,215.0 Hamlet - 187.0 Pinecrest
Greenbriar,Week3,Rolling Hills,Week4,256.0 Greenbriar - 146.0 Rolling Hills
Hamlet,Week4,Brandywine,Week5,236.0 Hamlet - 166.0 Brandywine
Hayfield Farm,Week4,Hiddenbrook,Week4,239.0 Hayfield Farm - 163.0 Hiddenbrook
Greenbriar,Week4,Rolling Hills,Week3,217.0 Greenbriar - 185.0 Rolling Hills
Hamlet,Week4,Highlands Swim,Week5,276.0 Highlands Swim - 126.0 Hamlet
Hayfield Farm,Week5,Herndon,Week5,333.0 Hayfield Farm - 69.0 Herndon
Hamlet,Week5,Highlands Swim,Week5,230.5 Highlands Swim - 171.5 Hamlet
Hamlet,Week3,Pinecrest,Week5,224.0 Hamlet - 178.0 Pinecrest
Hamlet,Week2,Hollin Hills,Week5,354.0 Hamlet - 48.0 Hollin Hills
Hayfield Farm,Week3,High Point Pool,Week4,233.0 High Point Pool - 169.0 Hayfield Farm
Greenbriar,Week4,Rolling Hills,Week1,216.0 Greenbriar - 186.0 Rolling Hills
Hamlet,Week3,Daventry,Week5,350.0 Hamlet - 51.0 Daventry
Hamlet,Week5,Pinecrest,Week2,223.0 Hamlet - 179.0 Pinecrest
Greenbriar,Week4,Rolling Hills,Week4,222.0 Greenbriar - 179.0 Rolling Hills
Hamlet,Week5,Brandywine,Week1,297.0 Hamlet - 105.0 Brandywine
Hamlet,Week2,Daventry,Week4,377.0 Hamlet - 25.0 Daventry
Greenbriar,Week4,Rolling Hills,Week5,241.0 Greenbriar - 161.0 Rolling Hills
Hayfield Farm,Week1,Hiddenbrook,Week3,240.0 Hayfield Farm - 162.0 Hiddenbrook
Hamlet,Week3,Hollin Hills,Week5,347.0 Hamlet - 54.0 Hollin Hills
Hamlet,Week2,Brookfield ,Week3,301.0 Hamlet - 101.0 Brookfield
Hamlet,Week5,Highlands Swim,Week4,208.0 Highlands Swim - 194.0 Hamlet
Hamlet,Week3,Daventry,Week2,361.0 Hamlet - 39.0 Daventry
Hamlet,Week2,Daventry,Week3,367.0 Hamlet - 35.0 Daventry
Hamlet,Week2,Parliament,Week2,321.0 Hamlet - 81.0 Parliament
Hamlet,Week1,Parliament,Week4,306.0 Hamlet - 96.0 Parliament
Hamlet,Week5,Highlands Swim,Week1,203.0 Highlands Swim - 199.0 Hamlet
Hamlet,Week1,Bren Mar-Edsall Park,Week5,371.0 Hamlet - 26.0 Bren Mar-Edsall Park
Hamlet,Week2,Bren Mar-Edsall Park,Week3,388.0 Hamlet - 14.0 Bren Mar-Edsall Park
Hayfield Farm,Week2,High Point Pool,Week3,244.0 High Point Pool - 158.0 Hayfield Farm
Hamlet,Week2,Daventry,Week1,364.0 Hamlet - 38.0 Daventry
Hamlet,Week3,Hollin Hills,Week4,365.0 Hamlet - 37.0 Hollin Hills
Hayfield Farm,Week1,High Point Pool,Week4,256.0 High Point Pool - 146.0 Hayfield Farm
Hamlet,Week1,Bren Mar-Edsall Park,Week4,372.0 Hamlet - 30.0 Bren Mar-Edsall Park
Hamlet,Week5,Crosspointe,Week3,233.0 Hamlet - 169.0 Crosspointe
Hayfield Farm,Week5,Hiddenbrook,Week5,203.0 Hayfield Farm - 199.0 Hiddenbrook
Greenbriar,Week4,Rolling Hills,Week2,225.0 Greenbriar - 177.0 Rolling Hills
Greenbriar,Week2,Rolling Hills,Week5,279.0 Greenbriar - 123.0 Rolling Hills
Greenbriar,Week3,Rolling Hills,Week2,256.0 Greenbriar - 146.0 Rolling Hills
Hayfield Farm,Week3,Hiddenbrook,Week2,281.0 Hayfield Farm - 116.0 Hiddenbrook
Hamlet,Week5,Crosspointe,Week4,239.0 Hamlet - 163.0 Crosspointe
Greenbriar,Week3,Rolling Hills,Week5,268.0 Greenbriar - 134.0 Rolling Hills
Hamlet,Week1,Hollin Hills,Week1,346.0 Hamlet - 56.0 Hollin Hills
Hayfield Farm,Week2,Hiddenbrook,Week1,255.0 Hayfield Farm - 147.0 Hiddenbrook
Hamlet,Week1,Brookfield ,Week3,298.0 Hamlet - 103.0 Brookfield
Hamlet,Week2,Pinewood Lake,Week3,392.0 Hamlet - 10.0 Pinewood Lake
Hamlet,Week1,Daventry,Week1,351.0 Hamlet - 51.0 Daventry
Hamlet,Week1,Hollin Hills,Week2,342.0 Hamlet - 54.0 Hollin Hills
Hamlet,Week4,Pinecrest,Week4,207.5 Pinecrest - 194.5 Hamlet
Hamlet,Week2,Hollin Hills,Week1,358.0 Hamlet - 44.0 Hollin Hills
Hamlet,Week3,Bren Mar-Edsall Park,Week1,385.0 Hamlet - 15.0 Bren Mar-Edsall Park
Hamlet,Week2,Pinecrest,Week3,219.0 Hamlet - 183.0 Pinecrest
Hayfield Farm,Week2,Hiddenbrook,Week4,246.0 Hayfield Farm - 156.0 Hiddenbrook
Hayfield Farm,Week1,Hiddenbrook,Week2,281.0 Hayfield Farm - 121.0 Hiddenbrook
Hamlet,Week5,Bren Mar-Edsall Park,Week4,391.0 Hamlet - 11.0 Bren Mar-Edsall Park
Greenbriar,Week5,Rolling Hills,Week1,242.0 Greenbriar - 160.0 Rolling Hills
Hamlet,Week5,Daventry,Week3,368.0 Hamlet - 34.0 Daventry
Greenbriar,Week2,Rolling Hills,Week4,259.0 Greenbriar - 143.0 Rolling Hills
Hamlet,Week2,Hollin Hills,Week4,364.5 Hamlet - 36.5 Hollin Hills
Hamlet,Week3,Bren Mar-Edsall Park,Week4,379.0 Hamlet - 23.0 Bren Mar-Edsall Park
Hamlet,Week5,Daventry,Week1,373.0 Hamlet - 29.0 Daventry
Hamlet,Week2,Daventry,Week5,362.0 Hamlet - 40.0 Daventry
Hamlet,Week2,Pinecrest,Week5,235.0 Hamlet - 167.0 Pinecrest
Hamlet,Week2,Pinecrest,Week4,221.0 Hamlet - 181.0 Pinecrest
Hamlet,Week3,Bren Mar-Edsall Park,Week2,380.0 Hamlet - 22.0 Bren Mar-Edsall Park
Greenbriar,Week2,Rolling Hills,Week1,253.0 Greenbriar - 149.0 Rolling Hills
Hamlet,Week5,Crosspointe,Week2,248.0 Hamlet - 154.0 Crosspointe
Hayfield Farm,Week4,Hiddenbrook,Week3,241.0 Hayfield Farm - 161.0 Hiddenbrook
Hamlet,Week2,Daventry,Week2,369.0 Hamlet - 33.0 Daventry
Hamlet,Week1,Daventry,Week2,353.5 Hamlet - 44.5 Daventry
Hayfield Farm,Week3,Hiddenbrook,Week5,237.0 Hayfield Farm - 165.0 Hiddenbrook
Hamlet,Week1,Hollin Hills,Week4,356.0 Hamlet - 45.0 Hollin Hills
Hamlet,Week5,Bren Mar-Edsall Park,Week3,386.0 Hamlet - 16.0 Bren Mar-Edsall Park
Greenbriar,Week5,Rolling Hills,Week3,258.0 Greenbriar - 143.0 Rolling Hills
Hamlet,Week3,Daventry,Week3,360.0 Hamlet - 41.0 Daventry
Hamlet,Week4,Pinecrest,Week3,202.0 Pinecrest - 200.0 Hamlet
Hayfield Farm,Week3,Hiddenbrook,Week4,249.0 Hayfield Farm - 153.0 Hiddenbrook
Greenbriar,Week5,Rolling Hills,Week2,248.0 Greenbriar - 154.0 Rolling Hills
Hamlet,Week3,Hollin Hills,Week1,349.0 Hamlet - 53.0 Hollin Hills
Hamlet,Week2,Bren Mar-Edsall Park,Week5,379.0 Hamlet - 23.0 Bren Mar-Edsall Park
Hamlet,Week5,Crosspointe,Week5,219.0 Hamlet - 183.0 Crosspointe
Hamlet,Week5,Highlands Swim,Week2,216.0 Highlands Swim - 186.0 Hamlet
Hamlet,Week3,Hollin Hills,Week2,351.0 Hamlet - 51.0 Hollin Hills
Hamlet,Week1,Pinecrest,Week4,206.0 Hamlet - 196.0 Pinecrest
Greenbriar,Week1,Rolling Valley,Week1,330.0 Greenbriar - 72.0 Rolling Valley
Hamlet,Week3,Pinecrest,Week1,228.0 Hamlet - 174.0 Pinecrest
Greenbriar,Week5,Rolling Hills,Week4,251.0 Greenbriar - 151.0 Rolling Hills
Hayfield Farm,Week3,Hiddenbrook,Week1,264.0 Hayfield Farm - 138.0 Hiddenbrook
Hamlet,Week1,Pinecrest,Week3,202.0 Hamlet - 200.0 Pinecrest
Hamlet,Week1,Hollin Hills,Week3,349.0 Hamlet - 53.0 Hollin Hills
Hamlet,Week4,Bren Mar-Edsall Park,Week3,371.0 Hamlet - 31.0 Bren Mar-Edsall Park
Hayfield Farm,Week4,Hiddenbrook,Week5,226.0 Hayfield Farm - 176.0 Hiddenbrook
Greenbriar,Week5,Rolling Hills,Week5,262.0 Greenbriar - 140.0 Rolling Hills
Hamlet,Week5,Bren Mar-Edsall Park,Week5,385.0 Hamlet - 17.0 Bren Mar-Edsall Park
Hayfield Farm,Week2,Hiddenbrook,Week5,218.0 Hayfield Farm - 184.0 Hiddenbrook
Hamlet,Week1,Brookfield ,Week2,294.0 Hamlet - 108.0 Brookfield
Hamlet,Week1,Pinecrest,Week5,216.0 Hamlet - 185.0 Pinecrest
Hamlet,Week4,Pinecrest,Week2,205.0 Hamlet - 197.0 Pinecrest
Greenbriar,Week5,Rolling Valley,Week5,292.0 Greenbriar - 110.0 Rolling Valley
Hamlet,Week4,Bren Mar-Edsall Park,Week5,362.0 Hamlet - 39.0 Bren Mar-Edsall Park
Hamlet,Week5,Bren Mar-Edsall Park,Week2,388.0 Hamlet - 14.0 Bren Mar-Edsall Park
Hamlet,Week5,Highlands Swim,Week3,204.0 Highlands Swim - 198.0 Hamlet
Hayfield Farm,Week1,High Point Pool,Week3,236.0 High Point Pool - 166.0 Hayfield Farm
Greenbriar,Week4,Rolling Valley,Week2,287.0 Greenbriar - 115.0 Rolling Valley
Greenbriar,Week2,Rolling Valley,Week3,311.0 Greenbriar - 91.0 Rolling Valley
Greenbriar,Week2,Rutherford,Week4,268.0 Greenbriar - 134.0 Rutherford
Hamlet,Week4,Pinecrest,Week5,205.5 Hamlet - 196.5 Pinecrest
Hayfield Farm,Week2,High Point Pool,Week1,242.0 High Point Pool - 160.0 Hayfield Farm
Hayfield Farm,Week1,High Point Pool,Week1,242.5 High Point Pool - 159.5 Hayfield Farm
Greenbriar,Week3,Rolling Valley,Week5,300.0 Greenbriar - 102.0 Rolling Valley
Hayfield Farm,Week5,Hiddenbrook,Week3,231.0 Hayfield Farm - 171.0 Hiddenbrook
Hamlet,Week3,Bren Mar-Edsall Park,Week5,376.5 Hamlet - 24.5 Bren Mar-Edsall Park
Hamlet,Week3,Hollin Hills,Week3,364.0 Hamlet - 38.0 Hollin Hills
Greenbriar,Week5,Rolling Valley,Week2,298.0 Greenbriar - 104.0 Rolling Valley
Hayfield Farm,Week5,Hiddenbrook,Week2,270.0 Hayfield Farm - 132.0 Hiddenbrook
Hamlet,Week5,Hollin Hills,Week5,362.0 Hamlet - 40.0 Hollin Hills
Hamlet,Week4,Daventry,Week5,343.0 Hamlet - 58.0 Daventry
Hamlet,Week2,Pinecrest,Week2,225.0 Hamlet - 177.0 Pinecrest
Hamlet,Week3,Pinecrest,Week2,206.0 Hamlet - 196.0 Pinecrest
Hamlet,Week5,Bren Mar-Edsall Park,Week1,389.0 Hamlet - 13.0 Bren Mar-Edsall Park
Hamlet,Week1,Pinewood Lake,Week1,370.0 Hamlet - 25.0 Pinewood Lake
Hamlet,Week4,Hollin Hills,Week2,349.0 Hamlet - 53.0 Hollin Hills
Hamlet,Week2,Brookfield ,Week2,300.0 Hamlet - 102.0 Brookfield
Hamlet,Week4,Daventry,Week3,354.0 Hamlet - 48.0 Daventry
Hamlet,Week4,Daventry,Week1,357.0 Hamlet - 45.0 Daventry
Hamlet,Week4,Brookfield ,Week1,271.0 Hamlet - 131.0 Brookfield
Hamlet,Week3,Hollin Meadows,Week1,283.0 Hamlet - 119.0 Hollin Meadows
Hayfield Farm,Week5,Hiddenbrook,Week4,229.0 Hayfield Farm - 173.0 Hiddenbrook
Hamlet,Week5,Pinecrest,Week3,227.0 Hamlet - 175.0 Pinecrest
Greenbriar,Week1,Rutherford,Week1,276.0 Greenbriar - 126.0 Rutherford
Hamlet,Week3,Daventry,Week4,368.0 Hamlet - 33.0 Daventry
Hayfield Farm,Week2,High Point Pool,Week5,263.0 High Point Pool - 139.0 Hayfield Farm
Hamlet,Week4,Bren Mar-Edsall Park,Week2,372.0 Hamlet - 29.0 Bren Mar-Edsall Park
Hamlet,Week4,Daventry,Week4,355.0 Hamlet - 47.0 Daventry
Hamlet,Week4,Daventry,Week2,352.0 Hamlet - 50.0 Daventry
Hamlet,Week4,Hollin Hills,Week3,352.0 Hamlet - 50.0 Hollin Hills
Hamlet,Week3,Hollin Meadows,Week3,290.0 Hamlet - 111.0 Hollin Meadows
Hamlet,Week1,Daventry,Week3,350.0 Hamlet - 51.0 Daventry
Greenbriar,Week3,Rolling Valley,Week4,306.0 Greenbriar - 96.0 Rolling Valley
Hamlet,Week1,Daventry,Week4,366.0 Hamlet - 35.0 Daventry
Hamlet,Week1,Brookfield ,Week5,285.0 Hamlet - 117.0 Brookfield
Hamlet,Week5,Hollin Hills,Week4,369.0 Hamlet - 33.0 Hollin Hills
Hamlet,Week5,Pinecrest,Week4,246.0 Hamlet - 156.0 Pinecrest
Hamlet,Week2,Brookfield ,Week5,286.0 Hamlet - 116.0 Brookfield
Hayfield Farm,Week3,High Point Pool,Week3,210.0 High Point Pool - 192.0 Hayfield Farm
Hayfield Farm,Week2,High Point Pool,Week2,266.0 High Point Pool - 136.0 Hayfield Farm
Hayfield Farm,Week3,High Point Pool,Week2,237.0 High Point Pool - 165.0 Hayfield Farm
Hamlet,Week5,Hollin Meadows,Week3,298.0 Hamlet - 104.0 Hollin Meadows
Hamlet,Week3,Daventry,Week1,361.0 Hamlet - 40.0 Daventry
Greenbriar,Week4,Rolling Valley,Week3,284.0 Greenbriar - 118.0 Rolling Valley
Hayfield Farm,Week2,High Point Pool,Week4,249.0 High Point Pool - 153.0 Hayfield Farm
Greenbriar,Week3,Rolling Valley,Week2,299.0 Greenbriar - 103.0 Rolling Valley
Hamlet,Week3,Pinecrest,Week3,219.0 Hamlet - 183.0 Pinecrest
Hamlet,Week5,Hollin Meadows,Week2,298.0 Hamlet - 104.0 Hollin Meadows
Hamlet,Week5,Daventry,Week2,374.0 Hamlet - 28.0 Daventry
Hamlet,Week2,Pinecrest,Week1,237.0 Hamlet - 165.0 Pinecrest
Hamlet,Week1,Hollin Meadows,Week2,284.0 Hamlet - 118.0 Hollin Meadows
Hamlet,Week1,Brookfield ,Week1,285.0 Hamlet - 117.0 Brookfield
Hamlet,Week5,Daventry,Week4,379.0 Hamlet - 23.0 Daventry
Hamlet,Week1,Pinewood Lake,Week2,382.0 Hamlet - 18.0 Pinewood Lake
Hamlet,Week2,Brookfield ,Week1,290.0 Hamlet - 112.0 Brookfield
Greenbriar,Week2,Rolling Valley,Week2,302.5 Greenbriar - 99.5 Rolling Valley
Hamlet,Week5,Dominion Hills,Week4,310.0 Hamlet - 92.0 Dominion Hills
Hamlet,Week4,Dominion Hills,Week4,282.0 Hamlet - 120.0 Dominion Hills
Hamlet,Week3,Bren Mar-Edsall Park,Week3,381.0 Hamlet - 21.0 Bren Mar-Edsall Park
Greenbriar,Week2,Rolling Valley,Week4,306.0 Greenbriar - 96.0 Rolling Valley
Greenbriar,Week5,Rolling Valley,Week3,299.0 Greenbriar - 102.0 Rolling Valley
Hayfield Farm,Week3,Highland Park,Week1,201.0 Hayfield Farm - 201.0 Highland Park
Hamlet,Week4,Hollin Meadows,Week3,275.0 Hamlet - 127.0 Hollin Meadows
Hamlet,Week1,Pinewood Lake,Week5,375.0 Hamlet - 26.0 Pinewood Lake
Hamlet,Week3,Dominion Hills,Week3,324.0 Hamlet - 78.0 Dominion Hills
Hayfield Farm,Week1,Highland Park,Week5,233.0 Highland Park - 169.0 Hayfield Farm
Hamlet,Week4,Dominion Hills,Week3,311.0 Hamlet - 91.0 Dominion Hills
Hamlet,Week4,Hollin Meadows,Week5,257.0 Hamlet - 145.0 Hollin Meadows
Hamlet,Week1,Hollin Meadows,Week4,286.0 Hamlet - 116.0 Hollin Meadows
Hayfield Farm,Week2,Highland Park,Week5,214.0 Highland Park - 188.0 Hayfield Farm
Hayfield Farm,Week5,High Point Pool,Week2,266.0 High Point Pool - 136.0 Hayfield Farm
Hamlet,Week3,Pinecrest,Week4,226.5 Hamlet - 175.5 Pinecrest
Hamlet,Week2,Hollin Meadows,Week4,300.0 Hamlet - 102.0 Hollin Meadows
Greenbriar,Week2,Rolling Valley,Week5,300.0 Greenbriar - 102.0 Rolling Valley
Hamlet,Week4,Hollin Meadows,Week2,269.0 Hamlet - 133.0 Hollin Meadows
Hamlet,Week1,Brookfield ,Week4,281.0 Hamlet - 121.0 Brookfield
Hamlet,Week2,Hollin Meadows,Week1,284.0 Hamlet - 118.0 Hollin Meadows
Hamlet,Week4,Bren Mar-Edsall Park,Week4,373.0 Hamlet - 29.0 Bren Mar-Edsall Park
Hayfield Farm,Week1,Highland Park,Week4,222.0 Highland Park - 180.0 Hayfield Farm
Hamlet,Week3,Brookfield ,Week4,296.0 Hamlet - 106.0 Brookfield
Hamlet,Week1,Pinewood Lake,Week4,385.0 Hamlet - 16.0 Pinewood Lake
Hamlet,Week1,Donaldson Run,Week4,221.0 Donaldson Run - 181.0 Hamlet
Greenbriar,Week5,Rolling Valley,Week1,329.0 Greenbriar - 72.0 Rolling Valley
Hamlet,Week4,Bren Mar-Edsall Park,Week1,373.0 Hamlet - 29.0 Bren Mar-Edsall Park
Hamlet,Week1,Pinewood Lake,Week3,383.0 Hamlet - 17.0 Pinewood Lake
Hamlet,Week3,Brookfield ,Week2,309.0 Hamlet - 93.0 Brookfield
Hayfield Farm,Week1,Highland Park,Week3,204.0 Hayfield Farm - 198.0 Highland Park
Hamlet,Week5,Pinecrest,Week1,242.0 Hamlet - 160.0 Pinecrest
Hamlet,Week2,Pinewood Lake,Week1,380.0 Hamlet - 22.0 Pinewood Lake
Greenbriar,Week4,Rolling Valley,Week1,315.0 Greenbriar - 87.0 Rolling Valley
Hamlet,Week2,Donaldson Run,Week1,213.0 Hamlet - 189.0 Donaldson Run
Hayfield Farm,Week5,High Point Pool,Week1,236.0 High Point Pool - 166.0 Hayfield Farm
Hamlet,Week2,Dominion Hills,Week1,325.5 Hamlet - 76.5 Dominion Hills
Greenbriar,Week2,Rolling Valley,Week1,328.0 Greenbriar - 74.0 Rolling Valley
Greenbriar,Week1,Rolling Valley,Week4,294.0 Greenbriar - 108.0 Rolling Valley
Hamlet,Week2,Holmes Run Acres,Week1,289.5 Hamlet - 112.5 Holmes Run Acres
Hamlet,Week2,Pleasant Valley,Week5,354.0 Hamlet - 47.0 Pleasant Valley
Hamlet,Week4,Brookfield ,Week4,272.0 Hamlet - 130.0 Brookfield
Greenbriar,Week1,Rutherford,Week2,272.0 Greenbriar - 130.0 Rutherford
Hamlet,Week4,Hollin Meadows,Week4,277.0 Hamlet - 125.0 Hollin Meadows
Hayfield Farm,Week5,High Point Pool,Week3,240.0 High Point Pool - 162.0 Hayfield Farm
Hamlet,Week3,Brookfield ,Week3,308.5 Hamlet - 93.5 Brookfield
Hamlet,Week5,Pinecrest,Week5,239.0 Hamlet - 163.0 Pinecrest
Hamlet,Week4,Brookfield ,Week3,287.0 Hamlet - 115.0 Brookfield
Greenbriar,Week1,Rolling Valley,Week5,301.0 Greenbriar - 101.0 Rolling Valley
Hayfield Farm,Week5,High Point Pool,Week5,252.0 High Point Pool - 150.0 Hayfield Farm
Hamlet,Week5,Pinewood Lake,Week3,391.0 Hamlet - 11.0 Pinewood Lake
Hamlet,Week1,Hollin Meadows,Week1,275.0 Hamlet - 127.0 Hollin Meadows
Hamlet,Week4,Brookfield ,Week5,276.5 Hamlet - 125.5 Brookfield
Hamlet,Week3,Dominion Hills,Week4,291.0 Hamlet - 111.0 Dominion Hills
Hayfield Farm,Week3,High Point Pool,Week5,242.0 High Point Pool - 160.0 Hayfield Farm
Hamlet,Week2,Pinewood Lake,Week2,387.0 Hamlet - 15.0 Pinewood Lake
Hamlet,Week2,Dominion Hills,Week4,300.0 Hamlet - 102.0 Dominion Hills
Hamlet,Week1,Pleasant Valley,Week4,355.0 Hamlet - 38.0 Pleasant Valley
Hayfield Farm,Week2,Highland Park,Week3,209.0 Hayfield Farm - 193.0 Highland Park
Hamlet,Week3,Hollin Meadows,Week4,290.0 Hamlet - 112.0 Hollin Meadows
Greenbriar,Week3,Rolling Valley,Week3,305.0 Greenbriar - 97.0 Rolling Valley
Hayfield Farm,Week4,High Point Pool,Week2,247.0 High Point Pool - 155.0 Hayfield Farm
Hamlet,Week1,Dominion Hills,Week2,289.0 Hamlet - 113.0 Dominion Hills
Hayfield Farm,Week4,High Point Pool,Week3,234.0 High Point Pool - 168.0 Hayfield Farm
Hamlet,Week2,Brookfield ,Week4,286.0 Hamlet - 116.0 Brookfield
Hamlet,Week1,Hollin Meadows,Week3,285.5 Hamlet - 116.5 Hollin Meadows
Hamlet,Week3,Holmes Run Acres,Week1,288.0 Hamlet - 114.0 Holmes Run Acres
Hamlet,Week4,Brookfield ,Week2,273.0 Hamlet - 129.0 Brookfield
Hamlet,Week3,Brookfield ,Week1,291.0 Hamlet - 111.0 Brookfield
Hamlet,Week3,Dominion Hills,Week2,313.0 Hamlet - 89.0 Dominion Hills
Hamlet,Week3,Dominion Hills,Week5,281.0 Hamlet - 121.0 Dominion Hills
Greenbriar,Week1,Rutherford,Week4,253.0 Greenbriar - 149.0 Rutherford
Hamlet,Week1,Holmes Run Acres,Week3,242.0 Hamlet - 160.0 Holmes Run Acres
Hamlet,Week3,Pinewood Lake,Week1,376.0 Hamlet - 25.0 Pinewood Lake
Greenbriar,Week4,Rolling Valley,Week4,284.0 Greenbriar - 118.0 Rolling Valley
Hamlet,Week1,Pleasant Valley,Week3,349.0 Hamlet - 53.0 Pleasant Valley
Hamlet,Week5,Hollin Hills,Week2,368.0 Hamlet - 34.0 Hollin Hills
Hamlet,Week1,Broyhill Crest,Week3,387.0 Hamlet - 14.0 Broyhill Crest
Greenbriar,Week3,Rolling Valley,Week1,325.0 Greenbriar - 77.0 Rolling Valley
Hamlet,Week5,Daventry,Week5,362.0 Hamlet - 40.0 Daventry
Greenbriar,Week4,Rolling Valley,Week5,273.0 Greenbriar - 129.0 Rolling Valley
Hamlet,Week2,Dominion Hills,Week2,314.0 Hamlet - 88.0 Dominion Hills
Hamlet,Week2,Broyhill Crest,Week1,389.0 Hamlet - 12.0 Broyhill Crest
Hamlet,Week5,Hollin Hills,Week1,361.0 Hamlet - 41.0 Hollin Hills
Hamlet,Week3,Brookfield ,Week5,285.0 Hamlet - 117.0 Brookfield
Hamlet,Week3,Pinewood Lake,Week4,385.0 Hamlet - 15.0 Pinewood Lake
Hamlet,Week1,Dominion Hills,Week5,270.0 Hamlet - 127.0 Dominion Hills
Greenbriar,Week1,Rolling Valley,Week3,304.0 Greenbriar - 98.0 Rolling Valley
Greenbriar,Week1,Rutherford,Week3,264.0 Greenbriar - 138.0 Rutherford
Hamlet,Week5,Pinewood Lake,Week4,391.0 Hamlet - 11.0 Pinewood Lake
Hamlet,Week5,Hollin Hills,Week3,374.0 Hamlet - 28.0 Hollin Hills
Hamlet,Week4,Pinewood Lake,Week1,370.0 Hamlet - 31.0 Pinewood Lake
Hamlet,Week4,Broyhill Crest,Week3,389.0 Hamlet - 13.0 Broyhill Crest
Hamlet,Week1,Hollin Meadows,Week5,264.0 Hamlet - 138.0 Hollin Meadows
Hayfield Farm,Week4,High Point Pool,Week1,236.0 High Point Pool - 166.0 Hayfield Farm
Hamlet,Week2,Dominion Hills,Week5,289.0 Hamlet - 113.0 Dominion Hills
Hayfield Farm,Week5,High Point Pool,Week4,260.0 High Point Pool - 142.0 Hayfield Farm
Hamlet,Week3,Pinewood Lake,Week2,378.0 Hamlet - 21.0 Pinewood Lake
Hayfield Farm,Week1,Highland Park,Week1,228.0 Highland Park - 174.0 Hayfield Farm
Hamlet,Week3,Hollin Meadows,Week5,268.0 Hamlet - 134.0 Hollin Meadows
Greenbriar,Week2,Rutherford,Week2,290.0 Greenbriar - 112.0 Rutherford
Greenbriar,Week1,Mansion House,Week3,226.0 Mansion House - 176.0 Greenbriar
Hamlet,Week3,Broyhill Crest,Week1,383.0 Hamlet - 15.0 Broyhill Crest
Hayfield Farm,Week2,Highland Park,Week1,219.0 Highland Park - 183.0 Hayfield Farm
Hamlet,Week3,Hollin Meadows,Week2,288.0 Hamlet - 114.0 Hollin Meadows
Hamlet,Week5,Brookfield ,Week5,298.0 Hamlet - 104.0 Brookfield
Greenbriar,Week5,Rolling Valley,Week4,290.0 Greenbriar - 112.0 Rolling Valley
Hamlet,Week4,Dominion Hills,Week1,310.0 Hamlet - 92.0 Dominion Hills
Hayfield Farm,Week4,High Point Pool,Week5,254.0 High Point Pool - 148.0 Hayfield Farm
Hamlet,Week5,Pinewood Lake,Week2,389.0 Hamlet - 13.0 Pinewood Lake
Hayfield Farm,Week2,Highland Park,Week2,208.0 Hayfield Farm - 194.0 Highland Park
Hamlet,Week3,Dominion Hills,Week1,322.0 Hamlet - 80.0 Dominion Hills
Hamlet,Week3,Broyhill Crest,Week5,380.0 Hamlet - 21.0 Broyhill Crest
Greenbriar,Week2,Rutherford,Week3,281.0 Greenbriar - 121.0 Rutherford
Greenbriar,Week2,Rutherford,Week1,293.0 Greenbriar - 109.0 Rutherford
Hamlet,Week2,Hollin Meadows,Week3,297.0 Hamlet - 105.0 Hollin Meadows
Hamlet,Week2,Hollin Meadows,Week2,292.0 Hamlet - 110.0 Hollin Meadows
Hamlet,Week2,Dominion Hills,Week3,322.0 Hamlet - 80.0 Dominion Hills
Greenbriar,Week1,Rutherford,Week5,254.0 Greenbriar - 148.0 Rutherford
Hamlet,Week4,Pinewood Lake,Week5,373.0 Hamlet - 29.0 Pinewood Lake
Hayfield Farm,Week3,Highland Park,Week2,225.0 Hayfield Farm - 177.0 Highland Park
Hayfield Farm,Week4,High Point Pool,Week4,252.0 High Point Pool - 150.0 Hayfield Farm
Hamlet,Week2,Hollin Meadows,Week5,267.5 Hamlet - 134.5 Hollin Meadows
Hamlet,Week3,Pinewood Lake,Week5,376.0 Hamlet - 24.0 Pinewood Lake
Greenbriar,Week3,Long Branch,Week2,261.0 Greenbriar - 141.0 Long Branch
Hayfield Farm,Week2,Highland Park,Week4,217.0 Highland Park - 185.0 Hayfield Farm
Hamlet,Week4,Pinewood Lake,Week2,381.0 Hamlet - 21.0 Pinewood Lake
Hamlet,Week4,Dominion Hills,Week5,263.0 Hamlet - 139.0 Dominion Hills
Hamlet,Week3,Broyhill Crest,Week4,377.0 Hamlet - 21.0 Broyhill Crest
Hamlet,Week1,Dominion Hills,Week4,270.0 Hamlet - 132.0 Dominion Hills
Hamlet,Week4,Pinewood Lake,Week4,379.0 Hamlet - 23.0 Pinewood Lake
Hamlet,Week4,Dominion Hills,Week2,293.0 Hamlet - 109.0 Dominion Hills
Greenbriar,Week2,Mansion House,Week3,210.0 Mansion House - 192.0 Greenbriar
Hamlet,Week1,Broyhill Crest,Week1,377.0 Hamlet - 25.0 Broyhill Crest
Hayfield Farm,Week4,Highland Park,Week1,222.0 Highland Park - 180.0 Hayfield Farm
Hamlet,Week5,Broyhill Crest,Week5,381.0 Hamlet - 21.0 Broyhill Crest
Hamlet,Week5,Hollin Meadows,Week1,293.0 Hamlet - 109.0 Hollin Meadows
Hamlet,Week5,Pinewood Lake,Week1,380.0 Hamlet - 22.0 Pinewood Lake
Greenbriar,Week4,Mansion House,Week2,216.0 Mansion House - 186.0 Greenbriar
Greenbriar,Week3,Long Branch,Week4,250.0 Greenbriar - 152.0 Long Branch
Greenbriar,Week3,Rutherford,Week2,289.0 Greenbriar - 113.0 Rutherford
Greenbriar,Week1,Shouse Village,Week5,211.0 Greenbriar - 191.0 Shouse Village
Hamlet,Week1,Holmes Run Acres,Week5,238.0 Hamlet - 164.0 Holmes Run Acres
Hamlet,Week5,Hollin Meadows,Week4,307.0 Hamlet - 95.0 Hollin Meadows
Greenbriar,Week2,Rutherford,Week5,278.0 Greenbriar - 124.0 Rutherford
Hayfield Farm,Week4,Highland Park,Week5,219.0 Highland Park - 183.0 Hayfield Farm
Greenbriar,Week4,Rutherford,Week2,262.5 Greenbriar - 139.5 Rutherford
Greenbriar,Week3,Rutherford,Week1,277.0 Greenbriar - 125.0 Rutherford
Hamlet,Week5,Dominion Hills,Week2,324.0 Hamlet - 78.0 Dominion Hills
Hamlet,Week1,Burke Station,Week4,340.5 Hamlet - 61.5 Burke Station
Hayfield Farm,Week3,Highland Park,Week3,227.0 Hayfield Farm - 175.0 Highland Park
Hamlet,Week5,Dominion Hills,Week5,300.0 Hamlet - 102.0 Dominion Hills
Hamlet,Week2,Burke Station,Week2,355.0 Hamlet - 47.0 Burke Station
Hamlet,Week1,Holmes Run Acres,Week4,276.0 Hamlet - 126.0 Holmes Run Acres
Hamlet,Week5,Dominion Hills,Week3,329.0 Hamlet - 73.0 Dominion Hills
Hamlet,Week1,Dominion Hills,Week1,299.0 Hamlet - 103.0 Dominion Hills
Greenbriar,Week4,Rutherford,Week4,234.0 Greenbriar - 168.0 Rutherford
Hamlet,Week1,Pleasant Valley,Week2,359.0 Hamlet - 39.0 Pleasant Valley
Hamlet,Week1,Dominion Hills,Week3,306.0 Hamlet - 96.0 Dominion Hills
Hayfield Farm,Week1,Highland Park,Week2,205.0 Highland Park - 197.0 Hayfield Farm
Hayfield Farm,Week4,Highlands Swim,Week2,318.0 Highlands Swim - 84.0 Hayfield Farm
Hamlet,Week5,Pinewood Lake,Week5,384.0 Hamlet - 18.0 Pinewood Lake
Hamlet,Week5,Brookfield ,Week2,319.0 Hamlet - 83.0 Brookfield
Hamlet,Week1,Broyhill Crest,Week2,383.0 Hamlet - 19.0 Broyhill Crest
Greenbriar,Week2,Mansion House,Week1,205.5 Greenbriar - 196.5 Mansion House
Hamlet,Week1,Pleasant Valley,Week1,358.0 Hamlet - 40.0 Pleasant Valley
Hamlet,Week4,Hollin Meadows,Week1,257.0 Hamlet - 145.0 Hollin Meadows
Hamlet,Week4,Pinewood Lake,Week3,384.0 Hamlet - 18.0 Pinewood Lake
Greenbriar,Week4,Long Branch,Week5,222.0 Greenbriar - 180.0 Long Branch
Hamlet,Week5,Dominion Hills,Week1,332.0 Hamlet - 70.0 Dominion Hills
Hamlet,Week1,Holmes Run Acres,Week2,288.0 Hamlet - 114.0 Holmes Run Acres
Greenbriar,Week3,Mansion House,Week5,209.0 Mansion House - 193.0 Greenbriar
Hayfield Farm,Week5,Highland Park,Week4,233.0 Highland Park - 169.0 Hayfield Farm
Hamlet,Week1,Pleasant Valley,Week5,350.0 Hamlet - 51.0 Pleasant Valley
Hamlet,Week2,Burke Station,Week1,318.0 Hamlet - 61.0 Burke Station
Greenbriar,Week3,Mansion House,Week3,213.0 Mansion House - 189.0 Greenbriar
Greenbriar,Week5,Long Branch,Week3,259.0 Greenbriar - 143.0 Long Branch
Hamlet,Week1,Donaldson Run,Week2,212.0 Donaldson Run - 190.0 Hamlet
Greenbriar,Week4,Long Branch,Week2,228.0 Greenbriar - 174.0 Long Branch
Greenbriar,Week3,Rutherford,Week5,281.0 Greenbriar - 121.0 Rutherford
Hamlet,Week5,Hollin Meadows,Week5,294.0 Hamlet - 108.0 Hollin Meadows
Hamlet,Week2,Holmes Run Acres,Week3,274.0 Hamlet - 128.0 Holmes Run Acres
Hamlet,Week2,Holmes Run Acres,Week2,302.0 Hamlet - 100.0 Holmes Run Acres
Greenbriar,Week2,Shouse Village,Week1,233.0 Greenbriar - 169.0 Shouse Village
Hayfield Farm,Week3,Highland Park,Week5,212.0 Hayfield Farm - 190.0 Highland Park
Hamlet,Week5,Broyhill Crest,Week3,392.0 Hamlet - 9.0 Broyhill Crest
Hayfield Farm,Week4,Highlands Swim,Week4,292.0 Highlands Swim - 110.0 Hayfield Farm
Hamlet,Week2,Pinewood Lake,Week4,393.0 Hamlet - 9.0 Pinewood Lake
Hamlet,Week4,Broyhill Crest,Week2,381.0 Hamlet - 21.0 Broyhill Crest
Hamlet,Week5,Brookfield ,Week3,319.0 Hamlet - 83.0 Brookfield
Hamlet,Week1,Donaldson Run,Week1,208.0 Donaldson Run - 194.0 Hamlet
Hamlet,Week2,Pleasant Valley,Week2,361.0 Hamlet - 41.0 Pleasant Valley
Greenbriar,Week1,Shouse Village,Week3,203.0 Greenbriar - 199.0 Shouse Village
Hamlet,Week2,Pleasant Valley,Week1,358.0 Hamlet - 44.0 Pleasant Valley
Hamlet,Week2,Holmes Run Acres,Week4,288.0 Hamlet - 114.0 Holmes Run Acres
Hayfield Farm,Week4,Highland Park,Week4,229.0 Highland Park - 173.0 Hayfield Farm
Hamlet,Week1,Donaldson Run,Week3,212.0 Donaldson Run - 190.0 Hamlet
Greenbriar,Week2,Shouse Village,Week4,227.0 Greenbriar - 175.0 Shouse Village
Greenbriar,Week5,Long Branch,Week1,262.5 Greenbriar - 139.5 Long Branch
Hamlet,Week3,Broyhill Crest,Week3,386.0 Hamlet - 12.0 Broyhill Crest
Hamlet,Week2,Pleasant Valley,Week3,352.0 Hamlet - 50.0 Pleasant Valley
Greenbriar,Week4,Long Branch,Week4,223.0 Greenbriar - 179.0 Long Branch
Hamlet,Week3,Pleasant Valley,Week1,353.0 Hamlet - 47.0 Pleasant Valley
Hayfield Farm,Week5,Highland Park,Week1,229.0 Highland Park - 173.0 Hayfield Farm
Hamlet,Week1,Broyhill Crest,Week5,376.0 Hamlet - 25.0 Broyhill Crest
Hamlet,Week1,Holmes Run Acres,Week1,273.0 Hamlet - 129.0 Holmes Run Acres
Greenbriar,Week5,Rutherford,Week3,269.0 Greenbriar - 133.0 Rutherford
Greenbriar,Week1,Mansion House,Week2,210.0 Mansion House - 192.0 Greenbriar
Hamlet,Week2,Broyhill Crest,Week5,388.0 Hamlet - 14.0 Broyhill Crest
Hayfield Farm,Week5,Highland Park,Week5,214.0 Highland Park - 188.0 Hayfield Farm
Greenbriar,Week1,Mansion House,Week4,207.0 Greenbriar - 195.0 Mansion House
Hamlet,Week4,Holmes Run Acres,Week5,233.0 Hamlet - 169.0 Holmes Run Acres
Hamlet,Week2,Holmes Run Acres,Week5,259.0 Hamlet - 143.0 Holmes Run Acres
Greenbriar,Week5,Long Branch,Week2,255.0 Greenbriar - 147.0 Long Branch
Hayfield Farm,Week1,Highlands Swim,Week1,292.0 Highlands Swim - 110.0 Hayfield Farm
Hamlet,Week2,Pinewood Lake,Week5,384.0 Hamlet - 18.0 Pinewood Lake
Hamlet,Week4,Holmes Run Acres,Week3,243.0 Hamlet - 159.0 Holmes Run Acres
Hamlet,Week2,Broyhill Crest,Week2,393.0 Hamlet - 8.0 Broyhill Crest
Hayfield Farm,Week4,Highland Park,Week3,207.0 Highland Park - 195.0 Hayfield Farm
Greenbriar,Week5,Rutherford,Week5,259.0 Greenbriar - 143.0 Rutherford
Greenbriar,Week5,Rutherford,Week1,276.0 Greenbriar - 126.0 Rutherford
Hamlet,Week2,Donaldson Run,Week4,208.0 Donaldson Run - 194.0 Hamlet
Greenbriar,Week2,Shouse Village,Week5,227.0 Greenbriar - 175.0 Shouse Village
Hamlet,Week4,Holmes Run Acres,Week2,284.0 Hamlet - 118.0 Holmes Run Acres
Hamlet,Week2,Donaldson Run,Week2,202.0 Hamlet - 200.0 Donaldson Run
Hamlet,Week3,Pinewood Lake,Week3,387.0 Hamlet - 12.0 Pinewood Lake
Hamlet,Week3,Donaldson Run,Week2,206.0 Donaldson Run - 196.0 Hamlet
Greenbriar,Week3,Long Branch,Week1,256.0 Greenbriar - 146.0 Long Branch
Hamlet,Week2,Pleasant Valley,Week4,364.0 Hamlet - 37.0 Pleasant Valley
Hamlet,Week4,Broyhill Crest,Week1,380.0 Hamlet - 22.0 Broyhill Crest
Greenbriar,Week2,Shouse Village,Week2,255.0 Greenbriar - 147.0 Shouse Village
Hamlet,Week3,Donaldson Run,Week5,232.0 Donaldson Run - 170.0 Hamlet
Hamlet,Week1,Donaldson Run,Week5,237.0 Donaldson Run - 165.0 Hamlet
Hayfield Farm,Week5,Highland Park,Week2,212.0 Highland Park - 190.0 Hayfield Farm
Hamlet,Week3,Pleasant Valley,Week5,342.0 Hamlet - 56.0 Pleasant Valley
Greenbriar,Week4,Long Branch,Week3,248.0 Greenbriar - 154.0 Long Branch
Hamlet,Week3,Holmes Run Acres,Week5,250.0 Hamlet - 152.0 Holmes Run Acres
Hamlet,Week3,Donaldson Run,Week3,204.0 Donaldson Run - 198.0 Hamlet
Hamlet,Week5,Brookfield ,Week1,302.0 Hamlet - 100.0 Brookfield
Hamlet,Week4,Donaldson Run,Week3,232.0 Donaldson Run - 170.0 Hamlet
Greenbriar,Week2,Mansion House,Week5,202.0 Mansion House - 200.0 Greenbriar
Greenbriar,Week3,Long Branch,Week3,275.0 Greenbriar - 127.0 Long Branch
Greenbriar,Week1,Shouse Village,Week1,221.0 Greenbriar - 181.0 Shouse Village
Hayfield Farm,Week4,Highland Park,Week2,207.0 Highland Park - 195.0 Hayfield Farm
Hayfield Farm,Week1,Highlands Swim,Week5,309.0 Highlands Swim - 93.0 Hayfield Farm
Hayfield Farm,Week1,Highlands Swim,Week4,288.0 Highlands Swim - 114.0 Hayfield Farm
Hamlet,Week5,Holmes Run Acres,Week2,311.0 Hamlet - 91.0 Holmes Run Acres
Greenbriar,Week4,Long Branch,Week1,243.0 Greenbriar - 159.0 Long Branch
Hamlet,Week2,Hunt Valley,Week2,242.0 Hamlet - 160.0 Hunt Valley
Hamlet,Week3,Pleasant Valley,Week2,359.0 Hamlet - 41.0 Pleasant Valley
Greenbriar,Week5,Rutherford,Week4,246.0 Greenbriar - 156.0 Rutherford
Hamlet,Week4,Donaldson Run,Week1,221.0 Donaldson Run - 181.0 Hamlet
Hamlet,Week2,Hunt Valley,Week3,207.0 Hamlet - 195.0 Hunt Valley
Greenbriar,Week4,Rutherford,Week5,238.0 Greenbriar - 164.0 Rutherford
Hamlet,Week1,Poplar Heights,Week3,262.0 Hamlet - 140.0 Poplar Heights
Hamlet,Week5,Brookfield ,Week4,303.0 Hamlet - 99.0 Brookfield
Hamlet,Week3,Donaldson Run,Week1,213.0 Hamlet - 189.0 Donaldson Run
Hamlet,Week5,Holmes Run Acres,Week3,278.0 Hamlet - 124.0 Holmes Run Acres
Hamlet,Week2,Broyhill Crest,Week4,383.0 Hamlet - 18.0 Broyhill Crest
Greenbriar,Week5,Long Branch,Week4,247.0 Greenbriar - 155.0 Long Branch
Greenbriar,Week5,Rutherford,Week2,277.0 Greenbriar - 125.0 Rutherford
Hamlet,Week5,Holmes Run Acres,Week4,292.0 Hamlet - 110.0 Holmes Run Acres
Hayfield Farm,Week1,Highlands Swim,Week3,293.5 Highlands Swim - 108.5 Hayfield Farm
Hayfield Farm,Week2,Highlands Swim,Week1,292.0 Highlands Swim - 110.0 Hayfield Farm
Hamlet,Week3,Broyhill Crest,Week2,384.0 Hamlet - 14.0 Broyhill Crest
Hamlet,Week1,Broyhill Crest,Week4,376.0 Hamlet - 26.0 Broyhill Crest
Hayfield Farm,Week2,Highlands Swim,Week3,303.0 Highlands Swim - 99.0 Hayfield Farm
Hamlet,Week2,Donaldson Run,Week3,203.0 Hamlet - 199.0 Donaldson Run
Greenbriar,Week1,Shouse Village,Week2,231.0 Greenbriar - 171.0 Shouse Village
Hamlet,Week3,Pleasant Valley,Week3,347.0 Hamlet - 54.0 Pleasant Valley
Hamlet,Week2,Broyhill Crest,Week3,392.0 Hamlet - 9.0 Broyhill Crest
Hamlet,Week4,Pleasant Valley,Week1,348.0 Hamlet - 54.0 Pleasant Valley
Greenbriar,Week1,Shouse Village,Week4,209.0 Greenbriar - 193.0 Shouse Village
Greenbriar,Week5,Long Branch,Week5,238.0 Greenbriar - 164.0 Long Branch
Hamlet,Week3,Pleasant Valley,Week4,360.0 Hamlet - 37.0 Pleasant Valley
Hamlet,Week4,Donaldson Run,Week2,227.0 Donaldson Run - 175.0 Hamlet
Hamlet,Week3,Donaldson Run,Week4,206.0 Donaldson Run - 196.0 Hamlet
Greenbriar,Week3,Rutherford,Week4,260.0 Greenbriar - 142.0 Rutherford
Hamlet,Week3,Holmes Run Acres,Week3,272.0 Hamlet - 130.0 Holmes Run Acres
Hayfield Farm,Week2,Highlands Swim,Week2,315.0 Highlands Swim - 87.0 Hayfield Farm
Hamlet,Week4,Poplar Heights,Week2,243.0 Hamlet - 159.0 Poplar Heights
Hamlet,Week4,Poplar Heights,Week1,257.0 Hamlet - 145.0 Poplar Heights
Hayfield Farm,Week2,Highlands Swim,Week4,284.0 Highlands Swim - 118.0 Hayfield Farm
Greenbriar,Week2,Long Branch,Week4,251.0 Greenbriar - 151.0 Long Branch
Hamlet,Week5,Pleasant Valley,Week3,362.0 Hamlet - 40.0 Pleasant Valley
Hamlet,Week5,Broyhill Crest,Week2,390.0 Hamlet - 11.0 Broyhill Crest
Hamlet,Week5,Broyhill Crest,Week1,385.0 Hamlet - 16.0 Broyhill Crest
Hamlet,Week3,Holmes Run Acres,Week4,285.0 Hamlet - 117.0 Holmes Run Acres
Greenbriar,Week3,Long Branch,Week5,242.0 Greenbriar - 160.0 Long Branch
Hamlet,Week2,Hunt Valley,Week4,224.5 Hamlet - 177.5 Hunt Valley
Hamlet,Week4,Broyhill Crest,Week5,379.0 Hamlet - 23.0 Broyhill Crest
Hayfield Farm,Week3,Highlands Swim,Week1,288.0 Highlands Swim - 114.0 Hayfield Farm
Greenbriar,Week3,Rutherford,Week3,278.5 Greenbriar - 123.5 Rutherford
Greenbriar,Week4,Rutherford,Week3,268.0 Greenbriar - 134.0 Rutherford
Hamlet,Week4,Donaldson Run,Week4,234.0 Donaldson Run - 168.0 Hamlet
Hamlet,Week2,Poplar Heights,Week4,276.0 Hamlet - 126.0 Poplar Heights
Hamlet,Week5,Broyhill Crest,Week4,385.0 Hamlet - 16.0 Broyhill Crest
Greenbriar,Week2,Long Branch,Week5,247.0 Greenbriar - 155.0 Long Branch
Hamlet,Week2,Donaldson Run,Week5,232.0 Donaldson Run - 170.0 Hamlet
Hamlet,Week3,Little Rocky Run,Week3,212.0 Hamlet - 190.0 Little Rocky Run
Greenbriar,Week1,Mansion House,Week1,220.0 Mansion House - 182.0 Greenbriar
Hamlet,Week1,Burke Station,Week2,349.0 Hamlet - 49.0 Burke Station
Hamlet,Week5,Donaldson Run,Week1,234.0 Hamlet - 168.0 Donaldson Run
Hamlet,Week1,Hunt Valley,Week3,210.0 Hunt Valley - 192.0 Hamlet
Greenbriar,Week2,Mansion House,Week4,231.0 Greenbriar - 171.0 Mansion House
Hamlet,Week1,Hunt Valley,Week4,205.0 Hamlet - 197.0 Hunt Valley
Hamlet,Week5,Pleasant Valley,Week1,363.0 Hamlet - 39.0 Pleasant Valley
Hamlet,Week4,Donaldson Run,Week5,256.0 Donaldson Run - 146.0 Hamlet
Greenbriar,Week3,Mansion House,Week1,206.0 Mansion House - 196.0 Greenbriar
Hamlet,Week1,Hunt Valley,Week1,219.0 Hamlet - 183.0 Hunt Valley
Hayfield Farm,Week5,Highland Park,Week3,209.5 Highland Park - 192.5 Hayfield Farm
Hamlet,Week1,Hunt Valley,Week2,223.0 Hamlet - 179.0 Hunt Valley
Hamlet,Week4,Pleasant Valley,Week3,340.5 Hamlet - 61.5 Pleasant Valley
Hamlet,Week4,Broyhill Crest,Week4,384.0 Hamlet - 18.0 Broyhill Crest
Hayfield Farm,Week3,Highlands Swim,Week2,297.0 Highlands Swim - 105.0 Hayfield Farm
Hamlet,Week5,Pleasant Valley,Week4,367.0 Hamlet - 34.0 Pleasant Valley
Hayfield Farm,Week2,Highlands Swim,Week5,309.0 Highlands Swim - 93.0 Hayfield Farm
Greenbriar,Week2,Mansion House,Week2,216.0 Greenbriar - 186.0 Mansion House
Greenbriar,Week1,Mansion House,Week5,215.0 Mansion House - 187.0 Greenbriar
Hamlet,Week1,Burke Station,Week3,327.0 Hamlet - 68.0 Burke Station
Hayfield Farm,Week3,Highlands Swim,Week4,273.0 Highlands Swim - 129.0 Hayfield Farm
Greenbriar,Week3,Mansion House,Week2,202.0 Greenbriar - 200.0 Mansion House
Hamlet,Week5,Poplar Heights,Week3,275.0 Hamlet - 127.0 Poplar Heights
Hamlet,Week1,Burke Station,Week1,306.0 Hamlet - 69.0 Burke Station
Hayfield Farm,Week3,Highlands Swim,Week3,287.0 Highlands Swim - 115.0 Hayfield Farm
Hamlet,Week4,Little Rocky Run,Week1,215.0 Hamlet - 187.0 Little Rocky Run
Hamlet,Week4,Pleasant Valley,Week5,341.0 Hamlet - 61.0 Pleasant Valley
Hamlet,Week5,Holmes Run Acres,Week1,299.0 Hamlet - 103.0 Holmes Run Acres
Hamlet,Week4,Holmes Run Acres,Week4,270.0 Hamlet - 132.0 Holmes Run Acres
Hamlet,Week1,Little Rocky Run,Week5,214.0 Little Rocky Run - 188.0 Hamlet
Hamlet,Week1,Burke Station,Week5,318.0 Hamlet - 84.0 Burke Station
Greenbriar,Week4,Rutherford,Week1,269.0 Greenbriar - 133.0 Rutherford
Hayfield Farm,Week3,Highland Park,Week4,203.0 Hayfield Farm - 199.0 Highland Park
Greenbriar,Week2,Shouse Village,Week3,232.0 Greenbriar - 170.0 Shouse Village
Hamlet,Week5,Little Rocky Run,Week3,231.0 Hamlet - 171.0 Little Rocky Run
Greenbriar,Week4,Mansion House,Week4,210.0 Mansion House - 192.0 Greenbriar
Hamlet,Week1,Poplar Heights,Week2,251.0 Hamlet - 151.0 Poplar Heights
Hamlet,Week1,Poplar Heights,Week4,260.0 Hamlet - 142.0 Poplar Heights
Hamlet,Week1,Camelot,Week5,287.0 Hamlet - 115.0 Camelot
Hamlet,Week4,Little Rocky Run,Week2,211.0 Hamlet - 191.0 Little Rocky Run
Greenbriar,Week5,Mansion House,Week1,222.0 Mansion House - 180.0 Greenbriar
Hamlet,Week1,Little Rocky Run,Week1,218.0 Hamlet - 184.0 Little Rocky Run
Hamlet,Week5,Burke Station,Week5,337.0 Hamlet - 65.0 Burke Station
Hamlet,Week1,Camelot,Week1,284.0 Hamlet - 118.0 Camelot
Hayfield Farm,Week5,Highlands Swim,Week5,316.0 Highlands Swim - 86.0 Hayfield Farm
Greenbriar,Week3,Mansion House,Week4,226.0 Greenbriar - 176.0 Mansion House
Hayfield Farm,Week4,Highlands Swim,Week3,301.0 Highlands Swim - 101.0 Hayfield Farm
Hayfield Farm,Week3,Highlands Swim,Week5,292.0 Highlands Swim - 110.0 Hayfield Farm
Hamlet,Week2,Hunter Mill,Week2,256.0 Hamlet - 146.0 Hunter Mill
Hamlet,Week2,Camelot,Week3,305.0 Hamlet - 97.0 Camelot
Hamlet,Week3,Holmes Run Acres,Week2,308.0 Hamlet - 94.0 Holmes Run Acres
Hayfield Farm,Week5,Highlands Swim,Week1,306.5 Highlands Swim - 95.5 Hayfield Farm
Hamlet,Week3,Little Rocky Run,Week5,218.0 Hamlet - 184.0 Little Rocky Run
Hamlet,Week1,Hunt Valley,Week5,203.0 Hamlet - 199.0 Hunt Valley
Greenbriar,Week5,Mansion House,Week3,224.0 Mansion House - 178.0 Greenbriar
Greenbriar,Week5,Mansion House,Week2,207.0 Mansion House - 195.0 Greenbriar
Hamlet,Week4,Holmes Run Acres,Week1,272.0 Hamlet - 130.0 Holmes Run Acres
Hamlet,Week2,Hunt Valley,Week1,234.0 Hamlet - 168.0 Hunt Valley
Hamlet,Week2,Poplar Heights,Week3,279.0 Hamlet - 123.0 Poplar Heights
Hamlet,Week2,Poplar Heights,Week5,269.0 Hamlet - 133.0 Poplar Heights
Hamlet,Week5,Burke Station,Week4,349.0 Hamlet - 53.0 Burke Station
Hayfield Farm,Week4,Hollin Hills,Week2,309.0 Hayfield Farm - 93.0 Hollin Hills
Hamlet,Week3,Burke Station,Week2,349.0 Hamlet - 51.0 Burke Station
Hamlet,Week3,Poplar Heights,Week5,269.0 Hamlet - 133.0 Poplar Heights
Hayfield Farm,Week4,Highlands Swim,Week1,296.0 Highlands Swim - 106.0 Hayfield Farm
Hamlet,Week5,Little Hunting Park,Week4,339.0 Hamlet - 63.0 Little Hunting Park
Hamlet,Week4,Poplar Heights,Week3,250.0 Hamlet - 152.0 Poplar Heights
Hamlet,Week5,Holmes Run Acres,Week5,255.0 Hamlet - 147.0 Holmes Run Acres
Hamlet,Week5,Pleasant Valley,Week2,361.0 Hamlet - 41.0 Pleasant Valley
Hayfield Farm,Week1,Highlands Swim,Week2,305.0 Highlands Swim - 97.0 Hayfield Farm
Greenbriar,Week4,Mansion House,Week1,227.0 Mansion House - 175.0 Greenbriar
Hamlet,Week4,Little Hunting Park,Week5,297.0 Hamlet - 105.0 Little Hunting Park
Greenbriar,Week4,Mansion House,Week5,230.0 Mansion House - 172.0 Greenbriar
Hamlet,Week3,Burke Station,Week3,339.5 Hamlet - 56.5 Burke Station
Hamlet,Week4,Little Rocky Run,Week3,216.0 Little Rocky Run - 186.0 Hamlet
Hamlet,Week4,Hunt Valley,Week1,219.0 Hamlet - 183.0 Hunt Valley
Hamlet,Week3,Poplar Heights,Week3,282.0 Hamlet - 120.0 Poplar Heights
Greenbriar,Week5,Mansion House,Week5,224.0 Mansion House - 178.0 Greenbriar
Hamlet,Week2,Burke Station,Week5,336.5 Hamlet - 65.5 Burke Station
Greenbriar,Week1,Mantua,Week1,203.0 Mantua - 199.0 Greenbriar
Hamlet,Week3,Hunt Valley,Week2,238.0 Hamlet - 164.0 Hunt Valley
Greenbriar,Week1,Mantua,Week3,252.0 Mantua - 150.0 Greenbriar
Hamlet,Week3,Poplar Heights,Week2,271.0 Hamlet - 131.0 Poplar Heights
Hamlet,Week1,Hunter Mill,Week3,234.0 Hamlet - 168.0 Hunter Mill
Hamlet,Week2,Hunt Valley,Week5,205.0 Hamlet - 197.0 Hunt Valley
Hamlet,Week3,Little Rocky Run,Week2,252.0 Hamlet - 150.0 Little Rocky Run
Hamlet,Week2,Burke Station,Week4,354.0 Hamlet - 48.0 Burke Station
Hamlet,Week5,Hunt Valley,Week4,245.0 Hamlet - 157.0 Hunt Valley
Greenbriar,Week1,Mantua,Week2,208.0 Mantua - 194.0 Greenbriar
Hamlet,Week2,Camelot,Week2,296.0 Hamlet - 106.0 Camelot
Hayfield Farm,Week1,Hollin Hills,Week1,306.0 Hayfield Farm - 96.0 Hollin Hills
Hamlet,Week4,Little Rocky Run,Week5,222.0 Little Rocky Run - 180.0 Hamlet
Hamlet,Week4,Pleasant Valley,Week4,359.0 Hamlet - 43.0 Pleasant Valley
Hamlet,Week3,Burke Station,Week1,313.0 Hamlet - 65.0 Burke Station
Hamlet,Week1,Little Rocky Run,Week3,211.0 Little Rocky Run - 191.0 Hamlet
Hamlet,Week2,Little Rocky Run,Week4,228.0 Hamlet - 174.0 Little Rocky Run
Hayfield Farm,Week1,Hollin Hills,Week2,298.0 Hayfield Farm - 104.0 Hollin Hills
Hayfield Farm,Week3,Hollin Hills,Week2,305.0 Hayfield Farm - 93.0 Hollin Hills
Hamlet,Week3,Poplar Heights,Week1,283.0 Hamlet - 119.0 Poplar Heights
Hamlet,Week5,Poplar Heights,Week1,289.0 Hamlet - 113.0 Poplar Heights
Hamlet,Week3,Burke Station,Week4,343.0 Hamlet - 58.0 Burke Station
Hamlet,Week4,Little Hunting Park,Week4,318.0 Hamlet - 84.0 Little Hunting Park
Hamlet,Week4,Hunter Mill,Week4,219.0 Hamlet - 183.0 Hunter Mill
Hamlet,Week5,Little Hunting Park,Week1,338.0 Hamlet - 64.0 Little Hunting Park
Hayfield Farm,Week2,Hollin Hills,Week2,303.0 Hayfield Farm - 99.0 Hollin Hills
Hamlet,Week2,Poplar Heights,Week2,273.0 Hamlet - 129.0 Poplar Heights
Hamlet,Week1,Hunter Mill,Week4,229.0 Hamlet - 173.0 Hunter Mill
Hamlet,Week4,Burke Station,Week1,296.0 Hamlet - 83.0 Burke Station
Greenbriar,Week1,Mantua,Week5,243.0 Mantua - 159.0 Greenbriar
Greenbriar,Week1,Mantua,Week4,223.0 Mantua - 179.0 Greenbriar
Hamlet,Week3,Burke Station,Week5,325.0 Hamlet - 77.0 Burke Station
Hayfield Farm,Week5,Highlands Swim,Week4,289.0 Highlands Swim - 113.0 Hayfield Farm
Hamlet,Week5,Little Hunting Park,Week2,346.0 Hamlet - 56.0 Little Hunting Park
Hayfield Farm,Week1,Hollin Hills,Week4,306.0 Hayfield Farm - 96.0 Hollin Hills
Hayfield Farm,Week2,Hollin Hills,Week5,292.0 Hayfield Farm - 110.0 Hollin Hills
Hamlet,Week1,Poplar Heights,Week1,265.5 Hamlet - 136.5 Poplar Heights
Hamlet,Week5,Pleasant Valley,Week5,362.0 Hamlet - 39.0 Pleasant Valley
Hamlet,Week2,Little Rocky Run,Week5,209.0 Hamlet - 193.0 Little Rocky Run
Hamlet,Week5,Little Hunting Park,Week5,317.0 Hamlet - 84.0 Little Hunting Park
Hamlet,Week3,Poplar Heights,Week4,270.5 Hamlet - 131.5 Poplar Heights
Hamlet,Week2,Little Rocky Run,Week3,208.0 Hamlet - 194.0 Little Rocky Run
Hamlet,Week4,Burke Station,Week5,312.0 Hamlet - 90.0 Burke Station
Greenbriar,Week2,Mantua,Week2,206.5 Greenbriar - 195.5 Mantua
Greenbriar,Week4,Mansion House,Week3,234.0 Mansion House - 168.0 Greenbriar
Hayfield Farm,Week1,Hollin Hills,Week3,300.0 Hayfield Farm - 102.0 Hollin Hills
Greenbriar,Week2,Mantua,Week3,231.0 Mantua - 171.0 Greenbriar
Hamlet,Week2,Burke Station,Week3,350.0 Hamlet - 47.0 Burke Station
Hayfield Farm,Week2,Hollin Hills,Week4,301.0 Hayfield Farm - 101.0 Hollin Hills
Greenbriar,Week2,Mantua,Week1,201.0 Greenbriar - 201.0 Mantua
Hamlet,Week4,Pleasant Valley,Week2,354.0 Hamlet - 48.0 Pleasant Valley
Hamlet,Week5,Burke Station,Week2,355.0 Hamlet - 47.0 Burke Station
Hamlet,Week2,Hunter Mill,Week1,256.0 Hamlet - 146.0 Hunter Mill
Hamlet,Week1,Hunter Mill,Week1,249.0 Hamlet - 153.0 Hunter Mill
Hamlet,Week5,Hunt Valley,Week3,234.0 Hamlet - 168.0 Hunt Valley
Hamlet,Week2,Hunter Mill,Week3,245.0 Hamlet - 157.0 Hunter Mill
Greenbriar,Week2,Mantua,Week4,206.0 Mantua - 196.0 Greenbriar
Hamlet,Week2,Camelot,Week1,310.0 Hamlet - 92.0 Camelot
Hamlet,Week5,Poplar Heights,Week5,273.0 Hamlet - 129.0 Poplar Heights
Hamlet,Week4,Poplar Heights,Week4,252.0 Hamlet - 150.0 Poplar Heights
Hamlet,Week1,Little Rocky Run,Week2,219.0 Hamlet - 183.0 Little Rocky Run
Hamlet,Week3,Poplar Tree,Week1,239.0 Hamlet - 163.0 Poplar Tree
Greenbriar,Week3,Mantua,Week1,209.0 Mantua - 193.0 Greenbriar
Hamlet,Week1,Camelot,Week3,295.0 Hamlet - 106.0 Camelot
Hamlet,Week1,Poplar Heights,Week5,256.0 Hamlet - 146.0 Poplar Heights
Hayfield Farm,Week2,Hollin Hills,Week3,305.0 Hayfield Farm - 97.0 Hollin Hills
Hamlet,Week5,Little Hunting Park,Week3,341.0 Hamlet - 61.0 Little Hunting Park
Hayfield Farm,Week5,Highlands Swim,Week3,308.0 Highlands Swim - 94.0 Hayfield Farm
Hayfield Farm,Week3,Hollin Hills,Week1,311.0 Hayfield Farm - 90.0 Hollin Hills
Hamlet,Week3,Little Rocky Run,Week4,229.0 Hamlet - 173.0 Little Rocky Run
Hayfield Farm,Week1,Hollin Hills,Week5,285.0 Hayfield Farm - 117.0 Hollin Hills
Hamlet,Week3,Little Rocky Run,Week1,233.0 Hamlet - 169.0 Little Rocky Run
Hamlet,Week2,Poplar Heights,Week1,290.0 Hamlet - 112.0 Poplar Heights
Hayfield Farm,Week4,Hollin Hills,Week1,309.0 Hayfield Farm - 93.0 Hollin Hills
Hamlet,Week5,Poplar Heights,Week2,281.5 Hamlet - 120.5 Poplar Heights
Hamlet,Week5,Hunt Valley,Week1,259.0 Hamlet - 143.0 Hunt Valley
Hayfield Farm,Week4,Highlands Swim,Week5,300.0 Highlands Swim - 102.0 Hayfield Farm
Hamlet,Week4,Hunt Valley,Week4,203.0 Hamlet - 199.0 Hunt Valley
Hamlet,Week4,Little Rocky Run,Week4,203.0 Little Rocky Run - 199.0 Hamlet
Hamlet,Week1,Little Rocky Run,Week4,203.0 Hamlet - 199.0 Little Rocky Run
Greenbriar,Week5,Mansion House,Week4,207.0 Greenbriar - 195.0 Mansion House
Hamlet,Week4,Burke Station,Week2,333.0 Hamlet - 69.0 Burke Station
Hamlet,Week3,Hunt Valley,Week4,218.5 Hamlet - 183.5 Hunt Valley
Hamlet,Week4,Hunt Valley,Week5,216.0 Hunt Valley - 186.0 Hamlet
Hamlet,Week1,Camelot,Week2,278.0 Hamlet - 123.0 Camelot
Hamlet,Week5,Hunter Mill,Week2,275.0 Hamlet - 127.0 Hunter Mill
Hamlet,Week2,Camelot,Week4,300.0 Hamlet - 102.0 Camelot
Hamlet,Week4,Burke Station,Week3,325.0 Hamlet - 72.0 Burke Station
Hamlet,Week4,Poplar Heights,Week5,246.0 Hamlet - 156.0 Poplar Heights
Greenbriar,Week2,Mantua,Week5,247.0 Mantua - 155.0 Greenbriar
Hayfield Farm,Week3,Hollin Hills,Week3,305.0 Hayfield Farm - 96.0 Hollin Hills
Hamlet,Week2,Little Rocky Run,Week2,242.0 Hamlet - 160.0 Little Rocky Run
Hamlet,Week5,Poplar Tree,Week1,258.0 Hamlet - 144.0 Poplar Tree
Hamlet,Week3,Hunt Valley,Week1,229.0 Hamlet - 173.0 Hunt Valley
Hamlet,Week1,Camelot,Week4,291.0 Hamlet - 111.0 Camelot
Hamlet,Week1,Hunter Mill,Week2,235.0 Hamlet - 167.0 Hunter Mill
Hamlet,Week2,Little Rocky Run,Week1,236.0 Hamlet - 166.0 Little Rocky Run
Hamlet,Week4,Hunt Valley,Week3,217.0 Hunt Valley - 185.0 Hamlet
Hamlet,Week2,Canterbury Woods,Week2,324.0 Hamlet - 78.0 Canterbury Woods
Hayfield Farm,Week4,Hollin Hills,Week3,301.0 Hayfield Farm - 101.0 Hollin Hills
Hamlet,Week3,Poplar Tree,Week3,238.0 Hamlet - 164.0 Poplar Tree
Hayfield Farm,Week3,Hollin Hills,Week5,302.0 Hayfield Farm - 99.0 Hollin Hills
Hamlet,Week4,Long Branch,Week1,311.5 Hamlet - 90.5 Long Branch
Hamlet,Week1,Ravensworth Farm,Week4,257.5 Hamlet - 144.5 Ravensworth Farm
Hamlet,Week4,Burke Station,Week4,335.0 Hamlet - 67.0 Burke Station
Hamlet,Week5,Little Rocky Run,Week2,259.0 Hamlet - 143.0 Little Rocky Run
Hamlet,Week5,Burke Station,Week3,351.0 Hamlet - 46.0 Burke Station
Hamlet,Week5,Hunt Valley,Week5,230.5 Hamlet - 171.5 Hunt Valley
Hayfield Farm,Week5,Highlands Swim,Week2,314.0 Highlands Swim - 88.0 Hayfield Farm
Hamlet,Week5,Burke Station,Week1,325.5 Hamlet - 53.5 Burke Station
Hamlet,Week2,Poplar Tree,Week5,223.0 Hamlet - 179.0 Poplar Tree
Hamlet,Week5,Little Rocky Run,Week1,249.0 Hamlet - 153.0 Little Rocky Run
Hamlet,Week5,Hunt Valley,Week2,268.0 Hamlet - 134.0 Hunt Valley
Hamlet,Week3,Hunter Mill,Week2,251.0 Hamlet - 151.0 Hunter Mill
Hamlet,Week4,Poplar Tree,Week4,238.0 Hamlet - 164.0 Poplar Tree
Hayfield Farm,Week5,Hollin Hills,Week2,304.0 Hayfield Farm - 98.0 Hollin Hills
Hamlet,Week3,Camelot,Week4,304.0 Hamlet - 98.0 Camelot
Hamlet,Week1,Hunter Mill,Week5,221.0 Hamlet - 181.0 Hunter Mill
Hamlet,Week1,Mansion House,Week1,246.0 Hamlet - 156.0 Mansion House
Hayfield Farm,Week3,Hollin Hills,Week4,309.0 Hayfield Farm - 89.0 Hollin Hills
Hamlet,Week3,Camelot,Week1,294.0 Hamlet - 108.0 Camelot
Hamlet,Week1,Ravensworth Farm,Week2,287.0 Hamlet - 115.0 Ravensworth Farm
Hamlet,Week1,Poplar Tree,Week2,246.0 Hamlet - 156.0 Poplar Tree
Hamlet,Week4,Camelot,Week5,279.0 Hamlet - 123.0 Camelot
Hamlet,Week2,Hunter Mill,Week5,230.0 Hamlet - 172.0 Hunter Mill
Hayfield Farm,Week2,Hollin Hills,Week1,311.0 Hayfield Farm - 91.0 Hollin Hills
Hamlet,Week5,Camelot,Week2,309.0 Hamlet - 93.0 Camelot
Hayfield Farm,Week5,Hollin Hills,Week5,277.0 Hayfield Farm - 125.0 Hollin Hills
Hamlet,Week5,Long Branch,Week4,333.0 Hamlet - 69.0 Long Branch
Hayfield Farm,Week5,Hollin Hills,Week3,305.0 Hayfield Farm - 97.0 Hollin Hills
Hamlet,Week2,Long Branch,Week4,326.0 Hamlet - 76.0 Long Branch
Hamlet,Week3,Hunter Mill,Week3,249.0 Hamlet - 153.0 Hunter Mill
Hamlet,Week3,Hunt Valley,Week3,204.0 Hamlet - 198.0 Hunt Valley
Hamlet,Week4,Long Branch,Week4,308.0 Hamlet - 94.0 Long Branch
Hamlet,Week3,Long Branch,Week5,318.0 Hamlet - 84.0 Long Branch
Hamlet,Week3,Long Branch,Week1,319.0 Hamlet - 83.0 Long Branch
Hamlet,Week1,Canterbury Woods,Week2,308.0 Hamlet - 93.0 Canterbury Woods
Hamlet,Week3,Hunt Valley,Week5,213.0 Hamlet - 189.0 Hunt Valley
Hamlet,Week2,Long Branch,Week3,333.0 Hamlet - 69.0 Long Branch
Hamlet,Week3,Hunter Mill,Week1,256.0 Hamlet - 146.0 Hunter Mill
Hayfield Farm,Week4,Hollin Hills,Week4,310.0 Hayfield Farm - 92.0 Hollin Hills
Hamlet,Week1,Poplar Tree,Week4,231.0 Hamlet - 171.0 Poplar Tree
Hamlet,Week1,Ravensworth Farm,Week5,245.0 Hamlet - 157.0 Ravensworth Farm
Hamlet,Week4,Hunt Valley,Week2,231.0 Hamlet - 171.0 Hunt Valley
Hamlet,Week1,Canterbury Woods,Week4,295.0 Hamlet - 107.0 Canterbury Woods
Hayfield Farm,Week5,Hollin Hills,Week4,294.0 Hayfield Farm - 107.0 Hollin Hills
Hamlet,Week4,Poplar Tree,Week1,224.0 Hamlet - 178.0 Poplar Tree
Hamlet,Week4,Poplar Tree,Week3,213.5 Hamlet - 188.5 Poplar Tree
Hayfield Farm,Week4,Hollin Hills,Week5,292.0 Hayfield Farm - 110.0 Hollin Hills
Hamlet,Week4,Long Branch,Week3,322.0 Hamlet - 80.0 Long Branch
Hamlet,Week4,Camelot,Week1,295.0 Hamlet - 107.0 Camelot
Hamlet,Week3,Camelot,Week2,288.0 Hamlet - 114.0 Camelot
Hamlet,Week2,Hunter Mill,Week4,247.0 Hamlet - 155.0 Hunter Mill
Hayfield Farm,Week5,Hollin Hills,Week1,299.0 Hayfield Farm - 103.0 Hollin Hills
Hamlet,Week5,Poplar Tree,Week2,262.0 Hamlet - 140.0 Poplar Tree
Hamlet,Week1,Long Branch,Week3,322.0 Hamlet - 80.0 Long Branch
Hamlet,Week3,Poplar Tree,Week5,215.0 Hamlet - 187.0 Poplar Tree
Hamlet,Week3,Hunter Mill,Week4,239.0 Hamlet - 163.0 Hunter Mill
Hamlet,Week1,Long Branch,Week1,314.0 Hamlet - 87.0 Long Branch
Hamlet,Week4,Hunter Mill,Week2,236.0 Hamlet - 166.0 Hunter Mill
Hamlet,Week2,Long Branch,Week5,318.0 Hamlet - 84.0 Long Branch
Hamlet,Week2,Long Branch,Week2,331.0 Hamlet - 71.0 Long Branch
Hamlet,Week1,Poplar Tree,Week3,220.0 Hamlet - 182.0 Poplar Tree
Hamlet,Week1,Ilda Community,Week1,333.0 Hamlet - 69.0 Ilda Community
Hamlet,Week3,Poplar Tree,Week4,246.5 Hamlet - 155.5 Poplar Tree
Hamlet,Week5,Poplar Heights,Week4,282.0 Hamlet - 120.0 Poplar Heights
Hamlet,Week4,Hunter Mill,Week1,229.0 Hamlet - 173.0 Hunter Mill
Hamlet,Week1,Canterbury Woods,Week3,308.5 Hamlet - 93.5 Canterbury Woods
Hamlet,Week1,Long Branch,Week2,318.0 Hamlet - 83.0 Long Branch
Hamlet,Week5,Camelot,Week1,308.0 Hamlet - 94.0 Camelot
Hamlet,Week1,Canterbury Woods,Week1,311.0 Hamlet - 91.0 Canterbury Woods
Hamlet,Week2,Poplar Tree,Week4,245.5 Hamlet - 156.5 Poplar Tree
Hamlet,Week2,Poplar Tree,Week1,239.0 Hamlet - 163.0 Poplar Tree
Hamlet,Week3,Poplar Tree,Week2,258.0 Hamlet - 144.0 Poplar Tree
Hamlet,Week4,Camelot,Week2,274.0 Hamlet - 128.0 Camelot
Hamlet,Week2,Poplar Tree,Week3,242.0 Hamlet - 160.0 Poplar Tree
Hamlet,Week5,Camelot,Week3,321.0 Hamlet - 81.0 Camelot
Hamlet,Week4,Hunter Mill,Week3,225.0 Hamlet - 176.0 Hunter Mill
Hamlet,Week1,Ilda Community,Week2,348.0 Hamlet - 54.0 Ilda Community
Hamlet,Week1,Long Branch,Week4,318.5 Hamlet - 83.5 Long Branch
Hamlet,Week5,Little Rocky Run,Week4,235.5 Hamlet - 166.5 Little Rocky Run
Hamlet,Week4,Camelot,Week3,285.0 Hamlet - 117.0 Camelot
Hamlet,Week4,Camelot,Week4,286.0 Hamlet - 116.0 Camelot
Hamlet,Week4,Poplar Tree,Week2,236.0 Hamlet - 166.0 Poplar Tree
Hamlet,Week1,Poplar Tree,Week1,227.0 Hamlet - 175.0 Poplar Tree
Hamlet,Week2,Long Branch,Week1,329.0 Hamlet - 73.0 Long Branch
Hamlet,Week4,Hunter Mill,Week5,205.0 Hunter Mill - 197.0 Hamlet
Hamlet,Week5,Camelot,Week5,307.0 Hamlet - 95.0 Camelot
Hamlet,Week5,Camelot,Week4,310.0 Hamlet - 92.0 Camelot
Hamlet,Week5,Hunter Mill,Week1,285.0 Hamlet - 117.0 Hunter Mill
Hamlet,Week1,Long Branch,Week5,301.0 Hamlet - 100.0 Long Branch
Hamlet,Week2,Camelot,Week5,301.0 Hamlet - 101.0 Camelot
Hamlet,Week3,Long Branch,Week2,329.0 Hamlet - 73.0 Long Branch
Hamlet,Week2,Ilda Community,Week3,354.0 Hamlet - 48.0 Ilda Community
Hamlet,Week2,Poplar Tree,Week2,257.0 Hamlet - 145.0 Poplar Tree
Hamlet,Week3,Hunter Mill,Week5,226.0 Hamlet - 176.0 Hunter Mill
Hamlet,Week5,Little Rocky Run,Week5,217.0 Hamlet - 185.0 Little Rocky Run
Hamlet,Week4,Long Branch,Week2,308.0 Hamlet - 94.0 Long Branch
Hamlet,Week1,Canterbury Woods,Week5,303.0 Hamlet - 95.0 Canterbury Woods
Hamlet,Week3,Camelot,Week5,289.0 Hamlet - 112.0 Camelot
Hamlet,Week5,Poplar Tree,Week5,240.0 Hamlet - 162.0 Poplar Tree
Hamlet,Week1,Ravensworth Farm,Week1,274.0 Hamlet - 128.0 Ravensworth Farm
Hamlet,Week4,Poplar Tree,Week5,203.0 Hamlet - 199.0 Poplar Tree
Hamlet,Week3,Camelot,Week3,300.0 Hamlet - 101.0 Camelot
Hamlet,Week5,Long Branch,Week1,348.0 Hamlet - 54.0 Long Branch
Hamlet,Week5,Long Branch,Week2,331.0 Hamlet - 71.0 Long Branch
Hamlet,Week4,Long Branch,Week5,297.0 Hamlet - 105.0 Long Branch
Hamlet,Week5,Poplar Tree,Week3,241.0 Hamlet - 161.0 Poplar Tree
Hamlet,Week4,Ilda Community,Week2,338.0 Hamlet - 64.0 Ilda Community
Hamlet,Week3,Long Branch,Week3,330.0 Hamlet - 71.0 Long Branch
Hamlet,Week5,Poplar Tree,Week4,249.0 Hamlet - 153.0 Poplar Tree
Hamlet,Week3,Ilda Community,Week3,347.0 Hamlet - 55.0 Ilda Community
Hamlet,Week1,Ilda Community,Week4,318.0 Hamlet - 84.0 Ilda Community
Hamlet,Week3,Ilda Community,Week2,360.0 Hamlet - 42.0 Ilda Community
Hamlet,Week1,Poplar Tree,Week5,203.0 Hamlet - 199.0 Poplar Tree
Hamlet,Week4,Ilda Community,Week4,320.0 Hamlet - 82.0 Ilda Community
Hamlet,Week3,Ilda Community,Week1,349.0 Hamlet - 53.0 Ilda Community
Hamlet,Week1,Ilda Community,Week5,336.0 Hamlet - 65.0 Ilda Community
Hamlet,Week3,Long Branch,Week4,337.0 Hamlet - 65.0 Long Branch
Hamlet,Week2,Canterbury Woods,Week1,330.0 Hamlet - 72.0 Canterbury Woods
Hamlet,Week1,Mansion House,Week3,243.5 Hamlet - 158.5 Mansion House
Greenbriar,Week4,Overlee,Week2,317.0 Overlee - 85.0 Greenbriar
Hamlet,Week2,Ravensworth Farm,Week4,284.0 Hamlet - 118.0 Ravensworth Farm
Hamlet,Week3,Ilda Community,Week4,340.0 Hamlet - 62.0 Ilda Community
Greenbriar,Week4,Vienna Woods,Week5,319.0 Vienna Woods - 83.0 Greenbriar
Hamlet,Week2,Mansion House,Week1,264.0 Hamlet - 138.0 Mansion House
Hamlet,Week1,Mansion House,Week4,274.0 Hamlet - 123.0 Mansion House
Hamlet,Week2,Ilda Community,Week4,343.0 Hamlet - 59.0 Ilda Community
Greenbriar,Week4,Vienna Woods,Week4,275.5 Vienna Woods - 126.5 Greenbriar
Hamlet,Week5,Ravensworth Farm,Week5,272.0 Hamlet - 130.0 Ravensworth Farm
Hamlet,Week1,Mansion House,Week2,251.0 Hamlet - 150.0 Mansion House
Greenbriar,Week3,Vienna Woods,Week4,266.0 Vienna Woods - 136.0 Greenbriar
Greenbriar,Week2,Overlee,Week3,274.0 Overlee - 128.0 Greenbriar
Greenbriar,Week1,Villa Aquatic,Week3,215.0 Villa Aquatic - 187.0 Greenbriar
Hamlet,Week4,Ilda Community,Week1,330.0 Hamlet - 72.0 Ilda Community
Hamlet,Week1,Mansion House,Week5,248.0 Hamlet - 154.0 Mansion House
Hamlet,Week3,Ilda Community,Week5,349.0 Hamlet - 53.0 Ilda Community
Hamlet,Week3,Ravensworth Farm,Week4,281.0 Hamlet - 121.0 Ravensworth Farm
Hamlet,Week5,Hunter Mill,Week3,277.0 Hamlet - 125.0 Hunter Mill
Hamlet,Week4,Ilda Community,Week3,331.0 Hamlet - 70.0 Ilda Community
Hamlet,Week2,Ilda Community,Week1,347.0 Hamlet - 55.0 Ilda Community
Greenbriar,Week4,Overlee,Week3,318.0 Overlee - 84.0 Greenbriar
Hamlet,Week1,Riverside Gardens,Week2,258.0 Hamlet - 144.0 Riverside Gardens
Greenbriar,Week5,Overlee,Week1,295.0 Overlee - 107.0 Greenbriar
Hamlet,Week2,Riverside Gardens,Week1,265.0 Hamlet - 137.0 Riverside Gardens
Hamlet,Week2,Mansion House,Week2,281.0 Hamlet - 121.0 Mansion House
Hamlet,Week5,Long Branch,Week5,328.0 Hamlet - 74.0 Long Branch
Hamlet,Week1,Ilda Community,Week3,334.0 Hamlet - 68.0 Ilda Community
Hamlet,Week5,Long Branch,Week3,337.0 Hamlet - 65.0 Long Branch
Hamlet,Week1,Ravensworth Farm,Week3,253.0 Hamlet - 148.0 Ravensworth Farm
Hamlet,Week1,Riverside Gardens,Week3,233.0 Hamlet - 169.0 Riverside Gardens
Hamlet,Week3,Ravensworth Farm,Week3,260.0 Hamlet - 142.0 Ravensworth Farm
Hamlet,Week3,Riverside Gardens,Week1,265.0 Hamlet - 137.0 Riverside Gardens
Hamlet,Week5,Mansion House,Week4,297.0 Hamlet - 105.0 Mansion House
Greenbriar,Week5,Ilda Community,Week1,279.0 Greenbriar - 123.0 Ilda Community
Greenbriar,Week2,Vienna Woods,Week2,259.5 Vienna Woods - 142.5 Greenbriar
Greenbriar,Week3,Parklawn,Week2,283.0 Greenbriar - 119.0 Parklawn
Hamlet,Week4,Mansion House,Week4,278.0 Hamlet - 124.0 Mansion House
Hamlet,Week5,Ilda Community,Week3,349.0 Hamlet - 53.0 Ilda Community
Greenbriar,Week2,Vienna Woods,Week1,257.0 Vienna Woods - 145.0 Greenbriar
Hamlet,Week3,Ravensworth Farm,Week5,272.0 Hamlet - 130.0 Ravensworth Farm
Greenbriar,Week2,Vienna Woods,Week5,281.0 Vienna Woods - 121.0 Greenbriar
Hamlet,Week5,Ilda Community,Week1,350.0 Hamlet - 52.0 Ilda Community
Greenbriar,Week3,Overlee,Week5,325.0 Overlee - 77.0 Greenbriar
Greenbriar,Week4,Vienna Woods,Week2,292.0 Vienna Woods - 110.0 Greenbriar
Hamlet,Week2,Ravensworth Farm,Week2,302.0 Hamlet - 100.0 Ravensworth Farm
Hamlet,Week4,Mansion House,Week2,256.0 Hamlet - 146.0 Mansion House
Greenbriar,Week2,Villa Aquatic,Week5,227.0 Greenbriar - 175.0 Villa Aquatic
Greenbriar,Week2,Villa Aquatic,Week3,206.0 Greenbriar - 196.0 Villa Aquatic
Hamlet,Week2,Mansion House,Week5,257.0 Hamlet - 145.0 Mansion House
Greenbriar,Week5,Overlee,Week2,309.0 Overlee - 93.0 Greenbriar
Hamlet,Week3,Mantua,Week2,274.0 Hamlet - 128.0 Mantua
Greenbriar,Week1,Parklawn,Week3,272.0 Greenbriar - 129.0 Parklawn
Hamlet,Week2,Ilda Community,Week5,362.0 Hamlet - 40.0 Ilda Community
Hamlet,Week5,Ilda Community,Week2,363.5 Hamlet - 38.5 Ilda Community
Hamlet,Week1,Mantua,Week5,207.0 Hamlet - 195.0 Mantua
Hamlet,Week4,Mansion House,Week5,253.0 Hamlet - 149.0 Mansion House
Greenbriar,Week3,Overlee,Week4,342.0 Overlee - 60.0 Greenbriar
Hamlet,Week5,Hunter Mill,Week4,263.0 Hamlet - 139.0 Hunter Mill
Hamlet,Week3,Mansion House,Week4,284.0 Hamlet - 118.0 Mansion House
Hamlet,Week4,Ravensworth Farm,Week5,245.0 Hamlet - 157.0 Ravensworth Farm
Greenbriar,Week3,Vienna Woods,Week5,298.0 Vienna Woods - 104.0 Greenbriar
Hamlet,Week5,Hunter Mill,Week5,246.0 Hamlet - 156.0 Hunter Mill
Hamlet,Week3,Ravensworth Farm,Week1,274.0 Hamlet - 128.0 Ravensworth Farm
Greenbriar,Week4,Kings Ridge ,Week4,268.0 Greenbriar - 134.0 Kings Ridge
Hamlet,Week2,Mantua,Week5,239.0 Hamlet - 163.0 Mantua
Hamlet,Week2,Ravensworth Farm,Week1,284.0 Hamlet - 118.0 Ravensworth Farm
Greenbriar,Week1,Parklawn,Week4,251.0 Greenbriar - 150.0 Parklawn
Greenbriar,Week2,Overlee,Week4,322.0 Overlee - 80.0 Greenbriar
Greenbriar,Week4,Vienna Woods,Week1,298.0 Vienna Woods - 104.0 Greenbriar
Hamlet,Week4,Ilda Community,Week5,330.0 Hamlet - 72.0 Ilda Community
Hamlet,Week4,Ravensworth Farm,Week1,261.0 Hamlet - 141.0 Ravensworth Farm
Hamlet,Week2,Ilda Community,Week2,358.0 Hamlet - 44.0 Ilda Community
Greenbriar,Week2,Overlee,Week2,286.0 Overlee - 116.0 Greenbriar
Hamlet,Week5,Ravensworth Farm,Week1,288.0 Hamlet - 114.0 Ravensworth Farm
Greenbriar,Week3,Vienna Woods,Week3,289.0 Vienna Woods - 113.0 Greenbriar
Hamlet,Week4,Ravensworth Farm,Week4,252.0 Hamlet - 150.0 Ravensworth Farm
Hamlet,Week5,Ravensworth Farm,Week2,296.0 Hamlet - 106.0 Ravensworth Farm
Greenbriar,Week1,Kings Ridge ,Week1,291.0 Greenbriar - 111.0 Kings Ridge
Hamlet,Week2,Mansion House,Week4,291.0 Hamlet - 111.0 Mansion House
Greenbriar,Week4,Overlee,Week5,337.0 Overlee - 65.0 Greenbriar
Greenbriar,Week3,Overlee,Week3,298.0 Overlee - 104.0 Greenbriar
Hamlet,Week4,Fox Hunt,Week5,261.0 Hamlet - 141.0 Fox Hunt
Greenbriar,Week4,Vienna Woods,Week3,306.0 Vienna Woods - 96.0 Greenbriar
Hamlet,Week4,Mansion House,Week1,259.0 Hamlet - 143.0 Mansion House
Hamlet,Week3,Fox Mill Estates,Week1,320.0 Hamlet - 82.0 Fox Mill Estates
Greenbriar,Week5,Overlee,Week5,320.0 Overlee - 82.0 Greenbriar
Greenbriar,Week2,Kings Ridge ,Week5,285.0 Greenbriar - 117.0 Kings Ridge
Hamlet,Week2,Ravensworth Farm,Week3,277.0 Hamlet - 125.0 Ravensworth Farm
Greenbriar,Week3,Vienna Woods,Week1,287.0 Vienna Woods - 115.0 Greenbriar
Greenbriar,Week1,Parklawn,Week1,290.0 Greenbriar - 103.0 Parklawn
Hamlet,Week5,Mansion House,Week5,258.0 Hamlet - 144.0 Mansion House
Hamlet,Week2,Fox Mill Estates,Week2,306.0 Hamlet - 96.0 Fox Mill Estates
Hamlet,Week1,Riverside Gardens,Week1,236.0 Hamlet - 166.0 Riverside Gardens
Greenbriar,Week5,Kings Ridge ,Week2,279.0 Greenbriar - 123.0 Kings Ridge
Hamlet,Week2,Ravensworth Farm,Week5,268.5 Hamlet - 133.5 Ravensworth Farm
Hamlet,Week3,Mansion House,Week1,266.0 Hamlet - 136.0 Mansion House
Hamlet,Week1,Fox Mill Estates,Week3,299.0 Hamlet - 102.0 Fox Mill Estates
Greenbriar,Week2,Vienna Woods,Week3,274.0 Vienna Woods - 128.0 Greenbriar
Greenbriar,Week3,Kings Ridge ,Week3,299.0 Greenbriar - 103.0 Kings Ridge
Hamlet,Week5,Ravensworth Farm,Week3,279.0 Hamlet - 123.0 Ravensworth Farm
Hamlet,Week3,Fox Hunt,Week4,288.0 Hamlet - 114.0 Fox Hunt
Greenbriar,Week1,Kings Ridge ,Week4,275.5 Greenbriar - 126.5 Kings Ridge
Greenbriar,Week3,Vienna Woods,Week2,279.0 Vienna Woods - 123.0 Greenbriar
Hamlet,Week4,Mansion House,Week3,241.0 Hamlet - 161.0 Mansion House
Greenbriar,Week1,Parklawn,Week2,277.0 Greenbriar - 124.0 Parklawn
Greenbriar,Week2,Parklawn,Week2,289.0 Greenbriar - 113.0 Parklawn
Greenbriar,Week5,Vienna Woods,Week2,265.0 Vienna Woods - 137.0 Greenbriar
Greenbriar,Week1,Parklawn,Week5,257.0 Greenbriar - 144.0 Parklawn
Greenbriar,Week1,Vienna Woods,Week5,292.0 Vienna Woods - 110.0 Greenbriar
Hamlet,Week3,Ravensworth Farm,Week2,285.0 Hamlet - 116.0 Ravensworth Farm
Hamlet,Week1,Riverside Gardens,Week4,207.0 Hamlet - 195.0 Riverside Gardens
Hamlet,Week3,Mansion House,Week2,263.0 Hamlet - 139.0 Mansion House
Hamlet,Week5,Mansion House,Week3,260.0 Hamlet - 142.0 Mansion House
Greenbriar,Week5,Vienna Woods,Week1,279.0 Vienna Woods - 123.0 Greenbriar
Hamlet,Week5,Ravensworth Farm,Week4,278.0 Hamlet - 124.0 Ravensworth Farm
Hamlet,Week2,Mantua,Week1,255.5 Hamlet - 146.5 Mantua
Greenbriar,Week2,Parklawn,Week1,303.0 Greenbriar - 90.0 Parklawn
Greenbriar,Week2,Kings Ridge ,Week4,294.0 Greenbriar - 108.0 Kings Ridge
Greenbriar,Week2,Vienna Woods,Week4,243.0 Vienna Woods - 159.0 Greenbriar
Hamlet,Week3,Mansion House,Week5,257.0 Hamlet - 145.0 Mansion House
Hamlet,Week2,Fox Mill Estates,Week3,302.0 Hamlet - 100.0 Fox Mill Estates
Greenbriar,Week1,Kings Ridge ,Week5,252.0 Greenbriar - 150.0 Kings Ridge
Greenbriar,Week2,Kings Ridge ,Week3,302.0 Greenbriar - 100.0 Kings Ridge
Greenbriar,Week5,Vienna Woods,Week3,282.0 Vienna Woods - 120.0 Greenbriar
Hamlet,Week1,Mantua,Week4,252.5 Hamlet - 149.5 Mantua
Hamlet,Week4,Fox Hunt,Week1,288.5 Hamlet - 113.5 Fox Hunt
Greenbriar,Week5,Kings Ridge ,Week3,279.5 Greenbriar - 120.5 Kings Ridge
Greenbriar,Week3,Overlee,Week2,302.0 Overlee - 100.0 Greenbriar
Greenbriar,Week5,Kent Gardens,Week4,211.0 Greenbriar - 191.0 Kent Gardens
Hamlet,Week2,Fox Mill Estates,Week5,296.0 Hamlet - 106.0 Fox Mill Estates
Hamlet,Week5,Fox Mill Estates,Week3,301.0 Hamlet - 101.0 Fox Mill Estates
Greenbriar,Week5,Overlee,Week4,335.0 Overlee - 67.0 Greenbriar
Hamlet,Week1,Fox Mill Estates,Week5,300.0 Hamlet - 102.0 Fox Mill Estates
Hamlet,Week4,Ravensworth Farm,Week2,279.0 Hamlet - 123.0 Ravensworth Farm
Hamlet,Week5,Mansion House,Week1,264.0 Hamlet - 138.0 Mansion House
Greenbriar,Week4,Overlee,Week1,317.0 Overlee - 85.0 Greenbriar
Greenbriar,Week3,Kings Ridge ,Week5,270.0 Greenbriar - 132.0 Kings Ridge
Greenbriar,Week2,Parklawn,Week4,266.0 Greenbriar - 136.0 Parklawn
Greenbriar,Week1,Vienna Woods,Week4,251.0 Vienna Woods - 151.0 Greenbriar
Greenbriar,Week3,Kings Ridge ,Week2,304.0 Greenbriar - 98.0 Kings Ridge
Hamlet,Week1,Riverside Gardens,Week5,211.0 Hamlet - 191.0 Riverside Gardens
Greenbriar,Week3,Parklawn,Week1,300.0 Greenbriar - 93.0 Parklawn
Greenbriar,Week3,Kings Ridge ,Week4,281.0 Greenbriar - 121.0 Kings Ridge
Greenbriar,Week1,Villa Aquatic,Week4,206.0 Greenbriar - 196.0 Villa Aquatic
Greenbriar,Week4,Kings Ridge ,Week5,263.5 Greenbriar - 138.5 Kings Ridge
Greenbriar,Week4,Kings Ridge ,Week1,292.0 Greenbriar - 110.0 Kings Ridge
Greenbriar,Week5,Vienna Woods,Week4,260.0 Vienna Woods - 142.0 Greenbriar
Greenbriar,Week1,Villa Aquatic,Week2,215.0 Greenbriar - 187.0 Villa Aquatic
Greenbriar,Week4,Kings Ridge ,Week3,267.0 Greenbriar - 135.0 Kings Ridge
Hamlet,Week1,Fox Mill Estates,Week2,292.0 Hamlet - 110.0 Fox Mill Estates
Hamlet,Week2,Mantua,Week2,287.0 Hamlet - 115.0 Mantua
Hamlet,Week2,Mantua,Week3,229.0 Hamlet - 173.0 Mantua
Greenbriar,Week3,Overlee,Week1,296.0 Overlee - 106.0 Greenbriar
Hamlet,Week2,Riverside Gardens,Week2,269.5 Hamlet - 132.5 Riverside Gardens
Hamlet,Week4,Ravensworth Farm,Week3,261.0 Hamlet - 141.0 Ravensworth Farm
Hamlet,Week2,Mansion House,Week3,256.0 Hamlet - 146.0 Mansion House
Hamlet,Week4,Fox Hunt,Week3,269.0 Hamlet - 133.0 Fox Hunt
Hamlet,Week2,Riverside Gardens,Week3,248.0 Hamlet - 154.0 Riverside Gardens
Greenbriar,Week4,Kings Ridge ,Week2,283.0 Greenbriar - 119.0 Kings Ridge
Hamlet,Week1,Mantua,Week3,217.0 Hamlet - 185.0 Mantua
Greenbriar,Week2,Overlee,Week5,306.0 Overlee - 96.0 Greenbriar
Hamlet,Week5,Mansion House,Week2,284.0 Hamlet - 118.0 Mansion House
Greenbriar,Week1,Villa Aquatic,Week1,224.0 Greenbriar - 178.0 Villa Aquatic
Hamlet,Week2,Riverside Gardens,Week4,239.0 Hamlet - 163.0 Riverside Gardens
Hamlet,Week5,Fox Hunt,Week5,285.0 Hamlet - 117.0 Fox Hunt
Greenbriar,Week5,Vienna Woods,Week5,294.0 Vienna Woods - 108.0 Greenbriar
Hamlet,Week3,Fox Hunt,Week5,284.0 Hamlet - 118.0 Fox Hunt
Hamlet,Week5,Fox Hunt,Week3,288.0 Hamlet - 114.0 Fox Hunt
Hamlet,Week4,Riverside Gardens,Week5,209.0 Hamlet - 193.0 Riverside Gardens
Hamlet,Week5,Fox Hunt,Week4,298.0 Hamlet - 104.0 Fox Hunt
Greenbriar,Week2,Parklawn,Week3,294.0 Greenbriar - 108.0 Parklawn
Greenbriar,Week1,Old Keene Mill,Week4,279.5 Greenbriar - 122.5 Old Keene Mill
Greenbriar,Week1,Villa Aquatic,Week5,207.0 Villa Aquatic - 195.0 Greenbriar
Greenbriar,Week4,Overlee,Week4,348.0 Overlee - 54.0 Greenbriar
Hamlet,Week1,Fox Mill Woods,Week1,219.0 Hamlet - 183.0 Fox Mill Woods
Hamlet,Week2,Riverside Gardens,Week5,227.0 Hamlet - 175.0 Riverside Gardens
Hamlet,Week3,Mansion House,Week3,248.0 Hamlet - 154.0 Mansion House
Greenbriar,Week2,Villa Aquatic,Week1,261.0 Greenbriar - 141.0 Villa Aquatic
Hamlet,Week2,Rolling Forest,Week3,295.0 Hamlet - 107.0 Rolling Forest
Hamlet,Week2,Rolling Forest,Week1,310.0 Hamlet - 92.0 Rolling Forest
Greenbriar,Week3,Kings Ridge ,Week1,299.0 Greenbriar - 103.0 Kings Ridge
Greenbriar,Week1,Kings Ridge ,Week2,307.0 Greenbriar - 95.0 Kings Ridge
Greenbriar,Week2,Villa Aquatic,Week2,241.0 Greenbriar - 161.0 Villa Aquatic
Hamlet,Week3,Fox Mill Estates,Week2,305.0 Hamlet - 97.0 Fox Mill Estates
Greenbriar,Week2,Villa Aquatic,Week4,224.0 Greenbriar - 178.0 Villa Aquatic
Greenbriar,Week2,Parklawn,Week5,273.0 Greenbriar - 129.0 Parklawn
Hamlet,Week3,Riverside Gardens,Week5,231.0 Hamlet - 171.0 Riverside Gardens
Hamlet,Week2,Fox Mill Estates,Week1,313.0 Hamlet - 89.0 Fox Mill Estates
Greenbriar,Week5,Oakton ,Week1,237.0 Oakton - 165.0 Greenbriar
Greenbriar,Week5,Oakton ,Week4,244.0 Oakton - 158.0 Greenbriar
Hamlet,Week1,Mantua,Week2,248.0 Hamlet - 154.0 Mantua
Greenbriar,Week4,Old Keene Mill,Week2,237.0 Greenbriar - 165.0 Old Keene Mill
Greenbriar,Week5,Kent Gardens,Week5,222.0 Kent Gardens - 180.0 Greenbriar
Hamlet,Week5,Riverside Gardens,Week2,284.0 Hamlet - 118.0 Riverside Gardens
Hamlet,Week4,Fox Mill Estates,Week1,301.0 Hamlet - 101.0 Fox Mill Estates
Hamlet,Week1,Mantua,Week1,243.0 Hamlet - 159.0 Mantua
Greenbriar,Week3,Parklawn,Week4,256.0 Greenbriar - 146.0 Parklawn
Hamlet,Week2,Mantua,Week4,260.0 Hamlet - 142.0 Mantua
Greenbriar,Week5,Overlee,Week3,302.0 Overlee - 100.0 Greenbriar
Greenbriar,Week5,Kings Ridge ,Week1,288.0 Greenbriar - 114.0 Kings Ridge
Greenbriar,Week2,Kings Ridge ,Week1,316.0 Greenbriar - 86.0 Kings Ridge
Greenbriar,Week1,Kings Ridge ,Week3,292.0 Greenbriar - 110.0 Kings Ridge
Hamlet,Week3,Mantua,Week3,231.0 Hamlet - 171.0 Mantua
Hamlet,Week5,Riverside Gardens,Week4,260.0 Hamlet - 142.0 Riverside Gardens
Greenbriar,Week3,Villa Aquatic,Week4,213.0 Greenbriar - 189.0 Villa Aquatic
Hamlet,Week3,Riverside Gardens,Week2,268.0 Hamlet - 134.0 Riverside Gardens
Greenbriar,Week5,Villa Aquatic,Week2,224.0 Greenbriar - 178.0 Villa Aquatic
Hamlet,Week4,Mantua,Week4,235.0 Hamlet - 167.0 Mantua
Greenbriar,Week5,Villa Aquatic,Week3,208.0 Villa Aquatic - 194.0 Greenbriar
Hamlet,Week1,Fox Mill Estates,Week4,286.0 Hamlet - 116.0 Fox Mill Estates
Hamlet,Week4,Riverside Gardens,Week4,207.0 Hamlet - 195.0 Riverside Gardens
Greenbriar,Week3,Parklawn,Week5,272.0 Greenbriar - 130.0 Parklawn
Hamlet,Week5,Mantua,Week1,267.0 Hamlet - 135.0 Mantua
Greenbriar,Week4,Villa Aquatic,Week4,212.0 Villa Aquatic - 190.0 Greenbriar
Hamlet,Week5,Fox Hunt,Week2,306.0 Hamlet - 96.0 Fox Hunt
Greenbriar,Week4,Parklawn,Week5,252.0 Greenbriar - 149.0 Parklawn
Hamlet,Week2,Rolling Forest,Week2,308.0 Hamlet - 94.0 Rolling Forest
Greenbriar,Week3,Old Keene Mill,Week5,263.0 Greenbriar - 139.0 Old Keene Mill
Hamlet,Week2,Fox Mill Estates,Week4,299.0 Hamlet - 103.0 Fox Mill Estates
Hamlet,Week1,Fox Mill Estates,Week1,307.0 Hamlet - 90.0 Fox Mill Estates
Hamlet,Week4,Fox Hunt,Week4,276.0 Hamlet - 126.0 Fox Hunt
Greenbriar,Week5,Kent Gardens,Week3,226.0 Greenbriar - 176.0 Kent Gardens
Greenbriar,Week4,Parklawn,Week1,283.0 Greenbriar - 110.0 Parklawn
Greenbriar,Week2,Kings Ridge ,Week2,309.0 Greenbriar - 93.0 Kings Ridge
Greenbriar,Week2,Village West,Week3,269.0 Greenbriar - 133.0 Village West
Hamlet,Week3,McLean,Week1,203.0 McLean - 199.0 Hamlet
Greenbriar,Week4,Oakton ,Week5,279.0 Oakton - 123.0 Greenbriar
Greenbriar,Week2,Old Keene Mill,Week1,280.0 Greenbriar - 122.0 Old Keene Mill
Greenbriar,Week4,Parklawn,Week2,264.0 Greenbriar - 137.0 Parklawn
Hamlet,Week3,Riverside Gardens,Week4,225.0 Hamlet - 177.0 Riverside Gardens
Greenbriar,Week1,Old Keene Mill,Week3,263.0 Greenbriar - 139.0 Old Keene Mill
Greenbriar,Week5,Oakton ,Week3,245.0 Oakton - 157.0 Greenbriar
Hamlet,Week3,Mantua,Week1,252.0 Hamlet - 149.0 Mantua
Greenbriar,Week5,Parklawn,Week1,282.0 Greenbriar - 111.0 Parklawn
Greenbriar,Week3,Villa Aquatic,Week5,202.0 Greenbriar - 200.0 Villa Aquatic
Hamlet,Week3,Fox Mill Estates,Week5,307.5 Hamlet - 94.5 Fox Mill Estates
Hamlet,Week5,Fox Hunt,Week1,329.0 Hamlet - 73.0 Fox Hunt
Greenbriar,Week5,Parklawn,Week4,256.0 Greenbriar - 146.0 Parklawn
Hamlet,Week4,Fox Mill Estates,Week2,286.0 Hamlet - 116.0 Fox Mill Estates
Greenbriar,Week3,Old Keene Mill,Week3,259.0 Greenbriar - 143.0 Old Keene Mill
Greenbriar,Week2,Old Keene Mill,Week3,267.0 Greenbriar - 135.0 Old Keene Mill
Hamlet,Week2,McLean,Week4,212.0 Hamlet - 190.0 McLean
Hamlet,Week2,McLean,Week2,221.0 McLean - 181.0 Hamlet
Hamlet,Week3,Rolling Forest,Week3,267.0 Hamlet - 135.0 Rolling Forest
Hamlet,Week4,McLean,Week4,226.0 McLean - 175.0 Hamlet
Hamlet,Week4,Rolling Forest,Week2,293.5 Hamlet - 108.5 Rolling Forest
Hamlet,Week5,Mantua,Week5,255.0 Hamlet - 147.0 Mantua
Greenbriar,Week2,Parliament,Week1,242.0 Greenbriar - 158.0 Parliament
Greenbriar,Week1,Parliament,Week2,251.0 Greenbriar - 151.0 Parliament
Greenbriar,Week4,Villa Aquatic,Week5,216.0 Villa Aquatic - 186.0 Greenbriar
Hamlet,Week4,Fox Mill Estates,Week3,287.0 Hamlet - 115.0 Fox Mill Estates
Greenbriar,Week3,Village West,Week4,265.0 Greenbriar - 132.0 Village West
Greenbriar,Week1,Parliament,Week1,212.0 Greenbriar - 190.0 Parliament
Greenbriar,Week1,Parliament,Week4,242.0 Greenbriar - 160.0 Parliament
Hamlet,Week3,Fox Mill Estates,Week4,298.0 Hamlet - 104.0 Fox Mill Estates
Hamlet,Week3,Fox Mill Estates,Week3,299.5 Hamlet - 102.5 Fox Mill Estates
Hamlet,Week2,Rolling Forest,Week5,290.0 Hamlet - 112.0 Rolling Forest
Greenbriar,Week1,Village West,Week2,265.0 Greenbriar - 137.0 Village West
Hamlet,Week1,Rolling Forest,Week1,290.0 Hamlet - 112.0 Rolling Forest
Hamlet,Week2,McLean,Week1,203.0 Hamlet - 199.0 McLean
Hamlet,Week4,Mantua,Week2,257.0 Hamlet - 145.0 Mantua
Hamlet,Week3,Rolling Forest,Week4,302.5 Hamlet - 99.5 Rolling Forest
Greenbriar,Week3,Parklawn,Week3,298.0 Greenbriar - 104.0 Parklawn
Greenbriar,Week3,Villa Aquatic,Week1,240.0 Greenbriar - 162.0 Villa Aquatic
Greenbriar,Week5,Old Keene Mill,Week4,261.0 Greenbriar - 140.0 Old Keene Mill
Greenbriar,Week4,Oakton ,Week4,278.0 Oakton - 124.0 Greenbriar
Hamlet,Week4,Fox Hunt,Week2,283.0 Hamlet - 119.0 Fox Hunt
Greenbriar,Week2,Orange Hunt,Week1,224.0 Greenbriar - 178.0 Orange Hunt
Greenbriar,Week1,Village West,Week1,281.0 Greenbriar - 121.0 Village West
Hamlet,Week1,Rolling Forest,Week4,296.0 Hamlet - 106.0 Rolling Forest
Greenbriar,Week2,Old Keene Mill,Week5,260.0 Greenbriar - 142.0 Old Keene Mill
Hamlet,Week3,Mantua,Week4,262.0 Hamlet - 140.0 Mantua
Hamlet,Week3,Rolling Forest,Week1,306.0 Hamlet - 96.0 Rolling Forest
Greenbriar,Week5,Parklawn,Week5,260.0 Greenbriar - 142.0 Parklawn
Greenbriar,Week1,Orange Hunt,Week2,208.0 Orange Hunt - 194.0 Greenbriar
Greenbriar,Week3,Villa Aquatic,Week2,229.0 Greenbriar - 173.0 Villa Aquatic
Hamlet,Week5,Mantua,Week3,247.0 Hamlet - 155.0 Mantua
Greenbriar,Week1,Old Keene Mill,Week5,257.0 Greenbriar - 145.0 Old Keene Mill
Greenbriar,Week2,Village West,Week1,293.0 Greenbriar - 109.0 Village West
Hamlet,Week3,McLean,Week5,224.0 McLean - 178.0 Hamlet
Greenbriar,Week1,Parliament,Week5,230.0 Greenbriar - 172.0 Parliament
Greenbriar,Week2,Parliament,Week3,255.0 Greenbriar - 147.0 Parliament
Hamlet,Week4,Rolling Forest,Week4,302.0 Hamlet - 100.0 Rolling Forest
Greenbriar,Week2,Parliament,Week4,259.0 Greenbriar - 143.0 Parliament
Greenbriar,Week5,Oakton ,Week2,263.0 Oakton - 139.0 Greenbriar
Greenbriar,Week5,Villa Aquatic,Week4,208.0 Greenbriar - 194.0 Villa Aquatic
Hamlet,Week4,McLean,Week5,255.0 McLean - 147.0 Hamlet
Hamlet,Week4,Fox Mill Estates,Week5,284.0 Hamlet - 118.0 Fox Mill Estates
Hamlet,Week3,Riverside Gardens,Week3,241.0 Hamlet - 161.0 Riverside Gardens
Hamlet,Week5,Fox Mill Estates,Week1,323.0 Hamlet - 79.0 Fox Mill Estates
Greenbriar,Week4,Villa Aquatic,Week3,216.0 Villa Aquatic - 186.0 Greenbriar
Greenbriar,Week3,Villa Aquatic,Week3,208.0 Greenbriar - 194.0 Villa Aquatic
Greenbriar,Week1,Parliament,Week3,236.0 Greenbriar - 166.0 Parliament
Hamlet,Week5,Riverside Gardens,Week1,276.0 Hamlet - 126.0 Riverside Gardens
Greenbriar,Week5,Old Keene Mill,Week2,252.0 Greenbriar - 150.0 Old Keene Mill
Hamlet,Week4,Fox Mill Estates,Week4,274.0 Hamlet - 128.0 Fox Mill Estates
Greenbriar,Week4,Oakton ,Week3,269.0 Oakton - 133.0 Greenbriar
Hamlet,Week4,McLean,Week3,241.0 McLean - 161.0 Hamlet
Hamlet,Week5,Fox Mill Estates,Week2,304.0 Hamlet - 98.0 Fox Mill Estates
Hamlet,Week3,Fox Mill Woods,Week2,242.0 Hamlet - 160.0 Fox Mill Woods
Hamlet,Week5,Mantua,Week4,271.0 Hamlet - 131.0 Mantua
Hamlet,Week3,Fox Mill Woods,Week5,240.0 Hamlet - 162.0 Fox Mill Woods
Greenbriar,Week5,Parklawn,Week3,282.0 Greenbriar - 120.0 Parklawn
Hamlet,Week5,Riverside Gardens,Week3,273.5 Hamlet - 128.5 Riverside Gardens
Greenbriar,Week2,Old Keene Mill,Week2,268.0 Greenbriar - 134.0 Old Keene Mill
Greenbriar,Week1,Old Keene Mill,Week2,264.0 Greenbriar - 138.0 Old Keene Mill
Greenbriar,Week5,Parklawn,Week2,271.0 Greenbriar - 130.0 Parklawn
Greenbriar,Week4,Parklawn,Week4,248.0 Greenbriar - 153.0 Parklawn
Hamlet,Week1,McLean,Week5,243.0 McLean - 159.0 Hamlet
Hamlet,Week5,McLean,Week1,218.0 Hamlet - 184.0 McLean
Hamlet,Week1,Fox Mill Woods,Week5,212.0 Hamlet - 190.0 Fox Mill Woods
Greenbriar,Week2,Village West,Week4,274.0 Greenbriar - 123.0 Village West
Greenbriar,Week5,Villa Aquatic,Week5,203.0 Villa Aquatic - 199.0 Greenbriar
Hamlet,Week5,Mantua,Week2,274.0 Hamlet - 128.0 Mantua
Hamlet,Week1,McLean,Week4,211.5 McLean - 190.5 Hamlet
Greenbriar,Week3,Old Keene Mill,Week1,278.0 Greenbriar - 124.0 Old Keene Mill
Hamlet,Week1,Rolling Forest,Week2,288.0 Hamlet - 114.0 Rolling Forest
Greenbriar,Week4,Parklawn,Week3,280.0 Greenbriar - 121.0 Parklawn
Hamlet,Week5,Riverside Gardens,Week5,234.0 Hamlet - 168.0 Riverside Gardens
Hamlet,Week5,Fox Mill Estates,Week4,301.0 Hamlet - 101.0 Fox Mill Estates
Greenbriar,Week4,Village West,Week2,255.0 Greenbriar - 147.0 Village West
Greenbriar,Week5,Oakton ,Week5,266.5 Oakton - 135.5 Greenbriar
Greenbriar,Week1,Old Keene Mill,Week1,274.0 Greenbriar - 128.0 Old Keene Mill
Greenbriar,Week4,Village West,Week1,274.0 Greenbriar - 128.0 Village West
Hamlet,Week4,Riverside Gardens,Week1,233.0 Hamlet - 169.0 Riverside Gardens
Hamlet,Week4,Riverside Gardens,Week2,246.0 Hamlet - 156.0 Riverside Gardens
Hamlet,Week2,Fox Mill Woods,Week1,219.0 Hamlet - 183.0 Fox Mill Woods
Hamlet,Week5,Fox Mill Estates,Week5,308.0 Hamlet - 94.0 Fox Mill Estates
Hamlet,Week4,Riverside Gardens,Week3,228.0 Hamlet - 174.0 Riverside Gardens
Greenbriar,Week3,Village West,Week2,263.0 Greenbriar - 139.0 Village West
Hamlet,Week1,McLean,Week3,224.0 McLean - 178.0 Hamlet
Greenbriar,Week2,Old Keene Mill,Week4,280.0 Greenbriar - 122.0 Old Keene Mill
Greenbriar,Week3,Village West,Week5,277.0 Greenbriar - 125.0 Village West
Greenbriar,Week2,Parliament,Week2,261.0 Greenbriar - 141.0 Parliament
Hamlet,Week5,Fox Mill Woods,Week3,265.0 Hamlet - 137.0 Fox Mill Woods
Hamlet,Week4,Mantua,Week5,205.0 Hamlet - 197.0 Mantua
Hamlet,Week4,Mantua,Week1,237.5 Hamlet - 164.5 Mantua
Hamlet,Week5,Rolling Forest,Week3,296.0 Hamlet - 106.0 Rolling Forest
Greenbriar,Week5,Old Keene Mill,Week3,250.0 Greenbriar - 152.0 Old Keene Mill
Hamlet,Week2,Fox Mill Woods,Week3,255.0 Hamlet - 147.0 Fox Mill Woods
Hamlet,Week1,Rolling Forest,Week5,267.0 Hamlet - 135.0 Rolling Forest
Greenbriar,Week5,Old Keene Mill,Week1,261.0 Greenbriar - 139.0 Old Keene Mill
Greenbriar,Week3,Old Keene Mill,Week4,271.0 Greenbriar - 131.0 Old Keene Mill
Greenbriar,Week4,Villa Aquatic,Week2,211.0 Greenbriar - 191.0 Villa Aquatic
Hamlet,Week3,Mantua,Week5,227.0 Hamlet - 175.0 Mantua
Hamlet,Week5,Rolling Hills,Week1,335.0 Hamlet - 67.0 Rolling Hills
Greenbriar,Week4,Villa Aquatic,Week1,213.0 Greenbriar - 189.0 Villa Aquatic
Greenbriar,Week1,Village West,Week5,266.0 Greenbriar - 136.0 Village West
Hamlet,Week4,Fox Mill Woods,Week1,212.0 Hamlet - 190.0 Fox Mill Woods
Hamlet,Week2,Fox Mill Woods,Week4,234.0 Hamlet - 168.0 Fox Mill Woods
Greenbriar,Week5,Villa Aquatic,Week1,236.0 Greenbriar - 166.0 Villa Aquatic
Greenbriar,Week3,Old Keene Mill,Week2,252.0 Greenbriar - 150.0 Old Keene Mill
Hamlet,Week1,McLean,Week2,235.0 McLean - 167.0 Hamlet
Greenbriar,Week4,Old Keene Mill,Week1,254.5 Greenbriar - 147.5 Old Keene Mill
Hamlet,Week3,Rolling Forest,Week5,279.0 Hamlet - 123.0 Rolling Forest
Greenbriar,Week2,Village West,Week5,284.0 Greenbriar - 118.0 Village West
Greenbriar,Week1,Orange Hunt,Week1,209.5 Greenbriar - 192.5 Orange Hunt
Greenbriar,Week1,Orange Hunt,Week3,213.0 Orange Hunt - 189.0 Greenbriar
Hamlet,Week2,McLean,Week3,216.0 McLean - 186.0 Hamlet
Hamlet,Week1,McLean,Week1,207.0 McLean - 195.0 Hamlet
Greenbriar,Week1,Village West,Week3,246.0 Greenbriar - 156.0 Village West
Hamlet,Week4,Mantua,Week3,209.0 Hamlet - 193.0 Mantua
Hamlet,Week3,Fox Mill Woods,Week3,261.0 Hamlet - 141.0 Fox Mill Woods
Greenbriar,Week1,Village West,Week4,258.0 Greenbriar - 139.0 Village West
Hamlet,Week4,Fox Mill Woods,Week5,201.0 Fox Mill Woods - 200.0 Hamlet
Hamlet,Week5,Fox Mill Woods,Week1,254.0 Hamlet - 148.0 Fox Mill Woods
Hamlet,Week4,Fox Mill Woods,Week2,215.0 Hamlet - 187.0 Fox Mill Woods
Greenbriar,Week2,Village West,Week2,274.0 Greenbriar - 128.0 Village West
Hamlet,Week4,Rolling Forest,Week1,290.5 Hamlet - 111.5 Rolling Forest
Hamlet,Week3,Rolling Forest,Week2,294.0 Hamlet - 108.0 Rolling Forest
Hamlet,Week2,Rolling Forest,Week4,317.5 Hamlet - 84.5 Rolling Forest
Hamlet,Week2,McLean,Week5,227.0 McLean - 175.0 Hamlet
Greenbriar,Week4,Old Keene Mill,Week3,245.0 Greenbriar - 157.0 Old Keene Mill
Greenbriar,Week4,Old Keene Mill,Week4,249.0 Greenbriar - 153.0 Old Keene Mill
Hamlet,Week4,Rolling Forest,Week3,272.0 Hamlet - 130.0 Rolling Forest
Hamlet,Week1,Rolling Forest,Week3,273.0 Hamlet - 129.0 Rolling Forest
Hamlet,Week2,Fox Mill Woods,Week5,239.0 Hamlet - 163.0 Fox Mill Woods
Hamlet,Week1,Fox Mill Woods,Week2,232.0 Hamlet - 170.0 Fox Mill Woods
Hamlet,Week4,Rolling Hills,Week5,312.0 Hamlet - 90.0 Rolling Hills
Hamlet,Week5,Rolling Forest,Week2,315.0 Hamlet - 87.0 Rolling Forest
Hamlet,Week3,McLean,Week2,227.0 McLean - 175.0 Hamlet
Hamlet,Week3,McLean,Week3,212.0 McLean - 189.0 Hamlet
Greenbriar,Week1,Orange Hunt,Week4,206.0 Greenbriar - 196.0 Orange Hunt
Hamlet,Week2,Fox Mill Woods,Week2,252.0 Hamlet - 150.0 Fox Mill Woods
Hamlet,Week3,Rolling Hills,Week5,322.0 Hamlet - 80.0 Rolling Hills
Greenbriar,Week3,Village West,Week3,258.0 Greenbriar - 144.0 Village West
Greenbriar,Week1,Virginia Hills,Week1,344.0 Greenbriar - 58.0 Virginia Hills
Greenbriar,Week4,Virginia Hills,Week3,342.0 Greenbriar - 60.0 Virginia Hills
Greenbriar,Week4,Old Keene Mill,Week5,232.0 Greenbriar - 170.0 Old Keene Mill
Hamlet,Week3,McLean,Week4,204.0 Hamlet - 198.0 McLean
Hamlet,Week4,McLean,Week2,247.0 McLean - 155.0 Hamlet
Greenbriar,Week1,Orange Hunt,Week5,218.0 Orange Hunt - 184.0 Greenbriar
Greenbriar,Week2,Virginia Hills,Week2,345.0 Greenbriar - 57.0 Virginia Hills
Hamlet,Week4,McLean,Week1,232.0 McLean - 170.0 Hamlet
Greenbriar,Week3,Village West,Week1,285.0 Greenbriar - 117.0 Village West
Hamlet,Week5,Fox Mill Woods,Week2,263.0 Hamlet - 139.0 Fox Mill Woods
Hamlet,Week4,Fox Mill Woods,Week4,215.5 Hamlet - 186.5 Fox Mill Woods
Greenbriar,Week5,Old Keene Mill,Week5,253.0 Greenbriar - 149.0 Old Keene Mill
Hamlet,Week1,Rolling Hills,Week3,311.0 Hamlet - 91.0 Rolling Hills
Greenbriar,Week1,Virginia Hills,Week3,356.0 Greenbriar - 46.0 Virginia Hills
Greenbriar,Week2,Orange Hunt,Week4,222.0 Greenbriar - 180.0 Orange Hunt
Hamlet,Week1,Great Falls,Week1,294.0 Hamlet - 108.0 Great Falls
Hamlet,Week5,Rolling Forest,Week5,307.0 Hamlet - 95.0 Rolling Forest
Greenbriar,Week3,Orange Hunt,Week5,218.0 Orange Hunt - 184.0 Greenbriar
Hamlet,Week5,McLean,Week3,220.0 McLean - 182.0 Hamlet
Greenbriar,Week4,Virginia Hills,Week2,348.0 Greenbriar - 54.0 Virginia Hills
Greenbriar,Week3,Orange Hunt,Week1,214.0 Greenbriar - 188.0 Orange Hunt
Greenbriar,Week3,Orange Hunt,Week4,208.5 Orange Hunt - 193.5 Greenbriar
Hamlet,Week1,Rolling Hills,Week4,314.0 Hamlet - 84.0 Rolling Hills
Hamlet,Week5,Rolling Forest,Week1,307.0 Hamlet - 95.0 Rolling Forest
Greenbriar,Week5,Virginia Hills,Week4,341.0 Greenbriar - 59.0 Virginia Hills
Hamlet,Week4,Rolling Forest,Week5,271.0 Hamlet - 131.0 Rolling Forest
Hamlet,Week4,Mosby Woods,Week4,224.0 Hamlet - 177.0 Mosby Woods
Hamlet,Week1,Great Falls,Week2,268.0 Hamlet - 116.0 Great Falls
Hamlet,Week2,Rolling Hills,Week2,324.0 Hamlet - 78.0 Rolling Hills
Greenbriar,Week5,Orange Hunt,Week2,203.0 Orange Hunt - 199.0 Greenbriar
Hamlet,Week1,Mosby Woods,Week5,223.0 Hamlet - 179.0 Mosby Woods
Greenbriar,Week2,Orange Hunt,Week5,206.0 Orange Hunt - 195.0 Greenbriar
Greenbriar,Week1,Virginia Hills,Week2,350.0 Greenbriar - 52.0 Virginia Hills
Hamlet,Week5,Rolling Forest,Week4,323.0 Hamlet - 79.0 Rolling Forest
Greenbriar,Week4,Village West,Week4,259.0 Greenbriar - 138.0 Village West
Greenbriar,Week5,Village West,Week2,267.0 Greenbriar - 135.0 Village West
Hamlet,Week2,Mosby Woods,Week5,231.0 Hamlet - 171.0 Mosby Woods
Hamlet,Week1,Fox Mill Woods,Week3,229.0 Hamlet - 173.0 Fox Mill Woods
Hamlet,Week1,Mount Vernon Park,Week1,219.0 Hamlet - 183.0 Mount Vernon Park
Hamlet,Week3,Fox Mill Woods,Week4,242.0 Hamlet - 160.0 Fox Mill Woods
Greenbriar,Week4,Orange Hunt,Week5,234.0 Orange Hunt - 168.0 Greenbriar
Hamlet,Week2,Rolling Hills,Week1,324.5 Hamlet - 77.5 Rolling Hills
Hamlet,Week5,Fox Mill Woods,Week5,243.0 Hamlet - 159.0 Fox Mill Woods
Greenbriar,Week2,Virginia Hills,Week1,344.5 Greenbriar - 57.5 Virginia Hills
Hamlet,Week4,Fox Mill Woods,Week3,231.0 Hamlet - 171.0 Fox Mill Woods
Hamlet,Week5,Mosby Woods,Week2,235.0 Hamlet - 167.0 Mosby Woods
Hamlet,Week5,Mosby Woods,Week3,243.0 Hamlet - 159.0 Mosby Woods
Greenbriar,Week5,Orange Hunt,Week1,205.0 Greenbriar - 197.0 Orange Hunt
Hamlet,Week2,Rolling Hills,Week3,324.0 Hamlet - 78.0 Rolling Hills
Greenbriar,Week1,Virginia Hills,Week4,361.0 Greenbriar - 41.0 Virginia Hills
Hamlet,Week3,Rolling Hills,Week1,317.0 Hamlet - 85.0 Rolling Hills
Hamlet,Week5,Fox Mill Woods,Week4,268.0 Hamlet - 134.0 Fox Mill Woods
Hamlet,Week3,Mosby Woods,Week1,202.0 Mosby Woods - 200.0 Hamlet
Hamlet,Week1,Greenbriar,Week2,240.0 Hamlet - 162.0 Greenbriar
Hamlet,Week3,Fox Mill Woods,Week1,228.0 Hamlet - 174.0 Fox Mill Woods
Hamlet,Week2,Rolling Hills,Week4,328.0 Hamlet - 74.0 Rolling Hills
Greenbriar,Week5,Orange Hunt,Week4,204.0 Greenbriar - 198.0 Orange Hunt
Greenbriar,Week5,Village West,Week5,280.0 Greenbriar - 122.0 Village West
Hamlet,Week2,Mosby Woods,Week4,256.5 Hamlet - 145.5 Mosby Woods
Hamlet,Week3,Rolling Hills,Week2,313.0 Hamlet - 89.0 Rolling Hills
Greenbriar,Week4,Village West,Week3,239.0 Greenbriar - 163.0 Village West
Hamlet,Week1,Fox Mill Woods,Week4,221.0 Hamlet - 181.0 Fox Mill Woods
Hamlet,Week4,Rolling Hills,Week1,315.0 Hamlet - 86.0 Rolling Hills
Hamlet,Week1,Mosby Woods,Week3,214.0 Hamlet - 188.0 Mosby Woods
Hamlet,Week3,Rolling Hills,Week3,310.0 Hamlet - 92.0 Rolling Hills
Greenbriar,Week1,Virginia Hills,Week5,333.5 Greenbriar - 68.5 Virginia Hills
Greenbriar,Week1,Overlee,Week4,338.0 Overlee - 64.0 Greenbriar
Greenbriar,Week2,Orange Hunt,Week3,213.0 Greenbriar - 189.0 Orange Hunt
Hamlet,Week2,Greenbriar,Week4,303.5 Hamlet - 98.5 Greenbriar
Hamlet,Week4,Rolling Hills,Week2,301.0 Hamlet - 101.0 Rolling Hills
Hamlet,Week1,Mosby Woods,Week2,203.5 Hamlet - 198.5 Mosby Woods
Greenbriar,Week5,Village West,Week3,252.0 Greenbriar - 150.0 Village West
Hamlet,Week3,Rolling Hills,Week4,319.0 Hamlet - 82.0 Rolling Hills
Hamlet,Week2,Rolling Hills,Week5,323.0 Hamlet - 79.0 Rolling Hills
Hamlet,Week4,Mosby Woods,Week1,204.0 Mosby Woods - 198.0 Hamlet
Hamlet,Week3,Mosby Woods,Week2,207.0 Hamlet - 195.0 Mosby Woods
Greenbriar,Week4,Orange Hunt,Week4,229.5 Orange Hunt - 172.5 Greenbriar
Hamlet,Week2,Greenbriar,Week2,260.0 Hamlet - 142.0 Greenbriar
Hamlet,Week4,Great Falls,Week3,253.0 Hamlet - 149.0 Great Falls
Greenbriar,Week1,Overlee,Week2,306.0 Overlee - 96.0 Greenbriar
Greenbriar,Week3,Orange Hunt,Week3,210.0 Orange Hunt - 192.0 Greenbriar
Greenbriar,Week2,Virginia Hills,Week3,352.0 Greenbriar - 50.0 Virginia Hills
Hamlet,Week3,Great Falls,Week3,271.0 Hamlet - 131.0 Great Falls
Greenbriar,Week1,Little Hunting Park,Week5,244.0 Greenbriar - 158.0 Little Hunting Park
Greenbriar,Week4,Village West,Week5,259.0 Greenbriar - 143.0 Village West
Hamlet,Week2,Mosby Woods,Week2,214.0 Hamlet - 188.0 Mosby Woods
Greenbriar,Week5,Village West,Week1,280.0 Greenbriar - 122.0 Village West
Hamlet,Week4,Great Falls,Week4,274.0 Hamlet - 128.0 Great Falls
Hamlet,Week3,Mosby Woods,Week5,228.0 Hamlet - 174.0 Mosby Woods
Greenbriar,Week1,Overlee,Week1,288.0 Overlee - 114.0 Greenbriar
Hamlet,Week3,Great Falls,Week4,280.0 Hamlet - 121.0 Great Falls
Greenbriar,Week2,Little Hunting Park,Week1,289.0 Greenbriar - 113.0 Little Hunting Park
Greenbriar,Week4,Orange Hunt,Week2,220.0 Orange Hunt - 182.0 Greenbriar
Greenbriar,Week4,Orange Hunt,Week3,223.0 Orange Hunt - 179.0 Greenbriar
Hamlet,Week4,Mosby Woods,Week3,221.0 Hamlet - 181.0 Mosby Woods
Greenbriar,Week2,Virginia Hills,Week5,333.0 Greenbriar - 69.0 Virginia Hills
Greenbriar,Week5,Village West,Week4,270.0 Greenbriar - 127.0 Village West
Hamlet,Week5,Mosby Woods,Week1,231.0 Hamlet - 171.0 Mosby Woods
Hamlet,Week4,Rolling Hills,Week3,312.0 Hamlet - 90.0 Rolling Hills
Greenbriar,Week3,Orange Hunt,Week2,202.0 Orange Hunt - 200.0 Greenbriar
Greenbriar,Week2,Lincolnia Park,Week4,314.0 Greenbriar - 88.0 Lincolnia Park
Hamlet,Week2,Great Falls,Week4,283.0 Hamlet - 119.0 Great Falls
Hamlet,Week1,Rolling Hills,Week1,309.0 Hamlet - 92.0 Rolling Hills
Greenbriar,Week3,Virginia Hills,Week1,357.0 Greenbriar - 45.0 Virginia Hills
Greenbriar,Week2,Orange Hunt,Week2,223.0 Greenbriar - 179.0 Orange Hunt
Hamlet,Week2,Mosby Woods,Week1,214.0 Hamlet - 188.0 Mosby Woods
Hamlet,Week4,Mosby Woods,Week2,209.0 Mosby Woods - 193.0 Hamlet
Hamlet,Week4,Rolling Hills,Week4,314.0 Hamlet - 88.0 Rolling Hills
Hamlet,Week2,Great Falls,Week1,313.0 Hamlet - 89.0 Great Falls
Greenbriar,Week1,Little Hunting Park,Week3,277.0 Greenbriar - 125.0 Little Hunting Park
Greenbriar,Week1,Little Hunting Park,Week2,276.0 Greenbriar - 126.0 Little Hunting Park
Hamlet,Week3,Great Falls,Week5,270.0 Hamlet - 131.0 Great Falls
Greenbriar,Week2,Virginia Hills,Week4,355.0 Greenbriar - 47.0 Virginia Hills
Greenbriar,Week3,Virginia Hills,Week2,357.0 Greenbriar - 45.0 Virginia Hills
Hamlet,Week5,McLean,Week4,212.0 Hamlet - 190.0 McLean
Hamlet,Week5,Rolling Valley,Week1,380.0 Hamlet - 22.0 Rolling Valley
Hamlet,Week3,Rolling Valley,Week5,349.0 Hamlet - 53.0 Rolling Valley
Greenbriar,Week4,Virginia Hills,Week1,342.0 Greenbriar - 60.0 Virginia Hills
Hamlet,Week2,Rolling Valley,Week4,352.0 Hamlet - 50.0 Rolling Valley
Hamlet,Week1,Great Falls,Week5,254.0 Hamlet - 148.0 Great Falls
Hamlet,Week2,Great Falls,Week5,263.0 Hamlet - 139.0 Great Falls
Greenbriar,Week3,Lincolnia Park,Week3,280.0 Greenbriar - 112.0 Lincolnia Park
Hamlet,Week1,Rolling Hills,Week2,302.0 Hamlet - 100.0 Rolling Hills
Hamlet,Week4,Rolling Valley,Week5,339.0 Hamlet - 63.0 Rolling Valley
Hamlet,Week2,Mosby Woods,Week3,229.0 Hamlet - 173.0 Mosby Woods
Greenbriar,Week4,Orange Hunt,Week1,211.0 Orange Hunt - 191.0 Greenbriar
Greenbriar,Week3,Virginia Hills,Week5,336.0 Greenbriar - 65.0 Virginia Hills
Hamlet,Week1,Mosby Woods,Week1,203.0 Hamlet - 199.0 Mosby Woods
Greenbriar,Week3,Lincolnia Park,Week5,284.0 Greenbriar - 108.0 Lincolnia Park
Hamlet,Week1,Mosby Woods,Week4,221.0 Hamlet - 181.0 Mosby Woods
Hamlet,Week3,Great Falls,Week2,287.0 Hamlet - 96.0 Great Falls
Greenbriar,Week5,Orange Hunt,Week3,210.0 Orange Hunt - 192.0 Greenbriar
Greenbriar,Week5,Orange Hunt,Week5,222.5 Orange Hunt - 179.5 Greenbriar
Greenbriar,Week2,Lincolnia Park,Week2,315.0 Greenbriar - 78.0 Lincolnia Park
Greenbriar,Week3,Lincolnia Park,Week4,311.0 Greenbriar - 90.0 Lincolnia Park
Greenbriar,Week5,Lincolnia Park,Week5,280.0 Greenbriar - 113.0 Lincolnia Park
Greenbriar,Week1,Overlee,Week3,290.0 Overlee - 112.0 Greenbriar
Hamlet,Week5,McLean,Week2,211.0 McLean - 191.0 Hamlet
Hamlet,Week1,Rolling Hills,Week5,315.0 Hamlet - 87.0 Rolling Hills
Hamlet,Week4,Great Falls,Week1,284.0 Hamlet - 118.0 Great Falls
Greenbriar,Week1,Overlee,Week5,327.0 Overlee - 75.0 Greenbriar
Greenbriar,Week2,Overlee,Week1,274.0 Overlee - 128.0 Greenbriar
Greenbriar,Week3,Lincolnia Park,Week1,319.0 Greenbriar - 81.0 Lincolnia Park
Hamlet,Week2,Great Falls,Week2,284.0 Hamlet - 100.0 Great Falls
Greenbriar,Week3,Virginia Hills,Week4,366.5 Greenbriar - 35.5 Virginia Hills
Greenbriar,Week3,Virginia Hills,Week3,353.0 Greenbriar - 49.0 Virginia Hills
Hamlet,Week2,Rolling Valley,Week1,374.0 Hamlet - 28.0 Rolling Valley
Greenbriar,Week5,Newington Forest,Week3,279.0 Greenbriar - 123.0 Newington Forest
Hamlet,Week5,McLean,Week5,222.5 McLean - 179.5 Hamlet
Greenbriar,Week5,Virginia Hills,Week3,341.0 Greenbriar - 61.0 Virginia Hills
Hamlet,Week3,Rolling Valley,Week3,348.0 Hamlet - 54.0 Rolling Valley
Greenbriar,Week3,South Run,Week5,232.0 Greenbriar - 170.0 South Run
Hamlet,Week4,Great Falls,Week2,256.0 Hamlet - 128.0 Great Falls
Greenbriar,Week4,South Run,Week3,242.0 Greenbriar - 160.0 South Run
Hamlet,Week4,Mosby Woods,Week5,206.0 Hamlet - 196.0 Mosby Woods
Hamlet,Week5,Rolling Hills,Week2,337.0 Hamlet - 65.0 Rolling Hills
Greenbriar,Week2,Laurel Hill,Week2,308.0 Greenbriar - 94.0 Laurel Hill
Hamlet,Week3,Great Falls,Week1,301.0 Hamlet - 100.0 Great Falls
Hamlet,Week4,Great Falls,Week5,241.0 Hamlet - 161.0 Great Falls
Hamlet,Week5,Mosby Woods,Week5,244.0 Hamlet - 158.0 Mosby Woods
Hamlet,Week4,Rolling Valley,Week1,368.0 Hamlet - 34.0 Rolling Valley
Greenbriar,Week4,Virginia Hills,Week5,328.0 Greenbriar - 74.0 Virginia Hills
Hamlet,Week5,Mosby Woods,Week4,274.0 Hamlet - 128.0 Mosby Woods
Greenbriar,Week3,North Springfield,Week2,317.0 Greenbriar - 71.0 North Springfield
Hayfield Farm,Week3,Fox Hunt,Week1,219.0 Hayfield Farm - 183.0 Fox Hunt
Hamlet,Week2,Rolling Valley,Week5,350.0 Hamlet - 52.0 Rolling Valley
Greenbriar,Week4,Virginia Hills,Week4,337.0 Greenbriar - 65.0 Virginia Hills
Hayfield Farm,Week2,Fox Mill Estates,Week2,244.0 Hayfield Farm - 158.0 Fox Mill Estates
Greenbriar,Week3,Springboard,Week1,291.0 Greenbriar - 111.0 Springboard
Greenbriar,Week4,Lincolnia Park,Week4,305.0 Greenbriar - 97.0 Lincolnia Park
Greenbriar,Week5,Lincolnia Park,Week1,311.0 Greenbriar - 91.0 Lincolnia Park
Hamlet,Week5,Great Falls,Week1,303.0 Hamlet - 99.0 Great Falls
Hamlet,Week3,Mosby Woods,Week4,251.0 Hamlet - 151.0 Mosby Woods
Greenbriar,Week2,Lincolnia Park,Week5,299.0 Greenbriar - 93.0 Lincolnia Park
Hamlet,Week2,Great Falls,Week3,273.0 Hamlet - 129.0 Great Falls
Hayfield Farm,Week2,Fox Hunt,Week3,217.0 Fox Hunt - 185.0 Hayfield Farm
Greenbriar,Week5,Virginia Hills,Week2,341.0 Greenbriar - 59.0 Virginia Hills
Greenbriar,Week2,Laurel Hill,Week5,265.5 Greenbriar - 136.5 Laurel Hill
Greenbriar,Week2,North Springfield,Week2,315.0 Greenbriar - 72.0 North Springfield
Greenbriar,Week1,North Springfield,Week4,319.0 Greenbriar - 72.0 North Springfield
Greenbriar,Week4,Lincolnia Park,Week1,314.0 Greenbriar - 87.0 Lincolnia Park
Greenbriar,Week4,Lincolnia Park,Week5,259.0 Greenbriar - 133.0 Lincolnia Park
Greenbriar,Week4,North Springfield,Week2,290.0 Greenbriar - 98.0 North Springfield
Greenbriar,Week5,Virginia Hills,Week1,339.5 Greenbriar - 60.5 Virginia Hills
Greenbriar,Week5,Virginia Hills,Week5,325.0 Greenbriar - 72.0 Virginia Hills
Greenbriar,Week4,North Springfield,Week5,265.0 Greenbriar - 109.0 North Springfield
Hamlet,Week5,Rolling Valley,Week2,358.0 Hamlet - 44.0 Rolling Valley
Greenbriar,Week2,Lincolnia Park,Week3,288.0 Greenbriar - 104.0 Lincolnia Park
Hamlet,Week3,Mosby Woods,Week3,226.0 Hamlet - 176.0 Mosby Woods
Hamlet,Week1,Great Falls,Week4,281.0 Hamlet - 120.0 Great Falls
Hamlet,Week4,Mount Vernon Park,Week1,201.0 Hamlet - 201.0 Mount Vernon Park
Greenbriar,Week2,Springboard,Week3,302.0 Greenbriar - 100.0 Springboard
Greenbriar,Week4,South Run,Week5,217.0 Greenbriar - 185.0 South Run
Greenbriar,Week1,Virginia Run,Week3,202.0 Virginia Run - 200.0 Greenbriar
Hamlet,Week1,Great Falls,Week3,277.0 Hamlet - 125.0 Great Falls
Hayfield Farm,Week3,Fox Hunt,Week3,205.0 Fox Hunt - 197.0 Hayfield Farm
Greenbriar,Week5,Lincolnia Park,Week2,303.0 Greenbriar - 86.0 Lincolnia Park
Hamlet,Week1,Rolling Valley,Week5,347.0 Hamlet - 55.0 Rolling Valley
Hamlet,Week5,Great Falls,Week2,300.0 Hamlet - 84.0 Great Falls
Hamlet,Week5,Rolling Hills,Week4,338.0 Hamlet - 64.0 Rolling Hills
Greenbriar,Week3,Laurel Hill,Week1,291.0 Greenbriar - 110.0 Laurel Hill
Greenbriar,Week4,Laurel Hill,Week5,227.5 Greenbriar - 174.5 Laurel Hill
Hamlet,Week2,Mount Vernon Park,Week2,238.0 Hamlet - 164.0 Mount Vernon Park
Hamlet,Week5,Great Falls,Week3,293.0 Hamlet - 109.0 Great Falls
Greenbriar,Week4,North Springfield,Week4,295.0 Greenbriar - 97.0 North Springfield
Greenbriar,Week4,South Run,Week1,217.0 Greenbriar - 176.0 South Run
Hayfield Farm,Week2,Fox Hunt,Week4,206.0 Fox Hunt - 196.0 Hayfield Farm
Greenbriar,Week1,Oakton ,Week2,257.0 Oakton - 145.0 Greenbriar
Greenbriar,Week1,Virginia Run,Week1,214.0 Virginia Run - 188.0 Greenbriar
Greenbriar,Week4,Laurel Hill,Week3,267.0 Greenbriar - 135.0 Laurel Hill
Greenbriar,Week4,Lincolnia Park,Week2,297.0 Greenbriar - 96.0 Lincolnia Park
Greenbriar,Week1,Virginia Run,Week4,211.5 Virginia Run - 190.5 Greenbriar
Hayfield Farm,Week5,Fox Hunt,Week4,208.0 Fox Hunt - 194.0 Hayfield Farm
Greenbriar,Week3,Springboard,Week4,290.0 Greenbriar - 112.0 Springboard
Hamlet,Week1,Newington Forest,Week2,351.0 Hamlet - 47.0 Newington Forest
Hayfield Farm,Week4,Fox Hunt,Week4,206.0 Hayfield Farm - 196.0 Fox Hunt
Greenbriar,Week1,North Springfield,Week1,293.0 Greenbriar - 58.0 North Springfield
Greenbriar,Week2,Virginia Run,Week3,218.0 Greenbriar - 184.0 Virginia Run
Greenbriar,Week2,Springboard,Week4,300.0 Greenbriar - 102.0 Springboard
Hamlet,Week3,Rolling Valley,Week2,348.0 Hamlet - 54.0 Rolling Valley
Greenbriar,Week3,Laurel Hill,Week4,278.5 Greenbriar - 123.5 Laurel Hill
Hamlet,Week5,Great Falls,Week5,282.0 Hamlet - 120.0 Great Falls
Greenbriar,Week4,Newington Forest,Week5,244.0 Greenbriar - 158.0 Newington Forest
Hamlet,Week5,Rolling Hills,Week5,336.0 Hamlet - 66.0 Rolling Hills
Greenbriar,Week4,North Springfield,Week1,289.0 Greenbriar - 62.0 North Springfield
Hayfield Farm,Week5,Fox Hunt,Week5,236.0 Fox Hunt - 166.0 Hayfield Farm
Greenbriar,Week2,Lincolnia Park,Week1,326.0 Greenbriar - 75.0 Lincolnia Park
Greenbriar,Week1,Springboard,Week2,312.0 Greenbriar - 89.0 Springboard
Hamlet,Week3,Mount Vernon Park,Week1,234.0 Hamlet - 168.0 Mount Vernon Park
Hayfield Farm,Week1,Fox Mill Estates,Week2,226.0 Hayfield Farm - 176.0 Fox Mill Estates
Greenbriar,Week4,Springboard,Week5,255.0 Greenbriar - 146.0 Springboard
Hamlet,Week2,Rolling Valley,Week2,346.0 Hamlet - 56.0 Rolling Valley
Hamlet,Week2,Rolling Valley,Week3,354.0 Hamlet - 48.0 Rolling Valley
Greenbriar,Week3,Lincolnia Park,Week2,315.0 Greenbriar - 77.0 Lincolnia Park
Greenbriar,Week1,Virginia Run,Week5,226.0 Virginia Run - 176.0 Greenbriar
Hamlet,Week1,Greenbriar,Week1,262.0 Hamlet - 140.0 Greenbriar
Hamlet,Week5,Great Falls,Week4,291.0 Hamlet - 111.0 Great Falls
Hayfield Farm,Week2,Fox Mill Estates,Week1,256.0 Hayfield Farm - 146.0 Fox Mill Estates
Greenbriar,Week5,Lincolnia Park,Week3,279.0 Greenbriar - 114.0 Lincolnia Park
Hamlet,Week4,Mount Vernon Park,Week3,206.5 Mount Vernon Park - 195.5 Hamlet
Greenbriar,Week2,Virginia Run,Week1,206.0 Greenbriar - 196.0 Virginia Run
Greenbriar,Week5,Laurel Hill,Week1,286.0 Greenbriar - 112.0 Laurel Hill
Greenbriar,Week5,Newington Forest,Week1,302.0 Greenbriar - 98.0 Newington Forest
Greenbriar,Week2,Laurel Hill,Week3,283.0 Greenbriar - 119.0 Laurel Hill
Hamlet,Week1,Newington Forest,Week3,355.0 Hamlet - 47.0 Newington Forest
Greenbriar,Week5,Lincolnia Park,Week4,311.0 Greenbriar - 91.0 Lincolnia Park
Hamlet,Week2,Mount Vernon Park,Week1,235.0 Hamlet - 167.0 Mount Vernon Park
Greenbriar,Week1,Springfield,Week1,367.0 Greenbriar - 31.0 Springfield
Greenbriar,Week1,North Springfield,Week2,306.0 Greenbriar - 82.0 North Springfield
Hamlet,Week2,Greenbriar,Week3,278.0 Hamlet - 124.0 Greenbriar
Hamlet,Week2,Greenbriar,Week1,269.0 Hamlet - 133.0 Greenbriar
Hamlet,Week2,Mount Vernon Park,Week3,242.0 Hamlet - 160.0 Mount Vernon Park
Greenbriar,Week1,North Springfield,Week3,311.0 Greenbriar - 85.0 North Springfield
Greenbriar,Week2,Virginia Run,Week4,206.0 Greenbriar - 196.0 Virginia Run
Hamlet,Week1,Greenbriar,Week4,282.0 Hamlet - 120.0 Greenbriar
Hayfield Farm,Week4,Fox Hunt,Week5,226.0 Fox Hunt - 176.0 Hayfield Farm
Greenbriar,Week1,Little Hunting Park,Week1,265.0 Greenbriar - 136.0 Little Hunting Park
Greenbriar,Week5,South Run,Week4,252.0 Greenbriar - 150.0 South Run
Hamlet,Week5,Rolling Hills,Week3,330.0 Hamlet - 72.0 Rolling Hills
Greenbriar,Week5,Springboard,Week4,277.0 Greenbriar - 125.0 Springboard
Greenbriar,Week4,Lincolnia Park,Week3,269.0 Greenbriar - 123.0 Lincolnia Park
Hamlet,Week1,Greenbriar,Week3,260.0 Hamlet - 142.0 Greenbriar
Hamlet,Week3,Mount Vernon Park,Week5,222.0 Hamlet - 180.0 Mount Vernon Park
Greenbriar,Week5,Laurel Hill,Week3,279.0 Greenbriar - 119.0 Laurel Hill
Hayfield Farm,Week4,Fox Hunt,Week3,215.0 Fox Hunt - 187.0 Hayfield Farm
Hamlet,Week4,Greenbriar,Week3,246.0 Hamlet - 156.0 Greenbriar
Greenbriar,Week3,South Run,Week4,256.0 Greenbriar - 146.0 South Run
Greenbriar,Week4,Laurel Hill,Week4,263.0 Greenbriar - 139.0 Laurel Hill
Hamlet,Week1,Rolling Valley,Week2,346.0 Hamlet - 56.0 Rolling Valley
Hamlet,Week2,Mount Vernon Park,Week5,206.0 Hamlet - 196.0 Mount Vernon Park
Hayfield Farm,Week5,Fox Hunt,Week3,221.0 Fox Hunt - 181.0 Hayfield Farm
Greenbriar,Week2,Virginia Run,Week2,213.0 Greenbriar - 189.0 Virginia Run
Hayfield Farm,Week3,Fox Hunt,Week4,217.0 Hayfield Farm - 184.0 Fox Hunt
Greenbriar,Week5,Newington Forest,Week5,269.0 Greenbriar - 133.0 Newington Forest
Greenbriar,Week1,North Springfield,Week5,282.0 Greenbriar - 92.0 North Springfield
Greenbriar,Week5,South Run,Week1,231.0 Greenbriar - 162.0 South Run
Greenbriar,Week3,Laurel Hill,Week5,257.0 Greenbriar - 145.0 Laurel Hill
Greenbriar,Week2,Virginia Run,Week5,207.0 Virginia Run - 195.0 Greenbriar
Hamlet,Week4,Mount Vernon Park,Week5,220.0 Mount Vernon Park - 182.0 Hamlet
Greenbriar,Week1,Little Hunting Park,Week4,266.0 Greenbriar - 136.0 Little Hunting Park
Greenbriar,Week2,Laurel Hill,Week1,290.0 Greenbriar - 112.0 Laurel Hill
Greenbriar,Week5,Laurel Hill,Week4,278.0 Greenbriar - 123.0 Laurel Hill
Hamlet,Week3,Rolling Valley,Week4,346.0 Hamlet - 56.0 Rolling Valley
Greenbriar,Week1,Virginia Run,Week2,202.0 Greenbriar - 200.0 Virginia Run
Hayfield Farm,Week4,Fox Hunt,Week2,218.0 Hayfield Farm - 184.0 Fox Hunt
Hamlet,Week3,Rolling Valley,Week1,363.0 Hamlet - 39.0 Rolling Valley
Greenbriar,Week5,Newington Forest,Week2,294.0 Greenbriar - 104.0 Newington Forest
Greenbriar,Week3,Laurel Hill,Week2,307.0 Greenbriar - 94.0 Laurel Hill
Hamlet,Week1,Greenbriar,Week5,248.0 Hamlet - 154.0 Greenbriar
Hamlet,Week1,Rolling Valley,Week3,340.5 Hamlet - 61.5 Rolling Valley
Hayfield Farm,Week1,Fox Mill Estates,Week1,242.0 Hayfield Farm - 160.0 Fox Mill Estates
Hamlet,Week2,Hamlet,Week2,201.0 Hamlet (HSC1) - 201.0 Hamlet (HSC2)
Hamlet,Week1,Mount Vernon Park,Week5,207.0 Mount Vernon Park - 194.0 Hamlet
Greenbriar,Week5,Laurel Hill,Week2,297.0 Greenbriar - 104.0 Laurel Hill
Hamlet,Week3,Greenbriar,Week3,277.0 Hamlet - 125.0 Greenbriar
Greenbriar,Week2,North Springfield,Week3,312.0 Greenbriar - 83.0 North Springfield
Greenbriar,Week5,South Run,Week2,249.0 Greenbriar - 153.0 South Run
Hamlet,Week1,Newington Forest,Week4,343.0 Hamlet - 59.0 Newington Forest
Hamlet,Week1,Rolling Valley,Week4,343.0 Hamlet - 59.0 Rolling Valley
Hamlet,Week4,Rolling Valley,Week2,341.0 Hamlet - 61.0 Rolling Valley
Hayfield Farm,Week3,Fox Hunt,Week5,207.0 Fox Hunt - 194.0 Hayfield Farm
Greenbriar,Week1,Springboard,Week1,286.0 Greenbriar - 115.0 Springboard
Greenbriar,Week5,Newington Forest,Week4,273.0 Greenbriar - 129.0 Newington Forest
Greenbriar,Week4,Newington Forest,Week4,249.0 Greenbriar - 153.0 Newington Forest
Hayfield Farm,Week4,Fox Hunt,Week1,230.0 Hayfield Farm - 172.0 Fox Hunt
Hamlet,Week5,Mount Vernon Park,Week2,255.0 Hamlet - 147.0 Mount Vernon Park
Greenbriar,Week1,Lee Graham,Week1,266.0 Lee Graham - 136.0 Greenbriar
Greenbriar,Week3,Laurel Hill,Week3,291.0 Greenbriar - 110.0 Laurel Hill
Hamlet,Week2,Hamlet,Week1,243.0 Hamlet (HSC1) - 159.0 Hamlet (HSC2)
Hamlet,Week1,Rolling Valley,Week1,368.0 Hamlet - 34.0 Rolling Valley
Greenbriar,Week5,South Run,Week3,241.0 Greenbriar - 161.0 South Run
Hamlet,Week4,Rolling Valley,Week4,341.0 Hamlet - 61.0 Rolling Valley
Hamlet,Week5,Mount Vernon Park,Week5,223.0 Hamlet - 179.0 Mount Vernon Park
Hamlet,Week4,Rolling Valley,Week3,342.0 Hamlet - 60.0 Rolling Valley
Greenbriar,Week2,North Springfield,Week4,319.0 Greenbriar - 72.0 North Springfield
Greenbriar,Week2,North Springfield,Week5,281.0 Greenbriar - 89.0 North Springfield
Greenbriar,Week5,South Run,Week5,229.0 Greenbriar - 173.0 South Run
Greenbriar,Week3,North Springfield,Week3,308.0 Greenbriar - 87.0 North Springfield
Hamlet,Week1,Mount Vernon Park,Week3,222.0 Hamlet - 180.0 Mount Vernon Park
Greenbriar,Week3,North Springfield,Week1,295.0 Greenbriar - 56.0 North Springfield
Greenbriar,Week1,Lee Graham,Week2,275.0 Lee Graham - 127.0 Greenbriar
Greenbriar,Week2,Springboard,Week2,330.0 Greenbriar - 72.0 Springboard
Greenbriar,Week4,South Run,Week2,249.0 Greenbriar - 153.0 South Run
Hayfield Farm,Week5,Fox Hunt,Week2,202.0 Fox Hunt - 200.0 Hayfield Farm
Hayfield Farm,Week1,Fox Mill Estates,Week4,207.0 Hayfield Farm - 195.0 Fox Mill Estates
Hayfield Farm,Week5,Fox Hunt,Week1,205.0 Hayfield Farm - 197.0 Fox Hunt
Hamlet,Week4,Mount Vernon Park,Week2,202.0 Mount Vernon Park - 200.0 Hamlet
Hamlet,Week2,Mount Vernon Park,Week4,243.0 Hamlet - 159.0 Mount Vernon Park
Hamlet,Week2,Newington Forest,Week2,361.0 Hamlet - 41.0 Newington Forest
Hamlet,Week3,Hamlet,Week3,200.5 Hamlet (HSC1) - 200.5 Hamlet (HSC2)
Hayfield Farm,Week1,Fox Mill Estates,Week3,212.0 Hayfield Farm - 190.0 Fox Mill Estates
Greenbriar,Week2,North Springfield,Week1,291.0 Greenbriar - 56.0 North Springfield
Hamlet,Week2,Greenbriar,Week5,270.0 Hamlet - 132.0 Greenbriar
Hamlet,Week3,Greenbriar,Week4,293.0 Hamlet - 109.0 Greenbriar
Hamlet,Week3,Greenbriar,Week1,269.0 Hamlet - 133.0 Greenbriar
Greenbriar,Week1,Lee Graham,Week4,259.0 Lee Graham - 143.0 Greenbriar
Hamlet,Week1,Mount Vernon Park,Week4,227.0 Hamlet - 175.0 Mount Vernon Park
Greenbriar,Week3,North Springfield,Week4,324.0 Greenbriar - 67.0 North Springfield
Greenbriar,Week1,Springboard,Week3,290.0 Greenbriar - 111.0 Springboard
Hayfield Farm,Week3,Fox Mill Estates,Week3,234.0 Hayfield Farm - 168.0 Fox Mill Estates
Greenbriar,Week1,Lee Graham,Week3,262.0 Lee Graham - 140.0 Greenbriar
Greenbriar,Week1,Springboard,Week5,280.0 Greenbriar - 121.0 Springboard
Greenbriar,Week5,Laurel Hill,Week5,260.0 Greenbriar - 140.0 Laurel Hill
Greenbriar,Week1,Laurel Hill,Week4,277.0 Greenbriar - 125.0 Laurel Hill
Hayfield Farm,Week2,Fox Hunt,Week5,237.0 Fox Hunt - 165.0 Hayfield Farm
Hamlet,Week5,Greenbriar,Week4,304.0 Hamlet - 98.0 Greenbriar
Hamlet,Week3,Mount Vernon Park,Week2,246.0 Hamlet - 156.0 Mount Vernon Park
Hayfield Farm,Week2,Fox Mill Estates,Week4,221.0 Hayfield Farm - 181.0 Fox Mill Estates
Hayfield Farm,Week3,Fox Mill Woods,Week5,243.0 Fox Mill Woods - 159.0 Hayfield Farm
Greenbriar,Week4,Laurel Hill,Week1,278.5 Greenbriar - 123.5 Laurel Hill
Hamlet,Week2,Hamlet,Week3,221.0 Hamlet (HSC1) - 181.0 Hamlet (HSC2)
Hamlet,Week3,Mount Vernon Park,Week4,252.0 Hamlet - 150.0 Mount Vernon Park
Greenbriar,Week3,North Springfield,Week5,276.0 Greenbriar - 97.0 North Springfield
Hayfield Farm,Week5,Fox Mill Estates,Week2,223.0 Hayfield Farm - 179.0 Fox Mill Estates
Hamlet,Week5,Greenbriar,Week5,284.0 Hamlet - 118.0 Greenbriar
Hamlet,Week5,Mount Vernon Park,Week1,257.0 Hamlet - 145.0 Mount Vernon Park
Hamlet,Week4,Greenbriar,Week2,232.0 Hamlet - 170.0 Greenbriar
Hamlet,Week3,Hamlet,Week1,210.5 Hamlet (HSC1) - 191.5 Hamlet (HSC2)
Greenbriar,Week3,Springboard,Week5,286.0 Greenbriar - 116.0 Springboard
Greenbriar,Week1,Springboard,Week4,285.0 Greenbriar - 117.0 Springboard
Greenbriar,Week1,Oakton ,Week1,243.0 Oakton - 159.0 Greenbriar
Hamlet,Week1,Hamlet,Week5,260.0 Hamlet (HSC2) - 142.0 Hamlet (HSC1)
Hayfield Farm,Week3,Fox Hunt,Week2,210.0 Hayfield Farm - 191.0 Fox Hunt
Hamlet,Week3,Greenbriar,Week2,248.0 Hamlet - 154.0 Greenbriar
Greenbriar,Week1,Laurel Hill,Week5,260.0 Greenbriar - 142.0 Laurel Hill
Hayfield Farm,Week4,Fox Mill Estates,Week3,227.0 Hayfield Farm - 175.0 Fox Mill Estates
Greenbriar,Week5,North Springfield,Week1,291.5 Greenbriar - 59.5 North Springfield
Greenbriar,Week2,Springboard,Week5,289.0 Greenbriar - 113.0 Springboard
Greenbriar,Week4,Laurel Hill,Week2,296.0 Greenbriar - 106.0 Laurel Hill
Hamlet,Week4,Greenbriar,Week4,273.0 Hamlet - 129.0 Greenbriar
Hayfield Farm,Week1,Fox Mill Estates,Week5,216.0 Hayfield Farm - 186.0 Fox Mill Estates
Greenbriar,Week5,North Springfield,Week5,273.0 Greenbriar - 97.0 North Springfield
Hamlet,Week3,Mount Vernon Park,Week3,236.0 Hamlet - 166.0 Mount Vernon Park
Hayfield Farm,Week1,Fox Mill Woods,Week1,266.0 Fox Mill Woods - 136.0 Hayfield Farm
Hamlet,Week1,Mount Vernon Park,Week2,226.0 Hamlet - 176.0 Mount Vernon Park
Greenbriar,Week4,North Springfield,Week3,284.0 Greenbriar - 113.0 North Springfield
Hamlet,Week1,Newington Forest,Week1,358.0 Hamlet - 40.0 Newington Forest
Greenbriar,Week4,South Run,Week4,247.0 Greenbriar - 155.0 South Run
Greenbriar,Week2,Laurel Hill,Week4,278.0 Greenbriar - 124.0 Laurel Hill
Greenbriar,Week3,Springboard,Week2,315.0 Greenbriar - 87.0 Springboard
Greenbriar,Week2,Springboard,Week1,298.5 Greenbriar - 103.5 Springboard
Greenbriar,Week5,North Springfield,Week4,305.0 Greenbriar - 82.0 North Springfield
Greenbriar,Week5,North Springfield,Week2,303.0 Greenbriar - 84.0 North Springfield
Greenbriar,Week4,Springboard,Week1,279.0 Greenbriar - 122.0 Springboard
Hamlet,Week4,Mount Vernon Park,Week4,210.0 Hamlet - 192.0 Mount Vernon Park
Greenbriar,Week5,North Springfield,Week3,296.0 Greenbriar - 96.0 North Springfield
Hamlet,Week5,Mount Vernon Park,Week3,258.0 Hamlet - 144.0 Mount Vernon Park
Hamlet,Week5,Greenbriar,Week3,287.0 Hamlet - 115.0 Greenbriar
Hayfield Farm,Week2,Fox Mill Estates,Week5,230.5 Hayfield Farm - 171.5 Fox Mill Estates
Greenbriar,Week3,Springboard,Week3,289.0 Greenbriar - 113.0 Springboard
Greenbriar,Week5,Springboard,Week1,271.0 Greenbriar - 130.0 Springboard
Greenbriar,Week2,Oakton ,Week2,249.0 Oakton - 153.0 Greenbriar
Hamlet,Week5,Mount Vernon Park,Week4,250.0 Hamlet - 152.0 Mount Vernon Park
Greenbriar,Week5,Springboard,Week2,303.0 Greenbriar - 99.0 Springboard
Hamlet,Week1,Newington Forest,Week5,330.0 Hamlet - 72.0 Newington Forest
Hamlet,Week4,Hamlet,Week1,211.0 Hamlet (HSC2) - 191.0 Hamlet (HSC1)
Hamlet,Week1,Hamlet,Week2,243.0 Hamlet (HSC2) - 159.0 Hamlet (HSC1)
Hamlet,Week2,Newington Forest,Week1,365.5 Hamlet - 36.5 Newington Forest
Greenbriar,Week2,Oakton ,Week1,235.0 Oakton - 167.0 Greenbriar
Hamlet,Week1,Hamlet,Week3,210.5 Hamlet (HSC2) - 191.5 Hamlet (HSC1)
Greenbriar,Week4,Springboard,Week4,274.0 Greenbriar - 128.0 Springboard
Hamlet,Week2,Newington Forest,Week4,354.0 Hamlet - 48.0 Newington Forest
Hamlet,Week1,Hamlet,Week1,198.0 Hamlet (HSC1) - 198.0 Hamlet (HSC2)
Hamlet,Week3,Hamlet,Week4,215.0 Hamlet (HSC1) - 187.0 Hamlet (HSC2)
Hayfield Farm,Week5,Fox Mill Estates,Week1,241.0 Hayfield Farm - 161.0 Fox Mill Estates
Greenbriar,Week4,Springboard,Week2,293.0 Greenbriar - 108.0 Springboard
Greenbriar,Week2,Oakton ,Week3,237.0 Oakton - 165.0 Greenbriar
Hayfield Farm,Week3,Fox Mill Estates,Week1,267.0 Hayfield Farm - 135.0 Fox Mill Estates
Hayfield Farm,Week4,Fox Mill Estates,Week2,234.0 Hayfield Farm - 168.0 Fox Mill Estates
Hamlet,Week2,Newington Forest,Week3,363.0 Hamlet - 39.0 Newington Forest
Greenbriar,Week4,Springboard,Week3,275.0 Greenbriar - 126.0 Springboard
Hayfield Farm,Week3,Fox Mill Estates,Week4,225.0 Hayfield Farm - 177.0 Fox Mill Estates
Greenbriar,Week1,Oakton ,Week3,248.0 Oakton - 154.0 Greenbriar
Hamlet,Week5,Kent Gardens,Week3,312.0 Hamlet - 90.0 Kent Gardens
Greenbriar,Week3,Oakton ,Week2,264.0 Oakton - 138.0 Greenbriar
Hamlet,Week3,Kent Gardens,Week3,318.0 Hamlet - 84.0 Kent Gardens
Hamlet,Week2,Hamlet,Week4,230.0 Hamlet (HSC1) - 172.0 Hamlet (HSC2)
Hayfield Farm,Week5,Fox Mill Estates,Week3,223.0 Hayfield Farm - 179.0 Fox Mill Estates
Hamlet,Week4,Greenbriar,Week5,248.0 Hamlet - 154.0 Greenbriar
Hayfield Farm,Week5,Fox Mill Estates,Week4,207.0 Hayfield Farm - 195.0 Fox Mill Estates
Greenbriar,Week3,Oakton ,Week4,253.0 Oakton - 149.0 Greenbriar
Greenbriar,Week5,Springfield,Week3,357.0 Greenbriar - 34.0 Springfield
Greenbriar,Week3,Oakton ,Week5,270.0 Oakton - 132.0 Greenbriar
Greenbriar,Week4,Oakton ,Week1,261.0 Oakton - 141.0 Greenbriar
Greenbriar,Week2,Springfield,Week2,370.5 Greenbriar - 27.5 Springfield
Hayfield Farm,Week1,Fox Mill Woods,Week2,254.0 Fox Mill Woods - 148.0 Hayfield Farm
Greenbriar,Week5,Springboard,Week5,259.0 Greenbriar - 143.0 Springboard
Hamlet,Week2,Kent Gardens,Week3,309.0 Hamlet - 93.0 Kent Gardens
Hayfield Farm,Week2,Fox Mill Estates,Week3,236.0 Hayfield Farm - 166.0 Fox Mill Estates
Hamlet,Week5,Greenbriar,Week2,263.0 Hamlet - 139.0 Greenbriar
Hayfield Farm,Week4,Fox Mill Estates,Week5,230.0 Hayfield Farm - 172.0 Fox Mill Estates
Hamlet,Week1,Hamlet,Week4,211.0 Hamlet (HSC1) - 191.0 Hamlet (HSC2)
Hamlet,Week4,Greenbriar,Week1,255.0 Hamlet - 147.0 Greenbriar
Hamlet,Week3,Kent Gardens,Week4,294.0 Hamlet - 108.0 Kent Gardens
Greenbriar,Week4,Ilda Community,Week5,256.0 Greenbriar - 146.0 Ilda Community
Hayfield Farm,Week4,Fox Mill Estates,Week4,214.0 Hayfield Farm - 188.0 Fox Mill Estates
Hamlet,Week3,Greenbriar,Week5,255.0 Hamlet - 147.0 Greenbriar
Greenbriar,Week2,Springfield,Week5,375.0 Greenbriar - 26.0 Springfield
Greenbriar,Week5,Springboard,Week3,276.0 Greenbriar - 126.0 Springboard
Hamlet,Week2,Newington Forest,Week5,349.0 Hamlet - 53.0 Newington Forest
Hamlet,Week1,Kings Ridge ,Week3,336.0 Hamlet - 66.0 Kings Ridge
Greenbriar,Week3,Oakton ,Week3,245.0 Oakton - 157.0 Greenbriar
Greenbriar,Week3,Oakton ,Week1,254.0 Oakton - 148.0 Greenbriar
Greenbriar,Week5,Springfield,Week1,361.0 Greenbriar - 29.0 Springfield
Greenbriar,Week2,Oakton ,Week4,241.0 Oakton - 161.0 Greenbriar
Hayfield Farm,Week1,Fox Mill Woods,Week3,254.0 Fox Mill Woods - 148.0 Hayfield Farm
Greenbriar,Week4,Ilda Community,Week4,231.0 Greenbriar - 171.0 Ilda Community
Hayfield Farm,Week1,Fox Mill Woods,Week5,281.0 Fox Mill Woods - 121.0 Hayfield Farm
Greenbriar,Week2,Oakton ,Week5,245.0 Oakton - 157.0 Greenbriar
Hamlet,Week1,Hayfield Farm,Week3,257.0 Hamlet - 145.0 Hayfield Farm
Hamlet,Week5,Hamlet,Week5,201.0 Hamlet (HSC1) - 201.0 Hamlet (HSC2)
Greenbriar,Week1,Oakton ,Week4,257.0 Oakton - 145.0 Greenbriar
Hayfield Farm,Week3,Fox Mill Estates,Week5,238.0 Hayfield Farm - 164.0 Fox Mill Estates
Greenbriar,Week5,Springfield,Week2,358.0 Greenbriar - 34.0 Springfield
Greenbriar,Week4,Springfield,Week4,352.0 Greenbriar - 50.0 Springfield
Hamlet,Week2,Hayfield Farm,Week4,292.0 Hamlet - 110.0 Hayfield Farm
Hamlet,Week1,Kent Gardens,Week5,246.0 Hamlet - 156.0 Kent Gardens
Hayfield Farm,Week2,Fox Mill Woods,Week2,253.0 Fox Mill Woods - 149.0 Hayfield Farm
Greenbriar,Week1,Oakton ,Week5,268.0 Oakton - 134.0 Greenbriar
Hayfield Farm,Week3,Fox Mill Estates,Week2,243.0 Hayfield Farm - 158.0 Fox Mill Estates
Greenbriar,Week4,Oakton ,Week2,289.0 Oakton - 113.0 Greenbriar
Greenbriar,Week3,Springfield,Week5,370.0 Greenbriar - 30.0 Springfield
Hayfield Farm,Week2,Fox Mill Woods,Week4,257.0 Fox Mill Woods - 145.0 Hayfield Farm
Greenbriar,Week5,Springfield,Week4,354.0 Greenbriar - 39.0 Springfield
Hamlet,Week5,Greenbriar,Week1,282.0 Hamlet - 120.0 Greenbriar
Greenbriar,Week4,Springfield,Week5,366.0 Greenbriar - 34.0 Springfield
Hayfield Farm,Week2,Fox Mill Woods,Week3,253.0 Fox Mill Woods - 149.0 Hayfield Farm
Hamlet,Week3,Hamlet,Week2,221.0 Hamlet (HSC2) - 181.0 Hamlet (HSC1)
Hamlet,Week2,Kent Gardens,Week2,314.0 Hamlet - 88.0 Kent Gardens
Greenbriar,Week1,Stratford,Week1,275.0 Greenbriar - 126.0 Stratford
Hamlet,Week5,Ilda Community,Week5,347.0 Hamlet - 55.0 Ilda Community
Hamlet,Week1,Kent Gardens,Week2,295.0 Hamlet - 107.0 Kent Gardens
Hamlet,Week3,Hamlet,Week5,249.0 Hamlet (HSC2) - 153.0 Hamlet (HSC1)
Greenbriar,Week1,Springfield,Week4,356.0 Greenbriar - 44.0 Springfield
Hamlet,Week2,Hamlet,Week5,255.0 Hamlet (HSC2) - 147.0 Hamlet (HSC1)
Hayfield Farm,Week5,Fox Mill Estates,Week5,226.0 Hayfield Farm - 176.0 Fox Mill Estates
Hamlet,Week3,Hayfield Farm,Week4,291.5 Hamlet - 110.5 Hayfield Farm
Hamlet,Week1,Hayfield Farm,Week1,274.0 Hamlet - 128.0 Hayfield Farm
Greenbriar,Week5,Springfield,Week5,360.0 Greenbriar - 29.0 Springfield
Greenbriar,Week2,Springfield,Week1,374.0 Greenbriar - 27.0 Springfield
Hamlet,Week4,Hayfield Farm,Week1,282.0 Hamlet - 120.0 Hayfield Farm
Hamlet,Week1,Kings Ridge ,Week5,314.0 Hamlet - 88.0 Kings Ridge
Hamlet,Week1,Kent Gardens,Week1,268.0 Hamlet - 134.0 Kent Gardens
Greenbriar,Week1,Stratford,Week2,267.0 Greenbriar - 135.0 Stratford
Hayfield Farm,Week2,Fox Mill Woods,Week1,269.0 Fox Mill Woods - 133.0 Hayfield Farm
Hamlet,Week2,Kent Gardens,Week4,296.0 Hamlet - 106.0 Kent Gardens
Hayfield Farm,Week2,Fox Mill Woods,Week5,272.0 Fox Mill Woods - 130.0 Hayfield Farm
Hamlet,Week1,Kent Gardens,Week4,278.0 Hamlet - 124.0 Kent Gardens
Hamlet,Week5,Ilda Community,Week4,345.0 Hamlet - 57.0 Ilda Community
Hamlet,Week2,Kent Gardens,Week5,268.0 Hamlet - 134.0 Kent Gardens
Hayfield Farm,Week3,Fox Mill Woods,Week1,242.0 Fox Mill Woods - 160.0 Hayfield Farm
Hamlet,Week3,Kent Gardens,Week5,268.0 Hamlet - 134.0 Kent Gardens
Hayfield Farm,Week4,Fox Mill Estates,Week1,244.0 Hayfield Farm - 158.0 Fox Mill Estates
Hamlet,Week2,Hayfield Farm,Week1,302.0 Hamlet - 100.0 Hayfield Farm
Greenbriar,Week3,Springfield,Week3,375.0 Greenbriar - 23.0 Springfield
Hamlet,Week3,Hayfield Farm,Week2,306.0 Hamlet - 96.0 Hayfield Farm
Hayfield Farm,Week3,Fox Mill Woods,Week3,239.0 Fox Mill Woods - 163.0 Hayfield Farm
Hamlet,Week1,Herndon,Week1,360.0 Hamlet - 41.0 Herndon
Greenbriar,Week2,Springfield,Week3,368.0 Greenbriar - 28.0 Springfield
Hamlet,Week3,Kent Gardens,Week2,296.0 Hamlet - 106.0 Kent Gardens
Hamlet,Week1,Kent Gardens,Week3,295.0 Hamlet - 107.0 Kent Gardens
Hayfield Farm,Week3,Fox Mill Woods,Week2,244.0 Fox Mill Woods - 158.0 Hayfield Farm
Hayfield Farm,Week1,Fox Mill Woods,Week4,263.0 Fox Mill Woods - 139.0 Hayfield Farm
Greenbriar,Week3,Springfield,Week1,370.0 Greenbriar - 30.0 Springfield
Hamlet,Week2,Kent Gardens,Week1,302.0 Hamlet - 100.0 Kent Gardens
Hamlet,Week4,Hamlet,Week2,230.0 Hamlet (HSC2) - 172.0 Hamlet (HSC1)
Hayfield Farm,Week3,Fox Mill Woods,Week4,232.0 Fox Mill Woods - 170.0 Hayfield Farm
Hamlet,Week1,Herndon,Week3,367.0 Hamlet - 34.0 Herndon
Hamlet,Week3,Kent Gardens,Week1,300.0 Hamlet - 102.0 Kent Gardens
Greenbriar,Week1,Springfield,Week5,376.0 Greenbriar - 23.0 Springfield
Greenbriar,Week1,Springfield,Week3,367.0 Greenbriar - 32.0 Springfield
Greenbriar,Week1,Springfield,Week2,361.0 Greenbriar - 39.0 Springfield
Hamlet,Week4,Hamlet,Week4,200.5 Hamlet (HSC1) - 200.5 Hamlet (HSC2)
Greenbriar,Week4,Springfield,Week1,358.0 Greenbriar - 42.0 Springfield
Hamlet,Week5,Kent Gardens,Week4,301.0 Hamlet - 101.0 Kent Gardens
Hayfield Farm,Week4,Fox Mill Woods,Week2,243.0 Fox Mill Woods - 159.0 Hayfield Farm
Hamlet,Week4,Stratford,Week1,334.0 Hamlet - 68.0 Stratford
Hayfield Farm,Week4,Fox Mill Woods,Week1,259.0 Fox Mill Woods - 143.0 Hayfield Farm
Hamlet,Week4,Kent Gardens,Week1,270.0 Hamlet - 132.0 Kent Gardens
Greenbriar,Week3,Springfield,Week2,371.0 Greenbriar - 27.0 Springfield
Hamlet,Week2,Hayfield Farm,Week3,274.0 Hamlet - 128.0 Hayfield Farm
Hamlet,Week5,Hayfield Farm,Week4,290.0 Hamlet - 112.0 Hayfield Farm
Greenbriar,Week3,Springfield,Week4,365.0 Greenbriar - 35.0 Springfield
Hayfield Farm,Week4,Fox Mill Woods,Week4,258.0 Fox Mill Woods - 144.0 Hayfield Farm
Greenbriar,Week2,Springfield,Week4,371.0 Greenbriar - 30.0 Springfield
Hayfield Farm,Week5,Fox Mill Woods,Week1,272.0 Fox Mill Woods - 130.0 Hayfield Farm
Hayfield Farm,Week3,Commonwealth,Week2,228.0 Hayfield Farm - 174.0 Commonwealth
Greenbriar,Week4,Springfield,Week2,353.0 Greenbriar - 48.0 Springfield
Hamlet,Week4,Stratford,Week2,325.0 Hamlet - 77.0 Stratford
Hamlet,Week4,Kent Gardens,Week4,290.0 Hamlet - 112.0 Kent Gardens
Hamlet,Week4,Kent Gardens,Week5,244.0 Hamlet - 158.0 Kent Gardens
Hayfield Farm,Week4,Fox Mill Woods,Week5,257.0 Fox Mill Woods - 145.0 Hayfield Farm
Hamlet,Week4,Hamlet,Week3,215.0 Hamlet (HSC2) - 187.0 Hamlet (HSC1)
Hamlet,Week5,Kent Gardens,Week2,320.0 Hamlet - 82.0 Kent Gardens
Hamlet,Week4,Kent Gardens,Week2,290.0 Hamlet - 112.0 Kent Gardens
Greenbriar,Week4,Springfield,Week3,360.0 Greenbriar - 39.0 Springfield
Hayfield Farm,Week4,Fox Mill Woods,Week3,245.0 Fox Mill Woods - 157.0 Hayfield Farm
Hamlet,Week5,Hamlet,Week2,255.0 Hamlet (HSC1) - 147.0 Hamlet (HSC2)
Hamlet,Week5,Hamlet,Week3,249.0 Hamlet (HSC1) - 153.0 Hamlet (HSC2)
Hamlet,Week2,Sully Station,Week4,252.0 Hamlet - 150.0 Sully Station
Hamlet,Week5,Stratford,Week5,335.0 Hamlet - 67.0 Stratford
Hamlet,Week1,Hayfield Farm,Week4,274.0 Hamlet - 128.0 Hayfield Farm
Hamlet,Week5,Kent Gardens,Week1,292.0 Hamlet - 110.0 Kent Gardens
Hamlet,Week4,Kent Gardens,Week3,291.0 Hamlet - 111.0 Kent Gardens
Greenbriar,Week1,Sully Station,Week2,236.0 Sully Station - 166.0 Greenbriar
Hamlet,Week5,Hamlet,Week4,271.0 Hamlet (HSC1) - 131.0 Hamlet (HSC2)
Hamlet,Week1,Kings Ridge ,Week1,338.0 Hamlet - 64.0 Kings Ridge
Hamlet,Week4,Kings Ridge ,Week1,342.0 Hamlet - 60.0 Kings Ridge
Hamlet,Week1,Kings Ridge ,Week2,337.0 Hamlet - 65.0 Kings Ridge
Greenbriar,Week2,Sully Station,Week2,226.0 Sully Station - 176.0 Greenbriar
Hamlet,Week3,Hayfield Farm,Week1,298.0 Hamlet - 104.0 Hayfield Farm
Hayfield Farm,Week5,Chesterbrook,Week3,355.0 Chesterbrook - 47.0 Hayfield Farm
Hamlet,Week1,Hayfield Farm,Week5,273.0 Hamlet - 129.0 Hayfield Farm
Hamlet,Week5,Stratford,Week4,331.0 Hamlet - 71.0 Stratford
Hamlet,Week1,Sully Station,Week4,233.0 Hamlet - 169.0 Sully Station
Hayfield Farm,Week3,Commonwealth,Week4,254.0 Hayfield Farm - 148.0 Commonwealth
Greenbriar,Week4,Stratford,Week1,264.0 Greenbriar - 138.0 Stratford
Hamlet,Week5,Hamlet,Week1,260.0 Hamlet (HSC1) - 142.0 Hamlet (HSC2)
Greenbriar,Week3,Stratford,Week5,261.0 Greenbriar - 141.0 Stratford
Hamlet,Week5,Stratford,Week3,346.0 Hamlet - 56.0 Stratford
Hamlet,Week5,Kent Gardens,Week5,279.0 Hamlet - 123.0 Kent Gardens
Hamlet,Week1,Sully Station,Week3,224.0 Hamlet - 178.0 Sully Station
Hayfield Farm,Week5,Chesterbrook,Week4,346.0 Chesterbrook - 56.0 Hayfield Farm
Hayfield Farm,Week5,Commonwealth,Week3,247.0 Hayfield Farm - 155.0 Commonwealth
Greenbriar,Week2,Sully Station,Week3,231.0 Sully Station - 171.0 Greenbriar
Hamlet,Week3,Stratford,Week4,336.0 Hamlet - 66.0 Stratford
Hamlet,Week4,Hamlet,Week5,271.0 Hamlet (HSC2) - 131.0 Hamlet (HSC1)
Greenbriar,Week3,Stratford,Week3,263.0 Greenbriar - 139.0 Stratford
Greenbriar,Week5,Stratford,Week4,252.0 Greenbriar - 150.0 Stratford
Hamlet,Week3,Hayfield Farm,Week3,272.0 Hamlet - 130.0 Hayfield Farm
Hamlet,Week2,Kings Ridge ,Week3,337.0 Hamlet - 65.0 Kings Ridge
Hamlet,Week2,Sully Station,Week3,237.0 Hamlet - 165.0 Sully Station
Hamlet,Week5,Kings Ridge ,Week5,343.0 Hamlet - 59.0 Kings Ridge
Greenbriar,Week5,Stratford,Week3,263.0 Greenbriar - 139.0 Stratford
Hayfield Farm,Week1,Commonwealth,Week1,267.0 Hayfield Farm - 135.0 Commonwealth
Hayfield Farm,Week2,Commonwealth,Week2,224.0 Hayfield Farm - 178.0 Commonwealth
Hamlet,Week1,Hayfield Farm,Week2,279.0 Hamlet - 123.0 Hayfield Farm
Hamlet,Week3,Hayfield Farm,Week5,283.0 Hamlet - 119.0 Hayfield Farm
Hamlet,Week1,Kings Ridge ,Week4,324.0 Hamlet - 78.0 Kings Ridge
Greenbriar,Week4,Stratford,Week3,254.0 Greenbriar - 148.0 Stratford
Hamlet,Week1,Lake Braddock,Week4,356.0 Hamlet - 46.0 Lake Braddock
Hayfield Farm,Week5,Commonwealth,Week2,224.0 Hayfield Farm - 178.0 Commonwealth
Hayfield Farm,Week1,Commonwealth,Week4,236.0 Hayfield Farm - 166.0 Commonwealth
Hamlet,Week2,Hayfield Farm,Week5,296.0 Hamlet - 106.0 Hayfield Farm
Hayfield Farm,Week2,Commonwealth,Week5,225.0 Hayfield Farm - 177.0 Commonwealth
Greenbriar,Week1,Stratford,Week4,247.0 Greenbriar - 155.0 Stratford
Hamlet,Week2,Hayfield Farm,Week2,306.0 Hamlet - 96.0 Hayfield Farm
Hamlet,Week1,Sully Station,Week1,210.0 Hamlet - 192.0 Sully Station
Hamlet,Week4,Stratford,Week4,316.0 Hamlet - 86.0 Stratford
Hamlet,Week4,Sully Station,Week3,218.0 Hamlet - 184.0 Sully Station
Hamlet,Week4,Hayfield Farm,Week3,246.0 Hamlet - 156.0 Hayfield Farm
Hamlet,Week5,Stratford,Week2,342.0 Hamlet - 60.0 Stratford
Hayfield Farm,Week4,Chesterbrook,Week1,336.0 Chesterbrook - 66.0 Hayfield Farm
Hayfield Farm,Week1,Cottontail,Week2,221.0 Hayfield Farm - 181.0 Cottontail
Greenbriar,Week2,Stratford,Week2,286.0 Greenbriar - 116.0 Stratford
Greenbriar,Week5,Stratford,Week2,266.0 Greenbriar - 136.0 Stratford
Hamlet,Week2,Kings Ridge ,Week4,338.0 Hamlet - 64.0 Kings Ridge
Hamlet,Week5,Kings Ridge ,Week1,365.0 Hamlet - 37.0 Kings Ridge
Hamlet,Week3,Kings Ridge ,Week3,334.0 Hamlet - 68.0 Kings Ridge
Hamlet,Week4,Kings Ridge ,Week5,311.0 Hamlet - 91.0 Kings Ridge
Hamlet,Week4,Stratford,Week3,324.0 Hamlet - 78.0 Stratford
Hamlet,Week2,Kings Ridge ,Week1,355.0 Hamlet - 47.0 Kings Ridge
Hamlet,Week4,Hayfield Farm,Week5,286.0 Hamlet - 116.0 Hayfield Farm
Hamlet,Week3,Stratford,Week5,338.0 Hamlet - 64.0 Stratford
Greenbriar,Week2,Stratford,Week3,271.0 Greenbriar - 131.0 Stratford
Hamlet,Week5,Hayfield Farm,Week1,303.0 Hamlet - 99.0 Hayfield Farm
Hamlet,Week5,Stratford,Week1,348.0 Hamlet - 54.0 Stratford
Hayfield Farm,Week5,Chesterbrook,Week1,330.0 Chesterbrook - 72.0 Hayfield Farm
Hayfield Farm,Week2,Commonwealth,Week1,261.0 Hayfield Farm - 141.0 Commonwealth
Hayfield Farm,Week3,Commonwealth,Week5,225.0 Hayfield Farm - 177.0 Commonwealth
Hamlet,Week4,Hayfield Farm,Week2,286.0 Hamlet - 116.0 Hayfield Farm
Greenbriar,Week1,Stratford,Week3,259.0 Greenbriar - 143.0 Stratford
Hamlet,Week3,Sully Station,Week1,220.0 Hamlet - 182.0 Sully Station
Greenbriar,Week1,Stratford,Week5,262.5 Greenbriar - 139.5 Stratford
Hamlet,Week3,Stratford,Week3,340.0 Hamlet - 62.0 Stratford
Hamlet,Week1,Hiddenbrook,Week4,312.0 Hamlet - 90.0 Hiddenbrook
Hayfield Farm,Week2,Commonwealth,Week3,244.0 Hayfield Farm - 158.0 Commonwealth
Hamlet,Week2,Kings Ridge ,Week2,346.5 Hamlet - 55.5 Kings Ridge
Hamlet,Week5,Hayfield Farm,Week3,292.0 Hamlet - 110.0 Hayfield Farm
Greenbriar,Week3,Stratford,Week4,255.0 Greenbriar - 147.0 Stratford
Hayfield Farm,Week1,Commonwealth,Week2,222.0 Hayfield Farm - 180.0 Commonwealth
Hamlet,Week4,Hayfield Farm,Week4,276.0 Hamlet - 126.0 Hayfield Farm
Hayfield Farm,Week5,Chesterbrook,Week2,338.0 Chesterbrook - 64.0 Hayfield Farm
Hamlet,Week1,Sully Station,Week5,211.0 Hamlet - 191.0 Sully Station
Hayfield Farm,Week1,Commonwealth,Week5,225.0 Hayfield Farm - 177.0 Commonwealth
Hamlet,Week5,Kings Ridge ,Week4,340.0 Hamlet - 62.0 Kings Ridge
Greenbriar,Week2,Stratford,Week4,261.0 Greenbriar - 141.0 Stratford
Hayfield Farm,Week4,Chesterbrook,Week5,348.0 Chesterbrook - 54.0 Hayfield Farm
Hamlet,Week5,Hayfield Farm,Week5,304.0 Hamlet - 98.0 Hayfield Farm
Hamlet,Week4,Herndon,Week3,359.5 Hamlet - 42.5 Herndon
Hamlet,Week5,Kings Ridge ,Week2,342.0 Hamlet - 60.0 Kings Ridge
Hayfield Farm,Week1,Commonwealth,Week3,238.0 Hayfield Farm - 164.0 Commonwealth
Hamlet,Week3,Stratford,Week2,334.0 Hamlet - 68.0 Stratford
Hamlet,Week3,Kings Ridge ,Week4,341.0 Hamlet - 61.0 Kings Ridge
Hamlet,Week4,Stratford,Week5,315.0 Hamlet - 87.0 Stratford
Greenbriar,Week4,Stratford,Week5,243.0 Greenbriar - 159.0 Stratford
Hamlet,Week1,Herndon,Week2,356.0 Hamlet - 46.0 Herndon
Greenbriar,Week3,Stratford,Week2,277.0 Greenbriar - 125.0 Stratford
Greenbriar,Week2,Stratford,Week5,278.0 Greenbriar - 124.0 Stratford
Hamlet,Week5,Hayfield Farm,Week2,310.0 Hamlet - 92.0 Hayfield Farm
Hamlet,Week1,Sully Station,Week2,226.0 Hamlet - 176.0 Sully Station
Hamlet,Week3,Sully Station,Week3,229.0 Hamlet - 173.0 Sully Station
Hamlet,Week4,Kings Ridge ,Week2,333.5 Hamlet - 68.5 Kings Ridge
Hamlet,Week5,Kings Ridge ,Week3,344.0 Hamlet - 58.0 Kings Ridge
Hamlet,Week3,Kings Ridge ,Week2,342.0 Hamlet - 60.0 Kings Ridge
Greenbriar,Week4,Stratford,Week2,267.0 Greenbriar - 135.0 Stratford
Hamlet,Week1,Lake Braddock,Week5,347.0 Hamlet - 55.0 Lake Braddock
Greenbriar,Week2,Stratford,Week1,283.0 Greenbriar - 119.0 Stratford
Hamlet,Week3,Sully Station,Week5,208.0 Hamlet - 194.0 Sully Station
Hamlet,Week2,Sully Station,Week2,240.0 Hamlet - 162.0 Sully Station
Hayfield Farm,Week4,Chesterbrook,Week4,343.0 Chesterbrook - 59.0 Hayfield Farm
Hayfield Farm,Week4,Commonwealth,Week1,280.0 Hayfield Farm - 122.0 Commonwealth
Hamlet,Week2,Herndon,Week1,380.0 Hamlet - 22.0 Herndon
Hayfield Farm,Week3,Commonwealth,Week1,269.0 Hayfield Farm - 128.0 Commonwealth
Hamlet,Week3,Lake Braddock,Week1,369.0 Hamlet - 33.0 Lake Braddock
Hamlet,Week3,Herndon,Week5,364.0 Hamlet - 37.0 Herndon
Hayfield Farm,Week4,Chesterbrook,Week3,347.0 Chesterbrook - 55.0 Hayfield Farm
Greenbriar,Week4,Stratford,Week4,245.0 Greenbriar - 157.0 Stratford
Greenbriar,Week1,Sully Station,Week3,250.0 Sully Station - 152.0 Greenbriar
Greenbriar,Week5,Ilda Community,Week3,272.5 Greenbriar - 128.5 Ilda Community
Hamlet,Week1,Hiddenbrook,Week1,309.5 Hamlet - 91.5 Hiddenbrook
Hamlet,Week2,Sully Station,Week1,221.0 Hamlet - 181.0 Sully Station
Greenbriar,Week3,Stratford,Week1,270.0 Greenbriar - 132.0 Stratford
Greenbriar,Week1,Sully Station,Week1,239.0 Sully Station - 163.0 Greenbriar
Greenbriar,Week5,Ilda Community,Week4,249.0 Greenbriar - 152.0 Ilda Community
Greenbriar,Week1,Sully Station,Week4,237.0 Sully Station - 165.0 Greenbriar
Hamlet,Week4,Kings Ridge ,Week3,325.0 Hamlet - 77.0 Kings Ridge
Hamlet,Week4,Herndon,Week5,353.0 Hamlet - 49.0 Herndon
Hamlet,Week4,Herndon,Week2,353.0 Hamlet - 49.0 Herndon
Hayfield Farm,Week4,Chesterbrook,Week2,342.0 Chesterbrook - 60.0 Hayfield Farm
Hamlet,Week2,Sully Station,Week5,222.0 Hamlet - 180.0 Sully Station
Greenbriar,Week2,Kent Gardens,Week2,256.0 Greenbriar - 146.0 Kent Gardens
Hayfield Farm,Week2,Commonwealth,Week4,242.0 Hayfield Farm - 160.0 Commonwealth
Hamlet,Week1,Hiddenbrook,Week5,288.0 Hamlet - 114.0 Hiddenbrook
Hamlet,Week2,Lake Braddock,Week2,353.0 Hamlet - 49.0 Lake Braddock
Hamlet,Week3,Sully Station,Week2,238.0 Hamlet - 164.0 Sully Station
Hayfield Farm,Week3,Commonwealth,Week3,247.0 Hayfield Farm - 154.0 Commonwealth
Hamlet,Week4,Sully Station,Week2,228.0 Hamlet - 174.0 Sully Station
Greenbriar,Week5,Stratford,Week1,274.0 Greenbriar - 127.0 Stratford
Hamlet,Week1,Lake Braddock,Week1,366.0 Hamlet - 36.0 Lake Braddock
Hayfield Farm,Week5,Chesterbrook,Week5,349.0 Chesterbrook - 53.0 Hayfield Farm
Hamlet,Week1,Lake Braddock,Week2,349.0 Hamlet - 53.0 Lake Braddock
Greenbriar,Week3,Kent Gardens,Week1,216.0 Greenbriar - 186.0 Kent Gardens
Hamlet,Week3,Sully Station,Week4,232.0 Hamlet - 170.0 Sully Station
Hamlet,Week1,Herndon,Week4,365.0 Hamlet - 37.0 Herndon
Greenbriar,Week4,Kent Gardens,Week1,232.5 Kent Gardens - 169.5 Greenbriar
Greenbriar,Week5,Stratford,Week5,247.0 Greenbriar - 154.0 Stratford
Hamlet,Week4,Sully Station,Week1,206.0 Hamlet - 196.0 Sully Station
Hamlet,Week2,Kings Ridge ,Week5,334.0 Hamlet - 68.0 Kings Ridge
Hamlet,Week5,Herndon,Week5,373.0 Hamlet - 29.0 Herndon
Hamlet,Week5,Herndon,Week4,375.0 Hamlet - 27.0 Herndon
Greenbriar,Week1,Kent Gardens,Week4,209.0 Greenbriar - 193.0 Kent Gardens
Hamlet,Week4,Sully Station,Week5,201.0 Hamlet - 201.0 Sully Station
Hamlet,Week1,Sully Station II,Week4,260.0 Hamlet - 142.0 Sully Station II
Hamlet,Week2,Herndon,Week5,373.0 Hamlet - 29.0 Herndon
Greenbriar,Week2,Kent Gardens,Week3,253.0 Greenbriar - 149.0 Kent Gardens
Hayfield Farm,Week4,Commonwealth,Week5,228.0 Hayfield Farm - 174.0 Commonwealth
Greenbriar,Week2,Sully Station,Week1,227.0 Sully Station - 175.0 Greenbriar
Greenbriar,Week4,Sully Station,Week4,259.0 Sully Station - 143.0 Greenbriar
Hamlet,Week3,Kings Ridge ,Week5,335.0 Hamlet - 67.0 Kings Ridge
Hamlet,Week3,Kings Ridge ,Week1,347.0 Hamlet - 55.0 Kings Ridge
Hamlet,Week1,Lake Braddock,Week3,352.0 Hamlet - 50.0 Lake Braddock
Hamlet,Week2,Sully Station II,Week1,254.0 Hamlet - 148.0 Sully Station II
Greenbriar,Week2,Kent Gardens,Week1,226.0 Greenbriar - 176.0 Kent Gardens
Greenbriar,Week1,Kent Gardens,Week2,219.0 Greenbriar - 183.0 Kent Gardens
Greenbriar,Week1,Sully Station,Week5,251.0 Sully Station - 151.0 Greenbriar
Hayfield Farm,Week4,Commonwealth,Week4,260.0 Hayfield Farm - 142.0 Commonwealth
Hayfield Farm,Week4,Commonwealth,Week3,241.0 Hayfield Farm - 161.0 Commonwealth
Hamlet,Week1,Herndon,Week5,363.0 Hamlet - 39.0 Herndon
Greenbriar,Week5,Sully Station,Week4,251.0 Sully Station - 151.0 Greenbriar
Hayfield Farm,Week4,Commonwealth,Week2,237.0 Hayfield Farm - 165.0 Commonwealth
Hamlet,Week2,Sully Station II,Week2,238.0 Hamlet - 164.0 Sully Station II
Hamlet,Week2,Lake Braddock,Week1,376.0 Hamlet - 26.0 Lake Braddock
Greenbriar,Week1,Kent Gardens,Week3,223.0 Greenbriar - 179.0 Kent Gardens
Greenbriar,Week2,Sully Station,Week5,251.0 Sully Station - 151.0 Greenbriar
Hamlet,Week2,Lake Braddock,Week3,363.0 Hamlet - 39.0 Lake Braddock
Hamlet,Week2,Herndon,Week4,378.0 Hamlet - 24.0 Herndon
Hamlet,Week3,Herndon,Week1,367.0 Hamlet - 34.0 Herndon
Hayfield Farm,Week5,Commonwealth,Week5,232.0 Hayfield Farm - 170.0 Commonwealth
Greenbriar,Week2,Kent Gardens,Week5,204.0 Greenbriar - 198.0 Kent Gardens
Greenbriar,Week5,Ilda Community,Week5,272.5 Greenbriar - 129.5 Ilda Community
Hamlet,Week3,Lake Braddock,Week2,342.0 Hamlet - 60.0 Lake Braddock
Hamlet,Week3,Herndon,Week2,361.0 Hamlet - 40.0 Herndon
Hayfield Farm,Week1,Country Club Hills,Week2,222.0 Hayfield Farm - 180.0 Country Club Hills
Greenbriar,Week1,Kent Gardens,Week1,213.0 Kent Gardens - 189.0 Greenbriar
Hamlet,Week1,Sully Station II,Week3,210.0 Sully Station II - 192.0 Hamlet
Greenbriar,Week3,Sully Station,Week2,239.0 Sully Station - 163.0 Greenbriar
Hamlet,Week4,Herndon,Week1,354.0 Hamlet - 48.0 Herndon
Hamlet,Week3,Sully Station II,Week2,230.0 Hamlet - 172.0 Sully Station II
Hamlet,Week4,Sully Station II,Week4,253.0 Hamlet - 149.0 Sully Station II
Greenbriar,Week3,Kent Gardens,Week5,215.0 Kent Gardens - 187.0 Greenbriar
Hayfield Farm,Week1,Cottontail,Week1,203.5 Hayfield Farm - 198.5 Cottontail
Hamlet,Week5,Sully Station,Week3,242.0 Hamlet - 160.0 Sully Station
Greenbriar,Week4,Sully Station,Week2,238.0 Sully Station - 164.0 Greenbriar
Greenbriar,Week3,Sully Station II,Week3,246.0 Sully Station II - 156.0 Greenbriar
Hamlet,Week4,Sully Station II,Week3,210.0 Sully Station II - 192.0 Hamlet
Hayfield Farm,Week5,Commonwealth,Week4,249.0 Hayfield Farm - 153.0 Commonwealth
Hamlet,Week2,Lake Braddock,Week5,357.0 Hamlet - 45.0 Lake Braddock
Hamlet,Week3,Lakevale Estates,Week3,235.0 Hamlet - 167.0 Lakevale Estates
Hamlet,Week5,Herndon,Week2,367.0 Hamlet - 35.0 Herndon
Hamlet,Week4,Kings Ridge ,Week4,320.0 Hamlet - 82.0 Kings Ridge
Hamlet,Week4,Herndon,Week4,355.0 Hamlet - 47.0 Herndon
Hayfield Farm,Week5,Commonwealth,Week1,259.0 Hayfield Farm - 142.0 Commonwealth
Hamlet,Week4,Sully Station II,Week1,237.0 Hamlet - 165.0 Sully Station II
Greenbriar,Week3,Sully Station II,Week2,232.0 Sully Station II - 170.0 Greenbriar
Hamlet,Week2,Herndon,Week3,381.0 Hamlet - 21.0 Herndon
Greenbriar,Week1,Sully Station II,Week1,214.0 Sully Station II - 188.0 Greenbriar
Hamlet,Week4,Lake Braddock,Week2,341.0 Hamlet - 61.0 Lake Braddock
Hamlet,Week5,Lake Braddock,Week2,361.0 Hamlet - 41.0 Lake Braddock
Hamlet,Week2,Herndon,Week2,364.0 Hamlet - 38.0 Herndon
Hayfield Farm,Week5,Cottontail,Week4,231.0 Hayfield Farm - 171.0 Cottontail
Greenbriar,Week4,Kent Gardens,Week2,207.0 Greenbriar - 195.0 Kent Gardens
Greenbriar,Week2,Kent Gardens,Week4,232.0 Greenbriar - 170.0 Kent Gardens
Hamlet,Week4,Lakevale Estates,Week4,201.0 Hamlet - 201.0 Lakevale Estates
Greenbriar,Week2,Sully Station II,Week4,209.0 Sully Station II - 193.0 Greenbriar
Hayfield Farm,Week4,Cottontail,Week1,225.0 Hayfield Farm - 177.0 Cottontail
Hayfield Farm,Week1,Country Club Hills,Week3,239.0 Hayfield Farm - 163.0 Country Club Hills
Hamlet,Week4,Lake Braddock,Week3,345.0 Hamlet - 57.0 Lake Braddock
Hamlet,Week5,Herndon,Week1,379.0 Hamlet - 23.0 Herndon
Hamlet,Week2,Lakevale Estates,Week3,240.0 Hamlet - 162.0 Lakevale Estates
Greenbriar,Week5,Sully Station,Week2,230.0 Sully Station - 172.0 Greenbriar
Greenbriar,Week4,Little Hunting Park,Week4,261.0 Greenbriar - 141.0 Little Hunting Park
Hayfield Farm,Week3,Cottontail,Week5,243.0 Hayfield Farm - 159.0 Cottontail
Greenbriar,Week2,Sully Station II,Week1,207.0 Greenbriar - 195.0 Sully Station II
Greenbriar,Week3,Kent Gardens,Week3,235.0 Greenbriar - 167.0 Kent Gardens
Greenbriar,Week5,Kent Gardens,Week1,207.0 Greenbriar - 195.0 Kent Gardens
Hamlet,Week5,Lake Braddock,Week3,368.0 Hamlet - 34.0 Lake Braddock
Hamlet,Week5,Sully Station II,Week3,231.0 Hamlet - 171.0 Sully Station II
Hamlet,Week3,Sully Station II,Week5,209.5 Hamlet - 192.5 Sully Station II
Greenbriar,Week1,Kent Gardens,Week5,230.0 Kent Gardens - 172.0 Greenbriar
Greenbriar,Week1,Sully Station II,Week3,252.0 Sully Station II - 150.0 Greenbriar
Greenbriar,Week4,Kent Gardens,Week4,202.0 Greenbriar - 200.0 Kent Gardens
Hamlet,Week4,Sully Station II,Week5,209.0 Sully Station II - 193.0 Hamlet
Greenbriar,Week5,Ilda Community,Week2,274.0 Greenbriar - 128.0 Ilda Community
Hamlet,Week3,Lake Braddock,Week3,357.0 Hamlet - 44.0 Lake Braddock
Hayfield Farm,Week3,Cottontail,Week3,273.0 Hayfield Farm - 129.0 Cottontail
Hamlet,Week1,Hiddenbrook,Week2,329.0 Hamlet - 73.0 Hiddenbrook
Greenbriar,Week3,Kent Gardens,Week4,226.0 Greenbriar - 176.0 Kent Gardens
Hamlet,Week5,Sully Station II,Week5,229.0 Hamlet - 173.0 Sully Station II
Hamlet,Week3,Herndon,Week4,363.0 Hamlet - 38.0 Herndon
Hayfield Farm,Week1,Country Club Hills,Week4,229.0 Hayfield Farm - 173.0 Country Club Hills
Hayfield Farm,Week5,Cottontail,Week3,233.0 Hayfield Farm - 169.0 Cottontail
Hamlet,Week5,Sully Station II,Week1,259.0 Hamlet - 143.0 Sully Station II
Greenbriar,Week5,Sully Station,Week5,250.0 Sully Station - 152.0 Greenbriar
Hamlet,Week5,Sully Station,Week5,217.0 Hamlet - 185.0 Sully Station
Hamlet,Week5,Sully Station II,Week4,280.0 Hamlet - 122.0 Sully Station II
Hamlet,Week3,Herndon,Week3,364.0 Hamlet - 38.0 Herndon
Hamlet,Week5,Herndon,Week3,378.0 Hamlet - 24.0 Herndon
Greenbriar,Week3,Sully Station,Week4,251.0 Sully Station - 151.0 Greenbriar
Hamlet,Week2,Lake Braddock,Week4,364.0 Hamlet - 38.0 Lake Braddock
Hayfield Farm,Week1,Cottontail,Week3,238.0 Hayfield Farm - 164.0 Cottontail
Greenbriar,Week3,Kent Gardens,Week2,228.0 Greenbriar - 174.0 Kent Gardens
Greenbriar,Week2,Sully Station II,Week2,227.5 Sully Station II - 174.5 Greenbriar
Greenbriar,Week1,Sully Station II,Week2,243.0 Sully Station II - 159.0 Greenbriar
Greenbriar,Week1,Little Rocky Run,Week1,239.0 Little Rocky Run - 163.0 Greenbriar
Hamlet,Week5,Sully Station,Week4,241.0 Hamlet - 161.0 Sully Station
Greenbriar,Week2,Sully Station,Week4,219.0 Sully Station - 183.0 Greenbriar
Greenbriar,Week4,Little Hunting Park,Week5,233.5 Greenbriar - 168.5 Little Hunting Park
Greenbriar,Week4,Kent Gardens,Week5,248.0 Kent Gardens - 154.0 Greenbriar
Hayfield Farm,Week4,Cottontail,Week3,235.0 Hayfield Farm - 167.0 Cottontail
Hamlet,Week4,Lake Braddock,Week1,364.0 Hamlet - 38.0 Lake Braddock
Hayfield Farm,Week1,Cottontail,Week4,216.0 Hayfield Farm - 186.0 Cottontail
Greenbriar,Week2,Little Hunting Park,Week5,250.0 Greenbriar - 152.0 Little Hunting Park
Hamlet,Week4,Lake Braddock,Week5,343.0 Hamlet - 59.0 Lake Braddock
Hamlet,Week5,Hiddenbrook,Week3,324.0 Hamlet - 78.0 Hiddenbrook
Hamlet,Week2,Hiddenbrook,Week5,295.0 Hamlet - 107.0 Hiddenbrook
Hayfield Farm,Week2,Cottontail,Week3,255.0 Hayfield Farm - 147.0 Cottontail
Greenbriar,Week3,Little Hunting Park,Week4,255.0 Greenbriar - 147.0 Little Hunting Park
Hamlet,Week4,Sully Station,Week4,229.0 Hamlet - 173.0 Sully Station
Hamlet,Week4,Lake Braddock,Week4,351.0 Hamlet - 51.0 Lake Braddock
Greenbriar,Week4,Kent Gardens,Week3,210.0 Greenbriar - 192.0 Kent Gardens
Hamlet,Week5,Sully Station,Week1,228.0 Hamlet - 174.0 Sully Station
Hamlet,Week1,Hiddenbrook,Week3,312.0 Hamlet - 90.0 Hiddenbrook
Hamlet,Week1,Sully Station II,Week2,214.0 Hamlet - 188.0 Sully Station II
Hamlet,Week1,Sully Station II,Week5,202.5 Sully Station II - 199.5 Hamlet
Greenbriar,Week3,Sully Station,Week1,248.0 Sully Station - 154.0 Greenbriar
Hayfield Farm,Week2,Cottontail,Week5,232.0 Hayfield Farm - 170.0 Cottontail
Greenbriar,Week4,Lakeview,Week2,292.0 Greenbriar - 110.0 Lakeview
Hamlet,Week1,Sully Station II,Week1,241.0 Hamlet - 161.0 Sully Station II
Hamlet,Week5,Lake Braddock,Week1,378.0 Hamlet - 24.0 Lake Braddock
Hamlet,Week2,High Point Pool,Week3,268.0 Hamlet - 134.0 High Point Pool
Greenbriar,Week4,Sully Station,Week3,257.0 Sully Station - 145.0 Greenbriar
Hamlet,Week1,Lakevale Estates,Week1,233.0 Hamlet - 169.0 Lakevale Estates
Hayfield Farm,Week2,Cottontail,Week4,240.0 Hayfield Farm - 162.0 Cottontail
Greenbriar,Week2,Little Hunting Park,Week4,274.0 Greenbriar - 128.0 Little Hunting Park
Hamlet,Week3,Lake Braddock,Week4,364.0 Hamlet - 38.0 Lake Braddock
Hamlet,Week1,Lakevale Estates,Week2,236.5 Hamlet - 165.5 Lakevale Estates
Greenbriar,Week3,Little Hunting Park,Week3,274.0 Greenbriar - 128.0 Little Hunting Park
Hamlet,Week5,Hiddenbrook,Week1,324.0 Hamlet - 78.0 Hiddenbrook
Hayfield Farm,Week5,Cottontail,Week2,224.0 Hayfield Farm - 178.0 Cottontail
Hamlet,Week2,Hiddenbrook,Week4,312.0 Hamlet - 90.0 Hiddenbrook
Hamlet,Week5,Sully Station,Week2,244.0 Hamlet - 158.0 Sully Station
Greenbriar,Week2,Lakeview,Week4,274.0 Greenbriar - 128.0 Lakeview
Greenbriar,Week5,Kent Gardens,Week2,215.0 Greenbriar - 187.0 Kent Gardens
Hamlet,Week2,Sully Station II,Week3,216.0 Hamlet - 186.0 Sully Station II
Hamlet,Week2,High Point Pool,Week2,260.0 Hamlet - 142.0 High Point Pool
Hayfield Farm,Week2,Cottontail,Week2,233.0 Hayfield Farm - 169.0 Cottontail
Hamlet,Week3,Hiddenbrook,Week2,343.0 Hamlet - 59.0 Hiddenbrook
Greenbriar,Week3,Sully Station,Week3,243.0 Sully Station - 159.0 Greenbriar
Greenbriar,Week1,Langley,Week4,262.0 Langley - 140.0 Greenbriar
Greenbriar,Week3,Sully Station,Week5,257.0 Sully Station - 145.0 Greenbriar
Greenbriar,Week3,Little Hunting Park,Week1,268.0 Greenbriar - 134.0 Little Hunting Park
Greenbriar,Week1,Little Rocky Run,Week3,259.0 Little Rocky Run - 143.0 Greenbriar
Greenbriar,Week5,Sully Station,Week3,235.0 Sully Station - 167.0 Greenbriar
Hamlet,Week5,Lake Braddock,Week4,370.0 Hamlet - 32.0 Lake Braddock
Greenbriar,Week1,Sully Station II,Week5,262.0 Sully Station II - 140.0 Greenbriar
Hamlet,Week4,Sully Station II,Week2,211.0 Hamlet - 191.0 Sully Station II
Greenbriar,Week2,Lakeview,Week2,325.0 Greenbriar - 77.0 Lakeview
Hamlet,Week1,Lakevale Estates,Week5,201.0 Hamlet - 201.0 Lakevale Estates
Greenbriar,Week4,Sully Station,Week1,263.0 Sully Station - 139.0 Greenbriar
Hamlet,Week2,Sully Station II,Week5,209.0 Hamlet - 193.0 Sully Station II
Hayfield Farm,Week3,Cottontail,Week2,254.0 Hayfield Farm - 148.0 Cottontail
Greenbriar,Week1,Lakeview,Week1,309.0 Greenbriar - 93.0 Lakeview
Hamlet,Week2,Lakevale Estates,Week2,250.0 Hamlet - 152.0 Lakevale Estates
Hamlet,Week1,High Point Pool,Week3,253.0 Hamlet - 149.0 High Point Pool
Greenbriar,Week4,Little Hunting Park,Week3,257.0 Greenbriar - 145.0 Little Hunting Park
Hamlet,Week2,Sully Station II,Week4,271.0 Hamlet - 131.0 Sully Station II
Hamlet,Week3,Hiddenbrook,Week4,316.0 Hamlet - 85.0 Hiddenbrook
Hamlet,Week4,Hiddenbrook,Week4,300.0 Hamlet - 102.0 Hiddenbrook
Greenbriar,Week4,Sully Station,Week5,271.0 Sully Station - 131.0 Greenbriar
Greenbriar,Week5,Sully Station,Week1,247.0 Sully Station - 155.0 Greenbriar
Hayfield Farm,Week4,Cottontail,Week5,204.0 Hayfield Farm - 198.0 Cottontail
Hayfield Farm,Week3,Cottontail,Week4,260.0 Hayfield Farm - 142.0 Cottontail
Greenbriar,Week1,Sully Station II,Week4,230.0 Sully Station II - 172.0 Greenbriar
Hayfield Farm,Week4,Cottontail,Week4,246.0 Hayfield Farm - 156.0 Cottontail
Greenbriar,Week1,Little Rocky Run,Week2,235.0 Little Rocky Run - 167.0 Greenbriar
Hamlet,Week3,Sully Station II,Week1,245.5 Hamlet - 156.5 Sully Station II
Greenbriar,Week1,Lakeview,Week5,291.0 Greenbriar - 102.0 Lakeview
Greenbriar,Week5,Little Hunting Park,Week2,263.0 Greenbriar - 138.0 Little Hunting Park
Greenbriar,Week4,Lakeview,Week4,257.0 Greenbriar - 145.0 Lakeview
Hamlet,Week3,Lake Braddock,Week5,350.0 Hamlet - 52.0 Lake Braddock
Hamlet,Week1,High Point Pool,Week2,232.0 Hamlet - 170.0 High Point Pool
Hamlet,Week3,Sully Station II,Week3,212.0 Hamlet - 190.0 Sully Station II
Hamlet,Week4,Hiddenbrook,Week1,314.0 Hamlet - 88.0 Hiddenbrook
Hamlet,Week2,Lakevale Estates,Week1,250.5 Hamlet - 151.5 Lakevale Estates
Greenbriar,Week5,Little Hunting Park,Week4,249.0 Greenbriar - 153.0 Little Hunting Park
Hayfield Farm,Week3,Cottontail,Week1,236.0 Hayfield Farm - 166.0 Cottontail
Greenbriar,Week2,Little Hunting Park,Week2,292.0 Greenbriar - 110.0 Little Hunting Park
Greenbriar,Week1,Lakeview,Week2,303.5 Greenbriar - 98.5 Lakeview
Hamlet,Week5,Lake Braddock,Week5,366.0 Hamlet - 36.0 Lake Braddock
Hamlet,Week1,High Point Pool,Week5,240.0 Hamlet - 162.0 High Point Pool
Greenbriar,Week2,Sully Station II,Week3,242.0 Sully Station II - 160.0 Greenbriar
Hamlet,Week1,Lakevale Estates,Week4,202.0 Lakevale Estates - 200.0 Hamlet
Greenbriar,Week1,Little Rocky Run,Week5,268.0 Little Rocky Run - 134.0 Greenbriar
Hamlet,Week3,Sully Station II,Week4,271.0 Hamlet - 131.0 Sully Station II
Greenbriar,Week2,Little Hunting Park,Week3,281.0 Greenbriar - 121.0 Little Hunting Park
Hayfield Farm,Week1,Cottontail,Week5,212.0 Hayfield Farm - 190.0 Cottontail
Greenbriar,Week4,Lakeview,Week1,299.0 Greenbriar - 103.0 Lakeview
Hayfield Farm,Week4,Cottontail,Week2,236.0 Hayfield Farm - 166.0 Cottontail
Greenbriar,Week2,Sully Station II,Week5,248.0 Sully Station II - 154.0 Greenbriar
Greenbriar,Week3,Lakeview,Week1,308.0 Greenbriar - 94.0 Lakeview
Greenbriar,Week1,Lakeview,Week3,298.0 Greenbriar - 104.0 Lakeview
Hayfield Farm,Week2,Cottontail,Week1,228.0 Hayfield Farm - 174.0 Cottontail
Hamlet,Week5,Truro,Week4,328.0 Hamlet - 74.0 Truro
Hamlet,Week5,Hiddenbrook,Week4,322.0 Hamlet - 80.0 Hiddenbrook
Hamlet,Week1,High Point Pool,Week4,226.0 Hamlet - 176.0 High Point Pool
Hamlet,Week2,Lakevale Estates,Week4,219.0 Hamlet - 183.0 Lakevale Estates
Greenbriar,Week2,Little Rocky Run,Week1,232.0 Little Rocky Run - 170.0 Greenbriar
Hamlet,Week5,Sully Station II,Week2,247.0 Hamlet - 155.0 Sully Station II
Greenbriar,Week4,Sully Station II,Week1,224.0 Sully Station II - 178.0 Greenbriar
Greenbriar,Week1,Little Rocky Run,Week4,252.0 Little Rocky Run - 150.0 Greenbriar
Hamlet,Week2,Lakevale Estates,Week5,216.5 Hamlet - 185.5 Lakevale Estates
Hamlet,Week2,Truro,Week3,331.0 Hamlet - 71.0 Truro
Hayfield Farm,Week5,Cottontail,Week1,205.0 Hayfield Farm - 197.0 Cottontail
Hayfield Farm,Week5,Cottontail,Week5,202.0 Hayfield Farm - 200.0 Cottontail
Hamlet,Week4,High Point Pool,Week5,242.0 Hamlet - 160.0 High Point Pool
Greenbriar,Week3,Sully Station II,Week1,203.5 Sully Station II - 198.5 Greenbriar
Hamlet,Week3,Lakevale Estates,Week2,244.0 Hamlet - 158.0 Lakevale Estates
Greenbriar,Week3,Sully Station II,Week4,213.0 Sully Station II - 189.0 Greenbriar
Greenbriar,Week2,Little Rocky Run,Week2,234.0 Little Rocky Run - 168.0 Greenbriar
Hamlet,Week1,Lakevale Estates,Week3,217.0 Hamlet - 185.0 Lakevale Estates
Hamlet,Week5,High Point Pool,Week2,269.0 Hamlet - 133.0 High Point Pool
Greenbriar,Week3,Lakeview,Week3,293.0 Greenbriar - 109.0 Lakeview
Greenbriar,Week1,Truro,Week5,264.0 Greenbriar - 138.0 Truro
Greenbriar,Week3,Lakeview,Week5,297.0 Greenbriar - 96.0 Lakeview
Hamlet,Week3,Hiddenbrook,Week3,323.0 Hamlet - 78.0 Hiddenbrook
Greenbriar,Week4,Little Hunting Park,Week2,265.0 Greenbriar - 137.0 Little Hunting Park
Greenbriar,Week3,Sully Station II,Week5,262.0 Sully Station II - 140.0 Greenbriar
Hayfield Farm,Week1,Country Club Hills,Week1,226.0 Hayfield Farm - 176.0 Country Club Hills
Greenbriar,Week1,Truro,Week1,277.0 Greenbriar - 125.0 Truro
Hamlet,Week2,Truro,Week2,347.0 Hamlet - 54.0 Truro
Hamlet,Week3,Lakevale Estates,Week4,206.0 Hamlet - 196.0 Lakevale Estates
Hayfield Farm,Week5,Country Club Hills,Week5,202.0 Hayfield Farm - 200.0 Country Club Hills
Greenbriar,Week3,Lakeview,Week4,256.0 Greenbriar - 146.0 Lakeview
Hamlet,Week3,Truro,Week5,330.0 Hamlet - 72.0 Truro
Greenbriar,Week4,Little Hunting Park,Week1,258.0 Greenbriar - 143.0 Little Hunting Park
Hamlet,Week2,Tuckahoe,Week1,254.0 Tuckahoe - 148.0 Hamlet
Hamlet,Week2,High Point Pool,Week4,243.0 Hamlet - 159.0 High Point Pool
Greenbriar,Week3,Little Hunting Park,Week2,283.0 Greenbriar - 119.0 Little Hunting Park
Hamlet,Week3,Truro,Week3,338.5 Hamlet - 63.5 Truro
Hayfield Farm,Week2,Country Club Hills,Week3,235.0 Hayfield Farm - 167.0 Country Club Hills
Hamlet,Week1,Truro,Week1,326.0 Hamlet - 75.0 Truro
Hamlet,Week4,Lakevale Estates,Week1,227.0 Hamlet - 175.0 Lakevale Estates
Hamlet,Week3,Hiddenbrook,Week1,320.0 Hamlet - 82.0 Hiddenbrook
Greenbriar,Week2,Lakeview,Week3,303.0 Greenbriar - 99.0 Lakeview
Greenbriar,Week4,Lakeview,Week5,265.0 Greenbriar - 128.0 Lakeview
Greenbriar,Week5,Little Hunting Park,Week1,255.0 Greenbriar - 147.0 Little Hunting Park
Hamlet,Week2,Hiddenbrook,Week3,314.0 Hamlet - 88.0 Hiddenbrook
Hamlet,Week3,Lakevale Estates,Week5,215.0 Hamlet - 187.0 Lakevale Estates
Hayfield Farm,Week4,Country Club Hills,Week4,249.0 Hayfield Farm - 153.0 Country Club Hills
Greenbriar,Week5,Sully Station II,Week5,273.0 Sully Station II - 129.0 Greenbriar
Hamlet,Week3,Lakevale Estates,Week1,246.0 Hamlet - 156.0 Lakevale Estates
Hayfield Farm,Week2,Country Club Hills,Week5,206.0 Hayfield Farm - 196.0 Country Club Hills
Greenbriar,Week5,Lakeview,Week2,282.0 Greenbriar - 120.0 Lakeview
Greenbriar,Week3,Little Hunting Park,Week5,247.0 Greenbriar - 155.0 Little Hunting Park
Greenbriar,Week2,Lakeview,Week1,313.0 Greenbriar - 89.0 Lakeview
Greenbriar,Week1,Tuckahoe,Week2,308.0 Tuckahoe - 94.0 Greenbriar
Hayfield Farm,Week2,Crosspointe,Week4,250.0 Crosspointe - 152.0 Hayfield Farm
Greenbriar,Week2,Truro,Week1,280.0 Greenbriar - 122.0 Truro
Greenbriar,Week5,Little Hunting Park,Week3,255.0 Greenbriar - 145.0 Little Hunting Park
Greenbriar,Week4,Truro,Week4,240.0 Greenbriar - 162.0 Truro
Greenbriar,Week3,Truro,Week3,286.0 Greenbriar - 116.0 Truro
Hamlet,Week4,Hiddenbrook,Week2,334.5 Hamlet - 67.5 Hiddenbrook
Hamlet,Week2,Hiddenbrook,Week2,342.0 Hamlet - 60.0 Hiddenbrook
Hamlet,Week3,Hiddenbrook,Week5,305.0 Hamlet - 97.0 Hiddenbrook
Hamlet,Week4,Truro,Week4,312.0 Hamlet - 90.0 Truro
Hamlet,Week2,Truro,Week5,338.0 Hamlet - 64.0 Truro
Hamlet,Week4,Hiddenbrook,Week3,307.0 Hamlet - 95.0 Hiddenbrook
Hamlet,Week2,Lakeview,Week5,347.0 Hamlet - 46.0 Lakeview
Greenbriar,Week5,Little Hunting Park,Week5,236.0 Greenbriar - 165.0 Little Hunting Park
Greenbriar,Week5,Sully Station II,Week3,247.0 Sully Station II - 155.0 Greenbriar
Greenbriar,Week5,Lakeview,Week4,245.0 Greenbriar - 157.0 Lakeview
Hamlet,Week3,Truro,Week1,343.0 Hamlet - 59.0 Truro
Greenbriar,Week5,Lakeview,Week3,277.0 Greenbriar - 125.0 Lakeview
Hamlet,Week5,Truro,Week1,342.0 Hamlet - 60.0 Truro
Hamlet,Week4,Lakevale Estates,Week3,216.0 Hamlet - 186.0 Lakevale Estates
Greenbriar,Week3,Lakeview,Week2,316.0 Greenbriar - 86.0 Lakeview
Hayfield Farm,Week5,Country Club Hills,Week2,217.0 Hayfield Farm - 185.0 Country Club Hills
Hamlet,Week5,Lakevale Estates,Week2,268.0 Hamlet - 134.0 Lakevale Estates
Hamlet,Week4,Hiddenbrook,Week5,289.0 Hamlet - 113.0 Hiddenbrook
Greenbriar,Week5,Truro,Week1,258.0 Greenbriar - 144.0 Truro
Hamlet,Week4,Lakeview,Week2,362.0 Hamlet - 40.0 Lakeview
Hamlet,Week2,Hiddenbrook,Week1,323.0 Hamlet - 79.0 Hiddenbrook
Hamlet,Week1,Lakeview,Week3,344.0 Hamlet - 58.0 Lakeview
Greenbriar,Week1,Lakeview,Week4,281.0 Greenbriar - 121.0 Lakeview
Hamlet,Week3,Truro,Week2,345.0 Hamlet - 57.0 Truro
Greenbriar,Week5,Sully Station II,Week2,236.0 Sully Station II - 165.0 Greenbriar
Hayfield Farm,Week4,Country Club Hills,Week2,239.0 Hayfield Farm - 163.0 Country Club Hills
Hayfield Farm,Week3,Country Club Hills,Week2,261.0 Hayfield Farm - 141.0 Country Club Hills
Hayfield Farm,Week1,Crosspointe,Week3,251.5 Crosspointe - 150.5 Hayfield Farm
Greenbriar,Week2,Lakeview,Week5,290.0 Greenbriar - 103.0 Lakeview
Hamlet,Week5,Hiddenbrook,Week2,341.0 Hamlet - 61.0 Hiddenbrook
Hamlet,Week3,Lakeview,Week1,356.0 Hamlet - 46.0 Lakeview
Hamlet,Week4,Lakevale Estates,Week2,227.0 Hamlet - 175.0 Lakevale Estates
Greenbriar,Week3,Truro,Week2,302.0 Greenbriar - 99.0 Truro
Hamlet,Week1,Truro,Week5,319.0 Hamlet - 82.0 Truro
Hamlet,Week1,Truro,Week3,320.0 Hamlet - 82.0 Truro
Hayfield Farm,Week2,Country Club Hills,Week2,227.0 Hayfield Farm - 175.0 Country Club Hills
Hayfield Farm,Week3,Crosspointe,Week1,243.0 Crosspointe - 159.0 Hayfield Farm
Greenbriar,Week5,Lakeview,Week1,296.0 Greenbriar - 106.0 Lakeview
Greenbriar,Week5,Lakeview,Week5,257.0 Greenbriar - 136.0 Lakeview
Hamlet,Week3,High Point Pool,Week3,265.0 Hamlet - 137.0 High Point Pool
Greenbriar,Week1,Langley,Week1,251.0 Langley - 151.0 Greenbriar
Greenbriar,Week4,Sully Station II,Week2,267.0 Sully Station II - 135.0 Greenbriar
Hamlet,Week5,Lakeview,Week4,341.0 Hamlet - 61.0 Lakeview
Greenbriar,Week1,Langley,Week2,231.5 Langley - 170.5 Greenbriar
Hamlet,Week4,Lakeview,Week4,341.0 Hamlet - 61.0 Lakeview
Hamlet,Week5,Hiddenbrook,Week5,309.0 Hamlet - 93.0 Hiddenbrook
Greenbriar,Week4,Lakeview,Week3,281.0 Greenbriar - 121.0 Lakeview
Hayfield Farm,Week1,Crosspointe,Week4,253.0 Crosspointe - 149.0 Hayfield Farm
Hamlet,Week3,Truro,Week4,330.0 Hamlet - 72.0 Truro
Hamlet,Week4,Truro,Week5,319.0 Hamlet - 82.0 Truro
Hayfield Farm,Week3,Country Club Hills,Week4,249.0 Hayfield Farm - 153.0 Country Club Hills
Hamlet,Week4,Truro,Week1,325.0 Hamlet - 77.0 Truro
Hamlet,Week3,Lakeview,Week5,345.5 Hamlet - 47.5 Lakeview
Hayfield Farm,Week5,Country Club Hills,Week4,220.0 Hayfield Farm - 182.0 Country Club Hills
Hamlet,Week5,Lakevale Estates,Week3,254.0 Hamlet - 148.0 Lakevale Estates
Greenbriar,Week1,Truro,Week2,288.0 Greenbriar - 114.0 Truro
Hayfield Farm,Week2,Crosspointe,Week1,264.0 Crosspointe - 138.0 Hayfield Farm
Hamlet,Week2,Truro,Week4,328.0 Hamlet - 74.0 Truro
Hamlet,Week1,High Point Pool,Week1,247.0 Hamlet - 150.0 High Point Pool
Greenbriar,Week5,Sully Station II,Week1,209.0 Sully Station II - 192.0 Greenbriar
Hamlet,Week2,High Point Pool,Week1,262.5 Hamlet - 139.5 High Point Pool
Hamlet,Week5,Truro,Week5,335.0 Hamlet - 67.0 Truro
Hayfield Farm,Week5,Country Club Hills,Week3,229.0 Hayfield Farm - 173.0 Country Club Hills
Hamlet,Week3,High Point Pool,Week4,244.0 Hamlet - 158.0 High Point Pool
Greenbriar,Week4,Sully Station II,Week5,279.0 Sully Station II - 123.0 Greenbriar
Hamlet,Week1,Langley,Week1,220.0 Hamlet - 182.0 Langley
Greenbriar,Week3,Langley,Week5,232.0 Langley - 170.0 Greenbriar
Hamlet,Week4,High Point Pool,Week3,255.0 Hamlet - 147.0 High Point Pool
Hayfield Farm,Week1,Crosspointe,Week2,252.0 Crosspointe - 150.0 Hayfield Farm
Hayfield Farm,Week1,Crosspointe,Week5,275.0 Crosspointe - 127.0 Hayfield Farm
Greenbriar,Week3,Truro,Week1,286.5 Greenbriar - 115.5 Truro
Greenbriar,Week1,Langley,Week3,247.0 Langley - 155.0 Greenbriar
Greenbriar,Week2,Langley,Week4,227.5 Langley - 174.5 Greenbriar
Hamlet,Week5,Lakevale Estates,Week1,272.0 Hamlet - 130.0 Lakevale Estates
Hamlet,Week3,High Point Pool,Week2,247.0 Hamlet - 155.0 High Point Pool
Hamlet,Week5,Truro,Week3,337.0 Hamlet - 65.0 Truro
Hayfield Farm,Week2,Country Club Hills,Week4,236.0 Hayfield Farm - 166.0 Country Club Hills
Greenbriar,Week1,Truro,Week4,244.0 Greenbriar - 158.0 Truro
Hamlet,Week3,Lakeview,Week2,363.0 Hamlet - 39.0 Lakeview
Hamlet,Week1,Tuckahoe,Week3,306.0 Tuckahoe - 91.0 Hamlet
Hamlet,Week3,High Point Pool,Week5,255.0 Hamlet - 146.0 High Point Pool
Greenbriar,Week2,Truro,Week5,263.0 Greenbriar - 139.0 Truro
Hayfield Farm,Week3,Country Club Hills,Week1,240.0 Hayfield Farm - 162.0 Country Club Hills
Greenbriar,Week2,Langley,Week5,210.0 Langley - 192.0 Greenbriar
Hamlet,Week2,Lakeview,Week4,352.0 Hamlet - 50.0 Lakeview
Hamlet,Week4,Truro,Week2,336.0 Hamlet - 62.0 Truro
Greenbriar,Week2,Truro,Week4,265.0 Greenbriar - 137.0 Truro
Hamlet,Week4,High Point Pool,Week2,231.0 Hamlet - 171.0 High Point Pool
Greenbriar,Week2,Truro,Week3,289.0 Greenbriar - 113.0 Truro
Hamlet,Week4,High Point Pool,Week1,257.0 Hamlet - 145.0 High Point Pool
Greenbriar,Week4,Langley,Week3,254.0 Langley - 148.0 Greenbriar
Hamlet,Week5,Lakeview,Week5,343.0 Hamlet - 50.0 Lakeview
Hamlet,Week4,Truro,Week3,328.5 Hamlet - 73.5 Truro
Hamlet,Week2,High Point Pool,Week5,259.0 Hamlet - 143.0 High Point Pool
Hamlet,Week4,High Point Pool,Week4,233.0 Hamlet - 169.0 High Point Pool
Hamlet,Week1,Lakeview,Week2,357.0 Hamlet - 45.0 Lakeview
Greenbriar,Week5,Little Rocky Run,Week2,230.0 Little Rocky Run - 172.0 Greenbriar
Hamlet,Week1,Lakeview,Week5,336.0 Hamlet - 57.0 Lakeview
Greenbriar,Week5,Langley,Week3,240.5 Langley - 161.5 Greenbriar
Hayfield Farm,Week1,Country Club Hills,Week5,209.0 Hayfield Farm - 193.0 Country Club Hills
Hayfield Farm,Week3,Country Club Hills,Week5,236.0 Hayfield Farm - 166.0 Country Club Hills
Greenbriar,Week4,Truro,Week2,274.0 Greenbriar - 127.0 Truro
Hamlet,Week1,Lakeview,Week4,342.0 Hamlet - 60.0 Lakeview
Greenbriar,Week3,Little Rocky Run,Week5,270.0 Little Rocky Run - 132.0 Greenbriar
Hamlet,Week2,Truro,Week1,340.0 Hamlet - 62.0 Truro
Greenbriar,Week4,Sully Station II,Week3,275.0 Sully Station II - 127.0 Greenbriar
Hamlet,Week1,Truro,Week4,312.0 Hamlet - 90.0 Truro
Greenbriar,Week3,Little Rocky Run,Week2,245.0 Little Rocky Run - 157.0 Greenbriar
Hamlet,Week1,Tuckahoe,Week1,270.5 Tuckahoe - 131.5 Hamlet
Hamlet,Week3,High Point Pool,Week1,262.0 Hamlet - 140.0 High Point Pool
Hayfield Farm,Week2,Country Club Hills,Week1,222.0 Hayfield Farm - 180.0 Country Club Hills
Greenbriar,Week1,Long Branch,Week2,246.0 Greenbriar - 156.0 Long Branch
Hamlet,Week2,Lakeview,Week1,361.0 Hamlet - 41.0 Lakeview
Greenbriar,Week2,Langley,Week2,206.0 Langley - 196.0 Greenbriar
Hamlet,Week1,Tuckahoe,Week4,288.0 Tuckahoe - 114.0 Hamlet
Greenbriar,Week2,Langley,Week1,218.0 Langley - 184.0 Greenbriar
Greenbriar,Week4,Truro,Week1,264.0 Greenbriar - 138.0 Truro
Greenbriar,Week1,Laurel Hill,Week3,285.0 Greenbriar - 117.0 Laurel Hill
Greenbriar,Week5,Sully Station II,Week4,228.0 Sully Station II - 174.0 Greenbriar
Hamlet,Week5,Lakeview,Week1,366.0 Hamlet - 36.0 Lakeview
Hayfield Farm,Week4,Country Club Hills,Week5,226.0 Hayfield Farm - 176.0 Country Club Hills
Hayfield Farm,Week3,Country Club Hills,Week3,252.0 Hayfield Farm - 150.0 Country Club Hills
Greenbriar,Week3,Truro,Week5,275.5 Greenbriar - 126.5 Truro
Hamlet,Week5,Truro,Week2,351.0 Hamlet - 51.0 Truro
Greenbriar,Week4,Little Rocky Run,Week3,277.0 Little Rocky Run - 125.0 Greenbriar
Hamlet,Week5,High Point Pool,Week1,283.0 Hamlet - 119.0 High Point Pool
Hamlet,Week5,High Point Pool,Week4,254.0 Hamlet - 148.0 High Point Pool
Hamlet,Week5,High Point Pool,Week5,268.0 Hamlet - 134.0 High Point Pool
Hamlet,Week1,Tuckahoe,Week2,275.0 Tuckahoe - 127.0 Hamlet
Hamlet,Week1,Truro,Week2,330.0 Hamlet - 70.0 Truro
Greenbriar,Week2,Little Rocky Run,Week5,251.0 Little Rocky Run - 151.0 Greenbriar
Greenbriar,Week3,Truro,Week4,258.0 Greenbriar - 144.0 Truro
Hamlet,Week2,Lakeview,Week2,365.0 Hamlet - 37.0 Lakeview
Greenbriar,Week1,Langley,Week5,238.0 Langley - 164.0 Greenbriar
Greenbriar,Week3,Langley,Week1,245.0 Langley - 157.0 Greenbriar
Hayfield Farm,Week4,Country Club Hills,Week3,244.0 Hayfield Farm - 158.0 Country Club Hills
Greenbriar,Week2,Langley,Week3,222.0 Langley - 180.0 Greenbriar
Hamlet,Week5,Lakeview,Week3,346.0 Hamlet - 56.0 Lakeview
Hayfield Farm,Week2,Crosspointe,Week2,249.0 Crosspointe - 153.0 Hayfield Farm
Greenbriar,Week2,Truro,Week2,299.0 Greenbriar - 101.0 Truro
Hamlet,Week1,Tuckahoe,Week5,285.0 Tuckahoe - 117.0 Hamlet
Hamlet,Week2,Vienna Aquatic,Week3,226.0 Vienna Aquatic - 176.0 Hamlet
Hayfield Farm,Week5,Country Club Hills,Week1,215.0 Hayfield Farm - 187.0 Country Club Hills
Greenbriar,Week2,Little Rocky Run,Week4,255.0 Little Rocky Run - 147.0 Greenbriar
Hamlet,Week1,Highland Park,Week2,289.0 Hamlet - 113.0 Highland Park
Hamlet,Week1,Highland Park,Week4,268.0 Hamlet - 134.0 Highland Park
Hamlet,Week1,Highland Park,Week3,286.0 Hamlet - 116.0 Highland Park
Greenbriar,Week4,Langley,Week5,232.0 Langley - 170.0 Greenbriar
Greenbriar,Week1,Truro,Week3,277.0 Greenbriar - 125.0 Truro
Hamlet,Week5,Lakeview,Week2,366.0 Hamlet - 36.0 Lakeview
Hamlet,Week4,Lakevale Estates,Week5,205.0 Lakevale Estates - 197.0 Hamlet
Hamlet,Week2,Tuckahoe,Week3,297.0 Tuckahoe - 105.0 Hamlet
Hamlet,Week1,Lakeview,Week1,355.0 Hamlet - 47.0 Lakeview
Greenbriar,Week5,Little Rocky Run,Week4,248.0 Little Rocky Run - 154.0 Greenbriar
Hayfield Farm,Week4,Country Club Hills,Week1,241.0 Hayfield Farm - 161.0 Country Club Hills
Greenbriar,Week3,Langley,Week4,239.0 Langley - 163.0 Greenbriar
Hayfield Farm,Week1,Crosspointe,Week1,248.0 Crosspointe - 154.0 Hayfield Farm
Greenbriar,Week4,Truro,Week3,263.0 Greenbriar - 139.0 Truro
Greenbriar,Week4,Sully Station II,Week4,233.0 Sully Station II - 169.0 Greenbriar
Greenbriar,Week5,Little Rocky Run,Week3,259.0 Little Rocky Run - 143.0 Greenbriar
Greenbriar,Week3,Langley,Week3,237.0 Langley - 165.0 Greenbriar
Greenbriar,Week5,Little Rocky Run,Week1,237.0 Little Rocky Run - 165.0 Greenbriar
Hamlet,Week3,Tuckahoe,Week5,278.0 Tuckahoe - 124.0 Hamlet
Hamlet,Week5,Lakevale Estates,Week5,244.0 Hamlet - 158.0 Lakevale Estates
Greenbriar,Week4,Little Rocky Run,Week4,271.0 Little Rocky Run - 131.0 Greenbriar
Hayfield Farm,Week1,Daventry,Week5,263.0 Hayfield Farm - 139.0 Daventry
Greenbriar,Week3,Langley,Week2,224.0 Langley - 178.0 Greenbriar
Hamlet,Week5,High Point Pool,Week3,274.5 Hamlet - 127.5 High Point Pool
Hamlet,Week3,Lakeview,Week3,347.0 Hamlet - 55.0 Lakeview
Greenbriar,Week5,Truro,Week2,269.0 Greenbriar - 133.0 Truro
Hamlet,Week3,Lakeview,Week4,345.0 Hamlet - 57.0 Lakeview
Greenbriar,Week5,Langley,Week1,243.0 Langley - 159.0 Greenbriar
Greenbriar,Week5,Truro,Week3,273.0 Greenbriar - 128.0 Truro
Hamlet,Week3,Tuckahoe,Week3,292.0 Tuckahoe - 110.0 Hamlet
Greenbriar,Week3,Little Rocky Run,Week1,259.0 Little Rocky Run - 143.0 Greenbriar
Hamlet,Week5,Lakevale Estates,Week4,240.0 Hamlet - 162.0 Lakevale Estates
Hamlet,Week3,Tuckahoe,Week2,275.0 Tuckahoe - 127.0 Hamlet
Greenbriar,Week4,Truro,Week5,254.0 Greenbriar - 148.0 Truro
Hamlet,Week1,Highland Park,Week5,291.0 Hamlet - 111.0 Highland Park
Hamlet,Week4,Tuckahoe,Week2,287.0 Tuckahoe - 115.0 Hamlet
Greenbriar,Week5,Truro,Week4,253.0 Greenbriar - 149.0 Truro
Hayfield Farm,Week2,Crosspointe,Week5,274.0 Crosspointe - 128.0 Hayfield Farm
Hamlet,Week2,Lakeview,Week3,352.0 Hamlet - 50.0 Lakeview
Hamlet,Week1,Vienna Aquatic,Week3,237.5 Vienna Aquatic - 164.5 Hamlet
Hayfield Farm,Week2,Crosspointe,Week3,242.0 Crosspointe - 160.0 Hayfield Farm
Hamlet,Week2,Highland Park,Week1,283.0 Hamlet - 119.0 Highland Park
Greenbriar,Week2,Lee Graham,Week4,239.0 Lee Graham - 163.0 Greenbriar
Greenbriar,Week4,Little Rocky Run,Week1,258.0 Little Rocky Run - 144.0 Greenbriar
Hamlet,Week1,Highland Park,Week1,265.0 Hamlet - 137.0 Highland Park
Greenbriar,Week4,Langley,Week4,262.5 Langley - 139.5 Greenbriar
Greenbriar,Week1,Long Branch,Week3,254.5 Greenbriar - 147.5 Long Branch
Hayfield Farm,Week4,Crosspointe,Week2,247.0 Crosspointe - 155.0 Hayfield Farm
Greenbriar,Week5,Langley,Week5,228.0 Langley - 174.0 Greenbriar
Greenbriar,Week5,Langley,Week2,235.0 Langley - 167.0 Greenbriar
Hamlet,Week4,Lakeview,Week3,343.0 Hamlet - 59.0 Lakeview
Greenbriar,Week4,Langley,Week2,240.0 Langley - 162.0 Greenbriar
Greenbriar,Week1,Lincolnia Park,Week2,314.0 Greenbriar - 78.0 Lincolnia Park
Greenbriar,Week5,Lee Graham,Week1,252.0 Lee Graham - 150.0 Greenbriar
Greenbriar,Week1,Vienna Aquatic,Week4,264.0 Vienna Aquatic - 138.0 Greenbriar
Greenbriar,Week4,Langley,Week1,247.0 Langley - 155.0 Greenbriar
Greenbriar,Week1,Laurel Hill,Week2,312.0 Greenbriar - 90.0 Laurel Hill
Hamlet,Week1,Vienna Aquatic,Week4,214.0 Vienna Aquatic - 188.0 Hamlet
Hayfield Farm,Week3,Crosspointe,Week4,235.0 Crosspointe - 167.0 Hayfield Farm
Hamlet,Week5,Tuckahoe,Week1,245.0 Tuckahoe - 157.0 Hamlet
Hamlet,Week2,Tuckahoe,Week5,276.0 Tuckahoe - 126.0 Hamlet
Greenbriar,Week2,Lee Graham,Week3,255.0 Lee Graham - 147.0 Greenbriar
Greenbriar,Week5,Little Rocky Run,Week5,261.0 Little Rocky Run - 141.0 Greenbriar
Hayfield Farm,Week1,Daventry,Week1,291.0 Hayfield Farm - 111.0 Daventry
Greenbriar,Week1,Long Branch,Week1,249.0 Greenbriar - 153.0 Long Branch
Hamlet,Week4,Lakeview,Week1,354.0 Hamlet - 48.0 Lakeview
Greenbriar,Week1,Lincolnia Park,Week3,284.0 Greenbriar - 109.0 Lincolnia Park
Greenbriar,Week4,Little Rocky Run,Week5,268.0 Little Rocky Run - 134.0 Greenbriar
Hayfield Farm,Week5,Crosspointe,Week2,246.0 Crosspointe - 156.0 Hayfield Farm
Greenbriar,Week3,Little Rocky Run,Week4,269.0 Little Rocky Run - 133.0 Greenbriar
Greenbriar,Week3,Tuckahoe,Week1,303.0 Tuckahoe - 99.0 Greenbriar
Hamlet,Week4,Lakeview,Week5,340.0 Hamlet - 53.0 Lakeview
Greenbriar,Week1,Laurel Hill,Week1,295.0 Greenbriar - 106.0 Laurel Hill
Greenbriar,Week1,Long Branch,Week5,228.0 Greenbriar - 174.0 Long Branch
Hamlet,Week2,Tuckahoe,Week2,273.0 Tuckahoe - 129.0 Hamlet
Greenbriar,Week3,Tuckahoe,Week4,322.0 Tuckahoe - 80.0 Greenbriar
Hamlet,Week1,Laurel Hill,Week2,333.0 Hamlet - 69.0 Laurel Hill
Hayfield Farm,Week5,Crosspointe,Week5,276.0 Crosspointe - 126.0 Hayfield Farm
Greenbriar,Week1,Tuckahoe,Week1,300.0 Tuckahoe - 102.0 Greenbriar
Hamlet,Week5,Langley,Week3,262.0 Hamlet - 140.0 Langley
Greenbriar,Week1,Long Branch,Week4,227.5 Greenbriar - 174.5 Long Branch
Greenbriar,Week4,Little Rocky Run,Week2,247.0 Little Rocky Run - 155.0 Greenbriar
Greenbriar,Week3,Lee Graham,Week5,276.0 Lee Graham - 126.0 Greenbriar
Greenbriar,Week5,Truro,Week5,268.0 Greenbriar - 134.0 Truro
Hamlet,Week5,Tuckahoe,Week3,285.0 Tuckahoe - 117.0 Hamlet
Hayfield Farm,Week4,Crosspointe,Week3,248.0 Crosspointe - 154.0 Hayfield Farm
Greenbriar,Week3,Tuckahoe,Week2,316.0 Tuckahoe - 86.0 Greenbriar
Hamlet,Week3,Tuckahoe,Week1,257.0 Tuckahoe - 145.0 Hamlet
Greenbriar,Week5,Langley,Week4,244.0 Langley - 158.0 Greenbriar
Greenbriar,Week5,Lee Graham,Week4,241.0 Lee Graham - 161.0 Greenbriar
Hamlet,Week1,Langley,Week5,232.0 Hamlet - 170.0 Langley
Hayfield Farm,Week5,Crosspointe,Week1,253.0 Crosspointe - 149.0 Hayfield Farm
Greenbriar,Week2,Tuckahoe,Week2,281.0 Tuckahoe - 121.0 Greenbriar
Hayfield Farm,Week3,Crosspointe,Week3,233.0 Crosspointe - 164.0 Hayfield Farm
Hayfield Farm,Week2,Burke Station,Week1,241.0 Hayfield Farm - 138.0 Burke Station
Hayfield Farm,Week2,Burke Station,Week5,264.0 Hayfield Farm - 138.0 Burke Station
Greenbriar,Week4,Tuckahoe,Week1,315.0 Tuckahoe - 87.0 Greenbriar
Hamlet,Week5,Tuckahoe,Week4,271.0 Tuckahoe - 131.0 Hamlet
Hamlet,Week1,Langley,Week4,220.0 Hamlet - 182.0 Langley
Hamlet,Week5,Tuckahoe,Week2,252.0 Tuckahoe - 150.0 Hamlet
Hamlet,Week4,Tuckahoe,Week3,317.0 Tuckahoe - 85.0 Hamlet
Greenbriar,Week2,Lee Graham,Week1,241.0 Lee Graham - 161.0 Greenbriar
Greenbriar,Week3,Lee Graham,Week4,266.0 Lee Graham - 136.0 Greenbriar
Hamlet,Week4,Langley,Week1,207.0 Hamlet - 195.0 Langley
Hayfield Farm,Week3,Crosspointe,Week5,256.0 Crosspointe - 146.0 Hayfield Farm
Hayfield Farm,Week5,Crosspointe,Week4,248.0 Crosspointe - 154.0 Hayfield Farm
Hamlet,Week2,Langley,Week2,244.0 Hamlet - 158.0 Langley
Hayfield Farm,Week1,Burke Station,Week2,280.0 Hayfield Farm - 122.0 Burke Station
Greenbriar,Week2,Tuckahoe,Week4,305.0 Tuckahoe - 97.0 Greenbriar
Greenbriar,Week5,Tuckahoe,Week5,324.0 Tuckahoe - 78.0 Greenbriar
Greenbriar,Week2,Long Branch,Week2,267.0 Greenbriar - 135.0 Long Branch
Hamlet,Week3,Langley,Week3,239.0 Hamlet - 163.0 Langley
Hayfield Farm,Week4,Broyhill Crest,Week4,353.0 Hayfield Farm - 49.0 Broyhill Crest
Greenbriar,Week2,Long Branch,Week1,273.0 Greenbriar - 129.0 Long Branch
Greenbriar,Week3,Little Rocky Run,Week3,264.0 Little Rocky Run - 138.0 Greenbriar
Hayfield Farm,Week1,Daventry,Week2,303.0 Hayfield Farm - 99.0 Daventry
Greenbriar,Week2,Lee Graham,Week2,245.0 Lee Graham - 157.0 Greenbriar
Greenbriar,Week1,Lee Graham,Week5,251.0 Lee Graham - 151.0 Greenbriar
Hayfield Farm,Week1,Burke Station,Week4,280.0 Hayfield Farm - 122.0 Burke Station
Hamlet,Week5,Tuckahoe,Week5,263.0 Tuckahoe - 139.0 Hamlet
Hayfield Farm,Week3,Daventry,Week3,300.0 Hayfield Farm - 97.0 Daventry
Greenbriar,Week1,Vienna Aquatic,Week2,255.0 Vienna Aquatic - 147.0 Greenbriar
Hamlet,Week2,Langley,Week5,240.5 Hamlet - 161.5 Langley
Greenbriar,Week4,Lee Graham,Week5,263.5 Lee Graham - 138.5 Greenbriar
Hayfield Farm,Week2,Daventry,Week3,287.0 Hayfield Farm - 115.0 Daventry
Greenbriar,Week2,Little Rocky Run,Week3,247.0 Little Rocky Run - 155.0 Greenbriar
Greenbriar,Week5,Tuckahoe,Week1,304.0 Tuckahoe - 98.0 Greenbriar
Hamlet,Week2,Tuckahoe,Week4,282.0 Tuckahoe - 120.0 Hamlet
Hamlet,Week4,Tuckahoe,Week5,299.0 Tuckahoe - 103.0 Hamlet
Hayfield Farm,Week3,Broyhill Crest,Week5,338.0 Hayfield Farm - 63.0 Broyhill Crest
Greenbriar,Week1,Vienna Aquatic,Week3,273.0 Vienna Aquatic - 129.0 Greenbriar
Hamlet,Week5,Langley,Week1,261.0 Hamlet - 141.0 Langley
Greenbriar,Week2,Tuckahoe,Week1,275.5 Tuckahoe - 126.5 Greenbriar
Greenbriar,Week1,Lincolnia Park,Week5,285.0 Greenbriar - 108.0 Lincolnia Park
Hayfield Farm,Week3,Crosspointe,Week2,233.0 Crosspointe - 169.0 Hayfield Farm
Hamlet,Week1,Vienna Aquatic,Week1,217.0 Vienna Aquatic - 185.0 Hamlet
Hamlet,Week3,Laurel Hill,Week2,346.0 Hamlet - 56.0 Laurel Hill
Greenbriar,Week4,Lee Graham,Week3,276.0 Lee Graham - 126.0 Greenbriar
Hamlet,Week4,Tuckahoe,Week4,307.0 Tuckahoe - 95.0 Hamlet
Hayfield Farm,Week1,Daventry,Week3,282.0 Hayfield Farm - 119.0 Daventry
Hayfield Farm,Week2,Burke Station,Week2,300.0 Hayfield Farm - 102.0 Burke Station
Greenbriar,Week1,Lincolnia Park,Week4,312.0 Greenbriar - 90.0 Lincolnia Park
Greenbriar,Week2,Long Branch,Week3,273.0 Greenbriar - 129.0 Long Branch
Hamlet,Week5,Langley,Week5,268.0 Hamlet - 134.0 Langley
Hayfield Farm,Week5,Crosspointe,Week3,259.5 Crosspointe - 142.5 Hayfield Farm
Hayfield Farm,Week3,Broyhill Crest,Week3,360.0 Hayfield Farm - 42.0 Broyhill Crest
Hamlet,Week3,Laurel Hill,Week4,339.0 Hamlet - 62.0 Laurel Hill
Hayfield Farm,Week2,Burke Station,Week4,294.0 Hayfield Farm - 108.0 Burke Station
Greenbriar,Week1,Tuckahoe,Week4,318.5 Tuckahoe - 83.5 Greenbriar
Greenbriar,Week4,Tuckahoe,Week3,332.0 Tuckahoe - 70.0 Greenbriar
Hamlet,Week2,Vienna Aquatic,Week4,205.5 Hamlet - 196.5 Vienna Aquatic
Hamlet,Week1,Laurel Hill,Week1,315.0 Hamlet - 87.0 Laurel Hill
Hayfield Farm,Week3,Daventry,Week5,287.0 Hayfield Farm - 115.0 Daventry
Greenbriar,Week4,Lee Graham,Week1,267.0 Lee Graham - 135.0 Greenbriar
Greenbriar,Week5,Lee Graham,Week2,260.0 Lee Graham - 142.0 Greenbriar
Hamlet,Week2,Vienna Aquatic,Week1,212.0 Hamlet - 190.0 Vienna Aquatic
Hayfield Farm,Week4,Crosspointe,Week4,247.5 Crosspointe - 154.5 Hayfield Farm
Hamlet,Week2,Vienna Aquatic,Week2,207.0 Hamlet - 195.0 Vienna Aquatic
Hayfield Farm,Week4,Broyhill Crest,Week2,365.0 Hayfield Farm - 37.0 Broyhill Crest
Hayfield Farm,Week2,Daventry,Week1,299.0 Hayfield Farm - 103.0 Daventry
Greenbriar,Week2,Tuckahoe,Week5,295.0 Tuckahoe - 107.0 Greenbriar
Greenbriar,Week3,Lee Graham,Week1,253.0 Lee Graham - 149.0 Greenbriar
Greenbriar,Week5,Lee Graham,Week5,263.0 Lee Graham - 139.0 Greenbriar
Greenbriar,Week2,Lee Graham,Week5,247.0 Lee Graham - 155.0 Greenbriar
Hamlet,Week1,Vienna Aquatic,Week5,247.0 Vienna Aquatic - 155.0 Hamlet
Hayfield Farm,Week5,Broyhill Crest,Week4,344.0 Hayfield Farm - 58.0 Broyhill Crest
Hamlet,Week2,Langley,Week4,239.0 Hamlet - 163.0 Langley
Hayfield Farm,Week3,Broyhill Crest,Week4,354.0 Hayfield Farm - 47.0 Broyhill Crest
Hayfield Farm,Week1,Daventry,Week4,294.0 Hayfield Farm - 108.0 Daventry
Greenbriar,Week1,Tuckahoe,Week3,312.0 Tuckahoe - 90.0 Greenbriar
Greenbriar,Week5,Tuckahoe,Week2,311.0 Tuckahoe - 91.0 Greenbriar
Hayfield Farm,Week2,Daventry,Week2,301.0 Hayfield Farm - 101.0 Daventry
Hamlet,Week1,Langley,Week2,228.0 Hamlet - 174.0 Langley
Greenbriar,Week4,Tuckahoe,Week2,322.0 Tuckahoe - 80.0 Greenbriar
Hamlet,Week3,Langley,Week1,234.0 Hamlet - 168.0 Langley
Greenbriar,Week4,Lee Graham,Week4,267.0 Lee Graham - 135.0 Greenbriar
Hayfield Farm,Week5,Burke Station,Week5,253.0 Hayfield Farm - 149.0 Burke Station
Greenbriar,Week4,Tuckahoe,Week5,320.0 Tuckahoe - 82.0 Greenbriar
Hayfield Farm,Week5,Broyhill Crest,Week3,355.0 Hayfield Farm - 47.0 Broyhill Crest
Hayfield Farm,Week1,Burke Station,Week1,232.0 Hayfield Farm - 147.0 Burke Station
Hamlet,Week3,Tuckahoe,Week4,282.0 Tuckahoe - 120.0 Hamlet
Hamlet,Week1,Vienna Aquatic,Week2,215.0 Vienna Aquatic - 187.0 Hamlet
Hayfield Farm,Week4,Crosspointe,Week1,257.0 Crosspointe - 145.0 Hayfield Farm
Greenbriar,Week4,Lee Graham,Week2,274.0 Lee Graham - 128.0 Greenbriar
Hayfield Farm,Week4,Daventry,Week1,305.0 Hayfield Farm - 97.0 Daventry
Hayfield Farm,Week5,Burke Station,Week2,303.0 Hayfield Farm - 99.0 Burke Station
Hamlet,Week2,Langley,Week3,253.0 Hamlet - 149.0 Langley
Greenbriar,Week4,Tuckahoe,Week4,337.0 Tuckahoe - 65.0 Greenbriar
Hayfield Farm,Week4,Daventry,Week2,300.0 Hayfield Farm - 102.0 Daventry
Hamlet,Week3,Vienna Aquatic,Week1,209.0 Hamlet - 193.0 Vienna Aquatic
Hamlet,Week3,Langley,Week2,243.0 Hamlet - 159.0 Langley
Hamlet,Week1,Langley,Week3,228.0 Hamlet - 174.0 Langley
Greenbriar,Week3,Lee Graham,Week3,272.0 Lee Graham - 130.0 Greenbriar
Hamlet,Week4,Tuckahoe,Week1,294.5 Tuckahoe - 107.5 Hamlet
Hayfield Farm,Week2,Daventry,Week5,273.0 Hayfield Farm - 129.0 Daventry
Hayfield Farm,Week4,Crosspointe,Week5,267.0 Crosspointe - 135.0 Hayfield Farm
Hayfield Farm,Week3,Burke Station,Week1,261.0 Hayfield Farm - 118.0 Burke Station
Hayfield Farm,Week1,Burke Station,Week5,242.0 Hayfield Farm - 160.0 Burke Station
Hamlet,Week2,Langley,Week1,233.0 Hamlet - 169.0 Langley
Hamlet,Week3,Vienna Aquatic,Week2,207.0 Hamlet - 195.0 Vienna Aquatic
Hayfield Farm,Week5,Broyhill Crest,Week2,353.0 Hayfield Farm - 49.0 Broyhill Crest
Hamlet,Week2,Vienna Aquatic,Week5,249.0 Vienna Aquatic - 153.0 Hamlet
Greenbriar,Week5,Tuckahoe,Week3,325.0 Tuckahoe - 77.0 Greenbriar
Greenbriar,Week3,Tuckahoe,Week3,323.0 Tuckahoe - 79.0 Greenbriar
Hayfield Farm,Week3,Daventry,Week1,310.0 Hayfield Farm - 91.0 Daventry
Hamlet,Week3,Vienna Aquatic,Week3,214.0 Vienna Aquatic - 188.0 Hamlet
Hayfield Farm,Week2,Daventry,Week4,317.0 Hayfield Farm - 85.0 Daventry
Greenbriar,Week2,Tuckahoe,Week3,311.0 Tuckahoe - 91.0 Greenbriar
Greenbriar,Week5,Lee Graham,Week3,264.0 Lee Graham - 138.0 Greenbriar
Hamlet,Week3,Vienna Aquatic,Week4,213.0 Hamlet - 189.0 Vienna Aquatic
Greenbriar,Week1,Lincolnia Park,Week1,319.0 Greenbriar - 83.0 Lincolnia Park
Hamlet,Week3,Langley,Week5,250.0 Hamlet - 152.0 Langley
Hamlet,Week4,Langley,Week2,239.0 Hamlet - 163.0 Langley
Greenbriar,Week3,Lee Graham,Week2,263.0 Lee Graham - 139.0 Greenbriar
Greenbriar,Week1,Tuckahoe,Week5,311.0 Tuckahoe - 91.0 Greenbriar
Hayfield Farm,Week3,Burke Station,Week5,285.0 Hayfield Farm - 117.0 Burke Station
Hamlet,Week3,Langley,Week4,231.0 Hamlet - 171.0 Langley
Hamlet,Week1,Vienna Woods,Week5,270.0 Vienna Woods - 132.0 Hamlet
Greenbriar,Week3,Vienna Aquatic,Week4,270.0 Vienna Aquatic - 132.0 Greenbriar
Hayfield Farm,Week4,Broyhill Crest,Week3,368.0 Hayfield Farm - 34.0 Broyhill Crest
Hamlet,Week4,Vienna Woods,Week4,211.0 Vienna Woods - 191.0 Hamlet
Greenbriar,Week5,Tuckahoe,Week4,333.0 Tuckahoe - 69.0 Greenbriar
Greenbriar,Week1,Vienna Woods,Week2,270.0 Vienna Woods - 132.0 Greenbriar
Hamlet,Week5,Langley,Week2,263.0 Hamlet - 139.0 Langley
Greenbriar,Week3,Tuckahoe,Week5,309.0 Tuckahoe - 93.0 Greenbriar
Greenbriar,Week4,Vienna Aquatic,Week2,277.0 Vienna Aquatic - 125.0 Greenbriar
Hamlet,Week5,Langley,Week4,260.0 Hamlet - 142.0 Langley
Hamlet,Week1,Vienna Woods,Week1,241.0 Vienna Woods - 161.0 Hamlet
Hayfield Farm,Week2,Burke Station,Week3,274.0 Hayfield Farm - 123.0 Burke Station
Hayfield Farm,Week5,Broyhill Crest,Week5,333.0 Hayfield Farm - 69.0 Broyhill Crest
Hamlet,Week4,Langley,Week5,226.0 Hamlet - 176.0 Langley
Hamlet,Week4,Langley,Week3,224.0 Hamlet - 178.0 Langley
Hamlet,Week1,Laurel Hill,Week3,317.0 Hamlet - 85.0 Laurel Hill
Hayfield Farm,Week5,Daventry,Week3,291.0 Hayfield Farm - 111.0 Daventry
Greenbriar,Week1,Vienna Aquatic,Week5,291.0 Vienna Aquatic - 111.0 Greenbriar
Hayfield Farm,Week3,Daventry,Week2,308.0 Hayfield Farm - 94.0 Daventry
Hayfield Farm,Week5,Broyhill Crest,Week1,347.0 Hayfield Farm - 55.0 Broyhill Crest
Greenbriar,Week1,Vienna Aquatic,Week1,260.0 Vienna Aquatic - 142.0 Greenbriar
Hayfield Farm,Week5,Daventry,Week4,313.0 Hayfield Farm - 89.0 Daventry
Hayfield Farm,Week1,Burke Station,Week3,242.0 Hayfield Farm - 154.0 Burke Station
Hamlet,Week4,Langley,Week4,204.0 Hamlet - 198.0 Langley
Hamlet,Week5,Vienna Aquatic,Week2,215.5 Hamlet - 186.5 Vienna Aquatic
Hamlet,Week4,Vienna Aquatic,Week2,230.0 Vienna Aquatic - 172.0 Hamlet
Hayfield Farm,Week4,Broyhill Crest,Week1,355.0 Hayfield Farm - 47.0 Broyhill Crest
Hayfield Farm,Week4,Dominion Hills,Week4,234.0 Dominion Hills - 168.0 Hayfield Farm
Hayfield Farm,Week4,Daventry,Week3,291.0 Hayfield Farm - 111.0 Daventry
Hayfield Farm,Week3,Daventry,Week4,311.0 Hayfield Farm - 91.0 Daventry
Hamlet,Week5,Vienna Woods,Week1,214.0 Hamlet - 188.0 Vienna Woods
Hamlet,Week1,Laurel Hill,Week4,321.0 Hamlet - 81.0 Laurel Hill
Hamlet,Week1,Vienna Woods,Week3,247.0 Vienna Woods - 155.0 Hamlet
Hayfield Farm,Week3,Burke Station,Week2,311.0 Hayfield Farm - 90.0 Burke Station
Hamlet,Week2,Laurel Hill,Week3,330.0 Hamlet - 72.0 Laurel Hill
Hayfield Farm,Week4,Burke Station,Week2,305.0 Hayfield Farm - 97.0 Burke Station
Hayfield Farm,Week3,Burke Station,Week4,312.0 Hayfield Farm - 89.0 Burke Station
Hayfield Farm,Week4,Burke Station,Week4,297.0 Hayfield Farm - 105.0 Burke Station
Hamlet,Week1,Laurel Hill,Week5,297.0 Hamlet - 105.0 Laurel Hill
Hayfield Farm,Week4,Daventry,Week5,278.0 Hayfield Farm - 124.0 Daventry
Hamlet,Week5,Vienna Aquatic,Week3,202.0 Vienna Aquatic - 200.0 Hamlet
Hayfield Farm,Week4,Daventry,Week4,321.0 Hayfield Farm - 81.0 Daventry
Greenbriar,Week2,Vienna Aquatic,Week5,274.0 Vienna Aquatic - 128.0 Greenbriar
Greenbriar,Week3,Vienna Aquatic,Week2,273.0 Vienna Aquatic - 129.0 Greenbriar
Greenbriar,Week5,Vienna Aquatic,Week3,291.0 Vienna Aquatic - 111.0 Greenbriar
Hamlet,Week5,Vienna Aquatic,Week4,217.0 Hamlet - 185.0 Vienna Aquatic
Hayfield Farm,Week5,Daventry,Week1,299.0 Hayfield Farm - 103.0 Daventry
Hayfield Farm,Week1,Dominion Hills,Week2,213.0 Dominion Hills - 189.0 Hayfield Farm
Greenbriar,Week4,Vienna Aquatic,Week4,278.0 Vienna Aquatic - 124.0 Greenbriar
Hamlet,Week2,Laurel Hill,Week1,326.0 Hamlet - 76.0 Laurel Hill
Greenbriar,Week4,Vienna Aquatic,Week3,298.0 Vienna Aquatic - 104.0 Greenbriar
Hamlet,Week2,Laurel Hill,Week5,314.0 Hamlet - 88.0 Laurel Hill
Hayfield Farm,Week4,Dominion Hills,Week3,201.0 Dominion Hills - 201.0 Hayfield Farm
Hamlet,Week1,Vienna Woods,Week2,243.5 Vienna Woods - 157.5 Hamlet
Hayfield Farm,Week5,Daventry,Week5,260.0 Hayfield Farm - 142.0 Daventry
Hamlet,Week3,Lee Graham,Week4,201.0 Hamlet - 201.0 Lee Graham
Hamlet,Week3,Laurel Hill,Week1,325.5 Hamlet - 76.5 Laurel Hill
Hamlet,Week2,Vienna Woods,Week1,222.0 Vienna Woods - 180.0 Hamlet
Hayfield Farm,Week4,Burke Station,Week3,272.0 Hayfield Farm - 124.0 Burke Station
Hayfield Farm,Week5,Daventry,Week2,303.0 Hayfield Farm - 99.0 Daventry
Hayfield Farm,Week5,Dominion Hills,Week3,214.0 Dominion Hills - 188.0 Hayfield Farm
Hayfield Farm,Week2,Dominion Hills,Week4,238.0 Dominion Hills - 164.0 Hayfield Farm
Hamlet,Week3,Laurel Hill,Week3,327.0 Hamlet - 75.0 Laurel Hill
Hamlet,Week5,Vienna Aquatic,Week5,230.5 Vienna Aquatic - 171.5 Hamlet
Hamlet,Week2,Laurel Hill,Week2,345.0 Hamlet - 57.0 Laurel Hill
Hayfield Farm,Week4,Burke Station,Week5,256.0 Hayfield Farm - 146.0 Burke Station
Hamlet,Week4,Vienna Aquatic,Week3,249.0 Vienna Aquatic - 153.0 Hamlet
Greenbriar,Week5,Vienna Aquatic,Week2,275.0 Vienna Aquatic - 127.0 Greenbriar
Hayfield Farm,Week3,Burke Station,Week3,288.0 Hayfield Farm - 108.0 Burke Station
Hayfield Farm,Week4,Burke Station,Week1,262.0 Hayfield Farm - 117.0 Burke Station
Hamlet,Week3,Vienna Aquatic,Week5,247.0 Vienna Aquatic - 155.0 Hamlet
Hayfield Farm,Week4,Broyhill Crest,Week5,351.0 Hayfield Farm - 51.0 Broyhill Crest
Greenbriar,Week3,Vienna Aquatic,Week1,267.0 Vienna Aquatic - 135.0 Greenbriar
Hamlet,Week2,Laurel Hill,Week4,337.0 Hamlet - 65.0 Laurel Hill
Hamlet,Week5,Vienna Aquatic,Week1,218.0 Hamlet - 184.0 Vienna Aquatic
Greenbriar,Week3,Vienna Aquatic,Week5,297.0 Vienna Aquatic - 105.0 Greenbriar
Greenbriar,Week5,Vienna Aquatic,Week1,281.0 Vienna Aquatic - 121.0 Greenbriar
Hayfield Farm,Week5,Burke Station,Week1,236.0 Hayfield Farm - 143.0 Burke Station
Hayfield Farm,Week5,Burke Station,Week4,297.0 Hayfield Farm - 105.0 Burke Station
Greenbriar,Week4,Vienna Aquatic,Week5,301.0 Vienna Aquatic - 101.0 Greenbriar
Hamlet,Week2,Vienna Woods,Week4,203.0 Hamlet - 199.0 Vienna Woods
Hamlet,Week2,Lee Graham,Week4,202.0 Lee Graham - 200.0 Hamlet
Hayfield Farm,Week2,Dominion Hills,Week5,242.0 Dominion Hills - 160.0 Hayfield Farm
Hamlet,Week4,Vienna Aquatic,Week4,217.0 Vienna Aquatic - 185.0 Hamlet
Hamlet,Week1,Lee Graham,Week5,222.0 Lee Graham - 180.0 Hamlet
Hayfield Farm,Week3,Dominion Hills,Week3,241.0 Hayfield Farm - 161.0 Dominion Hills
Hayfield Farm,Week5,Burke Station,Week3,248.0 Hayfield Farm - 148.0 Burke Station
Hamlet,Week2,Vienna Woods,Week5,245.5 Vienna Woods - 156.5 Hamlet
Greenbriar,Week4,Vienna Aquatic,Week1,279.0 Vienna Aquatic - 123.0 Greenbriar
Hamlet,Week2,Vienna Woods,Week2,219.0 Vienna Woods - 183.0 Hamlet
Hamlet,Week5,Laurel Hill,Week1,330.0 Hamlet - 72.0 Laurel Hill
Hayfield Farm,Week1,Dominion Hills,Week3,206.0 Hayfield Farm - 196.0 Dominion Hills
Greenbriar,Week2,Vienna Aquatic,Week4,243.0 Vienna Aquatic - 159.0 Greenbriar
Hayfield Farm,Week2,Dominion Hills,Week3,209.0 Hayfield Farm - 193.0 Dominion Hills
Hayfield Farm,Week3,Dominion Hills,Week1,243.0 Hayfield Farm - 159.0 Dominion Hills
Hayfield Farm,Week1,Camelot,Week5,224.0 Hayfield Farm - 178.0 Camelot
Hamlet,Week3,Vienna Woods,Week1,237.0 Vienna Woods - 165.0 Hamlet
Hamlet,Week5,Laurel Hill,Week2,356.0 Hamlet - 46.0 Laurel Hill
Greenbriar,Week5,Vienna Aquatic,Week4,264.0 Vienna Aquatic - 138.0 Greenbriar
Hayfield Farm,Week3,Camelot,Week1,241.0 Hayfield Farm - 161.0 Camelot
Hayfield Farm,Week3,Camelot,Week4,244.0 Hayfield Farm - 158.0 Camelot
Hamlet,Week3,Vienna Woods,Week2,226.0 Vienna Woods - 176.0 Hamlet
Greenbriar,Week5,Vienna Aquatic,Week5,291.0 Vienna Aquatic - 111.0 Greenbriar
Hamlet,Week4,Laurel Hill,Week4,329.0 Hamlet - 73.0 Laurel Hill
Greenbriar,Week3,Vienna Aquatic,Week3,272.0 Vienna Aquatic - 130.0 Greenbriar
Hamlet,Week3,Vienna Woods,Week5,269.0 Vienna Woods - 133.0 Hamlet
Greenbriar,Week1,Vienna Woods,Week1,271.0 Vienna Woods - 131.0 Greenbriar
Greenbriar,Week2,Vienna Aquatic,Week3,257.0 Vienna Aquatic - 145.0 Greenbriar
Hayfield Farm,Week2,Dominion Hills,Week2,208.0 Hayfield Farm - 194.0 Dominion Hills
Greenbriar,Week1,Vienna Woods,Week3,277.0 Vienna Woods - 125.0 Greenbriar
Hamlet,Week1,Vienna Woods,Week4,217.0 Vienna Woods - 185.0 Hamlet
Hamlet,Week4,Vienna Aquatic,Week1,211.0 Vienna Aquatic - 191.0 Hamlet
Hayfield Farm,Week4,Camelot,Week1,228.0 Hayfield Farm - 174.0 Camelot
Hamlet,Week2,Lee Graham,Week3,208.0 Hamlet - 194.0 Lee Graham
Greenbriar,Week2,Vienna Aquatic,Week2,250.0 Vienna Aquatic - 152.0 Greenbriar
Hayfield Farm,Week1,Dominion Hills,Week5,239.0 Dominion Hills - 163.0 Hayfield Farm
Greenbriar,Week2,Vienna Aquatic,Week1,236.0 Vienna Aquatic - 166.0 Greenbriar
Hamlet,Week3,Vienna Woods,Week3,237.0 Vienna Woods - 165.0 Hamlet
Hayfield Farm,Week1,Camelot,Week4,231.0 Hayfield Farm - 171.0 Camelot
Hayfield Farm,Week3,Dominion Hills,Week5,205.0 Hayfield Farm - 197.0 Dominion Hills
Hayfield Farm,Week2,Camelot,Week3,242.0 Hayfield Farm - 160.0 Camelot
Hayfield Farm,Week1,Dominion Hills,Week1,221.0 Hayfield Farm - 181.0 Dominion Hills
Hamlet,Week2,Lee Graham,Week1,212.0 Hamlet - 190.0 Lee Graham
Hamlet,Week3,Lee Graham,Week5,209.0 Lee Graham - 193.0 Hamlet
Hayfield Farm,Week2,Camelot,Week2,215.0 Hayfield Farm - 187.0 Camelot
Hayfield Farm,Week2,Dominion Hills,Week1,233.0 Hayfield Farm - 169.0 Dominion Hills
Hamlet,Week3,Vienna Woods,Week4,205.5 Vienna Woods - 196.5 Hamlet
Hamlet,Week1,Lee Graham,Week4,208.0 Lee Graham - 194.0 Hamlet
Hayfield Farm,Week5,Camelot,Week3,221.0 Hayfield Farm - 181.0 Camelot
Hayfield Farm,Week3,Dominion Hills,Week4,202.0 Hayfield Farm - 200.0 Dominion Hills
Hamlet,Week5,Laurel Hill,Week4,350.0 Hamlet - 52.0 Laurel Hill
Hamlet,Week1,Lee Graham,Week3,222.0 Lee Graham - 180.0 Hamlet
Hamlet,Week4,Laurel Hill,Week5,299.0 Hamlet - 103.0 Laurel Hill
Hamlet,Week4,Laurel Hill,Week1,313.0 Hamlet - 89.0 Laurel Hill
Hamlet,Week5,Laurel Hill,Week3,337.0 Hamlet - 65.0 Laurel Hill
Hayfield Farm,Week3,Donaldson Run,Week1,238.0 Donaldson Run - 164.0 Hayfield Farm
Hayfield Farm,Week5,Camelot,Week1,230.0 Hayfield Farm - 172.0 Camelot
Greenbriar,Week4,Ilda Community,Week1,263.0 Greenbriar - 139.0 Ilda Community
Hayfield Farm,Week1,Camelot,Week1,217.0 Hayfield Farm - 185.0 Camelot
Hamlet,Week3,Lee Graham,Week3,209.0 Lee Graham - 193.0 Hamlet
Hamlet,Week4,Vienna Woods,Week5,282.0 Vienna Woods - 120.0 Hamlet
Hayfield Farm,Week3,Camelot,Week2,225.0 Hayfield Farm - 177.0 Camelot
Hayfield Farm,Week4,Dominion Hills,Week1,220.0 Hayfield Farm - 182.0 Dominion Hills
Hayfield Farm,Week3,Camelot,Week5,223.0 Hayfield Farm - 179.0 Camelot
Hayfield Farm,Week4,Camelot,Week5,223.0 Hayfield Farm - 179.0 Camelot
Greenbriar,Week3,Ilda Community,Week5,278.0 Greenbriar - 124.0 Ilda Community
Hamlet,Week4,Vienna Aquatic,Week5,269.0 Vienna Aquatic - 133.0 Hamlet
Hamlet,Week4,Vienna Woods,Week1,246.0 Vienna Woods - 156.0 Hamlet
Greenbriar,Week4,Ilda Community,Week3,255.0 Greenbriar - 147.0 Ilda Community
Hamlet,Week5,Vienna Woods,Week4,216.0 Hamlet - 186.0 Vienna Woods
Hayfield Farm,Week4,Camelot,Week3,244.0 Hayfield Farm - 158.0 Camelot
Hamlet,Week2,Vienna Woods,Week3,233.0 Vienna Woods - 169.0 Hamlet
Hamlet,Week4,Vienna Woods,Week2,233.0 Vienna Woods - 169.0 Hamlet
Hayfield Farm,Week2,Camelot,Week4,233.0 Hayfield Farm - 169.0 Camelot
Hamlet,Week4,Vienna Woods,Week3,253.0 Vienna Woods - 149.0 Hamlet
Hayfield Farm,Week4,Dominion Hills,Week5,236.0 Dominion Hills - 166.0 Hayfield Farm
Hayfield Farm,Week4,Dominion Hills,Week2,210.0 Dominion Hills - 192.0 Hayfield Farm
Hamlet,Week5,Villa Aquatic,Week2,303.0 Hamlet - 99.0 Villa Aquatic
Greenbriar,Week2,Ilda Community,Week3,295.0 Greenbriar - 107.0 Ilda Community
Hamlet,Week5,Vienna Woods,Week3,204.0 Vienna Woods - 198.0 Hamlet
Hamlet,Week3,Laurel Hill,Week5,309.0 Hamlet - 92.0 Laurel Hill
Hayfield Farm,Week5,Dominion Hills,Week2,216.0 Dominion Hills - 186.0 Hayfield Farm
Hayfield Farm,Week3,Dominion Hills,Week2,233.0 Hayfield Farm - 169.0 Dominion Hills
Hayfield Farm,Week3,Donaldson Run,Week2,255.0 Donaldson Run - 147.0 Hayfield Farm
Hamlet,Week4,Villa Aquatic,Week3,275.0 Hamlet - 127.0 Villa Aquatic
Hayfield Farm,Week1,Dominion Hills,Week4,236.0 Dominion Hills - 166.0 Hayfield Farm
Hamlet,Week1,Lee Graham,Week2,218.0 Lee Graham - 184.0 Hamlet
Hayfield Farm,Week4,Camelot,Week4,238.0 Hayfield Farm - 164.0 Camelot
Hamlet,Week4,Laurel Hill,Week3,317.0 Hamlet - 85.0 Laurel Hill
Hayfield Farm,Week2,Camelot,Week1,223.0 Hayfield Farm - 179.0 Camelot
Hamlet,Week1,Lee Graham,Week1,207.0 Lee Graham - 195.0 Hamlet
Greenbriar,Week4,Ilda Community,Week2,263.0 Greenbriar - 139.0 Ilda Community
Hayfield Farm,Week4,Camelot,Week2,221.0 Hayfield Farm - 181.0 Camelot
Hamlet,Week2,Lee Graham,Week2,215.0 Hamlet - 187.0 Lee Graham
Hayfield Farm,Week2,Donaldson Run,Week1,266.0 Donaldson Run - 136.0 Hayfield Farm
Greenbriar,Week3,Ilda Community,Week1,295.0 Greenbriar - 107.0 Ilda Community
Hayfield Farm,Week5,Dominion Hills,Week1,209.0 Hayfield Farm - 193.0 Dominion Hills
Hayfield Farm,Week1,Dowden Terrace,Week1,212.0 Hayfield Farm - 190.0 Dowden Terrace
Hamlet,Week4,Laurel Hill,Week2,333.0 Hamlet - 68.0 Laurel Hill
Hamlet,Week2,Villa Aquatic,Week4,307.0 Hamlet - 95.0 Villa Aquatic
Hayfield Farm,Week5,Camelot,Week4,214.0 Hayfield Farm - 188.0 Camelot
Hayfield Farm,Week5,Dominion Hills,Week4,235.0 Dominion Hills - 167.0 Hayfield Farm
Hamlet,Week5,Villa Aquatic,Week3,304.0 Hamlet - 98.0 Villa Aquatic
Hamlet,Week3,Lee Graham,Week1,203.0 Lee Graham - 199.0 Hamlet
Hayfield Farm,Week5,Camelot,Week5,211.0 Hayfield Farm - 191.0 Camelot
Hamlet,Week2,Lee Graham,Week5,206.0 Lee Graham - 196.0 Hamlet
Hayfield Farm,Week5,Donaldson Run,Week1,269.0 Donaldson Run - 133.0 Hayfield Farm
Hayfield Farm,Week5,Camelot,Week2,211.0 Hayfield Farm - 191.0 Camelot
Hayfield Farm,Week3,Camelot,Week3,243.0 Hayfield Farm - 159.0 Camelot
Hamlet,Week5,Vienna Woods,Week5,250.0 Vienna Woods - 152.0 Hamlet
Hamlet,Week3,Villa Aquatic,Week3,280.0 Hamlet - 122.0 Villa Aquatic
Greenbriar,Week1,Ilda Community,Week2,279.0 Greenbriar - 123.0 Ilda Community
Hamlet,Week3,Lee Graham,Week2,204.0 Hamlet - 198.0 Lee Graham
Hamlet,Week5,Laurel Hill,Week5,334.0 Hamlet - 68.0 Laurel Hill
Hamlet,Week4,Villa Aquatic,Week1,288.0 Hamlet - 114.0 Villa Aquatic
Greenbriar,Week1,Ilda Community,Week5,276.0 Greenbriar - 126.0 Ilda Community
Hayfield Farm,Week1,Camelot,Week2,226.0 Hayfield Farm - 176.0 Camelot
Hayfield Farm,Week2,Donaldson Run,Week3,269.0 Donaldson Run - 133.0 Hayfield Farm
Hayfield Farm,Week4,Donaldson Run,Week4,276.0 Donaldson Run - 126.0 Hayfield Farm
Hamlet,Week1,Lincolnia Park,Week5,334.0 Hamlet - 57.0 Lincolnia Park
Hamlet,Week2,Villa Aquatic,Week3,286.0 Hamlet - 116.0 Villa Aquatic
Hamlet,Week5,Lee Graham,Week3,226.0 Hamlet - 176.0 Lee Graham
Hayfield Farm,Week1,Camelot,Week3,237.0 Hayfield Farm - 165.0 Camelot
Greenbriar,Week1,Ilda Community,Week1,274.0 Greenbriar - 128.0 Ilda Community
Hamlet,Week4,Lincolnia Park,Week3,341.0 Hamlet - 52.0 Lincolnia Park
Hamlet,Week3,Villa Aquatic,Week5,296.0 Hamlet - 106.0 Villa Aquatic
Hayfield Farm,Week2,Camelot,Week5,223.0 Hayfield Farm - 179.0 Camelot
Hayfield Farm,Week3,Canterbury Woods,Week2,258.0 Hayfield Farm - 144.0 Canterbury Woods
Hayfield Farm,Week4,Donaldson Run,Week1,252.0 Donaldson Run - 150.0 Hayfield Farm
Hayfield Farm,Week5,Donaldson Run,Week2,276.0 Donaldson Run - 126.0 Hayfield Farm
Hayfield Farm,Week4,Canterbury Woods,Week2,258.0 Hayfield Farm - 144.0 Canterbury Woods
Hayfield Farm,Week3,Donaldson Run,Week3,262.0 Donaldson Run - 140.0 Hayfield Farm
Hayfield Farm,Week4,Canterbury Woods,Week3,230.0 Hayfield Farm - 172.0 Canterbury Woods
Greenbriar,Week2,Ilda Community,Week5,284.5 Greenbriar - 117.5 Ilda Community
Hamlet,Week1,Villa Aquatic,Week3,271.0 Hamlet - 131.0 Villa Aquatic
Hayfield Farm,Week1,Canterbury Woods,Week1,233.0 Hayfield Farm - 169.0 Canterbury Woods
Hayfield Farm,Week2,Donaldson Run,Week5,290.0 Donaldson Run - 112.0 Hayfield Farm
Hamlet,Week1,Villa Aquatic,Week2,294.5 Hamlet - 107.5 Villa Aquatic
Hayfield Farm,Week4,Donaldson Run,Week3,267.0 Donaldson Run - 135.0 Hayfield Farm
Greenbriar,Week1,Ilda Community,Week3,286.0 Greenbriar - 116.0 Ilda Community
Hayfield Farm,Week1,Donaldson Run,Week3,266.0 Donaldson Run - 136.0 Hayfield Farm
Hamlet,Week2,Villa Aquatic,Week5,299.5 Hamlet - 102.5 Villa Aquatic
Hayfield Farm,Week1,Cardinal Hill,Week1,265.0 Cardinal Hill - 137.0 Hayfield Farm
Hamlet,Week4,Lee Graham,Week3,231.0 Lee Graham - 171.0 Hamlet
Greenbriar,Week2,Ilda Community,Week1,304.0 Greenbriar - 98.0 Ilda Community
Hayfield Farm,Week1,Dowden Terrace,Week4,219.0 Dowden Terrace - 183.0 Hayfield Farm
Hamlet,Week3,Lincolnia Park,Week2,355.0 Hamlet - 38.0 Lincolnia Park
Hamlet,Week4,Lee Graham,Week1,227.0 Lee Graham - 175.0 Hamlet
Hamlet,Week5,Vienna Woods,Week2,203.0 Vienna Woods - 199.0 Hamlet
Hamlet,Week5,Lee Graham,Week5,217.0 Hamlet - 185.0 Lee Graham
Greenbriar,Week1,Ilda Community,Week4,262.0 Greenbriar - 140.0 Ilda Community
Hamlet,Week3,Villa Aquatic,Week1,311.0 Hamlet - 91.0 Villa Aquatic
Hamlet,Week1,Little Hunting Park,Week5,299.0 Hamlet - 103.0 Little Hunting Park
Hayfield Farm,Week5,Donaldson Run,Week3,275.0 Donaldson Run - 127.0 Hayfield Farm
Hayfield Farm,Week2,Donaldson Run,Week4,277.0 Donaldson Run - 125.0 Hayfield Farm
Hayfield Farm,Week1,Donaldson Run,Week4,272.0 Donaldson Run - 130.0 Hayfield Farm
Hamlet,Week1,Villa Aquatic,Week4,294.0 Hamlet - 108.0 Villa Aquatic
Hamlet,Week4,Villa Aquatic,Week5,287.0 Hamlet - 115.0 Villa Aquatic
Hamlet,Week1,Lincolnia Park,Week4,351.0 Hamlet - 50.0 Lincolnia Park
Greenbriar,Week3,Ilda Community,Week3,286.0 Greenbriar - 116.0 Ilda Community
Greenbriar,Week3,Ilda Community,Week2,294.0 Greenbriar - 108.0 Ilda Community
Hayfield Farm,Week2,Canterbury Woods,Week3,227.0 Hayfield Farm - 175.0 Canterbury Woods
Greenbriar,Week2,Ilda Community,Week2,290.0 Greenbriar - 112.0 Ilda Community
Greenbriar,Week3,Ilda Community,Week4,270.0 Greenbriar - 132.0 Ilda Community
Hayfield Farm,Week1,Canterbury Woods,Week5,235.0 Hayfield Farm - 167.0 Canterbury Woods
Hamlet,Week2,Lincolnia Park,Week2,360.0 Hamlet - 33.0 Lincolnia Park
Hayfield Farm,Week3,Donaldson Run,Week4,255.0 Donaldson Run - 147.0 Hayfield Farm
Hayfield Farm,Week1,Dowden Terrace,Week5,260.0 Dowden Terrace - 142.0 Hayfield Farm
Hamlet,Week2,Lincolnia Park,Week3,337.5 Hamlet - 55.5 Lincolnia Park
Hayfield Farm,Week1,Canterbury Woods,Week3,225.0 Hayfield Farm - 177.0 Canterbury Woods
Hayfield Farm,Week1,Canterbury Woods,Week4,228.0 Hayfield Farm - 174.0 Canterbury Woods
Hayfield Farm,Week1,Donaldson Run,Week5,290.0 Donaldson Run - 112.0 Hayfield Farm
Hamlet,Week2,Villa Aquatic,Week2,305.0 Hamlet - 97.0 Villa Aquatic
Hayfield Farm,Week3,Canterbury Woods,Week1,243.0 Hayfield Farm - 159.0 Canterbury Woods
Hayfield Farm,Week2,Donaldson Run,Week2,263.0 Donaldson Run - 139.0 Hayfield Farm
Hayfield Farm,Week2,Canterbury Woods,Week1,230.0 Hayfield Farm - 172.0 Canterbury Woods
Hamlet,Week5,Villa Aquatic,Week1,320.0 Hamlet - 82.0 Villa Aquatic
Hamlet,Week2,Lincolnia Park,Week4,366.0 Hamlet - 36.0 Lincolnia Park
Hayfield Farm,Week2,Canterbury Woods,Week4,221.0 Hayfield Farm - 181.0 Canterbury Woods
Hamlet,Week2,Villa Aquatic,Week1,304.0 Hamlet - 98.0 Villa Aquatic
Hamlet,Week5,Lincolnia Park,Week1,377.5 Hamlet - 24.5 Lincolnia Park
Hayfield Farm,Week3,Canterbury Woods,Week3,238.0 Hayfield Farm - 164.0 Canterbury Woods
Hamlet,Week4,Villa Aquatic,Week2,288.0 Hamlet - 114.0 Villa Aquatic
Hamlet,Week1,Lincolnia Park,Week3,331.0 Hamlet - 60.0 Lincolnia Park
Greenbriar,Week2,Ilda Community,Week4,276.0 Greenbriar - 126.0 Ilda Community
Hayfield Farm,Week2,Cardinal Hill,Week1,268.0 Cardinal Hill - 134.0 Hayfield Farm
Hayfield Farm,Week1,Donaldson Run,Week2,257.0 Donaldson Run - 145.0 Hayfield Farm
Hayfield Farm,Week2,Dowden Terrace,Week2,206.0 Dowden Terrace - 196.0 Hayfield Farm
Hamlet,Week4,Villa Aquatic,Week4,281.0 Hamlet - 121.0 Villa Aquatic
Hamlet,Week1,Villa Aquatic,Week1,307.5 Hamlet - 94.5 Villa Aquatic
Hayfield Farm,Week2,Cardinal Hill,Week3,283.0 Cardinal Hill - 119.0 Hayfield Farm
Hayfield Farm,Week2,Dowden Terrace,Week1,206.0 Hayfield Farm - 196.0 Dowden Terrace
Hamlet,Week2,Lincolnia Park,Week1,364.0 Hamlet - 38.0 Lincolnia Park
Hamlet,Week1,Villa Aquatic,Week5,273.0 Hamlet - 129.0 Villa Aquatic
Hamlet,Week4,Lee Graham,Week5,247.0 Lee Graham - 155.0 Hamlet
Hamlet,Week4,Lincolnia Park,Week2,351.0 Hamlet - 42.0 Lincolnia Park
Hamlet,Week3,Villa Aquatic,Week4,303.0 Hamlet - 99.0 Villa Aquatic
Hayfield Farm,Week1,Donaldson Run,Week1,258.0 Donaldson Run - 144.0 Hayfield Farm
Hayfield Farm,Week4,Donaldson Run,Week5,287.0 Donaldson Run - 115.0 Hayfield Farm
Hamlet,Week5,Villa Aquatic,Week4,312.0 Hamlet - 90.0 Villa Aquatic
Hayfield Farm,Week2,Canterbury Woods,Week5,232.0 Hayfield Farm - 170.0 Canterbury Woods
Hamlet,Week4,Lincolnia Park,Week5,337.0 Hamlet - 56.0 Lincolnia Park
Hamlet,Week4,Lee Graham,Week2,241.0 Lee Graham - 161.0 Hamlet
Hamlet,Week1,Village West,Week1,335.0 Hamlet - 66.0 Village West
Hamlet,Week4,Lee Graham,Week4,223.0 Lee Graham - 179.0 Hamlet
Hamlet,Week3,Villa Aquatic,Week2,306.0 Hamlet - 96.0 Villa Aquatic
Hayfield Farm,Week2,Canterbury Woods,Week2,257.0 Hayfield Farm - 145.0 Canterbury Woods
Hayfield Farm,Week4,Donaldson Run,Week2,263.0 Donaldson Run - 139.0 Hayfield Farm
Hayfield Farm,Week3,Donaldson Run,Week5,271.0 Donaldson Run - 131.0 Hayfield Farm
Hayfield Farm,Week4,Canterbury Woods,Week1,239.0 Hayfield Farm - 163.0 Canterbury Woods
Hayfield Farm,Week5,Dominion Hills,Week5,245.0 Dominion Hills - 157.0 Hayfield Farm
Hayfield Farm,Week4,Canterbury Woods,Week4,224.0 Hayfield Farm - 178.0 Canterbury Woods
Hamlet,Week5,Lee Graham,Week4,223.0 Hamlet - 179.0 Lee Graham
Hamlet,Week5,Lee Graham,Week1,232.0 Hamlet - 170.0 Lee Graham
Hamlet,Week1,Lincolnia Park,Week1,357.5 Hamlet - 43.5 Lincolnia Park
Hamlet,Week1,Village West,Week2,335.0 Hamlet - 66.0 Village West
Hayfield Farm,Week3,Canterbury Woods,Week5,233.0 Hayfield Farm - 169.0 Canterbury Woods
Hamlet,Week5,Villa Aquatic,Week5,306.0 Hamlet - 96.0 Villa Aquatic
Hayfield Farm,Week3,Canterbury Woods,Week4,229.0 Hayfield Farm - 173.0 Canterbury Woods
Hamlet,Week1,Village West,Week3,320.0 Hamlet - 82.0 Village West
Hayfield Farm,Week5,Canterbury Woods,Week3,226.0 Hayfield Farm - 176.0 Canterbury Woods
Hamlet,Week3,Lincolnia Park,Week1,360.0 Hamlet - 42.0 Lincolnia Park
Hamlet,Week3,Lincolnia Park,Week5,339.0 Hamlet - 54.0 Lincolnia Park
Hamlet,Week4,Lincolnia Park,Week1,362.0 Hamlet - 40.0 Lincolnia Park
Hamlet,Week3,Rutherford,Week4,328.0 Hamlet - 74.0 Rutherford
Hayfield Farm,Week1,Canterbury Woods,Week2,248.0 Hayfield Farm - 154.0 Canterbury Woods
Hayfield Farm,Week2,Dowden Terrace,Week3,204.0 Hayfield Farm - 198.0 Dowden Terrace
Hayfield Farm,Week3,Dowden Terrace,Week4,208.0 Hayfield Farm - 194.0 Dowden Terrace
Hamlet,Week3,Lincolnia Park,Week4,358.0 Hamlet - 44.0 Lincolnia Park
Hayfield Farm,Week1,Dowden Terrace,Week2,202.0 Dowden Terrace - 200.0 Hayfield Farm
Hayfield Farm,Week1,Dunn Loring,Week5,304.0 Dunn Loring - 98.0 Hayfield Farm
Hamlet,Week3,Rutherford,Week2,349.0 Hamlet - 53.0 Rutherford
Hayfield Farm,Week5,Donaldson Run,Week5,306.0 Donaldson Run - 96.0 Hayfield Farm
Hayfield Farm,Week4,Canterbury Woods,Week5,233.0 Hayfield Farm - 169.0 Canterbury Woods
Hayfield Farm,Week5,Donaldson Run,Week4,282.0 Donaldson Run - 120.0 Hayfield Farm
Hayfield Farm,Week5,Canterbury Woods,Week2,241.0 Hayfield Farm - 161.0 Canterbury Woods
Hayfield Farm,Week1,Cardinal Hill,Week2,221.0 Cardinal Hill - 181.0 Hayfield Farm
Hamlet,Week3,Lincolnia Park,Week3,340.0 Hamlet - 53.0 Lincolnia Park
Hamlet,Week1,Rutherford,Week1,333.0 Hamlet - 63.0 Rutherford
Hayfield Farm,Week2,Dunn Loring,Week5,305.0 Dunn Loring - 97.0 Hayfield Farm
Hamlet,Week1,Lincolnia Park,Week2,351.0 Hamlet - 41.0 Lincolnia Park
Hayfield Farm,Week5,Canterbury Woods,Week1,241.0 Hayfield Farm - 161.0 Canterbury Woods
Hayfield Farm,Week1,Dowden Terrace,Week3,213.0 Hayfield Farm - 189.0 Dowden Terrace
Hayfield Farm,Week5,Canterbury Woods,Week4,217.0 Hayfield Farm - 185.0 Canterbury Woods
Hamlet,Week1,Rutherford,Week2,332.0 Hamlet - 69.0 Rutherford
Hamlet,Week2,Lincolnia Park,Week5,350.0 Hamlet - 43.0 Lincolnia Park
Hamlet,Week2,Rutherford,Week3,341.0 Hamlet - 61.0 Rutherford
Hamlet,Week5,Rutherford,Week5,337.5 Hamlet - 64.5 Rutherford
Hamlet,Week5,Lee Graham,Week2,234.0 Hamlet - 168.0 Lee Graham
Hayfield Farm,Week5,Canterbury Woods,Week5,232.0 Hayfield Farm - 170.0 Canterbury Woods
Hamlet,Week1,Rutherford,Week3,322.0 Hamlet - 79.0 Rutherford
Hamlet,Week4,Rutherford,Week1,337.0 Hamlet - 65.0 Rutherford
Hayfield Farm,Week3,Dowden Terrace,Week3,226.0 Hayfield Farm - 176.0 Dowden Terrace
Hamlet,Week1,Little Hunting Park,Week1,333.0 Hamlet - 65.0 Little Hunting Park
Hayfield Farm,Week3,Cardinal Hill,Week2,212.0 Cardinal Hill - 190.0 Hayfield Farm
Hayfield Farm,Week3,Dowden Terrace,Week1,226.0 Hayfield Farm - 176.0 Dowden Terrace
Hayfield Farm,Week4,Dowden Terrace,Week2,204.0 Hayfield Farm - 198.0 Dowden Terrace
Hamlet,Week5,Rolling Valley,Week4,365.0 Hamlet - 37.0 Rolling Valley
Hayfield Farm,Week2,Cardinal Hill,Week5,266.0 Cardinal Hill - 136.0 Hayfield Farm
Hamlet,Week5,Rolling Valley,Week5,365.0 Hamlet - 37.0 Rolling Valley
Hamlet,Week2,Rutherford,Week1,357.0 Hamlet - 45.0 Rutherford
Hayfield Farm,Week4,Cardinal Hill,Week2,236.0 Cardinal Hill - 166.0 Hayfield Farm
Hayfield Farm,Week1,Dunn Loring,Week1,265.0 Dunn Loring - 137.0 Hayfield Farm
Hamlet,Week5,Lincolnia Park,Week4,368.0 Hamlet - 34.0 Lincolnia Park
Hayfield Farm,Week5,Dowden Terrace,Week2,208.0 Dowden Terrace - 194.0 Hayfield Farm
Hayfield Farm,Week2,Dunn Loring,Week3,308.0 Dunn Loring - 94.0 Hayfield Farm
Hamlet,Week4,Lincolnia Park,Week4,361.0 Hamlet - 41.0 Lincolnia Park
Hamlet,Week5,Lincolnia Park,Week3,346.0 Hamlet - 47.0 Lincolnia Park
Hamlet,Week5,Lincolnia Park,Week2,372.0 Hamlet - 21.0 Lincolnia Park
Hayfield Farm,Week2,Chesterbrook,Week1,345.0 Chesterbrook - 57.0 Hayfield Farm
Hayfield Farm,Week2,Dunn Loring,Week4,291.0 Dunn Loring - 111.0 Hayfield Farm
Hamlet,Week1,Little Hunting Park,Week3,325.0 Hamlet - 77.0 Little Hunting Park
Hayfield Farm,Week1,Cardinal Hill,Week5,245.0 Cardinal Hill - 157.0 Hayfield Farm
Hamlet,Week2,Rutherford,Week4,335.0 Hamlet - 67.0 Rutherford
Hamlet,Week1,Little Hunting Park,Week4,323.0 Hamlet - 78.0 Little Hunting Park
Hamlet,Week5,Lincolnia Park,Week5,353.0 Hamlet - 40.0 Lincolnia Park
Hamlet,Week1,Little Hunting Park,Week2,322.0 Hamlet - 79.0 Little Hunting Park
Hayfield Farm,Week5,Cardinal Hill,Week5,255.0 Cardinal Hill - 147.0 Hayfield Farm
Hayfield Farm,Week1,Dunn Loring,Week2,297.0 Dunn Loring - 105.0 Hayfield Farm
Hayfield Farm,Week1,Chesterbrook,Week3,355.0 Chesterbrook - 47.0 Hayfield Farm
Hayfield Farm,Week1,Cardinal Hill,Week3,267.0 Cardinal Hill - 135.0 Hayfield Farm
Hayfield Farm,Week3,Chesterbrook,Week1,330.0 Chesterbrook - 72.0 Hayfield Farm
Hayfield Farm,Week3,Dowden Terrace,Week5,213.0 Dowden Terrace - 189.0 Hayfield Farm
Hamlet,Week2,Little Hunting Park,Week2,339.0 Hamlet - 63.0 Little Hunting Park
Hamlet,Week1,Shouse Village,Week1,281.0 Hamlet - 121.0 Shouse Village
Hayfield Farm,Week1,Dunn Loring,Week4,289.0 Dunn Loring - 113.0 Hayfield Farm
Hamlet,Week3,Shouse Village,Week1,296.0 Hamlet - 106.0 Shouse Village
Hayfield Farm,Week2,Dunn Loring,Week1,264.0 Dunn Loring - 138.0 Hayfield Farm
Hamlet,Week4,Rutherford,Week3,312.5 Hamlet - 89.5 Rutherford
Hayfield Farm,Week3,Dowden Terrace,Week2,220.0 Hayfield Farm - 182.0 Dowden Terrace
Hamlet,Week2,Little Hunting Park,Week4,336.0 Hamlet - 66.0 Little Hunting Park
Hamlet,Week4,Rutherford,Week5,320.0 Hamlet - 82.0 Rutherford
Hayfield Farm,Week2,Cardinal Hill,Week2,235.0 Cardinal Hill - 167.0 Hayfield Farm
Hamlet,Week5,Rutherford,Week4,334.0 Hamlet - 68.0 Rutherford
Hayfield Farm,Week1,Cardinal Hill,Week4,247.0 Cardinal Hill - 155.0 Hayfield Farm
Hamlet,Week1,Rutherford,Week4,315.0 Hamlet - 87.0 Rutherford
Hamlet,Week1,Shouse Village,Week2,298.5 Hamlet - 103.5 Shouse Village
Hamlet,Week5,Rutherford,Week3,340.0 Hamlet - 62.0 Rutherford
Hamlet,Week2,Dowden Terrace,Week2,293.0 Hamlet - 109.0 Dowden Terrace
Hayfield Farm,Week2,Chesterbrook,Week2,348.0 Chesterbrook - 54.0 Hayfield Farm
Hayfield Farm,Week4,Dowden Terrace,Week3,215.0 Hayfield Farm - 187.0 Dowden Terrace
Hamlet,Week4,Rutherford,Week2,333.0 Hamlet - 69.0 Rutherford
Hamlet,Week1,Rutherford,Week5,315.0 Hamlet - 81.0 Rutherford
Hayfield Farm,Week2,Dowden Terrace,Week5,247.0 Dowden Terrace - 155.0 Hayfield Farm
Hayfield Farm,Week3,Cardinal Hill,Week3,248.0 Cardinal Hill - 154.0 Hayfield Farm
Hamlet,Week3,Little Hunting Park,Week4,333.0 Hamlet - 68.0 Little Hunting Park
Hayfield Farm,Week5,Dowden Terrace,Week1,212.0 Hayfield Farm - 190.0 Dowden Terrace
Hamlet,Week5,Rolling Valley,Week3,364.0 Hamlet - 38.0 Rolling Valley
Hayfield Farm,Week2,Cardinal Hill,Week4,262.0 Cardinal Hill - 140.0 Hayfield Farm
Hayfield Farm,Week4,Cardinal Hill,Week3,278.0 Cardinal Hill - 124.0 Hayfield Farm
Hamlet,Week2,Little Hunting Park,Week5,317.0 Hamlet - 84.0 Little Hunting Park
Hayfield Farm,Week1,Chesterbrook,Week4,347.0 Chesterbrook - 55.0 Hayfield Farm
Hamlet,Week3,Little Hunting Park,Week5,309.0 Hamlet - 89.0 Little Hunting Park
Hayfield Farm,Week4,Dowden Terrace,Week5,237.0 Dowden Terrace - 165.0 Hayfield Farm
Hamlet,Week2,Little Hunting Park,Week1,342.0 Hamlet - 60.0 Little Hunting Park
Hamlet,Week3,Little Hunting Park,Week1,339.0 Hamlet - 62.0 Little Hunting Park
Hayfield Farm,Week2,Dowden Terrace,Week4,213.3 Dowden Terrace - 188.7 Hayfield Farm
Hamlet,Week3,Little Hunting Park,Week3,333.0 Hamlet - 69.0 Little Hunting Park
Hayfield Farm,Week1,Chesterbrook,Week2,349.0 Chesterbrook - 53.0 Hayfield Farm
Hamlet,Week4,Rutherford,Week4,318.0 Hamlet - 84.0 Rutherford
Hamlet,Week3,Dowden Terrace,Week5,260.0 Hamlet - 142.0 Dowden Terrace
Hamlet,Week3,Little Hunting Park,Week2,330.0 Hamlet - 71.0 Little Hunting Park
Hamlet,Week4,Little Hunting Park,Week2,325.0 Hamlet - 77.0 Little Hunting Park
Hayfield Farm,Week5,Dowden Terrace,Week3,204.0 Hayfield Farm - 198.0 Dowden Terrace
Hayfield Farm,Week5,Dowden Terrace,Week5,228.0 Dowden Terrace - 174.0 Hayfield Farm
Hamlet,Week2,Rutherford,Week2,354.0 Hamlet - 48.0 Rutherford
Hayfield Farm,Week4,Dowden Terrace,Week4,204.0 Dowden Terrace - 198.0 Hayfield Farm
Hamlet,Week2,Rutherford,Week5,340.0 Hamlet - 62.0 Rutherford
Hayfield Farm,Week3,Cardinal Hill,Week1,235.0 Cardinal Hill - 167.0 Hayfield Farm
Hamlet,Week5,Rutherford,Week2,349.0 Hamlet - 53.0 Rutherford
Hayfield Farm,Week5,Cardinal Hill,Week2,236.0 Cardinal Hill - 166.0 Hayfield Farm
Hamlet,Week3,Rutherford,Week1,345.0 Hamlet - 57.0 Rutherford
Hamlet,Week3,Dowden Terrace,Week3,301.0 Hamlet - 101.0 Dowden Terrace
Hayfield Farm,Week4,Cardinal Hill,Week1,263.0 Cardinal Hill - 139.0 Hayfield Farm
Hamlet,Week1,Dunn Loring,Week5,209.0 Dunn Loring - 193.0 Hamlet
Hamlet,Week4,Little Hunting Park,Week3,323.0 Hamlet - 79.0 Little Hunting Park
Hamlet,Week3,Rutherford,Week3,339.0 Hamlet - 63.0 Rutherford
Hamlet,Week5,Rutherford,Week1,354.0 Hamlet - 48.0 Rutherford
Hayfield Farm,Week4,Dowden Terrace,Week1,210.5 Hayfield Farm - 191.5 Dowden Terrace
Hayfield Farm,Week1,Dunn Loring,Week3,319.0 Dunn Loring - 83.0 Hayfield Farm
Hamlet,Week3,Dowden Terrace,Week1,301.0 Hamlet - 100.0 Dowden Terrace
Hayfield Farm,Week5,Dowden Terrace,Week4,205.5 Dowden Terrace - 196.5 Hayfield Farm
Hamlet,Week5,Donaldson Run,Week4,232.5 Hamlet - 169.5 Donaldson Run
Hamlet,Week2,Dowden Terrace,Week3,306.0 Hamlet - 96.0 Dowden Terrace
Hayfield Farm,Week2,Dunn Loring,Week2,291.0 Dunn Loring - 111.0 Hayfield Farm
Hayfield Farm,Week5,Cardinal Hill,Week3,279.0 Cardinal Hill - 123.0 Hayfield Farm
Hayfield Farm,Week2,Chesterbrook,Week5,359.0 Chesterbrook - 43.0 Hayfield Farm
Hayfield Farm,Week3,Chesterbrook,Week2,337.0 Chesterbrook - 65.0 Hayfield Farm
Hamlet,Week3,Rutherford,Week5,338.0 Hamlet - 64.0 Rutherford
Hamlet,Week4,Little Hunting Park,Week1,329.0 Hamlet - 73.0 Little Hunting Park
Hamlet,Week2,Little Hunting Park,Week3,345.0 Hamlet - 57.0 Little Hunting Park
Hamlet,Week5,Dowden Terrace,Week3,314.0 Hamlet - 88.0 Dowden Terrace
Hayfield Farm,Week5,Cardinal Hill,Week4,244.0 Cardinal Hill - 158.0 Hayfield Farm
Hamlet,Week1,Dowden Terrace,Week2,277.0 Hamlet - 120.0 Dowden Terrace
Hamlet,Week5,Donaldson Run,Week3,230.0 Hamlet - 172.0 Donaldson Run
Hayfield Farm,Week1,Chesterbrook,Week1,339.0 Chesterbrook - 63.0 Hayfield Farm
Hamlet,Week2,Shouse Village,Week2,320.0 Hamlet - 82.0 Shouse Village
Hamlet,Week1,Dunn Loring,Week1,237.0 Hamlet - 165.0 Dunn Loring
Hayfield Farm,Week3,Cardinal Hill,Week4,239.0 Cardinal Hill - 163.0 Hayfield Farm
Hamlet,Week4,Dowden Terrace,Week4,263.5 Hamlet - 138.5 Dowden Terrace
Hayfield Farm,Week3,Fair Oaks ,Week5,203.0 Fair Oaks - 199.0 Hayfield Farm
Hamlet,Week2,Shouse Village,Week5,272.0 Hamlet - 130.0 Shouse Village
Hayfield Farm,Week3,Chesterbrook,Week4,340.0 Chesterbrook - 62.0 Hayfield Farm
Hayfield Farm,Week3,Chesterbrook,Week3,343.0 Chesterbrook - 59.0 Hayfield Farm
Hayfield Farm,Week5,Dunn Loring,Week3,302.0 Dunn Loring - 100.0 Hayfield Farm
Hamlet,Week2,Shouse Village,Week4,293.0 Hamlet - 109.0 Shouse Village
Hamlet,Week5,Donaldson Run,Week5,204.0 Hamlet - 198.0 Donaldson Run
Hayfield Farm,Week3,Cardinal Hill,Week5,243.0 Cardinal Hill - 159.0 Hayfield Farm
Hamlet,Week2,Shouse Village,Week3,293.0 Hamlet - 109.0 Shouse Village
Hayfield Farm,Week5,Cardinal Hill,Week1,272.0 Cardinal Hill - 130.0 Hayfield Farm
Hamlet,Week5,Shouse Village,Week4,298.0 Hamlet - 104.0 Shouse Village
Hayfield Farm,Week5,Dunn Loring,Week5,284.0 Dunn Loring - 118.0 Hayfield Farm
Hamlet,Week1,Shouse Village,Week3,268.0 Hamlet - 134.0 Shouse Village
Hamlet,Week1,Shouse Village,Week4,273.0 Hamlet - 129.0 Shouse Village
Hamlet,Week1,Dowden Terrace,Week5,241.0 Hamlet - 161.0 Dowden Terrace
Hamlet,Week2,Shouse Village,Week1,300.0 Hamlet - 102.0 Shouse Village
Hamlet,Week5,Shouse Village,Week1,300.0 Hamlet - 102.0 Shouse Village
Hamlet,Week1,Dunn Loring,Week3,203.0 Dunn Loring - 199.0 Hamlet
Hamlet,Week4,Dowden Terrace,Week2,269.0 Hamlet - 133.0 Dowden Terrace
Hayfield Farm,Week4,Cardinal Hill,Week4,241.0 Cardinal Hill - 161.0 Hayfield Farm
Hayfield Farm,Week3,Dunn Loring,Week1,240.0 Dunn Loring - 162.0 Hayfield Farm
Hayfield Farm,Week2,Fair Oaks ,Week1,218.0 Fair Oaks - 184.0 Hayfield Farm
Hayfield Farm,Week3,Chesterbrook,Week5,335.0 Chesterbrook - 67.0 Hayfield Farm
Hayfield Farm,Week2,Fair Oaks ,Week2,215.0 Hayfield Farm - 187.0 Fair Oaks
Hayfield Farm,Week3,Fair Oaks ,Week1,202.0 Fair Oaks - 200.0 Hayfield Farm
Hayfield Farm,Week2,Fair Oaks ,Week5,241.0 Fair Oaks - 161.0 Hayfield Farm
Hamlet,Week1,Shouse Village,Week5,264.0 Hamlet - 138.0 Shouse Village
Hayfield Farm,Week4,Dunn Loring,Week5,306.0 Dunn Loring - 96.0 Hayfield Farm
Hayfield Farm,Week2,Chesterbrook,Week3,361.0 Chesterbrook - 41.0 Hayfield Farm
Hayfield Farm,Week4,Cardinal Hill,Week5,257.0 Cardinal Hill - 145.0 Hayfield Farm
Hayfield Farm,Week1,Chesterbrook,Week5,357.0 Chesterbrook - 45.0 Hayfield Farm
Hayfield Farm,Week1,Fair Oaks ,Week5,235.0 Fair Oaks - 167.0 Hayfield Farm
Hamlet,Week1,Dowden Terrace,Week1,281.0 Hamlet - 117.0 Dowden Terrace
Hamlet,Week4,Dowden Terrace,Week3,283.0 Hamlet - 119.0 Dowden Terrace
Hayfield Farm,Week5,Dunn Loring,Week2,292.0 Dunn Loring - 110.0 Hayfield Farm
Hamlet,Week1,Dowden Terrace,Week3,293.0 Hamlet - 109.0 Dowden Terrace
Hamlet,Week1,Sideburn Run,Week3,283.0 Hamlet - 119.0 Sideburn Run
Hamlet,Week1,Virginia Hills,Week5,356.0 Hamlet - 46.0 Virginia Hills
Hamlet,Week5,Donaldson Run,Week2,227.0 Hamlet - 175.0 Donaldson Run
Hayfield Farm,Week5,Dunn Loring,Week1,260.5 Dunn Loring - 141.5 Hayfield Farm
Hamlet,Week2,Sideburn Run,Week3,290.0 Hamlet - 112.0 Sideburn Run
Hamlet,Week1,Village West,Week5,334.0 Hamlet - 67.0 Village West
Hamlet,Week5,Shouse Village,Week5,282.0 Hamlet - 120.0 Shouse Village
Hayfield Farm,Week3,Dunn Loring,Week4,265.0 Dunn Loring - 137.0 Hayfield Farm
Hamlet,Week2,Sideburn Run,Week4,296.0 Hamlet - 106.0 Sideburn Run
Hayfield Farm,Week4,Dunn Loring,Week1,261.0 Dunn Loring - 141.0 Hayfield Farm
Hamlet,Week2,Dowden Terrace,Week5,257.0 Hamlet - 145.0 Dowden Terrace
Hamlet,Week4,Shouse Village,Week3,272.0 Hamlet - 130.0 Shouse Village
Hamlet,Week2,Sideburn Run,Week5,281.0 Hamlet - 121.0 Sideburn Run
Hamlet,Week4,Village West,Week4,330.0 Hamlet - 67.0 Village West
Hamlet,Week5,Dowden Terrace,Week2,311.0 Hamlet - 91.0 Dowden Terrace
Hayfield Farm,Week4,Dunn Loring,Week2,300.5 Dunn Loring - 101.5 Hayfield Farm
Hamlet,Week2,Dowden Terrace,Week4,281.0 Hamlet - 121.0 Dowden Terrace
Hayfield Farm,Week1,Fair Oaks ,Week4,206.0 Fair Oaks - 196.0 Hayfield Farm
Hamlet,Week1,Dowden Terrace,Week4,260.0 Hamlet - 142.0 Dowden Terrace
Hayfield Farm,Week2,Chesterbrook,Week4,356.0 Chesterbrook - 46.0 Hayfield Farm
Hayfield Farm,Week3,Dunn Loring,Week5,274.0 Dunn Loring - 128.0 Hayfield Farm
Hamlet,Week3,Village West,Week1,348.0 Hamlet - 54.0 Village West
Hamlet,Week3,Shouse Village,Week3,289.0 Hamlet - 113.0 Shouse Village
Hamlet,Week4,Dowden Terrace,Week1,282.0 Hamlet - 120.0 Dowden Terrace
Hamlet,Week2,Village West,Week4,346.0 Hamlet - 51.0 Village West
Greenbriar,Week1,Waynewood,Week3,271.0 Waynewood - 131.0 Greenbriar
Hamlet,Week4,Dowden Terrace,Week5,235.0 Hamlet - 167.0 Dowden Terrace
Hamlet,Week2,Sideburn Run,Week2,297.0 Hamlet - 105.0 Sideburn Run
Hamlet,Week5,Shouse Village,Week3,295.0 Hamlet - 107.0 Shouse Village
Greenbriar,Week1,Waynewood,Week4,228.0 Waynewood - 174.0 Greenbriar
Hamlet,Week3,Virginia Hills,Week5,364.0 Hamlet - 38.0 Virginia Hills
Hamlet,Week1,Sideburn Run,Week4,276.0 Hamlet - 126.0 Sideburn Run
Hamlet,Week1,Sideburn Run,Week5,271.0 Hamlet - 131.0 Sideburn Run
Hayfield Farm,Week1,Fair Oaks ,Week3,211.0 Fair Oaks - 191.0 Hayfield Farm
Hamlet,Week5,Dowden Terrace,Week1,311.0 Hamlet - 91.0 Dowden Terrace
Hamlet,Week4,Village West,Week1,326.0 Hamlet - 76.0 Village West
Hamlet,Week5,Dowden Terrace,Week4,291.0 Hamlet - 111.0 Dowden Terrace
Hamlet,Week2,Dowden Terrace,Week1,301.0 Hamlet - 101.0 Dowden Terrace
Hamlet,Week3,Sideburn Run,Week1,270.0 Hamlet - 132.0 Sideburn Run
Hayfield Farm,Week1,Fair Oaks ,Week1,215.0 Fair Oaks - 187.0 Hayfield Farm
Hamlet,Week2,Village West,Week2,349.0 Hamlet - 53.0 Village West
Greenbriar,Week1,Waynewood,Week2,248.0 Waynewood - 154.0 Greenbriar
Hayfield Farm,Week4,Dunn Loring,Week3,314.0 Dunn Loring - 88.0 Hayfield Farm
Hayfield Farm,Week3,Dunn Loring,Week2,259.0 Dunn Loring - 143.0 Hayfield Farm
Hamlet,Week5,Village West,Week1,354.0 Hamlet - 48.0 Village West
Hayfield Farm,Week4,Dunn Loring,Week4,303.0 Dunn Loring - 99.0 Hayfield Farm
Hayfield Farm,Week5,Dunn Loring,Week4,291.0 Dunn Loring - 111.0 Hayfield Farm
Greenbriar,Week2,Walden Glen,Week4,262.0 Greenbriar - 140.0 Walden Glen
Hamlet,Week3,Dowden Terrace,Week2,291.0 Hamlet - 111.0 Dowden Terrace
Hamlet,Week3,Dowden Terrace,Week4,273.0 Hamlet - 129.0 Dowden Terrace
Hamlet,Week4,Village West,Week2,323.0 Hamlet - 79.0 Village West
Hayfield Farm,Week1,Fair Oaks ,Week2,220.0 Hayfield Farm - 182.0 Fair Oaks
Hamlet,Week1,Sideburn Run,Week2,286.0 Hamlet - 116.0 Sideburn Run
Hamlet,Week5,Dowden Terrace,Week5,267.0 Hamlet - 135.0 Dowden Terrace
Hamlet,Week5,Shouse Village,Week2,321.0 Hamlet - 81.0 Shouse Village
Hamlet,Week3,Village West,Week2,339.0 Hamlet - 62.0 Village West
Hamlet,Week4,Shouse Village,Week2,295.0 Hamlet - 107.0 Shouse Village
Hamlet,Week1,Virginia Hills,Week3,372.0 Hamlet - 30.0 Virginia Hills
Greenbriar,Week3,Walden Glen,Week4,249.0 Greenbriar - 153.0 Walden Glen
Greenbriar,Week3,Walden Glen,Week3,272.0 Greenbriar - 130.0 Walden Glen
Hamlet,Week4,Shouse Village,Week4,263.0 Hamlet - 139.0 Shouse Village
Hamlet,Week2,Fair Oaks ,Week3,276.0 Hamlet - 126.0 Fair Oaks
Greenbriar,Week2,Walden Glen,Week1,290.0 Greenbriar - 111.0 Walden Glen
Hamlet,Week5,Village West,Week3,351.0 Hamlet - 51.0 Village West
Hayfield Farm,Week3,Fair Oaks ,Week2,233.0 Hayfield Farm - 169.0 Fair Oaks
Greenbriar,Week2,Walden Glen,Week2,260.0 Greenbriar - 142.0 Walden Glen
Hamlet,Week5,Village West,Week4,354.0 Hamlet - 43.0 Village West
Hamlet,Week1,Virginia Hills,Week1,369.0 Hamlet - 32.0 Virginia Hills
Hayfield Farm,Week3,Fair Oaks ,Week3,204.0 Fair Oaks - 198.0 Hayfield Farm
Hamlet,Week4,Shouse Village,Week5,254.0 Hamlet - 148.0 Shouse Village
Greenbriar,Week5,Walden Glen,Week5,217.0 Greenbriar - 185.0 Walden Glen
Hamlet,Week2,Sideburn Run,Week1,283.0 Hamlet - 119.0 Sideburn Run
Hayfield Farm,Week4,Fair Oaks ,Week4,217.0 Hayfield Farm - 185.0 Fair Oaks
Hamlet,Week2,Virginia Hills,Week2,383.0 Hamlet - 19.0 Virginia Hills
Greenbriar,Week3,Walden Glen,Week1,283.0 Greenbriar - 118.0 Walden Glen
Hamlet,Week3,Shouse Village,Week4,280.0 Hamlet - 122.0 Shouse Village
Hamlet,Week3,Shouse Village,Week5,275.0 Hamlet - 126.0 Shouse Village
Hamlet,Week5,Village West,Week2,358.0 Hamlet - 44.0 Village West
Hayfield Farm,Week3,Dunn Loring,Week3,277.0 Dunn Loring - 125.0 Hayfield Farm
Hamlet,Week3,Shouse Village,Week2,309.0 Hamlet - 93.0 Shouse Village
Hamlet,Week4,Shouse Village,Week1,272.0 Hamlet - 130.0 Shouse Village
Hamlet,Week1,Sideburn Run,Week1,266.0 Hamlet - 136.0 Sideburn Run
Hamlet,Week3,Dunn Loring,Week2,218.0 Hamlet - 184.0 Dunn Loring
Hamlet,Week1,Dunn Loring,Week2,208.0 Dunn Loring - 194.0 Hamlet
Hamlet,Week3,Village West,Week5,342.0 Hamlet - 60.0 Village West
Hamlet,Week1,Virginia Hills,Week2,375.0 Hamlet - 21.0 Virginia Hills
Hamlet,Week5,Village West,Week5,356.0 Hamlet - 46.0 Village West
Hayfield Farm,Week4,Fair Oaks ,Week3,212.0 Fair Oaks - 190.0 Hayfield Farm
Hayfield Farm,Week2,Fair Oaks ,Week4,203.0 Fair Oaks - 199.0 Hayfield Farm
Hamlet,Week4,Dunn Loring,Week2,202.0 Dunn Loring - 200.0 Hamlet
Hamlet,Week2,Dunn Loring,Week4,231.5 Hamlet - 170.5 Dunn Loring
Hamlet,Week2,Fair Oaks ,Week1,295.0 Hamlet - 107.0 Fair Oaks
Hamlet,Week1,Dunn Loring,Week4,202.0 Dunn Loring - 200.0 Hamlet
Hamlet,Week5,Dunn Loring,Week4,241.0 Hamlet - 161.0 Dunn Loring
Greenbriar,Week4,Walden Glen,Week1,248.0 Greenbriar - 153.0 Walden Glen
Greenbriar,Week3,Walden Glen,Week5,229.0 Greenbriar - 173.0 Walden Glen
Hayfield Farm,Week4,Fair Oaks ,Week1,211.0 Fair Oaks - 191.0 Hayfield Farm
Greenbriar,Week2,Waynewood,Week4,207.0 Waynewood - 195.0 Greenbriar
Hayfield Farm,Week3,Fair Oaks ,Week4,201.0 Fair Oaks - 201.0 Hayfield Farm
Hayfield Farm,Week2,Fair Oaks ,Week3,223.0 Fair Oaks - 179.0 Hayfield Farm
Hamlet,Week1,Fair Oaks ,Week4,272.0 Hamlet - 130.0 Fair Oaks
Hamlet,Week3,Sleepy Hollow B & R,Week1,286.0 Hamlet - 116.0 Sleepy Hollow B & R
Hamlet,Week2,Village West,Week3,327.0 Hamlet - 75.0 Village West
Hamlet,Week5,Dunn Loring,Week1,261.0 Hamlet - 141.0 Dunn Loring
Hayfield Farm,Week4,Fair Oaks ,Week2,232.0 Hayfield Farm - 170.0 Fair Oaks
Hamlet,Week2,Dunn Loring,Week1,255.0 Hamlet - 147.0 Dunn Loring
Hamlet,Week1,Fair Oaks ,Week3,251.0 Hamlet - 151.0 Fair Oaks
Hamlet,Week1,Village West,Week4,334.0 Hamlet - 62.0 Village West
Hamlet,Week2,Village West,Week1,354.0 Hamlet - 48.0 Village West
Greenbriar,Week4,Walden Glen,Week5,204.0 Greenbriar - 198.0 Walden Glen
Hayfield Farm,Week5,Fair Oaks ,Week1,203.0 Fair Oaks - 199.0 Hayfield Farm
Hamlet,Week1,Sleepy Hollow B & R,Week2,255.0 Hamlet - 147.0 Sleepy Hollow B & R
Greenbriar,Week4,Walden Glen,Week4,223.0 Greenbriar - 179.0 Walden Glen
Greenbriar,Week5,Walden Glen,Week2,238.0 Greenbriar - 164.0 Walden Glen
Greenbriar,Week5,Walden Glen,Week1,267.5 Greenbriar - 134.5 Walden Glen
Hamlet,Week3,Village West,Week3,323.0 Hamlet - 79.0 Village West
Hayfield Farm,Week3,Fairfax,Week2,262.0 Fairfax - 140.0 Hayfield Farm
Hamlet,Week3,Village West,Week4,341.0 Hamlet - 56.0 Village West
Hayfield Farm,Week4,Fair Oaks ,Week5,232.0 Fair Oaks - 170.0 Hayfield Farm
Hamlet,Week1,Fair Oaks ,Week1,272.0 Hamlet - 130.0 Fair Oaks
Hamlet,Week2,Sleepy Hollow B & R,Week1,285.0 Hamlet - 117.0 Sleepy Hollow B & R
Greenbriar,Week2,Walden Glen,Week5,244.0 Greenbriar - 158.0 Walden Glen
Hamlet,Week4,Sideburn Run,Week4,276.0 Hamlet - 126.0 Sideburn Run
Hamlet,Week4,Sideburn Run,Week3,263.0 Hamlet - 139.0 Sideburn Run
Hamlet,Week2,Dunn Loring,Week5,209.0 Hamlet - 193.0 Dunn Loring
Hayfield Farm,Week3,Fairfax,Week3,271.0 Fairfax - 131.0 Hayfield Farm
Greenbriar,Week3,Walden Glen,Week2,253.0 Greenbriar - 149.0 Walden Glen
Hamlet,Week1,Sleepy Hollow B & R,Week3,257.0 Hamlet - 145.0 Sleepy Hollow B & R
Hamlet,Week2,Dunn Loring,Week2,220.0 Hamlet - 182.0 Dunn Loring
Hamlet,Week1,Fair Oaks ,Week5,239.0 Hamlet - 163.0 Fair Oaks
Greenbriar,Week1,Walden Glen,Week5,225.0 Greenbriar - 177.0 Walden Glen
Hamlet,Week4,Sleepy Hollow B & R,Week3,256.5 Hamlet - 145.5 Sleepy Hollow B & R
Hamlet,Week2,Dunn Loring,Week3,213.0 Hamlet - 189.0 Dunn Loring
Hamlet,Week1,Virginia Hills,Week4,372.0 Hamlet - 29.0 Virginia Hills
Hamlet,Week4,Sideburn Run,Week1,264.0 Hamlet - 138.0 Sideburn Run
Hayfield Farm,Week1,Fairfax,Week1,250.0 Fairfax - 152.0 Hayfield Farm
Hamlet,Week2,Village West,Week5,348.0 Hamlet - 54.0 Village West
Greenbriar,Week2,Walden Glen,Week3,276.0 Greenbriar - 126.0 Walden Glen
Hayfield Farm,Week1,Fairfax Club Estates,Week1,252.0 Hayfield Farm - 150.0 Fairfax Club Estates
Greenbriar,Week1,Waynewood,Week1,211.0 Waynewood - 191.0 Greenbriar
Hamlet,Week1,Sleepy Hollow B & R,Week1,265.5 Hamlet - 136.5 Sleepy Hollow B & R
Hamlet,Week5,Dunn Loring,Week2,232.0 Hamlet - 170.0 Dunn Loring
Hamlet,Week4,Village West,Week3,315.0 Hamlet - 87.0 Village West
Hayfield Farm,Week4,Fairfax,Week3,274.0 Fairfax - 128.0 Hayfield Farm
Hayfield Farm,Week4,Fairfax,Week5,281.0 Fairfax - 121.0 Hayfield Farm
Hamlet,Week5,Sideburn Run,Week1,290.0 Hamlet - 112.0 Sideburn Run
Hamlet,Week4,Village West,Week5,319.0 Hamlet - 83.0 Village West
Greenbriar,Week4,Walden Glen,Week2,212.5 Greenbriar - 189.5 Walden Glen
Hamlet,Week3,Dunn Loring,Week5,202.0 Hamlet - 200.0 Dunn Loring
Hamlet,Week3,Dunn Loring,Week3,213.0 Hamlet - 189.0 Dunn Loring
Hamlet,Week2,Virginia Hills,Week1,380.5 Hamlet - 21.5 Virginia Hills
Greenbriar,Week5,Walden Glen,Week3,243.0 Greenbriar - 159.0 Walden Glen
Hamlet,Week1,Sleepy Hollow B & R,Week5,235.0 Hamlet - 167.0 Sleepy Hollow B & R
Hamlet,Week2,Virginia Hills,Week3,380.0 Hamlet - 22.0 Virginia Hills
Hayfield Farm,Week2,Fairfax,Week5,284.0 Fairfax - 118.0 Hayfield Farm
Hayfield Farm,Week5,Fair Oaks ,Week4,209.0 Fair Oaks - 193.0 Hayfield Farm
Greenbriar,Week5,Walden Glen,Week4,234.0 Greenbriar - 168.0 Walden Glen
Hamlet,Week2,Virginia Hills,Week4,385.0 Hamlet - 17.0 Virginia Hills
Hamlet,Week5,Sideburn Run,Week5,277.0 Hamlet - 125.0 Sideburn Run
Hamlet,Week3,Virginia Hills,Week2,379.0 Hamlet - 22.0 Virginia Hills
Hayfield Farm,Week2,Fairfax,Week1,272.0 Fairfax - 130.0 Hayfield Farm
Hamlet,Week3,Sideburn Run,Week3,278.0 Hamlet - 124.0 Sideburn Run
Hamlet,Week5,Dunn Loring,Week3,228.0 Hamlet - 174.0 Dunn Loring
Hamlet,Week3,Virginia Hills,Week1,372.0 Hamlet - 30.0 Virginia Hills
Hamlet,Week3,Virginia Hills,Week4,376.0 Hamlet - 26.0 Virginia Hills
Hamlet,Week3,Virginia Hills,Week3,371.0 Hamlet - 31.0 Virginia Hills
Hayfield Farm,Week5,Fairfax,Week2,281.0 Fairfax - 121.0 Hayfield Farm
Greenbriar,Week2,Waynewood,Week2,217.0 Waynewood - 185.0 Greenbriar
Greenbriar,Week2,Waynewood,Week1,207.0 Greenbriar - 195.0 Waynewood
Hamlet,Week2,Sleepy Hollow B & R,Week5,249.0 Hamlet - 153.0 Sleepy Hollow B & R
Hayfield Farm,Week3,Fairfax Club Estates,Week4,244.0 Hayfield Farm - 158.0 Fairfax Club Estates
Hamlet,Week5,Dunn Loring,Week5,205.0 Hamlet - 197.0 Dunn Loring
Hayfield Farm,Week5,Fairfax,Week1,259.0 Fairfax - 143.0 Hayfield Farm
Hamlet,Week5,Sideburn Run,Week3,294.0 Hamlet - 108.0 Sideburn Run
Greenbriar,Week1,Waynewood,Week5,259.0 Waynewood - 143.0 Greenbriar
Greenbriar,Week4,Waynewood,Week5,264.0 Waynewood - 138.0 Greenbriar
Hayfield Farm,Week2,Fairfax,Week4,265.5 Fairfax - 136.5 Hayfield Farm
Hamlet,Week4,Dunn Loring,Week4,205.0 Hamlet - 197.0 Dunn Loring
Hamlet,Week3,Sideburn Run,Week2,291.0 Hamlet - 111.0 Sideburn Run
Hamlet,Week4,Sideburn Run,Week2,283.0 Hamlet - 119.0 Sideburn Run
Hamlet,Week4,Dunn Loring,Week1,233.0 Hamlet - 169.0 Dunn Loring
Greenbriar,Week4,Walden Glen,Week3,225.0 Greenbriar - 177.0 Walden Glen
Greenbriar,Week1,Walden Glen,Week4,249.0 Greenbriar - 153.0 Walden Glen
Hamlet,Week3,Dunn Loring,Week1,237.0 Hamlet - 165.0 Dunn Loring
Hamlet,Week2,Virginia Hills,Week5,366.0 Hamlet - 36.0 Virginia Hills
Hayfield Farm,Week1,Fairfax,Week4,256.0 Fairfax - 146.0 Hayfield Farm
Greenbriar,Week2,Waynewood,Week3,234.0 Waynewood - 168.0 Greenbriar
Hamlet,Week1,Sleepy Hollow B & R,Week4,260.0 Hamlet - 142.0 Sleepy Hollow B & R
Hamlet,Week1,Fair Oaks ,Week2,283.0 Hamlet - 119.0 Fair Oaks
Hamlet,Week4,Dunn Loring,Week3,223.0 Dunn Loring - 179.0 Hamlet
Hamlet,Week4,Dunn Loring,Week5,222.5 Dunn Loring - 179.5 Hamlet
Hamlet,Week3,Dunn Loring,Week4,223.0 Hamlet - 179.0 Dunn Loring
Hayfield Farm,Week2,Fairfax Club Estates,Week2,267.0 Hayfield Farm - 135.0 Fairfax Club Estates
Hayfield Farm,Week3,Fairfax Club Estates,Week1,260.0 Hayfield Farm - 142.0 Fairfax Club Estates
Hamlet,Week2,Virginia Run,Week4,302.0 Hamlet - 100.0 Virginia Run
Hamlet,Week5,Virginia Hills,Week4,382.0 Hamlet - 20.0 Virginia Hills
Greenbriar,Week3,Waynewood,Week1,204.0 Waynewood - 198.0 Greenbriar
Hamlet,Week5,Sideburn Run,Week4,294.0 Hamlet - 108.0 Sideburn Run
Hamlet,Week5,Virginia Hills,Week1,379.0 Hamlet - 23.0 Virginia Hills
Hamlet,Week4,Sideburn Run,Week5,263.0 Hamlet - 139.0 Sideburn Run
Hayfield Farm,Week2,Fairfax Club Estates,Week4,228.5 Hayfield Farm - 173.5 Fairfax Club Estates
Hayfield Farm,Week5,Fair Oaks ,Week2,210.0 Hayfield Farm - 192.0 Fair Oaks
Hamlet,Week3,Sideburn Run,Week5,278.0 Hamlet - 124.0 Sideburn Run
Hayfield Farm,Week5,Fair Oaks ,Week5,233.0 Fair Oaks - 169.0 Hayfield Farm
Hamlet,Week1,Virginia Run,Week1,276.0 Hamlet - 126.0 Virginia Run
Hayfield Farm,Week1,Fairfax,Week2,269.0 Fairfax - 133.0 Hayfield Farm
Hamlet,Week1,Virginia Run,Week5,263.0 Hamlet - 139.0 Virginia Run
Greenbriar,Week5,Waynewood,Week2,229.0 Waynewood - 173.0 Greenbriar
Hayfield Farm,Week1,Fairfax,Week5,279.0 Fairfax - 123.0 Hayfield Farm
Hamlet,Week2,Sleepy Hollow B & R,Week3,273.0 Hamlet - 129.0 Sleepy Hollow B & R
Greenbriar,Week4,Waynewood,Week4,245.0 Waynewood - 157.0 Greenbriar
Hamlet,Week2,Fair Oaks ,Week5,271.0 Hamlet - 131.0 Fair Oaks
Hamlet,Week2,Sleepy Hollow B & R,Week2,267.0 Hamlet - 135.0 Sleepy Hollow B & R
Hamlet,Week4,Virginia Hills,Week3,369.0 Hamlet - 33.0 Virginia Hills
Hamlet,Week4,Virginia Hills,Week2,368.0 Hamlet - 34.0 Virginia Hills
Hamlet,Week5,Sideburn Run,Week2,305.0 Hamlet - 97.0 Sideburn Run
Hamlet,Week2,Fairfax,Week5,209.0 Hamlet - 193.0 Fairfax
Hamlet,Week3,Sideburn Run,Week4,287.5 Hamlet - 114.5 Sideburn Run
Greenbriar,Week2,Woodley,Week1,307.0 Greenbriar - 95.0 Woodley
Greenbriar,Week2,Woodley,Week3,296.0 Greenbriar - 106.0 Woodley
Hamlet,Week5,Virginia Hills,Week5,370.0 Hamlet - 32.0 Virginia Hills
Hamlet,Week2,Fair Oaks ,Week4,297.0 Hamlet - 105.0 Fair Oaks
Greenbriar,Week3,Waynewood,Week5,250.0 Waynewood - 152.0 Greenbriar
Hamlet,Week2,Fair Oaks ,Week2,312.0 Hamlet - 90.0 Fair Oaks
Hamlet,Week5,Fair Oaks ,Week5,278.0 Hamlet - 124.0 Fair Oaks
Greenbriar,Week3,Waynewood,Week4,218.0 Waynewood - 184.0 Greenbriar
Hayfield Farm,Week1,Fairfax,Week3,268.0 Fairfax - 134.0 Hayfield Farm
Hamlet,Week3,Sleepy Hollow B & R,Week2,272.0 Hamlet - 130.0 Sleepy Hollow B & R
Hayfield Farm,Week3,Fairfax,Week5,276.0 Fairfax - 126.0 Hayfield Farm
Greenbriar,Week3,Waynewood,Week2,237.0 Waynewood - 165.0 Greenbriar
Hamlet,Week4,Fairfax,Week2,208.0 Hamlet - 194.0 Fairfax
Greenbriar,Week1,Woodley,Week4,289.0 Greenbriar - 113.0 Woodley
Hamlet,Week3,Sleepy Hollow B & R,Week5,234.0 Hamlet - 168.0 Sleepy Hollow B & R
Greenbriar,Week5,Waynewood,Week4,227.0 Waynewood - 175.0 Greenbriar
Hamlet,Week2,Virginia Run,Week1,289.0 Hamlet - 113.0 Virginia Run
Hayfield Farm,Week5,Fair Oaks ,Week3,216.0 Fair Oaks - 186.0 Hayfield Farm
Hamlet,Week1,Virginia Run,Week4,289.0 Hamlet - 113.0 Virginia Run
Hayfield Farm,Week3,Fairfax,Week1,247.0 Fairfax - 155.0 Hayfield Farm
Hamlet,Week1,Fairfax,Week5,220.5 Fairfax - 180.5 Hamlet
Hamlet,Week3,Sleepy Hollow B & R,Week4,269.0 Hamlet - 133.0 Sleepy Hollow B & R
Hamlet,Week4,Sleepy Hollow B & R,Week1,272.0 Hamlet - 130.0 Sleepy Hollow B & R
Hayfield Farm,Week3,Fairfax,Week4,250.0 Fairfax - 152.0 Hayfield Farm
Hamlet,Week1,Fairfax,Week1,227.0 Hamlet - 175.0 Fairfax
Greenbriar,Week3,Woodley,Week1,301.0 Greenbriar - 101.0 Woodley
Hamlet,Week3,Fair Oaks ,Week5,261.0 Hamlet - 141.0 Fair Oaks
Greenbriar,Week2,Waynewood,Week5,242.0 Waynewood - 160.0 Greenbriar
Hamlet,Week4,Fair Oaks ,Week3,252.0 Hamlet - 150.0 Fair Oaks
Hamlet,Week4,Fair Oaks ,Week2,285.0 Hamlet - 117.0 Fair Oaks
Hayfield Farm,Week2,Fairfax,Week3,271.0 Fairfax - 131.0 Hayfield Farm
Hamlet,Week5,Virginia Hills,Week2,389.0 Hamlet - 13.0 Virginia Hills
Hamlet,Week2,Virginia Run,Week2,301.0 Hamlet - 101.0 Virginia Run
Hamlet,Week4,Virginia Hills,Week4,373.0 Hamlet - 29.0 Virginia Hills
Hayfield Farm,Week2,Fairfax,Week2,272.0 Fairfax - 130.0 Hayfield Farm
Hamlet,Week2,Sleepy Hollow B & R,Week4,274.0 Hamlet - 128.0 Sleepy Hollow B & R
Hamlet,Week1,Virginia Run,Week3,289.0 Hamlet - 113.0 Virginia Run
Hamlet,Week3,Sleepy Hollow B & R,Week3,267.0 Hamlet - 135.0 Sleepy Hollow B & R
Greenbriar,Week4,Waynewood,Week3,269.0 Waynewood - 133.0 Greenbriar
Greenbriar,Week4,Woodley,Week2,282.0 Greenbriar - 120.0 Woodley
Hayfield Farm,Week4,Fairfax,Week2,267.0 Fairfax - 135.0 Hayfield Farm
Hamlet,Week4,Virginia Run,Week1,256.0 Hamlet - 146.0 Virginia Run
Hamlet,Week1,Virginia Run,Week2,290.0 Hamlet - 107.0 Virginia Run
Hamlet,Week3,Fair Oaks ,Week1,275.0 Hamlet - 127.0 Fair Oaks
Hamlet,Week2,Sleepy Hollow Rec,Week4,352.0 Hamlet - 50.0 Sleepy Hollow Rec
Greenbriar,Week3,Waynewood,Week3,256.0 Waynewood - 146.0 Greenbriar
Hamlet,Week3,Fair Oaks ,Week2,296.0 Hamlet - 106.0 Fair Oaks
Hamlet,Week4,Sleepy Hollow Rec,Week3,321.0 Hamlet - 81.0 Sleepy Hollow Rec
Hamlet,Week2,Virginia Run,Week5,277.5 Hamlet - 124.5 Virginia Run
Greenbriar,Week3,Woodley,Week4,300.0 Greenbriar - 102.0 Woodley
Greenbriar,Week4,Waynewood,Week2,250.0 Waynewood - 152.0 Greenbriar
Greenbriar,Week3,Woodley,Week5,288.0 Greenbriar - 114.0 Woodley
Hamlet,Week4,Fair Oaks ,Week4,263.0 Hamlet - 139.0 Fair Oaks
Hamlet,Week2,Fairfax,Week4,241.5 Hamlet - 160.5 Fairfax
Greenbriar,Week1,Woodley,Week1,290.0 Greenbriar - 112.0 Woodley
Hamlet,Week4,Sleepy Hollow Rec,Week4,332.0 Hamlet - 70.0 Sleepy Hollow Rec
Hayfield Farm,Week5,Fairfax,Week5,289.0 Fairfax - 113.0 Hayfield Farm
Hamlet,Week4,Fair Oaks ,Week5,248.0 Hamlet - 154.0 Fair Oaks
Hamlet,Week2,Sleepy Hollow Rec,Week3,338.0 Hamlet - 64.0 Sleepy Hollow Rec
Hayfield Farm,Week5,Fairfax,Week4,265.0 Fairfax - 137.0 Hayfield Farm
Hamlet,Week3,Virginia Run,Week2,291.0 Hamlet - 111.0 Virginia Run
Hamlet,Week3,Virginia Run,Week1,282.0 Hamlet - 120.0 Virginia Run
Hayfield Farm,Week4,Fairfax,Week1,262.0 Fairfax - 140.0 Hayfield Farm
Hamlet,Week5,Fair Oaks ,Week4,305.0 Hamlet - 97.0 Fair Oaks
Hamlet,Week3,Virginia Run,Week5,272.0 Hamlet - 130.0 Virginia Run
Hayfield Farm,Week1,Fairfax Club Estates,Week4,241.0 Hayfield Farm - 161.0 Fairfax Club Estates
Hamlet,Week4,Sleepy Hollow B & R,Week5,225.0 Hamlet - 177.0 Sleepy Hollow B & R
Hamlet,Week3,Virginia Run,Week4,292.0 Hamlet - 110.0 Virginia Run
Hamlet,Week3,Sleepy Hollow Rec,Week4,346.0 Hamlet - 56.0 Sleepy Hollow Rec
Hamlet,Week1,Fairfax,Week2,212.0 Hamlet - 190.0 Fairfax
Hayfield Farm,Week5,Fairfax,Week3,269.0 Fairfax - 133.0 Hayfield Farm
Hayfield Farm,Week1,Fairfax Club Estates,Week3,254.0 Hayfield Farm - 148.0 Fairfax Club Estates
Hamlet,Week5,Virginia Hills,Week3,379.0 Hamlet - 23.0 Virginia Hills
Greenbriar,Week5,Waynewood,Week1,219.0 Waynewood - 183.0 Greenbriar
Hamlet,Week4,Fair Oaks ,Week1,249.0 Hamlet - 153.0 Fair Oaks
Hayfield Farm,Week1,Fairfax Club Estates,Week2,257.0 Hayfield Farm - 145.0 Fairfax Club Estates
Hayfield Farm,Week4,Fairfax,Week4,264.0 Fairfax - 138.0 Hayfield Farm
Hamlet,Week2,Sleepy Hollow Rec,Week1,346.0 Hamlet - 56.0 Sleepy Hollow Rec
Hamlet,Week1,Fairfax,Week4,220.5 Hamlet - 180.5 Fairfax
Greenbriar,Week4,Woodley,Week1,269.0 Greenbriar - 133.0 Woodley
Hamlet,Week4,Sleepy Hollow B & R,Week2,257.0 Hamlet - 145.0 Sleepy Hollow B & R
Hamlet,Week5,Sleepy Hollow B & R,Week2,277.0 Hamlet - 125.0 Sleepy Hollow B & R
Hamlet,Week4,Virginia Hills,Week1,365.0 Hamlet - 37.0 Virginia Hills
Hamlet,Week3,Virginia Run,Week3,300.0 Hamlet - 102.0 Virginia Run
Hayfield Farm,Week2,Fairfax Club Estates,Week5,243.0 Hayfield Farm - 159.0 Fairfax Club Estates
Hamlet,Week3,Fair Oaks ,Week4,287.0 Hamlet - 115.0 Fair Oaks
Greenbriar,Week2,Lake Braddock,Week1,336.0 Greenbriar - 66.0 Lake Braddock
Hamlet,Week4,Virginia Hills,Week5,358.0 Hamlet - 44.0 Virginia Hills
Greenbriar,Week1,Lake Braddock,Week2,302.0 Greenbriar - 100.0 Lake Braddock
Hamlet,Week2,Virginia Run,Week3,298.0 Hamlet - 104.0 Virginia Run
Greenbriar,Week2,Lake Braddock,Week2,312.5 Greenbriar - 89.5 Lake Braddock
Hamlet,Week1,Sleepy Hollow Rec,Week5,329.0 Hamlet - 73.0 Sleepy Hollow Rec
Hamlet,Week4,Sleepy Hollow Rec,Week2,332.0 Hamlet - 70.0 Sleepy Hollow Rec
Hayfield Farm,Week2,Fairfax Club Estates,Week3,255.0 Hayfield Farm - 147.0 Fairfax Club Estates
Greenbriar,Week4,Waynewood,Week1,227.0 Waynewood - 175.0 Greenbriar
Hamlet,Week1,Sleepy Hollow Rec,Week2,333.0 Hamlet - 69.0 Sleepy Hollow Rec
Hamlet,Week5,Sleepy Hollow B & R,Week5,254.0 Hamlet - 148.0 Sleepy Hollow B & R
Hayfield Farm,Week1,Fairfax Club Estates,Week5,244.0 Hayfield Farm - 158.0 Fairfax Club Estates
Greenbriar,Week1,Woodley,Week2,294.0 Greenbriar - 108.0 Woodley
Hayfield Farm,Week2,Fairfax Club Estates,Week1,267.0 Hayfield Farm - 135.0 Fairfax Club Estates
Greenbriar,Week5,Waynewood,Week5,258.0 Waynewood - 144.0 Greenbriar
Hamlet,Week1,Fairfax,Week3,207.0 Hamlet - 194.0 Fairfax
Hamlet,Week5,Fair Oaks ,Week2,309.5 Hamlet - 92.5 Fair Oaks
Hamlet,Week5,Fair Oaks ,Week3,282.0 Hamlet - 120.0 Fair Oaks
Greenbriar,Week5,Waynewood,Week3,248.0 Waynewood - 154.0 Greenbriar
Hamlet,Week4,Virginia Run,Week2,282.0 Hamlet - 120.0 Virginia Run
Hamlet,Week5,Sleepy Hollow Rec,Week1,349.0 Hamlet - 53.0 Sleepy Hollow Rec
Greenbriar,Week3,Lake Braddock,Week3,311.0 Greenbriar - 91.0 Lake Braddock
Greenbriar,Week1,Lake Braddock,Week3,313.0 Greenbriar - 89.0 Lake Braddock
Greenbriar,Week3,Woodley,Week2,303.0 Greenbriar - 99.0 Woodley
Greenbriar,Week2,Woodley,Week5,290.0 Greenbriar - 112.0 Woodley
Hamlet,Week5,Wakefield Chapel,Week4,230.0 Hamlet - 172.0 Wakefield Chapel
Hamlet,Week3,Fair Oaks ,Week3,265.0 Hamlet - 137.0 Fair Oaks
Hamlet,Week2,Fairfax,Week2,222.5 Hamlet - 179.5 Fairfax
Greenbriar,Week2,Woodley,Week2,301.0 Greenbriar - 101.0 Woodley
Hamlet,Week3,Wakefield Chapel,Week3,213.5 Wakefield Chapel - 188.5 Hamlet
Greenbriar,Week3,Lake Braddock,Week2,307.0 Greenbriar - 95.0 Lake Braddock
Hamlet,Week5,Virginia Run,Week2,309.0 Hamlet - 93.0 Virginia Run
Hayfield Farm,Week3,Fairfax Club Estates,Week3,260.0 Hayfield Farm - 142.0 Fairfax Club Estates
Greenbriar,Week1,Woodley,Week3,286.0 Greenbriar - 116.0 Woodley
Hamlet,Week5,Sleepy Hollow Rec,Week5,337.0 Hamlet - 65.0 Sleepy Hollow Rec
Hamlet,Week5,Fair Oaks ,Week1,289.0 Hamlet - 113.0 Fair Oaks
Hamlet,Week1,Wakefield Chapel,Week3,220.0 Wakefield Chapel - 182.0 Hamlet
Greenbriar,Week1,Lake Braddock,Week5,284.0 Greenbriar - 118.0 Lake Braddock
Hayfield Farm,Week3,Fairfax Club Estates,Week2,264.0 Hayfield Farm - 138.0 Fairfax Club Estates
Greenbriar,Week2,Woodley,Week4,302.0 Greenbriar - 100.0 Woodley
Hayfield Farm,Week1,Fairfax Station,Week5,286.0 Fairfax Station - 116.0 Hayfield Farm
Greenbriar,Week2,Lake Braddock,Week4,312.5 Greenbriar - 89.5 Lake Braddock
Hamlet,Week2,Fairfax,Week1,257.0 Hamlet - 145.0 Fairfax
Hamlet,Week1,Wakefield Chapel,Week2,209.0 Wakefield Chapel - 193.0 Hamlet
Hamlet,Week4,Wakefield Chapel,Week3,245.0 Wakefield Chapel - 157.0 Hamlet
Greenbriar,Week1,Woodley,Week5,275.0 Greenbriar - 127.0 Woodley
Hamlet,Week5,Sleepy Hollow Rec,Week4,359.0 Hamlet - 43.0 Sleepy Hollow Rec
Hayfield Farm,Week2,Fairfax Station,Week2,262.0 Fairfax Station - 140.0 Hayfield Farm
Hamlet,Week5,Sleepy Hollow Rec,Week3,332.0 Hamlet - 70.0 Sleepy Hollow Rec
Hamlet,Week5,Sleepy Hollow Rec,Week2,343.0 Hamlet - 59.0 Sleepy Hollow Rec
Hayfield Farm,Week1,Fairfax Station,Week3,272.0 Fairfax Station - 130.0 Hayfield Farm
Hamlet,Week2,Fairfax,Week3,213.0 Hamlet - 189.0 Fairfax
Hayfield Farm,Week5,Fairfax Club Estates,Week1,251.0 Hayfield Farm - 151.0 Fairfax Club Estates
Hamlet,Week1,Sleepy Hollow Rec,Week4,341.0 Hamlet - 61.0 Sleepy Hollow Rec
Greenbriar,Week1,Lake Braddock,Week1,315.0 Greenbriar - 87.0 Lake Braddock
Hamlet,Week3,Fairfax,Week1,242.0 Hamlet - 160.0 Fairfax
Hamlet,Week5,Sleepy Hollow B & R,Week1,293.0 Hamlet - 109.0 Sleepy Hollow B & R
Hamlet,Week3,Fairfax,Week3,209.0 Hamlet - 193.0 Fairfax
Greenbriar,Week3,Woodley,Week3,297.0 Greenbriar - 105.0 Woodley
Hamlet,Week1,Sleepy Hollow Rec,Week1,332.0 Hamlet - 70.0 Sleepy Hollow Rec
Hamlet,Week2,Sleepy Hollow Rec,Week5,335.0 Hamlet - 67.0 Sleepy Hollow Rec
Hayfield Farm,Week2,Fairfax Station,Week1,261.0 Fairfax Station - 141.0 Hayfield Farm
Hamlet,Week3,Fairfax,Week5,204.5 Hamlet - 197.5 Fairfax
Hayfield Farm,Week1,Fairfax Station,Week2,257.0 Fairfax Station - 145.0 Hayfield Farm
Hayfield Farm,Week4,Fairfax Club Estates,Week4,235.0 Hayfield Farm - 167.0 Fairfax Club Estates
Hamlet,Week3,Fairfax,Week4,234.0 Hamlet - 168.0 Fairfax
Hayfield Farm,Week5,Fairfax Club Estates,Week5,229.0 Hayfield Farm - 173.0 Fairfax Club Estates
Hamlet,Week5,Virginia Run,Week1,299.0 Hamlet - 103.0 Virginia Run
Hayfield Farm,Week4,Fairfax Club Estates,Week2,265.0 Hayfield Farm - 137.0 Fairfax Club Estates
Greenbriar,Week4,Virginia Run,Week4,235.0 Virginia Run - 167.0 Greenbriar
Hamlet,Week4,Fairfax,Week1,221.0 Hamlet - 181.0 Fairfax
Hamlet,Week1,Wakefield Chapel,Week1,231.0 Wakefield Chapel - 171.0 Hamlet
Greenbriar,Week3,Virginia Run,Week1,211.0 Virginia Run - 191.0 Greenbriar
Greenbriar,Week4,Lake Braddock,Week4,280.0 Greenbriar - 122.0 Lake Braddock
Greenbriar,Week5,Lake Braddock,Week1,324.0 Greenbriar - 78.0 Lake Braddock
Hamlet,Week2,Sleepy Hollow Rec,Week2,348.5 Hamlet - 53.5 Sleepy Hollow Rec
Greenbriar,Week2,Lake Braddock,Week3,313.0 Greenbriar - 89.0 Lake Braddock
Greenbriar,Week5,Virginia Run,Week5,223.0 Virginia Run - 179.0 Greenbriar
Hamlet,Week5,Fairfax,Week1,251.0 Hamlet - 151.0 Fairfax
Greenbriar,Week5,Lake Braddock,Week4,291.0 Greenbriar - 111.0 Lake Braddock
Hayfield Farm,Week4,Fairfax Club Estates,Week1,248.0 Hayfield Farm - 154.0 Fairfax Club Estates
Greenbriar,Week3,Lake Braddock,Week1,325.0 Greenbriar - 77.0 Lake Braddock
Greenbriar,Week4,Lake Braddock,Week5,269.0 Greenbriar - 133.0 Lake Braddock
Hamlet,Week1,Sleepy Hollow Rec,Week3,320.0 Hamlet - 82.0 Sleepy Hollow Rec
Hamlet,Week3,Fairfax,Week2,215.0 Hamlet - 187.0 Fairfax
Greenbriar,Week4,Lake Braddock,Week3,277.0 Greenbriar - 125.0 Lake Braddock
Hamlet,Week4,Virginia Run,Week4,276.0 Hamlet - 126.0 Virginia Run
Hamlet,Week4,Virginia Run,Week3,281.0 Hamlet - 121.0 Virginia Run
Hamlet,Week5,Sleepy Hollow B & R,Week4,285.0 Hamlet - 117.0 Sleepy Hollow B & R
Hamlet,Week5,Virginia Run,Week3,305.5 Hamlet - 96.5 Virginia Run
Greenbriar,Week1,Wakefield Chapel,Week2,267.0 Wakefield Chapel - 135.0 Greenbriar
Hamlet,Week5,Virginia Run,Week4,299.0 Hamlet - 103.0 Virginia Run
Greenbriar,Week3,Wakefield Chapel,Week4,258.0 Wakefield Chapel - 144.0 Greenbriar
Greenbriar,Week5,Virginia Run,Week3,214.0 Virginia Run - 188.0 Greenbriar
Hamlet,Week1,Fairfax Club Estates,Week1,318.0 Hamlet - 84.0 Fairfax Club Estates
Hamlet,Week5,Virginia Run,Week5,282.0 Hamlet - 120.0 Virginia Run
Hamlet,Week5,Sleepy Hollow B & R,Week3,279.0 Hamlet - 123.0 Sleepy Hollow B & R
Hamlet,Week2,Wakefield Chapel,Week1,215.0 Wakefield Chapel - 187.0 Hamlet
Greenbriar,Week4,Virginia Run,Week5,246.0 Virginia Run - 156.0 Greenbriar
Greenbriar,Week3,Lake Braddock,Week4,301.0 Greenbriar - 101.0 Lake Braddock
Hamlet,Week1,Wakefield Chapel,Week4,211.0 Wakefield Chapel - 191.0 Hamlet
Hamlet,Week1,Fairfax Club Estates,Week5,313.0 Hamlet - 85.0 Fairfax Club Estates
Greenbriar,Week4,Virginia Run,Week2,225.0 Virginia Run - 177.0 Greenbriar
Hamlet,Week2,Fairfax Club Estates,Week3,332.0 Hamlet - 70.0 Fairfax Club Estates
Hamlet,Week3,Sleepy Hollow Rec,Week1,340.0 Hamlet - 62.0 Sleepy Hollow Rec
Greenbriar,Week4,Lake Braddock,Week1,307.0 Greenbriar - 95.0 Lake Braddock
Hamlet,Week3,Sleepy Hollow Rec,Week3,333.0 Hamlet - 69.0 Sleepy Hollow Rec
Hayfield Farm,Week3,Fairfax Club Estates,Week5,245.0 Hayfield Farm - 157.0 Fairfax Club Estates
Hamlet,Week2,Wakefield Chapel,Week2,226.0 Hamlet - 176.0 Wakefield Chapel
Greenbriar,Week2,Wakefield Chapel,Week5,266.0 Wakefield Chapel - 136.0 Greenbriar
Hamlet,Week3,Sleepy Hollow Rec,Week5,328.0 Hamlet - 74.0 Sleepy Hollow Rec
Greenbriar,Week3,Wakefield Chapel,Week1,272.0 Wakefield Chapel - 130.0 Greenbriar
Greenbriar,Week5,Kings Ridge ,Week5,257.5 Greenbriar - 144.5 Kings Ridge
Hayfield Farm,Week4,Fairfax Club Estates,Week3,256.5 Hayfield Farm - 145.5 Fairfax Club Estates
Hamlet,Week3,Wakefield Chapel,Week2,222.0 Hamlet - 180.0 Wakefield Chapel
Greenbriar,Week4,Lake Braddock,Week2,277.0 Greenbriar - 125.0 Lake Braddock
Hamlet,Week4,Sleepy Hollow B & R,Week4,250.5 Hamlet - 151.5 Sleepy Hollow B & R
Hayfield Farm,Week2,Fairfax Station,Week4,256.0 Fairfax Station - 146.0 Hayfield Farm
Hamlet,Week4,Fairfax Club Estates,Week3,313.0 Hamlet - 89.0 Fairfax Club Estates
Hayfield Farm,Week2,Fairfax Station,Week3,279.0 Fairfax Station - 123.0 Hayfield Farm
Greenbriar,Week1,Lake Braddock,Week4,290.5 Greenbriar - 111.5 Lake Braddock
Greenbriar,Week5,Lake Braddock,Week3,294.0 Greenbriar - 108.0 Lake Braddock
Hamlet,Week4,Fairfax,Week4,211.0 Hamlet - 191.0 Fairfax
Hamlet,Week2,Somerset-Olde Creek,Week5,361.0 Hamlet - 41.0 Somerset-Olde Creek
Hamlet,Week4,Sleepy Hollow Rec,Week1,321.0 Hamlet - 81.0 Sleepy Hollow Rec
Hayfield Farm,Week4,Fairfax Club Estates,Week5,239.0 Hayfield Farm - 163.0 Fairfax Club Estates
Hamlet,Week1,Fairfax Club Estates,Week3,328.0 Hamlet - 73.0 Fairfax Club Estates
Hayfield Farm,Week1,Fairfax Station,Week1,255.5 Fairfax Station - 146.5 Hayfield Farm
Greenbriar,Week2,Lake Braddock,Week5,304.0 Greenbriar - 98.0 Lake Braddock
Hamlet,Week4,Sleepy Hollow Rec,Week5,321.0 Hamlet - 81.0 Sleepy Hollow Rec
Greenbriar,Week5,Wakefield Chapel,Week3,262.0 Wakefield Chapel - 140.0 Greenbriar
Hayfield Farm,Week5,Fairfax Club Estates,Week2,257.0 Hayfield Farm - 145.0 Fairfax Club Estates
Greenbriar,Week3,Virginia Run,Week2,208.0 Virginia Run - 194.0 Greenbriar
Hamlet,Week2,Wakefield Chapel,Week4,224.0 Hamlet - 178.0 Wakefield Chapel
Greenbriar,Week3,Wakefield Chapel,Week3,272.0 Wakefield Chapel - 130.0 Greenbriar
Hayfield Farm,Week1,Fairfax Station,Week4,250.0 Fairfax Station - 152.0 Hayfield Farm
Hamlet,Week3,Sleepy Hollow Rec,Week2,344.0 Hamlet - 58.0 Sleepy Hollow Rec
Hamlet,Week3,Wakefield Chapel,Week1,229.0 Wakefield Chapel - 173.0 Hamlet
Hamlet,Week3,Fairfax Club Estates,Week3,334.5 Hamlet - 66.5 Fairfax Club Estates
Greenbriar,Week5,Lake Braddock,Week2,295.0 Greenbriar - 107.0 Lake Braddock
Hamlet,Week1,Wakefield Chapel,Week5,244.0 Wakefield Chapel - 158.0 Hamlet
Hayfield Farm,Week2,Fairfax Station,Week5,294.0 Fairfax Station - 108.0 Hayfield Farm
Hamlet,Week4,Fairfax Club Estates,Week1,306.0 Hamlet - 96.0 Fairfax Club Estates
Hamlet,Week5,Fairfax,Week4,236.0 Hamlet - 166.0 Fairfax
Hamlet,Week2,Wakefield Chapel,Week5,231.0 Wakefield Chapel - 171.0 Hamlet
Greenbriar,Week3,Lake Braddock,Week5,291.0 Greenbriar - 111.0 Lake Braddock
Hamlet,Week4,Virginia Run,Week5,257.0 Hamlet - 145.0 Virginia Run
Hayfield Farm,Week5,Fairfax Club Estates,Week3,251.0 Hayfield Farm - 151.0 Fairfax Club Estates
Greenbriar,Week3,Virginia Run,Week4,224.0 Virginia Run - 178.0 Greenbriar
Hamlet,Week1,South Run,Week1,262.0 Hamlet - 130.0 South Run
Hamlet,Week1,Fairfax Club Estates,Week2,326.0 Hamlet - 75.0 Fairfax Club Estates
Greenbriar,Week3,Virginia Run,Week3,203.0 Virginia Run - 199.0 Greenbriar
Hamlet,Week1,Somerset-Olde Creek,Week3,356.0 Hamlet - 45.0 Somerset-Olde Creek
Hamlet,Week3,Wakefield Chapel,Week4,206.0 Hamlet - 196.0 Wakefield Chapel
Hamlet,Week4,Fairfax Club Estates,Week2,314.0 Hamlet - 88.0 Fairfax Club Estates
Greenbriar,Week5,Kings Ridge ,Week4,273.0 Greenbriar - 129.0 Kings Ridge
Hayfield Farm,Week5,Fairfax Club Estates,Week4,222.0 Hayfield Farm - 180.0 Fairfax Club Estates
Greenbriar,Week1,Wakefield Chapel,Week4,264.0 Wakefield Chapel - 138.0 Greenbriar
Greenbriar,Week3,Virginia Run,Week5,236.0 Virginia Run - 166.0 Greenbriar
Hamlet,Week2,Somerset-Olde Creek,Week4,374.0 Hamlet - 28.0 Somerset-Olde Creek
Hamlet,Week3,Wakefield Chapel,Week5,237.0 Wakefield Chapel - 165.0 Hamlet
Herndon,Week5,Hamlet,Week4,353.0 Hamlet - 49.0 Herndon
Herndon,Week4,Old Keene Mill,Week1,260.0 Old Keene Mill - 140.0 Herndon
Herndon,Week2,Orange Hunt,Week2,305.0 Orange Hunt - 97.0 Herndon
Hiddenbrook,Week3,Brookfield ,Week1,248.0 Brookfield - 154.0 Hiddenbrook
Herndon,Week2,Lincolnia Park,Week4,202.0 Herndon - 190.0 Lincolnia Park
Herndon,Week4,Old Keene Mill,Week5,279.0 Old Keene Mill - 122.0 Herndon
Herndon,Week3,Lee Graham,Week5,365.0 Lee Graham - 37.0 Herndon
Hiddenbrook,Week2,Brookfield ,Week2,290.0 Brookfield - 112.0 Hiddenbrook
Herndon,Week4,Daventry,Week4,207.0 Herndon - 191.0 Daventry
Herndon,Week5,Old Keene Mill,Week5,279.0 Old Keene Mill - 122.0 Herndon
Hiddenbrook,Week5,Brookfield ,Week3,201.0 Brookfield - 201.0 Hiddenbrook
Hiddenbrook,Week1,Fairfax,Week3,305.0 Fairfax - 96.0 Hiddenbrook
Herndon,Week4,Old Keene Mill,Week2,273.0 Old Keene Mill - 129.0 Herndon
Herndon,Week4,Lee Graham,Week1,345.0 Lee Graham - 57.0 Herndon
Hiddenbrook,Week3,Fair Oaks ,Week2,221.0 Fair Oaks - 181.0 Hiddenbrook
Hiddenbrook,Week2,Fairfax,Week1,307.0 Fairfax - 95.0 Hiddenbrook
Herndon,Week5,Springboard,Week4,247.0 Springboard - 155.0 Herndon
Hiddenbrook,Week3,Fairfax,Week1,284.0 Fairfax - 118.0 Hiddenbrook
Herndon,Week5,Springboard,Week3,252.0 Springboard - 149.0 Herndon
Herndon,Week1,Dominion Hills,Week2,319.0 Dominion Hills - 83.0 Herndon
Herndon,Week3,Old Keene Mill,Week5,286.0 Old Keene Mill - 116.0 Herndon
Hayfield Farm,Week1,Old Keene Mill,Week2,253.0 Hayfield Farm - 149.0 Old Keene Mill
Herndon,Week1,Orange Hunt,Week4,313.0 Orange Hunt - 89.0 Herndon
Hayfield Farm,Week4,Oakton ,Week1,269.0 Oakton - 133.0 Hayfield Farm
Hiddenbrook,Week5,Fair Oaks ,Week5,252.0 Fair Oaks - 150.0 Hiddenbrook
Herndon,Week3,Hamlet,Week2,381.0 Hamlet - 21.0 Herndon
Herndon,Week3,Daventry,Week5,226.0 Daventry - 169.0 Herndon
Herndon,Week5,Daventry,Week2,217.0 Daventry - 181.0 Herndon
Herndon,Week1,Dominion Hills,Week4,312.0 Dominion Hills - 90.0 Herndon
Hiddenbrook,Week4,Fair Oaks ,Week2,224.0 Fair Oaks - 178.0 Hiddenbrook
Hayfield Farm,Week5,Oakton ,Week2,277.0 Oakton - 125.0 Hayfield Farm
Herndon,Week2,Springboard,Week2,222.0 Springboard - 174.0 Herndon
Herndon,Week4,Hamlet,Week2,378.0 Hamlet - 24.0 Herndon
Herndon,Week5,Daventry,Week4,203.5 Daventry - 193.5 Herndon
Herndon,Week4,Hamlet,Week5,375.0 Hamlet - 27.0 Herndon
Herndon,Week1,Lincolnia Park,Week4,197.0 Lincolnia Park - 190.0 Herndon
Herndon,Week3,Daventry,Week3,224.0 Daventry - 172.0 Herndon
Herndon,Week3,Orange Hunt,Week5,325.0 Orange Hunt - 77.0 Herndon
Herndon,Week1,Springfield,Week3,257.0 Herndon - 106.0 Springfield
Hiddenbrook,Week1,Brookfield ,Week1,260.0 Brookfield - 142.0 Hiddenbrook
Herndon,Week5,Lee Graham,Week5,362.5 Lee Graham - 39.5 Herndon
Hayfield Farm,Week3,Old Keene Mill,Week5,249.0 Hayfield Farm - 153.0 Old Keene Mill
Hiddenbrook,Week3,Fairfax,Week5,310.0 Fairfax - 92.0 Hiddenbrook
Herndon,Week5,Daventry,Week5,219.0 Daventry - 180.0 Herndon
Hayfield Farm,Week5,Oakton ,Week5,288.0 Oakton - 114.0 Hayfield Farm
Herndon,Week2,Orange Hunt,Week3,320.0 Orange Hunt - 82.0 Herndon
Hiddenbrook,Week4,Brookfield ,Week1,244.0 Brookfield - 158.0 Hiddenbrook
Herndon,Week3,Springboard,Week3,264.0 Springboard - 134.0 Herndon
Hiddenbrook,Week1,Brookfield ,Week4,248.0 Brookfield - 154.0 Hiddenbrook
Herndon,Week5,Lee Graham,Week2,356.0 Lee Graham - 46.0 Herndon
Hiddenbrook,Week5,Brookfield ,Week4,214.0 Brookfield - 188.0 Hiddenbrook
Herndon,Week4,Lee Graham,Week3,360.0 Lee Graham - 42.0 Herndon
Hiddenbrook,Week5,Fair Oaks ,Week3,248.0 Fair Oaks - 154.0 Hiddenbrook
Hiddenbrook,Week4,Fairfax,Week3,298.0 Fairfax - 104.0 Hiddenbrook
Hiddenbrook,Week4,Fair Oaks ,Week3,266.0 Fair Oaks - 136.0 Hiddenbrook
Herndon,Week5,Hamlet,Week3,364.0 Hamlet - 37.0 Herndon
Herndon,Week4,Daventry,Week2,212.0 Daventry - 188.0 Herndon
Hayfield Farm,Week3,Old Keene Mill,Week1,274.0 Hayfield Farm - 128.0 Old Keene Mill
Hayfield Farm,Week4,Oakton ,Week2,271.5 Oakton - 130.5 Hayfield Farm
Hiddenbrook,Week1,Fairfax,Week2,306.0 Fairfax - 96.0 Hiddenbrook
Herndon,Week1,Lincolnia Park,Week3,224.0 Lincolnia Park - 159.0 Herndon
Herndon,Week1,Hayfield Farm,Week2,319.0 Hayfield Farm - 83.0 Herndon
Herndon,Week4,Daventry,Week5,227.0 Daventry - 173.0 Herndon
Herndon,Week5,Lee Graham,Week3,357.0 Lee Graham - 45.0 Herndon
Herndon,Week3,Hamlet,Week5,378.0 Hamlet - 24.0 Herndon
Herndon,Week3,Hamlet,Week1,367.0 Hamlet - 34.0 Herndon
Herndon,Week2,Hamlet,Week5,367.0 Hamlet - 35.0 Herndon
Herndon,Week2,Springboard,Week1,243.0 Springboard - 156.0 Herndon
Herndon,Week2,Springboard,Week4,245.0 Springboard - 151.0 Herndon
Hiddenbrook,Week5,Brookfield ,Week5,212.0 Hiddenbrook - 190.0 Brookfield
Hayfield Farm,Week2,Old Keene Mill,Week1,268.0 Hayfield Farm - 134.0 Old Keene Mill
Herndon,Week3,Old Keene Mill,Week4,278.0 Old Keene Mill - 123.0 Herndon
Herndon,Week5,Lee Graham,Week1,351.0 Lee Graham - 51.0 Herndon
Hiddenbrook,Week1,Brookfield ,Week2,235.0 Brookfield - 167.0 Hiddenbrook
Hiddenbrook,Week3,Brookfield ,Week4,231.0 Brookfield - 171.0 Hiddenbrook
Herndon,Week2,Lee Graham,Week2,360.0 Lee Graham - 42.0 Herndon
Herndon,Week3,Hayfield Farm,Week5,320.0 Hayfield Farm - 82.0 Herndon
Hiddenbrook,Week2,Brookfield ,Week3,274.0 Brookfield - 128.0 Hiddenbrook
Herndon,Week3,Lee Graham,Week2,361.0 Lee Graham - 41.0 Herndon
Herndon,Week5,Springboard,Week5,253.0 Springboard - 148.0 Herndon
Herndon,Week2,Dominion Hills,Week3,311.0 Dominion Hills - 91.0 Herndon
Herndon,Week5,Hamlet,Week1,363.0 Hamlet - 39.0 Herndon
Herndon,Week4,Springboard,Week3,261.0 Springboard - 141.0 Herndon
Hayfield Farm,Week3,Old Keene Mill,Week2,263.0 Hayfield Farm - 139.0 Old Keene Mill
Herndon,Week2,Orange Hunt,Week1,313.0 Orange Hunt - 89.0 Herndon
Herndon,Week4,Daventry,Week3,206.0 Daventry - 188.0 Herndon
Hayfield Farm,Week3,Oakton ,Week4,259.0 Oakton - 143.0 Hayfield Farm
Hayfield Farm,Week4,Oakton ,Week4,265.0 Oakton - 137.0 Hayfield Farm
Hiddenbrook,Week2,Brookfield ,Week4,293.0 Brookfield - 109.0 Hiddenbrook
Herndon,Week4,Springboard,Week4,241.0 Springboard - 161.0 Herndon
Herndon,Week4,Springboard,Week1,245.5 Springboard - 155.5 Herndon
Hiddenbrook,Week4,Fairfax,Week5,308.0 Fairfax - 94.0 Hiddenbrook
Herndon,Week1,Springfield,Week2,258.0 Herndon - 103.0 Springfield
Hiddenbrook,Week3,Fairfax,Week3,303.0 Fairfax - 99.0 Hiddenbrook
Herndon,Week1,Orange Hunt,Week5,328.0 Orange Hunt - 74.0 Herndon
Herndon,Week4,Hamlet,Week1,365.0 Hamlet - 37.0 Herndon
Herndon,Week1,Springfield,Week1,258.0 Herndon - 117.0 Springfield
Hayfield Farm,Week5,Oakton ,Week1,272.0 Oakton - 130.0 Hayfield Farm
Herndon,Week4,Old Keene Mill,Week3,272.0 Old Keene Mill - 130.0 Herndon
Herndon,Week2,Lee Graham,Week4,358.0 Lee Graham - 44.0 Herndon
Hayfield Farm,Week3,Old Keene Mill,Week3,265.0 Hayfield Farm - 137.0 Old Keene Mill
Herndon,Week5,Daventry,Week3,209.0 Daventry - 183.0 Herndon
Herndon,Week1,Hayfield Farm,Week1,302.0 Hayfield Farm - 100.0 Herndon
Hiddenbrook,Week4,Fair Oaks ,Week5,280.0 Fair Oaks - 122.0 Hiddenbrook
Herndon,Week1,Orange Hunt,Week1,322.0 Orange Hunt - 80.0 Herndon
Hiddenbrook,Week1,Fairfax,Week1,290.0 Fairfax - 112.0 Hiddenbrook
Herndon,Week1,Hayfield Farm,Week3,320.0 Hayfield Farm - 81.0 Herndon
Hiddenbrook,Week1,Brookfield ,Week3,232.0 Brookfield - 169.0 Hiddenbrook
Herndon,Week5,Lee Graham,Week4,359.0 Lee Graham - 43.0 Herndon
Herndon,Week3,Lee Graham,Week1,344.0 Lee Graham - 53.0 Herndon
Herndon,Week1,Dominion Hills,Week1,307.0 Dominion Hills - 95.0 Herndon
Herndon,Week5,Springboard,Week1,245.0 Springboard - 155.0 Herndon
Hiddenbrook,Week1,Brookfield ,Week5,238.0 Brookfield - 164.0 Hiddenbrook
Hayfield Farm,Week4,Old Keene Mill,Week3,258.0 Hayfield Farm - 144.0 Old Keene Mill
Herndon,Week4,Hamlet,Week4,355.0 Hamlet - 47.0 Herndon
Herndon,Week5,Springboard,Week2,222.0 Springboard - 179.0 Herndon
Hiddenbrook,Week2,Fairfax,Week5,343.0 Fairfax - 59.0 Hiddenbrook
Hayfield Farm,Week1,Orange Hunt,Week1,202.0 Hayfield Farm - 200.0 Orange Hunt
Herndon,Week3,Hamlet,Week4,359.5 Hamlet - 42.5 Herndon
Herndon,Week4,Springboard,Week5,251.0 Springboard - 151.0 Herndon
Herndon,Week4,Daventry,Week1,205.0 Daventry - 194.0 Herndon
Herndon,Week2,Orange Hunt,Week5,314.0 Orange Hunt - 87.0 Herndon
Hiddenbrook,Week3,Brookfield ,Week5,210.0 Brookfield - 192.0 Hiddenbrook
Herndon,Week2,Dominion Hills,Week1,307.0 Dominion Hills - 95.0 Herndon
Hiddenbrook,Week3,Brookfield ,Week2,225.0 Brookfield - 177.0 Hiddenbrook
Hayfield Farm,Week5,Old Keene Mill,Week2,253.0 Hayfield Farm - 149.0 Old Keene Mill
Herndon,Week2,Dominion Hills,Week2,321.0 Dominion Hills - 81.0 Herndon
Hiddenbrook,Week4,Brookfield ,Week5,227.0 Brookfield - 175.0 Hiddenbrook
Herndon,Week4,Orange Hunt,Week1,312.0 Orange Hunt - 90.0 Herndon
Hayfield Farm,Week5,Old Keene Mill,Week5,224.0 Hayfield Farm - 178.0 Old Keene Mill
Hiddenbrook,Week3,Fair Oaks ,Week4,246.0 Fair Oaks - 156.0 Hiddenbrook
Herndon,Week5,Hamlet,Week2,373.0 Hamlet - 29.0 Herndon
Hiddenbrook,Week3,Fair Oaks ,Week3,269.0 Fair Oaks - 133.0 Hiddenbrook
Herndon,Week4,Lee Graham,Week4,352.0 Lee Graham - 50.0 Herndon
Herndon,Week1,Springfield,Week4,247.0 Herndon - 120.0 Springfield
Herndon,Week1,Dominion Hills,Week3,307.5 Dominion Hills - 94.5 Herndon
Herndon,Week3,Orange Hunt,Week4,309.0 Orange Hunt - 88.0 Herndon
Herndon,Week1,Lee Graham,Week5,359.0 Lee Graham - 43.0 Herndon
Herndon,Week4,Hamlet,Week3,363.0 Hamlet - 38.0 Herndon
Herndon,Week4,Orange Hunt,Week3,317.0 Orange Hunt - 85.0 Herndon
Herndon,Week4,Springboard,Week2,220.0 Springboard - 182.0 Herndon
Herndon,Week2,Lee Graham,Week1,351.0 Lee Graham - 51.0 Herndon
Hayfield Farm,Week1,Orange Hunt,Week5,218.0 Orange Hunt - 184.0 Hayfield Farm
Herndon,Week2,Dominion Hills,Week4,325.0 Dominion Hills - 77.0 Herndon
Hayfield Farm,Week1,Orange Hunt,Week2,206.0 Orange Hunt - 196.0 Hayfield Farm
Herndon,Week1,Lincolnia Park,Week1,201.0 Lincolnia Park - 188.0 Herndon
Hayfield Farm,Week1,Orange Hunt,Week3,221.5 Orange Hunt - 180.5 Hayfield Farm
Herndon,Week5,Daventry,Week1,213.0 Daventry - 184.0 Herndon
Hiddenbrook,Week1,Fairfax,Week4,299.0 Fairfax - 102.0 Hiddenbrook
Herndon,Week3,Springfield,Week1,271.0 Herndon - 114.0 Springfield
Hiddenbrook,Week5,Fair Oaks ,Week4,237.5 Fair Oaks - 164.5 Hiddenbrook
Herndon,Week5,Dominion Hills,Week3,327.0 Dominion Hills - 75.0 Herndon
Herndon,Week2,Springfield,Week5,289.0 Herndon - 84.0 Springfield
Herndon,Week2,Lincolnia Park,Week2,194.0 Lincolnia Park - 189.0 Herndon
Hiddenbrook,Week1,Broyhill Crest,Week1,307.0 Hiddenbrook - 93.0 Broyhill Crest
Herndon,Week4,Orange Hunt,Week5,322.0 Orange Hunt - 80.0 Herndon
Herndon,Week5,Orange Hunt,Week2,307.0 Orange Hunt - 95.0 Herndon
Herndon,Week5,Hamlet,Week5,373.0 Hamlet - 29.0 Herndon
Herndon,Week2,Springfield,Week2,280.0 Herndon - 95.0 Springfield
Hiddenbrook,Week2,Fairfax,Week4,318.0 Fairfax - 84.0 Hiddenbrook
Herndon,Week1,Hayfield Farm,Week4,324.0 Hayfield Farm - 78.0 Herndon
Herndon,Week3,Overlee,Week2,391.0 Overlee - 11.0 Herndon
Herndon,Week3,Springfield,Week3,287.0 Herndon - 88.0 Springfield
Hiddenbrook,Week4,Fairfax,Week1,279.0 Fairfax - 123.0 Hiddenbrook
Hayfield Farm,Week2,Orange Hunt,Week1,202.0 Orange Hunt - 200.0 Hayfield Farm
Herndon,Week1,Donaldson Run,Week1,370.0 Donaldson Run - 32.0 Herndon
Hayfield Farm,Week4,Old Keene Mill,Week5,240.0 Hayfield Farm - 162.0 Old Keene Mill
Herndon,Week4,Overlee,Week1,375.0 Overlee - 27.0 Herndon
Herndon,Week2,Lee Graham,Week5,366.0 Lee Graham - 36.0 Herndon
Herndon,Week1,Overlee,Week2,391.0 Overlee - 11.0 Herndon
Herndon,Week5,Dominion Hills,Week2,343.5 Dominion Hills - 58.5 Herndon
Herndon,Week4,Springfield,Week4,283.0 Herndon - 103.0 Springfield
Herndon,Week2,Hayfield Farm,Week5,319.0 Hayfield Farm - 83.0 Herndon
Herndon,Week2,Hayfield Farm,Week1,302.0 Hayfield Farm - 100.0 Herndon
Hayfield Farm,Week5,Old Keene Mill,Week3,252.0 Hayfield Farm - 150.0 Old Keene Mill
Herndon,Week2,Hayfield Farm,Week3,321.0 Hayfield Farm - 80.0 Herndon
Hiddenbrook,Week5,Fair Oaks ,Week1,239.0 Fair Oaks - 163.0 Hiddenbrook
Herndon,Week3,Springfield,Week2,285.0 Herndon - 97.0 Springfield
Hiddenbrook,Week5,Brookfield ,Week1,228.0 Brookfield - 174.0 Hiddenbrook
Hayfield Farm,Week5,Old Keene Mill,Week1,263.0 Hayfield Farm - 139.0 Old Keene Mill
Hiddenbrook,Week4,Fair Oaks ,Week4,249.0 Fair Oaks - 153.0 Hiddenbrook
Herndon,Week2,Springfield,Week1,263.0 Herndon - 115.0 Springfield
Herndon,Week4,Lee Graham,Week2,360.0 Lee Graham - 42.0 Herndon
Herndon,Week5,Dominion Hills,Week1,322.0 Dominion Hills - 80.0 Herndon
Herndon,Week2,Lincolnia Park,Week3,225.0 Lincolnia Park - 162.0 Herndon
Herndon,Week4,Orange Hunt,Week4,318.0 Orange Hunt - 84.0 Herndon
Hiddenbrook,Week1,Fairfax,Week5,320.0 Fairfax - 81.0 Hiddenbrook
Herndon,Week3,Hamlet,Week3,364.0 Hamlet - 38.0 Herndon
Herndon,Week5,Overlee,Week4,397.0 Overlee - 5.0 Herndon
Herndon,Week4,Springfield,Week2,298.0 Herndon - 85.0 Springfield
Herndon,Week3,Lee Graham,Week4,355.0 Lee Graham - 47.0 Herndon
Herndon,Week4,Dominion Hills,Week2,333.0 Dominion Hills - 69.0 Herndon
Herndon,Week2,Lincolnia Park,Week1,216.0 Lincolnia Park - 176.0 Herndon
Herndon,Week2,Lee Graham,Week3,354.0 Lee Graham - 48.0 Herndon
Hayfield Farm,Week1,Orange Hunt,Week4,217.0 Orange Hunt - 185.0 Hayfield Farm
Hiddenbrook,Week3,Fair Oaks ,Week1,248.0 Fair Oaks - 154.0 Hiddenbrook
Hayfield Farm,Week5,Old Keene Mill,Week4,263.0 Hayfield Farm - 139.0 Old Keene Mill
Herndon,Week2,Overlee,Week3,384.5 Overlee - 17.5 Herndon
Herndon,Week1,Hayfield Farm,Week5,319.0 Hayfield Farm - 83.0 Herndon
Herndon,Week3,Dominion Hills,Week1,318.0 Dominion Hills - 84.0 Herndon
Hiddenbrook,Week2,Fairfax,Week2,336.5 Fairfax - 65.5 Hiddenbrook
Herndon,Week3,Hayfield Farm,Week4,330.0 Hayfield Farm - 72.0 Herndon
Herndon,Week4,Springfield,Week1,285.0 Herndon - 100.0 Springfield
Herndon,Week2,Overlee,Week4,393.0 Overlee - 9.0 Herndon
Herndon,Week3,Lee Graham,Week3,362.0 Lee Graham - 40.0 Herndon
Herndon,Week1,Donaldson Run,Week2,366.0 Donaldson Run - 36.0 Herndon
Herndon,Week3,Hayfield Farm,Week2,329.0 Hayfield Farm - 73.0 Herndon
Herndon,Week1,Donaldson Run,Week4,366.0 Donaldson Run - 36.0 Herndon
Herndon,Week3,Herndon,Week2,200.0 Herndon (H1) - 194.0 Herndon (H2)
Hiddenbrook,Week2,Fairfax,Week3,336.0 Fairfax - 66.0 Hiddenbrook
Herndon,Week1,Parklawn,Week4,271.0 Parklawn - 125.0 Herndon
Hiddenbrook,Week3,Fairfax,Week2,307.0 Fairfax - 95.0 Hiddenbrook
Hayfield Farm,Week3,Lakeview,Week5,295.0 Hayfield Farm - 98.0 Lakeview
Hayfield Farm,Week3,Lakeview,Week4,273.0 Hayfield Farm - 129.0 Lakeview
Herndon,Week5,Springfield,Week1,273.0 Herndon - 107.0 Springfield
Herndon,Week4,Lee Graham,Week5,364.5 Lee Graham - 37.5 Herndon
Herndon,Week3,Lincolnia Park,Week1,198.0 Herndon - 198.0 Lincolnia Park
Herndon,Week4,Herndon,Week3,213.0 Herndon (H2) - 186.0 Herndon (H1)
Hiddenbrook,Week1,Fairfax Club Estates,Week1,205.0 Fairfax Club Estates - 197.0 Hiddenbrook
Hiddenbrook,Week3,Fairfax,Week4,296.0 Fairfax - 106.0 Hiddenbrook
Herndon,Week4,Overlee,Week3,381.0 Overlee - 21.0 Herndon
Herndon,Week4,Overlee,Week5,396.0 Overlee - 6.0 Herndon
Herndon,Week5,Springfield,Week5,292.0 Herndon - 86.0 Springfield
Herndon,Week4,Hayfield Farm,Week5,328.0 Hayfield Farm - 74.0 Herndon
Herndon,Week5,Springfield,Week2,285.0 Herndon - 94.0 Springfield
Herndon,Week3,Herndon,Week1,211.0 Herndon (H1) - 177.0 Herndon (H2)
Herndon,Week2,Overlee,Week2,384.0 Overlee - 18.0 Herndon
Herndon,Week1,Donaldson Run,Week3,372.0 Donaldson Run - 30.0 Herndon
Herndon,Week4,Dominion Hills,Week3,316.0 Dominion Hills - 86.0 Herndon
Herndon,Week3,Lincolnia Park,Week3,230.0 Lincolnia Park - 157.0 Herndon
Hayfield Farm,Week2,Lakeview,Week4,270.0 Hayfield Farm - 132.0 Lakeview
Herndon,Week3,Dominion Hills,Week5,344.0 Dominion Hills - 58.0 Herndon
Hiddenbrook,Week4,Fairfax,Week2,295.0 Fairfax - 107.0 Hiddenbrook
Herndon,Week1,Overlee,Week4,397.0 Overlee - 5.0 Herndon
Herndon,Week2,Parklawn,Week1,215.0 Parklawn - 177.0 Herndon
Herndon,Week3,Lincolnia Park,Week2,193.0 Lincolnia Park - 190.0 Herndon
Hayfield Farm,Week4,Lakeview,Week3,289.0 Hayfield Farm - 113.0 Lakeview
Herndon,Week3,Springfield,Week4,273.0 Herndon - 111.0 Springfield
Herndon,Week1,Herndon,Week2,195.0 Herndon (H2) - 194.0 Herndon (H1)
Hiddenbrook,Week4,Fairfax Club Estates,Week1,203.0 Hiddenbrook - 193.0 Fairfax Club Estates
Hayfield Farm,Week4,Lakeview,Week2,317.0 Hayfield Farm - 85.0 Lakeview
Herndon,Week2,Donaldson Run,Week3,369.0 Donaldson Run - 33.0 Herndon
Herndon,Week1,Lincolnia Park,Week2,192.0 Lincolnia Park - 189.0 Herndon
Herndon,Week1,Lincolnia Park,Week5,222.0 Lincolnia Park - 165.0 Herndon
Hiddenbrook,Week4,Fairfax,Week4,293.5 Fairfax - 108.5 Hiddenbrook
Herndon,Week5,Springfield,Week3,281.0 Herndon - 99.0 Springfield
Herndon,Week5,Springfield,Week4,277.0 Herndon - 104.0 Springfield
Herndon,Week3,Herndon,Week5,203.0 Herndon (H2) - 196.0 Herndon (H1)
Hayfield Farm,Week2,Lakeview,Week2,310.0 Hayfield Farm - 92.0 Lakeview
Herndon,Week2,Donaldson Run,Week5,373.0 Donaldson Run - 29.0 Herndon
Hayfield Farm,Week4,Lakeview,Week5,282.0 Hayfield Farm - 111.0 Lakeview
Hayfield Farm,Week5,Lakeview,Week2,298.0 Hayfield Farm - 104.0 Lakeview
Herndon,Week4,Lincolnia Park,Week4,209.0 Herndon - 192.0 Lincolnia Park
Hayfield Farm,Week5,Lakeview,Week3,270.0 Hayfield Farm - 132.0 Lakeview
Herndon,Week2,Herndon,Week3,200.0 Herndon (H2) - 194.0 Herndon (H1)
Herndon,Week3,Springfield,Week5,299.0 Herndon - 82.0 Springfield
Herndon,Week2,Donaldson Run,Week4,368.0 Donaldson Run - 34.0 Herndon
Herndon,Week3,Donaldson Run,Week1,362.0 Donaldson Run - 40.0 Herndon
Herndon,Week4,Springfield,Week3,291.0 Herndon - 95.0 Springfield
Herndon,Week5,Lincolnia Park,Week1,223.0 Lincolnia Park - 179.0 Herndon
Herndon,Week5,Orange Hunt,Week4,315.0 Orange Hunt - 87.0 Herndon
Herndon,Week2,Donaldson Run,Week2,366.0 Donaldson Run - 36.0 Herndon
Herndon,Week2,Springfield,Week4,260.0 Herndon - 119.0 Springfield
Herndon,Week4,Hayfield Farm,Week3,320.0 Hayfield Farm - 82.0 Herndon
Hayfield Farm,Week3,Lakeview,Week2,306.0 Hayfield Farm - 96.0 Lakeview
Hiddenbrook,Week3,Fairfax Club Estates,Week2,223.0 Hiddenbrook - 178.0 Fairfax Club Estates
Hiddenbrook,Week5,Fairfax,Week5,303.0 Fairfax - 99.0 Hiddenbrook
Herndon,Week3,Lincolnia Park,Week5,221.0 Lincolnia Park - 170.0 Herndon
Herndon,Week5,Hayfield Farm,Week5,333.0 Hayfield Farm - 69.0 Herndon
Herndon,Week3,Overlee,Week4,397.0 Overlee - 5.0 Herndon
Hiddenbrook,Week5,Fairfax Club Estates,Week3,230.0 Hiddenbrook - 172.0 Fairfax Club Estates
Herndon,Week5,Herndon,Week3,203.0 Herndon (H1) - 196.0 Herndon (H2)
Herndon,Week1,Donaldson Run,Week5,374.0 Donaldson Run - 28.0 Herndon
Herndon,Week3,Herndon,Week3,193.0 Herndon (H1) - 193.0 Herndon (H2)
Hayfield Farm,Week5,Lakeview,Week4,250.0 Hayfield Farm - 152.0 Lakeview
Herndon,Week5,Herndon,Week2,209.0 Herndon (H1) - 186.0 Herndon (H2)
Herndon,Week4,Stratford,Week3,292.5 Stratford - 109.5 Herndon
Herndon,Week1,Sully Station,Week3,349.0 Sully Station - 53.0 Herndon
Herndon,Week5,Stratford,Week5,277.0 Stratford - 124.0 Herndon
Hiddenbrook,Week5,Fairfax Club Estates,Week4,221.0 Hiddenbrook - 181.0 Fairfax Club Estates
Herndon,Week5,Overlee,Week1,375.0 Overlee - 27.0 Herndon
Herndon,Week3,Lincolnia Park,Week4,207.0 Herndon - 187.0 Lincolnia Park
Herndon,Week1,Overlee,Week3,390.0 Overlee - 12.0 Herndon
Hiddenbrook,Week3,Fairfax Club Estates,Week3,218.0 Hiddenbrook - 183.0 Fairfax Club Estates
Hayfield Farm,Week1,Langley,Week1,284.0 Langley - 118.0 Hayfield Farm
Herndon,Week3,Donaldson Run,Week2,366.0 Donaldson Run - 36.0 Herndon
Herndon,Week3,Overlee,Week3,389.0 Overlee - 13.0 Herndon
Herndon,Week5,Lincolnia Park,Week2,197.0 Herndon - 190.0 Lincolnia Park
Hayfield Farm,Week2,Lakeview,Week5,294.5 Hayfield Farm - 98.5 Lakeview
Herndon,Week1,Overlee,Week5,397.0 Overlee - 5.0 Herndon
Herndon,Week5,Dominion Hills,Week4,323.0 Dominion Hills - 79.0 Herndon
Herndon,Week4,Springfield,Week5,307.5 Herndon - 74.5 Springfield
Hiddenbrook,Week2,Fairfax Club Estates,Week3,233.0 Fairfax Club Estates - 164.0 Hiddenbrook
Herndon,Week4,Lincolnia Park,Week5,229.0 Lincolnia Park - 163.0 Herndon
Hayfield Farm,Week4,Lakeview,Week1,310.0 Hayfield Farm - 92.0 Lakeview
Herndon,Week3,Overlee,Week5,395.0 Overlee - 7.0 Herndon
Herndon,Week1,Herndon,Week1,184.0 Herndon (H1) - 184.0 Herndon (H2)
Herndon,Week5,Stratford,Week4,288.0 Stratford - 114.0 Herndon
Herndon,Week4,Dominion Hills,Week5,338.0 Dominion Hills - 64.0 Herndon
Hiddenbrook,Week4,Fairfax Club Estates,Week5,204.0 Hiddenbrook - 192.0 Fairfax Club Estates
Hiddenbrook,Week2,Fairfax Club Estates,Week1,232.0 Fairfax Club Estates - 164.0 Hiddenbrook
Herndon,Week3,Donaldson Run,Week4,366.0 Donaldson Run - 36.0 Herndon
Hayfield Farm,Week1,Langley,Week2,266.0 Langley - 136.0 Hayfield Farm
Herndon,Week5,Lincolnia Park,Week3,231.0 Lincolnia Park - 161.0 Herndon
Herndon,Week4,Dominion Hills,Week1,310.0 Dominion Hills - 92.0 Herndon
Herndon,Week4,Lincolnia Park,Week3,234.0 Lincolnia Park - 158.0 Herndon
Herndon,Week4,Overlee,Week2,386.0 Overlee - 16.0 Herndon
Herndon,Week5,Orange Hunt,Week5,319.0 Orange Hunt - 83.0 Herndon
Hayfield Farm,Week1,Lakevale Estates,Week2,271.0 Lakevale Estates - 131.0 Hayfield Farm
Herndon,Week5,Lincolnia Park,Week5,220.0 Lincolnia Park - 173.0 Herndon
Hayfield Farm,Week1,Ilda Community,Week1,261.0 Hayfield Farm - 141.0 Ilda Community
Herndon,Week5,Hayfield Farm,Week3,321.0 Hayfield Farm - 81.0 Herndon
Hayfield Farm,Week5,Lakeview,Week5,267.0 Hayfield Farm - 126.0 Lakeview
Herndon,Week1,Herndon,Week3,211.0 Herndon (H2) - 177.0 Herndon (H1)
Herndon,Week2,Sully Station,Week1,337.0 Sully Station - 64.0 Herndon
Hiddenbrook,Week5,Fairfax,Week4,293.0 Fairfax - 109.0 Hiddenbrook
Herndon,Week1,Little Hunting Park,Week1,261.0 Little Hunting Park - 137.0 Herndon
Herndon,Week1,Stratford,Week4,287.0 Stratford - 115.0 Herndon
Herndon,Week5,Overlee,Week3,375.0 Overlee - 27.0 Herndon
Hiddenbrook,Week5,Fairfax,Week2,295.0 Fairfax - 107.0 Hiddenbrook
Hayfield Farm,Week1,Lakevale Estates,Week4,296.0 Lakevale Estates - 106.0 Hayfield Farm
Herndon,Week1,Herndon,Week5,212.0 Herndon (H2) - 181.0 Herndon (H1)
Herndon,Week4,Dominion Hills,Week4,325.0 Dominion Hills - 77.0 Herndon
Hayfield Farm,Week4,Lakeview,Week4,267.0 Hayfield Farm - 135.0 Lakeview
Hayfield Farm,Week2,Ilda Community,Week4,260.0 Hayfield Farm - 142.0 Ilda Community
Herndon,Week4,Lincolnia Park,Week1,217.5 Lincolnia Park - 183.5 Herndon
Hiddenbrook,Week3,Fairfax Club Estates,Week1,209.0 Hiddenbrook - 192.0 Fairfax Club Estates
Herndon,Week2,Donaldson Run,Week1,363.0 Donaldson Run - 39.0 Herndon
Herndon,Week5,Dominion Hills,Week5,340.0 Dominion Hills - 62.0 Herndon
Herndon,Week1,Overlee,Week1,384.0 Overlee - 18.0 Herndon
Herndon,Week4,Hayfield Farm,Week2,323.0 Hayfield Farm - 79.0 Herndon
Herndon,Week2,Stratford,Week2,260.0 Stratford - 137.0 Herndon
Herndon,Week2,Stratford,Week1,243.0 Stratford - 159.0 Herndon
Hayfield Farm,Week3,Ilda Community,Week3,285.0 Hayfield Farm - 117.0 Ilda Community
Hayfield Farm,Week1,Ilda Community,Week2,267.0 Hayfield Farm - 135.0 Ilda Community
Hayfield Farm,Week1,Langley,Week3,269.0 Langley - 133.0 Hayfield Farm
Hayfield Farm,Week2,Lakevale Estates,Week3,280.0 Lakevale Estates - 122.0 Hayfield Farm
Herndon,Week2,Overlee,Week5,388.0 Overlee - 14.0 Herndon
Herndon,Week5,Hayfield Farm,Week1,315.0 Hayfield Farm - 87.0 Herndon
Herndon,Week4,Lincolnia Park,Week2,198.0 Lincolnia Park - 190.0 Herndon
Hayfield Farm,Week2,Lakevale Estates,Week1,260.0 Lakevale Estates - 142.0 Hayfield Farm
Hiddenbrook,Week5,Fairfax Club Estates,Week2,244.5 Hiddenbrook - 157.5 Fairfax Club Estates
Hiddenbrook,Week1,Fairfax Club Estates,Week4,209.0 Fairfax Club Estates - 192.0 Hiddenbrook
Herndon,Week5,Overlee,Week2,387.0 Overlee - 15.0 Herndon
Hayfield Farm,Week3,Ilda Community,Week1,274.0 Hayfield Farm - 123.0 Ilda Community
Hayfield Farm,Week5,Lakeview,Week1,291.0 Hayfield Farm - 111.0 Lakeview
Hayfield Farm,Week4,Lake Braddock,Week3,299.0 Hayfield Farm - 103.0 Lake Braddock
Hiddenbrook,Week5,Fairfax,Week1,281.0 Fairfax - 121.0 Hiddenbrook
Herndon,Week5,Lincolnia Park,Week4,212.0 Herndon - 189.0 Lincolnia Park
Hayfield Farm,Week1,Lake Braddock,Week4,297.0 Hayfield Farm - 105.0 Lake Braddock
Hiddenbrook,Week2,Fairfax Club Estates,Week4,250.0 Fairfax Club Estates - 151.0 Hiddenbrook
Hayfield Farm,Week3,Lake Braddock,Week1,321.0 Hayfield Farm - 81.0 Lake Braddock
Hayfield Farm,Week1,Langley,Week4,274.0 Langley - 128.0 Hayfield Farm
Hayfield Farm,Week3,Ilda Community,Week4,271.0 Hayfield Farm - 131.0 Ilda Community
Herndon,Week3,Stratford,Week5,291.0 Stratford - 110.0 Herndon
Hayfield Farm,Week1,Langley,Week5,257.0 Langley - 145.0 Hayfield Farm
Herndon,Week2,Lincolnia Park,Week5,226.0 Lincolnia Park - 166.0 Herndon
Herndon,Week4,Hayfield Farm,Week1,308.0 Hayfield Farm - 94.0 Herndon
Hayfield Farm,Week3,Lake Braddock,Week5,289.0 Hayfield Farm - 112.0 Lake Braddock
Hiddenbrook,Week3,Fox Hunt,Week3,252.0 Fox Hunt - 145.0 Hiddenbrook
Herndon,Week4,Stratford,Week4,296.0 Stratford - 106.0 Herndon
Hiddenbrook,Week2,Fox Hunt,Week5,298.0 Fox Hunt - 103.0 Hiddenbrook
Hayfield Farm,Week2,Langley,Week2,253.5 Langley - 148.5 Hayfield Farm
Hayfield Farm,Week3,Lakeview,Week1,312.0 Hayfield Farm - 90.0 Lakeview
Herndon,Week1,Herndon,Week4,207.5 Herndon (H2) - 188.5 Herndon (H1)
Hiddenbrook,Week5,Fairfax,Week3,295.0 Fairfax - 107.0 Hiddenbrook
Herndon,Week5,Orange Hunt,Week3,317.0 Orange Hunt - 85.0 Herndon
Herndon,Week2,Herndon,Week1,195.0 Herndon (H1) - 194.0 Herndon (H2)
Herndon,Week3,Overlee,Week1,385.0 Overlee - 17.0 Herndon
Hiddenbrook,Week1,Fairfax Club Estates,Week3,205.0 Hiddenbrook - 195.0 Fairfax Club Estates
Hayfield Farm,Week2,Langley,Week1,281.0 Langley - 121.0 Hayfield Farm
Hiddenbrook,Week1,Fox Mill Estates,Week3,225.0 Fox Mill Estates - 176.0 Hiddenbrook
Herndon,Week2,Overlee,Week1,376.0 Overlee - 26.0 Herndon
Herndon,Week3,Stratford,Week1,254.0 Stratford - 146.0 Herndon
Herndon,Week5,Hayfield Farm,Week4,338.0 Hayfield Farm - 64.0 Herndon
Herndon,Week4,Stratford,Week1,259.0 Stratford - 142.0 Herndon
Herndon,Week2,Stratford,Week5,283.0 Stratford - 118.0 Herndon
Hiddenbrook,Week2,Fairfax Club Estates,Week2,229.0 Fairfax Club Estates - 169.0 Hiddenbrook
Hayfield Farm,Week2,Ilda Community,Week5,275.0 Hayfield Farm - 127.0 Ilda Community
Hayfield Farm,Week2,Lakeview,Week3,284.0 Hayfield Farm - 118.0 Lakeview
Hayfield Farm,Week1,Ilda Community,Week4,247.0 Hayfield Farm - 155.0 Ilda Community
Herndon,Week4,Overlee,Week4,393.0 Overlee - 9.0 Herndon
Hayfield Farm,Week2,Ilda Community,Week1,276.0 Hayfield Farm - 126.0 Ilda Community
Herndon,Week1,Parklawn,Week1,209.0 Parklawn - 177.0 Herndon
Hiddenbrook,Week2,Fox Hunt,Week4,281.0 Fox Hunt - 120.0 Hiddenbrook
Hayfield Farm,Week4,Lake Braddock,Week2,307.0 Hayfield Farm - 95.0 Lake Braddock
Herndon,Week3,Stratford,Week4,300.0 Stratford - 102.0 Herndon
Hayfield Farm,Week2,Lake Braddock,Week2,299.0 Hayfield Farm - 103.0 Lake Braddock
Hayfield Farm,Week2,Ilda Community,Week2,285.0 Hayfield Farm - 117.0 Ilda Community
Herndon,Week1,Stratford,Week3,274.0 Stratford - 128.0 Herndon
Hiddenbrook,Week3,Fox Hunt,Week5,255.0 Fox Hunt - 147.0 Hiddenbrook
Herndon,Week3,Donaldson Run,Week3,370.0 Donaldson Run - 32.0 Herndon
Herndon,Week5,Hayfield Farm,Week2,327.0 Hayfield Farm - 75.0 Herndon
Herndon,Week5,Overlee,Week5,393.0 Overlee - 9.0 Herndon
Herndon,Week4,Hayfield Farm,Week4,332.0 Hayfield Farm - 70.0 Herndon
Hayfield Farm,Week3,Ilda Community,Week5,293.0 Hayfield Farm - 109.0 Ilda Community
Hayfield Farm,Week2,Ilda Community,Week3,275.0 Hayfield Farm - 127.0 Ilda Community
Hiddenbrook,Week4,Fox Hunt,Week2,217.0 Fox Hunt - 179.0 Hiddenbrook
Hiddenbrook,Week4,Fox Hunt,Week4,228.0 Fox Hunt - 174.0 Hiddenbrook
Herndon,Week2,Herndon,Week5,209.0 Herndon (H2) - 186.0 Herndon (H1)
Hayfield Farm,Week4,Ilda Community,Week5,277.0 Hayfield Farm - 125.0 Ilda Community
Hayfield Farm,Week3,Lake Braddock,Week3,293.0 Hayfield Farm - 108.0 Lake Braddock
Herndon,Week1,Parklawn,Week3,256.0 Parklawn - 142.0 Herndon
Hiddenbrook,Week4,Fairfax Club Estates,Week4,208.0 Fairfax Club Estates - 194.0 Hiddenbrook
Herndon,Week3,Herndon,Week4,213.0 Herndon (H1) - 186.0 Herndon (H2)
Hiddenbrook,Week4,Fairfax Club Estates,Week3,210.0 Hiddenbrook - 191.0 Fairfax Club Estates
Herndon,Week1,Parklawn,Week5,263.0 Parklawn - 134.0 Herndon
Herndon,Week4,Stratford,Week5,286.0 Stratford - 115.0 Herndon
Hayfield Farm,Week4,Ilda Community,Week1,275.0 Hayfield Farm - 127.0 Ilda Community
Hiddenbrook,Week4,Fairfax Club Estates,Week2,223.0 Hiddenbrook - 178.0 Fairfax Club Estates
Hiddenbrook,Week1,Fox Hunt,Week3,256.0 Fox Hunt - 146.0 Hiddenbrook
Hiddenbrook,Week3,Fox Hunt,Week4,240.0 Fox Hunt - 162.0 Hiddenbrook
Hayfield Farm,Week3,Lakeview,Week3,292.0 Hayfield Farm - 110.0 Lakeview
Herndon,Week2,Herndon,Week4,203.0 Herndon (H2) - 193.0 Herndon (H1)
Herndon,Week1,Parklawn,Week2,255.0 Parklawn - 140.0 Herndon
Herndon,Week1,Stratford,Week2,273.0 Stratford - 123.0 Herndon
Herndon,Week2,Stratford,Week4,292.0 Stratford - 110.0 Herndon
Herndon,Week2,Herndon,Week2,193.5 Herndon (H1) - 193.5 Herndon (H2)
Hiddenbrook,Week1,Fairfax Club Estates,Week5,203.0 Fairfax Club Estates - 195.0 Hiddenbrook
Hayfield Farm,Week2,Lake Braddock,Week1,323.0 Hayfield Farm - 79.0 Lake Braddock
Hayfield Farm,Week4,Ilda Community,Week2,298.0 Hayfield Farm - 104.0 Ilda Community
Herndon,Week5,Parklawn,Week2,252.0 Parklawn - 147.0 Herndon
Herndon,Week3,Stratford,Week2,271.0 Stratford - 126.0 Herndon
Hayfield Farm,Week4,Lake Braddock,Week1,323.0 Hayfield Farm - 79.0 Lake Braddock
Hayfield Farm,Week5,Lake Braddock,Week1,312.0 Hayfield Farm - 90.0 Lake Braddock
Herndon,Week4,Parklawn,Week3,248.0 Parklawn - 154.0 Herndon
Hiddenbrook,Week5,Fox Hunt,Week1,206.0 Fox Hunt - 196.0 Hiddenbrook
Herndon,Week2,Parliament,Week5,284.0 Parliament - 111.0 Herndon
Hayfield Farm,Week4,Lake Braddock,Week4,317.0 Hayfield Farm - 85.0 Lake Braddock
Hayfield Farm,Week5,Ilda Community,Week1,265.0 Hayfield Farm - 137.0 Ilda Community
Hiddenbrook,Week3,Fox Hunt,Week2,226.5 Fox Hunt - 174.5 Hiddenbrook
Hiddenbrook,Week1,Fairfax Club Estates,Week2,217.0 Hiddenbrook - 184.0 Fairfax Club Estates
Hayfield Farm,Week5,Lake Braddock,Week2,296.0 Hayfield Farm - 106.0 Lake Braddock
Hayfield Farm,Week5,Ilda Community,Week2,278.0 Hayfield Farm - 124.0 Ilda Community
Hiddenbrook,Week3,Fairfax Club Estates,Week5,217.0 Hiddenbrook - 180.0 Fairfax Club Estates
Herndon,Week4,Herndon,Week1,207.5 Herndon (H1) - 188.5 Herndon (H2)
Hiddenbrook,Week3,Fairfax Club Estates,Week4,203.0 Fairfax Club Estates - 199.0 Hiddenbrook
Herndon,Week1,Stratford,Week5,284.0 Stratford - 115.0 Herndon
Herndon,Week4,Herndon,Week4,198.0 Herndon (H1) - 198.0 Herndon (H2)
Hayfield Farm,Week2,Lake Braddock,Week5,288.0 Hayfield Farm - 114.0 Lake Braddock
Herndon,Week1,Stratford,Week1,247.0 Stratford - 154.0 Herndon
Herndon,Week4,Herndon,Week2,203.0 Herndon (H1) - 193.0 Herndon (H2)
Hiddenbrook,Week5,Fox Hunt,Week3,239.0 Fox Hunt - 163.0 Hiddenbrook
Herndon,Week3,Parklawn,Week4,259.5 Parklawn - 138.5 Herndon
Hiddenbrook,Week5,Fox Hunt,Week4,213.0 Fox Hunt - 189.0 Hiddenbrook
Hayfield Farm,Week4,Lake Braddock,Week5,292.0 Hayfield Farm - 110.0 Lake Braddock
Herndon,Week5,Herndon,Week1,212.0 Herndon (H1) - 181.0 Herndon (H2)
Hiddenbrook,Week1,Fox Mill Estates,Week2,233.0 Fox Mill Estates - 169.0 Hiddenbrook
Herndon,Week4,Herndon,Week5,223.0 Herndon (H2) - 173.0 Herndon (H1)
Hiddenbrook,Week5,Fairfax Club Estates,Week1,221.0 Hiddenbrook - 181.0 Fairfax Club Estates
Hayfield Farm,Week4,Ilda Community,Week3,276.0 Hayfield Farm - 126.0 Ilda Community
Herndon,Week2,Stratford,Week3,269.0 Stratford - 133.0 Herndon
Herndon,Week4,Stratford,Week2,273.0 Stratford - 129.0 Herndon
Herndon,Week5,Parklawn,Week3,245.0 Parklawn - 156.0 Herndon
Hiddenbrook,Week2,Fairfax Club Estates,Week5,238.0 Fairfax Club Estates - 154.0 Hiddenbrook
Hayfield Farm,Week4,Ilda Community,Week4,258.0 Hayfield Farm - 144.0 Ilda Community
Hayfield Farm,Week5,Ilda Community,Week3,270.0 Hayfield Farm - 132.0 Ilda Community
Herndon,Week5,Stratford,Week1,253.0 Stratford - 148.0 Herndon
Hayfield Farm,Week3,Lake Braddock,Week2,301.0 Hayfield Farm - 100.0 Lake Braddock
Hayfield Farm,Week3,Lake Braddock,Week4,304.0 Hayfield Farm - 97.0 Lake Braddock
Herndon,Week4,Hiddenbrook,Week1,272.0 Hiddenbrook - 129.0 Herndon
Herndon,Week2,Parliament,Week4,290.0 Parliament - 106.0 Herndon
Hiddenbrook,Week5,Fairfax Station,Week3,282.0 Fairfax Station - 120.0 Hiddenbrook
Hiddenbrook,Week5,Fox Hunt,Week2,212.0 Fox Hunt - 190.0 Hiddenbrook
Herndon,Week5,Stratford,Week3,275.5 Stratford - 126.5 Herndon
Herndon,Week2,Parklawn,Week5,253.0 Parklawn - 147.0 Herndon
Herndon,Week3,Hiddenbrook,Week2,240.0 Hiddenbrook - 151.0 Herndon
Herndon,Week2,Sully Station,Week2,339.0 Sully Station - 58.0 Herndon
Hayfield Farm,Week3,Ilda Community,Week2,286.0 Hayfield Farm - 116.0 Ilda Community
Herndon,Week5,Stratford,Week2,268.0 Stratford - 134.0 Herndon
Hiddenbrook,Week1,Forest Hollow,Week3,276.0 Forest Hollow - 126.0 Hiddenbrook
Herndon,Week4,Parklawn,Week2,248.0 Parklawn - 152.0 Herndon
Herndon,Week4,Hiddenbrook,Week4,290.0 Hiddenbrook - 111.0 Herndon
Herndon,Week5,Herndon,Week4,223.0 Herndon (H1) - 173.0 Herndon (H2)
Hayfield Farm,Week1,Ilda Community,Week3,270.0 Hayfield Farm - 132.0 Ilda Community
Hiddenbrook,Week4,Fox Hunt,Week5,262.0 Fox Hunt - 140.0 Hiddenbrook
Herndon,Week1,Sully Station,Week4,357.0 Sully Station - 45.0 Herndon
Hayfield Farm,Week1,Lake Braddock,Week5,280.0 Hayfield Farm - 122.0 Lake Braddock
Herndon,Week2,Hiddenbrook,Week4,288.0 Hiddenbrook - 113.0 Herndon
Hiddenbrook,Week1,Forest Hollow,Week1,249.0 Forest Hollow - 153.0 Hiddenbrook
Hayfield Farm,Week5,Ilda Community,Week5,279.0 Hayfield Farm - 123.0 Ilda Community
Hiddenbrook,Week5,Fairfax Station,Week2,267.0 Fairfax Station - 135.0 Hiddenbrook
Hayfield Farm,Week2,Lake Braddock,Week3,291.0 Hayfield Farm - 111.0 Lake Braddock
Herndon,Week4,Parklawn,Week5,258.0 Parklawn - 144.0 Herndon
Herndon,Week4,Parklawn,Week1,207.0 Parklawn - 185.0 Herndon
Herndon,Week4,Parklawn,Week4,256.0 Parklawn - 146.0 Herndon
Hayfield Farm,Week5,Ilda Community,Week4,252.0 Hayfield Farm - 150.0 Ilda Community
Hayfield Farm,Week1,Ilda Community,Week5,268.0 Hayfield Farm - 134.0 Ilda Community
Hiddenbrook,Week2,Fox Hunt,Week3,287.0 Fox Hunt - 114.0 Hiddenbrook
Herndon,Week2,Sully Station II,Week1,314.0 Sully Station II - 86.0 Herndon
Herndon,Week5,Parklawn,Week4,260.0 Parklawn - 140.0 Herndon
Hiddenbrook,Week1,Fox Mill Estates,Week1,204.0 Fox Mill Estates - 198.0 Hiddenbrook
Herndon,Week1,Sully Station,Week1,341.0 Sully Station - 59.0 Herndon
Hayfield Farm,Week5,Hunter Mill,Week5,265.0 Hunter Mill - 137.0 Hayfield Farm
Herndon,Week5,Parklawn,Week1,211.0 Parklawn - 179.0 Herndon
Hayfield Farm,Week5,Lake Braddock,Week3,302.0 Hayfield Farm - 100.0 Lake Braddock
Herndon,Week3,Parklawn,Week2,257.0 Parklawn - 139.0 Herndon
Herndon,Week3,Stratford,Week3,296.0 Stratford - 106.0 Herndon
Hayfield Farm,Week1,Lakevale Estates,Week5,297.0 Lakevale Estates - 105.0 Hayfield Farm
Hiddenbrook,Week5,Fairfax Club Estates,Week5,236.0 Hiddenbrook - 165.0 Fairfax Club Estates
Hayfield Farm,Week1,Lakevale Estates,Week3,282.0 Lakevale Estates - 120.0 Hayfield Farm
Herndon,Week1,Sully Station,Week5,363.0 Sully Station - 39.0 Herndon
Hiddenbrook,Week3,Fox Hunt,Week1,225.0 Fox Hunt - 177.0 Hiddenbrook
Hiddenbrook,Week2,Fox Hunt,Week2,261.0 Fox Hunt - 135.0 Hiddenbrook
Hiddenbrook,Week5,Fox Mill Estates,Week3,211.5 Hiddenbrook - 190.5 Fox Mill Estates
Hayfield Farm,Week1,Lakevale Estates,Week1,259.0 Lakevale Estates - 143.0 Hayfield Farm
Hiddenbrook,Week5,Fox Hunt,Week5,241.0 Fox Hunt - 161.0 Hiddenbrook
Hiddenbrook,Week1,Fairfax Station,Week2,292.0 Fairfax Station - 110.0 Hiddenbrook
Hiddenbrook,Week2,Fox Hunt,Week1,265.0 Fox Hunt - 132.0 Hiddenbrook
Herndon,Week2,Parklawn,Week2,251.0 Parklawn - 148.0 Herndon
Hiddenbrook,Week4,Fairfax Station,Week3,311.0 Fairfax Station - 91.0 Hiddenbrook
Herndon,Week1,High Point Pool,Week2,345.0 High Point Pool - 57.0 Herndon
Herndon,Week1,Sully Station II,Week4,329.0 Sully Station II - 73.0 Herndon
Hiddenbrook,Week1,Forest Hollow,Week5,290.0 Forest Hollow - 112.0 Hiddenbrook
Hiddenbrook,Week1,Fox Hunt,Week4,228.0 Fox Hunt - 174.0 Hiddenbrook
Hayfield Farm,Week5,Lake Braddock,Week4,305.0 Hayfield Farm - 97.0 Lake Braddock
Herndon,Week1,Hiddenbrook,Week2,241.0 Hiddenbrook - 148.0 Herndon
Hiddenbrook,Week3,Fairfax Station,Week4,268.0 Fairfax Station - 134.0 Hiddenbrook
Hayfield Farm,Week5,Lake Braddock,Week5,285.0 Hayfield Farm - 117.0 Lake Braddock
Herndon,Week3,Hiddenbrook,Week1,282.5 Hiddenbrook - 117.5 Herndon
Herndon,Week1,Sully Station,Week2,333.0 Sully Station - 63.0 Herndon
Hiddenbrook,Week2,Fairfax Station,Week3,340.0 Fairfax Station - 62.0 Hiddenbrook
Herndon,Week5,Hiddenbrook,Week5,298.0 Hiddenbrook - 104.0 Herndon
Hayfield Farm,Week2,Lake Braddock,Week4,307.0 Hayfield Farm - 95.0 Lake Braddock
Herndon,Week2,High Point Pool,Week1,321.0 High Point Pool - 81.0 Herndon
Herndon,Week2,Sully Station II,Week5,351.0 Sully Station II - 51.0 Herndon
Hiddenbrook,Week1,Fox Hunt,Week5,269.0 Fox Hunt - 133.0 Hiddenbrook
Hiddenbrook,Week4,Fox Hunt,Week1,219.0 Fox Hunt - 178.0 Hiddenbrook
Herndon,Week5,Parklawn,Week5,265.0 Parklawn - 136.0 Herndon
Hayfield Farm,Week3,Lakevale Estates,Week3,266.0 Lakevale Estates - 136.0 Hayfield Farm
Herndon,Week1,High Point Pool,Week3,342.0 High Point Pool - 59.0 Herndon
Hayfield Farm,Week4,Mantua,Week2,229.0 Mantua - 173.0 Hayfield Farm
Herndon,Week1,Parliament,Week1,290.0 Parliament - 102.0 Herndon
Hayfield Farm,Week2,Lakevale Estates,Week2,276.0 Lakevale Estates - 126.0 Hayfield Farm
Herndon,Week3,Hiddenbrook,Week5,308.0 Hiddenbrook - 94.0 Herndon
Hayfield Farm,Week2,Mantua,Week1,248.0 Mantua - 154.0 Hayfield Farm
Hiddenbrook,Week1,Fairfax Station,Week3,295.0 Fairfax Station - 107.0 Hiddenbrook
Hiddenbrook,Week4,Fairfax Station,Week5,314.0 Fairfax Station - 88.0 Hiddenbrook
Herndon,Week2,Sully Station II,Week4,326.0 Sully Station II - 76.0 Herndon
Herndon,Week3,Parklawn,Week1,210.0 Parklawn - 182.0 Herndon
Hayfield Farm,Week2,Lakevale Estates,Week4,293.0 Lakevale Estates - 109.0 Hayfield Farm
Hayfield Farm,Week3,Mantua,Week3,257.0 Mantua - 145.0 Hayfield Farm
Hiddenbrook,Week4,Fairfax Station,Week1,285.0 Fairfax Station - 117.0 Hiddenbrook
Hiddenbrook,Week3,Fairfax Station,Week1,281.0 Fairfax Station - 121.0 Hiddenbrook
Herndon,Week3,Sully Station II,Week3,354.0 Sully Station II - 48.0 Herndon
Hiddenbrook,Week2,Fairfax Station,Week2,332.0 Fairfax Station - 70.0 Hiddenbrook
Hayfield Farm,Week5,Mantua,Week2,236.0 Mantua - 166.0 Hayfield Farm
Herndon,Week3,Parklawn,Week5,270.0 Parklawn - 128.0 Herndon
Hayfield Farm,Week4,Lakevale Estates,Week3,277.0 Lakevale Estates - 125.0 Hayfield Farm
Hayfield Farm,Week5,Lakevale Estates,Week2,276.0 Lakevale Estates - 126.0 Hayfield Farm
Hayfield Farm,Week1,Mantua,Week4,252.0 Mantua - 150.0 Hayfield Farm
Herndon,Week2,Sully Station,Week4,344.0 Sully Station - 58.0 Herndon
Herndon,Week4,Hiddenbrook,Week3,285.0 Hiddenbrook - 116.0 Herndon
Herndon,Week2,Hiddenbrook,Week3,291.5 Hiddenbrook - 109.5 Herndon
Herndon,Week3,Sully Station,Week2,333.0 Sully Station - 64.0 Herndon
Herndon,Week1,Parliament,Week2,279.0 Parliament - 114.0 Herndon
Hiddenbrook,Week1,Fairfax Station,Week5,303.0 Fairfax Station - 99.0 Hiddenbrook
Hiddenbrook,Week1,Fox Mill Estates,Week4,259.0 Fox Mill Estates - 142.0 Hiddenbrook
Herndon,Week2,Hiddenbrook,Week1,276.0 Hiddenbrook - 125.0 Herndon
Herndon,Week3,High Point Pool,Week4,335.0 High Point Pool - 67.0 Herndon
Herndon,Week1,Sully Station II,Week1,330.5 Sully Station II - 70.5 Herndon
Hiddenbrook,Week4,Fox Hunt,Week3,259.0 Fox Hunt - 138.0 Hiddenbrook
Herndon,Week2,Parklawn,Week4,260.0 Parklawn - 141.0 Herndon
Hiddenbrook,Week2,Fox Mill Estates,Week2,264.0 Fox Mill Estates - 138.0 Hiddenbrook
Hayfield Farm,Week2,Lakevale Estates,Week5,287.0 Lakevale Estates - 115.0 Hayfield Farm
Hayfield Farm,Week5,Mansion House,Week5,245.0 Mansion House - 157.0 Hayfield Farm
Hiddenbrook,Week4,Fairfax Station,Week4,286.0 Fairfax Station - 116.0 Hiddenbrook
Hayfield Farm,Week4,Mansion House,Week5,229.0 Mansion House - 173.0 Hayfield Farm
Hayfield Farm,Week4,Lakevale Estates,Week2,283.0 Lakevale Estates - 119.0 Hayfield Farm
Hiddenbrook,Week3,Fox Mill Estates,Week2,204.0 Fox Mill Estates - 198.0 Hiddenbrook
Herndon,Week3,Sully Station,Week5,354.0 Sully Station - 48.0 Herndon
Hayfield Farm,Week3,Mantua,Week1,220.0 Mantua - 181.0 Hayfield Farm
Herndon,Week3,Sully Station,Week4,351.0 Sully Station - 51.0 Herndon
Herndon,Week1,Parliament,Week5,293.0 Parliament - 99.0 Herndon
Herndon,Week5,Herndon,Week5,196.0 Herndon (H1) - 196.0 Herndon (H2)
Hiddenbrook,Week5,Fairfax Station,Week1,268.0 Fairfax Station - 134.0 Hiddenbrook
Hiddenbrook,Week2,Fox Mill Estates,Week1,248.0 Fox Mill Estates - 153.0 Hiddenbrook
Hayfield Farm,Week2,Mantua,Week4,248.0 Mantua - 154.0 Hayfield Farm
Herndon,Week1,Parliament,Week4,290.0 Parliament - 105.0 Herndon
Herndon,Week2,Hiddenbrook,Week2,254.0 Hiddenbrook - 136.0 Herndon
Herndon,Week5,Sully Station,Week3,342.0 Sully Station - 59.0 Herndon
Hiddenbrook,Week2,Fairfax Station,Week1,316.0 Fairfax Station - 86.0 Hiddenbrook
Herndon,Week3,Parklawn,Week3,254.0 Parklawn - 144.0 Herndon
Hiddenbrook,Week3,Fairfax Station,Week3,291.0 Fairfax Station - 111.0 Hiddenbrook
Herndon,Week4,Sully Station,Week5,353.0 Sully Station - 49.0 Herndon
Hiddenbrook,Week4,Fox Mill Estates,Week2,214.0 Fox Mill Estates - 188.0 Hiddenbrook
Hayfield Farm,Week1,Mantua,Week3,272.0 Mantua - 130.0 Hayfield Farm
Herndon,Week1,Parliament,Week3,296.0 Parliament - 106.0 Herndon
Hayfield Farm,Week3,Mantua,Week2,212.0 Mantua - 190.0 Hayfield Farm
Hayfield Farm,Week5,Lakevale Estates,Week4,296.0 Lakevale Estates - 106.0 Hayfield Farm
Hayfield Farm,Week3,Mantua,Week4,235.0 Mantua - 167.0 Hayfield Farm
Herndon,Week2,Parliament,Week3,290.0 Parliament - 112.0 Herndon
Herndon,Week2,Sully Station,Week3,338.0 Sully Station - 63.0 Herndon
Hiddenbrook,Week3,Fox Mill Estates,Week3,213.0 Fox Mill Estates - 189.0 Hiddenbrook
Hayfield Farm,Week5,Lakevale Estates,Week3,281.0 Lakevale Estates - 121.0 Hayfield Farm
Hiddenbrook,Week3,Fox Mill Estates,Week1,212.0 Hiddenbrook - 190.0 Fox Mill Estates
Hayfield Farm,Week5,Lakevale Estates,Week5,292.0 Lakevale Estates - 110.0 Hayfield Farm
Herndon,Week2,Hiddenbrook,Week5,302.0 Hiddenbrook - 100.0 Herndon
Herndon,Week1,Hiddenbrook,Week4,292.0 Hiddenbrook - 109.0 Herndon
Hayfield Farm,Week4,Mansion House,Week4,213.0 Mansion House - 189.0 Hayfield Farm
Hayfield Farm,Week4,Lakevale Estates,Week5,286.0 Lakevale Estates - 116.0 Hayfield Farm
Hiddenbrook,Week2,Fairfax Station,Week4,316.0 Fairfax Station - 86.0 Hiddenbrook
Herndon,Week4,Sully Station,Week2,338.0 Sully Station - 64.0 Herndon
Herndon,Week2,Parliament,Week1,284.0 Parliament - 111.0 Herndon
Hayfield Farm,Week5,Lakevale Estates,Week1,268.0 Lakevale Estates - 134.0 Hayfield Farm
Hayfield Farm,Week4,Lakevale Estates,Week1,268.0 Lakevale Estates - 134.0 Hayfield Farm
Hiddenbrook,Week1,Fairfax Station,Week1,282.0 Fairfax Station - 120.0 Hiddenbrook
Hiddenbrook,Week4,Fox Mill Estates,Week1,207.0 Hiddenbrook - 195.0 Fox Mill Estates
Herndon,Week3,Sully Station,Week1,340.0 Sully Station - 62.0 Herndon
Hiddenbrook,Week2,Fox Mill Estates,Week5,269.0 Fox Mill Estates - 132.0 Hiddenbrook
Hiddenbrook,Week3,Fairfax Station,Week5,298.0 Fairfax Station - 104.0 Hiddenbrook
Herndon,Week1,Hiddenbrook,Week5,304.0 Hiddenbrook - 98.0 Herndon
Herndon,Week1,High Point Pool,Week4,325.0 High Point Pool - 77.0 Herndon
Herndon,Week2,Parklawn,Week3,245.0 Parklawn - 156.0 Herndon
Herndon,Week4,Hiddenbrook,Week5,306.0 Hiddenbrook - 96.0 Herndon
Herndon,Week4,Sully Station,Week4,361.0 Sully Station - 41.0 Herndon
Herndon,Week1,Pinecrest,Week1,343.0 Pinecrest - 58.0 Herndon
Herndon,Week2,Parliament,Week2,277.0 Parliament - 116.0 Herndon
Hiddenbrook,Week4,Fox Mill Estates,Week5,222.0 Fox Mill Estates - 180.0 Hiddenbrook
Hiddenbrook,Week4,Fox Mill Estates,Week4,247.0 Fox Mill Estates - 155.0 Hiddenbrook
Hayfield Farm,Week3,Lakevale Estates,Week1,250.0 Lakevale Estates - 152.0 Hayfield Farm
Hiddenbrook,Week1,Fairfax Station,Week4,285.0 Fairfax Station - 117.0 Hiddenbrook
Hayfield Farm,Week3,Mantua,Week5,257.0 Mantua - 145.0 Hayfield Farm
Hiddenbrook,Week2,Fairfax Station,Week5,341.0 Fairfax Station - 61.0 Hiddenbrook
Hayfield Farm,Week1,Lakeview,Week1,295.0 Hayfield Farm - 107.0 Lakeview
Herndon,Week2,Pinecrest,Week4,354.0 Pinecrest - 48.0 Herndon
Hayfield Farm,Week3,Lakevale Estates,Week2,253.0 Lakevale Estates - 149.0 Hayfield Farm
Hayfield Farm,Week2,Mantua,Week2,231.0 Mantua - 171.0 Hayfield Farm
Hayfield Farm,Week3,Lakevale Estates,Week4,276.0 Lakevale Estates - 126.0 Hayfield Farm
Hayfield Farm,Week5,Mansion House,Week2,228.5 Mansion House - 173.5 Hayfield Farm
Hiddenbrook,Week3,Fairfax Station,Week2,279.0 Fairfax Station - 118.0 Hiddenbrook
Herndon,Week5,Sully Station,Week1,342.0 Sully Station - 59.0 Herndon
Herndon,Week4,Parliament,Week2,270.0 Parliament - 132.0 Herndon
Herndon,Week3,Hiddenbrook,Week4,285.0 Hiddenbrook - 117.0 Herndon
Hiddenbrook,Week3,Fox Mill Estates,Week4,244.5 Fox Mill Estates - 157.5 Hiddenbrook
Herndon,Week3,Hiddenbrook,Week3,284.0 Hiddenbrook - 113.0 Herndon
Hayfield Farm,Week5,Mansion House,Week4,215.0 Mansion House - 187.0 Hayfield Farm
Hiddenbrook,Week4,Fairfax Station,Week2,288.0 Fairfax Station - 114.0 Hiddenbrook
Hiddenbrook,Week4,Fox Mill Estates,Week3,227.0 Fox Mill Estates - 175.0 Hiddenbrook
Herndon,Week1,Hiddenbrook,Week3,293.0 Hiddenbrook - 108.0 Herndon
Herndon,Week1,Hiddenbrook,Week1,283.0 Hiddenbrook - 116.0 Herndon
Herndon,Week1,Sully Station II,Week2,348.0 Sully Station II - 53.0 Herndon
Herndon,Week4,Pinecrest,Week1,344.0 Pinecrest - 58.0 Herndon
Herndon,Week4,Sully Station,Week3,345.0 Sully Station - 56.0 Herndon
Hiddenbrook,Week1,Fox Mill Estates,Week5,229.0 Fox Mill Estates - 173.0 Hiddenbrook
Hiddenbrook,Week5,Fox Mill Estates,Week2,220.0 Hiddenbrook - 182.0 Fox Mill Estates
Hiddenbrook,Week3,Fox Mill Estates,Week5,219.0 Fox Mill Estates - 183.0 Hiddenbrook
Herndon,Week4,Hiddenbrook,Week2,241.0 Hiddenbrook - 155.0 Herndon
Hayfield Farm,Week1,Lakeview,Week4,262.0 Hayfield Farm - 140.0 Lakeview
Herndon,Week3,Pinecrest,Week4,363.0 Pinecrest - 39.0 Herndon
Herndon,Week5,Hiddenbrook,Week1,280.0 Hiddenbrook - 121.0 Herndon
Hiddenbrook,Week5,Fairfax Station,Week5,282.0 Fairfax Station - 120.0 Hiddenbrook
Hiddenbrook,Week5,Fairfax Station,Week4,264.5 Fairfax Station - 137.5 Hiddenbrook
Herndon,Week3,Sully Station,Week3,339.0 Sully Station - 63.0 Herndon
Hayfield Farm,Week1,Lakeview,Week3,289.0 Hayfield Farm - 113.0 Lakeview
Hayfield Farm,Week1,Mantua,Week5,270.0 Mantua - 132.0 Hayfield Farm
Hayfield Farm,Week1,Mantua,Week1,254.5 Mantua - 147.5 Hayfield Farm
Herndon,Week5,Sully Station,Week5,351.0 Sully Station - 51.0 Herndon
Herndon,Week1,Sully Station II,Week3,350.0 Sully Station II - 52.0 Herndon
Herndon,Week3,Pinecrest,Week2,357.0 Pinecrest - 45.0 Herndon
Hayfield Farm,Week1,Lakeview,Week2,306.0 Hayfield Farm - 96.0 Lakeview
Herndon,Week4,Pinecrest,Week3,358.0 Pinecrest - 44.0 Herndon
Hiddenbrook,Week5,Fox Mill Estates,Week1,230.0 Hiddenbrook - 172.0 Fox Mill Estates
Hiddenbrook,Week1,Forest Hollow,Week2,260.0 Forest Hollow - 142.0 Hiddenbrook
Herndon,Week5,Hiddenbrook,Week2,234.0 Hiddenbrook - 162.0 Herndon
Hayfield Farm,Week2,Mantua,Week5,266.0 Mantua - 136.0 Hayfield Farm
Herndon,Week2,Sully Station II,Week2,341.0 Sully Station II - 60.0 Herndon
Herndon,Week1,High Point Pool,Week5,333.0 High Point Pool - 64.0 Herndon
Herndon,Week2,High Point Pool,Week4,334.0 High Point Pool - 68.0 Herndon
Herndon,Week1,Pinecrest,Week5,353.0 Pinecrest - 48.0 Herndon
Hiddenbrook,Week2,Forest Hollow,Week5,291.0 Forest Hollow - 110.0 Hiddenbrook
Herndon,Week5,Sully Station,Week4,353.0 Sully Station - 49.0 Herndon
Hayfield Farm,Week4,Mansion House,Week3,234.0 Mansion House - 168.0 Hayfield Farm
Hiddenbrook,Week3,Forest Hollow,Week2,246.0 Forest Hollow - 156.0 Hiddenbrook
Herndon,Week2,Sully Station,Week5,350.0 Sully Station - 52.0 Herndon
Hayfield Farm,Week4,Lakevale Estates,Week4,294.0 Lakevale Estates - 108.0 Hayfield Farm
Hayfield Farm,Week5,Mansion House,Week1,238.0 Mansion House - 164.0 Hayfield Farm
Hiddenbrook,Week1,Fox Mill Woods,Week3,288.0 Fox Mill Woods - 114.0 Hiddenbrook
Hayfield Farm,Week5,Mansion House,Week3,233.0 Mansion House - 169.0 Hayfield Farm
Herndon,Week5,Parliament,Week5,289.0 Parliament - 113.0 Herndon
Herndon,Week4,Sully Station,Week1,341.0 Sully Station - 60.0 Herndon
Herndon,Week5,Parliament,Week2,272.0 Parliament - 130.0 Herndon
Hiddenbrook,Week4,Forest Hollow,Week5,261.0 Forest Hollow - 141.0 Hiddenbrook
Hiddenbrook,Week2,Fox Mill Estates,Week3,266.0 Fox Mill Estates - 135.0 Hiddenbrook
Hayfield Farm,Week1,Lakeview,Week5,280.0 Hayfield Farm - 113.0 Lakeview
Hiddenbrook,Week2,Fox Mill Estates,Week4,290.0 Fox Mill Estates - 110.0 Hiddenbrook
Hiddenbrook,Week1,Fox Mill Woods,Week4,301.0 Fox Mill Woods - 101.0 Hiddenbrook
Hayfield Farm,Week1,Mantua,Week2,223.0 Mantua - 179.0 Hayfield Farm
Hayfield Farm,Week4,Mantua,Week1,242.5 Mantua - 159.5 Hayfield Farm
Herndon,Week1,Sully Station II,Week5,354.0 Sully Station II - 48.0 Herndon
Herndon,Week2,High Point Pool,Week3,331.0 High Point Pool - 70.0 Herndon
Herndon,Week5,Sully Station,Week2,333.0 Sully Station - 69.0 Herndon
Hiddenbrook,Week2,Forest Hollow,Week4,300.0 Forest Hollow - 101.0 Hiddenbrook
Hiddenbrook,Week1,Forest Hollow,Week4,281.0 Forest Hollow - 121.0 Hiddenbrook
Herndon,Week4,Parliament,Week4,286.5 Parliament - 115.5 Herndon
Herndon,Week2,High Point Pool,Week2,342.5 High Point Pool - 59.5 Herndon
Herndon,Week5,Hiddenbrook,Week4,286.0 Hiddenbrook - 115.0 Herndon
Hayfield Farm,Week1,Parklawn,Week4,238.0 Hayfield Farm - 164.0 Parklawn
Herndon,Week5,Parliament,Week1,291.0 Parliament - 111.0 Herndon
Hiddenbrook,Week5,Fox Mill Estates,Week4,209.0 Fox Mill Estates - 193.0 Hiddenbrook
Herndon,Week5,Hiddenbrook,Week3,281.0 Hiddenbrook - 120.0 Herndon
Herndon,Week5,Parliament,Week4,289.0 Parliament - 113.0 Herndon
Hayfield Farm,Week2,Lakeview,Week1,303.0 Hayfield Farm - 99.0 Lakeview
Hiddenbrook,Week2,Fox Mill Woods,Week2,304.0 Fox Mill Woods - 98.0 Hiddenbrook
Hayfield Farm,Week5,Parklawn,Week5,238.0 Hayfield Farm - 164.0 Parklawn
Herndon,Week1,High Point Pool,Week1,322.0 High Point Pool - 80.0 Herndon
Hayfield Farm,Week3,Lakevale Estates,Week5,273.0 Lakevale Estates - 129.0 Hayfield Farm
Hiddenbrook,Week5,Forest Hollow,Week1,225.0 Forest Hollow - 177.0 Hiddenbrook
Hayfield Farm,Week4,Mantua,Week3,266.0 Mantua - 136.0 Hayfield Farm
Hayfield Farm,Week2,Mantua,Week3,279.0 Mantua - 123.0 Hayfield Farm
Herndon,Week2,Sully Station II,Week3,342.0 Sully Station II - 60.0 Herndon
Hiddenbrook,Week2,Fox Mill Woods,Week5,328.0 Fox Mill Woods - 73.0 Hiddenbrook
Hayfield Farm,Week2,Parklawn,Week3,272.0 Hayfield Farm - 130.0 Parklawn
Herndon,Week2,Pinecrest,Week3,361.5 Pinecrest - 40.5 Herndon
Hiddenbrook,Week4,Forest Hollow,Week2,230.0 Forest Hollow - 172.0 Hiddenbrook
Herndon,Week3,High Point Pool,Week1,320.0 High Point Pool - 82.0 Herndon
Herndon,Week2,High Point Pool,Week5,337.0 High Point Pool - 64.0 Herndon
Hiddenbrook,Week1,Fox Mill Woods,Week1,296.0 Fox Mill Woods - 106.0 Hiddenbrook
Hayfield Farm,Week2,Parklawn,Week5,249.0 Hayfield Farm - 153.0 Parklawn
Hayfield Farm,Week3,McLean,Week4,271.0 McLean - 131.0 Hayfield Farm
Hiddenbrook,Week5,Forest Hollow,Week2,224.0 Forest Hollow - 178.0 Hiddenbrook
Herndon,Week3,Sully Station II,Week1,323.0 Sully Station II - 78.0 Herndon
Hayfield Farm,Week4,Mantua,Week4,247.0 Mantua - 155.0 Hayfield Farm
Hayfield Farm,Week4,Mantua,Week5,280.0 Mantua - 122.0 Hayfield Farm
Hiddenbrook,Week2,Fox Mill Woods,Week1,321.0 Fox Mill Woods - 81.0 Hiddenbrook
Herndon,Week3,High Point Pool,Week2,344.0 High Point Pool - 58.0 Herndon
Hayfield Farm,Week1,Parklawn,Week5,243.0 Hayfield Farm - 159.0 Parklawn
Hiddenbrook,Week5,Forest Hollow,Week3,236.0 Forest Hollow - 166.0 Hiddenbrook
Hayfield Farm,Week5,Mantua,Week1,238.5 Mantua - 163.5 Hayfield Farm
Herndon,Week3,Truro,Week5,277.0 Truro - 119.0 Herndon
Herndon,Week4,Parliament,Week1,282.0 Parliament - 119.0 Herndon
Hiddenbrook,Week1,Fox Mill Woods,Week2,291.0 Fox Mill Woods - 111.0 Hiddenbrook
Herndon,Week3,Parliament,Week5,293.0 Parliament - 104.0 Herndon
Hiddenbrook,Week4,Forest Hollow,Week4,253.0 Forest Hollow - 149.0 Hiddenbrook
Herndon,Week4,Parliament,Week3,278.0 Parliament - 124.0 Herndon
Herndon,Week3,Sully Station II,Week2,347.0 Sully Station II - 54.0 Herndon
Hiddenbrook,Week2,Forest Hollow,Week3,288.0 Forest Hollow - 114.0 Hiddenbrook
Hayfield Farm,Week2,Parklawn,Week4,253.0 Hayfield Farm - 149.0 Parklawn
Herndon,Week3,High Point Pool,Week3,334.0 High Point Pool - 67.0 Herndon
Herndon,Week3,Sully Station II,Week4,334.0 Sully Station II - 68.0 Herndon
Herndon,Week3,Parliament,Week4,292.0 Parliament - 105.0 Herndon
Hiddenbrook,Week3,Fox Mill Woods,Week1,289.5 Fox Mill Woods - 112.5 Hiddenbrook
Hayfield Farm,Week3,Parklawn,Week4,260.0 Hayfield Farm - 142.0 Parklawn
Herndon,Week1,Truro,Week4,284.5 Truro - 116.5 Herndon
Herndon,Week2,Pinecrest,Week1,334.0 Pinecrest - 68.0 Herndon
Herndon,Week5,Sully Station II,Week1,323.0 Sully Station II - 77.0 Herndon
Hayfield Farm,Week2,McLean,Week3,313.0 McLean - 89.0 Hayfield Farm
Hiddenbrook,Week4,Forest Hollow,Week1,234.0 Forest Hollow - 168.0 Hiddenbrook
Herndon,Week3,High Point Pool,Week5,332.0 High Point Pool - 70.0 Herndon
Hiddenbrook,Week1,Fox Hunt,Week1,218.0 Fox Hunt - 184.0 Hiddenbrook
Herndon,Week4,High Point Pool,Week3,338.0 High Point Pool - 63.0 Herndon
Hiddenbrook,Week2,Fox Mill Woods,Week4,322.0 Fox Mill Woods - 80.0 Hiddenbrook
Hiddenbrook,Week5,Forest Hollow,Week4,248.0 Forest Hollow - 154.0 Hiddenbrook
Hayfield Farm,Week2,Parklawn,Week2,254.0 Hayfield Farm - 148.0 Parklawn
Hayfield Farm,Week4,Parklawn,Week1,286.0 Hayfield Farm - 107.0 Parklawn
Herndon,Week4,High Point Pool,Week2,346.0 High Point Pool - 56.0 Herndon
Herndon,Week1,Pinecrest,Week4,359.5 Pinecrest - 41.5 Herndon
Hayfield Farm,Week1,McLean,Week1,292.0 McLean - 110.0 Hayfield Farm
Hayfield Farm,Week5,McLean,Week3,305.0 McLean - 97.0 Hayfield Farm
Hiddenbrook,Week3,Fox Mill Woods,Week4,284.0 Fox Mill Woods - 118.0 Hiddenbrook
Herndon,Week4,High Point Pool,Week1,318.0 High Point Pool - 84.0 Herndon
Herndon,Week1,Pinecrest,Week2,356.0 Pinecrest - 45.0 Herndon
Hayfield Farm,Week3,Parklawn,Week2,272.0 Hayfield Farm - 130.0 Parklawn
Hiddenbrook,Week2,Fox Mill Woods,Week3,305.0 Fox Mill Woods - 97.0 Hiddenbrook
Herndon,Week2,Truro,Week4,296.0 Truro - 105.0 Herndon
Hayfield Farm,Week5,Mantua,Week4,250.0 Mantua - 152.0 Hayfield Farm
Herndon,Week5,Sully Station II,Week2,349.0 Sully Station II - 52.0 Herndon
Hiddenbrook,Week4,Forest Hollow,Week3,254.0 Forest Hollow - 148.0 Hiddenbrook
Hiddenbrook,Week5,Fox Mill Woods,Week4,271.0 Fox Mill Woods - 131.0 Hiddenbrook
Hiddenbrook,Week4,Great Falls,Week2,211.0 Great Falls - 167.0 Hiddenbrook
Hiddenbrook,Week3,Fox Mill Woods,Week2,288.0 Fox Mill Woods - 114.0 Hiddenbrook
Herndon,Week1,Truro,Week3,267.0 Truro - 132.0 Herndon
Herndon,Week2,Pinecrest,Week2,355.0 Pinecrest - 47.0 Herndon
Hiddenbrook,Week5,Forest Hollow,Week5,244.0 Forest Hollow - 158.0 Hiddenbrook
Hiddenbrook,Week5,Fox Mill Estates,Week5,214.0 Hiddenbrook - 188.0 Fox Mill Estates
Hayfield Farm,Week5,Parklawn,Week1,273.5 Hayfield Farm - 119.5 Parklawn
Hayfield Farm,Week5,Mantua,Week3,276.0 Mantua - 126.0 Hayfield Farm
Hayfield Farm,Week2,McLean,Week4,288.5 McLean - 113.5 Hayfield Farm
Hayfield Farm,Week3,McLean,Week2,279.0 McLean - 123.0 Hayfield Farm
Hayfield Farm,Week1,McLean,Week5,310.0 McLean - 92.0 Hayfield Farm
Herndon,Week1,Pinecrest,Week3,358.0 Pinecrest - 44.0 Herndon
Hayfield Farm,Week5,McLean,Week1,298.0 McLean - 104.0 Hayfield Farm
Hayfield Farm,Week4,Parklawn,Week3,280.0 Hayfield Farm - 122.0 Parklawn
Herndon,Week2,Truro,Week1,271.0 Truro - 131.0 Herndon
Herndon,Week3,Parliament,Week3,286.0 Parliament - 116.0 Herndon
Hayfield Farm,Week5,Parklawn,Week3,269.0 Hayfield Farm - 133.0 Parklawn
Herndon,Week4,Sully Station II,Week5,365.0 Sully Station II - 37.0 Herndon
Herndon,Week5,Parliament,Week3,278.0 Parliament - 124.0 Herndon
Hayfield Farm,Week4,Parklawn,Week5,259.0 Hayfield Farm - 143.0 Parklawn
Herndon,Week1,Tuckahoe,Week1,372.0 Tuckahoe - 30.0 Herndon
Hiddenbrook,Week2,Forest Hollow,Week1,285.0 Forest Hollow - 116.0 Hiddenbrook
Herndon,Week4,High Point Pool,Week4,342.0 High Point Pool - 60.0 Herndon
Hiddenbrook,Week3,Fox Mill Woods,Week5,288.0 Fox Mill Woods - 114.0 Hiddenbrook
Hayfield Farm,Week5,Parklawn,Week2,236.0 Hayfield Farm - 166.0 Parklawn
Herndon,Week3,Truro,Week2,261.0 Truro - 134.0 Herndon
Herndon,Week3,Parliament,Week2,276.0 Parliament - 120.0 Herndon
Hayfield Farm,Week5,Parklawn,Week4,246.0 Hayfield Farm - 156.0 Parklawn
Herndon,Week4,High Point Pool,Week5,336.0 High Point Pool - 65.0 Herndon
Hiddenbrook,Week3,Fox Mill Woods,Week3,275.0 Fox Mill Woods - 127.0 Hiddenbrook
Hayfield Farm,Week1,McLean,Week2,297.0 McLean - 105.0 Hayfield Farm
Hiddenbrook,Week3,Forest Hollow,Week4,275.0 Forest Hollow - 127.0 Hiddenbrook
Herndon,Week3,Parliament,Week1,289.0 Parliament - 107.0 Herndon
Herndon,Week3,Sully Station II,Week5,359.0 Sully Station II - 43.0 Herndon
Hiddenbrook,Week4,Fox Mill Woods,Week1,284.0 Fox Mill Woods - 118.0 Hiddenbrook
Hiddenbrook,Week1,Fox Hunt,Week2,222.0 Fox Hunt - 180.0 Hiddenbrook
Hiddenbrook,Week3,Forest Hollow,Week1,247.5 Forest Hollow - 154.5 Hiddenbrook
Hayfield Farm,Week4,Parklawn,Week2,262.0 Hayfield Farm - 140.0 Parklawn
Hayfield Farm,Week4,Parklawn,Week4,257.0 Hayfield Farm - 145.0 Parklawn
Hayfield Farm,Week4,McLean,Week2,299.0 McLean - 103.0 Hayfield Farm
Herndon,Week4,Parliament,Week5,290.0 Parliament - 111.0 Herndon
Hiddenbrook,Week2,Forest Hollow,Week2,276.0 Forest Hollow - 126.0 Hiddenbrook
Hiddenbrook,Week1,Fox Mill Woods,Week5,297.0 Fox Mill Woods - 105.0 Hiddenbrook
Herndon,Week2,Pinecrest,Week5,354.0 Pinecrest - 48.0 Herndon
Hiddenbrook,Week3,Forest Hollow,Week3,262.0 Forest Hollow - 140.0 Hiddenbrook
Herndon,Week4,Sully Station II,Week1,322.0 Sully Station II - 78.0 Herndon
Hayfield Farm,Week3,McLean,Week3,296.0 McLean - 106.0 Hayfield Farm
Hayfield Farm,Week1,McLean,Week3,311.0 McLean - 91.0 Hayfield Farm
Hiddenbrook,Week4,Fox Mill Woods,Week4,285.0 Fox Mill Woods - 117.0 Hiddenbrook
Herndon,Week3,Truro,Week1,268.0 Truro - 133.0 Herndon
Hiddenbrook,Week4,Great Falls,Week5,234.0 Great Falls - 167.0 Hiddenbrook
Hayfield Farm,Week4,Parliament,Week1,212.0 Parliament - 190.0 Hayfield Farm
Hayfield Farm,Week3,Parklawn,Week5,260.0 Hayfield Farm - 141.0 Parklawn
Herndon,Week3,Pinecrest,Week3,362.0 Pinecrest - 40.0 Herndon
Hayfield Farm,Week1,Parklawn,Week2,254.0 Hayfield Farm - 148.0 Parklawn
Hayfield Farm,Week3,McLean,Week1,272.0 McLean - 130.0 Hayfield Farm
Herndon,Week1,Truro,Week5,267.0 Truro - 127.0 Herndon
Herndon,Week3,Pinecrest,Week1,347.0 Pinecrest - 55.0 Herndon
Herndon,Week4,Sully Station II,Week4,341.0 Sully Station II - 61.0 Herndon
Hayfield Farm,Week1,Parklawn,Week1,268.0 Hayfield Farm - 125.0 Parklawn
Herndon,Week4,Pinecrest,Week2,354.0 Pinecrest - 48.0 Herndon
Hiddenbrook,Week5,Fox Mill Woods,Week2,267.0 Fox Mill Woods - 135.0 Hiddenbrook
Hiddenbrook,Week5,Fox Mill Woods,Week3,261.0 Fox Mill Woods - 141.0 Hiddenbrook
Hiddenbrook,Week1,Great Falls,Week5,242.0 Great Falls - 159.0 Hiddenbrook
Herndon,Week4,Sully Station II,Week2,352.0 Sully Station II - 49.0 Herndon
Hayfield Farm,Week2,Parklawn,Week1,287.0 Hayfield Farm - 106.0 Parklawn
Herndon,Week3,Truro,Week4,293.0 Truro - 109.0 Herndon
Hiddenbrook,Week3,Forest Hollow,Week5,266.0 Forest Hollow - 136.0 Hiddenbrook
Herndon,Week5,Pinecrest,Week3,367.0 Pinecrest - 35.0 Herndon
Hayfield Farm,Week2,McLean,Week1,289.0 McLean - 113.0 Hayfield Farm
Hayfield Farm,Week5,Mantua,Week5,271.0 Mantua - 131.0 Hayfield Farm
Hayfield Farm,Week2,McLean,Week5,303.0 McLean - 99.0 Hayfield Farm
Herndon,Week3,Pinecrest,Week5,354.0 Pinecrest - 42.0 Herndon
Herndon,Week5,Sully Station II,Week5,357.0 Sully Station II - 45.0 Herndon
Herndon,Week4,Sully Station II,Week3,358.0 Sully Station II - 44.0 Herndon
Hayfield Farm,Week1,Parklawn,Week3,265.0 Hayfield Farm - 137.0 Parklawn
Herndon,Week5,Sully Station II,Week3,347.0 Sully Station II - 55.0 Herndon
Hayfield Farm,Week3,McLean,Week5,292.0 McLean - 110.0 Hayfield Farm
Hiddenbrook,Week1,Great Falls,Week3,244.0 Great Falls - 158.0 Hiddenbrook
Hiddenbrook,Week4,Fox Mill Woods,Week3,258.0 Fox Mill Woods - 144.0 Hiddenbrook
Herndon,Week4,Pinecrest,Week4,356.0 Pinecrest - 46.0 Herndon
Hiddenbrook,Week3,Great Falls,Week2,220.0 Great Falls - 163.0 Hiddenbrook
Hayfield Farm,Week4,McLean,Week3,308.0 McLean - 94.0 Hayfield Farm
Hayfield Farm,Week2,McLean,Week2,297.5 McLean - 104.5 Hayfield Farm
Hayfield Farm,Week1,Parliament,Week2,207.0 Hayfield Farm - 195.0 Parliament
Hayfield Farm,Week3,Parklawn,Week3,290.0 Hayfield Farm - 112.0 Parklawn
Herndon,Week5,Pinewood Lake,Week2,290.0 Herndon - 89.0 Pinewood Lake
Herndon,Week2,Pinewood Lake,Week1,287.0 Herndon - 87.0 Pinewood Lake
Herndon,Week1,Truro,Week1,259.0 Truro - 142.0 Herndon
Hiddenbrook,Week3,Great Falls,Week1,201.0 Hiddenbrook - 200.0 Great Falls
Hiddenbrook,Week2,Great Falls,Week5,290.0 Great Falls - 105.0 Hiddenbrook
Herndon,Week5,Pinecrest,Week4,365.0 Pinecrest - 37.0 Herndon
Herndon,Week4,Pinewood Lake,Week4,310.0 Herndon - 78.0 Pinewood Lake
Hayfield Farm,Week5,Overlee,Week5,351.0 Overlee - 51.0 Hayfield Farm
Hayfield Farm,Week1,McLean,Week4,297.0 McLean - 105.0 Hayfield Farm
Hayfield Farm,Week3,Parklawn,Week1,291.0 Hayfield Farm - 97.0 Parklawn
Herndon,Week1,Truro,Week2,244.0 Truro - 145.0 Herndon
Hayfield Farm,Week4,Parliament,Week2,220.0 Hayfield Farm - 182.0 Parliament
Herndon,Week1,Pinewood Lake,Week2,272.0 Herndon - 91.0 Pinewood Lake
Herndon,Week3,Pinewood Lake,Week3,306.0 Herndon - 74.0 Pinewood Lake
Hayfield Farm,Week5,McLean,Week5,308.0 McLean - 94.0 Hayfield Farm
Herndon,Week2,Truro,Week3,271.0 Truro - 129.0 Herndon
Herndon,Week5,Pinecrest,Week2,360.0 Pinecrest - 42.0 Herndon
Herndon,Week5,Pinecrest,Week5,350.0 Pinecrest - 52.0 Herndon
Hayfield Farm,Week2,Parliament,Week1,221.0 Parliament - 181.0 Hayfield Farm
Herndon,Week3,Truro,Week3,273.0 Truro - 127.0 Herndon
Hayfield Farm,Week4,McLean,Week5,297.0 McLean - 105.0 Hayfield Farm
Hayfield Farm,Week4,McLean,Week1,289.0 McLean - 113.0 Hayfield Farm
Hayfield Farm,Week1,Mosby Woods,Week5,251.0 Mosby Woods - 151.0 Hayfield Farm
Herndon,Week1,Pinewood Lake,Week5,272.0 Herndon - 105.0 Pinewood Lake
Herndon,Week4,Pinecrest,Week5,347.0 Pinecrest - 55.0 Herndon
Herndon,Week2,Truro,Week2,254.0 Truro - 140.0 Herndon
Hiddenbrook,Week3,Great Falls,Week3,241.0 Great Falls - 161.0 Hiddenbrook
Herndon,Week2,Truro,Week5,279.0 Truro - 116.0 Herndon
Hayfield Farm,Week1,Parliament,Week4,203.0 Hayfield Farm - 199.0 Parliament
Hiddenbrook,Week1,Great Falls,Week2,224.0 Great Falls - 160.0 Hiddenbrook
Hiddenbrook,Week5,Fox Mill Woods,Week1,264.0 Fox Mill Woods - 138.0 Hiddenbrook
Hayfield Farm,Week1,Mosby Woods,Week2,255.0 Mosby Woods - 147.0 Hayfield Farm
Hayfield Farm,Week5,McLean,Week4,292.0 McLean - 110.0 Hayfield Farm
Hayfield Farm,Week1,Mosby Woods,Week4,239.0 Mosby Woods - 163.0 Hayfield Farm
Herndon,Week4,Truro,Week5,274.0 Truro - 127.0 Herndon
Hiddenbrook,Week2,Great Falls,Week3,286.0 Great Falls - 111.0 Hiddenbrook
Hayfield Farm,Week1,Mosby Woods,Week1,263.0 Mosby Woods - 139.0 Hayfield Farm
Hayfield Farm,Week2,Parliament,Week2,207.0 Hayfield Farm - 195.0 Parliament
Herndon,Week1,Pinewood Lake,Week1,280.0 Herndon - 80.0 Pinewood Lake
Hayfield Farm,Week3,Parliament,Week2,226.0 Hayfield Farm - 172.0 Parliament
Hiddenbrook,Week2,Great Falls,Week1,250.5 Great Falls - 149.5 Hiddenbrook
Hayfield Farm,Week3,Parliament,Week1,207.0 Parliament - 194.0 Hayfield Farm
Hayfield Farm,Week3,Parliament,Week3,215.0 Hayfield Farm - 187.0 Parliament
Herndon,Week5,Truro,Week3,271.0 Truro - 129.0 Herndon
Herndon,Week5,Pinecrest,Week1,351.0 Pinecrest - 51.0 Herndon
Herndon,Week4,Truro,Week2,255.0 Truro - 146.0 Herndon
Hayfield Farm,Week4,McLean,Week4,292.5 McLean - 109.5 Hayfield Farm
Herndon,Week4,Truro,Week4,295.0 Truro - 107.0 Herndon
Hayfield Farm,Week5,McLean,Week2,293.0 McLean - 109.0 Hayfield Farm
Hiddenbrook,Week4,Fox Mill Woods,Week2,268.0 Fox Mill Woods - 134.0 Hiddenbrook
Hiddenbrook,Week2,Great Falls,Week2,245.0 Great Falls - 134.0 Hiddenbrook
Hiddenbrook,Week1,Great Falls,Week1,215.0 Great Falls - 187.0 Hiddenbrook
Hayfield Farm,Week2,Pinecrest,Week5,275.0 Pinecrest - 127.0 Hayfield Farm
Herndon,Week2,Pinewood Lake,Week2,282.0 Herndon - 92.0 Pinewood Lake
Hiddenbrook,Week5,Fox Mill Woods,Week5,271.0 Fox Mill Woods - 131.0 Hiddenbrook
Hayfield Farm,Week2,Parliament,Week4,206.0 Hayfield Farm - 196.0 Parliament
Herndon,Week5,Truro,Week2,250.0 Truro - 152.0 Herndon
Herndon,Week5,Sully Station II,Week4,333.0 Sully Station II - 69.0 Herndon
Herndon,Week2,Pinewood Lake,Week3,290.0 Herndon - 85.0 Pinewood Lake
Hiddenbrook,Week3,Great Falls,Week5,228.0 Great Falls - 173.0 Hiddenbrook
Herndon,Week4,Truro,Week1,257.0 Truro - 145.0 Herndon
Hayfield Farm,Week1,Mount Vernon Park,Week4,261.0 Mount Vernon Park - 141.0 Hayfield Farm
Hiddenbrook,Week4,Fox Mill Woods,Week5,287.0 Fox Mill Woods - 115.0 Hiddenbrook
Hayfield Farm,Week2,Mosby Woods,Week4,247.0 Mosby Woods - 155.0 Hayfield Farm
Hiddenbrook,Week3,Great Falls,Week4,228.0 Great Falls - 172.0 Hiddenbrook
Hayfield Farm,Week3,Mosby Woods,Week3,232.0 Mosby Woods - 170.0 Hayfield Farm
Hayfield Farm,Week4,Parliament,Week3,206.0 Hayfield Farm - 196.0 Parliament
Herndon,Week5,Truro,Week1,259.0 Truro - 143.0 Herndon
Hiddenbrook,Week4,Great Falls,Week1,218.0 Great Falls - 183.0 Hiddenbrook
Herndon,Week1,Pinewood Lake,Week4,274.0 Herndon - 95.0 Pinewood Lake
Hiddenbrook,Week1,Great Falls,Week4,225.0 Great Falls - 177.0 Hiddenbrook
Hayfield Farm,Week4,Mosby Woods,Week2,259.0 Mosby Woods - 143.0 Hayfield Farm
Herndon,Week3,Pinewood Lake,Week5,292.0 Herndon - 94.0 Pinewood Lake
Hayfield Farm,Week1,Parliament,Week1,220.0 Parliament - 182.0 Hayfield Farm
Herndon,Week3,Pinewood Lake,Week4,289.0 Herndon - 95.0 Pinewood Lake
Herndon,Week1,Pinewood Lake,Week3,278.0 Herndon - 77.0 Pinewood Lake
Herndon,Week4,Pinewood Lake,Week1,315.0 Herndon - 74.0 Pinewood Lake
Hiddenbrook,Week2,Great Falls,Week4,260.0 Great Falls - 130.0 Hiddenbrook
Hayfield Farm,Week3,Parliament,Week4,229.0 Hayfield Farm - 172.0 Parliament
Herndon,Week5,Truro,Week5,267.0 Truro - 134.0 Herndon
Hayfield Farm,Week3,Parliament,Week5,206.0 Hayfield Farm - 195.0 Parliament
Hayfield Farm,Week1,Mosby Woods,Week3,245.0 Mosby Woods - 157.0 Hayfield Farm
Herndon,Week5,Truro,Week4,297.0 Truro - 105.0 Herndon
Hayfield Farm,Week1,Parliament,Week5,207.0 Parliament - 195.0 Hayfield Farm
Hayfield Farm,Week2,Mosby Woods,Week1,254.0 Mosby Woods - 148.0 Hayfield Farm
Hayfield Farm,Week5,Parliament,Week1,211.0 Parliament - 190.0 Hayfield Farm
Herndon,Week4,Truro,Week3,270.0 Truro - 130.0 Herndon
Herndon,Week3,Pinewood Lake,Week1,301.0 Herndon - 77.0 Pinewood Lake
Herndon,Week1,Vienna Aquatic,Week1,372.0 Vienna Aquatic - 30.0 Herndon
Hiddenbrook,Week4,Great Falls,Week3,241.0 Great Falls - 161.0 Hiddenbrook
Hayfield Farm,Week1,Parliament,Week3,201.0 Hayfield Farm - 201.0 Parliament
Hayfield Farm,Week5,Parliament,Week2,210.0 Hayfield Farm - 192.0 Parliament
Hayfield Farm,Week2,Parliament,Week3,207.0 Parliament - 195.0 Hayfield Farm
Herndon,Week1,Tuckahoe,Week5,378.0 Tuckahoe - 24.0 Herndon
Herndon,Week2,Pinewood Lake,Week5,279.0 Herndon - 103.0 Pinewood Lake
Hiddenbrook,Week4,Great Falls,Week4,233.0 Great Falls - 163.0 Hiddenbrook
Herndon,Week5,Tuckahoe,Week4,381.0 Tuckahoe - 21.0 Herndon
Hayfield Farm,Week5,Mosby Woods,Week4,254.0 Mosby Woods - 148.0 Hayfield Farm
Herndon,Week4,Pinewood Lake,Week2,304.0 Herndon - 83.0 Pinewood Lake
Herndon,Week1,Vienna Aquatic,Week3,376.0 Vienna Aquatic - 26.0 Herndon
Hiddenbrook,Week5,Great Falls,Week1,217.0 Hiddenbrook - 185.0 Great Falls
Hiddenbrook,Week2,Greenbriar,Week3,293.0 Greenbriar - 108.0 Hiddenbrook
Herndon,Week2,Pinewood Lake,Week4,279.0 Herndon - 101.0 Pinewood Lake
Hiddenbrook,Week5,Great Falls,Week2,196.0 Great Falls - 188.0 Hiddenbrook
Hayfield Farm,Week2,Parliament,Week5,206.0 Parliament - 196.0 Hayfield Farm
Hayfield Farm,Week2,Mosby Woods,Week2,257.0 Mosby Woods - 145.0 Hayfield Farm
Hayfield Farm,Week4,Mosby Woods,Week4,262.0 Mosby Woods - 140.0 Hayfield Farm
Herndon,Week3,Pinewood Lake,Week2,296.0 Herndon - 85.0 Pinewood Lake
Hayfield Farm,Week4,Parliament,Week5,205.0 Hayfield Farm - 197.0 Parliament
Hayfield Farm,Week4,Mosby Woods,Week3,259.0 Mosby Woods - 143.0 Hayfield Farm
Herndon,Week1,Tuckahoe,Week3,383.0 Tuckahoe - 19.0 Herndon
Herndon,Week1,Tuckahoe,Week2,383.0 Tuckahoe - 19.0 Herndon
Hayfield Farm,Week3,Mount Vernon Park,Week1,238.0 Mount Vernon Park - 164.0 Hayfield Farm
Herndon,Week4,Pinewood Lake,Week5,300.0 Herndon - 92.0 Pinewood Lake
Hayfield Farm,Week5,Parliament,Week3,207.0 Parliament - 195.0 Hayfield Farm
Herndon,Week5,Pinewood Lake,Week1,303.0 Herndon - 82.0 Pinewood Lake
Hayfield Farm,Week5,Parliament,Week5,201.0 Hayfield Farm - 201.0 Parliament
Hayfield Farm,Week3,Mosby Woods,Week4,234.0 Mosby Woods - 168.0 Hayfield Farm
Hayfield Farm,Week1,Pinecrest,Week4,298.0 Pinecrest - 104.0 Hayfield Farm
Hayfield Farm,Week5,Mosby Woods,Week5,262.0 Mosby Woods - 140.0 Hayfield Farm
Hiddenbrook,Week2,Greenbriar,Week4,277.0 Greenbriar - 125.0 Hiddenbrook
Herndon,Week2,Pleasant Valley,Week2,216.0 Pleasant Valley - 182.0 Herndon
Hiddenbrook,Week1,Hamlet,Week3,320.0 Hamlet - 82.0 Hiddenbrook
Herndon,Week4,Pleasant Valley,Week1,220.0 Pleasant Valley - 180.0 Herndon
Hayfield Farm,Week5,Parliament,Week4,211.0 Hayfield Farm - 191.0 Parliament
Herndon,Week3,Tuckahoe,Week5,377.0 Tuckahoe - 25.0 Herndon
Herndon,Week5,Pinewood Lake,Week3,309.0 Herndon - 68.0 Pinewood Lake
Herndon,Week4,Pinewood Lake,Week3,313.0 Herndon - 73.0 Pinewood Lake
Herndon,Week2,Tuckahoe,Week2,381.0 Tuckahoe - 21.0 Herndon
Herndon,Week2,Tuckahoe,Week4,378.0 Tuckahoe - 24.0 Herndon
Hayfield Farm,Week4,Mount Vernon Park,Week1,250.0 Mount Vernon Park - 152.0 Hayfield Farm
Hiddenbrook,Week5,Greenbriar,Week4,225.0 Greenbriar - 177.0 Hiddenbrook
Hiddenbrook,Week2,Greenbriar,Week1,290.0 Greenbriar - 111.0 Hiddenbrook
Hayfield Farm,Week5,Mosby Woods,Week2,273.0 Mosby Woods - 129.0 Hayfield Farm
Hayfield Farm,Week1,Pinecrest,Week1,277.0 Pinecrest - 125.0 Hayfield Farm
Hayfield Farm,Week1,Mount Vernon Park,Week3,258.0 Mount Vernon Park - 144.0 Hayfield Farm
Herndon,Week4,Tuckahoe,Week4,383.0 Tuckahoe - 19.0 Herndon
Hayfield Farm,Week4,Parliament,Week4,214.0 Hayfield Farm - 188.0 Parliament
Hayfield Farm,Week1,Pinecrest,Week2,277.0 Pinecrest - 125.0 Hayfield Farm
Hiddenbrook,Week4,Greenbriar,Week5,240.5 Greenbriar - 161.5 Hiddenbrook
Hiddenbrook,Week5,Great Falls,Week3,223.0 Great Falls - 179.0 Hiddenbrook
Hayfield Farm,Week5,Mosby Woods,Week1,264.0 Mosby Woods - 138.0 Hayfield Farm
Herndon,Week3,Pleasant Valley,Week3,237.0 Pleasant Valley - 165.0 Herndon
Hayfield Farm,Week3,Mount Vernon Park,Week3,257.0 Mount Vernon Park - 145.0 Hayfield Farm
Hayfield Farm,Week1,Pinecrest,Week3,289.0 Pinecrest - 113.0 Hayfield Farm
Hiddenbrook,Week4,Greenbriar,Week4,229.0 Greenbriar - 173.0 Hiddenbrook
Hayfield Farm,Week2,Mount Vernon Park,Week3,266.0 Mount Vernon Park - 136.0 Hayfield Farm
Hayfield Farm,Week4,Mount Vernon Park,Week5,278.0 Mount Vernon Park - 124.0 Hayfield Farm
Herndon,Week5,Pinewood Lake,Week4,298.0 Herndon - 82.0 Pinewood Lake
Herndon,Week3,Tuckahoe,Week1,375.0 Tuckahoe - 27.0 Herndon
Hiddenbrook,Week5,Greenbriar,Week2,242.0 Greenbriar - 160.0 Hiddenbrook
Herndon,Week3,Pleasant Valley,Week1,215.0 Pleasant Valley - 183.0 Herndon
Herndon,Week4,Tuckahoe,Week5,378.0 Tuckahoe - 24.0 Herndon
Herndon,Week4,Tuckahoe,Week2,381.0 Tuckahoe - 21.0 Herndon
Hayfield Farm,Week1,Pinecrest,Week5,285.0 Pinecrest - 117.0 Hayfield Farm
Herndon,Week3,Tuckahoe,Week2,384.0 Tuckahoe - 18.0 Herndon
Herndon,Week2,Tuckahoe,Week5,373.0 Tuckahoe - 29.0 Herndon
Hiddenbrook,Week5,Greenbriar,Week1,230.0 Greenbriar - 172.0 Hiddenbrook
Hiddenbrook,Week5,Great Falls,Week4,215.0 Great Falls - 187.0 Hiddenbrook
Hiddenbrook,Week3,Greenbriar,Week2,262.0 Greenbriar - 140.0 Hiddenbrook
Hayfield Farm,Week2,Pinecrest,Week1,251.5 Pinecrest - 150.5 Hayfield Farm
Hiddenbrook,Week1,Greenbriar,Week1,262.0 Greenbriar - 140.0 Hiddenbrook
Hiddenbrook,Week2,Greenbriar,Week2,294.5 Greenbriar - 107.5 Hiddenbrook
Hayfield Farm,Week2,Pinecrest,Week2,276.5 Pinecrest - 125.5 Hayfield Farm
Herndon,Week3,Pleasant Valley,Week2,219.0 Pleasant Valley - 179.0 Herndon
Herndon,Week2,Poplar Heights,Week1,335.0 Poplar Heights - 67.0 Herndon
Hayfield Farm,Week4,Mosby Woods,Week1,254.0 Mosby Woods - 148.0 Hayfield Farm
Hayfield Farm,Week2,Pinecrest,Week3,279.0 Pinecrest - 123.0 Hayfield Farm
Hayfield Farm,Week2,Pinecrest,Week4,287.0 Pinecrest - 115.0 Hayfield Farm
Herndon,Week3,Pleasant Valley,Week5,223.0 Pleasant Valley - 170.0 Herndon
Herndon,Week3,Tuckahoe,Week3,381.0 Tuckahoe - 21.0 Herndon
Hayfield Farm,Week2,Mosby Woods,Week3,250.0 Mosby Woods - 152.0 Hayfield Farm
Herndon,Week5,Tuckahoe,Week5,381.0 Tuckahoe - 21.0 Herndon
Hiddenbrook,Week1,Greenbriar,Week4,251.0 Greenbriar - 151.0 Hiddenbrook
Hiddenbrook,Week4,Greenbriar,Week1,241.0 Greenbriar - 161.0 Hiddenbrook
Hayfield Farm,Week3,Pinecrest,Week2,268.0 Pinecrest - 134.0 Hayfield Farm
Herndon,Week5,Tuckahoe,Week3,379.5 Tuckahoe - 22.5 Herndon
Herndon,Week2,Pleasant Valley,Week3,235.0 Pleasant Valley - 166.0 Herndon
Hayfield Farm,Week3,Mosby Woods,Week1,246.0 Mosby Woods - 156.0 Hayfield Farm
Hayfield Farm,Week5,Mosby Woods,Week3,260.0 Mosby Woods - 142.0 Hayfield Farm
Hayfield Farm,Week3,Pinecrest,Week1,235.0 Pinecrest - 167.0 Hayfield Farm
Herndon,Week2,Pleasant Valley,Week5,216.0 Pleasant Valley - 177.0 Herndon
Hayfield Farm,Week4,Mosby Woods,Week5,263.5 Mosby Woods - 138.5 Hayfield Farm
Herndon,Week2,Poplar Heights,Week3,346.0 Poplar Heights - 56.0 Herndon
Herndon,Week2,Tuckahoe,Week3,381.0 Tuckahoe - 21.0 Herndon
Hayfield Farm,Week1,Mount Vernon Park,Week1,259.0 Mount Vernon Park - 143.0 Hayfield Farm
Herndon,Week3,Tuckahoe,Week4,383.0 Tuckahoe - 19.0 Herndon
Herndon,Week2,Tuckahoe,Week1,372.0 Tuckahoe - 30.0 Herndon
Herndon,Week3,Poplar Heights,Week1,322.0 Poplar Heights - 80.0 Herndon
Hayfield Farm,Week2,Overlee,Week5,350.0 Overlee - 52.0 Hayfield Farm
Herndon,Week1,Poplar Heights,Week5,341.0 Poplar Heights - 60.0 Herndon
Hayfield Farm,Week4,Orange Hunt,Week2,208.0 Orange Hunt - 194.0 Hayfield Farm
Hiddenbrook,Week4,Greenbriar,Week3,246.0 Greenbriar - 156.0 Hiddenbrook
Hayfield Farm,Week3,Pinecrest,Week3,265.0 Pinecrest - 137.0 Hayfield Farm
Hayfield Farm,Week2,Mosby Woods,Week5,253.0 Mosby Woods - 149.0 Hayfield Farm
Herndon,Week1,Tuckahoe,Week4,380.0 Tuckahoe - 22.0 Herndon
Hayfield Farm,Week3,Mosby Woods,Week2,248.0 Mosby Woods - 154.0 Hayfield Farm
Herndon,Week4,Pleasant Valley,Week4,208.0 Herndon - 189.0 Pleasant Valley
Herndon,Week4,Tuckahoe,Week1,378.0 Tuckahoe - 24.0 Herndon
Herndon,Week4,Tuckahoe,Week3,381.0 Tuckahoe - 21.0 Herndon
Hiddenbrook,Week3,Greenbriar,Week5,246.0 Greenbriar - 156.0 Hiddenbrook
Herndon,Week5,Brandywine,Week4,323.0 Brandywine - 79.0 Herndon
Hayfield Farm,Week1,Mount Vernon Park,Week2,253.0 Mount Vernon Park - 149.0 Hayfield Farm
Hiddenbrook,Week5,Greenbriar,Week5,232.0 Greenbriar - 170.0 Hiddenbrook
Hayfield Farm,Week5,Orange Hunt,Week1,207.0 Orange Hunt - 195.0 Hayfield Farm
Herndon,Week1,Vienna Aquatic,Week2,372.0 Vienna Aquatic - 30.0 Herndon
Herndon,Week4,Pleasant Valley,Week2,218.0 Pleasant Valley - 182.0 Herndon
Herndon,Week5,Pleasant Valley,Week1,228.0 Pleasant Valley - 170.0 Herndon
Hiddenbrook,Week1,Greenbriar,Week5,258.0 Greenbriar - 143.0 Hiddenbrook
Hayfield Farm,Week3,Mosby Woods,Week5,243.0 Mosby Woods - 159.0 Hayfield Farm
Hiddenbrook,Week4,Greenbriar,Week2,246.0 Greenbriar - 156.0 Hiddenbrook
Hayfield Farm,Week5,Orange Hunt,Week2,221.0 Orange Hunt - 181.0 Hayfield Farm
Herndon,Week4,Brandywine,Week4,304.5 Brandywine - 97.5 Herndon
Hayfield Farm,Week3,Mount Vernon Park,Week4,250.0 Mount Vernon Park - 152.0 Hayfield Farm
Hayfield Farm,Week4,Orange Hunt,Week5,230.0 Orange Hunt - 172.0 Hayfield Farm
Hayfield Farm,Week2,Orange Hunt,Week4,210.0 Orange Hunt - 192.0 Hayfield Farm
Herndon,Week5,Tuckahoe,Week1,377.0 Tuckahoe - 25.0 Herndon
Herndon,Week3,Rolling Forest,Week5,314.0 Rolling Forest - 88.0 Herndon
Hayfield Farm,Week3,Orange Hunt,Week3,215.0 Orange Hunt - 187.0 Hayfield Farm
Herndon,Week5,Brandywine,Week3,294.0 Brandywine - 106.0 Herndon
Hiddenbrook,Week5,Greenbriar,Week3,229.0 Greenbriar - 173.0 Hiddenbrook
Herndon,Week2,Bren Mar-Edsall Park,Week5,248.0 Herndon - 145.0 Bren Mar-Edsall Park
Hayfield Farm,Week1,Overlee,Week2,335.0 Overlee - 67.0 Hayfield Farm
Herndon,Week1,Pleasant Valley,Week2,206.0 Pleasant Valley - 191.0 Herndon
Hayfield Farm,Week2,Mount Vernon Park,Week4,254.5 Mount Vernon Park - 147.5 Hayfield Farm
Hiddenbrook,Week3,Greenbriar,Week4,240.0 Greenbriar - 162.0 Hiddenbrook
Hayfield Farm,Week1,Mount Vernon Park,Week5,274.0 Mount Vernon Park - 128.0 Hayfield Farm
Hayfield Farm,Week4,Orange Hunt,Week4,206.0 Orange Hunt - 196.0 Hayfield Farm
Herndon,Week4,Brandywine,Week3,284.0 Brandywine - 116.0 Herndon
Hayfield Farm,Week3,Mount Vernon Park,Week5,265.0 Mount Vernon Park - 132.0 Hayfield Farm
Hayfield Farm,Week2,Mount Vernon Park,Week1,251.0 Mount Vernon Park - 151.0 Hayfield Farm
Herndon,Week4,Pleasant Valley,Week5,228.0 Pleasant Valley - 164.0 Herndon
Hiddenbrook,Week2,Greenbriar,Week5,286.0 Greenbriar - 111.0 Hiddenbrook
Herndon,Week3,Bren Mar-Edsall Park,Week1,281.0 Herndon - 119.0 Bren Mar-Edsall Park
Hiddenbrook,Week3,Greenbriar,Week1,239.0 Greenbriar - 163.0 Hiddenbrook
Herndon,Week4,Rolling Forest,Week3,320.0 Rolling Forest - 82.0 Herndon
Herndon,Week5,Brandywine,Week2,301.0 Brandywine - 100.0 Herndon
Herndon,Week2,Bren Mar-Edsall Park,Week3,257.0 Herndon - 143.0 Bren Mar-Edsall Park
Herndon,Week1,Bren Mar-Edsall Park,Week4,239.0 Herndon - 152.0 Bren Mar-Edsall Park
Herndon,Week5,Pleasant Valley,Week2,220.5 Pleasant Valley - 177.5 Herndon
Herndon,Week1,Pleasant Valley,Week5,207.0 Pleasant Valley - 188.0 Herndon
Hayfield Farm,Week2,Mount Vernon Park,Week5,272.0 Mount Vernon Park - 130.0 Hayfield Farm
Hayfield Farm,Week3,Orange Hunt,Week5,216.0 Orange Hunt - 186.0 Hayfield Farm
Hiddenbrook,Week5,Great Falls,Week5,213.0 Great Falls - 189.0 Hiddenbrook
Hayfield Farm,Week2,Mount Vernon Park,Week2,260.0 Mount Vernon Park - 142.0 Hayfield Farm
Hiddenbrook,Week1,Greenbriar,Week2,269.0 Greenbriar - 133.0 Hiddenbrook
Herndon,Week5,Tuckahoe,Week2,385.0 Tuckahoe - 17.0 Herndon
Hayfield Farm,Week3,Mount Vernon Park,Week2,249.0 Mount Vernon Park - 153.0 Hayfield Farm
Herndon,Week4,Riverside Gardens,Week3,358.0 Riverside Gardens - 44.0 Herndon
Herndon,Week5,Pinewood Lake,Week5,299.0 Herndon - 87.0 Pinewood Lake
Hiddenbrook,Week3,Greenbriar,Week3,248.0 Greenbriar - 154.0 Hiddenbrook
Herndon,Week4,Riverside Gardens,Week5,362.0 Riverside Gardens - 40.0 Herndon
Herndon,Week1,Pleasant Valley,Week4,206.0 Herndon - 184.0 Pleasant Valley
Hayfield Farm,Week4,Orange Hunt,Week3,209.0 Orange Hunt - 193.0 Hayfield Farm
Herndon,Week4,Riverside Gardens,Week4,359.0 Riverside Gardens - 43.0 Herndon
Herndon,Week1,Rolling Forest,Week1,299.0 Rolling Forest - 103.0 Herndon
Hiddenbrook,Week1,Greenbriar,Week3,270.0 Greenbriar - 132.0 Hiddenbrook
Herndon,Week5,Pleasant Valley,Week5,215.0 Pleasant Valley - 177.0 Herndon
Hayfield Farm,Week4,Mount Vernon Park,Week3,260.0 Mount Vernon Park - 142.0 Hayfield Farm
Herndon,Week1,Pleasant Valley,Week1,209.0 Pleasant Valley - 187.0 Herndon
Hayfield Farm,Week4,Mount Vernon Park,Week4,250.0 Mount Vernon Park - 152.0 Hayfield Farm
Herndon,Week5,Bren Mar-Edsall Park,Week5,264.0 Herndon - 136.0 Bren Mar-Edsall Park
Herndon,Week5,Riverside Gardens,Week4,370.0 Riverside Gardens - 32.0 Herndon
Herndon,Week1,Brookfield ,Week2,317.0 Brookfield - 85.0 Herndon
Hayfield Farm,Week4,Orange Hunt,Week1,202.0 Hayfield Farm - 200.0 Orange Hunt
Herndon,Week2,Pleasant Valley,Week1,214.0 Pleasant Valley - 185.0 Herndon
Hayfield Farm,Week3,Orange Hunt,Week1,204.0 Orange Hunt - 198.0 Hayfield Farm
Herndon,Week1,Brookfield ,Week4,326.0 Brookfield - 76.0 Herndon
Hiddenbrook,Week1,Hamlet,Week4,314.0 Hamlet - 88.0 Hiddenbrook
Hayfield Farm,Week5,Orange Hunt,Week3,218.0 Orange Hunt - 184.0 Hayfield Farm
Hayfield Farm,Week4,Mount Vernon Park,Week2,254.0 Mount Vernon Park - 148.0 Hayfield Farm
Herndon,Week1,Pleasant Valley,Week3,227.0 Pleasant Valley - 174.0 Herndon
Hayfield Farm,Week5,Mount Vernon Park,Week1,264.0 Mount Vernon Park - 138.0 Hayfield Farm
Herndon,Week2,Bren Mar-Edsall Park,Week2,274.0 Herndon - 119.0 Bren Mar-Edsall Park
Herndon,Week2,Rolling Forest,Week3,297.0 Rolling Forest - 105.0 Herndon
Herndon,Week2,Rolling Forest,Week1,300.0 Rolling Forest - 102.0 Herndon
Hiddenbrook,Week1,Hamlet,Week2,323.0 Hamlet - 79.0 Hiddenbrook
Hiddenbrook,Week1,Hamlet,Week1,309.5 Hamlet - 91.5 Hiddenbrook
Hiddenbrook,Week1,Hamlet,Week5,324.0 Hamlet - 78.0 Hiddenbrook
Hayfield Farm,Week5,Mount Vernon Park,Week2,263.0 Mount Vernon Park - 139.0 Hayfield Farm
Herndon,Week3,Rolling Forest,Week4,313.0 Rolling Forest - 89.0 Herndon
Herndon,Week4,Rolling Forest,Week2,298.0 Rolling Forest - 104.0 Herndon
Herndon,Week3,Pleasant Valley,Week4,209.0 Herndon - 182.0 Pleasant Valley
Herndon,Week2,Pleasant Valley,Week4,211.0 Herndon - 181.0 Pleasant Valley
Hayfield Farm,Week5,Orange Hunt,Week4,218.0 Orange Hunt - 184.0 Hayfield Farm
Herndon,Week2,Bren Mar-Edsall Park,Week1,263.0 Herndon - 131.0 Bren Mar-Edsall Park
Hayfield Farm,Week2,Orange Hunt,Week5,227.0 Orange Hunt - 175.0 Hayfield Farm
Herndon,Week5,Pleasant Valley,Week3,243.0 Pleasant Valley - 158.0 Herndon
Hayfield Farm,Week5,Mount Vernon Park,Week3,270.0 Mount Vernon Park - 132.0 Hayfield Farm
Herndon,Week1,Poplar Heights,Week1,325.5 Poplar Heights - 74.5 Herndon
Hayfield Farm,Week1,Overlee,Week1,323.0 Overlee - 79.0 Hayfield Farm
Herndon,Week5,Pleasant Valley,Week4,201.0 Herndon - 195.0 Pleasant Valley
Herndon,Week4,Bren Mar-Edsall Park,Week4,266.0 Herndon - 134.0 Bren Mar-Edsall Park
Hayfield Farm,Week3,Orange Hunt,Week4,206.0 Orange Hunt - 196.0 Hayfield Farm
Hiddenbrook,Week2,Hayfield Farm,Week4,277.0 Hayfield Farm - 125.0 Hiddenbrook
Hiddenbrook,Week2,Hamlet,Week2,342.0 Hamlet - 60.0 Hiddenbrook
Hayfield Farm,Week5,Mount Vernon Park,Week4,268.0 Mount Vernon Park - 134.0 Hayfield Farm
Herndon,Week4,Pleasant Valley,Week3,229.0 Pleasant Valley - 172.0 Herndon
Hiddenbrook,Week5,Hamlet,Week2,295.0 Hamlet - 107.0 Hiddenbrook
Herndon,Week1,Poplar Heights,Week2,339.0 Poplar Heights - 62.0 Herndon
Herndon,Week1,Rolling Hills,Week4,283.0 Rolling Hills - 113.0 Herndon
Herndon,Week1,Rolling Forest,Week4,297.0 Rolling Forest - 105.0 Herndon
Hiddenbrook,Week2,Hamlet,Week1,329.0 Hamlet - 73.0 Hiddenbrook
Herndon,Week2,Rolling Forest,Week2,283.0 Rolling Forest - 119.0 Herndon
Hiddenbrook,Week4,Hamlet,Week3,316.0 Hamlet - 85.0 Hiddenbrook
Hayfield Farm,Week2,Orange Hunt,Week3,218.0 Orange Hunt - 184.0 Hayfield Farm
Herndon,Week4,Bren Mar-Edsall Park,Week5,264.0 Herndon - 137.0 Bren Mar-Edsall Park
Hayfield Farm,Week1,Overlee,Week4,356.5 Overlee - 45.5 Hayfield Farm
Herndon,Week2,Rolling Forest,Week4,299.0 Rolling Forest - 103.0 Herndon
Herndon,Week5,Brandywine,Week1,297.0 Brandywine - 105.0 Herndon
Herndon,Week3,Bren Mar-Edsall Park,Week4,250.0 Herndon - 145.0 Bren Mar-Edsall Park
Herndon,Week5,Riverside Gardens,Week3,358.0 Riverside Gardens - 44.0 Herndon
Herndon,Week1,Rolling Forest,Week3,303.0 Rolling Forest - 99.0 Herndon
Herndon,Week1,Bren Mar-Edsall Park,Week2,262.0 Herndon - 128.0 Bren Mar-Edsall Park
Herndon,Week3,Bren Mar-Edsall Park,Week5,248.0 Herndon - 148.0 Bren Mar-Edsall Park
Hiddenbrook,Week2,Hayfield Farm,Week1,281.0 Hayfield Farm - 121.0 Hiddenbrook
Hiddenbrook,Week3,Hamlet,Week4,307.0 Hamlet - 95.0 Hiddenbrook
Herndon,Week4,Brandywine,Week5,322.0 Brandywine - 80.0 Herndon
Hayfield Farm,Week1,Overlee,Week5,350.0 Overlee - 52.0 Hayfield Farm
Hiddenbrook,Week4,Hamlet,Week4,300.0 Hamlet - 102.0 Hiddenbrook
Hayfield Farm,Week3,Orange Hunt,Week2,215.0 Orange Hunt - 187.0 Hayfield Farm
Herndon,Week2,Rolling Forest,Week5,305.5 Rolling Forest - 96.5 Herndon
Herndon,Week1,Rolling Forest,Week2,285.0 Rolling Forest - 117.0 Herndon
Herndon,Week2,Poplar Heights,Week4,345.0 Poplar Heights - 57.0 Herndon
Hiddenbrook,Week3,Hamlet,Week2,314.0 Hamlet - 88.0 Hiddenbrook
Herndon,Week5,Bren Mar-Edsall Park,Week3,275.0 Herndon - 126.0 Bren Mar-Edsall Park
Hayfield Farm,Week2,Overlee,Week4,354.0 Overlee - 48.0 Hayfield Farm
Herndon,Week5,Riverside Gardens,Week1,367.0 Riverside Gardens - 35.0 Herndon
Herndon,Week4,Poplar Heights,Week1,328.0 Poplar Heights - 74.0 Herndon
Herndon,Week1,Rolling Forest,Week5,313.0 Rolling Forest - 89.0 Herndon
Herndon,Week5,Bren Mar-Edsall Park,Week2,289.0 Herndon - 113.0 Bren Mar-Edsall Park
Herndon,Week1,Bren Mar-Edsall Park,Week1,267.0 Herndon - 130.0 Bren Mar-Edsall Park
Herndon,Week3,Poplar Heights,Week3,338.0 Poplar Heights - 64.0 Herndon
Herndon,Week4,Poplar Heights,Week5,350.0 Poplar Heights - 52.0 Herndon
Hayfield Farm,Week2,Overlee,Week1,315.0 Overlee - 87.0 Hayfield Farm
Herndon,Week5,Brandywine,Week5,317.0 Brandywine - 85.0 Herndon
Herndon,Week4,Riverside Gardens,Week2,345.0 Riverside Gardens - 57.0 Herndon
Herndon,Week2,Poplar Heights,Week5,349.0 Poplar Heights - 53.0 Herndon
Herndon,Week5,Riverside Gardens,Week2,345.0 Riverside Gardens - 57.0 Herndon
Hayfield Farm,Week2,Orange Hunt,Week2,219.0 Orange Hunt - 183.0 Hayfield Farm
Hayfield Farm,Week2,Overlee,Week2,325.0 Overlee - 77.0 Hayfield Farm
Hayfield Farm,Week2,Overlee,Week3,318.0 Overlee - 84.0 Hayfield Farm
Herndon,Week1,Poplar Heights,Week3,341.0 Poplar Heights - 61.0 Herndon
Hayfield Farm,Week5,Orange Hunt,Week5,225.0 Orange Hunt - 177.0 Hayfield Farm
Hiddenbrook,Week3,Hayfield Farm,Week5,231.0 Hayfield Farm - 171.0 Hiddenbrook
Herndon,Week5,Bren Mar-Edsall Park,Week4,267.0 Herndon - 133.0 Bren Mar-Edsall Park
Herndon,Week4,Brandywine,Week2,293.0 Brandywine - 108.0 Herndon
Hayfield Farm,Week3,Overlee,Week3,296.0 Overlee - 106.0 Hayfield Farm
Hiddenbrook,Week1,Hayfield Farm,Week5,250.0 Hayfield Farm - 152.0 Hiddenbrook
Herndon,Week2,Poplar Heights,Week2,349.0 Poplar Heights - 53.0 Herndon
Hiddenbrook,Week1,Hayfield Farm,Week1,264.5 Hayfield Farm - 137.5 Hiddenbrook
Herndon,Week1,Bren Mar-Edsall Park,Week5,241.0 Herndon - 148.0 Bren Mar-Edsall Park
Herndon,Week5,Riverside Gardens,Week5,368.0 Riverside Gardens - 34.0 Herndon
Hayfield Farm,Week1,Overlee,Week3,322.0 Overlee - 80.0 Hayfield Farm
Herndon,Week4,Poplar Heights,Week3,343.0 Poplar Heights - 59.0 Herndon
Herndon,Week1,Poplar Heights,Week4,338.0 Poplar Heights - 64.0 Herndon
Hiddenbrook,Week1,Hayfield Farm,Week3,264.0 Hayfield Farm - 138.0 Hiddenbrook
Hiddenbrook,Week4,Hamlet,Week2,312.0 Hamlet - 90.0 Hiddenbrook
Herndon,Week3,Rolling Forest,Week1,310.0 Rolling Forest - 92.0 Herndon
Herndon,Week3,Rolling Forest,Week2,298.0 Rolling Forest - 104.0 Herndon
Hiddenbrook,Week2,Hamlet,Week5,341.0 Hamlet - 61.0 Hiddenbrook
Hiddenbrook,Week3,Hamlet,Week3,323.0 Hamlet - 78.0 Hiddenbrook
Hiddenbrook,Week2,Hamlet,Week4,334.5 Hamlet - 67.5 Hiddenbrook
Herndon,Week1,Bren Mar-Edsall Park,Week3,254.5 Herndon - 144.5 Bren Mar-Edsall Park
Hayfield Farm,Week4,Overlee,Week3,306.0 Overlee - 96.0 Hayfield Farm
Herndon,Week4,Bren Mar-Edsall Park,Week1,292.0 Herndon - 107.0 Bren Mar-Edsall Park
Herndon,Week5,Poplar Heights,Week4,341.0 Poplar Heights - 61.0 Herndon
Hayfield Farm,Week5,Overlee,Week1,313.0 Overlee - 89.0 Hayfield Farm
Herndon,Week2,Bren Mar-Edsall Park,Week4,253.0 Herndon - 137.0 Bren Mar-Edsall Park
Herndon,Week5,Poplar Heights,Week1,329.0 Poplar Heights - 73.0 Herndon
Hiddenbrook,Week5,Hamlet,Week3,305.0 Hamlet - 97.0 Hiddenbrook
Hiddenbrook,Week5,Hamlet,Week4,289.0 Hamlet - 113.0 Hiddenbrook
Herndon,Week3,Bren Mar-Edsall Park,Week2,276.0 Herndon - 119.0 Bren Mar-Edsall Park
Herndon,Week4,Rolling Forest,Week5,324.0 Rolling Forest - 78.0 Herndon
Hiddenbrook,Week3,Hamlet,Week5,324.0 Hamlet - 78.0 Hiddenbrook
Hayfield Farm,Week4,Overlee,Week1,321.0 Overlee - 81.0 Hayfield Farm
Herndon,Week3,Rolling Forest,Week3,312.0 Rolling Forest - 90.0 Herndon
Hayfield Farm,Week4,Overlee,Week4,342.0 Overlee - 60.0 Hayfield Farm
Herndon,Week1,Poplar Tree,Week2,317.0 Poplar Tree - 83.0 Herndon
Hayfield Farm,Week3,Overlee,Week1,300.0 Overlee - 102.0 Hayfield Farm
Herndon,Week5,Poplar Heights,Week3,343.0 Poplar Heights - 59.0 Herndon
Herndon,Week4,Rolling Forest,Week4,312.0 Rolling Forest - 90.0 Herndon
Hayfield Farm,Week4,Overlee,Week5,341.0 Overlee - 61.0 Hayfield Farm
Herndon,Week4,Bren Mar-Edsall Park,Week2,295.0 Herndon - 107.0 Bren Mar-Edsall Park
Herndon,Week3,Poplar Heights,Week5,345.0 Poplar Heights - 57.0 Herndon
Herndon,Week4,Rolling Forest,Week1,307.0 Rolling Forest - 95.0 Herndon
Herndon,Week5,Poplar Heights,Week5,350.0 Poplar Heights - 52.0 Herndon
Hiddenbrook,Week1,Hayfield Farm,Week2,255.0 Hayfield Farm - 147.0 Hiddenbrook
Hayfield Farm,Week5,Overlee,Week2,332.0 Overlee - 70.0 Hayfield Farm
Herndon,Week4,Bren Mar-Edsall Park,Week3,277.0 Herndon - 124.0 Bren Mar-Edsall Park
Herndon,Week5,Poplar Heights,Week2,342.0 Poplar Heights - 60.0 Herndon
Herndon,Week3,Poplar Heights,Week4,335.0 Poplar Heights - 67.0 Herndon
Herndon,Week5,Bren Mar-Edsall Park,Week1,283.0 Herndon - 115.0 Bren Mar-Edsall Park
Hayfield Farm,Week3,Overlee,Week5,339.0 Overlee - 63.0 Hayfield Farm
Herndon,Week1,Rolling Hills,Week1,286.0 Rolling Hills - 115.0 Herndon
Herndon,Week1,Rolling Hills,Week2,289.0 Rolling Hills - 112.0 Herndon
Hayfield Farm,Week5,Overlee,Week3,310.0 Overlee - 92.0 Hayfield Farm
Herndon,Week5,Rolling Forest,Week2,292.0 Rolling Forest - 110.0 Herndon
Herndon,Week1,Brookfield ,Week1,335.0 Brookfield - 67.0 Herndon
Hiddenbrook,Week4,Hamlet,Week5,322.0 Hamlet - 80.0 Hiddenbrook
Hiddenbrook,Week2,Hayfield Farm,Week3,281.0 Hayfield Farm - 116.0 Hiddenbrook
Hiddenbrook,Week5,Hamlet,Week5,309.0 Hamlet - 93.0 Hiddenbrook
Herndon,Week4,Poplar Heights,Week2,341.0 Poplar Heights - 61.0 Herndon
Herndon,Week1,Poplar Tree,Week1,340.0 Poplar Tree - 56.0 Herndon
Herndon,Week5,Rolling Forest,Week5,313.0 Rolling Forest - 89.0 Herndon
Herndon,Week1,Rolling Hills,Week3,299.0 Rolling Hills - 95.0 Herndon
Herndon,Week1,Brookfield ,Week3,313.0 Brookfield - 88.0 Herndon
Herndon,Week3,Bren Mar-Edsall Park,Week3,267.0 Herndon - 135.0 Bren Mar-Edsall Park
Herndon,Week3,Poplar Heights,Week2,344.0 Poplar Heights - 58.0 Herndon
Hiddenbrook,Week3,Hamlet,Week1,312.0 Hamlet - 90.0 Hiddenbrook
Hayfield Farm,Week5,Overlee,Week4,350.0 Overlee - 52.0 Hayfield Farm
Hiddenbrook,Week4,Herndon,Week3,285.0 Hiddenbrook - 117.0 Herndon
Herndon,Week1,Broyhill Crest,Week2,243.0 Herndon - 152.0 Broyhill Crest
Herndon,Week3,Brookfield ,Week2,329.0 Brookfield - 73.0 Herndon
Herndon,Week4,Rolling Hills,Week2,292.0 Rolling Hills - 110.0 Herndon
Herndon,Week2,Rolling Hills,Week3,289.0 Rolling Hills - 107.0 Herndon
Herndon,Week4,Brookfield ,Week5,331.0 Brookfield - 71.0 Herndon
Herndon,Week3,Brookfield ,Week4,345.0 Brookfield - 57.0 Herndon
Herndon,Week1,Broyhill Crest,Week5,200.0 Broyhill Crest - 198.0 Herndon
Herndon,Week1,Broyhill Crest,Week4,224.0 Herndon - 171.0 Broyhill Crest
Herndon,Week5,Rolling Hills,Week2,287.0 Rolling Hills - 115.0 Herndon
Hiddenbrook,Week4,Hamlet,Week1,312.0 Hamlet - 90.0 Hiddenbrook
Hiddenbrook,Week3,Hayfield Farm,Week4,241.0 Hayfield Farm - 161.0 Hiddenbrook
Herndon,Week5,Rolling Hills,Week5,285.0 Rolling Hills - 117.0 Herndon
Herndon,Week1,Broyhill Crest,Week3,243.0 Herndon - 148.0 Broyhill Crest
Herndon,Week5,Rolling Forest,Week3,304.0 Rolling Forest - 98.0 Herndon
Hiddenbrook,Week2,Hayfield Farm,Week5,270.0 Hayfield Farm - 132.0 Hiddenbrook
Hiddenbrook,Week5,Hamlet,Week1,288.0 Hamlet - 114.0 Hiddenbrook
Herndon,Week4,Rolling Hills,Week3,292.0 Rolling Hills - 109.0 Herndon
Herndon,Week5,Rolling Forest,Week1,303.0 Rolling Forest - 99.0 Herndon
Herndon,Week4,Poplar Heights,Week4,342.0 Poplar Heights - 60.0 Herndon
Hiddenbrook,Week2,Hamlet,Week3,343.0 Hamlet - 59.0 Hiddenbrook
Hiddenbrook,Week3,Hayfield Farm,Week3,252.0 Hayfield Farm - 150.0 Hiddenbrook
Herndon,Week3,Brookfield ,Week1,336.0 Brookfield - 66.0 Herndon
Herndon,Week5,Brookfield ,Week1,328.0 Brookfield - 74.0 Herndon
Herndon,Week5,Brookfield ,Week4,326.0 Brookfield - 76.0 Herndon
Herndon,Week1,Rolling Valley,Week1,211.0 Rolling Valley - 190.0 Herndon
Hayfield Farm,Week3,Overlee,Week2,315.0 Overlee - 87.0 Hayfield Farm
Hayfield Farm,Week4,Overlee,Week2,326.0 Overlee - 76.0 Hayfield Farm
Hiddenbrook,Week2,Herndon,Week2,254.0 Hiddenbrook - 136.0 Herndon
Hiddenbrook,Week1,Hayfield Farm,Week4,260.0 Hayfield Farm - 142.0 Hiddenbrook
Herndon,Week3,Rolling Hills,Week5,285.5 Rolling Hills - 116.5 Herndon
Hayfield Farm,Week3,Overlee,Week4,336.0 Overlee - 66.0 Hayfield Farm
Hiddenbrook,Week3,Hayfield Farm,Week1,240.0 Hayfield Farm - 162.0 Hiddenbrook
Herndon,Week5,Rolling Hills,Week1,284.0 Rolling Hills - 118.0 Herndon
Hiddenbrook,Week3,Hayfield Farm,Week2,239.0 Hayfield Farm - 163.0 Hiddenbrook
Hiddenbrook,Week4,Herndon,Week4,290.0 Hiddenbrook - 111.0 Herndon
Herndon,Week5,Rolling Forest,Week4,303.0 Rolling Forest - 99.0 Herndon
Hiddenbrook,Week1,Herndon,Week3,282.5 Hiddenbrook - 117.5 Herndon
Herndon,Week5,Brookfield ,Week5,328.0 Brookfield - 74.0 Herndon
Hiddenbrook,Week2,Hayfield Farm,Week2,277.0 Hayfield Farm - 125.0 Hiddenbrook
Herndon,Week2,Brookfield ,Week5,321.0 Brookfield - 81.0 Herndon
Herndon,Week1,Rolling Valley,Week3,238.0 Rolling Valley - 161.0 Herndon
Herndon,Week1,Brookfield ,Week5,331.0 Brookfield - 71.0 Herndon
Herndon,Week4,Brookfield ,Week1,330.0 Brookfield - 72.0 Herndon
Herndon,Week1,Rolling Hills,Week5,284.0 Rolling Hills - 117.0 Herndon
Herndon,Week3,Rolling Hills,Week2,289.0 Rolling Hills - 107.0 Herndon
Herndon,Week1,Broyhill Crest,Week1,233.0 Herndon - 157.0 Broyhill Crest
Herndon,Week4,Brookfield ,Week2,330.0 Brookfield - 72.0 Herndon
Herndon,Week1,Rolling Valley,Week2,226.0 Rolling Valley - 176.0 Herndon
Herndon,Week3,Rolling Hills,Week3,292.0 Rolling Hills - 104.0 Herndon
Hiddenbrook,Week2,Herndon,Week3,240.0 Hiddenbrook - 151.0 Herndon
Hiddenbrook,Week1,Herndon,Week1,283.0 Hiddenbrook - 116.0 Herndon
Hiddenbrook,Week5,Hayfield Farm,Week2,218.0 Hayfield Farm - 184.0 Hiddenbrook
Herndon,Week3,Rolling Hills,Week1,286.0 Rolling Hills - 114.0 Herndon
Herndon,Week3,Brookfield ,Week5,322.0 Brookfield - 80.0 Herndon
Herndon,Week2,Brookfield ,Week1,327.0 Brookfield - 75.0 Herndon
Herndon,Week2,Rolling Hills,Week2,283.0 Rolling Hills - 119.0 Herndon
Hiddenbrook,Week2,Herndon,Week1,241.0 Hiddenbrook - 148.0 Herndon
Hiddenbrook,Week4,Hayfield Farm,Week5,229.0 Hayfield Farm - 173.0 Hiddenbrook
Herndon,Week1,Rolling Valley,Week4,237.0 Rolling Valley - 165.0 Herndon
Herndon,Week2,Brookfield ,Week4,327.0 Brookfield - 75.0 Herndon
Hiddenbrook,Week4,Hayfield Farm,Week2,246.0 Hayfield Farm - 156.0 Hiddenbrook
Herndon,Week3,Brookfield ,Week3,326.0 Brookfield - 75.0 Herndon
Herndon,Week2,Brookfield ,Week3,312.0 Brookfield - 90.0 Herndon
Hiddenbrook,Week1,Herndon,Week2,276.0 Hiddenbrook - 125.0 Herndon
Herndon,Week4,Brookfield ,Week4,328.0 Brookfield - 74.0 Herndon
Hiddenbrook,Week1,Herndon,Week5,280.0 Hiddenbrook - 121.0 Herndon
Herndon,Week4,Rolling Hills,Week1,286.0 Rolling Hills - 116.0 Herndon
Herndon,Week5,Brookfield ,Week3,310.0 Brookfield - 92.0 Herndon
Hiddenbrook,Week1,Herndon,Week4,272.0 Hiddenbrook - 129.0 Herndon
Herndon,Week1,Rolling Valley,Week5,255.0 Rolling Valley - 147.0 Herndon
Herndon,Week2,Rolling Hills,Week5,276.0 Rolling Hills - 126.0 Herndon
Herndon,Week3,Rolling Hills,Week4,283.5 Rolling Hills - 114.5 Herndon
Herndon,Week2,Rolling Hills,Week1,289.0 Rolling Hills - 113.0 Herndon
Herndon,Week2,Brookfield ,Week2,328.0 Brookfield - 74.0 Herndon
Hiddenbrook,Week5,Hayfield Farm,Week4,226.0 Hayfield Farm - 176.0 Hiddenbrook
Herndon,Week4,Rolling Valley,Week1,220.0 Rolling Valley - 181.0 Herndon
Hayfield Farm,Week3,Walden Glen,Week1,254.0 Hayfield Farm - 148.0 Walden Glen
Herndon,Week2,Rolling Hills,Week4,285.0 Rolling Hills - 116.0 Herndon
Hayfield Farm,Week5,Wakefield Chapel,Week1,310.0 Wakefield Chapel - 92.0 Hayfield Farm
Hiddenbrook,Week3,Herndon,Week2,291.5 Hiddenbrook - 109.5 Herndon
Hayfield Farm,Week5,Wakefield Chapel,Week2,300.0 Wakefield Chapel - 102.0 Hayfield Farm
Hayfield Farm,Week5,Kent Gardens,Week2,203.0 Kent Gardens - 199.0 Hayfield Farm
Hiddenbrook,Week2,Herndon,Week4,241.0 Hiddenbrook - 155.0 Herndon
Hiddenbrook,Week5,Hayfield Farm,Week1,219.0 Hayfield Farm - 183.0 Hiddenbrook
Herndon,Week4,Brookfield ,Week3,317.0 Brookfield - 85.0 Herndon
Hiddenbrook,Week2,Herndon,Week5,234.0 Hiddenbrook - 162.0 Herndon
Hayfield Farm,Week1,Kent Gardens,Week2,215.0 Hayfield Farm - 187.0 Kent Gardens
Hiddenbrook,Week5,Hayfield Farm,Week5,203.0 Hayfield Farm - 199.0 Hiddenbrook
Herndon,Week4,Rolling Hills,Week5,281.0 Rolling Hills - 121.0 Herndon
Herndon,Week5,Rolling Hills,Week3,294.0 Rolling Hills - 107.0 Herndon
Herndon,Week5,Rolling Hills,Week4,277.0 Rolling Hills - 124.0 Herndon
Hiddenbrook,Week4,Hayfield Farm,Week4,239.0 Hayfield Farm - 163.0 Hiddenbrook
Hayfield Farm,Week2,Walden Glen,Week4,232.0 Hayfield Farm - 170.0 Walden Glen
Herndon,Week5,Brookfield ,Week2,321.5 Brookfield - 80.5 Herndon
Herndon,Week4,Rolling Hills,Week4,284.0 Rolling Hills - 118.0 Herndon
Hiddenbrook,Week3,Herndon,Week1,293.0 Hiddenbrook - 108.0 Herndon
Hayfield Farm,Week3,Walden Glen,Week4,235.0 Hayfield Farm - 167.0 Walden Glen
Herndon,Week2,Rutherford,Week1,227.0 Rutherford - 175.0 Herndon
Hayfield Farm,Week2,Walden Glen,Week2,230.0 Hayfield Farm - 172.0 Walden Glen
Hiddenbrook,Week5,Herndon,Week3,308.0 Hiddenbrook - 94.0 Herndon
Hiddenbrook,Week4,Hiddenbrook,Week3,204.0 Hiddenbrook (HB2) - 197.0 Hiddenbrook (HB1)
Herndon,Week2,Rolling Valley,Week4,248.0 Rolling Valley - 154.0 Herndon
Hiddenbrook,Week4,Herndon,Week1,292.0 Hiddenbrook - 109.0 Herndon
Hayfield Farm,Week5,Walden Glen,Week5,209.0 Hayfield Farm - 193.0 Walden Glen
Hayfield Farm,Week2,Kent Gardens,Week5,237.0 Kent Gardens - 165.0 Hayfield Farm
Hayfield Farm,Week3,Walden Glen,Week3,254.0 Hayfield Farm - 147.0 Walden Glen
Herndon,Week2,Rolling Valley,Week3,231.0 Rolling Valley - 170.0 Herndon
Hayfield Farm,Week3,Kent Gardens,Week4,224.0 Hayfield Farm - 178.0 Kent Gardens
Hayfield Farm,Week2,Kings Ridge ,Week1,275.0 Hayfield Farm - 127.0 Kings Ridge
Hayfield Farm,Week4,Kent Gardens,Week3,212.0 Hayfield Farm - 190.0 Kent Gardens
Herndon,Week3,Rolling Valley,Week1,211.0 Rolling Valley - 190.0 Herndon
Herndon,Week1,Rutherford,Week2,247.0 Rutherford - 153.0 Herndon
Hiddenbrook,Week3,Herndon,Week3,284.0 Hiddenbrook - 113.0 Herndon
Hayfield Farm,Week2,Walden Glen,Week5,220.0 Hayfield Farm - 182.0 Walden Glen
Herndon,Week4,Rolling Valley,Week5,262.0 Rolling Valley - 140.0 Herndon
Hayfield Farm,Week5,Walden Glen,Week3,243.0 Hayfield Farm - 159.0 Walden Glen
Hayfield Farm,Week5,Walden Glen,Week2,226.5 Hayfield Farm - 175.5 Walden Glen
Hiddenbrook,Week4,Herndon,Week2,288.0 Hiddenbrook - 113.0 Herndon
Hayfield Farm,Week4,Kent Gardens,Week1,220.0 Kent Gardens - 182.0 Hayfield Farm
Hiddenbrook,Week4,Hayfield Farm,Week3,249.0 Hayfield Farm - 153.0 Hiddenbrook
Hayfield Farm,Week3,Kent Gardens,Week2,243.0 Hayfield Farm - 159.0 Kent Gardens
Herndon,Week5,Rolling Valley,Week2,243.0 Rolling Valley - 159.0 Herndon
Hayfield Farm,Week4,Kent Gardens,Week4,208.0 Kent Gardens - 194.0 Hayfield Farm
Hiddenbrook,Week3,Herndon,Week4,285.0 Hiddenbrook - 116.0 Herndon
Hayfield Farm,Week2,Walden Glen,Week1,252.0 Hayfield Farm - 150.0 Walden Glen
Hayfield Farm,Week5,Kent Gardens,Week1,213.0 Kent Gardens - 189.0 Hayfield Farm
Hiddenbrook,Week3,Herndon,Week5,281.0 Hiddenbrook - 120.0 Herndon
Herndon,Week2,Rolling Valley,Week5,246.0 Rolling Valley - 156.0 Herndon
Herndon,Week1,Rutherford,Week4,268.0 Rutherford - 132.0 Herndon
Hiddenbrook,Week2,Hiddenbrook,Week1,227.0 Hiddenbrook (HB2) - 174.0 Hiddenbrook (HB1)
Hayfield Farm,Week2,Kent Gardens,Week3,217.0 Hayfield Farm - 185.0 Kent Gardens
Hayfield Farm,Week2,Kent Gardens,Week2,221.0 Hayfield Farm - 181.0 Kent Gardens
Hayfield Farm,Week4,Wakefield Chapel,Week2,299.0 Wakefield Chapel - 103.0 Hayfield Farm
Herndon,Week3,Rolling Valley,Week4,264.0 Rolling Valley - 138.0 Herndon
Hiddenbrook,Week4,Hiddenbrook,Week1,226.0 Hiddenbrook (HB1) - 176.0 Hiddenbrook (HB2)
Herndon,Week1,Rutherford,Week3,278.0 Rutherford - 122.0 Herndon
Hayfield Farm,Week5,Wakefield Chapel,Week5,323.0 Wakefield Chapel - 79.0 Hayfield Farm
Hayfield Farm,Week4,Kent Gardens,Week5,241.0 Kent Gardens - 161.0 Hayfield Farm
Hayfield Farm,Week4,Wakefield Chapel,Week5,320.0 Wakefield Chapel - 82.0 Hayfield Farm
Hayfield Farm,Week4,Kent Gardens,Week2,216.0 Hayfield Farm - 186.0 Kent Gardens
Hayfield Farm,Week4,Wakefield Chapel,Week4,289.0 Wakefield Chapel - 113.0 Hayfield Farm
Hiddenbrook,Week4,Hayfield Farm,Week1,238.0 Hayfield Farm - 164.0 Hiddenbrook
Herndon,Week3,Rolling Valley,Week5,245.0 Rolling Valley - 157.0 Herndon
Hayfield Farm,Week1,Walden Glen,Week4,227.0 Hayfield Farm - 175.0 Walden Glen
Herndon,Week2,Rutherford,Week4,279.0 Rutherford - 123.0 Herndon
Hiddenbrook,Week5,Hayfield Farm,Week3,237.0 Hayfield Farm - 165.0 Hiddenbrook
Hayfield Farm,Week4,Walden Glen,Week3,238.0 Hayfield Farm - 164.0 Walden Glen
Hiddenbrook,Week2,Hiddenbrook,Week3,270.0 Hiddenbrook (HB2) - 132.0 Hiddenbrook (HB1)
Herndon,Week2,Rolling Valley,Week1,201.0 Herndon - 200.0 Rolling Valley
Herndon,Week5,Rolling Valley,Week3,231.0 Rolling Valley - 170.0 Herndon
Hayfield Farm,Week2,Waynewood,Week4,256.3 Waynewood - 145.7 Hayfield Farm
Hayfield Farm,Week5,Kent Gardens,Week3,213.0 Kent Gardens - 189.0 Hayfield Farm
Hayfield Farm,Week1,Walden Glen,Week2,233.0 Hayfield Farm - 169.0 Walden Glen
Hayfield Farm,Week1,Walden Glen,Week3,246.0 Hayfield Farm - 156.0 Walden Glen
Hayfield Farm,Week3,Kent Gardens,Week1,216.0 Hayfield Farm - 186.0 Kent Gardens
Herndon,Week4,Rolling Valley,Week4,249.0 Rolling Valley - 153.0 Herndon
Hayfield Farm,Week4,Wakefield Chapel,Week3,317.0 Wakefield Chapel - 85.0 Hayfield Farm
Hiddenbrook,Week5,Herndon,Week5,298.0 Hiddenbrook - 104.0 Herndon
Hayfield Farm,Week1,Kent Gardens,Week4,205.0 Kent Gardens - 197.0 Hayfield Farm
Hayfield Farm,Week1,Walden Glen,Week5,218.0 Hayfield Farm - 184.0 Walden Glen
Herndon,Week3,Rolling Valley,Week3,235.0 Rolling Valley - 166.0 Herndon
Herndon,Week4,Rolling Valley,Week3,247.0 Rolling Valley - 154.0 Herndon
Hiddenbrook,Week1,Hiddenbrook,Week5,237.0 Hiddenbrook (HB2) - 165.0 Hiddenbrook (HB1)
Hayfield Farm,Week2,Kent Gardens,Week4,203.0 Kent Gardens - 199.0 Hayfield Farm
Hiddenbrook,Week1,Hiddenbrook,Week4,226.0 Hiddenbrook (HB2) - 176.0 Hiddenbrook (HB1)
Herndon,Week4,Rolling Valley,Week2,247.0 Rolling Valley - 155.0 Herndon
Hayfield Farm,Week3,Kent Gardens,Week5,208.0 Kent Gardens - 194.0 Hayfield Farm
Hayfield Farm,Week4,Wakefield Chapel,Week1,313.0 Wakefield Chapel - 89.0 Hayfield Farm
Herndon,Week5,Rolling Valley,Week5,240.0 Rolling Valley - 162.0 Herndon
Hiddenbrook,Week2,Hiddenbrook,Week5,288.0 Hiddenbrook (HB2) - 114.0 Hiddenbrook (HB1)
Hiddenbrook,Week4,Hiddenbrook,Week2,260.0 Hiddenbrook (HB1) - 137.0 Hiddenbrook (HB2)
Hayfield Farm,Week1,Kent Gardens,Week5,226.0 Kent Gardens - 176.0 Hayfield Farm
Hayfield Farm,Week5,Wakefield Chapel,Week3,305.0 Wakefield Chapel - 97.0 Hayfield Farm
Herndon,Week5,Rolling Valley,Week4,257.0 Rolling Valley - 145.0 Herndon
Hayfield Farm,Week1,Kent Gardens,Week1,203.0 Kent Gardens - 199.0 Hayfield Farm
Hayfield Farm,Week2,Kent Gardens,Week1,203.0 Kent Gardens - 199.0 Hayfield Farm
Hiddenbrook,Week5,Herndon,Week2,302.0 Hiddenbrook - 100.0 Herndon
Hiddenbrook,Week1,Hiddenbrook,Week3,226.0 Hiddenbrook (HB2) - 176.0 Hiddenbrook (HB1)
Herndon,Week3,Rolling Valley,Week2,233.0 Rolling Valley - 169.0 Herndon
Herndon,Week1,Rutherford,Week5,261.0 Rutherford - 140.0 Herndon
Hayfield Farm,Week1,Kings Ridge ,Week2,269.0 Hayfield Farm - 133.0 Kings Ridge
Hayfield Farm,Week3,Kent Gardens,Week3,222.0 Hayfield Farm - 180.0 Kent Gardens
Hayfield Farm,Week4,Walden Glen,Week1,267.0 Hayfield Farm - 135.0 Walden Glen
Hiddenbrook,Week4,Hiddenbrook,Week5,207.0 Hiddenbrook (HB2) - 195.0 Hiddenbrook (HB1)
Hiddenbrook,Week2,Hiddenbrook,Week2,187.5 Hiddenbrook (HB1) - 187.5 Hiddenbrook (HB2)
Herndon,Week1,Rutherford,Week1,229.0 Rutherford - 171.0 Herndon
Herndon,Week5,Rolling Valley,Week1,211.0 Rolling Valley - 190.0 Herndon
Hayfield Farm,Week1,Walden Glen,Week1,255.0 Hayfield Farm - 147.0 Walden Glen
Hayfield Farm,Week3,Walden Glen,Week2,237.0 Hayfield Farm - 165.0 Walden Glen
Hiddenbrook,Week5,Hiddenbrook,Week1,237.0 Hiddenbrook (HB1) - 165.0 Hiddenbrook (HB2)
Hayfield Farm,Week5,Kent Gardens,Week5,244.0 Kent Gardens - 158.0 Hayfield Farm
Hayfield Farm,Week2,Walden Glen,Week3,249.0 Hayfield Farm - 153.0 Walden Glen
Hayfield Farm,Week3,Walden Glen,Week5,224.0 Hayfield Farm - 178.0 Walden Glen
Herndon,Week2,Rutherford,Week2,250.0 Rutherford - 151.0 Herndon
Hayfield Farm,Week1,Kent Gardens,Week3,219.0 Hayfield Farm - 183.0 Kent Gardens
Hayfield Farm,Week5,Kent Gardens,Week4,221.0 Kent Gardens - 181.0 Hayfield Farm
Herndon,Week2,Rolling Valley,Week2,219.0 Rolling Valley - 183.0 Herndon
Hiddenbrook,Week5,Herndon,Week4,306.0 Hiddenbrook - 96.0 Herndon
Hayfield Farm,Week5,Wakefield Chapel,Week4,281.0 Wakefield Chapel - 121.0 Hayfield Farm
Herndon,Week3,Rutherford,Week3,269.0 Rutherford - 132.0 Herndon
Hayfield Farm,Week1,Kings Ridge ,Week5,262.0 Hayfield Farm - 140.0 Kings Ridge
Hayfield Farm,Week4,Walden Glen,Week4,227.0 Hayfield Farm - 175.0 Walden Glen
Hiddenbrook,Week1,Hiddenbrook,Week1,200.0 Hiddenbrook (HB1) - 200.0 Hiddenbrook (HB2)
Hayfield Farm,Week4,Walden Glen,Week5,210.0 Hayfield Farm - 192.0 Walden Glen
Hayfield Farm,Week1,Kings Ridge ,Week3,264.0 Hayfield Farm - 138.0 Kings Ridge
Hayfield Farm,Week1,Kings Ridge ,Week4,264.0 Hayfield Farm - 138.0 Kings Ridge
Hayfield Farm,Week5,Walden Glen,Week1,254.0 Hayfield Farm - 148.0 Walden Glen
Hiddenbrook,Week5,Herndon,Week1,304.0 Hiddenbrook - 98.0 Herndon
Hayfield Farm,Week4,Walden Glen,Week2,237.0 Hayfield Farm - 165.0 Walden Glen
Hayfield Farm,Week5,Kings Ridge ,Week3,274.0 Hayfield Farm - 128.0 Kings Ridge
Herndon,Week3,Rutherford,Week4,271.0 Rutherford - 131.0 Herndon
Herndon,Week5,Rutherford,Week5,271.0 Rutherford - 131.0 Herndon
Hayfield Farm,Week5,Kings Ridge ,Week4,271.0 Hayfield Farm - 131.0 Kings Ridge
Hiddenbrook,Week4,Herndon,Week5,286.0 Hiddenbrook - 115.0 Herndon
Herndon,Week2,Rutherford,Week3,265.0 Rutherford - 137.0 Herndon
Hayfield Farm,Week5,Walden Glen,Week4,219.0 Hayfield Farm - 183.0 Walden Glen
Herndon,Week1,Shouse Village,Week1,302.0 Shouse Village - 100.0 Herndon
Hiddenbrook,Week3,Hiddenbrook,Week2,270.0 Hiddenbrook (HB1) - 132.0 Hiddenbrook (HB2)
Hiddenbrook,Week1,Hiddenbrook,Week2,227.0 Hiddenbrook (HB1) - 174.0 Hiddenbrook (HB2)
Herndon,Week3,Shouse Village,Week2,293.0 Shouse Village - 109.0 Herndon
Hayfield Farm,Week3,Kings Ridge ,Week2,296.0 Hayfield Farm - 105.0 Kings Ridge
Herndon,Week2,Shouse Village,Week4,316.0 Shouse Village - 86.0 Herndon
Hayfield Farm,Week5,Kings Ridge ,Week2,285.0 Hayfield Farm - 117.0 Kings Ridge
Hayfield Farm,Week1,Waynewood,Week1,221.0 Waynewood - 181.0 Hayfield Farm
Herndon,Week2,Rutherford,Week5,275.0 Rutherford - 127.0 Herndon
Hayfield Farm,Week5,Kings Ridge ,Week5,272.0 Hayfield Farm - 130.0 Kings Ridge
Hayfield Farm,Week1,Waynewood,Week2,234.0 Waynewood - 168.0 Hayfield Farm
Hayfield Farm,Week1,Kings Ridge ,Week1,280.0 Hayfield Farm - 122.0 Kings Ridge
Hayfield Farm,Week1,Waynewood,Week3,253.0 Waynewood - 149.0 Hayfield Farm
Hiddenbrook,Week2,Hiddenbrook,Week4,260.0 Hiddenbrook (HB2) - 137.0 Hiddenbrook (HB1)
Hiddenbrook,Week3,Hiddenbrook,Week3,198.0 Hiddenbrook (HB1) - 198.0 Hiddenbrook (HB2)
Hiddenbrook,Week3,Hiddenbrook,Week4,204.0 Hiddenbrook (HB1) - 197.0 Hiddenbrook (HB2)
Hiddenbrook,Week3,Hiddenbrook,Week1,226.0 Hiddenbrook (HB1) - 176.0 Hiddenbrook (HB2)
Hiddenbrook,Week3,Hiddenbrook,Week5,205.0 Hiddenbrook (HB2) - 197.0 Hiddenbrook (HB1)
Herndon,Week5,Rutherford,Week3,265.0 Rutherford - 136.0 Herndon
Hayfield Farm,Week1,Waynewood,Week5,268.5 Waynewood - 133.5 Hayfield Farm
Hayfield Farm,Week2,Kings Ridge ,Week2,290.0 Hayfield Farm - 112.0 Kings Ridge
Herndon,Week3,Rutherford,Week5,282.0 Rutherford - 119.0 Herndon
Herndon,Week3,Shouse Village,Week5,308.0 Shouse Village - 94.0 Herndon
Hayfield Farm,Week3,Waynewood,Week1,207.0 Waynewood - 195.0 Hayfield Farm
Hayfield Farm,Week3,Waynewood,Week2,216.0 Waynewood - 186.0 Hayfield Farm
Herndon,Week5,Rutherford,Week1,226.0 Rutherford - 176.0 Herndon
Hayfield Farm,Week1,Lake Braddock,Week1,308.0 Hayfield Farm - 94.0 Lake Braddock
Hiddenbrook,Week5,Hiddenbrook,Week2,288.0 Hiddenbrook (HB1) - 114.0 Hiddenbrook (HB2)
Hiddenbrook,Week5,Hiddenbrook,Week5,201.0 Hiddenbrook (HB1) - 201.0 Hiddenbrook (HB2)
Hayfield Farm,Week3,Kings Ridge ,Week5,268.0 Hayfield Farm - 134.0 Kings Ridge
Hayfield Farm,Week1,Waynewood,Week4,243.0 Waynewood - 159.0 Hayfield Farm
Herndon,Week4,Rutherford,Week1,234.0 Rutherford - 168.0 Herndon
Hayfield Farm,Week4,Waynewood,Week1,209.0 Waynewood - 193.0 Hayfield Farm
Herndon,Week3,Shouse Village,Week1,297.0 Shouse Village - 105.0 Herndon
Hayfield Farm,Week4,Kings Ridge ,Week1,298.0 Hayfield Farm - 104.0 Kings Ridge
Hiddenbrook,Week5,Hiddenbrook,Week3,205.0 Hiddenbrook (HB1) - 197.0 Hiddenbrook (HB2)
Herndon,Week4,Shouse Village,Week1,300.5 Shouse Village - 100.5 Herndon
Hayfield Farm,Week4,Kings Ridge ,Week5,276.5 Hayfield Farm - 125.5 Kings Ridge
Herndon,Week4,Rutherford,Week3,262.0 Rutherford - 140.0 Herndon
Hayfield Farm,Week2,Waynewood,Week2,244.0 Waynewood - 158.0 Hayfield Farm
Hayfield Farm,Week4,Waynewood,Week2,227.0 Waynewood - 175.0 Hayfield Farm
Hayfield Farm,Week2,Waynewood,Week3,265.0 Waynewood - 137.0 Hayfield Farm
Hayfield Farm,Week2,Waynewood,Week1,213.0 Waynewood - 189.0 Hayfield Farm
Hayfield Farm,Week4,Kings Ridge ,Week3,290.0 Hayfield Farm - 112.0 Kings Ridge
Hayfield Farm,Week4,Waynewood,Week5,261.0 Waynewood - 141.0 Hayfield Farm
Hiddenbrook,Week4,Hiddenbrook,Week4,195.5 Hiddenbrook (HB1) - 195.5 Hiddenbrook (HB2)
Herndon,Week5,Rutherford,Week4,285.0 Rutherford - 117.0 Herndon
Hayfield Farm,Week2,Waynewood,Week5,271.0 Waynewood - 131.0 Hayfield Farm
Herndon,Week1,Shouse Village,Week4,325.0 Shouse Village - 77.0 Herndon
Hiddenbrook,Week5,Hiddenbrook,Week4,207.0 Hiddenbrook (HB1) - 195.0 Hiddenbrook (HB2)
Hayfield Farm,Week3,Kings Ridge ,Week3,286.0 Hayfield Farm - 116.0 Kings Ridge
Hayfield Farm,Week1,Lake Braddock,Week2,283.0 Hayfield Farm - 119.0 Lake Braddock
Hayfield Farm,Week1,Lake Braddock,Week3,292.0 Hayfield Farm - 110.0 Lake Braddock
Hayfield Farm,Week2,Kings Ridge ,Week4,261.0 Hayfield Farm - 141.0 Kings Ridge
Herndon,Week3,Shouse Village,Week3,301.0 Shouse Village - 101.0 Herndon
Hayfield Farm,Week1,Woodley,Week1,278.0 Hayfield Farm - 124.0 Woodley
Hayfield Farm,Week5,Waynewood,Week3,257.5 Waynewood - 144.5 Hayfield Farm
Herndon,Week2,Shouse Village,Week3,299.0 Shouse Village - 103.0 Herndon
Herndon,Week3,Rutherford,Week1,228.0 Rutherford - 173.0 Herndon
Hayfield Farm,Week2,Kings Ridge ,Week5,263.0 Hayfield Farm - 139.0 Kings Ridge
Hayfield Farm,Week3,Waynewood,Week5,238.0 Waynewood - 164.0 Hayfield Farm
Hayfield Farm,Week5,Waynewood,Week4,255.0 Waynewood - 147.0 Hayfield Farm
Hayfield Farm,Week4,Waynewood,Week4,233.5 Waynewood - 168.5 Hayfield Farm
Hayfield Farm,Week3,Kings Ridge ,Week4,279.0 Hayfield Farm - 123.0 Kings Ridge
Herndon,Week1,Shouse Village,Week2,307.0 Shouse Village - 93.0 Herndon
Hayfield Farm,Week2,Kings Ridge ,Week3,273.0 Hayfield Farm - 129.0 Kings Ridge
Hayfield Farm,Week1,Woodley,Week2,273.0 Hayfield Farm - 129.0 Woodley
Hayfield Farm,Week4,Waynewood,Week3,261.0 Waynewood - 141.0 Hayfield Farm
Hayfield Farm,Week5,Kings Ridge ,Week1,283.0 Hayfield Farm - 119.0 Kings Ridge
Hayfield Farm,Week3,Waynewood,Week4,228.0 Waynewood - 174.0 Hayfield Farm
Hayfield Farm,Week5,Waynewood,Week5,271.0 Waynewood - 131.0 Hayfield Farm
Hayfield Farm,Week4,Kings Ridge ,Week4,279.0 Hayfield Farm - 123.0 Kings Ridge
Herndon,Week2,Shouse Village,Week2,295.0 Shouse Village - 106.0 Herndon
Herndon,Week5,Rutherford,Week2,245.0 Rutherford - 157.0 Herndon
Hayfield Farm,Week4,Kings Ridge ,Week2,297.0 Hayfield Farm - 105.0 Kings Ridge
Herndon,Week4,Rutherford,Week5,263.0 Rutherford - 139.0 Herndon
Herndon,Week2,Shouse Village,Week1,292.0 Shouse Village - 109.0 Herndon
Herndon,Week3,Rutherford,Week2,253.0 Rutherford - 148.0 Herndon
Hayfield Farm,Week3,Kings Ridge ,Week1,289.0 Hayfield Farm - 113.0 Kings Ridge
Hayfield Farm,Week5,Woodley,Week1,274.0 Hayfield Farm - 128.0 Woodley
Herndon,Week1,Shouse Village,Week5,317.5 Shouse Village - 81.5 Herndon
Hayfield Farm,Week5,Hunt Valley,Week1,264.0 Hunt Valley - 138.0 Hayfield Farm
Herndon,Week4,Rutherford,Week2,251.0 Rutherford - 151.0 Herndon
Herndon,Week3,Sideburn Run,Week4,316.0 Sideburn Run - 86.0 Herndon
Hayfield Farm,Week3,Woodley,Week2,293.0 Hayfield Farm - 109.0 Woodley
Hayfield Farm,Week4,Woodley,Week5,270.0 Hayfield Farm - 132.0 Woodley
Hayfield Farm,Week1,Woodley,Week4,270.0 Hayfield Farm - 132.0 Woodley
Herndon,Week4,Shouse Village,Week4,317.0 Shouse Village - 85.0 Herndon
Herndon,Week2,Shouse Village,Week5,310.0 Shouse Village - 91.0 Herndon
Herndon,Week2,Annandale,Week2,281.0 Annandale - 120.0 Herndon
Herndon,Week3,Shouse Village,Week4,323.0 Shouse Village - 79.0 Herndon
Hayfield Farm,Week5,Waynewood,Week1,226.0 Waynewood - 176.0 Hayfield Farm
Hayfield Farm,Week3,Woodley,Week4,293.0 Hayfield Farm - 109.0 Woodley
Herndon,Week2,Sideburn Run,Week5,327.0 Sideburn Run - 75.0 Herndon
Hayfield Farm,Week4,Hunt Valley,Week5,282.0 Hunt Valley - 120.0 Hayfield Farm
Herndon,Week4,Rutherford,Week4,293.0 Rutherford - 109.0 Herndon
Herndon,Week1,Shouse Village,Week3,316.0 Shouse Village - 86.0 Herndon
Hayfield Farm,Week3,Waynewood,Week3,228.0 Waynewood - 174.0 Hayfield Farm
Hayfield Farm,Week4,Hunt Valley,Week4,268.0 Hunt Valley - 134.0 Hayfield Farm
Hayfield Farm,Week2,Woodley,Week3,300.0 Hayfield Farm - 102.0 Woodley
Herndon,Week5,Sideburn Run,Week3,335.0 Sideburn Run - 67.0 Herndon
Herndon,Week2,Annandale,Week4,249.0 Annandale - 151.0 Herndon
Hayfield Farm,Week4,Woodley,Week1,294.0 Hayfield Farm - 108.0 Woodley
Herndon,Week5,Shouse Village,Week4,323.0 Shouse Village - 79.0 Herndon
Hayfield Farm,Week4,Hunt Valley,Week3,271.0 Hunt Valley - 131.0 Hayfield Farm
Herndon,Week4,Shouse Village,Week3,303.0 Shouse Village - 99.0 Herndon
Hayfield Farm,Week1,Woodley,Week3,282.0 Hayfield Farm - 120.0 Woodley
Herndon,Week4,Shouse Village,Week2,313.0 Shouse Village - 89.0 Herndon
Hayfield Farm,Week5,Waynewood,Week2,248.5 Waynewood - 153.5 Hayfield Farm
Herndon,Week5,Shouse Village,Week3,304.0 Shouse Village - 98.0 Herndon
Hayfield Farm,Week4,Woodley,Week2,292.0 Hayfield Farm - 110.0 Woodley
Herndon,Week1,Sideburn Run,Week4,310.0 Sideburn Run - 92.0 Herndon
Hayfield Farm,Week1,Hunt Valley,Week4,265.0 Hunt Valley - 137.0 Hayfield Farm
Hayfield Farm,Week5,Woodley,Week2,288.0 Hayfield Farm - 114.0 Woodley
Hayfield Farm,Week2,Hunt Valley,Week1,273.5 Hunt Valley - 128.5 Hayfield Farm
Hayfield Farm,Week3,Hunt Valley,Week4,245.0 Hunt Valley - 157.0 Hayfield Farm
Hayfield Farm,Week3,Woodley,Week5,280.0 Hayfield Farm - 122.0 Woodley
Hayfield Farm,Week2,Woodley,Week5,278.0 Hayfield Farm - 124.0 Woodley
Herndon,Week4,Shouse Village,Week5,314.0 Shouse Village - 87.0 Herndon
Hayfield Farm,Week4,Woodley,Week4,287.0 Hayfield Farm - 115.0 Woodley
Hayfield Farm,Week2,Hunt Valley,Week5,294.0 Hunt Valley - 108.0 Hayfield Farm
Hayfield Farm,Week1,Woodley,Week5,265.0 Hayfield Farm - 137.0 Woodley
Hayfield Farm,Week5,Woodley,Week5,268.0 Hayfield Farm - 134.0 Woodley
Herndon,Week2,Sideburn Run,Week2,304.0 Sideburn Run - 98.0 Herndon
Hayfield Farm,Week3,Woodley,Week3,297.0 Hayfield Farm - 105.0 Woodley
Hayfield Farm,Week1,Hunt Valley,Week2,260.0 Hunt Valley - 142.0 Hayfield Farm
Herndon,Week5,Shouse Village,Week2,299.0 Shouse Village - 103.0 Herndon
Herndon,Week2,Sideburn Run,Week1,313.0 Sideburn Run - 89.0 Herndon
Herndon,Week1,Annandale,Week1,245.0 Annandale - 154.0 Herndon
Hayfield Farm,Week1,Hunt Valley,Week1,268.0 Hunt Valley - 134.0 Hayfield Farm
Hayfield Farm,Week2,Woodley,Week2,289.0 Hayfield Farm - 113.0 Woodley
Hayfield Farm,Week2,Woodley,Week4,288.0 Hayfield Farm - 114.0 Woodley
Hayfield Farm,Week5,Woodley,Week3,280.5 Hayfield Farm - 121.5 Woodley
Hayfield Farm,Week2,Hunt Valley,Week4,277.0 Hunt Valley - 125.0 Hayfield Farm
Hayfield Farm,Week5,Hunt Valley,Week3,287.0 Hunt Valley - 115.0 Hayfield Farm
Hayfield Farm,Week4,Woodley,Week3,295.0 Hayfield Farm - 107.0 Woodley
Herndon,Week4,Sideburn Run,Week3,325.5 Sideburn Run - 76.5 Herndon
Hayfield Farm,Week1,Hunt Valley,Week5,284.5 Hunt Valley - 117.5 Hayfield Farm
Herndon,Week4,Sideburn Run,Week5,334.0 Sideburn Run - 68.0 Herndon
Herndon,Week3,Sideburn Run,Week1,311.0 Sideburn Run - 91.0 Herndon
Hayfield Farm,Week3,Hunt Valley,Week1,252.0 Hunt Valley - 150.0 Hayfield Farm
Herndon,Week1,Sleepy Hollow B & R,Week4,338.0 Sleepy Hollow B & R - 64.0 Herndon
Herndon,Week2,Sideburn Run,Week4,316.0 Sideburn Run - 86.0 Herndon
Herndon,Week1,Sideburn Run,Week1,309.0 Sideburn Run - 92.0 Herndon
Hayfield Farm,Week5,Woodley,Week4,286.0 Hayfield Farm - 116.0 Woodley
Hayfield Farm,Week2,Hunt Valley,Week2,265.0 Hunt Valley - 137.0 Hayfield Farm
Herndon,Week1,Sideburn Run,Week5,324.0 Sideburn Run - 78.0 Herndon
Hayfield Farm,Week4,Hunt Valley,Week1,258.0 Hunt Valley - 144.0 Hayfield Farm
Hayfield Farm,Week5,Hunt Valley,Week2,274.0 Hunt Valley - 128.0 Hayfield Farm
Hayfield Farm,Week3,Hunt Valley,Week2,239.0 Hunt Valley - 163.0 Hayfield Farm
Herndon,Week1,Sideburn Run,Week2,301.0 Sideburn Run - 101.0 Herndon
Herndon,Week5,Shouse Village,Week1,297.0 Shouse Village - 104.0 Herndon
Herndon,Week4,Annandale,Week1,249.0 Annandale - 153.0 Herndon
Hayfield Farm,Week2,Woodley,Week1,287.0 Hayfield Farm - 115.0 Woodley
Herndon,Week4,Sideburn Run,Week1,315.0 Sideburn Run - 87.0 Herndon
Hayfield Farm,Week5,Holmes Run Acres,Week4,204.0 Holmes Run Acres - 198.0 Hayfield Farm
Herndon,Week1,Annandale,Week2,269.0 Annandale - 132.0 Herndon
Hayfield Farm,Week4,Hunt Valley,Week2,255.0 Hunt Valley - 147.0 Hayfield Farm
Hayfield Farm,Week5,Holmes Run Acres,Week3,245.0 Holmes Run Acres - 157.0 Hayfield Farm
Herndon,Week2,Annandale,Week3,277.0 Annandale - 120.0 Herndon
Herndon,Week3,Sideburn Run,Week2,307.0 Sideburn Run - 95.0 Herndon
Herndon,Week4,Sideburn Run,Week2,303.0 Sideburn Run - 99.0 Herndon
Herndon,Week1,Annandale,Week5,294.0 Annandale - 105.0 Herndon
Hayfield Farm,Week3,Woodley,Week1,291.0 Hayfield Farm - 111.0 Woodley
Herndon,Week3,Sideburn Run,Week5,332.0 Sideburn Run - 70.0 Herndon
Herndon,Week4,Sideburn Run,Week4,322.0 Sideburn Run - 80.0 Herndon
Herndon,Week1,Annandale,Week4,251.0 Annandale - 149.0 Herndon
Hayfield Farm,Week3,Hunt Valley,Week3,246.0 Hunt Valley - 156.0 Hayfield Farm
Hayfield Farm,Week2,Hunt Valley,Week3,289.0 Hunt Valley - 113.0 Hayfield Farm
Herndon,Week1,Sideburn Run,Week3,313.0 Sideburn Run - 89.0 Herndon
Herndon,Week2,Arlington Forest,Week1,337.0 Arlington Forest - 65.0 Herndon
Herndon,Week1,Annandale,Week3,278.0 Annandale - 119.0 Herndon
Herndon,Week2,Annandale,Week1,249.0 Annandale - 152.0 Herndon
Herndon,Week2,Sideburn Run,Week3,318.0 Sideburn Run - 84.0 Herndon
Hayfield Farm,Week3,Hunt Valley,Week5,264.0 Hunt Valley - 138.0 Hayfield Farm
Hayfield Farm,Week5,Holmes Run Acres,Week5,245.0 Holmes Run Acres - 157.0 Hayfield Farm
Herndon,Week5,Shouse Village,Week5,313.0 Shouse Village - 88.0 Herndon
Hayfield Farm,Week1,Hunt Valley,Week3,270.0 Hunt Valley - 132.0 Hayfield Farm
Herndon,Week3,Sideburn Run,Week3,326.0 Sideburn Run - 76.0 Herndon
Herndon,Week5,Sideburn Run,Week4,322.0 Sideburn Run - 80.0 Herndon
Herndon,Week1,Sleepy Hollow B & R,Week1,333.0 Sleepy Hollow B & R - 68.0 Herndon
Herndon,Week2,Sleepy Hollow Rec,Week2,266.0 Sleepy Hollow Rec - 135.0 Herndon
Herndon,Week1,Arlington Forest,Week5,337.5 Arlington Forest - 59.5 Herndon
Herndon,Week2,Arlington Forest,Week5,335.0 Arlington Forest - 62.0 Herndon
Herndon,Week5,Sideburn Run,Week1,323.0 Sideburn Run - 79.0 Herndon
Herndon,Week3,Arlington Forest,Week2,333.0 Arlington Forest - 64.0 Herndon
Herndon,Week1,Sleepy Hollow B & R,Week2,340.0 Sleepy Hollow B & R - 61.0 Herndon
Herndon,Week4,Annandale,Week4,253.0 Annandale - 147.0 Herndon
Herndon,Week5,Annandale,Week1,234.0 Annandale - 168.0 Herndon
Herndon,Week5,Sideburn Run,Week2,309.0 Sideburn Run - 93.0 Herndon
Herndon,Week3,Annandale,Week1,247.0 Annandale - 155.0 Herndon
Herndon,Week3,Annandale,Week3,258.0 Annandale - 139.0 Herndon
Herndon,Week4,Sleepy Hollow B & R,Week5,355.0 Sleepy Hollow B & R - 46.0 Herndon
Herndon,Week2,Arlington Forest,Week4,354.0 Arlington Forest - 48.0 Herndon
Herndon,Week3,Annandale,Week5,283.0 Annandale - 118.0 Herndon
Herndon,Week5,Annandale,Week4,243.0 Annandale - 157.0 Herndon
Herndon,Week1,Arlington Forest,Week4,354.0 Arlington Forest - 48.0 Herndon
Herndon,Week1,Sleepy Hollow B & R,Week3,341.0 Sleepy Hollow B & R - 60.0 Herndon
Herndon,Week3,Sleepy Hollow B & R,Week2,346.0 Sleepy Hollow B & R - 55.0 Herndon
Herndon,Week5,Sleepy Hollow B & R,Week1,338.0 Sleepy Hollow B & R - 63.0 Herndon
Herndon,Week2,Annandale,Week5,293.0 Annandale - 107.0 Herndon
Herndon,Week4,Arlington Forest,Week2,328.0 Arlington Forest - 74.0 Herndon
Herndon,Week3,Annandale,Week2,260.0 Annandale - 142.0 Herndon
Herndon,Week4,Sleepy Hollow B & R,Week3,349.0 Sleepy Hollow B & R - 52.0 Herndon
Herndon,Week2,Arlington Forest,Week3,327.0 Arlington Forest - 75.0 Herndon
Herndon,Week5,Sleepy Hollow B & R,Week5,359.0 Sleepy Hollow B & R - 42.0 Herndon
Herndon,Week5,Sideburn Run,Week5,336.0 Sideburn Run - 66.0 Herndon
Herndon,Week3,Annandale,Week4,251.0 Annandale - 150.0 Herndon
Herndon,Week2,Sleepy Hollow Rec,Week3,288.0 Sleepy Hollow Rec - 114.0 Herndon
Herndon,Week4,Annandale,Week3,268.0 Annandale - 134.0 Herndon
Herndon,Week2,Sleepy Hollow B & R,Week1,337.0 Sleepy Hollow B & R - 64.0 Herndon
Herndon,Week5,Sleepy Hollow B & R,Week4,347.0 Sleepy Hollow B & R - 55.0 Herndon
Herndon,Week4,Sleepy Hollow B & R,Week1,339.0 Sleepy Hollow B & R - 62.0 Herndon
Herndon,Week1,Arlington Forest,Week2,336.0 Arlington Forest - 61.0 Herndon
Herndon,Week2,Brandywine,Week5,319.0 Brandywine - 83.0 Herndon
Herndon,Week5,Sleepy Hollow B & R,Week2,346.0 Sleepy Hollow B & R - 55.0 Herndon
Herndon,Week5,Annandale,Week5,281.0 Annandale - 119.0 Herndon
Herndon,Week2,Sleepy Hollow B & R,Week5,349.0 Sleepy Hollow B & R - 52.0 Herndon
Herndon,Week1,Sleepy Hollow Rec,Week2,279.0 Sleepy Hollow Rec - 122.0 Herndon
Herndon,Week4,Sleepy Hollow B & R,Week4,346.0 Sleepy Hollow B & R - 56.0 Herndon
Herndon,Week2,Brandywine,Week3,291.0 Brandywine - 110.0 Herndon
Herndon,Week1,Sleepy Hollow Rec,Week1,272.0 Sleepy Hollow Rec - 130.0 Herndon
Herndon,Week1,Sleepy Hollow Rec,Week4,267.0 Sleepy Hollow Rec - 134.0 Herndon
Herndon,Week3,Arlington Forest,Week4,355.0 Arlington Forest - 47.0 Herndon
Herndon,Week2,Sleepy Hollow B & R,Week3,341.0 Sleepy Hollow B & R - 60.0 Herndon
Herndon,Week1,Sleepy Hollow Rec,Week5,280.0 Sleepy Hollow Rec - 120.0 Herndon
Herndon,Week4,Annandale,Week2,256.0 Annandale - 145.0 Herndon
Herndon,Week1,Arlington Forest,Week3,315.0 Arlington Forest - 86.0 Herndon
Herndon,Week3,Arlington Forest,Week3,326.0 Arlington Forest - 75.0 Herndon
Herndon,Week4,Annandale,Week5,292.0 Annandale - 108.0 Herndon
Herndon,Week3,Sleepy Hollow B & R,Week5,354.0 Sleepy Hollow B & R - 47.0 Herndon
Herndon,Week2,Sleepy Hollow Rec,Week1,274.0 Sleepy Hollow Rec - 128.0 Herndon
Herndon,Week3,Arlington Forest,Week5,336.0 Arlington Forest - 61.0 Herndon
Herndon,Week4,Arlington Forest,Week3,327.5 Arlington Forest - 74.5 Herndon
Herndon,Week1,Arlington Forest,Week1,332.0 Arlington Forest - 70.0 Herndon
Herndon,Week5,Annandale,Week2,248.0 Annandale - 153.0 Herndon
Herndon,Week1,Sleepy Hollow B & R,Week5,350.0 Sleepy Hollow B & R - 51.0 Herndon
Herndon,Week2,Sleepy Hollow B & R,Week2,349.0 Sleepy Hollow B & R - 52.0 Herndon
Herndon,Week3,Sleepy Hollow B & R,Week4,343.0 Sleepy Hollow B & R - 59.0 Herndon
Herndon,Week3,Sleepy Hollow B & R,Week3,340.0 Sleepy Hollow B & R - 61.0 Herndon
Herndon,Week4,Arlington Forest,Week1,337.0 Arlington Forest - 65.0 Herndon
Herndon,Week5,Sleepy Hollow B & R,Week3,349.0 Sleepy Hollow B & R - 52.0 Herndon
Herndon,Week4,Sleepy Hollow B & R,Week2,344.0 Sleepy Hollow B & R - 57.0 Herndon
Herndon,Week1,Somerset-Olde Creek,Week2,211.0 Herndon - 178.0 Somerset-Olde Creek
Herndon,Week1,Sleepy Hollow Rec,Week3,306.0 Sleepy Hollow Rec - 96.0 Herndon
Herndon,Week2,Brandywine,Week1,296.0 Brandywine - 106.0 Herndon
Herndon,Week2,Arlington Forest,Week2,327.0 Arlington Forest - 70.0 Herndon
Herndon,Week2,Sleepy Hollow B & R,Week4,349.0 Sleepy Hollow B & R - 53.0 Herndon
Herndon,Week1,Brandywine,Week4,320.0 Brandywine - 82.0 Herndon
Herndon,Week3,Sleepy Hollow B & R,Week1,336.0 Sleepy Hollow B & R - 65.0 Herndon
Herndon,Week3,Arlington Forest,Week1,343.0 Arlington Forest - 59.0 Herndon
Herndon,Week5,Annandale,Week3,267.0 Annandale - 135.0 Herndon
Herndon,Week2,Somerset-Olde Creek,Week5,210.0 Somerset-Olde Creek - 185.0 Herndon
Herndon,Week3,Sleepy Hollow Rec,Week5,296.0 Sleepy Hollow Rec - 106.0 Herndon
Herndon,Week2,Somerset-Olde Creek,Week4,215.0 Herndon - 186.0 Somerset-Olde Creek
Herndon,Week3,Brandywine,Week3,294.0 Brandywine - 101.0 Herndon
Hayfield Farm,Week3,Shouse Village,Week5,212.0 Hayfield Farm - 190.0 Shouse Village
Herndon,Week4,Brandywine,Week1,301.0 Brandywine - 101.0 Herndon
Herndon,Week1,Brandywine,Week2,309.0 Brandywine - 92.0 Herndon
Herndon,Week5,Sleepy Hollow Rec,Week3,283.0 Sleepy Hollow Rec - 119.0 Herndon
Herndon,Week4,Arlington Forest,Week5,332.0 Arlington Forest - 70.0 Herndon
Herndon,Week5,Arlington Forest,Week2,336.0 Arlington Forest - 66.0 Herndon
Herndon,Week5,Arlington Forest,Week4,352.5 Arlington Forest - 49.5 Herndon
Herndon,Week4,Sleepy Hollow Rec,Week5,293.0 Sleepy Hollow Rec - 109.0 Herndon
Herndon,Week3,Somerset-Olde Creek,Week2,216.0 Herndon - 178.0 Somerset-Olde Creek
Hayfield Farm,Week2,Shouse Village,Week3,215.0 Hayfield Farm - 187.0 Shouse Village
Hayfield Farm,Week3,Hunter Mill,Week5,247.0 Hunter Mill - 155.0 Hayfield Farm
Hayfield Farm,Week4,Hunter Mill,Week5,264.5 Hunter Mill - 137.5 Hayfield Farm
Herndon,Week1,Brandywine,Week5,321.0 Brandywine - 81.0 Herndon
Herndon,Week1,Brandywine,Week1,303.0 Brandywine - 99.0 Herndon
Herndon,Week4,Somerset-Olde Creek,Week3,229.0 Herndon - 169.0 Somerset-Olde Creek
Hayfield Farm,Week2,Shouse Village,Week1,234.0 Hayfield Farm - 168.0 Shouse Village
Herndon,Week2,Somerset-Olde Creek,Week3,223.5 Herndon - 165.5 Somerset-Olde Creek
Herndon,Week3,Brandywine,Week5,325.0 Brandywine - 77.0 Herndon
Herndon,Week4,Arlington Forest,Week4,354.0 Arlington Forest - 48.0 Herndon
Herndon,Week4,Sleepy Hollow Rec,Week2,265.0 Sleepy Hollow Rec - 137.0 Herndon
Hayfield Farm,Week5,Hunter Mill,Week1,237.0 Hunter Mill - 165.0 Hayfield Farm
Herndon,Week4,Somerset-Olde Creek,Week1,214.0 Herndon - 185.0 Somerset-Olde Creek
Hayfield Farm,Week5,Hunter Mill,Week2,243.0 Hunter Mill - 159.0 Hayfield Farm
Hayfield Farm,Week3,Shouse Village,Week2,236.0 Hayfield Farm - 165.0 Shouse Village
Hayfield Farm,Week5,Rutherford,Week4,263.0 Hayfield Farm - 139.0 Rutherford
Herndon,Week2,Brandywine,Week2,290.0 Brandywine - 111.0 Herndon
Hayfield Farm,Week5,Hunter Mill,Week4,275.0 Hunter Mill - 127.0 Hayfield Farm
Hayfield Farm,Week5,Shouse Village,Week4,220.0 Shouse Village - 182.0 Hayfield Farm
Hayfield Farm,Week1,Shouse Village,Week2,227.0 Hayfield Farm - 175.0 Shouse Village
Hayfield Farm,Week1,Shouse Village,Week5,224.0 Shouse Village - 178.0 Hayfield Farm
Herndon,Week3,Brandywine,Week2,300.0 Brandywine - 101.0 Herndon
Herndon,Week5,Sleepy Hollow Rec,Week5,286.0 Sleepy Hollow Rec - 116.0 Herndon
Herndon,Week3,Somerset-Olde Creek,Week3,222.0 Herndon - 171.0 Somerset-Olde Creek
Hayfield Farm,Week1,Hunter Mill,Week4,266.0 Hunter Mill - 136.0 Hayfield Farm
Hayfield Farm,Week3,Shouse Village,Week3,229.0 Hayfield Farm - 173.0 Shouse Village
Hayfield Farm,Week2,Hunter Mill,Week4,266.5 Hunter Mill - 135.5 Hayfield Farm
Hayfield Farm,Week1,Hunter Mill,Week1,232.0 Hunter Mill - 170.0 Hayfield Farm
Herndon,Week1,Brandywine,Week3,300.0 Brandywine - 101.0 Herndon
Hayfield Farm,Week5,Rutherford,Week2,275.0 Hayfield Farm - 127.0 Rutherford
Hayfield Farm,Week5,Hunter Mill,Week3,248.0 Hunter Mill - 154.0 Hayfield Farm
Herndon,Week2,Sleepy Hollow Rec,Week4,279.0 Sleepy Hollow Rec - 123.0 Herndon
Herndon,Week3,Somerset-Olde Creek,Week4,212.0 Herndon - 183.0 Somerset-Olde Creek
Hayfield Farm,Week4,Hunter Mill,Week4,261.0 Hunter Mill - 141.0 Hayfield Farm
Hayfield Farm,Week4,Hunter Mill,Week2,231.0 Hunter Mill - 171.0 Hayfield Farm
Herndon,Week5,Arlington Forest,Week3,323.0 Arlington Forest - 79.0 Herndon
Herndon,Week3,Brandywine,Week1,298.0 Brandywine - 104.0 Herndon
Herndon,Week4,Sleepy Hollow Rec,Week1,269.0 Sleepy Hollow Rec - 133.0 Herndon
Herndon,Week5,Arlington Forest,Week1,342.0 Arlington Forest - 60.0 Herndon
Herndon,Week3,Sleepy Hollow Rec,Week1,269.0 Sleepy Hollow Rec - 133.0 Herndon
Herndon,Week2,Brandywine,Week4,310.0 Brandywine - 92.0 Herndon
Herndon,Week5,Sleepy Hollow Rec,Week2,271.0 Sleepy Hollow Rec - 131.0 Herndon
Herndon,Week3,Sleepy Hollow Rec,Week4,269.0 Sleepy Hollow Rec - 133.0 Herndon
Herndon,Week5,Arlington Forest,Week5,334.0 Arlington Forest - 68.0 Herndon
Herndon,Week3,Brandywine,Week4,317.0 Brandywine - 85.0 Herndon
Hayfield Farm,Week4,Hunter Mill,Week3,240.0 Hunter Mill - 162.0 Hayfield Farm
Hayfield Farm,Week5,Hunt Valley,Week4,277.0 Hunt Valley - 125.0 Hayfield Farm
Hayfield Farm,Week4,Shouse Village,Week3,210.0 Hayfield Farm - 192.0 Shouse Village
Hayfield Farm,Week3,Laurel Hill,Week1,284.0 Hayfield Farm - 112.0 Laurel Hill
Hayfield Farm,Week5,Shouse Village,Week2,222.0 Hayfield Farm - 180.0 Shouse Village
Hayfield Farm,Week2,Hunter Mill,Week2,236.0 Hunter Mill - 166.0 Hayfield Farm
Hayfield Farm,Week2,Hunter Mill,Week3,243.0 Hunter Mill - 159.0 Hayfield Farm
Hayfield Farm,Week2,Laurel Hill,Week5,250.0 Hayfield Farm - 152.0 Laurel Hill
Hayfield Farm,Week1,Hunter Mill,Week2,241.0 Hunter Mill - 161.0 Hayfield Farm
Hayfield Farm,Week3,Sideburn Run,Week1,215.0 Hayfield Farm - 187.0 Sideburn Run
Herndon,Week5,Sleepy Hollow Rec,Week4,270.0 Sleepy Hollow Rec - 132.0 Herndon
Hayfield Farm,Week2,Shouse Village,Week2,231.0 Hayfield Farm - 171.0 Shouse Village
Herndon,Week1,Somerset-Olde Creek,Week5,212.0 Somerset-Olde Creek - 179.0 Herndon
Hayfield Farm,Week3,Shouse Village,Week4,205.0 Hayfield Farm - 197.0 Shouse Village
Herndon,Week4,Sleepy Hollow Rec,Week4,283.0 Sleepy Hollow Rec - 119.0 Herndon
Hayfield Farm,Week3,Hunter Mill,Week4,240.0 Hunter Mill - 162.0 Hayfield Farm
Herndon,Week4,Sleepy Hollow Rec,Week3,300.0 Sleepy Hollow Rec - 102.0 Herndon
Hayfield Farm,Week4,Shouse Village,Week4,203.0 Shouse Village - 199.0 Hayfield Farm
Hayfield Farm,Week4,Shouse Village,Week1,228.0 Hayfield Farm - 174.0 Shouse Village
Herndon,Week1,Somerset-Olde Creek,Week3,219.0 Herndon - 169.0 Somerset-Olde Creek
Hayfield Farm,Week5,Shouse Village,Week3,213.0 Hayfield Farm - 189.0 Shouse Village
Hayfield Farm,Week2,Hunter Mill,Week5,267.0 Hunter Mill - 135.0 Hayfield Farm
Hayfield Farm,Week5,Laurel Hill,Week1,253.0 Hayfield Farm - 149.0 Laurel Hill
Hayfield Farm,Week1,Shouse Village,Week1,231.0 Hayfield Farm - 171.0 Shouse Village
Hayfield Farm,Week1,Lee Graham,Week1,285.0 Lee Graham - 117.0 Hayfield Farm
Hayfield Farm,Week1,Hunter Mill,Week3,250.0 Hunter Mill - 152.0 Hayfield Farm
Hayfield Farm,Week5,Laurel Hill,Week3,255.5 Hayfield Farm - 146.5 Laurel Hill
Hayfield Farm,Week2,Shouse Village,Week4,218.0 Shouse Village - 184.0 Hayfield Farm
Hayfield Farm,Week5,Laurel Hill,Week2,276.0 Hayfield Farm - 126.0 Laurel Hill
Hayfield Farm,Week5,Hollin Meadows,Week1,219.5 Hollin Meadows - 182.5 Hayfield Farm
Hayfield Farm,Week4,Laurel Hill,Week2,298.0 Hayfield Farm - 104.0 Laurel Hill
Hayfield Farm,Week3,Hunter Mill,Week2,222.0 Hunter Mill - 180.0 Hayfield Farm
Hayfield Farm,Week3,Laurel Hill,Week2,295.0 Hayfield Farm - 103.0 Laurel Hill
Herndon,Week3,Sleepy Hollow Rec,Week2,274.0 Sleepy Hollow Rec - 128.0 Herndon
Hayfield Farm,Week3,Shouse Village,Week1,243.0 Hayfield Farm - 159.0 Shouse Village
Hayfield Farm,Week3,Laurel Hill,Week4,276.0 Hayfield Farm - 126.0 Laurel Hill
Herndon,Week1,Somerset-Olde Creek,Week1,210.0 Herndon - 175.0 Somerset-Olde Creek
Hayfield Farm,Week1,Hunter Mill,Week5,276.0 Hunter Mill - 126.0 Hayfield Farm
Herndon,Week3,Sleepy Hollow Rec,Week3,291.0 Sleepy Hollow Rec - 111.0 Herndon
Herndon,Week5,Sleepy Hollow Rec,Week1,264.0 Sleepy Hollow Rec - 138.0 Herndon
Hayfield Farm,Week5,Hunt Valley,Week5,291.0 Hunt Valley - 111.0 Hayfield Farm
Herndon,Week2,Sleepy Hollow Rec,Week5,285.0 Sleepy Hollow Rec - 116.0 Herndon
Hayfield Farm,Week3,Laurel Hill,Week5,248.0 Hayfield Farm - 154.0 Laurel Hill
Hayfield Farm,Week1,Lee Graham,Week4,272.0 Lee Graham - 130.0 Hayfield Farm
Hayfield Farm,Week1,Lee Graham,Week2,274.0 Lee Graham - 128.0 Hayfield Farm
Herndon,Week3,Somerset-Olde Creek,Week5,219.0 Somerset-Olde Creek - 179.0 Herndon
Hayfield Farm,Week1,Sideburn Run,Week4,230.0 Sideburn Run - 172.0 Hayfield Farm
Hayfield Farm,Week1,Lee Graham,Week3,292.0 Lee Graham - 110.0 Hayfield Farm
Hayfield Farm,Week4,Hunter Mill,Week1,235.0 Hunter Mill - 167.0 Hayfield Farm
Hayfield Farm,Week5,Rutherford,Week3,263.5 Hayfield Farm - 138.5 Rutherford
Hayfield Farm,Week2,Shouse Village,Week5,217.0 Shouse Village - 185.0 Hayfield Farm
Hayfield Farm,Week1,Shouse Village,Week4,211.0 Shouse Village - 191.0 Hayfield Farm
Herndon,Week5,Somerset-Olde Creek,Week5,213.0 Somerset-Olde Creek - 186.0 Herndon
Herndon,Week1,Somerset-Olde Creek,Week4,209.0 Somerset-Olde Creek - 189.0 Herndon
Hayfield Farm,Week4,Laurel Hill,Week3,276.0 Hayfield Farm - 126.0 Laurel Hill
Herndon,Week2,Somerset-Olde Creek,Week1,215.0 Herndon - 175.0 Somerset-Olde Creek
Hayfield Farm,Week3,Hunter Mill,Week3,226.0 Hunter Mill - 176.0 Hayfield Farm
Hayfield Farm,Week3,Laurel Hill,Week3,279.0 Hayfield Farm - 123.0 Laurel Hill
Hayfield Farm,Week3,Hunter Mill,Week1,222.0 Hunter Mill - 180.0 Hayfield Farm
Herndon,Week3,Somerset-Olde Creek,Week1,212.0 Herndon - 181.0 Somerset-Olde Creek
Hayfield Farm,Week2,Hunter Mill,Week1,243.0 Hunter Mill - 159.0 Hayfield Farm
Herndon,Week2,Somerset-Olde Creek,Week2,218.0 Herndon - 174.0 Somerset-Olde Creek
Hayfield Farm,Week2,Lee Graham,Week1,284.0 Lee Graham - 118.0 Hayfield Farm
Hayfield Farm,Week1,Shouse Village,Week3,202.0 Hayfield Farm - 200.0 Shouse Village
Hayfield Farm,Week5,Rutherford,Week5,265.0 Hayfield Farm - 137.0 Rutherford
Herndon,Week4,Somerset-Olde Creek,Week2,224.0 Herndon - 174.0 Somerset-Olde Creek
Hayfield Farm,Week5,Shouse Village,Week1,224.0 Hayfield Farm - 178.0 Shouse Village
Herndon,Week4,Somerset-Olde Creek,Week4,207.0 Herndon - 195.0 Somerset-Olde Creek
Hayfield Farm,Week4,Shouse Village,Week2,238.0 Hayfield Farm - 164.0 Shouse Village
Hayfield Farm,Week2,Lee Graham,Week4,275.0 Lee Graham - 127.0 Hayfield Farm
Hayfield Farm,Week2,Laurel Hill,Week4,273.0 Hayfield Farm - 129.0 Laurel Hill
Hayfield Farm,Week2,Lee Graham,Week2,282.0 Lee Graham - 120.0 Hayfield Farm
Hayfield Farm,Week2,Sideburn Run,Week5,223.0 Sideburn Run - 179.0 Hayfield Farm
Hayfield Farm,Week4,Laurel Hill,Week4,266.0 Hayfield Farm - 136.0 Laurel Hill
Hayfield Farm,Week2,Sideburn Run,Week3,214.0 Sideburn Run - 188.0 Hayfield Farm
Herndon,Week1,South Run,Week3,294.0 South Run - 106.0 Herndon
Herndon,Week5,Somerset-Olde Creek,Week2,229.0 Herndon - 169.0 Somerset-Olde Creek
Herndon,Week2,South Run,Week1,265.0 South Run - 128.0 Herndon
Herndon,Week2,South Run,Week2,261.5 South Run - 136.5 Herndon
Herndon,Week1,South Run,Week2,283.0 South Run - 112.0 Herndon
Hayfield Farm,Week5,Laurel Hill,Week4,267.0 Hayfield Farm - 135.0 Laurel Hill
Hayfield Farm,Week2,Sideburn Run,Week2,211.0 Hayfield Farm - 191.0 Sideburn Run
Hayfield Farm,Week2,Sleepy Hollow B & R,Week1,206.0 Sleepy Hollow B & R - 196.0 Hayfield Farm
Herndon,Week4,Somerset-Olde Creek,Week5,218.0 Somerset-Olde Creek - 181.0 Herndon
Hayfield Farm,Week2,Lee Graham,Week3,292.0 Lee Graham - 110.0 Hayfield Farm
Hayfield Farm,Week5,Shouse Village,Week5,218.0 Shouse Village - 184.0 Hayfield Farm
Hayfield Farm,Week2,Sideburn Run,Week1,217.0 Sideburn Run - 185.0 Hayfield Farm
Hayfield Farm,Week4,Laurel Hill,Week5,240.0 Hayfield Farm - 162.0 Laurel Hill
Hayfield Farm,Week4,Sideburn Run,Week4,214.0 Sideburn Run - 188.0 Hayfield Farm
Herndon,Week1,South Run,Week5,315.0 South Run - 87.0 Herndon
Herndon,Week1,South Run,Week1,283.0 South Run - 108.0 Herndon
Herndon,Week1,South Run,Week4,284.0 South Run - 111.0 Herndon
Herndon,Week5,Somerset-Olde Creek,Week3,230.0 Herndon - 167.0 Somerset-Olde Creek
Hayfield Farm,Week5,Laurel Hill,Week5,242.0 Hayfield Farm - 160.0 Laurel Hill
Hayfield Farm,Week1,Lee Graham,Week5,301.0 Lee Graham - 101.0 Hayfield Farm
Hayfield Farm,Week4,Sideburn Run,Week5,226.0 Sideburn Run - 176.0 Hayfield Farm
Herndon,Week5,Somerset-Olde Creek,Week1,228.0 Herndon - 171.0 Somerset-Olde Creek
Hayfield Farm,Week4,Shouse Village,Week5,214.0 Shouse Village - 188.0 Hayfield Farm
Hayfield Farm,Week4,Laurel Hill,Week1,271.0 Hayfield Farm - 131.0 Laurel Hill
Hayfield Farm,Week1,Sideburn Run,Week1,228.0 Sideburn Run - 174.0 Hayfield Farm
Hayfield Farm,Week2,Sleepy Hollow B & R,Week3,229.0 Sleepy Hollow B & R - 173.0 Hayfield Farm
Hayfield Farm,Week3,Sideburn Run,Week4,220.0 Hayfield Farm - 182.0 Sideburn Run
Hayfield Farm,Week5,Hollin Meadows,Week3,220.0 Hollin Meadows - 182.0 Hayfield Farm
Hayfield Farm,Week1,Holmes Run Acres,Week1,218.5 Hayfield Farm - 183.5 Holmes Run Acres
Hayfield Farm,Week3,Holmes Run Acres,Week3,212.0 Holmes Run Acres - 190.0 Hayfield Farm
Hayfield Farm,Week1,Sleepy Hollow B & R,Week3,226.0 Sleepy Hollow B & R - 176.0 Hayfield Farm
Hayfield Farm,Week2,Holmes Run Acres,Week5,243.0 Holmes Run Acres - 159.0 Hayfield Farm
Hayfield Farm,Week1,Sleepy Hollow B & R,Week2,231.0 Sleepy Hollow B & R - 171.0 Hayfield Farm
Hayfield Farm,Week5,Sideburn Run,Week4,212.0 Sideburn Run - 190.0 Hayfield Farm
Hayfield Farm,Week2,Holmes Run Acres,Week4,225.0 Hayfield Farm - 177.0 Holmes Run Acres
Herndon,Week2,South Run,Week4,270.0 South Run - 127.0 Herndon
Herndon,Week2,South Run,Week3,299.0 South Run - 102.0 Herndon
Hayfield Farm,Week3,Sideburn Run,Week2,234.0 Hayfield Farm - 168.0 Sideburn Run
Hayfield Farm,Week1,Sideburn Run,Week5,240.0 Sideburn Run - 162.0 Hayfield Farm
Hayfield Farm,Week5,Sideburn Run,Week2,213.0 Hayfield Farm - 189.0 Sideburn Run
Hayfield Farm,Week3,Sideburn Run,Week5,208.0 Hayfield Farm - 194.0 Sideburn Run
Herndon,Week2,South Run,Week5,305.0 South Run - 97.0 Herndon
Hayfield Farm,Week3,Sideburn Run,Week3,215.0 Hayfield Farm - 187.0 Sideburn Run
Hayfield Farm,Week1,Sideburn Run,Week3,222.0 Sideburn Run - 180.0 Hayfield Farm
Hayfield Farm,Week2,Sideburn Run,Week4,212.5 Sideburn Run - 189.5 Hayfield Farm
Hayfield Farm,Week5,Sideburn Run,Week5,214.0 Sideburn Run - 188.0 Hayfield Farm
Herndon,Week3,South Run,Week1,278.0 South Run - 114.0 Herndon
Hayfield Farm,Week2,Holmes Run Acres,Week3,239.0 Holmes Run Acres - 163.0 Hayfield Farm
Hayfield Farm,Week5,Hollin Meadows,Week5,223.0 Hollin Meadows - 179.0 Hayfield Farm
Hayfield Farm,Week1,Sleepy Hollow B & R,Week1,209.0 Sleepy Hollow B & R - 193.0 Hayfield Farm
Hayfield Farm,Week4,Sideburn Run,Week2,211.0 Hayfield Farm - 191.0 Sideburn Run
Hayfield Farm,Week1,Holmes Run Acres,Week2,220.0 Hayfield Farm - 182.0 Holmes Run Acres
Herndon,Week5,Somerset-Olde Creek,Week4,214.0 Herndon - 188.0 Somerset-Olde Creek
Hayfield Farm,Week2,Sleepy Hollow B & R,Week2,227.0 Sleepy Hollow B & R - 175.0 Hayfield Farm
Hayfield Farm,Week5,Holmes Run Acres,Week2,201.0 Hayfield Farm - 201.0 Holmes Run Acres
Hayfield Farm,Week1,Sideburn Run,Week2,211.0 Sideburn Run - 191.0 Hayfield Farm
Hayfield Farm,Week5,Sideburn Run,Week1,236.0 Sideburn Run - 166.0 Hayfield Farm
Hayfield Farm,Week2,Sleepy Hollow B & R,Week5,259.0 Sleepy Hollow B & R - 143.0 Hayfield Farm
Hayfield Farm,Week4,Sideburn Run,Week3,206.0 Hayfield Farm - 196.0 Sideburn Run
Hayfield Farm,Week5,Sideburn Run,Week3,214.0 Sideburn Run - 188.0 Hayfield Farm
Hayfield Farm,Week4,Sideburn Run,Week1,208.0 Sideburn Run - 194.0 Hayfield Farm
Hayfield Farm,Week5,Hollin Meadows,Week2,212.5 Hayfield Farm - 189.5 Hollin Meadows
Hayfield Farm,Week1,Sleepy Hollow B & R,Week5,254.0 Sleepy Hollow B & R - 148.0 Hayfield Farm
Hayfield Farm,Week1,Holmes Run Acres,Week5,248.0 Holmes Run Acres - 154.0 Hayfield Farm
Hayfield Farm,Week1,Sleepy Hollow B & R,Week4,240.0 Sleepy Hollow B & R - 162.0 Hayfield Farm
Hayfield Farm,Week2,Holmes Run Acres,Week1,216.0 Hayfield Farm - 186.0 Holmes Run Acres
Hayfield Farm,Week2,Sleepy Hollow B & R,Week4,242.0 Sleepy Hollow B & R - 160.0 Hayfield Farm
Hayfield Farm,Week4,Rolling Valley,Week5,302.0 Hayfield Farm - 100.0 Rolling Valley
Hayfield Farm,Week2,Rutherford,Week4,260.5 Hayfield Farm - 141.5 Rutherford
Hayfield Farm,Week3,Rutherford,Week1,295.0 Hayfield Farm - 107.0 Rutherford
Hayfield Farm,Week4,Rolling Valley,Week4,296.0 Hayfield Farm - 106.0 Rolling Valley
Hayfield Farm,Week5,Hollin Meadows,Week4,213.0 Hollin Meadows - 189.0 Hayfield Farm
Hayfield Farm,Week4,Holmes Run Acres,Week2,227.0 Hayfield Farm - 175.0 Holmes Run Acres
Hayfield Farm,Week3,Holmes Run Acres,Week1,238.0 Hayfield Farm - 164.0 Holmes Run Acres
Hayfield Farm,Week2,Rolling Valley,Week2,303.0 Hayfield Farm - 99.0 Rolling Valley
Hayfield Farm,Week4,Holmes Run Acres,Week3,235.0 Holmes Run Acres - 167.0 Hayfield Farm
Hayfield Farm,Week1,Holmes Run Acres,Week3,222.0 Holmes Run Acres - 180.0 Hayfield Farm
Hayfield Farm,Week4,Holmes Run Acres,Week4,209.0 Hayfield Farm - 193.0 Holmes Run Acres
Hayfield Farm,Week1,Rutherford,Week3,248.0 Hayfield Farm - 154.0 Rutherford
Hayfield Farm,Week4,Rolling Valley,Week1,333.0 Hayfield Farm - 69.0 Rolling Valley
Hayfield Farm,Week5,Holmes Run Acres,Week1,205.0 Holmes Run Acres - 197.0 Hayfield Farm
Hayfield Farm,Week1,Holmes Run Acres,Week4,220.5 Hayfield Farm - 181.5 Holmes Run Acres
Hayfield Farm,Week2,Holmes Run Acres,Week2,223.0 Hayfield Farm - 179.0 Holmes Run Acres
Hayfield Farm,Week2,Rolling Valley,Week4,304.0 Hayfield Farm - 98.0 Rolling Valley
Hayfield Farm,Week4,Holmes Run Acres,Week1,227.5 Hayfield Farm - 174.5 Holmes Run Acres
Hayfield Farm,Week3,Rolling Valley,Week5,297.0 Hayfield Farm - 105.0 Rolling Valley
Hayfield Farm,Week1,Rolling Valley,Week4,278.0 Hayfield Farm - 124.0 Rolling Valley
Hayfield Farm,Week3,Holmes Run Acres,Week4,234.0 Hayfield Farm - 168.0 Holmes Run Acres
Hayfield Farm,Week3,Holmes Run Acres,Week5,218.0 Holmes Run Acres - 179.0 Hayfield Farm
Hayfield Farm,Week2,Rutherford,Week3,269.0 Hayfield Farm - 133.0 Rutherford
Hayfield Farm,Week3,Holmes Run Acres,Week2,247.0 Hayfield Farm - 155.0 Holmes Run Acres
Hayfield Farm,Week1,Rutherford,Week5,236.0 Hayfield Farm - 166.0 Rutherford
Hayfield Farm,Week1,Rutherford,Week4,243.0 Hayfield Farm - 159.0 Rutherford
Hayfield Farm,Week3,Rolling Valley,Week4,305.0 Hayfield Farm - 97.0 Rolling Valley
Hayfield Farm,Week5,Rolling Valley,Week2,295.0 Hayfield Farm - 107.0 Rolling Valley
Hiddenbrook,Week1,Broyhill Crest,Week5,303.0 Hiddenbrook - 98.0 Broyhill Crest
Hiddenbrook,Week5,Broyhill Crest,Week1,336.0 Hiddenbrook - 66.0 Broyhill Crest
Hayfield Farm,Week4,Holmes Run Acres,Week5,240.0 Holmes Run Acres - 162.0 Hayfield Farm
Hiddenbrook,Week3,Broyhill Crest,Week4,322.0 Hiddenbrook - 76.0 Broyhill Crest
Hayfield Farm,Week1,Rolling Valley,Week5,288.0 Hayfield Farm - 114.0 Rolling Valley
Hayfield Farm,Week2,Rolling Valley,Week1,337.0 Hayfield Farm - 65.0 Rolling Valley
Hiddenbrook,Week2,Broyhill Crest,Week5,257.0 Hiddenbrook - 145.0 Broyhill Crest
Hiddenbrook,Week1,Burke Station,Week1,191.0 Hiddenbrook - 184.0 Burke Station
Hiddenbrook,Week4,Burke Station,Week2,242.0 Hiddenbrook - 158.0 Burke Station
Hiddenbrook,Week3,Broyhill Crest,Week3,326.0 Hiddenbrook - 72.0 Broyhill Crest
Hayfield Farm,Week4,Rolling Valley,Week3,309.0 Hayfield Farm - 93.0 Rolling Valley
Hayfield Farm,Week1,Rutherford,Week1,272.0 Hayfield Farm - 130.0 Rutherford
Hiddenbrook,Week4,Broyhill Crest,Week4,317.0 Hiddenbrook - 81.0 Broyhill Crest
Hayfield Farm,Week3,Rolling Valley,Week1,332.0 Hayfield Farm - 70.0 Rolling Valley
Hayfield Farm,Week5,Rolling Valley,Week1,319.0 Hayfield Farm - 83.0 Rolling Valley
Hayfield Farm,Week3,Rolling Valley,Week2,313.0 Hayfield Farm - 84.0 Rolling Valley
Hayfield Farm,Week5,Rolling Valley,Week3,298.0 Hayfield Farm - 104.0 Rolling Valley
Hiddenbrook,Week1,Broyhill Crest,Week2,316.0 Hiddenbrook - 84.0 Broyhill Crest
Hiddenbrook,Week1,Broyhill Crest,Week3,317.0 Hiddenbrook - 83.0 Broyhill Crest
Hiddenbrook,Week5,Broyhill Crest,Week2,336.5 Hiddenbrook - 65.5 Broyhill Crest
Hayfield Farm,Week2,Rutherford,Week2,278.0 Hayfield Farm - 124.0 Rutherford
Hiddenbrook,Week3,Broyhill Crest,Week5,314.0 Hiddenbrook - 87.0 Broyhill Crest
Hayfield Farm,Week2,Rolling Valley,Week5,296.0 Hayfield Farm - 106.0 Rolling Valley
Hayfield Farm,Week2,Rutherford,Week5,257.0 Hayfield Farm - 145.0 Rutherford
Hayfield Farm,Week5,Rolling Valley,Week5,294.0 Hayfield Farm - 108.0 Rolling Valley
Hayfield Farm,Week4,Rolling Valley,Week2,305.0 Hayfield Farm - 97.0 Rolling Valley
Hiddenbrook,Week2,Broyhill Crest,Week4,267.0 Hiddenbrook - 133.0 Broyhill Crest
Hiddenbrook,Week3,Burke Station,Week4,256.0 Hiddenbrook - 145.0 Burke Station
Hiddenbrook,Week4,Broyhill Crest,Week2,318.0 Hiddenbrook - 80.0 Broyhill Crest
Hayfield Farm,Week5,Rolling Valley,Week4,289.0 Hayfield Farm - 113.0 Rolling Valley
Hayfield Farm,Week2,Rolling Valley,Week3,303.0 Hayfield Farm - 99.0 Rolling Valley
Hayfield Farm,Week3,Rolling Valley,Week3,310.0 Hayfield Farm - 92.0 Rolling Valley
Hiddenbrook,Week3,Broyhill Crest,Week1,313.0 Hiddenbrook - 84.0 Broyhill Crest
Hiddenbrook,Week2,Broyhill Crest,Week3,274.0 Hiddenbrook - 118.0 Broyhill Crest
Hiddenbrook,Week2,Burke Station,Week1,199.0 Burke Station - 179.0 Hiddenbrook
Hiddenbrook,Week2,Burke Station,Week3,206.0 Burke Station - 185.0 Hiddenbrook
Hiddenbrook,Week1,Burke Station,Week4,235.0 Hiddenbrook - 167.0 Burke Station
Hiddenbrook,Week4,Broyhill Crest,Week3,329.5 Hiddenbrook - 68.5 Broyhill Crest
Hayfield Farm,Week3,Rutherford,Week2,291.0 Hayfield Farm - 110.0 Rutherford
Hiddenbrook,Week5,Broyhill Crest,Week3,343.0 Hiddenbrook - 59.0 Broyhill Crest
Hiddenbrook,Week5,Broyhill Crest,Week5,324.0 Hiddenbrook - 78.0 Broyhill Crest
Herndon,Week3,Dowden Terrace,Week5,335.0 Dowden Terrace - 67.0 Herndon
Herndon,Week3,Dowden Terrace,Week1,296.0 Dowden Terrace - 97.0 Herndon
Hayfield Farm,Week3,Rutherford,Week5,278.0 Hayfield Farm - 124.0 Rutherford
Herndon,Week4,Donaldson Run,Week4,370.0 Donaldson Run - 32.0 Herndon
Hiddenbrook,Week2,Broyhill Crest,Week1,261.0 Hiddenbrook - 132.0 Broyhill Crest
Hayfield Farm,Week2,Poplar Tree,Week4,207.5 Poplar Tree - 194.5 Hayfield Farm
Hiddenbrook,Week1,Broyhill Crest,Week4,309.0 Hiddenbrook - 92.0 Broyhill Crest
Herndon,Week2,Dowden Terrace,Week3,306.0 Dowden Terrace - 96.0 Herndon
Hayfield Farm,Week3,Rutherford,Week3,267.0 Hayfield Farm - 135.0 Rutherford
Hiddenbrook,Week1,Burke Station,Week2,236.0 Hiddenbrook - 162.0 Burke Station
Hiddenbrook,Week5,Broyhill Crest,Week4,339.0 Hiddenbrook - 63.0 Broyhill Crest
Hayfield Farm,Week4,Rutherford,Week3,266.0 Hayfield Farm - 136.0 Rutherford
Hayfield Farm,Week1,Rutherford,Week2,275.0 Hayfield Farm - 127.0 Rutherford
Hiddenbrook,Week1,Burke Station,Week3,208.0 Hiddenbrook - 188.0 Burke Station
Hayfield Farm,Week1,Ravensworth Farm,Week3,232.0 Ravensworth Farm - 170.0 Hayfield Farm
Herndon,Week4,Dowden Terrace,Week2,306.0 Dowden Terrace - 96.0 Herndon
Hayfield Farm,Week5,Poplar Tree,Week5,259.0 Poplar Tree - 143.0 Hayfield Farm
Hiddenbrook,Week4,Broyhill Crest,Week1,313.0 Hiddenbrook - 80.0 Broyhill Crest
Hayfield Farm,Week3,Rutherford,Week4,273.0 Hayfield Farm - 129.0 Rutherford
Hayfield Farm,Week5,Poplar Tree,Week2,227.0 Poplar Tree - 175.0 Hayfield Farm
Hayfield Farm,Week4,Rutherford,Week2,289.0 Hayfield Farm - 113.0 Rutherford
Hiddenbrook,Week4,Broyhill Crest,Week5,307.0 Hiddenbrook - 94.0 Broyhill Crest
Hayfield Farm,Week4,Rutherford,Week1,293.0 Hayfield Farm - 109.0 Rutherford
Hayfield Farm,Week2,Rutherford,Week1,293.0 Hayfield Farm - 109.0 Rutherford
Hayfield Farm,Week5,Rutherford,Week1,288.0 Hayfield Farm - 114.0 Rutherford
Hiddenbrook,Week3,Broyhill Crest,Week2,327.0 Hiddenbrook - 70.0 Broyhill Crest
Hayfield Farm,Week4,Rutherford,Week5,260.0 Hayfield Farm - 142.0 Rutherford
Hiddenbrook,Week2,Broyhill Crest,Week2,277.0 Hiddenbrook - 122.0 Broyhill Crest
Hayfield Farm,Week4,Rutherford,Week4,268.0 Hayfield Farm - 134.0 Rutherford
Hayfield Farm,Week4,Poplar Tree,Week4,205.5 Poplar Tree - 196.5 Hayfield Farm
Herndon,Week4,Donaldson Run,Week3,369.0 Donaldson Run - 33.0 Herndon
Herndon,Week1,Little Hunting Park,Week5,274.0 Little Hunting Park - 121.0 Herndon
Hiddenbrook,Week1,Burke Station,Week5,201.0 Burke Station - 200.0 Hiddenbrook
Hiddenbrook,Week2,Burke Station,Week2,216.0 Hiddenbrook - 180.0 Burke Station
Herndon,Week5,Dowden Terrace,Week3,306.5 Dowden Terrace - 95.5 Herndon
Hiddenbrook,Week3,Burke Station,Week1,212.0 Hiddenbrook - 167.0 Burke Station
Hiddenbrook,Week2,Burke Station,Week5,206.0 Burke Station - 189.0 Hiddenbrook
Hayfield Farm,Week5,Poplar Tree,Week4,210.0 Poplar Tree - 192.0 Hayfield Farm
Hayfield Farm,Week3,Poplar Tree,Week4,209.0 Hayfield Farm - 193.0 Poplar Tree
Herndon,Week3,Dowden Terrace,Week3,303.0 Dowden Terrace - 99.0 Herndon
Herndon,Week5,Little Hunting Park,Week2,270.0 Little Hunting Park - 130.0 Herndon
Hayfield Farm,Week3,Ravensworth Farm,Week1,203.0 Hayfield Farm - 199.0 Ravensworth Farm
Herndon,Week5,Little Hunting Park,Week5,284.0 Little Hunting Park - 113.0 Herndon
Herndon,Week2,Dowden Terrace,Week4,312.0 Dowden Terrace - 85.0 Herndon
Hayfield Farm,Week3,Poplar Tree,Week3,224.0 Poplar Tree - 178.0 Hayfield Farm
Hayfield Farm,Week3,Poplar Tree,Week5,242.0 Poplar Tree - 160.0 Hayfield Farm
Herndon,Week2,Little Rocky Run,Week3,365.0 Little Rocky Run - 37.0 Herndon
Hayfield Farm,Week5,Poplar Tree,Week1,241.0 Poplar Tree - 161.0 Hayfield Farm
Herndon,Week1,Little Rocky Run,Week3,366.0 Little Rocky Run - 36.0 Herndon
Hiddenbrook,Week2,Burke Station,Week4,216.0 Hiddenbrook - 180.0 Burke Station
Hayfield Farm,Week2,Poplar Tree,Week2,240.0 Poplar Tree - 162.0 Hayfield Farm
Hiddenbrook,Week3,Burke Station,Week2,253.0 Hiddenbrook - 148.0 Burke Station
Herndon,Week5,Donaldson Run,Week3,365.0 Donaldson Run - 37.0 Herndon
Hiddenbrook,Week3,Burke Station,Week3,228.0 Hiddenbrook - 168.0 Burke Station
Herndon,Week5,Donaldson Run,Week5,374.0 Donaldson Run - 28.0 Herndon
Herndon,Week1,Dowden Terrace,Week1,307.0 Dowden Terrace - 90.0 Herndon
Herndon,Week1,Little Hunting Park,Week4,263.0 Little Hunting Park - 137.0 Herndon
Herndon,Week5,Donaldson Run,Week1,364.0 Donaldson Run - 38.0 Herndon
Hiddenbrook,Week1,Camelot,Week5,215.0 Camelot - 187.0 Hiddenbrook
Herndon,Week2,Little Hunting Park,Week2,268.0 Little Hunting Park - 132.0 Herndon
Hayfield Farm,Week4,Poplar Tree,Week1,216.0 Poplar Tree - 186.0 Hayfield Farm
Hiddenbrook,Week5,Burke Station,Week1,217.0 Hiddenbrook - 161.0 Burke Station
Hiddenbrook,Week5,Burke Station,Week2,257.0 Hiddenbrook - 144.0 Burke Station
Herndon,Week1,Dowden Terrace,Week2,307.0 Dowden Terrace - 95.0 Herndon
Herndon,Week4,Little Hunting Park,Week5,283.0 Little Hunting Park - 114.0 Herndon
Hiddenbrook,Week4,Burke Station,Week4,244.0 Hiddenbrook - 157.0 Burke Station
Hayfield Farm,Week3,Poplar Tree,Week1,215.0 Poplar Tree - 187.0 Hayfield Farm
Herndon,Week2,Dowden Terrace,Week5,331.0 Dowden Terrace - 71.0 Herndon
Hayfield Farm,Week1,Ravensworth Farm,Week1,227.0 Ravensworth Farm - 175.0 Hayfield Farm
Herndon,Week5,Little Hunting Park,Week1,276.0 Little Hunting Park - 125.0 Herndon
Herndon,Week5,Donaldson Run,Week2,372.0 Donaldson Run - 30.0 Herndon
Herndon,Week3,Little Hunting Park,Week2,264.0 Little Hunting Park - 136.0 Herndon
Hiddenbrook,Week2,Camelot,Week4,238.0 Camelot - 164.0 Hiddenbrook
Hiddenbrook,Week1,Camelot,Week4,209.0 Camelot - 193.0 Hiddenbrook
Hiddenbrook,Week5,Burke Station,Week3,223.0 Hiddenbrook - 174.0 Burke Station
Herndon,Week5,Little Hunting Park,Week4,261.0 Little Hunting Park - 140.0 Herndon
Herndon,Week3,Dowden Terrace,Week2,305.0 Dowden Terrace - 97.0 Herndon
Hayfield Farm,Week1,Poplar Tree,Week2,229.0 Poplar Tree - 173.0 Hayfield Farm
Hayfield Farm,Week3,Ravensworth Farm,Week4,207.0 Hayfield Farm - 195.0 Ravensworth Farm
Herndon,Week4,Donaldson Run,Week5,373.0 Donaldson Run - 29.0 Herndon
Herndon,Week5,Donaldson Run,Week4,375.0 Donaldson Run - 27.0 Herndon
Hayfield Farm,Week4,Poplar Tree,Week3,223.0 Poplar Tree - 179.0 Hayfield Farm
Hayfield Farm,Week2,Poplar Tree,Week1,238.0 Poplar Tree - 164.0 Hayfield Farm
Herndon,Week1,Dowden Terrace,Week4,315.0 Dowden Terrace - 82.0 Herndon
Herndon,Week2,Dowden Terrace,Week1,291.0 Dowden Terrace - 110.0 Herndon
Hiddenbrook,Week3,Burke Station,Week5,228.0 Hiddenbrook - 169.0 Burke Station
Hiddenbrook,Week4,Burke Station,Week1,209.0 Hiddenbrook - 169.0 Burke Station
Hayfield Farm,Week2,Poplar Tree,Week5,257.0 Poplar Tree - 145.0 Hayfield Farm
Herndon,Week3,Little Hunting Park,Week1,281.0 Little Hunting Park - 117.0 Herndon
Herndon,Week2,Little Hunting Park,Week4,278.0 Little Hunting Park - 123.0 Herndon
Herndon,Week1,Little Rocky Run,Week1,349.0 Little Rocky Run - 53.0 Herndon
Hiddenbrook,Week4,Burke Station,Week5,228.0 Hiddenbrook - 174.0 Burke Station
Herndon,Week3,Little Hunting Park,Week3,275.0 Little Hunting Park - 125.0 Herndon
Herndon,Week3,Dowden Terrace,Week4,317.0 Dowden Terrace - 80.0 Herndon
Herndon,Week4,Dowden Terrace,Week1,307.0 Dowden Terrace - 95.0 Herndon
Hayfield Farm,Week1,Poplar Tree,Week1,235.0 Poplar Tree - 167.0 Hayfield Farm
Hiddenbrook,Week3,Camelot,Week4,208.0 Camelot - 194.0 Hiddenbrook
Herndon,Week3,Little Hunting Park,Week4,275.0 Little Hunting Park - 126.0 Herndon
Hayfield Farm,Week4,Poplar Tree,Week5,249.0 Poplar Tree - 153.0 Hayfield Farm
Hayfield Farm,Week3,Poplar Tree,Week2,211.0 Poplar Tree - 191.0 Hayfield Farm
Hayfield Farm,Week1,Poplar Tree,Week3,234.0 Poplar Tree - 168.0 Hayfield Farm
Hiddenbrook,Week5,Burke Station,Week5,232.0 Hiddenbrook - 170.0 Burke Station
Herndon,Week1,Little Hunting Park,Week2,272.0 Little Hunting Park - 127.0 Herndon
Herndon,Week2,Little Hunting Park,Week5,287.0 Little Hunting Park - 110.0 Herndon
Hiddenbrook,Week3,Camelot,Week5,227.0 Camelot - 174.0 Hiddenbrook
Herndon,Week1,Little Hunting Park,Week3,271.0 Little Hunting Park - 128.0 Herndon
Hiddenbrook,Week1,Camelot,Week3,202.0 Camelot - 199.0 Hiddenbrook
Hayfield Farm,Week5,Poplar Tree,Week3,236.0 Poplar Tree - 166.0 Hayfield Farm
Hiddenbrook,Week3,Camelot,Week1,217.0 Camelot - 185.0 Hiddenbrook
Hiddenbrook,Week5,Burke Station,Week4,264.0 Hiddenbrook - 138.0 Burke Station
Herndon,Week2,Dowden Terrace,Week2,299.0 Dowden Terrace - 103.0 Herndon
Herndon,Week4,Little Hunting Park,Week2,270.0 Little Hunting Park - 130.0 Herndon
Hiddenbrook,Week4,Burke Station,Week3,226.0 Hiddenbrook - 171.0 Burke Station
Herndon,Week4,Donaldson Run,Week2,370.0 Donaldson Run - 32.0 Herndon
Hiddenbrook,Week3,Camelot,Week3,201.0 Camelot - 200.0 Hiddenbrook
Herndon,Week4,Dowden Terrace,Week3,307.0 Dowden Terrace - 95.0 Herndon
Hayfield Farm,Week5,Stratford,Week2,275.5 Hayfield Farm - 126.5 Stratford
Herndon,Week3,Little Hunting Park,Week5,282.0 Little Hunting Park - 118.0 Herndon
Hayfield Farm,Week4,Poplar Tree,Week2,217.0 Poplar Tree - 185.0 Hayfield Farm
Hayfield Farm,Week2,Sully Station,Week3,242.0 Sully Station - 160.0 Hayfield Farm
Herndon,Week3,Donaldson Run,Week5,376.0 Donaldson Run - 26.0 Herndon
Hayfield Farm,Week1,Poplar Tree,Week5,259.0 Poplar Tree - 143.0 Hayfield Farm
Herndon,Week5,Little Hunting Park,Week3,270.0 Little Hunting Park - 130.0 Herndon
Herndon,Week2,Little Hunting Park,Week1,274.0 Little Hunting Park - 127.0 Herndon
Herndon,Week4,Donaldson Run,Week1,363.0 Donaldson Run - 39.0 Herndon
Herndon,Week2,Little Hunting Park,Week3,271.0 Little Hunting Park - 129.0 Herndon
Hayfield Farm,Week1,Poplar Tree,Week4,208.0 Poplar Tree - 194.0 Hayfield Farm
Hayfield Farm,Week2,Poplar Tree,Week3,246.0 Poplar Tree - 156.0 Hayfield Farm
Hayfield Farm,Week4,Stratford,Week4,250.0 Hayfield Farm - 152.0 Stratford
Herndon,Week1,Dowden Terrace,Week3,317.0 Dowden Terrace - 85.0 Herndon
Herndon,Week1,Dowden Terrace,Week5,334.0 Dowden Terrace - 68.0 Herndon
Herndon,Week4,Little Hunting Park,Week1,263.0 Little Hunting Park - 139.0 Herndon
Hayfield Farm,Week4,Stratford,Week5,263.0 Hayfield Farm - 139.0 Stratford
Hayfield Farm,Week1,Ravensworth Farm,Week2,205.0 Hayfield Farm - 197.0 Ravensworth Farm
Herndon,Week1,Little Rocky Run,Week2,358.0 Little Rocky Run - 44.0 Herndon
Hayfield Farm,Week3,Stratford,Week5,281.0 Hayfield Farm - 121.0 Stratford
Herndon,Week4,Dowden Terrace,Week5,332.0 Dowden Terrace - 70.0 Herndon
Hiddenbrook,Week2,Camelot,Week1,242.0 Camelot - 158.0 Hiddenbrook
Hayfield Farm,Week2,Ravensworth Farm,Week3,231.0 Ravensworth Farm - 171.0 Hayfield Farm
Hayfield Farm,Week1,Ravensworth Farm,Week4,217.0 Ravensworth Farm - 185.0 Hayfield Farm
Hayfield Farm,Week1,Sully Station,Week3,232.0 Sully Station - 170.0 Hayfield Farm
Hayfield Farm,Week2,Ravensworth Farm,Week2,205.0 Hayfield Farm - 197.0 Ravensworth Farm
Hiddenbrook,Week1,Camelot,Week1,212.0 Camelot - 190.0 Hiddenbrook
Hayfield Farm,Week1,Ravensworth Farm,Week5,240.0 Ravensworth Farm - 162.0 Hayfield Farm
Herndon,Week5,Dowden Terrace,Week1,300.0 Dowden Terrace - 101.0 Herndon
Herndon,Week4,Dunn Loring,Week4,369.0 Dunn Loring - 33.0 Herndon
Herndon,Week4,Little Hunting Park,Week4,279.0 Little Hunting Park - 122.0 Herndon
Herndon,Week4,Little Hunting Park,Week3,280.5 Little Hunting Park - 119.5 Herndon
Hayfield Farm,Week3,Stratford,Week2,299.0 Hayfield Farm - 103.0 Stratford
Hiddenbrook,Week2,Camelot,Week3,230.0 Camelot - 171.0 Hiddenbrook
Herndon,Week1,Little Rocky Run,Week4,360.5 Little Rocky Run - 41.5 Herndon
Herndon,Week4,Dowden Terrace,Week4,319.0 Dowden Terrace - 83.0 Herndon
Herndon,Week5,Dunn Loring,Week2,365.0 Dunn Loring - 37.0 Herndon
Hayfield Farm,Week2,Ravensworth Farm,Week1,216.0 Ravensworth Farm - 186.0 Hayfield Farm
Hiddenbrook,Week2,Camelot,Week2,239.0 Camelot - 162.0 Hiddenbrook
Hiddenbrook,Week2,Camelot,Week5,253.0 Camelot - 148.0 Hiddenbrook
Hayfield Farm,Week1,Sully Station,Week2,238.0 Sully Station - 164.0 Hayfield Farm
Herndon,Week5,Dowden Terrace,Week2,310.0 Dowden Terrace - 92.0 Herndon
Hayfield Farm,Week1,Riverside Gardens,Week2,238.0 Riverside Gardens - 164.0 Hayfield Farm
Hiddenbrook,Week3,Camelot,Week2,221.0 Camelot - 181.0 Hiddenbrook
Herndon,Week2,Vienna Aquatic,Week2,369.0 Vienna Aquatic - 33.0 Herndon
Herndon,Week1,Vienna Woods,Week3,375.0 Vienna Woods - 27.0 Herndon
Hayfield Farm,Week2,Sully Station,Week5,259.0 Sully Station - 143.0 Hayfield Farm
Hayfield Farm,Week5,Stratford,Week3,245.5 Hayfield Farm - 156.5 Stratford
Hayfield Farm,Week2,Laurel Hill,Week2,276.0 Hayfield Farm - 126.0 Laurel Hill
Hayfield Farm,Week3,Ravensworth Farm,Week2,227.0 Hayfield Farm - 175.0 Ravensworth Farm
Herndon,Week2,Long Branch,Week5,283.0 Long Branch - 119.0 Herndon
Herndon,Week1,Little Rocky Run,Week5,367.0 Little Rocky Run - 30.0 Herndon
Herndon,Week2,Little Rocky Run,Week2,361.0 Little Rocky Run - 41.0 Herndon
Herndon,Week4,Vienna Aquatic,Week1,372.0 Vienna Aquatic - 30.0 Herndon
Hiddenbrook,Week1,Camelot,Week2,229.0 Camelot - 172.0 Hiddenbrook
Herndon,Week5,Dowden Terrace,Week4,322.0 Dowden Terrace - 80.0 Herndon
Herndon,Week1,Dunn Loring,Week2,355.0 Dunn Loring - 47.0 Herndon
Herndon,Week1,Long Branch,Week5,281.0 Long Branch - 120.0 Herndon
Herndon,Week2,Long Branch,Week3,257.0 Long Branch - 144.0 Herndon
Hayfield Farm,Week2,Laurel Hill,Week3,268.0 Hayfield Farm - 134.0 Laurel Hill
Hayfield Farm,Week3,Sully Station,Week1,231.0 Sully Station - 171.0 Hayfield Farm
Hayfield Farm,Week2,Ravensworth Farm,Week5,250.0 Ravensworth Farm - 152.0 Hayfield Farm
Hayfield Farm,Week3,Ravensworth Farm,Week3,216.0 Ravensworth Farm - 186.0 Hayfield Farm
Herndon,Week5,Dunn Loring,Week5,372.0 Dunn Loring - 30.0 Herndon
Herndon,Week2,Little Rocky Run,Week1,343.0 Little Rocky Run - 59.0 Herndon
Herndon,Week1,Fair Oaks ,Week2,308.0 Fair Oaks - 89.0 Herndon
Herndon,Week3,Vienna Aquatic,Week4,364.0 Vienna Aquatic - 33.0 Herndon
Hayfield Farm,Week1,Riverside Gardens,Week1,244.0 Riverside Gardens - 158.0 Hayfield Farm
Herndon,Week3,Vienna Aquatic,Week5,368.0 Vienna Aquatic - 34.0 Herndon
Herndon,Week1,Fair Oaks ,Week3,324.0 Fair Oaks - 78.0 Herndon
Hayfield Farm,Week4,Stratford,Week1,291.0 Hayfield Farm - 111.0 Stratford
Herndon,Week1,Dunn Loring,Week1,338.0 Dunn Loring - 64.0 Herndon
Hayfield Farm,Week2,Ravensworth Farm,Week4,229.0 Ravensworth Farm - 173.0 Hayfield Farm
Hayfield Farm,Week1,Sully Station,Week1,248.0 Sully Station - 154.0 Hayfield Farm
Hayfield Farm,Week3,Sully Station,Week3,214.0 Sully Station - 188.0 Hayfield Farm
Herndon,Week2,Dunn Loring,Week4,364.0 Dunn Loring - 38.0 Herndon
Hayfield Farm,Week5,Ravensworth Farm,Week5,251.0 Ravensworth Farm - 151.0 Hayfield Farm
Herndon,Week3,Little Rocky Run,Week2,357.5 Little Rocky Run - 44.5 Herndon
Hayfield Farm,Week5,Ravensworth Farm,Week2,207.0 Hayfield Farm - 195.0 Ravensworth Farm
Hayfield Farm,Week2,Riverside Gardens,Week4,274.0 Riverside Gardens - 128.0 Hayfield Farm
Hayfield Farm,Week3,Stratford,Week3,289.0 Hayfield Farm - 113.0 Stratford
Hayfield Farm,Week2,Sully Station II,Week1,240.0 Sully Station II - 162.0 Hayfield Farm
Herndon,Week4,Little Rocky Run,Week1,357.5 Little Rocky Run - 44.5 Herndon
Hayfield Farm,Week1,Riverside Gardens,Week4,265.0 Riverside Gardens - 137.0 Hayfield Farm
Hayfield Farm,Week2,Langley,Week4,287.0 Langley - 115.0 Hayfield Farm
Hayfield Farm,Week3,Langley,Week1,260.0 Langley - 142.0 Hayfield Farm
Hayfield Farm,Week4,Langley,Week2,248.0 Langley - 154.0 Hayfield Farm
Herndon,Week2,Dunn Loring,Week1,323.0 Dunn Loring - 79.0 Herndon
Herndon,Week3,Vienna Woods,Week5,378.0 Vienna Woods - 24.0 Herndon
Herndon,Week3,Long Branch,Week4,276.0 Long Branch - 126.0 Herndon
Hayfield Farm,Week3,Langley,Week3,245.0 Langley - 157.0 Hayfield Farm
Hayfield Farm,Week5,Stratford,Week4,236.0 Hayfield Farm - 166.0 Stratford
Herndon,Week5,Vienna Aquatic,Week5,371.0 Vienna Aquatic - 31.0 Herndon
Hayfield Farm,Week4,Stratford,Week2,274.0 Hayfield Farm - 128.0 Stratford
Herndon,Week2,Little Rocky Run,Week5,368.0 Little Rocky Run - 29.0 Herndon
Herndon,Week3,Long Branch,Week2,274.0 Long Branch - 127.0 Herndon
Herndon,Week1,Dunn Loring,Week5,369.0 Dunn Loring - 33.0 Herndon
Herndon,Week3,Little Rocky Run,Week3,364.0 Little Rocky Run - 38.0 Herndon
Herndon,Week2,Little Rocky Run,Week4,362.0 Little Rocky Run - 40.0 Herndon
Hayfield Farm,Week2,Langley,Week5,256.0 Langley - 146.0 Hayfield Farm
Herndon,Week1,Vienna Woods,Week2,369.0 Vienna Woods - 32.0 Herndon
Hayfield Farm,Week5,Ravensworth Farm,Week4,229.0 Ravensworth Farm - 173.0 Hayfield Farm
Hayfield Farm,Week1,Riverside Gardens,Week5,271.0 Riverside Gardens - 131.0 Hayfield Farm
Hayfield Farm,Week3,Stratford,Week4,277.0 Hayfield Farm - 125.0 Stratford
Hayfield Farm,Week2,Riverside Gardens,Week2,239.5 Riverside Gardens - 162.5 Hayfield Farm
Herndon,Week5,Dunn Loring,Week1,340.0 Dunn Loring - 62.0 Herndon
Hayfield Farm,Week4,Hollin Meadows,Week5,210.0 Hollin Meadows - 192.0 Hayfield Farm
Hayfield Farm,Week5,Stratford,Week1,277.0 Hayfield Farm - 125.0 Stratford
Herndon,Week3,Vienna Aquatic,Week1,372.0 Vienna Aquatic - 30.0 Herndon
Herndon,Week5,Vienna Aquatic,Week1,366.0 Vienna Aquatic - 36.0 Herndon
Herndon,Week2,Vienna Aquatic,Week5,372.0 Vienna Aquatic - 29.0 Herndon
Hayfield Farm,Week2,Sully Station II,Week3,292.0 Sully Station II - 110.0 Hayfield Farm
Hayfield Farm,Week3,Langley,Week5,233.0 Langley - 169.0 Hayfield Farm
Herndon,Week3,Dunn Loring,Week4,372.0 Dunn Loring - 30.0 Herndon
Herndon,Week3,Dunn Loring,Week2,370.0 Dunn Loring - 32.0 Herndon
Herndon,Week4,Little Rocky Run,Week2,362.0 Little Rocky Run - 40.0 Herndon
Herndon,Week5,Dowden Terrace,Week5,336.0 Dowden Terrace - 66.0 Herndon
Herndon,Week2,Dunn Loring,Week2,353.0 Dunn Loring - 49.0 Herndon
Hayfield Farm,Week2,Langley,Week3,261.5 Langley - 140.5 Hayfield Farm
Hayfield Farm,Week2,Riverside Gardens,Week5,280.0 Riverside Gardens - 122.0 Hayfield Farm
Herndon,Week5,Little Rocky Run,Week3,374.0 Little Rocky Run - 28.0 Herndon
Herndon,Week5,Little Rocky Run,Week5,370.0 Little Rocky Run - 32.0 Herndon
Herndon,Week4,Little Rocky Run,Week5,363.0 Little Rocky Run - 39.0 Herndon
Hayfield Farm,Week2,Sully Station,Week2,241.0 Sully Station - 161.0 Hayfield Farm
Hayfield Farm,Week2,Sully Station,Week1,251.0 Sully Station - 151.0 Hayfield Farm
Hayfield Farm,Week3,Ravensworth Farm,Week5,219.0 Ravensworth Farm - 183.0 Hayfield Farm
Herndon,Week5,Dunn Loring,Week3,371.0 Dunn Loring - 31.0 Herndon
Herndon,Week1,Dunn Loring,Week4,371.0 Dunn Loring - 31.0 Herndon
Hayfield Farm,Week3,Riverside Gardens,Week1,235.0 Riverside Gardens - 167.0 Hayfield Farm
Hayfield Farm,Week4,Hollin Meadows,Week4,202.0 Hayfield Farm - 200.0 Hollin Meadows
Herndon,Week2,Vienna Aquatic,Week1,364.0 Vienna Aquatic - 38.0 Herndon
Herndon,Week5,Vienna Aquatic,Week4,369.0 Vienna Aquatic - 33.0 Herndon
Hayfield Farm,Week4,Langley,Week4,269.0 Langley - 133.0 Hayfield Farm
Hayfield Farm,Week4,Langley,Week3,263.5 Langley - 138.5 Hayfield Farm
Herndon,Week5,Vienna Aquatic,Week3,369.0 Vienna Aquatic - 33.0 Herndon
Herndon,Week1,Vienna Aquatic,Week4,360.0 Vienna Aquatic - 42.0 Herndon
Hayfield Farm,Week1,Sully Station,Week4,242.0 Sully Station - 160.0 Hayfield Farm
Herndon,Week2,Vienna Aquatic,Week3,372.0 Vienna Aquatic - 30.0 Herndon
Hayfield Farm,Week4,Stratford,Week3,263.0 Hayfield Farm - 139.0 Stratford
Herndon,Week3,Dunn Loring,Week1,344.0 Dunn Loring - 58.0 Herndon
Hayfield Farm,Week1,Riverside Gardens,Week3,247.5 Riverside Gardens - 154.5 Hayfield Farm
Hayfield Farm,Week5,Langley,Week2,265.0 Langley - 137.0 Hayfield Farm
Herndon,Week3,Little Rocky Run,Week1,350.0 Little Rocky Run - 52.0 Herndon
Herndon,Week4,Dunn Loring,Week1,340.0 Dunn Loring - 62.0 Herndon
Herndon,Week3,Dunn Loring,Week5,373.0 Dunn Loring - 29.0 Herndon
Herndon,Week3,Dunn Loring,Week3,367.0 Dunn Loring - 35.0 Herndon
Hayfield Farm,Week4,Langley,Week5,248.0 Langley - 154.0 Hayfield Farm
Hayfield Farm,Week5,Langley,Week4,286.0 Langley - 116.0 Hayfield Farm
Hayfield Farm,Week3,Riverside Gardens,Week3,232.0 Riverside Gardens - 170.0 Hayfield Farm
Herndon,Week2,Dunn Loring,Week5,365.0 Dunn Loring - 37.0 Herndon
Herndon,Week5,Little Rocky Run,Week2,362.5 Little Rocky Run - 39.5 Herndon
Herndon,Week2,Vienna Woods,Week2,366.0 Vienna Woods - 36.0 Herndon
Hayfield Farm,Week1,Laurel Hill,Week4,263.0 Hayfield Farm - 139.0 Laurel Hill
Hayfield Farm,Week3,Riverside Gardens,Week4,248.0 Riverside Gardens - 154.0 Hayfield Farm
Herndon,Week3,Little Rocky Run,Week5,365.0 Little Rocky Run - 32.0 Herndon
Hayfield Farm,Week1,Laurel Hill,Week2,277.0 Hayfield Farm - 125.0 Laurel Hill
Herndon,Week2,Vienna Woods,Week1,367.0 Vienna Woods - 35.0 Herndon
Herndon,Week1,Vienna Aquatic,Week5,370.0 Vienna Aquatic - 31.0 Herndon
Hayfield Farm,Week2,Sully Station,Week4,247.0 Sully Station - 155.0 Hayfield Farm
Herndon,Week3,Vienna Aquatic,Week3,371.0 Vienna Aquatic - 31.0 Herndon
Hayfield Farm,Week5,Ravensworth Farm,Week1,225.0 Ravensworth Farm - 177.0 Hayfield Farm
Hayfield Farm,Week5,Stratford,Week5,254.0 Hayfield Farm - 148.0 Stratford
Hayfield Farm,Week4,Ravensworth Farm,Week4,218.0 Ravensworth Farm - 184.0 Hayfield Farm
Herndon,Week2,Long Branch,Week2,263.0 Long Branch - 139.0 Herndon
Herndon,Week4,Little Rocky Run,Week3,367.0 Little Rocky Run - 35.0 Herndon
Hayfield Farm,Week3,Sully Station,Week2,211.0 Sully Station - 191.0 Hayfield Farm
Hayfield Farm,Week1,Sully Station,Week5,267.0 Sully Station - 135.0 Hayfield Farm
Hayfield Farm,Week5,Langley,Week3,281.0 Langley - 121.0 Hayfield Farm
Herndon,Week1,Dunn Loring,Week3,366.0 Dunn Loring - 36.0 Herndon
Hayfield Farm,Week5,Langley,Week1,283.0 Langley - 119.0 Hayfield Farm
Hayfield Farm,Week3,Sully Station,Week4,212.0 Sully Station - 190.0 Hayfield Farm
Herndon,Week4,Vienna Aquatic,Week2,376.0 Vienna Aquatic - 26.0 Herndon
Hayfield Farm,Week3,Riverside Gardens,Week2,213.0 Riverside Gardens - 189.0 Hayfield Farm
Hayfield Farm,Week3,Sully Station,Week5,240.0 Sully Station - 162.0 Hayfield Farm
Herndon,Week5,Little Rocky Run,Week1,352.0 Little Rocky Run - 50.0 Herndon
Herndon,Week2,Dunn Loring,Week3,364.0 Dunn Loring - 38.0 Herndon
Herndon,Week2,Vienna Aquatic,Week4,362.0 Vienna Aquatic - 40.0 Herndon
Hayfield Farm,Week1,Sully Station II,Week1,231.0 Sully Station II - 171.0 Hayfield Farm
Hayfield Farm,Week4,Ravensworth Farm,Week3,242.5 Ravensworth Farm - 159.5 Hayfield Farm
Hayfield Farm,Week4,Sully Station,Week5,258.0 Sully Station - 144.0 Hayfield Farm
Herndon,Week5,Little Rocky Run,Week4,369.0 Little Rocky Run - 33.0 Herndon
Herndon,Week4,Vienna Aquatic,Week3,372.0 Vienna Aquatic - 30.0 Herndon
Herndon,Week3,Vienna Aquatic,Week2,368.0 Vienna Aquatic - 34.0 Herndon
Hayfield Farm,Week4,Sully Station,Week3,243.0 Sully Station - 159.0 Hayfield Farm
Hayfield Farm,Week1,Laurel Hill,Week1,269.0 Hayfield Farm - 133.0 Laurel Hill
Hayfield Farm,Week4,Ravensworth Farm,Week5,247.0 Ravensworth Farm - 155.0 Hayfield Farm
Hayfield Farm,Week4,Sully Station,Week2,240.5 Sully Station - 161.5 Hayfield Farm
Herndon,Week4,Little Rocky Run,Week4,372.0 Little Rocky Run - 30.0 Herndon
Herndon,Week5,Vienna Aquatic,Week2,363.5 Vienna Aquatic - 38.5 Herndon
Herndon,Week3,Vienna Woods,Week2,372.0 Vienna Woods - 29.0 Herndon
Hayfield Farm,Week5,Sully Station,Week2,245.0 Sully Station - 157.0 Hayfield Farm
Herndon,Week4,Dunn Loring,Week5,372.5 Dunn Loring - 29.5 Herndon
Herndon,Week1,Long Branch,Week2,268.5 Long Branch - 132.5 Herndon
Herndon,Week1,Long Branch,Week1,274.0 Long Branch - 122.0 Herndon
Herndon,Week4,Dunn Loring,Week3,368.0 Dunn Loring - 34.0 Herndon
Hayfield Farm,Week4,Ravensworth Farm,Week2,217.0 Hayfield Farm - 185.0 Ravensworth Farm
Herndon,Week3,Vienna Woods,Week1,372.0 Vienna Woods - 30.0 Herndon
Herndon,Week5,Dunn Loring,Week4,372.0 Dunn Loring - 30.0 Herndon
Hayfield Farm,Week3,Langley,Week2,247.0 Langley - 155.0 Hayfield Farm
Hayfield Farm,Week5,Sully Station,Week3,249.0 Sully Station - 153.0 Hayfield Farm
Herndon,Week4,Dunn Loring,Week2,362.0 Dunn Loring - 40.0 Herndon
Hayfield Farm,Week2,Riverside Gardens,Week3,267.0 Riverside Gardens - 135.0 Hayfield Farm
Hayfield Farm,Week1,Laurel Hill,Week5,238.0 Hayfield Farm - 164.0 Laurel Hill
Hayfield Farm,Week4,Langley,Week1,262.0 Langley - 140.0 Hayfield Farm
Hayfield Farm,Week4,Ravensworth Farm,Week1,212.0 Ravensworth Farm - 190.0 Hayfield Farm
Hayfield Farm,Week2,Riverside Gardens,Week1,254.0 Riverside Gardens - 148.0 Hayfield Farm
Herndon,Week3,Vienna Woods,Week4,362.5 Vienna Woods - 34.5 Herndon
Herndon,Week3,Little Rocky Run,Week4,370.0 Little Rocky Run - 32.0 Herndon
Herndon,Week3,Fair Oaks ,Week5,347.0 Fair Oaks - 55.0 Herndon
Hayfield Farm,Week5,Langley,Week5,267.0 Langley - 135.0 Hayfield Farm
Hayfield Farm,Week1,Laurel Hill,Week3,268.0 Hayfield Farm - 134.0 Laurel Hill
Hayfield Farm,Week5,Ravensworth Farm,Week3,243.0 Ravensworth Farm - 159.0 Hayfield Farm
Hayfield Farm,Week3,Langley,Week4,256.0 Langley - 146.0 Hayfield Farm
Herndon,Week1,Long Branch,Week4,278.0 Long Branch - 124.0 Herndon
Herndon,Week1,Fair Oaks ,Week1,326.0 Fair Oaks - 75.0 Herndon
Herndon,Week5,Fair Oaks ,Week1,332.0 Fair Oaks - 70.0 Herndon
Hayfield Farm,Week2,Rolling Forest,Week2,239.0 Hayfield Farm - 163.0 Rolling Forest
Herndon,Week4,Highland Park,Week4,347.0 Highland Park - 55.0 Herndon
Hayfield Farm,Week1,Rolling Forest,Week2,232.0 Hayfield Farm - 170.0 Rolling Forest
Hayfield Farm,Week2,Laurel Hill,Week1,269.0 Hayfield Farm - 133.0 Laurel Hill
Herndon,Week4,Vienna Aquatic,Week5,376.0 Vienna Aquatic - 26.0 Herndon
Hayfield Farm,Week1,Sully Station II,Week3,280.0 Sully Station II - 122.0 Hayfield Farm
Herndon,Week2,Long Branch,Week4,278.0 Long Branch - 124.0 Herndon
Herndon,Week3,Long Branch,Week1,271.0 Long Branch - 125.0 Herndon
Herndon,Week3,Long Branch,Week3,257.0 Long Branch - 145.0 Herndon
Herndon,Week1,Fair Oaks ,Week5,341.0 Fair Oaks - 61.0 Herndon
Herndon,Week1,Vienna Woods,Week4,362.0 Vienna Woods - 35.0 Herndon
Hayfield Farm,Week1,Sully Station II,Week4,245.5 Sully Station II - 156.5 Hayfield Farm
Herndon,Week1,Long Branch,Week3,254.0 Long Branch - 147.0 Herndon
Herndon,Week1,Vienna Woods,Week1,369.0 Vienna Woods - 33.0 Herndon
Herndon,Week2,Long Branch,Week1,272.0 Long Branch - 125.0 Herndon
Herndon,Week4,Highland Park,Week3,324.0 Highland Park - 78.0 Herndon
Hayfield Farm,Week5,Sully Station,Week1,252.0 Sully Station - 150.0 Hayfield Farm
Hiddenbrook,Week1,Canterbury Woods,Week2,218.0 Hiddenbrook - 183.0 Canterbury Woods
Hayfield Farm,Week5,Sully Station,Week4,262.0 Sully Station - 140.0 Hayfield Farm
Hayfield Farm,Week4,Sully Station,Week1,260.5 Sully Station - 141.5 Hayfield Farm
Herndon,Week4,Vienna Aquatic,Week4,367.0 Vienna Aquatic - 35.0 Herndon
Hayfield Farm,Week5,Riverside Gardens,Week1,255.0 Riverside Gardens - 147.0 Hayfield Farm
Hiddenbrook,Week4,Camelot,Week1,201.5 Camelot - 200.5 Hiddenbrook
Herndon,Week3,Fair Oaks ,Week4,332.0 Fair Oaks - 69.0 Herndon
Hayfield Farm,Week3,Rolling Forest,Week5,233.0 Hayfield Farm - 169.0 Rolling Forest
Herndon,Week1,Fairfax,Week1,329.0 Fairfax - 73.0 Herndon
Herndon,Week5,Highland Park,Week2,334.0 Highland Park - 68.0 Herndon
Hayfield Farm,Week1,Rolling Forest,Week4,233.0 Hayfield Farm - 169.0 Rolling Forest
Herndon,Week2,Vienna Woods,Week4,358.0 Vienna Woods - 39.0 Herndon
Hayfield Farm,Week1,Sully Station II,Week5,298.0 Sully Station II - 104.0 Hayfield Farm
Hiddenbrook,Week4,Camelot,Week3,213.0 Hiddenbrook - 188.0 Camelot
Hayfield Farm,Week4,Riverside Gardens,Week1,242.0 Riverside Gardens - 160.0 Hayfield Farm
Herndon,Week2,Vienna Woods,Week3,374.0 Vienna Woods - 28.0 Herndon
Herndon,Week2,Highland Park,Week5,338.0 Highland Park - 64.0 Herndon
Hayfield Farm,Week2,Sully Station II,Week2,272.0 Sully Station II - 130.0 Hayfield Farm
Hiddenbrook,Week1,Canterbury Woods,Week3,215.0 Canterbury Woods - 187.0 Hiddenbrook
Herndon,Week3,Long Branch,Week5,287.0 Long Branch - 114.0 Herndon
Hayfield Farm,Week1,Sully Station II,Week2,273.5 Sully Station II - 128.5 Hayfield Farm
Herndon,Week2,Mansion House,Week2,319.0 Mansion House - 78.0 Herndon
Herndon,Week1,Mansion House,Week1,323.0 Mansion House - 74.0 Herndon
Herndon,Week3,Highland Park,Week4,352.0 Highland Park - 50.0 Herndon
Hayfield Farm,Week4,Riverside Gardens,Week2,231.0 Riverside Gardens - 171.0 Hayfield Farm
Herndon,Week5,Fair Oaks ,Week4,332.0 Fair Oaks - 70.0 Herndon
Herndon,Week5,Long Branch,Week5,289.0 Long Branch - 113.0 Herndon
Herndon,Week3,Fair Oaks ,Week1,324.0 Fair Oaks - 78.0 Herndon
Hiddenbrook,Week3,Canterbury Woods,Week1,212.0 Hiddenbrook - 190.0 Canterbury Woods
Herndon,Week1,Vienna Woods,Week5,381.0 Vienna Woods - 21.0 Herndon
Herndon,Week5,Highland Park,Week4,341.0 Highland Park - 61.0 Herndon
Hayfield Farm,Week4,Sully Station,Week4,247.0 Sully Station - 155.0 Hayfield Farm
Herndon,Week2,Vienna Woods,Week5,372.0 Vienna Woods - 30.0 Herndon
Hayfield Farm,Week5,Riverside Gardens,Week2,257.0 Riverside Gardens - 145.0 Hayfield Farm
Hayfield Farm,Week4,Rolling Forest,Week5,203.0 Rolling Forest - 199.0 Hayfield Farm
Hiddenbrook,Week2,Canterbury Woods,Week4,249.0 Canterbury Woods - 148.0 Hiddenbrook
Hayfield Farm,Week5,Sully Station,Week5,279.0 Sully Station - 123.0 Hayfield Farm
Herndon,Week1,Highlands Swim,Week1,367.0 Highlands Swim - 35.0 Herndon
Herndon,Week3,Vienna Woods,Week3,375.0 Vienna Woods - 27.0 Herndon
Herndon,Week1,Fairfax,Week2,349.0 Fairfax - 53.0 Herndon
Herndon,Week2,Fairfax,Week4,343.0 Fairfax - 59.0 Herndon
Herndon,Week3,Fairfax,Week1,336.0 Fairfax - 66.0 Herndon
Herndon,Week5,High Point Pool,Week4,346.0 High Point Pool - 56.0 Herndon
Hiddenbrook,Week5,Camelot,Week5,207.0 Camelot - 195.0 Hiddenbrook
Herndon,Week5,Fair Oaks ,Week2,308.0 Fair Oaks - 93.0 Herndon
Hayfield Farm,Week4,Sully Station II,Week1,243.0 Sully Station II - 159.0 Hayfield Farm
Herndon,Week5,High Point Pool,Week1,316.0 High Point Pool - 86.0 Herndon
Herndon,Week4,Villa Aquatic,Week1,312.0 Villa Aquatic - 90.0 Herndon
Hayfield Farm,Week5,Sully Station II,Week4,248.0 Sully Station II - 154.0 Hayfield Farm
Hiddenbrook,Week5,Camelot,Week4,217.0 Hiddenbrook - 185.0 Camelot
Hayfield Farm,Week3,Rolling Forest,Week1,254.0 Hayfield Farm - 148.0 Rolling Forest
Herndon,Week5,High Point Pool,Week3,347.0 High Point Pool - 54.0 Herndon
Hayfield Farm,Week3,Sully Station II,Week2,255.0 Sully Station II - 147.0 Hayfield Farm
Hiddenbrook,Week2,Canterbury Woods,Week2,213.0 Canterbury Woods - 188.0 Hiddenbrook
Herndon,Week1,Fair Oaks ,Week4,327.0 Fair Oaks - 71.0 Herndon
Hayfield Farm,Week4,Riverside Gardens,Week5,268.0 Riverside Gardens - 134.0 Hayfield Farm
Herndon,Week5,Mansion House,Week2,317.0 Mansion House - 85.0 Herndon
Hayfield Farm,Week2,Rolling Forest,Week3,201.0 Hayfield Farm - 201.0 Rolling Forest
Herndon,Week4,Fair Oaks ,Week1,330.0 Fair Oaks - 72.0 Herndon
Herndon,Week3,Fairfax,Week5,368.0 Fairfax - 33.0 Herndon
Hayfield Farm,Week5,Sully Station II,Week1,243.0 Sully Station II - 159.0 Hayfield Farm
Herndon,Week3,Mansion House,Week2,320.0 Mansion House - 76.0 Herndon
Herndon,Week2,Fair Oaks ,Week3,333.0 Fair Oaks - 69.0 Herndon
Hiddenbrook,Week5,Canterbury Woods,Week4,209.0 Hiddenbrook - 193.0 Canterbury Woods
Herndon,Week4,Villa Aquatic,Week2,314.0 Villa Aquatic - 88.0 Herndon
Hiddenbrook,Week1,Canterbury Woods,Week1,206.0 Hiddenbrook - 196.0 Canterbury Woods
Hayfield Farm,Week2,Sully Station II,Week4,256.0 Sully Station II - 146.0 Hayfield Farm
Herndon,Week3,Villa Aquatic,Week4,324.0 Villa Aquatic - 78.0 Herndon
Hiddenbrook,Week2,Canterbury Woods,Week3,239.0 Canterbury Woods - 163.0 Hiddenbrook
Herndon,Week4,Mansion House,Week5,337.0 Mansion House - 65.0 Herndon
Hayfield Farm,Week4,Riverside Gardens,Week3,248.0 Riverside Gardens - 154.0 Hayfield Farm
Herndon,Week1,Villa Aquatic,Week4,329.0 Villa Aquatic - 73.0 Herndon
Herndon,Week4,Highland Park,Week1,334.0 Highland Park - 68.0 Herndon
Herndon,Week3,Villa Aquatic,Week5,328.5 Villa Aquatic - 73.5 Herndon
Herndon,Week2,Fair Oaks ,Week1,331.0 Fair Oaks - 71.0 Herndon
Herndon,Week3,Mansion House,Week3,335.0 Mansion House - 67.0 Herndon
Herndon,Week2,Highland Park,Week2,331.0 Highland Park - 71.0 Herndon
Hayfield Farm,Week2,Rolling Forest,Week4,224.0 Hayfield Farm - 178.0 Rolling Forest
Hayfield Farm,Week1,Rolling Forest,Week5,205.0 Rolling Forest - 197.0 Hayfield Farm
Herndon,Week5,Long Branch,Week2,273.0 Long Branch - 129.0 Herndon
Herndon,Week1,Highland Park,Week4,340.0 Highland Park - 62.0 Herndon
Herndon,Week4,Long Branch,Week1,274.0 Long Branch - 128.0 Herndon
Herndon,Week2,Fair Oaks ,Week2,315.0 Fair Oaks - 87.0 Herndon
Hiddenbrook,Week4,Camelot,Week5,220.0 Camelot - 181.0 Hiddenbrook
Herndon,Week1,Highland Park,Week3,312.0 Highland Park - 90.0 Herndon
Herndon,Week3,Villa Aquatic,Week2,304.0 Villa Aquatic - 98.0 Herndon
Herndon,Week1,Mantua,Week4,348.0 Mantua - 54.0 Herndon
Hayfield Farm,Week2,Virginia Hills,Week4,359.0 Hayfield Farm - 43.0 Virginia Hills
Hayfield Farm,Week4,Sully Station II,Week2,268.0 Sully Station II - 134.0 Hayfield Farm
Herndon,Week1,Highland Park,Week1,329.0 Highland Park - 73.0 Herndon
Hayfield Farm,Week1,Rolling Forest,Week3,202.0 Rolling Forest - 200.0 Hayfield Farm
Herndon,Week4,Fair Oaks ,Week2,315.0 Fair Oaks - 87.0 Herndon
Hiddenbrook,Week4,Camelot,Week4,218.0 Hiddenbrook - 184.0 Camelot
Hayfield Farm,Week4,Rolling Forest,Week2,234.0 Hayfield Farm - 168.0 Rolling Forest
Hiddenbrook,Week3,Canterbury Woods,Week2,220.0 Hiddenbrook - 182.0 Canterbury Woods
Hayfield Farm,Week3,Rolling Forest,Week2,266.0 Hayfield Farm - 136.0 Rolling Forest
Herndon,Week1,Mantua,Week1,330.0 Mantua - 64.0 Herndon
Herndon,Week2,Villa Aquatic,Week1,305.0 Villa Aquatic - 97.0 Herndon
Hayfield Farm,Week3,Sully Station II,Week5,264.0 Sully Station II - 138.0 Hayfield Farm
Herndon,Week4,Vienna Woods,Week3,372.5 Vienna Woods - 29.5 Herndon
Herndon,Week1,Mansion House,Week2,313.0 Mansion House - 83.0 Herndon
Herndon,Week2,Mansion House,Week5,340.0 Mansion House - 62.0 Herndon
Herndon,Week3,Highland Park,Week2,345.0 Highland Park - 57.0 Herndon
Hayfield Farm,Week4,Sully Station II,Week4,249.0 Sully Station II - 153.0 Hayfield Farm
Herndon,Week2,Fair Oaks ,Week4,329.0 Fair Oaks - 72.0 Herndon
Hiddenbrook,Week3,Canterbury Woods,Week3,202.0 Hiddenbrook - 200.0 Canterbury Woods
Herndon,Week1,Villa Aquatic,Week2,303.0 Villa Aquatic - 99.0 Herndon
Hayfield Farm,Week2,Sully Station II,Week5,303.0 Sully Station II - 99.0 Hayfield Farm
Hayfield Farm,Week4,Virginia Hills,Week5,334.0 Hayfield Farm - 68.0 Virginia Hills
Hayfield Farm,Week5,Riverside Gardens,Week5,276.0 Riverside Gardens - 126.0 Hayfield Farm
Hayfield Farm,Week3,Sully Station II,Week3,267.0 Sully Station II - 135.0 Hayfield Farm
Hiddenbrook,Week4,Canterbury Woods,Week2,228.0 Hiddenbrook - 174.0 Canterbury Woods
Herndon,Week4,Highland Park,Week2,326.0 Highland Park - 76.0 Herndon
Hayfield Farm,Week3,Rolling Forest,Week4,245.0 Hayfield Farm - 157.0 Rolling Forest
Herndon,Week4,Fair Oaks ,Week4,336.0 Fair Oaks - 66.0 Herndon
Herndon,Week4,Long Branch,Week4,289.0 Long Branch - 113.0 Herndon
Hayfield Farm,Week1,Virginia Run,Week4,237.0 Virginia Run - 165.0 Hayfield Farm
Hayfield Farm,Week4,Rolling Forest,Week3,207.0 Rolling Forest - 195.0 Hayfield Farm
Herndon,Week4,Long Branch,Week2,282.0 Long Branch - 120.0 Herndon
Herndon,Week1,Highland Park,Week5,339.0 Highland Park - 63.0 Herndon
Herndon,Week1,Villa Aquatic,Week3,336.0 Villa Aquatic - 66.0 Herndon
Herndon,Week5,Fair Oaks ,Week3,337.0 Fair Oaks - 65.0 Herndon
Hiddenbrook,Week3,Cardinal Hill,Week1,306.0 Cardinal Hill - 96.0 Hiddenbrook
Herndon,Week2,Villa Aquatic,Week3,336.0 Villa Aquatic - 66.0 Herndon
Herndon,Week3,Highland Park,Week1,337.0 Highland Park - 65.0 Herndon
Hiddenbrook,Week4,Canterbury Woods,Week4,203.0 Canterbury Woods - 194.0 Hiddenbrook
Hayfield Farm,Week1,Virginia Hills,Week5,325.0 Hayfield Farm - 77.0 Virginia Hills
Hiddenbrook,Week4,Canterbury Woods,Week5,205.0 Hiddenbrook - 196.0 Canterbury Woods
Hayfield Farm,Week2,Virginia Hills,Week3,362.0 Hayfield Farm - 40.0 Virginia Hills
Herndon,Week4,Vienna Woods,Week1,370.0 Vienna Woods - 32.0 Herndon
Herndon,Week4,Vienna Woods,Week4,363.0 Vienna Woods - 39.0 Herndon
Herndon,Week2,Mansion House,Week3,339.0 Mansion House - 63.0 Herndon
Herndon,Week3,Fair Oaks ,Week3,333.0 Fair Oaks - 69.0 Herndon
Herndon,Week4,Long Branch,Week3,250.0 Long Branch - 151.0 Herndon
Hayfield Farm,Week1,Virginia Run,Week2,202.5 Hayfield Farm - 199.5 Virginia Run
Herndon,Week2,Highland Park,Week4,338.0 Highland Park - 64.0 Herndon
Hayfield Farm,Week3,Sully Station II,Week1,221.0 Sully Station II - 181.0 Hayfield Farm
Hayfield Farm,Week1,Rolling Forest,Week1,226.0 Hayfield Farm - 176.0 Rolling Forest
Hayfield Farm,Week4,Rolling Forest,Week1,223.0 Hayfield Farm - 179.0 Rolling Forest
Herndon,Week3,Fair Oaks ,Week2,317.0 Fair Oaks - 84.0 Herndon
Hayfield Farm,Week3,Sully Station II,Week4,213.0 Sully Station II - 189.0 Hayfield Farm
Hayfield Farm,Week4,Sully Station II,Week3,277.0 Sully Station II - 125.0 Hayfield Farm
Herndon,Week5,Fair Oaks ,Week5,348.0 Fair Oaks - 54.0 Herndon
Herndon,Week1,Villa Aquatic,Week5,326.5 Villa Aquatic - 74.5 Herndon
Herndon,Week4,Fair Oaks ,Week5,350.0 Fair Oaks - 52.0 Herndon
Hiddenbrook,Week4,Camelot,Week2,202.0 Hiddenbrook - 200.0 Camelot
Herndon,Week1,Fairfax,Week5,367.0 Fairfax - 34.0 Herndon
Hayfield Farm,Week5,Sully Station II,Week3,284.0 Sully Station II - 118.0 Hayfield Farm
Hayfield Farm,Week3,Riverside Gardens,Week5,256.0 Riverside Gardens - 146.0 Hayfield Farm
Hayfield Farm,Week3,Virginia Run,Week3,204.0 Hayfield Farm - 198.0 Virginia Run
Herndon,Week2,Fair Oaks ,Week5,342.0 Fair Oaks - 60.0 Herndon
Hayfield Farm,Week5,Virginia Hills,Week1,344.0 Hayfield Farm - 58.0 Virginia Hills
Hayfield Farm,Week3,Virginia Hills,Week3,357.0 Hayfield Farm - 45.0 Virginia Hills
Herndon,Week5,High Point Pool,Week2,344.0 High Point Pool - 58.0 Herndon
Hayfield Farm,Week5,Riverside Gardens,Week4,281.0 Riverside Gardens - 121.0 Hayfield Farm
Hayfield Farm,Week1,Sleepy Hollow Rec,Week3,242.0 Hayfield Farm - 160.0 Sleepy Hollow Rec
Herndon,Week5,Long Branch,Week3,258.0 Long Branch - 143.0 Herndon
Herndon,Week2,Highland Park,Week1,334.0 Highland Park - 68.0 Herndon
Herndon,Week1,Mansion House,Week3,337.0 Mansion House - 65.0 Herndon
Hiddenbrook,Week1,Canterbury Woods,Week5,211.0 Canterbury Woods - 187.0 Hiddenbrook
Hiddenbrook,Week3,Canterbury Woods,Week5,207.0 Hiddenbrook - 195.0 Canterbury Woods
Herndon,Week3,Highland Park,Week5,347.0 Highland Park - 55.0 Herndon
Herndon,Week3,Villa Aquatic,Week3,334.0 Villa Aquatic - 68.0 Herndon
Herndon,Week1,Highland Park,Week2,330.0 Highland Park - 72.0 Herndon
Herndon,Week4,Long Branch,Week5,290.0 Long Branch - 112.0 Herndon
Hayfield Farm,Week5,Riverside Gardens,Week3,269.0 Riverside Gardens - 133.0 Hayfield Farm
Hayfield Farm,Week3,Virginia Run,Week1,212.0 Virginia Run - 190.0 Hayfield Farm
Hayfield Farm,Week5,Sully Station II,Week5,303.0 Sully Station II - 99.0 Hayfield Farm
Hayfield Farm,Week5,Sully Station II,Week2,274.0 Sully Station II - 128.0 Hayfield Farm
Hayfield Farm,Week2,Virginia Run,Week4,231.5 Virginia Run - 170.5 Hayfield Farm
Hayfield Farm,Week4,Sully Station II,Week5,288.0 Sully Station II - 114.0 Hayfield Farm
Hayfield Farm,Week2,Rolling Forest,Week1,223.0 Hayfield Farm - 179.0 Rolling Forest
Herndon,Week1,Mansion House,Week5,337.0 Mansion House - 65.0 Herndon
Hayfield Farm,Week4,Riverside Gardens,Week4,270.0 Riverside Gardens - 132.0 Hayfield Farm
Herndon,Week4,Fair Oaks ,Week3,335.0 Fair Oaks - 67.0 Herndon
Herndon,Week5,Vienna Woods,Week2,371.0 Vienna Woods - 31.0 Herndon
Hiddenbrook,Week4,Canterbury Woods,Week1,218.0 Hiddenbrook - 184.0 Canterbury Woods
Herndon,Week5,Long Branch,Week4,278.0 Long Branch - 124.0 Herndon
Hiddenbrook,Week5,Camelot,Week2,204.0 Hiddenbrook - 198.0 Camelot
Herndon,Week4,Vienna Woods,Week2,367.0 Vienna Woods - 35.0 Herndon
Herndon,Week5,Vienna Woods,Week4,364.0 Vienna Woods - 38.0 Herndon
Herndon,Week5,High Point Pool,Week5,336.0 High Point Pool - 64.0 Herndon
Herndon,Week4,Mansion House,Week1,318.0 Mansion House - 84.0 Herndon
Herndon,Week2,Fairfax,Week1,330.0 Fairfax - 72.0 Herndon
Hayfield Farm,Week1,Virginia Hills,Week2,348.0 Hayfield Farm - 54.0 Virginia Hills
Herndon,Week5,Highland Park,Week1,335.0 Highland Park - 67.0 Herndon
Hayfield Farm,Week4,Rolling Forest,Week4,231.0 Hayfield Farm - 171.0 Rolling Forest
Hayfield Farm,Week2,Rolling Forest,Week5,201.0 Hayfield Farm - 201.0 Rolling Forest
Herndon,Week1,Fairfax,Week3,350.0 Fairfax - 51.0 Herndon
Hayfield Farm,Week2,Virginia Hills,Week5,346.0 Hayfield Farm - 56.0 Virginia Hills
Hayfield Farm,Week3,Sleepy Hollow Rec,Week3,261.0 Hayfield Farm - 141.0 Sleepy Hollow Rec
Hayfield Farm,Week4,Virginia Hills,Week1,354.0 Hayfield Farm - 48.0 Virginia Hills
Hayfield Farm,Week3,Virginia Hills,Week4,352.0 Hayfield Farm - 50.0 Virginia Hills
Hiddenbrook,Week5,Camelot,Week3,215.0 Hiddenbrook - 187.0 Camelot
Hiddenbrook,Week5,Camelot,Week1,207.5 Hiddenbrook - 194.5 Camelot
Herndon,Week2,Fairfax,Week2,346.0 Fairfax - 56.0 Herndon
Herndon,Week4,Highland Park,Week5,337.0 Highland Park - 65.0 Herndon
Herndon,Week3,Mansion House,Week1,317.0 Mansion House - 80.0 Herndon
Herndon,Week3,Highland Park,Week3,319.0 Highland Park - 83.0 Herndon
Herndon,Week2,Highland Park,Week3,315.0 Highland Park - 87.0 Herndon
Herndon,Week5,Vienna Woods,Week1,369.0 Vienna Woods - 33.0 Herndon
Hayfield Farm,Week1,Sleepy Hollow Rec,Week2,260.0 Hayfield Farm - 142.0 Sleepy Hollow Rec
Herndon,Week1,Fairfax,Week4,346.0 Fairfax - 55.0 Herndon
Herndon,Week4,Vienna Woods,Week5,375.0 Vienna Woods - 27.0 Herndon
Hayfield Farm,Week3,Sleepy Hollow B & R,Week3,211.0 Sleepy Hollow B & R - 191.0 Hayfield Farm
Herndon,Week2,Mansion House,Week4,312.0 Mansion House - 84.0 Herndon
Hayfield Farm,Week3,Rolling Forest,Week3,232.0 Hayfield Farm - 170.0 Rolling Forest
Herndon,Week2,Villa Aquatic,Week2,295.0 Villa Aquatic - 107.0 Herndon
Hiddenbrook,Week1,Canterbury Woods,Week4,206.0 Canterbury Woods - 196.0 Hiddenbrook
Herndon,Week5,Highland Park,Week3,310.0 Highland Park - 92.0 Herndon
Herndon,Week2,Fairfax,Week3,352.0 Fairfax - 50.0 Herndon
Herndon,Week3,Fairfax,Week3,350.0 Fairfax - 51.0 Herndon
Hayfield Farm,Week4,Sleepy Hollow B & R,Week4,223.5 Sleepy Hollow B & R - 178.5 Hayfield Farm
Herndon,Week2,Mansion House,Week1,326.5 Mansion House - 70.5 Herndon
Hayfield Farm,Week1,Virginia Hills,Week3,336.0 Hayfield Farm - 66.0 Virginia Hills
Herndon,Week2,Villa Aquatic,Week5,339.0 Villa Aquatic - 63.0 Herndon
Hayfield Farm,Week3,Sleepy Hollow B & R,Week1,205.0 Hayfield Farm - 197.0 Sleepy Hollow B & R
Herndon,Week1,Mansion House,Week4,294.0 Mansion House - 102.0 Herndon
Herndon,Week2,Fairfax,Week5,361.0 Fairfax - 41.0 Herndon
Herndon,Week5,Vienna Woods,Week5,374.0 Vienna Woods - 28.0 Herndon
Hiddenbrook,Week2,Canterbury Woods,Week1,226.0 Canterbury Woods - 170.0 Hiddenbrook
Hayfield Farm,Week2,Rolling Hills,Week1,247.0 Hayfield Farm - 155.0 Rolling Hills
Herndon,Week5,Long Branch,Week1,266.0 Long Branch - 136.0 Herndon
Hayfield Farm,Week4,Rolling Hills,Week2,241.0 Hayfield Farm - 161.0 Rolling Hills
Herndon,Week5,Highland Park,Week5,349.0 Highland Park - 53.0 Herndon
Hayfield Farm,Week3,Virginia Hills,Week2,356.0 Hayfield Farm - 45.0 Virginia Hills
Herndon,Week2,Villa Aquatic,Week4,331.0 Villa Aquatic - 71.0 Herndon
Herndon,Week1,Hollin Hills,Week3,205.0 Hollin Hills - 194.0 Herndon
Herndon,Week1,Hollin Hills,Week1,209.0 Herndon - 190.0 Hollin Hills
Herndon,Week5,Vienna Woods,Week3,375.0 Vienna Woods - 27.0 Herndon
Hayfield Farm,Week2,Rolling Hills,Week5,253.0 Hayfield Farm - 149.0 Rolling Hills
Hayfield Farm,Week4,Virginia Hills,Week4,354.0 Hayfield Farm - 48.0 Virginia Hills
Herndon,Week1,Villa Aquatic,Week1,306.0 Villa Aquatic - 96.0 Herndon
Hiddenbrook,Week4,Canterbury Woods,Week3,209.0 Canterbury Woods - 193.0 Hiddenbrook
Hayfield Farm,Week4,Sleepy Hollow B & R,Week1,203.0 Sleepy Hollow B & R - 199.0 Hayfield Farm
Hayfield Farm,Week5,Rolling Hills,Week4,232.0 Hayfield Farm - 170.0 Rolling Hills
Hiddenbrook,Week2,Canterbury Woods,Week5,238.0 Canterbury Woods - 158.0 Hiddenbrook
Herndon,Week3,Fairfax,Week2,346.0 Fairfax - 56.0 Herndon
Herndon,Week3,Mansion House,Week4,297.0 Mansion House - 100.0 Herndon
Hayfield Farm,Week4,Virginia Hills,Week3,360.0 Hayfield Farm - 42.0 Virginia Hills
Hayfield Farm,Week3,Sleepy Hollow B & R,Week4,222.0 Sleepy Hollow B & R - 180.0 Hayfield Farm
Hiddenbrook,Week3,Canterbury Woods,Week4,215.0 Canterbury Woods - 187.0 Hiddenbrook
Herndon,Week1,Hollin Hills,Week5,208.0 Herndon - 178.0 Hollin Hills
Hiddenbrook,Week5,Canterbury Woods,Week2,241.0 Hiddenbrook - 161.0 Canterbury Woods
Herndon,Week4,Village West,Week3,270.0 Village West - 132.0 Herndon
Hiddenbrook,Week1,Cardinal Hill,Week3,318.0 Cardinal Hill - 84.0 Hiddenbrook
Hayfield Farm,Week3,Sleepy Hollow B & R,Week2,213.0 Sleepy Hollow B & R - 189.0 Hayfield Farm
Herndon,Week4,Mansion House,Week3,337.0 Mansion House - 65.0 Herndon
Hiddenbrook,Week5,Canterbury Woods,Week5,204.0 Hiddenbrook - 197.0 Canterbury Woods
Hayfield Farm,Week3,Virginia Hills,Week5,337.0 Hayfield Farm - 65.0 Virginia Hills
Hayfield Farm,Week5,Rolling Forest,Week3,206.0 Rolling Forest - 196.0 Hayfield Farm
Hayfield Farm,Week4,Sleepy Hollow B & R,Week2,221.0 Sleepy Hollow B & R - 181.0 Hayfield Farm
Herndon,Week2,Village West,Week5,253.0 Village West - 149.0 Herndon
Hayfield Farm,Week2,Virginia Hills,Week2,362.0 Hayfield Farm - 40.0 Virginia Hills
Herndon,Week3,Villa Aquatic,Week1,299.0 Villa Aquatic - 103.0 Herndon
Herndon,Week3,Mansion House,Week5,330.0 Mansion House - 72.0 Herndon
Herndon,Week1,Highlands Swim,Week5,367.0 Highlands Swim - 35.0 Herndon
Herndon,Week2,Village West,Week3,263.0 Village West - 139.0 Herndon
Hayfield Farm,Week5,Sleepy Hollow B & R,Week3,250.0 Sleepy Hollow B & R - 152.0 Hayfield Farm
Hayfield Farm,Week3,Rolling Hills,Week1,252.0 Hayfield Farm - 150.0 Rolling Hills
Herndon,Week1,Fairfax Club Estates,Week3,271.0 Fairfax Club Estates - 127.0 Herndon
Herndon,Week2,Fairfax Club Estates,Week1,272.0 Fairfax Club Estates - 129.0 Herndon
Herndon,Week4,Mansion House,Week2,325.0 Mansion House - 77.0 Herndon
Herndon,Week1,Fairfax Club Estates,Week1,278.0 Fairfax Club Estates - 122.0 Herndon
Hayfield Farm,Week2,Rolling Hills,Week2,247.0 Hayfield Farm - 155.0 Rolling Hills
Herndon,Week3,Highlands Swim,Week3,361.0 Highlands Swim - 41.0 Herndon
Herndon,Week1,Highlands Swim,Week4,357.0 Highlands Swim - 45.0 Herndon
Herndon,Week5,Village West,Week1,245.5 Village West - 156.5 Herndon
Hayfield Farm,Week4,Virginia Hills,Week2,363.0 Hayfield Farm - 39.0 Virginia Hills
Hayfield Farm,Week5,Sleepy Hollow B & R,Week4,252.0 Sleepy Hollow B & R - 150.0 Hayfield Farm
Herndon,Week3,Fairfax,Week4,353.0 Fairfax - 48.0 Herndon
Hayfield Farm,Week1,Rolling Hills,Week2,228.0 Hayfield Farm - 174.0 Rolling Hills
Herndon,Week2,Highlands Swim,Week1,361.0 Highlands Swim - 41.0 Herndon
Hayfield Farm,Week3,Virginia Hills,Week1,349.0 Hayfield Farm - 53.0 Virginia Hills
Herndon,Week5,Mansion House,Week1,310.0 Mansion House - 92.0 Herndon
Hayfield Farm,Week2,Virginia Hills,Week1,351.0 Hayfield Farm - 51.0 Virginia Hills
Hiddenbrook,Week5,Canterbury Woods,Week1,228.0 Hiddenbrook - 174.0 Canterbury Woods
Herndon,Week2,Fairfax Club Estates,Week4,281.0 Fairfax Club Estates - 121.0 Herndon
Hayfield Farm,Week1,Rolling Hills,Week4,237.5 Hayfield Farm - 164.5 Rolling Hills
Hiddenbrook,Week5,Canterbury Woods,Week3,223.0 Hiddenbrook - 179.0 Canterbury Woods
Herndon,Week4,Mansion House,Week4,298.0 Mansion House - 104.0 Herndon
Hayfield Farm,Week4,Sleepy Hollow B & R,Week5,258.0 Sleepy Hollow B & R - 144.0 Hayfield Farm
Hayfield Farm,Week5,Virginia Hills,Week2,361.0 Hayfield Farm - 41.0 Virginia Hills
Herndon,Week3,Fairfax Club Estates,Week1,279.0 Fairfax Club Estates - 123.0 Herndon
Hayfield Farm,Week2,Rolling Hills,Week4,240.0 Hayfield Farm - 162.0 Rolling Hills
Herndon,Week5,Mansion House,Week4,292.0 Mansion House - 110.0 Herndon
Hiddenbrook,Week1,Cardinal Hill,Week5,284.0 Cardinal Hill - 117.0 Hiddenbrook
Hayfield Farm,Week1,Rolling Hills,Week5,224.0 Hayfield Farm - 178.0 Rolling Hills
Herndon,Week3,Fairfax Club Estates,Week4,281.0 Fairfax Club Estates - 120.0 Herndon
Hiddenbrook,Week1,Cardinal Hill,Week4,291.5 Cardinal Hill - 110.5 Hiddenbrook
Herndon,Week4,Villa Aquatic,Week4,329.0 Villa Aquatic - 73.0 Herndon
Hayfield Farm,Week1,Virginia Hills,Week4,342.0 Hayfield Farm - 60.0 Virginia Hills
Herndon,Week1,Mantua,Week3,360.0 Mantua - 42.0 Herndon
Hayfield Farm,Week2,Sleepy Hollow Rec,Week5,258.0 Hayfield Farm - 144.0 Sleepy Hollow Rec
Herndon,Week5,Mansion House,Week5,336.0 Mansion House - 66.0 Herndon
Hiddenbrook,Week2,Cardinal Hill,Week1,338.0 Cardinal Hill - 64.0 Hiddenbrook
Hayfield Farm,Week3,Sleepy Hollow B & R,Week5,219.0 Sleepy Hollow B & R - 183.0 Hayfield Farm
Hayfield Farm,Week5,Virginia Hills,Week3,352.0 Hayfield Farm - 50.0 Virginia Hills
Herndon,Week1,Village West,Week5,246.0 Village West - 155.0 Herndon
Herndon,Week4,Highlands Swim,Week3,357.0 Highlands Swim - 45.0 Herndon
Hayfield Farm,Week1,Sleepy Hollow Rec,Week5,242.0 Hayfield Farm - 160.0 Sleepy Hollow Rec
Herndon,Week3,Fairfax Club Estates,Week3,277.0 Fairfax Club Estates - 122.0 Herndon
Hayfield Farm,Week1,Sleepy Hollow Rec,Week1,263.0 Hayfield Farm - 139.0 Sleepy Hollow Rec
Herndon,Week5,Mansion House,Week3,339.0 Mansion House - 63.0 Herndon
Herndon,Week2,Highlands Swim,Week5,358.0 Highlands Swim - 44.0 Herndon
Hiddenbrook,Week1,Cardinal Hill,Week1,322.0 Cardinal Hill - 80.0 Hiddenbrook
Herndon,Week5,Villa Aquatic,Week4,329.0 Villa Aquatic - 73.0 Herndon
Hayfield Farm,Week2,Rolling Hills,Week3,244.0 Hayfield Farm - 158.0 Rolling Hills
Herndon,Week3,Highlands Swim,Week5,358.0 Highlands Swim - 44.0 Herndon
Hayfield Farm,Week1,Virginia Run,Week1,231.0 Virginia Run - 171.0 Hayfield Farm
Herndon,Week2,Village West,Week4,249.0 Village West - 148.0 Herndon
Hayfield Farm,Week5,Rolling Forest,Week5,211.0 Rolling Forest - 191.0 Hayfield Farm
Herndon,Week3,Mantua,Week1,331.5 Mantua - 65.5 Herndon
Hayfield Farm,Week3,Sleepy Hollow Rec,Week1,285.0 Hayfield Farm - 117.0 Sleepy Hollow Rec
Hayfield Farm,Week5,Sleepy Hollow B & R,Week1,208.0 Sleepy Hollow B & R - 194.0 Hayfield Farm
Hayfield Farm,Week1,Virginia Run,Week3,216.0 Virginia Run - 186.0 Hayfield Farm
Hayfield Farm,Week5,Rolling Forest,Week4,211.0 Hayfield Farm - 191.0 Rolling Forest
Herndon,Week4,Fairfax Club Estates,Week1,278.0 Fairfax Club Estates - 123.0 Herndon
Herndon,Week3,Fairfax Club Estates,Week5,271.0 Fairfax Club Estates - 121.0 Herndon
Herndon,Week5,Highlands Swim,Week2,375.0 Highlands Swim - 27.0 Herndon
Hiddenbrook,Week2,Cardinal Hill,Week4,325.0 Cardinal Hill - 77.0 Hiddenbrook
Hayfield Farm,Week5,Sleepy Hollow B & R,Week5,264.0 Sleepy Hollow B & R - 138.0 Hayfield Farm
Herndon,Week1,Village West,Week4,251.0 Village West - 145.0 Herndon
Hayfield Farm,Week5,Sleepy Hollow B & R,Week2,239.0 Sleepy Hollow B & R - 163.0 Hayfield Farm
Herndon,Week3,Mantua,Week2,333.0 Mantua - 64.0 Herndon
Herndon,Week4,Fairfax,Week3,352.0 Fairfax - 50.0 Herndon
Herndon,Week4,Mantua,Week5,350.0 Mantua - 52.0 Herndon
Hiddenbrook,Week1,Cardinal Hill,Week2,282.0 Cardinal Hill - 120.0 Hiddenbrook
Herndon,Week4,Highlands Swim,Week4,355.0 Highlands Swim - 47.0 Herndon
Hiddenbrook,Week2,Cardinal Hill,Week2,306.0 Cardinal Hill - 91.0 Hiddenbrook
Herndon,Week4,Villa Aquatic,Week5,334.0 Villa Aquatic - 68.0 Herndon
Herndon,Week5,Villa Aquatic,Week3,338.0 Villa Aquatic - 64.0 Herndon
Herndon,Week5,Fairfax,Week3,357.0 Fairfax - 45.0 Herndon
Hayfield Farm,Week3,Rolling Hills,Week3,251.0 Hayfield Farm - 151.0 Rolling Hills
Herndon,Week1,Mantua,Week2,336.0 Mantua - 65.0 Herndon
Herndon,Week3,Highlands Swim,Week4,351.0 Highlands Swim - 51.0 Herndon
Herndon,Week5,Highlands Swim,Week1,362.0 Highlands Swim - 40.0 Herndon
Hayfield Farm,Week5,Virginia Hills,Week4,354.0 Hayfield Farm - 48.0 Virginia Hills
Hayfield Farm,Week3,Rolling Hills,Week4,254.0 Hayfield Farm - 148.0 Rolling Hills
Hayfield Farm,Week3,Rolling Hills,Week2,263.0 Hayfield Farm - 139.0 Rolling Hills
Hiddenbrook,Week2,Cardinal Hill,Week3,342.0 Cardinal Hill - 60.0 Hiddenbrook
Hayfield Farm,Week5,Virginia Hills,Week5,339.0 Hayfield Farm - 63.0 Virginia Hills
Hayfield Farm,Week2,Sleepy Hollow Rec,Week1,271.0 Hayfield Farm - 131.0 Sleepy Hollow Rec
Hiddenbrook,Week5,Cardinal Hill,Week2,268.0 Cardinal Hill - 134.0 Hiddenbrook
Hayfield Farm,Week2,Virginia Run,Week2,201.5 Virginia Run - 200.5 Hayfield Farm
Herndon,Week2,Fairfax Club Estates,Week5,275.5 Fairfax Club Estates - 124.5 Herndon
Hayfield Farm,Week2,Virginia Run,Week1,235.0 Virginia Run - 167.0 Hayfield Farm
Herndon,Week1,Village West,Week3,257.0 Village West - 144.0 Herndon
Herndon,Week4,Mantua,Week1,328.0 Mantua - 73.0 Herndon
Herndon,Week2,Fairfax Club Estates,Week2,251.0 Fairfax Club Estates - 147.0 Herndon
Herndon,Week2,Fairfax Club Estates,Week3,265.0 Fairfax Club Estates - 134.0 Herndon
Hayfield Farm,Week1,Virginia Run,Week5,251.5 Virginia Run - 150.5 Hayfield Farm
Herndon,Week3,Village West,Week4,251.0 Village West - 145.0 Herndon
Herndon,Week5,Mantua,Week4,349.0 Mantua - 53.0 Herndon
Hayfield Farm,Week2,Sleepy Hollow Rec,Week4,279.0 Hayfield Farm - 123.0 Sleepy Hollow Rec
Herndon,Week3,Highlands Swim,Week1,363.0 Highlands Swim - 39.0 Herndon
Hayfield Farm,Week4,Rolling Hills,Week3,245.0 Hayfield Farm - 157.0 Rolling Hills
Herndon,Week2,Village West,Week2,253.0 Village West - 148.0 Herndon
Hayfield Farm,Week4,Rolling Hills,Week1,249.0 Hayfield Farm - 153.0 Rolling Hills
Hiddenbrook,Week4,Cardinal Hill,Week1,308.0 Cardinal Hill - 94.0 Hiddenbrook
Hiddenbrook,Week3,Cardinal Hill,Week5,293.0 Cardinal Hill - 109.0 Hiddenbrook
Herndon,Week5,Highlands Swim,Week5,356.0 Highlands Swim - 46.0 Herndon
Herndon,Week1,Highlands Swim,Week2,367.0 Highlands Swim - 35.0 Herndon
Herndon,Week1,Highlands Swim,Week3,365.0 Highlands Swim - 37.0 Herndon
Hiddenbrook,Week2,Cardinal Hill,Week5,321.0 Cardinal Hill - 81.0 Hiddenbrook
Hayfield Farm,Week1,Rolling Hills,Week3,231.0 Hayfield Farm - 171.0 Rolling Hills
Herndon,Week4,Village West,Week1,244.0 Village West - 158.0 Herndon
Hayfield Farm,Week1,Sleepy Hollow Rec,Week4,261.5 Hayfield Farm - 140.5 Sleepy Hollow Rec
Hayfield Farm,Week2,Sleepy Hollow Rec,Week3,244.0 Hayfield Farm - 158.0 Sleepy Hollow Rec
Hiddenbrook,Week4,Cardinal Hill,Week4,288.5 Cardinal Hill - 113.5 Hiddenbrook
Herndon,Week5,Fairfax,Week1,333.0 Fairfax - 69.0 Herndon
Hayfield Farm,Week2,Sleepy Hollow Rec,Week2,267.0 Hayfield Farm - 135.0 Sleepy Hollow Rec
Herndon,Week2,Mantua,Week5,350.0 Mantua - 52.0 Herndon
Hayfield Farm,Week5,Rolling Forest,Week2,243.0 Hayfield Farm - 159.0 Rolling Forest
Herndon,Week2,Highlands Swim,Week2,366.0 Highlands Swim - 36.0 Herndon
Herndon,Week5,Fairfax,Week4,350.0 Fairfax - 52.0 Herndon
Herndon,Week1,Village West,Week2,248.0 Village West - 151.0 Herndon
Hayfield Farm,Week2,Virginia Run,Week3,211.0 Virginia Run - 191.0 Hayfield Farm
Hayfield Farm,Week4,Rolling Hills,Week4,254.0 Hayfield Farm - 148.0 Rolling Hills
Herndon,Week5,Mantua,Week5,357.0 Mantua - 45.0 Herndon
Herndon,Week5,Mantua,Week2,335.0 Mantua - 67.0 Herndon
Hayfield Farm,Week2,Virginia Run,Week5,252.0 Virginia Run - 150.0 Hayfield Farm
Herndon,Week4,Highlands Swim,Week2,375.0 Highlands Swim - 27.0 Herndon
Herndon,Week1,McLean,Week2,356.0 McLean - 45.0 Herndon
Hiddenbrook,Week5,Cardinal Hill,Week3,296.0 Cardinal Hill - 106.0 Hiddenbrook
Herndon,Week5,Fairfax,Week2,351.0 Fairfax - 51.0 Herndon
Hayfield Farm,Week2,Wakefield Chapel,Week5,322.0 Wakefield Chapel - 80.0 Hayfield Farm
Hayfield Farm,Week4,Sleepy Hollow B & R,Week3,230.0 Sleepy Hollow B & R - 172.0 Hayfield Farm
Herndon,Week4,Fairfax,Week5,367.0 Fairfax - 35.0 Herndon
Hayfield Farm,Week3,Sleepy Hollow Rec,Week2,281.0 Hayfield Farm - 120.0 Sleepy Hollow Rec
Hiddenbrook,Week3,Cardinal Hill,Week4,288.0 Cardinal Hill - 114.0 Hiddenbrook
Herndon,Week5,Villa Aquatic,Week5,333.0 Villa Aquatic - 69.0 Herndon
Herndon,Week4,Villa Aquatic,Week3,339.0 Villa Aquatic - 63.0 Herndon
Herndon,Week5,Villa Aquatic,Week2,304.0 Villa Aquatic - 98.0 Herndon
Herndon,Week3,Highlands Swim,Week2,369.0 Highlands Swim - 33.0 Herndon
Hayfield Farm,Week3,Wakefield Chapel,Week1,288.0 Wakefield Chapel - 114.0 Hayfield Farm
Hiddenbrook,Week3,Cardinal Hill,Week3,305.0 Cardinal Hill - 97.0 Hiddenbrook
Hayfield Farm,Week3,Virginia Run,Week2,216.0 Hayfield Farm - 186.0 Virginia Run
Hayfield Farm,Week3,Wakefield Chapel,Week2,276.0 Wakefield Chapel - 126.0 Hayfield Farm
Herndon,Week5,Mantua,Week3,363.0 Mantua - 39.0 Herndon
Herndon,Week2,Mantua,Week4,345.0 Mantua - 57.0 Herndon
Herndon,Week4,Highlands Swim,Week1,370.0 Highlands Swim - 32.0 Herndon
Hayfield Farm,Week2,Somerset-Olde Creek,Week3,322.0 Hayfield Farm - 80.0 Somerset-Olde Creek
Hayfield Farm,Week5,Rolling Hills,Week1,233.0 Hayfield Farm - 169.0 Rolling Hills
Herndon,Week1,Fairfax Club Estates,Week2,266.0 Fairfax Club Estates - 133.0 Herndon
Herndon,Week1,Fairfax Club Estates,Week5,274.0 Fairfax Club Estates - 121.0 Herndon
Hayfield Farm,Week4,Rolling Hills,Week5,247.0 Hayfield Farm - 155.0 Rolling Hills
Herndon,Week2,Highlands Swim,Week4,350.0 Highlands Swim - 52.0 Herndon
Hayfield Farm,Week5,Rolling Forest,Week1,202.0 Hayfield Farm - 200.0 Rolling Forest
Hayfield Farm,Week3,Somerset-Olde Creek,Week1,314.0 Hayfield Farm - 84.0 Somerset-Olde Creek
Herndon,Week5,Highlands Swim,Week4,350.0 Highlands Swim - 52.0 Herndon
Herndon,Week5,Mantua,Week1,325.0 Mantua - 76.0 Herndon
Hayfield Farm,Week1,Rolling Hills,Week1,226.0 Hayfield Farm - 176.0 Rolling Hills
Hayfield Farm,Week4,Somerset-Olde Creek,Week1,321.0 Hayfield Farm - 81.0 Somerset-Olde Creek
Herndon,Week3,Fairfax Club Estates,Week2,265.0 Fairfax Club Estates - 135.0 Herndon
Herndon,Week5,Villa Aquatic,Week1,305.0 Villa Aquatic - 97.0 Herndon
Hiddenbrook,Week4,Cardinal Hill,Week3,317.0 Cardinal Hill - 85.0 Hiddenbrook
Hiddenbrook,Week4,Cardinal Hill,Week5,291.0 Cardinal Hill - 111.0 Hiddenbrook
Herndon,Week3,Village West,Week3,266.0 Village West - 136.0 Herndon
Herndon,Week2,Village West,Week1,246.0 Village West - 156.0 Herndon
Hayfield Farm,Week3,Wakefield Chapel,Week3,292.0 Wakefield Chapel - 110.0 Hayfield Farm
Herndon,Week3,Village West,Week1,251.0 Village West - 150.0 Herndon
Herndon,Week1,Fairfax Club Estates,Week4,286.0 Fairfax Club Estates - 114.0 Herndon
Hayfield Farm,Week5,Rolling Hills,Week3,233.0 Hayfield Farm - 169.0 Rolling Hills
Herndon,Week1,McLean,Week1,353.0 McLean - 49.0 Herndon
Herndon,Week2,Highlands Swim,Week3,354.0 Highlands Swim - 48.0 Herndon
Hiddenbrook,Week5,Cardinal Hill,Week1,291.0 Cardinal Hill - 111.0 Hiddenbrook
Hayfield Farm,Week3,Somerset-Olde Creek,Week4,312.0 Hayfield Farm - 89.0 Somerset-Olde Creek
Herndon,Week2,Mantua,Week2,333.0 Mantua - 69.0 Herndon
Hayfield Farm,Week1,Wakefield Chapel,Week1,322.5 Wakefield Chapel - 79.5 Hayfield Farm
Herndon,Week4,Highlands Swim,Week5,356.0 Highlands Swim - 46.0 Herndon
Herndon,Week4,Fairfax,Week4,351.0 Fairfax - 51.0 Herndon
Herndon,Week5,Highlands Swim,Week3,366.0 Highlands Swim - 36.0 Herndon
Herndon,Week5,Fairfax,Week5,368.0 Fairfax - 34.0 Herndon
Herndon,Week3,Village West,Week2,247.0 Village West - 154.0 Herndon
Hiddenbrook,Week1,Chesterbrook,Week1,361.0 Chesterbrook - 41.0 Hiddenbrook
Hayfield Farm,Week5,Rolling Hills,Week2,223.0 Hayfield Farm - 179.0 Rolling Hills
Hayfield Farm,Week2,Wakefield Chapel,Week2,311.0 Wakefield Chapel - 91.0 Hayfield Farm
Hayfield Farm,Week5,Sleepy Hollow Rec,Week2,259.0 Hayfield Farm - 143.0 Sleepy Hollow Rec
Herndon,Week4,Mantua,Week3,361.0 Mantua - 41.0 Herndon
Hayfield Farm,Week3,Rolling Hills,Week5,261.0 Hayfield Farm - 141.0 Rolling Hills
Hayfield Farm,Week4,Virginia Run,Week4,231.0 Virginia Run - 171.0 Hayfield Farm
Hayfield Farm,Week3,Virginia Run,Week5,228.0 Virginia Run - 174.0 Hayfield Farm
Herndon,Week4,Village West,Week4,247.0 Village West - 150.0 Herndon
Hiddenbrook,Week4,Cardinal Hill,Week2,275.0 Cardinal Hill - 127.0 Hiddenbrook
Hayfield Farm,Week1,Rolling Valley,Week2,285.0 Hayfield Farm - 117.0 Rolling Valley
Hayfield Farm,Week1,Rolling Valley,Week3,292.0 Hayfield Farm - 110.0 Rolling Valley
Hayfield Farm,Week5,Rolling Hills,Week5,233.0 Hayfield Farm - 169.0 Rolling Hills
Herndon,Week2,Hollin Hills,Week2,208.0 Herndon - 187.0 Hollin Hills
Hayfield Farm,Week2,Somerset-Olde Creek,Week5,302.0 Hayfield Farm - 100.0 Somerset-Olde Creek
Hiddenbrook,Week1,Chesterbrook,Week2,375.0 Chesterbrook - 27.0 Hiddenbrook
Herndon,Week3,Village West,Week5,239.0 Village West - 157.0 Herndon
Hayfield Farm,Week3,Somerset-Olde Creek,Week3,318.0 Hayfield Farm - 80.0 Somerset-Olde Creek
Hayfield Farm,Week3,Wakefield Chapel,Week5,305.0 Wakefield Chapel - 97.0 Hayfield Farm
Herndon,Week4,Fairfax Club Estates,Week2,254.0 Fairfax Club Estates - 145.0 Herndon
Hayfield Farm,Week5,Virginia Run,Week4,237.0 Virginia Run - 165.0 Hayfield Farm
Herndon,Week2,Hollin Hills,Week3,206.0 Hollin Hills - 194.0 Herndon
Hayfield Farm,Week1,Somerset-Olde Creek,Week2,320.0 Hayfield Farm - 82.0 Somerset-Olde Creek
Hiddenbrook,Week1,Chesterbrook,Week3,379.0 Chesterbrook - 23.0 Hiddenbrook
Herndon,Week4,Fairfax,Week2,351.0 Fairfax - 51.0 Herndon
Herndon,Week1,Hollin Hills,Week4,202.0 Hollin Hills - 191.0 Herndon
Hayfield Farm,Week4,Sleepy Hollow Rec,Week5,264.0 Hayfield Farm - 138.0 Sleepy Hollow Rec
Hayfield Farm,Week3,Wakefield Chapel,Week4,290.0 Wakefield Chapel - 112.0 Hayfield Farm
Herndon,Week1,Village West,Week1,247.0 Village West - 154.0 Herndon
Herndon,Week1,Hollin Hills,Week2,207.0 Herndon - 184.0 Hollin Hills
Hayfield Farm,Week1,Somerset-Olde Creek,Week4,312.0 Hayfield Farm - 90.0 Somerset-Olde Creek
Herndon,Week4,Mantua,Week2,329.0 Mantua - 73.0 Herndon
Hiddenbrook,Week5,Cardinal Hill,Week5,268.0 Cardinal Hill - 134.0 Hiddenbrook
Herndon,Week3,Mantua,Week3,361.0 Mantua - 41.0 Herndon
Herndon,Week2,Mantua,Week3,354.0 Mantua - 48.0 Herndon
Herndon,Week5,Broyhill Crest,Week5,209.0 Herndon - 191.0 Broyhill Crest
Hiddenbrook,Week3,Cardinal Hill,Week2,276.0 Cardinal Hill - 126.0 Hiddenbrook
Herndon,Week2,Mantua,Week1,331.0 Mantua - 64.0 Herndon
Hayfield Farm,Week4,Virginia Run,Week2,202.0 Hayfield Farm - 200.0 Virginia Run
Herndon,Week2,Hollin Hills,Week1,209.0 Herndon - 190.0 Hollin Hills
Herndon,Week3,Mantua,Week4,346.0 Mantua - 56.0 Herndon
Herndon,Week4,Fairfax,Week1,341.0 Fairfax - 61.0 Herndon
Hayfield Farm,Week5,Pinecrest,Week5,269.0 Pinecrest - 133.0 Hayfield Farm
Herndon,Week4,Village West,Week2,252.0 Village West - 149.0 Herndon
Herndon,Week5,Broyhill Crest,Week3,262.0 Herndon - 135.0 Broyhill Crest
Hayfield Farm,Week1,Rolling Valley,Week1,320.0 Hayfield Farm - 82.0 Rolling Valley
Herndon,Week4,Village West,Week5,255.0 Village West - 147.0 Herndon
Hayfield Farm,Week1,Somerset-Olde Creek,Week3,321.0 Hayfield Farm - 81.0 Somerset-Olde Creek
Herndon,Week4,Mantua,Week4,343.0 Mantua - 59.0 Herndon
Herndon,Week2,Hollin Hills,Week4,209.0 Hollin Hills - 187.0 Herndon
Hiddenbrook,Week5,Cardinal Hill,Week4,274.0 Cardinal Hill - 128.0 Hiddenbrook
Hayfield Farm,Week5,Virginia Run,Week2,216.0 Virginia Run - 186.0 Hayfield Farm
Herndon,Week2,Burke Station,Week3,244.0 Burke Station - 145.0 Herndon
Herndon,Week3,Virginia Hills,Week4,239.0 Herndon - 158.0 Virginia Hills
Hayfield Farm,Week5,Somerset-Olde Creek,Week4,322.0 Hayfield Farm - 80.0 Somerset-Olde Creek
Hayfield Farm,Week2,Pinewood Lake,Week4,374.0 Hayfield Farm - 28.0 Pinewood Lake
Herndon,Week2,Virginia Hills,Week2,241.0 Herndon - 155.0 Virginia Hills
Herndon,Week1,Hollin Meadows,Week4,325.0 Hollin Meadows - 77.0 Herndon
Herndon,Week2,Hollin Meadows,Week2,312.0 Hollin Meadows - 90.0 Herndon
Herndon,Week2,Burke Station,Week1,230.0 Burke Station - 148.0 Herndon
Herndon,Week2,Virginia Hills,Week3,229.0 Herndon - 173.0 Virginia Hills
Herndon,Week1,McLean,Week3,357.5 McLean - 37.5 Herndon
Herndon,Week1,Burke Station,Week2,214.0 Burke Station - 175.0 Herndon
Herndon,Week1,McLean,Week4,356.0 McLean - 46.0 Herndon
Hayfield Farm,Week5,Somerset-Olde Creek,Week3,329.0 Hayfield Farm - 73.0 Somerset-Olde Creek
Hiddenbrook,Week1,Commonwealth,Week4,207.0 Hiddenbrook - 195.0 Commonwealth
Herndon,Week1,Mantua,Week5,355.0 Mantua - 47.0 Herndon
Hayfield Farm,Week4,Pinecrest,Week1,238.0 Pinecrest - 164.0 Hayfield Farm
Hiddenbrook,Week1,Chesterbrook,Week4,372.0 Chesterbrook - 30.0 Hiddenbrook
Hayfield Farm,Week1,Wakefield Chapel,Week2,306.0 Wakefield Chapel - 96.0 Hayfield Farm
Hayfield Farm,Week5,Sleepy Hollow Rec,Week5,247.0 Hayfield Farm - 155.0 Sleepy Hollow Rec
Hiddenbrook,Week3,Chesterbrook,Week1,358.0 Chesterbrook - 39.0 Hiddenbrook
Hayfield Farm,Week5,Virginia Run,Week5,257.0 Virginia Run - 145.0 Hayfield Farm
Hayfield Farm,Week5,Pinecrest,Week3,279.0 Pinecrest - 123.0 Hayfield Farm
Herndon,Week3,Burke Station,Week1,223.0 Burke Station - 152.0 Herndon
Hayfield Farm,Week2,Pinewood Lake,Week3,378.0 Hayfield Farm - 24.0 Pinewood Lake
Hiddenbrook,Week2,Commonwealth,Week3,221.0 Commonwealth - 181.0 Hiddenbrook
Hayfield Farm,Week2,Somerset-Olde Creek,Week2,326.0 Hayfield Farm - 76.0 Somerset-Olde Creek
Hayfield Farm,Week4,Sleepy Hollow Rec,Week4,280.0 Hayfield Farm - 122.0 Sleepy Hollow Rec
Hayfield Farm,Week1,Somerset-Olde Creek,Week5,286.0 Hayfield Farm - 116.0 Somerset-Olde Creek
Hayfield Farm,Week4,Virginia Run,Week5,246.0 Virginia Run - 156.0 Hayfield Farm
Herndon,Week3,Hollin Meadows,Week2,306.0 Hollin Meadows - 96.0 Herndon
Herndon,Week4,Virginia Hills,Week4,230.0 Herndon - 169.0 Virginia Hills
Hayfield Farm,Week5,Pinewood Lake,Week1,371.0 Hayfield Farm - 31.0 Pinewood Lake
Hayfield Farm,Week1,Pinewood Lake,Week3,370.0 Hayfield Farm - 29.0 Pinewood Lake
Herndon,Week2,Broyhill Crest,Week1,235.0 Herndon - 154.0 Broyhill Crest
Herndon,Week5,Broyhill Crest,Week1,244.0 Herndon - 148.0 Broyhill Crest
Herndon,Week3,Hunt Valley,Week3,372.0 Hunt Valley - 30.0 Herndon
Hayfield Farm,Week3,Virginia Run,Week4,202.0 Hayfield Farm - 200.0 Virginia Run
Herndon,Week4,Hollin Hills,Week3,212.0 Hollin Hills - 189.0 Herndon
Hiddenbrook,Week2,Chesterbrook,Week1,370.0 Chesterbrook - 32.0 Hiddenbrook
Herndon,Week5,Village West,Week3,263.0 Village West - 139.0 Herndon
Hayfield Farm,Week4,Virginia Run,Week3,203.0 Virginia Run - 199.0 Hayfield Farm
Hayfield Farm,Week5,Sleepy Hollow Rec,Week3,234.0 Hayfield Farm - 168.0 Sleepy Hollow Rec
Hayfield Farm,Week2,Pinewood Lake,Week2,371.0 Hayfield Farm - 31.0 Pinewood Lake
Herndon,Week4,Hunt Valley,Week4,355.0 Hunt Valley - 47.0 Herndon
Herndon,Week1,Hunt Valley,Week5,376.0 Hunt Valley - 26.0 Herndon
Herndon,Week1,Virginia Run,Week2,326.0 Virginia Run - 76.0 Herndon
Hayfield Farm,Week5,Pinecrest,Week2,272.0 Pinecrest - 130.0 Hayfield Farm
Herndon,Week1,Virginia Hills,Week4,219.0 Herndon - 176.0 Virginia Hills
Herndon,Week1,Burke Station,Week5,252.0 Burke Station - 142.0 Herndon
Hiddenbrook,Week2,Chesterbrook,Week4,379.0 Chesterbrook - 23.0 Hiddenbrook
Herndon,Week2,Hollin Meadows,Week5,340.0 Hollin Meadows - 61.0 Herndon
Hayfield Farm,Week1,Wakefield Chapel,Week3,313.0 Wakefield Chapel - 89.0 Hayfield Farm
Herndon,Week3,Mantua,Week5,352.0 Mantua - 50.0 Herndon
Herndon,Week5,Hollin Hills,Week5,212.0 Herndon - 183.0 Hollin Hills
Hiddenbrook,Week2,Chesterbrook,Week5,384.0 Chesterbrook - 18.0 Hiddenbrook
Herndon,Week1,Virginia Run,Week4,347.0 Virginia Run - 55.0 Herndon
Hiddenbrook,Week5,Chesterbrook,Week2,358.0 Chesterbrook - 44.0 Hiddenbrook
Hayfield Farm,Week3,Pinecrest,Week5,251.0 Pinecrest - 151.0 Hayfield Farm
Herndon,Week1,Hunter Mill,Week3,340.0 Hunter Mill - 61.0 Herndon
Herndon,Week2,Hollin Meadows,Week1,340.0 Hollin Meadows - 62.0 Herndon
Hayfield Farm,Week4,Virginia Run,Week1,229.5 Virginia Run - 172.5 Hayfield Farm
Herndon,Week5,Holmes Run Acres,Week4,315.0 Holmes Run Acres - 86.0 Herndon
Herndon,Week4,Burke Station,Week1,219.0 Burke Station - 160.0 Herndon
Herndon,Week2,Hollin Meadows,Week4,338.0 Hollin Meadows - 64.0 Herndon
Hayfield Farm,Week5,Sleepy Hollow Rec,Week4,269.0 Hayfield Farm - 133.0 Sleepy Hollow Rec
Hiddenbrook,Week3,Chesterbrook,Week5,363.0 Chesterbrook - 39.0 Hiddenbrook
Hiddenbrook,Week4,Chesterbrook,Week2,364.0 Chesterbrook - 38.0 Hiddenbrook
Hayfield Farm,Week5,Virginia Run,Week1,238.0 Virginia Run - 164.0 Hayfield Farm
Herndon,Week1,Burke Station,Week3,243.0 Burke Station - 140.0 Herndon
Herndon,Week4,Virginia Hills,Week5,205.0 Herndon - 192.0 Virginia Hills
Herndon,Week3,Broyhill Crest,Week4,233.5 Herndon - 167.5 Broyhill Crest
Hayfield Farm,Week5,Pinecrest,Week1,238.0 Pinecrest - 164.0 Hayfield Farm
Hayfield Farm,Week4,Sleepy Hollow Rec,Week3,254.0 Hayfield Farm - 148.0 Sleepy Hollow Rec
Hayfield Farm,Week3,Sleepy Hollow Rec,Week5,267.0 Hayfield Farm - 134.0 Sleepy Hollow Rec
Herndon,Week5,Hollin Hills,Week3,212.0 Hollin Hills - 189.0 Herndon
Herndon,Week2,Broyhill Crest,Week4,227.5 Herndon - 168.5 Broyhill Crest
Hayfield Farm,Week1,Pinewood Lake,Week4,366.5 Hayfield Farm - 31.5 Pinewood Lake
Hayfield Farm,Week3,Pinewood Lake,Week4,361.0 Hayfield Farm - 31.0 Pinewood Lake
Herndon,Week4,Hollin Hills,Week1,211.0 Herndon - 189.0 Hollin Hills
Hayfield Farm,Week5,Pinecrest,Week4,272.0 Pinecrest - 130.0 Hayfield Farm
Herndon,Week2,Hunt Valley,Week1,354.0 Hunt Valley - 48.0 Herndon
Hiddenbrook,Week5,Chesterbrook,Week4,360.0 Chesterbrook - 42.0 Hiddenbrook
Herndon,Week2,Virginia Run,Week1,346.0 Virginia Run - 56.0 Herndon
Herndon,Week4,Hunt Valley,Week3,360.0 Hunt Valley - 42.0 Herndon
Herndon,Week4,Hollin Meadows,Week5,344.0 Hollin Meadows - 58.0 Herndon
Herndon,Week2,Hunter Mill,Week1,351.0 Hunter Mill - 46.0 Herndon
Hayfield Farm,Week3,Sleepy Hollow Rec,Week4,297.0 Hayfield Farm - 105.0 Sleepy Hollow Rec
Herndon,Week5,Village West,Week2,251.0 Village West - 150.0 Herndon
Hayfield Farm,Week5,Virginia Run,Week3,225.0 Virginia Run - 177.0 Hayfield Farm
Hiddenbrook,Week1,Chesterbrook,Week5,371.0 Chesterbrook - 31.0 Hiddenbrook
Herndon,Week4,Virginia Hills,Week2,248.0 Herndon - 149.0 Virginia Hills
Hayfield Farm,Week1,Wakefield Chapel,Week5,320.0 Wakefield Chapel - 82.0 Hayfield Farm
Hayfield Farm,Week1,Wakefield Chapel,Week4,303.0 Wakefield Chapel - 99.0 Hayfield Farm
Herndon,Week3,Broyhill Crest,Week2,250.0 Herndon - 149.0 Broyhill Crest
Hayfield Farm,Week4,Sleepy Hollow Rec,Week2,269.0 Hayfield Farm - 133.0 Sleepy Hollow Rec
Hiddenbrook,Week1,Commonwealth,Week5,207.0 Commonwealth - 195.0 Hiddenbrook
Herndon,Week2,Burke Station,Week5,246.0 Burke Station - 150.0 Herndon
Hayfield Farm,Week5,Truro,Week1,231.0 Hayfield Farm - 171.0 Truro
Hiddenbrook,Week5,Chesterbrook,Week3,371.0 Chesterbrook - 31.0 Hiddenbrook
Hayfield Farm,Week5,Sleepy Hollow Rec,Week1,255.0 Hayfield Farm - 147.0 Sleepy Hollow Rec
Hayfield Farm,Week1,Pinewood Lake,Week1,364.0 Hayfield Farm - 35.0 Pinewood Lake
Hayfield Farm,Week2,Wakefield Chapel,Week3,320.0 Wakefield Chapel - 82.0 Hayfield Farm
Hiddenbrook,Week4,Chesterbrook,Week5,362.0 Chesterbrook - 40.0 Hiddenbrook
Herndon,Week3,Broyhill Crest,Week1,237.0 Herndon - 161.0 Broyhill Crest
Herndon,Week5,Hollin Meadows,Week1,335.0 Hollin Meadows - 67.0 Herndon
Herndon,Week5,Hollin Hills,Week4,206.0 Hollin Hills - 195.0 Herndon
Hayfield Farm,Week2,Wakefield Chapel,Week4,303.5 Wakefield Chapel - 98.5 Hayfield Farm
Herndon,Week2,Virginia Hills,Week4,224.0 Herndon - 175.0 Virginia Hills
Hayfield Farm,Week1,Somerset-Olde Creek,Week1,309.0 Hayfield Farm - 93.0 Somerset-Olde Creek
Herndon,Week2,Broyhill Crest,Week2,244.0 Herndon - 148.0 Broyhill Crest
Herndon,Week3,Virginia Hills,Week5,203.0 Herndon - 194.0 Virginia Hills
Herndon,Week1,Hollin Meadows,Week1,328.0 Hollin Meadows - 74.0 Herndon
Herndon,Week4,Broyhill Crest,Week5,214.0 Herndon - 186.0 Broyhill Crest
Hayfield Farm,Week4,Pinewood Lake,Week3,378.0 Hayfield Farm - 22.0 Pinewood Lake
Herndon,Week3,Hunt Valley,Week5,380.0 Hunt Valley - 22.0 Herndon
Herndon,Week5,Village West,Week4,243.0 Village West - 154.0 Herndon
Herndon,Week1,Hunt Valley,Week4,355.0 Hunt Valley - 47.0 Herndon
Hayfield Farm,Week4,Pinecrest,Week4,280.0 Pinecrest - 122.0 Hayfield Farm
Hayfield Farm,Week4,Sleepy Hollow Rec,Week1,280.0 Hayfield Farm - 122.0 Sleepy Hollow Rec
Herndon,Week1,Hunt Valley,Week1,353.0 Hunt Valley - 49.0 Herndon
Herndon,Week5,Hollin Hills,Week1,216.0 Herndon - 183.0 Hollin Hills
Hayfield Farm,Week2,Wakefield Chapel,Week1,326.0 Wakefield Chapel - 76.0 Hayfield Farm
Hayfield Farm,Week2,Somerset-Olde Creek,Week4,322.0 Hayfield Farm - 80.0 Somerset-Olde Creek
Hayfield Farm,Week1,Tuckahoe,Week5,333.0 Tuckahoe - 69.0 Hayfield Farm
Herndon,Week5,Holmes Run Acres,Week5,328.0 Holmes Run Acres - 74.0 Herndon
Herndon,Week4,Hollin Hills,Week4,207.0 Hollin Hills - 194.0 Herndon
Hayfield Farm,Week3,Somerset-Olde Creek,Week5,299.0 Hayfield Farm - 99.0 Somerset-Olde Creek
Herndon,Week4,Hollin Hills,Week5,216.0 Herndon - 179.0 Hollin Hills
Hayfield Farm,Week2,Truro,Week1,244.0 Hayfield Farm - 158.0 Truro
Herndon,Week1,Virginia Hills,Week1,228.0 Herndon - 165.0 Virginia Hills
Herndon,Week2,Virginia Hills,Week5,203.0 Herndon - 194.0 Virginia Hills
Herndon,Week3,Hollin Hills,Week5,207.0 Herndon - 188.0 Hollin Hills
Herndon,Week2,Broyhill Crest,Week5,206.0 Herndon - 192.0 Broyhill Crest
Hayfield Farm,Week4,Pinewood Lake,Week1,368.0 Hayfield Farm - 34.0 Pinewood Lake
Hayfield Farm,Week3,Somerset-Olde Creek,Week2,318.0 Hayfield Farm - 83.0 Somerset-Olde Creek
Herndon,Week3,Broyhill Crest,Week5,207.0 Herndon - 194.0 Broyhill Crest
Herndon,Week4,Hunt Valley,Week2,360.0 Hunt Valley - 42.0 Herndon
Hayfield Farm,Week2,Somerset-Olde Creek,Week1,321.0 Hayfield Farm - 81.0 Somerset-Olde Creek
Hiddenbrook,Week4,Chesterbrook,Week3,373.0 Chesterbrook - 29.0 Hiddenbrook
Hayfield Farm,Week3,Truro,Week1,265.0 Hayfield Farm - 137.0 Truro
Hayfield Farm,Week4,Pinewood Lake,Week2,372.0 Hayfield Farm - 28.0 Pinewood Lake
Herndon,Week2,Virginia Hills,Week1,238.0 Herndon - 160.0 Virginia Hills
Hiddenbrook,Week2,Chesterbrook,Week3,389.0 Chesterbrook - 13.0 Hiddenbrook
Herndon,Week4,Hunt Valley,Week5,379.0 Hunt Valley - 23.0 Herndon
Hiddenbrook,Week5,Chesterbrook,Week5,360.0 Chesterbrook - 42.0 Hiddenbrook
Herndon,Week5,Village West,Week5,245.0 Village West - 157.0 Herndon
Hayfield Farm,Week3,Truro,Week4,254.0 Hayfield Farm - 147.0 Truro
Herndon,Week1,Hollin Meadows,Week3,334.0 Hollin Meadows - 67.0 Herndon
Herndon,Week4,Broyhill Crest,Week1,245.0 Herndon - 148.0 Broyhill Crest
Herndon,Week1,Virginia Hills,Week2,227.0 Herndon - 160.0 Virginia Hills
Herndon,Week3,Broyhill Crest,Week3,267.0 Herndon - 127.0 Broyhill Crest
Hayfield Farm,Week4,Pinecrest,Week2,272.0 Pinecrest - 130.0 Hayfield Farm
Herndon,Week1,Hunt Valley,Week2,362.0 Hunt Valley - 40.0 Herndon
Hayfield Farm,Week2,Pinewood Lake,Week1,367.5 Hayfield Farm - 34.5 Pinewood Lake
Hiddenbrook,Week3,Chesterbrook,Week4,361.5 Chesterbrook - 40.5 Hiddenbrook
Hayfield Farm,Week1,Tuckahoe,Week3,344.0 Tuckahoe - 58.0 Hayfield Farm
Hiddenbrook,Week1,Commonwealth,Week1,253.0 Hiddenbrook - 148.0 Commonwealth
Hayfield Farm,Week4,Somerset-Olde Creek,Week2,331.0 Hayfield Farm - 71.0 Somerset-Olde Creek
Herndon,Week5,Broyhill Crest,Week2,245.0 Herndon - 148.0 Broyhill Crest
Hayfield Farm,Week4,Somerset-Olde Creek,Week5,298.0 Hayfield Farm - 104.0 Somerset-Olde Creek
Herndon,Week3,Hunt Valley,Week4,358.0 Hunt Valley - 44.0 Herndon
Hiddenbrook,Week4,Chesterbrook,Week4,360.5 Chesterbrook - 41.5 Hiddenbrook
Hayfield Farm,Week2,Truro,Week5,267.0 Hayfield Farm - 135.0 Truro
Herndon,Week4,Broyhill Crest,Week3,274.0 Herndon - 123.0 Broyhill Crest
Hiddenbrook,Week4,Chesterbrook,Week1,352.0 Chesterbrook - 50.0 Hiddenbrook
Herndon,Week3,Hollin Hills,Week1,203.0 Herndon - 199.0 Hollin Hills
Hayfield Farm,Week3,Pleasant Valley,Week2,322.0 Hayfield Farm - 80.0 Pleasant Valley
Herndon,Week3,Hollin Hills,Week3,219.0 Hollin Hills - 183.0 Herndon
Herndon,Week3,Hollin Hills,Week4,214.0 Hollin Hills - 184.0 Herndon
Herndon,Week4,Virginia Hills,Week1,245.0 Herndon - 154.0 Virginia Hills
Hayfield Farm,Week5,Somerset-Olde Creek,Week1,306.0 Hayfield Farm - 96.0 Somerset-Olde Creek
Hayfield Farm,Week4,Pinewood Lake,Week5,368.0 Hayfield Farm - 33.0 Pinewood Lake
Hayfield Farm,Week4,Somerset-Olde Creek,Week4,330.0 Hayfield Farm - 72.0 Somerset-Olde Creek
Hiddenbrook,Week3,Chesterbrook,Week3,376.0 Chesterbrook - 26.0 Hiddenbrook
Herndon,Week4,Broyhill Crest,Week2,262.0 Herndon - 131.0 Broyhill Crest
Herndon,Week4,Broyhill Crest,Week4,238.0 Herndon - 159.0 Broyhill Crest
Hayfield Farm,Week1,Truro,Week3,242.0 Hayfield Farm - 160.0 Truro
Hayfield Farm,Week4,Pinecrest,Week3,286.0 Pinecrest - 116.0 Hayfield Farm
Herndon,Week2,Broyhill Crest,Week3,250.0 Herndon - 142.0 Broyhill Crest
Hayfield Farm,Week4,Somerset-Olde Creek,Week3,329.0 Hayfield Farm - 73.0 Somerset-Olde Creek
Herndon,Week1,Virginia Hills,Week5,198.0 Herndon - 198.0 Virginia Hills
Herndon,Week5,Virginia Hills,Week3,237.0 Herndon - 165.0 Virginia Hills
Hiddenbrook,Week3,Chesterbrook,Week2,368.0 Chesterbrook - 34.0 Hiddenbrook
Herndon,Week4,Virginia Hills,Week3,232.0 Herndon - 170.0 Virginia Hills
Hayfield Farm,Week4,Pinecrest,Week5,275.0 Pinecrest - 127.0 Hayfield Farm
Herndon,Week2,Hollin Hills,Week5,206.5 Herndon - 181.5 Hollin Hills
Hayfield Farm,Week5,Truro,Week4,229.0 Hayfield Farm - 173.0 Truro
Hayfield Farm,Week5,Truro,Week5,253.0 Hayfield Farm - 149.0 Truro
Herndon,Week2,Hunt Valley,Week5,375.0 Hunt Valley - 27.0 Herndon
Herndon,Week3,Hunt Valley,Week1,364.0 Hunt Valley - 38.0 Herndon
Herndon,Week5,Hunt Valley,Week1,348.0 Hunt Valley - 54.0 Herndon
Herndon,Week4,Hollin Hills,Week2,203.0 Herndon - 197.0 Hollin Hills
Hayfield Farm,Week3,Pinecrest,Week4,252.0 Pinecrest - 150.0 Hayfield Farm
Herndon,Week3,Hunt Valley,Week2,362.5 Hunt Valley - 39.5 Herndon
Herndon,Week3,Virginia Hills,Week2,240.0 Herndon - 156.0 Virginia Hills
Hayfield Farm,Week5,Somerset-Olde Creek,Week5,295.0 Hayfield Farm - 107.0 Somerset-Olde Creek
Herndon,Week5,Hunt Valley,Week5,370.0 Hunt Valley - 32.0 Herndon
Hayfield Farm,Week1,Pinewood Lake,Week2,370.5 Hayfield Farm - 28.5 Pinewood Lake
Herndon,Week2,Poplar Tree,Week2,313.0 Poplar Tree - 89.0 Herndon
Herndon,Week1,Virginia Hills,Week3,217.0 Herndon - 181.0 Virginia Hills
Herndon,Week2,Hunt Valley,Week4,357.0 Hunt Valley - 45.0 Herndon
Hayfield Farm,Week5,Somerset-Olde Creek,Week2,326.0 Hayfield Farm - 76.0 Somerset-Olde Creek
Hiddenbrook,Week2,Chesterbrook,Week2,385.0 Chesterbrook - 17.0 Hiddenbrook
Hiddenbrook,Week1,Commonwealth,Week2,221.0 Commonwealth - 181.0 Hiddenbrook
Hayfield Farm,Week2,Pinewood Lake,Week5,367.0 Hayfield Farm - 35.0 Pinewood Lake
Hayfield Farm,Week2,Truro,Week2,273.0 Hayfield Farm - 129.0 Truro
Herndon,Week1,Hollin Meadows,Week2,311.0 Hollin Meadows - 91.0 Herndon
Herndon,Week3,Poplar Tree,Week4,308.0 Poplar Tree - 93.0 Herndon
Herndon,Week5,Broyhill Crest,Week4,240.0 Herndon - 156.0 Broyhill Crest
Herndon,Week1,Burke Station,Week1,233.0 Burke Station - 141.0 Herndon
Hayfield Farm,Week4,South Run,Week3,233.0 Hayfield Farm - 169.0 South Run
Hayfield Farm,Week1,Pinewood Lake,Week5,352.0 Hayfield Farm - 46.0 Pinewood Lake
Herndon,Week3,Virginia Hills,Week3,246.0 Herndon - 155.0 Virginia Hills
Hiddenbrook,Week5,Chesterbrook,Week1,354.0 Chesterbrook - 48.0 Hiddenbrook
Hayfield Farm,Week1,Tuckahoe,Week4,346.0 Tuckahoe - 56.0 Hayfield Farm
Herndon,Week3,Virginia Hills,Week1,240.0 Herndon - 157.0 Virginia Hills
Herndon,Week3,Hollin Hills,Week2,203.0 Hollin Hills - 198.0 Herndon
Herndon,Week4,Poplar Tree,Week4,307.0 Poplar Tree - 93.0 Herndon
Herndon,Week5,Hunt Valley,Week3,361.0 Hunt Valley - 41.0 Herndon
Herndon,Week5,Hollin Hills,Week2,214.0 Herndon - 186.0 Hollin Hills
Herndon,Week1,Burke Station,Week4,214.0 Burke Station - 179.0 Herndon
Hayfield Farm,Week2,Truro,Week4,240.0 Hayfield Farm - 162.0 Truro
Hiddenbrook,Week2,Commonwealth,Week4,227.0 Commonwealth - 175.0 Hiddenbrook
Herndon,Week1,Hollin Meadows,Week5,340.0 Hollin Meadows - 62.0 Herndon
Hayfield Farm,Week4,Truro,Week1,247.0 Hayfield Farm - 155.0 Truro
Hiddenbrook,Week1,Commonwealth,Week3,201.0 Commonwealth - 201.0 Hiddenbrook
Hayfield Farm,Week2,Truro,Week3,259.0 Hayfield Farm - 143.0 Truro
Herndon,Week5,Virginia Hills,Week1,249.0 Herndon - 149.0 Virginia Hills
Hayfield Farm,Week5,Pinewood Lake,Week4,372.0 Hayfield Farm - 29.0 Pinewood Lake
Hiddenbrook,Week2,Commonwealth,Week2,233.0 Commonwealth - 169.0 Hiddenbrook
Herndon,Week5,Virginia Hills,Week2,246.0 Herndon - 149.0 Virginia Hills
Herndon,Week3,Hollin Meadows,Week1,324.0 Hollin Meadows - 78.0 Herndon
Hayfield Farm,Week3,Pinewood Lake,Week2,362.0 Hayfield Farm - 30.0 Pinewood Lake
Herndon,Week1,Hunt Valley,Week3,365.0 Hunt Valley - 37.0 Herndon
Hayfield Farm,Week1,Tuckahoe,Week2,328.0 Tuckahoe - 74.0 Hayfield Farm
Hayfield Farm,Week3,Pinewood Lake,Week5,357.0 Hayfield Farm - 40.0 Pinewood Lake
Hayfield Farm,Week5,South Run,Week1,208.0 Hayfield Farm - 185.0 South Run
Herndon,Week3,Burke Station,Week2,209.0 Burke Station - 184.0 Herndon
Herndon,Week2,Hollin Meadows,Week3,333.0 Hollin Meadows - 68.0 Herndon
Herndon,Week2,Burke Station,Week2,214.0 Burke Station - 180.0 Herndon
Herndon,Week5,Virginia Hills,Week4,250.0 Herndon - 149.0 Virginia Hills
Herndon,Week2,Hunt Valley,Week3,353.0 Hunt Valley - 49.0 Herndon
Hiddenbrook,Week2,Commonwealth,Week1,197.0 Hiddenbrook - 194.0 Commonwealth
Herndon,Week3,Poplar Tree,Week3,330.0 Poplar Tree - 71.0 Herndon
Hayfield Farm,Week1,Truro,Week4,227.0 Hayfield Farm - 175.0 Truro
Herndon,Week2,Hunt Valley,Week2,367.0 Hunt Valley - 35.0 Herndon
Herndon,Week3,Poplar Tree,Week1,329.0 Poplar Tree - 72.0 Herndon
Herndon,Week2,Ravensworth Farm,Week2,313.0 Ravensworth Farm - 86.0 Herndon
Herndon,Week4,Hunt Valley,Week1,357.0 Hunt Valley - 45.0 Herndon
Hayfield Farm,Week3,Pinewood Lake,Week1,359.0 Hayfield Farm - 34.0 Pinewood Lake
Hayfield Farm,Week3,South Run,Week1,225.0 Hayfield Farm - 168.0 South Run
Hayfield Farm,Week3,South Run,Week3,227.0 Hayfield Farm - 175.0 South Run
Herndon,Week4,Poplar Tree,Week2,308.0 Poplar Tree - 94.0 Herndon
Herndon,Week2,Burke Station,Week4,221.5 Burke Station - 171.5 Herndon
Hayfield Farm,Week1,South Run,Week1,211.0 Hayfield Farm - 182.0 South Run
Hayfield Farm,Week3,Truro,Week3,282.0 Hayfield Farm - 120.0 Truro
Hayfield Farm,Week4,Pinewood Lake,Week4,375.0 Hayfield Farm - 25.0 Pinewood Lake
Herndon,Week5,Hunt Valley,Week4,356.0 Hunt Valley - 46.0 Herndon
Hayfield Farm,Week1,Pleasant Valley,Week4,321.0 Hayfield Farm - 81.0 Pleasant Valley
Herndon,Week4,Hollin Meadows,Week1,333.0 Hollin Meadows - 69.0 Herndon
Hiddenbrook,Week5,Commonwealth,Week1,264.0 Hiddenbrook - 138.0 Commonwealth
Herndon,Week1,Hunter Mill,Week2,333.0 Hunter Mill - 68.0 Herndon
Herndon,Week5,Hunt Valley,Week2,351.0 Hunt Valley - 51.0 Herndon
Hiddenbrook,Week2,Cottontail,Week5,277.0 Cottontail - 125.0 Hiddenbrook
Herndon,Week3,Burke Station,Week4,224.0 Burke Station - 173.0 Herndon
Herndon,Week4,Hollin Meadows,Week2,310.0 Hollin Meadows - 92.0 Herndon
Herndon,Week4,Hollin Meadows,Week4,342.0 Hollin Meadows - 60.0 Herndon
Hayfield Farm,Week1,South Run,Week4,225.5 Hayfield Farm - 176.5 South Run
Hayfield Farm,Week1,Truro,Week2,261.0 Hayfield Farm - 141.0 Truro
Hayfield Farm,Week5,South Run,Week5,202.0 South Run - 200.0 Hayfield Farm
Herndon,Week4,Hollin Meadows,Week3,333.0 Hollin Meadows - 68.0 Herndon
Herndon,Week1,Hunter Mill,Week1,353.0 Hunter Mill - 44.0 Herndon
Hayfield Farm,Week5,Pinewood Lake,Week5,365.0 Hayfield Farm - 36.0 Pinewood Lake
Herndon,Week3,Ravensworth Farm,Week2,312.0 Ravensworth Farm - 90.0 Herndon
Herndon,Week5,Burke Station,Week2,212.0 Burke Station - 187.0 Herndon
Herndon,Week2,Poplar Tree,Week4,310.0 Poplar Tree - 90.0 Herndon
Herndon,Week1,Camelot,Week3,266.0 Camelot - 134.0 Herndon
Hiddenbrook,Week4,Commonwealth,Week5,222.0 Hiddenbrook - 180.0 Commonwealth
Hayfield Farm,Week2,Springboard,Week3,278.0 Hayfield Farm - 124.0 Springboard
Herndon,Week5,Virginia Hills,Week5,205.0 Herndon - 192.0 Virginia Hills
Hayfield Farm,Week3,Pinewood Lake,Week3,365.0 Hayfield Farm - 27.0 Pinewood Lake
Herndon,Week2,Poplar Tree,Week5,344.0 Poplar Tree - 57.0 Herndon
Herndon,Week3,Burke Station,Week5,245.0 Burke Station - 146.0 Herndon
Hayfield Farm,Week3,South Run,Week4,238.0 Hayfield Farm - 163.0 South Run
Hayfield Farm,Week4,Truro,Week2,281.0 Hayfield Farm - 121.0 Truro
Herndon,Week4,Virginia Run,Week3,338.0 Virginia Run - 64.0 Herndon
Herndon,Week1,Virginia Run,Week3,335.0 Virginia Run - 67.0 Herndon
Herndon,Week2,Ravensworth Farm,Week5,343.0 Ravensworth Farm - 59.0 Herndon
Hayfield Farm,Week1,Truro,Week5,251.5 Hayfield Farm - 150.5 Truro
Herndon,Week3,Burke Station,Week3,242.0 Burke Station - 149.0 Herndon
Herndon,Week1,Virginia Run,Week5,354.0 Virginia Run - 48.0 Herndon
Herndon,Week1,Virginia Run,Week1,345.0 Virginia Run - 57.0 Herndon
Hiddenbrook,Week5,Commonwealth,Week5,213.0 Hiddenbrook - 189.0 Commonwealth
Herndon,Week3,Hollin Meadows,Week4,333.0 Hollin Meadows - 69.0 Herndon
Hayfield Farm,Week2,Springboard,Week5,262.0 Hayfield Farm - 140.0 Springboard
Hiddenbrook,Week2,Cottontail,Week3,272.0 Cottontail - 130.0 Hiddenbrook
Hayfield Farm,Week2,Pleasant Valley,Week2,316.0 Hayfield Farm - 86.0 Pleasant Valley
Hayfield Farm,Week1,Springboard,Week1,273.0 Hayfield Farm - 129.0 Springboard
Herndon,Week3,Hollin Meadows,Week3,335.0 Hollin Meadows - 67.0 Herndon
Hiddenbrook,Week3,Cottontail,Week4,217.0 Cottontail - 185.0 Hiddenbrook
Herndon,Week5,Poplar Tree,Week2,306.0 Poplar Tree - 96.0 Herndon
Herndon,Week2,Virginia Run,Week2,329.0 Virginia Run - 73.0 Herndon
Hayfield Farm,Week1,Pleasant Valley,Week5,308.0 Hayfield Farm - 94.0 Pleasant Valley
Herndon,Week3,Holmes Run Acres,Week4,309.5 Holmes Run Acres - 90.5 Herndon
Herndon,Week3,Camelot,Week1,275.0 Camelot - 127.0 Herndon
Herndon,Week2,Wakefield Chapel,Week2,373.0 Wakefield Chapel - 29.0 Herndon
Herndon,Week3,Hollin Meadows,Week5,343.0 Hollin Meadows - 59.0 Herndon
Hayfield Farm,Week1,Truro,Week1,232.0 Hayfield Farm - 170.0 Truro
Herndon,Week5,Burke Station,Week1,217.0 Burke Station - 160.0 Herndon
Herndon,Week2,Wakefield Chapel,Week5,374.0 Wakefield Chapel - 28.0 Herndon
Hayfield Farm,Week3,Truro,Week2,283.0 Hayfield Farm - 118.0 Truro
Herndon,Week1,Hunter Mill,Week5,347.0 Hunter Mill - 55.0 Herndon
Hayfield Farm,Week2,Pleasant Valley,Week3,295.0 Hayfield Farm - 107.0 Pleasant Valley
Herndon,Week4,Poplar Tree,Week3,334.0 Poplar Tree - 67.0 Herndon
Herndon,Week5,Poplar Tree,Week3,331.0 Poplar Tree - 70.0 Herndon
Hayfield Farm,Week4,Truro,Week3,272.0 Hayfield Farm - 130.0 Truro
Hiddenbrook,Week4,Commonwealth,Week3,213.0 Hiddenbrook - 188.0 Commonwealth
Herndon,Week2,Camelot,Week3,259.5 Camelot - 141.5 Herndon
Hayfield Farm,Week4,South Run,Week2,243.0 Hayfield Farm - 159.0 South Run
Herndon,Week4,Hunter Mill,Week4,347.0 Hunter Mill - 55.0 Herndon
Hayfield Farm,Week4,South Run,Week5,214.0 Hayfield Farm - 188.0 South Run
Herndon,Week1,Hunter Mill,Week4,347.0 Hunter Mill - 55.0 Herndon
Herndon,Week1,Ravensworth Farm,Week4,320.0 Ravensworth Farm - 82.0 Herndon
Herndon,Week1,Poplar Tree,Week3,335.0 Poplar Tree - 65.0 Herndon
Herndon,Week2,Holmes Run Acres,Week4,301.0 Holmes Run Acres - 100.0 Herndon
Herndon,Week3,Camelot,Week4,273.0 Camelot - 129.0 Herndon
Herndon,Week2,Camelot,Week4,266.0 Camelot - 136.0 Herndon
Herndon,Week1,Ravensworth Farm,Week2,309.0 Ravensworth Farm - 91.0 Herndon
Herndon,Week3,Hunter Mill,Week5,346.0 Hunter Mill - 56.0 Herndon
Hayfield Farm,Week2,Pleasant Valley,Week5,305.0 Hayfield Farm - 97.0 Pleasant Valley
Hiddenbrook,Week4,Cottontail,Week3,214.0 Cottontail - 188.0 Hiddenbrook
Hayfield Farm,Week2,South Run,Week5,205.0 South Run - 197.0 Hayfield Farm
Hayfield Farm,Week2,Pleasant Valley,Week1,316.0 Hayfield Farm - 86.0 Pleasant Valley
Herndon,Week1,Wakefield Chapel,Week1,369.0 Wakefield Chapel - 33.0 Herndon
Hiddenbrook,Week2,Cottontail,Week4,262.0 Cottontail - 140.0 Hiddenbrook
Hayfield Farm,Week3,Truro,Week5,275.0 Hayfield Farm - 126.0 Truro
Hiddenbrook,Week2,Cottontail,Week1,259.0 Cottontail - 143.0 Hiddenbrook
Hayfield Farm,Week5,Pinewood Lake,Week2,366.0 Hayfield Farm - 35.0 Pinewood Lake
Herndon,Week3,Ilda Community,Week1,250.5 Ilda Community - 151.5 Herndon
Herndon,Week4,Burke Station,Week3,237.0 Burke Station - 158.0 Herndon
Hayfield Farm,Week4,Truro,Week4,246.0 Hayfield Farm - 156.0 Truro
Herndon,Week2,Ilda Community,Week4,270.0 Ilda Community - 131.0 Herndon
Herndon,Week3,Camelot,Week3,259.0 Camelot - 142.0 Herndon
Herndon,Week1,Poplar Tree,Week4,313.0 Poplar Tree - 88.0 Herndon
Hayfield Farm,Week4,Truro,Week5,256.0 Hayfield Farm - 146.0 Truro
Hiddenbrook,Week2,Commonwealth,Week5,239.0 Commonwealth - 163.0 Hiddenbrook
Herndon,Week4,Virginia Run,Week2,328.0 Virginia Run - 74.0 Herndon
Herndon,Week3,Holmes Run Acres,Week5,328.0 Holmes Run Acres - 74.0 Herndon
Hayfield Farm,Week1,Springboard,Week3,281.0 Hayfield Farm - 121.0 Springboard
Hayfield Farm,Week2,South Run,Week3,221.0 Hayfield Farm - 181.0 South Run
Herndon,Week4,Hunter Mill,Week5,343.0 Hunter Mill - 59.0 Herndon
Herndon,Week5,Hollin Meadows,Week2,326.0 Hollin Meadows - 76.0 Herndon
Hayfield Farm,Week2,Pleasant Valley,Week4,326.0 Hayfield Farm - 76.0 Pleasant Valley
Hayfield Farm,Week5,Truro,Week2,266.0 Hayfield Farm - 135.0 Truro
Herndon,Week2,Virginia Run,Week3,326.5 Virginia Run - 75.5 Herndon
Herndon,Week2,Holmes Run Acres,Week2,296.0 Holmes Run Acres - 105.0 Herndon
Hayfield Farm,Week2,South Run,Week4,231.5 Hayfield Farm - 170.5 South Run
Herndon,Week3,Camelot,Week5,289.0 Camelot - 113.0 Herndon
Herndon,Week1,Ravensworth Farm,Week5,348.0 Ravensworth Farm - 54.0 Herndon
Herndon,Week2,Holmes Run Acres,Week5,324.0 Holmes Run Acres - 78.0 Herndon
Herndon,Week3,Hunter Mill,Week1,351.0 Hunter Mill - 46.0 Herndon
Hayfield Farm,Week2,South Run,Week2,232.0 Hayfield Farm - 170.0 South Run
Hayfield Farm,Week1,Pleasant Valley,Week1,318.0 Hayfield Farm - 84.0 Pleasant Valley
Hayfield Farm,Week1,Springboard,Week5,262.0 Hayfield Farm - 140.0 Springboard
Herndon,Week2,Wakefield Chapel,Week4,370.0 Wakefield Chapel - 32.0 Herndon
Hayfield Farm,Week1,Tuckahoe,Week1,323.0 Tuckahoe - 79.0 Hayfield Farm
Herndon,Week4,Holmes Run Acres,Week4,309.0 Holmes Run Acres - 92.0 Herndon
Hayfield Farm,Week5,South Run,Week2,219.0 Hayfield Farm - 182.0 South Run
Hiddenbrook,Week4,Commonwealth,Week1,255.0 Hiddenbrook - 146.0 Commonwealth
Hiddenbrook,Week5,Commonwealth,Week4,231.0 Hiddenbrook - 171.0 Commonwealth
Herndon,Week2,Camelot,Week1,257.0 Camelot - 144.0 Herndon
Hiddenbrook,Week4,Commonwealth,Week4,226.0 Hiddenbrook - 175.0 Commonwealth
Hayfield Farm,Week5,Truro,Week3,255.0 Hayfield Farm - 147.0 Truro
Herndon,Week5,Poplar Tree,Week5,335.0 Poplar Tree - 66.0 Herndon
Hayfield Farm,Week1,Pleasant Valley,Week2,308.0 Hayfield Farm - 94.0 Pleasant Valley
Herndon,Week1,Wakefield Chapel,Week3,369.0 Wakefield Chapel - 33.0 Herndon
Hayfield Farm,Week1,South Run,Week2,236.0 Hayfield Farm - 166.0 South Run
Herndon,Week3,Virginia Run,Week1,358.0 Virginia Run - 44.0 Herndon
Herndon,Week5,Burke Station,Week3,242.0 Burke Station - 151.0 Herndon
Herndon,Week4,Holmes Run Acres,Week3,326.0 Holmes Run Acres - 75.0 Herndon
Hayfield Farm,Week1,Vienna Aquatic,Week3,277.0 Vienna Aquatic - 125.0 Hayfield Farm
Herndon,Week1,Ravensworth Farm,Week1,337.0 Ravensworth Farm - 64.0 Herndon
Hayfield Farm,Week2,Vienna Aquatic,Week2,276.0 Vienna Aquatic - 126.0 Hayfield Farm
Hayfield Farm,Week1,Pleasant Valley,Week3,289.0 Hayfield Farm - 113.0 Pleasant Valley
Herndon,Week4,Hunter Mill,Week1,344.0 Hunter Mill - 58.0 Herndon
Herndon,Week3,Virginia Run,Week4,347.5 Virginia Run - 54.5 Herndon
Herndon,Week4,Camelot,Week1,261.0 Camelot - 141.0 Herndon
Hiddenbrook,Week3,Commonwealth,Week3,209.0 Hiddenbrook - 192.0 Commonwealth
Herndon,Week3,Hunter Mill,Week3,343.0 Hunter Mill - 59.0 Herndon
Herndon,Week3,Poplar Tree,Week5,338.0 Poplar Tree - 64.0 Herndon
Herndon,Week2,Hunter Mill,Week2,335.0 Hunter Mill - 66.0 Herndon
Herndon,Week4,Holmes Run Acres,Week2,304.0 Holmes Run Acres - 97.0 Herndon
Hayfield Farm,Week3,Pleasant Valley,Week1,323.0 Hayfield Farm - 79.0 Pleasant Valley
Hiddenbrook,Week3,Commonwealth,Week1,231.0 Hiddenbrook - 165.0 Commonwealth
Herndon,Week4,Virginia Run,Week1,354.0 Virginia Run - 48.0 Herndon
Herndon,Week5,Virginia Run,Week5,354.0 Virginia Run - 48.0 Herndon
Herndon,Week1,Wakefield Chapel,Week5,376.0 Wakefield Chapel - 26.0 Herndon
Hiddenbrook,Week1,Cottontail,Week3,239.0 Cottontail - 163.0 Hiddenbrook
Herndon,Week5,Hollin Meadows,Week5,346.0 Hollin Meadows - 55.0 Herndon
Hayfield Farm,Week3,Pleasant Valley,Week4,326.0 Hayfield Farm - 72.0 Pleasant Valley
Hayfield Farm,Week2,Vienna Aquatic,Week5,304.0 Vienna Aquatic - 98.0 Hayfield Farm
Herndon,Week4,Holmes Run Acres,Week5,321.0 Holmes Run Acres - 81.0 Herndon
Hiddenbrook,Week3,Cottontail,Week2,223.0 Cottontail - 179.0 Hiddenbrook
Hayfield Farm,Week3,South Run,Week2,238.0 Hayfield Farm - 164.0 South Run
Herndon,Week3,Hunter Mill,Week4,346.0 Hunter Mill - 56.0 Herndon
Hayfield Farm,Week5,Pinewood Lake,Week3,373.0 Hayfield Farm - 28.0 Pinewood Lake
Herndon,Week4,Hunter Mill,Week2,328.0 Hunter Mill - 73.0 Herndon
Hiddenbrook,Week1,Cottontail,Week5,251.5 Cottontail - 150.5 Hiddenbrook
Herndon,Week3,Holmes Run Acres,Week3,337.0 Holmes Run Acres - 64.0 Herndon
Hayfield Farm,Week2,Tuckahoe,Week2,342.0 Tuckahoe - 60.0 Hayfield Farm
Hayfield Farm,Week2,South Run,Week1,214.0 Hayfield Farm - 179.0 South Run
Hayfield Farm,Week3,Pleasant Valley,Week3,303.0 Hayfield Farm - 99.0 Pleasant Valley
Herndon,Week5,Burke Station,Week4,216.0 Burke Station - 183.0 Herndon
Herndon,Week4,Camelot,Week2,255.0 Camelot - 147.0 Herndon
Hayfield Farm,Week1,South Run,Week3,210.0 Hayfield Farm - 192.0 South Run
Herndon,Week1,Poplar Tree,Week5,349.0 Poplar Tree - 52.0 Herndon
Herndon,Week2,Ravensworth Farm,Week3,336.0 Ravensworth Farm - 66.0 Herndon
Herndon,Week4,Hunter Mill,Week3,342.0 Hunter Mill - 60.0 Herndon
Hayfield Farm,Week1,Vienna Aquatic,Week1,280.0 Vienna Aquatic - 122.0 Hayfield Farm
Herndon,Week2,Poplar Tree,Week3,340.0 Poplar Tree - 61.0 Herndon
Herndon,Week5,Virginia Run,Week4,346.0 Virginia Run - 56.0 Herndon
Herndon,Week1,Camelot,Week4,259.0 Camelot - 143.0 Herndon
Herndon,Week5,Holmes Run Acres,Week2,304.0 Holmes Run Acres - 97.0 Herndon
Herndon,Week4,Poplar Tree,Week1,336.0 Poplar Tree - 65.0 Herndon
Herndon,Week2,Hunter Mill,Week4,357.0 Hunter Mill - 45.0 Herndon
Herndon,Week1,Holmes Run Acres,Week4,319.0 Holmes Run Acres - 82.0 Herndon
Herndon,Week5,Hunter Mill,Week1,350.0 Hunter Mill - 52.0 Herndon
Hiddenbrook,Week4,Commonwealth,Week2,203.0 Hiddenbrook - 199.0 Commonwealth
Hayfield Farm,Week3,Tuckahoe,Week2,325.0 Tuckahoe - 77.0 Hayfield Farm
Herndon,Week4,Poplar Tree,Week5,333.0 Poplar Tree - 68.0 Herndon
Herndon,Week5,Holmes Run Acres,Week1,293.0 Holmes Run Acres - 108.0 Herndon
Hayfield Farm,Week3,Tuckahoe,Week1,311.0 Tuckahoe - 91.0 Hayfield Farm
Hayfield Farm,Week4,Pleasant Valley,Week1,319.0 Hayfield Farm - 83.0 Pleasant Valley
Hayfield Farm,Week3,Pleasant Valley,Week5,313.0 Hayfield Farm - 89.0 Pleasant Valley
Herndon,Week2,Holmes Run Acres,Week1,292.0 Holmes Run Acres - 108.0 Herndon
Hayfield Farm,Week2,Tuckahoe,Week4,353.0 Tuckahoe - 49.0 Hayfield Farm
Herndon,Week5,Virginia Run,Week1,346.0 Virginia Run - 56.0 Herndon
Hiddenbrook,Week1,Cottontail,Week4,241.0 Cottontail - 161.0 Hiddenbrook
Herndon,Week1,Wakefield Chapel,Week2,369.5 Wakefield Chapel - 32.5 Herndon
Hayfield Farm,Week4,Pleasant Valley,Week2,321.0 Hayfield Farm - 81.0 Pleasant Valley
Herndon,Week2,Camelot,Week2,258.0 Camelot - 144.0 Herndon
Herndon,Week5,Hunter Mill,Week2,332.0 Hunter Mill - 69.0 Herndon
Hayfield Farm,Week1,South Run,Week5,204.0 South Run - 198.0 Hayfield Farm
Herndon,Week4,Burke Station,Week5,250.0 Burke Station - 151.0 Herndon
Hayfield Farm,Week4,Pleasant Valley,Week3,290.0 Hayfield Farm - 112.0 Pleasant Valley
Herndon,Week1,Camelot,Week1,270.0 Camelot - 129.0 Herndon
Herndon,Week4,Virginia Run,Week5,360.0 Virginia Run - 42.0 Herndon
Hiddenbrook,Week5,Commonwealth,Week2,207.0 Hiddenbrook - 195.0 Commonwealth
Hayfield Farm,Week3,South Run,Week5,213.0 Hayfield Farm - 189.0 South Run
Hayfield Farm,Week3,Tuckahoe,Week3,340.0 Tuckahoe - 62.0 Hayfield Farm
Herndon,Week3,Camelot,Week2,268.0 Camelot - 133.0 Herndon
Herndon,Week2,Hunter Mill,Week3,339.0 Hunter Mill - 62.0 Herndon
Herndon,Week3,Poplar Tree,Week2,310.0 Poplar Tree - 87.0 Herndon
Hayfield Farm,Week4,South Run,Week1,222.0 Hayfield Farm - 171.0 South Run
Herndon,Week2,Poplar Tree,Week1,335.0 Poplar Tree - 66.0 Herndon
Herndon,Week5,Hunter Mill,Week4,348.0 Hunter Mill - 54.0 Herndon
Herndon,Week5,Virginia Run,Week2,328.0 Virginia Run - 74.0 Herndon
Hayfield Farm,Week3,Tuckahoe,Week4,332.0 Tuckahoe - 70.0 Hayfield Farm
Hayfield Farm,Week4,Pleasant Valley,Week5,302.0 Hayfield Farm - 100.0 Pleasant Valley
Hayfield Farm,Week4,South Run,Week4,231.0 Hayfield Farm - 171.0 South Run
Herndon,Week1,Holmes Run Acres,Week3,334.0 Holmes Run Acres - 66.0 Herndon
Hayfield Farm,Week1,Springboard,Week2,289.0 Hayfield Farm - 113.0 Springboard
Herndon,Week5,Holmes Run Acres,Week3,333.0 Holmes Run Acres - 68.0 Herndon
Hiddenbrook,Week3,Commonwealth,Week4,231.0 Hiddenbrook - 165.0 Commonwealth
Herndon,Week5,Hunter Mill,Week5,346.0 Hunter Mill - 56.0 Herndon
Herndon,Week3,Virginia Run,Week2,334.0 Virginia Run - 68.0 Herndon
Hayfield Farm,Week5,Tuckahoe,Week2,336.0 Tuckahoe - 66.0 Hayfield Farm
Hayfield Farm,Week4,Pleasant Valley,Week4,322.0 Hayfield Farm - 80.0 Pleasant Valley
Herndon,Week5,Poplar Tree,Week1,332.0 Poplar Tree - 68.0 Herndon
Herndon,Week3,Virginia Run,Week3,338.0 Virginia Run - 64.0 Herndon
Herndon,Week4,Camelot,Week3,256.0 Camelot - 145.0 Herndon
Hayfield Farm,Week4,Tuckahoe,Week4,346.0 Tuckahoe - 56.0 Hayfield Farm
Hayfield Farm,Week4,Tuckahoe,Week2,330.0 Tuckahoe - 72.0 Hayfield Farm
Herndon,Week5,Poplar Tree,Week4,312.0 Poplar Tree - 88.0 Herndon
Herndon,Week4,Camelot,Week4,274.0 Camelot - 128.0 Herndon
Hiddenbrook,Week1,Cottontail,Week2,218.0 Cottontail - 184.0 Hiddenbrook
Herndon,Week5,Hunter Mill,Week3,340.0 Hunter Mill - 62.0 Herndon
Herndon,Week4,Burke Station,Week4,207.0 Burke Station - 194.0 Herndon
Herndon,Week1,Holmes Run Acres,Week5,327.0 Holmes Run Acres - 75.0 Herndon
Hayfield Farm,Week5,South Run,Week4,219.0 Hayfield Farm - 182.0 South Run
Hiddenbrook,Week1,Cottontail,Week1,251.0 Cottontail - 151.0 Hiddenbrook
Herndon,Week1,Ilda Community,Week1,249.0 Ilda Community - 152.0 Herndon
Herndon,Week3,Virginia Run,Week5,364.0 Virginia Run - 38.0 Herndon
Hayfield Farm,Week5,South Run,Week3,213.0 Hayfield Farm - 189.0 South Run
Hayfield Farm,Week2,Springboard,Week1,276.0 Hayfield Farm - 126.0 Springboard
Herndon,Week3,Hunter Mill,Week2,330.0 Hunter Mill - 72.0 Herndon
Herndon,Week4,Holmes Run Acres,Week1,297.0 Holmes Run Acres - 104.0 Herndon
Herndon,Week1,Camelot,Week5,279.0 Camelot - 120.0 Herndon
Hayfield Farm,Week5,Pleasant Valley,Week2,295.0 Hayfield Farm - 107.0 Pleasant Valley
Herndon,Week1,Wakefield Chapel,Week4,368.0 Wakefield Chapel - 34.0 Herndon
Herndon,Week1,Ravensworth Farm,Week3,334.0 Ravensworth Farm - 67.0 Herndon
Herndon,Week2,Ravensworth Farm,Week1,335.0 Ravensworth Farm - 67.0 Herndon
Hiddenbrook,Week3,Commonwealth,Week2,219.0 Commonwealth - 183.0 Hiddenbrook
Hiddenbrook,Week3,Commonwealth,Week5,208.0 Hiddenbrook - 194.0 Commonwealth
Hayfield Farm,Week5,Pleasant Valley,Week1,304.0 Hayfield Farm - 98.0 Pleasant Valley
Hayfield Farm,Week5,Tuckahoe,Week5,343.0 Tuckahoe - 59.0 Hayfield Farm
Herndon,Week3,Riverside Gardens,Week1,360.0 Riverside Gardens - 42.0 Herndon
Herndon,Week1,Ilda Community,Week3,250.0 Ilda Community - 146.0 Herndon
Herndon,Week4,Burke Station,Week2,211.0 Burke Station - 190.0 Herndon
Hayfield Farm,Week5,Tuckahoe,Week1,320.0 Tuckahoe - 82.0 Hayfield Farm
Herndon,Week5,Burke Station,Week5,237.0 Burke Station - 163.0 Herndon
Herndon,Week2,Holmes Run Acres,Week3,320.0 Holmes Run Acres - 81.0 Herndon
Hiddenbrook,Week5,Commonwealth,Week3,232.0 Hiddenbrook - 170.0 Commonwealth
Herndon,Week2,Ravensworth Farm,Week4,328.0 Ravensworth Farm - 74.0 Herndon
Hiddenbrook,Week2,Cottontail,Week2,249.0 Cottontail - 153.0 Hiddenbrook
Herndon,Week5,Hollin Meadows,Week3,340.0 Hollin Meadows - 61.0 Herndon
Herndon,Week2,Wakefield Chapel,Week1,371.0 Wakefield Chapel - 31.0 Herndon
Herndon,Week3,Ravensworth Farm,Week1,336.0 Ravensworth Farm - 66.0 Herndon
Hayfield Farm,Week5,Pleasant Valley,Week4,311.0 Hayfield Farm - 91.0 Pleasant Valley
Hayfield Farm,Week5,Pleasant Valley,Week5,302.0 Hayfield Farm - 100.0 Pleasant Valley
Hayfield Farm,Week2,Springboard,Week4,278.0 Hayfield Farm - 124.0 Springboard
Herndon,Week2,Camelot,Week5,276.0 Camelot - 124.0 Herndon
Hiddenbrook,Week3,Cottontail,Week1,227.0 Cottontail - 175.0 Hiddenbrook
Hayfield Farm,Week5,Pleasant Valley,Week3,285.0 Hayfield Farm - 117.0 Pleasant Valley
Herndon,Week1,Holmes Run Acres,Week2,309.0 Holmes Run Acres - 91.0 Herndon
Herndon,Week2,Virginia Run,Week5,348.0 Virginia Run - 54.0 Herndon
Hayfield Farm,Week3,Tuckahoe,Week5,327.0 Tuckahoe - 75.0 Hayfield Farm
Herndon,Week5,Virginia Run,Week3,337.0 Virginia Run - 65.0 Herndon
Hayfield Farm,Week1,Springboard,Week4,278.0 Hayfield Farm - 124.0 Springboard
Herndon,Week1,Ilda Community,Week4,269.0 Ilda Community - 132.0 Herndon
Hayfield Farm,Week2,Springboard,Week2,294.0 Hayfield Farm - 108.0 Springboard
Herndon,Week1,Ilda Community,Week2,267.0 Ilda Community - 135.0 Herndon
Hayfield Farm,Week4,Springboard,Week1,271.0 Hayfield Farm - 131.0 Springboard
Herndon,Week1,Camelot,Week2,258.0 Camelot - 136.0 Herndon
Hayfield Farm,Week1,Lincolnia Park,Week5,285.0 Hayfield Farm - 108.0 Lincolnia Park
Herndon,Week1,Ilda Community,Week5,254.0 Ilda Community - 146.0 Herndon
Herndon,Week4,Riverside Gardens,Week1,358.5 Riverside Gardens - 43.5 Herndon
Hayfield Farm,Week5,Poplar Heights,Week4,251.5 Poplar Heights - 150.5 Hayfield Farm
Hiddenbrook,Week3,Cottontail,Week5,242.0 Cottontail - 160.0 Hiddenbrook
Herndon,Week1,Holmes Run Acres,Week1,304.0 Holmes Run Acres - 94.0 Herndon
Herndon,Week5,Hollin Meadows,Week4,338.0 Hollin Meadows - 64.0 Herndon
Hayfield Farm,Week5,Poplar Heights,Week1,214.0 Poplar Heights - 188.0 Hayfield Farm
Hayfield Farm,Week1,Vienna Aquatic,Week4,267.0 Vienna Aquatic - 135.0 Hayfield Farm
Herndon,Week3,Riverside Gardens,Week3,355.0 Riverside Gardens - 47.0 Herndon
Hayfield Farm,Week4,Tuckahoe,Week1,330.5 Tuckahoe - 71.5 Hayfield Farm
Hayfield Farm,Week3,Lee Graham,Week1,262.0 Lee Graham - 140.0 Hayfield Farm
Herndon,Week2,Hunter Mill,Week5,348.0 Hunter Mill - 54.0 Herndon
Herndon,Week2,Ilda Community,Week1,245.0 Ilda Community - 157.0 Herndon
Herndon,Week4,Virginia Run,Week4,351.0 Virginia Run - 51.0 Herndon
Herndon,Week3,Riverside Gardens,Week5,362.0 Riverside Gardens - 40.0 Herndon
Herndon,Week3,Ravensworth Farm,Week5,347.0 Ravensworth Farm - 55.0 Herndon
Hayfield Farm,Week1,Poplar Heights,Week2,222.0 Poplar Heights - 180.0 Hayfield Farm
Hayfield Farm,Week2,Springfield,Week2,364.0 Hayfield Farm - 38.0 Springfield
Herndon,Week2,Wakefield Chapel,Week3,371.0 Wakefield Chapel - 31.0 Herndon
Hayfield Farm,Week5,Springboard,Week1,248.0 Hayfield Farm - 154.0 Springboard
Herndon,Week2,Canterbury Woods,Week3,284.0 Canterbury Woods - 117.0 Herndon
Hayfield Farm,Week2,Lincolnia Park,Week5,281.0 Hayfield Farm - 112.0 Lincolnia Park
Herndon,Week2,Virginia Run,Week4,341.0 Virginia Run - 61.0 Herndon
Hiddenbrook,Week4,Cottontail,Week1,218.0 Cottontail - 184.0 Hiddenbrook
Herndon,Week3,Holmes Run Acres,Week2,304.0 Holmes Run Acres - 97.0 Herndon
Hayfield Farm,Week1,Poplar Heights,Week1,208.5 Poplar Heights - 193.5 Hayfield Farm
Herndon,Week5,Canterbury Woods,Week1,259.0 Canterbury Woods - 143.0 Herndon
Hayfield Farm,Week2,Lincolnia Park,Week1,331.0 Hayfield Farm - 71.0 Lincolnia Park
Hayfield Farm,Week2,Tuckahoe,Week5,348.5 Tuckahoe - 53.5 Hayfield Farm
Hiddenbrook,Week3,Cottontail,Week3,214.0 Cottontail - 188.0 Hiddenbrook
Herndon,Week3,Canterbury Woods,Week3,279.0 Canterbury Woods - 123.0 Herndon
Herndon,Week2,Ilda Community,Week3,240.0 Ilda Community - 156.0 Herndon
Herndon,Week3,Ravensworth Farm,Week3,338.0 Ravensworth Farm - 63.0 Herndon
Herndon,Week3,Fairfax Station,Week5,374.0 Fairfax Station - 28.0 Herndon
Hiddenbrook,Week4,Cottontail,Week4,218.0 Cottontail - 184.0 Hiddenbrook
Hiddenbrook,Week1,Country Club Hills,Week5,247.0 Country Club Hills - 155.0 Hiddenbrook
Herndon,Week2,Walden Glen,Week2,285.0 Walden Glen - 111.0 Herndon
Herndon,Week3,Holmes Run Acres,Week1,292.0 Holmes Run Acres - 108.0 Herndon
Hayfield Farm,Week5,Poplar Heights,Week5,241.0 Poplar Heights - 161.0 Hayfield Farm
Herndon,Week4,Fairfax Club Estates,Week3,263.0 Fairfax Club Estates - 136.0 Herndon
Hayfield Farm,Week5,Lee Graham,Week3,290.0 Lee Graham - 112.0 Hayfield Farm
Hayfield Farm,Week2,Springfield,Week3,361.0 Hayfield Farm - 41.0 Springfield
Herndon,Week2,Ilda Community,Week2,255.0 Ilda Community - 147.0 Herndon
Hayfield Farm,Week2,Tuckahoe,Week1,333.0 Tuckahoe - 69.0 Hayfield Farm
Herndon,Week3,Ilda Community,Week2,266.0 Ilda Community - 136.0 Herndon
Hayfield Farm,Week4,Springboard,Week4,267.0 Hayfield Farm - 135.0 Springboard
Herndon,Week3,Walden Glen,Week4,293.0 Walden Glen - 98.0 Herndon
Hayfield Farm,Week4,Tuckahoe,Week3,340.0 Tuckahoe - 62.0 Hayfield Farm
Herndon,Week5,Ravensworth Farm,Week3,333.0 Ravensworth Farm - 69.0 Herndon
Hiddenbrook,Week2,Country Club Hills,Week4,245.0 Country Club Hills - 157.0 Hiddenbrook
Hayfield Farm,Week4,Springboard,Week3,292.0 Hayfield Farm - 110.0 Springboard
Hayfield Farm,Week4,Lee Graham,Week2,280.0 Lee Graham - 122.0 Hayfield Farm
Hayfield Farm,Week1,Poplar Heights,Week3,220.0 Poplar Heights - 182.0 Hayfield Farm
Hayfield Farm,Week3,Springboard,Week1,281.0 Hayfield Farm - 120.0 Springboard
Herndon,Week2,Canterbury Woods,Week5,263.5 Canterbury Woods - 131.5 Herndon
Hayfield Farm,Week1,Vienna Aquatic,Week2,270.0 Vienna Aquatic - 132.0 Hayfield Farm
Herndon,Week2,Ilda Community,Week5,258.0 Ilda Community - 144.0 Herndon
Hayfield Farm,Week2,Lincolnia Park,Week4,324.0 Hayfield Farm - 78.0 Lincolnia Park
Hayfield Farm,Week3,Poplar Heights,Week4,205.0 Poplar Heights - 197.0 Hayfield Farm
Herndon,Week5,Camelot,Week1,264.0 Camelot - 138.0 Herndon
Hayfield Farm,Week2,Tuckahoe,Week3,352.0 Tuckahoe - 50.0 Hayfield Farm
Herndon,Week5,Camelot,Week2,250.0 Camelot - 150.0 Herndon
Herndon,Week4,Ravensworth Farm,Week2,310.0 Ravensworth Farm - 91.0 Herndon
Herndon,Week1,Walden Glen,Week5,320.0 Walden Glen - 81.0 Herndon
Hayfield Farm,Week1,Poplar Heights,Week5,228.0 Poplar Heights - 174.0 Hayfield Farm
Herndon,Week3,Walden Glen,Week1,259.0 Walden Glen - 138.0 Herndon
Hayfield Farm,Week4,Lee Graham,Week1,281.0 Lee Graham - 121.0 Hayfield Farm
Herndon,Week5,Ravensworth Farm,Week4,324.0 Ravensworth Farm - 78.0 Herndon
Hiddenbrook,Week4,Cottontail,Week2,217.0 Cottontail - 185.0 Hiddenbrook
Herndon,Week4,Fairfax Station,Week2,361.0 Fairfax Station - 41.0 Herndon
Herndon,Week3,Ravensworth Farm,Week4,331.0 Ravensworth Farm - 71.0 Herndon
Hayfield Farm,Week3,Lee Graham,Week2,252.0 Lee Graham - 150.0 Hayfield Farm
Hiddenbrook,Week5,Country Club Hills,Week1,210.0 Hiddenbrook - 192.0 Country Club Hills
Herndon,Week1,Walden Glen,Week2,279.0 Walden Glen - 116.0 Herndon
Herndon,Week4,Ravensworth Farm,Week4,328.0 Ravensworth Farm - 74.0 Herndon
Herndon,Week4,Canterbury Woods,Week4,290.0 Canterbury Woods - 112.0 Herndon
Hayfield Farm,Week2,Springfield,Week5,370.0 Hayfield Farm - 32.0 Springfield
Hayfield Farm,Week2,Vienna Aquatic,Week1,274.0 Vienna Aquatic - 128.0 Hayfield Farm
Herndon,Week4,Canterbury Woods,Week3,285.0 Canterbury Woods - 116.0 Herndon
Herndon,Week1,Kent Gardens,Week5,348.0 Kent Gardens - 54.0 Herndon
Hayfield Farm,Week2,Poplar Heights,Week1,206.0 Poplar Heights - 196.0 Hayfield Farm
Hayfield Farm,Week5,Springboard,Week3,261.0 Hayfield Farm - 141.0 Springboard
Herndon,Week4,Fairfax Station,Week5,372.0 Fairfax Station - 30.0 Herndon
Herndon,Week5,Canterbury Woods,Week4,279.0 Canterbury Woods - 123.0 Herndon
Hayfield Farm,Week5,Lee Graham,Week1,282.0 Lee Graham - 120.0 Hayfield Farm
Herndon,Week4,Wakefield Chapel,Week1,366.0 Wakefield Chapel - 36.0 Herndon
Herndon,Week5,Fairfax Station,Week4,352.0 Fairfax Station - 50.0 Herndon
Hayfield Farm,Week3,Springfield,Week1,352.0 Hayfield Farm - 43.0 Springfield
Herndon,Week3,Wakefield Chapel,Week4,365.0 Wakefield Chapel - 37.0 Herndon
Hayfield Farm,Week5,Tuckahoe,Week4,355.0 Tuckahoe - 47.0 Hayfield Farm
Hiddenbrook,Week3,Country Club Hills,Week3,204.0 Country Club Hills - 198.0 Hiddenbrook
Hayfield Farm,Week2,Poplar Heights,Week5,239.0 Poplar Heights - 163.0 Hayfield Farm
Herndon,Week5,Fairfax Station,Week1,362.0 Fairfax Station - 40.0 Herndon
Herndon,Week4,Ilda Community,Week3,249.0 Ilda Community - 152.0 Herndon
Herndon,Week3,Ilda Community,Week5,261.0 Ilda Community - 140.0 Herndon
Hayfield Farm,Week4,Tuckahoe,Week5,334.0 Tuckahoe - 68.0 Hayfield Farm
Hiddenbrook,Week5,Cottontail,Week4,209.0 Hiddenbrook - 193.0 Cottontail
Herndon,Week4,Wakefield Chapel,Week2,371.0 Wakefield Chapel - 31.0 Herndon
Herndon,Week1,Canterbury Woods,Week3,275.0 Canterbury Woods - 127.0 Herndon
Hiddenbrook,Week1,Crosspointe,Week1,305.0 Crosspointe - 97.0 Hiddenbrook
Herndon,Week1,Riverside Gardens,Week5,363.0 Riverside Gardens - 39.0 Herndon
Hayfield Farm,Week1,Vienna Aquatic,Week5,300.0 Vienna Aquatic - 102.0 Hayfield Farm
Hayfield Farm,Week5,Springboard,Week2,286.0 Hayfield Farm - 116.0 Springboard
Hayfield Farm,Week5,Lee Graham,Week4,300.0 Lee Graham - 102.0 Hayfield Farm
Herndon,Week1,Canterbury Woods,Week5,261.0 Canterbury Woods - 131.0 Herndon
Herndon,Week4,Wakefield Chapel,Week5,376.0 Wakefield Chapel - 26.0 Herndon
Herndon,Week1,Kent Gardens,Week3,309.0 Kent Gardens - 92.0 Herndon
Hayfield Farm,Week1,Poplar Heights,Week4,221.0 Poplar Heights - 181.0 Hayfield Farm
Herndon,Week4,Kent Gardens,Week3,309.0 Kent Gardens - 93.0 Herndon
Hiddenbrook,Week1,Crosspointe,Week3,294.0 Crosspointe - 108.0 Hiddenbrook
Hayfield Farm,Week5,Springboard,Week5,240.0 Hayfield Farm - 162.0 Springboard
Herndon,Week4,Ravensworth Farm,Week1,336.0 Ravensworth Farm - 66.0 Herndon
Hayfield Farm,Week2,Vienna Aquatic,Week3,282.0 Vienna Aquatic - 120.0 Hayfield Farm
Hayfield Farm,Week1,Lincolnia Park,Week2,313.0 Hayfield Farm - 80.0 Lincolnia Park
Hayfield Farm,Week2,Poplar Heights,Week4,235.0 Poplar Heights - 167.0 Hayfield Farm
Hayfield Farm,Week1,Springfield,Week1,345.0 Hayfield Farm - 56.0 Springfield
Hayfield Farm,Week2,Lincolnia Park,Week2,322.0 Hayfield Farm - 71.0 Lincolnia Park
Hayfield Farm,Week3,Poplar Heights,Week2,207.0 Hayfield Farm - 195.0 Poplar Heights
Hayfield Farm,Week5,Tuckahoe,Week3,351.0 Tuckahoe - 51.0 Hayfield Farm
Hiddenbrook,Week2,Country Club Hills,Week1,256.0 Country Club Hills - 145.0 Hiddenbrook
Hayfield Farm,Week4,Lee Graham,Week4,271.0 Lee Graham - 131.0 Hayfield Farm
Herndon,Week1,Riverside Gardens,Week2,351.0 Riverside Gardens - 51.0 Herndon
Herndon,Week1,Kent Gardens,Week4,298.0 Kent Gardens - 104.0 Herndon
Herndon,Week5,Fairfax Club Estates,Week3,276.0 Fairfax Club Estates - 123.0 Herndon
Herndon,Week3,Fairfax Station,Week2,361.0 Fairfax Station - 36.0 Herndon
Herndon,Week5,Camelot,Week5,279.0 Camelot - 121.0 Herndon
Herndon,Week3,Wakefield Chapel,Week3,370.0 Wakefield Chapel - 27.0 Herndon
Herndon,Week4,Fairfax Club Estates,Week5,280.0 Fairfax Club Estates - 121.0 Herndon
Herndon,Week1,Riverside Gardens,Week3,358.0 Riverside Gardens - 44.0 Herndon
Hayfield Farm,Week3,Poplar Heights,Week3,201.0 Hayfield Farm - 201.0 Poplar Heights
Hiddenbrook,Week1,Country Club Hills,Week1,223.0 Country Club Hills - 179.0 Hiddenbrook
Herndon,Week3,Canterbury Woods,Week4,275.5 Canterbury Woods - 126.5 Herndon
Hiddenbrook,Week4,Country Club Hills,Week2,202.0 Country Club Hills - 200.0 Hiddenbrook
Hayfield Farm,Week3,Springfield,Week2,357.0 Hayfield Farm - 38.0 Springfield
Hayfield Farm,Week2,Springfield,Week1,360.0 Hayfield Farm - 42.0 Springfield
Herndon,Week5,Ravensworth Farm,Week2,302.0 Ravensworth Farm - 99.0 Herndon
Hayfield Farm,Week4,Lee Graham,Week5,285.0 Lee Graham - 117.0 Hayfield Farm
Herndon,Week3,Canterbury Woods,Week5,258.0 Canterbury Woods - 135.0 Herndon
Herndon,Week1,Walden Glen,Week1,274.0 Walden Glen - 119.0 Herndon
Herndon,Week3,Ilda Community,Week4,281.0 Ilda Community - 120.0 Herndon
Hayfield Farm,Week5,Poplar Heights,Week2,226.5 Poplar Heights - 175.5 Hayfield Farm
Herndon,Week4,Kent Gardens,Week5,348.0 Kent Gardens - 54.0 Herndon
Hayfield Farm,Week2,Vienna Aquatic,Week4,283.0 Vienna Aquatic - 119.0 Hayfield Farm
Hayfield Farm,Week2,Lincolnia Park,Week3,296.0 Hayfield Farm - 97.0 Lincolnia Park
Hayfield Farm,Week5,Poplar Heights,Week3,233.0 Poplar Heights - 169.0 Hayfield Farm
Herndon,Week5,Fairfax Club Estates,Week5,281.0 Fairfax Club Estates - 119.0 Herndon
Hayfield Farm,Week3,Vienna Aquatic,Week3,273.0 Vienna Aquatic - 129.0 Hayfield Farm
Herndon,Week2,Kent Gardens,Week2,308.0 Kent Gardens - 94.0 Herndon
Hayfield Farm,Week3,Vienna Aquatic,Week1,264.0 Vienna Aquatic - 138.0 Hayfield Farm
Herndon,Week2,Fairfax Station,Week1,363.0 Fairfax Station - 39.0 Herndon
Hayfield Farm,Week1,Lincolnia Park,Week4,325.0 Hayfield Farm - 77.0 Lincolnia Park
Herndon,Week2,Riverside Gardens,Week1,356.0 Riverside Gardens - 46.0 Herndon
Hayfield Farm,Week4,Poplar Heights,Week2,207.0 Poplar Heights - 195.0 Hayfield Farm
Hiddenbrook,Week3,Country Club Hills,Week5,233.0 Country Club Hills - 169.0 Hiddenbrook
Hayfield Farm,Week3,Vienna Aquatic,Week2,261.0 Vienna Aquatic - 141.0 Hayfield Farm
Herndon,Week5,Wakefield Chapel,Week5,378.0 Wakefield Chapel - 24.0 Herndon
Herndon,Week4,Canterbury Woods,Week2,255.0 Canterbury Woods - 147.0 Herndon
Herndon,Week4,Ravensworth Farm,Week3,332.0 Ravensworth Farm - 70.0 Herndon
Hayfield Farm,Week4,Springboard,Week2,295.0 Hayfield Farm - 107.0 Springboard
Herndon,Week2,Canterbury Woods,Week1,248.0 Canterbury Woods - 149.0 Herndon
Herndon,Week5,Fairfax Club Estates,Week2,256.0 Fairfax Club Estates - 142.0 Herndon
Herndon,Week5,Wakefield Chapel,Week1,372.0 Wakefield Chapel - 30.0 Herndon
Herndon,Week1,Riverside Gardens,Week1,359.0 Riverside Gardens - 43.0 Herndon
Hiddenbrook,Week1,Country Club Hills,Week4,229.0 Country Club Hills - 173.0 Hiddenbrook
Herndon,Week2,Kent Gardens,Week4,301.0 Kent Gardens - 101.0 Herndon
Hayfield Farm,Week2,Poplar Heights,Week3,237.0 Poplar Heights - 165.0 Hayfield Farm
Hayfield Farm,Week1,Springfield,Week5,359.0 Hayfield Farm - 43.0 Springfield
Herndon,Week1,Fairfax Station,Week1,365.0 Fairfax Station - 36.0 Herndon
Hayfield Farm,Week5,Lee Graham,Week2,297.0 Lee Graham - 105.0 Hayfield Farm
Herndon,Week5,Wakefield Chapel,Week4,367.0 Wakefield Chapel - 35.0 Herndon
Herndon,Week1,Riverside Gardens,Week4,361.0 Riverside Gardens - 41.0 Herndon
Herndon,Week2,Kent Gardens,Week3,300.0 Kent Gardens - 102.0 Herndon
Herndon,Week4,Wakefield Chapel,Week4,368.0 Wakefield Chapel - 34.0 Herndon
Herndon,Week2,Canterbury Woods,Week4,277.0 Canterbury Woods - 125.0 Herndon
Herndon,Week2,Walden Glen,Week1,257.0 Walden Glen - 139.0 Herndon
Hiddenbrook,Week4,Country Club Hills,Week3,210.0 Hiddenbrook - 192.0 Country Club Hills
Hayfield Farm,Week5,Lee Graham,Week5,306.0 Lee Graham - 96.0 Hayfield Farm
Hayfield Farm,Week3,Vienna Aquatic,Week4,256.0 Vienna Aquatic - 146.0 Hayfield Farm
Hayfield Farm,Week4,Vienna Aquatic,Week2,285.0 Vienna Aquatic - 117.0 Hayfield Farm
Herndon,Week3,Ilda Community,Week3,254.0 Ilda Community - 142.0 Herndon
Herndon,Week2,Fairfax Station,Week4,354.0 Fairfax Station - 48.0 Herndon
Hayfield Farm,Week4,Vienna Aquatic,Week4,280.0 Vienna Aquatic - 122.0 Hayfield Farm
Herndon,Week1,Fairfax Station,Week3,365.0 Fairfax Station - 37.0 Herndon
Herndon,Week1,Walden Glen,Week4,295.0 Walden Glen - 101.0 Herndon
Herndon,Week3,Canterbury Woods,Week2,251.0 Canterbury Woods - 150.0 Herndon
Hayfield Farm,Week1,Springfield,Week3,357.0 Hayfield Farm - 44.0 Springfield
Hayfield Farm,Week3,Poplar Heights,Week1,202.0 Hayfield Farm - 200.0 Poplar Heights
Hayfield Farm,Week3,Springfield,Week3,359.0 Hayfield Farm - 36.0 Springfield
Hiddenbrook,Week5,Cottontail,Week5,222.0 Cottontail - 180.0 Hiddenbrook
Hayfield Farm,Week2,Springfield,Week4,359.0 Hayfield Farm - 43.0 Springfield
Hayfield Farm,Week2,Poplar Heights,Week2,222.0 Poplar Heights - 180.0 Hayfield Farm
Herndon,Week3,Kent Gardens,Week1,322.0 Kent Gardens - 80.0 Herndon
Herndon,Week1,Canterbury Woods,Week2,248.0 Canterbury Woods - 152.0 Herndon
Herndon,Week4,Fairfax Club Estates,Week4,282.0 Fairfax Club Estates - 120.0 Herndon
Hiddenbrook,Week5,Cottontail,Week1,206.0 Cottontail - 196.0 Hiddenbrook
Hayfield Farm,Week4,Lee Graham,Week3,284.0 Lee Graham - 118.0 Hayfield Farm
Herndon,Week5,Ravensworth Farm,Week1,334.0 Ravensworth Farm - 68.0 Herndon
Herndon,Week1,Canterbury Woods,Week4,281.0 Canterbury Woods - 121.0 Herndon
Herndon,Week1,Fairfax Station,Week5,375.0 Fairfax Station - 27.0 Herndon
Herndon,Week5,Ravensworth Farm,Week5,346.0 Ravensworth Farm - 56.0 Herndon
Herndon,Week2,Kent Gardens,Week1,316.0 Kent Gardens - 86.0 Herndon
Hayfield Farm,Week4,Poplar Heights,Week5,236.0 Poplar Heights - 166.0 Hayfield Farm
Hayfield Farm,Week4,Springboard,Week5,260.0 Hayfield Farm - 142.0 Springboard
Herndon,Week3,Wakefield Chapel,Week5,374.0 Wakefield Chapel - 28.0 Herndon
Herndon,Week2,Riverside Gardens,Week3,353.0 Riverside Gardens - 49.0 Herndon
Herndon,Week2,Fairfax Station,Week2,368.0 Fairfax Station - 34.0 Herndon
Herndon,Week4,Camelot,Week5,277.0 Camelot - 123.0 Herndon
Herndon,Week3,Kent Gardens,Week3,309.0 Kent Gardens - 93.0 Herndon
Hayfield Farm,Week4,Poplar Heights,Week4,234.0 Poplar Heights - 168.0 Hayfield Farm
Hayfield Farm,Week3,Lee Graham,Week5,278.0 Lee Graham - 124.0 Hayfield Farm
Hayfield Farm,Week3,Lee Graham,Week3,278.0 Lee Graham - 124.0 Hayfield Farm
Herndon,Week3,Wakefield Chapel,Week2,367.5 Wakefield Chapel - 34.5 Herndon
Herndon,Week3,Fairfax Station,Week3,369.0 Fairfax Station - 33.0 Herndon
Hiddenbrook,Week1,Country Club Hills,Week2,224.0 Country Club Hills - 178.0 Hiddenbrook
Hiddenbrook,Week2,Country Club Hills,Week5,279.0 Country Club Hills - 122.0 Hiddenbrook
Hayfield Farm,Week3,Springboard,Week5,271.0 Hayfield Farm - 131.0 Springboard
Herndon,Week4,Ilda Community,Week5,255.0 Ilda Community - 147.0 Herndon
Hiddenbrook,Week5,Cottontail,Week2,203.0 Cottontail - 199.0 Hiddenbrook
Hayfield Farm,Week4,Vienna Aquatic,Week3,288.0 Vienna Aquatic - 114.0 Hayfield Farm
Hayfield Farm,Week3,Lee Graham,Week4,259.0 Lee Graham - 143.0 Hayfield Farm
Hayfield Farm,Week3,Vienna Woods,Week1,279.0 Vienna Woods - 123.0 Hayfield Farm
Herndon,Week3,Canterbury Woods,Week1,268.0 Canterbury Woods - 129.0 Herndon
Herndon,Week4,Ravensworth Farm,Week5,342.0 Ravensworth Farm - 60.0 Herndon
Hayfield Farm,Week4,Poplar Heights,Week3,221.0 Poplar Heights - 181.0 Hayfield Farm
Herndon,Week2,Riverside Gardens,Week2,344.0 Riverside Gardens - 58.0 Herndon
Hayfield Farm,Week2,Vienna Woods,Week1,298.0 Vienna Woods - 104.0 Hayfield Farm
Hayfield Farm,Week3,Springboard,Week4,281.0 Hayfield Farm - 120.0 Springboard
Hayfield Farm,Week1,Lincolnia Park,Week1,314.0 Hayfield Farm - 88.0 Lincolnia Park
Herndon,Week5,Wakefield Chapel,Week2,371.0 Wakefield Chapel - 31.0 Herndon
Hayfield Farm,Week4,Poplar Heights,Week1,202.0 Poplar Heights - 200.0 Hayfield Farm
Herndon,Week2,Walden Glen,Week4,290.5 Walden Glen - 106.5 Herndon
Herndon,Week5,Fairfax Club Estates,Week4,282.0 Fairfax Club Estates - 120.0 Herndon
Hayfield Farm,Week3,Springboard,Week3,280.0 Hayfield Farm - 117.0 Springboard
Herndon,Week1,Walden Glen,Week3,280.0 Walden Glen - 121.0 Herndon
Herndon,Week2,Riverside Gardens,Week5,355.0 Riverside Gardens - 47.0 Herndon
Herndon,Week5,Ilda Community,Week3,255.0 Ilda Community - 146.0 Herndon
Herndon,Week3,Fairfax Station,Week4,354.5 Fairfax Station - 47.5 Herndon
Herndon,Week3,Kent Gardens,Week5,342.0 Kent Gardens - 60.0 Herndon
Herndon,Week4,Canterbury Woods,Week5,253.0 Canterbury Woods - 149.0 Herndon
Hayfield Farm,Week1,Springfield,Week4,341.0 Hayfield Farm - 60.0 Springfield
Herndon,Week3,Riverside Gardens,Week2,344.0 Riverside Gardens - 58.0 Herndon
Herndon,Week2,Riverside Gardens,Week4,356.0 Riverside Gardens - 46.0 Herndon
Hayfield Farm,Week3,Springboard,Week2,295.0 Hayfield Farm - 107.0 Springboard
Hiddenbrook,Week3,Country Club Hills,Week4,204.0 Country Club Hills - 198.0 Hiddenbrook
Hayfield Farm,Week3,Poplar Heights,Week5,210.0 Poplar Heights - 192.0 Hayfield Farm
Herndon,Week2,Walden Glen,Week3,276.0 Walden Glen - 125.0 Herndon
Herndon,Week2,Canterbury Woods,Week2,248.0 Canterbury Woods - 154.0 Herndon
Herndon,Week3,Fairfax Station,Week1,368.0 Fairfax Station - 34.0 Herndon
Herndon,Week1,Fairfax Station,Week4,347.0 Fairfax Station - 54.0 Herndon
Hayfield Farm,Week2,Lee Graham,Week5,289.0 Lee Graham - 113.0 Hayfield Farm
Hayfield Farm,Week1,Springfield,Week2,355.0 Hayfield Farm - 46.0 Springfield
Hayfield Farm,Week5,Springboard,Week4,242.0 Hayfield Farm - 160.0 Springboard
Herndon,Week4,Wakefield Chapel,Week3,370.0 Wakefield Chapel - 32.0 Herndon
Hayfield Farm,Week1,Vienna Woods,Week3,323.0 Vienna Woods - 79.0 Hayfield Farm
Hayfield Farm,Week1,Vienna Woods,Week5,329.0 Vienna Woods - 73.0 Hayfield Farm
Herndon,Week5,Camelot,Week4,265.0 Camelot - 137.0 Herndon
Herndon,Week5,Ilda Community,Week1,251.0 Ilda Community - 151.0 Herndon
Hayfield Farm,Week5,Vienna Aquatic,Week4,279.0 Vienna Aquatic - 123.0 Hayfield Farm
Herndon,Week3,Wakefield Chapel,Week1,369.0 Wakefield Chapel - 33.0 Herndon
Herndon,Week1,Fairfax Station,Week2,358.5 Fairfax Station - 43.5 Herndon
Hayfield Farm,Week5,Vienna Woods,Week3,313.0 Vienna Woods - 89.0 Hayfield Farm
Hayfield Farm,Week2,Vienna Woods,Week4,291.0 Vienna Woods - 111.0 Hayfield Farm
Hayfield Farm,Week1,Lincolnia Park,Week3,292.0 Hayfield Farm - 101.0 Lincolnia Park
Herndon,Week3,Riverside Gardens,Week4,361.0 Riverside Gardens - 41.0 Herndon
Herndon,Week4,Ilda Community,Week2,244.0 Ilda Community - 158.0 Herndon
Hiddenbrook,Week3,Country Club Hills,Week2,210.0 Country Club Hills - 192.0 Hiddenbrook
Herndon,Week5,Camelot,Week3,250.0 Camelot - 151.0 Herndon
Hiddenbrook,Week3,Country Club Hills,Week1,212.0 Country Club Hills - 190.0 Hiddenbrook
Herndon,Week1,Canterbury Woods,Week1,255.0 Canterbury Woods - 141.0 Herndon
Hiddenbrook,Week4,Country Club Hills,Week5,232.0 Country Club Hills - 170.0 Hiddenbrook
Hiddenbrook,Week4,Cottontail,Week5,239.0 Cottontail - 163.0 Hiddenbrook
Herndon,Week2,Fairfax Station,Week5,370.0 Fairfax Station - 32.0 Herndon
Herndon,Week3,McLean,Week5,374.0 McLean - 28.0 Herndon
Herndon,Week3,McLean,Week2,357.0 McLean - 45.0 Herndon
Herndon,Week4,Canterbury Woods,Week1,264.0 Canterbury Woods - 138.0 Herndon
Herndon,Week2,Fairfax Station,Week3,365.0 Fairfax Station - 37.0 Herndon
Hiddenbrook,Week2,Country Club Hills,Week2,247.0 Country Club Hills - 154.0 Hiddenbrook
Herndon,Week5,Fairfax Club Estates,Week1,278.0 Fairfax Club Estates - 123.0 Herndon
Herndon,Week5,Ilda Community,Week5,259.0 Ilda Community - 143.0 Herndon
Hayfield Farm,Week1,Stratford,Week4,227.0 Hayfield Farm - 175.0 Stratford
Herndon,Week5,Ilda Community,Week2,257.0 Ilda Community - 145.0 Herndon
Herndon,Week2,Walden Glen,Week5,305.0 Walden Glen - 97.0 Herndon
Herndon,Week3,Walden Glen,Week2,287.0 Walden Glen - 109.0 Herndon
Hayfield Farm,Week4,Springfield,Week5,372.0 Hayfield Farm - 30.0 Springfield
Hayfield Farm,Week1,Villa Aquatic,Week2,218.0 Hayfield Farm - 184.0 Villa Aquatic
Herndon,Week2,McLean,Week2,361.0 McLean - 41.0 Herndon
Herndon,Week5,McLean,Week3,356.0 McLean - 45.0 Herndon
Herndon,Week1,Kent Gardens,Week1,320.0 Kent Gardens - 81.0 Herndon
Hiddenbrook,Week5,Cottontail,Week3,201.0 Cottontail - 201.0 Hiddenbrook
Herndon,Week5,Wakefield Chapel,Week3,371.0 Wakefield Chapel - 31.0 Herndon
Herndon,Week5,Canterbury Woods,Week3,278.0 Canterbury Woods - 123.0 Herndon
Hayfield Farm,Week5,Vienna Woods,Week5,336.0 Vienna Woods - 66.0 Hayfield Farm
Herndon,Week5,Canterbury Woods,Week2,247.0 Canterbury Woods - 155.0 Herndon
Hayfield Farm,Week5,Springfield,Week4,359.0 Hayfield Farm - 42.0 Springfield
Herndon,Week4,Ilda Community,Week1,250.0 Ilda Community - 152.0 Herndon
Hayfield Farm,Week1,Vienna Woods,Week1,307.0 Vienna Woods - 95.0 Hayfield Farm
Hiddenbrook,Week2,Country Club Hills,Week3,242.0 Country Club Hills - 159.0 Hiddenbrook
Herndon,Week1,Chesterbrook,Week2,395.0 Chesterbrook - 6.0 Herndon
Hayfield Farm,Week3,Vienna Woods,Week5,305.0 Vienna Woods - 97.0 Hayfield Farm
Herndon,Week3,Mosby Woods,Week1,363.0 Mosby Woods - 39.0 Herndon
Herndon,Week4,Fairfax Station,Week1,366.0 Fairfax Station - 36.0 Herndon
Herndon,Week4,Fairfax Station,Week3,369.0 Fairfax Station - 33.0 Herndon
Herndon,Week5,McLean,Week5,367.0 McLean - 35.0 Herndon
Hiddenbrook,Week4,Country Club Hills,Week1,211.0 Country Club Hills - 191.0 Hiddenbrook
Hiddenbrook,Week5,Country Club Hills,Week2,212.0 Hiddenbrook - 190.0 Country Club Hills
Herndon,Week3,Walden Glen,Week5,311.0 Walden Glen - 90.0 Herndon
Hayfield Farm,Week5,Springfield,Week3,364.0 Hayfield Farm - 37.0 Springfield
Hayfield Farm,Week3,Vienna Woods,Week4,263.0 Vienna Woods - 139.0 Hayfield Farm
Herndon,Week4,Walden Glen,Week2,280.0 Walden Glen - 121.0 Herndon
Hiddenbrook,Week1,Country Club Hills,Week3,215.0 Country Club Hills - 187.0 Hiddenbrook
Hiddenbrook,Week4,Country Club Hills,Week4,204.0 Hiddenbrook - 198.0 Country Club Hills
Herndon,Week5,Fairfax Station,Week2,358.0 Fairfax Station - 44.0 Herndon
Herndon,Week2,Kent Gardens,Week5,334.0 Kent Gardens - 68.0 Herndon
Herndon,Week3,Walden Glen,Week3,277.0 Walden Glen - 125.0 Herndon
Hayfield Farm,Week3,Hollin Meadows,Week4,218.0 Hayfield Farm - 184.0 Hollin Meadows
Herndon,Week4,Ilda Community,Week4,263.0 Ilda Community - 138.0 Herndon
Herndon,Week1,Kent Gardens,Week2,306.0 Kent Gardens - 95.0 Herndon
Herndon,Week1,Cardinal Hill,Week2,354.0 Cardinal Hill - 43.0 Herndon
Herndon,Week5,Cardinal Hill,Week5,356.5 Cardinal Hill - 45.5 Herndon
Hayfield Farm,Week1,Vienna Woods,Week2,304.0 Vienna Woods - 98.0 Hayfield Farm
Hayfield Farm,Week2,Vienna Woods,Week5,334.0 Vienna Woods - 68.0 Hayfield Farm
Herndon,Week2,McLean,Week4,354.0 McLean - 48.0 Herndon
Hayfield Farm,Week4,Springfield,Week1,361.0 Hayfield Farm - 40.0 Springfield
Herndon,Week1,Cardinal Hill,Week4,356.0 Cardinal Hill - 46.0 Herndon
Herndon,Week4,Fairfax Station,Week4,352.0 Fairfax Station - 50.0 Herndon
Herndon,Week4,Walden Glen,Week1,255.0 Walden Glen - 146.0 Herndon
Herndon,Week5,Ilda Community,Week4,273.0 Ilda Community - 128.0 Herndon
Hayfield Farm,Week2,Stratford,Week1,291.0 Hayfield Farm - 111.0 Stratford
Hayfield Farm,Week4,Springfield,Week3,365.0 Hayfield Farm - 36.0 Springfield
Hayfield Farm,Week3,Hollin Meadows,Week5,201.0 Hayfield Farm - 201.0 Hollin Meadows
Hayfield Farm,Week4,Vienna Aquatic,Week5,315.0 Vienna Aquatic - 87.0 Hayfield Farm
Herndon,Week3,Kent Gardens,Week4,302.0 Kent Gardens - 100.0 Herndon
Herndon,Week4,Forest Hollow,Week5,336.0 Forest Hollow - 66.0 Herndon
Herndon,Week4,Walden Glen,Week5,313.0 Walden Glen - 89.0 Herndon
Herndon,Week4,Kent Gardens,Week1,321.0 Kent Gardens - 81.0 Herndon
Hayfield Farm,Week2,Hollin Meadows,Week3,219.0 Hollin Meadows - 183.0 Hayfield Farm
Herndon,Week1,Mosby Woods,Week1,358.0 Mosby Woods - 44.0 Herndon
Herndon,Week5,Cardinal Hill,Week4,352.0 Cardinal Hill - 50.0 Herndon
Hiddenbrook,Week5,Country Club Hills,Week5,215.0 Country Club Hills - 187.0 Hiddenbrook
Hayfield Farm,Week3,Vienna Aquatic,Week5,285.0 Vienna Aquatic - 116.0 Hayfield Farm
Hayfield Farm,Week4,Hollin Meadows,Week1,209.0 Hollin Meadows - 193.0 Hayfield Farm
Hayfield Farm,Week5,Vienna Aquatic,Week1,287.0 Vienna Aquatic - 115.0 Hayfield Farm
Herndon,Week1,Waynewood,Week5,368.0 Waynewood - 34.0 Herndon
Hayfield Farm,Week4,Vienna Woods,Week4,276.5 Vienna Woods - 125.5 Hayfield Farm
Hayfield Farm,Week4,Springfield,Week4,360.0 Hayfield Farm - 41.0 Springfield
Hayfield Farm,Week4,Vienna Aquatic,Week1,272.0 Vienna Aquatic - 130.0 Hayfield Farm
Herndon,Week2,Cardinal Hill,Week1,363.0 Cardinal Hill - 39.0 Herndon
Hayfield Farm,Week4,Hollin Meadows,Week2,213.0 Hayfield Farm - 189.0 Hollin Meadows
Herndon,Week5,Fairfax Station,Week3,367.0 Fairfax Station - 35.0 Herndon
Herndon,Week1,Fox Hunt,Week1,306.0 Fox Hunt - 96.0 Herndon
Hiddenbrook,Week5,Country Club Hills,Week3,213.0 Hiddenbrook - 189.0 Country Club Hills
Herndon,Week1,Mosby Woods,Week4,342.0 Mosby Woods - 60.0 Herndon
Herndon,Week2,Chesterbrook,Week1,379.0 Chesterbrook - 23.0 Herndon
Herndon,Week2,Forest Hollow,Week2,315.0 Forest Hollow - 87.0 Herndon
Hayfield Farm,Week5,Springfield,Week1,351.0 Hayfield Farm - 50.0 Springfield
Hiddenbrook,Week1,Crosspointe,Week2,289.0 Crosspointe - 113.0 Hiddenbrook
Herndon,Week2,McLean,Week1,353.0 McLean - 49.0 Herndon
Hayfield Farm,Week5,Springfield,Week2,367.0 Hayfield Farm - 33.0 Springfield
Herndon,Week4,Kent Gardens,Week2,308.0 Kent Gardens - 94.0 Herndon
Herndon,Week5,Fairfax Station,Week5,374.0 Fairfax Station - 28.0 Herndon
Hiddenbrook,Week5,Country Club Hills,Week4,217.0 Hiddenbrook - 185.0 Country Club Hills
Herndon,Week4,Walden Glen,Week3,269.0 Walden Glen - 133.0 Herndon
Herndon,Week3,Waynewood,Week1,349.0 Waynewood - 53.0 Herndon
Hayfield Farm,Week5,Springfield,Week5,367.0 Hayfield Farm - 34.0 Springfield
Herndon,Week1,Cardinal Hill,Week1,365.0 Cardinal Hill - 37.0 Herndon
Herndon,Week2,Mosby Woods,Week1,352.0 Mosby Woods - 50.0 Herndon
Herndon,Week3,Kent Gardens,Week2,307.0 Kent Gardens - 95.0 Herndon
Herndon,Week4,Walden Glen,Week4,288.0 Walden Glen - 114.0 Herndon
Herndon,Week4,Cardinal Hill,Week5,349.0 Cardinal Hill - 53.0 Herndon
Herndon,Week1,Mosby Woods,Week5,360.0 Mosby Woods - 42.0 Herndon
Herndon,Week4,Waynewood,Week1,355.0 Waynewood - 47.0 Herndon
Hayfield Farm,Week2,Vienna Woods,Week2,306.0 Vienna Woods - 96.0 Hayfield Farm
Herndon,Week1,Cardinal Hill,Week5,357.0 Cardinal Hill - 44.0 Herndon
Hiddenbrook,Week2,Daventry,Week1,231.0 Hiddenbrook - 169.0 Daventry
Hayfield Farm,Week1,Stratford,Week2,267.0 Hayfield Farm - 135.0 Stratford
Herndon,Week1,Mosby Woods,Week3,356.0 Mosby Woods - 46.0 Herndon
Herndon,Week4,Kent Gardens,Week4,306.0 Kent Gardens - 96.0 Herndon
Hayfield Farm,Week4,Vienna Woods,Week2,295.0 Vienna Woods - 107.0 Hayfield Farm
Herndon,Week3,Kings Ridge ,Week4,269.5 Kings Ridge - 132.5 Herndon
Herndon,Week5,Waynewood,Week2,356.0 Waynewood - 46.0 Herndon
Herndon,Week2,Forest Hollow,Week3,333.0 Forest Hollow - 69.0 Herndon
Hayfield Farm,Week1,Stratford,Week3,258.0 Hayfield Farm - 144.0 Stratford
Herndon,Week2,Cardinal Hill,Week3,360.0 Cardinal Hill - 42.0 Herndon
Hayfield Farm,Week4,Hollin Meadows,Week3,210.0 Hollin Meadows - 192.0 Hayfield Farm
Hayfield Farm,Week3,Springfield,Week4,349.0 Hayfield Farm - 46.0 Springfield
Hiddenbrook,Week2,Daventry,Week2,211.0 Hiddenbrook - 189.0 Daventry
Hiddenbrook,Week3,Crosspointe,Week5,313.0 Crosspointe - 89.0 Hiddenbrook
Herndon,Week2,Cardinal Hill,Week4,354.0 Cardinal Hill - 48.0 Herndon
Herndon,Week1,Waynewood,Week4,354.5 Waynewood - 47.5 Herndon
Hiddenbrook,Week4,Crosspointe,Week4,293.0 Crosspointe - 109.0 Hiddenbrook
Hayfield Farm,Week4,Vienna Woods,Week3,315.0 Vienna Woods - 87.0 Hayfield Farm
Herndon,Week2,Forest Hollow,Week1,329.0 Forest Hollow - 73.0 Herndon
Hayfield Farm,Week1,Stratford,Week1,275.0 Hayfield Farm - 127.0 Stratford
Herndon,Week4,McLean,Week2,362.0 McLean - 40.0 Herndon
Herndon,Week2,McLean,Week3,355.0 McLean - 41.0 Herndon
Herndon,Week1,Forest Hollow,Week2,315.0 Forest Hollow - 87.0 Herndon
Herndon,Week2,Kings Ridge ,Week2,259.0 Kings Ridge - 141.0 Herndon
Herndon,Week3,McLean,Week4,354.0 McLean - 48.0 Herndon
Hiddenbrook,Week4,Crosspointe,Week5,307.0 Crosspointe - 95.0 Hiddenbrook
Herndon,Week3,McLean,Week1,358.0 McLean - 44.0 Herndon
Hayfield Farm,Week1,Stratford,Week5,260.0 Hayfield Farm - 142.0 Stratford
Herndon,Week3,Kings Ridge ,Week2,257.0 Kings Ridge - 145.0 Herndon
Hiddenbrook,Week3,Crosspointe,Week1,286.0 Crosspointe - 116.0 Hiddenbrook
Herndon,Week1,Woodley,Week4,248.0 Woodley - 153.0 Herndon
Herndon,Week1,Kings Ridge ,Week5,257.0 Kings Ridge - 144.0 Herndon
Hayfield Farm,Week1,Hollin Meadows,Week4,211.0 Hollin Meadows - 191.0 Hayfield Farm
Herndon,Week2,Mosby Woods,Week3,348.0 Mosby Woods - 54.0 Herndon
Hayfield Farm,Week1,Hollin Meadows,Week3,219.0 Hollin Meadows - 183.0 Hayfield Farm
Hayfield Farm,Week1,Vienna Woods,Week4,294.0 Vienna Woods - 108.0 Hayfield Farm
Herndon,Week4,Waynewood,Week2,356.0 Waynewood - 46.0 Herndon
Herndon,Week5,Canterbury Woods,Week5,256.0 Canterbury Woods - 144.0 Herndon
Hayfield Farm,Week2,Hollin Meadows,Week1,219.0 Hollin Meadows - 183.0 Hayfield Farm
Herndon,Week1,Woodley,Week1,255.0 Woodley - 147.0 Herndon
Herndon,Week1,Kings Ridge ,Week1,259.0 Kings Ridge - 143.0 Herndon
Hayfield Farm,Week5,Vienna Aquatic,Week2,274.0 Vienna Aquatic - 128.0 Hayfield Farm
Herndon,Week3,Forest Hollow,Week2,302.0 Forest Hollow - 100.0 Herndon
Hayfield Farm,Week5,Vienna Woods,Week1,307.0 Vienna Woods - 95.0 Hayfield Farm
Herndon,Week4,Cardinal Hill,Week2,348.0 Cardinal Hill - 54.0 Herndon
Hiddenbrook,Week2,Crosspointe,Week2,327.0 Crosspointe - 75.0 Hiddenbrook
Hayfield Farm,Week2,Stratford,Week2,288.0 Hayfield Farm - 114.0 Stratford
Herndon,Week3,Cardinal Hill,Week4,350.0 Cardinal Hill - 52.0 Herndon
Herndon,Week4,Forest Hollow,Week4,332.0 Forest Hollow - 70.0 Herndon
Herndon,Week3,Forest Hollow,Week5,334.0 Forest Hollow - 68.0 Herndon
Herndon,Week1,Waynewood,Week1,354.0 Waynewood - 48.0 Herndon
Herndon,Week2,McLean,Week5,367.0 McLean - 35.0 Herndon
Hayfield Farm,Week5,Vienna Aquatic,Week5,308.0 Vienna Aquatic - 94.0 Hayfield Farm
Herndon,Week5,Kings Ridge ,Week3,263.0 Kings Ridge - 137.0 Herndon
Hayfield Farm,Week4,Springfield,Week2,364.0 Hayfield Farm - 37.0 Springfield
Herndon,Week1,Forest Hollow,Week1,326.0 Forest Hollow - 76.0 Herndon
Herndon,Week3,Cardinal Hill,Week3,360.0 Cardinal Hill - 42.0 Herndon
Hayfield Farm,Week1,Hollin Meadows,Week5,222.0 Hollin Meadows - 180.0 Hayfield Farm
Hayfield Farm,Week3,Hollin Meadows,Week2,219.0 Hayfield Farm - 178.0 Hollin Meadows
Herndon,Week4,McLean,Week4,353.0 McLean - 49.0 Herndon
Hiddenbrook,Week4,Crosspointe,Week1,305.0 Crosspointe - 97.0 Hiddenbrook
Herndon,Week5,Kent Gardens,Week1,317.0 Kent Gardens - 85.0 Herndon
Hayfield Farm,Week2,Stratford,Week5,279.0 Hayfield Farm - 123.0 Stratford
Herndon,Week3,Waynewood,Week4,352.0 Waynewood - 50.0 Herndon
Herndon,Week5,Kent Gardens,Week3,302.0 Kent Gardens - 100.0 Herndon
Herndon,Week2,Woodley,Week2,236.0 Woodley - 166.0 Herndon
Hiddenbrook,Week3,Crosspointe,Week3,282.0 Crosspointe - 115.0 Hiddenbrook
Herndon,Week3,Cardinal Hill,Week1,364.0 Cardinal Hill - 38.0 Herndon
Hayfield Farm,Week2,Hollin Meadows,Week4,206.0 Hollin Meadows - 196.0 Hayfield Farm
Hayfield Farm,Week5,Vienna Aquatic,Week3,292.0 Vienna Aquatic - 110.0 Hayfield Farm
Herndon,Week4,McLean,Week3,356.0 McLean - 45.0 Herndon
Herndon,Week4,Kings Ridge ,Week2,236.0 Kings Ridge - 165.0 Herndon
Herndon,Week1,Forest Hollow,Week5,342.0 Forest Hollow - 60.0 Herndon
Herndon,Week3,McLean,Week3,360.0 McLean - 37.0 Herndon
Herndon,Week1,McLean,Week5,364.0 McLean - 38.0 Herndon
Herndon,Week4,McLean,Week5,367.0 McLean - 35.0 Herndon
Hayfield Farm,Week2,Vienna Woods,Week3,316.0 Vienna Woods - 86.0 Hayfield Farm
Herndon,Week4,Forest Hollow,Week1,324.0 Forest Hollow - 78.0 Herndon
Hayfield Farm,Week2,Stratford,Week4,251.0 Hayfield Farm - 151.0 Stratford
Herndon,Week5,Cardinal Hill,Week1,367.0 Cardinal Hill - 35.0 Herndon
Hayfield Farm,Week2,Stratford,Week3,266.0 Hayfield Farm - 136.0 Stratford
Hayfield Farm,Week3,Springfield,Week5,360.0 Hayfield Farm - 36.0 Springfield
Herndon,Week1,Kings Ridge ,Week4,260.0 Kings Ridge - 142.0 Herndon
Hayfield Farm,Week4,Vienna Woods,Week1,295.0 Vienna Woods - 107.0 Hayfield Farm
Herndon,Week1,Forest Hollow,Week3,334.0 Forest Hollow - 67.0 Herndon
Herndon,Week4,Forest Hollow,Week3,329.0 Forest Hollow - 73.0 Herndon
Hayfield Farm,Week3,Vienna Woods,Week2,266.0 Vienna Woods - 136.0 Hayfield Farm
Herndon,Week1,Woodley,Week2,243.0 Woodley - 158.0 Herndon
Hayfield Farm,Week3,Vienna Woods,Week3,296.0 Vienna Woods - 106.0 Hayfield Farm
Herndon,Week3,Cardinal Hill,Week5,350.0 Cardinal Hill - 51.0 Herndon
Hiddenbrook,Week4,Crosspointe,Week2,279.0 Crosspointe - 123.0 Hiddenbrook
Hayfield Farm,Week3,Stratford,Week1,293.0 Hayfield Farm - 109.0 Stratford
Herndon,Week3,Kings Ridge ,Week1,238.0 Kings Ridge - 164.0 Herndon
Hiddenbrook,Week3,Crosspointe,Week4,286.0 Crosspointe - 116.0 Hiddenbrook
Herndon,Week5,Cardinal Hill,Week2,353.0 Cardinal Hill - 49.0 Herndon
Herndon,Week2,Waynewood,Week1,349.0 Waynewood - 53.0 Herndon
Hiddenbrook,Week4,Crosspointe,Week3,291.0 Crosspointe - 111.0 Hiddenbrook
Herndon,Week3,Kings Ridge ,Week3,255.0 Kings Ridge - 145.0 Herndon
Herndon,Week3,Cardinal Hill,Week2,348.0 Cardinal Hill - 49.0 Herndon
Hayfield Farm,Week5,Vienna Woods,Week4,292.0 Vienna Woods - 110.0 Hayfield Farm
Herndon,Week1,Cardinal Hill,Week3,362.0 Cardinal Hill - 39.0 Herndon
Hiddenbrook,Week5,Crosspointe,Week1,276.0 Crosspointe - 126.0 Hiddenbrook
Hayfield Farm,Week1,Hollin Meadows,Week1,230.0 Hollin Meadows - 172.0 Hayfield Farm
Herndon,Week4,Kings Ridge ,Week3,255.0 Kings Ridge - 145.0 Herndon
Herndon,Week4,McLean,Week1,357.0 McLean - 45.0 Herndon
Hiddenbrook,Week2,Crosspointe,Week4,328.0 Crosspointe - 73.0 Hiddenbrook
Herndon,Week3,Forest Hollow,Week3,322.0 Forest Hollow - 80.0 Herndon
Hayfield Farm,Week2,Hollin Meadows,Week2,212.0 Hayfield Farm - 190.0 Hollin Meadows
Herndon,Week2,Forest Hollow,Week4,345.0 Forest Hollow - 57.0 Herndon
Hayfield Farm,Week4,Vienna Woods,Week5,323.0 Vienna Woods - 79.0 Hayfield Farm
Hiddenbrook,Week1,Crosspointe,Week4,301.0 Crosspointe - 101.0 Hiddenbrook
Herndon,Week5,McLean,Week2,358.0 McLean - 44.0 Herndon
Herndon,Week4,Cardinal Hill,Week4,357.0 Cardinal Hill - 45.0 Herndon
Herndon,Week2,Kings Ridge ,Week5,268.0 Kings Ridge - 134.0 Herndon
Herndon,Week5,Walden Glen,Week1,249.0 Walden Glen - 153.0 Herndon
Hayfield Farm,Week1,Hollin Meadows,Week2,206.0 Hayfield Farm - 196.0 Hollin Meadows
Herndon,Week5,McLean,Week1,360.0 McLean - 42.0 Herndon
Herndon,Week1,Forest Hollow,Week4,338.0 Forest Hollow - 64.0 Herndon
Herndon,Week5,Walden Glen,Week3,280.0 Walden Glen - 122.0 Herndon
Hayfield Farm,Week5,Vienna Woods,Week2,298.0 Vienna Woods - 104.0 Hayfield Farm
Herndon,Week4,Forest Hollow,Week2,307.0 Forest Hollow - 95.0 Herndon
Herndon,Week5,Walden Glen,Week2,282.0 Walden Glen - 119.0 Herndon
Herndon,Week2,Cardinal Hill,Week2,338.5 Cardinal Hill - 58.5 Herndon
Herndon,Week3,Waynewood,Week2,350.0 Waynewood - 52.0 Herndon
Herndon,Week5,Kent Gardens,Week5,339.0 Kent Gardens - 63.0 Herndon
Herndon,Week5,McLean,Week4,359.0 McLean - 43.0 Herndon
Herndon,Week4,Cardinal Hill,Week1,358.0 Cardinal Hill - 44.0 Herndon
Hiddenbrook,Week5,Crosspointe,Week3,270.0 Crosspointe - 132.0 Hiddenbrook
Hiddenbrook,Week3,Crosspointe,Week2,281.0 Crosspointe - 121.0 Hiddenbrook
Herndon,Week2,Cardinal Hill,Week5,350.0 Cardinal Hill - 52.0 Herndon
Herndon,Week5,Forest Hollow,Week1,320.0 Forest Hollow - 82.0 Herndon
Hayfield Farm,Week2,Hollin Meadows,Week5,215.0 Hollin Meadows - 187.0 Hayfield Farm
Herndon,Week2,Kings Ridge ,Week1,249.0 Kings Ridge - 153.0 Herndon
Hayfield Farm,Week3,Hollin Meadows,Week3,203.0 Hayfield Farm - 199.0 Hollin Meadows
Herndon,Week2,Waynewood,Week2,350.0 Waynewood - 52.0 Herndon
Herndon,Week5,Walden Glen,Week4,293.0 Walden Glen - 109.0 Herndon
Herndon,Week3,Forest Hollow,Week1,322.0 Forest Hollow - 80.0 Herndon
Hayfield Farm,Week5,Villa Aquatic,Week2,221.0 Hayfield Farm - 181.0 Villa Aquatic
Hiddenbrook,Week5,Crosspointe,Week2,259.0 Crosspointe - 143.0 Hiddenbrook
Herndon,Week2,Mosby Woods,Week2,356.0 Mosby Woods - 46.0 Herndon
Herndon,Week3,Forest Hollow,Week4,335.0 Forest Hollow - 67.0 Herndon
Herndon,Week2,Kings Ridge ,Week3,257.0 Kings Ridge - 143.0 Herndon
Herndon,Week4,Cardinal Hill,Week3,364.0 Cardinal Hill - 38.0 Herndon
Hayfield Farm,Week3,Hollin Meadows,Week1,208.0 Hollin Meadows - 194.0 Hayfield Farm
Hiddenbrook,Week2,Crosspointe,Week3,325.0 Crosspointe - 72.0 Hiddenbrook
Herndon,Week1,Waynewood,Week2,355.0 Waynewood - 47.0 Herndon
Hayfield Farm,Week5,Villa Aquatic,Week3,231.0 Villa Aquatic - 171.0 Hayfield Farm
Herndon,Week2,Mosby Woods,Week4,328.0 Mosby Woods - 74.0 Herndon
Hayfield Farm,Week1,Villa Aquatic,Week1,216.0 Hayfield Farm - 186.0 Villa Aquatic
Herndon,Week1,Mosby Woods,Week2,358.0 Mosby Woods - 44.0 Herndon
Herndon,Week1,Waynewood,Week3,364.0 Waynewood - 38.0 Herndon
Herndon,Week5,Forest Hollow,Week2,294.0 Forest Hollow - 108.0 Herndon
Herndon,Week5,Cardinal Hill,Week3,360.0 Cardinal Hill - 42.0 Herndon
Herndon,Week5,Kings Ridge ,Week1,246.5 Kings Ridge - 155.5 Herndon
Hayfield Farm,Week1,Village West,Week1,276.0 Hayfield Farm - 126.0 Village West
Herndon,Week3,Kings Ridge ,Week5,263.0 Kings Ridge - 139.0 Herndon
Hiddenbrook,Week2,Crosspointe,Week1,333.0 Crosspointe - 69.0 Hiddenbrook
Herndon,Week2,Mosby Woods,Week5,350.5 Mosby Woods - 51.5 Herndon
Herndon,Week2,Waynewood,Week4,347.0 Waynewood - 55.0 Herndon
Herndon,Week5,Forest Hollow,Week5,329.0 Forest Hollow - 73.0 Herndon
Herndon,Week1,Fox Hunt,Week2,329.0 Fox Hunt - 71.0 Herndon
Herndon,Week2,Waynewood,Week3,350.0 Waynewood - 52.0 Herndon
Herndon,Week1,Mount Vernon Park,Week4,347.5 Mount Vernon Park - 54.5 Herndon
Herndon,Week5,Kent Gardens,Week2,309.0 Kent Gardens - 93.0 Herndon
Herndon,Week2,Mount Vernon Park,Week4,346.0 Mount Vernon Park - 56.0 Herndon
Hayfield Farm,Week1,Village West,Week2,271.0 Hayfield Farm - 131.0 Village West
Herndon,Week1,Mount Vernon Park,Week2,349.0 Mount Vernon Park - 53.0 Herndon
Herndon,Week3,Waynewood,Week3,361.0 Waynewood - 41.0 Herndon
Hiddenbrook,Week1,Daventry,Week1,256.0 Hiddenbrook - 146.0 Daventry
Hiddenbrook,Week5,Crosspointe,Week5,285.0 Crosspointe - 117.0 Hiddenbrook
Hiddenbrook,Week1,Crosspointe,Week5,312.0 Crosspointe - 90.0 Hiddenbrook
Herndon,Week3,Waynewood,Week5,364.0 Waynewood - 38.0 Herndon
Herndon,Week2,Forest Hollow,Week5,337.0 Forest Hollow - 65.0 Herndon
Hayfield Farm,Week3,Villa Aquatic,Week4,212.0 Hayfield Farm - 190.0 Villa Aquatic
Herndon,Week1,Chesterbrook,Week1,377.0 Chesterbrook - 25.0 Herndon
Hayfield Farm,Week1,Villa Aquatic,Week5,216.0 Villa Aquatic - 186.0 Hayfield Farm
Herndon,Week1,Chesterbrook,Week4,392.0 Chesterbrook - 10.0 Herndon
Hiddenbrook,Week5,Crosspointe,Week4,276.0 Crosspointe - 126.0 Hiddenbrook
Hiddenbrook,Week1,Daventry,Week2,242.0 Hiddenbrook - 156.0 Daventry
Herndon,Week1,Chesterbrook,Week5,394.0 Chesterbrook - 8.0 Herndon
Herndon,Week5,Kings Ridge ,Week2,237.0 Kings Ridge - 164.0 Herndon
Herndon,Week3,Mount Vernon Park,Week1,345.0 Mount Vernon Park - 57.0 Herndon
Herndon,Week1,Fox Hunt,Week3,327.0 Fox Hunt - 74.0 Herndon
Herndon,Week5,Kings Ridge ,Week5,261.0 Kings Ridge - 141.0 Herndon
Hayfield Farm,Week3,Villa Aquatic,Week3,205.0 Villa Aquatic - 197.0 Hayfield Farm
Hayfield Farm,Week2,Villa Aquatic,Week2,226.0 Hayfield Farm - 176.0 Villa Aquatic
Herndon,Week2,Chesterbrook,Week2,389.0 Chesterbrook - 13.0 Herndon
Herndon,Week1,Chesterbrook,Week3,394.0 Chesterbrook - 8.0 Herndon
Herndon,Week5,Kings Ridge ,Week4,262.0 Kings Ridge - 140.0 Herndon
Herndon,Week5,Mosby Woods,Week3,351.0 Mosby Woods - 51.0 Herndon
Herndon,Week5,Forest Hollow,Week4,326.0 Forest Hollow - 76.0 Herndon
Herndon,Week2,Chesterbrook,Week3,391.0 Chesterbrook - 11.0 Herndon
Herndon,Week4,Kings Ridge ,Week5,269.0 Kings Ridge - 133.0 Herndon
Herndon,Week5,Forest Hollow,Week3,326.0 Forest Hollow - 76.0 Herndon
Hayfield Farm,Week1,Village West,Week3,252.0 Hayfield Farm - 150.0 Village West
Herndon,Week4,Waynewood,Week3,366.0 Waynewood - 36.0 Herndon
Herndon,Week5,Walden Glen,Week5,308.0 Walden Glen - 94.0 Herndon
Hayfield Farm,Week5,Little Rocky Run,Week5,276.0 Little Rocky Run - 126.0 Hayfield Farm
Herndon,Week1,Fox Hunt,Week5,336.0 Fox Hunt - 65.0 Herndon
Herndon,Week1,Fox Hunt,Week4,321.0 Fox Hunt - 80.0 Herndon
Herndon,Week2,Kings Ridge ,Week4,259.0 Kings Ridge - 143.0 Herndon
Hayfield Farm,Week4,Villa Aquatic,Week3,220.0 Villa Aquatic - 182.0 Hayfield Farm
Hayfield Farm,Week2,Little Rocky Run,Week5,292.0 Little Rocky Run - 110.0 Hayfield Farm
Hiddenbrook,Week1,Daventry,Week3,250.0 Hiddenbrook - 150.0 Daventry
Herndon,Week3,Mosby Woods,Week4,343.0 Mosby Woods - 59.0 Herndon
Herndon,Week4,Waynewood,Week5,367.0 Waynewood - 35.0 Herndon
Hiddenbrook,Week2,Crosspointe,Week5,346.0 Crosspointe - 55.0 Hiddenbrook
Hiddenbrook,Week1,Daventry,Week4,256.0 Hiddenbrook - 145.0 Daventry
Hayfield Farm,Week3,Little Rocky Run,Week1,237.0 Little Rocky Run - 165.0 Hayfield Farm
Herndon,Week1,Commonwealth,Week3,277.0 Commonwealth - 121.0 Herndon
Herndon,Week4,Waynewood,Week4,354.0 Waynewood - 48.0 Herndon
Hayfield Farm,Week4,Villa Aquatic,Week2,222.0 Hayfield Farm - 180.0 Villa Aquatic
Herndon,Week2,Commonwealth,Week5,288.0 Commonwealth - 114.0 Herndon
Herndon,Week5,Kent Gardens,Week4,310.0 Kent Gardens - 92.0 Herndon
Herndon,Week1,Kings Ridge ,Week3,252.0 Kings Ridge - 147.0 Herndon
Herndon,Week2,Waynewood,Week5,359.0 Waynewood - 43.0 Herndon
Herndon,Week2,Fox Hunt,Week1,305.0 Fox Hunt - 97.0 Herndon
Hayfield Farm,Week2,Villa Aquatic,Week4,214.5 Villa Aquatic - 187.5 Hayfield Farm
Herndon,Week3,Mosby Woods,Week5,355.0 Mosby Woods - 47.0 Herndon
Hiddenbrook,Week1,Daventry,Week5,223.0 Hiddenbrook - 178.0 Daventry
Herndon,Week2,Commonwealth,Week1,233.0 Commonwealth - 158.0 Herndon
Herndon,Week1,Kings Ridge ,Week2,237.0 Kings Ridge - 163.0 Herndon
Hayfield Farm,Week1,Long Branch,Week3,232.0 Hayfield Farm - 170.0 Long Branch
Herndon,Week3,Mosby Woods,Week2,354.0 Mosby Woods - 48.0 Herndon
Herndon,Week2,Mount Vernon Park,Week2,346.0 Mount Vernon Park - 56.0 Herndon
Hiddenbrook,Week1,Dominion Hills,Week1,261.0 Dominion Hills - 141.0 Hiddenbrook
Hiddenbrook,Week3,Daventry,Week5,244.0 Hiddenbrook - 157.0 Daventry
Hayfield Farm,Week4,Villa Aquatic,Week5,202.0 Villa Aquatic - 200.0 Hayfield Farm
Herndon,Week4,Mosby Woods,Week5,359.0 Mosby Woods - 43.0 Herndon
Hayfield Farm,Week2,Little Rocky Run,Week2,259.0 Little Rocky Run - 143.0 Hayfield Farm
Herndon,Week5,Waynewood,Week5,369.0 Waynewood - 33.0 Herndon
Herndon,Week5,Waynewood,Week3,362.0 Waynewood - 40.0 Herndon
Hayfield Farm,Week5,Villa Aquatic,Week1,220.0 Hayfield Farm - 182.0 Villa Aquatic
Herndon,Week2,Fox Hunt,Week3,327.0 Fox Hunt - 75.0 Herndon
Herndon,Week4,Mosby Woods,Week3,354.0 Mosby Woods - 48.0 Herndon
Hayfield Farm,Week3,Long Branch,Week1,254.0 Hayfield Farm - 148.0 Long Branch
Hayfield Farm,Week3,Little Rocky Run,Week5,276.0 Little Rocky Run - 126.0 Hayfield Farm
Hayfield Farm,Week2,Villa Aquatic,Week1,220.0 Hayfield Farm - 182.0 Villa Aquatic
Herndon,Week5,Waynewood,Week4,348.0 Waynewood - 54.0 Herndon
Herndon,Week3,Mosby Woods,Week3,356.0 Mosby Woods - 41.0 Herndon
Hiddenbrook,Week2,Daventry,Week5,204.0 Hiddenbrook - 188.0 Daventry
Hiddenbrook,Week4,Daventry,Week3,271.0 Hiddenbrook - 129.0 Daventry
Herndon,Week5,Waynewood,Week1,348.0 Waynewood - 54.0 Herndon
Hayfield Farm,Week1,Long Branch,Week5,213.0 Hayfield Farm - 189.0 Long Branch
Herndon,Week2,Fox Mill Estates,Week3,300.0 Fox Mill Estates - 102.0 Herndon
Herndon,Week1,Lake Braddock,Week1,220.0 Lake Braddock - 177.0 Herndon
Herndon,Week2,Chesterbrook,Week5,390.0 Chesterbrook - 12.0 Herndon
Herndon,Week3,Fox Hunt,Week2,319.0 Fox Hunt - 83.0 Herndon
Herndon,Week3,Chesterbrook,Week5,390.0 Chesterbrook - 12.0 Herndon
Herndon,Week4,Kings Ridge ,Week4,264.0 Kings Ridge - 138.0 Herndon
Herndon,Week3,Fox Hunt,Week4,319.0 Fox Hunt - 83.0 Herndon
Herndon,Week4,Kings Ridge ,Week1,240.0 Kings Ridge - 162.0 Herndon
Herndon,Week1,Mount Vernon Park,Week1,337.0 Mount Vernon Park - 65.0 Herndon
Hayfield Farm,Week2,Villa Aquatic,Week3,232.0 Villa Aquatic - 170.0 Hayfield Farm
Herndon,Week3,Chesterbrook,Week4,390.0 Chesterbrook - 12.0 Herndon
Herndon,Week3,Lake Braddock,Week2,243.5 Lake Braddock - 158.5 Herndon
Herndon,Week4,Chesterbrook,Week1,376.0 Chesterbrook - 26.0 Herndon
Hayfield Farm,Week4,Little Rocky Run,Week1,247.0 Little Rocky Run - 155.0 Hayfield Farm
Herndon,Week1,Mount Vernon Park,Week5,355.5 Mount Vernon Park - 45.5 Herndon
Hiddenbrook,Week1,Dominion Hills,Week3,276.0 Dominion Hills - 126.0 Hiddenbrook
Hayfield Farm,Week3,Little Rocky Run,Week2,239.0 Little Rocky Run - 163.0 Hayfield Farm
Herndon,Week1,Commonwealth,Week2,281.0 Commonwealth - 120.0 Herndon
Herndon,Week1,Woodley,Week3,251.0 Woodley - 151.0 Herndon
Herndon,Week5,Chesterbrook,Week3,387.0 Chesterbrook - 15.0 Herndon
Herndon,Week3,Woodley,Week5,261.0 Woodley - 140.0 Herndon
Herndon,Week4,Fox Hunt,Week5,340.0 Fox Hunt - 62.0 Herndon
Herndon,Week3,Lake Braddock,Week3,242.0 Lake Braddock - 160.0 Herndon
Hayfield Farm,Week3,Villa Aquatic,Week2,244.0 Hayfield Farm - 158.0 Villa Aquatic
Herndon,Week4,Lake Braddock,Week1,218.0 Lake Braddock - 184.0 Herndon
Herndon,Week4,Fox Hunt,Week1,312.0 Fox Hunt - 90.0 Herndon
Herndon,Week4,Chesterbrook,Week5,391.0 Chesterbrook - 11.0 Herndon
Hayfield Farm,Week4,Villa Aquatic,Week1,234.5 Hayfield Farm - 167.5 Villa Aquatic
Hiddenbrook,Week2,Dominion Hills,Week2,284.0 Dominion Hills - 118.0 Hiddenbrook
Herndon,Week2,Lake Braddock,Week2,241.0 Lake Braddock - 159.0 Herndon
Hayfield Farm,Week2,Long Branch,Week3,260.0 Hayfield Farm - 142.0 Long Branch
Hayfield Farm,Week5,Little Rocky Run,Week2,270.0 Little Rocky Run - 132.0 Hayfield Farm
Herndon,Week5,Woodley,Week4,246.0 Woodley - 156.0 Herndon
Hayfield Farm,Week5,Villa Aquatic,Week5,211.0 Villa Aquatic - 191.0 Hayfield Farm
Herndon,Week2,Woodley,Week1,250.0 Woodley - 152.0 Herndon
Herndon,Week5,Mosby Woods,Week2,346.0 Mosby Woods - 56.0 Herndon
Herndon,Week5,Chesterbrook,Week4,387.0 Chesterbrook - 15.0 Herndon
Hiddenbrook,Week3,Dominion Hills,Week1,232.0 Dominion Hills - 170.0 Hiddenbrook
Herndon,Week4,Fox Hunt,Week3,338.0 Fox Hunt - 64.0 Herndon
Herndon,Week1,Woodley,Week5,249.0 Woodley - 152.0 Herndon
Herndon,Week3,Fox Hunt,Week3,330.0 Fox Hunt - 67.0 Herndon
Herndon,Week4,Mosby Woods,Week2,358.0 Mosby Woods - 44.0 Herndon
Hiddenbrook,Week3,Dominion Hills,Week2,252.0 Dominion Hills - 150.0 Hiddenbrook
Hayfield Farm,Week4,Villa Aquatic,Week4,204.0 Villa Aquatic - 198.0 Hayfield Farm
Hayfield Farm,Week1,Villa Aquatic,Week3,230.0 Villa Aquatic - 172.0 Hayfield Farm
Herndon,Week4,Mosby Woods,Week1,357.0 Mosby Woods - 45.0 Herndon
Herndon,Week2,Fox Hunt,Week4,317.0 Fox Hunt - 84.0 Herndon
Herndon,Week1,Lake Braddock,Week3,245.0 Lake Braddock - 155.0 Herndon
Hayfield Farm,Week3,Long Branch,Week3,260.0 Hayfield Farm - 142.0 Long Branch
Herndon,Week2,Chesterbrook,Week4,390.0 Chesterbrook - 12.0 Herndon
Herndon,Week2,Mount Vernon Park,Week3,339.0 Mount Vernon Park - 62.0 Herndon
Herndon,Week2,Lake Braddock,Week4,247.0 Lake Braddock - 154.0 Herndon
Hiddenbrook,Week3,Daventry,Week2,255.0 Hiddenbrook - 146.0 Daventry
Herndon,Week2,Lakevale Estates,Week2,340.0 Lakevale Estates - 62.0 Herndon
Hayfield Farm,Week1,Little Rocky Run,Week4,288.0 Little Rocky Run - 114.0 Hayfield Farm
Herndon,Week2,Mount Vernon Park,Week5,351.0 Mount Vernon Park - 51.0 Herndon
Hiddenbrook,Week1,Dominion Hills,Week4,286.0 Dominion Hills - 116.0 Hiddenbrook
Herndon,Week1,Commonwealth,Week1,232.0 Commonwealth - 156.0 Herndon
Hiddenbrook,Week1,Annandale,Week1,250.0 Hiddenbrook - 152.0 Annandale
Herndon,Week5,Fox Hunt,Week1,301.0 Fox Hunt - 101.0 Herndon
Hayfield Farm,Week2,Villa Aquatic,Week5,223.0 Villa Aquatic - 179.0 Hayfield Farm
Hayfield Farm,Week3,Villa Aquatic,Week1,232.0 Hayfield Farm - 170.0 Villa Aquatic
Hiddenbrook,Week1,Annandale,Week4,243.0 Hiddenbrook - 158.0 Annandale
Herndon,Week3,Fox Hunt,Week1,313.0 Fox Hunt - 89.0 Herndon
Herndon,Week5,Fox Hunt,Week2,311.0 Fox Hunt - 90.0 Herndon
Herndon,Week3,Chesterbrook,Week1,381.0 Chesterbrook - 16.0 Herndon
Herndon,Week1,Lakevale Estates,Week5,352.0 Lakevale Estates - 49.0 Herndon
Hiddenbrook,Week2,Daventry,Week4,219.0 Hiddenbrook - 181.0 Daventry
Herndon,Week3,Chesterbrook,Week3,392.0 Chesterbrook - 10.0 Herndon
Hiddenbrook,Week3,Dominion Hills,Week5,277.0 Dominion Hills - 125.0 Hiddenbrook
Hayfield Farm,Week1,Villa Aquatic,Week4,204.0 Hayfield Farm - 198.0 Villa Aquatic
Herndon,Week3,Woodley,Week4,245.0 Woodley - 152.0 Herndon
Hayfield Farm,Week4,Little Rocky Run,Week3,273.0 Little Rocky Run - 129.0 Hayfield Farm
Herndon,Week3,Lakevale Estates,Week1,341.0 Lakevale Estates - 61.0 Herndon
Herndon,Week3,Mount Vernon Park,Week3,351.0 Mount Vernon Park - 50.0 Herndon
Herndon,Week5,Chesterbrook,Week5,387.0 Chesterbrook - 15.0 Herndon
Hayfield Farm,Week2,Long Branch,Week1,256.0 Hayfield Farm - 146.0 Long Branch
Herndon,Week1,Mount Vernon Park,Week3,342.0 Mount Vernon Park - 59.0 Herndon
Hayfield Farm,Week3,Villa Aquatic,Week5,209.0 Hayfield Farm - 193.0 Villa Aquatic
Herndon,Week5,Fox Hunt,Week3,321.0 Fox Hunt - 81.0 Herndon
Herndon,Week4,Mosby Woods,Week4,342.0 Mosby Woods - 60.0 Herndon
Herndon,Week4,Chesterbrook,Week2,386.0 Chesterbrook - 16.0 Herndon
Herndon,Week4,Lake Braddock,Week3,251.0 Lake Braddock - 150.0 Herndon
Hiddenbrook,Week3,Daventry,Week1,255.0 Hiddenbrook - 146.0 Daventry
Herndon,Week1,Fox Mill Estates,Week1,293.0 Fox Mill Estates - 108.0 Herndon
Herndon,Week3,Lake Braddock,Week4,245.0 Lake Braddock - 157.0 Herndon
Herndon,Week5,Mosby Woods,Week1,351.0 Mosby Woods - 51.0 Herndon
Hiddenbrook,Week1,Annandale,Week2,232.0 Hiddenbrook - 170.0 Annandale
Herndon,Week1,Lake Braddock,Week5,250.0 Lake Braddock - 150.0 Herndon
Herndon,Week5,Fox Hunt,Week4,311.0 Fox Hunt - 91.0 Herndon
Herndon,Week5,Chesterbrook,Week1,371.0 Chesterbrook - 31.0 Herndon
Hayfield Farm,Week4,Little Rocky Run,Week5,281.0 Little Rocky Run - 121.0 Hayfield Farm
Herndon,Week4,Woodley,Week5,262.0 Woodley - 140.0 Herndon
Hayfield Farm,Week5,Villa Aquatic,Week4,207.0 Villa Aquatic - 195.0 Hayfield Farm
Hayfield Farm,Week1,Little Rocky Run,Week5,297.0 Little Rocky Run - 105.0 Hayfield Farm
Herndon,Week4,Mount Vernon Park,Week1,346.0 Mount Vernon Park - 56.0 Herndon
Hiddenbrook,Week4,Daventry,Week5,240.0 Hiddenbrook - 156.0 Daventry
Herndon,Week1,Fox Mill Estates,Week3,307.0 Fox Mill Estates - 94.0 Herndon
Hiddenbrook,Week2,Dominion Hills,Week1,271.0 Dominion Hills - 131.0 Hiddenbrook
Herndon,Week4,Chesterbrook,Week4,388.0 Chesterbrook - 14.0 Herndon
Herndon,Week2,Lake Braddock,Week1,219.0 Lake Braddock - 183.0 Herndon
Herndon,Week3,Chesterbrook,Week2,391.0 Chesterbrook - 11.0 Herndon
Hayfield Farm,Week4,Village West,Week5,268.0 Hayfield Farm - 134.0 Village West
Hiddenbrook,Week5,Dominion Hills,Week4,247.5 Dominion Hills - 154.5 Hiddenbrook
Herndon,Week1,Fox Mill Estates,Week5,313.0 Fox Mill Estates - 88.0 Herndon
Hayfield Farm,Week2,Little Rocky Run,Week4,270.0 Little Rocky Run - 132.0 Hayfield Farm
Hiddenbrook,Week1,Annandale,Week5,225.0 Hiddenbrook - 176.0 Annandale
Herndon,Week2,Woodley,Week3,239.0 Woodley - 163.0 Herndon
Hayfield Farm,Week4,Village West,Week3,259.0 Hayfield Farm - 143.0 Village West
Hayfield Farm,Week4,Village West,Week4,267.0 Hayfield Farm - 130.0 Village West
Hayfield Farm,Week3,Little Rocky Run,Week4,248.0 Little Rocky Run - 154.0 Hayfield Farm
Hiddenbrook,Week2,Annandale,Week2,206.0 Annandale - 195.0 Hiddenbrook
Herndon,Week4,Mount Vernon Park,Week2,357.0 Mount Vernon Park - 45.0 Herndon
Herndon,Week3,Woodley,Week1,255.0 Woodley - 147.0 Herndon
Herndon,Week1,Commonwealth,Week4,267.0 Commonwealth - 132.0 Herndon
Herndon,Week4,Lake Braddock,Week4,247.0 Lake Braddock - 155.0 Herndon
Herndon,Week5,Fox Hunt,Week5,335.0 Fox Hunt - 67.0 Herndon
Herndon,Week5,Lake Braddock,Week5,261.0 Lake Braddock - 140.0 Herndon
Herndon,Week1,Commonwealth,Week5,284.0 Commonwealth - 116.0 Herndon
Herndon,Week5,Woodley,Week1,254.0 Woodley - 148.0 Herndon
Herndon,Week5,Mosby Woods,Week5,346.0 Mosby Woods - 56.0 Herndon
Hiddenbrook,Week4,Daventry,Week2,261.0 Hiddenbrook - 139.0 Daventry
Herndon,Week2,Fox Mill Estates,Week1,279.0 Fox Mill Estates - 123.0 Herndon
Herndon,Week5,Woodley,Week5,246.0 Woodley - 156.0 Herndon
Hayfield Farm,Week3,Little Rocky Run,Week3,261.0 Little Rocky Run - 141.0 Hayfield Farm
Hiddenbrook,Week3,Daventry,Week4,271.0 Hiddenbrook - 130.0 Daventry
Hayfield Farm,Week4,Little Rocky Run,Week2,244.0 Little Rocky Run - 158.0 Hayfield Farm
Herndon,Week5,Woodley,Week2,248.0 Woodley - 154.0 Herndon
Hayfield Farm,Week2,Little Rocky Run,Week3,278.0 Little Rocky Run - 124.0 Hayfield Farm
Hayfield Farm,Week4,Village West,Week2,278.0 Hayfield Farm - 124.0 Village West
Hayfield Farm,Week3,Village West,Week5,270.0 Hayfield Farm - 132.0 Village West
Hayfield Farm,Week5,Little Rocky Run,Week1,253.0 Little Rocky Run - 149.0 Hayfield Farm
Herndon,Week3,Fox Hunt,Week5,344.0 Fox Hunt - 58.0 Herndon
Hiddenbrook,Week5,Daventry,Week1,269.0 Hiddenbrook - 133.0 Daventry
Herndon,Week5,Mosby Woods,Week4,338.0 Mosby Woods - 64.0 Herndon
Herndon,Week2,Commonwealth,Week3,272.0 Commonwealth - 127.0 Herndon
Herndon,Week4,Chesterbrook,Week3,393.0 Chesterbrook - 9.0 Herndon
Herndon,Week2,Lakevale Estates,Week4,347.0 Lakevale Estates - 55.0 Herndon
Herndon,Week1,Lakevale Estates,Week1,340.0 Lakevale Estates - 62.0 Herndon
Herndon,Week5,Chesterbrook,Week2,385.0 Chesterbrook - 17.0 Herndon
Herndon,Week3,Mount Vernon Park,Week5,357.0 Mount Vernon Park - 44.0 Herndon
Herndon,Week5,Lake Braddock,Week3,252.0 Lake Braddock - 149.0 Herndon
Hayfield Farm,Week5,Village West,Week1,264.0 Hayfield Farm - 138.0 Village West
Herndon,Week3,Mount Vernon Park,Week4,353.0 Mount Vernon Park - 49.0 Herndon
Herndon,Week2,Mount Vernon Park,Week1,338.0 Mount Vernon Park - 64.0 Herndon
Hiddenbrook,Week3,Daventry,Week3,261.0 Hiddenbrook - 139.0 Daventry
Herndon,Week4,Fox Hunt,Week4,326.0 Fox Hunt - 76.0 Herndon
Herndon,Week2,Fox Hunt,Week5,336.0 Fox Hunt - 65.0 Herndon
Hayfield Farm,Week5,Village West,Week3,248.0 Hayfield Farm - 154.0 Village West
Hayfield Farm,Week5,Village West,Week5,259.0 Hayfield Farm - 143.0 Village West
Hayfield Farm,Week4,Little Rocky Run,Week4,269.0 Little Rocky Run - 133.0 Hayfield Farm
Hiddenbrook,Week2,Daventry,Week3,227.0 Hiddenbrook - 164.0 Daventry
Herndon,Week3,Woodley,Week3,253.0 Woodley - 149.0 Herndon
Herndon,Week4,Mount Vernon Park,Week3,353.0 Mount Vernon Park - 48.0 Herndon
Hiddenbrook,Week5,Daventry,Week5,250.0 Hiddenbrook - 152.0 Daventry
Hiddenbrook,Week5,Daventry,Week2,268.0 Hiddenbrook - 133.0 Daventry
Hayfield Farm,Week5,Little Rocky Run,Week4,278.0 Little Rocky Run - 124.0 Hayfield Farm
Herndon,Week4,Woodley,Week2,247.0 Woodley - 155.0 Herndon
Hiddenbrook,Week5,Daventry,Week3,280.0 Hiddenbrook - 122.0 Daventry
Herndon,Week2,Cottontail,Week5,307.0 Cottontail - 95.0 Herndon
Herndon,Week2,Commonwealth,Week4,267.0 Commonwealth - 133.0 Herndon
Herndon,Week2,Fox Hunt,Week2,319.0 Fox Hunt - 81.0 Herndon
Herndon,Week4,Woodley,Week3,253.0 Woodley - 149.0 Herndon
Herndon,Week1,Lakevale Estates,Week4,349.0 Lakevale Estates - 53.0 Herndon
Herndon,Week5,Lake Braddock,Week1,217.0 Lake Braddock - 185.0 Herndon
Hiddenbrook,Week4,Daventry,Week1,258.0 Hiddenbrook - 143.0 Daventry
Hayfield Farm,Week2,Little Rocky Run,Week1,252.0 Little Rocky Run - 150.0 Hayfield Farm
Herndon,Week4,Fox Hunt,Week2,319.0 Fox Hunt - 82.0 Herndon
Herndon,Week3,Lake Braddock,Week1,214.5 Lake Braddock - 181.5 Herndon
Herndon,Week3,Mount Vernon Park,Week2,351.0 Mount Vernon Park - 51.0 Herndon
Herndon,Week2,Commonwealth,Week2,288.0 Commonwealth - 113.0 Herndon
Hayfield Farm,Week2,Village West,Week3,255.0 Hayfield Farm - 147.0 Village West
Hayfield Farm,Week1,Long Branch,Week1,238.0 Hayfield Farm - 164.0 Long Branch
Herndon,Week4,Mount Vernon Park,Week5,357.0 Mount Vernon Park - 45.0 Herndon
Herndon,Week1,Fox Mill Estates,Week2,305.0 Fox Mill Estates - 95.0 Herndon
Hayfield Farm,Week1,Virginia Hills,Week1,341.0 Hayfield Farm - 61.0 Virginia Hills
Hayfield Farm,Week2,Village West,Week1,277.0 Hayfield Farm - 125.0 Village West
Herndon,Week5,Woodley,Week3,255.0 Woodley - 147.0 Herndon
Herndon,Week5,Lake Braddock,Week2,229.0 Lake Braddock - 172.0 Herndon
Hayfield Farm,Week5,Little Rocky Run,Week3,277.0 Little Rocky Run - 125.0 Hayfield Farm
Herndon,Week2,Newington Forest,Week1,224.0 Newington Forest - 174.0 Herndon
Herndon,Week5,Mount Vernon Park,Week5,362.0 Mount Vernon Park - 40.0 Herndon
Hayfield Farm,Week1,Long Branch,Week4,236.0 Hayfield Farm - 166.0 Long Branch
Herndon,Week3,Newington Forest,Week2,231.0 Newington Forest - 163.0 Herndon
Herndon,Week3,Woodley,Week2,248.0 Woodley - 153.0 Herndon
Hayfield Farm,Week2,Long Branch,Week4,250.0 Hayfield Farm - 152.0 Long Branch
Herndon,Week4,Mount Vernon Park,Week4,353.0 Mount Vernon Park - 49.0 Herndon
Hiddenbrook,Week4,Daventry,Week4,276.0 Hiddenbrook - 125.0 Daventry
Herndon,Week4,Commonwealth,Week1,240.0 Commonwealth - 157.0 Herndon
Herndon,Week2,Lake Braddock,Week3,242.0 Lake Braddock - 158.0 Herndon
Herndon,Week2,Fox Mill Estates,Week2,292.0 Fox Mill Estates - 109.0 Herndon
Hayfield Farm,Week1,Long Branch,Week2,225.0 Hayfield Farm - 177.0 Long Branch
Hayfield Farm,Week3,Village West,Week4,269.0 Hayfield Farm - 128.0 Village West
Hiddenbrook,Week5,Daventry,Week4,286.5 Hiddenbrook - 115.5 Daventry
Hayfield Farm,Week5,Village West,Week4,259.0 Hayfield Farm - 138.0 Village West
Herndon,Week2,Lakevale Estates,Week5,346.0 Lakevale Estates - 56.0 Herndon
Hiddenbrook,Week2,Annandale,Week4,212.0 Annandale - 189.0 Hiddenbrook
Herndon,Week2,Newington Forest,Week2,236.0 Newington Forest - 161.0 Herndon
Herndon,Week2,Lake Braddock,Week5,252.0 Lake Braddock - 148.0 Herndon
Herndon,Week1,Lake Braddock,Week4,240.0 Lake Braddock - 161.0 Herndon
Herndon,Week4,Commonwealth,Week5,280.0 Commonwealth - 122.0 Herndon
Herndon,Week1,Fox Mill Estates,Week4,304.0 Fox Mill Estates - 97.0 Herndon
Herndon,Week3,Fox Mill Estates,Week2,298.0 Fox Mill Estates - 104.0 Herndon
Hayfield Farm,Week5,Village West,Week2,268.0 Hayfield Farm - 134.0 Village West
Hiddenbrook,Week1,Dominion Hills,Week2,274.0 Dominion Hills - 128.0 Hiddenbrook
Herndon,Week1,Fox Mill Woods,Week2,350.0 Fox Mill Woods - 52.0 Herndon
Herndon,Week5,Commonwealth,Week2,274.0 Commonwealth - 127.0 Herndon
Hiddenbrook,Week1,Dominion Hills,Week5,292.0 Dominion Hills - 110.0 Hiddenbrook
Hiddenbrook,Week2,Annandale,Week3,225.0 Annandale - 172.0 Hiddenbrook
Herndon,Week4,Commonwealth,Week2,275.0 Commonwealth - 126.0 Herndon
Herndon,Week2,Woodley,Week5,246.0 Woodley - 156.0 Herndon
Hayfield Farm,Week1,Village West,Week5,273.0 Hayfield Farm - 129.0 Village West
Hayfield Farm,Week2,Long Branch,Week2,241.0 Hayfield Farm - 161.0 Long Branch
Herndon,Week2,Newington Forest,Week5,253.0 Newington Forest - 149.0 Herndon
Hayfield Farm,Week3,Long Branch,Week2,247.0 Hayfield Farm - 155.0 Long Branch
Hiddenbrook,Week2,Dominion Hills,Week3,291.0 Dominion Hills - 111.0 Hiddenbrook
Hayfield Farm,Week4,Long Branch,Week5,222.0 Hayfield Farm - 180.0 Long Branch
Herndon,Week5,Commonwealth,Week4,257.0 Commonwealth - 143.0 Herndon
Herndon,Week3,Lake Braddock,Week5,259.0 Lake Braddock - 143.0 Herndon
Hayfield Farm,Week2,Long Branch,Week5,234.0 Hayfield Farm - 168.0 Long Branch
Hiddenbrook,Week2,Dominion Hills,Week4,285.0 Dominion Hills - 117.0 Hiddenbrook
Herndon,Week1,Newington Forest,Week4,254.0 Newington Forest - 144.0 Herndon
Herndon,Week3,Fox Mill Woods,Week4,359.0 Fox Mill Woods - 43.0 Herndon
Hayfield Farm,Week1,Village West,Week4,263.0 Hayfield Farm - 134.0 Village West
Herndon,Week2,Woodley,Week4,231.0 Woodley - 171.0 Herndon
Herndon,Week1,Cottontail,Week3,299.0 Cottontail - 103.0 Herndon
Herndon,Week1,Fox Mill Woods,Week1,355.0 Fox Mill Woods - 46.0 Herndon
Herndon,Week3,Fox Mill Estates,Week5,310.0 Fox Mill Estates - 92.0 Herndon
Herndon,Week4,Commonwealth,Week4,275.0 Commonwealth - 125.0 Herndon
Herndon,Week5,Commonwealth,Week1,227.0 Commonwealth - 170.0 Herndon
Hiddenbrook,Week3,Dominion Hills,Week4,260.0 Dominion Hills - 137.0 Hiddenbrook
Hiddenbrook,Week1,Annandale,Week3,223.0 Hiddenbrook - 179.0 Annandale
Hiddenbrook,Week2,Dominion Hills,Week5,304.0 Dominion Hills - 98.0 Hiddenbrook
Herndon,Week1,Cottontail,Week1,292.0 Cottontail - 110.0 Herndon
Herndon,Week1,North Springfield,Week3,204.0 North Springfield - 175.0 Herndon
Herndon,Week4,Lake Braddock,Week5,261.0 Lake Braddock - 140.0 Herndon
Hayfield Farm,Week2,Village West,Week2,280.0 Hayfield Farm - 122.0 Village West
Herndon,Week5,Newington Forest,Week5,270.0 Newington Forest - 132.0 Herndon
Herndon,Week4,Lake Braddock,Week2,240.0 Lake Braddock - 161.0 Herndon
Hiddenbrook,Week2,Annandale,Week1,199.0 Annandale - 198.0 Hiddenbrook
Herndon,Week1,North Springfield,Week5,201.0 North Springfield - 157.0 Herndon
Hayfield Farm,Week3,Village West,Week2,275.0 Hayfield Farm - 127.0 Village West
Herndon,Week5,Lake Braddock,Week4,250.0 Lake Braddock - 152.0 Herndon
Herndon,Week1,Lake Braddock,Week2,235.0 Lake Braddock - 165.0 Herndon
Herndon,Week4,Woodley,Week4,252.0 Woodley - 150.0 Herndon
Hayfield Farm,Week2,Village West,Week4,265.0 Hayfield Farm - 132.0 Village West
Hiddenbrook,Week3,Dominion Hills,Week3,235.0 Dominion Hills - 167.0 Hiddenbrook
Hayfield Farm,Week1,Mansion House,Week5,230.0 Mansion House - 172.0 Hayfield Farm
Herndon,Week4,Fox Mill Woods,Week1,354.0 Fox Mill Woods - 48.0 Herndon
Herndon,Week4,Woodley,Week1,248.0 Woodley - 154.0 Herndon
Hayfield Farm,Week2,Mansion House,Week3,234.0 Mansion House - 168.0 Hayfield Farm
Herndon,Week5,Fox Mill Estates,Week5,307.0 Fox Mill Estates - 95.0 Herndon
Hayfield Farm,Week2,Village West,Week5,273.0 Hayfield Farm - 129.0 Village West
Herndon,Week1,Newington Forest,Week3,246.0 Newington Forest - 156.0 Herndon
Herndon,Week1,Newington Forest,Week2,240.0 Newington Forest - 152.0 Herndon
Hayfield Farm,Week3,Mansion House,Week5,219.0 Mansion House - 183.0 Hayfield Farm
Hiddenbrook,Week4,Dominion Hills,Week1,227.0 Dominion Hills - 175.0 Hiddenbrook
Hayfield Farm,Week5,Long Branch,Week1,235.0 Hayfield Farm - 167.0 Long Branch
Herndon,Week1,Lakevale Estates,Week2,337.0 Lakevale Estates - 65.0 Herndon
Hiddenbrook,Week4,Dominion Hills,Week2,237.0 Dominion Hills - 165.0 Hiddenbrook
Hiddenbrook,Week2,Arlington Forest,Week1,290.0 Arlington Forest - 112.0 Hiddenbrook
Herndon,Week1,Cottontail,Week4,292.0 Cottontail - 110.0 Herndon
Herndon,Week3,Fox Mill Estates,Week1,283.0 Fox Mill Estates - 119.0 Herndon
Herndon,Week1,Fox Mill Woods,Week4,356.0 Fox Mill Woods - 46.0 Herndon
Hayfield Farm,Week3,Mansion House,Week1,204.0 Hayfield Farm - 198.0 Mansion House
Herndon,Week1,Lakevale Estates,Week3,334.0 Lakevale Estates - 63.0 Herndon
Hayfield Farm,Week4,Village West,Week1,263.0 Hayfield Farm - 139.0 Village West
Herndon,Week2,Lakevale Estates,Week1,336.0 Lakevale Estates - 66.0 Herndon
Hayfield Farm,Week3,Village West,Week3,261.0 Hayfield Farm - 141.0 Village West
Hiddenbrook,Week4,Dominion Hills,Week3,236.0 Dominion Hills - 166.0 Hiddenbrook
Hiddenbrook,Week3,Arlington Forest,Week3,220.0 Arlington Forest - 182.0 Hiddenbrook
Herndon,Week2,Fox Mill Woods,Week1,342.0 Fox Mill Woods - 60.0 Herndon
Herndon,Week1,Cottontail,Week5,311.0 Cottontail - 91.0 Herndon
Herndon,Week3,Newington Forest,Week1,224.0 Newington Forest - 171.0 Herndon
Herndon,Week2,Cottontail,Week4,291.0 Cottontail - 111.0 Herndon
Herndon,Week1,Fox Mill Woods,Week5,351.0 Fox Mill Woods - 51.0 Herndon
Hiddenbrook,Week2,Arlington Forest,Week3,251.0 Arlington Forest - 151.0 Hiddenbrook
Herndon,Week2,Cottontail,Week1,294.0 Cottontail - 108.0 Herndon
Hiddenbrook,Week2,Arlington Forest,Week5,309.0 Arlington Forest - 88.0 Hiddenbrook
Hayfield Farm,Week3,Village West,Week1,284.0 Hayfield Farm - 118.0 Village West
Hiddenbrook,Week3,Arlington Forest,Week1,246.0 Arlington Forest - 156.0 Hiddenbrook
Herndon,Week3,Cottontail,Week2,291.0 Cottontail - 111.0 Herndon
Herndon,Week4,Fox Mill Estates,Week2,300.0 Fox Mill Estates - 102.0 Herndon
Hiddenbrook,Week4,Dominion Hills,Week5,271.0 Dominion Hills - 131.0 Hiddenbrook
Herndon,Week3,Lakeview,Week3,260.0 Lakeview - 142.0 Herndon
Herndon,Week2,Cottontail,Week2,284.0 Cottontail - 118.0 Herndon
Herndon,Week5,Mount Vernon Park,Week1,352.0 Mount Vernon Park - 50.0 Herndon
Herndon,Week1,Cottontail,Week2,288.0 Cottontail - 114.0 Herndon
Herndon,Week5,Newington Forest,Week2,241.0 Newington Forest - 156.0 Herndon
Herndon,Week4,Newington Forest,Week5,264.0 Newington Forest - 138.0 Herndon
Herndon,Week3,Commonwealth,Week1,232.0 Commonwealth - 158.0 Herndon
Herndon,Week2,Fox Mill Estates,Week5,293.0 Fox Mill Estates - 109.0 Herndon
Herndon,Week2,Lakeview,Week4,281.0 Lakeview - 121.0 Herndon
Herndon,Week2,Lakevale Estates,Week3,334.0 Lakevale Estates - 63.0 Herndon
Hiddenbrook,Week5,Dominion Hills,Week1,208.0 Dominion Hills - 194.0 Hiddenbrook
Herndon,Week2,Cottontail,Week3,293.0 Cottontail - 109.0 Herndon
Herndon,Week3,Lakeview,Week1,233.0 Lakeview - 169.0 Herndon
Hiddenbrook,Week4,Dominion Hills,Week4,253.0 Dominion Hills - 149.0 Hiddenbrook
Hayfield Farm,Week5,Long Branch,Week3,240.0 Hayfield Farm - 162.0 Long Branch
Hayfield Farm,Week5,Long Branch,Week5,214.0 Hayfield Farm - 188.0 Long Branch
Hiddenbrook,Week5,Dominion Hills,Week2,225.0 Dominion Hills - 177.0 Hiddenbrook
Hayfield Farm,Week2,Mansion House,Week1,231.5 Mansion House - 170.5 Hayfield Farm
Herndon,Week1,Fox Mill Woods,Week3,347.0 Fox Mill Woods - 55.0 Herndon
Hiddenbrook,Week3,Annandale,Week4,245.0 Hiddenbrook - 156.0 Annandale
Hiddenbrook,Week3,Arlington Forest,Week5,272.0 Arlington Forest - 130.0 Hiddenbrook
Hiddenbrook,Week1,Arlington Forest,Week3,226.0 Arlington Forest - 175.0 Hiddenbrook
Herndon,Week3,Newington Forest,Week5,279.0 Newington Forest - 123.0 Herndon
Hayfield Farm,Week1,Mansion House,Week1,231.0 Mansion House - 171.0 Hayfield Farm
Herndon,Week2,Fox Mill Woods,Week3,337.0 Fox Mill Woods - 65.0 Herndon
Herndon,Week5,Lakevale Estates,Week4,356.0 Lakevale Estates - 46.0 Herndon
Herndon,Week4,Newington Forest,Week1,223.0 Newington Forest - 176.0 Herndon
Hiddenbrook,Week5,Dominion Hills,Week3,229.0 Dominion Hills - 173.0 Hiddenbrook
Hayfield Farm,Week4,Long Branch,Week2,231.0 Hayfield Farm - 171.0 Long Branch
Herndon,Week1,Lakeview,Week1,230.0 Lakeview - 172.0 Herndon
Hayfield Farm,Week1,Mansion House,Week2,220.0 Mansion House - 182.0 Hayfield Farm
Hayfield Farm,Week1,Mansion House,Week4,211.0 Mansion House - 191.0 Hayfield Farm
Herndon,Week4,Commonwealth,Week3,285.0 Commonwealth - 115.0 Herndon
Hiddenbrook,Week5,Annandale,Week5,265.0 Hiddenbrook - 137.0 Annandale
Herndon,Week2,Fox Mill Estates,Week4,315.0 Fox Mill Estates - 86.0 Herndon
Herndon,Week3,Commonwealth,Week4,267.0 Commonwealth - 130.0 Herndon
Herndon,Week4,Newington Forest,Week4,261.0 Newington Forest - 141.0 Herndon
Herndon,Week5,Fox Mill Estates,Week3,297.0 Fox Mill Estates - 105.0 Herndon
Herndon,Week3,Lakevale Estates,Week3,341.0 Lakevale Estates - 56.0 Herndon
Hiddenbrook,Week3,Donaldson Run,Week1,300.0 Donaldson Run - 102.0 Hiddenbrook
Herndon,Week3,Fox Mill Estates,Week4,315.0 Fox Mill Estates - 86.0 Herndon
Herndon,Week3,Cottontail,Week5,315.0 Cottontail - 87.0 Herndon
Herndon,Week4,Fox Mill Estates,Week3,302.0 Fox Mill Estates - 100.0 Herndon
Herndon,Week3,Commonwealth,Week3,286.0 Commonwealth - 116.0 Herndon
Herndon,Week5,Newington Forest,Week3,259.0 Newington Forest - 143.0 Herndon
Hiddenbrook,Week5,Dominion Hills,Week5,266.0 Dominion Hills - 136.0 Hiddenbrook
Herndon,Week2,Fox Mill Woods,Week5,349.0 Fox Mill Woods - 53.0 Herndon
Hayfield Farm,Week3,Mansion House,Week3,203.0 Mansion House - 199.0 Hayfield Farm
Herndon,Week3,Commonwealth,Week5,286.0 Commonwealth - 116.0 Herndon
Hayfield Farm,Week3,Mansion House,Week4,223.5 Hayfield Farm - 177.5 Mansion House
Hayfield Farm,Week4,Mansion House,Week1,237.0 Mansion House - 165.0 Hayfield Farm
Hiddenbrook,Week5,Annandale,Week2,273.0 Hiddenbrook - 129.0 Annandale
Hiddenbrook,Week2,Donaldson Run,Week4,335.5 Donaldson Run - 65.5 Hiddenbrook
Hiddenbrook,Week4,Annandale,Week2,241.0 Hiddenbrook - 160.0 Annandale
Hiddenbrook,Week1,Donaldson Run,Week3,309.0 Donaldson Run - 93.0 Hiddenbrook
Herndon,Week5,Mount Vernon Park,Week2,363.0 Mount Vernon Park - 39.0 Herndon
Herndon,Week3,Lakeview,Week5,265.5 Lakeview - 127.5 Herndon
Hiddenbrook,Week1,Donaldson Run,Week4,323.0 Donaldson Run - 79.0 Hiddenbrook
Herndon,Week4,Newington Forest,Week3,255.0 Newington Forest - 147.0 Herndon
Herndon,Week4,Fox Mill Estates,Week5,309.0 Fox Mill Estates - 93.0 Herndon
Hiddenbrook,Week3,Annandale,Week3,222.0 Hiddenbrook - 180.0 Annandale
Herndon,Week3,Lakeview,Week4,283.0 Lakeview - 119.0 Herndon
Herndon,Week3,Lakevale Estates,Week5,353.0 Lakevale Estates - 49.0 Herndon
Hayfield Farm,Week3,Long Branch,Week5,234.0 Hayfield Farm - 168.0 Long Branch
Herndon,Week4,Lakevale Estates,Week4,356.0 Lakevale Estates - 46.0 Herndon
Hiddenbrook,Week4,Annandale,Week1,254.0 Hiddenbrook - 148.0 Annandale
Hiddenbrook,Week3,Annandale,Week1,251.0 Hiddenbrook - 151.0 Annandale
Hiddenbrook,Week1,Donaldson Run,Week5,341.0 Donaldson Run - 61.0 Hiddenbrook
Herndon,Week2,Newington Forest,Week3,255.0 Newington Forest - 147.0 Herndon
Herndon,Week2,Lakeview,Week1,236.0 Lakeview - 166.0 Herndon
Hiddenbrook,Week5,Annandale,Week1,279.0 Hiddenbrook - 123.0 Annandale
Hayfield Farm,Week3,Long Branch,Week4,251.0 Hayfield Farm - 151.0 Long Branch
Herndon,Week5,Fox Mill Estates,Week2,301.0 Fox Mill Estates - 101.0 Herndon
Herndon,Week1,Newington Forest,Week1,235.0 Newington Forest - 158.0 Herndon
Hiddenbrook,Week2,Donaldson Run,Week3,336.0 Donaldson Run - 66.0 Hiddenbrook
Hayfield Farm,Week4,Long Branch,Week3,258.0 Hayfield Farm - 144.0 Long Branch
Herndon,Week3,Commonwealth,Week2,280.0 Commonwealth - 122.0 Herndon
Hiddenbrook,Week2,Annandale,Week5,215.0 Annandale - 185.0 Hiddenbrook
Hayfield Farm,Week4,Long Branch,Week1,244.0 Hayfield Farm - 158.0 Long Branch
Herndon,Week1,Lakeview,Week3,252.0 Lakeview - 150.0 Herndon
Herndon,Week5,Commonwealth,Week3,276.0 Commonwealth - 124.0 Herndon
Hiddenbrook,Week4,Annandale,Week4,255.0 Hiddenbrook - 146.0 Annandale
Herndon,Week1,Newington Forest,Week5,258.0 Newington Forest - 143.0 Herndon
Herndon,Week1,Lakeview,Week4,273.0 Lakeview - 129.0 Herndon
Herndon,Week5,Mount Vernon Park,Week3,353.0 Mount Vernon Park - 48.0 Herndon
Herndon,Week5,Fox Mill Estates,Week4,310.0 Fox Mill Estates - 91.0 Herndon
Hiddenbrook,Week2,Donaldson Run,Week5,356.0 Donaldson Run - 46.0 Hiddenbrook
Herndon,Week4,Fox Mill Estates,Week4,314.0 Fox Mill Estates - 87.0 Herndon
Herndon,Week3,Fox Mill Estates,Week3,309.0 Fox Mill Estates - 92.0 Herndon
Herndon,Week1,North Springfield,Week1,188.0 Herndon - 147.0 North Springfield
Herndon,Week5,Commonwealth,Week5,268.0 Commonwealth - 134.0 Herndon
Hayfield Farm,Week3,Newington Forest,Week5,259.0 Hayfield Farm - 143.0 Newington Forest
Hiddenbrook,Week1,Arlington Forest,Week4,268.0 Arlington Forest - 134.0 Hiddenbrook
Hiddenbrook,Week3,Donaldson Run,Week2,305.0 Donaldson Run - 97.0 Hiddenbrook
Hiddenbrook,Week3,Donaldson Run,Week3,301.5 Donaldson Run - 100.5 Hiddenbrook
Herndon,Week3,Cottontail,Week1,300.0 Cottontail - 102.0 Herndon
Herndon,Week3,Lakevale Estates,Week2,352.0 Lakevale Estates - 50.0 Herndon
Herndon,Week4,Lakevale Estates,Week3,339.0 Lakevale Estates - 63.0 Herndon
Hiddenbrook,Week1,Donaldson Run,Week2,314.0 Donaldson Run - 88.0 Hiddenbrook
Herndon,Week5,Lakevale Estates,Week1,343.0 Lakevale Estates - 59.0 Herndon
Hiddenbrook,Week1,Arlington Forest,Week5,262.0 Arlington Forest - 140.0 Hiddenbrook
Hayfield Farm,Week4,Long Branch,Week4,250.0 Hayfield Farm - 152.0 Long Branch
Herndon,Week4,Cottontail,Week1,304.0 Cottontail - 98.0 Herndon
Herndon,Week2,Fox Mill Woods,Week4,351.0 Fox Mill Woods - 51.0 Herndon
Hiddenbrook,Week4,Donaldson Run,Week2,304.0 Donaldson Run - 98.0 Hiddenbrook
Hayfield Farm,Week3,Mansion House,Week2,209.0 Hayfield Farm - 193.0 Mansion House
Herndon,Week4,Fox Mill Estates,Week1,282.0 Fox Mill Estates - 120.0 Herndon
Hayfield Farm,Week5,Newington Forest,Week2,279.0 Hayfield Farm - 123.0 Newington Forest
Hiddenbrook,Week1,Donaldson Run,Week1,324.0 Donaldson Run - 78.0 Hiddenbrook
Hiddenbrook,Week4,Donaldson Run,Week1,303.0 Donaldson Run - 99.0 Hiddenbrook
Hayfield Farm,Week1,Newington Forest,Week1,274.0 Hayfield Farm - 128.0 Newington Forest
Herndon,Week5,Mount Vernon Park,Week4,357.0 Mount Vernon Park - 45.0 Herndon
Herndon,Week2,Newington Forest,Week4,255.0 Newington Forest - 147.0 Herndon
Hayfield Farm,Week5,Newington Forest,Week5,235.0 Hayfield Farm - 167.0 Newington Forest
Hiddenbrook,Week5,Annandale,Week3,263.0 Hiddenbrook - 139.0 Annandale
Herndon,Week3,Lakevale Estates,Week4,350.0 Lakevale Estates - 52.0 Herndon
Herndon,Week2,Fox Mill Woods,Week2,346.0 Fox Mill Woods - 56.0 Herndon
Herndon,Week4,Cottontail,Week2,292.0 Cottontail - 110.0 Herndon
Herndon,Week3,Newington Forest,Week3,250.0 Newington Forest - 152.0 Herndon
Hiddenbrook,Week1,Arlington Forest,Week2,235.0 Arlington Forest - 167.0 Hiddenbrook
Hayfield Farm,Week2,Mansion House,Week4,209.0 Mansion House - 193.0 Hayfield Farm
Herndon,Week3,Cottontail,Week4,297.0 Cottontail - 105.0 Herndon
Herndon,Week4,Cottontail,Week4,289.0 Cottontail - 113.0 Herndon
Herndon,Week3,Newington Forest,Week4,266.0 Newington Forest - 130.0 Herndon
Hayfield Farm,Week4,Newington Forest,Week2,300.0 Hayfield Farm - 102.0 Newington Forest
Hayfield Farm,Week4,Mansion House,Week2,219.0 Mansion House - 183.0 Hayfield Farm
Hiddenbrook,Week4,Annandale,Week5,237.0 Hiddenbrook - 165.0 Annandale
Herndon,Week2,Lakeview,Week2,258.0 Lakeview - 144.0 Herndon
Herndon,Week5,Fox Mill Estates,Week1,283.0 Fox Mill Estates - 119.0 Herndon
Hiddenbrook,Week1,Arlington Forest,Week1,263.0 Arlington Forest - 139.0 Hiddenbrook
Herndon,Week1,North Springfield,Week4,193.0 Herndon - 185.0 North Springfield
Herndon,Week5,Lakevale Estates,Week2,345.0 Lakevale Estates - 57.0 Herndon
Hayfield Farm,Week2,Mansion House,Week5,231.5 Mansion House - 170.5 Hayfield Farm
Herndon,Week4,Lakevale Estates,Week1,343.0 Lakevale Estates - 59.0 Herndon
Herndon,Week5,Cottontail,Week2,302.0 Cottontail - 100.0 Herndon
Herndon,Week3,Fox Mill Woods,Week3,352.0 Fox Mill Woods - 50.0 Herndon
Hayfield Farm,Week5,Newington Forest,Week1,279.0 Hayfield Farm - 123.0 Newington Forest
Hiddenbrook,Week2,Donaldson Run,Week2,337.0 Donaldson Run - 64.0 Hiddenbrook
Hayfield Farm,Week5,Long Branch,Week4,233.0 Hayfield Farm - 169.0 Long Branch
Herndon,Week3,Fox Mill Woods,Week1,353.0 Fox Mill Woods - 49.0 Herndon
Hayfield Farm,Week1,North Springfield,Week5,260.0 Hayfield Farm - 114.0 North Springfield
Herndon,Week5,Cottontail,Week1,301.0 Cottontail - 101.0 Herndon
Herndon,Week4,Cottontail,Week3,295.0 Cottontail - 107.0 Herndon
Herndon,Week1,North Springfield,Week2,194.0 North Springfield - 182.0 Herndon
Hiddenbrook,Week3,Donaldson Run,Week4,306.0 Donaldson Run - 96.0 Hiddenbrook
Herndon,Week4,Lakevale Estates,Week5,348.0 Lakevale Estates - 54.0 Herndon
Hiddenbrook,Week4,Annandale,Week3,232.5 Hiddenbrook - 169.5 Annandale
Herndon,Week4,Fox Mill Woods,Week2,354.5 Fox Mill Woods - 47.5 Herndon
Hayfield Farm,Week2,North Springfield,Week5,280.0 Hayfield Farm - 94.0 North Springfield
Hiddenbrook,Week4,Donaldson Run,Week3,305.0 Donaldson Run - 97.0 Hiddenbrook
Hiddenbrook,Week3,Donaldson Run,Week5,329.0 Donaldson Run - 73.0 Hiddenbrook
Herndon,Week3,Fox Mill Woods,Week2,353.0 Fox Mill Woods - 49.0 Herndon
Herndon,Week5,Newington Forest,Week1,237.0 Newington Forest - 161.0 Herndon
Herndon,Week4,Newington Forest,Week2,238.0 Newington Forest - 160.0 Herndon
Herndon,Week3,Cottontail,Week3,298.0 Cottontail - 104.0 Herndon
Herndon,Week5,Newington Forest,Week4,267.0 Newington Forest - 135.0 Herndon
Herndon,Week5,Lakevale Estates,Week3,342.0 Lakevale Estates - 60.0 Herndon
Hiddenbrook,Week3,Annandale,Week5,231.0 Hiddenbrook - 171.0 Annandale
Hiddenbrook,Week2,Donaldson Run,Week1,329.0 Donaldson Run - 73.0 Hiddenbrook
Hayfield Farm,Week5,Long Branch,Week2,218.0 Hayfield Farm - 184.0 Long Branch
Hayfield Farm,Week1,Newington Forest,Week4,251.0 Hayfield Farm - 151.0 Newington Forest
Herndon,Week4,Cottontail,Week5,313.0 Cottontail - 89.0 Herndon
Herndon,Week3,Fox Mill Woods,Week5,362.0 Fox Mill Woods - 40.0 Herndon
Hiddenbrook,Week5,Annandale,Week4,277.0 Hiddenbrook - 125.0 Annandale
Hiddenbrook,Week3,Annandale,Week2,241.0 Hiddenbrook - 160.0 Annandale
Herndon,Week4,Lakevale Estates,Week2,351.0 Lakevale Estates - 51.0 Herndon
Hayfield Farm,Week5,Mount Vernon Park,Week5,292.0 Mount Vernon Park - 110.0 Hayfield Farm
Hayfield Farm,Week2,Mansion House,Week2,225.0 Mansion House - 177.0 Hayfield Farm
Hayfield Farm,Week1,Mansion House,Week3,235.0 Mansion House - 167.0 Hayfield Farm
Herndon,Week1,Country Club Hills,Week2,288.0 Country Club Hills - 114.0 Herndon
Hayfield Farm,Week3,Little Hunting Park,Week2,250.0 Hayfield Farm - 152.0 Little Hunting Park
Herndon,Week1,Oakton ,Week5,373.0 Oakton - 29.0 Herndon
Herndon,Week2,Oakton ,Week1,354.0 Oakton - 43.0 Herndon
Herndon,Week4,Fox Mill Woods,Week5,359.0 Fox Mill Woods - 43.0 Herndon
Hayfield Farm,Week3,Newington Forest,Week2,291.0 Hayfield Farm - 111.0 Newington Forest
Hayfield Farm,Week2,Newington Forest,Week5,250.0 Hayfield Farm - 152.0 Newington Forest
Herndon,Week3,Country Club Hills,Week1,315.0 Country Club Hills - 87.0 Herndon
Herndon,Week1,Lakeview,Week2,240.0 Lakeview - 161.0 Herndon
Hayfield Farm,Week1,Little Hunting Park,Week1,251.0 Hayfield Farm - 151.0 Little Hunting Park
Hiddenbrook,Week5,Donaldson Run,Week1,281.0 Donaldson Run - 121.0 Hiddenbrook
Herndon,Week1,Lakeview,Week5,252.0 Lakeview - 140.0 Herndon
Hayfield Farm,Week3,Little Hunting Park,Week5,240.0 Hayfield Farm - 162.0 Little Hunting Park
Herndon,Week2,Country Club Hills,Week4,298.0 Country Club Hills - 104.0 Herndon
Herndon,Week2,North Springfield,Week3,212.0 North Springfield - 175.0 Herndon
Hiddenbrook,Week2,Arlington Forest,Week4,309.0 Arlington Forest - 93.0 Hiddenbrook
Hayfield Farm,Week1,Little Hunting Park,Week3,253.0 Hayfield Farm - 149.0 Little Hunting Park
Herndon,Week4,Fox Mill Woods,Week3,342.0 Fox Mill Woods - 60.0 Herndon
Hiddenbrook,Week2,Arlington Forest,Week2,285.0 Arlington Forest - 111.0 Hiddenbrook
Hiddenbrook,Week3,Arlington Forest,Week2,223.0 Arlington Forest - 179.0 Hiddenbrook
Hiddenbrook,Week4,Donaldson Run,Week4,310.0 Donaldson Run - 92.0 Hiddenbrook
Herndon,Week4,Fox Mill Woods,Week4,363.0 Fox Mill Woods - 39.0 Herndon
Herndon,Week1,Oakton ,Week4,371.0 Oakton - 31.0 Herndon
Herndon,Week5,Cottontail,Week5,314.0 Cottontail - 88.0 Herndon
Herndon,Week5,Lakevale Estates,Week5,350.0 Lakevale Estates - 52.0 Herndon
Hayfield Farm,Week4,Newington Forest,Week4,264.0 Hayfield Farm - 138.0 Newington Forest
Hiddenbrook,Week4,Donaldson Run,Week5,332.5 Donaldson Run - 69.5 Hiddenbrook
Herndon,Week5,Cottontail,Week4,293.0 Cottontail - 109.0 Herndon
Herndon,Week1,Great Falls,Week4,283.0 Great Falls - 107.0 Herndon
Herndon,Week3,Great Falls,Week1,286.0 Great Falls - 115.0 Herndon
Herndon,Week5,Country Club Hills,Week3,287.0 Country Club Hills - 115.0 Herndon
Herndon,Week2,Lakeview,Week5,259.0 Lakeview - 134.0 Herndon
Herndon,Week1,Country Club Hills,Week5,321.0 Country Club Hills - 81.0 Herndon
Herndon,Week2,Lakeview,Week3,260.0 Lakeview - 142.0 Herndon
Hiddenbrook,Week4,Arlington Forest,Week1,253.0 Arlington Forest - 149.0 Hiddenbrook
Hayfield Farm,Week2,Newington Forest,Week4,261.0 Hayfield Farm - 141.0 Newington Forest
Hiddenbrook,Week3,Dowden Terrace,Week2,238.0 Dowden Terrace - 164.0 Hiddenbrook
Hayfield Farm,Week3,Lincolnia Park,Week4,326.0 Hayfield Farm - 72.0 Lincolnia Park
Hiddenbrook,Week4,Brandywine,Week2,224.0 Brandywine - 178.0 Hiddenbrook
Hiddenbrook,Week5,Dowden Terrace,Week1,217.0 Dowden Terrace - 184.0 Hiddenbrook
Herndon,Week4,North Springfield,Week2,198.0 Herndon - 185.0 North Springfield
Hiddenbrook,Week4,Dowden Terrace,Week4,226.0 Dowden Terrace - 176.0 Hiddenbrook
Hiddenbrook,Week3,Arlington Forest,Week4,251.0 Arlington Forest - 151.0 Hiddenbrook
Hayfield Farm,Week5,Lincolnia Park,Week5,289.0 Hayfield Farm - 104.0 Lincolnia Park
Herndon,Week3,Lakeview,Week2,258.0 Lakeview - 144.0 Herndon
Herndon,Week2,Oakton ,Week2,363.0 Oakton - 39.0 Herndon
Hayfield Farm,Week4,Lincolnia Park,Week1,339.0 Hayfield Farm - 63.0 Lincolnia Park
Herndon,Week2,Country Club Hills,Week5,322.0 Country Club Hills - 80.0 Herndon
Hayfield Farm,Week1,North Springfield,Week1,285.0 Hayfield Farm - 66.0 North Springfield
Herndon,Week1,Great Falls,Week2,287.0 Great Falls - 95.0 Herndon
Hayfield Farm,Week3,Lincolnia Park,Week1,331.0 Hayfield Farm - 67.0 Lincolnia Park
Hiddenbrook,Week5,Dowden Terrace,Week4,233.0 Dowden Terrace - 169.0 Hiddenbrook
Herndon,Week1,Langley,Week5,345.0 Langley - 57.0 Herndon
Herndon,Week2,Great Falls,Week4,283.0 Great Falls - 110.0 Herndon
Herndon,Week2,North Springfield,Week5,196.0 North Springfield - 165.0 Herndon
Hayfield Farm,Week2,Newington Forest,Week3,280.0 Hayfield Farm - 122.0 Newington Forest
Hayfield Farm,Week2,North Springfield,Week4,311.0 Hayfield Farm - 81.0 North Springfield
Herndon,Week4,North Springfield,Week1,215.0 Herndon - 132.0 North Springfield
Hiddenbrook,Week3,Brandywine,Week1,207.0 Brandywine - 195.0 Hiddenbrook
Hayfield Farm,Week1,North Springfield,Week3,287.0 Hayfield Farm - 110.0 North Springfield
Herndon,Week4,Country Club Hills,Week5,321.0 Country Club Hills - 81.0 Herndon
Herndon,Week3,North Springfield,Week2,195.0 North Springfield - 190.0 Herndon
Herndon,Week4,Great Falls,Week5,307.0 Great Falls - 94.0 Herndon
Herndon,Week1,Country Club Hills,Week1,305.0 Country Club Hills - 97.0 Herndon
Hayfield Farm,Week1,Newington Forest,Week5,248.0 Hayfield Farm - 154.0 Newington Forest
Hiddenbrook,Week5,Arlington Forest,Week3,210.0 Arlington Forest - 192.0 Hiddenbrook
Herndon,Week4,Langley,Week5,343.0 Langley - 59.0 Herndon
Hiddenbrook,Week2,Dowden Terrace,Week5,300.0 Dowden Terrace - 101.0 Hiddenbrook
Herndon,Week4,Great Falls,Week3,308.0 Great Falls - 94.0 Herndon
Hayfield Farm,Week2,Newington Forest,Week1,290.0 Hayfield Farm - 112.0 Newington Forest
Hayfield Farm,Week5,Newington Forest,Week4,256.0 Hayfield Farm - 146.0 Newington Forest
Hayfield Farm,Week4,Lincolnia Park,Week5,303.0 Hayfield Farm - 90.0 Lincolnia Park
Herndon,Week2,North Springfield,Week1,200.0 Herndon - 140.0 North Springfield
Hiddenbrook,Week1,Dowden Terrace,Week1,240.0 Dowden Terrace - 158.0 Hiddenbrook
Herndon,Week2,Great Falls,Week3,314.0 Great Falls - 83.0 Herndon
Hiddenbrook,Week1,Dunn Loring,Week3,327.0 Dunn Loring - 75.0 Hiddenbrook
Hiddenbrook,Week1,Dunn Loring,Week1,291.0 Dunn Loring - 111.0 Hiddenbrook
Hayfield Farm,Week5,Lincolnia Park,Week3,278.0 Hayfield Farm - 115.0 Lincolnia Park
Herndon,Week4,North Springfield,Week5,192.0 North Springfield - 174.0 Herndon
Herndon,Week5,Fox Mill Woods,Week3,340.0 Fox Mill Woods - 62.0 Herndon
Hayfield Farm,Week5,Lincolnia Park,Week4,318.0 Hayfield Farm - 84.0 Lincolnia Park
Herndon,Week1,Langley,Week1,342.0 Langley - 60.0 Herndon
Herndon,Week4,Country Club Hills,Week1,316.0 Country Club Hills - 86.0 Herndon
Hiddenbrook,Week5,Arlington Forest,Week4,234.0 Arlington Forest - 168.0 Hiddenbrook
Hayfield Farm,Week4,Lincolnia Park,Week2,330.0 Hayfield Farm - 63.0 Lincolnia Park
Hiddenbrook,Week5,Arlington Forest,Week2,209.0 Arlington Forest - 193.0 Hiddenbrook
Herndon,Week5,Lakeview,Week2,254.0 Lakeview - 148.0 Herndon
Herndon,Week4,Great Falls,Week4,284.5 Great Falls - 115.5 Herndon
Hiddenbrook,Week4,Arlington Forest,Week2,226.0 Arlington Forest - 176.0 Hiddenbrook
Herndon,Week2,North Springfield,Week2,191.0 Herndon - 190.0 North Springfield
Hayfield Farm,Week3,Newington Forest,Week1,296.0 Hayfield Farm - 106.0 Newington Forest
Herndon,Week2,Country Club Hills,Week1,313.0 Country Club Hills - 89.0 Herndon
Hayfield Farm,Week5,Lincolnia Park,Week1,314.0 Hayfield Farm - 88.0 Lincolnia Park
Herndon,Week2,Langley,Week1,349.5 Langley - 52.5 Herndon
Herndon,Week4,Langley,Week3,351.0 Langley - 51.0 Herndon
Hayfield Farm,Week1,Newington Forest,Week3,266.0 Hayfield Farm - 136.0 Newington Forest
Hiddenbrook,Week4,Arlington Forest,Week3,216.0 Arlington Forest - 186.0 Hiddenbrook
Herndon,Week5,North Springfield,Week1,209.0 Herndon - 133.0 North Springfield
Herndon,Week5,Cottontail,Week3,296.0 Cottontail - 106.0 Herndon
Hiddenbrook,Week3,Dowden Terrace,Week4,257.0 Dowden Terrace - 145.0 Hiddenbrook
Hayfield Farm,Week3,Lincolnia Park,Week5,306.0 Hayfield Farm - 87.0 Lincolnia Park
Herndon,Week2,North Springfield,Week4,209.0 Herndon - 172.0 North Springfield
Herndon,Week4,Country Club Hills,Week3,292.0 Country Club Hills - 110.0 Herndon
Hayfield Farm,Week1,Little Hunting Park,Week2,256.0 Hayfield Farm - 146.0 Little Hunting Park
Herndon,Week2,Great Falls,Week2,282.0 Great Falls - 101.0 Herndon
Herndon,Week1,Langley,Week2,341.0 Langley - 61.0 Herndon
Hayfield Farm,Week3,Newington Forest,Week3,285.0 Hayfield Farm - 117.0 Newington Forest
Herndon,Week3,North Springfield,Week1,207.0 Herndon - 142.0 North Springfield
Herndon,Week4,Country Club Hills,Week4,301.0 Country Club Hills - 101.0 Herndon
Herndon,Week5,North Springfield,Week3,195.0 North Springfield - 193.0 Herndon
Herndon,Week3,Great Falls,Week5,308.0 Great Falls - 88.0 Herndon
Hiddenbrook,Week5,Donaldson Run,Week2,282.0 Donaldson Run - 120.0 Hiddenbrook
Hiddenbrook,Week1,Dowden Terrace,Week2,246.0 Dowden Terrace - 156.0 Hiddenbrook
Herndon,Week5,Lakeview,Week4,271.0 Lakeview - 131.0 Herndon
Herndon,Week4,Lakeview,Week3,265.0 Lakeview - 137.0 Herndon
Hiddenbrook,Week1,Brandywine,Week5,260.0 Brandywine - 142.0 Hiddenbrook
Hiddenbrook,Week3,Dowden Terrace,Week1,239.0 Dowden Terrace - 158.0 Hiddenbrook
Hiddenbrook,Week3,Brandywine,Week4,238.0 Brandywine - 164.0 Hiddenbrook
Hiddenbrook,Week5,Donaldson Run,Week4,291.0 Donaldson Run - 111.0 Hiddenbrook
Hayfield Farm,Week3,Newington Forest,Week4,269.0 Hayfield Farm - 133.0 Newington Forest
Herndon,Week1,Country Club Hills,Week3,292.0 Country Club Hills - 110.0 Herndon
Hayfield Farm,Week3,Lincolnia Park,Week2,324.0 Hayfield Farm - 69.0 Lincolnia Park
Hiddenbrook,Week2,Brandywine,Week1,274.5 Brandywine - 121.5 Hiddenbrook
Hiddenbrook,Week2,Brandywine,Week3,272.0 Brandywine - 125.0 Hiddenbrook
Herndon,Week3,Great Falls,Week4,277.0 Great Falls - 120.0 Herndon
Herndon,Week1,Great Falls,Week1,286.0 Great Falls - 109.0 Herndon
Hayfield Farm,Week2,Newington Forest,Week2,278.0 Hayfield Farm - 124.0 Newington Forest
Herndon,Week3,Great Falls,Week2,290.0 Great Falls - 94.0 Herndon
Herndon,Week2,Great Falls,Week5,312.0 Great Falls - 82.0 Herndon
Hayfield Farm,Week2,Little Hunting Park,Week2,244.5 Hayfield Farm - 157.5 Little Hunting Park
Hiddenbrook,Week5,Arlington Forest,Week1,227.0 Arlington Forest - 175.0 Hiddenbrook
Hayfield Farm,Week4,Lincolnia Park,Week4,329.0 Hayfield Farm - 73.0 Lincolnia Park
Herndon,Week2,Country Club Hills,Week3,295.0 Country Club Hills - 107.0 Herndon
Herndon,Week5,Lakeview,Week5,263.0 Lakeview - 130.0 Herndon
Hayfield Farm,Week5,Lincolnia Park,Week2,317.0 Hayfield Farm - 76.0 Lincolnia Park
Herndon,Week3,North Springfield,Week5,199.0 North Springfield - 168.0 Herndon
Herndon,Week5,Fox Mill Woods,Week2,349.0 Fox Mill Woods - 53.0 Herndon
Herndon,Week4,Lakeview,Week5,259.5 Lakeview - 133.5 Herndon
Herndon,Week4,Crosspointe,Week2,354.0 Crosspointe - 48.0 Herndon
Hiddenbrook,Week1,Dowden Terrace,Week5,271.0 Dowden Terrace - 131.0 Hiddenbrook
Hayfield Farm,Week1,Little Hunting Park,Week4,258.0 Hayfield Farm - 144.0 Little Hunting Park
Hiddenbrook,Week4,Arlington Forest,Week4,256.0 Arlington Forest - 146.0 Hiddenbrook
Herndon,Week3,Crosspointe,Week5,362.0 Crosspointe - 40.0 Herndon
Herndon,Week1,Langley,Week3,349.0 Langley - 53.0 Herndon
Hiddenbrook,Week2,Brandywine,Week2,284.0 Brandywine - 114.0 Hiddenbrook
Hayfield Farm,Week4,Newington Forest,Week3,297.0 Hayfield Farm - 105.0 Newington Forest
Herndon,Week5,North Springfield,Week4,219.0 Herndon - 164.0 North Springfield
Herndon,Week1,Langley,Week4,344.0 Langley - 58.0 Herndon
Hiddenbrook,Week4,Dowden Terrace,Week1,235.0 Dowden Terrace - 166.0 Hiddenbrook
Herndon,Week2,Langley,Week2,339.0 Langley - 63.0 Herndon
Hayfield Farm,Week4,Newington Forest,Week1,300.0 Hayfield Farm - 102.0 Newington Forest
Herndon,Week4,North Springfield,Week4,222.0 Herndon - 162.0 North Springfield
Herndon,Week5,Country Club Hills,Week2,301.0 Country Club Hills - 101.0 Herndon
Herndon,Week5,North Springfield,Week2,193.5 Herndon - 188.5 North Springfield
Herndon,Week1,Great Falls,Week5,308.0 Great Falls - 82.0 Herndon
Hiddenbrook,Week5,Donaldson Run,Week3,277.5 Donaldson Run - 124.5 Hiddenbrook
Hayfield Farm,Week4,Newington Forest,Week5,259.0 Hayfield Farm - 143.0 Newington Forest
Hiddenbrook,Week4,Brandywine,Week1,217.0 Brandywine - 185.0 Hiddenbrook
Hayfield Farm,Week1,Newington Forest,Week2,271.0 Hayfield Farm - 131.0 Newington Forest
Hiddenbrook,Week2,Dowden Terrace,Week2,277.0 Dowden Terrace - 125.0 Hiddenbrook
Herndon,Week2,Country Club Hills,Week2,303.5 Country Club Hills - 98.5 Herndon
Hiddenbrook,Week5,Donaldson Run,Week5,323.0 Donaldson Run - 79.0 Hiddenbrook
Hayfield Farm,Week2,North Springfield,Week1,300.0 Hayfield Farm - 51.0 North Springfield
Hayfield Farm,Week1,Little Hunting Park,Week5,219.0 Hayfield Farm - 183.0 Little Hunting Park
Herndon,Week3,North Springfield,Week3,211.0 North Springfield - 180.0 Herndon
Herndon,Week5,Great Falls,Week5,304.0 Great Falls - 96.0 Herndon
Hiddenbrook,Week4,Arlington Forest,Week5,267.0 Arlington Forest - 135.0 Hiddenbrook
Herndon,Week2,Langley,Week3,343.0 Langley - 59.0 Herndon
Herndon,Week4,North Springfield,Week3,197.0 North Springfield - 193.0 Herndon
Hiddenbrook,Week3,Dowden Terrace,Week3,233.0 Dowden Terrace - 169.0 Hiddenbrook
Herndon,Week3,North Springfield,Week4,204.0 Herndon - 178.0 North Springfield
Herndon,Week2,Greenbriar,Week2,338.0 Greenbriar - 63.0 Herndon
Hayfield Farm,Week5,Newington Forest,Week3,279.0 Hayfield Farm - 123.0 Newington Forest
Hiddenbrook,Week2,Dowden Terrace,Week3,274.0 Dowden Terrace - 128.0 Hiddenbrook
Herndon,Week5,North Springfield,Week5,191.0 North Springfield - 173.0 Herndon
Hayfield Farm,Week3,Lincolnia Park,Week3,305.0 Hayfield Farm - 88.0 Lincolnia Park
Herndon,Week1,Country Club Hills,Week4,291.0 Country Club Hills - 111.0 Herndon
Herndon,Week1,Crosspointe,Week1,358.0 Crosspointe - 44.0 Herndon
Hayfield Farm,Week4,Lincolnia Park,Week3,300.0 Hayfield Farm - 93.0 Lincolnia Park
Hiddenbrook,Week1,Brandywine,Week3,253.0 Brandywine - 148.0 Hiddenbrook
Hiddenbrook,Week1,Dowden Terrace,Week3,246.5 Dowden Terrace - 155.5 Hiddenbrook
Herndon,Week4,Lakeview,Week4,277.0 Lakeview - 125.0 Herndon
Hayfield Farm,Week1,North Springfield,Week2,293.0 Hayfield Farm - 95.0 North Springfield
Hiddenbrook,Week3,Brandywine,Week3,225.0 Brandywine - 172.0 Hiddenbrook
Herndon,Week5,Lakeview,Week3,249.5 Lakeview - 152.5 Herndon
Hayfield Farm,Week2,Little Hunting Park,Week3,257.0 Hayfield Farm - 145.0 Little Hunting Park
Herndon,Week2,Langley,Week4,350.0 Langley - 52.0 Herndon
Hayfield Farm,Week2,Little Hunting Park,Week1,253.0 Hayfield Farm - 149.0 Little Hunting Park
Herndon,Week1,Great Falls,Week3,308.0 Great Falls - 88.0 Herndon
Hiddenbrook,Week5,Arlington Forest,Week5,237.0 Arlington Forest - 165.0 Hiddenbrook
Herndon,Week3,Country Club Hills,Week2,305.0 Country Club Hills - 97.0 Herndon
Hiddenbrook,Week1,Brandywine,Week2,248.0 Brandywine - 154.0 Hiddenbrook
Herndon,Week3,Country Club Hills,Week3,295.0 Country Club Hills - 107.0 Herndon
Herndon,Week3,Greenbriar,Week2,343.0 Greenbriar - 59.0 Herndon
Herndon,Week2,Greenbriar,Week1,331.0 Greenbriar - 71.0 Herndon
Herndon,Week1,Oakton ,Week1,352.0 Oakton - 45.0 Herndon
Hiddenbrook,Week1,Dowden Terrace,Week4,249.0 Dowden Terrace - 153.0 Hiddenbrook
Hayfield Farm,Week1,North Springfield,Week4,304.0 Hayfield Farm - 88.0 North Springfield
Herndon,Week3,Langley,Week1,350.0 Langley - 52.0 Herndon
Hayfield Farm,Week2,North Springfield,Week2,297.0 Hayfield Farm - 91.0 North Springfield
Herndon,Week2,Langley,Week5,331.0 Langley - 71.0 Herndon
Herndon,Week2,Crosspointe,Week1,351.0 Crosspointe - 51.0 Herndon
Hayfield Farm,Week3,Little Hunting Park,Week1,261.0 Hayfield Farm - 141.0 Little Hunting Park
Hayfield Farm,Week2,Little Hunting Park,Week5,231.0 Hayfield Farm - 171.0 Little Hunting Park
Herndon,Week1,Greenbriar,Week4,318.0 Greenbriar - 84.0 Herndon
Herndon,Week1,Old Keene Mill,Week5,294.0 Old Keene Mill - 106.0 Herndon
Hayfield Farm,Week2,Little Hunting Park,Week4,260.0 Hayfield Farm - 142.0 Little Hunting Park
Herndon,Week1,Oakton ,Week3,362.0 Oakton - 40.0 Herndon
Hayfield Farm,Week3,North Springfield,Week3,293.0 Hayfield Farm - 104.0 North Springfield
Herndon,Week2,Crosspointe,Week2,344.0 Crosspointe - 58.0 Herndon
Hiddenbrook,Week1,Brandywine,Week1,236.0 Brandywine - 166.0 Hiddenbrook
Herndon,Week3,Langley,Week2,345.0 Langley - 57.0 Herndon
Herndon,Week4,Lakeview,Week2,259.0 Lakeview - 143.0 Herndon
Herndon,Week4,Great Falls,Week2,280.0 Great Falls - 103.0 Herndon
Herndon,Week1,Crosspointe,Week2,349.0 Crosspointe - 53.0 Herndon
Hiddenbrook,Week1,Brandywine,Week4,254.0 Brandywine - 148.0 Hiddenbrook
Hiddenbrook,Week2,Dowden Terrace,Week1,264.0 Dowden Terrace - 137.0 Hiddenbrook
Herndon,Week1,Oakton ,Week2,368.0 Oakton - 34.0 Herndon
Herndon,Week4,Country Club Hills,Week2,299.0 Country Club Hills - 103.0 Herndon
Hiddenbrook,Week3,Dowden Terrace,Week5,256.0 Dowden Terrace - 146.0 Hiddenbrook
Hayfield Farm,Week3,Little Hunting Park,Week3,264.0 Hayfield Farm - 138.0 Little Hunting Park
Hayfield Farm,Week2,North Springfield,Week3,290.0 Hayfield Farm - 107.0 North Springfield
Herndon,Week5,Fox Mill Woods,Week1,344.0 Fox Mill Woods - 58.0 Herndon
Herndon,Week1,Old Keene Mill,Week3,291.0 Old Keene Mill - 111.0 Herndon
Hiddenbrook,Week2,Brandywine,Week4,284.0 Brandywine - 118.0 Hiddenbrook
Hayfield Farm,Week5,North Springfield,Week3,296.0 Hayfield Farm - 101.0 North Springfield
Hiddenbrook,Week2,Dowden Terrace,Week4,282.0 Dowden Terrace - 115.0 Hiddenbrook
Herndon,Week1,Old Keene Mill,Week2,285.0 Old Keene Mill - 112.0 Herndon
Hiddenbrook,Week4,Dowden Terrace,Week5,247.0 Dowden Terrace - 155.0 Hiddenbrook
Herndon,Week3,Country Club Hills,Week4,299.0 Country Club Hills - 103.0 Herndon
Herndon,Week2,Crosspointe,Week4,357.0 Crosspointe - 45.0 Herndon
Hayfield Farm,Week4,Little Hunting Park,Week1,262.0 Hayfield Farm - 140.0 Little Hunting Park
Herndon,Week3,Country Club Hills,Week5,332.0 Country Club Hills - 70.0 Herndon
Hayfield Farm,Week5,North Springfield,Week4,307.0 Hayfield Farm - 85.0 North Springfield
Herndon,Week3,Great Falls,Week3,310.0 Great Falls - 87.0 Herndon
Hayfield Farm,Week4,Little Hunting Park,Week3,267.0 Hayfield Farm - 135.0 Little Hunting Park
Herndon,Week2,Old Keene Mill,Week5,284.0 Old Keene Mill - 117.0 Herndon
Hayfield Farm,Week4,North Springfield,Week2,297.0 Hayfield Farm - 91.0 North Springfield
Herndon,Week2,Great Falls,Week1,285.0 Great Falls - 112.0 Herndon
Hayfield Farm,Week4,Little Hunting Park,Week5,241.0 Hayfield Farm - 161.0 Little Hunting Park
Hiddenbrook,Week3,Brandywine,Week5,243.0 Brandywine - 159.0 Hiddenbrook
Herndon,Week3,Langley,Week3,354.0 Langley - 48.0 Herndon
Hiddenbrook,Week4,Dowden Terrace,Week3,221.0 Dowden Terrace - 181.0 Hiddenbrook
Hiddenbrook,Week2,Brandywine,Week5,300.0 Brandywine - 101.0 Hiddenbrook
Hiddenbrook,Week4,Dowden Terrace,Week2,229.0 Dowden Terrace - 173.0 Hiddenbrook
Hiddenbrook,Week4,Brandywine,Week3,229.0 Brandywine - 173.0 Hiddenbrook
Herndon,Week2,Old Keene Mill,Week2,279.0 Old Keene Mill - 123.0 Herndon
Hiddenbrook,Week3,Brandywine,Week2,217.0 Brandywine - 185.0 Hiddenbrook
Herndon,Week4,Lakeview,Week1,246.0 Lakeview - 156.0 Herndon
Hayfield Farm,Week3,Little Hunting Park,Week4,272.0 Hayfield Farm - 130.0 Little Hunting Park
Hayfield Farm,Week3,North Springfield,Week2,297.0 Hayfield Farm - 86.0 North Springfield
Hayfield Farm,Week2,Oakton ,Week5,278.0 Oakton - 124.0 Hayfield Farm
Herndon,Week3,Langley,Week4,356.0 Langley - 46.0 Herndon
Herndon,Week4,Oakton ,Week5,367.0 Oakton - 35.0 Herndon
Herndon,Week5,Fox Mill Woods,Week4,365.0 Fox Mill Woods - 37.0 Herndon
Herndon,Week3,Langley,Week5,342.0 Langley - 60.0 Herndon
Herndon,Week5,Fox Mill Woods,Week5,359.0 Fox Mill Woods - 43.0 Herndon
Herndon,Week5,Country Club Hills,Week1,311.0 Country Club Hills - 91.0 Herndon
Hayfield Farm,Week2,Oakton ,Week3,267.0 Oakton - 135.0 Hayfield Farm
Hiddenbrook,Week5,Dowden Terrace,Week2,216.0 Dowden Terrace - 186.0 Hiddenbrook
Herndon,Week3,Crosspointe,Week1,359.0 Crosspointe - 43.0 Herndon
Herndon,Week4,Langley,Week2,342.0 Langley - 60.0 Herndon
Hiddenbrook,Week1,Dunn Loring,Week2,322.0 Dunn Loring - 80.0 Hiddenbrook
Hayfield Farm,Week4,Little Hunting Park,Week4,267.0 Hayfield Farm - 135.0 Little Hunting Park
Hiddenbrook,Week5,Brandywine,Week1,201.0 Brandywine - 201.0 Hiddenbrook
Herndon,Week4,Langley,Week1,353.0 Langley - 49.0 Herndon
Hayfield Farm,Week2,Oakton ,Week4,275.5 Oakton - 126.5 Hayfield Farm
Hayfield Farm,Week5,Little Hunting Park,Week1,261.0 Hayfield Farm - 141.0 Little Hunting Park
Herndon,Week2,Old Keene Mill,Week3,268.0 Old Keene Mill - 134.0 Herndon
Hiddenbrook,Week4,Dunn Loring,Week3,312.0 Dunn Loring - 90.0 Hiddenbrook
Hiddenbrook,Week4,Brandywine,Week4,225.0 Brandywine - 177.0 Hiddenbrook
Hayfield Farm,Week3,Oakton ,Week1,248.0 Oakton - 154.0 Hayfield Farm
Herndon,Week2,Crosspointe,Week3,344.0 Crosspointe - 58.0 Herndon
Hiddenbrook,Week5,Brandywine,Week2,221.0 Brandywine - 181.0 Hiddenbrook
Hiddenbrook,Week4,Brandywine,Week5,240.0 Brandywine - 162.0 Hiddenbrook
Hayfield Farm,Week3,Oakton ,Week2,263.0 Oakton - 139.0 Hayfield Farm
Herndon,Week3,Greenbriar,Week1,336.0 Greenbriar - 66.0 Herndon
Hayfield Farm,Week5,Little Hunting Park,Week4,248.0 Hayfield Farm - 154.0 Little Hunting Park
Hayfield Farm,Week3,Oakton ,Week3,247.0 Oakton - 155.0 Hayfield Farm
Herndon,Week4,Great Falls,Week1,289.0 Great Falls - 112.0 Herndon
Hiddenbrook,Week5,Dowden Terrace,Week3,211.0 Hiddenbrook - 191.0 Dowden Terrace
Herndon,Week3,Crosspointe,Week2,354.0 Crosspointe - 48.0 Herndon
Herndon,Week1,Greenbriar,Week2,340.0 Greenbriar - 62.0 Herndon
Herndon,Week4,Oakton ,Week3,354.0 Oakton - 48.0 Herndon
Herndon,Week4,Langley,Week4,352.5 Langley - 49.5 Herndon
Hayfield Farm,Week3,North Springfield,Week4,308.0 Hayfield Farm - 82.0 North Springfield
Hayfield Farm,Week5,Little Hunting Park,Week2,252.0 Hayfield Farm - 150.0 Little Hunting Park
Herndon,Week2,Greenbriar,Week5,318.0 Greenbriar - 82.0 Herndon
Herndon,Week5,Oakton ,Week5,368.0 Oakton - 34.0 Herndon
Herndon,Week2,Crosspointe,Week5,355.0 Crosspointe - 47.0 Herndon
Herndon,Week1,Greenbriar,Week3,337.0 Greenbriar - 65.0 Herndon
Herndon,Week3,Old Keene Mill,Week1,267.0 Old Keene Mill - 133.0 Herndon
Hayfield Farm,Week5,Little Hunting Park,Week3,262.0 Hayfield Farm - 140.0 Little Hunting Park
Herndon,Week5,Country Club Hills,Week4,310.0 Country Club Hills - 92.0 Herndon
Herndon,Week4,Laurel Hill,Week1,251.0 Laurel Hill - 146.0 Herndon
Herndon,Week5,Lakeview,Week1,236.0 Lakeview - 166.0 Herndon
Hiddenbrook,Week5,Brandywine,Week3,231.0 Brandywine - 171.0 Hiddenbrook
Hiddenbrook,Week1,Fair Oaks ,Week3,277.0 Fair Oaks - 125.0 Hiddenbrook
Herndon,Week3,Old Keene Mill,Week2,278.0 Old Keene Mill - 124.0 Herndon
Hiddenbrook,Week5,Dowden Terrace,Week5,240.5 Dowden Terrace - 161.5 Hiddenbrook
Hayfield Farm,Week1,Little Rocky Run,Week1,263.0 Little Rocky Run - 139.0 Hayfield Farm
Hiddenbrook,Week5,Bren Mar-Edsall Park,Week5,340.0 Hiddenbrook - 62.0 Bren Mar-Edsall Park
Hayfield Farm,Week4,Little Hunting Park,Week2,259.0 Hayfield Farm - 143.0 Little Hunting Park
Hayfield Farm,Week4,North Springfield,Week3,288.0 Hayfield Farm - 109.0 North Springfield
Herndon,Week5,Great Falls,Week1,284.0 Great Falls - 117.0 Herndon
Herndon,Week1,Laurel Hill,Week4,271.0 Laurel Hill - 128.0 Herndon
Hiddenbrook,Week4,Dunn Loring,Week1,277.0 Dunn Loring - 125.0 Hiddenbrook
Herndon,Week3,Crosspointe,Week3,352.0 Crosspointe - 45.0 Herndon
Hayfield Farm,Week5,Little Hunting Park,Week5,230.0 Hayfield Farm - 172.0 Little Hunting Park
Hiddenbrook,Week5,Brandywine,Week4,222.0 Brandywine - 180.0 Hiddenbrook
Hiddenbrook,Week3,Dunn Loring,Week3,313.5 Dunn Loring - 88.5 Hiddenbrook
Herndon,Week2,Hamlet,Week2,364.0 Hamlet - 38.0 Herndon
Hayfield Farm,Week4,North Springfield,Week4,299.0 Hayfield Farm - 93.0 North Springfield
Hiddenbrook,Week2,Fair Oaks ,Week2,262.5 Fair Oaks - 138.5 Hiddenbrook
Herndon,Week2,Oakton ,Week4,364.0 Oakton - 38.0 Herndon
Herndon,Week1,Laurel Hill,Week1,243.0 Laurel Hill - 152.0 Herndon
Hayfield Farm,Week5,North Springfield,Week2,307.0 Hayfield Farm - 81.0 North Springfield
Herndon,Week5,Oakton ,Week3,354.0 Oakton - 48.0 Herndon
Hiddenbrook,Week1,Bren Mar-Edsall Park,Week5,308.0 Hiddenbrook - 94.0 Bren Mar-Edsall Park
Herndon,Week5,Great Falls,Week2,271.0 Great Falls - 112.0 Herndon
Herndon,Week3,Laurel Hill,Week4,256.0 Laurel Hill - 145.0 Herndon
Hiddenbrook,Week1,Bren Mar-Edsall Park,Week3,321.0 Hiddenbrook - 81.0 Bren Mar-Edsall Park
Hiddenbrook,Week4,Dunn Loring,Week2,300.0 Dunn Loring - 102.0 Hiddenbrook
Herndon,Week1,Crosspointe,Week4,360.0 Crosspointe - 42.0 Herndon
Herndon,Week1,Crosspointe,Week3,342.0 Crosspointe - 60.0 Herndon
Herndon,Week2,Hamlet,Week4,353.0 Hamlet - 49.0 Herndon
Herndon,Week3,Oakton ,Week1,354.0 Oakton - 43.0 Herndon
Herndon,Week2,Greenbriar,Week3,334.0 Greenbriar - 68.0 Herndon
Herndon,Week3,Laurel Hill,Week5,282.0 Laurel Hill - 117.0 Herndon
Hiddenbrook,Week2,Bren Mar-Edsall Park,Week4,265.0 Hiddenbrook - 129.0 Bren Mar-Edsall Park
Herndon,Week5,Langley,Week1,357.0 Langley - 45.0 Herndon
Herndon,Week1,Greenbriar,Week1,329.0 Greenbriar - 73.0 Herndon
Herndon,Week1,Old Keene Mill,Week1,279.5 Old Keene Mill - 120.5 Herndon
Hiddenbrook,Week2,Dunn Loring,Week1,313.0 Dunn Loring - 89.0 Hiddenbrook
Hayfield Farm,Week1,Little Rocky Run,Week2,275.0 Little Rocky Run - 127.0 Hayfield Farm
Hiddenbrook,Week1,Bren Mar-Edsall Park,Week4,306.0 Hiddenbrook - 95.0 Bren Mar-Edsall Park
Hayfield Farm,Week5,North Springfield,Week1,289.0 Hayfield Farm - 62.0 North Springfield
Herndon,Week5,Oakton ,Week1,359.0 Oakton - 43.0 Herndon
Herndon,Week4,Laurel Hill,Week3,274.0 Laurel Hill - 124.0 Herndon
Hayfield Farm,Week1,Oakton ,Week2,283.0 Oakton - 119.0 Hayfield Farm
Hiddenbrook,Week2,Bren Mar-Edsall Park,Week2,287.0 Hiddenbrook - 108.0 Bren Mar-Edsall Park
Herndon,Week3,Greenbriar,Week5,322.0 Greenbriar - 78.0 Herndon
Herndon,Week4,Oakton ,Week2,357.0 Oakton - 45.0 Herndon
Hiddenbrook,Week3,Dunn Loring,Week2,294.0 Dunn Loring - 108.0 Hiddenbrook
Herndon,Week1,Crosspointe,Week5,358.0 Crosspointe - 44.0 Herndon
Herndon,Week4,South Run,Week2,272.0 South Run - 126.0 Herndon
Herndon,Week5,Langley,Week5,347.0 Langley - 55.0 Herndon
Herndon,Week4,Crosspointe,Week1,353.0 Crosspointe - 49.0 Herndon
Hiddenbrook,Week5,Brandywine,Week5,240.0 Brandywine - 162.0 Hiddenbrook
Herndon,Week3,Crosspointe,Week4,361.0 Crosspointe - 41.0 Herndon
Hiddenbrook,Week2,Dunn Loring,Week2,338.0 Dunn Loring - 64.0 Hiddenbrook
Herndon,Week5,Country Club Hills,Week5,321.0 Country Club Hills - 81.0 Herndon
Hiddenbrook,Week5,Dunn Loring,Week2,291.0 Dunn Loring - 111.0 Hiddenbrook
Herndon,Week2,Oakton ,Week3,356.0 Oakton - 46.0 Herndon
Hayfield Farm,Week1,Little Rocky Run,Week3,285.0 Little Rocky Run - 117.0 Hayfield Farm
Herndon,Week4,Greenbriar,Week1,335.0 Greenbriar - 67.0 Herndon
Herndon,Week1,Lee Graham,Week3,357.0 Lee Graham - 45.0 Herndon
Herndon,Week4,South Run,Week4,271.0 South Run - 127.0 Herndon
Hayfield Farm,Week2,Oakton ,Week1,269.0 Oakton - 133.0 Hayfield Farm
Hayfield Farm,Week4,North Springfield,Week1,289.0 Hayfield Farm - 62.0 North Springfield
Herndon,Week5,Great Falls,Week3,310.0 Great Falls - 92.0 Herndon
Herndon,Week3,Oakton ,Week5,372.0 Oakton - 30.0 Herndon
Hiddenbrook,Week1,Fair Oaks ,Week2,238.0 Fair Oaks - 164.0 Hiddenbrook
Herndon,Week1,Springboard,Week1,248.0 Springboard - 147.0 Herndon
Herndon,Week2,Oakton ,Week5,365.0 Oakton - 37.0 Herndon
Herndon,Week4,Laurel Hill,Week5,276.0 Laurel Hill - 121.0 Herndon
Herndon,Week5,Crosspointe,Week1,360.0 Crosspointe - 42.0 Herndon
Herndon,Week1,Springboard,Week3,250.0 Springboard - 147.0 Herndon
Herndon,Week2,Laurel Hill,Week1,244.0 Laurel Hill - 152.0 Herndon
Herndon,Week5,Great Falls,Week4,282.0 Great Falls - 118.0 Herndon
Hayfield Farm,Week3,North Springfield,Week1,297.0 Hayfield Farm - 53.0 North Springfield
Herndon,Week1,Greenbriar,Week5,321.0 Greenbriar - 79.0 Herndon
Herndon,Week5,Laurel Hill,Week2,222.0 Laurel Hill - 178.0 Herndon
Herndon,Week3,Oakton ,Week3,348.0 Oakton - 49.0 Herndon
Herndon,Week4,Crosspointe,Week5,358.0 Crosspointe - 44.0 Herndon
Herndon,Week5,Langley,Week4,360.0 Langley - 42.0 Herndon
Herndon,Week4,Crosspointe,Week3,348.0 Crosspointe - 54.0 Herndon
Herndon,Week5,Oakton ,Week2,362.0 Oakton - 40.0 Herndon
Herndon,Week5,Langley,Week2,348.0 Langley - 54.0 Herndon
Herndon,Week3,Oakton ,Week2,363.0 Oakton - 39.0 Herndon
Herndon,Week3,Springboard,Week5,256.0 Springboard - 142.0 Herndon
Hiddenbrook,Week3,Bren Mar-Edsall Park,Week2,330.0 Hiddenbrook - 72.0 Bren Mar-Edsall Park
Herndon,Week2,Greenbriar,Week4,315.0 Greenbriar - 87.0 Herndon
Hiddenbrook,Week2,Dunn Loring,Week5,347.0 Dunn Loring - 55.0 Hiddenbrook
Hiddenbrook,Week3,Bren Mar-Edsall Park,Week1,331.0 Hiddenbrook - 70.0 Bren Mar-Edsall Park
Hiddenbrook,Week1,Bren Mar-Edsall Park,Week2,327.0 Hiddenbrook - 74.0 Bren Mar-Edsall Park
Hayfield Farm,Week2,Oakton ,Week2,274.0 Oakton - 128.0 Hayfield Farm
Herndon,Week1,Springboard,Week2,219.0 Springboard - 172.0 Herndon
Hayfield Farm,Week4,North Springfield,Week5,265.0 Hayfield Farm - 109.0 North Springfield
Hiddenbrook,Week3,Dunn Loring,Week1,271.0 Dunn Loring - 131.0 Hiddenbrook
Herndon,Week1,Daventry,Week2,213.0 Daventry - 181.0 Herndon
Hiddenbrook,Week3,Bren Mar-Edsall Park,Week4,326.0 Hiddenbrook - 76.0 Bren Mar-Edsall Park
Hiddenbrook,Week1,Fair Oaks ,Week4,258.0 Fair Oaks - 144.0 Hiddenbrook
Hiddenbrook,Week5,Dunn Loring,Week4,297.0 Dunn Loring - 105.0 Hiddenbrook
Herndon,Week4,South Run,Week1,282.0 South Run - 111.0 Herndon
Herndon,Week4,Greenbriar,Week5,321.0 Greenbriar - 79.0 Herndon
Hiddenbrook,Week3,Bren Mar-Edsall Park,Week3,329.0 Hiddenbrook - 73.0 Bren Mar-Edsall Park
Herndon,Week1,Daventry,Week4,209.0 Daventry - 185.0 Herndon
Hayfield Farm,Week3,North Springfield,Week5,285.0 Hayfield Farm - 89.0 North Springfield
Hayfield Farm,Week5,North Springfield,Week5,274.0 Hayfield Farm - 100.0 North Springfield
Hiddenbrook,Week3,Dunn Loring,Week5,308.0 Dunn Loring - 94.0 Hiddenbrook
Hiddenbrook,Week1,Dunn Loring,Week5,317.0 Dunn Loring - 85.0 Hiddenbrook
Herndon,Week5,Greenbriar,Week2,333.0 Greenbriar - 69.0 Herndon
Hayfield Farm,Week1,Oakton ,Week5,293.0 Oakton - 109.0 Hayfield Farm
Hiddenbrook,Week4,Bren Mar-Edsall Park,Week4,327.0 Hiddenbrook - 75.0 Bren Mar-Edsall Park
Hiddenbrook,Week4,Bren Mar-Edsall Park,Week2,340.0 Hiddenbrook - 62.0 Bren Mar-Edsall Park
Herndon,Week5,Crosspointe,Week4,360.0 Crosspointe - 42.0 Herndon
Herndon,Week2,Springboard,Week3,255.0 Springboard - 146.0 Herndon
Hiddenbrook,Week3,Bren Mar-Edsall Park,Week5,313.0 Hiddenbrook - 88.0 Bren Mar-Edsall Park
Herndon,Week5,Langley,Week3,359.0 Langley - 43.0 Herndon
Hiddenbrook,Week2,Dunn Loring,Week3,348.0 Dunn Loring - 54.0 Hiddenbrook
Herndon,Week3,South Run,Week5,320.0 South Run - 82.0 Herndon
Hayfield Farm,Week1,Oakton ,Week1,271.0 Oakton - 131.0 Hayfield Farm
Herndon,Week2,Daventry,Week1,217.0 Daventry - 180.0 Herndon
Herndon,Week1,Laurel Hill,Week3,263.0 Laurel Hill - 135.0 Herndon
Herndon,Week5,Greenbriar,Week3,333.0 Greenbriar - 69.0 Herndon
Herndon,Week4,Oakton ,Week4,362.0 Oakton - 40.0 Herndon
Herndon,Week2,Daventry,Week4,217.0 Daventry - 181.0 Herndon
Herndon,Week5,Oakton ,Week4,371.0 Oakton - 31.0 Herndon
Herndon,Week4,Greenbriar,Week3,338.0 Greenbriar - 64.0 Herndon
Herndon,Week5,South Run,Week2,263.0 South Run - 135.0 Herndon
Hayfield Farm,Week1,Oakton ,Week4,274.0 Oakton - 128.0 Hayfield Farm
Herndon,Week1,Daventry,Week5,218.0 Daventry - 175.0 Herndon
Hayfield Farm,Week1,Oakton ,Week3,269.0 Oakton - 133.0 Hayfield Farm
Herndon,Week4,Laurel Hill,Week4,259.0 Laurel Hill - 141.0 Herndon
Herndon,Week4,Oakton ,Week1,350.0 Oakton - 52.0 Herndon
Herndon,Week3,Oakton ,Week4,366.0 Oakton - 36.0 Herndon
Herndon,Week5,South Run,Week3,301.0 South Run - 100.0 Herndon
Herndon,Week5,Crosspointe,Week2,354.0 Crosspointe - 48.0 Herndon
Herndon,Week4,Laurel Hill,Week2,228.0 Laurel Hill - 172.0 Herndon
Hiddenbrook,Week5,Dunn Loring,Week1,264.5 Dunn Loring - 137.5 Hiddenbrook
Hayfield Farm,Week5,Oakton ,Week3,271.0 Oakton - 131.0 Hayfield Farm
Herndon,Week4,Greenbriar,Week4,319.0 Greenbriar - 83.0 Herndon
Herndon,Week2,Laurel Hill,Week4,258.0 Laurel Hill - 142.0 Herndon
Herndon,Week2,Daventry,Week5,218.0 Daventry - 177.0 Herndon
Hayfield Farm,Week2,Old Keene Mill,Week3,259.0 Hayfield Farm - 143.0 Old Keene Mill
Herndon,Week3,Laurel Hill,Week2,223.0 Laurel Hill - 170.0 Herndon
Herndon,Week3,Daventry,Week1,221.0 Daventry - 179.0 Herndon
Hiddenbrook,Week1,Dunn Loring,Week4,323.0 Dunn Loring - 79.0 Hiddenbrook
Herndon,Week4,South Run,Week5,313.0 South Run - 89.0 Herndon
Herndon,Week5,Old Keene Mill,Week3,276.0 Old Keene Mill - 126.0 Herndon
Hiddenbrook,Week4,Bren Mar-Edsall Park,Week1,330.0 Hiddenbrook - 71.0 Bren Mar-Edsall Park
Hiddenbrook,Week5,Bren Mar-Edsall Park,Week2,353.0 Hiddenbrook - 49.0 Bren Mar-Edsall Park
Hayfield Farm,Week3,Old Keene Mill,Week4,280.0 Hayfield Farm - 122.0 Old Keene Mill
Hayfield Farm,Week2,Old Keene Mill,Week5,234.0 Hayfield Farm - 168.0 Old Keene Mill
Herndon,Week3,Springboard,Week2,219.0 Springboard - 168.0 Herndon
Hiddenbrook,Week2,Bren Mar-Edsall Park,Week5,268.0 Hiddenbrook - 127.0 Bren Mar-Edsall Park
Herndon,Week4,South Run,Week3,292.0 South Run - 109.0 Herndon
Herndon,Week1,Hamlet,Week3,367.0 Hamlet - 34.0 Herndon
Herndon,Week1,Daventry,Week1,214.0 Daventry - 183.0 Herndon
Herndon,Week2,Old Keene Mill,Week1,258.0 Old Keene Mill - 142.0 Herndon
Herndon,Week5,Greenbriar,Week1,327.0 Greenbriar - 75.0 Herndon
Herndon,Week5,Greenbriar,Week4,323.0 Greenbriar - 79.0 Herndon
Hiddenbrook,Week5,Bren Mar-Edsall Park,Week1,345.0 Hiddenbrook - 57.0 Bren Mar-Edsall Park
Herndon,Week1,Old Keene Mill,Week4,288.0 Old Keene Mill - 113.0 Herndon
Herndon,Week2,Laurel Hill,Week2,227.0 Laurel Hill - 169.0 Herndon
Hiddenbrook,Week4,Dunn Loring,Week5,310.0 Dunn Loring - 92.0 Hiddenbrook
Herndon,Week1,Hamlet,Week1,360.0 Hamlet - 41.0 Herndon
Herndon,Week2,Old Keene Mill,Week4,266.0 Old Keene Mill - 135.0 Herndon
Hiddenbrook,Week4,Dunn Loring,Week4,309.5 Dunn Loring - 92.5 Hiddenbrook
Hayfield Farm,Week1,Old Keene Mill,Week3,263.0 Hayfield Farm - 139.0 Old Keene Mill
Hiddenbrook,Week5,Dunn Loring,Week5,301.0 Dunn Loring - 101.0 Hiddenbrook
Hayfield Farm,Week2,Old Keene Mill,Week4,275.0 Hayfield Farm - 127.0 Old Keene Mill
Herndon,Week1,Orange Hunt,Week3,324.0 Orange Hunt - 78.0 Herndon
Herndon,Week3,South Run,Week3,296.0 South Run - 105.0 Herndon
Hayfield Farm,Week1,Old Keene Mill,Week1,267.0 Hayfield Farm - 135.0 Old Keene Mill
Hayfield Farm,Week5,Oakton ,Week4,282.0 Oakton - 120.0 Hayfield Farm
Hiddenbrook,Week5,Dunn Loring,Week3,309.0 Dunn Loring - 93.0 Hiddenbrook
Hayfield Farm,Week4,Old Keene Mill,Week4,264.0 Hayfield Farm - 138.0 Old Keene Mill
Herndon,Week1,Daventry,Week3,203.0 Daventry - 186.0 Herndon
Herndon,Week1,Laurel Hill,Week2,207.0 Laurel Hill - 184.0 Herndon
Herndon,Week3,Laurel Hill,Week3,274.0 Laurel Hill - 124.0 Herndon
Herndon,Week3,Springboard,Week4,243.0 Springboard - 153.0 Herndon
Herndon,Week2,Daventry,Week3,213.0 Daventry - 180.0 Herndon
Hiddenbrook,Week2,Bren Mar-Edsall Park,Week1,283.0 Hiddenbrook - 115.0 Bren Mar-Edsall Park
Herndon,Week4,Greenbriar,Week2,337.0 Greenbriar - 65.0 Herndon
Herndon,Week3,Greenbriar,Week4,314.5 Greenbriar - 87.5 Herndon
Hiddenbrook,Week3,Dunn Loring,Week4,301.0 Dunn Loring - 101.0 Hiddenbrook
Herndon,Week3,Orange Hunt,Week3,328.0 Orange Hunt - 74.0 Herndon
Herndon,Week3,Laurel Hill,Week1,252.0 Laurel Hill - 146.0 Herndon
Herndon,Week5,Old Keene Mill,Week4,271.0 Old Keene Mill - 130.0 Herndon
Herndon,Week2,Daventry,Week2,221.0 Daventry - 178.0 Herndon
Herndon,Week3,Greenbriar,Week3,340.0 Greenbriar - 62.0 Herndon
Hiddenbrook,Week1,Fair Oaks ,Week1,269.0 Fair Oaks - 133.0 Hiddenbrook
Hiddenbrook,Week4,Bren Mar-Edsall Park,Week5,315.0 Hiddenbrook - 86.0 Bren Mar-Edsall Park
Herndon,Week2,Hamlet,Week1,356.0 Hamlet - 46.0 Herndon
Herndon,Week5,Crosspointe,Week3,355.0 Crosspointe - 47.0 Herndon
Hiddenbrook,Week2,Bren Mar-Edsall Park,Week3,281.0 Hiddenbrook - 120.0 Bren Mar-Edsall Park
Herndon,Week4,Orange Hunt,Week2,305.0 Orange Hunt - 97.0 Herndon
Herndon,Week5,Greenbriar,Week5,317.0 Greenbriar - 83.0 Herndon
Herndon,Week3,Springboard,Week1,245.0 Springboard - 152.0 Herndon
Herndon,Week2,Laurel Hill,Week3,260.0 Laurel Hill - 138.0 Herndon
Herndon,Week2,Springboard,Week5,249.0 Springboard - 152.0 Herndon
Hiddenbrook,Week4,Bren Mar-Edsall Park,Week3,327.0 Hiddenbrook - 75.0 Bren Mar-Edsall Park
Hiddenbrook,Week1,Bren Mar-Edsall Park,Week1,320.0 Hiddenbrook - 81.0 Bren Mar-Edsall Park
Herndon,Week2,Laurel Hill,Week5,278.0 Laurel Hill - 119.0 Herndon
Herndon,Week3,Orange Hunt,Week1,319.0 Orange Hunt - 83.0 Herndon
Hiddenbrook,Week2,Dunn Loring,Week4,356.0 Dunn Loring - 46.0 Hiddenbrook
Herndon,Week4,Crosspointe,Week4,358.0 Crosspointe - 44.0 Herndon
Herndon,Week1,Springfield,Week5,284.0 Herndon - 94.0 Springfield
Hiddenbrook,Week5,Bren Mar-Edsall Park,Week3,349.0 Hiddenbrook - 53.0 Bren Mar-Edsall Park
Herndon,Week1,Springboard,Week4,255.0 Springboard - 140.0 Herndon
Herndon,Week2,Springfield,Week3,276.0 Herndon - 97.0 Springfield
Hiddenbrook,Week5,Bren Mar-Edsall Park,Week4,347.0 Hiddenbrook - 55.0 Bren Mar-Edsall Park
Hayfield Farm,Week4,Oakton ,Week3,263.0 Oakton - 139.0 Hayfield Farm
Herndon,Week2,Orange Hunt,Week4,309.0 Orange Hunt - 93.0 Herndon
Herndon,Week5,Laurel Hill,Week4,258.0 Laurel Hill - 142.0 Herndon
Hiddenbrook,Week1,Fair Oaks ,Week5,278.0 Fair Oaks - 124.0 Hiddenbrook
Herndon,Week5,Laurel Hill,Week1,251.0 Laurel Hill - 146.0 Herndon
Herndon,Week5,Laurel Hill,Week3,273.0 Laurel Hill - 124.0 Herndon
Herndon,Week1,Hamlet,Week2,380.0 Hamlet - 22.0 Herndon
Herndon,Week1,Laurel Hill,Week5,284.0 Laurel Hill - 114.0 Herndon
Hiddenbrook,Week2,Brookfield ,Week5,284.0 Brookfield - 118.0 Hiddenbrook
Herndon,Week3,Dominion Hills,Week3,318.0 Dominion Hills - 84.0 Herndon
Herndon,Week1,Hamlet,Week4,354.0 Hamlet - 48.0 Herndon
Herndon,Week2,Dominion Hills,Week5,327.0 Dominion Hills - 75.0 Herndon
Herndon,Week5,Old Keene Mill,Week1,264.0 Old Keene Mill - 136.0 Herndon
Hayfield Farm,Week4,Oakton ,Week5,282.0 Oakton - 120.0 Hayfield Farm
Hiddenbrook,Week2,Fair Oaks ,Week4,291.0 Fair Oaks - 111.0 Hiddenbrook
Herndon,Week3,Orange Hunt,Week2,315.0 Orange Hunt - 87.0 Herndon
Hiddenbrook,Week2,Fair Oaks ,Week3,307.0 Fair Oaks - 95.0 Hiddenbrook
Hayfield Farm,Week3,Oakton ,Week5,266.0 Oakton - 136.0 Hayfield Farm
Herndon,Week5,South Run,Week5,309.0 South Run - 93.0 Herndon
Hiddenbrook,Week4,Brookfield ,Week4,234.0 Brookfield - 168.0 Hiddenbrook
Hiddenbrook,Week2,Fair Oaks ,Week1,289.0 Fair Oaks - 113.0 Hiddenbrook
Herndon,Week1,Hamlet,Week5,379.0 Hamlet - 23.0 Herndon
Herndon,Week5,Crosspointe,Week5,360.0 Crosspointe - 42.0 Herndon
Herndon,Week2,Hamlet,Week3,361.0 Hamlet - 40.0 Herndon
Herndon,Week5,South Run,Week1,276.0 South Run - 117.0 Herndon
Herndon,Week5,Laurel Hill,Week5,277.0 Laurel Hill - 120.0 Herndon
Herndon,Week5,Orange Hunt,Week1,320.0 Orange Hunt - 82.0 Herndon
Herndon,Week3,Dominion Hills,Week4,332.0 Dominion Hills - 65.0 Herndon
Herndon,Week3,Old Keene Mill,Week3,274.5 Old Keene Mill - 127.5 Herndon
Herndon,Week3,Dominion Hills,Week2,339.0 Dominion Hills - 63.0 Herndon
Herndon,Week3,South Run,Week4,280.0 South Run - 119.0 Herndon
Hiddenbrook,Week2,Fair Oaks ,Week5,305.0 Fair Oaks - 97.0 Hiddenbrook
Herndon,Week3,South Run,Week2,275.0 South Run - 119.0 Herndon
Hiddenbrook,Week4,Fair Oaks ,Week1,245.0 Fair Oaks - 157.0 Hiddenbrook
Hayfield Farm,Week1,Old Keene Mill,Week4,274.0 Hayfield Farm - 128.0 Old Keene Mill
Hayfield Farm,Week4,Old Keene Mill,Week1,273.0 Hayfield Farm - 129.0 Old Keene Mill
Herndon,Week1,Lee Graham,Week1,350.0 Lee Graham - 52.0 Herndon
Hiddenbrook,Week2,Brookfield ,Week1,294.0 Brookfield - 108.0 Hiddenbrook
Herndon,Week1,Orange Hunt,Week2,315.0 Orange Hunt - 87.0 Herndon
Herndon,Week1,Lee Graham,Week2,361.0 Lee Graham - 41.0 Herndon
Hiddenbrook,Week3,Brookfield ,Week3,220.5 Brookfield - 181.5 Hiddenbrook
Herndon,Week3,Hayfield Farm,Week1,307.0 Hayfield Farm - 95.0 Herndon
Hiddenbrook,Week3,Fair Oaks ,Week5,269.0 Fair Oaks - 133.0 Hiddenbrook
Herndon,Week1,Springboard,Week5,251.0 Springboard - 147.0 Herndon
Herndon,Week5,South Run,Week4,277.0 South Run - 121.0 Herndon
Hayfield Farm,Week1,Old Keene Mill,Week5,231.0 Hayfield Farm - 171.0 Old Keene Mill
Herndon,Week2,Hayfield Farm,Week2,317.0 Hayfield Farm - 85.0 Herndon
Hiddenbrook,Week5,Fair Oaks ,Week2,201.0 Fair Oaks - 201.0 Hiddenbrook
Hiddenbrook,Week4,Brookfield ,Week2,230.0 Brookfield - 172.0 Hiddenbrook
Herndon,Week2,Hayfield Farm,Week4,329.0 Hayfield Farm - 73.0 Herndon
Hayfield Farm,Week2,Old Keene Mill,Week2,264.0 Hayfield Farm - 138.0 Old Keene Mill
Herndon,Week1,Lee Graham,Week4,346.0 Lee Graham - 56.0 Herndon
Herndon,Week3,Daventry,Week2,224.0 Daventry - 173.0 Herndon
Herndon,Week1,Dominion Hills,Week5,332.0 Dominion Hills - 70.0 Herndon
Hiddenbrook,Week4,Brookfield ,Week3,220.0 Brookfield - 182.0 Hiddenbrook
Herndon,Week4,Old Keene Mill,Week4,272.0 Old Keene Mill - 129.0 Herndon
Herndon,Week3,Hayfield Farm,Week3,327.0 Hayfield Farm - 75.0 Herndon
Herndon,Week5,Old Keene Mill,Week2,272.5 Old Keene Mill - 128.5 Herndon
Hayfield Farm,Week4,Old Keene Mill,Week2,263.0 Hayfield Farm - 139.0 Old Keene Mill
Herndon,Week3,Daventry,Week4,208.0 Daventry - 192.0 Herndon
Hiddenbrook,Week5,Brookfield ,Week2,203.0 Brookfield - 199.0 Hiddenbrook
High Point Pool,Week1,Cottontail,Week1,243.0 High Point Pool - 159.0 Cottontail
High Point Pool,Week2,Fairfax,Week4,221.0 Fairfax - 181.0 High Point Pool
High Point Pool,Week5,Highlands Swim,Week5,287.0 Highlands Swim - 115.0 High Point Pool
Highland Park,Week3,Fairfax,Week4,271.0 Fairfax - 131.0 Highland Park
Highland Park,Week3,Dunn Loring,Week5,299.0 Dunn Loring - 103.0 Highland Park
High Point Pool,Week1,Fairfax Club Estates,Week2,293.0 High Point Pool - 108.0 Fairfax Club Estates
Highland Park,Week1,Fair Oaks ,Week2,261.0 Highland Park - 141.0 Fair Oaks
Highland Park,Week2,Dunn Loring,Week3,305.0 Dunn Loring - 97.0 Highland Park
Highland Park,Week3,Fair Oaks ,Week1,213.0 Fair Oaks - 189.0 Highland Park
High Point Pool,Week2,Shouse Village,Week1,252.0 High Point Pool - 150.0 Shouse Village
Highland Park,Week1,Fairfax,Week4,224.0 Fairfax - 178.0 Highland Park
High Point Pool,Week3,Mansion House,Week4,238.0 High Point Pool - 164.0 Mansion House
Highland Park,Week2,Fairfax,Week3,259.0 Fairfax - 143.0 Highland Park
Hiddenbrook,Week1,Pleasant Valley,Week1,271.0 Hiddenbrook - 127.0 Pleasant Valley
High Point Pool,Week1,Hollin Hills,Week2,311.0 High Point Pool - 86.0 Hollin Hills
Highland Park,Week4,Dunn Loring,Week1,224.0 Dunn Loring - 178.0 Highland Park
Highland Park,Week4,Dunn Loring,Week5,287.0 Dunn Loring - 115.0 Highland Park
High Point Pool,Week4,Fairfax,Week4,225.0 Fairfax - 177.0 High Point Pool
High Point Pool,Week5,Commonwealth,Week5,254.0 High Point Pool - 148.0 Commonwealth
High Point Pool,Week1,Mansion House,Week5,232.0 Mansion House - 170.0 High Point Pool
Hiddenbrook,Week5,Pinewood Lake,Week1,354.0 Hiddenbrook - 45.0 Pinewood Lake
High Point Pool,Week1,Cottontail,Week4,268.0 High Point Pool - 134.0 Cottontail
High Point Pool,Week2,Highlands Swim,Week5,272.0 Highlands Swim - 130.0 High Point Pool
High Point Pool,Week4,Mansion House,Week2,218.0 High Point Pool - 184.0 Mansion House
High Point Pool,Week1,Fairfax Club Estates,Week5,252.0 High Point Pool - 150.0 Fairfax Club Estates
High Point Pool,Week3,Hollin Hills,Week1,329.0 High Point Pool - 73.0 Hollin Hills
High Point Pool,Week4,Shouse Village,Week2,255.5 High Point Pool - 146.5 Shouse Village
High Point Pool,Week5,Fairfax,Week2,235.0 Fairfax - 167.0 High Point Pool
High Point Pool,Week3,Mansion House,Week1,206.0 High Point Pool - 196.0 Mansion House
Hiddenbrook,Week4,Pleasant Valley,Week1,282.0 Hiddenbrook - 118.0 Pleasant Valley
High Point Pool,Week4,Fairfax,Week2,229.0 Fairfax - 173.0 High Point Pool
High Point Pool,Week2,Shouse Village,Week5,222.0 High Point Pool - 180.0 Shouse Village
Highland Park,Week4,Dunn Loring,Week2,289.0 Dunn Loring - 113.0 Highland Park
Highland Park,Week3,Fairfax,Week2,290.0 Fairfax - 112.0 Highland Park
High Point Pool,Week2,Fairfax Club Estates,Week2,300.0 High Point Pool - 102.0 Fairfax Club Estates
Highland Park,Week2,Fairfax Club Estates,Week5,249.0 Highland Park - 153.0 Fairfax Club Estates
High Point Pool,Week5,Commonwealth,Week3,267.0 High Point Pool - 134.0 Commonwealth
Hiddenbrook,Week1,Pleasant Valley,Week2,269.0 Hiddenbrook - 129.0 Pleasant Valley
High Point Pool,Week3,Fairfax,Week2,242.0 Fairfax - 160.0 High Point Pool
High Point Pool,Week3,Highlands Swim,Week3,280.0 Highlands Swim - 122.0 High Point Pool
Highland Park,Week5,Dunn Loring,Week5,290.0 Dunn Loring - 112.0 Highland Park
High Point Pool,Week1,Cottontail,Week3,280.0 High Point Pool - 122.0 Cottontail
Highland Park,Week3,Dunn Loring,Week3,304.0 Dunn Loring - 98.0 Highland Park
Highland Park,Week2,Fairfax,Week5,282.0 Fairfax - 120.0 Highland Park
Highland Park,Week2,Dunn Loring,Week5,300.0 Dunn Loring - 102.0 Highland Park
High Point Pool,Week3,Shouse Village,Week4,214.5 High Point Pool - 187.5 Shouse Village
High Point Pool,Week4,Mansion House,Week1,210.0 High Point Pool - 192.0 Mansion House
High Point Pool,Week5,Fairfax,Week5,250.0 Fairfax - 152.0 High Point Pool
High Point Pool,Week1,Sideburn Run,Week3,228.0 High Point Pool - 174.0 Sideburn Run
High Point Pool,Week2,Hollin Hills,Week1,339.0 High Point Pool - 62.0 Hollin Hills
High Point Pool,Week4,Commonwealth,Week3,266.0 High Point Pool - 136.0 Commonwealth
High Point Pool,Week5,Highlands Swim,Week4,273.0 Highlands Swim - 129.0 High Point Pool
High Point Pool,Week5,Commonwealth,Week2,237.0 High Point Pool - 165.0 Commonwealth
High Point Pool,Week2,Cottontail,Week1,266.0 High Point Pool - 136.0 Cottontail
Hiddenbrook,Week3,Pleasant Valley,Week4,279.5 Hiddenbrook - 113.5 Pleasant Valley
High Point Pool,Week5,Rutherford,Week5,299.0 High Point Pool - 103.0 Rutherford
High Point Pool,Week2,Shouse Village,Week3,256.0 High Point Pool - 146.0 Shouse Village
Highland Park,Week5,Fairfax,Week1,224.0 Fairfax - 178.0 Highland Park
High Point Pool,Week1,Shouse Village,Week4,222.0 High Point Pool - 180.0 Shouse Village
High Point Pool,Week1,Cottontail,Week5,250.0 High Point Pool - 152.0 Cottontail
Highland Park,Week2,Fairfax,Week4,254.0 Fairfax - 148.0 Highland Park
High Point Pool,Week2,Shouse Village,Week4,222.0 High Point Pool - 180.0 Shouse Village
High Point Pool,Week1,Fairfax Club Estates,Week4,253.0 High Point Pool - 149.0 Fairfax Club Estates
High Point Pool,Week4,Cottontail,Week3,283.0 High Point Pool - 119.0 Cottontail
High Point Pool,Week1,Mantua,Week3,240.0 Mantua - 162.0 High Point Pool
Highland Park,Week1,Fairfax Club Estates,Week1,271.0 Highland Park - 131.0 Fairfax Club Estates
High Point Pool,Week2,Mantua,Week1,204.0 Mantua - 198.0 High Point Pool
Highland Park,Week4,Dunn Loring,Week4,291.0 Dunn Loring - 111.0 Highland Park
Highland Park,Week2,Fairfax Club Estates,Week3,253.0 Highland Park - 149.0 Fairfax Club Estates
High Point Pool,Week2,Cottontail,Week4,282.0 High Point Pool - 120.0 Cottontail
Highland Park,Week1,Fair Oaks ,Week3,223.5 Highland Park - 178.5 Fair Oaks
High Point Pool,Week4,Highlands Swim,Week4,252.0 Highlands Swim - 150.0 High Point Pool
High Point Pool,Week2,Highlands Swim,Week3,268.0 Highlands Swim - 134.0 High Point Pool
High Point Pool,Week5,Mansion House,Week2,227.0 High Point Pool - 175.0 Mansion House
High Point Pool,Week5,Mansion House,Week1,207.0 High Point Pool - 195.0 Mansion House
High Point Pool,Week4,Commonwealth,Week2,247.0 High Point Pool - 155.0 Commonwealth
High Point Pool,Week1,Sideburn Run,Week5,232.0 High Point Pool - 170.0 Sideburn Run
High Point Pool,Week1,Mansion House,Week2,202.0 High Point Pool - 200.0 Mansion House
High Point Pool,Week1,Fairfax Club Estates,Week3,278.0 High Point Pool - 124.0 Fairfax Club Estates
High Point Pool,Week5,Rutherford,Week2,313.0 High Point Pool - 89.0 Rutherford
High Point Pool,Week5,Mansion House,Week5,217.0 Mansion House - 185.0 High Point Pool
Highland Park,Week3,Fairfax,Week5,286.0 Fairfax - 116.0 Highland Park
High Point Pool,Week1,Shouse Village,Week5,213.0 High Point Pool - 189.0 Shouse Village
High Point Pool,Week4,Fairfax,Week1,216.0 Fairfax - 186.0 High Point Pool
Highland Park,Week1,Fairfax Club Estates,Week5,262.0 Highland Park - 139.0 Fairfax Club Estates
High Point Pool,Week4,Shouse Village,Week1,240.0 High Point Pool - 162.0 Shouse Village
High Point Pool,Week4,Mansion House,Week4,233.0 High Point Pool - 169.0 Mansion House
High Point Pool,Week1,Mansion House,Week1,208.0 Mansion House - 194.0 High Point Pool
High Point Pool,Week1,Hollin Hills,Week5,292.0 High Point Pool - 110.0 Hollin Hills
High Point Pool,Week2,Cottontail,Week5,265.5 High Point Pool - 136.5 Cottontail
High Point Pool,Week4,Highlands Swim,Week5,271.0 Highlands Swim - 131.0 High Point Pool
Highland Park,Week5,Dunn Loring,Week2,296.0 Dunn Loring - 106.0 Highland Park
High Point Pool,Week5,Highlands Swim,Week1,273.0 Highlands Swim - 129.0 High Point Pool
Highland Park,Week3,Dunn Loring,Week4,286.0 Dunn Loring - 116.0 Highland Park
High Point Pool,Week1,Cottontail,Week2,269.0 High Point Pool - 133.0 Cottontail
High Point Pool,Week4,Highlands Swim,Week3,266.0 Highlands Swim - 136.0 High Point Pool
Highland Park,Week1,Fairfax Club Estates,Week2,282.0 Highland Park - 120.0 Fairfax Club Estates
Hiddenbrook,Week3,Pleasant Valley,Week5,263.0 Hiddenbrook - 129.0 Pleasant Valley
High Point Pool,Week2,Fairfax,Week5,241.0 Fairfax - 161.0 High Point Pool
High Point Pool,Week2,Highlands Swim,Week2,289.0 Highlands Swim - 113.0 High Point Pool
Highland Park,Week2,Dunn Loring,Week4,298.0 Dunn Loring - 104.0 Highland Park
High Point Pool,Week4,Commonwealth,Week5,258.0 High Point Pool - 144.0 Commonwealth
High Point Pool,Week2,Fairfax Club Estates,Week3,293.0 High Point Pool - 109.0 Fairfax Club Estates
High Point Pool,Week2,Cottontail,Week2,289.0 High Point Pool - 113.0 Cottontail
High Point Pool,Week3,Highlands Swim,Week2,279.0 Highlands Swim - 123.0 High Point Pool
Highland Park,Week4,Fairfax,Week2,249.0 Fairfax - 153.0 Highland Park
High Point Pool,Week1,Mansion House,Week3,205.0 Mansion House - 197.0 High Point Pool
High Point Pool,Week3,Fairfax,Week3,237.0 Fairfax - 165.0 High Point Pool
High Point Pool,Week5,Mansion House,Week4,233.0 High Point Pool - 169.0 Mansion House
High Point Pool,Week2,Fairfax Club Estates,Week4,283.0 High Point Pool - 119.0 Fairfax Club Estates
High Point Pool,Week2,Mansion House,Week1,213.0 High Point Pool - 189.0 Mansion House
High Point Pool,Week3,Shouse Village,Week3,231.0 High Point Pool - 171.0 Shouse Village
High Point Pool,Week3,Highlands Swim,Week1,266.0 Highlands Swim - 136.0 High Point Pool
High Point Pool,Week3,Commonwealth,Week4,267.5 High Point Pool - 134.5 Commonwealth
High Point Pool,Week4,Shouse Village,Week4,232.0 High Point Pool - 170.0 Shouse Village
High Point Pool,Week2,Shouse Village,Week2,252.0 High Point Pool - 150.0 Shouse Village
Highland Park,Week2,Fairfax,Week1,234.0 Fairfax - 168.0 Highland Park
Highland Park,Week4,Fairfax,Week1,237.0 Fairfax - 165.0 Highland Park
Highland Park,Week3,Dunn Loring,Week1,244.0 Dunn Loring - 158.0 Highland Park
Highland Park,Week4,Fairfax,Week3,246.0 Fairfax - 156.0 Highland Park
Highland Park,Week5,Fairfax,Week2,247.5 Fairfax - 154.5 Highland Park
High Point Pool,Week2,Highlands Swim,Week4,262.0 Highlands Swim - 140.0 High Point Pool
Highland Park,Week5,Dunn Loring,Week1,228.0 Dunn Loring - 174.0 Highland Park
Highland Park,Week1,Fair Oaks ,Week5,203.0 Fair Oaks - 199.0 Highland Park
High Point Pool,Week2,Cottontail,Week3,300.0 High Point Pool - 102.0 Cottontail
High Point Pool,Week4,Highlands Swim,Week2,273.0 Highlands Swim - 129.0 High Point Pool
High Point Pool,Week5,Shouse Village,Week1,255.0 High Point Pool - 147.0 Shouse Village
High Point Pool,Week5,Mansion House,Week3,208.0 High Point Pool - 194.0 Mansion House
High Point Pool,Week1,Fairfax Station,Week4,233.0 Fairfax Station - 169.0 High Point Pool
High Point Pool,Week3,Fairfax Station,Week5,251.5 Fairfax Station - 150.5 High Point Pool
High Point Pool,Week5,Shouse Village,Week3,241.5 High Point Pool - 160.5 Shouse Village
High Point Pool,Week5,Commonwealth,Week1,290.0 High Point Pool - 111.0 Commonwealth
High Point Pool,Week5,Highlands Swim,Week2,295.0 Highlands Swim - 107.0 High Point Pool
High Point Pool,Week5,Rutherford,Week3,298.0 High Point Pool - 104.0 Rutherford
High Point Pool,Week1,Mantua,Week2,220.0 Mantua - 182.0 High Point Pool
High Point Pool,Week3,Fairfax Club Estates,Week1,278.0 High Point Pool - 124.0 Fairfax Club Estates
High Point Pool,Week2,Fairfax Station,Week1,215.0 Fairfax Station - 187.0 High Point Pool
Highland Park,Week3,Dunn Loring,Week2,291.0 Dunn Loring - 111.0 Highland Park
High Point Pool,Week1,Fairfax Station,Week2,238.0 Fairfax Station - 164.0 High Point Pool
Highland Park,Week1,Fair Oaks ,Week1,219.0 Highland Park - 183.0 Fair Oaks
Highland Park,Week2,Fair Oaks ,Week3,215.5 Fair Oaks - 186.5 Highland Park
High Point Pool,Week5,Shouse Village,Week4,225.0 High Point Pool - 177.0 Shouse Village
High Point Pool,Week5,Shouse Village,Week2,249.5 High Point Pool - 152.5 Shouse Village
Highland Park,Week2,Fair Oaks ,Week4,209.0 Highland Park - 193.0 Fair Oaks
Highland Park,Week4,Fairfax,Week4,227.0 Fairfax - 175.0 Highland Park
High Point Pool,Week1,Mantua,Week4,221.0 Mantua - 181.0 High Point Pool
High Point Pool,Week3,Fairfax Club Estates,Week4,259.0 High Point Pool - 143.0 Fairfax Club Estates
High Point Pool,Week3,Highlands Swim,Week4,255.0 Highlands Swim - 147.0 High Point Pool
Highland Park,Week1,Fairfax Club Estates,Week3,274.0 Highland Park - 128.0 Fairfax Club Estates
High Point Pool,Week3,Cottontail,Week1,260.0 High Point Pool - 142.0 Cottontail
Highland Park,Week2,Fair Oaks ,Week1,205.0 Fair Oaks - 197.0 Highland Park
High Point Pool,Week4,Commonwealth,Week1,280.0 High Point Pool - 122.0 Commonwealth
High Point Pool,Week3,Shouse Village,Week1,234.0 High Point Pool - 168.0 Shouse Village
Highland Park,Week3,Fairfax,Week1,263.0 Fairfax - 139.0 Highland Park
High Point Pool,Week2,Mansion House,Week4,230.0 High Point Pool - 172.0 Mansion House
High Point Pool,Week4,Commonwealth,Week4,277.0 High Point Pool - 125.0 Commonwealth
High Point Pool,Week3,Shouse Village,Week2,243.0 High Point Pool - 159.0 Shouse Village
Highland Park,Week2,Fairfax,Week2,260.0 Fairfax - 142.0 Highland Park
High Point Pool,Week3,Mansion House,Week3,201.0 High Point Pool - 201.0 Mansion House
High Point Pool,Week5,Fairfax Club Estates,Week2,294.0 High Point Pool - 107.0 Fairfax Club Estates
Highland Park,Week5,Dunn Loring,Week3,301.0 Dunn Loring - 101.0 Highland Park
High Point Pool,Week3,Cottontail,Week4,265.0 High Point Pool - 137.0 Cottontail
High Point Pool,Week1,Mantua,Week5,253.0 Mantua - 149.0 High Point Pool
High Point Pool,Week1,Hollin Hills,Week3,316.0 High Point Pool - 86.0 Hollin Hills
High Point Pool,Week3,Cottontail,Week2,274.0 High Point Pool - 128.0 Cottontail
High Point Pool,Week2,Highlands Swim,Week1,272.0 Highlands Swim - 130.0 High Point Pool
High Point Pool,Week4,Shouse Village,Week3,251.0 High Point Pool - 151.0 Shouse Village
Highland Park,Week2,Dunn Loring,Week2,297.0 Dunn Loring - 105.0 Highland Park
Highland Park,Week5,Fairfax,Week5,262.0 Fairfax - 140.0 Highland Park
High Point Pool,Week3,Commonwealth,Week5,256.0 High Point Pool - 146.0 Commonwealth
High Point Pool,Week3,Mansion House,Week2,212.0 High Point Pool - 190.0 Mansion House
Highland Park,Week1,Fairfax,Week5,260.0 Fairfax - 142.0 Highland Park
High Point Pool,Week1,Shouse Village,Week1,225.0 High Point Pool - 177.0 Shouse Village
High Point Pool,Week2,Mantua,Week2,202.5 Mantua - 199.5 High Point Pool
High Point Pool,Week3,Highlands Swim,Week5,274.0 Highlands Swim - 128.0 High Point Pool
High Point Pool,Week4,Mantua,Week3,235.0 Mantua - 167.0 High Point Pool
High Point Pool,Week1,Fairfax Station,Week1,238.0 Fairfax Station - 164.0 High Point Pool
High Point Pool,Week1,Hollin Hills,Week1,314.5 High Point Pool - 87.5 Hollin Hills
Highland Park,Week5,Fairfax,Week4,229.0 Fairfax - 173.0 Highland Park
High Point Pool,Week2,Hollin Hills,Week4,333.0 High Point Pool - 68.0 Hollin Hills
Highland Park,Week2,Fair Oaks ,Week2,232.0 Highland Park - 170.0 Fair Oaks
High Point Pool,Week3,Cottontail,Week5,258.0 High Point Pool - 144.0 Cottontail
High Point Pool,Week4,Fairfax Club Estates,Week4,263.0 High Point Pool - 139.0 Fairfax Club Estates
High Point Pool,Week2,Hollin Hills,Week2,326.0 High Point Pool - 75.0 Hollin Hills
High Point Pool,Week4,Fairfax Club Estates,Week2,300.0 High Point Pool - 102.0 Fairfax Club Estates
High Point Pool,Week1,McLean,Week2,267.0 McLean - 135.0 High Point Pool
High Point Pool,Week5,Shouse Village,Week5,208.5 High Point Pool - 192.5 Shouse Village
Highland Park,Week5,Dunn Loring,Week4,284.0 Dunn Loring - 118.0 Highland Park
High Point Pool,Week4,Fairfax Club Estates,Week1,280.0 High Point Pool - 122.0 Fairfax Club Estates
High Point Pool,Week5,Mantua,Week3,235.5 Mantua - 166.5 High Point Pool
High Point Pool,Week4,Cottontail,Week2,267.0 High Point Pool - 135.0 Cottontail
Highland Park,Week1,Fairfax Club Estates,Week4,257.0 Highland Park - 145.0 Fairfax Club Estates
Highland Park,Week4,Dunn Loring,Week3,310.0 Dunn Loring - 92.0 Highland Park
High Point Pool,Week2,Hollin Hills,Week3,332.0 High Point Pool - 70.0 Hollin Hills
Highland Park,Week4,Fairfax,Week5,265.5 Fairfax - 136.5 Highland Park
High Point Pool,Week3,Country Club Hills,Week5,264.0 High Point Pool - 138.0 Country Club Hills
High Point Pool,Week4,Shouse Village,Week5,211.0 High Point Pool - 191.0 Shouse Village
High Point Pool,Week2,Hollin Hills,Week5,317.0 High Point Pool - 85.0 Hollin Hills
Highland Park,Week3,Fairfax,Week3,285.0 Fairfax - 117.0 Highland Park
High Point Pool,Week5,Fairfax Club Estates,Week4,272.0 High Point Pool - 130.0 Fairfax Club Estates
High Point Pool,Week3,McLean,Week1,261.0 McLean - 141.0 High Point Pool
High Point Pool,Week1,Sideburn Run,Week2,251.0 High Point Pool - 151.0 Sideburn Run
High Point Pool,Week1,Sideburn Run,Week1,218.0 High Point Pool - 184.0 Sideburn Run
Highland Park,Week1,Fair Oaks ,Week4,231.0 Highland Park - 171.0 Fair Oaks
High Point Pool,Week3,Country Club Hills,Week3,272.0 High Point Pool - 130.0 Country Club Hills
Highland Park,Week2,Fair Oaks ,Week5,216.0 Fair Oaks - 186.0 Highland Park
High Point Pool,Week4,Country Club Hills,Week5,256.0 High Point Pool - 146.0 Country Club Hills
Highland Park,Week5,Fairfax,Week3,251.0 Fairfax - 151.0 Highland Park
High Point Pool,Week5,Hollin Hills,Week1,330.0 High Point Pool - 72.0 Hollin Hills
High Point Pool,Week3,McLean,Week3,270.0 McLean - 132.0 High Point Pool
High Point Pool,Week5,Fairfax Club Estates,Week3,281.0 High Point Pool - 120.0 Fairfax Club Estates
High Point Pool,Week1,Sideburn Run,Week4,233.0 High Point Pool - 169.0 Sideburn Run
High Point Pool,Week5,Country Club Hills,Week3,278.0 High Point Pool - 124.0 Country Club Hills
Highland Park,Week2,Fairfax Club Estates,Week1,256.0 Highland Park - 146.0 Fairfax Club Estates
High Point Pool,Week1,Fairfax Station,Week3,245.0 Fairfax Station - 157.0 High Point Pool
High Point Pool,Week5,Mantua,Week4,206.0 High Point Pool - 196.0 Mantua
High Point Pool,Week3,Hollin Meadows,Week4,226.0 High Point Pool - 176.0 Hollin Meadows
Highland Park,Week2,Fairfax Club Estates,Week2,273.5 Highland Park - 128.5 Fairfax Club Estates
High Point Pool,Week5,Sideburn Run,Week2,256.0 High Point Pool - 146.0 Sideburn Run
High Point Pool,Week5,Cottontail,Week5,251.0 High Point Pool - 151.0 Cottontail
Highland Park,Week3,Fairfax Station,Week1,259.0 Fairfax Station - 143.0 Highland Park
High Point Pool,Week3,Mantua,Week1,230.0 Mantua - 172.0 High Point Pool
High Point Pool,Week4,Hollin Hills,Week1,325.0 High Point Pool - 77.0 Hollin Hills
Highland Park,Week4,Fair Oaks ,Week2,235.0 Highland Park - 167.0 Fair Oaks
Highland Park,Week2,Fairfax Club Estates,Week4,244.0 Highland Park - 158.0 Fairfax Club Estates
High Point Pool,Week5,Fairfax Club Estates,Week1,282.0 High Point Pool - 119.0 Fairfax Club Estates
Highland Park,Week4,Fair Oaks ,Week1,204.0 Fair Oaks - 198.0 Highland Park
High Point Pool,Week4,Fairfax Club Estates,Week3,278.0 High Point Pool - 124.0 Fairfax Club Estates
High Point Pool,Week1,Country Club Hills,Week1,246.0 High Point Pool - 156.0 Country Club Hills
High Point Pool,Week3,Sideburn Run,Week4,230.0 High Point Pool - 172.0 Sideburn Run
Highland Park,Week5,Fairfax Club Estates,Week1,257.5 Highland Park - 144.5 Fairfax Club Estates
Highland Park,Week3,Fair Oaks ,Week3,214.5 Fair Oaks - 187.5 Highland Park
High Point Pool,Week2,Sideburn Run,Week5,246.0 High Point Pool - 156.0 Sideburn Run
Highland Park,Week3,Fair Oaks ,Week5,217.0 Fair Oaks - 185.0 Highland Park
Highland Park,Week5,Fair Oaks ,Week2,238.0 Highland Park - 164.0 Fair Oaks
High Point Pool,Week3,Hollin Hills,Week5,309.0 High Point Pool - 93.0 Hollin Hills
High Point Pool,Week5,Cottontail,Week4,264.5 High Point Pool - 137.5 Cottontail
High Point Pool,Week5,Hollin Hills,Week2,324.0 High Point Pool - 78.0 Hollin Hills
High Point Pool,Week5,Mantua,Week1,223.0 Mantua - 178.0 High Point Pool
High Point Pool,Week3,Fairfax Club Estates,Week5,271.0 High Point Pool - 130.0 Fairfax Club Estates
High Point Pool,Week5,Hollin Hills,Week5,309.0 High Point Pool - 92.0 Hollin Hills
High Point Pool,Week3,Mantua,Week2,216.0 Mantua - 186.0 High Point Pool
High Point Pool,Week4,Cottontail,Week5,253.0 High Point Pool - 149.0 Cottontail
High Point Pool,Week5,Fairfax Club Estates,Week5,272.0 High Point Pool - 129.0 Fairfax Club Estates
Highland Park,Week5,Fairfax Club Estates,Week3,262.0 Highland Park - 140.0 Fairfax Club Estates
High Point Pool,Week4,Fairfax Club Estates,Week5,270.0 High Point Pool - 132.0 Fairfax Club Estates
High Point Pool,Week2,Hollin Meadows,Week1,217.0 High Point Pool - 185.0 Hollin Meadows
High Point Pool,Week1,Sleepy Hollow B & R,Week4,217.0 Sleepy Hollow B & R - 185.0 High Point Pool
High Point Pool,Week3,Mantua,Week4,217.5 Mantua - 184.5 High Point Pool
Highland Park,Week3,Fair Oaks ,Week4,203.5 Highland Park - 198.5 Fair Oaks
High Point Pool,Week3,Mantua,Week5,250.0 Mantua - 152.0 High Point Pool
High Point Pool,Week2,Fairfax Station,Week4,204.5 Fairfax Station - 197.5 High Point Pool
Highland Park,Week4,Fairfax Station,Week1,245.0 Fairfax Station - 157.0 Highland Park
High Point Pool,Week3,Hollin Hills,Week4,324.0 High Point Pool - 78.0 Hollin Hills
High Point Pool,Week2,Country Club Hills,Week2,289.0 High Point Pool - 113.0 Country Club Hills
High Point Pool,Week2,Mantua,Week4,214.0 High Point Pool - 188.0 Mantua
High Point Pool,Week2,Fairfax Station,Week3,232.5 Fairfax Station - 169.5 High Point Pool
Highland Park,Week5,Fair Oaks ,Week4,230.0 Highland Park - 172.0 Fair Oaks
Highland Park,Week1,Fairfax Station,Week5,272.0 Fairfax Station - 130.0 Highland Park
High Point Pool,Week2,Sleepy Hollow B & R,Week5,207.5 Sleepy Hollow B & R - 194.5 High Point Pool
High Point Pool,Week3,Sideburn Run,Week3,240.0 High Point Pool - 162.0 Sideburn Run
Highland Park,Week3,Fairfax Station,Week2,255.0 Fairfax Station - 147.0 Highland Park
High Point Pool,Week4,Mantua,Week4,204.0 High Point Pool - 198.0 Mantua
High Point Pool,Week2,Sideburn Run,Week4,241.0 High Point Pool - 161.0 Sideburn Run
High Point Pool,Week3,Country Club Hills,Week2,276.0 High Point Pool - 126.0 Country Club Hills
High Point Pool,Week2,Sleepy Hollow B & R,Week4,206.0 High Point Pool - 196.0 Sleepy Hollow B & R
Highland Park,Week1,Fairfax,Week2,248.0 Fairfax - 154.0 Highland Park
High Point Pool,Week1,Sleepy Hollow B & R,Week2,206.0 Sleepy Hollow B & R - 196.0 High Point Pool
High Point Pool,Week5,Hollin Hills,Week3,320.0 High Point Pool - 82.0 Hollin Hills
Highland Park,Week5,Fair Oaks ,Week1,219.0 Highland Park - 183.0 Fair Oaks
High Point Pool,Week5,Sideburn Run,Week4,236.0 High Point Pool - 166.0 Sideburn Run
High Point Pool,Week5,Mantua,Week2,212.0 Mantua - 190.0 High Point Pool
High Point Pool,Week1,Country Club Hills,Week3,253.0 High Point Pool - 149.0 Country Club Hills
High Point Pool,Week4,Cottontail,Week4,265.0 High Point Pool - 137.0 Cottontail
Highland Park,Week2,Fairfax Station,Week5,275.0 Fairfax Station - 127.0 Highland Park
High Point Pool,Week1,Fairfax Station,Week5,262.0 Fairfax Station - 140.0 High Point Pool
High Point Pool,Week1,Country Club Hills,Week2,260.0 High Point Pool - 142.0 Country Club Hills
Highland Park,Week2,Fairfax Station,Week4,253.0 Fairfax Station - 149.0 Highland Park
High Point Pool,Week3,Fairfax Station,Week1,223.0 Fairfax Station - 179.0 High Point Pool
High Point Pool,Week2,Country Club Hills,Week4,275.0 High Point Pool - 127.0 Country Club Hills
High Point Pool,Week3,Fairfax Station,Week3,236.0 Fairfax Station - 166.0 High Point Pool
High Point Pool,Week1,Hollin Meadows,Week2,245.0 High Point Pool - 157.0 Hollin Meadows
High Point Pool,Week1,McLean,Week3,267.0 McLean - 135.0 High Point Pool
High Point Pool,Week3,Fairfax Station,Week2,230.5 Fairfax Station - 171.5 High Point Pool
Highland Park,Week3,Fair Oaks ,Week2,233.0 Highland Park - 169.0 Fair Oaks
High Point Pool,Week3,Hollin Hills,Week2,317.0 High Point Pool - 85.0 Hollin Hills
Highland Park,Week1,Fairfax Station,Week2,244.0 Fairfax Station - 158.0 Highland Park
High Point Pool,Week1,Hollin Meadows,Week4,221.0 High Point Pool - 181.0 Hollin Meadows
High Point Pool,Week2,Sideburn Run,Week1,238.0 High Point Pool - 164.0 Sideburn Run
High Point Pool,Week5,Mantua,Week5,248.0 Mantua - 154.0 High Point Pool
High Point Pool,Week2,Hollin Meadows,Week5,219.0 High Point Pool - 183.0 Hollin Meadows
High Point Pool,Week3,Mantua,Week3,228.5 Mantua - 173.5 High Point Pool
Highland Park,Week4,Fair Oaks ,Week4,218.0 Highland Park - 184.0 Fair Oaks
High Point Pool,Week2,Fairfax Station,Week5,244.5 Fairfax Station - 157.5 High Point Pool
High Point Pool,Week2,Country Club Hills,Week5,269.0 High Point Pool - 133.0 Country Club Hills
Highland Park,Week4,Fair Oaks ,Week3,203.0 Highland Park - 199.0 Fair Oaks
High Point Pool,Week3,Sideburn Run,Week5,228.0 High Point Pool - 174.0 Sideburn Run
Highland Park,Week3,Fairfax Club Estates,Week2,255.0 Highland Park - 147.0 Fairfax Club Estates
High Point Pool,Week2,Hollin Meadows,Week4,245.0 High Point Pool - 157.0 Hollin Meadows
High Point Pool,Week5,Sideburn Run,Week1,223.0 High Point Pool - 179.0 Sideburn Run
Highland Park,Week4,Fairfax Club Estates,Week4,253.0 Highland Park - 149.0 Fairfax Club Estates
High Point Pool,Week4,Sideburn Run,Week1,222.0 High Point Pool - 180.0 Sideburn Run
Highland Park,Week5,Fair Oaks ,Week3,217.0 Highland Park - 185.0 Fair Oaks
High Point Pool,Week4,Hollin Hills,Week5,313.0 High Point Pool - 89.0 Hollin Hills
High Point Pool,Week4,Country Club Hills,Week2,282.0 High Point Pool - 120.0 Country Club Hills
High Point Pool,Week2,Hollin Meadows,Week2,254.0 High Point Pool - 148.0 Hollin Meadows
High Point Pool,Week3,Fairfax Station,Week4,219.0 Fairfax Station - 183.0 High Point Pool
High Point Pool,Week3,Country Club Hills,Week4,272.0 High Point Pool - 130.0 Country Club Hills
High Point Pool,Week2,Mantua,Week3,213.0 Mantua - 189.0 High Point Pool
High Point Pool,Week4,Country Club Hills,Week1,267.0 High Point Pool - 135.0 Country Club Hills
High Point Pool,Week2,Fairfax Station,Week2,216.0 Fairfax Station - 186.0 High Point Pool
Highland Park,Week4,Fair Oaks ,Week5,212.0 Fair Oaks - 190.0 Highland Park
Highland Park,Week5,Fair Oaks ,Week5,211.0 Fair Oaks - 191.0 Highland Park
High Point Pool,Week1,McLean,Week5,263.5 McLean - 138.5 High Point Pool
High Point Pool,Week3,Hollin Meadows,Week1,217.0 High Point Pool - 185.0 Hollin Meadows
High Point Pool,Week1,McLean,Week4,252.0 McLean - 150.0 High Point Pool
Highland Park,Week2,Fairfax Station,Week1,242.0 Fairfax Station - 160.0 Highland Park
High Point Pool,Week1,Hollin Meadows,Week3,222.0 High Point Pool - 180.0 Hollin Meadows
Highland Park,Week4,Fairfax Club Estates,Week5,253.0 Highland Park - 149.0 Fairfax Club Estates
Highland Park,Week1,Fairfax,Week3,245.0 Fairfax - 157.0 Highland Park
High Point Pool,Week5,Cottontail,Week2,271.0 High Point Pool - 131.0 Cottontail
High Point Pool,Week4,Fairfax Station,Week4,201.0 Fairfax Station - 201.0 High Point Pool
Highland Park,Week3,Fairfax Club Estates,Week4,232.0 Highland Park - 170.0 Fairfax Club Estates
High Point Pool,Week1,Country Club Hills,Week5,245.0 High Point Pool - 157.0 Country Club Hills
High Point Pool,Week1,Sleepy Hollow B & R,Week5,213.0 Sleepy Hollow B & R - 189.0 High Point Pool
High Point Pool,Week5,Cottontail,Week3,283.5 High Point Pool - 118.5 Cottontail
High Point Pool,Week4,Hollin Hills,Week4,326.0 High Point Pool - 76.0 Hollin Hills
Highland Park,Week5,Fairfax Club Estates,Week5,246.0 Highland Park - 155.0 Fairfax Club Estates
High Point Pool,Week1,McLean,Week1,259.0 McLean - 143.0 High Point Pool
High Point Pool,Week4,Mantua,Week1,212.0 Mantua - 190.0 High Point Pool
High Point Pool,Week4,Fairfax Station,Week5,242.0 Fairfax Station - 160.0 High Point Pool
Highland Park,Week1,Fairfax,Week1,227.0 Fairfax - 175.0 Highland Park
High Point Pool,Week1,Country Club Hills,Week4,254.0 High Point Pool - 148.0 Country Club Hills
High Point Pool,Week3,Hollin Hills,Week3,323.0 High Point Pool - 79.0 Hollin Hills
High Point Pool,Week4,Fairfax Station,Week3,230.0 Fairfax Station - 172.0 High Point Pool
High Point Pool,Week2,McLean,Week1,254.5 McLean - 147.5 High Point Pool
High Point Pool,Week4,Mantua,Week2,211.0 Mantua - 191.0 High Point Pool
High Point Pool,Week2,Sleepy Hollow B & R,Week1,228.0 High Point Pool - 174.0 Sleepy Hollow B & R
High Point Pool,Week1,Sleepy Hollow B & R,Week1,206.0 High Point Pool - 196.0 Sleepy Hollow B & R
High Point Pool,Week4,Sideburn Run,Week5,234.0 High Point Pool - 168.0 Sideburn Run
High Point Pool,Week4,Fairfax Station,Week2,219.0 Fairfax Station - 183.0 High Point Pool
High Point Pool,Week1,Hollin Meadows,Week5,205.0 Hollin Meadows - 197.0 High Point Pool
High Point Pool,Week2,McLean,Week2,269.0 McLean - 133.0 High Point Pool
High Point Pool,Week3,Hollin Meadows,Week2,247.0 High Point Pool - 155.0 Hollin Meadows
High Point Pool,Week5,Cottontail,Week1,263.0 High Point Pool - 139.0 Cottontail
High Point Pool,Week4,Sideburn Run,Week3,234.0 High Point Pool - 168.0 Sideburn Run
Highland Park,Week3,Fairfax Club Estates,Week1,253.0 Highland Park - 149.0 Fairfax Club Estates
High Point Pool,Week4,Fairfax Station,Week1,214.0 Fairfax Station - 188.0 High Point Pool
Highland Park,Week4,Fairfax Club Estates,Week1,273.0 Highland Park - 129.0 Fairfax Club Estates
Highland Park,Week4,Fairfax Club Estates,Week2,276.0 Highland Park - 126.0 Fairfax Club Estates
High Point Pool,Week3,Sideburn Run,Week2,249.0 High Point Pool - 153.0 Sideburn Run
High Point Pool,Week2,Hollin Meadows,Week3,245.0 High Point Pool - 157.0 Hollin Meadows
Highland Park,Week4,Fairfax Club Estates,Week3,264.0 Highland Park - 138.0 Fairfax Club Estates
High Point Pool,Week2,McLean,Week3,268.0 McLean - 134.0 High Point Pool
High Point Pool,Week2,Country Club Hills,Week3,277.0 High Point Pool - 125.0 Country Club Hills
Highland Park,Week3,Fairfax Club Estates,Week3,249.0 Highland Park - 153.0 Fairfax Club Estates
High Point Pool,Week2,Country Club Hills,Week1,273.0 High Point Pool - 129.0 Country Club Hills
High Point Pool,Week5,Sideburn Run,Week5,235.0 High Point Pool - 167.0 Sideburn Run
High Point Pool,Week5,Fairfax Station,Week1,229.0 Fairfax Station - 173.0 High Point Pool
High Point Pool,Week3,Sideburn Run,Week1,221.0 High Point Pool - 181.0 Sideburn Run
High Point Pool,Week5,Sideburn Run,Week3,233.5 High Point Pool - 168.5 Sideburn Run
High Point Pool,Week2,Sideburn Run,Week2,266.0 High Point Pool - 136.0 Sideburn Run
High Point Pool,Week1,Hollin Meadows,Week1,218.0 High Point Pool - 184.0 Hollin Meadows
High Point Pool,Week4,Country Club Hills,Week3,273.0 High Point Pool - 129.0 Country Club Hills
Highland Park,Week3,Fairfax Club Estates,Week5,241.0 Highland Park - 160.0 Fairfax Club Estates
High Point Pool,Week3,Country Club Hills,Week1,253.0 High Point Pool - 149.0 Country Club Hills
High Point Pool,Week5,Country Club Hills,Week2,273.0 High Point Pool - 129.0 Country Club Hills
High Point Pool,Week1,Forest Hollow,Week3,202.0 Forest Hollow - 200.0 High Point Pool
Hiddenbrook,Week4,Ravensworth Farm,Week4,264.0 Ravensworth Farm - 138.0 Hiddenbrook
High Point Pool,Week4,Country Club Hills,Week4,278.0 High Point Pool - 124.0 Country Club Hills
High Point Pool,Week2,Mantua,Week5,238.0 Mantua - 164.0 High Point Pool
High Point Pool,Week4,McLean,Week3,264.0 McLean - 138.0 High Point Pool
High Point Pool,Week4,Hollin Hills,Week2,313.0 High Point Pool - 89.0 Hollin Hills
High Point Pool,Week4,Sideburn Run,Week4,233.0 High Point Pool - 169.0 Sideburn Run
High Point Pool,Week2,McLean,Week5,264.0 McLean - 138.0 High Point Pool
High Point Pool,Week5,Fairfax Station,Week2,229.0 Fairfax Station - 173.0 High Point Pool
High Point Pool,Week3,Forest Hollow,Week4,213.0 High Point Pool - 189.0 Forest Hollow
High Point Pool,Week2,McLean,Week4,243.0 McLean - 159.0 High Point Pool
High Point Pool,Week3,Hollin Meadows,Week5,206.0 Hollin Meadows - 196.0 High Point Pool
High Point Pool,Week5,Country Club Hills,Week1,277.0 High Point Pool - 125.0 Country Club Hills
High Point Pool,Week4,Forest Hollow,Week1,220.0 High Point Pool - 182.0 Forest Hollow
Highland Park,Week5,Fairfax Club Estates,Week2,259.0 Highland Park - 143.0 Fairfax Club Estates
Hiddenbrook,Week3,Ravensworth Farm,Week4,260.0 Ravensworth Farm - 142.0 Hiddenbrook
High Point Pool,Week3,McLean,Week2,253.0 McLean - 149.0 High Point Pool
High Point Pool,Week2,Mosby Woods,Week5,221.0 Mosby Woods - 181.0 High Point Pool
Hiddenbrook,Week2,Ravensworth Farm,Week4,296.0 Ravensworth Farm - 106.0 Hiddenbrook
High Point Pool,Week3,Hollin Meadows,Week3,217.0 High Point Pool - 185.0 Hollin Meadows
High Point Pool,Week5,Forest Hollow,Week4,219.0 High Point Pool - 183.0 Forest Hollow
High Point Pool,Week5,Hollin Hills,Week4,329.0 High Point Pool - 73.0 Hollin Hills
Highland Park,Week1,Fairfax Station,Week3,258.0 Fairfax Station - 144.0 Highland Park
High Point Pool,Week1,Sleepy Hollow B & R,Week3,210.5 Sleepy Hollow B & R - 191.5 High Point Pool
High Point Pool,Week4,Hollin Hills,Week3,327.0 High Point Pool - 75.0 Hollin Hills
High Point Pool,Week4,Mantua,Week5,237.0 Mantua - 165.0 High Point Pool
High Point Pool,Week5,Fairfax Station,Week3,253.0 Fairfax Station - 149.0 High Point Pool
Highland Park,Week1,Fairfax Station,Week4,229.0 Fairfax Station - 173.0 Highland Park
High Point Pool,Week1,Forest Hollow,Week1,205.0 Forest Hollow - 197.0 High Point Pool
High Point Pool,Week2,Sideburn Run,Week3,237.0 High Point Pool - 165.0 Sideburn Run
Highland Park,Week1,Fairfax Station,Week1,241.0 Fairfax Station - 161.0 Highland Park
High Point Pool,Week5,Country Club Hills,Week4,266.0 High Point Pool - 136.0 Country Club Hills
Highland Park,Week5,Fairfax Club Estates,Week4,246.0 Highland Park - 156.0 Fairfax Club Estates
High Point Pool,Week2,Sleepy Hollow B & R,Week2,209.0 High Point Pool - 193.0 Sleepy Hollow B & R
Highland Park,Week2,Fairfax Station,Week2,253.0 Fairfax Station - 149.0 Highland Park
High Point Pool,Week4,McLean,Week5,259.0 McLean - 143.0 High Point Pool
High Point Pool,Week5,Country Club Hills,Week5,257.0 High Point Pool - 145.0 Country Club Hills
High Point Pool,Week4,Hollin Meadows,Week1,218.0 High Point Pool - 184.0 Hollin Meadows
High Point Pool,Week4,Sideburn Run,Week2,252.0 High Point Pool - 150.0 Sideburn Run
High Point Pool,Week3,Forest Hollow,Week2,219.0 High Point Pool - 183.0 Forest Hollow
High Point Pool,Week3,Mosby Woods,Week5,247.0 Mosby Woods - 155.0 High Point Pool
Hiddenbrook,Week4,Ravensworth Farm,Week2,236.0 Ravensworth Farm - 165.0 Hiddenbrook
High Point Pool,Week1,Crosspointe,Week1,231.0 Crosspointe - 171.0 High Point Pool
Hiddenbrook,Week5,Ravensworth Farm,Week4,239.0 Ravensworth Farm - 163.0 Hiddenbrook
Highland Park,Week2,Fairfax Station,Week3,270.0 Fairfax Station - 132.0 Highland Park
High Point Pool,Week2,Forest Hollow,Week3,217.0 High Point Pool - 185.0 Forest Hollow
High Point Pool,Week4,Hollin Meadows,Week2,245.0 High Point Pool - 157.0 Hollin Meadows
High Point Pool,Week4,Hollin Meadows,Week3,236.0 High Point Pool - 166.0 Hollin Meadows
Hiddenbrook,Week3,Ravensworth Farm,Week2,238.0 Ravensworth Farm - 163.0 Hiddenbrook
High Point Pool,Week5,Forest Hollow,Week1,214.0 High Point Pool - 188.0 Forest Hollow
High Point Pool,Week1,Crosspointe,Week4,229.0 Crosspointe - 173.0 High Point Pool
High Point Pool,Week3,Crosspointe,Week1,236.0 Crosspointe - 166.0 High Point Pool
Highland Park,Week3,Fairfax Station,Week5,272.0 Fairfax Station - 130.0 Highland Park
High Point Pool,Week2,Sleepy Hollow B & R,Week3,214.0 High Point Pool - 188.0 Sleepy Hollow B & R
Hiddenbrook,Week5,Ravensworth Farm,Week2,235.0 Ravensworth Farm - 167.0 Hiddenbrook
High Point Pool,Week2,Daventry,Week2,323.0 High Point Pool - 78.0 Daventry
High Point Pool,Week4,Mosby Woods,Week5,230.5 Mosby Woods - 171.5 High Point Pool
High Point Pool,Week5,Hollin Meadows,Week1,229.0 High Point Pool - 173.0 Hollin Meadows
High Point Pool,Week4,Hollin Meadows,Week5,211.0 High Point Pool - 191.0 Hollin Meadows
High Point Pool,Week3,Sleepy Hollow B & R,Week2,205.0 Sleepy Hollow B & R - 197.0 High Point Pool
Hiddenbrook,Week2,Ravensworth Farm,Week1,305.0 Ravensworth Farm - 97.0 Hiddenbrook
High Point Pool,Week4,Mosby Woods,Week2,228.0 Mosby Woods - 174.0 High Point Pool
High Point Pool,Week5,Fairfax Station,Week5,251.0 Fairfax Station - 151.0 High Point Pool
High Point Pool,Week3,Forest Hollow,Week5,212.0 Forest Hollow - 190.0 High Point Pool
Hiddenbrook,Week2,Ravensworth Farm,Week3,302.0 Ravensworth Farm - 100.0 Hiddenbrook
High Point Pool,Week3,Holmes Run Acres,Week5,203.0 High Point Pool - 199.0 Holmes Run Acres
High Point Pool,Week1,Crosspointe,Week2,212.0 Crosspointe - 190.0 High Point Pool
Highland Park,Week4,Fairfax Station,Week2,253.0 Fairfax Station - 149.0 Highland Park
High Point Pool,Week4,Hollin Meadows,Week4,227.0 High Point Pool - 175.0 Hollin Meadows
Highland Park,Week3,Fairfax Station,Week3,271.0 Fairfax Station - 131.0 Highland Park
Highland Park,Week3,Fairfax Station,Week4,257.0 Fairfax Station - 145.0 Highland Park
High Point Pool,Week1,Forest Hollow,Week2,203.0 High Point Pool - 199.0 Forest Hollow
Hiddenbrook,Week4,Riverside Gardens,Week2,275.0 Riverside Gardens - 122.0 Hiddenbrook
High Point Pool,Week2,Crosspointe,Week1,211.0 Crosspointe - 191.0 High Point Pool
High Point Pool,Week4,Sleepy Hollow B & R,Week2,208.0 High Point Pool - 194.0 Sleepy Hollow B & R
High Point Pool,Week3,Sleepy Hollow Rec,Week2,282.0 High Point Pool - 120.0 Sleepy Hollow Rec
High Point Pool,Week4,Forest Hollow,Week3,206.0 High Point Pool - 196.0 Forest Hollow
High Point Pool,Week1,Sleepy Hollow Rec,Week3,258.0 High Point Pool - 144.0 Sleepy Hollow Rec
High Point Pool,Week1,Mosby Woods,Week2,244.0 Mosby Woods - 158.0 High Point Pool
High Point Pool,Week4,Mosby Woods,Week4,213.0 Mosby Woods - 189.0 High Point Pool
High Point Pool,Week5,McLean,Week4,244.0 McLean - 158.0 High Point Pool
Hiddenbrook,Week5,Ravensworth Farm,Week3,256.0 Ravensworth Farm - 146.0 Hiddenbrook
Highland Park,Week5,Fairfax Station,Week1,249.0 Fairfax Station - 153.0 Highland Park
High Point Pool,Week2,Forest Hollow,Week2,239.0 High Point Pool - 163.0 Forest Hollow
High Point Pool,Week1,Sleepy Hollow Rec,Week1,274.0 High Point Pool - 128.0 Sleepy Hollow Rec
Hiddenbrook,Week5,Ravensworth Farm,Week5,268.0 Ravensworth Farm - 134.0 Hiddenbrook
High Point Pool,Week3,Crosspointe,Week2,214.0 Crosspointe - 188.0 High Point Pool
Hiddenbrook,Week3,Riverside Gardens,Week5,296.0 Riverside Gardens - 106.0 Hiddenbrook
High Point Pool,Week2,Holmes Run Acres,Week3,233.0 High Point Pool - 169.0 Holmes Run Acres
Highland Park,Week5,Fairfax Station,Week2,254.0 Fairfax Station - 148.0 Highland Park
High Point Pool,Week4,Forest Hollow,Week5,204.0 High Point Pool - 198.0 Forest Hollow
High Point Pool,Week1,Holmes Run Acres,Week5,202.0 Holmes Run Acres - 200.0 High Point Pool
Hiddenbrook,Week1,Riverside Gardens,Week3,298.0 Riverside Gardens - 104.0 Hiddenbrook
High Point Pool,Week5,Fairfax Station,Week4,213.0 Fairfax Station - 189.0 High Point Pool
High Point Pool,Week3,Sleepy Hollow B & R,Week5,220.5 Sleepy Hollow B & R - 180.5 High Point Pool
High Point Pool,Week2,Crosspointe,Week5,233.0 Crosspointe - 169.0 High Point Pool
High Point Pool,Week3,Forest Hollow,Week3,214.0 High Point Pool - 188.0 Forest Hollow
High Point Pool,Week4,McLean,Week1,240.0 McLean - 162.0 High Point Pool
High Point Pool,Week4,Forest Hollow,Week4,204.0 High Point Pool - 198.0 Forest Hollow
High Point Pool,Week4,McLean,Week2,258.0 McLean - 144.0 High Point Pool
High Point Pool,Week1,Holmes Run Acres,Week1,248.0 High Point Pool - 154.0 Holmes Run Acres
Highland Park,Week1,Forest Hollow,Week1,214.0 Highland Park - 188.0 Forest Hollow
High Point Pool,Week5,McLean,Week2,268.0 McLean - 134.0 High Point Pool
High Point Pool,Week1,Hunt Valley,Week1,235.0 Hunt Valley - 167.0 High Point Pool
High Point Pool,Week4,Forest Hollow,Week2,224.0 High Point Pool - 178.0 Forest Hollow
Highland Park,Week4,Fairfax Station,Week5,264.0 Fairfax Station - 138.0 Highland Park
High Point Pool,Week5,Holmes Run Acres,Week4,255.0 High Point Pool - 147.0 Holmes Run Acres
High Point Pool,Week1,Mosby Woods,Week3,237.0 Mosby Woods - 165.0 High Point Pool
High Point Pool,Week4,Holmes Run Acres,Week3,222.0 High Point Pool - 180.0 Holmes Run Acres
Hiddenbrook,Week4,Ravensworth Farm,Week3,284.0 Ravensworth Farm - 118.0 Hiddenbrook
Hiddenbrook,Week2,Riverside Gardens,Week1,327.0 Riverside Gardens - 75.0 Hiddenbrook
High Point Pool,Week2,Crosspointe,Week4,208.0 Crosspointe - 194.0 High Point Pool
High Point Pool,Week3,Mosby Woods,Week1,241.0 Mosby Woods - 161.0 High Point Pool
High Point Pool,Week4,Crosspointe,Week3,215.0 Crosspointe - 187.0 High Point Pool
High Point Pool,Week1,Mosby Woods,Week5,242.0 Mosby Woods - 160.0 High Point Pool
Highland Park,Week5,Fairfax Station,Week3,261.0 Fairfax Station - 141.0 Highland Park
High Point Pool,Week2,Sleepy Hollow Rec,Week5,285.0 High Point Pool - 117.0 Sleepy Hollow Rec
High Point Pool,Week3,Crosspointe,Week5,266.0 Crosspointe - 136.0 High Point Pool
Highland Park,Week4,Forest Hollow,Week5,215.0 Forest Hollow - 187.0 Highland Park
Hiddenbrook,Week2,Ravensworth Farm,Week2,284.0 Ravensworth Farm - 117.0 Hiddenbrook
High Point Pool,Week1,Sleepy Hollow Rec,Week5,260.0 High Point Pool - 142.0 Sleepy Hollow Rec
High Point Pool,Week1,Forest Hollow,Week4,204.0 High Point Pool - 198.0 Forest Hollow
Hiddenbrook,Week4,Riverside Gardens,Week1,286.0 Riverside Gardens - 116.0 Hiddenbrook
High Point Pool,Week4,Crosspointe,Week1,212.0 Crosspointe - 190.0 High Point Pool
Hiddenbrook,Week4,Mantua,Week2,281.0 Mantua - 121.0 Hiddenbrook
High Point Pool,Week3,Sleepy Hollow B & R,Week1,213.0 High Point Pool - 189.0 Sleepy Hollow B & R
High Point Pool,Week5,Crosspointe,Week3,223.0 Crosspointe - 179.0 High Point Pool
Highland Park,Week1,Forest Hollow,Week4,203.0 Highland Park - 199.0 Forest Hollow
High Point Pool,Week5,Sleepy Hollow B & R,Week2,209.0 High Point Pool - 193.0 Sleepy Hollow B & R
High Point Pool,Week1,Mosby Woods,Week1,241.0 Mosby Woods - 161.0 High Point Pool
High Point Pool,Week3,Holmes Run Acres,Week2,248.0 High Point Pool - 153.0 Holmes Run Acres
High Point Pool,Week3,Sleepy Hollow B & R,Week4,218.0 Sleepy Hollow B & R - 184.0 High Point Pool
Hiddenbrook,Week3,Mantua,Week4,286.0 Mantua - 116.0 Hiddenbrook
High Point Pool,Week5,Crosspointe,Week1,221.0 Crosspointe - 181.0 High Point Pool
Hiddenbrook,Week4,Ravensworth Farm,Week5,290.5 Ravensworth Farm - 111.5 Hiddenbrook
High Point Pool,Week1,Forest Hollow,Week5,224.0 Forest Hollow - 178.0 High Point Pool
High Point Pool,Week3,Holmes Run Acres,Week1,257.0 High Point Pool - 144.0 Holmes Run Acres
Highland Park,Week2,Forest Hollow,Week4,209.0 Forest Hollow - 193.0 Highland Park
Highland Park,Week1,Forest Hollow,Week2,234.0 Highland Park - 168.0 Forest Hollow
Hiddenbrook,Week3,Ravensworth Farm,Week3,277.0 Ravensworth Farm - 125.0 Hiddenbrook
High Point Pool,Week5,Holmes Run Acres,Week3,224.0 High Point Pool - 178.0 Holmes Run Acres
High Point Pool,Week5,McLean,Week5,268.0 McLean - 134.0 High Point Pool
High Point Pool,Week5,Holmes Run Acres,Week1,247.0 High Point Pool - 155.0 Holmes Run Acres
High Point Pool,Week1,Sleepy Hollow Rec,Week4,291.0 High Point Pool - 111.0 Sleepy Hollow Rec
High Point Pool,Week4,Sleepy Hollow B & R,Week1,230.0 High Point Pool - 172.0 Sleepy Hollow B & R
High Point Pool,Week3,Mosby Woods,Week4,234.0 Mosby Woods - 168.0 High Point Pool
High Point Pool,Week5,Crosspointe,Week4,222.0 Crosspointe - 180.0 High Point Pool
Hiddenbrook,Week1,Mantua,Week5,320.0 Mantua - 82.0 Hiddenbrook
Highland Park,Week2,Forest Hollow,Week5,233.0 Forest Hollow - 169.0 Highland Park
High Point Pool,Week2,Forest Hollow,Week1,217.0 High Point Pool - 185.0 Forest Hollow
High Point Pool,Week5,Forest Hollow,Week2,230.0 High Point Pool - 172.0 Forest Hollow
High Point Pool,Week4,Holmes Run Acres,Week2,249.0 High Point Pool - 153.0 Holmes Run Acres
High Point Pool,Week2,Sleepy Hollow Rec,Week1,304.0 High Point Pool - 98.0 Sleepy Hollow Rec
High Point Pool,Week2,Forest Hollow,Week4,232.0 High Point Pool - 170.0 Forest Hollow
High Point Pool,Week3,McLean,Week4,249.0 McLean - 153.0 High Point Pool
High Point Pool,Week2,Holmes Run Acres,Week2,257.0 High Point Pool - 145.0 Holmes Run Acres
High Point Pool,Week4,Holmes Run Acres,Week5,203.0 High Point Pool - 199.0 Holmes Run Acres
Hiddenbrook,Week1,Mantua,Week2,298.0 Mantua - 104.0 Hiddenbrook
Highland Park,Week4,Fairfax Station,Week3,258.0 Fairfax Station - 144.0 Highland Park
Hiddenbrook,Week2,Ravensworth Farm,Week5,313.0 Ravensworth Farm - 89.0 Hiddenbrook
High Point Pool,Week2,Sleepy Hollow Rec,Week2,302.0 High Point Pool - 100.0 Sleepy Hollow Rec
Hiddenbrook,Week1,Riverside Gardens,Week1,294.0 Riverside Gardens - 108.0 Hiddenbrook
High Point Pool,Week1,Crosspointe,Week5,245.0 Crosspointe - 157.0 High Point Pool
Highland Park,Week1,Forest Hollow,Week3,203.0 Forest Hollow - 199.0 Highland Park
Hiddenbrook,Week3,Ravensworth Farm,Week5,285.0 Ravensworth Farm - 117.0 Hiddenbrook
Hiddenbrook,Week2,Mantua,Week5,333.0 Mantua - 69.0 Hiddenbrook
High Point Pool,Week5,Sleepy Hollow B & R,Week1,224.0 High Point Pool - 178.0 Sleepy Hollow B & R
High Point Pool,Week2,Hunt Valley,Week4,227.0 Hunt Valley - 175.0 High Point Pool
High Point Pool,Week3,Crosspointe,Week3,221.0 Crosspointe - 181.0 High Point Pool
High Point Pool,Week4,McLean,Week4,249.0 McLean - 153.0 High Point Pool
Highland Park,Week2,Forest Hollow,Week2,216.0 Highland Park - 186.0 Forest Hollow
High Point Pool,Week2,Crosspointe,Week2,205.0 High Point Pool - 197.0 Crosspointe
High Point Pool,Week3,Forest Hollow,Week1,206.0 High Point Pool - 196.0 Forest Hollow
High Point Pool,Week1,Mosby Woods,Week4,217.0 Mosby Woods - 184.0 High Point Pool
High Point Pool,Week2,Forest Hollow,Week5,218.0 High Point Pool - 184.0 Forest Hollow
Hiddenbrook,Week1,Riverside Gardens,Week4,318.0 Riverside Gardens - 84.0 Hiddenbrook
High Point Pool,Week5,McLean,Week3,269.0 McLean - 132.0 High Point Pool
High Point Pool,Week4,Crosspointe,Week2,219.0 Crosspointe - 183.0 High Point Pool
Hiddenbrook,Week1,Mantua,Week4,294.0 Mantua - 108.0 Hiddenbrook
Highland Park,Week5,Fairfax Station,Week4,248.0 Fairfax Station - 154.0 Highland Park
Hiddenbrook,Week2,Mantua,Week1,308.0 Mantua - 89.0 Hiddenbrook
High Point Pool,Week1,Sleepy Hollow Rec,Week2,276.0 High Point Pool - 126.0 Sleepy Hollow Rec
Highland Park,Week3,Forest Hollow,Week5,240.0 Forest Hollow - 162.0 Highland Park
High Point Pool,Week2,Mosby Woods,Week4,217.0 Mosby Woods - 185.0 High Point Pool
High Point Pool,Week2,Fox Hunt,Week1,248.0 High Point Pool - 154.0 Fox Hunt
High Point Pool,Week2,Crosspointe,Week3,201.0 Crosspointe - 201.0 High Point Pool
Hiddenbrook,Week1,Riverside Gardens,Week5,304.0 Riverside Gardens - 98.0 Hiddenbrook
Hiddenbrook,Week3,Ravensworth Farm,Week1,276.0 Ravensworth Farm - 126.0 Hiddenbrook
Hiddenbrook,Week3,Mantua,Week2,282.0 Mantua - 115.0 Hiddenbrook
High Point Pool,Week1,Holmes Run Acres,Week4,238.0 High Point Pool - 164.0 Holmes Run Acres
High Point Pool,Week5,Fox Hunt,Week2,243.0 High Point Pool - 158.0 Fox Hunt
High Point Pool,Week5,McLean,Week1,262.0 McLean - 140.0 High Point Pool
High Point Pool,Week1,Daventry,Week4,327.0 High Point Pool - 75.0 Daventry
High Point Pool,Week2,Mosby Woods,Week1,225.0 Mosby Woods - 177.0 High Point Pool
High Point Pool,Week5,Crosspointe,Week2,225.0 Crosspointe - 177.0 High Point Pool
High Point Pool,Week4,Sleepy Hollow B & R,Week3,214.0 High Point Pool - 188.0 Sleepy Hollow B & R
High Point Pool,Week3,McLean,Week5,262.5 McLean - 139.5 High Point Pool
High Point Pool,Week1,Fox Hunt,Week3,207.0 High Point Pool - 195.0 Fox Hunt
High Point Pool,Week3,Sleepy Hollow B & R,Week3,207.0 Sleepy Hollow B & R - 194.0 High Point Pool
Highland Park,Week4,Forest Hollow,Week1,215.0 Highland Park - 187.0 Forest Hollow
Hiddenbrook,Week5,Ravensworth Farm,Week1,254.5 Ravensworth Farm - 147.5 Hiddenbrook
High Point Pool,Week2,Mosby Woods,Week3,217.0 Mosby Woods - 185.0 High Point Pool
Hiddenbrook,Week2,McLean,Week3,325.0 McLean - 72.0 Hiddenbrook
High Point Pool,Week3,Holmes Run Acres,Week3,216.0 High Point Pool - 185.0 Holmes Run Acres
Hiddenbrook,Week1,McLean,Week2,314.0 McLean - 88.0 Hiddenbrook
High Point Pool,Week2,Sleepy Hollow Rec,Week3,283.0 High Point Pool - 119.0 Sleepy Hollow Rec
Highland Park,Week3,Forest Hollow,Week3,226.0 Forest Hollow - 176.0 Highland Park
High Point Pool,Week5,Hollin Meadows,Week5,214.0 High Point Pool - 188.0 Hollin Meadows
Highland Park,Week2,Forest Hollow,Week3,205.0 Highland Park - 197.0 Forest Hollow
High Point Pool,Week5,Hollin Meadows,Week4,232.5 High Point Pool - 169.5 Hollin Meadows
Hiddenbrook,Week4,Ravensworth Farm,Week1,267.0 Ravensworth Farm - 135.0 Hiddenbrook
High Point Pool,Week1,Daventry,Week5,303.0 High Point Pool - 99.0 Daventry
Hiddenbrook,Week4,Mantua,Week1,282.0 Mantua - 119.0 Hiddenbrook
High Point Pool,Week1,Daventry,Week2,307.0 High Point Pool - 95.0 Daventry
High Point Pool,Week1,Fox Mill Estates,Week2,253.0 High Point Pool - 149.0 Fox Mill Estates
Hiddenbrook,Week3,Mantua,Week5,315.0 Mantua - 87.0 Hiddenbrook
High Point Pool,Week5,Forest Hollow,Week3,216.0 High Point Pool - 186.0 Forest Hollow
High Point Pool,Week4,Sleepy Hollow B & R,Week5,205.0 Sleepy Hollow B & R - 197.0 High Point Pool
High Point Pool,Week2,Mosby Woods,Week2,235.0 Mosby Woods - 167.0 High Point Pool
Hiddenbrook,Week5,Mantua,Week4,260.0 Mantua - 142.0 Hiddenbrook
High Point Pool,Week2,Fox Hunt,Week2,239.0 High Point Pool - 163.0 Fox Hunt
High Point Pool,Week1,Fox Hunt,Week4,208.0 High Point Pool - 194.0 Fox Hunt
High Point Pool,Week5,Hollin Meadows,Week2,246.0 High Point Pool - 156.0 Hollin Meadows
Hiddenbrook,Week2,Riverside Gardens,Week5,332.0 Riverside Gardens - 69.0 Hiddenbrook
Hiddenbrook,Week2,Mantua,Week2,301.0 Mantua - 101.0 Hiddenbrook
Highland Park,Week3,Forest Hollow,Week2,211.0 Forest Hollow - 191.0 Highland Park
High Point Pool,Week5,Hollin Meadows,Week3,225.0 High Point Pool - 176.0 Hollin Meadows
High Point Pool,Week5,Sleepy Hollow B & R,Week3,208.0 High Point Pool - 194.0 Sleepy Hollow B & R
High Point Pool,Week4,Sleepy Hollow B & R,Week4,206.0 Sleepy Hollow B & R - 196.0 High Point Pool
Hiddenbrook,Week2,Riverside Gardens,Week4,331.0 Riverside Gardens - 71.0 Hiddenbrook
Highland Park,Week4,Fairfax Station,Week4,230.0 Fairfax Station - 172.0 Highland Park
High Point Pool,Week1,Daventry,Week1,323.0 High Point Pool - 79.0 Daventry
Hiddenbrook,Week1,McLean,Week4,304.0 McLean - 98.0 Hiddenbrook
High Point Pool,Week2,Sleepy Hollow Rec,Week4,308.0 High Point Pool - 94.0 Sleepy Hollow Rec
Hiddenbrook,Week1,McLean,Week5,323.0 McLean - 79.0 Hiddenbrook
High Point Pool,Week5,Sleepy Hollow B & R,Week5,218.0 Sleepy Hollow B & R - 184.0 High Point Pool
Highland Park,Week1,Forest Hollow,Week5,218.0 Forest Hollow - 184.0 Highland Park
High Point Pool,Week2,Fox Hunt,Week3,226.0 High Point Pool - 176.0 Fox Hunt
High Point Pool,Week4,Crosspointe,Week4,217.0 Crosspointe - 185.0 High Point Pool
High Point Pool,Week1,Crosspointe,Week3,230.0 Crosspointe - 167.0 High Point Pool
High Point Pool,Week1,Holmes Run Acres,Week3,207.0 Holmes Run Acres - 195.0 High Point Pool
High Point Pool,Week3,Mosby Woods,Week3,233.0 Mosby Woods - 169.0 High Point Pool
High Point Pool,Week2,Fox Hunt,Week5,219.0 High Point Pool - 183.0 Fox Hunt
High Point Pool,Week5,Sleepy Hollow B & R,Week4,207.0 Sleepy Hollow B & R - 195.0 High Point Pool
High Point Pool,Week2,Holmes Run Acres,Week1,271.0 High Point Pool - 131.0 Holmes Run Acres
Hiddenbrook,Week2,Riverside Gardens,Week2,315.5 Riverside Gardens - 86.5 Hiddenbrook
High Point Pool,Week3,Mosby Woods,Week2,251.0 Mosby Woods - 151.0 High Point Pool
Hiddenbrook,Week3,Riverside Gardens,Week2,266.0 Riverside Gardens - 136.0 Hiddenbrook
High Point Pool,Week4,Mosby Woods,Week1,239.0 Mosby Woods - 163.0 High Point Pool
Highland Park,Week4,Forest Hollow,Week3,205.0 Forest Hollow - 197.0 Highland Park
High Point Pool,Week4,Crosspointe,Week5,245.5 Crosspointe - 156.5 High Point Pool
Hiddenbrook,Week3,Mantua,Week3,310.0 Mantua - 92.0 Hiddenbrook
High Point Pool,Week3,Holmes Run Acres,Week4,254.0 High Point Pool - 147.0 Holmes Run Acres
Hiddenbrook,Week2,Riverside Gardens,Week3,335.0 Riverside Gardens - 67.0 Hiddenbrook
High Point Pool,Week3,Sleepy Hollow Rec,Week1,282.0 High Point Pool - 120.0 Sleepy Hollow Rec
Highland Park,Week5,Fairfax Station,Week5,276.0 Fairfax Station - 126.0 Highland Park
High Point Pool,Week1,Somerset-Olde Creek,Week4,324.0 High Point Pool - 78.0 Somerset-Olde Creek
High Point Pool,Week4,Mosby Woods,Week3,221.0 Mosby Woods - 181.0 High Point Pool
Highland Park,Week2,Forest Hollow,Week1,208.0 Highland Park - 194.0 Forest Hollow
High Point Pool,Week2,Fox Hunt,Week4,238.5 High Point Pool - 163.5 Fox Hunt
High Point Pool,Week1,Daventry,Week3,311.0 High Point Pool - 91.0 Daventry
High Point Pool,Week1,Fox Hunt,Week1,225.0 High Point Pool - 177.0 Fox Hunt
Highland Park,Week4,Forest Hollow,Week4,204.0 Highland Park - 198.0 Forest Hollow
High Point Pool,Week3,Mount Vernon Park,Week3,226.0 Mount Vernon Park - 176.0 High Point Pool
Hiddenbrook,Week1,McLean,Week1,311.0 McLean - 91.0 Hiddenbrook
High Point Pool,Week3,Crosspointe,Week4,220.5 Crosspointe - 181.5 High Point Pool
High Point Pool,Week1,Somerset-Olde Creek,Week2,329.0 High Point Pool - 68.0 Somerset-Olde Creek
High Point Pool,Week1,Holmes Run Acres,Week2,242.0 High Point Pool - 160.0 Holmes Run Acres
High Point Pool,Week5,Forest Hollow,Week5,207.0 High Point Pool - 195.0 Forest Hollow
High Point Pool,Week5,Crosspointe,Week5,240.0 Crosspointe - 162.0 High Point Pool
Highland Park,Week3,Forest Hollow,Week4,219.0 Forest Hollow - 183.0 Highland Park
Hiddenbrook,Week1,Riverside Gardens,Week2,269.0 Riverside Gardens - 133.0 Hiddenbrook
High Point Pool,Week1,Fox Hunt,Week5,203.5 High Point Pool - 198.5 Fox Hunt
High Point Pool,Week4,Sleepy Hollow Rec,Week3,259.0 High Point Pool - 143.0 Sleepy Hollow Rec
Hiddenbrook,Week3,Riverside Gardens,Week3,298.5 Riverside Gardens - 103.5 Hiddenbrook
High Point Pool,Week5,Mount Vernon Park,Week2,221.0 Mount Vernon Park - 181.0 High Point Pool
High Point Pool,Week2,Holmes Run Acres,Week5,226.0 High Point Pool - 176.0 Holmes Run Acres
Hiddenbrook,Week3,Riverside Gardens,Week1,280.0 Riverside Gardens - 122.0 Hiddenbrook
Hiddenbrook,Week5,Mantua,Week1,276.0 Mantua - 126.0 Hiddenbrook
Hiddenbrook,Week5,Mantua,Week2,257.0 Mantua - 145.0 Hiddenbrook
High Point Pool,Week2,Holmes Run Acres,Week4,256.0 High Point Pool - 146.0 Holmes Run Acres
High Point Pool,Week1,Mount Vernon Park,Week2,213.0 Mount Vernon Park - 189.0 High Point Pool
High Point Pool,Week5,Holmes Run Acres,Week5,212.0 High Point Pool - 190.0 Holmes Run Acres
Highland Park,Week3,Forest Hollow,Week1,211.0 Forest Hollow - 191.0 Highland Park
High Point Pool,Week4,Daventry,Week3,314.0 High Point Pool - 87.0 Daventry
Hiddenbrook,Week3,Rolling Forest,Week5,233.0 Rolling Forest - 169.0 Hiddenbrook
High Point Pool,Week1,Mount Vernon Park,Week3,226.0 Mount Vernon Park - 176.0 High Point Pool
High Point Pool,Week2,Mount Vernon Park,Week5,226.0 Mount Vernon Park - 176.0 High Point Pool
High Point Pool,Week2,Daventry,Week1,324.5 High Point Pool - 77.5 Daventry
High Point Pool,Week2,Daventry,Week4,345.0 High Point Pool - 57.0 Daventry
Highland Park,Week3,Fox Hunt,Week1,208.0 Highland Park - 194.0 Fox Hunt
Highland Park,Week4,Forest Hollow,Week2,223.0 Highland Park - 179.0 Forest Hollow
High Point Pool,Week3,Daventry,Week2,315.0 High Point Pool - 87.0 Daventry
High Point Pool,Week5,Holmes Run Acres,Week2,262.5 High Point Pool - 139.5 Holmes Run Acres
High Point Pool,Week4,Sleepy Hollow Rec,Week5,279.0 High Point Pool - 123.0 Sleepy Hollow Rec
Hiddenbrook,Week3,Riverside Gardens,Week4,296.0 Riverside Gardens - 106.0 Hiddenbrook
High Point Pool,Week4,Holmes Run Acres,Week4,245.0 High Point Pool - 157.0 Holmes Run Acres
High Point Pool,Week3,Sleepy Hollow Rec,Week3,263.0 High Point Pool - 139.0 Sleepy Hollow Rec
High Point Pool,Week5,Daventry,Week4,333.0 High Point Pool - 67.0 Daventry
Hiddenbrook,Week1,Rolling Forest,Week4,237.0 Rolling Forest - 165.0 Hiddenbrook
High Point Pool,Week4,Fox Hunt,Week1,248.0 High Point Pool - 154.0 Fox Hunt
High Point Pool,Week4,Holmes Run Acres,Week1,245.0 High Point Pool - 157.0 Holmes Run Acres
Hiddenbrook,Week4,Mantua,Week4,269.0 Mantua - 133.0 Hiddenbrook
Hiddenbrook,Week1,Rolling Forest,Week3,248.0 Rolling Forest - 154.0 Hiddenbrook
Hiddenbrook,Week5,Riverside Gardens,Week2,246.0 Riverside Gardens - 156.0 Hiddenbrook
High Point Pool,Week2,Mount Vernon Park,Week4,203.0 Mount Vernon Park - 199.0 High Point Pool
High Point Pool,Week2,Mount Vernon Park,Week1,204.0 Mount Vernon Park - 198.0 High Point Pool
Hiddenbrook,Week2,Mantua,Week4,315.0 Mantua - 87.0 Hiddenbrook
High Point Pool,Week5,Sleepy Hollow Rec,Week1,285.0 High Point Pool - 117.0 Sleepy Hollow Rec
High Point Pool,Week3,Fox Hunt,Week4,210.5 High Point Pool - 191.5 Fox Hunt
Highland Park,Week5,Fox Hunt,Week5,211.0 Highland Park - 191.0 Fox Hunt
Highland Park,Week2,Fox Hunt,Week1,228.0 Highland Park - 174.0 Fox Hunt
High Point Pool,Week5,Daventry,Week3,324.0 High Point Pool - 76.0 Daventry
High Point Pool,Week1,Hunt Valley,Week2,237.0 Hunt Valley - 165.0 High Point Pool
High Point Pool,Week3,Daventry,Week3,323.0 High Point Pool - 79.0 Daventry
High Point Pool,Week5,Sleepy Hollow Rec,Week3,277.0 High Point Pool - 125.0 Sleepy Hollow Rec
High Point Pool,Week5,Sleepy Hollow Rec,Week2,304.0 High Point Pool - 98.0 Sleepy Hollow Rec
High Point Pool,Week4,Fox Hunt,Week4,231.0 High Point Pool - 171.0 Fox Hunt
High Point Pool,Week4,Mount Vernon Park,Week4,214.5 Mount Vernon Park - 187.5 High Point Pool
High Point Pool,Week4,Fox Hunt,Week5,226.5 High Point Pool - 175.5 Fox Hunt
Hiddenbrook,Week2,McLean,Week1,333.5 McLean - 68.5 Hiddenbrook
High Point Pool,Week3,Mount Vernon Park,Week2,225.5 Mount Vernon Park - 176.5 High Point Pool
High Point Pool,Week4,Sleepy Hollow Rec,Week2,291.0 High Point Pool - 111.0 Sleepy Hollow Rec
Hiddenbrook,Week2,McLean,Week2,322.0 McLean - 80.0 Hiddenbrook
High Point Pool,Week1,Hunt Valley,Week3,253.5 Hunt Valley - 148.5 High Point Pool
Hiddenbrook,Week2,Rolling Forest,Week2,243.5 Rolling Forest - 153.5 Hiddenbrook
High Point Pool,Week1,Fox Hunt,Week2,216.0 High Point Pool - 186.0 Fox Hunt
Hiddenbrook,Week1,Mantua,Week3,318.0 Mantua - 84.0 Hiddenbrook
Hiddenbrook,Week5,Riverside Gardens,Week3,282.0 Riverside Gardens - 120.0 Hiddenbrook
High Point Pool,Week4,Fox Hunt,Week2,238.0 High Point Pool - 164.0 Fox Hunt
Hiddenbrook,Week2,Mantua,Week3,330.0 Mantua - 72.0 Hiddenbrook
Highland Park,Week4,Fox Hunt,Week3,214.0 Highland Park - 188.0 Fox Hunt
High Point Pool,Week5,Mosby Woods,Week4,227.5 Mosby Woods - 174.5 High Point Pool
Hiddenbrook,Week1,Rolling Forest,Week5,252.0 Rolling Forest - 150.0 Hiddenbrook
Highland Park,Week5,Forest Hollow,Week1,213.0 Highland Park - 189.0 Forest Hollow
High Point Pool,Week2,Hunt Valley,Week1,229.0 Hunt Valley - 173.0 High Point Pool
High Point Pool,Week5,Mosby Woods,Week2,248.0 Mosby Woods - 154.0 High Point Pool
High Point Pool,Week1,Hunt Valley,Week4,248.0 Hunt Valley - 154.0 High Point Pool
Hiddenbrook,Week3,Rolling Forest,Week3,243.0 Rolling Forest - 159.0 Hiddenbrook
High Point Pool,Week3,Fox Hunt,Week2,224.5 High Point Pool - 177.5 Fox Hunt
Highland Park,Week5,Forest Hollow,Week5,221.0 Forest Hollow - 181.0 Highland Park
Highland Park,Week1,Fox Hunt,Week1,238.0 Highland Park - 164.0 Fox Hunt
Hiddenbrook,Week5,Mantua,Week3,286.0 Mantua - 116.0 Hiddenbrook
High Point Pool,Week3,Fox Hunt,Week1,229.0 High Point Pool - 173.0 Fox Hunt
High Point Pool,Week4,Sleepy Hollow Rec,Week4,308.0 High Point Pool - 94.0 Sleepy Hollow Rec
High Point Pool,Week2,Daventry,Week5,315.0 High Point Pool - 87.0 Daventry
High Point Pool,Week1,Hunt Valley,Week5,265.0 Hunt Valley - 137.0 High Point Pool
High Point Pool,Week2,Daventry,Week3,325.0 High Point Pool - 77.0 Daventry
High Point Pool,Week3,Sleepy Hollow Rec,Week5,269.0 High Point Pool - 133.0 Sleepy Hollow Rec
Hiddenbrook,Week3,Mantua,Week1,289.0 Mantua - 112.0 Hiddenbrook
High Point Pool,Week3,Fox Hunt,Week3,215.0 High Point Pool - 187.0 Fox Hunt
High Point Pool,Week2,Hunt Valley,Week2,235.0 Hunt Valley - 167.0 High Point Pool
High Point Pool,Week2,Hunt Valley,Week3,243.0 Hunt Valley - 159.0 High Point Pool
High Point Pool,Week5,Mosby Woods,Week3,239.0 Mosby Woods - 163.0 High Point Pool
High Point Pool,Week3,Sleepy Hollow Rec,Week4,300.0 High Point Pool - 102.0 Sleepy Hollow Rec
High Point Pool,Week5,Mosby Woods,Week5,250.0 Mosby Woods - 152.0 High Point Pool
High Point Pool,Week1,Mount Vernon Park,Week4,210.0 Mount Vernon Park - 192.0 High Point Pool
Hiddenbrook,Week4,Riverside Gardens,Week4,298.0 Riverside Gardens - 104.0 Hiddenbrook
High Point Pool,Week3,Mount Vernon Park,Week4,217.0 Mount Vernon Park - 185.0 High Point Pool
High Point Pool,Week1,Somerset-Olde Creek,Week3,334.0 High Point Pool - 67.0 Somerset-Olde Creek
Hiddenbrook,Week3,Rolling Forest,Week1,229.0 Rolling Forest - 173.0 Hiddenbrook
High Point Pool,Week3,Daventry,Week4,331.0 High Point Pool - 71.0 Daventry
High Point Pool,Week4,Daventry,Week2,314.0 High Point Pool - 88.0 Daventry
Hiddenbrook,Week4,Rolling Forest,Week3,231.0 Rolling Forest - 171.0 Hiddenbrook
Highland Park,Week1,Fox Hunt,Week5,211.0 Highland Park - 191.0 Fox Hunt
High Point Pool,Week3,Fox Hunt,Week5,204.0 High Point Pool - 198.0 Fox Hunt
Hiddenbrook,Week1,McLean,Week3,317.0 McLean - 85.0 Hiddenbrook
Highland Park,Week1,Fox Hunt,Week3,217.0 Highland Park - 185.0 Fox Hunt
High Point Pool,Week2,Hunter Mill,Week3,212.0 High Point Pool - 190.0 Hunter Mill
Highland Park,Week1,Fox Hunt,Week2,229.0 Highland Park - 173.0 Fox Hunt
Hiddenbrook,Week5,Riverside Gardens,Week1,268.0 Riverside Gardens - 134.0 Hiddenbrook
High Point Pool,Week2,Hunter Mill,Week2,207.5 High Point Pool - 194.5 Hunter Mill
Hiddenbrook,Week4,Mantua,Week3,292.0 Mantua - 110.0 Hiddenbrook
High Point Pool,Week5,Fox Hunt,Week1,246.0 High Point Pool - 156.0 Fox Hunt
High Point Pool,Week4,Sleepy Hollow Rec,Week1,282.0 High Point Pool - 120.0 Sleepy Hollow Rec
High Point Pool,Week3,Daventry,Week5,307.0 High Point Pool - 95.0 Daventry
High Point Pool,Week4,Daventry,Week1,319.0 High Point Pool - 83.0 Daventry
Hiddenbrook,Week5,Mantua,Week5,295.5 Mantua - 106.5 Hiddenbrook
High Point Pool,Week4,Fox Hunt,Week3,227.0 High Point Pool - 175.0 Fox Hunt
Hiddenbrook,Week3,McLean,Week2,305.0 McLean - 97.0 Hiddenbrook
High Point Pool,Week5,Sleepy Hollow Rec,Week4,304.0 High Point Pool - 98.0 Sleepy Hollow Rec
Highland Park,Week2,Fox Hunt,Week2,217.0 Highland Park - 185.0 Fox Hunt
Highland Park,Week2,Fox Hunt,Week4,222.0 Highland Park - 180.0 Fox Hunt
Hiddenbrook,Week2,Mosby Woods,Week5,331.0 Mosby Woods - 71.0 Hiddenbrook
High Point Pool,Week2,Somerset-Olde Creek,Week1,328.0 High Point Pool - 73.0 Somerset-Olde Creek
High Point Pool,Week5,Daventry,Week1,322.0 High Point Pool - 79.0 Daventry
Highland Park,Week4,Fox Hunt,Week1,240.0 Highland Park - 162.0 Fox Hunt
High Point Pool,Week5,Hunt Valley,Week4,231.0 Hunt Valley - 171.0 High Point Pool
Hiddenbrook,Week4,Rolling Forest,Week2,205.0 Rolling Forest - 192.0 Hiddenbrook
High Point Pool,Week5,Fox Hunt,Week3,232.0 High Point Pool - 170.0 Fox Hunt
High Point Pool,Week1,Hunter Mill,Week1,205.0 Hunter Mill - 197.0 High Point Pool
Hiddenbrook,Week2,Rolling Forest,Week4,247.0 Rolling Forest - 155.0 Hiddenbrook
High Point Pool,Week5,Fox Hunt,Week5,220.0 High Point Pool - 182.0 Fox Hunt
High Point Pool,Week2,Mount Vernon Park,Week2,201.0 High Point Pool - 201.0 Mount Vernon Park
Hiddenbrook,Week2,McLean,Week5,339.0 McLean - 63.0 Hiddenbrook
Highland Park,Week3,Fox Hunt,Week2,203.0 Highland Park - 199.0 Fox Hunt
High Point Pool,Week3,Hunt Valley,Week1,237.0 Hunt Valley - 165.0 High Point Pool
High Point Pool,Week1,Somerset-Olde Creek,Week1,312.0 High Point Pool - 85.0 Somerset-Olde Creek
Hiddenbrook,Week4,Riverside Gardens,Week3,298.0 Riverside Gardens - 104.0 Hiddenbrook
Highland Park,Week4,Fox Hunt,Week2,237.0 Highland Park - 165.0 Fox Hunt
High Point Pool,Week2,Somerset-Olde Creek,Week2,345.0 High Point Pool - 57.0 Somerset-Olde Creek
High Point Pool,Week4,Daventry,Week5,308.0 High Point Pool - 94.0 Daventry
High Point Pool,Week5,Hunt Valley,Week3,259.0 Hunt Valley - 143.0 High Point Pool
Hiddenbrook,Week4,Mantua,Week5,308.0 Mantua - 94.0 Hiddenbrook
Hiddenbrook,Week1,Rolling Forest,Week2,234.0 Rolling Forest - 168.0 Hiddenbrook
Hiddenbrook,Week4,Riverside Gardens,Week5,299.0 Riverside Gardens - 103.0 Hiddenbrook
High Point Pool,Week4,Hunt Valley,Week4,234.5 Hunt Valley - 167.5 High Point Pool
High Point Pool,Week4,Mount Vernon Park,Week3,222.5 Mount Vernon Park - 179.5 High Point Pool
Hiddenbrook,Week2,McLean,Week4,328.0 McLean - 74.0 Hiddenbrook
Hiddenbrook,Week3,McLean,Week4,305.0 McLean - 97.0 Hiddenbrook
High Point Pool,Week1,Fox Mill Estates,Week1,274.0 High Point Pool - 123.0 Fox Mill Estates
High Point Pool,Week4,Mount Vernon Park,Week1,204.0 Mount Vernon Park - 198.0 High Point Pool
High Point Pool,Week2,Fox Mill Estates,Week3,257.0 High Point Pool - 145.0 Fox Mill Estates
High Point Pool,Week5,Fox Hunt,Week4,228.0 High Point Pool - 174.0 Fox Hunt
Highland Park,Week2,Fox Hunt,Week5,204.0 Fox Hunt - 198.0 Highland Park
High Point Pool,Week1,Dominion Hills,Week2,232.0 High Point Pool - 170.0 Dominion Hills
High Point Pool,Week1,Dominion Hills,Week1,247.0 High Point Pool - 155.0 Dominion Hills
High Point Pool,Week5,Sleepy Hollow Rec,Week5,283.0 High Point Pool - 119.0 Sleepy Hollow Rec
Hiddenbrook,Week1,Kings Ridge ,Week2,254.0 Hiddenbrook - 148.0 Kings Ridge
High Point Pool,Week2,Fox Mill Estates,Week2,264.0 High Point Pool - 138.0 Fox Mill Estates
Highland Park,Week3,Fox Hunt,Week4,205.0 Highland Park - 197.0 Fox Hunt
High Point Pool,Week4,Hunt Valley,Week1,227.0 Hunt Valley - 175.0 High Point Pool
High Point Pool,Week1,Fox Mill Estates,Week3,260.0 High Point Pool - 142.0 Fox Mill Estates
High Point Pool,Week5,Daventry,Week2,326.0 High Point Pool - 74.0 Daventry
Hiddenbrook,Week3,Rolling Forest,Week4,223.0 Rolling Forest - 179.0 Hiddenbrook
High Point Pool,Week1,Somerset-Olde Creek,Week5,301.0 High Point Pool - 101.0 Somerset-Olde Creek
High Point Pool,Week4,Mount Vernon Park,Week2,221.5 Mount Vernon Park - 180.5 High Point Pool
Hiddenbrook,Week3,McLean,Week5,317.0 McLean - 85.0 Hiddenbrook
High Point Pool,Week4,Daventry,Week4,332.0 High Point Pool - 70.0 Daventry
High Point Pool,Week3,Mount Vernon Park,Week5,244.0 Mount Vernon Park - 158.0 High Point Pool
Hiddenbrook,Week1,Mosby Woods,Week2,287.0 Mosby Woods - 115.0 Hiddenbrook
High Point Pool,Week1,Mount Vernon Park,Week1,205.0 Mount Vernon Park - 197.0 High Point Pool
Hiddenbrook,Week4,Kent Gardens,Week1,261.0 Kent Gardens - 141.0 Hiddenbrook
Hiddenbrook,Week1,Mosby Woods,Week4,285.0 Mosby Woods - 117.0 Hiddenbrook
Hiddenbrook,Week2,Kings Ridge ,Week2,206.0 Kings Ridge - 196.0 Hiddenbrook
High Point Pool,Week3,Hunt Valley,Week4,236.0 Hunt Valley - 166.0 High Point Pool
Hiddenbrook,Week2,Kent Gardens,Week5,322.0 Kent Gardens - 80.0 Hiddenbrook
Hiddenbrook,Week4,McLean,Week2,307.0 McLean - 95.0 Hiddenbrook
Highland Park,Week4,Fox Hunt,Week5,209.0 Highland Park - 193.0 Fox Hunt
High Point Pool,Week1,Mount Vernon Park,Week5,249.0 Mount Vernon Park - 153.0 High Point Pool
High Point Pool,Week5,Mosby Woods,Week1,247.0 Mosby Woods - 155.0 High Point Pool
High Point Pool,Week1,Dominion Hills,Week3,249.0 High Point Pool - 153.0 Dominion Hills
High Point Pool,Week2,Mount Vernon Park,Week3,218.0 Mount Vernon Park - 184.0 High Point Pool
Highland Park,Week5,Forest Hollow,Week2,226.0 Highland Park - 176.0 Forest Hollow
High Point Pool,Week1,Fox Mill Estates,Week4,234.0 High Point Pool - 168.0 Fox Mill Estates
Hiddenbrook,Week2,Rolling Forest,Week5,274.0 Rolling Forest - 128.0 Hiddenbrook
High Point Pool,Week3,Daventry,Week1,315.0 High Point Pool - 87.0 Daventry
High Point Pool,Week3,Hunt Valley,Week3,246.0 Hunt Valley - 156.0 High Point Pool
High Point Pool,Week2,Fox Mill Estates,Week4,240.0 High Point Pool - 162.0 Fox Mill Estates
Hiddenbrook,Week1,Rolling Forest,Week1,240.0 Rolling Forest - 162.0 Hiddenbrook
High Point Pool,Week5,Hunt Valley,Week1,244.0 Hunt Valley - 158.0 High Point Pool
High Point Pool,Week1,Dominion Hills,Week4,213.0 High Point Pool - 189.0 Dominion Hills
High Point Pool,Week3,Fox Mill Estates,Week1,282.5 High Point Pool - 119.5 Fox Mill Estates
Hiddenbrook,Week3,McLean,Week3,307.0 McLean - 94.0 Hiddenbrook
Hiddenbrook,Week5,McLean,Week5,314.0 McLean - 88.0 Hiddenbrook
Highland Park,Week2,Fox Hunt,Week3,201.0 Fox Hunt - 201.0 Highland Park
High Point Pool,Week3,Hunt Valley,Week5,259.5 Hunt Valley - 142.5 High Point Pool
High Point Pool,Week4,Hunt Valley,Week5,251.5 Hunt Valley - 150.5 High Point Pool
Hiddenbrook,Week4,Rolling Forest,Week1,214.0 Rolling Forest - 188.0 Hiddenbrook
High Point Pool,Week5,Mount Vernon Park,Week1,219.0 Mount Vernon Park - 183.0 High Point Pool
High Point Pool,Week1,Dominion Hills,Week5,213.5 High Point Pool - 183.5 Dominion Hills
Hiddenbrook,Week2,Rolling Forest,Week1,253.0 Rolling Forest - 149.0 Hiddenbrook
High Point Pool,Week4,Mount Vernon Park,Week5,239.0 Mount Vernon Park - 163.0 High Point Pool
Hiddenbrook,Week4,Rolling Forest,Week4,216.0 Rolling Forest - 186.0 Hiddenbrook
Hiddenbrook,Week3,Rolling Forest,Week2,212.5 Rolling Forest - 189.5 Hiddenbrook
High Point Pool,Week1,Fox Mill Estates,Week5,252.0 High Point Pool - 150.0 Fox Mill Estates
High Point Pool,Week2,Hunt Valley,Week5,247.5 Hunt Valley - 154.5 High Point Pool
High Point Pool,Week2,Fox Mill Estates,Week1,287.0 High Point Pool - 115.0 Fox Mill Estates
Hiddenbrook,Week2,Mosby Woods,Week3,331.0 Mosby Woods - 71.0 Hiddenbrook
Highland Park,Week5,Fox Hunt,Week2,223.0 Highland Park - 179.0 Fox Hunt
Highland Park,Week5,Forest Hollow,Week3,203.0 Forest Hollow - 199.0 Highland Park
High Point Pool,Week5,Mount Vernon Park,Week5,246.0 Mount Vernon Park - 156.0 High Point Pool
Hiddenbrook,Week3,Mosby Woods,Week2,283.0 Mosby Woods - 119.0 Hiddenbrook
High Point Pool,Week3,Mount Vernon Park,Week1,215.0 Mount Vernon Park - 187.0 High Point Pool
Hiddenbrook,Week3,Kent Gardens,Week5,272.0 Kent Gardens - 130.0 Hiddenbrook
Hiddenbrook,Week1,Kings Ridge ,Week1,224.0 Hiddenbrook - 178.0 Kings Ridge
High Point Pool,Week5,Daventry,Week5,310.0 High Point Pool - 91.0 Daventry
Highland Park,Week3,Fox Hunt,Week5,223.0 Fox Hunt - 179.0 Highland Park
High Point Pool,Week2,Fox Mill Estates,Week5,257.0 High Point Pool - 145.0 Fox Mill Estates
Hiddenbrook,Week3,Kent Gardens,Week2,223.0 Kent Gardens - 179.0 Hiddenbrook
Hiddenbrook,Week4,Kent Gardens,Week3,219.0 Kent Gardens - 183.0 Hiddenbrook
High Point Pool,Week1,North Springfield,Week1,295.0 High Point Pool - 54.0 North Springfield
Hiddenbrook,Week2,Rolling Hills,Week3,252.0 Rolling Hills - 143.0 Hiddenbrook
High Point Pool,Week3,Hunt Valley,Week2,240.0 Hunt Valley - 162.0 High Point Pool
High Point Pool,Week1,Newington Forest,Week2,303.0 High Point Pool - 99.0 Newington Forest
Hiddenbrook,Week3,Kent Gardens,Week4,222.0 Kent Gardens - 180.0 Hiddenbrook
Hiddenbrook,Week2,Rolling Forest,Week3,263.0 Rolling Forest - 139.0 Hiddenbrook
High Point Pool,Week1,Newington Forest,Week1,299.0 High Point Pool - 103.0 Newington Forest
Highland Park,Week4,Fox Hunt,Week4,221.0 Highland Park - 181.0 Fox Hunt
High Point Pool,Week4,Hunt Valley,Week2,235.5 Hunt Valley - 166.5 High Point Pool
High Point Pool,Week4,Hunt Valley,Week3,251.0 Hunt Valley - 151.0 High Point Pool
High Point Pool,Week3,Fox Mill Estates,Week3,256.0 High Point Pool - 146.0 Fox Mill Estates
Hiddenbrook,Week5,McLean,Week2,303.0 McLean - 99.0 Hiddenbrook
Highland Park,Week1,Fox Hunt,Week4,225.0 Highland Park - 177.0 Fox Hunt
High Point Pool,Week4,Newington Forest,Week5,273.0 High Point Pool - 129.0 Newington Forest
Hiddenbrook,Week4,McLean,Week3,308.0 McLean - 93.0 Hiddenbrook
Hiddenbrook,Week2,Kent Gardens,Week2,283.0 Kent Gardens - 119.0 Hiddenbrook
High Point Pool,Week3,Newington Forest,Week4,298.0 High Point Pool - 104.0 Newington Forest
Highland Park,Week3,Fox Hunt,Week3,213.0 Fox Hunt - 184.0 Highland Park
High Point Pool,Week5,Fox Mill Estates,Week2,243.0 High Point Pool - 159.0 Fox Mill Estates
Hiddenbrook,Week2,Kent Gardens,Week3,259.0 Kent Gardens - 143.0 Hiddenbrook
Hiddenbrook,Week5,Kent Gardens,Week3,211.0 Kent Gardens - 191.0 Hiddenbrook
High Point Pool,Week5,Hunt Valley,Week2,248.0 Hunt Valley - 154.0 High Point Pool
Hiddenbrook,Week4,McLean,Week1,304.0 McLean - 98.0 Hiddenbrook
Hiddenbrook,Week5,Riverside Gardens,Week4,288.0 Riverside Gardens - 114.0 Hiddenbrook
Hiddenbrook,Week3,McLean,Week1,313.0 McLean - 89.0 Hiddenbrook
Hiddenbrook,Week4,McLean,Week5,317.5 McLean - 84.5 Hiddenbrook
Hiddenbrook,Week2,Mosby Woods,Week1,335.0 Mosby Woods - 67.0 Hiddenbrook
Hiddenbrook,Week1,Rolling Hills,Week3,229.0 Rolling Hills - 172.0 Hiddenbrook
High Point Pool,Week1,Hunter Mill,Week4,240.5 Hunter Mill - 161.5 High Point Pool
High Point Pool,Week1,Hunter Mill,Week2,221.0 Hunter Mill - 181.0 High Point Pool
Highland Park,Week5,Fox Hunt,Week3,205.0 Highland Park - 197.0 Fox Hunt
High Point Pool,Week4,Fox Mill Estates,Week3,254.0 High Point Pool - 148.0 Fox Mill Estates
Highland Park,Week5,Fox Hunt,Week4,229.0 Highland Park - 173.0 Fox Hunt
Hiddenbrook,Week1,Kings Ridge ,Week3,225.0 Hiddenbrook - 176.0 Kings Ridge
Hiddenbrook,Week1,Rolling Hills,Week2,211.0 Rolling Hills - 191.0 Hiddenbrook
Hiddenbrook,Week1,Mosby Woods,Week1,297.0 Mosby Woods - 105.0 Hiddenbrook
High Point Pool,Week4,Fox Mill Estates,Week2,256.0 High Point Pool - 146.0 Fox Mill Estates
High Point Pool,Week1,Newington Forest,Week4,292.0 High Point Pool - 110.0 Newington Forest
High Point Pool,Week1,Hunter Mill,Week3,229.5 Hunter Mill - 172.5 High Point Pool
High Point Pool,Week3,Fox Mill Woods,Week5,237.0 Fox Mill Woods - 165.0 High Point Pool
Hiddenbrook,Week3,Rolling Hills,Week3,210.0 Hiddenbrook - 192.0 Rolling Hills
Hiddenbrook,Week5,Rolling Forest,Week3,207.0 Rolling Forest - 195.0 Hiddenbrook
Hiddenbrook,Week5,Kent Gardens,Week2,226.0 Kent Gardens - 176.0 Hiddenbrook
High Point Pool,Week4,Fox Mill Estates,Week1,273.0 High Point Pool - 129.0 Fox Mill Estates
High Point Pool,Week4,Fox Mill Estates,Week4,230.0 High Point Pool - 172.0 Fox Mill Estates
Highland Park,Week5,Fox Hunt,Week1,239.5 Highland Park - 162.5 Fox Hunt
High Point Pool,Week5,Hunt Valley,Week5,258.0 Hunt Valley - 144.0 High Point Pool
Highland Park,Week5,Forest Hollow,Week4,218.0 Forest Hollow - 184.0 Highland Park
Hiddenbrook,Week3,Kent Gardens,Week1,255.0 Kent Gardens - 147.0 Hiddenbrook
High Point Pool,Week2,Newington Forest,Week5,299.0 High Point Pool - 103.0 Newington Forest
Hiddenbrook,Week5,Riverside Gardens,Week5,293.0 Riverside Gardens - 109.0 Hiddenbrook
High Point Pool,Week1,Hunter Mill,Week5,225.0 Hunter Mill - 177.0 High Point Pool
Hiddenbrook,Week1,Mosby Woods,Week3,289.0 Mosby Woods - 113.0 Hiddenbrook
Hiddenbrook,Week5,McLean,Week3,306.0 McLean - 96.0 Hiddenbrook
High Point Pool,Week1,Fox Mill Woods,Week5,243.0 Fox Mill Woods - 159.0 High Point Pool
High Point Pool,Week4,Newington Forest,Week4,291.0 High Point Pool - 111.0 Newington Forest
Highland Park,Week1,Fox Mill Estates,Week1,265.0 Highland Park - 137.0 Fox Mill Estates
Hiddenbrook,Week3,Kent Gardens,Week3,224.0 Kent Gardens - 178.0 Hiddenbrook
High Point Pool,Week5,Fox Mill Estates,Week3,240.0 High Point Pool - 162.0 Fox Mill Estates
Hiddenbrook,Week5,Rolling Forest,Week2,206.0 Hiddenbrook - 196.0 Rolling Forest
High Point Pool,Week3,Newington Forest,Week3,297.0 High Point Pool - 105.0 Newington Forest
High Point Pool,Week5,Fox Mill Estates,Week5,247.0 High Point Pool - 155.0 Fox Mill Estates
High Point Pool,Week2,Hunter Mill,Week1,204.0 High Point Pool - 198.0 Hunter Mill
Hiddenbrook,Week4,Kent Gardens,Week2,225.0 Kent Gardens - 177.0 Hiddenbrook
High Point Pool,Week2,Newington Forest,Week3,308.0 High Point Pool - 94.0 Newington Forest
Highland Park,Week1,Fox Mill Estates,Week3,244.0 Highland Park - 158.0 Fox Mill Estates
Hiddenbrook,Week4,Rolling Hills,Week2,201.0 Hiddenbrook - 201.0 Rolling Hills
Highland Park,Week1,Fox Mill Estates,Week2,246.0 Highland Park - 156.0 Fox Mill Estates
Hiddenbrook,Week5,McLean,Week1,298.0 McLean - 104.0 Hiddenbrook
High Point Pool,Week3,Hunter Mill,Week5,227.0 Hunter Mill - 175.0 High Point Pool
Hiddenbrook,Week2,Mosby Woods,Week2,334.0 Mosby Woods - 68.0 Hiddenbrook
High Point Pool,Week3,Fox Mill Estates,Week4,231.0 High Point Pool - 171.0 Fox Mill Estates
High Point Pool,Week4,Hunter Mill,Week2,208.0 High Point Pool - 194.0 Hunter Mill
High Point Pool,Week2,Newington Forest,Week1,314.0 High Point Pool - 87.0 Newington Forest
Hiddenbrook,Week1,Rolling Hills,Week1,206.0 Rolling Hills - 195.0 Hiddenbrook
High Point Pool,Week5,Newington Forest,Week3,295.0 High Point Pool - 107.0 Newington Forest
High Point Pool,Week2,Ilda Community,Week3,309.0 High Point Pool - 93.0 Ilda Community
Hiddenbrook,Week4,McLean,Week4,299.0 McLean - 98.0 Hiddenbrook
Highland Park,Week2,Fox Mill Estates,Week1,247.0 Highland Park - 155.0 Fox Mill Estates
Hiddenbrook,Week1,Mosby Woods,Week5,298.0 Mosby Woods - 104.0 Hiddenbrook
Hiddenbrook,Week5,Rolling Hills,Week4,228.0 Hiddenbrook - 173.0 Rolling Hills
High Point Pool,Week5,Hunter Mill,Week4,221.0 Hunter Mill - 181.0 High Point Pool
Hiddenbrook,Week1,Kings Ridge ,Week5,219.0 Hiddenbrook - 183.0 Kings Ridge
Hiddenbrook,Week3,Rolling Hills,Week5,211.0 Hiddenbrook - 191.0 Rolling Hills
Hiddenbrook,Week4,Kent Gardens,Week5,274.0 Kent Gardens - 128.0 Hiddenbrook
High Point Pool,Week1,Ilda Community,Week3,294.0 High Point Pool - 108.0 Ilda Community
High Point Pool,Week5,Mount Vernon Park,Week4,218.0 Mount Vernon Park - 184.0 High Point Pool
Highland Park,Week1,Fox Mill Estates,Week5,239.0 Highland Park - 163.0 Fox Mill Estates
High Point Pool,Week1,Fox Mill Woods,Week3,233.0 Fox Mill Woods - 169.0 High Point Pool
Hiddenbrook,Week5,McLean,Week4,302.0 McLean - 100.0 Hiddenbrook
Hiddenbrook,Week1,Rolling Valley,Week2,252.0 Hiddenbrook - 150.0 Rolling Valley
Highland Park,Week1,Fox Mill Estates,Week4,223.0 Highland Park - 179.0 Fox Mill Estates
High Point Pool,Week4,Newington Forest,Week1,307.0 High Point Pool - 95.0 Newington Forest
Hiddenbrook,Week3,Rolling Hills,Week2,199.0 Rolling Hills - 198.0 Hiddenbrook
Hiddenbrook,Week1,Kings Ridge ,Week4,207.0 Hiddenbrook - 195.0 Kings Ridge
High Point Pool,Week4,Fox Mill Estates,Week5,246.0 High Point Pool - 156.0 Fox Mill Estates
Hiddenbrook,Week4,Kent Gardens,Week4,219.5 Kent Gardens - 182.5 Hiddenbrook
Hiddenbrook,Week2,Kings Ridge ,Week1,205.5 Kings Ridge - 195.5 Hiddenbrook
High Point Pool,Week2,Fox Mill Woods,Week1,225.0 Fox Mill Woods - 177.0 High Point Pool
Highland Park,Week2,Fox Mill Estates,Week4,204.0 Fox Mill Estates - 198.0 Highland Park
High Point Pool,Week5,Fox Mill Estates,Week4,228.0 High Point Pool - 174.0 Fox Mill Estates
Hiddenbrook,Week4,Mosby Woods,Week5,282.0 Mosby Woods - 120.0 Hiddenbrook
Hiddenbrook,Week5,Kent Gardens,Week1,254.0 Kent Gardens - 148.0 Hiddenbrook
Hiddenbrook,Week2,Kent Gardens,Week4,267.0 Kent Gardens - 135.0 Hiddenbrook
High Point Pool,Week3,Newington Forest,Week5,273.0 High Point Pool - 129.0 Newington Forest
Highland Park,Week3,Fox Mill Estates,Week3,225.0 Highland Park - 177.0 Fox Mill Estates
High Point Pool,Week3,Fox Mill Estates,Week2,265.0 High Point Pool - 137.0 Fox Mill Estates
Hiddenbrook,Week5,Kent Gardens,Week5,254.0 Kent Gardens - 148.0 Hiddenbrook
High Point Pool,Week5,Newington Forest,Week4,290.0 High Point Pool - 112.0 Newington Forest
Hiddenbrook,Week3,Mosby Woods,Week1,286.0 Mosby Woods - 116.0 Hiddenbrook
Highland Park,Week1,Fox Mill Woods,Week4,252.0 Fox Mill Woods - 150.0 Highland Park
Hiddenbrook,Week3,Mosby Woods,Week3,292.0 Mosby Woods - 105.0 Hiddenbrook
High Point Pool,Week3,Hunter Mill,Week2,207.0 Hunter Mill - 195.0 High Point Pool
High Point Pool,Week2,Hunter Mill,Week4,221.0 Hunter Mill - 181.0 High Point Pool
Hiddenbrook,Week1,Rolling Valley,Week5,234.0 Hiddenbrook - 168.0 Rolling Valley
High Point Pool,Week3,Newington Forest,Week1,309.0 High Point Pool - 92.0 Newington Forest
High Point Pool,Week3,Hunter Mill,Week1,205.0 High Point Pool - 197.0 Hunter Mill
Hiddenbrook,Week2,Rolling Valley,Week5,208.0 Rolling Valley - 193.0 Hiddenbrook
Hiddenbrook,Week2,Mosby Woods,Week4,323.0 Mosby Woods - 79.0 Hiddenbrook
Highland Park,Week3,Fox Mill Woods,Week1,257.0 Fox Mill Woods - 145.0 Highland Park
Hiddenbrook,Week5,Rolling Hills,Week5,223.0 Hiddenbrook - 179.0 Rolling Hills
Highland Park,Week2,Fox Mill Estates,Week5,219.0 Highland Park - 183.0 Fox Mill Estates
Hiddenbrook,Week2,Rolling Valley,Week1,232.0 Hiddenbrook - 166.0 Rolling Valley
Hiddenbrook,Week1,Rolling Valley,Week3,243.0 Hiddenbrook - 158.0 Rolling Valley
High Point Pool,Week1,Fox Mill Woods,Week4,233.0 Fox Mill Woods - 169.0 High Point Pool
Hiddenbrook,Week5,Mosby Woods,Week1,283.0 Mosby Woods - 119.0 Hiddenbrook
High Point Pool,Week5,Mount Vernon Park,Week3,225.0 Mount Vernon Park - 177.0 High Point Pool
High Point Pool,Week2,Newington Forest,Week4,307.0 High Point Pool - 95.0 Newington Forest
High Point Pool,Week3,Fox Mill Woods,Week2,223.0 Fox Mill Woods - 179.0 High Point Pool
Hiddenbrook,Week3,Rolling Valley,Week2,254.0 Hiddenbrook - 148.0 Rolling Valley
Highland Park,Week2,Fox Mill Estates,Week3,229.0 Highland Park - 173.0 Fox Mill Estates
High Point Pool,Week3,Fox Mill Estates,Week5,252.0 High Point Pool - 150.0 Fox Mill Estates
High Point Pool,Week5,Hunter Mill,Week5,221.5 Hunter Mill - 180.5 High Point Pool
Hiddenbrook,Week3,Mosby Woods,Week5,282.5 Mosby Woods - 119.5 Hiddenbrook
High Point Pool,Week2,Fox Mill Woods,Week4,215.0 Fox Mill Woods - 187.0 High Point Pool
Hiddenbrook,Week4,Rolling Hills,Week4,209.0 Hiddenbrook - 192.0 Rolling Hills
High Point Pool,Week4,Newington Forest,Week2,308.0 High Point Pool - 93.0 Newington Forest
Hiddenbrook,Week2,Mount Vernon Park,Week5,342.0 Mount Vernon Park - 54.0 Hiddenbrook
High Point Pool,Week5,Newington Forest,Week5,272.0 High Point Pool - 130.0 Newington Forest
Highland Park,Week2,Fox Mill Estates,Week2,233.0 Highland Park - 169.0 Fox Mill Estates
Highland Park,Week3,Fox Mill Estates,Week1,234.0 Highland Park - 168.0 Fox Mill Estates
High Point Pool,Week4,Hunter Mill,Week1,203.0 Hunter Mill - 199.0 High Point Pool
Highland Park,Week3,Fox Mill Estates,Week5,225.0 Highland Park - 177.0 Fox Mill Estates
High Point Pool,Week4,Hunter Mill,Week4,215.0 Hunter Mill - 187.0 High Point Pool
High Point Pool,Week2,Fox Mill Woods,Week3,214.0 Fox Mill Woods - 188.0 High Point Pool
High Point Pool,Week2,Newington Forest,Week2,318.0 High Point Pool - 83.0 Newington Forest
Hiddenbrook,Week2,Rolling Hills,Week1,241.0 Rolling Hills - 160.0 Hiddenbrook
Hiddenbrook,Week3,Mosby Woods,Week4,280.0 Mosby Woods - 122.0 Hiddenbrook
High Point Pool,Week3,Fox Mill Woods,Week1,243.0 Fox Mill Woods - 159.0 High Point Pool
Hiddenbrook,Week5,Kent Gardens,Week4,219.0 Kent Gardens - 183.0 Hiddenbrook
High Point Pool,Week4,Hunter Mill,Week3,203.0 Hunter Mill - 199.0 High Point Pool
High Point Pool,Week1,Newington Forest,Week3,294.0 High Point Pool - 108.0 Newington Forest
High Point Pool,Week3,Newington Forest,Week2,304.5 High Point Pool - 97.5 Newington Forest
Highland Park,Week4,Fox Mill Estates,Week1,258.0 Highland Park - 144.0 Fox Mill Estates
High Point Pool,Week3,Hunter Mill,Week4,220.0 Hunter Mill - 182.0 High Point Pool
Highland Park,Week4,Fox Mill Estates,Week3,238.0 Highland Park - 164.0 Fox Mill Estates
Highland Park,Week4,Fox Mill Estates,Week5,230.0 Highland Park - 172.0 Fox Mill Estates
High Point Pool,Week1,Newington Forest,Week5,275.0 High Point Pool - 127.0 Newington Forest
Hiddenbrook,Week4,Rolling Forest,Week5,225.5 Rolling Forest - 176.5 Hiddenbrook
Hiddenbrook,Week1,Rolling Hills,Week4,208.0 Rolling Hills - 190.0 Hiddenbrook
Hiddenbrook,Week5,Mount Vernon Park,Week1,276.0 Mount Vernon Park - 126.0 Hiddenbrook
High Point Pool,Week5,Hunter Mill,Week2,225.0 High Point Pool - 177.0 Hunter Mill
Hiddenbrook,Week2,Lee Graham,Week1,332.0 Lee Graham - 70.0 Hiddenbrook
High Point Pool,Week3,Fox Mill Woods,Week4,228.0 Fox Mill Woods - 174.0 High Point Pool
Hiddenbrook,Week5,Mosby Woods,Week5,278.0 Mosby Woods - 124.0 Hiddenbrook
High Point Pool,Week1,Ilda Community,Week1,299.5 High Point Pool - 102.5 Ilda Community
Hiddenbrook,Week1,Mount Vernon Park,Week2,287.5 Mount Vernon Park - 114.5 Hiddenbrook
High Point Pool,Week1,Fox Mill Woods,Week1,237.0 Fox Mill Woods - 165.0 High Point Pool
High Point Pool,Week2,Fox Mill Woods,Week5,230.0 Fox Mill Woods - 172.0 High Point Pool
Hiddenbrook,Week4,Mosby Woods,Week3,285.0 Mosby Woods - 117.0 Hiddenbrook
High Point Pool,Week5,Newington Forest,Week1,304.0 High Point Pool - 97.0 Newington Forest
Hiddenbrook,Week5,Rolling Forest,Week1,209.0 Rolling Forest - 193.0 Hiddenbrook
High Point Pool,Week1,Kent Gardens,Week2,246.0 High Point Pool - 156.0 Kent Gardens
High Point Pool,Week3,Ilda Community,Week3,297.0 High Point Pool - 104.0 Ilda Community
Hiddenbrook,Week1,Mount Vernon Park,Week3,286.0 Mount Vernon Park - 115.0 Hiddenbrook
Highland Park,Week3,Fox Mill Estates,Week4,207.0 Fox Mill Estates - 195.0 Highland Park
Hiddenbrook,Week5,Rolling Forest,Week5,216.0 Rolling Forest - 186.0 Hiddenbrook
Hiddenbrook,Week2,Rolling Hills,Week2,253.0 Rolling Hills - 149.0 Hiddenbrook
High Point Pool,Week2,Ilda Community,Week1,315.0 High Point Pool - 86.0 Ilda Community
Hiddenbrook,Week2,Mount Vernon Park,Week3,332.5 Mount Vernon Park - 68.5 Hiddenbrook
High Point Pool,Week3,Fox Mill Woods,Week3,225.5 Fox Mill Woods - 176.5 High Point Pool
High Point Pool,Week4,Newington Forest,Week3,301.0 High Point Pool - 101.0 Newington Forest
High Point Pool,Week1,Fox Mill Woods,Week2,232.0 Fox Mill Woods - 170.0 High Point Pool
Hiddenbrook,Week2,Lee Graham,Week5,342.0 Lee Graham - 60.0 Hiddenbrook
High Point Pool,Week1,North Springfield,Week2,307.0 High Point Pool - 81.0 North Springfield
Highland Park,Week4,Fox Mill Estates,Week4,205.0 Highland Park - 197.0 Fox Mill Estates
Highland Park,Week1,Fox Mill Woods,Week2,223.0 Fox Mill Woods - 179.0 Highland Park
High Point Pool,Week2,Fox Mill Woods,Week2,216.0 Fox Mill Woods - 186.0 High Point Pool
High Point Pool,Week5,Fox Mill Estates,Week1,267.0 High Point Pool - 135.0 Fox Mill Estates
High Point Pool,Week2,Ilda Community,Week2,317.0 High Point Pool - 85.0 Ilda Community
High Point Pool,Week5,Newington Forest,Week2,304.0 High Point Pool - 96.0 Newington Forest
Hiddenbrook,Week1,Lee Graham,Week5,322.0 Lee Graham - 80.0 Hiddenbrook
Highland Park,Week2,Fox Mill Woods,Week1,261.0 Fox Mill Woods - 141.0 Highland Park
Hiddenbrook,Week1,Rolling Hills,Week5,214.0 Rolling Hills - 188.0 Hiddenbrook
Hiddenbrook,Week4,Laurel Hill,Week1,242.0 Hiddenbrook - 160.0 Laurel Hill
Hiddenbrook,Week4,Laurel Hill,Week3,228.0 Hiddenbrook - 174.0 Laurel Hill
Hiddenbrook,Week3,Mount Vernon Park,Week5,305.0 Mount Vernon Park - 97.0 Hiddenbrook
Hiddenbrook,Week5,Laurel Hill,Week3,238.0 Hiddenbrook - 163.0 Laurel Hill
Hiddenbrook,Week3,Rolling Hills,Week4,209.0 Hiddenbrook - 193.0 Rolling Hills
Highland Park,Week5,Fox Mill Estates,Week2,245.0 Highland Park - 157.0 Fox Mill Estates
High Point Pool,Week4,Fox Mill Woods,Week4,220.0 Fox Mill Woods - 182.0 High Point Pool
High Point Pool,Week1,North Springfield,Week5,280.0 High Point Pool - 87.0 North Springfield
Hiddenbrook,Week2,Rolling Hills,Week4,245.0 Rolling Hills - 156.0 Hiddenbrook
Highland Park,Week1,Fox Mill Woods,Week3,213.0 Fox Mill Woods - 189.0 Highland Park
High Point Pool,Week1,North Springfield,Week3,300.5 High Point Pool - 96.5 North Springfield
High Point Pool,Week2,North Springfield,Week3,326.0 High Point Pool - 71.0 North Springfield
Hiddenbrook,Week2,Mount Vernon Park,Week1,332.0 Mount Vernon Park - 65.0 Hiddenbrook
Hiddenbrook,Week4,Mosby Woods,Week4,275.0 Mosby Woods - 127.0 Hiddenbrook
Hiddenbrook,Week2,Rolling Hills,Week5,234.0 Rolling Hills - 168.0 Hiddenbrook
Hiddenbrook,Week2,Laurel Hill,Week5,247.0 Laurel Hill - 149.0 Hiddenbrook
High Point Pool,Week2,Hunter Mill,Week5,218.0 Hunter Mill - 184.0 High Point Pool
High Point Pool,Week3,Ilda Community,Week1,294.0 High Point Pool - 108.0 Ilda Community
Highland Park,Week5,Fox Mill Estates,Week3,239.0 Highland Park - 163.0 Fox Mill Estates
High Point Pool,Week4,Fox Mill Woods,Week2,213.0 Fox Mill Woods - 189.0 High Point Pool
High Point Pool,Week1,North Springfield,Week4,317.0 High Point Pool - 75.0 North Springfield
Hiddenbrook,Week3,Mount Vernon Park,Week4,277.0 Mount Vernon Park - 125.0 Hiddenbrook
High Point Pool,Week1,Ilda Community,Week2,297.0 High Point Pool - 105.0 Ilda Community
Hiddenbrook,Week4,Rolling Hills,Week1,206.0 Rolling Hills - 196.0 Hiddenbrook
Hiddenbrook,Week4,Rolling Hills,Week3,209.0 Hiddenbrook - 193.0 Rolling Hills
High Point Pool,Week5,Hunter Mill,Week3,203.0 Hunter Mill - 199.0 High Point Pool
High Point Pool,Week4,Hunter Mill,Week5,219.0 Hunter Mill - 183.0 High Point Pool
High Point Pool,Week1,Ilda Community,Week4,270.0 High Point Pool - 132.0 Ilda Community
High Point Pool,Week2,Great Falls,Week1,270.0 High Point Pool - 132.0 Great Falls
Highland Park,Week3,Fox Mill Estates,Week2,218.5 Highland Park - 183.5 Fox Mill Estates
Hiddenbrook,Week4,Rolling Hills,Week5,222.0 Hiddenbrook - 180.0 Rolling Hills
Highland Park,Week2,Fox Mill Woods,Week3,241.0 Fox Mill Woods - 161.0 Highland Park
High Point Pool,Week2,North Springfield,Week2,330.0 High Point Pool - 58.0 North Springfield
Hiddenbrook,Week5,Laurel Hill,Week1,265.0 Hiddenbrook - 137.0 Laurel Hill
Hiddenbrook,Week1,Mount Vernon Park,Week1,287.0 Mount Vernon Park - 115.0 Hiddenbrook
Highland Park,Week5,Fox Mill Estates,Week4,227.0 Highland Park - 175.0 Fox Mill Estates
High Point Pool,Week2,North Springfield,Week4,332.0 High Point Pool - 60.0 North Springfield
Hiddenbrook,Week1,Lee Graham,Week2,328.0 Lee Graham - 74.0 Hiddenbrook
Hiddenbrook,Week4,Laurel Hill,Week5,208.0 Hiddenbrook - 193.0 Laurel Hill
Hiddenbrook,Week4,Mount Vernon Park,Week3,293.0 Mount Vernon Park - 109.0 Hiddenbrook
Hiddenbrook,Week4,Mount Vernon Park,Week4,287.0 Mount Vernon Park - 115.0 Hiddenbrook
Hiddenbrook,Week1,Lee Graham,Week1,304.0 Lee Graham - 98.0 Hiddenbrook
High Point Pool,Week5,Fox Mill Woods,Week5,236.0 Fox Mill Woods - 166.0 High Point Pool
High Point Pool,Week4,Fox Mill Woods,Week1,234.0 Fox Mill Woods - 168.0 High Point Pool
Highland Park,Week5,Fox Mill Estates,Week5,242.0 Highland Park - 160.0 Fox Mill Estates
High Point Pool,Week4,Fox Mill Woods,Week5,230.5 Fox Mill Woods - 171.5 High Point Pool
Hiddenbrook,Week3,Rolling Hills,Week1,204.0 Rolling Hills - 198.0 Hiddenbrook
Highland Park,Week4,Fox Mill Estates,Week2,237.0 Highland Park - 165.0 Fox Mill Estates
High Point Pool,Week1,Great Falls,Week5,219.0 High Point Pool - 182.0 Great Falls
High Point Pool,Week2,North Springfield,Week1,305.0 High Point Pool - 44.0 North Springfield
Hiddenbrook,Week3,Laurel Hill,Week4,233.0 Hiddenbrook - 168.0 Laurel Hill
High Point Pool,Week5,Fox Mill Woods,Week2,210.0 Fox Mill Woods - 192.0 High Point Pool
Hiddenbrook,Week5,Rolling Forest,Week4,205.0 Hiddenbrook - 197.0 Rolling Forest
Hiddenbrook,Week3,Mount Vernon Park,Week1,287.0 Mount Vernon Park - 115.0 Hiddenbrook
High Point Pool,Week5,Hunter Mill,Week1,203.0 High Point Pool - 199.0 Hunter Mill
High Point Pool,Week3,Hunter Mill,Week3,219.5 Hunter Mill - 182.5 High Point Pool
Hiddenbrook,Week4,Mosby Woods,Week1,291.0 Mosby Woods - 111.0 Hiddenbrook
High Point Pool,Week3,Ilda Community,Week2,301.0 High Point Pool - 101.0 Ilda Community
Hiddenbrook,Week5,Mosby Woods,Week3,279.5 Mosby Woods - 122.5 Hiddenbrook
Highland Park,Week1,Fox Mill Woods,Week5,254.0 Fox Mill Woods - 148.0 Highland Park
High Point Pool,Week3,North Springfield,Week2,327.0 High Point Pool - 60.0 North Springfield
High Point Pool,Week2,Ilda Community,Week4,297.0 High Point Pool - 105.0 Ilda Community
Hiddenbrook,Week4,Laurel Hill,Week2,267.0 Hiddenbrook - 135.0 Laurel Hill
High Point Pool,Week5,Fox Mill Woods,Week1,218.0 Fox Mill Woods - 184.0 High Point Pool
Hiddenbrook,Week1,Mount Vernon Park,Week4,289.0 Mount Vernon Park - 113.0 Hiddenbrook
Hiddenbrook,Week3,Laurel Hill,Week5,203.0 Hiddenbrook - 198.0 Laurel Hill
Hiddenbrook,Week5,Rolling Hills,Week3,217.0 Hiddenbrook - 185.0 Rolling Hills
High Point Pool,Week4,North Springfield,Week4,336.0 High Point Pool - 54.0 North Springfield
High Point Pool,Week1,Ilda Community,Week5,299.0 High Point Pool - 102.0 Ilda Community
Hiddenbrook,Week5,Rolling Hills,Week2,222.0 Hiddenbrook - 180.0 Rolling Hills
High Point Pool,Week3,Oakton ,Week1,232.0 Oakton - 170.0 High Point Pool
Hiddenbrook,Week2,Laurel Hill,Week4,226.0 Laurel Hill - 174.0 Hiddenbrook
Highland Park,Week1,Fox Mill Woods,Week1,231.0 Fox Mill Woods - 171.0 Highland Park
High Point Pool,Week1,Great Falls,Week2,224.0 High Point Pool - 160.0 Great Falls
Hiddenbrook,Week5,Rolling Hills,Week1,222.0 Hiddenbrook - 180.0 Rolling Hills
High Point Pool,Week5,North Springfield,Week2,326.0 High Point Pool - 61.0 North Springfield
Hiddenbrook,Week4,Mosby Woods,Week2,279.0 Mosby Woods - 123.0 Hiddenbrook
High Point Pool,Week3,Ilda Community,Week4,287.0 High Point Pool - 114.0 Ilda Community
Hiddenbrook,Week2,Rolling Valley,Week2,202.0 Hiddenbrook - 195.0 Rolling Valley
Hiddenbrook,Week1,Rolling Valley,Week4,233.0 Hiddenbrook - 169.0 Rolling Valley
Hiddenbrook,Week3,Mount Vernon Park,Week3,290.0 Mount Vernon Park - 112.0 Hiddenbrook
Hiddenbrook,Week2,Rolling Valley,Week3,202.0 Hiddenbrook - 199.0 Rolling Valley
Highland Park,Week2,Fox Mill Woods,Week4,265.0 Fox Mill Woods - 137.0 Highland Park
Hiddenbrook,Week5,Laurel Hill,Week4,262.0 Hiddenbrook - 140.0 Laurel Hill
Hiddenbrook,Week4,Laurel Hill,Week4,244.0 Hiddenbrook - 157.0 Laurel Hill
Hiddenbrook,Week5,Laurel Hill,Week2,277.0 Hiddenbrook - 125.0 Laurel Hill
Hiddenbrook,Week3,Mount Vernon Park,Week2,281.0 Mount Vernon Park - 121.0 Hiddenbrook
High Point Pool,Week1,Oakton ,Week2,247.0 Oakton - 155.0 High Point Pool
High Point Pool,Week4,Ilda Community,Week3,295.0 High Point Pool - 107.0 Ilda Community
High Point Pool,Week1,Great Falls,Week3,224.0 High Point Pool - 178.0 Great Falls
High Point Pool,Week1,Great Falls,Week1,248.0 High Point Pool - 154.0 Great Falls
Hiddenbrook,Week2,Laurel Hill,Week1,197.0 Hiddenbrook - 191.0 Laurel Hill
Highland Park,Week2,Fox Mill Woods,Week5,266.0 Fox Mill Woods - 136.0 Highland Park
High Point Pool,Week4,Ilda Community,Week2,298.0 High Point Pool - 104.0 Ilda Community
Highland Park,Week2,Fox Mill Woods,Week2,245.0 Fox Mill Woods - 157.0 Highland Park
Hiddenbrook,Week5,Mosby Woods,Week4,262.0 Mosby Woods - 140.0 Hiddenbrook
High Point Pool,Week3,Oakton ,Week4,246.0 Oakton - 156.0 High Point Pool
High Point Pool,Week5,Fox Mill Woods,Week3,207.0 Fox Mill Woods - 195.0 High Point Pool
Hiddenbrook,Week1,Rolling Valley,Week1,278.0 Hiddenbrook - 124.0 Rolling Valley
Highland Park,Week5,Fox Mill Estates,Week1,269.0 Highland Park - 133.0 Fox Mill Estates
High Point Pool,Week3,Oakton ,Week3,240.0 Oakton - 162.0 High Point Pool
High Point Pool,Week5,Fox Mill Woods,Week4,215.0 Fox Mill Woods - 187.0 High Point Pool
High Point Pool,Week3,Ilda Community,Week5,305.0 High Point Pool - 97.0 Ilda Community
Hiddenbrook,Week2,Laurel Hill,Week3,231.0 Laurel Hill - 166.0 Hiddenbrook
Highland Park,Week1,Great Falls,Week5,206.0 Highland Park - 196.0 Great Falls
Hiddenbrook,Week1,Lee Graham,Week3,324.0 Lee Graham - 78.0 Hiddenbrook
Hiddenbrook,Week3,Laurel Hill,Week2,257.0 Hiddenbrook - 140.0 Laurel Hill
Hiddenbrook,Week1,Mount Vernon Park,Week5,298.0 Mount Vernon Park - 103.0 Hiddenbrook
Hiddenbrook,Week2,Laurel Hill,Week2,210.0 Hiddenbrook - 188.0 Laurel Hill
High Point Pool,Week2,Ilda Community,Week5,317.0 High Point Pool - 84.0 Ilda Community
Hiddenbrook,Week4,Mount Vernon Park,Week2,293.0 Mount Vernon Park - 109.0 Hiddenbrook
High Point Pool,Week2,Great Falls,Week3,230.0 High Point Pool - 172.0 Great Falls
High Point Pool,Week5,North Springfield,Week5,287.0 High Point Pool - 84.0 North Springfield
Hiddenbrook,Week2,Mount Vernon Park,Week4,337.0 Mount Vernon Park - 65.0 Hiddenbrook
Hiddenbrook,Week3,Rolling Valley,Week1,287.0 Hiddenbrook - 115.0 Rolling Valley
High Point Pool,Week5,North Springfield,Week4,328.0 High Point Pool - 62.0 North Springfield
High Point Pool,Week5,Ilda Community,Week3,293.0 High Point Pool - 109.0 Ilda Community
Highland Park,Week5,Fox Mill Woods,Week2,246.5 Fox Mill Woods - 155.5 Highland Park
Hiddenbrook,Week1,Lee Graham,Week4,324.0 Lee Graham - 78.0 Hiddenbrook
Highland Park,Week4,Great Falls,Week2,208.0 Highland Park - 176.0 Great Falls
High Point Pool,Week2,Great Falls,Week5,224.5 High Point Pool - 177.5 Great Falls
Highland Park,Week3,Great Falls,Week5,216.0 Great Falls - 186.0 Highland Park
Hiddenbrook,Week2,Rutherford,Week3,230.0 Rutherford - 172.0 Hiddenbrook
Hiddenbrook,Week1,Rutherford,Week5,200.5 Hiddenbrook - 200.5 Rutherford
Hiddenbrook,Week3,Laurel Hill,Week3,208.0 Hiddenbrook - 194.0 Laurel Hill
Hiddenbrook,Week4,Mount Vernon Park,Week5,296.0 Mount Vernon Park - 106.0 Hiddenbrook
Hiddenbrook,Week5,Mount Vernon Park,Week3,289.0 Mount Vernon Park - 113.0 Hiddenbrook
High Point Pool,Week3,Great Falls,Week2,231.0 High Point Pool - 153.0 Great Falls
Hiddenbrook,Week5,Laurel Hill,Week5,234.0 Hiddenbrook - 168.0 Laurel Hill
High Point Pool,Week4,Ilda Community,Week5,306.0 High Point Pool - 96.0 Ilda Community
High Point Pool,Week2,Great Falls,Week2,247.0 High Point Pool - 137.0 Great Falls
Hiddenbrook,Week4,Rolling Valley,Week1,299.0 Hiddenbrook - 103.0 Rolling Valley
High Point Pool,Week4,Fox Mill Woods,Week3,211.0 Fox Mill Woods - 191.0 High Point Pool
High Point Pool,Week4,North Springfield,Week1,306.0 High Point Pool - 45.0 North Springfield
High Point Pool,Week3,Great Falls,Week1,252.0 High Point Pool - 150.0 Great Falls
Hiddenbrook,Week3,Rolling Valley,Week3,252.0 Hiddenbrook - 150.0 Rolling Valley
Hiddenbrook,Week2,Mount Vernon Park,Week2,324.0 Mount Vernon Park - 78.0 Hiddenbrook
High Point Pool,Week5,Ilda Community,Week4,276.0 High Point Pool - 126.0 Ilda Community
High Point Pool,Week1,Great Falls,Week4,237.0 High Point Pool - 165.0 Great Falls
Hiddenbrook,Week3,Laurel Hill,Week1,244.0 Hiddenbrook - 158.0 Laurel Hill
Highland Park,Week3,Great Falls,Week2,205.0 Highland Park - 179.0 Great Falls
Hiddenbrook,Week2,Rolling Valley,Week4,203.0 Hiddenbrook - 198.0 Rolling Valley
High Point Pool,Week3,North Springfield,Week5,303.0 High Point Pool - 71.0 North Springfield
High Point Pool,Week5,Ilda Community,Week1,297.0 High Point Pool - 105.0 Ilda Community
Hiddenbrook,Week5,Mosby Woods,Week2,280.0 Mosby Woods - 122.0 Hiddenbrook
Highland Park,Week3,Fox Mill Woods,Week3,251.0 Fox Mill Woods - 151.0 Highland Park
High Point Pool,Week5,Ilda Community,Week2,302.0 High Point Pool - 100.0 Ilda Community
High Point Pool,Week4,Ilda Community,Week4,289.0 High Point Pool - 113.0 Ilda Community
High Point Pool,Week2,Oakton ,Week2,238.0 Oakton - 164.0 High Point Pool
High Point Pool,Week4,North Springfield,Week5,304.0 High Point Pool - 69.0 North Springfield
Highland Park,Week1,Great Falls,Week3,212.0 Highland Park - 190.0 Great Falls
Hiddenbrook,Week2,Rutherford,Week2,207.0 Rutherford - 195.0 Hiddenbrook
High Point Pool,Week3,North Springfield,Week1,306.0 High Point Pool - 45.0 North Springfield
Highland Park,Week2,Great Falls,Week1,226.0 Highland Park - 176.0 Great Falls
Hiddenbrook,Week4,Mount Vernon Park,Week1,291.0 Mount Vernon Park - 106.0 Hiddenbrook
High Point Pool,Week2,Great Falls,Week4,254.0 High Point Pool - 148.0 Great Falls
High Point Pool,Week5,North Springfield,Week1,297.0 High Point Pool - 52.0 North Springfield
High Point Pool,Week3,Great Falls,Week3,229.0 High Point Pool - 173.0 Great Falls
Hiddenbrook,Week2,Lee Graham,Week2,347.0 Lee Graham - 55.0 Hiddenbrook
High Point Pool,Week1,Oakton ,Week1,232.0 Oakton - 170.0 High Point Pool
High Point Pool,Week4,Ilda Community,Week1,302.0 High Point Pool - 100.0 Ilda Community
Highland Park,Week5,Fox Mill Woods,Week5,272.0 Fox Mill Woods - 130.0 Highland Park
Hiddenbrook,Week5,Mount Vernon Park,Week2,265.0 Mount Vernon Park - 137.0 Hiddenbrook
Hiddenbrook,Week2,Lee Graham,Week3,340.0 Lee Graham - 62.0 Hiddenbrook
Hiddenbrook,Week5,Mount Vernon Park,Week4,272.0 Mount Vernon Park - 130.0 Hiddenbrook
Hiddenbrook,Week4,Rolling Valley,Week3,270.0 Hiddenbrook - 132.0 Rolling Valley
High Point Pool,Week5,Ilda Community,Week5,311.0 High Point Pool - 91.0 Ilda Community
Hiddenbrook,Week3,Rolling Valley,Week4,252.0 Hiddenbrook - 150.0 Rolling Valley
High Point Pool,Week4,North Springfield,Week2,330.0 High Point Pool - 58.0 North Springfield
Hiddenbrook,Week1,Rutherford,Week1,228.0 Hiddenbrook - 173.0 Rutherford
High Point Pool,Week4,North Springfield,Week3,319.0 High Point Pool - 77.0 North Springfield
Highland Park,Week3,Fox Mill Woods,Week4,264.0 Fox Mill Woods - 138.0 Highland Park
Hiddenbrook,Week5,Mount Vernon Park,Week5,289.5 Mount Vernon Park - 112.5 Hiddenbrook
Highland Park,Week2,Great Falls,Week5,208.0 Great Falls - 194.0 Highland Park
High Point Pool,Week1,Kent Gardens,Week1,226.0 High Point Pool - 176.0 Kent Gardens
Hiddenbrook,Week3,Little Rocky Run,Week3,304.0 Little Rocky Run - 98.0 Hiddenbrook
Hiddenbrook,Week5,Rolling Valley,Week1,317.0 Hiddenbrook - 85.0 Rolling Valley
Hiddenbrook,Week1,Newington Forest,Week5,204.0 Newington Forest - 198.0 Hiddenbrook
Hiddenbrook,Week4,Rolling Valley,Week5,266.0 Hiddenbrook - 136.0 Rolling Valley
Highland Park,Week3,Fox Mill Woods,Week2,259.0 Fox Mill Woods - 143.0 Highland Park
High Point Pool,Week1,Kent Gardens,Week5,202.0 High Point Pool - 200.0 Kent Gardens
Hiddenbrook,Week1,Newington Forest,Week2,232.0 Hiddenbrook - 162.0 Newington Forest
Hiddenbrook,Week1,Long Branch,Week4,216.0 Long Branch - 186.0 Hiddenbrook
Hiddenbrook,Week1,Newington Forest,Week1,238.0 Hiddenbrook - 159.0 Newington Forest
High Point Pool,Week2,Kent Gardens,Week3,258.0 High Point Pool - 144.0 Kent Gardens
Highland Park,Week4,Fox Mill Woods,Week1,249.0 Fox Mill Woods - 153.0 Highland Park
Highland Park,Week2,Great Falls,Week3,204.0 Highland Park - 198.0 Great Falls
High Point Pool,Week3,North Springfield,Week3,311.0 High Point Pool - 82.0 North Springfield
Hiddenbrook,Week5,Lee Graham,Week3,291.0 Lee Graham - 111.0 Hiddenbrook
Hiddenbrook,Week5,Rolling Valley,Week3,283.0 Hiddenbrook - 119.0 Rolling Valley
Hiddenbrook,Week2,Lincolnia Park,Week4,230.0 Hiddenbrook - 166.0 Lincolnia Park
Hiddenbrook,Week5,Lee Graham,Week1,293.0 Lee Graham - 109.0 Hiddenbrook
High Point Pool,Week3,Kent Gardens,Week1,224.0 High Point Pool - 178.0 Kent Gardens
High Point Pool,Week2,Oakton ,Week1,228.0 Oakton - 174.0 High Point Pool
High Point Pool,Week2,North Springfield,Week5,300.0 High Point Pool - 73.0 North Springfield
Hiddenbrook,Week2,Lee Graham,Week4,339.0 Lee Graham - 63.0 Hiddenbrook
Highland Park,Week2,Great Falls,Week4,219.0 Highland Park - 183.0 Great Falls
High Point Pool,Week1,Oakton ,Week3,244.0 Oakton - 158.0 High Point Pool
Hiddenbrook,Week5,Rolling Valley,Week5,273.0 Hiddenbrook - 129.0 Rolling Valley
Hiddenbrook,Week5,Little Rocky Run,Week5,295.0 Little Rocky Run - 107.0 Hiddenbrook
Highland Park,Week3,Great Falls,Week1,215.0 Highland Park - 187.0 Great Falls
Hiddenbrook,Week1,Rutherford,Week2,225.0 Hiddenbrook - 176.0 Rutherford
Hiddenbrook,Week3,Lee Graham,Week1,296.0 Lee Graham - 101.0 Hiddenbrook
Hiddenbrook,Week1,Newington Forest,Week4,225.0 Hiddenbrook - 177.0 Newington Forest
Hiddenbrook,Week1,Long Branch,Week2,201.5 Hiddenbrook - 199.5 Long Branch
Hiddenbrook,Week3,Rolling Valley,Week5,247.0 Hiddenbrook - 155.0 Rolling Valley
Highland Park,Week4,Fox Mill Woods,Week5,260.0 Fox Mill Woods - 142.0 Highland Park
Hiddenbrook,Week3,Lee Graham,Week5,320.0 Lee Graham - 82.0 Hiddenbrook
Hiddenbrook,Week1,Lincolnia Park,Week5,261.0 Hiddenbrook - 131.0 Lincolnia Park
Hiddenbrook,Week4,Lee Graham,Week2,313.0 Lee Graham - 89.0 Hiddenbrook
High Point Pool,Week1,Oakton ,Week4,248.0 Oakton - 154.0 High Point Pool
Hiddenbrook,Week3,Long Branch,Week3,223.0 Hiddenbrook - 178.0 Long Branch
Hiddenbrook,Week4,Rolling Valley,Week2,259.0 Hiddenbrook - 143.0 Rolling Valley
Hiddenbrook,Week1,Newington Forest,Week3,234.0 Hiddenbrook - 168.0 Newington Forest
Hiddenbrook,Week4,Lee Graham,Week3,314.0 Lee Graham - 88.0 Hiddenbrook
High Point Pool,Week3,Kent Gardens,Week3,229.5 High Point Pool - 172.5 Kent Gardens
Highland Park,Week4,Fox Mill Woods,Week3,226.0 Fox Mill Woods - 176.0 Highland Park
Hiddenbrook,Week3,Lincolnia Park,Week4,288.0 Hiddenbrook - 114.0 Lincolnia Park
Hiddenbrook,Week5,Rolling Valley,Week2,283.0 Hiddenbrook - 119.0 Rolling Valley
High Point Pool,Week5,North Springfield,Week3,316.0 High Point Pool - 79.0 North Springfield
Hiddenbrook,Week2,Newington Forest,Week3,210.0 Newington Forest - 191.0 Hiddenbrook
Highland Park,Week5,Fox Mill Woods,Week3,250.0 Fox Mill Woods - 152.0 Highland Park
High Point Pool,Week2,Kent Gardens,Week5,222.0 High Point Pool - 180.0 Kent Gardens
Hiddenbrook,Week1,Rutherford,Week4,215.5 Rutherford - 186.5 Hiddenbrook
Hiddenbrook,Week4,Rolling Valley,Week4,267.0 Hiddenbrook - 135.0 Rolling Valley
High Point Pool,Week2,Kent Gardens,Week1,245.0 High Point Pool - 157.0 Kent Gardens
Hiddenbrook,Week2,Newington Forest,Week1,198.0 Hiddenbrook - 197.0 Newington Forest
High Point Pool,Week4,Kent Gardens,Week1,236.0 High Point Pool - 166.0 Kent Gardens
Highland Park,Week4,Fox Mill Woods,Week4,254.0 Fox Mill Woods - 148.0 Highland Park
High Point Pool,Week3,North Springfield,Week4,328.0 High Point Pool - 60.0 North Springfield
High Point Pool,Week3,Kent Gardens,Week4,239.0 High Point Pool - 163.0 Kent Gardens
High Point Pool,Week2,Oakton ,Week3,238.0 Oakton - 164.0 High Point Pool
Hiddenbrook,Week1,Long Branch,Week1,204.0 Hiddenbrook - 197.0 Long Branch
High Point Pool,Week2,Kent Gardens,Week4,249.0 High Point Pool - 153.0 Kent Gardens
Highland Park,Week3,Fox Mill Woods,Week5,268.0 Fox Mill Woods - 134.0 Highland Park
High Point Pool,Week1,Oakton ,Week5,249.0 Oakton - 153.0 High Point Pool
Hiddenbrook,Week4,Little Rocky Run,Week5,318.5 Little Rocky Run - 83.5 Hiddenbrook
Hiddenbrook,Week2,Newington Forest,Week2,205.0 Newington Forest - 191.0 Hiddenbrook
High Point Pool,Week3,Kent Gardens,Week5,207.0 Kent Gardens - 195.0 High Point Pool
Hiddenbrook,Week5,Little Rocky Run,Week3,278.0 Little Rocky Run - 124.0 Hiddenbrook
Hiddenbrook,Week1,Lincolnia Park,Week2,277.0 Hiddenbrook - 115.0 Lincolnia Park
Hiddenbrook,Week4,Little Rocky Run,Week2,294.0 Little Rocky Run - 108.0 Hiddenbrook
Highland Park,Week1,Great Falls,Week2,212.0 Highland Park - 172.0 Great Falls
High Point Pool,Week1,Old Keene Mill,Week3,276.0 High Point Pool - 126.0 Old Keene Mill
Hiddenbrook,Week1,Rutherford,Week3,204.0 Hiddenbrook - 197.0 Rutherford
High Point Pool,Week3,Kent Gardens,Week2,249.0 High Point Pool - 153.0 Kent Gardens
Hiddenbrook,Week5,Rutherford,Week3,227.0 Hiddenbrook - 175.0 Rutherford
Hiddenbrook,Week2,Lincolnia Park,Week2,230.0 Hiddenbrook - 149.0 Lincolnia Park
High Point Pool,Week4,Kent Gardens,Week3,246.0 High Point Pool - 156.0 Kent Gardens
Hiddenbrook,Week4,Little Rocky Run,Week3,302.0 Little Rocky Run - 100.0 Hiddenbrook
Hiddenbrook,Week5,Lee Graham,Week5,302.0 Lee Graham - 100.0 Hiddenbrook
Highland Park,Week5,Fox Mill Woods,Week1,247.0 Fox Mill Woods - 155.0 Highland Park
Hiddenbrook,Week1,Long Branch,Week5,222.0 Long Branch - 179.0 Hiddenbrook
Hiddenbrook,Week5,Lee Graham,Week2,306.0 Lee Graham - 96.0 Hiddenbrook
High Point Pool,Week3,Old Keene Mill,Week5,274.0 High Point Pool - 128.0 Old Keene Mill
Hiddenbrook,Week1,Shouse Village,Week4,284.0 Shouse Village - 118.0 Hiddenbrook
Highland Park,Week1,Great Falls,Week1,232.0 Highland Park - 169.0 Great Falls
High Point Pool,Week4,Old Keene Mill,Week2,287.0 High Point Pool - 115.0 Old Keene Mill
Hiddenbrook,Week3,Lincolnia Park,Week2,292.0 Hiddenbrook - 101.0 Lincolnia Park
High Point Pool,Week2,Oakton ,Week4,250.0 Oakton - 152.0 High Point Pool
Hiddenbrook,Week2,Rutherford,Week1,204.0 Rutherford - 198.0 Hiddenbrook
High Point Pool,Week3,Oakton ,Week2,238.0 Oakton - 164.0 High Point Pool
Highland Park,Week4,Fox Mill Woods,Week2,225.0 Fox Mill Woods - 177.0 Highland Park
Hiddenbrook,Week3,Little Rocky Run,Week5,309.5 Little Rocky Run - 92.5 Hiddenbrook
High Point Pool,Week1,Kent Gardens,Week3,223.0 High Point Pool - 179.0 Kent Gardens
Hiddenbrook,Week5,Rolling Valley,Week4,270.0 Hiddenbrook - 132.0 Rolling Valley
Hiddenbrook,Week4,Lee Graham,Week5,322.5 Lee Graham - 79.5 Hiddenbrook
High Point Pool,Week2,Oakton ,Week5,239.5 Oakton - 162.5 High Point Pool
Hiddenbrook,Week1,Long Branch,Week3,211.0 Hiddenbrook - 191.0 Long Branch
High Point Pool,Week2,Kent Gardens,Week2,268.0 High Point Pool - 134.0 Kent Gardens
Highland Park,Week5,Fox Mill Woods,Week4,270.0 Fox Mill Woods - 132.0 Highland Park
High Point Pool,Week4,Kent Gardens,Week2,265.0 High Point Pool - 137.0 Kent Gardens
Hiddenbrook,Week5,Little Rocky Run,Week2,272.0 Little Rocky Run - 130.0 Hiddenbrook
High Point Pool,Week5,Oakton ,Week3,253.0 Oakton - 149.0 High Point Pool
Highland Park,Week3,Great Falls,Week3,208.0 Great Falls - 194.0 Highland Park
Hiddenbrook,Week2,Rutherford,Week4,244.5 Rutherford - 157.5 Hiddenbrook
Hiddenbrook,Week2,Long Branch,Week1,219.0 Long Branch - 178.0 Hiddenbrook
High Point Pool,Week1,Old Keene Mill,Week5,260.0 High Point Pool - 142.0 Old Keene Mill
Hiddenbrook,Week5,Little Rocky Run,Week1,276.0 Little Rocky Run - 126.0 Hiddenbrook
Highland Park,Week3,Great Falls,Week4,217.0 Highland Park - 180.0 Great Falls
Hiddenbrook,Week2,Long Branch,Week4,247.0 Long Branch - 155.0 Hiddenbrook
Hiddenbrook,Week1,Lincolnia Park,Week1,276.0 Hiddenbrook - 126.0 Lincolnia Park
High Point Pool,Week1,Kent Gardens,Week4,223.0 High Point Pool - 179.0 Kent Gardens
High Point Pool,Week4,Kent Gardens,Week4,247.5 High Point Pool - 154.5 Kent Gardens
Hiddenbrook,Week3,Rutherford,Week5,208.0 Hiddenbrook - 194.0 Rutherford
Hiddenbrook,Week3,Long Branch,Week1,213.0 Hiddenbrook - 189.0 Long Branch
Hiddenbrook,Week1,Lincolnia Park,Week3,250.0 Hiddenbrook - 142.0 Lincolnia Park
Highland Park,Week2,Great Falls,Week2,204.0 Highland Park - 180.0 Great Falls
Hiddenbrook,Week2,Shouse Village,Week4,304.0 Shouse Village - 98.0 Hiddenbrook
Hiddenbrook,Week4,Lincolnia Park,Week4,297.0 Hiddenbrook - 105.0 Lincolnia Park
High Point Pool,Week1,Old Keene Mill,Week2,268.0 High Point Pool - 134.0 Old Keene Mill
High Point Pool,Week5,Kent Gardens,Week1,232.0 High Point Pool - 170.0 Kent Gardens
Hiddenbrook,Week5,Rutherford,Week1,246.0 Hiddenbrook - 156.0 Rutherford
Highland Park,Week1,Great Falls,Week4,226.0 Highland Park - 176.0 Great Falls
High Point Pool,Week3,Oakton ,Week5,252.0 Oakton - 150.0 High Point Pool
High Point Pool,Week4,Kent Gardens,Week5,203.0 Kent Gardens - 199.0 High Point Pool
Hiddenbrook,Week3,Lee Graham,Week4,317.0 Lee Graham - 85.0 Hiddenbrook
Hiddenbrook,Week5,Little Rocky Run,Week4,269.0 Little Rocky Run - 133.0 Hiddenbrook
Hiddenbrook,Week5,Rutherford,Week2,235.0 Hiddenbrook - 167.0 Rutherford
Highland Park,Week4,Great Falls,Week3,208.0 Highland Park - 194.0 Great Falls
High Point Pool,Week4,Oakton ,Week2,238.0 Oakton - 164.0 High Point Pool
Hiddenbrook,Week4,Rutherford,Week3,234.0 Hiddenbrook - 168.0 Rutherford
Hiddenbrook,Week2,Long Branch,Week5,257.0 Long Branch - 145.0 Hiddenbrook
Hiddenbrook,Week2,Long Branch,Week2,242.0 Long Branch - 160.0 Hiddenbrook
High Point Pool,Week5,Oakton ,Week5,253.0 Oakton - 149.0 High Point Pool
High Point Pool,Week5,Oakton ,Week4,254.0 Oakton - 148.0 High Point Pool
Hiddenbrook,Week5,Springboard,Week3,254.0 Hiddenbrook - 147.0 Springboard
Hiddenbrook,Week3,Springboard,Week3,237.0 Hiddenbrook - 165.0 Springboard
Highland Park,Week3,Greenbriar,Week1,210.0 Greenbriar - 192.0 Highland Park
High Point Pool,Week1,Old Keene Mill,Week4,288.5 High Point Pool - 113.5 Old Keene Mill
Hiddenbrook,Week5,Lee Graham,Week4,296.0 Lee Graham - 106.0 Hiddenbrook
Hiddenbrook,Week2,Lincolnia Park,Week1,228.0 Hiddenbrook - 167.0 Lincolnia Park
Hiddenbrook,Week4,Springboard,Week3,242.0 Hiddenbrook - 159.0 Springboard
High Point Pool,Week5,Kings Ridge ,Week4,296.0 High Point Pool - 106.0 Kings Ridge
Hiddenbrook,Week3,Lee Graham,Week2,310.5 Lee Graham - 91.5 Hiddenbrook
Hiddenbrook,Week3,Springboard,Week1,238.0 Hiddenbrook - 164.0 Springboard
High Point Pool,Week1,Kings Ridge ,Week4,285.0 High Point Pool - 117.0 Kings Ridge
High Point Pool,Week4,Oakton ,Week3,236.0 Oakton - 166.0 High Point Pool
Hiddenbrook,Week3,Lee Graham,Week3,307.0 Lee Graham - 95.0 Hiddenbrook
Hiddenbrook,Week4,Lee Graham,Week1,294.0 Lee Graham - 108.0 Hiddenbrook
Highland Park,Week4,Great Falls,Week1,237.0 Highland Park - 164.0 Great Falls
Hiddenbrook,Week4,Springboard,Week1,239.0 Hiddenbrook - 162.0 Springboard
Hiddenbrook,Week5,Rutherford,Week5,210.0 Hiddenbrook - 192.0 Rutherford
High Point Pool,Week5,Kings Ridge ,Week3,299.0 High Point Pool - 103.0 Kings Ridge
Highland Park,Week4,Great Falls,Week5,202.0 Great Falls - 200.0 Highland Park
Highland Park,Week4,Great Falls,Week4,220.0 Highland Park - 182.0 Great Falls
Hiddenbrook,Week4,Rutherford,Week2,242.0 Hiddenbrook - 160.0 Rutherford
High Point Pool,Week4,Oakton ,Week5,245.0 Oakton - 157.0 High Point Pool
Hiddenbrook,Week1,Shouse Village,Week1,245.0 Shouse Village - 157.0 Hiddenbrook
High Point Pool,Week5,Kent Gardens,Week2,256.0 High Point Pool - 146.0 Kent Gardens
Hiddenbrook,Week2,Rutherford,Week5,230.5 Rutherford - 171.5 Hiddenbrook
Hiddenbrook,Week4,Little Rocky Run,Week4,301.0 Little Rocky Run - 101.0 Hiddenbrook
Hiddenbrook,Week2,Springboard,Week3,214.5 Springboard - 180.5 Hiddenbrook
High Point Pool,Week2,Kings Ridge ,Week2,313.0 High Point Pool - 89.0 Kings Ridge
High Point Pool,Week3,Kings Ridge ,Week2,298.0 High Point Pool - 104.0 Kings Ridge
Hiddenbrook,Week3,Rutherford,Week1,246.0 Hiddenbrook - 156.0 Rutherford
Hiddenbrook,Week3,Little Rocky Run,Week4,296.0 Little Rocky Run - 106.0 Hiddenbrook
Highland Park,Week5,Great Falls,Week4,225.0 Highland Park - 177.0 Great Falls
Hiddenbrook,Week3,Long Branch,Week2,214.0 Hiddenbrook - 188.0 Long Branch
Hiddenbrook,Week4,Lee Graham,Week4,310.0 Lee Graham - 92.0 Hiddenbrook
Hiddenbrook,Week1,Springfield,Week2,324.0 Hiddenbrook - 70.0 Springfield
Hiddenbrook,Week2,Shouse Village,Week2,284.0 Shouse Village - 118.0 Hiddenbrook
High Point Pool,Week4,Oakton ,Week4,256.0 Oakton - 146.0 High Point Pool
Hiddenbrook,Week1,Shouse Village,Week3,267.5 Shouse Village - 134.5 Hiddenbrook
High Point Pool,Week5,Kings Ridge ,Week1,315.0 High Point Pool - 87.0 Kings Ridge
Hiddenbrook,Week3,Shouse Village,Week4,253.0 Shouse Village - 149.0 Hiddenbrook
Highland Park,Week2,Greenbriar,Week1,202.0 Greenbriar - 200.0 Highland Park
Highland Park,Week1,Greenbriar,Week5,212.0 Highland Park - 190.0 Greenbriar
Hiddenbrook,Week4,Long Branch,Week3,215.0 Hiddenbrook - 186.0 Long Branch
Hiddenbrook,Week3,Lincolnia Park,Week1,281.0 Hiddenbrook - 120.0 Lincolnia Park
High Point Pool,Week1,Old Keene Mill,Week1,289.0 High Point Pool - 113.0 Old Keene Mill
Hiddenbrook,Week4,Rutherford,Week5,229.0 Hiddenbrook - 173.0 Rutherford
High Point Pool,Week4,Oakton ,Week1,229.0 Oakton - 173.0 High Point Pool
Highland Park,Week5,Great Falls,Week3,207.5 Highland Park - 194.5 Great Falls
Hiddenbrook,Week4,Little Rocky Run,Week1,298.0 Little Rocky Run - 104.0 Hiddenbrook
Hiddenbrook,Week3,Lincolnia Park,Week3,251.0 Hiddenbrook - 141.0 Lincolnia Park
Hiddenbrook,Week5,Rutherford,Week4,214.0 Hiddenbrook - 188.0 Rutherford
Hiddenbrook,Week4,Mansion House,Week2,253.0 Mansion House - 144.0 Hiddenbrook
High Point Pool,Week2,Kings Ridge ,Week5,306.5 High Point Pool - 95.5 Kings Ridge
Hiddenbrook,Week4,Long Branch,Week1,208.0 Hiddenbrook - 194.0 Long Branch
High Point Pool,Week1,Kings Ridge ,Week1,312.0 High Point Pool - 90.0 Kings Ridge
High Point Pool,Week5,Kent Gardens,Week5,206.0 High Point Pool - 196.0 Kent Gardens
Hiddenbrook,Week5,Springboard,Week4,235.0 Hiddenbrook - 167.0 Springboard
Hiddenbrook,Week3,Springfield,Week5,348.0 Hiddenbrook - 47.0 Springfield
Hiddenbrook,Week5,Springboard,Week2,275.0 Hiddenbrook - 126.0 Springboard
High Point Pool,Week5,Oakton ,Week2,253.0 Oakton - 149.0 High Point Pool
Hiddenbrook,Week2,Lincolnia Park,Week5,201.0 Hiddenbrook - 191.0 Lincolnia Park
High Point Pool,Week5,Oakton ,Week1,242.0 Oakton - 160.0 High Point Pool
Hiddenbrook,Week5,Springboard,Week1,259.0 Hiddenbrook - 142.0 Springboard
Hiddenbrook,Week1,Lincolnia Park,Week4,285.0 Hiddenbrook - 116.0 Lincolnia Park
High Point Pool,Week1,Lake Braddock,Week4,323.0 High Point Pool - 79.0 Lake Braddock
Hiddenbrook,Week5,Long Branch,Week2,230.0 Hiddenbrook - 172.0 Long Branch
Hiddenbrook,Week2,Lincolnia Park,Week3,194.0 Lincolnia Park - 193.0 Hiddenbrook
Hiddenbrook,Week2,Long Branch,Week3,216.0 Long Branch - 186.0 Hiddenbrook
Hiddenbrook,Week3,Rutherford,Week2,236.0 Hiddenbrook - 166.0 Rutherford
Hiddenbrook,Week1,Springfield,Week5,346.0 Hiddenbrook - 47.0 Springfield
High Point Pool,Week2,Old Keene Mill,Week1,302.0 High Point Pool - 100.0 Old Keene Mill
Hiddenbrook,Week5,Long Branch,Week1,233.0 Hiddenbrook - 169.0 Long Branch
Highland Park,Week5,Great Falls,Week1,229.0 Highland Park - 173.0 Great Falls
Hiddenbrook,Week4,Rutherford,Week1,246.0 Hiddenbrook - 156.0 Rutherford
Highland Park,Week3,Greenbriar,Week2,232.5 Greenbriar - 169.5 Highland Park
High Point Pool,Week2,Kings Ridge ,Week4,305.0 High Point Pool - 97.0 Kings Ridge
Hiddenbrook,Week3,Lincolnia Park,Week5,261.0 Hiddenbrook - 131.0 Lincolnia Park
High Point Pool,Week2,Kings Ridge ,Week1,327.5 High Point Pool - 74.5 Kings Ridge
Hiddenbrook,Week1,Mansion House,Week1,273.0 Mansion House - 129.0 Hiddenbrook
Highland Park,Week1,Greenbriar,Week4,244.0 Highland Park - 158.0 Greenbriar
High Point Pool,Week3,Kings Ridge ,Week1,305.0 High Point Pool - 97.0 Kings Ridge
Highland Park,Week3,Greenbriar,Week5,219.0 Greenbriar - 183.0 Highland Park
High Point Pool,Week1,Kings Ridge ,Week5,283.0 High Point Pool - 119.0 Kings Ridge
Hiddenbrook,Week3,Rutherford,Week3,220.0 Hiddenbrook - 182.0 Rutherford
Hiddenbrook,Week2,Springfield,Week5,305.0 Hiddenbrook - 64.0 Springfield
High Point Pool,Week2,Old Keene Mill,Week2,288.0 High Point Pool - 114.0 Old Keene Mill
Hiddenbrook,Week4,Lincolnia Park,Week2,285.0 Hiddenbrook - 108.0 Lincolnia Park
Hiddenbrook,Week4,Lincolnia Park,Week1,294.0 Hiddenbrook - 108.0 Lincolnia Park
High Point Pool,Week2,Old Keene Mill,Week3,295.0 High Point Pool - 107.0 Old Keene Mill
Hiddenbrook,Week1,Springfield,Week3,331.0 Hiddenbrook - 61.0 Springfield
Hiddenbrook,Week2,Mansion House,Week4,271.0 Mansion House - 126.0 Hiddenbrook
Highland Park,Week5,Great Falls,Week5,209.0 Great Falls - 193.0 Highland Park
Highland Park,Week1,Greenbriar,Week2,207.5 Highland Park - 194.5 Greenbriar
High Point Pool,Week4,Kings Ridge ,Week1,310.0 High Point Pool - 92.0 Kings Ridge
Hiddenbrook,Week2,Langley,Week5,307.0 Langley - 90.0 Hiddenbrook
High Point Pool,Week3,Old Keene Mill,Week1,297.0 High Point Pool - 104.0 Old Keene Mill
Hiddenbrook,Week3,Springfield,Week1,335.0 Hiddenbrook - 63.0 Springfield
Hiddenbrook,Week1,Mansion House,Week4,245.0 Mansion House - 157.0 Hiddenbrook
Hiddenbrook,Week4,Long Branch,Week2,202.0 Hiddenbrook - 200.0 Long Branch
Highland Park,Week4,Greenbriar,Week2,212.0 Greenbriar - 190.0 Highland Park
High Point Pool,Week3,Old Keene Mill,Week4,306.0 High Point Pool - 95.0 Old Keene Mill
High Point Pool,Week2,Old Keene Mill,Week4,296.0 High Point Pool - 106.0 Old Keene Mill
High Point Pool,Week1,Kings Ridge ,Week3,288.0 High Point Pool - 114.0 Kings Ridge
Hiddenbrook,Week5,Long Branch,Week3,241.0 Hiddenbrook - 161.0 Long Branch
Hiddenbrook,Week4,Lincolnia Park,Week3,246.0 Hiddenbrook - 147.0 Lincolnia Park
Hiddenbrook,Week4,Springboard,Week2,260.0 Hiddenbrook - 136.0 Springboard
High Point Pool,Week3,Old Keene Mill,Week2,289.0 High Point Pool - 113.0 Old Keene Mill
Hiddenbrook,Week5,Springboard,Week5,239.0 Hiddenbrook - 162.0 Springboard
Hiddenbrook,Week2,Shouse Village,Week3,287.0 Shouse Village - 115.0 Hiddenbrook
Hiddenbrook,Week2,Springfield,Week3,291.0 Hiddenbrook - 82.0 Springfield
High Point Pool,Week3,Old Keene Mill,Week3,285.0 High Point Pool - 117.0 Old Keene Mill
High Point Pool,Week2,Old Keene Mill,Week5,284.0 High Point Pool - 118.0 Old Keene Mill
Hiddenbrook,Week1,Langley,Week3,296.0 Langley - 106.0 Hiddenbrook
Hiddenbrook,Week3,Rutherford,Week4,209.0 Hiddenbrook - 193.0 Rutherford
Hiddenbrook,Week1,Shouse Village,Week5,275.0 Shouse Village - 127.0 Hiddenbrook
High Point Pool,Week4,Old Keene Mill,Week1,296.0 High Point Pool - 106.0 Old Keene Mill
Hiddenbrook,Week3,Shouse Village,Week2,222.0 Shouse Village - 180.0 Hiddenbrook
Hiddenbrook,Week2,Mansion House,Week2,282.0 Mansion House - 110.0 Hiddenbrook
High Point Pool,Week1,Kings Ridge ,Week2,302.0 High Point Pool - 100.0 Kings Ridge
Hiddenbrook,Week2,Mansion House,Week5,307.5 Mansion House - 94.5 Hiddenbrook
High Point Pool,Week5,Kings Ridge ,Week2,302.0 High Point Pool - 100.0 Kings Ridge
Hiddenbrook,Week1,Mansion House,Week2,260.0 Mansion House - 141.0 Hiddenbrook
Highland Park,Week1,Greenbriar,Week1,218.0 Highland Park - 184.0 Greenbriar
High Point Pool,Week2,Kings Ridge ,Week3,304.0 High Point Pool - 97.0 Kings Ridge
Hiddenbrook,Week3,Springboard,Week2,263.0 Hiddenbrook - 134.0 Springboard
Hiddenbrook,Week4,Rutherford,Week4,212.0 Hiddenbrook - 190.0 Rutherford
Highland Park,Week2,Greenbriar,Week5,206.0 Greenbriar - 196.0 Highland Park
Hiddenbrook,Week1,Shouse Village,Week2,243.0 Shouse Village - 159.0 Hiddenbrook
Hiddenbrook,Week5,Lakeview,Week4,268.0 Hiddenbrook - 134.0 Lakeview
Highland Park,Week3,Greenbriar,Week3,214.0 Greenbriar - 188.0 Highland Park
High Point Pool,Week4,Kings Ridge ,Week2,305.0 High Point Pool - 97.0 Kings Ridge
Hiddenbrook,Week4,Lakeview,Week3,259.0 Hiddenbrook - 143.0 Lakeview
Hiddenbrook,Week4,Springboard,Week4,226.0 Hiddenbrook - 176.0 Springboard
Hiddenbrook,Week3,Lakeview,Week1,281.0 Hiddenbrook - 121.0 Lakeview
Hiddenbrook,Week5,Long Branch,Week4,221.0 Hiddenbrook - 181.0 Long Branch
High Point Pool,Week3,Kings Ridge ,Week4,292.0 High Point Pool - 110.0 Kings Ridge
Hiddenbrook,Week1,Springfield,Week4,320.0 Hiddenbrook - 75.0 Springfield
Hiddenbrook,Week3,Springboard,Week4,237.0 Hiddenbrook - 165.0 Springboard
Highland Park,Week1,Greenbriar,Week3,205.0 Highland Park - 197.0 Greenbriar
Hiddenbrook,Week3,Sideburn Run,Week4,243.0 Sideburn Run - 159.0 Hiddenbrook
High Point Pool,Week3,Kings Ridge ,Week3,300.0 High Point Pool - 101.0 Kings Ridge
Hiddenbrook,Week4,Shouse Village,Week4,258.0 Shouse Village - 144.0 Hiddenbrook
Hiddenbrook,Week5,Lakeview,Week3,282.0 Hiddenbrook - 120.0 Lakeview
High Point Pool,Week4,Old Keene Mill,Week3,296.0 High Point Pool - 106.0 Old Keene Mill
Highland Park,Week4,Greenbriar,Week4,232.5 Highland Park - 169.5 Greenbriar
Hiddenbrook,Week3,Lakeview,Week4,236.0 Hiddenbrook - 166.0 Lakeview
Hiddenbrook,Week4,Long Branch,Week4,205.0 Hiddenbrook - 197.0 Long Branch
Highland Park,Week2,Greenbriar,Week4,215.0 Highland Park - 187.0 Greenbriar
High Point Pool,Week4,Old Keene Mill,Week5,267.0 High Point Pool - 135.0 Old Keene Mill
High Point Pool,Week5,Kent Gardens,Week3,246.0 High Point Pool - 156.0 Kent Gardens
Hiddenbrook,Week3,Shouse Village,Week3,238.0 Shouse Village - 164.0 Hiddenbrook
Hiddenbrook,Week4,Lakeview,Week2,287.0 Hiddenbrook - 115.0 Lakeview
Hiddenbrook,Week2,Mansion House,Week3,311.0 Mansion House - 91.0 Hiddenbrook
Hiddenbrook,Week2,Shouse Village,Week1,269.0 Shouse Village - 133.0 Hiddenbrook
Hiddenbrook,Week2,Springfield,Week4,284.0 Hiddenbrook - 87.0 Springfield
Hiddenbrook,Week4,Shouse Village,Week2,233.0 Shouse Village - 169.0 Hiddenbrook
High Point Pool,Week5,Old Keene Mill,Week1,283.0 High Point Pool - 119.0 Old Keene Mill
High Point Pool,Week4,Old Keene Mill,Week4,311.0 High Point Pool - 91.0 Old Keene Mill
Hiddenbrook,Week1,Mansion House,Week3,279.0 Mansion House - 123.0 Hiddenbrook
Highland Park,Week5,Great Falls,Week2,203.0 Highland Park - 181.0 Great Falls
Hiddenbrook,Week2,Springboard,Week4,215.0 Springboard - 182.0 Hiddenbrook
High Point Pool,Week4,Kings Ridge ,Week3,300.0 High Point Pool - 102.0 Kings Ridge
Hiddenbrook,Week4,Springboard,Week5,218.0 Hiddenbrook - 183.0 Springboard
Hiddenbrook,Week2,Langley,Week3,326.0 Langley - 75.0 Hiddenbrook
High Point Pool,Week3,Kings Ridge ,Week5,286.0 High Point Pool - 116.0 Kings Ridge
Highland Park,Week5,Greenbriar,Week1,208.0 Greenbriar - 194.0 Highland Park
Hiddenbrook,Week1,Langley,Week2,284.0 Langley - 118.0 Hiddenbrook
Highland Park,Week4,Greenbriar,Week5,210.0 Highland Park - 192.0 Greenbriar
Hiddenbrook,Week4,Shouse Village,Week3,237.0 Shouse Village - 165.0 Hiddenbrook
High Point Pool,Week4,Kings Ridge ,Week4,295.0 High Point Pool - 107.0 Kings Ridge
High Point Pool,Week4,Kings Ridge ,Week5,296.0 High Point Pool - 106.0 Kings Ridge
Hiddenbrook,Week3,Mansion House,Week2,255.0 Mansion House - 147.0 Hiddenbrook
Hiddenbrook,Week3,Long Branch,Week4,210.0 Long Branch - 192.0 Hiddenbrook
Hiddenbrook,Week2,Springfield,Week1,282.0 Hiddenbrook - 91.0 Springfield
Hiddenbrook,Week3,Mansion House,Week3,276.0 Mansion House - 126.0 Hiddenbrook
High Point Pool,Week2,Orange Hunt,Week1,228.0 High Point Pool - 174.0 Orange Hunt
Hiddenbrook,Week4,Lakeview,Week5,255.0 Hiddenbrook - 138.0 Lakeview
High Point Pool,Week1,Orange Hunt,Week4,214.0 High Point Pool - 188.0 Orange Hunt
Hiddenbrook,Week3,Langley,Week5,287.0 Langley - 115.0 Hiddenbrook
High Point Pool,Week5,Kent Gardens,Week4,242.0 High Point Pool - 160.0 Kent Gardens
Hiddenbrook,Week4,Shouse Village,Week5,266.0 Shouse Village - 135.0 Hiddenbrook
Hiddenbrook,Week5,Shouse Village,Week3,232.0 Shouse Village - 170.0 Hiddenbrook
High Point Pool,Week5,Old Keene Mill,Week2,275.0 High Point Pool - 126.0 Old Keene Mill
Hiddenbrook,Week5,Langley,Week1,281.0 Langley - 121.0 Hiddenbrook
Highland Park,Week2,Greenbriar,Week3,211.0 Greenbriar - 191.0 Highland Park
High Point Pool,Week5,Old Keene Mill,Week3,276.0 High Point Pool - 126.0 Old Keene Mill
Highland Park,Week4,Greenbriar,Week3,210.0 Highland Park - 192.0 Greenbriar
Hiddenbrook,Week2,Springboard,Week5,227.5 Springboard - 173.5 Hiddenbrook
Hiddenbrook,Week4,Long Branch,Week5,217.0 Long Branch - 185.0 Hiddenbrook
Hiddenbrook,Week3,Springboard,Week5,214.0 Hiddenbrook - 188.0 Springboard
Highland Park,Week3,Greenbriar,Week4,213.0 Highland Park - 189.0 Greenbriar
Hiddenbrook,Week2,Langley,Week1,325.0 Langley - 77.0 Hiddenbrook
High Point Pool,Week2,Lakevale Estates,Week1,212.0 Lakevale Estates - 190.0 High Point Pool
Hiddenbrook,Week3,Mansion House,Week5,275.0 Mansion House - 127.0 Hiddenbrook
High Point Pool,Week1,Lake Braddock,Week1,322.0 High Point Pool - 80.0 Lake Braddock
Hiddenbrook,Week1,Sideburn Run,Week4,263.0 Sideburn Run - 139.0 Hiddenbrook
Hiddenbrook,Week3,Springfield,Week4,332.0 Hiddenbrook - 66.0 Springfield
Hiddenbrook,Week3,Springfield,Week3,338.0 Hiddenbrook - 57.0 Springfield
High Point Pool,Week1,Lake Braddock,Week2,311.0 High Point Pool - 91.0 Lake Braddock
Hiddenbrook,Week5,Langley,Week5,259.0 Langley - 143.0 Hiddenbrook
Hiddenbrook,Week5,Shouse Village,Week4,254.0 Shouse Village - 148.0 Hiddenbrook
Hiddenbrook,Week2,Mansion House,Week1,296.0 Mansion House - 101.0 Hiddenbrook
High Point Pool,Week5,Kings Ridge ,Week5,291.0 High Point Pool - 111.0 Kings Ridge
High Point Pool,Week1,Overlee,Week3,283.0 Overlee - 119.0 High Point Pool
Highland Park,Week4,Greenbriar,Week1,207.0 Highland Park - 195.0 Greenbriar
High Point Pool,Week3,Orange Hunt,Week5,213.0 Orange Hunt - 189.0 High Point Pool
Hiddenbrook,Week1,Springfield,Week1,325.0 Hiddenbrook - 67.0 Springfield
Hiddenbrook,Week2,Shouse Village,Week5,303.0 Shouse Village - 99.0 Hiddenbrook
Hiddenbrook,Week1,Langley,Week4,294.0 Langley - 108.0 Hiddenbrook
Hiddenbrook,Week3,Long Branch,Week5,208.0 Hiddenbrook - 194.0 Long Branch
Hiddenbrook,Week3,Mansion House,Week4,234.0 Mansion House - 168.0 Hiddenbrook
High Point Pool,Week2,Orange Hunt,Week4,220.0 High Point Pool - 182.0 Orange Hunt
Hiddenbrook,Week3,Lakeview,Week2,276.0 Hiddenbrook - 126.0 Lakeview
Hiddenbrook,Week3,Lakeview,Week5,252.0 Hiddenbrook - 141.0 Lakeview
Hiddenbrook,Week5,Long Branch,Week5,219.0 Hiddenbrook - 183.0 Long Branch
Hiddenbrook,Week5,Shouse Village,Week1,215.0 Shouse Village - 187.0 Hiddenbrook
High Point Pool,Week1,Lake Braddock,Week3,312.0 High Point Pool - 90.0 Lake Braddock
High Point Pool,Week3,Orange Hunt,Week1,207.0 High Point Pool - 195.0 Orange Hunt
Hiddenbrook,Week1,Mansion House,Week5,280.0 Mansion House - 122.0 Hiddenbrook
Hiddenbrook,Week1,Sideburn Run,Week1,255.0 Sideburn Run - 147.0 Hiddenbrook
Hiddenbrook,Week4,Stratford,Week1,239.0 Hiddenbrook - 163.0 Stratford
Hiddenbrook,Week3,Springfield,Week2,330.0 Hiddenbrook - 66.0 Springfield
Hiddenbrook,Week3,Shouse Village,Week1,236.0 Shouse Village - 166.0 Hiddenbrook
Highland Park,Week5,Greenbriar,Week4,213.0 Highland Park - 189.0 Greenbriar
Highland Park,Week5,Greenbriar,Week2,223.0 Greenbriar - 179.0 Highland Park
Hiddenbrook,Week2,Springfield,Week2,284.0 Hiddenbrook - 90.0 Springfield
Hiddenbrook,Week4,Lakeview,Week4,234.0 Hiddenbrook - 168.0 Lakeview
Hiddenbrook,Week3,Lakeview,Week3,255.0 Hiddenbrook - 147.0 Lakeview
Highland Park,Week2,Greenbriar,Week2,226.0 Greenbriar - 176.0 Highland Park
High Point Pool,Week2,Orange Hunt,Week5,201.5 Orange Hunt - 200.5 High Point Pool
High Point Pool,Week3,Orange Hunt,Week2,207.0 High Point Pool - 195.0 Orange Hunt
High Point Pool,Week1,Lakevale Estates,Week5,264.0 Lakevale Estates - 138.0 High Point Pool
Highland Park,Week5,Greenbriar,Week3,206.0 Greenbriar - 196.0 Highland Park
Hiddenbrook,Week4,Stratford,Week2,236.0 Hiddenbrook - 166.0 Stratford
Hiddenbrook,Week4,Mansion House,Week4,237.0 Mansion House - 165.0 Hiddenbrook
Hiddenbrook,Week4,Mansion House,Week3,287.0 Mansion House - 115.0 Hiddenbrook
High Point Pool,Week3,Lake Braddock,Week3,333.0 High Point Pool - 69.0 Lake Braddock
Hiddenbrook,Week1,Sideburn Run,Week5,271.0 Sideburn Run - 131.0 Hiddenbrook
High Point Pool,Week2,Lake Braddock,Week3,336.0 High Point Pool - 66.0 Lake Braddock
Hiddenbrook,Week5,Shouse Village,Week5,255.0 Shouse Village - 147.0 Hiddenbrook
Hiddenbrook,Week4,Springfield,Week1,337.0 Hiddenbrook - 56.0 Springfield
Hiddenbrook,Week1,Stratford,Week2,207.0 Hiddenbrook - 195.0 Stratford
Hiddenbrook,Week4,Shouse Village,Week1,230.0 Shouse Village - 172.0 Hiddenbrook
Hiddenbrook,Week2,Sideburn Run,Week1,279.0 Sideburn Run - 122.0 Hiddenbrook
Hiddenbrook,Week5,Lakeview,Week1,317.0 Hiddenbrook - 85.0 Lakeview
High Point Pool,Week3,Lake Braddock,Week5,316.0 High Point Pool - 86.0 Lake Braddock
High Point Pool,Week4,Orange Hunt,Week1,220.0 High Point Pool - 182.0 Orange Hunt
Hiddenbrook,Week4,Lakeview,Week1,282.0 Hiddenbrook - 120.0 Lakeview
High Point Pool,Week3,Lake Braddock,Week2,327.0 High Point Pool - 75.0 Lake Braddock
High Point Pool,Week5,Orange Hunt,Week1,215.0 High Point Pool - 187.0 Orange Hunt
High Point Pool,Week5,Orange Hunt,Week3,206.0 High Point Pool - 196.0 Orange Hunt
Hiddenbrook,Week1,Stratford,Week1,222.0 Hiddenbrook - 178.0 Stratford
High Point Pool,Week1,Orange Hunt,Week1,215.0 High Point Pool - 187.0 Orange Hunt
Hiddenbrook,Week4,Mansion House,Week1,262.0 Mansion House - 140.0 Hiddenbrook
Hiddenbrook,Week2,Stratford,Week2,221.0 Stratford - 176.0 Hiddenbrook
Hiddenbrook,Week2,Stratford,Week1,207.0 Stratford - 194.0 Hiddenbrook
Hiddenbrook,Week3,Shouse Village,Week5,267.0 Shouse Village - 134.0 Hiddenbrook
Hiddenbrook,Week1,Langley,Week5,292.5 Langley - 109.5 Hiddenbrook
Hiddenbrook,Week1,Langley,Week1,295.0 Langley - 107.0 Hiddenbrook
Hiddenbrook,Week2,Langley,Week2,316.0 Langley - 85.0 Hiddenbrook
Hiddenbrook,Week2,Sideburn Run,Week2,283.5 Sideburn Run - 118.5 Hiddenbrook
High Point Pool,Week4,Orange Hunt,Week3,208.0 High Point Pool - 194.0 Orange Hunt
High Point Pool,Week4,Lake Braddock,Week1,334.0 High Point Pool - 68.0 Lake Braddock
Hiddenbrook,Week5,Mansion House,Week1,258.0 Mansion House - 144.0 Hiddenbrook
Highland Park,Week5,Greenbriar,Week5,201.0 Greenbriar - 201.0 Highland Park
High Point Pool,Week1,Lake Braddock,Week5,310.0 High Point Pool - 92.0 Lake Braddock
Hiddenbrook,Week3,Mansion House,Week1,260.0 Mansion House - 142.0 Hiddenbrook
Hiddenbrook,Week5,Springfield,Week5,358.0 Hiddenbrook - 43.0 Springfield
Hiddenbrook,Week5,Lakeview,Week2,305.0 Hiddenbrook - 97.0 Lakeview
High Point Pool,Week4,Orange Hunt,Week2,217.0 High Point Pool - 185.0 Orange Hunt
Hiddenbrook,Week4,Springfield,Week2,326.0 Hiddenbrook - 71.0 Springfield
High Point Pool,Week2,Orange Hunt,Week2,214.0 High Point Pool - 188.0 Orange Hunt
Hiddenbrook,Week3,Langley,Week1,304.0 Langley - 98.0 Hiddenbrook
High Point Pool,Week3,Lake Braddock,Week4,342.0 High Point Pool - 60.0 Lake Braddock
High Point Pool,Week1,Orange Hunt,Week5,202.5 High Point Pool - 199.5 Orange Hunt
High Point Pool,Week2,Lake Braddock,Week5,330.0 High Point Pool - 72.0 Lake Braddock
Hiddenbrook,Week2,Sideburn Run,Week5,306.0 Sideburn Run - 96.0 Hiddenbrook
Hiddenbrook,Week5,Lakeview,Week5,270.0 Hiddenbrook - 123.0 Lakeview
Hiddenbrook,Week5,Mansion House,Week2,255.0 Mansion House - 147.0 Hiddenbrook
Hiddenbrook,Week5,Mansion House,Week3,263.0 Mansion House - 139.0 Hiddenbrook
Hiddenbrook,Week5,Mansion House,Week4,226.0 Mansion House - 176.0 Hiddenbrook
Hiddenbrook,Week3,Sideburn Run,Week2,239.0 Sideburn Run - 163.0 Hiddenbrook
High Point Pool,Week4,Lake Braddock,Week2,324.0 High Point Pool - 78.0 Lake Braddock
Hiddenbrook,Week1,Sideburn Run,Week2,257.0 Sideburn Run - 145.0 Hiddenbrook
Hiddenbrook,Week2,Langley,Week4,314.0 Langley - 88.0 Hiddenbrook
Hiddenbrook,Week2,Sideburn Run,Week4,297.0 Sideburn Run - 105.0 Hiddenbrook
Hiddenbrook,Week4,Mansion House,Week5,270.0 Mansion House - 132.0 Hiddenbrook
Hiddenbrook,Week5,Springfield,Week2,345.0 Hiddenbrook - 54.0 Springfield
High Point Pool,Week3,Orange Hunt,Week3,201.0 High Point Pool - 201.0 Orange Hunt
Hiddenbrook,Week1,Stratford,Week3,211.0 Stratford - 191.0 Hiddenbrook
Hiddenbrook,Week3,Little Hunting Park,Week5,201.0 Hiddenbrook - 197.0 Little Hunting Park
Hiddenbrook,Week2,Little Hunting Park,Week5,258.0 Little Hunting Park - 139.0 Hiddenbrook
Hiddenbrook,Week2,Little Hunting Park,Week1,241.0 Little Hunting Park - 159.0 Hiddenbrook
Hiddenbrook,Week5,Little Hunting Park,Week1,240.0 Hiddenbrook - 161.0 Little Hunting Park
High Point Pool,Week5,Orange Hunt,Week2,209.0 High Point Pool - 193.0 Orange Hunt
High Point Pool,Week1,Overlee,Week1,285.0 Overlee - 117.0 High Point Pool
High Point Pool,Week5,Orange Hunt,Week4,212.0 High Point Pool - 190.0 Orange Hunt
Hiddenbrook,Week5,Lincolnia Park,Week5,276.0 Hiddenbrook - 117.0 Lincolnia Park
High Point Pool,Week2,Lake Braddock,Week2,333.5 High Point Pool - 68.5 Lake Braddock
High Point Pool,Week1,Orange Hunt,Week2,214.0 High Point Pool - 188.0 Orange Hunt
Hiddenbrook,Week5,Springfield,Week4,341.0 Hiddenbrook - 60.0 Springfield
High Point Pool,Week4,Lake Braddock,Week4,337.0 High Point Pool - 65.0 Lake Braddock
High Point Pool,Week3,Lake Braddock,Week1,343.0 High Point Pool - 59.0 Lake Braddock
High Point Pool,Week4,Lake Braddock,Week5,328.0 High Point Pool - 74.0 Lake Braddock
Hiddenbrook,Week4,Langley,Week1,287.0 Langley - 115.0 Hiddenbrook
Hiddenbrook,Week1,Sideburn Run,Week3,265.0 Sideburn Run - 137.0 Hiddenbrook
High Point Pool,Week2,Lake Braddock,Week1,348.0 High Point Pool - 54.0 Lake Braddock
Hiddenbrook,Week4,Langley,Week5,279.0 Langley - 118.0 Hiddenbrook
Hiddenbrook,Week4,Langley,Week4,297.0 Langley - 105.0 Hiddenbrook
Hiddenbrook,Week2,Stratford,Week3,231.0 Stratford - 171.0 Hiddenbrook
Hiddenbrook,Week4,Sideburn Run,Week1,249.0 Sideburn Run - 153.0 Hiddenbrook
Hiddenbrook,Week5,Springfield,Week3,350.0 Hiddenbrook - 49.0 Springfield
High Point Pool,Week2,Lake Braddock,Week4,347.0 High Point Pool - 55.0 Lake Braddock
Hiddenbrook,Week3,Sideburn Run,Week3,252.0 Sideburn Run - 150.0 Hiddenbrook
High Point Pool,Week4,Orange Hunt,Week4,228.0 High Point Pool - 174.0 Orange Hunt
High Point Pool,Week5,Old Keene Mill,Week5,263.0 High Point Pool - 138.0 Old Keene Mill
Hiddenbrook,Week3,Langley,Week3,289.0 Langley - 113.0 Hiddenbrook
High Point Pool,Week5,Lake Braddock,Week3,322.0 High Point Pool - 79.0 Lake Braddock
Hiddenbrook,Week5,Mansion House,Week5,254.0 Mansion House - 148.0 Hiddenbrook
Hiddenbrook,Week1,Stratford,Week4,220.0 Stratford - 182.0 Hiddenbrook
Hiddenbrook,Week3,Sideburn Run,Week1,247.0 Sideburn Run - 155.0 Hiddenbrook
Hiddenbrook,Week4,Springfield,Week3,336.0 Hiddenbrook - 64.0 Springfield
Hiddenbrook,Week2,Sideburn Run,Week3,295.0 Sideburn Run - 107.0 Hiddenbrook
Hiddenbrook,Week5,Shouse Village,Week2,204.0 Shouse Village - 198.0 Hiddenbrook
Hiddenbrook,Week1,Mantua,Week1,296.0 Mantua - 106.0 Hiddenbrook
Hiddenbrook,Week3,Sideburn Run,Week5,261.0 Sideburn Run - 141.0 Hiddenbrook
Hiddenbrook,Week5,Lincolnia Park,Week2,306.0 Hiddenbrook - 87.0 Lincolnia Park
Hiddenbrook,Week3,Langley,Week2,286.0 Langley - 116.0 Hiddenbrook
Hiddenbrook,Week3,Langley,Week4,292.0 Langley - 110.0 Hiddenbrook
Hiddenbrook,Week5,Springfield,Week1,348.0 Hiddenbrook - 53.0 Springfield
Hiddenbrook,Week4,Springfield,Week5,349.0 Hiddenbrook - 39.0 Springfield
Hiddenbrook,Week4,Langley,Week3,284.0 Langley - 118.0 Hiddenbrook
High Point Pool,Week4,Lake Braddock,Week3,326.0 High Point Pool - 76.0 Lake Braddock
High Point Pool,Week2,Orange Hunt,Week3,208.0 High Point Pool - 194.0 Orange Hunt
High Point Pool,Week5,Lake Braddock,Week5,307.0 High Point Pool - 95.0 Lake Braddock
High Point Pool,Week5,Old Keene Mill,Week4,292.0 High Point Pool - 110.0 Old Keene Mill
Hiddenbrook,Week3,Little Hunting Park,Week2,231.0 Hiddenbrook - 170.0 Little Hunting Park
Hiddenbrook,Week5,Langley,Week3,273.0 Langley - 129.0 Hiddenbrook
Hiddenbrook,Week4,Sideburn Run,Week2,242.0 Sideburn Run - 160.0 Hiddenbrook
Hiddenbrook,Week1,Laurel Hill,Week1,235.0 Hiddenbrook - 167.0 Laurel Hill
Hiddenbrook,Week4,Sideburn Run,Week4,249.0 Sideburn Run - 153.0 Hiddenbrook
Hiddenbrook,Week4,Langley,Week2,284.0 Langley - 118.0 Hiddenbrook
Hiddenbrook,Week3,Stratford,Week2,231.0 Hiddenbrook - 171.0 Stratford
Hiddenbrook,Week3,Stratford,Week5,207.5 Hiddenbrook - 194.5 Stratford
High Point Pool,Week5,Lake Braddock,Week4,330.0 High Point Pool - 72.0 Lake Braddock
Hiddenbrook,Week2,Stratford,Week4,250.0 Stratford - 152.0 Hiddenbrook
High Point Pool,Week4,Orange Hunt,Week5,202.0 High Point Pool - 200.0 Orange Hunt
Hiddenbrook,Week4,Sideburn Run,Week5,263.0 Sideburn Run - 139.0 Hiddenbrook
Hiddenbrook,Week3,Stratford,Week4,202.0 Stratford - 200.0 Hiddenbrook
High Point Pool,Week5,Orange Hunt,Week5,203.0 Orange Hunt - 199.0 High Point Pool
Hiddenbrook,Week5,Sideburn Run,Week1,228.0 Sideburn Run - 174.0 Hiddenbrook
Hiddenbrook,Week4,Lincolnia Park,Week5,253.0 Hiddenbrook - 140.0 Lincolnia Park
Hiddenbrook,Week3,Stratford,Week1,232.0 Hiddenbrook - 170.0 Stratford
High Point Pool,Week5,Lake Braddock,Week1,337.0 High Point Pool - 65.0 Lake Braddock
Hiddenbrook,Week4,Sideburn Run,Week3,252.0 Sideburn Run - 150.0 Hiddenbrook
High Point Pool,Week5,Lake Braddock,Week2,324.0 High Point Pool - 78.0 Lake Braddock
Hiddenbrook,Week1,Laurel Hill,Week2,248.0 Hiddenbrook - 153.0 Laurel Hill
High Point Pool,Week1,Overlee,Week2,312.0 Overlee - 90.0 High Point Pool
Hiddenbrook,Week5,Lincolnia Park,Week3,268.0 Hiddenbrook - 125.0 Lincolnia Park
Hiddenbrook,Week5,Langley,Week4,285.0 Langley - 117.0 Hiddenbrook
High Point Pool,Week1,Orange Hunt,Week3,202.0 Orange Hunt - 200.0 High Point Pool
Hiddenbrook,Week4,Springfield,Week4,322.0 Hiddenbrook - 71.0 Springfield
Hiddenbrook,Week5,Langley,Week2,273.0 Langley - 129.0 Hiddenbrook
Hiddenbrook,Week1,Little Hunting Park,Week3,209.0 Hiddenbrook - 192.0 Little Hunting Park
High Point Pool,Week3,Orange Hunt,Week4,214.0 High Point Pool - 188.0 Orange Hunt
Hiddenbrook,Week1,Little Hunting Park,Week5,208.0 Little Hunting Park - 193.0 Hiddenbrook
High Point Pool,Week1,Lakevale Estates,Week1,229.0 Lakevale Estates - 173.0 High Point Pool
Hiddenbrook,Week5,Lincolnia Park,Week4,296.0 Hiddenbrook - 106.0 Lincolnia Park
High Point Pool,Week1,Overlee,Week4,326.0 Overlee - 76.0 High Point Pool
High Point Pool,Week2,Lakevale Estates,Week2,220.0 Lakevale Estates - 182.0 High Point Pool
Hiddenbrook,Week1,Little Hunting Park,Week4,206.0 Hiddenbrook - 195.0 Little Hunting Park
Hiddenbrook,Week1,Laurel Hill,Week5,204.0 Laurel Hill - 197.0 Hiddenbrook
Hiddenbrook,Week3,Sleepy Hollow B & R,Week5,282.0 Sleepy Hollow B & R - 120.0 Hiddenbrook
High Point Pool,Week2,Overlee,Week4,338.0 Overlee - 64.0 High Point Pool
Hiddenbrook,Week1,Sleepy Hollow B & R,Week3,273.0 Sleepy Hollow B & R - 129.0 Hiddenbrook
Hiddenbrook,Week5,Sideburn Run,Week2,220.0 Sideburn Run - 182.0 Hiddenbrook
Hiddenbrook,Week1,Stratford,Week5,204.0 Stratford - 198.0 Hiddenbrook
Hiddenbrook,Week1,Laurel Hill,Week4,217.0 Hiddenbrook - 184.0 Laurel Hill
High Point Pool,Week3,Overlee,Week3,278.0 Overlee - 124.0 High Point Pool
High Point Pool,Week1,Lakevale Estates,Week2,236.0 Lakevale Estates - 166.0 High Point Pool
Hiddenbrook,Week3,Sleepy Hollow B & R,Week2,260.0 Sleepy Hollow B & R - 142.0 Hiddenbrook
High Point Pool,Week1,Lakevale Estates,Week3,243.0 Lakevale Estates - 159.0 High Point Pool
Hiddenbrook,Week3,Little Hunting Park,Week3,227.0 Hiddenbrook - 175.0 Little Hunting Park
Hiddenbrook,Week1,Laurel Hill,Week3,205.0 Hiddenbrook - 193.0 Laurel Hill
Hiddenbrook,Week4,Stratford,Week3,216.0 Hiddenbrook - 186.0 Stratford
Hiddenbrook,Week3,Little Hunting Park,Week1,225.0 Hiddenbrook - 177.0 Little Hunting Park
Hiddenbrook,Week2,Stratford,Week5,232.0 Stratford - 166.0 Hiddenbrook
High Point Pool,Week1,Lakevale Estates,Week4,260.0 Lakevale Estates - 142.0 High Point Pool
Hiddenbrook,Week3,Stratford,Week3,221.0 Hiddenbrook - 181.0 Stratford
High Point Pool,Week3,Overlee,Week2,304.0 Overlee - 98.0 High Point Pool
High Point Pool,Week3,Lakevale Estates,Week5,265.0 Lakevale Estates - 137.0 High Point Pool
Hiddenbrook,Week2,Sleepy Hollow B & R,Week5,317.0 Sleepy Hollow B & R - 81.0 Hiddenbrook
Hiddenbrook,Week3,Sleepy Hollow B & R,Week3,270.0 Sleepy Hollow B & R - 132.0 Hiddenbrook
High Point Pool,Week3,Overlee,Week4,338.0 Overlee - 64.0 High Point Pool
Hiddenbrook,Week5,Sully Station,Week5,296.0 Sully Station - 106.0 Hiddenbrook
High Point Pool,Week4,Lakevale Estates,Week2,222.0 Lakevale Estates - 180.0 High Point Pool
Hiddenbrook,Week5,Sideburn Run,Week3,231.0 Sideburn Run - 171.0 Hiddenbrook
Hiddenbrook,Week2,Little Hunting Park,Week4,228.0 Little Hunting Park - 174.0 Hiddenbrook
High Point Pool,Week4,Lakevale Estates,Week5,255.0 Lakevale Estates - 147.0 High Point Pool
Hiddenbrook,Week4,Little Hunting Park,Week1,221.0 Hiddenbrook - 180.0 Little Hunting Park
Hiddenbrook,Week1,Little Hunting Park,Week1,210.0 Hiddenbrook - 188.0 Little Hunting Park
Hiddenbrook,Week1,Sleepy Hollow B & R,Week2,280.0 Sleepy Hollow B & R - 121.0 Hiddenbrook
High Point Pool,Week5,Overlee,Week3,297.0 Overlee - 105.0 High Point Pool
Hiddenbrook,Week4,Little Hunting Park,Week4,224.5 Hiddenbrook - 176.5 Little Hunting Park
High Point Pool,Week5,Lakevale Estates,Week2,236.0 Lakevale Estates - 166.0 High Point Pool
Hiddenbrook,Week4,Stratford,Week4,219.0 Hiddenbrook - 183.0 Stratford
High Point Pool,Week2,Lakevale Estates,Week3,240.0 Lakevale Estates - 162.0 High Point Pool
Hiddenbrook,Week2,Little Hunting Park,Week3,225.0 Little Hunting Park - 172.0 Hiddenbrook
Hiddenbrook,Week4,Little Hunting Park,Week3,222.0 Hiddenbrook - 180.0 Little Hunting Park
High Point Pool,Week2,Lakevale Estates,Week4,247.0 Lakevale Estates - 155.0 High Point Pool
Hiddenbrook,Week5,Sideburn Run,Week5,246.0 Sideburn Run - 156.0 Hiddenbrook
High Point Pool,Week2,Overlee,Week5,329.0 Overlee - 73.0 High Point Pool
High Point Pool,Week4,Overlee,Week3,275.0 Overlee - 127.0 High Point Pool
High Point Pool,Week2,Lakevale Estates,Week5,250.0 Lakevale Estates - 152.0 High Point Pool
Hiddenbrook,Week1,Little Hunting Park,Week2,218.0 Hiddenbrook - 183.0 Little Hunting Park
High Point Pool,Week2,Overlee,Week3,284.0 Overlee - 118.0 High Point Pool
Hiddenbrook,Week1,Sleepy Hollow B & R,Week4,301.0 Sleepy Hollow B & R - 101.0 Hiddenbrook
Hiddenbrook,Week4,Stratford,Week5,222.0 Hiddenbrook - 180.0 Stratford
Hiddenbrook,Week4,Little Hunting Park,Week5,202.0 Hiddenbrook - 196.0 Little Hunting Park
High Point Pool,Week4,Overlee,Week1,272.0 Overlee - 130.0 High Point Pool
Hiddenbrook,Week4,Little Hunting Park,Week2,221.0 Hiddenbrook - 180.0 Little Hunting Park
Hiddenbrook,Week1,Sully Station II,Week2,301.0 Sully Station II - 101.0 Hiddenbrook
High Point Pool,Week3,Overlee,Week5,330.0 Overlee - 72.0 High Point Pool
Hiddenbrook,Week1,Sully Station,Week5,312.0 Sully Station - 90.0 Hiddenbrook
High Point Pool,Week1,Overlee,Week5,324.0 Overlee - 78.0 High Point Pool
High Point Pool,Week3,Lakevale Estates,Week3,248.0 Lakevale Estates - 154.0 High Point Pool
High Point Pool,Week2,Overlee,Week2,297.5 Overlee - 104.5 High Point Pool
Hiddenbrook,Week1,Sleepy Hollow B & R,Week5,297.0 Sleepy Hollow B & R - 105.0 Hiddenbrook
Hiddenbrook,Week2,Sleepy Hollow B & R,Week3,298.0 Sleepy Hollow B & R - 100.0 Hiddenbrook
Hiddenbrook,Week3,Sully Station,Week4,289.0 Sully Station - 113.0 Hiddenbrook
Hiddenbrook,Week5,Sideburn Run,Week4,235.0 Sideburn Run - 167.0 Hiddenbrook
Hiddenbrook,Week2,Sully Station,Week5,342.0 Sully Station - 60.0 Hiddenbrook
High Point Pool,Week3,Lakevale Estates,Week1,230.0 Lakevale Estates - 172.0 High Point Pool
Hiddenbrook,Week5,Stratford,Week1,258.0 Hiddenbrook - 144.0 Stratford
Hiddenbrook,Week4,Sleepy Hollow B & R,Week1,252.0 Sleepy Hollow B & R - 150.0 Hiddenbrook
Hiddenbrook,Week3,Sully Station,Week1,292.0 Sully Station - 110.0 Hiddenbrook
High Point Pool,Week5,Overlee,Week4,335.0 Overlee - 67.0 High Point Pool
Hiddenbrook,Week4,Sleepy Hollow B & R,Week3,271.5 Sleepy Hollow B & R - 130.5 Hiddenbrook
High Point Pool,Week1,Lakeview,Week3,304.0 High Point Pool - 97.0 Lakeview
Hiddenbrook,Week5,Little Hunting Park,Week2,246.0 Hiddenbrook - 156.0 Little Hunting Park
Hiddenbrook,Week5,Little Hunting Park,Week5,205.0 Hiddenbrook - 197.0 Little Hunting Park
Hiddenbrook,Week5,Little Hunting Park,Week4,239.0 Hiddenbrook - 163.0 Little Hunting Park
High Point Pool,Week1,Lakeview,Week1,311.0 High Point Pool - 91.0 Lakeview
High Point Pool,Week4,Overlee,Week5,318.0 Overlee - 84.0 High Point Pool
High Point Pool,Week1,Lakeview,Week2,317.0 High Point Pool - 85.0 Lakeview
High Point Pool,Week5,Overlee,Week2,296.0 Overlee - 106.0 High Point Pool
Hiddenbrook,Week2,Sully Station,Week3,314.0 Sully Station - 88.0 Hiddenbrook
Hiddenbrook,Week3,Little Hunting Park,Week4,227.0 Hiddenbrook - 174.0 Little Hunting Park
Hiddenbrook,Week2,Sully Station,Week1,334.0 Sully Station - 68.0 Hiddenbrook
Hiddenbrook,Week4,Sleepy Hollow B & R,Week2,264.0 Sleepy Hollow B & R - 138.0 Hiddenbrook
High Point Pool,Week4,Lakeview,Week4,297.0 High Point Pool - 105.0 Lakeview
Hiddenbrook,Week2,Little Hunting Park,Week2,228.0 Little Hunting Park - 170.0 Hiddenbrook
Hiddenbrook,Week5,Stratford,Week4,213.0 Hiddenbrook - 189.0 Stratford
High Point Pool,Week3,Lakevale Estates,Week4,255.0 Lakevale Estates - 147.0 High Point Pool
High Point Pool,Week4,Overlee,Week2,297.0 Overlee - 105.0 High Point Pool
Hiddenbrook,Week3,Sleepy Hollow B & R,Week4,278.0 Sleepy Hollow B & R - 124.0 Hiddenbrook
High Point Pool,Week5,Overlee,Week1,297.0 Overlee - 105.0 High Point Pool
Hiddenbrook,Week2,Sleepy Hollow B & R,Week2,283.0 Sleepy Hollow B & R - 118.0 Hiddenbrook
Hiddenbrook,Week4,Sleepy Hollow B & R,Week4,288.0 Sleepy Hollow B & R - 114.0 Hiddenbrook
Hiddenbrook,Week5,Stratford,Week3,230.0 Hiddenbrook - 172.0 Stratford
High Point Pool,Week5,Lakevale Estates,Week5,253.0 Lakevale Estates - 149.0 High Point Pool
High Point Pool,Week2,Lakeview,Week1,336.0 High Point Pool - 66.0 Lakeview
Hiddenbrook,Week3,Sleepy Hollow B & R,Week1,243.0 Sleepy Hollow B & R - 159.0 Hiddenbrook
Hiddenbrook,Week5,Lincolnia Park,Week1,304.0 Hiddenbrook - 98.0 Lincolnia Park
Hiddenbrook,Week1,Sully Station,Week2,299.0 Sully Station - 103.0 Hiddenbrook
High Point Pool,Week4,Overlee,Week4,335.0 Overlee - 67.0 High Point Pool
Hiddenbrook,Week1,Sully Station,Week1,309.0 Sully Station - 93.0 Hiddenbrook
Hiddenbrook,Week5,Little Hunting Park,Week3,236.0 Hiddenbrook - 166.0 Little Hunting Park
Hiddenbrook,Week5,Stratford,Week5,228.0 Hiddenbrook - 174.0 Stratford
High Point Pool,Week1,Lakeview,Week4,291.0 High Point Pool - 110.0 Lakeview
Hiddenbrook,Week1,Little Rocky Run,Week1,299.0 Little Rocky Run - 103.0 Hiddenbrook
Hiddenbrook,Week2,Sleepy Hollow B & R,Week1,284.0 Sleepy Hollow B & R - 116.0 Hiddenbrook
High Point Pool,Week1,Parklawn,Week1,295.0 High Point Pool - 98.0 Parklawn
Hiddenbrook,Week1,Little Rocky Run,Week2,305.0 Little Rocky Run - 97.0 Hiddenbrook
High Point Pool,Week2,Lakeview,Week4,311.5 High Point Pool - 90.5 Lakeview
Hiddenbrook,Week3,Sully Station,Week5,302.0 Sully Station - 100.0 Hiddenbrook
Hiddenbrook,Week4,Sleepy Hollow B & R,Week5,283.0 Sleepy Hollow B & R - 119.0 Hiddenbrook
High Point Pool,Week5,Lakevale Estates,Week1,226.0 Lakevale Estates - 176.0 High Point Pool
Hiddenbrook,Week3,Sully Station,Week2,272.0 Sully Station - 130.0 Hiddenbrook
High Point Pool,Week3,Lakeview,Week4,302.0 High Point Pool - 100.0 Lakeview
High Point Pool,Week5,Overlee,Week5,333.0 Overlee - 69.0 High Point Pool
Hiddenbrook,Week4,Sully Station,Week1,288.5 Sully Station - 113.5 Hiddenbrook
Hiddenbrook,Week1,Sleepy Hollow B & R,Week1,269.0 Sleepy Hollow B & R - 132.0 Hiddenbrook
High Point Pool,Week3,Overlee,Week1,286.0 Overlee - 116.0 High Point Pool
High Point Pool,Week2,Overlee,Week1,285.0 Overlee - 117.0 High Point Pool
Hiddenbrook,Week2,Sleepy Hollow B & R,Week4,305.0 Sleepy Hollow B & R - 97.0 Hiddenbrook
Hiddenbrook,Week1,Little Rocky Run,Week4,301.0 Little Rocky Run - 101.0 Hiddenbrook
High Point Pool,Week2,Lakeview,Week2,339.0 High Point Pool - 63.0 Lakeview
Hiddenbrook,Week2,Sully Station,Week4,345.0 Sully Station - 57.0 Hiddenbrook
Hiddenbrook,Week1,Little Rocky Run,Week3,316.0 Little Rocky Run - 86.0 Hiddenbrook
High Point Pool,Week1,Lakeview,Week5,315.0 High Point Pool - 78.0 Lakeview
High Point Pool,Week5,Lakevale Estates,Week3,250.0 Lakevale Estates - 152.0 High Point Pool
Hiddenbrook,Week3,Little Rocky Run,Week1,295.0 Little Rocky Run - 107.0 Hiddenbrook
High Point Pool,Week3,Lakeview,Week5,323.0 High Point Pool - 70.0 Lakeview
Hiddenbrook,Week1,Sully Station,Week4,306.0 Sully Station - 96.0 Hiddenbrook
High Point Pool,Week2,Lakeview,Week5,322.0 High Point Pool - 71.0 Lakeview
Hiddenbrook,Week1,Sully Station II,Week5,324.0 Sully Station II - 78.0 Hiddenbrook
Hiddenbrook,Week1,Truro,Week5,208.0 Hiddenbrook - 193.0 Truro
Hiddenbrook,Week2,Little Rocky Run,Week4,325.0 Little Rocky Run - 77.0 Hiddenbrook
Hiddenbrook,Week5,Stratford,Week2,231.0 Hiddenbrook - 171.0 Stratford
Hiddenbrook,Week3,Sully Station,Week3,277.0 Sully Station - 125.0 Hiddenbrook
Hiddenbrook,Week2,Little Rocky Run,Week2,316.0 Little Rocky Run - 86.0 Hiddenbrook
High Point Pool,Week3,Lakeview,Week3,318.0 High Point Pool - 84.0 Lakeview
High Point Pool,Week2,Lakeview,Week3,324.0 High Point Pool - 78.0 Lakeview
Hiddenbrook,Week2,Little Rocky Run,Week1,311.0 Little Rocky Run - 91.0 Hiddenbrook
Hiddenbrook,Week5,Sully Station,Week4,277.0 Sully Station - 125.0 Hiddenbrook
High Point Pool,Week4,Lakeview,Week3,326.0 High Point Pool - 76.0 Lakeview
High Point Pool,Week3,Langley,Week4,242.5 Langley - 159.5 High Point Pool
Hiddenbrook,Week1,Sully Station II,Week1,286.0 Sully Station II - 116.0 Hiddenbrook
Hiddenbrook,Week1,Truro,Week2,238.0 Hiddenbrook - 162.0 Truro
High Point Pool,Week3,Lakeview,Week2,341.0 High Point Pool - 61.0 Lakeview
High Point Pool,Week5,Lakevale Estates,Week4,256.0 Lakevale Estates - 146.0 High Point Pool
Hiddenbrook,Week2,Sully Station II,Week2,321.0 Sully Station II - 77.0 Hiddenbrook
Hiddenbrook,Week5,Sully Station,Week2,260.0 Sully Station - 142.0 Hiddenbrook
Hiddenbrook,Week2,Little Rocky Run,Week5,344.0 Little Rocky Run - 53.0 Hiddenbrook
Hiddenbrook,Week2,Little Rocky Run,Week3,330.0 Little Rocky Run - 72.0 Hiddenbrook
High Point Pool,Week4,Lakeview,Week2,336.0 High Point Pool - 66.0 Lakeview
Hiddenbrook,Week4,Sully Station,Week5,307.0 Sully Station - 95.0 Hiddenbrook
Hiddenbrook,Week2,Sully Station,Week2,310.0 Sully Station - 87.0 Hiddenbrook
High Point Pool,Week3,Lakevale Estates,Week2,246.0 Lakevale Estates - 156.0 High Point Pool
Hiddenbrook,Week1,Sully Station,Week3,296.0 Sully Station - 106.0 Hiddenbrook
Hiddenbrook,Week5,Sully Station,Week3,259.0 Sully Station - 143.0 Hiddenbrook
Hiddenbrook,Week4,Sully Station,Week2,281.0 Sully Station - 121.0 Hiddenbrook
High Point Pool,Week3,Lakeview,Week1,336.0 High Point Pool - 66.0 Lakeview
Hiddenbrook,Week4,Sully Station,Week4,295.0 Sully Station - 107.0 Hiddenbrook
Hiddenbrook,Week5,Sully Station,Week1,277.0 Sully Station - 125.0 Hiddenbrook
High Point Pool,Week4,Lakevale Estates,Week3,239.0 Lakevale Estates - 163.0 High Point Pool
Hiddenbrook,Week4,Sully Station,Week3,286.0 Sully Station - 116.0 Hiddenbrook
Hiddenbrook,Week3,Little Rocky Run,Week2,292.0 Little Rocky Run - 110.0 Hiddenbrook
High Point Pool,Week4,Lakevale Estates,Week1,221.0 Lakevale Estates - 181.0 High Point Pool
Hiddenbrook,Week1,Little Rocky Run,Week5,322.0 Little Rocky Run - 80.0 Hiddenbrook
High Point Pool,Week4,Lakeview,Week1,328.0 High Point Pool - 74.0 Lakeview
High Point Pool,Week4,Lakevale Estates,Week4,245.5 Lakevale Estates - 156.5 High Point Pool
High Point Pool,Week5,Langley,Week2,232.0 Langley - 170.0 High Point Pool
Hiddenbrook,Week5,Sully Station II,Week3,292.0 Sully Station II - 110.0 Hiddenbrook
Hiddenbrook,Week4,Sully Station II,Week1,280.0 Sully Station II - 122.0 Hiddenbrook
Hiddenbrook,Week4,Sully Station II,Week4,254.0 Sully Station II - 148.0 Hiddenbrook
Hiddenbrook,Week2,Sully Station II,Week4,294.0 Sully Station II - 107.0 Hiddenbrook
High Point Pool,Week4,Langley,Week3,228.0 Langley - 174.0 High Point Pool
Hiddenbrook,Week3,Sully Station II,Week1,283.0 Sully Station II - 119.0 Hiddenbrook
Hiddenbrook,Week3,Sully Station II,Week2,307.0 Sully Station II - 95.0 Hiddenbrook
High Point Pool,Week4,Lakeview,Week5,317.0 High Point Pool - 76.0 Lakeview
Hiddenbrook,Week2,Truro,Week2,200.0 Truro - 195.0 Hiddenbrook
Hiddenbrook,Week5,Sully Station II,Week2,284.0 Sully Station II - 118.0 Hiddenbrook
High Point Pool,Week1,Langley,Week5,236.0 Langley - 166.0 High Point Pool
High Point Pool,Week2,Langley,Week1,224.0 Langley - 178.0 High Point Pool
High Point Pool,Week4,Langley,Week1,233.0 Langley - 169.0 High Point Pool
High Point Pool,Week2,Langley,Week2,223.0 Langley - 179.0 High Point Pool
High Point Pool,Week3,Langley,Week2,229.0 Langley - 173.0 High Point Pool
Hiddenbrook,Week5,Sully Station II,Week1,273.0 Sully Station II - 129.0 Hiddenbrook
Hiddenbrook,Week3,Sully Station II,Week3,301.0 Sully Station II - 101.0 Hiddenbrook
High Point Pool,Week5,Lakeview,Week1,328.0 High Point Pool - 74.0 Lakeview
High Point Pool,Week3,Langley,Week3,247.0 Langley - 155.0 High Point Pool
Hiddenbrook,Week5,Sully Station II,Week4,250.0 Sully Station II - 152.0 Hiddenbrook
Hiddenbrook,Week4,Sully Station II,Week2,299.0 Sully Station II - 103.0 Hiddenbrook
High Point Pool,Week3,Langley,Week1,246.0 Langley - 156.0 High Point Pool
Hiddenbrook,Week1,Sully Station II,Week4,282.0 Sully Station II - 120.0 Hiddenbrook
High Point Pool,Week5,Lakeview,Week3,317.0 High Point Pool - 85.0 Lakeview
High Point Pool,Week2,Langley,Week5,219.0 Langley - 183.0 High Point Pool
Hiddenbrook,Week2,Truro,Week4,238.0 Truro - 164.0 Hiddenbrook
High Point Pool,Week4,Langley,Week4,229.0 Langley - 173.0 High Point Pool
Hiddenbrook,Week3,Sully Station II,Week4,257.0 Sully Station II - 145.0 Hiddenbrook
High Point Pool,Week2,Langley,Week3,218.0 Langley - 184.0 High Point Pool
Hiddenbrook,Week1,Sully Station II,Week3,307.0 Sully Station II - 95.0 Hiddenbrook
High Point Pool,Week1,Langley,Week1,257.0 Langley - 145.0 High Point Pool
Hiddenbrook,Week2,Sully Station II,Week5,334.0 Sully Station II - 67.0 Hiddenbrook
High Point Pool,Week5,Lakeview,Week4,302.0 High Point Pool - 100.0 Lakeview
High Point Pool,Week1,Langley,Week2,228.0 Langley - 174.0 High Point Pool
Hiddenbrook,Week2,Sully Station II,Week1,298.0 Sully Station II - 100.0 Hiddenbrook
High Point Pool,Week4,Langley,Week2,233.0 Langley - 169.0 High Point Pool
High Point Pool,Week5,Langley,Week4,222.5 Langley - 179.5 High Point Pool
Hiddenbrook,Week3,Sully Station II,Week5,308.0 Sully Station II - 94.0 Hiddenbrook
Hiddenbrook,Week4,Sully Station II,Week3,306.5 Sully Station II - 95.5 Hiddenbrook
Hiddenbrook,Week5,Sully Station II,Week5,303.0 Sully Station II - 99.0 Hiddenbrook
High Point Pool,Week3,Langley,Week5,221.0 Langley - 181.0 High Point Pool
High Point Pool,Week1,Langley,Week4,234.0 Langley - 168.0 High Point Pool
High Point Pool,Week5,Langley,Week3,223.0 Langley - 179.0 High Point Pool
High Point Pool,Week5,Lakeview,Week2,341.0 High Point Pool - 61.0 Lakeview
High Point Pool,Week4,Langley,Week5,229.0 Langley - 173.0 High Point Pool
High Point Pool,Week5,Langley,Week1,230.5 Langley - 171.5 High Point Pool
High Point Pool,Week5,Lakeview,Week5,301.0 High Point Pool - 92.0 Lakeview
High Point Pool,Week2,Langley,Week4,227.0 Langley - 175.0 High Point Pool
Hiddenbrook,Week1,Truro,Week1,225.0 Hiddenbrook - 176.0 Truro
Hiddenbrook,Week4,Sully Station II,Week5,306.0 Sully Station II - 96.0 Hiddenbrook
Hiddenbrook,Week2,Truro,Week1,203.0 Truro - 198.0 Hiddenbrook
Hiddenbrook,Week2,Truro,Week3,206.0 Truro - 193.0 Hiddenbrook
Hiddenbrook,Week1,Truro,Week4,204.0 Hiddenbrook - 198.0 Truro
High Point Pool,Week1,Langley,Week3,235.0 Langley - 167.0 High Point Pool
Hiddenbrook,Week1,Truro,Week3,223.0 Hiddenbrook - 178.0 Truro
Hiddenbrook,Week2,Sully Station II,Week3,325.0 Sully Station II - 76.0 Hiddenbrook
High Point Pool,Week2,Laurel Hill,Week4,310.5 High Point Pool - 91.5 Laurel Hill
High Point Pool,Week3,Laurel Hill,Week4,299.0 High Point Pool - 103.0 Laurel Hill
High Point Pool,Week5,Laurel Hill,Week3,296.0 High Point Pool - 105.0 Laurel Hill
High Point Pool,Week1,Laurel Hill,Week2,293.0 High Point Pool - 109.0 Laurel Hill
High Point Pool,Week2,Laurel Hill,Week5,275.0 High Point Pool - 127.0 Laurel Hill
Hiddenbrook,Week3,Sleepy Hollow Rec,Week4,225.0 Hiddenbrook - 177.0 Sleepy Hollow Rec
Hiddenbrook,Week3,Sleepy Hollow Rec,Week1,234.0 Hiddenbrook - 168.0 Sleepy Hollow Rec
High Point Pool,Week4,Laurel Hill,Week1,293.0 High Point Pool - 108.0 Laurel Hill
High Point Pool,Week4,Laurel Hill,Week5,266.0 High Point Pool - 136.0 Laurel Hill
High Point Pool,Week3,Laurel Hill,Week3,292.0 High Point Pool - 110.0 Laurel Hill
Hiddenbrook,Week3,Sleepy Hollow Rec,Week3,207.0 Hiddenbrook - 195.0 Sleepy Hollow Rec
Hiddenbrook,Week5,Sleepy Hollow B & R,Week1,222.0 Sleepy Hollow B & R - 180.0 Hiddenbrook
Hiddenbrook,Week4,Sleepy Hollow Rec,Week1,231.0 Hiddenbrook - 171.0 Sleepy Hollow Rec
Hiddenbrook,Week2,Sleepy Hollow Rec,Week1,211.0 Sleepy Hollow Rec - 190.0 Hiddenbrook
High Point Pool,Week4,Laurel Hill,Week3,284.0 High Point Pool - 117.0 Laurel Hill
High Point Pool,Week1,Laurel Hill,Week4,284.0 High Point Pool - 117.0 Laurel Hill
High Point Pool,Week2,Laurel Hill,Week1,301.0 High Point Pool - 101.0 Laurel Hill
High Point Pool,Week1,Lee Graham,Week4,258.0 Lee Graham - 144.0 High Point Pool
High Point Pool,Week1,Laurel Hill,Week3,277.0 High Point Pool - 125.0 Laurel Hill
High Point Pool,Week4,Laurel Hill,Week4,299.0 High Point Pool - 103.0 Laurel Hill
High Point Pool,Week1,Laurel Hill,Week5,253.0 High Point Pool - 149.0 Laurel Hill
Hiddenbrook,Week1,Sleepy Hollow Rec,Week4,235.0 Hiddenbrook - 167.0 Sleepy Hollow Rec
Hiddenbrook,Week1,Sleepy Hollow Rec,Week3,205.0 Hiddenbrook - 197.0 Sleepy Hollow Rec
Hiddenbrook,Week2,Sleepy Hollow Rec,Week4,229.0 Sleepy Hollow Rec - 172.0 Hiddenbrook
High Point Pool,Week5,Laurel Hill,Week4,299.0 High Point Pool - 102.0 Laurel Hill
High Point Pool,Week2,Lee Graham,Week1,238.0 Lee Graham - 164.0 High Point Pool
High Point Pool,Week3,Laurel Hill,Week5,261.0 High Point Pool - 140.0 Laurel Hill
High Point Pool,Week5,Laurel Hill,Week5,265.0 High Point Pool - 136.0 Laurel Hill
Hiddenbrook,Week2,Truro,Week5,219.0 Truro - 178.0 Hiddenbrook
Hiddenbrook,Week5,Sleepy Hollow Rec,Week3,232.0 Hiddenbrook - 170.0 Sleepy Hollow Rec
Hiddenbrook,Week1,Sleepy Hollow Rec,Week1,229.0 Hiddenbrook - 173.0 Sleepy Hollow Rec
Hiddenbrook,Week3,Sleepy Hollow Rec,Week5,216.0 Hiddenbrook - 186.0 Sleepy Hollow Rec
Hiddenbrook,Week2,Sleepy Hollow Rec,Week5,230.0 Sleepy Hollow Rec - 172.0 Hiddenbrook
Hiddenbrook,Week5,Sleepy Hollow Rec,Week2,251.0 Hiddenbrook - 151.0 Sleepy Hollow Rec
High Point Pool,Week5,Laurel Hill,Week1,293.0 High Point Pool - 108.0 Laurel Hill
High Point Pool,Week5,Langley,Week5,218.0 Langley - 184.0 High Point Pool
Hiddenbrook,Week4,Sleepy Hollow Rec,Week5,224.0 Hiddenbrook - 178.0 Sleepy Hollow Rec
High Point Pool,Week3,Laurel Hill,Week2,316.0 High Point Pool - 86.0 Laurel Hill
Hiddenbrook,Week1,Sleepy Hollow Rec,Week5,214.0 Hiddenbrook - 188.0 Sleepy Hollow Rec
Hiddenbrook,Week2,Sleepy Hollow Rec,Week2,239.0 Sleepy Hollow Rec - 163.0 Hiddenbrook
Hiddenbrook,Week5,Sleepy Hollow Rec,Week5,246.0 Hiddenbrook - 156.0 Sleepy Hollow Rec
Hiddenbrook,Week3,Sleepy Hollow Rec,Week2,231.0 Hiddenbrook - 171.0 Sleepy Hollow Rec
Hiddenbrook,Week5,Sleepy Hollow B & R,Week2,246.0 Sleepy Hollow B & R - 156.0 Hiddenbrook
Hiddenbrook,Week4,Sleepy Hollow Rec,Week3,222.0 Hiddenbrook - 180.0 Sleepy Hollow Rec
Hiddenbrook,Week5,Sleepy Hollow B & R,Week3,248.5 Sleepy Hollow B & R - 153.5 Hiddenbrook
Hiddenbrook,Week5,Sleepy Hollow Rec,Week1,254.0 Hiddenbrook - 148.0 Sleepy Hollow Rec
High Point Pool,Week1,Lee Graham,Week2,264.0 Lee Graham - 138.0 High Point Pool
Hiddenbrook,Week2,Sleepy Hollow Rec,Week3,245.0 Sleepy Hollow Rec - 157.0 Hiddenbrook
High Point Pool,Week3,Laurel Hill,Week1,297.0 High Point Pool - 101.0 Laurel Hill
Hiddenbrook,Week1,South Run,Week2,222.0 South Run - 178.0 Hiddenbrook
High Point Pool,Week4,Laurel Hill,Week2,318.0 High Point Pool - 84.0 Laurel Hill
Hiddenbrook,Week4,Kings Ridge ,Week4,237.0 Hiddenbrook - 165.0 Kings Ridge
High Point Pool,Week4,Lee Graham,Week5,255.0 Lee Graham - 147.0 High Point Pool
High Point Pool,Week2,Laurel Hill,Week2,327.0 High Point Pool - 75.0 Laurel Hill
Hiddenbrook,Week4,Sleepy Hollow Rec,Week4,224.0 Hiddenbrook - 178.0 Sleepy Hollow Rec
Hiddenbrook,Week5,Sleepy Hollow B & R,Week5,276.0 Sleepy Hollow B & R - 126.0 Hiddenbrook
Hiddenbrook,Week1,Somerset-Olde Creek,Week2,285.0 Hiddenbrook - 116.0 Somerset-Olde Creek
High Point Pool,Week5,Lee Graham,Week2,256.0 Lee Graham - 146.0 High Point Pool
Hiddenbrook,Week4,Sleepy Hollow Rec,Week2,230.0 Hiddenbrook - 172.0 Sleepy Hollow Rec
Hiddenbrook,Week5,Sleepy Hollow Rec,Week4,256.0 Hiddenbrook - 146.0 Sleepy Hollow Rec
High Point Pool,Week2,Laurel Hill,Week3,297.5 High Point Pool - 104.5 Laurel Hill
High Point Pool,Week1,Lee Graham,Week5,257.0 Lee Graham - 145.0 High Point Pool
Hiddenbrook,Week4,Somerset-Olde Creek,Week3,304.0 Hiddenbrook - 97.0 Somerset-Olde Creek
High Point Pool,Week1,Lee Graham,Week3,259.0 Lee Graham - 143.0 High Point Pool
High Point Pool,Week1,Lee Graham,Week1,253.0 Lee Graham - 149.0 High Point Pool
Hiddenbrook,Week1,Lake Braddock,Week1,268.0 Hiddenbrook - 134.0 Lake Braddock
Hiddenbrook,Week1,South Run,Week5,248.0 South Run - 154.0 Hiddenbrook
High Point Pool,Week3,Lee Graham,Week2,265.0 Lee Graham - 137.0 High Point Pool
High Point Pool,Week2,Lee Graham,Week4,247.0 Lee Graham - 155.0 High Point Pool
Hiddenbrook,Week1,Sleepy Hollow Rec,Week2,213.0 Hiddenbrook - 189.0 Sleepy Hollow Rec
Hiddenbrook,Week5,Sleepy Hollow B & R,Week4,252.0 Sleepy Hollow B & R - 150.0 Hiddenbrook
Hiddenbrook,Week4,Somerset-Olde Creek,Week4,279.0 Hiddenbrook - 123.0 Somerset-Olde Creek
Hiddenbrook,Week2,South Run,Week2,239.0 South Run - 163.0 Hiddenbrook
High Point Pool,Week3,Lee Graham,Week1,252.0 Lee Graham - 150.0 High Point Pool
Hiddenbrook,Week3,Kings Ridge ,Week1,248.5 Hiddenbrook - 153.5 Kings Ridge
High Point Pool,Week5,Laurel Hill,Week2,321.0 High Point Pool - 81.0 Laurel Hill
High Point Pool,Week1,Laurel Hill,Week1,280.0 High Point Pool - 122.0 Laurel Hill
Hiddenbrook,Week3,Somerset-Olde Creek,Week2,306.0 Hiddenbrook - 95.0 Somerset-Olde Creek
Hiddenbrook,Week2,Somerset-Olde Creek,Week1,235.0 Hiddenbrook - 157.0 Somerset-Olde Creek
Hiddenbrook,Week2,Somerset-Olde Creek,Week3,253.0 Hiddenbrook - 138.0 Somerset-Olde Creek
Hiddenbrook,Week3,Somerset-Olde Creek,Week1,300.0 Hiddenbrook - 101.0 Somerset-Olde Creek
High Point Pool,Week5,Lee Graham,Week5,264.0 Lee Graham - 138.0 High Point Pool
High Point Pool,Week1,Lincolnia Park,Week1,317.0 High Point Pool - 85.0 Lincolnia Park
Hiddenbrook,Week4,Somerset-Olde Creek,Week1,299.0 Hiddenbrook - 102.0 Somerset-Olde Creek
Hiddenbrook,Week3,Kings Ridge ,Week3,227.0 Hiddenbrook - 175.0 Kings Ridge
High Point Pool,Week2,Lee Graham,Week2,245.0 Lee Graham - 157.0 High Point Pool
High Point Pool,Week2,Lee Graham,Week3,251.0 Lee Graham - 151.0 High Point Pool
High Point Pool,Week3,Lee Graham,Week5,265.0 Lee Graham - 137.0 High Point Pool
Hiddenbrook,Week2,Lake Braddock,Week1,224.0 Hiddenbrook - 178.0 Lake Braddock
Hiddenbrook,Week1,Somerset-Olde Creek,Week4,278.5 Hiddenbrook - 122.5 Somerset-Olde Creek
Hiddenbrook,Week4,Kings Ridge ,Week1,254.0 Hiddenbrook - 148.0 Kings Ridge
High Point Pool,Week5,Lee Graham,Week4,248.0 Lee Graham - 154.0 High Point Pool
Hiddenbrook,Week1,Lake Braddock,Week3,252.0 Hiddenbrook - 150.0 Lake Braddock
Hiddenbrook,Week4,Kings Ridge ,Week3,251.0 Hiddenbrook - 151.0 Kings Ridge
Hiddenbrook,Week1,Lake Braddock,Week5,223.0 Hiddenbrook - 179.0 Lake Braddock
Hiddenbrook,Week2,Somerset-Olde Creek,Week4,229.0 Hiddenbrook - 172.0 Somerset-Olde Creek
Hiddenbrook,Week5,Somerset-Olde Creek,Week2,314.0 Hiddenbrook - 88.0 Somerset-Olde Creek
Hiddenbrook,Week3,Kings Ridge ,Week4,230.0 Hiddenbrook - 172.0 Kings Ridge
High Point Pool,Week5,Lee Graham,Week3,261.0 Lee Graham - 141.0 High Point Pool
High Point Pool,Week4,Lee Graham,Week3,248.0 Lee Graham - 154.0 High Point Pool
Hiddenbrook,Week4,Somerset-Olde Creek,Week2,293.0 Hiddenbrook - 108.0 Somerset-Olde Creek
Hiddenbrook,Week5,Kings Ridge ,Week2,259.0 Hiddenbrook - 143.0 Kings Ridge
Hiddenbrook,Week3,Kings Ridge ,Week2,248.0 Hiddenbrook - 154.0 Kings Ridge
Hiddenbrook,Week5,Somerset-Olde Creek,Week1,320.0 Hiddenbrook - 82.0 Somerset-Olde Creek
Hiddenbrook,Week4,Kings Ridge ,Week2,258.0 Hiddenbrook - 144.0 Kings Ridge
Hiddenbrook,Week1,Somerset-Olde Creek,Week1,294.0 Hiddenbrook - 107.0 Somerset-Olde Creek
Hiddenbrook,Week1,Somerset-Olde Creek,Week5,280.0 Hiddenbrook - 121.0 Somerset-Olde Creek
High Point Pool,Week2,Lee Graham,Week5,266.0 Lee Graham - 136.0 High Point Pool
Hiddenbrook,Week3,Somerset-Olde Creek,Week4,279.0 Hiddenbrook - 118.0 Somerset-Olde Creek
High Point Pool,Week4,Lee Graham,Week2,245.0 Lee Graham - 157.0 High Point Pool
High Point Pool,Week5,Lee Graham,Week1,258.0 Lee Graham - 144.0 High Point Pool
Hiddenbrook,Week1,South Run,Week4,219.0 South Run - 181.0 Hiddenbrook
Hiddenbrook,Week2,Somerset-Olde Creek,Week2,245.0 Hiddenbrook - 147.0 Somerset-Olde Creek
Hiddenbrook,Week3,Somerset-Olde Creek,Week3,308.0 Hiddenbrook - 93.0 Somerset-Olde Creek
High Point Pool,Week3,Lee Graham,Week3,261.5 Lee Graham - 140.5 High Point Pool
Hiddenbrook,Week2,Kings Ridge ,Week4,209.0 Kings Ridge - 193.0 Hiddenbrook
High Point Pool,Week4,Lee Graham,Week4,251.0 Lee Graham - 151.0 High Point Pool
Hiddenbrook,Week5,Somerset-Olde Creek,Week5,294.0 Hiddenbrook - 108.0 Somerset-Olde Creek
Hiddenbrook,Week5,Kings Ridge ,Week5,245.0 Hiddenbrook - 157.0 Kings Ridge
High Point Pool,Week1,Lincolnia Park,Week2,321.0 High Point Pool - 72.0 Lincolnia Park
Hiddenbrook,Week2,Lake Braddock,Week3,208.0 Lake Braddock - 194.0 Hiddenbrook
Hiddenbrook,Week1,Somerset-Olde Creek,Week3,305.0 Hiddenbrook - 95.0 Somerset-Olde Creek
Hiddenbrook,Week1,Lake Braddock,Week4,254.0 Hiddenbrook - 148.0 Lake Braddock
Hiddenbrook,Week2,Lake Braddock,Week2,205.0 Lake Braddock - 196.0 Hiddenbrook
Hiddenbrook,Week2,Somerset-Olde Creek,Week5,226.0 Hiddenbrook - 170.0 Somerset-Olde Creek
Hiddenbrook,Week2,Kings Ridge ,Week5,219.0 Kings Ridge - 183.0 Hiddenbrook
Hiddenbrook,Week1,South Run,Week3,230.0 South Run - 171.0 Hiddenbrook
Hiddenbrook,Week5,Somerset-Olde Creek,Week3,326.0 Hiddenbrook - 76.0 Somerset-Olde Creek
Hiddenbrook,Week5,Kings Ridge ,Week3,259.0 Hiddenbrook - 143.0 Kings Ridge
Hiddenbrook,Week5,Kings Ridge ,Week1,261.0 Hiddenbrook - 141.0 Kings Ridge
Hiddenbrook,Week3,Kings Ridge ,Week5,224.0 Hiddenbrook - 178.0 Kings Ridge
Hiddenbrook,Week2,South Run,Week1,245.0 South Run - 147.0 Hiddenbrook
Hiddenbrook,Week4,Kings Ridge ,Week5,228.0 Hiddenbrook - 174.0 Kings Ridge
Hiddenbrook,Week2,South Run,Week3,247.0 South Run - 155.0 Hiddenbrook
Hiddenbrook,Week5,Kings Ridge ,Week4,242.0 Hiddenbrook - 160.0 Kings Ridge
Hiddenbrook,Week5,Somerset-Olde Creek,Week4,311.0 Hiddenbrook - 91.0 Somerset-Olde Creek
Hiddenbrook,Week1,Lake Braddock,Week2,254.0 Hiddenbrook - 148.0 Lake Braddock
High Point Pool,Week3,Lee Graham,Week4,270.0 Lee Graham - 132.0 High Point Pool
High Point Pool,Week4,Lee Graham,Week1,243.0 Lee Graham - 159.0 High Point Pool
Hiddenbrook,Week3,Somerset-Olde Creek,Week5,275.5 Hiddenbrook - 126.5 Somerset-Olde Creek
High Point Pool,Week1,Lincolnia Park,Week3,293.0 High Point Pool - 100.0 Lincolnia Park
Hiddenbrook,Week4,Somerset-Olde Creek,Week5,276.0 Hiddenbrook - 126.0 Somerset-Olde Creek
Hiddenbrook,Week2,Kings Ridge ,Week3,211.0 Kings Ridge - 186.0 Hiddenbrook
Hiddenbrook,Week1,South Run,Week1,224.0 South Run - 168.0 Hiddenbrook
Hiddenbrook,Week5,South Run,Week5,207.0 South Run - 195.0 Hiddenbrook
High Point Pool,Week2,Woodley,Week2,317.0 High Point Pool - 85.0 Woodley
Hiddenbrook,Week3,South Run,Week2,207.0 South Run - 190.0 Hiddenbrook
High Point Pool,Week3,Woodley,Week3,312.0 High Point Pool - 90.0 Woodley
High Point Pool,Week2,Woodley,Week1,318.0 High Point Pool - 84.0 Woodley
Hiddenbrook,Week1,Springboard,Week4,208.0 Hiddenbrook - 193.0 Springboard
Hiddenbrook,Week4,South Run,Week1,221.0 South Run - 172.0 Hiddenbrook
Hiddenbrook,Week1,Springboard,Week3,228.0 Hiddenbrook - 170.0 Springboard
Hiddenbrook,Week1,Springboard,Week1,228.5 Hiddenbrook - 169.5 Springboard
Hiddenbrook,Week5,South Run,Week4,214.0 Hiddenbrook - 188.0 South Run
High Point Pool,Week5,Waynewood,Week2,220.0 Waynewood - 182.0 High Point Pool
High Point Pool,Week5,Waynewood,Week1,203.0 Waynewood - 199.0 High Point Pool
High Point Pool,Week1,Woodley,Week4,306.0 High Point Pool - 96.0 Woodley
Hiddenbrook,Week4,South Run,Week2,218.0 South Run - 184.0 Hiddenbrook
High Point Pool,Week5,Waynewood,Week5,237.5 Waynewood - 164.5 High Point Pool
Hiddenbrook,Week5,High Point Pool,Week1,247.0 High Point Pool - 155.0 Hiddenbrook
Hiddenbrook,Week5,South Run,Week2,217.0 Hiddenbrook - 185.0 South Run
High Point Pool,Week4,Waynewood,Week5,220.0 Waynewood - 182.0 High Point Pool
Hiddenbrook,Week3,South Run,Week1,218.0 South Run - 175.0 Hiddenbrook
Hiddenbrook,Week2,South Run,Week4,249.0 South Run - 147.0 Hiddenbrook
Hiddenbrook,Week1,Springboard,Week2,260.5 Hiddenbrook - 137.5 Springboard
High Point Pool,Week5,Woodley,Week3,308.0 High Point Pool - 94.0 Woodley
Hiddenbrook,Week3,South Run,Week3,223.0 South Run - 179.0 Hiddenbrook
High Point Pool,Week2,Woodley,Week4,325.5 High Point Pool - 76.5 Woodley
High Point Pool,Week3,Woodley,Week2,318.0 High Point Pool - 84.0 Woodley
Hiddenbrook,Week4,South Run,Week4,216.0 South Run - 181.0 Hiddenbrook
High Point Pool,Week5,Woodley,Week5,304.0 High Point Pool - 98.0 Woodley
High Point Pool,Week1,Woodley,Week3,302.0 High Point Pool - 100.0 Woodley
Hiddenbrook,Week3,South Run,Week5,239.0 South Run - 163.0 Hiddenbrook
High Point Pool,Week5,Waynewood,Week3,232.0 Waynewood - 170.0 High Point Pool
Hiddenbrook,Week3,South Run,Week4,204.0 South Run - 198.0 Hiddenbrook
Hiddenbrook,Week5,South Run,Week1,199.0 South Run - 194.0 Hiddenbrook
Hiddenbrook,Week2,South Run,Week5,267.0 South Run - 134.0 Hiddenbrook
High Point Pool,Week3,Woodley,Week4,312.0 High Point Pool - 90.0 Woodley
Hiddenbrook,Week3,Hollin Meadows,Week1,252.0 Hollin Meadows - 150.0 Hiddenbrook
Hiddenbrook,Week5,South Run,Week3,206.0 Hiddenbrook - 196.0 South Run
Hiddenbrook,Week4,South Run,Week3,222.0 South Run - 180.0 Hiddenbrook
High Point Pool,Week4,Woodley,Week5,302.0 High Point Pool - 100.0 Woodley
High Point Pool,Week4,Woodley,Week1,309.0 High Point Pool - 93.0 Woodley
High Point Pool,Week4,Woodley,Week4,311.0 High Point Pool - 91.0 Woodley
Hiddenbrook,Week4,South Run,Week5,233.0 South Run - 169.0 Hiddenbrook
Hiddenbrook,Week1,Springboard,Week5,209.5 Hiddenbrook - 188.5 Springboard
Hiddenbrook,Week2,Springboard,Week2,202.5 Hiddenbrook - 188.5 Springboard
High Point Pool,Week1,Woodley,Week2,308.0 High Point Pool - 94.0 Woodley
Hiddenbrook,Week1,Hollin Meadows,Week4,261.0 Hollin Meadows - 141.0 Hiddenbrook
High Point Pool,Week1,Woodley,Week5,300.0 High Point Pool - 102.0 Woodley
Hiddenbrook,Week2,Springboard,Week1,212.0 Springboard - 185.0 Hiddenbrook
Hiddenbrook,Week3,Hollin Meadows,Week5,265.0 Hollin Meadows - 137.0 Hiddenbrook
High Point Pool,Week4,Woodley,Week3,305.0 High Point Pool - 97.0 Woodley
High Point Pool,Week1,Woodley,Week1,296.0 High Point Pool - 106.0 Woodley
Hiddenbrook,Week1,Hollin Meadows,Week5,267.0 Hollin Meadows - 135.0 Hiddenbrook
High Point Pool,Week3,Woodley,Week5,311.0 High Point Pool - 91.0 Woodley
High Point Pool,Week2,Woodley,Week5,318.0 High Point Pool - 84.0 Woodley
High Point Pool,Week3,Woodley,Week1,315.0 High Point Pool - 87.0 Woodley
High Point Pool,Week5,Woodley,Week1,300.5 High Point Pool - 101.5 Woodley
High Point Pool,Week2,Woodley,Week3,322.0 High Point Pool - 80.0 Woodley
Highland Park,Week4,Annandale,Week2,292.0 Highland Park - 110.0 Annandale
Highland Park,Week2,Annandale,Week5,285.0 Highland Park - 117.0 Annandale
Hiddenbrook,Week5,Hollin Meadows,Week2,207.0 Hollin Meadows - 195.0 Hiddenbrook
Hiddenbrook,Week4,Hollin Meadows,Week5,265.0 Hollin Meadows - 137.0 Hiddenbrook
Highland Park,Week2,Annandale,Week1,301.0 Highland Park - 101.0 Annandale
Highland Park,Week2,Arlington Forest,Week1,209.0 Highland Park - 193.0 Arlington Forest
Hiddenbrook,Week5,Hollin Meadows,Week1,225.0 Hollin Meadows - 177.0 Hiddenbrook
Hiddenbrook,Week3,Hollin Meadows,Week3,248.0 Hollin Meadows - 153.0 Hiddenbrook
Hiddenbrook,Week1,Hollin Meadows,Week1,273.0 Hollin Meadows - 129.0 Hiddenbrook
Hiddenbrook,Week5,Hollin Meadows,Week3,224.0 Hollin Meadows - 178.0 Hiddenbrook
Hiddenbrook,Week4,Hollin Meadows,Week1,259.0 Hollin Meadows - 143.0 Hiddenbrook
Hiddenbrook,Week2,Hollin Meadows,Week2,278.0 Hollin Meadows - 118.0 Hiddenbrook
Highland Park,Week5,Annandale,Week2,281.0 Highland Park - 121.0 Annandale
High Point Pool,Week5,Waynewood,Week4,224.0 Waynewood - 178.0 High Point Pool
Hiddenbrook,Week3,Hollin Meadows,Week2,212.0 Hollin Meadows - 190.0 Hiddenbrook
Hiddenbrook,Week2,Hollin Meadows,Week4,292.0 Hollin Meadows - 110.0 Hiddenbrook
Hiddenbrook,Week5,Hollin Meadows,Week5,243.0 Hollin Meadows - 159.0 Hiddenbrook
Highland Park,Week1,Annandale,Week3,295.0 Highland Park - 107.0 Annandale
Hiddenbrook,Week2,Hollin Meadows,Week1,296.0 Hollin Meadows - 106.0 Hiddenbrook
High Point Pool,Week5,Woodley,Week4,309.0 High Point Pool - 93.0 Woodley
Highland Park,Week1,Annandale,Week1,308.0 Highland Park - 94.0 Annandale
Highland Park,Week2,Annandale,Week3,276.0 Highland Park - 126.0 Annandale
Hiddenbrook,Week1,Hollin Meadows,Week3,270.5 Hollin Meadows - 131.5 Hiddenbrook
Hiddenbrook,Week2,Hollin Meadows,Week5,309.0 Hollin Meadows - 92.0 Hiddenbrook
Highland Park,Week2,Arlington Forest,Week3,234.0 Highland Park - 168.0 Arlington Forest
Hiddenbrook,Week4,Hollin Meadows,Week3,261.0 Hollin Meadows - 140.0 Hiddenbrook
Hiddenbrook,Week4,Hollin Meadows,Week2,233.0 Hollin Meadows - 169.0 Hiddenbrook
High Point Pool,Week5,Woodley,Week2,308.0 High Point Pool - 94.0 Woodley
Highland Park,Week3,Annandale,Week1,286.0 Highland Park - 111.0 Annandale
Highland Park,Week3,Annandale,Week4,283.0 Highland Park - 119.0 Annandale
Hiddenbrook,Week5,Hollin Meadows,Week4,218.0 Hollin Meadows - 184.0 Hiddenbrook
High Point Pool,Week4,Woodley,Week2,313.0 High Point Pool - 89.0 Woodley
Hiddenbrook,Week5,Hollin Hills,Week5,281.0 Hiddenbrook - 121.0 Hollin Hills
Highland Park,Week3,Annandale,Week3,265.0 Highland Park - 132.0 Annandale
Highland Park,Week3,Annandale,Week2,272.0 Highland Park - 130.0 Annandale
Highland Park,Week1,Annandale,Week5,292.0 Highland Park - 110.0 Annandale
Hiddenbrook,Week1,Hollin Meadows,Week2,240.0 Hollin Meadows - 162.0 Hiddenbrook
Highland Park,Week1,Annandale,Week4,306.0 Highland Park - 96.0 Annandale
Highland Park,Week4,Annandale,Week3,294.0 Highland Park - 108.0 Annandale
Hiddenbrook,Week4,Hollin Meadows,Week4,261.0 Hollin Meadows - 141.0 Hiddenbrook
Highland Park,Week1,Annandale,Week2,286.0 Highland Park - 116.0 Annandale
Hiddenbrook,Week3,Hollin Meadows,Week4,242.0 Hollin Meadows - 160.0 Hiddenbrook
Hiddenbrook,Week2,Hollin Meadows,Week3,289.0 Hollin Meadows - 113.0 Hiddenbrook
Highland Park,Week1,Arlington Forest,Week1,216.0 Highland Park - 186.0 Arlington Forest
Highland Park,Week3,Brandywine,Week2,211.0 Highland Park - 191.0 Brandywine
Highland Park,Week3,Brandywine,Week4,216.0 Brandywine - 186.0 Highland Park
Highland Park,Week4,Arlington Forest,Week2,226.0 Highland Park - 176.0 Arlington Forest
Highland Park,Week1,Arlington Forest,Week2,235.0 Highland Park - 167.0 Arlington Forest
Hiddenbrook,Week1,Holmes Run Acres,Week2,229.0 Holmes Run Acres - 173.0 Hiddenbrook
Highland Park,Week4,Arlington Forest,Week4,215.0 Arlington Forest - 187.0 Highland Park
Hiddenbrook,Week2,Holmes Run Acres,Week1,264.0 Holmes Run Acres - 133.0 Hiddenbrook
Highland Park,Week1,Arlington Forest,Week4,207.0 Highland Park - 195.0 Arlington Forest
Highland Park,Week1,Arlington Forest,Week5,205.0 Highland Park - 197.0 Arlington Forest
Highland Park,Week2,Brandywine,Week1,220.0 Highland Park - 182.0 Brandywine
Highland Park,Week2,Annandale,Week2,278.0 Highland Park - 124.0 Annandale
Hiddenbrook,Week3,Holmes Run Acres,Week3,252.0 Holmes Run Acres - 150.0 Hiddenbrook
Highland Park,Week2,Arlington Forest,Week2,217.0 Highland Park - 185.0 Arlington Forest
Highland Park,Week5,Annandale,Week5,283.0 Highland Park - 119.0 Annandale
Highland Park,Week2,Annandale,Week4,299.0 Highland Park - 103.0 Annandale
Hiddenbrook,Week2,Tuckahoe,Week4,373.0 Tuckahoe - 29.0 Hiddenbrook
Highland Park,Week4,Annandale,Week4,306.0 Highland Park - 96.0 Annandale
Hiddenbrook,Week1,Hunt Valley,Week4,324.0 Hunt Valley - 78.0 Hiddenbrook
Highland Park,Week4,Annandale,Week5,281.0 Highland Park - 121.0 Annandale
Highland Park,Week2,Brandywine,Week4,217.0 Brandywine - 185.0 Highland Park
Hiddenbrook,Week1,Holmes Run Acres,Week1,233.0 Holmes Run Acres - 169.0 Hiddenbrook
Hiddenbrook,Week5,Truro,Week2,250.0 Hiddenbrook - 151.0 Truro
Hiddenbrook,Week3,Truro,Week1,215.0 Hiddenbrook - 187.0 Truro
Hiddenbrook,Week2,Holmes Run Acres,Week5,290.0 Holmes Run Acres - 106.0 Hiddenbrook
Highland Park,Week5,Annandale,Week4,299.0 Highland Park - 103.0 Annandale
Hiddenbrook,Week5,Holmes Run Acres,Week3,262.0 Holmes Run Acres - 140.0 Hiddenbrook
Hiddenbrook,Week2,Hunt Valley,Week1,321.0 Hunt Valley - 76.0 Hiddenbrook
Highland Park,Week4,Annandale,Week1,309.0 Highland Park - 93.0 Annandale
Highland Park,Week5,Annandale,Week1,308.0 Highland Park - 94.0 Annandale
Highland Park,Week5,Annandale,Week3,288.0 Highland Park - 114.0 Annandale
Highland Park,Week3,Annandale,Week5,270.0 Highland Park - 132.0 Annandale
Highland Park,Week1,Arlington Forest,Week3,246.0 Highland Park - 156.0 Arlington Forest
Hiddenbrook,Week4,Holmes Run Acres,Week5,264.0 Holmes Run Acres - 138.0 Hiddenbrook
Hiddenbrook,Week4,Truro,Week3,230.0 Hiddenbrook - 172.0 Truro
Hiddenbrook,Week3,Truro,Week2,238.0 Hiddenbrook - 162.0 Truro
Hiddenbrook,Week4,Truro,Week4,205.0 Hiddenbrook - 197.0 Truro
Highland Park,Week3,Arlington Forest,Week5,221.0 Arlington Forest - 181.0 Highland Park
Hiddenbrook,Week3,Truro,Week3,221.5 Hiddenbrook - 180.5 Truro
Highland Park,Week5,Arlington Forest,Week3,236.0 Highland Park - 166.0 Arlington Forest
Highland Park,Week1,Brandywine,Week2,220.0 Highland Park - 182.0 Brandywine
Hiddenbrook,Week3,Hunt Valley,Week5,328.0 Hunt Valley - 74.0 Hiddenbrook
Highland Park,Week1,Brandywine,Week1,226.0 Highland Park - 176.0 Brandywine
Highland Park,Week4,Arlington Forest,Week1,217.0 Highland Park - 185.0 Arlington Forest
Highland Park,Week4,Brandywine,Week1,224.0 Highland Park - 178.0 Brandywine
Hiddenbrook,Week4,Holmes Run Acres,Week2,224.0 Holmes Run Acres - 178.0 Hiddenbrook
Hiddenbrook,Week5,Holmes Run Acres,Week2,209.0 Holmes Run Acres - 193.0 Hiddenbrook
Highland Park,Week2,Brandywine,Week5,228.0 Brandywine - 174.0 Highland Park
Hiddenbrook,Week1,Hunt Valley,Week2,320.0 Hunt Valley - 82.0 Hiddenbrook
Hiddenbrook,Week4,Holmes Run Acres,Week1,213.0 Holmes Run Acres - 189.0 Hiddenbrook
Hiddenbrook,Week3,Truro,Week5,211.0 Hiddenbrook - 191.0 Truro
Hiddenbrook,Week1,Tuckahoe,Week3,360.0 Tuckahoe - 42.0 Hiddenbrook
Hiddenbrook,Week5,Truro,Week1,247.0 Hiddenbrook - 155.0 Truro
Hiddenbrook,Week5,Holmes Run Acres,Week5,246.0 Holmes Run Acres - 156.0 Hiddenbrook
Hiddenbrook,Week3,Hunt Valley,Week3,317.0 Hunt Valley - 85.0 Hiddenbrook
Hiddenbrook,Week2,Tuckahoe,Week3,379.0 Tuckahoe - 23.0 Hiddenbrook
Hiddenbrook,Week4,Holmes Run Acres,Week3,252.0 Holmes Run Acres - 150.0 Hiddenbrook
Highland Park,Week5,Arlington Forest,Week5,212.0 Arlington Forest - 190.0 Highland Park
Hiddenbrook,Week2,Holmes Run Acres,Week4,274.0 Holmes Run Acres - 124.0 Hiddenbrook
Hiddenbrook,Week5,Truro,Week3,251.0 Hiddenbrook - 151.0 Truro
Hiddenbrook,Week4,Holmes Run Acres,Week4,223.0 Holmes Run Acres - 179.0 Hiddenbrook
Hiddenbrook,Week5,Truro,Week4,237.0 Hiddenbrook - 165.0 Truro
Hiddenbrook,Week1,Holmes Run Acres,Week4,242.0 Holmes Run Acres - 160.0 Hiddenbrook
Highland Park,Week1,Brandywine,Week3,206.0 Brandywine - 196.0 Highland Park
Highland Park,Week3,Arlington Forest,Week2,210.0 Highland Park - 192.0 Arlington Forest
Hiddenbrook,Week2,Tuckahoe,Week2,378.0 Tuckahoe - 24.0 Hiddenbrook
Highland Park,Week3,Arlington Forest,Week4,211.0 Arlington Forest - 191.0 Highland Park
Hiddenbrook,Week1,Holmes Run Acres,Week3,266.0 Holmes Run Acres - 136.0 Hiddenbrook
Hiddenbrook,Week1,Tuckahoe,Week2,353.0 Tuckahoe - 49.0 Hiddenbrook
Hiddenbrook,Week5,Holmes Run Acres,Week1,218.0 Holmes Run Acres - 184.0 Hiddenbrook
Highland Park,Week2,Arlington Forest,Week5,206.0 Arlington Forest - 196.0 Highland Park
Hiddenbrook,Week1,Vienna Aquatic,Week4,319.0 Vienna Aquatic - 83.0 Hiddenbrook
Hiddenbrook,Week2,Tuckahoe,Week5,375.0 Tuckahoe - 27.0 Hiddenbrook
Highland Park,Week3,Arlington Forest,Week1,201.0 Arlington Forest - 196.0 Highland Park
Hiddenbrook,Week3,Holmes Run Acres,Week1,218.0 Holmes Run Acres - 184.0 Hiddenbrook
Highland Park,Week5,Arlington Forest,Week1,208.0 Arlington Forest - 194.0 Highland Park
Hiddenbrook,Week5,Truro,Week5,239.0 Hiddenbrook - 163.0 Truro
Highland Park,Week3,Arlington Forest,Week3,217.0 Highland Park - 185.0 Arlington Forest
Hiddenbrook,Week3,Holmes Run Acres,Week4,234.0 Holmes Run Acres - 168.0 Hiddenbrook
Highland Park,Week5,Arlington Forest,Week2,219.0 Highland Park - 183.0 Arlington Forest
Highland Park,Week5,Arlington Forest,Week4,212.0 Arlington Forest - 190.0 Highland Park
Hiddenbrook,Week2,Holmes Run Acres,Week3,289.0 Holmes Run Acres - 109.0 Hiddenbrook
Hiddenbrook,Week1,Tuckahoe,Week4,364.0 Tuckahoe - 38.0 Hiddenbrook
Hiddenbrook,Week3,Holmes Run Acres,Week2,226.0 Holmes Run Acres - 176.0 Hiddenbrook
Highland Park,Week4,Arlington Forest,Week3,243.0 Highland Park - 159.0 Arlington Forest
Hiddenbrook,Week1,Tuckahoe,Week1,344.0 Tuckahoe - 58.0 Hiddenbrook
Hiddenbrook,Week4,Truro,Week1,230.0 Hiddenbrook - 172.0 Truro
Hiddenbrook,Week1,Holmes Run Acres,Week5,277.0 Holmes Run Acres - 125.0 Hiddenbrook
Hiddenbrook,Week1,Hunt Valley,Week1,306.0 Hunt Valley - 96.0 Hiddenbrook
Hiddenbrook,Week2,Hunt Valley,Week2,328.0 Hunt Valley - 74.0 Hiddenbrook
Highland Park,Week3,Brandywine,Week3,200.0 Brandywine - 197.0 Highland Park
Highland Park,Week4,Arlington Forest,Week5,220.0 Arlington Forest - 182.0 Highland Park
Highland Park,Week5,Brookfield ,Week3,236.0 Highland Park - 166.0 Brookfield
Hiddenbrook,Week3,Truro,Week4,206.0 Hiddenbrook - 196.0 Truro
Hiddenbrook,Week4,Tuckahoe,Week4,364.0 Tuckahoe - 38.0 Hiddenbrook
Highland Park,Week1,Brandywine,Week4,202.0 Brandywine - 200.0 Highland Park
Hiddenbrook,Week3,Tuckahoe,Week1,351.0 Tuckahoe - 51.0 Hiddenbrook
Highland Park,Week2,Arlington Forest,Week4,217.0 Arlington Forest - 185.0 Highland Park
Hiddenbrook,Week4,Truro,Week5,211.5 Hiddenbrook - 190.5 Truro
Hiddenbrook,Week1,Hunt Valley,Week3,322.0 Hunt Valley - 80.0 Hiddenbrook
Highland Park,Week1,Brandywine,Week5,216.0 Brandywine - 186.0 Highland Park
Highland Park,Week3,Brandywine,Week5,231.0 Brandywine - 171.0 Highland Park
Hiddenbrook,Week5,Holmes Run Acres,Week4,223.0 Holmes Run Acres - 179.0 Hiddenbrook
Highland Park,Week2,Brookfield ,Week4,202.0 Highland Park - 200.0 Brookfield
Hiddenbrook,Week2,Hunt Valley,Week4,326.0 Hunt Valley - 76.0 Hiddenbrook
Hiddenbrook,Week3,Holmes Run Acres,Week5,263.0 Holmes Run Acres - 139.0 Hiddenbrook
Hiddenbrook,Week4,Truro,Week2,242.0 Hiddenbrook - 159.0 Truro
Hiddenbrook,Week1,Tuckahoe,Week5,358.0 Tuckahoe - 44.0 Hiddenbrook
Hiddenbrook,Week3,Tuckahoe,Week3,363.0 Tuckahoe - 39.0 Hiddenbrook
Highland Park,Week1,Brookfield ,Week1,205.0 Highland Park - 197.0 Brookfield
Hiddenbrook,Week3,Tuckahoe,Week5,357.0 Tuckahoe - 45.0 Hiddenbrook
Hiddenbrook,Week2,Holmes Run Acres,Week2,263.0 Holmes Run Acres - 135.0 Hiddenbrook
Hiddenbrook,Week3,Hunt Valley,Week4,310.0 Hunt Valley - 92.0 Hiddenbrook
Hiddenbrook,Week1,Hunt Valley,Week5,344.0 Hunt Valley - 58.0 Hiddenbrook
Highland Park,Week4,Brandywine,Week4,202.0 Brandywine - 200.0 Highland Park
Hiddenbrook,Week2,Tuckahoe,Week1,366.0 Tuckahoe - 36.0 Hiddenbrook
Highland Park,Week2,Brandywine,Week2,201.0 Brandywine - 201.0 Highland Park
Hiddenbrook,Week5,Tuckahoe,Week3,361.0 Tuckahoe - 41.0 Hiddenbrook
Hiddenbrook,Week2,Hunt Valley,Week5,342.0 Hunt Valley - 60.0 Hiddenbrook
Hiddenbrook,Week4,Tuckahoe,Week2,349.0 Tuckahoe - 53.0 Hiddenbrook
Highland Park,Week3,Brandywine,Week1,221.0 Highland Park - 181.0 Brandywine
Highland Park,Week2,Brandywine,Week3,221.0 Brandywine - 181.0 Highland Park
Highland Park,Week4,Bren Mar-Edsall Park,Week5,365.0 Highland Park - 37.0 Bren Mar-Edsall Park
Highland Park,Week4,Brookfield ,Week1,209.0 Highland Park - 193.0 Brookfield
Hiddenbrook,Week5,Tuckahoe,Week2,344.0 Tuckahoe - 58.0 Hiddenbrook
Hiddenbrook,Week2,Hunt Valley,Week3,336.0 Hunt Valley - 66.0 Hiddenbrook
Highland Park,Week5,Brandywine,Week4,202.0 Brandywine - 200.0 Highland Park
Highland Park,Week5,Bren Mar-Edsall Park,Week4,368.0 Highland Park - 34.0 Bren Mar-Edsall Park
Highland Park,Week2,Bren Mar-Edsall Park,Week1,372.0 Highland Park - 30.0 Bren Mar-Edsall Park
Hiddenbrook,Week3,Hunt Valley,Week1,296.0 Hunt Valley - 106.0 Hiddenbrook
Hiddenbrook,Week3,Hunt Valley,Week2,306.0 Hunt Valley - 96.0 Hiddenbrook
Hiddenbrook,Week4,Tuckahoe,Week5,358.0 Tuckahoe - 44.0 Hiddenbrook
Highland Park,Week3,Brookfield ,Week4,203.0 Highland Park - 199.0 Brookfield
Highland Park,Week5,Brookfield ,Week5,219.0 Highland Park - 183.0 Brookfield
Hiddenbrook,Week4,Tuckahoe,Week3,365.0 Tuckahoe - 37.0 Hiddenbrook
Highland Park,Week3,Bren Mar-Edsall Park,Week2,363.0 Highland Park - 39.0 Bren Mar-Edsall Park
Hiddenbrook,Week5,Hunt Valley,Week4,293.0 Hunt Valley - 109.0 Hiddenbrook
Hiddenbrook,Week4,Tuckahoe,Week1,347.0 Tuckahoe - 55.0 Hiddenbrook
Highland Park,Week1,Bren Mar-Edsall Park,Week3,368.0 Highland Park - 34.0 Bren Mar-Edsall Park
Hiddenbrook,Week5,Hunt Valley,Week2,272.0 Hunt Valley - 130.0 Hiddenbrook
Highland Park,Week2,Bren Mar-Edsall Park,Week4,359.0 Highland Park - 43.0 Bren Mar-Edsall Park
Highland Park,Week2,Brookfield ,Week5,223.0 Highland Park - 179.0 Brookfield
Highland Park,Week1,Brookfield ,Week3,235.5 Highland Park - 166.5 Brookfield
Highland Park,Week3,Bren Mar-Edsall Park,Week4,352.0 Highland Park - 50.0 Bren Mar-Edsall Park
Hiddenbrook,Week1,Vienna Aquatic,Week3,321.0 Vienna Aquatic - 81.0 Hiddenbrook
Hiddenbrook,Week1,Vienna Aquatic,Week1,329.0 Vienna Aquatic - 73.0 Hiddenbrook
Highland Park,Week2,Brookfield ,Week1,209.0 Highland Park - 193.0 Brookfield
Hiddenbrook,Week4,Hunt Valley,Week1,294.0 Hunt Valley - 103.0 Hiddenbrook
Hiddenbrook,Week4,Hunt Valley,Week4,308.0 Hunt Valley - 94.0 Hiddenbrook
Hiddenbrook,Week5,Tuckahoe,Week5,354.0 Tuckahoe - 48.0 Hiddenbrook
Highland Park,Week3,Brookfield ,Week1,204.0 Highland Park - 198.0 Brookfield
Hiddenbrook,Week5,Tuckahoe,Week4,363.0 Tuckahoe - 39.0 Hiddenbrook
Highland Park,Week5,Bren Mar-Edsall Park,Week2,377.0 Highland Park - 25.0 Bren Mar-Edsall Park
Hiddenbrook,Week5,Hunt Valley,Week1,271.0 Hunt Valley - 131.0 Hiddenbrook
Highland Park,Week1,Brookfield ,Week4,216.0 Highland Park - 186.0 Brookfield
Hiddenbrook,Week1,Hunter Mill,Week2,272.0 Hunter Mill - 130.0 Hiddenbrook
Hiddenbrook,Week3,Tuckahoe,Week4,364.0 Tuckahoe - 38.0 Hiddenbrook
Hiddenbrook,Week1,Hunter Mill,Week3,278.0 Hunter Mill - 124.0 Hiddenbrook
Hiddenbrook,Week4,Hunt Valley,Week3,317.0 Hunt Valley - 85.0 Hiddenbrook
Highland Park,Week3,Brookfield ,Week3,226.0 Highland Park - 176.0 Brookfield
Highland Park,Week1,Brookfield ,Week2,238.0 Highland Park - 164.0 Brookfield
Hiddenbrook,Week5,Tuckahoe,Week1,344.0 Tuckahoe - 58.0 Hiddenbrook
Highland Park,Week2,Bren Mar-Edsall Park,Week3,362.0 Highland Park - 40.0 Bren Mar-Edsall Park
Hiddenbrook,Week1,Vienna Aquatic,Week5,328.0 Vienna Aquatic - 74.0 Hiddenbrook
Highland Park,Week1,Bren Mar-Edsall Park,Week2,373.0 Highland Park - 28.0 Bren Mar-Edsall Park
Hiddenbrook,Week5,Hunt Valley,Week3,290.0 Hunt Valley - 112.0 Hiddenbrook
Highland Park,Week1,Brookfield ,Week5,230.0 Highland Park - 172.0 Brookfield
Highland Park,Week2,Brookfield ,Week3,230.0 Highland Park - 172.0 Brookfield
Highland Park,Week5,Brandywine,Week3,208.0 Brandywine - 194.0 Highland Park
Hiddenbrook,Week5,Hunt Valley,Week5,309.0 Hunt Valley - 93.0 Hiddenbrook
Hiddenbrook,Week1,Vienna Aquatic,Week2,317.0 Vienna Aquatic - 85.0 Hiddenbrook
Highland Park,Week5,Brandywine,Week2,203.0 Highland Park - 199.0 Brandywine
Highland Park,Week5,Brandywine,Week1,220.0 Highland Park - 182.0 Brandywine
Highland Park,Week3,Brookfield ,Week2,210.0 Highland Park - 192.0 Brookfield
Hiddenbrook,Week3,Tuckahoe,Week2,355.0 Tuckahoe - 47.0 Hiddenbrook
Hiddenbrook,Week1,Village West,Week5,204.0 Hiddenbrook - 197.0 Village West
Highland Park,Week4,Brookfield ,Week5,219.0 Highland Park - 183.0 Brookfield
Highland Park,Week4,Bren Mar-Edsall Park,Week3,369.0 Highland Park - 33.0 Bren Mar-Edsall Park
Hiddenbrook,Week5,Villa Aquatic,Week4,221.0 Villa Aquatic - 181.0 Hiddenbrook
Highland Park,Week4,Brandywine,Week2,222.0 Highland Park - 180.0 Brandywine
Highland Park,Week1,Bren Mar-Edsall Park,Week1,368.0 Highland Park - 34.0 Bren Mar-Edsall Park
Highland Park,Week4,Bren Mar-Edsall Park,Week2,376.0 Highland Park - 25.0 Bren Mar-Edsall Park
Highland Park,Week5,Brookfield ,Week2,226.0 Highland Park - 176.0 Brookfield
Hiddenbrook,Week2,Village West,Week3,218.0 Village West - 183.0 Hiddenbrook
Highland Park,Week3,Bren Mar-Edsall Park,Week1,363.0 Highland Park - 39.0 Bren Mar-Edsall Park
Hiddenbrook,Week5,Villa Aquatic,Week5,238.0 Villa Aquatic - 164.0 Hiddenbrook
Highland Park,Week1,Bren Mar-Edsall Park,Week4,364.0 Highland Park - 37.0 Bren Mar-Edsall Park
Highland Park,Week5,Brandywine,Week5,230.0 Brandywine - 172.0 Highland Park
Hiddenbrook,Week3,Vienna Aquatic,Week4,310.0 Vienna Aquatic - 87.0 Hiddenbrook
Hiddenbrook,Week4,Villa Aquatic,Week5,244.0 Villa Aquatic - 158.0 Hiddenbrook
Hiddenbrook,Week4,Vienna Aquatic,Week1,321.0 Vienna Aquatic - 81.0 Hiddenbrook
Highland Park,Week2,Bren Mar-Edsall Park,Week2,373.0 Highland Park - 29.0 Bren Mar-Edsall Park
Hiddenbrook,Week4,Villa Aquatic,Week3,248.0 Villa Aquatic - 154.0 Hiddenbrook
Hiddenbrook,Week1,Hunter Mill,Week1,277.0 Hunter Mill - 125.0 Hiddenbrook
Hiddenbrook,Week1,Village West,Week2,227.0 Hiddenbrook - 174.0 Village West
Highland Park,Week4,Broyhill Crest,Week3,367.0 Highland Park - 35.0 Broyhill Crest
Hiddenbrook,Week4,Vienna Aquatic,Week4,306.0 Vienna Aquatic - 96.0 Hiddenbrook
Highland Park,Week3,Bren Mar-Edsall Park,Week5,349.0 Highland Park - 48.0 Bren Mar-Edsall Park
Hiddenbrook,Week3,Vienna Aquatic,Week5,332.0 Vienna Aquatic - 70.0 Hiddenbrook
Highland Park,Week2,Bren Mar-Edsall Park,Week5,355.0 Highland Park - 47.0 Bren Mar-Edsall Park
Hiddenbrook,Week3,Vienna Aquatic,Week2,315.0 Vienna Aquatic - 87.0 Hiddenbrook
Highland Park,Week1,Bren Mar-Edsall Park,Week5,355.0 Highland Park - 47.0 Bren Mar-Edsall Park
Highland Park,Week3,Brookfield ,Week5,216.0 Highland Park - 186.0 Brookfield
Hiddenbrook,Week1,Village West,Week4,212.0 Hiddenbrook - 184.0 Village West
Hiddenbrook,Week5,Vienna Aquatic,Week2,297.0 Vienna Aquatic - 105.0 Hiddenbrook
Highland Park,Week4,Brookfield ,Week4,212.0 Highland Park - 190.0 Brookfield
Hiddenbrook,Week4,Vienna Aquatic,Week5,327.0 Vienna Aquatic - 75.0 Hiddenbrook
Hiddenbrook,Week3,Vienna Aquatic,Week3,321.0 Vienna Aquatic - 81.0 Hiddenbrook
Highland Park,Week5,Brookfield ,Week1,206.0 Highland Park - 196.0 Brookfield
Highland Park,Week5,Brookfield ,Week4,209.0 Highland Park - 193.0 Brookfield
Highland Park,Week4,Brandywine,Week3,204.0 Brandywine - 198.0 Highland Park
Hiddenbrook,Week2,Vienna Aquatic,Week5,357.0 Vienna Aquatic - 45.0 Hiddenbrook
Highland Park,Week4,Brookfield ,Week2,229.0 Highland Park - 173.0 Brookfield
Highland Park,Week4,Brandywine,Week5,218.0 Brandywine - 184.0 Highland Park
Highland Park,Week5,Bren Mar-Edsall Park,Week5,367.0 Highland Park - 35.0 Bren Mar-Edsall Park
Hiddenbrook,Week2,Vienna Aquatic,Week2,347.0 Vienna Aquatic - 55.0 Hiddenbrook
Hiddenbrook,Week2,Vienna Aquatic,Week1,350.0 Vienna Aquatic - 52.0 Hiddenbrook
Highland Park,Week4,Brookfield ,Week3,241.0 Highland Park - 161.0 Brookfield
Hiddenbrook,Week3,Vienna Aquatic,Week1,323.0 Vienna Aquatic - 79.0 Hiddenbrook
Highland Park,Week2,Brookfield ,Week2,220.5 Highland Park - 181.5 Brookfield
Hiddenbrook,Week1,Village West,Week1,227.0 Hiddenbrook - 174.0 Village West
Hiddenbrook,Week2,Vienna Aquatic,Week3,350.0 Vienna Aquatic - 52.0 Hiddenbrook
Hiddenbrook,Week3,Village West,Week4,235.0 Hiddenbrook - 162.0 Village West
Highland Park,Week3,Bren Mar-Edsall Park,Week3,359.0 Highland Park - 38.0 Bren Mar-Edsall Park
Highland Park,Week5,Bren Mar-Edsall Park,Week3,374.0 Highland Park - 28.0 Bren Mar-Edsall Park
Hiddenbrook,Week4,Village West,Week2,240.0 Hiddenbrook - 161.0 Village West
Hiddenbrook,Week2,Vienna Aquatic,Week4,350.0 Vienna Aquatic - 52.0 Hiddenbrook
Highland Park,Week4,Bren Mar-Edsall Park,Week1,372.0 Highland Park - 30.0 Bren Mar-Edsall Park
Highland Park,Week1,Broyhill Crest,Week5,347.0 Highland Park - 55.0 Broyhill Crest
Hiddenbrook,Week4,Vienna Aquatic,Week2,307.0 Vienna Aquatic - 95.0 Hiddenbrook
Hiddenbrook,Week4,Hunt Valley,Week5,320.0 Hunt Valley - 82.0 Hiddenbrook
Highland Park,Week3,Broyhill Crest,Week4,345.0 Highland Park - 57.0 Broyhill Crest
Highland Park,Week2,Broyhill Crest,Week2,380.0 Highland Park - 22.0 Broyhill Crest
Hiddenbrook,Week4,Hunt Valley,Week2,304.0 Hunt Valley - 98.0 Hiddenbrook
Highland Park,Week5,Broyhill Crest,Week3,367.0 Highland Park - 35.0 Broyhill Crest
Hiddenbrook,Week5,Vienna Aquatic,Week3,306.0 Vienna Aquatic - 96.0 Hiddenbrook
High Point Pool,Week3,Sully Station II,Week4,211.0 High Point Pool - 191.0 Sully Station II
Highland Park,Week2,Broyhill Crest,Week1,358.5 Highland Park - 43.5 Broyhill Crest
Hiddenbrook,Week4,Vienna Aquatic,Week3,321.0 Vienna Aquatic - 81.0 Hiddenbrook
Hiddenbrook,Week3,Village West,Week5,224.0 Hiddenbrook - 173.0 Village West
Hiddenbrook,Week2,Village West,Week2,203.0 Hiddenbrook - 199.0 Village West
Highland Park,Week1,Broyhill Crest,Week2,376.0 Highland Park - 26.0 Broyhill Crest
Hiddenbrook,Week5,Vienna Aquatic,Week4,292.0 Vienna Aquatic - 110.0 Hiddenbrook
Highland Park,Week4,Bren Mar-Edsall Park,Week4,365.0 Highland Park - 36.0 Bren Mar-Edsall Park
Hiddenbrook,Week2,Village West,Week5,207.0 Village West - 195.0 Hiddenbrook
Hiddenbrook,Week3,Village West,Week2,240.0 Hiddenbrook - 161.0 Village West
Hiddenbrook,Week2,Village West,Week1,209.0 Village West - 193.0 Hiddenbrook
High Point Pool,Week3,Sully Station,Week1,230.0 Sully Station - 172.0 High Point Pool
Highland Park,Week5,Bren Mar-Edsall Park,Week1,368.0 Highland Park - 34.0 Bren Mar-Edsall Park
High Point Pool,Week4,Sully Station,Week2,205.0 High Point Pool - 197.0 Sully Station
High Point Pool,Week5,Sully Station,Week4,205.0 Sully Station - 197.0 High Point Pool
Highland Park,Week1,Broyhill Crest,Week1,365.0 Highland Park - 36.0 Broyhill Crest
Hiddenbrook,Week5,Vienna Aquatic,Week1,311.0 Vienna Aquatic - 91.0 Hiddenbrook
Hiddenbrook,Week1,Villa Aquatic,Week1,225.0 Villa Aquatic - 177.0 Hiddenbrook
Highland Park,Week4,Broyhill Crest,Week1,358.0 Highland Park - 43.0 Broyhill Crest
Hiddenbrook,Week1,Virginia Hills,Week3,300.0 Hiddenbrook - 102.0 Virginia Hills
High Point Pool,Week3,Sully Station,Week4,228.0 Sully Station - 174.0 High Point Pool
Highland Park,Week2,Broyhill Crest,Week3,372.0 Highland Park - 30.0 Broyhill Crest
High Point Pool,Week5,Sully Station,Week1,211.0 Sully Station - 191.0 High Point Pool
Hiddenbrook,Week4,Village West,Week1,244.0 Hiddenbrook - 158.0 Village West
Highland Park,Week5,Broyhill Crest,Week1,364.0 Highland Park - 38.0 Broyhill Crest
Hiddenbrook,Week2,Vienna Woods,Week4,347.0 Vienna Woods - 50.0 Hiddenbrook
Hiddenbrook,Week3,Village West,Week3,215.0 Hiddenbrook - 187.0 Village West
Hiddenbrook,Week2,Virginia Hills,Week3,251.0 Hiddenbrook - 150.0 Virginia Hills
Hiddenbrook,Week3,Vienna Woods,Week1,323.0 Vienna Woods - 79.0 Hiddenbrook
Hiddenbrook,Week5,Vienna Woods,Week4,302.0 Vienna Woods - 100.0 Hiddenbrook
Hiddenbrook,Week2,Vienna Woods,Week1,351.5 Vienna Woods - 45.5 Hiddenbrook
High Point Pool,Week4,Sully Station II,Week1,209.0 High Point Pool - 193.0 Sully Station II
Highland Park,Week3,Broyhill Crest,Week5,321.0 Highland Park - 76.0 Broyhill Crest
Hiddenbrook,Week4,High Point Pool,Week4,279.0 High Point Pool - 123.0 Hiddenbrook
Hiddenbrook,Week5,Vienna Woods,Week2,305.5 Vienna Woods - 96.5 Hiddenbrook
Highland Park,Week3,Broyhill Crest,Week2,361.0 Highland Park - 41.0 Broyhill Crest
Hiddenbrook,Week5,Villa Aquatic,Week1,209.0 Hiddenbrook - 193.0 Villa Aquatic
Highland Park,Week2,Broyhill Crest,Week4,362.0 Highland Park - 40.0 Broyhill Crest
High Point Pool,Week1,Sully Station II,Week2,241.0 Sully Station II - 161.0 High Point Pool
Hiddenbrook,Week1,Vienna Woods,Week4,325.5 Vienna Woods - 76.5 Hiddenbrook
Highland Park,Week1,Burke Station,Week3,275.0 Highland Park - 122.0 Burke Station
Hiddenbrook,Week1,Vienna Woods,Week5,351.0 Vienna Woods - 51.0 Hiddenbrook
High Point Pool,Week4,Sully Station,Week5,230.0 Sully Station - 172.0 High Point Pool
High Point Pool,Week3,Sully Station,Week2,207.0 Sully Station - 195.0 High Point Pool
Hiddenbrook,Week4,Vienna Woods,Week1,318.5 Vienna Woods - 78.5 Hiddenbrook
Hiddenbrook,Week5,Villa Aquatic,Week3,232.0 Villa Aquatic - 170.0 Hiddenbrook
Hiddenbrook,Week2,Vienna Woods,Week3,367.0 Vienna Woods - 35.0 Hiddenbrook
Hiddenbrook,Week5,Vienna Aquatic,Week5,327.0 Vienna Aquatic - 75.0 Hiddenbrook
Highland Park,Week5,Broyhill Crest,Week2,371.0 Highland Park - 31.0 Broyhill Crest
Highland Park,Week3,Broyhill Crest,Week3,361.0 Highland Park - 41.0 Broyhill Crest
High Point Pool,Week3,Sully Station II,Week2,241.0 Sully Station II - 160.0 High Point Pool
Highland Park,Week4,Broyhill Crest,Week2,376.0 Highland Park - 26.0 Broyhill Crest
High Point Pool,Week1,Sully Station II,Week5,242.0 Sully Station II - 160.0 High Point Pool
High Point Pool,Week1,Sully Station II,Week1,204.0 High Point Pool - 197.0 Sully Station II
Highland Park,Week1,Broyhill Crest,Week3,376.0 Highland Park - 26.0 Broyhill Crest
Hiddenbrook,Week3,Virginia Hills,Week2,319.0 Hiddenbrook - 82.0 Virginia Hills
Highland Park,Week2,Burke Station,Week1,261.0 Highland Park - 118.0 Burke Station
Hiddenbrook,Week4,Villa Aquatic,Week4,244.0 Villa Aquatic - 158.0 Hiddenbrook
Hiddenbrook,Week4,Village West,Week4,239.0 Hiddenbrook - 158.0 Village West
High Point Pool,Week2,Sully Station II,Week2,221.0 Sully Station II - 181.0 High Point Pool
Highland Park,Week3,Burke Station,Week1,245.0 Highland Park - 133.0 Burke Station
Hiddenbrook,Week4,High Point Pool,Week5,269.0 High Point Pool - 132.0 Hiddenbrook
Hiddenbrook,Week5,Villa Aquatic,Week2,205.0 Hiddenbrook - 197.0 Villa Aquatic
Hiddenbrook,Week3,Village West,Week1,244.0 Hiddenbrook - 158.0 Village West
High Point Pool,Week1,Sully Station II,Week4,203.0 High Point Pool - 199.0 Sully Station II
Hiddenbrook,Week3,Vienna Woods,Week5,349.0 Vienna Woods - 53.0 Hiddenbrook
High Point Pool,Week5,Sully Station,Week2,206.0 Sully Station - 196.0 High Point Pool
Highland Park,Week1,Broyhill Crest,Week4,369.0 Highland Park - 33.0 Broyhill Crest
Hiddenbrook,Week2,Vienna Woods,Week5,366.0 Vienna Woods - 35.0 Hiddenbrook
High Point Pool,Week4,Sully Station,Week1,212.0 Sully Station - 190.0 High Point Pool
Hiddenbrook,Week2,Village West,Week4,202.0 Hiddenbrook - 195.0 Village West
Hiddenbrook,Week4,Vienna Woods,Week5,345.0 Vienna Woods - 57.0 Hiddenbrook
Hiddenbrook,Week5,Village West,Week1,256.0 Hiddenbrook - 146.0 Village West
Hiddenbrook,Week1,Village West,Week3,212.0 Hiddenbrook - 190.0 Village West
Hiddenbrook,Week1,Vienna Woods,Week1,332.0 Vienna Woods - 70.0 Hiddenbrook
Highland Park,Week3,Broyhill Crest,Week1,342.0 Highland Park - 60.0 Broyhill Crest
High Point Pool,Week5,Sully Station,Week3,201.0 High Point Pool - 201.0 Sully Station
Highland Park,Week4,Broyhill Crest,Week5,351.0 Highland Park - 51.0 Broyhill Crest
Highland Park,Week1,Burke Station,Week1,263.0 Highland Park - 115.0 Burke Station
Highland Park,Week2,Broyhill Crest,Week5,345.0 Highland Park - 57.0 Broyhill Crest
High Point Pool,Week3,Sully Station,Week3,224.0 Sully Station - 178.0 High Point Pool
High Point Pool,Week2,Sully Station II,Week1,206.0 High Point Pool - 196.0 Sully Station II
Highland Park,Week2,Burke Station,Week2,304.0 Highland Park - 98.0 Burke Station
Hiddenbrook,Week4,Virginia Hills,Week5,290.0 Hiddenbrook - 112.0 Virginia Hills
Hiddenbrook,Week2,Vienna Woods,Week2,355.0 Vienna Woods - 47.0 Hiddenbrook
Hiddenbrook,Week5,Village West,Week2,255.0 Hiddenbrook - 147.0 Village West
High Point Pool,Week2,Sully Station II,Week5,244.0 Sully Station II - 158.0 High Point Pool
High Point Pool,Week1,Sully Station II,Week3,250.0 Sully Station II - 152.0 High Point Pool
Hiddenbrook,Week5,Village West,Week5,251.0 Hiddenbrook - 151.0 Village West
Highland Park,Week4,Broyhill Crest,Week4,368.0 Highland Park - 34.0 Broyhill Crest
Hiddenbrook,Week4,Vienna Woods,Week3,342.0 Vienna Woods - 60.0 Hiddenbrook
Highland Park,Week1,Burke Station,Week2,303.0 Highland Park - 98.0 Burke Station
Hiddenbrook,Week3,Vienna Woods,Week2,318.0 Vienna Woods - 84.0 Hiddenbrook
Hiddenbrook,Week2,Virginia Hills,Week1,250.0 Hiddenbrook - 146.0 Virginia Hills
Hiddenbrook,Week4,Vienna Woods,Week2,316.0 Vienna Woods - 86.0 Hiddenbrook
Highland Park,Week2,Burke Station,Week3,270.0 Highland Park - 127.0 Burke Station
Hiddenbrook,Week3,Vienna Woods,Week4,305.0 Vienna Woods - 97.0 Hiddenbrook
Hiddenbrook,Week2,Virginia Hills,Week2,270.0 Hiddenbrook - 126.0 Virginia Hills
Hiddenbrook,Week4,Village West,Week3,216.0 Hiddenbrook - 186.0 Village West
High Point Pool,Week4,Sully Station,Week3,203.0 High Point Pool - 199.0 Sully Station
Hiddenbrook,Week3,Vienna Woods,Week3,335.0 Vienna Woods - 67.0 Hiddenbrook
Hiddenbrook,Week2,Virginia Hills,Week5,229.0 Hiddenbrook - 165.0 Virginia Hills
Hiddenbrook,Week5,Village West,Week3,241.0 Hiddenbrook - 161.0 Village West
Hiddenbrook,Week1,Virginia Hills,Week4,303.0 Hiddenbrook - 97.0 Virginia Hills
Hiddenbrook,Week2,Virginia Hills,Week4,254.0 Hiddenbrook - 143.0 Virginia Hills
High Point Pool,Week2,Sully Station II,Week4,218.0 High Point Pool - 184.0 Sully Station II
Hiddenbrook,Week5,Village West,Week4,251.0 Hiddenbrook - 146.0 Village West
High Point Pool,Week5,Sully Station,Week5,231.0 Sully Station - 171.0 High Point Pool
High Point Pool,Week3,Somerset-Olde Creek,Week1,326.0 High Point Pool - 75.0 Somerset-Olde Creek
Highland Park,Week5,Broyhill Crest,Week4,365.0 Highland Park - 37.0 Broyhill Crest
High Point Pool,Week4,Sully Station,Week4,205.0 Sully Station - 197.0 High Point Pool
High Point Pool,Week3,Sully Station,Week5,235.0 Sully Station - 167.0 High Point Pool
High Point Pool,Week2,Sully Station II,Week3,236.0 Sully Station II - 166.0 High Point Pool
Highland Park,Week1,Burke Station,Week4,296.0 Highland Park - 106.0 Burke Station
Hiddenbrook,Week5,Vienna Woods,Week3,329.0 Vienna Woods - 73.0 Hiddenbrook
Highland Park,Week1,Burke Station,Week5,274.0 Highland Park - 128.0 Burke Station
Hiddenbrook,Week5,Vienna Woods,Week1,318.0 Vienna Woods - 84.0 Hiddenbrook
Hiddenbrook,Week4,Vienna Woods,Week4,311.0 Vienna Woods - 91.0 Hiddenbrook
Hiddenbrook,Week1,Vienna Woods,Week2,326.0 Vienna Woods - 75.0 Hiddenbrook
Highland Park,Week5,Broyhill Crest,Week5,352.0 Highland Park - 50.0 Broyhill Crest
Hiddenbrook,Week3,Virginia Hills,Week1,308.0 Hiddenbrook - 94.0 Virginia Hills
High Point Pool,Week5,Dominion Hills,Week3,253.0 High Point Pool - 149.0 Dominion Hills
Hiddenbrook,Week1,Vienna Woods,Week3,342.0 Vienna Woods - 60.0 Hiddenbrook
High Point Pool,Week3,Sully Station II,Week1,201.0 Sully Station II - 200.0 High Point Pool
High Point Pool,Week4,Somerset-Olde Creek,Week3,339.0 High Point Pool - 63.0 Somerset-Olde Creek
High Point Pool,Week3,Sully Station II,Week5,243.0 Sully Station II - 159.0 High Point Pool
High Point Pool,Week4,Dominion Hills,Week3,261.0 High Point Pool - 141.0 Dominion Hills
Highland Park,Week1,Camelot,Week4,258.0 Highland Park - 144.0 Camelot
High Point Pool,Week5,Somerset-Olde Creek,Week2,332.0 High Point Pool - 69.0 Somerset-Olde Creek
High Point Pool,Week2,Dominion Hills,Week2,266.0 High Point Pool - 136.0 Dominion Hills
Highland Park,Week2,Burke Station,Week4,288.0 Highland Park - 114.0 Burke Station
High Point Pool,Week3,Sully Station II,Week3,245.0 Sully Station II - 157.0 High Point Pool
Hiddenbrook,Week5,Vienna Woods,Week5,340.5 Vienna Woods - 61.5 Hiddenbrook
Highland Park,Week2,Burke Station,Week5,267.0 Highland Park - 135.0 Burke Station
Hiddenbrook,Week1,Villa Aquatic,Week5,256.0 Villa Aquatic - 146.0 Hiddenbrook
Hiddenbrook,Week1,Virginia Hills,Week2,316.0 Hiddenbrook - 84.0 Virginia Hills
High Point Pool,Week1,Donaldson Run,Week2,249.0 Donaldson Run - 153.0 High Point Pool
Hiddenbrook,Week1,Virginia Hills,Week1,301.0 Hiddenbrook - 99.0 Virginia Hills
High Point Pool,Week2,Somerset-Olde Creek,Week4,334.0 High Point Pool - 68.0 Somerset-Olde Creek
Hiddenbrook,Week4,Village West,Week5,230.0 Hiddenbrook - 172.0 Village West
High Point Pool,Week2,Somerset-Olde Creek,Week5,319.0 High Point Pool - 83.0 Somerset-Olde Creek
Hiddenbrook,Week3,Virginia Hills,Week5,296.0 Hiddenbrook - 106.0 Virginia Hills
Hiddenbrook,Week3,Virginia Hills,Week4,306.0 Hiddenbrook - 96.0 Virginia Hills
Hiddenbrook,Week3,Villa Aquatic,Week4,241.0 Villa Aquatic - 161.0 Hiddenbrook
Highland Park,Week4,Burke Station,Week1,271.0 Highland Park - 108.0 Burke Station
High Point Pool,Week2,Dominion Hills,Week1,278.0 High Point Pool - 124.0 Dominion Hills
High Point Pool,Week2,Truro,Week5,289.0 High Point Pool - 113.0 Truro
Hiddenbrook,Week3,Villa Aquatic,Week2,224.0 Villa Aquatic - 178.0 Hiddenbrook
High Point Pool,Week5,Dominion Hills,Week4,229.0 High Point Pool - 173.0 Dominion Hills
Highland Park,Week4,Camelot,Week2,241.0 Highland Park - 161.0 Camelot
Hiddenbrook,Week2,Villa Aquatic,Week2,272.0 Villa Aquatic - 130.0 Hiddenbrook
High Point Pool,Week4,Truro,Week3,294.0 High Point Pool - 108.0 Truro
High Point Pool,Week1,South Run,Week2,252.0 High Point Pool - 149.0 South Run
High Point Pool,Week5,Somerset-Olde Creek,Week5,316.0 High Point Pool - 86.0 Somerset-Olde Creek
Hiddenbrook,Week1,Virginia Hills,Week5,281.0 Hiddenbrook - 117.0 Virginia Hills
Hiddenbrook,Week4,Villa Aquatic,Week1,203.0 Villa Aquatic - 199.0 Hiddenbrook
High Point Pool,Week2,Truro,Week3,301.0 High Point Pool - 101.0 Truro
High Point Pool,Week3,Donaldson Run,Week2,251.0 Donaldson Run - 151.0 High Point Pool
Highland Park,Week5,Burke Station,Week1,267.0 Highland Park - 111.0 Burke Station
Highland Park,Week3,Camelot,Week5,215.0 Highland Park - 187.0 Camelot
High Point Pool,Week4,Sully Station II,Week3,237.0 Sully Station II - 165.0 High Point Pool
High Point Pool,Week4,Somerset-Olde Creek,Week5,312.0 High Point Pool - 90.0 Somerset-Olde Creek
High Point Pool,Week2,Donaldson Run,Week5,267.0 Donaldson Run - 135.0 High Point Pool
Hiddenbrook,Week4,Villa Aquatic,Week2,221.5 Villa Aquatic - 180.5 Hiddenbrook
Hiddenbrook,Week5,Virginia Hills,Week4,328.0 Hiddenbrook - 74.0 Virginia Hills
High Point Pool,Week1,Truro,Week3,290.0 High Point Pool - 112.0 Truro
Hiddenbrook,Week1,Villa Aquatic,Week2,241.0 Villa Aquatic - 161.0 Hiddenbrook
Hiddenbrook,Week3,Villa Aquatic,Week1,214.0 Villa Aquatic - 188.0 Hiddenbrook
High Point Pool,Week3,Dominion Hills,Week2,238.0 High Point Pool - 164.0 Dominion Hills
Hiddenbrook,Week1,Villa Aquatic,Week4,238.0 Villa Aquatic - 164.0 Hiddenbrook
High Point Pool,Week4,Somerset-Olde Creek,Week4,323.0 High Point Pool - 79.0 Somerset-Olde Creek
Hiddenbrook,Week2,Villa Aquatic,Week1,259.0 Villa Aquatic - 143.0 Hiddenbrook
High Point Pool,Week5,Dominion Hills,Week2,249.0 High Point Pool - 153.0 Dominion Hills
Highland Park,Week3,Burke Station,Week3,256.0 Highland Park - 140.0 Burke Station
Highland Park,Week5,Burke Station,Week4,287.0 Highland Park - 115.0 Burke Station
High Point Pool,Week2,Dominion Hills,Week4,243.0 High Point Pool - 159.0 Dominion Hills
Hiddenbrook,Week2,Villa Aquatic,Week4,279.0 Villa Aquatic - 123.0 Hiddenbrook
High Point Pool,Week5,Dominion Hills,Week1,270.0 High Point Pool - 132.0 Dominion Hills
Highland Park,Week3,Burke Station,Week5,265.0 Highland Park - 137.0 Burke Station
Highland Park,Week2,Camelot,Week1,242.0 Highland Park - 160.0 Camelot
High Point Pool,Week5,Sully Station II,Week5,255.0 Sully Station II - 147.0 High Point Pool
Hiddenbrook,Week5,Virginia Hills,Week3,336.0 Hiddenbrook - 66.0 Virginia Hills
High Point Pool,Week2,Somerset-Olde Creek,Week3,346.0 High Point Pool - 56.0 Somerset-Olde Creek
Hiddenbrook,Week4,Virginia Hills,Week2,314.0 Hiddenbrook - 87.0 Virginia Hills
High Point Pool,Week3,Somerset-Olde Creek,Week3,341.0 High Point Pool - 60.0 Somerset-Olde Creek
High Point Pool,Week3,Somerset-Olde Creek,Week2,338.0 High Point Pool - 63.0 Somerset-Olde Creek
High Point Pool,Week3,Dominion Hills,Week1,262.0 High Point Pool - 140.0 Dominion Hills
High Point Pool,Week1,South Run,Week5,228.0 High Point Pool - 174.0 South Run
High Point Pool,Week1,Truro,Week5,271.0 High Point Pool - 131.0 Truro
Hiddenbrook,Week5,Virginia Hills,Week1,336.0 Hiddenbrook - 66.0 Virginia Hills
Hiddenbrook,Week1,Villa Aquatic,Week3,262.0 Villa Aquatic - 140.0 Hiddenbrook
Hiddenbrook,Week5,Virginia Hills,Week5,313.0 Hiddenbrook - 88.0 Virginia Hills
High Point Pool,Week1,Truro,Week4,260.0 High Point Pool - 142.0 Truro
High Point Pool,Week2,South Run,Week1,248.0 High Point Pool - 145.0 South Run
Highland Park,Week1,Camelot,Week2,241.0 Highland Park - 161.0 Camelot
Hiddenbrook,Week4,Lake Braddock,Week3,264.0 Hiddenbrook - 137.0 Lake Braddock
Highland Park,Week5,Burke Station,Week5,272.0 Highland Park - 130.0 Burke Station
High Point Pool,Week2,South Run,Week2,260.0 High Point Pool - 142.0 South Run
High Point Pool,Week5,Sully Station II,Week3,238.0 Sully Station II - 164.0 High Point Pool
High Point Pool,Week3,Dominion Hills,Week5,218.0 High Point Pool - 184.0 Dominion Hills
Hiddenbrook,Week3,Villa Aquatic,Week3,253.0 Villa Aquatic - 149.0 Hiddenbrook
High Point Pool,Week3,Dominion Hills,Week3,246.0 High Point Pool - 156.0 Dominion Hills
Hiddenbrook,Week3,Virginia Hills,Week3,306.0 Hiddenbrook - 96.0 Virginia Hills
Hiddenbrook,Week4,Virginia Hills,Week3,311.0 Hiddenbrook - 91.0 Virginia Hills
Highland Park,Week5,Burke Station,Week2,301.0 Highland Park - 100.0 Burke Station
Hiddenbrook,Week5,Virginia Hills,Week2,339.0 Hiddenbrook - 63.0 Virginia Hills
High Point Pool,Week4,Somerset-Olde Creek,Week1,320.0 High Point Pool - 82.0 Somerset-Olde Creek
High Point Pool,Week2,Truro,Week2,299.0 High Point Pool - 103.0 Truro
Hiddenbrook,Week4,Virginia Hills,Week4,304.0 Hiddenbrook - 98.0 Virginia Hills
High Point Pool,Week3,Dominion Hills,Week4,217.0 High Point Pool - 185.0 Dominion Hills
Hiddenbrook,Week3,Villa Aquatic,Week5,248.0 Villa Aquatic - 154.0 Hiddenbrook
High Point Pool,Week4,Dominion Hills,Week4,228.0 High Point Pool - 174.0 Dominion Hills
Hiddenbrook,Week2,Villa Aquatic,Week3,287.0 Villa Aquatic - 115.0 Hiddenbrook
Highland Park,Week4,Burke Station,Week3,283.0 Highland Park - 114.0 Burke Station
High Point Pool,Week4,Sully Station II,Week4,219.0 High Point Pool - 183.0 Sully Station II
High Point Pool,Week5,South Run,Week4,256.0 High Point Pool - 146.0 South Run
High Point Pool,Week5,Sully Station II,Week2,224.5 Sully Station II - 177.5 High Point Pool
Highland Park,Week3,Burke Station,Week4,277.0 Highland Park - 125.0 Burke Station
High Point Pool,Week4,Sully Station II,Week5,234.0 Sully Station II - 168.0 High Point Pool
Hiddenbrook,Week5,Lake Braddock,Week3,279.0 Hiddenbrook - 123.0 Lake Braddock
Hiddenbrook,Week1,Lakevale Estates,Week3,305.0 Lakevale Estates - 97.0 Hiddenbrook
Highland Park,Week2,Camelot,Week2,237.0 Highland Park - 165.0 Camelot
High Point Pool,Week4,Somerset-Olde Creek,Week2,332.0 High Point Pool - 70.0 Somerset-Olde Creek
High Point Pool,Week2,Dominion Hills,Week3,272.5 High Point Pool - 129.5 Dominion Hills
Highland Park,Week2,Camelot,Week3,238.0 Highland Park - 164.0 Camelot
High Point Pool,Week1,Truro,Week2,291.0 High Point Pool - 111.0 Truro
Hiddenbrook,Week1,Virginia Run,Week2,255.0 Virginia Run - 147.0 Hiddenbrook
High Point Pool,Week5,Dominion Hills,Week5,213.5 High Point Pool - 188.5 Dominion Hills
Hiddenbrook,Week5,Lake Braddock,Week5,261.0 Hiddenbrook - 141.0 Lake Braddock
Hiddenbrook,Week4,Lake Braddock,Week4,268.0 Hiddenbrook - 134.0 Lake Braddock
Hiddenbrook,Week2,Villa Aquatic,Week5,282.0 Villa Aquatic - 120.0 Hiddenbrook
High Point Pool,Week1,Donaldson Run,Week3,250.0 Donaldson Run - 152.0 High Point Pool
High Point Pool,Week3,South Run,Week1,237.0 High Point Pool - 156.0 South Run
High Point Pool,Week1,South Run,Week1,250.0 High Point Pool - 143.0 South Run
Highland Park,Week4,Burke Station,Week4,299.0 Highland Park - 103.0 Burke Station
High Point Pool,Week5,Sully Station II,Week4,204.0 High Point Pool - 198.0 Sully Station II
Hiddenbrook,Week4,Virginia Hills,Week1,304.0 Hiddenbrook - 98.0 Virginia Hills
High Point Pool,Week4,Sully Station II,Week2,211.0 Sully Station II - 191.0 High Point Pool
Hiddenbrook,Week1,Virginia Run,Week1,298.0 Virginia Run - 104.0 Hiddenbrook
Hiddenbrook,Week1,Virginia Run,Week3,272.0 Virginia Run - 130.0 Hiddenbrook
High Point Pool,Week5,Somerset-Olde Creek,Week1,327.0 High Point Pool - 74.0 Somerset-Olde Creek
Hiddenbrook,Week1,Lakevale Estates,Week5,318.0 Lakevale Estates - 84.0 Hiddenbrook
Hiddenbrook,Week1,Virginia Run,Week4,281.0 Virginia Run - 121.0 Hiddenbrook
High Point Pool,Week2,Truro,Week4,294.0 High Point Pool - 108.0 Truro
High Point Pool,Week4,Dominion Hills,Week1,269.0 High Point Pool - 133.0 Dominion Hills
High Point Pool,Week2,Truro,Week1,288.0 High Point Pool - 114.0 Truro
Hiddenbrook,Week3,Lake Braddock,Week2,263.0 Hiddenbrook - 139.0 Lake Braddock
High Point Pool,Week2,South Run,Week3,253.0 High Point Pool - 149.0 South Run
Highland Park,Week1,Camelot,Week3,250.0 Highland Park - 152.0 Camelot
High Point Pool,Week1,Truro,Week1,268.0 High Point Pool - 134.0 Truro
High Point Pool,Week3,Somerset-Olde Creek,Week5,320.0 High Point Pool - 81.0 Somerset-Olde Creek
High Point Pool,Week1,Donaldson Run,Week5,265.0 Donaldson Run - 137.0 High Point Pool
Hiddenbrook,Week1,Virginia Run,Week5,300.0 Virginia Run - 102.0 Hiddenbrook
Highland Park,Week3,Camelot,Week1,248.0 Highland Park - 154.0 Camelot
High Point Pool,Week5,Sully Station II,Week1,214.0 Sully Station II - 188.0 High Point Pool
High Point Pool,Week5,Somerset-Olde Creek,Week3,329.0 High Point Pool - 72.0 Somerset-Olde Creek
Hiddenbrook,Week1,Lakevale Estates,Week1,296.0 Lakevale Estates - 106.0 Hiddenbrook
High Point Pool,Week2,Donaldson Run,Week1,239.0 Donaldson Run - 163.0 High Point Pool
High Point Pool,Week1,South Run,Week3,247.0 High Point Pool - 155.0 South Run
Hiddenbrook,Week2,Virginia Run,Week1,319.0 Virginia Run - 83.0 Hiddenbrook
Highland Park,Week3,Camelot,Week2,227.0 Highland Park - 175.0 Camelot
Hiddenbrook,Week2,Lake Braddock,Week4,201.0 Hiddenbrook - 201.0 Lake Braddock
Highland Park,Week2,Camelot,Week4,241.0 Highland Park - 161.0 Camelot
High Point Pool,Week1,Donaldson Run,Week4,252.0 Donaldson Run - 150.0 High Point Pool
Highland Park,Week1,Camelot,Week5,245.0 Highland Park - 157.0 Camelot
High Point Pool,Week2,Donaldson Run,Week3,239.0 Donaldson Run - 163.0 High Point Pool
High Point Pool,Week2,Donaldson Run,Week4,242.0 Donaldson Run - 160.0 High Point Pool
Hiddenbrook,Week3,Lake Braddock,Week4,255.0 Hiddenbrook - 147.0 Lake Braddock
High Point Pool,Week3,South Run,Week3,250.0 High Point Pool - 152.0 South Run
High Point Pool,Week4,Donaldson Run,Week3,251.0 Donaldson Run - 151.0 High Point Pool
Hiddenbrook,Week2,Wakefield Chapel,Week3,361.0 Wakefield Chapel - 41.0 Hiddenbrook
High Point Pool,Week4,Truro,Week5,279.0 High Point Pool - 123.0 Truro
High Point Pool,Week3,Truro,Week5,289.0 High Point Pool - 113.0 Truro
Hiddenbrook,Week3,Lake Braddock,Week1,274.0 Hiddenbrook - 123.0 Lake Braddock
Highland Park,Week4,Burke Station,Week5,281.0 Highland Park - 121.0 Burke Station
Hiddenbrook,Week2,Lakevale Estates,Week2,326.0 Lakevale Estates - 76.0 Hiddenbrook
High Point Pool,Week2,Donaldson Run,Week2,243.0 Donaldson Run - 159.0 High Point Pool
Hiddenbrook,Week5,Lake Braddock,Week4,276.0 Hiddenbrook - 126.0 Lake Braddock
Hiddenbrook,Week5,Virginia Run,Week1,261.0 Virginia Run - 141.0 Hiddenbrook
Hiddenbrook,Week2,Lakevale Estates,Week3,335.0 Lakevale Estates - 62.0 Hiddenbrook
Hiddenbrook,Week3,Wakefield Chapel,Week1,333.0 Wakefield Chapel - 69.0 Hiddenbrook
High Point Pool,Week3,Donaldson Run,Week1,243.0 Donaldson Run - 159.0 High Point Pool
Highland Park,Week5,Burke Station,Week3,271.0 Highland Park - 126.0 Burke Station
Highland Park,Week3,Camelot,Week3,228.0 Highland Park - 174.0 Camelot
Hiddenbrook,Week2,Virginia Run,Week4,311.0 Virginia Run - 91.0 Hiddenbrook
Hiddenbrook,Week3,Virginia Run,Week2,242.0 Virginia Run - 160.0 Hiddenbrook
Highland Park,Week1,Camelot,Week1,258.0 Highland Park - 144.0 Camelot
High Point Pool,Week3,South Run,Week5,216.0 High Point Pool - 186.0 South Run
High Point Pool,Week3,Somerset-Olde Creek,Week4,329.0 High Point Pool - 73.0 Somerset-Olde Creek
Highland Park,Week2,Camelot,Week5,231.0 Highland Park - 171.0 Camelot
High Point Pool,Week4,Truro,Week4,279.0 High Point Pool - 123.0 Truro
High Point Pool,Week4,Dominion Hills,Week2,246.0 High Point Pool - 156.0 Dominion Hills
Highland Park,Week3,Camelot,Week4,222.0 Highland Park - 180.0 Camelot
High Point Pool,Week4,Truro,Week2,280.0 High Point Pool - 122.0 Truro
Hiddenbrook,Week1,Lakevale Estates,Week4,317.0 Lakevale Estates - 85.0 Hiddenbrook
Hiddenbrook,Week1,Lakevale Estates,Week2,296.0 Lakevale Estates - 106.0 Hiddenbrook
Hiddenbrook,Week3,Virginia Run,Week5,286.0 Virginia Run - 116.0 Hiddenbrook
Hiddenbrook,Week4,Lake Braddock,Week2,268.0 Hiddenbrook - 134.0 Lake Braddock
Hiddenbrook,Week2,Wakefield Chapel,Week5,368.0 Wakefield Chapel - 34.0 Hiddenbrook
Hiddenbrook,Week4,Lake Braddock,Week1,275.0 Hiddenbrook - 127.0 Lake Braddock
Highland Park,Week3,Burke Station,Week2,284.0 Highland Park - 117.0 Burke Station
Highland Park,Week4,Burke Station,Week2,308.0 Highland Park - 94.0 Burke Station
High Point Pool,Week3,Truro,Week1,274.0 High Point Pool - 128.0 Truro
Hiddenbrook,Week2,Wakefield Chapel,Week1,354.0 Wakefield Chapel - 48.0 Hiddenbrook
High Point Pool,Week2,Dominion Hills,Week5,234.0 High Point Pool - 168.0 Dominion Hills
High Point Pool,Week1,Donaldson Run,Week1,240.0 Donaldson Run - 162.0 High Point Pool
High Point Pool,Week3,Truro,Week3,300.0 High Point Pool - 102.0 Truro
High Point Pool,Week3,Truro,Week2,297.0 High Point Pool - 105.0 Truro
High Point Pool,Week3,Truro,Week4,278.0 High Point Pool - 124.0 Truro
High Point Pool,Week3,South Run,Week2,255.0 High Point Pool - 147.0 South Run
High Point Pool,Week1,South Run,Week4,256.0 High Point Pool - 145.0 South Run
High Point Pool,Week5,Somerset-Olde Creek,Week4,330.5 High Point Pool - 71.5 Somerset-Olde Creek
High Point Pool,Week4,Truro,Week1,267.0 High Point Pool - 135.0 Truro
High Point Pool,Week2,South Run,Week4,263.0 High Point Pool - 139.0 South Run
Hiddenbrook,Week1,Wakefield Chapel,Week4,327.0 Wakefield Chapel - 75.0 Hiddenbrook
High Point Pool,Week3,South Run,Week4,254.0 High Point Pool - 148.0 South Run
High Point Pool,Week4,Dominion Hills,Week5,232.0 High Point Pool - 170.0 Dominion Hills
High Point Pool,Week4,South Run,Week2,245.0 High Point Pool - 157.0 South Run
High Point Pool,Week3,Dowden Terrace,Week5,217.0 High Point Pool - 185.0 Dowden Terrace
Highland Park,Week4,Camelot,Week1,244.0 Highland Park - 158.0 Camelot
High Point Pool,Week4,Donaldson Run,Week5,265.0 Donaldson Run - 137.0 High Point Pool
High Point Pool,Week5,Truro,Week2,291.0 High Point Pool - 111.0 Truro
Highland Park,Week5,Camelot,Week4,245.0 Highland Park - 157.0 Camelot
High Point Pool,Week4,South Run,Week3,254.0 High Point Pool - 148.0 South Run
Hiddenbrook,Week2,Lakevale Estates,Week1,329.0 Lakevale Estates - 73.0 Hiddenbrook
Hiddenbrook,Week3,Virginia Run,Week1,273.0 Virginia Run - 129.0 Hiddenbrook
Hiddenbrook,Week5,Lake Braddock,Week1,297.0 Hiddenbrook - 105.0 Lake Braddock
High Point Pool,Week3,Dowden Terrace,Week2,238.0 High Point Pool - 164.0 Dowden Terrace
High Point Pool,Week5,Truro,Week4,273.0 High Point Pool - 129.0 Truro
Hiddenbrook,Week5,Lake Braddock,Week2,287.0 Hiddenbrook - 115.0 Lake Braddock
Hiddenbrook,Week4,Virginia Run,Week4,268.0 Virginia Run - 134.0 Hiddenbrook
High Point Pool,Week5,Truro,Week3,293.0 High Point Pool - 109.0 Truro
Hiddenbrook,Week2,Virginia Run,Week2,285.0 Virginia Run - 117.0 Hiddenbrook
High Point Pool,Week4,South Run,Week4,261.0 High Point Pool - 141.0 South Run
High Point Pool,Week4,South Run,Week5,226.0 High Point Pool - 176.0 South Run
Highland Park,Week5,Camelot,Week1,247.0 Highland Park - 155.0 Camelot
High Point Pool,Week5,Truro,Week1,284.0 High Point Pool - 118.0 Truro
High Point Pool,Week4,Dowden Terrace,Week2,239.0 High Point Pool - 163.0 Dowden Terrace
Hiddenbrook,Week3,Virginia Run,Week4,265.0 Virginia Run - 137.0 Hiddenbrook
High Point Pool,Week3,Dowden Terrace,Week1,246.0 High Point Pool - 156.0 Dowden Terrace
Hiddenbrook,Week1,Wakefield Chapel,Week2,336.0 Wakefield Chapel - 66.0 Hiddenbrook
Hiddenbrook,Week4,Virginia Run,Week2,243.0 Virginia Run - 159.0 Hiddenbrook
Hiddenbrook,Week2,Lake Braddock,Week5,215.0 Lake Braddock - 187.0 Hiddenbrook
High Point Pool,Week5,South Run,Week2,241.0 High Point Pool - 161.0 South Run
High Point Pool,Week5,Donaldson Run,Week4,252.0 Donaldson Run - 150.0 High Point Pool
High Point Pool,Week2,South Run,Week5,241.0 High Point Pool - 161.0 South Run
High Point Pool,Week4,Tuckahoe,Week2,308.0 Tuckahoe - 94.0 High Point Pool
High Point Pool,Week3,Tuckahoe,Week2,314.0 Tuckahoe - 88.0 High Point Pool
Hiddenbrook,Week2,Virginia Run,Week5,317.5 Virginia Run - 84.5 Hiddenbrook
Highland Park,Week2,Canterbury Woods,Week5,248.0 Highland Park - 154.0 Canterbury Woods
Highland Park,Week4,Canterbury Woods,Week4,242.0 Highland Park - 160.0 Canterbury Woods
High Point Pool,Week2,Tuckahoe,Week3,328.0 Tuckahoe - 74.0 High Point Pool
Hiddenbrook,Week3,Lake Braddock,Week5,238.0 Hiddenbrook - 164.0 Lake Braddock
Highland Park,Week5,Canterbury Woods,Week5,259.0 Highland Park - 142.0 Canterbury Woods
Highland Park,Week5,Canterbury Woods,Week3,254.0 Highland Park - 148.0 Canterbury Woods
High Point Pool,Week1,Dowden Terrace,Week2,227.0 High Point Pool - 170.0 Dowden Terrace
High Point Pool,Week5,South Run,Week3,245.0 High Point Pool - 157.0 South Run
Highland Park,Week3,Canterbury Woods,Week5,249.0 Highland Park - 147.0 Canterbury Woods
Hiddenbrook,Week2,Lakevale Estates,Week4,335.0 Lakevale Estates - 67.0 Hiddenbrook
Hiddenbrook,Week3,Lake Braddock,Week3,267.0 Hiddenbrook - 134.0 Lake Braddock
High Point Pool,Week5,South Run,Week1,230.0 High Point Pool - 163.0 South Run
High Point Pool,Week1,Tuckahoe,Week1,295.0 Tuckahoe - 107.0 High Point Pool
Hiddenbrook,Week5,Virginia Run,Week4,240.0 Virginia Run - 162.0 Hiddenbrook
High Point Pool,Week4,Dowden Terrace,Week4,224.0 High Point Pool - 178.0 Dowden Terrace
High Point Pool,Week4,South Run,Week1,239.0 High Point Pool - 154.0 South Run
Hiddenbrook,Week4,Lake Braddock,Week5,245.0 Hiddenbrook - 157.0 Lake Braddock
Highland Park,Week4,Camelot,Week4,252.0 Highland Park - 150.0 Camelot
High Point Pool,Week3,Springboard,Week3,308.0 High Point Pool - 94.0 Springboard
High Point Pool,Week1,Dowden Terrace,Week5,205.0 High Point Pool - 197.0 Dowden Terrace
High Point Pool,Week5,Truro,Week5,283.0 High Point Pool - 119.0 Truro
Hiddenbrook,Week1,Hollin Hills,Week1,289.0 Hiddenbrook - 113.0 Hollin Hills
High Point Pool,Week1,Springboard,Week2,306.0 High Point Pool - 96.0 Springboard
High Point Pool,Week1,Springboard,Week1,286.0 High Point Pool - 116.0 Springboard
Hiddenbrook,Week4,Virginia Run,Week5,285.0 Virginia Run - 117.0 Hiddenbrook
Hiddenbrook,Week5,Virginia Run,Week2,226.0 Virginia Run - 176.0 Hiddenbrook
Hiddenbrook,Week5,Highlands Swim,Week4,297.0 Highlands Swim - 105.0 Hiddenbrook
High Point Pool,Week2,Tuckahoe,Week5,311.0 Tuckahoe - 91.0 High Point Pool
High Point Pool,Week1,Dowden Terrace,Week4,216.0 High Point Pool - 186.0 Dowden Terrace
Hiddenbrook,Week3,Hollin Hills,Week2,289.0 Hiddenbrook - 112.0 Hollin Hills
Highland Park,Week5,Camelot,Week3,242.0 Highland Park - 160.0 Camelot
High Point Pool,Week4,Donaldson Run,Week1,237.0 Donaldson Run - 165.0 High Point Pool
Highland Park,Week1,Canterbury Woods,Week4,256.0 Highland Park - 146.0 Canterbury Woods
High Point Pool,Week4,Donaldson Run,Week2,247.0 Donaldson Run - 155.0 High Point Pool
Highland Park,Week5,Camelot,Week2,236.0 Highland Park - 166.0 Camelot
High Point Pool,Week1,Dowden Terrace,Week1,230.5 High Point Pool - 171.5 Dowden Terrace
Hiddenbrook,Week3,Hollin Hills,Week4,285.0 Hiddenbrook - 116.0 Hollin Hills
Hiddenbrook,Week4,Virginia Run,Week1,273.0 Virginia Run - 129.0 Hiddenbrook
Hiddenbrook,Week3,Hollin Hills,Week3,276.0 Hiddenbrook - 126.0 Hollin Hills
Hiddenbrook,Week2,Hollin Hills,Week4,225.0 Hiddenbrook - 175.0 Hollin Hills
Hiddenbrook,Week3,Hollin Hills,Week5,276.0 Hiddenbrook - 123.0 Hollin Hills
Hiddenbrook,Week4,Virginia Run,Week3,260.0 Virginia Run - 142.0 Hiddenbrook
High Point Pool,Week3,Tuckahoe,Week5,303.0 Tuckahoe - 99.0 High Point Pool
Hiddenbrook,Week5,Virginia Run,Week3,236.0 Virginia Run - 166.0 Hiddenbrook
Highland Park,Week1,Canterbury Woods,Week1,268.0 Highland Park - 134.0 Canterbury Woods
Hiddenbrook,Week2,Virginia Run,Week3,298.0 Virginia Run - 104.0 Hiddenbrook
High Point Pool,Week3,Springboard,Week5,289.0 High Point Pool - 113.0 Springboard
High Point Pool,Week2,Tuckahoe,Week4,316.0 Tuckahoe - 86.0 High Point Pool
Hiddenbrook,Week2,Hollin Hills,Week1,241.0 Hiddenbrook - 155.0 Hollin Hills
High Point Pool,Week5,Donaldson Run,Week2,260.0 Donaldson Run - 142.0 High Point Pool
High Point Pool,Week2,Tuckahoe,Week1,304.0 Tuckahoe - 98.0 High Point Pool
Highland Park,Week1,Canterbury Woods,Week3,262.0 Highland Park - 140.0 Canterbury Woods
High Point Pool,Week3,Springboard,Week2,317.0 High Point Pool - 85.0 Springboard
High Point Pool,Week4,Tuckahoe,Week5,308.0 Tuckahoe - 94.0 High Point Pool
High Point Pool,Week4,Springboard,Week3,299.0 High Point Pool - 103.0 Springboard
High Point Pool,Week2,Dowden Terrace,Week4,244.0 High Point Pool - 158.0 Dowden Terrace
Hiddenbrook,Week1,Hollin Hills,Week2,286.0 Hiddenbrook - 116.0 Hollin Hills
High Point Pool,Week3,Donaldson Run,Week3,254.0 Donaldson Run - 148.0 High Point Pool
Highland Park,Week2,Canterbury Woods,Week1,256.0 Highland Park - 146.0 Canterbury Woods
High Point Pool,Week5,Tuckahoe,Week2,299.0 Tuckahoe - 103.0 High Point Pool
Hiddenbrook,Week5,Virginia Run,Week5,271.0 Virginia Run - 131.0 Hiddenbrook
High Point Pool,Week1,Tuckahoe,Week3,326.0 Tuckahoe - 71.0 High Point Pool
High Point Pool,Week4,Springboard,Week1,296.0 High Point Pool - 106.0 Springboard
Highland Park,Week2,Canterbury Woods,Week2,274.0 Highland Park - 128.0 Canterbury Woods
High Point Pool,Week1,Tuckahoe,Week2,304.0 Tuckahoe - 98.0 High Point Pool
Hiddenbrook,Week1,Wakefield Chapel,Week1,333.0 Wakefield Chapel - 69.0 Hiddenbrook
High Point Pool,Week3,Springboard,Week4,290.0 High Point Pool - 112.0 Springboard
Highland Park,Week1,Canterbury Woods,Week5,267.0 Highland Park - 134.0 Canterbury Woods
Highland Park,Week3,Canterbury Woods,Week1,253.0 Highland Park - 149.0 Canterbury Woods
Hiddenbrook,Week4,Hollin Hills,Week1,279.0 Hiddenbrook - 118.0 Hollin Hills
Hiddenbrook,Week5,Highlands Swim,Week5,315.0 Highlands Swim - 87.0 Hiddenbrook
High Point Pool,Week1,Springboard,Week5,285.0 High Point Pool - 117.0 Springboard
Hiddenbrook,Week3,Virginia Run,Week3,254.0 Virginia Run - 148.0 Hiddenbrook
Highland Park,Week4,Camelot,Week5,249.0 Highland Park - 153.0 Camelot
High Point Pool,Week2,Dowden Terrace,Week2,251.0 High Point Pool - 151.0 Dowden Terrace
High Point Pool,Week5,Donaldson Run,Week5,273.0 Donaldson Run - 129.0 High Point Pool
Hiddenbrook,Week1,Hollin Hills,Week4,265.0 Hiddenbrook - 135.0 Hollin Hills
High Point Pool,Week4,Springboard,Week4,288.0 High Point Pool - 114.0 Springboard
High Point Pool,Week5,Tuckahoe,Week1,297.5 Tuckahoe - 104.5 High Point Pool
High Point Pool,Week1,Vienna Aquatic,Week1,269.0 Vienna Aquatic - 133.0 High Point Pool
Hiddenbrook,Week2,Wakefield Chapel,Week2,357.0 Wakefield Chapel - 44.0 Hiddenbrook
Hiddenbrook,Week4,Hollin Hills,Week2,282.0 Hiddenbrook - 120.0 Hollin Hills
High Point Pool,Week2,Springboard,Week3,318.0 High Point Pool - 83.0 Springboard
High Point Pool,Week3,Vienna Aquatic,Week5,284.0 Vienna Aquatic - 118.0 High Point Pool
Hiddenbrook,Week1,Wakefield Chapel,Week3,332.0 Wakefield Chapel - 70.0 Hiddenbrook
Hiddenbrook,Week1,Wakefield Chapel,Week5,343.0 Wakefield Chapel - 59.0 Hiddenbrook
High Point Pool,Week3,Donaldson Run,Week4,256.0 Donaldson Run - 146.0 High Point Pool
High Point Pool,Week5,Donaldson Run,Week3,252.5 Donaldson Run - 149.5 High Point Pool
High Point Pool,Week2,Springboard,Week4,303.0 High Point Pool - 99.0 Springboard
Highland Park,Week3,Canterbury Woods,Week3,238.0 Highland Park - 164.0 Canterbury Woods
Hiddenbrook,Week4,Hollin Hills,Week4,272.0 Hiddenbrook - 129.0 Hollin Hills
High Point Pool,Week2,Springboard,Week2,334.0 High Point Pool - 67.0 Springboard
Highland Park,Week4,Canterbury Woods,Week2,266.0 Highland Park - 136.0 Canterbury Woods
High Point Pool,Week5,Donaldson Run,Week1,242.0 Donaldson Run - 160.0 High Point Pool
High Point Pool,Week3,Donaldson Run,Week5,272.0 Donaldson Run - 130.0 High Point Pool
High Point Pool,Week1,Vienna Aquatic,Week4,242.0 Vienna Aquatic - 160.0 High Point Pool
Highland Park,Week4,Canterbury Woods,Week1,261.0 Highland Park - 141.0 Canterbury Woods
Highland Park,Week5,Camelot,Week5,235.0 Highland Park - 167.0 Camelot
Hiddenbrook,Week2,Wakefield Chapel,Week4,354.0 Wakefield Chapel - 48.0 Hiddenbrook
High Point Pool,Week3,Great Falls,Week4,239.0 High Point Pool - 163.0 Great Falls
Hiddenbrook,Week4,Hollin Hills,Week5,273.0 Hiddenbrook - 128.0 Hollin Hills
High Point Pool,Week4,Donaldson Run,Week4,248.0 Donaldson Run - 154.0 High Point Pool
Highland Park,Week3,Canterbury Woods,Week4,225.0 Highland Park - 177.0 Canterbury Woods
High Point Pool,Week1,Springboard,Week3,293.0 High Point Pool - 109.0 Springboard
High Point Pool,Week2,Tuckahoe,Week2,308.0 Tuckahoe - 94.0 High Point Pool
Hiddenbrook,Week2,Hollin Hills,Week5,230.0 Hiddenbrook - 166.0 Hollin Hills
High Point Pool,Week5,Great Falls,Week5,211.5 High Point Pool - 189.5 Great Falls
Hiddenbrook,Week5,Wakefield Chapel,Week3,315.0 Wakefield Chapel - 87.0 Hiddenbrook
Hiddenbrook,Week3,Wakefield Chapel,Week2,337.0 Wakefield Chapel - 65.0 Hiddenbrook
High Point Pool,Week1,Greenbriar,Week5,226.5 High Point Pool - 175.5 Greenbriar
High Point Pool,Week2,Dowden Terrace,Week5,229.0 High Point Pool - 173.0 Dowden Terrace
High Point Pool,Week4,Springboard,Week2,312.0 High Point Pool - 90.0 Springboard
Hiddenbrook,Week2,Walden Glen,Week5,280.5 Walden Glen - 121.5 Hiddenbrook
High Point Pool,Week4,Tuckahoe,Week1,295.0 Tuckahoe - 107.0 High Point Pool
High Point Pool,Week4,Tuckahoe,Week3,323.0 Tuckahoe - 79.0 High Point Pool
Hiddenbrook,Week2,Hollin Hills,Week3,226.0 Hiddenbrook - 176.0 Hollin Hills
Highland Park,Week4,Canterbury Woods,Week3,256.0 Highland Park - 146.0 Canterbury Woods
Hiddenbrook,Week3,Wakefield Chapel,Week4,317.0 Wakefield Chapel - 85.0 Hiddenbrook
High Point Pool,Week3,Dowden Terrace,Week4,222.0 High Point Pool - 180.0 Dowden Terrace
High Point Pool,Week4,Dowden Terrace,Week1,244.0 High Point Pool - 158.0 Dowden Terrace
High Point Pool,Week2,Greenbriar,Week1,229.0 High Point Pool - 173.0 Greenbriar
High Point Pool,Week4,Greenbriar,Week3,228.0 High Point Pool - 174.0 Greenbriar
Hiddenbrook,Week1,Walden Glen,Week4,218.0 Walden Glen - 183.0 Hiddenbrook
Hiddenbrook,Week5,Hollin Hills,Week3,284.0 Hiddenbrook - 118.0 Hollin Hills
Hiddenbrook,Week3,Hollin Hills,Week1,291.0 Hiddenbrook - 111.0 Hollin Hills
High Point Pool,Week3,Dowden Terrace,Week3,248.0 High Point Pool - 154.0 Dowden Terrace
High Point Pool,Week5,Great Falls,Week1,250.0 High Point Pool - 151.0 Great Falls
High Point Pool,Week2,Dowden Terrace,Week1,252.0 High Point Pool - 149.0 Dowden Terrace
High Point Pool,Week1,Springboard,Week4,287.0 High Point Pool - 115.0 Springboard
Highland Park,Week4,Canterbury Woods,Week5,248.0 Highland Park - 154.0 Canterbury Woods
High Point Pool,Week4,Tuckahoe,Week4,320.0 Tuckahoe - 82.0 High Point Pool
Hiddenbrook,Week4,Hollin Hills,Week3,271.0 Hiddenbrook - 131.0 Hollin Hills
High Point Pool,Week5,South Run,Week5,228.0 High Point Pool - 174.0 South Run
High Point Pool,Week5,Tuckahoe,Week3,317.0 Tuckahoe - 85.0 High Point Pool
Highland Park,Week2,Canterbury Woods,Week4,244.0 Highland Park - 158.0 Canterbury Woods
Highland Park,Week1,Canterbury Woods,Week2,278.0 Highland Park - 124.0 Canterbury Woods
Hiddenbrook,Week4,Wakefield Chapel,Week5,342.0 Wakefield Chapel - 60.0 Hiddenbrook
Highland Park,Week3,Canterbury Woods,Week2,249.0 Highland Park - 153.0 Canterbury Woods
High Point Pool,Week5,Tuckahoe,Week4,302.0 Tuckahoe - 100.0 High Point Pool
High Point Pool,Week1,Tuckahoe,Week4,320.0 Tuckahoe - 82.0 High Point Pool
Hiddenbrook,Week5,Hollin Hills,Week4,275.0 Hiddenbrook - 126.0 Hollin Hills
Hiddenbrook,Week4,Wakefield Chapel,Week1,326.0 Wakefield Chapel - 76.0 Hiddenbrook
High Point Pool,Week4,Greenbriar,Week5,234.0 High Point Pool - 168.0 Greenbriar
Hiddenbrook,Week5,Hollin Hills,Week2,295.0 Hiddenbrook - 107.0 Hollin Hills
High Point Pool,Week1,Tuckahoe,Week5,308.0 Tuckahoe - 94.0 High Point Pool
High Point Pool,Week4,Dowden Terrace,Week3,248.0 High Point Pool - 154.0 Dowden Terrace
Highland Park,Week4,Camelot,Week3,245.0 Highland Park - 157.0 Camelot
Hiddenbrook,Week1,Hollin Hills,Week3,271.5 Hiddenbrook - 130.5 Hollin Hills
High Point Pool,Week5,Springfield,Week3,361.0 High Point Pool - 37.0 Springfield
High Point Pool,Week1,Greenbriar,Week3,209.0 High Point Pool - 193.0 Greenbriar
High Point Pool,Week2,Springboard,Week1,313.0 High Point Pool - 88.0 Springboard
Hiddenbrook,Week5,Wakefield Chapel,Week2,313.0 Wakefield Chapel - 89.0 Hiddenbrook
High Point Pool,Week3,Springboard,Week1,287.0 High Point Pool - 114.0 Springboard
High Point Pool,Week2,Springboard,Week5,298.0 High Point Pool - 103.0 Springboard
High Point Pool,Week2,Dowden Terrace,Week3,260.0 High Point Pool - 142.0 Dowden Terrace
High Point Pool,Week3,Tuckahoe,Week1,305.0 Tuckahoe - 97.0 High Point Pool
High Point Pool,Week3,Tuckahoe,Week4,316.0 Tuckahoe - 86.0 High Point Pool
High Point Pool,Week3,Tuckahoe,Week3,330.0 Tuckahoe - 72.0 High Point Pool
Hiddenbrook,Week3,Wakefield Chapel,Week3,332.0 Wakefield Chapel - 65.0 Hiddenbrook
High Point Pool,Week4,Springboard,Week5,280.0 High Point Pool - 122.0 Springboard
Hiddenbrook,Week4,Wakefield Chapel,Week4,323.0 Wakefield Chapel - 79.0 Hiddenbrook
Hiddenbrook,Week5,Hollin Hills,Week1,302.0 Hiddenbrook - 100.0 Hollin Hills
Highland Park,Week2,Canterbury Woods,Week3,249.0 Highland Park - 153.0 Canterbury Woods
High Point Pool,Week2,Greenbriar,Week4,262.0 High Point Pool - 140.0 Greenbriar
High Point Pool,Week5,Springboard,Week1,306.0 High Point Pool - 95.0 Springboard
High Point Pool,Week4,Great Falls,Week4,242.0 High Point Pool - 160.0 Great Falls
High Point Pool,Week1,Dowden Terrace,Week3,244.0 High Point Pool - 158.0 Dowden Terrace
Hiddenbrook,Week1,Walden Glen,Week3,211.0 Walden Glen - 191.0 Hiddenbrook
High Point Pool,Week5,Great Falls,Week2,226.0 High Point Pool - 157.0 Great Falls
Highland Park,Week2,Cardinal Hill,Week5,244.0 Cardinal Hill - 158.0 Highland Park
High Point Pool,Week1,Vienna Aquatic,Week2,260.0 Vienna Aquatic - 142.0 High Point Pool
High Point Pool,Week2,Springfield,Week4,368.0 High Point Pool - 34.0 Springfield
High Point Pool,Week2,Vienna Aquatic,Week2,231.0 Vienna Aquatic - 171.0 High Point Pool
Highland Park,Week5,Canterbury Woods,Week4,240.0 Highland Park - 162.0 Canterbury Woods
High Point Pool,Week3,Arlington Forest,Week2,244.0 High Point Pool - 158.0 Arlington Forest
Highland Park,Week5,Canterbury Woods,Week2,273.0 Highland Park - 129.0 Canterbury Woods
High Point Pool,Week2,Springfield,Week3,376.0 High Point Pool - 24.0 Springfield
High Point Pool,Week4,Arlington Forest,Week1,244.0 High Point Pool - 158.0 Arlington Forest
Hiddenbrook,Week1,Walden Glen,Week5,228.0 Walden Glen - 173.0 Hiddenbrook
High Point Pool,Week4,Great Falls,Week3,222.0 High Point Pool - 180.0 Great Falls
High Point Pool,Week4,Arlington Forest,Week4,209.0 High Point Pool - 193.0 Arlington Forest
Hiddenbrook,Week1,Walden Glen,Week1,226.0 Hiddenbrook - 176.0 Walden Glen
High Point Pool,Week5,Arlington Forest,Week1,246.0 High Point Pool - 156.0 Arlington Forest
Hiddenbrook,Week5,Wakefield Chapel,Week4,314.0 Wakefield Chapel - 88.0 Hiddenbrook
High Point Pool,Week4,Great Falls,Week1,263.0 High Point Pool - 139.0 Great Falls
Hiddenbrook,Week2,Hollin Hills,Week2,234.0 Hiddenbrook - 166.0 Hollin Hills
High Point Pool,Week1,Springfield,Week1,357.0 High Point Pool - 35.0 Springfield
Highland Park,Week5,Canterbury Woods,Week1,263.0 Highland Park - 139.0 Canterbury Woods
Hiddenbrook,Week1,Hollin Hills,Week5,268.0 Hiddenbrook - 134.0 Hollin Hills
High Point Pool,Week1,Vienna Aquatic,Week3,265.0 Vienna Aquatic - 137.0 High Point Pool
Highland Park,Week5,Cardinal Hill,Week4,241.0 Cardinal Hill - 161.0 Highland Park
Hiddenbrook,Week4,Wakefield Chapel,Week2,330.5 Wakefield Chapel - 71.5 Hiddenbrook
High Point Pool,Week2,Greenbriar,Week2,213.0 High Point Pool - 189.0 Greenbriar
Highland Park,Week3,Cardinal Hill,Week2,235.0 Cardinal Hill - 167.0 Highland Park
High Point Pool,Week4,Great Falls,Week5,214.0 High Point Pool - 188.0 Great Falls
High Point Pool,Week5,Springboard,Week3,304.0 High Point Pool - 97.0 Springboard
High Point Pool,Week2,Vienna Aquatic,Week4,231.0 Vienna Aquatic - 171.0 High Point Pool
High Point Pool,Week1,Greenbriar,Week1,224.0 High Point Pool - 178.0 Greenbriar
High Point Pool,Week3,Arlington Forest,Week4,206.0 High Point Pool - 196.0 Arlington Forest
Highland Park,Week1,Chesterbrook,Week2,339.0 Chesterbrook - 63.0 Highland Park
Hiddenbrook,Week4,Highlands Swim,Week5,322.0 Highlands Swim - 75.0 Hiddenbrook
High Point Pool,Week2,Vienna Aquatic,Week3,246.0 Vienna Aquatic - 156.0 High Point Pool
Hiddenbrook,Week5,Wakefield Chapel,Week5,335.0 Wakefield Chapel - 67.0 Hiddenbrook
High Point Pool,Week1,Vienna Aquatic,Week5,281.0 Vienna Aquatic - 121.0 High Point Pool
High Point Pool,Week4,Springfield,Week3,358.0 High Point Pool - 41.0 Springfield
High Point Pool,Week3,Springfield,Week5,377.0 High Point Pool - 21.0 Springfield
Hiddenbrook,Week4,Highlands Swim,Week4,314.0 Highlands Swim - 88.0 Hiddenbrook
High Point Pool,Week1,Brandywine,Week1,250.0 High Point Pool - 152.0 Brandywine
High Point Pool,Week1,Greenbriar,Week4,234.0 High Point Pool - 168.0 Greenbriar
Hiddenbrook,Week2,Walden Glen,Week4,262.5 Walden Glen - 134.5 Hiddenbrook
High Point Pool,Week2,Vienna Aquatic,Week5,270.0 Vienna Aquatic - 132.0 High Point Pool
High Point Pool,Week3,Springfield,Week2,373.0 High Point Pool - 25.0 Springfield
High Point Pool,Week3,Brandywine,Week5,218.0 High Point Pool - 184.0 Brandywine
Hiddenbrook,Week1,Highlands Swim,Week3,317.0 Highlands Swim - 85.0 Hiddenbrook
Hiddenbrook,Week3,Highlands Swim,Week3,330.0 Highlands Swim - 72.0 Hiddenbrook
High Point Pool,Week1,Springfield,Week4,352.0 High Point Pool - 48.0 Springfield
High Point Pool,Week2,Vienna Aquatic,Week1,232.0 Vienna Aquatic - 170.0 High Point Pool
High Point Pool,Week5,Arlington Forest,Week4,225.0 High Point Pool - 177.0 Arlington Forest
Highland Park,Week4,Cardinal Hill,Week4,239.0 Cardinal Hill - 163.0 Highland Park
High Point Pool,Week3,Vienna Aquatic,Week1,266.0 Vienna Aquatic - 136.0 High Point Pool
Hiddenbrook,Week5,Highlands Swim,Week3,312.0 Highlands Swim - 90.0 Hiddenbrook
Hiddenbrook,Week3,Walden Glen,Week3,209.0 Walden Glen - 193.0 Hiddenbrook
Hiddenbrook,Week1,Walden Glen,Week2,204.0 Hiddenbrook - 198.0 Walden Glen
Hiddenbrook,Week5,Highlands Swim,Week1,309.0 Highlands Swim - 93.0 Hiddenbrook
High Point Pool,Week1,Springfield,Week3,360.0 High Point Pool - 31.0 Springfield
High Point Pool,Week4,Vienna Aquatic,Week5,274.0 Vienna Aquatic - 128.0 High Point Pool
High Point Pool,Week5,Tuckahoe,Week5,310.0 Tuckahoe - 92.0 High Point Pool
Hiddenbrook,Week2,Walden Glen,Week2,241.0 Walden Glen - 154.0 Hiddenbrook
Highland Park,Week4,Cardinal Hill,Week5,244.0 Cardinal Hill - 158.0 Highland Park
High Point Pool,Week3,Vienna Aquatic,Week3,272.0 Vienna Aquatic - 130.0 High Point Pool
High Point Pool,Week1,Brandywine,Week5,215.0 High Point Pool - 187.0 Brandywine
Hiddenbrook,Week2,Walden Glen,Week3,247.0 Walden Glen - 154.0 Hiddenbrook
High Point Pool,Week3,Arlington Forest,Week3,239.0 High Point Pool - 163.0 Arlington Forest
High Point Pool,Week2,Arlington Forest,Week5,214.0 Arlington Forest - 188.0 High Point Pool
High Point Pool,Week3,Greenbriar,Week1,231.5 High Point Pool - 170.5 Greenbriar
Highland Park,Week1,Chesterbrook,Week5,338.0 Chesterbrook - 64.0 Highland Park
Hiddenbrook,Week5,Highlands Swim,Week2,317.0 Highlands Swim - 85.0 Hiddenbrook
Hiddenbrook,Week3,Highlands Swim,Week2,329.0 Highlands Swim - 73.0 Hiddenbrook
Highland Park,Week2,Cardinal Hill,Week3,276.0 Cardinal Hill - 126.0 Highland Park
High Point Pool,Week3,Greenbriar,Week2,210.0 High Point Pool - 192.0 Greenbriar
Hiddenbrook,Week3,Wakefield Chapel,Week5,343.0 Wakefield Chapel - 59.0 Hiddenbrook
High Point Pool,Week1,Springfield,Week5,370.0 High Point Pool - 23.0 Springfield
High Point Pool,Week3,Great Falls,Week5,211.0 High Point Pool - 191.0 Great Falls
High Point Pool,Week5,Great Falls,Week3,222.0 High Point Pool - 180.0 Great Falls
High Point Pool,Week3,Greenbriar,Week4,248.0 High Point Pool - 154.0 Greenbriar
Highland Park,Week4,Cardinal Hill,Week1,244.0 Cardinal Hill - 158.0 Highland Park
High Point Pool,Week2,Springfield,Week5,379.0 High Point Pool - 22.0 Springfield
Hiddenbrook,Week5,Wakefield Chapel,Week1,324.0 Wakefield Chapel - 78.0 Hiddenbrook
Highland Park,Week1,Chesterbrook,Week3,347.0 Chesterbrook - 55.0 Highland Park
High Point Pool,Week3,Greenbriar,Week3,219.0 High Point Pool - 183.0 Greenbriar
Highland Park,Week1,Cardinal Hill,Week1,226.0 Cardinal Hill - 176.0 Highland Park
Hiddenbrook,Week1,Highlands Swim,Week1,325.0 Highlands Swim - 77.0 Hiddenbrook
Hiddenbrook,Week3,Highlands Swim,Week1,313.0 Highlands Swim - 89.0 Hiddenbrook
High Point Pool,Week4,Springfield,Week4,353.0 High Point Pool - 47.0 Springfield
High Point Pool,Week5,Arlington Forest,Week5,203.0 High Point Pool - 199.0 Arlington Forest
Highland Park,Week2,Chesterbrook,Week2,344.0 Chesterbrook - 58.0 Highland Park
High Point Pool,Week3,Vienna Aquatic,Week4,253.0 Vienna Aquatic - 149.0 High Point Pool
High Point Pool,Week2,Brandywine,Week1,262.0 High Point Pool - 140.0 Brandywine
High Point Pool,Week3,Vienna Aquatic,Week2,258.0 Vienna Aquatic - 144.0 High Point Pool
Hiddenbrook,Week4,Wakefield Chapel,Week3,335.0 Wakefield Chapel - 67.0 Hiddenbrook
High Point Pool,Week4,Springfield,Week1,363.0 High Point Pool - 37.0 Springfield
High Point Pool,Week2,Brandywine,Week3,255.0 High Point Pool - 147.0 Brandywine
High Point Pool,Week2,Springfield,Week1,379.0 High Point Pool - 23.0 Springfield
High Point Pool,Week2,Greenbriar,Week5,244.0 High Point Pool - 158.0 Greenbriar
High Point Pool,Week1,Brandywine,Week2,251.0 High Point Pool - 151.0 Brandywine
Hiddenbrook,Week2,Highlands Swim,Week4,345.0 Highlands Swim - 57.0 Hiddenbrook
Hiddenbrook,Week3,Walden Glen,Week1,227.0 Hiddenbrook - 174.0 Walden Glen
High Point Pool,Week2,Greenbriar,Week3,228.0 High Point Pool - 174.0 Greenbriar
High Point Pool,Week5,Springboard,Week5,294.0 High Point Pool - 107.0 Springboard
Highland Park,Week3,Cardinal Hill,Week4,241.0 Cardinal Hill - 161.0 Highland Park
Hiddenbrook,Week1,Highlands Swim,Week2,328.0 Highlands Swim - 74.0 Hiddenbrook
Hiddenbrook,Week3,Highlands Swim,Week4,315.0 Highlands Swim - 87.0 Hiddenbrook
High Point Pool,Week5,Springboard,Week2,324.0 High Point Pool - 77.0 Springboard
Highland Park,Week4,Cardinal Hill,Week3,256.0 Cardinal Hill - 146.0 Highland Park
Hiddenbrook,Week3,Highlands Swim,Week5,326.0 Highlands Swim - 76.0 Hiddenbrook
High Point Pool,Week4,Great Falls,Week2,232.0 High Point Pool - 152.0 Great Falls
High Point Pool,Week3,Greenbriar,Week5,233.5 High Point Pool - 167.5 Greenbriar
High Point Pool,Week4,Arlington Forest,Week5,211.0 Arlington Forest - 191.0 High Point Pool
High Point Pool,Week1,Brandywine,Week3,236.5 High Point Pool - 160.5 Brandywine
High Point Pool,Week5,Vienna Aquatic,Week4,240.0 Vienna Aquatic - 162.0 High Point Pool
High Point Pool,Week5,Arlington Forest,Week2,251.0 High Point Pool - 151.0 Arlington Forest
Hiddenbrook,Week3,Walden Glen,Week2,212.0 Walden Glen - 190.0 Hiddenbrook
Highland Park,Week2,Cardinal Hill,Week4,247.0 Cardinal Hill - 155.0 Highland Park
Hiddenbrook,Week2,Walden Glen,Week1,213.0 Walden Glen - 182.0 Hiddenbrook
High Point Pool,Week5,Great Falls,Week4,244.0 High Point Pool - 157.0 Great Falls
High Point Pool,Week4,Springfield,Week5,377.0 High Point Pool - 21.0 Springfield
Hiddenbrook,Week3,Walden Glen,Week5,233.0 Walden Glen - 169.0 Hiddenbrook
High Point Pool,Week3,Springfield,Week3,368.0 High Point Pool - 30.0 Springfield
High Point Pool,Week1,Vienna Woods,Week4,255.0 Vienna Woods - 147.0 High Point Pool
High Point Pool,Week5,Vienna Aquatic,Week3,264.0 Vienna Aquatic - 138.0 High Point Pool
Hiddenbrook,Week4,Walden Glen,Week2,203.0 Hiddenbrook - 199.0 Walden Glen
Hiddenbrook,Week4,Highlands Swim,Week3,327.0 Highlands Swim - 75.0 Hiddenbrook
Hiddenbrook,Week4,Highlands Swim,Week1,317.5 Highlands Swim - 84.5 Hiddenbrook
Highland Park,Week1,Cardinal Hill,Week5,232.0 Cardinal Hill - 170.0 Highland Park
High Point Pool,Week4,Greenbriar,Week1,226.0 High Point Pool - 176.0 Greenbriar
High Point Pool,Week3,Arlington Forest,Week1,225.0 High Point Pool - 177.0 Arlington Forest
High Point Pool,Week4,Vienna Aquatic,Week3,258.0 Vienna Aquatic - 144.0 High Point Pool
Hiddenbrook,Week2,Highlands Swim,Week3,354.0 Highlands Swim - 48.0 Hiddenbrook
Hiddenbrook,Week4,Walden Glen,Week3,208.0 Hiddenbrook - 194.0 Walden Glen
High Point Pool,Week1,Greenbriar,Week2,213.0 Greenbriar - 189.0 High Point Pool
Highland Park,Week4,Cardinal Hill,Week2,228.0 Cardinal Hill - 174.0 Highland Park
Highland Park,Week1,Cardinal Hill,Week3,249.0 Cardinal Hill - 153.0 Highland Park
Hiddenbrook,Week3,Walden Glen,Week4,216.0 Walden Glen - 181.0 Hiddenbrook
High Point Pool,Week1,Springfield,Week2,362.0 High Point Pool - 33.0 Springfield
High Point Pool,Week2,Vienna Woods,Week4,235.0 Vienna Woods - 167.0 High Point Pool
High Point Pool,Week5,Springfield,Week1,360.0 High Point Pool - 36.0 Springfield
High Point Pool,Week4,Arlington Forest,Week2,255.0 High Point Pool - 147.0 Arlington Forest
High Point Pool,Week2,Vienna Woods,Week5,282.0 Vienna Woods - 120.0 High Point Pool
High Point Pool,Week4,Vienna Aquatic,Week4,237.5 Vienna Aquatic - 164.5 High Point Pool
Hiddenbrook,Week5,Highland Park,Week3,220.0 Highland Park - 182.0 Hiddenbrook
High Point Pool,Week2,Springfield,Week2,377.0 High Point Pool - 25.0 Springfield
High Point Pool,Week4,Greenbriar,Week2,205.0 High Point Pool - 197.0 Greenbriar
High Point Pool,Week3,Arlington Forest,Week5,207.0 Arlington Forest - 195.0 High Point Pool
High Point Pool,Week2,Arlington Forest,Week4,230.0 High Point Pool - 172.0 Arlington Forest
Hiddenbrook,Week4,Walden Glen,Week1,237.0 Hiddenbrook - 165.0 Walden Glen
High Point Pool,Week1,Vienna Woods,Week3,271.0 Vienna Woods - 131.0 High Point Pool
High Point Pool,Week1,Hamlet,Week2,262.5 Hamlet - 139.5 High Point Pool
Highland Park,Week3,Cardinal Hill,Week3,269.0 Cardinal Hill - 133.0 Highland Park
High Point Pool,Week3,Brandywine,Week2,254.0 High Point Pool - 147.0 Brandywine
Hiddenbrook,Week2,Highlands Swim,Week2,355.0 Highlands Swim - 47.0 Hiddenbrook
High Point Pool,Week4,Arlington Forest,Week3,257.0 High Point Pool - 145.0 Arlington Forest
High Point Pool,Week4,Greenbriar,Week4,250.0 High Point Pool - 152.0 Greenbriar
High Point Pool,Week4,Hamlet,Week3,244.0 Hamlet - 158.0 High Point Pool
High Point Pool,Week2,Brandywine,Week4,253.0 High Point Pool - 149.0 Brandywine
Highland Park,Week1,Cardinal Hill,Week4,229.0 Cardinal Hill - 173.0 Highland Park
High Point Pool,Week1,Hayfield Farm,Week2,242.0 High Point Pool - 160.0 Hayfield Farm
Hiddenbrook,Week2,Waynewood,Week5,341.0 Waynewood - 61.0 Hiddenbrook
Hiddenbrook,Week4,Highlands Swim,Week2,327.0 Highlands Swim - 75.0 Hiddenbrook
High Point Pool,Week5,Springfield,Week5,369.0 High Point Pool - 27.0 Springfield
Hiddenbrook,Week1,Waynewood,Week5,307.0 Waynewood - 95.0 Hiddenbrook
High Point Pool,Week5,Springboard,Week4,304.0 High Point Pool - 98.0 Springboard
High Point Pool,Week5,Greenbriar,Week5,230.0 High Point Pool - 172.0 Greenbriar
Hiddenbrook,Week1,Highlands Swim,Week4,319.0 Highlands Swim - 83.0 Hiddenbrook
Hiddenbrook,Week2,Waynewood,Week4,322.0 Waynewood - 79.0 Hiddenbrook
High Point Pool,Week4,Springfield,Week2,361.0 High Point Pool - 39.0 Springfield
Hiddenbrook,Week2,Highlands Swim,Week5,357.0 Highlands Swim - 40.0 Hiddenbrook
High Point Pool,Week2,Stratford,Week1,305.0 High Point Pool - 97.0 Stratford
High Point Pool,Week3,Brandywine,Week1,242.0 High Point Pool - 160.0 Brandywine
High Point Pool,Week1,Vienna Woods,Week5,291.5 Vienna Woods - 110.5 High Point Pool
High Point Pool,Week5,Stratford,Week4,283.5 High Point Pool - 118.5 Stratford
High Point Pool,Week5,Hamlet,Week5,268.0 Hamlet - 134.0 High Point Pool
Highland Park,Week2,Cardinal Hill,Week2,233.0 Cardinal Hill - 169.0 Highland Park
High Point Pool,Week2,Arlington Forest,Week3,270.0 High Point Pool - 132.0 Arlington Forest
High Point Pool,Week4,Hamlet,Week5,254.0 Hamlet - 148.0 High Point Pool
High Point Pool,Week5,Hamlet,Week3,255.0 Hamlet - 146.0 High Point Pool
High Point Pool,Week1,Vienna Woods,Week2,255.0 Vienna Woods - 147.0 High Point Pool
High Point Pool,Week4,Vienna Aquatic,Week1,225.0 Vienna Aquatic - 177.0 High Point Pool
High Point Pool,Week5,Vienna Aquatic,Week1,237.0 Vienna Aquatic - 165.0 High Point Pool
Hiddenbrook,Week5,Highland Park,Week5,235.0 Highland Park - 167.0 Hiddenbrook
Hiddenbrook,Week4,Walden Glen,Week4,207.0 Walden Glen - 195.0 Hiddenbrook
Highland Park,Week3,Cardinal Hill,Week5,238.0 Cardinal Hill - 164.0 Highland Park
Highland Park,Week2,Cardinal Hill,Week1,265.0 Cardinal Hill - 137.0 Highland Park
High Point Pool,Week5,Springfield,Week2,365.0 High Point Pool - 30.0 Springfield
High Point Pool,Week3,Springfield,Week1,372.0 High Point Pool - 26.0 Springfield
Hiddenbrook,Week5,Walden Glen,Week4,205.0 Walden Glen - 197.0 Hiddenbrook
Highland Park,Week1,Cardinal Hill,Week2,221.0 Cardinal Hill - 181.0 Highland Park
High Point Pool,Week1,Vienna Woods,Week1,264.0 Vienna Woods - 138.0 High Point Pool
Hiddenbrook,Week5,Highland Park,Week4,239.0 Highland Park - 163.0 Hiddenbrook
High Point Pool,Week5,Vienna Aquatic,Week5,278.0 Vienna Aquatic - 124.0 High Point Pool
High Point Pool,Week5,Arlington Forest,Week3,257.0 High Point Pool - 145.0 Arlington Forest
Hiddenbrook,Week4,Walden Glen,Week5,224.0 Walden Glen - 178.0 Hiddenbrook
Highland Park,Week5,Cardinal Hill,Week1,247.0 Cardinal Hill - 155.0 Highland Park
Hiddenbrook,Week5,Walden Glen,Week3,223.0 Hiddenbrook - 179.0 Walden Glen
Hiddenbrook,Week2,Highlands Swim,Week1,342.0 Highlands Swim - 60.0 Hiddenbrook
High Point Pool,Week2,Brandywine,Week2,274.0 High Point Pool - 128.0 Brandywine
High Point Pool,Week3,Springfield,Week4,366.0 High Point Pool - 32.0 Springfield
Highland Park,Week3,Cardinal Hill,Week1,252.0 Cardinal Hill - 150.0 Highland Park
High Point Pool,Week2,Stratford,Week2,313.5 High Point Pool - 88.5 Stratford
High Point Pool,Week2,Vienna Woods,Week1,262.0 Vienna Woods - 140.0 High Point Pool
Highland Park,Week5,Cardinal Hill,Week3,258.0 Cardinal Hill - 144.0 Highland Park
High Point Pool,Week3,Vienna Woods,Week2,266.0 Vienna Woods - 136.0 High Point Pool
High Point Pool,Week2,Hamlet,Week1,232.0 Hamlet - 170.0 High Point Pool
Highland Park,Week1,Chesterbrook,Week1,321.0 Chesterbrook - 81.0 Highland Park
High Point Pool,Week1,Brandywine,Week4,230.0 High Point Pool - 172.0 Brandywine
High Point Pool,Week2,Vienna Woods,Week2,249.0 Vienna Woods - 153.0 High Point Pool
High Point Pool,Week3,Hamlet,Week2,268.0 Hamlet - 134.0 High Point Pool
Hiddenbrook,Week1,Highlands Swim,Week5,334.0 Highlands Swim - 68.0 Hiddenbrook
Hiddenbrook,Week3,Waynewood,Week5,294.5 Waynewood - 107.5 Hiddenbrook
High Point Pool,Week2,Stratford,Week5,302.0 High Point Pool - 100.0 Stratford
High Point Pool,Week3,Brandywine,Week4,239.0 High Point Pool - 163.0 Brandywine
High Point Pool,Week2,Hamlet,Week4,231.0 Hamlet - 171.0 High Point Pool
High Point Pool,Week2,Brandywine,Week5,229.0 High Point Pool - 173.0 Brandywine
Highland Park,Week5,Cardinal Hill,Week5,238.0 Cardinal Hill - 164.0 Highland Park
Hiddenbrook,Week2,Waynewood,Week3,333.0 Waynewood - 69.0 Hiddenbrook
Highland Park,Week5,Cardinal Hill,Week2,229.0 Cardinal Hill - 173.0 Highland Park
High Point Pool,Week1,Stratford,Week1,300.0 High Point Pool - 101.0 Stratford
Hiddenbrook,Week4,Waynewood,Week3,301.0 Waynewood - 101.0 Hiddenbrook
High Point Pool,Week2,Vienna Woods,Week3,270.0 Vienna Woods - 132.0 High Point Pool
Hiddenbrook,Week1,Waynewood,Week4,291.0 Waynewood - 111.0 Hiddenbrook
High Point Pool,Week3,Brandywine,Week3,235.0 High Point Pool - 166.0 Brandywine
High Point Pool,Week5,Springfield,Week4,355.0 High Point Pool - 40.0 Springfield
High Point Pool,Week1,Bren Mar-Edsall Park,Week1,363.0 High Point Pool - 38.0 Bren Mar-Edsall Park
Highland Park,Week2,Commonwealth,Week4,279.0 Highland Park - 123.0 Commonwealth
Hiddenbrook,Week5,Waynewood,Week2,273.0 Waynewood - 129.0 Hiddenbrook
High Point Pool,Week3,Vienna Woods,Week3,282.0 Vienna Woods - 120.0 High Point Pool
High Point Pool,Week3,Hamlet,Week1,253.0 Hamlet - 149.0 High Point Pool
High Point Pool,Week4,Vienna Aquatic,Week2,246.0 Vienna Aquatic - 156.0 High Point Pool
Highland Park,Week1,Chesterbrook,Week4,329.0 Chesterbrook - 73.0 Highland Park
High Point Pool,Week4,Stratford,Week1,303.0 High Point Pool - 99.0 Stratford
Highland Park,Week3,Chesterbrook,Week2,341.0 Chesterbrook - 61.0 Highland Park
High Point Pool,Week5,Greenbriar,Week4,242.0 High Point Pool - 160.0 Greenbriar
High Point Pool,Week3,Bren Mar-Edsall Park,Week2,373.0 High Point Pool - 29.0 Bren Mar-Edsall Park
High Point Pool,Week2,Stratford,Week3,306.0 High Point Pool - 96.0 Stratford
Hiddenbrook,Week1,Woodley,Week2,222.0 Hiddenbrook - 179.0 Woodley
High Point Pool,Week3,Stratford,Week4,282.0 High Point Pool - 120.0 Stratford
Highland Park,Week2,Chesterbrook,Week1,335.0 Chesterbrook - 67.0 Highland Park
High Point Pool,Week5,Vienna Aquatic,Week2,251.0 Vienna Aquatic - 151.0 High Point Pool
High Point Pool,Week1,Hamlet,Week4,257.0 Hamlet - 145.0 High Point Pool
High Point Pool,Week2,Bren Mar-Edsall Park,Week3,380.0 High Point Pool - 22.0 Bren Mar-Edsall Park
Hiddenbrook,Week2,Woodley,Week1,206.0 Woodley - 195.0 Hiddenbrook
Hiddenbrook,Week1,Waynewood,Week1,270.0 Waynewood - 132.0 Hiddenbrook
High Point Pool,Week2,Hamlet,Week3,247.0 Hamlet - 155.0 High Point Pool
High Point Pool,Week5,Brandywine,Week4,250.0 High Point Pool - 152.0 Brandywine
High Point Pool,Week5,Greenbriar,Week3,229.0 High Point Pool - 173.0 Greenbriar
High Point Pool,Week3,Vienna Woods,Week1,279.5 Vienna Woods - 122.5 High Point Pool
Hiddenbrook,Week4,Waynewood,Week4,275.0 Waynewood - 127.0 Hiddenbrook
High Point Pool,Week4,Vienna Woods,Week2,261.0 Vienna Woods - 141.0 High Point Pool
Hiddenbrook,Week2,Woodley,Week4,207.0 Woodley - 194.0 Hiddenbrook
High Point Pool,Week4,Villa Aquatic,Week4,232.0 High Point Pool - 170.0 Villa Aquatic
High Point Pool,Week4,Vienna Woods,Week3,270.0 Vienna Woods - 132.0 High Point Pool
High Point Pool,Week4,Hamlet,Week4,233.0 Hamlet - 169.0 High Point Pool
High Point Pool,Week4,Hamlet,Week2,243.0 Hamlet - 159.0 High Point Pool
High Point Pool,Week4,Stratford,Week2,305.0 High Point Pool - 97.0 Stratford
High Point Pool,Week1,Bren Mar-Edsall Park,Week2,365.0 High Point Pool - 37.0 Bren Mar-Edsall Park
Hiddenbrook,Week5,Walden Glen,Week5,219.0 Walden Glen - 183.0 Hiddenbrook
High Point Pool,Week4,Bren Mar-Edsall Park,Week2,361.0 High Point Pool - 41.0 Bren Mar-Edsall Park
High Point Pool,Week1,Sully Station,Week1,229.0 Sully Station - 173.0 High Point Pool
High Point Pool,Week3,Villa Aquatic,Week3,215.0 High Point Pool - 187.0 Villa Aquatic
Hiddenbrook,Week4,Woodley,Week2,240.0 Hiddenbrook - 162.0 Woodley
High Point Pool,Week1,Stratford,Week5,287.0 High Point Pool - 115.0 Stratford
High Point Pool,Week1,Hamlet,Week1,247.0 Hamlet - 150.0 High Point Pool
Highland Park,Week1,Commonwealth,Week2,238.0 Highland Park - 164.0 Commonwealth
High Point Pool,Week3,Stratford,Week3,296.5 High Point Pool - 105.5 Stratford
High Point Pool,Week2,Bren Mar-Edsall Park,Week5,376.0 High Point Pool - 26.0 Bren Mar-Edsall Park
High Point Pool,Week5,Greenbriar,Week1,226.0 High Point Pool - 176.0 Greenbriar
Highland Park,Week5,Chesterbrook,Week3,348.0 Chesterbrook - 54.0 Highland Park
Highland Park,Week4,Chesterbrook,Week1,332.0 Chesterbrook - 70.0 Highland Park
High Point Pool,Week5,Stratford,Week2,312.0 High Point Pool - 90.0 Stratford
Highland Park,Week4,Chesterbrook,Week4,342.0 Chesterbrook - 60.0 Highland Park
Highland Park,Week2,Chesterbrook,Week4,352.0 Chesterbrook - 50.0 Highland Park
High Point Pool,Week5,Brandywine,Week5,223.0 High Point Pool - 179.0 Brandywine
High Point Pool,Week5,Brandywine,Week1,251.0 High Point Pool - 151.0 Brandywine
Highland Park,Week1,Commonwealth,Week1,276.0 Highland Park - 126.0 Commonwealth
High Point Pool,Week4,Brandywine,Week5,223.0 High Point Pool - 179.0 Brandywine
High Point Pool,Week5,Stratford,Week1,306.5 High Point Pool - 95.5 Stratford
High Point Pool,Week3,Hamlet,Week4,255.0 Hamlet - 147.0 High Point Pool
Hiddenbrook,Week5,Walden Glen,Week1,247.0 Hiddenbrook - 155.0 Walden Glen
High Point Pool,Week4,Brandywine,Week1,257.0 High Point Pool - 145.0 Brandywine
Hiddenbrook,Week1,Woodley,Week1,237.0 Hiddenbrook - 165.0 Woodley
Highland Park,Week4,Chesterbrook,Week5,353.0 Chesterbrook - 49.0 Highland Park
Hiddenbrook,Week5,Waynewood,Week5,284.0 Waynewood - 118.0 Hiddenbrook
Highland Park,Week1,Commonwealth,Week4,275.0 Highland Park - 127.0 Commonwealth
Hiddenbrook,Week2,Woodley,Week2,214.0 Woodley - 188.0 Hiddenbrook
High Point Pool,Week1,Bren Mar-Edsall Park,Week3,366.0 High Point Pool - 36.0 Bren Mar-Edsall Park
High Point Pool,Week4,Hamlet,Week1,226.0 Hamlet - 176.0 High Point Pool
High Point Pool,Week4,Stratford,Week5,303.0 High Point Pool - 99.0 Stratford
Hiddenbrook,Week1,Waynewood,Week2,297.0 Waynewood - 105.0 Hiddenbrook
High Point Pool,Week5,Vienna Woods,Week5,303.0 Vienna Woods - 99.0 High Point Pool
High Point Pool,Week1,Villa Aquatic,Week4,227.0 High Point Pool - 175.0 Villa Aquatic
High Point Pool,Week2,Hamlet,Week2,260.0 Hamlet - 142.0 High Point Pool
High Point Pool,Week3,Stratford,Week2,300.0 High Point Pool - 102.0 Stratford
High Point Pool,Week3,Vienna Woods,Week5,297.0 Vienna Woods - 105.0 High Point Pool
High Point Pool,Week5,Villa Aquatic,Week1,252.0 High Point Pool - 150.0 Villa Aquatic
High Point Pool,Week2,Bren Mar-Edsall Park,Week4,377.0 High Point Pool - 25.0 Bren Mar-Edsall Park
High Point Pool,Week4,Stratford,Week4,284.0 High Point Pool - 118.0 Stratford
High Point Pool,Week1,Hamlet,Week5,283.0 Hamlet - 119.0 High Point Pool
High Point Pool,Week2,Villa Aquatic,Week4,240.0 High Point Pool - 162.0 Villa Aquatic
Hiddenbrook,Week5,Walden Glen,Week2,214.0 Hiddenbrook - 188.0 Walden Glen
Highland Park,Week1,Commonwealth,Week5,253.0 Highland Park - 149.0 Commonwealth
High Point Pool,Week1,Stratford,Week4,270.5 High Point Pool - 131.5 Stratford
High Point Pool,Week5,Greenbriar,Week2,203.0 High Point Pool - 199.0 Greenbriar
Highland Park,Week3,Chesterbrook,Week5,353.0 Chesterbrook - 49.0 Highland Park
High Point Pool,Week5,Vienna Woods,Week2,267.0 Vienna Woods - 135.0 High Point Pool
High Point Pool,Week1,Sully Station,Week2,211.0 Sully Station - 191.0 High Point Pool
High Point Pool,Week5,Brandywine,Week3,234.0 High Point Pool - 168.0 Brandywine
High Point Pool,Week3,Stratford,Week5,295.0 High Point Pool - 106.0 Stratford
High Point Pool,Week5,Vienna Woods,Week3,263.0 Vienna Woods - 139.0 High Point Pool
Highland Park,Week5,Chesterbrook,Week1,340.0 Chesterbrook - 62.0 Highland Park
High Point Pool,Week3,Hamlet,Week3,265.0 Hamlet - 137.0 High Point Pool
High Point Pool,Week4,Vienna Woods,Week1,266.0 Vienna Woods - 136.0 High Point Pool
High Point Pool,Week2,Hamlet,Week5,269.0 Hamlet - 133.0 High Point Pool
Hiddenbrook,Week3,Waynewood,Week1,270.0 Waynewood - 132.0 Hiddenbrook
High Point Pool,Week2,Bren Mar-Edsall Park,Week1,383.0 High Point Pool - 18.0 Bren Mar-Edsall Park
High Point Pool,Week1,Hamlet,Week3,262.0 Hamlet - 140.0 High Point Pool
High Point Pool,Week3,Bren Mar-Edsall Park,Week5,368.0 High Point Pool - 34.0 Bren Mar-Edsall Park
Hiddenbrook,Week2,Waynewood,Week2,326.0 Waynewood - 76.0 Hiddenbrook
High Point Pool,Week5,Stratford,Week3,297.0 High Point Pool - 105.0 Stratford
Highland Park,Week3,Chesterbrook,Week4,348.0 Chesterbrook - 54.0 Highland Park
High Point Pool,Week4,Vienna Woods,Week5,290.0 Vienna Woods - 112.0 High Point Pool
Hiddenbrook,Week1,Waynewood,Week3,304.0 Waynewood - 98.0 Hiddenbrook
Highland Park,Week5,Chesterbrook,Week4,335.0 Chesterbrook - 67.0 Highland Park
High Point Pool,Week1,Stratford,Week2,302.0 High Point Pool - 100.0 Stratford
High Point Pool,Week4,Brandywine,Week2,254.0 High Point Pool - 148.0 Brandywine
Hiddenbrook,Week3,Waynewood,Week2,300.0 Waynewood - 102.0 Hiddenbrook
Highland Park,Week4,Chesterbrook,Week2,340.0 Chesterbrook - 62.0 Highland Park
High Point Pool,Week4,Bren Mar-Edsall Park,Week4,364.0 High Point Pool - 38.0 Bren Mar-Edsall Park
High Point Pool,Week1,Villa Aquatic,Week1,244.0 High Point Pool - 158.0 Villa Aquatic
High Point Pool,Week3,Stratford,Week1,308.0 High Point Pool - 94.0 Stratford
Hiddenbrook,Week4,Poplar Heights,Week4,277.0 Poplar Heights - 125.0 Hiddenbrook
Hiddenbrook,Week3,Waynewood,Week3,298.0 Waynewood - 104.0 Hiddenbrook
Hiddenbrook,Week2,Waynewood,Week1,316.5 Waynewood - 85.5 Hiddenbrook
High Point Pool,Week5,Hamlet,Week1,240.0 Hamlet - 162.0 High Point Pool
High Point Pool,Week1,Villa Aquatic,Week5,214.0 High Point Pool - 188.0 Villa Aquatic
Hiddenbrook,Week5,Pleasant Valley,Week1,293.0 Hiddenbrook - 108.0 Pleasant Valley
High Point Pool,Week5,Hamlet,Week4,242.0 Hamlet - 160.0 High Point Pool
High Point Pool,Week4,Bren Mar-Edsall Park,Week1,376.0 High Point Pool - 26.0 Bren Mar-Edsall Park
High Point Pool,Week1,Stratford,Week3,278.0 High Point Pool - 124.0 Stratford
Highland Park,Week2,Commonwealth,Week1,280.0 Highland Park - 122.0 Commonwealth
High Point Pool,Week5,Hamlet,Week2,259.0 Hamlet - 143.0 High Point Pool
High Point Pool,Week2,Stratford,Week4,292.0 High Point Pool - 110.0 Stratford
Highland Park,Week3,Chesterbrook,Week1,336.0 Chesterbrook - 66.0 Highland Park
High Point Pool,Week3,Hamlet,Week5,274.5 Hamlet - 127.5 High Point Pool
High Point Pool,Week5,Vienna Woods,Week4,246.0 Vienna Woods - 156.0 High Point Pool
High Point Pool,Week4,Brandywine,Week4,236.0 High Point Pool - 166.0 Brandywine
Hiddenbrook,Week1,Poplar Heights,Week3,273.0 Poplar Heights - 129.0 Hiddenbrook
Hiddenbrook,Week5,Waynewood,Week3,275.0 Waynewood - 127.0 Hiddenbrook
High Point Pool,Week3,Villa Aquatic,Week4,225.0 High Point Pool - 177.0 Villa Aquatic
High Point Pool,Week4,Stratford,Week3,299.0 High Point Pool - 103.0 Stratford
High Point Pool,Week2,Villa Aquatic,Week2,271.0 High Point Pool - 131.0 Villa Aquatic
High Point Pool,Week4,Vienna Woods,Week4,242.0 Vienna Woods - 160.0 High Point Pool
Hiddenbrook,Week5,Waynewood,Week1,251.0 Waynewood - 151.0 Hiddenbrook
Hiddenbrook,Week2,Poplar Heights,Week4,310.0 Poplar Heights - 91.0 Hiddenbrook
Hiddenbrook,Week5,Pleasant Valley,Week5,299.5 Hiddenbrook - 101.5 Pleasant Valley
High Point Pool,Week3,Vienna Woods,Week4,251.0 Vienna Woods - 151.0 High Point Pool
High Point Pool,Week2,Hayfield Farm,Week5,266.0 High Point Pool - 136.0 Hayfield Farm
Hiddenbrook,Week4,Waynewood,Week5,300.0 Waynewood - 102.0 Hiddenbrook
High Point Pool,Week3,Bren Mar-Edsall Park,Week1,381.0 High Point Pool - 20.0 Bren Mar-Edsall Park
High Point Pool,Week5,Brandywine,Week2,254.0 High Point Pool - 148.0 Brandywine
Hiddenbrook,Week3,Poplar Heights,Week1,251.0 Poplar Heights - 151.0 Hiddenbrook
High Point Pool,Week2,Sully Station,Week1,212.0 Sully Station - 190.0 High Point Pool
Highland Park,Week2,Chesterbrook,Week3,351.0 Chesterbrook - 51.0 Highland Park
High Point Pool,Week3,Villa Aquatic,Week1,254.0 High Point Pool - 148.0 Villa Aquatic
High Point Pool,Week2,Sully Station,Week3,205.0 High Point Pool - 197.0 Sully Station
Highland Park,Week5,Chesterbrook,Week5,342.0 Chesterbrook - 60.0 Highland Park
High Point Pool,Week5,Stratford,Week5,298.0 High Point Pool - 104.0 Stratford
High Point Pool,Week4,Brandywine,Week3,236.0 High Point Pool - 166.0 Brandywine
Hiddenbrook,Week5,Poplar Heights,Week1,241.5 Poplar Heights - 160.5 Hiddenbrook
High Point Pool,Week2,Bren Mar-Edsall Park,Week2,381.0 High Point Pool - 21.0 Bren Mar-Edsall Park
High Point Pool,Week2,Villa Aquatic,Week3,233.0 High Point Pool - 169.0 Villa Aquatic
Highland Park,Week2,Commonwealth,Week2,233.0 Highland Park - 169.0 Commonwealth
Hiddenbrook,Week4,Waynewood,Week2,297.0 Waynewood - 105.0 Hiddenbrook
Hiddenbrook,Week3,Waynewood,Week4,276.0 Waynewood - 126.0 Hiddenbrook
Hiddenbrook,Week4,Hunter Mill,Week4,279.5 Hunter Mill - 122.5 Hiddenbrook
Highland Park,Week4,Chesterbrook,Week3,357.0 Chesterbrook - 45.0 Highland Park
High Point Pool,Week1,Hayfield Farm,Week1,242.5 High Point Pool - 159.5 Hayfield Farm
Highland Park,Week1,Commonwealth,Week3,250.0 Highland Park - 152.0 Commonwealth
Highland Park,Week5,Chesterbrook,Week2,347.0 Chesterbrook - 55.0 Highland Park
High Point Pool,Week1,Bren Mar-Edsall Park,Week4,361.0 High Point Pool - 41.0 Bren Mar-Edsall Park
Hiddenbrook,Week5,Waynewood,Week4,259.0 Waynewood - 143.0 Hiddenbrook
High Point Pool,Week4,Hayfield Farm,Week1,256.0 High Point Pool - 146.0 Hayfield Farm
High Point Pool,Week1,Sully Station,Week5,237.0 Sully Station - 165.0 High Point Pool
Hiddenbrook,Week1,Ilda Community,Week4,209.0 Hiddenbrook - 193.0 Ilda Community
High Point Pool,Week2,Hayfield Farm,Week4,247.0 High Point Pool - 155.0 Hayfield Farm
High Point Pool,Week4,Hayfield Farm,Week5,260.0 High Point Pool - 142.0 Hayfield Farm
High Point Pool,Week4,Hayfield Farm,Week4,252.0 High Point Pool - 150.0 Hayfield Farm
Hiddenbrook,Week4,Pleasant Valley,Week3,263.0 Hiddenbrook - 138.0 Pleasant Valley
Hiddenbrook,Week4,Waynewood,Week1,263.0 Waynewood - 139.0 Hiddenbrook
High Point Pool,Week1,Bren Mar-Edsall Park,Week5,363.0 High Point Pool - 33.0 Bren Mar-Edsall Park
Highland Park,Week3,Chesterbrook,Week3,353.0 Chesterbrook - 49.0 Highland Park
High Point Pool,Week2,Villa Aquatic,Week5,233.0 High Point Pool - 169.0 Villa Aquatic
High Point Pool,Week1,Herndon,Week4,318.0 High Point Pool - 84.0 Herndon
Hiddenbrook,Week2,Poplar Heights,Week1,293.0 Poplar Heights - 109.0 Hiddenbrook
High Point Pool,Week3,Bren Mar-Edsall Park,Week3,377.0 High Point Pool - 25.0 Bren Mar-Edsall Park
High Point Pool,Week2,Sully Station,Week2,202.0 High Point Pool - 200.0 Sully Station
High Point Pool,Week1,Sully Station,Week3,222.0 Sully Station - 180.0 High Point Pool
Hiddenbrook,Week5,Pleasant Valley,Week4,315.0 Hiddenbrook - 86.0 Pleasant Valley
Hiddenbrook,Week4,Hunter Mill,Week2,272.0 Hunter Mill - 130.0 Hiddenbrook
High Point Pool,Week3,Bren Mar-Edsall Park,Week4,375.0 High Point Pool - 27.0 Bren Mar-Edsall Park
Hiddenbrook,Week1,Woodley,Week4,223.0 Hiddenbrook - 179.0 Woodley
Highland Park,Week2,Commonwealth,Week3,252.0 Highland Park - 150.0 Commonwealth
Hiddenbrook,Week1,Woodley,Week5,214.0 Hiddenbrook - 187.0 Woodley
Hiddenbrook,Week4,Poplar Heights,Week1,238.0 Poplar Heights - 164.0 Hiddenbrook
High Point Pool,Week2,Sully Station,Week5,219.0 Sully Station - 183.0 High Point Pool
High Point Pool,Week3,Hayfield Farm,Week3,210.0 High Point Pool - 192.0 Hayfield Farm
Highland Park,Week2,Commonwealth,Week5,252.0 Highland Park - 150.0 Commonwealth
High Point Pool,Week1,Herndon,Week1,322.0 High Point Pool - 80.0 Herndon
Highland Park,Week2,Chesterbrook,Week5,349.0 Chesterbrook - 53.0 Highland Park
Hiddenbrook,Week2,Poplar Heights,Week3,306.0 Poplar Heights - 96.0 Hiddenbrook
High Point Pool,Week5,Bren Mar-Edsall Park,Week1,367.0 High Point Pool - 34.0 Bren Mar-Edsall Park
Hiddenbrook,Week1,Hunter Mill,Week4,282.0 Hunter Mill - 120.0 Hiddenbrook
High Point Pool,Week3,Villa Aquatic,Week5,224.0 High Point Pool - 178.0 Villa Aquatic
High Point Pool,Week1,Villa Aquatic,Week3,218.0 High Point Pool - 184.0 Villa Aquatic
High Point Pool,Week1,Villa Aquatic,Week2,240.0 High Point Pool - 162.0 Villa Aquatic
High Point Pool,Week2,Sully Station,Week4,202.0 High Point Pool - 200.0 Sully Station
High Point Pool,Week4,Bren Mar-Edsall Park,Week3,367.0 High Point Pool - 35.0 Bren Mar-Edsall Park
Hiddenbrook,Week1,Woodley,Week3,240.0 Hiddenbrook - 162.0 Woodley
Hiddenbrook,Week1,Ilda Community,Week1,231.5 Hiddenbrook - 170.5 Ilda Community
Hiddenbrook,Week1,Hunter Mill,Week5,290.5 Hunter Mill - 111.5 Hiddenbrook
Hiddenbrook,Week1,Poplar Heights,Week5,274.0 Poplar Heights - 128.0 Hiddenbrook
High Point Pool,Week4,Hayfield Farm,Week2,249.0 High Point Pool - 153.0 Hayfield Farm
Hiddenbrook,Week1,Poplar Heights,Week4,281.5 Poplar Heights - 120.5 Hiddenbrook
High Point Pool,Week2,Poplar Heights,Week1,222.0 High Point Pool - 180.0 Poplar Heights
High Point Pool,Week1,Hayfield Farm,Week4,236.0 High Point Pool - 166.0 Hayfield Farm
High Point Pool,Week2,Hayfield Farm,Week1,251.0 High Point Pool - 151.0 Hayfield Farm
High Point Pool,Week4,Poplar Heights,Week3,203.0 High Point Pool - 199.0 Poplar Heights
Hiddenbrook,Week2,Hunter Mill,Week1,303.5 Hunter Mill - 93.5 Hiddenbrook
Hiddenbrook,Week2,Hunter Mill,Week2,302.0 Hunter Mill - 99.0 Hiddenbrook
High Point Pool,Week5,Vienna Woods,Week1,278.0 Vienna Woods - 124.0 High Point Pool
Hiddenbrook,Week2,Woodley,Week5,223.0 Woodley - 178.0 Hiddenbrook
Highland Park,Week3,Commonwealth,Week1,255.0 Highland Park - 147.0 Commonwealth
High Point Pool,Week3,Hayfield Farm,Week1,236.0 High Point Pool - 166.0 Hayfield Farm
High Point Pool,Week4,Bren Mar-Edsall Park,Week5,362.0 High Point Pool - 40.0 Bren Mar-Edsall Park
Hiddenbrook,Week3,Woodley,Week1,249.0 Hiddenbrook - 153.0 Woodley
Hiddenbrook,Week4,Pleasant Valley,Week5,270.0 Hiddenbrook - 128.0 Pleasant Valley
High Point Pool,Week4,Brookfield ,Week5,244.0 High Point Pool - 158.0 Brookfield
Hiddenbrook,Week1,Poplar Heights,Week1,254.0 Poplar Heights - 148.0 Hiddenbrook
Hiddenbrook,Week3,Hunter Mill,Week1,269.0 Hunter Mill - 133.0 Hiddenbrook
Hiddenbrook,Week2,Woodley,Week3,201.0 Woodley - 200.0 Hiddenbrook
High Point Pool,Week3,Villa Aquatic,Week2,246.0 High Point Pool - 156.0 Villa Aquatic
Highland Park,Week3,Commonwealth,Week3,226.0 Highland Park - 176.0 Commonwealth
High Point Pool,Week5,Bren Mar-Edsall Park,Week2,364.0 High Point Pool - 38.0 Bren Mar-Edsall Park
Highland Park,Week3,Commonwealth,Week2,209.0 Highland Park - 193.0 Commonwealth
High Point Pool,Week3,Poplar Heights,Week1,212.0 High Point Pool - 190.0 Poplar Heights
High Point Pool,Week4,Villa Aquatic,Week1,252.5 High Point Pool - 149.5 Villa Aquatic
High Point Pool,Week1,Sully Station,Week4,214.0 Sully Station - 188.0 High Point Pool
High Point Pool,Week4,Villa Aquatic,Week3,217.0 High Point Pool - 185.0 Villa Aquatic
Hiddenbrook,Week3,Woodley,Week2,249.0 Hiddenbrook - 153.0 Woodley
High Point Pool,Week1,Hayfield Farm,Week5,236.0 High Point Pool - 166.0 Hayfield Farm
High Point Pool,Week5,Hayfield Farm,Week2,263.0 High Point Pool - 139.0 Hayfield Farm
Hiddenbrook,Week5,Pleasant Valley,Week2,309.0 Hiddenbrook - 92.0 Pleasant Valley
Hiddenbrook,Week3,Woodley,Week3,252.0 Hiddenbrook - 150.0 Woodley
Hiddenbrook,Week3,Hunter Mill,Week3,278.0 Hunter Mill - 124.0 Hiddenbrook
Hiddenbrook,Week1,Poplar Heights,Week2,272.0 Poplar Heights - 130.0 Hiddenbrook
High Point Pool,Week4,Village West,Week3,280.0 High Point Pool - 122.0 Village West
High Point Pool,Week1,Brookfield ,Week1,225.0 High Point Pool - 177.0 Brookfield
Hiddenbrook,Week2,Poplar Heights,Week2,309.0 Poplar Heights - 93.0 Hiddenbrook
Highland Park,Week4,Commonwealth,Week3,266.0 Highland Park - 136.0 Commonwealth
High Point Pool,Week3,Brookfield ,Week5,256.0 High Point Pool - 146.0 Brookfield
High Point Pool,Week2,Brookfield ,Week4,251.0 High Point Pool - 151.0 Brookfield
High Point Pool,Week4,Villa Aquatic,Week5,226.0 High Point Pool - 176.0 Villa Aquatic
High Point Pool,Week2,Poplar Heights,Week3,212.0 High Point Pool - 190.0 Poplar Heights
Hiddenbrook,Week2,Poplar Heights,Week5,322.0 Poplar Heights - 80.0 Hiddenbrook
High Point Pool,Week5,Bren Mar-Edsall Park,Week3,363.0 High Point Pool - 39.0 Bren Mar-Edsall Park
High Point Pool,Week2,Poplar Tree,Week3,205.0 High Point Pool - 197.0 Poplar Tree
Highland Park,Week4,Cottontail,Week3,254.5 Highland Park - 147.5 Cottontail
High Point Pool,Week5,Poplar Heights,Week1,218.0 High Point Pool - 184.0 Poplar Heights
High Point Pool,Week2,Poplar Tree,Week5,221.0 Poplar Tree - 181.0 High Point Pool
High Point Pool,Week2,Villa Aquatic,Week1,267.0 High Point Pool - 135.0 Villa Aquatic
Hiddenbrook,Week4,Pleasant Valley,Week4,280.0 Hiddenbrook - 117.0 Pleasant Valley
High Point Pool,Week2,Village West,Week1,311.0 High Point Pool - 91.0 Village West
High Point Pool,Week3,Hayfield Farm,Week4,234.0 High Point Pool - 168.0 Hayfield Farm
Hiddenbrook,Week4,Hunter Mill,Week3,267.0 Hunter Mill - 135.0 Hiddenbrook
High Point Pool,Week1,Brookfield ,Week2,256.0 High Point Pool - 146.0 Brookfield
High Point Pool,Week5,Hayfield Farm,Week3,242.0 High Point Pool - 160.0 Hayfield Farm
Highland Park,Week4,Commonwealth,Week2,252.0 Highland Park - 150.0 Commonwealth
Hiddenbrook,Week4,Woodley,Week4,245.0 Hiddenbrook - 157.0 Woodley
Highland Park,Week3,Cottontail,Week2,215.0 Highland Park - 187.0 Cottontail
Highland Park,Week2,Cottontail,Week1,226.0 Highland Park - 176.0 Cottontail
Hiddenbrook,Week5,Hunter Mill,Week3,256.5 Hunter Mill - 145.5 Hiddenbrook
Hiddenbrook,Week3,Woodley,Week5,228.5 Hiddenbrook - 173.5 Woodley
High Point Pool,Week1,Village West,Week2,290.0 High Point Pool - 112.0 Village West
Hiddenbrook,Week4,Woodley,Week3,250.0 Hiddenbrook - 152.0 Woodley
Highland Park,Week3,Commonwealth,Week4,240.0 Highland Park - 162.0 Commonwealth
High Point Pool,Week2,Brookfield ,Week5,254.0 High Point Pool - 148.0 Brookfield
Hiddenbrook,Week4,Hunter Mill,Week1,273.0 Hunter Mill - 129.0 Hiddenbrook
Hiddenbrook,Week4,Woodley,Week1,253.0 Hiddenbrook - 149.0 Woodley
Hiddenbrook,Week3,Hunter Mill,Week4,287.0 Hunter Mill - 115.0 Hiddenbrook
High Point Pool,Week1,Brookfield ,Week4,242.0 High Point Pool - 160.0 Brookfield
Highland Park,Week5,Commonwealth,Week1,276.5 Highland Park - 125.5 Commonwealth
High Point Pool,Week5,Hayfield Farm,Week1,264.5 High Point Pool - 137.5 Hayfield Farm
High Point Pool,Week4,Villa Aquatic,Week2,246.0 High Point Pool - 156.0 Villa Aquatic
High Point Pool,Week2,Hayfield Farm,Week2,266.0 High Point Pool - 136.0 Hayfield Farm
Hiddenbrook,Week3,Woodley,Week4,244.0 Hiddenbrook - 153.0 Woodley
Hiddenbrook,Week5,Hunter Mill,Week1,246.0 Hunter Mill - 156.0 Hiddenbrook
Hiddenbrook,Week4,Pleasant Valley,Week2,276.0 Hiddenbrook - 124.0 Pleasant Valley
High Point Pool,Week3,Poplar Heights,Week5,201.0 High Point Pool - 201.0 Poplar Heights
High Point Pool,Week5,Poplar Heights,Week4,209.0 Poplar Heights - 193.0 High Point Pool
Hiddenbrook,Week3,Poplar Heights,Week3,278.0 Poplar Heights - 124.0 Hiddenbrook
Highland Park,Week4,Commonwealth,Week4,279.0 Highland Park - 123.0 Commonwealth
High Point Pool,Week2,Hayfield Farm,Week3,237.0 High Point Pool - 165.0 Hayfield Farm
High Point Pool,Week1,Poplar Tree,Week1,229.0 Poplar Tree - 173.0 High Point Pool
High Point Pool,Week5,Hayfield Farm,Week4,254.0 High Point Pool - 148.0 Hayfield Farm
High Point Pool,Week3,Village West,Week2,299.0 High Point Pool - 103.0 Village West
Hiddenbrook,Week5,Hunter Mill,Week4,265.5 Hunter Mill - 136.5 Hiddenbrook
High Point Pool,Week4,Brookfield ,Week3,252.0 High Point Pool - 150.0 Brookfield
High Point Pool,Week2,Brookfield ,Week2,268.0 High Point Pool - 134.0 Brookfield
High Point Pool,Week3,Village West,Week3,279.0 High Point Pool - 123.0 Village West
High Point Pool,Week2,Poplar Tree,Week1,202.0 Poplar Tree - 200.0 High Point Pool
Hiddenbrook,Week4,Woodley,Week5,232.0 Hiddenbrook - 170.0 Woodley
High Point Pool,Week1,Village West,Week5,278.0 High Point Pool - 124.0 Village West
High Point Pool,Week3,Poplar Heights,Week4,202.0 High Point Pool - 200.0 Poplar Heights
High Point Pool,Week1,Annandale,Week1,299.0 High Point Pool - 103.0 Annandale
Hiddenbrook,Week3,Poplar Heights,Week4,275.0 Poplar Heights - 127.0 Hiddenbrook
High Point Pool,Week5,Bren Mar-Edsall Park,Week4,359.0 High Point Pool - 43.0 Bren Mar-Edsall Park
Hiddenbrook,Week3,Poplar Heights,Week2,261.0 Poplar Heights - 141.0 Hiddenbrook
Hiddenbrook,Week1,Ilda Community,Week2,234.0 Hiddenbrook - 168.0 Ilda Community
Hiddenbrook,Week5,Hunter Mill,Week2,267.0 Hunter Mill - 135.0 Hiddenbrook
High Point Pool,Week5,Hayfield Farm,Week5,252.0 High Point Pool - 150.0 Hayfield Farm
Highland Park,Week1,Cottontail,Week2,256.0 Highland Park - 146.0 Cottontail
Hiddenbrook,Week5,Woodley,Week3,278.0 Hiddenbrook - 124.0 Woodley
High Point Pool,Week3,Hayfield Farm,Week2,244.0 High Point Pool - 158.0 Hayfield Farm
High Point Pool,Week3,Hayfield Farm,Week5,240.0 High Point Pool - 162.0 Hayfield Farm
High Point Pool,Week2,Brookfield ,Week3,272.0 High Point Pool - 130.0 Brookfield
High Point Pool,Week1,Hayfield Farm,Week3,212.0 High Point Pool - 190.0 Hayfield Farm
Hiddenbrook,Week4,Poplar Heights,Week2,259.0 Poplar Heights - 143.0 Hiddenbrook
Hiddenbrook,Week5,Woodley,Week5,250.0 Hiddenbrook - 152.0 Woodley
Hiddenbrook,Week2,Hunter Mill,Week4,312.0 Hunter Mill - 90.0 Hiddenbrook
Hiddenbrook,Week3,Poplar Heights,Week5,279.0 Poplar Heights - 123.0 Hiddenbrook
High Point Pool,Week1,Annandale,Week5,281.0 High Point Pool - 121.0 Annandale
Hiddenbrook,Week3,Hunter Mill,Week2,272.0 Hunter Mill - 130.0 Hiddenbrook
Hiddenbrook,Week2,Hunter Mill,Week3,309.0 Hunter Mill - 92.0 Hiddenbrook
High Point Pool,Week1,Village West,Week3,266.0 High Point Pool - 136.0 Village West
Highland Park,Week1,Cottontail,Week5,237.0 Highland Park - 165.0 Cottontail
High Point Pool,Week1,Annandale,Week4,297.0 High Point Pool - 105.0 Annandale
High Point Pool,Week5,Village West,Week3,270.0 High Point Pool - 132.0 Village West
High Point Pool,Week1,Poplar Heights,Week5,211.0 Poplar Heights - 191.0 High Point Pool
Highland Park,Week3,Cottontail,Week1,220.0 Highland Park - 182.0 Cottontail
High Point Pool,Week1,Brookfield ,Week3,261.0 High Point Pool - 141.0 Brookfield
Highland Park,Week5,Commonwealth,Week5,245.0 Highland Park - 157.0 Commonwealth
High Point Pool,Week4,Poplar Heights,Week5,207.0 High Point Pool - 195.0 Poplar Heights
High Point Pool,Week2,Poplar Heights,Week5,210.5 High Point Pool - 191.5 Poplar Heights
Hiddenbrook,Week5,Pleasant Valley,Week3,282.0 Hiddenbrook - 120.0 Pleasant Valley
High Point Pool,Week5,Villa Aquatic,Week4,228.0 High Point Pool - 174.0 Villa Aquatic
Highland Park,Week5,Commonwealth,Week3,242.0 Highland Park - 160.0 Commonwealth
High Point Pool,Week3,Brookfield ,Week2,242.0 High Point Pool - 160.0 Brookfield
Highland Park,Week3,Cottontail,Week5,211.0 Highland Park - 191.0 Cottontail
Hiddenbrook,Week5,Poplar Tree,Week3,251.0 Poplar Tree - 151.0 Hiddenbrook
High Point Pool,Week2,Hiddenbrook,Week2,323.5 High Point Pool - 78.5 Hiddenbrook
High Point Pool,Week2,Annandale,Week2,305.0 High Point Pool - 97.0 Annandale
High Point Pool,Week2,Annandale,Week1,320.0 High Point Pool - 82.0 Annandale
High Point Pool,Week4,Broyhill Crest,Week2,372.0 High Point Pool - 30.0 Broyhill Crest
Highland Park,Week1,Cottontail,Week3,260.0 Highland Park - 142.0 Cottontail
High Point Pool,Week2,Village West,Week3,284.0 High Point Pool - 118.0 Village West
High Point Pool,Week4,Brookfield ,Week1,226.0 High Point Pool - 176.0 Brookfield
High Point Pool,Week2,Poplar Heights,Week2,205.0 High Point Pool - 197.0 Poplar Heights
High Point Pool,Week3,Poplar Heights,Week2,202.0 High Point Pool - 200.0 Poplar Heights
Hiddenbrook,Week4,Hunter Mill,Week5,282.0 Hunter Mill - 120.0 Hiddenbrook
Hiddenbrook,Week4,Lakevale Estates,Week2,302.0 Lakevale Estates - 100.0 Hiddenbrook
Hiddenbrook,Week5,Woodley,Week1,262.0 Hiddenbrook - 140.0 Woodley
High Point Pool,Week1,Annandale,Week3,282.0 High Point Pool - 120.0 Annandale
High Point Pool,Week5,Villa Aquatic,Week2,247.0 High Point Pool - 155.0 Villa Aquatic
High Point Pool,Week3,Village West,Week1,294.0 High Point Pool - 108.0 Village West
Hiddenbrook,Week3,Poplar Tree,Week4,242.0 Poplar Tree - 160.0 Hiddenbrook
Hiddenbrook,Week2,Hunter Mill,Week5,333.0 Hunter Mill - 69.0 Hiddenbrook
Hiddenbrook,Week4,Poplar Heights,Week3,273.0 Poplar Heights - 129.0 Hiddenbrook
Highland Park,Week2,Cottontail,Week2,237.0 Highland Park - 165.0 Cottontail
High Point Pool,Week1,Herndon,Week3,320.0 High Point Pool - 82.0 Herndon
High Point Pool,Week2,Broyhill Crest,Week1,372.0 High Point Pool - 30.0 Broyhill Crest
Hiddenbrook,Week1,Lakeview,Week5,246.0 Hiddenbrook - 147.0 Lakeview
High Point Pool,Week2,Annandale,Week4,318.0 High Point Pool - 84.0 Annandale
Hiddenbrook,Week4,Lakevale Estates,Week3,306.0 Lakevale Estates - 96.0 Hiddenbrook
High Point Pool,Week2,Village West,Week4,292.0 High Point Pool - 105.0 Village West
Hiddenbrook,Week5,Lakevale Estates,Week4,313.0 Lakevale Estates - 89.0 Hiddenbrook
Hiddenbrook,Week4,Poplar Heights,Week5,284.0 Poplar Heights - 118.0 Hiddenbrook
Hiddenbrook,Week5,Poplar Heights,Week2,252.0 Poplar Heights - 150.0 Hiddenbrook
Hiddenbrook,Week1,Ilda Community,Week3,251.0 Hiddenbrook - 151.0 Ilda Community
High Point Pool,Week2,Herndon,Week2,342.5 High Point Pool - 59.5 Herndon
Highland Park,Week4,Commonwealth,Week1,291.0 Highland Park - 111.0 Commonwealth
High Point Pool,Week4,Poplar Heights,Week4,203.5 High Point Pool - 198.5 Poplar Heights
Hiddenbrook,Week2,Ilda Community,Week4,231.0 Ilda Community - 167.0 Hiddenbrook
High Point Pool,Week1,Hiddenbrook,Week2,310.0 High Point Pool - 92.0 Hiddenbrook
High Point Pool,Week4,Hayfield Farm,Week3,233.0 High Point Pool - 169.0 Hayfield Farm
Highland Park,Week2,Cottontail,Week3,242.0 Highland Park - 160.0 Cottontail
High Point Pool,Week2,Annandale,Week3,303.0 High Point Pool - 99.0 Annandale
High Point Pool,Week1,Herndon,Week2,321.0 High Point Pool - 81.0 Herndon
High Point Pool,Week4,Poplar Heights,Week2,208.0 High Point Pool - 194.0 Poplar Heights
Hiddenbrook,Week3,Hunter Mill,Week5,288.0 Hunter Mill - 114.0 Hiddenbrook
High Point Pool,Week3,Brookfield ,Week3,250.0 High Point Pool - 152.0 Brookfield
High Point Pool,Week4,Poplar Heights,Week1,203.0 High Point Pool - 199.0 Poplar Heights
High Point Pool,Week3,Broyhill Crest,Week2,372.0 High Point Pool - 30.0 Broyhill Crest
Hiddenbrook,Week3,Poplar Tree,Week2,249.0 Poplar Tree - 148.0 Hiddenbrook
High Point Pool,Week2,Village West,Week2,306.5 High Point Pool - 95.5 Village West
High Point Pool,Week4,Brookfield ,Week4,236.0 High Point Pool - 166.0 Brookfield
Hiddenbrook,Week3,Lakevale Estates,Week1,293.0 Lakevale Estates - 109.0 Hiddenbrook
Hiddenbrook,Week2,Ilda Community,Week2,232.0 Ilda Community - 169.0 Hiddenbrook
High Point Pool,Week2,Poplar Heights,Week4,212.0 High Point Pool - 190.0 Poplar Heights
High Point Pool,Week4,Village West,Week4,282.0 High Point Pool - 115.0 Village West
High Point Pool,Week1,Annandale,Week2,286.0 High Point Pool - 116.0 Annandale
Highland Park,Week5,Commonwealth,Week4,273.0 Highland Park - 129.0 Commonwealth
Hiddenbrook,Week2,Poplar Tree,Week2,281.0 Poplar Tree - 115.0 Hiddenbrook
High Point Pool,Week1,Brookfield ,Week5,249.0 High Point Pool - 153.0 Brookfield
Hiddenbrook,Week5,Poplar Heights,Week4,259.0 Poplar Heights - 143.0 Hiddenbrook
Hiddenbrook,Week5,Woodley,Week4,270.0 Hiddenbrook - 132.0 Woodley
High Point Pool,Week2,Herndon,Week3,344.0 High Point Pool - 58.0 Herndon
High Point Pool,Week5,Poplar Heights,Week3,203.0 High Point Pool - 199.0 Poplar Heights
High Point Pool,Week5,Poplar Heights,Week2,213.0 Poplar Heights - 189.0 High Point Pool
High Point Pool,Week3,Herndon,Week1,342.0 High Point Pool - 59.0 Herndon
High Point Pool,Week5,Villa Aquatic,Week5,218.0 High Point Pool - 184.0 Villa Aquatic
Hiddenbrook,Week5,Lakevale Estates,Week5,300.0 Lakevale Estates - 102.0 Hiddenbrook
Hiddenbrook,Week5,Hunter Mill,Week5,272.0 Hunter Mill - 130.0 Hiddenbrook
Highland Park,Week3,Commonwealth,Week5,242.0 Highland Park - 160.0 Commonwealth
High Point Pool,Week5,Herndon,Week1,333.0 High Point Pool - 64.0 Herndon
High Point Pool,Week1,Broyhill Crest,Week1,354.0 High Point Pool - 48.0 Broyhill Crest
Hiddenbrook,Week3,Lakevale Estates,Week4,327.0 Lakevale Estates - 75.0 Hiddenbrook
Hiddenbrook,Week4,Ilda Community,Week3,234.0 Hiddenbrook - 168.0 Ilda Community
High Point Pool,Week4,Village West,Week2,295.0 High Point Pool - 107.0 Village West
Highland Park,Week4,Cottontail,Week1,239.0 Highland Park - 163.0 Cottontail
Hiddenbrook,Week1,Kent Gardens,Week5,291.0 Kent Gardens - 111.0 Hiddenbrook
Hiddenbrook,Week3,Poplar Tree,Week1,267.0 Poplar Tree - 135.0 Hiddenbrook
Hiddenbrook,Week2,Lakevale Estates,Week5,336.0 Lakevale Estates - 66.0 Hiddenbrook
Hiddenbrook,Week1,Poplar Tree,Week2,266.0 Poplar Tree - 136.0 Hiddenbrook
Highland Park,Week4,Cottontail,Week2,253.0 Highland Park - 149.0 Cottontail
Highland Park,Week1,Cottontail,Week1,253.0 Highland Park - 149.0 Cottontail
High Point Pool,Week5,Poplar Heights,Week5,207.0 Poplar Heights - 195.0 High Point Pool
Highland Park,Week2,Cottontail,Week4,235.0 Highland Park - 167.0 Cottontail
High Point Pool,Week4,Herndon,Week2,334.0 High Point Pool - 68.0 Herndon
High Point Pool,Week3,Brookfield ,Week4,230.0 High Point Pool - 172.0 Brookfield
High Point Pool,Week5,Bren Mar-Edsall Park,Week5,356.5 High Point Pool - 44.5 Bren Mar-Edsall Park
Hiddenbrook,Week5,Woodley,Week2,261.0 Hiddenbrook - 141.0 Woodley
High Point Pool,Week2,Herndon,Week4,346.0 High Point Pool - 56.0 Herndon
Hiddenbrook,Week3,Ilda Community,Week3,233.5 Hiddenbrook - 168.5 Ilda Community
High Point Pool,Week1,Poplar Tree,Week3,221.0 Poplar Tree - 181.0 High Point Pool
Hiddenbrook,Week3,Ilda Community,Week2,224.0 Hiddenbrook - 178.0 Ilda Community
High Point Pool,Week2,Brookfield ,Week1,251.0 High Point Pool - 151.0 Brookfield
Hiddenbrook,Week3,Lakevale Estates,Week5,311.0 Lakevale Estates - 91.0 Hiddenbrook
High Point Pool,Week2,Arlington Forest,Week2,261.0 High Point Pool - 141.0 Arlington Forest
High Point Pool,Week1,Poplar Tree,Week2,218.0 Poplar Tree - 184.0 High Point Pool
Hiddenbrook,Week3,Ilda Community,Week1,230.0 Hiddenbrook - 172.0 Ilda Community
Hiddenbrook,Week1,Poplar Tree,Week4,269.0 Poplar Tree - 133.0 Hiddenbrook
High Point Pool,Week4,Village West,Week1,281.0 High Point Pool - 121.0 Village West
High Point Pool,Week4,Village West,Week5,297.0 High Point Pool - 105.0 Village West
High Point Pool,Week2,Village West,Week5,305.0 High Point Pool - 97.0 Village West
Hiddenbrook,Week1,Poplar Tree,Week1,282.0 Poplar Tree - 120.0 Hiddenbrook
High Point Pool,Week2,Arlington Forest,Week1,253.0 High Point Pool - 149.0 Arlington Forest
Hiddenbrook,Week5,Lakevale Estates,Week3,298.0 Lakevale Estates - 104.0 Hiddenbrook
Hiddenbrook,Week2,Poplar Tree,Week3,306.0 Poplar Tree - 92.0 Hiddenbrook
High Point Pool,Week5,Villa Aquatic,Week3,225.0 High Point Pool - 177.0 Villa Aquatic
High Point Pool,Week1,Poplar Tree,Week5,228.0 Poplar Tree - 174.0 High Point Pool
Highland Park,Week1,Cottontail,Week4,250.0 Highland Park - 152.0 Cottontail
Hiddenbrook,Week5,Ilda Community,Week1,252.0 Hiddenbrook - 150.0 Ilda Community
High Point Pool,Week1,Hiddenbrook,Week5,247.0 High Point Pool - 155.0 Hiddenbrook
High Point Pool,Week5,Parklawn,Week3,303.0 High Point Pool - 98.0 Parklawn
High Point Pool,Week1,Village West,Week1,286.0 High Point Pool - 116.0 Village West
High Point Pool,Week3,Village West,Week5,290.0 High Point Pool - 112.0 Village West
Hiddenbrook,Week4,Ilda Community,Week4,216.0 Hiddenbrook - 186.0 Ilda Community
Hiddenbrook,Week1,Kent Gardens,Week3,236.0 Kent Gardens - 166.0 Hiddenbrook
Hiddenbrook,Week2,High Point Pool,Week3,316.0 High Point Pool - 82.0 Hiddenbrook
Hiddenbrook,Week2,High Point Pool,Week1,310.0 High Point Pool - 92.0 Hiddenbrook
High Point Pool,Week3,Annandale,Week2,306.0 High Point Pool - 96.0 Annandale
High Point Pool,Week1,Hiddenbrook,Week1,279.0 High Point Pool - 123.0 Hiddenbrook
Highland Park,Week4,Commonwealth,Week5,258.0 Highland Park - 144.0 Commonwealth
Hiddenbrook,Week5,Lakevale Estates,Week1,278.0 Lakevale Estates - 124.0 Hiddenbrook
High Point Pool,Week4,Brookfield ,Week2,254.0 High Point Pool - 148.0 Brookfield
Highland Park,Week2,Cottontail,Week5,213.0 Highland Park - 189.0 Cottontail
High Point Pool,Week3,Poplar Heights,Week3,205.0 High Point Pool - 197.0 Poplar Heights
High Point Pool,Week3,Brookfield ,Week1,216.0 High Point Pool - 186.0 Brookfield
High Point Pool,Week3,Herndon,Week5,347.0 High Point Pool - 54.0 Herndon
High Point Pool,Week1,Village West,Week4,277.0 High Point Pool - 119.0 Village West
High Point Pool,Week3,Annandale,Week3,288.0 High Point Pool - 114.0 Annandale
High Point Pool,Week2,Poplar Tree,Week2,202.0 High Point Pool - 200.0 Poplar Tree
High Point Pool,Week4,Parklawn,Week3,298.0 High Point Pool - 104.0 Parklawn
Hiddenbrook,Week4,Lakevale Estates,Week5,311.0 Lakevale Estates - 91.0 Hiddenbrook
Hiddenbrook,Week2,Kent Gardens,Week1,304.0 Kent Gardens - 98.0 Hiddenbrook
Hiddenbrook,Week1,Poplar Tree,Week3,283.5 Poplar Tree - 118.5 Hiddenbrook
High Point Pool,Week4,Annandale,Week1,306.0 High Point Pool - 96.0 Annandale
High Point Pool,Week2,Poplar Tree,Week4,209.0 High Point Pool - 193.0 Poplar Tree
Hiddenbrook,Week1,Lakeview,Week4,238.0 Hiddenbrook - 164.0 Lakeview
High Point Pool,Week1,Parklawn,Week4,264.0 High Point Pool - 138.0 Parklawn
Hiddenbrook,Week2,Poplar Tree,Week1,302.0 Poplar Tree - 96.0 Hiddenbrook
High Point Pool,Week3,Herndon,Week3,334.0 High Point Pool - 67.0 Herndon
High Point Pool,Week5,Brookfield ,Week1,219.0 High Point Pool - 183.0 Brookfield
High Point Pool,Week3,Annandale,Week5,296.0 High Point Pool - 106.0 Annandale
Hiddenbrook,Week4,Lakevale Estates,Week4,321.0 Lakevale Estates - 81.0 Hiddenbrook
Highland Park,Week3,Cottontail,Week3,228.0 Highland Park - 174.0 Cottontail
Hiddenbrook,Week2,Lakeview,Week1,231.0 Hiddenbrook - 171.0 Lakeview
High Point Pool,Week4,Annandale,Week2,311.0 High Point Pool - 91.0 Annandale
High Point Pool,Week1,Broyhill Crest,Week2,356.0 High Point Pool - 46.0 Broyhill Crest
Hiddenbrook,Week4,Ilda Community,Week2,229.0 Hiddenbrook - 173.0 Ilda Community
Highland Park,Week5,Commonwealth,Week2,240.0 Highland Park - 162.0 Commonwealth
Hiddenbrook,Week5,Poplar Heights,Week3,250.0 Poplar Heights - 152.0 Hiddenbrook
High Point Pool,Week5,Village West,Week2,293.0 High Point Pool - 108.0 Village West
High Point Pool,Week4,Herndon,Week5,346.0 High Point Pool - 56.0 Herndon
Hiddenbrook,Week2,Poplar Tree,Week4,264.0 Poplar Tree - 134.0 Hiddenbrook
High Point Pool,Week2,Parklawn,Week2,286.0 High Point Pool - 115.0 Parklawn
High Point Pool,Week1,Poplar Tree,Week4,214.0 High Point Pool - 188.0 Poplar Tree
High Point Pool,Week5,Brookfield ,Week5,233.0 High Point Pool - 169.0 Brookfield
High Point Pool,Week5,Herndon,Week3,332.0 High Point Pool - 70.0 Herndon
High Point Pool,Week2,Herndon,Week1,345.0 High Point Pool - 57.0 Herndon
High Point Pool,Week2,Parliament,Week2,249.0 High Point Pool - 153.0 Parliament
High Point Pool,Week4,Herndon,Week3,335.0 High Point Pool - 67.0 Herndon
High Point Pool,Week3,Ravensworth Farm,Week2,226.0 High Point Pool - 176.0 Ravensworth Farm
High Point Pool,Week3,Poplar Tree,Week2,201.0 High Point Pool - 201.0 Poplar Tree
High Point Pool,Week3,Village West,Week4,275.0 High Point Pool - 122.0 Village West
High Point Pool,Week2,Annandale,Week5,302.0 High Point Pool - 100.0 Annandale
Hiddenbrook,Week5,Lakevale Estates,Week2,282.0 Lakevale Estates - 120.0 Hiddenbrook
High Point Pool,Week1,Parliament,Week2,227.0 High Point Pool - 175.0 Parliament
Hiddenbrook,Week5,Ilda Community,Week4,232.0 Hiddenbrook - 170.0 Ilda Community
High Point Pool,Week5,Village West,Week4,278.0 High Point Pool - 119.0 Village West
Hiddenbrook,Week2,Lakeview,Week2,221.0 Hiddenbrook - 181.0 Lakeview
High Point Pool,Week1,Broyhill Crest,Week5,345.0 High Point Pool - 57.0 Broyhill Crest
Hiddenbrook,Week2,Poplar Tree,Week5,316.0 Poplar Tree - 85.0 Hiddenbrook
Highland Park,Week4,Cottontail,Week4,258.0 Highland Park - 144.0 Cottontail
High Point Pool,Week1,Broyhill Crest,Week3,354.0 High Point Pool - 48.0 Broyhill Crest
High Point Pool,Week1,Ravensworth Farm,Week2,225.0 High Point Pool - 177.0 Ravensworth Farm
Highland Park,Week3,Cottontail,Week4,228.0 Highland Park - 164.0 Cottontail
Hiddenbrook,Week5,Poplar Heights,Week5,255.0 Poplar Heights - 147.0 Hiddenbrook
Hiddenbrook,Week2,Lakeview,Week3,203.0 Lakeview - 198.0 Hiddenbrook
High Point Pool,Week3,Annandale,Week4,313.0 High Point Pool - 89.0 Annandale
Hiddenbrook,Week1,High Point Pool,Week4,280.0 High Point Pool - 122.0 Hiddenbrook
Hiddenbrook,Week2,Ilda Community,Week3,201.0 Ilda Community - 192.0 Hiddenbrook
High Point Pool,Week5,Village West,Week5,284.0 High Point Pool - 118.0 Village West
High Point Pool,Week5,Herndon,Week2,337.0 High Point Pool - 64.0 Herndon
High Point Pool,Week4,Annandale,Week4,319.5 High Point Pool - 82.5 Annandale
High Point Pool,Week2,Broyhill Crest,Week2,370.0 High Point Pool - 32.0 Broyhill Crest
Hiddenbrook,Week1,Poplar Tree,Week5,304.0 Poplar Tree - 98.0 Hiddenbrook
High Point Pool,Week2,Parklawn,Week1,314.0 High Point Pool - 79.0 Parklawn
High Point Pool,Week4,Annandale,Week3,300.0 High Point Pool - 102.0 Annandale
Hiddenbrook,Week3,High Point Pool,Week4,265.0 High Point Pool - 137.0 Hiddenbrook
High Point Pool,Week1,Parklawn,Week2,271.0 High Point Pool - 131.0 Parklawn
Hiddenbrook,Week3,Poplar Tree,Week3,269.0 Poplar Tree - 133.0 Hiddenbrook
High Point Pool,Week2,Hiddenbrook,Week1,294.0 High Point Pool - 108.0 Hiddenbrook
Hiddenbrook,Week1,Lakeview,Week3,254.0 Hiddenbrook - 148.0 Lakeview
Hiddenbrook,Week3,Ilda Community,Week5,225.0 Hiddenbrook - 177.0 Ilda Community
Hiddenbrook,Week3,Lakevale Estates,Week2,300.0 Lakevale Estates - 102.0 Hiddenbrook
Highland Park,Week3,Country Club Hills,Week3,241.0 Highland Park - 161.0 Country Club Hills
High Point Pool,Week2,Parliament,Week4,252.0 High Point Pool - 150.0 Parliament
High Point Pool,Week3,Poplar Tree,Week4,220.0 High Point Pool - 181.0 Poplar Tree
Hiddenbrook,Week3,High Point Pool,Week2,289.0 High Point Pool - 113.0 Hiddenbrook
Hiddenbrook,Week1,High Point Pool,Week5,278.0 High Point Pool - 124.0 Hiddenbrook
High Point Pool,Week5,Village West,Week1,290.0 High Point Pool - 112.0 Village West
Highland Park,Week4,Cottontail,Week5,230.0 Highland Park - 172.0 Cottontail
High Point Pool,Week2,Broyhill Crest,Week3,373.0 High Point Pool - 29.0 Broyhill Crest
Hiddenbrook,Week2,Ilda Community,Week5,222.0 Ilda Community - 179.0 Hiddenbrook
High Point Pool,Week1,Virginia Hills,Week1,352.0 High Point Pool - 50.0 Virginia Hills
High Point Pool,Week1,Ravensworth Farm,Week4,207.0 High Point Pool - 195.0 Ravensworth Farm
High Point Pool,Week1,Parklawn,Week5,268.0 High Point Pool - 134.0 Parklawn
High Point Pool,Week1,Arlington Forest,Week1,220.0 High Point Pool - 182.0 Arlington Forest
High Point Pool,Week3,Parklawn,Week1,301.0 High Point Pool - 92.0 Parklawn
High Point Pool,Week4,Poplar Tree,Week4,228.0 High Point Pool - 174.0 Poplar Tree
Hiddenbrook,Week4,Lakevale Estates,Week1,293.0 Lakevale Estates - 109.0 Hiddenbrook
Hiddenbrook,Week4,Poplar Tree,Week3,268.0 Poplar Tree - 134.0 Hiddenbrook
High Point Pool,Week5,Annandale,Week3,294.0 High Point Pool - 108.0 Annandale
High Point Pool,Week1,Ravensworth Farm,Week1,212.0 High Point Pool - 190.0 Ravensworth Farm
High Point Pool,Week2,Broyhill Crest,Week5,366.0 High Point Pool - 36.0 Broyhill Crest
High Point Pool,Week1,Virginia Hills,Week2,355.0 High Point Pool - 42.0 Virginia Hills
High Point Pool,Week3,Herndon,Week4,338.0 High Point Pool - 63.0 Herndon
High Point Pool,Week5,Poplar Tree,Week2,226.0 High Point Pool - 176.0 Poplar Tree
Hiddenbrook,Week4,Poplar Tree,Week2,259.0 Poplar Tree - 138.0 Hiddenbrook
Highland Park,Week5,Cottontail,Week3,243.0 Highland Park - 159.0 Cottontail
High Point Pool,Week4,Herndon,Week1,325.0 High Point Pool - 77.0 Herndon
High Point Pool,Week2,Virginia Hills,Week2,366.0 High Point Pool - 36.0 Virginia Hills
Hiddenbrook,Week4,Ilda Community,Week5,236.0 Hiddenbrook - 166.0 Ilda Community
Hiddenbrook,Week4,Ilda Community,Week1,243.5 Hiddenbrook - 158.5 Ilda Community
High Point Pool,Week5,Brookfield ,Week2,243.0 High Point Pool - 159.0 Brookfield
High Point Pool,Week2,Hiddenbrook,Week3,289.0 High Point Pool - 113.0 Hiddenbrook
Hiddenbrook,Week1,Ilda Community,Week5,220.0 Hiddenbrook - 181.0 Ilda Community
Hiddenbrook,Week2,Lakeview,Week4,214.0 Lakeview - 188.0 Hiddenbrook
Highland Park,Week4,Country Club Hills,Week4,276.0 Highland Park - 126.0 Country Club Hills
Hiddenbrook,Week2,Lakeview,Week5,196.0 Hiddenbrook - 196.0 Lakeview
High Point Pool,Week3,Broyhill Crest,Week3,377.0 High Point Pool - 24.0 Broyhill Crest
High Point Pool,Week4,Virginia Hills,Week5,354.0 High Point Pool - 47.0 Virginia Hills
Highland Park,Week1,Country Club Hills,Week1,263.0 Highland Park - 139.0 Country Club Hills
Hiddenbrook,Week1,High Point Pool,Week2,294.0 High Point Pool - 108.0 Hiddenbrook
Hiddenbrook,Week4,Poplar Tree,Week1,269.0 Poplar Tree - 133.0 Hiddenbrook
Hiddenbrook,Week3,Poplar Tree,Week5,283.0 Poplar Tree - 119.0 Hiddenbrook
High Point Pool,Week3,Parklawn,Week2,277.5 High Point Pool - 123.5 Parklawn
Hiddenbrook,Week5,Ilda Community,Week5,263.0 Hiddenbrook - 139.0 Ilda Community
High Point Pool,Week5,Annandale,Week5,295.0 High Point Pool - 107.0 Annandale
High Point Pool,Week3,Virginia Hills,Week3,371.0 High Point Pool - 31.0 Virginia Hills
High Point Pool,Week3,Broyhill Crest,Week1,372.0 High Point Pool - 30.0 Broyhill Crest
High Point Pool,Week1,Herndon,Week5,316.0 High Point Pool - 86.0 Herndon
High Point Pool,Week4,Poplar Tree,Week2,218.0 High Point Pool - 184.0 Poplar Tree
High Point Pool,Week2,Parklawn,Week4,282.5 High Point Pool - 117.5 Parklawn
High Point Pool,Week3,Annandale,Week1,304.0 High Point Pool - 98.0 Annandale
Highland Park,Week4,Country Club Hills,Week3,268.0 Highland Park - 134.0 Country Club Hills
Hiddenbrook,Week3,Lakevale Estates,Week3,307.0 Lakevale Estates - 95.0 Hiddenbrook
High Point Pool,Week3,Broyhill Crest,Week5,364.0 High Point Pool - 38.0 Broyhill Crest
High Point Pool,Week1,Broyhill Crest,Week4,347.0 High Point Pool - 55.0 Broyhill Crest
High Point Pool,Week5,Annandale,Week1,301.0 High Point Pool - 101.0 Annandale
Hiddenbrook,Week1,High Point Pool,Week3,287.0 High Point Pool - 115.0 Hiddenbrook
Hiddenbrook,Week5,Ilda Community,Week2,259.0 Hiddenbrook - 143.0 Ilda Community
Hiddenbrook,Week1,Lakeview,Week1,282.0 Hiddenbrook - 120.0 Lakeview
Hiddenbrook,Week1,Kent Gardens,Week2,241.0 Kent Gardens - 161.0 Hiddenbrook
Hiddenbrook,Week1,Lakeview,Week2,265.0 Hiddenbrook - 137.0 Lakeview
High Point Pool,Week4,Virginia Hills,Week2,355.0 High Point Pool - 47.0 Virginia Hills
High Point Pool,Week5,Herndon,Week4,336.0 High Point Pool - 65.0 Herndon
High Point Pool,Week5,Poplar Tree,Week3,202.0 High Point Pool - 200.0 Poplar Tree
High Point Pool,Week1,Virginia Hills,Week3,351.0 High Point Pool - 51.0 Virginia Hills
High Point Pool,Week4,Poplar Tree,Week1,204.0 High Point Pool - 198.0 Poplar Tree
Hiddenbrook,Week1,Kent Gardens,Week1,266.0 Kent Gardens - 136.0 Hiddenbrook
Highland Park,Week5,Country Club Hills,Week4,252.0 Highland Park - 150.0 Country Club Hills
Hiddenbrook,Week5,Poplar Tree,Week1,261.0 Poplar Tree - 141.0 Hiddenbrook
Highland Park,Week2,Country Club Hills,Week4,263.0 Highland Park - 139.0 Country Club Hills
High Point Pool,Week5,Brookfield ,Week3,246.0 High Point Pool - 156.0 Brookfield
High Point Pool,Week2,Herndon,Week5,344.0 High Point Pool - 58.0 Herndon
High Point Pool,Week3,Parklawn,Week4,265.0 High Point Pool - 137.0 Parklawn
Hiddenbrook,Week2,High Point Pool,Week5,307.0 High Point Pool - 94.0 Hiddenbrook
High Point Pool,Week5,Annandale,Week4,312.0 High Point Pool - 89.0 Annandale
High Point Pool,Week3,Parklawn,Week3,301.0 High Point Pool - 101.0 Parklawn
High Point Pool,Week3,Parklawn,Week5,266.0 High Point Pool - 136.0 Parklawn
High Point Pool,Week5,Poplar Tree,Week4,234.0 High Point Pool - 168.0 Poplar Tree
Highland Park,Week3,Country Club Hills,Week2,244.0 Highland Park - 158.0 Country Club Hills
High Point Pool,Week5,Annandale,Week2,299.0 High Point Pool - 102.0 Annandale
Hiddenbrook,Week4,Poplar Tree,Week4,244.0 Poplar Tree - 158.0 Hiddenbrook
High Point Pool,Week4,Herndon,Week4,342.0 High Point Pool - 60.0 Herndon
Hiddenbrook,Week4,Poplar Tree,Week5,287.0 Poplar Tree - 115.0 Hiddenbrook
High Point Pool,Week4,Annandale,Week5,302.0 High Point Pool - 100.0 Annandale
High Point Pool,Week2,Virginia Hills,Week1,363.0 High Point Pool - 39.0 Virginia Hills
Hiddenbrook,Week4,High Point Pool,Week1,251.0 High Point Pool - 151.0 Hiddenbrook
High Point Pool,Week3,Broyhill Crest,Week4,371.0 High Point Pool - 31.0 Broyhill Crest
Hiddenbrook,Week5,Poplar Tree,Week2,243.0 Poplar Tree - 159.0 Hiddenbrook
Hiddenbrook,Week5,Poplar Tree,Week5,283.0 Poplar Tree - 119.0 Hiddenbrook
Highland Park,Week1,Crosspointe,Week3,252.0 Crosspointe - 150.0 Highland Park
High Point Pool,Week1,Arlington Forest,Week2,234.0 High Point Pool - 168.0 Arlington Forest
High Point Pool,Week3,Poplar Tree,Week1,212.0 Poplar Tree - 189.0 High Point Pool
Hiddenbrook,Week1,Kent Gardens,Week4,236.0 Kent Gardens - 166.0 Hiddenbrook
High Point Pool,Week1,Parklawn,Week3,291.5 High Point Pool - 110.5 Parklawn
High Point Pool,Week3,Herndon,Week2,331.0 High Point Pool - 70.0 Herndon
High Point Pool,Week3,Poplar Tree,Week3,213.0 Poplar Tree - 188.0 High Point Pool
Hiddenbrook,Week1,High Point Pool,Week1,279.0 High Point Pool - 123.0 Hiddenbrook
High Point Pool,Week5,Herndon,Week5,336.0 High Point Pool - 64.0 Herndon
Highland Park,Week1,Crosspointe,Week2,233.0 Crosspointe - 169.0 Highland Park
Highland Park,Week3,Country Club Hills,Week5,215.0 Highland Park - 187.0 Country Club Hills
High Point Pool,Week1,Hiddenbrook,Week3,257.0 High Point Pool - 145.0 Hiddenbrook
High Point Pool,Week1,Arlington Forest,Week3,237.0 High Point Pool - 165.0 Arlington Forest
Hiddenbrook,Week4,High Point Pool,Week2,291.0 High Point Pool - 111.0 Hiddenbrook
Hiddenbrook,Week3,Ilda Community,Week4,215.0 Hiddenbrook - 187.0 Ilda Community
Hiddenbrook,Week2,Ilda Community,Week1,208.0 Ilda Community - 188.0 Hiddenbrook
High Point Pool,Week5,Brookfield ,Week4,224.0 High Point Pool - 178.0 Brookfield
High Point Pool,Week2,Broyhill Crest,Week4,376.0 High Point Pool - 26.0 Broyhill Crest
High Point Pool,Week3,Virginia Hills,Week2,364.0 High Point Pool - 37.0 Virginia Hills
High Point Pool,Week4,Parklawn,Week4,271.0 High Point Pool - 131.0 Parklawn
Hiddenbrook,Week1,Ravensworth Farm,Week1,275.0 Ravensworth Farm - 127.0 Hiddenbrook
High Point Pool,Week4,Poplar Tree,Week3,202.0 High Point Pool - 200.0 Poplar Tree
High Point Pool,Week4,Virginia Hills,Week1,348.0 High Point Pool - 54.0 Virginia Hills
Highland Park,Week5,Country Club Hills,Week5,220.0 Highland Park - 182.0 Country Club Hills
Hiddenbrook,Week1,Ravensworth Farm,Week5,300.0 Ravensworth Farm - 102.0 Hiddenbrook
Hiddenbrook,Week1,Ravensworth Farm,Week3,290.0 Ravensworth Farm - 111.0 Hiddenbrook
High Point Pool,Week1,Arlington Forest,Week5,208.0 Arlington Forest - 194.0 High Point Pool
High Point Pool,Week4,Virginia Hills,Week3,362.0 High Point Pool - 40.0 Virginia Hills
High Point Pool,Week1,Hiddenbrook,Week4,251.0 High Point Pool - 151.0 Hiddenbrook
High Point Pool,Week4,Broyhill Crest,Week1,370.0 High Point Pool - 32.0 Broyhill Crest
Hiddenbrook,Week2,High Point Pool,Week4,316.0 High Point Pool - 85.0 Hiddenbrook
High Point Pool,Week3,Virginia Run,Week2,227.0 High Point Pool - 175.0 Virginia Run
High Point Pool,Week1,Arlington Forest,Week4,202.0 Arlington Forest - 200.0 High Point Pool
High Point Pool,Week5,Parklawn,Week4,284.0 High Point Pool - 117.0 Parklawn
High Point Pool,Week5,Parklawn,Week5,284.0 High Point Pool - 117.0 Parklawn
Highland Park,Week1,Crosspointe,Week1,245.0 Crosspointe - 157.0 Highland Park
High Point Pool,Week1,Burke Station,Week2,302.0 High Point Pool - 100.0 Burke Station
Highland Park,Week5,Cottontail,Week4,241.0 Highland Park - 161.0 Cottontail
High Point Pool,Week5,Poplar Tree,Week5,222.0 Poplar Tree - 180.0 High Point Pool
High Point Pool,Week3,Hiddenbrook,Week1,287.0 High Point Pool - 115.0 Hiddenbrook
Highland Park,Week1,Country Club Hills,Week5,230.0 Highland Park - 172.0 Country Club Hills
High Point Pool,Week2,Virginia Hills,Week4,368.0 High Point Pool - 34.0 Virginia Hills
Highland Park,Week1,Country Club Hills,Week3,268.5 Highland Park - 133.5 Country Club Hills
High Point Pool,Week3,Hiddenbrook,Week3,267.0 High Point Pool - 135.0 Hiddenbrook
High Point Pool,Week2,Hiddenbrook,Week4,291.0 High Point Pool - 111.0 Hiddenbrook
High Point Pool,Week1,Ravensworth Farm,Week3,202.0 Ravensworth Farm - 200.0 High Point Pool
High Point Pool,Week2,Parklawn,Week3,307.0 High Point Pool - 94.0 Parklawn
High Point Pool,Week4,Broyhill Crest,Week3,373.0 High Point Pool - 29.0 Broyhill Crest
High Point Pool,Week5,Broyhill Crest,Week1,365.0 High Point Pool - 33.0 Broyhill Crest
High Point Pool,Week4,Poplar Tree,Week5,210.0 Poplar Tree - 192.0 High Point Pool
High Point Pool,Week5,Poplar Tree,Week1,203.0 High Point Pool - 198.0 Poplar Tree
Hiddenbrook,Week5,Ilda Community,Week3,268.0 Hiddenbrook - 134.0 Ilda Community
High Point Pool,Week4,Virginia Hills,Week4,358.0 High Point Pool - 44.0 Virginia Hills
High Point Pool,Week5,Parklawn,Week1,302.0 High Point Pool - 90.0 Parklawn
High Point Pool,Week4,Broyhill Crest,Week4,376.0 High Point Pool - 26.0 Broyhill Crest
Hiddenbrook,Week1,Ravensworth Farm,Week4,280.0 Ravensworth Farm - 122.0 Hiddenbrook
High Point Pool,Week2,Hiddenbrook,Week5,278.0 High Point Pool - 124.0 Hiddenbrook
Hiddenbrook,Week5,Poplar Tree,Week4,236.0 Poplar Tree - 166.0 Hiddenbrook
Hiddenbrook,Week1,Ravensworth Farm,Week2,271.0 Ravensworth Farm - 131.0 Hiddenbrook
High Point Pool,Week1,Parliament,Week3,223.5 High Point Pool - 178.5 Parliament
High Point Pool,Week3,Poplar Tree,Week5,219.0 Poplar Tree - 183.0 High Point Pool
High Point Pool,Week5,Parklawn,Week2,289.0 High Point Pool - 112.0 Parklawn
High Point Pool,Week5,Virginia Hills,Week1,355.0 High Point Pool - 47.0 Virginia Hills
Hiddenbrook,Week3,High Point Pool,Week3,267.0 High Point Pool - 135.0 Hiddenbrook
High Point Pool,Week1,Ravensworth Farm,Week5,210.0 Ravensworth Farm - 192.0 High Point Pool
Hiddenbrook,Week4,Overlee,Week2,357.0 Overlee - 45.0 Hiddenbrook
High Point Pool,Week1,Virginia Run,Week2,228.0 High Point Pool - 169.0 Virginia Run
Hiddenbrook,Week1,Overlee,Week5,367.0 Overlee - 35.0 Hiddenbrook
High Point Pool,Week1,Parliament,Week4,225.0 High Point Pool - 177.0 Parliament
Hiddenbrook,Week2,High Point Pool,Week2,323.5 High Point Pool - 78.5 Hiddenbrook
Hiddenbrook,Week4,High Point Pool,Week3,280.0 High Point Pool - 122.0 Hiddenbrook
High Point Pool,Week4,Parklawn,Week1,302.0 High Point Pool - 91.0 Parklawn
Hiddenbrook,Week3,Overlee,Week4,376.0 Overlee - 26.0 Hiddenbrook
Highland Park,Week1,Country Club Hills,Week2,268.0 Highland Park - 134.0 Country Club Hills
Highland Park,Week2,Country Club Hills,Week2,260.0 Highland Park - 142.0 Country Club Hills
High Point Pool,Week2,Burke Station,Week4,322.0 High Point Pool - 80.0 Burke Station
High Point Pool,Week3,Hiddenbrook,Week2,316.0 High Point Pool - 82.0 Hiddenbrook
Hiddenbrook,Week3,High Point Pool,Week5,262.0 High Point Pool - 139.0 Hiddenbrook
High Point Pool,Week3,Hiddenbrook,Week5,260.0 High Point Pool - 142.0 Hiddenbrook
High Point Pool,Week5,Virginia Hills,Week4,359.0 High Point Pool - 43.0 Virginia Hills
High Point Pool,Week4,Parklawn,Week2,279.0 High Point Pool - 123.0 Parklawn
High Point Pool,Week3,Hiddenbrook,Week4,280.0 High Point Pool - 122.0 Hiddenbrook
High Point Pool,Week4,Hiddenbrook,Week1,280.0 High Point Pool - 122.0 Hiddenbrook
High Point Pool,Week2,Burke Station,Week3,295.0 High Point Pool - 102.0 Burke Station
High Point Pool,Week2,Ravensworth Farm,Week2,253.0 High Point Pool - 149.0 Ravensworth Farm
High Point Pool,Week1,Parliament,Week1,205.0 Parliament - 197.0 High Point Pool
High Point Pool,Week2,Burke Station,Week1,266.0 High Point Pool - 112.0 Burke Station
High Point Pool,Week1,Burke Station,Week3,264.0 High Point Pool - 132.0 Burke Station
High Point Pool,Week1,Virginia Hills,Week4,348.5 High Point Pool - 53.5 Virginia Hills
High Point Pool,Week1,Virginia Run,Week5,201.0 High Point Pool - 201.0 Virginia Run
Hiddenbrook,Week3,High Point Pool,Week1,257.0 High Point Pool - 145.0 Hiddenbrook
Hiddenbrook,Week2,Overlee,Week5,381.0 Overlee - 21.0 Hiddenbrook
Highland Park,Week2,Country Club Hills,Week1,269.0 Highland Park - 133.0 Country Club Hills
High Point Pool,Week1,Burke Station,Week4,311.0 High Point Pool - 91.0 Burke Station
High Point Pool,Week2,Virginia Hills,Week3,379.0 High Point Pool - 23.0 Virginia Hills
Highland Park,Week5,Cottontail,Week5,218.0 Highland Park - 184.0 Cottontail
High Point Pool,Week2,Ravensworth Farm,Week1,225.0 High Point Pool - 177.0 Ravensworth Farm
High Point Pool,Week2,Ravensworth Farm,Week3,213.0 High Point Pool - 189.0 Ravensworth Farm
Highland Park,Week5,Cottontail,Week1,231.0 Highland Park - 171.0 Cottontail
Hiddenbrook,Week5,Orange Hunt,Week4,229.0 Orange Hunt - 173.0 Hiddenbrook
High Point Pool,Week2,Burke Station,Week5,295.0 High Point Pool - 107.0 Burke Station
Highland Park,Week1,Country Club Hills,Week4,260.0 Highland Park - 142.0 Country Club Hills
High Point Pool,Week3,Ravensworth Farm,Week3,210.0 Ravensworth Farm - 192.0 High Point Pool
High Point Pool,Week5,Broyhill Crest,Week5,357.0 High Point Pool - 44.0 Broyhill Crest
High Point Pool,Week1,Parliament,Week5,211.0 High Point Pool - 191.0 Parliament
High Point Pool,Week4,Hiddenbrook,Week2,316.0 High Point Pool - 85.0 Hiddenbrook
High Point Pool,Week4,Parklawn,Week5,269.0 High Point Pool - 133.0 Parklawn
High Point Pool,Week3,Ravensworth Farm,Week1,210.5 High Point Pool - 191.5 Ravensworth Farm
High Point Pool,Week5,Hiddenbrook,Week2,307.0 High Point Pool - 94.0 Hiddenbrook
Highland Park,Week2,Country Club Hills,Week5,220.0 Highland Park - 182.0 Country Club Hills
High Point Pool,Week5,Virginia Run,Week4,227.5 High Point Pool - 174.5 Virginia Run
Hiddenbrook,Week1,Overlee,Week4,373.0 Overlee - 29.0 Hiddenbrook
High Point Pool,Week1,High Point Pool,Week1,198.0 High Point Pool (HPP1) - 198.0 High Point Pool (HPP2)
High Point Pool,Week2,Parklawn,Week5,289.0 High Point Pool - 112.0 Parklawn
High Point Pool,Week5,Broyhill Crest,Week3,367.0 High Point Pool - 31.0 Broyhill Crest
High Point Pool,Week2,Virginia Run,Week4,234.0 High Point Pool - 168.0 Virginia Run
Hiddenbrook,Week4,Orange Hunt,Week5,256.0 Orange Hunt - 146.0 Hiddenbrook
High Point Pool,Week2,Ravensworth Farm,Week5,213.0 High Point Pool - 189.0 Ravensworth Farm
Hiddenbrook,Week5,Orange Hunt,Week5,240.0 Orange Hunt - 162.0 Hiddenbrook
High Point Pool,Week1,High Point Pool,Week4,213.0 High Point Pool (HPP2) - 189.0 High Point Pool (HPP1)
High Point Pool,Week2,Ravensworth Farm,Week4,229.0 High Point Pool - 173.0 Ravensworth Farm
High Point Pool,Week2,Virginia Run,Week3,239.0 High Point Pool - 163.0 Virginia Run
Highland Park,Week5,Cottontail,Week2,247.0 Highland Park - 155.0 Cottontail
High Point Pool,Week1,Virginia Hills,Week5,338.0 High Point Pool - 64.0 Virginia Hills
High Point Pool,Week2,Burke Station,Week2,313.0 High Point Pool - 88.0 Burke Station
High Point Pool,Week1,Burke Station,Week5,274.5 High Point Pool - 127.5 Burke Station
Hiddenbrook,Week1,Overlee,Week1,360.0 Overlee - 42.0 Hiddenbrook
High Point Pool,Week3,Ravensworth Farm,Week5,215.0 Ravensworth Farm - 187.0 High Point Pool
Hiddenbrook,Week5,Orange Hunt,Week3,238.0 Orange Hunt - 164.0 Hiddenbrook
High Point Pool,Week5,Broyhill Crest,Week2,367.0 High Point Pool - 31.0 Broyhill Crest
High Point Pool,Week1,High Point Pool,Week2,204.0 High Point Pool (HPP2) - 198.0 High Point Pool (HPP1)
Hiddenbrook,Week4,Orange Hunt,Week3,257.0 Orange Hunt - 145.0 Hiddenbrook
Highland Park,Week3,Country Club Hills,Week4,246.0 Highland Park - 156.0 Country Club Hills
High Point Pool,Week4,Ravensworth Farm,Week1,211.0 High Point Pool - 191.0 Ravensworth Farm
Hiddenbrook,Week5,Orange Hunt,Week2,236.0 Orange Hunt - 166.0 Hiddenbrook
Highland Park,Week4,Country Club Hills,Week5,243.0 Highland Park - 159.0 Country Club Hills
Hiddenbrook,Week4,Orange Hunt,Week4,237.0 Orange Hunt - 165.0 Hiddenbrook
High Point Pool,Week4,High Point Pool,Week5,215.0 High Point Pool (HPP1) - 187.0 High Point Pool (HPP2)
High Point Pool,Week1,High Point Pool,Week3,212.0 High Point Pool (HPP1) - 190.0 High Point Pool (HPP2)
High Point Pool,Week3,Virginia Hills,Week4,365.0 High Point Pool - 36.0 Virginia Hills
High Point Pool,Week2,Parliament,Week3,240.0 High Point Pool - 162.0 Parliament
High Point Pool,Week4,Parliament,Week3,222.0 High Point Pool - 180.0 Parliament
High Point Pool,Week4,Broyhill Crest,Week5,357.0 High Point Pool - 45.0 Broyhill Crest
High Point Pool,Week3,High Point Pool,Week5,221.0 High Point Pool (HPP2) - 181.0 High Point Pool (HPP1)
Highland Park,Week2,Country Club Hills,Week3,268.0 Highland Park - 134.0 Country Club Hills
High Point Pool,Week5,Broyhill Crest,Week4,361.0 High Point Pool - 37.0 Broyhill Crest
High Point Pool,Week5,Virginia Hills,Week5,344.0 High Point Pool - 57.0 Virginia Hills
High Point Pool,Week2,Virginia Hills,Week5,360.0 High Point Pool - 42.0 Virginia Hills
High Point Pool,Week4,Hiddenbrook,Week3,265.0 High Point Pool - 137.0 Hiddenbrook
High Point Pool,Week4,Ravensworth Farm,Week3,201.5 High Point Pool - 200.5 Ravensworth Farm
Highland Park,Week3,Country Club Hills,Week1,243.0 Highland Park - 159.0 Country Club Hills
High Point Pool,Week2,Parliament,Week1,207.0 High Point Pool - 195.0 Parliament
High Point Pool,Week3,Ravensworth Farm,Week4,211.0 High Point Pool - 191.0 Ravensworth Farm
High Point Pool,Week3,Virginia Hills,Week5,355.0 High Point Pool - 46.0 Virginia Hills
Hiddenbrook,Week4,Orange Hunt,Week1,249.0 Orange Hunt - 153.0 Hiddenbrook
High Point Pool,Week2,Pinecrest,Week5,227.0 Pinecrest - 175.0 High Point Pool
High Point Pool,Week1,Burke Station,Week1,243.0 High Point Pool - 136.0 Burke Station
Highland Park,Week4,Country Club Hills,Week1,267.0 Highland Park - 135.0 Country Club Hills
Highland Park,Week4,Country Club Hills,Week2,271.0 Highland Park - 131.0 Country Club Hills
High Point Pool,Week3,Virginia Hills,Week1,358.0 High Point Pool - 43.0 Virginia Hills
High Point Pool,Week4,Ravensworth Farm,Week2,240.0 High Point Pool - 162.0 Ravensworth Farm
High Point Pool,Week2,Pinecrest,Week2,216.5 Pinecrest - 185.5 High Point Pool
High Point Pool,Week4,Parliament,Week5,213.0 High Point Pool - 189.0 Parliament
High Point Pool,Week5,Hiddenbrook,Week4,269.0 High Point Pool - 132.0 Hiddenbrook
High Point Pool,Week1,Virginia Run,Week1,210.0 High Point Pool - 192.0 Virginia Run
High Point Pool,Week4,Hiddenbrook,Week4,279.0 High Point Pool - 123.0 Hiddenbrook
High Point Pool,Week5,Parliament,Week4,223.0 High Point Pool - 179.0 Parliament
High Point Pool,Week3,High Point Pool,Week1,212.0 High Point Pool (HPP2) - 190.0 High Point Pool (HPP1)
High Point Pool,Week3,Burke Station,Week1,252.0 High Point Pool - 127.0 Burke Station
High Point Pool,Week1,Virginia Run,Week3,226.0 High Point Pool - 176.0 Virginia Run
High Point Pool,Week1,Virginia Run,Week4,218.0 High Point Pool - 184.0 Virginia Run
High Point Pool,Week2,Virginia Run,Week1,221.0 High Point Pool - 181.0 Virginia Run
High Point Pool,Week2,Riverside Gardens,Week1,210.0 Riverside Gardens - 192.0 High Point Pool
Highland Park,Week3,Crosspointe,Week1,256.0 Crosspointe - 146.0 Highland Park
High Point Pool,Week2,High Point Pool,Week4,211.0 High Point Pool (HPP1) - 191.0 High Point Pool (HPP2)
Highland Park,Week5,Country Club Hills,Week1,255.0 Highland Park - 147.0 Country Club Hills
Hiddenbrook,Week2,Overlee,Week2,368.0 Overlee - 34.0 Hiddenbrook
High Point Pool,Week5,Riverside Gardens,Week2,207.0 Riverside Gardens - 195.0 High Point Pool
High Point Pool,Week3,Pinecrest,Week3,255.0 Pinecrest - 147.0 High Point Pool
Highland Park,Week5,Country Club Hills,Week2,253.0 Highland Park - 149.0 Country Club Hills
High Point Pool,Week5,High Point Pool,Week4,215.0 High Point Pool (HPP2) - 187.0 High Point Pool (HPP1)
High Point Pool,Week3,Burke Station,Week3,285.0 High Point Pool - 112.0 Burke Station
High Point Pool,Week4,Burke Station,Week3,274.0 High Point Pool - 123.0 Burke Station
Highland Park,Week5,Crosspointe,Week3,253.0 Crosspointe - 149.0 Highland Park
Hiddenbrook,Week3,Overlee,Week2,356.0 Overlee - 46.0 Hiddenbrook
Highland Park,Week5,Country Club Hills,Week3,248.0 Highland Park - 154.0 Country Club Hills
High Point Pool,Week3,Camelot,Week2,242.0 High Point Pool - 160.0 Camelot
High Point Pool,Week5,Virginia Hills,Week2,359.0 High Point Pool - 41.0 Virginia Hills
High Point Pool,Week1,Riverside Gardens,Week2,223.0 Riverside Gardens - 179.0 High Point Pool
Hiddenbrook,Week1,Overlee,Week2,364.0 Overlee - 38.0 Hiddenbrook
High Point Pool,Week2,Riverside Gardens,Week3,228.0 Riverside Gardens - 174.0 High Point Pool
High Point Pool,Week1,Pinecrest,Week2,230.0 Pinecrest - 172.0 High Point Pool
Hiddenbrook,Week5,Orange Hunt,Week1,227.0 Orange Hunt - 175.0 Hiddenbrook
High Point Pool,Week3,Pinecrest,Week4,242.0 Pinecrest - 160.0 High Point Pool
High Point Pool,Week1,Camelot,Week4,248.0 High Point Pool - 154.0 Camelot
Hiddenbrook,Week2,Overlee,Week1,359.5 Overlee - 42.5 Hiddenbrook
High Point Pool,Week3,Pinecrest,Week5,234.0 Pinecrest - 168.0 High Point Pool
High Point Pool,Week4,Ravensworth Farm,Week5,210.0 High Point Pool - 192.0 Ravensworth Farm
Highland Park,Week2,Crosspointe,Week2,237.0 Crosspointe - 165.0 Highland Park
High Point Pool,Week3,Burke Station,Week5,290.0 High Point Pool - 112.0 Burke Station
High Point Pool,Week1,Pinecrest,Week3,245.0 Pinecrest - 157.0 High Point Pool
High Point Pool,Week3,High Point Pool,Week2,229.0 High Point Pool (HPP2) - 173.0 High Point Pool (HPP1)
High Point Pool,Week3,Pinecrest,Week1,216.5 Pinecrest - 185.5 High Point Pool
Highland Park,Week4,Crosspointe,Week2,238.0 Crosspointe - 164.0 Highland Park
Hiddenbrook,Week3,Overlee,Week3,350.0 Overlee - 52.0 Hiddenbrook
High Point Pool,Week2,High Point Pool,Week3,229.0 High Point Pool (HPP1) - 173.0 High Point Pool (HPP2)
High Point Pool,Week1,Riverside Gardens,Week3,228.0 Riverside Gardens - 174.0 High Point Pool
High Point Pool,Week5,Hiddenbrook,Week5,260.0 High Point Pool - 142.0 Hiddenbrook
High Point Pool,Week5,Virginia Hills,Week3,362.0 High Point Pool - 40.0 Virginia Hills
High Point Pool,Week4,Ravensworth Farm,Week4,213.5 High Point Pool - 188.5 Ravensworth Farm
High Point Pool,Week2,Camelot,Week1,269.0 High Point Pool - 133.0 Camelot
High Point Pool,Week4,Burke Station,Week1,250.0 High Point Pool - 129.0 Burke Station
High Point Pool,Week2,High Point Pool,Week1,204.0 High Point Pool (HPP1) - 198.0 High Point Pool (HPP2)
High Point Pool,Week2,Virginia Run,Week5,209.5 High Point Pool - 192.5 Virginia Run
Highland Park,Week2,Crosspointe,Week5,271.0 Crosspointe - 131.0 Highland Park
Hiddenbrook,Week3,Overlee,Week5,368.0 Overlee - 34.0 Hiddenbrook
Hiddenbrook,Week2,Overlee,Week4,382.0 Overlee - 20.0 Hiddenbrook
High Point Pool,Week3,Riverside Gardens,Week4,233.0 Riverside Gardens - 169.0 High Point Pool
High Point Pool,Week1,Riverside Gardens,Week4,233.0 Riverside Gardens - 169.0 High Point Pool
High Point Pool,Week3,Virginia Run,Week1,217.0 High Point Pool - 185.0 Virginia Run
High Point Pool,Week4,Parliament,Week1,208.0 High Point Pool - 194.0 Parliament
High Point Pool,Week4,Parliament,Week2,231.5 High Point Pool - 170.5 Parliament
High Point Pool,Week3,Virginia Run,Week3,231.0 High Point Pool - 171.0 Virginia Run
High Point Pool,Week5,Camelot,Week3,260.0 High Point Pool - 141.0 Camelot
High Point Pool,Week4,Virginia Run,Week1,217.0 High Point Pool - 185.0 Virginia Run
High Point Pool,Week3,Riverside Gardens,Week3,231.0 Riverside Gardens - 171.0 High Point Pool
High Point Pool,Week5,Hiddenbrook,Week1,278.0 High Point Pool - 124.0 Hiddenbrook
High Point Pool,Week3,Parliament,Week3,224.0 High Point Pool - 178.0 Parliament
High Point Pool,Week3,Virginia Run,Week4,205.0 High Point Pool - 197.0 Virginia Run
Highland Park,Week2,Crosspointe,Week3,246.0 Crosspointe - 156.0 Highland Park
Hiddenbrook,Week1,Overlee,Week3,359.0 Overlee - 43.0 Hiddenbrook
High Point Pool,Week5,Parliament,Week2,237.0 High Point Pool - 165.0 Parliament
High Point Pool,Week2,Virginia Run,Week2,238.0 High Point Pool - 164.0 Virginia Run
High Point Pool,Week5,Parliament,Week5,222.0 High Point Pool - 180.0 Parliament
Hiddenbrook,Week4,Overlee,Week1,336.0 Overlee - 66.0 Hiddenbrook
High Point Pool,Week5,Ravensworth Farm,Week2,234.0 High Point Pool - 167.0 Ravensworth Farm
High Point Pool,Week4,Burke Station,Week5,284.0 High Point Pool - 118.0 Burke Station
Hiddenbrook,Week3,Overlee,Week1,344.0 Overlee - 58.0 Hiddenbrook
High Point Pool,Week1,Pinecrest,Week1,205.0 Pinecrest - 197.0 High Point Pool
High Point Pool,Week2,High Point Pool,Week5,205.0 High Point Pool (HPP1) - 197.0 High Point Pool (HPP2)
Hiddenbrook,Week4,Orange Hunt,Week2,242.0 Orange Hunt - 160.0 Hiddenbrook
High Point Pool,Week5,Ravensworth Farm,Week1,210.0 High Point Pool - 192.0 Ravensworth Farm
High Point Pool,Week5,Ravensworth Farm,Week5,202.5 Ravensworth Farm - 199.5 High Point Pool
High Point Pool,Week3,Virginia Run,Week5,204.0 Virginia Run - 198.0 High Point Pool
High Point Pool,Week2,Camelot,Week5,262.0 High Point Pool - 140.0 Camelot
High Point Pool,Week4,Virginia Run,Week2,239.0 High Point Pool - 163.0 Virginia Run
High Point Pool,Week2,Riverside Gardens,Week2,211.0 Riverside Gardens - 191.0 High Point Pool
Hiddenbrook,Week2,Overlee,Week3,364.5 Overlee - 37.5 Hiddenbrook
High Point Pool,Week3,Parliament,Week1,201.0 High Point Pool - 201.0 Parliament
High Point Pool,Week5,Camelot,Week1,259.0 High Point Pool - 143.0 Camelot
Highland Park,Week4,Crosspointe,Week3,247.0 Crosspointe - 155.0 Highland Park
High Point Pool,Week3,Riverside Gardens,Week1,217.0 Riverside Gardens - 185.0 High Point Pool
High Point Pool,Week3,Parliament,Week2,235.0 High Point Pool - 167.0 Parliament
High Point Pool,Week3,Burke Station,Week4,301.0 High Point Pool - 101.0 Burke Station
High Point Pool,Week4,High Point Pool,Week4,201.0 High Point Pool (HPP1) - 201.0 High Point Pool (HPP2)
High Point Pool,Week4,High Point Pool,Week3,210.0 High Point Pool (HPP1) - 192.0 High Point Pool (HPP2)
Highland Park,Week4,Crosspointe,Week1,244.0 Crosspointe - 158.0 Highland Park
Highland Park,Week3,Daventry,Week2,311.0 Highland Park - 90.0 Daventry
Hiddenbrook,Week2,Parklawn,Week3,213.0 Parklawn - 187.0 Hiddenbrook
Highland Park,Week5,Crosspointe,Week4,253.0 Crosspointe - 149.0 Highland Park
High Point Pool,Week4,High Point Pool,Week1,213.0 High Point Pool (HPP1) - 189.0 High Point Pool (HPP2)
High Point Pool,Week1,Camelot,Week2,235.0 High Point Pool - 167.0 Camelot
High Point Pool,Week1,High Point Pool,Week5,215.0 High Point Pool (HPP2) - 187.0 High Point Pool (HPP1)
Highland Park,Week1,Crosspointe,Week4,232.0 Crosspointe - 170.0 Highland Park
High Point Pool,Week5,High Point Pool,Week1,215.0 High Point Pool (HPP1) - 187.0 High Point Pool (HPP2)
Hiddenbrook,Week3,Parklawn,Week2,222.0 Hiddenbrook - 180.0 Parklawn
Highland Park,Week3,Crosspointe,Week2,264.0 Crosspointe - 138.0 Highland Park
High Point Pool,Week1,Camelot,Week3,242.5 High Point Pool - 159.5 Camelot
Hiddenbrook,Week5,Overlee,Week4,377.0 Overlee - 25.0 Hiddenbrook
High Point Pool,Week4,Riverside Gardens,Week2,202.0 High Point Pool - 200.0 Riverside Gardens
High Point Pool,Week4,Burke Station,Week4,305.0 High Point Pool - 97.0 Burke Station
High Point Pool,Week1,Pinecrest,Week4,229.0 Pinecrest - 173.0 High Point Pool
High Point Pool,Week3,Riverside Gardens,Week2,208.0 Riverside Gardens - 194.0 High Point Pool
High Point Pool,Week5,Parliament,Week3,230.0 High Point Pool - 172.0 Parliament
Highland Park,Week5,Crosspointe,Week5,278.0 Crosspointe - 124.0 Highland Park
High Point Pool,Week5,Burke Station,Week2,310.0 High Point Pool - 90.0 Burke Station
High Point Pool,Week4,Virginia Run,Week5,204.0 High Point Pool - 198.0 Virginia Run
High Point Pool,Week3,High Point Pool,Week3,200.5 High Point Pool (HPP1) - 200.5 High Point Pool (HPP2)
High Point Pool,Week4,Virginia Run,Week4,224.5 High Point Pool - 177.5 Virginia Run
High Point Pool,Week4,Virginia Run,Week3,238.0 High Point Pool - 164.0 Virginia Run
High Point Pool,Week3,Parliament,Week4,232.0 High Point Pool - 170.0 Parliament
High Point Pool,Week5,Hiddenbrook,Week3,262.0 High Point Pool - 139.0 Hiddenbrook
Hiddenbrook,Week1,Parklawn,Week2,218.0 Hiddenbrook - 180.0 Parklawn
Highland Park,Week3,Crosspointe,Week4,249.0 Crosspointe - 153.0 Highland Park
High Point Pool,Week4,Riverside Gardens,Week1,206.5 Riverside Gardens - 195.5 High Point Pool
High Point Pool,Week5,Virginia Run,Week2,240.0 High Point Pool - 162.0 Virginia Run
High Point Pool,Week2,Camelot,Week3,267.0 High Point Pool - 135.0 Camelot
High Point Pool,Week4,Hiddenbrook,Week5,262.0 High Point Pool - 140.0 Hiddenbrook
High Point Pool,Week1,Riverside Gardens,Week1,228.0 Riverside Gardens - 174.0 High Point Pool
High Point Pool,Week3,High Point Pool,Week4,210.0 High Point Pool (HPP2) - 192.0 High Point Pool (HPP1)
High Point Pool,Week4,Riverside Gardens,Week4,230.0 Riverside Gardens - 172.0 High Point Pool
High Point Pool,Week5,Virginia Run,Week1,223.5 High Point Pool - 178.5 Virginia Run
Hiddenbrook,Week1,Parklawn,Week5,209.0 Hiddenbrook - 189.0 Parklawn
High Point Pool,Week4,Parliament,Week4,235.0 High Point Pool - 167.0 Parliament
Highland Park,Week3,Crosspointe,Week3,254.0 Crosspointe - 148.0 Highland Park
High Point Pool,Week5,Burke Station,Week4,309.0 High Point Pool - 92.0 Burke Station
Hiddenbrook,Week1,Parklawn,Week4,208.0 Parklawn - 190.0 Hiddenbrook
Highland Park,Week5,Crosspointe,Week2,243.0 Crosspointe - 159.0 Highland Park
High Point Pool,Week5,Virginia Run,Week3,235.0 High Point Pool - 167.0 Virginia Run
Highland Park,Week3,Crosspointe,Week5,270.0 Crosspointe - 132.0 Highland Park
High Point Pool,Week1,Wakefield Chapel,Week2,272.0 Wakefield Chapel - 130.0 High Point Pool
Highland Park,Week5,Crosspointe,Week1,245.5 Crosspointe - 156.5 Highland Park
High Point Pool,Week3,Burke Station,Week2,314.0 High Point Pool - 88.0 Burke Station
High Point Pool,Week5,Burke Station,Week5,290.0 High Point Pool - 112.0 Burke Station
High Point Pool,Week5,Ravensworth Farm,Week4,213.0 High Point Pool - 189.0 Ravensworth Farm
High Point Pool,Week4,Burke Station,Week2,307.0 High Point Pool - 95.0 Burke Station
High Point Pool,Week1,Wakefield Chapel,Week1,271.0 Wakefield Chapel - 131.0 High Point Pool
Highland Park,Week1,Daventry,Week2,313.0 Highland Park - 88.0 Daventry
High Point Pool,Week2,Riverside Gardens,Week4,230.0 Riverside Gardens - 172.0 High Point Pool
High Point Pool,Week1,Wakefield Chapel,Week3,275.0 Wakefield Chapel - 127.0 High Point Pool
High Point Pool,Week1,Riverside Gardens,Week5,220.0 Riverside Gardens - 182.0 High Point Pool
High Point Pool,Week3,Parliament,Week5,214.0 High Point Pool - 188.0 Parliament
Hiddenbrook,Week5,Overlee,Week2,346.0 Overlee - 56.0 Hiddenbrook
Hiddenbrook,Week1,Parklawn,Week1,237.0 Hiddenbrook - 156.0 Parklawn
High Point Pool,Week1,Pinecrest,Week5,218.0 Pinecrest - 184.0 High Point Pool
High Point Pool,Week5,High Point Pool,Week3,221.0 High Point Pool (HPP1) - 181.0 High Point Pool (HPP2)
Highland Park,Week1,Crosspointe,Week5,263.0 Crosspointe - 139.0 Highland Park
High Point Pool,Week2,Parliament,Week5,227.5 High Point Pool - 174.5 Parliament
Hiddenbrook,Week2,Parklawn,Week1,211.0 Hiddenbrook - 170.0 Parklawn
High Point Pool,Week5,Parliament,Week1,201.0 High Point Pool - 201.0 Parliament
High Point Pool,Week5,High Point Pool,Week2,205.0 High Point Pool (HPP2) - 197.0 High Point Pool (HPP1)
High Point Pool,Week2,High Point Pool,Week2,201.0 High Point Pool (HPP1) - 201.0 High Point Pool (HPP2)
High Point Pool,Week5,Burke Station,Week3,285.0 High Point Pool - 112.0 Burke Station
High Point Pool,Week3,Highland Park,Week5,224.0 High Point Pool - 178.0 Highland Park
High Point Pool,Week4,Riverside Gardens,Week5,234.0 Riverside Gardens - 168.0 High Point Pool
Highland Park,Week2,Crosspointe,Week4,237.0 Crosspointe - 165.0 Highland Park
Hiddenbrook,Week4,Parklawn,Week5,222.0 Hiddenbrook - 179.0 Parklawn
High Point Pool,Week1,Camelot,Week1,256.0 High Point Pool - 146.0 Camelot
Hiddenbrook,Week2,Parklawn,Week2,202.0 Parklawn - 194.0 Hiddenbrook
High Point Pool,Week4,High Point Pool,Week2,211.0 High Point Pool (HPP2) - 191.0 High Point Pool (HPP1)
High Point Pool,Week2,Wakefield Chapel,Week1,263.0 Wakefield Chapel - 139.0 High Point Pool
Hiddenbrook,Week5,Overlee,Week1,341.0 Overlee - 61.0 Hiddenbrook
High Point Pool,Week2,Wakefield Chapel,Week4,256.0 Wakefield Chapel - 146.0 High Point Pool
High Point Pool,Week2,Pinecrest,Week1,203.5 High Point Pool - 198.5 Pinecrest
High Point Pool,Week2,Pinecrest,Week4,219.0 Pinecrest - 183.0 High Point Pool
High Point Pool,Week3,Wakefield Chapel,Week2,269.0 Wakefield Chapel - 133.0 High Point Pool
High Point Pool,Week3,Wakefield Chapel,Week3,277.0 Wakefield Chapel - 125.0 High Point Pool
Hiddenbrook,Week1,North Springfield,Week2,261.0 Hiddenbrook - 127.0 North Springfield
Hiddenbrook,Week2,North Springfield,Week2,226.0 Hiddenbrook - 151.0 North Springfield
High Point Pool,Week2,Wakefield Chapel,Week3,276.0 Wakefield Chapel - 126.0 High Point Pool
Hiddenbrook,Week5,Newington Forest,Week2,253.0 Hiddenbrook - 147.0 Newington Forest
High Point Pool,Week2,Camelot,Week4,262.0 High Point Pool - 140.0 Camelot
Hiddenbrook,Week2,Newington Forest,Week4,220.0 Newington Forest - 181.0 Hiddenbrook
High Point Pool,Week1,Camelot,Week5,245.0 High Point Pool - 157.0 Camelot
Highland Park,Week2,Daventry,Week1,322.0 Highland Park - 80.0 Daventry
High Point Pool,Week2,Riverside Gardens,Week5,229.0 Riverside Gardens - 173.0 High Point Pool
Hiddenbrook,Week4,Overlee,Week4,378.0 Overlee - 24.0 Hiddenbrook
High Point Pool,Week4,Riverside Gardens,Week3,230.0 Riverside Gardens - 172.0 High Point Pool
High Point Pool,Week5,Ravensworth Farm,Week3,201.0 High Point Pool - 201.0 Ravensworth Farm
High Point Pool,Week4,Pinewood Lake,Week2,360.0 High Point Pool - 40.0 Pinewood Lake
High Point Pool,Week4,Highland Park,Week2,242.0 High Point Pool - 160.0 Highland Park
Highland Park,Week4,Crosspointe,Week5,269.0 Crosspointe - 133.0 Highland Park
Hiddenbrook,Week2,Parklawn,Week4,233.0 Parklawn - 168.0 Hiddenbrook
High Point Pool,Week3,Riverside Gardens,Week5,236.0 Riverside Gardens - 166.0 High Point Pool
Highland Park,Week1,Daventry,Week4,326.0 Highland Park - 76.0 Daventry
Hiddenbrook,Week3,Newington Forest,Week2,229.0 Hiddenbrook - 173.0 Newington Forest
High Point Pool,Week2,Pinecrest,Week3,243.0 Pinecrest - 159.0 High Point Pool
High Point Pool,Week5,Highland Park,Week5,241.0 High Point Pool - 161.0 Highland Park
Highland Park,Week2,Crosspointe,Week1,244.0 Crosspointe - 158.0 Highland Park
High Point Pool,Week3,Pinecrest,Week2,241.0 Pinecrest - 161.0 High Point Pool
High Point Pool,Week2,Camelot,Week2,256.0 High Point Pool - 146.0 Camelot
High Point Pool,Week1,Highland Park,Week4,225.0 High Point Pool - 177.0 Highland Park
High Point Pool,Week5,Burke Station,Week1,265.0 High Point Pool - 113.0 Burke Station
Hiddenbrook,Week2,Parklawn,Week5,223.0 Parklawn - 178.0 Hiddenbrook
High Point Pool,Week5,Rolling Forest,Week2,270.0 High Point Pool - 132.0 Rolling Forest
Hiddenbrook,Week4,Newington Forest,Week1,242.0 Hiddenbrook - 159.0 Newington Forest
Highland Park,Week1,Daventry,Week5,304.0 Highland Park - 98.0 Daventry
High Point Pool,Week4,Rolling Forest,Week4,274.0 High Point Pool - 128.0 Rolling Forest
High Point Pool,Week1,Wakefield Chapel,Week4,263.0 Wakefield Chapel - 139.0 High Point Pool
High Point Pool,Week2,Rolling Forest,Week5,246.0 High Point Pool - 156.0 Rolling Forest
Hiddenbrook,Week2,Newington Forest,Week5,228.0 Newington Forest - 174.0 Hiddenbrook
High Point Pool,Week1,Highlands Swim,Week4,269.0 Highlands Swim - 133.0 High Point Pool
High Point Pool,Week3,Rolling Forest,Week3,242.0 High Point Pool - 160.0 Rolling Forest
Highland Park,Week4,Crosspointe,Week4,247.0 Crosspointe - 155.0 Highland Park
Highland Park,Week2,Daventry,Week3,309.0 Highland Park - 93.0 Daventry
High Point Pool,Week4,Pinecrest,Week5,235.5 Pinecrest - 166.5 High Point Pool
High Point Pool,Week1,Highland Park,Week2,233.0 High Point Pool - 169.0 Highland Park
High Point Pool,Week5,Virginia Run,Week5,210.0 High Point Pool - 192.0 Virginia Run
High Point Pool,Week3,Wakefield Chapel,Week5,293.5 Wakefield Chapel - 108.5 High Point Pool
High Point Pool,Week5,Highland Park,Week1,216.0 High Point Pool - 186.0 Highland Park
Hiddenbrook,Week4,Newington Forest,Week3,230.0 Hiddenbrook - 172.0 Newington Forest
High Point Pool,Week4,Camelot,Week1,252.0 High Point Pool - 150.0 Camelot
Hiddenbrook,Week5,Newington Forest,Week1,258.0 Hiddenbrook - 143.0 Newington Forest
High Point Pool,Week3,Camelot,Week1,253.0 High Point Pool - 149.0 Camelot
Highland Park,Week2,Daventry,Week2,316.0 Highland Park - 86.0 Daventry
High Point Pool,Week1,Pinewood Lake,Week3,359.0 High Point Pool - 40.0 Pinewood Lake
Hiddenbrook,Week5,Parklawn,Week5,232.5 Hiddenbrook - 168.5 Parklawn
High Point Pool,Week3,Wakefield Chapel,Week4,257.0 Wakefield Chapel - 145.0 High Point Pool
High Point Pool,Week2,Pinewood Lake,Week4,377.0 High Point Pool - 23.0 Pinewood Lake
Hiddenbrook,Week4,Overlee,Week3,338.0 Overlee - 64.0 Hiddenbrook
High Point Pool,Week1,Highland Park,Week1,210.0 High Point Pool - 192.0 Highland Park
High Point Pool,Week3,Camelot,Week3,258.0 High Point Pool - 144.0 Camelot
Hiddenbrook,Week5,Overlee,Week3,345.0 Overlee - 57.0 Hiddenbrook
High Point Pool,Week2,Highland Park,Week1,232.0 High Point Pool - 170.0 Highland Park
High Point Pool,Week3,Camelot,Week5,253.0 High Point Pool - 149.0 Camelot
High Point Pool,Week1,Pinewood Lake,Week2,354.0 High Point Pool - 45.0 Pinewood Lake
High Point Pool,Week5,Riverside Gardens,Week1,215.0 Riverside Gardens - 187.0 High Point Pool
Hiddenbrook,Week5,Overlee,Week5,364.0 Overlee - 38.0 Hiddenbrook
Highland Park,Week1,Daventry,Week1,320.0 Highland Park - 82.0 Daventry
High Point Pool,Week4,Camelot,Week4,249.0 High Point Pool - 153.0 Camelot
High Point Pool,Week2,Pinewood Lake,Week1,368.0 High Point Pool - 32.0 Pinewood Lake
Highland Park,Week2,Daventry,Week4,314.0 Highland Park - 88.0 Daventry
Hiddenbrook,Week3,Parklawn,Week4,205.0 Hiddenbrook - 197.0 Parklawn
High Point Pool,Week4,Camelot,Week3,256.0 High Point Pool - 146.0 Camelot
High Point Pool,Week3,Wakefield Chapel,Week1,271.0 Wakefield Chapel - 131.0 High Point Pool
Highland Park,Week1,Daventry,Week3,314.0 Highland Park - 88.0 Daventry
High Point Pool,Week1,Highlands Swim,Week5,284.0 Highlands Swim - 118.0 High Point Pool
Hiddenbrook,Week3,Parklawn,Week5,226.0 Hiddenbrook - 176.0 Parklawn
Hiddenbrook,Week1,North Springfield,Week1,260.0 Hiddenbrook - 91.0 North Springfield
High Point Pool,Week3,Highland Park,Week3,232.5 High Point Pool - 169.5 Highland Park
High Point Pool,Week4,Pinecrest,Week2,223.0 Pinecrest - 179.0 High Point Pool
High Point Pool,Week4,Wakefield Chapel,Week1,249.0 Wakefield Chapel - 153.0 High Point Pool
High Point Pool,Week1,Rolling Forest,Week5,230.0 High Point Pool - 172.0 Rolling Forest
High Point Pool,Week4,Camelot,Week2,245.0 High Point Pool - 157.0 Camelot
Hiddenbrook,Week3,Newington Forest,Week4,225.0 Hiddenbrook - 172.0 Newington Forest
High Point Pool,Week2,Pinewood Lake,Week5,365.0 High Point Pool - 35.0 Pinewood Lake
High Point Pool,Week5,Riverside Gardens,Week5,242.0 Riverside Gardens - 160.0 High Point Pool
Hiddenbrook,Week1,North Springfield,Week5,225.0 Hiddenbrook - 145.0 North Springfield
High Point Pool,Week5,Highland Park,Week4,230.5 High Point Pool - 171.5 Highland Park
Hiddenbrook,Week1,Parklawn,Week3,203.0 Parklawn - 195.0 Hiddenbrook
High Point Pool,Week3,Pinewood Lake,Week2,367.0 High Point Pool - 34.0 Pinewood Lake
High Point Pool,Week2,Wakefield Chapel,Week5,266.0 Wakefield Chapel - 136.0 High Point Pool
High Point Pool,Week1,Rolling Forest,Week4,245.5 High Point Pool - 156.5 Rolling Forest
Hiddenbrook,Week4,Newington Forest,Week4,223.0 Hiddenbrook - 179.0 Newington Forest
Hiddenbrook,Week5,North Springfield,Week3,276.0 Hiddenbrook - 120.0 North Springfield
High Point Pool,Week1,Wakefield Chapel,Week5,286.0 Wakefield Chapel - 116.0 High Point Pool
High Point Pool,Week3,Walden Glen,Week4,247.0 High Point Pool - 155.0 Walden Glen
Hiddenbrook,Week2,Highland Park,Week4,303.0 Highland Park - 99.0 Hiddenbrook
Hiddenbrook,Week3,Parklawn,Week1,256.0 Hiddenbrook - 137.0 Parklawn
High Point Pool,Week1,Pinewood Lake,Week4,357.0 High Point Pool - 39.0 Pinewood Lake
Highland Park,Week4,Daventry,Week3,313.0 Highland Park - 89.0 Daventry
High Point Pool,Week5,Riverside Gardens,Week3,226.0 Riverside Gardens - 176.0 High Point Pool
High Point Pool,Week5,Pinecrest,Week3,234.0 Pinecrest - 168.0 High Point Pool
High Point Pool,Week5,Camelot,Week2,255.0 High Point Pool - 146.0 Camelot
Hiddenbrook,Week4,Parklawn,Week2,237.0 Hiddenbrook - 164.0 Parklawn
High Point Pool,Week5,Wakefield Chapel,Week1,261.0 Wakefield Chapel - 141.0 High Point Pool
Hiddenbrook,Week2,North Springfield,Week1,238.0 Hiddenbrook - 111.0 North Springfield
High Point Pool,Week5,Pinecrest,Week4,234.0 Pinecrest - 168.0 High Point Pool
High Point Pool,Week2,Wakefield Chapel,Week2,255.0 Wakefield Chapel - 147.0 High Point Pool
High Point Pool,Week2,Rolling Forest,Week2,280.0 High Point Pool - 122.0 Rolling Forest
High Point Pool,Week5,High Point Pool,Week5,200.0 High Point Pool (HPP1) - 200.0 High Point Pool (HPP2)
Highland Park,Week2,Daventry,Week5,293.0 Highland Park - 109.0 Daventry
High Point Pool,Week3,Camelot,Week4,257.0 High Point Pool - 145.0 Camelot
High Point Pool,Week3,Highland Park,Week4,217.0 High Point Pool - 185.0 Highland Park
Hiddenbrook,Week3,Highland Park,Week3,234.0 Highland Park - 168.0 Hiddenbrook
High Point Pool,Week5,Pinecrest,Week2,235.0 Pinecrest - 167.0 High Point Pool
Highland Park,Week5,Daventry,Week5,291.0 Highland Park - 111.0 Daventry
High Point Pool,Week2,Rolling Forest,Week1,260.0 High Point Pool - 142.0 Rolling Forest
Hiddenbrook,Week3,North Springfield,Week2,271.0 Hiddenbrook - 116.0 North Springfield
Hiddenbrook,Week1,Highland Park,Week3,254.0 Highland Park - 148.0 Hiddenbrook
Hiddenbrook,Week4,Overlee,Week5,368.0 Overlee - 34.0 Hiddenbrook
Hiddenbrook,Week1,Parliament,Week2,221.0 Parliament - 181.0 Hiddenbrook
High Point Pool,Week4,Camelot,Week5,258.0 High Point Pool - 144.0 Camelot
High Point Pool,Week2,Highland Park,Week5,242.5 High Point Pool - 159.5 Highland Park
High Point Pool,Week4,Canterbury Woods,Week1,277.0 High Point Pool - 125.0 Canterbury Woods
Hiddenbrook,Week4,Parklawn,Week4,203.0 Hiddenbrook - 198.0 Parklawn
High Point Pool,Week3,Canterbury Woods,Week1,270.0 High Point Pool - 132.0 Canterbury Woods
Highland Park,Week3,Daventry,Week1,304.0 Highland Park - 93.0 Daventry
High Point Pool,Week2,Rolling Forest,Week4,274.0 High Point Pool - 128.0 Rolling Forest
High Point Pool,Week1,Highland Park,Week5,230.0 High Point Pool - 172.0 Highland Park
Highland Park,Week5,Daventry,Week2,313.0 Highland Park - 88.0 Daventry
High Point Pool,Week4,Walden Glen,Week4,237.0 High Point Pool - 165.0 Walden Glen
High Point Pool,Week2,Highland Park,Week3,260.0 High Point Pool - 142.0 Highland Park
Hiddenbrook,Week5,Newington Forest,Week3,258.0 Hiddenbrook - 144.0 Newington Forest
Hiddenbrook,Week4,North Springfield,Week1,267.0 Hiddenbrook - 83.0 North Springfield
Hiddenbrook,Week1,Parliament,Week3,231.0 Parliament - 171.0 Hiddenbrook
Hiddenbrook,Week5,High Point Pool,Week3,260.0 High Point Pool - 142.0 Hiddenbrook
Hiddenbrook,Week5,High Point Pool,Week5,260.0 High Point Pool - 142.0 Hiddenbrook
Highland Park,Week5,Daventry,Week3,311.0 Highland Park - 91.0 Daventry
High Point Pool,Week5,Wakefield Chapel,Week3,277.0 Wakefield Chapel - 125.0 High Point Pool
High Point Pool,Week3,Rolling Forest,Week2,266.0 High Point Pool - 136.0 Rolling Forest
High Point Pool,Week1,Canterbury Woods,Week3,254.0 High Point Pool - 148.0 Canterbury Woods
High Point Pool,Week4,Canterbury Woods,Week4,256.0 High Point Pool - 146.0 Canterbury Woods
Hiddenbrook,Week3,Parklawn,Week3,229.5 Hiddenbrook - 172.5 Parklawn
High Point Pool,Week4,Rolling Forest,Week2,275.0 High Point Pool - 127.0 Rolling Forest
High Point Pool,Week1,Highland Park,Week3,235.0 High Point Pool - 167.0 Highland Park
High Point Pool,Week4,Wakefield Chapel,Week5,280.0 Wakefield Chapel - 122.0 High Point Pool
High Point Pool,Week3,Pinewood Lake,Week3,379.0 High Point Pool - 22.0 Pinewood Lake
High Point Pool,Week5,Wakefield Chapel,Week5,278.0 Wakefield Chapel - 124.0 High Point Pool
High Point Pool,Week3,Canterbury Woods,Week4,247.0 High Point Pool - 155.0 Canterbury Woods
Hiddenbrook,Week4,Newington Forest,Week2,242.0 Hiddenbrook - 159.0 Newington Forest
High Point Pool,Week5,Wakefield Chapel,Week4,248.0 Wakefield Chapel - 154.0 High Point Pool
Hiddenbrook,Week2,Highland Park,Week1,297.0 Highland Park - 105.0 Hiddenbrook
Highland Park,Week5,Daventry,Week4,324.0 Highland Park - 78.0 Daventry
High Point Pool,Week4,Highland Park,Week4,227.0 High Point Pool - 175.0 Highland Park
Hiddenbrook,Week1,Highland Park,Week5,265.0 Highland Park - 137.0 Hiddenbrook
Hiddenbrook,Week5,Parklawn,Week1,283.0 Hiddenbrook - 110.0 Parklawn
Highland Park,Week3,Dominion Hills,Week2,207.0 Highland Park - 195.0 Dominion Hills
High Point Pool,Week3,Rolling Forest,Week1,257.0 High Point Pool - 145.0 Rolling Forest
High Point Pool,Week3,Rolling Forest,Week5,248.0 High Point Pool - 154.0 Rolling Forest
High Point Pool,Week3,Pinewood Lake,Week4,378.0 High Point Pool - 23.0 Pinewood Lake
High Point Pool,Week3,Canterbury Woods,Week3,257.0 High Point Pool - 145.0 Canterbury Woods
Highland Park,Week4,Daventry,Week2,317.0 Highland Park - 85.0 Daventry
High Point Pool,Week5,Pinecrest,Week5,226.0 Pinecrest - 176.0 High Point Pool
Hiddenbrook,Week3,Newington Forest,Week5,214.0 Hiddenbrook - 188.0 Newington Forest
Hiddenbrook,Week4,Parklawn,Week3,238.0 Hiddenbrook - 163.0 Parklawn
High Point Pool,Week4,Pinecrest,Week4,226.0 Pinecrest - 176.0 High Point Pool
High Point Pool,Week2,Highland Park,Week4,227.0 High Point Pool - 175.0 Highland Park
Hiddenbrook,Week5,Parklawn,Week3,254.0 Hiddenbrook - 147.0 Parklawn
High Point Pool,Week1,Walden Glen,Week2,250.0 High Point Pool - 152.0 Walden Glen
High Point Pool,Week1,Pinewood Lake,Week1,356.0 High Point Pool - 39.0 Pinewood Lake
Hiddenbrook,Week1,Highland Park,Week2,258.0 Highland Park - 144.0 Hiddenbrook
High Point Pool,Week4,Highland Park,Week1,222.0 High Point Pool - 180.0 Highland Park
Hiddenbrook,Week4,North Springfield,Week4,279.0 Hiddenbrook - 107.0 North Springfield
High Point Pool,Week3,Highland Park,Week1,214.0 High Point Pool - 188.0 Highland Park
High Point Pool,Week5,Camelot,Week5,270.0 High Point Pool - 131.0 Camelot
High Point Pool,Week4,Wakefield Chapel,Week3,265.0 Wakefield Chapel - 137.0 High Point Pool
High Point Pool,Week5,Canterbury Woods,Week2,267.0 High Point Pool - 135.0 Canterbury Woods
Hiddenbrook,Week3,Newington Forest,Week1,238.0 Hiddenbrook - 164.0 Newington Forest
High Point Pool,Week4,Pinecrest,Week1,209.0 High Point Pool - 193.0 Pinecrest
High Point Pool,Week4,Rolling Forest,Week5,259.0 High Point Pool - 143.0 Rolling Forest
High Point Pool,Week1,Walden Glen,Week1,269.0 High Point Pool - 133.0 Walden Glen
Hiddenbrook,Week5,Newington Forest,Week4,244.0 Hiddenbrook - 158.0 Newington Forest
Hiddenbrook,Week2,Highland Park,Week2,280.0 Highland Park - 122.0 Hiddenbrook
High Point Pool,Week5,Rolling Forest,Week1,265.0 High Point Pool - 137.0 Rolling Forest
Highland Park,Week5,Daventry,Week1,323.0 Highland Park - 79.0 Daventry
Highland Park,Week1,Dominion Hills,Week1,246.0 Highland Park - 156.0 Dominion Hills
High Point Pool,Week5,Canterbury Woods,Week4,256.0 High Point Pool - 146.0 Canterbury Woods
High Point Pool,Week4,Rolling Forest,Week3,253.0 High Point Pool - 149.0 Rolling Forest
High Point Pool,Week4,Highland Park,Week5,235.0 High Point Pool - 167.0 Highland Park
Hiddenbrook,Week4,Parklawn,Week1,253.0 Hiddenbrook - 135.0 Parklawn
High Point Pool,Week2,Pinewood Lake,Week2,370.0 High Point Pool - 30.0 Pinewood Lake
Highland Park,Week1,Dominion Hills,Week4,203.0 Dominion Hills - 199.0 Highland Park
High Point Pool,Week5,Rolling Forest,Week3,247.0 High Point Pool - 155.0 Rolling Forest
Hiddenbrook,Week4,Newington Forest,Week5,220.0 Hiddenbrook - 182.0 Newington Forest
High Point Pool,Week3,Highland Park,Week2,242.0 High Point Pool - 160.0 Highland Park
High Point Pool,Week3,Pinewood Lake,Week5,366.0 High Point Pool - 35.0 Pinewood Lake
High Point Pool,Week5,Highland Park,Week2,238.5 High Point Pool - 163.5 Highland Park
Hiddenbrook,Week1,Parliament,Week4,232.0 Parliament - 170.0 Hiddenbrook
High Point Pool,Week1,Rolling Forest,Week2,259.0 High Point Pool - 143.0 Rolling Forest
High Point Pool,Week1,Rolling Forest,Week1,238.0 High Point Pool - 164.0 Rolling Forest
Hiddenbrook,Week1,Parliament,Week1,250.0 Parliament - 152.0 Hiddenbrook
Hiddenbrook,Week5,Parklawn,Week2,244.0 Hiddenbrook - 157.0 Parklawn
High Point Pool,Week5,Rolling Forest,Week5,250.0 High Point Pool - 152.0 Rolling Forest
High Point Pool,Week5,Pinecrest,Week1,202.0 Pinecrest - 200.0 High Point Pool
Hiddenbrook,Week5,Parliament,Week1,229.0 Parliament - 173.0 Hiddenbrook
High Point Pool,Week1,Pinewood Lake,Week5,356.0 High Point Pool - 40.0 Pinewood Lake
Hiddenbrook,Week5,Newington Forest,Week5,226.5 Hiddenbrook - 175.5 Newington Forest
High Point Pool,Week4,Highland Park,Week3,236.0 High Point Pool - 166.0 Highland Park
High Point Pool,Week4,Wakefield Chapel,Week2,256.0 Wakefield Chapel - 146.0 High Point Pool
Hiddenbrook,Week4,Highland Park,Week2,233.0 Highland Park - 169.0 Hiddenbrook
High Point Pool,Week3,Canterbury Woods,Week5,251.0 High Point Pool - 151.0 Canterbury Woods
High Point Pool,Week2,Highland Park,Week2,246.0 High Point Pool - 156.0 Highland Park
High Point Pool,Week2,Canterbury Woods,Week2,281.0 High Point Pool - 121.0 Canterbury Woods
Hiddenbrook,Week2,Highland Park,Week3,280.0 Highland Park - 122.0 Hiddenbrook
Hiddenbrook,Week1,North Springfield,Week4,276.0 Hiddenbrook - 115.0 North Springfield
High Point Pool,Week2,Canterbury Woods,Week3,273.0 High Point Pool - 129.0 Canterbury Woods
Hiddenbrook,Week3,Highland Park,Week1,259.0 Highland Park - 143.0 Hiddenbrook
Highland Park,Week2,Dominion Hills,Week5,216.0 Dominion Hills - 186.0 Highland Park
High Point Pool,Week4,Canterbury Woods,Week2,279.0 High Point Pool - 123.0 Canterbury Woods
Hiddenbrook,Week5,Highland Park,Week1,241.0 Highland Park - 161.0 Hiddenbrook
Hiddenbrook,Week1,North Springfield,Week3,247.0 Hiddenbrook - 150.0 North Springfield
Highland Park,Week3,Daventry,Week4,311.0 Highland Park - 91.0 Daventry
High Point Pool,Week5,Highland Park,Week3,242.0 High Point Pool - 160.0 Highland Park
High Point Pool,Week2,Walden Glen,Week3,279.0 High Point Pool - 123.0 Walden Glen
High Point Pool,Week2,Pinewood Lake,Week3,377.0 High Point Pool - 23.0 Pinewood Lake
Hiddenbrook,Week2,Highland Park,Week5,299.0 Highland Park - 103.0 Hiddenbrook
Hiddenbrook,Week3,Newington Forest,Week3,238.5 Hiddenbrook - 163.5 Newington Forest
Hiddenbrook,Week5,Parklawn,Week4,217.0 Hiddenbrook - 184.0 Parklawn
Highland Park,Week2,Dominion Hills,Week2,220.0 Highland Park - 182.0 Dominion Hills
High Point Pool,Week5,Wakefield Chapel,Week2,261.0 Wakefield Chapel - 141.0 High Point Pool
High Point Pool,Week3,Rolling Forest,Week4,267.0 High Point Pool - 135.0 Rolling Forest
High Point Pool,Week2,Walden Glen,Week1,291.0 High Point Pool - 111.0 Walden Glen
Highland Park,Week3,Dominion Hills,Week3,222.0 Highland Park - 180.0 Dominion Hills
Hiddenbrook,Week1,Highland Park,Week1,268.0 Highland Park - 134.0 Hiddenbrook
High Point Pool,Week2,Walden Glen,Week4,260.0 High Point Pool - 142.0 Walden Glen
High Point Pool,Week3,Walden Glen,Week1,282.0 High Point Pool - 120.0 Walden Glen
High Point Pool,Week1,Rolling Hills,Week3,268.0 High Point Pool - 134.0 Rolling Hills
Hiddenbrook,Week1,Parliament,Week5,239.0 Parliament - 163.0 Hiddenbrook
Hiddenbrook,Week5,Highland Park,Week2,234.0 Highland Park - 168.0 Hiddenbrook
High Point Pool,Week1,Highlands Swim,Week3,278.0 Highlands Swim - 124.0 High Point Pool
Highland Park,Week3,Dominion Hills,Week5,237.0 Dominion Hills - 165.0 Highland Park
High Point Pool,Week4,Pinecrest,Week3,240.0 Pinecrest - 162.0 High Point Pool
High Point Pool,Week4,Canterbury Woods,Week5,254.0 High Point Pool - 148.0 Canterbury Woods
Hiddenbrook,Week1,Pinecrest,Week1,298.0 Pinecrest - 104.0 Hiddenbrook
High Point Pool,Week3,Pinewood Lake,Week1,368.0 High Point Pool - 30.0 Pinewood Lake
Hiddenbrook,Week4,North Springfield,Week3,264.0 Hiddenbrook - 132.0 North Springfield
High Point Pool,Week4,Wakefield Chapel,Week4,254.0 Wakefield Chapel - 148.0 High Point Pool
Hiddenbrook,Week2,Pinecrest,Week2,338.0 Pinecrest - 64.0 Hiddenbrook
High Point Pool,Week2,Rolling Forest,Week3,253.0 High Point Pool - 149.0 Rolling Forest
Highland Park,Week3,Dominion Hills,Week4,221.0 Dominion Hills - 181.0 Highland Park
High Point Pool,Week4,Pinewood Lake,Week1,364.0 High Point Pool - 36.0 Pinewood Lake
Hiddenbrook,Week2,North Springfield,Week4,220.0 Hiddenbrook - 156.0 North Springfield
High Point Pool,Week1,Highlands Swim,Week1,275.0 Highlands Swim - 127.0 High Point Pool
Hiddenbrook,Week5,Parliament,Week2,201.0 Hiddenbrook - 201.0 Parliament
Hiddenbrook,Week5,High Point Pool,Week4,262.0 High Point Pool - 140.0 Hiddenbrook
High Point Pool,Week3,Walden Glen,Week2,251.0 High Point Pool - 151.0 Walden Glen
Highland Park,Week3,Daventry,Week3,295.0 Highland Park - 107.0 Daventry
High Point Pool,Week5,Canterbury Woods,Week3,262.0 High Point Pool - 140.0 Canterbury Woods
High Point Pool,Week1,Highlands Swim,Week2,285.0 Highlands Swim - 117.0 High Point Pool
High Point Pool,Week5,Canterbury Woods,Week1,272.0 High Point Pool - 130.0 Canterbury Woods
Hiddenbrook,Week4,Highland Park,Week1,252.0 Highland Park - 150.0 Hiddenbrook
High Point Pool,Week1,Canterbury Woods,Week1,266.0 High Point Pool - 136.0 Canterbury Woods
Highland Park,Week4,Dominion Hills,Week1,250.0 Highland Park - 152.0 Dominion Hills
High Point Pool,Week5,Riverside Gardens,Week4,239.0 Riverside Gardens - 163.0 High Point Pool
Hiddenbrook,Week2,North Springfield,Week5,204.0 Hiddenbrook - 164.0 North Springfield
Hiddenbrook,Week2,North Springfield,Week3,213.0 Hiddenbrook - 173.0 North Springfield
High Point Pool,Week5,Pinewood Lake,Week5,367.0 High Point Pool - 34.0 Pinewood Lake
High Point Pool,Week2,Walden Glen,Week2,269.0 High Point Pool - 132.0 Walden Glen
High Point Pool,Week5,Camelot,Week4,264.0 High Point Pool - 138.0 Camelot
High Point Pool,Week4,Rolling Forest,Week1,254.0 High Point Pool - 148.0 Rolling Forest
High Point Pool,Week1,Walden Glen,Week3,263.0 High Point Pool - 139.0 Walden Glen
Hiddenbrook,Week3,North Springfield,Week1,268.0 Hiddenbrook - 82.0 North Springfield
High Point Pool,Week5,Dunn Loring,Week1,205.0 High Point Pool - 197.0 Dunn Loring
High Point Pool,Week4,Pleasant Valley,Week3,314.0 High Point Pool - 88.0 Pleasant Valley
High Point Pool,Week1,Canterbury Woods,Week2,262.0 High Point Pool - 140.0 Canterbury Woods
Highland Park,Week2,Dominion Hills,Week4,205.0 Dominion Hills - 197.0 Highland Park
High Point Pool,Week3,Dunn Loring,Week2,246.0 Dunn Loring - 156.0 High Point Pool
Hiddenbrook,Week3,Pinecrest,Week1,286.0 Pinecrest - 116.0 Hiddenbrook
High Point Pool,Week1,Walden Glen,Week4,248.0 High Point Pool - 154.0 Walden Glen
Highland Park,Week4,Dominion Hills,Week2,232.0 Highland Park - 170.0 Dominion Hills
High Point Pool,Week1,Rolling Forest,Week3,231.0 High Point Pool - 171.0 Rolling Forest
Highland Park,Week1,Dominion Hills,Week5,206.0 Dominion Hills - 196.0 Highland Park
High Point Pool,Week1,Pleasant Valley,Week1,323.0 High Point Pool - 79.0 Pleasant Valley
High Point Pool,Week1,Rolling Hills,Week5,278.5 High Point Pool - 123.5 Rolling Hills
Hiddenbrook,Week1,Highland Park,Week4,280.0 Highland Park - 122.0 Hiddenbrook
High Point Pool,Week4,Pinewood Lake,Week4,368.0 High Point Pool - 32.0 Pinewood Lake
High Point Pool,Week1,Canterbury Woods,Week5,248.0 High Point Pool - 154.0 Canterbury Woods
Hiddenbrook,Week3,North Springfield,Week5,249.0 Hiddenbrook - 124.0 North Springfield
Hiddenbrook,Week2,Parliament,Week4,260.0 Parliament - 137.0 Hiddenbrook
Hiddenbrook,Week4,Highland Park,Week3,231.0 Highland Park - 171.0 Hiddenbrook
Hiddenbrook,Week3,Highland Park,Week5,261.0 Highland Park - 141.0 Hiddenbrook
High Point Pool,Week1,Dunn Loring,Week1,217.0 Dunn Loring - 185.0 High Point Pool
High Point Pool,Week1,Dunn Loring,Week5,253.5 Dunn Loring - 148.5 High Point Pool
High Point Pool,Week2,Walden Glen,Week5,244.0 High Point Pool - 158.0 Walden Glen
High Point Pool,Week3,Walden Glen,Week3,272.0 High Point Pool - 130.0 Walden Glen
High Point Pool,Week4,Dunn Loring,Week3,246.0 Dunn Loring - 156.0 High Point Pool
High Point Pool,Week4,Pinewood Lake,Week5,363.0 High Point Pool - 38.0 Pinewood Lake
Hiddenbrook,Week4,North Springfield,Week2,280.0 Hiddenbrook - 107.0 North Springfield
Hiddenbrook,Week4,North Springfield,Week5,241.0 Hiddenbrook - 132.0 North Springfield
Hiddenbrook,Week5,North Springfield,Week2,284.0 Hiddenbrook - 104.0 North Springfield
High Point Pool,Week4,Pinewood Lake,Week3,372.0 High Point Pool - 28.0 Pinewood Lake
High Point Pool,Week1,Rolling Hills,Week2,271.0 High Point Pool - 131.0 Rolling Hills
High Point Pool,Week1,Pleasant Valley,Week4,323.0 High Point Pool - 73.0 Pleasant Valley
Highland Park,Week2,Dominion Hills,Week3,227.0 Highland Park - 175.0 Dominion Hills
Hiddenbrook,Week3,North Springfield,Week3,263.0 Hiddenbrook - 133.0 North Springfield
High Point Pool,Week2,Pleasant Valley,Week5,334.0 High Point Pool - 68.0 Pleasant Valley
Hiddenbrook,Week3,North Springfield,Week4,276.0 Hiddenbrook - 115.0 North Springfield
Hiddenbrook,Week3,Highland Park,Week4,258.0 Highland Park - 144.0 Hiddenbrook
High Point Pool,Week2,Rolling Hills,Week2,292.0 High Point Pool - 110.0 Rolling Hills
Highland Park,Week2,Dominion Hills,Week1,235.0 Highland Park - 167.0 Dominion Hills
Hiddenbrook,Week5,High Point Pool,Week2,278.0 High Point Pool - 124.0 Hiddenbrook
Hiddenbrook,Week4,Parliament,Week4,222.0 Parliament - 180.0 Hiddenbrook
Highland Park,Week4,Daventry,Week5,300.0 Highland Park - 102.0 Daventry
High Point Pool,Week2,Canterbury Woods,Week5,265.0 High Point Pool - 136.0 Canterbury Woods
Hiddenbrook,Week3,Parliament,Week4,219.0 Parliament - 183.0 Hiddenbrook
High Point Pool,Week3,Walden Glen,Week5,243.0 High Point Pool - 159.0 Walden Glen
Hiddenbrook,Week2,Parliament,Week2,248.0 Parliament - 148.0 Hiddenbrook
Hiddenbrook,Week3,Parliament,Week5,233.0 Parliament - 168.0 Hiddenbrook
Hiddenbrook,Week3,Highland Park,Week2,244.0 Highland Park - 158.0 Hiddenbrook
High Point Pool,Week1,Rolling Hills,Week1,271.0 High Point Pool - 131.0 Rolling Hills
High Point Pool,Week1,Dunn Loring,Week2,248.0 Dunn Loring - 154.0 High Point Pool
High Point Pool,Week2,Canterbury Woods,Week1,282.0 High Point Pool - 120.0 Canterbury Woods
High Point Pool,Week1,Walden Glen,Week5,232.0 High Point Pool - 170.0 Walden Glen
High Point Pool,Week5,Rolling Forest,Week4,267.0 High Point Pool - 135.0 Rolling Forest
High Point Pool,Week2,Dunn Loring,Week3,248.0 Dunn Loring - 154.0 High Point Pool
Hiddenbrook,Week4,Highland Park,Week5,248.0 Highland Park - 154.0 Hiddenbrook
High Point Pool,Week1,Pleasant Valley,Week2,326.0 High Point Pool - 76.0 Pleasant Valley
High Point Pool,Week4,Canterbury Woods,Week3,266.0 High Point Pool - 136.0 Canterbury Woods
Hiddenbrook,Week3,Parliament,Week2,218.0 Parliament - 184.0 Hiddenbrook
High Point Pool,Week2,Rolling Hills,Week1,284.0 High Point Pool - 118.0 Rolling Hills
Highland Park,Week3,Daventry,Week5,288.0 Highland Park - 114.0 Daventry
High Point Pool,Week3,Dunn Loring,Week1,218.0 Dunn Loring - 184.0 High Point Pool
High Point Pool,Week3,Canterbury Woods,Week2,277.0 High Point Pool - 125.0 Canterbury Woods
High Point Pool,Week5,Walden Glen,Week5,240.0 High Point Pool - 162.0 Walden Glen
High Point Pool,Week1,Canterbury Woods,Week4,236.0 High Point Pool - 166.0 Canterbury Woods
Hiddenbrook,Week4,Highland Park,Week4,249.0 Highland Park - 153.0 Hiddenbrook
Highland Park,Week4,Daventry,Week4,326.0 Highland Park - 76.0 Daventry
High Point Pool,Week4,Walden Glen,Week2,252.0 High Point Pool - 150.0 Walden Glen
Hiddenbrook,Week1,Oakton ,Week1,312.0 Oakton - 90.0 Hiddenbrook
Hiddenbrook,Week4,Parliament,Week2,224.0 Parliament - 178.0 Hiddenbrook
High Point Pool,Week2,Pleasant Valley,Week1,339.0 High Point Pool - 62.0 Pleasant Valley
High Point Pool,Week3,Pleasant Valley,Week3,318.0 High Point Pool - 84.0 Pleasant Valley
High Point Pool,Week1,Chesterbrook,Week2,328.0 Chesterbrook - 74.0 High Point Pool
Hiddenbrook,Week5,North Springfield,Week1,288.0 Hiddenbrook - 63.0 North Springfield
High Point Pool,Week2,Pleasant Valley,Week3,327.0 High Point Pool - 75.0 Pleasant Valley
Hiddenbrook,Week1,Pinecrest,Week3,324.0 Pinecrest - 78.0 Hiddenbrook
High Point Pool,Week5,Dowden Terrace,Week1,246.0 High Point Pool - 155.0 Dowden Terrace
High Point Pool,Week5,Dowden Terrace,Week3,257.0 High Point Pool - 145.0 Dowden Terrace
High Point Pool,Week4,Walden Glen,Week3,268.0 High Point Pool - 134.0 Walden Glen
Highland Park,Week4,Daventry,Week1,329.0 Highland Park - 73.0 Daventry
Hiddenbrook,Week1,Pinecrest,Week2,320.0 Pinecrest - 82.0 Hiddenbrook
Hiddenbrook,Week3,Parliament,Week1,255.0 Parliament - 146.0 Hiddenbrook
High Point Pool,Week1,Dunn Loring,Week3,258.0 Dunn Loring - 144.0 High Point Pool
High Point Pool,Week4,Walden Glen,Week1,273.0 High Point Pool - 129.0 Walden Glen
High Point Pool,Week3,Cardinal Hill,Week1,240.0 Cardinal Hill - 162.0 High Point Pool
Hiddenbrook,Week4,Oakton ,Week1,301.0 Oakton - 101.0 Hiddenbrook
High Point Pool,Week1,Rolling Hills,Week4,274.0 High Point Pool - 128.0 Rolling Hills
Hiddenbrook,Week4,Oakton ,Week2,308.0 Oakton - 89.0 Hiddenbrook
High Point Pool,Week1,Little Hunting Park,Week5,282.0 High Point Pool - 120.0 Little Hunting Park
High Point Pool,Week3,Rolling Hills,Week3,283.0 High Point Pool - 119.0 Rolling Hills
High Point Pool,Week3,Lincolnia Park,Week1,335.0 High Point Pool - 67.0 Lincolnia Park
High Point Pool,Week4,Rolling Hills,Week2,280.0 High Point Pool - 122.0 Rolling Hills
High Point Pool,Week2,Canterbury Woods,Week4,263.0 High Point Pool - 139.0 Canterbury Woods
High Point Pool,Week2,Dunn Loring,Week4,231.0 Dunn Loring - 171.0 High Point Pool
Highland Park,Week1,Dominion Hills,Week2,233.0 Highland Park - 169.0 Dominion Hills
High Point Pool,Week2,Rolling Valley,Week3,340.0 High Point Pool - 62.0 Rolling Valley
Highland Park,Week1,Dominion Hills,Week3,248.0 Highland Park - 154.0 Dominion Hills
Hiddenbrook,Week4,Parliament,Week5,235.0 Parliament - 167.0 Hiddenbrook
High Point Pool,Week3,Dunn Loring,Week3,258.0 Dunn Loring - 144.0 High Point Pool
High Point Pool,Week4,Pleasant Valley,Week1,339.0 High Point Pool - 63.0 Pleasant Valley
High Point Pool,Week5,Lincolnia Park,Week5,306.0 High Point Pool - 87.0 Lincolnia Park
Hiddenbrook,Week2,Parliament,Week5,271.0 Parliament - 125.0 Hiddenbrook
High Point Pool,Week1,Waynewood,Week5,230.0 Waynewood - 172.0 High Point Pool
High Point Pool,Week5,Walden Glen,Week1,274.0 High Point Pool - 128.0 Walden Glen
High Point Pool,Week3,Cardinal Hill,Week2,203.0 Cardinal Hill - 199.0 High Point Pool
High Point Pool,Week3,Rolling Valley,Week2,334.0 High Point Pool - 68.0 Rolling Valley
High Point Pool,Week2,Cardinal Hill,Week1,214.0 Cardinal Hill - 188.0 High Point Pool
High Point Pool,Week5,Pinewood Lake,Week4,368.0 High Point Pool - 31.0 Pinewood Lake
High Point Pool,Week3,Pleasant Valley,Week4,337.0 High Point Pool - 65.0 Pleasant Valley
Highland Park,Week2,Donaldson Run,Week1,268.0 Donaldson Run - 134.0 Highland Park
High Point Pool,Week1,Cardinal Hill,Week5,216.0 Cardinal Hill - 186.0 High Point Pool
Hiddenbrook,Week2,Oakton ,Week4,340.0 Oakton - 62.0 Hiddenbrook
Hiddenbrook,Week2,Parliament,Week3,263.0 Parliament - 139.0 Hiddenbrook
Hiddenbrook,Week1,Oakton ,Week4,321.0 Oakton - 81.0 Hiddenbrook
Highland Park,Week3,Dominion Hills,Week1,233.5 Highland Park - 163.5 Dominion Hills
High Point Pool,Week5,Dowden Terrace,Week2,244.0 High Point Pool - 158.0 Dowden Terrace
High Point Pool,Week4,Lincolnia Park,Week4,325.0 High Point Pool - 77.0 Lincolnia Park
High Point Pool,Week4,Lincolnia Park,Week3,304.0 High Point Pool - 89.0 Lincolnia Park
High Point Pool,Week1,Waynewood,Week2,211.0 Waynewood - 191.0 High Point Pool
Hiddenbrook,Week5,Oakton ,Week1,289.0 Oakton - 113.0 Hiddenbrook
Highland Park,Week4,Donaldson Run,Week4,282.0 Donaldson Run - 120.0 Highland Park
High Point Pool,Week3,Rolling Hills,Week4,282.0 High Point Pool - 120.0 Rolling Hills
High Point Pool,Week3,Rolling Hills,Week5,276.0 High Point Pool - 126.0 Rolling Hills
High Point Pool,Week3,Rolling Hills,Week2,276.0 High Point Pool - 126.0 Rolling Hills
Highland Park,Week5,Dominion Hills,Week5,212.0 Dominion Hills - 190.0 Highland Park
Hiddenbrook,Week5,Parliament,Week4,213.0 Parliament - 189.0 Hiddenbrook
Hiddenbrook,Week4,Oakton ,Week5,320.0 Oakton - 77.0 Hiddenbrook
Highland Park,Week5,Dominion Hills,Week3,223.0 Highland Park - 179.0 Dominion Hills
High Point Pool,Week5,Pinewood Lake,Week3,368.0 High Point Pool - 27.0 Pinewood Lake
High Point Pool,Week3,Pleasant Valley,Week1,333.5 High Point Pool - 68.5 Pleasant Valley
Highland Park,Week5,Donaldson Run,Week3,272.0 Donaldson Run - 130.0 Highland Park
Hiddenbrook,Week5,Parliament,Week5,226.0 Parliament - 176.0 Hiddenbrook
High Point Pool,Week4,Cardinal Hill,Week4,211.0 Cardinal Hill - 191.0 High Point Pool
High Point Pool,Week3,Waynewood,Week3,222.0 Waynewood - 180.0 High Point Pool
High Point Pool,Week3,Cardinal Hill,Week5,228.0 Cardinal Hill - 174.0 High Point Pool
High Point Pool,Week5,Cardinal Hill,Week1,234.5 Cardinal Hill - 167.5 High Point Pool
High Point Pool,Week5,Dowden Terrace,Week5,223.0 High Point Pool - 179.0 Dowden Terrace
High Point Pool,Week4,Rolling Hills,Week4,290.5 High Point Pool - 111.5 Rolling Hills
High Point Pool,Week5,Walden Glen,Week2,245.0 High Point Pool - 157.0 Walden Glen
Hiddenbrook,Week5,Oakton ,Week2,301.0 Oakton - 101.0 Hiddenbrook
High Point Pool,Week3,Pleasant Valley,Week5,326.0 High Point Pool - 76.0 Pleasant Valley
High Point Pool,Week1,Cardinal Hill,Week4,211.0 Cardinal Hill - 191.0 High Point Pool
High Point Pool,Week2,Rolling Hills,Week4,293.0 High Point Pool - 108.0 Rolling Hills
High Point Pool,Week2,Pleasant Valley,Week2,343.0 High Point Pool - 58.0 Pleasant Valley
High Point Pool,Week1,Lincolnia Park,Week5,304.0 High Point Pool - 89.0 Lincolnia Park
High Point Pool,Week5,Walden Glen,Week3,260.0 High Point Pool - 142.0 Walden Glen
Hiddenbrook,Week2,Parliament,Week1,276.0 Parliament - 120.0 Hiddenbrook
High Point Pool,Week3,Rolling Hills,Week1,267.0 High Point Pool - 135.0 Rolling Hills
Hiddenbrook,Week3,Oakton ,Week4,317.0 Oakton - 85.0 Hiddenbrook
Highland Park,Week4,Dominion Hills,Week5,206.0 Dominion Hills - 196.0 Highland Park
High Point Pool,Week3,Dunn Loring,Week4,249.0 Dunn Loring - 153.0 High Point Pool
High Point Pool,Week3,Cardinal Hill,Week3,246.0 Cardinal Hill - 156.0 High Point Pool
High Point Pool,Week5,Dowden Terrace,Week4,239.0 High Point Pool - 163.0 Dowden Terrace
High Point Pool,Week2,Dunn Loring,Week1,212.0 High Point Pool - 190.0 Dunn Loring
High Point Pool,Week4,Pleasant Valley,Week5,325.0 High Point Pool - 77.0 Pleasant Valley
High Point Pool,Week1,Waynewood,Week3,219.5 Waynewood - 182.5 High Point Pool
Hiddenbrook,Week2,Oakton ,Week2,340.0 Oakton - 57.0 Hiddenbrook
High Point Pool,Week2,Waynewood,Week5,217.0 Waynewood - 185.0 High Point Pool
High Point Pool,Week3,Dunn Loring,Week5,252.5 Dunn Loring - 149.5 High Point Pool
High Point Pool,Week1,Little Hunting Park,Week3,303.0 High Point Pool - 99.0 Little Hunting Park
High Point Pool,Week2,Lincolnia Park,Week3,317.0 High Point Pool - 76.0 Lincolnia Park
Hiddenbrook,Week1,Pinecrest,Week4,313.0 Pinecrest - 89.0 Hiddenbrook
High Point Pool,Week5,Lincolnia Park,Week2,333.0 High Point Pool - 59.0 Lincolnia Park
High Point Pool,Week5,Rolling Hills,Week4,286.0 High Point Pool - 115.0 Rolling Hills
Highland Park,Week3,Donaldson Run,Week3,286.0 Donaldson Run - 116.0 Highland Park
Hiddenbrook,Week4,Parliament,Week1,254.0 Parliament - 148.0 Hiddenbrook
High Point Pool,Week4,Dunn Loring,Week1,211.0 High Point Pool - 191.0 Dunn Loring
High Point Pool,Week5,Rolling Hills,Week2,281.0 High Point Pool - 121.0 Rolling Hills
High Point Pool,Week5,Pleasant Valley,Week1,332.0 High Point Pool - 68.0 Pleasant Valley
High Point Pool,Week3,Lincolnia Park,Week5,310.0 High Point Pool - 83.0 Lincolnia Park
Hiddenbrook,Week1,Oakton ,Week2,320.0 Oakton - 82.0 Hiddenbrook
High Point Pool,Week4,Dunn Loring,Week2,230.0 Dunn Loring - 172.0 High Point Pool
Highland Park,Week3,Donaldson Run,Week1,264.0 Donaldson Run - 138.0 Highland Park
High Point Pool,Week4,Pleasant Valley,Week2,344.0 High Point Pool - 58.0 Pleasant Valley
Highland Park,Week4,Donaldson Run,Week3,285.5 Donaldson Run - 116.5 Highland Park
Hiddenbrook,Week2,Oakton ,Week1,337.0 Oakton - 60.0 Hiddenbrook
High Point Pool,Week3,Lincolnia Park,Week3,304.0 High Point Pool - 89.0 Lincolnia Park
Hiddenbrook,Week1,Oakton ,Week3,310.0 Oakton - 92.0 Hiddenbrook
High Point Pool,Week2,Waynewood,Week3,205.0 Waynewood - 197.0 High Point Pool
High Point Pool,Week2,Pleasant Valley,Week4,348.0 High Point Pool - 53.0 Pleasant Valley
High Point Pool,Week4,Dowden Terrace,Week5,215.5 High Point Pool - 186.5 Dowden Terrace
Hiddenbrook,Week4,Parliament,Week3,230.0 Parliament - 172.0 Hiddenbrook
High Point Pool,Week4,Rolling Hills,Week5,292.0 High Point Pool - 110.0 Rolling Hills
High Point Pool,Week1,Cardinal Hill,Week2,208.0 High Point Pool - 194.0 Cardinal Hill
High Point Pool,Week4,Lincolnia Park,Week5,306.0 High Point Pool - 87.0 Lincolnia Park
Hiddenbrook,Week3,Parliament,Week3,236.0 Parliament - 166.0 Hiddenbrook
High Point Pool,Week3,Lincolnia Park,Week4,333.0 High Point Pool - 69.0 Lincolnia Park
High Point Pool,Week4,Waynewood,Week1,215.0 High Point Pool - 187.0 Waynewood
Hiddenbrook,Week2,Oakton ,Week3,335.0 Oakton - 67.0 Hiddenbrook
High Point Pool,Week5,Cardinal Hill,Week4,218.0 Cardinal Hill - 184.0 High Point Pool
Hiddenbrook,Week5,Parliament,Week3,213.0 Parliament - 189.0 Hiddenbrook
Highland Park,Week4,Dominion Hills,Week4,215.0 Highland Park - 187.0 Dominion Hills
High Point Pool,Week2,Rolling Valley,Week1,356.0 High Point Pool - 46.0 Rolling Valley
High Point Pool,Week1,Dunn Loring,Week4,239.0 Dunn Loring - 163.0 High Point Pool
High Point Pool,Week2,Waynewood,Week4,208.0 High Point Pool - 194.0 Waynewood
High Point Pool,Week5,Canterbury Woods,Week5,257.0 High Point Pool - 144.0 Canterbury Woods
High Point Pool,Week1,Pleasant Valley,Week3,297.0 High Point Pool - 105.0 Pleasant Valley
High Point Pool,Week1,Little Hunting Park,Week1,287.0 High Point Pool - 115.0 Little Hunting Park
Highland Park,Week5,Dominion Hills,Week2,212.0 Highland Park - 190.0 Dominion Hills
Hiddenbrook,Week5,North Springfield,Week4,294.0 Hiddenbrook - 98.0 North Springfield
High Point Pool,Week2,Dunn Loring,Week5,245.0 Dunn Loring - 157.0 High Point Pool
High Point Pool,Week1,Little Hunting Park,Week4,294.0 High Point Pool - 108.0 Little Hunting Park
High Point Pool,Week2,Dunn Loring,Week2,231.0 Dunn Loring - 171.0 High Point Pool
High Point Pool,Week3,Waynewood,Week4,212.0 Waynewood - 190.0 High Point Pool
High Point Pool,Week4,Lincolnia Park,Week1,327.0 High Point Pool - 75.0 Lincolnia Park
High Point Pool,Week5,Rolling Hills,Week3,293.0 High Point Pool - 109.0 Rolling Hills
High Point Pool,Week2,Cardinal Hill,Week5,214.0 Cardinal Hill - 188.0 High Point Pool
High Point Pool,Week4,Cardinal Hill,Week2,204.0 High Point Pool - 198.0 Cardinal Hill
High Point Pool,Week1,Cardinal Hill,Week1,232.0 Cardinal Hill - 170.0 High Point Pool
Hiddenbrook,Week2,Pinecrest,Week1,320.0 Pinecrest - 82.0 Hiddenbrook
Hiddenbrook,Week3,Oakton ,Week3,301.0 Oakton - 96.0 Hiddenbrook
Hiddenbrook,Week2,Pinecrest,Week3,343.0 Pinecrest - 59.0 Hiddenbrook
Hiddenbrook,Week1,Pinecrest,Week5,302.0 Pinecrest - 99.0 Hiddenbrook
High Point Pool,Week4,Dunn Loring,Week4,233.0 Dunn Loring - 169.0 High Point Pool
Highland Park,Week5,Dominion Hills,Week4,201.0 Dominion Hills - 201.0 Highland Park
High Point Pool,Week5,Pinewood Lake,Week1,367.0 High Point Pool - 32.0 Pinewood Lake
High Point Pool,Week3,Waynewood,Week1,202.0 High Point Pool - 200.0 Waynewood
Highland Park,Week4,Dominion Hills,Week3,247.0 Highland Park - 155.0 Dominion Hills
High Point Pool,Week5,Pinewood Lake,Week2,370.0 High Point Pool - 28.0 Pinewood Lake
High Point Pool,Week4,Rolling Hills,Week3,279.0 High Point Pool - 123.0 Rolling Hills
Hiddenbrook,Week5,North Springfield,Week5,238.0 Hiddenbrook - 135.0 North Springfield
High Point Pool,Week4,Waynewood,Week3,207.0 Waynewood - 195.0 High Point Pool
Hiddenbrook,Week4,Oakton ,Week4,307.0 Oakton - 95.0 Hiddenbrook
High Point Pool,Week2,Rolling Valley,Week5,330.0 High Point Pool - 72.0 Rolling Valley
Hiddenbrook,Week2,Oakton ,Week5,357.0 Oakton - 40.0 Hiddenbrook
High Point Pool,Week2,Cardinal Hill,Week4,207.0 Cardinal Hill - 195.0 High Point Pool
High Point Pool,Week5,Fair Oaks ,Week4,231.0 High Point Pool - 171.0 Fair Oaks
High Point Pool,Week2,Rolling Valley,Week2,329.0 High Point Pool - 73.0 Rolling Valley
High Point Pool,Week4,Pleasant Valley,Week4,334.5 High Point Pool - 67.5 Pleasant Valley
High Point Pool,Week5,Rolling Hills,Week1,275.0 High Point Pool - 127.0 Rolling Hills
Highland Park,Week1,Donaldson Run,Week4,253.0 Donaldson Run - 149.0 Highland Park
High Point Pool,Week3,Pleasant Valley,Week2,339.0 High Point Pool - 63.0 Pleasant Valley
Highland Park,Week4,Donaldson Run,Week1,264.0 Donaldson Run - 138.0 Highland Park
High Point Pool,Week4,Cardinal Hill,Week5,214.5 Cardinal Hill - 187.5 High Point Pool
High Point Pool,Week4,Walden Glen,Week5,236.0 High Point Pool - 166.0 Walden Glen
Hiddenbrook,Week1,Oakton ,Week5,329.0 Oakton - 73.0 Hiddenbrook
High Point Pool,Week4,Dunn Loring,Week5,251.0 Dunn Loring - 151.0 High Point Pool
Highland Park,Week3,Donaldson Run,Week4,276.0 Donaldson Run - 126.0 Highland Park
Hiddenbrook,Week2,Pinewood Lake,Week4,308.0 Hiddenbrook - 70.0 Pinewood Lake
High Point Pool,Week5,Pleasant Valley,Week5,324.0 High Point Pool - 74.0 Pleasant Valley
Hiddenbrook,Week3,Pinecrest,Week5,302.0 Pinecrest - 95.0 Hiddenbrook
High Point Pool,Week2,Lincolnia Park,Week2,343.0 High Point Pool - 50.0 Lincolnia Park
Hiddenbrook,Week4,Oakton ,Week3,305.0 Oakton - 97.0 Hiddenbrook
Hiddenbrook,Week2,Pinecrest,Week4,338.0 Pinecrest - 64.0 Hiddenbrook
High Point Pool,Week1,Pleasant Valley,Week5,310.0 High Point Pool - 88.0 Pleasant Valley
Highland Park,Week1,Donaldson Run,Week5,286.0 Donaldson Run - 116.0 Highland Park
High Point Pool,Week1,Rolling Valley,Week1,338.0 High Point Pool - 63.0 Rolling Valley
High Point Pool,Week2,Lincolnia Park,Week5,323.0 High Point Pool - 70.0 Lincolnia Park
High Point Pool,Week1,Rolling Valley,Week3,320.0 High Point Pool - 82.0 Rolling Valley
High Point Pool,Week4,Cardinal Hill,Week3,238.0 Cardinal Hill - 164.0 High Point Pool
High Point Pool,Week4,Waynewood,Week2,210.0 Waynewood - 192.0 High Point Pool
High Point Pool,Week2,Lincolnia Park,Week1,342.5 High Point Pool - 59.5 Lincolnia Park
High Point Pool,Week4,Waynewood,Week4,204.5 Waynewood - 197.5 High Point Pool
Hiddenbrook,Week2,Pinecrest,Week5,330.0 Pinecrest - 72.0 Hiddenbrook
Highland Park,Week3,Donaldson Run,Week5,309.0 Donaldson Run - 93.0 Highland Park
High Point Pool,Week5,Dunn Loring,Week4,252.0 Dunn Loring - 150.0 High Point Pool
High Point Pool,Week1,Waynewood,Week4,210.0 Waynewood - 192.0 High Point Pool
High Point Pool,Week5,Walden Glen,Week4,243.0 High Point Pool - 159.0 Walden Glen
High Point Pool,Week4,Fair Oaks ,Week4,228.5 High Point Pool - 173.5 Fair Oaks
High Point Pool,Week1,Cardinal Hill,Week3,241.0 Cardinal Hill - 161.0 High Point Pool
High Point Pool,Week1,Lincolnia Park,Week4,330.0 High Point Pool - 72.0 Lincolnia Park
High Point Pool,Week5,Cardinal Hill,Week2,211.0 Cardinal Hill - 191.0 High Point Pool
High Point Pool,Week5,Pleasant Valley,Week2,335.0 High Point Pool - 65.0 Pleasant Valley
High Point Pool,Week2,Waynewood,Week1,211.0 High Point Pool - 191.0 Waynewood
High Point Pool,Week1,Poplar Heights,Week2,215.0 Poplar Heights - 187.0 High Point Pool
High Point Pool,Week1,Fair Oaks ,Week3,209.0 High Point Pool - 193.0 Fair Oaks
High Point Pool,Week1,Rolling Valley,Week4,317.0 High Point Pool - 85.0 Rolling Valley
High Point Pool,Week1,Poplar Heights,Week3,211.0 Poplar Heights - 191.0 High Point Pool
Hiddenbrook,Week1,Pinewood Lake,Week3,339.0 Hiddenbrook - 56.0 Pinewood Lake
High Point Pool,Week3,Cardinal Hill,Week4,225.0 Cardinal Hill - 177.0 High Point Pool
High Point Pool,Week1,Poplar Heights,Week1,205.0 High Point Pool - 197.0 Poplar Heights
Hiddenbrook,Week5,Old Keene Mill,Week3,263.5 Hiddenbrook - 138.5 Old Keene Mill
Hiddenbrook,Week1,Pinewood Lake,Week4,336.0 Hiddenbrook - 58.0 Pinewood Lake
High Point Pool,Week5,Dunn Loring,Week5,260.0 Dunn Loring - 142.0 High Point Pool
High Point Pool,Week3,Waynewood,Week5,228.0 Waynewood - 174.0 High Point Pool
Hiddenbrook,Week3,Oakton ,Week5,320.0 Oakton - 82.0 Hiddenbrook
High Point Pool,Week1,Chesterbrook,Week1,312.0 Chesterbrook - 90.0 High Point Pool
Hiddenbrook,Week5,Pinecrest,Week2,306.0 Pinecrest - 96.0 Hiddenbrook
Highland Park,Week1,Donaldson Run,Week1,253.0 Donaldson Run - 149.0 Highland Park
High Point Pool,Week2,Rolling Valley,Week4,339.0 High Point Pool - 63.0 Rolling Valley
High Point Pool,Week5,Pleasant Valley,Week4,328.0 High Point Pool - 69.0 Pleasant Valley
High Point Pool,Week4,Rolling Hills,Week1,276.0 High Point Pool - 126.0 Rolling Hills
High Point Pool,Week1,Waynewood,Week1,205.0 High Point Pool - 197.0 Waynewood
Highland Park,Week1,Donaldson Run,Week2,249.5 Donaldson Run - 152.5 Highland Park
Hiddenbrook,Week5,Pinecrest,Week1,279.0 Pinecrest - 123.0 Hiddenbrook
High Point Pool,Week5,Lincolnia Park,Week3,309.0 High Point Pool - 84.0 Lincolnia Park
Hiddenbrook,Week3,Oakton ,Week1,301.5 Oakton - 100.5 Hiddenbrook
High Point Pool,Week3,Waynewood,Week2,205.0 Waynewood - 197.0 High Point Pool
Highland Park,Week5,Dominion Hills,Week1,242.0 Highland Park - 160.0 Dominion Hills
High Point Pool,Week4,Lincolnia Park,Week2,328.0 High Point Pool - 64.0 Lincolnia Park
High Point Pool,Week5,Cardinal Hill,Week5,234.0 Cardinal Hill - 168.0 High Point Pool
Hiddenbrook,Week3,Oakton ,Week2,311.5 Oakton - 90.5 Hiddenbrook
High Point Pool,Week1,Rolling Valley,Week2,322.0 High Point Pool - 80.0 Rolling Valley
High Point Pool,Week3,Lincolnia Park,Week2,339.0 High Point Pool - 50.0 Lincolnia Park
High Point Pool,Week5,Lincolnia Park,Week1,338.0 High Point Pool - 64.0 Lincolnia Park
High Point Pool,Week3,Fair Oaks ,Week3,217.0 High Point Pool - 185.0 Fair Oaks
High Point Pool,Week2,Fair Oaks ,Week4,229.0 High Point Pool - 173.0 Fair Oaks
Hiddenbrook,Week4,Pinecrest,Week3,304.0 Pinecrest - 98.0 Hiddenbrook
High Point Pool,Week2,Cardinal Hill,Week3,237.0 Cardinal Hill - 165.0 High Point Pool
High Point Pool,Week3,Fair Oaks ,Week2,250.0 High Point Pool - 152.0 Fair Oaks
Hiddenbrook,Week2,Old Keene Mill,Week5,256.0 Old Keene Mill - 145.0 Hiddenbrook
Hiddenbrook,Week3,Pinecrest,Week4,301.0 Pinecrest - 101.0 Hiddenbrook
High Point Pool,Week5,Rolling Hills,Week5,285.0 High Point Pool - 117.0 Rolling Hills
High Point Pool,Week2,Cardinal Hill,Week2,217.0 High Point Pool - 185.0 Cardinal Hill
Highland Park,Week1,Donaldson Run,Week3,255.5 Donaldson Run - 146.5 Highland Park
High Point Pool,Week2,Rolling Hills,Week5,298.0 High Point Pool - 104.0 Rolling Hills
High Point Pool,Week1,Poplar Heights,Week4,210.0 Poplar Heights - 192.0 High Point Pool
High Point Pool,Week2,Fair Oaks ,Week2,261.0 High Point Pool - 141.0 Fair Oaks
High Point Pool,Week1,Long Branch,Week1,259.0 High Point Pool - 143.0 Long Branch
Highland Park,Week2,Donaldson Run,Week4,288.0 Donaldson Run - 114.0 Highland Park
Hiddenbrook,Week5,Old Keene Mill,Week5,233.0 Hiddenbrook - 169.0 Old Keene Mill
High Point Pool,Week1,Little Hunting Park,Week2,292.0 High Point Pool - 110.0 Little Hunting Park
High Point Pool,Week5,Lincolnia Park,Week4,332.0 High Point Pool - 70.0 Lincolnia Park
Hiddenbrook,Week3,Old Keene Mill,Week2,227.0 Hiddenbrook - 175.0 Old Keene Mill
High Point Pool,Week1,Fair Oaks ,Week1,227.5 High Point Pool - 174.5 Fair Oaks
High Point Pool,Week2,Rolling Hills,Week3,288.0 High Point Pool - 114.0 Rolling Hills
High Point Pool,Week5,Pleasant Valley,Week3,318.0 High Point Pool - 83.0 Pleasant Valley
Hiddenbrook,Week4,Pinecrest,Week4,295.0 Pinecrest - 107.0 Hiddenbrook
Highland Park,Week2,Donaldson Run,Week3,287.0 Donaldson Run - 115.0 Highland Park
High Point Pool,Week2,Waynewood,Week2,202.0 High Point Pool - 200.0 Waynewood
High Point Pool,Week4,Cardinal Hill,Week1,214.0 Cardinal Hill - 188.0 High Point Pool
High Point Pool,Week2,Lincolnia Park,Week4,346.0 High Point Pool - 56.0 Lincolnia Park
Highland Park,Week2,Donaldson Run,Week2,280.0 Donaldson Run - 122.0 Highland Park
High Point Pool,Week5,Chesterbrook,Week1,317.0 Chesterbrook - 85.0 High Point Pool
High Point Pool,Week1,Fair Oaks ,Week5,202.0 High Point Pool - 200.0 Fair Oaks
High Point Pool,Week4,Fair Oaks ,Week3,228.0 High Point Pool - 174.0 Fair Oaks
High Point Pool,Week5,Little Rocky Run,Week4,227.0 Little Rocky Run - 175.0 High Point Pool
Highland Park,Week4,Donaldson Run,Week5,303.0 Donaldson Run - 99.0 Highland Park
High Point Pool,Week5,Little Rocky Run,Week2,202.0 High Point Pool - 200.0 Little Rocky Run
High Point Pool,Week3,Chesterbrook,Week1,313.0 Chesterbrook - 89.0 High Point Pool
High Point Pool,Week3,Rolling Valley,Week1,354.0 High Point Pool - 47.0 Rolling Valley
High Point Pool,Week2,Chesterbrook,Week1,311.0 Chesterbrook - 91.0 High Point Pool
High Point Pool,Week5,Cardinal Hill,Week3,253.0 Cardinal Hill - 149.0 High Point Pool
Hiddenbrook,Week1,Pinewood Lake,Week2,335.0 Hiddenbrook - 61.0 Pinewood Lake
High Point Pool,Week2,Little Rocky Run,Week3,236.0 Little Rocky Run - 166.0 High Point Pool
Highland Park,Week2,Donaldson Run,Week5,314.0 Donaldson Run - 88.0 Highland Park
Hiddenbrook,Week2,Old Keene Mill,Week4,219.0 Old Keene Mill - 179.0 Hiddenbrook
High Point Pool,Week2,Little Hunting Park,Week5,291.0 High Point Pool - 111.0 Little Hunting Park
High Point Pool,Week4,Chesterbrook,Week1,311.0 Chesterbrook - 91.0 High Point Pool
High Point Pool,Week2,Rutherford,Week1,324.0 High Point Pool - 78.0 Rutherford
Hiddenbrook,Week1,Old Keene Mill,Week5,218.0 Old Keene Mill - 184.0 Hiddenbrook
Highland Park,Week4,Donaldson Run,Week2,278.0 Donaldson Run - 124.0 Highland Park
High Point Pool,Week2,Long Branch,Week1,268.0 High Point Pool - 134.0 Long Branch
High Point Pool,Week3,Long Branch,Week1,260.0 High Point Pool - 142.0 Long Branch
High Point Pool,Week3,Little Hunting Park,Week1,291.5 High Point Pool - 110.5 Little Hunting Park
Hiddenbrook,Week1,Old Keene Mill,Week2,221.0 Hiddenbrook - 181.0 Old Keene Mill
High Point Pool,Week3,Rutherford,Week5,287.0 High Point Pool - 115.0 Rutherford
Highland Park,Week3,Donaldson Run,Week2,280.0 Donaldson Run - 122.0 Highland Park
High Point Pool,Week1,Rolling Valley,Week5,308.0 High Point Pool - 94.0 Rolling Valley
High Point Pool,Week5,Fair Oaks ,Week2,247.0 High Point Pool - 155.0 Fair Oaks
High Point Pool,Week4,Little Hunting Park,Week1,291.0 High Point Pool - 111.0 Little Hunting Park
Hiddenbrook,Week5,Pinecrest,Week3,306.0 Pinecrest - 96.0 Hiddenbrook
Hiddenbrook,Week3,Pinewood Lake,Week2,341.0 Hiddenbrook - 52.0 Pinewood Lake
Hiddenbrook,Week5,Pinecrest,Week5,301.0 Pinecrest - 101.0 Hiddenbrook
Hiddenbrook,Week5,Oakton ,Week5,309.0 Oakton - 93.0 Hiddenbrook
Hiddenbrook,Week2,Pinewood Lake,Week5,293.0 Hiddenbrook - 94.0 Pinewood Lake
Hiddenbrook,Week3,Old Keene Mill,Week3,230.0 Hiddenbrook - 172.0 Old Keene Mill
High Point Pool,Week5,Dunn Loring,Week3,256.0 Dunn Loring - 146.0 High Point Pool
High Point Pool,Week2,Rutherford,Week4,307.0 High Point Pool - 95.0 Rutherford
High Point Pool,Week4,Little Hunting Park,Week2,291.0 High Point Pool - 111.0 Little Hunting Park
High Point Pool,Week2,Chesterbrook,Week5,324.0 Chesterbrook - 78.0 High Point Pool
High Point Pool,Week3,Fair Oaks ,Week5,211.0 High Point Pool - 191.0 Fair Oaks
High Point Pool,Week1,Long Branch,Week4,253.0 High Point Pool - 149.0 Long Branch
Hiddenbrook,Week5,Pinecrest,Week4,304.0 Pinecrest - 98.0 Hiddenbrook
High Point Pool,Week4,Rutherford,Week3,300.0 High Point Pool - 102.0 Rutherford
High Point Pool,Week5,Little Hunting Park,Week4,286.0 High Point Pool - 115.0 Little Hunting Park
Highland Park,Week5,Donaldson Run,Week1,269.5 Donaldson Run - 132.5 Highland Park
Hiddenbrook,Week3,Pinecrest,Week2,302.0 Pinecrest - 100.0 Hiddenbrook
Highland Park,Week1,Dunn Loring,Week1,220.0 Dunn Loring - 182.0 Highland Park
High Point Pool,Week2,Long Branch,Week4,278.0 High Point Pool - 124.0 Long Branch
High Point Pool,Week2,Chesterbrook,Week4,314.0 Chesterbrook - 88.0 High Point Pool
High Point Pool,Week5,Chesterbrook,Week5,331.0 Chesterbrook - 71.0 High Point Pool
High Point Pool,Week5,Long Branch,Week5,252.0 High Point Pool - 150.0 Long Branch
High Point Pool,Week2,Long Branch,Week5,272.0 High Point Pool - 130.0 Long Branch
High Point Pool,Week2,Fair Oaks ,Week5,214.0 High Point Pool - 188.0 Fair Oaks
Hiddenbrook,Week3,Pinecrest,Week3,303.0 Pinecrest - 99.0 Hiddenbrook
High Point Pool,Week4,Little Hunting Park,Week5,290.0 High Point Pool - 112.0 Little Hunting Park
High Point Pool,Week1,Little Rocky Run,Week1,229.0 Little Rocky Run - 173.0 High Point Pool
Hiddenbrook,Week2,Old Keene Mill,Week1,217.0 Old Keene Mill - 180.0 Hiddenbrook
Highland Park,Week4,Dowden Terrace,Week4,205.0 Highland Park - 197.0 Dowden Terrace
High Point Pool,Week5,Little Rocky Run,Week3,233.0 Little Rocky Run - 169.0 High Point Pool
High Point Pool,Week2,Rutherford,Week5,302.0 High Point Pool - 100.0 Rutherford
Highland Park,Week5,Donaldson Run,Week2,270.0 Donaldson Run - 132.0 Highland Park
Hiddenbrook,Week5,Oakton ,Week4,302.0 Oakton - 100.0 Hiddenbrook
High Point Pool,Week1,Chesterbrook,Week5,332.0 Chesterbrook - 70.0 High Point Pool
High Point Pool,Week2,Little Hunting Park,Week4,293.0 High Point Pool - 109.0 Little Hunting Park
Hiddenbrook,Week3,Old Keene Mill,Week1,235.0 Hiddenbrook - 167.0 Old Keene Mill
Hiddenbrook,Week2,Old Keene Mill,Week2,230.0 Old Keene Mill - 171.0 Hiddenbrook
Hiddenbrook,Week1,Pinewood Lake,Week1,332.0 Hiddenbrook - 66.0 Pinewood Lake
Highland Park,Week1,Dowden Terrace,Week1,241.0 Highland Park - 160.0 Dowden Terrace
High Point Pool,Week3,Rolling Valley,Week4,315.0 High Point Pool - 87.0 Rolling Valley
High Point Pool,Week3,Fair Oaks ,Week4,221.0 High Point Pool - 181.0 Fair Oaks
High Point Pool,Week2,Fair Oaks ,Week1,226.0 High Point Pool - 176.0 Fair Oaks
High Point Pool,Week4,Chesterbrook,Week5,329.0 Chesterbrook - 73.0 High Point Pool
High Point Pool,Week1,Rutherford,Week1,325.0 High Point Pool - 72.0 Rutherford
High Point Pool,Week5,Fair Oaks ,Week3,226.0 High Point Pool - 176.0 Fair Oaks
High Point Pool,Week4,Little Hunting Park,Week3,303.0 High Point Pool - 99.0 Little Hunting Park
High Point Pool,Week4,Rolling Valley,Week2,331.0 High Point Pool - 71.0 Rolling Valley
High Point Pool,Week5,Dunn Loring,Week2,242.0 Dunn Loring - 160.0 High Point Pool
Hiddenbrook,Week2,Pinewood Lake,Week3,315.0 Hiddenbrook - 62.0 Pinewood Lake
High Point Pool,Week3,Long Branch,Week2,272.0 High Point Pool - 130.0 Long Branch
Hiddenbrook,Week1,Old Keene Mill,Week1,225.0 Hiddenbrook - 176.0 Old Keene Mill
High Point Pool,Week1,Commonwealth,Week5,239.0 High Point Pool - 163.0 Commonwealth
High Point Pool,Week1,Rutherford,Week4,288.0 High Point Pool - 114.0 Rutherford
High Point Pool,Week2,Fair Oaks ,Week3,224.0 High Point Pool - 178.0 Fair Oaks
High Point Pool,Week1,Little Rocky Run,Week4,235.0 Little Rocky Run - 167.0 High Point Pool
Hiddenbrook,Week1,Old Keene Mill,Week4,221.0 Hiddenbrook - 181.0 Old Keene Mill
Highland Park,Week1,Dowden Terrace,Week3,244.0 Highland Park - 158.0 Dowden Terrace
Hiddenbrook,Week4,Pinecrest,Week1,285.5 Pinecrest - 116.5 Hiddenbrook
High Point Pool,Week4,Rolling Valley,Week3,329.0 High Point Pool - 73.0 Rolling Valley
Hiddenbrook,Week4,Pinecrest,Week5,296.0 Pinecrest - 106.0 Hiddenbrook
High Point Pool,Week4,Long Branch,Week1,259.0 High Point Pool - 143.0 Long Branch
High Point Pool,Week5,Fair Oaks ,Week5,211.0 High Point Pool - 191.0 Fair Oaks
High Point Pool,Week5,Little Hunting Park,Week2,268.0 High Point Pool - 133.0 Little Hunting Park
High Point Pool,Week2,Little Hunting Park,Week2,292.0 High Point Pool - 110.0 Little Hunting Park
High Point Pool,Week5,Chesterbrook,Week3,343.0 Chesterbrook - 59.0 High Point Pool
Highland Park,Week5,Donaldson Run,Week5,295.0 Donaldson Run - 107.0 Highland Park
High Point Pool,Week3,Long Branch,Week5,257.0 High Point Pool - 145.0 Long Branch
High Point Pool,Week2,Commonwealth,Week2,254.0 High Point Pool - 148.0 Commonwealth
Hiddenbrook,Week2,Pinewood Lake,Week2,296.0 Hiddenbrook - 80.0 Pinewood Lake
Hiddenbrook,Week2,Old Keene Mill,Week3,235.0 Old Keene Mill - 166.0 Hiddenbrook
Highland Park,Week1,Dowden Terrace,Week4,214.0 Highland Park - 188.0 Dowden Terrace
High Point Pool,Week2,Little Hunting Park,Week1,294.0 High Point Pool - 107.0 Little Hunting Park
High Point Pool,Week2,Commonwealth,Week3,281.0 High Point Pool - 121.0 Commonwealth
High Point Pool,Week4,Little Rocky Run,Week5,238.0 Little Rocky Run - 164.0 High Point Pool
Highland Park,Week1,Dowden Terrace,Week5,209.0 Dowden Terrace - 193.0 Highland Park
High Point Pool,Week2,Commonwealth,Week4,270.0 High Point Pool - 132.0 Commonwealth
High Point Pool,Week2,Rutherford,Week2,319.0 High Point Pool - 83.0 Rutherford
Highland Park,Week3,Dowden Terrace,Week1,205.0 Highland Park - 196.0 Dowden Terrace
Hiddenbrook,Week5,Oakton ,Week3,294.0 Oakton - 108.0 Hiddenbrook
Hiddenbrook,Week3,Old Keene Mill,Week4,236.0 Hiddenbrook - 166.0 Old Keene Mill
High Point Pool,Week2,Little Hunting Park,Week3,302.0 High Point Pool - 100.0 Little Hunting Park
Hiddenbrook,Week3,Old Keene Mill,Week5,211.0 Hiddenbrook - 190.0 Old Keene Mill
Hiddenbrook,Week2,Pinewood Lake,Week1,309.0 Hiddenbrook - 66.0 Pinewood Lake
High Point Pool,Week3,Commonwealth,Week1,285.0 High Point Pool - 117.0 Commonwealth
High Point Pool,Week1,Little Rocky Run,Week5,259.0 Little Rocky Run - 143.0 High Point Pool
Hiddenbrook,Week1,Old Keene Mill,Week3,212.0 Hiddenbrook - 190.0 Old Keene Mill
Hiddenbrook,Week3,Pinewood Lake,Week4,343.0 Hiddenbrook - 52.0 Pinewood Lake
Hiddenbrook,Week4,Pinecrest,Week2,290.0 Pinecrest - 112.0 Hiddenbrook
Highland Park,Week2,Dowden Terrace,Week1,216.0 Highland Park - 186.0 Dowden Terrace
High Point Pool,Week3,Little Hunting Park,Week5,278.0 High Point Pool - 123.0 Little Hunting Park
High Point Pool,Week4,Fair Oaks ,Week2,255.0 High Point Pool - 147.0 Fair Oaks
High Point Pool,Week1,Long Branch,Week5,255.0 High Point Pool - 147.0 Long Branch
High Point Pool,Week4,Fair Oaks ,Week1,229.0 High Point Pool - 173.0 Fair Oaks
High Point Pool,Week1,Fair Oaks ,Week2,240.0 High Point Pool - 162.0 Fair Oaks
High Point Pool,Week3,Rutherford,Week2,309.0 High Point Pool - 93.0 Rutherford
High Point Pool,Week3,Fair Oaks ,Week1,232.0 High Point Pool - 170.0 Fair Oaks
High Point Pool,Week1,Fair Oaks ,Week4,219.0 High Point Pool - 183.0 Fair Oaks
High Point Pool,Week4,Rolling Valley,Week5,326.0 High Point Pool - 76.0 Rolling Valley
Hiddenbrook,Week1,Pinewood Lake,Week5,340.0 Hiddenbrook - 58.0 Pinewood Lake
High Point Pool,Week1,Little Rocky Run,Week2,241.0 Little Rocky Run - 161.0 High Point Pool
Highland Park,Week2,Dowden Terrace,Week2,205.0 Highland Park - 197.0 Dowden Terrace
High Point Pool,Week4,Little Rocky Run,Week3,238.0 Little Rocky Run - 164.0 High Point Pool
Highland Park,Week1,Dowden Terrace,Week2,212.0 Highland Park - 190.0 Dowden Terrace
High Point Pool,Week3,Commonwealth,Week2,241.0 High Point Pool - 161.0 Commonwealth
Hiddenbrook,Week4,Old Keene Mill,Week1,224.0 Hiddenbrook - 178.0 Old Keene Mill
High Point Pool,Week5,Long Branch,Week3,271.0 High Point Pool - 130.0 Long Branch
Hiddenbrook,Week4,Old Keene Mill,Week2,229.0 Hiddenbrook - 173.0 Old Keene Mill
High Point Pool,Week3,Rutherford,Week4,299.0 High Point Pool - 103.0 Rutherford
High Point Pool,Week2,Commonwealth,Week5,264.0 High Point Pool - 138.0 Commonwealth
High Point Pool,Week4,Long Branch,Week3,280.0 High Point Pool - 122.0 Long Branch
Hiddenbrook,Week3,Pinewood Lake,Week1,348.0 Hiddenbrook - 46.0 Pinewood Lake
High Point Pool,Week4,Rolling Valley,Week1,347.0 High Point Pool - 55.0 Rolling Valley
Hiddenbrook,Week5,Old Keene Mill,Week1,265.0 Hiddenbrook - 137.0 Old Keene Mill
High Point Pool,Week4,Rolling Valley,Week4,317.0 High Point Pool - 85.0 Rolling Valley
High Point Pool,Week2,Little Rocky Run,Week1,208.0 Little Rocky Run - 194.0 High Point Pool
High Point Pool,Week5,Little Hunting Park,Week3,286.0 High Point Pool - 116.0 Little Hunting Park
Hiddenbrook,Week4,Old Keene Mill,Week4,235.0 Hiddenbrook - 167.0 Old Keene Mill
Hiddenbrook,Week4,Old Keene Mill,Week3,227.0 Hiddenbrook - 175.0 Old Keene Mill
High Point Pool,Week3,Little Hunting Park,Week4,298.0 High Point Pool - 104.0 Little Hunting Park
High Point Pool,Week2,Long Branch,Week2,272.0 High Point Pool - 130.0 Long Branch
High Point Pool,Week1,Fairfax,Week2,237.0 Fairfax - 165.0 High Point Pool
Hiddenbrook,Week4,Old Keene Mill,Week5,203.0 Old Keene Mill - 198.0 Hiddenbrook
High Point Pool,Week5,Little Rocky Run,Week5,246.0 Little Rocky Run - 156.0 High Point Pool
Highland Park,Week5,Donaldson Run,Week4,283.0 Donaldson Run - 119.0 Highland Park
High Point Pool,Week3,Chesterbrook,Week4,326.0 Chesterbrook - 76.0 High Point Pool
Hiddenbrook,Week3,Pinewood Lake,Week5,339.0 Hiddenbrook - 56.0 Pinewood Lake
Hiddenbrook,Week3,Pinewood Lake,Week3,347.0 Hiddenbrook - 46.0 Pinewood Lake
High Point Pool,Week3,Rolling Valley,Week5,327.0 High Point Pool - 75.0 Rolling Valley
Highland Park,Week3,Dowden Terrace,Week3,203.0 Highland Park - 199.0 Dowden Terrace
Hiddenbrook,Week4,Pinewood Lake,Week1,343.0 Hiddenbrook - 57.0 Pinewood Lake
High Point Pool,Week5,Fair Oaks ,Week1,226.0 High Point Pool - 176.0 Fair Oaks
Highland Park,Week3,Dowden Terrace,Week4,220.0 Dowden Terrace - 182.0 Highland Park
High Point Pool,Week1,Long Branch,Week2,259.0 High Point Pool - 143.0 Long Branch
High Point Pool,Week3,Chesterbrook,Week2,329.0 Chesterbrook - 73.0 High Point Pool
High Point Pool,Week4,Fair Oaks ,Week5,213.0 High Point Pool - 189.0 Fair Oaks
High Point Pool,Week5,Little Rocky Run,Week1,215.0 Little Rocky Run - 187.0 High Point Pool
Hiddenbrook,Week4,Pinewood Lake,Week2,342.0 Hiddenbrook - 57.0 Pinewood Lake
High Point Pool,Week3,Commonwealth,Week3,267.5 High Point Pool - 134.5 Commonwealth
High Point Pool,Week5,Little Hunting Park,Week5,276.0 High Point Pool - 122.0 Little Hunting Park
Highland Park,Week4,Dowden Terrace,Week2,207.0 Highland Park - 195.0 Dowden Terrace
High Point Pool,Week3,Rutherford,Week3,298.0 High Point Pool - 104.0 Rutherford
High Point Pool,Week3,Rolling Valley,Week3,339.0 High Point Pool - 63.0 Rolling Valley
High Point Pool,Week5,Rolling Valley,Week2,332.0 High Point Pool - 70.0 Rolling Valley
High Point Pool,Week1,Fairfax,Week3,227.0 Fairfax - 175.0 High Point Pool
High Point Pool,Week1,Commonwealth,Week2,232.0 High Point Pool - 170.0 Commonwealth
High Point Pool,Week1,Fairfax,Week1,216.0 Fairfax - 186.0 High Point Pool
High Point Pool,Week1,Fairfax,Week4,227.0 Fairfax - 175.0 High Point Pool
Hiddenbrook,Week4,Pinewood Lake,Week3,341.0 Hiddenbrook - 58.0 Pinewood Lake
High Point Pool,Week3,Chesterbrook,Week3,344.0 Chesterbrook - 58.0 High Point Pool
Highland Park,Week4,Dowden Terrace,Week3,234.5 Highland Park - 167.5 Dowden Terrace
High Point Pool,Week2,Little Rocky Run,Week2,214.0 Little Rocky Run - 188.0 High Point Pool
High Point Pool,Week2,Fairfax,Week1,205.0 Fairfax - 197.0 High Point Pool
High Point Pool,Week5,Rolling Valley,Week4,318.0 High Point Pool - 84.0 Rolling Valley
High Point Pool,Week1,Fairfax,Week5,250.0 Fairfax - 152.0 High Point Pool
High Point Pool,Week3,Long Branch,Week3,285.0 High Point Pool - 117.0 Long Branch
High Point Pool,Week5,Rolling Valley,Week1,340.0 High Point Pool - 62.0 Rolling Valley
Hiddenbrook,Week5,Pinewood Lake,Week3,355.0 Hiddenbrook - 44.0 Pinewood Lake
High Point Pool,Week4,Little Rocky Run,Week4,226.0 Little Rocky Run - 176.0 High Point Pool
High Point Pool,Week1,Long Branch,Week3,270.0 High Point Pool - 132.0 Long Branch
High Point Pool,Week1,Chesterbrook,Week3,342.0 Chesterbrook - 60.0 High Point Pool
Hiddenbrook,Week1,Pleasant Valley,Week4,269.0 Hiddenbrook - 128.0 Pleasant Valley
High Point Pool,Week2,Chesterbrook,Week3,338.0 Chesterbrook - 64.0 High Point Pool
Highland Park,Week4,Dowden Terrace,Week1,218.0 Highland Park - 184.0 Dowden Terrace
Hiddenbrook,Week5,Old Keene Mill,Week4,270.0 Hiddenbrook - 132.0 Old Keene Mill
High Point Pool,Week5,Rolling Valley,Week3,333.0 High Point Pool - 69.0 Rolling Valley
High Point Pool,Week4,Little Hunting Park,Week4,297.0 High Point Pool - 105.0 Little Hunting Park
High Point Pool,Week3,Little Hunting Park,Week3,300.0 High Point Pool - 101.0 Little Hunting Park
Hiddenbrook,Week5,Old Keene Mill,Week2,260.0 Hiddenbrook - 142.0 Old Keene Mill
High Point Pool,Week2,Long Branch,Week3,290.0 High Point Pool - 112.0 Long Branch
Highland Park,Week4,Dowden Terrace,Week5,224.0 Dowden Terrace - 178.0 Highland Park
Hiddenbrook,Week1,Orange Hunt,Week3,254.0 Orange Hunt - 148.0 Hiddenbrook
High Point Pool,Week2,Little Rocky Run,Week4,234.0 Little Rocky Run - 168.0 High Point Pool
High Point Pool,Week4,Chesterbrook,Week4,318.0 Chesterbrook - 84.0 High Point Pool
High Point Pool,Week2,Fairfax Club Estates,Week5,284.0 High Point Pool - 117.0 Fairfax Club Estates
High Point Pool,Week2,Fairfax,Week3,225.5 Fairfax - 176.5 High Point Pool
Highland Park,Week2,Dowden Terrace,Week4,213.0 Dowden Terrace - 189.0 Highland Park
Hiddenbrook,Week2,Orange Hunt,Week2,281.0 Orange Hunt - 121.0 Hiddenbrook
High Point Pool,Week4,Chesterbrook,Week2,314.0 Chesterbrook - 88.0 High Point Pool
Hiddenbrook,Week1,Orange Hunt,Week4,251.0 Orange Hunt - 151.0 Hiddenbrook
Highland Park,Week3,Dowden Terrace,Week5,239.0 Dowden Terrace - 163.0 Highland Park
Hiddenbrook,Week1,Orange Hunt,Week1,241.0 Orange Hunt - 161.0 Hiddenbrook
High Point Pool,Week5,Rolling Valley,Week5,321.0 High Point Pool - 81.0 Rolling Valley
High Point Pool,Week3,Fairfax,Week1,218.0 Fairfax - 184.0 High Point Pool
High Point Pool,Week2,Rutherford,Week3,304.0 High Point Pool - 98.0 Rutherford
Hiddenbrook,Week1,Pleasant Valley,Week3,233.0 Hiddenbrook - 169.0 Pleasant Valley
Hiddenbrook,Week2,Orange Hunt,Week3,282.0 Orange Hunt - 120.0 Hiddenbrook
Hiddenbrook,Week2,Pleasant Valley,Week1,230.0 Hiddenbrook - 171.0 Pleasant Valley
High Point Pool,Week2,Fairfax,Week2,228.0 Fairfax - 174.0 High Point Pool
High Point Pool,Week3,Little Rocky Run,Week1,235.0 Little Rocky Run - 167.0 High Point Pool
Hiddenbrook,Week1,Pleasant Valley,Week5,262.0 Hiddenbrook - 136.0 Pleasant Valley
High Point Pool,Week3,Chesterbrook,Week5,334.0 Chesterbrook - 68.0 High Point Pool
High Point Pool,Week1,Rutherford,Week5,290.0 High Point Pool - 107.0 Rutherford
High Point Pool,Week4,Long Branch,Week5,262.0 High Point Pool - 140.0 Long Branch
Hiddenbrook,Week4,Pinewood Lake,Week4,345.0 Hiddenbrook - 55.0 Pinewood Lake
High Point Pool,Week4,Fairfax,Week3,233.0 Fairfax - 169.0 High Point Pool
Highland Park,Week2,Dowden Terrace,Week3,223.0 Highland Park - 179.0 Dowden Terrace
Highland Park,Week2,Dowden Terrace,Week5,237.0 Dowden Terrace - 165.0 Highland Park
Hiddenbrook,Week5,Pinewood Lake,Week2,357.0 Hiddenbrook - 42.0 Pinewood Lake
High Point Pool,Week3,Long Branch,Week4,270.0 High Point Pool - 132.0 Long Branch
High Point Pool,Week1,Rutherford,Week3,292.0 High Point Pool - 110.0 Rutherford
High Point Pool,Week4,Long Branch,Week4,266.0 High Point Pool - 136.0 Long Branch
High Point Pool,Week1,Chesterbrook,Week4,326.0 Chesterbrook - 76.0 High Point Pool
High Point Pool,Week4,Long Branch,Week2,274.0 High Point Pool - 128.0 Long Branch
High Point Pool,Week5,Little Hunting Park,Week1,285.0 High Point Pool - 116.0 Little Hunting Park
Highland Park,Week3,Dowden Terrace,Week2,206.0 Dowden Terrace - 196.0 Highland Park
High Point Pool,Week2,Chesterbrook,Week2,323.0 Chesterbrook - 79.0 High Point Pool
High Point Pool,Week1,Little Rocky Run,Week3,247.0 Little Rocky Run - 155.0 High Point Pool
High Point Pool,Week3,Little Hunting Park,Week2,284.0 High Point Pool - 117.0 Little Hunting Park
High Point Pool,Week4,Chesterbrook,Week3,334.0 Chesterbrook - 68.0 High Point Pool
High Point Pool,Week1,Rutherford,Week2,304.0 High Point Pool - 98.0 Rutherford
High Point Pool,Week5,Long Branch,Week1,253.0 High Point Pool - 149.0 Long Branch
Hiddenbrook,Week2,Orange Hunt,Week1,287.0 Orange Hunt - 115.0 Hiddenbrook
Hiddenbrook,Week2,Orange Hunt,Week5,292.5 Orange Hunt - 108.5 Hiddenbrook
Highland Park,Week5,Dowden Terrace,Week5,223.0 Dowden Terrace - 179.0 Highland Park
High Point Pool,Week3,Rutherford,Week1,320.0 High Point Pool - 82.0 Rutherford
Hiddenbrook,Week5,Pinewood Lake,Week5,349.0 Hiddenbrook - 52.0 Pinewood Lake
High Point Pool,Week5,Chesterbrook,Week4,317.0 Chesterbrook - 85.0 High Point Pool
High Point Pool,Week3,Fairfax Club Estates,Week2,294.0 High Point Pool - 107.0 Fairfax Club Estates
High Point Pool,Week3,Fairfax Club Estates,Week3,278.0 High Point Pool - 123.0 Fairfax Club Estates
High Point Pool,Week4,Mansion House,Week3,209.0 High Point Pool - 193.0 Mansion House
High Point Pool,Week1,Commonwealth,Week1,266.0 High Point Pool - 135.0 Commonwealth
Highland Park,Week5,Dowden Terrace,Week2,206.0 Highland Park - 196.0 Dowden Terrace
High Point Pool,Week5,Fairfax,Week1,220.0 Fairfax - 182.0 High Point Pool
Hiddenbrook,Week2,Pleasant Valley,Week5,226.0 Hiddenbrook - 174.0 Pleasant Valley
High Point Pool,Week1,Mantua,Week1,235.0 Mantua - 167.0 High Point Pool
Hiddenbrook,Week2,Pleasant Valley,Week3,203.0 Pleasant Valley - 199.0 Hiddenbrook
High Point Pool,Week3,Little Rocky Run,Week3,244.0 Little Rocky Run - 158.0 High Point Pool
High Point Pool,Week3,Little Rocky Run,Week2,220.0 Little Rocky Run - 182.0 High Point Pool
High Point Pool,Week4,Rutherford,Week4,307.0 High Point Pool - 95.0 Rutherford
Highland Park,Week5,Dowden Terrace,Week3,227.0 Highland Park - 175.0 Dowden Terrace
Hiddenbrook,Week2,Pleasant Valley,Week4,230.0 Hiddenbrook - 169.0 Pleasant Valley
Hiddenbrook,Week1,Orange Hunt,Week2,249.0 Orange Hunt - 153.0 Hiddenbrook
High Point Pool,Week5,Chesterbrook,Week2,315.0 Chesterbrook - 87.0 High Point Pool
Hiddenbrook,Week2,Orange Hunt,Week4,276.0 Orange Hunt - 125.0 Hiddenbrook
High Point Pool,Week5,Long Branch,Week2,259.0 High Point Pool - 143.0 Long Branch
High Point Pool,Week3,Little Rocky Run,Week4,233.0 Little Rocky Run - 169.0 High Point Pool
High Point Pool,Week1,Commonwealth,Week3,252.0 High Point Pool - 150.0 Commonwealth
High Point Pool,Week4,Rutherford,Week2,311.0 High Point Pool - 91.0 Rutherford
High Point Pool,Week5,Long Branch,Week4,268.0 High Point Pool - 134.0 Long Branch
Highland Park,Week5,Dowden Terrace,Week4,207.0 Dowden Terrace - 195.0 Highland Park
Hiddenbrook,Week1,Orange Hunt,Week5,262.0 Orange Hunt - 140.0 Hiddenbrook
Highland Park,Week5,Dowden Terrace,Week1,227.0 Highland Park - 174.0 Dowden Terrace
High Point Pool,Week4,Rutherford,Week1,318.0 High Point Pool - 84.0 Rutherford
High Point Pool,Week4,Little Rocky Run,Week1,213.0 Little Rocky Run - 189.0 High Point Pool
High Point Pool,Week3,Little Rocky Run,Week5,258.0 Little Rocky Run - 144.0 High Point Pool
High Point Pool,Week1,Fairfax Club Estates,Week1,273.0 High Point Pool - 129.0 Fairfax Club Estates
Hiddenbrook,Week3,Orange Hunt,Week1,260.0 Orange Hunt - 142.0 Hiddenbrook
Highland Park,Week1,Dunn Loring,Week2,269.0 Dunn Loring - 133.0 Highland Park
High Point Pool,Week3,Shouse Village,Week5,212.0 High Point Pool - 190.0 Shouse Village
High Point Pool,Week4,Mansion House,Week5,213.0 Mansion House - 189.0 High Point Pool
High Point Pool,Week2,Commonwealth,Week1,299.0 High Point Pool - 103.0 Commonwealth
Hiddenbrook,Week3,Orange Hunt,Week2,256.0 Orange Hunt - 146.0 Hiddenbrook
High Point Pool,Week3,Fairfax,Week5,250.0 Fairfax - 152.0 High Point Pool
High Point Pool,Week4,Little Rocky Run,Week2,210.5 Little Rocky Run - 191.5 High Point Pool
High Point Pool,Week5,Fairfax,Week4,233.0 Fairfax - 169.0 High Point Pool
Hiddenbrook,Week4,Pinewood Lake,Week5,339.5 Hiddenbrook - 60.5 Pinewood Lake
High Point Pool,Week4,Rutherford,Week5,291.0 High Point Pool - 111.0 Rutherford
High Point Pool,Week5,Rutherford,Week1,315.0 High Point Pool - 87.0 Rutherford
High Point Pool,Week1,Hollin Hills,Week4,312.0 High Point Pool - 90.0 Hollin Hills
High Point Pool,Week1,Commonwealth,Week4,258.0 High Point Pool - 144.0 Commonwealth
Highland Park,Week1,Dunn Loring,Week4,288.0 Dunn Loring - 114.0 Highland Park
Hiddenbrook,Week3,Orange Hunt,Week3,263.0 Orange Hunt - 139.0 Hiddenbrook
High Point Pool,Week1,Mansion House,Week4,204.0 High Point Pool - 193.0 Mansion House
Hiddenbrook,Week2,Pleasant Valley,Week2,238.0 Hiddenbrook - 163.0 Pleasant Valley
Hiddenbrook,Week3,Pleasant Valley,Week1,272.0 Hiddenbrook - 129.0 Pleasant Valley
High Point Pool,Week3,Fairfax,Week4,224.0 Fairfax - 178.0 High Point Pool
High Point Pool,Week3,Cottontail,Week3,289.0 High Point Pool - 113.0 Cottontail
Highland Park,Week1,Dunn Loring,Week3,283.0 Dunn Loring - 119.0 Highland Park
Hiddenbrook,Week5,Pinewood Lake,Week4,353.0 Hiddenbrook - 46.0 Pinewood Lake
High Point Pool,Week2,Little Rocky Run,Week5,254.0 Little Rocky Run - 148.0 High Point Pool
High Point Pool,Week3,Mansion House,Week5,208.0 Mansion House - 194.0 High Point Pool
High Point Pool,Week2,Mansion House,Week2,229.0 High Point Pool - 173.0 Mansion House
High Point Pool,Week4,Fairfax,Week5,242.0 Fairfax - 160.0 High Point Pool
Highland Park,Week2,Dunn Loring,Week1,240.0 Dunn Loring - 162.0 Highland Park
High Point Pool,Week4,Highlands Swim,Week1,263.5 Highlands Swim - 138.5 High Point Pool
Hiddenbrook,Week3,Pleasant Valley,Week3,253.0 Hiddenbrook - 148.0 Pleasant Valley
Hiddenbrook,Week3,Orange Hunt,Week4,248.0 Orange Hunt - 149.0 Hiddenbrook
High Point Pool,Week5,Highlands Swim,Week3,282.0 Highlands Swim - 120.0 High Point Pool
High Point Pool,Week5,Rutherford,Week4,308.0 High Point Pool - 94.0 Rutherford
Highland Park,Week1,Dunn Loring,Week5,277.0 Dunn Loring - 125.0 Highland Park
Hiddenbrook,Week3,Pleasant Valley,Week2,267.0 Hiddenbrook - 134.0 Pleasant Valley
Hiddenbrook,Week3,Orange Hunt,Week5,267.0 Orange Hunt - 135.0 Hiddenbrook
High Point Pool,Week4,Cottontail,Week1,267.0 High Point Pool - 135.0 Cottontail
High Point Pool,Week1,Shouse Village,Week3,231.0 High Point Pool - 171.0 Shouse Village
High Point Pool,Week5,Fairfax,Week3,244.0 Fairfax - 158.0 High Point Pool
High Point Pool,Week2,Mansion House,Week5,218.0 Mansion House - 184.0 High Point Pool
High Point Pool,Week2,Mansion House,Week3,214.0 High Point Pool - 188.0 Mansion House
High Point Pool,Week5,Commonwealth,Week4,268.0 High Point Pool - 133.0 Commonwealth
High Point Pool,Week2,Fairfax Club Estates,Week1,282.0 High Point Pool - 120.0 Fairfax Club Estates
High Point Pool,Week1,Shouse Village,Week2,248.5 High Point Pool - 153.5 Shouse Village
Highland Park,Week3,Old Keene Mill,Week1,273.0 Highland Park - 129.0 Old Keene Mill
Highlands Swim,Week3,Cardinal Hill,Week5,273.0 Highlands Swim - 129.0 Cardinal Hill
Hollin Hills,Week2,Canterbury Woods,Week3,252.0 Canterbury Woods - 148.0 Hollin Hills
Highlands Swim,Week1,Lake Braddock,Week5,357.0 Highlands Swim - 45.0 Lake Braddock
Highland Park,Week3,South Run,Week4,213.0 Highland Park - 189.0 South Run
Highlands Swim,Week4,Sleepy Hollow B & R,Week3,280.0 Highlands Swim - 122.0 Sleepy Hollow B & R
Hollin Hills,Week1,Canterbury Woods,Week3,252.0 Canterbury Woods - 149.0 Hollin Hills
Highlands Swim,Week1,Sleepy Hollow Rec,Week3,320.0 Highlands Swim - 82.0 Sleepy Hollow Rec
Highland Park,Week2,Old Keene Mill,Week4,269.0 Highland Park - 133.0 Old Keene Mill
Highland Park,Week5,Kent Gardens,Week3,226.0 Highland Park - 176.0 Kent Gardens
Highland Park,Week3,Old Keene Mill,Week3,256.0 Highland Park - 146.0 Old Keene Mill
Hollin Hills,Week3,Canterbury Woods,Week3,254.0 Canterbury Woods - 147.0 Hollin Hills
Hollin Hills,Week4,Canterbury Woods,Week1,242.5 Canterbury Woods - 159.5 Hollin Hills
Highlands Swim,Week2,Chesterbrook,Week4,256.0 Chesterbrook - 146.0 Highlands Swim
Highlands Swim,Week5,Cardinal Hill,Week1,257.0 Highlands Swim - 145.0 Cardinal Hill
Highland Park,Week2,Kings Ridge ,Week4,276.0 Highland Park - 126.0 Kings Ridge
Highlands Swim,Week5,Kings Ridge ,Week3,327.0 Highlands Swim - 75.0 Kings Ridge
Highland Park,Week5,Somerset-Olde Creek,Week4,332.0 Highland Park - 70.0 Somerset-Olde Creek
Highland Park,Week3,Old Keene Mill,Week2,247.0 Highland Park - 155.0 Old Keene Mill
Highlands Swim,Week5,Sleepy Hollow B & R,Week3,299.0 Highlands Swim - 103.0 Sleepy Hollow B & R
Highland Park,Week4,Old Keene Mill,Week4,281.0 Highland Park - 121.0 Old Keene Mill
Highlands Swim,Week1,Chesterbrook,Week4,261.0 Chesterbrook - 141.0 Highlands Swim
Highlands Swim,Week3,Cardinal Hill,Week1,255.0 Highlands Swim - 147.0 Cardinal Hill
Highland Park,Week1,Somerset-Olde Creek,Week1,329.0 Highland Park - 72.0 Somerset-Olde Creek
Hollin Hills,Week5,Canterbury Woods,Week4,260.0 Canterbury Woods - 142.0 Hollin Hills
Highland Park,Week1,Springboard,Week1,304.0 Highland Park - 97.0 Springboard
Highland Park,Week1,Old Keene Mill,Week3,271.5 Highland Park - 130.5 Old Keene Mill
Highland Park,Week5,Old Keene Mill,Week5,245.0 Highland Park - 157.0 Old Keene Mill
Highlands Swim,Week2,Kings Ridge ,Week5,336.0 Highlands Swim - 66.0 Kings Ridge
Highlands Swim,Week5,Sleepy Hollow B & R,Week2,293.0 Highlands Swim - 109.0 Sleepy Hollow B & R
Highlands Swim,Week4,Kings Ridge ,Week4,322.0 Highlands Swim - 80.0 Kings Ridge
Highland Park,Week3,Somerset-Olde Creek,Week3,323.0 Highland Park - 74.0 Somerset-Olde Creek
Highlands Swim,Week2,Chesterbrook,Week1,242.0 Chesterbrook - 160.0 Highlands Swim
Highland Park,Week5,Old Keene Mill,Week4,276.0 Highland Park - 126.0 Old Keene Mill
Highlands Swim,Week2,Sleepy Hollow Rec,Week4,356.0 Highlands Swim - 46.0 Sleepy Hollow Rec
Highland Park,Week4,Kings Ridge ,Week3,297.0 Highland Park - 105.0 Kings Ridge
Highland Park,Week4,Somerset-Olde Creek,Week3,331.0 Highland Park - 70.0 Somerset-Olde Creek
Highlands Swim,Week3,Lake Braddock,Week5,349.0 Highlands Swim - 53.0 Lake Braddock
Hollin Hills,Week4,Canterbury Woods,Week2,239.0 Canterbury Woods - 162.0 Hollin Hills
Highland Park,Week2,Somerset-Olde Creek,Week5,309.0 Highland Park - 93.0 Somerset-Olde Creek
Highland Park,Week1,Old Keene Mill,Week4,287.0 Highland Park - 115.0 Old Keene Mill
Highlands Swim,Week3,Kings Ridge ,Week3,328.0 Highlands Swim - 73.0 Kings Ridge
Hollin Hills,Week5,Canterbury Woods,Week2,246.0 Canterbury Woods - 156.0 Hollin Hills
Highlands Swim,Week4,Cardinal Hill,Week2,278.0 Highlands Swim - 124.0 Cardinal Hill
Highlands Swim,Week2,Lake Braddock,Week5,361.0 Highlands Swim - 41.0 Lake Braddock
Hollin Hills,Week3,Canterbury Woods,Week1,251.0 Canterbury Woods - 151.0 Hollin Hills
Highlands Swim,Week3,Sleepy Hollow Rec,Week4,346.0 Highlands Swim - 56.0 Sleepy Hollow Rec
Highlands Swim,Week3,Cardinal Hill,Week2,280.0 Highlands Swim - 122.0 Cardinal Hill
Highlands Swim,Week2,Sleepy Hollow Rec,Week1,340.5 Highlands Swim - 61.5 Sleepy Hollow Rec
Highland Park,Week1,Old Keene Mill,Week5,255.0 Highland Park - 147.0 Old Keene Mill
Hollin Hills,Week4,Canterbury Woods,Week3,256.0 Canterbury Woods - 146.0 Hollin Hills
Highlands Swim,Week5,Sleepy Hollow B & R,Week1,304.0 Highlands Swim - 98.0 Sleepy Hollow B & R
Highland Park,Week5,Kent Gardens,Week5,226.0 Kent Gardens - 176.0 Highland Park
Highland Park,Week5,Somerset-Olde Creek,Week1,323.5 Highland Park - 78.5 Somerset-Olde Creek
Highland Park,Week3,Kent Gardens,Week4,211.0 Highland Park - 191.0 Kent Gardens
Highland Park,Week3,Kings Ridge ,Week2,288.0 Highland Park - 114.0 Kings Ridge
Hollin Hills,Week1,Canterbury Woods,Week5,258.0 Canterbury Woods - 144.0 Hollin Hills
Highlands Swim,Week4,Lake Braddock,Week5,344.0 Highlands Swim - 58.0 Lake Braddock
Highlands Swim,Week4,Cardinal Hill,Week4,263.0 Highlands Swim - 139.0 Cardinal Hill
Hollin Hills,Week5,Canterbury Woods,Week3,260.0 Canterbury Woods - 137.0 Hollin Hills
Highlands Swim,Week1,Chesterbrook,Week1,255.0 Chesterbrook - 147.0 Highlands Swim
Highlands Swim,Week4,Sleepy Hollow B & R,Week5,268.0 Highlands Swim - 134.0 Sleepy Hollow B & R
Highlands Swim,Week4,Cardinal Hill,Week3,232.0 Highlands Swim - 170.0 Cardinal Hill
Highland Park,Week4,Somerset-Olde Creek,Week2,333.0 Highland Park - 69.0 Somerset-Olde Creek
Highlands Swim,Week1,Lake Braddock,Week3,356.0 Highlands Swim - 46.0 Lake Braddock
Hollin Hills,Week4,Canterbury Woods,Week4,265.0 Canterbury Woods - 137.0 Hollin Hills
Highlands Swim,Week1,Sleepy Hollow Rec,Week2,346.0 Highlands Swim - 56.0 Sleepy Hollow Rec
Highland Park,Week1,Orange Hunt,Week2,214.0 Highland Park - 188.0 Orange Hunt
Highland Park,Week4,Old Keene Mill,Week3,269.0 Highland Park - 133.0 Old Keene Mill
Highlands Swim,Week3,Cardinal Hill,Week3,236.0 Highlands Swim - 166.0 Cardinal Hill
Highland Park,Week1,Kings Ridge ,Week5,296.0 Highland Park - 106.0 Kings Ridge
Highland Park,Week4,Somerset-Olde Creek,Week5,313.0 Highland Park - 88.0 Somerset-Olde Creek
Highlands Swim,Week3,Kings Ridge ,Week5,329.0 Highlands Swim - 73.0 Kings Ridge
Highlands Swim,Week4,Sleepy Hollow Rec,Week5,330.0 Highlands Swim - 72.0 Sleepy Hollow Rec
Highlands Swim,Week2,Lake Braddock,Week4,365.0 Highlands Swim - 37.0 Lake Braddock
Highland Park,Week5,South Run,Week3,232.0 Highland Park - 170.0 South Run
Highland Park,Week1,Somerset-Olde Creek,Week2,333.0 Highland Park - 69.0 Somerset-Olde Creek
Highlands Swim,Week1,Sleepy Hollow Rec,Week1,338.0 Highlands Swim - 64.0 Sleepy Hollow Rec
Highland Park,Week5,South Run,Week1,213.0 Highland Park - 180.0 South Run
Highlands Swim,Week5,Sleepy Hollow B & R,Week5,289.0 Highlands Swim - 113.0 Sleepy Hollow B & R
Highland Park,Week3,Kings Ridge ,Week4,266.0 Highland Park - 136.0 Kings Ridge
Highland Park,Week1,Orange Hunt,Week4,213.0 Highland Park - 189.0 Orange Hunt
Highland Park,Week4,Kings Ridge ,Week5,296.0 Highland Park - 106.0 Kings Ridge
Highlands Swim,Week2,Sleepy Hollow Rec,Week2,350.0 Highlands Swim - 52.0 Sleepy Hollow Rec
Highland Park,Week5,Kent Gardens,Week4,233.0 Highland Park - 169.0 Kent Gardens
Highlands Swim,Week3,Kings Ridge ,Week2,331.0 Highlands Swim - 71.0 Kings Ridge
Highland Park,Week4,Kings Ridge ,Week1,315.0 Highland Park - 87.0 Kings Ridge
Highlands Swim,Week4,Lake Braddock,Week3,346.0 Highlands Swim - 56.0 Lake Braddock
Highlands Swim,Week1,Sleepy Hollow Rec,Week4,342.0 Highlands Swim - 60.0 Sleepy Hollow Rec
Highlands Swim,Week5,Kings Ridge ,Week2,336.0 Highlands Swim - 66.0 Kings Ridge
Hollin Hills,Week5,Canterbury Woods,Week1,239.0 Canterbury Woods - 157.0 Hollin Hills
Highland Park,Week2,Somerset-Olde Creek,Week4,322.0 Highland Park - 80.0 Somerset-Olde Creek
Highland Park,Week2,Kent Gardens,Week5,237.0 Kent Gardens - 165.0 Highland Park
Highlands Swim,Week4,Cardinal Hill,Week1,254.0 Highlands Swim - 148.0 Cardinal Hill
Highlands Swim,Week5,Cardinal Hill,Week3,245.0 Highlands Swim - 157.0 Cardinal Hill
Highland Park,Week2,Old Keene Mill,Week5,237.0 Highland Park - 165.0 Old Keene Mill
Highland Park,Week5,Kent Gardens,Week2,222.0 Highland Park - 180.0 Kent Gardens
Highland Park,Week1,Springboard,Week4,293.5 Highland Park - 108.5 Springboard
Highlands Swim,Week1,Sleepy Hollow Rec,Week5,341.0 Highlands Swim - 61.0 Sleepy Hollow Rec
Highland Park,Week4,Kent Gardens,Week2,235.0 Highland Park - 167.0 Kent Gardens
Highlands Swim,Week5,Chesterbrook,Week2,253.0 Chesterbrook - 149.0 Highlands Swim
Hollin Hills,Week1,Cardinal Hill,Week2,331.0 Cardinal Hill - 70.0 Hollin Hills
Highland Park,Week2,Kings Ridge ,Week2,304.0 Highland Park - 98.0 Kings Ridge
Highland Park,Week2,Springboard,Week1,297.0 Highland Park - 105.0 Springboard
Highlands Swim,Week2,Chesterbrook,Week5,253.5 Chesterbrook - 148.5 Highlands Swim
Hollin Hills,Week2,Canterbury Woods,Week5,257.0 Canterbury Woods - 144.0 Hollin Hills
Hollin Hills,Week3,Canterbury Woods,Week2,245.0 Canterbury Woods - 157.0 Hollin Hills
Highland Park,Week3,Kent Gardens,Week5,233.0 Kent Gardens - 169.0 Highland Park
Highlands Swim,Week4,Sleepy Hollow B & R,Week4,282.0 Highlands Swim - 120.0 Sleepy Hollow B & R
Highland Park,Week5,Old Keene Mill,Week2,264.0 Highland Park - 138.0 Old Keene Mill
Highland Park,Week2,South Run,Week5,212.0 Highland Park - 190.0 South Run
Highlands Swim,Week3,Chesterbrook,Week1,250.5 Chesterbrook - 151.5 Highlands Swim
Highland Park,Week2,South Run,Week1,210.0 Highland Park - 183.0 South Run
Highlands Swim,Week4,Kings Ridge ,Week1,336.0 Highlands Swim - 66.0 Kings Ridge
Highland Park,Week4,Old Keene Mill,Week2,257.0 Highland Park - 145.0 Old Keene Mill
Hollin Hills,Week2,Canterbury Woods,Week2,241.0 Canterbury Woods - 160.0 Hollin Hills
Highlands Swim,Week3,Kings Ridge ,Week4,330.0 Highlands Swim - 72.0 Kings Ridge
Highland Park,Week3,Old Keene Mill,Week5,243.0 Highland Park - 159.0 Old Keene Mill
Hollin Hills,Week2,Canterbury Woods,Week1,248.0 Canterbury Woods - 153.0 Hollin Hills
Highlands Swim,Week3,Sleepy Hollow Rec,Week2,336.0 Highlands Swim - 66.0 Sleepy Hollow Rec
Highlands Swim,Week3,Chesterbrook,Week4,268.0 Chesterbrook - 134.0 Highlands Swim
Hollin Hills,Week2,Canterbury Woods,Week4,260.0 Canterbury Woods - 141.0 Hollin Hills
Highlands Swim,Week3,Kings Ridge ,Week1,336.0 Highlands Swim - 66.0 Kings Ridge
Highland Park,Week2,Kings Ridge ,Week5,278.0 Highland Park - 124.0 Kings Ridge
Highland Park,Week3,Kent Gardens,Week1,207.0 Kent Gardens - 195.0 Highland Park
Highland Park,Week1,South Run,Week3,251.0 Highland Park - 151.0 South Run
Highlands Swim,Week3,Cardinal Hill,Week4,267.0 Highlands Swim - 135.0 Cardinal Hill
Highlands Swim,Week4,Kings Ridge ,Week2,328.0 Highlands Swim - 74.0 Kings Ridge
Highland Park,Week2,Old Keene Mill,Week3,270.0 Highland Park - 132.0 Old Keene Mill
Highlands Swim,Week2,Sleepy Hollow Rec,Week5,344.0 Highlands Swim - 58.0 Sleepy Hollow Rec
Highlands Swim,Week3,Sleepy Hollow Rec,Week3,325.0 Highlands Swim - 77.0 Sleepy Hollow Rec
Highland Park,Week5,South Run,Week2,236.0 Highland Park - 166.0 South Run
Hollin Hills,Week4,Cardinal Hill,Week3,349.0 Cardinal Hill - 53.0 Hollin Hills
Highland Park,Week1,Overlee,Week3,318.0 Overlee - 84.0 Highland Park
Highland Park,Week4,Kent Gardens,Week4,244.0 Highland Park - 158.0 Kent Gardens
Highland Park,Week4,Old Keene Mill,Week5,253.0 Highland Park - 149.0 Old Keene Mill
Highlands Swim,Week2,Chesterbrook,Week2,246.0 Chesterbrook - 156.0 Highlands Swim
Highlands Swim,Week2,Sleepy Hollow Rec,Week3,343.0 Highlands Swim - 59.0 Sleepy Hollow Rec
Highland Park,Week3,South Run,Week5,203.0 Highland Park - 199.0 South Run
Highland Park,Week1,South Run,Week4,244.0 Highland Park - 158.0 South Run
Highlands Swim,Week4,Kings Ridge ,Week5,324.0 Highlands Swim - 78.0 Kings Ridge
Highlands Swim,Week4,Sleepy Hollow Rec,Week4,343.0 Highlands Swim - 59.0 Sleepy Hollow Rec
Hollin Hills,Week2,Cardinal Hill,Week4,338.0 Cardinal Hill - 64.0 Hollin Hills
Highland Park,Week4,Old Keene Mill,Week1,280.0 Highland Park - 122.0 Old Keene Mill
Highland Park,Week5,Old Keene Mill,Week1,282.0 Highland Park - 120.0 Old Keene Mill
Highlands Swim,Week1,Chesterbrook,Week3,283.0 Chesterbrook - 119.0 Highlands Swim
Highland Park,Week1,Kings Ridge ,Week1,308.0 Highland Park - 94.0 Kings Ridge
Highland Park,Week1,Overlee,Week1,319.0 Overlee - 83.0 Highland Park
Highland Park,Week5,South Run,Week4,244.0 Highland Park - 158.0 South Run
Highlands Swim,Week1,Lake Braddock,Week1,360.0 Highlands Swim - 42.0 Lake Braddock
Highlands Swim,Week3,Sleepy Hollow Rec,Week1,323.0 Highlands Swim - 79.0 Sleepy Hollow Rec
Highland Park,Week1,Kings Ridge ,Week2,298.0 Highland Park - 104.0 Kings Ridge
Hollin Hills,Week5,Canterbury Woods,Week5,248.0 Canterbury Woods - 148.0 Hollin Hills
Highlands Swim,Week4,Sleepy Hollow Rec,Week2,332.5 Highlands Swim - 69.5 Sleepy Hollow Rec
Highland Park,Week5,Orange Hunt,Week2,213.0 Orange Hunt - 189.0 Highland Park
Highlands Swim,Week4,Kings Ridge ,Week3,326.0 Highlands Swim - 76.0 Kings Ridge
Hollin Hills,Week3,Cardinal Hill,Week1,346.0 Cardinal Hill - 56.0 Hollin Hills
Highlands Swim,Week1,Lake Braddock,Week2,344.0 Highlands Swim - 58.0 Lake Braddock
Highlands Swim,Week5,Cardinal Hill,Week2,291.5 Highlands Swim - 110.5 Cardinal Hill
Highland Park,Week3,Kent Gardens,Week3,212.0 Highland Park - 190.0 Kent Gardens
Highland Park,Week4,South Run,Week1,222.0 Highland Park - 171.0 South Run
Highlands Swim,Week4,Sleepy Hollow Rec,Week3,324.0 Highlands Swim - 78.0 Sleepy Hollow Rec
Hollin Hills,Week2,Chesterbrook,Week3,385.0 Chesterbrook - 17.0 Hollin Hills
Highlands Swim,Week5,Cardinal Hill,Week5,271.0 Highlands Swim - 131.0 Cardinal Hill
Highland Park,Week4,South Run,Week3,239.0 Highland Park - 163.0 South Run
Highland Park,Week4,Kent Gardens,Week3,231.0 Highland Park - 171.0 Kent Gardens
Highland Park,Week1,Orange Hunt,Week3,216.0 Highland Park - 186.0 Orange Hunt
Hollin Hills,Week5,Cardinal Hill,Week3,326.0 Cardinal Hill - 75.0 Hollin Hills
Highlands Swim,Week5,Kings Ridge ,Week4,329.0 Highlands Swim - 73.0 Kings Ridge
Highland Park,Week4,Kent Gardens,Week5,220.0 Kent Gardens - 182.0 Highland Park
Highlands Swim,Week5,Cardinal Hill,Week4,277.0 Highlands Swim - 125.0 Cardinal Hill
Highlands Swim,Week2,Lake Braddock,Week1,374.0 Highlands Swim - 28.0 Lake Braddock
Highland Park,Week3,South Run,Week2,222.0 Highland Park - 180.0 South Run
Highland Park,Week4,Kent Gardens,Week1,202.0 Highland Park - 200.0 Kent Gardens
Highlands Swim,Week3,Chesterbrook,Week5,256.0 Chesterbrook - 146.0 Highlands Swim
Highlands Swim,Week1,Chesterbrook,Week5,270.5 Chesterbrook - 131.5 Highlands Swim
Highlands Swim,Week5,Sleepy Hollow B & R,Week4,292.5 Highlands Swim - 109.5 Sleepy Hollow B & R
Highlands Swim,Week5,Kings Ridge ,Week1,337.0 Highlands Swim - 65.0 Kings Ridge
Hollin Hills,Week2,Cardinal Hill,Week5,329.0 Cardinal Hill - 72.0 Hollin Hills
Highlands Swim,Week3,Chesterbrook,Week3,284.0 Chesterbrook - 118.0 Highlands Swim
Hollin Hills,Week4,Cardinal Hill,Week2,331.5 Cardinal Hill - 69.5 Hollin Hills
Highland Park,Week1,South Run,Week5,216.0 Highland Park - 186.0 South Run
Highland Park,Week1,Kings Ridge ,Week4,278.0 Highland Park - 124.0 Kings Ridge
Highland Park,Week3,Old Keene Mill,Week4,252.0 Highland Park - 150.0 Old Keene Mill
Highlands Swim,Week2,Lake Braddock,Week3,362.0 Highlands Swim - 40.0 Lake Braddock
Highland Park,Week2,Orange Hunt,Week2,205.0 Orange Hunt - 197.0 Highland Park
Highland Park,Week2,Kings Ridge ,Week3,288.0 Highland Park - 114.0 Kings Ridge
Hollin Hills,Week3,Chesterbrook,Week4,389.0 Chesterbrook - 13.0 Hollin Hills
Highlands Swim,Week4,Sleepy Hollow B & R,Week2,284.0 Highlands Swim - 118.0 Sleepy Hollow B & R
Highland Park,Week2,Kings Ridge ,Week1,302.0 Highland Park - 100.0 Kings Ridge
Highland Park,Week5,Somerset-Olde Creek,Week5,307.0 Highland Park - 95.0 Somerset-Olde Creek
Highlands Swim,Week4,Chesterbrook,Week1,258.0 Chesterbrook - 144.0 Highlands Swim
Highlands Swim,Week3,Lake Braddock,Week2,341.0 Highlands Swim - 61.0 Lake Braddock
Highlands Swim,Week3,Lake Braddock,Week3,356.0 Highlands Swim - 46.0 Lake Braddock
Highland Park,Week5,Old Keene Mill,Week3,270.5 Highland Park - 131.5 Old Keene Mill
Highlands Swim,Week3,Sleepy Hollow Rec,Week5,336.0 Highlands Swim - 66.0 Sleepy Hollow Rec
Highlands Swim,Week4,Chesterbrook,Week2,265.0 Chesterbrook - 137.0 Highlands Swim
Hollin Hills,Week5,Cardinal Hill,Week5,322.0 Cardinal Hill - 80.0 Hollin Hills
Highlands Swim,Week4,Sleepy Hollow Rec,Week1,325.0 Highlands Swim - 77.0 Sleepy Hollow Rec
Highland Park,Week3,South Run,Week1,207.0 Highland Park - 186.0 South Run
Highlands Swim,Week4,Lake Braddock,Week1,348.0 Highlands Swim - 54.0 Lake Braddock
Highland Park,Week1,South Run,Week1,224.0 Highland Park - 169.0 South Run
Highlands Swim,Week4,Chesterbrook,Week5,270.0 Chesterbrook - 132.0 Highlands Swim
Hollin Hills,Week1,Chesterbrook,Week1,376.0 Chesterbrook - 26.0 Hollin Hills
Highland Park,Week3,Kings Ridge ,Week1,283.0 Highland Park - 119.0 Kings Ridge
Highlands Swim,Week3,Lake Braddock,Week4,361.0 Highlands Swim - 41.0 Lake Braddock
Highland Park,Week4,Orange Hunt,Week1,202.0 Highland Park - 200.0 Orange Hunt
Highlands Swim,Week4,Chesterbrook,Week3,284.3 Chesterbrook - 117.7 Highlands Swim
Highland Park,Week3,Kings Ridge ,Week3,267.5 Highland Park - 134.5 Kings Ridge
Highlands Swim,Week5,Sleepy Hollow Rec,Week2,344.0 Highlands Swim - 58.0 Sleepy Hollow Rec
Highland Park,Week1,Orange Hunt,Week1,209.0 Highland Park - 193.0 Orange Hunt
Hollin Hills,Week3,Cardinal Hill,Week2,326.0 Cardinal Hill - 76.0 Hollin Hills
Highland Park,Week5,Kings Ridge ,Week1,315.0 Highland Park - 87.0 Kings Ridge
Highlands Swim,Week4,Chesterbrook,Week4,268.0 Chesterbrook - 134.0 Highlands Swim
Highlands Swim,Week3,Lakevale Estates,Week5,215.0 Highlands Swim - 187.0 Lakevale Estates
Highland Park,Week3,Orange Hunt,Week1,211.0 Orange Hunt - 191.0 Highland Park
Highland Park,Week2,Orange Hunt,Week5,226.0 Orange Hunt - 176.0 Highland Park
Hollin Hills,Week2,Cardinal Hill,Week1,338.0 Cardinal Hill - 63.0 Hollin Hills
Highland Park,Week4,Orange Hunt,Week4,204.0 Highland Park - 198.0 Orange Hunt
Highlands Swim,Week1,Somerset-Olde Creek,Week3,370.0 Highlands Swim - 32.0 Somerset-Olde Creek
Highland Park,Week5,Kings Ridge ,Week4,284.0 Highland Park - 118.0 Kings Ridge
Highland Park,Week4,Kings Ridge ,Week2,315.0 Highland Park - 87.0 Kings Ridge
Highland Park,Week4,Orange Hunt,Week5,221.0 Orange Hunt - 181.0 Highland Park
Highlands Swim,Week1,Somerset-Olde Creek,Week4,369.0 Highlands Swim - 33.0 Somerset-Olde Creek
Highland Park,Week4,South Run,Week2,258.0 Highland Park - 144.0 South Run
Highland Park,Week4,Kings Ridge ,Week4,293.0 Highland Park - 109.0 Kings Ridge
Highlands Swim,Week2,Somerset-Olde Creek,Week1,361.0 Highlands Swim - 41.0 Somerset-Olde Creek
Highlands Swim,Week4,Lake Braddock,Week4,352.0 Highlands Swim - 50.0 Lake Braddock
Highlands Swim,Week2,Somerset-Olde Creek,Week2,369.0 Highlands Swim - 33.0 Somerset-Olde Creek
Hollin Hills,Week1,Chesterbrook,Week2,388.0 Chesterbrook - 14.0 Hollin Hills
Highland Park,Week1,South Run,Week2,244.0 Highland Park - 158.0 South Run
Highland Park,Week5,Kings Ridge ,Week2,312.0 Highland Park - 90.0 Kings Ridge
Highlands Swim,Week1,Somerset-Olde Creek,Week1,361.0 Highlands Swim - 41.0 Somerset-Olde Creek
Hollin Hills,Week4,Cardinal Hill,Week5,335.0 Cardinal Hill - 64.0 Hollin Hills
Highlands Swim,Week4,Lake Braddock,Week2,339.0 Highlands Swim - 63.0 Lake Braddock
Highland Park,Week2,South Run,Week4,226.0 Highland Park - 176.0 South Run
Highlands Swim,Week5,Sleepy Hollow Rec,Week5,335.0 Highlands Swim - 67.0 Sleepy Hollow Rec
Hollin Hills,Week2,Cardinal Hill,Week2,332.0 Cardinal Hill - 69.0 Hollin Hills
Highland Park,Week5,Orange Hunt,Week5,227.0 Orange Hunt - 175.0 Highland Park
Highlands Swim,Week3,Chesterbrook,Week2,254.0 Chesterbrook - 148.0 Highlands Swim
Highland Park,Week2,South Run,Week3,230.0 Highland Park - 172.0 South Run
Highlands Swim,Week2,Lakevale Estates,Week2,273.0 Highlands Swim - 129.0 Lakevale Estates
Highland Park,Week3,Kings Ridge ,Week5,260.0 Highland Park - 142.0 Kings Ridge
Highland Park,Week4,South Run,Week4,239.0 Highland Park - 163.0 South Run
Highlands Swim,Week5,Chesterbrook,Week1,242.0 Chesterbrook - 160.0 Highlands Swim
Highlands Swim,Week3,Lakevale Estates,Week1,254.0 Highlands Swim - 148.0 Lakevale Estates
Highlands Swim,Week4,Commonwealth,Week5,308.0 Highlands Swim - 94.0 Commonwealth
Highland Park,Week2,Orange Hunt,Week3,203.0 Orange Hunt - 199.0 Highland Park
Highland Park,Week2,South Run,Week2,246.0 Highland Park - 156.0 South Run
Highlands Swim,Week2,Lakevale Estates,Week5,228.0 Highlands Swim - 174.0 Lakevale Estates
Highlands Swim,Week4,Commonwealth,Week2,313.0 Highlands Swim - 89.0 Commonwealth
Highlands Swim,Week1,Somerset-Olde Creek,Week2,366.0 Highlands Swim - 36.0 Somerset-Olde Creek
Highlands Swim,Week3,Commonwealth,Week1,321.0 Highlands Swim - 81.0 Commonwealth
Highlands Swim,Week5,Sleepy Hollow Rec,Week4,348.0 Highlands Swim - 54.0 Sleepy Hollow Rec
Hollin Hills,Week2,Chesterbrook,Week1,374.0 Chesterbrook - 28.0 Hollin Hills
Highlands Swim,Week5,Commonwealth,Week4,325.0 Highlands Swim - 77.0 Commonwealth
Highlands Swim,Week5,Commonwealth,Week2,317.0 Highlands Swim - 85.0 Commonwealth
Highland Park,Week5,Kings Ridge ,Week5,280.0 Highland Park - 122.0 Kings Ridge
Highland Park,Week1,Springfield,Week1,363.0 Highland Park - 39.0 Springfield
Highland Park,Week1,Lake Braddock,Week3,316.0 Highland Park - 86.0 Lake Braddock
Highlands Swim,Week1,Commonwealth,Week3,330.0 Highlands Swim - 72.0 Commonwealth
Highland Park,Week5,South Run,Week5,211.0 Highland Park - 191.0 South Run
Highlands Swim,Week2,Somerset-Olde Creek,Week4,370.0 Highlands Swim - 32.0 Somerset-Olde Creek
Highlands Swim,Week1,Lakevale Estates,Week3,257.0 Highlands Swim - 145.0 Lakevale Estates
Hollin Hills,Week2,Cardinal Hill,Week3,340.0 Cardinal Hill - 62.0 Hollin Hills
Highland Park,Week3,Orange Hunt,Week3,222.0 Orange Hunt - 180.0 Highland Park
Highlands Swim,Week2,Somerset-Olde Creek,Week3,372.0 Highlands Swim - 30.0 Somerset-Olde Creek
Highland Park,Week4,South Run,Week5,202.0 Highland Park - 200.0 South Run
Highlands Swim,Week5,Lake Braddock,Week4,368.0 Highlands Swim - 34.0 Lake Braddock
Highlands Swim,Week5,Lake Braddock,Week5,364.0 Highlands Swim - 38.0 Lake Braddock
Hollin Hills,Week1,Chesterbrook,Week5,388.0 Chesterbrook - 14.0 Hollin Hills
Highland Park,Week1,Springboard,Week2,314.0 Highland Park - 87.0 Springboard
Highlands Swim,Week2,Commonwealth,Week2,329.0 Highlands Swim - 73.0 Commonwealth
Highland Park,Week1,Lake Braddock,Week1,334.0 Highland Park - 68.0 Lake Braddock
Highland Park,Week1,Springboard,Week3,290.0 Highland Park - 111.0 Springboard
Highland Park,Week1,Lake Braddock,Week2,313.0 Highland Park - 89.0 Lake Braddock
Hollin Hills,Week3,Cardinal Hill,Week3,334.0 Cardinal Hill - 68.0 Hollin Hills
Highland Park,Week3,South Run,Week3,216.0 Highland Park - 186.0 South Run
Hollin Hills,Week3,Cardinal Hill,Week4,340.0 Cardinal Hill - 62.0 Hollin Hills
Highlands Swim,Week2,Somerset-Olde Creek,Week5,365.0 Highlands Swim - 37.0 Somerset-Olde Creek
Highland Park,Week3,Orange Hunt,Week2,218.0 Orange Hunt - 184.0 Highland Park
Hollin Hills,Week1,Chesterbrook,Week3,390.0 Chesterbrook - 12.0 Hollin Hills
Highland Park,Week3,Orange Hunt,Week4,215.5 Orange Hunt - 186.5 Highland Park
Highlands Swim,Week4,Commonwealth,Week3,326.0 Highlands Swim - 76.0 Commonwealth
Highlands Swim,Week3,Somerset-Olde Creek,Week1,355.0 Highlands Swim - 46.0 Somerset-Olde Creek
Highland Park,Week5,Kings Ridge ,Week3,285.0 Highland Park - 117.0 Kings Ridge
Highlands Swim,Week1,Somerset-Olde Creek,Week5,361.0 Highlands Swim - 41.0 Somerset-Olde Creek
Highland Park,Week5,Orange Hunt,Week1,203.0 Orange Hunt - 199.0 Highland Park
Highlands Swim,Week3,Lakevale Estates,Week2,262.0 Highlands Swim - 140.0 Lakevale Estates
Highlands Swim,Week5,Chesterbrook,Week5,257.0 Chesterbrook - 145.0 Highlands Swim
Highland Park,Week4,Orange Hunt,Week3,205.0 Highland Park - 197.0 Orange Hunt
Highlands Swim,Week5,Lake Braddock,Week3,362.0 Highlands Swim - 40.0 Lake Braddock
Hollin Hills,Week5,Cardinal Hill,Week4,318.0 Cardinal Hill - 83.0 Hollin Hills
Highlands Swim,Week1,Lakevale Estates,Week1,258.0 Highlands Swim - 144.0 Lakevale Estates
Highland Park,Week1,Lake Braddock,Week4,329.0 Highland Park - 73.0 Lake Braddock
Highland Park,Week2,Orange Hunt,Week4,214.0 Orange Hunt - 188.0 Highland Park
Highlands Swim,Week5,Lake Braddock,Week1,364.0 Highlands Swim - 38.0 Lake Braddock
Highlands Swim,Week3,Commonwealth,Week2,320.0 Highlands Swim - 82.0 Commonwealth
Highlands Swim,Week5,Sleepy Hollow Rec,Week1,338.5 Highlands Swim - 63.5 Sleepy Hollow Rec
Highlands Swim,Week3,Somerset-Olde Creek,Week2,362.0 Highlands Swim - 40.0 Somerset-Olde Creek
Highlands Swim,Week3,Commonwealth,Week3,332.0 Highlands Swim - 70.0 Commonwealth
Highland Park,Week1,Orange Hunt,Week5,204.0 Orange Hunt - 198.0 Highland Park
Highland Park,Week1,Springboard,Week5,289.0 Highland Park - 112.0 Springboard
Hollin Hills,Week3,Cardinal Hill,Week5,329.0 Cardinal Hill - 73.0 Hollin Hills
Highland Park,Week3,Orange Hunt,Week5,228.5 Orange Hunt - 173.5 Highland Park
Highland Park,Week1,Springfield,Week4,363.0 Highland Park - 39.0 Springfield
Highlands Swim,Week2,Lakevale Estates,Week4,242.0 Highlands Swim - 160.0 Lakevale Estates
Highland Park,Week1,Lake Braddock,Week5,308.0 Highland Park - 94.0 Lake Braddock
Highland Park,Week5,Springboard,Week1,300.0 Highland Park - 101.0 Springboard
Highland Park,Week2,Lake Braddock,Week1,324.0 Highland Park - 78.0 Lake Braddock
Hollin Hills,Week5,Cardinal Hill,Week1,323.0 Cardinal Hill - 79.0 Hollin Hills
Hollin Hills,Week5,Cardinal Hill,Week2,310.0 Cardinal Hill - 87.0 Hollin Hills
Hollin Hills,Week2,Chesterbrook,Week5,384.0 Chesterbrook - 18.0 Hollin Hills
Highland Park,Week2,Orange Hunt,Week1,211.0 Orange Hunt - 191.0 Highland Park
Highland Park,Week2,Springfield,Week3,363.0 Highland Park - 39.0 Springfield
Highland Park,Week2,Lake Braddock,Week3,302.0 Highland Park - 100.0 Lake Braddock
Highland Park,Week4,Orange Hunt,Week2,205.0 Highland Park - 197.0 Orange Hunt
Highlands Swim,Week3,Commonwealth,Week5,319.0 Highlands Swim - 83.0 Commonwealth
Highlands Swim,Week3,Somerset-Olde Creek,Week3,362.0 Highlands Swim - 40.0 Somerset-Olde Creek
Highlands Swim,Week1,Lakevale Estates,Week4,241.0 Highlands Swim - 161.0 Lakevale Estates
Highlands Swim,Week5,Sleepy Hollow Rec,Week3,336.0 Highlands Swim - 66.0 Sleepy Hollow Rec
Highland Park,Week2,Lake Braddock,Week2,304.0 Highland Park - 98.0 Lake Braddock
Highland Park,Week5,Springboard,Week2,313.0 Highland Park - 88.0 Springboard
Highlands Swim,Week4,Lakevale Estates,Week1,247.0 Highlands Swim - 155.0 Lakevale Estates
Highlands Swim,Week5,Commonwealth,Week1,321.0 Highlands Swim - 81.0 Commonwealth
Hollin Hills,Week4,Cardinal Hill,Week4,336.0 Cardinal Hill - 65.0 Hollin Hills
Highlands Swim,Week4,Lakevale Estates,Week4,231.0 Highlands Swim - 171.0 Lakevale Estates
Highland Park,Week2,Springboard,Week3,290.0 Highland Park - 112.0 Springboard
Hollin Hills,Week3,Chesterbrook,Week2,385.0 Chesterbrook - 17.0 Hollin Hills
Highland Park,Week1,Overlee,Week4,356.0 Overlee - 46.0 Highland Park
Highland Park,Week2,Springboard,Week5,277.0 Highland Park - 125.0 Springboard
Hollin Hills,Week2,Chesterbrook,Week4,387.0 Chesterbrook - 14.0 Hollin Hills
Highlands Swim,Week2,Lakevale Estates,Week3,247.0 Highlands Swim - 155.0 Lakevale Estates
Highlands Swim,Week2,Commonwealth,Week4,344.5 Highlands Swim - 57.5 Commonwealth
Highland Park,Week2,Overlee,Week2,341.0 Overlee - 61.0 Highland Park
Highland Park,Week2,Springfield,Week4,361.0 Highland Park - 41.0 Springfield
Hollin Hills,Week1,Chesterbrook,Week4,385.0 Chesterbrook - 16.0 Hollin Hills
Highland Park,Week1,Overlee,Week2,336.0 Overlee - 66.0 Highland Park
Highland Park,Week1,Overlee,Week5,340.0 Overlee - 62.0 Highland Park
Highlands Swim,Week1,Commonwealth,Week1,326.0 Highlands Swim - 76.0 Commonwealth
Highlands Swim,Week4,Lakevale Estates,Week5,224.0 Highlands Swim - 178.0 Lakevale Estates
Highlands Swim,Week4,Lakevale Estates,Week2,244.0 Highlands Swim - 158.0 Lakevale Estates
Highland Park,Week3,Springfield,Week3,361.0 Highland Park - 29.0 Springfield
Highland Park,Week3,Springfield,Week1,356.0 Highland Park - 40.0 Springfield
Hollin Hills,Week3,Chesterbrook,Week1,379.0 Chesterbrook - 23.0 Hollin Hills
Highlands Swim,Week2,Commonwealth,Week3,342.0 Highlands Swim - 60.0 Commonwealth
Hollin Hills,Week4,Cardinal Hill,Week1,341.0 Cardinal Hill - 60.0 Hollin Hills
Highlands Swim,Week5,Chesterbrook,Week3,272.0 Chesterbrook - 130.0 Highlands Swim
Highlands Swim,Week3,Commonwealth,Week4,333.0 Highlands Swim - 69.0 Commonwealth
Highland Park,Week3,Overlee,Week2,339.0 Overlee - 63.0 Highland Park
Highland Park,Week2,Springfield,Week1,362.0 Highland Park - 40.0 Springfield
Highland Park,Week2,Springboard,Week2,317.0 Highland Park - 85.0 Springboard
Highlands Swim,Week4,Lakevale Estates,Week3,245.0 Highlands Swim - 157.0 Lakevale Estates
Highlands Swim,Week1,Commonwealth,Week2,317.0 Highlands Swim - 85.0 Commonwealth
Highlands Swim,Week5,Lakevale Estates,Week1,263.0 Highlands Swim - 139.0 Lakevale Estates
Highlands Swim,Week4,Commonwealth,Week4,321.0 Highlands Swim - 81.0 Commonwealth
Hollin Hills,Week2,Chesterbrook,Week2,384.0 Chesterbrook - 18.0 Hollin Hills
Highland Park,Week3,Overlee,Week3,334.0 Overlee - 68.0 Highland Park
Highlands Swim,Week3,Lakevale Estates,Week3,245.0 Highlands Swim - 157.0 Lakevale Estates
Highlands Swim,Week5,Lakevale Estates,Week2,262.0 Highlands Swim - 140.0 Lakevale Estates
Highlands Swim,Week4,Commonwealth,Week1,314.0 Highlands Swim - 88.0 Commonwealth
Highland Park,Week3,Springfield,Week2,357.0 Highland Park - 34.0 Springfield
Hollin Hills,Week3,Chesterbrook,Week3,389.0 Chesterbrook - 13.0 Hollin Hills
Highland Park,Week5,Orange Hunt,Week4,215.0 Orange Hunt - 187.0 Highland Park
Highland Park,Week5,Orange Hunt,Week3,209.0 Orange Hunt - 193.0 Highland Park
Highlands Swim,Week1,Commonwealth,Week4,337.0 Highlands Swim - 65.0 Commonwealth
Hollin Hills,Week1,Commonwealth,Week5,283.0 Commonwealth - 117.0 Hollin Hills
Highland Park,Week3,Springboard,Week3,284.0 Highland Park - 117.0 Springboard
Highland Park,Week4,Overlee,Week3,317.0 Overlee - 85.0 Highland Park
Hollin Hills,Week2,Commonwealth,Week2,290.0 Commonwealth - 106.0 Hollin Hills
Highland Park,Week4,Springboard,Week4,300.0 Highland Park - 102.0 Springboard
Hollin Hills,Week5,Chesterbrook,Week5,391.0 Chesterbrook - 11.0 Hollin Hills
Highlands Swim,Week5,Lakevale Estates,Week3,247.0 Highlands Swim - 155.0 Lakevale Estates
Highland Park,Week4,Overlee,Week2,332.0 Overlee - 70.0 Highland Park
Hollin Hills,Week3,Commonwealth,Week1,229.0 Commonwealth - 170.0 Hollin Hills
Highland Park,Week3,Overlee,Week5,362.0 Overlee - 40.0 Highland Park
Highlands Swim,Week5,Lake Braddock,Week2,355.0 Highlands Swim - 47.0 Lake Braddock
Highland Park,Week3,Springboard,Week5,278.0 Highland Park - 123.0 Springboard
Hollin Hills,Week2,Commonwealth,Week4,265.0 Commonwealth - 131.0 Hollin Hills
Highlands Swim,Week3,Lakeview,Week3,361.0 Highlands Swim - 41.0 Lakeview
Highland Park,Week3,Overlee,Week4,370.0 Overlee - 32.0 Highland Park
Highlands Swim,Week5,Commonwealth,Week3,324.0 Highlands Swim - 78.0 Commonwealth
Hollin Hills,Week3,Commonwealth,Week5,278.0 Commonwealth - 123.0 Hollin Hills
Highlands Swim,Week4,Cottontail,Week3,337.0 Highlands Swim - 65.0 Cottontail
Highlands Swim,Week1,Lakevale Estates,Week5,228.0 Highlands Swim - 174.0 Lakevale Estates
Hollin Hills,Week4,Commonwealth,Week2,293.0 Commonwealth - 102.0 Hollin Hills
Highland Park,Week4,Overlee,Week4,363.0 Overlee - 39.0 Highland Park
Hollin Hills,Week5,Chesterbrook,Week2,386.0 Chesterbrook - 16.0 Hollin Hills
Highlands Swim,Week2,Commonwealth,Week5,331.0 Highlands Swim - 71.0 Commonwealth
Highlands Swim,Week3,Lakevale Estates,Week4,229.0 Highlands Swim - 173.0 Lakevale Estates
Highland Park,Week2,Overlee,Week1,327.0 Overlee - 75.0 Highland Park
Highland Park,Week3,Springboard,Week2,308.0 Highland Park - 93.0 Springboard
Highlands Swim,Week4,Lakeview,Week5,363.0 Highlands Swim - 30.0 Lakeview
Hollin Hills,Week3,Commonwealth,Week4,252.0 Commonwealth - 148.0 Hollin Hills
Highland Park,Week2,Springboard,Week4,290.5 Highland Park - 111.5 Springboard
Highland Park,Week3,Overlee,Week1,331.0 Overlee - 71.0 Highland Park
Highlands Swim,Week2,Commonwealth,Week1,332.0 Highlands Swim - 70.0 Commonwealth
Highlands Swim,Week1,Langley,Week1,229.0 Highlands Swim - 173.0 Langley
Highlands Swim,Week4,Cottontail,Week2,334.0 Highlands Swim - 68.0 Cottontail
Highland Park,Week4,Springboard,Week2,321.5 Highland Park - 80.5 Springboard
Highlands Swim,Week5,Chesterbrook,Week4,251.5 Chesterbrook - 150.5 Highlands Swim
Highland Park,Week3,Springboard,Week4,281.0 Highland Park - 116.0 Springboard
Highland Park,Week4,Springboard,Week5,304.0 Highland Park - 98.0 Springboard
Highlands Swim,Week2,Lakevale Estates,Week1,262.0 Highlands Swim - 140.0 Lakevale Estates
Hollin Hills,Week4,Commonwealth,Week1,231.0 Commonwealth - 161.0 Hollin Hills
Highland Park,Week3,Springboard,Week1,283.0 Highland Park - 118.0 Springboard
Highlands Swim,Week5,Cottontail,Week1,322.0 Highlands Swim - 80.0 Cottontail
Highland Park,Week2,Overlee,Week4,375.0 Overlee - 27.0 Highland Park
Highlands Swim,Week1,Commonwealth,Week5,317.0 Highlands Swim - 85.0 Commonwealth
Highlands Swim,Week1,Lakevale Estates,Week2,256.0 Highlands Swim - 146.0 Lakevale Estates
Highland Park,Week4,Overlee,Week5,356.0 Overlee - 46.0 Highland Park
Highland Park,Week2,Overlee,Week3,338.0 Overlee - 64.0 Highland Park
Highlands Swim,Week5,Cottontail,Week4,335.0 Highlands Swim - 67.0 Cottontail
Highlands Swim,Week5,Lakeview,Week1,364.0 Highlands Swim - 38.0 Lakeview
Highlands Swim,Week5,Lakeview,Week3,358.0 Highlands Swim - 44.0 Lakeview
Hollin Hills,Week4,Commonwealth,Week3,283.0 Commonwealth - 108.0 Hollin Hills
Highlands Swim,Week4,Cottontail,Week4,327.0 Highlands Swim - 75.0 Cottontail
Highland Park,Week5,Springboard,Week3,307.0 Highland Park - 94.0 Springboard
Highlands Swim,Week1,Country Club Hills,Week2,323.0 Highlands Swim - 79.0 Country Club Hills
Highlands Swim,Week2,Lakeview,Week5,358.0 Highlands Swim - 35.0 Lakeview
Highland Park,Week4,Springboard,Week1,303.0 Highland Park - 99.0 Springboard
Highland Park,Week2,Overlee,Week5,365.0 Overlee - 37.0 Highland Park
Highland Park,Week4,Springboard,Week3,303.0 Highland Park - 99.0 Springboard
Highland Park,Week4,Overlee,Week1,316.0 Overlee - 86.0 Highland Park
Hollin Hills,Week4,Chesterbrook,Week3,394.0 Chesterbrook - 8.0 Hollin Hills
Highland Park,Week5,Overlee,Week1,306.0 Overlee - 96.0 Highland Park
Highland Park,Week5,Lakeview,Week3,289.0 Highland Park - 113.0 Lakeview
Highlands Swim,Week2,Country Club Hills,Week4,332.0 Highlands Swim - 70.0 Country Club Hills
Highlands Swim,Week3,Lakeview,Week1,371.0 Highlands Swim - 31.0 Lakeview
Highland Park,Week2,Parklawn,Week2,268.0 Highland Park - 134.0 Parklawn
Highlands Swim,Week5,Lakeview,Week2,367.5 Highlands Swim - 34.5 Lakeview
Highland Park,Week1,Parklawn,Week5,269.0 Highland Park - 132.0 Parklawn
Highland Park,Week5,Springboard,Week4,295.0 Highland Park - 107.0 Springboard
Highland Park,Week4,Parklawn,Week4,263.0 Highland Park - 139.0 Parklawn
Highlands Swim,Week1,Country Club Hills,Week4,323.0 Highlands Swim - 79.0 Country Club Hills
Highland Park,Week1,Springfield,Week3,366.0 Highland Park - 35.0 Springfield
Highland Park,Week2,Parklawn,Week3,288.0 Highland Park - 114.0 Parklawn
Highland Park,Week1,Springfield,Week2,370.0 Highland Park - 31.0 Springfield
Hollin Hills,Week3,Commonwealth,Week2,287.0 Commonwealth - 114.0 Hollin Hills
Hollin Hills,Week2,Commonwealth,Week5,275.0 Commonwealth - 121.0 Hollin Hills
Highlands Swim,Week5,Lakeview,Week4,357.0 Highlands Swim - 45.0 Lakeview
Highlands Swim,Week2,Country Club Hills,Week1,326.0 Highlands Swim - 76.0 Country Club Hills
Highland Park,Week5,Springboard,Week5,300.0 Highland Park - 101.0 Springboard
Highlands Swim,Week1,Cottontail,Week3,334.0 Highlands Swim - 68.0 Cottontail
Hollin Hills,Week4,Chesterbrook,Week4,393.0 Chesterbrook - 8.0 Hollin Hills
Hollin Hills,Week4,Commonwealth,Week4,271.0 Commonwealth - 127.0 Hollin Hills
Highlands Swim,Week2,Country Club Hills,Week2,326.0 Highlands Swim - 76.0 Country Club Hills
Hollin Hills,Week3,Commonwealth,Week3,276.0 Commonwealth - 123.0 Hollin Hills
Highlands Swim,Week4,Lakeview,Week4,355.0 Highlands Swim - 47.0 Lakeview
Highlands Swim,Week2,Lakeview,Week3,365.5 Highlands Swim - 36.5 Lakeview
Hollin Hills,Week3,Chesterbrook,Week5,390.0 Chesterbrook - 12.0 Hollin Hills
Highland Park,Week3,Langley,Week2,234.0 Langley - 168.0 Highland Park
Hollin Hills,Week5,Chesterbrook,Week1,375.0 Chesterbrook - 27.0 Hollin Hills
Highland Park,Week2,Parklawn,Week1,287.0 Highland Park - 106.0 Parklawn
Highlands Swim,Week2,Cottontail,Week1,325.0 Highlands Swim - 77.0 Cottontail
Highlands Swim,Week2,Cottontail,Week5,322.0 Highlands Swim - 80.0 Cottontail
Highlands Swim,Week1,Cottontail,Week5,321.0 Highlands Swim - 81.0 Cottontail
Highland Park,Week5,Lakeview,Week5,295.0 Highland Park - 98.0 Lakeview
Highlands Swim,Week1,Lakeview,Week2,361.0 Highlands Swim - 41.0 Lakeview
Highland Park,Week2,Langley,Week4,256.0 Langley - 146.0 Highland Park
Highland Park,Week1,Springfield,Week5,378.0 Highland Park - 23.0 Springfield
Highlands Swim,Week1,Cottontail,Week1,319.0 Highlands Swim - 83.0 Cottontail
Highlands Swim,Week3,Lakeview,Week4,358.5 Highlands Swim - 43.5 Lakeview
Highland Park,Week2,Langley,Week3,240.0 Langley - 162.0 Highland Park
Highland Park,Week2,Springfield,Week5,379.0 Highland Park - 23.0 Springfield
Highland Park,Week3,Rutherford,Week3,260.0 Highland Park - 142.0 Rutherford
Hollin Hills,Week4,Chesterbrook,Week1,376.0 Chesterbrook - 25.0 Hollin Hills
Highland Park,Week1,Laurel Hill,Week1,292.0 Highland Park - 110.0 Laurel Hill
Highland Park,Week1,Parliament,Week3,239.0 Highland Park - 163.0 Parliament
Highland Park,Week3,Rutherford,Week5,261.0 Highland Park - 141.0 Rutherford
Highland Park,Week2,Parliament,Week1,204.0 Parliament - 198.0 Highland Park
Highland Park,Week4,Parklawn,Week2,272.0 Highland Park - 130.0 Parklawn
Highland Park,Week2,Parklawn,Week4,260.0 Highland Park - 142.0 Parklawn
Highlands Swim,Week3,Langley,Week1,231.0 Highlands Swim - 171.0 Langley
Hollin Hills,Week1,Commonwealth,Week3,274.0 Commonwealth - 122.0 Hollin Hills
Highland Park,Week4,Langley,Week1,254.0 Langley - 148.0 Highland Park
Hollin Hills,Week1,Commonwealth,Week2,285.0 Commonwealth - 112.0 Hollin Hills
Hollin Hills,Week5,Chesterbrook,Week4,387.0 Chesterbrook - 15.0 Hollin Hills
Hollin Hills,Week5,Chesterbrook,Week3,391.0 Chesterbrook - 11.0 Hollin Hills
Highland Park,Week2,Springfield,Week2,367.0 Highland Park - 35.0 Springfield
Highlands Swim,Week4,Lakeview,Week3,356.0 Highlands Swim - 46.0 Lakeview
Hollin Hills,Week1,Commonwealth,Week1,234.5 Commonwealth - 158.5 Hollin Hills
Highlands Swim,Week3,Lakeview,Week5,357.5 Highlands Swim - 35.5 Lakeview
Highlands Swim,Week1,Cottontail,Week4,329.5 Highlands Swim - 72.5 Cottontail
Hollin Hills,Week4,Chesterbrook,Week5,393.0 Chesterbrook - 9.0 Hollin Hills
Highland Park,Week5,Langley,Week5,229.0 Langley - 173.0 Highland Park
Highland Park,Week1,Rutherford,Week4,291.0 Highland Park - 111.0 Rutherford
Highlands Swim,Week2,Cottontail,Week2,334.0 Highlands Swim - 68.0 Cottontail
Highland Park,Week5,Rutherford,Week1,296.0 Highland Park - 106.0 Rutherford
Highland Park,Week1,Rutherford,Week5,278.0 Highland Park - 124.0 Rutherford
Highland Park,Week5,Overlee,Week5,342.0 Overlee - 60.0 Highland Park
Highland Park,Week3,Parklawn,Week3,281.0 Highland Park - 120.0 Parklawn
Highland Park,Week1,Laurel Hill,Week5,258.0 Highland Park - 144.0 Laurel Hill
Highlands Swim,Week4,Cottontail,Week1,320.0 Highlands Swim - 82.0 Cottontail
Hollin Hills,Week4,Chesterbrook,Week2,387.5 Chesterbrook - 14.5 Hollin Hills
Highland Park,Week4,Langley,Week3,237.0 Langley - 165.0 Highland Park
Highland Park,Week5,Overlee,Week2,326.0 Overlee - 76.0 Highland Park
Highland Park,Week1,Parklawn,Week1,294.5 Highland Park - 98.5 Parklawn
Highlands Swim,Week3,Cottontail,Week2,331.0 Highlands Swim - 71.0 Cottontail
Highlands Swim,Week5,Commonwealth,Week5,321.0 Highlands Swim - 81.0 Commonwealth
Highlands Swim,Week1,Lakeview,Week3,353.0 Highlands Swim - 49.0 Lakeview
Highlands Swim,Week4,Lakeview,Week1,370.0 Highlands Swim - 32.0 Lakeview
Highland Park,Week2,Laurel Hill,Week3,281.0 Highland Park - 121.0 Laurel Hill
Highland Park,Week1,Rutherford,Week3,282.0 Highland Park - 120.0 Rutherford
Highlands Swim,Week1,Lakeview,Week1,366.0 Highlands Swim - 36.0 Lakeview
Highland Park,Week5,Overlee,Week4,349.0 Overlee - 53.0 Highland Park
Highlands Swim,Week5,Lakevale Estates,Week5,234.0 Highlands Swim - 168.0 Lakevale Estates
Highlands Swim,Week2,Lakeview,Week1,377.0 Highlands Swim - 25.0 Lakeview
Highland Park,Week5,Rutherford,Week4,287.0 Highland Park - 115.0 Rutherford
Highlands Swim,Week2,Cottontail,Week4,334.0 Highlands Swim - 68.0 Cottontail
Highland Park,Week5,Lakeview,Week4,271.0 Highland Park - 131.0 Lakeview
Highland Park,Week3,Parklawn,Week4,256.0 Highland Park - 145.0 Parklawn
Hollin Hills,Week1,Commonwealth,Week4,259.0 Commonwealth - 139.0 Hollin Hills
Hollin Hills,Week2,Commonwealth,Week1,234.0 Commonwealth - 158.0 Hollin Hills
Highlands Swim,Week2,Cottontail,Week3,340.0 Highlands Swim - 62.0 Cottontail
Highland Park,Week1,Shouse Village,Week5,204.0 Highland Park - 198.0 Shouse Village
Highland Park,Week1,Shouse Village,Week2,237.0 Highland Park - 165.0 Shouse Village
Highlands Swim,Week1,Lakeview,Week4,354.0 Highlands Swim - 48.0 Lakeview
Highland Park,Week1,Langley,Week4,243.0 Langley - 159.0 Highland Park
Highland Park,Week1,Parklawn,Week3,297.0 Highland Park - 104.0 Parklawn
Highlands Swim,Week3,Cottontail,Week1,318.0 Highlands Swim - 84.0 Cottontail
Highland Park,Week3,Langley,Week1,254.0 Langley - 148.0 Highland Park
Highland Park,Week1,Rutherford,Week2,295.0 Highland Park - 107.0 Rutherford
Hollin Hills,Week2,Commonwealth,Week3,279.0 Commonwealth - 114.0 Hollin Hills
Highlands Swim,Week5,Lakevale Estates,Week4,242.0 Highlands Swim - 160.0 Lakevale Estates
Highlands Swim,Week3,Cottontail,Week5,315.0 Highlands Swim - 87.0 Cottontail
Highland Park,Week5,Langley,Week2,241.0 Langley - 161.0 Highland Park
Highlands Swim,Week2,Lakeview,Week4,361.0 Highlands Swim - 41.0 Lakeview
Highlands Swim,Week3,Cottontail,Week3,335.5 Highlands Swim - 66.5 Cottontail
Highland Park,Week1,Langley,Week2,221.0 Langley - 181.0 Highland Park
Highland Park,Week1,Parklawn,Week2,278.5 Highland Park - 122.5 Parklawn
Highland Park,Week3,Parliament,Week3,215.0 Highland Park - 187.0 Parliament
Highlands Swim,Week3,Cottontail,Week4,323.0 Highlands Swim - 79.0 Cottontail
Highland Park,Week2,Shouse Village,Week3,216.0 Highland Park - 186.0 Shouse Village
Highlands Swim,Week2,Lakeview,Week2,376.0 Highlands Swim - 26.0 Lakeview
Highlands Swim,Week3,Lakeview,Week2,375.0 Highlands Swim - 27.0 Lakeview
Highland Park,Week3,Parliament,Week5,202.0 Highland Park - 200.0 Parliament
Highland Park,Week4,Langley,Week2,237.0 Langley - 165.0 Highland Park
Highland Park,Week4,Parklawn,Week3,297.0 Highland Park - 105.0 Parklawn
Hollin Hills,Week1,Cottontail,Week1,314.0 Cottontail - 88.0 Hollin Hills
Hollin Hills,Week5,Commonwealth,Week5,285.0 Commonwealth - 113.0 Hollin Hills
Highland Park,Week5,Langley,Week1,254.0 Langley - 148.0 Highland Park
Hollin Hills,Week1,Cottontail,Week3,304.0 Cottontail - 97.0 Hollin Hills
Highlands Swim,Week1,Cottontail,Week2,332.5 Highlands Swim - 69.5 Cottontail
Highlands Swim,Week1,Lakeview,Week5,344.0 Highlands Swim - 49.0 Lakeview
Hollin Hills,Week5,Commonwealth,Week3,277.0 Commonwealth - 117.0 Hollin Hills
Highland Park,Week2,Parklawn,Week5,260.0 Highland Park - 142.0 Parklawn
Highland Park,Week3,Shouse Village,Week1,223.0 Highland Park - 179.0 Shouse Village
Highland Park,Week2,Rutherford,Week4,270.0 Highland Park - 132.0 Rutherford
Highland Park,Week1,Rutherford,Week1,302.0 Highland Park - 100.0 Rutherford
Highlands Swim,Week5,Lakeview,Week5,361.0 Highlands Swim - 32.0 Lakeview
Highland Park,Week1,Parklawn,Week4,267.5 Highland Park - 133.5 Parklawn
Highland Park,Week4,Parklawn,Week1,293.0 Highland Park - 100.0 Parklawn
Highland Park,Week2,Rutherford,Week5,270.0 Highland Park - 132.0 Rutherford
Highland Park,Week1,Shouse Village,Week1,244.0 Highland Park - 158.0 Shouse Village
Highland Park,Week5,Overlee,Week3,310.0 Overlee - 92.0 Highland Park
Highlands Swim,Week5,Cottontail,Week3,338.0 Highlands Swim - 64.0 Cottontail
Hollin Hills,Week5,Commonwealth,Week4,254.0 Commonwealth - 142.0 Hollin Hills
Highlands Swim,Week4,Cottontail,Week5,305.0 Highlands Swim - 97.0 Cottontail
Highland Park,Week1,Shouse Village,Week3,219.0 Highland Park - 183.0 Shouse Village
Highlands Swim,Week1,Langley,Week2,233.0 Highlands Swim - 169.0 Langley
Hollin Hills,Week1,Cottontail,Week4,303.0 Cottontail - 99.0 Hollin Hills
Hollin Hills,Week4,Cottontail,Week3,283.0 Cottontail - 117.0 Hollin Hills
Hollin Hills,Week5,Cottontail,Week5,293.0 Cottontail - 109.0 Hollin Hills
Highland Park,Week2,Langley,Week1,244.0 Langley - 158.0 Highland Park
Highlands Swim,Week1,Country Club Hills,Week5,309.0 Highlands Swim - 93.0 Country Club Hills
Highland Park,Week3,Langley,Week3,246.0 Langley - 156.0 Highland Park
Highlands Swim,Week1,Langley,Week3,233.0 Highlands Swim - 169.0 Langley
Highlands Swim,Week4,Lakeview,Week2,370.0 Highlands Swim - 32.0 Lakeview
Highland Park,Week3,Parklawn,Week1,282.0 Highland Park - 111.0 Parklawn
Highlands Swim,Week5,Cottontail,Week2,330.0 Highlands Swim - 72.0 Cottontail
Highland Park,Week1,Langley,Week5,220.0 Langley - 182.0 Highland Park
Highland Park,Week3,Parklawn,Week2,262.0 Highland Park - 139.0 Parklawn
Highlands Swim,Week1,Country Club Hills,Week1,312.0 Highlands Swim - 90.0 Country Club Hills
Highland Park,Week3,Parklawn,Week5,256.0 Highland Park - 140.0 Parklawn
Highlands Swim,Week1,Country Club Hills,Week3,320.0 Highlands Swim - 82.0 Country Club Hills
Highlands Swim,Week1,Langley,Week4,238.0 Highlands Swim - 164.0 Langley
Highland Park,Week3,Rutherford,Week2,271.0 Highland Park - 131.0 Rutherford
Highland Park,Week2,Rutherford,Week1,295.0 Highland Park - 107.0 Rutherford
Hollin Hills,Week4,Commonwealth,Week5,296.0 Commonwealth - 102.0 Hollin Hills
Highland Park,Week5,Langley,Week3,237.0 Langley - 165.0 Highland Park
Highland Park,Week4,Rutherford,Week3,289.0 Highland Park - 113.0 Rutherford
Hollin Hills,Week1,Country Club Hills,Week4,289.0 Country Club Hills - 113.0 Hollin Hills
Highland Park,Week4,Langley,Week5,234.0 Langley - 168.0 Highland Park
Highland Park,Week4,Shouse Village,Week2,236.0 Highland Park - 166.0 Shouse Village
Hollin Hills,Week5,Commonwealth,Week1,231.5 Commonwealth - 154.5 Hollin Hills
Highlands Swim,Week2,Langley,Week3,249.0 Highlands Swim - 153.0 Langley
Hollin Hills,Week3,Cottontail,Week5,307.0 Cottontail - 95.0 Hollin Hills
Highland Park,Week3,Rutherford,Week4,264.0 Highland Park - 138.0 Rutherford
Highlands Swim,Week2,Country Club Hills,Week3,332.0 Highlands Swim - 70.0 Country Club Hills
Highlands Swim,Week2,Langley,Week1,241.0 Highlands Swim - 161.0 Langley
Highland Park,Week5,Parklawn,Week2,281.0 Highland Park - 120.0 Parklawn
Highlands Swim,Week5,Cottontail,Week5,319.0 Highlands Swim - 83.0 Cottontail
Highland Park,Week2,Langley,Week2,242.0 Langley - 160.0 Highland Park
Highlands Swim,Week2,Langley,Week2,267.0 Highlands Swim - 135.0 Langley
Highland Park,Week5,Parklawn,Week3,292.0 Highland Park - 109.0 Parklawn
Highland Park,Week2,Rutherford,Week2,291.0 Highland Park - 111.0 Rutherford
Highland Park,Week1,Laurel Hill,Week2,305.0 Highland Park - 96.0 Laurel Hill
Hollin Hills,Week1,Country Club Hills,Week1,291.0 Country Club Hills - 111.0 Hollin Hills
Highland Park,Week5,Parklawn,Week4,254.0 Highland Park - 147.0 Parklawn
Hollin Hills,Week5,Commonwealth,Week2,293.0 Commonwealth - 106.0 Hollin Hills
Highland Park,Week5,Parklawn,Week1,293.0 Highland Park - 100.0 Parklawn
Highlands Swim,Week3,Langley,Week3,231.0 Highlands Swim - 171.0 Langley
Highland Park,Week5,Rolling Valley,Week4,310.0 Highland Park - 92.0 Rolling Valley
Hollin Hills,Week4,Cottontail,Week1,315.0 Cottontail - 87.0 Hollin Hills
Highlands Swim,Week3,Country Club Hills,Week5,311.5 Highlands Swim - 90.5 Country Club Hills
Highlands Swim,Week2,Langley,Week4,260.0 Highlands Swim - 142.0 Langley
Highlands Swim,Week2,Country Club Hills,Week5,322.0 Highlands Swim - 80.0 Country Club Hills
Highland Park,Week1,Langley,Week1,233.0 Langley - 169.0 Highland Park
Highland Park,Week3,Rutherford,Week1,281.0 Highland Park - 121.0 Rutherford
Highlands Swim,Week1,Langley,Week5,230.5 Highlands Swim - 171.5 Langley
Highlands Swim,Week5,Country Club Hills,Week2,320.0 Highlands Swim - 82.0 Country Club Hills
Highland Park,Week4,Parklawn,Week5,270.0 Highland Park - 132.0 Parklawn
Highlands Swim,Week3,Langley,Week2,248.0 Highlands Swim - 154.0 Langley
Highlands Swim,Week4,Country Club Hills,Week2,301.0 Highlands Swim - 101.0 Country Club Hills
Highland Park,Week2,Rutherford,Week3,272.0 Highland Park - 130.0 Rutherford
Hollin Hills,Week2,Cottontail,Week1,310.0 Cottontail - 92.0 Hollin Hills
Highlands Swim,Week3,Country Club Hills,Week3,321.0 Highlands Swim - 81.0 Country Club Hills
Highlands Swim,Week2,Langley,Week5,255.0 Highlands Swim - 147.0 Langley
Highland Park,Week5,Rolling Valley,Week5,295.0 Highland Park - 107.0 Rolling Valley
Highland Park,Week5,Parklawn,Week5,268.0 Highland Park - 133.0 Parklawn
Highland Park,Week1,Langley,Week3,229.0 Langley - 173.0 Highland Park
Highland Park,Week2,Langley,Week5,232.0 Langley - 170.0 Highland Park
Highland Park,Week3,Langley,Week4,264.0 Langley - 138.0 Highland Park
Highland Park,Week5,Langley,Week4,252.0 Langley - 150.0 Highland Park
Highland Park,Week3,Langley,Week5,245.0 Langley - 157.0 Highland Park
Highland Park,Week4,Langley,Week4,263.0 Langley - 139.0 Highland Park
Hollin Hills,Week1,Cottontail,Week5,319.0 Cottontail - 83.0 Hollin Hills
Highlands Swim,Week4,Langley,Week2,238.0 Highlands Swim - 164.0 Langley
Highlands Swim,Week4,Country Club Hills,Week3,307.0 Highlands Swim - 95.0 Country Club Hills
Hollin Hills,Week3,Cottontail,Week3,288.0 Cottontail - 114.0 Hollin Hills
Hollin Hills,Week4,Country Club Hills,Week1,284.0 Country Club Hills - 118.0 Hollin Hills
Highland Park,Week4,Rutherford,Week1,312.0 Highland Park - 90.0 Rutherford
Highlands Swim,Week1,Crosspointe,Week2,227.0 Highlands Swim - 175.0 Crosspointe
Highland Park,Week1,Laurel Hill,Week4,282.0 Highland Park - 120.0 Laurel Hill
Hollin Hills,Week4,Cottontail,Week4,294.0 Cottontail - 108.0 Hollin Hills
Highlands Swim,Week3,Country Club Hills,Week4,318.0 Highlands Swim - 84.0 Country Club Hills
Hollin Hills,Week3,Country Club Hills,Week4,298.0 Country Club Hills - 104.0 Hollin Hills
Highlands Swim,Week4,Langley,Week3,237.0 Highlands Swim - 165.0 Langley
Highlands Swim,Week3,Country Club Hills,Week1,313.0 Highlands Swim - 89.0 Country Club Hills
Highland Park,Week4,Rutherford,Week5,288.0 Highland Park - 114.0 Rutherford
Highland Park,Week4,Rutherford,Week2,308.0 Highland Park - 94.0 Rutherford
Highland Park,Week1,Parliament,Week2,249.5 Highland Park - 151.5 Parliament
Highlands Swim,Week3,Langley,Week5,241.0 Highlands Swim - 161.0 Langley
Highland Park,Week1,Parliament,Week5,229.0 Highland Park - 173.0 Parliament
Highlands Swim,Week4,Langley,Week1,230.5 Highlands Swim - 171.5 Langley
Highland Park,Week1,Laurel Hill,Week3,290.0 Highland Park - 112.0 Laurel Hill
Highland Park,Week1,Parliament,Week1,214.0 Highland Park - 188.0 Parliament
Highland Park,Week1,Parliament,Week4,226.0 Highland Park - 176.0 Parliament
Highland Park,Week4,Rutherford,Week4,296.0 Highland Park - 106.0 Rutherford
Hollin Hills,Week2,Cottontail,Week5,307.0 Cottontail - 95.0 Hollin Hills
Highland Park,Week3,Pinewood Lake,Week4,351.0 Highland Park - 45.0 Pinewood Lake
Highland Park,Week3,Lee Graham,Week1,282.0 Lee Graham - 120.0 Highland Park
Highland Park,Week2,Laurel Hill,Week2,304.0 Highland Park - 98.0 Laurel Hill
Highlands Swim,Week1,Crosspointe,Week1,220.0 Highlands Swim - 182.0 Crosspointe
Hollin Hills,Week1,Cottontail,Week2,310.0 Cottontail - 92.0 Hollin Hills
Highland Park,Week2,Parliament,Week3,220.0 Highland Park - 182.0 Parliament
Highland Park,Week3,Parliament,Week2,224.0 Highland Park - 178.0 Parliament
Highland Park,Week2,Shouse Village,Week4,205.0 Highland Park - 197.0 Shouse Village
Highland Park,Week1,Pleasant Valley,Week3,321.0 Highland Park - 81.0 Pleasant Valley
Highland Park,Week2,Shouse Village,Week1,234.0 Highland Park - 168.0 Shouse Village
Highland Park,Week1,Pleasant Valley,Week4,341.0 Highland Park - 59.0 Pleasant Valley
Hollin Hills,Week2,Cottontail,Week3,303.0 Cottontail - 98.0 Hollin Hills
Highland Park,Week5,Pinewood Lake,Week2,376.0 Highland Park - 26.0 Pinewood Lake
Highland Park,Week4,Laurel Hill,Week2,314.0 Highland Park - 87.0 Laurel Hill
Highlands Swim,Week4,Langley,Week5,243.0 Highlands Swim - 159.0 Langley
Highland Park,Week2,Laurel Hill,Week1,285.0 Highland Park - 117.0 Laurel Hill
Highlands Swim,Week5,Country Club Hills,Week4,325.0 Highlands Swim - 77.0 Country Club Hills
Highlands Swim,Week4,Country Club Hills,Week1,307.0 Highlands Swim - 95.0 Country Club Hills
Highland Park,Week5,Laurel Hill,Week5,243.0 Highland Park - 159.0 Laurel Hill
Highlands Swim,Week5,Country Club Hills,Week3,320.0 Highlands Swim - 82.0 Country Club Hills
Highland Park,Week3,Laurel Hill,Week2,291.0 Highland Park - 111.0 Laurel Hill
Highland Park,Week3,Parliament,Week4,208.0 Highland Park - 194.0 Parliament
Highland Park,Week2,Shouse Village,Week2,236.0 Highland Park - 166.0 Shouse Village
Highlands Swim,Week4,Langley,Week4,235.0 Highlands Swim - 167.0 Langley
Highland Park,Week3,Pinewood Lake,Week3,365.0 Highland Park - 31.0 Pinewood Lake
Highland Park,Week5,Rutherford,Week5,285.0 Highland Park - 117.0 Rutherford
Highland Park,Week3,Parliament,Week1,214.0 Parliament - 188.0 Highland Park
Hollin Hills,Week5,Cottontail,Week4,286.0 Cottontail - 116.0 Hollin Hills
Highlands Swim,Week4,Country Club Hills,Week4,319.0 Highlands Swim - 83.0 Country Club Hills
Highland Park,Week2,Lee Graham,Week5,294.0 Lee Graham - 108.0 Highland Park
Hollin Hills,Week3,Cottontail,Week4,292.0 Cottontail - 110.0 Hollin Hills
Hollin Hills,Week3,Cottontail,Week2,291.0 Cottontail - 111.0 Hollin Hills
Highlands Swim,Week5,Country Club Hills,Week5,319.0 Highlands Swim - 83.0 Country Club Hills
Highland Park,Week3,Pinewood Lake,Week5,347.0 Highland Park - 49.0 Pinewood Lake
Highland Park,Week2,Parliament,Week4,214.0 Highland Park - 188.0 Parliament
Highland Park,Week5,Rutherford,Week3,290.0 Highland Park - 112.0 Rutherford
Highland Park,Week2,Parliament,Week5,215.0 Highland Park - 187.0 Parliament
Highlands Swim,Week3,Langley,Week4,252.0 Highlands Swim - 150.0 Langley
Hollin Hills,Week3,Cottontail,Week1,299.0 Cottontail - 103.0 Hollin Hills
Highland Park,Week2,Parliament,Week2,228.0 Highland Park - 174.0 Parliament
Highland Park,Week3,Laurel Hill,Week3,250.5 Highland Park - 151.5 Laurel Hill
Highland Park,Week5,Rutherford,Week2,291.0 Highland Park - 111.0 Rutherford
Highland Park,Week1,Shouse Village,Week4,212.0 Highland Park - 190.0 Shouse Village
Highlands Swim,Week4,Country Club Hills,Week5,307.0 Highlands Swim - 95.0 Country Club Hills
Highland Park,Week4,Parliament,Week4,229.0 Highland Park - 173.0 Parliament
Highlands Swim,Week3,Country Club Hills,Week2,317.0 Highlands Swim - 85.0 Country Club Hills
Highland Park,Week3,Shouse Village,Week2,226.0 Highland Park - 176.0 Shouse Village
Hollin Hills,Week1,Country Club Hills,Week2,291.0 Country Club Hills - 110.0 Hollin Hills
Highland Park,Week3,Pleasant Valley,Week3,276.0 Highland Park - 126.0 Pleasant Valley
Hollin Hills,Week2,Cottontail,Week2,300.0 Cottontail - 102.0 Hollin Hills
Highland Park,Week3,Pleasant Valley,Week5,291.0 Highland Park - 111.0 Pleasant Valley
Highland Park,Week3,Laurel Hill,Week4,259.0 Highland Park - 143.0 Laurel Hill
Highland Park,Week4,Parliament,Week5,221.0 Highland Park - 181.0 Parliament
Highland Park,Week3,Shouse Village,Week5,214.0 Shouse Village - 188.0 Highland Park
Highland Park,Week4,Parliament,Week3,240.0 Highland Park - 162.0 Parliament
Highland Park,Week3,Shouse Village,Week4,199.0 Shouse Village - 198.0 Highland Park
Hollin Hills,Week5,Cottontail,Week1,296.0 Cottontail - 106.0 Hollin Hills
Highland Park,Week2,Shouse Village,Week5,210.0 Shouse Village - 192.0 Highland Park
Highland Park,Week2,Laurel Hill,Week5,245.0 Highland Park - 157.0 Laurel Hill
Highland Park,Week5,Parliament,Week3,226.0 Highland Park - 176.0 Parliament
Hollin Hills,Week4,Cottontail,Week2,299.0 Cottontail - 103.0 Hollin Hills
Highland Park,Week5,Parliament,Week5,227.0 Highland Park - 175.0 Parliament
Highlands Swim,Week5,Country Club Hills,Week1,327.0 Highlands Swim - 75.0 Country Club Hills
Highland Park,Week5,Pinewood Lake,Week1,370.0 Highland Park - 32.0 Pinewood Lake
Highland Park,Week4,Pleasant Valley,Week4,344.0 Highland Park - 57.0 Pleasant Valley
Highland Park,Week4,Laurel Hill,Week4,296.5 Highland Park - 105.5 Laurel Hill
Highland Park,Week4,Laurel Hill,Week5,257.0 Highland Park - 145.0 Laurel Hill
Highland Park,Week4,Pleasant Valley,Week2,332.0 Highland Park - 70.0 Pleasant Valley
Highland Park,Week5,Laurel Hill,Week2,312.0 Highland Park - 90.0 Laurel Hill
Highland Park,Week3,Shouse Village,Week3,217.0 Highland Park - 185.0 Shouse Village
Highland Park,Week1,Pinecrest,Week1,233.0 Pinecrest - 169.0 Highland Park
Hollin Hills,Week2,Cottontail,Week4,291.0 Cottontail - 111.0 Hollin Hills
Hollin Hills,Week4,Cottontail,Week5,314.0 Cottontail - 88.0 Hollin Hills
Highland Park,Week4,Shouse Village,Week1,245.0 Highland Park - 157.0 Shouse Village
Highland Park,Week2,Sideburn Run,Week1,216.0 Sideburn Run - 186.0 Highland Park
Highland Park,Week1,Lee Graham,Week1,267.0 Lee Graham - 135.0 Highland Park
Hollin Hills,Week5,Cottontail,Week3,277.0 Cottontail - 125.0 Hollin Hills
Highland Park,Week1,Sideburn Run,Week2,240.5 Highland Park - 161.5 Sideburn Run
Highland Park,Week3,Laurel Hill,Week5,233.0 Highland Park - 164.0 Laurel Hill
Highland Park,Week4,Pinewood Lake,Week1,374.0 Highland Park - 27.0 Pinewood Lake
Hollin Hills,Week1,Country Club Hills,Week3,288.0 Country Club Hills - 114.0 Hollin Hills
Highland Park,Week2,Pinewood Lake,Week5,367.0 Highland Park - 34.0 Pinewood Lake
Highland Park,Week3,Pinewood Lake,Week1,359.0 Highland Park - 38.0 Pinewood Lake
Hollin Hills,Week1,Country Club Hills,Week5,299.0 Country Club Hills - 102.0 Hollin Hills
Highland Park,Week2,Pinecrest,Week4,266.0 Pinecrest - 136.0 Highland Park
Highland Park,Week1,Pinecrest,Week2,246.0 Pinecrest - 156.0 Highland Park
Hollin Hills,Week5,Cottontail,Week2,283.0 Cottontail - 119.0 Hollin Hills
Highland Park,Week4,Laurel Hill,Week1,294.0 Highland Park - 108.0 Laurel Hill
Hollin Hills,Week2,Country Club Hills,Week1,280.0 Country Club Hills - 122.0 Hollin Hills
Highland Park,Week5,Shouse Village,Week5,210.0 Shouse Village - 192.0 Highland Park
Highland Park,Week2,Pinecrest,Week3,274.0 Pinecrest - 128.0 Highland Park
Highland Park,Week4,Shouse Village,Week4,211.0 Highland Park - 191.0 Shouse Village
Highland Park,Week5,Pinewood Lake,Week4,375.0 Highland Park - 27.0 Pinewood Lake
Highland Park,Week3,Pinewood Lake,Week2,353.0 Highland Park - 43.0 Pinewood Lake
Highland Park,Week2,Pinecrest,Week1,253.0 Pinecrest - 149.0 Highland Park
Highland Park,Week5,Shouse Village,Week1,238.0 Highland Park - 164.0 Shouse Village
Highland Park,Week4,Parliament,Week1,211.0 Highland Park - 191.0 Parliament
Highland Park,Week2,Lee Graham,Week2,295.0 Lee Graham - 107.0 Highland Park
Highland Park,Week2,Lee Graham,Week4,268.0 Lee Graham - 134.0 Highland Park
Highland Park,Week5,Parliament,Week2,240.0 Highland Park - 162.0 Parliament
Highland Park,Week2,Pinecrest,Week2,265.0 Pinecrest - 137.0 Highland Park
Highland Park,Week2,Pleasant Valley,Week1,329.0 Highland Park - 73.0 Pleasant Valley
Highland Park,Week2,Sideburn Run,Week2,219.0 Highland Park - 183.0 Sideburn Run
Highland Park,Week1,Pleasant Valley,Week5,324.0 Highland Park - 78.0 Pleasant Valley
Highland Park,Week4,Shouse Village,Week5,202.0 Highland Park - 200.0 Shouse Village
Hollin Hills,Week3,Country Club Hills,Week3,287.0 Country Club Hills - 115.0 Hollin Hills
Hollin Hills,Week2,Country Club Hills,Week3,277.0 Country Club Hills - 123.0 Hollin Hills
Hollin Hills,Week5,Country Club Hills,Week2,269.0 Country Club Hills - 133.0 Hollin Hills
Highland Park,Week4,Pinewood Lake,Week4,377.0 Highland Park - 24.0 Pinewood Lake
Highland Park,Week5,Laurel Hill,Week4,274.0 Highland Park - 128.0 Laurel Hill
Highland Park,Week5,Parliament,Week4,227.5 Highland Park - 174.5 Parliament
Highland Park,Week1,Lee Graham,Week5,264.0 Lee Graham - 138.0 Highland Park
Highland Park,Week5,Shouse Village,Week4,209.0 Highland Park - 193.0 Shouse Village
Highland Park,Week2,Sideburn Run,Week4,206.0 Sideburn Run - 196.0 Highland Park
Highland Park,Week5,Shouse Village,Week3,219.0 Highland Park - 183.0 Shouse Village
Highland Park,Week5,Parliament,Week1,204.0 Highland Park - 198.0 Parliament
Highland Park,Week1,Pinecrest,Week5,249.0 Pinecrest - 153.0 Highland Park
Highland Park,Week1,Pleasant Valley,Week2,338.0 Highland Park - 63.0 Pleasant Valley
Highland Park,Week1,Pleasant Valley,Week1,333.0 Highland Park - 68.0 Pleasant Valley
Hollin Hills,Week3,Country Club Hills,Week5,301.0 Country Club Hills - 101.0 Hollin Hills
Highland Park,Week1,Lee Graham,Week3,273.0 Lee Graham - 129.0 Highland Park
Highland Park,Week2,Pinecrest,Week5,264.0 Pinecrest - 138.0 Highland Park
Hollin Hills,Week2,Country Club Hills,Week5,299.0 Country Club Hills - 102.0 Hollin Hills
Highland Park,Week2,Sideburn Run,Week5,204.0 Sideburn Run - 198.0 Highland Park
Hollin Hills,Week2,Country Club Hills,Week4,277.0 Country Club Hills - 125.0 Hollin Hills
Highland Park,Week4,Pinewood Lake,Week3,381.0 Highland Park - 20.0 Pinewood Lake
Highland Park,Week1,Pinecrest,Week3,260.0 Pinecrest - 142.0 Highland Park
Highland Park,Week2,Laurel Hill,Week4,278.0 Highland Park - 124.0 Laurel Hill
Highland Park,Week1,Sideburn Run,Week5,225.0 Highland Park - 177.0 Sideburn Run
Highland Park,Week1,Sideburn Run,Week1,211.0 Highland Park - 191.0 Sideburn Run
Highland Park,Week5,Laurel Hill,Week1,288.0 Highland Park - 114.0 Laurel Hill
Highland Park,Week4,Pinewood Lake,Week2,376.0 Highland Park - 25.0 Pinewood Lake
Highland Park,Week1,Pinecrest,Week4,254.0 Pinecrest - 148.0 Highland Park
Hollin Hills,Week3,Country Club Hills,Week1,283.0 Country Club Hills - 119.0 Hollin Hills
Hollin Hills,Week2,Country Club Hills,Week2,284.0 Country Club Hills - 117.0 Hollin Hills
Highland Park,Week4,Shouse Village,Week3,212.0 Highland Park - 190.0 Shouse Village
Highland Park,Week4,Parliament,Week2,251.0 Highland Park - 150.0 Parliament
Hollin Hills,Week3,Country Club Hills,Week2,289.0 Country Club Hills - 113.0 Hollin Hills
Highland Park,Week4,Laurel Hill,Week3,290.0 Highland Park - 112.0 Laurel Hill
Highland Park,Week5,Laurel Hill,Week3,272.0 Highland Park - 130.0 Laurel Hill
Highland Park,Week2,Pleasant Valley,Week4,331.0 Highland Park - 71.0 Pleasant Valley
Highland Park,Week2,Lee Graham,Week1,292.0 Lee Graham - 110.0 Highland Park
Highland Park,Week2,Pinewood Lake,Week4,370.0 Highland Park - 31.0 Pinewood Lake
Highland Park,Week3,Laurel Hill,Week1,269.0 Highland Park - 133.0 Laurel Hill
Hollin Hills,Week4,Country Club Hills,Week5,299.0 Country Club Hills - 102.0 Hollin Hills
Highland Park,Week4,Pinecrest,Week3,274.0 Pinecrest - 128.0 Highland Park
Hollin Hills,Week1,Crosspointe,Week1,343.0 Crosspointe - 59.0 Hollin Hills
Highland Park,Week5,Pinecrest,Week1,245.0 Pinecrest - 157.0 Highland Park
Highland Park,Week1,Pinewood Lake,Week5,367.0 Highland Park - 34.0 Pinewood Lake
Highland Park,Week2,Sideburn Run,Week3,206.0 Highland Park - 196.0 Sideburn Run
Highland Park,Week4,Pinewood Lake,Week5,369.0 Highland Park - 32.0 Pinewood Lake
Highland Park,Week5,Lee Graham,Week1,281.0 Lee Graham - 121.0 Highland Park
Highland Park,Week3,Sideburn Run,Week2,203.0 Sideburn Run - 199.0 Highland Park
Hollin Hills,Week5,Country Club Hills,Week5,287.0 Country Club Hills - 115.0 Hollin Hills
Highland Park,Week3,Pinecrest,Week1,247.0 Pinecrest - 155.0 Highland Park
Highland Park,Week3,Pleasant Valley,Week1,304.0 Highland Park - 97.0 Pleasant Valley
Highland Park,Week5,Pinewood Lake,Week5,366.0 Highland Park - 36.0 Pinewood Lake
Hollin Hills,Week1,Crosspointe,Week2,337.0 Crosspointe - 64.0 Hollin Hills
Highland Park,Week5,Lee Graham,Week3,283.0 Lee Graham - 119.0 Highland Park
Highland Park,Week1,Sideburn Run,Week3,211.0 Highland Park - 191.0 Sideburn Run
Hollin Hills,Week5,Country Club Hills,Week4,261.0 Country Club Hills - 141.0 Hollin Hills
Highland Park,Week5,Pinecrest,Week3,273.0 Pinecrest - 129.0 Highland Park
Highland Park,Week5,Shouse Village,Week2,238.0 Highland Park - 164.0 Shouse Village
Highland Park,Week2,Pleasant Valley,Week3,313.5 Highland Park - 88.5 Pleasant Valley
Highland Park,Week1,Lee Graham,Week2,270.0 Lee Graham - 132.0 Highland Park
Highland Park,Week3,Sideburn Run,Week1,218.0 Sideburn Run - 179.0 Highland Park
Highland Park,Week2,Pleasant Valley,Week5,310.0 Highland Park - 92.0 Pleasant Valley
Hollin Hills,Week5,Country Club Hills,Week1,276.0 Country Club Hills - 126.0 Hollin Hills
Highland Park,Week1,Lee Graham,Week4,240.0 Lee Graham - 162.0 Highland Park
Highland Park,Week5,Pinecrest,Week4,276.5 Pinecrest - 125.5 Highland Park
Highland Park,Week2,Lincolnia Park,Week5,298.0 Highland Park - 95.0 Lincolnia Park
Highland Park,Week5,Pinewood Lake,Week3,379.0 Highland Park - 23.0 Pinewood Lake
Highland Park,Week1,Sideburn Run,Week4,222.0 Highland Park - 180.0 Sideburn Run
Highland Park,Week2,Lee Graham,Week3,293.0 Lee Graham - 109.0 Highland Park
Highland Park,Week4,Pleasant Valley,Week3,312.0 Highland Park - 90.0 Pleasant Valley
Highland Park,Week3,Pleasant Valley,Week4,317.0 Highland Park - 79.0 Pleasant Valley
Highland Park,Week2,Pleasant Valley,Week2,327.0 Highland Park - 75.0 Pleasant Valley
Highland Park,Week5,Sideburn Run,Week5,210.5 Sideburn Run - 191.5 Highland Park
Highland Park,Week2,Lincolnia Park,Week1,330.0 Highland Park - 72.0 Lincolnia Park
Highland Park,Week5,Pinecrest,Week2,265.0 Pinecrest - 137.0 Highland Park
Highland Park,Week1,Sleepy Hollow B & R,Week5,222.0 Sleepy Hollow B & R - 180.0 Highland Park
Highland Park,Week4,Sideburn Run,Week2,225.0 Highland Park - 177.0 Sideburn Run
Highland Park,Week4,Pleasant Valley,Week1,336.0 Highland Park - 66.0 Pleasant Valley
Highland Park,Week3,Pinecrest,Week4,270.0 Pinecrest - 132.0 Highland Park
Highland Park,Week2,Pinewood Lake,Week3,372.0 Highland Park - 30.0 Pinewood Lake
Hollin Hills,Week1,Crosspointe,Week4,336.0 Crosspointe - 66.0 Hollin Hills
Highland Park,Week4,Sideburn Run,Week3,210.0 Highland Park - 192.0 Sideburn Run
Highland Park,Week1,Pinewood Lake,Week1,370.0 Highland Park - 31.0 Pinewood Lake
Highland Park,Week3,Pleasant Valley,Week2,300.0 Highland Park - 101.0 Pleasant Valley
Highland Park,Week3,Sideburn Run,Week5,224.0 Sideburn Run - 178.0 Highland Park
Highland Park,Week1,Lincolnia Park,Week4,322.0 Highland Park - 79.0 Lincolnia Park
Hollin Hills,Week4,Country Club Hills,Week3,277.0 Country Club Hills - 123.0 Hollin Hills
Hollin Hills,Week2,Crosspointe,Week1,337.0 Crosspointe - 65.0 Hollin Hills
Hollin Hills,Week1,Crosspointe,Week5,346.0 Crosspointe - 55.0 Hollin Hills
Highland Park,Week5,Lee Graham,Week4,252.0 Lee Graham - 150.0 Highland Park
Highland Park,Week1,Lincolnia Park,Week5,303.0 Highland Park - 90.0 Lincolnia Park
Highland Park,Week4,Lincolnia Park,Week2,324.0 Highland Park - 69.0 Lincolnia Park
Highland Park,Week4,Pinecrest,Week5,252.0 Pinecrest - 150.0 Highland Park
Hollin Hills,Week2,Crosspointe,Week2,337.0 Crosspointe - 64.0 Hollin Hills
Highland Park,Week4,Lee Graham,Week5,288.0 Lee Graham - 114.0 Highland Park
Highland Park,Week4,Lincolnia Park,Week1,335.0 Highland Park - 66.0 Lincolnia Park
Highland Park,Week1,Pinewood Lake,Week3,373.0 Highland Park - 28.0 Pinewood Lake
Highland Park,Week2,Pinewood Lake,Week2,368.0 Highland Park - 34.0 Pinewood Lake
Highland Park,Week5,Sideburn Run,Week2,224.0 Highland Park - 178.0 Sideburn Run
Highland Park,Week5,Pinecrest,Week5,256.0 Pinecrest - 146.0 Highland Park
Highland Park,Week4,Pleasant Valley,Week5,323.0 Highland Park - 79.0 Pleasant Valley
Highland Park,Week3,Sideburn Run,Week4,226.0 Sideburn Run - 176.0 Highland Park
Hollin Hills,Week2,Daventry,Week5,228.0 Daventry - 170.0 Hollin Hills
Highland Park,Week1,Sleepy Hollow B & R,Week1,224.0 Highland Park - 178.0 Sleepy Hollow B & R
Hollin Hills,Week3,Daventry,Week2,216.0 Daventry - 183.0 Hollin Hills
Highland Park,Week2,Poplar Heights,Week4,218.0 Poplar Heights - 184.0 Highland Park
Highland Park,Week4,Pinecrest,Week4,267.0 Pinecrest - 135.0 Highland Park
Highland Park,Week2,Poplar Heights,Week3,212.0 Poplar Heights - 190.0 Highland Park
Hollin Hills,Week5,Country Club Hills,Week3,273.0 Country Club Hills - 128.0 Hollin Hills
Highland Park,Week1,Sleepy Hollow B & R,Week2,209.0 Highland Park - 193.0 Sleepy Hollow B & R
Highland Park,Week1,Poplar Heights,Week2,208.0 Poplar Heights - 194.0 Highland Park
Highland Park,Week3,Lee Graham,Week4,279.0 Lee Graham - 123.0 Highland Park
Highland Park,Week4,Poplar Heights,Week4,210.0 Poplar Heights - 192.0 Highland Park
Highland Park,Week4,Pinecrest,Week2,242.0 Pinecrest - 160.0 Highland Park
Highland Park,Week4,Sideburn Run,Week5,207.0 Highland Park - 195.0 Sideburn Run
Highland Park,Week2,Poplar Heights,Week2,221.0 Poplar Heights - 181.0 Highland Park
Highland Park,Week1,Pinewood Lake,Week4,369.5 Highland Park - 31.5 Pinewood Lake
Hollin Hills,Week2,Crosspointe,Week4,337.0 Crosspointe - 64.0 Hollin Hills
Highland Park,Week5,Sideburn Run,Week1,208.0 Sideburn Run - 194.0 Highland Park
Highland Park,Week4,Poplar Heights,Week1,204.0 Highland Park - 198.0 Poplar Heights
Highland Park,Week5,Pleasant Valley,Week3,305.0 Highland Park - 97.0 Pleasant Valley
Highland Park,Week4,Sideburn Run,Week1,209.0 Sideburn Run - 193.0 Highland Park
Highland Park,Week3,Lee Graham,Week2,288.0 Lee Graham - 114.0 Highland Park
Highland Park,Week3,Lee Graham,Week3,291.0 Lee Graham - 111.0 Highland Park
Highland Park,Week4,Pinecrest,Week1,241.0 Pinecrest - 161.0 Highland Park
Highland Park,Week1,Pinewood Lake,Week2,369.0 Highland Park - 32.0 Pinewood Lake
Highland Park,Week5,Lee Graham,Week2,273.0 Lee Graham - 129.0 Highland Park
Highland Park,Week2,Lincolnia Park,Week4,318.0 Highland Park - 84.0 Lincolnia Park
Highland Park,Week2,Pinewood Lake,Week1,372.0 Highland Park - 29.0 Pinewood Lake
Highland Park,Week5,Sideburn Run,Week3,209.0 Sideburn Run - 193.0 Highland Park
Hollin Hills,Week2,Crosspointe,Week3,329.0 Crosspointe - 67.0 Hollin Hills
Highland Park,Week3,Lincolnia Park,Week4,295.0 Highland Park - 102.0 Lincolnia Park
Highland Park,Week5,Sideburn Run,Week4,204.0 Sideburn Run - 198.0 Highland Park
Highland Park,Week4,Poplar Heights,Week2,208.5 Poplar Heights - 193.5 Highland Park
Hollin Hills,Week4,Country Club Hills,Week4,283.0 Country Club Hills - 119.0 Hollin Hills
Hollin Hills,Week1,Crosspointe,Week3,330.0 Crosspointe - 71.0 Hollin Hills
Hollin Hills,Week2,Daventry,Week2,224.0 Daventry - 171.0 Hollin Hills
Hollin Hills,Week4,Country Club Hills,Week2,281.5 Country Club Hills - 119.5 Hollin Hills
Highland Park,Week4,Lee Graham,Week4,269.0 Lee Graham - 133.0 Highland Park
Highland Park,Week5,Poplar Heights,Week1,203.0 Poplar Heights - 199.0 Highland Park
Highland Park,Week4,Poplar Heights,Week5,218.0 Poplar Heights - 184.0 Highland Park
Highland Park,Week3,Lee Graham,Week5,290.0 Lee Graham - 112.0 Highland Park
Highland Park,Week1,Lincolnia Park,Week3,300.0 Highland Park - 93.0 Lincolnia Park
Highland Park,Week3,Pinecrest,Week2,276.0 Pinecrest - 126.0 Highland Park
Highland Park,Week3,Pinecrest,Week5,262.0 Pinecrest - 140.0 Highland Park
Hollin Hills,Week4,Crosspointe,Week5,349.0 Crosspointe - 51.0 Hollin Hills
Highland Park,Week3,Pinecrest,Week3,278.0 Pinecrest - 124.0 Highland Park
Highland Park,Week1,Lincolnia Park,Week1,326.0 Highland Park - 75.0 Lincolnia Park
Highland Park,Week1,Sleepy Hollow B & R,Week3,207.0 Highland Park - 195.0 Sleepy Hollow B & R
Highland Park,Week1,Sleepy Hollow B & R,Week4,202.0 Sleepy Hollow B & R - 200.0 Highland Park
Highland Park,Week5,Lee Graham,Week5,280.5 Lee Graham - 121.5 Highland Park
Highland Park,Week1,Poplar Heights,Week4,208.5 Poplar Heights - 193.5 Highland Park
Highland Park,Week2,Sleepy Hollow B & R,Week2,212.0 Sleepy Hollow B & R - 190.0 Highland Park
Highland Park,Week4,Lee Graham,Week1,277.0 Lee Graham - 125.0 Highland Park
Hollin Hills,Week3,Daventry,Week5,226.0 Daventry - 174.0 Hollin Hills
Highland Park,Week4,Lee Graham,Week2,286.0 Lee Graham - 116.0 Highland Park
Highland Park,Week2,Sleepy Hollow B & R,Week3,205.0 Sleepy Hollow B & R - 197.0 Highland Park
Highland Park,Week3,Sideburn Run,Week3,214.0 Sideburn Run - 188.0 Highland Park
Highland Park,Week2,Poplar Heights,Week5,225.5 Poplar Heights - 176.5 Highland Park
Highland Park,Week2,Sleepy Hollow B & R,Week4,228.0 Sleepy Hollow B & R - 174.0 Highland Park
Highland Park,Week4,Lee Graham,Week3,275.0 Lee Graham - 127.0 Highland Park
Highland Park,Week3,Poplar Heights,Week5,235.0 Poplar Heights - 167.0 Highland Park
Highland Park,Week2,Poplar Heights,Week1,217.0 Poplar Heights - 185.0 Highland Park
Hollin Hills,Week5,Crosspointe,Week4,315.0 Crosspointe - 87.0 Hollin Hills
Hollin Hills,Week3,Crosspointe,Week1,337.0 Crosspointe - 65.0 Hollin Hills
Highland Park,Week2,Sleepy Hollow B & R,Week1,202.5 Sleepy Hollow B & R - 199.5 Highland Park
Highland Park,Week5,Pleasant Valley,Week1,327.0 Highland Park - 74.0 Pleasant Valley
Hollin Hills,Week3,Crosspointe,Week4,334.0 Crosspointe - 68.0 Hollin Hills
Hollin Hills,Week4,Crosspointe,Week1,339.0 Crosspointe - 63.0 Hollin Hills
Hollin Hills,Week5,Crosspointe,Week2,325.0 Crosspointe - 77.0 Hollin Hills
Highland Park,Week1,Poplar Heights,Week3,207.0 Poplar Heights - 195.0 Highland Park
Highland Park,Week2,Lincolnia Park,Week3,297.0 Highland Park - 96.0 Lincolnia Park
Highland Park,Week3,Poplar Heights,Week3,233.0 Poplar Heights - 169.0 Highland Park
Highland Park,Week4,Sideburn Run,Week4,210.0 Highland Park - 192.0 Sideburn Run
Highland Park,Week3,Lincolnia Park,Week5,271.5 Highland Park - 121.5 Lincolnia Park
Hollin Hills,Week4,Crosspointe,Week3,330.0 Crosspointe - 71.0 Hollin Hills
Highland Park,Week3,Lincolnia Park,Week3,280.0 Highland Park - 113.0 Lincolnia Park
Highland Park,Week3,Poplar Heights,Week1,214.0 Poplar Heights - 188.0 Highland Park
Hollin Hills,Week4,Crosspointe,Week4,333.0 Crosspointe - 68.0 Hollin Hills
Hollin Hills,Week5,Crosspointe,Week5,340.0 Crosspointe - 62.0 Hollin Hills
Hollin Hills,Week3,Crosspointe,Week3,332.0 Crosspointe - 70.0 Hollin Hills
Highland Park,Week5,Pleasant Valley,Week2,334.0 Highland Park - 67.0 Pleasant Valley
Highland Park,Week1,Poplar Heights,Week1,202.0 Poplar Heights - 200.0 Highland Park
Highland Park,Week2,Sleepy Hollow B & R,Week5,245.0 Sleepy Hollow B & R - 157.0 Highland Park
Hollin Hills,Week4,Crosspointe,Week2,335.0 Crosspointe - 66.0 Hollin Hills
Hollin Hills,Week2,Crosspointe,Week5,345.5 Crosspointe - 55.5 Hollin Hills
Highland Park,Week4,Poplar Heights,Week3,212.0 Poplar Heights - 190.0 Highland Park
Highland Park,Week2,Lincolnia Park,Week2,314.0 Highland Park - 79.0 Lincolnia Park
Highland Park,Week3,Lincolnia Park,Week1,307.0 Highland Park - 95.0 Lincolnia Park
Highland Park,Week3,Poplar Heights,Week2,222.0 Poplar Heights - 180.0 Highland Park
Highland Park,Week3,Lincolnia Park,Week2,305.0 Highland Park - 88.0 Lincolnia Park
Hollin Hills,Week5,Crosspointe,Week3,310.0 Crosspointe - 92.0 Hollin Hills
Highland Park,Week1,Lincolnia Park,Week2,319.0 Highland Park - 74.0 Lincolnia Park
Highland Park,Week5,Poplar Heights,Week2,216.0 Poplar Heights - 186.0 Highland Park
Hollin Hills,Week5,Crosspointe,Week1,327.0 Crosspointe - 75.0 Hollin Hills
Highland Park,Week1,Poplar Heights,Week5,218.0 Poplar Heights - 184.0 Highland Park
Hollin Hills,Week3,Crosspointe,Week5,344.0 Crosspointe - 58.0 Hollin Hills
Highland Park,Week2,Poplar Tree,Week5,251.0 Poplar Tree - 151.0 Highland Park
Highland Park,Week4,Poplar Tree,Week2,201.0 Highland Park - 201.0 Poplar Tree
Highland Park,Week1,Ravensworth Farm,Week4,202.0 Highland Park - 200.0 Ravensworth Farm
Hollin Hills,Week5,Daventry,Week4,216.0 Daventry - 179.0 Hollin Hills
Highland Park,Week4,Lincolnia Park,Week4,324.0 Highland Park - 77.0 Lincolnia Park
Highland Park,Week4,Poplar Tree,Week4,211.0 Highland Park - 191.0 Poplar Tree
Highland Park,Week4,Lincolnia Park,Week3,307.0 Highland Park - 86.0 Lincolnia Park
Hollin Hills,Week1,Daventry,Week1,245.0 Daventry - 154.0 Hollin Hills
Highland Park,Week3,Poplar Heights,Week4,230.0 Poplar Heights - 172.0 Highland Park
Highland Park,Week2,Poplar Tree,Week2,214.0 Poplar Tree - 188.0 Highland Park
Hollin Hills,Week3,Daventry,Week3,218.0 Daventry - 182.0 Hollin Hills
Hollin Hills,Week1,Daventry,Week3,230.0 Daventry - 167.0 Hollin Hills
Highland Park,Week5,Lincolnia Park,Week3,302.5 Highland Park - 90.5 Lincolnia Park
Hollin Hills,Week2,Daventry,Week4,216.0 Daventry - 183.0 Hollin Hills
Highland Park,Week1,Little Hunting Park,Week2,279.0 Highland Park - 123.0 Little Hunting Park
Highland Park,Week4,Lincolnia Park,Week5,306.0 Highland Park - 87.0 Lincolnia Park
Highland Park,Week5,Pleasant Valley,Week4,326.0 Highland Park - 75.0 Pleasant Valley
Highland Park,Week5,Lincolnia Park,Week1,325.0 Highland Park - 77.0 Lincolnia Park
Highland Park,Week5,Poplar Heights,Week3,207.5 Poplar Heights - 194.5 Highland Park
Highland Park,Week5,Poplar Tree,Week4,208.0 Poplar Tree - 194.0 Highland Park
Hollin Hills,Week3,Daventry,Week4,219.0 Daventry - 182.0 Hollin Hills
Highland Park,Week5,Lincolnia Park,Week5,296.0 Highland Park - 97.0 Lincolnia Park
Hollin Hills,Week1,Daventry,Week4,238.0 Daventry - 162.0 Hollin Hills
Highland Park,Week1,Little Hunting Park,Week1,280.0 Highland Park - 121.0 Little Hunting Park
Hollin Hills,Week2,Daventry,Week1,230.0 Daventry - 165.0 Hollin Hills
Highland Park,Week1,Little Hunting Park,Week4,292.0 Highland Park - 110.0 Little Hunting Park
Highland Park,Week5,Poplar Heights,Week5,223.0 Poplar Heights - 179.0 Highland Park
Highland Park,Week5,Poplar Heights,Week4,224.0 Poplar Heights - 178.0 Highland Park
Hollin Hills,Week3,Crosspointe,Week2,325.0 Crosspointe - 77.0 Hollin Hills
Hollin Hills,Week2,Daventry,Week3,218.0 Daventry - 174.0 Hollin Hills
Highland Park,Week5,Pleasant Valley,Week5,311.0 Highland Park - 91.0 Pleasant Valley
Highland Park,Week5,Lincolnia Park,Week2,324.0 Highland Park - 69.0 Lincolnia Park
Hollin Hills,Week1,Daventry,Week5,244.0 Daventry - 150.0 Hollin Hills
Highland Park,Week5,Lincolnia Park,Week4,320.0 Highland Park - 82.0 Lincolnia Park
Highland Park,Week2,Poplar Tree,Week4,206.0 Poplar Tree - 196.0 Highland Park
Highland Park,Week1,Little Hunting Park,Week3,291.0 Highland Park - 111.0 Little Hunting Park
Highland Park,Week1,Ravensworth Farm,Week1,212.0 Highland Park - 190.0 Ravensworth Farm
Hollin Hills,Week3,Daventry,Week1,219.0 Daventry - 181.0 Hollin Hills
Hollin Hills,Week1,Daventry,Week2,239.0 Daventry - 161.0 Hollin Hills
Hollin Hills,Week4,Daventry,Week4,208.0 Daventry - 191.0 Hollin Hills
Highland Park,Week1,Poplar Tree,Week3,211.0 Poplar Tree - 191.0 Highland Park
Hollin Hills,Week5,Daventry,Week2,216.0 Daventry - 176.0 Hollin Hills
Highland Park,Week4,Poplar Tree,Week1,216.0 Poplar Tree - 186.0 Highland Park
Highland Park,Week3,Poplar Tree,Week2,219.0 Poplar Tree - 183.0 Highland Park
Hollin Hills,Week1,Dominion Hills,Week4,329.0 Dominion Hills - 69.0 Hollin Hills
Highland Park,Week3,Poplar Tree,Week5,251.0 Poplar Tree - 151.0 Highland Park
Hollin Hills,Week2,Dominion Hills,Week2,327.0 Dominion Hills - 75.0 Hollin Hills
Hollin Hills,Week1,Dominion Hills,Week1,308.0 Dominion Hills - 94.0 Hollin Hills
Highland Park,Week5,Poplar Tree,Week1,230.0 Poplar Tree - 172.0 Highland Park
Hollin Hills,Week5,Daventry,Week5,231.0 Daventry - 159.0 Hollin Hills
Highland Park,Week3,Poplar Tree,Week1,232.0 Poplar Tree - 170.0 Highland Park
Hollin Hills,Week5,Daventry,Week3,202.0 Daventry - 188.0 Hollin Hills
Hollin Hills,Week4,Daventry,Week2,215.0 Daventry - 180.0 Hollin Hills
Hollin Hills,Week2,Dominion Hills,Week1,302.0 Dominion Hills - 100.0 Hollin Hills
Highland Park,Week4,Poplar Tree,Week3,205.0 Poplar Tree - 197.0 Highland Park
Highland Park,Week5,Poplar Tree,Week2,217.0 Poplar Tree - 185.0 Highland Park
Highland Park,Week1,Poplar Tree,Week4,213.0 Highland Park - 189.0 Poplar Tree
Highland Park,Week1,Poplar Tree,Week1,207.0 Poplar Tree - 195.0 Highland Park
Hollin Hills,Week4,Daventry,Week1,216.0 Daventry - 181.0 Hollin Hills
Hollin Hills,Week5,Daventry,Week1,212.0 Daventry - 182.0 Hollin Hills
Hollin Hills,Week4,Daventry,Week5,236.0 Daventry - 159.0 Hollin Hills
Highland Park,Week3,Poplar Tree,Week3,235.0 Poplar Tree - 167.0 Highland Park
Highland Park,Week3,Poplar Tree,Week4,207.0 Poplar Tree - 195.0 Highland Park
Highland Park,Week1,Poplar Tree,Week2,205.0 Highland Park - 197.0 Poplar Tree
Hollin Hills,Week1,Dominion Hills,Week3,316.0 Dominion Hills - 85.0 Hollin Hills
Highland Park,Week2,Poplar Tree,Week1,228.0 Poplar Tree - 174.0 Highland Park
Hollin Hills,Week2,Dominion Hills,Week3,307.0 Dominion Hills - 94.0 Hollin Hills
Hollin Hills,Week2,Dominion Hills,Week4,314.0 Dominion Hills - 84.0 Hollin Hills
Hollin Hills,Week2,Dominion Hills,Week5,327.0 Dominion Hills - 68.0 Hollin Hills
Highland Park,Week4,Poplar Tree,Week5,246.0 Poplar Tree - 156.0 Highland Park
Hollin Hills,Week1,Dominion Hills,Week2,327.0 Dominion Hills - 75.0 Hollin Hills
Highland Park,Week1,Poplar Tree,Week5,227.0 Poplar Tree - 175.0 Highland Park
Highland Park,Week3,Ravensworth Farm,Week4,234.0 Ravensworth Farm - 168.0 Highland Park
Highland Park,Week1,Ravensworth Farm,Week2,244.0 Highland Park - 158.0 Ravensworth Farm
Highland Park,Week5,Poplar Tree,Week3,227.0 Poplar Tree - 175.0 Highland Park
Highland Park,Week3,Riverside Gardens,Week1,267.0 Riverside Gardens - 135.0 Highland Park
Hollin Hills,Week4,Daventry,Week3,212.0 Daventry - 184.0 Hollin Hills
Highland Park,Week2,Riverside Gardens,Week3,263.0 Riverside Gardens - 139.0 Highland Park
Hollin Hills,Week1,Dominion Hills,Week5,331.5 Dominion Hills - 69.5 Hollin Hills
Highland Park,Week2,Poplar Tree,Week3,220.0 Poplar Tree - 182.0 Highland Park
Highland Park,Week1,Riverside Gardens,Week1,231.0 Riverside Gardens - 171.0 Highland Park
Highland Park,Week4,Ravensworth Farm,Week1,220.0 Ravensworth Farm - 182.0 Highland Park
Highland Park,Week2,Riverside Gardens,Week2,233.0 Riverside Gardens - 169.0 Highland Park
Highland Park,Week5,Ravensworth Farm,Week4,215.0 Ravensworth Farm - 187.0 Highland Park
Hollin Hills,Week3,Dominion Hills,Week1,305.0 Dominion Hills - 97.0 Hollin Hills
Highland Park,Week2,Ravensworth Farm,Week2,206.0 Highland Park - 196.0 Ravensworth Farm
Highland Park,Week4,Ravensworth Farm,Week3,219.0 Ravensworth Farm - 183.0 Highland Park
Highland Park,Week2,Riverside Gardens,Week5,286.0 Riverside Gardens - 116.0 Highland Park
Highland Park,Week1,Ravensworth Farm,Week3,207.5 Ravensworth Farm - 194.5 Highland Park
Highland Park,Week1,Riverside Gardens,Week4,254.0 Riverside Gardens - 148.0 Highland Park
Highland Park,Week2,Ravensworth Farm,Week3,235.0 Ravensworth Farm - 167.0 Highland Park
Highland Park,Week3,Ravensworth Farm,Week2,208.0 Ravensworth Farm - 194.0 Highland Park
Highland Park,Week3,Ravensworth Farm,Week5,246.0 Ravensworth Farm - 156.0 Highland Park
Highland Park,Week4,Ravensworth Farm,Week2,217.0 Highland Park - 185.0 Ravensworth Farm
Highland Park,Week2,Ravensworth Farm,Week5,231.5 Ravensworth Farm - 170.5 Highland Park
Highland Park,Week2,Riverside Gardens,Week1,247.0 Riverside Gardens - 155.0 Highland Park
Highland Park,Week5,Poplar Tree,Week5,248.0 Poplar Tree - 154.0 Highland Park
Highland Park,Week3,Rolling Forest,Week2,231.0 Highland Park - 171.0 Rolling Forest
Highland Park,Week5,Ravensworth Farm,Week5,226.0 Ravensworth Farm - 176.0 Highland Park
Highland Park,Week3,Ravensworth Farm,Week1,236.0 Ravensworth Farm - 166.0 Highland Park
Highland Park,Week4,Riverside Gardens,Week3,255.0 Riverside Gardens - 147.0 Highland Park
Highland Park,Week5,Riverside Gardens,Week2,224.0 Riverside Gardens - 178.0 Highland Park
Highland Park,Week3,Riverside Gardens,Week4,270.0 Riverside Gardens - 132.0 Highland Park
Highland Park,Week2,Rolling Forest,Week3,206.0 Highland Park - 196.0 Rolling Forest
Highland Park,Week1,Rolling Forest,Week4,244.0 Highland Park - 158.0 Rolling Forest
Highland Park,Week3,Riverside Gardens,Week5,292.0 Riverside Gardens - 110.0 Highland Park
Highland Park,Week1,Riverside Gardens,Week2,218.0 Riverside Gardens - 184.0 Highland Park
Highland Park,Week4,Ravensworth Farm,Week4,210.0 Ravensworth Farm - 192.0 Highland Park
Highland Park,Week2,Riverside Gardens,Week4,273.0 Riverside Gardens - 129.0 Highland Park
Highland Park,Week4,Ravensworth Farm,Week5,228.0 Ravensworth Farm - 174.0 Highland Park
Highland Park,Week5,Riverside Gardens,Week5,262.0 Riverside Gardens - 140.0 Highland Park
Highland Park,Week5,Riverside Gardens,Week4,257.0 Riverside Gardens - 145.0 Highland Park
Highland Park,Week2,Ravensworth Farm,Week1,216.0 Ravensworth Farm - 186.0 Highland Park
Highland Park,Week4,Riverside Gardens,Week5,263.0 Riverside Gardens - 139.0 Highland Park
Highland Park,Week1,Rolling Forest,Week1,233.0 Highland Park - 169.0 Rolling Forest
Highland Park,Week4,Rolling Forest,Week2,242.0 Highland Park - 160.0 Rolling Forest
Highland Park,Week1,Rolling Forest,Week5,229.0 Highland Park - 173.0 Rolling Forest
Highland Park,Week1,Riverside Gardens,Week5,269.0 Riverside Gardens - 133.0 Highland Park
Highland Park,Week2,Rolling Forest,Week5,206.0 Rolling Forest - 196.0 Highland Park
Highland Park,Week3,Ravensworth Farm,Week3,234.0 Ravensworth Farm - 168.0 Highland Park
Highland Park,Week4,Riverside Gardens,Week2,222.0 Riverside Gardens - 180.0 Highland Park
Highland Park,Week2,Rolling Forest,Week2,234.0 Highland Park - 168.0 Rolling Forest
Highland Park,Week3,Riverside Gardens,Week2,239.0 Riverside Gardens - 163.0 Highland Park
Highland Park,Week4,Riverside Gardens,Week4,265.0 Riverside Gardens - 137.0 Highland Park
Highland Park,Week1,Rolling Forest,Week3,231.0 Highland Park - 171.0 Rolling Forest
Highland Park,Week1,Riverside Gardens,Week3,239.0 Riverside Gardens - 163.0 Highland Park
Highland Park,Week4,Riverside Gardens,Week1,237.0 Riverside Gardens - 165.0 Highland Park
Highland Park,Week2,Rolling Forest,Week4,244.0 Highland Park - 158.0 Rolling Forest
Highland Park,Week3,Rolling Forest,Week1,215.0 Highland Park - 182.0 Rolling Forest
Highland Park,Week2,Rolling Forest,Week1,247.0 Highland Park - 155.0 Rolling Forest
Highland Park,Week3,Riverside Gardens,Week3,268.0 Riverside Gardens - 134.0 Highland Park
Highland Park,Week3,Rolling Forest,Week5,202.5 Highland Park - 199.5 Rolling Forest
Highland Park,Week5,Ravensworth Farm,Week3,218.0 Ravensworth Farm - 184.0 Highland Park
Highland Park,Week2,Ravensworth Farm,Week4,221.0 Ravensworth Farm - 181.0 Highland Park
Highland Park,Week5,Ravensworth Farm,Week2,222.0 Highland Park - 180.0 Ravensworth Farm
Highland Park,Week5,Ravensworth Farm,Week1,222.0 Ravensworth Farm - 180.0 Highland Park
Highland Park,Week5,Riverside Gardens,Week3,248.0 Riverside Gardens - 154.0 Highland Park
Highland Park,Week1,Ravensworth Farm,Week5,201.5 Highland Park - 200.5 Ravensworth Farm
Highland Park,Week1,Rolling Forest,Week2,243.0 Highland Park - 159.0 Rolling Forest
Highland Park,Week3,Rolling Forest,Week4,224.0 Highland Park - 178.0 Rolling Forest
Highland Park,Week5,Riverside Gardens,Week1,240.0 Riverside Gardens - 162.0 Highland Park
Highland Park,Week3,Rolling Forest,Week3,208.0 Highland Park - 194.0 Rolling Forest
Highland Park,Week5,Rolling Hills,Week1,235.5 Highland Park - 166.5 Rolling Hills
Highland Park,Week4,Rolling Hills,Week1,263.0 Highland Park - 139.0 Rolling Hills
Highland Park,Week5,Rolling Forest,Week3,213.0 Highland Park - 189.0 Rolling Forest
Highland Park,Week5,Rolling Forest,Week5,222.0 Highland Park - 180.0 Rolling Forest
Highland Park,Week2,Rolling Hills,Week1,235.0 Highland Park - 167.0 Rolling Hills
Highland Park,Week1,Rolling Hills,Week1,251.0 Highland Park - 151.0 Rolling Hills
Highland Park,Week3,Rolling Hills,Week5,248.0 Highland Park - 154.0 Rolling Hills
Highland Park,Week5,Rolling Forest,Week1,234.0 Highland Park - 168.0 Rolling Forest
Highland Park,Week3,Rolling Hills,Week2,240.0 Highland Park - 162.0 Rolling Hills
Highland Park,Week4,Rolling Forest,Week1,240.0 Highland Park - 162.0 Rolling Forest
Highland Park,Week4,Rolling Hills,Week3,249.0 Highland Park - 153.0 Rolling Hills
Highland Park,Week4,Rolling Forest,Week5,216.0 Highland Park - 186.0 Rolling Forest
Highland Park,Week3,Rolling Hills,Week3,247.0 Highland Park - 155.0 Rolling Hills
Highland Park,Week2,Rolling Hills,Week4,246.0 Highland Park - 156.0 Rolling Hills
Highland Park,Week2,Rolling Hills,Week3,234.0 Highland Park - 168.0 Rolling Hills
Highland Park,Week4,Rolling Hills,Week4,262.0 Highland Park - 140.0 Rolling Hills
Highland Park,Week1,Rolling Hills,Week2,250.5 Highland Park - 151.5 Rolling Hills
Highland Park,Week5,Rolling Forest,Week4,236.0 Highland Park - 166.0 Rolling Forest
Highland Park,Week1,Rolling Hills,Week4,258.0 Highland Park - 143.0 Rolling Hills
Highland Park,Week2,Rolling Hills,Week2,245.5 Highland Park - 156.5 Rolling Hills
Highland Park,Week5,Rolling Hills,Week5,255.0 Highland Park - 147.0 Rolling Hills
Highland Park,Week4,Rolling Forest,Week4,247.0 Highland Park - 155.0 Rolling Forest
Highland Park,Week1,Rolling Hills,Week5,267.0 Highland Park - 135.0 Rolling Hills
Highland Park,Week1,Rolling Hills,Week3,251.0 Highland Park - 151.0 Rolling Hills
Highland Park,Week4,Rolling Hills,Week5,272.0 Highland Park - 130.0 Rolling Hills
Highland Park,Week4,Rolling Forest,Week3,222.0 Highland Park - 180.0 Rolling Forest
Highland Park,Week5,Rolling Forest,Week2,239.0 Highland Park - 163.0 Rolling Forest
Highland Park,Week3,Hunt Valley,Week4,261.0 Hunt Valley - 141.0 Highland Park
Highland Park,Week3,Rolling Hills,Week1,249.0 Highland Park - 153.0 Rolling Hills
Highland Park,Week2,Rolling Hills,Week5,260.0 Highland Park - 142.0 Rolling Hills
Highland Park,Week5,Hunt Valley,Week3,273.0 Hunt Valley - 129.0 Highland Park
Highland Park,Week2,Hunt Valley,Week4,262.0 Hunt Valley - 140.0 Highland Park
Highland Park,Week5,Rolling Hills,Week3,248.0 Highland Park - 154.0 Rolling Hills
Highland Park,Week4,Hunt Valley,Week2,247.0 Hunt Valley - 155.0 Highland Park
Highland Park,Week1,Rolling Valley,Week4,304.0 Highland Park - 98.0 Rolling Valley
Highland Park,Week3,Hunt Valley,Week1,252.0 Hunt Valley - 150.0 Highland Park
Highland Park,Week5,Rolling Valley,Week2,307.0 Highland Park - 95.0 Rolling Valley
Highland Park,Week4,Hunt Valley,Week3,267.0 Hunt Valley - 135.0 Highland Park
Highland Park,Week3,Rolling Hills,Week4,232.0 Highland Park - 169.0 Rolling Hills
Highland Park,Week5,Rolling Valley,Week3,295.0 Highland Park - 107.0 Rolling Valley
Highland Park,Week4,Rolling Hills,Week2,253.0 Highland Park - 149.0 Rolling Hills
Highland Park,Week4,Rolling Valley,Week3,305.0 Highland Park - 97.0 Rolling Valley
Highland Park,Week1,Hunter Mill,Week4,244.0 Hunter Mill - 158.0 Highland Park
Highland Park,Week2,Hunt Valley,Week2,253.0 Hunt Valley - 149.0 Highland Park
Highland Park,Week3,Hunt Valley,Week5,287.0 Hunt Valley - 115.0 Highland Park
Highland Park,Week5,Rolling Hills,Week4,250.0 Highland Park - 151.0 Rolling Hills
Highland Park,Week2,Hunt Valley,Week5,281.0 Hunt Valley - 121.0 Highland Park
Highland Park,Week2,Hunter Mill,Week2,224.0 Hunter Mill - 178.0 Highland Park
Highland Park,Week1,Rolling Valley,Week3,314.5 Highland Park - 87.5 Rolling Valley
Highland Park,Week5,Hunt Valley,Week1,245.0 Hunt Valley - 157.0 Highland Park
Highland Park,Week5,Rolling Hills,Week2,239.0 Highland Park - 163.0 Rolling Hills
Highland Park,Week3,Rolling Valley,Week3,294.0 Highland Park - 108.0 Rolling Valley
Highland Park,Week2,Rolling Valley,Week3,306.0 Highland Park - 96.0 Rolling Valley
Highland Park,Week5,Hunt Valley,Week2,245.5 Hunt Valley - 156.5 Highland Park
Highland Park,Week5,Rolling Valley,Week1,333.0 Highland Park - 69.0 Rolling Valley
Highland Park,Week3,Rolling Valley,Week5,283.0 Highland Park - 119.0 Rolling Valley
Highlands Swim,Week5,Sully Station II,Week3,249.0 Highlands Swim - 153.0 Sully Station II
Highland Park,Week2,Rolling Valley,Week2,308.0 Highland Park - 94.0 Rolling Valley
Highland Park,Week4,Hunt Valley,Week4,248.0 Hunt Valley - 154.0 Highland Park
Highland Park,Week4,Hunt Valley,Week5,273.5 Hunt Valley - 128.5 Highland Park
Highland Park,Week1,Rolling Valley,Week5,313.5 Highland Park - 88.5 Rolling Valley
Highland Park,Week1,Hunter Mill,Week5,238.0 Hunter Mill - 164.0 Highland Park
Highlands Swim,Week5,Sully Station,Week4,266.0 Highlands Swim - 136.0 Sully Station
Highland Park,Week5,Hunt Valley,Week5,266.0 Hunt Valley - 136.0 Highland Park
Highland Park,Week5,Mantua,Week1,239.0 Mantua - 163.0 Highland Park
Highlands Swim,Week4,Sully Station,Week4,244.0 Highlands Swim - 158.0 Sully Station
Highland Park,Week1,Hunter Mill,Week1,205.0 Hunter Mill - 197.0 Highland Park
Highland Park,Week2,Hunt Valley,Week3,277.0 Hunt Valley - 125.0 Highland Park
Highland Park,Week2,McLean,Week5,292.5 McLean - 109.5 Highland Park
Highland Park,Week2,Rolling Valley,Week4,301.0 Highland Park - 101.0 Rolling Valley
Highland Park,Week4,Hunt Valley,Week1,244.0 Hunt Valley - 158.0 Highland Park
Highlands Swim,Week5,Sully Station,Week5,244.0 Highlands Swim - 158.0 Sully Station
Highlands Swim,Week1,Sully Station II,Week2,237.0 Highlands Swim - 165.0 Sully Station II
Highland Park,Week4,Rolling Valley,Week5,305.0 Highland Park - 97.0 Rolling Valley
Highland Park,Week3,Hunt Valley,Week3,269.0 Hunt Valley - 133.0 Highland Park
Highland Park,Week4,Rolling Valley,Week4,309.0 Highland Park - 93.0 Rolling Valley
Highland Park,Week1,Rolling Valley,Week1,339.0 Highland Park - 63.0 Rolling Valley
Highlands Swim,Week4,Sully Station II,Week1,270.0 Highlands Swim - 132.0 Sully Station II
Highlands Swim,Week5,Sully Station,Week1,246.0 Highlands Swim - 156.0 Sully Station
Highland Park,Week3,Rolling Valley,Week1,325.0 Highland Park - 77.0 Rolling Valley
Highlands Swim,Week5,Sully Station,Week2,264.0 Highlands Swim - 138.0 Sully Station
Highlands Swim,Week1,Sully Station II,Week4,286.0 Highlands Swim - 116.0 Sully Station II
Highland Park,Week1,Hunter Mill,Week2,210.0 Hunter Mill - 192.0 Highland Park
Highlands Swim,Week4,Sully Station II,Week3,227.0 Highlands Swim - 175.0 Sully Station II
Highlands Swim,Week3,Sully Station II,Week2,244.0 Highlands Swim - 158.0 Sully Station II
Highland Park,Week4,Rolling Valley,Week1,336.0 Highland Park - 66.0 Rolling Valley
Highland Park,Week2,Hunter Mill,Week1,224.5 Hunter Mill - 177.5 Highland Park
Highlands Swim,Week5,Sully Station II,Week1,283.0 Highlands Swim - 119.0 Sully Station II
Highland Park,Week2,Rolling Valley,Week1,340.0 Highland Park - 62.0 Rolling Valley
Highlands Swim,Week1,Sully Station II,Week3,230.0 Highlands Swim - 172.0 Sully Station II
Highland Park,Week3,Hunt Valley,Week2,261.0 Hunt Valley - 141.0 Highland Park
Highlands Swim,Week1,Sully Station II,Week5,218.0 Highlands Swim - 184.0 Sully Station II
Highland Park,Week3,Rolling Valley,Week4,287.0 Highland Park - 115.0 Rolling Valley
Highland Park,Week5,Mantua,Week4,254.0 Mantua - 148.0 Highland Park
Highland Park,Week4,Rolling Valley,Week2,316.0 Highland Park - 86.0 Rolling Valley
Highland Park,Week1,Hunter Mill,Week3,212.0 Hunter Mill - 190.0 Highland Park
Highland Park,Week2,Rolling Valley,Week5,299.0 Highland Park - 103.0 Rolling Valley
Highland Park,Week3,Rolling Valley,Week2,295.0 Highland Park - 107.0 Rolling Valley
Highland Park,Week1,Rolling Valley,Week2,310.0 Highland Park - 92.0 Rolling Valley
Highland Park,Week5,Hunt Valley,Week4,250.0 Hunt Valley - 152.0 Highland Park
Highlands Swim,Week3,Sully Station II,Week1,269.5 Highlands Swim - 132.5 Sully Station II
Highland Park,Week4,McLean,Week4,288.0 McLean - 114.0 Highland Park
Highlands Swim,Week2,Sully Station II,Week3,226.0 Highlands Swim - 176.0 Sully Station II
Highland Park,Week4,Mantua,Week2,221.0 Mantua - 181.0 Highland Park
Highland Park,Week4,Mantua,Week1,238.5 Mantua - 163.5 Highland Park
Highland Park,Week1,McLean,Week3,265.0 McLean - 137.0 Highland Park
Highlands Swim,Week2,Sully Station II,Week5,244.0 Highlands Swim - 158.0 Sully Station II
Highlands Swim,Week5,Sully Station,Week3,268.0 Highlands Swim - 134.0 Sully Station
Highlands Swim,Week3,Sully Station II,Week4,280.0 Highlands Swim - 122.0 Sully Station II
Highland Park,Week5,McLean,Week3,290.0 McLean - 112.0 Highland Park
Highlands Swim,Week2,Sully Station II,Week2,248.0 Highlands Swim - 154.0 Sully Station II
Highland Park,Week3,Mantua,Week5,267.5 Mantua - 134.5 Highland Park
Highland Park,Week1,McLean,Week2,269.0 McLean - 133.0 Highland Park
Highland Park,Week5,Mantua,Week2,224.0 Mantua - 178.0 Highland Park
Highlands Swim,Week4,Sully Station,Week5,228.0 Highlands Swim - 174.0 Sully Station
Highlands Swim,Week4,Sully Station,Week3,251.0 Highlands Swim - 151.0 Sully Station
Highland Park,Week4,Mantua,Week3,274.0 Mantua - 128.0 Highland Park
Highland Park,Week5,Mantua,Week5,275.0 Mantua - 127.0 Highland Park
Highlands Swim,Week2,Sully Station II,Week4,293.0 Highlands Swim - 109.0 Sully Station II
Highlands Swim,Week3,Sully Station II,Week5,227.5 Highlands Swim - 174.5 Sully Station II
Highlands Swim,Week1,Sully Station II,Week1,271.0 Highlands Swim - 131.0 Sully Station II
Highland Park,Week1,McLean,Week5,271.0 McLean - 131.0 Highland Park
Highlands Swim,Week4,Sully Station II,Week2,258.0 Highlands Swim - 144.0 Sully Station II
Highlands Swim,Week2,Sully Station II,Week1,282.0 Highlands Swim - 120.0 Sully Station II
Highlands Swim,Week4,Sully Station,Week2,242.0 Highlands Swim - 160.0 Sully Station
Highland Park,Week3,Mantua,Week2,243.0 Mantua - 159.0 Highland Park
Highland Park,Week3,McLean,Week3,289.0 McLean - 113.0 Highland Park
Highland Park,Week3,McLean,Week5,294.0 McLean - 108.0 Highland Park
Highland Park,Week1,McLean,Week4,266.0 McLean - 136.0 Highland Park
Highlands Swim,Week3,Sully Station II,Week3,223.0 Highlands Swim - 179.0 Sully Station II
Highlands Swim,Week1,Tuckahoe,Week4,279.0 Tuckahoe - 123.0 Highlands Swim
Highlands Swim,Week4,Sully Station II,Week4,275.0 Highlands Swim - 127.0 Sully Station II
Highland Park,Week2,McLean,Week2,290.0 McLean - 112.0 Highland Park
Highlands Swim,Week5,Sully Station II,Week2,269.0 Highlands Swim - 133.0 Sully Station II
Highland Park,Week2,McLean,Week1,271.0 McLean - 131.0 Highland Park
Highlands Swim,Week1,Truro,Week3,332.0 Highlands Swim - 70.0 Truro
Highland Park,Week5,Mantua,Week3,276.0 Mantua - 126.0 Highland Park
Highland Park,Week2,McLean,Week3,292.0 McLean - 110.0 Highland Park
Highland Park,Week4,Mantua,Week4,238.0 Mantua - 164.0 Highland Park
Highland Park,Week3,Mantua,Week3,265.0 Mantua - 137.0 Highland Park
Highlands Swim,Week5,Truro,Week3,334.0 Highlands Swim - 68.0 Truro
Highlands Swim,Week4,Truro,Week5,333.0 Highlands Swim - 69.0 Truro
Highland Park,Week4,Mantua,Week5,260.0 Mantua - 142.0 Highland Park
Highlands Swim,Week5,Truro,Week5,328.0 Highlands Swim - 74.0 Truro
Highlands Swim,Week4,Sully Station II,Week5,222.0 Highlands Swim - 180.0 Sully Station II
Highland Park,Week3,Mantua,Week4,242.0 Mantua - 160.0 Highland Park
Highland Park,Week3,McLean,Week1,276.0 McLean - 121.0 Highland Park
Highland Park,Week3,McLean,Week2,282.0 McLean - 120.0 Highland Park
Highlands Swim,Week1,Tuckahoe,Week5,258.0 Tuckahoe - 144.0 Highlands Swim
Highlands Swim,Week1,Tuckahoe,Week3,280.0 Tuckahoe - 122.0 Highlands Swim
Highlands Swim,Week4,High Point Pool,Week4,252.0 Highlands Swim - 150.0 High Point Pool
Highlands Swim,Week1,Truro,Week4,329.0 Highlands Swim - 73.0 Truro
Highland Park,Week1,McLean,Week1,259.0 McLean - 143.0 Highland Park
Highland Park,Week2,McLean,Week4,277.5 McLean - 124.5 Highland Park
Highlands Swim,Week5,Sully Station II,Week5,241.0 Highlands Swim - 161.0 Sully Station II
Highlands Swim,Week1,Highland Park,Week1,282.0 Highlands Swim - 120.0 Highland Park
Highlands Swim,Week1,Highland Park,Week2,297.0 Highlands Swim - 105.0 Highland Park
Highland Park,Week4,Mosby Woods,Week2,261.0 Mosby Woods - 141.0 Highland Park
Highlands Swim,Week2,Truro,Week2,353.0 Highlands Swim - 49.0 Truro
Highlands Swim,Week5,High Point Pool,Week5,287.0 Highlands Swim - 115.0 High Point Pool
Highland Park,Week3,Mosby Woods,Week2,265.0 Mosby Woods - 137.0 Highland Park
Highlands Swim,Week5,High Point Pool,Week3,274.0 Highlands Swim - 128.0 High Point Pool
Highlands Swim,Week2,High Point Pool,Week4,273.0 Highlands Swim - 129.0 High Point Pool
Highlands Swim,Week1,High Point Pool,Week4,263.5 Highlands Swim - 138.5 High Point Pool
Highlands Swim,Week1,Tuckahoe,Week1,230.0 Tuckahoe - 172.0 Highlands Swim
Highland Park,Week3,McLean,Week4,271.0 McLean - 126.0 Highland Park
Highland Park,Week4,McLean,Week5,303.0 McLean - 99.0 Highland Park
Highland Park,Week2,Mosby Woods,Week4,232.0 Mosby Woods - 170.0 Highland Park
Highlands Swim,Week4,High Point Pool,Week5,273.0 Highlands Swim - 129.0 High Point Pool
Highlands Swim,Week3,Truro,Week4,335.0 Highlands Swim - 67.0 Truro
Highlands Swim,Week3,Truro,Week3,332.0 Highlands Swim - 70.0 Truro
Highland Park,Week4,McLean,Week1,271.0 McLean - 131.0 Highland Park
Highland Park,Week5,McLean,Week1,275.0 McLean - 127.0 Highland Park
Highland Park,Week4,McLean,Week3,288.0 McLean - 114.0 Highland Park
Highlands Swim,Week5,High Point Pool,Week4,271.0 Highlands Swim - 131.0 High Point Pool
Highlands Swim,Week3,Truro,Week1,330.0 Highlands Swim - 72.0 Truro
Highland Park,Week2,Mosby Woods,Week1,263.0 Mosby Woods - 139.0 Highland Park
Highland Park,Week3,Mosby Woods,Week3,247.0 Mosby Woods - 155.0 Highland Park
Highlands Swim,Week1,High Point Pool,Week5,273.0 Highlands Swim - 129.0 High Point Pool
Highlands Swim,Week2,Truro,Week3,341.0 Highlands Swim - 61.0 Truro
Highlands Swim,Week4,Truro,Week3,326.0 Highlands Swim - 76.0 Truro
Highland Park,Week4,McLean,Week2,285.0 McLean - 117.0 Highland Park
Highlands Swim,Week2,Highland Park,Week1,301.0 Highlands Swim - 101.0 Highland Park
Highlands Swim,Week5,Sully Station II,Week4,301.0 Highlands Swim - 101.0 Sully Station II
Highland Park,Week1,Mosby Woods,Week5,233.0 Mosby Woods - 169.0 Highland Park
Highlands Swim,Week2,Truro,Week5,343.0 Highlands Swim - 59.0 Truro
Highlands Swim,Week3,High Point Pool,Week3,280.0 Highlands Swim - 122.0 High Point Pool
Highlands Swim,Week3,Truro,Week5,332.0 Highlands Swim - 70.0 Truro
Highland Park,Week3,Mosby Woods,Week1,254.0 Mosby Woods - 148.0 Highland Park
Highlands Swim,Week1,Truro,Week2,344.0 Highlands Swim - 58.0 Truro
Highland Park,Week4,Mosby Woods,Week4,236.0 Mosby Woods - 166.0 Highland Park
Highlands Swim,Week2,High Point Pool,Week5,295.0 Highlands Swim - 107.0 High Point Pool
Highlands Swim,Week2,High Point Pool,Week3,279.0 Highlands Swim - 123.0 High Point Pool
Highlands Swim,Week1,Truro,Week1,336.0 Highlands Swim - 66.0 Truro
Highlands Swim,Week2,Truro,Week1,343.0 Highlands Swim - 59.0 Truro
Highlands Swim,Week2,High Point Pool,Week1,285.0 Highlands Swim - 117.0 High Point Pool
Highlands Swim,Week1,Highland Park,Week3,302.5 Highlands Swim - 99.5 Highland Park
Highland Park,Week5,McLean,Week2,295.0 McLean - 107.0 Highland Park
Highlands Swim,Week3,Truro,Week2,349.0 Highlands Swim - 52.0 Truro
Highlands Swim,Week1,Truro,Week5,321.0 Highlands Swim - 81.0 Truro
Highland Park,Week5,McLean,Week5,298.0 McLean - 104.0 Highland Park
Highlands Swim,Week4,High Point Pool,Week3,255.0 Highlands Swim - 147.0 High Point Pool
Highlands Swim,Week2,High Point Pool,Week2,289.0 Highlands Swim - 113.0 High Point Pool
Highlands Swim,Week1,Tuckahoe,Week2,252.5 Tuckahoe - 149.5 Highlands Swim
Highland Park,Week1,Mosby Woods,Week1,246.0 Mosby Woods - 156.0 Highland Park
Highlands Swim,Week3,High Point Pool,Week2,268.0 Highlands Swim - 134.0 High Point Pool
Highlands Swim,Week5,Tuckahoe,Week1,232.0 Tuckahoe - 170.0 Highlands Swim
Highland Park,Week4,Mosby Woods,Week3,248.0 Mosby Woods - 154.0 Highland Park
Highlands Swim,Week3,High Point Pool,Week4,266.0 Highlands Swim - 136.0 High Point Pool
Highlands Swim,Week2,Truro,Week4,333.0 Highlands Swim - 69.0 Truro
Highlands Swim,Week4,Truro,Week1,325.0 Highlands Swim - 77.0 Truro
Highlands Swim,Week5,Truro,Week1,338.0 Highlands Swim - 64.0 Truro
Highland Park,Week2,Mosby Woods,Week3,251.0 Mosby Woods - 151.0 Highland Park
Highlands Swim,Week4,Truro,Week2,346.0 Highlands Swim - 56.0 Truro
Highlands Swim,Week5,High Point Pool,Week2,272.0 Highlands Swim - 130.0 High Point Pool
Highlands Swim,Week3,High Point Pool,Week5,282.0 Highlands Swim - 120.0 High Point Pool
Highland Park,Week3,Mosby Woods,Week5,251.0 Mosby Woods - 151.0 Highland Park
Highlands Swim,Week5,Truro,Week4,329.0 Highlands Swim - 73.0 Truro
Highlands Swim,Week5,High Point Pool,Week1,284.0 Highlands Swim - 118.0 High Point Pool
Highlands Swim,Week5,Truro,Week2,348.0 Highlands Swim - 54.0 Truro
Highlands Swim,Week4,High Point Pool,Week1,269.0 Highlands Swim - 133.0 High Point Pool
Highlands Swim,Week4,High Point Pool,Week2,262.0 Highlands Swim - 140.0 High Point Pool
Highlands Swim,Week1,Highland Park,Week4,287.0 Highlands Swim - 115.0 Highland Park
Highlands Swim,Week4,Truro,Week4,322.5 Highlands Swim - 79.5 Truro
Highland Park,Week1,Mosby Woods,Week3,234.0 Mosby Woods - 168.0 Highland Park
Highland Park,Week5,Mosby Woods,Week1,258.0 Mosby Woods - 144.0 Highland Park
Highland Park,Week4,Mosby Woods,Week5,240.0 Mosby Woods - 162.0 Highland Park
Highland Park,Week3,Mosby Woods,Week4,242.0 Mosby Woods - 160.0 Highland Park
Highlands Swim,Week3,Tuckahoe,Week4,282.0 Tuckahoe - 120.0 Highlands Swim
Highland Park,Week2,Mosby Woods,Week5,257.0 Mosby Woods - 145.0 Highland Park
Highlands Swim,Week4,Tuckahoe,Week2,252.0 Tuckahoe - 150.0 Highlands Swim
Highlands Swim,Week1,Highland Park,Week5,289.0 Highlands Swim - 113.0 Highland Park
Highland Park,Week4,Mosby Woods,Week1,255.0 Mosby Woods - 147.0 Highland Park
Highland Park,Week1,Mosby Woods,Week2,234.0 Mosby Woods - 168.0 Highland Park
Highlands Swim,Week2,Highland Park,Week3,311.0 Highlands Swim - 91.0 Highland Park
Highlands Swim,Week3,Tuckahoe,Week1,230.0 Tuckahoe - 172.0 Highlands Swim
Highlands Swim,Week3,Highland Park,Week4,298.0 Highlands Swim - 104.0 Highland Park
Highlands Swim,Week3,High Point Pool,Week1,278.0 Highlands Swim - 124.0 High Point Pool
Highlands Swim,Week3,Tuckahoe,Week3,285.0 Tuckahoe - 117.0 Highlands Swim
Highlands Swim,Week3,Parklawn,Week3,329.0 Highlands Swim - 73.0 Parklawn
Highland Park,Week5,Mosby Woods,Week5,249.5 Mosby Woods - 152.5 Highland Park
Highland Park,Week5,Mosby Woods,Week2,254.0 Mosby Woods - 148.0 Highland Park
Highland Park,Week5,Mosby Woods,Week4,232.0 Mosby Woods - 170.0 Highland Park
Highlands Swim,Week1,Highlands Swim,Week4,242.0 Highlands Swim (HS2) - 160.0 Highlands Swim (HS1)
Highlands Swim,Week4,Tuckahoe,Week4,276.0 Tuckahoe - 126.0 Highlands Swim
Highlands Swim,Week2,Highland Park,Week4,316.0 Highlands Swim - 86.0 Highland Park
Highlands Swim,Week4,Tuckahoe,Week3,284.0 Tuckahoe - 118.0 Highlands Swim
Highland Park,Week5,Mosby Woods,Week3,240.5 Mosby Woods - 161.5 Highland Park
Highland Park,Week5,McLean,Week4,281.0 McLean - 121.0 Highland Park
Highlands Swim,Week2,Tuckahoe,Week5,247.0 Tuckahoe - 155.0 Highlands Swim
Highlands Swim,Week4,Highland Park,Week1,284.0 Highlands Swim - 118.0 Highland Park
Highland Park,Week2,Mosby Woods,Week2,259.0 Mosby Woods - 143.0 Highland Park
Highlands Swim,Week4,Tuckahoe,Week1,228.0 Tuckahoe - 174.0 Highlands Swim
Highland Park,Week5,Hamlet,Week1,291.0 Hamlet - 111.0 Highland Park
Highlands Swim,Week5,Highland Park,Week3,304.0 Highlands Swim - 98.0 Highland Park
Highlands Swim,Week2,Parliament,Week3,300.0 Highlands Swim - 102.0 Parliament
Highlands Swim,Week3,Highland Park,Week2,296.0 Highlands Swim - 106.0 Highland Park
Highlands Swim,Week2,Vienna Aquatic,Week4,236.0 Highlands Swim - 166.0 Vienna Aquatic
Highlands Swim,Week3,Highlands Swim,Week5,239.0 Highlands Swim (HS2) - 163.0 Highlands Swim (HS1)
Highland Park,Week3,Mount Vernon Park,Week2,253.0 Mount Vernon Park - 149.0 Highland Park
Highland Park,Week5,Mount Vernon Park,Week5,265.0 Mount Vernon Park - 137.0 Highland Park
Highlands Swim,Week5,Tuckahoe,Week2,244.0 Tuckahoe - 158.0 Highlands Swim
Highlands Swim,Week3,Highland Park,Week3,302.0 Highlands Swim - 100.0 Highland Park
Highlands Swim,Week5,Highland Park,Week5,304.0 Highlands Swim - 98.0 Highland Park
Highlands Swim,Week5,Parklawn,Week3,330.0 Highlands Swim - 72.0 Parklawn
Highlands Swim,Week5,Parklawn,Week2,316.0 Highlands Swim - 86.0 Parklawn
Highlands Swim,Week3,Highland Park,Week1,291.0 Highlands Swim - 111.0 Highland Park
Highlands Swim,Week3,Parliament,Week4,293.0 Highlands Swim - 109.0 Parliament
Highland Park,Week4,Mount Vernon Park,Week2,256.0 Mount Vernon Park - 146.0 Highland Park
Highlands Swim,Week4,Vienna Aquatic,Week4,216.0 Highlands Swim - 186.0 Vienna Aquatic
Highlands Swim,Week2,Tuckahoe,Week2,241.0 Tuckahoe - 161.0 Highlands Swim
Highlands Swim,Week2,Tuckahoe,Week3,270.0 Tuckahoe - 132.0 Highlands Swim
Highland Park,Week3,Mount Vernon Park,Week4,262.0 Mount Vernon Park - 140.0 Highland Park
Highlands Swim,Week2,Highland Park,Week2,310.0 Highlands Swim - 92.0 Highland Park
Highlands Swim,Week3,Tuckahoe,Week5,258.0 Tuckahoe - 144.0 Highlands Swim
Highland Park,Week1,Newington Forest,Week3,297.0 Highland Park - 105.0 Newington Forest
Highland Park,Week1,Mount Vernon Park,Week3,258.5 Mount Vernon Park - 143.5 Highland Park
Highlands Swim,Week2,Parklawn,Week5,330.0 Highlands Swim - 72.0 Parklawn
Highlands Swim,Week2,Parliament,Week5,304.0 Highlands Swim - 98.0 Parliament
Highland Park,Week2,Mount Vernon Park,Week5,274.0 Mount Vernon Park - 128.0 Highland Park
Highlands Swim,Week3,Highland Park,Week5,284.0 Highlands Swim - 118.0 Highland Park
Highlands Swim,Week1,Parliament,Week4,310.0 Highlands Swim - 92.0 Parliament
Highlands Swim,Week1,Parliament,Week2,295.0 Highlands Swim - 107.0 Parliament
Highlands Swim,Week2,Parliament,Week2,302.0 Highlands Swim - 100.0 Parliament
Highlands Swim,Week1,Vienna Woods,Week1,224.0 Highlands Swim - 178.0 Vienna Woods
Highlands Swim,Week5,Highland Park,Week2,310.0 Highlands Swim - 92.0 Highland Park
Highlands Swim,Week1,Highlands Swim,Week5,244.0 Highlands Swim (HS2) - 158.0 Highlands Swim (HS1)
Highlands Swim,Week2,Vienna Aquatic,Week3,214.0 Highlands Swim - 188.0 Vienna Aquatic
Highlands Swim,Week4,Parliament,Week1,277.0 Highlands Swim - 125.0 Parliament
Highlands Swim,Week2,Tuckahoe,Week1,219.0 Tuckahoe - 183.0 Highlands Swim
Highland Park,Week1,Mosby Woods,Week4,224.0 Mosby Woods - 178.0 Highland Park
Highlands Swim,Week3,Vienna Aquatic,Week1,206.0 Highlands Swim - 196.0 Vienna Aquatic
Highlands Swim,Week5,Vienna Aquatic,Week1,225.0 Highlands Swim - 177.0 Vienna Aquatic
Highlands Swim,Week4,Highland Park,Week2,301.0 Highlands Swim - 101.0 Highland Park
Highlands Swim,Week1,Highlands Swim,Week2,221.0 Highlands Swim (HS2) - 181.0 Highlands Swim (HS1)
Highland Park,Week2,Mount Vernon Park,Week2,259.0 Mount Vernon Park - 143.0 Highland Park
Highlands Swim,Week5,Tuckahoe,Week4,255.0 Tuckahoe - 147.0 Highlands Swim
Highland Park,Week2,Mount Vernon Park,Week4,263.0 Mount Vernon Park - 139.0 Highland Park
Highland Park,Week1,Mount Vernon Park,Week4,246.0 Mount Vernon Park - 156.0 Highland Park
Highlands Swim,Week3,Parliament,Week2,289.0 Highlands Swim - 113.0 Parliament
Highlands Swim,Week2,Highland Park,Week5,302.0 Highlands Swim - 100.0 Highland Park
Highlands Swim,Week5,Tuckahoe,Week3,268.0 Tuckahoe - 134.0 Highlands Swim
Highland Park,Week4,Mount Vernon Park,Week3,267.0 Mount Vernon Park - 135.0 Highland Park
Highlands Swim,Week4,Highland Park,Week4,290.0 Highlands Swim - 112.0 Highland Park
Highlands Swim,Week4,Highland Park,Week3,294.0 Highlands Swim - 108.0 Highland Park
Highlands Swim,Week1,Highlands Swim,Week3,213.5 Highlands Swim (HS2) - 188.5 Highlands Swim (HS1)
Highland Park,Week5,Mount Vernon Park,Week1,254.0 Mount Vernon Park - 148.0 Highland Park
Highlands Swim,Week3,Vienna Aquatic,Week2,214.0 Highlands Swim - 188.0 Vienna Aquatic
Highlands Swim,Week4,Parklawn,Week2,305.0 Highlands Swim - 97.0 Parklawn
Highlands Swim,Week4,Tuckahoe,Week5,262.0 Tuckahoe - 140.0 Highlands Swim
Highlands Swim,Week2,Vienna Aquatic,Week1,224.0 Highlands Swim - 178.0 Vienna Aquatic
Highlands Swim,Week5,Parklawn,Week5,315.0 Highlands Swim - 87.0 Parklawn
Highlands Swim,Week4,Parklawn,Week3,321.0 Highlands Swim - 81.0 Parklawn
Highland Park,Week1,Newington Forest,Week2,302.0 Highland Park - 99.0 Newington Forest
Highlands Swim,Week2,Highlands Swim,Week1,221.0 Highlands Swim (HS1) - 181.0 Highlands Swim (HS2)
Highlands Swim,Week3,Tuckahoe,Week2,243.0 Tuckahoe - 159.0 Highlands Swim
Highland Park,Week2,Mount Vernon Park,Week1,266.0 Mount Vernon Park - 136.0 Highland Park
Highlands Swim,Week5,Parklawn,Week4,315.0 Highlands Swim - 87.0 Parklawn
Highland Park,Week4,Mount Vernon Park,Week5,272.0 Mount Vernon Park - 130.0 Highland Park
Highland Park,Week2,Newington Forest,Week3,284.0 Highland Park - 118.0 Newington Forest
Highlands Swim,Week2,Highlands Swim,Week5,232.0 Highlands Swim (HS2) - 170.0 Highlands Swim (HS1)
Highland Park,Week1,Mount Vernon Park,Week2,247.0 Mount Vernon Park - 155.0 Highland Park
Highlands Swim,Week2,Tuckahoe,Week4,266.0 Tuckahoe - 136.0 Highlands Swim
Highlands Swim,Week3,Parklawn,Week2,312.0 Highlands Swim - 90.0 Parklawn
Highlands Swim,Week4,Highland Park,Week5,290.0 Highlands Swim - 112.0 Highland Park
Highlands Swim,Week2,Highlands Swim,Week2,201.0 Highlands Swim (HS1) - 201.0 Highlands Swim (HS2)
Highlands Swim,Week1,Vienna Aquatic,Week1,203.0 Vienna Aquatic - 199.0 Highlands Swim
Highlands Swim,Week4,Parklawn,Week1,322.0 Highlands Swim - 71.0 Parklawn
Highland Park,Week1,Mount Vernon Park,Week5,265.5 Mount Vernon Park - 136.5 Highland Park
Highlands Swim,Week3,Parklawn,Week1,329.0 Highlands Swim - 64.0 Parklawn
Highlands Swim,Week1,Highlands Swim,Week1,201.0 Highlands Swim (HS1) - 201.0 Highlands Swim (HS2)
Highlands Swim,Week1,Parliament,Week1,278.0 Highlands Swim - 124.0 Parliament
Highlands Swim,Week5,Highland Park,Week4,305.0 Highlands Swim - 97.0 Highland Park
Highlands Swim,Week4,Parklawn,Week4,304.0 Highlands Swim - 98.0 Parklawn
Highlands Swim,Week3,Parklawn,Week4,308.0 Highlands Swim - 93.0 Parklawn
Highland Park,Week5,Mount Vernon Park,Week3,257.0 Mount Vernon Park - 145.0 Highland Park
Highlands Swim,Week4,Parklawn,Week5,306.0 Highlands Swim - 96.0 Parklawn
Highlands Swim,Week3,Parklawn,Week5,312.0 Highlands Swim - 90.0 Parklawn
Highland Park,Week5,Mount Vernon Park,Week2,253.0 Mount Vernon Park - 149.0 Highland Park
Highland Park,Week2,Mount Vernon Park,Week3,276.0 Mount Vernon Park - 126.0 Highland Park
Highland Park,Week4,Mount Vernon Park,Week4,257.0 Mount Vernon Park - 145.0 Highland Park
Highlands Swim,Week2,Parklawn,Week4,331.0 Highlands Swim - 71.0 Parklawn
Highlands Swim,Week3,Highlands Swim,Week2,203.0 Highlands Swim (HS1) - 199.0 Highlands Swim (HS2)
Highlands Swim,Week2,Highlands Swim,Week4,203.5 Highlands Swim (HS2) - 198.5 Highlands Swim (HS1)
Highlands Swim,Week4,Vienna Aquatic,Week2,209.0 Highlands Swim - 193.0 Vienna Aquatic
Highlands Swim,Week3,Highlands Swim,Week1,213.5 Highlands Swim (HS1) - 188.5 Highlands Swim (HS2)
Highland Park,Week3,Mount Vernon Park,Week3,271.0 Mount Vernon Park - 131.0 Highland Park
Highlands Swim,Week1,Vienna Aquatic,Week5,223.0 Vienna Aquatic - 179.0 Highlands Swim
Highlands Swim,Week4,Vienna Aquatic,Week5,233.0 Vienna Aquatic - 169.0 Highlands Swim
Highlands Swim,Week2,Vienna Aquatic,Week2,224.0 Highlands Swim - 178.0 Vienna Aquatic
Highlands Swim,Week1,Vienna Aquatic,Week3,207.0 Vienna Aquatic - 195.0 Highlands Swim
Highlands Swim,Week1,Vienna Aquatic,Week4,210.0 Highlands Swim - 192.0 Vienna Aquatic
Highlands Swim,Week5,Parklawn,Week1,331.0 Highlands Swim - 57.0 Parklawn
Highlands Swim,Week5,Highland Park,Week1,297.0 Highlands Swim - 105.0 Highland Park
Highland Park,Week1,Mount Vernon Park,Week1,260.0 Mount Vernon Park - 142.0 Highland Park
Highlands Swim,Week3,Highlands Swim,Week4,211.0 Highlands Swim (HS2) - 191.0 Highlands Swim (HS1)
Highlands Swim,Week1,Vienna Aquatic,Week2,207.0 Highlands Swim - 195.0 Vienna Aquatic
Highlands Swim,Week2,Parklawn,Week3,340.0 Highlands Swim - 62.0 Parklawn
Highlands Swim,Week2,Highlands Swim,Week3,203.0 Highlands Swim (HS2) - 199.0 Highlands Swim (HS1)
Highland Park,Week3,Mount Vernon Park,Week5,275.0 Mount Vernon Park - 127.0 Highland Park
Highlands Swim,Week2,Fair Oaks ,Week3,296.0 Highlands Swim - 106.0 Fair Oaks
Highlands Swim,Week3,Parliament,Week3,278.0 Highlands Swim - 124.0 Parliament
Highlands Swim,Week3,Highlands Swim,Week3,201.0 Highlands Swim (HS1) - 201.0 Highlands Swim (HS2)
Highland Park,Week3,Mount Vernon Park,Week1,272.0 Mount Vernon Park - 130.0 Highland Park
Highlands Swim,Week5,Vienna Aquatic,Week2,221.0 Highlands Swim - 181.0 Vienna Aquatic
Highlands Swim,Week2,Parliament,Week1,285.0 Highlands Swim - 117.0 Parliament
Highlands Swim,Week3,Dunn Loring,Week5,244.0 Highlands Swim - 158.0 Dunn Loring
Highlands Swim,Week3,Vienna Aquatic,Week5,231.0 Vienna Aquatic - 171.0 Highlands Swim
Highland Park,Week2,Newington Forest,Week5,273.5 Highland Park - 128.5 Newington Forest
Highlands Swim,Week5,Parliament,Week4,307.5 Highlands Swim - 94.5 Parliament
Highlands Swim,Week3,Parliament,Week1,279.0 Highlands Swim - 123.0 Parliament
Highland Park,Week1,Newington Forest,Week1,308.0 Highland Park - 93.0 Newington Forest
Highlands Swim,Week5,Dunn Loring,Week5,260.0 Highlands Swim - 142.0 Dunn Loring
Highlands Swim,Week1,Parliament,Week3,298.0 Highlands Swim - 104.0 Parliament
Highlands Swim,Week4,Highlands Swim,Week2,203.5 Highlands Swim (HS1) - 198.5 Highlands Swim (HS2)
Highlands Swim,Week4,Vienna Aquatic,Week1,208.0 Vienna Aquatic - 194.0 Highlands Swim
Highlands Swim,Week3,Parliament,Week5,287.0 Highlands Swim - 115.0 Parliament
Highlands Swim,Week2,Vienna Aquatic,Week5,218.5 Vienna Aquatic - 183.5 Highlands Swim
Highlands Swim,Week4,Dunn Loring,Week2,241.0 Highlands Swim - 161.0 Dunn Loring
Highlands Swim,Week4,Highlands Swim,Week1,242.0 Highlands Swim (HS1) - 160.0 Highlands Swim (HS2)
Highland Park,Week5,Mount Vernon Park,Week4,258.0 Mount Vernon Park - 144.0 Highland Park
Highlands Swim,Week2,Pinecrest,Week1,243.0 Highlands Swim - 159.0 Pinecrest
Highlands Swim,Week1,Parliament,Week5,292.0 Highlands Swim - 110.0 Parliament
Highlands Swim,Week5,Vienna Aquatic,Week4,240.0 Highlands Swim - 162.0 Vienna Aquatic
Highland Park,Week1,Newington Forest,Week5,277.0 Highland Park - 125.0 Newington Forest
Highland Park,Week2,Newington Forest,Week4,270.0 Highland Park - 132.0 Newington Forest
Highland Park,Week1,Newington Forest,Week4,298.0 Highland Park - 104.0 Newington Forest
Highlands Swim,Week2,Parliament,Week4,300.5 Highlands Swim - 101.5 Parliament
Highlands Swim,Week2,Dunn Loring,Week4,257.5 Highlands Swim - 144.5 Dunn Loring
Highland Park,Week4,Springfield,Week5,379.0 Highland Park - 23.0 Springfield
Highlands Swim,Week5,Tuckahoe,Week5,254.0 Tuckahoe - 148.0 Highlands Swim
Highlands Swim,Week3,Vienna Aquatic,Week4,228.0 Highlands Swim - 174.0 Vienna Aquatic
Highlands Swim,Week3,Vienna Aquatic,Week3,204.0 Highlands Swim - 198.0 Vienna Aquatic
Highland Park,Week4,Mount Vernon Park,Week1,252.0 Mount Vernon Park - 150.0 Highland Park
Highlands Swim,Week4,Dunn Loring,Week3,241.0 Highlands Swim - 161.0 Dunn Loring
Highlands Swim,Week5,Vienna Aquatic,Week3,203.0 Highlands Swim - 199.0 Vienna Aquatic
Highlands Swim,Week4,Vienna Aquatic,Week3,218.0 Vienna Aquatic - 184.0 Highlands Swim
Highlands Swim,Week5,Parliament,Week3,294.3 Highlands Swim - 107.7 Parliament
Highland Park,Week2,Newington Forest,Week2,300.0 Highland Park - 102.0 Newington Forest
Highland Park,Week2,Newington Forest,Week1,292.0 Highland Park - 110.0 Newington Forest
Highlands Swim,Week3,Dunn Loring,Week2,247.0 Highlands Swim - 155.0 Dunn Loring
Highland Park,Week3,Stratford,Week3,257.0 Highland Park - 145.0 Stratford
Highlands Swim,Week1,Vienna Woods,Week4,220.5 Highlands Swim - 181.5 Vienna Woods
Highlands Swim,Week3,Pinecrest,Week5,240.5 Highlands Swim - 161.5 Pinecrest
Highland Park,Week3,Newington Forest,Week2,271.0 Highland Park - 130.0 Newington Forest
Highlands Swim,Week5,Dunn Loring,Week3,261.0 Highlands Swim - 141.0 Dunn Loring
Highlands Swim,Week3,Pinecrest,Week2,230.0 Highlands Swim - 172.0 Pinecrest
Highlands Swim,Week3,Dunn Loring,Week3,240.5 Highlands Swim - 161.5 Dunn Loring
Highland Park,Week4,Springfield,Week4,360.0 Highland Park - 42.0 Springfield
Highlands Swim,Week2,Pinecrest,Week5,246.0 Highlands Swim - 156.0 Pinecrest
Highlands Swim,Week5,Parliament,Week5,297.5 Highlands Swim - 104.5 Parliament
Highlands Swim,Week2,Vienna Woods,Week4,245.0 Highlands Swim - 157.0 Vienna Woods
Highlands Swim,Week2,Dunn Loring,Week5,248.0 Highlands Swim - 154.0 Dunn Loring
Highland Park,Week4,Newington Forest,Week1,299.0 Highland Park - 103.0 Newington Forest
Highland Park,Week3,Newington Forest,Week1,278.0 Highland Park - 123.0 Newington Forest
Highland Park,Week3,Newington Forest,Week3,266.0 Highland Park - 136.0 Newington Forest
Highland Park,Week5,Springfield,Week1,367.0 Highland Park - 35.0 Springfield
Highlands Swim,Week3,Pinecrest,Week3,230.0 Highlands Swim - 172.0 Pinecrest
Highland Park,Week3,Newington Forest,Week4,264.0 Highland Park - 133.0 Newington Forest
Highlands Swim,Week2,Vienna Woods,Week2,248.0 Highlands Swim - 154.0 Vienna Woods
Highland Park,Week3,Springfield,Week5,366.0 Highland Park - 26.0 Springfield
Highlands Swim,Week5,Vienna Aquatic,Week5,215.0 Vienna Aquatic - 187.0 Highlands Swim
Highlands Swim,Week1,Vienna Woods,Week5,222.0 Vienna Woods - 180.0 Highlands Swim
Highlands Swim,Week3,Dunn Loring,Week1,255.0 Highlands Swim - 147.0 Dunn Loring
Highland Park,Week5,Springfield,Week2,368.0 Highland Park - 33.0 Springfield
Highland Park,Week1,Stratford,Week2,295.0 Highland Park - 107.0 Stratford
Highland Park,Week3,Newington Forest,Week5,260.0 Highland Park - 137.0 Newington Forest
Highlands Swim,Week3,Vienna Woods,Week5,213.5 Vienna Woods - 188.5 Highlands Swim
Highlands Swim,Week3,Pinecrest,Week4,237.0 Highlands Swim - 165.0 Pinecrest
Highlands Swim,Week4,Dunn Loring,Week1,260.0 Highlands Swim - 142.0 Dunn Loring
Highlands Swim,Week2,Dunn Loring,Week1,270.0 Highlands Swim - 132.0 Dunn Loring
Highland Park,Week4,Newington Forest,Week3,287.0 Highland Park - 115.0 Newington Forest
Highlands Swim,Week4,Dunn Loring,Week5,240.0 Highlands Swim - 162.0 Dunn Loring
Highlands Swim,Week2,Dunn Loring,Week3,253.0 Highlands Swim - 149.0 Dunn Loring
Highlands Swim,Week1,Vienna Woods,Week2,231.0 Highlands Swim - 171.0 Vienna Woods
Highlands Swim,Week2,Vienna Woods,Week1,239.0 Highlands Swim - 163.0 Vienna Woods
Highland Park,Week2,Stratford,Week3,271.5 Highland Park - 130.5 Stratford
Highlands Swim,Week4,Parliament,Week2,293.0 Highlands Swim - 109.0 Parliament
Highlands Swim,Week5,Parliament,Week1,282.0 Highlands Swim - 120.0 Parliament
Highlands Swim,Week5,Parliament,Week2,296.0 Highlands Swim - 106.0 Parliament
Highlands Swim,Week1,Vienna Woods,Week3,207.0 Highlands Swim - 195.0 Vienna Woods
Highlands Swim,Week5,Dunn Loring,Week2,259.0 Highlands Swim - 143.0 Dunn Loring
Highlands Swim,Week3,Vienna Woods,Week4,236.0 Highlands Swim - 166.0 Vienna Woods
Highlands Swim,Week1,Pinecrest,Week4,233.0 Highlands Swim - 169.0 Pinecrest
Highlands Swim,Week2,Pinecrest,Week3,250.0 Highlands Swim - 152.0 Pinecrest
Highlands Swim,Week2,Dunn Loring,Week2,261.0 Highlands Swim - 141.0 Dunn Loring
Highland Park,Week4,Springfield,Week2,373.0 Highland Park - 29.0 Springfield
Highland Park,Week1,Stratford,Week3,288.0 Highland Park - 114.0 Stratford
Highlands Swim,Week2,Vienna Woods,Week3,221.0 Highlands Swim - 181.0 Vienna Woods
Highlands Swim,Week5,Dunn Loring,Week1,268.0 Highlands Swim - 134.0 Dunn Loring
Highland Park,Week2,Stratford,Week4,262.0 Highland Park - 140.0 Stratford
Highland Park,Week2,Stratford,Week1,272.0 Highland Park - 130.0 Stratford
Highland Park,Week1,Highland Park,Week3,230.5 Highland Park (HP1) - 171.5 Highland Park (HP2)
Highlands Swim,Week3,Vienna Woods,Week3,220.5 Highlands Swim - 181.5 Vienna Woods
Highland Park,Week4,Newington Forest,Week2,293.0 Highland Park - 109.0 Newington Forest
Highlands Swim,Week1,Fair Oaks ,Week2,301.0 Highlands Swim - 101.0 Fair Oaks
Highlands Swim,Week4,Vienna Woods,Week3,212.5 Highlands Swim - 189.5 Vienna Woods
Highland Park,Week5,Highland Park,Week4,212.0 Highland Park (HP2) - 190.0 Highland Park (HP1)
Highlands Swim,Week4,Pinecrest,Week4,227.0 Highlands Swim - 175.0 Pinecrest
Highland Park,Week1,Hunt Valley,Week2,248.0 Hunt Valley - 154.0 Highland Park
Highlands Swim,Week1,Pinecrest,Week1,251.0 Highlands Swim - 151.0 Pinecrest
Highlands Swim,Week5,Vienna Woods,Week2,247.0 Highlands Swim - 155.0 Vienna Woods
Highland Park,Week4,Springfield,Week3,362.0 Highland Park - 40.0 Springfield
Highlands Swim,Week4,Pinecrest,Week1,245.0 Highlands Swim - 157.0 Pinecrest
Highland Park,Week2,Highland Park,Week3,210.0 Highland Park (HP2) - 192.0 Highland Park (HP1)
Highland Park,Week3,Highland Park,Week1,230.5 Highland Park (HP2) - 171.5 Highland Park (HP1)
Highlands Swim,Week4,Vienna Woods,Week1,214.0 Highlands Swim - 188.0 Vienna Woods
Highlands Swim,Week1,Fair Oaks ,Week3,276.0 Highlands Swim - 126.0 Fair Oaks
Highland Park,Week1,Stratford,Week4,273.0 Highland Park - 129.0 Stratford
Highland Park,Week3,Springfield,Week4,352.0 Highland Park - 39.0 Springfield
Highlands Swim,Week1,Fair Oaks ,Week1,285.0 Highlands Swim - 117.0 Fair Oaks
Highlands Swim,Week2,Vienna Woods,Week5,204.0 Highlands Swim - 198.0 Vienna Woods
Highlands Swim,Week3,Vienna Woods,Week1,229.0 Highlands Swim - 173.0 Vienna Woods
Highland Park,Week3,Stratford,Week2,265.0 Highland Park - 137.0 Stratford
Highlands Swim,Week5,Pinecrest,Week1,270.0 Highlands Swim - 132.0 Pinecrest
Highlands Swim,Week3,Vienna Woods,Week2,234.0 Highlands Swim - 168.0 Vienna Woods
Highlands Swim,Week4,Dunn Loring,Week4,246.0 Highlands Swim - 156.0 Dunn Loring
Highlands Swim,Week1,Fair Oaks ,Week5,270.0 Highlands Swim - 132.0 Fair Oaks
Highlands Swim,Week1,Pinecrest,Week5,238.0 Highlands Swim - 164.0 Pinecrest
Highlands Swim,Week4,Vienna Woods,Week2,234.0 Highlands Swim - 168.0 Vienna Woods
Highland Park,Week2,Highlands Swim,Week3,296.0 Highlands Swim - 106.0 Highland Park
Highlands Swim,Week5,Dunn Loring,Week4,267.0 Highlands Swim - 135.0 Dunn Loring
Highland Park,Week1,Stratford,Week1,290.0 Highland Park - 112.0 Stratford
Highland Park,Week1,Highlands Swim,Week4,284.0 Highlands Swim - 118.0 Highland Park
Highland Park,Week3,Stratford,Week1,258.0 Highland Park - 134.0 Stratford
Highland Park,Week2,Holmes Run Acres,Week1,225.0 Highland Park - 177.0 Holmes Run Acres
Highland Park,Week2,Highland Park,Week4,234.0 Highland Park (HP2) - 168.0 Highland Park (HP1)
Highland Park,Week5,Springfield,Week4,362.0 Highland Park - 40.0 Springfield
Highland Park,Week5,Springfield,Week5,372.0 Highland Park - 30.0 Springfield
Highland Park,Week1,Highland Park,Week2,239.0 Highland Park (HP1) - 163.0 Highland Park (HP2)
Highlands Swim,Week4,Pinecrest,Week2,232.0 Highlands Swim - 170.0 Pinecrest
Highlands Swim,Week3,Dunn Loring,Week4,249.0 Highlands Swim - 153.0 Dunn Loring
Highland Park,Week4,Highland Park,Week3,231.0 Highland Park (HP1) - 171.0 Highland Park (HP2)
Highland Park,Week2,Highlands Swim,Week4,301.0 Highlands Swim - 101.0 Highland Park
Highland Park,Week1,Stratford,Week5,290.5 Highland Park - 111.5 Stratford
Highland Park,Week5,Holmes Run Acres,Week5,225.0 Holmes Run Acres - 177.0 Highland Park
Highlands Swim,Week4,Vienna Woods,Week4,233.0 Highlands Swim - 169.0 Vienna Woods
Highlands Swim,Week4,Pinecrest,Week3,222.0 Highlands Swim - 180.0 Pinecrest
Highlands Swim,Week1,Fair Oaks ,Week4,291.0 Highlands Swim - 111.0 Fair Oaks
Highlands Swim,Week4,Pinecrest,Week5,245.0 Highlands Swim - 157.0 Pinecrest
Highland Park,Week5,Holmes Run Acres,Week4,214.0 Highland Park - 188.0 Holmes Run Acres
Highland Park,Week5,Highland Park,Week1,231.0 Highland Park (HP2) - 171.0 Highland Park (HP1)
Highland Park,Week1,Hunt Valley,Week5,267.0 Hunt Valley - 135.0 Highland Park
Highland Park,Week3,Highland Park,Week4,231.0 Highland Park (HP2) - 171.0 Highland Park (HP1)
Highlands Swim,Week2,Fair Oaks ,Week2,321.0 Highlands Swim - 81.0 Fair Oaks
Highland Park,Week2,Sully Station,Week1,252.0 Sully Station - 150.0 Highland Park
Highlands Swim,Week5,Vienna Woods,Week1,229.5 Highlands Swim - 167.5 Vienna Woods
Highlands Swim,Week1,Pinecrest,Week2,226.0 Highlands Swim - 176.0 Pinecrest
Highlands Swim,Week5,Fair Oaks ,Week3,300.0 Highlands Swim - 102.0 Fair Oaks
Highlands Swim,Week1,Pinecrest,Week3,222.0 Highlands Swim - 180.0 Pinecrest
Highlands Swim,Week3,Villa Aquatic,Week3,306.5 Highlands Swim - 95.5 Villa Aquatic
Highlands Swim,Week4,Parliament,Week5,291.0 Highlands Swim - 111.0 Parliament
Highland Park,Week2,Stratford,Week2,278.0 Highland Park - 124.0 Stratford
Highland Park,Week5,High Point Pool,Week5,241.0 High Point Pool - 161.0 Highland Park
Highlands Swim,Week4,Fair Oaks ,Week4,297.0 Highlands Swim - 105.0 Fair Oaks
Highlands Swim,Week5,Villa Aquatic,Week1,319.0 Highlands Swim - 83.0 Villa Aquatic
Highlands Swim,Week1,Villa Aquatic,Week2,322.0 Highlands Swim - 80.0 Villa Aquatic
Highlands Swim,Week4,Parliament,Week4,301.0 Highlands Swim - 101.0 Parliament
Highlands Swim,Week5,Villa Aquatic,Week3,310.0 Highlands Swim - 92.0 Villa Aquatic
Highland Park,Week2,Highland Park,Week5,201.0 Highland Park (HP1) - 201.0 Highland Park (HP2)
Highland Park,Week2,Sully Station,Week2,233.0 Sully Station - 169.0 Highland Park
Highland Park,Week2,Hunt Valley,Week1,254.0 Hunt Valley - 148.0 Highland Park
Highland Park,Week5,Springfield,Week3,367.0 Highland Park - 34.0 Springfield
Highlands Swim,Week2,Fairfax,Week2,260.0 Highlands Swim - 142.0 Fairfax
Highland Park,Week1,Hunt Valley,Week4,243.0 Hunt Valley - 159.0 Highland Park
Highlands Swim,Week2,Fair Oaks ,Week1,302.0 Highlands Swim - 100.0 Fair Oaks
Highland Park,Week5,Village West,Week2,275.0 Highland Park - 127.0 Village West
Highland Park,Week4,Highland Park,Week5,212.0 Highland Park (HP1) - 190.0 Highland Park (HP2)
Highlands Swim,Week4,Parliament,Week3,295.0 Highlands Swim - 107.0 Parliament
Highland Park,Week3,Highland Park,Week5,213.0 Highland Park (HP2) - 189.0 Highland Park (HP1)
Highland Park,Week2,Virginia Hills,Week2,355.0 Highland Park - 47.0 Virginia Hills
Highlands Swim,Week3,Fair Oaks ,Week4,299.0 Highlands Swim - 103.0 Fair Oaks
Highland Park,Week4,Highland Park,Week2,234.0 Highland Park (HP1) - 168.0 Highland Park (HP2)
Highland Park,Week1,High Point Pool,Week2,232.0 High Point Pool - 170.0 Highland Park
Highland Park,Week5,Holmes Run Acres,Week2,226.0 Highland Park - 176.0 Holmes Run Acres
Highland Park,Week1,High Point Pool,Week4,222.0 High Point Pool - 180.0 Highland Park
Highland Park,Week2,Village West,Week4,277.0 Highland Park - 120.0 Village West
Highland Park,Week4,Springfield,Week1,363.0 Highland Park - 39.0 Springfield
Highlands Swim,Week3,Pinecrest,Week1,247.0 Highlands Swim - 155.0 Pinecrest
Highland Park,Week1,High Point Pool,Week5,216.0 High Point Pool - 186.0 Highland Park
Highland Park,Week2,Highland Park,Week1,239.0 Highland Park (HP2) - 163.0 Highland Park (HP1)
Highland Park,Week4,Holmes Run Acres,Week5,226.0 Holmes Run Acres - 176.0 Highland Park
Highlands Swim,Week4,Villa Aquatic,Week2,313.0 Highlands Swim - 89.0 Villa Aquatic
Highland Park,Week1,Sully Station,Week4,227.0 Sully Station - 175.0 Highland Park
Highland Park,Week3,Village West,Week1,263.0 Highland Park - 139.0 Village West
Highland Park,Week2,Stratford,Week5,266.0 Highland Park - 136.0 Stratford
Highland Park,Week4,Holmes Run Acres,Week3,218.0 Holmes Run Acres - 184.0 Highland Park
Highlands Swim,Week2,Pinecrest,Week4,243.0 Highlands Swim - 159.0 Pinecrest
Highlands Swim,Week1,Villa Aquatic,Week4,321.0 Highlands Swim - 81.0 Villa Aquatic
Highland Park,Week4,Highland Park,Week1,215.0 Highland Park (HP2) - 187.0 Highland Park (HP1)
Highlands Swim,Week2,Fairfax,Week5,231.0 Highlands Swim - 171.0 Fairfax
Highlands Swim,Week3,Fairfax,Week2,241.0 Highlands Swim - 161.0 Fairfax
Highlands Swim,Week1,Village West,Week2,354.0 Highlands Swim - 48.0 Village West
Highlands Swim,Week2,Pinecrest,Week2,251.0 Highlands Swim - 151.0 Pinecrest
Highland Park,Week1,Hunt Valley,Week1,244.0 Hunt Valley - 158.0 Highland Park
Highland Park,Week4,Stratford,Week1,282.0 Highland Park - 120.0 Stratford
Highlands Swim,Week2,Villa Aquatic,Week4,328.0 Highlands Swim - 74.0 Villa Aquatic
Highland Park,Week3,High Point Pool,Week2,260.0 High Point Pool - 142.0 Highland Park
Highlands Swim,Week2,Pinewood Lake,Week5,383.0 Highlands Swim - 19.0 Pinewood Lake
Highland Park,Week1,High Point Pool,Week1,210.0 High Point Pool - 192.0 Highland Park
Highlands Swim,Week4,Fairfax,Week4,255.0 Highlands Swim - 147.0 Fairfax
Highland Park,Week2,Village West,Week5,266.0 Highland Park - 136.0 Village West
Highlands Swim,Week3,Pinewood Lake,Week1,366.0 Highlands Swim - 35.0 Pinewood Lake
Highlands Swim,Week3,Pinewood Lake,Week4,379.0 Highlands Swim - 21.0 Pinewood Lake
Highland Park,Week2,High Point Pool,Week2,246.0 High Point Pool - 156.0 Highland Park
Highlands Swim,Week3,Fair Oaks ,Week3,290.0 Highlands Swim - 112.0 Fair Oaks
Highland Park,Week1,Sully Station,Week1,235.0 Sully Station - 167.0 Highland Park
Highlands Swim,Week2,Pinewood Lake,Week4,386.0 Highlands Swim - 16.0 Pinewood Lake
Highland Park,Week4,Holmes Run Acres,Week4,221.0 Highland Park - 181.0 Holmes Run Acres
Highland Park,Week2,High Point Pool,Week3,242.0 High Point Pool - 160.0 Highland Park
Highland Park,Week3,Village West,Week2,257.5 Highland Park - 144.5 Village West
Highland Park,Week2,Highland Park,Week2,201.0 Highland Park (HP1) - 201.0 Highland Park (HP2)
Highlands Swim,Week5,Vienna Woods,Week4,239.0 Highlands Swim - 163.0 Vienna Woods
Highland Park,Week4,Stratford,Week4,257.0 Highland Park - 145.0 Stratford
Highland Park,Week4,Village West,Week2,278.0 Highland Park - 124.0 Village West
Highland Park,Week4,Sully Station,Week1,242.5 Sully Station - 159.5 Highland Park
Highland Park,Week1,Hunt Valley,Week3,255.0 Hunt Valley - 147.0 Highland Park
Highland Park,Week3,Highland Park,Week3,196.0 Highland Park (HP1) - 196.0 Highland Park (HP2)
Highland Park,Week3,Holmes Run Acres,Week1,206.0 Holmes Run Acres - 196.0 Highland Park
Highlands Swim,Week4,Fair Oaks ,Week1,278.0 Highlands Swim - 124.0 Fair Oaks
Highlands Swim,Week3,Pinewood Lake,Week2,377.0 Highlands Swim - 24.0 Pinewood Lake
Highland Park,Week1,Little Rocky Run,Week5,272.0 Little Rocky Run - 130.0 Highland Park
Highland Park,Week2,Village West,Week3,259.0 Highland Park - 143.0 Village West
Highlands Swim,Week5,Fair Oaks ,Week2,314.0 Highlands Swim - 88.0 Fair Oaks
Highland Park,Week1,Highlands Swim,Week2,301.0 Highlands Swim - 101.0 Highland Park
Highland Park,Week5,Little Hunting Park,Week5,232.0 Highland Park - 170.0 Little Hunting Park
Highlands Swim,Week3,Villa Aquatic,Week5,314.0 Highlands Swim - 88.0 Villa Aquatic
Highlands Swim,Week2,Villa Aquatic,Week5,320.0 Highlands Swim - 82.0 Villa Aquatic
Highland Park,Week5,Holmes Run Acres,Week3,220.0 Holmes Run Acres - 182.0 Highland Park
Highlands Swim,Week4,Fairfax,Week3,236.0 Highlands Swim - 166.0 Fairfax
Highland Park,Week1,Village West,Week5,278.0 Highland Park - 124.0 Village West
Highland Park,Week4,Sully Station,Week2,222.0 Sully Station - 180.0 Highland Park
Highland Park,Week4,Sully Station,Week4,237.0 Sully Station - 165.0 Highland Park
Highlands Swim,Week2,Villa Aquatic,Week2,333.0 Highlands Swim - 69.0 Villa Aquatic
Highland Park,Week3,High Point Pool,Week4,236.0 High Point Pool - 166.0 Highland Park
Highlands Swim,Week5,Pinecrest,Week3,244.5 Highlands Swim - 157.5 Pinecrest
Highland Park,Week3,Holmes Run Acres,Week2,201.0 Highland Park - 196.0 Holmes Run Acres
Highland Park,Week5,Highland Park,Week2,201.0 Highland Park (HP1) - 201.0 Highland Park (HP2)
Highland Park,Week1,Little Rocky Run,Week3,264.0 Little Rocky Run - 138.0 Highland Park
Highland Park,Week5,Highland Park,Week3,213.0 Highland Park (HP1) - 189.0 Highland Park (HP2)
Highlands Swim,Week3,Villa Aquatic,Week1,324.0 Highlands Swim - 78.0 Villa Aquatic
Highland Park,Week1,Highland Park,Week4,215.0 Highland Park (HP1) - 187.0 Highland Park (HP2)
Highland Park,Week2,Holmes Run Acres,Week5,231.0 Holmes Run Acres - 171.0 Highland Park
Highland Park,Week3,Village West,Week5,259.0 Highland Park - 143.0 Village West
Highlands Swim,Week4,Fair Oaks ,Week5,272.0 Highlands Swim - 130.0 Fair Oaks
Highland Park,Week2,Village West,Week1,282.0 Highland Park - 120.0 Village West
Highlands Swim,Week2,Villa Aquatic,Week1,327.5 Highlands Swim - 74.5 Villa Aquatic
Highlands Swim,Week1,Pleasant Valley,Week4,358.0 Highlands Swim - 43.0 Pleasant Valley
Highlands Swim,Week3,Pinewood Lake,Week5,376.0 Highlands Swim - 24.0 Pinewood Lake
Highlands Swim,Week1,Fairfax,Week4,249.0 Highlands Swim - 153.0 Fairfax
Highland Park,Week5,Highland Park,Week5,201.0 Highland Park (HP1) - 201.0 Highland Park (HP2)
Highland Park,Week2,Holmes Run Acres,Week4,216.0 Highland Park - 186.0 Holmes Run Acres
Highland Park,Week5,Sully Station,Week5,250.0 Sully Station - 152.0 Highland Park
Highlands Swim,Week5,Fair Oaks ,Week4,305.0 Highlands Swim - 97.0 Fair Oaks
Highland Park,Week1,High Point Pool,Week3,214.0 High Point Pool - 188.0 Highland Park
Highland Park,Week4,Stratford,Week5,283.0 Highland Park - 119.0 Stratford
Highland Park,Week1,Highlands Swim,Week1,282.0 Highlands Swim - 120.0 Highland Park
Highland Park,Week1,Village West,Week4,276.0 Highland Park - 121.0 Village West
Highlands Swim,Week4,Villa Aquatic,Week1,318.0 Highlands Swim - 84.0 Villa Aquatic
Highlands Swim,Week2,Pinewood Lake,Week2,386.0 Highlands Swim - 16.0 Pinewood Lake
Highland Park,Week2,High Point Pool,Week4,242.0 High Point Pool - 160.0 Highland Park
Highland Park,Week5,Sully Station,Week3,227.0 Sully Station - 175.0 Highland Park
Highland Park,Week2,Little Rocky Run,Week4,274.5 Little Rocky Run - 127.5 Highland Park
Highland Park,Week1,Little Rocky Run,Week1,230.0 Little Rocky Run - 172.0 Highland Park
Highlands Swim,Week3,Villa Aquatic,Week2,316.0 Highlands Swim - 86.0 Villa Aquatic
Highland Park,Week3,Little Hunting Park,Week5,214.0 Highland Park - 188.0 Little Hunting Park
Highlands Swim,Week2,Fair Oaks ,Week5,282.0 Highlands Swim - 120.0 Fair Oaks
Highland Park,Week1,Highland Park,Week1,201.0 Highland Park (HP1) - 201.0 Highland Park (HP2)
Highland Park,Week2,High Point Pool,Week5,238.5 High Point Pool - 163.5 Highland Park
Highland Park,Week3,Holmes Run Acres,Week4,203.0 Holmes Run Acres - 199.0 Highland Park
Highland Park,Week5,Stratford,Week2,280.0 Highland Park - 122.0 Stratford
Highlands Swim,Week1,Villa Aquatic,Week3,308.0 Highlands Swim - 94.0 Villa Aquatic
Highlands Swim,Week2,Fairfax,Week1,266.0 Highlands Swim - 136.0 Fairfax
Highlands Swim,Week1,Pleasant Valley,Week1,355.0 Highlands Swim - 47.0 Pleasant Valley
Highlands Swim,Week1,Fairfax,Week5,231.0 Highlands Swim - 171.0 Fairfax
Highland Park,Week3,Highland Park,Week2,210.0 Highland Park (HP1) - 192.0 Highland Park (HP2)
Highland Park,Week3,Village West,Week4,267.0 Highland Park - 130.0 Village West
Highland Park,Week3,Little Hunting Park,Week3,268.0 Highland Park - 134.0 Little Hunting Park
Highland Park,Week4,Holmes Run Acres,Week1,226.0 Highland Park - 176.0 Holmes Run Acres
Highlands Swim,Week5,Pinecrest,Week4,250.0 Highlands Swim - 152.0 Pinecrest
Highland Park,Week4,Village West,Week3,261.0 Highland Park - 141.0 Village West
Highlands Swim,Week1,Pinewood Lake,Week2,383.0 Highlands Swim - 19.0 Pinewood Lake
Highland Park,Week3,Holmes Run Acres,Week3,236.0 Holmes Run Acres - 166.0 Highland Park
Highland Park,Week1,Sully Station,Week5,232.0 Sully Station - 170.0 Highland Park
Highland Park,Week4,Village West,Week5,283.0 Highland Park - 119.0 Village West
Highland Park,Week3,Holmes Run Acres,Week5,241.0 Holmes Run Acres - 161.0 Highland Park
Highland Park,Week3,High Point Pool,Week5,242.0 High Point Pool - 160.0 Highland Park
Highland Park,Week1,Little Rocky Run,Week2,238.0 Little Rocky Run - 164.0 Highland Park
Highlands Swim,Week2,Villa Aquatic,Week3,319.0 Highlands Swim - 83.0 Villa Aquatic
Highland Park,Week4,Stratford,Week2,295.0 Highland Park - 107.0 Stratford
Highlands Swim,Week1,Villa Aquatic,Week5,302.0 Highlands Swim - 100.0 Villa Aquatic
Highland Park,Week3,High Point Pool,Week3,232.5 High Point Pool - 169.5 Highland Park
Highland Park,Week1,Highland Park,Week5,231.0 Highland Park (HP1) - 171.0 Highland Park (HP2)
Highland Park,Week5,Little Hunting Park,Week4,274.0 Highland Park - 128.0 Little Hunting Park
Highland Park,Week4,High Point Pool,Week3,217.0 High Point Pool - 185.0 Highland Park
Highlands Swim,Week2,Pinewood Lake,Week1,374.0 Highlands Swim - 28.0 Pinewood Lake
Highland Park,Week4,Little Hunting Park,Week1,268.0 Highland Park - 134.0 Little Hunting Park
Highlands Swim,Week5,Vienna Woods,Week3,233.0 Highlands Swim - 169.0 Vienna Woods
Highlands Swim,Week1,Pinewood Lake,Week4,381.0 Highlands Swim - 21.0 Pinewood Lake
Highlands Swim,Week5,Fair Oaks ,Week5,290.0 Highlands Swim - 112.0 Fair Oaks
Highland Park,Week4,Stratford,Week3,294.0 Highland Park - 108.0 Stratford
Highland Park,Week2,Highlands Swim,Week2,310.0 Highlands Swim - 92.0 Highland Park
Highland Park,Week1,Highlands Swim,Week3,291.0 Highlands Swim - 111.0 Highland Park
Highlands Swim,Week1,Villa Aquatic,Week1,317.0 Highlands Swim - 85.0 Villa Aquatic
Highland Park,Week4,Holmes Run Acres,Week2,244.0 Highland Park - 158.0 Holmes Run Acres
Highland Park,Week5,High Point Pool,Week1,230.0 High Point Pool - 172.0 Highland Park
Highland Park,Week1,Sully Station,Week3,230.0 Sully Station - 172.0 Highland Park
Highland Park,Week4,High Point Pool,Week1,225.0 High Point Pool - 177.0 Highland Park
Highland Park,Week5,Stratford,Week3,285.0 Highland Park - 117.0 Stratford
Highland Park,Week2,Holmes Run Acres,Week2,220.0 Highland Park - 182.0 Holmes Run Acres
Highland Park,Week5,Hiddenbrook,Week5,235.0 Highland Park - 167.0 Hiddenbrook
Highland Park,Week4,Little Hunting Park,Week4,284.0 Highland Park - 118.0 Little Hunting Park
Highland Park,Week4,Highland Park,Week4,201.0 Highland Park (HP1) - 201.0 Highland Park (HP2)
Highland Park,Week4,High Point Pool,Week5,230.5 High Point Pool - 171.5 Highland Park
Highlands Swim,Week4,Fair Oaks ,Week2,301.0 Highlands Swim - 101.0 Fair Oaks
Highland Park,Week5,Stratford,Week1,284.0 Highland Park - 118.0 Stratford
Highland Park,Week5,Holmes Run Acres,Week1,215.0 Highland Park - 187.0 Holmes Run Acres
Highland Park,Week5,Village West,Week5,273.0 Highland Park - 129.0 Village West
Highlands Swim,Week5,Vienna Woods,Week5,202.0 Vienna Woods - 200.0 Highlands Swim
Highlands Swim,Week2,Fair Oaks ,Week4,301.0 Highlands Swim - 101.0 Fair Oaks
Highland Park,Week5,Little Hunting Park,Week1,280.0 Highland Park - 121.0 Little Hunting Park
Highland Park,Week4,High Point Pool,Week2,227.0 High Point Pool - 175.0 Highland Park
Highland Park,Week3,Village West,Week3,244.0 Highland Park - 158.0 Village West
Highland Park,Week1,Virginia Hills,Week3,363.0 Highland Park - 39.0 Virginia Hills
Highland Park,Week2,Little Rocky Run,Week5,287.0 Little Rocky Run - 115.0 Highland Park
Highlands Swim,Week3,Fair Oaks ,Week5,277.0 Highlands Swim - 125.0 Fair Oaks
Highland Park,Week1,Highlands Swim,Week5,297.0 Highlands Swim - 105.0 Highland Park
Highland Park,Week1,Virginia Hills,Week1,353.0 Highland Park - 49.0 Virginia Hills
Highland Park,Week5,Little Hunting Park,Week3,273.5 Highland Park - 128.5 Little Hunting Park
Highland Park,Week2,Highlands Swim,Week1,297.0 Highlands Swim - 105.0 Highland Park
Highland Park,Week2,Holmes Run Acres,Week3,223.0 Holmes Run Acres - 179.0 Highland Park
Highland Park,Week5,Village West,Week1,285.0 Highland Park - 117.0 Village West
Highland Park,Week5,Stratford,Week4,266.0 Highland Park - 136.0 Stratford
Highlands Swim,Week1,Fairfax,Week1,254.0 Highlands Swim - 148.0 Fairfax
Highlands Swim,Week1,Pinewood Lake,Week5,381.0 Highlands Swim - 21.0 Pinewood Lake
Highlands Swim,Week4,Fair Oaks ,Week3,288.0 Highlands Swim - 114.0 Fair Oaks
Highlands Swim,Week1,Pinewood Lake,Week3,388.0 Highlands Swim - 14.0 Pinewood Lake
Highlands Swim,Week4,Villa Aquatic,Week3,294.5 Highlands Swim - 107.5 Villa Aquatic
Highlands Swim,Week4,Villa Aquatic,Week4,298.0 Highlands Swim - 104.0 Villa Aquatic
Highlands Swim,Week2,Pinewood Lake,Week3,390.0 Highlands Swim - 12.0 Pinewood Lake
Highlands Swim,Week4,Villa Aquatic,Week5,300.0 Highlands Swim - 102.0 Villa Aquatic
Highland Park,Week5,Little Hunting Park,Week2,280.0 Highland Park - 122.0 Little Hunting Park
Highlands Swim,Week3,Fair Oaks ,Week1,298.0 Highlands Swim - 104.0 Fair Oaks
Highland Park,Week3,Stratford,Week4,244.0 Highland Park - 158.0 Stratford
Highland Park,Week5,Stratford,Week5,292.0 Highland Park - 110.0 Stratford
Highland Park,Week4,Little Hunting Park,Week5,241.0 Highland Park - 161.0 Little Hunting Park
Highland Park,Week2,Highlands Swim,Week5,310.0 Highlands Swim - 92.0 Highland Park
Highland Park,Week1,Virginia Hills,Week2,355.0 Highland Park - 47.0 Virginia Hills
Highland Park,Week5,High Point Pool,Week2,242.5 High Point Pool - 159.5 Highland Park
Highlands Swim,Week5,Pinecrest,Week2,247.0 Highlands Swim - 155.0 Pinecrest
Highland Park,Week4,High Point Pool,Week4,227.0 High Point Pool - 175.0 Highland Park
Highland Park,Week3,Stratford,Week5,252.0 Highland Park - 150.0 Stratford
Highland Park,Week1,Virginia Hills,Week4,364.0 Highland Park - 38.0 Virginia Hills
Highland Park,Week3,Highlands Swim,Week5,304.0 Highlands Swim - 98.0 Highland Park
Highland Park,Week1,Virginia Hills,Week5,342.0 Highland Park - 60.0 Virginia Hills
Highlands Swim,Week3,Villa Aquatic,Week4,317.0 Highlands Swim - 85.0 Villa Aquatic
Highlands Swim,Week4,Pinewood Lake,Week1,370.0 Highlands Swim - 31.0 Pinewood Lake
Highlands Swim,Week5,Pinecrest,Week5,251.0 Highlands Swim - 151.0 Pinecrest
Highlands Swim,Week4,Vienna Woods,Week5,223.0 Vienna Woods - 179.0 Highlands Swim
Highland Park,Week5,High Point Pool,Week3,224.0 High Point Pool - 178.0 Highland Park
Highland Park,Week1,Sully Station,Week2,214.0 Sully Station - 188.0 Highland Park
Highland Park,Week1,Little Hunting Park,Week5,257.0 Highland Park - 145.0 Little Hunting Park
Highland Park,Week4,Highlands Swim,Week1,287.0 Highlands Swim - 115.0 Highland Park
Highland Park,Week2,Little Hunting Park,Week2,274.0 Highland Park - 128.0 Little Hunting Park
Highlands Swim,Week5,Fair Oaks ,Week1,302.0 Highlands Swim - 100.0 Fair Oaks
Highland Park,Week3,High Point Pool,Week1,235.0 High Point Pool - 167.0 Highland Park
Highlands Swim,Week3,Fair Oaks ,Week2,307.0 Highlands Swim - 95.0 Fair Oaks
Highlands Swim,Week4,Pinewood Lake,Week2,375.0 Highlands Swim - 26.0 Pinewood Lake
Highland Park,Week4,Highlands Swim,Week4,290.0 Highlands Swim - 112.0 Highland Park
Highland Park,Week4,Village West,Week1,280.0 Highland Park - 122.0 Village West
Highland Park,Week2,Sully Station,Week5,256.0 Sully Station - 146.0 Highland Park
Highland Park,Week5,High Point Pool,Week4,235.0 High Point Pool - 167.0 Highland Park
Highland Park,Week2,Village West,Week2,278.0 Highland Park - 124.0 Village West
Highlands Swim,Week2,Fairfax,Week4,263.5 Highlands Swim - 138.5 Fairfax
Highlands Swim,Week4,Pinewood Lake,Week4,382.0 Highlands Swim - 18.0 Pinewood Lake
Highland Park,Week4,Village West,Week4,281.5 Highland Park - 115.5 Village West
Highland Park,Week3,Little Hunting Park,Week1,251.0 Highland Park - 150.0 Little Hunting Park
Highlands Swim,Week5,Pinewood Lake,Week4,378.0 Highlands Swim - 24.0 Pinewood Lake
Highland Park,Week3,Highlands Swim,Week2,311.0 Highlands Swim - 91.0 Highland Park
Highlands Swim,Week2,Fairfax,Week3,239.0 Highlands Swim - 163.0 Fairfax
Highlands Swim,Week1,Fairfax,Week2,238.0 Highlands Swim - 164.0 Fairfax
Highland Park,Week2,High Point Pool,Week1,233.0 High Point Pool - 169.0 Highland Park
Highland Park,Week2,Sully Station,Week4,251.0 Sully Station - 151.0 Highland Park
Highlands Swim,Week3,Pinewood Lake,Week3,378.0 Highlands Swim - 22.0 Pinewood Lake
Highlands Swim,Week5,Villa Aquatic,Week5,307.0 Highlands Swim - 95.0 Villa Aquatic
Highland Park,Week5,Village West,Week3,257.0 Highland Park - 145.0 Village West
Highland Park,Week3,Sully Station,Week1,261.0 Sully Station - 141.0 Highland Park
Highland Park,Week4,Highlands Swim,Week2,316.0 Highlands Swim - 86.0 Highland Park
Highland Park,Week2,Little Hunting Park,Week1,272.0 Highland Park - 130.0 Little Hunting Park
Highlands Swim,Week5,Villa Aquatic,Week2,320.0 Highlands Swim - 82.0 Villa Aquatic
Highland Park,Week2,Little Hunting Park,Week3,275.0 Highland Park - 127.0 Little Hunting Park
Highlands Swim,Week1,Fairfax,Week3,234.0 Highlands Swim - 168.0 Fairfax
Highlands Swim,Week5,Villa Aquatic,Week4,316.0 Highlands Swim - 86.0 Villa Aquatic
Highlands Swim,Week1,Village West,Week1,351.0 Highlands Swim - 51.0 Village West
Highland Park,Week5,Highlands Swim,Week1,289.0 Highlands Swim - 113.0 Highland Park
Highland Park,Week3,Little Hunting Park,Week2,262.0 Highland Park - 140.0 Little Hunting Park
Highlands Swim,Week5,Pinewood Lake,Week2,376.0 Highlands Swim - 26.0 Pinewood Lake
Highland Park,Week5,Highlands Swim,Week2,302.0 Highlands Swim - 100.0 Highland Park
Highland Park,Week2,Little Hunting Park,Week5,234.0 Highland Park - 168.0 Little Hunting Park
Highlands Swim,Week5,Pinewood Lake,Week3,379.0 Highlands Swim - 23.0 Pinewood Lake
Highland Park,Week4,Sully Station,Week3,235.0 Sully Station - 167.0 Highland Park
Highlands Swim,Week5,Pinewood Lake,Week1,364.0 Highlands Swim - 38.0 Pinewood Lake
Highlands Swim,Week1,Pleasant Valley,Week2,361.0 Highlands Swim - 41.0 Pleasant Valley
Highland Park,Week1,Virginia Run,Week4,201.0 Highland Park - 201.0 Virginia Run
Highlands Swim,Week1,Virginia Hills,Week4,371.0 Highlands Swim - 31.0 Virginia Hills
Highland Park,Week3,Sully Station,Week2,247.0 Sully Station - 155.0 Highland Park
Highland Park,Week3,Highlands Swim,Week4,294.0 Highlands Swim - 108.0 Highland Park
Highland Park,Week3,Sully Station,Week3,255.0 Sully Station - 147.0 Highland Park
Highland Park,Week3,Sully Station,Week4,256.0 Sully Station - 146.0 Highland Park
Highland Park,Week3,Virginia Run,Week1,240.0 Virginia Run - 162.0 Highland Park
Highland Park,Week5,Highlands Swim,Week4,290.0 Highlands Swim - 112.0 Highland Park
Highland Park,Week3,Sully Station,Week5,266.0 Sully Station - 136.0 Highland Park
Highland Park,Week5,Highlands Swim,Week3,284.0 Highlands Swim - 118.0 Highland Park
Highland Park,Week2,Sully Station,Week3,241.0 Sully Station - 161.0 Highland Park
Highlands Swim,Week2,Village West,Week3,343.0 Highlands Swim - 59.0 Village West
Highland Park,Week4,Little Hunting Park,Week2,274.0 Highland Park - 128.0 Little Hunting Park
Highlands Swim,Week4,Fairfax,Week2,235.0 Highlands Swim - 167.0 Fairfax
Highlands Swim,Week5,Pinewood Lake,Week5,376.0 Highlands Swim - 26.0 Pinewood Lake
Highland Park,Week2,Virginia Run,Week3,213.0 Virginia Run - 189.0 Highland Park
Highland Park,Week1,Virginia Run,Week1,208.0 Virginia Run - 194.0 Highland Park
Highlands Swim,Week3,Village West,Week3,338.0 Highlands Swim - 64.0 Village West
Highlands Swim,Week3,Fairfax,Week3,231.0 Highlands Swim - 171.0 Fairfax
Highland Park,Week4,Little Hunting Park,Week3,280.0 Highland Park - 122.0 Little Hunting Park
Highlands Swim,Week3,Fairfax,Week5,227.5 Highlands Swim - 174.5 Fairfax
Highlands Swim,Week1,Virginia Hills,Week1,379.0 Highlands Swim - 23.0 Virginia Hills
Highland Park,Week4,Virginia Hills,Week1,359.0 Highland Park - 43.0 Virginia Hills
Highland Park,Week1,Little Rocky Run,Week4,250.0 Little Rocky Run - 152.0 Highland Park
Highland Park,Week1,Hollin Hills,Week1,325.0 Highland Park - 77.0 Hollin Hills
Highland Park,Week3,Highlands Swim,Week1,302.5 Highlands Swim - 99.5 Highland Park
Highland Park,Week5,Village West,Week4,280.5 Highland Park - 116.5 Village West
Highlands Swim,Week3,Fairfax,Week1,255.0 Highlands Swim - 147.0 Fairfax
Highland Park,Week2,Little Hunting Park,Week4,269.0 Highland Park - 133.0 Little Hunting Park
Highlands Swim,Week1,Pinewood Lake,Week1,377.0 Highlands Swim - 25.0 Pinewood Lake
Highland Park,Week5,Highlands Swim,Week5,304.0 Highlands Swim - 98.0 Highland Park
Highlands Swim,Week4,Fairfax,Week1,258.0 Highlands Swim - 144.0 Fairfax
Highland Park,Week2,Virginia Hills,Week1,353.0 Highland Park - 49.0 Virginia Hills
Highland Park,Week3,Little Hunting Park,Week4,259.0 Highland Park - 143.0 Little Hunting Park
Highlands Swim,Week4,Village West,Week2,355.0 Highlands Swim - 47.0 Village West
Highlands Swim,Week3,Fairfax,Week4,251.0 Highlands Swim - 151.0 Fairfax
Highlands Swim,Week2,Virginia Hills,Week1,380.0 Highlands Swim - 22.0 Virginia Hills
Highland Park,Week2,Virginia Hills,Week5,340.0 Highland Park - 62.0 Virginia Hills
Highlands Swim,Week2,Village West,Week5,349.0 Highlands Swim - 53.0 Village West
Highland Park,Week1,Hollin Hills,Week2,324.0 Highland Park - 77.0 Hollin Hills
Highlands Swim,Week3,South Run,Week2,287.0 Highlands Swim - 115.0 South Run
Highlands Swim,Week4,South Run,Week2,296.0 Highlands Swim - 106.0 South Run
Highlands Swim,Week4,Pinewood Lake,Week5,380.0 Highlands Swim - 20.0 Pinewood Lake
Highlands Swim,Week5,Fairfax Club Estates,Week2,333.0 Highlands Swim - 69.0 Fairfax Club Estates
Highlands Swim,Week4,Fairfax,Week5,226.0 Highlands Swim - 176.0 Fairfax
Highland Park,Week2,Little Rocky Run,Week3,278.0 Little Rocky Run - 124.0 Highland Park
Highland Park,Week1,Hollin Hills,Week3,323.0 Highland Park - 79.0 Hollin Hills
Highland Park,Week4,Highlands Swim,Week5,305.0 Highlands Swim - 97.0 Highland Park
Highland Park,Week4,Sully Station,Week5,257.0 Sully Station - 145.0 Highland Park
Highlands Swim,Week2,Fairfax Club Estates,Week3,326.0 Highlands Swim - 76.0 Fairfax Club Estates
Highland Park,Week2,Little Rocky Run,Week1,248.0 Little Rocky Run - 154.0 Highland Park
Highlands Swim,Week1,Poplar Heights,Week2,266.0 Highlands Swim - 136.0 Poplar Heights
Highland Park,Week5,Sully Station,Week1,253.5 Sully Station - 148.5 Highland Park
Highland Park,Week5,Sully Station,Week4,254.5 Sully Station - 147.5 Highland Park
Highland Park,Week4,Highlands Swim,Week3,298.0 Highlands Swim - 104.0 Highland Park
Highland Park,Week5,Sully Station,Week2,227.0 Sully Station - 175.0 Highland Park
Highlands Swim,Week4,Village West,Week1,349.0 Highlands Swim - 53.0 Village West
Highlands Swim,Week3,South Run,Week5,272.0 Highlands Swim - 130.0 South Run
Highlands Swim,Week4,Somerset-Olde Creek,Week3,359.0 Highlands Swim - 43.0 Somerset-Olde Creek
Highland Park,Week3,Virginia Run,Week4,235.0 Virginia Run - 167.0 Highland Park
Highlands Swim,Week4,Pinewood Lake,Week3,381.0 Highlands Swim - 20.0 Pinewood Lake
Highland Park,Week3,Virginia Hills,Week3,347.0 Highland Park - 55.0 Virginia Hills
Highland Park,Week2,Little Rocky Run,Week2,248.0 Little Rocky Run - 154.0 Highland Park
Highlands Swim,Week2,Virginia Hills,Week2,384.0 Highlands Swim - 18.0 Virginia Hills
Highlands Swim,Week2,Fairfax Club Estates,Week5,329.0 Highlands Swim - 73.0 Fairfax Club Estates
Highlands Swim,Week2,Village West,Week2,357.0 Highlands Swim - 45.0 Village West
Highlands Swim,Week1,Pleasant Valley,Week3,351.0 Highlands Swim - 51.0 Pleasant Valley
Highlands Swim,Week4,South Run,Week4,301.0 Highlands Swim - 101.0 South Run
Highlands Swim,Week1,Fairfax Club Estates,Week5,323.0 Highlands Swim - 79.0 Fairfax Club Estates
Highland Park,Week4,Virginia Run,Week2,208.0 Highland Park - 194.0 Virginia Run
Highland Park,Week1,Virginia Run,Week5,201.0 Highland Park - 201.0 Virginia Run
Highland Park,Week5,Sully Station II,Week2,243.0 Sully Station II - 159.0 Highland Park
Highland Park,Week2,Virginia Run,Week5,245.0 Virginia Run - 157.0 Highland Park
Highland Park,Week3,Highlands Swim,Week3,302.0 Highlands Swim - 100.0 Highland Park
Highland Park,Week2,Long Branch,Week2,255.0 Highland Park - 147.0 Long Branch
Highland Park,Week3,Little Rocky Run,Week4,258.0 Little Rocky Run - 144.0 Highland Park
Highland Park,Week3,Sully Station II,Week4,222.0 Sully Station II - 180.0 Highland Park
Highland Park,Week1,Sully Station II,Week2,245.0 Sully Station II - 157.0 Highland Park
Highlands Swim,Week2,Virginia Hills,Week3,386.0 Highlands Swim - 16.0 Virginia Hills
Highlands Swim,Week5,Fairfax Club Estates,Week5,327.0 Highlands Swim - 70.0 Fairfax Club Estates
Highlands Swim,Week2,South Run,Week2,303.0 Highlands Swim - 99.0 South Run
Highlands Swim,Week3,Village West,Week4,346.0 Highlands Swim - 51.0 Village West
Highlands Swim,Week3,Pleasant Valley,Week2,366.0 Highlands Swim - 36.0 Pleasant Valley
Highland Park,Week1,Long Branch,Week5,254.0 Highland Park - 148.0 Long Branch
Highlands Swim,Week4,Pleasant Valley,Week2,359.0 Highlands Swim - 43.0 Pleasant Valley
Highlands Swim,Week1,Fairfax Club Estates,Week4,320.0 Highlands Swim - 82.0 Fairfax Club Estates
Highlands Swim,Week1,South Run,Week2,309.0 Highlands Swim - 93.0 South Run
Highlands Swim,Week5,Village West,Week3,339.0 Highlands Swim - 63.0 Village West
Highlands Swim,Week2,Poplar Heights,Week2,275.0 Highlands Swim - 127.0 Poplar Heights
Highland Park,Week5,Virginia Hills,Week5,336.0 Highland Park - 66.0 Virginia Hills
Highland Park,Week3,Little Rocky Run,Week3,272.0 Little Rocky Run - 130.0 Highland Park
Highland Park,Week1,Sully Station II,Week1,218.0 Sully Station II - 184.0 Highland Park
Highland Park,Week3,Little Rocky Run,Week2,253.0 Little Rocky Run - 149.0 Highland Park
Highlands Swim,Week2,South Run,Week1,273.0 Highlands Swim - 120.0 South Run
Highlands Swim,Week1,Village West,Week4,349.0 Highlands Swim - 48.0 Village West
Highland Park,Week5,Virginia Hills,Week1,362.0 Highland Park - 40.0 Virginia Hills
Highlands Swim,Week4,Pleasant Valley,Week5,352.5 Highlands Swim - 47.5 Pleasant Valley
Highland Park,Week3,Little Rocky Run,Week1,242.0 Little Rocky Run - 155.0 Highland Park
Highlands Swim,Week5,Pleasant Valley,Week5,354.0 Highlands Swim - 48.0 Pleasant Valley
Highlands Swim,Week1,Fairfax Club Estates,Week2,335.0 Highlands Swim - 67.0 Fairfax Club Estates
Highlands Swim,Week3,Fairfax Club Estates,Week2,328.0 Highlands Swim - 74.0 Fairfax Club Estates
Highland Park,Week4,Sully Station II,Week2,242.0 Sully Station II - 160.0 Highland Park
Highland Park,Week1,Long Branch,Week3,269.0 Highland Park - 133.0 Long Branch
Highlands Swim,Week5,Somerset-Olde Creek,Week1,354.0 Highlands Swim - 48.0 Somerset-Olde Creek
Highlands Swim,Week2,South Run,Week3,308.0 Highlands Swim - 94.0 South Run
Highlands Swim,Week5,Somerset-Olde Creek,Week2,362.0 Highlands Swim - 40.0 Somerset-Olde Creek
Highland Park,Week1,Virginia Run,Week2,221.0 Highland Park - 181.0 Virginia Run
Highlands Swim,Week3,Fairfax Club Estates,Week5,325.0 Highlands Swim - 77.0 Fairfax Club Estates
Highlands Swim,Week5,Village West,Week5,334.0 Highlands Swim - 68.0 Village West
Highlands Swim,Week4,Village West,Week3,345.0 Highlands Swim - 57.0 Village West
Highlands Swim,Week1,Poplar Heights,Week1,276.0 Highlands Swim - 126.0 Poplar Heights
Highland Park,Week3,Virginia Hills,Week4,340.0 Highland Park - 62.0 Virginia Hills
Highlands Swim,Week5,Pleasant Valley,Week3,347.0 Highlands Swim - 55.0 Pleasant Valley
Highland Park,Week4,Sully Station II,Week3,255.0 Sully Station II - 147.0 Highland Park
Highland Park,Week4,Virginia Hills,Week4,369.0 Highland Park - 33.0 Virginia Hills
Highland Park,Week2,Sully Station II,Week2,253.0 Sully Station II - 149.0 Highland Park
Highlands Swim,Week4,Somerset-Olde Creek,Week2,356.0 Highlands Swim - 46.0 Somerset-Olde Creek
Highland Park,Week4,Sully Station II,Week4,207.0 Sully Station II - 195.0 Highland Park
Highlands Swim,Week3,Village West,Week1,353.0 Highlands Swim - 49.0 Village West
Highland Park,Week2,Sully Station II,Week1,227.0 Sully Station II - 175.0 Highland Park
Highland Park,Week3,Little Rocky Run,Week5,287.0 Little Rocky Run - 115.0 Highland Park
Highlands Swim,Week2,Village West,Week4,351.0 Highlands Swim - 46.0 Village West
Highland Park,Week5,Little Rocky Run,Week1,245.0 Little Rocky Run - 157.0 Highland Park
Highland Park,Week4,Virginia Hills,Week5,344.0 Highland Park - 58.0 Virginia Hills
Highlands Swim,Week4,Somerset-Olde Creek,Week4,351.0 Highlands Swim - 51.0 Somerset-Olde Creek
Highland Park,Week3,Virginia Hills,Week5,318.5 Highland Park - 83.5 Virginia Hills
Highlands Swim,Week2,Fairfax Club Estates,Week2,341.0 Highlands Swim - 61.0 Fairfax Club Estates
Highlands Swim,Week4,Somerset-Olde Creek,Week5,347.0 Highlands Swim - 55.0 Somerset-Olde Creek
Highlands Swim,Week5,Pleasant Valley,Week1,360.0 Highlands Swim - 42.0 Pleasant Valley
Highlands Swim,Week4,Pleasant Valley,Week3,349.0 Highlands Swim - 53.0 Pleasant Valley
Highlands Swim,Week1,Village West,Week3,339.0 Highlands Swim - 63.0 Village West
Highlands Swim,Week1,Pleasant Valley,Week5,350.0 Highlands Swim - 51.0 Pleasant Valley
Highland Park,Week1,Sully Station II,Week5,271.0 Sully Station II - 131.0 Highland Park
Highlands Swim,Week4,Fairfax Club Estates,Week4,318.0 Highlands Swim - 84.0 Fairfax Club Estates
Highlands Swim,Week5,Village West,Week4,347.0 Highlands Swim - 50.0 Village West
Highlands Swim,Week2,Fairfax Club Estates,Week4,327.0 Highlands Swim - 75.0 Fairfax Club Estates
Highland Park,Week1,Long Branch,Week2,260.0 Highland Park - 142.0 Long Branch
Highlands Swim,Week5,Fairfax,Week5,242.0 Highlands Swim - 160.0 Fairfax
Highland Park,Week2,Sully Station II,Week5,277.0 Sully Station II - 125.0 Highland Park
Highlands Swim,Week4,Fairfax Club Estates,Week5,332.0 Highlands Swim - 70.0 Fairfax Club Estates
Highland Park,Week4,Little Rocky Run,Week3,269.0 Little Rocky Run - 133.0 Highland Park
Highlands Swim,Week4,Fairfax Club Estates,Week2,332.0 Highlands Swim - 70.0 Fairfax Club Estates
Highlands Swim,Week4,Village West,Week4,352.0 Highlands Swim - 45.0 Village West
Highland Park,Week1,Virginia Run,Week3,227.0 Highland Park - 175.0 Virginia Run
Highland Park,Week4,Sully Station II,Week1,207.0 Sully Station II - 195.0 Highland Park
Highland Park,Week3,Long Branch,Week3,255.0 Highland Park - 147.0 Long Branch
Highlands Swim,Week3,Pleasant Valley,Week5,354.0 Highlands Swim - 48.0 Pleasant Valley
Highlands Swim,Week4,Pleasant Valley,Week4,355.0 Highlands Swim - 46.0 Pleasant Valley
Highland Park,Week4,Little Rocky Run,Week2,245.0 Little Rocky Run - 157.0 Highland Park
Highlands Swim,Week5,Pleasant Valley,Week4,358.0 Highlands Swim - 44.0 Pleasant Valley
Highlands Swim,Week3,Village West,Week2,346.5 Highlands Swim - 55.5 Village West
Highland Park,Week1,Long Branch,Week4,262.0 Highland Park - 140.0 Long Branch
Highland Park,Week4,Virginia Hills,Week3,365.0 Highland Park - 37.0 Virginia Hills
Highlands Swim,Week5,Fairfax,Week1,268.0 Highlands Swim - 134.0 Fairfax
Highlands Swim,Week3,Village West,Week5,339.0 Highlands Swim - 63.0 Village West
Highlands Swim,Week4,Pleasant Valley,Week1,350.0 Highlands Swim - 52.0 Pleasant Valley
Highland Park,Week2,Virginia Hills,Week3,364.0 Highland Park - 38.0 Virginia Hills
Highlands Swim,Week5,Fairfax,Week2,250.0 Highlands Swim - 152.0 Fairfax
Highlands Swim,Week5,Somerset-Olde Creek,Week5,343.0 Highlands Swim - 59.0 Somerset-Olde Creek
Highland Park,Week2,Sully Station II,Week3,270.0 Sully Station II - 132.0 Highland Park
Highlands Swim,Week2,South Run,Week4,313.0 Highlands Swim - 89.0 South Run
Highlands Swim,Week4,Village West,Week5,346.0 Highlands Swim - 56.0 Village West
Highland Park,Week2,Long Branch,Week1,252.0 Highland Park - 150.0 Long Branch
Highland Park,Week1,Sully Station II,Week3,262.0 Sully Station II - 140.0 Highland Park
Highlands Swim,Week1,South Run,Week1,273.0 Highlands Swim - 120.0 South Run
Highland Park,Week3,Virginia Hills,Week2,340.0 Highland Park - 62.0 Virginia Hills
Highlands Swim,Week1,South Run,Week4,302.0 Highlands Swim - 100.0 South Run
Highlands Swim,Week5,Fairfax,Week4,273.0 Highlands Swim - 129.0 Fairfax
Highlands Swim,Week3,Pleasant Valley,Week4,360.0 Highlands Swim - 42.0 Pleasant Valley
Highland Park,Week3,Truro,Week4,241.0 Highland Park - 161.0 Truro
Highland Park,Week2,Virginia Hills,Week4,360.0 Highland Park - 42.0 Virginia Hills
Highlands Swim,Week2,Pleasant Valley,Week5,356.0 Highlands Swim - 46.0 Pleasant Valley
Highlands Swim,Week4,Somerset-Olde Creek,Week1,345.0 Highlands Swim - 57.0 Somerset-Olde Creek
Highland Park,Week4,Virginia Hills,Week2,357.0 Highland Park - 45.0 Virginia Hills
Highlands Swim,Week1,Village West,Week5,343.0 Highlands Swim - 59.0 Village West
Highlands Swim,Week3,Pleasant Valley,Week3,353.0 Highlands Swim - 49.0 Pleasant Valley
Highland Park,Week2,Long Branch,Week4,249.0 Highland Park - 153.0 Long Branch
Highlands Swim,Week1,Poplar Heights,Week3,277.0 Highlands Swim - 125.0 Poplar Heights
Highland Park,Week3,Truro,Week1,251.0 Highland Park - 151.0 Truro
Highlands Swim,Week3,Fairfax Club Estates,Week1,318.5 Highlands Swim - 83.5 Fairfax Club Estates
Highland Park,Week5,Virginia Hills,Week2,355.0 Highland Park - 47.0 Virginia Hills
Highland Park,Week3,Sully Station II,Week5,285.0 Sully Station II - 117.0 Highland Park
Highland Park,Week3,Sully Station II,Week1,227.0 Sully Station II - 175.0 Highland Park
Highlands Swim,Week1,Fairfax Club Estates,Week1,320.5 Highlands Swim - 81.5 Fairfax Club Estates
Highlands Swim,Week5,Somerset-Olde Creek,Week4,362.0 Highlands Swim - 40.0 Somerset-Olde Creek
Highlands Swim,Week2,Village West,Week1,354.0 Highlands Swim - 48.0 Village West
Highlands Swim,Week5,Village West,Week2,353.0 Highlands Swim - 49.0 Village West
Highlands Swim,Week5,Village West,Week1,348.0 Highlands Swim - 54.0 Village West
Highland Park,Week5,Virginia Hills,Week3,357.0 Highland Park - 45.0 Virginia Hills
Highland Park,Week4,Long Branch,Week3,269.0 Highland Park - 133.0 Long Branch
Highlands Swim,Week3,Somerset-Olde Creek,Week5,353.0 Highlands Swim - 49.0 Somerset-Olde Creek
Highland Park,Week4,Long Branch,Week2,267.0 Highland Park - 135.0 Long Branch
Highlands Swim,Week1,Poplar Heights,Week5,261.0 Highlands Swim - 141.0 Poplar Heights
Highlands Swim,Week2,Pleasant Valley,Week2,373.0 Highlands Swim - 29.0 Pleasant Valley
Highland Park,Week4,Little Rocky Run,Week5,288.0 Little Rocky Run - 114.0 Highland Park
Highlands Swim,Week5,Fairfax,Week3,252.0 Highlands Swim - 150.0 Fairfax
Highlands Swim,Week1,Virginia Hills,Week3,375.0 Highlands Swim - 27.0 Virginia Hills
Highlands Swim,Week3,Somerset-Olde Creek,Week4,366.0 Highlands Swim - 36.0 Somerset-Olde Creek
Highland Park,Week4,Sully Station II,Week5,264.0 Sully Station II - 138.0 Highland Park
Highland Park,Week2,Long Branch,Week3,264.0 Highland Park - 138.0 Long Branch
Highland Park,Week2,Virginia Run,Week4,231.0 Virginia Run - 171.0 Highland Park
Highlands Swim,Week2,Pleasant Valley,Week1,366.0 Highlands Swim - 36.0 Pleasant Valley
Highland Park,Week5,Truro,Week5,267.0 Highland Park - 135.0 Truro
Highland Park,Week3,Virginia Hills,Week1,333.0 Highland Park - 69.0 Virginia Hills
Highland Park,Week1,Truro,Week2,283.0 Highland Park - 118.0 Truro
Highlands Swim,Week2,Fairfax Club Estates,Week1,327.0 Highlands Swim - 75.0 Fairfax Club Estates
Highlands Swim,Week5,Virginia Hills,Week2,368.0 Highlands Swim - 34.0 Virginia Hills
Highland Park,Week2,Virginia Run,Week1,231.0 Virginia Run - 171.0 Highland Park
Highlands Swim,Week2,Pleasant Valley,Week4,361.0 Highlands Swim - 41.0 Pleasant Valley
Highlands Swim,Week1,Poplar Heights,Week4,263.0 Highlands Swim - 139.0 Poplar Heights
Highlands Swim,Week4,Fairfax Club Estates,Week3,321.0 Highlands Swim - 81.0 Fairfax Club Estates
Highlands Swim,Week1,Fairfax Club Estates,Week3,321.0 Highlands Swim - 81.0 Fairfax Club Estates
Highlands Swim,Week1,Virginia Hills,Week2,382.0 Highlands Swim - 20.0 Virginia Hills
Highland Park,Week5,Virginia Hills,Week4,362.0 Highland Park - 40.0 Virginia Hills
Highland Park,Week3,Virginia Run,Week2,219.0 Virginia Run - 178.0 Highland Park
Highlands Swim,Week1,Virginia Run,Week4,286.0 Highlands Swim - 116.0 Virginia Run
Highland Park,Week5,Little Rocky Run,Week3,280.0 Little Rocky Run - 122.0 Highland Park
Highlands Swim,Week5,Fairfax Club Estates,Week1,321.0 Highlands Swim - 76.0 Fairfax Club Estates
Highlands Swim,Week2,South Run,Week5,280.0 Highlands Swim - 122.0 South Run
Highland Park,Week4,Little Rocky Run,Week1,238.0 Little Rocky Run - 164.0 Highland Park
Highland Park,Week4,Truro,Week1,276.0 Highland Park - 126.0 Truro
Highland Park,Week5,Little Rocky Run,Week4,259.0 Little Rocky Run - 143.0 Highland Park
Highlands Swim,Week1,South Run,Week3,294.0 Highlands Swim - 108.0 South Run
Highlands Swim,Week3,South Run,Week1,264.0 Highlands Swim - 129.0 South Run
Highlands Swim,Week1,South Run,Week5,281.0 Highlands Swim - 121.0 South Run
Highland Park,Week5,Little Rocky Run,Week5,273.0 Little Rocky Run - 129.0 Highland Park
Highlands Swim,Week1,Virginia Hills,Week5,366.0 Highlands Swim - 36.0 Virginia Hills
Highlands Swim,Week3,Fairfax Club Estates,Week4,318.0 Highlands Swim - 84.0 Fairfax Club Estates
Highlands Swim,Week3,South Run,Week3,293.0 Highlands Swim - 109.0 South Run
Highlands Swim,Week5,Somerset-Olde Creek,Week3,362.0 Highlands Swim - 40.0 Somerset-Olde Creek
Highland Park,Week4,Truro,Week4,249.0 Highland Park - 153.0 Truro
Highland Park,Week2,Virginia Run,Week2,216.0 Virginia Run - 186.0 Highland Park
Highland Park,Week5,Truro,Week2,293.0 Highland Park - 108.0 Truro
Highlands Swim,Week3,Fairfax Club Estates,Week3,325.0 Highlands Swim - 77.0 Fairfax Club Estates
Highlands Swim,Week1,Virginia Run,Week2,296.5 Highlands Swim - 105.5 Virginia Run
Highlands Swim,Week2,Pleasant Valley,Week3,359.0 Highlands Swim - 43.0 Pleasant Valley
Highland Park,Week1,Long Branch,Week1,262.0 Highland Park - 140.0 Long Branch
Highland Park,Week2,Wakefield Chapel,Week1,306.0 Wakefield Chapel - 96.0 Highland Park
Highlands Swim,Week5,Fairfax Club Estates,Week4,324.0 Highlands Swim - 78.0 Fairfax Club Estates
Highland Park,Week1,Wakefield Chapel,Week1,290.0 Wakefield Chapel - 112.0 Highland Park
Highlands Swim,Week2,Springboard,Week1,345.0 Highlands Swim - 57.0 Springboard
Highlands Swim,Week5,Virginia Hills,Week4,370.0 Highlands Swim - 32.0 Virginia Hills
Highland Park,Week3,Sully Station II,Week2,251.0 Sully Station II - 151.0 Highland Park
Highlands Swim,Week3,Virginia Run,Week5,282.0 Highlands Swim - 120.0 Virginia Run
Highland Park,Week5,Little Rocky Run,Week2,249.0 Little Rocky Run - 153.0 Highland Park
Highlands Swim,Week2,Poplar Heights,Week3,293.0 Highlands Swim - 109.0 Poplar Heights
Highlands Swim,Week2,Poplar Heights,Week1,288.0 Highlands Swim - 114.0 Poplar Heights
Highland Park,Week3,Sully Station II,Week3,266.0 Sully Station II - 136.0 Highland Park
Highland Park,Week2,Sully Station II,Week4,223.0 Sully Station II - 179.0 Highland Park
Highland Park,Week4,Little Rocky Run,Week4,262.0 Little Rocky Run - 140.0 Highland Park
Highlands Swim,Week5,Fairfax Club Estates,Week3,329.0 Highlands Swim - 73.0 Fairfax Club Estates
Highlands Swim,Week4,South Run,Week3,294.0 Highlands Swim - 108.0 South Run
Highland Park,Week2,Long Branch,Week5,235.0 Highland Park - 167.0 Long Branch
Highlands Swim,Week4,South Run,Week1,272.0 Highlands Swim - 121.0 South Run
Highlands Swim,Week3,South Run,Week4,304.0 Highlands Swim - 98.0 South Run
Highlands Swim,Week3,Virginia Run,Week3,296.0 Highlands Swim - 106.0 Virginia Run
Highlands Swim,Week3,Fairfax Station,Week3,231.0 Highlands Swim - 171.0 Fairfax Station
Highland Park,Week3,Virginia Run,Week5,252.0 Virginia Run - 150.0 Highland Park
Highland Park,Week3,Long Branch,Week1,238.0 Highland Park - 154.0 Long Branch
Highlands Swim,Week3,Virginia Hills,Week4,371.0 Highlands Swim - 31.0 Virginia Hills
Highland Park,Week4,Virginia Run,Week1,219.5 Virginia Run - 182.5 Highland Park
Highlands Swim,Week4,Fairfax Club Estates,Week1,317.0 Highlands Swim - 85.0 Fairfax Club Estates
Highland Park,Week1,Sully Station II,Week4,208.0 Sully Station II - 194.0 Highland Park
Highland Park,Week3,Virginia Run,Week3,210.0 Virginia Run - 192.0 Highland Park
Highlands Swim,Week5,Pleasant Valley,Week2,363.0 Highlands Swim - 39.0 Pleasant Valley
Highland Park,Week4,Truro,Week2,286.0 Highland Park - 116.0 Truro
Highlands Swim,Week3,Pleasant Valley,Week1,354.0 Highlands Swim - 48.0 Pleasant Valley
Highlands Swim,Week1,Fairfax Station,Week2,251.0 Highlands Swim - 151.0 Fairfax Station
Highland Park,Week3,Long Branch,Week5,233.0 Highland Park - 169.0 Long Branch
Highland Park,Week5,Sully Station II,Week4,224.5 Sully Station II - 177.5 Highland Park
Highlands Swim,Week4,Springboard,Week2,359.0 Highlands Swim - 43.0 Springboard
Highlands Swim,Week3,Springboard,Week1,345.0 Highlands Swim - 57.0 Springboard
Highlands Swim,Week2,Poplar Heights,Week4,288.0 Highlands Swim - 114.0 Poplar Heights
Highland Park,Week3,Wakefield Chapel,Week4,282.0 Wakefield Chapel - 120.0 Highland Park
Highland Park,Week5,Sully Station II,Week3,267.0 Sully Station II - 135.0 Highland Park
Highland Park,Week1,Wakefield Chapel,Week2,271.0 Wakefield Chapel - 131.0 Highland Park
Highlands Swim,Week2,Poplar Heights,Week5,269.0 Highlands Swim - 133.0 Poplar Heights
Highland Park,Week5,Sully Station II,Week1,212.0 Sully Station II - 190.0 Highland Park
Highlands Swim,Week5,Fairfax Station,Week5,231.0 Highlands Swim - 171.0 Fairfax Station
Highlands Swim,Week5,Virginia Hills,Week3,377.0 Highlands Swim - 25.0 Virginia Hills
Highland Park,Week3,Long Branch,Week2,245.0 Highland Park - 157.0 Long Branch
Highlands Swim,Week2,Long Branch,Week4,339.0 Highlands Swim - 63.0 Long Branch
Highlands Swim,Week3,Springboard,Week4,332.0 Highlands Swim - 70.0 Springboard
Highlands Swim,Week5,Virginia Hills,Week1,369.0 Highlands Swim - 33.0 Virginia Hills
Highlands Swim,Week1,Fairfax Station,Week3,222.0 Highlands Swim - 180.0 Fairfax Station
Highlands Swim,Week5,Long Branch,Week5,332.0 Highlands Swim - 70.0 Long Branch
Highland Park,Week1,Wakefield Chapel,Week3,281.0 Wakefield Chapel - 121.0 Highland Park
Highlands Swim,Week2,Virginia Hills,Week4,384.0 Highlands Swim - 18.0 Virginia Hills
Highlands Swim,Week1,Forest Hollow,Week3,278.0 Highlands Swim - 124.0 Forest Hollow
Highlands Swim,Week4,South Run,Week5,279.0 Highlands Swim - 123.0 South Run
Highlands Swim,Week3,Virginia Hills,Week1,369.0 Highlands Swim - 33.0 Virginia Hills
Highland Park,Week3,Long Branch,Week4,235.0 Highland Park - 167.0 Long Branch
Highland Park,Week4,Hamlet,Week4,267.0 Hamlet - 135.0 Highland Park
Highlands Swim,Week2,Long Branch,Week5,325.0 Highlands Swim - 77.0 Long Branch
Highland Park,Week4,Wakefield Chapel,Week4,279.0 Wakefield Chapel - 123.0 Highland Park
Highlands Swim,Week2,Fairfax Station,Week4,249.0 Highlands Swim - 153.0 Fairfax Station
Highland Park,Week2,Truro,Week1,263.0 Highland Park - 139.0 Truro
Highland Park,Week2,Truro,Week3,276.0 Highland Park - 126.0 Truro
Highlands Swim,Week3,Fairfax Station,Week1,254.0 Highlands Swim - 148.0 Fairfax Station
Highlands Swim,Week3,Virginia Hills,Week3,375.0 Highlands Swim - 27.0 Virginia Hills
Highlands Swim,Week1,Virginia Run,Week3,287.0 Highlands Swim - 115.0 Virginia Run
Highlands Swim,Week5,Springboard,Week2,369.0 Highlands Swim - 28.0 Springboard
Highland Park,Week4,Virginia Run,Week4,206.0 Virginia Run - 196.0 Highland Park
Highland Park,Week4,Long Branch,Week4,261.0 Highland Park - 141.0 Long Branch
Highlands Swim,Week4,Virginia Hills,Week4,373.0 Highlands Swim - 29.0 Virginia Hills
Highlands Swim,Week1,Springboard,Week3,343.0 Highlands Swim - 59.0 Springboard
Highlands Swim,Week1,Mansion House,Week2,287.5 Highlands Swim - 114.5 Mansion House
Highland Park,Week4,Wakefield Chapel,Week2,301.0 Wakefield Chapel - 101.0 Highland Park
Highland Park,Week4,Long Branch,Week1,253.5 Highland Park - 148.5 Long Branch
Highland Park,Week1,Truro,Week1,269.0 Highland Park - 133.0 Truro
Highland Park,Week5,Long Branch,Week1,253.0 Highland Park - 149.0 Long Branch
Highland Park,Week2,Truro,Week2,280.0 Highland Park - 122.0 Truro
Highlands Swim,Week1,Fairfax Station,Week1,239.0 Highlands Swim - 163.0 Fairfax Station
Highland Park,Week2,Mansion House,Week1,208.0 Mansion House - 194.0 Highland Park
Highland Park,Week5,Virginia Run,Week5,235.0 Virginia Run - 167.0 Highland Park
Highlands Swim,Week5,Springboard,Week5,335.0 Highlands Swim - 67.0 Springboard
Highland Park,Week1,Truro,Week3,286.0 Highland Park - 116.0 Truro
Highlands Swim,Week5,Little Rocky Run,Week4,271.0 Highlands Swim - 131.0 Little Rocky Run
Highlands Swim,Week2,Fairfax Station,Week1,264.0 Highlands Swim - 138.0 Fairfax Station
Highland Park,Week3,Wakefield Chapel,Week1,303.0 Wakefield Chapel - 99.0 Highland Park
Highlands Swim,Week5,Springboard,Week3,340.0 Highlands Swim - 62.0 Springboard
Highlands Swim,Week2,Virginia Run,Week1,287.0 Highlands Swim - 115.0 Virginia Run
Highlands Swim,Week1,Springfield,Week1,393.0 Highlands Swim - 8.0 Springfield
Highlands Swim,Week1,Virginia Run,Week1,277.0 Highlands Swim - 125.0 Virginia Run
Highlands Swim,Week2,Fairfax Station,Week3,237.0 Highlands Swim - 165.0 Fairfax Station
Highland Park,Week5,Wakefield Chapel,Week1,310.0 Wakefield Chapel - 92.0 Highland Park
Highland Park,Week2,Truro,Week4,248.0 Highland Park - 154.0 Truro
Highlands Swim,Week3,Long Branch,Week5,315.0 Highlands Swim - 87.0 Long Branch
Highland Park,Week3,Mansion House,Week2,214.0 Mansion House - 188.0 Highland Park
Highlands Swim,Week5,Long Branch,Week1,323.0 Highlands Swim - 79.0 Long Branch
Highlands Swim,Week4,Fairfax Station,Week1,245.0 Highlands Swim - 157.0 Fairfax Station
Highlands Swim,Week3,Virginia Hills,Week5,363.0 Highlands Swim - 39.0 Virginia Hills
Highland Park,Week3,Mansion House,Week3,229.0 Mansion House - 173.0 Highland Park
Highland Park,Week1,Walden Glen,Week2,255.0 Highland Park - 147.0 Walden Glen
Highlands Swim,Week5,Springboard,Week4,337.0 Highlands Swim - 65.0 Springboard
Highlands Swim,Week5,Long Branch,Week3,334.0 Highlands Swim - 68.0 Long Branch
Highland Park,Week1,Mansion House,Week4,231.0 Highland Park - 171.0 Mansion House
Highland Park,Week5,Mansion House,Week4,219.0 Highland Park - 183.0 Mansion House
Highlands Swim,Week2,Virginia Run,Week2,314.0 Highlands Swim - 88.0 Virginia Run
Highlands Swim,Week4,Long Branch,Week3,326.0 Highlands Swim - 76.0 Long Branch
Highland Park,Week4,Virginia Run,Week5,226.0 Virginia Run - 176.0 Highland Park
Highlands Swim,Week1,Forest Hollow,Week1,272.0 Highlands Swim - 130.0 Forest Hollow
Highlands Swim,Week4,Virginia Hills,Week1,366.0 Highlands Swim - 36.0 Virginia Hills
Highland Park,Week2,Truro,Week5,261.0 Highland Park - 141.0 Truro
Highlands Swim,Week4,Springboard,Week3,331.5 Highlands Swim - 70.5 Springboard
Highlands Swim,Week5,South Run,Week4,316.0 Highlands Swim - 81.0 South Run
Highlands Swim,Week1,Springfield,Week2,387.0 Highlands Swim - 14.0 Springfield
Highland Park,Week1,Mansion House,Week5,205.0 Mansion House - 197.0 Highland Park
Highland Park,Week5,Virginia Run,Week4,215.0 Virginia Run - 187.0 Highland Park
Highlands Swim,Week1,Long Branch,Week3,335.0 Highlands Swim - 67.0 Long Branch
Highland Park,Week2,Wakefield Chapel,Week2,301.0 Wakefield Chapel - 101.0 Highland Park
Highlands Swim,Week4,Virginia Hills,Week3,367.0 Highlands Swim - 35.0 Virginia Hills
Highland Park,Week4,Hamlet,Week5,306.0 Hamlet - 96.0 Highland Park
Highlands Swim,Week1,Fairfax Station,Week5,227.0 Highlands Swim - 175.0 Fairfax Station
Highlands Swim,Week5,Little Rocky Run,Week5,246.0 Highlands Swim - 156.0 Little Rocky Run
Highlands Swim,Week4,Virginia Hills,Week5,359.0 Highlands Swim - 43.0 Virginia Hills
Highlands Swim,Week4,Springboard,Week1,345.0 Highlands Swim - 57.0 Springboard
Highlands Swim,Week4,Fairfax Station,Week4,242.0 Highlands Swim - 160.0 Fairfax Station
Highland Park,Week5,Mansion House,Week2,205.0 Mansion House - 197.0 Highland Park
Highland Park,Week1,Truro,Week5,274.0 Highland Park - 128.0 Truro
Highland Park,Week1,Mantua,Week2,215.0 Mantua - 187.0 Highland Park
Highland Park,Week5,Sully Station II,Week5,287.0 Sully Station II - 115.0 Highland Park
Highlands Swim,Week4,Long Branch,Week1,323.0 Highlands Swim - 79.0 Long Branch
Highland Park,Week1,Truro,Week4,261.0 Highland Park - 141.0 Truro
Highland Park,Week2,Walden Glen,Week1,275.0 Highland Park - 127.0 Walden Glen
Highland Park,Week3,Truro,Week2,264.0 Highland Park - 138.0 Truro
Highlands Swim,Week2,Forest Hollow,Week2,307.0 Highlands Swim - 95.0 Forest Hollow
Highlands Swim,Week3,Long Branch,Week3,336.0 Highlands Swim - 66.0 Long Branch
Highland Park,Week1,Mantua,Week5,260.0 Mantua - 142.0 Highland Park
Highland Park,Week5,Long Branch,Week5,245.0 Highland Park - 157.0 Long Branch
Highlands Swim,Week1,Virginia Run,Week5,270.0 Highlands Swim - 132.0 Virginia Run
Highlands Swim,Week2,Virginia Run,Week4,294.0 Highlands Swim - 108.0 Virginia Run
Highlands Swim,Week4,Fairfax Station,Week2,254.0 Highlands Swim - 148.0 Fairfax Station
Highlands Swim,Week4,Long Branch,Week4,323.0 Highlands Swim - 79.0 Long Branch
Highlands Swim,Week4,Springboard,Week4,332.0 Highlands Swim - 70.0 Springboard
Highlands Swim,Week1,Fairfax Station,Week4,247.0 Highlands Swim - 155.0 Fairfax Station
Highland Park,Week3,Truro,Week3,267.0 Highland Park - 135.0 Truro
Highlands Swim,Week4,Fairfax Station,Week5,209.0 Highlands Swim - 193.0 Fairfax Station
Highlands Swim,Week3,Fairfax Station,Week2,261.0 Highlands Swim - 141.0 Fairfax Station
Highland Park,Week2,Walden Glen,Week5,210.0 Highland Park - 192.0 Walden Glen
Highlands Swim,Week3,Long Branch,Week4,332.0 Highlands Swim - 70.0 Long Branch
Highlands Swim,Week1,Springboard,Week4,339.0 Highlands Swim - 63.0 Springboard
Highlands Swim,Week2,Virginia Hills,Week5,376.0 Highlands Swim - 26.0 Virginia Hills
Highlands Swim,Week4,Long Branch,Week2,314.5 Highlands Swim - 87.5 Long Branch
Highland Park,Week1,Walden Glen,Week1,286.0 Highland Park - 116.0 Walden Glen
Highland Park,Week3,Truro,Week5,246.0 Highland Park - 156.0 Truro
Highland Park,Week4,Truro,Week3,292.0 Highland Park - 110.0 Truro
Highland Park,Week4,Long Branch,Week5,253.0 Highland Park - 149.0 Long Branch
Highlands Swim,Week2,Springboard,Week3,342.0 Highlands Swim - 60.0 Springboard
Highlands Swim,Week5,South Run,Week5,295.0 Highlands Swim - 107.0 South Run
Highland Park,Week3,Walden Glen,Week2,232.0 Highland Park - 170.0 Walden Glen
Highlands Swim,Week2,Virginia Run,Week3,319.0 Highlands Swim - 83.0 Virginia Run
Highland Park,Week1,Mansion House,Week2,214.0 Highland Park - 188.0 Mansion House
Highland Park,Week4,Truro,Week5,275.0 Highland Park - 127.0 Truro
Highland Park,Week1,Wakefield Chapel,Week4,268.0 Wakefield Chapel - 134.0 Highland Park
Highlands Swim,Week2,Fairfax Station,Week2,273.0 Highlands Swim - 129.0 Fairfax Station
Highland Park,Week4,Virginia Run,Week3,206.0 Highland Park - 196.0 Virginia Run
Highland Park,Week5,Truro,Week1,271.0 Highland Park - 131.0 Truro
Highlands Swim,Week5,South Run,Week2,313.0 Highlands Swim - 89.0 South Run
Highlands Swim,Week2,Long Branch,Week1,335.0 Highlands Swim - 67.0 Long Branch
Highland Park,Week2,Tuckahoe,Week2,319.0 Tuckahoe - 83.0 Highland Park
Highlands Swim,Week2,Long Branch,Week3,344.0 Highlands Swim - 58.0 Long Branch
Highlands Swim,Week5,South Run,Week1,280.0 Highlands Swim - 113.0 South Run
Highland Park,Week5,Truro,Week3,297.0 Highland Park - 105.0 Truro
Highland Park,Week5,Long Branch,Week3,264.0 Highland Park - 138.0 Long Branch
Highlands Swim,Week5,Virginia Hills,Week5,370.0 Highlands Swim - 32.0 Virginia Hills
Highlands Swim,Week3,Virginia Hills,Week2,373.0 Highlands Swim - 29.0 Virginia Hills
Highlands Swim,Week3,Virginia Run,Week1,286.0 Highlands Swim - 116.0 Virginia Run
Highlands Swim,Week5,Fairfax Station,Week1,251.0 Highlands Swim - 151.0 Fairfax Station
Highland Park,Week3,Mansion House,Week4,204.0 Highland Park - 198.0 Mansion House
Highland Park,Week1,Wakefield Chapel,Week5,295.0 Wakefield Chapel - 107.0 Highland Park
Highlands Swim,Week1,Springboard,Week2,367.0 Highlands Swim - 35.0 Springboard
Highland Park,Week5,Truro,Week4,259.0 Highland Park - 143.0 Truro
Highland Park,Week2,Wakefield Chapel,Week3,301.0 Wakefield Chapel - 101.0 Highland Park
Highlands Swim,Week3,Long Branch,Week2,321.0 Highlands Swim - 81.0 Long Branch
Highland Park,Week3,Mansion House,Week5,232.0 Mansion House - 170.0 Highland Park
Highland Park,Week2,Mansion House,Week5,215.5 Mansion House - 186.5 Highland Park
Highland Park,Week5,Virginia Run,Week1,214.0 Virginia Run - 188.0 Highland Park
Highlands Swim,Week2,Virginia Run,Week5,291.0 Highlands Swim - 111.0 Virginia Run
Highlands Swim,Week4,Fairfax Station,Week3,225.0 Highlands Swim - 177.0 Fairfax Station
Highlands Swim,Week4,Virginia Hills,Week2,365.0 Highlands Swim - 37.0 Virginia Hills
Highlands Swim,Week5,Fairfax Station,Week2,265.0 Highlands Swim - 137.0 Fairfax Station
Highlands Swim,Week5,Long Branch,Week4,330.0 Highlands Swim - 72.0 Long Branch
Highland Park,Week4,Mansion House,Week3,214.0 Mansion House - 188.0 Highland Park
Highland Park,Week2,Mansion House,Week3,220.0 Mansion House - 182.0 Highland Park
Highlands Swim,Week2,Springboard,Week4,344.0 Highlands Swim - 58.0 Springboard
Highland Park,Week5,Virginia Run,Week3,203.0 Highland Park - 199.0 Virginia Run
Highlands Swim,Week2,Springboard,Week2,368.0 Highlands Swim - 34.0 Springboard
Highland Park,Week1,Tuckahoe,Week5,314.0 Tuckahoe - 88.0 Highland Park
Highlands Swim,Week3,Virginia Run,Week2,307.0 Highlands Swim - 95.0 Virginia Run
Highland Park,Week5,Wakefield Chapel,Week4,285.0 Wakefield Chapel - 117.0 Highland Park
Highlands Swim,Week5,Long Branch,Week2,326.0 Highlands Swim - 76.0 Long Branch
Highland Park,Week1,Tuckahoe,Week3,331.0 Tuckahoe - 71.0 Highland Park
Highlands Swim,Week5,South Run,Week3,314.0 Highlands Swim - 88.0 South Run
Highlands Swim,Week5,Fairfax Station,Week3,236.5 Highlands Swim - 165.5 Fairfax Station
Highland Park,Week4,Mansion House,Week4,233.0 Highland Park - 169.0 Mansion House
Highland Park,Week2,Tuckahoe,Week3,337.0 Tuckahoe - 65.0 Highland Park
Highlands Swim,Week5,Virginia Run,Week1,284.0 Highlands Swim - 118.0 Virginia Run
Highlands Swim,Week1,Long Branch,Week4,334.0 Highlands Swim - 68.0 Long Branch
Highlands Swim,Week3,Virginia Run,Week4,286.0 Highlands Swim - 116.0 Virginia Run
Highland Park,Week2,Wakefield Chapel,Week5,318.0 Wakefield Chapel - 84.0 Highland Park
Highlands Swim,Week2,Long Branch,Week2,336.0 Highlands Swim - 66.0 Long Branch
Highlands Swim,Week2,Springboard,Week5,341.0 Highlands Swim - 61.0 Springboard
Highlands Swim,Week5,Fairfax Station,Week4,245.0 Highlands Swim - 157.0 Fairfax Station
Highlands Swim,Week3,Fairfax Station,Week5,229.0 Highlands Swim - 173.0 Fairfax Station
Highland Park,Week5,Virginia Run,Week2,213.0 Highland Park - 189.0 Virginia Run
Highlands Swim,Week4,Virginia Run,Week4,288.0 Highlands Swim - 114.0 Virginia Run
Highlands Swim,Week1,Springboard,Week5,338.0 Highlands Swim - 64.0 Springboard
Highland Park,Week1,Tuckahoe,Week4,324.0 Tuckahoe - 78.0 Highland Park
Highlands Swim,Week4,Wakefield Chapel,Week3,229.0 Highlands Swim - 173.0 Wakefield Chapel
Highlands Swim,Week1,Long Branch,Week2,321.0 Highlands Swim - 81.0 Long Branch
Highlands Swim,Week2,Wakefield Chapel,Week2,268.0 Highlands Swim - 134.0 Wakefield Chapel
Highland Park,Week3,Wakefield Chapel,Week2,283.0 Wakefield Chapel - 119.0 Highland Park
Highlands Swim,Week1,Springboard,Week1,340.0 Highlands Swim - 62.0 Springboard
Highlands Swim,Week1,Long Branch,Week5,316.0 Highlands Swim - 86.0 Long Branch
Highland Park,Week2,Wakefield Chapel,Week4,282.0 Wakefield Chapel - 120.0 Highland Park
Highlands Swim,Week3,Fairfax Station,Week4,247.0 Highlands Swim - 155.0 Fairfax Station
Highland Park,Week1,Mansion House,Week1,207.0 Highland Park - 195.0 Mansion House
Highlands Swim,Week3,Springboard,Week2,355.0 Highlands Swim - 47.0 Springboard
Highland Park,Week2,Tuckahoe,Week5,321.0 Tuckahoe - 81.0 Highland Park
Highland Park,Week2,Tuckahoe,Week1,314.0 Tuckahoe - 88.0 Highland Park
Highland Park,Week1,Mansion House,Week3,209.0 Highland Park - 193.0 Mansion House
Highland Park,Week4,Mansion House,Week5,209.0 Mansion House - 193.0 Highland Park
Highlands Swim,Week1,Long Branch,Week1,324.0 Highlands Swim - 78.0 Long Branch
Highlands Swim,Week1,Forest Hollow,Week2,285.0 Highlands Swim - 117.0 Forest Hollow
Highlands Swim,Week3,Long Branch,Week1,327.0 Highlands Swim - 75.0 Long Branch
Highlands Swim,Week2,Fairfax Station,Week5,234.0 Highlands Swim - 168.0 Fairfax Station
Highlands Swim,Week4,Laurel Hill,Week5,322.0 Highlands Swim - 80.0 Laurel Hill
Highlands Swim,Week3,Crosspointe,Week2,230.0 Highlands Swim - 172.0 Crosspointe
Highland Park,Week3,Wakefield Chapel,Week3,297.0 Wakefield Chapel - 105.0 Highland Park
Highlands Swim,Week5,Laurel Hill,Week3,330.5 Highlands Swim - 71.5 Laurel Hill
Highlands Swim,Week3,Springboard,Week3,339.0 Highlands Swim - 63.0 Springboard
Highland Park,Week2,Tuckahoe,Week4,326.0 Tuckahoe - 76.0 Highland Park
Highlands Swim,Week4,Virginia Run,Week5,265.0 Highlands Swim - 137.0 Virginia Run
Highlands Swim,Week2,Forest Hollow,Week1,287.0 Highlands Swim - 115.0 Forest Hollow
Highlands Swim,Week1,Forest Hollow,Week4,276.0 Highlands Swim - 126.0 Forest Hollow
Highlands Swim,Week1,Mansion House,Week1,266.0 Highlands Swim - 136.0 Mansion House
Highlands Swim,Week4,Springboard,Week5,336.0 Highlands Swim - 66.0 Springboard
Highlands Swim,Week5,Langley,Week4,251.0 Highlands Swim - 151.0 Langley
Highlands Swim,Week1,Forest Hollow,Week5,270.0 Highlands Swim - 132.0 Forest Hollow
Highland Park,Week1,Tuckahoe,Week1,299.0 Tuckahoe - 103.0 Highland Park
Highlands Swim,Week4,Long Branch,Week5,318.0 Highlands Swim - 84.0 Long Branch
Highlands Swim,Week3,Springboard,Week5,333.0 Highlands Swim - 69.0 Springboard
Highland Park,Week4,Mansion House,Week2,215.0 Highland Park - 187.0 Mansion House
Highland Park,Week3,Wakefield Chapel,Week5,322.0 Wakefield Chapel - 80.0 Highland Park
Highlands Swim,Week5,Crosspointe,Week4,241.0 Highlands Swim - 161.0 Crosspointe
Highland Park,Week4,Wakefield Chapel,Week1,307.5 Wakefield Chapel - 94.5 Highland Park
Highland Park,Week3,Mansion House,Week1,228.0 Mansion House - 174.0 Highland Park
Highlands Swim,Week5,Virginia Run,Week2,309.0 Highlands Swim - 93.0 Virginia Run
Highland Park,Week3,Tuckahoe,Week3,344.0 Tuckahoe - 58.0 Highland Park
Highlands Swim,Week2,Mansion House,Week1,290.0 Highlands Swim - 112.0 Mansion House
Highland Park,Week5,Mansion House,Week1,207.0 Mansion House - 195.0 Highland Park
Highland Park,Week5,Wakefield Chapel,Week2,288.0 Wakefield Chapel - 114.0 Highland Park
Highlands Swim,Week5,Virginia Run,Week5,291.0 Highlands Swim - 111.0 Virginia Run
Highlands Swim,Week4,Mansion House,Week5,249.0 Highlands Swim - 153.0 Mansion House
Highland Park,Week3,Tuckahoe,Week5,337.0 Tuckahoe - 65.0 Highland Park
Highland Park,Week2,Mansion House,Week2,205.0 Mansion House - 197.0 Highland Park
Highland Park,Week5,Wakefield Chapel,Week3,297.0 Wakefield Chapel - 105.0 Highland Park
Highlands Swim,Week1,Laurel Hill,Week4,345.0 Highlands Swim - 57.0 Laurel Hill
Highland Park,Week1,Tuckahoe,Week2,313.0 Tuckahoe - 89.0 Highland Park
Highlands Swim,Week4,Forest Hollow,Week2,284.0 Highlands Swim - 118.0 Forest Hollow
Highlands Swim,Week2,Crosspointe,Week3,241.0 Highlands Swim - 161.0 Crosspointe
Highlands Swim,Week5,Springboard,Week1,347.5 Highlands Swim - 54.5 Springboard
Highland Park,Week5,Long Branch,Week2,265.0 Highland Park - 137.0 Long Branch
Highlands Swim,Week1,Springfield,Week4,386.0 Highlands Swim - 15.0 Springfield
Highlands Swim,Week1,Daventry,Week2,369.0 Highlands Swim - 33.0 Daventry
Highland Park,Week2,Mansion House,Week4,213.0 Highland Park - 189.0 Mansion House
Highlands Swim,Week2,Fox Hunt,Week4,317.0 Highlands Swim - 85.0 Fox Hunt
Highlands Swim,Week3,Laurel Hill,Week3,329.0 Highlands Swim - 73.0 Laurel Hill
Highlands Swim,Week1,Wakefield Chapel,Week5,212.0 Highlands Swim - 190.0 Wakefield Chapel
Highlands Swim,Week2,Forest Hollow,Week3,303.0 Highlands Swim - 99.0 Forest Hollow
Highlands Swim,Week1,Wakefield Chapel,Week2,236.0 Highlands Swim - 166.0 Wakefield Chapel
Highlands Swim,Week2,Springfield,Week2,387.0 Highlands Swim - 14.0 Springfield
Highlands Swim,Week2,Springfield,Week4,387.0 Highlands Swim - 14.0 Springfield
Highland Park,Week3,Tuckahoe,Week4,346.0 Tuckahoe - 56.0 Highland Park
Highlands Swim,Week2,Laurel Hill,Week5,320.0 Highlands Swim - 82.0 Laurel Hill
Highlands Swim,Week1,Fox Hunt,Week4,294.0 Highlands Swim - 108.0 Fox Hunt
Highland Park,Week4,Wakefield Chapel,Week5,319.0 Wakefield Chapel - 83.0 Highland Park
Highland Park,Week5,Long Branch,Week4,257.0 Highland Park - 145.0 Long Branch
Highlands Swim,Week4,Virginia Run,Week3,284.0 Highlands Swim - 118.0 Virginia Run
Highland Park,Week3,Tuckahoe,Week2,333.0 Tuckahoe - 69.0 Highland Park
Highlands Swim,Week2,Crosspointe,Week2,252.0 Highlands Swim - 150.0 Crosspointe
Highlands Swim,Week1,Daventry,Week5,359.0 Highlands Swim - 43.0 Daventry
Highland Park,Week4,Mansion House,Week1,212.0 Mansion House - 190.0 Highland Park
Highlands Swim,Week2,Springfield,Week1,397.0 Highlands Swim - 3.0 Springfield
Highlands Swim,Week1,Mansion House,Week4,295.0 Highlands Swim - 107.0 Mansion House
Highlands Swim,Week2,Laurel Hill,Week2,356.0 Highlands Swim - 46.0 Laurel Hill
Highlands Swim,Week4,Mansion House,Week4,302.0 Highlands Swim - 100.0 Mansion House
Highland Park,Week5,Wakefield Chapel,Week5,313.0 Wakefield Chapel - 89.0 Highland Park
Highlands Swim,Week2,Daventry,Week1,372.0 Highlands Swim - 30.0 Daventry
Highland Park,Week4,Wakefield Chapel,Week3,303.0 Wakefield Chapel - 99.0 Highland Park
Highlands Swim,Week3,Fox Hunt,Week1,311.0 Highlands Swim - 91.0 Fox Hunt
Highlands Swim,Week3,Laurel Hill,Week2,344.0 Highlands Swim - 58.0 Laurel Hill
Highlands Swim,Week1,Wakefield Chapel,Week3,244.0 Highlands Swim - 158.0 Wakefield Chapel
Highlands Swim,Week3,Mansion House,Week3,256.0 Highlands Swim - 146.0 Mansion House
Highlands Swim,Week2,Mantua,Week5,254.0 Highlands Swim - 148.0 Mantua
Highlands Swim,Week3,Mansion House,Week2,283.0 Highlands Swim - 119.0 Mansion House
Highlands Swim,Week2,Laurel Hill,Week3,334.0 Highlands Swim - 68.0 Laurel Hill
Highland Park,Week1,Walden Glen,Week3,266.0 Highland Park - 136.0 Walden Glen
Highland Park,Week3,Vienna Aquatic,Week5,298.0 Vienna Aquatic - 104.0 Highland Park
Highlands Swim,Week1,Laurel Hill,Week5,314.0 Highlands Swim - 88.0 Laurel Hill
Highland Park,Week5,Mansion House,Week5,211.0 Mansion House - 191.0 Highland Park
Highlands Swim,Week5,Virginia Run,Week4,299.0 Highlands Swim - 103.0 Virginia Run
Highlands Swim,Week5,Springfield,Week4,380.0 Highlands Swim - 17.0 Springfield
Highlands Swim,Week1,Fox Hunt,Week1,311.5 Highlands Swim - 90.5 Fox Hunt
Highland Park,Week3,Tuckahoe,Week1,325.0 Tuckahoe - 77.0 Highland Park
Highland Park,Week4,Tuckahoe,Week1,307.0 Tuckahoe - 95.0 Highland Park
Highlands Swim,Week2,Wakefield Chapel,Week5,219.0 Highlands Swim - 183.0 Wakefield Chapel
Highlands Swim,Week3,Fox Hunt,Week5,288.0 Highlands Swim - 114.0 Fox Hunt
Highlands Swim,Week3,Crosspointe,Week5,206.0 Highlands Swim - 196.0 Crosspointe
Highlands Swim,Week2,Mantua,Week3,266.0 Highlands Swim - 136.0 Mantua
Highlands Swim,Week1,Crosspointe,Week5,211.0 Highlands Swim - 191.0 Crosspointe
Highland Park,Week5,Mansion House,Week3,215.5 Mansion House - 186.5 Highland Park
Highlands Swim,Week2,Springfield,Week5,397.0 Highlands Swim - 3.0 Springfield
Highland Park,Week4,Tuckahoe,Week5,325.0 Tuckahoe - 77.0 Highland Park
Highlands Swim,Week1,Springfield,Week5,396.0 Highlands Swim - 5.0 Springfield
Highlands Swim,Week3,Laurel Hill,Week1,329.0 Highlands Swim - 73.0 Laurel Hill
Highland Park,Week1,Mantua,Week1,243.0 Mantua - 159.0 Highland Park
Highlands Swim,Week3,Fox Hunt,Week3,295.0 Highlands Swim - 107.0 Fox Hunt
Highland Park,Week1,Walden Glen,Week5,222.0 Highland Park - 180.0 Walden Glen
Highlands Swim,Week4,Virginia Run,Week1,274.0 Highlands Swim - 128.0 Virginia Run
Highlands Swim,Week2,Crosspointe,Week5,218.0 Highlands Swim - 184.0 Crosspointe
Highland Park,Week1,Walden Glen,Week4,244.0 Highland Park - 158.0 Walden Glen
Highlands Swim,Week3,Wakefield Chapel,Week3,239.0 Highlands Swim - 163.0 Wakefield Chapel
Highlands Swim,Week1,Mansion House,Week5,250.0 Highlands Swim - 152.0 Mansion House
Highlands Swim,Week1,Stratford,Week4,316.0 Highlands Swim - 86.0 Stratford
Highlands Swim,Week5,Crosspointe,Week5,217.0 Highlands Swim - 185.0 Crosspointe
Highland Park,Week2,Walden Glen,Week2,243.0 Highland Park - 159.0 Walden Glen
Highlands Swim,Week3,Wakefield Chapel,Week4,243.0 Highlands Swim - 159.0 Wakefield Chapel
Highlands Swim,Week1,Crosspointe,Week4,224.0 Highlands Swim - 178.0 Crosspointe
Highland Park,Week4,Vienna Aquatic,Week3,280.0 Vienna Aquatic - 122.0 Highland Park
Highland Park,Week1,Mantua,Week3,251.0 Mantua - 151.0 Highland Park
Highlands Swim,Week5,Springfield,Week1,388.0 Highlands Swim - 14.0 Springfield
Highlands Swim,Week1,Laurel Hill,Week2,344.0 Highlands Swim - 58.0 Laurel Hill
Highlands Swim,Week5,Virginia Run,Week3,308.0 Highlands Swim - 94.0 Virginia Run
Highlands Swim,Week4,Crosspointe,Week3,208.0 Highlands Swim - 194.0 Crosspointe
Highland Park,Week2,Walden Glen,Week3,248.0 Highland Park - 154.0 Walden Glen
Highlands Swim,Week1,Mantua,Week4,276.0 Highlands Swim - 126.0 Mantua
Highlands Swim,Week2,Laurel Hill,Week1,331.0 Highlands Swim - 71.0 Laurel Hill
Highlands Swim,Week4,Wakefield Chapel,Week4,235.0 Highlands Swim - 167.0 Wakefield Chapel
Highland Park,Week2,Walden Glen,Week4,228.0 Highland Park - 174.0 Walden Glen
Highlands Swim,Week4,Forest Hollow,Week1,262.0 Highlands Swim - 140.0 Forest Hollow
Highland Park,Week1,Vienna Aquatic,Week4,260.0 Vienna Aquatic - 142.0 Highland Park
Highlands Swim,Week5,Forest Hollow,Week1,291.0 Highlands Swim - 111.0 Forest Hollow
Highlands Swim,Week3,Mantua,Week2,267.0 Highlands Swim - 135.0 Mantua
Highlands Swim,Week1,Laurel Hill,Week3,330.0 Highlands Swim - 72.0 Laurel Hill
Highland Park,Week4,Vienna Aquatic,Week5,298.0 Vienna Aquatic - 104.0 Highland Park
Highlands Swim,Week3,Mantua,Week1,266.0 Highlands Swim - 136.0 Mantua
Highlands Swim,Week2,Stratford,Week4,332.0 Highlands Swim - 70.0 Stratford
Highland Park,Week1,Mantua,Week4,222.0 Mantua - 180.0 Highland Park
Highland Park,Week2,Mantua,Week1,245.0 Mantua - 157.0 Highland Park
Highlands Swim,Week1,Fox Hunt,Week5,283.0 Highlands Swim - 119.0 Fox Hunt
Highland Park,Week2,Mantua,Week5,261.0 Mantua - 141.0 Highland Park
Highland Park,Week2,Mantua,Week4,242.0 Mantua - 160.0 Highland Park
Highland Park,Week5,Tuckahoe,Week5,323.0 Tuckahoe - 79.0 Highland Park
Highland Park,Week4,Walden Glen,Week1,281.0 Highland Park - 121.0 Walden Glen
Highlands Swim,Week4,Crosspointe,Week4,221.0 Highlands Swim - 181.0 Crosspointe
Highland Park,Week3,Walden Glen,Week5,211.0 Highland Park - 191.0 Walden Glen
Highland Park,Week3,Mantua,Week1,249.0 Mantua - 153.0 Highland Park
Highlands Swim,Week3,Forest Hollow,Week2,291.0 Highlands Swim - 111.0 Forest Hollow
Highlands Swim,Week3,Laurel Hill,Week5,315.0 Highlands Swim - 87.0 Laurel Hill
Highland Park,Week3,Walden Glen,Week1,256.0 Highland Park - 146.0 Walden Glen
Highlands Swim,Week3,Springfield,Week2,381.0 Highlands Swim - 20.0 Springfield
Highlands Swim,Week4,Laurel Hill,Week1,327.0 Highlands Swim - 75.0 Laurel Hill
Highlands Swim,Week1,Springfield,Week3,388.0 Highlands Swim - 14.0 Springfield
Highlands Swim,Week4,Forest Hollow,Week4,279.0 Highlands Swim - 123.0 Forest Hollow
Highlands Swim,Week1,Crosspointe,Week3,236.0 Highlands Swim - 166.0 Crosspointe
Highlands Swim,Week5,Langley,Week2,256.5 Highlands Swim - 145.5 Langley
Highlands Swim,Week3,Mansion House,Week5,267.0 Highlands Swim - 135.0 Mansion House
Highlands Swim,Week2,Fox Hunt,Week1,327.0 Highlands Swim - 75.0 Fox Hunt
Highlands Swim,Week2,Wakefield Chapel,Week1,257.0 Highlands Swim - 145.0 Wakefield Chapel
Highlands Swim,Week1,Mansion House,Week3,262.0 Highlands Swim - 140.0 Mansion House
Highlands Swim,Week5,Langley,Week5,254.0 Highlands Swim - 143.0 Langley
Highlands Swim,Week4,Stratford,Week2,328.5 Highlands Swim - 73.5 Stratford
Highland Park,Week2,Mantua,Week2,208.0 Mantua - 194.0 Highland Park
Highlands Swim,Week1,Laurel Hill,Week1,325.0 Highlands Swim - 77.0 Laurel Hill
Highlands Swim,Week4,Forest Hollow,Week3,274.0 Highlands Swim - 128.0 Forest Hollow
Highland Park,Week3,Walden Glen,Week4,214.0 Highland Park - 188.0 Walden Glen
Highland Park,Week3,Vienna Aquatic,Week4,268.0 Vienna Aquatic - 134.0 Highland Park
Highlands Swim,Week4,Daventry,Week3,353.0 Highlands Swim - 49.0 Daventry
Highlands Swim,Week3,Wakefield Chapel,Week5,212.0 Highlands Swim - 190.0 Wakefield Chapel
Highlands Swim,Week2,Mansion House,Week2,289.0 Highlands Swim - 113.0 Mansion House
Highland Park,Week4,Walden Glen,Week2,258.0 Highland Park - 144.0 Walden Glen
Highland Park,Week5,Tuckahoe,Week2,320.0 Tuckahoe - 82.0 Highland Park
Highlands Swim,Week2,Stratford,Week2,346.0 Highlands Swim - 56.0 Stratford
Highlands Swim,Week3,Wakefield Chapel,Week1,234.0 Highlands Swim - 168.0 Wakefield Chapel
Highland Park,Week2,Mantua,Week3,271.0 Mantua - 131.0 Highland Park
Highlands Swim,Week1,Daventry,Week3,367.0 Highlands Swim - 35.0 Daventry
Highland Park,Week5,Tuckahoe,Week1,316.0 Tuckahoe - 86.0 Highland Park
Highland Park,Week5,Vienna Aquatic,Week3,279.0 Vienna Aquatic - 123.0 Highland Park
Highlands Swim,Week5,Mansion House,Week1,283.0 Highlands Swim - 119.0 Mansion House
Highlands Swim,Week2,Forest Hollow,Week5,286.5 Highlands Swim - 115.5 Forest Hollow
Highlands Swim,Week4,Crosspointe,Week1,206.0 Highlands Swim - 196.0 Crosspointe
Highlands Swim,Week3,Wakefield Chapel,Week2,250.0 Highlands Swim - 152.0 Wakefield Chapel
Highlands Swim,Week3,Stratford,Week1,351.0 Highlands Swim - 51.0 Stratford
Highlands Swim,Week5,Springfield,Week2,376.0 Highlands Swim - 26.0 Springfield
Highland Park,Week2,Vienna Aquatic,Week1,276.0 Vienna Aquatic - 126.0 Highland Park
Highlands Swim,Week4,Laurel Hill,Week4,339.0 Highlands Swim - 63.0 Laurel Hill
Highlands Swim,Week3,Forest Hollow,Week1,283.0 Highlands Swim - 119.0 Forest Hollow
Highlands Swim,Week3,Crosspointe,Week1,211.0 Highlands Swim - 191.0 Crosspointe
Highlands Swim,Week1,Wakefield Chapel,Week1,233.0 Highlands Swim - 169.0 Wakefield Chapel
Highlands Swim,Week5,Mansion House,Week5,273.0 Highlands Swim - 129.0 Mansion House
Highlands Swim,Week3,Laurel Hill,Week4,341.0 Highlands Swim - 61.0 Laurel Hill
Highland Park,Week2,Vienna Aquatic,Week2,274.0 Vienna Aquatic - 128.0 Highland Park
Highlands Swim,Week4,Wakefield Chapel,Week1,229.0 Highlands Swim - 173.0 Wakefield Chapel
Highland Park,Week5,Walden Glen,Week1,276.0 Highland Park - 126.0 Walden Glen
Highlands Swim,Week4,Mansion House,Week2,273.0 Highlands Swim - 129.0 Mansion House
Highlands Swim,Week4,Crosspointe,Week5,204.0 Crosspointe - 198.0 Highlands Swim
Highlands Swim,Week5,Forest Hollow,Week3,292.0 Highlands Swim - 110.0 Forest Hollow
Highlands Swim,Week4,Laurel Hill,Week2,343.0 Highlands Swim - 59.0 Laurel Hill
Highlands Swim,Week3,Springfield,Week1,396.0 Highlands Swim - 5.0 Springfield
Highland Park,Week3,Walden Glen,Week3,243.0 Highland Park - 159.0 Walden Glen
Highlands Swim,Week5,Forest Hollow,Week4,288.0 Highlands Swim - 114.0 Forest Hollow
Highland Park,Week4,Walden Glen,Week3,272.0 Highland Park - 130.0 Walden Glen
Highlands Swim,Week4,Virginia Run,Week2,293.5 Highlands Swim - 108.5 Virginia Run
Highlands Swim,Week4,Crosspointe,Week2,228.0 Highlands Swim - 174.0 Crosspointe
Highlands Swim,Week2,Mansion House,Week4,309.0 Highlands Swim - 93.0 Mansion House
Highlands Swim,Week5,Springfield,Week5,387.0 Highlands Swim - 9.0 Springfield
Highlands Swim,Week1,Wakefield Chapel,Week4,238.0 Highlands Swim - 164.0 Wakefield Chapel
Highlands Swim,Week5,Crosspointe,Week1,227.0 Highlands Swim - 175.0 Crosspointe
Highland Park,Week1,Vienna Aquatic,Week3,275.0 Vienna Aquatic - 127.0 Highland Park
Highlands Swim,Week5,Mansion House,Week2,282.0 Highlands Swim - 115.0 Mansion House
Highlands Swim,Week4,Laurel Hill,Week3,331.0 Highlands Swim - 71.0 Laurel Hill
Highlands Swim,Week4,Forest Hollow,Week5,270.0 Highlands Swim - 132.0 Forest Hollow
Highland Park,Week1,Vienna Aquatic,Week1,252.5 Vienna Aquatic - 149.5 Highland Park
Highlands Swim,Week4,Springfield,Week4,377.0 Highlands Swim - 24.0 Springfield
Highland Park,Week5,Walden Glen,Week2,254.0 Highland Park - 148.0 Walden Glen
Highland Park,Week1,Vienna Aquatic,Week2,251.0 Vienna Aquatic - 151.0 Highland Park
Highland Park,Week1,Waynewood,Week3,246.0 Waynewood - 156.0 Highland Park
Highlands Swim,Week4,Mansion House,Week3,259.0 Highlands Swim - 143.0 Mansion House
Highlands Swim,Week2,Crosspointe,Week1,226.0 Highlands Swim - 176.0 Crosspointe
Highlands Swim,Week2,Mansion House,Week3,264.0 Highlands Swim - 138.0 Mansion House
Highland Park,Week3,Vienna Aquatic,Week1,273.0 Vienna Aquatic - 129.0 Highland Park
Highlands Swim,Week5,Stratford,Week4,336.0 Highlands Swim - 66.0 Stratford
Highlands Swim,Week2,Wakefield Chapel,Week4,262.0 Highlands Swim - 140.0 Wakefield Chapel
Highlands Swim,Week5,Langley,Week1,248.0 Highlands Swim - 154.0 Langley
Highlands Swim,Week1,Mantua,Week1,268.0 Highlands Swim - 134.0 Mantua
Highlands Swim,Week2,Laurel Hill,Week4,341.0 Highlands Swim - 61.0 Laurel Hill
Highlands Swim,Week2,Mansion House,Week5,273.0 Highlands Swim - 129.0 Mansion House
Highlands Swim,Week2,Crosspointe,Week4,241.0 Highlands Swim - 161.0 Crosspointe
Highlands Swim,Week3,Stratford,Week2,336.0 Highlands Swim - 66.0 Stratford
Highlands Swim,Week3,Forest Hollow,Week5,277.0 Highlands Swim - 125.0 Forest Hollow
Highlands Swim,Week3,Springfield,Week4,383.0 Highlands Swim - 19.0 Springfield
Highlands Swim,Week5,Langley,Week3,246.0 Highlands Swim - 156.0 Langley
Highlands Swim,Week5,Crosspointe,Week2,247.0 Highlands Swim - 155.0 Crosspointe
Highland Park,Week1,Waynewood,Week2,225.0 Waynewood - 177.0 Highland Park
Highlands Swim,Week3,Forest Hollow,Week4,282.0 Highlands Swim - 120.0 Forest Hollow
Highlands Swim,Week2,Forest Hollow,Week4,298.0 Highlands Swim - 104.0 Forest Hollow
Highland Park,Week4,Tuckahoe,Week2,319.0 Tuckahoe - 83.0 Highland Park
Highlands Swim,Week2,Wakefield Chapel,Week3,250.0 Highlands Swim - 152.0 Wakefield Chapel
Highland Park,Week5,Walden Glen,Week5,220.0 Highland Park - 182.0 Walden Glen
Highlands Swim,Week4,Wakefield Chapel,Week2,235.0 Highlands Swim - 167.0 Wakefield Chapel
Highlands Swim,Week1,Fox Hunt,Week2,314.0 Highlands Swim - 88.0 Fox Hunt
Highland Park,Week1,Waynewood,Week4,236.0 Waynewood - 166.0 Highland Park
Highland Park,Week2,Vienna Aquatic,Week3,294.0 Vienna Aquatic - 108.0 Highland Park
Highlands Swim,Week3,Crosspointe,Week4,228.0 Highlands Swim - 174.0 Crosspointe
Highlands Swim,Week1,Walden Glen,Week1,342.0 Highlands Swim - 60.0 Walden Glen
Highlands Swim,Week2,Springfield,Week3,391.0 Highlands Swim - 10.0 Springfield
Highlands Swim,Week4,Springfield,Week3,383.0 Highlands Swim - 18.0 Springfield
Highlands Swim,Week3,Crosspointe,Week3,238.0 Highlands Swim - 164.0 Crosspointe
Highland Park,Week4,Walden Glen,Week5,214.0 Highland Park - 188.0 Walden Glen
Highlands Swim,Week5,Laurel Hill,Week2,345.0 Highlands Swim - 57.0 Laurel Hill
Highland Park,Week3,Hollin Meadows,Week2,204.0 Highland Park - 198.0 Hollin Meadows
Highlands Swim,Week5,Forest Hollow,Week2,296.5 Highlands Swim - 105.5 Forest Hollow
Highlands Swim,Week3,Mansion House,Week4,299.0 Highlands Swim - 103.0 Mansion House
Highlands Swim,Week1,Mantua,Week2,272.0 Highlands Swim - 130.0 Mantua
Highland Park,Week5,Walden Glen,Week3,257.0 Highland Park - 145.0 Walden Glen
Highlands Swim,Week3,Mansion House,Week1,279.0 Highlands Swim - 123.0 Mansion House
Highlands Swim,Week4,Springfield,Week2,376.0 Highlands Swim - 25.0 Springfield
Highland Park,Week5,Walden Glen,Week4,248.0 Highland Park - 154.0 Walden Glen
Highlands Swim,Week2,Lee Graham,Week4,223.0 Highlands Swim - 179.0 Lee Graham
Highlands Swim,Week5,Wakefield Chapel,Week2,261.0 Highlands Swim - 141.0 Wakefield Chapel
Highland Park,Week3,Vienna Aquatic,Week2,276.0 Vienna Aquatic - 126.0 Highland Park
Highlands Swim,Week4,Mansion House,Week1,270.0 Highlands Swim - 132.0 Mansion House
Highland Park,Week5,Tuckahoe,Week4,331.0 Tuckahoe - 71.0 Highland Park
Highland Park,Week4,Tuckahoe,Week3,330.0 Tuckahoe - 72.0 Highland Park
Highland Park,Week3,Hollin Meadows,Week4,203.0 Hollin Meadows - 199.0 Highland Park
Highlands Swim,Week4,Springfield,Week5,393.0 Highlands Swim - 7.0 Springfield
Highland Park,Week1,Waynewood,Week1,205.0 Waynewood - 197.0 Highland Park
Highlands Swim,Week5,Laurel Hill,Week1,330.0 Highlands Swim - 72.0 Laurel Hill
Highlands Swim,Week1,Daventry,Week4,368.0 Highlands Swim - 34.0 Daventry
Highlands Swim,Week4,Springfield,Week1,395.0 Highlands Swim - 5.0 Springfield
Highland Park,Week5,Hollin Meadows,Week5,205.0 Hollin Meadows - 197.0 Highland Park
Highlands Swim,Week1,Lee Graham,Week2,221.0 Highlands Swim - 181.0 Lee Graham
Highlands Swim,Week5,Crosspointe,Week3,233.0 Highlands Swim - 169.0 Crosspointe
Highland Park,Week2,Vienna Aquatic,Week4,277.5 Vienna Aquatic - 124.5 Highland Park
Highlands Swim,Week2,Lee Graham,Week3,239.0 Highlands Swim - 163.0 Lee Graham
Highlands Swim,Week5,Mansion House,Week4,299.0 Highlands Swim - 103.0 Mansion House
Highlands Swim,Week4,Wakefield Chapel,Week5,209.0 Highlands Swim - 193.0 Wakefield Chapel
Highlands Swim,Week5,Wakefield Chapel,Week1,251.0 Highlands Swim - 151.0 Wakefield Chapel
Highlands Swim,Week1,Daventry,Week1,363.0 Highlands Swim - 39.0 Daventry
Highlands Swim,Week5,Forest Hollow,Week5,287.0 Highlands Swim - 115.0 Forest Hollow
Highlands Swim,Week3,Forest Hollow,Week3,288.0 Highlands Swim - 114.0 Forest Hollow
Highlands Swim,Week4,Walden Glen,Week4,308.0 Highlands Swim - 94.0 Walden Glen
Highlands Swim,Week1,Fox Hunt,Week3,284.0 Highlands Swim - 118.0 Fox Hunt
Highlands Swim,Week2,Fox Hunt,Week3,304.0 Highlands Swim - 98.0 Fox Hunt
Highland Park,Week1,Waynewood,Week5,261.0 Waynewood - 141.0 Highland Park
Highlands Swim,Week2,Mantua,Week1,282.0 Highlands Swim - 120.0 Mantua
Highlands Swim,Week1,Mantua,Week3,241.0 Highlands Swim - 161.0 Mantua
Highland Park,Week4,Vienna Aquatic,Week2,256.0 Vienna Aquatic - 146.0 Highland Park
Highlands Swim,Week1,Waynewood,Week1,244.0 Highlands Swim - 158.0 Waynewood
Highlands Swim,Week1,Stratford,Week3,335.0 Highlands Swim - 67.0 Stratford
Highlands Swim,Week3,Walden Glen,Week1,334.0 Highlands Swim - 68.0 Walden Glen
Highlands Swim,Week2,Daventry,Week5,367.0 Highlands Swim - 35.0 Daventry
Highland Park,Week3,Vienna Aquatic,Week3,289.0 Vienna Aquatic - 113.0 Highland Park
Highlands Swim,Week5,Wakefield Chapel,Week3,248.0 Highlands Swim - 154.0 Wakefield Chapel
Highland Park,Week3,Hollin Meadows,Week5,215.0 Hollin Meadows - 187.0 Highland Park
Highlands Swim,Week5,Walden Glen,Week3,328.0 Highlands Swim - 74.0 Walden Glen
Highland Park,Week1,Hollin Meadows,Week5,207.0 Highland Park - 195.0 Hollin Meadows
Highlands Swim,Week1,Stratford,Week5,339.0 Highlands Swim - 63.0 Stratford
Highlands Swim,Week3,Springfield,Week5,391.0 Highlands Swim - 9.0 Springfield
Highlands Swim,Week2,Fox Hunt,Week2,318.0 Highlands Swim - 84.0 Fox Hunt
Highland Park,Week2,Hollin Meadows,Week2,202.0 Highland Park - 200.0 Hollin Meadows
Highlands Swim,Week3,Fox Hunt,Week2,305.0 Highlands Swim - 97.0 Fox Hunt
Highlands Swim,Week5,Mansion House,Week3,274.0 Highlands Swim - 128.0 Mansion House
Highlands Swim,Week3,Daventry,Week1,365.0 Highlands Swim - 37.0 Daventry
Highlands Swim,Week3,Springfield,Week3,387.0 Highlands Swim - 14.0 Springfield
Highlands Swim,Week1,Lee Graham,Week1,240.0 Highlands Swim - 162.0 Lee Graham
Highlands Swim,Week2,Fox Hunt,Week5,300.0 Highlands Swim - 102.0 Fox Hunt
Highlands Swim,Week1,Lincolnia Park,Week1,364.0 Highlands Swim - 38.0 Lincolnia Park
Highlands Swim,Week5,Lee Graham,Week2,249.5 Highlands Swim - 152.5 Lee Graham
Highlands Swim,Week2,Daventry,Week4,373.0 Highlands Swim - 29.0 Daventry
Highlands Swim,Week2,Daventry,Week3,365.0 Highlands Swim - 37.0 Daventry
Highland Park,Week3,Hollin Meadows,Week3,206.0 Hollin Meadows - 196.0 Highland Park
Highland Park,Week2,Vienna Aquatic,Week5,311.0 Vienna Aquatic - 91.0 Highland Park
Highland Park,Week2,Waynewood,Week1,212.0 Waynewood - 190.0 Highland Park
Highland Park,Week4,Walden Glen,Week4,243.0 Highland Park - 159.0 Walden Glen
Highland Park,Week5,Waynewood,Week5,256.0 Waynewood - 146.0 Highland Park
Highlands Swim,Week1,Waynewood,Week4,261.0 Highlands Swim - 141.0 Waynewood
Highlands Swim,Week5,Springfield,Week3,384.0 Highlands Swim - 18.0 Springfield
Highland Park,Week4,Waynewood,Week2,227.0 Waynewood - 175.0 Highland Park
Highland Park,Week1,Holmes Run Acres,Week1,222.0 Highland Park - 180.0 Holmes Run Acres
Highland Park,Week5,Tuckahoe,Week3,343.0 Tuckahoe - 59.0 Highland Park
Highland Park,Week4,Tuckahoe,Week4,323.0 Tuckahoe - 79.0 Highland Park
Highlands Swim,Week1,Mantua,Week5,255.0 Highlands Swim - 147.0 Mantua
Highlands Swim,Week2,Lincolnia Park,Week1,368.0 Highlands Swim - 34.0 Lincolnia Park
Highlands Swim,Week2,Mantua,Week2,285.5 Highlands Swim - 116.5 Mantua
Highlands Swim,Week4,Lee Graham,Week3,230.0 Highlands Swim - 172.0 Lee Graham
Highlands Swim,Week2,Walden Glen,Week5,308.0 Highlands Swim - 94.0 Walden Glen
Highlands Swim,Week3,Fox Hunt,Week4,299.0 Highlands Swim - 103.0 Fox Hunt
Highland Park,Week3,Waynewood,Week5,262.0 Waynewood - 140.0 Highland Park
Highlands Swim,Week2,Daventry,Week2,372.0 Highlands Swim - 30.0 Daventry
Highlands Swim,Week1,Fox Mill Estates,Week5,298.0 Highlands Swim - 104.0 Fox Mill Estates
Highlands Swim,Week1,Stratford,Week1,338.0 Highlands Swim - 64.0 Stratford
Highlands Swim,Week3,Daventry,Week4,362.0 Highlands Swim - 40.0 Daventry
Highlands Swim,Week1,Stratford,Week2,339.0 Highlands Swim - 63.0 Stratford
Highland Park,Week4,Hollin Meadows,Week1,202.0 Hollin Meadows - 200.0 Highland Park
Highland Park,Week1,Vienna Aquatic,Week5,281.0 Vienna Aquatic - 121.0 Highland Park
Highlands Swim,Week3,Daventry,Week3,362.0 Highlands Swim - 40.0 Daventry
Highlands Swim,Week2,Mantua,Week4,286.5 Highlands Swim - 115.5 Mantua
Highlands Swim,Week3,Lee Graham,Week1,246.0 Highlands Swim - 156.0 Lee Graham
Highlands Swim,Week2,Waynewood,Week1,267.0 Highlands Swim - 135.0 Waynewood
Highlands Swim,Week3,Daventry,Week2,360.0 Highlands Swim - 42.0 Daventry
Highland Park,Week5,Waynewood,Week1,213.0 Waynewood - 189.0 Highland Park
Highland Park,Week4,Hollin Meadows,Week5,214.0 Hollin Meadows - 188.0 Highland Park
Highland Park,Week4,Vienna Aquatic,Week4,277.0 Vienna Aquatic - 125.0 Highland Park
Highland Park,Week3,Hollin Meadows,Week1,211.0 Hollin Meadows - 191.0 Highland Park
Highlands Swim,Week4,Daventry,Week1,357.0 Highlands Swim - 45.0 Daventry
Highlands Swim,Week4,Fox Hunt,Week4,288.0 Highlands Swim - 114.0 Fox Hunt
Highland Park,Week3,Waynewood,Week4,238.0 Waynewood - 164.0 Highland Park
Hollin Hills,Week3,Fairfax Club Estates,Week1,275.0 Fairfax Club Estates - 126.0 Hollin Hills
Highlands Swim,Week4,Fox Hunt,Week2,301.5 Highlands Swim - 100.5 Fox Hunt
Highlands Swim,Week4,Daventry,Week2,354.0 Highlands Swim - 48.0 Daventry
Highlands Swim,Week3,Walden Glen,Week5,308.0 Highlands Swim - 94.0 Walden Glen
Highland Park,Week1,Holmes Run Acres,Week3,215.0 Holmes Run Acres - 187.0 Highland Park
Highlands Swim,Week2,Stratford,Week3,336.0 Highlands Swim - 66.0 Stratford
Highlands Swim,Week5,Lee Graham,Week1,247.0 Highlands Swim - 155.0 Lee Graham
Highland Park,Week4,Vienna Woods,Week5,338.0 Vienna Woods - 64.0 Highland Park
Highland Park,Week2,Hollin Meadows,Week3,205.0 Highland Park - 197.0 Hollin Meadows
Highlands Swim,Week5,Walden Glen,Week4,326.0 Highlands Swim - 76.0 Walden Glen
Highlands Swim,Week2,Stratford,Week1,344.0 Highlands Swim - 57.0 Stratford
Highlands Swim,Week4,Walden Glen,Week5,300.5 Highlands Swim - 101.5 Walden Glen
Highland Park,Week4,Waynewood,Week5,266.0 Waynewood - 136.0 Highland Park
Highlands Swim,Week2,McLean,Week1,223.0 Highlands Swim - 179.0 McLean
Highland Park,Week4,Vienna Aquatic,Week1,258.0 Vienna Aquatic - 144.0 Highland Park
Highlands Swim,Week3,Stratford,Week3,328.0 Highlands Swim - 74.0 Stratford
Highland Park,Week5,Vienna Aquatic,Week1,266.0 Vienna Aquatic - 136.0 Highland Park
Highlands Swim,Week3,Fox Mill Estates,Week2,311.0 Highlands Swim - 91.0 Fox Mill Estates
Highlands Swim,Week2,Stratford,Week5,339.0 Highlands Swim - 63.0 Stratford
Highland Park,Week4,Hollin Meadows,Week3,207.0 Highland Park - 195.0 Hollin Meadows
Highlands Swim,Week3,Daventry,Week5,350.0 Highlands Swim - 52.0 Daventry
Highlands Swim,Week3,Lee Graham,Week4,226.0 Highlands Swim - 176.0 Lee Graham
Highlands Swim,Week2,Lincolnia Park,Week4,361.0 Highlands Swim - 41.0 Lincolnia Park
Highlands Swim,Week2,McLean,Week3,205.0 Highlands Swim - 197.0 McLean
Highlands Swim,Week4,Fox Hunt,Week3,282.0 Highlands Swim - 120.0 Fox Hunt
Highlands Swim,Week1,Walden Glen,Week4,305.0 Highlands Swim - 97.0 Walden Glen
Highlands Swim,Week1,Lee Graham,Week4,216.0 Highlands Swim - 186.0 Lee Graham
Highlands Swim,Week1,Fox Mill Estates,Week2,312.0 Highlands Swim - 90.0 Fox Mill Estates
Highlands Swim,Week5,Mantua,Week1,281.0 Highlands Swim - 121.0 Mantua
Highland Park,Week3,Woodley,Week1,277.0 Highland Park - 125.0 Woodley
Highlands Swim,Week1,McLean,Week4,207.0 Highlands Swim - 195.0 McLean
Highland Park,Week4,Waynewood,Week3,251.5 Waynewood - 150.5 Highland Park
Highlands Swim,Week2,Lee Graham,Week5,240.0 Highlands Swim - 162.0 Lee Graham
Highland Park,Week5,Vienna Aquatic,Week2,261.0 Vienna Aquatic - 141.0 Highland Park
Highland Park,Week5,Hollin Meadows,Week4,211.0 Highland Park - 191.0 Hollin Meadows
Highland Park,Week3,Hollin Hills,Week1,307.0 Highland Park - 95.0 Hollin Hills
Highland Park,Week4,Hollin Hills,Week2,328.0 Highland Park - 73.0 Hollin Hills
Highlands Swim,Week3,Stratford,Week5,341.0 Highlands Swim - 61.0 Stratford
Highland Park,Week2,Waynewood,Week3,257.0 Waynewood - 145.0 Highland Park
Highlands Swim,Week5,Daventry,Week1,361.0 Highlands Swim - 41.0 Daventry
Highland Park,Week1,Holmes Run Acres,Week2,233.0 Highland Park - 169.0 Holmes Run Acres
Highland Park,Week5,Vienna Woods,Week5,327.0 Vienna Woods - 75.0 Highland Park
Highlands Swim,Week1,Dominion Hills,Week3,315.0 Highlands Swim - 87.0 Dominion Hills
Highland Park,Week1,Hollin Meadows,Week4,229.0 Highland Park - 173.0 Hollin Meadows
Highlands Swim,Week2,Lee Graham,Week1,251.0 Highlands Swim - 151.0 Lee Graham
Highland Park,Week5,Vienna Woods,Week2,297.5 Vienna Woods - 104.5 Highland Park
Highlands Swim,Week5,Wakefield Chapel,Week4,253.0 Highlands Swim - 149.0 Wakefield Chapel
Hollin Hills,Week3,Fairfax,Week5,342.0 Fairfax - 60.0 Hollin Hills
Highlands Swim,Week3,Stratford,Week4,323.0 Highlands Swim - 79.0 Stratford
Highland Park,Week4,Waynewood,Week1,206.0 Waynewood - 196.0 Highland Park
Highlands Swim,Week4,McLean,Week2,208.0 McLean - 194.0 Highlands Swim
Highlands Swim,Week4,Lee Graham,Week2,227.5 Highlands Swim - 174.5 Lee Graham
Hollin Hills,Week3,Fairfax Club Estates,Week5,280.0 Fairfax Club Estates - 121.0 Hollin Hills
Highlands Swim,Week3,McLean,Week5,207.0 McLean - 195.0 Highlands Swim
Highlands Swim,Week4,Stratford,Week1,351.0 Highlands Swim - 51.0 Stratford
Highlands Swim,Week3,Fox Mill Estates,Week4,310.0 Highlands Swim - 92.0 Fox Mill Estates
Highlands Swim,Week3,Lee Graham,Week5,224.0 Highlands Swim - 178.0 Lee Graham
Highlands Swim,Week1,Dominion Hills,Week1,314.0 Highlands Swim - 88.0 Dominion Hills
Hollin Hills,Week4,Fairfax Club Estates,Week2,246.0 Fairfax Club Estates - 154.0 Hollin Hills
Highlands Swim,Week4,Fox Mill Estates,Week3,307.0 Highlands Swim - 95.0 Fox Mill Estates
Highland Park,Week5,Waynewood,Week3,250.0 Waynewood - 152.0 Highland Park
Highland Park,Week5,Hollin Meadows,Week2,206.0 Highland Park - 196.0 Hollin Meadows
Highlands Swim,Week3,Walden Glen,Week2,306.0 Highlands Swim - 95.0 Walden Glen
Highland Park,Week1,Vienna Woods,Week4,284.0 Vienna Woods - 118.0 Highland Park
Highlands Swim,Week4,Fox Mill Estates,Week1,325.5 Highlands Swim - 76.5 Fox Mill Estates
Highlands Swim,Week2,Walden Glen,Week1,347.0 Highlands Swim - 55.0 Walden Glen
Highlands Swim,Week5,Mantua,Week4,277.0 Highlands Swim - 125.0 Mantua
Highland Park,Week1,Villa Aquatic,Week2,231.0 Highland Park - 171.0 Villa Aquatic
Highlands Swim,Week4,Stratford,Week4,316.0 Highlands Swim - 86.0 Stratford
Hollin Hills,Week5,Fairfax,Week4,327.0 Fairfax - 74.0 Hollin Hills
Highlands Swim,Week4,Fox Mill Estates,Week4,300.0 Highlands Swim - 102.0 Fox Mill Estates
Highlands Swim,Week4,Fox Hunt,Week1,302.0 Highlands Swim - 100.0 Fox Hunt
Highlands Swim,Week4,Lee Graham,Week1,247.0 Highlands Swim - 155.0 Lee Graham
Highlands Swim,Week2,Dominion Hills,Week3,330.0 Highlands Swim - 72.0 Dominion Hills
Highland Park,Week1,Holmes Run Acres,Week4,223.0 Highland Park - 179.0 Holmes Run Acres
Hollin Hills,Week5,Fairfax Club Estates,Week1,259.0 Fairfax Club Estates - 140.0 Hollin Hills
Highlands Swim,Week3,Dominion Hills,Week1,312.5 Highlands Swim - 89.5 Dominion Hills
Highlands Swim,Week5,Lee Graham,Week3,237.0 Highlands Swim - 165.0 Lee Graham
Highlands Swim,Week3,Walden Glen,Week3,317.0 Highlands Swim - 85.0 Walden Glen
Highlands Swim,Week1,McLean,Week1,232.0 Highlands Swim - 170.0 McLean
Highland Park,Week5,Waynewood,Week2,230.0 Waynewood - 172.0 Highland Park
Highlands Swim,Week5,Wakefield Chapel,Week5,225.0 Highlands Swim - 177.0 Wakefield Chapel
Highlands Swim,Week5,Mantua,Week3,262.0 Highlands Swim - 140.0 Mantua
Highlands Swim,Week1,Walden Glen,Week5,295.0 Highlands Swim - 107.0 Walden Glen
Highland Park,Week1,Hollin Meadows,Week1,213.0 Highland Park - 189.0 Hollin Meadows
Highland Park,Week1,Hollin Meadows,Week3,218.0 Highland Park - 184.0 Hollin Meadows
Highland Park,Week5,Waynewood,Week4,239.0 Waynewood - 163.0 Highland Park
Highland Park,Week4,Hollin Hills,Week4,329.0 Highland Park - 72.0 Hollin Hills
Highlands Swim,Week4,Mantua,Week3,243.0 Highlands Swim - 159.0 Mantua
Highland Park,Week5,Vienna Aquatic,Week4,271.0 Vienna Aquatic - 131.0 Highland Park
Highland Park,Week5,Hollin Meadows,Week1,221.0 Hollin Meadows - 181.0 Highland Park
Highlands Swim,Week4,Stratford,Week3,321.0 Highlands Swim - 81.0 Stratford
Highland Park,Week1,Villa Aquatic,Week5,220.0 Highland Park - 182.0 Villa Aquatic
Highlands Swim,Week5,Stratford,Week1,357.0 Highlands Swim - 45.0 Stratford
Highlands Swim,Week5,Daventry,Week5,346.0 Highlands Swim - 51.0 Daventry
Highland Park,Week5,Hollin Hills,Week5,301.0 Highland Park - 101.0 Hollin Hills
Highland Park,Week4,Hollin Meadows,Week4,220.0 Highland Park - 182.0 Hollin Meadows
Highlands Swim,Week4,Fox Mill Estates,Week5,309.0 Highlands Swim - 93.0 Fox Mill Estates
Highlands Swim,Week5,Fox Hunt,Week3,297.0 Highlands Swim - 105.0 Fox Hunt
Highlands Swim,Week4,Fox Mill Estates,Week2,310.0 Highlands Swim - 92.0 Fox Mill Estates
Highlands Swim,Week2,Lee Graham,Week2,250.0 Highlands Swim - 152.0 Lee Graham
Highlands Swim,Week3,Lee Graham,Week3,229.0 Highlands Swim - 173.0 Lee Graham
Highlands Swim,Week1,McLean,Week5,206.0 McLean - 196.0 Highlands Swim
Highland Park,Week1,Woodley,Week1,308.0 Highland Park - 94.0 Woodley
Highlands Swim,Week5,Stratford,Week3,337.0 Highlands Swim - 65.0 Stratford
Highland Park,Week1,Vienna Woods,Week1,302.5 Vienna Woods - 99.5 Highland Park
Highlands Swim,Week4,Lee Graham,Week4,229.0 Highlands Swim - 173.0 Lee Graham
Highland Park,Week1,Villa Aquatic,Week4,224.0 Highland Park - 178.0 Villa Aquatic
Highlands Swim,Week3,Dominion Hills,Week2,308.0 Highlands Swim - 94.0 Dominion Hills
Highlands Swim,Week5,Stratford,Week2,346.0 Highlands Swim - 56.0 Stratford
Hollin Hills,Week1,Fairfax Club Estates,Week3,285.0 Fairfax Club Estates - 113.0 Hollin Hills
Highland Park,Week1,Holmes Run Acres,Week5,225.0 Holmes Run Acres - 177.0 Highland Park
Highlands Swim,Week5,McLean,Week4,222.0 Highlands Swim - 180.0 McLean
Highlands Swim,Week4,Stratford,Week5,336.0 Highlands Swim - 66.0 Stratford
Highlands Swim,Week3,Dominion Hills,Week3,324.0 Highlands Swim - 78.0 Dominion Hills
Highlands Swim,Week3,Walden Glen,Week4,308.0 Highlands Swim - 94.0 Walden Glen
Highland Park,Week1,Woodley,Week3,305.0 Highland Park - 97.0 Woodley
Highlands Swim,Week2,McLean,Week2,202.0 McLean - 200.0 Highlands Swim
Highland Park,Week5,Hollin Hills,Week3,318.0 Highland Park - 84.0 Hollin Hills
Highland Park,Week1,Woodley,Week4,305.5 Highland Park - 96.5 Woodley
Highlands Swim,Week5,Laurel Hill,Week4,338.0 Highlands Swim - 64.0 Laurel Hill
Highland Park,Week2,Hollin Meadows,Week5,227.0 Hollin Meadows - 175.0 Highland Park
Hollin Hills,Week1,Fairfax Club Estates,Week2,271.0 Fairfax Club Estates - 129.0 Hollin Hills
Highlands Swim,Week1,Mosby Woods,Week2,221.0 Highlands Swim - 181.0 Mosby Woods
Highlands Swim,Week5,Fox Mill Estates,Week1,338.0 Highlands Swim - 64.0 Fox Mill Estates
Highlands Swim,Week4,Daventry,Week5,345.0 Highlands Swim - 57.0 Daventry
Highlands Swim,Week2,Walden Glen,Week3,325.0 Highlands Swim - 77.0 Walden Glen
Hollin Hills,Week4,Fairfax,Week5,354.0 Fairfax - 47.0 Hollin Hills
Highland Park,Week1,Woodley,Week2,295.0 Highland Park - 107.0 Woodley
Highland Park,Week1,Hollin Meadows,Week2,225.0 Highland Park - 177.0 Hollin Meadows
Highland Park,Week3,Vienna Woods,Week1,315.0 Vienna Woods - 87.0 Highland Park
Hollin Hills,Week1,Fairfax Club Estates,Week4,287.0 Fairfax Club Estates - 114.0 Hollin Hills
Highland Park,Week2,Hollin Meadows,Week4,205.0 Highland Park - 197.0 Hollin Meadows
Highlands Swim,Week1,Walden Glen,Week3,321.0 Highlands Swim - 81.0 Walden Glen
Highlands Swim,Week2,Walden Glen,Week4,311.0 Highlands Swim - 91.0 Walden Glen
Highlands Swim,Week2,Walden Glen,Week2,323.0 Highlands Swim - 79.0 Walden Glen
Highland Park,Week2,Vienna Woods,Week2,311.0 Vienna Woods - 91.0 Highland Park
Highland Park,Week1,Hollin Hills,Week4,328.0 Highland Park - 72.0 Hollin Hills
Highland Park,Week4,Hollin Meadows,Week2,211.0 Highland Park - 191.0 Hollin Meadows
Highland Park,Week3,Hollin Hills,Week4,299.0 Highland Park - 103.0 Hollin Hills
Highlands Swim,Week1,Sully Station,Week3,248.0 Highlands Swim - 154.0 Sully Station
Highland Park,Week3,Waynewood,Week3,255.0 Waynewood - 147.0 Highland Park
Hollin Hills,Week5,Fairfax,Week1,317.0 Fairfax - 84.0 Hollin Hills
Highlands Swim,Week4,Mantua,Week5,240.0 Highlands Swim - 162.0 Mantua
Highlands Swim,Week1,Dominion Hills,Week5,286.0 Highlands Swim - 116.0 Dominion Hills
Highlands Swim,Week1,Sully Station,Week5,228.0 Highlands Swim - 174.0 Sully Station
Hollin Hills,Week1,Fairfax Club Estates,Week1,270.0 Fairfax Club Estates - 123.0 Hollin Hills
Highlands Swim,Week1,Walden Glen,Week2,309.0 Highlands Swim - 93.0 Walden Glen
Highlands Swim,Week1,Dominion Hills,Week4,302.5 Highlands Swim - 99.5 Dominion Hills
Highland Park,Week3,Hollin Hills,Week3,296.0 Highland Park - 106.0 Hollin Hills
Highlands Swim,Week4,Lee Graham,Week5,229.0 Highlands Swim - 173.0 Lee Graham
Highland Park,Week1,Vienna Woods,Week5,328.5 Vienna Woods - 73.5 Highland Park
Highland Park,Week3,Vienna Woods,Week3,323.0 Vienna Woods - 79.0 Highland Park
Highlands Swim,Week2,Dominion Hills,Week1,332.0 Highlands Swim - 70.0 Dominion Hills
Highlands Swim,Week3,McLean,Week4,213.0 Highlands Swim - 189.0 McLean
Highlands Swim,Week2,Sully Station,Week1,242.0 Highlands Swim - 160.0 Sully Station
Hollin Hills,Week5,Fairfax,Week3,330.0 Fairfax - 72.0 Hollin Hills
Highland Park,Week2,Hollin Meadows,Week1,205.0 Hollin Meadows - 197.0 Highland Park
Highlands Swim,Week5,Lee Graham,Week4,228.0 Highlands Swim - 174.0 Lee Graham
Highland Park,Week2,Woodley,Week2,299.0 Highland Park - 103.0 Woodley
Highland Park,Week5,Hollin Meadows,Week3,202.0 Highland Park - 200.0 Hollin Meadows
Highlands Swim,Week5,Fox Mill Estates,Week2,328.0 Highlands Swim - 74.0 Fox Mill Estates
Highlands Swim,Week2,McLean,Week4,212.0 Highlands Swim - 190.0 McLean
Highlands Swim,Week1,Lee Graham,Week3,214.0 Highlands Swim - 188.0 Lee Graham
Highland Park,Week2,Woodley,Week1,289.0 Highland Park - 113.0 Woodley
Highlands Swim,Week3,Fox Mill Estates,Week5,305.0 Highlands Swim - 97.0 Fox Mill Estates
Highlands Swim,Week5,Fox Hunt,Week4,305.0 Highlands Swim - 97.0 Fox Hunt
Highlands Swim,Week3,Mantua,Week4,276.0 Highlands Swim - 126.0 Mantua
Highland Park,Week2,Hollin Hills,Week5,304.0 Highland Park - 98.0 Hollin Hills
Highlands Swim,Week1,Dominion Hills,Week2,304.0 Highlands Swim - 98.0 Dominion Hills
Highland Park,Week2,Woodley,Week3,299.0 Highland Park - 103.0 Woodley
Highlands Swim,Week4,Walden Glen,Week2,312.0 Highlands Swim - 90.0 Walden Glen
Highland Park,Week4,Hollin Hills,Week1,332.0 Highland Park - 70.0 Hollin Hills
Highlands Swim,Week2,Dominion Hills,Week2,325.0 Highlands Swim - 77.0 Dominion Hills
Highland Park,Week2,Hollin Hills,Week4,318.0 Highland Park - 84.0 Hollin Hills
Highlands Swim,Week4,Walden Glen,Week1,331.0 Highlands Swim - 71.0 Walden Glen
Highlands Swim,Week4,Daventry,Week4,363.0 Highlands Swim - 39.0 Daventry
Highland Park,Week2,Vienna Woods,Week4,304.5 Vienna Woods - 97.5 Highland Park
Highland Park,Week3,Waynewood,Week1,224.0 Waynewood - 178.0 Highland Park
Highland Park,Week1,Kent Gardens,Week5,223.0 Kent Gardens - 179.0 Highland Park
Highlands Swim,Week1,Fox Mill Estates,Week3,308.0 Highlands Swim - 94.0 Fox Mill Estates
Hollin Hills,Week4,Fairfax,Week3,348.0 Fairfax - 52.0 Hollin Hills
Highland Park,Week3,Vienna Woods,Week4,299.0 Vienna Woods - 103.0 Highland Park
Highlands Swim,Week2,Sully Station,Week2,254.0 Highlands Swim - 148.0 Sully Station
Highlands Swim,Week1,Sully Station,Week1,229.0 Highlands Swim - 173.0 Sully Station
Highlands Swim,Week4,Fox Hunt,Week5,279.0 Highlands Swim - 123.0 Fox Hunt
Hollin Hills,Week2,Fairfax Club Estates,Week1,269.0 Fairfax Club Estates - 129.0 Hollin Hills
Highlands Swim,Week4,Mantua,Week4,269.0 Highlands Swim - 133.0 Mantua
Highland Park,Week4,Ilda Community,Week4,280.0 Highland Park - 122.0 Ilda Community
Highlands Swim,Week5,Laurel Hill,Week5,324.0 Highlands Swim - 78.0 Laurel Hill
Highlands Swim,Week4,Walden Glen,Week3,326.5 Highlands Swim - 75.5 Walden Glen
Highlands Swim,Week1,Lee Graham,Week5,219.5 Highlands Swim - 182.5 Lee Graham
Highlands Swim,Week3,Lee Graham,Week2,235.0 Highlands Swim - 167.0 Lee Graham
Hollin Hills,Week5,Fairfax,Week2,330.0 Fairfax - 72.0 Hollin Hills
Highland Park,Week4,Hollin Hills,Week3,325.0 Highland Park - 77.0 Hollin Hills
Highland Park,Week2,Waynewood,Week5,268.0 Waynewood - 134.0 Highland Park
Highland Park,Week2,Hollin Hills,Week2,321.0 Highland Park - 81.0 Hollin Hills
Highlands Swim,Week5,Mantua,Week5,260.0 Highlands Swim - 142.0 Mantua
Highlands Swim,Week3,McLean,Week2,212.0 McLean - 190.0 Highlands Swim
Highlands Swim,Week4,Mantua,Week2,263.0 Highlands Swim - 139.0 Mantua
Highland Park,Week2,Kent Gardens,Week3,229.0 Highland Park - 173.0 Kent Gardens
Highlands Swim,Week5,Lee Graham,Week5,235.0 Highlands Swim - 167.0 Lee Graham
Highland Park,Week2,Kent Gardens,Week1,207.0 Highland Park - 195.0 Kent Gardens
Highlands Swim,Week3,Sully Station,Week1,238.5 Highlands Swim - 163.5 Sully Station
Highlands Swim,Week1,Fox Mill Estates,Week1,313.0 Highlands Swim - 89.0 Fox Mill Estates
Highland Park,Week1,Vienna Woods,Week2,295.0 Vienna Woods - 107.0 Highland Park
Highlands Swim,Week1,Sully Station,Week2,243.0 Highlands Swim - 159.0 Sully Station
Highlands Swim,Week5,Daventry,Week3,353.0 Highlands Swim - 49.0 Daventry
Highland Park,Week3,Ilda Community,Week4,262.0 Highland Park - 140.0 Ilda Community
Highlands Swim,Week5,Walden Glen,Week1,342.0 Highlands Swim - 60.0 Walden Glen
Highlands Swim,Week5,Walden Glen,Week5,316.0 Highlands Swim - 86.0 Walden Glen
Highland Park,Week3,Vienna Woods,Week2,305.0 Vienna Woods - 97.0 Highland Park
Highlands Swim,Week2,Sully Station,Week3,268.0 Highlands Swim - 134.0 Sully Station
Highlands Swim,Week2,Fox Mill Estates,Week3,321.0 Highlands Swim - 81.0 Fox Mill Estates
Hollin Hills,Week4,Fairfax,Week4,346.0 Fairfax - 55.0 Hollin Hills
Highland Park,Week3,Waynewood,Week2,229.0 Waynewood - 173.0 Highland Park
Hollin Hills,Week4,Fairfax,Week1,340.0 Fairfax - 62.0 Hollin Hills
Highlands Swim,Week5,Walden Glen,Week2,313.0 Highlands Swim - 89.0 Walden Glen
Highland Park,Week2,Waynewood,Week2,231.0 Waynewood - 171.0 Highland Park
Highlands Swim,Week2,Dominion Hills,Week4,313.0 Highlands Swim - 89.0 Dominion Hills
Highland Park,Week3,Vienna Woods,Week5,338.0 Vienna Woods - 64.0 Highland Park
Highlands Swim,Week5,Fox Hunt,Week1,310.0 Highlands Swim - 87.0 Fox Hunt
Highlands Swim,Week1,Lincolnia Park,Week3,338.0 Highlands Swim - 55.0 Lincolnia Park
Highlands Swim,Week1,Lincolnia Park,Week2,356.0 Highlands Swim - 37.0 Lincolnia Park
Highlands Swim,Week2,Sully Station,Week5,247.0 Highlands Swim - 155.0 Sully Station
Highlands Swim,Week1,Waynewood,Week2,253.0 Highlands Swim - 149.0 Waynewood
Highland Park,Week2,Waynewood,Week4,233.0 Waynewood - 169.0 Highland Park
Highland Park,Week5,Vienna Aquatic,Week5,305.0 Vienna Aquatic - 97.0 Highland Park
Highland Park,Week2,Ilda Community,Week4,274.0 Highland Park - 128.0 Ilda Community
Highlands Swim,Week2,Fox Mill Estates,Week2,319.0 Highlands Swim - 83.0 Fox Mill Estates
Highlands Swim,Week1,McLean,Week2,205.0 Highlands Swim - 197.0 McLean
Highlands Swim,Week5,Daventry,Week4,365.0 Highlands Swim - 37.0 Daventry
Hollin Hills,Week4,Fairfax,Week2,350.0 Fairfax - 52.0 Hollin Hills
Highland Park,Week3,Hollin Hills,Week5,286.0 Highland Park - 116.0 Hollin Hills
Highlands Swim,Week5,Daventry,Week2,358.0 Highlands Swim - 44.0 Daventry
Highlands Swim,Week1,McLean,Week3,201.0 Highlands Swim - 201.0 McLean
Highlands Swim,Week5,Waynewood,Week3,231.0 Highlands Swim - 171.0 Waynewood
Highland Park,Week4,Vienna Woods,Week1,311.0 Vienna Woods - 91.0 Highland Park
Highlands Swim,Week5,Fox Hunt,Week2,308.0 Highlands Swim - 89.0 Fox Hunt
Highland Park,Week4,Waynewood,Week4,238.0 Waynewood - 164.0 Highland Park
Highlands Swim,Week3,Mantua,Week5,243.0 Highlands Swim - 159.0 Mantua
Highlands Swim,Week1,Fox Mill Estates,Week4,290.0 Highlands Swim - 112.0 Fox Mill Estates
Highlands Swim,Week3,Sully Station,Week2,249.0 Highlands Swim - 153.0 Sully Station
Highlands Swim,Week2,Sully Station,Week4,264.0 Highlands Swim - 138.0 Sully Station
Highland Park,Week1,Woodley,Week5,300.0 Highland Park - 102.0 Woodley
Highlands Swim,Week3,Mantua,Week3,243.0 Highlands Swim - 159.0 Mantua
Highlands Swim,Week1,Waynewood,Week3,224.0 Highlands Swim - 178.0 Waynewood
Highlands Swim,Week2,Dominion Hills,Week5,307.0 Highlands Swim - 95.0 Dominion Hills
Highland Park,Week2,Vienna Woods,Week5,335.0 Vienna Woods - 67.0 Highland Park
Highland Park,Week2,Hollin Hills,Week1,322.0 Highland Park - 80.0 Hollin Hills
Highlands Swim,Week3,Sully Station,Week3,260.0 Highlands Swim - 142.0 Sully Station
Highlands Swim,Week5,Fox Hunt,Week5,290.0 Highlands Swim - 112.0 Fox Hunt
Highlands Swim,Week3,Dominion Hills,Week4,297.0 Highlands Swim - 105.0 Dominion Hills
Hollin Hills,Week2,Fairfax Club Estates,Week2,258.0 Fairfax Club Estates - 140.0 Hollin Hills
Hollin Hills,Week1,Fairfax Club Estates,Week5,277.0 Fairfax Club Estates - 119.0 Hollin Hills
Highlands Swim,Week1,Lincolnia Park,Week4,361.0 Highlands Swim - 41.0 Lincolnia Park
Highland Park,Week3,Ilda Community,Week5,269.0 Highland Park - 133.0 Ilda Community
Hollin Hills,Week2,Fairfax Club Estates,Week4,275.0 Fairfax Club Estates - 126.0 Hollin Hills
Highland Park,Week3,Hollin Hills,Week2,295.0 Highland Park - 107.0 Hollin Hills
Highland Park,Week4,Vienna Woods,Week2,312.0 Vienna Woods - 90.0 Highland Park
Highlands Swim,Week1,Lincolnia Park,Week5,340.0 Highlands Swim - 53.0 Lincolnia Park
Highlands Swim,Week1,Waynewood,Week5,232.0 Highlands Swim - 170.0 Waynewood
Highland Park,Week5,Ilda Community,Week2,284.0 Highland Park - 118.0 Ilda Community
Highlands Swim,Week2,Lincolnia Park,Week2,364.0 Highlands Swim - 29.0 Lincolnia Park
Highland Park,Week1,Hollin Hills,Week5,315.0 Highland Park - 87.0 Hollin Hills
Highland Park,Week2,Woodley,Week4,294.0 Highland Park - 108.0 Woodley
Highland Park,Week4,Ilda Community,Week2,295.0 Highland Park - 107.0 Ilda Community
Highlands Swim,Week2,Fox Mill Estates,Week1,336.0 Highlands Swim - 66.0 Fox Mill Estates
Highlands Swim,Week3,Dominion Hills,Week5,291.0 Highlands Swim - 111.0 Dominion Hills
Highland Park,Week3,Ilda Community,Week2,276.0 Highland Park - 126.0 Ilda Community
Highland Park,Week2,Woodley,Week5,279.5 Highland Park - 122.5 Woodley
Highland Park,Week4,Vienna Woods,Week3,315.0 Vienna Woods - 87.0 Highland Park
Highlands Swim,Week2,Lincolnia Park,Week3,348.0 Highlands Swim - 45.0 Lincolnia Park
Highlands Swim,Week2,Fox Mill Estates,Week4,304.0 Highlands Swim - 98.0 Fox Mill Estates
Highland Park,Week5,Hollin Hills,Week1,317.0 Highland Park - 85.0 Hollin Hills
Highlands Swim,Week3,Waynewood,Week2,259.0 Highlands Swim - 143.0 Waynewood
Highlands Swim,Week4,Mantua,Week1,270.0 Highlands Swim - 132.0 Mantua
Hollin Hills,Week3,Fairfax Club Estates,Week3,277.0 Fairfax Club Estates - 124.0 Hollin Hills
Highlands Swim,Week1,Little Hunting Park,Week2,344.0 Highlands Swim - 58.0 Little Hunting Park
Highland Park,Week1,Vienna Woods,Week3,315.0 Vienna Woods - 87.0 Highland Park
Highlands Swim,Week1,Donaldson Run,Week4,222.0 Highlands Swim - 180.0 Donaldson Run
Highlands Swim,Week3,Waynewood,Week1,247.0 Highlands Swim - 155.0 Waynewood
Highlands Swim,Week5,Mantua,Week2,280.0 Highlands Swim - 122.0 Mantua
Highland Park,Week2,Hollin Hills,Week3,326.0 Highland Park - 76.0 Hollin Hills
Highlands Swim,Week1,Sully Station,Week4,246.0 Highlands Swim - 156.0 Sully Station
Highland Park,Week3,Ilda Community,Week1,274.0 Highland Park - 128.0 Ilda Community
Highland Park,Week4,Hollin Hills,Week5,325.0 Highland Park - 77.0 Hollin Hills
Highlands Swim,Week4,Dominion Hills,Week1,307.0 Highlands Swim - 95.0 Dominion Hills
Highlands Swim,Week5,Stratford,Week5,351.5 Highlands Swim - 50.5 Stratford
Hollin Hills,Week3,Fairfax Club Estates,Week2,262.0 Fairfax Club Estates - 139.0 Hollin Hills
Highland Park,Week4,Woodley,Week5,281.0 Highland Park - 121.0 Woodley
Highlands Swim,Week3,Sully Station,Week4,253.0 Highlands Swim - 149.0 Sully Station
Highland Park,Week5,Hollin Hills,Week2,318.0 Highland Park - 84.0 Hollin Hills
Highlands Swim,Week2,Donaldson Run,Week4,245.0 Highlands Swim - 157.0 Donaldson Run
Highland Park,Week2,Ilda Community,Week5,289.0 Highland Park - 113.0 Ilda Community
Highlands Swim,Week2,Fox Mill Estates,Week5,306.0 Highlands Swim - 96.0 Fox Mill Estates
Highlands Swim,Week1,Woodley,Week3,354.0 Highlands Swim - 48.0 Woodley
Highland Park,Week2,Kent Gardens,Week2,224.0 Highland Park - 178.0 Kent Gardens
Highlands Swim,Week2,Fox Mill Woods,Week3,276.0 Highlands Swim - 126.0 Fox Mill Woods
Highlands Swim,Week3,Annandale,Week4,354.0 Highlands Swim - 48.0 Annandale
Highlands Swim,Week4,Dominion Hills,Week2,288.0 Highlands Swim - 114.0 Dominion Hills
Highland Park,Week5,Ilda Community,Week5,283.0 Highland Park - 119.0 Ilda Community
Highland Park,Week2,Vienna Woods,Week1,320.5 Vienna Woods - 81.5 Highland Park
Hollin Hills,Week3,Fairfax Club Estates,Week4,279.0 Fairfax Club Estates - 123.0 Hollin Hills
Highland Park,Week5,Woodley,Week2,304.0 Highland Park - 98.0 Woodley
Highland Park,Week3,Hayfield Farm,Week2,209.0 Hayfield Farm - 193.0 Highland Park
Highlands Swim,Week3,Sully Station,Week5,240.0 Highlands Swim - 162.0 Sully Station
Highland Park,Week4,Vienna Woods,Week4,290.0 Vienna Woods - 112.0 Highland Park
Highlands Swim,Week2,Little Hunting Park,Week5,329.0 Highlands Swim - 73.0 Little Hunting Park
Highland Park,Week5,Hamlet,Week3,284.0 Hamlet - 118.0 Highland Park
Highlands Swim,Week4,Dominion Hills,Week3,301.0 Highlands Swim - 101.0 Dominion Hills
Highlands Swim,Week3,Waynewood,Week3,237.0 Highlands Swim - 165.0 Waynewood
Highlands Swim,Week1,Annandale,Week4,345.0 Highlands Swim - 57.0 Annandale
Highlands Swim,Week4,McLean,Week1,218.0 Highlands Swim - 184.0 McLean
Highlands Swim,Week5,Waynewood,Week1,256.0 Highlands Swim - 146.0 Waynewood
Highlands Swim,Week2,McLean,Week5,202.0 Highlands Swim - 200.0 McLean
Highlands Swim,Week5,Lincolnia Park,Week4,357.0 Highlands Swim - 45.0 Lincolnia Park
Highlands Swim,Week3,Fox Mill Estates,Week1,327.0 Highlands Swim - 75.0 Fox Mill Estates
Hollin Hills,Week2,Fairfax Club Estates,Week3,279.0 Fairfax Club Estates - 118.0 Hollin Hills
Highland Park,Week5,Vienna Woods,Week1,311.0 Vienna Woods - 91.0 Highland Park
Highland Park,Week2,Hayfield Farm,Week5,212.0 Highland Park - 190.0 Hayfield Farm
Highland Park,Week2,Kent Gardens,Week4,214.0 Highland Park - 188.0 Kent Gardens
Highland Park,Week5,Hollin Hills,Week4,323.0 Highland Park - 78.0 Hollin Hills
Highlands Swim,Week3,McLean,Week3,202.0 McLean - 200.0 Highlands Swim
Hollin Hills,Week2,Fairfax Club Estates,Week5,264.0 Fairfax Club Estates - 135.0 Hollin Hills
Highlands Swim,Week5,Lincolnia Park,Week3,335.0 Highlands Swim - 58.0 Lincolnia Park
Hollin Hills,Week5,Fairfax,Week5,336.0 Fairfax - 66.0 Hollin Hills
Highlands Swim,Week5,Lincolnia Park,Week2,357.0 Highlands Swim - 36.0 Lincolnia Park
Highland Park,Week2,Vienna Woods,Week3,321.0 Vienna Woods - 81.0 Highland Park
Highlands Swim,Week5,Poplar Heights,Week3,276.0 Highlands Swim - 126.0 Poplar Heights
Highlands Swim,Week3,McLean,Week1,218.0 Highlands Swim - 184.0 McLean
Highlands Swim,Week1,Annandale,Week3,347.0 Highlands Swim - 55.0 Annandale
Highlands Swim,Week3,Fox Mill Estates,Week3,316.0 Highlands Swim - 86.0 Fox Mill Estates
Highlands Swim,Week4,Sully Station,Week1,230.0 Highlands Swim - 172.0 Sully Station
Highlands Swim,Week4,Annandale,Week2,338.0 Highlands Swim - 64.0 Annandale
Highlands Swim,Week4,Donaldson Run,Week4,221.0 Highlands Swim - 181.0 Donaldson Run
Highlands Swim,Week1,Woodley,Week4,356.0 Highlands Swim - 46.0 Woodley
Highlands Swim,Week3,Lincolnia Park,Week1,366.0 Highlands Swim - 36.0 Lincolnia Park
Highlands Swim,Week1,Poplar Tree,Week5,245.0 Highlands Swim - 157.0 Poplar Tree
Highlands Swim,Week2,Fox Mill Woods,Week1,261.0 Highlands Swim - 141.0 Fox Mill Woods
Highlands Swim,Week1,Woodley,Week5,353.0 Highlands Swim - 49.0 Woodley
Highlands Swim,Week2,Lincolnia Park,Week5,346.0 Highlands Swim - 47.0 Lincolnia Park
Highlands Swim,Week4,McLean,Week5,215.0 McLean - 187.0 Highlands Swim
Highlands Swim,Week1,Donaldson Run,Week1,231.0 Highlands Swim - 171.0 Donaldson Run
Highland Park,Week5,Vienna Woods,Week4,300.0 Vienna Woods - 102.0 Highland Park
Highlands Swim,Week3,Donaldson Run,Week3,239.0 Highlands Swim - 163.0 Donaldson Run
Hollin Hills,Week4,Fairfax Club Estates,Week3,270.0 Fairfax Club Estates - 126.0 Hollin Hills
Highland Park,Week2,Hayfield Farm,Week2,208.0 Hayfield Farm - 194.0 Highland Park
Highlands Swim,Week4,McLean,Week4,204.0 Highlands Swim - 198.0 McLean
Hollin Hills,Week4,Fairfax Club Estates,Week4,267.0 Fairfax Club Estates - 132.0 Hollin Hills
Highland Park,Week3,Hayfield Farm,Week4,207.0 Highland Park - 195.0 Hayfield Farm
Hollin Hills,Week4,Fairfax Club Estates,Week1,268.0 Fairfax Club Estates - 129.0 Hollin Hills
Highlands Swim,Week1,Poplar Tree,Week3,256.0 Highlands Swim - 146.0 Poplar Tree
Highlands Swim,Week1,Fox Mill Woods,Week3,260.0 Highlands Swim - 142.0 Fox Mill Woods
Highlands Swim,Week3,Annandale,Week3,343.0 Highlands Swim - 59.0 Annandale
Highland Park,Week5,Hamlet,Week5,299.0 Hamlet - 103.0 Highland Park
Highland Park,Week5,Ilda Community,Week3,284.0 Highland Park - 118.0 Ilda Community
Highlands Swim,Week1,Fox Mill Woods,Week5,239.0 Highlands Swim - 163.0 Fox Mill Woods
Highlands Swim,Week3,Poplar Heights,Week5,260.0 Highlands Swim - 142.0 Poplar Heights
Highlands Swim,Week4,McLean,Week3,209.0 McLean - 193.0 Highlands Swim
Highland Park,Week1,Villa Aquatic,Week1,235.5 Highland Park - 166.5 Villa Aquatic
Highland Park,Week4,Ilda Community,Week3,291.0 Highland Park - 111.0 Ilda Community
Highland Park,Week1,Kent Gardens,Week1,211.0 Highland Park - 191.0 Kent Gardens
Highlands Swim,Week2,Woodley,Week1,361.0 Highlands Swim - 41.0 Woodley
Highlands Swim,Week3,Lincolnia Park,Week2,363.0 Highlands Swim - 30.0 Lincolnia Park
Highland Park,Week5,Vienna Woods,Week3,319.0 Vienna Woods - 83.0 Highland Park
Highland Park,Week5,Woodley,Week1,304.0 Highland Park - 98.0 Woodley
Highlands Swim,Week3,Poplar Tree,Week5,245.0 Highlands Swim - 157.0 Poplar Tree
Highlands Swim,Week3,Lincolnia Park,Week3,342.0 Highlands Swim - 51.0 Lincolnia Park
Highlands Swim,Week2,Woodley,Week2,365.5 Highlands Swim - 36.5 Woodley
Hollin Hills,Week1,Fairfax Station,Week3,334.0 Fairfax Station - 67.0 Hollin Hills
Highlands Swim,Week5,Fox Mill Woods,Week5,265.0 Highlands Swim - 137.0 Fox Mill Woods
Highlands Swim,Week4,Waynewood,Week2,238.0 Highlands Swim - 164.0 Waynewood
Highland Park,Week1,Hayfield Farm,Week4,222.0 Highland Park - 180.0 Hayfield Farm
Highlands Swim,Week4,Poplar Tree,Week2,266.0 Highlands Swim - 136.0 Poplar Tree
Highlands Swim,Week5,McLean,Week2,204.0 Highlands Swim - 198.0 McLean
Highlands Swim,Week5,McLean,Week1,223.0 Highlands Swim - 179.0 McLean
Highland Park,Week1,Kent Gardens,Week2,238.0 Highland Park - 164.0 Kent Gardens
Highlands Swim,Week5,Donaldson Run,Week5,215.0 Highlands Swim - 187.0 Donaldson Run
Highlands Swim,Week5,Donaldson Run,Week1,259.5 Highlands Swim - 142.5 Donaldson Run
Highland Park,Week2,Hayfield Farm,Week1,205.0 Highland Park - 197.0 Hayfield Farm
Highland Park,Week2,Hayfield Farm,Week4,207.0 Highland Park - 195.0 Hayfield Farm
Highlands Swim,Week3,Lincolnia Park,Week5,337.0 Highlands Swim - 56.0 Lincolnia Park
Highland Park,Week4,Villa Aquatic,Week5,218.0 Highland Park - 184.0 Villa Aquatic
Hollin Hills,Week4,Fairfax Club Estates,Week5,257.0 Fairfax Club Estates - 139.0 Hollin Hills
Highlands Swim,Week4,Annandale,Week4,342.0 Highlands Swim - 60.0 Annandale
Highlands Swim,Week2,Waynewood,Week5,223.0 Highlands Swim - 179.0 Waynewood
Highlands Swim,Week1,Fox Mill Woods,Week4,247.0 Highlands Swim - 155.0 Fox Mill Woods
Highlands Swim,Week2,Annandale,Week1,353.0 Highlands Swim - 49.0 Annandale
Highland Park,Week5,Ilda Community,Week4,265.0 Highland Park - 137.0 Ilda Community
Highland Park,Week1,Villa Aquatic,Week3,205.0 Villa Aquatic - 197.0 Highland Park
Highlands Swim,Week5,Donaldson Run,Week3,249.0 Highlands Swim - 153.0 Donaldson Run
Highland Park,Week3,Ilda Community,Week3,266.0 Highland Park - 136.0 Ilda Community
Hollin Hills,Week5,Fairfax Station,Week3,331.0 Fairfax Station - 71.0 Hollin Hills
Highlands Swim,Week3,Fox Mill Woods,Week5,240.0 Highlands Swim - 162.0 Fox Mill Woods
Highlands Swim,Week5,Lincolnia Park,Week1,362.0 Highlands Swim - 40.0 Lincolnia Park
Hollin Hills,Week5,Fairfax Club Estates,Week4,271.0 Fairfax Club Estates - 131.0 Hollin Hills
Highlands Swim,Week5,McLean,Week5,201.0 Highlands Swim - 201.0 McLean
Highlands Swim,Week1,Annandale,Week5,333.0 Highlands Swim - 69.0 Annandale
Highlands Swim,Week4,Annandale,Week5,327.0 Highlands Swim - 75.0 Annandale
Highlands Swim,Week2,Little Hunting Park,Week2,345.0 Highlands Swim - 57.0 Little Hunting Park
Highlands Swim,Week2,Fox Mill Woods,Week4,266.0 Highlands Swim - 136.0 Fox Mill Woods
Hollin Hills,Week4,Fairfax Station,Week3,345.0 Fairfax Station - 54.0 Hollin Hills
Highlands Swim,Week5,Poplar Heights,Week2,281.0 Highlands Swim - 121.0 Poplar Heights
Highland Park,Week4,Villa Aquatic,Week3,202.0 Highland Park - 200.0 Villa Aquatic
Highland Park,Week5,Villa Aquatic,Week4,211.0 Highland Park - 191.0 Villa Aquatic
Highlands Swim,Week5,Dominion Hills,Week2,315.0 Highlands Swim - 87.0 Dominion Hills
Highland Park,Week1,Village West,Week1,277.0 Highland Park - 125.0 Village West
Highlands Swim,Week4,Waynewood,Week3,213.0 Highlands Swim - 189.0 Waynewood
Highlands Swim,Week1,Mosby Woods,Week1,217.0 Highlands Swim - 185.0 Mosby Woods
Highlands Swim,Week2,Woodley,Week3,367.0 Highlands Swim - 35.0 Woodley
Highlands Swim,Week2,Woodley,Week4,361.0 Highlands Swim - 41.0 Woodley
Highlands Swim,Week1,Fox Mill Woods,Week1,248.0 Highlands Swim - 154.0 Fox Mill Woods
Highland Park,Week1,Kent Gardens,Week3,238.0 Highland Park - 164.0 Kent Gardens
Highlands Swim,Week5,McLean,Week3,213.0 Highlands Swim - 189.0 McLean
Highland Park,Week3,Hayfield Farm,Week5,209.5 Highland Park - 192.5 Hayfield Farm
Hollin Hills,Week5,Fairfax Station,Week1,308.0 Fairfax Station - 94.0 Hollin Hills
Highland Park,Week3,Woodley,Week2,277.0 Highland Park - 125.0 Woodley
Highlands Swim,Week2,Waynewood,Week4,282.0 Highlands Swim - 120.0 Waynewood
Highland Park,Week4,Ilda Community,Week1,290.0 Highland Park - 112.0 Ilda Community
Highlands Swim,Week3,Poplar Heights,Week2,258.0 Highlands Swim - 144.0 Poplar Heights
Highlands Swim,Week4,Lincolnia Park,Week5,333.0 Highlands Swim - 60.0 Lincolnia Park
Highlands Swim,Week4,Lincolnia Park,Week1,363.0 Highlands Swim - 39.0 Lincolnia Park
Highland Park,Week5,Hamlet,Week2,295.0 Hamlet - 107.0 Highland Park
Highland Park,Week5,Hamlet,Week4,276.0 Hamlet - 126.0 Highland Park
Highlands Swim,Week5,Poplar Heights,Week4,273.0 Highlands Swim - 129.0 Poplar Heights
Highland Park,Week3,Villa Aquatic,Week5,203.0 Highland Park - 199.0 Villa Aquatic
Highlands Swim,Week1,Dowden Terrace,Week3,309.0 Highlands Swim - 93.0 Dowden Terrace
Highlands Swim,Week4,Donaldson Run,Week1,236.0 Highlands Swim - 166.0 Donaldson Run
Highlands Swim,Week4,Fox Mill Woods,Week1,245.5 Highlands Swim - 156.5 Fox Mill Woods
Highland Park,Week1,Kent Gardens,Week4,244.0 Highland Park - 158.0 Kent Gardens
Highland Park,Week5,Woodley,Week4,301.0 Highland Park - 101.0 Woodley
Highlands Swim,Week5,Poplar Heights,Week5,271.0 Highlands Swim - 131.0 Poplar Heights
Highlands Swim,Week2,Mosby Woods,Week3,246.0 Highlands Swim - 156.0 Mosby Woods
Hollin Hills,Week1,Fairfax Station,Week2,326.0 Fairfax Station - 76.0 Hollin Hills
Hollin Hills,Week1,Forest Hollow,Week1,316.0 Forest Hollow - 85.0 Hollin Hills
Highlands Swim,Week3,Mosby Woods,Week3,246.5 Highlands Swim - 155.5 Mosby Woods
Highlands Swim,Week3,Donaldson Run,Week4,237.0 Highlands Swim - 165.0 Donaldson Run
Highland Park,Week3,Woodley,Week4,294.5 Highland Park - 107.5 Woodley
Highland Park,Week4,Hayfield Farm,Week2,217.0 Highland Park - 185.0 Hayfield Farm
Highlands Swim,Week1,Mosby Woods,Week5,220.0 Highlands Swim - 182.0 Mosby Woods
Highlands Swim,Week5,Little Hunting Park,Week5,328.0 Highlands Swim - 74.0 Little Hunting Park
Highland Park,Week1,Hayfield Farm,Week3,201.0 Hayfield Farm - 201.0 Highland Park
Highlands Swim,Week1,Poplar Tree,Week4,265.0 Highlands Swim - 137.0 Poplar Tree
Highlands Swim,Week2,Annandale,Week5,348.0 Highlands Swim - 54.0 Annandale
Highlands Swim,Week1,Little Hunting Park,Week3,346.0 Highlands Swim - 56.0 Little Hunting Park
Highlands Swim,Week1,Mosby Woods,Week4,246.0 Highlands Swim - 156.0 Mosby Woods
Highland Park,Week5,Villa Aquatic,Week2,223.0 Highland Park - 179.0 Villa Aquatic
Highland Park,Week3,Villa Aquatic,Week4,205.0 Villa Aquatic - 197.0 Highland Park
Highland Park,Week4,Villa Aquatic,Week2,236.0 Highland Park - 166.0 Villa Aquatic
Highlands Swim,Week5,Fox Mill Estates,Week3,325.0 Highlands Swim - 77.0 Fox Mill Estates
Highlands Swim,Week5,Dominion Hills,Week3,326.0 Highlands Swim - 76.0 Dominion Hills
Highlands Swim,Week5,Little Hunting Park,Week1,344.0 Highlands Swim - 58.0 Little Hunting Park
Highlands Swim,Week5,Fox Mill Woods,Week1,254.0 Highlands Swim - 148.0 Fox Mill Woods
Highland Park,Week3,Hayfield Farm,Week1,204.0 Hayfield Farm - 198.0 Highland Park
Highland Park,Week5,Ilda Community,Week1,281.0 Highland Park - 121.0 Ilda Community
Highlands Swim,Week5,Fox Mill Estates,Week5,317.0 Highlands Swim - 85.0 Fox Mill Estates
Highlands Swim,Week4,Donaldson Run,Week2,219.0 Highlands Swim - 183.0 Donaldson Run
Highlands Swim,Week1,Poplar Tree,Week2,272.0 Highlands Swim - 130.0 Poplar Tree
Highlands Swim,Week2,Annandale,Week4,359.0 Highlands Swim - 43.0 Annandale
Highlands Swim,Week2,Woodley,Week5,362.0 Highlands Swim - 40.0 Woodley
Highlands Swim,Week1,Dowden Terrace,Week2,281.0 Highlands Swim - 121.0 Dowden Terrace
Highlands Swim,Week5,Waynewood,Week2,258.0 Highlands Swim - 144.0 Waynewood
Highland Park,Week4,Ilda Community,Week5,302.0 Highland Park - 100.0 Ilda Community
Hollin Hills,Week1,Forest Hollow,Week2,307.0 Forest Hollow - 94.0 Hollin Hills
Highlands Swim,Week2,Poplar Tree,Week2,280.0 Highlands Swim - 122.0 Poplar Tree
Highlands Swim,Week3,Woodley,Week1,358.0 Highlands Swim - 44.0 Woodley
Highland Park,Week1,Hayfield Farm,Week2,219.0 Highland Park - 183.0 Hayfield Farm
Highlands Swim,Week1,Little Rocky Run,Week2,232.0 Highlands Swim - 170.0 Little Rocky Run
Highlands Swim,Week4,Poplar Heights,Week5,255.0 Highlands Swim - 147.0 Poplar Heights
Highlands Swim,Week3,Poplar Heights,Week4,283.0 Highlands Swim - 119.0 Poplar Heights
Highlands Swim,Week1,Little Rocky Run,Week4,232.0 Highlands Swim - 170.0 Little Rocky Run
Highlands Swim,Week4,Mosby Woods,Week1,232.0 Highlands Swim - 170.0 Mosby Woods
Highland Park,Week4,Villa Aquatic,Week4,228.5 Highland Park - 173.5 Villa Aquatic
Hollin Hills,Week4,Fairfax Station,Week2,324.0 Fairfax Station - 78.0 Hollin Hills
Highland Park,Week3,Hayfield Farm,Week3,227.0 Hayfield Farm - 175.0 Highland Park
Hollin Hills,Week5,Fairfax Station,Week5,318.0 Fairfax Station - 84.0 Hollin Hills
Highlands Swim,Week4,Waynewood,Week5,224.0 Highlands Swim - 178.0 Waynewood
Highlands Swim,Week3,Annandale,Week1,340.0 Highlands Swim - 62.0 Annandale
Highlands Swim,Week1,Annandale,Week1,338.0 Highlands Swim - 64.0 Annandale
Highland Park,Week3,Villa Aquatic,Week2,223.0 Highland Park - 179.0 Villa Aquatic
Highlands Swim,Week3,Fox Mill Woods,Week1,249.0 Highlands Swim - 153.0 Fox Mill Woods
Highland Park,Week1,Hayfield Farm,Week1,228.0 Highland Park - 174.0 Hayfield Farm
Highlands Swim,Week3,Waynewood,Week4,268.0 Highlands Swim - 134.0 Waynewood
Highlands Swim,Week2,Donaldson Run,Week1,246.0 Highlands Swim - 156.0 Donaldson Run
Highlands Swim,Week4,Mosby Woods,Week5,241.0 Highlands Swim - 161.0 Mosby Woods
Highlands Swim,Week1,Donaldson Run,Week2,216.0 Highlands Swim - 186.0 Donaldson Run
Hollin Hills,Week1,Forest Hollow,Week3,320.0 Forest Hollow - 82.0 Hollin Hills
Highlands Swim,Week2,Poplar Tree,Week5,268.0 Highlands Swim - 134.0 Poplar Tree
Highland Park,Week4,Woodley,Week3,310.0 Highland Park - 92.0 Woodley
Highlands Swim,Week1,Fox Mill Woods,Week2,256.0 Highlands Swim - 146.0 Fox Mill Woods
Highlands Swim,Week5,Fox Mill Estates,Week4,310.0 Highlands Swim - 92.0 Fox Mill Estates
Highlands Swim,Week4,Poplar Heights,Week1,274.0 Highlands Swim - 128.0 Poplar Heights
Highlands Swim,Week4,Mosby Woods,Week3,242.0 Highlands Swim - 160.0 Mosby Woods
Highlands Swim,Week3,Fox Mill Woods,Week4,261.0 Highlands Swim - 141.0 Fox Mill Woods
Highland Park,Week4,Woodley,Week4,298.0 Highland Park - 104.0 Woodley
Highlands Swim,Week3,Waynewood,Week5,229.0 Highlands Swim - 173.0 Waynewood
Highlands Swim,Week4,Poplar Heights,Week4,269.0 Highlands Swim - 133.0 Poplar Heights
Highlands Swim,Week5,Little Hunting Park,Week2,334.0 Highlands Swim - 68.0 Little Hunting Park
Highlands Swim,Week5,Lincolnia Park,Week5,336.0 Highlands Swim - 57.0 Lincolnia Park
Highland Park,Week2,Villa Aquatic,Week5,219.5 Highland Park - 182.5 Villa Aquatic
Highland Park,Week5,Hayfield Farm,Week2,214.0 Highland Park - 188.0 Hayfield Farm
Highland Park,Week3,Woodley,Week5,269.0 Highland Park - 128.0 Woodley
Highlands Swim,Week5,Dominion Hills,Week5,299.5 Highlands Swim - 102.5 Dominion Hills
Highlands Swim,Week1,Woodley,Week1,355.0 Highlands Swim - 47.0 Woodley
Highlands Swim,Week5,Mosby Woods,Week3,249.0 Highlands Swim - 153.0 Mosby Woods
Highlands Swim,Week5,Poplar Heights,Week1,281.0 Highlands Swim - 121.0 Poplar Heights
Highlands Swim,Week4,Fox Mill Woods,Week4,248.0 Highlands Swim - 154.0 Fox Mill Woods
Highlands Swim,Week4,Dominion Hills,Week4,294.0 Highlands Swim - 108.0 Dominion Hills
Highlands Swim,Week4,Lincolnia Park,Week4,357.0 Highlands Swim - 45.0 Lincolnia Park
Hollin Hills,Week2,Fairfax Station,Week5,336.0 Fairfax Station - 66.0 Hollin Hills
Highland Park,Week5,Villa Aquatic,Week5,216.0 Highland Park - 186.0 Villa Aquatic
Highlands Swim,Week4,Dominion Hills,Week5,285.0 Highlands Swim - 117.0 Dominion Hills
Highland Park,Week2,Villa Aquatic,Week1,231.0 Highland Park - 171.0 Villa Aquatic
Highlands Swim,Week5,Mosby Woods,Week1,238.0 Highlands Swim - 164.0 Mosby Woods
Hollin Hills,Week5,Fairfax Club Estates,Week5,264.0 Fairfax Club Estates - 137.0 Hollin Hills
Highlands Swim,Week1,Little Hunting Park,Week1,352.0 Highlands Swim - 50.0 Little Hunting Park
Highland Park,Week4,Hayfield Farm,Week4,229.0 Highland Park - 173.0 Hayfield Farm
Highland Park,Week4,Hayfield Farm,Week1,222.0 Highland Park - 180.0 Hayfield Farm
Highlands Swim,Week2,Waynewood,Week3,249.0 Highlands Swim - 153.0 Waynewood
Highland Park,Week1,Village West,Week2,273.0 Highland Park - 129.0 Village West
Highland Park,Week4,Woodley,Week2,302.0 Highland Park - 100.0 Woodley
Highlands Swim,Week2,Donaldson Run,Week2,239.0 Highlands Swim - 163.0 Donaldson Run
Highlands Swim,Week2,Fox Mill Woods,Week5,252.0 Highlands Swim - 150.0 Fox Mill Woods
Hollin Hills,Week2,Fairfax Station,Week4,324.0 Fairfax Station - 77.0 Hollin Hills
Highlands Swim,Week1,Little Hunting Park,Week4,343.0 Highlands Swim - 59.0 Little Hunting Park
Highlands Swim,Week4,Waynewood,Week1,233.0 Highlands Swim - 169.0 Waynewood
Highlands Swim,Week4,Fox Mill Woods,Week2,258.0 Highlands Swim - 144.0 Fox Mill Woods
Highland Park,Week4,Hayfield Farm,Week3,203.0 Hayfield Farm - 199.0 Highland Park
Highland Park,Week3,Woodley,Week3,270.0 Highland Park - 132.0 Woodley
Highlands Swim,Week3,Mosby Woods,Week5,232.0 Highlands Swim - 170.0 Mosby Woods
Highland Park,Week1,Village West,Week3,268.0 Highland Park - 134.0 Village West
Highlands Swim,Week4,Poplar Heights,Week2,258.0 Highlands Swim - 144.0 Poplar Heights
Hollin Hills,Week1,Fairfax Station,Week4,330.0 Fairfax Station - 71.0 Hollin Hills
Highlands Swim,Week3,Lincolnia Park,Week4,358.0 Highlands Swim - 44.0 Lincolnia Park
Hollin Hills,Week3,Fairfax Station,Week3,335.0 Fairfax Station - 67.0 Hollin Hills
Highland Park,Week2,Hayfield Farm,Week3,225.0 Hayfield Farm - 177.0 Highland Park
Highlands Swim,Week5,Dominion Hills,Week1,319.0 Highlands Swim - 83.0 Dominion Hills
Highlands Swim,Week2,Waynewood,Week2,267.5 Highlands Swim - 134.5 Waynewood
Highlands Swim,Week4,Fox Mill Woods,Week5,232.0 Highlands Swim - 170.0 Fox Mill Woods
Highlands Swim,Week1,Donaldson Run,Week5,213.0 Highlands Swim - 189.0 Donaldson Run
Highlands Swim,Week5,Dominion Hills,Week4,311.0 Highlands Swim - 91.0 Dominion Hills
Highland Park,Week4,Hayfield Farm,Week5,233.0 Highland Park - 169.0 Hayfield Farm
Hollin Hills,Week3,Fairfax Station,Week2,332.0 Fairfax Station - 70.0 Hollin Hills
Highlands Swim,Week2,Poplar Tree,Week4,281.0 Highlands Swim - 121.0 Poplar Tree
Highlands Swim,Week4,Lincolnia Park,Week3,326.0 Highlands Swim - 67.0 Lincolnia Park
Highland Park,Week4,Woodley,Week1,301.0 Highland Park - 101.0 Woodley
Highland Park,Week2,Villa Aquatic,Week4,202.0 Highland Park - 200.0 Villa Aquatic
Highlands Swim,Week2,Annandale,Week3,349.0 Highlands Swim - 53.0 Annandale
Highlands Swim,Week2,Poplar Tree,Week1,262.0 Highlands Swim - 140.0 Poplar Tree
Highlands Swim,Week5,Fox Mill Woods,Week4,260.0 Highlands Swim - 142.0 Fox Mill Woods
Highlands Swim,Week2,Poplar Tree,Week3,262.0 Highlands Swim - 140.0 Poplar Tree
Highlands Swim,Week1,Annandale,Week2,341.0 Highlands Swim - 61.0 Annandale
Highlands Swim,Week3,Fox Mill Woods,Week3,262.0 Highlands Swim - 140.0 Fox Mill Woods
Hollin Hills,Week3,Fairfax Station,Week1,325.0 Fairfax Station - 77.0 Hollin Hills
Highlands Swim,Week4,Lincolnia Park,Week2,358.0 Highlands Swim - 35.0 Lincolnia Park
Hollin Hills,Week3,Donaldson Run,Week1,363.0 Donaldson Run - 39.0 Hollin Hills
Highlands Swim,Week4,Waynewood,Week4,257.5 Highlands Swim - 144.5 Waynewood
Hollin Hills,Week1,Donaldson Run,Week4,364.0 Donaldson Run - 38.0 Hollin Hills
Highlands Swim,Week1,Mosby Woods,Week3,219.0 Highlands Swim - 183.0 Mosby Woods
Highlands Swim,Week5,Waynewood,Week5,251.0 Highlands Swim - 151.0 Waynewood
Highlands Swim,Week3,Mosby Woods,Week4,241.0 Highlands Swim - 161.0 Mosby Woods
Highland Park,Week2,Villa Aquatic,Week2,229.0 Highland Park - 173.0 Villa Aquatic
Highland Park,Week3,Villa Aquatic,Week1,220.0 Highland Park - 182.0 Villa Aquatic
Highlands Swim,Week3,Mosby Woods,Week2,233.0 Highlands Swim - 169.0 Mosby Woods
Hollin Hills,Week2,Donaldson Run,Week4,359.0 Donaldson Run - 43.0 Hollin Hills
Highland Park,Week5,Hayfield Farm,Week1,233.0 Highland Park - 169.0 Hayfield Farm
Highlands Swim,Week2,Donaldson Run,Week3,240.0 Highlands Swim - 162.0 Donaldson Run
Highlands Swim,Week3,Poplar Heights,Week1,278.0 Highlands Swim - 124.0 Poplar Heights
Hollin Hills,Week4,Donaldson Run,Week1,358.0 Donaldson Run - 44.0 Hollin Hills
Highland Park,Week5,Villa Aquatic,Week1,239.0 Highland Park - 163.0 Villa Aquatic
Highlands Swim,Week1,Woodley,Week2,360.0 Highlands Swim - 42.0 Woodley
Hollin Hills,Week2,Annandale,Week4,216.0 Annandale - 183.0 Hollin Hills
Highland Park,Week5,Woodley,Week5,283.0 Highland Park - 119.0 Woodley
Highland Park,Week4,Villa Aquatic,Week1,243.0 Highland Park - 159.0 Villa Aquatic
Highlands Swim,Week2,Mosby Woods,Week5,240.0 Highlands Swim - 162.0 Mosby Woods
Highlands Swim,Week2,Little Hunting Park,Week3,349.0 Highlands Swim - 53.0 Little Hunting Park
Hollin Hills,Week5,Fairfax Club Estates,Week2,249.0 Fairfax Club Estates - 146.0 Hollin Hills
Highlands Swim,Week2,Little Hunting Park,Week1,352.0 Highlands Swim - 50.0 Little Hunting Park
Hollin Hills,Week1,Fairfax Station,Week5,341.0 Fairfax Station - 61.0 Hollin Hills
Highlands Swim,Week4,Mosby Woods,Week2,236.0 Highlands Swim - 166.0 Mosby Woods
Hollin Hills,Week5,Dominion Hills,Week1,291.0 Dominion Hills - 111.0 Hollin Hills
Highland Park,Week5,Woodley,Week3,295.5 Highland Park - 106.5 Woodley
Highlands Swim,Week1,Donaldson Run,Week3,235.0 Highlands Swim - 167.0 Donaldson Run
Highland Park,Week1,Hayfield Farm,Week5,229.0 Highland Park - 173.0 Hayfield Farm
Highlands Swim,Week3,Poplar Heights,Week3,273.0 Highlands Swim - 129.0 Poplar Heights
Highlands Swim,Week2,Donaldson Run,Week5,224.0 Highlands Swim - 178.0 Donaldson Run
Highlands Swim,Week2,Fox Mill Woods,Week2,267.0 Highlands Swim - 135.0 Fox Mill Woods
Highlands Swim,Week5,Waynewood,Week4,280.0 Highlands Swim - 122.0 Waynewood
Highlands Swim,Week4,Fox Mill Woods,Week3,260.0 Highlands Swim - 142.0 Fox Mill Woods
Highlands Swim,Week5,Mosby Woods,Week2,233.0 Highlands Swim - 169.0 Mosby Woods
Highlands Swim,Week3,Poplar Tree,Week2,267.0 Highlands Swim - 135.0 Poplar Tree
Highlands Swim,Week3,Donaldson Run,Week5,216.0 Highlands Swim - 186.0 Donaldson Run
Highlands Swim,Week3,Donaldson Run,Week1,248.0 Highlands Swim - 154.0 Donaldson Run
Hollin Hills,Week3,Dominion Hills,Week3,313.0 Dominion Hills - 89.0 Hollin Hills
Highlands Swim,Week3,Annandale,Week2,347.0 Highlands Swim - 55.0 Annandale
Highlands Swim,Week5,Great Falls,Week3,297.0 Highlands Swim - 105.0 Great Falls
Highlands Swim,Week4,Poplar Heights,Week3,271.0 Highlands Swim - 131.0 Poplar Heights
Highlands Swim,Week2,Mosby Woods,Week1,219.0 Highlands Swim - 183.0 Mosby Woods
Hollin Hills,Week3,Annandale,Week1,222.0 Annandale - 179.0 Hollin Hills
Hollin Hills,Week2,Fairfax Station,Week2,321.0 Fairfax Station - 81.0 Hollin Hills
Hollin Hills,Week4,Donaldson Run,Week3,364.0 Donaldson Run - 38.0 Hollin Hills
Highland Park,Week5,Villa Aquatic,Week3,217.0 Villa Aquatic - 185.0 Highland Park
Highland Park,Week3,Villa Aquatic,Week3,217.0 Villa Aquatic - 185.0 Highland Park
Highlands Swim,Week5,Great Falls,Week5,286.0 Highlands Swim - 116.0 Great Falls
Highlands Swim,Week1,Little Hunting Park,Week5,320.0 Highlands Swim - 81.0 Little Hunting Park
Highlands Swim,Week2,Annandale,Week2,351.0 Highlands Swim - 51.0 Annandale
Hollin Hills,Week4,Annandale,Week1,205.0 Annandale - 192.0 Hollin Hills
Hollin Hills,Week2,Fairfax Station,Week1,322.0 Fairfax Station - 80.0 Hollin Hills
Hollin Hills,Week2,Donaldson Run,Week1,350.0 Donaldson Run - 52.0 Hollin Hills
Highlands Swim,Week1,Poplar Tree,Week1,252.0 Highlands Swim - 150.0 Poplar Tree
Highlands Swim,Week2,Mosby Woods,Week4,254.0 Highlands Swim - 148.0 Mosby Woods
Highlands Swim,Week2,Mosby Woods,Week2,225.0 Highlands Swim - 177.0 Mosby Woods
Highland Park,Week2,Villa Aquatic,Week3,213.0 Villa Aquatic - 189.0 Highland Park
Highlands Swim,Week3,Annandale,Week5,335.0 Highlands Swim - 67.0 Annandale
Hollin Hills,Week1,Donaldson Run,Week5,363.0 Donaldson Run - 38.0 Hollin Hills
Hollin Hills,Week4,Dominion Hills,Week1,310.0 Dominion Hills - 92.0 Hollin Hills
Highlands Swim,Week3,Little Hunting Park,Week2,331.0 Highlands Swim - 71.0 Little Hunting Park
Highlands Swim,Week4,Donaldson Run,Week3,241.0 Highlands Swim - 161.0 Donaldson Run
Hollin Hills,Week1,Annandale,Week4,230.0 Annandale - 171.0 Hollin Hills
Highlands Swim,Week2,Little Hunting Park,Week4,348.0 Highlands Swim - 54.0 Little Hunting Park
Hollin Hills,Week3,Fairfax Station,Week4,327.0 Fairfax Station - 75.0 Hollin Hills
Hollin Hills,Week5,Fairfax Club Estates,Week3,261.0 Fairfax Club Estates - 139.0 Hollin Hills
Highlands Swim,Week3,Little Hunting Park,Week4,344.0 Highlands Swim - 58.0 Little Hunting Park
Highlands Swim,Week4,Mosby Woods,Week4,265.0 Highlands Swim - 137.0 Mosby Woods
Highlands Swim,Week3,Fox Mill Woods,Week2,250.0 Highlands Swim - 152.0 Fox Mill Woods
Highlands Swim,Week4,Annandale,Week1,343.0 Highlands Swim - 59.0 Annandale
Highlands Swim,Week3,Donaldson Run,Week2,238.0 Highlands Swim - 164.0 Donaldson Run
Highlands Swim,Week3,Poplar Tree,Week4,263.0 Highlands Swim - 139.0 Poplar Tree
Highlands Swim,Week2,Great Falls,Week1,315.0 Highlands Swim - 87.0 Great Falls
Hollin Hills,Week1,Fairfax Station,Week1,334.0 Fairfax Station - 68.0 Hollin Hills
Highlands Swim,Week3,Poplar Tree,Week3,252.0 Highlands Swim - 150.0 Poplar Tree
Hollin Hills,Week3,Annandale,Week3,249.0 Annandale - 153.0 Hollin Hills
Highlands Swim,Week3,Great Falls,Week1,315.5 Highlands Swim - 86.5 Great Falls
Highlands Swim,Week5,Mosby Woods,Week4,261.0 Highlands Swim - 141.0 Mosby Woods
Highlands Swim,Week2,Ravensworth Farm,Week3,304.0 Highlands Swim - 98.0 Ravensworth Farm
Highlands Swim,Week3,Little Hunting Park,Week1,345.0 Highlands Swim - 57.0 Little Hunting Park
Hollin Hills,Week3,Fairfax Station,Week5,338.0 Fairfax Station - 64.0 Hollin Hills
Highlands Swim,Week4,Woodley,Week5,350.0 Highlands Swim - 52.0 Woodley
Highlands Swim,Week3,Arlington Forest,Week2,313.0 Highlands Swim - 89.0 Arlington Forest
Highlands Swim,Week4,Poplar Tree,Week5,250.0 Highlands Swim - 152.0 Poplar Tree
Highlands Swim,Week5,Fox Mill Woods,Week2,265.0 Highlands Swim - 137.0 Fox Mill Woods
Highlands Swim,Week5,Fox Mill Woods,Week3,268.0 Highlands Swim - 134.0 Fox Mill Woods
Highlands Swim,Week3,Little Hunting Park,Week5,323.0 Highlands Swim - 79.0 Little Hunting Park
Highlands Swim,Week4,Poplar Tree,Week1,243.0 Highlands Swim - 159.0 Poplar Tree
Hollin Hills,Week2,Annandale,Week3,238.0 Annandale - 163.0 Hollin Hills
Highlands Swim,Week4,Little Hunting Park,Week1,332.0 Highlands Swim - 70.0 Little Hunting Park
Highlands Swim,Week3,Poplar Tree,Week1,247.0 Highlands Swim - 155.0 Poplar Tree
Highlands Swim,Week3,Mosby Woods,Week1,226.0 Highlands Swim - 176.0 Mosby Woods
Highlands Swim,Week4,Donaldson Run,Week5,214.0 Donaldson Run - 188.0 Highlands Swim
Highlands Swim,Week1,Mount Vernon Park,Week1,236.0 Highlands Swim - 166.0 Mount Vernon Park
Highlands Swim,Week3,Great Falls,Week4,303.0 Highlands Swim - 99.0 Great Falls
Hollin Hills,Week2,Fairfax Station,Week3,332.0 Fairfax Station - 68.0 Hollin Hills
Highlands Swim,Week2,Arlington Forest,Week1,327.0 Highlands Swim - 75.0 Arlington Forest
Hollin Hills,Week1,Donaldson Run,Week3,362.0 Donaldson Run - 40.0 Hollin Hills
Highlands Swim,Week5,Donaldson Run,Week4,245.5 Highlands Swim - 156.5 Donaldson Run
Highlands Swim,Week5,Mosby Woods,Week5,240.0 Highlands Swim - 162.0 Mosby Woods
Highlands Swim,Week5,Woodley,Week3,363.0 Highlands Swim - 39.0 Woodley
Hollin Hills,Week4,Dominion Hills,Week3,316.0 Dominion Hills - 85.0 Hollin Hills
Highlands Swim,Week5,Donaldson Run,Week2,250.0 Highlands Swim - 152.0 Donaldson Run
Highlands Swim,Week3,Little Hunting Park,Week3,336.0 Highlands Swim - 66.0 Little Hunting Park
Hollin Hills,Week4,Annandale,Week3,232.0 Annandale - 169.0 Hollin Hills
Hollin Hills,Week4,Fairfax Station,Week1,321.0 Fairfax Station - 81.0 Hollin Hills
Highlands Swim,Week1,Arlington Forest,Week5,259.0 Highlands Swim - 143.0 Arlington Forest
Highlands Swim,Week1,Dowden Terrace,Week1,311.0 Highlands Swim - 91.0 Dowden Terrace
Highlands Swim,Week4,Annandale,Week3,329.0 Highlands Swim - 73.0 Annandale
Hollin Hills,Week3,Dominion Hills,Week5,325.5 Dominion Hills - 76.5 Hollin Hills
Highlands Swim,Week5,Woodley,Week5,359.0 Highlands Swim - 43.0 Woodley
Hollin Hills,Week4,Fairfax Station,Week5,339.0 Fairfax Station - 63.0 Hollin Hills
Hollin Hills,Week4,Fairfax Station,Week4,327.0 Fairfax Station - 73.0 Hollin Hills
Highlands Swim,Week1,Newington Forest,Week5,342.0 Highlands Swim - 60.0 Newington Forest
Hollin Hills,Week1,Donaldson Run,Week1,355.0 Donaldson Run - 47.0 Hollin Hills
Highlands Swim,Week2,Mount Vernon Park,Week5,216.0 Highlands Swim - 186.0 Mount Vernon Park
Highlands Swim,Week3,Great Falls,Week5,279.0 Highlands Swim - 122.0 Great Falls
Highlands Swim,Week3,Woodley,Week5,356.0 Highlands Swim - 46.0 Woodley
Hollin Hills,Week2,Donaldson Run,Week3,359.5 Donaldson Run - 42.5 Hollin Hills
Highlands Swim,Week4,Little Hunting Park,Week3,336.0 Highlands Swim - 66.0 Little Hunting Park
Highlands Swim,Week5,Mount Vernon Park,Week3,258.0 Highlands Swim - 144.0 Mount Vernon Park
Highlands Swim,Week4,Little Hunting Park,Week4,337.0 Highlands Swim - 65.0 Little Hunting Park
Highlands Swim,Week3,Arlington Forest,Week5,272.0 Highlands Swim - 130.0 Arlington Forest
Hollin Hills,Week5,Fairfax Station,Week2,313.0 Fairfax Station - 89.0 Hollin Hills
Highlands Swim,Week1,Dowden Terrace,Week4,288.0 Highlands Swim - 114.0 Dowden Terrace
Highlands Swim,Week2,Dowden Terrace,Week2,312.0 Highlands Swim - 90.0 Dowden Terrace
Highlands Swim,Week4,Great Falls,Week2,298.0 Highlands Swim - 86.0 Great Falls
Highlands Swim,Week4,Ravensworth Farm,Week4,277.0 Highlands Swim - 125.0 Ravensworth Farm
Highlands Swim,Week4,Little Hunting Park,Week2,324.0 Highlands Swim - 78.0 Little Hunting Park
Highlands Swim,Week5,Poplar Tree,Week2,267.0 Highlands Swim - 130.0 Poplar Tree
Highlands Swim,Week3,Woodley,Week2,362.0 Highlands Swim - 40.0 Woodley
Highlands Swim,Week3,Great Falls,Week2,295.5 Highlands Swim - 88.5 Great Falls
Hollin Hills,Week4,Dominion Hills,Week5,326.0 Dominion Hills - 75.0 Hollin Hills
Highlands Swim,Week3,Arlington Forest,Week3,325.0 Highlands Swim - 77.0 Arlington Forest
Highlands Swim,Week5,Annandale,Week3,338.0 Highlands Swim - 64.0 Annandale
Highlands Swim,Week2,Arlington Forest,Week3,331.5 Highlands Swim - 70.5 Arlington Forest
Highlands Swim,Week5,Little Hunting Park,Week3,338.0 Highlands Swim - 64.0 Little Hunting Park
Hollin Hills,Week3,Forest Hollow,Week5,325.0 Forest Hollow - 77.0 Hollin Hills
Highlands Swim,Week4,Woodley,Week2,353.0 Highlands Swim - 49.0 Woodley
Highlands Swim,Week4,Poplar Tree,Week4,259.0 Highlands Swim - 143.0 Poplar Tree
Hollin Hills,Week3,Dominion Hills,Week2,337.0 Dominion Hills - 65.0 Hollin Hills
Highlands Swim,Week2,Great Falls,Week5,284.0 Highlands Swim - 117.0 Great Falls
Highlands Swim,Week3,Great Falls,Week3,291.0 Highlands Swim - 111.0 Great Falls
Hollin Hills,Week5,Fairfax Station,Week4,315.0 Fairfax Station - 87.0 Hollin Hills
Hollin Hills,Week3,Forest Hollow,Week3,306.0 Forest Hollow - 96.0 Hollin Hills
Highlands Swim,Week3,Mount Vernon Park,Week2,248.0 Highlands Swim - 154.0 Mount Vernon Park
Highlands Swim,Week1,Mount Vernon Park,Week4,235.0 Highlands Swim - 167.0 Mount Vernon Park
Highlands Swim,Week5,Little Hunting Park,Week4,344.0 Highlands Swim - 58.0 Little Hunting Park
Highlands Swim,Week1,Dowden Terrace,Week5,264.0 Highlands Swim - 138.0 Dowden Terrace
Hollin Hills,Week5,Dominion Hills,Week2,313.0 Dominion Hills - 89.0 Hollin Hills
Highlands Swim,Week5,Poplar Tree,Week3,261.0 Highlands Swim - 141.0 Poplar Tree
Highlands Swim,Week2,Dowden Terrace,Week3,323.0 Highlands Swim - 79.0 Dowden Terrace
Highlands Swim,Week4,Arlington Forest,Week2,295.0 Highlands Swim - 107.0 Arlington Forest
Highlands Swim,Week4,Little Hunting Park,Week5,329.0 Highlands Swim - 72.0 Little Hunting Park
Highlands Swim,Week2,Great Falls,Week4,315.0 Highlands Swim - 87.0 Great Falls
Hollin Hills,Week3,Dominion Hills,Week4,328.0 Dominion Hills - 73.0 Hollin Hills
Highlands Swim,Week1,Little Rocky Run,Week1,248.0 Highlands Swim - 154.0 Little Rocky Run
Highlands Swim,Week2,Great Falls,Week3,293.0 Highlands Swim - 109.0 Great Falls
Hollin Hills,Week1,Fox Hunt,Week5,318.0 Fox Hunt - 83.0 Hollin Hills
Highlands Swim,Week2,Mount Vernon Park,Week4,263.0 Highlands Swim - 139.0 Mount Vernon Park
Highlands Swim,Week4,Woodley,Week3,360.0 Highlands Swim - 42.0 Woodley
Highlands Swim,Week4,Woodley,Week1,352.0 Highlands Swim - 50.0 Woodley
Highlands Swim,Week4,Great Falls,Week3,285.0 Highlands Swim - 117.0 Great Falls
Highlands Swim,Week5,Poplar Tree,Week1,253.0 Highlands Swim - 149.0 Poplar Tree
Highlands Swim,Week1,Ravensworth Farm,Week4,278.0 Highlands Swim - 124.0 Ravensworth Farm
Hollin Hills,Week2,Fox Hunt,Week1,286.5 Fox Hunt - 112.5 Hollin Hills
Highlands Swim,Week2,Arlington Forest,Week2,330.0 Highlands Swim - 72.0 Arlington Forest
Hollin Hills,Week5,Dominion Hills,Week5,313.0 Dominion Hills - 88.0 Hollin Hills
Highlands Swim,Week5,Dowden Terrace,Week1,310.0 Highlands Swim - 92.0 Dowden Terrace
Highlands Swim,Week2,Arlington Forest,Week5,284.0 Highlands Swim - 118.0 Arlington Forest
Hollin Hills,Week5,Dominion Hills,Week3,280.0 Dominion Hills - 122.0 Hollin Hills
Highlands Swim,Week3,Mount Vernon Park,Week1,248.0 Highlands Swim - 154.0 Mount Vernon Park
Highlands Swim,Week1,Ravensworth Farm,Week3,292.0 Highlands Swim - 110.0 Ravensworth Farm
Highlands Swim,Week3,Dowden Terrace,Week4,288.0 Highlands Swim - 114.0 Dowden Terrace
Highlands Swim,Week1,Arlington Forest,Week2,306.0 Highlands Swim - 96.0 Arlington Forest
Highlands Swim,Week4,Woodley,Week4,349.0 Highlands Swim - 53.0 Woodley
Highlands Swim,Week3,Dowden Terrace,Week5,266.5 Highlands Swim - 135.5 Dowden Terrace
Highlands Swim,Week4,Great Falls,Week4,309.0 Highlands Swim - 93.0 Great Falls
Highlands Swim,Week3,Woodley,Week3,362.0 Highlands Swim - 40.0 Woodley
Highlands Swim,Week1,Ravensworth Farm,Week1,271.0 Highlands Swim - 131.0 Ravensworth Farm
Highlands Swim,Week4,Mount Vernon Park,Week1,246.0 Highlands Swim - 156.0 Mount Vernon Park
Hollin Hills,Week3,Donaldson Run,Week2,360.0 Donaldson Run - 42.0 Hollin Hills
Highlands Swim,Week2,Ravensworth Farm,Week1,292.5 Highlands Swim - 109.5 Ravensworth Farm
Highlands Swim,Week5,Woodley,Week1,357.0 Highlands Swim - 45.0 Woodley
Highlands Swim,Week2,Great Falls,Week2,296.0 Highlands Swim - 88.0 Great Falls
Highlands Swim,Week4,Dowden Terrace,Week5,251.0 Highlands Swim - 151.0 Dowden Terrace
Hollin Hills,Week2,Forest Hollow,Week5,324.0 Forest Hollow - 77.0 Hollin Hills
Highlands Swim,Week4,Dowden Terrace,Week1,295.0 Highlands Swim - 107.0 Dowden Terrace
Highlands Swim,Week1,Great Falls,Week4,294.0 Highlands Swim - 108.0 Great Falls
Highlands Swim,Week2,Mount Vernon Park,Week1,248.0 Highlands Swim - 154.0 Mount Vernon Park
Highlands Swim,Week2,Little Rocky Run,Week5,219.0 Highlands Swim - 183.0 Little Rocky Run
Hollin Hills,Week2,Fox Hunt,Week4,289.0 Fox Hunt - 108.0 Hollin Hills
Highlands Swim,Week5,Woodley,Week4,361.0 Highlands Swim - 41.0 Woodley
Highlands Swim,Week1,Mount Vernon Park,Week5,211.5 Highlands Swim - 190.5 Mount Vernon Park
Highlands Swim,Week5,Woodley,Week2,362.0 Highlands Swim - 40.0 Woodley
Hollin Hills,Week2,Forest Hollow,Week4,325.0 Forest Hollow - 77.0 Hollin Hills
Highlands Swim,Week2,Dowden Terrace,Week5,264.0 Highlands Swim - 138.0 Dowden Terrace
Highlands Swim,Week1,Little Rocky Run,Week3,223.0 Highlands Swim - 179.0 Little Rocky Run
Highlands Swim,Week3,Ravensworth Farm,Week1,288.0 Highlands Swim - 114.0 Ravensworth Farm
Highlands Swim,Week3,Little Rocky Run,Week2,239.0 Highlands Swim - 163.0 Little Rocky Run
Highlands Swim,Week4,Great Falls,Week5,289.0 Highlands Swim - 113.0 Great Falls
Highlands Swim,Week2,Little Rocky Run,Week3,244.0 Highlands Swim - 158.0 Little Rocky Run
Highlands Swim,Week1,Arlington Forest,Week4,278.0 Highlands Swim - 124.0 Arlington Forest
Hollin Hills,Week2,Donaldson Run,Week5,362.0 Donaldson Run - 39.0 Hollin Hills
Highlands Swim,Week5,Annandale,Week1,343.0 Highlands Swim - 59.0 Annandale
Highlands Swim,Week4,Arlington Forest,Week3,316.0 Highlands Swim - 86.0 Arlington Forest
Highlands Swim,Week3,Mount Vernon Park,Week3,232.0 Highlands Swim - 170.0 Mount Vernon Park
Hollin Hills,Week1,Donaldson Run,Week2,353.0 Donaldson Run - 49.0 Hollin Hills
Highlands Swim,Week5,Poplar Tree,Week5,255.0 Highlands Swim - 147.0 Poplar Tree
Highlands Swim,Week3,Dowden Terrace,Week3,302.0 Highlands Swim - 100.0 Dowden Terrace
Hollin Hills,Week4,Forest Hollow,Week2,311.0 Forest Hollow - 89.0 Hollin Hills
Highlands Swim,Week4,Ravensworth Farm,Week5,281.0 Highlands Swim - 121.0 Ravensworth Farm
Highlands Swim,Week1,Mount Vernon Park,Week2,237.0 Highlands Swim - 165.0 Mount Vernon Park
Highlands Swim,Week5,Annandale,Week2,342.0 Highlands Swim - 60.0 Annandale
Highlands Swim,Week5,Great Falls,Week2,305.0 Highlands Swim - 74.0 Great Falls
Highlands Swim,Week3,Little Rocky Run,Week1,246.0 Highlands Swim - 156.0 Little Rocky Run
Highlands Swim,Week5,Dowden Terrace,Week2,297.0 Highlands Swim - 105.0 Dowden Terrace
Hollin Hills,Week4,Dominion Hills,Week2,311.0 Dominion Hills - 91.0 Hollin Hills
Hollin Hills,Week3,Forest Hollow,Week2,295.0 Forest Hollow - 107.0 Hollin Hills
Hollin Hills,Week1,Annandale,Week1,228.0 Annandale - 173.0 Hollin Hills
Highlands Swim,Week5,Dowden Terrace,Week4,291.0 Highlands Swim - 111.0 Dowden Terrace
Highlands Swim,Week1,Great Falls,Week2,284.0 Highlands Swim - 100.0 Great Falls
Highlands Swim,Week1,Arlington Forest,Week3,320.0 Highlands Swim - 82.0 Arlington Forest
Highlands Swim,Week3,Ravensworth Farm,Week4,287.0 Highlands Swim - 115.0 Ravensworth Farm
Hollin Hills,Week2,Forest Hollow,Week2,310.0 Forest Hollow - 90.0 Hollin Hills
Highlands Swim,Week3,Mount Vernon Park,Week5,213.5 Highlands Swim - 188.5 Mount Vernon Park
Hollin Hills,Week4,Dominion Hills,Week4,325.5 Dominion Hills - 72.5 Hollin Hills
Highlands Swim,Week3,Little Rocky Run,Week3,224.0 Highlands Swim - 178.0 Little Rocky Run
Highlands Swim,Week2,Mount Vernon Park,Week2,256.0 Highlands Swim - 146.0 Mount Vernon Park
Hollin Hills,Week1,Annandale,Week3,249.0 Annandale - 153.0 Hollin Hills
Hollin Hills,Week1,Annandale,Week2,243.0 Annandale - 159.0 Hollin Hills
Hollin Hills,Week5,Dominion Hills,Week4,318.0 Dominion Hills - 83.0 Hollin Hills
Highlands Swim,Week2,Little Rocky Run,Week4,251.0 Highlands Swim - 151.0 Little Rocky Run
Highlands Swim,Week4,Dowden Terrace,Week4,270.0 Highlands Swim - 132.0 Dowden Terrace
Highlands Swim,Week2,Arlington Forest,Week4,302.0 Highlands Swim - 100.0 Arlington Forest
Highlands Swim,Week3,Ravensworth Farm,Week2,305.0 Highlands Swim - 97.0 Ravensworth Farm
Highlands Swim,Week2,Ravensworth Farm,Week2,309.0 Highlands Swim - 93.0 Ravensworth Farm
Highlands Swim,Week1,Mount Vernon Park,Week3,226.0 Highlands Swim - 176.0 Mount Vernon Park
Highlands Swim,Week4,Little Rocky Run,Week2,236.0 Highlands Swim - 166.0 Little Rocky Run
Highlands Swim,Week4,Little Rocky Run,Week3,220.0 Highlands Swim - 182.0 Little Rocky Run
Hollin Hills,Week3,Forest Hollow,Week4,322.0 Forest Hollow - 80.0 Hollin Hills
Highlands Swim,Week3,Arlington Forest,Week1,316.0 Highlands Swim - 86.0 Arlington Forest
Hollin Hills,Week3,Donaldson Run,Week3,369.0 Donaldson Run - 33.0 Hollin Hills
Highlands Swim,Week2,Dowden Terrace,Week4,300.0 Highlands Swim - 102.0 Dowden Terrace
Hollin Hills,Week2,Annandale,Week2,242.0 Annandale - 160.0 Hollin Hills
Highlands Swim,Week1,Dunn Loring,Week1,265.5 Highlands Swim - 136.5 Dunn Loring
Hollin Hills,Week3,Donaldson Run,Week5,367.0 Donaldson Run - 35.0 Hollin Hills
Hollin Hills,Week2,Donaldson Run,Week2,356.0 Donaldson Run - 46.0 Hollin Hills
Highlands Swim,Week3,Little Rocky Run,Week4,241.5 Highlands Swim - 160.5 Little Rocky Run
Highlands Swim,Week5,Ravensworth Farm,Week2,306.0 Highlands Swim - 96.0 Ravensworth Farm
Hollin Hills,Week5,Forest Hollow,Week4,311.0 Forest Hollow - 91.0 Hollin Hills
Highlands Swim,Week1,Arlington Forest,Week1,302.0 Highlands Swim - 100.0 Arlington Forest
Highlands Swim,Week1,Great Falls,Week5,267.0 Highlands Swim - 135.0 Great Falls
Highlands Swim,Week4,Dowden Terrace,Week3,299.0 Highlands Swim - 103.0 Dowden Terrace
Highlands Swim,Week4,Arlington Forest,Week1,305.0 Highlands Swim - 97.0 Arlington Forest
Highlands Swim,Week1,Great Falls,Week1,302.0 Highlands Swim - 100.0 Great Falls
Hollin Hills,Week1,Forest Hollow,Week5,328.0 Forest Hollow - 74.0 Hollin Hills
Highlands Swim,Week5,Dowden Terrace,Week5,277.0 Highlands Swim - 125.0 Dowden Terrace
Hollin Hills,Week4,Donaldson Run,Week2,367.0 Donaldson Run - 35.0 Hollin Hills
Highlands Swim,Week4,Mount Vernon Park,Week4,255.0 Highlands Swim - 147.0 Mount Vernon Park
Highlands Swim,Week5,Little Rocky Run,Week3,247.0 Highlands Swim - 155.0 Little Rocky Run
Highlands Swim,Week5,Poplar Tree,Week4,261.0 Highlands Swim - 141.0 Poplar Tree
Highlands Swim,Week3,Ravensworth Farm,Week5,279.0 Highlands Swim - 123.0 Ravensworth Farm
Highlands Swim,Week1,Great Falls,Week3,284.0 Highlands Swim - 118.0 Great Falls
Highlands Swim,Week5,Annandale,Week4,349.0 Highlands Swim - 53.0 Annandale
Highlands Swim,Week3,Woodley,Week4,358.0 Highlands Swim - 44.0 Woodley
Highlands Swim,Week4,Great Falls,Week1,310.0 Highlands Swim - 92.0 Great Falls
Hollin Hills,Week5,Forest Hollow,Week2,296.0 Forest Hollow - 106.0 Hollin Hills
Highlands Swim,Week5,Great Falls,Week1,326.0 Highlands Swim - 76.0 Great Falls
Hollin Hills,Week1,Annandale,Week5,262.0 Annandale - 139.0 Hollin Hills
Hollin Hills,Week2,Annandale,Week1,220.0 Annandale - 178.0 Hollin Hills
Hollin Hills,Week3,Donaldson Run,Week4,363.5 Donaldson Run - 38.5 Hollin Hills
Hollin Hills,Week4,Forest Hollow,Week5,332.0 Forest Hollow - 68.0 Hollin Hills
Highlands Swim,Week4,Mount Vernon Park,Week3,231.0 Highlands Swim - 171.0 Mount Vernon Park
Highlands Swim,Week3,Mount Vernon Park,Week4,258.0 Highlands Swim - 144.0 Mount Vernon Park
Highlands Swim,Week3,Arlington Forest,Week4,291.0 Highlands Swim - 111.0 Arlington Forest
Highlands Swim,Week4,Dowden Terrace,Week2,285.0 Highlands Swim - 117.0 Dowden Terrace
Highlands Swim,Week1,Newington Forest,Week2,357.0 Highlands Swim - 45.0 Newington Forest
Highlands Swim,Week1,Ravensworth Farm,Week2,308.0 Highlands Swim - 94.0 Ravensworth Farm
Highlands Swim,Week4,Little Rocky Run,Week1,237.0 Highlands Swim - 165.0 Little Rocky Run
Hollin Hills,Week1,Fox Hunt,Week1,290.0 Fox Hunt - 106.0 Hollin Hills
Hollin Hills,Week3,Dowden Terrace,Week4,291.5 Dowden Terrace - 110.5 Hollin Hills
Hollin Hills,Week3,Annandale,Week4,227.0 Annandale - 175.0 Hollin Hills
Highlands Swim,Week5,Great Falls,Week4,315.5 Highlands Swim - 81.5 Great Falls
Highlands Swim,Week2,Little Rocky Run,Week2,256.0 Highlands Swim - 146.0 Little Rocky Run
Highlands Swim,Week4,Ravensworth Farm,Week1,277.0 Highlands Swim - 125.0 Ravensworth Farm
Hollin Hills,Week3,Annandale,Week2,240.0 Annandale - 162.0 Hollin Hills
Hollin Hills,Week1,Forest Hollow,Week4,326.0 Forest Hollow - 76.0 Hollin Hills
Highlands Swim,Week5,Annandale,Week5,335.0 Highlands Swim - 67.0 Annandale
Highlands Swim,Week5,Mount Vernon Park,Week1,260.0 Highlands Swim - 137.0 Mount Vernon Park
Hollin Hills,Week5,Forest Hollow,Week5,322.0 Forest Hollow - 80.0 Hollin Hills
Hollin Hills,Week2,Annandale,Week5,242.0 Annandale - 159.0 Hollin Hills
Hollin Hills,Week5,Dowden Terrace,Week2,280.0 Dowden Terrace - 122.0 Hollin Hills
Highlands Swim,Week3,Ravensworth Farm,Week3,279.0 Highlands Swim - 123.0 Ravensworth Farm
Highlands Swim,Week3,Dowden Terrace,Week2,291.0 Highlands Swim - 111.0 Dowden Terrace
Highlands Swim,Week1,Newington Forest,Week1,358.0 Highlands Swim - 44.0 Newington Forest
Highlands Swim,Week4,Little Rocky Run,Week5,217.0 Highlands Swim - 185.0 Little Rocky Run
Hollin Hills,Week1,Dowden Terrace,Week1,294.0 Dowden Terrace - 108.0 Hollin Hills
Hollin Hills,Week4,Donaldson Run,Week5,371.0 Donaldson Run - 30.0 Hollin Hills
Highlands Swim,Week1,Dunn Loring,Week2,241.0 Highlands Swim - 161.0 Dunn Loring
Highlands Swim,Week1,Little Rocky Run,Week5,207.0 Highlands Swim - 195.0 Little Rocky Run
Highlands Swim,Week5,Mount Vernon Park,Week2,264.0 Highlands Swim - 138.0 Mount Vernon Park
Highlands Swim,Week1,Greenbriar,Week2,249.0 Highlands Swim - 153.0 Greenbriar
Hollin Hills,Week3,Annandale,Week5,248.0 Annandale - 153.0 Hollin Hills
Hollin Hills,Week2,Forest Hollow,Week1,325.0 Forest Hollow - 75.0 Hollin Hills
Highlands Swim,Week1,Greenbriar,Week3,270.0 Highlands Swim - 132.0 Greenbriar
Highlands Swim,Week5,Dowden Terrace,Week3,317.0 Highlands Swim - 85.0 Dowden Terrace
Highlands Swim,Week4,Ravensworth Farm,Week2,302.0 Highlands Swim - 100.0 Ravensworth Farm
Highlands Swim,Week1,Greenbriar,Week4,286.0 Highlands Swim - 116.0 Greenbriar
Highlands Swim,Week2,Little Rocky Run,Week1,263.0 Highlands Swim - 139.0 Little Rocky Run
Highlands Swim,Week1,Dunn Loring,Week3,235.0 Highlands Swim - 167.0 Dunn Loring
Highlands Swim,Week1,Newington Forest,Week3,362.0 Highlands Swim - 40.0 Newington Forest
Hollin Hills,Week1,Dowden Terrace,Week2,306.0 Dowden Terrace - 96.0 Hollin Hills
Highlands Swim,Week5,Little Rocky Run,Week1,251.0 Highlands Swim - 151.0 Little Rocky Run
Highlands Swim,Week2,Greenbriar,Week1,275.0 Highlands Swim - 127.0 Greenbriar
Highlands Swim,Week2,Mount Vernon Park,Week3,228.0 Highlands Swim - 174.0 Mount Vernon Park
Highlands Swim,Week1,Dunn Loring,Week4,241.0 Highlands Swim - 161.0 Dunn Loring
Highlands Swim,Week4,Poplar Tree,Week3,249.0 Highlands Swim - 153.0 Poplar Tree
Highlands Swim,Week5,Little Rocky Run,Week2,258.0 Highlands Swim - 144.0 Little Rocky Run
Hollin Hills,Week2,Arlington Forest,Week3,298.0 Arlington Forest - 104.0 Hollin Hills
Hollin Hills,Week4,Forest Hollow,Week4,328.0 Forest Hollow - 73.0 Hollin Hills
Hollin Hills,Week1,Dowden Terrace,Week3,311.0 Dowden Terrace - 91.0 Hollin Hills
Highlands Swim,Week2,Ravensworth Farm,Week4,293.0 Highlands Swim - 109.0 Ravensworth Farm
Hollin Hills,Week4,Forest Hollow,Week3,327.0 Forest Hollow - 75.0 Hollin Hills
Hollin Hills,Week5,Donaldson Run,Week5,359.0 Donaldson Run - 43.0 Hollin Hills
Highlands Swim,Week1,Ravensworth Farm,Week5,268.0 Highlands Swim - 134.0 Ravensworth Farm
Highlands Swim,Week1,Greenbriar,Week5,274.0 Highlands Swim - 128.0 Greenbriar
Hollin Hills,Week4,Annandale,Week2,242.0 Annandale - 160.0 Hollin Hills
Hollin Hills,Week4,Forest Hollow,Week1,321.0 Forest Hollow - 79.0 Hollin Hills
Highlands Swim,Week1,Greenbriar,Week1,257.0 Highlands Swim - 145.0 Greenbriar
Highlands Swim,Week4,Mount Vernon Park,Week5,221.0 Highlands Swim - 181.0 Mount Vernon Park
Highlands Swim,Week2,Dowden Terrace,Week1,311.0 Highlands Swim - 91.0 Dowden Terrace
Hollin Hills,Week4,Arlington Forest,Week2,286.0 Arlington Forest - 116.0 Hollin Hills
Highlands Swim,Week4,Little Rocky Run,Week4,239.0 Highlands Swim - 163.0 Little Rocky Run
Highlands Swim,Week4,Mount Vernon Park,Week2,254.0 Highlands Swim - 148.0 Mount Vernon Park
Hollin Hills,Week4,Arlington Forest,Week5,315.0 Arlington Forest - 87.0 Hollin Hills
Highlands Swim,Week1,Dunn Loring,Week5,234.0 Highlands Swim - 168.0 Dunn Loring
Hollin Hills,Week5,Donaldson Run,Week1,356.0 Donaldson Run - 46.0 Hollin Hills
Highlands Swim,Week4,Newington Forest,Week2,342.0 Highlands Swim - 60.0 Newington Forest
Highlands Swim,Week5,Ravensworth Farm,Week1,294.0 Highlands Swim - 108.0 Ravensworth Farm
Highlands Swim,Week3,Brandywine,Week2,299.0 Highlands Swim - 103.0 Brandywine
Highlands Swim,Week4,Ravensworth Farm,Week3,289.0 Highlands Swim - 113.0 Ravensworth Farm
Hollin Hills,Week1,Fox Hunt,Week4,296.0 Fox Hunt - 104.0 Hollin Hills
Highland Park,Week3,Herndon,Week2,315.0 Highland Park - 87.0 Herndon
Hollin Hills,Week5,Donaldson Run,Week2,352.0 Donaldson Run - 50.0 Hollin Hills
Highlands Swim,Week4,Hollin Hills,Week2,364.0 Highlands Swim - 38.0 Hollin Hills
Highlands Swim,Week3,Brandywine,Week5,272.0 Highlands Swim - 130.0 Brandywine
Highland Park,Week4,Herndon,Week4,347.0 Highland Park - 55.0 Herndon
Highlands Swim,Week2,Greenbriar,Week4,295.0 Highlands Swim - 107.0 Greenbriar
Hollin Hills,Week1,Arlington Forest,Week4,323.0 Arlington Forest - 79.0 Hollin Hills
Highlands Swim,Week5,Ravensworth Farm,Week3,293.0 Highlands Swim - 109.0 Ravensworth Farm
Highlands Swim,Week2,Ravensworth Farm,Week5,278.0 Highlands Swim - 124.0 Ravensworth Farm
Highlands Swim,Week3,Hollin Hills,Week5,350.0 Highlands Swim - 52.0 Hollin Hills
Highlands Swim,Week3,Greenbriar,Week1,277.0 Highlands Swim - 125.0 Greenbriar
Hollin Hills,Week1,Dowden Terrace,Week4,307.0 Dowden Terrace - 95.0 Hollin Hills
Highlands Swim,Week5,Mount Vernon Park,Week5,234.0 Highlands Swim - 168.0 Mount Vernon Park
Hollin Hills,Week3,Forest Hollow,Week1,322.0 Forest Hollow - 80.0 Hollin Hills
Highlands Swim,Week1,Newington Forest,Week4,357.5 Highlands Swim - 44.5 Newington Forest
Highlands Swim,Week2,Greenbriar,Week5,281.0 Highlands Swim - 121.0 Greenbriar
Highland Park,Week2,Herndon,Week2,331.0 Highland Park - 71.0 Herndon
Hollin Hills,Week5,Forest Hollow,Week3,313.0 Forest Hollow - 89.0 Hollin Hills
Highlands Swim,Week2,Greenbriar,Week2,274.0 Highlands Swim - 128.0 Greenbriar
Highlands Swim,Week2,Greenbriar,Week3,274.0 Highlands Swim - 128.0 Greenbriar
Hollin Hills,Week1,Arlington Forest,Week1,316.0 Arlington Forest - 86.0 Hollin Hills
Highlands Swim,Week3,Brandywine,Week1,303.0 Highlands Swim - 99.0 Brandywine
Hollin Hills,Week1,Fox Hunt,Week2,292.0 Fox Hunt - 104.0 Hollin Hills
Highlands Swim,Week5,Ravensworth Farm,Week4,293.0 Highlands Swim - 109.0 Ravensworth Farm
Hollin Hills,Week5,Annandale,Week4,223.0 Annandale - 176.0 Hollin Hills
Highlands Swim,Week3,Little Rocky Run,Week5,225.0 Highlands Swim - 177.0 Little Rocky Run
Highlands Swim,Week3,Dowden Terrace,Week1,293.0 Highlands Swim - 109.0 Dowden Terrace
Hollin Hills,Week5,Arlington Forest,Week2,288.0 Arlington Forest - 109.0 Hollin Hills
Highlands Swim,Week5,Mount Vernon Park,Week4,280.0 Highlands Swim - 122.0 Mount Vernon Park
Highlands Swim,Week1,Hollin Hills,Week5,360.0 Highlands Swim - 42.0 Hollin Hills
Hollin Hills,Week2,Dowden Terrace,Week2,290.0 Dowden Terrace - 107.0 Hollin Hills
Hollin Hills,Week2,Dowden Terrace,Week5,323.0 Dowden Terrace - 79.0 Hollin Hills
Highlands Swim,Week2,Hollin Hills,Week3,366.0 Highlands Swim - 36.0 Hollin Hills
Highlands Swim,Week2,North Springfield,Week4,356.0 Highlands Swim - 36.0 North Springfield
Highland Park,Week3,Herndon,Week3,319.0 Highland Park - 83.0 Herndon
Highland Park,Week1,Herndon,Week4,334.0 Highland Park - 68.0 Herndon
Hollin Hills,Week5,Arlington Forest,Week4,317.0 Arlington Forest - 85.0 Hollin Hills
Highland Park,Week5,Herndon,Week1,339.0 Highland Park - 63.0 Herndon
Hollin Hills,Week5,Arlington Forest,Week5,303.0 Arlington Forest - 94.0 Hollin Hills
Highlands Swim,Week3,Hamlet,Week2,221.0 Highlands Swim - 181.0 Hamlet
Highlands Swim,Week5,Brandywine,Week1,302.0 Highlands Swim - 100.0 Brandywine
Highlands Swim,Week3,Riverside Gardens,Week2,291.0 Highlands Swim - 111.0 Riverside Gardens
Highlands Swim,Week4,Riverside Gardens,Week5,259.0 Highlands Swim - 143.0 Riverside Gardens
Highlands Swim,Week4,Brandywine,Week3,288.0 Highlands Swim - 114.0 Brandywine
Highlands Swim,Week1,Riverside Gardens,Week2,281.0 Highlands Swim - 121.0 Riverside Gardens
Hollin Hills,Week5,Forest Hollow,Week1,304.0 Forest Hollow - 98.0 Hollin Hills
Highland Park,Week4,Herndon,Week5,341.0 Highland Park - 61.0 Herndon
Hollin Hills,Week2,Forest Hollow,Week3,319.0 Forest Hollow - 83.0 Hollin Hills
Highlands Swim,Week5,Brandywine,Week3,293.0 Highlands Swim - 109.0 Brandywine
Highlands Swim,Week5,Hollin Hills,Week4,364.0 Highlands Swim - 38.0 Hollin Hills
Hollin Hills,Week2,Fox Hunt,Week2,290.5 Fox Hunt - 106.5 Hollin Hills
Hollin Hills,Week5,Donaldson Run,Week3,357.0 Donaldson Run - 45.0 Hollin Hills
Highlands Swim,Week3,Brandywine,Week3,292.0 Highlands Swim - 110.0 Brandywine
Highlands Swim,Week3,Hollin Hills,Week3,353.0 Highlands Swim - 49.0 Hollin Hills
Highlands Swim,Week1,Hamlet,Week1,232.0 Highlands Swim - 170.0 Hamlet
Highlands Swim,Week2,North Springfield,Week1,330.0 Highlands Swim - 21.0 North Springfield
Hollin Hills,Week2,Dowden Terrace,Week4,305.0 Dowden Terrace - 97.0 Hollin Hills
Highlands Swim,Week1,North Springfield,Week2,343.0 Highlands Swim - 45.0 North Springfield
Hollin Hills,Week2,Dowden Terrace,Week1,299.0 Dowden Terrace - 101.0 Hollin Hills
Highlands Swim,Week3,Hamlet,Week4,239.0 Highlands Swim - 163.0 Hamlet
Hollin Hills,Week1,Fox Hunt,Week3,288.0 Fox Hunt - 113.0 Hollin Hills
Highlands Swim,Week5,Riverside Gardens,Week4,273.0 Highlands Swim - 129.0 Riverside Gardens
Hollin Hills,Week2,Arlington Forest,Week2,290.0 Arlington Forest - 112.0 Hollin Hills
Highlands Swim,Week1,North Springfield,Week4,348.0 Highlands Swim - 44.0 North Springfield
Highlands Swim,Week5,Hollin Hills,Week2,363.0 Highlands Swim - 39.0 Hollin Hills
Highlands Swim,Week4,Greenbriar,Week1,249.5 Highlands Swim - 152.5 Greenbriar
Hollin Hills,Week5,Annandale,Week3,233.0 Annandale - 163.0 Hollin Hills
Hollin Hills,Week1,Arlington Forest,Week5,300.0 Arlington Forest - 102.0 Hollin Hills
Hollin Hills,Week3,Arlington Forest,Week4,323.0 Arlington Forest - 79.0 Hollin Hills
Highlands Swim,Week3,Newington Forest,Week4,357.0 Highlands Swim - 45.0 Newington Forest
Hollin Hills,Week2,Fox Hunt,Week3,297.0 Fox Hunt - 103.0 Hollin Hills
Highlands Swim,Week5,Brandywine,Week5,290.0 Highlands Swim - 112.0 Brandywine
Hollin Hills,Week3,Dowden Terrace,Week2,295.0 Dowden Terrace - 107.0 Hollin Hills
Highlands Swim,Week5,Newington Forest,Week5,342.0 Highlands Swim - 60.0 Newington Forest
Highlands Swim,Week2,Hollin Hills,Week5,360.5 Highlands Swim - 41.5 Hollin Hills
Highland Park,Week4,Herndon,Week3,352.0 Highland Park - 50.0 Herndon
Hollin Hills,Week1,Dowden Terrace,Week5,323.0 Dowden Terrace - 79.0 Hollin Hills
Highlands Swim,Week4,Hamlet,Week2,224.0 Highlands Swim - 178.0 Hamlet
Highlands Swim,Week4,Highlands Swim,Week3,211.0 Highlands Swim (HS1) - 191.0 Highlands Swim (HS2)
Highlands Swim,Week1,Bren Mar-Edsall Park,Week3,374.0 Highlands Swim - 28.0 Bren Mar-Edsall Park
Highlands Swim,Week1,Rolling Forest,Week4,322.5 Highlands Swim - 79.5 Rolling Forest
Highlands Swim,Week3,Newington Forest,Week1,359.0 Highlands Swim - 43.0 Newington Forest
Hollin Hills,Week4,Donaldson Run,Week4,369.0 Donaldson Run - 33.0 Hollin Hills
Highland Park,Week5,Herndon,Week3,347.0 Highland Park - 55.0 Herndon
Highlands Swim,Week5,Greenbriar,Week5,274.0 Highlands Swim - 128.0 Greenbriar
Highlands Swim,Week1,Bren Mar-Edsall Park,Week1,378.0 Highlands Swim - 24.0 Bren Mar-Edsall Park
Hollin Hills,Week4,Fox Hunt,Week3,292.0 Fox Hunt - 108.0 Hollin Hills
Highlands Swim,Week1,Rolling Forest,Week2,333.0 Highlands Swim - 69.0 Rolling Forest
Highlands Swim,Week1,Hollin Hills,Week2,366.0 Highlands Swim - 36.0 Hollin Hills
Hollin Hills,Week2,Arlington Forest,Week4,327.0 Arlington Forest - 75.0 Hollin Hills
Highlands Swim,Week2,Rolling Forest,Week1,327.0 Highlands Swim - 75.0 Rolling Forest
Highland Park,Week5,Herndon,Week2,338.0 Highland Park - 64.0 Herndon
Highlands Swim,Week4,Greenbriar,Week3,260.0 Highlands Swim - 142.0 Greenbriar
Highlands Swim,Week5,Riverside Gardens,Week1,298.0 Highlands Swim - 104.0 Riverside Gardens
Hollin Hills,Week4,Arlington Forest,Week1,310.0 Arlington Forest - 92.0 Hollin Hills
Highlands Swim,Week2,Hollin Hills,Week2,360.0 Highlands Swim - 42.0 Hollin Hills
Highlands Swim,Week1,North Springfield,Week1,326.0 Highlands Swim - 25.0 North Springfield
Highlands Swim,Week4,Greenbriar,Week2,241.0 Highlands Swim - 161.0 Greenbriar
Highland Park,Week5,Hayfield Farm,Week5,214.0 Highland Park - 188.0 Hayfield Farm
Highlands Swim,Week1,Hollin Hills,Week4,367.0 Highlands Swim - 35.0 Hollin Hills
Highlands Swim,Week3,North Springfield,Week2,343.0 Highlands Swim - 45.0 North Springfield
Hollin Hills,Week4,Dowden Terrace,Week4,296.0 Dowden Terrace - 106.0 Hollin Hills
Highland Park,Week2,Herndon,Week4,326.0 Highland Park - 76.0 Herndon
Highlands Swim,Week4,Highlands Swim,Week5,239.0 Highlands Swim (HS2) - 163.0 Highlands Swim (HS1)
Highlands Swim,Week2,Hamlet,Week2,237.0 Highlands Swim - 165.0 Hamlet
Hollin Hills,Week4,Annandale,Week5,244.0 Annandale - 157.0 Hollin Hills
Highlands Swim,Week3,North Springfield,Week5,326.0 Highlands Swim - 48.0 North Springfield
Highlands Swim,Week3,Hollin Hills,Week4,359.0 Highlands Swim - 41.0 Hollin Hills
Hollin Hills,Week3,Arlington Forest,Week5,314.0 Arlington Forest - 88.0 Hollin Hills
Hollin Hills,Week2,Dowden Terrace,Week3,307.0 Dowden Terrace - 95.0 Hollin Hills
Highlands Swim,Week2,Rolling Forest,Week3,328.0 Highlands Swim - 74.0 Rolling Forest
Highlands Swim,Week1,Brandywine,Week1,301.0 Highlands Swim - 101.0 Brandywine
Highlands Swim,Week5,Greenbriar,Week1,277.0 Highlands Swim - 125.0 Greenbriar
Hollin Hills,Week3,Dowden Terrace,Week3,302.0 Dowden Terrace - 100.0 Hollin Hills
Highlands Swim,Week5,Arlington Forest,Week4,298.0 Highlands Swim - 104.0 Arlington Forest
Hollin Hills,Week5,Annandale,Week5,240.0 Annandale - 158.0 Hollin Hills
Highlands Swim,Week5,Arlington Forest,Week3,325.0 Highlands Swim - 77.0 Arlington Forest
Hollin Hills,Week3,Fox Hunt,Week4,300.0 Fox Hunt - 101.0 Hollin Hills
Hollin Hills,Week4,Dowden Terrace,Week2,296.0 Dowden Terrace - 106.0 Hollin Hills
Highlands Swim,Week5,Arlington Forest,Week2,313.5 Highlands Swim - 88.5 Arlington Forest
Highland Park,Week4,Herndon,Week1,340.0 Highland Park - 62.0 Herndon
Hollin Hills,Week4,Dowden Terrace,Week3,291.0 Dowden Terrace - 111.0 Hollin Hills
Highlands Swim,Week4,Newington Forest,Week5,333.0 Highlands Swim - 69.0 Newington Forest
Highlands Swim,Week2,North Springfield,Week3,359.0 Highlands Swim - 38.0 North Springfield
Highlands Swim,Week3,Riverside Gardens,Week1,280.0 Highlands Swim - 122.0 Riverside Gardens
Hollin Hills,Week3,Fox Hunt,Week3,289.0 Fox Hunt - 113.0 Hollin Hills
Highlands Swim,Week4,Hollin Hills,Week1,356.0 Highlands Swim - 46.0 Hollin Hills
Highlands Swim,Week4,Riverside Gardens,Week1,282.5 Highlands Swim - 119.5 Riverside Gardens
Highlands Swim,Week4,Hamlet,Week5,208.0 Highlands Swim - 194.0 Hamlet
Hollin Hills,Week4,Annandale,Week4,202.0 Annandale - 198.0 Hollin Hills
Highland Park,Week2,Herndon,Week5,334.0 Highland Park - 68.0 Herndon
Hollin Hills,Week1,Arlington Forest,Week2,300.0 Arlington Forest - 102.0 Hollin Hills
Highlands Swim,Week1,Riverside Gardens,Week5,247.0 Highlands Swim - 155.0 Riverside Gardens
Highland Park,Week1,Herndon,Week1,329.0 Highland Park - 73.0 Herndon
Highlands Swim,Week2,Brandywine,Week1,310.0 Highlands Swim - 92.0 Brandywine
Hollin Hills,Week4,Fox Hunt,Week1,289.0 Fox Hunt - 110.0 Hollin Hills
Highlands Swim,Week5,Newington Forest,Week2,343.0 Highlands Swim - 59.0 Newington Forest
Highland Park,Week3,Herndon,Week1,312.0 Highland Park - 90.0 Herndon
Hollin Hills,Week4,Dowden Terrace,Week5,322.0 Dowden Terrace - 80.0 Hollin Hills
Highlands Swim,Week2,Brandywine,Week5,280.0 Highlands Swim - 122.0 Brandywine
Highlands Swim,Week1,Hamlet,Week3,223.0 Highlands Swim - 179.0 Hamlet
Highlands Swim,Week5,Riverside Gardens,Week5,276.0 Highlands Swim - 126.0 Riverside Gardens
Highlands Swim,Week3,Greenbriar,Week3,269.0 Highlands Swim - 133.0 Greenbriar
Hollin Hills,Week3,Arlington Forest,Week1,307.0 Arlington Forest - 95.0 Hollin Hills
Hollin Hills,Week5,Donaldson Run,Week4,356.0 Donaldson Run - 46.0 Hollin Hills
Highlands Swim,Week4,Highlands Swim,Week4,201.0 Highlands Swim (HS1) - 201.0 Highlands Swim (HS2)
Highlands Swim,Week5,Greenbriar,Week4,297.0 Highlands Swim - 105.0 Greenbriar
Highlands Swim,Week2,Riverside Gardens,Week2,301.0 Highlands Swim - 101.0 Riverside Gardens
Hollin Hills,Week5,Fox Hunt,Week1,285.0 Fox Hunt - 116.0 Hollin Hills
Highlands Swim,Week4,Hollin Hills,Week3,366.0 Highlands Swim - 36.0 Hollin Hills
Hollin Hills,Week3,Fox Hunt,Week1,283.0 Fox Hunt - 119.0 Hollin Hills
Highland Park,Week3,Herndon,Week5,310.0 Highland Park - 92.0 Herndon
Hollin Hills,Week3,Dowden Terrace,Week1,298.0 Dowden Terrace - 103.0 Hollin Hills
Highlands Swim,Week3,Newington Forest,Week5,341.0 Highlands Swim - 61.0 Newington Forest
Highlands Swim,Week5,Highlands Swim,Week1,244.0 Highlands Swim (HS1) - 158.0 Highlands Swim (HS2)
Hollin Hills,Week3,Dowden Terrace,Week5,322.0 Dowden Terrace - 80.0 Hollin Hills
Highlands Swim,Week4,Arlington Forest,Week5,279.0 Highlands Swim - 123.0 Arlington Forest
Hollin Hills,Week5,Fox Hunt,Week3,285.0 Fox Hunt - 117.0 Hollin Hills
Highlands Swim,Week5,Highlands Swim,Week3,239.0 Highlands Swim (HS1) - 163.0 Highlands Swim (HS2)
Hollin Hills,Week1,Arlington Forest,Week3,303.0 Arlington Forest - 99.0 Hollin Hills
Highlands Swim,Week5,Greenbriar,Week2,262.0 Highlands Swim - 140.0 Greenbriar
Highlands Swim,Week3,Riverside Gardens,Week3,274.0 Highlands Swim - 128.0 Riverside Gardens
Highlands Swim,Week2,Newington Forest,Week2,360.0 Highlands Swim - 42.0 Newington Forest
Highlands Swim,Week5,Arlington Forest,Week5,286.0 Highlands Swim - 116.0 Arlington Forest
Highlands Swim,Week5,Newington Forest,Week4,346.5 Highlands Swim - 55.5 Newington Forest
Highland Park,Week1,Herndon,Week5,335.0 Highland Park - 67.0 Herndon
Hollin Hills,Week2,Arlington Forest,Week5,300.0 Arlington Forest - 102.0 Hollin Hills
Highlands Swim,Week5,Ravensworth Farm,Week5,286.0 Highlands Swim - 116.0 Ravensworth Farm
Hollin Hills,Week2,Arlington Forest,Week1,306.0 Arlington Forest - 96.0 Hollin Hills
Highlands Swim,Week3,Hollin Hills,Week1,353.0 Highlands Swim - 48.0 Hollin Hills
Hollin Hills,Week5,Fox Hunt,Week4,286.0 Fox Hunt - 115.0 Hollin Hills
Highlands Swim,Week1,Riverside Gardens,Week1,279.0 Highlands Swim - 123.0 Riverside Gardens
Hollin Hills,Week5,Dowden Terrace,Week1,285.0 Dowden Terrace - 115.0 Hollin Hills
Highlands Swim,Week1,Brandywine,Week4,271.0 Highlands Swim - 131.0 Brandywine
Highlands Swim,Week2,Newington Forest,Week4,365.0 Highlands Swim - 37.0 Newington Forest
Hollin Hills,Week2,Fox Hunt,Week5,327.0 Fox Hunt - 71.0 Hollin Hills
Highlands Swim,Week5,Greenbriar,Week3,279.0 Highlands Swim - 123.0 Greenbriar
Highlands Swim,Week2,Newington Forest,Week1,362.0 Highlands Swim - 40.0 Newington Forest
Highlands Swim,Week4,Arlington Forest,Week4,290.0 Highlands Swim - 112.0 Arlington Forest
Highlands Swim,Week2,Hollin Hills,Week4,367.0 Highlands Swim - 35.0 Hollin Hills
Highland Park,Week1,Herndon,Week3,337.0 Highland Park - 65.0 Herndon
Highland Park,Week4,Herndon,Week2,338.0 Highland Park - 64.0 Herndon
Highlands Swim,Week4,Newington Forest,Week1,345.0 Highlands Swim - 57.0 Newington Forest
Hollin Hills,Week5,Annandale,Week1,227.0 Annandale - 173.0 Hollin Hills
Highland Park,Week3,Herndon,Week4,324.0 Highland Park - 78.0 Herndon
Highlands Swim,Week1,Hollin Hills,Week3,364.5 Highlands Swim - 37.5 Hollin Hills
Highlands Swim,Week2,Riverside Gardens,Week1,287.0 Highlands Swim - 115.0 Riverside Gardens
Highlands Swim,Week4,Greenbriar,Week5,266.0 Highlands Swim - 136.0 Greenbriar
Hollin Hills,Week5,Dowden Terrace,Week3,298.0 Dowden Terrace - 104.0 Hollin Hills
Hollin Hills,Week4,Dowden Terrace,Week1,292.0 Dowden Terrace - 106.0 Hollin Hills
Highlands Swim,Week1,Brandywine,Week2,292.0 Highlands Swim - 110.0 Brandywine
Highlands Swim,Week1,Hamlet,Week2,215.0 Highlands Swim - 187.0 Hamlet
Hollin Hills,Week4,Arlington Forest,Week3,302.0 Arlington Forest - 99.0 Hollin Hills
Highlands Swim,Week2,Hamlet,Week3,240.0 Highlands Swim - 162.0 Hamlet
Highlands Swim,Week5,Arlington Forest,Week1,311.0 Highlands Swim - 91.0 Arlington Forest
Highlands Swim,Week2,Brandywine,Week2,309.0 Highlands Swim - 93.0 Brandywine
Highlands Swim,Week3,Riverside Gardens,Week4,259.5 Highlands Swim - 142.5 Riverside Gardens
Highlands Swim,Week2,Riverside Gardens,Week4,274.0 Highlands Swim - 128.0 Riverside Gardens
Hollin Hills,Week4,Fox Hunt,Week2,290.0 Fox Hunt - 108.0 Hollin Hills
Highlands Swim,Week2,Hamlet,Week4,254.0 Highlands Swim - 148.0 Hamlet
Hollin Hills,Week2,Dunn Loring,Week3,356.0 Dunn Loring - 46.0 Hollin Hills
Hollin Hills,Week3,Arlington Forest,Week2,306.0 Arlington Forest - 96.0 Hollin Hills
Highlands Swim,Week1,Brandywine,Week5,264.0 Highlands Swim - 138.0 Brandywine
Highlands Swim,Week1,Brandywine,Week3,290.0 Highlands Swim - 112.0 Brandywine
Highlands Swim,Week3,Riverside Gardens,Week5,266.0 Highlands Swim - 136.0 Riverside Gardens
Hollin Hills,Week5,Dowden Terrace,Week5,312.0 Dowden Terrace - 90.0 Hollin Hills
Highland Park,Week2,Herndon,Week1,330.0 Highland Park - 72.0 Herndon
Highlands Swim,Week3,Greenbriar,Week4,292.0 Highlands Swim - 110.0 Greenbriar
Highland Park,Week5,Hayfield Farm,Week4,219.0 Highland Park - 183.0 Hayfield Farm
Highlands Swim,Week2,Newington Forest,Week5,351.0 Highlands Swim - 51.0 Newington Forest
Hollin Hills,Week5,Dowden Terrace,Week4,295.0 Dowden Terrace - 102.0 Hollin Hills
Highlands Swim,Week5,Highlands Swim,Week2,232.0 Highlands Swim (HS1) - 170.0 Highlands Swim (HS2)
Highlands Swim,Week1,Hamlet,Week4,227.0 Highlands Swim - 175.0 Hamlet
Highlands Swim,Week2,Brandywine,Week3,292.0 Highlands Swim - 109.0 Brandywine
Highlands Swim,Week2,Newington Forest,Week3,370.0 Highlands Swim - 32.0 Newington Forest
Highland Park,Week2,Herndon,Week3,345.0 Highland Park - 57.0 Herndon
Highlands Swim,Week2,Riverside Gardens,Week5,269.0 Highlands Swim - 133.0 Riverside Gardens
Hollin Hills,Week5,Dunn Loring,Week3,347.0 Dunn Loring - 55.0 Hollin Hills
Highlands Swim,Week3,Hollin Hills,Week2,357.0 Highlands Swim - 44.0 Hollin Hills
Highland Park,Week5,Hayfield Farm,Week3,212.0 Hayfield Farm - 190.0 Highland Park
Highlands Swim,Week4,Newington Forest,Week4,347.0 Highlands Swim - 55.0 Newington Forest
Hollin Hills,Week5,Annandale,Week2,241.0 Annandale - 159.0 Hollin Hills
Highlands Swim,Week1,Hollin Hills,Week1,361.0 Highlands Swim - 41.0 Hollin Hills
Highlands Swim,Week3,Newington Forest,Week3,359.0 Highlands Swim - 43.0 Newington Forest
Hollin Hills,Week3,Arlington Forest,Week3,303.0 Arlington Forest - 99.0 Hollin Hills
Highlands Swim,Week5,Highlands Swim,Week4,239.0 Highlands Swim (HS1) - 163.0 Highlands Swim (HS2)
Highlands Swim,Week1,Riverside Gardens,Week4,258.0 Highlands Swim - 144.0 Riverside Gardens
Hollin Hills,Week5,Fox Hunt,Week2,277.0 Fox Hunt - 122.0 Hollin Hills
Highland Park,Week1,Herndon,Week2,334.0 Highland Park - 68.0 Herndon
Hollin Hills,Week4,Arlington Forest,Week4,318.0 Arlington Forest - 84.0 Hollin Hills
Highlands Swim,Week1,Hamlet,Week5,203.0 Highlands Swim - 199.0 Hamlet
Hollin Hills,Week5,Arlington Forest,Week1,302.0 Arlington Forest - 100.0 Hollin Hills
Highlands Swim,Week4,Riverside Gardens,Week2,276.5 Highlands Swim - 125.5 Riverside Gardens
Highlands Swim,Week2,Hamlet,Week1,255.0 Highlands Swim - 147.0 Hamlet
Highlands Swim,Week3,Brandywine,Week4,288.0 Highlands Swim - 114.0 Brandywine
Hollin Hills,Week1,Dunn Loring,Week5,349.0 Dunn Loring - 53.0 Hollin Hills
Highlands Swim,Week4,Brandywine,Week2,289.0 Highlands Swim - 113.0 Brandywine
Highlands Swim,Week3,Greenbriar,Week2,258.0 Highlands Swim - 144.0 Greenbriar
Highlands Swim,Week3,Greenbriar,Week5,272.0 Highlands Swim - 130.0 Greenbriar
Highlands Swim,Week5,Newington Forest,Week1,353.0 Highlands Swim - 49.0 Newington Forest
Highlands Swim,Week2,Riverside Gardens,Week3,289.0 Highlands Swim - 113.0 Riverside Gardens
Hollin Hills,Week5,Arlington Forest,Week3,282.0 Arlington Forest - 120.0 Hollin Hills
Hollin Hills,Week1,Fair Oaks ,Week4,295.0 Fair Oaks - 107.0 Hollin Hills
Hollin Hills,Week2,Fair Oaks ,Week2,283.0 Fair Oaks - 119.0 Hollin Hills
Highlands Swim,Week2,Hollin Hills,Week1,361.0 Highlands Swim - 41.0 Hollin Hills
Highlands Swim,Week1,North Springfield,Week3,347.0 Highlands Swim - 50.0 North Springfield
Hollin Hills,Week3,Brandywine,Week3,279.0 Brandywine - 123.0 Hollin Hills
Highlands Swim,Week4,Newington Forest,Week3,348.5 Highlands Swim - 53.5 Newington Forest
Highlands Swim,Week2,Hamlet,Week5,216.0 Highlands Swim - 186.0 Hamlet
Highlands Swim,Week1,Riverside Gardens,Week3,256.0 Highlands Swim - 146.0 Riverside Gardens
Highlands Swim,Week2,Brandywine,Week4,300.0 Highlands Swim - 102.0 Brandywine
Highlands Swim,Week5,Highlands Swim,Week5,198.5 Highlands Swim (HS1) - 198.5 Highlands Swim (HS2)
Hollin Hills,Week3,Fox Hunt,Week2,294.0 Fox Hunt - 107.0 Hollin Hills
Highlands Swim,Week4,Brandywine,Week1,291.0 Highlands Swim - 111.0 Brandywine
Hollin Hills,Week1,Fair Oaks ,Week1,308.0 Fair Oaks - 94.0 Hollin Hills
Highlands Swim,Week4,Riverside Gardens,Week3,266.0 Highlands Swim - 136.0 Riverside Gardens
Hollin Hills,Week4,Dunn Loring,Week3,361.0 Dunn Loring - 41.0 Hollin Hills
Hollin Hills,Week4,Brandywine,Week3,276.0 Brandywine - 125.0 Hollin Hills
Highlands Swim,Week5,Newington Forest,Week3,351.0 Highlands Swim - 51.0 Newington Forest
Hollin Hills,Week4,Brandywine,Week5,292.0 Brandywine - 110.0 Hollin Hills
Highlands Swim,Week5,Hollin Hills,Week1,355.0 Highlands Swim - 42.0 Hollin Hills
Highlands Swim,Week4,Brandywine,Week4,281.0 Highlands Swim - 121.0 Brandywine
Highland Park,Week4,Hamlet,Week1,268.0 Hamlet - 134.0 Highland Park
Highland Park,Week4,Hamlet,Week2,296.0 Hamlet - 106.0 Highland Park
Highlands Swim,Week4,Hollin Hills,Week4,358.5 Highlands Swim - 43.5 Hollin Hills
Highlands Swim,Week3,Newington Forest,Week2,345.0 Highlands Swim - 57.0 Newington Forest
Highlands Swim,Week4,Hollin Hills,Week5,360.0 Highlands Swim - 42.0 Hollin Hills
Highlands Swim,Week5,Brandywine,Week2,299.0 Highlands Swim - 103.0 Brandywine
Highlands Swim,Week4,Greenbriar,Week4,275.0 Highlands Swim - 127.0 Greenbriar
Highlands Swim,Week5,Riverside Gardens,Week2,294.0 Highlands Swim - 108.0 Riverside Gardens
Highlands Swim,Week2,North Springfield,Week2,351.0 Highlands Swim - 37.0 North Springfield
Highlands Swim,Week5,Brandywine,Week4,298.0 Highlands Swim - 104.0 Brandywine
Hollin Hills,Week3,Fox Hunt,Week5,316.0 Fox Hunt - 85.0 Hollin Hills
Hollin Hills,Week4,Dunn Loring,Week2,359.0 Dunn Loring - 43.0 Hollin Hills
Highland Park,Week3,Hamlet,Week4,277.0 Hamlet - 125.0 Highland Park
Highlands Swim,Week4,Brandywine,Week5,271.5 Highlands Swim - 130.5 Brandywine
Hollin Hills,Week1,Bren Mar-Edsall Park,Week5,247.0 Hollin Hills - 153.0 Bren Mar-Edsall Park
Highlands Swim,Week4,Riverside Gardens,Week4,269.0 Highlands Swim - 133.0 Riverside Gardens
Highlands Swim,Week5,Hollin Hills,Week3,365.0 Highlands Swim - 37.0 Hollin Hills
Hollin Hills,Week1,Dunn Loring,Week2,358.0 Dunn Loring - 44.0 Hollin Hills
Hollin Hills,Week4,Fox Hunt,Week4,298.0 Fox Hunt - 99.0 Hollin Hills
Highlands Swim,Week3,Hollin Meadows,Week3,301.0 Highlands Swim - 101.0 Hollin Meadows
Highlands Swim,Week3,Hamlet,Week3,233.0 Highlands Swim - 169.0 Hamlet
Highlands Swim,Week3,Hamlet,Week1,243.0 Highlands Swim - 159.0 Hamlet
Highlands Swim,Week5,Riverside Gardens,Week3,289.0 Highlands Swim - 113.0 Riverside Gardens
Hollin Hills,Week2,Bren Mar-Edsall Park,Week2,272.0 Hollin Hills - 117.0 Bren Mar-Edsall Park
Highlands Swim,Week1,North Springfield,Week5,318.0 Highlands Swim - 56.0 North Springfield
Highlands Swim,Week3,North Springfield,Week1,328.0 Highlands Swim - 22.0 North Springfield
Hollin Hills,Week1,Brandywine,Week5,301.5 Brandywine - 100.5 Hollin Hills
Highland Park,Week2,Hamlet,Week3,294.0 Hamlet - 108.0 Highland Park
Hollin Hills,Week5,Dunn Loring,Week2,345.0 Dunn Loring - 57.0 Hollin Hills
Highlands Swim,Week4,Hollin Meadows,Week3,298.0 Highlands Swim - 104.0 Hollin Meadows
Hollin Hills,Week3,Fair Oaks ,Week3,302.0 Fair Oaks - 100.0 Hollin Hills
Highlands Swim,Week3,Bren Mar-Edsall Park,Week2,381.0 Highlands Swim - 21.0 Bren Mar-Edsall Park
Highlands Swim,Week1,Holmes Run Acres,Week4,291.5 Highlands Swim - 110.5 Holmes Run Acres
Highlands Swim,Week1,Rolling Forest,Week1,318.0 Highlands Swim - 84.0 Rolling Forest
Highlands Swim,Week1,Holmes Run Acres,Week1,286.0 Highlands Swim - 116.0 Holmes Run Acres
Hollin Hills,Week3,Dunn Loring,Week3,359.5 Dunn Loring - 42.5 Hollin Hills
Hollin Hills,Week3,Brandywine,Week4,298.0 Brandywine - 104.0 Hollin Hills
Highlands Swim,Week5,Hollin Meadows,Week2,300.0 Highlands Swim - 102.0 Hollin Meadows
Highlands Swim,Week2,North Springfield,Week5,332.0 Highlands Swim - 42.0 North Springfield
Hollin Hills,Week3,Dunn Loring,Week1,316.0 Dunn Loring - 86.0 Hollin Hills
Highlands Swim,Week4,Hamlet,Week4,248.0 Highlands Swim - 154.0 Hamlet
Highlands Swim,Week4,Hamlet,Week3,225.0 Highlands Swim - 177.0 Hamlet
Hollin Hills,Week4,Fox Hunt,Week5,320.0 Fox Hunt - 78.0 Hollin Hills
Hollin Hills,Week4,Brandywine,Week2,286.0 Brandywine - 116.0 Hollin Hills
Hollin Hills,Week1,Dunn Loring,Week1,325.0 Dunn Loring - 77.0 Hollin Hills
Highlands Swim,Week1,Rolling Forest,Week5,308.0 Highlands Swim - 94.0 Rolling Forest
Highlands Swim,Week5,Hamlet,Week1,261.0 Highlands Swim - 141.0 Hamlet
Highlands Swim,Week1,Holmes Run Acres,Week2,304.0 Highlands Swim - 98.0 Holmes Run Acres
Highlands Swim,Week2,Brookfield ,Week1,303.0 Highlands Swim - 99.0 Brookfield
Highland Park,Week3,Hamlet,Week2,291.0 Hamlet - 111.0 Highland Park
Highlands Swim,Week3,North Springfield,Week3,350.0 Highlands Swim - 47.0 North Springfield
Highlands Swim,Week4,Hamlet,Week1,243.0 Highlands Swim - 159.0 Hamlet
Hollin Hills,Week3,Brandywine,Week2,280.0 Brandywine - 122.0 Hollin Hills
Highlands Swim,Week2,Rolling Forest,Week2,336.0 Highlands Swim - 66.0 Rolling Forest
Highlands Swim,Week1,Brookfield ,Week4,284.0 Highlands Swim - 118.0 Brookfield
Highlands Swim,Week3,North Springfield,Week4,344.0 Highlands Swim - 48.0 North Springfield
Hollin Hills,Week1,Fair Oaks ,Week2,283.5 Fair Oaks - 117.5 Hollin Hills
Highlands Swim,Week1,Rolling Forest,Week3,312.0 Highlands Swim - 90.0 Rolling Forest
Hollin Hills,Week3,Brandywine,Week5,291.0 Brandywine - 111.0 Hollin Hills
Hollin Hills,Week5,Fox Hunt,Week5,308.0 Fox Hunt - 93.0 Hollin Hills
Highlands Swim,Week4,North Springfield,Week1,328.0 Highlands Swim - 23.0 North Springfield
Highlands Swim,Week3,Hollin Meadows,Week4,303.0 Highlands Swim - 99.0 Hollin Meadows
Highland Park,Week4,Hamlet,Week3,285.0 Hamlet - 117.0 Highland Park
Highlands Swim,Week3,Oakton ,Week1,256.0 Highlands Swim - 146.0 Oakton
Hollin Hills,Week1,Brandywine,Week2,293.0 Brandywine - 109.0 Hollin Hills
Highlands Swim,Week5,Rolling Forest,Week5,318.0 Highlands Swim - 84.0 Rolling Forest
Highlands Swim,Week1,Bren Mar-Edsall Park,Week2,385.0 Highlands Swim - 17.0 Bren Mar-Edsall Park
Highlands Swim,Week4,Bren Mar-Edsall Park,Week3,366.0 Highlands Swim - 36.0 Bren Mar-Edsall Park
Highlands Swim,Week3,Hamlet,Week5,204.0 Highlands Swim - 198.0 Hamlet
Highlands Swim,Week1,Holmes Run Acres,Week5,254.0 Highlands Swim - 148.0 Holmes Run Acres
Highlands Swim,Week3,Bren Mar-Edsall Park,Week4,378.0 Highlands Swim - 24.0 Bren Mar-Edsall Park
Hollin Hills,Week5,Brandywine,Week2,283.0 Brandywine - 118.0 Hollin Hills
Hollin Hills,Week2,Dunn Loring,Week1,322.0 Dunn Loring - 80.0 Hollin Hills
Highlands Swim,Week3,Rolling Forest,Week2,328.0 Highlands Swim - 74.0 Rolling Forest
Highlands Swim,Week4,Oakton ,Week4,227.0 Highlands Swim - 175.0 Oakton
Highlands Swim,Week4,Oakton ,Week2,240.0 Highlands Swim - 162.0 Oakton
Highlands Swim,Week5,Oakton ,Week2,250.0 Highlands Swim - 147.0 Oakton
Highlands Swim,Week2,Bren Mar-Edsall Park,Week3,383.0 Highlands Swim - 19.0 Bren Mar-Edsall Park
Highlands Swim,Week2,Hayfield Farm,Week1,305.0 Highlands Swim - 97.0 Hayfield Farm
Highlands Swim,Week3,Rolling Forest,Week4,323.0 Highlands Swim - 79.0 Rolling Forest
Highlands Swim,Week5,Hayfield Farm,Week3,292.0 Highlands Swim - 110.0 Hayfield Farm
Highlands Swim,Week4,Bren Mar-Edsall Park,Week2,377.0 Highlands Swim - 25.0 Bren Mar-Edsall Park
Hollin Hills,Week3,Dunn Loring,Week2,348.0 Dunn Loring - 54.0 Hollin Hills
Hollin Hills,Week4,Dunn Loring,Week4,359.0 Dunn Loring - 42.0 Hollin Hills
Highlands Swim,Week4,Hayfield Farm,Week2,284.0 Highlands Swim - 118.0 Hayfield Farm
Highland Park,Week1,Hamlet,Week2,283.0 Hamlet - 119.0 Highland Park
Hollin Hills,Week2,Dunn Loring,Week2,349.0 Dunn Loring - 53.0 Hollin Hills
Hollin Hills,Week4,Brandywine,Week4,296.5 Brandywine - 104.5 Hollin Hills
Hollin Hills,Week1,Brandywine,Week4,301.0 Brandywine - 100.0 Hollin Hills
Highlands Swim,Week5,Rolling Forest,Week2,332.0 Highlands Swim - 65.0 Rolling Forest
Highlands Swim,Week1,Bren Mar-Edsall Park,Week5,374.0 Highlands Swim - 28.0 Bren Mar-Edsall Park
Highland Park,Week1,Hamlet,Week4,262.0 Hamlet - 140.0 Highland Park
Highlands Swim,Week5,North Springfield,Week5,327.5 Highlands Swim - 46.5 North Springfield
Highlands Swim,Week5,Hollin Meadows,Week4,307.5 Highlands Swim - 94.5 Hollin Meadows
Highland Park,Week2,Hamlet,Week1,289.0 Hamlet - 113.0 Highland Park
Highlands Swim,Week1,Hollin Meadows,Week2,291.0 Highlands Swim - 111.0 Hollin Meadows
Highlands Swim,Week5,Hayfield Farm,Week4,300.0 Highlands Swim - 102.0 Hayfield Farm
Highlands Swim,Week1,Rolling Hills,Week5,320.0 Highlands Swim - 82.0 Rolling Hills
Hollin Hills,Week2,Brandywine,Week5,299.0 Brandywine - 103.0 Hollin Hills
Hollin Hills,Week1,Dunn Loring,Week4,357.0 Dunn Loring - 44.0 Hollin Hills
Highlands Swim,Week3,Rolling Forest,Week3,313.0 Highlands Swim - 89.0 Rolling Forest
Highlands Swim,Week5,Hayfield Farm,Week2,309.0 Highlands Swim - 93.0 Hayfield Farm
Highlands Swim,Week2,Holmes Run Acres,Week1,301.0 Highlands Swim - 101.0 Holmes Run Acres
Highland Park,Week3,Hamlet,Week1,286.0 Hamlet - 116.0 Highland Park
Highland Park,Week1,Hiddenbrook,Week2,297.0 Highland Park - 105.0 Hiddenbrook
Highlands Swim,Week5,Hollin Hills,Week5,358.0 Highlands Swim - 44.0 Hollin Hills
Hollin Hills,Week2,Brandywine,Week1,280.0 Brandywine - 122.0 Hollin Hills
Hollin Hills,Week2,Dunn Loring,Week5,344.0 Dunn Loring - 58.0 Hollin Hills
Highlands Swim,Week4,North Springfield,Week2,346.0 Highlands Swim - 42.0 North Springfield
Highlands Swim,Week5,Hayfield Farm,Week5,316.0 Highlands Swim - 86.0 Hayfield Farm
Highlands Swim,Week3,Hollin Meadows,Week1,287.0 Highlands Swim - 115.0 Hollin Meadows
Highland Park,Week1,Hamlet,Week5,292.0 Hamlet - 110.0 Highland Park
Highlands Swim,Week2,Rolling Hills,Week1,329.0 Highlands Swim - 73.0 Rolling Hills
Highland Park,Week2,Hamlet,Week5,309.0 Hamlet - 93.0 Highland Park
Highlands Swim,Week4,North Springfield,Week3,353.0 Highlands Swim - 44.0 North Springfield
Highlands Swim,Week2,Hollin Meadows,Week2,295.0 Highlands Swim - 107.0 Hollin Meadows
Highland Park,Week2,Hiddenbrook,Week4,233.0 Highland Park - 169.0 Hiddenbrook
Hollin Hills,Week5,Brandywine,Week5,294.0 Brandywine - 107.0 Hollin Hills
Highlands Swim,Week4,Bren Mar-Edsall Park,Week5,371.0 Highlands Swim - 31.0 Bren Mar-Edsall Park
Hollin Hills,Week3,Dunn Loring,Week5,345.0 Dunn Loring - 57.0 Hollin Hills
Highlands Swim,Week3,Bren Mar-Edsall Park,Week3,373.0 Highlands Swim - 29.0 Bren Mar-Edsall Park
Highlands Swim,Week1,Hayfield Farm,Week5,306.5 Highlands Swim - 95.5 Hayfield Farm
Highlands Swim,Week2,Rolling Hills,Week3,323.0 Highlands Swim - 79.0 Rolling Hills
Highlands Swim,Week3,Hayfield Farm,Week5,308.0 Highlands Swim - 94.0 Hayfield Farm
Hollin Hills,Week2,Brandywine,Week2,290.0 Brandywine - 112.0 Hollin Hills
Highlands Swim,Week2,Rolling Hills,Week2,323.0 Highlands Swim - 79.0 Rolling Hills
Hollin Hills,Week4,Dunn Loring,Week1,329.0 Dunn Loring - 72.0 Hollin Hills
Highland Park,Week1,Hiddenbrook,Week3,259.0 Highland Park - 143.0 Hiddenbrook
Highlands Swim,Week4,Bren Mar-Edsall Park,Week4,375.0 Highlands Swim - 27.0 Bren Mar-Edsall Park
Highlands Swim,Week1,Oakton ,Week4,246.0 Highlands Swim - 156.0 Oakton
Highland Park,Week5,Hiddenbrook,Week2,299.0 Highland Park - 103.0 Hiddenbrook
Highlands Swim,Week2,Hollin Meadows,Week1,290.0 Highlands Swim - 112.0 Hollin Meadows
Highland Park,Week3,Hiddenbrook,Week1,254.0 Highland Park - 148.0 Hiddenbrook
Highlands Swim,Week2,Bren Mar-Edsall Park,Week5,376.0 Highlands Swim - 26.0 Bren Mar-Edsall Park
Highlands Swim,Week1,Oakton ,Week3,244.0 Highlands Swim - 158.0 Oakton
Highlands Swim,Week3,Hollin Meadows,Week2,301.0 Highlands Swim - 101.0 Hollin Meadows
Hollin Hills,Week2,Brandywine,Week4,301.0 Brandywine - 100.0 Hollin Hills
Highlands Swim,Week2,Rolling Hills,Week5,326.0 Highlands Swim - 76.0 Rolling Hills
Highlands Swim,Week4,Hollin Meadows,Week4,286.0 Highlands Swim - 116.0 Hollin Meadows
Highlands Swim,Week3,Rolling Forest,Week1,320.0 Highlands Swim - 82.0 Rolling Forest
Highland Park,Week1,Hamlet,Week3,268.0 Hamlet - 134.0 Highland Park
Highlands Swim,Week4,Hayfield Farm,Week4,292.0 Highlands Swim - 110.0 Hayfield Farm
Hollin Hills,Week2,Dunn Loring,Week4,359.0 Dunn Loring - 42.0 Hollin Hills
Highland Park,Week3,Hiddenbrook,Week3,234.0 Highland Park - 168.0 Hiddenbrook
Hollin Hills,Week1,Dunn Loring,Week3,358.0 Dunn Loring - 44.0 Hollin Hills
Hollin Hills,Week5,Brandywine,Week3,274.0 Brandywine - 128.0 Hollin Hills
Highlands Swim,Week4,Rolling Forest,Week3,317.0 Highlands Swim - 85.0 Rolling Forest
Highlands Swim,Week1,Hollin Meadows,Week5,297.0 Highlands Swim - 105.0 Hollin Meadows
Hollin Hills,Week5,Brandywine,Week1,273.0 Brandywine - 128.0 Hollin Hills
Hollin Hills,Week4,Dunn Loring,Week5,352.0 Dunn Loring - 50.0 Hollin Hills
Hollin Hills,Week5,Brandywine,Week4,286.0 Brandywine - 116.0 Hollin Hills
Highlands Swim,Week5,North Springfield,Week4,353.0 Highlands Swim - 34.0 North Springfield
Highlands Swim,Week5,Hamlet,Week4,276.0 Highlands Swim - 126.0 Hamlet
Highland Park,Week5,Hiddenbrook,Week3,261.0 Highland Park - 141.0 Hiddenbrook
Highlands Swim,Week5,North Springfield,Week1,332.0 Highlands Swim - 19.0 North Springfield
Highlands Swim,Week1,Oakton ,Week2,234.0 Highlands Swim - 168.0 Oakton
Hollin Hills,Week3,Brandywine,Week1,283.0 Brandywine - 119.0 Hollin Hills
Highlands Swim,Week1,Hollin Meadows,Week1,280.0 Highlands Swim - 122.0 Hollin Meadows
Highland Park,Week2,Hamlet,Week2,301.0 Hamlet - 101.0 Highland Park
Hollin Hills,Week3,Dunn Loring,Week4,361.0 Dunn Loring - 41.0 Hollin Hills
Highlands Swim,Week2,Hayfield Farm,Week5,314.0 Highlands Swim - 88.0 Hayfield Farm
Highlands Swim,Week3,Bren Mar-Edsall Park,Week5,373.0 Highlands Swim - 29.0 Bren Mar-Edsall Park
Highland Park,Week2,Hamlet,Week4,288.0 Hamlet - 114.0 Highland Park
Highlands Swim,Week2,Rolling Hills,Week4,327.0 Highlands Swim - 75.0 Rolling Hills
Highland Park,Week5,Hiddenbrook,Week4,248.0 Highland Park - 154.0 Hiddenbrook
Highlands Swim,Week5,Bren Mar-Edsall Park,Week3,378.0 Highlands Swim - 24.0 Bren Mar-Edsall Park
Highlands Swim,Week5,North Springfield,Week2,346.0 Highlands Swim - 42.0 North Springfield
Highlands Swim,Week4,Hayfield Farm,Week5,289.0 Highlands Swim - 113.0 Hayfield Farm
Highlands Swim,Week5,Bren Mar-Edsall Park,Week1,377.0 Highlands Swim - 25.0 Bren Mar-Edsall Park
Highland Park,Week5,Herndon,Week4,337.0 Highland Park - 65.0 Herndon
Highlands Swim,Week4,Rolling Forest,Week4,325.0 Highlands Swim - 77.0 Rolling Forest
Hollin Hills,Week5,Dunn Loring,Week5,337.0 Dunn Loring - 65.0 Hollin Hills
Hollin Hills,Week5,Dunn Loring,Week1,306.0 Dunn Loring - 96.0 Hollin Hills
Highlands Swim,Week1,Hayfield Farm,Week1,292.0 Highlands Swim - 110.0 Hayfield Farm
Highlands Swim,Week2,Hayfield Farm,Week3,297.0 Highlands Swim - 105.0 Hayfield Farm
Highlands Swim,Week5,Bren Mar-Edsall Park,Week2,381.0 Highlands Swim - 21.0 Bren Mar-Edsall Park
Hollin Hills,Week1,Fair Oaks ,Week3,314.0 Fair Oaks - 87.0 Hollin Hills
Highlands Swim,Week2,Hayfield Farm,Week2,315.0 Highlands Swim - 87.0 Hayfield Farm
Hollin Hills,Week2,Brandywine,Week3,281.0 Brandywine - 114.0 Hollin Hills
Highlands Swim,Week4,North Springfield,Week5,334.0 Highlands Swim - 40.0 North Springfield
Highlands Swim,Week1,Hollin Meadows,Week4,296.0 Highlands Swim - 106.0 Hollin Meadows
Hollin Hills,Week1,Bren Mar-Edsall Park,Week2,270.0 Hollin Hills - 126.0 Bren Mar-Edsall Park
Highland Park,Week3,Hiddenbrook,Week2,280.0 Highland Park - 122.0 Hiddenbrook
Hollin Hills,Week1,Brandywine,Week1,278.0 Brandywine - 124.0 Hollin Hills
Highland Park,Week4,Hiddenbrook,Week4,249.0 Highland Park - 153.0 Hiddenbrook
Highland Park,Week1,Hamlet,Week1,265.0 Hamlet - 137.0 Highland Park
Highlands Swim,Week2,Bren Mar-Edsall Park,Week1,385.0 Highlands Swim - 17.0 Bren Mar-Edsall Park
Highlands Swim,Week2,Bren Mar-Edsall Park,Week2,381.0 Highlands Swim - 21.0 Bren Mar-Edsall Park
Highlands Swim,Week2,Oakton ,Week1,259.5 Highlands Swim - 142.5 Oakton
Hollin Hills,Week5,Dunn Loring,Week4,356.0 Dunn Loring - 46.0 Hollin Hills
Highlands Swim,Week2,Hollin Meadows,Week5,292.0 Highlands Swim - 110.0 Hollin Meadows
Highlands Swim,Week5,North Springfield,Week3,346.0 Highlands Swim - 51.0 North Springfield
Highlands Swim,Week2,Hollin Meadows,Week4,306.0 Highlands Swim - 96.0 Hollin Meadows
Highland Park,Week3,Hamlet,Week5,317.0 Hamlet - 85.0 Highland Park
Highland Park,Week3,Hamlet,Week3,294.0 Hamlet - 108.0 Highland Park
Highlands Swim,Week1,Oakton ,Week5,228.0 Highlands Swim - 174.0 Oakton
Hollin Hills,Week1,Brandywine,Week3,283.0 Brandywine - 117.0 Hollin Hills
Highlands Swim,Week5,Hamlet,Week5,230.5 Highlands Swim - 171.5 Hamlet
Highlands Swim,Week1,Hollin Meadows,Week3,303.0 Highlands Swim - 99.0 Hollin Meadows
Highlands Swim,Week3,Rolling Hills,Week1,317.0 Highlands Swim - 85.0 Rolling Hills
Highlands Swim,Week1,Bren Mar-Edsall Park,Week4,376.0 Highlands Swim - 26.0 Bren Mar-Edsall Park
Highlands Swim,Week2,Rolling Forest,Week5,328.0 Highlands Swim - 74.0 Rolling Forest
Highland Park,Week1,Hiddenbrook,Week4,252.0 Highland Park - 150.0 Hiddenbrook
Highlands Swim,Week3,Rolling Hills,Week2,320.0 Highlands Swim - 82.0 Rolling Hills
Highlands Swim,Week3,Bren Mar-Edsall Park,Week1,378.0 Highlands Swim - 24.0 Bren Mar-Edsall Park
Highlands Swim,Week3,Hayfield Farm,Week2,303.0 Highlands Swim - 99.0 Hayfield Farm
Hollin Hills,Week1,Bren Mar-Edsall Park,Week3,248.0 Hollin Hills - 152.0 Bren Mar-Edsall Park
Highlands Swim,Week4,Hollin Meadows,Week1,283.0 Highlands Swim - 119.0 Hollin Meadows
Highlands Swim,Week2,Hollin Meadows,Week3,306.0 Highlands Swim - 96.0 Hollin Meadows
Highlands Swim,Week5,Bren Mar-Edsall Park,Week5,376.0 Highlands Swim - 26.0 Bren Mar-Edsall Park
Hollin Hills,Week1,Bren Mar-Edsall Park,Week4,235.0 Hollin Hills - 162.0 Bren Mar-Edsall Park
Hollin Hills,Week4,Brandywine,Week1,278.0 Brandywine - 124.0 Hollin Hills
Highland Park,Week1,Hiddenbrook,Week5,241.0 Highland Park - 161.0 Hiddenbrook
Hollin Hills,Week1,Fair Oaks ,Week5,310.0 Fair Oaks - 92.0 Hollin Hills
Highlands Swim,Week5,Bren Mar-Edsall Park,Week4,375.0 Highlands Swim - 27.0 Bren Mar-Edsall Park
Highland Park,Week5,Herndon,Week5,349.0 Highland Park - 53.0 Herndon
Highlands Swim,Week3,Hollin Meadows,Week5,307.5 Highlands Swim - 94.5 Hollin Meadows
Highlands Swim,Week5,Rolling Forest,Week1,327.0 Highlands Swim - 75.0 Rolling Forest
Hollin Hills,Week2,Fair Oaks ,Week1,308.0 Fair Oaks - 94.0 Hollin Hills
Highlands Swim,Week1,Brookfield ,Week1,298.0 Highlands Swim - 104.0 Brookfield
Highlands Swim,Week5,Rolling Forest,Week3,320.5 Highlands Swim - 81.5 Rolling Forest
Highlands Swim,Week2,Oakton ,Week3,260.0 Highlands Swim - 142.0 Oakton
Highlands Swim,Week2,Hayfield Farm,Week4,318.0 Highlands Swim - 84.0 Hayfield Farm
Highlands Swim,Week2,Oakton ,Week2,247.0 Highlands Swim - 155.0 Oakton
Highland Park,Week1,Hiddenbrook,Week1,268.0 Highland Park - 134.0 Hiddenbrook
Highlands Swim,Week3,Hayfield Farm,Week3,287.0 Highlands Swim - 115.0 Hayfield Farm
Hollin Hills,Week2,Fair Oaks ,Week3,305.0 Fair Oaks - 96.0 Hollin Hills
Highlands Swim,Week3,Rolling Forest,Week5,312.0 Highlands Swim - 90.0 Rolling Forest
Highlands Swim,Week3,Rolling Hills,Week3,318.0 Highlands Swim - 84.0 Rolling Hills
Highlands Swim,Week2,Oakton ,Week5,236.0 Highlands Swim - 166.0 Oakton
Highland Park,Week2,Hiddenbrook,Week1,258.0 Highland Park - 144.0 Hiddenbrook
Highland Park,Week2,Hiddenbrook,Week3,244.0 Highland Park - 158.0 Hiddenbrook
Hollin Hills,Week2,Fair Oaks ,Week4,298.0 Fair Oaks - 104.0 Hollin Hills
Highlands Swim,Week1,Rolling Hills,Week2,314.0 Highlands Swim - 88.0 Rolling Hills
Hollin Hills,Week3,Fair Oaks ,Week1,299.0 Fair Oaks - 103.0 Hollin Hills
Hollin Hills,Week2,Fair Oaks ,Week5,315.0 Fair Oaks - 87.0 Hollin Hills
Hollin Hills,Week1,Bren Mar-Edsall Park,Week1,256.0 Hollin Hills - 144.0 Bren Mar-Edsall Park
Highlands Swim,Week1,Brookfield ,Week2,287.0 Highlands Swim - 115.0 Brookfield
Highlands Swim,Week5,Hamlet,Week3,246.0 Highlands Swim - 156.0 Hamlet
Hollin Hills,Week2,Bren Mar-Edsall Park,Week5,248.0 Hollin Hills - 143.0 Bren Mar-Edsall Park
Highlands Swim,Week1,Hayfield Farm,Week4,296.0 Highlands Swim - 106.0 Hayfield Farm
Highlands Swim,Week5,Hollin Meadows,Week1,297.0 Highlands Swim - 105.0 Hollin Meadows
Highlands Swim,Week4,Hollin Meadows,Week5,284.0 Highlands Swim - 118.0 Hollin Meadows
Highlands Swim,Week4,Hollin Meadows,Week2,296.0 Highlands Swim - 106.0 Hollin Meadows
Highlands Swim,Week3,Oakton ,Week4,247.0 Highlands Swim - 155.0 Oakton
Highlands Swim,Week4,Rolling Forest,Week1,315.0 Highlands Swim - 87.0 Rolling Forest
Hollin Hills,Week1,Fairfax,Week2,342.0 Fairfax - 60.0 Hollin Hills
Highlands Swim,Week4,Oakton ,Week1,261.0 Highlands Swim - 141.0 Oakton
Highlands Swim,Week1,Brookfield ,Week3,307.0 Highlands Swim - 95.0 Brookfield
Highlands Swim,Week1,Hayfield Farm,Week3,288.0 Highlands Swim - 114.0 Hayfield Farm
Highland Park,Week4,Hiddenbrook,Week3,258.0 Highland Park - 144.0 Hiddenbrook
Hollin Hills,Week2,Bren Mar-Edsall Park,Week3,241.0 Hollin Hills - 155.0 Bren Mar-Edsall Park
Highlands Swim,Week4,North Springfield,Week4,346.0 Highlands Swim - 46.0 North Springfield
Highlands Swim,Week3,Oakton ,Week5,229.0 Highlands Swim - 173.0 Oakton
Highland Park,Week4,Hiddenbrook,Week2,303.0 Highland Park - 99.0 Hiddenbrook
Hollin Hills,Week2,Bren Mar-Edsall Park,Week1,261.0 Hollin Hills - 136.0 Bren Mar-Edsall Park
Highlands Swim,Week5,Hollin Meadows,Week5,307.0 Highlands Swim - 95.0 Hollin Meadows
Highlands Swim,Week4,Bren Mar-Edsall Park,Week1,374.0 Highlands Swim - 28.0 Bren Mar-Edsall Park
Highlands Swim,Week2,Rolling Forest,Week4,343.0 Highlands Swim - 59.0 Rolling Forest
Highlands Swim,Week5,Hamlet,Week2,247.0 Highlands Swim - 155.0 Hamlet
Highlands Swim,Week1,Brookfield ,Week5,289.0 Highlands Swim - 113.0 Brookfield
Highlands Swim,Week1,Hayfield Farm,Week2,292.0 Highlands Swim - 110.0 Hayfield Farm
Hollin Hills,Week4,Bren Mar-Edsall Park,Week2,278.0 Hollin Hills - 109.0 Bren Mar-Edsall Park
Highlands Swim,Week5,Hollin Meadows,Week3,309.0 Highlands Swim - 93.0 Hollin Meadows
Highlands Swim,Week3,Oakton ,Week3,245.0 Highlands Swim - 157.0 Oakton
Hollin Hills,Week3,Fair Oaks ,Week2,275.0 Fair Oaks - 127.0 Hollin Hills
Highlands Swim,Week4,Rolling Forest,Week2,332.0 Highlands Swim - 70.0 Rolling Forest
Highland Park,Week4,Hiddenbrook,Week5,239.0 Highland Park - 163.0 Hiddenbrook
Highlands Swim,Week2,Bren Mar-Edsall Park,Week4,386.0 Highlands Swim - 16.0 Bren Mar-Edsall Park
Highlands Swim,Week1,Rolling Hills,Week3,306.0 Highlands Swim - 96.0 Rolling Hills
Highlands Swim,Week1,Broyhill Crest,Week5,384.0 Highlands Swim - 18.0 Broyhill Crest
Highland Park,Week5,Hiddenbrook,Week1,265.0 Highland Park - 137.0 Hiddenbrook
Highlands Swim,Week4,Holmes Run Acres,Week4,280.0 Highlands Swim - 122.0 Holmes Run Acres
Highlands Swim,Week3,Oakton ,Week2,232.0 Highlands Swim - 170.0 Oakton
Hollin Hills,Week3,Bren Mar-Edsall Park,Week3,267.0 Hollin Hills - 133.0 Bren Mar-Edsall Park
Hollin Hills,Week3,Bren Mar-Edsall Park,Week1,284.5 Hollin Hills - 116.5 Bren Mar-Edsall Park
Hollin Hills,Week4,Fair Oaks ,Week4,306.0 Fair Oaks - 96.0 Hollin Hills
Highlands Swim,Week4,Rolling Forest,Week5,315.0 Highlands Swim - 87.0 Rolling Forest
Highland Park,Week2,Hiddenbrook,Week5,234.0 Highland Park - 168.0 Hiddenbrook
Highlands Swim,Week1,Rolling Hills,Week1,319.0 Highlands Swim - 83.0 Rolling Hills
Highlands Swim,Week1,Oakton ,Week1,248.0 Highlands Swim - 154.0 Oakton
Highlands Swim,Week2,Hunt Valley,Week2,259.0 Highlands Swim - 143.0 Hunt Valley
Hollin Hills,Week4,Fair Oaks ,Week2,288.0 Fair Oaks - 114.0 Hollin Hills
Hollin Hills,Week4,Bren Mar-Edsall Park,Week5,255.0 Hollin Hills - 139.0 Bren Mar-Edsall Park
Highlands Swim,Week5,Hayfield Farm,Week1,309.0 Highlands Swim - 93.0 Hayfield Farm
Highlands Swim,Week2,Hunt Valley,Week5,232.0 Highlands Swim - 170.0 Hunt Valley
Highland Park,Week3,Hiddenbrook,Week4,231.0 Highland Park - 171.0 Hiddenbrook
Highlands Swim,Week1,Rolling Hills,Week4,325.0 Highlands Swim - 77.0 Rolling Hills
Highland Park,Week2,Hiddenbrook,Week2,280.0 Highland Park - 122.0 Hiddenbrook
Highlands Swim,Week2,Brookfield ,Week2,312.0 Highlands Swim - 90.0 Brookfield
Highlands Swim,Week4,Hayfield Farm,Week1,288.0 Highlands Swim - 114.0 Hayfield Farm
Highlands Swim,Week5,Brookfield ,Week5,309.0 Highlands Swim - 93.0 Brookfield
Highlands Swim,Week2,Oakton ,Week4,249.0 Highlands Swim - 153.0 Oakton
Highlands Swim,Week3,Hayfield Farm,Week1,293.5 Highlands Swim - 108.5 Hayfield Farm
Highlands Swim,Week3,Hayfield Farm,Week4,301.0 Highlands Swim - 101.0 Hayfield Farm
Highlands Swim,Week5,Rolling Forest,Week4,327.0 Highlands Swim - 75.0 Rolling Forest
Hollin Hills,Week4,Fair Oaks ,Week5,324.0 Fair Oaks - 78.0 Hollin Hills
Hollin Hills,Week2,Fairfax,Week2,340.0 Fairfax - 62.0 Hollin Hills
Highlands Swim,Week1,Holmes Run Acres,Week3,273.0 Highlands Swim - 129.0 Holmes Run Acres
Hollin Hills,Week3,Bren Mar-Edsall Park,Week2,287.0 Hollin Hills - 110.0 Bren Mar-Edsall Park
Highland Park,Week4,Hiddenbrook,Week1,280.0 Highland Park - 122.0 Hiddenbrook
Highlands Swim,Week1,Broyhill Crest,Week2,387.0 Highlands Swim - 14.0 Broyhill Crest
Hollin Hills,Week5,Fair Oaks ,Week5,294.0 Fair Oaks - 107.0 Hollin Hills
Highlands Swim,Week4,Oakton ,Week3,250.0 Highlands Swim - 152.0 Oakton
Highlands Swim,Week4,Hayfield Farm,Week3,273.0 Highlands Swim - 129.0 Hayfield Farm
Highlands Swim,Week3,Herndon,Week4,357.0 Highlands Swim - 45.0 Herndon
Highlands Swim,Week3,Holmes Run Acres,Week3,275.0 Highlands Swim - 127.0 Holmes Run Acres
Hollin Hills,Week2,Bren Mar-Edsall Park,Week4,235.0 Hollin Hills - 158.0 Bren Mar-Edsall Park
Hollin Hills,Week4,Bren Mar-Edsall Park,Week1,270.0 Hollin Hills - 126.0 Bren Mar-Edsall Park
Highlands Swim,Week1,Old Keene Mill,Week4,324.0 Highlands Swim - 78.0 Old Keene Mill
Highlands Swim,Week5,Oakton ,Week1,266.0 Highlands Swim - 136.0 Oakton
Highlands Swim,Week2,Holmes Run Acres,Week4,301.0 Highlands Swim - 101.0 Holmes Run Acres
Hollin Hills,Week3,Fair Oaks ,Week4,302.0 Fair Oaks - 100.0 Hollin Hills
Highlands Swim,Week2,Herndon,Week1,367.0 Highlands Swim - 35.0 Herndon
Highlands Swim,Week5,Rolling Hills,Week5,336.0 Highlands Swim - 66.0 Rolling Hills
Highlands Swim,Week4,Oakton ,Week5,223.7 Highlands Swim - 178.3 Oakton
Hollin Hills,Week1,Fairfax,Week1,323.0 Fairfax - 79.0 Hollin Hills
Hollin Hills,Week4,Bren Mar-Edsall Park,Week4,248.0 Hollin Hills - 144.0 Bren Mar-Edsall Park
Hollin Hills,Week2,Fairfax,Week4,339.0 Fairfax - 63.0 Hollin Hills
Highlands Swim,Week1,Rolling Valley,Week3,359.0 Highlands Swim - 43.0 Rolling Valley
Highlands Swim,Week4,Holmes Run Acres,Week3,258.0 Highlands Swim - 144.0 Holmes Run Acres
Highlands Swim,Week3,Broyhill Crest,Week1,388.0 Highlands Swim - 14.0 Broyhill Crest
Highlands Swim,Week5,Brookfield ,Week2,301.0 Highlands Swim - 101.0 Brookfield
Highlands Swim,Week4,Holmes Run Acres,Week5,246.0 Highlands Swim - 156.0 Holmes Run Acres
Highlands Swim,Week5,Rolling Hills,Week3,322.0 Highlands Swim - 80.0 Rolling Hills
Hollin Hills,Week4,Bren Mar-Edsall Park,Week3,257.0 Hollin Hills - 141.0 Bren Mar-Edsall Park
Highlands Swim,Week2,Herndon,Week2,366.0 Highlands Swim - 36.0 Herndon
Highland Park,Week3,Hiddenbrook,Week5,220.0 Highland Park - 182.0 Hiddenbrook
Highlands Swim,Week4,Old Keene Mill,Week3,319.0 Highlands Swim - 83.0 Old Keene Mill
Highlands Swim,Week2,Broyhill Crest,Week2,395.5 Highlands Swim - 6.5 Broyhill Crest
Highlands Swim,Week1,Rolling Valley,Week1,370.0 Highlands Swim - 32.0 Rolling Valley
Highlands Swim,Week1,Orange Hunt,Week2,279.0 Highlands Swim - 123.0 Orange Hunt
Hollin Hills,Week3,Bren Mar-Edsall Park,Week5,256.0 Hollin Hills - 145.0 Bren Mar-Edsall Park
Highlands Swim,Week4,Rolling Valley,Week3,363.0 Highlands Swim - 39.0 Rolling Valley
Highlands Swim,Week5,Holmes Run Acres,Week2,305.0 Highlands Swim - 97.0 Holmes Run Acres
Highlands Swim,Week3,Holmes Run Acres,Week1,291.0 Highlands Swim - 111.0 Holmes Run Acres
Highlands Swim,Week1,Hiddenbrook,Week5,309.0 Highlands Swim - 93.0 Hiddenbrook
Hollin Hills,Week1,Fairfax,Week3,338.0 Fairfax - 63.0 Hollin Hills
Highlands Swim,Week3,Holmes Run Acres,Week4,290.0 Highlands Swim - 112.0 Holmes Run Acres
Highlands Swim,Week1,Rolling Valley,Week4,358.0 Highlands Swim - 44.0 Rolling Valley
Highlands Swim,Week2,Broyhill Crest,Week5,388.0 Highlands Swim - 14.0 Broyhill Crest
Highlands Swim,Week2,Herndon,Week3,369.0 Highlands Swim - 33.0 Herndon
Highlands Swim,Week5,Rolling Hills,Week1,328.0 Highlands Swim - 74.0 Rolling Hills
Highlands Swim,Week5,Herndon,Week3,358.0 Highlands Swim - 44.0 Herndon
Highlands Swim,Week5,Rolling Hills,Week4,327.0 Highlands Swim - 75.0 Rolling Hills
Highlands Swim,Week1,Old Keene Mill,Week3,303.0 Highlands Swim - 99.0 Old Keene Mill
Highlands Swim,Week5,Old Keene Mill,Week3,328.0 Highlands Swim - 74.0 Old Keene Mill
Hollin Hills,Week5,Fair Oaks ,Week2,270.0 Fair Oaks - 131.0 Hollin Hills
Highlands Swim,Week3,Brookfield ,Week2,296.0 Highlands Swim - 106.0 Brookfield
Highlands Swim,Week5,Oakton ,Week5,243.0 Highlands Swim - 154.0 Oakton
Hollin Hills,Week5,Fair Oaks ,Week4,287.0 Fair Oaks - 114.0 Hollin Hills
Highlands Swim,Week1,Hiddenbrook,Week2,342.0 Highlands Swim - 60.0 Hiddenbrook
Hollin Hills,Week5,Bren Mar-Edsall Park,Week5,239.0 Hollin Hills - 153.0 Bren Mar-Edsall Park
Highlands Swim,Week5,Holmes Run Acres,Week1,295.5 Highlands Swim - 106.5 Holmes Run Acres
Hollin Hills,Week5,Bren Mar-Edsall Park,Week2,262.0 Hollin Hills - 126.0 Bren Mar-Edsall Park
Hollin Hills,Week4,Fair Oaks ,Week3,316.0 Fair Oaks - 85.0 Hollin Hills
Highlands Swim,Week5,Herndon,Week5,356.0 Highlands Swim - 46.0 Herndon
Highlands Swim,Week3,Holmes Run Acres,Week5,262.0 Highlands Swim - 140.0 Holmes Run Acres
Highlands Swim,Week4,Brookfield ,Week4,272.0 Highlands Swim - 130.0 Brookfield
Highlands Swim,Week5,Old Keene Mill,Week1,341.0 Highlands Swim - 61.0 Old Keene Mill
Hollin Hills,Week5,Bren Mar-Edsall Park,Week3,247.0 Hollin Hills - 149.0 Bren Mar-Edsall Park
Highlands Swim,Week3,Rolling Valley,Week5,358.0 Highlands Swim - 44.0 Rolling Valley
Hollin Hills,Week3,Fair Oaks ,Week5,317.0 Fair Oaks - 85.0 Hollin Hills
Highlands Swim,Week4,Broyhill Crest,Week4,387.0 Highlands Swim - 14.0 Broyhill Crest
Hollin Hills,Week5,Bren Mar-Edsall Park,Week4,236.0 Hollin Hills - 155.0 Bren Mar-Edsall Park
Hollin Hills,Week5,Fair Oaks ,Week3,284.0 Fair Oaks - 118.0 Hollin Hills
Highlands Swim,Week2,Brookfield ,Week4,294.0 Highlands Swim - 108.0 Brookfield
Highlands Swim,Week4,Broyhill Crest,Week2,387.0 Highlands Swim - 14.0 Broyhill Crest
Highlands Swim,Week4,Herndon,Week5,350.0 Highlands Swim - 52.0 Herndon
Highlands Swim,Week1,Orange Hunt,Week1,293.0 Highlands Swim - 109.0 Orange Hunt
Highlands Swim,Week5,Rolling Valley,Week5,369.0 Highlands Swim - 33.0 Rolling Valley
Highlands Swim,Week3,Brookfield ,Week3,305.0 Highlands Swim - 97.0 Brookfield
Hollin Hills,Week3,Bren Mar-Edsall Park,Week4,244.0 Hollin Hills - 154.0 Bren Mar-Edsall Park
Hollin Hills,Week1,Brookfield ,Week1,312.0 Brookfield - 90.0 Hollin Hills
Highlands Swim,Week5,Holmes Run Acres,Week5,268.0 Highlands Swim - 134.0 Holmes Run Acres
Highlands Swim,Week1,Broyhill Crest,Week3,393.0 Highlands Swim - 8.0 Broyhill Crest
Highlands Swim,Week4,Holmes Run Acres,Week1,284.0 Highlands Swim - 118.0 Holmes Run Acres
Highlands Swim,Week1,Herndon,Week5,362.0 Highlands Swim - 40.0 Herndon
Hollin Hills,Week1,Brookfield ,Week2,302.0 Brookfield - 100.0 Hollin Hills
Highlands Swim,Week5,Rolling Valley,Week3,365.0 Highlands Swim - 37.0 Rolling Valley
Hollin Hills,Week2,Fairfax,Week3,340.0 Fairfax - 61.0 Hollin Hills
Highlands Swim,Week2,Broyhill Crest,Week4,392.0 Highlands Swim - 10.0 Broyhill Crest
Highlands Swim,Week5,Holmes Run Acres,Week4,292.0 Highlands Swim - 110.0 Holmes Run Acres
Hollin Hills,Week5,Bren Mar-Edsall Park,Week1,245.0 Hollin Hills - 151.0 Bren Mar-Edsall Park
Highlands Swim,Week5,Holmes Run Acres,Week3,270.0 Highlands Swim - 132.0 Holmes Run Acres
Highlands Swim,Week2,Holmes Run Acres,Week3,276.0 Highlands Swim - 126.0 Holmes Run Acres
Highlands Swim,Week4,Rolling Hills,Week5,311.0 Highlands Swim - 91.0 Rolling Hills
Highlands Swim,Week5,Brookfield ,Week3,306.0 Highlands Swim - 96.0 Brookfield
Highlands Swim,Week1,Orange Hunt,Week3,278.0 Highlands Swim - 124.0 Orange Hunt
Highlands Swim,Week3,Herndon,Week2,354.0 Highlands Swim - 48.0 Herndon
Highlands Swim,Week4,Rolling Hills,Week1,318.0 Highlands Swim - 84.0 Rolling Hills
Highlands Swim,Week4,Herndon,Week1,357.0 Highlands Swim - 45.0 Herndon
Highlands Swim,Week5,Old Keene Mill,Week5,325.0 Highlands Swim - 77.0 Old Keene Mill
Hollin Hills,Week3,Fairfax,Week1,321.0 Fairfax - 81.0 Hollin Hills
Highlands Swim,Week1,Old Keene Mill,Week1,328.0 Highlands Swim - 74.0 Old Keene Mill
Highlands Swim,Week1,Orange Hunt,Week4,286.0 Highlands Swim - 116.0 Orange Hunt
Hollin Hills,Week3,Fairfax,Week2,335.0 Fairfax - 67.0 Hollin Hills
Highlands Swim,Week2,Old Keene Mill,Week5,316.0 Highlands Swim - 86.0 Old Keene Mill
Hollin Hills,Week1,Fairfax,Week5,353.5 Fairfax - 48.5 Hollin Hills
Hollin Hills,Week2,Fairfax,Week5,345.0 Fairfax - 57.0 Hollin Hills
Highlands Swim,Week4,Rolling Hills,Week3,299.0 Highlands Swim - 103.0 Rolling Hills
Highlands Swim,Week2,Brookfield ,Week5,314.0 Highlands Swim - 88.0 Brookfield
Highlands Swim,Week2,Holmes Run Acres,Week2,316.0 Highlands Swim - 86.0 Holmes Run Acres
Highlands Swim,Week3,Hiddenbrook,Week1,317.0 Highlands Swim - 85.0 Hiddenbrook
Highlands Swim,Week1,Herndon,Week4,370.0 Highlands Swim - 32.0 Herndon
Highlands Swim,Week4,Brookfield ,Week1,283.0 Highlands Swim - 119.0 Brookfield
Highlands Swim,Week3,Old Keene Mill,Week1,334.0 Highlands Swim - 68.0 Old Keene Mill
Highlands Swim,Week3,Brookfield ,Week1,290.0 Highlands Swim - 112.0 Brookfield
Highlands Swim,Week1,Hunt Valley,Week2,245.0 Highlands Swim - 157.0 Hunt Valley
Highlands Swim,Week4,Brookfield ,Week2,296.0 Highlands Swim - 106.0 Brookfield
Highlands Swim,Week5,Rolling Hills,Week2,321.0 Highlands Swim - 81.0 Rolling Hills
Highlands Swim,Week1,Hunt Valley,Week3,208.0 Highlands Swim - 194.0 Hunt Valley
Highlands Swim,Week1,Hunt Valley,Week5,228.0 Highlands Swim - 174.0 Hunt Valley
Highlands Swim,Week3,Holmes Run Acres,Week2,308.0 Highlands Swim - 94.0 Holmes Run Acres
Highlands Swim,Week3,Herndon,Week3,361.0 Highlands Swim - 41.0 Herndon
Hollin Hills,Week1,Fairfax,Week4,340.0 Fairfax - 62.0 Hollin Hills
Highlands Swim,Week3,Brookfield ,Week5,302.0 Highlands Swim - 100.0 Brookfield
Hollin Hills,Week3,Fairfax,Week3,338.0 Fairfax - 64.0 Hollin Hills
Highlands Swim,Week1,Old Keene Mill,Week5,315.0 Highlands Swim - 87.0 Old Keene Mill
Highlands Swim,Week4,Rolling Hills,Week2,306.0 Highlands Swim - 96.0 Rolling Hills
Hollin Hills,Week2,Fairfax,Week1,333.0 Fairfax - 69.0 Hollin Hills
Highlands Swim,Week3,Old Keene Mill,Week2,332.0 Highlands Swim - 70.0 Old Keene Mill
Highlands Swim,Week3,Old Keene Mill,Week4,336.0 Highlands Swim - 66.0 Old Keene Mill
Highlands Swim,Week3,Brookfield ,Week4,282.0 Highlands Swim - 120.0 Brookfield
Highlands Swim,Week1,Rolling Valley,Week5,359.0 Highlands Swim - 43.0 Rolling Valley
Highlands Swim,Week3,Hiddenbrook,Week4,327.0 Highlands Swim - 75.0 Hiddenbrook
Highlands Swim,Week1,Hiddenbrook,Week4,317.5 Highlands Swim - 84.5 Hiddenbrook
Highlands Swim,Week4,Rolling Hills,Week4,308.0 Highlands Swim - 94.0 Rolling Hills
Highlands Swim,Week2,Hiddenbrook,Week1,328.0 Highlands Swim - 74.0 Hiddenbrook
Hollin Hills,Week5,Fair Oaks ,Week1,299.0 Fair Oaks - 103.0 Hollin Hills
Highlands Swim,Week3,Rolling Hills,Week5,320.0 Highlands Swim - 82.0 Rolling Hills
Highlands Swim,Week5,Oakton ,Week4,249.0 Highlands Swim - 153.0 Oakton
Highlands Swim,Week2,Old Keene Mill,Week1,343.0 Highlands Swim - 59.0 Old Keene Mill
Highlands Swim,Week1,Herndon,Week3,363.0 Highlands Swim - 39.0 Herndon
Highlands Swim,Week1,Rolling Valley,Week2,356.0 Highlands Swim - 46.0 Rolling Valley
Highlands Swim,Week4,Brookfield ,Week5,289.0 Highlands Swim - 113.0 Brookfield
Hollin Hills,Week3,Fairfax,Week4,333.0 Fairfax - 69.0 Hollin Hills
Hollin Hills,Week5,Brookfield ,Week4,297.0 Brookfield - 104.0 Hollin Hills
Highlands Swim,Week2,Herndon,Week5,375.0 Highlands Swim - 27.0 Herndon
Highlands Swim,Week2,Hunt Valley,Week3,223.0 Highlands Swim - 179.0 Hunt Valley
Highlands Swim,Week2,Rolling Valley,Week3,364.0 Highlands Swim - 38.0 Rolling Valley
Hollin Hills,Week4,Brookfield ,Week1,317.5 Brookfield - 83.5 Hollin Hills
Highlands Swim,Week3,Herndon,Week1,365.0 Highlands Swim - 37.0 Herndon
Highlands Swim,Week2,Hunt Valley,Week1,252.5 Highlands Swim - 149.5 Hunt Valley
Highlands Swim,Week2,Rolling Valley,Week1,380.0 Highlands Swim - 22.0 Rolling Valley
Highlands Swim,Week1,Broyhill Crest,Week1,390.0 Highlands Swim - 11.0 Broyhill Crest
Highlands Swim,Week5,Brookfield ,Week1,298.0 Highlands Swim - 104.0 Brookfield
Highlands Swim,Week2,Herndon,Week4,375.0 Highlands Swim - 27.0 Herndon
Highlands Swim,Week4,Hiddenbrook,Week2,345.0 Highlands Swim - 57.0 Hiddenbrook
Hollin Hills,Week2,Broyhill Crest,Week1,225.0 Hollin Hills - 155.0 Broyhill Crest
Highlands Swim,Week1,Hunt Valley,Week4,221.0 Highlands Swim - 181.0 Hunt Valley
Highlands Swim,Week3,Rolling Hills,Week4,328.0 Highlands Swim - 74.0 Rolling Hills
Hollin Hills,Week4,Fair Oaks ,Week1,303.5 Fair Oaks - 98.5 Hollin Hills
Highlands Swim,Week3,Rolling Valley,Week3,362.0 Highlands Swim - 40.0 Rolling Valley
Highlands Swim,Week5,Herndon,Week1,367.0 Highlands Swim - 35.0 Herndon
Highlands Swim,Week2,Holmes Run Acres,Week5,279.0 Highlands Swim - 123.0 Holmes Run Acres
Hollin Hills,Week1,Broyhill Crest,Week3,244.0 Hollin Hills - 156.0 Broyhill Crest
Highlands Swim,Week1,Hunt Valley,Week1,239.0 Highlands Swim - 163.0 Hunt Valley
Highlands Swim,Week2,Brookfield ,Week3,316.0 Highlands Swim - 86.0 Brookfield
Highlands Swim,Week3,Old Keene Mill,Week3,318.0 Highlands Swim - 84.0 Old Keene Mill
Highlands Swim,Week3,Rolling Valley,Week2,361.0 Highlands Swim - 41.0 Rolling Valley
Hollin Hills,Week1,Broyhill Crest,Week1,229.0 Hollin Hills - 154.0 Broyhill Crest
Highlands Swim,Week4,Holmes Run Acres,Week2,301.0 Highlands Swim - 101.0 Holmes Run Acres
Highlands Swim,Week2,Old Keene Mill,Week2,331.0 Highlands Swim - 71.0 Old Keene Mill
Highlands Swim,Week2,Old Keene Mill,Week3,312.0 Highlands Swim - 90.0 Old Keene Mill
Highlands Swim,Week5,Oakton ,Week3,259.0 Highlands Swim - 143.0 Oakton
Highlands Swim,Week5,Brookfield ,Week4,287.0 Highlands Swim - 115.0 Brookfield
Highlands Swim,Week4,Hiddenbrook,Week5,297.0 Highlands Swim - 105.0 Hiddenbrook
Highlands Swim,Week4,Brookfield ,Week3,301.0 Highlands Swim - 101.0 Brookfield
Hollin Hills,Week2,Brookfield ,Week5,299.0 Brookfield - 103.0 Hollin Hills
Highlands Swim,Week3,Rolling Valley,Week1,376.0 Highlands Swim - 26.0 Rolling Valley
Hollin Hills,Week2,Broyhill Crest,Week4,223.0 Hollin Hills - 168.0 Broyhill Crest
Highlands Swim,Week2,Rolling Valley,Week4,359.0 Highlands Swim - 43.0 Rolling Valley
Highlands Swim,Week1,Old Keene Mill,Week2,317.0 Highlands Swim - 85.0 Old Keene Mill
Highlands Swim,Week1,Broyhill Crest,Week4,386.0 Highlands Swim - 15.0 Broyhill Crest
Highlands Swim,Week3,Herndon,Week5,366.0 Highlands Swim - 36.0 Herndon
Highlands Swim,Week5,Hunt Valley,Week4,256.0 Highlands Swim - 146.0 Hunt Valley
Highlands Swim,Week3,Rolling Valley,Week4,356.0 Highlands Swim - 46.0 Rolling Valley
Hollin Hills,Week1,Brookfield ,Week3,300.0 Brookfield - 102.0 Hollin Hills
Highlands Swim,Week2,Old Keene Mill,Week4,339.0 Highlands Swim - 63.0 Old Keene Mill
Highlands Swim,Week1,Hunter Mill,Week5,243.0 Highlands Swim - 159.0 Hunter Mill
Highlands Swim,Week3,Broyhill Crest,Week2,386.0 Highlands Swim - 16.0 Broyhill Crest
Highlands Swim,Week3,Broyhill Crest,Week3,389.0 Highlands Swim - 13.0 Broyhill Crest
Highlands Swim,Week4,Rolling Valley,Week1,376.0 Highlands Swim - 26.0 Rolling Valley
Highlands Swim,Week2,Broyhill Crest,Week3,394.0 Highlands Swim - 8.0 Broyhill Crest
Hollin Hills,Week5,Brookfield ,Week5,290.5 Brookfield - 111.5 Hollin Hills
Highlands Swim,Week2,Broyhill Crest,Week1,394.0 Highlands Swim - 8.0 Broyhill Crest
Hollin Hills,Week3,Brookfield ,Week3,306.0 Brookfield - 96.0 Hollin Hills
Highlands Swim,Week1,Herndon,Week2,361.0 Highlands Swim - 41.0 Herndon
Highlands Swim,Week2,Hunt Valley,Week4,232.0 Highlands Swim - 170.0 Hunt Valley
Highlands Swim,Week2,Rolling Valley,Week2,366.0 Highlands Swim - 36.0 Rolling Valley
Highlands Swim,Week4,Old Keene Mill,Week2,321.0 Highlands Swim - 81.0 Old Keene Mill
Highlands Swim,Week1,Herndon,Week1,367.0 Highlands Swim - 35.0 Herndon
Highlands Swim,Week3,Old Keene Mill,Week5,309.0 Highlands Swim - 93.0 Old Keene Mill
Highlands Swim,Week4,Hunter Mill,Week1,272.0 Highlands Swim - 130.0 Hunter Mill
Highlands Swim,Week4,Old Keene Mill,Week1,336.0 Highlands Swim - 66.0 Old Keene Mill
Highlands Swim,Week3,Hunter Mill,Week1,267.0 Highlands Swim - 135.0 Hunter Mill
Highlands Swim,Week3,Hunter Mill,Week4,250.0 Highlands Swim - 152.0 Hunter Mill
Hollin Hills,Week3,Broyhill Crest,Week2,267.0 Hollin Hills - 129.0 Broyhill Crest
Highlands Swim,Week4,Herndon,Week2,350.0 Highlands Swim - 52.0 Herndon
Highlands Swim,Week4,Herndon,Week4,355.0 Highlands Swim - 47.0 Herndon
Highlands Swim,Week2,Rolling Valley,Week5,361.0 Highlands Swim - 41.0 Rolling Valley
Highlands Swim,Week4,Old Keene Mill,Week4,335.0 Highlands Swim - 67.0 Old Keene Mill
Highlands Swim,Week4,Herndon,Week3,351.0 Highlands Swim - 51.0 Herndon
Highlands Swim,Week3,Broyhill Crest,Week4,390.0 Highlands Swim - 12.0 Broyhill Crest
Highlands Swim,Week4,Rolling Valley,Week4,362.0 Highlands Swim - 40.0 Rolling Valley
Highlands Swim,Week1,Hiddenbrook,Week1,325.0 Highlands Swim - 77.0 Hiddenbrook
Highlands Swim,Week5,Rolling Valley,Week1,380.0 Highlands Swim - 22.0 Rolling Valley
Highlands Swim,Week5,Herndon,Week2,358.0 Highlands Swim - 44.0 Herndon
Highlands Swim,Week1,Hiddenbrook,Week3,313.0 Highlands Swim - 89.0 Hiddenbrook
Hollin Hills,Week4,Brookfield ,Week4,311.0 Brookfield - 90.0 Hollin Hills
Highlands Swim,Week5,Old Keene Mill,Week2,330.0 Highlands Swim - 72.0 Old Keene Mill
Highlands Swim,Week5,Old Keene Mill,Week4,348.0 Highlands Swim - 54.0 Old Keene Mill
Hollin Hills,Week1,Brookfield ,Week5,312.0 Brookfield - 90.0 Hollin Hills
Highlands Swim,Week2,Hunter Mill,Week2,284.0 Highlands Swim - 118.0 Hunter Mill
Highlands Swim,Week4,Rolling Valley,Week2,358.0 Highlands Swim - 44.0 Rolling Valley
Highlands Swim,Week4,Hunt Valley,Week2,238.0 Highlands Swim - 164.0 Hunt Valley
Hollin Hills,Week2,Brookfield ,Week4,306.0 Brookfield - 95.0 Hollin Hills
Highlands Swim,Week3,Broyhill Crest,Week5,384.0 Highlands Swim - 18.0 Broyhill Crest
Highlands Swim,Week2,Burke Station,Week1,310.0 Highlands Swim - 69.0 Burke Station
Hollin Hills,Week5,Brookfield ,Week1,305.0 Brookfield - 97.0 Hollin Hills
Highlands Swim,Week4,Broyhill Crest,Week1,383.0 Highlands Swim - 18.0 Broyhill Crest
Highlands Swim,Week4,Old Keene Mill,Week5,315.0 Highlands Swim - 87.0 Old Keene Mill
Highlands Swim,Week3,Hunt Valley,Week5,220.0 Highlands Swim - 182.0 Hunt Valley
Highlands Swim,Week3,Hunter Mill,Week2,276.0 Highlands Swim - 126.0 Hunter Mill
Highlands Swim,Week5,Herndon,Week4,356.0 Highlands Swim - 46.0 Herndon
Highlands Swim,Week4,Hunt Valley,Week1,240.0 Highlands Swim - 162.0 Hunt Valley
Highlands Swim,Week4,Orange Hunt,Week1,279.0 Highlands Swim - 123.0 Orange Hunt
Highlands Swim,Week4,Broyhill Crest,Week3,392.0 Highlands Swim - 9.0 Broyhill Crest
Highlands Swim,Week4,Rolling Valley,Week5,361.0 Highlands Swim - 41.0 Rolling Valley
Highlands Swim,Week4,Hunt Valley,Week4,221.5 Highlands Swim - 180.5 Hunt Valley
Highlands Swim,Week2,Hiddenbrook,Week5,317.0 Highlands Swim - 85.0 Hiddenbrook
Highlands Swim,Week5,Rutherford,Week2,346.0 Highlands Swim - 56.0 Rutherford
Highlands Swim,Week3,Burke Station,Week4,345.0 Highlands Swim - 57.0 Burke Station
Highlands Swim,Week2,Hiddenbrook,Week2,355.0 Highlands Swim - 47.0 Hiddenbrook
Highlands Swim,Week1,Hunter Mill,Week1,271.0 Highlands Swim - 131.0 Hunter Mill
Highlands Swim,Week4,Hunt Valley,Week3,207.0 Highlands Swim - 195.0 Hunt Valley
Highlands Swim,Week2,Hiddenbrook,Week4,327.0 Highlands Swim - 75.0 Hiddenbrook
Highlands Swim,Week2,Overlee,Week1,226.0 Overlee - 176.0 Highlands Swim
Highlands Swim,Week2,Burke Station,Week2,349.0 Highlands Swim - 53.0 Burke Station
Hollin Hills,Week3,Brookfield ,Week4,308.0 Brookfield - 94.0 Hollin Hills
Hollin Hills,Week3,Brookfield ,Week5,300.0 Brookfield - 102.0 Hollin Hills
Highlands Swim,Week2,Overlee,Week2,230.0 Overlee - 172.0 Highlands Swim
Highlands Swim,Week2,Hiddenbrook,Week3,329.0 Highlands Swim - 73.0 Hiddenbrook
Hollin Hills,Week3,Brookfield ,Week2,307.0 Brookfield - 95.0 Hollin Hills
Highlands Swim,Week5,Broyhill Crest,Week3,386.0 Highlands Swim - 16.0 Broyhill Crest
Highlands Swim,Week5,Rolling Valley,Week2,367.0 Highlands Swim - 35.0 Rolling Valley
Highlands Swim,Week3,Burke Station,Week1,295.0 Highlands Swim - 84.0 Burke Station
Highlands Swim,Week2,Burke Station,Week5,337.0 Highlands Swim - 65.0 Burke Station
Highlands Swim,Week3,Hunt Valley,Week4,217.0 Highlands Swim - 185.0 Hunt Valley
Highlands Swim,Week3,Orange Hunt,Week1,285.0 Highlands Swim - 117.0 Orange Hunt
Hollin Hills,Week2,Brookfield ,Week3,299.0 Brookfield - 103.0 Hollin Hills
Highlands Swim,Week5,Rolling Valley,Week4,362.5 Highlands Swim - 39.5 Rolling Valley
Highlands Swim,Week3,Orange Hunt,Week4,275.0 Highlands Swim - 127.0 Orange Hunt
Highlands Swim,Week3,Rutherford,Week2,339.0 Highlands Swim - 63.0 Rutherford
Highlands Swim,Week2,Orange Hunt,Week5,274.0 Highlands Swim - 128.0 Orange Hunt
Highlands Swim,Week2,Hunter Mill,Week4,273.0 Highlands Swim - 129.0 Hunter Mill
Highlands Swim,Week5,Broyhill Crest,Week5,384.0 Highlands Swim - 18.0 Broyhill Crest
Highlands Swim,Week4,Orange Hunt,Week3,275.0 Highlands Swim - 127.0 Orange Hunt
Highlands Swim,Week5,Broyhill Crest,Week4,384.0 Highlands Swim - 18.0 Broyhill Crest
Highlands Swim,Week3,Hiddenbrook,Week3,330.0 Highlands Swim - 72.0 Hiddenbrook
Highlands Swim,Week2,Rutherford,Week1,350.0 Highlands Swim - 52.0 Rutherford
Highlands Swim,Week2,Overlee,Week5,271.0 Overlee - 131.0 Highlands Swim
Hollin Hills,Week4,Brookfield ,Week3,297.0 Brookfield - 104.0 Hollin Hills
Highlands Swim,Week3,Hiddenbrook,Week2,354.0 Highlands Swim - 48.0 Hiddenbrook
Highlands Swim,Week1,Rutherford,Week1,352.0 Highlands Swim - 50.0 Rutherford
Highlands Swim,Week1,Shouse Village,Week2,295.0 Highlands Swim - 107.0 Shouse Village
Hollin Hills,Week4,Brookfield ,Week5,301.0 Brookfield - 101.0 Hollin Hills
Highlands Swim,Week2,Hunter Mill,Week1,279.5 Highlands Swim - 122.5 Hunter Mill
Highlands Swim,Week3,Hiddenbrook,Week5,312.0 Highlands Swim - 90.0 Hiddenbrook
Highlands Swim,Week4,Hiddenbrook,Week1,319.0 Highlands Swim - 83.0 Hiddenbrook
Highlands Swim,Week4,Hiddenbrook,Week4,314.0 Highlands Swim - 88.0 Hiddenbrook
Highlands Swim,Week3,Burke Station,Week2,335.0 Highlands Swim - 67.0 Burke Station
Hollin Hills,Week5,Brookfield ,Week2,292.0 Brookfield - 110.0 Hollin Hills
Highlands Swim,Week2,Rutherford,Week4,343.0 Highlands Swim - 59.0 Rutherford
Highlands Swim,Week3,Hunt Valley,Week1,232.0 Highlands Swim - 170.0 Hunt Valley
Highlands Swim,Week5,Orange Hunt,Week5,277.0 Highlands Swim - 125.0 Orange Hunt
Highlands Swim,Week3,Hunt Valley,Week2,239.0 Highlands Swim - 163.0 Hunt Valley
Highlands Swim,Week5,Hunt Valley,Week2,263.0 Highlands Swim - 139.0 Hunt Valley
Highlands Swim,Week4,Hiddenbrook,Week3,315.0 Highlands Swim - 87.0 Hiddenbrook
Hollin Hills,Week1,Brookfield ,Week4,316.0 Brookfield - 86.0 Hollin Hills
Hollin Hills,Week3,Brookfield ,Week1,317.0 Brookfield - 85.0 Hollin Hills
Highlands Swim,Week4,Hunt Valley,Week5,222.0 Highlands Swim - 180.0 Hunt Valley
Highlands Swim,Week2,Orange Hunt,Week1,288.0 Highlands Swim - 114.0 Orange Hunt
Highlands Swim,Week2,Burke Station,Week4,353.0 Highlands Swim - 49.0 Burke Station
Highlands Swim,Week2,Rutherford,Week2,348.0 Highlands Swim - 54.0 Rutherford
Highlands Swim,Week5,Hiddenbrook,Week2,357.0 Highlands Swim - 40.0 Hiddenbrook
Highlands Swim,Week5,Hiddenbrook,Week1,334.0 Highlands Swim - 68.0 Hiddenbrook
Highlands Swim,Week1,Burke Station,Week1,311.0 Highlands Swim - 68.0 Burke Station
Highlands Swim,Week5,Broyhill Crest,Week1,387.0 Highlands Swim - 10.0 Broyhill Crest
Highlands Swim,Week3,Orange Hunt,Week5,260.0 Highlands Swim - 142.0 Orange Hunt
Highlands Swim,Week3,Rutherford,Week3,340.0 Highlands Swim - 62.0 Rutherford
Hollin Hills,Week4,Brookfield ,Week2,303.0 Brookfield - 98.0 Hollin Hills
Highlands Swim,Week2,Rutherford,Week5,341.0 Highlands Swim - 61.0 Rutherford
Highlands Swim,Week1,Burke Station,Week3,338.5 Highlands Swim - 58.5 Burke Station
Highlands Swim,Week2,Orange Hunt,Week3,280.0 Highlands Swim - 122.0 Orange Hunt
Hollin Hills,Week2,Brookfield ,Week2,296.0 Brookfield - 106.0 Hollin Hills
Highlands Swim,Week3,Rutherford,Week4,334.0 Highlands Swim - 68.0 Rutherford
Highlands Swim,Week1,Hunter Mill,Week2,273.0 Highlands Swim - 129.0 Hunter Mill
Highlands Swim,Week3,Rutherford,Week5,329.0 Highlands Swim - 73.0 Rutherford
Highlands Swim,Week1,Hunter Mill,Week3,251.0 Highlands Swim - 151.0 Hunter Mill
Highlands Swim,Week5,Orange Hunt,Week1,287.0 Highlands Swim - 115.0 Orange Hunt
Highlands Swim,Week1,Burke Station,Week4,346.0 Highlands Swim - 56.0 Burke Station
Highlands Swim,Week3,Orange Hunt,Week3,266.0 Highlands Swim - 136.0 Orange Hunt
Hollin Hills,Week2,Brookfield ,Week1,312.0 Brookfield - 90.0 Hollin Hills
Highlands Swim,Week1,Overlee,Week2,247.0 Overlee - 155.0 Highlands Swim
Highlands Swim,Week2,Hunter Mill,Week3,261.0 Highlands Swim - 141.0 Hunter Mill
Highlands Swim,Week4,Burke Station,Week2,339.0 Highlands Swim - 63.0 Burke Station
Highlands Swim,Week4,Burke Station,Week1,291.0 Highlands Swim - 88.0 Burke Station
Highlands Swim,Week5,Hiddenbrook,Week4,322.0 Highlands Swim - 75.0 Hiddenbrook
Highlands Swim,Week1,Overlee,Week1,213.0 Overlee - 189.0 Highlands Swim
Highlands Swim,Week5,Orange Hunt,Week3,284.0 Highlands Swim - 118.0 Orange Hunt
Highlands Swim,Week5,Hunt Valley,Week3,233.0 Highlands Swim - 169.0 Hunt Valley
Hollin Hills,Week1,Broyhill Crest,Week5,209.0 Hollin Hills - 189.0 Broyhill Crest
Highlands Swim,Week5,Hunt Valley,Week1,248.0 Highlands Swim - 149.0 Hunt Valley
Highlands Swim,Week1,High Point Pool,Week2,272.0 Highlands Swim - 130.0 High Point Pool
Highlands Swim,Week1,Rutherford,Week5,328.0 Highlands Swim - 74.0 Rutherford
Highlands Swim,Week4,Rutherford,Week2,337.0 Highlands Swim - 65.0 Rutherford
Highlands Swim,Week2,Burke Station,Week3,342.0 Highlands Swim - 55.0 Burke Station
Hollin Hills,Week1,Broyhill Crest,Week2,231.0 Hollin Hills - 164.0 Broyhill Crest
Highlands Swim,Week1,Orange Hunt,Week5,265.0 Highlands Swim - 137.0 Orange Hunt
Highlands Swim,Week3,Burke Station,Week5,325.0 Highlands Swim - 77.0 Burke Station
Highlands Swim,Week5,Hiddenbrook,Week5,315.0 Highlands Swim - 87.0 Hiddenbrook
Highlands Swim,Week5,Hunt Valley,Week5,244.0 Highlands Swim - 158.0 Hunt Valley
Highlands Swim,Week1,High Point Pool,Week1,275.0 Highlands Swim - 127.0 High Point Pool
Hollin Hills,Week5,Brookfield ,Week3,294.0 Brookfield - 108.0 Hollin Hills
Highlands Swim,Week2,Rutherford,Week3,346.0 Highlands Swim - 56.0 Rutherford
Hollin Hills,Week1,Broyhill Crest,Week4,224.0 Hollin Hills - 173.0 Broyhill Crest
Highlands Swim,Week1,Rutherford,Week4,331.0 Highlands Swim - 71.0 Rutherford
Highlands Swim,Week5,Hiddenbrook,Week3,326.0 Highlands Swim - 76.0 Hiddenbrook
Hollin Hills,Week2,Burke Station,Week1,235.0 Burke Station - 138.0 Hollin Hills
Highlands Swim,Week4,Hunter Mill,Week2,275.0 Highlands Swim - 127.0 Hunter Mill
Highlands Swim,Week5,Rutherford,Week1,357.0 Highlands Swim - 45.0 Rutherford
Hollin Hills,Week3,Broyhill Crest,Week1,262.0 Hollin Hills - 129.0 Broyhill Crest
Highlands Swim,Week4,Orange Hunt,Week4,271.0 Highlands Swim - 131.0 Orange Hunt
Highlands Swim,Week1,Hunter Mill,Week4,253.0 Highlands Swim - 149.0 Hunter Mill
Hollin Hills,Week1,Burke Station,Week1,238.0 Burke Station - 137.0 Hollin Hills
Highlands Swim,Week1,Overlee,Week3,229.0 Overlee - 173.0 Highlands Swim
Highlands Swim,Week4,Rutherford,Week1,343.0 Highlands Swim - 59.0 Rutherford
Highlands Swim,Week2,Hunter Mill,Week5,256.0 Highlands Swim - 146.0 Hunter Mill
Highlands Swim,Week3,Orange Hunt,Week2,279.0 Highlands Swim - 123.0 Orange Hunt
Highlands Swim,Week4,Hunter Mill,Week3,247.0 Highlands Swim - 155.0 Hunter Mill
Hollin Hills,Week5,Broyhill Crest,Week3,251.0 Hollin Hills - 140.0 Broyhill Crest
Highlands Swim,Week3,Hunt Valley,Week3,202.0 Highlands Swim - 200.0 Hunt Valley
Highlands Swim,Week4,Orange Hunt,Week5,262.0 Highlands Swim - 140.0 Orange Hunt
Highlands Swim,Week4,Burke Station,Week3,323.0 Highlands Swim - 74.0 Burke Station
Highlands Swim,Week4,Rutherford,Week3,326.0 Highlands Swim - 76.0 Rutherford
Highlands Swim,Week3,Hunter Mill,Week5,251.0 Highlands Swim - 151.0 Hunter Mill
Highlands Swim,Week5,Broyhill Crest,Week2,387.0 Highlands Swim - 15.0 Broyhill Crest
Highlands Swim,Week4,Hunter Mill,Week4,242.0 Highlands Swim - 160.0 Hunter Mill
Highlands Swim,Week5,Orange Hunt,Week4,291.0 Highlands Swim - 111.0 Orange Hunt
Highlands Swim,Week2,Orange Hunt,Week2,279.5 Highlands Swim - 122.5 Orange Hunt
Highlands Swim,Week4,Broyhill Crest,Week5,381.0 Highlands Swim - 21.0 Broyhill Crest
Highlands Swim,Week1,Rutherford,Week2,350.0 Highlands Swim - 52.0 Rutherford
Highlands Swim,Week3,Burke Station,Week3,334.0 Highlands Swim - 63.0 Burke Station
Highlands Swim,Week1,High Point Pool,Week3,266.0 Highlands Swim - 136.0 High Point Pool
Highlands Swim,Week4,Rutherford,Week4,326.0 Highlands Swim - 76.0 Rutherford
Hollin Hills,Week1,Burke Station,Week2,239.0 Burke Station - 157.0 Hollin Hills
Highlands Swim,Week4,Rutherford,Week5,317.5 Highlands Swim - 84.5 Rutherford
Hollin Hills,Week2,Broyhill Crest,Week2,236.0 Hollin Hills - 155.0 Broyhill Crest
Highlands Swim,Week3,Hunter Mill,Week3,259.0 Highlands Swim - 143.0 Hunter Mill
Highlands Swim,Week4,Orange Hunt,Week2,275.0 Highlands Swim - 127.0 Orange Hunt
Highlands Swim,Week1,Overlee,Week5,280.0 Overlee - 122.0 Highlands Swim
Highlands Swim,Week4,Burke Station,Week5,327.0 Highlands Swim - 75.0 Burke Station
Highlands Swim,Week5,Burke Station,Week1,299.0 Highlands Swim - 80.0 Burke Station
Hollin Hills,Week2,Broyhill Crest,Week5,200.0 Hollin Hills - 192.0 Broyhill Crest
Highlands Swim,Week1,Rutherford,Week3,344.0 Highlands Swim - 58.0 Rutherford
Highlands Swim,Week4,Burke Station,Week4,337.5 Highlands Swim - 64.5 Burke Station
Hollin Hills,Week2,Broyhill Crest,Week3,241.0 Hollin Hills - 157.0 Broyhill Crest
Highlands Swim,Week2,Overlee,Week3,220.0 Overlee - 182.0 Highlands Swim
Highlands Swim,Week3,Shouse Village,Week1,273.0 Highlands Swim - 129.0 Shouse Village
Highlands Swim,Week3,Rutherford,Week1,347.0 Highlands Swim - 55.0 Rutherford
Highlands Swim,Week5,Rutherford,Week5,333.0 Highlands Swim - 69.0 Rutherford
Highlands Swim,Week1,Burke Station,Week2,350.0 Highlands Swim - 52.0 Burke Station
Highlands Swim,Week3,Ilda Community,Week2,362.0 Highlands Swim - 40.0 Ilda Community
Highlands Swim,Week5,Camelot,Week3,308.0 Highlands Swim - 94.0 Camelot
Highlands Swim,Week2,Camelot,Week2,306.0 Highlands Swim - 96.0 Camelot
Hollin Hills,Week3,Broyhill Crest,Week4,255.0 Hollin Hills - 143.0 Broyhill Crest
Highland Park,Week2,Lakevale Estates,Week3,256.0 Lakevale Estates - 146.0 Highland Park
Highlands Swim,Week3,Ilda Community,Week5,346.0 Highlands Swim - 55.0 Ilda Community
Highlands Swim,Week2,Overlee,Week4,280.0 Overlee - 122.0 Highlands Swim
Highland Park,Week2,Lakevale Estates,Week2,254.0 Lakevale Estates - 148.0 Highland Park
Highland Park,Week1,Lakevale Estates,Week5,247.0 Lakevale Estates - 155.0 Highland Park
Hollin Hills,Week4,Broyhill Crest,Week1,240.0 Hollin Hills - 146.0 Broyhill Crest
Highlands Swim,Week1,Shouse Village,Week1,278.0 Highlands Swim - 124.0 Shouse Village
Highlands Swim,Week3,Ilda Community,Week3,350.0 Highlands Swim - 52.0 Ilda Community
Highlands Swim,Week5,Camelot,Week5,302.0 Highlands Swim - 100.0 Camelot
Highlands Swim,Week4,Hunter Mill,Week5,243.0 Highlands Swim - 159.0 Hunter Mill
Highlands Swim,Week1,Shouse Village,Week4,285.0 Highlands Swim - 117.0 Shouse Village
Hollin Hills,Week4,Broyhill Crest,Week4,258.0 Hollin Hills - 137.0 Broyhill Crest
Hollin Hills,Week4,Broyhill Crest,Week2,260.0 Hollin Hills - 134.0 Broyhill Crest
Hollin Hills,Week3,Broyhill Crest,Week5,226.0 Hollin Hills - 173.0 Broyhill Crest
Highlands Swim,Week5,Rutherford,Week4,335.0 Highlands Swim - 67.0 Rutherford
Highlands Swim,Week3,Overlee,Week3,232.5 Overlee - 169.5 Highlands Swim
Highlands Swim,Week1,Overlee,Week4,304.0 Overlee - 98.0 Highlands Swim
Highland Park,Week3,Lake Braddock,Week5,281.0 Highland Park - 121.0 Lake Braddock
Highlands Swim,Week2,Orange Hunt,Week4,277.0 Highlands Swim - 125.0 Orange Hunt
Highlands Swim,Week4,Camelot,Week2,300.0 Highlands Swim - 102.0 Camelot
Highlands Swim,Week3,Camelot,Week3,303.0 Highlands Swim - 99.0 Camelot
Highlands Swim,Week5,Orange Hunt,Week2,282.0 Highlands Swim - 120.0 Orange Hunt
Highlands Swim,Week5,Rutherford,Week3,345.5 Highlands Swim - 56.5 Rutherford
Highlands Swim,Week1,Burke Station,Week5,327.0 Highlands Swim - 75.0 Burke Station
Hollin Hills,Week1,Burke Station,Week3,258.0 Burke Station - 134.0 Hollin Hills
Highlands Swim,Week4,Ilda Community,Week3,344.0 Highlands Swim - 58.0 Ilda Community
Highlands Swim,Week5,Ilda Community,Week1,340.0 Highlands Swim - 62.0 Ilda Community
Highlands Swim,Week5,Shouse Village,Week1,279.0 Highlands Swim - 123.0 Shouse Village
Highlands Swim,Week2,Camelot,Week5,320.0 Highlands Swim - 82.0 Camelot
Hollin Hills,Week2,Burke Station,Week5,251.0 Burke Station - 146.0 Hollin Hills
Highland Park,Week4,North Springfield,Week4,330.0 Highland Park - 62.0 North Springfield
Highland Park,Week1,Lakevale Estates,Week3,240.0 Lakevale Estates - 162.0 Highland Park
Highlands Swim,Week5,Ilda Community,Week5,351.0 Highlands Swim - 51.0 Ilda Community
Highlands Swim,Week1,Kent Gardens,Week3,303.0 Highlands Swim - 99.0 Kent Gardens
Highlands Swim,Week5,Ilda Community,Week3,348.0 Highlands Swim - 54.0 Ilda Community
Highlands Swim,Week5,Camelot,Week1,315.0 Highlands Swim - 87.0 Camelot
Highlands Swim,Week1,Sideburn Run,Week5,288.0 Highlands Swim - 114.0 Sideburn Run
Hollin Hills,Week5,Broyhill Crest,Week5,214.0 Hollin Hills - 178.0 Broyhill Crest
Highland Park,Week5,Lake Braddock,Week1,345.0 Highland Park - 57.0 Lake Braddock
Hollin Hills,Week4,Broyhill Crest,Week5,225.0 Hollin Hills - 170.0 Broyhill Crest
Highlands Swim,Week4,Overlee,Week1,221.0 Overlee - 181.0 Highlands Swim
Highland Park,Week2,Lakevale Estates,Week1,245.0 Lakevale Estates - 157.0 Highland Park
Highlands Swim,Week5,Overlee,Week1,210.0 Overlee - 192.0 Highlands Swim
Highlands Swim,Week5,Camelot,Week2,306.0 Highlands Swim - 96.0 Camelot
Highlands Swim,Week4,Overlee,Week4,287.0 Overlee - 115.0 Highlands Swim
Highlands Swim,Week4,Overlee,Week5,274.0 Overlee - 128.0 Highlands Swim
Highland Park,Week3,Lakevale Estates,Week4,287.0 Lakevale Estates - 115.0 Highland Park
Highland Park,Week3,North Springfield,Week2,285.0 Highland Park - 103.0 North Springfield
Highlands Swim,Week1,Shouse Village,Week3,279.0 Highlands Swim - 123.0 Shouse Village
Highlands Swim,Week1,Kent Gardens,Week1,288.0 Highlands Swim - 114.0 Kent Gardens
Highlands Swim,Week5,Camelot,Week4,314.0 Highlands Swim - 88.0 Camelot
Hollin Hills,Week2,Burke Station,Week4,233.0 Burke Station - 159.0 Hollin Hills
Highland Park,Week5,North Springfield,Week2,306.0 Highland Park - 82.0 North Springfield
Highlands Swim,Week2,Sideburn Run,Week4,315.5 Highlands Swim - 86.5 Sideburn Run
Highlands Swim,Week4,Camelot,Week4,310.0 Highlands Swim - 92.0 Camelot
Hollin Hills,Week5,Broyhill Crest,Week4,237.0 Hollin Hills - 152.0 Broyhill Crest
Highlands Swim,Week5,Hunter Mill,Week3,268.0 Highlands Swim - 134.0 Hunter Mill
Highlands Swim,Week3,Shouse Village,Week3,281.0 Highlands Swim - 121.0 Shouse Village
Highlands Swim,Week2,Kent Gardens,Week1,303.0 Highlands Swim - 99.0 Kent Gardens
Highland Park,Week4,Lakevale Estates,Week4,263.0 Lakevale Estates - 139.0 Highland Park
Highlands Swim,Week4,Shouse Village,Week5,271.0 Highlands Swim - 131.0 Shouse Village
Highlands Swim,Week4,Shouse Village,Week1,270.0 Highlands Swim - 132.0 Shouse Village
Hollin Hills,Week3,Burke Station,Week3,247.0 Burke Station - 146.0 Hollin Hills
Highlands Swim,Week3,Camelot,Week1,299.0 Highlands Swim - 103.0 Camelot
Highlands Swim,Week3,Overlee,Week4,285.0 Overlee - 117.0 Highlands Swim
Highlands Swim,Week3,Sideburn Run,Week2,310.0 Highlands Swim - 92.0 Sideburn Run
Hollin Hills,Week4,Burke Station,Week1,225.0 Burke Station - 145.0 Hollin Hills
Highland Park,Week2,North Springfield,Week5,270.0 Highland Park - 104.0 North Springfield
Highland Park,Week2,Sleepy Hollow Rec,Week1,278.0 Highland Park - 124.0 Sleepy Hollow Rec
Hollin Hills,Week3,Burke Station,Week2,224.0 Burke Station - 174.0 Hollin Hills
Highland Park,Week2,North Springfield,Week2,305.0 Highland Park - 83.0 North Springfield
Highlands Swim,Week3,Overlee,Week2,238.0 Overlee - 164.0 Highlands Swim
Highlands Swim,Week1,Ilda Community,Week1,346.0 Highlands Swim - 56.0 Ilda Community
Highland Park,Week5,Newington Forest,Week4,270.0 Highland Park - 132.0 Newington Forest
Hollin Hills,Week3,Burke Station,Week4,242.5 Burke Station - 157.5 Hollin Hills
Highlands Swim,Week1,Canterbury Woods,Week1,330.0 Highlands Swim - 72.0 Canterbury Woods
Highlands Swim,Week5,Hunter Mill,Week2,298.0 Highlands Swim - 104.0 Hunter Mill
Hollin Hills,Week3,Burke Station,Week5,246.0 Burke Station - 155.0 Hollin Hills
Highland Park,Week5,North Springfield,Week4,318.0 Highland Park - 74.0 North Springfield
Highlands Swim,Week3,Camelot,Week4,300.0 Highlands Swim - 102.0 Camelot
Highlands Swim,Week5,Hunter Mill,Week4,271.0 Highlands Swim - 131.0 Hunter Mill
Highland Park,Week3,Lake Braddock,Week2,284.0 Highland Park - 118.0 Lake Braddock
Highland Park,Week4,Lake Braddock,Week2,315.0 Highland Park - 87.0 Lake Braddock
Highlands Swim,Week3,Overlee,Week5,274.0 Overlee - 128.0 Highlands Swim
Highlands Swim,Week2,Camelot,Week3,310.0 Highlands Swim - 92.0 Camelot
Highlands Swim,Week3,Shouse Village,Week2,297.0 Highlands Swim - 105.0 Shouse Village
Highlands Swim,Week5,Overlee,Week4,272.0 Overlee - 130.0 Highlands Swim
Highland Park,Week3,Lake Braddock,Week1,315.0 Highland Park - 87.0 Lake Braddock
Highland Park,Week1,North Springfield,Week5,275.0 Highland Park - 99.0 North Springfield
Highland Park,Week4,Lake Braddock,Week4,326.0 Highland Park - 76.0 Lake Braddock
Highlands Swim,Week4,Overlee,Week2,235.0 Overlee - 167.0 Highlands Swim
Highland Park,Week3,Sleepy Hollow B & R,Week2,218.0 Sleepy Hollow B & R - 184.0 Highland Park
Highlands Swim,Week1,Parklawn,Week2,322.0 Highlands Swim - 80.0 Parklawn
Highland Park,Week4,Newington Forest,Week4,285.0 Highland Park - 117.0 Newington Forest
Highlands Swim,Week2,Shouse Village,Week1,294.0 Highlands Swim - 108.0 Shouse Village
Highlands Swim,Week1,Parklawn,Week1,334.0 Highlands Swim - 59.0 Parklawn
Highlands Swim,Week1,Ilda Community,Week5,352.0 Highlands Swim - 50.0 Ilda Community
Hollin Hills,Week3,Broyhill Crest,Week3,255.5 Hollin Hills - 145.5 Broyhill Crest
Highlands Swim,Week5,Overlee,Week2,217.0 Overlee - 185.0 Highlands Swim
Highland Park,Week5,Lake Braddock,Week2,311.0 Highland Park - 91.0 Lake Braddock
Highland Park,Week3,Sleepy Hollow B & R,Week1,201.0 Highland Park - 201.0 Sleepy Hollow B & R
Highland Park,Week3,Lake Braddock,Week3,288.0 Highland Park - 114.0 Lake Braddock
Highland Park,Week1,Lakevale Estates,Week1,240.0 Lakevale Estates - 162.0 Highland Park
Highlands Swim,Week2,Ilda Community,Week5,355.0 Highlands Swim - 47.0 Ilda Community
Highlands Swim,Week4,Shouse Village,Week2,293.0 Highlands Swim - 109.0 Shouse Village
Highlands Swim,Week2,Ilda Community,Week1,351.0 Highlands Swim - 51.0 Ilda Community
Highland Park,Week4,Sleepy Hollow B & R,Week2,202.0 Sleepy Hollow B & R - 200.0 Highland Park
Highlands Swim,Week5,Shouse Village,Week3,287.0 Highlands Swim - 115.0 Shouse Village
Highlands Swim,Week1,Ilda Community,Week4,336.0 Highlands Swim - 66.0 Ilda Community
Hollin Hills,Week3,Burke Station,Week1,231.0 Burke Station - 146.0 Hollin Hills
Highland Park,Week4,Lake Braddock,Week5,310.0 Highland Park - 92.0 Lake Braddock
Hollin Hills,Week1,Burke Station,Week4,244.0 Burke Station - 155.0 Hollin Hills
Highland Park,Week4,North Springfield,Week2,310.0 Highland Park - 78.0 North Springfield
Highlands Swim,Week1,Camelot,Week3,307.0 Highlands Swim - 95.0 Camelot
Highlands Swim,Week4,Camelot,Week3,311.0 Highlands Swim - 91.0 Camelot
Highlands Swim,Week4,Camelot,Week1,302.0 Highlands Swim - 100.0 Camelot
Highland Park,Week1,North Springfield,Week1,299.0 Highland Park - 52.0 North Springfield
Highlands Swim,Week5,Hunter Mill,Week5,265.0 Highlands Swim - 137.0 Hunter Mill
Hollin Hills,Week2,Burke Station,Week2,225.0 Burke Station - 164.0 Hollin Hills
Highlands Swim,Week1,Camelot,Week2,302.0 Highlands Swim - 100.0 Camelot
Highland Park,Week1,North Springfield,Week4,329.0 Highland Park - 63.0 North Springfield
Highlands Swim,Week5,Overlee,Week5,265.0 Overlee - 137.0 Highlands Swim
Highlands Swim,Week5,Burke Station,Week5,330.0 Highlands Swim - 72.0 Burke Station
Highland Park,Week1,Sleepy Hollow Rec,Week4,298.0 Highland Park - 104.0 Sleepy Hollow Rec
Highland Park,Week5,Lake Braddock,Week5,309.0 Highland Park - 93.0 Lake Braddock
Highlands Swim,Week3,Overlee,Week1,230.0 Overlee - 172.0 Highlands Swim
Highlands Swim,Week4,Shouse Village,Week4,278.0 Highlands Swim - 124.0 Shouse Village
Highland Park,Week3,North Springfield,Week1,295.0 Highland Park - 56.0 North Springfield
Highlands Swim,Week1,Ilda Community,Week2,358.0 Highlands Swim - 44.0 Ilda Community
Hollin Hills,Week4,Broyhill Crest,Week3,266.0 Hollin Hills - 131.0 Broyhill Crest
Highland Park,Week5,Newington Forest,Week2,289.0 Highland Park - 112.0 Newington Forest
Highlands Swim,Week5,Shouse Village,Week2,296.0 Highlands Swim - 106.0 Shouse Village
Highland Park,Week1,Lakevale Estates,Week2,249.0 Lakevale Estates - 153.0 Highland Park
Highlands Swim,Week1,Camelot,Week4,308.0 Highlands Swim - 94.0 Camelot
Highland Park,Week4,Lake Braddock,Week3,307.5 Highland Park - 94.5 Lake Braddock
Highland Park,Week3,North Springfield,Week3,283.0 Highland Park - 114.0 North Springfield
Highlands Swim,Week1,Parklawn,Week4,326.0 Highlands Swim - 76.0 Parklawn
Highlands Swim,Week2,Camelot,Week1,321.0 Highlands Swim - 81.0 Camelot
Hollin Hills,Week5,Broyhill Crest,Week2,249.0 Hollin Hills - 138.0 Broyhill Crest
Hollin Hills,Week5,Broyhill Crest,Week1,231.0 Hollin Hills - 149.0 Broyhill Crest
Highlands Swim,Week4,Shouse Village,Week3,279.0 Highlands Swim - 123.0 Shouse Village
Highlands Swim,Week2,Shouse Village,Week3,289.5 Highlands Swim - 112.5 Shouse Village
Highlands Swim,Week1,Parklawn,Week3,338.0 Highlands Swim - 64.0 Parklawn
Highland Park,Week1,Sleepy Hollow Rec,Week2,286.0 Highland Park - 116.0 Sleepy Hollow Rec
Highland Park,Week3,Sleepy Hollow B & R,Week3,219.0 Sleepy Hollow B & R - 183.0 Highland Park
Highlands Swim,Week2,Ilda Community,Week3,351.0 Highlands Swim - 51.0 Ilda Community
Highland Park,Week4,Lake Braddock,Week1,340.0 Highland Park - 62.0 Lake Braddock
Highland Park,Week1,Sleepy Hollow Rec,Week1,288.0 Highland Park - 114.0 Sleepy Hollow Rec
Highlands Swim,Week1,Parklawn,Week5,326.0 Highlands Swim - 76.0 Parklawn
Highlands Swim,Week1,Ilda Community,Week3,356.0 Highlands Swim - 46.0 Ilda Community
Highlands Swim,Week1,Camelot,Week1,305.0 Highlands Swim - 97.0 Camelot
Highland Park,Week4,Hunter Mill,Week3,216.0 Hunter Mill - 186.0 Highland Park
Highland Park,Week1,Sleepy Hollow Rec,Week3,272.5 Highland Park - 129.5 Sleepy Hollow Rec
Highlands Swim,Week2,Ilda Community,Week4,348.0 Highlands Swim - 54.0 Ilda Community
Highland Park,Week4,Hunter Mill,Week1,203.0 Hunter Mill - 199.0 Highland Park
Highlands Swim,Week3,Ilda Community,Week1,338.0 Highlands Swim - 63.0 Ilda Community
Hollin Hills,Week4,Camelot,Week1,264.0 Camelot - 135.0 Hollin Hills
Highlands Swim,Week3,Shouse Village,Week5,261.0 Highlands Swim - 141.0 Shouse Village
Highland Park,Week5,Hunter Mill,Week3,220.0 Hunter Mill - 182.0 Highland Park
Highland Park,Week2,North Springfield,Week1,296.0 Highland Park - 55.0 North Springfield
Highland Park,Week5,Lake Braddock,Week3,308.0 Highland Park - 94.0 Lake Braddock
Highland Park,Week1,Sleepy Hollow Rec,Week5,289.0 Highland Park - 113.0 Sleepy Hollow Rec
Highland Park,Week2,Lake Braddock,Week5,292.0 Highland Park - 110.0 Lake Braddock
Highlands Swim,Week5,Shouse Village,Week5,274.0 Highlands Swim - 128.0 Shouse Village
Hollin Hills,Week2,Burke Station,Week3,250.0 Burke Station - 136.0 Hollin Hills
Highland Park,Week2,Lake Braddock,Week4,314.0 Highland Park - 88.0 Lake Braddock
Highland Park,Week4,Sleepy Hollow B & R,Week5,225.0 Sleepy Hollow B & R - 177.0 Highland Park
Highlands Swim,Week5,Burke Station,Week4,348.0 Highlands Swim - 54.0 Burke Station
Highland Park,Week4,Sleepy Hollow B & R,Week1,227.0 Highland Park - 175.0 Sleepy Hollow B & R
Highland Park,Week4,Hunter Mill,Week5,240.0 Hunter Mill - 162.0 Highland Park
Highlands Swim,Week2,Camelot,Week4,308.0 Highlands Swim - 94.0 Camelot
Highlands Swim,Week2,Shouse Village,Week4,283.0 Highlands Swim - 119.0 Shouse Village
Highland Park,Week3,North Springfield,Week5,272.0 Highland Park - 102.0 North Springfield
Highland Park,Week3,Lake Braddock,Week4,302.0 Highland Park - 100.0 Lake Braddock
Highlands Swim,Week4,Overlee,Week3,242.0 Overlee - 160.0 Highlands Swim
Highlands Swim,Week5,Burke Station,Week3,326.0 Highlands Swim - 71.0 Burke Station
Highland Park,Week5,Newington Forest,Week1,298.0 Highland Park - 103.0 Newington Forest
Hollin Hills,Week1,Burke Station,Week5,255.0 Burke Station - 146.0 Hollin Hills
Highland Park,Week5,Newington Forest,Week3,289.0 Highland Park - 113.0 Newington Forest
Highlands Swim,Week5,Overlee,Week3,210.0 Overlee - 192.0 Highlands Swim
Highlands Swim,Week2,Parklawn,Week1,334.0 Highlands Swim - 59.0 Parklawn
Highlands Swim,Week5,Shouse Village,Week4,293.0 Highlands Swim - 109.0 Shouse Village
Highlands Swim,Week2,Parklawn,Week2,328.0 Highlands Swim - 74.0 Parklawn
Highlands Swim,Week1,Camelot,Week5,307.0 Highlands Swim - 95.0 Camelot
Highlands Swim,Week2,Ilda Community,Week2,363.0 Highlands Swim - 39.0 Ilda Community
Hollin Hills,Week3,Camelot,Week4,253.0 Camelot - 149.0 Hollin Hills
Highland Park,Week5,Hunter Mill,Week4,239.0 Hunter Mill - 163.0 Highland Park
Highland Park,Week5,Sleepy Hollow Rec,Week3,257.0 Highland Park - 145.0 Sleepy Hollow Rec
Highlands Swim,Week1,Sideburn Run,Week1,285.0 Highlands Swim - 117.0 Sideburn Run
Highlands Swim,Week5,Hunter Mill,Week1,290.0 Highlands Swim - 112.0 Hunter Mill
Highland Park,Week3,Hunter Mill,Week3,223.0 Hunter Mill - 179.0 Highland Park
Highlands Swim,Week4,Ilda Community,Week2,348.0 Highlands Swim - 54.0 Ilda Community
Highland Park,Week4,North Springfield,Week3,301.0 Highland Park - 96.0 North Springfield
Highlands Swim,Week3,Camelot,Week2,297.0 Highlands Swim - 105.0 Camelot
Highland Park,Week5,Sleepy Hollow Rec,Week5,262.5 Highland Park - 139.5 Sleepy Hollow Rec
Highland Park,Week3,Sleepy Hollow Rec,Week3,245.0 Highland Park - 157.0 Sleepy Hollow Rec
Highland Park,Week2,Lakevale Estates,Week4,287.0 Lakevale Estates - 115.0 Highland Park
Highland Park,Week3,Sleepy Hollow B & R,Week5,253.0 Sleepy Hollow B & R - 149.0 Highland Park
Hollin Hills,Week3,Camelot,Week2,255.0 Camelot - 147.0 Hollin Hills
Highland Park,Week3,Hunter Mill,Week2,230.0 Hunter Mill - 172.0 Highland Park
Highlands Swim,Week1,Shouse Village,Week5,270.0 Highlands Swim - 132.0 Shouse Village
Highland Park,Week2,North Springfield,Week3,294.0 Highland Park - 103.0 North Springfield
Highlands Swim,Week1,Sideburn Run,Week2,296.0 Highlands Swim - 106.0 Sideburn Run
Highland Park,Week4,North Springfield,Week1,298.0 Highland Park - 53.0 North Springfield
Highland Park,Week2,Hunter Mill,Week5,249.0 Hunter Mill - 153.0 Highland Park
Highlands Swim,Week3,Ilda Community,Week4,326.0 Highlands Swim - 76.0 Ilda Community
Highland Park,Week1,North Springfield,Week2,313.0 Highland Park - 75.0 North Springfield
Highlands Swim,Week5,Burke Station,Week2,341.0 Highlands Swim - 61.0 Burke Station
Highlands Swim,Week3,Camelot,Week5,302.0 Highlands Swim - 100.0 Camelot
Highlands Swim,Week1,Sideburn Run,Week3,296.5 Highlands Swim - 105.5 Sideburn Run
Highland Park,Week4,Hunter Mill,Week4,236.0 Hunter Mill - 166.0 Highland Park
Hollin Hills,Week4,Camelot,Week2,264.0 Camelot - 136.0 Hollin Hills
Highlands Swim,Week4,Ilda Community,Week4,332.0 Highlands Swim - 70.0 Ilda Community
Highland Park,Week3,Hunter Mill,Week5,257.0 Hunter Mill - 145.0 Highland Park
Highland Park,Week2,Lakevale Estates,Week5,280.0 Lakevale Estates - 122.0 Highland Park
Highlands Swim,Week4,Ilda Community,Week1,332.0 Highlands Swim - 70.0 Ilda Community
Hollin Hills,Week1,Camelot,Week1,262.0 Camelot - 139.0 Hollin Hills
Hollin Hills,Week3,Camelot,Week3,259.0 Camelot - 143.0 Hollin Hills
Highland Park,Week2,Sleepy Hollow Rec,Week3,259.0 Highland Park - 143.0 Sleepy Hollow Rec
Highlands Swim,Week4,Camelot,Week5,310.0 Highlands Swim - 92.0 Camelot
Highlands Swim,Week2,Shouse Village,Week5,274.0 Highlands Swim - 128.0 Shouse Village
Highland Park,Week3,Lakevale Estates,Week1,254.0 Lakevale Estates - 143.0 Highland Park
Hollin Hills,Week3,Camelot,Week5,258.0 Camelot - 144.0 Hollin Hills
Highland Park,Week1,Lakevale Estates,Week4,258.0 Lakevale Estates - 144.0 Highland Park
Highland Park,Week5,Lake Braddock,Week4,315.0 Highland Park - 87.0 Lake Braddock
Highland Park,Week2,North Springfield,Week4,325.0 Highland Park - 67.0 North Springfield
Highlands Swim,Week4,Ilda Community,Week5,337.0 Highlands Swim - 65.0 Ilda Community
Highlands Swim,Week5,Ilda Community,Week2,350.0 Highlands Swim - 52.0 Ilda Community
Hollin Hills,Week5,Burke Station,Week4,221.5 Burke Station - 168.5 Hollin Hills
Highland Park,Week5,Hunter Mill,Week1,210.0 Hunter Mill - 192.0 Highland Park
Highland Park,Week3,Sleepy Hollow Rec,Week5,260.0 Highland Park - 142.0 Sleepy Hollow Rec
Highland Park,Week3,Lakevale Estates,Week2,262.0 Lakevale Estates - 140.0 Highland Park
Hollin Hills,Week2,Camelot,Week5,265.0 Camelot - 137.0 Hollin Hills
Highlands Swim,Week5,Ilda Community,Week4,332.0 Highlands Swim - 70.0 Ilda Community
Highlands Swim,Week3,Shouse Village,Week4,278.0 Highlands Swim - 124.0 Shouse Village
Highlands Swim,Week2,Canterbury Woods,Week4,334.0 Highlands Swim - 68.0 Canterbury Woods
Highlands Swim,Week2,Shouse Village,Week2,305.0 Highlands Swim - 97.0 Shouse Village
Highland Park,Week4,Hunter Mill,Week2,211.0 Hunter Mill - 191.0 Highland Park
Highland Park,Week4,Newington Forest,Week5,270.0 Highland Park - 132.0 Newington Forest
Highland Park,Week5,Newington Forest,Week5,273.0 Highland Park - 129.0 Newington Forest
Highland Park,Week5,Sleepy Hollow B & R,Week5,234.0 Sleepy Hollow B & R - 168.0 Highland Park
Highlands Swim,Week1,Kent Gardens,Week2,311.0 Highlands Swim - 91.0 Kent Gardens
Highland Park,Week1,Ilda Community,Week1,294.0 Highland Park - 108.0 Ilda Community
Highlands Swim,Week1,Canterbury Woods,Week2,334.0 Highlands Swim - 68.0 Canterbury Woods
Highland Park,Week3,Sleepy Hollow B & R,Week4,229.0 Sleepy Hollow B & R - 173.0 Highland Park
Highland Park,Week3,Lakevale Estates,Week3,269.0 Lakevale Estates - 128.0 Highland Park
Highlands Swim,Week4,Canterbury Woods,Week3,323.0 Highlands Swim - 79.0 Canterbury Woods
Highlands Swim,Week2,Canterbury Woods,Week3,344.0 Highlands Swim - 58.0 Canterbury Woods
Highlands Swim,Week1,Sideburn Run,Week4,302.0 Highlands Swim - 100.0 Sideburn Run
Highland Park,Week3,Lakevale Estates,Week5,274.0 Lakevale Estates - 128.0 Highland Park
Hollin Hills,Week1,Canterbury Woods,Week2,239.0 Canterbury Woods - 163.0 Hollin Hills
Highland Park,Week1,North Springfield,Week3,305.5 Highland Park - 91.5 North Springfield
Highland Park,Week2,Lakeview,Week5,287.0 Highland Park - 106.0 Lakeview
Highland Park,Week4,Lakevale Estates,Week1,231.5 Lakevale Estates - 170.5 Highland Park
Highlands Swim,Week2,Kings Ridge ,Week1,353.0 Highlands Swim - 49.0 Kings Ridge
Highland Park,Week2,Sleepy Hollow Rec,Week2,279.0 Highland Park - 123.0 Sleepy Hollow Rec
Highland Park,Week4,Lakevale Estates,Week2,250.0 Lakevale Estates - 152.0 Highland Park
Highland Park,Week5,Hunter Mill,Week2,215.0 Hunter Mill - 187.0 Highland Park
Highland Park,Week1,Ilda Community,Week3,292.0 Highland Park - 110.0 Ilda Community
Highland Park,Week2,Hunter Mill,Week3,233.5 Hunter Mill - 168.5 Highland Park
Highland Park,Week4,Lakevale Estates,Week3,245.0 Lakevale Estates - 157.0 Highland Park
Highlands Swim,Week2,Sideburn Run,Week3,313.0 Highlands Swim - 89.0 Sideburn Run
Highlands Swim,Week3,Sideburn Run,Week1,290.0 Highlands Swim - 112.0 Sideburn Run
Highland Park,Week5,Sleepy Hollow B & R,Week3,210.0 Sleepy Hollow B & R - 192.0 Highland Park
Highland Park,Week2,Hunter Mill,Week4,257.0 Hunter Mill - 145.0 Highland Park
Highlands Swim,Week2,Sideburn Run,Week1,303.0 Highlands Swim - 99.0 Sideburn Run
Hollin Hills,Week1,Camelot,Week5,265.0 Camelot - 136.0 Hollin Hills
Highlands Swim,Week2,Cardinal Hill,Week3,254.0 Highlands Swim - 148.0 Cardinal Hill
Highlands Swim,Week2,Sideburn Run,Week2,321.0 Highlands Swim - 81.0 Sideburn Run
Highlands Swim,Week2,Kings Ridge ,Week3,344.0 Highlands Swim - 58.0 Kings Ridge
Hollin Hills,Week2,Camelot,Week4,259.0 Camelot - 142.0 Hollin Hills
Highlands Swim,Week1,Kent Gardens,Week4,304.0 Highlands Swim - 98.0 Kent Gardens
Highland Park,Week2,Ilda Community,Week1,290.0 Highland Park - 112.0 Ilda Community
Highland Park,Week5,Sleepy Hollow B & R,Week2,222.0 Sleepy Hollow B & R - 180.0 Highland Park
Highlands Swim,Week1,Kent Gardens,Week5,262.0 Highlands Swim - 140.0 Kent Gardens
Hollin Hills,Week1,Camelot,Week2,258.0 Camelot - 144.0 Hollin Hills
Highland Park,Week4,North Springfield,Week5,269.0 Highland Park - 105.0 North Springfield
Highland Park,Week3,North Springfield,Week4,308.0 Highland Park - 84.0 North Springfield
Highland Park,Week5,Sleepy Hollow B & R,Week4,214.0 Sleepy Hollow B & R - 188.0 Highland Park
Highland Park,Week4,Sleepy Hollow B & R,Week4,207.0 Sleepy Hollow B & R - 195.0 Highland Park
Highlands Swim,Week2,Canterbury Woods,Week2,347.0 Highlands Swim - 55.0 Canterbury Woods
Highlands Swim,Week1,Canterbury Woods,Week4,324.0 Highlands Swim - 78.0 Canterbury Woods
Highlands Swim,Week2,Sideburn Run,Week5,285.0 Highlands Swim - 117.0 Sideburn Run
Hollin Hills,Week2,Camelot,Week2,268.0 Camelot - 133.0 Hollin Hills
Highland Park,Week5,North Springfield,Week1,294.0 Highland Park - 57.0 North Springfield
Highland Park,Week3,Lakeview,Week2,291.0 Highland Park - 111.0 Lakeview
Highlands Swim,Week4,Kent Gardens,Week3,304.0 Highlands Swim - 98.0 Kent Gardens
Highlands Swim,Week3,Canterbury Woods,Week4,319.0 Highlands Swim - 83.0 Canterbury Woods
Highland Park,Week5,North Springfield,Week3,301.0 Highland Park - 96.0 North Springfield
Hollin Hills,Week2,Camelot,Week1,254.0 Camelot - 143.0 Hollin Hills
Highland Park,Week4,Oakton ,Week2,258.0 Oakton - 144.0 Highland Park
Highlands Swim,Week4,Kent Gardens,Week4,293.0 Highlands Swim - 109.0 Kent Gardens
Highland Park,Week3,Hunter Mill,Week4,246.0 Hunter Mill - 156.0 Highland Park
Highland Park,Week2,Sleepy Hollow Rec,Week4,286.0 Highland Park - 116.0 Sleepy Hollow Rec
Highlands Swim,Week2,Kent Gardens,Week3,312.0 Highlands Swim - 90.0 Kent Gardens
Highland Park,Week5,Lakevale Estates,Week3,254.0 Lakevale Estates - 148.0 Highland Park
Highland Park,Week1,Ilda Community,Week2,300.0 Highland Park - 102.0 Ilda Community
Highlands Swim,Week4,Kent Gardens,Week2,308.0 Highlands Swim - 94.0 Kent Gardens
Highland Park,Week2,Lakeview,Week3,295.0 Highland Park - 107.0 Lakeview
Highland Park,Week2,Ilda Community,Week2,285.0 Highland Park - 117.0 Ilda Community
Highlands Swim,Week1,Canterbury Woods,Week3,331.5 Highlands Swim - 70.5 Canterbury Woods
Highland Park,Week5,Oakton ,Week5,289.0 Oakton - 113.0 Highland Park
Highlands Swim,Week3,Sleepy Hollow B & R,Week4,289.0 Highlands Swim - 113.0 Sleepy Hollow B & R
Highlands Swim,Week4,Canterbury Woods,Week2,322.0 Highlands Swim - 80.0 Canterbury Woods
Highland Park,Week5,Sleepy Hollow B & R,Week1,208.0 Sleepy Hollow B & R - 194.0 Highland Park
Highlands Swim,Week2,Canterbury Woods,Week5,327.0 Highlands Swim - 75.0 Canterbury Woods
Highland Park,Week2,Oakton ,Week5,284.0 Oakton - 118.0 Highland Park
Highlands Swim,Week3,Kent Gardens,Week2,305.5 Highlands Swim - 96.5 Kent Gardens
Hollin Hills,Week4,Burke Station,Week3,255.0 Burke Station - 135.0 Hollin Hills
Highland Park,Week1,Ilda Community,Week4,277.0 Highland Park - 125.0 Ilda Community
Highland Park,Week4,Sleepy Hollow B & R,Week3,203.0 Sleepy Hollow B & R - 199.0 Highland Park
Highlands Swim,Week5,Sideburn Run,Week4,303.0 Highlands Swim - 99.0 Sideburn Run
Highland Park,Week3,Oakton ,Week1,266.5 Oakton - 135.5 Highland Park
Hollin Hills,Week2,Camelot,Week3,269.0 Camelot - 132.0 Hollin Hills
Highland Park,Week2,Sleepy Hollow Rec,Week5,265.0 Highland Park - 137.0 Sleepy Hollow Rec
Highlands Swim,Week3,Sleepy Hollow B & R,Week1,306.0 Highlands Swim - 96.0 Sleepy Hollow B & R
Hollin Hills,Week5,Burke Station,Week5,243.0 Burke Station - 149.0 Hollin Hills
Highland Park,Week1,Ilda Community,Week5,300.0 Highland Park - 102.0 Ilda Community
Highland Park,Week5,Oakton ,Week4,265.0 Oakton - 137.0 Highland Park
Hollin Hills,Week4,Burke Station,Week4,237.0 Burke Station - 158.0 Hollin Hills
Highlands Swim,Week3,Sleepy Hollow B & R,Week5,276.0 Highlands Swim - 126.0 Sleepy Hollow B & R
Highland Park,Week3,Lakeview,Week1,289.0 Highland Park - 113.0 Lakeview
Highlands Swim,Week3,Canterbury Woods,Week3,323.0 Highlands Swim - 79.0 Canterbury Woods
Highlands Swim,Week5,Canterbury Woods,Week4,312.0 Highlands Swim - 85.0 Canterbury Woods
Highland Park,Week3,Sleepy Hollow Rec,Week1,272.0 Highland Park - 130.0 Sleepy Hollow Rec
Highlands Swim,Week4,Sideburn Run,Week5,276.0 Highlands Swim - 126.0 Sideburn Run
Highland Park,Week4,Lakeview,Week3,308.0 Highland Park - 94.0 Lakeview
Highland Park,Week5,Oakton ,Week1,261.0 Oakton - 141.0 Highland Park
Highlands Swim,Week3,Kent Gardens,Week4,305.0 Highlands Swim - 97.0 Kent Gardens
Highlands Swim,Week5,Canterbury Woods,Week3,323.0 Highlands Swim - 79.0 Canterbury Woods
Highlands Swim,Week5,Sideburn Run,Week3,302.0 Highlands Swim - 100.0 Sideburn Run
Highlands Swim,Week3,Sideburn Run,Week5,281.0 Highlands Swim - 121.0 Sideburn Run
Hollin Hills,Week4,Burke Station,Week2,231.0 Burke Station - 156.0 Hollin Hills
Highland Park,Week3,Sleepy Hollow Rec,Week4,287.0 Highland Park - 115.0 Sleepy Hollow Rec
Highland Park,Week4,Sleepy Hollow Rec,Week3,268.0 Highland Park - 134.0 Sleepy Hollow Rec
Highland Park,Week3,Hunter Mill,Week1,219.0 Hunter Mill - 183.0 Highland Park
Highlands Swim,Week4,Sideburn Run,Week2,295.0 Highlands Swim - 107.0 Sideburn Run
Highland Park,Week2,Old Keene Mill,Week1,273.0 Highland Park - 129.0 Old Keene Mill
Hollin Hills,Week4,Burke Station,Week5,255.0 Burke Station - 145.0 Hollin Hills
Highland Park,Week5,Lakeview,Week2,325.0 Highland Park - 77.0 Lakeview
Highland Park,Week1,Old Keene Mill,Week1,277.0 Highland Park - 125.0 Old Keene Mill
Highland Park,Week2,Lakeview,Week2,316.0 Highland Park - 86.0 Lakeview
Highlands Swim,Week5,Canterbury Woods,Week5,310.0 Highlands Swim - 92.0 Canterbury Woods
Highlands Swim,Week3,Canterbury Woods,Week2,328.0 Highlands Swim - 74.0 Canterbury Woods
Highland Park,Week2,Ilda Community,Week3,288.0 Highland Park - 114.0 Ilda Community
Hollin Hills,Week1,Camelot,Week3,266.0 Camelot - 136.0 Hollin Hills
Highland Park,Week5,Lakeview,Week1,320.0 Highland Park - 82.0 Lakeview
Hollin Hills,Week5,Burke Station,Week2,221.0 Burke Station - 167.0 Hollin Hills
Highlands Swim,Week5,Kent Gardens,Week1,313.0 Highlands Swim - 89.0 Kent Gardens
Highland Park,Week4,Sleepy Hollow Rec,Week1,299.0 Highland Park - 103.0 Sleepy Hollow Rec
Highland Park,Week5,Hunter Mill,Week5,248.0 Hunter Mill - 154.0 Highland Park
Highlands Swim,Week4,Kent Gardens,Week5,267.0 Highlands Swim - 135.0 Kent Gardens
Highland Park,Week2,Oakton ,Week4,264.0 Oakton - 138.0 Highland Park
Highland Park,Week3,Lakeview,Week3,259.0 Highland Park - 143.0 Lakeview
Hollin Hills,Week4,Camelot,Week3,261.0 Camelot - 139.0 Hollin Hills
Highlands Swim,Week1,Cardinal Hill,Week1,261.0 Highlands Swim - 141.0 Cardinal Hill
Highland Park,Week4,Oakton ,Week5,263.0 Oakton - 139.0 Highland Park
Highlands Swim,Week5,Kent Gardens,Week4,312.5 Highlands Swim - 89.5 Kent Gardens
Highlands Swim,Week1,Cardinal Hill,Week2,274.0 Highlands Swim - 128.0 Cardinal Hill
Highlands Swim,Week3,Kent Gardens,Week5,262.0 Highlands Swim - 140.0 Kent Gardens
Hollin Hills,Week1,Camelot,Week4,256.0 Camelot - 146.0 Hollin Hills
Hollin Hills,Week5,Burke Station,Week1,227.0 Burke Station - 150.0 Hollin Hills
Highland Park,Week5,Lakevale Estates,Week2,246.0 Lakevale Estates - 156.0 Highland Park
Highlands Swim,Week2,Canterbury Woods,Week1,336.0 Highlands Swim - 66.0 Canterbury Woods
Highlands Swim,Week2,Kent Gardens,Week5,277.0 Highlands Swim - 125.0 Kent Gardens
Highland Park,Week4,Sleepy Hollow Rec,Week2,298.0 Highland Park - 104.0 Sleepy Hollow Rec
Highland Park,Week2,Lakeview,Week4,286.0 Highland Park - 116.0 Lakeview
Highland Park,Week2,Oakton ,Week3,264.0 Oakton - 138.0 Highland Park
Highlands Swim,Week3,Kent Gardens,Week3,300.5 Highlands Swim - 101.5 Kent Gardens
Highlands Swim,Week5,Sideburn Run,Week1,308.0 Highlands Swim - 94.0 Sideburn Run
Highlands Swim,Week1,Cardinal Hill,Week5,268.0 Highlands Swim - 134.0 Cardinal Hill
Highland Park,Week3,Lakeview,Week4,254.0 Highland Park - 143.0 Lakeview
Highlands Swim,Week5,Kent Gardens,Week2,319.0 Highlands Swim - 83.0 Kent Gardens
Highland Park,Week4,Oakton ,Week3,245.0 Oakton - 157.0 Highland Park
Highlands Swim,Week5,Kent Gardens,Week3,309.0 Highlands Swim - 93.0 Kent Gardens
Highland Park,Week4,Sleepy Hollow Rec,Week5,281.0 Highland Park - 121.0 Sleepy Hollow Rec
Hollin Hills,Week5,Burke Station,Week3,241.0 Burke Station - 141.0 Hollin Hills
Highland Park,Week1,Lakeview,Week1,330.0 Highland Park - 72.0 Lakeview
Highland Park,Week1,Oakton ,Week4,257.0 Oakton - 145.0 Highland Park
Highland Park,Week3,Sleepy Hollow Rec,Week2,282.0 Highland Park - 120.0 Sleepy Hollow Rec
Highlands Swim,Week1,Cardinal Hill,Week4,261.0 Highlands Swim - 141.0 Cardinal Hill
Highland Park,Week5,Sleepy Hollow Rec,Week1,284.0 Highland Park - 118.0 Sleepy Hollow Rec
Highlands Swim,Week1,Sleepy Hollow B & R,Week5,259.5 Highlands Swim - 142.5 Sleepy Hollow B & R
Highlands Swim,Week3,Sleepy Hollow B & R,Week3,300.0 Highlands Swim - 102.0 Sleepy Hollow B & R
Highlands Swim,Week3,Sideburn Run,Week4,285.0 Highlands Swim - 117.0 Sideburn Run
Highland Park,Week2,Old Keene Mill,Week2,256.0 Highland Park - 146.0 Old Keene Mill
Highland Park,Week5,Lakevale Estates,Week1,236.0 Lakevale Estates - 166.0 Highland Park
Highland Park,Week4,Sleepy Hollow Rec,Week4,296.0 Highland Park - 106.0 Sleepy Hollow Rec
Highlands Swim,Week3,Canterbury Woods,Week1,323.0 Highlands Swim - 79.0 Canterbury Woods
Hollin Hills,Week3,Camelot,Week1,254.0 Camelot - 147.0 Hollin Hills
Highlands Swim,Week4,Sleepy Hollow B & R,Week1,284.0 Highlands Swim - 118.0 Sleepy Hollow B & R
Highland Park,Week4,Lakeview,Week2,325.0 Highland Park - 77.0 Lakeview
Highland Park,Week5,Sleepy Hollow Rec,Week2,282.0 Highland Park - 120.0 Sleepy Hollow Rec
Hollin Hills,Week4,Camelot,Week4,258.0 Camelot - 144.0 Hollin Hills
Highlands Swim,Week3,Kent Gardens,Week1,293.0 Highlands Swim - 109.0 Kent Gardens
Hollin Hills,Week4,Camelot,Week5,266.0 Camelot - 135.0 Hollin Hills
Highlands Swim,Week2,Sleepy Hollow B & R,Week4,296.0 Highlands Swim - 106.0 Sleepy Hollow B & R
Highland Park,Week4,Lakevale Estates,Week5,269.0 Lakevale Estates - 133.0 Highland Park
Hollin Hills,Week5,Camelot,Week2,250.0 Camelot - 151.0 Hollin Hills
Highlands Swim,Week2,Sleepy Hollow B & R,Week2,295.0 Highlands Swim - 107.0 Sleepy Hollow B & R
Highland Park,Week1,Oakton ,Week3,239.0 Oakton - 163.0 Highland Park
Highlands Swim,Week2,Kent Gardens,Week2,321.0 Highlands Swim - 81.0 Kent Gardens
Highlands Swim,Week2,Sleepy Hollow B & R,Week1,316.0 Highlands Swim - 86.0 Sleepy Hollow B & R
Highland Park,Week3,Lakeview,Week5,266.0 Highland Park - 122.0 Lakeview
Highlands Swim,Week1,Kings Ridge ,Week1,355.0 Highlands Swim - 47.0 Kings Ridge
Highlands Swim,Week5,Sideburn Run,Week5,282.0 Highlands Swim - 120.0 Sideburn Run
Highlands Swim,Week5,Canterbury Woods,Week2,336.0 Highlands Swim - 66.0 Canterbury Woods
Highland Park,Week4,Lakeview,Week1,322.0 Highland Park - 80.0 Lakeview
Highland Park,Week5,Oakton ,Week3,262.0 Oakton - 140.0 Highland Park
Highlands Swim,Week1,Kings Ridge ,Week4,338.0 Highlands Swim - 64.0 Kings Ridge
Highlands Swim,Week2,Cardinal Hill,Week1,273.0 Highlands Swim - 129.0 Cardinal Hill
Highland Park,Week4,Oakton ,Week1,246.0 Oakton - 156.0 Highland Park
Highland Park,Week5,Sleepy Hollow Rec,Week4,289.0 Highland Park - 113.0 Sleepy Hollow Rec
Hollin Hills,Week5,Camelot,Week4,257.0 Camelot - 143.0 Hollin Hills
Highland Park,Week1,Somerset-Olde Creek,Week3,334.0 Highland Park - 67.0 Somerset-Olde Creek
Hollin Hills,Week5,Camelot,Week5,250.0 Camelot - 150.0 Hollin Hills
Highland Park,Week2,Oakton ,Week1,268.0 Oakton - 134.0 Highland Park
Highland Park,Week1,Somerset-Olde Creek,Week5,317.0 Highland Park - 84.0 Somerset-Olde Creek
Highland Park,Week1,Oakton ,Week2,254.0 Oakton - 148.0 Highland Park
Highlands Swim,Week1,Kings Ridge ,Week2,341.0 Highlands Swim - 61.0 Kings Ridge
Highlands Swim,Week4,Canterbury Woods,Week1,325.0 Highlands Swim - 77.0 Canterbury Woods
Highlands Swim,Week4,Sideburn Run,Week3,285.0 Highlands Swim - 117.0 Sideburn Run
Highlands Swim,Week4,Sideburn Run,Week1,295.0 Highlands Swim - 107.0 Sideburn Run
Highlands Swim,Week3,Canterbury Woods,Week5,320.0 Highlands Swim - 82.0 Canterbury Woods
Highland Park,Week2,Lakeview,Week1,316.0 Highland Park - 86.0 Lakeview
Highland Park,Week2,Somerset-Olde Creek,Week1,320.0 Highland Park - 82.0 Somerset-Olde Creek
Highlands Swim,Week1,Canterbury Woods,Week5,308.0 Highlands Swim - 94.0 Canterbury Woods
Highlands Swim,Week4,Canterbury Woods,Week5,307.0 Highlands Swim - 95.0 Canterbury Woods
Highlands Swim,Week1,Sleepy Hollow B & R,Week3,288.0 Highlands Swim - 114.0 Sleepy Hollow B & R
Highland Park,Week1,Lakeview,Week4,291.0 Highland Park - 111.0 Lakeview
Highland Park,Week5,North Springfield,Week5,268.0 Highland Park - 106.0 North Springfield
Highlands Swim,Week2,Kings Ridge ,Week4,339.0 Highlands Swim - 63.0 Kings Ridge
Highlands Swim,Week1,Sleepy Hollow B & R,Week2,287.0 Highlands Swim - 115.0 Sleepy Hollow B & R
Highland Park,Week1,Somerset-Olde Creek,Week4,328.0 Highland Park - 74.0 Somerset-Olde Creek
Highland Park,Week2,Oakton ,Week2,275.0 Oakton - 127.0 Highland Park
Highlands Swim,Week5,Kent Gardens,Week5,290.0 Highlands Swim - 112.0 Kent Gardens
Highlands Swim,Week5,Canterbury Woods,Week1,327.0 Highlands Swim - 75.0 Canterbury Woods
Highland Park,Week1,Lakeview,Week3,307.0 Highland Park - 95.0 Lakeview
Hollin Hills,Week1,Canterbury Woods,Week1,250.0 Canterbury Woods - 152.0 Hollin Hills
Highland Park,Week1,Oakton ,Week1,255.0 Oakton - 147.0 Highland Park
Hollin Hills,Week5,Camelot,Week3,262.0 Camelot - 139.0 Hollin Hills
Highlands Swim,Week1,Sleepy Hollow B & R,Week1,301.0 Highlands Swim - 101.0 Sleepy Hollow B & R
Highland Park,Week3,Somerset-Olde Creek,Week2,317.0 Highland Park - 85.0 Somerset-Olde Creek
Highland Park,Week3,Somerset-Olde Creek,Week1,306.0 Highland Park - 96.0 Somerset-Olde Creek
Hollin Hills,Week5,Camelot,Week1,249.0 Camelot - 149.0 Hollin Hills
Highland Park,Week4,Lakeview,Week4,289.0 Highland Park - 113.0 Lakeview
Highland Park,Week2,Somerset-Olde Creek,Week3,330.0 Highland Park - 72.0 Somerset-Olde Creek
Hollin Hills,Week3,Canterbury Woods,Week4,268.0 Canterbury Woods - 134.0 Hollin Hills
Highlands Swim,Week1,Kings Ridge ,Week5,336.0 Highlands Swim - 66.0 Kings Ridge
Highlands Swim,Week4,Canterbury Woods,Week4,313.0 Highlands Swim - 89.0 Canterbury Woods
Highland Park,Week1,Lakeview,Week5,299.0 Highland Park - 94.0 Lakeview
Highland Park,Week3,Oakton ,Week2,283.0 Oakton - 119.0 Highland Park
Highland Park,Week4,Somerset-Olde Creek,Week4,327.0 Highland Park - 75.0 Somerset-Olde Creek
Highland Park,Week3,Oakton ,Week4,279.0 Oakton - 123.0 Highland Park
Highlands Swim,Week1,Cardinal Hill,Week3,235.0 Highlands Swim - 167.0 Cardinal Hill
Highland Park,Week1,Lakeview,Week2,322.0 Highland Park - 80.0 Lakeview
Highlands Swim,Week1,Kings Ridge ,Week3,335.0 Highlands Swim - 67.0 Kings Ridge
Highlands Swim,Week5,Sideburn Run,Week2,321.0 Highlands Swim - 81.0 Sideburn Run
Highlands Swim,Week2,Cardinal Hill,Week2,283.0 Highlands Swim - 119.0 Cardinal Hill
Highlands Swim,Week4,Kent Gardens,Week1,293.0 Highlands Swim - 109.0 Kent Gardens
Hollin Hills,Week1,Cardinal Hill,Week5,328.0 Cardinal Hill - 73.0 Hollin Hills
Highland Park,Week3,Oakton ,Week3,263.0 Oakton - 134.0 Highland Park
Hollin Hills,Week1,Cardinal Hill,Week4,339.0 Cardinal Hill - 63.0 Hollin Hills
Highlands Swim,Week3,Sideburn Run,Week3,295.5 Highlands Swim - 106.5 Sideburn Run
Highlands Swim,Week2,Sleepy Hollow B & R,Week3,297.0 Highlands Swim - 105.0 Sleepy Hollow B & R
Highlands Swim,Week1,Chesterbrook,Week2,255.0 Chesterbrook - 147.0 Highlands Swim
Highlands Swim,Week2,Kent Gardens,Week4,307.0 Highlands Swim - 95.0 Kent Gardens
Highlands Swim,Week1,Sleepy Hollow B & R,Week4,276.0 Highlands Swim - 126.0 Sleepy Hollow B & R
Highland Park,Week3,Somerset-Olde Creek,Week4,315.0 Highland Park - 87.0 Somerset-Olde Creek
Highland Park,Week5,Lakevale Estates,Week4,267.0 Lakevale Estates - 135.0 Highland Park
Highland Park,Week5,Lakevale Estates,Week5,276.0 Lakevale Estates - 126.0 Highland Park
Highlands Swim,Week2,Cardinal Hill,Week5,285.5 Highlands Swim - 116.5 Cardinal Hill
Highland Park,Week4,Somerset-Olde Creek,Week1,322.0 Highland Park - 79.0 Somerset-Olde Creek
Highland Park,Week5,Somerset-Olde Creek,Week2,337.0 Highland Park - 65.0 Somerset-Olde Creek
Hollin Hills,Week4,Canterbury Woods,Week5,244.5 Canterbury Woods - 153.5 Hollin Hills
Highlands Swim,Week2,Cardinal Hill,Week4,266.0 Highlands Swim - 136.0 Cardinal Hill
Highland Park,Week3,Somerset-Olde Creek,Week5,292.0 Highland Park - 110.0 Somerset-Olde Creek
Highlands Swim,Week5,Kings Ridge ,Week5,331.0 Highlands Swim - 71.0 Kings Ridge
Highland Park,Week3,Kent Gardens,Week2,206.0 Highland Park - 196.0 Kent Gardens
Highland Park,Week5,Somerset-Olde Creek,Week3,328.0 Highland Park - 74.0 Somerset-Olde Creek
Highlands Swim,Week2,Sleepy Hollow B & R,Week5,282.0 Highlands Swim - 120.0 Sleepy Hollow B & R
Highlands Swim,Week2,Kings Ridge ,Week2,347.0 Highlands Swim - 55.0 Kings Ridge
Highland Park,Week3,Oakton ,Week5,288.0 Oakton - 114.0 Highland Park
Highlands Swim,Week4,Sideburn Run,Week4,294.0 Highlands Swim - 108.0 Sideburn Run
Highland Park,Week5,Oakton ,Week2,277.0 Oakton - 125.0 Highland Park
Highlands Swim,Week1,Lake Braddock,Week4,360.0 Highlands Swim - 42.0 Lake Braddock
Highlands Swim,Week4,Cardinal Hill,Week5,260.5 Highlands Swim - 141.5 Cardinal Hill
Hollin Hills,Week1,Canterbury Woods,Week4,262.0 Canterbury Woods - 135.0 Hollin Hills
Highland Park,Week4,Lakeview,Week5,307.0 Highland Park - 86.0 Lakeview
Hollin Hills,Week3,Canterbury Woods,Week5,258.0 Canterbury Woods - 143.0 Hollin Hills
Highland Park,Week1,Oakton ,Week5,267.0 Oakton - 135.0 Highland Park
Highlands Swim,Week3,Lake Braddock,Week1,360.0 Highlands Swim - 42.0 Lake Braddock
Highland Park,Week2,Somerset-Olde Creek,Week2,333.0 Highland Park - 69.0 Somerset-Olde Creek
Hollin Hills,Week1,Cardinal Hill,Week3,341.0 Cardinal Hill - 61.0 Hollin Hills
Highland Park,Week4,Oakton ,Week4,254.0 Oakton - 148.0 Highland Park
Highlands Swim,Week2,Lake Braddock,Week2,352.0 Highlands Swim - 50.0 Lake Braddock
Hollin Hills,Week1,Cardinal Hill,Week1,348.0 Cardinal Hill - 53.0 Hollin Hills
Highlands Swim,Week3,Sleepy Hollow B & R,Week2,289.0 Highlands Swim - 113.0 Sleepy Hollow B & R
Highland Park,Week1,Kings Ridge ,Week3,288.0 Highland Park - 114.0 Kings Ridge
Highland Park,Week5,Kent Gardens,Week1,204.0 Highland Park - 198.0 Kent Gardens
Highland Park,Week1,Old Keene Mill,Week2,268.0 Highland Park - 134.0 Old Keene Mill
Highlands Swim,Week2,Chesterbrook,Week3,272.0 Chesterbrook - 130.0 Highlands Swim
Hollin Meadows,Week4,Long Branch,Week3,252.0 Hollin Meadows - 150.0 Long Branch
Holmes Run Acres,Week4,Daventry,Week3,300.0 Holmes Run Acres - 102.0 Daventry
Hollin Meadows,Week2,Long Branch,Week1,231.0 Hollin Meadows - 171.0 Long Branch
Holmes Run Acres,Week5,Daventry,Week3,316.0 Holmes Run Acres - 81.0 Daventry
Hollin Hills,Week2,High Point Pool,Week4,313.0 High Point Pool - 89.0 Hollin Hills
Holmes Run Acres,Week5,Brandywine,Week3,232.0 Holmes Run Acres - 170.0 Brandywine
Hollin Meadows,Week3,Daventry,Week1,314.5 Hollin Meadows - 86.5 Daventry
Hollin Meadows,Week2,Brandywine,Week4,228.0 Brandywine - 174.0 Hollin Meadows
Hollin Meadows,Week4,Arlington Forest,Week5,221.0 Arlington Forest - 181.0 Hollin Meadows
Hollin Meadows,Week1,Mansion House,Week4,209.0 Hollin Meadows - 193.0 Mansion House
Hollin Hills,Week4,High Point Pool,Week3,324.0 High Point Pool - 78.0 Hollin Hills
Hollin Meadows,Week1,Long Branch,Week5,253.5 Hollin Meadows - 148.5 Long Branch
Hollin Meadows,Week4,Crosspointe,Week3,245.0 Crosspointe - 157.0 Hollin Meadows
Holmes Run Acres,Week5,Dominion Hills,Week5,210.0 Holmes Run Acres - 192.0 Dominion Hills
Hollin Meadows,Week3,Crosspointe,Week4,241.0 Crosspointe - 161.0 Hollin Meadows
Holmes Run Acres,Week4,Dominion Hills,Week1,207.0 Dominion Hills - 195.0 Holmes Run Acres
Hollin Meadows,Week1,Daventry,Week3,311.0 Hollin Meadows - 91.0 Daventry
Hollin Meadows,Week5,Long Branch,Week4,251.0 Hollin Meadows - 151.0 Long Branch
Holmes Run Acres,Week5,Brandywine,Week5,221.0 Holmes Run Acres - 181.0 Brandywine
Hollin Meadows,Week4,Long Branch,Week1,254.0 Hollin Meadows - 148.0 Long Branch
Holmes Run Acres,Week4,Dominion Hills,Week4,237.5 Dominion Hills - 164.5 Holmes Run Acres
Hollin Hills,Week5,Little Hunting Park,Week4,258.0 Little Hunting Park - 143.0 Hollin Hills
Hollin Meadows,Week3,Brandywine,Week3,208.0 Brandywine - 194.0 Hollin Meadows
Hollin Meadows,Week3,Long Branch,Week5,232.0 Hollin Meadows - 170.0 Long Branch
Hollin Meadows,Week3,Long Branch,Week2,245.0 Hollin Meadows - 157.0 Long Branch
Holmes Run Acres,Week2,Dominion Hills,Week3,204.0 Dominion Hills - 198.0 Holmes Run Acres
Hollin Hills,Week2,Little Rocky Run,Week2,336.0 Little Rocky Run - 66.0 Hollin Hills
Hollin Hills,Week4,High Point Pool,Week4,326.0 High Point Pool - 76.0 Hollin Hills
Hollin Meadows,Week5,Brandywine,Week1,242.0 Hollin Meadows - 160.0 Brandywine
Holmes Run Acres,Week2,Bren Mar-Edsall Park,Week1,335.0 Holmes Run Acres - 65.0 Bren Mar-Edsall Park
Holmes Run Acres,Week5,Brandywine,Week4,225.0 Holmes Run Acres - 177.0 Brandywine
Holmes Run Acres,Week2,Daventry,Week5,273.0 Holmes Run Acres - 129.0 Daventry
Holmes Run Acres,Week1,Donaldson Run,Week3,262.0 Donaldson Run - 140.0 Holmes Run Acres
Hollin Meadows,Week4,Arlington Forest,Week3,226.0 Hollin Meadows - 176.0 Arlington Forest
Hollin Hills,Week2,High Point Pool,Week1,311.0 High Point Pool - 86.0 Hollin Hills
Hollin Meadows,Week1,Daventry,Week5,296.0 Hollin Meadows - 106.0 Daventry
Hollin Meadows,Week5,Arlington Forest,Week1,205.5 Hollin Meadows - 196.5 Arlington Forest
Holmes Run Acres,Week5,Daventry,Week5,316.0 Holmes Run Acres - 86.0 Daventry
Holmes Run Acres,Week1,Bren Mar-Edsall Park,Week1,342.0 Holmes Run Acres - 59.0 Bren Mar-Edsall Park
Hollin Meadows,Week5,Long Branch,Week2,255.0 Hollin Meadows - 147.0 Long Branch
Holmes Run Acres,Week5,Daventry,Week4,330.0 Holmes Run Acres - 72.0 Daventry
Hollin Meadows,Week5,Arlington Forest,Week2,236.0 Hollin Meadows - 166.0 Arlington Forest
Hollin Meadows,Week5,Crosspointe,Week2,224.0 Crosspointe - 178.0 Hollin Meadows
Hollin Meadows,Week5,Long Branch,Week1,264.0 Hollin Meadows - 138.0 Long Branch
Hollin Meadows,Week4,Arlington Forest,Week4,221.0 Arlington Forest - 181.0 Hollin Meadows
Holmes Run Acres,Week5,Crosspointe,Week5,255.0 Crosspointe - 147.0 Holmes Run Acres
Holmes Run Acres,Week5,Daventry,Week2,323.0 Holmes Run Acres - 79.0 Daventry
Hollin Hills,Week1,High Point Pool,Week5,330.0 High Point Pool - 72.0 Hollin Hills
Hollin Hills,Week5,High Point Pool,Week2,317.0 High Point Pool - 85.0 Hollin Hills
Holmes Run Acres,Week1,Bren Mar-Edsall Park,Week4,337.0 Holmes Run Acres - 65.0 Bren Mar-Edsall Park
Hollin Meadows,Week4,Brandywine,Week4,211.0 Brandywine - 191.0 Hollin Meadows
Hollin Meadows,Week1,Brandywine,Week4,210.0 Brandywine - 192.0 Hollin Meadows
Hollin Meadows,Week1,Crosspointe,Week5,252.0 Crosspointe - 150.0 Hollin Meadows
Hollin Meadows,Week1,Mansion House,Week2,215.5 Mansion House - 186.5 Hollin Meadows
Hollin Meadows,Week2,Long Branch,Week2,238.0 Hollin Meadows - 164.0 Long Branch
Holmes Run Acres,Week1,Bren Mar-Edsall Park,Week2,340.0 Holmes Run Acres - 62.0 Bren Mar-Edsall Park
Hollin Hills,Week5,High Point Pool,Week5,309.0 High Point Pool - 92.0 Hollin Hills
Hollin Meadows,Week5,Little Rocky Run,Week3,266.0 Little Rocky Run - 136.0 Hollin Meadows
Hollin Hills,Week5,High Point Pool,Week4,313.0 High Point Pool - 89.0 Hollin Hills
Holmes Run Acres,Week5,Brandywine,Week2,241.0 Holmes Run Acres - 161.0 Brandywine
Hollin Meadows,Week5,Arlington Forest,Week4,210.0 Hollin Meadows - 192.0 Arlington Forest
Holmes Run Acres,Week1,Dominion Hills,Week1,211.0 Dominion Hills - 191.0 Holmes Run Acres
Hollin Hills,Week1,Highland Park,Week4,332.0 Highland Park - 70.0 Hollin Hills
Holmes Run Acres,Week4,Brandywine,Week4,225.0 Brandywine - 177.0 Holmes Run Acres
Hollin Hills,Week3,High Point Pool,Week2,332.0 High Point Pool - 70.0 Hollin Hills
Hollin Meadows,Week4,Long Branch,Week5,248.0 Hollin Meadows - 154.0 Long Branch
Hollin Meadows,Week3,Crosspointe,Week3,238.0 Crosspointe - 164.0 Hollin Meadows
Hollin Meadows,Week3,Long Branch,Week3,259.0 Hollin Meadows - 142.0 Long Branch
Hollin Meadows,Week1,Brandywine,Week1,213.0 Hollin Meadows - 189.0 Brandywine
Holmes Run Acres,Week5,Dominion Hills,Week1,259.0 Holmes Run Acres - 143.0 Dominion Hills
Hollin Meadows,Week5,Brandywine,Week3,202.0 Brandywine - 200.0 Hollin Meadows
Hollin Meadows,Week1,Long Branch,Week3,255.0 Hollin Meadows - 147.0 Long Branch
Hollin Meadows,Week1,Crosspointe,Week2,227.0 Crosspointe - 175.0 Hollin Meadows
Hollin Meadows,Week5,Little Rocky Run,Week5,274.0 Little Rocky Run - 128.0 Hollin Meadows
Hollin Meadows,Week1,Crosspointe,Week4,239.0 Crosspointe - 163.0 Hollin Meadows
Hollin Meadows,Week1,Brandywine,Week2,218.0 Hollin Meadows - 184.0 Brandywine
Hollin Meadows,Week3,Crosspointe,Week5,274.0 Crosspointe - 128.0 Hollin Meadows
Holmes Run Acres,Week5,Brandywine,Week1,258.0 Holmes Run Acres - 139.0 Brandywine
Hollin Hills,Week3,Little Hunting Park,Week3,259.0 Little Hunting Park - 143.0 Hollin Hills
Holmes Run Acres,Week1,Bren Mar-Edsall Park,Week3,342.0 Holmes Run Acres - 60.0 Bren Mar-Edsall Park
Hollin Meadows,Week3,Crosspointe,Week1,251.0 Crosspointe - 151.0 Hollin Meadows
Hollin Meadows,Week5,Crosspointe,Week1,235.0 Crosspointe - 167.0 Hollin Meadows
Hollin Hills,Week1,Highland Park,Week5,317.0 Highland Park - 85.0 Hollin Hills
Hollin Meadows,Week2,Brandywine,Week5,242.0 Brandywine - 160.0 Hollin Meadows
Hollin Meadows,Week2,Brandywine,Week2,210.0 Brandywine - 192.0 Hollin Meadows
Hollin Meadows,Week4,Crosspointe,Week1,249.0 Crosspointe - 153.0 Hollin Meadows
Holmes Run Acres,Week5,Daventry,Week1,321.0 Holmes Run Acres - 81.0 Daventry
Hollin Meadows,Week4,Brandywine,Week1,216.0 Hollin Meadows - 186.0 Brandywine
Holmes Run Acres,Week4,Daventry,Week4,314.0 Holmes Run Acres - 88.0 Daventry
Hollin Hills,Week4,High Point Pool,Week2,333.0 High Point Pool - 68.0 Hollin Hills
Holmes Run Acres,Week1,Bren Mar-Edsall Park,Week5,339.0 Holmes Run Acres - 62.0 Bren Mar-Edsall Park
Hollin Meadows,Week3,Brandywine,Week4,208.0 Brandywine - 194.0 Hollin Meadows
Hollin Meadows,Week3,Crosspointe,Week2,241.0 Crosspointe - 161.0 Hollin Meadows
Holmes Run Acres,Week1,Dominion Hills,Week5,245.0 Dominion Hills - 157.0 Holmes Run Acres
Holmes Run Acres,Week3,Daventry,Week2,323.0 Holmes Run Acres - 78.0 Daventry
Hollin Hills,Week5,Little Hunting Park,Week2,253.0 Little Hunting Park - 147.0 Hollin Hills
Hollin Meadows,Week2,Daventry,Week4,301.0 Hollin Meadows - 101.0 Daventry
Hollin Meadows,Week2,Crosspointe,Week1,255.0 Crosspointe - 147.0 Hollin Meadows
Hollin Meadows,Week2,Long Branch,Week3,233.0 Hollin Meadows - 169.0 Long Branch
Hollin Hills,Week1,Little Rocky Run,Week2,342.0 Little Rocky Run - 60.0 Hollin Hills
Hollin Meadows,Week4,Crosspointe,Week4,253.0 Crosspointe - 149.0 Hollin Meadows
Hollin Meadows,Week3,Brandywine,Week2,206.0 Hollin Meadows - 196.0 Brandywine
Hollin Meadows,Week2,Crosspointe,Week5,279.0 Crosspointe - 123.0 Hollin Meadows
Hollin Meadows,Week3,Long Branch,Week1,259.0 Hollin Meadows - 143.0 Long Branch
Holmes Run Acres,Week2,Dominion Hills,Week5,254.0 Dominion Hills - 148.0 Holmes Run Acres
Hollin Hills,Week2,Little Hunting Park,Week5,267.0 Little Hunting Park - 133.0 Hollin Hills
Hollin Meadows,Week1,Long Branch,Week4,269.0 Hollin Meadows - 133.0 Long Branch
Holmes Run Acres,Week2,Dominion Hills,Week1,204.5 Holmes Run Acres - 197.5 Dominion Hills
Hollin Meadows,Week2,Crosspointe,Week2,247.0 Crosspointe - 155.0 Hollin Meadows
Hollin Meadows,Week2,Crosspointe,Week3,258.0 Crosspointe - 139.0 Hollin Meadows
Hollin Meadows,Week3,Brandywine,Week5,226.0 Brandywine - 176.0 Hollin Meadows
Hollin Hills,Week3,Little Rocky Run,Week2,338.0 Little Rocky Run - 64.0 Hollin Hills
Holmes Run Acres,Week3,Dominion Hills,Week4,207.0 Holmes Run Acres - 195.0 Dominion Hills
Hollin Meadows,Week5,Arlington Forest,Week5,214.0 Arlington Forest - 188.0 Hollin Meadows
Hollin Meadows,Week4,Brandywine,Week2,208.0 Hollin Meadows - 194.0 Brandywine
Holmes Run Acres,Week1,Dominion Hills,Week2,224.5 Dominion Hills - 177.5 Holmes Run Acres
Holmes Run Acres,Week4,Dominion Hills,Week3,204.0 Holmes Run Acres - 198.0 Dominion Hills
Hollin Meadows,Week2,Brandywine,Week1,206.0 Hollin Meadows - 191.0 Brandywine
Hollin Meadows,Week1,Crosspointe,Week3,242.0 Crosspointe - 160.0 Hollin Meadows
Hollin Meadows,Week2,Long Branch,Week5,229.0 Hollin Meadows - 173.0 Long Branch
Hollin Meadows,Week5,Little Rocky Run,Week4,261.0 Little Rocky Run - 141.0 Hollin Meadows
Hollin Meadows,Week1,Long Branch,Week1,258.5 Hollin Meadows - 142.5 Long Branch
Hollin Hills,Week2,Little Rocky Run,Week5,363.0 Little Rocky Run - 39.0 Hollin Hills
Hollin Hills,Week2,Little Rocky Run,Week1,336.0 Little Rocky Run - 65.0 Hollin Hills
Hollin Hills,Week3,Little Hunting Park,Week5,267.0 Little Hunting Park - 134.0 Hollin Hills
Holmes Run Acres,Week3,Dominion Hills,Week3,248.0 Holmes Run Acres - 154.0 Dominion Hills
Hollin Meadows,Week5,Crosspointe,Week3,243.0 Crosspointe - 159.0 Hollin Meadows
Hollin Meadows,Week4,Brandywine,Week3,204.0 Brandywine - 198.0 Hollin Meadows
Hollin Meadows,Week1,Daventry,Week1,307.0 Hollin Meadows - 95.0 Daventry
Hollin Meadows,Week5,Crosspointe,Week4,243.0 Crosspointe - 159.0 Hollin Meadows
Hollin Meadows,Week5,Brandywine,Week2,231.0 Hollin Meadows - 171.0 Brandywine
Hollin Meadows,Week3,Brandywine,Week1,229.0 Hollin Meadows - 173.0 Brandywine
Holmes Run Acres,Week3,Dominion Hills,Week1,237.0 Holmes Run Acres - 165.0 Dominion Hills
Hollin Hills,Week1,Little Rocky Run,Week1,341.0 Little Rocky Run - 60.0 Hollin Hills
Hollin Meadows,Week4,Long Branch,Week4,243.0 Hollin Meadows - 159.0 Long Branch
Holmes Run Acres,Week3,Donaldson Run,Week4,235.0 Donaldson Run - 167.0 Holmes Run Acres
Hollin Meadows,Week4,Long Branch,Week2,242.0 Hollin Meadows - 160.0 Long Branch
Hollin Hills,Week2,Little Hunting Park,Week4,254.0 Little Hunting Park - 148.0 Hollin Hills
Hollin Meadows,Week2,Long Branch,Week4,231.0 Hollin Meadows - 171.0 Long Branch
Hollin Meadows,Week1,Daventry,Week4,321.0 Hollin Meadows - 81.0 Daventry
Hollin Meadows,Week4,Crosspointe,Week2,240.0 Crosspointe - 162.0 Hollin Meadows
Hollin Hills,Week4,Little Hunting Park,Week3,251.0 Little Hunting Park - 151.0 Hollin Hills
Holmes Run Acres,Week5,Dominion Hills,Week2,247.0 Holmes Run Acres - 155.0 Dominion Hills
Holmes Run Acres,Week5,Dominion Hills,Week4,223.0 Holmes Run Acres - 179.0 Dominion Hills
Hollin Hills,Week4,Little Hunting Park,Week1,254.0 Little Hunting Park - 144.0 Hollin Hills
Hollin Hills,Week4,Little Hunting Park,Week5,262.0 Little Hunting Park - 138.0 Hollin Hills
Hollin Hills,Week5,Little Hunting Park,Week5,268.0 Little Hunting Park - 129.0 Hollin Hills
Holmes Run Acres,Week2,Donaldson Run,Week2,265.0 Donaldson Run - 137.0 Holmes Run Acres
Hollin Meadows,Week5,Bren Mar-Edsall Park,Week3,372.0 Hollin Meadows - 30.0 Bren Mar-Edsall Park
Hollin Meadows,Week3,Bren Mar-Edsall Park,Week3,365.0 Hollin Meadows - 37.0 Bren Mar-Edsall Park
Hollin Meadows,Week4,Brandywine,Week5,230.0 Brandywine - 172.0 Hollin Meadows
Hollin Meadows,Week3,Bren Mar-Edsall Park,Week1,375.0 Hollin Meadows - 26.0 Bren Mar-Edsall Park
Hollin Meadows,Week4,Bren Mar-Edsall Park,Week5,358.0 Hollin Meadows - 44.0 Bren Mar-Edsall Park
Hollin Meadows,Week5,Arlington Forest,Week3,233.0 Hollin Meadows - 169.0 Arlington Forest
Holmes Run Acres,Week3,Dominion Hills,Week2,225.0 Holmes Run Acres - 177.0 Dominion Hills
Hollin Meadows,Week4,Bren Mar-Edsall Park,Week4,361.0 Hollin Meadows - 41.0 Bren Mar-Edsall Park
Hollin Meadows,Week5,Long Branch,Week3,262.5 Hollin Meadows - 139.5 Long Branch
Hollin Meadows,Week1,Mansion House,Week1,212.0 Mansion House - 190.0 Hollin Meadows
Hollin Meadows,Week2,Mansion House,Week4,210.0 Mansion House - 192.0 Hollin Meadows
Hollin Hills,Week2,Little Rocky Run,Week3,352.0 Little Rocky Run - 49.0 Hollin Hills
Hollin Meadows,Week1,Long Branch,Week2,257.0 Hollin Meadows - 145.0 Long Branch
Hollin Meadows,Week2,Daventry,Week2,279.0 Hollin Meadows - 123.0 Daventry
Holmes Run Acres,Week1,Donaldson Run,Week2,265.0 Donaldson Run - 137.0 Holmes Run Acres
Hollin Hills,Week2,Little Hunting Park,Week3,259.0 Little Hunting Park - 143.0 Hollin Hills
Holmes Run Acres,Week5,Dominion Hills,Week3,258.0 Holmes Run Acres - 144.0 Dominion Hills
Hollin Meadows,Week2,Daventry,Week3,291.0 Hollin Meadows - 106.0 Daventry
Hollin Meadows,Week4,Daventry,Week3,303.0 Hollin Meadows - 99.0 Daventry
Hollin Meadows,Week5,Long Branch,Week5,249.0 Hollin Meadows - 153.0 Long Branch
Hollin Meadows,Week1,Brookfield ,Week1,216.0 Hollin Meadows - 186.0 Brookfield
Holmes Run Acres,Week1,Dominion Hills,Week4,225.0 Dominion Hills - 177.0 Holmes Run Acres
Hollin Hills,Week4,Little Hunting Park,Week2,249.0 Little Hunting Park - 148.0 Hollin Hills
Hollin Meadows,Week1,Mansion House,Week3,221.0 Mansion House - 181.0 Hollin Meadows
Holmes Run Acres,Week2,Dominion Hills,Week4,241.0 Dominion Hills - 161.0 Holmes Run Acres
Hollin Hills,Week2,Little Hunting Park,Week1,258.0 Little Hunting Park - 143.0 Hollin Hills
Hollin Meadows,Week1,Mansion House,Week5,230.0 Mansion House - 172.0 Hollin Meadows
Hollin Meadows,Week3,Long Branch,Week4,245.0 Hollin Meadows - 157.0 Long Branch
Hollin Meadows,Week2,Daventry,Week5,272.5 Hollin Meadows - 129.5 Daventry
Hollin Hills,Week4,Little Hunting Park,Week4,240.0 Little Hunting Park - 160.0 Hollin Hills
Hollin Meadows,Week2,Daventry,Week1,286.5 Hollin Meadows - 115.5 Daventry
Hollin Meadows,Week3,Dominion Hills,Week1,222.0 Hollin Meadows - 180.0 Dominion Hills
Hollin Meadows,Week3,Bren Mar-Edsall Park,Week2,364.0 Hollin Meadows - 38.0 Bren Mar-Edsall Park
Holmes Run Acres,Week3,Dominion Hills,Week5,217.0 Dominion Hills - 185.0 Holmes Run Acres
Hollin Hills,Week3,Little Hunting Park,Week1,264.0 Little Hunting Park - 137.0 Hollin Hills
Hollin Meadows,Week2,Mansion House,Week2,219.0 Mansion House - 183.0 Hollin Meadows
Hollin Meadows,Week3,Daventry,Week5,291.0 Hollin Meadows - 110.0 Daventry
Hollin Meadows,Week1,Brookfield ,Week4,228.5 Hollin Meadows - 173.5 Brookfield
Holmes Run Acres,Week2,Dominion Hills,Week2,217.0 Dominion Hills - 185.0 Holmes Run Acres
Hollin Hills,Week3,Little Hunting Park,Week2,260.0 Little Hunting Park - 141.0 Hollin Hills
Hollin Meadows,Week3,Dominion Hills,Week3,215.0 Hollin Meadows - 187.0 Dominion Hills
Hollin Meadows,Week4,Bren Mar-Edsall Park,Week2,373.0 Hollin Meadows - 29.0 Bren Mar-Edsall Park
Hollin Meadows,Week3,Mansion House,Week1,217.0 Mansion House - 185.0 Hollin Meadows
Hollin Meadows,Week4,Daventry,Week5,284.0 Hollin Meadows - 118.0 Daventry
Hollin Hills,Week5,Little Hunting Park,Week3,256.5 Little Hunting Park - 145.5 Hollin Hills
Holmes Run Acres,Week4,Dominion Hills,Week2,221.0 Dominion Hills - 181.0 Holmes Run Acres
Hollin Meadows,Week3,Mansion House,Week3,228.0 Mansion House - 174.0 Hollin Meadows
Hollin Meadows,Week3,Daventry,Week3,315.0 Hollin Meadows - 85.0 Daventry
Hollin Meadows,Week3,Mansion House,Week2,210.0 Mansion House - 192.0 Hollin Meadows
Hollin Hills,Week3,Little Hunting Park,Week4,249.0 Little Hunting Park - 153.0 Hollin Hills
Holmes Run Acres,Week1,Dominion Hills,Week3,203.0 Dominion Hills - 199.0 Holmes Run Acres
Hollin Meadows,Week4,Bren Mar-Edsall Park,Week1,373.0 Hollin Meadows - 29.0 Bren Mar-Edsall Park
Hollin Meadows,Week5,Daventry,Week1,311.0 Hollin Meadows - 90.0 Daventry
Hollin Meadows,Week2,Dominion Hills,Week5,240.0 Dominion Hills - 162.0 Hollin Meadows
Hollin Meadows,Week2,Dominion Hills,Week4,222.0 Dominion Hills - 180.0 Hollin Meadows
Hollin Meadows,Week3,Mansion House,Week4,208.0 Hollin Meadows - 194.0 Mansion House
Holmes Run Acres,Week4,Dominion Hills,Week5,249.0 Dominion Hills - 153.0 Holmes Run Acres
Hollin Meadows,Week2,Bren Mar-Edsall Park,Week2,359.0 Hollin Meadows - 43.0 Bren Mar-Edsall Park
Hollin Meadows,Week1,Brookfield ,Week2,240.0 Hollin Meadows - 162.0 Brookfield
Hollin Meadows,Week5,Bren Mar-Edsall Park,Week4,369.0 Hollin Meadows - 32.0 Bren Mar-Edsall Park
Hollin Meadows,Week2,Mansion House,Week5,257.0 Mansion House - 145.0 Hollin Meadows
Holmes Run Acres,Week1,Donaldson Run,Week1,252.0 Donaldson Run - 150.0 Holmes Run Acres
Hollin Hills,Week5,Little Hunting Park,Week1,245.0 Little Hunting Park - 156.0 Hollin Hills
Hollin Hills,Week2,Little Hunting Park,Week2,254.0 Little Hunting Park - 144.0 Hollin Hills
Hollin Meadows,Week1,Bren Mar-Edsall Park,Week5,359.0 Hollin Meadows - 43.0 Bren Mar-Edsall Park
Hollin Hills,Week3,Sleepy Hollow Rec,Week1,244.0 Sleepy Hollow Rec - 158.0 Hollin Hills
Hollin Hills,Week3,Little Rocky Run,Week1,335.0 Little Rocky Run - 67.0 Hollin Hills
Holmes Run Acres,Week1,Donaldson Run,Week4,276.0 Donaldson Run - 126.0 Holmes Run Acres
Hollin Hills,Week1,Little Rocky Run,Week3,354.0 Little Rocky Run - 48.0 Hollin Hills
Hollin Meadows,Week3,Dominion Hills,Week4,214.0 Dominion Hills - 188.0 Hollin Meadows
Hollin Meadows,Week2,Brookfield ,Week1,215.0 Brookfield - 187.0 Hollin Meadows
Hollin Meadows,Week3,Dominion Hills,Week2,227.0 Hollin Meadows - 175.0 Dominion Hills
Hollin Hills,Week3,Sleepy Hollow Rec,Week3,265.0 Sleepy Hollow Rec - 137.0 Hollin Hills
Hollin Meadows,Week2,Dominion Hills,Week1,208.0 Hollin Meadows - 194.0 Dominion Hills
Holmes Run Acres,Week1,Donaldson Run,Week5,283.0 Donaldson Run - 119.0 Holmes Run Acres
Hollin Meadows,Week3,Bren Mar-Edsall Park,Week5,352.0 Hollin Meadows - 49.0 Bren Mar-Edsall Park
Holmes Run Acres,Week3,Donaldson Run,Week2,236.0 Donaldson Run - 166.0 Holmes Run Acres
Holmes Run Acres,Week2,Donaldson Run,Week4,281.5 Donaldson Run - 120.5 Holmes Run Acres
Hollin Meadows,Week3,Mansion House,Week5,231.0 Mansion House - 171.0 Hollin Meadows
Hollin Hills,Week2,Little Rocky Run,Week4,352.0 Little Rocky Run - 50.0 Hollin Hills
Hollin Meadows,Week2,Mansion House,Week3,233.0 Mansion House - 169.0 Hollin Meadows
Hollin Hills,Week4,Sleepy Hollow Rec,Week1,257.0 Sleepy Hollow Rec - 144.0 Hollin Hills
Hollin Meadows,Week1,Bren Mar-Edsall Park,Week1,375.0 Hollin Meadows - 27.0 Bren Mar-Edsall Park
Hollin Meadows,Week1,Brookfield ,Week5,228.5 Hollin Meadows - 173.5 Brookfield
Hollin Meadows,Week4,Mansion House,Week4,209.0 Mansion House - 193.0 Hollin Meadows
Hollin Meadows,Week4,Mansion House,Week1,232.0 Mansion House - 170.0 Hollin Meadows
Hollin Meadows,Week1,Dominion Hills,Week3,229.0 Hollin Meadows - 173.0 Dominion Hills
Hollin Meadows,Week4,Mansion House,Week3,218.0 Mansion House - 184.0 Hollin Meadows
Hollin Hills,Week1,Little Rocky Run,Week4,351.0 Little Rocky Run - 51.0 Hollin Hills
Hollin Meadows,Week4,Mansion House,Week2,213.0 Mansion House - 189.0 Hollin Meadows
Hollin Hills,Week1,Little Rocky Run,Week5,358.0 Little Rocky Run - 44.0 Hollin Hills
Hollin Meadows,Week3,Daventry,Week4,315.0 Hollin Meadows - 86.0 Daventry
Holmes Run Acres,Week2,Dowden Terrace,Week3,203.0 Holmes Run Acres - 199.0 Dowden Terrace
Hollin Meadows,Week1,Dominion Hills,Week1,238.0 Hollin Meadows - 164.0 Dominion Hills
Hollin Hills,Week4,Little Rocky Run,Week3,355.0 Little Rocky Run - 45.0 Hollin Hills
Hollin Meadows,Week2,Mansion House,Week1,241.0 Mansion House - 161.0 Hollin Meadows
Holmes Run Acres,Week2,Donaldson Run,Week3,271.5 Donaldson Run - 130.5 Holmes Run Acres
Hollin Meadows,Week1,Bren Mar-Edsall Park,Week3,372.0 Hollin Meadows - 30.0 Bren Mar-Edsall Park
Holmes Run Acres,Week3,Donaldson Run,Week3,240.0 Donaldson Run - 162.0 Holmes Run Acres
Hollin Meadows,Week2,Bren Mar-Edsall Park,Week1,365.0 Hollin Meadows - 37.0 Bren Mar-Edsall Park
Hollin Hills,Week1,Somerset-Olde Creek,Week3,228.0 Hollin Hills - 162.0 Somerset-Olde Creek
Hollin Meadows,Week1,Dominion Hills,Week4,203.0 Hollin Meadows - 198.0 Dominion Hills
Holmes Run Acres,Week3,Donaldson Run,Week1,228.0 Donaldson Run - 174.0 Holmes Run Acres
Hollin Meadows,Week2,Bren Mar-Edsall Park,Week3,354.0 Hollin Meadows - 48.0 Bren Mar-Edsall Park
Holmes Run Acres,Week4,Donaldson Run,Week1,253.0 Donaldson Run - 149.0 Holmes Run Acres
Holmes Run Acres,Week2,Donaldson Run,Week5,297.0 Donaldson Run - 105.0 Holmes Run Acres
Hollin Meadows,Week4,Daventry,Week4,312.0 Hollin Meadows - 90.0 Daventry
Hollin Meadows,Week5,Daventry,Week5,300.0 Hollin Meadows - 102.0 Daventry
Hollin Hills,Week4,Little Rocky Run,Week2,339.0 Little Rocky Run - 63.0 Hollin Hills
Hollin Hills,Week1,Long Branch,Week1,261.0 Long Branch - 137.0 Hollin Hills
Hollin Hills,Week2,Long Branch,Week2,269.0 Long Branch - 131.0 Hollin Hills
Holmes Run Acres,Week2,Donaldson Run,Week1,276.0 Donaldson Run - 126.0 Holmes Run Acres
Hollin Hills,Week1,Long Branch,Week2,279.0 Long Branch - 122.0 Hollin Hills
Hollin Hills,Week3,Long Branch,Week3,283.0 Long Branch - 119.0 Hollin Hills
Hollin Meadows,Week1,Bren Mar-Edsall Park,Week2,369.0 Hollin Meadows - 33.0 Bren Mar-Edsall Park
Hollin Meadows,Week4,Bren Mar-Edsall Park,Week3,370.0 Hollin Meadows - 32.0 Bren Mar-Edsall Park
Hollin Meadows,Week1,Dominion Hills,Week2,225.0 Hollin Meadows - 177.0 Dominion Hills
Hollin Hills,Week2,Sleepy Hollow Rec,Week5,254.0 Sleepy Hollow Rec - 144.0 Hollin Hills
Hollin Hills,Week1,Somerset-Olde Creek,Week5,208.0 Somerset-Olde Creek - 184.0 Hollin Hills
Holmes Run Acres,Week5,Donaldson Run,Week1,220.0 Donaldson Run - 182.0 Holmes Run Acres
Hollin Hills,Week4,Little Rocky Run,Week5,357.5 Little Rocky Run - 44.5 Hollin Hills
Holmes Run Acres,Week5,Donaldson Run,Week2,221.0 Donaldson Run - 181.0 Holmes Run Acres
Hollin Hills,Week5,Sleepy Hollow Rec,Week2,242.0 Sleepy Hollow Rec - 159.0 Hollin Hills
Hollin Meadows,Week4,Daventry,Week2,302.0 Hollin Meadows - 100.0 Daventry
Hollin Hills,Week3,Little Rocky Run,Week3,359.0 Little Rocky Run - 43.0 Hollin Hills
Hollin Meadows,Week3,Dominion Hills,Week5,227.0 Dominion Hills - 175.0 Hollin Meadows
Hollin Meadows,Week5,Brandywine,Week4,210.5 Hollin Meadows - 191.5 Brandywine
Hollin Meadows,Week3,Daventry,Week2,308.0 Hollin Meadows - 92.0 Daventry
Holmes Run Acres,Week5,Donaldson Run,Week5,251.0 Donaldson Run - 151.0 Holmes Run Acres
Hollin Meadows,Week2,Dominion Hills,Week2,202.0 Hollin Meadows - 200.0 Dominion Hills
Hollin Hills,Week5,Sleepy Hollow Rec,Week1,238.0 Sleepy Hollow Rec - 164.0 Hollin Hills
Hollin Hills,Week4,Little Rocky Run,Week1,343.0 Little Rocky Run - 58.0 Hollin Hills
Hollin Hills,Week1,Long Branch,Week5,302.0 Long Branch - 100.0 Hollin Hills
Hollin Hills,Week2,Somerset-Olde Creek,Week3,229.0 Hollin Hills - 159.0 Somerset-Olde Creek
Hollin Meadows,Week5,Daventry,Week2,308.5 Hollin Meadows - 93.5 Daventry
Hollin Hills,Week2,Long Branch,Week1,266.0 Long Branch - 131.0 Hollin Hills
Hollin Hills,Week4,Sleepy Hollow Rec,Week3,272.0 Sleepy Hollow Rec - 129.0 Hollin Hills
Hollin Meadows,Week1,Bren Mar-Edsall Park,Week4,360.0 Hollin Meadows - 42.0 Bren Mar-Edsall Park
Holmes Run Acres,Week5,Donaldson Run,Week4,231.0 Donaldson Run - 171.0 Holmes Run Acres
Hollin Meadows,Week5,Daventry,Week4,321.0 Hollin Meadows - 81.0 Daventry
Hollin Hills,Week2,Somerset-Olde Creek,Week1,216.0 Hollin Hills - 159.0 Somerset-Olde Creek
Hollin Meadows,Week2,Bren Mar-Edsall Park,Week5,344.0 Hollin Meadows - 58.0 Bren Mar-Edsall Park
Holmes Run Acres,Week3,Donaldson Run,Week5,263.0 Donaldson Run - 139.0 Holmes Run Acres
Hollin Hills,Week5,Little Rocky Run,Week3,350.0 Little Rocky Run - 52.0 Hollin Hills
Hollin Meadows,Week3,Bren Mar-Edsall Park,Week4,354.0 Hollin Meadows - 48.0 Bren Mar-Edsall Park
Hollin Meadows,Week2,Bren Mar-Edsall Park,Week4,349.0 Hollin Meadows - 53.0 Bren Mar-Edsall Park
Hollin Hills,Week4,Somerset-Olde Creek,Week4,204.0 Hollin Hills - 190.0 Somerset-Olde Creek
Hollin Hills,Week5,Sleepy Hollow Rec,Week4,234.0 Sleepy Hollow Rec - 168.0 Hollin Hills
Hollin Meadows,Week5,Daventry,Week3,309.0 Hollin Meadows - 92.0 Daventry
Hollin Hills,Week3,Somerset-Olde Creek,Week1,231.0 Hollin Hills - 161.0 Somerset-Olde Creek
Hollin Meadows,Week5,Brandywine,Week5,206.0 Brandywine - 196.0 Hollin Meadows
Holmes Run Acres,Week4,Donaldson Run,Week2,252.0 Donaldson Run - 150.0 Holmes Run Acres
Hollin Meadows,Week2,Dominion Hills,Week3,205.0 Hollin Meadows - 197.0 Dominion Hills
Hollin Hills,Week4,Sleepy Hollow Rec,Week2,257.0 Sleepy Hollow Rec - 140.0 Hollin Hills
Hollin Meadows,Week5,Bren Mar-Edsall Park,Week1,378.0 Hollin Meadows - 24.0 Bren Mar-Edsall Park
Hollin Hills,Week3,Little Rocky Run,Week4,352.0 Little Rocky Run - 50.0 Hollin Hills
Holmes Run Acres,Week4,Donaldson Run,Week5,285.0 Donaldson Run - 117.0 Holmes Run Acres
Hollin Hills,Week5,Somerset-Olde Creek,Week1,217.0 Hollin Hills - 165.0 Somerset-Olde Creek
Hollin Meadows,Week5,Bren Mar-Edsall Park,Week5,365.0 Hollin Meadows - 37.0 Bren Mar-Edsall Park
Hollin Meadows,Week4,Daventry,Week1,311.0 Hollin Meadows - 91.0 Daventry
Holmes Run Acres,Week5,Donaldson Run,Week3,220.0 Donaldson Run - 182.0 Holmes Run Acres
Hollin Meadows,Week5,Bren Mar-Edsall Park,Week2,373.0 Hollin Meadows - 28.0 Bren Mar-Edsall Park
Hollin Hills,Week2,Long Branch,Week3,274.0 Long Branch - 127.0 Hollin Hills
Hollin Hills,Week5,Somerset-Olde Creek,Week3,223.0 Hollin Hills - 164.0 Somerset-Olde Creek
Hollin Hills,Week2,Sleepy Hollow Rec,Week4,254.0 Sleepy Hollow Rec - 147.0 Hollin Hills
Hollin Meadows,Week1,Brookfield ,Week3,236.0 Hollin Meadows - 166.0 Brookfield
Hollin Hills,Week3,Sleepy Hollow Rec,Week2,257.0 Sleepy Hollow Rec - 144.0 Hollin Hills
Hollin Hills,Week5,Little Rocky Run,Week2,336.0 Little Rocky Run - 66.0 Hollin Hills
Hollin Meadows,Week1,Donaldson Run,Week3,272.0 Donaldson Run - 130.0 Hollin Meadows
Hollin Hills,Week5,Little Rocky Run,Week4,345.0 Little Rocky Run - 57.0 Hollin Hills
Holmes Run Acres,Week1,Dowden Terrace,Week2,202.0 Dowden Terrace - 200.0 Holmes Run Acres
Holmes Run Acres,Week4,Donaldson Run,Week4,267.0 Donaldson Run - 135.0 Holmes Run Acres
Hollin Meadows,Week4,Dominion Hills,Week3,204.0 Hollin Meadows - 198.0 Dominion Hills
Hollin Meadows,Week5,Brookfield ,Week4,232.0 Hollin Meadows - 170.0 Brookfield
Hollin Meadows,Week4,Brookfield ,Week2,228.0 Hollin Meadows - 174.0 Brookfield
Hollin Hills,Week1,Long Branch,Week3,277.0 Long Branch - 125.0 Hollin Hills
Hollin Meadows,Week2,Broyhill Crest,Week5,337.0 Hollin Meadows - 65.0 Broyhill Crest
Hollin Meadows,Week1,Dominion Hills,Week5,205.0 Dominion Hills - 197.0 Hollin Meadows
Hollin Hills,Week1,Long Branch,Week4,282.0 Long Branch - 119.0 Hollin Hills
Holmes Run Acres,Week1,Dowden Terrace,Week5,246.0 Dowden Terrace - 156.0 Holmes Run Acres
Hollin Hills,Week3,Sleepy Hollow Rec,Week5,276.0 Sleepy Hollow Rec - 125.0 Hollin Hills
Hollin Meadows,Week4,Dominion Hills,Week5,235.0 Dominion Hills - 167.0 Hollin Meadows
Holmes Run Acres,Week1,Dowden Terrace,Week3,204.0 Dowden Terrace - 198.0 Holmes Run Acres
Hollin Hills,Week1,South Run,Week2,281.5 South Run - 116.5 Hollin Hills
Hollin Hills,Week1,Somerset-Olde Creek,Week4,204.0 Somerset-Olde Creek - 194.0 Hollin Hills
Hollin Hills,Week3,Lake Braddock,Week4,242.0 Lake Braddock - 159.0 Hollin Hills
Hollin Meadows,Week5,Brookfield ,Week3,261.0 Hollin Meadows - 141.0 Brookfield
Hollin Meadows,Week1,Dowden Terrace,Week2,212.0 Hollin Meadows - 190.0 Dowden Terrace
Hollin Hills,Week3,Lakevale Estates,Week2,341.0 Lakevale Estates - 61.0 Hollin Hills
Hollin Meadows,Week3,Brookfield ,Week3,225.0 Hollin Meadows - 177.0 Brookfield
Hollin Hills,Week4,Sleepy Hollow Rec,Week4,260.0 Sleepy Hollow Rec - 141.0 Hollin Hills
Hollin Meadows,Week5,Dominion Hills,Week1,235.0 Hollin Meadows - 167.0 Dominion Hills
Hollin Hills,Week5,Little Rocky Run,Week5,354.0 Little Rocky Run - 43.0 Hollin Hills
Hollin Hills,Week2,Sleepy Hollow Rec,Week3,264.0 Sleepy Hollow Rec - 137.0 Hollin Hills
Hollin Meadows,Week4,Donaldson Run,Week5,308.0 Donaldson Run - 94.0 Hollin Meadows
Hollin Hills,Week4,Little Rocky Run,Week4,360.0 Little Rocky Run - 42.0 Hollin Hills
Hollin Hills,Week3,Long Branch,Week2,277.0 Long Branch - 125.0 Hollin Hills
Hollin Hills,Week4,Sleepy Hollow Rec,Week5,267.0 Sleepy Hollow Rec - 131.0 Hollin Hills
Hollin Meadows,Week3,Truro,Week4,259.0 Hollin Meadows - 143.0 Truro
Hollin Meadows,Week4,Dominion Hills,Week1,217.0 Hollin Meadows - 185.0 Dominion Hills
Holmes Run Acres,Week3,Dowden Terrace,Week1,233.0 Holmes Run Acres - 168.0 Dowden Terrace
Hollin Meadows,Week2,Donaldson Run,Week4,291.0 Donaldson Run - 111.0 Hollin Meadows
Holmes Run Acres,Week2,Dowden Terrace,Week2,215.0 Dowden Terrace - 187.0 Holmes Run Acres
Hollin Meadows,Week3,Brookfield ,Week4,212.0 Hollin Meadows - 190.0 Brookfield
Hollin Hills,Week3,Long Branch,Week5,294.0 Long Branch - 108.0 Hollin Hills
Hollin Hills,Week1,Somerset-Olde Creek,Week1,211.0 Hollin Hills - 175.0 Somerset-Olde Creek
Holmes Run Acres,Week3,Dowden Terrace,Week3,241.0 Holmes Run Acres - 161.0 Dowden Terrace
Hollin Meadows,Week1,Broyhill Crest,Week1,358.0 Hollin Meadows - 42.0 Broyhill Crest
Hollin Meadows,Week3,Brookfield ,Week5,234.0 Hollin Meadows - 168.0 Brookfield
Hollin Hills,Week5,Sleepy Hollow Rec,Week5,241.0 Sleepy Hollow Rec - 160.0 Hollin Hills
Hollin Meadows,Week2,Broyhill Crest,Week1,346.0 Hollin Meadows - 55.0 Broyhill Crest
Hollin Meadows,Week1,Broyhill Crest,Week2,367.0 Hollin Meadows - 34.0 Broyhill Crest
Hollin Meadows,Week5,Dominion Hills,Week3,216.0 Hollin Meadows - 186.0 Dominion Hills
Holmes Run Acres,Week1,Dowden Terrace,Week4,226.0 Dowden Terrace - 176.0 Holmes Run Acres
Hollin Meadows,Week5,Donaldson Run,Week3,268.0 Donaldson Run - 134.0 Hollin Meadows
Hollin Meadows,Week4,Brookfield ,Week1,202.0 Brookfield - 200.0 Hollin Meadows
Holmes Run Acres,Week3,Dowden Terrace,Week2,242.0 Holmes Run Acres - 160.0 Dowden Terrace
Hollin Hills,Week2,Long Branch,Week4,291.0 Long Branch - 110.0 Hollin Hills
Holmes Run Acres,Week2,Dowden Terrace,Week4,230.0 Dowden Terrace - 172.0 Holmes Run Acres
Hollin Hills,Week3,Little Rocky Run,Week5,354.0 Little Rocky Run - 48.0 Hollin Hills
Hollin Hills,Week3,Long Branch,Week1,270.0 Long Branch - 131.0 Hollin Hills
Hollin Meadows,Week2,Brookfield ,Week5,204.0 Brookfield - 198.0 Hollin Meadows
Holmes Run Acres,Week2,Dowden Terrace,Week5,247.5 Dowden Terrace - 154.5 Holmes Run Acres
Holmes Run Acres,Week2,Dowden Terrace,Week1,204.5 Dowden Terrace - 197.5 Holmes Run Acres
Hollin Hills,Week5,Sleepy Hollow Rec,Week3,258.0 Sleepy Hollow Rec - 144.0 Hollin Hills
Holmes Run Acres,Week3,Dowden Terrace,Week4,215.0 Holmes Run Acres - 187.0 Dowden Terrace
Hollin Meadows,Week4,Donaldson Run,Week3,275.0 Donaldson Run - 127.0 Hollin Meadows
Hollin Meadows,Week5,Donaldson Run,Week5,296.0 Donaldson Run - 106.0 Hollin Meadows
Hollin Meadows,Week4,Brookfield ,Week3,237.0 Hollin Meadows - 165.0 Brookfield
Hollin Hills,Week2,Long Branch,Week5,290.0 Long Branch - 112.0 Hollin Hills
Hollin Meadows,Week4,Donaldson Run,Week2,262.0 Donaldson Run - 140.0 Hollin Meadows
Holmes Run Acres,Week1,Dowden Terrace,Week1,209.0 Dowden Terrace - 192.0 Holmes Run Acres
Hollin Hills,Week2,Somerset-Olde Creek,Week2,228.0 Hollin Hills - 160.0 Somerset-Olde Creek
Hollin Hills,Week1,Somerset-Olde Creek,Week2,227.0 Hollin Hills - 169.0 Somerset-Olde Creek
Holmes Run Acres,Week4,Donaldson Run,Week3,268.0 Donaldson Run - 134.0 Holmes Run Acres
Hollin Hills,Week5,Little Rocky Run,Week1,337.0 Little Rocky Run - 65.0 Hollin Hills
Hollin Hills,Week3,Sleepy Hollow Rec,Week4,257.0 Sleepy Hollow Rec - 145.0 Hollin Hills
Hollin Hills,Week5,Lake Braddock,Week2,225.0 Lake Braddock - 174.0 Hollin Hills
Hollin Hills,Week4,Long Branch,Week1,255.0 Long Branch - 139.0 Hollin Hills
Hollin Hills,Week3,Long Branch,Week4,272.0 Long Branch - 130.0 Hollin Hills
Hollin Meadows,Week4,Truro,Week1,252.0 Hollin Meadows - 150.0 Truro
Hollin Meadows,Week3,Donaldson Run,Week4,284.0 Donaldson Run - 118.0 Hollin Meadows
Hollin Hills,Week2,Somerset-Olde Creek,Week5,193.0 Somerset-Olde Creek - 192.0 Hollin Hills
Hollin Hills,Week2,Lake Braddock,Week5,251.0 Lake Braddock - 146.0 Hollin Hills
Hollin Meadows,Week2,Tuckahoe,Week4,332.5 Tuckahoe - 69.5 Hollin Meadows
Hollin Meadows,Week1,Broyhill Crest,Week5,342.0 Hollin Meadows - 60.0 Broyhill Crest
Hollin Hills,Week4,Lake Braddock,Week5,245.0 Lake Braddock - 151.0 Hollin Hills
Hollin Meadows,Week5,Truro,Week5,274.0 Hollin Meadows - 128.0 Truro
Hollin Hills,Week3,Somerset-Olde Creek,Week3,237.0 Hollin Hills - 159.0 Somerset-Olde Creek
Hollin Hills,Week4,Long Branch,Week4,282.5 Long Branch - 118.5 Hollin Hills
Hollin Hills,Week1,Lakevale Estates,Week2,330.0 Lakevale Estates - 72.0 Hollin Hills
Hollin Hills,Week4,Long Branch,Week3,267.0 Long Branch - 133.0 Hollin Hills
Holmes Run Acres,Week5,Dowden Terrace,Week4,223.0 Holmes Run Acres - 179.0 Dowden Terrace
Hollin Meadows,Week2,Donaldson Run,Week1,262.0 Donaldson Run - 140.0 Hollin Meadows
Hollin Hills,Week4,Long Branch,Week2,265.0 Long Branch - 134.0 Hollin Hills
Holmes Run Acres,Week4,Dowden Terrace,Week1,203.0 Holmes Run Acres - 198.0 Dowden Terrace
Hollin Hills,Week2,Somerset-Olde Creek,Week4,197.0 Hollin Hills - 196.0 Somerset-Olde Creek
Hollin Meadows,Week4,Brookfield ,Week5,237.0 Hollin Meadows - 165.0 Brookfield
Hollin Hills,Week5,Lake Braddock,Week4,224.0 Lake Braddock - 177.0 Hollin Hills
Hollin Meadows,Week2,Donaldson Run,Week5,311.0 Donaldson Run - 91.0 Hollin Meadows
Hollin Meadows,Week4,Dominion Hills,Week4,230.5 Dominion Hills - 171.5 Hollin Meadows
Holmes Run Acres,Week3,Dowden Terrace,Week5,206.0 Dowden Terrace - 196.0 Holmes Run Acres
Hollin Meadows,Week4,Truro,Week4,261.0 Hollin Meadows - 141.0 Truro
Hollin Meadows,Week3,Brookfield ,Week1,205.0 Hollin Meadows - 197.0 Brookfield
Hollin Hills,Week3,Somerset-Olde Creek,Week2,236.0 Hollin Hills - 163.0 Somerset-Olde Creek
Hollin Hills,Week1,Lakevale Estates,Week5,340.0 Lakevale Estates - 62.0 Hollin Hills
Hollin Meadows,Week2,Brookfield ,Week2,222.0 Hollin Meadows - 180.0 Brookfield
Hollin Hills,Week3,Lake Braddock,Week2,236.0 Lake Braddock - 165.0 Hollin Hills
Hollin Hills,Week3,Somerset-Olde Creek,Week5,208.0 Somerset-Olde Creek - 188.0 Hollin Hills
Holmes Run Acres,Week1,Dunn Loring,Week5,292.0 Dunn Loring - 110.0 Holmes Run Acres
Hollin Hills,Week1,Mansion House,Week3,321.5 Mansion House - 80.5 Hollin Hills
Hollin Meadows,Week1,Tuckahoe,Week4,322.0 Tuckahoe - 80.0 Hollin Meadows
Hollin Meadows,Week1,Tuckahoe,Week2,299.0 Tuckahoe - 103.0 Hollin Meadows
Hollin Meadows,Week4,Brookfield ,Week4,218.0 Hollin Meadows - 184.0 Brookfield
Hollin Hills,Week3,Somerset-Olde Creek,Week4,206.0 Hollin Hills - 193.0 Somerset-Olde Creek
Hollin Meadows,Week3,Brookfield ,Week2,232.5 Hollin Meadows - 169.5 Brookfield
Hollin Hills,Week1,Mansion House,Week5,320.0 Mansion House - 81.0 Hollin Hills
Hollin Meadows,Week4,Dominion Hills,Week2,209.0 Hollin Meadows - 193.0 Dominion Hills
Hollin Hills,Week2,Mansion House,Week5,330.0 Mansion House - 71.0 Hollin Hills
Holmes Run Acres,Week4,Dowden Terrace,Week4,220.0 Dowden Terrace - 182.0 Holmes Run Acres
Holmes Run Acres,Week3,Dunn Loring,Week3,263.0 Dunn Loring - 139.0 Holmes Run Acres
Hollin Hills,Week4,Lake Braddock,Week1,206.0 Lake Braddock - 194.0 Hollin Hills
Hollin Meadows,Week5,Dominion Hills,Week5,217.0 Dominion Hills - 185.0 Hollin Meadows
Hollin Meadows,Week5,Truro,Week1,264.0 Hollin Meadows - 138.0 Truro
Hollin Meadows,Week2,Broyhill Crest,Week2,356.0 Hollin Meadows - 45.0 Broyhill Crest
Hollin Meadows,Week1,Tuckahoe,Week3,329.0 Tuckahoe - 73.0 Hollin Meadows
Hollin Meadows,Week3,Donaldson Run,Week5,303.0 Donaldson Run - 99.0 Hollin Meadows
Hollin Hills,Week5,Long Branch,Week4,266.0 Long Branch - 136.0 Hollin Hills
Hollin Hills,Week3,Lake Braddock,Week5,251.0 Lake Braddock - 150.0 Hollin Hills
Hollin Hills,Week4,Somerset-Olde Creek,Week3,232.0 Hollin Hills - 151.0 Somerset-Olde Creek
Hollin Meadows,Week3,Donaldson Run,Week3,270.0 Donaldson Run - 132.0 Hollin Meadows
Hollin Hills,Week4,Somerset-Olde Creek,Week5,197.0 Somerset-Olde Creek - 188.0 Hollin Hills
Hollin Hills,Week4,Lake Braddock,Week2,213.0 Lake Braddock - 182.0 Hollin Hills
Hollin Hills,Week5,Somerset-Olde Creek,Week2,231.0 Hollin Hills - 158.0 Somerset-Olde Creek
Holmes Run Acres,Week3,Dunn Loring,Week4,262.0 Dunn Loring - 140.0 Holmes Run Acres
Hollin Hills,Week5,Lake Braddock,Week1,209.0 Lake Braddock - 188.0 Hollin Hills
Hollin Hills,Week4,Lake Braddock,Week3,206.0 Lake Braddock - 192.0 Hollin Hills
Hollin Hills,Week3,Lake Braddock,Week3,231.0 Lake Braddock - 170.0 Hollin Hills
Hollin Meadows,Week1,Vienna Aquatic,Week1,256.5 Vienna Aquatic - 145.5 Hollin Meadows
Holmes Run Acres,Week5,Dunn Loring,Week4,243.0 Dunn Loring - 159.0 Holmes Run Acres
Hollin Meadows,Week5,Dominion Hills,Week4,218.0 Dominion Hills - 184.0 Hollin Meadows
Hollin Hills,Week2,Mansion House,Week2,297.0 Mansion House - 105.0 Hollin Hills
Hollin Hills,Week4,Somerset-Olde Creek,Week1,218.0 Hollin Hills - 162.0 Somerset-Olde Creek
Holmes Run Acres,Week4,Dunn Loring,Week3,296.0 Dunn Loring - 106.0 Holmes Run Acres
Hollin Hills,Week5,Long Branch,Week2,266.0 Long Branch - 136.0 Hollin Hills
Hollin Meadows,Week2,Broyhill Crest,Week4,346.0 Hollin Meadows - 55.0 Broyhill Crest
Hollin Meadows,Week4,Tuckahoe,Week4,338.0 Tuckahoe - 64.0 Hollin Meadows
Hollin Meadows,Week5,Tuckahoe,Week3,327.0 Tuckahoe - 75.0 Hollin Meadows
Hollin Meadows,Week5,Brookfield ,Week2,261.0 Hollin Meadows - 141.0 Brookfield
Hollin Meadows,Week2,Donaldson Run,Week3,280.0 Donaldson Run - 122.0 Hollin Meadows
Hollin Meadows,Week3,Tuckahoe,Week5,317.0 Tuckahoe - 85.0 Hollin Meadows
Holmes Run Acres,Week5,Dunn Loring,Week2,252.0 Dunn Loring - 150.0 Holmes Run Acres
Hollin Meadows,Week1,Broyhill Crest,Week4,356.0 Hollin Meadows - 46.0 Broyhill Crest
Hollin Hills,Week5,Long Branch,Week5,299.0 Long Branch - 103.0 Hollin Hills
Hollin Meadows,Week1,Donaldson Run,Week5,303.0 Donaldson Run - 99.0 Hollin Meadows
Hollin Hills,Week4,Somerset-Olde Creek,Week2,240.0 Hollin Hills - 150.0 Somerset-Olde Creek
Holmes Run Acres,Week1,Fair Oaks ,Week1,227.0 Fair Oaks - 175.0 Holmes Run Acres
Hollin Meadows,Week2,Brookfield ,Week3,212.0 Hollin Meadows - 190.0 Brookfield
Hollin Hills,Week2,Mantua,Week1,332.0 Mantua - 62.0 Hollin Hills
Hollin Hills,Week2,South Run,Week3,304.0 South Run - 97.0 Hollin Hills
Holmes Run Acres,Week3,Dunn Loring,Week1,220.0 Dunn Loring - 182.0 Holmes Run Acres
Hollin Hills,Week3,Lake Braddock,Week1,209.0 Lake Braddock - 192.0 Hollin Hills
Hollin Hills,Week2,Lakevale Estates,Week2,337.0 Lakevale Estates - 65.0 Hollin Hills
Hollin Hills,Week2,Mansion House,Week4,288.0 Mansion House - 104.0 Hollin Hills
Hollin Meadows,Week2,Broyhill Crest,Week3,352.0 Hollin Meadows - 49.0 Broyhill Crest
Hollin Hills,Week2,Lakevale Estates,Week1,326.0 Lakevale Estates - 76.0 Hollin Hills
Hollin Hills,Week5,Somerset-Olde Creek,Week4,206.0 Hollin Hills - 191.0 Somerset-Olde Creek
Hollin Meadows,Week2,Brookfield ,Week4,205.0 Hollin Meadows - 197.0 Brookfield
Hollin Meadows,Week1,Donaldson Run,Week1,264.0 Donaldson Run - 138.0 Hollin Meadows
Hollin Hills,Week1,Lakevale Estates,Week3,335.0 Lakevale Estates - 67.0 Hollin Hills
Hollin Meadows,Week1,Donaldson Run,Week4,284.0 Donaldson Run - 118.0 Hollin Meadows
Hollin Meadows,Week3,Donaldson Run,Week2,274.0 Donaldson Run - 128.0 Hollin Meadows
Hollin Meadows,Week1,Donaldson Run,Week2,265.0 Donaldson Run - 137.0 Hollin Meadows
Hollin Meadows,Week2,Donaldson Run,Week2,276.0 Donaldson Run - 126.0 Hollin Meadows
Hollin Meadows,Week5,Tuckahoe,Week2,327.0 Tuckahoe - 75.0 Hollin Meadows
Hollin Hills,Week5,Lake Braddock,Week5,238.0 Lake Braddock - 161.0 Hollin Hills
Holmes Run Acres,Week1,Dunn Loring,Week2,296.0 Dunn Loring - 106.0 Holmes Run Acres
Hollin Hills,Week5,Somerset-Olde Creek,Week5,202.0 Hollin Hills - 189.0 Somerset-Olde Creek
Hollin Meadows,Week5,Dominion Hills,Week2,228.0 Hollin Meadows - 174.0 Dominion Hills
Hollin Hills,Week1,South Run,Week4,288.0 South Run - 104.0 Hollin Hills
Hollin Hills,Week1,South Run,Week1,293.0 South Run - 99.0 Hollin Hills
Hollin Meadows,Week4,Tuckahoe,Week5,327.0 Tuckahoe - 75.0 Hollin Meadows
Hollin Hills,Week2,South Run,Week4,289.0 South Run - 108.0 Hollin Hills
Hollin Meadows,Week4,Truro,Week3,275.0 Hollin Meadows - 127.0 Truro
Hollin Meadows,Week4,Truro,Week5,264.0 Hollin Meadows - 138.0 Truro
Holmes Run Acres,Week4,Dowden Terrace,Week2,208.0 Dowden Terrace - 194.0 Holmes Run Acres
Hollin Hills,Week1,Mantua,Week4,346.0 Mantua - 56.0 Hollin Hills
Hollin Meadows,Week3,Broyhill Crest,Week2,359.0 Hollin Meadows - 39.0 Broyhill Crest
Hollin Meadows,Week3,Donaldson Run,Week1,269.0 Donaldson Run - 133.0 Hollin Meadows
Hollin Meadows,Week5,Brookfield ,Week1,213.0 Hollin Meadows - 189.0 Brookfield
Holmes Run Acres,Week2,Dunn Loring,Week5,304.0 Dunn Loring - 98.0 Holmes Run Acres
Hollin Meadows,Week5,Brookfield ,Week5,243.5 Hollin Meadows - 158.5 Brookfield
Holmes Run Acres,Week2,Dunn Loring,Week1,259.0 Dunn Loring - 143.0 Holmes Run Acres
Hollin Hills,Week1,Lakevale Estates,Week1,333.0 Lakevale Estates - 69.0 Hollin Hills
Hollin Hills,Week5,Mansion House,Week4,284.0 Mansion House - 111.0 Hollin Hills
Hollin Hills,Week3,Mansion House,Week2,298.0 Mansion House - 104.0 Hollin Hills
Hollin Hills,Week1,Mansion House,Week2,295.0 Mansion House - 102.0 Hollin Hills
Hollin Meadows,Week5,Truro,Week3,291.0 Hollin Meadows - 111.0 Truro
Hollin Meadows,Week1,Burke Station,Week4,295.0 Hollin Meadows - 107.0 Burke Station
Hollin Hills,Week5,Long Branch,Week3,273.5 Long Branch - 127.5 Hollin Hills
Hollin Hills,Week1,South Run,Week3,307.0 South Run - 94.0 Hollin Hills
Hollin Meadows,Week1,Broyhill Crest,Week3,358.0 Hollin Meadows - 44.0 Broyhill Crest
Holmes Run Acres,Week4,Dunn Loring,Week1,254.0 Dunn Loring - 148.0 Holmes Run Acres
Hollin Meadows,Week4,Tuckahoe,Week2,332.0 Tuckahoe - 70.0 Hollin Meadows
Hollin Hills,Week4,Mansion House,Week5,325.0 Mansion House - 75.0 Hollin Hills
Hollin Meadows,Week5,Donaldson Run,Week1,255.0 Donaldson Run - 147.0 Hollin Meadows
Hollin Meadows,Week5,Truro,Week2,293.0 Hollin Meadows - 109.0 Truro
Hollin Hills,Week2,Lakevale Estates,Week3,330.0 Lakevale Estates - 72.0 Hollin Hills
Hollin Meadows,Week4,Broyhill Crest,Week4,349.0 Hollin Meadows - 53.0 Broyhill Crest
Hollin Hills,Week3,South Run,Week1,293.0 South Run - 100.0 Hollin Hills
Hollin Hills,Week1,Mantua,Week2,345.0 Mantua - 56.0 Hollin Hills
Holmes Run Acres,Week4,Dunn Loring,Week4,281.5 Dunn Loring - 120.5 Holmes Run Acres
Hollin Meadows,Week4,Donaldson Run,Week1,267.0 Donaldson Run - 135.0 Hollin Meadows
Holmes Run Acres,Week4,Dowden Terrace,Week5,245.0 Dowden Terrace - 157.0 Holmes Run Acres
Hollin Meadows,Week5,Broyhill Crest,Week4,366.0 Hollin Meadows - 36.0 Broyhill Crest
Hollin Meadows,Week5,Truro,Week4,281.0 Hollin Meadows - 121.0 Truro
Hollin Hills,Week2,Lakevale Estates,Week4,342.0 Lakevale Estates - 60.0 Hollin Hills
Hollin Hills,Week4,Mansion House,Week2,309.0 Mansion House - 92.0 Hollin Hills
Hollin Meadows,Week3,Broyhill Crest,Week5,351.0 Hollin Meadows - 50.0 Broyhill Crest
Hollin Hills,Week3,South Run,Week2,277.0 South Run - 124.0 Hollin Hills
Hollin Meadows,Week4,Donaldson Run,Week4,296.0 Donaldson Run - 106.0 Hollin Meadows
Hollin Hills,Week1,Lakevale Estates,Week4,342.0 Lakevale Estates - 60.0 Hollin Hills
Hollin Meadows,Week4,Truro,Week2,280.0 Hollin Meadows - 122.0 Truro
Holmes Run Acres,Week5,Dowden Terrace,Week1,249.0 Holmes Run Acres - 153.0 Dowden Terrace
Hollin Hills,Week5,Lake Braddock,Week3,219.0 Lake Braddock - 180.0 Hollin Hills
Hollin Meadows,Week2,Tuckahoe,Week3,335.0 Tuckahoe - 67.0 Hollin Meadows
Hollin Hills,Week2,South Run,Week5,311.0 South Run - 91.0 Hollin Hills
Hollin Meadows,Week5,Donaldson Run,Week2,266.0 Donaldson Run - 136.0 Hollin Meadows
Hollin Hills,Week4,Mansion House,Week3,327.0 Mansion House - 74.0 Hollin Hills
Hollin Meadows,Week3,Truro,Week5,262.0 Hollin Meadows - 140.0 Truro
Hollin Hills,Week4,Lake Braddock,Week4,220.0 Lake Braddock - 176.0 Hollin Hills
Hollin Meadows,Week5,Donaldson Run,Week4,270.0 Donaldson Run - 132.0 Hollin Meadows
Hollin Meadows,Week4,Broyhill Crest,Week3,361.0 Hollin Meadows - 41.0 Broyhill Crest
Hollin Meadows,Week5,Broyhill Crest,Week3,375.0 Hollin Meadows - 27.0 Broyhill Crest
Hollin Meadows,Week5,Broyhill Crest,Week2,371.0 Hollin Meadows - 31.0 Broyhill Crest
Holmes Run Acres,Week4,Dunn Loring,Week2,279.0 Dunn Loring - 123.0 Holmes Run Acres
Hollin Meadows,Week1,Dowden Terrace,Week1,224.0 Hollin Meadows - 177.0 Dowden Terrace
Holmes Run Acres,Week1,Dunn Loring,Week1,263.0 Dunn Loring - 139.0 Holmes Run Acres
Hollin Hills,Week1,Mansion House,Week4,294.0 Mansion House - 107.0 Hollin Hills
Hollin Hills,Week3,Lakevale Estates,Week1,326.0 Lakevale Estates - 76.0 Hollin Hills
Hollin Meadows,Week1,Dowden Terrace,Week3,224.0 Hollin Meadows - 178.0 Dowden Terrace
Hollin Hills,Week3,South Run,Week5,301.0 South Run - 101.0 Hollin Hills
Hollin Hills,Week5,Lakevale Estates,Week3,322.0 Lakevale Estates - 75.0 Hollin Hills
Holmes Run Acres,Week4,Dowden Terrace,Week3,204.0 Holmes Run Acres - 198.0 Dowden Terrace
Hollin Meadows,Week2,Tuckahoe,Week2,330.0 Tuckahoe - 72.0 Hollin Meadows
Hollin Hills,Week2,Mansion House,Week3,317.0 Mansion House - 85.0 Hollin Hills
Hollin Hills,Week2,Lakevale Estates,Week5,342.0 Lakevale Estates - 60.0 Hollin Hills
Hollin Hills,Week3,Mansion House,Week4,293.0 Mansion House - 108.0 Hollin Hills
Holmes Run Acres,Week1,Dunn Loring,Week4,295.0 Dunn Loring - 107.0 Holmes Run Acres
Hollin Meadows,Week1,Dowden Terrace,Week4,227.0 Hollin Meadows - 175.0 Dowden Terrace
Hollin Hills,Week2,South Run,Week2,274.0 South Run - 126.0 Hollin Hills
Hollin Meadows,Week2,Tuckahoe,Week1,311.5 Tuckahoe - 90.5 Hollin Meadows
Hollin Hills,Week3,Mantua,Week2,332.0 Mantua - 69.0 Hollin Hills
Hollin Hills,Week3,South Run,Week4,283.0 South Run - 117.0 Hollin Hills
Hollin Meadows,Week1,Tuckahoe,Week5,306.0 Tuckahoe - 96.0 Hollin Meadows
Hollin Meadows,Week5,Broyhill Crest,Week5,358.5 Hollin Meadows - 43.5 Broyhill Crest
Hollin Hills,Week3,South Run,Week3,292.0 South Run - 110.0 Hollin Hills
Holmes Run Acres,Week2,Dunn Loring,Week4,303.0 Dunn Loring - 99.0 Holmes Run Acres
Hollin Hills,Week1,Mansion House,Week1,310.0 Mansion House - 92.0 Hollin Hills
Hollin Meadows,Week2,Dowden Terrace,Week2,205.5 Dowden Terrace - 196.5 Hollin Meadows
Holmes Run Acres,Week5,Dowden Terrace,Week5,205.0 Holmes Run Acres - 197.0 Dowden Terrace
Hollin Meadows,Week2,Burke Station,Week2,276.0 Hollin Meadows - 126.0 Burke Station
Hollin Meadows,Week3,Tuckahoe,Week4,336.0 Tuckahoe - 66.0 Hollin Meadows
Hollin Hills,Week4,South Run,Week1,286.0 South Run - 103.0 Hollin Hills
Hollin Hills,Week2,Fox Mill Woods,Week4,329.0 Fox Mill Woods - 73.0 Hollin Hills
Hollin Hills,Week4,Lakeview,Week1,203.0 Lakeview - 198.0 Hollin Hills
Hollin Meadows,Week1,Burke Station,Week5,269.0 Hollin Meadows - 133.0 Burke Station
Holmes Run Acres,Week2,Dunn Loring,Week2,290.0 Dunn Loring - 112.0 Holmes Run Acres
Hollin Hills,Week4,South Run,Week3,298.0 South Run - 100.0 Hollin Hills
Hollin Meadows,Week1,Tuckahoe,Week1,296.0 Tuckahoe - 106.0 Hollin Meadows
Hollin Hills,Week1,Fox Mill Woods,Week4,339.0 Fox Mill Woods - 63.0 Hollin Hills
Hollin Hills,Week2,Lakeview,Week4,241.0 Lakeview - 160.0 Hollin Hills
Hollin Meadows,Week2,Burke Station,Week1,211.0 Hollin Meadows - 168.0 Burke Station
Hollin Hills,Week2,Lakeview,Week2,215.0 Lakeview - 181.0 Hollin Hills
Hollin Hills,Week4,South Run,Week2,276.0 South Run - 120.0 Hollin Hills
Hollin Hills,Week5,South Run,Week1,287.0 South Run - 106.0 Hollin Hills
Holmes Run Acres,Week5,Dowden Terrace,Week2,235.0 Holmes Run Acres - 167.0 Dowden Terrace
Hollin Meadows,Week4,Broyhill Crest,Week5,347.0 Hollin Meadows - 55.0 Broyhill Crest
Hollin Hills,Week4,Long Branch,Week5,285.0 Long Branch - 115.0 Hollin Hills
Hollin Hills,Week5,Lakevale Estates,Week4,331.0 Lakevale Estates - 71.0 Hollin Hills
Hollin Hills,Week3,Mansion House,Week3,317.0 Mansion House - 85.0 Hollin Hills
Holmes Run Acres,Week5,Dowden Terrace,Week3,246.0 Holmes Run Acres - 156.0 Dowden Terrace
Hollin Hills,Week2,Lakeview,Week1,205.0 Lakeview - 195.0 Hollin Hills
Hollin Meadows,Week2,Dowden Terrace,Week1,201.0 Dowden Terrace - 201.0 Hollin Meadows
Hollin Meadows,Week3,Tuckahoe,Week1,308.0 Tuckahoe - 94.0 Hollin Meadows
Hollin Hills,Week4,South Run,Week5,311.0 South Run - 91.0 Hollin Hills
Hollin Meadows,Week4,Tuckahoe,Week1,309.0 Tuckahoe - 93.0 Hollin Meadows
Hollin Hills,Week2,Mansion House,Week1,317.0 Mansion House - 85.0 Hollin Hills
Hollin Meadows,Week4,Broyhill Crest,Week1,356.0 Hollin Meadows - 46.0 Broyhill Crest
Hollin Meadows,Week2,Dowden Terrace,Week4,207.0 Hollin Meadows - 195.0 Dowden Terrace
Hollin Meadows,Week3,Tuckahoe,Week3,340.0 Tuckahoe - 62.0 Hollin Meadows
Hollin Hills,Week2,Fox Mill Woods,Week5,342.5 Fox Mill Woods - 59.5 Hollin Hills
Holmes Run Acres,Week1,Dunn Loring,Week3,296.0 Dunn Loring - 106.0 Holmes Run Acres
Hollin Hills,Week5,Long Branch,Week1,259.0 Long Branch - 136.0 Hollin Hills
Hollin Hills,Week4,South Run,Week4,276.0 South Run - 117.0 Hollin Hills
Holmes Run Acres,Week2,Dunn Loring,Week3,309.0 Dunn Loring - 93.0 Holmes Run Acres
Hollin Meadows,Week2,Dowden Terrace,Week3,204.0 Hollin Meadows - 198.0 Dowden Terrace
Hollin Hills,Week3,Lakeview,Week4,239.0 Lakeview - 163.0 Hollin Hills
Hollin Hills,Week1,Fox Mill Woods,Week5,336.0 Fox Mill Woods - 65.0 Hollin Hills
Hollin Hills,Week4,Mansion House,Week4,302.0 Mansion House - 95.0 Hollin Hills
Hollin Meadows,Week2,Tuckahoe,Week5,323.0 Tuckahoe - 79.0 Hollin Meadows
Hollin Meadows,Week2,Dowden Terrace,Week5,237.0 Dowden Terrace - 165.0 Hollin Meadows
Hollin Meadows,Week1,Dowden Terrace,Week5,211.0 Dowden Terrace - 191.0 Hollin Meadows
Hollin Meadows,Week2,Burke Station,Week3,236.0 Hollin Meadows - 161.0 Burke Station
Hollin Hills,Week1,South Run,Week5,312.0 South Run - 90.0 Hollin Hills
Hollin Hills,Week4,Mansion House,Week1,318.0 Mansion House - 84.0 Hollin Hills
Hollin Hills,Week3,Mansion House,Week1,302.0 Mansion House - 100.0 Hollin Hills
Hollin Hills,Week5,Lakevale Estates,Week2,325.0 Lakevale Estates - 77.0 Hollin Hills
Hollin Meadows,Week3,Broyhill Crest,Week4,353.0 Hollin Meadows - 45.0 Broyhill Crest
Hollin Meadows,Week5,Tuckahoe,Week1,308.0 Tuckahoe - 94.0 Hollin Meadows
Holmes Run Acres,Week3,Dunn Loring,Week2,253.0 Dunn Loring - 149.0 Holmes Run Acres
Hollin Meadows,Week3,Dowden Terrace,Week2,210.0 Hollin Meadows - 192.0 Dowden Terrace
Hollin Hills,Week2,South Run,Week1,294.0 South Run - 97.0 Hollin Hills
Hollin Hills,Week5,Fox Mill Estates,Week2,278.0 Fox Mill Estates - 123.0 Hollin Hills
Holmes Run Acres,Week4,Dunn Loring,Week5,298.0 Dunn Loring - 104.0 Holmes Run Acres
Holmes Run Acres,Week3,Dunn Loring,Week5,249.0 Dunn Loring - 153.0 Holmes Run Acres
Hollin Meadows,Week3,Broyhill Crest,Week1,357.0 Hollin Meadows - 41.0 Broyhill Crest
Hollin Meadows,Week3,Tuckahoe,Week2,324.0 Tuckahoe - 78.0 Hollin Meadows
Hollin Hills,Week1,Fox Mill Woods,Week2,339.0 Fox Mill Woods - 62.0 Hollin Hills
Hollin Hills,Week5,South Run,Week5,312.0 South Run - 90.0 Hollin Hills
Hollin Meadows,Week5,Broyhill Crest,Week1,368.0 Hollin Meadows - 33.0 Broyhill Crest
Hollin Meadows,Week3,Dowden Terrace,Week1,211.0 Hollin Meadows - 190.0 Dowden Terrace
Hollin Meadows,Week4,Tuckahoe,Week3,346.0 Tuckahoe - 56.0 Hollin Meadows
Hollin Hills,Week4,Lakeview,Week5,227.0 Lakeview - 163.0 Hollin Hills
Hollin Hills,Week5,Mansion House,Week3,312.0 Mansion House - 89.0 Hollin Hills
Hollin Meadows,Week4,Broyhill Crest,Week2,356.0 Hollin Meadows - 46.0 Broyhill Crest
Hollin Hills,Week1,Mantua,Week1,339.0 Mantua - 61.0 Hollin Hills
Hollin Hills,Week5,Mansion House,Week5,309.0 Mansion House - 93.0 Hollin Hills
Hollin Hills,Week5,Lakeview,Week3,205.0 Lakeview - 197.0 Hollin Hills
Hollin Hills,Week4,Lakeview,Week2,211.0 Lakeview - 189.0 Hollin Hills
Hollin Hills,Week1,Springboard,Week1,252.0 Springboard - 147.0 Hollin Hills
Hollin Meadows,Week1,Burke Station,Week1,239.0 Hollin Meadows - 138.0 Burke Station
Hollin Hills,Week5,Mansion House,Week1,302.5 Mansion House - 94.5 Hollin Hills
Hollin Hills,Week2,Springboard,Week5,258.0 Springboard - 140.0 Hollin Hills
Holmes Run Acres,Week1,Fair Oaks ,Week4,219.0 Fair Oaks - 183.0 Holmes Run Acres
Hollin Meadows,Week2,Burke Station,Week4,273.0 Hollin Meadows - 129.0 Burke Station
Hollin Meadows,Week5,Tuckahoe,Week4,333.0 Tuckahoe - 69.0 Hollin Meadows
Hollin Meadows,Week5,Tuckahoe,Week5,316.0 Tuckahoe - 86.0 Hollin Meadows
Hollin Meadows,Week3,Broyhill Crest,Week3,360.0 Hollin Meadows - 38.0 Broyhill Crest
Hollin Meadows,Week1,Burke Station,Week2,316.0 Hollin Meadows - 84.0 Burke Station
Hollin Hills,Week5,Fox Mill Woods,Week1,337.0 Fox Mill Woods - 65.0 Hollin Hills
Hollin Hills,Week2,Springboard,Week2,224.0 Springboard - 169.0 Hollin Hills
Hollin Hills,Week1,Lakeview,Week3,229.0 Lakeview - 173.0 Hollin Hills
Holmes Run Acres,Week1,Fair Oaks ,Week5,233.0 Fair Oaks - 169.0 Holmes Run Acres
Hollin Hills,Week5,South Run,Week3,293.0 South Run - 108.0 Hollin Hills
Hollin Hills,Week3,Lakeview,Week2,206.0 Lakeview - 195.0 Hollin Hills
Holmes Run Acres,Week5,Dunn Loring,Week1,221.0 Dunn Loring - 181.0 Holmes Run Acres
Hollin Hills,Week5,Lakeview,Week2,204.0 Hollin Hills - 194.0 Lakeview
Hollin Hills,Week3,Fox Mill Woods,Week1,346.0 Fox Mill Woods - 56.0 Hollin Hills
Hollin Hills,Week4,Fox Mill Woods,Week1,344.0 Fox Mill Woods - 58.0 Hollin Hills
Hollin Hills,Week2,Fox Mill Woods,Week2,337.0 Fox Mill Woods - 64.0 Hollin Hills
Holmes Run Acres,Week5,Dunn Loring,Week5,264.0 Dunn Loring - 138.0 Holmes Run Acres
Hollin Meadows,Week1,Vienna Aquatic,Week3,272.0 Vienna Aquatic - 130.0 Hollin Meadows
Holmes Run Acres,Week5,Dunn Loring,Week3,257.0 Dunn Loring - 145.0 Holmes Run Acres
Hollin Hills,Week5,Mansion House,Week2,285.0 Mansion House - 112.0 Hollin Hills
Hollin Meadows,Week2,Vienna Aquatic,Week3,290.0 Vienna Aquatic - 112.0 Hollin Meadows
Hollin Hills,Week3,Fox Mill Woods,Week4,343.5 Fox Mill Woods - 58.5 Hollin Hills
Hollin Hills,Week5,Springboard,Week5,241.0 Springboard - 158.0 Hollin Hills
Hollin Hills,Week5,Fox Mill Estates,Week3,267.0 Fox Mill Estates - 135.0 Hollin Hills
Hollin Meadows,Week4,Vienna Aquatic,Week5,306.0 Vienna Aquatic - 96.0 Hollin Meadows
Hollin Hills,Week1,Fox Mill Woods,Week3,334.0 Fox Mill Woods - 68.0 Hollin Hills
Hollin Hills,Week5,South Run,Week4,285.0 South Run - 110.0 Hollin Hills
Hollin Meadows,Week5,Vienna Aquatic,Week4,269.0 Vienna Aquatic - 133.0 Hollin Meadows
Hollin Meadows,Week3,Vienna Aquatic,Week1,269.0 Vienna Aquatic - 133.0 Hollin Meadows
Hollin Hills,Week2,Fox Mill Woods,Week1,344.0 Fox Mill Woods - 58.0 Hollin Hills
Hollin Hills,Week1,Mantua,Week3,362.0 Mantua - 39.0 Hollin Hills
Hollin Hills,Week4,Fox Mill Woods,Week3,336.0 Fox Mill Woods - 66.0 Hollin Hills
Hollin Hills,Week2,Mantua,Week4,345.0 Mantua - 57.0 Hollin Hills
Hollin Hills,Week5,Fox Mill Estates,Week4,291.0 Fox Mill Estates - 110.0 Hollin Hills
Hollin Hills,Week1,Lakeview,Week2,217.0 Lakeview - 183.0 Hollin Hills
Holmes Run Acres,Week3,Fair Oaks ,Week3,212.0 Fair Oaks - 190.0 Holmes Run Acres
Holmes Run Acres,Week2,Fair Oaks ,Week2,209.0 Holmes Run Acres - 193.0 Fair Oaks
Hollin Meadows,Week3,Vienna Aquatic,Week3,292.0 Vienna Aquatic - 110.0 Hollin Meadows
Hollin Hills,Week5,Fox Mill Woods,Week2,329.0 Fox Mill Woods - 73.0 Hollin Hills
Hollin Meadows,Week1,Vienna Aquatic,Week5,282.0 Vienna Aquatic - 120.0 Hollin Meadows
Hollin Hills,Week5,South Run,Week2,274.0 South Run - 122.0 Hollin Hills
Hollin Hills,Week1,Lakeview,Week5,233.0 Lakeview - 159.0 Hollin Hills
Holmes Run Acres,Week3,Fair Oaks ,Week2,251.0 Holmes Run Acres - 151.0 Fair Oaks
Holmes Run Acres,Week2,Fair Oaks ,Week1,220.0 Fair Oaks - 182.0 Holmes Run Acres
Hollin Hills,Week4,Lakevale Estates,Week4,351.0 Lakevale Estates - 50.0 Hollin Hills
Hollin Hills,Week2,Fox Mill Woods,Week3,335.0 Fox Mill Woods - 67.0 Hollin Hills
Hollin Hills,Week3,Springboard,Week4,255.0 Springboard - 145.0 Hollin Hills
Holmes Run Acres,Week2,Fair Oaks ,Week3,225.0 Fair Oaks - 177.0 Holmes Run Acres
Hollin Hills,Week2,Mantua,Week2,332.0 Mantua - 66.0 Hollin Hills
Hollin Meadows,Week5,Vienna Aquatic,Week3,275.5 Vienna Aquatic - 126.5 Hollin Meadows
Hollin Hills,Week3,Mansion House,Week5,320.0 Mansion House - 82.0 Hollin Hills
Hollin Hills,Week1,Mantua,Week5,362.0 Mantua - 40.0 Hollin Hills
Hollin Hills,Week3,Mantua,Week1,336.0 Mantua - 64.0 Hollin Hills
Hollin Hills,Week1,Lakeview,Week4,241.0 Lakeview - 161.0 Hollin Hills
Hollin Hills,Week2,Springboard,Week1,248.0 Springboard - 144.0 Hollin Hills
Hollin Meadows,Week1,Vienna Aquatic,Week2,255.0 Vienna Aquatic - 147.0 Hollin Meadows
Hollin Hills,Week3,Lakevale Estates,Week3,338.0 Lakevale Estates - 64.0 Hollin Hills
Hollin Hills,Week5,Lakevale Estates,Week5,344.0 Lakevale Estates - 58.0 Hollin Hills
Hollin Hills,Week4,Springboard,Week3,243.0 Springboard - 152.0 Hollin Hills
Hollin Hills,Week3,Springboard,Week5,264.0 Springboard - 137.0 Hollin Hills
Hollin Meadows,Week4,Vienna Aquatic,Week1,276.0 Vienna Aquatic - 126.0 Hollin Meadows
Hollin Hills,Week3,Lakevale Estates,Week4,350.0 Lakevale Estates - 52.0 Hollin Hills
Holmes Run Acres,Week3,Fair Oaks ,Week4,228.0 Holmes Run Acres - 174.0 Fair Oaks
Hollin Meadows,Week1,Burke Station,Week3,267.0 Hollin Meadows - 130.0 Burke Station
Hollin Hills,Week5,Fox Mill Estates,Week5,287.0 Fox Mill Estates - 115.0 Hollin Hills
Hollin Hills,Week5,Lakevale Estates,Week1,318.0 Lakevale Estates - 84.0 Hollin Hills
Hollin Hills,Week2,Springboard,Week4,250.0 Springboard - 144.0 Hollin Hills
Holmes Run Acres,Week2,Fair Oaks ,Week4,214.0 Fair Oaks - 188.0 Holmes Run Acres
Hollin Hills,Week2,Mantua,Week5,359.0 Mantua - 42.0 Hollin Hills
Holmes Run Acres,Week4,Fair Oaks ,Week1,203.0 Fair Oaks - 199.0 Holmes Run Acres
Holmes Run Acres,Week3,Fair Oaks ,Week5,203.0 Fair Oaks - 199.0 Holmes Run Acres
Hollin Meadows,Week2,Vienna Aquatic,Week5,306.0 Vienna Aquatic - 96.0 Hollin Meadows
Hollin Hills,Week4,Springboard,Week2,213.0 Springboard - 178.0 Hollin Hills
Hollin Hills,Week1,Springboard,Week3,245.0 Springboard - 155.0 Hollin Hills
Hollin Hills,Week4,Fox Mill Woods,Week4,341.0 Fox Mill Woods - 61.0 Hollin Hills
Holmes Run Acres,Week3,Fair Oaks ,Week1,225.0 Holmes Run Acres - 177.0 Fair Oaks
Hollin Hills,Week2,Mantua,Week3,362.0 Mantua - 39.0 Hollin Hills
Hollin Hills,Week3,Fox Mill Woods,Week3,338.0 Fox Mill Woods - 64.0 Hollin Hills
Hollin Hills,Week3,Fox Mill Woods,Week5,343.0 Fox Mill Woods - 59.0 Hollin Hills
Holmes Run Acres,Week1,Fair Oaks ,Week2,215.0 Holmes Run Acres - 187.0 Fair Oaks
Hollin Hills,Week3,Springboard,Week3,258.0 Springboard - 142.0 Hollin Hills
Hollin Hills,Week4,Fox Mill Woods,Week2,339.0 Fox Mill Woods - 62.0 Hollin Hills
Hollin Meadows,Week5,Vienna Aquatic,Week5,289.0 Vienna Aquatic - 113.0 Hollin Meadows
Hollin Hills,Week4,Lakevale Estates,Week1,335.0 Lakevale Estates - 67.0 Hollin Hills
Hollin Hills,Week3,Springboard,Week2,225.0 Springboard - 174.0 Hollin Hills
Hollin Meadows,Week5,Vienna Aquatic,Week1,284.0 Vienna Aquatic - 118.0 Hollin Meadows
Hollin Meadows,Week3,Vienna Aquatic,Week4,275.0 Vienna Aquatic - 127.0 Hollin Meadows
Hollin Hills,Week3,Lakevale Estates,Week5,349.0 Lakevale Estates - 53.0 Hollin Hills
Hollin Hills,Week4,Lakevale Estates,Week5,342.0 Lakevale Estates - 59.0 Hollin Hills
Hollin Hills,Week1,Springboard,Week4,250.0 Springboard - 147.0 Hollin Hills
Hollin Meadows,Week3,Vienna Aquatic,Week5,289.0 Vienna Aquatic - 113.0 Hollin Meadows
Hollin Hills,Week1,Fox Mill Woods,Week1,343.0 Fox Mill Woods - 59.0 Hollin Hills
Hollin Meadows,Week5,Vienna Aquatic,Week2,267.0 Vienna Aquatic - 135.0 Hollin Meadows
Hollin Hills,Week1,Lakeview,Week1,213.0 Lakeview - 188.0 Hollin Hills
Hollin Hills,Week3,Springboard,Week1,261.0 Springboard - 138.0 Hollin Hills
Hollin Hills,Week4,Lakevale Estates,Week3,335.0 Lakevale Estates - 67.0 Hollin Hills
Hollin Hills,Week2,Lakeview,Week3,228.0 Lakeview - 173.0 Hollin Hills
Hollin Meadows,Week1,Vienna Woods,Week1,287.0 Vienna Woods - 115.0 Hollin Meadows
Hollin Hills,Week1,Springboard,Week5,260.0 Springboard - 140.0 Hollin Hills
Hollin Hills,Week3,Lakeview,Week1,209.0 Lakeview - 192.0 Hollin Hills
Holmes Run Acres,Week4,Fair Oaks ,Week2,223.0 Holmes Run Acres - 179.0 Fair Oaks
Hollin Hills,Week3,Fox Mill Woods,Week2,342.0 Fox Mill Woods - 60.0 Hollin Hills
Hollin Hills,Week4,Springboard,Week5,244.0 Springboard - 148.0 Hollin Hills
Hollin Hills,Week1,Springboard,Week2,227.0 Springboard - 165.0 Hollin Hills
Hollin Hills,Week4,Fox Mill Woods,Week5,336.0 Fox Mill Woods - 62.0 Hollin Hills
Hollin Hills,Week5,Springboard,Week2,198.0 Hollin Hills - 193.0 Springboard
Hollin Hills,Week4,Springboard,Week4,252.0 Springboard - 140.0 Hollin Hills
Holmes Run Acres,Week1,Fair Oaks ,Week3,225.0 Fair Oaks - 177.0 Holmes Run Acres
Hollin Hills,Week2,Lakeview,Week5,236.0 Lakeview - 151.0 Hollin Hills
Hollin Hills,Week5,Springboard,Week1,229.0 Springboard - 166.0 Hollin Hills
Hollin Hills,Week4,Lakeview,Week3,230.0 Lakeview - 171.0 Hollin Hills
Holmes Run Acres,Week2,Fair Oaks ,Week5,229.0 Fair Oaks - 173.0 Holmes Run Acres
Hollin Meadows,Week3,Vienna Aquatic,Week2,275.0 Vienna Aquatic - 127.0 Hollin Meadows
Hollin Hills,Week4,Lakevale Estates,Week2,342.0 Lakevale Estates - 60.0 Hollin Hills
Hollin Meadows,Week2,Vienna Aquatic,Week4,279.0 Vienna Aquatic - 123.0 Hollin Meadows
Hollin Hills,Week3,Lakeview,Week5,231.0 Lakeview - 161.0 Hollin Hills
Hollin Meadows,Week1,Vienna Woods,Week2,291.0 Vienna Woods - 111.0 Hollin Meadows
Hollin Hills,Week5,Springboard,Week3,230.0 Springboard - 166.0 Hollin Hills
Hollin Meadows,Week1,Vienna Aquatic,Week4,261.0 Vienna Aquatic - 141.0 Hollin Meadows
Hollin Meadows,Week2,Vienna Aquatic,Week2,282.0 Vienna Aquatic - 120.0 Hollin Meadows
Hollin Hills,Week4,Lakeview,Week4,241.0 Lakeview - 161.0 Hollin Hills
Hollin Hills,Week3,Lakeview,Week3,228.0 Lakeview - 174.0 Hollin Hills
Hollin Meadows,Week4,Vienna Aquatic,Week4,270.0 Vienna Aquatic - 132.0 Hollin Meadows
Hollin Hills,Week4,Springboard,Week1,246.0 Springboard - 145.0 Hollin Hills
Hollin Meadows,Week3,Rolling Hills,Week4,244.0 Hollin Meadows - 157.0 Rolling Hills
Hollin Meadows,Week2,Rolling Hills,Week2,215.5 Hollin Meadows - 186.5 Rolling Hills
Hollin Meadows,Week3,Rolling Hills,Week1,239.0 Hollin Meadows - 163.0 Rolling Hills
Hollin Hills,Week1,Kings Ridge ,Week2,248.0 Kings Ridge - 151.0 Hollin Hills
Hollin Hills,Week4,Kent Gardens,Week2,295.0 Kent Gardens - 105.0 Hollin Hills
Hollin Hills,Week5,Springboard,Week4,244.0 Springboard - 151.0 Hollin Hills
Hollin Meadows,Week4,Vienna Aquatic,Week2,267.0 Vienna Aquatic - 135.0 Hollin Meadows
Hollin Hills,Week2,Kings Ridge ,Week4,260.0 Kings Ridge - 141.0 Hollin Hills
Hollin Hills,Week1,Stratford,Week1,252.0 Stratford - 149.0 Hollin Hills
Hollin Hills,Week5,Springfield,Week4,255.0 Hollin Hills - 124.0 Springfield
Hollin Meadows,Week1,Rolling Hills,Week5,261.0 Hollin Meadows - 141.0 Rolling Hills
Hollin Hills,Week4,Kings Ridge ,Week1,240.0 Kings Ridge - 161.0 Hollin Hills
Hollin Meadows,Week1,Rolling Hills,Week2,232.0 Hollin Meadows - 170.0 Rolling Hills
Hollin Hills,Week3,Springfield,Week4,269.0 Hollin Hills - 129.0 Springfield
Hollin Hills,Week3,Kings Ridge ,Week3,245.0 Kings Ridge - 153.0 Hollin Hills
Hollin Meadows,Week5,Rolling Hills,Week2,252.0 Hollin Meadows - 150.0 Rolling Hills
Hollin Hills,Week1,Stratford,Week5,274.0 Stratford - 127.0 Hollin Hills
Hollin Meadows,Week5,Rolling Forest,Week1,236.0 Hollin Meadows - 166.0 Rolling Forest
Hollin Hills,Week4,Springfield,Week1,262.0 Hollin Hills - 122.0 Springfield
Hollin Hills,Week1,Springfield,Week1,261.0 Hollin Hills - 124.0 Springfield
Hollin Meadows,Week2,Rolling Hills,Week3,213.0 Hollin Meadows - 189.0 Rolling Hills
Hollin Hills,Week4,Kent Gardens,Week4,293.0 Kent Gardens - 108.0 Hollin Hills
Hollin Hills,Week1,Springfield,Week5,272.0 Hollin Hills - 105.0 Springfield
Hollin Hills,Week3,Springfield,Week3,295.0 Hollin Hills - 99.0 Springfield
Hollin Hills,Week1,Stratford,Week3,271.0 Stratford - 131.0 Hollin Hills
Hollin Hills,Week1,Lake Braddock,Week4,247.0 Lake Braddock - 153.0 Hollin Hills
Hollin Hills,Week2,Springfield,Week5,268.0 Hollin Hills - 105.0 Springfield
Hollin Hills,Week2,Kings Ridge ,Week2,246.0 Kings Ridge - 150.0 Hollin Hills
Hollin Meadows,Week2,Rolling Hills,Week5,240.0 Hollin Meadows - 162.0 Rolling Hills
Hollin Hills,Week1,Kings Ridge ,Week5,256.0 Kings Ridge - 144.0 Hollin Hills
Hollin Hills,Week4,Kent Gardens,Week5,324.0 Kent Gardens - 78.0 Hollin Hills
Hollin Meadows,Week4,Vienna Aquatic,Week3,287.0 Vienna Aquatic - 115.0 Hollin Meadows
Hollin Meadows,Week1,Rolling Hills,Week4,266.0 Hollin Meadows - 135.0 Rolling Hills
Hollin Hills,Week4,Springfield,Week3,278.0 Hollin Hills - 101.0 Springfield
Hollin Meadows,Week2,Vienna Aquatic,Week1,281.0 Vienna Aquatic - 121.0 Hollin Meadows
Hollin Hills,Week4,Springfield,Week5,288.0 Hollin Hills - 93.0 Springfield
Hollin Hills,Week2,Springboard,Week3,261.0 Springboard - 135.0 Hollin Hills
Hollin Meadows,Week5,Rolling Forest,Week5,217.0 Hollin Meadows - 185.0 Rolling Forest
Hollin Hills,Week5,Lakeview,Week1,207.0 Hollin Hills - 195.0 Lakeview
Hollin Hills,Week4,Kings Ridge ,Week2,233.0 Kings Ridge - 162.0 Hollin Hills
Hollin Hills,Week5,Kent Gardens,Week2,276.0 Kent Gardens - 122.0 Hollin Hills
Hollin Hills,Week1,Springfield,Week3,265.0 Hollin Hills - 119.0 Springfield
Hollin Meadows,Week4,Rolling Hills,Week3,235.0 Hollin Meadows - 167.0 Rolling Hills
Hollin Hills,Week2,Kings Ridge ,Week5,251.0 Kings Ridge - 150.0 Hollin Hills
Hollin Hills,Week2,Kings Ridge ,Week3,248.0 Kings Ridge - 143.0 Hollin Hills
Hollin Hills,Week3,Kings Ridge ,Week1,231.0 Kings Ridge - 171.0 Hollin Hills
Hollin Meadows,Week3,Rolling Hills,Week3,230.0 Hollin Meadows - 172.0 Rolling Hills
Hollin Hills,Week5,Kent Gardens,Week3,282.0 Kent Gardens - 115.0 Hollin Hills
Hollin Hills,Week4,Springfield,Week2,277.0 Hollin Hills - 99.0 Springfield
Hollin Hills,Week4,Kent Gardens,Week3,296.0 Kent Gardens - 104.0 Hollin Hills
Hollin Meadows,Week2,Rolling Hills,Week4,223.0 Hollin Meadows - 179.0 Rolling Hills
Hollin Hills,Week2,Springfield,Week3,272.0 Hollin Hills - 101.0 Springfield
Hollin Hills,Week5,Kent Gardens,Week4,271.0 Kent Gardens - 130.0 Hollin Hills
Hollin Meadows,Week5,Rolling Forest,Week2,251.0 Hollin Meadows - 151.0 Rolling Forest
Hollin Hills,Week3,Springfield,Week5,305.0 Hollin Hills - 88.0 Springfield
Hollin Hills,Week5,Kings Ridge ,Week5,241.0 Kings Ridge - 161.0 Hollin Hills
Hollin Meadows,Week2,Rolling Valley,Week5,276.0 Hollin Meadows - 126.0 Rolling Valley
Hollin Hills,Week2,Springfield,Week1,251.0 Hollin Hills - 123.0 Springfield
Hollin Hills,Week4,Springfield,Week4,260.0 Hollin Hills - 129.0 Springfield
Hollin Meadows,Week5,Rolling Forest,Week4,250.0 Hollin Meadows - 152.0 Rolling Forest
Hollin Meadows,Week1,Rolling Valley,Week4,296.5 Hollin Meadows - 105.5 Rolling Valley
Hollin Hills,Week1,Lake Braddock,Week3,237.0 Lake Braddock - 164.0 Hollin Hills
Hollin Hills,Week3,Kings Ridge ,Week2,233.0 Kings Ridge - 168.0 Hollin Hills
Hollin Meadows,Week5,Rolling Hills,Week3,245.0 Hollin Meadows - 157.0 Rolling Hills
Hollin Hills,Week2,Springfield,Week4,247.0 Hollin Hills - 140.0 Springfield
Hollin Hills,Week1,Kings Ridge ,Week1,253.0 Kings Ridge - 148.0 Hollin Hills
Hollin Hills,Week5,Kings Ridge ,Week1,238.0 Kings Ridge - 163.0 Hollin Hills
Hollin Hills,Week5,Kent Gardens,Week1,286.0 Kent Gardens - 112.0 Hollin Hills
Hollin Hills,Week2,Stratford,Week1,250.0 Stratford - 149.0 Hollin Hills
Hollin Hills,Week2,Kings Ridge ,Week1,247.0 Kings Ridge - 153.0 Hollin Hills
Hollin Hills,Week5,Springfield,Week5,274.0 Hollin Hills - 94.0 Springfield
Hollin Hills,Week3,Springfield,Week2,291.0 Hollin Hills - 102.0 Springfield
Hollin Hills,Week1,Kings Ridge ,Week3,261.5 Kings Ridge - 131.5 Hollin Hills
Hollin Hills,Week5,Kings Ridge ,Week3,233.0 Kings Ridge - 163.0 Hollin Hills
Hollin Hills,Week5,Springfield,Week2,259.0 Hollin Hills - 110.0 Springfield
Hollin Hills,Week3,Kings Ridge ,Week5,253.0 Kings Ridge - 148.0 Hollin Hills
Hollin Hills,Week4,Kings Ridge ,Week3,248.0 Kings Ridge - 144.0 Hollin Hills
Hollin Meadows,Week5,Rolling Forest,Week3,224.0 Hollin Meadows - 178.0 Rolling Forest
Hollin Hills,Week2,Springfield,Week2,264.0 Hollin Hills - 109.0 Springfield
Hollin Hills,Week5,Springfield,Week3,266.0 Hollin Hills - 108.0 Springfield
Hollin Hills,Week3,Springfield,Week1,285.0 Hollin Hills - 111.0 Springfield
Hollin Hills,Week1,Springfield,Week4,243.0 Hollin Hills - 144.0 Springfield
Hollin Meadows,Week4,Rolling Hills,Week4,248.5 Hollin Meadows - 153.5 Rolling Hills
Hollin Meadows,Week4,Rolling Hills,Week1,239.0 Hollin Meadows - 163.0 Rolling Hills
Hollin Meadows,Week3,Rolling Hills,Week5,259.0 Hollin Meadows - 143.0 Rolling Hills
Hollin Hills,Week5,Springfield,Week1,250.0 Hollin Hills - 128.0 Springfield
Hollin Hills,Week3,Kings Ridge ,Week4,253.0 Kings Ridge - 149.0 Hollin Hills
Hollin Meadows,Week1,Rolling Valley,Week2,307.0 Hollin Meadows - 95.0 Rolling Valley
Hollin Meadows,Week1,Rolling Hills,Week3,252.0 Hollin Meadows - 150.0 Rolling Hills
Hollin Meadows,Week4,Rolling Hills,Week2,242.0 Hollin Meadows - 160.0 Rolling Hills
Hollin Hills,Week1,Stratford,Week4,287.0 Stratford - 115.0 Hollin Hills
Hollin Hills,Week1,Stratford,Week2,263.0 Stratford - 139.0 Hollin Hills
Hollin Hills,Week1,Springfield,Week2,272.0 Hollin Hills - 110.0 Springfield
Hollin Hills,Week5,Kent Gardens,Week5,309.0 Kent Gardens - 92.0 Hollin Hills
Hollin Meadows,Week3,Rolling Hills,Week2,241.0 Hollin Meadows - 161.0 Rolling Hills
Hollin Meadows,Week2,Rolling Hills,Week1,208.0 Hollin Meadows - 194.0 Rolling Hills
Hollin Meadows,Week1,Rolling Hills,Week1,240.0 Hollin Meadows - 162.0 Rolling Hills
Hollin Meadows,Week4,Rolling Forest,Week5,210.0 Hollin Meadows - 192.0 Rolling Forest
Hollin Hills,Week1,Kings Ridge ,Week4,264.5 Kings Ridge - 137.5 Hollin Hills
Hollin Meadows,Week1,Rolling Valley,Week3,295.0 Hollin Meadows - 107.0 Rolling Valley
Hollin Hills,Week2,Sully Station,Week4,333.0 Sully Station - 69.0 Hollin Hills
Hollin Meadows,Week5,Rolling Hills,Week5,269.0 Hollin Meadows - 133.0 Rolling Hills
Hollin Hills,Week2,Lake Braddock,Week1,207.0 Lake Braddock - 190.0 Hollin Hills
Hollin Meadows,Week5,Rolling Hills,Week4,268.0 Hollin Meadows - 134.0 Rolling Hills
Hollin Hills,Week2,Lake Braddock,Week2,229.0 Lake Braddock - 167.0 Hollin Hills
Hollin Hills,Week1,Lake Braddock,Week5,269.0 Lake Braddock - 131.0 Hollin Hills
Hollin Meadows,Week4,Rolling Valley,Week3,305.5 Hollin Meadows - 96.5 Rolling Valley
Hollin Meadows,Week2,Rolling Valley,Week4,269.0 Hollin Meadows - 133.0 Rolling Valley
Hollin Hills,Week5,Kings Ridge ,Week4,251.0 Kings Ridge - 150.0 Hollin Hills
Hollin Hills,Week4,Kings Ridge ,Week4,240.0 Kings Ridge - 161.0 Hollin Hills
Hollin Meadows,Week4,Rolling Hills,Week5,249.0 Hollin Meadows - 153.0 Rolling Hills
Hollin Meadows,Week1,Rolling Valley,Week1,329.0 Hollin Meadows - 73.0 Rolling Valley
Hollin Hills,Week2,Stratford,Week5,280.0 Stratford - 118.0 Hollin Hills
Hollin Hills,Week1,Sully Station,Week5,347.0 Sully Station - 51.0 Hollin Hills
Hollin Meadows,Week4,Rolling Valley,Week5,290.0 Hollin Meadows - 112.0 Rolling Valley
Hollin Meadows,Week1,Rolling Valley,Week5,299.0 Hollin Meadows - 103.0 Rolling Valley
Hollin Meadows,Week2,Rolling Valley,Week1,322.0 Hollin Meadows - 80.0 Rolling Valley
Hollin Hills,Week5,Stratford,Week3,249.0 Stratford - 153.0 Hollin Hills
Hollin Hills,Week5,Kings Ridge ,Week2,231.0 Kings Ridge - 167.0 Hollin Hills
Hollin Hills,Week1,Sully Station,Week2,326.0 Sully Station - 76.0 Hollin Hills
Hollin Hills,Week2,Stratford,Week3,262.0 Stratford - 140.0 Hollin Hills
Hollin Hills,Week1,Lake Braddock,Week2,236.0 Lake Braddock - 163.0 Hollin Hills
Hollin Hills,Week4,Stratford,Week5,270.0 Stratford - 131.0 Hollin Hills
Hollin Meadows,Week3,Rolling Valley,Week3,312.0 Hollin Meadows - 90.0 Rolling Valley
Hollin Hills,Week5,Stratford,Week4,268.0 Stratford - 133.0 Hollin Hills
Hollin Meadows,Week5,Rolling Hills,Week1,260.0 Hollin Meadows - 142.0 Rolling Hills
Hollin Hills,Week4,Sully Station,Week2,324.0 Sully Station - 78.0 Hollin Hills
Hollin Meadows,Week5,Rolling Valley,Week4,313.0 Hollin Meadows - 89.0 Rolling Valley
Hollin Hills,Week4,Stratford,Week1,244.0 Stratford - 156.0 Hollin Hills
Hollin Meadows,Week3,Rolling Valley,Week2,311.0 Hollin Meadows - 91.0 Rolling Valley
Hollin Hills,Week2,Lake Braddock,Week4,230.0 Lake Braddock - 167.0 Hollin Hills
Hollin Hills,Week2,Lake Braddock,Week3,223.0 Lake Braddock - 175.0 Hollin Hills
Hollin Hills,Week3,Sully Station,Week3,321.5 Sully Station - 80.5 Hollin Hills
Hollin Hills,Week4,Kings Ridge ,Week5,247.0 Kings Ridge - 154.0 Hollin Hills
Hollin Hills,Week2,Stratford,Week2,252.0 Stratford - 150.0 Hollin Hills
Hollin Meadows,Week2,Rolling Valley,Week2,280.0 Hollin Meadows - 117.0 Rolling Valley
Hollin Hills,Week2,Stratford,Week4,280.0 Stratford - 120.0 Hollin Hills
Hollin Hills,Week4,Stratford,Week3,262.0 Stratford - 139.0 Hollin Hills
Hollin Hills,Week3,Stratford,Week3,266.0 Stratford - 136.0 Hollin Hills
Hollin Hills,Week3,Stratford,Week1,235.0 Stratford - 167.0 Hollin Hills
Hollin Hills,Week1,Lake Braddock,Week1,225.0 Lake Braddock - 176.0 Hollin Hills
Hollin Meadows,Week3,Rolling Valley,Week1,335.0 Hollin Meadows - 67.0 Rolling Valley
Hollin Meadows,Week1,Rutherford,Week2,288.0 Hollin Meadows - 114.0 Rutherford
Hollin Hills,Week4,Sully Station,Week5,334.0 Sully Station - 64.0 Hollin Hills
Hollin Meadows,Week2,Rolling Valley,Week3,282.5 Hollin Meadows - 119.5 Rolling Valley
Hollin Hills,Week5,Stratford,Week1,230.0 Stratford - 172.0 Hollin Hills
Hollin Hills,Week2,Sully Station,Week2,326.0 Sully Station - 76.0 Hollin Hills
Hollin Meadows,Week1,Rutherford,Week3,274.0 Hollin Meadows - 128.0 Rutherford
Hollin Hills,Week2,Sully Station,Week3,339.0 Sully Station - 63.0 Hollin Hills
Hollin Meadows,Week4,Rolling Valley,Week1,343.0 Hollin Meadows - 59.0 Rolling Valley
Hollin Meadows,Week4,Rolling Valley,Week2,305.0 Hollin Meadows - 97.0 Rolling Valley
Hollin Meadows,Week5,Rolling Valley,Week1,345.0 Hollin Meadows - 57.0 Rolling Valley
Hollin Meadows,Week4,Rolling Valley,Week4,290.0 Hollin Meadows - 112.0 Rolling Valley
Hollin Hills,Week5,Stratford,Week5,255.0 Stratford - 143.0 Hollin Hills
Hollin Hills,Week3,Stratford,Week5,271.0 Stratford - 130.0 Hollin Hills
Hollin Hills,Week5,Stratford,Week2,235.0 Stratford - 162.0 Hollin Hills
Hollin Meadows,Week2,Rutherford,Week3,235.0 Hollin Meadows - 167.0 Rutherford
Hollin Meadows,Week2,Rutherford,Week1,257.0 Hollin Meadows - 145.0 Rutherford
Hollin Hills,Week1,Sully Station,Week3,336.0 Sully Station - 65.0 Hollin Hills
Hollin Meadows,Week1,Rutherford,Week1,281.0 Hollin Meadows - 120.0 Rutherford
Hollin Meadows,Week3,Rolling Valley,Week4,295.0 Hollin Meadows - 107.0 Rolling Valley
Hollin Meadows,Week1,Rutherford,Week5,270.0 Hollin Meadows - 132.0 Rutherford
Hollin Hills,Week3,Stratford,Week4,278.0 Stratford - 124.0 Hollin Hills
Hollin Hills,Week2,Sully Station,Week1,331.0 Sully Station - 66.0 Hollin Hills
Hollin Hills,Week4,Stratford,Week2,257.0 Stratford - 144.0 Hollin Hills
Hollin Meadows,Week3,Rolling Valley,Week5,296.0 Hollin Meadows - 106.0 Rolling Valley
Hollin Meadows,Week2,Shouse Village,Week1,222.0 Hollin Meadows - 180.0 Shouse Village
Hollin Hills,Week2,Sully Station II,Week2,341.0 Sully Station II - 60.0 Hollin Hills
Hollin Hills,Week3,Sully Station,Week2,313.0 Sully Station - 89.0 Hollin Hills
Hollin Meadows,Week2,Rutherford,Week4,239.5 Hollin Meadows - 162.5 Rutherford
Hollin Meadows,Week5,Rolling Valley,Week2,327.0 Hollin Meadows - 75.0 Rolling Valley
Hollin Meadows,Week4,Rutherford,Week5,265.0 Hollin Meadows - 137.0 Rutherford
Hollin Meadows,Week5,Rutherford,Week5,267.0 Hollin Meadows - 135.0 Rutherford
Hollin Meadows,Week3,Rutherford,Week3,277.0 Hollin Meadows - 125.0 Rutherford
Hollin Hills,Week1,Sully Station II,Week1,330.0 Sully Station II - 71.0 Hollin Hills
Hollin Hills,Week5,Sully Station,Week2,309.0 Sully Station - 88.0 Hollin Hills
Hollin Meadows,Week3,Shouse Village,Week2,220.0 Hollin Meadows - 182.0 Shouse Village
Hollin Meadows,Week5,Rolling Valley,Week3,319.0 Hollin Meadows - 83.0 Rolling Valley
Hollin Hills,Week4,Sully Station,Week3,338.0 Sully Station - 62.0 Hollin Hills
Hollin Meadows,Week3,Rutherford,Week2,290.0 Hollin Meadows - 112.0 Rutherford
Hollin Meadows,Week2,Shouse Village,Week5,218.0 Shouse Village - 184.0 Hollin Meadows
Hollin Hills,Week2,Sully Station,Week5,348.0 Sully Station - 50.0 Hollin Hills
Hollin Meadows,Week3,Rutherford,Week5,268.0 Hollin Meadows - 134.0 Rutherford
Hollin Hills,Week3,Sully Station,Week4,316.0 Sully Station - 86.0 Hollin Hills
Hollin Hills,Week4,Sully Station,Week1,330.0 Sully Station - 69.0 Hollin Hills
Hollin Meadows,Week2,Rutherford,Week2,269.0 Hollin Meadows - 133.0 Rutherford
Hollin Hills,Week3,Stratford,Week2,255.0 Stratford - 147.0 Hollin Hills
Hollin Hills,Week4,Stratford,Week4,277.0 Stratford - 124.0 Hollin Hills
Hollin Hills,Week4,Sully Station,Week4,330.0 Sully Station - 71.0 Hollin Hills
Hollin Hills,Week2,Sully Station II,Week1,330.0 Sully Station II - 72.0 Hollin Hills
Hollin Meadows,Week5,Rolling Valley,Week5,315.0 Hollin Meadows - 87.0 Rolling Valley
Hollin Meadows,Week1,Rutherford,Week4,269.0 Hollin Meadows - 133.0 Rutherford
Hollin Meadows,Week5,Rutherford,Week1,294.0 Hollin Meadows - 108.0 Rutherford
Hollin Hills,Week4,Sully Station II,Week4,329.0 Sully Station II - 73.0 Hollin Hills
Hollin Meadows,Week2,Rutherford,Week5,240.0 Hollin Meadows - 162.0 Rutherford
Hollin Hills,Week1,Sully Station,Week4,333.5 Sully Station - 68.5 Hollin Hills
Hollin Hills,Week3,Sully Station,Week1,317.0 Sully Station - 84.0 Hollin Hills
Hollin Hills,Week3,Sully Station,Week5,329.0 Sully Station - 72.0 Hollin Hills
Hollin Hills,Week1,Sully Station,Week1,338.0 Sully Station - 62.0 Hollin Hills
Hollin Hills,Week1,Sully Station II,Week2,342.0 Sully Station II - 59.0 Hollin Hills
Hollin Meadows,Week2,Sideburn Run,Week1,220.0 Sideburn Run - 182.0 Hollin Meadows
Hollin Meadows,Week4,Rutherford,Week1,298.0 Hollin Meadows - 104.0 Rutherford
Hollin Hills,Week1,Sully Station II,Week5,356.0 Sully Station II - 46.0 Hollin Hills
Hollin Meadows,Week1,Shouse Village,Week5,206.0 Shouse Village - 196.0 Hollin Meadows
Hollin Meadows,Week3,Rutherford,Week4,271.0 Hollin Meadows - 131.0 Rutherford
Hollin Meadows,Week5,Rutherford,Week3,275.0 Hollin Meadows - 127.0 Rutherford
Hollin Meadows,Week2,Shouse Village,Week2,209.0 Hollin Meadows - 193.0 Shouse Village
Hollin Meadows,Week4,Rutherford,Week3,270.0 Hollin Meadows - 132.0 Rutherford
Hollin Hills,Week5,Sully Station,Week3,316.0 Sully Station - 85.0 Hollin Hills
Hollin Hills,Week4,Sully Station II,Week1,334.0 Sully Station II - 67.0 Hollin Hills
Hollin Hills,Week5,Sully Station II,Week3,348.0 Sully Station II - 54.0 Hollin Hills
Hollin Hills,Week5,Sully Station,Week4,312.0 Sully Station - 90.0 Hollin Hills
Hollin Meadows,Week5,Rutherford,Week2,281.0 Hollin Meadows - 121.0 Rutherford
Hollin Hills,Week3,Sully Station II,Week1,326.0 Sully Station II - 76.0 Hollin Hills
Hollin Hills,Week5,Sully Station II,Week1,312.0 Sully Station II - 89.0 Hollin Hills
Hollin Hills,Week4,Sully Station II,Week3,352.0 Sully Station II - 50.0 Hollin Hills
Hollin Hills,Week1,Sully Station II,Week4,335.0 Sully Station II - 67.0 Hollin Hills
Hollin Meadows,Week5,Shouse Village,Week4,211.0 Shouse Village - 191.0 Hollin Meadows
Hollin Hills,Week2,Sully Station II,Week3,346.0 Sully Station II - 56.0 Hollin Hills
Hollin Meadows,Week4,Rutherford,Week4,271.0 Hollin Meadows - 131.0 Rutherford
Hollin Meadows,Week5,Rutherford,Week4,268.0 Hollin Meadows - 134.0 Rutherford
Hollin Hills,Week3,Sully Station II,Week2,337.0 Sully Station II - 65.0 Hollin Hills
Hollin Meadows,Week2,Shouse Village,Week4,226.0 Shouse Village - 176.0 Hollin Meadows
Hollin Meadows,Week3,Shouse Village,Week1,219.0 Hollin Meadows - 183.0 Shouse Village
Hollin Meadows,Week4,Rutherford,Week2,283.0 Hollin Meadows - 119.0 Rutherford
Hollin Hills,Week2,Sully Station II,Week5,350.0 Sully Station II - 52.0 Hollin Hills
Hollin Hills,Week1,Sully Station II,Week3,350.0 Sully Station II - 52.0 Hollin Hills
Hollin Meadows,Week2,Shouse Village,Week3,205.0 Shouse Village - 197.0 Hollin Meadows
Hollin Hills,Week4,Sully Station II,Week2,355.0 Sully Station II - 46.0 Hollin Hills
Hollin Meadows,Week1,Shouse Village,Week4,208.0 Shouse Village - 193.0 Hollin Meadows
Hollin Hills,Week5,Sully Station,Week1,320.0 Sully Station - 77.0 Hollin Hills
Hollin Hills,Week5,Sully Station II,Week4,312.0 Sully Station II - 90.0 Hollin Hills
Hollin Hills,Week2,Sully Station II,Week4,321.0 Sully Station II - 81.0 Hollin Hills
Hollin Meadows,Week1,Shouse Village,Week3,215.0 Hollin Meadows - 187.0 Shouse Village
Hollin Meadows,Week1,Shouse Village,Week1,215.0 Hollin Meadows - 187.0 Shouse Village
Hollin Hills,Week3,Sully Station II,Week3,355.0 Sully Station II - 47.0 Hollin Hills
Hollin Meadows,Week3,Rutherford,Week1,290.0 Hollin Meadows - 112.0 Rutherford
Hollin Hills,Week5,Sully Station,Week5,331.0 Sully Station - 70.0 Hollin Hills
Hollin Meadows,Week4,Shouse Village,Week4,223.0 Shouse Village - 179.0 Hollin Meadows
Hollin Hills,Week4,Sully Station II,Week5,358.0 Sully Station II - 44.0 Hollin Hills
Hollin Hills,Week3,Sully Station II,Week5,358.0 Sully Station II - 44.0 Hollin Hills
Hollin Meadows,Week1,Shouse Village,Week2,229.0 Hollin Meadows - 173.0 Shouse Village
Hollin Meadows,Week1,Sideburn Run,Week3,205.0 Hollin Meadows - 197.0 Sideburn Run
Hollin Meadows,Week5,Shouse Village,Week2,236.0 Hollin Meadows - 166.0 Shouse Village
Hollin Hills,Week3,Sully Station II,Week4,333.0 Sully Station II - 69.0 Hollin Hills
Hollin Hills,Week3,Truro,Week1,283.0 Truro - 118.0 Hollin Hills
Hollin Meadows,Week5,Shouse Village,Week5,203.0 Hollin Meadows - 199.0 Shouse Village
Hollin Hills,Week3,Truro,Week5,269.0 Truro - 130.0 Hollin Hills
Hollin Meadows,Week2,Sideburn Run,Week5,223.0 Sideburn Run - 179.0 Hollin Meadows
Hollin Meadows,Week4,Sideburn Run,Week2,212.0 Hollin Meadows - 190.0 Sideburn Run
Hollin Hills,Week2,Truro,Week4,277.0 Truro - 119.0 Hollin Hills
Hollin Meadows,Week5,Shouse Village,Week1,230.0 Hollin Meadows - 172.0 Shouse Village
Hollin Hills,Week5,Sully Station II,Week5,354.0 Sully Station II - 48.0 Hollin Hills
Hollin Meadows,Week3,Shouse Village,Week4,218.0 Shouse Village - 184.0 Hollin Meadows
Hollin Meadows,Week3,Sideburn Run,Week5,217.0 Sideburn Run - 185.0 Hollin Meadows
Hollin Meadows,Week3,Shouse Village,Week3,203.0 Hollin Meadows - 199.0 Shouse Village
Hollin Meadows,Week1,Sideburn Run,Week2,227.0 Hollin Meadows - 175.0 Sideburn Run
Hollin Hills,Week4,Truro,Week3,263.0 Truro - 137.0 Hollin Hills
Hollin Meadows,Week4,Sideburn Run,Week1,212.0 Sideburn Run - 190.0 Hollin Meadows
Hollin Hills,Week2,Truro,Week1,279.0 Truro - 121.0 Hollin Hills
Hollin Hills,Week5,Sully Station II,Week2,336.0 Sully Station II - 66.0 Hollin Hills
Hollin Hills,Week3,Truro,Week4,287.0 Truro - 114.0 Hollin Hills
Hollin Hills,Week1,Truro,Week5,279.0 Truro - 119.0 Hollin Hills
Hollin Meadows,Week4,Shouse Village,Week2,213.0 Hollin Meadows - 189.0 Shouse Village
Hollin Hills,Week2,Truro,Week3,274.0 Truro - 126.0 Hollin Hills
Hollin Hills,Week1,Truro,Week4,282.0 Truro - 118.0 Hollin Hills
Hollin Hills,Week2,Truro,Week2,263.0 Truro - 125.0 Hollin Hills
Hollin Hills,Week1,Hayfield Farm,Week2,311.0 Hayfield Farm - 91.0 Hollin Hills
Hollin Hills,Week4,Truro,Week5,263.0 Truro - 128.0 Hollin Hills
Hollin Hills,Week4,Hayfield Farm,Week1,306.0 Hayfield Farm - 96.0 Hollin Hills
Hollin Meadows,Week4,Shouse Village,Week5,213.0 Shouse Village - 189.0 Hollin Meadows
Hollin Hills,Week2,Hayfield Farm,Week1,298.0 Hayfield Farm - 104.0 Hollin Hills
Hollin Meadows,Week4,Sideburn Run,Week4,204.0 Hollin Meadows - 198.0 Sideburn Run
Hollin Meadows,Week4,Shouse Village,Week1,211.0 Hollin Meadows - 191.0 Shouse Village
Hollin Meadows,Week1,Sideburn Run,Week5,207.0 Sideburn Run - 195.0 Hollin Meadows
Hollin Hills,Week5,Truro,Week1,286.0 Truro - 114.0 Hollin Hills
Hollin Hills,Week1,Truro,Week2,261.0 Truro - 132.0 Hollin Hills
Hollin Meadows,Week3,Sideburn Run,Week1,209.0 Sideburn Run - 193.0 Hollin Meadows
Hollin Hills,Week3,Hayfield Farm,Week2,305.0 Hayfield Farm - 97.0 Hollin Hills
Hollin Meadows,Week3,Sideburn Run,Week2,204.0 Hollin Meadows - 198.0 Sideburn Run
Hollin Meadows,Week2,Sideburn Run,Week3,225.0 Sideburn Run - 177.0 Hollin Meadows
Hollin Hills,Week4,Truro,Week1,289.0 Truro - 110.0 Hollin Hills
Hollin Meadows,Week1,Sideburn Run,Week1,209.0 Hollin Meadows - 193.0 Sideburn Run
Hollin Hills,Week3,Truro,Week3,275.0 Truro - 127.0 Hollin Hills
Hollin Hills,Week1,Truro,Week3,274.0 Truro - 128.0 Hollin Hills
Hollin Meadows,Week2,Sideburn Run,Week2,203.0 Sideburn Run - 199.0 Hollin Meadows
Hollin Hills,Week5,Hayfield Farm,Week2,292.0 Hayfield Farm - 110.0 Hollin Hills
Hollin Hills,Week4,Truro,Week4,274.0 Truro - 123.0 Hollin Hills
Hollin Hills,Week1,Herndon,Week2,209.0 Herndon - 190.0 Hollin Hills
Hollin Meadows,Week5,Shouse Village,Week3,218.0 Hollin Meadows - 184.0 Shouse Village
Hollin Meadows,Week3,Shouse Village,Week5,207.0 Shouse Village - 194.0 Hollin Meadows
Hollin Hills,Week5,Truro,Week2,240.0 Truro - 142.0 Hollin Hills
Hollin Hills,Week4,Truro,Week2,253.0 Truro - 131.0 Hollin Hills
Hollin Meadows,Week4,Shouse Village,Week3,202.0 Hollin Meadows - 200.0 Shouse Village
Hollin Meadows,Week5,Sideburn Run,Week1,203.0 Sideburn Run - 199.0 Hollin Meadows
Hollin Hills,Week2,Truro,Week5,274.0 Truro - 119.0 Hollin Hills
Hollin Hills,Week4,Hayfield Farm,Week2,301.0 Hayfield Farm - 101.0 Hollin Hills
Hollin Hills,Week3,Truro,Week2,250.0 Truro - 146.0 Hollin Hills
Hollin Hills,Week1,Hayfield Farm,Week1,306.0 Hayfield Farm - 96.0 Hollin Hills
Hollin Meadows,Week2,Sleepy Hollow B & R,Week3,238.0 Sleepy Hollow B & R - 164.0 Hollin Meadows
Hollin Meadows,Week4,Sleepy Hollow B & R,Week2,221.0 Sleepy Hollow B & R - 181.0 Hollin Meadows
Hollin Hills,Week4,Hayfield Farm,Week5,294.0 Hayfield Farm - 107.0 Hollin Hills
Hollin Hills,Week5,Herndon,Week1,208.0 Herndon - 178.0 Hollin Hills
Hollin Hills,Week3,Hayfield Farm,Week3,305.0 Hayfield Farm - 96.0 Hollin Hills
Hollin Meadows,Week2,Sleepy Hollow Rec,Week5,243.0 Hollin Meadows - 159.0 Sleepy Hollow Rec
Hollin Hills,Week5,Herndon,Week5,212.0 Herndon - 183.0 Hollin Hills
Hollin Meadows,Week1,Sleepy Hollow B & R,Week5,227.0 Sleepy Hollow B & R - 175.0 Hollin Meadows
Hollin Hills,Week5,Hayfield Farm,Week3,302.0 Hayfield Farm - 99.0 Hollin Hills
Hollin Hills,Week5,Hayfield Farm,Week5,277.0 Hayfield Farm - 125.0 Hollin Hills
Hollin Meadows,Week5,Sleepy Hollow B & R,Week2,207.0 Sleepy Hollow B & R - 195.0 Hollin Meadows
Hollin Meadows,Week1,Sleepy Hollow B & R,Week2,212.0 Sleepy Hollow B & R - 190.0 Hollin Meadows
Hollin Hills,Week5,Hayfield Farm,Week4,292.0 Hayfield Farm - 110.0 Hollin Hills
Hollin Hills,Week1,Herndon,Week1,209.0 Herndon - 190.0 Hollin Hills
Hollin Meadows,Week1,Sleepy Hollow B & R,Week3,225.0 Sleepy Hollow B & R - 177.0 Hollin Meadows
Hollin Meadows,Week3,Sleepy Hollow B & R,Week4,239.0 Sleepy Hollow B & R - 163.0 Hollin Meadows
Hollin Hills,Week3,Herndon,Week2,206.0 Hollin Hills - 194.0 Herndon
Hollin Meadows,Week1,Sleepy Hollow Rec,Week2,280.0 Hollin Meadows - 122.0 Sleepy Hollow Rec
Hollin Hills,Week1,Hayfield Farm,Week4,309.0 Hayfield Farm - 93.0 Hollin Hills
Hollin Hills,Week1,Hayfield Farm,Week5,299.0 Hayfield Farm - 103.0 Hollin Hills
Hollin Hills,Week1,Truro,Week1,291.0 Truro - 110.0 Hollin Hills
Hollin Hills,Week3,Hayfield Farm,Week1,300.0 Hayfield Farm - 102.0 Hollin Hills
Hollin Meadows,Week3,Sideburn Run,Week3,215.0 Sideburn Run - 187.0 Hollin Meadows
Hollin Hills,Week1,Hayfield Farm,Week3,311.0 Hayfield Farm - 90.0 Hollin Hills
Hollin Hills,Week2,Hayfield Farm,Week4,309.0 Hayfield Farm - 93.0 Hollin Hills
Hollin Meadows,Week4,Sideburn Run,Week5,215.0 Sideburn Run - 187.0 Hollin Meadows
Hollin Hills,Week2,Hayfield Farm,Week3,305.0 Hayfield Farm - 93.0 Hollin Hills
Hollin Meadows,Week4,Sideburn Run,Week3,202.0 Sideburn Run - 200.0 Hollin Meadows
Hollin Hills,Week2,Hayfield Farm,Week2,303.0 Hayfield Farm - 99.0 Hollin Hills
Hollin Hills,Week4,Hayfield Farm,Week4,310.0 Hayfield Farm - 92.0 Hollin Hills
Hollin Meadows,Week5,Sideburn Run,Week5,214.0 Hollin Meadows - 188.0 Sideburn Run
Hollin Meadows,Week5,Sideburn Run,Week2,217.0 Hollin Meadows - 185.0 Sideburn Run
Hollin Hills,Week4,Hayfield Farm,Week3,309.0 Hayfield Farm - 89.0 Hollin Hills
Hollin Meadows,Week2,Sleepy Hollow B & R,Week1,230.5 Sleepy Hollow B & R - 171.5 Hollin Meadows
Hollin Meadows,Week5,Sideburn Run,Week4,220.0 Hollin Meadows - 182.0 Sideburn Run
Hollin Meadows,Week2,Sleepy Hollow B & R,Week4,246.0 Sleepy Hollow B & R - 156.0 Hollin Meadows
Hollin Hills,Week3,Hayfield Farm,Week4,301.0 Hayfield Farm - 101.0 Hollin Hills
Hollin Hills,Week2,Hayfield Farm,Week5,304.0 Hayfield Farm - 98.0 Hollin Hills
Hollin Hills,Week5,Hayfield Farm,Week1,285.0 Hayfield Farm - 117.0 Hollin Hills
Hollin Meadows,Week1,Sideburn Run,Week4,217.0 Hollin Meadows - 185.0 Sideburn Run
Hollin Meadows,Week2,Sideburn Run,Week4,224.0 Sideburn Run - 178.0 Hollin Meadows
Hollin Meadows,Week4,Sleepy Hollow B & R,Week4,240.0 Sleepy Hollow B & R - 162.0 Hollin Meadows
Hollin Meadows,Week3,Sideburn Run,Week4,201.0 Hollin Meadows - 201.0 Sideburn Run
Hollin Meadows,Week3,Sleepy Hollow B & R,Week2,211.0 Sleepy Hollow B & R - 191.0 Hollin Meadows
Hollin Meadows,Week3,Sleepy Hollow B & R,Week1,204.0 Sleepy Hollow B & R - 198.0 Hollin Meadows
Hollin Hills,Week3,Hayfield Farm,Week5,305.0 Hayfield Farm - 97.0 Hollin Hills
Hollin Meadows,Week2,Sleepy Hollow B & R,Week2,229.0 Sleepy Hollow B & R - 173.0 Hollin Meadows
Hollin Hills,Week2,Herndon,Week1,207.0 Herndon - 184.0 Hollin Hills
Hollin Meadows,Week4,Sleepy Hollow B & R,Week1,215.0 Sleepy Hollow B & R - 187.0 Hollin Meadows
Hollin Meadows,Week5,Sleepy Hollow B & R,Week4,233.0 Sleepy Hollow B & R - 169.0 Hollin Meadows
Hollin Meadows,Week1,Sleepy Hollow B & R,Week1,201.0 Hollin Meadows - 201.0 Sleepy Hollow B & R
Hollin Hills,Week3,Herndon,Week5,212.0 Hollin Hills - 189.0 Herndon
Hollin Meadows,Week4,Sleepy Hollow B & R,Week5,269.0 Sleepy Hollow B & R - 133.0 Hollin Meadows
Hollin Hills,Week1,Hiddenbrook,Week3,291.0 Hiddenbrook - 111.0 Hollin Hills
Hollin Meadows,Week4,Sleepy Hollow B & R,Week3,243.0 Sleepy Hollow B & R - 159.0 Hollin Meadows
Hollin Meadows,Week2,Sleepy Hollow B & R,Week5,261.0 Sleepy Hollow B & R - 141.0 Hollin Meadows
Hollin Meadows,Week5,Sideburn Run,Week3,215.0 Hollin Meadows - 187.0 Sideburn Run
Hollin Hills,Week1,Hiddenbrook,Week1,289.0 Hiddenbrook - 113.0 Hollin Hills
Hollin Hills,Week1,Herndon,Week4,211.0 Herndon - 189.0 Hollin Hills
Hollin Hills,Week3,Herndon,Week4,212.0 Hollin Hills - 189.0 Herndon
Hollin Meadows,Week5,Sleepy Hollow B & R,Week3,220.0 Sleepy Hollow B & R - 182.0 Hollin Meadows
Hollin Hills,Week4,Herndon,Week4,207.0 Hollin Hills - 194.0 Herndon
Hollin Meadows,Week3,Sleepy Hollow B & R,Week5,250.0 Sleepy Hollow B & R - 152.0 Hollin Meadows
Hollin Hills,Week1,Hiddenbrook,Week2,241.0 Hiddenbrook - 155.0 Hollin Hills
Hollin Hills,Week4,Herndon,Week2,209.0 Hollin Hills - 187.0 Herndon
Hollin Hills,Week3,Herndon,Week1,205.0 Hollin Hills - 194.0 Herndon
Hollin Meadows,Week2,Sleepy Hollow Rec,Week1,261.0 Hollin Meadows - 141.0 Sleepy Hollow Rec
Hollin Hills,Week3,Herndon,Week3,219.0 Hollin Hills - 183.0 Herndon
Hollin Hills,Week2,Herndon,Week2,208.0 Herndon - 187.0 Hollin Hills
Hollin Meadows,Week1,Sleepy Hollow Rec,Week4,302.0 Hollin Meadows - 100.0 Sleepy Hollow Rec
Hollin Meadows,Week2,Somerset-Olde Creek,Week2,308.0 Hollin Meadows - 94.0 Somerset-Olde Creek
Hollin Meadows,Week5,Sleepy Hollow B & R,Week1,204.0 Sleepy Hollow B & R - 198.0 Hollin Meadows
Hollin Meadows,Week1,Sleepy Hollow Rec,Week3,266.0 Hollin Meadows - 136.0 Sleepy Hollow Rec
Hollin Hills,Week2,Herndon,Week4,203.0 Herndon - 197.0 Hollin Hills
Hollin Hills,Week2,Herndon,Week3,203.0 Hollin Hills - 198.0 Herndon
Hollin Meadows,Week2,Somerset-Olde Creek,Week4,299.0 Hollin Meadows - 103.0 Somerset-Olde Creek
Hollin Meadows,Week2,Sleepy Hollow Rec,Week3,236.0 Hollin Meadows - 166.0 Sleepy Hollow Rec
Hollin Hills,Week5,Herndon,Week3,207.0 Herndon - 188.0 Hollin Hills
Hollin Meadows,Week3,Sleepy Hollow B & R,Week3,218.0 Sleepy Hollow B & R - 184.0 Hollin Meadows
Hollin Meadows,Week1,Sleepy Hollow Rec,Week5,274.0 Hollin Meadows - 128.0 Sleepy Hollow Rec
Hollin Meadows,Week1,Somerset-Olde Creek,Week4,324.0 Hollin Meadows - 78.0 Somerset-Olde Creek
Hollin Hills,Week2,Herndon,Week5,214.0 Herndon - 186.0 Hollin Hills
Hollin Hills,Week4,Herndon,Week5,206.0 Hollin Hills - 195.0 Herndon
Hollin Meadows,Week5,Sleepy Hollow B & R,Week5,246.0 Sleepy Hollow B & R - 156.0 Hollin Meadows
Hollin Meadows,Week2,Somerset-Olde Creek,Week3,317.0 Hollin Meadows - 85.0 Somerset-Olde Creek
Hollin Hills,Week1,Herndon,Week5,216.0 Herndon - 183.0 Hollin Hills
Hollin Hills,Week5,Herndon,Week2,206.5 Herndon - 181.5 Hollin Hills
Hollin Hills,Week5,Herndon,Week4,216.0 Herndon - 179.0 Hollin Hills
Hollin Meadows,Week4,Sleepy Hollow Rec,Week2,283.5 Hollin Meadows - 118.5 Sleepy Hollow Rec
Hollin Meadows,Week2,Somerset-Olde Creek,Week1,301.0 Hollin Meadows - 101.0 Somerset-Olde Creek
Hollin Hills,Week1,Herndon,Week3,203.0 Herndon - 199.0 Hollin Hills
Hollin Meadows,Week2,Sleepy Hollow Rec,Week2,256.0 Hollin Meadows - 146.0 Sleepy Hollow Rec
Hollin Hills,Week4,Herndon,Week3,214.0 Hollin Hills - 184.0 Herndon
Hollin Hills,Week4,Herndon,Week1,202.0 Hollin Hills - 191.0 Herndon
Hollin Meadows,Week1,Sleepy Hollow B & R,Week4,229.0 Sleepy Hollow B & R - 173.0 Hollin Meadows
Hollin Meadows,Week1,Somerset-Olde Creek,Week1,312.0 Hollin Meadows - 86.0 Somerset-Olde Creek
Hollin Meadows,Week5,Sleepy Hollow Rec,Week5,283.0 Hollin Meadows - 119.0 Sleepy Hollow Rec
Hollin Meadows,Week2,Sleepy Hollow Rec,Week4,272.0 Hollin Meadows - 130.0 Sleepy Hollow Rec
Hollin Meadows,Week3,Sleepy Hollow Rec,Week4,307.0 Hollin Meadows - 95.0 Sleepy Hollow Rec
Hollin Meadows,Week1,Sleepy Hollow Rec,Week1,283.0 Hollin Meadows - 119.0 Sleepy Hollow Rec
Hollin Meadows,Week2,Riverside Gardens,Week3,272.0 Riverside Gardens - 130.0 Hollin Meadows
Hollin Meadows,Week3,Ravensworth Farm,Week3,239.0 Ravensworth Farm - 163.0 Hollin Meadows
Hollin Meadows,Week4,Sleepy Hollow Rec,Week4,288.5 Hollin Meadows - 113.5 Sleepy Hollow Rec
Hollin Meadows,Week3,Ravensworth Farm,Week5,235.0 Ravensworth Farm - 167.0 Hollin Meadows
Hollin Meadows,Week3,Sleepy Hollow Rec,Week3,267.0 Hollin Meadows - 135.0 Sleepy Hollow Rec
Hollin Meadows,Week2,Ravensworth Farm,Week5,244.0 Ravensworth Farm - 158.0 Hollin Meadows
Hollin Meadows,Week2,Ravensworth Farm,Week1,233.0 Ravensworth Farm - 169.0 Hollin Meadows
Hollin Meadows,Week4,Ravensworth Farm,Week4,228.0 Ravensworth Farm - 174.0 Hollin Meadows
Hollin Meadows,Week1,Somerset-Olde Creek,Week3,329.0 Hollin Meadows - 72.0 Somerset-Olde Creek
Hollin Meadows,Week3,Riverside Gardens,Week1,274.0 Riverside Gardens - 128.0 Hollin Meadows
Hollin Meadows,Week4,Sleepy Hollow Rec,Week5,270.0 Hollin Meadows - 132.0 Sleepy Hollow Rec
Hollin Meadows,Week3,Sleepy Hollow Rec,Week2,280.0 Hollin Meadows - 122.0 Sleepy Hollow Rec
Hollin Meadows,Week5,Sleepy Hollow Rec,Week2,298.0 Hollin Meadows - 104.0 Sleepy Hollow Rec
Hollin Meadows,Week1,Riverside Gardens,Week3,250.0 Riverside Gardens - 152.0 Hollin Meadows
Hollin Meadows,Week3,Ravensworth Farm,Week4,229.0 Ravensworth Farm - 173.0 Hollin Meadows
Hollin Meadows,Week1,Riverside Gardens,Week5,261.0 Riverside Gardens - 141.0 Hollin Meadows
Hollin Meadows,Week4,Ravensworth Farm,Week3,232.0 Ravensworth Farm - 170.0 Hollin Meadows
Hollin Hills,Week1,Old Keene Mill,Week2,270.0 Old Keene Mill - 131.0 Hollin Hills
Hollin Meadows,Week1,Riverside Gardens,Week1,247.0 Riverside Gardens - 155.0 Hollin Meadows
Hollin Meadows,Week3,Sleepy Hollow Rec,Week5,268.0 Hollin Meadows - 134.0 Sleepy Hollow Rec
Hollin Meadows,Week5,Ravensworth Farm,Week5,226.0 Ravensworth Farm - 176.0 Hollin Meadows
Hollin Meadows,Week2,Ravensworth Farm,Week4,234.0 Ravensworth Farm - 168.0 Hollin Meadows
Hollin Meadows,Week4,Sleepy Hollow Rec,Week3,254.0 Hollin Meadows - 148.0 Sleepy Hollow Rec
Hollin Meadows,Week1,Riverside Gardens,Week2,232.0 Riverside Gardens - 170.0 Hollin Meadows
Hollin Hills,Week5,Oakton ,Week3,347.0 Oakton - 55.0 Hollin Hills
Hollin Meadows,Week5,Ravensworth Farm,Week3,224.0 Ravensworth Farm - 178.0 Hollin Meadows
Hollin Meadows,Week5,Somerset-Olde Creek,Week3,331.0 Hollin Meadows - 70.0 Somerset-Olde Creek
Hollin Meadows,Week1,Somerset-Olde Creek,Week2,324.0 Hollin Meadows - 78.0 Somerset-Olde Creek
Hollin Meadows,Week2,South Run,Week5,205.5 South Run - 196.5 Hollin Meadows
Hollin Meadows,Week3,Sleepy Hollow Rec,Week1,273.0 Hollin Meadows - 129.0 Sleepy Hollow Rec
Hollin Meadows,Week1,Riverside Gardens,Week4,258.0 Riverside Gardens - 144.0 Hollin Meadows
Hollin Hills,Week4,Oakton ,Week4,364.0 Oakton - 38.0 Hollin Hills
Hollin Meadows,Week4,Sleepy Hollow Rec,Week1,288.0 Hollin Meadows - 114.0 Sleepy Hollow Rec
Hollin Meadows,Week5,Ravensworth Farm,Week2,205.5 Hollin Meadows - 196.5 Ravensworth Farm
Hollin Meadows,Week1,Somerset-Olde Creek,Week5,302.0 Hollin Meadows - 99.0 Somerset-Olde Creek
Hollin Hills,Week5,Oakton ,Week5,354.0 Oakton - 48.0 Hollin Hills
Hollin Hills,Week3,Oakton ,Week4,363.0 Oakton - 39.0 Hollin Hills
Hollin Meadows,Week5,Sleepy Hollow Rec,Week3,279.0 Hollin Meadows - 123.0 Sleepy Hollow Rec
Hollin Meadows,Week5,Sleepy Hollow Rec,Week1,297.0 Hollin Meadows - 105.0 Sleepy Hollow Rec
Hollin Meadows,Week5,Sleepy Hollow Rec,Week4,311.5 Hollin Meadows - 90.5 Sleepy Hollow Rec
Hollin Hills,Week1,Old Keene Mill,Week5,268.0 Old Keene Mill - 134.0 Hollin Hills
Hollin Meadows,Week2,Somerset-Olde Creek,Week5,293.0 Hollin Meadows - 109.0 Somerset-Olde Creek
Hollin Meadows,Week3,Somerset-Olde Creek,Week1,318.0 Hollin Meadows - 83.0 Somerset-Olde Creek
Hollin Meadows,Week5,Somerset-Olde Creek,Week5,311.0 Hollin Meadows - 90.0 Somerset-Olde Creek
Hollin Meadows,Week3,Ravensworth Farm,Week1,233.0 Ravensworth Farm - 169.0 Hollin Meadows
Hollin Meadows,Week2,Riverside Gardens,Week5,280.0 Riverside Gardens - 122.0 Hollin Meadows
Hollin Hills,Week2,Old Keene Mill,Week2,262.0 Old Keene Mill - 139.0 Hollin Hills
Hollin Hills,Week4,Oakton ,Week5,363.0 Oakton - 38.0 Hollin Hills
Hollin Hills,Week5,Oakton ,Week2,352.0 Oakton - 50.0 Hollin Hills
Hollin Meadows,Week5,Ravensworth Farm,Week4,224.0 Ravensworth Farm - 178.0 Hollin Meadows
Hollin Hills,Week1,Holmes Run Acres,Week1,302.0 Holmes Run Acres - 99.0 Hollin Hills
Hollin Meadows,Week2,South Run,Week4,228.5 Hollin Meadows - 173.5 South Run
Hollin Meadows,Week2,Ravensworth Farm,Week2,216.0 Ravensworth Farm - 186.0 Hollin Meadows
Hollin Meadows,Week5,Somerset-Olde Creek,Week1,320.0 Hollin Meadows - 81.0 Somerset-Olde Creek
Hollin Meadows,Week3,Ravensworth Farm,Week2,202.0 Hollin Meadows - 199.0 Ravensworth Farm
Hollin Hills,Week4,Hollin Meadows,Week3,320.0 Hollin Meadows - 82.0 Hollin Hills
Hollin Meadows,Week4,Ravensworth Farm,Week2,201.0 Hollin Meadows - 201.0 Ravensworth Farm
Hollin Meadows,Week2,Ravensworth Farm,Week3,243.5 Ravensworth Farm - 158.5 Hollin Meadows
Hollin Hills,Week1,Holmes Run Acres,Week3,322.0 Holmes Run Acres - 80.0 Hollin Hills
Hollin Meadows,Week4,Somerset-Olde Creek,Week4,327.5 Hollin Meadows - 74.5 Somerset-Olde Creek
Hollin Meadows,Week3,Somerset-Olde Creek,Week4,318.0 Hollin Meadows - 84.0 Somerset-Olde Creek
Hollin Hills,Week1,Holmes Run Acres,Week4,305.0 Holmes Run Acres - 97.0 Hollin Hills
Hollin Hills,Week4,Oakton ,Week2,358.0 Oakton - 44.0 Hollin Hills
Hollin Hills,Week1,Old Keene Mill,Week4,265.0 Old Keene Mill - 136.0 Hollin Hills
Hollin Hills,Week4,Hollin Meadows,Week5,326.0 Hollin Meadows - 75.0 Hollin Hills
Hollin Meadows,Week1,South Run,Week3,239.0 Hollin Meadows - 163.0 South Run
Hollin Meadows,Week5,South Run,Week1,231.5 Hollin Meadows - 161.5 South Run
Hollin Hills,Week1,Parliament,Week2,303.0 Parliament - 93.0 Hollin Hills
Hollin Hills,Week1,Holmes Run Acres,Week5,329.0 Holmes Run Acres - 73.0 Hollin Hills
Hollin Hills,Week4,Oakton ,Week3,353.0 Oakton - 49.0 Hollin Hills
Hollin Hills,Week4,Old Keene Mill,Week4,248.0 Old Keene Mill - 153.0 Hollin Hills
Hollin Meadows,Week3,South Run,Week1,221.0 Hollin Meadows - 172.0 South Run
Hollin Meadows,Week4,Somerset-Olde Creek,Week2,317.0 Hollin Meadows - 85.0 Somerset-Olde Creek
Hollin Hills,Week5,Old Keene Mill,Week4,251.0 Old Keene Mill - 150.0 Hollin Hills
Hollin Hills,Week4,Hollin Meadows,Week2,302.0 Hollin Meadows - 100.0 Hollin Hills
Hollin Hills,Week1,Old Keene Mill,Week3,274.0 Old Keene Mill - 127.0 Hollin Hills
Hollin Hills,Week1,Parklawn,Week4,253.0 Parklawn - 140.0 Hollin Hills
Hollin Meadows,Week1,South Run,Week5,209.0 Hollin Meadows - 193.0 South Run
Hollin Meadows,Week2,South Run,Week2,218.0 Hollin Meadows - 184.0 South Run
Hollin Hills,Week2,Holmes Run Acres,Week3,314.0 Holmes Run Acres - 88.0 Hollin Hills
Hollin Hills,Week5,Parklawn,Week2,248.0 Parklawn - 152.0 Hollin Hills
Hollin Hills,Week3,Old Keene Mill,Week5,261.5 Old Keene Mill - 140.5 Hollin Hills
Hollin Hills,Week2,Parklawn,Week4,245.0 Parklawn - 147.0 Hollin Hills
Hollin Hills,Week2,Holmes Run Acres,Week4,295.0 Holmes Run Acres - 106.0 Hollin Hills
Hollin Meadows,Week4,Ravensworth Farm,Week1,234.0 Ravensworth Farm - 168.0 Hollin Meadows
Hollin Meadows,Week5,Somerset-Olde Creek,Week2,332.0 Hollin Meadows - 70.0 Somerset-Olde Creek
Hollin Hills,Week1,Parklawn,Week3,250.0 Parklawn - 151.0 Hollin Hills
Hollin Meadows,Week5,Ravensworth Farm,Week1,229.0 Ravensworth Farm - 173.0 Hollin Meadows
Hollin Hills,Week1,Holmes Run Acres,Week2,282.0 Holmes Run Acres - 120.0 Hollin Hills
Hollin Hills,Week2,Holmes Run Acres,Week1,295.0 Holmes Run Acres - 105.0 Hollin Hills
Hollin Meadows,Week3,Somerset-Olde Creek,Week3,321.0 Hollin Meadows - 80.0 Somerset-Olde Creek
Hollin Hills,Week3,Hollin Meadows,Week4,297.0 Hollin Meadows - 105.0 Hollin Hills
Hollin Hills,Week1,Orange Hunt,Week1,319.0 Orange Hunt - 83.0 Hollin Hills
Hollin Hills,Week4,Hollin Meadows,Week4,319.0 Hollin Meadows - 83.0 Hollin Hills
Hollin Meadows,Week4,Ravensworth Farm,Week5,231.0 Ravensworth Farm - 171.0 Hollin Meadows
Hollin Meadows,Week3,Rolling Forest,Week1,232.0 Hollin Meadows - 170.0 Rolling Forest
Hollin Meadows,Week2,Riverside Gardens,Week4,275.0 Riverside Gardens - 127.0 Hollin Meadows
Hollin Meadows,Week2,Riverside Gardens,Week1,263.0 Riverside Gardens - 139.0 Hollin Meadows
Hollin Meadows,Week2,Riverside Gardens,Week2,257.0 Riverside Gardens - 145.0 Hollin Meadows
Hollin Hills,Week3,Old Keene Mill,Week2,254.0 Old Keene Mill - 148.0 Hollin Hills
Hollin Meadows,Week5,Riverside Gardens,Week2,238.0 Riverside Gardens - 164.0 Hollin Meadows
Hollin Hills,Week4,Parklawn,Week4,249.0 Parklawn - 140.0 Hollin Hills
Hollin Meadows,Week4,Somerset-Olde Creek,Week3,326.0 Hollin Meadows - 76.0 Somerset-Olde Creek
Hollin Meadows,Week4,Riverside Gardens,Week2,256.0 Riverside Gardens - 146.0 Hollin Meadows
Hollin Hills,Week3,Orange Hunt,Week2,298.0 Orange Hunt - 104.0 Hollin Hills
Hollin Hills,Week1,Parklawn,Week2,263.0 Parklawn - 135.0 Hollin Hills
Hollin Hills,Week3,Old Keene Mill,Week3,274.0 Old Keene Mill - 128.0 Hollin Hills
Hollin Hills,Week3,Hollin Meadows,Week3,313.0 Hollin Meadows - 89.0 Hollin Hills
Hollin Meadows,Week3,Rolling Forest,Week3,219.0 Hollin Meadows - 183.0 Rolling Forest
Hollin Hills,Week2,Hollin Meadows,Week4,314.0 Hollin Meadows - 88.0 Hollin Hills
Hollin Meadows,Week5,Riverside Gardens,Week4,254.0 Riverside Gardens - 148.0 Hollin Meadows
Hollin Hills,Week3,Parklawn,Week5,251.0 Parklawn - 149.0 Hollin Hills
Hollin Hills,Week2,Parklawn,Week1,202.0 Parklawn - 185.0 Hollin Hills
Hollin Hills,Week3,Oakton ,Week5,359.0 Oakton - 43.0 Hollin Hills
Hollin Meadows,Week3,Somerset-Olde Creek,Week2,322.0 Hollin Meadows - 79.0 Somerset-Olde Creek
Hollin Hills,Week2,Old Keene Mill,Week4,267.0 Old Keene Mill - 134.0 Hollin Hills
Hollin Hills,Week3,Hollin Meadows,Week2,304.0 Hollin Meadows - 98.0 Hollin Hills
Hollin Meadows,Week1,South Run,Week4,247.0 Hollin Meadows - 155.0 South Run
Hollin Meadows,Week3,Rolling Forest,Week5,202.0 Hollin Meadows - 200.0 Rolling Forest
Hollin Hills,Week5,Old Keene Mill,Week2,245.0 Old Keene Mill - 157.0 Hollin Hills
Hollin Hills,Week5,Oakton ,Week1,348.5 Oakton - 48.5 Hollin Hills
Hollin Meadows,Week4,Riverside Gardens,Week1,274.0 Riverside Gardens - 128.0 Hollin Meadows
Hollin Meadows,Week4,Riverside Gardens,Week4,273.0 Riverside Gardens - 129.0 Hollin Meadows
Hollin Meadows,Week1,South Run,Week1,221.0 Hollin Meadows - 172.0 South Run
Hollin Hills,Week4,Oakton ,Week1,357.0 Oakton - 45.0 Hollin Hills
Hollin Hills,Week3,Parklawn,Week4,249.0 Parklawn - 148.0 Hollin Hills
Hollin Meadows,Week4,Riverside Gardens,Week3,271.0 Riverside Gardens - 131.0 Hollin Meadows
Hollin Meadows,Week1,South Run,Week2,235.0 Hollin Meadows - 167.0 South Run
Hollin Hills,Week5,Hollin Meadows,Week1,317.0 Hollin Meadows - 83.0 Hollin Hills
Hollin Hills,Week1,Parklawn,Week1,223.0 Parklawn - 161.0 Hollin Hills
Hollin Hills,Week5,Hollin Meadows,Week4,297.0 Hollin Meadows - 105.0 Hollin Hills
Hollin Meadows,Week3,South Run,Week3,230.0 Hollin Meadows - 172.0 South Run
Hollin Hills,Week5,Oakton ,Week4,358.0 Oakton - 44.0 Hollin Hills
Hollin Hills,Week2,Hollin Meadows,Week5,323.5 Hollin Meadows - 76.5 Hollin Hills
Hollin Hills,Week2,Parklawn,Week5,250.0 Parklawn - 146.0 Hollin Hills
Hollin Hills,Week3,Hollin Meadows,Week1,316.0 Hollin Meadows - 85.0 Hollin Hills
Hollin Hills,Week2,Parklawn,Week2,258.0 Parklawn - 139.0 Hollin Hills
Hollin Hills,Week3,Parklawn,Week1,205.0 Parklawn - 187.0 Hollin Hills
Hollin Meadows,Week2,South Run,Week3,218.5 Hollin Meadows - 183.5 South Run
Hollin Meadows,Week2,South Run,Week1,213.0 Hollin Meadows - 180.0 South Run
Hollin Meadows,Week1,Rolling Forest,Week4,230.5 Hollin Meadows - 171.5 Rolling Forest
Hollin Hills,Week1,Old Keene Mill,Week1,266.0 Old Keene Mill - 135.0 Hollin Hills
Hollin Hills,Week4,Parklawn,Week2,248.0 Parklawn - 146.0 Hollin Hills
Hollin Hills,Week2,Holmes Run Acres,Week2,288.0 Holmes Run Acres - 114.0 Hollin Hills
Hollin Hills,Week3,Hollin Meadows,Week5,320.0 Hollin Meadows - 82.0 Hollin Hills
Hollin Meadows,Week3,South Run,Week2,242.0 Hollin Meadows - 160.0 South Run
Hollin Hills,Week3,Old Keene Mill,Week1,250.0 Old Keene Mill - 152.0 Hollin Hills
Hollin Hills,Week2,Parklawn,Week3,244.0 Parklawn - 156.0 Hollin Hills
Hollin Hills,Week5,Hollin Meadows,Week2,299.0 Hollin Meadows - 103.0 Hollin Hills
Hollin Meadows,Week5,Somerset-Olde Creek,Week4,325.0 Hollin Meadows - 77.0 Somerset-Olde Creek
Hollin Hills,Week3,Parklawn,Week3,242.5 Parklawn - 158.5 Hollin Hills
Hollin Hills,Week5,Hollin Meadows,Week3,313.0 Hollin Meadows - 88.0 Hollin Hills
Hollin Meadows,Week3,Riverside Gardens,Week5,291.0 Riverside Gardens - 111.0 Hollin Meadows
Hollin Hills,Week2,Old Keene Mill,Week3,266.0 Old Keene Mill - 135.0 Hollin Hills
Hollin Hills,Week5,Hollin Meadows,Week5,306.0 Hollin Meadows - 95.0 Hollin Hills
Hollin Meadows,Week4,Somerset-Olde Creek,Week1,318.0 Hollin Meadows - 84.0 Somerset-Olde Creek
Hollin Meadows,Week4,Somerset-Olde Creek,Week5,309.0 Hollin Meadows - 93.0 Somerset-Olde Creek
Hollin Hills,Week4,Parklawn,Week5,243.0 Parklawn - 149.0 Hollin Hills
Hollin Meadows,Week5,Riverside Gardens,Week1,254.0 Riverside Gardens - 148.0 Hollin Meadows
Hollin Meadows,Week5,Riverside Gardens,Week5,261.0 Riverside Gardens - 141.0 Hollin Meadows
Hollin Hills,Week4,Hollin Meadows,Week1,318.0 Hollin Meadows - 80.0 Hollin Hills
Hollin Hills,Week3,Old Keene Mill,Week4,256.0 Old Keene Mill - 146.0 Hollin Hills
Hollin Meadows,Week3,Riverside Gardens,Week3,281.0 Riverside Gardens - 121.0 Hollin Meadows
Hollin Hills,Week2,Old Keene Mill,Week1,257.0 Old Keene Mill - 142.0 Hollin Hills
Hollin Meadows,Week3,Somerset-Olde Creek,Week5,309.0 Hollin Meadows - 93.0 Somerset-Olde Creek
Hollin Hills,Week3,Parklawn,Week2,258.0 Parklawn - 142.0 Hollin Hills
Hollin Hills,Week4,Old Keene Mill,Week3,250.0 Old Keene Mill - 151.0 Hollin Hills
Hollin Meadows,Week1,Rolling Forest,Week3,225.0 Hollin Meadows - 177.0 Rolling Forest
Hollin Meadows,Week1,Rolling Forest,Week2,236.0 Hollin Meadows - 166.0 Rolling Forest
Hollin Hills,Week4,Old Keene Mill,Week2,252.0 Old Keene Mill - 149.0 Hollin Hills
Hollin Hills,Week1,Parklawn,Week5,257.0 Parklawn - 143.0 Hollin Hills
Hollin Hills,Week5,Parklawn,Week5,241.0 Parklawn - 159.0 Hollin Hills
Hollin Hills,Week4,Old Keene Mill,Week5,255.0 Old Keene Mill - 147.0 Hollin Hills
Hollin Meadows,Week3,Springboard,Week2,307.0 Hollin Meadows - 94.0 Springboard
Hollin Meadows,Week4,South Run,Week1,222.0 Hollin Meadows - 171.0 South Run
Hollin Meadows,Week3,Riverside Gardens,Week4,280.0 Riverside Gardens - 122.0 Hollin Meadows
Hollin Meadows,Week3,Riverside Gardens,Week2,248.0 Riverside Gardens - 154.0 Hollin Meadows
Hollin Meadows,Week1,Rolling Forest,Week5,213.0 Hollin Meadows - 189.0 Rolling Forest
Hollin Meadows,Week2,Rolling Forest,Week1,216.0 Hollin Meadows - 186.0 Rolling Forest
Hollin Meadows,Week3,Springboard,Week4,271.0 Hollin Meadows - 131.0 Springboard
Hollin Hills,Week5,Old Keene Mill,Week3,258.0 Old Keene Mill - 144.0 Hollin Hills
Hollin Hills,Week4,Parklawn,Week1,203.0 Parklawn - 184.0 Hollin Hills
Hollin Hills,Week5,Old Keene Mill,Week1,249.0 Old Keene Mill - 152.0 Hollin Hills
Hollin Meadows,Week3,South Run,Week5,202.0 Hollin Meadows - 200.0 South Run
Hollin Hills,Week2,Old Keene Mill,Week5,266.0 Old Keene Mill - 136.0 Hollin Hills
Hollin Hills,Week1,Orange Hunt,Week4,308.0 Orange Hunt - 93.0 Hollin Hills
Hollin Meadows,Week3,South Run,Week4,236.0 Hollin Meadows - 166.0 South Run
Hollin Meadows,Week4,Springboard,Week2,301.0 Hollin Meadows - 101.0 Springboard
Hollin Meadows,Week2,Rolling Forest,Week2,233.0 Hollin Meadows - 169.0 Rolling Forest
Hollin Hills,Week5,Parklawn,Week3,229.0 Parklawn - 172.0 Hollin Hills
Hollin Meadows,Week1,Rolling Forest,Week1,222.0 Hollin Meadows - 180.0 Rolling Forest
Hollin Hills,Week4,Parklawn,Week3,232.0 Parklawn - 164.0 Hollin Hills
Hollin Hills,Week5,Parklawn,Week1,197.0 Parklawn - 193.0 Hollin Hills
Hollin Meadows,Week4,South Run,Week5,202.0 Hollin Meadows - 200.0 South Run
Hollin Hills,Week1,Parliament,Week1,305.0 Parliament - 86.0 Hollin Hills
Hollin Hills,Week5,Parklawn,Week4,247.0 Parklawn - 150.0 Hollin Hills
Hollin Hills,Week4,Old Keene Mill,Week1,253.0 Old Keene Mill - 147.0 Hollin Hills
Hollin Meadows,Week5,Riverside Gardens,Week3,245.0 Riverside Gardens - 157.0 Hollin Meadows
Hollin Meadows,Week5,South Run,Week4,255.0 Hollin Meadows - 147.0 South Run
Hollin Hills,Week5,Old Keene Mill,Week5,259.0 Old Keene Mill - 142.0 Hollin Hills
Hollin Meadows,Week1,Springboard,Week4,292.0 Hollin Meadows - 109.0 Springboard
Hollin Hills,Week2,Orange Hunt,Week1,314.0 Orange Hunt - 87.0 Hollin Hills
Hollin Meadows,Week1,Springboard,Week3,274.0 Hollin Meadows - 127.0 Springboard
Hollin Meadows,Week1,Springboard,Week5,284.0 Hollin Meadows - 117.0 Springboard
Hollin Hills,Week2,Orange Hunt,Week2,303.0 Orange Hunt - 98.0 Hollin Hills
Hollin Hills,Week3,Orange Hunt,Week3,301.0 Orange Hunt - 101.0 Hollin Hills
Hollin Hills,Week4,Hiddenbrook,Week3,285.0 Hiddenbrook - 116.0 Hollin Hills
Hollin Meadows,Week4,Rolling Forest,Week2,238.0 Hollin Meadows - 164.0 Rolling Forest
Hollin Hills,Week5,Parliament,Week1,287.0 Parliament - 94.0 Hollin Hills
Hollin Meadows,Week2,Rolling Forest,Week5,206.0 Rolling Forest - 196.0 Hollin Meadows
Hollin Hills,Week4,Parliament,Week5,308.0 Parliament - 81.0 Hollin Hills
Hollin Meadows,Week3,Rolling Forest,Week4,230.0 Hollin Meadows - 172.0 Rolling Forest
Hollin Meadows,Week4,Riverside Gardens,Week5,285.0 Riverside Gardens - 117.0 Hollin Meadows
Hollin Hills,Week1,Pinecrest,Week4,353.0 Pinecrest - 49.0 Hollin Hills
Hollin Hills,Week2,Orange Hunt,Week3,313.0 Orange Hunt - 88.0 Hollin Hills
Hollin Meadows,Week4,South Run,Week4,234.0 Hollin Meadows - 168.0 South Run
Hollin Hills,Week1,Orange Hunt,Week2,316.0 Orange Hunt - 85.0 Hollin Hills
Hollin Hills,Week2,Hiddenbrook,Week5,295.0 Hiddenbrook - 107.0 Hollin Hills
Hollin Meadows,Week2,Springboard,Week3,257.0 Hollin Meadows - 140.0 Springboard
Hollin Meadows,Week4,South Run,Week3,228.5 Hollin Meadows - 173.5 South Run
Hollin Hills,Week2,Orange Hunt,Week5,310.0 Orange Hunt - 88.0 Hollin Hills
Hollin Meadows,Week2,Rolling Forest,Week3,202.0 Rolling Forest - 200.0 Hollin Meadows
Hollin Meadows,Week4,South Run,Week2,241.0 Hollin Meadows - 161.0 South Run
Hollin Hills,Week1,Orange Hunt,Week5,320.0 Orange Hunt - 78.0 Hollin Hills
Hollin Hills,Week2,Parliament,Week2,292.0 Parliament - 99.0 Hollin Hills
Hollin Hills,Week1,Parliament,Week4,304.0 Parliament - 95.0 Hollin Hills
Hollin Hills,Week5,Parliament,Week3,315.5 Parliament - 84.5 Hollin Hills
Hollin Meadows,Week2,Rolling Forest,Week4,220.0 Hollin Meadows - 182.0 Rolling Forest
Hollin Meadows,Week5,South Run,Week5,213.0 Hollin Meadows - 189.0 South Run
Hollin Meadows,Week5,South Run,Week3,235.0 Hollin Meadows - 167.0 South Run
Hollin Hills,Week5,Parliament,Week4,291.5 Parliament - 100.5 Hollin Hills
Hollin Hills,Week2,Parliament,Week1,295.0 Parliament - 89.0 Hollin Hills
Hollin Hills,Week1,Orange Hunt,Week3,316.0 Orange Hunt - 85.0 Hollin Hills
Hollin Hills,Week3,Orange Hunt,Week1,299.0 Orange Hunt - 103.0 Hollin Hills
Hollin Meadows,Week4,Rolling Forest,Week1,224.0 Hollin Meadows - 178.0 Rolling Forest
Hollin Meadows,Week3,Rolling Forest,Week2,232.0 Hollin Meadows - 170.0 Rolling Forest
Hollin Meadows,Week1,Springboard,Week1,293.0 Hollin Meadows - 108.0 Springboard
Hollin Hills,Week5,Hiddenbrook,Week1,268.0 Hiddenbrook - 134.0 Hollin Hills
Hollin Hills,Week3,Pinecrest,Week3,356.0 Pinecrest - 46.0 Hollin Hills
Hollin Hills,Week2,Orange Hunt,Week4,311.0 Orange Hunt - 89.0 Hollin Hills
Hollin Hills,Week5,Hiddenbrook,Week2,230.0 Hiddenbrook - 166.0 Hollin Hills
Hollin Hills,Week4,Parliament,Week2,296.0 Parliament - 92.0 Hollin Hills
Hollin Meadows,Week2,Springboard,Week1,267.0 Hollin Meadows - 135.0 Springboard
Hollin Meadows,Week4,Rolling Forest,Week3,219.0 Hollin Meadows - 183.0 Rolling Forest
Hollin Hills,Week3,Hiddenbrook,Week4,271.0 Hiddenbrook - 131.0 Hollin Hills
Hollin Meadows,Week4,Rolling Forest,Week4,240.0 Hollin Meadows - 162.0 Rolling Forest
Hollin Hills,Week1,Parliament,Week5,313.0 Parliament - 83.0 Hollin Hills
Hollin Meadows,Week4,Mosby Woods,Week4,238.0 Mosby Woods - 164.0 Hollin Meadows
Hollin Meadows,Week3,Springboard,Week1,284.0 Hollin Meadows - 117.0 Springboard
Hollin Hills,Week2,Pinecrest,Week1,341.0 Pinecrest - 61.0 Hollin Hills
Hollin Meadows,Week2,Springboard,Week5,257.0 Hollin Meadows - 145.0 Springboard
Hollin Meadows,Week1,Mount Vernon Park,Week4,225.0 Mount Vernon Park - 177.0 Hollin Meadows
Hollin Meadows,Week3,Springboard,Week3,271.0 Hollin Meadows - 130.0 Springboard
Hollin Meadows,Week4,Mosby Woods,Week2,254.0 Mosby Woods - 148.0 Hollin Meadows
Hollin Hills,Week4,Hiddenbrook,Week4,272.0 Hiddenbrook - 129.0 Hollin Hills
Hollin Hills,Week3,Parliament,Week4,292.0 Parliament - 108.0 Hollin Hills
Hollin Hills,Week1,Pinecrest,Week1,337.0 Pinecrest - 65.0 Hollin Hills
Hollin Hills,Week2,Hiddenbrook,Week1,286.0 Hiddenbrook - 116.0 Hollin Hills
Hollin Hills,Week1,Hiddenbrook,Week4,279.0 Hiddenbrook - 118.0 Hollin Hills
Hollin Hills,Week4,Orange Hunt,Week5,331.0 Orange Hunt - 67.0 Hollin Hills
Hollin Meadows,Week3,Forest Hollow,Week2,203.0 Forest Hollow - 199.0 Hollin Meadows
Hollin Meadows,Week1,Springboard,Week2,302.0 Hollin Meadows - 98.0 Springboard
Hollin Meadows,Week1,Mount Vernon Park,Week3,242.0 Mount Vernon Park - 160.0 Hollin Meadows
Hollin Hills,Week5,Orange Hunt,Week5,311.0 Orange Hunt - 90.0 Hollin Hills
Hollin Hills,Week5,Orange Hunt,Week3,317.0 Orange Hunt - 85.0 Hollin Hills
Hollin Hills,Week5,Orange Hunt,Week2,305.0 Orange Hunt - 97.0 Hollin Hills
Hollin Meadows,Week4,Forest Hollow,Week4,223.0 Forest Hollow - 179.0 Hollin Meadows
Hollin Meadows,Week4,Springboard,Week1,274.0 Hollin Meadows - 128.0 Springboard
Hollin Hills,Week5,Hiddenbrook,Week5,281.0 Hiddenbrook - 121.0 Hollin Hills
Hollin Hills,Week2,Parliament,Week5,304.0 Parliament - 85.0 Hollin Hills
Hollin Meadows,Week3,Springboard,Week5,261.0 Hollin Meadows - 140.0 Springboard
Hollin Meadows,Week4,Forest Hollow,Week2,203.0 Forest Hollow - 199.0 Hollin Meadows
Hollin Meadows,Week5,South Run,Week2,248.0 Hollin Meadows - 154.0 South Run
Hollin Hills,Week3,Parliament,Week1,292.0 Parliament - 103.0 Hollin Hills
Hollin Hills,Week2,Hiddenbrook,Week4,282.0 Hiddenbrook - 120.0 Hollin Hills
Hollin Meadows,Week1,Forest Hollow,Week1,206.0 Forest Hollow - 196.0 Hollin Meadows
Hollin Meadows,Week5,Fairfax Station,Week1,247.0 Fairfax Station - 155.0 Hollin Meadows
Hollin Hills,Week4,Orange Hunt,Week2,314.0 Orange Hunt - 86.0 Hollin Hills
Hollin Meadows,Week5,Mosby Woods,Week2,244.0 Mosby Woods - 158.0 Hollin Meadows
Hollin Meadows,Week2,Forest Hollow,Week1,222.0 Forest Hollow - 180.0 Hollin Meadows
Hollin Hills,Week3,Parliament,Week2,295.0 Parliament - 103.0 Hollin Hills
Hollin Meadows,Week5,Mosby Woods,Week4,228.0 Mosby Woods - 174.0 Hollin Meadows
Hollin Hills,Week3,Parliament,Week5,289.0 Parliament - 108.0 Hollin Hills
Hollin Meadows,Week2,Springboard,Week4,264.0 Hollin Meadows - 138.0 Springboard
Hollin Hills,Week3,Orange Hunt,Week5,306.0 Orange Hunt - 95.0 Hollin Hills
Hollin Hills,Week1,Parliament,Week3,311.0 Parliament - 89.0 Hollin Hills
Hollin Hills,Week4,Orange Hunt,Week4,314.0 Orange Hunt - 87.0 Hollin Hills
Hollin Hills,Week1,High Point Pool,Week2,339.0 High Point Pool - 62.0 Hollin Hills
Hollin Hills,Week5,Hiddenbrook,Week3,276.0 Hiddenbrook - 123.0 Hollin Hills
Hollin Hills,Week5,Fox Mill Estates,Week1,260.0 Fox Mill Estates - 140.0 Hollin Hills
Hollin Meadows,Week3,Mosby Woods,Week3,251.0 Mosby Woods - 151.0 Hollin Meadows
Hollin Hills,Week1,High Point Pool,Week1,314.5 High Point Pool - 87.5 Hollin Hills
Hollin Hills,Week1,High Point Pool,Week3,329.0 High Point Pool - 73.0 Hollin Hills
Hollin Meadows,Week3,Mount Vernon Park,Week5,275.0 Mount Vernon Park - 127.0 Hollin Meadows
Hollin Meadows,Week3,Mosby Woods,Week5,245.0 Mosby Woods - 157.0 Hollin Meadows
Hollin Hills,Week4,Orange Hunt,Week1,319.0 Orange Hunt - 83.0 Hollin Hills
Hollin Hills,Week5,Orange Hunt,Week1,308.0 Orange Hunt - 93.0 Hollin Hills
Hollin Meadows,Week2,Springboard,Week2,281.0 Hollin Meadows - 121.0 Springboard
Hollin Meadows,Week4,Fairfax Station,Week1,245.0 Fairfax Station - 157.0 Hollin Meadows
Hollin Hills,Week3,Parliament,Week3,301.0 Parliament - 101.0 Hollin Hills
Hollin Meadows,Week5,Springboard,Week1,283.0 Hollin Meadows - 119.0 Springboard
Hollin Hills,Week1,High Point Pool,Week4,325.0 High Point Pool - 77.0 Hollin Hills
Hollin Hills,Week3,Mantua,Week5,362.0 Mantua - 40.0 Hollin Hills
Hollin Meadows,Week4,Fairfax Station,Week4,249.0 Fairfax Station - 153.0 Hollin Meadows
Hollin Hills,Week3,Orange Hunt,Week4,299.0 Orange Hunt - 103.0 Hollin Hills
Hollin Hills,Week1,Hiddenbrook,Week5,302.0 Hiddenbrook - 100.0 Hollin Hills
Hollin Hills,Week2,Parliament,Week4,290.0 Parliament - 103.0 Hollin Hills
Hollin Meadows,Week5,Fairfax Station,Week2,258.0 Fairfax Station - 144.0 Hollin Meadows
Hollin Hills,Week4,Parliament,Week4,309.0 Parliament - 86.0 Hollin Hills
Hollin Hills,Week4,Hamlet,Week2,364.5 Hamlet - 36.5 Hollin Hills
Hollin Meadows,Week1,Forest Hollow,Week4,206.0 Hollin Meadows - 196.0 Forest Hollow
Hollin Hills,Week4,Orange Hunt,Week3,321.0 Orange Hunt - 80.0 Hollin Hills
Hollin Meadows,Week5,Fairfax Station,Week3,273.0 Fairfax Station - 129.0 Hollin Meadows
Hollin Hills,Week1,Pinecrest,Week2,343.0 Pinecrest - 59.0 Hollin Hills
Hollin Meadows,Week4,Fairfax Station,Week3,273.5 Fairfax Station - 128.5 Hollin Meadows
Hollin Hills,Week2,McLean,Week1,342.0 McLean - 60.0 Hollin Hills
Hollin Meadows,Week2,Mount Vernon Park,Week2,246.5 Mount Vernon Park - 155.5 Hollin Meadows
Hollin Hills,Week5,Hiddenbrook,Week4,273.0 Hiddenbrook - 128.0 Hollin Hills
Hollin Meadows,Week1,Mount Vernon Park,Week5,257.0 Mount Vernon Park - 145.0 Hollin Meadows
Hollin Hills,Week1,Overlee,Week1,378.0 Overlee - 24.0 Hollin Hills
Hollin Meadows,Week4,Springboard,Week3,268.0 Hollin Meadows - 134.0 Springboard
Hollin Hills,Week1,Overlee,Week2,386.0 Overlee - 16.0 Hollin Hills
Hollin Meadows,Week4,Springboard,Week5,259.0 Hollin Meadows - 143.0 Springboard
Hollin Meadows,Week1,Forest Hollow,Week2,211.0 Hollin Meadows - 191.0 Forest Hollow
Hollin Meadows,Week5,Springboard,Week2,303.0 Hollin Meadows - 99.0 Springboard
Hollin Meadows,Week4,Mosby Woods,Week1,238.0 Mosby Woods - 164.0 Hollin Meadows
Hollin Meadows,Week5,Springboard,Week4,278.0 Hollin Meadows - 124.0 Springboard
Hollin Hills,Week5,Hamlet,Week1,343.0 Hamlet - 58.0 Hollin Hills
Hollin Meadows,Week5,Springboard,Week3,282.0 Hollin Meadows - 120.0 Springboard
Hollin Meadows,Week3,Mosby Woods,Week1,255.0 Mosby Woods - 147.0 Hollin Meadows
Hollin Hills,Week4,Hamlet,Week3,365.0 Hamlet - 37.0 Hollin Hills
Hollin Hills,Week1,Hamlet,Week1,346.0 Hamlet - 56.0 Hollin Hills
Hollin Meadows,Week1,Mount Vernon Park,Week1,243.0 Mount Vernon Park - 159.0 Hollin Meadows
Hollin Hills,Week4,Parliament,Week3,330.0 Parliament - 66.0 Hollin Hills
Hollin Hills,Week2,Hamlet,Week3,351.0 Hamlet - 51.0 Hollin Hills
Hollin Hills,Week3,Hiddenbrook,Week2,226.0 Hiddenbrook - 176.0 Hollin Hills
Hollin Hills,Week2,Parliament,Week3,313.0 Parliament - 86.0 Hollin Hills
Hollin Hills,Week3,Hiddenbrook,Week1,271.5 Hiddenbrook - 130.5 Hollin Hills
Hollin Meadows,Week4,Springboard,Week4,268.0 Hollin Meadows - 134.0 Springboard
Hollin Hills,Week4,Hiddenbrook,Week1,265.0 Hiddenbrook - 135.0 Hollin Hills
Hollin Hills,Week5,Orange Hunt,Week4,296.0 Orange Hunt - 105.0 Hollin Hills
Hollin Meadows,Week5,Mount Vernon Park,Week3,242.0 Mount Vernon Park - 160.0 Hollin Meadows
Hollin Meadows,Week5,Mosby Woods,Week3,231.0 Mosby Woods - 171.0 Hollin Meadows
Hollin Hills,Week5,Parliament,Week2,288.0 Parliament - 103.0 Hollin Hills
Hollin Hills,Week3,Hamlet,Week4,352.0 Hamlet - 50.0 Hollin Hills
Hollin Meadows,Week5,Fairfax Station,Week5,269.0 Fairfax Station - 133.0 Hollin Meadows
Hollin Hills,Week4,Parliament,Week1,317.0 Parliament - 65.0 Hollin Hills
Hollin Hills,Week1,Pinecrest,Week3,348.0 Pinecrest - 54.0 Hollin Hills
Hollin Hills,Week4,Hiddenbrook,Week5,275.0 Hiddenbrook - 126.0 Hollin Hills
Hollin Meadows,Week2,Mount Vernon Park,Week1,258.0 Mount Vernon Park - 144.0 Hollin Meadows
Hollin Hills,Week2,Hiddenbrook,Week3,289.0 Hiddenbrook - 112.0 Hollin Hills
Hollin Meadows,Week5,Springboard,Week5,277.0 Hollin Meadows - 125.0 Springboard
Hollin Meadows,Week5,Mosby Woods,Week1,248.0 Mosby Woods - 154.0 Hollin Meadows
Hollin Meadows,Week1,Newington Forest,Week1,290.0 Hollin Meadows - 110.0 Newington Forest
Hollin Hills,Week3,McLean,Week3,355.0 McLean - 47.0 Hollin Hills
Hollin Hills,Week4,McLean,Week2,345.0 McLean - 57.0 Hollin Hills
Hollin Hills,Week4,Hiddenbrook,Week2,225.0 Hiddenbrook - 175.0 Hollin Hills
Hollin Hills,Week4,Hamlet,Week4,361.0 Hamlet - 37.0 Hollin Hills
Hollin Meadows,Week4,Springfield,Week5,359.0 Hollin Meadows - 43.0 Springfield
Hollin Meadows,Week4,Springfield,Week3,357.0 Hollin Meadows - 45.0 Springfield
Hollin Meadows,Week4,Fairfax Station,Week5,266.0 Fairfax Station - 136.0 Hollin Meadows
Hollin Hills,Week5,Hamlet,Week3,347.0 Hamlet - 54.0 Hollin Hills
Hollin Meadows,Week2,Forest Hollow,Week4,222.0 Forest Hollow - 180.0 Hollin Meadows
Hollin Meadows,Week2,Forest Hollow,Week2,218.0 Forest Hollow - 184.0 Hollin Meadows
Hollin Hills,Week3,McLean,Week5,366.0 McLean - 36.0 Hollin Hills
Hollin Hills,Week5,Parliament,Week5,294.0 Parliament - 91.0 Hollin Hills
Hollin Hills,Week3,Hiddenbrook,Week3,276.0 Hiddenbrook - 126.0 Hollin Hills
Hollin Hills,Week2,Pinecrest,Week4,351.0 Pinecrest - 51.0 Hollin Hills
Hollin Hills,Week2,Hiddenbrook,Week2,234.0 Hiddenbrook - 166.0 Hollin Hills
Hollin Hills,Week3,Hiddenbrook,Week5,284.0 Hiddenbrook - 118.0 Hollin Hills
Hollin Hills,Week2,Pinecrest,Week2,346.0 Pinecrest - 56.0 Hollin Hills
Hollin Meadows,Week5,Fairfax Station,Week4,254.0 Fairfax Station - 148.0 Hollin Meadows
Hollin Meadows,Week1,Stratford,Week5,287.0 Hollin Meadows - 115.0 Stratford
Hollin Meadows,Week5,Springfield,Week2,365.0 Hollin Meadows - 34.0 Springfield
Hollin Hills,Week3,Hamlet,Week2,365.0 Hamlet - 37.0 Hollin Hills
Hollin Hills,Week4,Hamlet,Week5,369.0 Hamlet - 33.0 Hollin Hills
Hollin Hills,Week2,Pinecrest,Week5,337.0 Pinecrest - 65.0 Hollin Hills
Hollin Hills,Week5,Greenbriar,Week5,285.0 Greenbriar - 116.0 Hollin Hills
Hollin Meadows,Week1,Springfield,Week5,368.0 Hollin Meadows - 33.0 Springfield
Hollin Meadows,Week4,Mount Vernon Park,Week3,243.0 Mount Vernon Park - 159.0 Hollin Meadows
Hollin Hills,Week2,McLean,Week5,362.0 McLean - 40.0 Hollin Hills
Hollin Hills,Week1,McLean,Week4,343.0 McLean - 58.0 Hollin Hills
Hollin Meadows,Week3,Forest Hollow,Week1,213.0 Forest Hollow - 189.0 Hollin Meadows
Hollin Hills,Week3,Mantua,Week4,345.0 Mantua - 57.0 Hollin Hills
Hollin Hills,Week5,Mantua,Week4,338.0 Mantua - 64.0 Hollin Hills
Hollin Hills,Week3,Hamlet,Week3,364.0 Hamlet - 38.0 Hollin Hills
Hollin Meadows,Week4,Mosby Woods,Week5,249.0 Mosby Woods - 153.0 Hollin Meadows
Hollin Meadows,Week1,Mount Vernon Park,Week2,238.0 Mount Vernon Park - 164.0 Hollin Meadows
Hollin Hills,Week2,Pinecrest,Week3,347.0 Pinecrest - 55.0 Hollin Hills
Hollin Meadows,Week3,Mosby Woods,Week2,259.0 Mosby Woods - 143.0 Hollin Meadows
Hollin Hills,Week5,Mantua,Week5,352.0 Mantua - 49.0 Hollin Hills
Hollin Meadows,Week3,Forest Hollow,Week5,215.0 Forest Hollow - 187.0 Hollin Meadows
Hollin Hills,Week5,Hamlet,Week4,350.0 Hamlet - 51.0 Hollin Hills
Hollin Meadows,Week5,Mosby Woods,Week5,252.0 Mosby Woods - 150.0 Hollin Meadows
Hollin Meadows,Week1,Springfield,Week4,356.0 Hollin Meadows - 46.0 Springfield
Hollin Hills,Week1,Pinecrest,Week5,334.0 Pinecrest - 68.0 Hollin Hills
Hollin Meadows,Week3,Forest Hollow,Week4,202.0 Forest Hollow - 200.0 Hollin Meadows
Hollin Meadows,Week1,Stratford,Week3,274.0 Hollin Meadows - 128.0 Stratford
Hollin Meadows,Week2,Forest Hollow,Week5,235.0 Forest Hollow - 167.0 Hollin Meadows
Hollin Hills,Week3,Hamlet,Week1,349.0 Hamlet - 53.0 Hollin Hills
Hollin Meadows,Week2,Mount Vernon Park,Week4,248.0 Mount Vernon Park - 154.0 Hollin Meadows
Hollin Meadows,Week2,Springfield,Week1,339.0 Hollin Meadows - 56.0 Springfield
Hollin Hills,Week4,Mantua,Week2,340.0 Mantua - 61.0 Hollin Hills
Hollin Meadows,Week2,Mosby Woods,Week4,245.0 Mosby Woods - 157.0 Hollin Meadows
Hollin Meadows,Week3,Mosby Woods,Week4,238.0 Mosby Woods - 164.0 Hollin Meadows
Hollin Hills,Week3,Pinecrest,Week1,338.0 Pinecrest - 64.0 Hollin Hills
Hollin Hills,Week1,McLean,Week2,347.0 McLean - 55.0 Hollin Hills
Hollin Meadows,Week1,Forest Hollow,Week5,217.5 Forest Hollow - 184.5 Hollin Meadows
Hollin Hills,Week3,Pinewood Lake,Week4,284.0 Hollin Hills - 104.0 Pinewood Lake
Hollin Meadows,Week2,Stratford,Week5,261.0 Hollin Meadows - 141.0 Stratford
Hollin Hills,Week1,Hamlet,Week5,361.0 Hamlet - 41.0 Hollin Hills
Hollin Hills,Week1,McLean,Week5,358.5 McLean - 43.5 Hollin Hills
Hollin Hills,Week3,Pinecrest,Week2,344.5 Pinecrest - 57.5 Hollin Hills
Hollin Meadows,Week3,Springfield,Week4,359.0 Hollin Meadows - 39.0 Springfield
Hollin Meadows,Week4,Fairfax Station,Week2,259.0 Fairfax Station - 143.0 Hollin Meadows
Hollin Meadows,Week2,Mount Vernon Park,Week3,257.0 Mount Vernon Park - 145.0 Hollin Meadows
Hollin Hills,Week2,Pinewood Lake,Week5,266.0 Hollin Hills - 111.0 Pinewood Lake
Hollin Meadows,Week2,Stratford,Week3,261.0 Hollin Meadows - 141.0 Stratford
Hollin Meadows,Week3,Forest Hollow,Week3,220.0 Forest Hollow - 182.0 Hollin Meadows
Hollin Meadows,Week5,Springfield,Week1,362.0 Hollin Meadows - 38.0 Springfield
Hollin Meadows,Week4,Forest Hollow,Week1,225.0 Forest Hollow - 177.0 Hollin Meadows
Hollin Hills,Week1,McLean,Week1,339.0 McLean - 63.0 Hollin Hills
Hollin Meadows,Week4,Mosby Woods,Week3,240.0 Mosby Woods - 162.0 Hollin Meadows
Hollin Hills,Week1,Hamlet,Week2,358.0 Hamlet - 44.0 Hollin Hills
Hollin Meadows,Week2,Mount Vernon Park,Week5,272.0 Mount Vernon Park - 125.0 Hollin Meadows
Hollin Meadows,Week4,Forest Hollow,Week3,219.0 Forest Hollow - 183.0 Hollin Meadows
Hollin Hills,Week4,Pinewood Lake,Week3,292.0 Hollin Hills - 83.0 Pinewood Lake
Hollin Hills,Week4,Mantua,Week4,346.0 Mantua - 56.0 Hollin Hills
Hollin Meadows,Week1,Springfield,Week3,363.0 Hollin Meadows - 37.0 Springfield
Hollin Hills,Week1,Hamlet,Week3,349.0 Hamlet - 53.0 Hollin Hills
Hollin Meadows,Week2,Forest Hollow,Week3,217.0 Forest Hollow - 185.0 Hollin Meadows
Hollin Hills,Week2,McLean,Week3,347.0 McLean - 55.0 Hollin Hills
Hollin Hills,Week2,Hamlet,Week1,342.0 Hamlet - 54.0 Hollin Hills
Hollin Meadows,Week3,Mount Vernon Park,Week4,251.0 Mount Vernon Park - 151.0 Hollin Meadows
Hollin Hills,Week1,Pinewood Lake,Week4,259.0 Hollin Hills - 119.0 Pinewood Lake
Hollin Meadows,Week2,Mosby Woods,Week5,258.0 Mosby Woods - 144.0 Hollin Meadows
Hollin Hills,Week2,Hamlet,Week4,349.0 Hamlet - 53.0 Hollin Hills
Hollin Meadows,Week1,Forest Hollow,Week3,209.0 Hollin Meadows - 193.0 Forest Hollow
Hollin Hills,Week4,Mantua,Week5,361.0 Mantua - 41.0 Hollin Hills
Hollin Meadows,Week4,Springfield,Week1,355.0 Hollin Meadows - 47.0 Springfield
Hollin Meadows,Week5,Springfield,Week5,371.0 Hollin Meadows - 26.0 Springfield
Hollin Hills,Week5,Hamlet,Week2,354.0 Hamlet - 48.0 Hollin Hills
Hollin Hills,Week3,Pinecrest,Week4,355.0 Pinecrest - 47.0 Hollin Hills
Hollin Hills,Week5,Hamlet,Week5,362.0 Hamlet - 40.0 Hollin Hills
Hollin Hills,Week5,Mantua,Week1,332.0 Mantua - 58.0 Hollin Hills
Hollin Hills,Week1,Pinewood Lake,Week5,263.0 Hollin Hills - 121.0 Pinewood Lake
Hollin Hills,Week3,Pinewood Lake,Week3,305.0 Hollin Hills - 80.0 Pinewood Lake
Hollin Meadows,Week3,Mount Vernon Park,Week2,249.0 Mount Vernon Park - 153.0 Hollin Meadows
Hollin Meadows,Week1,Fox Hunt,Week5,201.0 Fox Hunt - 201.0 Hollin Meadows
Hollin Hills,Week1,Hamlet,Week4,351.0 Hamlet - 50.0 Hollin Hills
Hollin Hills,Week2,McLean,Week2,339.0 McLean - 63.0 Hollin Hills
Hollin Meadows,Week2,Fox Hunt,Week4,221.0 Fox Hunt - 181.0 Hollin Meadows
Hollin Hills,Week1,Pinewood Lake,Week1,278.0 Hollin Hills - 98.0 Pinewood Lake
Hollin Meadows,Week5,Forest Hollow,Week1,208.0 Hollin Meadows - 194.0 Forest Hollow
Hollin Hills,Week4,Pinewood Lake,Week5,282.0 Hollin Hills - 97.0 Pinewood Lake
Hollin Hills,Week1,McLean,Week3,343.0 McLean - 59.0 Hollin Hills
Hollin Meadows,Week1,Stratford,Week1,288.0 Hollin Meadows - 114.0 Stratford
Hollin Meadows,Week3,Mount Vernon Park,Week1,252.0 Mount Vernon Park - 150.0 Hollin Meadows
Hollin Meadows,Week2,Springfield,Week2,347.0 Hollin Meadows - 48.0 Springfield
Hollin Hills,Week3,Hamlet,Week5,374.0 Hamlet - 28.0 Hollin Hills
Hollin Hills,Week3,McLean,Week2,344.0 McLean - 58.0 Hollin Hills
Hollin Meadows,Week1,Fox Hunt,Week3,202.0 Fox Hunt - 200.0 Hollin Meadows
Hollin Meadows,Week1,Springfield,Week2,365.0 Hollin Meadows - 36.0 Springfield
Hollin Hills,Week4,Hamlet,Week1,356.0 Hamlet - 45.0 Hollin Hills
Hollin Hills,Week2,Hamlet,Week2,355.0 Hamlet - 47.0 Hollin Hills
Hollin Meadows,Week3,Mount Vernon Park,Week3,249.0 Mount Vernon Park - 153.0 Hollin Meadows
Hollin Meadows,Week3,Springfield,Week2,359.0 Hollin Meadows - 39.0 Springfield
Hollin Meadows,Week4,Mount Vernon Park,Week2,242.0 Mount Vernon Park - 160.0 Hollin Meadows
Hollin Meadows,Week4,Fox Hunt,Week1,210.0 Hollin Meadows - 192.0 Fox Hunt
Hollin Hills,Week5,Mantua,Week3,359.0 Mantua - 43.0 Hollin Hills
Hollin Meadows,Week5,Forest Hollow,Week5,207.0 Forest Hollow - 195.0 Hollin Meadows
Hollin Hills,Week4,Mantua,Week3,365.0 Mantua - 36.0 Hollin Hills
Hollin Meadows,Week1,Springfield,Week1,361.0 Hollin Meadows - 40.0 Springfield
Hollin Meadows,Week5,Fox Hunt,Week2,224.5 Hollin Meadows - 177.5 Fox Hunt
Hollin Meadows,Week3,Springfield,Week1,361.0 Hollin Meadows - 37.0 Springfield
Hollin Hills,Week5,Pinecrest,Week1,335.0 Pinecrest - 67.0 Hollin Hills
Hollin Meadows,Week4,Mount Vernon Park,Week5,262.0 Mount Vernon Park - 140.0 Hollin Meadows
Hollin Meadows,Week4,Mount Vernon Park,Week1,245.0 Mount Vernon Park - 157.0 Hollin Meadows
Hollin Hills,Week2,Pinewood Lake,Week1,272.0 Hollin Hills - 93.0 Pinewood Lake
Hollin Hills,Week4,Pinecrest,Week2,353.0 Pinecrest - 49.0 Hollin Hills
Hollin Hills,Week4,McLean,Week1,343.0 McLean - 59.0 Hollin Hills
Hollin Meadows,Week3,Fox Hunt,Week2,207.0 Hollin Meadows - 194.0 Fox Hunt
Hollin Meadows,Week2,Springfield,Week5,354.0 Hollin Meadows - 40.0 Springfield
Hollin Meadows,Week4,Mount Vernon Park,Week4,236.0 Mount Vernon Park - 166.0 Hollin Meadows
Hollin Hills,Week5,Pinecrest,Week5,329.0 Pinecrest - 73.0 Hollin Hills
Hollin Hills,Week2,Hamlet,Week5,368.0 Hamlet - 34.0 Hollin Hills
Hollin Meadows,Week5,Fox Hunt,Week4,214.0 Hollin Meadows - 188.0 Fox Hunt
Hollin Hills,Week2,McLean,Week4,342.0 McLean - 60.0 Hollin Hills
Hollin Hills,Week3,Mantua,Week3,365.0 Mantua - 37.0 Hollin Hills
Hollin Hills,Week2,Pinewood Lake,Week4,255.0 Hollin Hills - 119.0 Pinewood Lake
Hollin Meadows,Week4,Forest Hollow,Week5,224.0 Forest Hollow - 178.0 Hollin Meadows
Hollin Hills,Week4,Mantua,Week1,338.0 Mantua - 58.0 Hollin Hills
Hollin Hills,Week4,Hollin Hills,Week2,203.0 Hollin Hills (HH1) - 176.0 Hollin Hills (HH2)
Hollin Hills,Week4,Pinewood Lake,Week1,291.0 Hollin Hills - 81.0 Pinewood Lake
Hollin Meadows,Week3,Springfield,Week3,355.0 Hollin Meadows - 45.0 Springfield
Hollin Meadows,Week2,Springfield,Week4,341.0 Hollin Meadows - 54.0 Springfield
Hollin Meadows,Week5,Mount Vernon Park,Week1,228.0 Mount Vernon Park - 174.0 Hollin Meadows
Hollin Meadows,Week5,Mount Vernon Park,Week2,233.0 Mount Vernon Park - 169.0 Hollin Meadows
Hollin Hills,Week5,Pinecrest,Week2,343.0 Pinecrest - 59.0 Hollin Hills
Hollin Meadows,Week5,Fox Hunt,Week1,224.0 Hollin Meadows - 178.0 Fox Hunt
Hollin Meadows,Week1,Fox Mill Estates,Week2,267.0 Hollin Meadows - 135.0 Fox Mill Estates
Hollin Meadows,Week5,Mount Vernon Park,Week4,232.0 Mount Vernon Park - 170.0 Hollin Meadows
Hollin Meadows,Week3,Springfield,Week5,364.0 Hollin Meadows - 34.0 Springfield
Hollin Meadows,Week2,Fox Hunt,Week1,202.0 Fox Hunt - 200.0 Hollin Meadows
Hollin Meadows,Week2,Springfield,Week3,341.5 Hollin Meadows - 54.5 Springfield
Hollin Hills,Week3,McLean,Week1,345.0 McLean - 57.0 Hollin Hills
Hollin Meadows,Week5,Springfield,Week4,358.0 Hollin Meadows - 42.0 Springfield
Hollin Hills,Week3,McLean,Week4,346.0 McLean - 56.0 Hollin Hills
Hollin Hills,Week2,Hollin Hills,Week5,210.0 Hollin Hills (HH2) - 170.0 Hollin Hills (HH1)
Hollin Meadows,Week1,Newington Forest,Week3,290.0 Hollin Meadows - 111.0 Newington Forest
Hollin Meadows,Week1,Stratford,Week4,270.0 Hollin Meadows - 132.0 Stratford
Hollin Meadows,Week5,Forest Hollow,Week2,209.0 Hollin Meadows - 193.0 Forest Hollow
Hollin Hills,Week1,Mosby Woods,Week1,330.0 Mosby Woods - 71.0 Hollin Hills
Hollin Meadows,Week5,Mount Vernon Park,Week5,255.0 Mount Vernon Park - 147.0 Hollin Meadows
Hollin Hills,Week4,Pinecrest,Week1,342.0 Pinecrest - 60.0 Hollin Hills
Hollin Hills,Week4,Hollin Hills,Week5,200.0 Hollin Hills (HH2) - 183.0 Hollin Hills (HH1)
Hollin Meadows,Week2,Newington Forest,Week3,267.0 Hollin Meadows - 135.0 Newington Forest
Hollin Hills,Week5,Hollin Hills,Week1,214.0 Hollin Hills (HH1) - 172.0 Hollin Hills (HH2)
Hollin Hills,Week5,McLean,Week2,344.0 McLean - 58.0 Hollin Hills
Hollin Meadows,Week4,Springfield,Week4,358.0 Hollin Meadows - 44.0 Springfield
Hollin Meadows,Week2,Newington Forest,Week1,276.0 Hollin Meadows - 126.0 Newington Forest
Hollin Hills,Week2,Hollin Hills,Week3,203.0 Hollin Hills (HH2) - 186.0 Hollin Hills (HH1)
Hollin Hills,Week1,Pinewood Lake,Week3,276.0 Hollin Hills - 100.0 Pinewood Lake
Hollin Meadows,Week3,Newington Forest,Week1,296.0 Hollin Meadows - 105.0 Newington Forest
Hollin Meadows,Week4,Springfield,Week2,360.0 Hollin Meadows - 42.0 Springfield
Hollin Meadows,Week5,Forest Hollow,Week3,202.0 Hollin Meadows - 200.0 Forest Hollow
Hollin Hills,Week5,Mantua,Week2,333.0 Mantua - 64.0 Hollin Hills
Hollin Hills,Week2,Mosby Woods,Week1,324.0 Mosby Woods - 77.0 Hollin Hills
Hollin Hills,Week3,Pinewood Lake,Week1,313.0 Hollin Hills - 70.0 Pinewood Lake
Hollin Meadows,Week1,Stratford,Week2,288.0 Hollin Meadows - 114.0 Stratford
Hollin Hills,Week1,Hollin Meadows,Week1,324.0 Hollin Meadows - 74.0 Hollin Hills
Hollin Hills,Week4,Pinewood Lake,Week2,289.0 Hollin Hills - 88.0 Pinewood Lake
Hollin Meadows,Week5,Fox Hunt,Week5,208.0 Fox Hunt - 194.0 Hollin Meadows
Hollin Hills,Week3,Hollin Hills,Week4,205.0 Hollin Hills (HH1) - 187.0 Hollin Hills (HH2)
Hollin Hills,Week5,Pinecrest,Week4,333.0 Pinecrest - 69.0 Hollin Hills
Hollin Meadows,Week2,Fox Hunt,Week3,218.0 Fox Hunt - 184.0 Hollin Meadows
Hollin Hills,Week3,Hollin Hills,Week2,203.0 Hollin Hills (HH1) - 186.0 Hollin Hills (HH2)
Hollin Meadows,Week1,Fox Hunt,Week2,215.0 Hollin Meadows - 187.0 Fox Hunt
Hollin Hills,Week4,Pinecrest,Week4,349.0 Pinecrest - 53.0 Hollin Hills
Hollin Meadows,Week5,Springfield,Week3,361.0 Hollin Meadows - 38.0 Springfield
Hollin Hills,Week2,Mosby Woods,Week3,326.5 Mosby Woods - 73.5 Hollin Hills
Hollin Hills,Week5,Hollin Hills,Week4,200.0 Hollin Hills (HH1) - 183.0 Hollin Hills (HH2)
Hollin Hills,Week3,Mosby Woods,Week4,323.0 Mosby Woods - 79.0 Hollin Hills
Hollin Meadows,Week2,Newington Forest,Week5,233.5 Hollin Meadows - 168.5 Newington Forest
Hollin Meadows,Week2,Newington Forest,Week4,244.0 Hollin Meadows - 158.0 Newington Forest
Hollin Hills,Week2,Pleasant Valley,Week2,208.0 Pleasant Valley - 185.0 Hollin Hills
Hollin Hills,Week5,Pinecrest,Week3,346.0 Pinecrest - 56.0 Hollin Hills
Hollin Hills,Week4,Pinecrest,Week5,338.0 Pinecrest - 63.0 Hollin Hills
Hollin Hills,Week4,Mosby Woods,Week5,347.0 Mosby Woods - 55.0 Hollin Hills
Hollin Hills,Week1,Hollin Meadows,Week3,316.0 Hollin Meadows - 86.0 Hollin Hills
Hollin Meadows,Week2,Stratford,Week1,264.5 Hollin Meadows - 137.5 Stratford
Hollin Meadows,Week2,Stratford,Week2,268.0 Hollin Meadows - 134.0 Stratford
Hollin Hills,Week2,Mosby Woods,Week5,339.0 Mosby Woods - 63.0 Hollin Hills
Hollin Meadows,Week3,Fox Hunt,Week1,223.0 Hollin Meadows - 179.0 Fox Hunt
Hollin Meadows,Week2,Stratford,Week4,252.0 Hollin Meadows - 150.0 Stratford
Hollin Meadows,Week3,Newington Forest,Week4,278.0 Hollin Meadows - 124.0 Newington Forest
Hollin Hills,Week1,Hollin Meadows,Week2,310.0 Hollin Meadows - 92.0 Hollin Hills
Hollin Meadows,Week2,Fox Hunt,Week2,207.0 Fox Hunt - 195.0 Hollin Meadows
Hollin Hills,Week5,Hollin Hills,Week2,210.0 Hollin Hills (HH1) - 170.0 Hollin Hills (HH2)
Hollin Meadows,Week3,Newington Forest,Week5,257.0 Hollin Meadows - 145.0 Newington Forest
Hollin Hills,Week3,Pinecrest,Week5,339.0 Pinecrest - 63.0 Hollin Hills
Hollin Hills,Week4,McLean,Week3,350.0 McLean - 52.0 Hollin Hills
Hollin Meadows,Week1,Newington Forest,Week5,247.0 Hollin Meadows - 155.0 Newington Forest
Hollin Hills,Week1,Pinewood Lake,Week2,263.0 Hollin Hills - 111.0 Pinewood Lake
Hollin Hills,Week3,Mosby Woods,Week1,326.0 Mosby Woods - 76.0 Hollin Hills
Hollin Meadows,Week1,Fox Mill Estates,Week3,258.0 Hollin Meadows - 144.0 Fox Mill Estates
Hollin Meadows,Week1,Sully Station,Week3,239.0 Sully Station - 163.0 Hollin Meadows
Hollin Hills,Week5,Hollin Hills,Week5,185.0 Hollin Hills (HH1) - 185.0 Hollin Hills (HH2)
Hollin Meadows,Week1,Sully Station,Week2,227.0 Sully Station - 175.0 Hollin Meadows
Hollin Hills,Week2,Pinewood Lake,Week2,261.0 Hollin Hills - 108.0 Pinewood Lake
Hollin Meadows,Week1,Newington Forest,Week2,278.0 Hollin Meadows - 122.0 Newington Forest
Hollin Hills,Week1,Mount Vernon Park,Week1,335.0 Mount Vernon Park - 62.0 Hollin Hills
Hollin Meadows,Week5,Stratford,Week4,266.0 Hollin Meadows - 136.0 Stratford
Hollin Meadows,Week2,Sully Station,Week3,244.5 Sully Station - 157.5 Hollin Meadows
Hollin Hills,Week3,Pinewood Lake,Week5,301.0 Hollin Hills - 89.0 Pinewood Lake
Hollin Meadows,Week3,Fox Hunt,Week4,203.0 Hollin Meadows - 199.0 Fox Hunt
Hollin Meadows,Week1,Fox Hunt,Week1,223.0 Hollin Meadows - 179.0 Fox Hunt
Hollin Hills,Week4,Hollin Hills,Week4,184.5 Hollin Hills (HH1) - 184.5 Hollin Hills (HH2)
Hollin Hills,Week5,Mosby Woods,Week3,325.0 Mosby Woods - 76.0 Hollin Hills
Hollin Hills,Week5,Mosby Woods,Week5,337.0 Mosby Woods - 65.0 Hollin Hills
Hollin Hills,Week3,Pinewood Lake,Week2,280.0 Hollin Hills - 105.0 Pinewood Lake
Hollin Meadows,Week4,Newington Forest,Week2,297.0 Hollin Meadows - 105.0 Newington Forest
Hollin Hills,Week4,Pinecrest,Week3,352.0 Pinecrest - 50.0 Hollin Hills
Hollin Meadows,Week1,Fox Mill Estates,Week4,236.0 Hollin Meadows - 166.0 Fox Mill Estates
Hollin Meadows,Week4,Newington Forest,Week5,255.5 Hollin Meadows - 146.5 Newington Forest
Hollin Meadows,Week4,Newington Forest,Week1,301.0 Hollin Meadows - 101.0 Newington Forest
Hollin Meadows,Week4,Newington Forest,Week3,297.0 Hollin Meadows - 105.0 Newington Forest
Hollin Meadows,Week5,Forest Hollow,Week4,207.5 Hollin Meadows - 194.5 Forest Hollow
Hollin Meadows,Week3,Sully Station,Week4,246.0 Sully Station - 156.0 Hollin Meadows
Hollin Hills,Week2,Hollin Meadows,Week1,312.0 Hollin Meadows - 86.0 Hollin Hills
Hollin Hills,Week1,Hollin Meadows,Week4,309.0 Hollin Meadows - 93.0 Hollin Hills
Hollin Hills,Week2,Pinewood Lake,Week3,281.0 Hollin Hills - 86.0 Pinewood Lake
Hollin Meadows,Week3,Fox Hunt,Week3,202.5 Fox Hunt - 199.5 Hollin Meadows
Hollin Meadows,Week5,Stratford,Week5,275.5 Hollin Meadows - 126.5 Stratford
Hollin Hills,Week5,Mosby Woods,Week4,323.0 Mosby Woods - 77.0 Hollin Hills
Hollin Hills,Week5,McLean,Week1,331.0 McLean - 71.0 Hollin Hills
Hollin Meadows,Week3,Newington Forest,Week3,298.0 Hollin Meadows - 104.0 Newington Forest
Hollin Hills,Week3,Hollin Hills,Week3,198.5 Hollin Hills (HH1) - 198.5 Hollin Hills (HH2)
Hollin Hills,Week2,Mosby Woods,Week2,334.0 Mosby Woods - 66.0 Hollin Hills
Hollin Hills,Week4,Pinewood Lake,Week4,280.0 Hollin Hills - 100.0 Pinewood Lake
Hollin Hills,Week2,Hollin Hills,Week4,203.0 Hollin Hills (HH2) - 176.0 Hollin Hills (HH1)
Hollin Hills,Week4,Hollin Hills,Week3,205.0 Hollin Hills (HH2) - 187.0 Hollin Hills (HH1)
Hollin Hills,Week5,Pinewood Lake,Week4,272.0 Hollin Hills - 113.0 Pinewood Lake
Hollin Meadows,Week5,Newington Forest,Week2,297.0 Hollin Meadows - 105.0 Newington Forest
Hollin Hills,Week5,Pinewood Lake,Week1,274.0 Hollin Hills - 93.0 Pinewood Lake
Hollin Meadows,Week4,Newington Forest,Week4,281.0 Hollin Meadows - 121.0 Newington Forest
Hollin Hills,Week3,Hollin Hills,Week5,215.0 Hollin Hills (HH2) - 177.0 Hollin Hills (HH1)
Hollin Meadows,Week5,Stratford,Week1,289.0 Hollin Meadows - 113.0 Stratford
Hollin Meadows,Week2,Fox Hunt,Week5,221.0 Fox Hunt - 181.0 Hollin Meadows
Hollin Meadows,Week1,Fox Hunt,Week4,214.0 Hollin Meadows - 188.0 Fox Hunt
Hollin Hills,Week2,Mosby Woods,Week4,330.0 Mosby Woods - 69.0 Hollin Hills
Hollin Meadows,Week3,Sully Station,Week3,247.0 Sully Station - 155.0 Hollin Meadows
Hollin Meadows,Week4,Stratford,Week1,269.0 Hollin Meadows - 133.0 Stratford
Hollin Meadows,Week5,Newington Forest,Week1,298.0 Hollin Meadows - 104.0 Newington Forest
Hollin Meadows,Week4,Fox Hunt,Week3,217.5 Fox Hunt - 184.5 Hollin Meadows
Hollin Hills,Week4,Mosby Woods,Week3,337.0 Mosby Woods - 63.0 Hollin Hills
Hollin Hills,Week1,Pleasant Valley,Week2,202.0 Hollin Hills - 195.0 Pleasant Valley
Hollin Meadows,Week4,Fox Hunt,Week4,207.0 Fox Hunt - 195.0 Hollin Meadows
Hollin Hills,Week5,Mosby Woods,Week1,324.0 Mosby Woods - 78.0 Hollin Hills
Hollin Meadows,Week4,Fox Hunt,Week2,213.0 Hollin Meadows - 189.0 Fox Hunt
Hollin Hills,Week5,Pinewood Lake,Week2,262.0 Hollin Hills - 108.0 Pinewood Lake
Hollin Hills,Week4,Rolling Valley,Week4,225.0 Rolling Valley - 176.0 Hollin Hills
Hollin Meadows,Week3,Stratford,Week1,271.0 Hollin Meadows - 131.0 Stratford
Hollin Hills,Week5,Hollin Hills,Week3,215.0 Hollin Hills (HH1) - 177.0 Hollin Hills (HH2)
Hollin Hills,Week1,Mosby Woods,Week4,327.0 Mosby Woods - 73.0 Hollin Hills
Hollin Meadows,Week5,Fox Hunt,Week3,204.0 Fox Hunt - 198.0 Hollin Meadows
Hollin Meadows,Week2,Newington Forest,Week2,275.0 Hollin Meadows - 127.0 Newington Forest
Hollin Meadows,Week3,Fox Hunt,Week5,204.0 Fox Hunt - 198.0 Hollin Meadows
Hollin Hills,Week2,Rolling Valley,Week3,241.0 Rolling Valley - 160.0 Hollin Hills
Hollin Hills,Week5,Pinewood Lake,Week3,273.0 Hollin Hills - 101.0 Pinewood Lake
Hollin Meadows,Week3,North Springfield,Week4,323.0 Hollin Meadows - 68.0 North Springfield
Hollin Hills,Week2,Hollin Meadows,Week3,318.0 Hollin Meadows - 84.0 Hollin Hills
Hollin Hills,Week5,Pinewood Lake,Week5,272.0 Hollin Hills - 110.0 Pinewood Lake
Hollin Hills,Week5,McLean,Week4,336.0 McLean - 65.0 Hollin Hills
Hollin Hills,Week1,Hollin Meadows,Week5,319.0 Hollin Meadows - 83.0 Hollin Hills
Hollin Meadows,Week4,Stratford,Week3,259.0 Hollin Meadows - 143.0 Stratford
Hollin Meadows,Week1,Newington Forest,Week4,266.0 Hollin Meadows - 136.0 Newington Forest
Hollin Hills,Week4,Hollin Hills,Week1,204.0 Hollin Hills (HH1) - 179.0 Hollin Hills (HH2)
Hollin Meadows,Week4,Fox Hunt,Week5,221.5 Fox Hunt - 180.5 Hollin Meadows
Hollin Meadows,Week1,Sully Station,Week5,248.0 Sully Station - 153.0 Hollin Meadows
Hollin Hills,Week1,Pleasant Valley,Week1,212.0 Pleasant Valley - 187.0 Hollin Hills
Hollin Hills,Week1,Mosby Woods,Week3,325.0 Mosby Woods - 76.0 Hollin Hills
Hollin Meadows,Week2,Sully Station,Week5,259.0 Sully Station - 143.0 Hollin Meadows
Hollin Hills,Week2,Hollin Meadows,Week2,302.0 Hollin Meadows - 100.0 Hollin Hills
Hollin Hills,Week5,McLean,Week3,348.0 McLean - 48.0 Hollin Hills
Hollin Meadows,Week3,Newington Forest,Week2,295.0 Hollin Meadows - 106.0 Newington Forest
Hollin Meadows,Week5,North Springfield,Week3,320.0 Hollin Meadows - 75.0 North Springfield
Hollin Meadows,Week4,North Springfield,Week1,302.0 Hollin Meadows - 49.0 North Springfield
Hollin Hills,Week4,McLean,Week5,361.0 McLean - 41.0 Hollin Hills
Hollin Hills,Week3,Rolling Valley,Week2,250.0 Rolling Valley - 152.0 Hollin Hills
Hollin Meadows,Week4,Stratford,Week4,253.0 Hollin Meadows - 149.0 Stratford
Hollin Hills,Week1,Mosby Woods,Week5,337.0 Mosby Woods - 65.0 Hollin Hills
Hollin Meadows,Week2,Fox Mill Estates,Week3,216.0 Hollin Meadows - 186.0 Fox Mill Estates
Hollin Meadows,Week1,Fox Mill Estates,Week1,276.0 Hollin Meadows - 126.0 Fox Mill Estates
Hollin Meadows,Week5,Newington Forest,Week3,290.0 Hollin Meadows - 112.0 Newington Forest
Hollin Hills,Week4,Rolling Valley,Week2,212.0 Rolling Valley - 189.0 Hollin Hills
Hollin Meadows,Week5,Stratford,Week2,292.0 Hollin Meadows - 110.0 Stratford
Hollin Hills,Week1,Pleasant Valley,Week5,202.0 Pleasant Valley - 188.0 Hollin Hills
Hollin Hills,Week1,Pleasant Valley,Week3,237.0 Pleasant Valley - 160.0 Hollin Hills
Hollin Hills,Week3,Hollin Hills,Week1,220.0 Hollin Hills (HH1) - 174.0 Hollin Hills (HH2)
Hollin Hills,Week1,Mosby Woods,Week2,330.0 Mosby Woods - 71.0 Hollin Hills
Hollin Meadows,Week3,Stratford,Week5,263.0 Hollin Meadows - 139.0 Stratford
Hollin Hills,Week5,Rolling Valley,Week5,228.0 Rolling Valley - 174.0 Hollin Hills
Hollin Hills,Week1,Pleasant Valley,Week4,202.0 Hollin Hills - 192.0 Pleasant Valley
Holmes Run Acres,Week4,Bren Mar-Edsall Park,Week1,353.0 Holmes Run Acres - 48.0 Bren Mar-Edsall Park
Hollin Meadows,Week3,Fox Mill Estates,Week5,238.0 Hollin Meadows - 164.0 Fox Mill Estates
Hollin Hills,Week2,Pleasant Valley,Week1,202.0 Hollin Hills - 197.0 Pleasant Valley
Holmes Run Acres,Week2,Brookfield ,Week2,212.0 Holmes Run Acres - 190.0 Brookfield
Hollin Hills,Week2,Rutherford,Week1,238.0 Rutherford - 150.0 Hollin Hills
Holmes Run Acres,Week2,Bren Mar-Edsall Park,Week3,337.0 Holmes Run Acres - 65.0 Bren Mar-Edsall Park
Hollin Meadows,Week3,Stratford,Week3,258.0 Hollin Meadows - 144.0 Stratford
Hollin Hills,Week3,Rutherford,Week5,262.0 Rutherford - 140.0 Hollin Hills
Hollin Meadows,Week5,Newington Forest,Week4,275.0 Hollin Meadows - 127.0 Newington Forest
Hollin Meadows,Week5,North Springfield,Week2,332.0 Hollin Meadows - 56.0 North Springfield
Hollin Hills,Week2,Pleasant Valley,Week4,212.0 Hollin Hills - 172.0 Pleasant Valley
Hollin Hills,Week5,Rolling Valley,Week1,212.0 Hollin Hills - 190.0 Rolling Valley
Hollin Meadows,Week3,North Springfield,Week5,285.0 Hollin Meadows - 88.0 North Springfield
Hollin Meadows,Week4,Stratford,Week2,284.0 Hollin Meadows - 118.0 Stratford
Hollin Meadows,Week2,Sully Station,Week4,248.0 Sully Station - 154.0 Hollin Meadows
Hollin Meadows,Week4,North Springfield,Week5,287.5 Hollin Meadows - 86.5 North Springfield
Hollin Meadows,Week5,Fox Mill Estates,Week4,233.0 Hollin Meadows - 169.0 Fox Mill Estates
Hollin Meadows,Week2,Fox Mill Woods,Week1,249.0 Fox Mill Woods - 153.0 Hollin Meadows
Holmes Run Acres,Week2,Bren Mar-Edsall Park,Week5,334.0 Holmes Run Acres - 68.0 Bren Mar-Edsall Park
Hollin Hills,Week4,McLean,Week4,341.0 McLean - 57.0 Hollin Hills
Hollin Meadows,Week3,Stratford,Week4,264.0 Hollin Meadows - 138.0 Stratford
Hollin Meadows,Week2,Fox Mill Estates,Week1,231.0 Hollin Meadows - 171.0 Fox Mill Estates
Hollin Hills,Week2,Rutherford,Week4,262.0 Rutherford - 135.0 Hollin Hills
Hollin Meadows,Week2,Sully Station,Week1,241.0 Sully Station - 161.0 Hollin Meadows
Hollin Hills,Week5,Rolling Valley,Week2,238.0 Rolling Valley - 163.0 Hollin Hills
Holmes Run Acres,Week1,Brookfield ,Week4,201.0 Brookfield - 201.0 Holmes Run Acres
Hollin Meadows,Week1,Oakton ,Week3,256.0 Oakton - 146.0 Hollin Meadows
Hollin Hills,Week3,Mosby Woods,Week3,340.0 Mosby Woods - 62.0 Hollin Hills
Hollin Hills,Week2,Pleasant Valley,Week5,201.0 Hollin Hills - 193.0 Pleasant Valley
Hollin Hills,Week3,Mosby Woods,Week2,341.0 Mosby Woods - 61.0 Hollin Hills
Hollin Hills,Week3,Pleasant Valley,Week2,207.0 Hollin Hills - 192.0 Pleasant Valley
Hollin Hills,Week5,McLean,Week5,353.0 McLean - 49.0 Hollin Hills
Hollin Meadows,Week2,Fox Mill Woods,Week3,234.0 Fox Mill Woods - 168.0 Hollin Meadows
Hollin Meadows,Week2,Fox Mill Woods,Week5,243.0 Fox Mill Woods - 159.0 Hollin Meadows
Hollin Meadows,Week2,North Springfield,Week3,280.0 Hollin Meadows - 116.0 North Springfield
Hollin Meadows,Week1,Fox Mill Estates,Week5,250.0 Hollin Meadows - 152.0 Fox Mill Estates
Hollin Meadows,Week5,Newington Forest,Week5,254.0 Hollin Meadows - 148.0 Newington Forest
Hollin Meadows,Week1,Oakton ,Week4,259.0 Oakton - 143.0 Hollin Meadows
Hollin Hills,Week5,Laurel Hill,Week1,221.0 Laurel Hill - 174.0 Hollin Hills
Holmes Run Acres,Week1,Brookfield ,Week3,208.0 Holmes Run Acres - 194.0 Brookfield
Hollin Hills,Week2,Rutherford,Week5,267.0 Rutherford - 128.0 Hollin Hills
Holmes Run Acres,Week5,Bren Mar-Edsall Park,Week3,365.0 Holmes Run Acres - 37.0 Bren Mar-Edsall Park
Hollin Meadows,Week3,Fox Mill Estates,Week3,239.0 Hollin Meadows - 163.0 Fox Mill Estates
Hollin Meadows,Week2,North Springfield,Week5,281.0 Hollin Meadows - 93.0 North Springfield
Holmes Run Acres,Week5,Bren Mar-Edsall Park,Week1,366.0 Holmes Run Acres - 36.0 Bren Mar-Edsall Park
Hollin Hills,Week3,Mosby Woods,Week5,336.0 Mosby Woods - 66.0 Hollin Hills
Hollin Hills,Week4,Pleasant Valley,Week3,208.0 Pleasant Valley - 189.0 Hollin Hills
Hollin Hills,Week3,Pleasant Valley,Week1,201.0 Pleasant Valley - 199.0 Hollin Hills
Hollin Meadows,Week2,Sully Station,Week2,240.5 Sully Station - 161.5 Hollin Meadows
Hollin Hills,Week2,Great Falls,Week5,288.0 Great Falls - 105.0 Hollin Hills
Hollin Hills,Week3,Great Falls,Week4,263.0 Great Falls - 134.0 Hollin Hills
Hollin Hills,Week5,Mosby Woods,Week2,339.5 Mosby Woods - 62.5 Hollin Hills
Hollin Hills,Week4,Mosby Woods,Week1,332.0 Mosby Woods - 68.0 Hollin Hills
Hollin Hills,Week4,Great Falls,Week2,287.0 Great Falls - 95.0 Hollin Hills
Hollin Hills,Week4,Mosby Woods,Week4,336.0 Mosby Woods - 60.0 Hollin Hills
Hollin Meadows,Week3,Stratford,Week2,283.0 Hollin Meadows - 119.0 Stratford
Hollin Meadows,Week1,Sully Station,Week1,235.0 Sully Station - 167.0 Hollin Meadows
Hollin Hills,Week4,Rolling Valley,Week5,222.0 Rolling Valley - 179.0 Hollin Hills
Hollin Hills,Week2,Rolling Valley,Week2,245.0 Rolling Valley - 156.0 Hollin Hills
Hollin Hills,Week5,Pleasant Valley,Week5,205.0 Hollin Hills - 183.0 Pleasant Valley
Hollin Meadows,Week1,Oakton ,Week2,270.0 Oakton - 132.0 Hollin Meadows
Holmes Run Acres,Week2,Bren Mar-Edsall Park,Week4,334.0 Holmes Run Acres - 68.0 Bren Mar-Edsall Park
Holmes Run Acres,Week3,Brookfield ,Week3,257.0 Holmes Run Acres - 145.0 Brookfield
Holmes Run Acres,Week1,Brookfield ,Week1,214.0 Brookfield - 188.0 Holmes Run Acres
Hollin Meadows,Week4,North Springfield,Week4,322.0 Hollin Meadows - 70.0 North Springfield
Hollin Meadows,Week5,Stratford,Week3,278.0 Hollin Meadows - 124.0 Stratford
Hollin Hills,Week5,Laurel Hill,Week5,249.0 Laurel Hill - 147.0 Hollin Hills
Hollin Hills,Week3,Great Falls,Week1,276.0 Great Falls - 122.0 Hollin Hills
Hollin Hills,Week4,Laurel Hill,Week4,236.0 Laurel Hill - 166.0 Hollin Hills
Hollin Hills,Week1,Rutherford,Week4,270.0 Rutherford - 130.0 Hollin Hills
Hollin Meadows,Week4,Stratford,Week5,262.0 Hollin Meadows - 140.0 Stratford
Hollin Hills,Week3,Rutherford,Week3,252.0 Rutherford - 150.0 Hollin Hills
Hollin Hills,Week4,Pleasant Valley,Week5,200.0 Hollin Hills - 197.0 Pleasant Valley
Hollin Hills,Week3,Rutherford,Week1,227.0 Rutherford - 173.0 Hollin Hills
Hollin Meadows,Week1,Fox Mill Woods,Week3,232.0 Fox Mill Woods - 170.0 Hollin Meadows
Hollin Hills,Week4,Pleasant Valley,Week1,210.0 Hollin Hills - 186.0 Pleasant Valley
Hollin Hills,Week2,Mount Vernon Park,Week3,330.0 Mount Vernon Park - 72.0 Hollin Hills
Hollin Hills,Week3,Pleasant Valley,Week4,225.0 Hollin Hills - 169.0 Pleasant Valley
Hollin Meadows,Week3,Sully Station,Week1,245.0 Sully Station - 157.0 Hollin Meadows
Hollin Meadows,Week1,Fox Mill Woods,Week4,244.0 Fox Mill Woods - 158.0 Hollin Meadows
Hollin Hills,Week4,Mosby Woods,Week2,342.0 Mosby Woods - 57.0 Hollin Hills
Hollin Meadows,Week4,Fox Mill Estates,Week1,266.0 Hollin Meadows - 136.0 Fox Mill Estates
Hollin Meadows,Week1,Fox Mill Woods,Week5,229.0 Fox Mill Woods - 173.0 Hollin Meadows
Hollin Meadows,Week1,Fox Mill Woods,Week2,231.0 Fox Mill Woods - 171.0 Hollin Meadows
Hollin Meadows,Week1,Sully Station,Week4,242.0 Sully Station - 160.0 Hollin Meadows
Hollin Meadows,Week4,Fox Mill Estates,Week5,239.0 Hollin Meadows - 163.0 Fox Mill Estates
Hollin Meadows,Week1,North Springfield,Week1,296.0 Hollin Meadows - 51.0 North Springfield
Hollin Meadows,Week3,Sully Station,Week2,242.0 Sully Station - 160.0 Hollin Meadows
Hollin Hills,Week1,Lee Graham,Week3,347.0 Lee Graham - 55.0 Hollin Hills
Hollin Hills,Week2,Rolling Valley,Week5,254.0 Rolling Valley - 148.0 Hollin Hills
Hollin Hills,Week4,Mount Vernon Park,Week3,334.0 Mount Vernon Park - 68.0 Hollin Hills
Hollin Hills,Week1,Mount Vernon Park,Week2,341.0 Mount Vernon Park - 61.0 Hollin Hills
Hollin Hills,Week5,Fox Mill Woods,Week3,323.0 Fox Mill Woods - 78.0 Hollin Hills
Hollin Hills,Week4,Laurel Hill,Week2,200.0 Laurel Hill - 187.0 Hollin Hills
Holmes Run Acres,Week2,Brookfield ,Week3,203.0 Holmes Run Acres - 199.0 Brookfield
Hollin Hills,Week5,Pleasant Valley,Week3,212.0 Pleasant Valley - 187.0 Hollin Hills
Holmes Run Acres,Week2,Brookfield ,Week4,210.0 Brookfield - 192.0 Holmes Run Acres
Hollin Hills,Week2,Pleasant Valley,Week3,222.0 Pleasant Valley - 175.0 Hollin Hills
Hollin Hills,Week2,Rutherford,Week2,242.0 Rutherford - 155.0 Hollin Hills
Hollin Meadows,Week3,Oakton ,Week4,280.5 Oakton - 121.5 Hollin Meadows
Hollin Hills,Week2,Great Falls,Week1,277.0 Great Falls - 114.0 Hollin Hills
Hollin Hills,Week2,Great Falls,Week4,277.0 Great Falls - 110.0 Hollin Hills
Hollin Hills,Week5,Laurel Hill,Week2,197.0 Laurel Hill - 194.0 Hollin Hills
Hollin Hills,Week5,Mount Vernon Park,Week4,323.5 Mount Vernon Park - 78.5 Hollin Hills
Hollin Hills,Week5,Pleasant Valley,Week2,207.0 Hollin Hills - 186.0 Pleasant Valley
Hollin Hills,Week3,Lee Graham,Week4,349.0 Lee Graham - 53.0 Hollin Hills
Hollin Hills,Week4,Lee Graham,Week4,351.0 Lee Graham - 51.0 Hollin Hills
Hollin Meadows,Week1,North Springfield,Week4,326.0 Hollin Meadows - 65.0 North Springfield
Hollin Hills,Week4,Pleasant Valley,Week2,213.0 Hollin Hills - 180.0 Pleasant Valley
Hollin Meadows,Week3,Fox Mill Estates,Week2,249.0 Hollin Meadows - 153.0 Fox Mill Estates
Hollin Hills,Week3,Mount Vernon Park,Week3,337.0 Mount Vernon Park - 65.0 Hollin Hills
Hollin Hills,Week3,Great Falls,Week2,281.0 Great Falls - 103.0 Hollin Hills
Hollin Hills,Week3,Great Falls,Week5,292.0 Great Falls - 108.0 Hollin Hills
Hollin Hills,Week2,Rolling Valley,Week4,245.0 Rolling Valley - 155.0 Hollin Hills
Hollin Meadows,Week5,Fox Mill Estates,Week5,257.0 Hollin Meadows - 145.0 Fox Mill Estates
Hollin Hills,Week3,Rolling Valley,Week5,238.0 Rolling Valley - 164.0 Hollin Hills
Hollin Hills,Week4,Rolling Valley,Week3,209.0 Rolling Valley - 192.0 Hollin Hills
Hollin Hills,Week4,Great Falls,Week4,272.0 Great Falls - 122.0 Hollin Hills
Hollin Hills,Week1,Mount Vernon Park,Week5,331.0 Mount Vernon Park - 71.0 Hollin Hills
Hollin Meadows,Week1,Sully Station II,Week2,242.0 Sully Station II - 160.0 Hollin Meadows
Hollin Meadows,Week2,North Springfield,Week4,319.0 Hollin Meadows - 72.0 North Springfield
Hollin Hills,Week5,Pleasant Valley,Week1,206.0 Hollin Hills - 190.0 Pleasant Valley
Hollin Hills,Week2,Lee Graham,Week2,358.0 Lee Graham - 43.0 Hollin Hills
Hollin Meadows,Week3,Fox Mill Estates,Week1,257.0 Hollin Meadows - 145.0 Fox Mill Estates
Hollin Hills,Week5,Pleasant Valley,Week4,222.0 Hollin Hills - 167.0 Pleasant Valley
Hollin Meadows,Week4,Sully Station,Week3,245.0 Sully Station - 157.0 Hollin Meadows
Holmes Run Acres,Week5,Bren Mar-Edsall Park,Week2,368.0 Holmes Run Acres - 34.0 Bren Mar-Edsall Park
Hollin Hills,Week3,Rolling Valley,Week4,247.0 Rolling Valley - 155.0 Hollin Hills
Holmes Run Acres,Week4,Bren Mar-Edsall Park,Week5,345.0 Holmes Run Acres - 57.0 Bren Mar-Edsall Park
Holmes Run Acres,Week1,Brookfield ,Week5,211.0 Holmes Run Acres - 191.0 Brookfield
Holmes Run Acres,Week1,Brookfield ,Week2,209.0 Holmes Run Acres - 193.0 Brookfield
Hollin Meadows,Week2,North Springfield,Week1,299.0 Hollin Meadows - 52.0 North Springfield
Hollin Hills,Week2,Mount Vernon Park,Week5,334.0 Mount Vernon Park - 68.0 Hollin Hills
Hollin Meadows,Week5,Sully Station,Week2,234.0 Sully Station - 168.0 Hollin Meadows
Hollin Hills,Week1,Poplar Heights,Week1,305.0 Poplar Heights - 96.0 Hollin Hills
Hollin Hills,Week5,Great Falls,Week1,268.0 Great Falls - 128.0 Hollin Hills
Hollin Hills,Week4,Lee Graham,Week2,361.0 Lee Graham - 40.0 Hollin Hills
Hollin Meadows,Week2,North Springfield,Week2,300.0 Hollin Meadows - 83.0 North Springfield
Hollin Meadows,Week5,Fox Mill Estates,Week1,272.0 Hollin Meadows - 130.0 Fox Mill Estates
Holmes Run Acres,Week5,Bren Mar-Edsall Park,Week5,366.0 Holmes Run Acres - 36.0 Bren Mar-Edsall Park
Hollin Hills,Week2,Newington Forest,Week4,248.0 Newington Forest - 152.0 Hollin Hills
Hollin Hills,Week2,Newington Forest,Week1,221.0 Newington Forest - 175.0 Hollin Hills
Hollin Meadows,Week3,North Springfield,Week1,288.0 Hollin Meadows - 62.0 North Springfield
Hollin Hills,Week2,Great Falls,Week2,295.0 Great Falls - 86.0 Hollin Hills
Hollin Hills,Week2,Rolling Valley,Week1,206.0 Rolling Valley - 196.0 Hollin Hills
Hollin Meadows,Week2,Fox Mill Estates,Week2,221.0 Hollin Meadows - 181.0 Fox Mill Estates
Holmes Run Acres,Week4,Bren Mar-Edsall Park,Week2,356.0 Holmes Run Acres - 45.0 Bren Mar-Edsall Park
Hollin Meadows,Week1,North Springfield,Week2,311.0 Hollin Meadows - 76.0 North Springfield
Hollin Hills,Week4,Rolling Valley,Week1,206.0 Hollin Hills - 196.0 Rolling Valley
Holmes Run Acres,Week3,Bren Mar-Edsall Park,Week1,364.0 Holmes Run Acres - 37.0 Bren Mar-Edsall Park
Hollin Hills,Week4,Great Falls,Week3,303.0 Great Falls - 98.0 Hollin Hills
Hollin Meadows,Week4,Fox Mill Estates,Week2,265.0 Hollin Meadows - 137.0 Fox Mill Estates
Hollin Hills,Week4,Lee Graham,Week1,352.0 Lee Graham - 49.0 Hollin Hills
Hollin Meadows,Week4,Sully Station II,Week1,226.0 Sully Station II - 176.0 Hollin Meadows
Hollin Hills,Week2,Newington Forest,Week3,231.0 Newington Forest - 166.0 Hollin Hills
Hollin Hills,Week2,Mount Vernon Park,Week1,325.0 Mount Vernon Park - 77.0 Hollin Hills
Hollin Meadows,Week1,North Springfield,Week3,301.0 Hollin Meadows - 96.0 North Springfield
Hollin Hills,Week5,Great Falls,Week3,287.0 Great Falls - 108.0 Hollin Hills
Hollin Hills,Week3,Pleasant Valley,Week5,207.0 Hollin Hills - 186.0 Pleasant Valley
Hollin Hills,Week3,Rolling Valley,Week1,211.0 Rolling Valley - 191.0 Hollin Hills
Hollin Hills,Week4,Pleasant Valley,Week4,225.0 Hollin Hills - 161.0 Pleasant Valley
Hollin Hills,Week5,Laurel Hill,Week4,248.0 Laurel Hill - 152.0 Hollin Hills
Hollin Meadows,Week2,Sully Station II,Week4,232.0 Sully Station II - 170.0 Hollin Meadows
Holmes Run Acres,Week3,Bren Mar-Edsall Park,Week2,361.0 Holmes Run Acres - 41.0 Bren Mar-Edsall Park
Hollin Meadows,Week2,Sully Station II,Week3,267.0 Sully Station II - 135.0 Hollin Meadows
Hollin Hills,Week3,Newington Forest,Week2,208.0 Hollin Hills - 192.0 Newington Forest
Hollin Meadows,Week4,Sully Station II,Week4,229.0 Sully Station II - 173.0 Hollin Meadows
Hollin Hills,Week1,Rolling Valley,Week5,241.0 Rolling Valley - 161.0 Hollin Hills
Hollin Hills,Week5,Great Falls,Week2,276.5 Great Falls - 104.5 Hollin Hills
Hollin Meadows,Week2,Fox Mill Estates,Week5,225.0 Hollin Meadows - 177.0 Fox Mill Estates
Hollin Meadows,Week5,Sully Station II,Week2,250.5 Sully Station II - 151.5 Hollin Meadows
Hollin Hills,Week1,Poplar Heights,Week3,329.0 Poplar Heights - 73.0 Hollin Hills
Hollin Meadows,Week1,North Springfield,Week5,294.0 Hollin Meadows - 79.0 North Springfield
Hollin Hills,Week3,Lee Graham,Week2,352.0 Lee Graham - 50.0 Hollin Hills
Hollin Hills,Week3,Rolling Valley,Week3,239.0 Rolling Valley - 163.0 Hollin Hills
Holmes Run Acres,Week3,Brookfield ,Week1,224.0 Holmes Run Acres - 178.0 Brookfield
Hollin Hills,Week4,Great Falls,Week5,271.0 Great Falls - 125.0 Hollin Hills
Hollin Meadows,Week5,Sully Station II,Week4,220.0 Sully Station II - 182.0 Hollin Meadows
Hollin Hills,Week1,Poplar Heights,Week2,318.0 Poplar Heights - 83.0 Hollin Hills
Hollin Hills,Week1,Lincolnia Park,Week3,205.0 Lincolnia Park - 182.0 Hollin Hills
Hollin Meadows,Week2,Fox Mill Estates,Week4,208.0 Fox Mill Estates - 194.0 Hollin Meadows
Hollin Meadows,Week3,North Springfield,Week2,316.0 Hollin Meadows - 71.0 North Springfield
Hollin Hills,Week1,Poplar Tree,Week1,317.0 Poplar Tree - 85.0 Hollin Hills
Hollin Hills,Week3,Great Falls,Week3,302.0 Great Falls - 100.0 Hollin Hills
Hollin Hills,Week5,Rolling Valley,Week3,225.0 Rolling Valley - 177.0 Hollin Hills
Hollin Hills,Week1,Great Falls,Week5,296.0 Great Falls - 104.0 Hollin Hills
Hollin Meadows,Week5,Sully Station,Week1,251.0 Sully Station - 151.0 Hollin Meadows
Hollin Hills,Week3,Pleasant Valley,Week3,225.0 Pleasant Valley - 175.0 Hollin Hills
Hollin Hills,Week5,Rolling Valley,Week4,228.0 Rolling Valley - 173.0 Hollin Hills
Hollin Meadows,Week4,North Springfield,Week2,308.0 Hollin Meadows - 80.0 North Springfield
Hollin Meadows,Week3,Fox Mill Estates,Week4,223.0 Hollin Meadows - 179.0 Fox Mill Estates
Hollin Hills,Week3,Newington Forest,Week5,245.0 Newington Forest - 157.0 Hollin Hills
Hollin Meadows,Week5,Fox Mill Estates,Week2,265.0 Hollin Meadows - 137.0 Fox Mill Estates
Holmes Run Acres,Week3,Bren Mar-Edsall Park,Week3,364.0 Holmes Run Acres - 38.0 Bren Mar-Edsall Park
Holmes Run Acres,Week5,Bren Mar-Edsall Park,Week4,360.0 Holmes Run Acres - 42.0 Bren Mar-Edsall Park
Hollin Hills,Week2,Lincolnia Park,Week3,199.0 Lincolnia Park - 185.0 Hollin Hills
Hollin Hills,Week2,Lincolnia Park,Week1,201.0 Hollin Hills - 182.0 Lincolnia Park
Hollin Hills,Week3,Mount Vernon Park,Week1,333.0 Mount Vernon Park - 69.0 Hollin Hills
Hollin Hills,Week3,Poplar Heights,Week2,313.0 Poplar Heights - 88.0 Hollin Hills
Hollin Meadows,Week3,North Springfield,Week3,300.0 Hollin Meadows - 96.0 North Springfield
Hollin Meadows,Week4,Fox Mill Estates,Week4,220.0 Hollin Meadows - 182.0 Fox Mill Estates
Hollin Meadows,Week1,Sully Station II,Week5,261.0 Sully Station II - 141.0 Hollin Meadows
Hollin Hills,Week5,Mount Vernon Park,Week5,327.0 Mount Vernon Park - 75.0 Hollin Hills
Hollin Meadows,Week4,Sully Station II,Week2,267.0 Sully Station II - 135.0 Hollin Meadows
Hollin Meadows,Week5,Sully Station,Week5,244.0 Sully Station - 158.0 Hollin Meadows
Hollin Hills,Week2,Mount Vernon Park,Week4,328.0 Mount Vernon Park - 74.0 Hollin Hills
Hollin Hills,Week1,Newington Forest,Week4,247.0 Newington Forest - 154.0 Hollin Hills
Hollin Meadows,Week5,North Springfield,Week5,294.5 Hollin Meadows - 79.5 North Springfield
Hollin Hills,Week4,Poplar Heights,Week4,320.0 Poplar Heights - 81.0 Hollin Hills
Hollin Hills,Week5,Fox Mill Woods,Week4,337.0 Fox Mill Woods - 65.0 Hollin Hills
Hollin Hills,Week5,Laurel Hill,Week3,248.0 Laurel Hill - 152.0 Hollin Hills
Hollin Hills,Week1,Lee Graham,Week2,355.0 Lee Graham - 46.0 Hollin Hills
Hollin Meadows,Week5,Fox Mill Estates,Week3,262.0 Hollin Meadows - 140.0 Fox Mill Estates
Holmes Run Acres,Week2,Bren Mar-Edsall Park,Week2,341.0 Holmes Run Acres - 61.0 Bren Mar-Edsall Park
Hollin Hills,Week5,Poplar Heights,Week1,303.0 Poplar Heights - 95.0 Hollin Hills
Hollin Meadows,Week4,Fox Mill Estates,Week3,254.0 Hollin Meadows - 148.0 Fox Mill Estates
Hollin Meadows,Week1,Sully Station II,Week4,217.0 Sully Station II - 185.0 Hollin Meadows
Hollin Hills,Week1,Rutherford,Week5,268.0 Rutherford - 134.0 Hollin Hills
Hollin Hills,Week1,Rutherford,Week2,246.0 Rutherford - 154.0 Hollin Hills
Hollin Hills,Week1,Lincolnia Park,Week5,197.0 Lincolnia Park - 191.0 Hollin Hills
Hollin Meadows,Week4,North Springfield,Week3,301.0 Hollin Meadows - 96.0 North Springfield
Hollin Hills,Week3,Lee Graham,Week5,356.0 Lee Graham - 46.0 Hollin Hills
Holmes Run Acres,Week3,Bren Mar-Edsall Park,Week4,363.0 Holmes Run Acres - 39.0 Bren Mar-Edsall Park
Hollin Meadows,Week5,North Springfield,Week4,329.0 Hollin Meadows - 62.0 North Springfield
Holmes Run Acres,Week3,Bren Mar-Edsall Park,Week5,358.0 Holmes Run Acres - 44.0 Bren Mar-Edsall Park
Hollin Hills,Week5,Mount Vernon Park,Week1,325.0 Mount Vernon Park - 77.0 Hollin Hills
Hollin Hills,Week1,Rutherford,Week1,245.0 Rutherford - 152.0 Hollin Hills
Hollin Hills,Week2,Great Falls,Week3,305.0 Great Falls - 95.0 Hollin Hills
Hollin Meadows,Week5,North Springfield,Week1,307.0 Hollin Meadows - 43.0 North Springfield
Holmes Run Acres,Week4,Bren Mar-Edsall Park,Week3,341.0 Holmes Run Acres - 61.0 Bren Mar-Edsall Park
Hollin Meadows,Week1,Fox Mill Woods,Week1,237.5 Fox Mill Woods - 164.5 Hollin Meadows
Hollin Hills,Week5,Fox Mill Woods,Week5,325.0 Fox Mill Woods - 76.0 Hollin Hills
Hollin Hills,Week1,Rutherford,Week3,261.0 Rutherford - 139.0 Hollin Hills
Hollin Hills,Week5,Poplar Heights,Week3,316.0 Poplar Heights - 86.0 Hollin Hills
Hollin Meadows,Week3,Sully Station,Week5,264.0 Sully Station - 138.0 Hollin Meadows
Hollin Meadows,Week2,Fox Mill Woods,Week4,245.0 Fox Mill Woods - 157.0 Hollin Meadows
Hollin Meadows,Week2,Sully Station II,Week5,268.0 Sully Station II - 134.0 Hollin Meadows
Hollin Meadows,Week4,Sully Station,Week5,259.0 Sully Station - 143.0 Hollin Meadows
Hollin Hills,Week4,Great Falls,Week1,272.0 Great Falls - 119.0 Hollin Hills
Hollin Hills,Week1,Lincolnia Park,Week2,204.0 Hollin Hills - 185.0 Lincolnia Park
Holmes Run Acres,Week3,Brookfield ,Week4,240.0 Holmes Run Acres - 162.0 Brookfield
Hollin Hills,Week1,Great Falls,Week2,287.0 Great Falls - 91.0 Hollin Hills
Hollin Hills,Week1,Great Falls,Week4,271.0 Great Falls - 120.0 Hollin Hills
Hollin Hills,Week2,Rutherford,Week3,267.0 Rutherford - 133.0 Hollin Hills
Hollin Hills,Week1,Lee Graham,Week5,350.0 Lee Graham - 52.0 Hollin Hills
Hollin Hills,Week2,Poplar Heights,Week2,310.5 Poplar Heights - 86.5 Hollin Hills
Hollin Hills,Week1,Great Falls,Week1,278.0 Great Falls - 119.0 Hollin Hills
Hollin Meadows,Week2,Oakton ,Week4,278.0 Oakton - 124.0 Hollin Meadows
Hollin Hills,Week4,Poplar Heights,Week3,305.5 Poplar Heights - 95.5 Hollin Hills
Hollin Hills,Week2,Mount Vernon Park,Week2,332.0 Mount Vernon Park - 70.0 Hollin Hills
Hollin Hills,Week4,Poplar Heights,Week1,311.0 Poplar Heights - 89.0 Hollin Hills
Hollin Meadows,Week3,Great Falls,Week1,229.0 Hollin Meadows - 172.0 Great Falls
Hollin Hills,Week2,Lee Graham,Week4,342.0 Lee Graham - 60.0 Hollin Hills
Holmes Run Acres,Week2,Brookfield ,Week1,215.0 Brookfield - 187.0 Holmes Run Acres
Hollin Meadows,Week4,Sully Station II,Week5,276.0 Sully Station II - 126.0 Hollin Meadows
Holmes Run Acres,Week2,Brookfield ,Week5,216.0 Holmes Run Acres - 186.0 Brookfield
Hollin Hills,Week3,Poplar Heights,Week5,317.0 Poplar Heights - 84.0 Hollin Hills
Hollin Hills,Week3,Mount Vernon Park,Week4,332.0 Mount Vernon Park - 70.0 Hollin Hills
Hollin Hills,Week4,Rutherford,Week4,264.0 Rutherford - 136.0 Hollin Hills
Hollin Hills,Week5,Mount Vernon Park,Week3,329.0 Mount Vernon Park - 73.0 Hollin Hills
Hollin Hills,Week3,Poplar Heights,Week3,321.0 Poplar Heights - 81.0 Hollin Hills
Hollin Hills,Week1,Great Falls,Week3,312.0 Great Falls - 89.0 Hollin Hills
Hollin Meadows,Week2,Oakton ,Week1,268.0 Oakton - 134.0 Hollin Meadows
Hollin Meadows,Week2,Fox Mill Woods,Week2,248.0 Fox Mill Woods - 154.0 Hollin Meadows
Hollin Hills,Week3,Rutherford,Week4,247.0 Rutherford - 154.0 Hollin Hills
Hollin Meadows,Week3,Fox Mill Woods,Week3,238.5 Fox Mill Woods - 163.5 Hollin Meadows
Hollin Hills,Week3,Mount Vernon Park,Week5,331.0 Mount Vernon Park - 71.0 Hollin Hills
Hollin Meadows,Week2,Oakton ,Week3,275.0 Oakton - 127.0 Hollin Meadows
Hollin Hills,Week4,Laurel Hill,Week3,248.0 Laurel Hill - 153.0 Hollin Hills
Hollin Meadows,Week3,Sully Station II,Week3,277.0 Sully Station II - 125.0 Hollin Meadows
Hollin Hills,Week2,Poplar Heights,Week5,315.0 Poplar Heights - 83.0 Hollin Hills
Hollin Hills,Week1,Mount Vernon Park,Week4,339.0 Mount Vernon Park - 63.0 Hollin Hills
Hollin Meadows,Week1,Oakton ,Week1,253.0 Oakton - 149.0 Hollin Meadows
Hollin Meadows,Week3,Sully Station II,Week5,277.0 Sully Station II - 125.0 Hollin Meadows
Hollin Meadows,Week3,Great Falls,Week5,211.0 Great Falls - 190.0 Hollin Meadows
Hollin Meadows,Week1,Oakton ,Week5,275.0 Oakton - 127.0 Hollin Meadows
Holmes Run Acres,Week3,Brookfield ,Week2,255.0 Holmes Run Acres - 147.0 Brookfield
Hollin Meadows,Week3,Great Falls,Week3,211.0 Great Falls - 191.0 Hollin Meadows
Hollin Hills,Week3,Rutherford,Week2,228.0 Rutherford - 173.0 Hollin Hills
Holmes Run Acres,Week4,Bren Mar-Edsall Park,Week4,348.0 Holmes Run Acres - 53.0 Bren Mar-Edsall Park
Hollin Hills,Week1,Shouse Village,Week4,311.0 Shouse Village - 87.0 Hollin Hills
Hollin Hills,Week1,Lee Graham,Week4,342.0 Lee Graham - 60.0 Hollin Hills
Hollin Hills,Week1,Newington Forest,Week5,254.0 Newington Forest - 147.0 Hollin Hills
Hollin Hills,Week4,Laurel Hill,Week5,247.0 Laurel Hill - 154.0 Hollin Hills
Hollin Meadows,Week3,Oakton ,Week1,278.0 Oakton - 124.0 Hollin Meadows
Hollin Hills,Week3,Mount Vernon Park,Week2,334.0 Mount Vernon Park - 68.0 Hollin Hills
Hollin Hills,Week2,Lee Graham,Week3,349.0 Lee Graham - 53.0 Hollin Hills
Hollin Meadows,Week4,Fox Mill Woods,Week3,252.0 Fox Mill Woods - 150.0 Hollin Meadows
Hollin Hills,Week1,Shouse Village,Week5,327.0 Shouse Village - 74.0 Hollin Hills
Hollin Hills,Week4,Mount Vernon Park,Week5,335.0 Mount Vernon Park - 66.0 Hollin Hills
Holmes Run Acres,Week4,Broyhill Crest,Week1,339.0 Holmes Run Acres - 61.0 Broyhill Crest
Hollin Meadows,Week2,Oakton ,Week5,284.0 Oakton - 118.0 Hollin Meadows
Hollin Hills,Week2,Lee Graham,Week5,356.0 Lee Graham - 45.0 Hollin Hills
Holmes Run Acres,Week3,Broyhill Crest,Week3,362.0 Holmes Run Acres - 39.0 Broyhill Crest
Holmes Run Acres,Week1,Broyhill Crest,Week1,331.0 Holmes Run Acres - 71.0 Broyhill Crest
Hollin Hills,Week1,Poplar Tree,Week3,320.0 Poplar Tree - 82.0 Hollin Hills
Hollin Hills,Week5,Rutherford,Week4,242.0 Rutherford - 155.0 Hollin Hills
Hollin Meadows,Week4,Fox Mill Woods,Week4,257.0 Fox Mill Woods - 145.0 Hollin Meadows
Hollin Meadows,Week5,Sully Station,Week3,238.0 Sully Station - 164.0 Hollin Meadows
Hollin Hills,Week5,Rutherford,Week1,228.0 Rutherford - 168.0 Hollin Hills
Hollin Hills,Week5,Poplar Heights,Week5,310.0 Poplar Heights - 88.0 Hollin Hills
Hollin Meadows,Week1,Sully Station II,Week1,217.0 Sully Station II - 185.0 Hollin Meadows
Hollin Meadows,Week3,Fox Mill Woods,Week2,236.0 Fox Mill Woods - 166.0 Hollin Meadows
Hollin Meadows,Week4,Mantua,Week4,252.0 Mantua - 150.0 Hollin Meadows
Hollin Meadows,Week5,Fox Mill Woods,Week1,237.0 Fox Mill Woods - 165.0 Hollin Meadows
Hollin Meadows,Week5,Fox Mill Woods,Week4,241.0 Fox Mill Woods - 161.0 Hollin Meadows
Hollin Meadows,Week4,Sully Station,Week1,260.0 Sully Station - 142.0 Hollin Meadows
Hollin Meadows,Week4,Oakton ,Week5,286.0 Oakton - 116.0 Hollin Meadows
Hollin Meadows,Week1,Mantua,Week5,263.0 Mantua - 139.0 Hollin Meadows
Hollin Meadows,Week1,Great Falls,Week1,242.0 Hollin Meadows - 160.0 Great Falls
Hollin Hills,Week3,Poplar Tree,Week5,326.0 Poplar Tree - 76.0 Hollin Hills
Holmes Run Acres,Week4,Broyhill Crest,Week4,331.0 Holmes Run Acres - 70.0 Broyhill Crest
Hollin Hills,Week3,Poplar Heights,Week4,319.0 Poplar Heights - 83.0 Hollin Hills
Hollin Meadows,Week2,Oakton ,Week2,283.0 Oakton - 119.0 Hollin Meadows
Hollin Meadows,Week3,Oakton ,Week3,279.0 Oakton - 123.0 Hollin Meadows
Hollin Hills,Week4,Rutherford,Week1,236.0 Rutherford - 159.0 Hollin Hills
Hollin Hills,Week4,Poplar Tree,Week3,315.0 Poplar Tree - 87.0 Hollin Hills
Hollin Hills,Week3,Lee Graham,Week1,339.0 Lee Graham - 63.0 Hollin Hills
Hollin Meadows,Week2,Sully Station II,Week2,253.0 Sully Station II - 149.0 Hollin Meadows
Hollin Hills,Week4,Mount Vernon Park,Week2,330.0 Mount Vernon Park - 72.0 Hollin Hills
Hollin Hills,Week4,Mount Vernon Park,Week1,321.5 Mount Vernon Park - 79.5 Hollin Hills
Holmes Run Acres,Week5,Brookfield ,Week2,258.0 Holmes Run Acres - 144.0 Brookfield
Hollin Meadows,Week1,Sully Station II,Week3,258.0 Sully Station II - 144.0 Hollin Meadows
Hollin Meadows,Week3,Mantua,Week4,241.0 Mantua - 161.0 Hollin Meadows
Hollin Hills,Week2,Shouse Village,Week4,316.0 Shouse Village - 82.0 Hollin Hills
Hollin Hills,Week2,Lee Graham,Week1,344.0 Lee Graham - 57.0 Hollin Hills
Hollin Hills,Week2,Poplar Heights,Week1,301.0 Poplar Heights - 97.0 Hollin Hills
Hollin Meadows,Week3,Oakton ,Week2,283.0 Oakton - 119.0 Hollin Meadows
Holmes Run Acres,Week4,Brookfield ,Week4,214.0 Brookfield - 188.0 Holmes Run Acres
Hollin Meadows,Week3,Mantua,Week3,276.0 Mantua - 126.0 Hollin Meadows
Hollin Hills,Week1,Lee Graham,Week1,342.0 Lee Graham - 60.0 Hollin Hills
Hollin Hills,Week2,Shouse Village,Week3,307.5 Shouse Village - 93.5 Hollin Hills
Hollin Meadows,Week3,Sully Station II,Week1,239.0 Sully Station II - 163.0 Hollin Meadows
Hollin Hills,Week1,Mount Vernon Park,Week3,337.0 Mount Vernon Park - 65.0 Hollin Hills
Hollin Meadows,Week1,Old Keene Mill,Week5,240.0 Hollin Meadows - 162.0 Old Keene Mill
Hollin Meadows,Week5,Sully Station,Week4,237.0 Sully Station - 165.0 Hollin Meadows
Holmes Run Acres,Week4,Brookfield ,Week5,217.5 Holmes Run Acres - 184.5 Brookfield
Hollin Hills,Week2,Shouse Village,Week5,314.0 Shouse Village - 87.0 Hollin Hills
Holmes Run Acres,Week1,Broyhill Crest,Week3,345.0 Holmes Run Acres - 56.0 Broyhill Crest
Holmes Run Acres,Week1,Broyhill Crest,Week2,341.0 Holmes Run Acres - 61.0 Broyhill Crest
Hollin Meadows,Week4,Mantua,Week2,245.0 Mantua - 157.0 Hollin Meadows
Hollin Hills,Week5,Lee Graham,Week1,339.0 Lee Graham - 63.0 Hollin Hills
Hollin Hills,Week4,Mount Vernon Park,Week4,335.0 Mount Vernon Park - 67.0 Hollin Hills
Hollin Hills,Week4,Lee Graham,Week5,362.0 Lee Graham - 39.0 Hollin Hills
Hollin Hills,Week1,Newington Forest,Week1,233.0 Newington Forest - 165.0 Hollin Hills
Hollin Meadows,Week4,Oakton ,Week3,263.0 Oakton - 139.0 Hollin Meadows
Hollin Hills,Week3,Lee Graham,Week3,348.0 Lee Graham - 54.0 Hollin Hills
Hollin Hills,Week4,Lee Graham,Week3,360.0 Lee Graham - 42.0 Hollin Hills
Hollin Hills,Week3,Shouse Village,Week2,284.0 Shouse Village - 117.0 Hollin Hills
Hollin Meadows,Week4,Sully Station,Week4,255.0 Sully Station - 147.0 Hollin Meadows
Hollin Hills,Week2,Poplar Heights,Week4,321.0 Poplar Heights - 80.0 Hollin Hills
Hollin Hills,Week5,Mount Vernon Park,Week2,333.0 Mount Vernon Park - 69.0 Hollin Hills
Holmes Run Acres,Week3,Broyhill Crest,Week4,348.0 Holmes Run Acres - 54.0 Broyhill Crest
Hollin Meadows,Week5,Mantua,Week2,234.0 Mantua - 168.0 Hollin Meadows
Hollin Hills,Week1,Newington Forest,Week2,228.5 Newington Forest - 168.5 Hollin Hills
Holmes Run Acres,Week2,Broyhill Crest,Week4,325.0 Holmes Run Acres - 77.0 Broyhill Crest
Hollin Meadows,Week5,Oakton ,Week4,266.5 Oakton - 135.5 Hollin Meadows
Hollin Meadows,Week4,Fox Mill Woods,Week2,246.0 Fox Mill Woods - 156.0 Hollin Meadows
Hollin Meadows,Week5,Oakton ,Week1,255.0 Oakton - 147.0 Hollin Meadows
Hollin Meadows,Week1,Great Falls,Week2,224.0 Hollin Meadows - 160.0 Great Falls
Hollin Meadows,Week3,Fox Mill Woods,Week5,246.0 Fox Mill Woods - 156.0 Hollin Meadows
Hollin Hills,Week5,Poplar Heights,Week4,313.0 Poplar Heights - 87.0 Hollin Hills
Hollin Meadows,Week1,McLean,Week1,266.5 McLean - 135.5 Hollin Meadows
Hollin Hills,Week2,Poplar Heights,Week3,323.0 Poplar Heights - 79.0 Hollin Hills
Hollin Meadows,Week4,Sully Station,Week2,245.0 Sully Station - 157.0 Hollin Meadows
Hollin Meadows,Week1,Mantua,Week2,225.0 Mantua - 177.0 Hollin Meadows
Holmes Run Acres,Week4,Brookfield ,Week1,214.0 Brookfield - 188.0 Holmes Run Acres
Hollin Hills,Week5,Great Falls,Week5,283.0 Great Falls - 109.0 Hollin Hills
Hollin Hills,Week4,Rutherford,Week2,238.0 Rutherford - 158.0 Hollin Hills
Hollin Meadows,Week2,Sully Station II,Week1,230.0 Sully Station II - 172.0 Hollin Meadows
Hollin Meadows,Week4,Fox Mill Woods,Week5,257.0 Fox Mill Woods - 145.0 Hollin Meadows
Hollin Hills,Week5,Rutherford,Week2,226.0 Rutherford - 175.0 Hollin Hills
Hollin Meadows,Week1,McLean,Week3,281.0 McLean - 121.0 Hollin Meadows
Hollin Hills,Week4,Greenbriar,Week5,309.0 Greenbriar - 93.0 Hollin Hills
Hollin Hills,Week1,Poplar Tree,Week5,335.0 Poplar Tree - 65.0 Hollin Hills
Hollin Meadows,Week3,Sully Station II,Week2,263.0 Sully Station II - 139.0 Hollin Meadows
Hollin Hills,Week3,Shouse Village,Week3,295.0 Shouse Village - 107.0 Hollin Hills
Hollin Meadows,Week5,Fox Mill Woods,Week3,226.0 Fox Mill Woods - 176.0 Hollin Meadows
Hollin Meadows,Week1,Old Keene Mill,Week2,260.0 Hollin Meadows - 142.0 Old Keene Mill
Hollin Hills,Week1,Newington Forest,Week3,248.0 Newington Forest - 150.0 Hollin Hills
Hollin Hills,Week2,Poplar Tree,Week3,313.0 Poplar Tree - 88.0 Hollin Hills
Hollin Hills,Week5,Lee Graham,Week2,351.0 Lee Graham - 51.0 Hollin Hills
Hollin Hills,Week3,Greenbriar,Week2,323.0 Greenbriar - 79.0 Hollin Hills
Hollin Meadows,Week3,Sully Station II,Week4,227.0 Sully Station II - 175.0 Hollin Meadows
Hollin Hills,Week2,Newington Forest,Week5,259.0 Newington Forest - 142.0 Hollin Hills
Hollin Hills,Week5,Greenbriar,Week1,294.0 Greenbriar - 108.0 Hollin Hills
Hollin Meadows,Week1,Great Falls,Week3,203.0 Hollin Meadows - 199.0 Great Falls
Hollin Hills,Week2,Newington Forest,Week2,221.0 Newington Forest - 175.0 Hollin Hills
Hollin Meadows,Week2,Old Keene Mill,Week5,213.0 Hollin Meadows - 189.0 Old Keene Mill
Holmes Run Acres,Week2,Broyhill Crest,Week5,319.0 Holmes Run Acres - 78.0 Broyhill Crest
Hollin Meadows,Week1,Mantua,Week1,230.0 Mantua - 172.0 Hollin Meadows
Hollin Hills,Week5,Lee Graham,Week4,338.0 Lee Graham - 64.0 Hollin Hills
Hollin Meadows,Week4,Oakton ,Week4,274.0 Oakton - 128.0 Hollin Meadows
Hollin Meadows,Week5,Mansion House,Week2,207.0 Hollin Meadows - 195.0 Mansion House
Hollin Hills,Week3,Shouse Village,Week4,305.0 Shouse Village - 96.0 Hollin Hills
Holmes Run Acres,Week3,Brookfield ,Week5,243.0 Holmes Run Acres - 159.0 Brookfield
Hollin Hills,Week4,Poplar Heights,Week5,316.0 Poplar Heights - 85.0 Hollin Hills
Hollin Meadows,Week4,Sully Station II,Week3,269.0 Sully Station II - 133.0 Hollin Meadows
Hollin Hills,Week5,Lee Graham,Week3,347.0 Lee Graham - 55.0 Hollin Hills
Hollin Hills,Week4,Rutherford,Week5,269.0 Rutherford - 130.0 Hollin Hills
Hollin Meadows,Week1,Great Falls,Week5,201.0 Great Falls - 201.0 Hollin Meadows
Hollin Hills,Week4,Poplar Heights,Week2,314.0 Poplar Heights - 86.0 Hollin Hills
Hollin Hills,Week3,Newington Forest,Week1,202.0 Newington Forest - 198.0 Hollin Hills
Hollin Hills,Week5,Greenbriar,Week2,312.0 Greenbriar - 89.0 Hollin Hills
Hollin Hills,Week2,Shouse Village,Week2,285.0 Shouse Village - 111.0 Hollin Hills
Hollin Meadows,Week5,Sully Station II,Week5,257.0 Sully Station II - 145.0 Hollin Meadows
Hollin Hills,Week3,Poplar Heights,Week1,308.0 Poplar Heights - 93.0 Hollin Hills
Hollin Hills,Week1,Greenbriar,Week4,300.0 Greenbriar - 102.0 Hollin Hills
Hollin Meadows,Week2,Mantua,Week5,279.0 Mantua - 123.0 Hollin Meadows
Hollin Meadows,Week4,Oakton ,Week2,279.0 Oakton - 123.0 Hollin Meadows
Hollin Hills,Week1,Poplar Heights,Week5,320.0 Poplar Heights - 81.0 Hollin Hills
Hollin Meadows,Week5,Sully Station II,Week1,221.0 Sully Station II - 181.0 Hollin Meadows
Hollin Hills,Week2,Greenbriar,Week2,321.0 Greenbriar - 80.0 Hollin Hills
Hollin Hills,Week1,Lincolnia Park,Week1,209.0 Hollin Hills - 185.0 Lincolnia Park
Hollin Hills,Week3,Newington Forest,Week3,207.0 Newington Forest - 194.0 Hollin Hills
Hollin Meadows,Week3,Fox Mill Woods,Week4,253.0 Fox Mill Woods - 149.0 Hollin Meadows
Hollin Meadows,Week4,Fox Mill Woods,Week1,260.0 Fox Mill Woods - 142.0 Hollin Meadows
Hollin Hills,Week1,Shouse Village,Week1,292.0 Shouse Village - 108.0 Hollin Hills
Hollin Meadows,Week5,Sully Station II,Week3,255.0 Sully Station II - 147.0 Hollin Meadows
Hollin Hills,Week3,Shouse Village,Week5,312.0 Shouse Village - 90.0 Hollin Hills
Hollin Meadows,Week4,Oakton ,Week1,261.0 Oakton - 141.0 Hollin Meadows
Holmes Run Acres,Week5,Brookfield ,Week4,244.0 Holmes Run Acres - 158.0 Brookfield
Hollin Hills,Week3,Newington Forest,Week4,235.0 Newington Forest - 167.0 Hollin Hills
Hollin Hills,Week1,Lincolnia Park,Week4,198.0 Lincolnia Park - 197.0 Hollin Hills
Hollin Meadows,Week3,Fox Mill Woods,Week1,254.0 Fox Mill Woods - 148.0 Hollin Meadows
Hollin Hills,Week1,Poplar Heights,Week4,317.0 Poplar Heights - 85.0 Hollin Hills
Hollin Hills,Week2,Lincolnia Park,Week2,209.0 Hollin Hills - 180.0 Lincolnia Park
Hollin Hills,Week5,Lee Graham,Week5,346.0 Lee Graham - 56.0 Hollin Hills
Holmes Run Acres,Week5,Brookfield ,Week5,255.0 Holmes Run Acres - 147.0 Brookfield
Holmes Run Acres,Week2,Broyhill Crest,Week3,344.0 Holmes Run Acres - 57.0 Broyhill Crest
Hollin Meadows,Week3,Old Keene Mill,Week1,276.0 Hollin Meadows - 126.0 Old Keene Mill
Hollin Hills,Week2,Highland Park,Week3,295.0 Highland Park - 107.0 Hollin Hills
Hollin Meadows,Week2,Mantua,Week2,245.0 Mantua - 157.0 Hollin Meadows
Hollin Meadows,Week3,Mantua,Week2,233.0 Mantua - 169.0 Hollin Meadows
Hollin Hills,Week4,Rutherford,Week3,261.0 Rutherford - 138.0 Hollin Hills
Holmes Run Acres,Week1,Broyhill Crest,Week4,331.0 Holmes Run Acres - 71.0 Broyhill Crest
Hollin Hills,Week2,Highland Park,Week5,318.0 Highland Park - 84.0 Hollin Hills
Hollin Hills,Week3,Shouse Village,Week1,284.0 Shouse Village - 117.0 Hollin Hills
Hollin Hills,Week5,Newington Forest,Week3,225.0 Newington Forest - 174.0 Hollin Hills
Hollin Meadows,Week1,Truro,Week1,266.0 Hollin Meadows - 136.0 Truro
Hollin Meadows,Week3,Mantua,Week5,259.0 Mantua - 143.0 Hollin Meadows
Hollin Meadows,Week2,Truro,Week1,239.0 Hollin Meadows - 163.0 Truro
Hollin Hills,Week5,Poplar Heights,Week2,312.0 Poplar Heights - 85.0 Hollin Hills
Hollin Meadows,Week1,Truro,Week3,284.5 Hollin Meadows - 117.5 Truro
Holmes Run Acres,Week5,Brookfield ,Week1,253.0 Holmes Run Acres - 149.0 Brookfield
Hollin Hills,Week1,Greenbriar,Week2,322.0 Greenbriar - 80.0 Hollin Hills
Hollin Meadows,Week2,Old Keene Mill,Week2,249.0 Hollin Meadows - 153.0 Old Keene Mill
Holmes Run Acres,Week4,Brookfield ,Week3,224.0 Holmes Run Acres - 178.0 Brookfield
Hollin Hills,Week4,Shouse Village,Week2,277.0 Shouse Village - 119.0 Hollin Hills
Hollin Hills,Week3,Highland Park,Week1,323.0 Highland Park - 79.0 Hollin Hills
Hollin Meadows,Week2,Old Keene Mill,Week3,265.0 Hollin Meadows - 137.0 Old Keene Mill
Hollin Hills,Week2,Lincolnia Park,Week5,193.0 Hollin Hills - 191.0 Lincolnia Park
Hollin Hills,Week4,Newington Forest,Week4,242.0 Newington Forest - 158.0 Hollin Hills
Hollin Hills,Week1,Poplar Tree,Week4,312.0 Poplar Tree - 89.0 Hollin Hills
Hollin Meadows,Week1,Old Keene Mill,Week1,281.0 Hollin Meadows - 121.0 Old Keene Mill
Hollin Meadows,Week5,Fox Mill Woods,Week5,234.0 Fox Mill Woods - 168.0 Hollin Meadows
Hollin Hills,Week2,Lincolnia Park,Week4,205.0 Hollin Hills - 184.0 Lincolnia Park
Hollin Hills,Week2,Poplar Tree,Week4,298.0 Poplar Tree - 103.0 Hollin Hills
Hollin Meadows,Week3,McLean,Week1,263.0 McLean - 139.0 Hollin Meadows
Hollin Hills,Week5,Rutherford,Week5,248.0 Rutherford - 153.0 Hollin Hills
Hollin Hills,Week5,Highland Park,Week5,301.0 Highland Park - 101.0 Hollin Hills
Hollin Meadows,Week2,Truro,Week2,256.0 Hollin Meadows - 146.0 Truro
Holmes Run Acres,Week5,Brookfield ,Week3,262.0 Holmes Run Acres - 140.0 Brookfield
Hollin Hills,Week1,Greenbriar,Week5,294.0 Greenbriar - 108.0 Hollin Hills
Hollin Meadows,Week2,Great Falls,Week2,196.0 Great Falls - 188.0 Hollin Meadows
Hollin Hills,Week4,Shouse Village,Week1,279.0 Shouse Village - 122.0 Hollin Hills
Hollin Meadows,Week1,Great Falls,Week4,248.0 Hollin Meadows - 154.0 Great Falls
Hollin Meadows,Week2,Mantua,Week3,274.0 Mantua - 128.0 Hollin Meadows
Hollin Hills,Week2,Poplar Tree,Week5,323.0 Poplar Tree - 78.0 Hollin Hills
Hollin Hills,Week5,Greenbriar,Week4,291.0 Greenbriar - 110.0 Hollin Hills
Hollin Hills,Week1,North Springfield,Week5,214.0 North Springfield - 153.0 Hollin Hills
Hollin Hills,Week2,North Springfield,Week5,205.0 North Springfield - 156.0 Hollin Hills
Hollin Meadows,Week2,Great Falls,Week1,220.0 Hollin Meadows - 182.0 Great Falls
Hollin Meadows,Week5,Oakton ,Week3,260.0 Oakton - 142.0 Hollin Meadows
Hollin Meadows,Week1,Truro,Week2,282.0 Hollin Meadows - 120.0 Truro
Hollin Meadows,Week1,Old Keene Mill,Week4,284.0 Hollin Meadows - 118.0 Old Keene Mill
Hollin Hills,Week4,Newington Forest,Week1,223.0 Newington Forest - 171.0 Hollin Hills
Hollin Hills,Week4,Lincolnia Park,Week3,194.0 Hollin Hills - 194.0 Lincolnia Park
Hollin Hills,Week5,Greenbriar,Week3,307.0 Greenbriar - 94.0 Hollin Hills
Hollin Hills,Week2,Highland Park,Week4,328.0 Highland Park - 73.0 Hollin Hills
Hollin Hills,Week3,Lincolnia Park,Week4,222.0 Hollin Hills - 174.0 Lincolnia Park
Hollin Meadows,Week4,Mansion House,Week5,245.0 Mansion House - 157.0 Hollin Meadows
Hollin Meadows,Week3,Oakton ,Week5,290.0 Oakton - 112.0 Hollin Meadows
Hollin Hills,Week4,Lincolnia Park,Week5,198.0 Lincolnia Park - 188.0 Hollin Hills
Hollin Hills,Week5,Rutherford,Week3,256.0 Rutherford - 145.0 Hollin Hills
Holmes Run Acres,Week2,Broyhill Crest,Week1,326.0 Holmes Run Acres - 76.0 Broyhill Crest
Hollin Hills,Week1,North Springfield,Week1,183.0 Hollin Hills - 153.0 North Springfield
Hollin Meadows,Week2,Truro,Week3,255.0 Hollin Meadows - 147.0 Truro
Hollin Hills,Week3,Greenbriar,Week1,302.0 Greenbriar - 100.0 Hollin Hills
Holmes Run Acres,Week2,Broyhill Crest,Week2,341.0 Holmes Run Acres - 61.0 Broyhill Crest
Hollin Hills,Week4,Lincolnia Park,Week1,211.0 Hollin Hills - 177.0 Lincolnia Park
Hollin Meadows,Week2,Great Falls,Week4,215.0 Hollin Meadows - 187.0 Great Falls
Hollin Meadows,Week5,Mansion House,Week5,231.0 Mansion House - 171.0 Hollin Meadows
Hollin Hills,Week4,Shouse Village,Week3,305.0 Shouse Village - 97.0 Hollin Hills
Hollin Hills,Week3,North Springfield,Week3,199.0 Hollin Hills - 196.0 North Springfield
Hollin Hills,Week1,Poplar Tree,Week2,306.0 Poplar Tree - 91.0 Hollin Hills
Hollin Meadows,Week2,Great Falls,Week3,210.5 Great Falls - 191.5 Hollin Meadows
Hollin Hills,Week2,Poplar Tree,Week2,309.0 Poplar Tree - 93.0 Hollin Hills
Hollin Meadows,Week5,Mansion House,Week3,207.0 Mansion House - 195.0 Hollin Meadows
Hollin Hills,Week4,Highland Park,Week2,318.0 Highland Park - 84.0 Hollin Hills
Hollin Hills,Week3,Greenbriar,Week3,307.0 Greenbriar - 95.0 Hollin Hills
Hollin Hills,Week3,Highland Park,Week4,325.0 Highland Park - 77.0 Hollin Hills
Hollin Meadows,Week5,Oakton ,Week5,282.0 Oakton - 120.0 Hollin Meadows
Hollin Hills,Week1,Greenbriar,Week1,299.0 Greenbriar - 103.0 Hollin Hills
Hollin Meadows,Week2,Truro,Week4,233.0 Hollin Meadows - 169.0 Truro
Holmes Run Acres,Week3,Broyhill Crest,Week1,355.0 Holmes Run Acres - 47.0 Broyhill Crest
Hollin Hills,Week5,Lincolnia Park,Week1,211.0 Hollin Hills - 173.0 Lincolnia Park
Hollin Meadows,Week3,Truro,Week1,252.0 Hollin Meadows - 150.0 Truro
Hollin Hills,Week2,Shouse Village,Week1,284.0 Shouse Village - 118.0 Hollin Hills
Hollin Hills,Week3,North Springfield,Week4,222.0 Hollin Hills - 166.0 North Springfield
Hollin Meadows,Week2,Great Falls,Week5,216.0 Great Falls - 186.0 Hollin Meadows
Hollin Hills,Week4,Greenbriar,Week1,303.0 Greenbriar - 99.0 Hollin Hills
Hollin Hills,Week4,Lincolnia Park,Week4,213.0 Hollin Hills - 176.0 Lincolnia Park
Hollin Meadows,Week3,Truro,Week2,282.0 Hollin Meadows - 120.0 Truro
Hollin Hills,Week1,Shouse Village,Week2,282.0 Shouse Village - 118.0 Hollin Hills
Hollin Meadows,Week1,Mantua,Week4,239.0 Mantua - 163.0 Hollin Meadows
Hollin Meadows,Week2,Old Keene Mill,Week4,270.0 Hollin Meadows - 132.0 Old Keene Mill
Hollin Meadows,Week2,Mantua,Week4,252.0 Mantua - 150.0 Hollin Meadows
Hollin Meadows,Week1,Mantua,Week3,271.0 Mantua - 131.0 Hollin Meadows
Hollin Hills,Week3,North Springfield,Week5,189.0 Hollin Hills - 183.0 North Springfield
Hollin Hills,Week1,North Springfield,Week3,229.0 North Springfield - 162.0 Hollin Hills
Holmes Run Acres,Week1,Broyhill Crest,Week5,319.0 Holmes Run Acres - 83.0 Broyhill Crest
Hollin Hills,Week3,Poplar Tree,Week3,313.0 Poplar Tree - 89.0 Hollin Hills
Hollin Hills,Week2,Highland Park,Week1,324.0 Highland Park - 77.0 Hollin Hills
Hollin Hills,Week1,Highlands Swim,Week3,353.0 Highlands Swim - 48.0 Hollin Hills
Hollin Hills,Week3,Greenbriar,Week5,299.0 Greenbriar - 103.0 Hollin Hills
Hollin Meadows,Week5,Fox Mill Woods,Week2,235.5 Fox Mill Woods - 166.5 Hollin Meadows
Hollin Meadows,Week3,Great Falls,Week2,217.0 Hollin Meadows - 166.0 Great Falls
Hollin Meadows,Week5,Oakton ,Week2,270.0 Oakton - 132.0 Hollin Meadows
Hollin Hills,Week3,Lincolnia Park,Week1,232.0 Hollin Hills - 162.0 Lincolnia Park
Holmes Run Acres,Week3,Broyhill Crest,Week2,363.0 Holmes Run Acres - 39.0 Broyhill Crest
Hollin Hills,Week3,Poplar Tree,Week2,301.0 Poplar Tree - 101.0 Hollin Hills
Hollin Hills,Week3,Poplar Tree,Week1,306.0 Poplar Tree - 96.0 Hollin Hills
Hollin Hills,Week1,Highlands Swim,Week2,361.0 Highlands Swim - 41.0 Hollin Hills
Hollin Hills,Week4,Shouse Village,Week4,307.0 Shouse Village - 91.0 Hollin Hills
Hollin Hills,Week3,Highland Park,Week2,326.0 Highland Park - 76.0 Hollin Hills
Hollin Meadows,Week2,Mantua,Week1,253.0 Mantua - 149.0 Hollin Meadows
Hollin Meadows,Week3,Great Falls,Week4,208.5 Hollin Meadows - 192.5 Great Falls
Hollin Hills,Week4,Highland Park,Week4,329.0 Highland Park - 72.0 Hollin Hills
Hollin Hills,Week5,Lincolnia Park,Week2,199.0 Hollin Hills - 184.0 Lincolnia Park
Hollin Hills,Week3,Poplar Tree,Week4,296.0 Poplar Tree - 106.0 Hollin Hills
Hollin Meadows,Week1,Old Keene Mill,Week3,269.0 Hollin Meadows - 133.0 Old Keene Mill
Hollin Meadows,Week5,Mansion House,Week4,209.0 Hollin Meadows - 193.0 Mansion House
Hollin Meadows,Week3,Truro,Week3,274.0 Hollin Meadows - 128.0 Truro
Hollin Hills,Week1,Shouse Village,Week3,307.0 Shouse Village - 95.0 Hollin Hills
Hollin Meadows,Week3,Orange Hunt,Week3,223.0 Orange Hunt - 179.0 Hollin Meadows
Hollin Meadows,Week1,Greenbriar,Week1,208.5 Greenbriar - 193.5 Hollin Meadows
Hollin Meadows,Week5,Mansion House,Week1,219.0 Mansion House - 183.0 Hollin Meadows
Hollin Hills,Week5,Sideburn Run,Week1,289.0 Sideburn Run - 112.0 Hollin Hills
Hollin Hills,Week4,Newington Forest,Week5,261.0 Newington Forest - 140.0 Hollin Hills
Hollin Hills,Week2,Sideburn Run,Week5,312.0 Sideburn Run - 90.0 Hollin Hills
Hollin Hills,Week4,Greenbriar,Week2,330.0 Greenbriar - 71.0 Hollin Hills
Holmes Run Acres,Week4,Brookfield ,Week2,221.0 Holmes Run Acres - 181.0 Brookfield
Hollin Meadows,Week1,Truro,Week4,257.0 Hollin Meadows - 145.0 Truro
Hollin Meadows,Week3,Orange Hunt,Week5,225.0 Orange Hunt - 177.0 Hollin Meadows
Hollin Hills,Week4,Poplar Tree,Week1,306.5 Poplar Tree - 94.5 Hollin Hills
Hollin Hills,Week1,North Springfield,Week4,189.0 North Springfield - 188.0 Hollin Hills
Hollin Hills,Week2,Greenbriar,Week4,303.0 Greenbriar - 98.0 Hollin Hills
Hollin Meadows,Week2,Old Keene Mill,Week1,267.5 Hollin Meadows - 134.5 Old Keene Mill
Hollin Hills,Week5,Lincolnia Park,Week3,196.0 Hollin Hills - 183.0 Lincolnia Park
Hollin Meadows,Week1,Truro,Week5,267.0 Hollin Meadows - 135.0 Truro
Hollin Meadows,Week4,Great Falls,Week1,240.0 Hollin Meadows - 162.0 Great Falls
Hollin Hills,Week5,Highland Park,Week2,304.0 Highland Park - 98.0 Hollin Hills
Hollin Hills,Week2,Poplar Tree,Week1,307.0 Poplar Tree - 95.0 Hollin Hills
Hollin Hills,Week5,Lincolnia Park,Week4,197.0 Hollin Hills - 190.0 Lincolnia Park
Hollin Hills,Week5,Lincolnia Park,Week5,201.0 Lincolnia Park - 182.0 Hollin Hills
Hollin Hills,Week4,Poplar Tree,Week2,303.0 Poplar Tree - 99.0 Hollin Hills
Holmes Run Acres,Week3,Broyhill Crest,Week5,344.0 Holmes Run Acres - 58.0 Broyhill Crest
Hollin Meadows,Week4,Mantua,Week1,247.0 Mantua - 155.0 Hollin Meadows
Holmes Run Acres,Week4,Broyhill Crest,Week2,349.0 Holmes Run Acres - 52.0 Broyhill Crest
Hollin Meadows,Week3,Mantua,Week1,240.0 Mantua - 161.0 Hollin Meadows
Hollin Meadows,Week3,Orange Hunt,Week1,213.0 Orange Hunt - 189.0 Hollin Meadows
Hollin Meadows,Week4,Great Falls,Week3,201.0 Great Falls - 201.0 Hollin Meadows
Hollin Meadows,Week4,Great Falls,Week2,216.0 Hollin Meadows - 168.0 Great Falls
Hollin Hills,Week2,Greenbriar,Week1,304.0 Greenbriar - 98.0 Hollin Hills
Hollin Hills,Week5,Great Falls,Week4,258.0 Great Falls - 126.0 Hollin Hills
Hollin Meadows,Week2,Truro,Week5,240.0 Hollin Meadows - 162.0 Truro
Hollin Hills,Week2,Sideburn Run,Week1,306.0 Sideburn Run - 94.0 Hollin Hills
Hollin Hills,Week5,Highland Park,Week4,325.0 Highland Park - 77.0 Hollin Hills
Hollin Hills,Week2,North Springfield,Week1,176.0 Hollin Hills - 159.0 North Springfield
Hollin Hills,Week2,North Springfield,Week2,203.0 North Springfield - 177.0 Hollin Hills
Holmes Run Acres,Week4,Broyhill Crest,Week3,358.0 Holmes Run Acres - 42.0 Broyhill Crest
Hollin Hills,Week2,Greenbriar,Week3,310.0 Greenbriar - 90.0 Hollin Hills
Hollin Hills,Week1,Greenbriar,Week3,312.0 Greenbriar - 90.0 Hollin Hills
Holmes Run Acres,Week4,Broyhill Crest,Week5,331.0 Holmes Run Acres - 71.0 Broyhill Crest
Hollin Meadows,Week2,Greenbriar,Week3,229.0 Greenbriar - 173.0 Hollin Meadows
Hollin Hills,Week1,Ravensworth Farm,Week5,329.0 Ravensworth Farm - 73.0 Hollin Hills
Hollin Meadows,Week4,Mantua,Week3,275.0 Mantua - 127.0 Hollin Meadows
Hollin Hills,Week1,Sideburn Run,Week3,307.0 Sideburn Run - 95.0 Hollin Hills
Hollin Hills,Week1,Ravensworth Farm,Week4,327.0 Ravensworth Farm - 74.0 Hollin Hills
Hollin Meadows,Week3,Old Keene Mill,Week5,236.0 Hollin Meadows - 165.0 Old Keene Mill
Hollin Meadows,Week4,Mantua,Week5,274.0 Mantua - 128.0 Hollin Meadows
Hollin Hills,Week4,Lincolnia Park,Week2,229.0 Hollin Hills - 161.0 Lincolnia Park
Hollin Hills,Week3,Lincolnia Park,Week2,217.0 Hollin Hills - 175.0 Lincolnia Park
Holmes Run Acres,Week4,Burke Station,Week3,253.0 Holmes Run Acres - 144.0 Burke Station
Hollin Hills,Week4,Sideburn Run,Week2,306.0 Sideburn Run - 96.0 Hollin Hills
Hollin Hills,Week5,Newington Forest,Week4,231.0 Newington Forest - 169.0 Hollin Hills
Hollin Meadows,Week3,Greenbriar,Week4,211.0 Hollin Meadows - 191.0 Greenbriar
Hollin Hills,Week1,Highlands Swim,Week1,361.0 Highlands Swim - 41.0 Hollin Hills
Hollin Hills,Week1,Highlands Swim,Week5,355.0 Highlands Swim - 42.0 Hollin Hills
Hollin Meadows,Week4,Old Keene Mill,Week5,235.0 Hollin Meadows - 167.0 Old Keene Mill
Hollin Hills,Week5,Newington Forest,Week1,212.0 Newington Forest - 187.0 Hollin Hills
Hollin Hills,Week3,Sideburn Run,Week3,309.0 Sideburn Run - 93.0 Hollin Hills
Hollin Meadows,Week2,Greenbriar,Week5,230.0 Greenbriar - 172.0 Hollin Meadows
Holmes Run Acres,Week4,Burke Station,Week5,249.0 Holmes Run Acres - 153.0 Burke Station
Hollin Hills,Week1,Little Hunting Park,Week1,276.0 Little Hunting Park - 126.0 Hollin Hills
Hollin Hills,Week5,Sideburn Run,Week5,290.0 Sideburn Run - 112.0 Hollin Hills
Hollin Meadows,Week5,Old Keene Mill,Week5,257.0 Hollin Meadows - 145.0 Old Keene Mill
Hollin Hills,Week4,Newington Forest,Week3,233.0 Newington Forest - 165.0 Hollin Hills
Hollin Hills,Week3,Highland Park,Week3,296.0 Highland Park - 106.0 Hollin Hills
Hollin Hills,Week2,Greenbriar,Week5,302.0 Greenbriar - 100.0 Hollin Hills
Hollin Hills,Week4,Highland Park,Week5,323.0 Highland Park - 78.0 Hollin Hills
Hollin Hills,Week2,North Springfield,Week3,224.0 North Springfield - 167.0 Hollin Hills
Holmes Run Acres,Week5,Burke Station,Week5,285.0 Holmes Run Acres - 117.0 Burke Station
Hollin Hills,Week1,Little Hunting Park,Week2,264.0 Little Hunting Park - 134.0 Hollin Hills
Hollin Meadows,Week5,Old Keene Mill,Week1,302.0 Hollin Meadows - 100.0 Old Keene Mill
Hollin Hills,Week3,Lincolnia Park,Week5,196.0 Lincolnia Park - 192.0 Hollin Hills
Hollin Hills,Week4,Greenbriar,Week4,309.0 Greenbriar - 93.0 Hollin Hills
Hollin Hills,Week2,Ravensworth Farm,Week3,331.0 Ravensworth Farm - 71.0 Hollin Hills
Hollin Hills,Week3,Greenbriar,Week4,300.0 Greenbriar - 102.0 Hollin Hills
Hollin Meadows,Week5,Mantua,Week1,233.0 Mantua - 169.0 Hollin Meadows
Hollin Hills,Week5,Highland Park,Week1,315.0 Highland Park - 87.0 Hollin Hills
Hollin Hills,Week1,Sleepy Hollow B & R,Week3,323.0 Sleepy Hollow B & R - 78.0 Hollin Hills
Hollin Hills,Week4,Greenbriar,Week3,322.0 Greenbriar - 79.0 Hollin Hills
Hollin Meadows,Week1,Greenbriar,Week5,211.0 Greenbriar - 191.0 Hollin Meadows
Hollin Meadows,Week3,Old Keene Mill,Week3,276.0 Hollin Meadows - 126.0 Old Keene Mill
Hollin Hills,Week2,Ravensworth Farm,Week4,323.0 Ravensworth Farm - 77.0 Hollin Hills
Hollin Hills,Week2,North Springfield,Week4,197.0 Hollin Hills - 186.0 North Springfield
Hollin Meadows,Week4,Greenbriar,Week2,226.0 Greenbriar - 176.0 Hollin Meadows
Hollin Meadows,Week5,Mantua,Week3,262.0 Mantua - 140.0 Hollin Meadows
Hollin Hills,Week3,Ravensworth Farm,Week4,311.0 Ravensworth Farm - 91.0 Hollin Hills
Holmes Run Acres,Week1,Burke Station,Week2,273.0 Holmes Run Acres - 128.0 Burke Station
Hollin Meadows,Week5,Mantua,Week4,233.0 Mantua - 169.0 Hollin Meadows
Hollin Hills,Week2,Ravensworth Farm,Week1,328.0 Ravensworth Farm - 73.0 Hollin Hills
Hollin Hills,Week1,Highlands Swim,Week4,356.0 Highlands Swim - 46.0 Hollin Hills
Hollin Hills,Week5,Highland Park,Week3,286.0 Highland Park - 116.0 Hollin Hills
Hollin Hills,Week3,Ravensworth Farm,Week5,331.0 Ravensworth Farm - 71.0 Hollin Hills
Hollin Hills,Week4,Ravensworth Farm,Week1,322.0 Ravensworth Farm - 78.0 Hollin Hills
Hollin Meadows,Week4,Great Falls,Week4,238.0 Hollin Meadows - 164.0 Great Falls
Hollin Meadows,Week5,Old Keene Mill,Week3,290.0 Hollin Meadows - 112.0 Old Keene Mill
Holmes Run Acres,Week3,Burke Station,Week1,266.0 Holmes Run Acres - 112.0 Burke Station
Holmes Run Acres,Week4,Burke Station,Week1,244.0 Holmes Run Acres - 134.0 Burke Station
Hollin Hills,Week3,Lincolnia Park,Week3,198.0 Lincolnia Park - 190.0 Hollin Hills
Hollin Meadows,Week1,McLean,Week4,273.0 McLean - 129.0 Hollin Meadows
Hollin Hills,Week5,Lakeview,Week5,201.0 Lakeview - 187.0 Hollin Hills
Hollin Hills,Week1,Little Hunting Park,Week5,281.0 Little Hunting Park - 120.0 Hollin Hills
Hollin Meadows,Week1,McLean,Week2,282.0 McLean - 120.0 Hollin Meadows
Hollin Meadows,Week5,Great Falls,Week2,221.0 Hollin Meadows - 163.0 Great Falls
Hollin Hills,Week2,Ravensworth Farm,Week2,311.0 Ravensworth Farm - 90.0 Hollin Hills
Hollin Meadows,Week1,McLean,Week5,290.0 McLean - 112.0 Hollin Meadows
Hollin Hills,Week3,Highland Park,Week5,318.0 Highland Park - 84.0 Hollin Hills
Hollin Hills,Week4,Newington Forest,Week2,233.0 Newington Forest - 160.0 Hollin Hills
Hollin Hills,Week5,Langley,Week5,317.0 Langley - 84.0 Hollin Hills
Hollin Meadows,Week2,Orange Hunt,Week3,224.0 Orange Hunt - 178.0 Hollin Meadows
Holmes Run Acres,Week1,Burke Station,Week3,245.0 Holmes Run Acres - 151.0 Burke Station
Holmes Run Acres,Week5,Broyhill Crest,Week3,367.0 Holmes Run Acres - 35.0 Broyhill Crest
Hollin Hills,Week4,Highland Park,Week1,328.0 Highland Park - 72.0 Hollin Hills
Hollin Hills,Week3,North Springfield,Week1,213.0 Hollin Hills - 131.0 North Springfield
Hollin Hills,Week1,Ravensworth Farm,Week2,314.0 Ravensworth Farm - 87.0 Hollin Hills
Hollin Meadows,Week3,Old Keene Mill,Week2,268.0 Hollin Meadows - 134.0 Old Keene Mill
Hollin Hills,Week4,Highland Park,Week3,299.0 Highland Park - 103.0 Hollin Hills
Hollin Hills,Week5,Shouse Village,Week4,294.0 Shouse Village - 107.0 Hollin Hills
Hollin Meadows,Week4,Great Falls,Week5,203.0 Great Falls - 199.0 Hollin Meadows
Holmes Run Acres,Week3,Burke Station,Week5,277.0 Holmes Run Acres - 125.0 Burke Station
Hollin Meadows,Week5,Great Falls,Week4,234.0 Hollin Meadows - 167.0 Great Falls
Hollin Hills,Week1,Sideburn Run,Week1,298.0 Sideburn Run - 104.0 Hollin Hills
Hollin Hills,Week4,Ravensworth Farm,Week2,309.0 Ravensworth Farm - 92.0 Hollin Hills
Hollin Hills,Week1,Little Hunting Park,Week3,262.0 Little Hunting Park - 140.0 Hollin Hills
Hollin Hills,Week2,Highlands Swim,Week1,366.0 Highlands Swim - 36.0 Hollin Hills
Hollin Meadows,Week5,Mantua,Week5,260.0 Mantua - 142.0 Hollin Meadows
Hollin Hills,Week1,North Springfield,Week2,218.0 North Springfield - 163.0 Hollin Hills
Hollin Hills,Week3,North Springfield,Week2,220.0 Hollin Hills - 165.0 North Springfield
Hollin Meadows,Week2,McLean,Week2,285.0 McLean - 117.0 Hollin Meadows
Hollin Hills,Week3,Sideburn Run,Week5,313.0 Sideburn Run - 89.0 Hollin Hills
Hollin Meadows,Week4,Old Keene Mill,Week1,283.0 Hollin Meadows - 119.0 Old Keene Mill
Hollin Meadows,Week5,Great Falls,Week5,208.5 Hollin Meadows - 193.5 Great Falls
Hollin Meadows,Week4,Old Keene Mill,Week2,270.0 Hollin Meadows - 132.0 Old Keene Mill
Hollin Hills,Week5,Newington Forest,Week5,235.0 Newington Forest - 167.0 Hollin Hills
Holmes Run Acres,Week5,Broyhill Crest,Week1,357.0 Holmes Run Acres - 45.0 Broyhill Crest
Hollin Hills,Week2,Sideburn Run,Week2,304.0 Sideburn Run - 98.0 Hollin Hills
Hollin Hills,Week1,Little Hunting Park,Week4,254.0 Little Hunting Park - 148.0 Hollin Hills
Hollin Hills,Week5,Shouse Village,Week1,277.0 Shouse Village - 124.0 Hollin Hills
Hollin Meadows,Week2,McLean,Week4,274.0 McLean - 128.0 Hollin Meadows
Hollin Hills,Week3,Ravensworth Farm,Week1,321.0 Ravensworth Farm - 81.0 Hollin Hills
Hollin Hills,Week2,Highland Park,Week2,321.0 Highland Park - 81.0 Hollin Hills
Hollin Hills,Week2,Sideburn Run,Week3,313.0 Sideburn Run - 89.0 Hollin Hills
Hollin Hills,Week2,Oakton ,Week4,370.0 Oakton - 32.0 Hollin Hills
Hollin Hills,Week3,Ravensworth Farm,Week2,305.0 Ravensworth Farm - 97.0 Hollin Hills
Hollin Meadows,Week1,Orange Hunt,Week1,203.0 Orange Hunt - 199.0 Hollin Meadows
Hollin Hills,Week5,Shouse Village,Week2,271.0 Shouse Village - 128.0 Hollin Hills
Hollin Hills,Week5,Newington Forest,Week2,209.0 Newington Forest - 191.0 Hollin Hills
Hollin Meadows,Week3,Greenbriar,Week1,206.0 Greenbriar - 196.0 Hollin Meadows
Holmes Run Acres,Week1,Burke Station,Week4,278.0 Holmes Run Acres - 124.0 Burke Station
Hollin Meadows,Week2,McLean,Week3,290.5 McLean - 111.5 Hollin Meadows
Hollin Meadows,Week4,Old Keene Mill,Week4,293.0 Hollin Meadows - 109.0 Old Keene Mill
Hollin Meadows,Week1,Greenbriar,Week3,212.0 Greenbriar - 190.0 Hollin Meadows
Hollin Hills,Week1,Langley,Week3,321.0 Langley - 81.0 Hollin Hills
Hollin Hills,Week4,Fox Mill Estates,Week4,307.0 Fox Mill Estates - 95.0 Hollin Hills
Hollin Hills,Week4,Sideburn Run,Week1,300.0 Sideburn Run - 100.0 Hollin Hills
Hollin Hills,Week2,Langley,Week2,319.0 Langley - 82.0 Hollin Hills
Holmes Run Acres,Week2,Burke Station,Week5,230.0 Holmes Run Acres - 172.0 Burke Station
Hollin Hills,Week5,North Springfield,Week2,201.0 North Springfield - 178.0 Hollin Hills
Hollin Meadows,Week1,Orange Hunt,Week3,214.0 Orange Hunt - 188.0 Hollin Meadows
Holmes Run Acres,Week4,Burke Station,Week4,277.0 Holmes Run Acres - 125.0 Burke Station
Hollin Meadows,Week5,Great Falls,Week1,248.0 Hollin Meadows - 153.0 Great Falls
Hollin Meadows,Week3,McLean,Week3,291.0 McLean - 110.0 Hollin Meadows
Hollin Meadows,Week3,Old Keene Mill,Week4,280.0 Hollin Meadows - 122.0 Old Keene Mill
Holmes Run Acres,Week5,Burke Station,Week3,294.0 Holmes Run Acres - 103.0 Burke Station
Hollin Hills,Week3,Langley,Week3,333.0 Langley - 69.0 Hollin Hills
Hollin Meadows,Week3,Greenbriar,Week3,211.0 Greenbriar - 191.0 Hollin Meadows
Hollin Meadows,Week2,McLean,Week5,286.0 McLean - 116.0 Hollin Meadows
Hollin Hills,Week4,Poplar Tree,Week4,301.0 Poplar Tree - 99.0 Hollin Hills
Hollin Meadows,Week2,Greenbriar,Week2,236.5 Greenbriar - 165.5 Hollin Meadows
Hollin Hills,Week5,Poplar Tree,Week5,323.0 Poplar Tree - 77.0 Hollin Hills
Holmes Run Acres,Week1,Burke Station,Week1,237.5 Holmes Run Acres - 140.5 Burke Station
Hollin Hills,Week3,Ravensworth Farm,Week3,331.0 Ravensworth Farm - 71.0 Hollin Hills
Hollin Hills,Week4,Langley,Week3,332.0 Langley - 70.0 Hollin Hills
Hollin Hills,Week1,Sideburn Run,Week4,307.0 Sideburn Run - 95.0 Hollin Hills
Hollin Hills,Week1,Oakton ,Week1,356.0 Oakton - 46.0 Hollin Hills
Hollin Hills,Week1,Oakton ,Week2,353.0 Oakton - 44.0 Hollin Hills
Hollin Meadows,Week1,Greenbriar,Week2,219.5 Greenbriar - 182.5 Hollin Meadows
Hollin Meadows,Week4,Old Keene Mill,Week3,274.0 Hollin Meadows - 128.0 Old Keene Mill
Hollin Hills,Week3,Langley,Week1,333.0 Langley - 69.0 Hollin Hills
Hollin Hills,Week2,Langley,Week3,327.0 Langley - 75.0 Hollin Hills
Hollin Meadows,Week1,Orange Hunt,Week4,210.0 Orange Hunt - 192.0 Hollin Meadows
Hollin Hills,Week1,Sideburn Run,Week5,314.0 Sideburn Run - 88.0 Hollin Hills
Hollin Hills,Week4,North Springfield,Week3,201.0 North Springfield - 191.0 Hollin Hills
Holmes Run Acres,Week2,Burke Station,Week4,269.0 Holmes Run Acres - 133.0 Burke Station
Hollin Meadows,Week3,McLean,Week2,266.0 McLean - 136.0 Hollin Meadows
Hollin Hills,Week5,Poplar Tree,Week1,304.0 Poplar Tree - 98.0 Hollin Hills
Hollin Meadows,Week2,McLean,Week1,270.0 McLean - 132.0 Hollin Meadows
Hollin Hills,Week5,North Springfield,Week1,195.0 Hollin Hills - 140.0 North Springfield
Hollin Hills,Week5,Shouse Village,Week3,288.5 Shouse Village - 111.5 Hollin Hills
Hollin Hills,Week5,Shouse Village,Week5,310.0 Shouse Village - 90.0 Hollin Hills
Hollin Hills,Week1,Ravensworth Farm,Week1,320.0 Ravensworth Farm - 82.0 Hollin Hills
Hollin Hills,Week1,Oakton ,Week3,353.5 Oakton - 48.5 Hollin Hills
Hollin Meadows,Week1,Orange Hunt,Week5,216.0 Orange Hunt - 185.0 Hollin Meadows
Hollin Meadows,Week5,McLean,Week2,264.0 McLean - 138.0 Hollin Meadows
Hollin Meadows,Week5,Great Falls,Week3,218.0 Hollin Meadows - 184.0 Great Falls
Hollin Hills,Week2,Oakton ,Week5,353.5 Oakton - 47.5 Hollin Hills
Hollin Hills,Week5,Lakeview,Week4,231.0 Lakeview - 170.0 Hollin Hills
Hollin Hills,Week1,Langley,Week2,311.0 Langley - 91.0 Hollin Hills
Hollin Hills,Week3,Oakton ,Week3,348.0 Oakton - 54.0 Hollin Hills
Hollin Hills,Week3,Sideburn Run,Week1,305.0 Sideburn Run - 97.0 Hollin Hills
Hollin Hills,Week1,Sideburn Run,Week2,298.0 Sideburn Run - 104.0 Hollin Hills
Hollin Hills,Week5,Poplar Tree,Week3,315.0 Poplar Tree - 86.0 Hollin Hills
Hollin Hills,Week5,North Springfield,Week3,202.0 North Springfield - 187.0 Hollin Hills
Hollin Meadows,Week5,McLean,Week1,267.0 McLean - 135.0 Hollin Meadows
Hollin Hills,Week2,Langley,Week1,321.0 Langley - 81.0 Hollin Hills
Hollin Hills,Week5,Poplar Tree,Week4,291.0 Poplar Tree - 109.0 Hollin Hills
Hollin Meadows,Week5,Old Keene Mill,Week2,288.0 Hollin Meadows - 114.0 Old Keene Mill
Hollin Meadows,Week3,Hamlet,Week4,275.0 Hamlet - 127.0 Hollin Meadows
Hollin Hills,Week3,Oakton ,Week2,352.0 Oakton - 50.0 Hollin Hills
Holmes Run Acres,Week5,Broyhill Crest,Week5,354.0 Holmes Run Acres - 48.0 Broyhill Crest
Hollin Meadows,Week1,Mosby Woods,Week2,241.0 Mosby Woods - 161.0 Hollin Meadows
Hollin Hills,Week4,Fox Mill Estates,Week5,297.0 Fox Mill Estates - 105.0 Hollin Hills
Hollin Meadows,Week5,Old Keene Mill,Week4,303.0 Hollin Meadows - 99.0 Old Keene Mill
Holmes Run Acres,Week2,Burke Station,Week2,270.0 Holmes Run Acres - 132.0 Burke Station
Holmes Run Acres,Week5,Broyhill Crest,Week4,360.0 Holmes Run Acres - 42.0 Broyhill Crest
Hollin Meadows,Week5,McLean,Week4,251.0 McLean - 151.0 Hollin Meadows
Hollin Hills,Week3,Sideburn Run,Week4,303.0 Sideburn Run - 99.0 Hollin Hills
Hollin Hills,Week5,North Springfield,Week5,198.0 North Springfield - 166.0 Hollin Hills
Hollin Hills,Week5,Langley,Week1,317.0 Langley - 84.0 Hollin Hills
Hollin Hills,Week1,Ravensworth Farm,Week3,326.0 Ravensworth Farm - 76.0 Hollin Hills
Hollin Meadows,Week1,Hamlet,Week3,283.0 Hamlet - 119.0 Hollin Meadows
Hollin Meadows,Week4,Greenbriar,Week1,213.0 Greenbriar - 189.0 Hollin Meadows
Hollin Meadows,Week2,Orange Hunt,Week5,231.0 Orange Hunt - 171.0 Hollin Meadows
Hollin Hills,Week2,Ravensworth Farm,Week5,334.0 Ravensworth Farm - 68.0 Hollin Hills
Hollin Hills,Week4,Sideburn Run,Week3,304.0 Sideburn Run - 98.0 Hollin Hills
Hollin Hills,Week2,Langley,Week5,318.0 Langley - 84.0 Hollin Hills
Hollin Meadows,Week1,Mosby Woods,Week1,246.0 Mosby Woods - 156.0 Hollin Meadows
Hollin Meadows,Week2,Orange Hunt,Week4,228.0 Orange Hunt - 174.0 Hollin Meadows
Holmes Run Acres,Week2,Burke Station,Week3,249.0 Holmes Run Acres - 147.0 Burke Station
Holmes Run Acres,Week5,Broyhill Crest,Week2,364.0 Holmes Run Acres - 38.0 Broyhill Crest
Hollin Meadows,Week1,Greenbriar,Week4,217.0 Hollin Meadows - 185.0 Greenbriar
Hollin Meadows,Week3,Greenbriar,Week2,213.0 Greenbriar - 189.0 Hollin Meadows
Hollin Hills,Week4,Langley,Week4,333.0 Langley - 69.0 Hollin Hills
Hollin Meadows,Week2,Orange Hunt,Week2,232.0 Orange Hunt - 170.0 Hollin Meadows
Holmes Run Acres,Week1,Burke Station,Week5,239.0 Holmes Run Acres - 163.0 Burke Station
Hollin Hills,Week4,Shouse Village,Week5,303.0 Shouse Village - 98.0 Hollin Hills
Hollin Meadows,Week3,Orange Hunt,Week2,218.0 Orange Hunt - 184.0 Hollin Meadows
Hollin Hills,Week4,Poplar Tree,Week5,325.0 Poplar Tree - 75.0 Hollin Hills
Hollin Hills,Week3,Langley,Week4,337.0 Langley - 65.0 Hollin Hills
Hollin Meadows,Week4,McLean,Week5,291.0 McLean - 111.0 Hollin Meadows
Hollin Hills,Week2,Sideburn Run,Week4,314.0 Sideburn Run - 88.0 Hollin Hills
Hollin Hills,Week3,Sideburn Run,Week2,294.0 Sideburn Run - 108.0 Hollin Hills
Hollin Meadows,Week1,Mosby Woods,Week5,237.0 Mosby Woods - 165.0 Hollin Meadows
Hollin Meadows,Week1,Orange Hunt,Week2,214.0 Orange Hunt - 188.0 Hollin Meadows
Hollin Meadows,Week1,Mosby Woods,Week3,226.0 Mosby Woods - 176.0 Hollin Meadows
Hollin Hills,Week4,Sideburn Run,Week4,313.0 Sideburn Run - 88.0 Hollin Hills
Hollin Meadows,Week5,Greenbriar,Week1,207.0 Hollin Meadows - 195.0 Greenbriar
Hollin Hills,Week3,Overlee,Week4,397.0 Overlee - 5.0 Hollin Hills
Hollin Hills,Week5,Poplar Tree,Week2,300.0 Poplar Tree - 102.0 Hollin Hills
Holmes Run Acres,Week3,Burke Station,Week3,281.0 Holmes Run Acres - 116.0 Burke Station
Hollin Hills,Week1,Langley,Week5,325.0 Langley - 72.0 Hollin Hills
Hollin Meadows,Week2,Orange Hunt,Week1,231.0 Orange Hunt - 171.0 Hollin Meadows
Hollin Hills,Week4,North Springfield,Week4,212.0 Hollin Hills - 163.0 North Springfield
Hollin Meadows,Week1,Mosby Woods,Week4,218.0 Mosby Woods - 184.0 Hollin Meadows
Holmes Run Acres,Week3,Burke Station,Week2,302.0 Holmes Run Acres - 99.0 Burke Station
Hollin Meadows,Week1,Hamlet,Week1,275.0 Hamlet - 127.0 Hollin Meadows
Hollin Hills,Week4,North Springfield,Week2,194.0 North Springfield - 187.0 Hollin Hills
Hollin Meadows,Week2,Greenbriar,Week1,228.0 Greenbriar - 174.0 Hollin Meadows
Hollin Meadows,Week2,Hamlet,Week1,284.0 Hamlet - 118.0 Hollin Meadows
Hollin Hills,Week5,Sideburn Run,Week4,291.0 Sideburn Run - 110.0 Hollin Hills
Hollin Meadows,Week1,Hamlet,Week5,293.0 Hamlet - 109.0 Hollin Meadows
Hollin Hills,Week3,Langley,Week2,325.0 Langley - 77.0 Hollin Hills
Holmes Run Acres,Week3,Burke Station,Week4,302.0 Holmes Run Acres - 100.0 Burke Station
Hollin Meadows,Week5,Orange Hunt,Week2,206.0 Orange Hunt - 196.0 Hollin Meadows
Hollin Meadows,Week4,McLean,Week2,279.0 McLean - 123.0 Hollin Meadows
Holmes Run Acres,Week2,Burke Station,Week1,225.0 Holmes Run Acres - 154.0 Burke Station
Hollin Hills,Week4,Sideburn Run,Week5,315.0 Sideburn Run - 87.0 Hollin Hills
Hollin Hills,Week5,North Springfield,Week4,214.0 Hollin Hills - 167.0 North Springfield
Hollin Hills,Week5,Overlee,Week1,373.0 Overlee - 29.0 Hollin Hills
Hollin Hills,Week5,Overlee,Week2,392.0 Overlee - 10.0 Hollin Hills
Hollin Meadows,Week3,Orange Hunt,Week4,207.0 Orange Hunt - 195.0 Hollin Meadows
Hollin Hills,Week3,Oakton ,Week1,359.0 Oakton - 43.0 Hollin Hills
Hollin Hills,Week4,North Springfield,Week1,190.0 Hollin Hills - 145.0 North Springfield
Hollin Hills,Week4,Langley,Week2,325.0 Langley - 76.0 Hollin Hills
Hollin Hills,Week5,Sideburn Run,Week3,294.0 Sideburn Run - 108.0 Hollin Hills
Hollin Meadows,Week3,McLean,Week4,271.0 McLean - 131.0 Hollin Meadows
Hollin Hills,Week3,Langley,Week5,322.0 Langley - 80.0 Hollin Hills
Hollin Hills,Week3,Overlee,Week2,385.0 Overlee - 17.0 Hollin Hills
Holmes Run Acres,Week4,Burke Station,Week2,268.0 Holmes Run Acres - 133.0 Burke Station
Hollin Hills,Week2,Oakton ,Week1,351.0 Oakton - 51.0 Hollin Hills
Hollin Meadows,Week5,Orange Hunt,Week4,215.0 Orange Hunt - 187.0 Hollin Meadows
Hollin Hills,Week1,Sleepy Hollow B & R,Week1,318.0 Sleepy Hollow B & R - 84.0 Hollin Hills
Hollin Hills,Week4,Langley,Week1,333.0 Langley - 68.0 Hollin Hills
Hollin Meadows,Week3,Greenbriar,Week5,212.0 Greenbriar - 190.0 Hollin Meadows
Hollin Hills,Week5,Langley,Week3,321.0 Langley - 81.0 Hollin Hills
Hollin Hills,Week5,Sideburn Run,Week2,287.0 Sideburn Run - 115.0 Hollin Hills
Hollin Hills,Week5,Langley,Week4,324.5 Langley - 77.5 Hollin Hills
Hollin Meadows,Week5,Hamlet,Week3,268.0 Hamlet - 134.0 Hollin Meadows
Hollin Meadows,Week5,McLean,Week5,264.0 McLean - 138.0 Hollin Meadows
Hollin Hills,Week3,Overlee,Week3,388.0 Overlee - 14.0 Hollin Hills
Hollin Meadows,Week4,McLean,Week4,272.0 McLean - 130.0 Hollin Meadows
Hollin Meadows,Week1,Overlee,Week3,294.5 Overlee - 107.5 Hollin Meadows
Hollin Meadows,Week2,Greenbriar,Week4,205.0 Greenbriar - 197.0 Hollin Meadows
Hollin Meadows,Week2,Mosby Woods,Week1,258.0 Mosby Woods - 144.0 Hollin Meadows
Hollin Meadows,Week5,Hamlet,Week2,267.5 Hamlet - 134.5 Hollin Meadows
Hollin Hills,Week1,Oakton ,Week5,359.0 Oakton - 37.0 Hollin Hills
Hollin Hills,Week3,Overlee,Week1,379.0 Overlee - 23.0 Hollin Hills
Hollin Hills,Week1,Oakton ,Week4,368.0 Oakton - 34.0 Hollin Hills
Hollin Hills,Week1,Sleepy Hollow B & R,Week2,326.0 Sleepy Hollow B & R - 76.0 Hollin Hills
Hollin Hills,Week1,Sleepy Hollow Rec,Week2,270.0 Sleepy Hollow Rec - 130.0 Hollin Hills
Hollin Hills,Week3,Overlee,Week5,394.0 Overlee - 8.0 Hollin Hills
Hollin Meadows,Week4,Overlee,Week1,318.0 Overlee - 84.0 Hollin Meadows
Hollin Hills,Week1,Laurel Hill,Week4,254.0 Laurel Hill - 148.0 Hollin Hills
Hollin Meadows,Week4,Orange Hunt,Week4,214.0 Orange Hunt - 188.0 Hollin Meadows
Holmes Run Acres,Week5,Burke Station,Week1,274.0 Holmes Run Acres - 105.0 Burke Station
Holmes Run Acres,Week5,Burke Station,Week4,316.0 Holmes Run Acres - 86.0 Burke Station
Hollin Meadows,Week3,Hamlet,Week3,290.0 Hamlet - 111.0 Hollin Meadows
Hollin Meadows,Week2,Mosby Woods,Week2,261.0 Mosby Woods - 141.0 Hollin Meadows
Hollin Meadows,Week2,Mosby Woods,Week3,255.0 Mosby Woods - 147.0 Hollin Meadows
Hollin Meadows,Week2,Overlee,Week1,310.5 Overlee - 91.5 Hollin Meadows
Hollin Hills,Week2,Overlee,Week2,384.0 Overlee - 18.0 Hollin Hills
Hollin Hills,Week4,North Springfield,Week5,194.0 North Springfield - 173.0 Hollin Hills
Holmes Run Acres,Week5,Burke Station,Week2,317.0 Holmes Run Acres - 85.0 Burke Station
Holmes Run Acres,Week2,Camelot,Week3,222.0 Holmes Run Acres - 180.0 Camelot
Hollin Hills,Week2,Sleepy Hollow B & R,Week4,326.0 Sleepy Hollow B & R - 76.0 Hollin Hills
Hollin Hills,Week3,Tuckahoe,Week5,381.0 Tuckahoe - 21.0 Hollin Hills
Hollin Meadows,Week3,Hunter Mill,Week2,228.0 Hunter Mill - 174.0 Hollin Meadows
Hollin Hills,Week1,Sleepy Hollow B & R,Week5,327.0 Sleepy Hollow B & R - 74.0 Hollin Hills
Hollin Hills,Week2,Langley,Week4,328.0 Langley - 74.0 Hollin Hills
Hollin Hills,Week5,Langley,Week2,307.0 Langley - 95.0 Hollin Hills
Hollin Hills,Week5,Tuckahoe,Week2,364.0 Tuckahoe - 38.0 Hollin Hills
Holmes Run Acres,Week2,Canterbury Woods,Week1,241.5 Holmes Run Acres - 160.5 Canterbury Woods
Holmes Run Acres,Week5,Camelot,Week2,240.0 Holmes Run Acres - 162.0 Camelot
Hollin Meadows,Week4,McLean,Week3,293.0 McLean - 109.0 Hollin Meadows
Hollin Meadows,Week3,Overlee,Week5,348.0 Overlee - 54.0 Hollin Meadows
Hollin Meadows,Week1,Overlee,Week2,312.0 Overlee - 90.0 Hollin Meadows
Hollin Meadows,Week5,Orange Hunt,Week5,217.0 Orange Hunt - 185.0 Hollin Meadows
Hollin Hills,Week3,Sleepy Hollow B & R,Week3,321.0 Sleepy Hollow B & R - 81.0 Hollin Hills
Hollin Meadows,Week5,McLean,Week3,266.5 McLean - 135.5 Hollin Meadows
Hollin Meadows,Week4,Overlee,Week2,331.0 Overlee - 71.0 Hollin Meadows
Holmes Run Acres,Week1,Camelot,Week1,214.0 Holmes Run Acres - 187.0 Camelot
Hollin Hills,Week2,Oakton ,Week2,358.0 Oakton - 44.0 Hollin Hills
Hollin Hills,Week3,Sleepy Hollow B & R,Week4,320.0 Sleepy Hollow B & R - 82.0 Hollin Hills
Hollin Hills,Week4,Overlee,Week5,392.0 Overlee - 10.0 Hollin Hills
Hollin Hills,Week3,Tuckahoe,Week3,377.0 Tuckahoe - 25.0 Hollin Hills
Hollin Meadows,Week1,Hamlet,Week4,257.0 Hamlet - 145.0 Hollin Meadows
Hollin Meadows,Week1,Dunn Loring,Week1,231.0 Dunn Loring - 171.0 Hollin Meadows
Holmes Run Acres,Week1,Canterbury Woods,Week3,208.0 Holmes Run Acres - 194.0 Canterbury Woods
Hollin Meadows,Week4,Dowden Terrace,Week1,210.0 Hollin Meadows - 192.0 Dowden Terrace
Holmes Run Acres,Week5,Camelot,Week4,256.0 Holmes Run Acres - 146.0 Camelot
Hollin Hills,Week1,Overlee,Week3,391.0 Overlee - 11.0 Hollin Hills
Hollin Hills,Week1,Langley,Week4,323.0 Langley - 79.0 Hollin Hills
Hollin Meadows,Week2,Hamlet,Week5,298.0 Hamlet - 104.0 Hollin Meadows
Hollin Hills,Week1,Langley,Week1,324.5 Langley - 77.5 Hollin Hills
Hollin Hills,Week2,Overlee,Week5,389.0 Overlee - 13.0 Hollin Hills
Hollin Hills,Week2,Overlee,Week3,391.0 Overlee - 11.0 Hollin Hills
Hollin Meadows,Week4,Greenbriar,Week4,220.0 Hollin Meadows - 182.0 Greenbriar
Hollin Hills,Week5,Overlee,Week5,391.0 Overlee - 11.0 Hollin Hills
Hollin Meadows,Week3,McLean,Week5,280.0 McLean - 122.0 Hollin Meadows
Hollin Meadows,Week5,Dowden Terrace,Week4,214.0 Hollin Meadows - 188.0 Dowden Terrace
Hollin Hills,Week5,Tuckahoe,Week1,353.5 Tuckahoe - 48.5 Hollin Hills
Hollin Hills,Week3,Sleepy Hollow B & R,Week5,323.0 Sleepy Hollow B & R - 79.0 Hollin Hills
Hollin Hills,Week2,Oakton ,Week3,348.0 Oakton - 54.0 Hollin Hills
Hollin Meadows,Week3,Dunn Loring,Week5,276.0 Dunn Loring - 126.0 Hollin Meadows
Hollin Hills,Week4,Langley,Week5,324.0 Langley - 78.0 Hollin Hills
Hollin Meadows,Week2,Overlee,Week5,340.0 Overlee - 62.0 Hollin Meadows
Hollin Meadows,Week4,McLean,Week1,274.0 McLean - 128.0 Hollin Meadows
Hollin Meadows,Week3,Hamlet,Week1,285.5 Hamlet - 116.5 Hollin Meadows
Hollin Meadows,Week5,Hunter Mill,Week5,228.0 Hunter Mill - 174.0 Hollin Meadows
Hollin Hills,Week1,Laurel Hill,Week5,260.0 Laurel Hill - 140.0 Hollin Hills
Hollin Hills,Week5,Truro,Week3,261.0 Truro - 139.0 Hollin Hills
Holmes Run Acres,Week2,Camelot,Week4,207.0 Holmes Run Acres - 195.0 Camelot
Hollin Hills,Week1,Vienna Aquatic,Week2,348.0 Vienna Aquatic - 54.0 Hollin Hills
Hollin Meadows,Week1,Hunter Mill,Week4,241.0 Hunter Mill - 160.0 Hollin Meadows
Hollin Meadows,Week1,Dunn Loring,Week4,258.0 Dunn Loring - 144.0 Hollin Meadows
Hollin Meadows,Week1,Hamlet,Week2,284.0 Hamlet - 118.0 Hollin Meadows
Hollin Meadows,Week4,Orange Hunt,Week2,220.0 Orange Hunt - 182.0 Hollin Meadows
Hollin Hills,Week1,Overlee,Week4,396.0 Overlee - 6.0 Hollin Hills
Holmes Run Acres,Week2,Camelot,Week1,216.0 Holmes Run Acres - 186.0 Camelot
Hollin Hills,Week2,Sleepy Hollow B & R,Week3,325.5 Sleepy Hollow B & R - 75.5 Hollin Hills
Hollin Meadows,Week5,Greenbriar,Week3,203.0 Hollin Meadows - 199.0 Greenbriar
Hollin Meadows,Week4,Greenbriar,Week3,226.0 Greenbriar - 176.0 Hollin Meadows
Hollin Meadows,Week5,Dowden Terrace,Week2,211.0 Hollin Meadows - 191.0 Dowden Terrace
Hollin Meadows,Week5,Orange Hunt,Week1,213.0 Hollin Meadows - 189.0 Orange Hunt
Hollin Hills,Week2,Laurel Hill,Week5,258.0 Laurel Hill - 140.0 Hollin Hills
Hollin Hills,Week5,Sleepy Hollow B & R,Week3,310.0 Sleepy Hollow B & R - 92.0 Hollin Hills
Hollin Hills,Week2,Overlee,Week4,393.0 Overlee - 9.0 Hollin Hills
Holmes Run Acres,Week4,Camelot,Week2,226.0 Holmes Run Acres - 176.0 Camelot
Hollin Hills,Week4,Overlee,Week2,392.0 Overlee - 10.0 Hollin Hills
Hollin Hills,Week1,Sleepy Hollow Rec,Week1,259.0 Sleepy Hollow Rec - 143.0 Hollin Hills
Hollin Hills,Week3,Laurel Hill,Week3,257.0 Laurel Hill - 145.0 Hollin Hills
Hollin Meadows,Week4,Orange Hunt,Week1,205.0 Orange Hunt - 197.0 Hollin Meadows
Hollin Meadows,Week2,Dunn Loring,Week2,280.0 Dunn Loring - 122.0 Hollin Meadows
Holmes Run Acres,Week5,Camelot,Week3,259.0 Holmes Run Acres - 143.0 Camelot
Hollin Hills,Week3,Sleepy Hollow B & R,Week2,323.0 Sleepy Hollow B & R - 79.0 Hollin Hills
Hollin Hills,Week4,Tuckahoe,Week3,375.0 Tuckahoe - 26.0 Hollin Hills
Hollin Hills,Week3,Tuckahoe,Week4,379.0 Tuckahoe - 23.0 Hollin Hills
Hollin Hills,Week1,Vienna Aquatic,Week3,353.0 Vienna Aquatic - 49.0 Hollin Hills
Hollin Hills,Week4,Tuckahoe,Week4,376.0 Tuckahoe - 25.0 Hollin Hills
Hollin Meadows,Week5,Overlee,Week1,298.5 Overlee - 103.5 Hollin Meadows
Hollin Meadows,Week4,Overlee,Week4,353.0 Overlee - 49.0 Hollin Meadows
Hollin Meadows,Week3,Dowden Terrace,Week4,211.0 Hollin Meadows - 191.0 Dowden Terrace
Hollin Meadows,Week2,Ilda Community,Week4,247.0 Hollin Meadows - 155.0 Ilda Community
Hollin Hills,Week1,Sleepy Hollow Rec,Week3,273.0 Sleepy Hollow Rec - 128.0 Hollin Hills
Hollin Hills,Week3,Laurel Hill,Week5,255.0 Laurel Hill - 146.0 Hollin Hills
Hollin Meadows,Week5,Overlee,Week2,316.0 Overlee - 86.0 Hollin Meadows
Hollin Hills,Week5,Overlee,Week3,386.0 Overlee - 16.0 Hollin Hills
Hollin Meadows,Week5,Greenbriar,Week2,206.0 Greenbriar - 196.0 Hollin Meadows
Hollin Meadows,Week2,Hamlet,Week3,288.0 Hamlet - 114.0 Hollin Meadows
Hollin Meadows,Week4,Hunter Mill,Week2,227.5 Hunter Mill - 174.5 Hollin Meadows
Hollin Meadows,Week2,Dunn Loring,Week3,285.0 Dunn Loring - 117.0 Hollin Meadows
Hollin Hills,Week5,Overlee,Week4,397.0 Overlee - 5.0 Hollin Hills
Hollin Meadows,Week5,Greenbriar,Week4,234.0 Hollin Meadows - 168.0 Greenbriar
Holmes Run Acres,Week5,Camelot,Week5,241.0 Holmes Run Acres - 161.0 Camelot
Hollin Meadows,Week4,Dowden Terrace,Week3,222.0 Hollin Meadows - 180.0 Dowden Terrace
Hollin Hills,Week1,Laurel Hill,Week3,262.0 Laurel Hill - 138.0 Hollin Hills
Hollin Meadows,Week5,Greenbriar,Week5,207.0 Hollin Meadows - 195.0 Greenbriar
Hollin Hills,Week4,Overlee,Week4,398.0 Overlee - 4.0 Hollin Hills
Hollin Meadows,Week1,Ilda Community,Week3,278.0 Hollin Meadows - 123.0 Ilda Community
Holmes Run Acres,Week5,Camelot,Week1,244.0 Holmes Run Acres - 158.0 Camelot
Hollin Meadows,Week2,Hunter Mill,Week1,246.5 Hunter Mill - 155.5 Hollin Meadows
Hollin Hills,Week3,Laurel Hill,Week4,236.0 Laurel Hill - 166.0 Hollin Hills
Hollin Hills,Week2,Sleepy Hollow Rec,Week1,256.0 Sleepy Hollow Rec - 146.0 Hollin Hills
Hollin Hills,Week4,Overlee,Week1,386.5 Overlee - 15.5 Hollin Hills
Holmes Run Acres,Week4,Camelot,Week5,218.0 Holmes Run Acres - 184.0 Camelot
Hollin Hills,Week2,Tuckahoe,Week2,370.0 Tuckahoe - 32.0 Hollin Hills
Hollin Hills,Week2,Tuckahoe,Week4,374.0 Tuckahoe - 27.0 Hollin Hills
Hollin Hills,Week3,Sleepy Hollow B & R,Week1,315.0 Sleepy Hollow B & R - 87.0 Hollin Hills
Hollin Hills,Week4,Laurel Hill,Week1,228.0 Laurel Hill - 164.0 Hollin Hills
Hollin Meadows,Week5,Hunter Mill,Week4,240.0 Hunter Mill - 162.0 Hollin Meadows
Hollin Meadows,Week3,Hamlet,Week2,297.0 Hamlet - 105.0 Hollin Meadows
Hollin Meadows,Week4,Greenbriar,Week5,206.0 Greenbriar - 196.0 Hollin Meadows
Hollin Hills,Week2,Sleepy Hollow B & R,Week5,333.0 Sleepy Hollow B & R - 67.0 Hollin Hills
Hollin Meadows,Week1,Ilda Community,Week5,279.0 Hollin Meadows - 119.0 Ilda Community
Hollin Meadows,Week1,Hunter Mill,Week5,245.0 Hunter Mill - 157.0 Hollin Meadows
Hollin Hills,Week3,Vienna Aquatic,Week3,352.0 Vienna Aquatic - 50.0 Hollin Hills
Hollin Hills,Week2,Overlee,Week1,378.5 Overlee - 23.5 Hollin Hills
Holmes Run Acres,Week1,Canterbury Woods,Week5,220.0 Holmes Run Acres - 181.0 Canterbury Woods
Hollin Hills,Week1,Overlee,Week5,391.0 Overlee - 11.0 Hollin Hills
Holmes Run Acres,Week1,Camelot,Week5,207.0 Holmes Run Acres - 195.0 Camelot
Hollin Hills,Week5,Truro,Week4,277.0 Truro - 122.0 Hollin Hills
Hollin Meadows,Week4,Hamlet,Week1,286.0 Hamlet - 116.0 Hollin Meadows
Hollin Hills,Week1,Laurel Hill,Week1,233.0 Laurel Hill - 161.0 Hollin Hills
Hollin Hills,Week1,Sleepy Hollow B & R,Week4,321.0 Sleepy Hollow B & R - 81.0 Hollin Hills
Hollin Hills,Week1,Laurel Hill,Week2,226.0 Laurel Hill - 169.0 Hollin Hills
Hollin Meadows,Week3,Dowden Terrace,Week5,223.0 Dowden Terrace - 179.0 Hollin Meadows
Hollin Meadows,Week4,Overlee,Week5,354.0 Overlee - 48.0 Hollin Meadows
Hollin Hills,Week1,Vienna Aquatic,Week1,348.0 Vienna Aquatic - 54.0 Hollin Hills
Hollin Hills,Week4,Overlee,Week3,388.0 Overlee - 14.0 Hollin Hills
Hollin Meadows,Week1,Overlee,Week1,298.0 Overlee - 104.0 Hollin Meadows
Hollin Hills,Week2,Laurel Hill,Week1,235.0 Laurel Hill - 154.0 Hollin Hills
Hollin Meadows,Week4,Dowden Terrace,Week2,204.0 Hollin Meadows - 198.0 Dowden Terrace
Hollin Meadows,Week4,Orange Hunt,Week3,220.0 Orange Hunt - 182.0 Hollin Meadows
Hollin Meadows,Week5,Overlee,Week3,314.0 Overlee - 88.0 Hollin Meadows
Holmes Run Acres,Week3,Camelot,Week3,258.0 Holmes Run Acres - 144.0 Camelot
Hollin Meadows,Week4,Dowden Terrace,Week4,203.0 Hollin Meadows - 199.0 Dowden Terrace
Hollin Hills,Week2,Sleepy Hollow B & R,Week1,313.0 Sleepy Hollow B & R - 89.0 Hollin Hills
Hollin Meadows,Week2,Hamlet,Week4,269.0 Hamlet - 133.0 Hollin Meadows
Hollin Meadows,Week1,Overlee,Week5,336.0 Overlee - 66.0 Hollin Meadows
Holmes Run Acres,Week1,Camelot,Week4,220.0 Holmes Run Acres - 182.0 Camelot
Hollin Meadows,Week4,Hunter Mill,Week4,257.0 Hunter Mill - 145.0 Hollin Meadows
Holmes Run Acres,Week4,Fair Oaks ,Week5,232.0 Fair Oaks - 170.0 Holmes Run Acres
Hollin Meadows,Week5,Hunter Mill,Week2,215.5 Hunter Mill - 186.5 Hollin Meadows
Hollin Hills,Week2,Sleepy Hollow Rec,Week2,249.0 Sleepy Hollow Rec - 148.0 Hollin Hills
Hollin Meadows,Week4,Dowden Terrace,Week5,227.0 Dowden Terrace - 175.0 Hollin Meadows
Hollin Meadows,Week2,Hamlet,Week2,292.0 Hamlet - 110.0 Hollin Meadows
Hollin Hills,Week2,Laurel Hill,Week2,202.0 Laurel Hill - 186.0 Hollin Hills
Hollin Meadows,Week5,Dowden Terrace,Week3,225.0 Hollin Meadows - 177.0 Dowden Terrace
Hollin Meadows,Week2,Overlee,Week2,325.0 Overlee - 77.0 Hollin Meadows
Hollin Meadows,Week4,Orange Hunt,Week5,232.0 Orange Hunt - 170.0 Hollin Meadows
Holmes Run Acres,Week3,Camelot,Week4,267.0 Holmes Run Acres - 135.0 Camelot
Holmes Run Acres,Week2,Camelot,Week5,206.0 Holmes Run Acres - 196.0 Camelot
Hollin Meadows,Week1,Dunn Loring,Week3,263.0 Dunn Loring - 139.0 Hollin Meadows
Hollin Meadows,Week4,Hamlet,Week2,300.0 Hamlet - 102.0 Hollin Meadows
Hollin Hills,Week5,Sleepy Hollow B & R,Week4,308.0 Sleepy Hollow B & R - 94.0 Hollin Hills
Holmes Run Acres,Week4,Camelot,Week3,240.0 Holmes Run Acres - 162.0 Camelot
Hollin Meadows,Week4,Hamlet,Week4,277.0 Hamlet - 125.0 Hollin Meadows
Hollin Meadows,Week2,Dunn Loring,Week4,289.0 Dunn Loring - 113.0 Hollin Meadows
Hollin Hills,Week5,Sleepy Hollow B & R,Week2,318.0 Sleepy Hollow B & R - 84.0 Hollin Hills
Holmes Run Acres,Week3,Fairfax,Week5,268.0 Fairfax - 134.0 Holmes Run Acres
Hollin Meadows,Week4,Hunter Mill,Week3,244.0 Hunter Mill - 158.0 Hollin Meadows
Hollin Hills,Week4,Tuckahoe,Week2,375.0 Tuckahoe - 27.0 Hollin Hills
Hollin Hills,Week3,Laurel Hill,Week2,208.0 Laurel Hill - 189.0 Hollin Hills
Hollin Hills,Week2,Laurel Hill,Week4,255.0 Laurel Hill - 146.0 Hollin Hills
Hollin Meadows,Week1,Dunn Loring,Week5,264.0 Dunn Loring - 138.0 Hollin Meadows
Holmes Run Acres,Week5,Fair Oaks ,Week2,251.0 Holmes Run Acres - 151.0 Fair Oaks
Hollin Hills,Week5,Truro,Week5,258.0 Truro - 128.0 Hollin Hills
Hollin Hills,Week3,Laurel Hill,Week1,224.0 Laurel Hill - 175.0 Hollin Hills
Hollin Meadows,Week1,Ilda Community,Week4,264.0 Hollin Meadows - 137.0 Ilda Community
Hollin Hills,Week5,Sleepy Hollow B & R,Week5,323.0 Sleepy Hollow B & R - 79.0 Hollin Hills
Hollin Meadows,Week4,Hamlet,Week3,290.0 Hamlet - 112.0 Hollin Meadows
Holmes Run Acres,Week4,Fair Oaks ,Week3,211.5 Fair Oaks - 190.5 Holmes Run Acres
Hollin Meadows,Week4,Hamlet,Week5,307.0 Hamlet - 95.0 Hollin Meadows
Hollin Meadows,Week1,Dunn Loring,Week2,269.5 Dunn Loring - 132.5 Hollin Meadows
Hollin Hills,Week1,Tuckahoe,Week3,373.0 Tuckahoe - 29.0 Hollin Hills
Hollin Meadows,Week5,Hamlet,Week4,257.0 Hamlet - 145.0 Hollin Meadows
Hollin Hills,Week1,Tuckahoe,Week5,376.0 Tuckahoe - 26.0 Hollin Hills
Holmes Run Acres,Week2,Fairfax,Week1,268.0 Fairfax - 134.0 Holmes Run Acres
Hollin Meadows,Week3,Overlee,Week2,328.0 Overlee - 74.0 Hollin Meadows
Hollin Meadows,Week3,Dunn Loring,Week1,228.0 Dunn Loring - 174.0 Hollin Meadows
Holmes Run Acres,Week1,Camelot,Week2,219.0 Holmes Run Acres - 183.0 Camelot
Hollin Hills,Week4,Sleepy Hollow B & R,Week2,337.0 Sleepy Hollow B & R - 65.0 Hollin Hills
Hollin Meadows,Week5,Hunter Mill,Week1,215.0 Hunter Mill - 187.0 Hollin Meadows
Hollin Hills,Week4,Sleepy Hollow B & R,Week1,325.0 Sleepy Hollow B & R - 77.0 Hollin Hills
Hollin Hills,Week2,Tuckahoe,Week5,373.0 Tuckahoe - 29.0 Hollin Hills
Hollin Hills,Week2,Sleepy Hollow B & R,Week2,326.0 Sleepy Hollow B & R - 76.0 Hollin Hills
Hollin Hills,Week2,Tuckahoe,Week3,372.0 Tuckahoe - 23.0 Hollin Hills
Hollin Meadows,Week1,Hayfield Farm,Week1,230.0 Hollin Meadows - 172.0 Hayfield Farm
Holmes Run Acres,Week5,Fair Oaks ,Week5,207.0 Holmes Run Acres - 195.0 Fair Oaks
Hollin Meadows,Week3,Dowden Terrace,Week3,227.0 Hollin Meadows - 175.0 Dowden Terrace
Hollin Meadows,Week5,Orange Hunt,Week3,206.0 Orange Hunt - 196.0 Hollin Meadows
Hollin Meadows,Week4,Hunter Mill,Week1,238.0 Hunter Mill - 164.0 Hollin Meadows
Holmes Run Acres,Week3,Camelot,Week2,240.0 Holmes Run Acres - 162.0 Camelot
Hollin Hills,Week4,Sleepy Hollow B & R,Week3,327.0 Sleepy Hollow B & R - 74.0 Hollin Hills
Hollin Meadows,Week2,Dunn Loring,Week5,294.0 Dunn Loring - 108.0 Hollin Meadows
Hollin Meadows,Week1,Overlee,Week4,340.0 Overlee - 62.0 Hollin Meadows
Hollin Meadows,Week3,Overlee,Week1,320.5 Overlee - 81.5 Hollin Meadows
Hollin Hills,Week2,Laurel Hill,Week3,253.0 Laurel Hill - 146.0 Hollin Hills
Holmes Run Acres,Week2,Fairfax,Week3,279.0 Fairfax - 123.0 Holmes Run Acres
Hollin Meadows,Week1,Ilda Community,Week1,272.0 Hollin Meadows - 126.0 Ilda Community
Holmes Run Acres,Week4,Camelot,Week4,232.0 Holmes Run Acres - 170.0 Camelot
Hollin Meadows,Week2,Overlee,Week3,317.0 Overlee - 85.0 Hollin Meadows
Holmes Run Acres,Week1,Camelot,Week3,232.0 Holmes Run Acres - 170.0 Camelot
Hollin Meadows,Week5,Hunter Mill,Week3,230.0 Hunter Mill - 172.0 Hollin Meadows
Hollin Hills,Week5,Sleepy Hollow B & R,Week1,305.0 Sleepy Hollow B & R - 97.0 Hollin Hills
Holmes Run Acres,Week3,Camelot,Week5,242.0 Holmes Run Acres - 160.0 Camelot
Hollin Meadows,Week3,Dunn Loring,Week3,273.5 Dunn Loring - 128.5 Hollin Meadows
Hollin Meadows,Week5,Hamlet,Week1,264.0 Hamlet - 138.0 Hollin Meadows
Hollin Meadows,Week3,Dunn Loring,Week2,274.0 Dunn Loring - 128.0 Hollin Meadows
Hollin Hills,Week1,Tuckahoe,Week2,371.0 Tuckahoe - 31.0 Hollin Hills
Hollin Hills,Week2,Tuckahoe,Week1,362.0 Tuckahoe - 40.0 Hollin Hills
Holmes Run Acres,Week4,Camelot,Week1,228.0 Holmes Run Acres - 174.0 Camelot
Hollin Meadows,Week3,Hamlet,Week5,298.0 Hamlet - 104.0 Hollin Meadows
Hollin Meadows,Week4,Overlee,Week3,317.5 Overlee - 84.5 Hollin Meadows
Holmes Run Acres,Week2,Fairfax,Week5,298.0 Fairfax - 104.0 Holmes Run Acres
Hollin Meadows,Week5,Hamlet,Week5,294.0 Hamlet - 108.0 Hollin Meadows
Hollin Hills,Week1,Sleepy Hollow Rec,Week5,265.0 Sleepy Hollow Rec - 136.0 Hollin Hills
Hollin Meadows,Week1,Hayfield Farm,Week2,219.0 Hollin Meadows - 183.0 Hayfield Farm
Hollin Meadows,Week2,Ilda Community,Week2,255.0 Hollin Meadows - 147.0 Ilda Community
Hollin Meadows,Week3,Overlee,Week3,312.0 Overlee - 90.0 Hollin Meadows
Hollin Meadows,Week2,Dunn Loring,Week1,245.0 Dunn Loring - 157.0 Hollin Meadows
Hollin Meadows,Week2,Overlee,Week4,344.0 Overlee - 58.0 Hollin Meadows
Holmes Run Acres,Week2,Fairfax,Week4,284.0 Fairfax - 118.0 Holmes Run Acres
Holmes Run Acres,Week3,Camelot,Week1,259.0 Holmes Run Acres - 143.0 Camelot
Hollin Meadows,Week3,Hunter Mill,Week3,236.0 Hunter Mill - 166.0 Hollin Meadows
Hollin Hills,Week3,Tuckahoe,Week2,371.0 Tuckahoe - 31.0 Hollin Hills
Hollin Meadows,Week5,Dowden Terrace,Week5,202.0 Dowden Terrace - 200.0 Hollin Meadows
Hollin Hills,Week4,Sleepy Hollow B & R,Week4,331.0 Sleepy Hollow B & R - 70.0 Hollin Hills
Hollin Meadows,Week1,Hayfield Farm,Week3,208.0 Hollin Meadows - 194.0 Hayfield Farm
Hollin Hills,Week1,Tuckahoe,Week4,376.0 Tuckahoe - 25.0 Hollin Hills
Holmes Run Acres,Week1,Canterbury Woods,Week2,243.0 Holmes Run Acres - 159.0 Canterbury Woods
Holmes Run Acres,Week4,Fair Oaks ,Week4,204.0 Fair Oaks - 198.0 Holmes Run Acres
Hollin Hills,Week1,Tuckahoe,Week1,364.0 Tuckahoe - 38.0 Hollin Hills
Hollin Hills,Week4,Sleepy Hollow B & R,Week5,343.0 Sleepy Hollow B & R - 57.0 Hollin Hills
Holmes Run Acres,Week2,Camelot,Week2,203.0 Holmes Run Acres - 199.0 Camelot
Hollin Meadows,Week2,Hunter Mill,Week2,233.0 Hunter Mill - 169.0 Hollin Meadows
Hollin Hills,Week3,Tuckahoe,Week1,362.0 Tuckahoe - 40.0 Hollin Hills
Holmes Run Acres,Week1,Fairfax,Week2,274.0 Fairfax - 128.0 Holmes Run Acres
Hollin Meadows,Week2,Hunter Mill,Week4,264.0 Hunter Mill - 138.0 Hollin Meadows
Hollin Hills,Week1,Sleepy Hollow Rec,Week4,267.0 Sleepy Hollow Rec - 134.0 Hollin Hills
Hollin Meadows,Week2,Hunter Mill,Week3,255.0 Hunter Mill - 147.0 Hollin Meadows
Hollin Meadows,Week3,Dunn Loring,Week4,273.0 Dunn Loring - 129.0 Hollin Meadows
Hollin Meadows,Week5,Overlee,Week4,345.0 Overlee - 57.0 Hollin Meadows
Hollin Meadows,Week5,Dowden Terrace,Week1,226.0 Hollin Meadows - 176.0 Dowden Terrace
Holmes Run Acres,Week1,Canterbury Woods,Week1,240.0 Holmes Run Acres - 162.0 Canterbury Woods
Hollin Meadows,Week4,Hunter Mill,Week5,261.0 Hunter Mill - 141.0 Hollin Meadows
Hollin Meadows,Week1,Hayfield Farm,Week4,209.0 Hollin Meadows - 193.0 Hayfield Farm
Hollin Meadows,Week3,Overlee,Week4,352.0 Overlee - 50.0 Hollin Meadows
Hollin Hills,Week4,Ravensworth Farm,Week5,333.0 Ravensworth Farm - 69.0 Hollin Hills
Hollin Hills,Week3,Riverside Gardens,Week1,348.0 Riverside Gardens - 54.0 Hollin Hills
Hollin Meadows,Week5,Dunn Loring,Week2,264.0 Dunn Loring - 138.0 Hollin Meadows
Hollin Meadows,Week2,Hayfield Farm,Week2,212.0 Hayfield Farm - 190.0 Hollin Meadows
Hollin Hills,Week4,Tuckahoe,Week5,376.0 Tuckahoe - 26.0 Hollin Hills
Holmes Run Acres,Week1,Fairfax,Week4,274.0 Fairfax - 128.0 Holmes Run Acres
Holmes Run Acres,Week1,Canterbury Woods,Week4,220.0 Holmes Run Acres - 182.0 Canterbury Woods
Hollin Meadows,Week3,Parklawn,Week2,267.0 Hollin Meadows - 134.0 Parklawn
Hollin Meadows,Week2,Hunter Mill,Week5,269.5 Hunter Mill - 132.5 Hollin Meadows
Holmes Run Acres,Week2,Canterbury Woods,Week2,252.0 Holmes Run Acres - 145.0 Canterbury Woods
Hollin Meadows,Week1,Hunter Mill,Week3,232.0 Hunter Mill - 170.0 Hollin Meadows
Hollin Meadows,Week3,Parklawn,Week1,286.0 Hollin Meadows - 107.0 Parklawn
Hollin Hills,Week4,Tuckahoe,Week1,369.0 Tuckahoe - 33.0 Hollin Hills
Hollin Meadows,Week3,Hunter Mill,Week1,242.0 Hunter Mill - 160.0 Hollin Meadows
Holmes Run Acres,Week5,Fairfax,Week1,210.0 Fairfax - 192.0 Holmes Run Acres
Hollin Hills,Week5,Tuckahoe,Week3,372.0 Tuckahoe - 29.0 Hollin Hills
Hollin Meadows,Week1,Hayfield Farm,Week5,219.5 Hollin Meadows - 182.5 Hayfield Farm
Hollin Meadows,Week2,Hayfield Farm,Week1,206.0 Hayfield Farm - 196.0 Hollin Meadows
Hollin Hills,Week4,Riverside Gardens,Week3,341.0 Riverside Gardens - 61.0 Hollin Hills
Hollin Meadows,Week2,Fair Oaks ,Week5,249.0 Fair Oaks - 153.0 Hollin Meadows
Hollin Meadows,Week5,Overlee,Week5,339.0 Overlee - 63.0 Hollin Meadows
Hollin Meadows,Week4,Fair Oaks ,Week1,209.0 Fair Oaks - 193.0 Hollin Meadows
Hollin Meadows,Week4,Hayfield Farm,Week2,206.0 Hollin Meadows - 196.0 Hayfield Farm
Holmes Run Acres,Week2,Canterbury Woods,Week3,221.0 Holmes Run Acres - 181.0 Canterbury Woods
Hollin Hills,Week4,Ravensworth Farm,Week3,334.0 Ravensworth Farm - 67.0 Hollin Hills
Hollin Meadows,Week5,Dunn Loring,Week5,266.0 Dunn Loring - 136.0 Hollin Meadows
Hollin Hills,Week5,Tuckahoe,Week5,372.0 Tuckahoe - 30.0 Hollin Hills
Hollin Meadows,Week5,Vienna Woods,Week4,281.0 Vienna Woods - 121.0 Hollin Meadows
Hollin Meadows,Week3,Fair Oaks ,Week3,205.5 Fair Oaks - 196.5 Hollin Meadows
Hollin Meadows,Week2,Ilda Community,Week1,258.0 Hollin Meadows - 139.0 Ilda Community
Hollin Meadows,Week5,Hayfield Farm,Week2,215.0 Hollin Meadows - 187.0 Hayfield Farm
Hollin Hills,Week2,Riverside Gardens,Week4,349.0 Riverside Gardens - 53.0 Hollin Hills
Holmes Run Acres,Week1,Fairfax,Week1,251.0 Fairfax - 151.0 Holmes Run Acres
Hollin Meadows,Week3,Fair Oaks ,Week5,224.0 Fair Oaks - 178.0 Hollin Meadows
Hollin Meadows,Week3,Hunter Mill,Week5,255.0 Hunter Mill - 147.0 Hollin Meadows
Hollin Hills,Week5,Ravensworth Farm,Week1,302.0 Ravensworth Farm - 100.0 Hollin Hills
Holmes Run Acres,Week5,Fair Oaks ,Week4,228.0 Holmes Run Acres - 174.0 Fair Oaks
Hollin Hills,Week5,Riverside Gardens,Week2,325.0 Riverside Gardens - 76.0 Hollin Hills
Hollin Hills,Week1,Vienna Aquatic,Week5,356.0 Vienna Aquatic - 45.0 Hollin Hills
Holmes Run Acres,Week1,Fairfax,Week3,274.0 Fairfax - 128.0 Holmes Run Acres
Hollin Hills,Week5,Tuckahoe,Week4,371.0 Tuckahoe - 31.0 Hollin Hills
Hollin Hills,Week1,Riverside Gardens,Week4,355.0 Riverside Gardens - 47.0 Hollin Hills
Hollin Meadows,Week2,Parklawn,Week3,263.0 Hollin Meadows - 139.0 Parklawn
Holmes Run Acres,Week2,Canterbury Woods,Week4,221.5 Holmes Run Acres - 180.5 Canterbury Woods
Hollin Meadows,Week4,Parklawn,Week5,251.0 Hollin Meadows - 151.0 Parklawn
Hollin Meadows,Week2,Hayfield Farm,Week3,219.0 Hayfield Farm - 178.0 Hollin Meadows
Hollin Meadows,Week4,Vienna Woods,Week3,304.0 Vienna Woods - 98.0 Hollin Meadows
Hollin Meadows,Week1,Fair Oaks ,Week2,231.0 Hollin Meadows - 171.0 Fair Oaks
Hollin Meadows,Week3,Hunter Mill,Week4,261.0 Hunter Mill - 141.0 Hollin Meadows
Hollin Meadows,Week2,Parklawn,Week4,235.0 Hollin Meadows - 167.0 Parklawn
Holmes Run Acres,Week5,Fairfax,Week3,224.0 Fairfax - 178.0 Holmes Run Acres
Hollin Hills,Week1,Vienna Aquatic,Week4,346.0 Vienna Aquatic - 56.0 Hollin Hills
Hollin Meadows,Week3,Vienna Woods,Week2,300.0 Vienna Woods - 102.0 Hollin Meadows
Hollin Meadows,Week1,Ilda Community,Week2,278.0 Hollin Meadows - 123.0 Ilda Community
Hollin Meadows,Week4,Parklawn,Week2,270.0 Hollin Meadows - 132.0 Parklawn
Hollin Meadows,Week3,Hayfield Farm,Week3,203.0 Hayfield Farm - 199.0 Hollin Meadows
Hollin Meadows,Week1,Parklawn,Week2,276.0 Hollin Meadows - 124.0 Parklawn
Hollin Meadows,Week2,Parliament,Week4,211.5 Hollin Meadows - 190.5 Parliament
Hollin Hills,Week2,Vienna Aquatic,Week3,352.0 Vienna Aquatic - 50.0 Hollin Hills
Hollin Hills,Week5,Ravensworth Farm,Week5,311.0 Ravensworth Farm - 90.0 Hollin Hills
Holmes Run Acres,Week3,Fairfax,Week1,228.0 Fairfax - 174.0 Holmes Run Acres
Hollin Meadows,Week2,Parliament,Week2,214.0 Hollin Meadows - 188.0 Parliament
Hollin Meadows,Week4,Herndon,Week1,325.0 Hollin Meadows - 77.0 Herndon
Hollin Meadows,Week5,Parklawn,Week2,275.0 Hollin Meadows - 127.0 Parklawn
Hollin Meadows,Week2,Ilda Community,Week5,266.0 Hollin Meadows - 136.0 Ilda Community
Hollin Meadows,Week2,Vienna Woods,Week3,320.0 Vienna Woods - 82.0 Hollin Meadows
Hollin Meadows,Week2,Ilda Community,Week3,263.0 Hollin Meadows - 139.0 Ilda Community
Hollin Meadows,Week1,Parklawn,Week5,259.0 Hollin Meadows - 142.0 Parklawn
Hollin Meadows,Week2,Fair Oaks ,Week2,208.0 Hollin Meadows - 194.0 Fair Oaks
Hollin Meadows,Week1,Herndon,Week3,324.0 Hollin Meadows - 78.0 Herndon
Holmes Run Acres,Week3,Fairfax,Week2,244.0 Fairfax - 158.0 Holmes Run Acres
Hollin Meadows,Week2,Kent Gardens,Week5,241.0 Kent Gardens - 161.0 Hollin Meadows
Holmes Run Acres,Week3,Fairfax,Week3,245.0 Fairfax - 157.0 Holmes Run Acres
Hollin Hills,Week3,Vienna Aquatic,Week2,342.0 Vienna Aquatic - 60.0 Hollin Hills
Holmes Run Acres,Week1,Fairfax,Week5,285.0 Fairfax - 117.0 Holmes Run Acres
Hollin Hills,Week3,Vienna Aquatic,Week1,341.0 Vienna Aquatic - 61.0 Hollin Hills
Hollin Meadows,Week3,Kent Gardens,Week3,213.0 Hollin Meadows - 189.0 Kent Gardens
Hollin Meadows,Week3,Fair Oaks ,Week2,234.0 Hollin Meadows - 168.0 Fair Oaks
Hollin Meadows,Week5,Ilda Community,Week2,292.0 Hollin Meadows - 110.0 Ilda Community
Hollin Hills,Week2,Riverside Gardens,Week3,337.0 Riverside Gardens - 65.0 Hollin Hills
Hollin Meadows,Week2,Vienna Woods,Week2,310.0 Vienna Woods - 92.0 Hollin Meadows
Hollin Meadows,Week4,Herndon,Week3,333.0 Hollin Meadows - 69.0 Herndon
Hollin Hills,Week2,Vienna Aquatic,Week5,341.0 Vienna Aquatic - 56.0 Hollin Hills
Hollin Hills,Week2,Vienna Aquatic,Week4,335.0 Vienna Aquatic - 65.0 Hollin Hills
Hollin Hills,Week2,Riverside Gardens,Week5,347.0 Riverside Gardens - 55.0 Hollin Hills
Holmes Run Acres,Week5,Fair Oaks ,Week3,207.0 Holmes Run Acres - 195.0 Fair Oaks
Hollin Hills,Week2,Riverside Gardens,Week2,333.0 Riverside Gardens - 68.0 Hollin Hills
Hollin Meadows,Week1,Fair Oaks ,Week5,224.0 Fair Oaks - 178.0 Hollin Meadows
Hollin Meadows,Week2,Villa Aquatic,Week2,201.0 Hollin Meadows - 201.0 Villa Aquatic
Hollin Meadows,Week3,Herndon,Week4,333.0 Hollin Meadows - 68.0 Herndon
Hollin Meadows,Week1,Herndon,Week4,333.0 Hollin Meadows - 69.0 Herndon
Hollin Meadows,Week2,Kent Gardens,Week1,214.0 Kent Gardens - 188.0 Hollin Meadows
Hollin Hills,Week2,Vienna Aquatic,Week2,338.0 Vienna Aquatic - 64.0 Hollin Hills
Hollin Meadows,Week3,Herndon,Week1,334.0 Hollin Meadows - 67.0 Herndon
Hollin Meadows,Week5,Vienna Woods,Week5,310.0 Vienna Woods - 92.0 Hollin Meadows
Hollin Meadows,Week4,Fair Oaks ,Week3,214.5 Fair Oaks - 187.5 Hollin Meadows
Hollin Meadows,Week2,Villa Aquatic,Week4,208.0 Villa Aquatic - 194.0 Hollin Meadows
Hollin Meadows,Week5,Fair Oaks ,Week1,211.0 Hollin Meadows - 191.0 Fair Oaks
Hollin Meadows,Week3,Parklawn,Week4,260.0 Hollin Meadows - 141.0 Parklawn
Hollin Hills,Week3,Riverside Gardens,Week2,334.0 Riverside Gardens - 68.0 Hollin Hills
Holmes Run Acres,Week5,Fair Oaks ,Week1,236.0 Holmes Run Acres - 166.0 Fair Oaks
Hollin Hills,Week4,Vienna Aquatic,Week4,343.0 Vienna Aquatic - 57.0 Hollin Hills
Hollin Meadows,Week1,Vienna Woods,Week3,295.0 Vienna Woods - 107.0 Hollin Meadows
Hollin Meadows,Week3,Vienna Woods,Week5,317.0 Vienna Woods - 85.0 Hollin Meadows
Holmes Run Acres,Week3,Fairfax,Week4,244.0 Fairfax - 158.0 Holmes Run Acres
Hollin Meadows,Week5,Dunn Loring,Week4,259.0 Dunn Loring - 143.0 Hollin Meadows
Hollin Hills,Week4,Riverside Gardens,Week5,349.0 Riverside Gardens - 52.0 Hollin Hills
Hollin Hills,Week2,Vienna Aquatic,Week1,347.0 Vienna Aquatic - 55.0 Hollin Hills
Hollin Meadows,Week3,Ilda Community,Week5,287.0 Hollin Meadows - 115.0 Ilda Community
Hollin Meadows,Week4,Hayfield Farm,Week1,211.0 Hollin Meadows - 191.0 Hayfield Farm
Hollin Meadows,Week4,Ilda Community,Week3,280.0 Hollin Meadows - 122.0 Ilda Community
Hollin Meadows,Week4,Hayfield Farm,Week5,213.0 Hollin Meadows - 189.0 Hayfield Farm
Hollin Hills,Week4,Riverside Gardens,Week2,326.0 Riverside Gardens - 75.0 Hollin Hills
Hollin Meadows,Week3,Parliament,Week4,214.0 Hollin Meadows - 188.0 Parliament
Hollin Meadows,Week2,Parklawn,Week1,268.0 Hollin Meadows - 120.0 Parklawn
Hollin Meadows,Week3,Vienna Woods,Week1,304.5 Vienna Woods - 97.5 Hollin Meadows
Hollin Meadows,Week1,Fair Oaks ,Week1,204.0 Hollin Meadows - 198.0 Fair Oaks
Hollin Meadows,Week5,Parklawn,Week3,285.0 Hollin Meadows - 117.0 Parklawn
Hollin Meadows,Week2,Fair Oaks ,Week4,216.0 Fair Oaks - 186.0 Hollin Meadows
Hollin Hills,Week1,Riverside Gardens,Week5,346.0 Riverside Gardens - 56.0 Hollin Hills
Holmes Run Acres,Week2,Fairfax,Week2,283.0 Fairfax - 119.0 Holmes Run Acres
Hollin Meadows,Week2,Fair Oaks ,Week1,224.0 Fair Oaks - 178.0 Hollin Meadows
Hollin Meadows,Week3,Vienna Woods,Week4,278.0 Vienna Woods - 124.0 Hollin Meadows
Hollin Hills,Week5,Vienna Aquatic,Week3,340.0 Vienna Aquatic - 62.0 Hollin Hills
Hollin Meadows,Week1,Parklawn,Week1,282.5 Hollin Meadows - 109.5 Parklawn
Hollin Meadows,Week3,Kent Gardens,Week5,234.0 Kent Gardens - 168.0 Hollin Meadows
Holmes Run Acres,Week5,Fairfax,Week2,229.0 Fairfax - 173.0 Holmes Run Acres
Holmes Run Acres,Week4,Fairfax,Week4,253.0 Fairfax - 149.0 Holmes Run Acres
Hollin Meadows,Week1,Villa Aquatic,Week1,245.0 Hollin Meadows - 157.0 Villa Aquatic
Hollin Meadows,Week2,Hayfield Farm,Week5,212.5 Hayfield Farm - 189.5 Hollin Meadows
Hollin Meadows,Week4,Vienna Woods,Week1,298.0 Vienna Woods - 104.0 Hollin Meadows
Hollin Meadows,Week5,Vienna Woods,Week3,298.0 Vienna Woods - 104.0 Hollin Meadows
Hollin Meadows,Week3,Ilda Community,Week2,297.0 Hollin Meadows - 105.0 Ilda Community
Hollin Meadows,Week4,Ilda Community,Week1,280.0 Hollin Meadows - 122.0 Ilda Community
Hollin Hills,Week1,Vienna Woods,Week2,361.0 Vienna Woods - 41.0 Hollin Hills
Holmes Run Acres,Week4,Fairfax,Week2,263.0 Fairfax - 139.0 Holmes Run Acres
Hollin Hills,Week4,Vienna Aquatic,Week5,360.0 Vienna Aquatic - 38.0 Hollin Hills
Hollin Meadows,Week5,Hayfield Farm,Week5,223.0 Hollin Meadows - 179.0 Hayfield Farm
Hollin Meadows,Week1,Fair Oaks ,Week4,213.0 Hollin Meadows - 189.0 Fair Oaks
Hollin Meadows,Week5,Dunn Loring,Week1,226.0 Dunn Loring - 176.0 Hollin Meadows
Hollin Hills,Week1,Vienna Woods,Week1,359.0 Vienna Woods - 37.0 Hollin Hills
Holmes Run Acres,Week4,Fairfax,Week5,281.0 Fairfax - 121.0 Holmes Run Acres
Hollin Meadows,Week1,Herndon,Week5,335.0 Hollin Meadows - 67.0 Herndon
Hollin Hills,Week2,Riverside Gardens,Week1,342.0 Riverside Gardens - 60.0 Hollin Hills
Hollin Hills,Week1,Riverside Gardens,Week1,348.0 Riverside Gardens - 54.0 Hollin Hills
Hollin Meadows,Week4,Parklawn,Week3,276.0 Hollin Meadows - 126.0 Parklawn
Hollin Hills,Week4,Vienna Aquatic,Week2,346.0 Vienna Aquatic - 56.0 Hollin Hills
Hollin Meadows,Week4,Kent Gardens,Week1,205.0 Kent Gardens - 197.0 Hollin Meadows
Hollin Meadows,Week3,Herndon,Week2,333.0 Hollin Meadows - 68.0 Herndon
Hollin Meadows,Week5,Ilda Community,Week3,295.0 Hollin Meadows - 107.0 Ilda Community
Hollin Meadows,Week1,Parklawn,Week3,282.0 Hollin Meadows - 119.0 Parklawn
Hollin Meadows,Week5,Fair Oaks ,Week2,230.0 Hollin Meadows - 172.0 Fair Oaks
Hollin Meadows,Week5,Hayfield Farm,Week4,210.0 Hollin Meadows - 192.0 Hayfield Farm
Hollin Hills,Week5,Ravensworth Farm,Week2,296.0 Ravensworth Farm - 105.0 Hollin Hills
Hollin Meadows,Week3,Parklawn,Week5,259.0 Hollin Meadows - 142.0 Parklawn
Hollin Hills,Week3,Riverside Gardens,Week4,354.0 Riverside Gardens - 48.0 Hollin Hills
Hollin Meadows,Week3,Fair Oaks ,Week4,218.0 Hollin Meadows - 184.0 Fair Oaks
Hollin Meadows,Week5,Ilda Community,Week4,275.5 Hollin Meadows - 126.5 Ilda Community
Hollin Meadows,Week2,Herndon,Week3,306.0 Hollin Meadows - 96.0 Herndon
Hollin Meadows,Week2,Parklawn,Week5,223.0 Hollin Meadows - 179.0 Parklawn
Hollin Hills,Week1,Vienna Woods,Week5,368.0 Vienna Woods - 34.0 Hollin Hills
Hollin Hills,Week4,Vienna Aquatic,Week3,356.0 Vienna Aquatic - 46.0 Hollin Hills
Hollin Hills,Week3,Riverside Gardens,Week3,347.0 Riverside Gardens - 55.0 Hollin Hills
Hollin Meadows,Week4,Dunn Loring,Week1,248.0 Dunn Loring - 154.0 Hollin Meadows
Hollin Meadows,Week1,Vienna Woods,Week4,274.0 Vienna Woods - 128.0 Hollin Meadows
Hollin Meadows,Week5,Hayfield Farm,Week1,222.0 Hollin Meadows - 180.0 Hayfield Farm
Hollin Meadows,Week5,Ilda Community,Week1,295.0 Hollin Meadows - 107.0 Ilda Community
Holmes Run Acres,Week5,Fairfax,Week4,226.0 Fairfax - 176.0 Holmes Run Acres
Hollin Meadows,Week1,Villa Aquatic,Week2,235.5 Hollin Meadows - 166.5 Villa Aquatic
Hollin Hills,Week3,Vienna Aquatic,Week5,353.0 Vienna Aquatic - 48.0 Hollin Hills
Hollin Meadows,Week2,Hayfield Farm,Week4,213.0 Hayfield Farm - 189.0 Hollin Meadows
Hollin Hills,Week1,Riverside Gardens,Week2,332.0 Riverside Gardens - 70.0 Hollin Hills
Holmes Run Acres,Week4,Fairfax,Week3,262.0 Fairfax - 140.0 Holmes Run Acres
Hollin Meadows,Week1,Parliament,Week2,242.0 Hollin Meadows - 160.0 Parliament
Hollin Meadows,Week2,Parklawn,Week2,251.0 Hollin Meadows - 151.0 Parklawn
Hollin Meadows,Week5,Vienna Woods,Week2,284.0 Vienna Woods - 118.0 Hollin Meadows
Hollin Meadows,Week5,Vienna Woods,Week1,291.0 Vienna Woods - 111.0 Hollin Meadows
Hollin Hills,Week4,Vienna Aquatic,Week1,348.0 Vienna Aquatic - 54.0 Hollin Hills
Hollin Hills,Week5,Ravensworth Farm,Week4,305.0 Ravensworth Farm - 96.0 Hollin Hills
Hollin Meadows,Week4,Hayfield Farm,Week3,218.0 Hayfield Farm - 184.0 Hollin Meadows
Holmes Run Acres,Week5,Fairfax,Week5,261.0 Fairfax - 141.0 Holmes Run Acres
Hollin Meadows,Week1,Fair Oaks ,Week3,202.0 Fair Oaks - 200.0 Hollin Meadows
Hollin Meadows,Week3,Ilda Community,Week1,291.0 Hollin Meadows - 111.0 Ilda Community
Hollin Hills,Week4,Riverside Gardens,Week1,343.0 Riverside Gardens - 59.0 Hollin Hills
Hollin Hills,Week1,Vienna Woods,Week4,359.0 Vienna Woods - 43.0 Hollin Hills
Hollin Hills,Week5,Riverside Gardens,Week1,326.0 Riverside Gardens - 76.0 Hollin Hills
Hollin Meadows,Week4,Dunn Loring,Week2,276.0 Dunn Loring - 126.0 Hollin Meadows
Hollin Hills,Week4,Ravensworth Farm,Week4,317.0 Ravensworth Farm - 83.0 Hollin Hills
Hollin Meadows,Week2,Kent Gardens,Week4,203.0 Kent Gardens - 199.0 Hollin Meadows
Holmes Run Acres,Week4,Fairfax,Week1,256.0 Fairfax - 146.0 Holmes Run Acres
Hollin Meadows,Week1,Villa Aquatic,Week5,206.0 Hollin Meadows - 196.0 Villa Aquatic
Hollin Meadows,Week1,Parliament,Week3,237.0 Hollin Meadows - 165.0 Parliament
Hollin Meadows,Week5,Parklawn,Week1,293.0 Hollin Meadows - 100.0 Parklawn
Hollin Meadows,Week4,Dunn Loring,Week3,290.0 Dunn Loring - 112.0 Hollin Meadows
Hollin Meadows,Week2,Kent Gardens,Week2,207.0 Hollin Meadows - 195.0 Kent Gardens
Hollin Hills,Week5,Vienna Aquatic,Week5,348.0 Vienna Aquatic - 52.0 Hollin Hills
Hollin Meadows,Week1,Vienna Woods,Week5,305.0 Vienna Woods - 97.0 Hollin Meadows
Hollin Meadows,Week4,Parklawn,Week1,281.0 Hollin Meadows - 112.0 Parklawn
Hollin Meadows,Week5,Dunn Loring,Week3,259.0 Dunn Loring - 143.0 Hollin Meadows
Hollin Meadows,Week3,Hayfield Farm,Week5,220.0 Hollin Meadows - 182.0 Hayfield Farm
Hollin Meadows,Week4,Vienna Woods,Week4,280.0 Vienna Woods - 122.0 Hollin Meadows
Hollin Meadows,Week2,Fair Oaks ,Week3,230.0 Fair Oaks - 172.0 Hollin Meadows
Hollin Meadows,Week4,Ilda Community,Week2,282.0 Hollin Meadows - 120.0 Ilda Community
Hollin Hills,Week3,Riverside Gardens,Week5,337.0 Riverside Gardens - 65.0 Hollin Hills
Hollin Meadows,Week3,Ilda Community,Week4,270.0 Hollin Meadows - 132.0 Ilda Community
Hollin Hills,Week5,Ravensworth Farm,Week3,320.0 Ravensworth Farm - 82.0 Hollin Hills
Hollin Meadows,Week4,Ilda Community,Week5,288.0 Hollin Meadows - 114.0 Ilda Community
Hollin Hills,Week2,Vienna Woods,Week5,369.5 Vienna Woods - 32.5 Hollin Hills
Hollin Meadows,Week4,Dunn Loring,Week4,273.0 Dunn Loring - 129.0 Hollin Meadows
Hollin Meadows,Week2,Vienna Woods,Week5,330.0 Vienna Woods - 72.0 Hollin Meadows
Hollin Meadows,Week3,Parklawn,Week3,285.0 Hollin Meadows - 116.0 Parklawn
Hollin Meadows,Week2,Herndon,Week2,312.0 Hollin Meadows - 90.0 Herndon
Hollin Meadows,Week4,Dunn Loring,Week5,270.0 Dunn Loring - 132.0 Hollin Meadows
Hollin Hills,Week1,Riverside Gardens,Week3,357.0 Riverside Gardens - 45.0 Hollin Hills
Hollin Hills,Week2,Vienna Woods,Week1,358.0 Vienna Woods - 43.0 Hollin Hills
Hollin Meadows,Week4,Parklawn,Week4,256.0 Hollin Meadows - 146.0 Parklawn
Hollin Meadows,Week5,Hayfield Farm,Week3,201.0 Hayfield Farm - 201.0 Hollin Meadows
Hollin Meadows,Week4,Vienna Woods,Week5,315.0 Vienna Woods - 87.0 Hollin Meadows
Hollin Meadows,Week1,Parklawn,Week4,258.0 Hollin Meadows - 139.0 Parklawn
Hollin Hills,Week2,Vienna Woods,Week2,361.0 Vienna Woods - 41.0 Hollin Hills
Hollin Meadows,Week2,Herndon,Week1,311.0 Hollin Meadows - 91.0 Herndon
Hollin Hills,Week5,Vienna Aquatic,Week1,332.5 Vienna Aquatic - 69.5 Hollin Hills
Hollin Meadows,Week1,Parliament,Week1,213.0 Hollin Meadows - 188.0 Parliament
Hollin Meadows,Week4,Ilda Community,Week4,274.5 Hollin Meadows - 127.5 Ilda Community
Hollin Meadows,Week5,Ilda Community,Week5,288.0 Hollin Meadows - 114.0 Ilda Community
Hollin Meadows,Week4,Fair Oaks ,Week5,222.0 Fair Oaks - 180.0 Hollin Meadows
Hollin Meadows,Week4,Fair Oaks ,Week4,211.0 Hollin Meadows - 191.0 Fair Oaks
Hollin Meadows,Week3,Hayfield Farm,Week1,219.0 Hollin Meadows - 183.0 Hayfield Farm
Hollin Hills,Week1,Vienna Woods,Week3,369.0 Vienna Woods - 33.0 Hollin Hills
Hollin Meadows,Week1,Kent Gardens,Week2,237.0 Hollin Meadows - 165.0 Kent Gardens
Hollin Meadows,Week3,Fair Oaks ,Week1,202.0 Fair Oaks - 200.0 Hollin Meadows
Hollin Meadows,Week1,Parliament,Week4,245.0 Hollin Meadows - 157.0 Parliament
Hollin Meadows,Week3,Hayfield Farm,Week2,219.0 Hollin Meadows - 183.0 Hayfield Farm
Hollin Hills,Week5,Rolling Forest,Week1,286.0 Rolling Forest - 116.0 Hollin Hills
Hollin Hills,Week5,Vienna Aquatic,Week2,334.0 Vienna Aquatic - 68.0 Hollin Hills
Hollin Meadows,Week4,Vienna Woods,Week2,287.5 Vienna Woods - 114.5 Hollin Meadows
Hollin Hills,Week5,Riverside Gardens,Week5,333.0 Riverside Gardens - 69.0 Hollin Hills
Hollin Meadows,Week3,Vienna Woods,Week3,304.0 Vienna Woods - 98.0 Hollin Meadows
Hollin Meadows,Week1,Kent Gardens,Week3,220.0 Hollin Meadows - 182.0 Kent Gardens
Hollin Meadows,Week4,Fair Oaks ,Week2,227.0 Hollin Meadows - 175.0 Fair Oaks
Hollin Meadows,Week1,Herndon,Week1,328.0 Hollin Meadows - 74.0 Herndon
Hollin Hills,Week4,Riverside Gardens,Week4,355.0 Riverside Gardens - 47.0 Hollin Hills
Hollin Hills,Week2,Rolling Forest,Week1,292.0 Rolling Forest - 110.0 Hollin Hills
Hollin Meadows,Week1,Kent Gardens,Week4,224.0 Hollin Meadows - 178.0 Kent Gardens
Hollin Meadows,Week5,Parklawn,Week4,267.0 Hollin Meadows - 135.0 Parklawn
Hollin Meadows,Week1,Parliament,Week5,225.0 Hollin Meadows - 177.0 Parliament
Hollin Meadows,Week5,Parklawn,Week5,265.0 Hollin Meadows - 137.0 Parklawn
Hollin Hills,Week3,Vienna Aquatic,Week4,342.0 Vienna Aquatic - 60.0 Hollin Hills
Hollin Meadows,Week3,Hayfield Farm,Week4,210.0 Hollin Meadows - 192.0 Hayfield Farm
Hollin Meadows,Week5,Fair Oaks ,Week3,207.0 Hollin Meadows - 195.0 Fair Oaks
Hollin Hills,Week1,Rolling Hills,Week1,275.0 Rolling Hills - 126.0 Hollin Hills
Hollin Meadows,Week2,Vienna Woods,Week1,304.0 Vienna Woods - 98.0 Hollin Meadows
Hollin Hills,Week5,Vienna Aquatic,Week4,338.0 Vienna Aquatic - 63.0 Hollin Hills
Hollin Meadows,Week1,Villa Aquatic,Week4,220.0 Hollin Meadows - 182.0 Villa Aquatic
Hollin Meadows,Week2,Vienna Woods,Week4,307.0 Vienna Woods - 95.0 Hollin Meadows
Hollin Meadows,Week4,Hayfield Farm,Week4,202.0 Hayfield Farm - 200.0 Hollin Meadows
Hollin Meadows,Week3,Parliament,Week3,216.0 Hollin Meadows - 186.0 Parliament
Hollin Meadows,Week2,Kent Gardens,Week3,209.0 Hollin Meadows - 193.0 Kent Gardens
Hollin Hills,Week3,Vienna Woods,Week1,361.0 Vienna Woods - 41.0 Hollin Hills
Hollin Meadows,Week1,Herndon,Week2,340.0 Hollin Meadows - 62.0 Herndon
Hollin Meadows,Week2,Villa Aquatic,Week3,227.5 Villa Aquatic - 174.5 Hollin Meadows
Hollin Meadows,Week4,Fairfax,Week4,256.0 Fairfax - 146.0 Hollin Meadows
Hollin Meadows,Week3,Herndon,Week3,335.0 Hollin Meadows - 67.0 Herndon
Hollin Hills,Week3,Villa Aquatic,Week4,308.0 Villa Aquatic - 94.0 Hollin Hills
Hollin Meadows,Week1,Fairfax,Week1,247.0 Fairfax - 155.0 Hollin Meadows
Hollin Meadows,Week3,Kent Gardens,Week2,239.0 Hollin Meadows - 163.0 Kent Gardens
Hollin Meadows,Week1,Kent Gardens,Week5,208.0 Kent Gardens - 194.0 Hollin Meadows
Hollin Meadows,Week2,Herndon,Week4,310.0 Hollin Meadows - 92.0 Herndon
Hollin Meadows,Week2,Parliament,Week3,205.0 Hollin Meadows - 197.0 Parliament
Hollin Hills,Week2,Vienna Woods,Week3,365.0 Vienna Woods - 37.0 Hollin Hills
Hollin Meadows,Week1,Fairfax,Week5,271.0 Fairfax - 131.0 Hollin Meadows
Hollin Meadows,Week4,Herndon,Week2,338.0 Hollin Meadows - 64.0 Herndon
Hollin Meadows,Week5,Fair Oaks ,Week5,214.0 Fair Oaks - 188.0 Hollin Meadows
Hollin Meadows,Week3,Village West,Week2,277.0 Hollin Meadows - 124.0 Village West
Hollin Hills,Week1,Rolling Forest,Week4,299.0 Rolling Forest - 103.0 Hollin Hills
Hollin Meadows,Week5,Fair Oaks ,Week4,209.0 Hollin Meadows - 193.0 Fair Oaks
Hollin Hills,Week3,Villa Aquatic,Week3,322.0 Villa Aquatic - 80.0 Hollin Hills
Hollin Meadows,Week4,Villa Aquatic,Week1,228.0 Hollin Meadows - 174.0 Villa Aquatic
Hollin Hills,Week3,Rolling Forest,Week4,302.0 Rolling Forest - 100.0 Hollin Hills
Hollin Meadows,Week2,Hiddenbrook,Week4,233.0 Hollin Meadows - 169.0 Hiddenbrook
Hollin Hills,Week2,Vienna Woods,Week4,360.0 Vienna Woods - 42.0 Hollin Hills
Hollin Meadows,Week2,Villa Aquatic,Week1,201.0 Hollin Meadows - 201.0 Villa Aquatic
Hollin Hills,Week4,Rolling Forest,Week1,304.0 Rolling Forest - 97.0 Hollin Hills
Hollin Meadows,Week2,Herndon,Week5,326.0 Hollin Meadows - 76.0 Herndon
Hollin Meadows,Week5,Villa Aquatic,Week3,212.0 Villa Aquatic - 190.0 Hollin Meadows
Hollin Hills,Week3,Rolling Forest,Week1,304.0 Rolling Forest - 98.0 Hollin Hills
Hollin Meadows,Week3,Ilda Community,Week3,290.0 Hollin Meadows - 112.0 Ilda Community
Hollin Hills,Week3,Rolling Forest,Week2,269.0 Rolling Forest - 133.0 Hollin Hills
Hollin Hills,Week3,Villa Aquatic,Week1,304.0 Villa Aquatic - 98.0 Hollin Hills
Hollin Meadows,Week3,Parliament,Week1,209.5 Parliament - 192.5 Hollin Meadows
Hollin Meadows,Week3,Herndon,Week5,340.0 Hollin Meadows - 61.0 Herndon
Hollin Meadows,Week1,Kent Gardens,Week1,211.0 Hollin Meadows - 191.0 Kent Gardens
Hollin Meadows,Week2,Parliament,Week1,224.0 Parliament - 178.0 Hollin Meadows
Hollin Meadows,Week2,Parliament,Week5,208.0 Hollin Meadows - 194.0 Parliament
Hollin Meadows,Week1,Villa Aquatic,Week3,212.0 Villa Aquatic - 190.0 Hollin Meadows
Hollin Meadows,Week3,Kent Gardens,Week4,224.0 Hollin Meadows - 178.0 Kent Gardens
Hollin Hills,Week1,Rolling Forest,Week1,299.0 Rolling Forest - 103.0 Hollin Hills
Hollin Meadows,Week3,Kent Gardens,Week1,208.0 Kent Gardens - 194.0 Hollin Meadows
Hollin Meadows,Week5,Fairfax,Week1,241.0 Fairfax - 161.0 Hollin Meadows
Hollin Meadows,Week3,Parliament,Week2,236.0 Hollin Meadows - 166.0 Parliament
Hollin Meadows,Week3,Villa Aquatic,Week4,217.0 Hollin Meadows - 185.0 Villa Aquatic
Hollin Hills,Week4,Vienna Woods,Week4,361.0 Vienna Woods - 41.0 Hollin Hills
Hollin Hills,Week1,Rolling Forest,Week3,307.0 Rolling Forest - 95.0 Hollin Hills
Hollin Meadows,Week5,Kent Gardens,Week1,210.0 Hollin Meadows - 192.0 Kent Gardens
Hollin Hills,Week5,Riverside Gardens,Week4,343.0 Riverside Gardens - 59.0 Hollin Hills
Hollin Meadows,Week4,Kings Ridge ,Week3,283.0 Hollin Meadows - 119.0 Kings Ridge
Hollin Meadows,Week3,Village West,Week5,270.0 Hollin Meadows - 132.0 Village West
Hollin Hills,Week3,Vienna Woods,Week4,358.5 Vienna Woods - 43.5 Hollin Hills
Hollin Meadows,Week1,Kings Ridge ,Week3,298.0 Hollin Meadows - 100.0 Kings Ridge
Hollin Meadows,Week2,Fairfax Club Estates,Week1,239.0 Hollin Meadows - 163.0 Fairfax Club Estates
Hollin Hills,Week2,Rolling Forest,Week2,278.0 Rolling Forest - 123.0 Hollin Hills
Hollin Meadows,Week3,Parliament,Week5,214.0 Hollin Meadows - 188.0 Parliament
Hollin Meadows,Week5,Hiddenbrook,Week1,267.0 Hollin Meadows - 135.0 Hiddenbrook
Hollin Meadows,Week2,Fairfax,Week1,255.0 Fairfax - 147.0 Hollin Meadows
Hollin Meadows,Week4,Villa Aquatic,Week2,226.0 Hollin Meadows - 176.0 Villa Aquatic
Hollin Meadows,Week5,Fairfax,Week3,266.0 Fairfax - 136.0 Hollin Meadows
Hollin Meadows,Week5,Parliament,Week4,217.0 Hollin Meadows - 185.0 Parliament
Hollin Meadows,Week4,Parliament,Week5,218.0 Hollin Meadows - 184.0 Parliament
Hollin Meadows,Week5,Herndon,Week2,340.0 Hollin Meadows - 61.0 Herndon
Hollin Meadows,Week1,Hiddenbrook,Week1,273.0 Hollin Meadows - 129.0 Hiddenbrook
Hollin Hills,Week5,Vienna Woods,Week4,355.0 Vienna Woods - 42.0 Hollin Hills
Hollin Meadows,Week4,Parliament,Week2,226.0 Hollin Meadows - 176.0 Parliament
Hollin Hills,Week4,Vienna Woods,Week5,376.5 Vienna Woods - 24.5 Hollin Hills
Hollin Hills,Week4,Rolling Forest,Week2,272.0 Rolling Forest - 129.0 Hollin Hills
Hollin Meadows,Week2,Fairfax Club Estates,Week4,222.0 Hollin Meadows - 180.0 Fairfax Club Estates
Hollin Meadows,Week3,Villa Aquatic,Week5,204.5 Villa Aquatic - 197.5 Hollin Meadows
Hollin Meadows,Week4,Kent Gardens,Week4,230.0 Hollin Meadows - 172.0 Kent Gardens
Hollin Hills,Week4,Vienna Woods,Week1,364.5 Vienna Woods - 36.5 Hollin Hills
Hollin Meadows,Week2,Hiddenbrook,Week2,278.0 Hollin Meadows - 118.0 Hiddenbrook
Hollin Meadows,Week5,Kings Ridge ,Week2,311.0 Hollin Meadows - 91.0 Kings Ridge
Hollin Meadows,Week1,Pinecrest,Week3,261.0 Pinecrest - 141.0 Hollin Meadows
Hollin Meadows,Week4,Kent Gardens,Week3,221.0 Hollin Meadows - 181.0 Kent Gardens
Hollin Meadows,Week3,Villa Aquatic,Week3,220.0 Villa Aquatic - 182.0 Hollin Meadows
Hollin Meadows,Week5,Herndon,Week4,344.0 Hollin Meadows - 58.0 Herndon
Hollin Meadows,Week4,Hiddenbrook,Week2,292.0 Hollin Meadows - 110.0 Hiddenbrook
Hollin Hills,Week5,Riverside Gardens,Week3,335.0 Riverside Gardens - 67.0 Hollin Hills
Hollin Meadows,Week3,Hiddenbrook,Week4,261.0 Hollin Meadows - 140.0 Hiddenbrook
Hollin Meadows,Week1,Village West,Week4,264.0 Hollin Meadows - 133.0 Village West
Hollin Meadows,Week1,Village West,Week3,242.0 Hollin Meadows - 160.0 Village West
Hollin Meadows,Week3,Villa Aquatic,Week2,224.0 Hollin Meadows - 178.0 Villa Aquatic
Hollin Meadows,Week3,Hiddenbrook,Week1,270.5 Hollin Meadows - 131.5 Hiddenbrook
Hollin Hills,Week3,Vienna Woods,Week2,364.0 Vienna Woods - 38.0 Hollin Hills
Hollin Hills,Week2,Villa Aquatic,Week2,306.0 Villa Aquatic - 95.0 Hollin Hills
Hollin Meadows,Week5,Parliament,Week2,250.0 Hollin Meadows - 151.0 Parliament
Hollin Meadows,Week3,Kings Ridge ,Week2,308.0 Hollin Meadows - 94.0 Kings Ridge
Hollin Hills,Week1,Rolling Forest,Week5,298.0 Rolling Forest - 104.0 Hollin Hills
Hollin Hills,Week2,Rolling Forest,Week3,303.0 Rolling Forest - 98.0 Hollin Hills
Hollin Hills,Week2,Rolling Forest,Week5,305.0 Rolling Forest - 97.0 Hollin Hills
Hollin Meadows,Week5,Fairfax,Week2,265.0 Fairfax - 137.0 Hollin Meadows
Hollin Meadows,Week3,Fairfax Club Estates,Week1,250.0 Hollin Meadows - 151.0 Fairfax Club Estates
Hollin Meadows,Week1,Pinecrest,Week4,258.0 Pinecrest - 144.0 Hollin Meadows
Hollin Meadows,Week4,Fairfax,Week2,267.0 Fairfax - 135.0 Hollin Meadows
Hollin Meadows,Week1,Fairfax Club Estates,Week4,227.0 Hollin Meadows - 175.0 Fairfax Club Estates
Hollin Hills,Week5,Vienna Woods,Week2,357.0 Vienna Woods - 45.0 Hollin Hills
Hollin Meadows,Week1,Fairfax Club Estates,Week2,274.0 Hollin Meadows - 128.0 Fairfax Club Estates
Hollin Meadows,Week1,Village West,Week5,270.0 Hollin Meadows - 132.0 Village West
Hollin Meadows,Week2,Pinecrest,Week4,275.0 Pinecrest - 127.0 Hollin Meadows
Hollin Meadows,Week3,Fairfax,Week5,289.0 Fairfax - 113.0 Hollin Meadows
Hollin Meadows,Week2,Villa Aquatic,Week5,219.5 Villa Aquatic - 182.5 Hollin Meadows
Hollin Meadows,Week1,Pinecrest,Week5,254.0 Pinecrest - 148.0 Hollin Meadows
Hollin Hills,Week3,Vienna Woods,Week5,372.0 Vienna Woods - 30.0 Hollin Hills
Hollin Hills,Week2,Rolling Forest,Week4,302.0 Rolling Forest - 100.0 Hollin Hills
Hollin Meadows,Week4,Kings Ridge ,Week2,309.0 Hollin Meadows - 93.0 Kings Ridge
Hollin Meadows,Week5,Parliament,Week3,231.0 Hollin Meadows - 171.0 Parliament
Hollin Meadows,Week1,Hiddenbrook,Week2,296.0 Hollin Meadows - 106.0 Hiddenbrook
Hollin Meadows,Week1,Fairfax Club Estates,Week1,260.0 Hollin Meadows - 141.0 Fairfax Club Estates
Hollin Hills,Week5,Rolling Forest,Week2,277.0 Rolling Forest - 125.0 Hollin Hills
Hollin Hills,Week4,Rolling Forest,Week4,309.0 Rolling Forest - 93.0 Hollin Hills
Hollin Meadows,Week2,Fairfax,Week2,277.0 Fairfax - 125.0 Hollin Meadows
Hollin Meadows,Week1,Village West,Week2,268.0 Hollin Meadows - 134.0 Village West
Hollin Meadows,Week1,Kings Ridge ,Week1,286.0 Hollin Meadows - 116.0 Kings Ridge
Hollin Meadows,Week4,Villa Aquatic,Week4,208.0 Hollin Meadows - 194.0 Villa Aquatic
Hollin Meadows,Week4,Herndon,Week5,338.0 Hollin Meadows - 64.0 Herndon
Hollin Meadows,Week4,Parliament,Week3,222.0 Hollin Meadows - 180.0 Parliament
Hollin Meadows,Week3,Kings Ridge ,Week5,284.0 Hollin Meadows - 118.0 Kings Ridge
Hollin Meadows,Week4,Kings Ridge ,Week1,289.0 Hollin Meadows - 113.0 Kings Ridge
Hollin Meadows,Week2,Fairfax,Week3,281.0 Fairfax - 121.0 Hollin Meadows
Hollin Hills,Week5,Rolling Forest,Week3,293.0 Rolling Forest - 109.0 Hollin Hills
Hollin Meadows,Week3,Villa Aquatic,Week1,247.0 Hollin Meadows - 155.0 Villa Aquatic
Hollin Meadows,Week1,Fairfax,Week3,259.0 Fairfax - 143.0 Hollin Meadows
Hollin Meadows,Week4,Kent Gardens,Week2,240.0 Hollin Meadows - 162.0 Kent Gardens
Hollin Hills,Week3,Vienna Woods,Week3,367.0 Vienna Woods - 35.0 Hollin Hills
Hollin Meadows,Week5,Villa Aquatic,Week5,203.0 Hollin Meadows - 199.0 Villa Aquatic
Hollin Meadows,Week1,Hiddenbrook,Week5,225.0 Hollin Meadows - 177.0 Hiddenbrook
Hollin Meadows,Week2,Pinecrest,Week2,280.0 Pinecrest - 122.0 Hollin Meadows
Hollin Meadows,Week2,Pinecrest,Week1,263.0 Pinecrest - 139.0 Hollin Meadows
Hollin Meadows,Week5,Villa Aquatic,Week2,236.0 Hollin Meadows - 166.0 Villa Aquatic
Hollin Hills,Week1,Villa Aquatic,Week4,310.0 Villa Aquatic - 92.0 Hollin Hills
Hollin Meadows,Week1,Kings Ridge ,Week4,281.0 Hollin Meadows - 121.0 Kings Ridge
Hollin Meadows,Week5,Herndon,Week5,346.0 Hollin Meadows - 55.0 Herndon
Hollin Hills,Week5,Vienna Woods,Week5,371.0 Vienna Woods - 31.0 Hollin Hills
Hollin Meadows,Week1,Fairfax,Week4,249.0 Fairfax - 153.0 Hollin Meadows
Hollin Meadows,Week1,Hiddenbrook,Week4,259.0 Hollin Meadows - 143.0 Hiddenbrook
Hollin Hills,Week1,Villa Aquatic,Week2,304.0 Villa Aquatic - 97.0 Hollin Hills
Hollin Hills,Week3,Rolling Forest,Week3,312.0 Rolling Forest - 90.0 Hollin Hills
Hollin Meadows,Week1,Hiddenbrook,Week3,252.0 Hollin Meadows - 150.0 Hiddenbrook
Hollin Hills,Week4,Vienna Woods,Week3,371.5 Vienna Woods - 30.5 Hollin Hills
Hollin Hills,Week4,Rolling Forest,Week5,302.0 Rolling Forest - 100.0 Hollin Hills
Hollin Meadows,Week5,Parliament,Week5,219.0 Hollin Meadows - 183.0 Parliament
Hollin Meadows,Week4,Kings Ridge ,Week4,268.0 Hollin Meadows - 134.0 Kings Ridge
Hollin Hills,Week4,Rolling Forest,Week3,311.0 Rolling Forest - 90.0 Hollin Hills
Hollin Meadows,Week5,Parliament,Week1,208.0 Parliament - 194.0 Hollin Meadows
Hollin Meadows,Week2,Pinecrest,Week5,286.0 Pinecrest - 116.0 Hollin Meadows
Hollin Hills,Week1,Rolling Forest,Week2,283.0 Rolling Forest - 113.0 Hollin Hills
Hollin Meadows,Week3,Hiddenbrook,Week5,224.0 Hollin Meadows - 178.0 Hiddenbrook
Hollin Meadows,Week3,Fairfax,Week1,263.0 Fairfax - 139.0 Hollin Meadows
Hollin Meadows,Week5,Kent Gardens,Week4,225.0 Hollin Meadows - 177.0 Kent Gardens
Hollin Meadows,Week2,Hiddenbrook,Week3,212.0 Hollin Meadows - 190.0 Hiddenbrook
Hollin Hills,Week3,Rolling Forest,Week5,299.0 Rolling Forest - 103.0 Hollin Hills
Hollin Hills,Week4,Vienna Woods,Week2,362.0 Vienna Woods - 39.0 Hollin Hills
Hollin Meadows,Week5,Kent Gardens,Week5,213.0 Kent Gardens - 189.0 Hollin Meadows
Hollin Meadows,Week1,Fairfax,Week2,258.0 Fairfax - 144.0 Hollin Meadows
Hollin Hills,Week1,Villa Aquatic,Week3,318.0 Villa Aquatic - 84.0 Hollin Hills
Hollin Meadows,Week5,Villa Aquatic,Week1,248.0 Hollin Meadows - 154.0 Villa Aquatic
Hollin Meadows,Week4,Villa Aquatic,Week3,228.0 Villa Aquatic - 174.0 Hollin Meadows
Hollin Meadows,Week5,Villa Aquatic,Week4,207.0 Hollin Meadows - 195.0 Villa Aquatic
Hollin Meadows,Week2,Kings Ridge ,Week3,276.0 Hollin Meadows - 126.0 Kings Ridge
Hollin Meadows,Week3,Hiddenbrook,Week3,248.0 Hollin Meadows - 153.0 Hiddenbrook
Hollin Meadows,Week3,Fairfax,Week3,267.0 Fairfax - 135.0 Hollin Meadows
Hollin Meadows,Week3,Pinecrest,Week1,244.0 Pinecrest - 158.0 Hollin Meadows
Hollin Hills,Week2,Villa Aquatic,Week3,315.0 Villa Aquatic - 87.0 Hollin Hills
Hollin Meadows,Week1,Pinecrest,Week2,241.0 Pinecrest - 161.0 Hollin Meadows
Hollin Meadows,Week5,Herndon,Week1,340.0 Hollin Meadows - 62.0 Herndon
Hollin Hills,Week2,Villa Aquatic,Week5,316.0 Villa Aquatic - 86.0 Hollin Hills
Hollin Meadows,Week4,Hiddenbrook,Week4,261.0 Hollin Meadows - 141.0 Hiddenbrook
Hollin Meadows,Week3,Pinecrest,Week2,262.0 Pinecrest - 140.0 Hollin Meadows
Hollin Meadows,Week2,Village West,Week3,233.0 Hollin Meadows - 169.0 Village West
Hollin Meadows,Week3,Fairfax,Week4,263.5 Fairfax - 138.5 Hollin Meadows
Hollin Meadows,Week3,Hiddenbrook,Week2,289.0 Hollin Meadows - 113.0 Hiddenbrook
Hollin Hills,Week2,Villa Aquatic,Week4,310.0 Villa Aquatic - 92.0 Hollin Hills
Hollin Hills,Week5,Vienna Woods,Week1,364.0 Vienna Woods - 38.0 Hollin Hills
Hollin Meadows,Week2,Kings Ridge ,Week4,257.0 Hollin Meadows - 145.0 Kings Ridge
Hollin Meadows,Week3,Kings Ridge ,Week3,288.0 Hollin Meadows - 114.0 Kings Ridge
Hollin Hills,Week5,Vienna Woods,Week3,366.0 Vienna Woods - 36.0 Hollin Hills
Hollin Hills,Week5,Rolling Forest,Week4,287.0 Rolling Forest - 115.0 Hollin Hills
Hollin Meadows,Week3,Fairfax,Week2,275.0 Fairfax - 127.0 Hollin Meadows
Hollin Meadows,Week3,Pinecrest,Week3,276.0 Pinecrest - 126.0 Hollin Meadows
Hollin Hills,Week2,Villa Aquatic,Week1,298.0 Villa Aquatic - 103.0 Hollin Hills
Hollin Meadows,Week1,Kings Ridge ,Week5,277.0 Hollin Meadows - 125.0 Kings Ridge
Hollin Hills,Week5,Rolling Forest,Week5,290.0 Rolling Forest - 112.0 Hollin Hills
Hollin Hills,Week1,Rolling Hills,Week2,281.0 Rolling Hills - 121.0 Hollin Hills
Hollin Meadows,Week5,Herndon,Week3,343.0 Hollin Meadows - 59.0 Herndon
Hollin Meadows,Week2,Village West,Week1,252.0 Hollin Meadows - 150.0 Village West
Hollin Hills,Week1,Rolling Hills,Week4,277.0 Rolling Hills - 124.0 Hollin Hills
Hollin Meadows,Week2,Pinecrest,Week3,283.0 Pinecrest - 119.0 Hollin Meadows
Hollin Meadows,Week4,Hiddenbrook,Week3,242.0 Hollin Meadows - 160.0 Hiddenbrook
Hollin Meadows,Week2,Fairfax,Week5,286.0 Fairfax - 116.0 Hollin Meadows
Hollin Meadows,Week4,Parliament,Week4,217.0 Hollin Meadows - 185.0 Parliament
Hollin Meadows,Week5,Kent Gardens,Week2,241.0 Hollin Meadows - 161.0 Kent Gardens
Hollin Meadows,Week4,Fairfax,Week1,259.0 Fairfax - 143.0 Hollin Meadows
Hollin Hills,Week1,Rolling Hills,Week3,275.0 Rolling Hills - 126.0 Hollin Hills
Hollin Meadows,Week5,Kent Gardens,Week3,219.0 Hollin Meadows - 183.0 Kent Gardens
Hollin Meadows,Week1,Village West,Week1,279.0 Hollin Meadows - 122.0 Village West
Hollin Meadows,Week4,Villa Aquatic,Week5,208.0 Villa Aquatic - 194.0 Hollin Meadows
Hollin Hills,Week1,Villa Aquatic,Week5,313.0 Villa Aquatic - 89.0 Hollin Hills
Hollin Meadows,Week2,Village West,Week4,244.0 Hollin Meadows - 153.0 Village West
Hollin Meadows,Week2,High Point Pool,Week2,254.0 High Point Pool - 148.0 Hollin Meadows
Hollin Meadows,Week3,Village West,Week3,255.0 Hollin Meadows - 147.0 Village West
Hollin Hills,Week1,Rolling Hills,Week5,275.0 Rolling Hills - 127.0 Hollin Hills
Hollin Meadows,Week4,Village West,Week1,282.0 Hollin Meadows - 120.0 Village West
Hollin Hills,Week2,Rolling Hills,Week1,273.0 Rolling Hills - 127.0 Hollin Hills
Hollin Meadows,Week1,Pinecrest,Week1,217.0 Pinecrest - 185.0 Hollin Meadows
Hollin Meadows,Week2,Pinewood Lake,Week2,357.0 Hollin Meadows - 40.0 Pinewood Lake
Hollin Meadows,Week1,Fairfax Club Estates,Week3,267.0 Hollin Meadows - 134.0 Fairfax Club Estates
Hollin Meadows,Week2,Fairfax,Week4,266.0 Fairfax - 136.0 Hollin Meadows
Hollin Meadows,Week4,Fairfax,Week3,263.0 Fairfax - 139.0 Hollin Meadows
Hollin Meadows,Week4,Hiddenbrook,Week5,218.0 Hollin Meadows - 184.0 Hiddenbrook
Hollin Hills,Week3,Villa Aquatic,Week2,299.0 Villa Aquatic - 103.0 Hollin Hills
Hollin Meadows,Week4,Pinecrest,Week5,271.0 Pinecrest - 131.0 Hollin Meadows
Hollin Meadows,Week1,Kings Ridge ,Week2,306.0 Hollin Meadows - 96.0 Kings Ridge
Hollin Meadows,Week5,Fairfax,Week4,255.0 Fairfax - 147.0 Hollin Meadows
Hollin Meadows,Week2,Kings Ridge ,Week5,261.0 Hollin Meadows - 141.0 Kings Ridge
Hollin Meadows,Week5,Fairfax,Week5,283.0 Fairfax - 119.0 Hollin Meadows
Hollin Hills,Week1,Village West,Week2,250.0 Village West - 152.0 Hollin Hills
Hollin Hills,Week5,Villa Aquatic,Week3,312.0 Villa Aquatic - 90.0 Hollin Hills
Hollin Meadows,Week4,Herndon,Week4,342.0 Hollin Meadows - 60.0 Herndon
Hollin Meadows,Week3,Village West,Week4,258.0 Hollin Meadows - 139.0 Village West
Hollin Meadows,Week1,Fairfax Club Estates,Week5,245.0 Hollin Meadows - 156.0 Fairfax Club Estates
Hollin Meadows,Week2,Kings Ridge ,Week2,275.0 Hollin Meadows - 127.0 Kings Ridge
Hollin Meadows,Week3,Kings Ridge ,Week4,281.0 Hollin Meadows - 121.0 Kings Ridge
Hollin Hills,Week4,Rolling Hills,Week3,257.0 Rolling Hills - 142.0 Hollin Hills
Hollin Meadows,Week4,Kent Gardens,Week5,230.5 Kent Gardens - 171.5 Hollin Meadows
Hollin Meadows,Week3,Village West,Week1,270.0 Hollin Meadows - 132.0 Village West
Hollin Meadows,Week4,Parliament,Week1,206.0 Hollin Meadows - 196.0 Parliament
Hollin Hills,Week3,Rolling Hills,Week2,277.5 Rolling Hills - 124.5 Hollin Hills
Hollin Hills,Week5,Villa Aquatic,Week1,289.0 Villa Aquatic - 112.0 Hollin Hills
Hollin Meadows,Week3,Pinecrest,Week4,260.0 Pinecrest - 142.0 Hollin Meadows
Hollin Hills,Week3,Rolling Hills,Week3,258.0 Rolling Hills - 143.0 Hollin Hills
Hollin Meadows,Week2,Village West,Week5,254.0 Hollin Meadows - 148.0 Village West
Hollin Meadows,Week2,Hiddenbrook,Week1,240.0 Hollin Meadows - 162.0 Hiddenbrook
Hollin Hills,Week2,Rolling Hills,Week4,262.5 Rolling Hills - 133.5 Hollin Hills
Hollin Hills,Week1,Villa Aquatic,Week1,301.0 Villa Aquatic - 100.0 Hollin Hills
Hollin Meadows,Week4,Hiddenbrook,Week1,261.0 Hollin Meadows - 141.0 Hiddenbrook
Hollin Meadows,Week3,Pinewood Lake,Week1,363.0 Hollin Meadows - 38.0 Pinewood Lake
Hollin Meadows,Week3,Kings Ridge ,Week1,300.0 Hollin Meadows - 102.0 Kings Ridge
Hollin Hills,Week3,Rolling Hills,Week4,256.0 Rolling Hills - 144.0 Hollin Hills
Hollin Meadows,Week4,Pinewood Lake,Week2,368.0 Hollin Meadows - 34.0 Pinewood Lake
Hollin Meadows,Week2,Village West,Week2,253.0 Hollin Meadows - 149.0 Village West
Hollin Meadows,Week4,Fairfax,Week5,289.0 Fairfax - 113.0 Hollin Meadows
Hollin Meadows,Week2,Hiddenbrook,Week5,207.0 Hollin Meadows - 195.0 Hiddenbrook
Hollin Meadows,Week2,Fairfax Club Estates,Week5,231.0 Hollin Meadows - 171.0 Fairfax Club Estates
Hollin Meadows,Week4,Pinewood Lake,Week5,359.0 Hollin Meadows - 42.0 Pinewood Lake
Hollin Meadows,Week2,Fairfax Club Estates,Week3,236.0 Hollin Meadows - 166.0 Fairfax Club Estates
Hollin Meadows,Week3,Virginia Hills,Week4,359.0 Hollin Meadows - 43.0 Virginia Hills
Hollin Hills,Week3,Village West,Week5,248.0 Village West - 154.0 Hollin Hills
Hollin Meadows,Week5,High Point Pool,Week4,211.0 High Point Pool - 191.0 Hollin Meadows
Hollin Meadows,Week2,Virginia Hills,Week1,336.0 Hollin Meadows - 66.0 Virginia Hills
Hollin Meadows,Week1,Pinewood Lake,Week4,365.0 Hollin Meadows - 32.0 Pinewood Lake
Hollin Hills,Week1,Village West,Week5,251.0 Village West - 151.0 Hollin Hills
Hollin Meadows,Week4,High Point Pool,Week5,232.5 High Point Pool - 169.5 Hollin Meadows
Hollin Hills,Week4,Rolling Hills,Week4,265.0 Rolling Hills - 131.0 Hollin Hills
Hollin Meadows,Week4,Pinecrest,Week2,273.5 Pinecrest - 128.5 Hollin Meadows
Hollin Meadows,Week4,Kings Ridge ,Week5,266.0 Hollin Meadows - 136.0 Kings Ridge
Hollin Meadows,Week5,Hiddenbrook,Week3,265.0 Hollin Meadows - 137.0 Hiddenbrook
Hollin Hills,Week4,Villa Aquatic,Week3,315.0 Villa Aquatic - 87.0 Hollin Hills
Hollin Hills,Week5,Rolling Hills,Week1,254.0 Rolling Hills - 146.0 Hollin Hills
Hollin Meadows,Week2,Fairfax Club Estates,Week2,259.0 Hollin Meadows - 143.0 Fairfax Club Estates
Hollin Meadows,Week5,Kings Ridge ,Week1,301.0 Hollin Meadows - 101.0 Kings Ridge
Hollin Hills,Week5,Rolling Hills,Week4,263.0 Rolling Hills - 134.0 Hollin Hills
Hollin Meadows,Week2,Kings Ridge ,Week1,265.0 Hollin Meadows - 137.0 Kings Ridge
Hollin Meadows,Week4,Virginia Hills,Week3,354.0 Hollin Meadows - 48.0 Virginia Hills
Hollin Hills,Week3,Rolling Hills,Week5,266.0 Rolling Hills - 136.0 Hollin Hills
Hollin Hills,Week2,Village West,Week4,252.0 Village West - 142.0 Hollin Hills
Hollin Meadows,Week5,Fairfax Club Estates,Week5,277.0 Hollin Meadows - 125.0 Fairfax Club Estates
Hollin Meadows,Week4,Pinecrest,Week1,243.5 Pinecrest - 158.5 Hollin Meadows
Hollin Hills,Week5,Villa Aquatic,Week4,298.0 Villa Aquatic - 104.0 Hollin Hills
Hollin Meadows,Week5,Virginia Hills,Week1,356.0 Hollin Meadows - 46.0 Virginia Hills
Hollin Hills,Week4,Rolling Hills,Week2,270.0 Rolling Hills - 129.0 Hollin Hills
Hollin Meadows,Week2,High Point Pool,Week5,246.0 High Point Pool - 156.0 Hollin Meadows
Hollin Meadows,Week5,Pinewood Lake,Week4,374.0 Hollin Meadows - 27.0 Pinewood Lake
Hollin Hills,Week4,Village West,Week1,250.0 Village West - 147.0 Hollin Hills
Hollin Meadows,Week1,Fairfax Station,Week2,262.0 Fairfax Station - 140.0 Hollin Meadows
Hollin Meadows,Week5,Lake Braddock,Week5,310.0 Hollin Meadows - 92.0 Lake Braddock
Hollin Meadows,Week3,High Point Pool,Week2,245.0 High Point Pool - 157.0 Hollin Meadows
Hollin Meadows,Week5,Pinecrest,Week2,259.0 Pinecrest - 143.0 Hollin Meadows
Hollin Meadows,Week5,Village West,Week1,294.0 Hollin Meadows - 108.0 Village West
Hollin Hills,Week2,Rolling Hills,Week2,272.0 Rolling Hills - 129.0 Hollin Hills
Hollin Hills,Week1,Village West,Week1,250.0 Village West - 148.0 Hollin Hills
Hollin Hills,Week3,Rolling Hills,Week1,266.0 Rolling Hills - 136.0 Hollin Hills
Hollin Meadows,Week1,Virginia Hills,Week4,360.0 Hollin Meadows - 42.0 Virginia Hills
Hollin Hills,Week3,Village West,Week4,257.0 Village West - 140.0 Hollin Hills
Hollin Meadows,Week2,Lake Braddock,Week1,316.0 Hollin Meadows - 86.0 Lake Braddock
Hollin Meadows,Week5,Lake Braddock,Week3,326.0 Hollin Meadows - 76.0 Lake Braddock
Hollin Meadows,Week1,Lake Braddock,Week1,332.0 Hollin Meadows - 70.0 Lake Braddock
Hollin Meadows,Week4,Fairfax Club Estates,Week5,244.5 Hollin Meadows - 157.5 Fairfax Club Estates
Hollin Meadows,Week5,Hiddenbrook,Week4,265.0 Hollin Meadows - 137.0 Hiddenbrook
Hollin Meadows,Week2,Fairfax Station,Week4,267.0 Fairfax Station - 135.0 Hollin Meadows
Hollin Meadows,Week3,Fairfax Station,Week5,266.0 Fairfax Station - 136.0 Hollin Meadows
Hollin Meadows,Week5,Hiddenbrook,Week2,309.0 Hollin Meadows - 92.0 Hiddenbrook
Hollin Meadows,Week4,High Point Pool,Week2,245.0 High Point Pool - 157.0 Hollin Meadows
Hollin Meadows,Week3,Pinewood Lake,Week4,364.0 Hollin Meadows - 37.0 Pinewood Lake
Hollin Meadows,Week4,Village West,Week2,281.0 Hollin Meadows - 121.0 Village West
Hollin Meadows,Week1,Lakevale Estates,Week2,240.0 Lakevale Estates - 162.0 Hollin Meadows
Hollin Hills,Week1,Rolling Valley,Week4,260.0 Rolling Valley - 141.0 Hollin Hills
Hollin Meadows,Week1,Highland Park,Week3,211.0 Hollin Meadows - 191.0 Highland Park
Hollin Meadows,Week1,Pinewood Lake,Week2,368.0 Hollin Meadows - 29.0 Pinewood Lake
Hollin Meadows,Week3,Lake Braddock,Week4,316.0 Hollin Meadows - 86.0 Lake Braddock
Hollin Meadows,Week3,High Point Pool,Week1,222.0 High Point Pool - 180.0 Hollin Meadows
Hollin Hills,Week3,Villa Aquatic,Week5,304.0 Villa Aquatic - 98.0 Hollin Hills
Hollin Hills,Week4,Village West,Week3,266.0 Village West - 135.0 Hollin Hills
Hollin Meadows,Week3,Lake Braddock,Week2,311.0 Hollin Meadows - 91.0 Lake Braddock
Hollin Meadows,Week3,Virginia Hills,Week3,361.0 Hollin Meadows - 41.0 Virginia Hills
Hollin Meadows,Week5,High Point Pool,Week2,219.0 High Point Pool - 183.0 Hollin Meadows
Hollin Hills,Week5,Rolling Hills,Week5,253.0 Rolling Hills - 148.0 Hollin Hills
Hollin Meadows,Week2,Virginia Hills,Week4,349.0 Hollin Meadows - 53.0 Virginia Hills
Hollin Meadows,Week5,Pinecrest,Week5,264.0 Pinecrest - 138.0 Hollin Meadows
Hollin Hills,Week4,Villa Aquatic,Week1,290.0 Villa Aquatic - 110.0 Hollin Hills
Hollin Meadows,Week5,High Point Pool,Week3,206.0 Hollin Meadows - 196.0 High Point Pool
Hollin Hills,Week5,Village West,Week3,235.0 Village West - 165.0 Hollin Hills
Hollin Meadows,Week5,Pinecrest,Week3,270.0 Pinecrest - 132.0 Hollin Meadows
Hollin Meadows,Week3,Fairfax Club Estates,Week2,272.0 Hollin Meadows - 129.0 Fairfax Club Estates
Hollin Meadows,Week2,Lake Braddock,Week3,295.0 Hollin Meadows - 107.0 Lake Braddock
Hollin Meadows,Week2,Virginia Hills,Week2,340.0 Hollin Meadows - 62.0 Virginia Hills
Hollin Meadows,Week2,Pinewood Lake,Week3,362.0 Hollin Meadows - 35.0 Pinewood Lake
Hollin Meadows,Week5,Fairfax Club Estates,Week3,283.0 Hollin Meadows - 119.0 Fairfax Club Estates
Hollin Meadows,Week2,Pinewood Lake,Week4,360.0 Hollin Meadows - 37.0 Pinewood Lake
Hollin Meadows,Week1,Lake Braddock,Week3,319.0 Hollin Meadows - 83.0 Lake Braddock
Hollin Meadows,Week5,Fairfax Club Estates,Week4,274.0 Hollin Meadows - 128.0 Fairfax Club Estates
Hollin Meadows,Week1,Fairfax Station,Week3,274.0 Fairfax Station - 128.0 Hollin Meadows
Hollin Hills,Week1,Rolling Valley,Week3,231.0 Rolling Valley - 171.0 Hollin Hills
Hollin Hills,Week4,Villa Aquatic,Week5,312.5 Villa Aquatic - 89.5 Hollin Hills
Hollin Hills,Week4,Rolling Hills,Week5,268.0 Rolling Hills - 134.0 Hollin Hills
Hollin Meadows,Week1,Virginia Hills,Week5,338.0 Hollin Meadows - 64.0 Virginia Hills
Hollin Meadows,Week1,Virginia Hills,Week1,349.0 Hollin Meadows - 53.0 Virginia Hills
Hollin Meadows,Week3,Fairfax Station,Week2,252.5 Fairfax Station - 149.5 Hollin Meadows
Hollin Meadows,Week1,Fairfax Station,Week1,248.0 Fairfax Station - 154.0 Hollin Meadows
Hollin Meadows,Week2,Lake Braddock,Week2,289.0 Hollin Meadows - 113.0 Lake Braddock
Hollin Meadows,Week4,Pinewood Lake,Week1,366.0 Hollin Meadows - 36.0 Pinewood Lake
Hollin Hills,Week5,Village West,Week4,230.0 Village West - 166.0 Hollin Hills
Hollin Hills,Week1,Village West,Week4,243.0 Village West - 153.0 Hollin Hills
Hollin Meadows,Week4,Village West,Week4,268.5 Hollin Meadows - 128.5 Village West
Hollin Meadows,Week5,Pinecrest,Week4,248.0 Pinecrest - 154.0 Hollin Meadows
Hollin Hills,Week2,Rolling Hills,Week3,267.0 Rolling Hills - 130.0 Hollin Hills
Hollin Meadows,Week2,High Point Pool,Week4,245.0 High Point Pool - 157.0 Hollin Meadows
Hollin Hills,Week1,Rolling Valley,Week1,221.0 Rolling Valley - 181.0 Hollin Hills
Hollin Meadows,Week3,High Point Pool,Week5,225.0 High Point Pool - 176.0 Hollin Meadows
Hollin Meadows,Week2,Lake Braddock,Week4,301.0 Hollin Meadows - 101.0 Lake Braddock
Hollin Hills,Week4,Rolling Hills,Week1,269.0 Rolling Hills - 126.0 Hollin Hills
Hollin Meadows,Week5,Kings Ridge ,Week5,283.0 Hollin Meadows - 119.0 Kings Ridge
Hollin Meadows,Week4,Virginia Hills,Week5,332.0 Hollin Meadows - 70.0 Virginia Hills
Hollin Hills,Week5,Villa Aquatic,Week5,295.0 Villa Aquatic - 107.0 Hollin Hills
Hollin Meadows,Week5,Village West,Week5,263.0 Hollin Meadows - 139.0 Village West
Hollin Meadows,Week4,Fairfax Club Estates,Week1,260.0 Hollin Meadows - 142.0 Fairfax Club Estates
Hollin Meadows,Week3,Pinecrest,Week5,265.0 Pinecrest - 137.0 Hollin Meadows
Hollin Meadows,Week2,High Point Pool,Week1,245.0 High Point Pool - 157.0 Hollin Meadows
Hollin Meadows,Week1,Lake Braddock,Week5,307.5 Hollin Meadows - 94.5 Lake Braddock
Hollin Hills,Week1,Rolling Valley,Week2,257.0 Rolling Valley - 144.0 Hollin Hills
Hollin Meadows,Week2,Fairfax Station,Week3,279.5 Fairfax Station - 122.5 Hollin Meadows
Hollin Meadows,Week3,Lake Braddock,Week5,300.0 Hollin Meadows - 102.0 Lake Braddock
Hollin Meadows,Week1,Pinewood Lake,Week5,354.0 Hollin Meadows - 43.0 Pinewood Lake
Hollin Meadows,Week3,Fairfax Station,Week1,247.0 Fairfax Station - 155.0 Hollin Meadows
Hollin Hills,Week5,Village West,Week5,238.0 Village West - 163.0 Hollin Hills
Hollin Meadows,Week4,High Point Pool,Week4,227.0 High Point Pool - 175.0 Hollin Meadows
Hollin Hills,Week2,Rolling Hills,Week5,267.0 Rolling Hills - 134.0 Hollin Hills
Hollin Hills,Week4,Village West,Week4,257.0 Village West - 136.0 Hollin Hills
Hollin Meadows,Week5,Village West,Week4,267.5 Hollin Meadows - 129.5 Village West
Hollin Meadows,Week1,Pinewood Lake,Week1,361.0 Hollin Meadows - 36.0 Pinewood Lake
Hollin Meadows,Week5,Village West,Week2,283.0 Hollin Meadows - 119.0 Village West
Hollin Hills,Week5,Rolling Hills,Week3,249.0 Rolling Hills - 144.0 Hollin Hills
Hollin Meadows,Week3,High Point Pool,Week4,236.0 High Point Pool - 166.0 Hollin Meadows
Hollin Meadows,Week3,Lake Braddock,Week1,328.0 Hollin Meadows - 74.0 Lake Braddock
Hollin Meadows,Week5,High Point Pool,Week5,214.0 High Point Pool - 188.0 Hollin Meadows
Hollin Meadows,Week3,Virginia Hills,Week2,358.0 Hollin Meadows - 43.0 Virginia Hills
Hollin Meadows,Week4,Lake Braddock,Week1,323.0 Hollin Meadows - 79.0 Lake Braddock
Hollin Meadows,Week1,Lake Braddock,Week4,318.0 Hollin Meadows - 84.0 Lake Braddock
Hollin Meadows,Week2,Virginia Hills,Week5,328.0 Hollin Meadows - 74.0 Virginia Hills
Hollin Meadows,Week1,Virginia Hills,Week3,358.0 Hollin Meadows - 44.0 Virginia Hills
Hollin Meadows,Week1,Pinewood Lake,Week3,368.0 Hollin Meadows - 29.0 Pinewood Lake
Hollin Meadows,Week4,Fairfax Club Estates,Week2,277.0 Hollin Meadows - 125.0 Fairfax Club Estates
Hollin Hills,Week2,Village West,Week2,268.0 Village West - 133.0 Hollin Hills
Hollin Meadows,Week4,Pinecrest,Week4,275.0 Pinecrest - 127.0 Hollin Meadows
Hollin Meadows,Week1,Lake Braddock,Week2,307.0 Hollin Meadows - 95.0 Lake Braddock
Hollin Meadows,Week1,High Point Pool,Week1,218.0 High Point Pool - 184.0 Hollin Meadows
Hollin Meadows,Week3,Virginia Hills,Week5,335.0 Hollin Meadows - 67.0 Virginia Hills
Hollin Hills,Week3,Village West,Week1,245.0 Village West - 156.0 Hollin Hills
Hollin Meadows,Week4,Lake Braddock,Week3,313.0 Hollin Meadows - 89.0 Lake Braddock
Hollin Meadows,Week3,High Point Pool,Week3,217.0 High Point Pool - 185.0 Hollin Meadows
Hollin Hills,Week2,Village West,Week1,260.0 Village West - 138.0 Hollin Hills
Hollin Meadows,Week5,Kings Ridge ,Week4,282.0 Hollin Meadows - 120.0 Kings Ridge
Hollin Meadows,Week4,High Point Pool,Week1,221.0 High Point Pool - 181.0 Hollin Meadows
Hollin Meadows,Week5,Fairfax Club Estates,Week1,277.0 Hollin Meadows - 125.0 Fairfax Club Estates
Hollin Hills,Week4,Villa Aquatic,Week2,295.0 Villa Aquatic - 106.0 Hollin Hills
Hollin Meadows,Week4,Virginia Hills,Week2,354.0 Hollin Meadows - 48.0 Virginia Hills
Hollin Hills,Week5,Rolling Hills,Week2,251.0 Rolling Hills - 149.0 Hollin Hills
Hollin Meadows,Week5,Hiddenbrook,Week5,243.0 Hollin Meadows - 159.0 Hiddenbrook
Hollin Meadows,Week1,High Point Pool,Week2,217.0 High Point Pool - 185.0 Hollin Meadows
Hollin Meadows,Week5,Fairfax Club Estates,Week2,294.0 Hollin Meadows - 107.0 Fairfax Club Estates
Hollin Meadows,Week3,Fairfax Club Estates,Week3,261.0 Hollin Meadows - 140.0 Fairfax Club Estates
Hollin Meadows,Week5,Pinecrest,Week1,232.0 Pinecrest - 170.0 Hollin Meadows
Hollin Meadows,Week2,Pinewood Lake,Week1,359.0 Hollin Meadows - 37.0 Pinewood Lake
Hollin Meadows,Week4,Pinecrest,Week3,287.0 Pinecrest - 115.0 Hollin Meadows
Hollin Hills,Week4,Villa Aquatic,Week4,307.0 Villa Aquatic - 95.0 Hollin Hills
Hollin Meadows,Week1,Fairfax Station,Week5,269.0 Fairfax Station - 133.0 Hollin Meadows
Hollin Meadows,Week3,Pinewood Lake,Week3,364.0 Hollin Meadows - 36.0 Pinewood Lake
Hollin Meadows,Week5,Lake Braddock,Week2,318.0 Hollin Meadows - 84.0 Lake Braddock
Hollin Meadows,Week1,Virginia Hills,Week2,352.0 Hollin Meadows - 49.0 Virginia Hills
Hollin Meadows,Week5,Kings Ridge ,Week3,295.0 Hollin Meadows - 107.0 Kings Ridge
Hollin Meadows,Week3,Fairfax Club Estates,Week5,236.0 Hollin Meadows - 165.0 Fairfax Club Estates
Hollin Hills,Week5,Village West,Week1,228.0 Village West - 173.0 Hollin Hills
Hollin Meadows,Week4,Village West,Week5,271.0 Hollin Meadows - 131.0 Village West
Hollin Meadows,Week4,Lake Braddock,Week2,310.0 Hollin Meadows - 92.0 Lake Braddock
Hollin Hills,Week1,Village West,Week3,262.0 Village West - 139.0 Hollin Hills
Hollin Meadows,Week4,Fairfax Club Estates,Week3,262.5 Hollin Meadows - 139.5 Fairfax Club Estates
Hollin Meadows,Week4,Pinewood Lake,Week3,370.0 Hollin Meadows - 31.0 Pinewood Lake
Hollin Meadows,Week5,Lake Braddock,Week1,338.0 Hollin Meadows - 64.0 Lake Braddock
Hollin Meadows,Week3,Pinewood Lake,Week5,360.0 Hollin Meadows - 41.0 Pinewood Lake
Hollin Meadows,Week4,Virginia Hills,Week1,346.0 Hollin Meadows - 56.0 Virginia Hills
Hollin Meadows,Week3,Virginia Hills,Week1,347.0 Hollin Meadows - 55.0 Virginia Hills
Hollin Meadows,Week3,Fairfax Station,Week4,238.0 Fairfax Station - 164.0 Hollin Meadows
Hollin Meadows,Week2,High Point Pool,Week3,247.0 High Point Pool - 155.0 Hollin Meadows
Hollin Hills,Week5,Villa Aquatic,Week2,298.0 Villa Aquatic - 103.0 Hollin Hills
Hollin Meadows,Week2,Virginia Hills,Week3,356.0 Hollin Meadows - 46.0 Virginia Hills
Hollin Hills,Week2,Village West,Week5,262.0 Village West - 138.0 Hollin Hills
Hollin Meadows,Week2,Fairfax Station,Week2,272.0 Fairfax Station - 130.0 Hollin Meadows
Hollin Meadows,Week3,Fairfax Club Estates,Week4,239.0 Hollin Meadows - 163.0 Fairfax Club Estates
Hollin Meadows,Week4,Village West,Week3,260.5 Hollin Meadows - 141.5 Village West
Hollin Hills,Week3,Village West,Week2,245.0 Village West - 157.0 Hollin Hills
Hollin Meadows,Week5,Pinewood Lake,Week1,366.0 Hollin Meadows - 33.0 Pinewood Lake
Hollin Meadows,Week4,Fairfax Club Estates,Week4,236.0 Hollin Meadows - 166.0 Fairfax Club Estates
Hollin Meadows,Week4,Virginia Hills,Week4,355.5 Hollin Meadows - 46.5 Virginia Hills
Hollin Meadows,Week1,High Point Pool,Week5,229.0 High Point Pool - 173.0 Hollin Meadows
Hollin Hills,Week4,Village West,Week2,255.0 Village West - 145.0 Hollin Hills
Hollin Meadows,Week4,Lake Braddock,Week5,304.0 Hollin Meadows - 98.0 Lake Braddock
Hollin Meadows,Week3,Lake Braddock,Week3,307.0 Hollin Meadows - 94.0 Lake Braddock
Hollin Meadows,Week3,Pinewood Lake,Week2,362.0 Hollin Meadows - 38.0 Pinewood Lake
Hollin Meadows,Week4,High Point Pool,Week3,226.0 High Point Pool - 176.0 Hollin Meadows
Hollin Meadows,Week1,High Point Pool,Week4,218.0 High Point Pool - 184.0 Hollin Meadows
Hollin Meadows,Week2,Lake Braddock,Week5,279.0 Hollin Meadows - 123.0 Lake Braddock
Hollin Meadows,Week2,Fairfax Station,Week1,264.0 Fairfax Station - 138.0 Hollin Meadows
Hollin Meadows,Week5,High Point Pool,Week1,205.0 Hollin Meadows - 197.0 High Point Pool
Hollin Hills,Week2,Village West,Week3,267.0 Village West - 132.0 Hollin Hills
Hollin Meadows,Week4,Pinewood Lake,Week4,368.0 Hollin Meadows - 33.0 Pinewood Lake
Hollin Meadows,Week1,Fairfax Station,Week4,244.0 Fairfax Station - 158.0 Hollin Meadows
Hollin Meadows,Week1,High Point Pool,Week3,217.0 High Point Pool - 185.0 Hollin Meadows
Hollin Meadows,Week2,Pinewood Lake,Week5,353.0 Hollin Meadows - 49.0 Pinewood Lake
Hollin Meadows,Week5,Pinewood Lake,Week2,366.0 Hollin Meadows - 35.0 Pinewood Lake
Hollin Meadows,Week4,Lake Braddock,Week4,313.0 Hollin Meadows - 89.0 Lake Braddock
Hollin Meadows,Week5,Village West,Week3,259.0 Hollin Meadows - 143.0 Village West
Hollin Meadows,Week5,Highland Park,Week4,214.0 Hollin Meadows - 188.0 Highland Park
Hollin Hills,Week3,Village West,Week3,253.0 Village West - 149.0 Hollin Hills
Hollin Hills,Week3,Virginia Hills,Week1,239.0 Hollin Hills - 163.0 Virginia Hills
Hollin Meadows,Week2,Highland Park,Week3,204.0 Highland Park - 198.0 Hollin Meadows
Hollin Meadows,Week5,Pleasant Valley,Week1,333.0 Hollin Meadows - 69.0 Pleasant Valley
Hollin Hills,Week4,Village West,Week5,251.0 Village West - 150.0 Hollin Hills
Hollin Meadows,Week5,Pinewood Lake,Week3,375.0 Hollin Meadows - 25.0 Pinewood Lake
Hollin Hills,Week5,Village West,Week2,226.0 Village West - 175.0 Hollin Hills
Hollin Meadows,Week3,Highland Park,Week5,202.0 Highland Park - 200.0 Hollin Meadows
Hollin Meadows,Week1,Highlands Swim,Week4,283.0 Highlands Swim - 119.0 Hollin Meadows
Hollin Meadows,Week1,Lakevale Estates,Week1,257.0 Lakevale Estates - 145.0 Hollin Meadows
Hollin Meadows,Week5,Lake Braddock,Week4,336.0 Hollin Meadows - 66.0 Lake Braddock
Hollin Meadows,Week3,Virginia Run,Week3,216.0 Virginia Run - 186.0 Hollin Meadows
Hollin Meadows,Week1,Lakevale Estates,Week3,260.0 Lakevale Estates - 142.0 Hollin Meadows
Hollin Meadows,Week2,Fairfax Station,Week5,286.5 Fairfax Station - 115.5 Hollin Meadows
Hollin Meadows,Week2,Virginia Run,Week1,259.0 Virginia Run - 143.0 Hollin Meadows
Hollin Meadows,Week1,Virginia Run,Week2,216.0 Virginia Run - 186.0 Hollin Meadows
Hollin Meadows,Week4,Virginia Run,Week3,228.0 Virginia Run - 174.0 Hollin Meadows
Hollin Meadows,Week5,Burke Station,Week3,263.0 Hollin Meadows - 134.0 Burke Station
Hollin Meadows,Week1,Pleasant Valley,Week1,329.0 Hollin Meadows - 72.0 Pleasant Valley
Hollin Meadows,Week1,Camelot,Week3,230.0 Hollin Meadows - 172.0 Camelot
Hollin Meadows,Week3,Fairfax Station,Week3,268.0 Fairfax Station - 134.0 Hollin Meadows
Hollin Meadows,Week1,Highland Park,Week2,205.0 Hollin Meadows - 197.0 Highland Park
Hollin Meadows,Week3,Pleasant Valley,Week2,321.0 Hollin Meadows - 79.0 Pleasant Valley
Hollin Hills,Week2,Virginia Hills,Week3,220.0 Hollin Hills - 180.0 Virginia Hills
Hollin Meadows,Week5,Virginia Run,Week2,206.0 Virginia Run - 196.0 Hollin Meadows
Hollin Meadows,Week3,Pleasant Valley,Week4,321.0 Hollin Meadows - 76.0 Pleasant Valley
Hollin Meadows,Week2,Pleasant Valley,Week1,314.0 Hollin Meadows - 88.0 Pleasant Valley
Hollin Meadows,Week3,Camelot,Week4,227.0 Hollin Meadows - 175.0 Camelot
Hollin Meadows,Week5,Burke Station,Week5,271.0 Hollin Meadows - 131.0 Burke Station
Hollin Meadows,Week1,Lakevale Estates,Week4,275.0 Lakevale Estates - 127.0 Hollin Meadows
Hollin Hills,Week4,Virginia Hills,Week1,238.0 Hollin Hills - 158.0 Virginia Hills
Hollin Meadows,Week3,Burke Station,Week2,297.0 Hollin Meadows - 103.0 Burke Station
Hollin Meadows,Week2,Highland Park,Week4,211.0 Highland Park - 191.0 Hollin Meadows
Hollin Meadows,Week3,Virginia Run,Week2,217.0 Virginia Run - 185.0 Hollin Meadows
Hollin Hills,Week2,Virginia Hills,Week2,221.0 Hollin Hills - 166.0 Virginia Hills
Hollin Meadows,Week3,Highland Park,Week1,218.0 Highland Park - 184.0 Hollin Meadows
Hollin Meadows,Week1,Highland Park,Week5,221.0 Hollin Meadows - 181.0 Highland Park
Hollin Meadows,Week1,Highland Park,Week1,213.0 Highland Park - 189.0 Hollin Meadows
Hollin Meadows,Week4,Highland Park,Week1,229.0 Highland Park - 173.0 Hollin Meadows
Hollin Meadows,Week2,Burke Station,Week5,237.0 Hollin Meadows - 165.0 Burke Station
Hollin Meadows,Week1,Pleasant Valley,Week3,299.0 Hollin Meadows - 102.0 Pleasant Valley
Hollin Meadows,Week5,Virginia Hills,Week3,367.0 Hollin Meadows - 35.0 Virginia Hills
Hollin Hills,Week1,Virginia Hills,Week4,211.0 Hollin Hills - 190.0 Virginia Hills
Hollin Meadows,Week3,Lakevale Estates,Week1,260.0 Lakevale Estates - 142.0 Hollin Meadows
Hollin Hills,Week1,Virginia Run,Week1,325.0 Virginia Run - 77.0 Hollin Hills
Hollin Hills,Week2,Virginia Hills,Week5,203.0 Virginia Hills - 196.0 Hollin Hills
Hollin Meadows,Week4,Burke Station,Week2,299.0 Hollin Meadows - 103.0 Burke Station
Hollin Meadows,Week4,Pleasant Valley,Week1,318.0 Hollin Meadows - 84.0 Pleasant Valley
Hollin Meadows,Week1,Lakevale Estates,Week5,263.0 Lakevale Estates - 139.0 Hollin Meadows
Hollin Meadows,Week2,Pleasant Valley,Week3,298.0 Hollin Meadows - 104.0 Pleasant Valley
Hollin Meadows,Week1,Wakefield Chapel,Week1,278.0 Wakefield Chapel - 124.0 Hollin Meadows
Hollin Meadows,Week2,Lakeview,Week3,284.0 Hollin Meadows - 118.0 Lakeview
Hollin Meadows,Week1,Lakeview,Week5,286.0 Hollin Meadows - 107.0 Lakeview
Hollin Meadows,Week4,Virginia Run,Week4,232.0 Virginia Run - 170.0 Hollin Meadows
Hollin Meadows,Week1,Highlands Swim,Week2,290.0 Highlands Swim - 112.0 Hollin Meadows
Hollin Meadows,Week4,Highland Park,Week2,205.0 Highland Park - 197.0 Hollin Meadows
Hollin Meadows,Week4,Virginia Run,Week1,248.0 Virginia Run - 154.0 Hollin Meadows
Hollin Meadows,Week5,Lakevale Estates,Week2,257.0 Lakevale Estates - 145.0 Hollin Meadows
Hollin Meadows,Week5,Burke Station,Week2,294.0 Hollin Meadows - 108.0 Burke Station
Hollin Hills,Week4,Virginia Hills,Week3,230.0 Hollin Hills - 169.0 Virginia Hills
Hollin Hills,Week3,Virginia Run,Week4,332.0 Virginia Run - 70.0 Hollin Hills
Hollin Meadows,Week2,Pleasant Valley,Week2,316.0 Hollin Meadows - 86.0 Pleasant Valley
Hollin Meadows,Week4,Lakevale Estates,Week3,277.0 Lakevale Estates - 125.0 Hollin Meadows
Hollin Meadows,Week3,Burke Station,Week5,260.0 Hollin Meadows - 142.0 Burke Station
Hollin Hills,Week5,Virginia Hills,Week1,233.0 Hollin Hills - 167.0 Virginia Hills
Hollin Meadows,Week2,Lakevale Estates,Week3,261.0 Lakevale Estates - 141.0 Hollin Meadows
Hollin Meadows,Week4,Virginia Run,Week2,221.0 Virginia Run - 181.0 Hollin Meadows
Hollin Meadows,Week1,Poplar Heights,Week1,218.0 Hollin Meadows - 184.0 Poplar Heights
Hollin Meadows,Week1,Wakefield Chapel,Week5,281.0 Wakefield Chapel - 121.0 Hollin Meadows
Hollin Hills,Week1,Virginia Hills,Week1,222.0 Hollin Hills - 178.0 Virginia Hills
Hollin Meadows,Week1,Highland Park,Week4,202.0 Hollin Meadows - 200.0 Highland Park
Hollin Meadows,Week1,Highlands Swim,Week3,287.0 Highlands Swim - 115.0 Hollin Meadows
Hollin Meadows,Week2,Camelot,Week3,223.0 Hollin Meadows - 179.0 Camelot
Hollin Meadows,Week5,Pinewood Lake,Week5,363.0 Hollin Meadows - 38.0 Pinewood Lake
Hollin Meadows,Week1,Wakefield Chapel,Week4,264.0 Wakefield Chapel - 138.0 Hollin Meadows
Hollin Meadows,Week3,Virginia Run,Week5,247.5 Virginia Run - 154.5 Hollin Meadows
Hollin Meadows,Week5,Pleasant Valley,Week2,320.0 Hollin Meadows - 81.0 Pleasant Valley
Hollin Meadows,Week5,Pleasant Valley,Week5,322.0 Hollin Meadows - 80.0 Pleasant Valley
Hollin Meadows,Week4,Burke Station,Week4,286.0 Hollin Meadows - 116.0 Burke Station
Hollin Meadows,Week5,Lakevale Estates,Week4,278.0 Lakevale Estates - 124.0 Hollin Meadows
Hollin Hills,Week3,Virginia Hills,Week3,241.0 Hollin Hills - 161.0 Virginia Hills
Hollin Meadows,Week3,Highland Park,Week3,206.0 Hollin Meadows - 196.0 Highland Park
Hollin Meadows,Week2,Lakevale Estates,Week2,267.0 Lakevale Estates - 135.0 Hollin Meadows
Hollin Meadows,Week5,Virginia Run,Week4,210.0 Virginia Run - 192.0 Hollin Meadows
Hollin Meadows,Week5,Pleasant Valley,Week4,325.0 Hollin Meadows - 76.0 Pleasant Valley
Hollin Hills,Week1,Virginia Hills,Week5,203.0 Hollin Hills - 197.0 Virginia Hills
Hollin Meadows,Week1,Lakeview,Week3,294.0 Hollin Meadows - 108.0 Lakeview
Hollin Meadows,Week2,Pleasant Valley,Week5,304.0 Hollin Meadows - 97.0 Pleasant Valley
Hollin Hills,Week3,Virginia Run,Week2,314.0 Virginia Run - 88.0 Hollin Hills
Hollin Meadows,Week3,Highland Park,Week4,207.0 Highland Park - 195.0 Hollin Meadows
Hollin Meadows,Week3,Camelot,Week1,227.0 Hollin Meadows - 175.0 Camelot
Hollin Meadows,Week5,Highland Park,Week5,205.0 Hollin Meadows - 197.0 Highland Park
Hollin Meadows,Week2,Highland Park,Week5,206.0 Highland Park - 196.0 Hollin Meadows
Hollin Meadows,Week3,Burke Station,Week1,237.0 Hollin Meadows - 141.0 Burke Station
Hollin Meadows,Week1,Camelot,Week5,223.0 Hollin Meadows - 179.0 Camelot
Hollin Meadows,Week3,Lakevale Estates,Week2,261.0 Lakevale Estates - 141.0 Hollin Meadows
Hollin Meadows,Week3,Pleasant Valley,Week5,294.0 Hollin Meadows - 104.0 Pleasant Valley
Hollin Meadows,Week4,Lakevale Estates,Week5,278.0 Lakevale Estates - 124.0 Hollin Meadows
Hollin Meadows,Week4,Burke Station,Week1,235.0 Hollin Meadows - 144.0 Burke Station
Hollin Meadows,Week1,Virginia Run,Week1,224.0 Virginia Run - 178.0 Hollin Meadows
Hollin Meadows,Week1,Wakefield Chapel,Week2,274.0 Wakefield Chapel - 128.0 Hollin Meadows
Hollin Meadows,Week1,Virginia Run,Week3,205.0 Virginia Run - 197.0 Hollin Meadows
Hollin Hills,Week1,Virginia Hills,Week2,223.0 Hollin Hills - 173.0 Virginia Hills
Hollin Meadows,Week5,Lakevale Estates,Week1,251.0 Lakevale Estates - 151.0 Hollin Meadows
Hollin Meadows,Week1,Poplar Heights,Week2,219.0 Poplar Heights - 183.0 Hollin Meadows
Hollin Meadows,Week5,Virginia Hills,Week2,359.0 Hollin Meadows - 43.0 Virginia Hills
Holmes Run Acres,Week3,Cardinal Hill,Week3,227.0 Cardinal Hill - 175.0 Holmes Run Acres
Hollin Meadows,Week4,Highland Park,Week3,203.0 Hollin Meadows - 199.0 Highland Park
Hollin Hills,Week3,Virginia Hills,Week4,239.0 Hollin Hills - 163.0 Virginia Hills
Hollin Meadows,Week3,Burke Station,Week4,284.0 Hollin Meadows - 117.0 Burke Station
Hollin Meadows,Week1,Camelot,Week4,228.0 Hollin Meadows - 174.0 Camelot
Hollin Meadows,Week2,Highland Park,Week2,202.0 Highland Park - 200.0 Hollin Meadows
Hollin Meadows,Week3,Highland Park,Week2,205.0 Highland Park - 197.0 Hollin Meadows
Hollin Meadows,Week1,Pleasant Valley,Week5,304.0 Hollin Meadows - 97.0 Pleasant Valley
Holmes Run Acres,Week2,Cardinal Hill,Week4,236.5 Cardinal Hill - 165.5 Holmes Run Acres
Hollin Meadows,Week5,Burke Station,Week4,294.0 Hollin Meadows - 107.0 Burke Station
Hollin Meadows,Week5,Lakevale Estates,Week5,271.5 Lakevale Estates - 130.5 Hollin Meadows
Holmes Run Acres,Week1,Cardinal Hill,Week2,237.0 Cardinal Hill - 165.0 Holmes Run Acres
Hollin Meadows,Week1,Poplar Heights,Week3,214.0 Poplar Heights - 188.0 Hollin Meadows
Hollin Meadows,Week1,Virginia Run,Week4,216.0 Virginia Run - 186.0 Hollin Meadows
Hollin Meadows,Week5,Lakevale Estates,Week3,264.0 Lakevale Estates - 138.0 Hollin Meadows
Hollin Hills,Week2,Virginia Run,Week1,324.0 Virginia Run - 78.0 Hollin Hills
Hollin Hills,Week4,Virginia Hills,Week2,236.0 Hollin Hills - 155.0 Virginia Hills
Hollin Hills,Week4,Virginia Hills,Week4,223.0 Hollin Hills - 176.0 Virginia Hills
Holmes Run Acres,Week4,Canterbury Woods,Week3,229.0 Holmes Run Acres - 173.0 Canterbury Woods
Hollin Meadows,Week5,Highland Park,Week1,207.0 Highland Park - 195.0 Hollin Meadows
Hollin Meadows,Week3,Lakevale Estates,Week3,277.0 Lakevale Estates - 125.0 Hollin Meadows
Hollin Meadows,Week4,Lakevale Estates,Week1,260.0 Lakevale Estates - 142.0 Hollin Meadows
Hollin Meadows,Week2,Virginia Run,Week2,231.0 Virginia Run - 171.0 Hollin Meadows
Hollin Meadows,Week1,Pleasant Valley,Week4,323.0 Hollin Meadows - 78.0 Pleasant Valley
Hollin Meadows,Week2,Camelot,Week4,227.0 Hollin Meadows - 175.0 Camelot
Hollin Meadows,Week5,Burke Station,Week1,256.0 Hollin Meadows - 123.0 Burke Station
Hollin Meadows,Week5,Highland Park,Week3,215.0 Hollin Meadows - 187.0 Highland Park
Holmes Run Acres,Week3,Canterbury Woods,Week1,281.0 Holmes Run Acres - 121.0 Canterbury Woods
Hollin Hills,Week1,Virginia Run,Week4,330.0 Virginia Run - 72.0 Hollin Hills
Hollin Meadows,Week2,Lakevale Estates,Week5,281.0 Lakevale Estates - 121.0 Hollin Meadows
Hollin Meadows,Week3,Pleasant Valley,Week1,329.0 Hollin Meadows - 71.0 Pleasant Valley
Holmes Run Acres,Week5,Canterbury Woods,Week3,274.0 Holmes Run Acres - 128.0 Canterbury Woods
Hollin Meadows,Week2,Virginia Run,Week3,222.0 Virginia Run - 180.0 Hollin Meadows
Hollin Meadows,Week1,Lakeview,Week1,315.0 Hollin Meadows - 87.0 Lakeview
Hollin Meadows,Week4,Pleasant Valley,Week2,316.0 Hollin Meadows - 86.0 Pleasant Valley
Hollin Hills,Week2,Hollin Hills,Week2,183.5 Hollin Hills (HH1) - 183.5 Hollin Hills (HH2)
Hollin Meadows,Week4,Highland Park,Week5,211.0 Highland Park - 191.0 Hollin Meadows
Holmes Run Acres,Week4,Canterbury Woods,Week1,239.0 Holmes Run Acres - 163.0 Canterbury Woods
Hollin Meadows,Week4,Lakevale Estates,Week4,297.0 Lakevale Estates - 105.0 Hollin Meadows
Hollin Meadows,Week2,Virginia Run,Week4,242.0 Virginia Run - 160.0 Hollin Meadows
Hollin Hills,Week1,Hollin Hills,Week2,214.0 Hollin Hills (HH2) - 170.0 Hollin Hills (HH1)
Hollin Hills,Week3,Virginia Run,Week1,324.0 Virginia Run - 78.0 Hollin Hills
Hollin Meadows,Week5,Virginia Hills,Week5,351.0 Hollin Meadows - 51.0 Virginia Hills
Hollin Hills,Week5,Virginia Hills,Week3,227.0 Hollin Hills - 174.0 Virginia Hills
Hollin Meadows,Week3,Burke Station,Week3,262.0 Hollin Meadows - 135.0 Burke Station
Hollin Meadows,Week5,Highland Park,Week2,227.0 Hollin Meadows - 175.0 Highland Park
Hollin Meadows,Week2,Pleasant Valley,Week4,319.0 Hollin Meadows - 82.0 Pleasant Valley
Hollin Meadows,Week1,Camelot,Week2,218.0 Hollin Meadows - 184.0 Camelot
Hollin Hills,Week2,Virginia Hills,Week4,211.0 Hollin Hills - 190.0 Virginia Hills
Hollin Meadows,Week4,Virginia Run,Week5,259.0 Virginia Run - 143.0 Hollin Meadows
Hollin Meadows,Week2,Highlands Swim,Week1,291.0 Highlands Swim - 111.0 Hollin Meadows
Hollin Meadows,Week1,Camelot,Week1,238.0 Hollin Meadows - 164.0 Camelot
Hollin Meadows,Week2,Virginia Run,Week5,253.0 Virginia Run - 149.0 Hollin Meadows
Hollin Meadows,Week2,Camelot,Week2,214.0 Hollin Meadows - 188.0 Camelot
Hollin Meadows,Week1,Pleasant Valley,Week2,325.0 Hollin Meadows - 75.0 Pleasant Valley
Hollin Hills,Week5,Highlands Swim,Week5,358.0 Highlands Swim - 44.0 Hollin Hills
Hollin Meadows,Week5,Virginia Hills,Week4,370.0 Hollin Meadows - 32.0 Virginia Hills
Hollin Meadows,Week4,Highland Park,Week4,220.0 Highland Park - 182.0 Hollin Meadows
Hollin Hills,Week1,Hollin Hills,Week3,220.0 Hollin Hills (HH2) - 174.0 Hollin Hills (HH1)
Hollin Hills,Week3,Virginia Hills,Week5,206.0 Hollin Hills - 196.0 Virginia Hills
Hollin Meadows,Week3,Camelot,Week2,220.0 Hollin Meadows - 182.0 Camelot
Hollin Meadows,Week3,Virginia Run,Week1,241.0 Virginia Run - 161.0 Hollin Meadows
Holmes Run Acres,Week4,Canterbury Woods,Week5,231.0 Holmes Run Acres - 170.0 Canterbury Woods
Hollin Meadows,Week2,Lakevale Estates,Week4,290.0 Lakevale Estates - 112.0 Hollin Meadows
Hollin Meadows,Week1,Virginia Run,Week5,238.0 Virginia Run - 164.0 Hollin Meadows
Hollin Meadows,Week2,Camelot,Week5,218.0 Hollin Meadows - 184.0 Camelot
Hollin Meadows,Week3,Virginia Run,Week4,222.0 Virginia Run - 180.0 Hollin Meadows
Holmes Run Acres,Week5,Canterbury Woods,Week4,262.0 Holmes Run Acres - 140.0 Canterbury Woods
Hollin Meadows,Week2,Highland Park,Week1,225.0 Highland Park - 177.0 Hollin Meadows
Hollin Meadows,Week4,Pleasant Valley,Week4,316.0 Hollin Meadows - 86.0 Pleasant Valley
Hollin Hills,Week2,Virginia Hills,Week1,228.0 Hollin Hills - 172.0 Virginia Hills
Hollin Meadows,Week1,Highlands Swim,Week5,297.0 Highlands Swim - 105.0 Hollin Meadows
Hollin Meadows,Week2,Lakeview,Week2,308.0 Hollin Meadows - 94.0 Lakeview
Hollin Meadows,Week5,Pleasant Valley,Week3,309.0 Hollin Meadows - 93.0 Pleasant Valley
Hollin Meadows,Week2,Lakevale Estates,Week1,263.0 Lakevale Estates - 139.0 Hollin Meadows
Hollin Meadows,Week4,Burke Station,Week5,262.0 Hollin Meadows - 140.0 Burke Station
Hollin Meadows,Week4,Burke Station,Week3,271.0 Hollin Meadows - 126.0 Burke Station
Hollin Hills,Week2,Highlands Swim,Week5,363.0 Highlands Swim - 39.0 Hollin Hills
Hollin Hills,Week5,Highlands Swim,Week2,360.5 Highlands Swim - 41.5 Hollin Hills
Hollin Meadows,Week1,Highlands Swim,Week1,280.0 Highlands Swim - 122.0 Hollin Meadows
Hollin Hills,Week1,Virginia Hills,Week3,219.0 Hollin Hills - 182.0 Virginia Hills
Hollin Hills,Week1,Hollin Hills,Week5,214.0 Hollin Hills (HH2) - 172.0 Hollin Hills (HH1)
Hollin Meadows,Week2,Highlands Swim,Week2,295.0 Highlands Swim - 107.0 Hollin Meadows
Holmes Run Acres,Week3,Canterbury Woods,Week5,255.0 Holmes Run Acres - 146.0 Canterbury Woods
Hollin Meadows,Week4,Pleasant Valley,Week5,311.0 Hollin Meadows - 91.0 Pleasant Valley
Holmes Run Acres,Week4,Canterbury Woods,Week4,236.0 Holmes Run Acres - 166.0 Canterbury Woods
Hollin Hills,Week3,Virginia Hills,Week2,245.0 Hollin Hills - 155.0 Virginia Hills
Hollin Meadows,Week1,Lakeview,Week4,282.0 Hollin Meadows - 120.0 Lakeview
Hollin Hills,Week3,Highlands Swim,Week4,366.0 Highlands Swim - 36.0 Hollin Hills
Hollin Meadows,Week4,Pleasant Valley,Week3,299.0 Hollin Meadows - 103.0 Pleasant Valley
Hollin Meadows,Week3,Pleasant Valley,Week3,303.0 Hollin Meadows - 98.0 Pleasant Valley
Hollin Meadows,Week4,Lakevale Estates,Week2,259.0 Lakevale Estates - 143.0 Hollin Meadows
Holmes Run Acres,Week1,Cardinal Hill,Week1,258.0 Cardinal Hill - 144.0 Holmes Run Acres
Hollin Hills,Week5,Virginia Hills,Week2,240.0 Hollin Hills - 156.0 Virginia Hills
Holmes Run Acres,Week1,Cardinal Hill,Week3,268.0 Cardinal Hill - 134.0 Holmes Run Acres
Hollin Meadows,Week1,Lakeview,Week2,318.0 Hollin Meadows - 84.0 Lakeview
Hollin Meadows,Week2,Camelot,Week1,220.0 Hollin Meadows - 182.0 Camelot
Holmes Run Acres,Week5,Canterbury Woods,Week2,284.0 Holmes Run Acres - 118.0 Canterbury Woods
Holmes Run Acres,Week2,Cardinal Hill,Week3,281.0 Cardinal Hill - 121.0 Holmes Run Acres
Hollin Meadows,Week3,Poplar Heights,Week5,219.0 Poplar Heights - 183.0 Hollin Meadows
Hollin Hills,Week1,Fox Mill Estates,Week4,298.0 Fox Mill Estates - 104.0 Hollin Hills
Hollin Meadows,Week2,Highlands Swim,Week3,301.0 Highlands Swim - 101.0 Hollin Meadows
Hollin Hills,Week3,Fox Mill Estates,Week4,297.0 Fox Mill Estates - 105.0 Hollin Hills
Hollin Meadows,Week3,Lakevale Estates,Week4,283.0 Lakevale Estates - 119.0 Hollin Meadows
Hollin Hills,Week4,Highlands Swim,Week1,367.0 Highlands Swim - 35.0 Hollin Hills
Hollin Meadows,Week2,Highlands Swim,Week5,300.0 Highlands Swim - 102.0 Hollin Meadows
Holmes Run Acres,Week1,Cardinal Hill,Week4,243.0 Cardinal Hill - 159.0 Holmes Run Acres
Hollin Hills,Week3,Highlands Swim,Week2,366.0 Highlands Swim - 36.0 Hollin Hills
Hollin Meadows,Week3,Lakevale Estates,Week5,282.0 Lakevale Estates - 120.0 Hollin Meadows
Hollin Hills,Week1,Virginia Run,Week3,320.0 Virginia Run - 81.0 Hollin Hills
Hollin Meadows,Week5,Virginia Run,Week3,214.0 Virginia Run - 188.0 Hollin Meadows
Hollin Meadows,Week5,Virginia Run,Week1,239.0 Virginia Run - 163.0 Hollin Meadows
Hollin Hills,Week4,Virginia Hills,Week5,211.0 Hollin Hills - 190.0 Virginia Hills
Hollin Meadows,Week3,Camelot,Week3,233.0 Hollin Meadows - 168.0 Camelot
Hollin Meadows,Week4,Poplar Heights,Week5,220.0 Poplar Heights - 182.0 Hollin Meadows
Hollin Meadows,Week2,Highlands Swim,Week4,296.0 Highlands Swim - 106.0 Hollin Meadows
Hollin Meadows,Week2,Canterbury Woods,Week1,221.0 Hollin Meadows - 181.0 Canterbury Woods
Hollin Meadows,Week1,Poplar Heights,Week4,219.0 Poplar Heights - 183.0 Hollin Meadows
Hollin Meadows,Week2,Poplar Tree,Week2,219.5 Poplar Tree - 182.5 Hollin Meadows
Hollin Meadows,Week5,Virginia Run,Week5,227.0 Virginia Run - 175.0 Hollin Meadows
Holmes Run Acres,Week5,Canterbury Woods,Week1,284.0 Holmes Run Acres - 118.0 Canterbury Woods
Hollin Meadows,Week4,Lakeview,Week1,322.0 Hollin Meadows - 80.0 Lakeview
Hollin Hills,Week4,Fox Mill Estates,Week1,262.0 Fox Mill Estates - 140.0 Hollin Hills
Hollin Hills,Week2,Virginia Run,Week2,311.0 Virginia Run - 86.0 Hollin Hills
Hollin Hills,Week3,Highlands Swim,Week5,365.0 Highlands Swim - 37.0 Hollin Hills
Hollin Meadows,Week2,Lakeview,Week1,305.0 Hollin Meadows - 97.0 Lakeview
Hollin Hills,Week5,Virginia Hills,Week5,206.0 Hollin Hills - 195.0 Virginia Hills
Hollin Hills,Week4,Highlands Swim,Week3,359.0 Highlands Swim - 41.0 Hollin Hills
Hollin Meadows,Week2,Poplar Tree,Week4,205.0 Poplar Tree - 197.0 Hollin Meadows
Hollin Hills,Week2,Virginia Run,Week3,324.0 Virginia Run - 77.0 Hollin Hills
Hollin Meadows,Week1,Wakefield Chapel,Week3,277.0 Wakefield Chapel - 125.0 Hollin Meadows
Hollin Meadows,Week4,Wakefield Chapel,Week2,293.0 Wakefield Chapel - 109.0 Hollin Meadows
Hollin Hills,Week3,Fox Mill Estates,Week5,292.0 Fox Mill Estates - 110.0 Hollin Hills
Hollin Meadows,Week4,Highlands Swim,Week3,303.0 Highlands Swim - 99.0 Hollin Meadows
Hollin Meadows,Week5,Wakefield Chapel,Week4,279.0 Wakefield Chapel - 123.0 Hollin Meadows
Holmes Run Acres,Week4,Canterbury Woods,Week2,265.0 Holmes Run Acres - 137.0 Canterbury Woods
Hollin Meadows,Week1,Langley,Week1,250.0 Langley - 152.0 Hollin Meadows
Hollin Meadows,Week4,Lakeview,Week3,293.0 Hollin Meadows - 109.0 Lakeview
Hollin Meadows,Week4,Poplar Heights,Week2,230.0 Poplar Heights - 172.0 Hollin Meadows
Hollin Meadows,Week2,Canterbury Woods,Week3,217.0 Hollin Meadows - 185.0 Canterbury Woods
Hollin Meadows,Week3,Canterbury Woods,Week5,239.0 Hollin Meadows - 162.0 Canterbury Woods
Hollin Hills,Week3,Highlands Swim,Week3,353.0 Highlands Swim - 49.0 Hollin Hills
Hollin Hills,Week5,Virginia Hills,Week4,218.0 Hollin Hills - 181.0 Virginia Hills
Hollin Meadows,Week4,Highlands Swim,Week1,296.0 Highlands Swim - 106.0 Hollin Meadows
Hollin Hills,Week4,Highlands Swim,Week2,367.0 Highlands Swim - 35.0 Hollin Hills
Holmes Run Acres,Week2,Cardinal Hill,Week1,255.0 Cardinal Hill - 147.0 Holmes Run Acres
Hollin Meadows,Week3,Camelot,Week5,224.0 Hollin Meadows - 177.0 Camelot
Hollin Meadows,Week5,Highlands Swim,Week2,292.0 Highlands Swim - 110.0 Hollin Meadows
Hollin Hills,Week1,Virginia Run,Week2,310.0 Virginia Run - 92.0 Hollin Hills
Hollin Hills,Week2,Virginia Run,Week5,335.0 Virginia Run - 67.0 Hollin Hills
Hollin Hills,Week2,Virginia Run,Week4,327.0 Virginia Run - 75.0 Hollin Hills
Hollin Meadows,Week2,Poplar Heights,Week2,250.0 Poplar Heights - 152.0 Hollin Meadows
Hollin Hills,Week5,Highlands Swim,Week1,360.0 Highlands Swim - 42.0 Hollin Hills
Hollin Hills,Week4,Fox Mill Estates,Week2,278.0 Fox Mill Estates - 120.0 Hollin Hills
Hollin Hills,Week3,Highlands Swim,Week1,364.5 Highlands Swim - 37.5 Hollin Hills
Hollin Meadows,Week5,Poplar Heights,Week5,215.0 Poplar Heights - 187.0 Hollin Meadows
Hollin Meadows,Week5,Canterbury Woods,Week1,257.0 Hollin Meadows - 145.0 Canterbury Woods
Hollin Hills,Week1,Virginia Run,Week5,331.0 Virginia Run - 71.0 Hollin Hills
Hollin Meadows,Week3,Langley,Week2,242.0 Langley - 160.0 Hollin Meadows
Hollin Hills,Week3,Virginia Run,Week3,308.0 Virginia Run - 94.0 Hollin Hills
Hollin Meadows,Week4,Langley,Week1,261.0 Langley - 141.0 Hollin Meadows
Hollin Meadows,Week4,Wakefield Chapel,Week1,297.0 Wakefield Chapel - 105.0 Hollin Meadows
Hollin Hills,Week5,Highlands Swim,Week3,350.0 Highlands Swim - 52.0 Hollin Hills
Hollin Meadows,Week3,Canterbury Woods,Week2,258.0 Hollin Meadows - 144.0 Canterbury Woods
Hollin Meadows,Week1,Walden Glen,Week4,234.0 Hollin Meadows - 167.0 Walden Glen
Hollin Meadows,Week5,Highlands Swim,Week5,307.0 Highlands Swim - 95.0 Hollin Meadows
Hollin Meadows,Week3,Hollin Hills,Week1,316.0 Hollin Meadows - 86.0 Hollin Hills
Hollin Meadows,Week4,Highlands Swim,Week4,286.0 Highlands Swim - 116.0 Hollin Meadows
Hollin Hills,Week2,Highlands Swim,Week3,357.0 Highlands Swim - 44.0 Hollin Hills
Hollin Meadows,Week3,Canterbury Woods,Week4,241.0 Hollin Meadows - 161.0 Canterbury Woods
Hollin Meadows,Week3,Poplar Heights,Week4,224.0 Poplar Heights - 178.0 Hollin Meadows
Hollin Meadows,Week2,Wakefield Chapel,Week5,308.0 Wakefield Chapel - 94.0 Hollin Meadows
Hollin Meadows,Week2,Hollin Hills,Week5,299.0 Hollin Meadows - 103.0 Hollin Hills
Holmes Run Acres,Week5,Canterbury Woods,Week5,254.0 Holmes Run Acres - 148.0 Canterbury Woods
Holmes Run Acres,Week3,Cardinal Hill,Week2,208.0 Holmes Run Acres - 194.0 Cardinal Hill
Hollin Meadows,Week1,Hollin Hills,Week4,318.0 Hollin Meadows - 80.0 Hollin Hills
Hollin Meadows,Week4,Canterbury Woods,Week5,240.0 Hollin Meadows - 162.0 Canterbury Woods
Hollin Hills,Week4,Fox Mill Estates,Week3,277.0 Fox Mill Estates - 123.0 Hollin Hills
Hollin Meadows,Week4,Wakefield Chapel,Week3,285.0 Wakefield Chapel - 117.0 Hollin Meadows
Hollin Meadows,Week3,Wakefield Chapel,Week5,303.0 Wakefield Chapel - 99.0 Hollin Meadows
Hollin Hills,Week1,Fox Mill Estates,Week3,289.0 Fox Mill Estates - 113.0 Hollin Hills
Hollin Meadows,Week3,Highlands Swim,Week3,301.0 Highlands Swim - 101.0 Hollin Meadows
Hollin Meadows,Week2,Walden Glen,Week4,223.0 Hollin Meadows - 179.0 Walden Glen
Hollin Meadows,Week1,Poplar Tree,Week3,229.0 Poplar Tree - 173.0 Hollin Meadows
Holmes Run Acres,Week3,Canterbury Woods,Week3,263.0 Holmes Run Acres - 139.0 Canterbury Woods
Hollin Meadows,Week4,Camelot,Week1,234.0 Hollin Meadows - 168.0 Camelot
Holmes Run Acres,Week2,Canterbury Woods,Week5,218.5 Holmes Run Acres - 178.5 Canterbury Woods
Hollin Meadows,Week2,Poplar Heights,Week4,243.0 Poplar Heights - 159.0 Hollin Meadows
Hollin Meadows,Week2,Lakeview,Week5,274.0 Hollin Meadows - 119.0 Lakeview
Hollin Meadows,Week3,Lakeview,Week2,317.0 Hollin Meadows - 85.0 Lakeview
Holmes Run Acres,Week2,Cardinal Hill,Week2,239.0 Cardinal Hill - 163.0 Holmes Run Acres
Holmes Run Acres,Week3,Cardinal Hill,Week1,220.0 Cardinal Hill - 182.0 Holmes Run Acres
Hollin Meadows,Week2,Canterbury Woods,Week2,233.0 Hollin Meadows - 169.0 Canterbury Woods
Hollin Meadows,Week4,Lakeview,Week5,294.0 Hollin Meadows - 99.0 Lakeview
Hollin Hills,Week4,Highlands Swim,Week5,364.0 Highlands Swim - 38.0 Hollin Hills
Hollin Meadows,Week5,Poplar Heights,Week2,226.0 Poplar Heights - 176.0 Hollin Meadows
Hollin Hills,Week2,Fox Mill Estates,Week2,281.0 Fox Mill Estates - 117.0 Hollin Hills
Hollin Meadows,Week3,Poplar Heights,Week1,207.0 Hollin Meadows - 195.0 Poplar Heights
Hollin Meadows,Week2,Hollin Hills,Week4,302.0 Hollin Meadows - 100.0 Hollin Hills
Hollin Hills,Week5,Virginia Run,Week2,307.0 Virginia Run - 95.0 Hollin Hills
Hollin Meadows,Week3,Wakefield Chapel,Week4,285.0 Wakefield Chapel - 117.0 Hollin Meadows
Hollin Hills,Week2,Highlands Swim,Week4,364.0 Highlands Swim - 38.0 Hollin Hills
Hollin Meadows,Week5,Highlands Swim,Week1,297.0 Highlands Swim - 105.0 Hollin Meadows
Hollin Hills,Week4,Virginia Run,Week3,326.0 Virginia Run - 74.0 Hollin Hills
Hollin Meadows,Week1,Walden Glen,Week5,224.0 Hollin Meadows - 177.0 Walden Glen
Hollin Meadows,Week4,Lakeview,Week4,280.0 Hollin Meadows - 122.0 Lakeview
Hollin Hills,Week1,Fox Mill Estates,Week5,291.0 Fox Mill Estates - 111.0 Hollin Hills
Hollin Hills,Week2,Wakefield Chapel,Week1,354.0 Wakefield Chapel - 48.0 Hollin Hills
Hollin Meadows,Week4,Langley,Week3,264.0 Langley - 138.0 Hollin Meadows
Hollin Meadows,Week1,Poplar Tree,Week1,222.0 Poplar Tree - 180.0 Hollin Meadows
Holmes Run Acres,Week3,Canterbury Woods,Week2,281.0 Holmes Run Acres - 121.0 Canterbury Woods
Hollin Hills,Week1,Hollin Hills,Week4,204.0 Hollin Hills (HH2) - 179.0 Hollin Hills (HH1)
Hollin Hills,Week5,Highlands Swim,Week4,360.0 Highlands Swim - 42.0 Hollin Hills
Hollin Meadows,Week1,Canterbury Woods,Week2,244.0 Hollin Meadows - 158.0 Canterbury Woods
Hollin Meadows,Week4,Camelot,Week2,224.0 Hollin Meadows - 178.0 Camelot
Holmes Run Acres,Week3,Canterbury Woods,Week4,251.0 Holmes Run Acres - 151.0 Canterbury Woods
Hollin Meadows,Week3,Lakeview,Week4,272.0 Hollin Meadows - 130.0 Lakeview
Holmes Run Acres,Week1,Cardinal Hill,Week5,243.0 Cardinal Hill - 159.0 Holmes Run Acres
Hollin Meadows,Week2,Langley,Week1,253.0 Langley - 149.0 Hollin Meadows
Hollin Hills,Week2,Hollin Hills,Week1,214.0 Hollin Hills (HH1) - 170.0 Hollin Hills (HH2)
Holmes Run Acres,Week2,Cardinal Hill,Week5,242.0 Cardinal Hill - 160.0 Holmes Run Acres
Hollin Meadows,Week5,Hollin Hills,Week2,323.5 Hollin Meadows - 76.5 Hollin Hills
Holmes Run Acres,Week5,Cardinal Hill,Week5,206.0 Holmes Run Acres - 196.0 Cardinal Hill
Hollin Meadows,Week2,Wakefield Chapel,Week1,300.0 Wakefield Chapel - 102.0 Hollin Meadows
Hollin Hills,Week4,Virginia Run,Week1,332.0 Virginia Run - 70.0 Hollin Hills
Hollin Meadows,Week2,Poplar Heights,Week3,245.5 Poplar Heights - 156.5 Hollin Meadows
Hollin Hills,Week2,Wakefield Chapel,Week4,358.0 Wakefield Chapel - 44.0 Hollin Hills
Hollin Meadows,Week2,Poplar Heights,Week1,233.0 Poplar Heights - 169.0 Hollin Meadows
Hollin Hills,Week1,Hollin Hills,Week1,190.0 Hollin Hills (HH1) - 190.0 Hollin Hills (HH2)
Hollin Meadows,Week5,Hollin Hills,Week5,306.0 Hollin Meadows - 95.0 Hollin Hills
Hollin Hills,Week2,Fox Mill Estates,Week3,288.0 Fox Mill Estates - 113.0 Hollin Hills
Hollin Meadows,Week1,Walden Glen,Week1,284.0 Hollin Meadows - 118.0 Walden Glen
Hollin Meadows,Week3,Wakefield Chapel,Week3,282.0 Wakefield Chapel - 120.0 Hollin Meadows
Hollin Meadows,Week3,Canterbury Woods,Week1,253.0 Hollin Meadows - 149.0 Canterbury Woods
Hollin Hills,Week4,Highlands Swim,Week4,358.5 Highlands Swim - 43.5 Hollin Hills
Hollin Meadows,Week5,Camelot,Week5,230.0 Hollin Meadows - 172.0 Camelot
Hollin Meadows,Week2,Langley,Week3,254.0 Langley - 148.0 Hollin Meadows
Hollin Hills,Week1,Fox Mill Estates,Week1,274.0 Fox Mill Estates - 128.0 Hollin Hills
Holmes Run Acres,Week2,Chesterbrook,Week1,339.0 Chesterbrook - 63.0 Holmes Run Acres
Hollin Hills,Week2,Fox Mill Estates,Week4,308.0 Fox Mill Estates - 93.0 Hollin Hills
Hollin Meadows,Week3,Highlands Swim,Week5,309.0 Highlands Swim - 93.0 Hollin Meadows
Hollin Meadows,Week4,Canterbury Woods,Week4,245.0 Hollin Meadows - 157.0 Canterbury Woods
Hollin Meadows,Week5,Poplar Heights,Week1,209.0 Poplar Heights - 193.0 Hollin Meadows
Hollin Meadows,Week3,Highlands Swim,Week1,303.0 Highlands Swim - 99.0 Hollin Meadows
Hollin Meadows,Week3,Langley,Week1,255.0 Langley - 147.0 Hollin Meadows
Hollin Meadows,Week5,Wakefield Chapel,Week3,270.0 Wakefield Chapel - 132.0 Hollin Meadows
Hollin Hills,Week3,Wakefield Chapel,Week1,364.0 Wakefield Chapel - 38.0 Hollin Hills
Hollin Meadows,Week5,Canterbury Woods,Week3,233.0 Hollin Meadows - 169.0 Canterbury Woods
Hollin Meadows,Week3,Poplar Heights,Week3,219.0 Poplar Heights - 183.0 Hollin Meadows
Hollin Hills,Week2,Highlands Swim,Week2,360.0 Highlands Swim - 42.0 Hollin Hills
Hollin Meadows,Week2,Poplar Tree,Week1,246.0 Poplar Tree - 156.0 Hollin Meadows
Hollin Hills,Week5,Virginia Run,Week4,321.0 Virginia Run - 81.0 Hollin Hills
Hollin Hills,Week2,Wakefield Chapel,Week5,366.0 Wakefield Chapel - 35.0 Hollin Hills
Hollin Meadows,Week3,Hollin Hills,Week3,313.0 Hollin Meadows - 89.0 Hollin Hills
Hollin Meadows,Week3,Wakefield Chapel,Week2,281.0 Wakefield Chapel - 121.0 Hollin Meadows
Holmes Run Acres,Week5,Cardinal Hill,Week2,215.0 Holmes Run Acres - 187.0 Cardinal Hill
Hollin Meadows,Week4,Wakefield Chapel,Week5,299.0 Wakefield Chapel - 103.0 Hollin Meadows
Hollin Meadows,Week5,Poplar Heights,Week4,221.5 Poplar Heights - 180.5 Hollin Meadows
Hollin Meadows,Week5,Camelot,Week3,245.0 Hollin Meadows - 157.0 Camelot
Hollin Meadows,Week1,Canterbury Woods,Week3,227.0 Hollin Meadows - 175.0 Canterbury Woods
Hollin Meadows,Week4,Camelot,Week3,238.0 Hollin Meadows - 164.0 Camelot
Holmes Run Acres,Week1,Chesterbrook,Week2,346.5 Chesterbrook - 55.5 Holmes Run Acres
Holmes Run Acres,Week4,Cardinal Hill,Week1,258.0 Cardinal Hill - 144.0 Holmes Run Acres
Hollin Meadows,Week5,Wakefield Chapel,Week2,277.0 Wakefield Chapel - 125.0 Hollin Meadows
Hollin Meadows,Week1,Langley,Week5,247.0 Langley - 155.0 Hollin Meadows
Hollin Meadows,Week1,Canterbury Woods,Week1,244.0 Hollin Meadows - 158.0 Canterbury Woods
Hollin Hills,Week2,Fox Mill Estates,Week5,297.0 Fox Mill Estates - 105.0 Hollin Hills
Hollin Meadows,Week4,Highlands Swim,Week5,307.5 Highlands Swim - 94.5 Hollin Meadows
Hollin Meadows,Week3,Lakeview,Week5,284.0 Hollin Meadows - 109.0 Lakeview
Hollin Meadows,Week3,Lakeview,Week3,290.0 Hollin Meadows - 112.0 Lakeview
Hollin Meadows,Week5,Hollin Hills,Week4,326.0 Hollin Meadows - 75.0 Hollin Hills
Hollin Hills,Week1,Wakefield Chapel,Week4,357.0 Wakefield Chapel - 45.0 Hollin Hills
Hollin Hills,Week5,Virginia Run,Week5,325.0 Virginia Run - 77.0 Hollin Hills
Hollin Hills,Week3,Wakefield Chapel,Week3,353.0 Wakefield Chapel - 49.0 Hollin Hills
Hollin Meadows,Week2,Lakeview,Week4,269.0 Hollin Meadows - 133.0 Lakeview
Hollin Meadows,Week3,Lakeview,Week1,315.0 Hollin Meadows - 87.0 Lakeview
Hollin Hills,Week2,Fox Mill Estates,Week1,273.0 Fox Mill Estates - 123.0 Hollin Hills
Hollin Hills,Week3,Fox Mill Estates,Week1,251.0 Fox Mill Estates - 151.0 Hollin Hills
Hollin Meadows,Week5,Highlands Swim,Week4,284.0 Highlands Swim - 118.0 Hollin Meadows
Hollin Meadows,Week5,Camelot,Week1,237.0 Hollin Meadows - 165.0 Camelot
Hollin Meadows,Week4,Poplar Heights,Week4,231.0 Poplar Heights - 171.0 Hollin Meadows
Hollin Meadows,Week1,Hollin Meadows,Week3,209.0 Hollin Meadows (HM1) - 193.0 Hollin Meadows (HM2)
Hollin Meadows,Week3,Wakefield Chapel,Week1,288.0 Wakefield Chapel - 114.0 Hollin Meadows
Hollin Meadows,Week3,Langley,Week3,259.0 Langley - 143.0 Hollin Meadows
Hollin Hills,Week5,Virginia Run,Week1,327.0 Virginia Run - 75.0 Hollin Hills
Hollin Meadows,Week3,Hollin Hills,Week4,320.0 Hollin Meadows - 82.0 Hollin Hills
Hollin Meadows,Week4,Poplar Heights,Week1,203.0 Poplar Heights - 199.0 Hollin Meadows
Hollin Meadows,Week4,Wakefield Chapel,Week4,279.0 Wakefield Chapel - 123.0 Hollin Meadows
Hollin Meadows,Week1,Poplar Heights,Week5,203.0 Poplar Heights - 199.0 Hollin Meadows
Holmes Run Acres,Week3,Cardinal Hill,Week4,211.0 Cardinal Hill - 191.0 Holmes Run Acres
Holmes Run Acres,Week2,Chesterbrook,Week4,353.0 Chesterbrook - 49.0 Holmes Run Acres
Holmes Run Acres,Week4,Cardinal Hill,Week5,240.0 Cardinal Hill - 162.0 Holmes Run Acres
Hollin Meadows,Week4,Camelot,Week5,217.0 Hollin Meadows - 185.0 Camelot
Hollin Meadows,Week2,Wakefield Chapel,Week2,296.0 Wakefield Chapel - 106.0 Hollin Meadows
Hollin Hills,Week1,Fox Mill Estates,Week2,291.0 Fox Mill Estates - 110.0 Hollin Hills
Holmes Run Acres,Week1,Chesterbrook,Week3,363.0 Chesterbrook - 39.0 Holmes Run Acres
Hollin Meadows,Week5,Lakeview,Week2,335.0 Hollin Meadows - 67.0 Lakeview
Hollin Meadows,Week5,Lakeview,Week1,328.0 Hollin Meadows - 74.0 Lakeview
Hollin Meadows,Week1,Poplar Tree,Week2,217.0 Poplar Tree - 185.0 Hollin Meadows
Hollin Meadows,Week1,Walden Glen,Week2,249.0 Hollin Meadows - 149.0 Walden Glen
Holmes Run Acres,Week4,Chesterbrook,Week4,348.0 Chesterbrook - 54.0 Holmes Run Acres
Hollin Meadows,Week3,Highlands Swim,Week2,306.0 Highlands Swim - 96.0 Hollin Meadows
Hollin Hills,Week3,Fox Mill Estates,Week3,288.0 Fox Mill Estates - 114.0 Hollin Hills
Hollin Meadows,Week5,Camelot,Week4,239.0 Hollin Meadows - 163.0 Camelot
Hollin Meadows,Week5,Lakeview,Week3,304.0 Hollin Meadows - 98.0 Lakeview
Hollin Meadows,Week3,Poplar Heights,Week2,228.0 Poplar Heights - 174.0 Hollin Meadows
Hollin Meadows,Week1,Hollin Hills,Week1,324.0 Hollin Meadows - 74.0 Hollin Hills
Hollin Meadows,Week5,Camelot,Week2,225.0 Hollin Meadows - 177.0 Camelot
Hollin Meadows,Week5,Wakefield Chapel,Week5,293.0 Wakefield Chapel - 109.0 Hollin Meadows
Hollin Hills,Week1,Wakefield Chapel,Week2,355.0 Wakefield Chapel - 46.0 Hollin Hills
Hollin Hills,Week1,Wakefield Chapel,Week5,364.0 Wakefield Chapel - 37.0 Hollin Hills
Holmes Run Acres,Week1,Chesterbrook,Week5,347.0 Chesterbrook - 55.0 Holmes Run Acres
Hollin Meadows,Week3,Highlands Swim,Week4,298.0 Highlands Swim - 104.0 Hollin Meadows
Hollin Hills,Week3,Fox Mill Estates,Week2,274.0 Fox Mill Estates - 127.0 Hollin Hills
Hollin Meadows,Week4,Poplar Heights,Week3,233.0 Poplar Heights - 169.0 Hollin Meadows
Hollin Hills,Week4,Virginia Run,Week2,312.0 Virginia Run - 90.0 Hollin Hills
Hollin Meadows,Week1,Canterbury Woods,Week4,233.0 Hollin Meadows - 169.0 Canterbury Woods
Holmes Run Acres,Week5,Cardinal Hill,Week4,204.0 Holmes Run Acres - 198.0 Cardinal Hill
Hollin Meadows,Week1,Canterbury Woods,Week5,238.0 Hollin Meadows - 163.0 Canterbury Woods
Hollin Meadows,Week4,Highlands Swim,Week2,306.0 Highlands Swim - 96.0 Hollin Meadows
Hollin Meadows,Week5,Lakeview,Week5,302.0 Hollin Meadows - 91.0 Lakeview
Hollin Meadows,Week5,Lakeview,Week4,289.0 Hollin Meadows - 113.0 Lakeview
Hollin Meadows,Week2,Canterbury Woods,Week4,212.0 Hollin Meadows - 190.0 Canterbury Woods
Holmes Run Acres,Week4,Chesterbrook,Week3,355.0 Chesterbrook - 47.0 Holmes Run Acres
Hollin Meadows,Week1,Poplar Tree,Week5,231.0 Poplar Tree - 171.0 Hollin Meadows
Hollin Meadows,Week2,Poplar Heights,Week5,243.0 Poplar Heights - 159.0 Hollin Meadows
Hollin Meadows,Week2,Poplar Tree,Week3,234.0 Poplar Tree - 168.0 Hollin Meadows
Holmes Run Acres,Week4,Cardinal Hill,Week2,230.0 Cardinal Hill - 172.0 Holmes Run Acres
Hollin Meadows,Week2,Canterbury Woods,Week5,222.0 Hollin Meadows - 180.0 Canterbury Woods
Hollin Meadows,Week2,Wakefield Chapel,Week4,292.0 Wakefield Chapel - 110.0 Hollin Meadows
Hollin Meadows,Week1,Walden Glen,Week3,259.0 Hollin Meadows - 142.0 Walden Glen
Hollin Meadows,Week1,Langley,Week2,224.0 Langley - 178.0 Hollin Meadows
Hollin Meadows,Week4,Camelot,Week4,225.0 Hollin Meadows - 177.0 Camelot
Hollin Meadows,Week4,Lakeview,Week2,322.0 Hollin Meadows - 80.0 Lakeview
Hollin Hills,Week1,Wakefield Chapel,Week1,358.0 Wakefield Chapel - 44.0 Hollin Hills
Hollin Hills,Week2,Wakefield Chapel,Week2,354.0 Wakefield Chapel - 47.0 Hollin Hills
Hollin Meadows,Week1,Poplar Tree,Week4,206.0 Hollin Meadows - 196.0 Poplar Tree
Hollin Meadows,Week2,Hollin Hills,Week1,310.0 Hollin Meadows - 92.0 Hollin Hills
Hollin Meadows,Week1,Hollin Hills,Week2,312.0 Hollin Meadows - 86.0 Hollin Hills
Hollin Meadows,Week1,Hollin Hills,Week5,317.0 Hollin Meadows - 83.0 Hollin Hills
Holmes Run Acres,Week3,Chesterbrook,Week3,339.0 Chesterbrook - 63.0 Holmes Run Acres
Hollin Meadows,Week2,Wakefield Chapel,Week3,298.0 Wakefield Chapel - 104.0 Hollin Meadows
Hollin Meadows,Week2,Walden Glen,Week1,255.0 Hollin Meadows - 147.0 Walden Glen
Hollin Hills,Week4,Virginia Run,Week4,328.0 Virginia Run - 74.0 Hollin Hills
Hollin Hills,Week1,Wakefield Chapel,Week3,356.0 Wakefield Chapel - 46.0 Hollin Hills
Hollin Hills,Week4,Virginia Run,Week5,352.0 Virginia Run - 50.0 Hollin Hills
Hollin Meadows,Week5,Wakefield Chapel,Week1,279.0 Wakefield Chapel - 123.0 Hollin Meadows
Hollin Meadows,Week5,Poplar Heights,Week3,215.0 Poplar Heights - 187.0 Hollin Meadows
Hollin Hills,Week5,Hunter Mill,Week4,319.0 Hunter Mill - 81.0 Hollin Hills
Hollin Meadows,Week1,Hollin Hills,Week3,316.0 Hollin Meadows - 85.0 Hollin Hills
Holmes Run Acres,Week4,Cardinal Hill,Week4,232.0 Cardinal Hill - 170.0 Holmes Run Acres
Hollin Meadows,Week2,Hollin Hills,Week3,304.0 Hollin Meadows - 98.0 Hollin Hills
Hollin Meadows,Week2,Langley,Week5,252.0 Langley - 150.0 Hollin Meadows
Holmes Run Acres,Week4,Chesterbrook,Week5,344.0 Chesterbrook - 58.0 Holmes Run Acres
Holmes Run Acres,Week1,Chesterbrook,Week4,349.0 Chesterbrook - 53.0 Holmes Run Acres
Hollin Meadows,Week5,Canterbury Woods,Week2,248.0 Hollin Meadows - 154.0 Canterbury Woods
Hollin Meadows,Week5,Highlands Swim,Week3,307.5 Highlands Swim - 94.5 Hollin Meadows
Hollin Meadows,Week3,Langley,Week5,246.0 Langley - 156.0 Hollin Meadows
Holmes Run Acres,Week5,Chesterbrook,Week1,327.0 Chesterbrook - 75.0 Holmes Run Acres
Hollin Meadows,Week3,Waynewood,Week3,262.0 Waynewood - 140.0 Hollin Meadows
Hollin Meadows,Week3,Waynewood,Week1,224.0 Waynewood - 178.0 Hollin Meadows
Hollin Hills,Week1,Ilda Community,Week1,236.5 Ilda Community - 156.5 Hollin Hills
Hollin Meadows,Week4,Hollin Hills,Week1,309.0 Hollin Meadows - 93.0 Hollin Hills
Hollin Meadows,Week3,Poplar Tree,Week5,246.0 Poplar Tree - 156.0 Hollin Meadows
Hollin Hills,Week5,Wakefield Chapel,Week2,351.0 Wakefield Chapel - 51.0 Hollin Hills
Hollin Hills,Week3,Virginia Run,Week5,333.0 Virginia Run - 69.0 Hollin Hills
Hollin Meadows,Week3,Langley,Week4,255.0 Langley - 147.0 Hollin Meadows
Hollin Hills,Week2,Wakefield Chapel,Week3,352.0 Wakefield Chapel - 50.0 Hollin Hills
Hollin Meadows,Week4,Poplar Tree,Week3,225.0 Poplar Tree - 177.0 Hollin Meadows
Hollin Meadows,Week3,Poplar Tree,Week2,218.0 Poplar Tree - 184.0 Hollin Meadows
Hollin Hills,Week3,Wakefield Chapel,Week2,355.0 Wakefield Chapel - 47.0 Hollin Hills
Hollin Hills,Week5,Virginia Run,Week3,312.0 Virginia Run - 90.0 Hollin Hills
Hollin Meadows,Week1,Langley,Week3,246.0 Langley - 156.0 Hollin Meadows
Hollin Meadows,Week4,Canterbury Woods,Week2,253.0 Hollin Meadows - 149.0 Canterbury Woods
Hollin Meadows,Week4,Canterbury Woods,Week1,249.0 Hollin Meadows - 153.0 Canterbury Woods
Hollin Meadows,Week3,Canterbury Woods,Week3,223.0 Hollin Meadows - 179.0 Canterbury Woods
Hollin Meadows,Week2,Walden Glen,Week2,234.5 Hollin Meadows - 167.5 Walden Glen
Hollin Meadows,Week2,Waynewood,Week2,250.0 Waynewood - 152.0 Hollin Meadows
Hollin Meadows,Week3,Poplar Tree,Week4,204.0 Poplar Tree - 198.0 Hollin Meadows
Hollin Meadows,Week3,Cardinal Hill,Week2,240.0 Cardinal Hill - 162.0 Hollin Meadows
Hollin Meadows,Week4,Canterbury Woods,Week3,233.0 Hollin Meadows - 169.0 Canterbury Woods
Hollin Meadows,Week3,Walden Glen,Week2,244.0 Hollin Meadows - 158.0 Walden Glen
Hollin Meadows,Week2,Langley,Week2,242.0 Langley - 160.0 Hollin Meadows
Holmes Run Acres,Week4,Cardinal Hill,Week3,264.0 Cardinal Hill - 138.0 Holmes Run Acres
Hollin Meadows,Week2,Langley,Week4,256.0 Langley - 146.0 Hollin Meadows
Holmes Run Acres,Week2,Chesterbrook,Week3,364.0 Chesterbrook - 38.0 Holmes Run Acres
Hollin Hills,Week3,Wakefield Chapel,Week4,360.0 Wakefield Chapel - 42.0 Hollin Hills
Hollin Meadows,Week2,Walden Glen,Week3,237.0 Hollin Meadows - 165.0 Walden Glen
Hollin Hills,Week1,Ilda Community,Week4,279.0 Ilda Community - 119.0 Hollin Hills
Hollin Meadows,Week3,Poplar Tree,Week1,215.0 Poplar Tree - 187.0 Hollin Meadows
Hollin Hills,Week4,Hunter Mill,Week2,319.0 Hunter Mill - 78.0 Hollin Hills
Hollin Meadows,Week1,Langley,Week4,257.0 Langley - 145.0 Hollin Meadows
Hollin Meadows,Week3,Hollin Hills,Week2,318.0 Hollin Meadows - 84.0 Hollin Hills
Hollin Meadows,Week2,Hollin Hills,Week2,302.0 Hollin Meadows - 100.0 Hollin Hills
Hollin Meadows,Week4,Poplar Tree,Week1,228.0 Poplar Tree - 174.0 Hollin Meadows
Hollin Meadows,Week4,Langley,Week2,242.0 Langley - 160.0 Hollin Meadows
Hollin Hills,Week3,Wakefield Chapel,Week5,372.0 Wakefield Chapel - 30.0 Hollin Hills
Hollin Meadows,Week2,Cardinal Hill,Week5,256.0 Cardinal Hill - 146.0 Hollin Meadows
Hollin Hills,Week2,Hunter Mill,Week5,329.0 Hunter Mill - 73.0 Hollin Hills
Hollin Meadows,Week4,Cardinal Hill,Week4,248.0 Cardinal Hill - 154.0 Hollin Meadows
Holmes Run Acres,Week5,Cardinal Hill,Week1,206.0 Cardinal Hill - 196.0 Holmes Run Acres
Hollin Meadows,Week4,Hollin Hills,Week3,297.0 Hollin Meadows - 105.0 Hollin Hills
Hollin Meadows,Week2,Walden Glen,Week5,206.0 Walden Glen - 196.0 Hollin Meadows
Hollin Hills,Week2,Ilda Community,Week2,245.0 Ilda Community - 152.0 Hollin Hills
Holmes Run Acres,Week3,Cardinal Hill,Week5,202.0 Holmes Run Acres - 200.0 Cardinal Hill
Hollin Meadows,Week4,Poplar Tree,Week5,242.0 Poplar Tree - 160.0 Hollin Meadows
Hollin Meadows,Week4,Hollin Hills,Week2,314.0 Hollin Meadows - 88.0 Hollin Hills
Holmes Run Acres,Week5,Cardinal Hill,Week3,227.0 Cardinal Hill - 175.0 Holmes Run Acres
Hollin Meadows,Week4,Walden Glen,Week2,246.0 Hollin Meadows - 156.0 Walden Glen
Hollin Meadows,Week4,Langley,Week4,260.0 Langley - 142.0 Hollin Meadows
Hollin Hills,Week2,Walden Glen,Week3,284.0 Walden Glen - 110.0 Hollin Hills
Hollin Hills,Week5,Hunter Mill,Week1,310.0 Hunter Mill - 87.0 Hollin Hills
Hollin Meadows,Week5,Walden Glen,Week2,269.0 Hollin Meadows - 133.0 Walden Glen
Hollin Meadows,Week3,Hollin Hills,Week5,313.0 Hollin Meadows - 88.0 Hollin Hills
Hollin Meadows,Week1,Chesterbrook,Week2,331.0 Chesterbrook - 71.0 Hollin Meadows
Hollin Meadows,Week5,Poplar Tree,Week1,216.0 Poplar Tree - 186.0 Hollin Meadows
Hollin Hills,Week2,Walden Glen,Week5,290.0 Walden Glen - 107.0 Hollin Hills
Hollin Hills,Week3,Walden Glen,Week4,269.0 Walden Glen - 132.0 Hollin Hills
Hollin Meadows,Week5,Langley,Week1,244.0 Langley - 158.0 Hollin Meadows
Holmes Run Acres,Week1,Chesterbrook,Week1,343.0 Chesterbrook - 59.0 Holmes Run Acres
Hollin Meadows,Week3,Cardinal Hill,Week3,273.0 Cardinal Hill - 129.0 Hollin Meadows
Holmes Run Acres,Week3,Chesterbrook,Week1,325.0 Chesterbrook - 77.0 Holmes Run Acres
Hollin Meadows,Week5,Langley,Week4,241.0 Langley - 161.0 Hollin Meadows
Hollin Meadows,Week3,Laurel Hill,Week1,295.0 Hollin Meadows - 107.0 Laurel Hill
Hollin Meadows,Week5,Hollin Hills,Week3,320.0 Hollin Meadows - 82.0 Hollin Hills
Hollin Hills,Week4,Hunter Mill,Week1,318.0 Hunter Mill - 83.0 Hollin Hills
Hollin Meadows,Week5,Cardinal Hill,Week2,224.0 Cardinal Hill - 178.0 Hollin Meadows
Hollin Meadows,Week1,Waynewood,Week5,252.0 Waynewood - 150.0 Hollin Meadows
Hollin Meadows,Week4,Hollin Hills,Week5,297.0 Hollin Meadows - 105.0 Hollin Hills
Hollin Meadows,Week4,Walden Glen,Week3,248.0 Hollin Meadows - 154.0 Walden Glen
Hollin Meadows,Week5,Hollin Hills,Week1,319.0 Hollin Meadows - 83.0 Hollin Hills
Hollin Hills,Week2,Hunter Mill,Week2,318.0 Hunter Mill - 80.0 Hollin Hills
Hollin Meadows,Week4,Hollin Hills,Week4,319.0 Hollin Meadows - 83.0 Hollin Hills
Hollin Hills,Week2,Walden Glen,Week1,251.0 Walden Glen - 140.0 Hollin Hills
Hollin Meadows,Week1,Ravensworth Farm,Week1,228.0 Ravensworth Farm - 174.0 Hollin Meadows
Hollin Meadows,Week5,Poplar Tree,Week5,231.0 Poplar Tree - 171.0 Hollin Meadows
Holmes Run Acres,Week5,Chesterbrook,Week3,342.0 Chesterbrook - 60.0 Holmes Run Acres
Hollin Meadows,Week1,Cardinal Hill,Week5,227.0 Cardinal Hill - 175.0 Hollin Meadows
Hollin Hills,Week3,Hunter Mill,Week5,339.0 Hunter Mill - 63.0 Hollin Hills
Holmes Run Acres,Week5,Chesterbrook,Week2,324.0 Chesterbrook - 78.0 Holmes Run Acres
Hollin Meadows,Week5,Poplar Tree,Week2,206.0 Poplar Tree - 196.0 Hollin Meadows
Hollin Meadows,Week4,Walden Glen,Week5,222.0 Hollin Meadows - 180.0 Walden Glen
Hollin Hills,Week1,Walden Glen,Week1,248.0 Walden Glen - 149.0 Hollin Hills
Hollin Meadows,Week4,Laurel Hill,Week2,307.0 Hollin Meadows - 95.0 Laurel Hill
Hollin Hills,Week3,Hunter Mill,Week1,313.0 Hunter Mill - 89.0 Hollin Hills
Hollin Meadows,Week3,Cardinal Hill,Week1,258.0 Cardinal Hill - 144.0 Hollin Meadows
Hollin Meadows,Week3,Walden Glen,Week4,232.0 Hollin Meadows - 170.0 Walden Glen
Hollin Meadows,Week5,Poplar Tree,Week3,218.0 Poplar Tree - 184.0 Hollin Meadows
Holmes Run Acres,Week2,Chesterbrook,Week2,353.0 Chesterbrook - 49.0 Holmes Run Acres
Hollin Meadows,Week3,Walden Glen,Week3,257.0 Hollin Meadows - 145.0 Walden Glen
Hollin Hills,Week4,Wakefield Chapel,Week1,362.0 Wakefield Chapel - 40.0 Hollin Hills
Hollin Meadows,Week1,Hollin Meadows,Week4,209.0 Hollin Meadows (HM1) - 193.0 Hollin Meadows (HM2)
Holmes Run Acres,Week4,Chesterbrook,Week2,348.0 Chesterbrook - 54.0 Holmes Run Acres
Hollin Meadows,Week2,Hollin Meadows,Week2,198.5 Hollin Meadows (HM1) - 198.5 Hollin Meadows (HM2)
Hollin Hills,Week3,Hunter Mill,Week3,328.0 Hunter Mill - 74.0 Hollin Hills
Hollin Meadows,Week1,Hollin Meadows,Week5,202.0 Hollin Meadows (HM2) - 200.0 Hollin Meadows (HM1)
Hollin Meadows,Week1,Ravensworth Farm,Week3,225.0 Ravensworth Farm - 177.0 Hollin Meadows
Hollin Meadows,Week1,Ravensworth Farm,Week2,211.0 Hollin Meadows - 191.0 Ravensworth Farm
Hollin Meadows,Week2,Poplar Tree,Week5,255.0 Poplar Tree - 147.0 Hollin Meadows
Hollin Hills,Week2,Hunter Mill,Week1,320.0 Hunter Mill - 81.0 Hollin Hills
Hollin Meadows,Week4,Cardinal Hill,Week3,273.0 Cardinal Hill - 129.0 Hollin Meadows
Hollin Hills,Week5,Walden Glen,Week3,264.0 Walden Glen - 136.0 Hollin Hills
Hollin Meadows,Week1,Hollin Meadows,Week2,216.5 Hollin Meadows (HM1) - 185.5 Hollin Meadows (HM2)
Hollin Meadows,Week2,Laurel Hill,Week2,287.0 Hollin Meadows - 115.0 Laurel Hill
Hollin Meadows,Week4,Poplar Tree,Week4,205.0 Hollin Meadows - 197.0 Poplar Tree
Hollin Meadows,Week4,Walden Glen,Week1,272.0 Hollin Meadows - 130.0 Walden Glen
Hollin Meadows,Week1,Laurel Hill,Week4,289.0 Hollin Meadows - 113.0 Laurel Hill
Hollin Meadows,Week1,Ravensworth Farm,Week4,222.0 Ravensworth Farm - 180.0 Hollin Meadows
Holmes Run Acres,Week3,Chesterbrook,Week5,335.0 Chesterbrook - 67.0 Holmes Run Acres
Holmes Run Acres,Week2,Chesterbrook,Week5,350.0 Chesterbrook - 52.0 Holmes Run Acres
Hollin Meadows,Week1,Ravensworth Farm,Week5,222.0 Ravensworth Farm - 180.0 Hollin Meadows
Hollin Meadows,Week5,Laurel Hill,Week1,294.0 Hollin Meadows - 107.0 Laurel Hill
Hollin Hills,Week1,Waynewood,Week3,338.0 Waynewood - 64.0 Hollin Hills
Hollin Hills,Week3,Hunter Mill,Week2,307.0 Hunter Mill - 94.0 Hollin Hills
Hollin Meadows,Week1,Waynewood,Week2,220.0 Waynewood - 182.0 Hollin Meadows
Hollin Hills,Week1,Hunter Mill,Week3,320.0 Hunter Mill - 81.0 Hollin Hills
Hollin Meadows,Week2,Hollin Meadows,Week1,216.5 Hollin Meadows (HM2) - 185.5 Hollin Meadows (HM1)
Holmes Run Acres,Week3,Chesterbrook,Week4,336.0 Chesterbrook - 66.0 Holmes Run Acres
Hollin Hills,Week1,Hunter Mill,Week5,334.0 Hunter Mill - 68.0 Hollin Hills
Hollin Hills,Week3,Walden Glen,Week1,245.0 Walden Glen - 153.0 Hollin Hills
Hollin Hills,Week1,Waynewood,Week1,329.0 Waynewood - 73.0 Hollin Hills
Hollin Meadows,Week2,Cardinal Hill,Week4,257.0 Cardinal Hill - 145.0 Hollin Meadows
Hollin Meadows,Week2,Cardinal Hill,Week3,269.0 Cardinal Hill - 133.0 Hollin Meadows
Hollin Meadows,Week3,Laurel Hill,Week2,315.0 Hollin Meadows - 87.0 Laurel Hill
Hollin Hills,Week4,Hunter Mill,Week4,323.0 Hunter Mill - 75.0 Hollin Hills
Hollin Meadows,Week5,Walden Glen,Week5,233.5 Hollin Meadows - 168.5 Walden Glen
Hollin Meadows,Week5,Walden Glen,Week3,264.0 Hollin Meadows - 138.0 Walden Glen
Hollin Hills,Week4,Wakefield Chapel,Week3,357.0 Wakefield Chapel - 45.0 Hollin Hills
Hollin Meadows,Week1,Laurel Hill,Week1,297.0 Hollin Meadows - 104.0 Laurel Hill
Hollin Meadows,Week1,Lee Graham,Week1,266.5 Lee Graham - 135.5 Hollin Meadows
Holmes Run Acres,Week4,Chesterbrook,Week1,335.0 Chesterbrook - 67.0 Holmes Run Acres
Hollin Meadows,Week1,Cardinal Hill,Week1,252.0 Cardinal Hill - 150.0 Hollin Meadows
Hollin Meadows,Week3,Walden Glen,Week1,274.0 Hollin Meadows - 128.0 Walden Glen
Hollin Meadows,Week1,Hollin Meadows,Week1,200.5 Hollin Meadows (HM1) - 200.5 Hollin Meadows (HM2)
Hollin Meadows,Week1,Chesterbrook,Week1,315.0 Chesterbrook - 87.0 Hollin Meadows
Hollin Hills,Week3,Hunter Mill,Week4,330.0 Hunter Mill - 71.0 Hollin Hills
Hollin Meadows,Week1,Laurel Hill,Week5,260.0 Hollin Meadows - 142.0 Laurel Hill
Hollin Meadows,Week1,Waynewood,Week1,203.0 Waynewood - 199.0 Hollin Meadows
Hollin Meadows,Week3,Hollin Meadows,Week1,209.0 Hollin Meadows (HM2) - 193.0 Hollin Meadows (HM1)
Hollin Meadows,Week5,Cardinal Hill,Week1,247.0 Cardinal Hill - 155.0 Hollin Meadows
Hollin Meadows,Week3,Laurel Hill,Week3,274.0 Hollin Meadows - 128.0 Laurel Hill
Hollin Meadows,Week5,Poplar Tree,Week4,207.5 Hollin Meadows - 194.5 Poplar Tree
Hollin Hills,Week5,Wakefield Chapel,Week1,357.0 Wakefield Chapel - 45.0 Hollin Hills
Hollin Meadows,Week1,Lee Graham,Week4,269.0 Lee Graham - 133.0 Hollin Meadows
Holmes Run Acres,Week3,Commonwealth,Week5,248.0 Holmes Run Acres - 154.0 Commonwealth
Holmes Run Acres,Week3,Chesterbrook,Week2,339.0 Chesterbrook - 63.0 Holmes Run Acres
Hollin Hills,Week2,Walden Glen,Week4,281.0 Walden Glen - 116.0 Hollin Hills
Hollin Meadows,Week3,Poplar Tree,Week3,227.0 Poplar Tree - 175.0 Hollin Meadows
Hollin Meadows,Week2,Hollin Meadows,Week5,235.0 Hollin Meadows (HM2) - 167.0 Hollin Meadows (HM1)
Hollin Meadows,Week2,Cardinal Hill,Week1,260.0 Cardinal Hill - 142.0 Hollin Meadows
Hollin Meadows,Week3,Walden Glen,Week5,223.0 Hollin Meadows - 179.0 Walden Glen
Hollin Meadows,Week3,Hollin Meadows,Week5,211.0 Hollin Meadows (HM2) - 191.0 Hollin Meadows (HM1)
Hollin Hills,Week4,Hunter Mill,Week3,328.0 Hunter Mill - 70.0 Hollin Hills
Hollin Meadows,Week3,Cardinal Hill,Week5,245.0 Cardinal Hill - 157.0 Hollin Meadows
Hollin Meadows,Week4,Poplar Tree,Week2,223.0 Poplar Tree - 179.0 Hollin Meadows
Hollin Hills,Week5,Walden Glen,Week4,271.0 Walden Glen - 125.0 Hollin Hills
Hollin Meadows,Week4,Cardinal Hill,Week2,239.0 Cardinal Hill - 163.0 Hollin Meadows
Holmes Run Acres,Week4,Commonwealth,Week5,221.0 Holmes Run Acres - 181.0 Commonwealth
Hollin Meadows,Week3,Hollin Meadows,Week3,200.5 Hollin Meadows (HM1) - 200.5 Hollin Meadows (HM2)
Hollin Meadows,Week2,Waynewood,Week4,246.0 Waynewood - 156.0 Hollin Meadows
Hollin Meadows,Week4,Hollin Meadows,Week2,221.0 Hollin Meadows (HM1) - 181.0 Hollin Meadows (HM2)
Hollin Meadows,Week2,Laurel Hill,Week5,248.0 Hollin Meadows - 154.0 Laurel Hill
Holmes Run Acres,Week3,Commonwealth,Week2,253.0 Holmes Run Acres - 149.0 Commonwealth
Hollin Meadows,Week1,Waynewood,Week4,243.0 Waynewood - 159.0 Hollin Meadows
Hollin Meadows,Week2,Hollin Meadows,Week3,223.5 Hollin Meadows (HM2) - 178.5 Hollin Meadows (HM1)
Hollin Meadows,Week1,Cardinal Hill,Week2,220.0 Cardinal Hill - 182.0 Hollin Meadows
Hollin Hills,Week5,Hunter Mill,Week3,310.0 Hunter Mill - 91.0 Hollin Hills
Hollin Hills,Week2,Hunter Mill,Week4,328.0 Hunter Mill - 69.0 Hollin Hills
Hollin Hills,Week5,Hunter Mill,Week2,303.0 Hunter Mill - 97.0 Hollin Hills
Hollin Meadows,Week3,Lee Graham,Week2,291.0 Lee Graham - 111.0 Hollin Meadows
Hollin Meadows,Week5,Cardinal Hill,Week4,236.0 Cardinal Hill - 166.0 Hollin Meadows
Hollin Meadows,Week3,Cardinal Hill,Week4,247.0 Cardinal Hill - 155.0 Hollin Meadows
Hollin Hills,Week5,Walden Glen,Week1,251.0 Walden Glen - 137.0 Hollin Hills
Hollin Meadows,Week4,Hollin Meadows,Week3,212.0 Hollin Meadows (HM2) - 190.0 Hollin Meadows (HM1)
Hollin Meadows,Week2,Lee Graham,Week3,273.0 Lee Graham - 129.0 Hollin Meadows
Hollin Meadows,Week2,Waynewood,Week3,263.0 Waynewood - 139.0 Hollin Meadows
Hollin Meadows,Week4,Walden Glen,Week4,228.0 Hollin Meadows - 174.0 Walden Glen
Holmes Run Acres,Week3,Commonwealth,Week4,276.0 Holmes Run Acres - 126.0 Commonwealth
Hollin Meadows,Week2,Waynewood,Week1,231.0 Waynewood - 171.0 Hollin Meadows
Hollin Meadows,Week2,Cardinal Hill,Week2,246.0 Cardinal Hill - 156.0 Hollin Meadows
Holmes Run Acres,Week3,Commonwealth,Week1,280.0 Holmes Run Acres - 121.0 Commonwealth
Hollin Hills,Week1,Ilda Community,Week2,250.0 Ilda Community - 148.0 Hollin Hills
Hollin Hills,Week4,Wakefield Chapel,Week2,362.0 Wakefield Chapel - 39.0 Hollin Hills
Hollin Hills,Week5,Wakefield Chapel,Week3,348.0 Wakefield Chapel - 54.0 Hollin Hills
Hollin Hills,Week4,Hunter Mill,Week5,333.0 Hunter Mill - 69.0 Hollin Hills
Hollin Meadows,Week5,Langley,Week5,234.0 Langley - 168.0 Hollin Meadows
Hollin Hills,Week5,Wakefield Chapel,Week4,348.0 Wakefield Chapel - 54.0 Hollin Hills
Hollin Meadows,Week1,Laurel Hill,Week3,276.0 Hollin Meadows - 126.0 Laurel Hill
Holmes Run Acres,Week1,Cottontail,Week4,235.0 Holmes Run Acres - 167.0 Cottontail
Hollin Meadows,Week3,Waynewood,Week4,256.0 Waynewood - 146.0 Hollin Meadows
Hollin Meadows,Week5,Canterbury Woods,Week5,235.0 Hollin Meadows - 167.0 Canterbury Woods
Hollin Meadows,Week5,Hollin Meadows,Week1,202.0 Hollin Meadows (HM1) - 200.0 Hollin Meadows (HM2)
Hollin Hills,Week4,Wakefield Chapel,Week5,370.0 Wakefield Chapel - 31.0 Hollin Hills
Hollin Hills,Week2,Walden Glen,Week2,266.0 Walden Glen - 125.0 Hollin Hills
Hollin Meadows,Week1,Cardinal Hill,Week3,260.0 Cardinal Hill - 142.0 Hollin Meadows
Hollin Meadows,Week4,Hollin Meadows,Week4,201.0 Hollin Meadows (HM1) - 201.0 Hollin Meadows (HM2)
Hollin Meadows,Week4,Hollin Meadows,Week5,216.0 Hollin Meadows (HM2) - 186.0 Hollin Meadows (HM1)
Hollin Hills,Week1,Walden Glen,Week4,282.0 Walden Glen - 116.0 Hollin Hills
Holmes Run Acres,Week5,Commonwealth,Week2,259.0 Holmes Run Acres - 143.0 Commonwealth
Holmes Run Acres,Week5,Commonwealth,Week5,265.0 Holmes Run Acres - 137.0 Commonwealth
Holmes Run Acres,Week1,Commonwealth,Week5,205.0 Holmes Run Acres - 197.0 Commonwealth
Holmes Run Acres,Week2,Cottontail,Week4,223.0 Holmes Run Acres - 174.0 Cottontail
Hollin Meadows,Week5,Walden Glen,Week1,278.0 Hollin Meadows - 124.0 Walden Glen
Hollin Hills,Week4,Ilda Community,Week3,227.0 Ilda Community - 167.0 Hollin Hills
Hollin Hills,Week1,Walden Glen,Week3,281.0 Walden Glen - 116.0 Hollin Hills
Hollin Hills,Week2,Hunter Mill,Week3,320.5 Hunter Mill - 81.5 Hollin Hills
Hollin Hills,Week1,Hunter Mill,Week4,324.0 Hunter Mill - 74.0 Hollin Hills
Hollin Hills,Week1,Walden Glen,Week2,279.0 Walden Glen - 113.0 Hollin Hills
Hollin Meadows,Week2,Laurel Hill,Week3,271.0 Hollin Meadows - 131.0 Laurel Hill
Hollin Hills,Week5,Hunter Mill,Week5,324.0 Hunter Mill - 78.0 Hollin Hills
Hollin Meadows,Week2,Hollin Meadows,Week4,221.0 Hollin Meadows (HM2) - 181.0 Hollin Meadows (HM1)
Hollin Meadows,Week5,Canterbury Woods,Week4,238.0 Hollin Meadows - 164.0 Canterbury Woods
Hollin Hills,Week4,Wakefield Chapel,Week4,360.0 Wakefield Chapel - 41.0 Hollin Hills
Hollin Meadows,Week3,Hollin Meadows,Week4,212.0 Hollin Meadows (HM1) - 190.0 Hollin Meadows (HM2)
Hollin Hills,Week1,Ilda Community,Week3,243.0 Ilda Community - 154.0 Hollin Hills
Hollin Meadows,Week5,Cardinal Hill,Week5,219.0 Cardinal Hill - 183.0 Hollin Meadows
Hollin Meadows,Week5,Hollin Meadows,Week2,235.0 Hollin Meadows (HM1) - 167.0 Hollin Meadows (HM2)
Hollin Hills,Week1,Ilda Community,Week5,245.0 Ilda Community - 148.0 Hollin Hills
Hollin Meadows,Week3,Waynewood,Week2,250.0 Waynewood - 152.0 Hollin Meadows
Hollin Meadows,Week4,Langley,Week5,254.0 Langley - 148.0 Hollin Meadows
Hollin Meadows,Week3,Laurel Hill,Week4,291.0 Hollin Meadows - 110.0 Laurel Hill
Hollin Meadows,Week2,Waynewood,Week5,269.0 Waynewood - 133.0 Hollin Meadows
Hollin Hills,Week2,Ilda Community,Week1,232.0 Ilda Community - 161.0 Hollin Hills
Holmes Run Acres,Week4,Commonwealth,Week2,220.0 Holmes Run Acres - 182.0 Commonwealth
Holmes Run Acres,Week1,Commonwealth,Week3,222.0 Holmes Run Acres - 180.0 Commonwealth
Hollin Meadows,Week4,Hollin Meadows,Week1,209.0 Hollin Meadows (HM2) - 193.0 Hollin Meadows (HM1)
Holmes Run Acres,Week2,Commonwealth,Week3,228.0 Holmes Run Acres - 174.0 Commonwealth
Hollin Meadows,Week2,Laurel Hill,Week1,275.0 Hollin Meadows - 121.0 Laurel Hill
Hollin Meadows,Week5,Walden Glen,Week4,250.0 Hollin Meadows - 152.0 Walden Glen
Hollin Meadows,Week1,Waynewood,Week3,241.0 Waynewood - 161.0 Hollin Meadows
Hollin Meadows,Week5,Langley,Week3,243.0 Langley - 159.0 Hollin Meadows
Hollin Meadows,Week4,Cardinal Hill,Week1,254.0 Cardinal Hill - 148.0 Hollin Meadows
Hollin Hills,Week1,Walden Glen,Week5,306.0 Walden Glen - 92.0 Hollin Hills
Hollin Meadows,Week2,Laurel Hill,Week4,273.0 Hollin Meadows - 129.0 Laurel Hill
Hollin Meadows,Week1,Cardinal Hill,Week4,234.5 Cardinal Hill - 167.5 Hollin Meadows
Hollin Meadows,Week3,Waynewood,Week5,266.0 Waynewood - 136.0 Hollin Meadows
Hollin Meadows,Week3,Laurel Hill,Week5,255.0 Hollin Meadows - 146.0 Laurel Hill
Hollin Meadows,Week4,Cardinal Hill,Week5,236.0 Cardinal Hill - 166.0 Hollin Meadows
Holmes Run Acres,Week2,Commonwealth,Week1,248.0 Holmes Run Acres - 153.0 Commonwealth
Hollin Hills,Week5,Wakefield Chapel,Week5,365.0 Wakefield Chapel - 37.0 Hollin Hills
Holmes Run Acres,Week2,Commonwealth,Week4,234.0 Holmes Run Acres - 168.0 Commonwealth
Hollin Hills,Week3,Ilda Community,Week1,238.0 Ilda Community - 160.0 Hollin Hills
Hollin Meadows,Week4,Waynewood,Week3,252.0 Waynewood - 150.0 Hollin Meadows
Hollin Hills,Week1,Kent Gardens,Week4,285.0 Kent Gardens - 117.0 Hollin Hills
Hollin Meadows,Week5,Cardinal Hill,Week3,261.0 Cardinal Hill - 141.0 Hollin Meadows
Holmes Run Acres,Week1,Commonwealth,Week2,213.5 Holmes Run Acres - 188.5 Commonwealth
Hollin Meadows,Week4,Waynewood,Week2,236.0 Waynewood - 166.0 Hollin Meadows
Hollin Meadows,Week5,Hollin Meadows,Week3,211.0 Hollin Meadows (HM1) - 191.0 Hollin Meadows (HM2)
Hollin Meadows,Week4,Laurel Hill,Week1,290.0 Hollin Meadows - 112.0 Laurel Hill
Hollin Hills,Week3,Walden Glen,Week3,286.0 Walden Glen - 114.0 Hollin Hills
Hollin Meadows,Week3,Hollin Meadows,Week2,223.5 Hollin Meadows (HM1) - 178.5 Hollin Meadows (HM2)
Hollin Meadows,Week5,Langley,Week2,229.5 Langley - 172.5 Hollin Meadows
Hollin Hills,Week3,Walden Glen,Week2,270.0 Walden Glen - 128.0 Hollin Hills
Hollin Meadows,Week5,Chesterbrook,Week3,343.0 Chesterbrook - 59.0 Hollin Meadows
Hollin Hills,Week4,Ilda Community,Week1,229.0 Ilda Community - 164.0 Hollin Hills
Hollin Meadows,Week5,Hollin Meadows,Week4,216.0 Hollin Meadows (HM1) - 186.0 Hollin Meadows (HM2)
Hollin Hills,Week4,Walden Glen,Week4,283.0 Walden Glen - 112.0 Hollin Hills
Holmes Run Acres,Week4,Commonwealth,Week3,231.0 Holmes Run Acres - 171.0 Commonwealth
Hollin Meadows,Week1,Hunt Valley,Week1,260.0 Hunt Valley - 142.0 Hollin Meadows
Hollin Meadows,Week4,Laurel Hill,Week3,282.0 Hollin Meadows - 120.0 Laurel Hill
Hollin Hills,Week4,Ilda Community,Week5,229.5 Ilda Community - 161.5 Hollin Hills
Hollin Meadows,Week1,Laurel Hill,Week2,307.0 Hollin Meadows - 95.0 Laurel Hill
Hollin Meadows,Week1,Commonwealth,Week4,268.0 Hollin Meadows - 134.0 Commonwealth
Hollin Meadows,Week5,Waynewood,Week5,248.0 Waynewood - 154.0 Hollin Meadows
Hollin Hills,Week5,Ilda Community,Week1,231.5 Ilda Community - 166.5 Hollin Hills
Hollin Hills,Week3,Kent Gardens,Week3,278.0 Kent Gardens - 123.0 Hollin Hills
Hollin Hills,Week4,Walden Glen,Week2,275.0 Walden Glen - 113.0 Hollin Hills
Hollin Meadows,Week4,Waynewood,Week1,225.0 Waynewood - 177.0 Hollin Meadows
Hollin Meadows,Week4,Holmes Run Acres,Week2,202.0 Hollin Meadows - 200.0 Holmes Run Acres
Hollin Hills,Week3,Kent Gardens,Week2,284.0 Kent Gardens - 117.0 Hollin Hills
Holmes Run Acres,Week1,Commonwealth,Week4,235.0 Holmes Run Acres - 167.0 Commonwealth
Hollin Meadows,Week4,Laurel Hill,Week5,255.5 Hollin Meadows - 146.5 Laurel Hill
Hollin Meadows,Week4,Waynewood,Week4,244.0 Waynewood - 158.0 Hollin Meadows
Hollin Hills,Week4,Walden Glen,Week1,257.0 Walden Glen - 139.0 Hollin Hills
Hollin Meadows,Week4,Chesterbrook,Week2,350.0 Chesterbrook - 52.0 Hollin Meadows
Hollin Meadows,Week2,Chesterbrook,Week2,341.0 Chesterbrook - 61.0 Hollin Meadows
Hollin Meadows,Week3,Holmes Run Acres,Week1,220.0 Hollin Meadows - 182.0 Holmes Run Acres
Hollin Hills,Week4,Walden Glen,Week3,280.0 Walden Glen - 114.0 Hollin Hills
Holmes Run Acres,Week1,Commonwealth,Week1,251.0 Holmes Run Acres - 149.0 Commonwealth
Hollin Meadows,Week5,Holmes Run Acres,Week2,212.0 Hollin Meadows - 190.0 Holmes Run Acres
Hollin Meadows,Week2,Commonwealth,Week1,257.0 Hollin Meadows - 140.0 Commonwealth
Hollin Meadows,Week1,Woodley,Week3,275.0 Hollin Meadows - 126.0 Woodley
Hollin Meadows,Week4,Laurel Hill,Week4,290.0 Hollin Meadows - 112.0 Laurel Hill
Holmes Run Acres,Week5,Chesterbrook,Week5,319.0 Chesterbrook - 83.0 Holmes Run Acres
Hollin Meadows,Week5,Waynewood,Week1,205.0 Waynewood - 197.0 Hollin Meadows
Hollin Hills,Week3,Walden Glen,Week5,302.0 Walden Glen - 99.0 Hollin Hills
Hollin Meadows,Week3,Chesterbrook,Week2,345.5 Chesterbrook - 56.5 Hollin Meadows
Hollin Meadows,Week3,Woodley,Week2,285.0 Hollin Meadows - 117.0 Woodley
Hollin Meadows,Week2,Holmes Run Acres,Week2,205.0 Holmes Run Acres - 197.0 Hollin Meadows
Holmes Run Acres,Week2,Commonwealth,Week2,218.0 Holmes Run Acres - 184.0 Commonwealth
Holmes Run Acres,Week5,Commonwealth,Week3,274.0 Holmes Run Acres - 128.0 Commonwealth
Hollin Hills,Week4,Ilda Community,Week4,256.5 Ilda Community - 140.5 Hollin Hills
Hollin Meadows,Week3,Chesterbrook,Week5,360.0 Chesterbrook - 42.0 Hollin Meadows
Hollin Meadows,Week1,Chesterbrook,Week5,336.0 Chesterbrook - 66.0 Hollin Meadows
Hollin Hills,Week1,Kent Gardens,Week1,304.0 Kent Gardens - 97.0 Hollin Hills
Hollin Hills,Week1,Kent Gardens,Week3,288.0 Kent Gardens - 113.0 Hollin Hills
Hollin Meadows,Week5,Holmes Run Acres,Week3,225.0 Holmes Run Acres - 177.0 Hollin Meadows
Hollin Hills,Week1,Waynewood,Week2,333.0 Waynewood - 69.0 Hollin Hills
Hollin Meadows,Week5,Waynewood,Week2,236.0 Waynewood - 166.0 Hollin Meadows
Holmes Run Acres,Week2,Commonwealth,Week5,207.0 Holmes Run Acres - 195.0 Commonwealth
Holmes Run Acres,Week5,Chesterbrook,Week4,322.0 Chesterbrook - 80.0 Holmes Run Acres
Hollin Hills,Week2,Kent Gardens,Week1,305.0 Kent Gardens - 93.0 Hollin Hills
Hollin Meadows,Week1,Hunt Valley,Week3,278.0 Hunt Valley - 124.0 Hollin Meadows
Hollin Meadows,Week5,Chesterbrook,Week5,333.0 Chesterbrook - 69.0 Hollin Meadows
Hollin Meadows,Week1,Lee Graham,Week2,271.0 Lee Graham - 131.0 Hollin Meadows
Holmes Run Acres,Week5,Commonwealth,Week1,284.0 Holmes Run Acres - 113.0 Commonwealth
Hollin Meadows,Week5,Laurel Hill,Week5,280.0 Hollin Meadows - 122.0 Laurel Hill
Hollin Meadows,Week5,Laurel Hill,Week4,299.0 Hollin Meadows - 103.0 Laurel Hill
Hollin Meadows,Week2,Hunt Valley,Week4,271.0 Hunt Valley - 131.0 Hollin Meadows
Hollin Meadows,Week4,Holmes Run Acres,Week5,239.0 Holmes Run Acres - 163.0 Hollin Meadows
Hollin Hills,Week4,Waynewood,Week1,319.0 Waynewood - 82.0 Hollin Hills
Hollin Meadows,Week2,Woodley,Week2,263.0 Hollin Meadows - 139.0 Woodley
Hollin Meadows,Week2,Chesterbrook,Week3,354.0 Chesterbrook - 48.0 Hollin Meadows
Hollin Hills,Week5,Walden Glen,Week2,263.0 Walden Glen - 128.0 Hollin Hills
Hollin Meadows,Week2,Chesterbrook,Week4,353.0 Chesterbrook - 49.0 Hollin Meadows
Hollin Meadows,Week4,Woodley,Week5,259.5 Hollin Meadows - 142.5 Woodley
Hollin Meadows,Week5,Laurel Hill,Week2,317.0 Hollin Meadows - 84.0 Laurel Hill
Holmes Run Acres,Week4,Commonwealth,Week4,245.0 Holmes Run Acres - 157.0 Commonwealth
Hollin Meadows,Week4,Woodley,Week1,304.0 Hollin Meadows - 98.0 Woodley
Hollin Meadows,Week5,Laurel Hill,Week3,285.0 Hollin Meadows - 117.0 Laurel Hill
Hollin Hills,Week2,Kent Gardens,Week4,292.0 Kent Gardens - 109.0 Hollin Hills
Hollin Meadows,Week1,Lee Graham,Week3,269.0 Lee Graham - 133.0 Hollin Meadows
Hollin Meadows,Week1,Lee Graham,Week5,277.0 Lee Graham - 125.0 Hollin Meadows
Hollin Hills,Week4,Walden Glen,Week5,298.5 Walden Glen - 97.5 Hollin Hills
Hollin Meadows,Week2,Holmes Run Acres,Week3,246.0 Holmes Run Acres - 156.0 Hollin Meadows
Hollin Hills,Week5,Walden Glen,Week5,290.0 Walden Glen - 111.0 Hollin Hills
Hollin Meadows,Week3,Woodley,Week4,277.0 Hollin Meadows - 125.0 Woodley
Hollin Hills,Week3,Kent Gardens,Week4,271.0 Kent Gardens - 131.0 Hollin Hills
Hollin Hills,Week2,Kent Gardens,Week5,320.0 Kent Gardens - 81.0 Hollin Hills
Hollin Meadows,Week1,Holmes Run Acres,Week3,217.0 Holmes Run Acres - 185.0 Hollin Meadows
Hollin Meadows,Week1,Chesterbrook,Week4,335.0 Chesterbrook - 67.0 Hollin Meadows
Hollin Meadows,Week3,Chesterbrook,Week3,356.0 Chesterbrook - 46.0 Hollin Meadows
Hollin Meadows,Week5,Waynewood,Week4,236.0 Waynewood - 166.0 Hollin Meadows
Holmes Run Acres,Week3,Commonwealth,Week3,256.0 Holmes Run Acres - 146.0 Commonwealth
Hollin Hills,Week2,Waynewood,Week3,335.0 Waynewood - 67.0 Hollin Hills
Hollin Hills,Week2,Ilda Community,Week4,261.0 Ilda Community - 136.0 Hollin Hills
Hollin Meadows,Week4,Chesterbrook,Week5,356.0 Chesterbrook - 46.0 Hollin Meadows
Hollin Meadows,Week2,Lee Graham,Week1,277.0 Lee Graham - 125.0 Hollin Meadows
Holmes Run Acres,Week2,Annandale,Week2,255.0 Holmes Run Acres - 147.0 Annandale
Holmes Run Acres,Week5,Commonwealth,Week4,282.0 Holmes Run Acres - 120.0 Commonwealth
Holmes Run Acres,Week4,Commonwealth,Week1,272.0 Holmes Run Acres - 129.0 Commonwealth
Hollin Hills,Week5,Ilda Community,Week5,221.0 Ilda Community - 175.0 Hollin Hills
Holmes Run Acres,Week1,Annandale,Week4,280.0 Holmes Run Acres - 122.0 Annandale
Holmes Run Acres,Week1,Cottontail,Week1,208.0 Holmes Run Acres - 194.0 Cottontail
Hollin Meadows,Week4,Woodley,Week2,286.0 Hollin Meadows - 116.0 Woodley
Hollin Meadows,Week3,Chesterbrook,Week1,324.0 Chesterbrook - 78.0 Hollin Meadows
Hollin Meadows,Week2,Lee Graham,Week2,280.0 Lee Graham - 122.0 Hollin Meadows
Hollin Meadows,Week4,Holmes Run Acres,Week3,230.0 Holmes Run Acres - 172.0 Hollin Meadows
Hollin Meadows,Week4,Holmes Run Acres,Week1,213.0 Hollin Meadows - 189.0 Holmes Run Acres
Hollin Hills,Week2,Waynewood,Week5,336.0 Waynewood - 66.0 Hollin Hills
Hollin Meadows,Week2,Lee Graham,Week4,267.5 Lee Graham - 134.5 Hollin Meadows
Hollin Meadows,Week3,Holmes Run Acres,Week3,223.0 Holmes Run Acres - 179.0 Hollin Meadows
Hollin Hills,Week3,Waynewood,Week3,337.5 Waynewood - 64.5 Hollin Hills
Hollin Meadows,Week4,Chesterbrook,Week3,362.0 Chesterbrook - 40.0 Hollin Meadows
Hollin Hills,Week2,Ilda Community,Week3,233.0 Ilda Community - 164.0 Hollin Hills
Hollin Hills,Week4,Waynewood,Week2,328.0 Waynewood - 74.0 Hollin Hills
Hollin Hills,Week4,Waynewood,Week5,335.0 Waynewood - 67.0 Hollin Hills
Hollin Hills,Week3,Ilda Community,Week2,243.0 Ilda Community - 158.0 Hollin Hills
Holmes Run Acres,Week1,Cottontail,Week3,234.0 Holmes Run Acres - 168.0 Cottontail
Holmes Run Acres,Week2,Cottontail,Week2,222.5 Holmes Run Acres - 179.5 Cottontail
Hollin Hills,Week4,Waynewood,Week3,339.0 Waynewood - 63.0 Hollin Hills
Hollin Meadows,Week2,Lee Graham,Week5,283.0 Lee Graham - 119.0 Hollin Meadows
Holmes Run Acres,Week2,Annandale,Week4,271.0 Holmes Run Acres - 131.0 Annandale
Hollin Meadows,Week1,Holmes Run Acres,Week1,207.0 Hollin Meadows - 195.0 Holmes Run Acres
Hollin Meadows,Week4,Lee Graham,Week2,279.0 Lee Graham - 123.0 Hollin Meadows
Hollin Meadows,Week5,Chesterbrook,Week2,335.0 Chesterbrook - 67.0 Hollin Meadows
Hollin Meadows,Week1,Hunt Valley,Week5,261.0 Hunt Valley - 141.0 Hollin Meadows
Hollin Meadows,Week2,Holmes Run Acres,Week1,211.0 Holmes Run Acres - 191.0 Hollin Meadows
Hollin Hills,Week3,Ilda Community,Week3,234.0 Ilda Community - 167.0 Hollin Hills
Hollin Meadows,Week4,Lee Graham,Week5,289.0 Lee Graham - 113.0 Hollin Meadows
Hollin Hills,Week4,Ilda Community,Week2,242.0 Ilda Community - 154.0 Hollin Hills
Hollin Hills,Week3,Ilda Community,Week4,257.0 Ilda Community - 144.0 Hollin Hills
Holmes Run Acres,Week1,Annandale,Week5,262.0 Holmes Run Acres - 140.0 Annandale
Holmes Run Acres,Week1,Cottontail,Week2,222.0 Holmes Run Acres - 180.0 Cottontail
Hollin Meadows,Week4,Lee Graham,Week1,273.0 Lee Graham - 129.0 Hollin Meadows
Hollin Hills,Week4,Waynewood,Week4,325.0 Waynewood - 77.0 Hollin Hills
Hollin Meadows,Week3,Holmes Run Acres,Week4,219.0 Hollin Meadows - 183.0 Holmes Run Acres
Hollin Meadows,Week5,Chesterbrook,Week1,319.0 Chesterbrook - 83.0 Hollin Meadows
Hollin Meadows,Week1,Woodley,Week2,284.0 Hollin Meadows - 118.0 Woodley
Hollin Meadows,Week2,Chesterbrook,Week1,328.0 Chesterbrook - 74.0 Hollin Meadows
Hollin Hills,Week5,Waynewood,Week2,325.0 Waynewood - 77.0 Hollin Hills
Hollin Meadows,Week3,Woodley,Week5,260.0 Hollin Meadows - 142.0 Woodley
Hollin Meadows,Week3,Lee Graham,Week1,289.0 Lee Graham - 113.0 Hollin Meadows
Hollin Hills,Week1,Waynewood,Week5,340.0 Waynewood - 62.0 Hollin Hills
Holmes Run Acres,Week2,Cottontail,Week3,215.0 Holmes Run Acres - 187.0 Cottontail
Hollin Meadows,Week2,Chesterbrook,Week5,344.0 Chesterbrook - 58.0 Hollin Meadows
Hollin Meadows,Week5,Holmes Run Acres,Week4,206.0 Hollin Meadows - 196.0 Holmes Run Acres
Holmes Run Acres,Week2,Country Club Hills,Week5,212.0 Country Club Hills - 190.0 Holmes Run Acres
Holmes Run Acres,Week1,Cottontail,Week5,206.0 Holmes Run Acres - 196.0 Cottontail
Hollin Hills,Week3,Waynewood,Week1,317.0 Waynewood - 85.0 Hollin Hills
Hollin Hills,Week3,Ilda Community,Week5,236.0 Ilda Community - 162.0 Hollin Hills
Hollin Hills,Week5,Ilda Community,Week2,241.0 Ilda Community - 160.0 Hollin Hills
Hollin Meadows,Week2,Holmes Run Acres,Week5,243.0 Holmes Run Acres - 154.0 Hollin Meadows
Holmes Run Acres,Week1,Annandale,Week2,259.0 Holmes Run Acres - 143.0 Annandale
Hollin Hills,Week2,Waynewood,Week4,334.0 Waynewood - 68.0 Hollin Hills
Hollin Meadows,Week5,Lee Graham,Week5,280.0 Lee Graham - 122.0 Hollin Meadows
Hollin Hills,Week5,Waynewood,Week5,335.0 Waynewood - 67.0 Hollin Hills
Hollin Meadows,Week5,Lee Graham,Week3,281.0 Lee Graham - 121.0 Hollin Meadows
Hollin Meadows,Week1,Holmes Run Acres,Week2,207.0 Hollin Meadows - 195.0 Holmes Run Acres
Hollin Meadows,Week1,Commonwealth,Week1,276.0 Hollin Meadows - 125.0 Commonwealth
Hollin Meadows,Week1,Holmes Run Acres,Week4,206.0 Hollin Meadows - 196.0 Holmes Run Acres
Hollin Hills,Week1,Kent Gardens,Week2,292.0 Kent Gardens - 109.0 Hollin Hills
Hollin Meadows,Week1,Woodley,Week4,282.0 Hollin Meadows - 120.0 Woodley
Hollin Meadows,Week4,Chesterbrook,Week1,333.0 Chesterbrook - 69.0 Hollin Meadows
Hollin Hills,Week5,Ilda Community,Week4,251.0 Ilda Community - 150.0 Hollin Hills
Hollin Meadows,Week5,Chesterbrook,Week4,342.0 Chesterbrook - 60.0 Hollin Meadows
Hollin Hills,Week2,Ilda Community,Week5,233.0 Ilda Community - 159.0 Hollin Hills
Hollin Meadows,Week5,Waynewood,Week3,237.0 Waynewood - 165.0 Hollin Meadows
Hollin Hills,Week5,Waynewood,Week3,331.0 Waynewood - 71.0 Hollin Hills
Holmes Run Acres,Week4,Cottontail,Week5,216.0 Holmes Run Acres - 186.0 Cottontail
Hollin Meadows,Week3,Woodley,Week3,282.0 Hollin Meadows - 120.0 Woodley
Hollin Meadows,Week2,Holmes Run Acres,Week4,215.0 Holmes Run Acres - 187.0 Hollin Meadows
Hollin Meadows,Week3,Holmes Run Acres,Week5,236.0 Holmes Run Acres - 166.0 Hollin Meadows
Hollin Meadows,Week5,Lee Graham,Week1,269.0 Lee Graham - 133.0 Hollin Meadows
Hollin Hills,Week5,Ilda Community,Week3,211.0 Ilda Community - 183.0 Hollin Hills
Hollin Meadows,Week3,Chesterbrook,Week4,353.0 Chesterbrook - 49.0 Hollin Meadows
Hollin Meadows,Week1,Commonwealth,Week2,243.0 Hollin Meadows - 158.0 Commonwealth
Hollin Meadows,Week2,Woodley,Week4,253.0 Hollin Meadows - 149.0 Woodley
Hollin Hills,Week5,Waynewood,Week4,323.0 Waynewood - 79.0 Hollin Hills
Hollin Meadows,Week1,Woodley,Week5,267.0 Hollin Meadows - 135.0 Woodley
Hollin Meadows,Week5,Lee Graham,Week4,261.0 Lee Graham - 141.0 Hollin Meadows
Hollin Hills,Week2,Kent Gardens,Week2,284.0 Kent Gardens - 114.0 Hollin Hills
Holmes Run Acres,Week1,Country Club Hills,Week3,222.0 Holmes Run Acres - 180.0 Country Club Hills
Hollin Meadows,Week3,Lee Graham,Week5,287.0 Lee Graham - 115.0 Hollin Meadows
Holmes Run Acres,Week2,Cottontail,Week1,205.0 Holmes Run Acres - 197.0 Cottontail
Hollin Hills,Week2,Waynewood,Week1,310.0 Waynewood - 91.0 Hollin Hills
Hollin Meadows,Week4,Lee Graham,Week3,285.0 Lee Graham - 117.0 Hollin Meadows
Hollin Hills,Week1,Woodley,Week1,246.0 Woodley - 156.0 Hollin Hills
Holmes Run Acres,Week3,Country Club Hills,Week1,265.0 Holmes Run Acres - 137.0 Country Club Hills
Hollin Meadows,Week3,Holmes Run Acres,Week2,207.0 Hollin Meadows - 195.0 Holmes Run Acres
Holmes Run Acres,Week4,Cottontail,Week2,234.0 Holmes Run Acres - 168.0 Cottontail
Hollin Meadows,Week1,Lincolnia Park,Week2,313.0 Hollin Meadows - 80.0 Lincolnia Park
Hollin Meadows,Week4,Chesterbrook,Week4,349.0 Chesterbrook - 53.0 Hollin Meadows
Hollin Meadows,Week2,Woodley,Week5,244.0 Hollin Meadows - 158.0 Woodley
Hollin Meadows,Week1,Chesterbrook,Week3,347.0 Chesterbrook - 55.0 Hollin Meadows
Hollin Hills,Week1,Kent Gardens,Week5,319.0 Kent Gardens - 83.0 Hollin Hills
Hollin Meadows,Week1,Commonwealth,Week5,246.0 Hollin Meadows - 156.0 Commonwealth
Hollin Meadows,Week1,Lincolnia Park,Week4,305.0 Hollin Meadows - 97.0 Lincolnia Park
Hollin Meadows,Week1,Commonwealth,Week3,254.5 Hollin Meadows - 147.5 Commonwealth
Hollin Meadows,Week5,Hollin Meadows,Week5,200.5 Hollin Meadows (HM1) - 200.5 Hollin Meadows (HM2)
Hollin Hills,Week3,Waynewood,Week5,339.0 Waynewood - 63.0 Hollin Hills
Hollin Meadows,Week1,Woodley,Week1,291.0 Hollin Meadows - 111.0 Woodley
Hollin Meadows,Week2,Lincolnia Park,Week2,303.0 Hollin Meadows - 89.0 Lincolnia Park
Hollin Hills,Week3,Waynewood,Week4,336.0 Waynewood - 66.0 Hollin Hills
Hollin Meadows,Week1,Holmes Run Acres,Week5,228.0 Holmes Run Acres - 174.0 Hollin Meadows
Holmes Run Acres,Week3,Cottontail,Week2,260.0 Holmes Run Acres - 142.0 Cottontail
Hollin Meadows,Week4,Holmes Run Acres,Week4,204.0 Hollin Meadows - 198.0 Holmes Run Acres
Holmes Run Acres,Week2,Country Club Hills,Week2,213.0 Holmes Run Acres - 189.0 Country Club Hills
Hollin Hills,Week3,Kent Gardens,Week1,288.0 Kent Gardens - 113.0 Hollin Hills
Hollin Meadows,Week1,Lincolnia Park,Week3,285.0 Hollin Meadows - 108.0 Lincolnia Park
Holmes Run Acres,Week1,Country Club Hills,Week4,238.0 Holmes Run Acres - 164.0 Country Club Hills
Hollin Hills,Week2,Kent Gardens,Week3,291.0 Kent Gardens - 106.0 Hollin Hills
Hollin Meadows,Week2,Commonwealth,Week2,213.0 Hollin Meadows - 189.0 Commonwealth
Hollin Meadows,Week2,Woodley,Week3,254.0 Hollin Meadows - 148.0 Woodley
Hollin Meadows,Week4,Waynewood,Week5,258.0 Waynewood - 144.0 Hollin Meadows
Hollin Hills,Week2,Waynewood,Week2,330.0 Waynewood - 72.0 Hollin Hills
Hollin Hills,Week3,Holmes Run Acres,Week3,318.0 Holmes Run Acres - 84.0 Hollin Hills
Hollin Meadows,Week1,Hunt Valley,Week2,248.0 Hunt Valley - 154.0 Hollin Meadows
Hollin Meadows,Week5,Holmes Run Acres,Week5,223.0 Holmes Run Acres - 179.0 Hollin Meadows
Hollin Meadows,Week2,Woodley,Week1,258.0 Hollin Meadows - 144.0 Woodley
Hollin Meadows,Week2,Lincolnia Park,Week3,267.0 Hollin Meadows - 126.0 Lincolnia Park
Hollin Meadows,Week1,Lincolnia Park,Week1,313.0 Hollin Meadows - 89.0 Lincolnia Park
Hollin Meadows,Week3,Woodley,Week1,282.0 Hollin Meadows - 120.0 Woodley
Hollin Hills,Week3,Kent Gardens,Week5,313.0 Kent Gardens - 89.0 Hollin Hills
Hollin Meadows,Week2,Commonwealth,Week3,232.0 Hollin Meadows - 170.0 Commonwealth
Hollin Meadows,Week2,Commonwealth,Week4,242.0 Hollin Meadows - 160.0 Commonwealth
Hollin Meadows,Week2,Hunt Valley,Week1,266.0 Hunt Valley - 136.0 Hollin Meadows
Hollin Meadows,Week1,Hunt Valley,Week4,260.0 Hunt Valley - 142.0 Hollin Meadows
Hollin Hills,Week4,Kent Gardens,Week1,303.0 Kent Gardens - 98.0 Hollin Hills
Hollin Meadows,Week4,Woodley,Week3,282.0 Hollin Meadows - 120.0 Woodley
Hollin Meadows,Week3,Lee Graham,Week3,284.0 Lee Graham - 118.0 Hollin Meadows
Hollin Hills,Week1,Waynewood,Week4,329.0 Waynewood - 73.0 Hollin Hills
Hollin Hills,Week1,Woodley,Week2,252.0 Woodley - 149.0 Hollin Hills
Holmes Run Acres,Week5,Cottontail,Week2,268.0 Holmes Run Acres - 134.0 Cottontail
Holmes Run Acres,Week2,Country Club Hills,Week3,218.5 Holmes Run Acres - 183.5 Country Club Hills
Hollin Meadows,Week5,Holmes Run Acres,Week1,214.5 Hollin Meadows - 187.5 Holmes Run Acres
Hollin Meadows,Week2,Commonwealth,Week5,220.0 Hollin Meadows - 182.0 Commonwealth
Hollin Hills,Week1,Woodley,Week3,250.0 Woodley - 148.0 Hollin Hills
Hollin Meadows,Week4,Woodley,Week4,276.0 Hollin Meadows - 126.0 Woodley
Hollin Hills,Week1,Hunt Valley,Week5,372.0 Hunt Valley - 30.0 Hollin Hills
Holmes Run Acres,Week1,Country Club Hills,Week2,223.5 Holmes Run Acres - 178.5 Country Club Hills
Hollin Hills,Week5,Waynewood,Week1,315.0 Waynewood - 87.0 Hollin Hills
Hollin Meadows,Week3,Lee Graham,Week4,263.0 Lee Graham - 139.0 Hollin Meadows
Holmes Run Acres,Week4,Cottontail,Week1,228.0 Holmes Run Acres - 174.0 Cottontail
Holmes Run Acres,Week5,Cottontail,Week5,258.0 Holmes Run Acres - 144.0 Cottontail
Hollin Meadows,Week3,Commonwealth,Week1,273.0 Hollin Meadows - 128.0 Commonwealth
Hollin Hills,Week2,Holmes Run Acres,Week5,322.0 Holmes Run Acres - 80.0 Hollin Hills
Hollin Hills,Week2,Hunt Valley,Week2,344.0 Hunt Valley - 57.0 Hollin Hills
Hollin Meadows,Week5,Woodley,Week4,296.0 Hollin Meadows - 106.0 Woodley
Hollin Meadows,Week3,Lincolnia Park,Week5,292.0 Hollin Meadows - 101.0 Lincolnia Park
Hollin Meadows,Week4,Commonwealth,Week5,246.0 Hollin Meadows - 156.0 Commonwealth
Hollin Meadows,Week5,Woodley,Week1,305.0 Hollin Meadows - 97.0 Woodley
Hollin Meadows,Week3,Little Hunting Park,Week1,262.0 Hollin Meadows - 139.0 Little Hunting Park
Holmes Run Acres,Week2,Cottontail,Week5,206.0 Holmes Run Acres - 196.0 Cottontail
Hollin Meadows,Week3,Commonwealth,Week4,265.0 Hollin Meadows - 136.0 Commonwealth
Hollin Meadows,Week4,Hunt Valley,Week4,280.0 Hunt Valley - 122.0 Hollin Meadows
Hollin Meadows,Week3,Commonwealth,Week2,242.0 Hollin Meadows - 160.0 Commonwealth
Hollin Hills,Week5,Holmes Run Acres,Week1,294.0 Holmes Run Acres - 107.0 Hollin Hills
Hollin Meadows,Week5,Woodley,Week2,289.0 Hollin Meadows - 113.0 Woodley
Hollin Meadows,Week4,Hunt Valley,Week2,268.0 Hunt Valley - 134.0 Hollin Meadows
Holmes Run Acres,Week1,Annandale,Week3,257.0 Holmes Run Acres - 145.0 Annandale
Holmes Run Acres,Week5,Cottontail,Week3,275.0 Holmes Run Acres - 127.0 Cottontail
Hollin Hills,Week2,Woodley,Week3,241.0 Woodley - 157.0 Hollin Hills
Hollin Meadows,Week2,Little Hunting Park,Week4,255.0 Hollin Meadows - 147.0 Little Hunting Park
Hollin Hills,Week4,Woodley,Week5,237.0 Woodley - 162.0 Hollin Hills
Hollin Hills,Week3,Hunt Valley,Week4,356.0 Hunt Valley - 46.0 Hollin Hills
Hollin Meadows,Week5,Commonwealth,Week3,261.0 Hollin Meadows - 141.0 Commonwealth
Hollin Meadows,Week2,Hunt Valley,Week2,271.0 Hunt Valley - 131.0 Hollin Meadows
Hollin Hills,Week4,Woodley,Week2,227.0 Woodley - 173.0 Hollin Hills
Hollin Hills,Week4,Holmes Run Acres,Week1,292.0 Holmes Run Acres - 108.0 Hollin Hills
Holmes Run Acres,Week3,Cottontail,Week5,245.0 Holmes Run Acres - 157.0 Cottontail
Hollin Meadows,Week4,Lee Graham,Week4,276.0 Lee Graham - 126.0 Hollin Meadows
Hollin Meadows,Week5,Woodley,Week5,286.0 Hollin Meadows - 116.0 Woodley
Holmes Run Acres,Week4,Cottontail,Week4,229.0 Holmes Run Acres - 173.0 Cottontail
Hollin Meadows,Week1,Lincolnia Park,Week5,286.0 Hollin Meadows - 107.0 Lincolnia Park
Hollin Meadows,Week2,Annandale,Week2,267.0 Hollin Meadows - 135.0 Annandale
Hollin Meadows,Week4,Hunt Valley,Week5,293.0 Hunt Valley - 109.0 Hollin Meadows
Holmes Run Acres,Week5,Cottontail,Week4,269.0 Holmes Run Acres - 133.0 Cottontail
Hollin Meadows,Week2,Annandale,Week1,283.0 Hollin Meadows - 114.0 Annandale
Hollin Meadows,Week4,Commonwealth,Week1,264.0 Hollin Meadows - 138.0 Commonwealth
Hollin Meadows,Week2,Lincolnia Park,Week1,304.0 Hollin Meadows - 98.0 Lincolnia Park
Hollin Meadows,Week5,Lee Graham,Week2,279.0 Lee Graham - 123.0 Hollin Meadows
Hollin Meadows,Week2,Cottontail,Week4,216.0 Hollin Meadows - 186.0 Cottontail
Hollin Meadows,Week3,Hunt Valley,Week4,283.0 Hunt Valley - 119.0 Hollin Meadows
Hollin Meadows,Week2,Hunt Valley,Week3,284.0 Hunt Valley - 118.0 Hollin Meadows
Hollin Meadows,Week4,Hunt Valley,Week3,283.0 Hunt Valley - 119.0 Hollin Meadows
Hollin Meadows,Week3,Cottontail,Week5,228.0 Hollin Meadows - 174.0 Cottontail
Hollin Hills,Week1,Hunt Valley,Week2,362.0 Hunt Valley - 39.0 Hollin Hills
Holmes Run Acres,Week3,Cottontail,Week3,266.0 Holmes Run Acres - 136.0 Cottontail
Holmes Run Acres,Week1,Annandale,Week1,255.0 Holmes Run Acres - 147.0 Annandale
Hollin Meadows,Week5,Woodley,Week3,304.0 Hollin Meadows - 98.0 Woodley
Hollin Hills,Week5,Holmes Run Acres,Week2,279.0 Holmes Run Acres - 123.0 Hollin Hills
Hollin Hills,Week5,Woodley,Week4,215.0 Woodley - 185.0 Hollin Hills
Hollin Hills,Week3,Waynewood,Week2,324.0 Waynewood - 78.0 Hollin Hills
Holmes Run Acres,Week3,Country Club Hills,Week2,281.0 Holmes Run Acres - 121.0 Country Club Hills
Hollin Meadows,Week4,Lincolnia Park,Week5,283.0 Hollin Meadows - 110.0 Lincolnia Park
Holmes Run Acres,Week5,Cottontail,Week1,255.0 Holmes Run Acres - 147.0 Cottontail
Hollin Meadows,Week3,Annandale,Week3,287.0 Hollin Meadows - 115.0 Annandale
Hollin Hills,Week4,Holmes Run Acres,Week5,322.0 Holmes Run Acres - 79.0 Hollin Hills
Hollin Meadows,Week5,Hunt Valley,Week1,259.0 Hunt Valley - 143.0 Hollin Meadows
Hollin Hills,Week1,Hunt Valley,Week3,369.0 Hunt Valley - 32.0 Hollin Hills
Hollin Hills,Week1,Woodley,Week5,254.0 Woodley - 147.0 Hollin Hills
Hollin Meadows,Week1,Annandale,Week2,284.0 Hollin Meadows - 118.0 Annandale
Holmes Run Acres,Week2,Annandale,Week3,252.0 Holmes Run Acres - 150.0 Annandale
Holmes Run Acres,Week2,Annandale,Week1,258.0 Holmes Run Acres - 139.0 Annandale
Holmes Run Acres,Week3,Cottontail,Week1,255.0 Holmes Run Acres - 147.0 Cottontail
Hollin Meadows,Week2,Cottontail,Week2,230.5 Hollin Meadows - 171.5 Cottontail
Hollin Meadows,Week5,Hunt Valley,Week3,277.0 Hunt Valley - 125.0 Hollin Meadows
Hollin Meadows,Week4,Commonwealth,Week2,230.0 Hollin Meadows - 172.0 Commonwealth
Hollin Meadows,Week1,Cottontail,Week2,249.0 Hollin Meadows - 153.0 Cottontail
Holmes Run Acres,Week3,Annandale,Week4,306.0 Holmes Run Acres - 96.0 Annandale
Hollin Hills,Week4,Holmes Run Acres,Week4,288.0 Holmes Run Acres - 111.0 Hollin Hills
Hollin Meadows,Week3,Little Hunting Park,Week3,270.0 Hollin Meadows - 132.0 Little Hunting Park
Holmes Run Acres,Week4,Cottontail,Week3,235.0 Holmes Run Acres - 167.0 Cottontail
Hollin Meadows,Week2,Lincolnia Park,Week4,281.0 Hollin Meadows - 121.0 Lincolnia Park
Hollin Meadows,Week3,Hunt Valley,Week5,283.0 Hunt Valley - 119.0 Hollin Meadows
Holmes Run Acres,Week1,Country Club Hills,Week5,204.0 Holmes Run Acres - 198.0 Country Club Hills
Hollin Meadows,Week3,Commonwealth,Week3,247.5 Hollin Meadows - 153.5 Commonwealth
Hollin Hills,Week1,Woodley,Week4,243.0 Woodley - 159.0 Hollin Hills
Hollin Hills,Week3,Woodley,Week3,234.0 Woodley - 167.0 Hollin Hills
Hollin Hills,Week1,Hunt Valley,Week4,359.0 Hunt Valley - 42.0 Hollin Hills
Holmes Run Acres,Week3,Cottontail,Week4,262.0 Holmes Run Acres - 140.0 Cottontail
Hollin Meadows,Week5,Lincolnia Park,Week1,327.0 Hollin Meadows - 74.0 Lincolnia Park
Holmes Run Acres,Week5,Annandale,Week3,297.0 Holmes Run Acres - 105.0 Annandale
Hollin Hills,Week2,Hunt Valley,Week1,351.0 Hunt Valley - 51.0 Hollin Hills
Hollin Meadows,Week3,Lincolnia Park,Week4,308.0 Hollin Meadows - 94.0 Lincolnia Park
Holmes Run Acres,Week4,Annandale,Week3,265.0 Holmes Run Acres - 137.0 Annandale
Holmes Run Acres,Week1,Country Club Hills,Week1,224.0 Holmes Run Acres - 178.0 Country Club Hills
Hollin Meadows,Week3,Hunt Valley,Week2,278.0 Hunt Valley - 124.0 Hollin Meadows
Hollin Hills,Week2,Woodley,Week5,242.0 Woodley - 158.0 Hollin Hills
Holmes Run Acres,Week2,Country Club Hills,Week1,217.0 Holmes Run Acres - 180.0 Country Club Hills
Hollin Meadows,Week4,Commonwealth,Week4,250.0 Hollin Meadows - 152.0 Commonwealth
Hollin Meadows,Week1,Little Hunting Park,Week1,264.0 Hollin Meadows - 137.0 Little Hunting Park
Hollin Meadows,Week3,Cottontail,Week2,226.0 Hollin Meadows - 176.0 Cottontail
Holmes Run Acres,Week3,Annandale,Week1,298.0 Holmes Run Acres - 104.0 Annandale
Hollin Meadows,Week3,Hunt Valley,Week1,273.0 Hunt Valley - 129.0 Hollin Meadows
Holmes Run Acres,Week4,Annandale,Week1,274.0 Holmes Run Acres - 128.0 Annandale
Hollin Meadows,Week5,Hunt Valley,Week4,264.5 Hunt Valley - 137.5 Hollin Meadows
Hollin Hills,Week3,Holmes Run Acres,Week4,301.0 Holmes Run Acres - 101.0 Hollin Hills
Hollin Hills,Week5,Holmes Run Acres,Week3,313.0 Holmes Run Acres - 89.0 Hollin Hills
Hollin Meadows,Week2,Hunt Valley,Week5,289.0 Hunt Valley - 113.0 Hollin Meadows
Hollin Meadows,Week5,Lincolnia Park,Week3,297.0 Hollin Meadows - 96.0 Lincolnia Park
Hollin Hills,Week3,Woodley,Week5,234.0 Woodley - 168.0 Hollin Hills
Hollin Meadows,Week3,Cottontail,Week1,222.0 Hollin Meadows - 180.0 Cottontail
Holmes Run Acres,Week5,Annandale,Week2,282.0 Holmes Run Acres - 120.0 Annandale
Hollin Meadows,Week1,Country Club Hills,Week1,246.0 Hollin Meadows - 156.0 Country Club Hills
Hollin Hills,Week4,Holmes Run Acres,Week2,289.0 Holmes Run Acres - 113.0 Hollin Hills
Hollin Meadows,Week4,Hunt Valley,Week1,278.0 Hunt Valley - 124.0 Hollin Meadows
Holmes Run Acres,Week5,Annandale,Week5,289.0 Holmes Run Acres - 113.0 Annandale
Holmes Run Acres,Week1,Crosspointe,Week1,272.0 Crosspointe - 130.0 Holmes Run Acres
Hollin Meadows,Week5,Hunt Valley,Week2,251.0 Hunt Valley - 151.0 Hollin Meadows
Hollin Hills,Week5,Woodley,Week2,223.0 Woodley - 178.0 Hollin Hills
Hollin Meadows,Week1,Annandale,Week4,296.0 Hollin Meadows - 106.0 Annandale
Holmes Run Acres,Week2,Country Club Hills,Week4,227.0 Holmes Run Acres - 175.0 Country Club Hills
Holmes Run Acres,Week5,Annandale,Week4,310.0 Holmes Run Acres - 92.0 Annandale
Hollin Hills,Week5,Holmes Run Acres,Week5,320.0 Holmes Run Acres - 82.0 Hollin Hills
Hollin Meadows,Week2,Cottontail,Week5,213.0 Hollin Meadows - 189.0 Cottontail
Hollin Hills,Week3,Woodley,Week1,243.0 Woodley - 159.0 Hollin Hills
Hollin Meadows,Week1,Hunter Mill,Week1,219.0 Hunter Mill - 183.0 Hollin Meadows
Hollin Hills,Week4,Holmes Run Acres,Week3,318.0 Holmes Run Acres - 84.0 Hollin Hills
Hollin Meadows,Week5,Commonwealth,Week2,237.0 Hollin Meadows - 165.0 Commonwealth
Hollin Meadows,Week5,Lincolnia Park,Week5,299.0 Hollin Meadows - 94.0 Lincolnia Park
Hollin Hills,Week5,Woodley,Week1,243.0 Woodley - 158.0 Hollin Hills
Hollin Meadows,Week3,Hunt Valley,Week3,285.0 Hunt Valley - 117.0 Hollin Meadows
Hollin Meadows,Week1,Little Hunting Park,Week3,273.0 Hollin Meadows - 129.0 Little Hunting Park
Hollin Meadows,Week5,Lincolnia Park,Week2,331.0 Hollin Meadows - 61.0 Lincolnia Park
Hollin Hills,Week2,Hunt Valley,Week4,343.0 Hunt Valley - 58.0 Hollin Hills
Hollin Meadows,Week5,Commonwealth,Week5,260.0 Hollin Meadows - 142.0 Commonwealth
Hollin Hills,Week2,Hunt Valley,Week5,365.0 Hunt Valley - 37.0 Hollin Hills
Holmes Run Acres,Week1,Arlington Forest,Week1,230.5 Arlington Forest - 171.5 Holmes Run Acres
Holmes Run Acres,Week3,Crosspointe,Week3,239.0 Crosspointe - 163.0 Holmes Run Acres
Hollin Hills,Week3,Holmes Run Acres,Week1,291.0 Holmes Run Acres - 111.0 Hollin Hills
Hollin Hills,Week5,Holmes Run Acres,Week4,292.0 Holmes Run Acres - 110.0 Hollin Hills
Hollin Meadows,Week4,Commonwealth,Week3,240.0 Hollin Meadows - 162.0 Commonwealth
Hollin Meadows,Week4,Lincolnia Park,Week2,315.0 Hollin Meadows - 78.0 Lincolnia Park
Holmes Run Acres,Week2,Crosspointe,Week1,279.0 Crosspointe - 123.0 Holmes Run Acres
Holmes Run Acres,Week4,Annandale,Week4,284.0 Holmes Run Acres - 118.0 Annandale
Holmes Run Acres,Week1,Crosspointe,Week3,280.0 Crosspointe - 122.0 Holmes Run Acres
Hollin Meadows,Week5,Hunt Valley,Week5,273.0 Hunt Valley - 129.0 Hollin Meadows
Hollin Meadows,Week1,Country Club Hills,Week3,244.0 Hollin Meadows - 158.0 Country Club Hills
Hollin Meadows,Week1,Hunter Mill,Week2,212.0 Hunter Mill - 189.0 Hollin Meadows
Hollin Hills,Week4,Woodley,Week4,237.0 Woodley - 165.0 Hollin Hills
Hollin Meadows,Week1,Little Hunting Park,Week4,266.0 Hollin Meadows - 136.0 Little Hunting Park
Holmes Run Acres,Week4,Annandale,Week2,262.0 Holmes Run Acres - 140.0 Annandale
Hollin Meadows,Week5,Cottontail,Week2,247.0 Hollin Meadows - 155.0 Cottontail
Holmes Run Acres,Week5,Country Club Hills,Week2,268.0 Holmes Run Acres - 134.0 Country Club Hills
Holmes Run Acres,Week3,Annandale,Week2,290.0 Holmes Run Acres - 112.0 Annandale
Hollin Meadows,Week3,Lincolnia Park,Week1,323.0 Hollin Meadows - 79.0 Lincolnia Park
Hollin Hills,Week3,Hunt Valley,Week1,346.0 Hunt Valley - 56.0 Hollin Hills
Holmes Run Acres,Week1,Arlington Forest,Week3,211.0 Holmes Run Acres - 191.0 Arlington Forest
Hollin Meadows,Week4,Lincolnia Park,Week4,312.0 Hollin Meadows - 90.0 Lincolnia Park
Hollin Meadows,Week5,Cottontail,Week5,232.0 Hollin Meadows - 170.0 Cottontail
Holmes Run Acres,Week3,Country Club Hills,Week4,268.0 Holmes Run Acres - 134.0 Country Club Hills
Hollin Hills,Week3,Woodley,Week2,226.0 Woodley - 176.0 Hollin Hills
Hollin Hills,Week3,Woodley,Week4,239.0 Woodley - 163.0 Hollin Hills
Hollin Meadows,Week2,Cottontail,Week3,229.0 Hollin Meadows - 173.0 Cottontail
Hollin Hills,Week4,Woodley,Week3,235.0 Woodley - 163.0 Hollin Hills
Holmes Run Acres,Week3,Annandale,Week5,278.0 Holmes Run Acres - 124.0 Annandale
Holmes Run Acres,Week4,Country Club Hills,Week2,234.0 Holmes Run Acres - 168.0 Country Club Hills
Hollin Hills,Week3,Holmes Run Acres,Week2,285.0 Holmes Run Acres - 117.0 Hollin Hills
Hollin Hills,Week5,Woodley,Week5,224.0 Woodley - 178.0 Hollin Hills
Hollin Meadows,Week4,Lincolnia Park,Week3,279.0 Hollin Meadows - 114.0 Lincolnia Park
Hollin Meadows,Week5,Commonwealth,Week4,263.0 Hollin Meadows - 139.0 Commonwealth
Holmes Run Acres,Week1,Arlington Forest,Week5,227.0 Arlington Forest - 175.0 Holmes Run Acres
Hollin Meadows,Week2,Lincolnia Park,Week5,263.0 Hollin Meadows - 130.0 Lincolnia Park
Holmes Run Acres,Week5,Country Club Hills,Week4,259.0 Holmes Run Acres - 143.0 Country Club Hills
Hollin Hills,Week2,Woodley,Week1,248.0 Woodley - 154.0 Hollin Hills
Hollin Meadows,Week3,Lincolnia Park,Week3,285.5 Hollin Meadows - 107.5 Lincolnia Park
Hollin Meadows,Week4,Lincolnia Park,Week1,309.0 Hollin Meadows - 93.0 Lincolnia Park
Hollin Hills,Week3,Holmes Run Acres,Week5,317.0 Holmes Run Acres - 85.0 Hollin Hills
Holmes Run Acres,Week4,Country Club Hills,Week1,228.0 Holmes Run Acres - 174.0 Country Club Hills
Hollin Hills,Week2,Woodley,Week2,245.0 Woodley - 156.0 Hollin Hills
Holmes Run Acres,Week2,Crosspointe,Week3,271.0 Crosspointe - 131.0 Holmes Run Acres
Holmes Run Acres,Week1,Arlington Forest,Week4,233.0 Arlington Forest - 169.0 Holmes Run Acres
Hollin Meadows,Week1,Cottontail,Week4,248.0 Hollin Meadows - 154.0 Cottontail
Hollin Hills,Week3,Hunt Valley,Week2,353.0 Hunt Valley - 49.0 Hollin Hills
Hollin Meadows,Week1,Cottontail,Week5,248.0 Hollin Meadows - 154.0 Cottontail
Hollin Meadows,Week1,Little Hunting Park,Week2,257.0 Hollin Meadows - 144.0 Little Hunting Park
Holmes Run Acres,Week5,Country Club Hills,Week5,246.0 Holmes Run Acres - 156.0 Country Club Hills
Hollin Hills,Week1,Hunt Valley,Week1,346.0 Hunt Valley - 51.0 Hollin Hills
Hollin Meadows,Week1,Cottontail,Week3,260.5 Hollin Meadows - 141.5 Cottontail
Holmes Run Acres,Week4,Country Club Hills,Week5,213.0 Holmes Run Acres - 189.0 Country Club Hills
Hollin Hills,Week5,Woodley,Week3,222.0 Woodley - 179.0 Hollin Hills
Hollin Hills,Week4,Hunt Valley,Week1,354.0 Hunt Valley - 48.0 Hollin Hills
Hollin Meadows,Week1,Annandale,Week1,305.0 Hollin Meadows - 97.0 Annandale
Holmes Run Acres,Week2,Arlington Forest,Week1,218.0 Arlington Forest - 184.0 Holmes Run Acres
Hollin Meadows,Week1,Annandale,Week3,273.0 Hollin Meadows - 129.0 Annandale
Holmes Run Acres,Week3,Crosspointe,Week2,216.0 Crosspointe - 186.0 Holmes Run Acres
Hollin Meadows,Week3,Commonwealth,Week5,254.0 Hollin Meadows - 148.0 Commonwealth
Holmes Run Acres,Week5,Annandale,Week1,295.0 Holmes Run Acres - 102.0 Annandale
Hollin Hills,Week2,Woodley,Week4,242.0 Woodley - 159.0 Hollin Hills
Holmes Run Acres,Week2,Arlington Forest,Week2,204.0 Arlington Forest - 198.0 Holmes Run Acres
Hollin Meadows,Week1,Cottontail,Week1,234.0 Hollin Meadows - 168.0 Cottontail
Hollin Meadows,Week1,Little Hunting Park,Week5,241.0 Hollin Meadows - 161.0 Little Hunting Park
Hollin Meadows,Week2,Little Hunting Park,Week2,245.0 Hollin Meadows - 157.0 Little Hunting Park
Hollin Hills,Week3,Hunt Valley,Week3,363.0 Hunt Valley - 39.0 Hollin Hills
Holmes Run Acres,Week3,Annandale,Week3,287.0 Holmes Run Acres - 115.0 Annandale
Hollin Meadows,Week3,Lincolnia Park,Week2,313.0 Hollin Meadows - 80.0 Lincolnia Park
Holmes Run Acres,Week2,Crosspointe,Week5,295.0 Crosspointe - 107.0 Holmes Run Acres
Hollin Hills,Week2,Hunt Valley,Week3,360.0 Hunt Valley - 41.0 Hollin Hills
Holmes Run Acres,Week5,Crosspointe,Week4,228.0 Crosspointe - 174.0 Holmes Run Acres
Hollin Hills,Week5,Hunt Valley,Week1,344.0 Hunt Valley - 58.0 Hollin Hills
Hollin Hills,Week4,Woodley,Week1,233.0 Woodley - 169.0 Hollin Hills
Hollin Meadows,Week5,Commonwealth,Week1,279.0 Hollin Meadows - 123.0 Commonwealth
Hollin Meadows,Week2,Little Hunting Park,Week1,242.0 Hollin Meadows - 160.0 Little Hunting Park
Holmes Run Acres,Week1,Arlington Forest,Week2,201.0 Arlington Forest - 201.0 Holmes Run Acres
Hollin Hills,Week4,Hunt Valley,Week5,369.0 Hunt Valley - 33.0 Hollin Hills
Hollin Meadows,Week4,Cottontail,Week2,234.0 Hollin Meadows - 168.0 Cottontail
Hollin Meadows,Week2,Cottontail,Week1,224.0 Hollin Meadows - 178.0 Cottontail
Hollin Meadows,Week3,Cottontail,Week3,240.0 Hollin Meadows - 162.0 Cottontail
Hollin Meadows,Week3,Little Hunting Park,Week2,265.0 Hollin Meadows - 136.0 Little Hunting Park
Hollin Meadows,Week2,Annandale,Week3,267.0 Hollin Meadows - 135.0 Annandale
Hollin Meadows,Week2,Annandale,Week4,285.0 Hollin Meadows - 117.0 Annandale
Holmes Run Acres,Week3,Arlington Forest,Week4,207.0 Holmes Run Acres - 195.0 Arlington Forest
Holmes Run Acres,Week2,Arlington Forest,Week3,217.0 Holmes Run Acres - 185.0 Arlington Forest
Hollin Meadows,Week1,Annandale,Week5,289.0 Hollin Meadows - 113.0 Annandale
Holmes Run Acres,Week1,Crosspointe,Week5,289.0 Crosspointe - 113.0 Holmes Run Acres
Hollin Hills,Week5,Hunt Valley,Week4,344.0 Hunt Valley - 58.0 Hollin Hills
Holmes Run Acres,Week5,Arlington Forest,Week3,270.0 Holmes Run Acres - 132.0 Arlington Forest
Holmes Run Acres,Week4,Annandale,Week5,261.0 Holmes Run Acres - 141.0 Annandale
Hollin Meadows,Week3,Annandale,Week2,296.0 Hollin Meadows - 105.0 Annandale
Hollin Meadows,Week2,Annandale,Week5,277.0 Hollin Meadows - 125.0 Annandale
Hollin Meadows,Week2,Arlington Forest,Week5,223.0 Arlington Forest - 179.0 Hollin Meadows
Hollin Meadows,Week2,Little Hunting Park,Week3,256.0 Hollin Meadows - 146.0 Little Hunting Park
Hollin Meadows,Week4,Cottontail,Week1,227.0 Hollin Meadows - 175.0 Cottontail
Holmes Run Acres,Week3,Crosspointe,Week4,237.0 Crosspointe - 165.0 Holmes Run Acres
Holmes Run Acres,Week2,Annandale,Week5,252.0 Holmes Run Acres - 150.0 Annandale
Holmes Run Acres,Week1,Brandywine,Week5,240.0 Brandywine - 162.0 Holmes Run Acres
Hollin Meadows,Week2,Little Hunting Park,Week5,221.0 Hollin Meadows - 180.0 Little Hunting Park
Hollin Hills,Week4,Hunt Valley,Week2,357.0 Hunt Valley - 44.0 Hollin Hills
Hollin Hills,Week5,Hunt Valley,Week2,351.0 Hunt Valley - 51.0 Hollin Hills
Hollin Meadows,Week5,Lincolnia Park,Week4,319.0 Hollin Meadows - 82.0 Lincolnia Park
Hollin Meadows,Week4,Little Rocky Run,Week1,256.0 Little Rocky Run - 146.0 Hollin Meadows
Hollin Meadows,Week3,Little Rocky Run,Week2,255.0 Little Rocky Run - 147.0 Hollin Meadows
Hollin Hills,Week3,Hunt Valley,Week5,367.0 Hunt Valley - 35.0 Hollin Hills
Hollin Meadows,Week3,Annandale,Week1,310.5 Hollin Meadows - 91.5 Annandale
Hollin Meadows,Week4,Cottontail,Week3,242.0 Hollin Meadows - 160.0 Cottontail
Hollin Hills,Week1,Hunter Mill,Week1,314.0 Hunter Mill - 87.0 Hollin Hills
Holmes Run Acres,Week3,Country Club Hills,Week5,244.0 Holmes Run Acres - 158.0 Country Club Hills
Hollin Meadows,Week1,Little Rocky Run,Week3,269.0 Little Rocky Run - 133.0 Hollin Meadows
Holmes Run Acres,Week1,Crosspointe,Week4,279.0 Crosspointe - 123.0 Holmes Run Acres
Holmes Run Acres,Week2,Crosspointe,Week2,273.0 Crosspointe - 129.0 Holmes Run Acres
Holmes Run Acres,Week2,Crosspointe,Week4,275.0 Crosspointe - 127.0 Holmes Run Acres
Hollin Hills,Week1,Hunter Mill,Week2,319.0 Hunter Mill - 78.0 Hollin Hills
Hollin Hills,Week5,Hunt Valley,Week3,359.0 Hunt Valley - 43.0 Hollin Hills
Holmes Run Acres,Week1,Brandywine,Week1,204.0 Holmes Run Acres - 198.0 Brandywine
Holmes Run Acres,Week3,Brandywine,Week1,241.0 Holmes Run Acres - 161.0 Brandywine
Hollin Meadows,Week2,Little Rocky Run,Week5,280.0 Little Rocky Run - 122.0 Hollin Meadows
Hollin Meadows,Week4,Cottontail,Week4,233.0 Hollin Meadows - 169.0 Cottontail
Hollin Meadows,Week3,Cottontail,Week4,229.0 Hollin Meadows - 173.0 Cottontail
Hollin Meadows,Week4,Cottontail,Week5,234.0 Hollin Meadows - 168.0 Cottontail
Holmes Run Acres,Week3,Country Club Hills,Week3,268.0 Holmes Run Acres - 134.0 Country Club Hills
Holmes Run Acres,Week5,Country Club Hills,Week1,264.0 Holmes Run Acres - 138.0 Country Club Hills
Hollin Hills,Week5,Hunt Valley,Week5,353.0 Hunt Valley - 49.0 Hollin Hills
Hollin Meadows,Week3,Annandale,Week4,305.0 Hollin Meadows - 96.0 Annandale
Hollin Meadows,Week5,Annandale,Week3,293.0 Hollin Meadows - 109.0 Annandale
Hollin Meadows,Week4,Little Rocky Run,Week4,271.0 Little Rocky Run - 131.0 Hollin Meadows
Hollin Meadows,Week4,Annandale,Week1,297.0 Hollin Meadows - 105.0 Annandale
Holmes Run Acres,Week4,Country Club Hills,Week3,229.0 Holmes Run Acres - 173.0 Country Club Hills
Holmes Run Acres,Week2,Brandywine,Week3,221.0 Brandywine - 180.0 Holmes Run Acres
Hollin Meadows,Week5,Cottontail,Week4,240.0 Hollin Meadows - 162.0 Cottontail
Holmes Run Acres,Week3,Brandywine,Week4,233.0 Holmes Run Acres - 169.0 Brandywine
Holmes Run Acres,Week3,Crosspointe,Week1,237.0 Crosspointe - 165.0 Holmes Run Acres
Hollin Meadows,Week5,Little Hunting Park,Week2,279.0 Hollin Meadows - 123.0 Little Hunting Park
Hollin Meadows,Week2,Little Rocky Run,Week2,245.0 Little Rocky Run - 157.0 Hollin Meadows
Hollin Meadows,Week5,Little Hunting Park,Week1,269.0 Hollin Meadows - 133.0 Little Hunting Park
Hollin Hills,Week4,Hunt Valley,Week4,356.0 Hunt Valley - 44.0 Hollin Hills
Hollin Meadows,Week1,Arlington Forest,Week3,235.0 Hollin Meadows - 167.0 Arlington Forest
Hollin Meadows,Week5,Cottontail,Week1,234.0 Hollin Meadows - 168.0 Cottontail
Holmes Run Acres,Week4,Brandywine,Week3,203.0 Brandywine - 198.0 Holmes Run Acres
Holmes Run Acres,Week4,Country Club Hills,Week4,230.0 Holmes Run Acres - 172.0 Country Club Hills
Hollin Meadows,Week4,Annandale,Week4,294.0 Hollin Meadows - 108.0 Annandale
Holmes Run Acres,Week3,Arlington Forest,Week1,231.0 Holmes Run Acres - 171.0 Arlington Forest
Hollin Hills,Week4,Hunt Valley,Week3,373.0 Hunt Valley - 27.0 Hollin Hills
Hollin Meadows,Week1,Country Club Hills,Week2,251.5 Hollin Meadows - 150.5 Country Club Hills
Hollin Meadows,Week5,Cottontail,Week3,268.0 Hollin Meadows - 134.0 Cottontail
Hollin Meadows,Week1,Arlington Forest,Week1,204.0 Arlington Forest - 198.0 Hollin Meadows
Holmes Run Acres,Week4,Arlington Forest,Week1,224.0 Arlington Forest - 178.0 Holmes Run Acres
Hollin Meadows,Week1,Country Club Hills,Week5,214.0 Hollin Meadows - 188.0 Country Club Hills
Holmes Run Acres,Week1,Crosspointe,Week2,260.0 Crosspointe - 142.0 Holmes Run Acres
Hollin Meadows,Week3,Country Club Hills,Week5,220.0 Hollin Meadows - 182.0 Country Club Hills
Holmes Run Acres,Week4,Crosspointe,Week1,280.0 Crosspointe - 122.0 Holmes Run Acres
Holmes Run Acres,Week5,Country Club Hills,Week3,255.0 Holmes Run Acres - 147.0 Country Club Hills
Holmes Run Acres,Week3,Crosspointe,Week5,268.0 Crosspointe - 134.0 Holmes Run Acres
Holmes Run Acres,Week2,Arlington Forest,Week5,256.0 Arlington Forest - 146.0 Holmes Run Acres
Holmes Run Acres,Week4,Daventry,Week5,275.0 Holmes Run Acres - 126.0 Daventry
Hollin Meadows,Week1,Little Rocky Run,Week2,244.0 Little Rocky Run - 158.0 Hollin Meadows
Holmes Run Acres,Week4,Arlington Forest,Week4,224.0 Arlington Forest - 178.0 Holmes Run Acres
Hollin Meadows,Week1,Little Rocky Run,Week1,241.0 Little Rocky Run - 161.0 Hollin Meadows
Hollin Meadows,Week1,Country Club Hills,Week4,248.0 Hollin Meadows - 154.0 Country Club Hills
Hollin Meadows,Week1,Arlington Forest,Week2,227.0 Hollin Meadows - 175.0 Arlington Forest
Holmes Run Acres,Week1,Brandywine,Week2,203.0 Holmes Run Acres - 198.0 Brandywine
Hollin Meadows,Week1,Arlington Forest,Week4,207.0 Hollin Meadows - 195.0 Arlington Forest
Hollin Meadows,Week5,Annandale,Week2,290.0 Hollin Meadows - 112.0 Annandale
Hollin Meadows,Week4,Little Hunting Park,Week3,256.0 Hollin Meadows - 146.0 Little Hunting Park
Holmes Run Acres,Week5,Crosspointe,Week3,220.0 Crosspointe - 177.0 Holmes Run Acres
Hollin Meadows,Week5,Little Hunting Park,Week3,276.0 Hollin Meadows - 126.0 Little Hunting Park
Hollin Meadows,Week1,Little Rocky Run,Week5,278.0 Little Rocky Run - 124.0 Hollin Meadows
Hollin Meadows,Week3,Arlington Forest,Week3,238.0 Hollin Meadows - 164.0 Arlington Forest
Hollin Meadows,Week3,Arlington Forest,Week4,202.0 Arlington Forest - 200.0 Hollin Meadows
Hollin Meadows,Week3,Country Club Hills,Week3,253.0 Hollin Meadows - 149.0 Country Club Hills
Hollin Meadows,Week3,Country Club Hills,Week1,249.0 Hollin Meadows - 153.0 Country Club Hills
Holmes Run Acres,Week3,Daventry,Week5,312.0 Holmes Run Acres - 90.0 Daventry
Holmes Run Acres,Week5,Arlington Forest,Week1,244.0 Holmes Run Acres - 158.0 Arlington Forest
Hollin Meadows,Week2,Country Club Hills,Week4,237.0 Hollin Meadows - 165.0 Country Club Hills
Holmes Run Acres,Week1,Brandywine,Week3,224.0 Brandywine - 177.0 Holmes Run Acres
Hollin Meadows,Week5,Little Hunting Park,Week4,273.0 Hollin Meadows - 129.0 Little Hunting Park
Hollin Meadows,Week3,Little Hunting Park,Week4,266.0 Hollin Meadows - 135.0 Little Hunting Park
Holmes Run Acres,Week4,Crosspointe,Week5,288.0 Crosspointe - 114.0 Holmes Run Acres
Hollin Meadows,Week4,Country Club Hills,Week3,238.0 Hollin Meadows - 164.0 Country Club Hills
Holmes Run Acres,Week5,Crosspointe,Week2,217.0 Crosspointe - 185.0 Holmes Run Acres
Holmes Run Acres,Week3,Arlington Forest,Week2,239.0 Holmes Run Acres - 163.0 Arlington Forest
Hollin Meadows,Week4,Country Club Hills,Week4,250.0 Hollin Meadows - 152.0 Country Club Hills
Hollin Meadows,Week3,Little Rocky Run,Week3,270.0 Little Rocky Run - 132.0 Hollin Meadows
Hollin Meadows,Week3,Arlington Forest,Week5,219.0 Arlington Forest - 183.0 Hollin Meadows
Holmes Run Acres,Week4,Crosspointe,Week3,267.0 Crosspointe - 135.0 Holmes Run Acres
Hollin Meadows,Week5,Annandale,Week4,318.0 Hollin Meadows - 84.0 Annandale
Holmes Run Acres,Week2,Brandywine,Week5,236.0 Brandywine - 166.0 Holmes Run Acres
Hollin Meadows,Week2,Country Club Hills,Week1,249.0 Hollin Meadows - 153.0 Country Club Hills
Holmes Run Acres,Week4,Crosspointe,Week2,270.0 Crosspointe - 132.0 Holmes Run Acres
Hollin Meadows,Week5,Little Hunting Park,Week5,242.0 Hollin Meadows - 160.0 Little Hunting Park
Hollin Meadows,Week4,Little Hunting Park,Week2,264.0 Hollin Meadows - 138.0 Little Hunting Park
Hollin Meadows,Week4,Annandale,Week5,286.0 Hollin Meadows - 116.0 Annandale
Hollin Meadows,Week4,Arlington Forest,Week1,212.0 Arlington Forest - 190.0 Hollin Meadows
Holmes Run Acres,Week4,Arlington Forest,Week3,217.0 Holmes Run Acres - 185.0 Arlington Forest
Hollin Meadows,Week4,Annandale,Week3,274.0 Hollin Meadows - 128.0 Annandale
Holmes Run Acres,Week4,Crosspointe,Week4,276.5 Crosspointe - 125.5 Holmes Run Acres
Hollin Meadows,Week4,Country Club Hills,Week5,214.0 Hollin Meadows - 188.0 Country Club Hills
Hollin Meadows,Week2,Country Club Hills,Week2,233.0 Hollin Meadows - 169.0 Country Club Hills
Holmes Run Acres,Week3,Arlington Forest,Week3,248.0 Holmes Run Acres - 154.0 Arlington Forest
Hollin Meadows,Week5,Country Club Hills,Week1,259.0 Hollin Meadows - 143.0 Country Club Hills
Hollin Meadows,Week2,Little Rocky Run,Week1,257.0 Little Rocky Run - 145.0 Hollin Meadows
Hollin Meadows,Week1,Little Rocky Run,Week4,262.0 Little Rocky Run - 140.0 Hollin Meadows
Hollin Meadows,Week2,Little Rocky Run,Week4,278.0 Little Rocky Run - 124.0 Hollin Meadows
Hollin Meadows,Week4,Little Hunting Park,Week5,239.0 Hollin Meadows - 163.0 Little Hunting Park
Hollin Meadows,Week3,Country Club Hills,Week2,271.0 Hollin Meadows - 131.0 Country Club Hills
Hollin Meadows,Week4,Little Hunting Park,Week1,255.0 Hollin Meadows - 147.0 Little Hunting Park
Holmes Run Acres,Week1,Daventry,Week2,302.0 Holmes Run Acres - 98.0 Daventry
Hollin Meadows,Week4,Arlington Forest,Week2,220.0 Hollin Meadows - 182.0 Arlington Forest
Hollin Meadows,Week3,Country Club Hills,Week4,263.5 Hollin Meadows - 138.5 Country Club Hills
Hollin Hills,Week3,High Point Pool,Week3,323.0 High Point Pool - 79.0 Hollin Hills
Hollin Meadows,Week4,Country Club Hills,Week2,248.0 Hollin Meadows - 154.0 Country Club Hills
Holmes Run Acres,Week5,Arlington Forest,Week4,220.0 Holmes Run Acres - 182.0 Arlington Forest
Holmes Run Acres,Week1,Daventry,Week4,300.0 Holmes Run Acres - 102.0 Daventry
Hollin Meadows,Week4,Annandale,Week2,291.0 Hollin Meadows - 111.0 Annandale
Hollin Meadows,Week3,Arlington Forest,Week2,238.5 Hollin Meadows - 163.5 Arlington Forest
Holmes Run Acres,Week4,Arlington Forest,Week2,201.0 Arlington Forest - 201.0 Holmes Run Acres
Hollin Hills,Week3,High Point Pool,Week4,327.0 High Point Pool - 75.0 Hollin Hills
Holmes Run Acres,Week5,Arlington Forest,Week5,204.0 Holmes Run Acres - 198.0 Arlington Forest
Holmes Run Acres,Week4,Arlington Forest,Week5,246.0 Arlington Forest - 156.0 Holmes Run Acres
Holmes Run Acres,Week3,Arlington Forest,Week5,204.0 Arlington Forest - 198.0 Holmes Run Acres
Holmes Run Acres,Week4,Daventry,Week2,309.0 Holmes Run Acres - 91.0 Daventry
Holmes Run Acres,Week2,Arlington Forest,Week4,243.0 Arlington Forest - 159.0 Holmes Run Acres
Holmes Run Acres,Week5,Crosspointe,Week1,246.0 Crosspointe - 156.0 Holmes Run Acres
Hollin Meadows,Week5,Annandale,Week5,299.0 Hollin Meadows - 103.0 Annandale
Hollin Hills,Week2,High Point Pool,Week2,326.0 High Point Pool - 75.0 Hollin Hills
Holmes Run Acres,Week2,Brandywine,Week1,211.0 Holmes Run Acres - 191.0 Brandywine
Holmes Run Acres,Week1,Brandywine,Week4,228.0 Brandywine - 174.0 Holmes Run Acres
Holmes Run Acres,Week2,Daventry,Week2,289.0 Holmes Run Acres - 113.0 Daventry
Hollin Meadows,Week3,Little Rocky Run,Week4,273.0 Little Rocky Run - 129.0 Hollin Meadows
Hollin Meadows,Week2,Arlington Forest,Week2,205.0 Arlington Forest - 197.0 Hollin Meadows
Hollin Hills,Week3,High Point Pool,Week5,320.0 High Point Pool - 82.0 Hollin Hills
Holmes Run Acres,Week1,Daventry,Week1,294.0 Holmes Run Acres - 107.0 Daventry
Hollin Meadows,Week1,Arlington Forest,Week5,201.0 Arlington Forest - 201.0 Hollin Meadows
Hollin Hills,Week3,High Point Pool,Week1,316.0 High Point Pool - 86.0 Hollin Hills
Hollin Meadows,Week2,Little Rocky Run,Week3,277.0 Little Rocky Run - 125.0 Hollin Meadows
Hollin Hills,Week2,High Point Pool,Week5,324.0 High Point Pool - 78.0 Hollin Hills
Holmes Run Acres,Week1,Daventry,Week3,285.0 Holmes Run Acres - 117.0 Daventry
Hollin Meadows,Week5,Country Club Hills,Week2,269.0 Hollin Meadows - 133.0 Country Club Hills
Hollin Meadows,Week3,Little Hunting Park,Week5,239.0 Hollin Meadows - 159.0 Little Hunting Park
Hollin Meadows,Week2,Arlington Forest,Week1,224.0 Arlington Forest - 178.0 Hollin Meadows
Hollin Meadows,Week2,Country Club Hills,Week5,203.5 Country Club Hills - 198.5 Hollin Meadows
Hollin Meadows,Week5,Country Club Hills,Week3,254.5 Hollin Meadows - 147.5 Country Club Hills
Holmes Run Acres,Week5,Arlington Forest,Week2,253.0 Holmes Run Acres - 149.0 Arlington Forest
Hollin Meadows,Week5,Country Club Hills,Week4,259.0 Hollin Meadows - 143.0 Country Club Hills
Hollin Meadows,Week5,Annandale,Week1,307.5 Hollin Meadows - 94.5 Annandale
Holmes Run Acres,Week2,Brandywine,Week2,216.0 Brandywine - 185.0 Holmes Run Acres
Hollin Meadows,Week3,Annandale,Week5,297.0 Hollin Meadows - 105.0 Annandale
Hollin Hills,Week4,High Point Pool,Week5,329.0 High Point Pool - 73.0 Hollin Hills
Hollin Meadows,Week4,Little Hunting Park,Week4,261.0 Hollin Meadows - 141.0 Little Hunting Park
Hollin Meadows,Week2,Arlington Forest,Week4,230.0 Arlington Forest - 172.0 Hollin Meadows
Hollin Hills,Week5,High Point Pool,Week1,292.0 High Point Pool - 110.0 Hollin Hills
Holmes Run Acres,Week2,Brandywine,Week4,225.0 Brandywine - 177.0 Holmes Run Acres
Hollin Meadows,Week4,Little Rocky Run,Week2,258.0 Little Rocky Run - 144.0 Hollin Meadows
Hollin Meadows,Week2,Arlington Forest,Week3,204.0 Hollin Meadows - 198.0 Arlington Forest
Holmes Run Acres,Week3,Daventry,Week4,330.0 Holmes Run Acres - 72.0 Daventry
Holmes Run Acres,Week3,Brandywine,Week5,210.0 Holmes Run Acres - 192.0 Brandywine
Hollin Meadows,Week2,Brandywine,Week3,226.0 Brandywine - 176.0 Hollin Meadows
Hollin Meadows,Week5,Country Club Hills,Week5,233.0 Hollin Meadows - 169.0 Country Club Hills
Holmes Run Acres,Week3,Brandywine,Week2,231.0 Holmes Run Acres - 170.0 Brandywine
Holmes Run Acres,Week3,Brandywine,Week3,212.0 Holmes Run Acres - 189.0 Brandywine
Holmes Run Acres,Week2,Daventry,Week4,299.0 Holmes Run Acres - 103.0 Daventry
Hollin Meadows,Week3,Little Rocky Run,Week1,252.0 Little Rocky Run - 150.0 Hollin Meadows
Holmes Run Acres,Week3,Daventry,Week1,325.0 Holmes Run Acres - 77.0 Daventry
Hollin Meadows,Week3,Little Rocky Run,Week5,282.0 Little Rocky Run - 120.0 Hollin Meadows
Holmes Run Acres,Week2,Daventry,Week3,279.0 Holmes Run Acres - 122.0 Daventry
Holmes Run Acres,Week2,Daventry,Week1,290.0 Holmes Run Acres - 112.0 Daventry
Hollin Meadows,Week3,Arlington Forest,Week1,216.0 Hollin Meadows - 186.0 Arlington Forest
Hollin Meadows,Week4,Little Rocky Run,Week5,291.0 Little Rocky Run - 111.0 Hollin Meadows
Hollin Meadows,Week4,Little Rocky Run,Week3,273.0 Little Rocky Run - 129.0 Hollin Meadows
Hollin Meadows,Week4,Country Club Hills,Week1,238.0 Hollin Meadows - 164.0 Country Club Hills
Hollin Hills,Week5,High Point Pool,Week3,309.0 High Point Pool - 93.0 Hollin Hills
Hollin Hills,Week1,Highland Park,Week2,322.0 Highland Park - 80.0 Hollin Hills
Hollin Meadows,Week2,Country Club Hills,Week3,225.0 Hollin Meadows - 177.0 Country Club Hills
Hollin Meadows,Week1,Crosspointe,Week1,238.0 Crosspointe - 164.0 Hollin Meadows
Hollin Hills,Week1,Highland Park,Week1,325.0 Highland Park - 77.0 Hollin Hills
Hollin Meadows,Week4,Crosspointe,Week5,274.0 Crosspointe - 128.0 Hollin Meadows
Holmes Run Acres,Week4,Brandywine,Week1,214.0 Holmes Run Acres - 188.0 Brandywine
Hollin Meadows,Week1,Brandywine,Week5,228.0 Brandywine - 174.0 Hollin Meadows
Hollin Meadows,Week5,Little Rocky Run,Week1,253.0 Little Rocky Run - 149.0 Hollin Meadows
Hollin Meadows,Week5,Little Rocky Run,Week2,253.5 Little Rocky Run - 148.5 Hollin Meadows
Holmes Run Acres,Week1,Daventry,Week5,270.0 Holmes Run Acres - 131.0 Daventry
Hollin Meadows,Week2,Crosspointe,Week4,254.0 Crosspointe - 148.0 Hollin Meadows
Hollin Hills,Week1,Highland Park,Week3,307.0 Highland Park - 95.0 Hollin Hills
Hollin Meadows,Week1,Brandywine,Week3,217.0 Brandywine - 185.0 Hollin Meadows
Holmes Run Acres,Week3,Daventry,Week3,321.0 Holmes Run Acres - 80.0 Daventry
Hollin Meadows,Week1,Daventry,Week2,309.0 Hollin Meadows - 92.0 Daventry
Holmes Run Acres,Week4,Brandywine,Week2,201.0 Holmes Run Acres - 200.0 Brandywine
Hollin Hills,Week4,High Point Pool,Week1,312.0 High Point Pool - 90.0 Hollin Hills
Hollin Meadows,Week5,Crosspointe,Week5,268.0 Crosspointe - 134.0 Hollin Meadows
Holmes Run Acres,Week4,Daventry,Week1,310.0 Holmes Run Acres - 91.0 Daventry
Holmes Run Acres,Week4,Brandywine,Week5,234.0 Brandywine - 168.0 Holmes Run Acres
Hollin Hills,Week2,High Point Pool,Week3,317.0 High Point Pool - 85.0 Hollin Hills
Hunt Valley,Week5,South Run,Week2,292.0 Hunt Valley - 110.0 South Run
Hunt Valley,Week4,Hamlet,Week5,245.0 Hamlet - 157.0 Hunt Valley
Holmes Run Acres,Week1,Newington Forest,Week1,280.0 Holmes Run Acres - 120.0 Newington Forest
Hunt Valley,Week1,Hamlet,Week4,219.0 Hamlet - 183.0 Hunt Valley
Holmes Run Acres,Week4,Mount Vernon Park,Week5,264.0 Mount Vernon Park - 138.0 Holmes Run Acres
Holmes Run Acres,Week3,Pinewood Lake,Week1,358.0 Holmes Run Acres - 37.0 Pinewood Lake
Hunt Valley,Week4,Springboard,Week4,332.0 Hunt Valley - 70.0 Springboard
Holmes Run Acres,Week1,Newington Forest,Week2,259.5 Holmes Run Acres - 140.5 Newington Forest
Holmes Run Acres,Week4,Pinewood Lake,Week2,353.0 Holmes Run Acres - 47.0 Pinewood Lake
Hunt Valley,Week1,Springboard,Week3,320.0 Hunt Valley - 82.0 Springboard
Holmes Run Acres,Week3,Pinewood Lake,Week2,358.0 Holmes Run Acres - 42.0 Pinewood Lake
Hunt Valley,Week3,Bren Mar-Edsall Park,Week3,380.0 Hunt Valley - 22.0 Bren Mar-Edsall Park
Holmes Run Acres,Week4,Mount Vernon Park,Week4,251.0 Mount Vernon Park - 151.0 Holmes Run Acres
Hunt Valley,Week1,Hayfield Farm,Week4,258.0 Hunt Valley - 144.0 Hayfield Farm
Hunt Valley,Week3,Hamlet,Week3,204.0 Hamlet - 198.0 Hunt Valley
Holmes Run Acres,Week4,Mount Vernon Park,Week2,256.0 Mount Vernon Park - 146.0 Holmes Run Acres
Hunt Valley,Week3,Bren Mar-Edsall Park,Week1,389.0 Hunt Valley - 13.0 Bren Mar-Edsall Park
Hunt Valley,Week3,Bren Mar-Edsall Park,Week2,383.0 Hunt Valley - 19.0 Bren Mar-Edsall Park
Hunt Valley,Week5,Springboard,Week2,372.0 Hunt Valley - 30.0 Springboard
Holmes Run Acres,Week5,Mount Vernon Park,Week3,228.0 Mount Vernon Park - 174.0 Holmes Run Acres
Hunt Valley,Week2,Hamlet,Week5,268.0 Hamlet - 134.0 Hunt Valley
Hunt Valley,Week1,Springboard,Week4,324.0 Hunt Valley - 78.0 Springboard
Hunt Valley,Week4,Springboard,Week5,330.0 Hunt Valley - 72.0 Springboard
Hunt Valley,Week1,Bren Mar-Edsall Park,Week4,375.0 Hunt Valley - 27.0 Bren Mar-Edsall Park
Hunt Valley,Week4,Brandywine,Week2,275.0 Hunt Valley - 127.0 Brandywine
Hunt Valley,Week3,Hayfield Farm,Week2,289.0 Hunt Valley - 113.0 Hayfield Farm
Hunt Valley,Week2,Springboard,Week4,333.0 Hunt Valley - 69.0 Springboard
Hunt Valley,Week2,Hamlet,Week1,223.0 Hamlet - 179.0 Hunt Valley
Holmes Run Acres,Week4,Pinewood Lake,Week4,346.0 Holmes Run Acres - 54.0 Pinewood Lake
Hunt Valley,Week2,Orange Hunt,Week2,242.0 Hunt Valley - 160.0 Orange Hunt
Holmes Run Acres,Week3,Newington Forest,Week1,309.0 Holmes Run Acres - 91.0 Newington Forest
Holmes Run Acres,Week1,North Springfield,Week2,274.0 Holmes Run Acres - 112.0 North Springfield
Holmes Run Acres,Week5,Mount Vernon Park,Week2,212.0 Mount Vernon Park - 190.0 Holmes Run Acres
Holmes Run Acres,Week2,Newington Forest,Week3,261.0 Holmes Run Acres - 141.0 Newington Forest
Hunt Valley,Week4,Old Keene Mill,Week3,332.0 Hunt Valley - 70.0 Old Keene Mill
Hunt Valley,Week4,Springboard,Week2,360.0 Hunt Valley - 42.0 Springboard
Holmes Run Acres,Week3,Mount Vernon Park,Week5,245.0 Mount Vernon Park - 157.0 Holmes Run Acres
Hunt Valley,Week3,Brandywine,Week1,294.0 Hunt Valley - 108.0 Brandywine
Holmes Run Acres,Week3,Mount Vernon Park,Week2,233.0 Mount Vernon Park - 169.0 Holmes Run Acres
Hunt Valley,Week3,Hamlet,Week1,210.0 Hunt Valley - 192.0 Hamlet
Hunt Valley,Week4,Hamlet,Week4,203.0 Hamlet - 199.0 Hunt Valley
Hunt Valley,Week3,Hamlet,Week5,234.0 Hamlet - 168.0 Hunt Valley
Holmes Run Acres,Week4,Mount Vernon Park,Week3,261.0 Mount Vernon Park - 141.0 Holmes Run Acres
Hunt Valley,Week5,South Run,Week4,298.0 Hunt Valley - 104.0 South Run
Holmes Run Acres,Week2,Newington Forest,Week4,241.0 Holmes Run Acres - 161.0 Newington Forest
Hunt Valley,Week5,Old Keene Mill,Week5,311.0 Hunt Valley - 91.0 Old Keene Mill
Hunt Valley,Week5,Hamlet,Week2,205.0 Hamlet - 197.0 Hunt Valley
Hunt Valley,Week1,Springboard,Week2,358.0 Hunt Valley - 39.0 Springboard
Hunt Valley,Week5,Old Keene Mill,Week2,329.0 Hunt Valley - 73.0 Old Keene Mill
Hunt Valley,Week2,Springboard,Week2,365.0 Hunt Valley - 37.0 Springboard
Hunt Valley,Week3,Hamlet,Week4,217.0 Hunt Valley - 185.0 Hamlet
Holmes Run Acres,Week4,Pinewood Lake,Week1,351.0 Holmes Run Acres - 46.0 Pinewood Lake
Hunt Valley,Week2,Orange Hunt,Week4,257.0 Hunt Valley - 145.0 Orange Hunt
Hunt Valley,Week3,Springboard,Week2,370.0 Hunt Valley - 32.0 Springboard
Hunt Valley,Week3,Springboard,Week4,339.0 Hunt Valley - 63.0 Springboard
Hunt Valley,Week2,Springboard,Week1,336.0 Hunt Valley - 66.0 Springboard
Hunt Valley,Week1,Hayfield Farm,Week2,273.5 Hunt Valley - 128.5 Hayfield Farm
Hunt Valley,Week4,Springboard,Week1,341.0 Hunt Valley - 61.0 Springboard
Hunt Valley,Week4,Old Keene Mill,Week5,304.0 Hunt Valley - 98.0 Old Keene Mill
Hunt Valley,Week5,South Run,Week3,291.5 Hunt Valley - 110.5 South Run
Hunt Valley,Week2,Bren Mar-Edsall Park,Week3,381.0 Hunt Valley - 21.0 Bren Mar-Edsall Park
Holmes Run Acres,Week4,Pinewood Lake,Week5,345.0 Holmes Run Acres - 54.0 Pinewood Lake
Hunt Valley,Week3,Hamlet,Week2,207.0 Hamlet - 195.0 Hunt Valley
Hunt Valley,Week2,Springboard,Week5,331.0 Hunt Valley - 71.0 Springboard
Hunt Valley,Week3,Brandywine,Week4,271.0 Hunt Valley - 131.0 Brandywine
Hunt Valley,Week4,Old Keene Mill,Week1,336.0 Hunt Valley - 66.0 Old Keene Mill
Holmes Run Acres,Week1,North Springfield,Week3,268.0 Holmes Run Acres - 123.0 North Springfield
Hunt Valley,Week5,Brandywine,Week5,259.0 Hunt Valley - 143.0 Brandywine
Holmes Run Acres,Week1,Newington Forest,Week3,249.0 Holmes Run Acres - 153.0 Newington Forest
Holmes Run Acres,Week4,Mount Vernon Park,Week1,251.0 Mount Vernon Park - 151.0 Holmes Run Acres
Hunt Valley,Week2,Orange Hunt,Week1,258.0 Hunt Valley - 144.0 Orange Hunt
Holmes Run Acres,Week2,Newington Forest,Week5,241.0 Holmes Run Acres - 156.0 Newington Forest
Hunt Valley,Week1,Hamlet,Week3,229.0 Hamlet - 173.0 Hunt Valley
Holmes Run Acres,Week4,Newington Forest,Week4,241.0 Holmes Run Acres - 161.0 Newington Forest
Hunt Valley,Week4,Hamlet,Week3,218.5 Hamlet - 183.5 Hunt Valley
Hunt Valley,Week5,Springboard,Week4,345.0 Hunt Valley - 57.0 Springboard
Holmes Run Acres,Week2,Pinewood Lake,Week2,341.0 Holmes Run Acres - 51.0 Pinewood Lake
Hunt Valley,Week5,Old Keene Mill,Week3,343.0 Hunt Valley - 59.0 Old Keene Mill
Hunt Valley,Week1,Hamlet,Week5,259.0 Hamlet - 143.0 Hunt Valley
Holmes Run Acres,Week2,Pinewood Lake,Week5,332.0 Holmes Run Acres - 65.0 Pinewood Lake
Hunt Valley,Week2,Hamlet,Week3,238.0 Hamlet - 164.0 Hunt Valley
Hunt Valley,Week3,Old Keene Mill,Week1,340.0 Hunt Valley - 62.0 Old Keene Mill
Hunt Valley,Week2,Springboard,Week3,330.0 Hunt Valley - 72.0 Springboard
Holmes Run Acres,Week1,Pinewood Lake,Week5,336.0 Holmes Run Acres - 59.0 Pinewood Lake
Hunt Valley,Week4,Hamlet,Week1,205.0 Hamlet - 197.0 Hunt Valley
Holmes Run Acres,Week3,Pinewood Lake,Week5,357.0 Holmes Run Acres - 42.0 Pinewood Lake
Hunt Valley,Week1,Bren Mar-Edsall Park,Week2,381.0 Hunt Valley - 21.0 Bren Mar-Edsall Park
Holmes Run Acres,Week1,Newington Forest,Week5,238.0 Holmes Run Acres - 164.0 Newington Forest
Holmes Run Acres,Week3,Pinewood Lake,Week4,358.0 Holmes Run Acres - 41.0 Pinewood Lake
Hunt Valley,Week1,Bren Mar-Edsall Park,Week1,378.0 Hunt Valley - 24.0 Bren Mar-Edsall Park
Hunt Valley,Week2,Hayfield Farm,Week5,274.0 Hunt Valley - 128.0 Hayfield Farm
Hunt Valley,Week1,Springboard,Week1,328.0 Hunt Valley - 74.0 Springboard
Hunt Valley,Week3,Brandywine,Week3,272.0 Hunt Valley - 130.0 Brandywine
Hunt Valley,Week3,Old Keene Mill,Week4,330.0 Hunt Valley - 72.0 Old Keene Mill
Hunt Valley,Week5,Brandywine,Week2,291.0 Hunt Valley - 111.0 Brandywine
Hunt Valley,Week1,Springboard,Week5,322.0 Hunt Valley - 80.0 Springboard
Hunt Valley,Week2,Orange Hunt,Week3,243.0 Hunt Valley - 159.0 Orange Hunt
Holmes Run Acres,Week4,Newington Forest,Week3,268.0 Holmes Run Acres - 134.0 Newington Forest
Holmes Run Acres,Week4,Pinewood Lake,Week3,362.0 Holmes Run Acres - 37.0 Pinewood Lake
Holmes Run Acres,Week5,Pinewood Lake,Week1,362.0 Holmes Run Acres - 33.0 Pinewood Lake
Holmes Run Acres,Week3,Newington Forest,Week3,286.0 Holmes Run Acres - 116.0 Newington Forest
Hunt Valley,Week4,Hamlet,Week2,224.5 Hamlet - 177.5 Hunt Valley
Hunt Valley,Week3,Brandywine,Week2,286.0 Hunt Valley - 116.0 Brandywine
Hunt Valley,Week3,Springboard,Week3,326.0 Hunt Valley - 76.0 Springboard
Holmes Run Acres,Week4,Newington Forest,Week5,247.0 Holmes Run Acres - 155.0 Newington Forest
Hunt Valley,Week5,Hamlet,Week5,230.5 Hamlet - 171.5 Hunt Valley
Hunt Valley,Week3,Springboard,Week1,347.0 Hunt Valley - 55.0 Springboard
Hunt Valley,Week1,Bren Mar-Edsall Park,Week5,357.0 Hunt Valley - 45.0 Bren Mar-Edsall Park
Hunt Valley,Week5,Hamlet,Week1,203.0 Hamlet - 199.0 Hunt Valley
Hunt Valley,Week1,Brookfield ,Week2,283.0 Hunt Valley - 119.0 Brookfield
Holmes Run Acres,Week4,Newington Forest,Week2,271.0 Holmes Run Acres - 130.0 Newington Forest
Hunt Valley,Week5,Hamlet,Week3,213.0 Hamlet - 189.0 Hunt Valley
Hunt Valley,Week3,Springboard,Week5,334.0 Hunt Valley - 68.0 Springboard
Holmes Run Acres,Week4,Newington Forest,Week1,287.0 Holmes Run Acres - 113.0 Newington Forest
Holmes Run Acres,Week5,Fairfax Club Estates,Week4,277.0 Holmes Run Acres - 125.0 Fairfax Club Estates
Hunt Valley,Week5,Springboard,Week3,345.0 Hunt Valley - 57.0 Springboard
Holmes Run Acres,Week1,North Springfield,Week1,278.0 Holmes Run Acres - 71.0 North Springfield
Hunt Valley,Week5,Brandywine,Week4,273.5 Hunt Valley - 128.5 Brandywine
Holmes Run Acres,Week2,Fairfax Station,Week3,275.0 Fairfax Station - 127.0 Holmes Run Acres
Holmes Run Acres,Week5,Newington Forest,Week3,301.0 Holmes Run Acres - 101.0 Newington Forest
Hunt Valley,Week1,Hayfield Farm,Week1,268.0 Hunt Valley - 134.0 Hayfield Farm
Hunt Valley,Week1,Hayfield Farm,Week5,264.0 Hunt Valley - 138.0 Hayfield Farm
Holmes Run Acres,Week5,Fairfax Club Estates,Week5,278.0 Holmes Run Acres - 124.0 Fairfax Club Estates
Holmes Run Acres,Week2,Fairfax Station,Week2,261.0 Fairfax Station - 141.0 Holmes Run Acres
Hunt Valley,Week2,Bren Mar-Edsall Park,Week1,380.0 Hunt Valley - 22.0 Bren Mar-Edsall Park
Hunt Valley,Week5,Springboard,Week1,353.0 Hunt Valley - 49.0 Springboard
Holmes Run Acres,Week5,Newington Forest,Week2,307.0 Holmes Run Acres - 95.0 Newington Forest
Hunt Valley,Week4,Brandywine,Week1,290.0 Hunt Valley - 112.0 Brandywine
Holmes Run Acres,Week5,Newington Forest,Week1,313.0 Holmes Run Acres - 89.0 Newington Forest
Holmes Run Acres,Week1,Fairfax Station,Week2,273.0 Fairfax Station - 129.0 Holmes Run Acres
Hunt Valley,Week5,South Run,Week5,260.0 Hunt Valley - 142.0 South Run
Hunt Valley,Week2,Hayfield Farm,Week2,265.0 Hunt Valley - 137.0 Hayfield Farm
Hunt Valley,Week2,Hayfield Farm,Week1,260.0 Hunt Valley - 142.0 Hayfield Farm
Hunt Valley,Week1,Bren Mar-Edsall Park,Week3,372.0 Hunt Valley - 30.0 Bren Mar-Edsall Park
Hunt Valley,Week4,Springboard,Week3,332.0 Hunt Valley - 70.0 Springboard
Holmes Run Acres,Week2,North Springfield,Week1,289.0 Holmes Run Acres - 61.0 North Springfield
Hunt Valley,Week5,Brandywine,Week3,276.0 Hunt Valley - 126.0 Brandywine
Holmes Run Acres,Week3,Fairfax Station,Week5,253.0 Fairfax Station - 149.0 Holmes Run Acres
Hunt Valley,Week1,Herndon,Week4,357.0 Hunt Valley - 45.0 Herndon
Hunt Valley,Week3,Hayfield Farm,Week1,270.0 Hunt Valley - 132.0 Hayfield Farm
Hunt Valley,Week1,Springfield,Week3,387.0 Hunt Valley - 15.0 Springfield
Hunt Valley,Week2,Hayfield Farm,Week4,255.0 Hunt Valley - 147.0 Hayfield Farm
Hunt Valley,Week3,Hayfield Farm,Week3,246.0 Hunt Valley - 156.0 Hayfield Farm
Hunt Valley,Week4,Brandywine,Week5,253.0 Hunt Valley - 149.0 Brandywine
Hunt Valley,Week4,Brandywine,Week3,264.0 Hunt Valley - 138.0 Brandywine
Hunt Valley,Week5,Springboard,Week5,351.0 Hunt Valley - 51.0 Springboard
Holmes Run Acres,Week4,Fairfax Station,Week1,263.0 Fairfax Station - 139.0 Holmes Run Acres
Hunt Valley,Week1,Springfield,Week5,391.0 Hunt Valley - 6.0 Springfield
Hunt Valley,Week2,Springfield,Week2,391.0 Hunt Valley - 10.0 Springfield
Holmes Run Acres,Week5,Newington Forest,Week5,296.0 Holmes Run Acres - 106.0 Newington Forest
Hunt Valley,Week3,Hayfield Farm,Week4,271.0 Hunt Valley - 131.0 Hayfield Farm
Holmes Run Acres,Week5,Fairfax Club Estates,Week3,292.0 Holmes Run Acres - 110.0 Fairfax Club Estates
Hunt Valley,Week4,Hayfield Farm,Week1,265.0 Hunt Valley - 137.0 Hayfield Farm
Hunt Valley,Week1,Springfield,Week4,387.0 Hunt Valley - 10.0 Springfield
Hunt Valley,Week4,Brandywine,Week4,275.0 Hunt Valley - 127.0 Brandywine
Hunt Valley,Week5,Brandywine,Week1,302.0 Hunt Valley - 100.0 Brandywine
Hunt Valley,Week2,Hayfield Farm,Week3,239.0 Hunt Valley - 163.0 Hayfield Farm
Hunt Valley,Week5,Hayfield Farm,Week2,294.0 Hunt Valley - 108.0 Hayfield Farm
Holmes Run Acres,Week2,Fairfax Station,Week4,268.0 Fairfax Station - 134.0 Holmes Run Acres
Hunt Valley,Week2,Springfield,Week3,388.0 Hunt Valley - 14.0 Springfield
Holmes Run Acres,Week1,North Springfield,Week5,257.0 Holmes Run Acres - 114.0 North Springfield
Hunt Valley,Week1,Springfield,Week1,385.0 Hunt Valley - 17.0 Springfield
Hunt Valley,Week1,Springfield,Week2,390.0 Hunt Valley - 12.0 Springfield
Hunt Valley,Week3,Bren Mar-Edsall Park,Week5,373.0 Hunt Valley - 29.0 Bren Mar-Edsall Park
Holmes Run Acres,Week3,Newington Forest,Week5,284.0 Holmes Run Acres - 118.0 Newington Forest
Hunt Valley,Week3,Bren Mar-Edsall Park,Week4,385.0 Hunt Valley - 17.0 Bren Mar-Edsall Park
Hunt Valley,Week2,Bren Mar-Edsall Park,Week4,378.0 Hunt Valley - 24.0 Bren Mar-Edsall Park
Hunt Valley,Week3,Brandywine,Week5,255.0 Hunt Valley - 147.0 Brandywine
Hunt Valley,Week2,Springfield,Week4,387.0 Hunt Valley - 14.0 Springfield
Holmes Run Acres,Week3,Fairfax Station,Week4,220.0 Fairfax Station - 182.0 Holmes Run Acres
Holmes Run Acres,Week2,North Springfield,Week5,256.0 Holmes Run Acres - 116.0 North Springfield
Hunt Valley,Week3,Springfield,Week3,389.0 Hunt Valley - 13.0 Springfield
Holmes Run Acres,Week2,North Springfield,Week4,281.0 Holmes Run Acres - 107.0 North Springfield
Holmes Run Acres,Week4,Fairfax Station,Week2,263.5 Fairfax Station - 138.5 Holmes Run Acres
Holmes Run Acres,Week3,Fairfax Station,Week1,218.0 Fairfax Station - 184.0 Holmes Run Acres
Holmes Run Acres,Week3,Newington Forest,Week4,284.0 Holmes Run Acres - 118.0 Newington Forest
Hunt Valley,Week2,Bren Mar-Edsall Park,Week5,370.0 Hunt Valley - 32.0 Bren Mar-Edsall Park
Hunt Valley,Week1,Herndon,Week3,364.0 Hunt Valley - 38.0 Herndon
Hunt Valley,Week5,Bren Mar-Edsall Park,Week3,387.0 Hunt Valley - 15.0 Bren Mar-Edsall Park
Holmes Run Acres,Week1,Fairfax Station,Week1,266.0 Fairfax Station - 136.0 Holmes Run Acres
Hunt Valley,Week3,Herndon,Week1,365.0 Hunt Valley - 37.0 Herndon
Hunt Valley,Week2,Springfield,Week1,388.0 Hunt Valley - 13.0 Springfield
Holmes Run Acres,Week5,Fairfax Club Estates,Week2,296.0 Holmes Run Acres - 106.0 Fairfax Club Estates
Hunt Valley,Week2,Springfield,Week5,390.0 Hunt Valley - 10.0 Springfield
Holmes Run Acres,Week3,Fairfax Station,Week3,240.0 Fairfax Station - 162.0 Holmes Run Acres
Hunt Valley,Week3,Springfield,Week1,391.0 Hunt Valley - 11.0 Springfield
Holmes Run Acres,Week2,North Springfield,Week3,266.0 Holmes Run Acres - 127.0 North Springfield
Holmes Run Acres,Week5,Newington Forest,Week4,304.0 Holmes Run Acres - 98.0 Newington Forest
Hunt Valley,Week2,Bren Mar-Edsall Park,Week2,386.0 Hunt Valley - 16.0 Bren Mar-Edsall Park
Hunt Valley,Week2,Herndon,Week5,351.0 Hunt Valley - 51.0 Herndon
Holmes Run Acres,Week4,Fairfax Station,Week4,270.0 Fairfax Station - 132.0 Holmes Run Acres
Hunt Valley,Week2,Herndon,Week3,362.5 Hunt Valley - 39.5 Herndon
Holmes Run Acres,Week2,North Springfield,Week2,276.0 Holmes Run Acres - 111.0 North Springfield
Holmes Run Acres,Week1,North Springfield,Week4,275.0 Holmes Run Acres - 108.0 North Springfield
Hunt Valley,Week4,Bren Mar-Edsall Park,Week5,366.0 Hunt Valley - 36.0 Bren Mar-Edsall Park
Hunt Valley,Week3,Springfield,Week5,392.0 Hunt Valley - 10.0 Springfield
Hunt Valley,Week4,Bren Mar-Edsall Park,Week3,369.0 Hunt Valley - 33.0 Bren Mar-Edsall Park
Hunt Valley,Week2,Herndon,Week4,360.0 Hunt Valley - 42.0 Herndon
Holmes Run Acres,Week1,Fairfax Station,Week4,275.0 Fairfax Station - 127.0 Holmes Run Acres
Holmes Run Acres,Week5,Fairfax Station,Week1,220.0 Fairfax Station - 182.0 Holmes Run Acres
Hunt Valley,Week2,Herndon,Week1,362.0 Hunt Valley - 40.0 Herndon
Holmes Run Acres,Week4,Fairfax Station,Week5,286.0 Fairfax Station - 116.0 Holmes Run Acres
Holmes Run Acres,Week1,Fairfax Station,Week3,285.0 Fairfax Station - 117.0 Holmes Run Acres
Hunt Valley,Week5,Hayfield Farm,Week5,291.0 Hunt Valley - 111.0 Hayfield Farm
Hunt Valley,Week4,Bren Mar-Edsall Park,Week2,376.0 Hunt Valley - 26.0 Bren Mar-Edsall Park
Holmes Run Acres,Week4,Fairfax Station,Week3,287.0 Fairfax Station - 115.0 Holmes Run Acres
Hunt Valley,Week3,Springfield,Week4,388.0 Hunt Valley - 14.0 Springfield
Hunt Valley,Week5,Bren Mar-Edsall Park,Week4,388.0 Hunt Valley - 14.0 Bren Mar-Edsall Park
Hunt Valley,Week4,Hayfield Farm,Week2,277.0 Hunt Valley - 125.0 Hayfield Farm
Hunt Valley,Week3,Herndon,Week2,353.0 Hunt Valley - 49.0 Herndon
Hunt Valley,Week5,Bren Mar-Edsall Park,Week2,392.0 Hunt Valley - 10.0 Bren Mar-Edsall Park
Hunt Valley,Week4,Springfield,Week2,379.0 Hunt Valley - 22.0 Springfield
Hunt Valley,Week4,Bren Mar-Edsall Park,Week4,374.0 Hunt Valley - 28.0 Bren Mar-Edsall Park
Holmes Run Acres,Week2,Fairfax Station,Week5,284.5 Fairfax Station - 117.5 Holmes Run Acres
Hunt Valley,Week4,Springfield,Week1,389.0 Hunt Valley - 13.0 Springfield
Hunt Valley,Week4,Bren Mar-Edsall Park,Week1,381.0 Hunt Valley - 21.0 Bren Mar-Edsall Park
Holmes Run Acres,Week5,Lee Graham,Week1,242.0 Lee Graham - 160.0 Holmes Run Acres
Hunt Valley,Week5,Hayfield Farm,Week4,282.0 Hunt Valley - 120.0 Hayfield Farm
Hunt Valley,Week5,Bren Mar-Edsall Park,Week1,391.0 Hunt Valley - 11.0 Bren Mar-Edsall Park
Hunt Valley,Week2,Brookfield ,Week4,277.5 Hunt Valley - 124.5 Brookfield
Holmes Run Acres,Week2,Hamlet,Week2,302.0 Hamlet - 100.0 Holmes Run Acres
Hunt Valley,Week1,Brookfield ,Week1,283.0 Hunt Valley - 119.0 Brookfield
Holmes Run Acres,Week1,Lincolnia Park,Week4,301.0 Holmes Run Acres - 101.0 Lincolnia Park
Holmes Run Acres,Week4,Greenbriar,Week5,207.0 Greenbriar - 194.0 Holmes Run Acres
Holmes Run Acres,Week5,Lee Graham,Week4,238.0 Lee Graham - 164.0 Holmes Run Acres
Holmes Run Acres,Week4,Lee Graham,Week2,264.0 Lee Graham - 138.0 Holmes Run Acres
Hunt Valley,Week3,Herndon,Week3,372.0 Hunt Valley - 30.0 Herndon
Hunt Valley,Week2,Brookfield ,Week1,274.0 Hunt Valley - 128.0 Brookfield
Hunt Valley,Week3,Herndon,Week4,360.0 Hunt Valley - 42.0 Herndon
Hunt Valley,Week3,Springfield,Week2,394.0 Hunt Valley - 7.0 Springfield
Hunt Valley,Week4,Hayfield Farm,Week4,268.0 Hunt Valley - 134.0 Hayfield Farm
Hunt Valley,Week2,Brookfield ,Week5,278.0 Hunt Valley - 124.0 Brookfield
Hunt Valley,Week3,Brookfield ,Week1,292.0 Hunt Valley - 110.0 Brookfield
Hunt Valley,Week4,Hayfield Farm,Week5,277.0 Hunt Valley - 125.0 Hayfield Farm
Hunt Valley,Week5,Bren Mar-Edsall Park,Week5,383.0 Hunt Valley - 19.0 Bren Mar-Edsall Park
Hunt Valley,Week4,Herndon,Week1,355.0 Hunt Valley - 47.0 Herndon
Holmes Run Acres,Week2,Fairfax Station,Week1,260.0 Fairfax Station - 142.0 Holmes Run Acres
Holmes Run Acres,Week1,Fairfax Station,Week5,295.0 Fairfax Station - 107.0 Holmes Run Acres
Hunt Valley,Week4,Springfield,Week3,383.0 Hunt Valley - 18.0 Springfield
Holmes Run Acres,Week3,Greenbriar,Week2,201.0 Greenbriar - 201.0 Holmes Run Acres
Hunt Valley,Week1,Herndon,Week1,353.0 Hunt Valley - 49.0 Herndon
Holmes Run Acres,Week3,Greenbriar,Week1,226.0 Holmes Run Acres - 176.0 Greenbriar
Holmes Run Acres,Week1,Hamlet,Week5,299.0 Hamlet - 103.0 Holmes Run Acres
Hunt Valley,Week3,Brookfield ,Week2,297.0 Hunt Valley - 105.0 Brookfield
Holmes Run Acres,Week3,Fairfax Station,Week2,231.0 Fairfax Station - 171.0 Holmes Run Acres
Hunt Valley,Week5,Hayfield Farm,Week1,284.5 Hunt Valley - 117.5 Hayfield Farm
Holmes Run Acres,Week2,Lee Graham,Week3,294.0 Lee Graham - 108.0 Holmes Run Acres
Hunt Valley,Week4,Hayfield Farm,Week3,245.0 Hunt Valley - 157.0 Hayfield Farm
Holmes Run Acres,Week4,Lee Graham,Week4,266.0 Lee Graham - 136.0 Holmes Run Acres
Hunt Valley,Week1,Brookfield ,Week4,267.5 Hunt Valley - 134.5 Brookfield
Hunt Valley,Week4,Brookfield ,Week4,279.0 Hunt Valley - 123.0 Brookfield
Hunt Valley,Week3,Herndon,Week5,361.0 Hunt Valley - 41.0 Herndon
Holmes Run Acres,Week3,Lincolnia Park,Week2,328.0 Holmes Run Acres - 61.0 Lincolnia Park
Holmes Run Acres,Week2,Hamlet,Week4,284.0 Hamlet - 118.0 Holmes Run Acres
Hunt Valley,Week1,Herndon,Week5,348.0 Hunt Valley - 54.0 Herndon
Holmes Run Acres,Week3,Lee Graham,Week1,249.0 Lee Graham - 153.0 Holmes Run Acres
Holmes Run Acres,Week4,Greenbriar,Week3,218.0 Greenbriar - 184.0 Holmes Run Acres
Hunt Valley,Week5,Hayfield Farm,Week3,264.0 Hunt Valley - 138.0 Hayfield Farm
Hunt Valley,Week5,Brookfield ,Week1,310.0 Hunt Valley - 92.0 Brookfield
Hunt Valley,Week4,Brookfield ,Week2,295.0 Hunt Valley - 107.0 Brookfield
Hunt Valley,Week1,Hiddenbrook,Week3,296.0 Hunt Valley - 106.0 Hiddenbrook
Hunt Valley,Week3,Hiddenbrook,Week3,317.0 Hunt Valley - 85.0 Hiddenbrook
Hunt Valley,Week3,Brookfield ,Week4,290.0 Hunt Valley - 112.0 Brookfield
Holmes Run Acres,Week2,Lee Graham,Week2,290.0 Lee Graham - 112.0 Holmes Run Acres
Hunt Valley,Week5,Hiddenbrook,Week4,320.0 Hunt Valley - 82.0 Hiddenbrook
Holmes Run Acres,Week2,Greenbriar,Week4,213.0 Holmes Run Acres - 189.0 Greenbriar
Holmes Run Acres,Week1,Hamlet,Week4,272.0 Hamlet - 130.0 Holmes Run Acres
Holmes Run Acres,Week4,Greenbriar,Week4,217.0 Holmes Run Acres - 185.0 Greenbriar
Hunt Valley,Week1,Hiddenbrook,Week4,294.0 Hunt Valley - 103.0 Hiddenbrook
Holmes Run Acres,Week5,Lee Graham,Week5,250.0 Lee Graham - 152.0 Holmes Run Acres
Holmes Run Acres,Week5,Lee Graham,Week3,242.0 Lee Graham - 160.0 Holmes Run Acres
Holmes Run Acres,Week1,Lincolnia Park,Week3,275.0 Holmes Run Acres - 117.0 Lincolnia Park
Holmes Run Acres,Week5,Lee Graham,Week2,238.0 Lee Graham - 164.0 Holmes Run Acres
Holmes Run Acres,Week5,Greenbriar,Week4,250.0 Holmes Run Acres - 152.0 Greenbriar
Hunt Valley,Week4,Herndon,Week3,358.0 Hunt Valley - 44.0 Herndon
Hunt Valley,Week2,Herndon,Week2,367.0 Hunt Valley - 35.0 Herndon
Holmes Run Acres,Week1,Hamlet,Week3,288.0 Hamlet - 114.0 Holmes Run Acres
Hunt Valley,Week2,Brookfield ,Week2,292.0 Hunt Valley - 110.0 Brookfield
Hunt Valley,Week3,Hayfield Farm,Week5,287.0 Hunt Valley - 115.0 Hayfield Farm
Holmes Run Acres,Week5,Greenbriar,Week1,234.0 Holmes Run Acres - 168.0 Greenbriar
Holmes Run Acres,Week3,Greenbriar,Week3,216.0 Holmes Run Acres - 186.0 Greenbriar
Holmes Run Acres,Week2,Lincolnia Park,Week1,297.0 Holmes Run Acres - 105.0 Lincolnia Park
Holmes Run Acres,Week3,Lee Graham,Week2,250.0 Lee Graham - 152.0 Holmes Run Acres
Hunt Valley,Week4,Brookfield ,Week3,298.0 Hunt Valley - 104.0 Brookfield
Holmes Run Acres,Week1,Greenbriar,Week5,221.0 Greenbriar - 180.0 Holmes Run Acres
Hunt Valley,Week5,Brookfield ,Week3,324.0 Hunt Valley - 78.0 Brookfield
Hunt Valley,Week5,Brookfield ,Week2,308.0 Hunt Valley - 94.0 Brookfield
Hunt Valley,Week3,Brookfield ,Week3,312.0 Hunt Valley - 90.0 Brookfield
Hunt Valley,Week4,Brookfield ,Week1,285.0 Hunt Valley - 117.0 Brookfield
Holmes Run Acres,Week2,Lincolnia Park,Week2,288.5 Holmes Run Acres - 100.5 Lincolnia Park
Hunt Valley,Week2,Brookfield ,Week3,295.0 Hunt Valley - 107.0 Brookfield
Holmes Run Acres,Week4,Lee Graham,Week3,275.0 Lee Graham - 127.0 Holmes Run Acres
Holmes Run Acres,Week2,Greenbriar,Week1,214.0 Greenbriar - 188.0 Holmes Run Acres
Holmes Run Acres,Week1,Lincolnia Park,Week5,271.0 Holmes Run Acres - 120.0 Lincolnia Park
Hunt Valley,Week3,Brookfield ,Week5,292.0 Hunt Valley - 110.0 Brookfield
Hunt Valley,Week1,Herndon,Week2,354.0 Hunt Valley - 48.0 Herndon
Hunt Valley,Week4,Hiddenbrook,Week5,293.0 Hunt Valley - 109.0 Hiddenbrook
Holmes Run Acres,Week2,Greenbriar,Week5,218.0 Greenbriar - 183.0 Holmes Run Acres
Hunt Valley,Week2,Hiddenbrook,Week3,306.0 Hunt Valley - 96.0 Hiddenbrook
Holmes Run Acres,Week5,Fairfax Station,Week2,221.0 Fairfax Station - 181.0 Holmes Run Acres
Hunt Valley,Week5,Herndon,Week4,379.0 Hunt Valley - 23.0 Herndon
Holmes Run Acres,Week3,Lee Graham,Week4,248.0 Lee Graham - 154.0 Holmes Run Acres
Holmes Run Acres,Week5,Greenbriar,Week5,229.0 Holmes Run Acres - 173.0 Greenbriar
Holmes Run Acres,Week2,Greenbriar,Week3,233.0 Greenbriar - 169.0 Holmes Run Acres
Holmes Run Acres,Week3,Kings Ridge ,Week4,279.0 Holmes Run Acres - 123.0 Kings Ridge
Hunt Valley,Week1,Brookfield ,Week5,279.0 Hunt Valley - 123.0 Brookfield
Holmes Run Acres,Week1,Lincolnia Park,Week1,301.0 Holmes Run Acres - 100.0 Lincolnia Park
Hunt Valley,Week4,Herndon,Week2,357.0 Hunt Valley - 45.0 Herndon
Hunt Valley,Week5,Hiddenbrook,Week3,328.0 Hunt Valley - 74.0 Hiddenbrook
Holmes Run Acres,Week3,Greenbriar,Week4,247.0 Holmes Run Acres - 155.0 Greenbriar
Hunt Valley,Week1,Brookfield ,Week3,310.0 Hunt Valley - 92.0 Brookfield
Hunt Valley,Week5,Herndon,Week2,375.0 Hunt Valley - 27.0 Herndon
Holmes Run Acres,Week2,Lee Graham,Week5,293.0 Lee Graham - 109.0 Holmes Run Acres
Hunt Valley,Week4,Brookfield ,Week5,285.5 Hunt Valley - 116.5 Brookfield
Holmes Run Acres,Week4,Hamlet,Week3,285.0 Hamlet - 117.0 Holmes Run Acres
Hunt Valley,Week3,Broyhill Crest,Week1,392.0 Hunt Valley - 10.0 Broyhill Crest
Holmes Run Acres,Week2,Kings Ridge ,Week3,260.0 Holmes Run Acres - 141.0 Kings Ridge
Holmes Run Acres,Week3,Lee Graham,Week3,261.0 Lee Graham - 141.0 Holmes Run Acres
Holmes Run Acres,Week3,Kings Ridge ,Week5,275.0 Holmes Run Acres - 127.0 Kings Ridge
Holmes Run Acres,Week2,Lake Braddock,Week1,292.0 Holmes Run Acres - 110.0 Lake Braddock
Hunt Valley,Week1,Broyhill Crest,Week1,378.0 Hunt Valley - 19.0 Broyhill Crest
Hunt Valley,Week5,Brookfield ,Week4,307.0 Hunt Valley - 95.0 Brookfield
Holmes Run Acres,Week3,Greenbriar,Week5,227.0 Holmes Run Acres - 174.0 Greenbriar
Holmes Run Acres,Week5,Greenbriar,Week2,212.0 Holmes Run Acres - 190.0 Greenbriar
Holmes Run Acres,Week3,Lee Graham,Week5,257.0 Lee Graham - 145.0 Holmes Run Acres
Hunt Valley,Week1,High Point Pool,Week4,227.0 Hunt Valley - 175.0 High Point Pool
Hunt Valley,Week2,Hiddenbrook,Week1,320.0 Hunt Valley - 82.0 Hiddenbrook
Hunt Valley,Week1,Hiddenbrook,Week2,321.0 Hunt Valley - 76.0 Hiddenbrook
Holmes Run Acres,Week1,Hamlet,Week1,273.0 Hamlet - 129.0 Holmes Run Acres
Hunt Valley,Week5,Herndon,Week5,370.0 Hunt Valley - 32.0 Herndon
Hunt Valley,Week1,Burke Station,Week4,316.0 Hunt Valley - 86.0 Burke Station
Hunt Valley,Week3,Hiddenbrook,Week4,317.0 Hunt Valley - 85.0 Hiddenbrook
Holmes Run Acres,Week2,Lee Graham,Week4,275.0 Lee Graham - 127.0 Holmes Run Acres
Holmes Run Acres,Week1,Hamlet,Week2,289.5 Hamlet - 112.5 Holmes Run Acres
Holmes Run Acres,Week2,Kings Ridge ,Week5,252.0 Holmes Run Acres - 150.0 Kings Ridge
Holmes Run Acres,Week2,Lincolnia Park,Week3,271.0 Holmes Run Acres - 122.0 Lincolnia Park
Holmes Run Acres,Week5,Kings Ridge ,Week3,293.0 Holmes Run Acres - 109.0 Kings Ridge
Hunt Valley,Week1,Hiddenbrook,Week5,271.0 Hunt Valley - 131.0 Hiddenbrook
Holmes Run Acres,Week4,Greenbriar,Week2,224.0 Greenbriar - 178.0 Holmes Run Acres
Holmes Run Acres,Week1,Greenbriar,Week4,206.0 Greenbriar - 196.0 Holmes Run Acres
Hunt Valley,Week1,Burke Station,Week2,327.0 Hunt Valley - 75.0 Burke Station
Hunt Valley,Week4,Herndon,Week4,355.0 Hunt Valley - 47.0 Herndon
Holmes Run Acres,Week3,Kings Ridge ,Week2,303.0 Holmes Run Acres - 99.0 Kings Ridge
Hunt Valley,Week2,Burke Station,Week3,311.0 Hunt Valley - 86.0 Burke Station
Holmes Run Acres,Week4,Greenbriar,Week1,204.0 Greenbriar - 198.0 Holmes Run Acres
Holmes Run Acres,Week4,Kings Ridge ,Week2,286.0 Holmes Run Acres - 116.0 Kings Ridge
Hunt Valley,Week1,Hiddenbrook,Week1,306.0 Hunt Valley - 96.0 Hiddenbrook
Holmes Run Acres,Week3,Lincolnia Park,Week1,331.0 Holmes Run Acres - 71.0 Lincolnia Park
Holmes Run Acres,Week2,Greenbriar,Week2,230.0 Greenbriar - 172.0 Holmes Run Acres
Holmes Run Acres,Week1,Little Hunting Park,Week3,266.0 Holmes Run Acres - 135.0 Little Hunting Park
Holmes Run Acres,Week3,Hamlet,Week2,274.0 Hamlet - 128.0 Holmes Run Acres
Hunt Valley,Week1,Broyhill Crest,Week2,377.0 Hunt Valley - 25.0 Broyhill Crest
Hunt Valley,Week3,Hiddenbrook,Week2,336.0 Hunt Valley - 66.0 Hiddenbrook
Holmes Run Acres,Week2,Hamlet,Week1,288.0 Hamlet - 114.0 Holmes Run Acres
Holmes Run Acres,Week2,Hamlet,Week3,308.0 Hamlet - 94.0 Holmes Run Acres
Holmes Run Acres,Week4,Lee Graham,Week5,275.0 Lee Graham - 127.0 Holmes Run Acres
Hunt Valley,Week5,Broyhill Crest,Week1,387.0 Hunt Valley - 15.0 Broyhill Crest
Holmes Run Acres,Week3,Hamlet,Week3,272.0 Hamlet - 130.0 Holmes Run Acres
Holmes Run Acres,Week1,Lake Braddock,Week3,285.0 Holmes Run Acres - 117.0 Lake Braddock
Holmes Run Acres,Week1,Lincolnia Park,Week2,291.0 Holmes Run Acres - 98.0 Lincolnia Park
Holmes Run Acres,Week3,Kings Ridge ,Week3,291.0 Holmes Run Acres - 110.0 Kings Ridge
Holmes Run Acres,Week2,Lake Braddock,Week3,285.0 Holmes Run Acres - 117.0 Lake Braddock
Holmes Run Acres,Week2,Lincolnia Park,Week5,270.0 Holmes Run Acres - 123.0 Lincolnia Park
Holmes Run Acres,Week1,Lake Braddock,Week1,300.0 Holmes Run Acres - 102.0 Lake Braddock
Holmes Run Acres,Week4,Kings Ridge ,Week1,277.0 Holmes Run Acres - 125.0 Kings Ridge
Hunt Valley,Week5,Broyhill Crest,Week2,391.0 Hunt Valley - 11.0 Broyhill Crest
Holmes Run Acres,Week2,Lincolnia Park,Week4,304.0 Holmes Run Acres - 93.0 Lincolnia Park
Hunt Valley,Week4,Herndon,Week5,356.0 Hunt Valley - 46.0 Herndon
Holmes Run Acres,Week4,Lee Graham,Week1,263.0 Lee Graham - 139.0 Holmes Run Acres
Hunt Valley,Week5,Herndon,Week1,376.0 Hunt Valley - 26.0 Herndon
Hunt Valley,Week2,Hiddenbrook,Week4,304.0 Hunt Valley - 98.0 Hiddenbrook
Hunt Valley,Week5,Broyhill Crest,Week3,396.0 Hunt Valley - 6.0 Broyhill Crest
Hunt Valley,Week1,Burke Station,Week5,303.0 Hunt Valley - 99.0 Burke Station
Holmes Run Acres,Week5,Greenbriar,Week3,223.0 Holmes Run Acres - 179.0 Greenbriar
Hunt Valley,Week2,Broyhill Crest,Week1,382.0 Hunt Valley - 19.0 Broyhill Crest
Holmes Run Acres,Week3,Little Hunting Park,Week1,290.0 Holmes Run Acres - 111.0 Little Hunting Park
Holmes Run Acres,Week4,Lake Braddock,Week5,284.0 Holmes Run Acres - 118.0 Lake Braddock
Hunt Valley,Week1,Broyhill Crest,Week4,380.0 Hunt Valley - 22.0 Broyhill Crest
Hunt Valley,Week3,Burke Station,Week2,345.0 Hunt Valley - 57.0 Burke Station
Holmes Run Acres,Week3,Hamlet,Week5,278.0 Hamlet - 124.0 Holmes Run Acres
Hunt Valley,Week5,Brookfield ,Week5,307.5 Hunt Valley - 94.5 Brookfield
Holmes Run Acres,Week4,Hamlet,Week1,276.0 Hamlet - 126.0 Holmes Run Acres
Holmes Run Acres,Week1,Lake Braddock,Week4,291.0 Holmes Run Acres - 111.0 Lake Braddock
Hunt Valley,Week5,Herndon,Week3,380.0 Hunt Valley - 22.0 Herndon
Hunt Valley,Week4,Broyhill Crest,Week5,387.0 Hunt Valley - 15.0 Broyhill Crest
Holmes Run Acres,Week4,Lincolnia Park,Week1,307.0 Holmes Run Acres - 94.0 Lincolnia Park
Holmes Run Acres,Week2,Little Hunting Park,Week3,258.0 Holmes Run Acres - 143.0 Little Hunting Park
Hunt Valley,Week2,Hiddenbrook,Week2,328.0 Hunt Valley - 74.0 Hiddenbrook
Holmes Run Acres,Week1,Little Hunting Park,Week5,229.0 Holmes Run Acres - 172.0 Little Hunting Park
Holmes Run Acres,Week5,Lake Braddock,Week2,314.0 Holmes Run Acres - 88.0 Lake Braddock
Hunt Valley,Week3,Hiddenbrook,Week1,322.0 Hunt Valley - 80.0 Hiddenbrook
Holmes Run Acres,Week1,Lake Braddock,Week5,268.0 Holmes Run Acres - 134.0 Lake Braddock
Holmes Run Acres,Week4,Hamlet,Week2,288.0 Hamlet - 114.0 Holmes Run Acres
Holmes Run Acres,Week3,Kings Ridge ,Week1,306.0 Holmes Run Acres - 96.0 Kings Ridge
Holmes Run Acres,Week3,Hamlet,Week1,242.0 Hamlet - 160.0 Holmes Run Acres
Holmes Run Acres,Week2,Kings Ridge ,Week4,255.0 Holmes Run Acres - 147.0 Kings Ridge
Hunt Valley,Week3,Broyhill Crest,Week2,387.0 Hunt Valley - 15.0 Broyhill Crest
Hunt Valley,Week4,Hiddenbrook,Week1,324.0 Hunt Valley - 78.0 Hiddenbrook
Holmes Run Acres,Week4,Little Hunting Park,Week5,248.0 Holmes Run Acres - 152.0 Little Hunting Park
Holmes Run Acres,Week2,Lake Braddock,Week5,267.0 Holmes Run Acres - 135.0 Lake Braddock
Hunt Valley,Week1,Broyhill Crest,Week3,388.0 Hunt Valley - 14.0 Broyhill Crest
Hunt Valley,Week3,Hiddenbrook,Week5,290.0 Hunt Valley - 112.0 Hiddenbrook
Holmes Run Acres,Week4,Little Hunting Park,Week3,273.5 Holmes Run Acres - 127.5 Little Hunting Park
Holmes Run Acres,Week3,Hamlet,Week4,243.0 Hamlet - 159.0 Holmes Run Acres
Holmes Run Acres,Week5,Hamlet,Week2,259.0 Hamlet - 143.0 Holmes Run Acres
Hunt Valley,Week4,Hiddenbrook,Week3,310.0 Hunt Valley - 92.0 Hiddenbrook
Hunt Valley,Week4,Hiddenbrook,Week4,308.0 Hunt Valley - 94.0 Hiddenbrook
Hunt Valley,Week2,Broyhill Crest,Week5,384.0 Hunt Valley - 18.0 Broyhill Crest
Holmes Run Acres,Week4,Kings Ridge ,Week5,254.0 Holmes Run Acres - 148.0 Kings Ridge
Holmes Run Acres,Week5,Lincolnia Park,Week2,329.0 Holmes Run Acres - 63.0 Lincolnia Park
Holmes Run Acres,Week3,Little Hunting Park,Week4,292.0 Holmes Run Acres - 110.0 Little Hunting Park
Hunt Valley,Week2,Hiddenbrook,Week5,272.0 Hunt Valley - 130.0 Hiddenbrook
Hunt Valley,Week2,Broyhill Crest,Week2,380.0 Hunt Valley - 21.0 Broyhill Crest
Holmes Run Acres,Week2,Hamlet,Week5,311.0 Hamlet - 91.0 Holmes Run Acres
Holmes Run Acres,Week1,Little Hunting Park,Week1,269.0 Holmes Run Acres - 132.0 Little Hunting Park
Holmes Run Acres,Week5,Hamlet,Week3,250.0 Hamlet - 152.0 Holmes Run Acres
Holmes Run Acres,Week4,Kings Ridge ,Week4,254.0 Holmes Run Acres - 148.0 Kings Ridge
Holmes Run Acres,Week5,Lincolnia Park,Week1,332.0 Holmes Run Acres - 70.0 Lincolnia Park
Hunt Valley,Week5,Hiddenbrook,Week1,344.0 Hunt Valley - 58.0 Hiddenbrook
Hunt Valley,Week2,Broyhill Crest,Week3,394.0 Hunt Valley - 7.0 Broyhill Crest
Hunt Valley,Week4,Broyhill Crest,Week1,382.0 Hunt Valley - 20.0 Broyhill Crest
Hunt Valley,Week3,Broyhill Crest,Week3,388.0 Hunt Valley - 14.0 Broyhill Crest
Hunt Valley,Week4,Hiddenbrook,Week2,326.0 Hunt Valley - 76.0 Hiddenbrook
Holmes Run Acres,Week5,Kings Ridge ,Week5,288.5 Holmes Run Acres - 113.5 Kings Ridge
Hunt Valley,Week5,Hiddenbrook,Week2,342.0 Hunt Valley - 60.0 Hiddenbrook
Holmes Run Acres,Week2,Little Hunting Park,Week2,252.0 Holmes Run Acres - 149.0 Little Hunting Park
Holmes Run Acres,Week1,Hayfield Farm,Week1,218.5 Hayfield Farm - 183.5 Holmes Run Acres
Holmes Run Acres,Week5,Hamlet,Week1,238.0 Hamlet - 164.0 Holmes Run Acres
Holmes Run Acres,Week5,Kings Ridge ,Week1,310.0 Holmes Run Acres - 92.0 Kings Ridge
Hunt Valley,Week4,Broyhill Crest,Week4,384.0 Hunt Valley - 18.0 Broyhill Crest
Holmes Run Acres,Week5,Lincolnia Park,Week5,303.0 Holmes Run Acres - 90.0 Lincolnia Park
Hunt Valley,Week1,Broyhill Crest,Week5,378.0 Hunt Valley - 24.0 Broyhill Crest
Holmes Run Acres,Week3,Little Hunting Park,Week2,293.0 Holmes Run Acres - 108.0 Little Hunting Park
Hunt Valley,Week1,High Point Pool,Week1,235.0 Hunt Valley - 167.0 High Point Pool
Holmes Run Acres,Week2,Little Hunting Park,Week4,250.0 Holmes Run Acres - 152.0 Little Hunting Park
Hunt Valley,Week1,High Point Pool,Week3,237.0 Hunt Valley - 165.0 High Point Pool
Hunt Valley,Week5,Hiddenbrook,Week5,309.0 Hunt Valley - 93.0 Hiddenbrook
Hunt Valley,Week4,Broyhill Crest,Week2,381.0 Hunt Valley - 21.0 Broyhill Crest
Holmes Run Acres,Week4,Kings Ridge ,Week3,275.0 Holmes Run Acres - 126.0 Kings Ridge
Holmes Run Acres,Week5,Hamlet,Week5,255.0 Hamlet - 147.0 Holmes Run Acres
Hunt Valley,Week5,Broyhill Crest,Week5,390.0 Hunt Valley - 12.0 Broyhill Crest
Holmes Run Acres,Week2,Kings Ridge ,Week2,270.0 Holmes Run Acres - 132.0 Kings Ridge
Holmes Run Acres,Week3,Lake Braddock,Week2,319.0 Holmes Run Acres - 83.0 Lake Braddock
Holmes Run Acres,Week4,Hamlet,Week5,292.0 Hamlet - 110.0 Holmes Run Acres
Holmes Run Acres,Week5,Kings Ridge ,Week2,299.0 Holmes Run Acres - 103.0 Kings Ridge
Holmes Run Acres,Week3,Lincolnia Park,Week4,329.0 Holmes Run Acres - 73.0 Lincolnia Park
Hunt Valley,Week1,High Point Pool,Week2,229.0 Hunt Valley - 173.0 High Point Pool
Holmes Run Acres,Week1,Lake Braddock,Week2,282.0 Holmes Run Acres - 120.0 Lake Braddock
Hunt Valley,Week2,High Point Pool,Week2,235.0 Hunt Valley - 167.0 High Point Pool
Holmes Run Acres,Week4,Lincolnia Park,Week5,277.0 Holmes Run Acres - 115.0 Lincolnia Park
Holmes Run Acres,Week4,Lincolnia Park,Week2,306.0 Holmes Run Acres - 83.0 Lincolnia Park
Holmes Run Acres,Week1,Hayfield Farm,Week4,227.5 Hayfield Farm - 174.5 Holmes Run Acres
Holmes Run Acres,Week1,Hayfield Farm,Week2,216.0 Hayfield Farm - 186.0 Holmes Run Acres
Holmes Run Acres,Week4,Hamlet,Week4,270.0 Hamlet - 132.0 Holmes Run Acres
Hunt Valley,Week5,Broyhill Crest,Week4,394.0 Hunt Valley - 8.0 Broyhill Crest
Holmes Run Acres,Week1,Hayfield Farm,Week3,238.0 Hayfield Farm - 164.0 Holmes Run Acres
Holmes Run Acres,Week2,Little Hunting Park,Week1,261.0 Holmes Run Acres - 141.0 Little Hunting Park
Hunt Valley,Week3,Broyhill Crest,Week5,391.0 Hunt Valley - 11.0 Broyhill Crest
Holmes Run Acres,Week1,Hayfield Farm,Week5,205.0 Holmes Run Acres - 197.0 Hayfield Farm
Hunt Valley,Week4,Broyhill Crest,Week3,388.0 Hunt Valley - 14.0 Broyhill Crest
Hunt Valley,Week1,High Point Pool,Week5,244.0 Hunt Valley - 158.0 High Point Pool
Holmes Run Acres,Week4,Lincolnia Park,Week3,285.0 Holmes Run Acres - 108.0 Lincolnia Park
Hunt Valley,Week2,Broyhill Crest,Week4,384.0 Hunt Valley - 17.0 Broyhill Crest
Hunt Valley,Week2,High Point Pool,Week3,240.0 Hunt Valley - 162.0 High Point Pool
Hunt Valley,Week2,High Point Pool,Week4,235.5 Hunt Valley - 166.5 High Point Pool
Hunt Valley,Week1,Camelot,Week1,281.0 Hunt Valley - 121.0 Camelot
Holmes Run Acres,Week2,Lake Braddock,Week4,287.0 Holmes Run Acres - 115.0 Lake Braddock
Holmes Run Acres,Week4,Lake Braddock,Week2,286.0 Holmes Run Acres - 116.0 Lake Braddock
Holmes Run Acres,Week3,Lake Braddock,Week3,323.0 Holmes Run Acres - 79.0 Lake Braddock
Hunt Valley,Week2,Burke Station,Week2,328.0 Hunt Valley - 74.0 Burke Station
Holmes Run Acres,Week5,Lake Braddock,Week1,326.0 Holmes Run Acres - 76.0 Lake Braddock
Holmes Run Acres,Week3,Lincolnia Park,Week5,310.0 Holmes Run Acres - 83.0 Lincolnia Park
Holmes Run Acres,Week1,Lakevale Estates,Week1,249.0 Lakevale Estates - 153.0 Holmes Run Acres
Holmes Run Acres,Week4,Lake Braddock,Week3,287.0 Holmes Run Acres - 115.0 Lake Braddock
Holmes Run Acres,Week3,Lake Braddock,Week5,308.0 Holmes Run Acres - 94.0 Lake Braddock
Hunt Valley,Week2,Burke Station,Week5,302.0 Hunt Valley - 100.0 Burke Station
Holmes Run Acres,Week3,Little Hunting Park,Week5,271.0 Holmes Run Acres - 130.0 Little Hunting Park
Hunt Valley,Week2,Burke Station,Week1,282.0 Hunt Valley - 97.0 Burke Station
Holmes Run Acres,Week3,Little Hunting Park,Week3,303.0 Holmes Run Acres - 98.0 Little Hunting Park
Holmes Run Acres,Week5,Lake Braddock,Week3,313.0 Holmes Run Acres - 89.0 Lake Braddock
Holmes Run Acres,Week4,Lincolnia Park,Week4,308.0 Holmes Run Acres - 93.0 Lincolnia Park
Holmes Run Acres,Week4,Little Hunting Park,Week1,275.0 Holmes Run Acres - 126.0 Little Hunting Park
Holmes Run Acres,Week4,Lake Braddock,Week4,300.0 Holmes Run Acres - 102.0 Lake Braddock
Holmes Run Acres,Week1,Lakevale Estates,Week5,288.5 Lakevale Estates - 113.5 Holmes Run Acres
Hunt Valley,Week2,Camelot,Week5,276.0 Hunt Valley - 126.0 Camelot
Hunt Valley,Week3,Burke Station,Week1,290.0 Hunt Valley - 89.0 Burke Station
Holmes Run Acres,Week4,Little Hunting Park,Week4,267.0 Holmes Run Acres - 135.0 Little Hunting Park
Holmes Run Acres,Week3,Lake Braddock,Week1,327.0 Holmes Run Acres - 75.0 Lake Braddock
Holmes Run Acres,Week2,Little Hunting Park,Week5,229.0 Holmes Run Acres - 172.0 Little Hunting Park
Holmes Run Acres,Week4,Little Hunting Park,Week2,262.0 Holmes Run Acres - 139.0 Little Hunting Park
Hunt Valley,Week1,Burke Station,Week1,281.0 Hunt Valley - 98.0 Burke Station
Holmes Run Acres,Week1,Little Hunting Park,Week2,254.0 Holmes Run Acres - 147.0 Little Hunting Park
Hunt Valley,Week2,Burke Station,Week4,331.0 Hunt Valley - 71.0 Burke Station
Holmes Run Acres,Week3,Lake Braddock,Week4,326.0 Holmes Run Acres - 76.0 Lake Braddock
Hunt Valley,Week3,High Point Pool,Week1,253.5 Hunt Valley - 148.5 High Point Pool
Hunt Valley,Week3,High Point Pool,Week3,246.0 Hunt Valley - 156.0 High Point Pool
Holmes Run Acres,Week1,Lakevale Estates,Week2,257.0 Lakevale Estates - 145.0 Holmes Run Acres
Hunt Valley,Week2,High Point Pool,Week5,248.0 Hunt Valley - 154.0 High Point Pool
Hunt Valley,Week2,High Point Pool,Week1,237.0 Hunt Valley - 165.0 High Point Pool
Holmes Run Acres,Week4,Lake Braddock,Week1,300.0 Holmes Run Acres - 102.0 Lake Braddock
Holmes Run Acres,Week5,Lincolnia Park,Week4,331.0 Holmes Run Acres - 71.0 Lincolnia Park
Holmes Run Acres,Week1,Little Hunting Park,Week4,241.0 Holmes Run Acres - 161.0 Little Hunting Park
Hunt Valley,Week3,High Point Pool,Week2,243.0 Hunt Valley - 159.0 High Point Pool
Hunt Valley,Week5,Burke Station,Week3,340.0 Hunt Valley - 57.0 Burke Station
Hunt Valley,Week3,Broyhill Crest,Week4,382.0 Hunt Valley - 20.0 Broyhill Crest
Holmes Run Acres,Week3,Lincolnia Park,Week3,306.0 Holmes Run Acres - 87.0 Lincolnia Park
Hunt Valley,Week5,Burke Station,Week1,310.0 Hunt Valley - 69.0 Burke Station
Holmes Run Acres,Week5,Kings Ridge ,Week4,293.0 Holmes Run Acres - 109.0 Kings Ridge
Hunt Valley,Week1,Burke Station,Week3,309.0 Hunt Valley - 88.0 Burke Station
Holmes Run Acres,Week5,Lincolnia Park,Week3,300.0 Holmes Run Acres - 93.0 Lincolnia Park
Holmes Run Acres,Week2,Lake Braddock,Week2,285.0 Holmes Run Acres - 117.0 Lake Braddock
Holmes Run Acres,Week5,Hamlet,Week4,233.0 Hamlet - 169.0 Holmes Run Acres
Holmes Run Acres,Week4,Langley,Week1,266.0 Langley - 136.0 Holmes Run Acres
Holmes Run Acres,Week2,Hayfield Farm,Week1,220.0 Hayfield Farm - 182.0 Holmes Run Acres
Hunt Valley,Week4,Burke Station,Week5,300.0 Hunt Valley - 102.0 Burke Station
Holmes Run Acres,Week3,Lakevale Estates,Week2,221.0 Lakevale Estates - 181.0 Holmes Run Acres
Hunt Valley,Week3,Camelot,Week1,297.0 Hunt Valley - 105.0 Camelot
Hunt Valley,Week4,Burke Station,Week4,326.0 Hunt Valley - 76.0 Burke Station
Holmes Run Acres,Week2,Lakevale Estates,Week2,279.0 Lakevale Estates - 123.0 Holmes Run Acres
Holmes Run Acres,Week2,Lakevale Estates,Week5,301.0 Lakevale Estates - 101.0 Holmes Run Acres
Hunt Valley,Week2,Camelot,Week1,288.0 Hunt Valley - 114.0 Camelot
Holmes Run Acres,Week3,Laurel Hill,Week3,295.0 Holmes Run Acres - 107.0 Laurel Hill
Holmes Run Acres,Week4,Laurel Hill,Week2,285.0 Holmes Run Acres - 116.0 Laurel Hill
Holmes Run Acres,Week3,Laurel Hill,Week5,271.0 Holmes Run Acres - 130.0 Laurel Hill
Hunt Valley,Week5,Burke Station,Week4,343.0 Hunt Valley - 59.0 Burke Station
Hunt Valley,Week1,Camelot,Week2,266.0 Hunt Valley - 136.0 Camelot
Holmes Run Acres,Week5,Langley,Week1,228.0 Langley - 174.0 Holmes Run Acres
Holmes Run Acres,Week3,Lakevale Estates,Week3,236.0 Lakevale Estates - 166.0 Holmes Run Acres
Holmes Run Acres,Week3,Lakevale Estates,Week1,222.0 Lakevale Estates - 180.0 Holmes Run Acres
Holmes Run Acres,Week1,Laurel Hill,Week2,292.0 Holmes Run Acres - 110.0 Laurel Hill
Hunt Valley,Week1,Camelot,Week3,265.0 Hunt Valley - 137.0 Camelot
Hunt Valley,Week3,Camelot,Week2,280.5 Hunt Valley - 121.5 Camelot
Holmes Run Acres,Week5,Laurel Hill,Week3,292.0 Holmes Run Acres - 110.0 Laurel Hill
Hunt Valley,Week1,Camelot,Week4,258.0 Hunt Valley - 144.0 Camelot
Holmes Run Acres,Week3,Langley,Week5,213.0 Langley - 189.0 Holmes Run Acres
Holmes Run Acres,Week3,Lakevale Estates,Week4,260.0 Lakevale Estates - 142.0 Holmes Run Acres
Holmes Run Acres,Week5,Lake Braddock,Week5,317.0 Holmes Run Acres - 85.0 Lake Braddock
Holmes Run Acres,Week4,Langley,Week4,269.5 Langley - 132.5 Holmes Run Acres
Hunt Valley,Week2,Camelot,Week4,272.0 Hunt Valley - 130.0 Camelot
Holmes Run Acres,Week3,Lakevale Estates,Week5,260.0 Lakevale Estates - 142.0 Holmes Run Acres
Holmes Run Acres,Week4,Langley,Week3,269.0 Langley - 133.0 Holmes Run Acres
Holmes Run Acres,Week1,Lakevale Estates,Week3,270.0 Lakevale Estates - 132.0 Holmes Run Acres
Hunt Valley,Week2,Camelot,Week2,272.0 Hunt Valley - 130.0 Camelot
Holmes Run Acres,Week4,Lakevale Estates,Week3,268.0 Lakevale Estates - 134.0 Holmes Run Acres
Hunt Valley,Week5,Burke Station,Week5,328.0 Hunt Valley - 74.0 Burke Station
Holmes Run Acres,Week5,Lake Braddock,Week4,319.0 Holmes Run Acres - 83.0 Lake Braddock
Hunt Valley,Week1,Camelot,Week5,265.0 Hunt Valley - 137.0 Camelot
Hunt Valley,Week3,Burke Station,Week5,324.0 Hunt Valley - 78.0 Burke Station
Holmes Run Acres,Week5,Langley,Week3,225.0 Langley - 177.0 Holmes Run Acres
Holmes Run Acres,Week2,Lakevale Estates,Week3,277.5 Lakevale Estates - 124.5 Holmes Run Acres
Holmes Run Acres,Week5,Langley,Week2,213.0 Langley - 189.0 Holmes Run Acres
Hunt Valley,Week5,Burke Station,Week2,346.0 Hunt Valley - 56.0 Burke Station
Hunt Valley,Week4,Burke Station,Week2,326.0 Hunt Valley - 76.0 Burke Station
Holmes Run Acres,Week2,Laurel Hill,Week2,278.0 Holmes Run Acres - 124.0 Laurel Hill
Holmes Run Acres,Week5,Langley,Week5,209.0 Langley - 193.0 Holmes Run Acres
Hunt Valley,Week3,Burke Station,Week3,324.0 Hunt Valley - 73.0 Burke Station
Holmes Run Acres,Week4,Langley,Week5,255.0 Langley - 147.0 Holmes Run Acres
Holmes Run Acres,Week2,Laurel Hill,Week3,255.0 Holmes Run Acres - 146.0 Laurel Hill
Holmes Run Acres,Week4,Lakevale Estates,Week1,249.0 Lakevale Estates - 153.0 Holmes Run Acres
Holmes Run Acres,Week4,Lakevale Estates,Week5,287.0 Lakevale Estates - 115.0 Holmes Run Acres
Holmes Run Acres,Week1,Laurel Hill,Week3,252.0 Holmes Run Acres - 149.0 Laurel Hill
Hunt Valley,Week3,Camelot,Week3,281.0 Hunt Valley - 121.0 Camelot
Holmes Run Acres,Week4,Lakevale Estates,Week2,259.0 Lakevale Estates - 143.0 Holmes Run Acres
Holmes Run Acres,Week2,Laurel Hill,Week1,261.0 Holmes Run Acres - 137.0 Laurel Hill
Holmes Run Acres,Week1,Lakevale Estates,Week4,286.0 Lakevale Estates - 116.0 Holmes Run Acres
Holmes Run Acres,Week2,Lakevale Estates,Week1,272.0 Lakevale Estates - 130.0 Holmes Run Acres
Holmes Run Acres,Week4,Langley,Week2,256.0 Langley - 146.0 Holmes Run Acres
Hunt Valley,Week4,Burke Station,Week1,274.0 Hunt Valley - 105.0 Burke Station
Holmes Run Acres,Week4,Lakevale Estates,Week4,280.0 Lakevale Estates - 122.0 Holmes Run Acres
Holmes Run Acres,Week3,Lakeview,Week2,322.0 Holmes Run Acres - 80.0 Lakeview
Hunt Valley,Week2,Camelot,Week3,278.0 Hunt Valley - 124.0 Camelot
Holmes Run Acres,Week1,Laurel Hill,Week5,234.0 Holmes Run Acres - 167.0 Laurel Hill
Holmes Run Acres,Week2,Lakevale Estates,Week4,291.0 Lakevale Estates - 111.0 Holmes Run Acres
Hunt Valley,Week5,Camelot,Week4,297.0 Hunt Valley - 105.0 Camelot
Holmes Run Acres,Week4,Lakeview,Week4,267.0 Holmes Run Acres - 135.0 Lakeview
Holmes Run Acres,Week5,Lakevale Estates,Week4,243.0 Lakevale Estates - 159.0 Holmes Run Acres
Hunt Valley,Week3,Camelot,Week4,284.0 Hunt Valley - 118.0 Camelot
Holmes Run Acres,Week3,Laurel Hill,Week4,302.0 Holmes Run Acres - 100.0 Laurel Hill
Holmes Run Acres,Week1,Laurel Hill,Week4,265.0 Holmes Run Acres - 137.0 Laurel Hill
Holmes Run Acres,Week3,Laurel Hill,Week1,285.0 Holmes Run Acres - 113.0 Laurel Hill
Hunt Valley,Week3,Burke Station,Week4,340.0 Hunt Valley - 62.0 Burke Station
Holmes Run Acres,Week2,Laurel Hill,Week5,227.0 Holmes Run Acres - 174.0 Laurel Hill
Hunt Valley,Week4,Burke Station,Week3,315.0 Hunt Valley - 82.0 Burke Station
Hunt Valley,Week4,Camelot,Week2,279.0 Hunt Valley - 123.0 Camelot
Holmes Run Acres,Week5,Lakevale Estates,Week5,252.0 Lakevale Estates - 150.0 Holmes Run Acres
Holmes Run Acres,Week3,Laurel Hill,Week2,309.0 Holmes Run Acres - 93.0 Laurel Hill
Holmes Run Acres,Week1,Langley,Week3,266.0 Langley - 136.0 Holmes Run Acres
Holmes Run Acres,Week4,Lakeview,Week3,287.0 Holmes Run Acres - 115.0 Lakeview
Holmes Run Acres,Week2,Laurel Hill,Week4,261.0 Holmes Run Acres - 141.0 Laurel Hill
Holmes Run Acres,Week1,Lakeview,Week2,285.0 Holmes Run Acres - 117.0 Lakeview
Hunt Valley,Week1,Canterbury Woods,Week1,293.0 Hunt Valley - 109.0 Canterbury Woods
Holmes Run Acres,Week1,Langley,Week5,249.0 Langley - 153.0 Holmes Run Acres
Hunt Valley,Week5,Camelot,Week1,304.0 Hunt Valley - 98.0 Camelot
Holmes Run Acres,Week3,Langley,Week4,240.0 Langley - 162.0 Holmes Run Acres
Hunt Valley,Week4,Canterbury Woods,Week3,298.0 Hunt Valley - 104.0 Canterbury Woods
Holmes Run Acres,Week5,Langley,Week4,233.0 Langley - 169.0 Holmes Run Acres
Holmes Run Acres,Week3,Lakeview,Week5,303.0 Holmes Run Acres - 90.0 Lakeview
Holmes Run Acres,Week5,Laurel Hill,Week2,308.0 Holmes Run Acres - 94.0 Laurel Hill
Hunt Valley,Week4,Canterbury Woods,Week4,289.0 Hunt Valley - 113.0 Canterbury Woods
Hunt Valley,Week4,Camelot,Week5,285.0 Hunt Valley - 117.0 Camelot
Hunt Valley,Week5,Camelot,Week2,280.0 Hunt Valley - 122.0 Camelot
Hunt Valley,Week1,Canterbury Woods,Week3,283.0 Hunt Valley - 119.0 Canterbury Woods
Holmes Run Acres,Week4,Shouse Village,Week1,208.0 Shouse Village - 194.0 Holmes Run Acres
Holmes Run Acres,Week1,Laurel Hill,Week1,265.0 Holmes Run Acres - 133.0 Laurel Hill
Hunt Valley,Week4,Canterbury Woods,Week1,303.0 Hunt Valley - 99.0 Canterbury Woods
Hunt Valley,Week5,Camelot,Week3,289.0 Hunt Valley - 113.0 Camelot
Holmes Run Acres,Week5,Laurel Hill,Week1,292.0 Holmes Run Acres - 104.0 Laurel Hill
Holmes Run Acres,Week4,Lakeview,Week2,305.0 Holmes Run Acres - 97.0 Lakeview
Holmes Run Acres,Week4,Laurel Hill,Week1,262.0 Holmes Run Acres - 136.0 Laurel Hill
Hunt Valley,Week4,Camelot,Week1,292.0 Hunt Valley - 110.0 Camelot
Holmes Run Acres,Week1,Lakeview,Week1,283.0 Holmes Run Acres - 119.0 Lakeview
Holmes Run Acres,Week2,Langley,Week4,281.0 Langley - 121.0 Holmes Run Acres
Holmes Run Acres,Week4,Laurel Hill,Week3,270.0 Holmes Run Acres - 132.0 Laurel Hill
Hunt Valley,Week2,Canterbury Woods,Week3,294.0 Hunt Valley - 108.0 Canterbury Woods
Holmes Run Acres,Week2,Lakeview,Week3,269.0 Holmes Run Acres - 133.0 Lakeview
Holmes Run Acres,Week4,Laurel Hill,Week4,272.0 Holmes Run Acres - 130.0 Laurel Hill
Holmes Run Acres,Week5,Laurel Hill,Week5,270.0 Holmes Run Acres - 132.0 Laurel Hill
Holmes Run Acres,Week4,Laurel Hill,Week5,243.0 Holmes Run Acres - 158.0 Laurel Hill
Holmes Run Acres,Week1,Hunt Valley,Week2,266.0 Hunt Valley - 136.0 Holmes Run Acres
Holmes Run Acres,Week4,Hunt Valley,Week5,288.0 Hunt Valley - 114.0 Holmes Run Acres
Hunt Valley,Week1,Canterbury Woods,Week4,270.0 Hunt Valley - 127.0 Canterbury Woods
Holmes Run Acres,Week4,Lakeview,Week1,300.5 Holmes Run Acres - 101.5 Lakeview
Holmes Run Acres,Week2,Langley,Week2,268.5 Langley - 133.5 Holmes Run Acres
Holmes Run Acres,Week2,Hunt Valley,Week3,281.0 Hunt Valley - 121.0 Holmes Run Acres
Holmes Run Acres,Week5,Lakeview,Week1,317.0 Holmes Run Acres - 85.0 Lakeview
Holmes Run Acres,Week4,Sideburn Run,Week2,208.0 Holmes Run Acres - 194.0 Sideburn Run
Holmes Run Acres,Week3,Sideburn Run,Week5,211.0 Holmes Run Acres - 191.0 Sideburn Run
Holmes Run Acres,Week5,Laurel Hill,Week4,292.0 Holmes Run Acres - 110.0 Laurel Hill
Holmes Run Acres,Week1,Lakeview,Week4,270.0 Holmes Run Acres - 132.0 Lakeview
Holmes Run Acres,Week1,Lakeview,Week3,275.0 Holmes Run Acres - 127.0 Lakeview
Hunt Valley,Week1,Canterbury Woods,Week2,285.0 Hunt Valley - 117.0 Canterbury Woods
Holmes Run Acres,Week5,Lakevale Estates,Week2,216.0 Lakevale Estates - 186.0 Holmes Run Acres
Holmes Run Acres,Week4,Hunt Valley,Week4,272.0 Hunt Valley - 130.0 Holmes Run Acres
Holmes Run Acres,Week1,Hunt Valley,Week1,259.0 Hunt Valley - 143.0 Holmes Run Acres
Holmes Run Acres,Week1,Lee Graham,Week1,273.0 Lee Graham - 129.0 Holmes Run Acres
Hunt Valley,Week3,Camelot,Week5,268.0 Hunt Valley - 134.0 Camelot
Holmes Run Acres,Week3,Shouse Village,Week4,203.0 Shouse Village - 199.0 Holmes Run Acres
Holmes Run Acres,Week2,Sideburn Run,Week4,233.0 Sideburn Run - 169.0 Holmes Run Acres
Holmes Run Acres,Week1,Lee Graham,Week2,268.0 Lee Graham - 134.0 Holmes Run Acres
Hunt Valley,Week4,Camelot,Week3,281.0 Hunt Valley - 121.0 Camelot
Holmes Run Acres,Week1,Sideburn Run,Week4,225.0 Sideburn Run - 177.0 Holmes Run Acres
Holmes Run Acres,Week5,Holmes Run Acres,Week5,198.5 Holmes Run Acres (HRA1) - 198.5 Holmes Run Acres (HRA2)
Holmes Run Acres,Week1,Hunt Valley,Week5,291.0 Hunt Valley - 111.0 Holmes Run Acres
Holmes Run Acres,Week4,Shouse Village,Week3,203.0 Shouse Village - 199.0 Holmes Run Acres
Holmes Run Acres,Week5,Lakevale Estates,Week1,210.0 Lakevale Estates - 192.0 Holmes Run Acres
Holmes Run Acres,Week5,Lakevale Estates,Week3,230.0 Lakevale Estates - 172.0 Holmes Run Acres
Hunt Valley,Week5,Camelot,Week5,289.0 Hunt Valley - 113.0 Camelot
Holmes Run Acres,Week1,Lee Graham,Week3,271.0 Lee Graham - 131.0 Holmes Run Acres
Holmes Run Acres,Week1,Lakeview,Week5,269.0 Holmes Run Acres - 124.0 Lakeview
Hunt Valley,Week2,Canterbury Woods,Week5,273.0 Hunt Valley - 129.0 Canterbury Woods
Hunt Valley,Week3,Canterbury Woods,Week4,287.0 Hunt Valley - 115.0 Canterbury Woods
Holmes Run Acres,Week1,Lee Graham,Week4,274.0 Lee Graham - 128.0 Holmes Run Acres
Hunt Valley,Week3,Canterbury Woods,Week3,292.0 Hunt Valley - 110.0 Canterbury Woods
Holmes Run Acres,Week2,Lakeview,Week4,260.0 Holmes Run Acres - 137.0 Lakeview
Hunt Valley,Week2,Canterbury Woods,Week2,301.0 Hunt Valley - 101.0 Canterbury Woods
Holmes Run Acres,Week1,Hunt Valley,Week4,267.5 Hunt Valley - 134.5 Holmes Run Acres
Holmes Run Acres,Week5,Shouse Village,Week1,238.0 Holmes Run Acres - 164.0 Shouse Village
Holmes Run Acres,Week3,Sideburn Run,Week1,211.0 Holmes Run Acres - 191.0 Sideburn Run
Holmes Run Acres,Week2,Hunter Mill,Week2,249.5 Hunter Mill - 152.5 Holmes Run Acres
Hunt Valley,Week3,Canterbury Woods,Week2,307.0 Hunt Valley - 95.0 Canterbury Woods
Holmes Run Acres,Week3,Lakeview,Week4,296.0 Holmes Run Acres - 106.0 Lakeview
Holmes Run Acres,Week3,Hunt Valley,Week4,243.0 Hunt Valley - 159.0 Holmes Run Acres
Holmes Run Acres,Week2,Lakeview,Week1,294.0 Holmes Run Acres - 108.0 Lakeview
Holmes Run Acres,Week3,Hunt Valley,Week3,245.0 Hunt Valley - 157.0 Holmes Run Acres
Holmes Run Acres,Week3,Lakeview,Week3,306.0 Holmes Run Acres - 96.0 Lakeview
Hunt Valley,Week2,Canterbury Woods,Week4,289.5 Hunt Valley - 112.5 Canterbury Woods
Holmes Run Acres,Week2,Lakeview,Week5,271.0 Holmes Run Acres - 117.0 Lakeview
Holmes Run Acres,Week3,Lakeview,Week1,319.0 Holmes Run Acres - 83.0 Lakeview
Holmes Run Acres,Week2,Sideburn Run,Week5,235.0 Sideburn Run - 167.0 Holmes Run Acres
Hunt Valley,Week2,Canterbury Woods,Week1,292.0 Hunt Valley - 110.0 Canterbury Woods
Holmes Run Acres,Week2,Lakeview,Week2,280.0 Holmes Run Acres - 122.0 Lakeview
Holmes Run Acres,Week2,Hunter Mill,Week4,256.0 Hunter Mill - 146.0 Holmes Run Acres
Holmes Run Acres,Week1,Sideburn Run,Week5,223.0 Sideburn Run - 179.0 Holmes Run Acres
Holmes Run Acres,Week2,Lee Graham,Week1,276.0 Lee Graham - 126.0 Holmes Run Acres
Holmes Run Acres,Week2,Hunt Valley,Week5,298.0 Hunt Valley - 104.0 Holmes Run Acres
Holmes Run Acres,Week1,Lee Graham,Week5,278.0 Lee Graham - 124.0 Holmes Run Acres
Holmes Run Acres,Week2,Sideburn Run,Week3,225.0 Sideburn Run - 177.0 Holmes Run Acres
Holmes Run Acres,Week4,Shouse Village,Week2,214.0 Holmes Run Acres - 188.0 Shouse Village
Holmes Run Acres,Week3,Hunt Valley,Week2,231.0 Hunt Valley - 171.0 Holmes Run Acres
Holmes Run Acres,Week1,Langley,Week1,279.0 Langley - 123.0 Holmes Run Acres
Holmes Run Acres,Week4,Hunt Valley,Week1,265.0 Hunt Valley - 137.0 Holmes Run Acres
Hunt Valley,Week4,Cardinal Hill,Week2,260.0 Hunt Valley - 142.0 Cardinal Hill
Holmes Run Acres,Week4,Hunt Valley,Week3,278.0 Hunt Valley - 124.0 Holmes Run Acres
Holmes Run Acres,Week4,Hunt Valley,Week2,259.0 Hunt Valley - 143.0 Holmes Run Acres
Hunt Valley,Week4,Camelot,Week4,284.0 Hunt Valley - 118.0 Camelot
Holmes Run Acres,Week5,Shouse Village,Week2,252.0 Holmes Run Acres - 150.0 Shouse Village
Holmes Run Acres,Week2,Hunt Valley,Week4,272.0 Hunt Valley - 130.0 Holmes Run Acres
Hunt Valley,Week3,Canterbury Woods,Week1,306.0 Hunt Valley - 96.0 Canterbury Woods
Hunt Valley,Week1,Cardinal Hill,Week4,228.0 Hunt Valley - 174.0 Cardinal Hill
Holmes Run Acres,Week4,Lakeview,Week5,279.0 Holmes Run Acres - 114.0 Lakeview
Hunt Valley,Week4,Canterbury Woods,Week2,305.0 Hunt Valley - 97.0 Canterbury Woods
Holmes Run Acres,Week3,Sideburn Run,Week2,239.0 Holmes Run Acres - 163.0 Sideburn Run
Holmes Run Acres,Week1,Hunter Mill,Week4,264.0 Hunter Mill - 138.0 Holmes Run Acres
Holmes Run Acres,Week5,Hunt Valley,Week1,229.0 Hunt Valley - 173.0 Holmes Run Acres
Holmes Run Acres,Week5,Hunt Valley,Week3,239.0 Hunt Valley - 163.0 Holmes Run Acres
Hunt Valley,Week3,Canterbury Woods,Week5,288.0 Hunt Valley - 114.0 Canterbury Woods
Holmes Run Acres,Week3,Shouse Village,Week5,207.0 Shouse Village - 195.0 Holmes Run Acres
Holmes Run Acres,Week3,Sideburn Run,Week3,221.0 Holmes Run Acres - 181.0 Sideburn Run
Holmes Run Acres,Week1,Hunter Mill,Week1,248.0 Hunter Mill - 154.0 Holmes Run Acres
Holmes Run Acres,Week5,Lakeview,Week2,328.0 Holmes Run Acres - 74.0 Lakeview
Hunt Valley,Week1,Canterbury Woods,Week5,276.0 Hunt Valley - 126.0 Canterbury Woods
Holmes Run Acres,Week1,Hunt Valley,Week3,285.0 Hunt Valley - 117.0 Holmes Run Acres
Holmes Run Acres,Week3,Hunt Valley,Week1,235.0 Hunt Valley - 167.0 Holmes Run Acres
Holmes Run Acres,Week1,Hunter Mill,Week2,245.0 Hunter Mill - 157.0 Holmes Run Acres
Holmes Run Acres,Week5,Shouse Village,Week3,230.0 Holmes Run Acres - 172.0 Shouse Village
Holmes Run Acres,Week3,Sideburn Run,Week4,227.0 Holmes Run Acres - 175.0 Sideburn Run
Holmes Run Acres,Week5,Lakeview,Week4,296.0 Holmes Run Acres - 106.0 Lakeview
Hunt Valley,Week2,Cardinal Hill,Week4,236.0 Hunt Valley - 166.0 Cardinal Hill
Holmes Run Acres,Week2,Hunt Valley,Week2,258.0 Hunt Valley - 144.0 Holmes Run Acres
Holmes Run Acres,Week1,Langley,Week2,264.0 Langley - 138.0 Holmes Run Acres
Holmes Run Acres,Week1,Sideburn Run,Week3,226.0 Sideburn Run - 176.0 Holmes Run Acres
Holmes Run Acres,Week1,Sideburn Run,Week1,216.0 Sideburn Run - 186.0 Holmes Run Acres
Holmes Run Acres,Week4,Shouse Village,Week5,236.0 Shouse Village - 166.0 Holmes Run Acres
Holmes Run Acres,Week3,Hunt Valley,Week5,267.0 Hunt Valley - 135.0 Holmes Run Acres
Holmes Run Acres,Week5,Shouse Village,Week4,221.0 Holmes Run Acres - 181.0 Shouse Village
Hunt Valley,Week5,Cardinal Hill,Week2,261.0 Hunt Valley - 141.0 Cardinal Hill
Hunt Valley,Week1,Cardinal Hill,Week2,242.0 Hunt Valley - 160.0 Cardinal Hill
Holmes Run Acres,Week1,Langley,Week4,272.0 Langley - 130.0 Holmes Run Acres
Holmes Run Acres,Week3,Langley,Week3,233.0 Langley - 169.0 Holmes Run Acres
Holmes Run Acres,Week3,Langley,Week2,232.0 Langley - 170.0 Holmes Run Acres
Holmes Run Acres,Week5,Lakeview,Week3,303.0 Holmes Run Acres - 99.0 Lakeview
Holmes Run Acres,Week2,Sideburn Run,Week1,218.5 Sideburn Run - 178.5 Holmes Run Acres
Holmes Run Acres,Week4,Shouse Village,Week4,237.0 Shouse Village - 165.0 Holmes Run Acres
Hunt Valley,Week1,Cardinal Hill,Week1,222.0 Hunt Valley - 180.0 Cardinal Hill
Holmes Run Acres,Week5,Lakeview,Week5,305.0 Holmes Run Acres - 88.0 Lakeview
Holmes Run Acres,Week2,Langley,Week5,262.0 Langley - 140.0 Holmes Run Acres
Hunt Valley,Week2,Cardinal Hill,Week3,206.0 Cardinal Hill - 196.0 Hunt Valley
Holmes Run Acres,Week4,Sideburn Run,Week1,205.5 Sideburn Run - 196.5 Holmes Run Acres
Hunt Valley,Week1,Cardinal Hill,Week5,223.0 Hunt Valley - 179.0 Cardinal Hill
Hunt Valley,Week4,Cardinal Hill,Week4,248.0 Hunt Valley - 154.0 Cardinal Hill
Hunt Valley,Week5,Canterbury Woods,Week5,300.5 Hunt Valley - 101.5 Canterbury Woods
Holmes Run Acres,Week2,Langley,Week3,276.0 Langley - 126.0 Holmes Run Acres
Holmes Run Acres,Week3,Langley,Week1,234.0 Langley - 168.0 Holmes Run Acres
Hunt Valley,Week3,Cardinal Hill,Week2,267.0 Hunt Valley - 135.0 Cardinal Hill
Holmes Run Acres,Week5,Hunt Valley,Week2,220.0 Hunt Valley - 182.0 Holmes Run Acres
Holmes Run Acres,Week2,Hunt Valley,Week1,259.0 Hunt Valley - 143.0 Holmes Run Acres
Hunt Valley,Week2,Cardinal Hill,Week5,228.0 Hunt Valley - 174.0 Cardinal Hill
Holmes Run Acres,Week1,Sideburn Run,Week2,201.0 Holmes Run Acres - 201.0 Sideburn Run
Holmes Run Acres,Week2,Sideburn Run,Week2,217.0 Sideburn Run - 185.0 Holmes Run Acres
Holmes Run Acres,Week2,Sleepy Hollow B & R,Week5,270.0 Sleepy Hollow B & R - 131.0 Holmes Run Acres
Hunt Valley,Week3,Cardinal Hill,Week5,252.0 Hunt Valley - 150.0 Cardinal Hill
Holmes Run Acres,Week4,Sleepy Hollow B & R,Week5,263.0 Sleepy Hollow B & R - 138.0 Holmes Run Acres
Holmes Run Acres,Week1,Hunter Mill,Week5,258.5 Hunter Mill - 143.5 Holmes Run Acres
Holmes Run Acres,Week2,Langley,Week1,272.0 Langley - 130.0 Holmes Run Acres
Holmes Run Acres,Week1,Sleepy Hollow B & R,Week2,221.0 Sleepy Hollow B & R - 181.0 Holmes Run Acres
Holmes Run Acres,Week2,Hunter Mill,Week1,244.0 Hunter Mill - 158.0 Holmes Run Acres
Holmes Run Acres,Week1,Hunter Mill,Week3,259.0 Hunter Mill - 142.0 Holmes Run Acres
Holmes Run Acres,Week5,Shouse Village,Week5,201.0 Holmes Run Acres - 201.0 Shouse Village
Hunt Valley,Week4,Cardinal Hill,Week5,241.0 Hunt Valley - 161.0 Cardinal Hill
Holmes Run Acres,Week1,Sleepy Hollow B & R,Week1,215.0 Sleepy Hollow B & R - 187.0 Holmes Run Acres
Holmes Run Acres,Week5,Hunt Valley,Week5,256.0 Hunt Valley - 146.0 Holmes Run Acres
Hunt Valley,Week5,Canterbury Woods,Week3,310.0 Hunt Valley - 92.0 Canterbury Woods
Holmes Run Acres,Week5,Hunt Valley,Week4,235.0 Hunt Valley - 167.0 Holmes Run Acres
Holmes Run Acres,Week2,Ilda Community,Week3,261.0 Holmes Run Acres - 135.0 Ilda Community
Holmes Run Acres,Week3,Sleepy Hollow B & R,Week1,223.0 Holmes Run Acres - 179.0 Sleepy Hollow B & R
Holmes Run Acres,Week3,Sleepy Hollow B & R,Week2,202.0 Holmes Run Acres - 200.0 Sleepy Hollow B & R
Holmes Run Acres,Week4,Sideburn Run,Week5,226.0 Sideburn Run - 176.0 Holmes Run Acres
Hunt Valley,Week3,Cardinal Hill,Week1,248.0 Hunt Valley - 154.0 Cardinal Hill
Holmes Run Acres,Week2,Ilda Community,Week1,262.0 Holmes Run Acres - 140.0 Ilda Community
Hunt Valley,Week4,Cardinal Hill,Week1,239.0 Hunt Valley - 163.0 Cardinal Hill
Hunt Valley,Week3,Cardinal Hill,Week3,225.0 Hunt Valley - 177.0 Cardinal Hill
Holmes Run Acres,Week2,Hunter Mill,Week3,253.0 Hunter Mill - 149.0 Holmes Run Acres
Holmes Run Acres,Week3,Hunter Mill,Week5,237.0 Hunter Mill - 165.0 Holmes Run Acres
Hunt Valley,Week4,Canterbury Woods,Week5,280.0 Hunt Valley - 122.0 Canterbury Woods
Hunt Valley,Week2,Cardinal Hill,Week2,241.0 Hunt Valley - 161.0 Cardinal Hill
Holmes Run Acres,Week3,Ilda Community,Week1,302.0 Holmes Run Acres - 100.0 Ilda Community
Holmes Run Acres,Week4,Hunter Mill,Week4,266.0 Hunter Mill - 136.0 Holmes Run Acres
Hunt Valley,Week5,Cardinal Hill,Week1,251.0 Hunt Valley - 151.0 Cardinal Hill
Hunt Valley,Week5,Canterbury Woods,Week2,320.0 Hunt Valley - 82.0 Canterbury Woods
Holmes Run Acres,Week2,Sleepy Hollow B & R,Week4,247.0 Sleepy Hollow B & R - 155.0 Holmes Run Acres
Holmes Run Acres,Week1,Sleepy Hollow B & R,Week3,239.0 Sleepy Hollow B & R - 162.0 Holmes Run Acres
Holmes Run Acres,Week3,Hunter Mill,Week2,214.0 Hunter Mill - 188.0 Holmes Run Acres
Holmes Run Acres,Week3,Ilda Community,Week3,300.0 Holmes Run Acres - 101.0 Ilda Community
Holmes Run Acres,Week4,Sleepy Hollow B & R,Week4,241.0 Sleepy Hollow B & R - 161.0 Holmes Run Acres
Hunt Valley,Week2,Cardinal Hill,Week1,225.0 Hunt Valley - 177.0 Cardinal Hill
Hunt Valley,Week4,Cardinal Hill,Week3,210.0 Hunt Valley - 192.0 Cardinal Hill
Holmes Run Acres,Week5,Sideburn Run,Week5,207.0 Holmes Run Acres - 195.0 Sideburn Run
Holmes Run Acres,Week5,Sideburn Run,Week3,222.0 Holmes Run Acres - 180.0 Sideburn Run
Hunt Valley,Week5,Cardinal Hill,Week5,251.0 Hunt Valley - 151.0 Cardinal Hill
Hunt Valley,Week1,Cardinal Hill,Week3,209.0 Cardinal Hill - 193.0 Hunt Valley
Hunt Valley,Week5,Cardinal Hill,Week3,208.0 Hunt Valley - 194.0 Cardinal Hill
Hunt Valley,Week3,Cardinal Hill,Week4,249.0 Hunt Valley - 153.0 Cardinal Hill
Holmes Run Acres,Week4,Sideburn Run,Week4,209.0 Sideburn Run - 193.0 Holmes Run Acres
Holmes Run Acres,Week2,Hunter Mill,Week5,261.0 Hunter Mill - 141.0 Holmes Run Acres
Holmes Run Acres,Week3,Hunter Mill,Week4,225.0 Hunter Mill - 177.0 Holmes Run Acres
Holmes Run Acres,Week3,Sleepy Hollow B & R,Week4,204.0 Sleepy Hollow B & R - 198.0 Holmes Run Acres
Holmes Run Acres,Week4,Sleepy Hollow B & R,Week2,229.0 Sleepy Hollow B & R - 173.0 Holmes Run Acres
Holmes Run Acres,Week5,Sideburn Run,Week4,225.0 Holmes Run Acres - 177.0 Sideburn Run
Hunt Valley,Week1,Chesterbrook,Week1,294.0 Chesterbrook - 108.0 Hunt Valley
Holmes Run Acres,Week3,Hunter Mill,Week3,215.0 Hunter Mill - 187.0 Holmes Run Acres
Holmes Run Acres,Week5,Hunter Mill,Week5,225.0 Hunter Mill - 177.0 Holmes Run Acres
Hunt Valley,Week5,Canterbury Woods,Week1,319.0 Hunt Valley - 83.0 Canterbury Woods
Holmes Run Acres,Week4,Sleepy Hollow B & R,Week3,231.0 Sleepy Hollow B & R - 170.0 Holmes Run Acres
Holmes Run Acres,Week1,Ilda Community,Week1,272.0 Holmes Run Acres - 129.0 Ilda Community
Holmes Run Acres,Week2,Ilda Community,Week4,250.0 Holmes Run Acres - 151.0 Ilda Community
Holmes Run Acres,Week4,Sideburn Run,Week3,213.0 Sideburn Run - 189.0 Holmes Run Acres
Hunt Valley,Week5,Cardinal Hill,Week4,242.5 Hunt Valley - 159.5 Cardinal Hill
Holmes Run Acres,Week2,Sleepy Hollow B & R,Week3,241.0 Sleepy Hollow B & R - 160.0 Holmes Run Acres
Holmes Run Acres,Week3,Hunter Mill,Week1,210.0 Hunter Mill - 192.0 Holmes Run Acres
Hunt Valley,Week5,Canterbury Woods,Week4,284.0 Hunt Valley - 118.0 Canterbury Woods
Holmes Run Acres,Week5,Sideburn Run,Week1,214.0 Holmes Run Acres - 188.0 Sideburn Run
Holmes Run Acres,Week3,Ilda Community,Week2,304.5 Holmes Run Acres - 97.5 Ilda Community
Holmes Run Acres,Week1,Sleepy Hollow B & R,Week4,244.0 Sleepy Hollow B & R - 158.0 Holmes Run Acres
Holmes Run Acres,Week4,Hunter Mill,Week2,241.0 Hunter Mill - 161.0 Holmes Run Acres
Hunt Valley,Week1,Commonwealth,Week2,288.5 Hunt Valley - 113.5 Commonwealth
Hunt Valley,Week5,Chesterbrook,Week5,307.0 Chesterbrook - 95.0 Hunt Valley
Holmes Run Acres,Week4,Hunter Mill,Week3,260.0 Hunter Mill - 142.0 Holmes Run Acres
Holmes Run Acres,Week5,Sideburn Run,Week2,233.0 Holmes Run Acres - 169.0 Sideburn Run
Holmes Run Acres,Week4,Hunter Mill,Week1,242.0 Hunter Mill - 160.0 Holmes Run Acres
Holmes Run Acres,Week5,Hunter Mill,Week2,202.0 Holmes Run Acres - 200.0 Hunter Mill
Holmes Run Acres,Week1,Sleepy Hollow B & R,Week5,257.0 Sleepy Hollow B & R - 144.0 Holmes Run Acres
Hunt Valley,Week1,Chesterbrook,Week2,312.0 Chesterbrook - 90.0 Hunt Valley
Hunt Valley,Week2,Commonwealth,Week1,305.0 Hunt Valley - 97.0 Commonwealth
Hunt Valley,Week1,Chesterbrook,Week5,316.0 Chesterbrook - 86.0 Hunt Valley
Holmes Run Acres,Week2,Sleepy Hollow B & R,Week1,226.0 Sleepy Hollow B & R - 176.0 Holmes Run Acres
Holmes Run Acres,Week4,Hunter Mill,Week5,256.0 Hunter Mill - 146.0 Holmes Run Acres
Hunt Valley,Week3,Chesterbrook,Week4,298.0 Chesterbrook - 104.0 Hunt Valley
Holmes Run Acres,Week5,Hunter Mill,Week1,208.0 Holmes Run Acres - 194.0 Hunter Mill
Holmes Run Acres,Week4,Sleepy Hollow B & R,Week1,213.0 Sleepy Hollow B & R - 189.0 Holmes Run Acres
Hunt Valley,Week1,Commonwealth,Week3,299.0 Hunt Valley - 103.0 Commonwealth
Hunt Valley,Week1,Commonwealth,Week4,302.0 Hunt Valley - 100.0 Commonwealth
Holmes Run Acres,Week1,Ilda Community,Week4,256.0 Holmes Run Acres - 145.0 Ilda Community
Holmes Run Acres,Week1,Ilda Community,Week2,283.0 Holmes Run Acres - 119.0 Ilda Community
Hunt Valley,Week1,Chesterbrook,Week3,338.0 Chesterbrook - 64.0 Hunt Valley
Holmes Run Acres,Week5,Sleepy Hollow B & R,Week3,215.0 Holmes Run Acres - 187.0 Sleepy Hollow B & R
Holmes Run Acres,Week1,Ilda Community,Week3,275.0 Holmes Run Acres - 126.0 Ilda Community
Holmes Run Acres,Week1,Sleepy Hollow Rec,Week1,250.0 Holmes Run Acres - 152.0 Sleepy Hollow Rec
Holmes Run Acres,Week3,Sleepy Hollow B & R,Week3,209.0 Holmes Run Acres - 192.0 Sleepy Hollow B & R
Holmes Run Acres,Week5,Hunter Mill,Week3,208.0 Hunter Mill - 194.0 Holmes Run Acres
Hunt Valley,Week4,Chesterbrook,Week4,304.0 Chesterbrook - 98.0 Hunt Valley
Holmes Run Acres,Week1,Sleepy Hollow Rec,Week2,244.0 Holmes Run Acres - 158.0 Sleepy Hollow Rec
Hunt Valley,Week2,Chesterbrook,Week4,324.0 Chesterbrook - 78.0 Hunt Valley
Holmes Run Acres,Week3,Sleepy Hollow B & R,Week5,220.0 Sleepy Hollow B & R - 181.0 Holmes Run Acres
Holmes Run Acres,Week1,Ilda Community,Week5,261.0 Holmes Run Acres - 140.0 Ilda Community
Hunt Valley,Week2,Chesterbrook,Week3,345.0 Chesterbrook - 57.0 Hunt Valley
Holmes Run Acres,Week5,Sleepy Hollow B & R,Week5,217.0 Sleepy Hollow B & R - 185.0 Holmes Run Acres
Holmes Run Acres,Week5,Hunter Mill,Week4,208.0 Hunter Mill - 194.0 Holmes Run Acres
Holmes Run Acres,Week5,Sleepy Hollow B & R,Week4,203.0 Sleepy Hollow B & R - 199.0 Holmes Run Acres
Hunt Valley,Week2,Chesterbrook,Week2,329.5 Chesterbrook - 72.5 Hunt Valley
Holmes Run Acres,Week5,Sleepy Hollow B & R,Week1,222.0 Holmes Run Acres - 180.0 Sleepy Hollow B & R
Holmes Run Acres,Week3,Kent Gardens,Week5,215.0 Kent Gardens - 187.0 Holmes Run Acres
Hunt Valley,Week1,Chesterbrook,Week4,316.0 Chesterbrook - 86.0 Hunt Valley
Holmes Run Acres,Week2,Sleepy Hollow B & R,Week2,230.0 Sleepy Hollow B & R - 172.0 Holmes Run Acres
Hunt Valley,Week2,Chesterbrook,Week5,335.0 Chesterbrook - 67.0 Hunt Valley
Holmes Run Acres,Week5,Sleepy Hollow Rec,Week2,291.0 Holmes Run Acres - 111.0 Sleepy Hollow Rec
Holmes Run Acres,Week2,Ilda Community,Week5,254.0 Holmes Run Acres - 148.0 Ilda Community
Holmes Run Acres,Week2,Kent Gardens,Week5,249.0 Kent Gardens - 153.0 Holmes Run Acres
Holmes Run Acres,Week2,Ilda Community,Week2,265.0 Holmes Run Acres - 137.0 Ilda Community
Holmes Run Acres,Week3,Kent Gardens,Week1,229.0 Holmes Run Acres - 173.0 Kent Gardens
Holmes Run Acres,Week2,Somerset-Olde Creek,Week2,303.0 Holmes Run Acres - 98.0 Somerset-Olde Creek
Holmes Run Acres,Week4,Ilda Community,Week1,274.0 Holmes Run Acres - 128.0 Ilda Community
Hunt Valley,Week2,Chesterbrook,Week1,310.0 Chesterbrook - 92.0 Hunt Valley
Holmes Run Acres,Week3,Sleepy Hollow Rec,Week3,279.0 Holmes Run Acres - 123.0 Sleepy Hollow Rec
Hunt Valley,Week3,Chesterbrook,Week5,303.0 Chesterbrook - 99.0 Hunt Valley
Holmes Run Acres,Week2,Sleepy Hollow Rec,Week1,264.0 Holmes Run Acres - 138.0 Sleepy Hollow Rec
Hunt Valley,Week3,Chesterbrook,Week2,292.0 Chesterbrook - 110.0 Hunt Valley
Holmes Run Acres,Week1,Somerset-Olde Creek,Week1,303.0 Holmes Run Acres - 96.0 Somerset-Olde Creek
Holmes Run Acres,Week1,Kent Gardens,Week4,218.0 Kent Gardens - 184.0 Holmes Run Acres
Holmes Run Acres,Week3,Sleepy Hollow Rec,Week2,288.0 Holmes Run Acres - 114.0 Sleepy Hollow Rec
Holmes Run Acres,Week5,Ilda Community,Week3,302.0 Holmes Run Acres - 100.0 Ilda Community
Hunt Valley,Week4,Chesterbrook,Week3,336.0 Chesterbrook - 66.0 Hunt Valley
Holmes Run Acres,Week5,Sleepy Hollow B & R,Week2,209.0 Holmes Run Acres - 193.0 Sleepy Hollow B & R
Holmes Run Acres,Week4,Ilda Community,Week2,288.0 Holmes Run Acres - 114.0 Ilda Community
Hunt Valley,Week3,Chesterbrook,Week3,315.0 Chesterbrook - 87.0 Hunt Valley
Holmes Run Acres,Week1,Sleepy Hollow Rec,Week4,262.0 Holmes Run Acres - 140.0 Sleepy Hollow Rec
Hunt Valley,Week4,Chesterbrook,Week5,316.0 Chesterbrook - 86.0 Hunt Valley
Holmes Run Acres,Week4,Ilda Community,Week4,250.0 Holmes Run Acres - 151.0 Ilda Community
Holmes Run Acres,Week4,Ilda Community,Week3,276.0 Holmes Run Acres - 125.0 Ilda Community
Holmes Run Acres,Week2,Kent Gardens,Week3,202.0 Kent Gardens - 200.0 Holmes Run Acres
Hunt Valley,Week4,Chesterbrook,Week1,303.0 Chesterbrook - 99.0 Hunt Valley
Holmes Run Acres,Week2,Sleepy Hollow Rec,Week5,254.0 Holmes Run Acres - 148.0 Sleepy Hollow Rec
Holmes Run Acres,Week2,Sleepy Hollow Rec,Week4,264.0 Holmes Run Acres - 138.0 Sleepy Hollow Rec
Holmes Run Acres,Week2,Kent Gardens,Week2,201.0 Holmes Run Acres - 201.0 Kent Gardens
Holmes Run Acres,Week3,Sleepy Hollow Rec,Week4,300.0 Holmes Run Acres - 102.0 Sleepy Hollow Rec
Hunt Valley,Week3,Chesterbrook,Week1,273.0 Chesterbrook - 129.0 Hunt Valley
Hunt Valley,Week4,Chesterbrook,Week2,309.0 Chesterbrook - 93.0 Hunt Valley
Hunt Valley,Week5,Chesterbrook,Week2,299.0 Chesterbrook - 103.0 Hunt Valley
Holmes Run Acres,Week5,Sleepy Hollow Rec,Week5,284.0 Holmes Run Acres - 118.0 Sleepy Hollow Rec
Holmes Run Acres,Week1,Kent Gardens,Week2,209.0 Kent Gardens - 193.0 Holmes Run Acres
Holmes Run Acres,Week4,Sleepy Hollow Rec,Week2,255.0 Holmes Run Acres - 147.0 Sleepy Hollow Rec
Hunt Valley,Week5,Chesterbrook,Week3,325.0 Chesterbrook - 77.0 Hunt Valley
Holmes Run Acres,Week3,Kent Gardens,Week3,248.0 Holmes Run Acres - 154.0 Kent Gardens
Holmes Run Acres,Week2,Sleepy Hollow Rec,Week2,263.0 Holmes Run Acres - 139.0 Sleepy Hollow Rec
Holmes Run Acres,Week2,Kent Gardens,Week1,216.0 Kent Gardens - 186.0 Holmes Run Acres
Hunt Valley,Week3,Commonwealth,Week1,323.0 Hunt Valley - 79.0 Commonwealth
Holmes Run Acres,Week5,Ilda Community,Week5,303.0 Holmes Run Acres - 99.0 Ilda Community
Holmes Run Acres,Week3,Hollin Hills,Week2,314.0 Holmes Run Acres - 88.0 Hollin Hills
Hunt Valley,Week5,Chesterbrook,Week1,277.0 Chesterbrook - 125.0 Hunt Valley
Holmes Run Acres,Week2,Kent Gardens,Week4,213.0 Kent Gardens - 189.0 Holmes Run Acres
Hunt Valley,Week5,Commonwealth,Week3,327.0 Hunt Valley - 75.0 Commonwealth
Holmes Run Acres,Week1,Sleepy Hollow Rec,Week5,248.0 Holmes Run Acres - 154.0 Sleepy Hollow Rec
Holmes Run Acres,Week4,Sleepy Hollow Rec,Week3,238.0 Holmes Run Acres - 164.0 Sleepy Hollow Rec
Holmes Run Acres,Week5,Ilda Community,Week1,313.0 Holmes Run Acres - 84.0 Ilda Community
Hunt Valley,Week1,Commonwealth,Week5,295.0 Hunt Valley - 107.0 Commonwealth
Holmes Run Acres,Week1,Kent Gardens,Week5,248.0 Kent Gardens - 154.0 Holmes Run Acres
Holmes Run Acres,Week3,Kent Gardens,Week2,253.0 Holmes Run Acres - 149.0 Kent Gardens
Holmes Run Acres,Week1,Somerset-Olde Creek,Week5,277.0 Holmes Run Acres - 124.0 Somerset-Olde Creek
Holmes Run Acres,Week1,Sleepy Hollow Rec,Week3,230.0 Holmes Run Acres - 172.0 Sleepy Hollow Rec
Hunt Valley,Week3,Commonwealth,Week2,304.0 Hunt Valley - 98.0 Commonwealth
Holmes Run Acres,Week5,Ilda Community,Week4,279.0 Holmes Run Acres - 123.0 Ilda Community
Holmes Run Acres,Week1,Somerset-Olde Creek,Week2,321.0 Holmes Run Acres - 80.0 Somerset-Olde Creek
Holmes Run Acres,Week4,Hollin Hills,Week2,295.0 Holmes Run Acres - 106.0 Hollin Hills
Hunt Valley,Week3,Commonwealth,Week3,327.0 Hunt Valley - 75.0 Commonwealth
Holmes Run Acres,Week1,Somerset-Olde Creek,Week4,304.0 Holmes Run Acres - 97.0 Somerset-Olde Creek
Holmes Run Acres,Week3,Ilda Community,Week5,293.0 Holmes Run Acres - 109.0 Ilda Community
Hunt Valley,Week2,Cottontail,Week3,294.0 Hunt Valley - 108.0 Cottontail
Hunt Valley,Week2,Commonwealth,Week3,301.0 Hunt Valley - 101.0 Commonwealth
Holmes Run Acres,Week4,Sleepy Hollow Rec,Week5,258.0 Holmes Run Acres - 144.0 Sleepy Hollow Rec
Holmes Run Acres,Week4,Kent Gardens,Week1,203.0 Kent Gardens - 199.0 Holmes Run Acres
Hunt Valley,Week5,Commonwealth,Week2,307.0 Hunt Valley - 95.0 Commonwealth
Hunt Valley,Week1,Commonwealth,Week1,304.0 Hunt Valley - 98.0 Commonwealth
Holmes Run Acres,Week4,Ilda Community,Week5,266.0 Holmes Run Acres - 136.0 Ilda Community
Holmes Run Acres,Week4,Hollin Hills,Week1,305.0 Holmes Run Acres - 97.0 Hollin Hills
Holmes Run Acres,Week3,Sleepy Hollow Rec,Week5,283.0 Holmes Run Acres - 119.0 Sleepy Hollow Rec
Holmes Run Acres,Week2,Hollin Meadows,Week1,207.0 Hollin Meadows - 195.0 Holmes Run Acres
Hunt Valley,Week2,Commonwealth,Week4,305.0 Hunt Valley - 97.0 Commonwealth
Hunt Valley,Week4,Commonwealth,Week5,300.0 Hunt Valley - 102.0 Commonwealth
Holmes Run Acres,Week1,Kent Gardens,Week1,213.0 Kent Gardens - 189.0 Holmes Run Acres
Holmes Run Acres,Week5,Ilda Community,Week2,317.0 Holmes Run Acres - 85.0 Ilda Community
Holmes Run Acres,Week5,Sleepy Hollow Rec,Week1,299.0 Holmes Run Acres - 103.0 Sleepy Hollow Rec
Holmes Run Acres,Week4,Sleepy Hollow Rec,Week4,269.0 Holmes Run Acres - 133.0 Sleepy Hollow Rec
Hunt Valley,Week5,Chesterbrook,Week4,300.0 Chesterbrook - 102.0 Hunt Valley
Holmes Run Acres,Week3,Hollin Hills,Week5,313.0 Holmes Run Acres - 89.0 Hollin Hills
Holmes Run Acres,Week5,Sleepy Hollow Rec,Week4,300.0 Holmes Run Acres - 102.0 Sleepy Hollow Rec
Holmes Run Acres,Week4,Sleepy Hollow Rec,Week1,266.0 Holmes Run Acres - 136.0 Sleepy Hollow Rec
Holmes Run Acres,Week3,Hollin Hills,Week3,318.0 Holmes Run Acres - 84.0 Hollin Hills
Holmes Run Acres,Week3,Kent Gardens,Week4,228.0 Holmes Run Acres - 174.0 Kent Gardens
Holmes Run Acres,Week3,Sleepy Hollow Rec,Week1,294.0 Holmes Run Acres - 108.0 Sleepy Hollow Rec
Holmes Run Acres,Week4,Hollin Meadows,Week2,215.0 Holmes Run Acres - 187.0 Hollin Meadows
Holmes Run Acres,Week3,Ilda Community,Week4,296.0 Holmes Run Acres - 105.0 Ilda Community
Holmes Run Acres,Week2,Sleepy Hollow Rec,Week3,237.5 Holmes Run Acres - 164.5 Sleepy Hollow Rec
Holmes Run Acres,Week5,Hollin Hills,Week3,317.0 Holmes Run Acres - 85.0 Hollin Hills
Holmes Run Acres,Week5,Hollin Hills,Week5,320.0 Holmes Run Acres - 82.0 Hollin Hills
Hunt Valley,Week3,Commonwealth,Week4,331.0 Hunt Valley - 71.0 Commonwealth
Holmes Run Acres,Week5,Sleepy Hollow Rec,Week3,274.0 Holmes Run Acres - 128.0 Sleepy Hollow Rec
Hunt Valley,Week4,Commonwealth,Week1,310.0 Hunt Valley - 92.0 Commonwealth
Hunt Valley,Week5,Commonwealth,Week1,336.0 Hunt Valley - 66.0 Commonwealth
Hunt Valley,Week4,Commonwealth,Week2,293.0 Hunt Valley - 109.0 Commonwealth
Holmes Run Acres,Week1,Somerset-Olde Creek,Week3,309.0 Holmes Run Acres - 92.0 Somerset-Olde Creek
Holmes Run Acres,Week1,Kent Gardens,Week3,210.5 Kent Gardens - 191.5 Holmes Run Acres
Holmes Run Acres,Week4,Kent Gardens,Week2,210.5 Holmes Run Acres - 191.5 Kent Gardens
Holmes Run Acres,Week4,Kent Gardens,Week5,250.0 Kent Gardens - 152.0 Holmes Run Acres
Hunt Valley,Week1,Cottontail,Week1,270.0 Hunt Valley - 132.0 Cottontail
Holmes Run Acres,Week4,Hollin Meadows,Week4,204.0 Hollin Meadows - 198.0 Holmes Run Acres
Holmes Run Acres,Week5,Hollin Hills,Week4,322.0 Holmes Run Acres - 79.0 Hollin Hills
Holmes Run Acres,Week5,Hollin Meadows,Week1,228.0 Holmes Run Acres - 174.0 Hollin Meadows
Holmes Run Acres,Week2,Somerset-Olde Creek,Week1,296.0 Holmes Run Acres - 105.0 Somerset-Olde Creek
Holmes Run Acres,Week3,Hollin Meadows,Week1,217.0 Holmes Run Acres - 185.0 Hollin Meadows
Holmes Run Acres,Week4,Hollin Hills,Week5,292.0 Holmes Run Acres - 110.0 Hollin Hills
Holmes Run Acres,Week4,Kent Gardens,Week3,221.0 Holmes Run Acres - 181.0 Kent Gardens
Holmes Run Acres,Week5,Hollin Meadows,Week4,239.0 Holmes Run Acres - 163.0 Hollin Meadows
Holmes Run Acres,Week2,Hollin Meadows,Week3,207.0 Hollin Meadows - 195.0 Holmes Run Acres
Holmes Run Acres,Week3,Somerset-Olde Creek,Week1,328.0 Holmes Run Acres - 73.0 Somerset-Olde Creek
Holmes Run Acres,Week4,Kent Gardens,Week4,209.0 Kent Gardens - 193.0 Holmes Run Acres
Holmes Run Acres,Week5,Kent Gardens,Week1,237.0 Holmes Run Acres - 165.0 Kent Gardens
Hunt Valley,Week5,Commonwealth,Week5,317.0 Hunt Valley - 85.0 Commonwealth
Hunt Valley,Week5,Commonwealth,Week4,337.0 Hunt Valley - 65.0 Commonwealth
Holmes Run Acres,Week3,Hollin Hills,Week1,322.0 Holmes Run Acres - 80.0 Hollin Hills
Hunt Valley,Week1,Cottontail,Week2,275.0 Hunt Valley - 127.0 Cottontail
Holmes Run Acres,Week4,Somerset-Olde Creek,Week2,317.0 Holmes Run Acres - 84.0 Somerset-Olde Creek
Holmes Run Acres,Week4,Somerset-Olde Creek,Week3,317.0 Holmes Run Acres - 83.0 Somerset-Olde Creek
Holmes Run Acres,Week5,Kent Gardens,Week2,257.0 Holmes Run Acres - 145.0 Kent Gardens
Hunt Valley,Week1,Cottontail,Week5,278.0 Hunt Valley - 124.0 Cottontail
Holmes Run Acres,Week3,Somerset-Olde Creek,Week3,334.0 Holmes Run Acres - 67.0 Somerset-Olde Creek
Holmes Run Acres,Week5,Kent Gardens,Week5,202.0 Kent Gardens - 200.0 Holmes Run Acres
Hunt Valley,Week3,Commonwealth,Week5,316.0 Hunt Valley - 86.0 Commonwealth
Hunt Valley,Week1,Cottontail,Week4,272.0 Hunt Valley - 130.0 Cottontail
Holmes Run Acres,Week2,South Run,Week4,221.0 Holmes Run Acres - 175.0 South Run
Holmes Run Acres,Week5,Kent Gardens,Week4,245.0 Holmes Run Acres - 157.0 Kent Gardens
Holmes Run Acres,Week1,Hollin Meadows,Week3,220.0 Hollin Meadows - 182.0 Holmes Run Acres
Holmes Run Acres,Week1,Hollin Meadows,Week2,211.0 Holmes Run Acres - 191.0 Hollin Meadows
Holmes Run Acres,Week5,Hollin Hills,Week1,329.0 Holmes Run Acres - 73.0 Hollin Hills
Holmes Run Acres,Week4,Hollin Hills,Week4,288.0 Holmes Run Acres - 111.0 Hollin Hills
Holmes Run Acres,Week1,Kings Ridge ,Week1,267.0 Holmes Run Acres - 135.0 Kings Ridge
Holmes Run Acres,Week2,Hollin Meadows,Week5,212.0 Hollin Meadows - 190.0 Holmes Run Acres
Holmes Run Acres,Week4,Somerset-Olde Creek,Week5,291.0 Holmes Run Acres - 109.0 Somerset-Olde Creek
Holmes Run Acres,Week3,Somerset-Olde Creek,Week5,320.0 Holmes Run Acres - 81.0 Somerset-Olde Creek
Holmes Run Acres,Week1,Kings Ridge ,Week3,265.0 Holmes Run Acres - 135.0 Kings Ridge
Holmes Run Acres,Week2,Somerset-Olde Creek,Week3,309.0 Holmes Run Acres - 82.0 Somerset-Olde Creek
Hunt Valley,Week2,Cottontail,Week1,288.5 Hunt Valley - 113.5 Cottontail
Hunt Valley,Week4,Commonwealth,Week4,309.0 Hunt Valley - 93.0 Commonwealth
Hunt Valley,Week1,Cottontail,Week3,289.0 Hunt Valley - 113.0 Cottontail
Holmes Run Acres,Week3,Somerset-Olde Creek,Week2,338.0 Holmes Run Acres - 63.0 Somerset-Olde Creek
Holmes Run Acres,Week3,South Run,Week4,246.0 Holmes Run Acres - 155.0 South Run
Hunt Valley,Week2,Commonwealth,Week5,299.0 Hunt Valley - 103.0 Commonwealth
Holmes Run Acres,Week1,Kings Ridge ,Week2,267.5 Holmes Run Acres - 134.5 Kings Ridge
Hunt Valley,Week2,Commonwealth,Week2,290.0 Hunt Valley - 112.0 Commonwealth
Holmes Run Acres,Week3,Hollin Meadows,Week2,246.0 Holmes Run Acres - 156.0 Hollin Meadows
Holmes Run Acres,Week3,Hollin Hills,Week4,318.0 Holmes Run Acres - 84.0 Hollin Hills
Holmes Run Acres,Week2,South Run,Week1,205.0 South Run - 188.0 Holmes Run Acres
Holmes Run Acres,Week5,Somerset-Olde Creek,Week3,334.0 Holmes Run Acres - 68.0 Somerset-Olde Creek
Holmes Run Acres,Week5,Hollin Hills,Week2,322.0 Holmes Run Acres - 80.0 Hollin Hills
Hunt Valley,Week3,Cottontail,Week4,303.0 Hunt Valley - 99.0 Cottontail
Holmes Run Acres,Week4,Somerset-Olde Creek,Week1,315.0 Holmes Run Acres - 84.0 Somerset-Olde Creek
Holmes Run Acres,Week5,Kent Gardens,Week3,252.0 Holmes Run Acres - 150.0 Kent Gardens
Holmes Run Acres,Week1,Kings Ridge ,Week4,257.0 Holmes Run Acres - 145.0 Kings Ridge
Holmes Run Acres,Week4,Somerset-Olde Creek,Week4,307.0 Holmes Run Acres - 94.0 Somerset-Olde Creek
Holmes Run Acres,Week1,South Run,Week4,218.0 Holmes Run Acres - 183.0 South Run
Holmes Run Acres,Week2,South Run,Week5,203.0 South Run - 199.0 Holmes Run Acres
Hunt Valley,Week2,Cottontail,Week2,295.0 Hunt Valley - 107.0 Cottontail
Holmes Run Acres,Week1,South Run,Week1,199.0 Holmes Run Acres - 194.0 South Run
Hunt Valley,Week4,Commonwealth,Week3,312.0 Hunt Valley - 90.0 Commonwealth
Holmes Run Acres,Week3,South Run,Week1,221.0 Holmes Run Acres - 172.0 South Run
Holmes Run Acres,Week3,Somerset-Olde Creek,Week4,327.0 Holmes Run Acres - 75.0 Somerset-Olde Creek
Holmes Run Acres,Week2,Hollin Meadows,Week4,202.0 Hollin Meadows - 200.0 Holmes Run Acres
Hunt Valley,Week3,Cottontail,Week1,287.0 Hunt Valley - 115.0 Cottontail
Holmes Run Acres,Week2,Kings Ridge ,Week1,272.0 Holmes Run Acres - 130.0 Kings Ridge
Holmes Run Acres,Week3,Hollin Meadows,Week4,230.0 Holmes Run Acres - 172.0 Hollin Meadows
Holmes Run Acres,Week1,Hollin Meadows,Week1,207.0 Hollin Meadows - 195.0 Holmes Run Acres
Holmes Run Acres,Week3,Hollin Meadows,Week5,225.0 Holmes Run Acres - 177.0 Hollin Meadows
Hunt Valley,Week2,Cottontail,Week4,287.0 Hunt Valley - 115.0 Cottontail
Hunt Valley,Week3,Cottontail,Week2,305.0 Hunt Valley - 97.0 Cottontail
Holmes Run Acres,Week1,Hollin Meadows,Week5,214.5 Hollin Meadows - 187.5 Holmes Run Acres
Holmes Run Acres,Week3,South Run,Week2,244.0 Holmes Run Acres - 157.0 South Run
Hunt Valley,Week3,Cottontail,Week5,286.0 Hunt Valley - 116.0 Cottontail
Holmes Run Acres,Week1,Kings Ridge ,Week5,251.5 Holmes Run Acres - 150.5 Kings Ridge
Hunt Valley,Week2,Cottontail,Week5,273.0 Hunt Valley - 129.0 Cottontail
Holmes Run Acres,Week1,Hollin Meadows,Week4,213.0 Hollin Meadows - 189.0 Holmes Run Acres
Holmes Run Acres,Week3,Hollin Meadows,Week3,223.0 Holmes Run Acres - 179.0 Hollin Meadows
Hunt Valley,Week3,Cottontail,Week3,308.0 Hunt Valley - 94.0 Cottontail
Holmes Run Acres,Week4,Hollin Hills,Week3,301.0 Holmes Run Acres - 101.0 Hollin Hills
Holmes Run Acres,Week2,South Run,Week3,205.0 Holmes Run Acres - 197.0 South Run
Holmes Run Acres,Week5,Hollin Meadows,Week2,243.0 Holmes Run Acres - 154.0 Hollin Meadows
Holmes Run Acres,Week2,Hiddenbrook,Week5,209.0 Holmes Run Acres - 193.0 Hiddenbrook
Holmes Run Acres,Week5,Hiddenbrook,Week1,277.0 Holmes Run Acres - 125.0 Hiddenbrook
Holmes Run Acres,Week1,South Run,Week5,204.0 South Run - 198.0 Holmes Run Acres
Holmes Run Acres,Week1,High Point Pool,Week5,247.0 High Point Pool - 155.0 Holmes Run Acres
Holmes Run Acres,Week5,Somerset-Olde Creek,Week1,325.0 Holmes Run Acres - 77.0 Somerset-Olde Creek
Hunt Valley,Week2,Country Club Hills,Week2,298.0 Hunt Valley - 104.0 Country Club Hills
Holmes Run Acres,Week1,South Run,Week3,209.0 Holmes Run Acres - 193.0 South Run
Holmes Run Acres,Week5,Somerset-Olde Creek,Week2,337.0 Holmes Run Acres - 65.0 Somerset-Olde Creek
Hunt Valley,Week4,Cottontail,Week5,286.0 Hunt Valley - 116.0 Cottontail
Holmes Run Acres,Week2,Hollin Meadows,Week2,205.0 Holmes Run Acres - 197.0 Hollin Meadows
Hunt Valley,Week4,Country Club Hills,Week1,298.0 Hunt Valley - 104.0 Country Club Hills
Holmes Run Acres,Week3,Hiddenbrook,Week2,289.0 Holmes Run Acres - 109.0 Hiddenbrook
Holmes Run Acres,Week2,Somerset-Olde Creek,Week5,274.0 Holmes Run Acres - 127.0 Somerset-Olde Creek
Holmes Run Acres,Week2,Somerset-Olde Creek,Week4,295.5 Holmes Run Acres - 106.5 Somerset-Olde Creek
Holmes Run Acres,Week5,Hollin Meadows,Week3,236.0 Holmes Run Acres - 166.0 Hollin Meadows
Holmes Run Acres,Week1,Holmes Run Acres,Week1,199.5 Holmes Run Acres (HRA1) - 199.5 Holmes Run Acres (HRA2)
Holmes Run Acres,Week2,Hiddenbrook,Week4,224.0 Holmes Run Acres - 178.0 Hiddenbrook
Holmes Run Acres,Week1,High Point Pool,Week1,248.0 High Point Pool - 154.0 Holmes Run Acres
Holmes Run Acres,Week4,Hollin Meadows,Week3,219.0 Hollin Meadows - 183.0 Holmes Run Acres
Holmes Run Acres,Week4,Hollin Meadows,Week1,206.0 Hollin Meadows - 196.0 Holmes Run Acres
Hunt Valley,Week5,Cottontail,Week2,307.5 Hunt Valley - 94.5 Cottontail
Holmes Run Acres,Week4,South Run,Week1,201.0 Holmes Run Acres - 192.0 South Run
Holmes Run Acres,Week2,South Run,Week2,217.0 Holmes Run Acres - 184.0 South Run
Holmes Run Acres,Week5,Hiddenbrook,Week2,290.0 Holmes Run Acres - 106.0 Hiddenbrook
Holmes Run Acres,Week1,Holmes Run Acres,Week4,209.0 Holmes Run Acres (HRA2) - 191.0 Holmes Run Acres (HRA1)
Holmes Run Acres,Week2,Holmes Run Acres,Week4,217.5 Holmes Run Acres (HRA2) - 183.5 Holmes Run Acres (HRA1)
Holmes Run Acres,Week4,Hollin Meadows,Week5,206.0 Hollin Meadows - 196.0 Holmes Run Acres
Holmes Run Acres,Week2,High Point Pool,Week4,249.0 High Point Pool - 153.0 Holmes Run Acres
Holmes Run Acres,Week5,Somerset-Olde Creek,Week4,326.0 Holmes Run Acres - 76.0 Somerset-Olde Creek
Hunt Valley,Week4,Country Club Hills,Week3,299.0 Hunt Valley - 103.0 Country Club Hills
Holmes Run Acres,Week1,High Point Pool,Week2,271.0 High Point Pool - 131.0 Holmes Run Acres
Hunt Valley,Week5,Cottontail,Week5,294.0 Hunt Valley - 108.0 Cottontail
Holmes Run Acres,Week2,Holmes Run Acres,Week1,203.0 Holmes Run Acres (HRA2) - 198.0 Holmes Run Acres (HRA1)
Holmes Run Acres,Week2,Holmes Run Acres,Week5,275.0 Holmes Run Acres (HRA2) - 127.0 Holmes Run Acres (HRA1)
Hunt Valley,Week1,Country Club Hills,Week3,296.0 Hunt Valley - 106.0 Country Club Hills
Holmes Run Acres,Week5,Hiddenbrook,Week3,263.0 Holmes Run Acres - 139.0 Hiddenbrook
Hunt Valley,Week3,Country Club Hills,Week4,309.0 Hunt Valley - 93.0 Country Club Hills
Hunt Valley,Week4,Cottontail,Week1,285.0 Hunt Valley - 117.0 Cottontail
Hunt Valley,Week5,Cottontail,Week1,293.0 Hunt Valley - 109.0 Cottontail
Holmes Run Acres,Week3,Holmes Run Acres,Week4,268.0 Holmes Run Acres (HRA1) - 133.0 Holmes Run Acres (HRA2)
Holmes Run Acres,Week1,High Point Pool,Week4,245.0 High Point Pool - 157.0 Holmes Run Acres
Hunt Valley,Week5,Cottontail,Week3,314.0 Hunt Valley - 88.0 Cottontail
Holmes Run Acres,Week3,South Run,Week3,239.0 Holmes Run Acres - 163.0 South Run
Holmes Run Acres,Week3,South Run,Week5,223.0 Holmes Run Acres - 179.0 South Run
Holmes Run Acres,Week5,Somerset-Olde Creek,Week5,321.0 Holmes Run Acres - 81.0 Somerset-Olde Creek
Holmes Run Acres,Week3,Hiddenbrook,Week5,262.0 Holmes Run Acres - 140.0 Hiddenbrook
Holmes Run Acres,Week3,Holmes Run Acres,Week3,200.5 Holmes Run Acres (HRA1) - 200.5 Holmes Run Acres (HRA2)
Hunt Valley,Week5,Cottontail,Week4,304.5 Hunt Valley - 97.5 Cottontail
Holmes Run Acres,Week3,Hiddenbrook,Week4,252.0 Holmes Run Acres - 150.0 Hiddenbrook
Holmes Run Acres,Week5,Holmes Run Acres,Week2,275.0 Holmes Run Acres (HRA1) - 127.0 Holmes Run Acres (HRA2)
Hunt Valley,Week3,Country Club Hills,Week3,312.0 Hunt Valley - 90.0 Country Club Hills
Holmes Run Acres,Week1,Springboard,Week1,270.5 Holmes Run Acres - 129.5 Springboard
Hunt Valley,Week5,Country Club Hills,Week2,327.0 Hunt Valley - 75.0 Country Club Hills
Holmes Run Acres,Week4,Holmes Run Acres,Week1,209.0 Holmes Run Acres (HRA1) - 191.0 Holmes Run Acres (HRA2)
Holmes Run Acres,Week4,Holmes Run Acres,Week3,268.0 Holmes Run Acres (HRA2) - 133.0 Holmes Run Acres (HRA1)
Holmes Run Acres,Week1,South Run,Week2,212.0 Holmes Run Acres - 189.0 South Run
Hunt Valley,Week4,Cottontail,Week2,307.0 Hunt Valley - 95.0 Cottontail
Holmes Run Acres,Week4,Hiddenbrook,Week1,242.0 Holmes Run Acres - 160.0 Hiddenbrook
Holmes Run Acres,Week1,Holmes Run Acres,Week2,203.0 Holmes Run Acres (HRA1) - 198.0 Holmes Run Acres (HRA2)
Holmes Run Acres,Week4,South Run,Week5,214.0 Holmes Run Acres - 188.0 South Run
Holmes Run Acres,Week2,Springboard,Week1,262.0 Holmes Run Acres - 139.0 Springboard
Holmes Run Acres,Week1,Springboard,Week2,291.0 Holmes Run Acres - 109.0 Springboard
Holmes Run Acres,Week2,Holmes Run Acres,Week2,195.5 Holmes Run Acres (HRA1) - 195.5 Holmes Run Acres (HRA2)
Hunt Valley,Week1,Country Club Hills,Week5,264.0 Hunt Valley - 138.0 Country Club Hills
Holmes Run Acres,Week4,Hiddenbrook,Week4,223.0 Holmes Run Acres - 179.0 Hiddenbrook
Hunt Valley,Week1,Country Club Hills,Week2,287.0 Hunt Valley - 115.0 Country Club Hills
Holmes Run Acres,Week1,Springfield,Week2,347.0 Holmes Run Acres - 47.0 Springfield
Holmes Run Acres,Week2,High Point Pool,Week1,242.0 High Point Pool - 160.0 Holmes Run Acres
Hunt Valley,Week2,Country Club Hills,Week4,297.5 Hunt Valley - 104.5 Country Club Hills
Holmes Run Acres,Week2,High Point Pool,Week3,248.0 High Point Pool - 153.0 Holmes Run Acres
Hunt Valley,Week1,Country Club Hills,Week4,295.5 Hunt Valley - 106.5 Country Club Hills
Holmes Run Acres,Week3,Holmes Run Acres,Week5,228.0 Holmes Run Acres (HRA2) - 174.0 Holmes Run Acres (HRA1)
Hunt Valley,Week2,Country Club Hills,Week5,282.0 Hunt Valley - 120.0 Country Club Hills
Holmes Run Acres,Week3,Fox Mill Estates,Week3,262.0 Holmes Run Acres - 140.0 Fox Mill Estates
Holmes Run Acres,Week4,Holmes Run Acres,Week5,275.0 Holmes Run Acres (HRA2) - 127.0 Holmes Run Acres (HRA1)
Holmes Run Acres,Week1,Fox Mill Estates,Week3,237.0 Holmes Run Acres - 165.0 Fox Mill Estates
Holmes Run Acres,Week4,Holmes Run Acres,Week4,200.0 Holmes Run Acres (HRA1) - 200.0 Holmes Run Acres (HRA2)
Holmes Run Acres,Week5,Hiddenbrook,Week5,246.0 Holmes Run Acres - 156.0 Hiddenbrook
Holmes Run Acres,Week5,Hiddenbrook,Week4,264.0 Holmes Run Acres - 138.0 Hiddenbrook
Holmes Run Acres,Week4,Hiddenbrook,Week5,223.0 Holmes Run Acres - 179.0 Hiddenbrook
Holmes Run Acres,Week3,Springboard,Week1,304.0 Holmes Run Acres - 96.0 Springboard
Hunt Valley,Week2,Country Club Hills,Week3,303.0 Hunt Valley - 99.0 Country Club Hills
Holmes Run Acres,Week5,Springboard,Week4,299.0 Holmes Run Acres - 103.0 Springboard
Holmes Run Acres,Week4,Hiddenbrook,Week3,234.0 Holmes Run Acres - 168.0 Hiddenbrook
Holmes Run Acres,Week4,Springboard,Week3,293.0 Holmes Run Acres - 108.0 Springboard
Hunt Valley,Week4,Cottontail,Week4,296.0 Hunt Valley - 106.0 Cottontail
Holmes Run Acres,Week2,Fox Mill Estates,Week4,207.0 Holmes Run Acres - 195.0 Fox Mill Estates
Holmes Run Acres,Week5,Holmes Run Acres,Week3,228.0 Holmes Run Acres (HRA1) - 174.0 Holmes Run Acres (HRA2)
Holmes Run Acres,Week3,Hiddenbrook,Week1,266.0 Holmes Run Acres - 136.0 Hiddenbrook
Holmes Run Acres,Week1,Holmes Run Acres,Week3,250.0 Holmes Run Acres (HRA2) - 151.0 Holmes Run Acres (HRA1)
Hunt Valley,Week2,Country Club Hills,Week1,280.5 Hunt Valley - 121.5 Country Club Hills
Holmes Run Acres,Week1,High Point Pool,Week3,257.0 High Point Pool - 144.0 Holmes Run Acres
Holmes Run Acres,Week5,South Run,Week2,256.0 Holmes Run Acres - 146.0 South Run
Holmes Run Acres,Week4,Springboard,Week5,258.0 Holmes Run Acres - 143.0 Springboard
Hunt Valley,Week1,Country Club Hills,Week1,296.0 Hunt Valley - 106.0 Country Club Hills
Holmes Run Acres,Week4,Holmes Run Acres,Week2,217.5 Holmes Run Acres (HRA1) - 183.5 Holmes Run Acres (HRA2)
Holmes Run Acres,Week3,Hiddenbrook,Week3,252.0 Holmes Run Acres - 150.0 Hiddenbrook
Holmes Run Acres,Week5,Holmes Run Acres,Week4,275.0 Holmes Run Acres (HRA1) - 127.0 Holmes Run Acres (HRA2)
Hunt Valley,Week3,Country Club Hills,Week1,305.0 Hunt Valley - 97.0 Country Club Hills
Holmes Run Acres,Week4,Fox Mill Estates,Week1,260.0 Holmes Run Acres - 142.0 Fox Mill Estates
Hunt Valley,Week5,Country Club Hills,Week1,326.0 Hunt Valley - 76.0 Country Club Hills
Hunt Valley,Week3,Country Club Hills,Week2,311.0 Hunt Valley - 91.0 Country Club Hills
Holmes Run Acres,Week1,Springboard,Week3,285.0 Holmes Run Acres - 116.0 Springboard
Holmes Run Acres,Week4,Fox Mill Estates,Week2,234.0 Holmes Run Acres - 168.0 Fox Mill Estates
Holmes Run Acres,Week3,Holmes Run Acres,Week2,274.0 Holmes Run Acres (HRA1) - 127.0 Holmes Run Acres (HRA2)
Holmes Run Acres,Week5,Hollin Meadows,Week5,223.0 Holmes Run Acres - 179.0 Hollin Meadows
Holmes Run Acres,Week5,Holmes Run Acres,Week1,282.0 Holmes Run Acres (HRA1) - 120.0 Holmes Run Acres (HRA2)
Holmes Run Acres,Week3,Springboard,Week2,330.0 Holmes Run Acres - 71.0 Springboard
Hunt Valley,Week4,Country Club Hills,Week5,294.0 Hunt Valley - 108.0 Country Club Hills
Hunt Valley,Week4,Country Club Hills,Week2,310.0 Hunt Valley - 92.0 Country Club Hills
Holmes Run Acres,Week5,South Run,Week5,242.0 Holmes Run Acres - 160.0 South Run
Holmes Run Acres,Week1,Springboard,Week4,256.0 Holmes Run Acres - 146.0 Springboard
Holmes Run Acres,Week2,High Point Pool,Week2,257.0 High Point Pool - 145.0 Holmes Run Acres
Hunt Valley,Week3,Country Club Hills,Week5,302.0 Hunt Valley - 100.0 Country Club Hills
Hunt Valley,Week4,Cottontail,Week3,307.0 Hunt Valley - 95.0 Cottontail
Holmes Run Acres,Week4,Fox Mill Estates,Week4,221.0 Holmes Run Acres - 181.0 Fox Mill Estates
Holmes Run Acres,Week3,Highlands Swim,Week1,273.0 Highlands Swim - 129.0 Holmes Run Acres
Holmes Run Acres,Week2,Holmes Run Acres,Week3,274.0 Holmes Run Acres (HRA2) - 127.0 Holmes Run Acres (HRA1)
Holmes Run Acres,Week2,Springboard,Week2,291.0 Holmes Run Acres - 111.0 Springboard
Holmes Run Acres,Week1,Holmes Run Acres,Week5,282.0 Holmes Run Acres (HRA2) - 120.0 Holmes Run Acres (HRA1)
Holmes Run Acres,Week3,Highland Park,Week5,220.0 Holmes Run Acres - 182.0 Highland Park
Holmes Run Acres,Week5,Fox Mill Estates,Week1,277.0 Holmes Run Acres - 125.0 Fox Mill Estates
Hunt Valley,Week1,Crosspointe,Week4,204.0 Hunt Valley - 198.0 Crosspointe
Hunt Valley,Week5,Crosspointe,Week3,222.5 Hunt Valley - 179.5 Crosspointe
Holmes Run Acres,Week4,Fox Mill Estates,Week5,234.0 Holmes Run Acres - 168.0 Fox Mill Estates
Holmes Run Acres,Week5,Springboard,Week1,314.0 Holmes Run Acres - 88.0 Springboard
Holmes Run Acres,Week4,Hiddenbrook,Week2,274.0 Holmes Run Acres - 124.0 Hiddenbrook
Holmes Run Acres,Week3,Fox Mill Estates,Week4,238.0 Holmes Run Acres - 164.0 Fox Mill Estates
Holmes Run Acres,Week3,Fox Mill Estates,Week1,277.0 Holmes Run Acres - 125.0 Fox Mill Estates
Holmes Run Acres,Week5,Fox Mill Estates,Week2,260.0 Holmes Run Acres - 142.0 Fox Mill Estates
Holmes Run Acres,Week5,South Run,Week3,248.0 Holmes Run Acres - 154.0 South Run
Holmes Run Acres,Week3,Holmes Run Acres,Week1,250.0 Holmes Run Acres (HRA1) - 151.0 Holmes Run Acres (HRA2)
Holmes Run Acres,Week5,South Run,Week4,252.0 Holmes Run Acres - 150.0 South Run
Holmes Run Acres,Week5,Springboard,Week3,315.0 Holmes Run Acres - 82.0 Springboard
Holmes Run Acres,Week2,Springboard,Week5,243.0 Holmes Run Acres - 159.0 Springboard
Holmes Run Acres,Week2,Fox Mill Estates,Week5,213.0 Holmes Run Acres - 189.0 Fox Mill Estates
Holmes Run Acres,Week3,Fox Mill Estates,Week5,259.0 Holmes Run Acres - 143.0 Fox Mill Estates
Hunt Valley,Week4,Country Club Hills,Week4,300.0 Hunt Valley - 102.0 Country Club Hills
Holmes Run Acres,Week3,Highlands Swim,Week4,258.0 Highlands Swim - 144.0 Holmes Run Acres
Holmes Run Acres,Week4,Highland Park,Week2,216.0 Highland Park - 186.0 Holmes Run Acres
Holmes Run Acres,Week5,Fox Mill Estates,Week3,263.0 Holmes Run Acres - 139.0 Fox Mill Estates
Hunt Valley,Week5,Country Club Hills,Week4,309.0 Hunt Valley - 93.0 Country Club Hills
Holmes Run Acres,Week4,South Run,Week2,228.0 Holmes Run Acres - 173.0 South Run
Holmes Run Acres,Week4,Fox Mill Estates,Week3,243.0 Holmes Run Acres - 159.0 Fox Mill Estates
Holmes Run Acres,Week4,South Run,Week4,238.0 Holmes Run Acres - 163.0 South Run
Holmes Run Acres,Week5,Highland Park,Week3,241.0 Holmes Run Acres - 161.0 Highland Park
Holmes Run Acres,Week1,Springboard,Week5,252.0 Holmes Run Acres - 149.0 Springboard
Hunt Valley,Week3,Crosspointe,Week2,240.0 Hunt Valley - 162.0 Crosspointe
Holmes Run Acres,Week4,South Run,Week3,219.0 Holmes Run Acres - 183.0 South Run
Holmes Run Acres,Week5,Fox Mill Estates,Week4,243.0 Holmes Run Acres - 159.0 Fox Mill Estates
Holmes Run Acres,Week3,Highland Park,Week2,223.0 Holmes Run Acres - 179.0 Highland Park
Hunt Valley,Week5,Country Club Hills,Week3,325.0 Hunt Valley - 77.0 Country Club Hills
Holmes Run Acres,Week2,Fox Mill Estates,Week3,220.0 Holmes Run Acres - 182.0 Fox Mill Estates
Hunt Valley,Week2,Crosspointe,Week1,212.0 Crosspointe - 190.0 Hunt Valley
Holmes Run Acres,Week2,Highlands Swim,Week4,301.0 Highlands Swim - 101.0 Holmes Run Acres
Holmes Run Acres,Week5,South Run,Week1,231.0 Holmes Run Acres - 162.0 South Run
Holmes Run Acres,Week2,Highlands Swim,Week5,305.0 Highlands Swim - 97.0 Holmes Run Acres
Holmes Run Acres,Week1,Fox Mill Estates,Week4,213.0 Holmes Run Acres - 189.0 Fox Mill Estates
Hunt Valley,Week1,Crosspointe,Week2,206.0 Hunt Valley - 196.0 Crosspointe
Holmes Run Acres,Week5,Highland Park,Week5,225.0 Holmes Run Acres - 177.0 Highland Park
Holmes Run Acres,Week5,Springboard,Week2,327.0 Holmes Run Acres - 75.0 Springboard
Hunt Valley,Week1,Crosspointe,Week3,208.0 Crosspointe - 194.0 Hunt Valley
Holmes Run Acres,Week2,Fox Mill Estates,Week2,226.0 Holmes Run Acres - 176.0 Fox Mill Estates
Holmes Run Acres,Week4,Springboard,Week2,298.0 Holmes Run Acres - 102.0 Springboard
Holmes Run Acres,Week2,Springboard,Week4,251.0 Holmes Run Acres - 151.0 Springboard
Holmes Run Acres,Week1,Fox Mill Estates,Week1,248.0 Holmes Run Acres - 154.0 Fox Mill Estates
Holmes Run Acres,Week5,Fox Hunt,Week5,219.0 Holmes Run Acres - 183.0 Fox Hunt
Hunt Valley,Week4,Crosspointe,Week1,210.0 Crosspointe - 192.0 Hunt Valley
Hunt Valley,Week3,Crosspointe,Week4,230.0 Hunt Valley - 172.0 Crosspointe
Holmes Run Acres,Week4,Highland Park,Week5,214.0 Highland Park - 188.0 Holmes Run Acres
Hunt Valley,Week2,Crosspointe,Week2,209.0 Hunt Valley - 193.0 Crosspointe
Holmes Run Acres,Week4,Springboard,Week4,267.0 Holmes Run Acres - 135.0 Springboard
Holmes Run Acres,Week1,Highlands Swim,Week2,301.0 Highlands Swim - 101.0 Holmes Run Acres
Holmes Run Acres,Week4,Highland Park,Week4,221.0 Highland Park - 181.0 Holmes Run Acres
Holmes Run Acres,Week5,Fox Mill Estates,Week5,259.0 Holmes Run Acres - 143.0 Fox Mill Estates
Holmes Run Acres,Week2,Highlands Swim,Week2,316.0 Highlands Swim - 86.0 Holmes Run Acres
Holmes Run Acres,Week3,Springboard,Week5,288.0 Holmes Run Acres - 113.0 Springboard
Hunt Valley,Week4,Crosspointe,Week3,225.0 Hunt Valley - 177.0 Crosspointe
Holmes Run Acres,Week3,Springboard,Week4,293.0 Holmes Run Acres - 109.0 Springboard
Hunt Valley,Week1,Crosspointe,Week5,237.0 Crosspointe - 165.0 Hunt Valley
Holmes Run Acres,Week2,Springboard,Week3,279.0 Holmes Run Acres - 123.0 Springboard
Holmes Run Acres,Week2,Highlands Swim,Week1,304.0 Highlands Swim - 98.0 Holmes Run Acres
Holmes Run Acres,Week3,Fox Mill Estates,Week2,261.0 Holmes Run Acres - 141.0 Fox Mill Estates
Holmes Run Acres,Week4,Highland Park,Week3,203.0 Holmes Run Acres - 199.0 Highland Park
Holmes Run Acres,Week1,Fox Mill Estates,Week5,217.0 Holmes Run Acres - 185.0 Fox Mill Estates
Holmes Run Acres,Week3,Springboard,Week3,320.0 Holmes Run Acres - 81.0 Springboard
Hunt Valley,Week5,Crosspointe,Week1,205.0 Hunt Valley - 197.0 Crosspointe
Holmes Run Acres,Week3,Highland Park,Week4,218.0 Holmes Run Acres - 184.0 Highland Park
Holmes Run Acres,Week1,Highlands Swim,Week4,284.0 Highlands Swim - 118.0 Holmes Run Acres
Hunt Valley,Week1,Crosspointe,Week1,222.0 Crosspointe - 180.0 Hunt Valley
Hunt Valley,Week4,Crosspointe,Week4,213.0 Hunt Valley - 189.0 Crosspointe
Holmes Run Acres,Week5,Springboard,Week5,303.0 Holmes Run Acres - 99.0 Springboard
Holmes Run Acres,Week4,Springboard,Week1,276.0 Holmes Run Acres - 124.0 Springboard
Holmes Run Acres,Week1,Fox Mill Estates,Week2,232.0 Holmes Run Acres - 170.0 Fox Mill Estates
Holmes Run Acres,Week4,Highland Park,Week1,223.0 Highland Park - 179.0 Holmes Run Acres
Holmes Run Acres,Week3,Highland Park,Week3,236.0 Holmes Run Acres - 166.0 Highland Park
Hunt Valley,Week2,Crosspointe,Week4,204.0 Hunt Valley - 198.0 Crosspointe
Holmes Run Acres,Week2,Fox Mill Estates,Week1,240.0 Holmes Run Acres - 162.0 Fox Mill Estates
Hunt Valley,Week2,Crosspointe,Week5,239.0 Crosspointe - 163.0 Hunt Valley
Holmes Run Acres,Week5,Highland Park,Week1,225.0 Holmes Run Acres - 177.0 Highland Park
Holmes Run Acres,Week5,Springfield,Week3,365.0 Holmes Run Acres - 30.0 Springfield
Hunt Valley,Week2,Truro,Week1,313.5 Hunt Valley - 88.5 Truro
Holmes Run Acres,Week4,Springfield,Week3,351.0 Holmes Run Acres - 45.0 Springfield
Hunt Valley,Week3,Crosspointe,Week5,215.5 Crosspointe - 186.5 Hunt Valley
Holmes Run Acres,Week5,Highland Park,Week2,231.0 Holmes Run Acres - 171.0 Highland Park
Hunt Valley,Week2,Truro,Week3,317.0 Hunt Valley - 85.0 Truro
Holmes Run Acres,Week1,Springfield,Week1,338.0 Holmes Run Acres - 58.0 Springfield
Hunt Valley,Week3,Sully Station II,Week4,245.0 Hunt Valley - 157.0 Sully Station II
Hunt Valley,Week1,Truro,Week3,308.0 Hunt Valley - 94.0 Truro
Hunt Valley,Week5,Crosspointe,Week2,242.0 Hunt Valley - 160.0 Crosspointe
Hunt Valley,Week5,Country Club Hills,Week5,292.5 Hunt Valley - 109.5 Country Club Hills
Holmes Run Acres,Week3,Springfield,Week2,367.0 Holmes Run Acres - 29.0 Springfield
Hunt Valley,Week3,Sully Station II,Week5,204.5 Hunt Valley - 197.5 Sully Station II
Holmes Run Acres,Week3,Highlands Swim,Week3,275.0 Highlands Swim - 127.0 Holmes Run Acres
Holmes Run Acres,Week2,Highlands Swim,Week3,308.0 Highlands Swim - 94.0 Holmes Run Acres
Hunt Valley,Week3,Sully Station II,Week1,238.0 Hunt Valley - 164.0 Sully Station II
Holmes Run Acres,Week1,Highlands Swim,Week1,286.0 Highlands Swim - 116.0 Holmes Run Acres
Holmes Run Acres,Week3,Highlands Swim,Week2,276.0 Highlands Swim - 126.0 Holmes Run Acres
Holmes Run Acres,Week3,Highland Park,Week1,215.0 Holmes Run Acres - 187.0 Highland Park
Holmes Run Acres,Week1,Highlands Swim,Week5,295.5 Highlands Swim - 106.5 Holmes Run Acres
Holmes Run Acres,Week1,Springfield,Week3,342.0 Holmes Run Acres - 49.0 Springfield
Holmes Run Acres,Week1,Highlands Swim,Week3,291.0 Highlands Swim - 111.0 Holmes Run Acres
Holmes Run Acres,Week4,Springfield,Week4,344.0 Holmes Run Acres - 53.0 Springfield
Hunt Valley,Week2,Sully Station II,Week3,230.0 Sully Station II - 172.0 Hunt Valley
Holmes Run Acres,Week5,Highland Park,Week4,226.0 Holmes Run Acres - 176.0 Highland Park
Hunt Valley,Week3,Crosspointe,Week1,212.0 Hunt Valley - 190.0 Crosspointe
Hunt Valley,Week4,Crosspointe,Week2,227.0 Hunt Valley - 175.0 Crosspointe
Hunt Valley,Week5,Sully Station II,Week3,222.0 Hunt Valley - 180.0 Sully Station II
Hunt Valley,Week2,Sully Station II,Week5,232.0 Sully Station II - 170.0 Hunt Valley
Holmes Run Acres,Week1,Springfield,Week4,337.0 Holmes Run Acres - 60.0 Springfield
Hunt Valley,Week2,Crosspointe,Week3,204.0 Crosspointe - 198.0 Hunt Valley
Hunt Valley,Week5,Crosspointe,Week4,230.0 Hunt Valley - 172.0 Crosspointe
Hunt Valley,Week4,Crosspointe,Week5,226.0 Crosspointe - 176.0 Hunt Valley
Holmes Run Acres,Week5,Springfield,Week1,370.0 Holmes Run Acres - 26.0 Springfield
Hunt Valley,Week2,Truro,Week4,298.0 Hunt Valley - 104.0 Truro
Holmes Run Acres,Week1,Stratford,Week2,265.0 Holmes Run Acres - 137.0 Stratford
Hunt Valley,Week3,Truro,Week2,331.0 Hunt Valley - 70.0 Truro
Hunt Valley,Week3,Crosspointe,Week3,223.0 Hunt Valley - 179.0 Crosspointe
Holmes Run Acres,Week4,Springfield,Week5,364.0 Holmes Run Acres - 31.0 Springfield
Holmes Run Acres,Week3,Highlands Swim,Week5,270.0 Highlands Swim - 132.0 Holmes Run Acres
Hunt Valley,Week4,Truro,Week1,310.0 Hunt Valley - 92.0 Truro
Hunt Valley,Week1,Daventry,Week5,317.0 Hunt Valley - 80.0 Daventry
Holmes Run Acres,Week2,Springfield,Week3,342.0 Holmes Run Acres - 48.0 Springfield
Hunt Valley,Week4,Sully Station II,Week4,230.0 Hunt Valley - 172.0 Sully Station II
Holmes Run Acres,Week4,Highlands Swim,Week3,290.0 Highlands Swim - 112.0 Holmes Run Acres
Holmes Run Acres,Week1,Stratford,Week4,229.0 Holmes Run Acres - 173.0 Stratford
Hunt Valley,Week1,Daventry,Week2,353.0 Hunt Valley - 49.0 Daventry
Holmes Run Acres,Week4,Highlands Swim,Week1,291.5 Highlands Swim - 110.5 Holmes Run Acres
Hunt Valley,Week5,Crosspointe,Week5,217.0 Crosspointe - 185.0 Hunt Valley
Hunt Valley,Week1,Daventry,Week4,346.0 Hunt Valley - 56.0 Daventry
Holmes Run Acres,Week5,Springfield,Week4,359.0 Holmes Run Acres - 37.0 Springfield
Hunt Valley,Week1,Daventry,Week3,343.0 Hunt Valley - 59.0 Daventry
Holmes Run Acres,Week4,Highlands Swim,Week4,280.0 Highlands Swim - 122.0 Holmes Run Acres
Holmes Run Acres,Week4,Highlands Swim,Week2,301.0 Highlands Swim - 101.0 Holmes Run Acres
Holmes Run Acres,Week5,Springfield,Week5,376.0 Holmes Run Acres - 20.0 Springfield
Hunt Valley,Week4,Sully Station II,Week2,218.0 Hunt Valley - 184.0 Sully Station II
Hunt Valley,Week5,Truro,Week1,338.0 Hunt Valley - 64.0 Truro
Holmes Run Acres,Week1,Stratford,Week5,236.0 Holmes Run Acres - 165.0 Stratford
Hunt Valley,Week5,Daventry,Week3,364.0 Hunt Valley - 38.0 Daventry
Holmes Run Acres,Week5,Highlands Swim,Week1,254.0 Highlands Swim - 148.0 Holmes Run Acres
Holmes Run Acres,Week3,Springfield,Week3,367.0 Holmes Run Acres - 29.0 Springfield
Holmes Run Acres,Week1,Springfield,Week5,357.0 Holmes Run Acres - 36.0 Springfield
Hunt Valley,Week3,Daventry,Week4,357.0 Hunt Valley - 45.0 Daventry
Holmes Run Acres,Week3,Springfield,Week5,376.0 Holmes Run Acres - 22.0 Springfield
Hunt Valley,Week3,Sully Station II,Week2,231.0 Hunt Valley - 171.0 Sully Station II
Hunt Valley,Week4,Sully Station II,Week3,208.0 Sully Station II - 194.0 Hunt Valley
Holmes Run Acres,Week1,Hollin Hills,Week2,295.0 Holmes Run Acres - 105.0 Hollin Hills
Holmes Run Acres,Week1,Stratford,Week3,245.0 Holmes Run Acres - 157.0 Stratford
Holmes Run Acres,Week4,Highlands Swim,Week5,292.0 Highlands Swim - 110.0 Holmes Run Acres
Hunt Valley,Week1,Truro,Week2,311.0 Hunt Valley - 91.0 Truro
Holmes Run Acres,Week1,Hollin Hills,Week1,302.0 Holmes Run Acres - 99.0 Hollin Hills
Holmes Run Acres,Week4,Springfield,Week2,349.0 Holmes Run Acres - 46.0 Springfield
Hunt Valley,Week4,Daventry,Week5,334.0 Hunt Valley - 68.0 Daventry
Hunt Valley,Week3,Sully Station II,Week3,210.0 Hunt Valley - 192.0 Sully Station II
Holmes Run Acres,Week5,Highlands Swim,Week5,268.0 Highlands Swim - 134.0 Holmes Run Acres
Hunt Valley,Week4,Sully Station II,Week1,240.0 Hunt Valley - 162.0 Sully Station II
Holmes Run Acres,Week5,Highlands Swim,Week3,262.0 Highlands Swim - 140.0 Holmes Run Acres
Hunt Valley,Week1,Daventry,Week1,331.0 Hunt Valley - 71.0 Daventry
Hunt Valley,Week2,Daventry,Week4,349.0 Hunt Valley - 53.0 Daventry
Hunt Valley,Week2,Sully Station II,Week4,221.0 Hunt Valley - 181.0 Sully Station II
Hunt Valley,Week5,Sully Station II,Week4,263.0 Hunt Valley - 139.0 Sully Station II
Hunt Valley,Week1,Truro,Week1,305.0 Hunt Valley - 97.0 Truro
Hunt Valley,Week3,Daventry,Week3,358.0 Hunt Valley - 44.0 Daventry
Holmes Run Acres,Week2,Springfield,Week1,339.0 Holmes Run Acres - 52.0 Springfield
Holmes Run Acres,Week2,Springfield,Week2,339.0 Holmes Run Acres - 47.0 Springfield
Hunt Valley,Week5,Daventry,Week5,349.0 Hunt Valley - 53.0 Daventry
Holmes Run Acres,Week5,Highlands Swim,Week4,246.0 Highlands Swim - 156.0 Holmes Run Acres
Hunter Mill,Week2,Donaldson Run,Week5,268.0 Donaldson Run - 134.0 Hunter Mill
Hunter Mill,Week3,Donaldson Run,Week4,256.0 Donaldson Run - 146.0 Hunter Mill
Holmes Run Acres,Week2,Shouse Village,Week4,242.0 Shouse Village - 155.0 Holmes Run Acres
Hunt Valley,Week5,Sully Station II,Week5,206.0 Hunt Valley - 196.0 Sully Station II
Hunter Mill,Week1,Donaldson Run,Week3,240.0 Donaldson Run - 162.0 Hunter Mill
Holmes Run Acres,Week2,Springfield,Week4,333.0 Holmes Run Acres - 58.0 Springfield
Hunt Valley,Week3,Dominion Hills,Week1,294.0 Hunt Valley - 108.0 Dominion Hills
Holmes Run Acres,Week1,Hollin Hills,Week3,291.0 Holmes Run Acres - 111.0 Hollin Hills
Hunt Valley,Week3,Daventry,Week2,354.0 Hunt Valley - 48.0 Daventry
Hunt Valley,Week1,Truro,Week4,301.0 Hunt Valley - 101.0 Truro
Holmes Run Acres,Week1,Hollin Hills,Week5,294.0 Holmes Run Acres - 107.0 Hollin Hills
Hunt Valley,Week2,Truro,Week2,323.0 Hunt Valley - 79.0 Truro
Hunt Valley,Week2,Dominion Hills,Week2,264.0 Hunt Valley - 138.0 Dominion Hills
Hunter Mill,Week3,Donaldson Run,Week2,241.0 Donaldson Run - 161.0 Hunter Mill
Hunt Valley,Week4,Daventry,Week1,348.0 Hunt Valley - 54.0 Daventry
Hunt Valley,Week1,Dominion Hills,Week1,279.0 Hunt Valley - 123.0 Dominion Hills
Hunter Mill,Week5,Donaldson Run,Week2,226.0 Donaldson Run - 176.0 Hunter Mill
Hunter Mill,Week3,Donaldson Run,Week1,233.0 Donaldson Run - 169.0 Hunter Mill
Holmes Run Acres,Week2,Springfield,Week5,349.0 Holmes Run Acres - 43.0 Springfield
Holmes Run Acres,Week2,Hollin Hills,Week2,288.0 Holmes Run Acres - 114.0 Hollin Hills
Holmes Run Acres,Week5,Springfield,Week2,371.0 Holmes Run Acres - 23.0 Springfield
Hunt Valley,Week4,Sully Station II,Week5,213.5 Sully Station II - 188.5 Hunt Valley
Hunt Valley,Week1,Truro,Week5,294.0 Hunt Valley - 108.0 Truro
Holmes Run Acres,Week4,Rutherford,Week1,293.0 Holmes Run Acres - 109.0 Rutherford
Holmes Run Acres,Week1,Hollin Hills,Week4,292.0 Holmes Run Acres - 108.0 Hollin Hills
Holmes Run Acres,Week2,Hollin Hills,Week4,289.0 Holmes Run Acres - 113.0 Hollin Hills
Holmes Run Acres,Week2,Hollin Hills,Week1,282.0 Holmes Run Acres - 120.0 Hollin Hills
Holmes Run Acres,Week2,Hollin Hills,Week5,279.0 Holmes Run Acres - 123.0 Hollin Hills
Holmes Run Acres,Week3,Springfield,Week1,363.0 Holmes Run Acres - 35.0 Springfield
Hunt Valley,Week5,Daventry,Week4,375.0 Hunt Valley - 27.0 Daventry
Hunt Valley,Week3,Daventry,Week5,343.0 Hunt Valley - 59.0 Daventry
Holmes Run Acres,Week1,Stratford,Week1,250.0 Holmes Run Acres - 152.0 Stratford
Hunt Valley,Week4,Daventry,Week2,346.0 Hunt Valley - 56.0 Daventry
Hunt Valley,Week4,Dominion Hills,Week2,270.0 Hunt Valley - 132.0 Dominion Hills
Hunt Valley,Week2,Truro,Week5,292.0 Hunt Valley - 110.0 Truro
Holmes Run Acres,Week5,Highlands Swim,Week2,279.0 Highlands Swim - 123.0 Holmes Run Acres
Hunter Mill,Week3,Donaldson Run,Week3,236.0 Donaldson Run - 166.0 Hunter Mill
Holmes Run Acres,Week3,Springfield,Week4,356.0 Holmes Run Acres - 42.0 Springfield
Holmes Run Acres,Week2,Shouse Village,Week2,210.0 Holmes Run Acres - 192.0 Shouse Village
Hunt Valley,Week5,Sully Station II,Week2,233.0 Hunt Valley - 169.0 Sully Station II
Hunt Valley,Week5,Sully Station II,Week1,245.0 Hunt Valley - 157.0 Sully Station II
Hunt Valley,Week3,Truro,Week4,318.0 Hunt Valley - 84.0 Truro
Holmes Run Acres,Week5,Rutherford,Week2,308.0 Holmes Run Acres - 94.0 Rutherford
Holmes Run Acres,Week4,Springfield,Week1,353.0 Holmes Run Acres - 44.0 Springfield
Holmes Run Acres,Week1,Shouse Village,Week5,235.0 Shouse Village - 167.0 Holmes Run Acres
Hunter Mill,Week2,Donaldson Run,Week1,239.0 Donaldson Run - 163.0 Hunter Mill
Hunt Valley,Week4,Dominion Hills,Week5,248.0 Hunt Valley - 154.0 Dominion Hills
Holmes Run Acres,Week2,Hollin Hills,Week3,285.0 Holmes Run Acres - 117.0 Hollin Hills
Holmes Run Acres,Week2,Forest Hollow,Week3,223.0 Forest Hollow - 179.0 Holmes Run Acres
Hunt Valley,Week3,Truro,Week3,330.0 Hunt Valley - 72.0 Truro
Hunt Valley,Week3,Truro,Week1,319.0 Hunt Valley - 83.0 Truro
Hunt Valley,Week5,Dominion Hills,Week2,300.0 Hunt Valley - 102.0 Dominion Hills
Holmes Run Acres,Week4,Rutherford,Week3,266.0 Holmes Run Acres - 136.0 Rutherford
Hunt Valley,Week4,Daventry,Week3,345.0 Hunt Valley - 57.0 Daventry
Hunt Valley,Week2,Daventry,Week2,345.0 Hunt Valley - 57.0 Daventry
Hunt Valley,Week4,Dominion Hills,Week1,294.0 Hunt Valley - 108.0 Dominion Hills
Holmes Run Acres,Week5,Rutherford,Week1,324.0 Holmes Run Acres - 78.0 Rutherford
Hunt Valley,Week4,Truro,Week3,330.0 Hunt Valley - 72.0 Truro
Hunter Mill,Week1,Donaldson Run,Week5,274.0 Donaldson Run - 128.0 Hunter Mill
Holmes Run Acres,Week2,Shouse Village,Week5,242.0 Shouse Village - 160.0 Holmes Run Acres
Holmes Run Acres,Week3,Forest Hollow,Week4,207.0 Forest Hollow - 195.0 Holmes Run Acres
Hunter Mill,Week2,Donaldson Run,Week4,253.0 Donaldson Run - 149.0 Hunter Mill
Hunt Valley,Week3,Daventry,Week1,349.0 Hunt Valley - 53.0 Daventry
Hunt Valley,Week4,Truro,Week4,313.0 Hunt Valley - 89.0 Truro
Holmes Run Acres,Week5,Fairfax Station,Week5,250.0 Fairfax Station - 152.0 Holmes Run Acres
Hunter Mill,Week3,Donaldson Run,Week5,257.0 Donaldson Run - 145.0 Hunter Mill
Holmes Run Acres,Week2,Forest Hollow,Week1,222.0 Forest Hollow - 180.0 Holmes Run Acres
Hunter Mill,Week4,Donaldson Run,Week1,235.0 Donaldson Run - 167.0 Hunter Mill
Holmes Run Acres,Week3,Forest Hollow,Week1,214.0 Holmes Run Acres - 188.0 Forest Hollow
Hunt Valley,Week3,Truro,Week5,314.0 Hunt Valley - 88.0 Truro
Hunt Valley,Week4,Truro,Week2,328.0 Hunt Valley - 73.0 Truro
Hunt Valley,Week5,Daventry,Week1,362.0 Hunt Valley - 40.0 Daventry
Hunter Mill,Week5,Donaldson Run,Week1,215.0 Donaldson Run - 187.0 Hunter Mill
Holmes Run Acres,Week3,Shouse Village,Week1,235.0 Holmes Run Acres - 167.0 Shouse Village
Holmes Run Acres,Week3,Shouse Village,Week2,244.0 Holmes Run Acres - 158.0 Shouse Village
Holmes Run Acres,Week1,Forest Hollow,Week3,240.0 Forest Hollow - 162.0 Holmes Run Acres
Holmes Run Acres,Week2,Forest Hollow,Week5,242.0 Forest Hollow - 160.0 Holmes Run Acres
Holmes Run Acres,Week5,Fairfax Station,Week3,245.0 Fairfax Station - 157.0 Holmes Run Acres
Holmes Run Acres,Week4,Forest Hollow,Week2,214.0 Forest Hollow - 188.0 Holmes Run Acres
Hunt Valley,Week2,Daventry,Week3,349.0 Hunt Valley - 53.0 Daventry
Holmes Run Acres,Week3,Shouse Village,Week3,222.0 Holmes Run Acres - 180.0 Shouse Village
Hunt Valley,Week2,Daventry,Week5,331.0 Hunt Valley - 71.0 Daventry
Hunt Valley,Week5,Truro,Week4,327.0 Hunt Valley - 75.0 Truro
Holmes Run Acres,Week5,Rutherford,Week4,284.0 Holmes Run Acres - 118.0 Rutherford
Hunt Valley,Week1,Tuckahoe,Week3,307.0 Tuckahoe - 95.0 Hunt Valley
Holmes Run Acres,Week3,Forest Hollow,Week3,204.0 Holmes Run Acres - 198.0 Forest Hollow
Holmes Run Acres,Week5,Rutherford,Week5,276.0 Holmes Run Acres - 126.0 Rutherford
Hunt Valley,Week2,Dominion Hills,Week5,226.0 Hunt Valley - 176.0 Dominion Hills
Holmes Run Acres,Week5,Rutherford,Week3,293.0 Holmes Run Acres - 109.0 Rutherford
Hunt Valley,Week5,Truro,Week3,346.0 Hunt Valley - 56.0 Truro
Hunt Valley,Week5,Truro,Week2,340.0 Hunt Valley - 62.0 Truro
Hunt Valley,Week4,Truro,Week5,311.0 Hunt Valley - 91.0 Truro
Holmes Run Acres,Week1,Shouse Village,Week1,204.0 Holmes Run Acres - 198.0 Shouse Village
Holmes Run Acres,Week3,Forest Hollow,Week5,210.0 Forest Hollow - 192.0 Holmes Run Acres
Hunter Mill,Week4,Donaldson Run,Week4,247.0 Donaldson Run - 155.0 Hunter Mill
Hunter Mill,Week4,Donaldson Run,Week5,269.0 Donaldson Run - 133.0 Hunter Mill
Holmes Run Acres,Week1,Forest Hollow,Week2,213.0 Forest Hollow - 189.0 Holmes Run Acres
Hunt Valley,Week5,Truro,Week5,322.0 Hunt Valley - 80.0 Truro
Hunt Valley,Week1,Dominion Hills,Week2,264.0 Hunt Valley - 138.0 Dominion Hills
Hunt Valley,Week2,Daventry,Week1,339.0 Hunt Valley - 63.0 Daventry
Holmes Run Acres,Week1,Shouse Village,Week4,240.0 Shouse Village - 162.0 Holmes Run Acres
Holmes Run Acres,Week4,Rutherford,Week4,255.0 Holmes Run Acres - 147.0 Rutherford
Holmes Run Acres,Week2,Rolling Hills,Week1,236.0 Holmes Run Acres - 166.0 Rolling Hills
Holmes Run Acres,Week1,Forest Hollow,Week5,240.0 Forest Hollow - 162.0 Holmes Run Acres
Hunt Valley,Week1,Dominion Hills,Week4,239.0 Hunt Valley - 163.0 Dominion Hills
Holmes Run Acres,Week5,Forest Hollow,Week2,218.0 Holmes Run Acres - 184.0 Forest Hollow
Hunt Valley,Week3,Dominion Hills,Week5,243.0 Hunt Valley - 159.0 Dominion Hills
Hunt Valley,Week2,Dominion Hills,Week4,249.0 Hunt Valley - 153.0 Dominion Hills
Holmes Run Acres,Week1,Shouse Village,Week2,217.0 Holmes Run Acres - 185.0 Shouse Village
Holmes Run Acres,Week5,Forest Hollow,Week3,211.0 Holmes Run Acres - 191.0 Forest Hollow
Hunt Valley,Week4,Daventry,Week4,350.0 Hunt Valley - 52.0 Daventry
Hunter Mill,Week5,Donaldson Run,Week3,224.0 Donaldson Run - 178.0 Hunter Mill
Hunt Valley,Week3,Tuckahoe,Week2,258.0 Tuckahoe - 144.0 Hunt Valley
Hunt Valley,Week1,Tuckahoe,Week2,284.0 Tuckahoe - 118.0 Hunt Valley
Holmes Run Acres,Week2,Shouse Village,Week1,218.0 Shouse Village - 184.0 Holmes Run Acres
Hunt Valley,Week2,Tuckahoe,Week3,319.5 Tuckahoe - 82.5 Hunt Valley
Holmes Run Acres,Week4,Forest Hollow,Week1,211.5 Forest Hollow - 190.5 Holmes Run Acres
Holmes Run Acres,Week1,Forest Hollow,Week4,234.0 Forest Hollow - 168.0 Holmes Run Acres
Hunt Valley,Week1,Lakeview,Week1,341.0 Hunt Valley - 61.0 Lakeview
Hunt Valley,Week3,Dominion Hills,Week2,291.0 Hunt Valley - 111.0 Dominion Hills
Holmes Run Acres,Week4,Rutherford,Week5,242.0 Holmes Run Acres - 160.0 Rutherford
Hunt Valley,Week2,Dominion Hills,Week3,278.0 Hunt Valley - 124.0 Dominion Hills
Hunt Valley,Week2,Tuckahoe,Week5,307.0 Tuckahoe - 95.0 Hunt Valley
Hunter Mill,Week4,Donaldson Run,Week3,229.0 Donaldson Run - 173.0 Hunter Mill
Hunt Valley,Week2,Tuckahoe,Week4,309.0 Tuckahoe - 93.0 Hunt Valley
Holmes Run Acres,Week4,Rutherford,Week2,272.0 Holmes Run Acres - 130.0 Rutherford
Hunter Mill,Week2,Donaldson Run,Week3,248.5 Donaldson Run - 153.5 Hunter Mill
Hunt Valley,Week2,Dominion Hills,Week1,277.5 Hunt Valley - 124.5 Dominion Hills
Hunt Valley,Week2,Tuckahoe,Week2,289.5 Tuckahoe - 112.5 Hunt Valley
Hunt Valley,Week1,Tuckahoe,Week4,309.0 Tuckahoe - 93.0 Hunt Valley
Holmes Run Acres,Week3,Rolling Hills,Week3,277.0 Holmes Run Acres - 125.0 Rolling Hills
Holmes Run Acres,Week4,Forest Hollow,Week3,226.0 Forest Hollow - 176.0 Holmes Run Acres
Holmes Run Acres,Week1,Shouse Village,Week3,201.5 Shouse Village - 200.5 Holmes Run Acres
Holmes Run Acres,Week3,Forest Hollow,Week2,217.0 Holmes Run Acres - 185.0 Forest Hollow
Hunt Valley,Week2,Tuckahoe,Week1,273.0 Tuckahoe - 129.0 Hunt Valley
Holmes Run Acres,Week5,Forest Hollow,Week1,211.0 Holmes Run Acres - 191.0 Forest Hollow
Holmes Run Acres,Week3,Rolling Hills,Week2,276.0 Holmes Run Acres - 126.0 Rolling Hills
Hunter Mill,Week4,Donaldson Run,Week2,233.0 Donaldson Run - 169.0 Hunter Mill
Hunter Mill,Week1,Donaldson Run,Week4,260.0 Donaldson Run - 142.0 Hunter Mill
Hunt Valley,Week1,Lakeview,Week2,353.0 Hunt Valley - 49.0 Lakeview
Holmes Run Acres,Week4,Forest Hollow,Week5,231.0 Forest Hollow - 171.0 Holmes Run Acres
Holmes Run Acres,Week2,Rolling Hills,Week5,243.0 Holmes Run Acres - 159.0 Rolling Hills
Holmes Run Acres,Week2,Shouse Village,Week3,218.0 Shouse Village - 184.0 Holmes Run Acres
Holmes Run Acres,Week1,Rolling Hills,Week3,229.0 Holmes Run Acres - 173.0 Rolling Hills
Hunt Valley,Week1,Dominion Hills,Week3,274.0 Hunt Valley - 128.0 Dominion Hills
Holmes Run Acres,Week4,Forest Hollow,Week4,226.5 Forest Hollow - 175.5 Holmes Run Acres
Hunt Valley,Week1,Tuckahoe,Week1,284.0 Tuckahoe - 118.0 Hunt Valley
Hunt Valley,Week3,Tuckahoe,Week1,250.0 Tuckahoe - 152.0 Hunt Valley
Hunt Valley,Week3,Dominion Hills,Week3,299.0 Hunt Valley - 103.0 Dominion Hills
Hunt Valley,Week5,Daventry,Week2,367.5 Hunt Valley - 34.5 Daventry
Hunter Mill,Week2,Donaldson Run,Week2,255.0 Donaldson Run - 147.0 Hunter Mill
Hunt Valley,Week1,Dominion Hills,Week5,212.0 Hunt Valley - 190.0 Dominion Hills
Hunt Valley,Week3,Tuckahoe,Week4,297.0 Tuckahoe - 105.0 Hunt Valley
Holmes Run Acres,Week5,Fairfax Station,Week4,217.0 Fairfax Station - 185.0 Holmes Run Acres
Holmes Run Acres,Week1,Forest Hollow,Week1,225.0 Forest Hollow - 177.0 Holmes Run Acres
Holmes Run Acres,Week2,Forest Hollow,Week4,234.0 Forest Hollow - 168.0 Holmes Run Acres
Holmes Run Acres,Week3,Rolling Hills,Week5,287.0 Holmes Run Acres - 115.0 Rolling Hills
Hunt Valley,Week3,Dominion Hills,Week4,267.0 Hunt Valley - 135.0 Dominion Hills
Hunt Valley,Week3,Tuckahoe,Week3,299.0 Tuckahoe - 103.0 Hunt Valley
Hunt Valley,Week3,Lakeview,Week5,339.0 Hunt Valley - 54.0 Lakeview
Hunt Valley,Week1,Langley,Week3,206.0 Hunt Valley - 196.0 Langley
Holmes Run Acres,Week2,Rolling Hills,Week3,224.0 Holmes Run Acres - 178.0 Rolling Hills
Hunt Valley,Week1,Langley,Week1,210.0 Langley - 192.0 Hunt Valley
Hunt Valley,Week1,Tuckahoe,Week5,298.0 Tuckahoe - 104.0 Hunt Valley
Hunt Valley,Week5,Dominion Hills,Week1,311.0 Hunt Valley - 91.0 Dominion Hills
Holmes Run Acres,Week5,Rolling Hills,Week5,283.0 Holmes Run Acres - 119.0 Rolling Hills
Hunt Valley,Week3,Tuckahoe,Week5,289.5 Tuckahoe - 112.5 Hunt Valley
Hunt Valley,Week5,Lakeview,Week4,353.0 Hunt Valley - 49.0 Lakeview
Hunt Valley,Week4,Dominion Hills,Week3,288.0 Hunt Valley - 114.0 Dominion Hills
Hunt Valley,Week4,Dominion Hills,Week4,251.0 Hunt Valley - 151.0 Dominion Hills
Holmes Run Acres,Week2,Forest Hollow,Week2,217.0 Forest Hollow - 185.0 Holmes Run Acres
Holmes Run Acres,Week3,Rolling Hills,Week4,282.0 Holmes Run Acres - 119.0 Rolling Hills
Hunt Valley,Week1,Lakeview,Week3,331.0 Hunt Valley - 71.0 Lakeview
Holmes Run Acres,Week3,Rolling Hills,Week1,267.0 Holmes Run Acres - 135.0 Rolling Hills
Hunter Mill,Week5,Donaldson Run,Week4,228.0 Donaldson Run - 174.0 Hunter Mill
Hunt Valley,Week4,Lakeview,Week4,339.0 Hunt Valley - 63.0 Lakeview
Hunt Valley,Week5,Lakevale Estates,Week5,203.0 Hunt Valley - 199.0 Lakevale Estates
Hunt Valley,Week4,Tuckahoe,Week5,312.0 Tuckahoe - 90.0 Hunt Valley
Hunt Valley,Week5,Dominion Hills,Week3,307.0 Hunt Valley - 95.0 Dominion Hills
Hunt Valley,Week1,Donaldson Run,Week4,225.0 Donaldson Run - 177.0 Hunt Valley
Hunt Valley,Week1,Donaldson Run,Week1,225.0 Donaldson Run - 177.0 Hunt Valley
Hunt Valley,Week3,Lakeview,Week4,339.0 Hunt Valley - 63.0 Lakeview
Hunt Valley,Week4,Tuckahoe,Week1,277.0 Tuckahoe - 125.0 Hunt Valley
Hunt Valley,Week4,Tuckahoe,Week2,287.0 Tuckahoe - 115.0 Hunt Valley
Hunt Valley,Week2,Lakeview,Week5,337.0 Hunt Valley - 56.0 Lakeview
Hunt Valley,Week5,Tuckahoe,Week1,257.0 Tuckahoe - 145.0 Hunt Valley
Hunt Valley,Week2,Lakeview,Week1,355.0 Hunt Valley - 47.0 Lakeview
Holmes Run Acres,Week3,Rolling Valley,Week4,308.0 Holmes Run Acres - 94.0 Rolling Valley
Hunt Valley,Week2,Donaldson Run,Week1,233.0 Donaldson Run - 169.0 Hunt Valley
Holmes Run Acres,Week5,Rolling Hills,Week1,281.0 Holmes Run Acres - 121.0 Rolling Hills
Hunt Valley,Week4,Lakeview,Week1,354.0 Hunt Valley - 48.0 Lakeview
Hunt Valley,Week2,Donaldson Run,Week3,244.0 Donaldson Run - 158.0 Hunt Valley
Holmes Run Acres,Week4,Rolling Valley,Week2,295.0 Holmes Run Acres - 107.0 Rolling Valley
Holmes Run Acres,Week5,Rolling Hills,Week4,276.0 Holmes Run Acres - 126.0 Rolling Hills
Hunt Valley,Week5,Dominion Hills,Week4,284.0 Hunt Valley - 118.0 Dominion Hills
Hunt Valley,Week1,Vienna Aquatic,Week1,233.0 Vienna Aquatic - 169.0 Hunt Valley
Hunt Valley,Week4,Tuckahoe,Week4,310.0 Tuckahoe - 92.0 Hunt Valley
Hunt Valley,Week1,Donaldson Run,Week5,245.5 Donaldson Run - 156.5 Hunt Valley
Hunt Valley,Week4,Tuckahoe,Week3,319.0 Tuckahoe - 83.0 Hunt Valley
Holmes Run Acres,Week2,Rolling Valley,Week1,311.0 Holmes Run Acres - 90.0 Rolling Valley
Hunt Valley,Week3,Vienna Aquatic,Week2,203.0 Hunt Valley - 199.0 Vienna Aquatic
Hunt Valley,Week4,Lakeview,Week3,341.0 Hunt Valley - 61.0 Lakeview
Hunt Valley,Week1,Donaldson Run,Week3,238.0 Donaldson Run - 164.0 Hunt Valley
Hunt Valley,Week2,Donaldson Run,Week5,258.0 Donaldson Run - 144.0 Hunt Valley
Hunt Valley,Week3,Donaldson Run,Week2,213.0 Donaldson Run - 189.0 Hunt Valley
Holmes Run Acres,Week2,Rolling Hills,Week4,233.0 Holmes Run Acres - 169.0 Rolling Hills
Hunt Valley,Week5,Lakevale Estates,Week4,202.0 Hunt Valley - 200.0 Lakevale Estates
Holmes Run Acres,Week5,Fairfax Club Estates,Week1,282.0 Holmes Run Acres - 120.0 Fairfax Club Estates
Hunt Valley,Week1,Donaldson Run,Week2,231.5 Donaldson Run - 170.5 Hunt Valley
Hunt Valley,Week2,Donaldson Run,Week4,241.0 Donaldson Run - 161.0 Hunt Valley
Hunt Valley,Week4,Lakeview,Week2,364.0 Hunt Valley - 38.0 Lakeview
Hunt Valley,Week4,Lakeview,Week5,341.0 Hunt Valley - 52.0 Lakeview
Holmes Run Acres,Week2,Rolling Valley,Week3,281.5 Holmes Run Acres - 120.5 Rolling Valley
Hunt Valley,Week3,Vienna Aquatic,Week1,210.0 Vienna Aquatic - 192.0 Hunt Valley
Hunt Valley,Week4,Vienna Aquatic,Week1,222.0 Vienna Aquatic - 180.0 Hunt Valley
Hunt Valley,Week5,Vienna Aquatic,Week3,217.0 Vienna Aquatic - 185.0 Hunt Valley
Holmes Run Acres,Week3,Rolling Valley,Week5,304.0 Holmes Run Acres - 98.0 Rolling Valley
Hunt Valley,Week4,Donaldson Run,Week1,214.0 Donaldson Run - 188.0 Hunt Valley
Holmes Run Acres,Week1,Rolling Hills,Week5,242.0 Holmes Run Acres - 160.0 Rolling Hills
Holmes Run Acres,Week1,Rolling Valley,Week1,318.0 Holmes Run Acres - 83.0 Rolling Valley
Hunt Valley,Week2,Lakeview,Week2,360.0 Hunt Valley - 42.0 Lakeview
Holmes Run Acres,Week3,Rolling Valley,Week1,346.0 Holmes Run Acres - 55.0 Rolling Valley
Hunter Mill,Week5,Donaldson Run,Week5,248.0 Donaldson Run - 154.0 Hunter Mill
Hunt Valley,Week5,Dominion Hills,Week5,262.0 Hunt Valley - 140.0 Dominion Hills
Holmes Run Acres,Week4,Rolling Hills,Week1,241.0 Holmes Run Acres - 160.0 Rolling Hills
Holmes Run Acres,Week2,Rolling Valley,Week5,275.0 Holmes Run Acres - 127.0 Rolling Valley
Hunt Valley,Week3,Donaldson Run,Week3,209.0 Donaldson Run - 193.0 Hunt Valley
Hunt Valley,Week2,Lakeview,Week3,340.0 Hunt Valley - 62.0 Lakeview
Holmes Run Acres,Week1,Rolling Hills,Week2,230.0 Holmes Run Acres - 171.0 Rolling Hills
Hunt Valley,Week1,Vienna Aquatic,Week3,238.0 Vienna Aquatic - 164.0 Hunt Valley
Hunt Valley,Week3,Donaldson Run,Week5,232.0 Donaldson Run - 170.0 Hunt Valley
Hunt Valley,Week2,Lakeview,Week4,341.0 Hunt Valley - 61.0 Lakeview
Holmes Run Acres,Week4,Rolling Hills,Week3,231.0 Holmes Run Acres - 171.0 Rolling Hills
Hunt Valley,Week2,Vienna Aquatic,Week5,263.0 Vienna Aquatic - 139.0 Hunt Valley
Hunt Valley,Week2,Vienna Woods,Week4,216.0 Vienna Woods - 186.0 Hunt Valley
Hunt Valley,Week1,Lakeview,Week4,325.0 Hunt Valley - 77.0 Lakeview
Hunt Valley,Week3,Donaldson Run,Week4,206.0 Donaldson Run - 196.0 Hunt Valley
Hunt Valley,Week5,Lakevale Estates,Week3,218.0 Hunt Valley - 184.0 Lakevale Estates
Holmes Run Acres,Week2,Rolling Hills,Week2,227.0 Holmes Run Acres - 175.0 Rolling Hills
Hunt Valley,Week1,Vienna Aquatic,Week5,261.0 Vienna Aquatic - 141.0 Hunt Valley
Hunt Valley,Week4,Vienna Aquatic,Week2,218.0 Vienna Aquatic - 184.0 Hunt Valley
Hunt Valley,Week3,Vienna Woods,Week1,220.0 Vienna Woods - 182.0 Hunt Valley
Hunt Valley,Week5,Lakeview,Week1,372.0 Hunt Valley - 30.0 Lakeview
Hunt Valley,Week2,Vienna Aquatic,Week1,239.0 Vienna Aquatic - 163.0 Hunt Valley
Hunt Valley,Week2,Donaldson Run,Week2,233.0 Donaldson Run - 169.0 Hunt Valley
Hunt Valley,Week3,Lakeview,Week3,344.0 Hunt Valley - 58.0 Lakeview
Hunt Valley,Week5,Vienna Aquatic,Week1,211.0 Hunt Valley - 191.0 Vienna Aquatic
Holmes Run Acres,Week4,Rolling Hills,Week4,245.5 Holmes Run Acres - 155.5 Rolling Hills
Hunt Valley,Week1,Vienna Woods,Week1,243.0 Vienna Woods - 154.0 Hunt Valley
Hunt Valley,Week3,Lakeview,Week1,353.0 Hunt Valley - 49.0 Lakeview
Holmes Run Acres,Week1,Rolling Hills,Week4,245.0 Holmes Run Acres - 156.0 Rolling Hills
Hunt Valley,Week3,Donaldson Run,Week1,207.0 Hunt Valley - 195.0 Donaldson Run
Holmes Run Acres,Week4,Rolling Hills,Week2,236.0 Holmes Run Acres - 165.0 Rolling Hills
Hunt Valley,Week2,Dowden Terrace,Week4,253.0 Hunt Valley - 149.0 Dowden Terrace
Hunt Valley,Week4,Donaldson Run,Week3,218.0 Donaldson Run - 184.0 Hunt Valley
Hunt Valley,Week4,Donaldson Run,Week2,216.0 Donaldson Run - 186.0 Hunt Valley
Hunt Valley,Week5,Lakeview,Week3,349.0 Hunt Valley - 53.0 Lakeview
Hunt Valley,Week5,Tuckahoe,Week2,270.0 Tuckahoe - 132.0 Hunt Valley
Hunt Valley,Week4,Donaldson Run,Week4,223.0 Donaldson Run - 179.0 Hunt Valley
Holmes Run Acres,Week4,Rolling Hills,Week5,243.0 Holmes Run Acres - 159.0 Rolling Hills
Hunt Valley,Week3,Lakeview,Week2,367.0 Hunt Valley - 35.0 Lakeview
Hunt Valley,Week5,Tuckahoe,Week3,301.0 Tuckahoe - 101.0 Hunt Valley
Hunt Valley,Week4,Vienna Aquatic,Week4,219.5 Vienna Aquatic - 182.5 Hunt Valley
Holmes Run Acres,Week5,Rolling Hills,Week2,277.0 Holmes Run Acres - 125.0 Rolling Hills
Hunt Valley,Week5,Lakeview,Week5,345.0 Hunt Valley - 48.0 Lakeview
Holmes Run Acres,Week1,Rolling Valley,Week2,291.0 Holmes Run Acres - 111.0 Rolling Valley
Holmes Run Acres,Week5,Rolling Hills,Week3,280.0 Holmes Run Acres - 122.0 Rolling Hills
Hunt Valley,Week1,Lakeview,Week5,325.0 Hunt Valley - 68.0 Lakeview
Hunt Valley,Week3,Vienna Aquatic,Week5,244.0 Vienna Aquatic - 158.0 Hunt Valley
Hunt Valley,Week5,Lakeview,Week2,372.0 Hunt Valley - 30.0 Lakeview
Hunt Valley,Week5,Donaldson Run,Week3,209.0 Donaldson Run - 193.0 Hunt Valley
Hunt Valley,Week1,Dunn Loring,Week1,220.0 Hunt Valley - 182.0 Dunn Loring
Hunt Valley,Week4,Langley,Week2,209.0 Hunt Valley - 193.0 Langley
Hunt Valley,Week2,Langley,Week3,203.0 Hunt Valley - 199.0 Langley
Hunt Valley,Week4,Langley,Week3,211.0 Hunt Valley - 191.0 Langley
Hunt Valley,Week5,Vienna Aquatic,Week2,203.0 Hunt Valley - 199.0 Vienna Aquatic
Holmes Run Acres,Week1,Rolling Valley,Week3,281.0 Holmes Run Acres - 121.0 Rolling Valley
Hunt Valley,Week2,Laurel Hill,Week1,311.0 Hunt Valley - 91.0 Laurel Hill
Holmes Run Acres,Week1,Rolling Valley,Week5,274.0 Holmes Run Acres - 128.0 Rolling Valley
Hunt Valley,Week4,Dowden Terrace,Week2,261.0 Hunt Valley - 141.0 Dowden Terrace
Hunt Valley,Week5,Tuckahoe,Week5,289.0 Tuckahoe - 113.0 Hunt Valley
Hunt Valley,Week2,Dowden Terrace,Week3,265.0 Hunt Valley - 137.0 Dowden Terrace
Hunt Valley,Week2,Vienna Aquatic,Week2,219.0 Vienna Aquatic - 183.0 Hunt Valley
Hunt Valley,Week5,Dowden Terrace,Week1,295.0 Hunt Valley - 107.0 Dowden Terrace
Hunt Valley,Week4,Dowden Terrace,Week1,264.0 Hunt Valley - 138.0 Dowden Terrace
Hunt Valley,Week2,Dowden Terrace,Week5,232.0 Hunt Valley - 170.0 Dowden Terrace
Holmes Run Acres,Week1,Rolling Valley,Week4,276.0 Holmes Run Acres - 126.0 Rolling Valley
Hunt Valley,Week4,Vienna Aquatic,Week3,229.0 Vienna Aquatic - 173.0 Hunt Valley
Hunt Valley,Week3,Dowden Terrace,Week5,252.0 Hunt Valley - 150.0 Dowden Terrace
Holmes Run Acres,Week2,Rolling Valley,Week2,281.0 Holmes Run Acres - 121.0 Rolling Valley
Holmes Run Acres,Week2,Rolling Valley,Week4,274.0 Holmes Run Acres - 128.0 Rolling Valley
Hunt Valley,Week1,Langley,Week2,203.0 Hunt Valley - 199.0 Langley
Hunt Valley,Week3,Vienna Aquatic,Week3,219.0 Vienna Aquatic - 183.0 Hunt Valley
Hunt Valley,Week2,Vienna Aquatic,Week3,253.0 Vienna Aquatic - 149.0 Hunt Valley
Hunt Valley,Week2,Langley,Week2,204.0 Langley - 198.0 Hunt Valley
Hunt Valley,Week4,Langley,Week1,204.0 Hunt Valley - 198.0 Langley
Hunt Valley,Week1,Vienna Aquatic,Week4,220.0 Vienna Aquatic - 182.0 Hunt Valley
Holmes Run Acres,Week3,Rolling Valley,Week2,318.0 Holmes Run Acres - 84.0 Rolling Valley
Hunt Valley,Week5,Tuckahoe,Week4,292.0 Tuckahoe - 110.0 Hunt Valley
Holmes Run Acres,Week3,Rolling Valley,Week3,317.0 Holmes Run Acres - 85.0 Rolling Valley
Holmes Run Acres,Week3,Rutherford,Week2,309.0 Holmes Run Acres - 93.0 Rutherford
Hunt Valley,Week1,Dowden Terrace,Week4,249.0 Hunt Valley - 153.0 Dowden Terrace
Hunt Valley,Week5,Donaldson Run,Week2,203.0 Donaldson Run - 199.0 Hunt Valley
Hunt Valley,Week4,Langley,Week5,210.0 Hunt Valley - 192.0 Langley
Hunt Valley,Week5,Donaldson Run,Week4,205.0 Donaldson Run - 197.0 Hunt Valley
Hunt Valley,Week1,Langley,Week5,201.0 Langley - 196.0 Hunt Valley
Hunt Valley,Week5,Langley,Week4,221.0 Hunt Valley - 181.0 Langley
Hunt Valley,Week5,Donaldson Run,Week5,226.0 Donaldson Run - 176.0 Hunt Valley
Holmes Run Acres,Week2,Rutherford,Week3,239.0 Holmes Run Acres - 163.0 Rutherford
Hunt Valley,Week3,Vienna Aquatic,Week4,205.0 Hunt Valley - 197.0 Vienna Aquatic
Hunt Valley,Week1,Langley,Week4,202.0 Hunt Valley - 200.0 Langley
Hunt Valley,Week2,Vienna Woods,Week2,244.0 Vienna Woods - 158.0 Hunt Valley
Holmes Run Acres,Week1,Rutherford,Week1,296.0 Holmes Run Acres - 106.0 Rutherford
Hunt Valley,Week2,Dowden Terrace,Week2,258.0 Hunt Valley - 144.0 Dowden Terrace
Hunt Valley,Week1,Vienna Aquatic,Week2,221.0 Vienna Aquatic - 181.0 Hunt Valley
Hunt Valley,Week5,Langley,Week5,223.0 Hunt Valley - 179.0 Langley
Hunt Valley,Week2,Vienna Aquatic,Week4,231.0 Vienna Aquatic - 171.0 Hunt Valley
Holmes Run Acres,Week5,Rolling Valley,Week5,309.0 Holmes Run Acres - 93.0 Rolling Valley
Holmes Run Acres,Week5,Rolling Valley,Week1,340.0 Holmes Run Acres - 62.0 Rolling Valley
Hunt Valley,Week5,Langley,Week1,215.0 Hunt Valley - 187.0 Langley
Hunt Valley,Week2,Langley,Week5,206.0 Langley - 196.0 Hunt Valley
Hunt Valley,Week4,Donaldson Run,Week5,245.0 Donaldson Run - 157.0 Hunt Valley
Hunt Valley,Week4,Dowden Terrace,Week4,248.0 Hunt Valley - 154.0 Dowden Terrace
Hunt Valley,Week2,Vienna Woods,Week1,250.5 Vienna Woods - 151.5 Hunt Valley
Hunt Valley,Week5,Vienna Aquatic,Week5,240.5 Vienna Aquatic - 161.5 Hunt Valley
Hunt Valley,Week4,Dowden Terrace,Week5,249.0 Hunt Valley - 153.0 Dowden Terrace
Hunt Valley,Week2,Langley,Week1,206.0 Langley - 196.0 Hunt Valley
Hunt Valley,Week5,Dowden Terrace,Week3,293.0 Hunt Valley - 109.0 Dowden Terrace
Holmes Run Acres,Week2,Rutherford,Week4,243.0 Holmes Run Acres - 159.0 Rutherford
Hunt Valley,Week5,Vienna Aquatic,Week4,207.0 Hunt Valley - 195.0 Vienna Aquatic
Holmes Run Acres,Week3,Rutherford,Week1,312.0 Holmes Run Acres - 90.0 Rutherford
Hunt Valley,Week1,Vienna Woods,Week5,269.0 Vienna Woods - 133.0 Hunt Valley
Holmes Run Acres,Week4,Rolling Valley,Week1,323.0 Holmes Run Acres - 78.0 Rolling Valley
Hunt Valley,Week3,Langley,Week4,208.0 Hunt Valley - 194.0 Langley
Hunt Valley,Week1,Dowden Terrace,Week3,270.0 Hunt Valley - 132.0 Dowden Terrace
Hunt Valley,Week1,Vienna Woods,Week2,242.0 Vienna Woods - 160.0 Hunt Valley
Holmes Run Acres,Week5,Rolling Valley,Week2,315.0 Holmes Run Acres - 82.0 Rolling Valley
Hunt Valley,Week5,Dowden Terrace,Week2,273.0 Hunt Valley - 129.0 Dowden Terrace
Hunt Valley,Week2,Vienna Woods,Week3,258.0 Vienna Woods - 144.0 Hunt Valley
Hunt Valley,Week2,Langley,Week4,210.0 Langley - 192.0 Hunt Valley
Hunt Valley,Week3,Dowden Terrace,Week3,283.0 Hunt Valley - 119.0 Dowden Terrace
Hunt Valley,Week3,Dowden Terrace,Week2,284.0 Hunt Valley - 118.0 Dowden Terrace
Holmes Run Acres,Week2,Rutherford,Week5,234.0 Holmes Run Acres - 168.0 Rutherford
Hunt Valley,Week1,Vienna Woods,Week3,260.0 Vienna Woods - 142.0 Hunt Valley
Hunt Valley,Week4,Vienna Aquatic,Week5,258.0 Vienna Aquatic - 144.0 Hunt Valley
Holmes Run Acres,Week2,Rutherford,Week2,263.0 Holmes Run Acres - 139.0 Rutherford
Hunt Valley,Week5,Langley,Week3,224.5 Hunt Valley - 177.5 Langley
Hunt Valley,Week3,Langley,Week5,215.0 Hunt Valley - 187.0 Langley
Holmes Run Acres,Week1,Rutherford,Week4,246.0 Holmes Run Acres - 156.0 Rutherford
Hunt Valley,Week1,Laurel Hill,Week1,302.0 Hunt Valley - 100.0 Laurel Hill
Holmes Run Acres,Week3,Rutherford,Week3,288.0 Holmes Run Acres - 114.0 Rutherford
Hunt Valley,Week1,Vienna Woods,Week4,228.0 Vienna Woods - 174.0 Hunt Valley
Hunt Valley,Week5,Donaldson Run,Week1,207.5 Donaldson Run - 194.5 Hunt Valley
Hunt Valley,Week2,Vienna Woods,Week5,286.0 Vienna Woods - 116.0 Hunt Valley
Hunt Valley,Week5,Vienna Woods,Week4,202.0 Vienna Woods - 200.0 Hunt Valley
Hunt Valley,Week5,Vienna Woods,Week5,254.0 Vienna Woods - 148.0 Hunt Valley
Holmes Run Acres,Week4,Rolling Valley,Week5,291.0 Holmes Run Acres - 111.0 Rolling Valley
Hunt Valley,Week1,Dowden Terrace,Week1,267.0 Hunt Valley - 135.0 Dowden Terrace
Hunt Valley,Week3,Vienna Woods,Week5,263.0 Vienna Woods - 139.0 Hunt Valley
Hunt Valley,Week3,Dowden Terrace,Week1,279.0 Hunt Valley - 123.0 Dowden Terrace
Holmes Run Acres,Week5,Rolling Valley,Week3,322.0 Holmes Run Acres - 80.0 Rolling Valley
Hunt Valley,Week2,Dowden Terrace,Week1,262.0 Hunt Valley - 140.0 Dowden Terrace
Holmes Run Acres,Week5,Rolling Valley,Week4,312.0 Holmes Run Acres - 90.0 Rolling Valley
Hunt Valley,Week1,Dowden Terrace,Week5,243.0 Hunt Valley - 159.0 Dowden Terrace
Hunt Valley,Week3,Langley,Week3,225.5 Hunt Valley - 176.5 Langley
Hunt Valley,Week1,Laurel Hill,Week3,289.0 Hunt Valley - 113.0 Laurel Hill
Holmes Run Acres,Week4,Rolling Valley,Week3,308.0 Holmes Run Acres - 94.0 Rolling Valley
Hunt Valley,Week5,Langley,Week2,224.0 Hunt Valley - 178.0 Langley
Holmes Run Acres,Week2,Rutherford,Week1,279.0 Holmes Run Acres - 123.0 Rutherford
Hunt Valley,Week1,Laurel Hill,Week2,328.0 Hunt Valley - 74.0 Laurel Hill
Hunt Valley,Week3,Langley,Week1,218.0 Hunt Valley - 184.0 Langley
Hunt Valley,Week3,Dowden Terrace,Week4,267.0 Hunt Valley - 135.0 Dowden Terrace
Hunt Valley,Week5,Dowden Terrace,Week4,267.0 Hunt Valley - 135.0 Dowden Terrace
Hunt Valley,Week3,Vienna Woods,Week4,202.0 Hunt Valley - 200.0 Vienna Woods
Holmes Run Acres,Week1,Rutherford,Week3,256.0 Holmes Run Acres - 146.0 Rutherford
Hunt Valley,Week1,Dowden Terrace,Week2,260.0 Hunt Valley - 142.0 Dowden Terrace
Hunt Valley,Week4,Langley,Week4,205.0 Hunt Valley - 197.0 Langley
Holmes Run Acres,Week1,Rutherford,Week2,273.0 Holmes Run Acres - 129.0 Rutherford
Hunt Valley,Week3,Vienna Woods,Week2,226.0 Vienna Woods - 176.0 Hunt Valley
Hunt Valley,Week4,Vienna Woods,Week4,207.0 Vienna Woods - 195.0 Hunt Valley
Hunt Valley,Week1,Villa Aquatic,Week4,275.0 Hunt Valley - 127.0 Villa Aquatic
Hunt Valley,Week1,Villa Aquatic,Week1,288.0 Hunt Valley - 114.0 Villa Aquatic
Holmes Run Acres,Week4,Rolling Valley,Week4,295.0 Holmes Run Acres - 107.0 Rolling Valley
Hunt Valley,Week4,Dowden Terrace,Week3,269.0 Hunt Valley - 133.0 Dowden Terrace
Hunt Valley,Week1,Villa Aquatic,Week2,279.0 Hunt Valley - 123.0 Villa Aquatic
Hunt Valley,Week1,Laurel Hill,Week4,307.0 Hunt Valley - 95.0 Laurel Hill
Holmes Run Acres,Week3,Rutherford,Week5,270.0 Holmes Run Acres - 132.0 Rutherford
Holmes Run Acres,Week3,Rutherford,Week4,282.0 Holmes Run Acres - 120.0 Rutherford
Hunt Valley,Week2,Dunn Loring,Week5,210.0 Dunn Loring - 192.0 Hunt Valley
Holmes Run Acres,Week1,Pleasant Valley,Week1,285.5 Holmes Run Acres - 115.5 Pleasant Valley
Hunt Valley,Week2,Laurel Hill,Week3,304.0 Hunt Valley - 98.0 Laurel Hill
Hunt Valley,Week1,Laurel Hill,Week5,292.0 Hunt Valley - 110.0 Laurel Hill
Hunt Valley,Week1,Villa Aquatic,Week5,246.0 Hunt Valley - 156.0 Villa Aquatic
Hunt Valley,Week5,Dowden Terrace,Week5,255.5 Hunt Valley - 146.5 Dowden Terrace
Hunt Valley,Week4,Vienna Woods,Week3,243.0 Vienna Woods - 159.0 Hunt Valley
Holmes Run Acres,Week1,Rutherford,Week5,230.0 Holmes Run Acres - 172.0 Rutherford
Hunt Valley,Week2,Laurel Hill,Week2,327.5 Hunt Valley - 74.5 Laurel Hill
Hunt Valley,Week1,Dunn Loring,Week3,224.0 Dunn Loring - 178.0 Hunt Valley
Hunt Valley,Week2,Laurel Hill,Week4,322.0 Hunt Valley - 80.0 Laurel Hill
Hunt Valley,Week3,Langley,Week2,215.5 Hunt Valley - 186.5 Langley
Holmes Run Acres,Week1,Pleasant Valley,Week3,271.0 Holmes Run Acres - 131.0 Pleasant Valley
Holmes Run Acres,Week3,Pleasant Valley,Week2,312.0 Holmes Run Acres - 89.0 Pleasant Valley
Hunt Valley,Week5,Laurel Hill,Week4,337.0 Hunt Valley - 65.0 Laurel Hill
Hunt Valley,Week1,Dunn Loring,Week4,202.0 Hunt Valley - 200.0 Dunn Loring
Hunt Valley,Week1,Dunn Loring,Week5,205.0 Dunn Loring - 197.0 Hunt Valley
Hunt Valley,Week2,Villa Aquatic,Week1,302.0 Hunt Valley - 100.0 Villa Aquatic
Hunt Valley,Week5,Vienna Woods,Week3,237.5 Vienna Woods - 164.5 Hunt Valley
Hunt Valley,Week3,Laurel Hill,Week1,323.0 Hunt Valley - 79.0 Laurel Hill
Hunt Valley,Week2,Villa Aquatic,Week2,291.0 Hunt Valley - 111.0 Villa Aquatic
Hunt Valley,Week2,Villa Aquatic,Week4,275.0 Hunt Valley - 127.0 Villa Aquatic
Holmes Run Acres,Week1,Poplar Heights,Week5,266.0 Poplar Heights - 136.0 Holmes Run Acres
Hunt Valley,Week3,Laurel Hill,Week2,335.0 Hunt Valley - 67.0 Laurel Hill
Holmes Run Acres,Week2,Pleasant Valley,Week1,293.0 Holmes Run Acres - 109.0 Pleasant Valley
Hunt Valley,Week3,Dunn Loring,Week5,211.0 Hunt Valley - 191.0 Dunn Loring
Hunt Valley,Week4,Orange Hunt,Week3,259.0 Hunt Valley - 143.0 Orange Hunt
Holmes Run Acres,Week2,Pleasant Valley,Week5,279.0 Holmes Run Acres - 118.0 Pleasant Valley
Hunt Valley,Week5,Vienna Woods,Week2,212.0 Vienna Woods - 190.0 Hunt Valley
Hunt Valley,Week4,Vienna Woods,Week2,217.0 Vienna Woods - 185.0 Hunt Valley
Holmes Run Acres,Week2,Poplar Heights,Week2,242.0 Poplar Heights - 160.0 Holmes Run Acres
Hunt Valley,Week3,Lee Graham,Week5,214.5 Lee Graham - 187.5 Hunt Valley
Holmes Run Acres,Week3,Pleasant Valley,Week1,319.0 Holmes Run Acres - 82.0 Pleasant Valley
Hunt Valley,Week5,Dunn Loring,Week1,240.0 Hunt Valley - 162.0 Dunn Loring
Holmes Run Acres,Week4,Pleasant Valley,Week1,307.0 Holmes Run Acres - 94.0 Pleasant Valley
Hunt Valley,Week2,Lee Graham,Week5,242.0 Lee Graham - 160.0 Hunt Valley
Hunt Valley,Week4,Vienna Woods,Week1,232.0 Vienna Woods - 170.0 Hunt Valley
Hunt Valley,Week5,Vienna Woods,Week1,216.0 Vienna Woods - 186.0 Hunt Valley
Hunt Valley,Week3,Dunn Loring,Week1,242.0 Hunt Valley - 160.0 Dunn Loring
Holmes Run Acres,Week5,Pleasant Valley,Week3,308.0 Holmes Run Acres - 94.0 Pleasant Valley
Hunt Valley,Week3,Vienna Woods,Week3,234.0 Vienna Woods - 168.0 Hunt Valley
Hunt Valley,Week4,Dunn Loring,Week1,225.0 Hunt Valley - 177.0 Dunn Loring
Hunt Valley,Week3,Dunn Loring,Week2,208.0 Hunt Valley - 194.0 Dunn Loring
Hunt Valley,Week3,Laurel Hill,Week5,307.0 Hunt Valley - 95.0 Laurel Hill
Hunt Valley,Week3,Lee Graham,Week2,209.0 Hunt Valley - 193.0 Lee Graham
Holmes Run Acres,Week2,Poplar Heights,Week4,244.0 Poplar Heights - 158.0 Holmes Run Acres
Hunt Valley,Week4,Dunn Loring,Week4,202.0 Hunt Valley - 200.0 Dunn Loring
Hunt Valley,Week2,Laurel Hill,Week5,286.0 Hunt Valley - 116.0 Laurel Hill
Hunt Valley,Week5,Lee Graham,Week1,211.5 Lee Graham - 190.5 Hunt Valley
Hunt Valley,Week3,Laurel Hill,Week4,328.0 Hunt Valley - 74.0 Laurel Hill
Hunt Valley,Week2,Villa Aquatic,Week3,253.0 Hunt Valley - 149.0 Villa Aquatic
Hunt Valley,Week4,Dunn Loring,Week5,207.5 Dunn Loring - 194.5 Hunt Valley
Hunt Valley,Week4,Dunn Loring,Week2,208.0 Dunn Loring - 194.0 Hunt Valley
Hunt Valley,Week4,Vienna Woods,Week5,262.0 Vienna Woods - 140.0 Hunt Valley
Hunt Valley,Week4,Dunn Loring,Week3,210.0 Dunn Loring - 192.0 Hunt Valley
Hunt Valley,Week4,Laurel Hill,Week2,329.0 Hunt Valley - 73.0 Laurel Hill
Hunt Valley,Week3,Dunn Loring,Week4,214.0 Hunt Valley - 188.0 Dunn Loring
Hunt Valley,Week3,Laurel Hill,Week3,325.0 Hunt Valley - 77.0 Laurel Hill
Holmes Run Acres,Week2,Pleasant Valley,Week2,286.0 Holmes Run Acres - 116.0 Pleasant Valley
Hunt Valley,Week2,Dunn Loring,Week1,225.0 Hunt Valley - 177.0 Dunn Loring
Holmes Run Acres,Week1,Pleasant Valley,Week4,303.0 Holmes Run Acres - 98.0 Pleasant Valley
Hunt Valley,Week3,Lee Graham,Week3,225.0 Lee Graham - 177.0 Hunt Valley
Holmes Run Acres,Week3,Pleasant Valley,Week4,321.0 Holmes Run Acres - 80.0 Pleasant Valley
Hunt Valley,Week1,Villa Aquatic,Week3,243.0 Hunt Valley - 159.0 Villa Aquatic
Hunt Valley,Week4,Orange Hunt,Week2,259.0 Hunt Valley - 143.0 Orange Hunt
Hunt Valley,Week2,Dunn Loring,Week2,211.0 Dunn Loring - 191.0 Hunt Valley
Hunt Valley,Week2,Villa Aquatic,Week5,259.0 Hunt Valley - 143.0 Villa Aquatic
Holmes Run Acres,Week4,Pleasant Valley,Week3,284.5 Holmes Run Acres - 117.5 Pleasant Valley
Hunt Valley,Week4,Laurel Hill,Week5,298.0 Hunt Valley - 104.0 Laurel Hill
Hunt Valley,Week1,Dunn Loring,Week2,203.0 Dunn Loring - 199.0 Hunt Valley
Hunt Valley,Week1,Village West,Week1,326.0 Hunt Valley - 76.0 Village West
Holmes Run Acres,Week3,Pleasant Valley,Week3,308.0 Holmes Run Acres - 94.0 Pleasant Valley
Hunt Valley,Week1,Lee Graham,Week4,223.0 Lee Graham - 179.0 Hunt Valley
Hunt Valley,Week2,Dunn Loring,Week4,204.0 Dunn Loring - 198.0 Hunt Valley
Holmes Run Acres,Week1,Pleasant Valley,Week5,280.0 Holmes Run Acres - 122.0 Pleasant Valley
Hunt Valley,Week4,Laurel Hill,Week3,308.0 Hunt Valley - 94.0 Laurel Hill
Hunt Valley,Week2,Dunn Loring,Week3,226.0 Dunn Loring - 176.0 Hunt Valley
Hunt Valley,Week4,Orange Hunt,Week1,269.0 Hunt Valley - 133.0 Orange Hunt
Hunt Valley,Week4,Laurel Hill,Week4,322.0 Hunt Valley - 80.0 Laurel Hill
Hunt Valley,Week5,Villa Aquatic,Week1,319.0 Hunt Valley - 83.0 Villa Aquatic
Hunt Valley,Week2,Village West,Week1,324.0 Hunt Valley - 78.0 Village West
Hunt Valley,Week3,Orange Hunt,Week3,266.0 Hunt Valley - 136.0 Orange Hunt
Hunt Valley,Week1,Overlee,Week2,289.0 Overlee - 113.0 Hunt Valley
Hunt Valley,Week4,Villa Aquatic,Week3,269.0 Hunt Valley - 133.0 Villa Aquatic
Hunt Valley,Week2,Orange Hunt,Week5,223.0 Hunt Valley - 179.0 Orange Hunt
Hunt Valley,Week5,Village West,Week1,346.0 Hunt Valley - 56.0 Village West
Hunt Valley,Week5,Laurel Hill,Week5,322.0 Hunt Valley - 80.0 Laurel Hill
Hunt Valley,Week1,Village West,Week4,321.0 Hunt Valley - 76.0 Village West
Holmes Run Acres,Week5,Pleasant Valley,Week1,321.0 Holmes Run Acres - 81.0 Pleasant Valley
Hunt Valley,Week4,Orange Hunt,Week4,250.0 Hunt Valley - 152.0 Orange Hunt
Hunt Valley,Week3,Village West,Week1,341.0 Hunt Valley - 61.0 Village West
Hunt Valley,Week2,Lee Graham,Week2,238.0 Lee Graham - 164.0 Hunt Valley
Hunt Valley,Week1,Lee Graham,Week1,216.0 Lee Graham - 186.0 Hunt Valley
Hunt Valley,Week1,Lee Graham,Week3,236.0 Lee Graham - 166.0 Hunt Valley
Hunt Valley,Week4,Villa Aquatic,Week2,303.0 Hunt Valley - 99.0 Villa Aquatic
Holmes Run Acres,Week4,Pleasant Valley,Week4,303.0 Holmes Run Acres - 96.0 Pleasant Valley
Holmes Run Acres,Week1,Pleasant Valley,Week2,291.0 Holmes Run Acres - 110.0 Pleasant Valley
Holmes Run Acres,Week5,Pleasant Valley,Week4,326.0 Holmes Run Acres - 76.0 Pleasant Valley
Hunt Valley,Week2,Overlee,Week3,292.0 Overlee - 110.0 Hunt Valley
Hunt Valley,Week3,Overlee,Week2,267.0 Overlee - 135.0 Hunt Valley
Hunt Valley,Week1,Lee Graham,Week5,242.0 Lee Graham - 160.0 Hunt Valley
Hunt Valley,Week1,Village West,Week3,305.0 Hunt Valley - 97.0 Village West
Holmes Run Acres,Week3,Pleasant Valley,Week5,306.0 Holmes Run Acres - 96.0 Pleasant Valley
Hunt Valley,Week3,Overlee,Week4,334.0 Overlee - 68.0 Hunt Valley
Holmes Run Acres,Week4,Pleasant Valley,Week2,288.0 Holmes Run Acres - 113.0 Pleasant Valley
Hunt Valley,Week3,Dunn Loring,Week3,203.0 Hunt Valley - 199.0 Dunn Loring
Hunt Valley,Week5,Laurel Hill,Week2,343.0 Hunt Valley - 59.0 Laurel Hill
Hunt Valley,Week5,Orange Hunt,Week5,251.0 Hunt Valley - 151.0 Orange Hunt
Hunt Valley,Week3,Villa Aquatic,Week3,274.0 Hunt Valley - 128.0 Villa Aquatic
Hunt Valley,Week4,Laurel Hill,Week1,318.0 Hunt Valley - 84.0 Laurel Hill
Holmes Run Acres,Week2,Pleasant Valley,Week3,279.0 Holmes Run Acres - 123.0 Pleasant Valley
Hunt Valley,Week4,Overlee,Week1,258.0 Overlee - 144.0 Hunt Valley
Hunt Valley,Week1,Parklawn,Week2,308.0 Hunt Valley - 94.0 Parklawn
Holmes Run Acres,Week2,Pleasant Valley,Week4,296.0 Holmes Run Acres - 106.0 Pleasant Valley
Hunt Valley,Week1,Lee Graham,Week2,220.0 Lee Graham - 182.0 Hunt Valley
Holmes Run Acres,Week5,Pleasant Valley,Week5,304.0 Holmes Run Acres - 98.0 Pleasant Valley
Hunt Valley,Week5,Villa Aquatic,Week3,275.0 Hunt Valley - 127.0 Villa Aquatic
Hunt Valley,Week5,Laurel Hill,Week1,332.0 Hunt Valley - 70.0 Laurel Hill
Hunt Valley,Week3,Village West,Week2,335.0 Hunt Valley - 67.0 Village West
Hunt Valley,Week5,Villa Aquatic,Week2,316.0 Hunt Valley - 86.0 Villa Aquatic
Hunt Valley,Week2,Overlee,Week1,279.0 Overlee - 123.0 Hunt Valley
Hunt Valley,Week3,Villa Aquatic,Week1,317.0 Hunt Valley - 85.0 Villa Aquatic
Hunt Valley,Week4,Lee Graham,Week2,216.0 Lee Graham - 186.0 Hunt Valley
Hunt Valley,Week2,Lee Graham,Week4,226.0 Lee Graham - 176.0 Hunt Valley
Hunt Valley,Week2,Lee Graham,Week3,245.0 Lee Graham - 157.0 Hunt Valley
Hunt Valley,Week5,Overlee,Week5,315.0 Overlee - 87.0 Hunt Valley
Hunt Valley,Week4,Villa Aquatic,Week5,280.0 Hunt Valley - 122.0 Villa Aquatic
Holmes Run Acres,Week5,Poplar Heights,Week2,213.0 Holmes Run Acres - 189.0 Poplar Heights
Hunt Valley,Week3,Orange Hunt,Week1,288.0 Hunt Valley - 114.0 Orange Hunt
Holmes Run Acres,Week4,Pleasant Valley,Week5,284.0 Holmes Run Acres - 117.0 Pleasant Valley
Hunt Valley,Week1,Overlee,Week3,293.0 Overlee - 109.0 Hunt Valley
Hunt Valley,Week5,Orange Hunt,Week3,263.0 Hunt Valley - 139.0 Orange Hunt
Hunt Valley,Week1,Village West,Week2,325.0 Hunt Valley - 77.0 Village West
Hunt Valley,Week4,Lee Graham,Week1,214.0 Lee Graham - 188.0 Hunt Valley
Holmes Run Acres,Week1,Poplar Heights,Week3,251.0 Poplar Heights - 151.0 Holmes Run Acres
Hunt Valley,Week3,Overlee,Week1,265.0 Overlee - 137.0 Hunt Valley
Hunt Valley,Week4,Villa Aquatic,Week4,285.5 Hunt Valley - 116.5 Villa Aquatic
Holmes Run Acres,Week1,Poplar Heights,Week1,242.0 Poplar Heights - 160.0 Holmes Run Acres
Holmes Run Acres,Week1,Poplar Heights,Week4,251.0 Poplar Heights - 151.0 Holmes Run Acres
Hunt Valley,Week3,Lee Graham,Week1,218.0 Hunt Valley - 184.0 Lee Graham
Hunt Valley,Week2,Village West,Week5,330.0 Hunt Valley - 72.0 Village West
Hunt Valley,Week3,Lee Graham,Week4,203.0 Lee Graham - 199.0 Hunt Valley
Holmes Run Acres,Week2,Hayfield Farm,Week3,247.0 Hayfield Farm - 155.0 Holmes Run Acres
Hunt Valley,Week5,Villa Aquatic,Week5,276.0 Hunt Valley - 126.0 Villa Aquatic
Hunt Valley,Week2,Village West,Week2,333.0 Hunt Valley - 69.0 Village West
Holmes Run Acres,Week5,Pleasant Valley,Week2,322.0 Holmes Run Acres - 80.0 Pleasant Valley
Hunt Valley,Week2,Lee Graham,Week1,212.0 Lee Graham - 190.0 Hunt Valley
Hunt Valley,Week2,Overlee,Week4,356.0 Overlee - 46.0 Hunt Valley
Hunt Valley,Week2,Parklawn,Week1,323.0 Hunt Valley - 70.0 Parklawn
Holmes Run Acres,Week2,Poplar Heights,Week1,237.0 Poplar Heights - 165.0 Holmes Run Acres
Hunt Valley,Week4,Lee Graham,Week4,214.0 Lee Graham - 188.0 Hunt Valley
Hunt Valley,Week4,Overlee,Week3,279.0 Overlee - 123.0 Hunt Valley
Hunt Valley,Week5,Laurel Hill,Week3,322.0 Hunt Valley - 80.0 Laurel Hill
Hunt Valley,Week5,Villa Aquatic,Week4,301.0 Hunt Valley - 101.0 Villa Aquatic
Holmes Run Acres,Week4,Hayfield Farm,Week2,225.0 Hayfield Farm - 177.0 Holmes Run Acres
Holmes Run Acres,Week1,Poplar Heights,Week2,250.0 Poplar Heights - 152.0 Holmes Run Acres
Hunt Valley,Week1,Parklawn,Week3,318.0 Hunt Valley - 84.0 Parklawn
Holmes Run Acres,Week3,Poplar Heights,Week2,208.0 Holmes Run Acres - 194.0 Poplar Heights
Hunt Valley,Week1,Village West,Week5,320.0 Hunt Valley - 82.0 Village West
Hunt Valley,Week4,Orange Hunt,Week5,251.0 Hunt Valley - 151.0 Orange Hunt
Holmes Run Acres,Week3,Poplar Tree,Week1,211.0 Poplar Tree - 190.0 Holmes Run Acres
Holmes Run Acres,Week2,Poplar Heights,Week3,235.0 Poplar Heights - 167.0 Holmes Run Acres
Holmes Run Acres,Week2,Hayfield Farm,Week5,201.0 Hayfield Farm - 201.0 Holmes Run Acres
Hunt Valley,Week4,Lee Graham,Week3,225.0 Lee Graham - 177.0 Hunt Valley
Hunt Valley,Week3,Villa Aquatic,Week2,305.0 Hunt Valley - 97.0 Villa Aquatic
Holmes Run Acres,Week5,Hayfield Farm,Week1,248.0 Holmes Run Acres - 154.0 Hayfield Farm
Holmes Run Acres,Week3,Poplar Heights,Week3,216.0 Poplar Heights - 186.0 Holmes Run Acres
Hunt Valley,Week4,Villa Aquatic,Week1,308.0 Hunt Valley - 94.0 Villa Aquatic
Holmes Run Acres,Week1,Herndon,Week3,292.0 Holmes Run Acres - 108.0 Herndon
Hunt Valley,Week2,Lincolnia Park,Week2,342.0 Hunt Valley - 51.0 Lincolnia Park
Holmes Run Acres,Week2,Hayfield Farm,Week4,227.0 Hayfield Farm - 175.0 Holmes Run Acres
Holmes Run Acres,Week4,Poplar Heights,Week5,256.0 Poplar Heights - 146.0 Holmes Run Acres
Hunt Valley,Week5,Lee Graham,Week4,203.0 Lee Graham - 199.0 Hunt Valley
Hunt Valley,Week3,Villa Aquatic,Week4,304.0 Hunt Valley - 98.0 Villa Aquatic
Hunt Valley,Week4,Lincolnia Park,Week3,328.0 Hunt Valley - 65.0 Lincolnia Park
Hunt Valley,Week3,Orange Hunt,Week2,273.0 Hunt Valley - 129.0 Orange Hunt
Holmes Run Acres,Week4,Poplar Heights,Week2,234.0 Poplar Heights - 168.0 Holmes Run Acres
Hunter Mill,Week4,Broyhill Crest,Week3,371.0 Hunter Mill - 31.0 Broyhill Crest
Holmes Run Acres,Week3,Hayfield Farm,Week1,222.0 Holmes Run Acres - 180.0 Hayfield Farm
Hunt Valley,Week3,Orange Hunt,Week5,251.0 Hunt Valley - 151.0 Orange Hunt
Hunt Valley,Week3,Orange Hunt,Week4,267.0 Hunt Valley - 135.0 Orange Hunt
Hunt Valley,Week3,Villa Aquatic,Week5,289.0 Hunt Valley - 113.0 Villa Aquatic
Hunt Valley,Week4,Lee Graham,Week5,223.0 Lee Graham - 179.0 Hunt Valley
Hunt Valley,Week3,Village West,Week3,323.0 Hunt Valley - 79.0 Village West
Holmes Run Acres,Week4,Hayfield Farm,Week4,209.0 Hayfield Farm - 193.0 Holmes Run Acres
Hunt Valley,Week1,Lincolnia Park,Week2,338.0 Hunt Valley - 55.0 Lincolnia Park
Holmes Run Acres,Week5,Hayfield Farm,Week4,240.0 Holmes Run Acres - 162.0 Hayfield Farm
Hunter Mill,Week2,Broyhill Crest,Week5,348.0 Hunter Mill - 54.0 Broyhill Crest
Holmes Run Acres,Week1,Poplar Tree,Week4,233.5 Poplar Tree - 167.5 Holmes Run Acres
Holmes Run Acres,Week4,Hayfield Farm,Week5,204.0 Holmes Run Acres - 198.0 Hayfield Farm
Hunter Mill,Week2,Broyhill Crest,Week3,358.0 Hunter Mill - 44.0 Broyhill Crest
Hunt Valley,Week1,Overlee,Week1,266.5 Overlee - 135.5 Hunt Valley
Hunt Valley,Week2,Village West,Week3,318.0 Hunt Valley - 84.0 Village West
Holmes Run Acres,Week3,Hayfield Farm,Week2,239.0 Holmes Run Acres - 163.0 Hayfield Farm
Hunt Valley,Week3,Village West,Week4,324.0 Hunt Valley - 73.0 Village West
Hunt Valley,Week5,Lee Graham,Week3,220.0 Lee Graham - 182.0 Hunt Valley
Holmes Run Acres,Week3,Hayfield Farm,Week4,235.0 Holmes Run Acres - 167.0 Hayfield Farm
Hunter Mill,Week5,Brookfield ,Week3,274.0 Hunter Mill - 128.0 Brookfield
Holmes Run Acres,Week5,Poplar Heights,Week1,216.0 Holmes Run Acres - 186.0 Poplar Heights
Hunt Valley,Week2,Lincolnia Park,Week3,321.0 Hunt Valley - 72.0 Lincolnia Park
Hunter Mill,Week1,Broyhill Crest,Week3,365.0 Hunter Mill - 32.0 Broyhill Crest
Hunt Valley,Week5,Orange Hunt,Week2,262.0 Hunt Valley - 140.0 Orange Hunt
Holmes Run Acres,Week5,Poplar Heights,Week5,212.0 Poplar Heights - 190.0 Holmes Run Acres
Hunt Valley,Week4,Village West,Week1,336.0 Hunt Valley - 66.0 Village West
Hunt Valley,Week2,Lincolnia Park,Week1,358.0 Hunt Valley - 44.0 Lincolnia Park
Hunt Valley,Week5,Orange Hunt,Week4,268.0 Hunt Valley - 134.0 Orange Hunt
Hunt Valley,Week5,Orange Hunt,Week1,291.0 Hunt Valley - 111.0 Orange Hunt
Hunt Valley,Week3,Village West,Week5,335.0 Hunt Valley - 67.0 Village West
Holmes Run Acres,Week4,Poplar Heights,Week3,239.0 Poplar Heights - 163.0 Holmes Run Acres
Hunt Valley,Week5,Lee Graham,Week2,206.0 Hunt Valley - 196.0 Lee Graham
Hunt Valley,Week1,Overlee,Week4,346.0 Overlee - 56.0 Hunt Valley
Holmes Run Acres,Week1,Poplar Tree,Week5,261.0 Poplar Tree - 141.0 Holmes Run Acres
Hunt Valley,Week4,Overlee,Week5,327.0 Overlee - 75.0 Hunt Valley
Holmes Run Acres,Week1,Herndon,Week2,292.0 Holmes Run Acres - 108.0 Herndon
Holmes Run Acres,Week2,Poplar Tree,Week2,235.0 Poplar Tree - 167.0 Holmes Run Acres
Holmes Run Acres,Week3,Poplar Heights,Week5,216.0 Poplar Heights - 186.0 Holmes Run Acres
Hunt Valley,Week2,Lincolnia Park,Week5,329.0 Hunt Valley - 64.0 Lincolnia Park
Hunter Mill,Week5,Broyhill Crest,Week4,373.0 Hunter Mill - 29.0 Broyhill Crest
Hunt Valley,Week5,Overlee,Week2,270.0 Overlee - 132.0 Hunt Valley
Hunt Valley,Week3,Virginia Hills,Week2,382.0 Hunt Valley - 20.0 Virginia Hills
Hunt Valley,Week3,Virginia Hills,Week3,376.0 Hunt Valley - 26.0 Virginia Hills
Hunt Valley,Week1,Lincolnia Park,Week5,322.0 Hunt Valley - 71.0 Lincolnia Park
Hunt Valley,Week1,Overlee,Week5,322.0 Overlee - 80.0 Hunt Valley
Hunt Valley,Week2,Overlee,Week2,305.5 Overlee - 96.5 Hunt Valley
Hunt Valley,Week3,Lincolnia Park,Week1,354.0 Hunt Valley - 48.0 Lincolnia Park
Holmes Run Acres,Week4,Hayfield Farm,Week1,220.5 Hayfield Farm - 181.5 Holmes Run Acres
Hunt Valley,Week4,Village West,Week3,327.0 Hunt Valley - 75.0 Village West
Hunter Mill,Week3,Broyhill Crest,Week5,354.0 Hunter Mill - 48.0 Broyhill Crest
Hunt Valley,Week3,Lincolnia Park,Week2,348.0 Hunt Valley - 45.0 Lincolnia Park
Holmes Run Acres,Week5,Hayfield Farm,Week2,243.0 Holmes Run Acres - 159.0 Hayfield Farm
Holmes Run Acres,Week4,Hayfield Farm,Week3,234.0 Hayfield Farm - 168.0 Holmes Run Acres
Hunt Valley,Week2,Village West,Week4,325.0 Hunt Valley - 72.0 Village West
Hunt Valley,Week2,Lincolnia Park,Week4,346.0 Hunt Valley - 56.0 Lincolnia Park
Hunter Mill,Week4,Brookfield ,Week4,246.0 Hunter Mill - 156.0 Brookfield
Holmes Run Acres,Week3,Hayfield Farm,Week3,212.0 Holmes Run Acres - 190.0 Hayfield Farm
Hunter Mill,Week5,Broyhill Crest,Week5,361.0 Hunter Mill - 41.0 Broyhill Crest
Hunt Valley,Week2,Overlee,Week5,335.0 Overlee - 67.0 Hunt Valley
Holmes Run Acres,Week5,Poplar Heights,Week4,205.0 Poplar Heights - 197.0 Holmes Run Acres
Hunt Valley,Week3,Overlee,Week3,280.0 Overlee - 122.0 Hunt Valley
Holmes Run Acres,Week3,Hayfield Farm,Week5,245.0 Holmes Run Acres - 157.0 Hayfield Farm
Holmes Run Acres,Week1,Herndon,Week1,304.0 Holmes Run Acres - 94.0 Herndon
Hunter Mill,Week1,Broyhill Crest,Week5,354.0 Hunter Mill - 48.0 Broyhill Crest
Hunt Valley,Week3,Overlee,Week5,315.0 Overlee - 87.0 Hunt Valley
Hunt Valley,Week4,Village West,Week5,338.0 Hunt Valley - 64.0 Village West
Hunt Valley,Week4,Village West,Week2,335.0 Hunt Valley - 67.0 Village West
Holmes Run Acres,Week2,Poplar Tree,Week4,225.5 Poplar Tree - 175.5 Holmes Run Acres
Hunt Valley,Week4,Overlee,Week4,342.0 Overlee - 60.0 Hunt Valley
Hunt Valley,Week5,Village West,Week3,334.0 Hunt Valley - 68.0 Village West
Holmes Run Acres,Week2,Poplar Tree,Week3,242.0 Poplar Tree - 159.0 Holmes Run Acres
Hunter Mill,Week5,Brookfield ,Week1,256.0 Hunter Mill - 146.0 Brookfield
Hunter Mill,Week2,Broyhill Crest,Week2,358.0 Hunter Mill - 44.0 Broyhill Crest
Hunt Valley,Week5,Overlee,Week1,267.0 Overlee - 135.0 Hunt Valley
Hunter Mill,Week4,Brookfield ,Week5,259.0 Hunter Mill - 143.0 Brookfield
Hunt Valley,Week4,Lincolnia Park,Week1,356.0 Hunt Valley - 46.0 Lincolnia Park
Hunter Mill,Week3,Broyhill Crest,Week1,365.0 Hunter Mill - 37.0 Broyhill Crest
Holmes Run Acres,Week2,Poplar Tree,Week1,238.0 Poplar Tree - 163.0 Holmes Run Acres
Hunt Valley,Week1,Lincolnia Park,Week1,345.0 Hunt Valley - 57.0 Lincolnia Park
Hunt Valley,Week3,Lincolnia Park,Week5,342.0 Hunt Valley - 51.0 Lincolnia Park
Holmes Run Acres,Week5,Poplar Heights,Week3,205.0 Holmes Run Acres - 197.0 Poplar Heights
Holmes Run Acres,Week5,Hayfield Farm,Week5,245.0 Holmes Run Acres - 157.0 Hayfield Farm
Hunt Valley,Week4,Village West,Week4,323.0 Hunt Valley - 74.0 Village West
Holmes Run Acres,Week1,Poplar Tree,Week3,249.0 Poplar Tree - 152.0 Holmes Run Acres
Hunt Valley,Week4,Virginia Hills,Week4,372.0 Hunt Valley - 30.0 Virginia Hills
Holmes Run Acres,Week2,Poplar Tree,Week5,256.0 Poplar Tree - 146.0 Holmes Run Acres
Hunt Valley,Week5,Overlee,Week4,336.0 Overlee - 66.0 Hunt Valley
Holmes Run Acres,Week3,Poplar Heights,Week1,206.0 Poplar Heights - 196.0 Holmes Run Acres
Hunter Mill,Week3,Broyhill Crest,Week3,375.0 Hunter Mill - 27.0 Broyhill Crest
Hunt Valley,Week4,Overlee,Week2,285.0 Overlee - 117.0 Hunt Valley
Hunt Valley,Week5,Springfield,Week4,393.0 Hunt Valley - 9.0 Springfield
Hunt Valley,Week5,Overlee,Week3,278.0 Overlee - 124.0 Hunt Valley
Hunt Valley,Week5,Lincolnia Park,Week1,360.0 Hunt Valley - 42.0 Lincolnia Park
Hunt Valley,Week4,Virginia Hills,Week1,366.0 Hunt Valley - 36.0 Virginia Hills
Holmes Run Acres,Week1,Herndon,Week5,293.0 Holmes Run Acres - 108.0 Herndon
Hunt Valley,Week5,Springfield,Week3,393.0 Hunt Valley - 9.0 Springfield
Hunt Valley,Week5,Springfield,Week5,398.0 Hunt Valley - 4.0 Springfield
Holmes Run Acres,Week5,Hayfield Farm,Week3,218.0 Holmes Run Acres - 179.0 Hayfield Farm
Holmes Run Acres,Week3,Poplar Heights,Week4,210.0 Poplar Heights - 192.0 Holmes Run Acres
Hunt Valley,Week4,Lincolnia Park,Week5,330.0 Hunt Valley - 63.0 Lincolnia Park
Hunter Mill,Week5,Brookfield ,Week5,256.0 Hunter Mill - 146.0 Brookfield
Holmes Run Acres,Week1,Herndon,Week4,297.0 Holmes Run Acres - 104.0 Herndon
Hunt Valley,Week5,Virginia Hills,Week2,390.0 Hunt Valley - 12.0 Virginia Hills
Hunter Mill,Week1,Broyhill Crest,Week1,361.0 Hunter Mill - 41.0 Broyhill Crest
Hunt Valley,Week4,Lincolnia Park,Week2,345.0 Hunt Valley - 48.0 Lincolnia Park
Holmes Run Acres,Week2,Herndon,Week2,296.0 Holmes Run Acres - 105.0 Herndon
Hunt Valley,Week1,Parklawn,Week4,305.0 Hunt Valley - 97.0 Parklawn
Holmes Run Acres,Week2,Hayfield Farm,Week2,223.0 Hayfield Farm - 179.0 Holmes Run Acres
Hunt Valley,Week4,Virginia Hills,Week2,371.0 Hunt Valley - 31.0 Virginia Hills
Holmes Run Acres,Week1,Poplar Tree,Week2,244.5 Poplar Tree - 157.5 Holmes Run Acres
Holmes Run Acres,Week2,Herndon,Week1,309.0 Holmes Run Acres - 91.0 Herndon
Hunter Mill,Week3,Broyhill Crest,Week2,371.0 Hunter Mill - 31.0 Broyhill Crest
Hunt Valley,Week1,Stratford,Week1,311.0 Hunt Valley - 91.0 Stratford
Holmes Run Acres,Week4,Poplar Heights,Week4,250.0 Poplar Heights - 152.0 Holmes Run Acres
Holmes Run Acres,Week4,Poplar Heights,Week1,223.0 Poplar Heights - 179.0 Holmes Run Acres
Hunter Mill,Week3,Broyhill Crest,Week4,366.0 Hunter Mill - 36.0 Broyhill Crest
Hunt Valley,Week1,Parklawn,Week1,319.0 Hunt Valley - 69.0 Parklawn
Hunt Valley,Week4,Springfield,Week5,388.0 Hunt Valley - 13.0 Springfield
Hunt Valley,Week2,Virginia Hills,Week3,375.0 Hunt Valley - 27.0 Virginia Hills
Hunt Valley,Week2,Stratford,Week4,308.0 Hunt Valley - 94.0 Stratford
Hunt Valley,Week5,Virginia Hills,Week4,387.0 Hunt Valley - 15.0 Virginia Hills
Hunt Valley,Week3,Lincolnia Park,Week4,349.0 Hunt Valley - 53.0 Lincolnia Park
Hunter Mill,Week2,Broyhill Crest,Week4,352.0 Hunter Mill - 50.0 Broyhill Crest
Hunt Valley,Week5,Virginia Hills,Week3,385.0 Hunt Valley - 17.0 Virginia Hills
Hunt Valley,Week2,Parklawn,Week5,298.0 Hunt Valley - 104.0 Parklawn
Holmes Run Acres,Week2,Poplar Heights,Week5,252.0 Poplar Heights - 145.0 Holmes Run Acres
Hunt Valley,Week4,Lincolnia Park,Week4,358.0 Hunt Valley - 44.0 Lincolnia Park
Hunt Valley,Week1,Virginia Hills,Week4,374.0 Hunt Valley - 28.0 Virginia Hills
Hunt Valley,Week5,Lee Graham,Week5,222.0 Lee Graham - 180.0 Hunt Valley
Hunt Valley,Week1,Parklawn,Week5,303.0 Hunt Valley - 99.0 Parklawn
Holmes Run Acres,Week1,Poplar Tree,Week1,246.0 Poplar Tree - 155.0 Holmes Run Acres
Hunt Valley,Week2,Stratford,Week2,319.0 Hunt Valley - 83.0 Stratford
Hunter Mill,Week1,Broyhill Crest,Week2,366.0 Hunter Mill - 36.0 Broyhill Crest
Hunt Valley,Week1,Lincolnia Park,Week4,337.0 Hunt Valley - 65.0 Lincolnia Park
Hunt Valley,Week3,Stratford,Week3,324.0 Hunt Valley - 78.0 Stratford
Hunt Valley,Week5,Lincolnia Park,Week5,344.5 Hunt Valley - 48.5 Lincolnia Park
Holmes Run Acres,Week1,Great Falls,Week5,215.0 Great Falls - 186.0 Holmes Run Acres
Hunt Valley,Week5,Lincolnia Park,Week2,355.0 Hunt Valley - 38.0 Lincolnia Park
Hunter Mill,Week1,Broyhill Crest,Week4,361.0 Hunter Mill - 41.0 Broyhill Crest
Hunt Valley,Week2,Virginia Hills,Week2,374.5 Hunt Valley - 27.5 Virginia Hills
Holmes Run Acres,Week4,Poplar Tree,Week1,244.0 Poplar Tree - 157.0 Holmes Run Acres
Hunt Valley,Week1,Virginia Hills,Week3,364.0 Hunt Valley - 38.0 Virginia Hills
Holmes Run Acres,Week3,Poplar Tree,Week2,202.0 Holmes Run Acres - 200.0 Poplar Tree
Hunt Valley,Week5,Lincolnia Park,Week4,357.0 Hunt Valley - 45.0 Lincolnia Park
Hunt Valley,Week3,Parklawn,Week2,320.0 Hunt Valley - 82.0 Parklawn
Hunt Valley,Week1,Lincolnia Park,Week3,306.0 Hunt Valley - 87.0 Lincolnia Park
Hunter Mill,Week4,Broyhill Crest,Week2,371.0 Hunter Mill - 31.0 Broyhill Crest
Holmes Run Acres,Week2,Fox Mill Woods,Week2,271.0 Fox Mill Woods - 131.0 Holmes Run Acres
Holmes Run Acres,Week3,Fox Mill Woods,Week2,232.0 Fox Mill Woods - 170.0 Holmes Run Acres
Hunt Valley,Week3,Parklawn,Week1,336.0 Hunt Valley - 57.0 Parklawn
Holmes Run Acres,Week2,Fox Mill Woods,Week4,273.0 Fox Mill Woods - 129.0 Holmes Run Acres
Hunt Valley,Week3,Lincolnia Park,Week3,326.0 Hunt Valley - 67.0 Lincolnia Park
Holmes Run Acres,Week3,Poplar Tree,Week5,233.0 Poplar Tree - 169.0 Holmes Run Acres
Hunter Mill,Week4,Broyhill Crest,Week4,362.0 Hunter Mill - 40.0 Broyhill Crest
Holmes Run Acres,Week3,Poplar Tree,Week4,209.0 Poplar Tree - 192.0 Holmes Run Acres
Hunt Valley,Week4,Parklawn,Week1,323.0 Hunt Valley - 70.0 Parklawn
Hunt Valley,Week3,Parklawn,Week5,317.0 Hunt Valley - 85.0 Parklawn
Holmes Run Acres,Week4,Ravensworth Farm,Week3,246.0 Ravensworth Farm - 156.0 Holmes Run Acres
Hunt Valley,Week3,Virginia Hills,Week4,380.0 Hunt Valley - 22.0 Virginia Hills
Hunt Valley,Week4,Stratford,Week1,335.0 Hunt Valley - 67.0 Stratford
Hunt Valley,Week5,Lincolnia Park,Week3,336.0 Hunt Valley - 57.0 Lincolnia Park
Holmes Run Acres,Week1,Great Falls,Week3,204.0 Great Falls - 198.0 Holmes Run Acres
Hunt Valley,Week5,Village West,Week4,343.0 Hunt Valley - 54.0 Village West
Hunt Valley,Week3,Parklawn,Week4,309.0 Hunt Valley - 92.0 Parklawn
Holmes Run Acres,Week2,Fox Mill Woods,Week5,275.0 Fox Mill Woods - 127.0 Holmes Run Acres
Hunt Valley,Week1,Little Rocky Run,Week3,205.0 Little Rocky Run - 197.0 Hunt Valley
Hunt Valley,Week5,Stratford,Week1,335.5 Hunt Valley - 66.5 Stratford
Holmes Run Acres,Week3,Poplar Tree,Week3,210.0 Poplar Tree - 191.0 Holmes Run Acres
Hunt Valley,Week1,Little Rocky Run,Week1,203.0 Hunt Valley - 199.0 Little Rocky Run
Hunt Valley,Week3,Parklawn,Week3,331.0 Hunt Valley - 71.0 Parklawn
Hunt Valley,Week4,Stratford,Week4,316.0 Hunt Valley - 86.0 Stratford
Hunt Valley,Week1,Virginia Hills,Week2,376.0 Hunt Valley - 26.0 Virginia Hills
Hunt Valley,Week1,Sully Station,Week4,207.0 Hunt Valley - 195.0 Sully Station
Hunt Valley,Week3,Stratford,Week5,316.0 Hunt Valley - 86.0 Stratford
Hunt Valley,Week5,Virginia Hills,Week1,386.0 Hunt Valley - 16.0 Virginia Hills
Hunter Mill,Week5,Brookfield ,Week2,294.0 Hunter Mill - 108.0 Brookfield
Holmes Run Acres,Week5,Fox Mill Woods,Week5,231.0 Fox Mill Woods - 171.0 Holmes Run Acres
Hunt Valley,Week4,Stratford,Week3,324.0 Hunt Valley - 78.0 Stratford
Holmes Run Acres,Week4,Ravensworth Farm,Week1,214.0 Ravensworth Farm - 188.0 Holmes Run Acres
Hunt Valley,Week2,Parklawn,Week2,299.0 Hunt Valley - 103.0 Parklawn
Hunter Mill,Week5,Brookfield ,Week4,270.0 Hunter Mill - 132.0 Brookfield
Hunt Valley,Week4,Virginia Hills,Week3,365.0 Hunt Valley - 37.0 Virginia Hills
Hunt Valley,Week5,Stratford,Week3,346.0 Hunt Valley - 56.0 Stratford
Holmes Run Acres,Week3,Fox Mill Woods,Week4,230.0 Fox Mill Woods - 172.0 Holmes Run Acres
Hunter Mill,Week2,Broyhill Crest,Week1,351.0 Hunter Mill - 50.0 Broyhill Crest
Hunter Mill,Week4,Broyhill Crest,Week1,366.0 Hunter Mill - 35.0 Broyhill Crest
Holmes Run Acres,Week4,Fox Mill Woods,Week2,258.0 Fox Mill Woods - 144.0 Holmes Run Acres
Hunt Valley,Week1,Stratford,Week2,315.0 Hunt Valley - 87.0 Stratford
Hunt Valley,Week5,Little Hunting Park,Week4,329.0 Hunt Valley - 73.0 Little Hunting Park
Hunt Valley,Week2,Little Hunting Park,Week1,320.0 Hunt Valley - 82.0 Little Hunting Park
Hunt Valley,Week4,Parklawn,Week4,295.0 Hunt Valley - 106.0 Parklawn
Hunt Valley,Week4,Virginia Hills,Week5,361.0 Hunt Valley - 41.0 Virginia Hills
Hunter Mill,Week5,Broyhill Crest,Week1,373.0 Hunter Mill - 29.0 Broyhill Crest
Hunt Valley,Week2,Sully Station,Week5,216.0 Sully Station - 186.0 Hunt Valley
Hunter Mill,Week5,Broyhill Crest,Week2,369.0 Hunter Mill - 33.0 Broyhill Crest
Holmes Run Acres,Week4,Ravensworth Farm,Week5,251.0 Ravensworth Farm - 151.0 Holmes Run Acres
Hunter Mill,Week4,Broyhill Crest,Week5,362.0 Hunter Mill - 40.0 Broyhill Crest
Hunt Valley,Week4,Parklawn,Week3,326.0 Hunt Valley - 76.0 Parklawn
Holmes Run Acres,Week1,Ravensworth Farm,Week4,233.0 Ravensworth Farm - 169.0 Holmes Run Acres
Hunt Valley,Week4,Parklawn,Week2,313.0 Hunt Valley - 89.0 Parklawn
Hunt Valley,Week5,Village West,Week5,344.0 Hunt Valley - 58.0 Village West
Hunt Valley,Week5,Stratford,Week5,320.0 Hunt Valley - 82.0 Stratford
Holmes Run Acres,Week2,Fox Mill Woods,Week3,262.0 Fox Mill Woods - 140.0 Holmes Run Acres
Holmes Run Acres,Week4,Poplar Tree,Week2,234.0 Poplar Tree - 168.0 Holmes Run Acres
Hunt Valley,Week2,Virginia Hills,Week1,376.0 Hunt Valley - 26.0 Virginia Hills
Hunt Valley,Week1,Little Hunting Park,Week5,295.0 Hunt Valley - 107.0 Little Hunting Park
Holmes Run Acres,Week5,Poplar Tree,Week4,212.0 Holmes Run Acres - 190.0 Poplar Tree
Hunt Valley,Week2,Parklawn,Week4,294.0 Hunt Valley - 107.0 Parklawn
Hunt Valley,Week1,Little Hunting Park,Week1,317.0 Hunt Valley - 85.0 Little Hunting Park
Hunt Valley,Week4,Parklawn,Week5,305.0 Hunt Valley - 97.0 Parklawn
Hunter Mill,Week5,Broyhill Crest,Week3,375.0 Hunter Mill - 27.0 Broyhill Crest
Holmes Run Acres,Week4,Fox Mill Woods,Week1,261.0 Fox Mill Woods - 141.0 Holmes Run Acres
Hunt Valley,Week1,Sully Station,Week3,213.5 Hunt Valley - 188.5 Sully Station
Holmes Run Acres,Week1,Fox Mill Woods,Week5,269.0 Fox Mill Woods - 133.0 Holmes Run Acres
Holmes Run Acres,Week1,Ravensworth Farm,Week5,249.0 Ravensworth Farm - 153.0 Holmes Run Acres
Holmes Run Acres,Week1,Fox Mill Woods,Week2,267.0 Fox Mill Woods - 135.0 Holmes Run Acres
Hunt Valley,Week2,Parklawn,Week3,318.0 Hunt Valley - 84.0 Parklawn
Hunt Valley,Week2,Little Hunting Park,Week5,295.0 Hunt Valley - 106.0 Little Hunting Park
Hunt Valley,Week3,Virginia Hills,Week1,379.0 Hunt Valley - 23.0 Virginia Hills
Hunt Valley,Week2,Stratford,Week5,310.0 Hunt Valley - 92.0 Stratford
Holmes Run Acres,Week2,Fox Mill Woods,Week1,272.0 Fox Mill Woods - 130.0 Holmes Run Acres
Hunter Mill,Week4,Burke Station,Week1,275.0 Hunter Mill - 103.0 Burke Station
Hunt Valley,Week5,Parklawn,Week1,342.0 Hunt Valley - 51.0 Parklawn
Hunt Valley,Week1,Sully Station,Week2,203.0 Sully Station - 199.0 Hunt Valley
Holmes Run Acres,Week4,Poplar Tree,Week5,256.0 Poplar Tree - 146.0 Holmes Run Acres
Hunter Mill,Week1,Burke Station,Week4,304.5 Hunter Mill - 92.5 Burke Station
Holmes Run Acres,Week1,Ravensworth Farm,Week3,252.0 Ravensworth Farm - 150.0 Holmes Run Acres
Hunt Valley,Week1,Virginia Hills,Week1,368.0 Hunt Valley - 34.0 Virginia Hills
Hunt Valley,Week2,Sully Station,Week4,213.5 Hunt Valley - 188.5 Sully Station
Hunt Valley,Week1,Virginia Hills,Week5,340.0 Hunt Valley - 62.0 Virginia Hills
Hunt Valley,Week5,Village West,Week2,345.0 Hunt Valley - 57.0 Village West
Holmes Run Acres,Week1,Great Falls,Week1,218.0 Holmes Run Acres - 184.0 Great Falls
Hunt Valley,Week2,Little Hunting Park,Week2,316.0 Hunt Valley - 86.0 Little Hunting Park
Hunter Mill,Week1,Burke Station,Week5,278.0 Hunter Mill - 119.0 Burke Station
Hunter Mill,Week1,Burke Station,Week3,287.0 Hunter Mill - 105.0 Burke Station
Hunt Valley,Week2,Virginia Run,Week2,246.0 Hunt Valley - 156.0 Virginia Run
Hunt Valley,Week5,Springfield,Week1,393.0 Hunt Valley - 9.0 Springfield
Holmes Run Acres,Week2,Ravensworth Farm,Week3,254.0 Ravensworth Farm - 148.0 Holmes Run Acres
Hunt Valley,Week4,Virginia Run,Week1,251.0 Hunt Valley - 151.0 Virginia Run
Holmes Run Acres,Week4,Fox Mill Woods,Week4,259.0 Fox Mill Woods - 143.0 Holmes Run Acres
Hunt Valley,Week3,Little Hunting Park,Week3,328.0 Hunt Valley - 74.0 Little Hunting Park
Hunt Valley,Week2,Virginia Run,Week1,229.0 Hunt Valley - 173.0 Virginia Run
Hunt Valley,Week2,Virginia Hills,Week5,353.0 Hunt Valley - 49.0 Virginia Hills
Holmes Run Acres,Week1,Fox Mill Woods,Week3,264.0 Fox Mill Woods - 138.0 Holmes Run Acres
Hunter Mill,Week5,Burke Station,Week3,294.0 Hunter Mill - 103.0 Burke Station
Holmes Run Acres,Week2,Ravensworth Farm,Week4,231.0 Ravensworth Farm - 166.0 Holmes Run Acres
Hunt Valley,Week1,Parliament,Week1,251.0 Hunt Valley - 151.0 Parliament
Hunt Valley,Week1,Little Hunting Park,Week2,312.0 Hunt Valley - 90.0 Little Hunting Park
Hunt Valley,Week1,Stratford,Week5,296.0 Hunt Valley - 106.0 Stratford
Hunt Valley,Week1,Stratford,Week3,298.0 Hunt Valley - 104.0 Stratford
Hunt Valley,Week2,Parliament,Week4,283.0 Hunt Valley - 119.0 Parliament
Hunt Valley,Week2,Virginia Hills,Week4,380.0 Hunt Valley - 22.0 Virginia Hills
Hunt Valley,Week5,Springfield,Week2,397.0 Hunt Valley - 5.0 Springfield
Hunter Mill,Week3,Burke Station,Week1,270.0 Hunter Mill - 109.0 Burke Station
Holmes Run Acres,Week1,Fox Mill Woods,Week1,273.0 Fox Mill Woods - 129.0 Holmes Run Acres
Hunt Valley,Week3,Little Hunting Park,Week1,326.0 Hunt Valley - 76.0 Little Hunting Park
Hunt Valley,Week5,Parklawn,Week3,349.0 Hunt Valley - 53.0 Parklawn
Holmes Run Acres,Week3,Fox Mill Woods,Week3,220.0 Fox Mill Woods - 182.0 Holmes Run Acres
Hunt Valley,Week2,Little Hunting Park,Week4,311.0 Hunt Valley - 91.0 Little Hunting Park
Hunter Mill,Week4,Burke Station,Week2,318.0 Hunter Mill - 83.0 Burke Station
Hunt Valley,Week1,Parliament,Week3,278.0 Hunt Valley - 124.0 Parliament
Hunt Valley,Week1,Stratford,Week4,296.0 Hunt Valley - 106.0 Stratford
Holmes Run Acres,Week5,Fox Mill Woods,Week1,223.0 Fox Mill Woods - 179.0 Holmes Run Acres
Holmes Run Acres,Week2,Ravensworth Farm,Week5,251.5 Ravensworth Farm - 150.5 Holmes Run Acres
Holmes Run Acres,Week3,Fox Mill Woods,Week5,238.0 Fox Mill Woods - 164.0 Holmes Run Acres
Hunter Mill,Week3,Burke Station,Week4,304.0 Hunter Mill - 98.0 Burke Station
Hunter Mill,Week2,Burke Station,Week2,292.0 Hunter Mill - 109.0 Burke Station
Hunt Valley,Week3,Sully Station,Week3,236.0 Hunt Valley - 166.0 Sully Station
Hunt Valley,Week4,Virginia Run,Week2,273.0 Hunt Valley - 129.0 Virginia Run
Holmes Run Acres,Week1,Fox Mill Woods,Week4,265.0 Fox Mill Woods - 137.0 Holmes Run Acres
Hunt Valley,Week4,Springfield,Week4,379.0 Hunt Valley - 23.0 Springfield
Hunt Valley,Week4,Parliament,Week4,293.0 Hunt Valley - 109.0 Parliament
Hunt Valley,Week5,Little Hunting Park,Week3,334.0 Hunt Valley - 68.0 Little Hunting Park
Hunt Valley,Week2,Little Hunting Park,Week3,319.0 Hunt Valley - 83.0 Little Hunting Park
Hunter Mill,Week3,Burke Station,Week5,289.0 Hunter Mill - 113.0 Burke Station
Holmes Run Acres,Week5,Poplar Tree,Week5,226.0 Poplar Tree - 176.0 Holmes Run Acres
Hunt Valley,Week5,Parklawn,Week2,328.0 Hunt Valley - 74.0 Parklawn
Hunter Mill,Week5,Burke Station,Week4,315.0 Hunter Mill - 87.0 Burke Station
Holmes Run Acres,Week2,Ravensworth Farm,Week2,203.5 Ravensworth Farm - 198.5 Holmes Run Acres
Holmes Run Acres,Week2,Ravensworth Farm,Week1,220.0 Ravensworth Farm - 182.0 Holmes Run Acres
Hunt Valley,Week5,Parliament,Week2,300.0 Hunt Valley - 102.0 Parliament
Holmes Run Acres,Week3,Ravensworth Farm,Week1,216.0 Holmes Run Acres - 186.0 Ravensworth Farm
Hunt Valley,Week4,Little Hunting Park,Week2,323.0 Hunt Valley - 79.0 Little Hunting Park
Hunt Valley,Week3,Little Hunting Park,Week2,329.0 Hunt Valley - 73.0 Little Hunting Park
Hunt Valley,Week3,Virginia Hills,Week5,360.0 Hunt Valley - 42.0 Virginia Hills
Hunt Valley,Week4,Parliament,Week2,280.0 Hunt Valley - 122.0 Parliament
Hunt Valley,Week3,Little Hunting Park,Week5,309.0 Hunt Valley - 93.0 Little Hunting Park
Hunt Valley,Week2,Stratford,Week3,314.5 Hunt Valley - 87.5 Stratford
Hunt Valley,Week1,Pinecrest,Week3,215.0 Pinecrest - 187.0 Hunt Valley
Holmes Run Acres,Week3,Ravensworth Farm,Week2,238.0 Holmes Run Acres - 164.0 Ravensworth Farm
Holmes Run Acres,Week4,Fox Mill Woods,Week5,253.0 Fox Mill Woods - 149.0 Holmes Run Acres
Hunt Valley,Week2,Stratford,Week1,330.0 Hunt Valley - 72.0 Stratford
Hunt Valley,Week2,Virginia Run,Week4,239.0 Hunt Valley - 163.0 Virginia Run
Holmes Run Acres,Week5,Fox Mill Woods,Week2,217.0 Fox Mill Woods - 185.0 Holmes Run Acres
Holmes Run Acres,Week4,Poplar Tree,Week3,231.0 Poplar Tree - 170.0 Holmes Run Acres
Hunt Valley,Week1,Virginia Run,Week5,228.0 Hunt Valley - 174.0 Virginia Run
Hunt Valley,Week3,Stratford,Week1,328.0 Hunt Valley - 74.0 Stratford
Holmes Run Acres,Week5,Poplar Tree,Week3,214.0 Poplar Tree - 188.0 Holmes Run Acres
Holmes Run Acres,Week5,Fox Mill Woods,Week4,219.0 Fox Mill Woods - 183.0 Holmes Run Acres
Hunter Mill,Week2,Burke Station,Week3,285.0 Hunter Mill - 112.0 Burke Station
Hunt Valley,Week1,Virginia Run,Week1,233.0 Hunt Valley - 169.0 Virginia Run
Hunt Valley,Week3,Little Hunting Park,Week4,323.0 Hunt Valley - 79.0 Little Hunting Park
Hunter Mill,Week5,Burke Station,Week5,303.0 Hunter Mill - 99.0 Burke Station
Hunt Valley,Week2,Parliament,Week3,279.0 Hunt Valley - 123.0 Parliament
Hunt Valley,Week1,Little Hunting Park,Week4,305.0 Hunt Valley - 97.0 Little Hunting Park
Holmes Run Acres,Week5,Poplar Tree,Week2,210.0 Holmes Run Acres - 192.0 Poplar Tree
Hunter Mill,Week1,Camelot,Week3,257.0 Hunter Mill - 145.0 Camelot
Hunt Valley,Week4,Little Hunting Park,Week3,320.0 Hunt Valley - 82.0 Little Hunting Park
Hunt Valley,Week3,Virginia Run,Week1,253.0 Hunt Valley - 149.0 Virginia Run
Hunt Valley,Week3,Stratford,Week4,319.0 Hunt Valley - 83.0 Stratford
Hunter Mill,Week1,Burke Station,Week2,314.0 Hunter Mill - 83.0 Burke Station
Holmes Run Acres,Week3,Ravensworth Farm,Week3,213.0 Ravensworth Farm - 189.0 Holmes Run Acres
Hunt Valley,Week1,Parliament,Week5,264.0 Hunt Valley - 138.0 Parliament
Hunt Valley,Week2,Pinecrest,Week4,218.0 Pinecrest - 184.0 Hunt Valley
Hunt Valley,Week2,Virginia Run,Week5,218.0 Hunt Valley - 184.0 Virginia Run
Hunt Valley,Week2,Virginia Run,Week3,238.0 Hunt Valley - 164.0 Virginia Run
Hunt Valley,Week4,Stratford,Week2,326.0 Hunt Valley - 76.0 Stratford
Hunter Mill,Week1,Camelot,Week2,249.0 Hunter Mill - 153.0 Camelot
Hunt Valley,Week5,Virginia Hills,Week5,372.0 Hunt Valley - 30.0 Virginia Hills
Hunt Valley,Week5,Parliament,Week5,286.0 Hunt Valley - 116.0 Parliament
Hunt Valley,Week3,Stratford,Week2,325.0 Hunt Valley - 77.0 Stratford
Holmes Run Acres,Week5,Poplar Tree,Week1,213.0 Poplar Tree - 189.0 Holmes Run Acres
Hunter Mill,Week1,Camelot,Week1,270.0 Hunter Mill - 132.0 Camelot
Holmes Run Acres,Week5,Fox Mill Woods,Week3,216.0 Fox Mill Woods - 186.0 Holmes Run Acres
Holmes Run Acres,Week1,Ravensworth Farm,Week2,208.0 Ravensworth Farm - 193.0 Holmes Run Acres
Holmes Run Acres,Week4,Fox Mill Woods,Week3,246.0 Fox Mill Woods - 156.0 Holmes Run Acres
Hunt Valley,Week4,Stratford,Week5,320.0 Hunt Valley - 82.0 Stratford
Hunt Valley,Week4,Little Hunting Park,Week4,308.0 Hunt Valley - 94.0 Little Hunting Park
Holmes Run Acres,Week1,Great Falls,Week2,200.0 Holmes Run Acres - 184.0 Great Falls
Hunter Mill,Week2,Burke Station,Week1,254.0 Hunter Mill - 124.0 Burke Station
Hunt Valley,Week4,Little Hunting Park,Week1,322.0 Hunt Valley - 80.0 Little Hunting Park
Hunt Valley,Week5,Parklawn,Week5,327.0 Hunt Valley - 75.0 Parklawn
Holmes Run Acres,Week3,Fox Mill Woods,Week1,238.0 Fox Mill Woods - 164.0 Holmes Run Acres
Hunt Valley,Week4,Little Hunting Park,Week5,305.0 Hunt Valley - 97.0 Little Hunting Park
Hunt Valley,Week2,Long Branch,Week1,309.0 Hunt Valley - 93.0 Long Branch
Hunt Valley,Week5,Little Hunting Park,Week1,331.0 Hunt Valley - 71.0 Little Hunting Park
Hunt Valley,Week1,Little Hunting Park,Week3,302.0 Hunt Valley - 100.0 Little Hunting Park
Hunt Valley,Week2,Parliament,Week5,272.0 Hunt Valley - 130.0 Parliament
Hunt Valley,Week5,Stratford,Week4,329.0 Hunt Valley - 73.0 Stratford
Holmes Run Acres,Week2,Great Falls,Week1,213.0 Holmes Run Acres - 189.0 Great Falls
Hunter Mill,Week2,Camelot,Week1,261.0 Hunter Mill - 141.0 Camelot
Hunt Valley,Week3,Parliament,Week3,296.5 Hunt Valley - 105.5 Parliament
Holmes Run Acres,Week1,Great Falls,Week4,202.5 Holmes Run Acres - 198.5 Great Falls
Holmes Run Acres,Week1,Ravensworth Farm,Week1,229.0 Ravensworth Farm - 173.0 Holmes Run Acres
Hunt Valley,Week1,Virginia Run,Week4,251.0 Hunt Valley - 151.0 Virginia Run
Hunt Valley,Week5,Stratford,Week2,329.0 Hunt Valley - 73.0 Stratford
Hunt Valley,Week1,Wakefield Chapel,Week5,255.0 Wakefield Chapel - 147.0 Hunt Valley
Hunt Valley,Week3,Parliament,Week2,295.0 Hunt Valley - 107.0 Parliament
Hunt Valley,Week3,Virginia Run,Week5,250.5 Hunt Valley - 151.5 Virginia Run
Holmes Run Acres,Week3,Ravensworth Farm,Week4,201.0 Holmes Run Acres - 201.0 Ravensworth Farm
Hunter Mill,Week2,Burke Station,Week4,294.0 Hunter Mill - 108.0 Burke Station
Hunt Valley,Week1,Sully Station,Week1,210.0 Sully Station - 192.0 Hunt Valley
Hunt Valley,Week1,Pinecrest,Week1,213.0 Hunt Valley - 189.0 Pinecrest
Holmes Run Acres,Week4,Ravensworth Farm,Week4,227.0 Ravensworth Farm - 175.0 Holmes Run Acres
Hunt Valley,Week5,Little Hunting Park,Week5,324.5 Hunt Valley - 77.5 Little Hunting Park
Hunter Mill,Week4,Burke Station,Week3,297.0 Hunter Mill - 99.0 Burke Station
Hunter Mill,Week1,Camelot,Week5,243.0 Hunter Mill - 159.0 Camelot
Holmes Run Acres,Week3,Great Falls,Week2,235.0 Holmes Run Acres - 149.0 Great Falls
Holmes Run Acres,Week4,Ravensworth Farm,Week2,215.0 Holmes Run Acres - 187.0 Ravensworth Farm
Hunt Valley,Week5,Parliament,Week4,303.0 Hunt Valley - 99.0 Parliament
Hunt Valley,Week3,Parliament,Week1,285.0 Hunt Valley - 117.0 Parliament
Hunt Valley,Week2,Sully Station,Week3,202.0 Hunt Valley - 200.0 Sully Station
Hunt Valley,Week2,Parliament,Week1,269.0 Hunt Valley - 132.0 Parliament
Holmes Run Acres,Week2,Great Falls,Week3,216.5 Great Falls - 185.5 Holmes Run Acres
Holmes Run Acres,Week4,Fairfax Club Estates,Week4,246.0 Holmes Run Acres - 156.0 Fairfax Club Estates
Holmes Run Acres,Week4,Poplar Tree,Week4,224.5 Poplar Tree - 176.5 Holmes Run Acres
Hunt Valley,Week2,Sully Station,Week2,207.0 Sully Station - 195.0 Hunt Valley
Holmes Run Acres,Week5,Riverside Gardens,Week3,204.0 Riverside Gardens - 198.0 Holmes Run Acres
Hunt Valley,Week2,Sully Station,Week1,213.0 Sully Station - 189.0 Hunt Valley
Hunt Valley,Week5,Little Hunting Park,Week2,336.0 Hunt Valley - 66.0 Little Hunting Park
Hunt Valley,Week3,Virginia Run,Week4,266.0 Hunt Valley - 136.0 Virginia Run
Holmes Run Acres,Week2,Great Falls,Week2,200.0 Holmes Run Acres - 184.0 Great Falls
Hunt Valley,Week3,Wakefield Chapel,Week5,239.0 Wakefield Chapel - 163.0 Hunt Valley
Hunter Mill,Week1,Burke Station,Week1,257.0 Hunter Mill - 122.0 Burke Station
Hunt Valley,Week2,Parliament,Week2,282.5 Hunt Valley - 119.5 Parliament
Hunt Valley,Week2,Little Rocky Run,Week2,210.0 Hunt Valley - 192.0 Little Rocky Run
Hunter Mill,Week1,Camelot,Week4,262.0 Hunter Mill - 140.0 Camelot
Holmes Run Acres,Week3,Ravensworth Farm,Week5,208.0 Holmes Run Acres - 194.0 Ravensworth Farm
Hunt Valley,Week1,Little Rocky Run,Week2,218.5 Hunt Valley - 183.5 Little Rocky Run
Hunt Valley,Week4,Virginia Run,Week3,266.0 Hunt Valley - 136.0 Virginia Run
Hunter Mill,Week2,Camelot,Week2,238.0 Hunter Mill - 164.0 Camelot
Holmes Run Acres,Week1,Riverside Gardens,Week5,270.0 Riverside Gardens - 132.0 Holmes Run Acres
Holmes Run Acres,Week2,Great Falls,Week4,200.5 Holmes Run Acres - 196.5 Great Falls
Hunt Valley,Week3,Wakefield Chapel,Week3,221.5 Wakefield Chapel - 180.5 Hunt Valley
Holmes Run Acres,Week4,Great Falls,Week2,217.0 Holmes Run Acres - 167.0 Great Falls
Hunt Valley,Week1,Sully Station,Week5,221.0 Sully Station - 181.0 Hunt Valley
Hunt Valley,Week1,Long Branch,Week2,304.0 Hunt Valley - 98.0 Long Branch
Hunter Mill,Week2,Burke Station,Week5,273.0 Hunter Mill - 129.0 Burke Station
Hunt Valley,Week3,Virginia Run,Week3,266.0 Hunt Valley - 136.0 Virginia Run
Hunt Valley,Week3,Sully Station,Week1,220.0 Hunt Valley - 182.0 Sully Station
Holmes Run Acres,Week5,Great Falls,Week1,258.0 Holmes Run Acres - 144.0 Great Falls
Hunt Valley,Week1,Parliament,Week4,279.0 Hunt Valley - 123.0 Parliament
Hunter Mill,Week3,Burke Station,Week2,311.0 Hunter Mill - 91.0 Burke Station
Holmes Run Acres,Week4,Fairfax Club Estates,Week5,240.0 Holmes Run Acres - 160.0 Fairfax Club Estates
Holmes Run Acres,Week5,Great Falls,Week2,235.0 Holmes Run Acres - 149.0 Great Falls
Holmes Run Acres,Week5,Ravensworth Farm,Week2,248.0 Holmes Run Acres - 154.0 Ravensworth Farm
Hunt Valley,Week3,Sully Station,Week2,225.0 Hunt Valley - 177.0 Sully Station
Hunt Valley,Week5,Virginia Run,Week5,254.0 Hunt Valley - 148.0 Virginia Run
Hunt Valley,Week4,Sully Station,Week2,224.0 Hunt Valley - 178.0 Sully Station
Hunt Valley,Week4,Parliament,Week3,290.0 Hunt Valley - 112.0 Parliament
Holmes Run Acres,Week5,Ravensworth Farm,Week1,223.0 Holmes Run Acres - 179.0 Ravensworth Farm
Hunt Valley,Week5,Virginia Run,Week1,262.0 Hunt Valley - 140.0 Virginia Run
Hunt Valley,Week3,Little Rocky Run,Week4,208.0 Hunt Valley - 194.0 Little Rocky Run
Holmes Run Acres,Week5,Great Falls,Week3,238.0 Holmes Run Acres - 164.0 Great Falls
Hunt Valley,Week2,Little Rocky Run,Week4,203.0 Little Rocky Run - 199.0 Hunt Valley
Hunt Valley,Week5,Sully Station,Week1,207.0 Hunt Valley - 195.0 Sully Station
Hunt Valley,Week2,Wakefield Chapel,Week1,254.0 Wakefield Chapel - 148.0 Hunt Valley
Holmes Run Acres,Week3,Riverside Gardens,Week2,202.0 Holmes Run Acres - 200.0 Riverside Gardens
Holmes Run Acres,Week4,Great Falls,Week5,206.0 Great Falls - 196.0 Holmes Run Acres
Hunt Valley,Week3,Parliament,Week5,290.0 Hunt Valley - 112.0 Parliament
Hunt Valley,Week1,Virginia Run,Week3,252.0 Hunt Valley - 150.0 Virginia Run
Hunter Mill,Week5,Burke Station,Week2,323.0 Hunter Mill - 79.0 Burke Station
Hunt Valley,Week3,Parliament,Week4,304.0 Hunt Valley - 98.0 Parliament
Hunter Mill,Week4,Burke Station,Week4,312.0 Hunter Mill - 90.0 Burke Station
Holmes Run Acres,Week2,Riverside Gardens,Week1,258.0 Riverside Gardens - 144.0 Holmes Run Acres
Holmes Run Acres,Week3,Riverside Gardens,Week4,244.0 Riverside Gardens - 158.0 Holmes Run Acres
Hunt Valley,Week3,Sully Station,Week4,229.0 Hunt Valley - 173.0 Sully Station
Hunt Valley,Week2,Little Rocky Run,Week3,219.0 Little Rocky Run - 183.0 Hunt Valley
Hunt Valley,Week5,Parklawn,Week4,309.5 Hunt Valley - 92.5 Parklawn
Hunt Valley,Week1,Parliament,Week2,272.0 Hunt Valley - 130.0 Parliament
Holmes Run Acres,Week5,Great Falls,Week4,239.0 Holmes Run Acres - 163.0 Great Falls
Hunt Valley,Week1,Wakefield Chapel,Week4,222.0 Wakefield Chapel - 180.0 Hunt Valley
Hunt Valley,Week3,Little Rocky Run,Week1,209.0 Hunt Valley - 193.0 Little Rocky Run
Hunt Valley,Week4,Sully Station,Week5,211.0 Sully Station - 191.0 Hunt Valley
Hunt Valley,Week4,Little Rocky Run,Week1,207.0 Hunt Valley - 195.0 Little Rocky Run
Hunter Mill,Week5,Burke Station,Week1,279.5 Hunter Mill - 99.5 Burke Station
Holmes Run Acres,Week3,Great Falls,Week1,245.0 Holmes Run Acres - 157.0 Great Falls
Hunter Mill,Week4,Burke Station,Week5,289.0 Hunter Mill - 113.0 Burke Station
Hunt Valley,Week5,Little Rocky Run,Week2,230.5 Hunt Valley - 171.5 Little Rocky Run
Holmes Run Acres,Week4,Great Falls,Week4,207.0 Holmes Run Acres - 195.0 Great Falls
Hunt Valley,Week1,Virginia Run,Week2,253.0 Hunt Valley - 149.0 Virginia Run
Hunt Valley,Week4,Sully Station,Week3,216.0 Hunt Valley - 186.0 Sully Station
Holmes Run Acres,Week2,Riverside Gardens,Week2,264.0 Riverside Gardens - 138.0 Holmes Run Acres
Hunter Mill,Week3,Burke Station,Week3,289.0 Hunter Mill - 108.0 Burke Station
Hunt Valley,Week1,Pinecrest,Week4,221.0 Pinecrest - 181.0 Hunt Valley
Hunt Valley,Week5,Sully Station,Week2,226.5 Hunt Valley - 175.5 Sully Station
Hunt Valley,Week1,Wakefield Chapel,Week1,254.0 Wakefield Chapel - 148.0 Hunt Valley
Holmes Run Acres,Week5,Ravensworth Farm,Week4,207.0 Holmes Run Acres - 195.0 Ravensworth Farm
Hunt Valley,Week4,Parliament,Week1,262.0 Hunt Valley - 140.0 Parliament
Holmes Run Acres,Week2,Riverside Gardens,Week4,279.0 Riverside Gardens - 123.0 Holmes Run Acres
Holmes Run Acres,Week1,Greenbriar,Week3,221.0 Greenbriar - 181.0 Holmes Run Acres
Hunt Valley,Week3,Virginia Run,Week2,268.0 Hunt Valley - 134.0 Virginia Run
Holmes Run Acres,Week1,Greenbriar,Week1,205.0 Greenbriar - 197.0 Holmes Run Acres
Hunt Valley,Week3,Little Rocky Run,Week5,205.0 Little Rocky Run - 197.0 Hunt Valley
Hunt Valley,Week4,Parliament,Week5,275.0 Hunt Valley - 127.0 Parliament
Hunter Mill,Week5,Camelot,Week4,279.0 Hunter Mill - 123.0 Camelot
Hunt Valley,Week1,Little Rocky Run,Week5,218.0 Little Rocky Run - 184.0 Hunt Valley
Hunt Valley,Week1,Pinecrest,Week2,218.0 Pinecrest - 184.0 Hunt Valley
Hunt Valley,Week2,Little Rocky Run,Week1,208.0 Little Rocky Run - 194.0 Hunt Valley
Holmes Run Acres,Week5,Great Falls,Week5,226.0 Holmes Run Acres - 176.0 Great Falls
Hunt Valley,Week5,Parliament,Week1,278.5 Hunt Valley - 123.5 Parliament
Hunt Valley,Week1,Sully Station II,Week1,211.0 Hunt Valley - 191.0 Sully Station II
Holmes Run Acres,Week1,Riverside Gardens,Week4,276.0 Riverside Gardens - 126.0 Holmes Run Acres
Hunt Valley,Week1,Sully Station II,Week2,204.0 Hunt Valley - 198.0 Sully Station II
Hunter Mill,Week4,Camelot,Week1,273.5 Hunter Mill - 128.5 Camelot
Hunt Valley,Week1,Long Branch,Week4,301.0 Hunt Valley - 101.0 Long Branch
Hunt Valley,Week4,Sully Station,Week1,210.0 Hunt Valley - 192.0 Sully Station
Hunter Mill,Week3,Camelot,Week4,279.0 Hunter Mill - 123.0 Camelot
Hunt Valley,Week2,Wakefield Chapel,Week3,247.0 Wakefield Chapel - 155.0 Hunt Valley
Hunt Valley,Week1,Long Branch,Week1,300.0 Hunt Valley - 102.0 Long Branch
Hunt Valley,Week5,Virginia Run,Week4,270.0 Hunt Valley - 132.0 Virginia Run
Hunt Valley,Week1,Pinecrest,Week5,208.5 Pinecrest - 193.5 Hunt Valley
Hunt Valley,Week5,Sully Station,Week5,207.0 Hunt Valley - 195.0 Sully Station
Hunter Mill,Week3,Canterbury Woods,Week1,284.0 Hunter Mill - 118.0 Canterbury Woods
Hunt Valley,Week2,Wakefield Chapel,Week4,227.0 Wakefield Chapel - 175.0 Hunt Valley
Holmes Run Acres,Week1,Riverside Gardens,Week3,261.0 Riverside Gardens - 141.0 Holmes Run Acres
Hunt Valley,Week4,Little Rocky Run,Week2,205.5 Hunt Valley - 196.5 Little Rocky Run
Holmes Run Acres,Week4,Riverside Gardens,Week5,267.0 Riverside Gardens - 135.0 Holmes Run Acres
Holmes Run Acres,Week5,Ravensworth Farm,Week3,215.0 Holmes Run Acres - 187.0 Ravensworth Farm
Hunt Valley,Week4,Virginia Run,Week4,257.0 Hunt Valley - 145.0 Virginia Run
Hunter Mill,Week5,Camelot,Week5,271.5 Hunter Mill - 130.5 Camelot
Hunt Valley,Week5,Parliament,Week3,294.0 Hunt Valley - 108.0 Parliament
Hunt Valley,Week2,Pinecrest,Week1,215.0 Hunt Valley - 187.0 Pinecrest
Hunt Valley,Week5,Little Rocky Run,Week4,211.0 Hunt Valley - 191.0 Little Rocky Run
Holmes Run Acres,Week4,Great Falls,Week1,231.0 Holmes Run Acres - 170.0 Great Falls
Hunter Mill,Week2,Camelot,Week4,259.0 Hunter Mill - 143.0 Camelot
Hunt Valley,Week5,Virginia Run,Week2,270.0 Hunt Valley - 132.0 Virginia Run
Holmes Run Acres,Week3,Great Falls,Week3,228.0 Holmes Run Acres - 174.0 Great Falls
Hunt Valley,Week1,Sully Station II,Week3,229.0 Sully Station II - 173.0 Hunt Valley
Holmes Run Acres,Week3,Riverside Gardens,Week3,230.0 Riverside Gardens - 172.0 Holmes Run Acres
Holmes Run Acres,Week3,Riverside Gardens,Week5,248.0 Riverside Gardens - 154.0 Holmes Run Acres
Hunt Valley,Week5,Sully Station,Week3,222.0 Hunt Valley - 180.0 Sully Station
Hunt Valley,Week2,Wakefield Chapel,Week2,235.0 Wakefield Chapel - 167.0 Hunt Valley
Holmes Run Acres,Week1,Greenbriar,Week2,238.0 Greenbriar - 164.0 Holmes Run Acres
Holmes Run Acres,Week3,Great Falls,Week5,217.0 Holmes Run Acres - 185.0 Great Falls
Hunter Mill,Week1,Canterbury Woods,Week4,271.0 Hunter Mill - 131.0 Canterbury Woods
Hunter Mill,Week1,Canterbury Woods,Week5,269.0 Hunter Mill - 128.0 Canterbury Woods
Hunt Valley,Week2,Pinecrest,Week3,215.5 Pinecrest - 186.5 Hunt Valley
Hunt Valley,Week1,Wakefield Chapel,Week3,245.0 Wakefield Chapel - 157.0 Hunt Valley
Hunt Valley,Week3,Little Rocky Run,Week2,221.0 Hunt Valley - 181.0 Little Rocky Run
Hunt Valley,Week1,Sully Station II,Week4,222.0 Hunt Valley - 180.0 Sully Station II
Holmes Run Acres,Week3,Riverside Gardens,Week1,213.5 Riverside Gardens - 188.5 Holmes Run Acres
Holmes Run Acres,Week3,Great Falls,Week4,237.0 Holmes Run Acres - 165.0 Great Falls
Hunt Valley,Week1,Sully Station II,Week5,232.0 Sully Station II - 170.0 Hunt Valley
Hunter Mill,Week4,Camelot,Week4,276.0 Hunter Mill - 126.0 Camelot
Hunt Valley,Week4,Little Rocky Run,Week4,218.0 Hunt Valley - 184.0 Little Rocky Run
Hunt Valley,Week3,Sully Station,Week5,212.0 Hunt Valley - 190.0 Sully Station
Hunt Valley,Week2,Wakefield Chapel,Week5,266.0 Wakefield Chapel - 136.0 Hunt Valley
Hunter Mill,Week4,Camelot,Week3,269.0 Hunter Mill - 133.0 Camelot
Holmes Run Acres,Week2,Riverside Gardens,Week5,277.5 Riverside Gardens - 124.5 Holmes Run Acres
Hunt Valley,Week2,Pinecrest,Week2,213.0 Pinecrest - 189.0 Hunt Valley
Hunt Valley,Week3,Little Rocky Run,Week3,212.0 Hunt Valley - 190.0 Little Rocky Run
Holmes Run Acres,Week2,Great Falls,Week5,219.0 Great Falls - 183.0 Holmes Run Acres
Hunt Valley,Week4,Pinecrest,Week1,210.0 Hunt Valley - 192.0 Pinecrest
Holmes Run Acres,Week4,Great Falls,Week3,206.0 Holmes Run Acres - 196.0 Great Falls
Hunt Valley,Week2,Sully Station II,Week2,204.0 Sully Station II - 198.0 Hunt Valley
Hunt Valley,Week5,Sully Station,Week4,219.0 Hunt Valley - 183.0 Sully Station
Hunt Valley,Week2,Sully Station II,Week1,226.0 Hunt Valley - 176.0 Sully Station II
Hunt Valley,Week5,Virginia Run,Week3,269.0 Hunt Valley - 133.0 Virginia Run
Holmes Run Acres,Week4,Riverside Gardens,Week1,255.0 Riverside Gardens - 147.0 Holmes Run Acres
Hunt Valley,Week5,High Point Pool,Week5,258.0 Hunt Valley - 144.0 High Point Pool
Holmes Run Acres,Week4,Riverside Gardens,Week2,231.0 Riverside Gardens - 171.0 Holmes Run Acres
Hunt Valley,Week5,Little Rocky Run,Week1,228.5 Hunt Valley - 173.5 Little Rocky Run
Hunt Valley,Week3,High Point Pool,Week4,251.0 Hunt Valley - 151.0 High Point Pool
Holmes Run Acres,Week5,Ravensworth Farm,Week5,206.0 Ravensworth Farm - 196.0 Holmes Run Acres
Hunt Valley,Week4,Pinecrest,Week4,209.0 Pinecrest - 193.0 Hunt Valley
Hunt Valley,Week3,Wakefield Chapel,Week1,218.0 Wakefield Chapel - 184.0 Hunt Valley
Hunt Valley,Week3,Pinecrest,Week1,219.0 Hunt Valley - 183.0 Pinecrest
Holmes Run Acres,Week1,Riverside Gardens,Week2,243.0 Riverside Gardens - 159.0 Holmes Run Acres
Hunter Mill,Week3,Canterbury Woods,Week4,282.0 Hunter Mill - 120.0 Canterbury Woods
Hunt Valley,Week5,Pinecrest,Week1,213.0 Hunt Valley - 189.0 Pinecrest
Hunter Mill,Week5,Camelot,Week3,278.0 Hunter Mill - 124.0 Camelot
Hunt Valley,Week1,Little Rocky Run,Week4,202.0 Little Rocky Run - 200.0 Hunt Valley
Hunt Valley,Week3,Highland Park,Week3,269.0 Hunt Valley - 133.0 Highland Park
Holmes Run Acres,Week4,Riverside Gardens,Week3,263.5 Riverside Gardens - 138.5 Holmes Run Acres
Hunt Valley,Week4,Little Rocky Run,Week3,201.0 Hunt Valley - 201.0 Little Rocky Run
Hunt Valley,Week4,Pinecrest,Week3,211.0 Pinecrest - 191.0 Hunt Valley
Hunt Valley,Week1,Wakefield Chapel,Week2,234.0 Wakefield Chapel - 168.0 Hunt Valley
Hunter Mill,Week5,Canterbury Woods,Week1,293.0 Hunter Mill - 109.0 Canterbury Woods
Hunt Valley,Week4,Little Rocky Run,Week5,209.0 Little Rocky Run - 193.0 Hunt Valley
Hunt Valley,Week4,Virginia Run,Week5,240.0 Hunt Valley - 162.0 Virginia Run
Hunter Mill,Week2,Canterbury Woods,Week4,270.0 Hunter Mill - 132.0 Canterbury Woods
Hunt Valley,Week4,Sully Station,Week4,212.0 Hunt Valley - 190.0 Sully Station
Hunt Valley,Week5,High Point Pool,Week3,259.5 Hunt Valley - 142.5 High Point Pool
Hunt Valley,Week3,Poplar Tree,Week3,235.0 Hunt Valley - 167.0 Poplar Tree
Hunt Valley,Week3,Pinewood Lake,Week1,381.0 Hunt Valley - 20.0 Pinewood Lake
Holmes Run Acres,Week4,Riverside Gardens,Week4,276.0 Riverside Gardens - 126.0 Holmes Run Acres
Hunt Valley,Week4,Poplar Tree,Week3,222.0 Hunt Valley - 180.0 Poplar Tree
Holmes Run Acres,Week2,Riverside Gardens,Week3,282.0 Riverside Gardens - 120.0 Holmes Run Acres
Hunt Valley,Week1,Highland Park,Week4,244.0 Hunt Valley - 158.0 Highland Park
Hunter Mill,Week1,Canterbury Woods,Week1,285.0 Hunter Mill - 112.0 Canterbury Woods
Hunt Valley,Week3,Wakefield Chapel,Week2,202.0 Hunt Valley - 200.0 Wakefield Chapel
Hunt Valley,Week5,Little Rocky Run,Week3,208.0 Hunt Valley - 194.0 Little Rocky Run
Hunt Valley,Week5,High Point Pool,Week2,247.5 Hunt Valley - 154.5 High Point Pool
Hunter Mill,Week3,Camelot,Week1,266.0 Hunter Mill - 135.0 Camelot
Hunt Valley,Week1,Ravensworth Farm,Week3,249.0 Hunt Valley - 153.0 Ravensworth Farm
Hunt Valley,Week5,Wakefield Chapel,Week3,214.0 Wakefield Chapel - 188.0 Hunt Valley
Hunt Valley,Week5,Poplar Tree,Week3,224.0 Hunt Valley - 178.0 Poplar Tree
Hunt Valley,Week2,Highland Park,Week3,261.0 Hunt Valley - 141.0 Highland Park
Hunt Valley,Week5,Little Rocky Run,Week5,213.0 Little Rocky Run - 189.0 Hunt Valley
Hunter Mill,Week5,Canterbury Woods,Week4,274.0 Hunter Mill - 128.0 Canterbury Woods
Holmes Run Acres,Week5,Riverside Gardens,Week5,224.0 Riverside Gardens - 178.0 Holmes Run Acres
Hunt Valley,Week2,Little Rocky Run,Week5,222.0 Little Rocky Run - 180.0 Hunt Valley
Hunter Mill,Week1,Canterbury Woods,Week3,280.0 Hunter Mill - 122.0 Canterbury Woods
Hunt Valley,Week5,High Point Pool,Week1,265.0 Hunt Valley - 137.0 High Point Pool
Hunt Valley,Week1,Walden Glen,Week2,310.0 Hunt Valley - 92.0 Walden Glen
Hunt Valley,Week3,Highland Park,Week5,273.0 Hunt Valley - 129.0 Highland Park
Hunt Valley,Week2,Pinewood Lake,Week5,375.0 Hunt Valley - 26.0 Pinewood Lake
Hunt Valley,Week3,Wakefield Chapel,Week4,212.0 Wakefield Chapel - 190.0 Hunt Valley
Hunt Valley,Week4,Highland Park,Week3,261.0 Hunt Valley - 141.0 Highland Park
Hunt Valley,Week1,Pinewood Lake,Week1,377.0 Hunt Valley - 25.0 Pinewood Lake
Hunter Mill,Week2,Canterbury Woods,Week1,280.0 Hunter Mill - 122.0 Canterbury Woods
Hunt Valley,Week2,Poplar Tree,Week4,226.0 Hunt Valley - 176.0 Poplar Tree
Hunt Valley,Week3,Pinecrest,Week4,209.0 Hunt Valley - 193.0 Pinecrest
Hunt Valley,Week4,Wakefield Chapel,Week1,235.0 Wakefield Chapel - 167.0 Hunt Valley
Hunt Valley,Week1,Walden Glen,Week3,314.0 Hunt Valley - 88.0 Walden Glen
Holmes Run Acres,Week5,Riverside Gardens,Week4,233.0 Riverside Gardens - 169.0 Holmes Run Acres
Holmes Run Acres,Week5,Riverside Gardens,Week2,210.0 Holmes Run Acres - 192.0 Riverside Gardens
Hunt Valley,Week2,Long Branch,Week2,317.0 Hunt Valley - 85.0 Long Branch
Hunter Mill,Week2,Camelot,Week5,237.0 Hunter Mill - 164.0 Camelot
Holmes Run Acres,Week1,Riverside Gardens,Week1,253.0 Riverside Gardens - 149.0 Holmes Run Acres
Hunt Valley,Week2,Long Branch,Week4,316.0 Hunt Valley - 86.0 Long Branch
Hunt Valley,Week3,Pinewood Lake,Week2,385.0 Hunt Valley - 16.0 Pinewood Lake
Hunt Valley,Week1,Long Branch,Week3,302.0 Hunt Valley - 100.0 Long Branch
Hunt Valley,Week2,Long Branch,Week3,308.0 Hunt Valley - 94.0 Long Branch
Hunt Valley,Week5,Pinecrest,Week4,214.0 Hunt Valley - 188.0 Pinecrest
Hunt Valley,Week5,Wakefield Chapel,Week2,208.0 Wakefield Chapel - 194.0 Hunt Valley
Hunter Mill,Week2,Camelot,Week3,249.0 Hunter Mill - 153.0 Camelot
Hunt Valley,Week1,Long Branch,Week5,295.0 Hunt Valley - 107.0 Long Branch
Hunt Valley,Week1,Highland Park,Week1,244.0 Hunt Valley - 158.0 Highland Park
Holmes Run Acres,Week5,Riverside Gardens,Week1,211.0 Riverside Gardens - 191.0 Holmes Run Acres
Hunt Valley,Week5,Pinecrest,Week2,206.0 Hunt Valley - 196.0 Pinecrest
Hunt Valley,Week2,Walden Glen,Week1,333.0 Hunt Valley - 69.0 Walden Glen
Hunt Valley,Week4,Poplar Tree,Week5,207.0 Hunt Valley - 195.0 Poplar Tree
Hunt Valley,Week5,Poplar Tree,Week1,225.0 Hunt Valley - 177.0 Poplar Tree
Hunt Valley,Week1,Poplar Tree,Week5,202.5 Hunt Valley - 199.5 Poplar Tree
Hunt Valley,Week3,Pinecrest,Week2,205.0 Hunt Valley - 197.0 Pinecrest
Hunt Valley,Week2,Poplar Tree,Week5,208.0 Poplar Tree - 194.0 Hunt Valley
Hunt Valley,Week2,Walden Glen,Week4,300.0 Hunt Valley - 102.0 Walden Glen
Hunt Valley,Week3,Long Branch,Week1,324.0 Hunt Valley - 78.0 Long Branch
Hunt Valley,Week5,Pinecrest,Week5,212.0 Hunt Valley - 190.0 Pinecrest
Hunter Mill,Week4,Camelot,Week2,251.0 Hunter Mill - 151.0 Camelot
Hunt Valley,Week1,Highland Park,Week5,245.0 Hunt Valley - 157.0 Highland Park
Hunt Valley,Week3,Walden Glen,Week2,325.5 Hunt Valley - 75.5 Walden Glen
Hunter Mill,Week3,Camelot,Week3,277.0 Hunter Mill - 125.0 Camelot
Hunt Valley,Week2,Highland Park,Week1,248.0 Hunt Valley - 154.0 Highland Park
Hunter Mill,Week4,Camelot,Week5,264.0 Hunter Mill - 138.0 Camelot
Holmes Run Acres,Week1,Rolling Forest,Week2,225.0 Holmes Run Acres - 177.0 Rolling Forest
Hunt Valley,Week3,Walden Glen,Week1,337.0 Hunt Valley - 65.0 Walden Glen
Hunt Valley,Week3,Pinecrest,Week5,217.0 Hunt Valley - 185.0 Pinecrest
Hunt Valley,Week3,Ravensworth Farm,Week2,277.0 Hunt Valley - 125.0 Ravensworth Farm
Hunt Valley,Week3,Highland Park,Week1,255.0 Hunt Valley - 147.0 Highland Park
Holmes Run Acres,Week1,Rolling Forest,Week3,221.0 Rolling Forest - 181.0 Holmes Run Acres
Holmes Run Acres,Week1,Rolling Forest,Week1,201.0 Holmes Run Acres - 201.0 Rolling Forest
Hunt Valley,Week3,Long Branch,Week2,317.0 Hunt Valley - 85.0 Long Branch
Hunt Valley,Week3,Poplar Tree,Week1,228.5 Hunt Valley - 173.5 Poplar Tree
Hunt Valley,Week3,High Point Pool,Week5,259.0 Hunt Valley - 143.0 High Point Pool
Hunt Valley,Week4,Poplar Tree,Week2,237.5 Hunt Valley - 164.5 Poplar Tree
Hunt Valley,Week2,Long Branch,Week5,303.0 Hunt Valley - 99.0 Long Branch
Hunt Valley,Week3,Walden Glen,Week3,333.0 Hunt Valley - 69.0 Walden Glen
Hunt Valley,Week4,Pinecrest,Week2,217.0 Pinecrest - 185.0 Hunt Valley
Hunt Valley,Week2,Highland Park,Week4,247.0 Hunt Valley - 155.0 Highland Park
Hunt Valley,Week4,Highland Park,Week1,243.0 Hunt Valley - 159.0 Highland Park
Holmes Run Acres,Week5,Rolling Forest,Week3,236.0 Holmes Run Acres - 166.0 Rolling Forest
Hunter Mill,Week3,Camelot,Week5,267.0 Hunter Mill - 135.0 Camelot
Hunt Valley,Week3,Pinecrest,Week3,207.0 Hunt Valley - 195.0 Pinecrest
Hunt Valley,Week5,Poplar Tree,Week4,240.5 Hunt Valley - 161.5 Poplar Tree
Hunter Mill,Week3,Camelot,Week2,261.0 Hunter Mill - 141.0 Camelot
Hunt Valley,Week1,Hollin Meadows,Week3,273.0 Hunt Valley - 129.0 Hollin Meadows
Hunt Valley,Week5,Wakefield Chapel,Week5,234.5 Wakefield Chapel - 167.5 Hunt Valley
Hunter Mill,Week5,Camelot,Week1,273.0 Hunter Mill - 129.0 Camelot
Hunt Valley,Week3,Long Branch,Week4,329.0 Hunt Valley - 73.0 Long Branch
Hunt Valley,Week2,Pinecrest,Week5,213.0 Pinecrest - 189.0 Hunt Valley
Holmes Run Acres,Week4,Rolling Forest,Week2,229.0 Holmes Run Acres - 173.0 Rolling Forest
Hunt Valley,Week2,Walden Glen,Week2,307.5 Hunt Valley - 93.5 Walden Glen
Hunt Valley,Week4,Poplar Tree,Week1,210.0 Hunt Valley - 192.0 Poplar Tree
Hunt Valley,Week4,High Point Pool,Week4,234.5 Hunt Valley - 167.5 High Point Pool
Holmes Run Acres,Week5,Rolling Forest,Week1,262.0 Holmes Run Acres - 140.0 Rolling Forest
Hunt Valley,Week3,Long Branch,Week3,326.0 Hunt Valley - 76.0 Long Branch
Holmes Run Acres,Week2,Rolling Forest,Week2,213.0 Holmes Run Acres - 189.0 Rolling Forest
Hunt Valley,Week1,Poplar Tree,Week2,228.0 Hunt Valley - 169.0 Poplar Tree
Hunt Valley,Week2,Walden Glen,Week3,326.0 Hunt Valley - 76.0 Walden Glen
Hunter Mill,Week5,Camelot,Week2,260.0 Hunter Mill - 142.0 Camelot
Hunt Valley,Week1,Pinewood Lake,Week2,378.0 Hunt Valley - 24.0 Pinewood Lake
Hunter Mill,Week3,Canterbury Woods,Week5,273.0 Hunter Mill - 129.0 Canterbury Woods
Hunt Valley,Week5,Poplar Tree,Week2,265.0 Hunt Valley - 137.0 Poplar Tree
Hunt Valley,Week4,Hollin Hills,Week3,356.0 Hunt Valley - 46.0 Hollin Hills
Hunt Valley,Week2,Hollin Hills,Week4,357.0 Hunt Valley - 44.0 Hollin Hills
Hunt Valley,Week2,Pinewood Lake,Week2,384.0 Hunt Valley - 17.0 Pinewood Lake
Holmes Run Acres,Week1,Rolling Forest,Week5,207.0 Rolling Forest - 195.0 Holmes Run Acres
Hunt Valley,Week1,Pinewood Lake,Week4,374.0 Hunt Valley - 28.0 Pinewood Lake
Holmes Run Acres,Week2,Rolling Forest,Week4,212.5 Holmes Run Acres - 189.5 Rolling Forest
Hunt Valley,Week2,Hollin Hills,Week3,353.0 Hunt Valley - 49.0 Hollin Hills
Hunt Valley,Week1,Hollin Hills,Week3,346.0 Hunt Valley - 56.0 Hollin Hills
Holmes Run Acres,Week1,Rolling Forest,Week4,203.0 Rolling Forest - 199.0 Holmes Run Acres
Hunt Valley,Week4,Pinecrest,Week5,207.0 Pinecrest - 195.0 Hunt Valley
Holmes Run Acres,Week3,Rolling Forest,Week2,264.0 Holmes Run Acres - 138.0 Rolling Forest
Hunt Valley,Week4,High Point Pool,Week2,227.0 Hunt Valley - 175.0 High Point Pool
Hunt Valley,Week4,Wakefield Chapel,Week4,215.0 Wakefield Chapel - 187.0 Hunt Valley
Hunter Mill,Week2,Canterbury Woods,Week2,280.0 Hunter Mill - 122.0 Canterbury Woods
Hunt Valley,Week1,Pinewood Lake,Week3,380.0 Hunt Valley - 22.0 Pinewood Lake
Hunt Valley,Week2,Highland Park,Week2,253.0 Hunt Valley - 149.0 Highland Park
Hunt Valley,Week5,Wakefield Chapel,Week4,201.0 Hunt Valley - 201.0 Wakefield Chapel
Hunt Valley,Week4,High Point Pool,Week3,236.0 Hunt Valley - 166.0 High Point Pool
Hunt Valley,Week1,Poplar Tree,Week3,216.0 Hunt Valley - 186.0 Poplar Tree
Hunter Mill,Week2,Canterbury Woods,Week5,277.0 Hunter Mill - 125.0 Canterbury Woods
Hunt Valley,Week3,Hollin Hills,Week2,360.0 Hunt Valley - 41.0 Hollin Hills
Hunt Valley,Week1,Walden Glen,Week5,282.0 Hunt Valley - 120.0 Walden Glen
Hunter Mill,Week2,Canterbury Woods,Week3,269.0 Hunter Mill - 133.0 Canterbury Woods
Hunter Mill,Week3,Canterbury Woods,Week3,283.0 Hunter Mill - 119.0 Canterbury Woods
Holmes Run Acres,Week4,Rolling Forest,Week5,206.0 Rolling Forest - 196.0 Holmes Run Acres
Hunt Valley,Week2,Highland Park,Week5,245.5 Hunt Valley - 156.5 Highland Park
Hunt Valley,Week4,Hollin Hills,Week2,343.0 Hunt Valley - 58.0 Hollin Hills
Holmes Run Acres,Week2,Rolling Forest,Week3,209.0 Rolling Forest - 193.0 Holmes Run Acres
Hunter Mill,Week1,Canterbury Woods,Week2,299.0 Hunter Mill - 103.0 Canterbury Woods
Hunt Valley,Week2,Hollin Hills,Week2,344.0 Hunt Valley - 57.0 Hollin Hills
Hunt Valley,Week2,Walden Glen,Week5,279.0 Hunt Valley - 123.0 Walden Glen
Hunt Valley,Week3,Highland Park,Week2,277.0 Hunt Valley - 125.0 Highland Park
Hunt Valley,Week4,Poplar Tree,Week4,221.5 Hunt Valley - 180.5 Poplar Tree
Hunt Valley,Week5,High Point Pool,Week4,251.5 Hunt Valley - 150.5 High Point Pool
Hunt Valley,Week5,Wakefield Chapel,Week1,229.0 Wakefield Chapel - 173.0 Hunt Valley
Hunt Valley,Week2,Pinewood Lake,Week1,377.0 Hunt Valley - 24.0 Pinewood Lake
Hunter Mill,Week4,Canterbury Woods,Week1,286.0 Hunter Mill - 116.0 Canterbury Woods
Hunt Valley,Week5,Pinecrest,Week3,212.0 Hunt Valley - 190.0 Pinecrest
Hunt Valley,Week4,High Point Pool,Week5,231.0 Hunt Valley - 171.0 High Point Pool
Hunt Valley,Week3,Poplar Tree,Week4,235.0 Hunt Valley - 167.0 Poplar Tree
Holmes Run Acres,Week5,Rolling Forest,Week2,267.0 Holmes Run Acres - 135.0 Rolling Forest
Hunt Valley,Week1,Hollin Hills,Week4,354.0 Hunt Valley - 48.0 Hollin Hills
Hunt Valley,Week1,Ravensworth Farm,Week2,256.0 Hunt Valley - 146.0 Ravensworth Farm
Hunt Valley,Week4,Wakefield Chapel,Week5,251.0 Wakefield Chapel - 151.0 Hunt Valley
Hunt Valley,Week3,Poplar Tree,Week2,248.0 Hunt Valley - 154.0 Poplar Tree
Hunt Valley,Week1,Pinewood Lake,Week5,368.0 Hunt Valley - 34.0 Pinewood Lake
Hunt Valley,Week3,Poplar Tree,Week5,214.0 Hunt Valley - 188.0 Poplar Tree
Hunt Valley,Week4,Wakefield Chapel,Week2,226.0 Wakefield Chapel - 176.0 Hunt Valley
Hunt Valley,Week4,High Point Pool,Week1,248.0 Hunt Valley - 154.0 High Point Pool
Hunter Mill,Week4,Canterbury Woods,Week2,292.0 Hunter Mill - 110.0 Canterbury Woods
Hunt Valley,Week2,Pinewood Lake,Week3,388.0 Hunt Valley - 13.0 Pinewood Lake
Hunt Valley,Week2,Poplar Tree,Week2,240.0 Hunt Valley - 162.0 Poplar Tree
Hunt Valley,Week1,Walden Glen,Week4,306.0 Hunt Valley - 96.0 Walden Glen
Hunt Valley,Week4,Wakefield Chapel,Week3,240.0 Wakefield Chapel - 162.0 Hunt Valley
Hunter Mill,Week4,Canterbury Woods,Week4,265.0 Hunter Mill - 137.0 Canterbury Woods
Hunt Valley,Week2,Poplar Tree,Week1,212.0 Hunt Valley - 190.0 Poplar Tree
Hunter Mill,Week4,Canterbury Woods,Week3,275.0 Hunter Mill - 127.0 Canterbury Woods
Holmes Run Acres,Week1,Rolling Hills,Week1,238.0 Holmes Run Acres - 163.0 Rolling Hills
Hunt Valley,Week1,Highland Park,Week3,252.0 Hunt Valley - 150.0 Highland Park
Hunt Valley,Week2,Pinewood Lake,Week4,384.0 Hunt Valley - 17.0 Pinewood Lake
Hunt Valley,Week2,Poplar Tree,Week3,214.5 Hunt Valley - 187.5 Poplar Tree
Holmes Run Acres,Week5,Rolling Forest,Week5,243.0 Holmes Run Acres - 159.0 Rolling Forest
Hunt Valley,Week1,Highland Park,Week2,254.0 Hunt Valley - 148.0 Highland Park
Hunt Valley,Week3,Hollin Hills,Week5,359.0 Hunt Valley - 43.0 Hollin Hills
Hunt Valley,Week1,Walden Glen,Week1,324.0 Hunt Valley - 78.0 Walden Glen
Hunt Valley,Week2,Pleasant Valley,Week4,347.0 Hunt Valley - 54.0 Pleasant Valley
Holmes Run Acres,Week5,Rolling Forest,Week4,259.0 Holmes Run Acres - 143.0 Rolling Forest
Hunt Valley,Week4,Hollin Hills,Week1,359.0 Hunt Valley - 42.0 Hollin Hills
Hunt Valley,Week3,Hollin Hills,Week1,369.0 Hunt Valley - 32.0 Hollin Hills
Hunt Valley,Week3,Waynewood,Week3,219.0 Hunt Valley - 183.0 Waynewood
Hunt Valley,Week5,Hollin Hills,Week1,372.0 Hunt Valley - 30.0 Hollin Hills
Hunt Valley,Week4,Highland Park,Week2,262.0 Hunt Valley - 140.0 Highland Park
Hunt Valley,Week5,Highland Park,Week3,287.0 Hunt Valley - 115.0 Highland Park
Hunt Valley,Week2,Hollin Hills,Week1,362.0 Hunt Valley - 39.0 Hollin Hills
Hunt Valley,Week4,Highlands Swim,Week4,221.5 Highlands Swim - 180.5 Hunt Valley
Hunt Valley,Week5,Walden Glen,Week1,352.0 Hunt Valley - 50.0 Walden Glen
Hunt Valley,Week1,Ravensworth Farm,Week5,225.0 Hunt Valley - 177.0 Ravensworth Farm
Hunt Valley,Week4,Hollin Hills,Week5,344.0 Hunt Valley - 58.0 Hollin Hills
Hunter Mill,Week5,Canterbury Woods,Week2,288.0 Hunter Mill - 114.0 Canterbury Woods
Hunt Valley,Week2,Pleasant Valley,Week5,337.0 Hunt Valley - 64.0 Pleasant Valley
Hunt Valley,Week5,Poplar Tree,Week5,206.0 Hunt Valley - 196.0 Poplar Tree
Hunter Mill,Week1,Cardinal Hill,Week1,225.0 Cardinal Hill - 177.0 Hunter Mill
Holmes Run Acres,Week2,Rolling Forest,Week1,200.5 Holmes Run Acres - 196.5 Rolling Forest
Hunt Valley,Week4,Hollin Hills,Week4,356.0 Hunt Valley - 44.0 Hollin Hills
Hunter Mill,Week5,Canterbury Woods,Week3,278.0 Hunter Mill - 124.0 Canterbury Woods
Hunt Valley,Week1,Ravensworth Farm,Week4,241.0 Hunt Valley - 161.0 Ravensworth Farm
Hunt Valley,Week3,Pleasant Valley,Week5,348.0 Hunt Valley - 54.0 Pleasant Valley
Holmes Run Acres,Week3,Rolling Forest,Week1,255.0 Holmes Run Acres - 147.0 Rolling Forest
Hunt Valley,Week3,Highland Park,Week4,267.0 Hunt Valley - 135.0 Highland Park
Hunt Valley,Week1,Poplar Tree,Week4,224.0 Hunt Valley - 178.0 Poplar Tree
Hunt Valley,Week1,Pleasant Valley,Week5,333.0 Hunt Valley - 69.0 Pleasant Valley
Holmes Run Acres,Week3,Rolling Forest,Week5,240.0 Holmes Run Acres - 162.0 Rolling Forest
Hunter Mill,Week4,Canterbury Woods,Week5,267.0 Hunter Mill - 135.0 Canterbury Woods
Hunt Valley,Week1,Waynewood,Week3,202.0 Hunt Valley - 200.0 Waynewood
Hunter Mill,Week3,Canterbury Woods,Week2,288.0 Hunter Mill - 114.0 Canterbury Woods
Holmes Run Acres,Week4,Rolling Forest,Week4,216.5 Holmes Run Acres - 185.5 Rolling Forest
Hunt Valley,Week1,Waynewood,Week1,233.0 Hunt Valley - 169.0 Waynewood
Hunt Valley,Week3,Pinewood Lake,Week3,389.0 Hunt Valley - 12.0 Pinewood Lake
Hunt Valley,Week4,Walden Glen,Week1,327.0 Hunt Valley - 75.0 Walden Glen
Holmes Run Acres,Week4,Rolling Forest,Week1,214.0 Holmes Run Acres - 188.0 Rolling Forest
Holmes Run Acres,Week3,Rolling Forest,Week4,257.0 Holmes Run Acres - 145.0 Rolling Forest
Hunt Valley,Week5,Hollin Hills,Week2,365.0 Hunt Valley - 37.0 Hollin Hills
Hunt Valley,Week5,Pinewood Lake,Week3,391.0 Hunt Valley - 11.0 Pinewood Lake
Hunt Valley,Week2,Ravensworth Farm,Week5,223.0 Hunt Valley - 179.0 Ravensworth Farm
Hunt Valley,Week1,Riverside Gardens,Week5,214.0 Riverside Gardens - 188.0 Hunt Valley
Hunt Valley,Week1,Hollin Meadows,Week2,266.0 Hunt Valley - 136.0 Hollin Meadows
Hunt Valley,Week5,Highlands Swim,Week1,228.0 Highlands Swim - 174.0 Hunt Valley
Hunt Valley,Week5,Pinewood Lake,Week1,383.0 Hunt Valley - 19.0 Pinewood Lake
Hunt Valley,Week5,Pinewood Lake,Week4,390.0 Hunt Valley - 12.0 Pinewood Lake
Hunt Valley,Week2,Ravensworth Farm,Week1,242.5 Hunt Valley - 159.5 Ravensworth Farm
Hunter Mill,Week1,Cardinal Hill,Week2,199.0 Hunter Mill - 198.0 Cardinal Hill
Hunt Valley,Week3,Walden Glen,Week5,305.0 Hunt Valley - 97.0 Walden Glen
Hunt Valley,Week1,Ravensworth Farm,Week1,243.0 Hunt Valley - 159.0 Ravensworth Farm
Hunter Mill,Week2,Cardinal Hill,Week3,234.0 Cardinal Hill - 168.0 Hunter Mill
Hunt Valley,Week2,Ravensworth Farm,Week3,241.0 Hunt Valley - 161.0 Ravensworth Farm
Holmes Run Acres,Week2,Rolling Forest,Week5,209.5 Rolling Forest - 192.5 Holmes Run Acres
Hunt Valley,Week5,Hollin Hills,Week5,353.0 Hunt Valley - 49.0 Hollin Hills
Hunt Valley,Week3,Walden Glen,Week4,322.0 Hunt Valley - 80.0 Walden Glen
Hunt Valley,Week4,Highland Park,Week4,248.0 Hunt Valley - 154.0 Highland Park
Holmes Run Acres,Week4,Rolling Forest,Week3,214.0 Holmes Run Acres - 188.0 Rolling Forest
Hunt Valley,Week4,Pinewood Lake,Week4,375.0 Hunt Valley - 26.0 Pinewood Lake
Hunt Valley,Week1,Highlands Swim,Week3,232.0 Highlands Swim - 170.0 Hunt Valley
Hunt Valley,Week5,Highland Park,Week4,273.5 Hunt Valley - 128.5 Highland Park
Hunt Valley,Week2,Hollin Hills,Week5,351.0 Hunt Valley - 51.0 Hollin Hills
Hunt Valley,Week3,Hollin Hills,Week4,373.0 Hunt Valley - 27.0 Hollin Hills
Hunt Valley,Week3,Pleasant Valley,Week4,358.0 Hunt Valley - 44.0 Pleasant Valley
Hunt Valley,Week4,Waynewood,Week5,221.0 Hunt Valley - 181.0 Waynewood
Holmes Run Acres,Week3,Rolling Forest,Week3,237.0 Holmes Run Acres - 165.0 Rolling Forest
Hunt Valley,Week2,Ravensworth Farm,Week4,241.0 Hunt Valley - 161.0 Ravensworth Farm
Hunt Valley,Week1,Highlands Swim,Week1,239.0 Highlands Swim - 163.0 Hunt Valley
Hunter Mill,Week4,Cardinal Hill,Week1,202.0 Cardinal Hill - 200.0 Hunter Mill
Hunt Valley,Week2,Waynewood,Week3,205.0 Waynewood - 197.0 Hunt Valley
Hunt Valley,Week4,Pinewood Lake,Week3,383.0 Hunt Valley - 18.0 Pinewood Lake
Hunt Valley,Week5,Highlands Swim,Week3,220.0 Highlands Swim - 182.0 Hunt Valley
Hunter Mill,Week2,Cardinal Hill,Week2,218.0 Hunter Mill - 184.0 Cardinal Hill
Hunter Mill,Week1,Cardinal Hill,Week5,211.0 Cardinal Hill - 191.0 Hunter Mill
Hunt Valley,Week1,Pleasant Valley,Week3,325.0 Hunt Valley - 77.0 Pleasant Valley
Hunt Valley,Week1,Holmes Run Acres,Week2,259.0 Hunt Valley - 143.0 Holmes Run Acres
Hunter Mill,Week3,Cardinal Hill,Week4,218.0 Hunter Mill - 184.0 Cardinal Hill
Hunt Valley,Week4,Waynewood,Week3,211.0 Hunt Valley - 191.0 Waynewood
Hunt Valley,Week5,Hollin Hills,Week4,369.0 Hunt Valley - 33.0 Hollin Hills
Hunt Valley,Week3,Ravensworth Farm,Week1,265.0 Hunt Valley - 137.0 Ravensworth Farm
Hunt Valley,Week2,Ravensworth Farm,Week2,256.5 Hunt Valley - 145.5 Ravensworth Farm
Hunt Valley,Week1,Waynewood,Week4,238.5 Hunt Valley - 163.5 Waynewood
Hunt Valley,Week5,Highland Park,Week2,281.0 Hunt Valley - 121.0 Highland Park
Hunt Valley,Week2,Highlands Swim,Week5,263.0 Highlands Swim - 139.0 Hunt Valley
Hunt Valley,Week2,Pleasant Valley,Week3,331.0 Hunt Valley - 71.0 Pleasant Valley
Hunt Valley,Week5,Walden Glen,Week5,306.0 Hunt Valley - 96.0 Walden Glen
Hunter Mill,Week2,Cardinal Hill,Week1,215.0 Cardinal Hill - 187.0 Hunter Mill
Hunt Valley,Week1,Hollin Meadows,Week1,260.0 Hunt Valley - 142.0 Hollin Meadows
Hunter Mill,Week2,Cardinal Hill,Week5,212.0 Cardinal Hill - 190.0 Hunter Mill
Hunt Valley,Week2,Waynewood,Week1,246.0 Hunt Valley - 156.0 Waynewood
Hunter Mill,Week2,Cardinal Hill,Week4,206.0 Cardinal Hill - 196.0 Hunter Mill
Hunt Valley,Week3,Hollin Hills,Week3,363.0 Hunt Valley - 39.0 Hollin Hills
Hunt Valley,Week3,Pleasant Valley,Week1,344.0 Hunt Valley - 58.0 Pleasant Valley
Hunt Valley,Week2,Waynewood,Week5,203.0 Waynewood - 199.0 Hunt Valley
Hunt Valley,Week2,Highlands Swim,Week1,245.0 Highlands Swim - 157.0 Hunt Valley
Hunt Valley,Week1,Riverside Gardens,Week4,204.0 Riverside Gardens - 198.0 Hunt Valley
Hunt Valley,Week1,Highlands Swim,Week5,248.0 Highlands Swim - 149.0 Hunt Valley
Hunt Valley,Week1,Hollin Hills,Week5,344.0 Hunt Valley - 58.0 Hollin Hills
Hunt Valley,Week3,Ravensworth Farm,Week5,237.0 Hunt Valley - 165.0 Ravensworth Farm
Hunt Valley,Week5,Hollin Hills,Week3,367.0 Hunt Valley - 35.0 Hollin Hills
Hunt Valley,Week5,Walden Glen,Week3,343.0 Hunt Valley - 59.0 Walden Glen
Hunt Valley,Week4,Pinewood Lake,Week2,380.0 Hunt Valley - 21.0 Pinewood Lake
Hunt Valley,Week3,Riverside Gardens,Week1,240.0 Hunt Valley - 162.0 Riverside Gardens
Hunt Valley,Week3,Pleasant Valley,Week2,350.5 Hunt Valley - 51.5 Pleasant Valley
Hunt Valley,Week5,Highland Park,Week5,266.0 Hunt Valley - 136.0 Highland Park
Hunter Mill,Week3,Cardinal Hill,Week5,209.0 Hunter Mill - 193.0 Cardinal Hill
Hunter Mill,Week3,Cardinal Hill,Week1,209.0 Cardinal Hill - 193.0 Hunter Mill
Hunt Valley,Week3,Riverside Gardens,Week4,212.0 Hunt Valley - 190.0 Riverside Gardens
Hunt Valley,Week4,Highland Park,Week5,250.0 Hunt Valley - 152.0 Highland Park
Hunt Valley,Week3,Riverside Gardens,Week5,224.0 Hunt Valley - 178.0 Riverside Gardens
Hunt Valley,Week2,Pleasant Valley,Week2,344.0 Hunt Valley - 58.0 Pleasant Valley
Hunt Valley,Week3,Pinewood Lake,Week5,379.0 Hunt Valley - 22.0 Pinewood Lake
Hunt Valley,Week3,Highlands Swim,Week5,233.0 Highlands Swim - 169.0 Hunt Valley
Hunt Valley,Week2,Riverside Gardens,Week3,204.0 Riverside Gardens - 198.0 Hunt Valley
Hunt Valley,Week2,Hollin Meadows,Week2,271.0 Hunt Valley - 131.0 Hollin Meadows
Hunt Valley,Week3,Hollin Meadows,Week5,277.0 Hunt Valley - 125.0 Hollin Meadows
Hunt Valley,Week4,Hollin Meadows,Week1,260.0 Hunt Valley - 142.0 Hollin Meadows
Hunt Valley,Week3,Pinewood Lake,Week4,386.0 Hunt Valley - 15.0 Pinewood Lake
Hunter Mill,Week4,Cardinal Hill,Week2,226.0 Hunter Mill - 176.0 Cardinal Hill
Hunt Valley,Week4,Walden Glen,Week2,310.5 Hunt Valley - 90.5 Walden Glen
Hunt Valley,Week1,Highlands Swim,Week4,240.0 Highlands Swim - 162.0 Hunt Valley
Hunt Valley,Week4,Walden Glen,Week4,304.0 Hunt Valley - 98.0 Walden Glen
Hunt Valley,Week4,Walden Glen,Week3,329.0 Hunt Valley - 73.0 Walden Glen
Hunter Mill,Week1,Cardinal Hill,Week4,219.0 Cardinal Hill - 183.0 Hunter Mill
Hunt Valley,Week5,Ravensworth Farm,Week1,260.0 Hunt Valley - 142.0 Ravensworth Farm
Hunt Valley,Week2,Pleasant Valley,Week1,342.0 Hunt Valley - 60.0 Pleasant Valley
Hunter Mill,Week1,Cardinal Hill,Week3,245.0 Cardinal Hill - 157.0 Hunter Mill
Hunt Valley,Week1,Waynewood,Week5,203.0 Hunt Valley - 199.0 Waynewood
Hunt Valley,Week1,Highlands Swim,Week2,252.5 Highlands Swim - 149.5 Hunt Valley
Hunt Valley,Week1,Pleasant Valley,Week1,329.0 Hunt Valley - 73.0 Pleasant Valley
Hunter Mill,Week3,Cardinal Hill,Week2,225.0 Hunter Mill - 177.0 Cardinal Hill
Hunt Valley,Week3,Hollin Meadows,Week1,278.0 Hunt Valley - 124.0 Hollin Meadows
Hunt Valley,Week3,Riverside Gardens,Week3,223.5 Hunt Valley - 178.5 Riverside Gardens
Hunt Valley,Week2,Highlands Swim,Week3,239.0 Highlands Swim - 163.0 Hunt Valley
Hunt Valley,Week1,Waynewood,Week2,235.0 Hunt Valley - 167.0 Waynewood
Hunt Valley,Week1,Hollin Meadows,Week4,278.0 Hunt Valley - 124.0 Hollin Meadows
Hunt Valley,Week3,Hollin Meadows,Week2,284.0 Hunt Valley - 118.0 Hollin Meadows
Hunt Valley,Week4,Pinewood Lake,Week5,372.0 Hunt Valley - 29.0 Pinewood Lake
Hunt Valley,Week5,Ravensworth Farm,Week5,238.0 Hunt Valley - 164.0 Ravensworth Farm
Hunt Valley,Week3,Highlands Swim,Week2,223.0 Highlands Swim - 179.0 Hunt Valley
Hunt Valley,Week4,Hollin Meadows,Week3,283.0 Hunt Valley - 119.0 Hollin Meadows
Hunt Valley,Week3,Highlands Swim,Week3,202.0 Highlands Swim - 200.0 Hunt Valley
Hunt Valley,Week3,Highlands Swim,Week1,208.0 Highlands Swim - 194.0 Hunt Valley
Hunt Valley,Week2,Waynewood,Week2,230.0 Hunt Valley - 172.0 Waynewood
Hunt Valley,Week4,Ravensworth Farm,Week5,234.0 Hunt Valley - 168.0 Ravensworth Farm
Hunt Valley,Week4,Hollin Meadows,Week2,271.0 Hunt Valley - 131.0 Hollin Meadows
Hunt Valley,Week2,Riverside Gardens,Week4,205.0 Riverside Gardens - 197.0 Hunt Valley
Hunt Valley,Week5,Walden Glen,Week4,330.0 Hunt Valley - 72.0 Walden Glen
Hunt Valley,Week4,Pinewood Lake,Week1,373.0 Hunt Valley - 28.0 Pinewood Lake
Hunt Valley,Week3,Highlands Swim,Week4,207.0 Highlands Swim - 195.0 Hunt Valley
Hunter Mill,Week4,Cardinal Hill,Week4,212.0 Hunter Mill - 190.0 Cardinal Hill
Hunt Valley,Week4,Hollin Meadows,Week4,280.0 Hunt Valley - 122.0 Hollin Meadows
Hunt Valley,Week5,Pinewood Lake,Week2,388.0 Hunt Valley - 14.0 Pinewood Lake
Hunter Mill,Week3,Cardinal Hill,Week3,220.0 Cardinal Hill - 182.0 Hunter Mill
Hunter Mill,Week5,Canterbury Woods,Week5,281.0 Hunter Mill - 121.0 Canterbury Woods
Hunt Valley,Week2,Highlands Swim,Week4,238.0 Highlands Swim - 164.0 Hunt Valley
Hunter Mill,Week4,Cardinal Hill,Week3,230.0 Cardinal Hill - 172.0 Hunter Mill
Holmes Run Acres,Week1,Tuckahoe,Week5,352.0 Tuckahoe - 50.0 Holmes Run Acres
Hunt Valley,Week1,Pleasant Valley,Week4,340.0 Hunt Valley - 62.0 Pleasant Valley
Hunt Valley,Week3,Waynewood,Week2,258.0 Hunt Valley - 144.0 Waynewood
Hunter Mill,Week5,Cardinal Hill,Week1,204.0 Hunter Mill - 198.0 Cardinal Hill
Hunter Mill,Week5,Cardinal Hill,Week5,205.0 Hunter Mill - 197.0 Cardinal Hill
Hunt Valley,Week4,Ravensworth Farm,Week1,263.0 Hunt Valley - 139.0 Ravensworth Farm
Hunter Mill,Week1,Chesterbrook,Week2,322.0 Chesterbrook - 80.0 Hunter Mill
Hunter Mill,Week4,Chesterbrook,Week2,318.0 Chesterbrook - 84.0 Hunter Mill
Hunt Valley,Week4,Walden Glen,Week5,296.0 Hunt Valley - 106.0 Walden Glen
Hunt Valley,Week5,Ravensworth Farm,Week4,266.0 Hunt Valley - 136.0 Ravensworth Farm
Hunt Valley,Week5,Pinewood Lake,Week5,384.0 Hunt Valley - 18.0 Pinewood Lake
Hunt Valley,Week2,Waynewood,Week4,238.0 Hunt Valley - 164.0 Waynewood
Hunt Valley,Week4,Ravensworth Farm,Week4,248.0 Hunt Valley - 154.0 Ravensworth Farm
Hunt Valley,Week5,Highland Park,Week1,267.0 Hunt Valley - 135.0 Highland Park
Hunt Valley,Week2,Highlands Swim,Week2,259.0 Highlands Swim - 143.0 Hunt Valley
Hunt Valley,Week4,Hollin Meadows,Week5,264.5 Hunt Valley - 137.5 Hollin Meadows
Hunt Valley,Week1,Pleasant Valley,Week2,338.0 Hunt Valley - 64.0 Pleasant Valley
Hunt Valley,Week2,Riverside Gardens,Week5,203.0 Hunt Valley - 199.0 Riverside Gardens
Hunt Valley,Week5,Hollin Meadows,Week1,261.0 Hunt Valley - 141.0 Hollin Meadows
Holmes Run Acres,Week4,Tuckahoe,Week4,357.0 Tuckahoe - 45.0 Holmes Run Acres
Hunt Valley,Week3,Pleasant Valley,Week3,345.0 Hunt Valley - 57.0 Pleasant Valley
Hunt Valley,Week5,Hollin Meadows,Week2,289.0 Hunt Valley - 113.0 Hollin Meadows
Hunt Valley,Week4,Pleasant Valley,Week4,345.0 Hunt Valley - 57.0 Pleasant Valley
Hunt Valley,Week4,Highlands Swim,Week1,221.0 Highlands Swim - 181.0 Hunt Valley
Hunt Valley,Week3,Waynewood,Week1,256.0 Hunt Valley - 146.0 Waynewood
Hunt Valley,Week3,Ravensworth Farm,Week3,254.0 Hunt Valley - 148.0 Ravensworth Farm
Hunt Valley,Week5,Walden Glen,Week2,339.0 Hunt Valley - 63.0 Walden Glen
Hunt Valley,Week3,Waynewood,Week4,258.0 Hunt Valley - 144.0 Waynewood
Hunt Valley,Week4,Highlands Swim,Week3,217.0 Highlands Swim - 185.0 Hunt Valley
Hunter Mill,Week4,Cardinal Hill,Week5,215.0 Hunter Mill - 187.0 Cardinal Hill
Hunt Valley,Week2,Hollin Meadows,Week5,251.0 Hunt Valley - 151.0 Hollin Meadows
Hunt Valley,Week4,Highlands Swim,Week5,256.0 Highlands Swim - 146.0 Hunt Valley
Hunter Mill,Week3,Chesterbrook,Week1,296.0 Chesterbrook - 106.0 Hunter Mill
Holmes Run Acres,Week4,Truro,Week4,236.0 Holmes Run Acres - 166.0 Truro
Hunt Valley,Week3,Poplar Heights,Week3,278.0 Hunt Valley - 124.0 Poplar Heights
Hunt Valley,Week4,Highlands Swim,Week2,232.0 Highlands Swim - 170.0 Hunt Valley
Hunt Valley,Week4,Waynewood,Week2,243.0 Hunt Valley - 159.0 Waynewood
Hunt Valley,Week4,Waynewood,Week1,255.0 Hunt Valley - 147.0 Waynewood
Holmes Run Acres,Week4,Truro,Week5,252.5 Holmes Run Acres - 149.5 Truro
Hunt Valley,Week3,Waynewood,Week5,226.0 Hunt Valley - 176.0 Waynewood
Hunt Valley,Week3,Poplar Heights,Week5,257.0 Hunt Valley - 145.0 Poplar Heights
Hunt Valley,Week1,Poplar Heights,Week5,233.0 Hunt Valley - 169.0 Poplar Heights
Hunt Valley,Week4,Ravensworth Farm,Week2,270.0 Hunt Valley - 132.0 Ravensworth Farm
Hunt Valley,Week1,Hollin Meadows,Week5,259.0 Hunt Valley - 143.0 Hollin Meadows
Hunt Valley,Week3,Riverside Gardens,Week2,252.0 Hunt Valley - 150.0 Riverside Gardens
Hunt Valley,Week5,Hollin Meadows,Week3,283.0 Hunt Valley - 119.0 Hollin Meadows
Hunter Mill,Week3,Chesterbrook,Week4,316.0 Chesterbrook - 86.0 Hunter Mill
Hunt Valley,Week2,Riverside Gardens,Week1,214.0 Hunt Valley - 188.0 Riverside Gardens
Holmes Run Acres,Week5,Truro,Week4,278.0 Holmes Run Acres - 124.0 Truro
Hunt Valley,Week2,Hollin Meadows,Week3,278.0 Hunt Valley - 124.0 Hollin Meadows
Hunt Valley,Week4,Poplar Heights,Week3,264.0 Hunt Valley - 138.0 Poplar Heights
Holmes Run Acres,Week1,Tuckahoe,Week2,341.0 Tuckahoe - 61.0 Holmes Run Acres
Hunt Valley,Week4,Waynewood,Week4,253.0 Hunt Valley - 149.0 Waynewood
Holmes Run Acres,Week1,Tuckahoe,Week3,349.0 Tuckahoe - 53.0 Holmes Run Acres
Hunt Valley,Week2,Hollin Meadows,Week4,268.0 Hunt Valley - 134.0 Hollin Meadows
Hunter Mill,Week2,Chesterbrook,Week2,319.0 Chesterbrook - 83.0 Hunter Mill
Hunt Valley,Week2,Poplar Heights,Week1,256.0 Hunt Valley - 146.0 Poplar Heights
Hunter Mill,Week1,Commonwealth,Week4,280.0 Hunter Mill - 122.0 Commonwealth
Hunt Valley,Week5,Ravensworth Farm,Week3,253.0 Hunt Valley - 149.0 Ravensworth Farm
Hunt Valley,Week4,Ravensworth Farm,Week3,240.5 Hunt Valley - 161.5 Ravensworth Farm
Hunt Valley,Week1,Hollin Hills,Week1,346.0 Hunt Valley - 51.0 Hollin Hills
Hunt Valley,Week3,Woodley,Week5,338.0 Hunt Valley - 64.0 Woodley
Hunt Valley,Week3,Hollin Meadows,Week4,283.0 Hunt Valley - 119.0 Hollin Meadows
Hunt Valley,Week1,Poplar Heights,Week4,241.0 Hunt Valley - 161.0 Poplar Heights
Holmes Run Acres,Week1,Tuckahoe,Week4,356.0 Tuckahoe - 46.0 Holmes Run Acres
Holmes Run Acres,Week2,Tuckahoe,Week3,353.0 Tuckahoe - 49.0 Holmes Run Acres
Hunt Valley,Week5,Highlands Swim,Week4,222.0 Highlands Swim - 180.0 Hunt Valley
Hunt Valley,Week3,Ravensworth Farm,Week4,268.0 Hunt Valley - 134.0 Ravensworth Farm
Hunt Valley,Week3,Hollin Meadows,Week3,285.0 Hunt Valley - 117.0 Hollin Meadows
Hunt Valley,Week5,Highlands Swim,Week2,232.0 Highlands Swim - 170.0 Hunt Valley
Hunt Valley,Week1,Hollin Hills,Week2,351.0 Hunt Valley - 51.0 Hollin Hills
Hunter Mill,Week5,Chesterbrook,Week2,292.0 Chesterbrook - 110.0 Hunter Mill
Hunter Mill,Week2,Chesterbrook,Week4,325.0 Chesterbrook - 77.0 Hunter Mill
Hunt Valley,Week5,Hollin Meadows,Week4,293.0 Hunt Valley - 109.0 Hollin Meadows
Hunt Valley,Week2,Woodley,Week5,323.0 Hunt Valley - 79.0 Woodley
Hunter Mill,Week5,Chesterbrook,Week1,288.0 Chesterbrook - 114.0 Hunter Mill
Hunt Valley,Week1,Riverside Gardens,Week3,208.0 Hunt Valley - 194.0 Riverside Gardens
Hunt Valley,Week5,Waynewood,Week3,231.0 Hunt Valley - 171.0 Waynewood
Hunt Valley,Week3,Poplar Heights,Week2,273.0 Hunt Valley - 129.0 Poplar Heights
Hunt Valley,Week1,Fair Oaks ,Week2,281.0 Hunt Valley - 121.0 Fair Oaks
Hunt Valley,Week2,Riverside Gardens,Week2,222.0 Hunt Valley - 180.0 Riverside Gardens
Hunt Valley,Week3,Fair Oaks ,Week1,260.0 Hunt Valley - 142.0 Fair Oaks
Hunt Valley,Week4,Woodley,Week4,340.0 Hunt Valley - 62.0 Woodley
Hunt Valley,Week1,Woodley,Week2,332.5 Hunt Valley - 69.5 Woodley
Hunt Valley,Week1,Riverside Gardens,Week2,228.0 Hunt Valley - 174.0 Riverside Gardens
Hunter Mill,Week5,Cardinal Hill,Week4,224.0 Hunter Mill - 178.0 Cardinal Hill
Hunt Valley,Week2,Fair Oaks ,Week2,273.5 Hunt Valley - 128.5 Fair Oaks
Hunt Valley,Week2,Poplar Heights,Week3,242.0 Hunt Valley - 160.0 Poplar Heights
Hunt Valley,Week1,Holmes Run Acres,Week1,259.0 Hunt Valley - 143.0 Holmes Run Acres
Hunt Valley,Week5,Fair Oaks ,Week3,254.0 Hunt Valley - 148.0 Fair Oaks
Hunt Valley,Week4,Poplar Heights,Week5,243.5 Hunt Valley - 158.5 Poplar Heights
Hunt Valley,Week5,Woodley,Week4,361.0 Hunt Valley - 41.0 Woodley
Holmes Run Acres,Week3,Tuckahoe,Week3,339.0 Tuckahoe - 63.0 Holmes Run Acres
Hunter Mill,Week4,Chesterbrook,Week5,328.0 Chesterbrook - 74.0 Hunter Mill
Hunt Valley,Week5,Woodley,Week3,364.0 Hunt Valley - 38.0 Woodley
Hunt Valley,Week5,Dunn Loring,Week4,212.0 Hunt Valley - 190.0 Dunn Loring
Hunt Valley,Week4,Pleasant Valley,Week5,343.0 Hunt Valley - 59.0 Pleasant Valley
Hunt Valley,Week2,Holmes Run Acres,Week1,266.0 Hunt Valley - 136.0 Holmes Run Acres
Hunt Valley,Week3,Fair Oaks ,Week2,291.0 Hunt Valley - 111.0 Fair Oaks
Hunt Valley,Week1,Holmes Run Acres,Week5,229.0 Hunt Valley - 173.0 Holmes Run Acres
Hunt Valley,Week2,Holmes Run Acres,Week4,259.0 Hunt Valley - 143.0 Holmes Run Acres
Hunter Mill,Week1,Chesterbrook,Week5,335.0 Chesterbrook - 67.0 Hunter Mill
Hunt Valley,Week5,Highlands Swim,Week5,244.0 Highlands Swim - 158.0 Hunt Valley
Holmes Run Acres,Week5,Truro,Week2,303.0 Holmes Run Acres - 98.0 Truro
Hunter Mill,Week5,Chesterbrook,Week4,303.0 Chesterbrook - 99.0 Hunter Mill
Hunt Valley,Week5,Ravensworth Farm,Week2,282.0 Hunt Valley - 120.0 Ravensworth Farm
Hunt Valley,Week1,Holmes Run Acres,Week3,235.0 Hunt Valley - 167.0 Holmes Run Acres
Hunt Valley,Week2,Rolling Forest,Week4,270.0 Hunt Valley - 132.0 Rolling Forest
Hunter Mill,Week5,Cardinal Hill,Week2,244.0 Hunter Mill - 158.0 Cardinal Hill
Holmes Run Acres,Week2,Tuckahoe,Week2,347.0 Tuckahoe - 55.0 Holmes Run Acres
Hunt Valley,Week5,Dunn Loring,Week3,203.0 Hunt Valley - 199.0 Dunn Loring
Hunt Valley,Week5,Poplar Heights,Week4,268.0 Hunt Valley - 134.0 Poplar Heights
Holmes Run Acres,Week3,Tuckahoe,Week1,307.0 Tuckahoe - 95.0 Holmes Run Acres
Hunt Valley,Week5,Hollin Meadows,Week5,273.0 Hunt Valley - 129.0 Hollin Meadows
Hunt Valley,Week1,Poplar Heights,Week3,259.0 Hunt Valley - 143.0 Poplar Heights
Holmes Run Acres,Week5,Truro,Week5,281.0 Holmes Run Acres - 121.0 Truro
Hunt Valley,Week5,Woodley,Week1,358.0 Hunt Valley - 44.0 Woodley
Hunt Valley,Week1,Woodley,Week1,326.0 Hunt Valley - 76.0 Woodley
Hunt Valley,Week3,Poplar Heights,Week1,276.0 Hunt Valley - 126.0 Poplar Heights
Hunter Mill,Week1,Commonwealth,Week3,280.0 Hunter Mill - 122.0 Commonwealth
Hunt Valley,Week2,Rolling Forest,Week3,258.0 Hunt Valley - 144.0 Rolling Forest
Holmes Run Acres,Week3,Tuckahoe,Week2,322.0 Tuckahoe - 80.0 Holmes Run Acres
Hunt Valley,Week5,Waynewood,Week2,260.0 Hunt Valley - 142.0 Waynewood
Hunt Valley,Week1,Riverside Gardens,Week1,206.0 Hunt Valley - 196.0 Riverside Gardens
Hunt Valley,Week5,Pleasant Valley,Week4,362.0 Hunt Valley - 40.0 Pleasant Valley
Holmes Run Acres,Week3,Tuckahoe,Week4,338.0 Tuckahoe - 64.0 Holmes Run Acres
Hunter Mill,Week1,Chesterbrook,Week3,343.0 Chesterbrook - 59.0 Hunter Mill
Hunt Valley,Week5,Riverside Gardens,Week3,225.0 Hunt Valley - 177.0 Riverside Gardens
Hunt Valley,Week5,Poplar Heights,Week5,263.0 Hunt Valley - 139.0 Poplar Heights
Hunt Valley,Week2,Hollin Meadows,Week1,248.0 Hunt Valley - 154.0 Hollin Meadows
Holmes Run Acres,Week4,Tuckahoe,Week1,331.0 Tuckahoe - 71.0 Holmes Run Acres
Hunt Valley,Week4,Fair Oaks ,Week3,247.0 Hunt Valley - 155.0 Fair Oaks
Holmes Run Acres,Week4,Tuckahoe,Week2,342.0 Tuckahoe - 60.0 Holmes Run Acres
Hunt Valley,Week3,Holmes Run Acres,Week1,285.0 Hunt Valley - 117.0 Holmes Run Acres
Hunt Valley,Week2,Holmes Run Acres,Week5,220.0 Hunt Valley - 182.0 Holmes Run Acres
Hunt Valley,Week5,Woodley,Week5,339.0 Hunt Valley - 63.0 Woodley
Holmes Run Acres,Week3,Tuckahoe,Week5,331.0 Tuckahoe - 71.0 Holmes Run Acres
Hunter Mill,Week1,Chesterbrook,Week1,311.0 Chesterbrook - 91.0 Hunter Mill
Hunt Valley,Week2,Holmes Run Acres,Week2,258.0 Hunt Valley - 144.0 Holmes Run Acres
Hunt Valley,Week1,Poplar Tree,Week1,215.0 Hunt Valley - 187.0 Poplar Tree
Hunt Valley,Week5,Riverside Gardens,Week4,214.0 Hunt Valley - 188.0 Riverside Gardens
Hunt Valley,Week4,Pleasant Valley,Week3,342.0 Hunt Valley - 60.0 Pleasant Valley
Hunter Mill,Week1,Chesterbrook,Week4,331.0 Chesterbrook - 71.0 Hunter Mill
Hunt Valley,Week4,Riverside Gardens,Week3,208.0 Hunt Valley - 194.0 Riverside Gardens
Hunt Valley,Week5,Dunn Loring,Week2,211.5 Hunt Valley - 190.5 Dunn Loring
Hunt Valley,Week1,Rolling Forest,Week1,258.0 Hunt Valley - 144.0 Rolling Forest
Hunter Mill,Week1,Annandale,Week1,316.0 Hunter Mill - 86.0 Annandale
Hunter Mill,Week1,Annandale,Week2,306.0 Hunter Mill - 96.0 Annandale
Hunter Mill,Week2,Chesterbrook,Week1,311.5 Chesterbrook - 90.5 Hunter Mill
Hunt Valley,Week2,Fair Oaks ,Week5,215.0 Hunt Valley - 187.0 Fair Oaks
Hunt Valley,Week1,Woodley,Week4,330.0 Hunt Valley - 72.0 Woodley
Hunter Mill,Week2,Chesterbrook,Week5,330.0 Chesterbrook - 72.0 Hunter Mill
Hunter Mill,Week5,Cardinal Hill,Week3,222.0 Cardinal Hill - 180.0 Hunter Mill
Hunt Valley,Week2,Poplar Heights,Week2,246.0 Hunt Valley - 156.0 Poplar Heights
Hunt Valley,Week5,Waynewood,Week1,263.0 Hunt Valley - 139.0 Waynewood
Hunt Valley,Week5,Riverside Gardens,Week2,259.0 Hunt Valley - 143.0 Riverside Gardens
Hunt Valley,Week2,Poplar Heights,Week4,246.5 Hunt Valley - 155.5 Poplar Heights
Hunt Valley,Week3,Fair Oaks ,Week5,242.0 Hunt Valley - 160.0 Fair Oaks
Hunt Valley,Week5,Pleasant Valley,Week5,357.0 Hunt Valley - 45.0 Pleasant Valley
Hunt Valley,Week3,Holmes Run Acres,Week5,239.0 Hunt Valley - 163.0 Holmes Run Acres
Hunt Valley,Week1,Rolling Forest,Week2,265.0 Hunt Valley - 132.0 Rolling Forest
Hunt Valley,Week1,Woodley,Week3,335.0 Hunt Valley - 67.0 Woodley
Hunt Valley,Week5,Fair Oaks ,Week2,300.0 Hunt Valley - 102.0 Fair Oaks
Hunt Valley,Week1,Rolling Forest,Week3,253.0 Hunt Valley - 149.0 Rolling Forest
Hunt Valley,Week3,Holmes Run Acres,Week3,245.0 Hunt Valley - 157.0 Holmes Run Acres
Hunt Valley,Week5,Pleasant Valley,Week1,349.0 Hunt Valley - 53.0 Pleasant Valley
Hunter Mill,Week3,Chesterbrook,Week3,328.0 Chesterbrook - 74.0 Hunter Mill
Hunter Mill,Week3,Chesterbrook,Week2,308.0 Chesterbrook - 94.0 Hunter Mill
Hunt Valley,Week3,Holmes Run Acres,Week2,281.0 Hunt Valley - 121.0 Holmes Run Acres
Holmes Run Acres,Week4,Truro,Week3,260.0 Holmes Run Acres - 142.0 Truro
Hunt Valley,Week3,Holmes Run Acres,Week4,278.0 Hunt Valley - 124.0 Holmes Run Acres
Holmes Run Acres,Week2,Tuckahoe,Week1,332.0 Tuckahoe - 70.0 Holmes Run Acres
Hunt Valley,Week2,Woodley,Week1,335.5 Hunt Valley - 66.5 Woodley
Hunt Valley,Week4,Pleasant Valley,Week1,341.0 Hunt Valley - 61.0 Pleasant Valley
Hunt Valley,Week5,Riverside Gardens,Week5,231.0 Hunt Valley - 171.0 Riverside Gardens
Hunt Valley,Week5,Fair Oaks ,Week1,265.0 Hunt Valley - 137.0 Fair Oaks
Holmes Run Acres,Week5,Truro,Week1,284.0 Holmes Run Acres - 118.0 Truro
Hunt Valley,Week3,Fair Oaks ,Week4,283.0 Hunt Valley - 119.0 Fair Oaks
Holmes Run Acres,Week2,Tuckahoe,Week5,350.0 Tuckahoe - 52.0 Holmes Run Acres
Hunt Valley,Week5,Riverside Gardens,Week1,238.0 Hunt Valley - 164.0 Riverside Gardens
Hunt Valley,Week3,Woodley,Week1,343.0 Hunt Valley - 59.0 Woodley
Holmes Run Acres,Week2,Tuckahoe,Week4,356.5 Tuckahoe - 45.5 Holmes Run Acres
Hunter Mill,Week4,Chesterbrook,Week1,300.0 Chesterbrook - 102.0 Hunter Mill
Hunt Valley,Week5,Pleasant Valley,Week2,362.0 Hunt Valley - 40.0 Pleasant Valley
Hunt Valley,Week5,Fair Oaks ,Week4,298.0 Hunt Valley - 104.0 Fair Oaks
Hunt Valley,Week1,Woodley,Week5,323.0 Hunt Valley - 79.0 Woodley
Hunt Valley,Week4,Riverside Gardens,Week2,234.5 Hunt Valley - 167.5 Riverside Gardens
Hunter Mill,Week4,Chesterbrook,Week4,319.0 Chesterbrook - 83.0 Hunter Mill
Hunter Mill,Week3,Chesterbrook,Week5,316.0 Chesterbrook - 86.0 Hunter Mill
Hunt Valley,Week4,Fair Oaks ,Week1,261.0 Hunt Valley - 141.0 Fair Oaks
Hunt Valley,Week1,Hunt Valley,Week1,198.5 Hunt Valley (HV1) - 198.5 Hunt Valley (HV2)
Hunt Valley,Week1,Holmes Run Acres,Week4,265.0 Hunt Valley - 137.0 Holmes Run Acres
Hunt Valley,Week1,Fair Oaks ,Week1,237.5 Hunt Valley - 164.5 Fair Oaks
Hunt Valley,Week3,Fairfax,Week2,211.0 Hunt Valley - 191.0 Fairfax
Hunter Mill,Week4,Chesterbrook,Week3,335.0 Chesterbrook - 67.0 Hunter Mill
Hunt Valley,Week2,Fair Oaks ,Week4,272.0 Hunt Valley - 130.0 Fair Oaks
Hunt Valley,Week5,Waynewood,Week5,215.0 Hunt Valley - 187.0 Waynewood
Hunt Valley,Week1,Poplar Heights,Week2,251.0 Hunt Valley - 151.0 Poplar Heights
Hunt Valley,Week4,Holmes Run Acres,Week1,267.5 Hunt Valley - 134.5 Holmes Run Acres
Holmes Run Acres,Week5,Truro,Week3,284.0 Holmes Run Acres - 118.0 Truro
Hunt Valley,Week5,Waynewood,Week4,269.0 Hunt Valley - 133.0 Waynewood
Hunt Valley,Week2,Rolling Forest,Week2,281.0 Hunt Valley - 121.0 Rolling Forest
Hunt Valley,Week1,Rolling Hills,Week4,298.0 Hunt Valley - 104.0 Rolling Hills
Hunter Mill,Week2,Chesterbrook,Week3,334.0 Chesterbrook - 68.0 Hunter Mill
Hunt Valley,Week2,Rolling Hills,Week1,312.0 Hunt Valley - 90.0 Rolling Hills
Hunt Valley,Week5,Holmes Run Acres,Week2,298.0 Hunt Valley - 104.0 Holmes Run Acres
Hunt Valley,Week5,Pleasant Valley,Week3,355.0 Hunt Valley - 47.0 Pleasant Valley
Holmes Run Acres,Week1,Tuckahoe,Week1,334.0 Tuckahoe - 68.0 Holmes Run Acres
Hunt Valley,Week2,Holmes Run Acres,Week3,231.0 Hunt Valley - 171.0 Holmes Run Acres
Hunt Valley,Week3,Fair Oaks ,Week3,250.0 Hunt Valley - 152.0 Fair Oaks
Holmes Run Acres,Week5,Tuckahoe,Week4,325.0 Tuckahoe - 77.0 Holmes Run Acres
Hunt Valley,Week1,Poplar Heights,Week1,255.0 Hunt Valley - 147.0 Poplar Heights
Hunt Valley,Week2,Woodley,Week4,332.0 Hunt Valley - 70.0 Woodley
Hunt Valley,Week4,Pleasant Valley,Week2,351.0 Hunt Valley - 51.0 Pleasant Valley
Hunt Valley,Week3,Woodley,Week4,339.0 Hunt Valley - 63.0 Woodley
Hunt Valley,Week3,Woodley,Week3,347.0 Hunt Valley - 55.0 Woodley
Hunt Valley,Week3,Hunt Valley,Week3,201.0 Hunt Valley (HV1) - 201.0 Hunt Valley (HV2)
Holmes Run Acres,Week5,Tuckahoe,Week3,332.0 Tuckahoe - 70.0 Holmes Run Acres
Hunt Valley,Week2,Poplar Heights,Week5,224.0 Hunt Valley - 178.0 Poplar Heights
Hunt Valley,Week2,Woodley,Week2,327.0 Hunt Valley - 75.0 Woodley
Holmes Run Acres,Week4,Tuckahoe,Week3,349.0 Tuckahoe - 53.0 Holmes Run Acres
Hunt Valley,Week2,Rolling Forest,Week5,251.0 Hunt Valley - 151.0 Rolling Forest
Hunter Mill,Week5,Chesterbrook,Week5,313.0 Chesterbrook - 89.0 Hunter Mill
Hunter Mill,Week5,Chesterbrook,Week3,327.0 Chesterbrook - 75.0 Hunter Mill
Hunt Valley,Week3,Poplar Heights,Week4,267.0 Hunt Valley - 135.0 Poplar Heights
Hunt Valley,Week1,Fair Oaks ,Week5,230.0 Hunt Valley - 172.0 Fair Oaks
Hunt Valley,Week2,Rolling Forest,Week1,272.0 Hunt Valley - 130.0 Rolling Forest
Hunt Valley,Week5,Rolling Forest,Week2,294.0 Hunt Valley - 108.0 Rolling Forest
Hunt Valley,Week1,Hunt Valley,Week2,235.5 Hunt Valley (HV1) - 166.5 Hunt Valley (HV2)
Holmes Run Acres,Week5,Vienna Aquatic,Week1,260.0 Vienna Aquatic - 142.0 Holmes Run Acres
Hunt Valley,Week2,Woodley,Week3,344.0 Hunt Valley - 58.0 Woodley
Hunt Valley,Week2,Fair Oaks ,Week1,242.0 Hunt Valley - 160.0 Fair Oaks
Holmes Run Acres,Week5,Vienna Aquatic,Week3,259.0 Vienna Aquatic - 143.0 Holmes Run Acres
Hunter Mill,Week1,Commonwealth,Week2,271.0 Hunter Mill - 131.0 Commonwealth
Holmes Run Acres,Week5,Vienna Aquatic,Week5,283.0 Vienna Aquatic - 119.0 Holmes Run Acres
Hunt Valley,Week4,Riverside Gardens,Week1,234.0 Hunt Valley - 168.0 Riverside Gardens
Hunt Valley,Week3,Woodley,Week2,348.0 Hunt Valley - 54.0 Woodley
Hunter Mill,Week1,Commonwealth,Week1,292.0 Hunter Mill - 105.0 Commonwealth
Hunt Valley,Week2,Hunt Valley,Week3,250.0 Hunt Valley (HV2) - 152.0 Hunt Valley (HV1)
Hunt Valley,Week3,Hunt Valley,Week1,238.0 Hunt Valley (HV1) - 164.0 Hunt Valley (HV2)
Hunt Valley,Week4,Poplar Heights,Week1,263.0 Hunt Valley - 139.0 Poplar Heights
Hunt Valley,Week4,Poplar Heights,Week4,262.0 Hunt Valley - 140.0 Poplar Heights
Hunt Valley,Week4,Rolling Forest,Week2,288.0 Hunt Valley - 114.0 Rolling Forest
Hunt Valley,Week4,Holmes Run Acres,Week2,272.0 Hunt Valley - 130.0 Holmes Run Acres
Hunt Valley,Week2,Fair Oaks ,Week3,223.0 Hunt Valley - 179.0 Fair Oaks
Holmes Run Acres,Week3,Vienna Aquatic,Week2,266.0 Vienna Aquatic - 136.0 Holmes Run Acres
Hunter Mill,Week4,Commonwealth,Week5,278.0 Hunter Mill - 124.0 Commonwealth
Hunt Valley,Week1,Fair Oaks ,Week3,234.5 Hunt Valley - 167.5 Fair Oaks
Hunt Valley,Week4,Poplar Heights,Week2,252.0 Hunt Valley - 150.0 Poplar Heights
Hunt Valley,Week4,Woodley,Week1,342.0 Hunt Valley - 60.0 Woodley
Hunter Mill,Week3,Commonwealth,Week5,275.0 Hunter Mill - 127.0 Commonwealth
Holmes Run Acres,Week1,Vienna Aquatic,Week3,298.0 Vienna Aquatic - 104.0 Holmes Run Acres
Hunt Valley,Week5,Rolling Forest,Week1,291.0 Hunt Valley - 111.0 Rolling Forest
Hunt Valley,Week3,Rolling Forest,Week3,269.0 Hunt Valley - 133.0 Rolling Forest
Hunt Valley,Week1,Fair Oaks ,Week4,274.0 Hunt Valley - 128.0 Fair Oaks
Hunt Valley,Week3,Hunt Valley,Week4,222.0 Hunt Valley (HV1) - 180.0 Hunt Valley (HV2)
Hunter Mill,Week2,Commonwealth,Week4,269.0 Hunter Mill - 132.0 Commonwealth
Hunt Valley,Week4,Woodley,Week5,343.0 Hunt Valley - 59.0 Woodley
Hunt Valley,Week4,Woodley,Week2,347.0 Hunt Valley - 55.0 Woodley
Hunt Valley,Week1,Rolling Forest,Week5,258.0 Hunt Valley - 144.0 Rolling Forest
Holmes Run Acres,Week5,Tuckahoe,Week5,317.0 Tuckahoe - 85.0 Holmes Run Acres
Hunt Valley,Week5,Hunt Valley,Week4,223.0 Hunt Valley (HV1) - 179.0 Hunt Valley (HV2)
Hunter Mill,Week2,Commonwealth,Week1,297.0 Hunter Mill - 100.0 Commonwealth
Hunt Valley,Week5,Poplar Heights,Week3,274.0 Hunt Valley - 128.0 Poplar Heights
Hunt Valley,Week5,Poplar Heights,Week1,270.0 Hunt Valley - 132.0 Poplar Heights
Holmes Run Acres,Week2,Vienna Aquatic,Week2,280.0 Vienna Aquatic - 122.0 Holmes Run Acres
Hunt Valley,Week3,Hunt Valley,Week2,250.0 Hunt Valley (HV1) - 152.0 Hunt Valley (HV2)
Hunt Valley,Week4,Long Branch,Week3,310.0 Hunt Valley - 92.0 Long Branch
Hunt Valley,Week5,Poplar Heights,Week2,263.0 Hunt Valley - 139.0 Poplar Heights
Hunt Valley,Week4,Woodley,Week3,351.0 Hunt Valley - 51.0 Woodley
Hunt Valley,Week4,Riverside Gardens,Week5,217.0 Hunt Valley - 185.0 Riverside Gardens
Hunt Valley,Week5,Woodley,Week2,350.0 Hunt Valley - 52.0 Woodley
Hunt Valley,Week5,Holmes Run Acres,Week5,256.0 Hunt Valley - 146.0 Holmes Run Acres
Hunt Valley,Week4,Fair Oaks ,Week4,284.0 Hunt Valley - 118.0 Fair Oaks
Hunt Valley,Week4,Fair Oaks ,Week2,282.0 Hunt Valley - 120.0 Fair Oaks
Hunt Valley,Week4,Riverside Gardens,Week4,207.0 Riverside Gardens - 195.0 Hunt Valley
Hunter Mill,Week2,Commonwealth,Week2,266.0 Hunter Mill - 134.0 Commonwealth
Hunt Valley,Week5,Dunn Loring,Week5,202.0 Hunt Valley - 200.0 Dunn Loring
Holmes Run Acres,Week3,Vienna Aquatic,Week1,264.0 Vienna Aquatic - 138.0 Holmes Run Acres
Hunt Valley,Week5,Rolling Forest,Week3,283.0 Hunt Valley - 119.0 Rolling Forest
Holmes Run Acres,Week3,Vienna Aquatic,Week3,270.0 Vienna Aquatic - 132.0 Holmes Run Acres
Hunt Valley,Week4,Rolling Forest,Week1,276.0 Hunt Valley - 126.0 Rolling Forest
Hunt Valley,Week2,Hunter Mill,Week2,225.0 Hunt Valley - 177.0 Hunter Mill
Hunt Valley,Week4,Fair Oaks ,Week5,235.0 Hunt Valley - 167.0 Fair Oaks
Hunter Mill,Week1,Cottontail,Week3,278.0 Hunter Mill - 124.0 Cottontail
Hunt Valley,Week2,Fairfax,Week3,216.0 Fairfax - 186.0 Hunt Valley
Hunter Mill,Week4,Annandale,Week4,327.0 Hunter Mill - 75.0 Annandale
Holmes Run Acres,Week3,Vienna Aquatic,Week5,288.0 Vienna Aquatic - 114.0 Holmes Run Acres
Holmes Run Acres,Week5,Tuckahoe,Week1,306.0 Tuckahoe - 96.0 Holmes Run Acres
Hunter Mill,Week1,Cottontail,Week4,269.0 Hunter Mill - 133.0 Cottontail
Hunt Valley,Week5,Long Branch,Week3,336.0 Hunt Valley - 66.0 Long Branch
Hunter Mill,Week3,Annandale,Week4,323.0 Hunter Mill - 79.0 Annandale
Hunt Valley,Week2,Mansion House,Week2,242.0 Hunt Valley - 160.0 Mansion House
Hunter Mill,Week3,Annandale,Week2,311.0 Hunter Mill - 91.0 Annandale
Hunt Valley,Week1,Fairfax,Week5,224.0 Fairfax - 178.0 Hunt Valley
Hunt Valley,Week5,Long Branch,Week1,324.0 Hunt Valley - 78.0 Long Branch
Hunt Valley,Week5,Fair Oaks ,Week5,254.0 Hunt Valley - 148.0 Fair Oaks
Hunt Valley,Week4,Hunt Valley,Week5,223.0 Hunt Valley (HV2) - 179.0 Hunt Valley (HV1)
Hunt Valley,Week5,Holmes Run Acres,Week4,288.0 Hunt Valley - 114.0 Holmes Run Acres
Holmes Run Acres,Week5,Tuckahoe,Week2,313.0 Tuckahoe - 89.0 Holmes Run Acres
Holmes Run Acres,Week4,Vienna Aquatic,Week1,283.0 Vienna Aquatic - 119.0 Holmes Run Acres
Hunter Mill,Week1,Cottontail,Week5,258.0 Hunter Mill - 144.0 Cottontail
Hunt Valley,Week2,Hunter Mill,Week5,204.0 Hunt Valley - 198.0 Hunter Mill
Holmes Run Acres,Week3,Vienna Aquatic,Week4,261.0 Vienna Aquatic - 141.0 Holmes Run Acres
Holmes Run Acres,Week2,Vienna Aquatic,Week3,299.0 Vienna Aquatic - 103.0 Holmes Run Acres
Hunt Valley,Week5,Rolling Forest,Week4,308.0 Hunt Valley - 94.0 Rolling Forest
Hunt Valley,Week3,Rolling Forest,Week1,281.0 Hunt Valley - 121.0 Rolling Forest
Holmes Run Acres,Week4,Vienna Aquatic,Week2,281.0 Vienna Aquatic - 121.0 Holmes Run Acres
Hunt Valley,Week4,Rolling Forest,Week3,276.0 Hunt Valley - 126.0 Rolling Forest
Hunt Valley,Week1,Rolling Forest,Week4,259.0 Hunt Valley - 143.0 Rolling Forest
Hunt Valley,Week1,Hunt Valley,Week5,222.5 Hunt Valley (HV2) - 179.5 Hunt Valley (HV1)
Hunt Valley,Week5,Rolling Forest,Week5,277.0 Hunt Valley - 125.0 Rolling Forest
Hunter Mill,Week2,Annandale,Week4,317.0 Hunter Mill - 85.0 Annandale
Hunt Valley,Week1,Hunt Valley,Week4,220.5 Hunt Valley (HV2) - 181.5 Hunt Valley (HV1)
Hunter Mill,Week1,Cottontail,Week1,267.0 Hunter Mill - 135.0 Cottontail
Hunt Valley,Week2,Fairfax,Week4,203.0 Fairfax - 199.0 Hunt Valley
Hunt Valley,Week5,Long Branch,Week2,332.0 Hunt Valley - 70.0 Long Branch
Hunter Mill,Week5,Commonwealth,Week4,297.0 Hunter Mill - 105.0 Commonwealth
Hunt Valley,Week1,Fairfax,Week3,226.0 Fairfax - 176.0 Hunt Valley
Hunter Mill,Week1,Annandale,Week4,312.0 Hunter Mill - 90.0 Annandale
Hunter Mill,Week2,Commonwealth,Week5,251.0 Hunter Mill - 151.0 Commonwealth
Hunter Mill,Week3,Annandale,Week1,313.0 Hunter Mill - 89.0 Annandale
Hunt Valley,Week1,Hunter Mill,Week5,216.0 Hunt Valley - 186.0 Hunter Mill
Hunt Valley,Week1,Hunt Valley,Week3,238.0 Hunt Valley (HV2) - 164.0 Hunt Valley (HV1)
Hunter Mill,Week2,Arlington Forest,Week3,243.0 Hunter Mill - 159.0 Arlington Forest
Hunt Valley,Week3,Long Branch,Week5,313.0 Hunt Valley - 89.0 Long Branch
Hunt Valley,Week2,Mansion House,Week4,257.0 Hunt Valley - 145.0 Mansion House
Hunt Valley,Week2,Fairfax,Week2,209.5 Fairfax - 192.5 Hunt Valley
Hunt Valley,Week1,Mansion House,Week4,246.0 Hunt Valley - 156.0 Mansion House
Hunter Mill,Week2,Cottontail,Week1,250.0 Hunter Mill - 152.0 Cottontail
Hunt Valley,Week1,Fairfax,Week2,211.0 Fairfax - 191.0 Hunt Valley
Hunt Valley,Week4,Holmes Run Acres,Week5,235.0 Hunt Valley - 167.0 Holmes Run Acres
Hunt Valley,Week3,Rolling Forest,Week4,280.0 Hunt Valley - 122.0 Rolling Forest
Hunt Valley,Week1,Fairfax,Week4,204.0 Hunt Valley - 198.0 Fairfax
Holmes Run Acres,Week2,Vienna Aquatic,Week1,298.0 Vienna Aquatic - 104.0 Holmes Run Acres
Hunter Mill,Week4,Commonwealth,Week3,271.0 Hunter Mill - 131.0 Commonwealth
Holmes Run Acres,Week4,Tuckahoe,Week5,356.0 Tuckahoe - 46.0 Holmes Run Acres
Hunter Mill,Week2,Cottontail,Week2,259.0 Hunter Mill - 143.0 Cottontail
Hunt Valley,Week5,Mansion House,Week1,265.5 Hunt Valley - 136.5 Mansion House
Hunt Valley,Week2,Mansion House,Week5,231.0 Hunt Valley - 171.0 Mansion House
Hunter Mill,Week3,Arlington Forest,Week2,257.0 Hunter Mill - 145.0 Arlington Forest
Hunt Valley,Week2,Mansion House,Week3,227.5 Hunt Valley - 174.5 Mansion House
Hunt Valley,Week4,Rolling Forest,Week5,274.0 Hunt Valley - 128.0 Rolling Forest
Hunt Valley,Week2,Hunt Valley,Week1,235.5 Hunt Valley (HV2) - 166.5 Hunt Valley (HV1)
Holmes Run Acres,Week3,Virginia Hills,Week1,345.0 Holmes Run Acres - 56.0 Virginia Hills
Hunt Valley,Week1,Fairfax,Week1,204.0 Fairfax - 198.0 Hunt Valley
Hunter Mill,Week5,Annandale,Week4,327.0 Hunter Mill - 75.0 Annandale
Hunt Valley,Week1,Rolling Hills,Week1,296.0 Hunt Valley - 106.0 Rolling Hills
Hunter Mill,Week2,Arlington Forest,Week5,202.0 Arlington Forest - 200.0 Hunter Mill
Hunter Mill,Week5,Commonwealth,Week1,302.0 Hunter Mill - 100.0 Commonwealth
Hunter Mill,Week2,Cottontail,Week3,265.0 Hunter Mill - 137.0 Cottontail
Holmes Run Acres,Week1,Vienna Aquatic,Week1,292.0 Vienna Aquatic - 110.0 Holmes Run Acres
Hunter Mill,Week3,Commonwealth,Week3,281.0 Hunter Mill - 120.0 Commonwealth
Hunt Valley,Week4,Fairfax,Week4,211.0 Hunt Valley - 191.0 Fairfax
Hunt Valley,Week4,Holmes Run Acres,Week3,243.0 Hunt Valley - 159.0 Holmes Run Acres
Hunter Mill,Week2,Cottontail,Week4,255.0 Hunter Mill - 147.0 Cottontail
Hunt Valley,Week1,Mantua,Week4,219.0 Hunt Valley - 183.0 Mantua
Hunter Mill,Week3,Annandale,Week5,309.0 Hunter Mill - 93.0 Annandale
Hunt Valley,Week2,Fairfax,Week5,230.0 Fairfax - 172.0 Hunt Valley
Hunt Valley,Week5,Holmes Run Acres,Week3,267.0 Hunt Valley - 135.0 Holmes Run Acres
Holmes Run Acres,Week1,Vienna Aquatic,Week4,282.0 Vienna Aquatic - 120.0 Holmes Run Acres
Hunt Valley,Week5,Long Branch,Week5,322.5 Hunt Valley - 79.5 Long Branch
Hunt Valley,Week2,Fairfax,Week1,206.5 Hunt Valley - 195.5 Fairfax
Hunt Valley,Week3,Fairfax,Week1,225.0 Hunt Valley - 177.0 Fairfax
Holmes Run Acres,Week2,Virginia Hills,Week3,318.0 Holmes Run Acres - 84.0 Virginia Hills
Hunt Valley,Week5,Holmes Run Acres,Week1,291.0 Hunt Valley - 111.0 Holmes Run Acres
Hunt Valley,Week4,Rolling Forest,Week4,290.0 Hunt Valley - 112.0 Rolling Forest
Hunt Valley,Week3,Hunt Valley,Week5,202.0 Hunt Valley (HV1) - 200.0 Hunt Valley (HV2)
Hunter Mill,Week4,Annandale,Week3,304.0 Hunter Mill - 98.0 Annandale
Hunt Valley,Week1,Rolling Hills,Week2,299.0 Hunt Valley - 103.0 Rolling Hills
Hunt Valley,Week1,Mansion House,Week1,243.0 Hunt Valley - 159.0 Mansion House
Holmes Run Acres,Week4,Vienna Aquatic,Week3,288.0 Vienna Aquatic - 114.0 Holmes Run Acres
Hunter Mill,Week2,Cottontail,Week5,254.0 Hunter Mill - 148.0 Cottontail
Hunt Valley,Week3,Rolling Forest,Week5,268.0 Hunt Valley - 134.0 Rolling Forest
Holmes Run Acres,Week5,Village West,Week2,308.0 Holmes Run Acres - 94.0 Village West
Hunter Mill,Week2,Annandale,Week2,303.0 Hunter Mill - 99.0 Annandale
Holmes Run Acres,Week2,Vienna Aquatic,Week5,308.0 Vienna Aquatic - 94.0 Holmes Run Acres
Hunt Valley,Week4,Mansion House,Week1,260.0 Hunt Valley - 142.0 Mansion House
Holmes Run Acres,Week3,Virginia Hills,Week3,347.0 Holmes Run Acres - 55.0 Virginia Hills
Hunt Valley,Week1,Fairfax Club Estates,Week2,320.0 Hunt Valley - 82.0 Fairfax Club Estates
Holmes Run Acres,Week5,Vienna Aquatic,Week2,246.0 Vienna Aquatic - 156.0 Holmes Run Acres
Hunt Valley,Week5,Fairfax,Week4,215.0 Hunt Valley - 187.0 Fairfax
Holmes Run Acres,Week2,Vienna Aquatic,Week4,293.5 Vienna Aquatic - 108.5 Holmes Run Acres
Hunter Mill,Week2,Annandale,Week1,298.0 Hunter Mill - 104.0 Annandale
Hunter Mill,Week1,Annandale,Week5,310.0 Hunter Mill - 92.0 Annandale
Hunt Valley,Week1,Rolling Hills,Week5,300.0 Hunt Valley - 102.0 Rolling Hills
Hunt Valley,Week2,Mantua,Week1,222.0 Hunt Valley - 180.0 Mantua
Hunter Mill,Week3,Commonwealth,Week1,301.0 Hunter Mill - 99.0 Commonwealth
Hunt Valley,Week4,Rolling Hills,Week5,312.0 Hunt Valley - 90.0 Rolling Hills
Holmes Run Acres,Week5,Virginia Hills,Week1,351.0 Holmes Run Acres - 51.0 Virginia Hills
Hunt Valley,Week4,Holmes Run Acres,Week4,272.0 Hunt Valley - 130.0 Holmes Run Acres
Hunt Valley,Week4,Long Branch,Week1,309.0 Hunt Valley - 93.0 Long Branch
Holmes Run Acres,Week1,Virginia Run,Week2,225.0 Virginia Run - 177.0 Holmes Run Acres
Hunt Valley,Week2,Hunt Valley,Week2,201.0 Hunt Valley (HV1) - 201.0 Hunt Valley (HV2)
Holmes Run Acres,Week3,Virginia Hills,Week5,344.0 Holmes Run Acres - 57.0 Virginia Hills
Hunt Valley,Week4,Long Branch,Week5,302.0 Hunt Valley - 100.0 Long Branch
Hunt Valley,Week4,Hunt Valley,Week3,222.0 Hunt Valley (HV2) - 180.0 Hunt Valley (HV1)
Hunt Valley,Week5,Fairfax,Week2,210.0 Hunt Valley - 192.0 Fairfax
Hunt Valley,Week5,Fairfax,Week1,219.0 Hunt Valley - 183.0 Fairfax
Holmes Run Acres,Week1,Virginia Run,Week3,226.0 Virginia Run - 176.0 Holmes Run Acres
Hunter Mill,Week4,Commonwealth,Week4,281.0 Hunter Mill - 121.0 Commonwealth
Hunt Valley,Week3,Rolling Forest,Week2,284.0 Hunt Valley - 118.0 Rolling Forest
Hunter Mill,Week3,Commonwealth,Week4,279.0 Hunter Mill - 123.0 Commonwealth
Hunter Mill,Week2,Annandale,Week5,299.0 Hunter Mill - 103.0 Annandale
Hunt Valley,Week2,Hunt Valley,Week5,249.0 Hunt Valley (HV2) - 153.0 Hunt Valley (HV1)
Hunt Valley,Week1,Rolling Hills,Week3,300.0 Hunt Valley - 102.0 Rolling Hills
Holmes Run Acres,Week4,Vienna Aquatic,Week5,305.0 Vienna Aquatic - 97.0 Holmes Run Acres
Hunt Valley,Week3,Fairfax,Week4,216.0 Hunt Valley - 186.0 Fairfax
Hunt Valley,Week1,Mantua,Week2,235.0 Hunt Valley - 167.0 Mantua
Hunter Mill,Week4,Commonwealth,Week2,271.0 Hunter Mill - 130.0 Commonwealth
Holmes Run Acres,Week2,Virginia Hills,Week1,315.0 Holmes Run Acres - 86.0 Virginia Hills
Hunt Valley,Week4,Fairfax,Week1,214.0 Hunt Valley - 188.0 Fairfax
Hunter Mill,Week1,Annandale,Week3,296.0 Hunter Mill - 101.0 Annandale
Hunt Valley,Week3,Rolling Hills,Week4,323.0 Hunt Valley - 79.0 Rolling Hills
Hunter Mill,Week3,Annandale,Week3,309.0 Hunter Mill - 93.0 Annandale
Hunt Valley,Week4,Rolling Hills,Week4,315.0 Hunt Valley - 87.0 Rolling Hills
Hunt Valley,Week2,Hunt Valley,Week4,240.0 Hunt Valley (HV2) - 162.0 Hunt Valley (HV1)
Holmes Run Acres,Week1,Vienna Aquatic,Week2,284.0 Vienna Aquatic - 118.0 Holmes Run Acres
Hunt Valley,Week4,Hunt Valley,Week2,240.0 Hunt Valley (HV1) - 162.0 Hunt Valley (HV2)
Hunter Mill,Week4,Annandale,Week5,316.0 Hunter Mill - 86.0 Annandale
Holmes Run Acres,Week4,Vienna Aquatic,Week4,290.0 Vienna Aquatic - 112.0 Holmes Run Acres
Hunt Valley,Week1,Mansion House,Week2,247.0 Hunt Valley - 150.0 Mansion House
Holmes Run Acres,Week1,Virginia Hills,Week3,317.0 Holmes Run Acres - 85.0 Virginia Hills
Holmes Run Acres,Week4,Virginia Hills,Week3,330.0 Holmes Run Acres - 72.0 Virginia Hills
Hunt Valley,Week3,Rolling Hills,Week5,322.0 Hunt Valley - 80.0 Rolling Hills
Hunter Mill,Week2,Annandale,Week3,289.0 Hunter Mill - 113.0 Annandale
Hunter Mill,Week4,Commonwealth,Week1,290.0 Hunter Mill - 111.0 Commonwealth
Hunter Mill,Week3,Commonwealth,Week2,271.0 Hunter Mill - 131.0 Commonwealth
Holmes Run Acres,Week1,Vienna Aquatic,Week5,307.0 Vienna Aquatic - 95.0 Holmes Run Acres
Hunt Valley,Week5,Long Branch,Week4,335.0 Hunt Valley - 67.0 Long Branch
Hunt Valley,Week1,Fairfax Club Estates,Week4,302.0 Hunt Valley - 100.0 Fairfax Club Estates
Hunter Mill,Week2,Commonwealth,Week3,264.0 Hunter Mill - 137.0 Commonwealth
Hunt Valley,Week4,Long Branch,Week2,313.0 Hunt Valley - 89.0 Long Branch
Hunter Mill,Week5,Commonwealth,Week3,287.0 Hunter Mill - 115.0 Commonwealth
Hunt Valley,Week2,Rolling Hills,Week3,296.0 Hunt Valley - 106.0 Rolling Hills
Holmes Run Acres,Week5,Vienna Aquatic,Week4,245.0 Vienna Aquatic - 157.0 Holmes Run Acres
Hunt Valley,Week5,Fairfax,Week3,204.0 Fairfax - 198.0 Hunt Valley
Holmes Run Acres,Week5,Virginia Hills,Week4,339.0 Holmes Run Acres - 63.0 Virginia Hills
Hunt Valley,Week4,Hunt Valley,Week4,201.0 Hunt Valley (HV1) - 201.0 Hunt Valley (HV2)
Hunter Mill,Week5,Annandale,Week1,331.0 Hunter Mill - 71.0 Annandale
Hunt Valley,Week4,Long Branch,Week4,320.0 Hunt Valley - 82.0 Long Branch
Holmes Run Acres,Week5,Village West,Week5,300.0 Holmes Run Acres - 102.0 Village West
Hunt Valley,Week5,Hunt Valley,Week1,222.5 Hunt Valley (HV1) - 179.5 Hunt Valley (HV2)
Hunter Mill,Week4,Annandale,Week1,313.0 Hunter Mill - 89.0 Annandale
Holmes Run Acres,Week1,Vienna Woods,Week1,303.0 Vienna Woods - 99.0 Holmes Run Acres
Holmes Run Acres,Week1,Vienna Woods,Week2,290.0 Vienna Woods - 112.0 Holmes Run Acres
Hunt Valley,Week5,Rolling Hills,Week3,322.0 Hunt Valley - 80.0 Rolling Hills
Hunt Valley,Week4,Hunt Valley,Week1,220.5 Hunt Valley (HV1) - 181.5 Hunt Valley (HV2)
Hunt Valley,Week1,Fairfax Club Estates,Week3,308.0 Hunt Valley - 94.0 Fairfax Club Estates
Hunter Mill,Week1,Commonwealth,Week5,270.0 Hunter Mill - 132.0 Commonwealth
Hunt Valley,Week4,Mansion House,Week4,267.0 Hunt Valley - 135.0 Mansion House
Hunter Mill,Week5,Annandale,Week3,311.0 Hunter Mill - 91.0 Annandale
Holmes Run Acres,Week1,Vienna Woods,Week5,324.0 Vienna Woods - 78.0 Holmes Run Acres
Holmes Run Acres,Week3,Virginia Run,Week1,206.0 Virginia Run - 196.0 Holmes Run Acres
Hunt Valley,Week2,Fairfax Club Estates,Week1,307.0 Hunt Valley - 95.0 Fairfax Club Estates
Holmes Run Acres,Week1,Fox Hunt,Week5,236.0 Fox Hunt - 166.0 Holmes Run Acres
Holmes Run Acres,Week1,Vienna Woods,Week3,311.0 Vienna Woods - 91.0 Holmes Run Acres
Hunt Valley,Week1,Mansion House,Week5,234.0 Hunt Valley - 168.0 Mansion House
Hunt Valley,Week2,Fairfax Club Estates,Week3,323.0 Hunt Valley - 79.0 Fairfax Club Estates
Hunt Valley,Week3,Mansion House,Week1,271.0 Hunt Valley - 131.0 Mansion House
Holmes Run Acres,Week2,Virginia Hills,Week5,307.0 Holmes Run Acres - 93.0 Virginia Hills
Holmes Run Acres,Week4,Virginia Hills,Week2,346.0 Holmes Run Acres - 54.0 Virginia Hills
Hunter Mill,Week5,Annandale,Week5,314.0 Hunter Mill - 88.0 Annandale
Hunter Mill,Week1,Cottontail,Week2,263.0 Hunter Mill - 139.0 Cottontail
Hunt Valley,Week5,Rolling Hills,Week5,318.0 Hunt Valley - 84.0 Rolling Hills
Hunt Valley,Week1,Rolling Valley,Week3,327.0 Hunt Valley - 75.0 Rolling Valley
Hunt Valley,Week5,Mansion House,Week2,269.0 Hunt Valley - 133.0 Mansion House
Hunt Valley,Week5,Hunt Valley,Week3,202.0 Hunt Valley (HV2) - 200.0 Hunt Valley (HV1)
Hunt Valley,Week5,Hunt Valley,Week2,249.0 Hunt Valley (HV1) - 153.0 Hunt Valley (HV2)
Hunter Mill,Week5,Annandale,Week2,315.0 Hunter Mill - 87.0 Annandale
Hunter Mill,Week5,Commonwealth,Week2,276.0 Hunter Mill - 126.0 Commonwealth
Hunter Mill,Week1,Arlington Forest,Week1,231.0 Hunter Mill - 171.0 Arlington Forest
Hunt Valley,Week1,Hunter Mill,Week1,239.5 Hunt Valley - 162.5 Hunter Mill
Holmes Run Acres,Week5,Virginia Hills,Week2,356.0 Holmes Run Acres - 46.0 Virginia Hills
Holmes Run Acres,Week1,Vienna Woods,Week4,279.0 Vienna Woods - 123.0 Holmes Run Acres
Hunter Mill,Week5,Commonwealth,Week5,290.0 Hunter Mill - 112.0 Commonwealth
Hunt Valley,Week1,Rolling Valley,Week2,337.0 Hunt Valley - 65.0 Rolling Valley
Hunt Valley,Week1,Fairfax Club Estates,Week1,302.0 Hunt Valley - 95.0 Fairfax Club Estates
Hunt Valley,Week1,Rolling Valley,Week1,346.0 Hunt Valley - 56.0 Rolling Valley
Holmes Run Acres,Week2,Fox Hunt,Week4,201.0 Fox Hunt - 201.0 Holmes Run Acres
Holmes Run Acres,Week2,Virginia Hills,Week4,314.0 Holmes Run Acres - 87.0 Virginia Hills
Hunt Valley,Week1,Mansion House,Week3,230.0 Hunt Valley - 172.0 Mansion House
Hunter Mill,Week1,Arlington Forest,Week2,251.0 Hunter Mill - 146.0 Arlington Forest
Holmes Run Acres,Week2,Vienna Woods,Week1,312.0 Vienna Woods - 90.0 Holmes Run Acres
Hunt Valley,Week5,Rolling Hills,Week4,333.5 Hunt Valley - 68.5 Rolling Hills
Hunt Valley,Week5,Fairfax,Week5,209.5 Fairfax - 192.5 Hunt Valley
Hunter Mill,Week2,Arlington Forest,Week1,234.0 Hunter Mill - 168.0 Arlington Forest
Hunt Valley,Week2,Hunter Mill,Week1,227.0 Hunt Valley - 175.0 Hunter Mill
Hunter Mill,Week1,Country Club Hills,Week1,269.5 Hunter Mill - 132.5 Country Club Hills
Holmes Run Acres,Week5,Village West,Week4,298.0 Holmes Run Acres - 99.0 Village West
Holmes Run Acres,Week2,Oakton ,Week5,302.0 Oakton - 100.0 Holmes Run Acres
Holmes Run Acres,Week3,Vienna Woods,Week3,275.0 Vienna Woods - 127.0 Holmes Run Acres
Holmes Run Acres,Week1,Fox Hunt,Week1,203.0 Holmes Run Acres - 199.0 Fox Hunt
Hunt Valley,Week3,Rolling Hills,Week1,314.5 Hunt Valley - 87.5 Rolling Hills
Holmes Run Acres,Week3,Oakton ,Week2,258.0 Oakton - 144.0 Holmes Run Acres
Holmes Run Acres,Week4,Vienna Woods,Week5,311.0 Vienna Woods - 91.0 Holmes Run Acres
Holmes Run Acres,Week2,Villa Aquatic,Week3,225.0 Villa Aquatic - 177.0 Holmes Run Acres
Hunt Valley,Week2,Fairfax Club Estates,Week4,301.0 Hunt Valley - 101.0 Fairfax Club Estates
Hunter Mill,Week2,Country Club Hills,Week1,266.0 Hunter Mill - 136.0 Country Club Hills
Holmes Run Acres,Week1,Virginia Hills,Week1,314.0 Holmes Run Acres - 85.0 Virginia Hills
Hunter Mill,Week5,Cottontail,Week2,286.0 Hunter Mill - 116.0 Cottontail
Hunt Valley,Week5,Hunt Valley,Week5,201.0 Hunt Valley (HV1) - 201.0 Hunt Valley (HV2)
Hunt Valley,Week1,Hunter Mill,Week2,231.0 Hunt Valley - 171.0 Hunter Mill
Hunt Valley,Week3,Mansion House,Week3,252.0 Hunt Valley - 150.0 Mansion House
Hunt Valley,Week4,Fairfax,Week3,208.0 Fairfax - 194.0 Hunt Valley
Hunt Valley,Week1,Hunter Mill,Week3,222.0 Hunt Valley - 180.0 Hunter Mill
Hunter Mill,Week1,Arlington Forest,Week4,219.0 Hunter Mill - 183.0 Arlington Forest
Hunter Mill,Week4,Cottontail,Week2,271.0 Hunter Mill - 131.0 Cottontail
Holmes Run Acres,Week1,Virginia Hills,Week5,309.0 Holmes Run Acres - 91.0 Virginia Hills
Holmes Run Acres,Week3,Fox Hunt,Week2,242.0 Holmes Run Acres - 160.0 Fox Hunt
Hunt Valley,Week4,Rolling Hills,Week2,309.0 Hunt Valley - 93.0 Rolling Hills
Hunter Mill,Week5,Cottontail,Week1,275.0 Hunter Mill - 127.0 Cottontail
Hunt Valley,Week3,Mansion House,Week4,271.5 Hunt Valley - 130.5 Mansion House
Holmes Run Acres,Week3,Vienna Woods,Week5,289.0 Vienna Woods - 113.0 Holmes Run Acres
Hunt Valley,Week1,Rolling Valley,Week4,340.0 Hunt Valley - 62.0 Rolling Valley
Holmes Run Acres,Week2,Fox Hunt,Week3,226.0 Fox Hunt - 176.0 Holmes Run Acres
Hunter Mill,Week1,Arlington Forest,Week5,199.0 Hunter Mill - 198.0 Arlington Forest
Hunt Valley,Week4,Fairfax,Week2,205.0 Hunt Valley - 197.0 Fairfax
Hunt Valley,Week2,Rolling Hills,Week2,301.0 Hunt Valley - 101.0 Rolling Hills
Holmes Run Acres,Week3,Fox Hunt,Week5,201.0 Fox Hunt - 201.0 Holmes Run Acres
Holmes Run Acres,Week5,Village West,Week3,294.0 Holmes Run Acres - 108.0 Village West
Hunt Valley,Week2,Mansion House,Week1,247.0 Hunt Valley - 155.0 Mansion House
Hunter Mill,Week4,Annandale,Week2,311.0 Hunter Mill - 91.0 Annandale
Hunt Valley,Week2,Hunter Mill,Week3,220.0 Hunt Valley - 182.0 Hunter Mill
Holmes Run Acres,Week3,Villa Aquatic,Week1,258.0 Holmes Run Acres - 144.0 Villa Aquatic
Hunter Mill,Week4,Country Club Hills,Week1,280.0 Hunter Mill - 122.0 Country Club Hills
Hunt Valley,Week3,Mansion House,Week5,260.0 Hunt Valley - 142.0 Mansion House
Hunt Valley,Week1,Hunter Mill,Week4,219.0 Hunt Valley - 183.0 Hunter Mill
Hunt Valley,Week2,Fairfax Club Estates,Week2,327.0 Hunt Valley - 75.0 Fairfax Club Estates
Holmes Run Acres,Week3,Fox Hunt,Week3,211.0 Holmes Run Acres - 191.0 Fox Hunt
Holmes Run Acres,Week2,Virginia Hills,Week2,331.0 Holmes Run Acres - 70.0 Virginia Hills
Hunt Valley,Week3,Fairfax,Week3,208.0 Hunt Valley - 194.0 Fairfax
Hunt Valley,Week3,Mansion House,Week2,269.0 Hunt Valley - 133.0 Mansion House
Hunt Valley,Week2,Hunter Mill,Week4,234.5 Hunt Valley - 167.5 Hunter Mill
Hunt Valley,Week3,Hunter Mill,Week1,252.0 Hunt Valley - 150.0 Hunter Mill
Hunter Mill,Week3,Cottontail,Week1,270.0 Hunter Mill - 132.0 Cottontail
Holmes Run Acres,Week3,Vienna Woods,Week4,251.0 Vienna Woods - 151.0 Holmes Run Acres
Holmes Run Acres,Week2,Oakton ,Week3,286.0 Oakton - 116.0 Holmes Run Acres
Hunter Mill,Week1,Arlington Forest,Week3,269.0 Hunter Mill - 133.0 Arlington Forest
Hunt Valley,Week3,Fairfax,Week5,202.0 Fairfax - 200.0 Hunt Valley
Holmes Run Acres,Week3,North Springfield,Week5,280.0 Holmes Run Acres - 94.0 North Springfield
Hunt Valley,Week4,Rolling Hills,Week1,319.0 Hunt Valley - 83.0 Rolling Hills
Hunt Valley,Week5,Rolling Hills,Week2,326.0 Hunt Valley - 76.0 Rolling Hills
Hunt Valley,Week4,Mansion House,Week2,267.0 Hunt Valley - 135.0 Mansion House
Holmes Run Acres,Week4,Fox Hunt,Week1,208.0 Holmes Run Acres - 194.0 Fox Hunt
Hunter Mill,Week3,Country Club Hills,Week5,259.0 Hunter Mill - 143.0 Country Club Hills
Hunter Mill,Week2,Arlington Forest,Week2,244.0 Hunter Mill - 158.0 Arlington Forest
Holmes Run Acres,Week1,Villa Aquatic,Week3,222.0 Villa Aquatic - 180.0 Holmes Run Acres
Holmes Run Acres,Week4,Fox Hunt,Week4,208.0 Fox Hunt - 194.0 Holmes Run Acres
Holmes Run Acres,Week5,Village West,Week1,308.0 Holmes Run Acres - 94.0 Village West
Hunt Valley,Week4,Mansion House,Week3,246.5 Hunt Valley - 155.5 Mansion House
Hunt Valley,Week4,Fairfax,Week5,210.0 Fairfax - 192.0 Hunt Valley
Holmes Run Acres,Week5,Fox Hunt,Week3,225.0 Holmes Run Acres - 177.0 Fox Hunt
Hunt Valley,Week2,Rolling Hills,Week4,307.0 Hunt Valley - 95.0 Rolling Hills
Hunt Valley,Week2,Fairfax Club Estates,Week5,322.0 Hunt Valley - 80.0 Fairfax Club Estates
Hunt Valley,Week3,Rolling Hills,Week3,310.0 Hunt Valley - 92.0 Rolling Hills
Holmes Run Acres,Week1,Virginia Hills,Week2,332.0 Holmes Run Acres - 68.0 Virginia Hills
Hunter Mill,Week1,Brandywine,Week2,252.0 Hunter Mill - 150.0 Brandywine
Holmes Run Acres,Week5,Vienna Woods,Week2,254.0 Vienna Woods - 148.0 Holmes Run Acres
Hunter Mill,Week2,Arlington Forest,Week4,212.0 Hunter Mill - 190.0 Arlington Forest
Holmes Run Acres,Week4,Vienna Woods,Week2,282.0 Vienna Woods - 120.0 Holmes Run Acres
Hunt Valley,Week4,Mansion House,Week5,248.0 Hunt Valley - 154.0 Mansion House
Holmes Run Acres,Week1,Virginia Hills,Week4,308.0 Holmes Run Acres - 92.0 Virginia Hills
Hunt Valley,Week1,Fairfax Club Estates,Week5,307.0 Hunt Valley - 90.0 Fairfax Club Estates
Hunt Valley,Week5,Mansion House,Week4,272.0 Hunt Valley - 130.0 Mansion House
Holmes Run Acres,Week3,Virginia Hills,Week2,356.0 Holmes Run Acres - 45.0 Virginia Hills
Hunt Valley,Week3,Hunter Mill,Week2,246.0 Hunt Valley - 156.0 Hunter Mill
Hunter Mill,Week3,Arlington Forest,Week1,238.0 Hunter Mill - 164.0 Arlington Forest
Hunter Mill,Week3,Cottontail,Week5,261.0 Hunter Mill - 141.0 Cottontail
Holmes Run Acres,Week5,Forest Hollow,Week4,214.0 Holmes Run Acres - 188.0 Forest Hollow
Holmes Run Acres,Week4,North Springfield,Week4,285.0 Holmes Run Acres - 99.0 North Springfield
Holmes Run Acres,Week2,Fox Hunt,Week1,210.5 Holmes Run Acres - 191.5 Fox Hunt
Hunt Valley,Week4,Hunter Mill,Week2,232.0 Hunt Valley - 170.0 Hunter Mill
Holmes Run Acres,Week3,North Springfield,Week4,311.0 Holmes Run Acres - 76.0 North Springfield
Hunt Valley,Week3,Rolling Hills,Week2,321.0 Hunt Valley - 81.0 Rolling Hills
Holmes Run Acres,Week4,North Springfield,Week1,291.0 Holmes Run Acres - 60.0 North Springfield
Hunt Valley,Week3,Hunter Mill,Week4,236.0 Hunt Valley - 166.0 Hunter Mill
Hunter Mill,Week3,Country Club Hills,Week3,276.0 Hunter Mill - 126.0 Country Club Hills
Holmes Run Acres,Week5,Vienna Woods,Week1,249.0 Vienna Woods - 153.0 Holmes Run Acres
Hunt Valley,Week1,Rolling Valley,Week5,323.0 Hunt Valley - 79.0 Rolling Valley
Hunt Valley,Week5,Mansion House,Week3,266.0 Hunt Valley - 136.0 Mansion House
Holmes Run Acres,Week1,Oakton ,Week1,272.0 Oakton - 130.0 Holmes Run Acres
Hunt Valley,Week5,Rolling Hills,Week1,316.0 Hunt Valley - 86.0 Rolling Hills
Holmes Run Acres,Week5,North Springfield,Week2,309.0 Holmes Run Acres - 74.0 North Springfield
Hunt Valley,Week1,Mantua,Week5,205.0 Mantua - 197.0 Hunt Valley
Hunt Valley,Week1,Mantua,Week3,204.0 Mantua - 198.0 Hunt Valley
Holmes Run Acres,Week3,Vienna Woods,Week1,275.0 Vienna Woods - 127.0 Holmes Run Acres
Hunter Mill,Week4,Cottontail,Week5,269.0 Hunter Mill - 133.0 Cottontail
Holmes Run Acres,Week3,Vienna Woods,Week2,263.0 Vienna Woods - 139.0 Holmes Run Acres
Hunt Valley,Week2,Rutherford,Week1,334.0 Hunt Valley - 68.0 Rutherford
Hunt Valley,Week5,Fairfax Club Estates,Week1,325.0 Hunt Valley - 77.0 Fairfax Club Estates
Hunt Valley,Week4,Hunter Mill,Week3,230.5 Hunt Valley - 171.5 Hunter Mill
Hunter Mill,Week2,Brandywine,Week1,266.0 Hunter Mill - 136.0 Brandywine
Holmes Run Acres,Week3,Virginia Hills,Week4,346.0 Holmes Run Acres - 55.0 Virginia Hills
Holmes Run Acres,Week4,Oakton ,Week1,263.0 Oakton - 139.0 Holmes Run Acres
Hunt Valley,Week4,Hunter Mill,Week4,223.0 Hunt Valley - 179.0 Hunter Mill
Hunter Mill,Week3,Brandywine,Week1,264.0 Hunter Mill - 138.0 Brandywine
Holmes Run Acres,Week4,Virginia Hills,Week4,331.0 Holmes Run Acres - 69.0 Virginia Hills
Hunter Mill,Week4,Arlington Forest,Week5,220.0 Hunter Mill - 182.0 Arlington Forest
Hunter Mill,Week5,Cottontail,Week4,285.0 Hunter Mill - 117.0 Cottontail
Hunter Mill,Week3,Country Club Hills,Week4,269.0 Hunter Mill - 133.0 Country Club Hills
Hunt Valley,Week1,Mantua,Week1,216.0 Hunt Valley - 186.0 Mantua
Hunter Mill,Week5,Cottontail,Week3,309.0 Hunter Mill - 93.0 Cottontail
Holmes Run Acres,Week5,Virginia Hills,Week3,349.0 Holmes Run Acres - 53.0 Virginia Hills
Hunter Mill,Week1,Brandywine,Week5,221.0 Hunter Mill - 181.0 Brandywine
Hunt Valley,Week3,Hunter Mill,Week3,244.0 Hunt Valley - 158.0 Hunter Mill
Hunt Valley,Week4,Fairfax Club Estates,Week1,307.5 Hunt Valley - 94.5 Fairfax Club Estates
Holmes Run Acres,Week4,Fox Hunt,Week5,235.0 Fox Hunt - 167.0 Holmes Run Acres
Hunt Valley,Week4,Rolling Hills,Week3,309.0 Hunt Valley - 93.0 Rolling Hills
Hunt Valley,Week5,Hunter Mill,Week1,256.0 Hunt Valley - 146.0 Hunter Mill
Hunt Valley,Week2,Rolling Hills,Week5,303.0 Hunt Valley - 99.0 Rolling Hills
Hunt Valley,Week3,Fairfax Club Estates,Week2,331.0 Hunt Valley - 71.0 Fairfax Club Estates
Hunt Valley,Week5,Mansion House,Week5,258.0 Hunt Valley - 144.0 Mansion House
Holmes Run Acres,Week1,Fox Hunt,Week2,201.0 Fox Hunt - 201.0 Holmes Run Acres
Hunt Valley,Week5,Hunter Mill,Week3,234.0 Hunt Valley - 168.0 Hunter Mill
Hunt Valley,Week2,Fairfax Station,Week2,202.0 Hunt Valley - 200.0 Fairfax Station
Hunter Mill,Week5,Arlington Forest,Week4,243.0 Hunter Mill - 159.0 Arlington Forest
Hunt Valley,Week3,Fairfax Club Estates,Week1,322.0 Hunt Valley - 80.0 Fairfax Club Estates
Holmes Run Acres,Week2,Vienna Woods,Week2,307.0 Vienna Woods - 95.0 Holmes Run Acres
Holmes Run Acres,Week4,Virginia Hills,Week1,333.0 Holmes Run Acres - 67.0 Virginia Hills
Hunter Mill,Week5,Country Club Hills,Week3,283.0 Hunter Mill - 119.0 Country Club Hills
Holmes Run Acres,Week3,Fox Hunt,Week4,243.0 Holmes Run Acres - 159.0 Fox Hunt
Holmes Run Acres,Week5,Fox Hunt,Week1,250.0 Holmes Run Acres - 152.0 Fox Hunt
Holmes Run Acres,Week5,Vienna Woods,Week3,267.0 Vienna Woods - 135.0 Holmes Run Acres
Holmes Run Acres,Week4,Virginia Hills,Week5,324.0 Holmes Run Acres - 77.0 Virginia Hills
Holmes Run Acres,Week4,North Springfield,Week2,286.0 Holmes Run Acres - 101.0 North Springfield
Holmes Run Acres,Week2,Oakton ,Week2,289.5 Oakton - 112.5 Holmes Run Acres
Holmes Run Acres,Week1,Villa Aquatic,Week5,212.0 Villa Aquatic - 190.0 Holmes Run Acres
Hunter Mill,Week2,Country Club Hills,Week2,276.0 Hunter Mill - 126.0 Country Club Hills
Holmes Run Acres,Week5,Fox Hunt,Week4,238.0 Holmes Run Acres - 164.0 Fox Hunt
Holmes Run Acres,Week4,Vienna Woods,Week3,300.0 Vienna Woods - 102.0 Holmes Run Acres
Holmes Run Acres,Week3,North Springfield,Week1,299.0 Holmes Run Acres - 52.0 North Springfield
Hunter Mill,Week1,Country Club Hills,Week2,275.0 Hunter Mill - 127.0 Country Club Hills
Holmes Run Acres,Week2,Fox Hunt,Week2,211.0 Holmes Run Acres - 191.0 Fox Hunt
Hunt Valley,Week4,Rolling Valley,Week3,341.0 Hunt Valley - 61.0 Rolling Valley
Hunter Mill,Week2,Brandywine,Week4,236.0 Hunter Mill - 166.0 Brandywine
Holmes Run Acres,Week1,Virginia Run,Week1,239.0 Virginia Run - 163.0 Holmes Run Acres
Holmes Run Acres,Week2,Villa Aquatic,Week2,217.0 Holmes Run Acres - 185.0 Villa Aquatic
Holmes Run Acres,Week5,Virginia Hills,Week5,339.0 Holmes Run Acres - 63.0 Virginia Hills
Holmes Run Acres,Week4,North Springfield,Week3,283.0 Holmes Run Acres - 110.0 North Springfield
Hunt Valley,Week5,Hunter Mill,Week2,242.0 Hunt Valley - 160.0 Hunter Mill
Hunt Valley,Week2,Mantua,Week3,209.0 Mantua - 193.0 Hunt Valley
Hunt Valley,Week2,Mantua,Week2,216.5 Hunt Valley - 185.5 Mantua
Hunter Mill,Week1,Brandywine,Week1,252.0 Hunter Mill - 150.0 Brandywine
Hunt Valley,Week4,Fairfax Station,Week2,224.0 Hunt Valley - 178.0 Fairfax Station
Holmes Run Acres,Week1,Fox Hunt,Week4,212.0 Fox Hunt - 190.0 Holmes Run Acres
Hunt Valley,Week4,Hunter Mill,Week1,234.0 Hunt Valley - 168.0 Hunter Mill
Hunt Valley,Week3,Rolling Valley,Week3,347.0 Hunt Valley - 55.0 Rolling Valley
Hunter Mill,Week4,Cottontail,Week3,284.0 Hunter Mill - 118.0 Cottontail
Hunt Valley,Week3,Fairfax Station,Week5,221.0 Fairfax Station - 181.0 Hunt Valley
Hunt Valley,Week3,Mantua,Week3,217.5 Hunt Valley - 184.5 Mantua
Holmes Run Acres,Week4,Vienna Woods,Week4,282.0 Vienna Woods - 120.0 Holmes Run Acres
Hunter Mill,Week5,Arlington Forest,Week5,233.0 Hunter Mill - 169.0 Arlington Forest
Hunt Valley,Week4,Rolling Valley,Week5,338.0 Hunt Valley - 64.0 Rolling Valley
Holmes Run Acres,Week5,Vienna Woods,Week4,238.0 Vienna Woods - 164.0 Holmes Run Acres
Hunt Valley,Week2,Fairfax Station,Week1,202.0 Hunt Valley - 200.0 Fairfax Station
Hunter Mill,Week1,Brandywine,Week4,239.0 Hunter Mill - 163.0 Brandywine
Hunter Mill,Week4,Arlington Forest,Week1,257.0 Hunter Mill - 145.0 Arlington Forest
Hunt Valley,Week5,Hunter Mill,Week5,220.5 Hunt Valley - 181.5 Hunter Mill
Hunt Valley,Week2,Rolling Valley,Week2,343.0 Hunt Valley - 59.0 Rolling Valley
Holmes Run Acres,Week5,Vienna Woods,Week5,274.0 Vienna Woods - 128.0 Holmes Run Acres
Holmes Run Acres,Week5,North Springfield,Week3,307.0 Holmes Run Acres - 88.0 North Springfield
Holmes Run Acres,Week4,Fox Hunt,Week2,205.0 Holmes Run Acres - 197.0 Fox Hunt
Hunt Valley,Week1,Rutherford,Week4,305.0 Hunt Valley - 97.0 Rutherford
Hunt Valley,Week4,Fairfax Station,Week5,223.0 Fairfax Station - 179.0 Hunt Valley
Holmes Run Acres,Week4,North Springfield,Week5,269.0 Holmes Run Acres - 104.0 North Springfield
Hunt Valley,Week3,Hunter Mill,Week5,226.0 Hunt Valley - 176.0 Hunter Mill
Hunt Valley,Week3,Mantua,Week4,233.0 Hunt Valley - 169.0 Mantua
Hunt Valley,Week2,Fairfax Station,Week3,223.0 Fairfax Station - 179.0 Hunt Valley
Hunter Mill,Week1,Country Club Hills,Week5,251.0 Hunter Mill - 151.0 Country Club Hills
Holmes Run Acres,Week3,Fox Hunt,Week1,250.0 Holmes Run Acres - 152.0 Fox Hunt
Holmes Run Acres,Week1,Virginia Run,Week5,250.0 Virginia Run - 152.0 Holmes Run Acres
Holmes Run Acres,Week2,Virginia Run,Week1,244.0 Virginia Run - 158.0 Holmes Run Acres
Holmes Run Acres,Week5,North Springfield,Week1,301.0 Holmes Run Acres - 50.0 North Springfield
Hunt Valley,Week2,Mantua,Week5,217.0 Mantua - 185.0 Hunt Valley
Holmes Run Acres,Week2,Fox Hunt,Week5,232.0 Fox Hunt - 170.0 Holmes Run Acres
Hunt Valley,Week5,Hunter Mill,Week4,228.5 Hunt Valley - 173.5 Hunter Mill
Hunter Mill,Week4,Cottontail,Week4,277.0 Hunter Mill - 125.0 Cottontail
Holmes Run Acres,Week1,Virginia Run,Week4,237.0 Virginia Run - 165.0 Holmes Run Acres
Hunt Valley,Week5,Rolling Valley,Week1,375.0 Hunt Valley - 27.0 Rolling Valley
Holmes Run Acres,Week2,Vienna Woods,Week3,305.0 Vienna Woods - 97.0 Holmes Run Acres
Hunt Valley,Week5,Fairfax Club Estates,Week2,333.0 Hunt Valley - 69.0 Fairfax Club Estates
Hunt Valley,Week2,Mantua,Week4,217.0 Hunt Valley - 185.0 Mantua
Holmes Run Acres,Week1,Villa Aquatic,Week1,220.0 Holmes Run Acres - 182.0 Villa Aquatic
Hunt Valley,Week3,Fairfax Club Estates,Week4,312.0 Hunt Valley - 90.0 Fairfax Club Estates
Hunt Valley,Week5,Rolling Valley,Week5,348.0 Hunt Valley - 54.0 Rolling Valley
Hunt Valley,Week2,Rolling Valley,Week1,365.0 Hunt Valley - 37.0 Rolling Valley
Hunter Mill,Week4,Cottontail,Week1,274.0 Hunter Mill - 128.0 Cottontail
Hunt Valley,Week3,Fairfax Station,Week4,212.0 Hunt Valley - 190.0 Fairfax Station
Hunt Valley,Week1,Ilda Community,Week4,328.0 Hunt Valley - 74.0 Ilda Community
Hunt Valley,Week4,Hunter Mill,Week5,221.0 Hunt Valley - 181.0 Hunter Mill
Hunter Mill,Week3,Cottontail,Week2,273.0 Hunter Mill - 129.0 Cottontail
Hunter Mill,Week4,Brandywine,Week1,270.0 Hunter Mill - 132.0 Brandywine
Hunt Valley,Week3,Mantua,Week2,257.0 Hunt Valley - 145.0 Mantua
Hunter Mill,Week2,Brandywine,Week3,247.0 Hunter Mill - 155.0 Brandywine
Holmes Run Acres,Week2,Vienna Woods,Week4,291.0 Vienna Woods - 111.0 Holmes Run Acres
Hunter Mill,Week1,Brandywine,Week3,241.0 Hunter Mill - 161.0 Brandywine
Hunt Valley,Week3,Mantua,Week5,207.0 Hunt Valley - 195.0 Mantua
Hunt Valley,Week4,Mantua,Week2,234.0 Hunt Valley - 168.0 Mantua
Holmes Run Acres,Week4,Fox Hunt,Week3,231.0 Fox Hunt - 171.0 Holmes Run Acres
Hunt Valley,Week2,Fairfax Station,Week5,231.0 Fairfax Station - 171.0 Hunt Valley
Holmes Run Acres,Week5,Fox Hunt,Week2,247.0 Holmes Run Acres - 155.0 Fox Hunt
Holmes Run Acres,Week2,Virginia Run,Week2,226.0 Virginia Run - 171.0 Holmes Run Acres
Holmes Run Acres,Week1,Oakton ,Week2,292.0 Oakton - 110.0 Holmes Run Acres
Hunt Valley,Week3,Fairfax Station,Week3,203.5 Hunt Valley - 198.5 Fairfax Station
Holmes Run Acres,Week1,Oakton ,Week3,279.0 Oakton - 123.0 Holmes Run Acres
Holmes Run Acres,Week5,Forest Hollow,Week5,211.0 Forest Hollow - 191.0 Holmes Run Acres
Hunter Mill,Week3,Arlington Forest,Week5,208.0 Hunter Mill - 194.0 Arlington Forest
Hunter Mill,Week3,Cottontail,Week3,283.0 Hunter Mill - 119.0 Cottontail
Holmes Run Acres,Week1,Villa Aquatic,Week2,214.0 Holmes Run Acres - 188.0 Villa Aquatic
Holmes Run Acres,Week5,North Springfield,Week5,291.0 Holmes Run Acres - 83.0 North Springfield
Hunt Valley,Week1,Ilda Community,Week3,335.0 Hunt Valley - 67.0 Ilda Community
Hunt Valley,Week1,Ilda Community,Week2,336.0 Hunt Valley - 66.0 Ilda Community
Holmes Run Acres,Week2,Virginia Run,Week5,256.0 Virginia Run - 146.0 Holmes Run Acres
Hunter Mill,Week5,Cottontail,Week5,267.0 Hunter Mill - 135.0 Cottontail
Hunt Valley,Week3,Fairfax Club Estates,Week3,328.0 Hunt Valley - 74.0 Fairfax Club Estates
Hunt Valley,Week4,Rolling Valley,Week2,342.0 Hunt Valley - 60.0 Rolling Valley
Hunter Mill,Week1,Country Club Hills,Week3,279.0 Hunter Mill - 123.0 Country Club Hills
Hunter Mill,Week5,Arlington Forest,Week2,280.5 Hunter Mill - 121.5 Arlington Forest
Holmes Run Acres,Week2,Virginia Run,Week3,211.0 Virginia Run - 191.0 Holmes Run Acres
Holmes Run Acres,Week2,Virginia Run,Week4,232.0 Virginia Run - 170.0 Holmes Run Acres
Holmes Run Acres,Week1,Fox Hunt,Week3,215.0 Fox Hunt - 187.0 Holmes Run Acres
Holmes Run Acres,Week3,Virginia Run,Week3,223.0 Holmes Run Acres - 179.0 Virginia Run
Holmes Run Acres,Week3,North Springfield,Week3,295.0 Holmes Run Acres - 97.0 North Springfield
Hunt Valley,Week4,Mantua,Week4,226.0 Hunt Valley - 176.0 Mantua
Hunt Valley,Week2,Rolling Valley,Week3,339.0 Hunt Valley - 63.0 Rolling Valley
Holmes Run Acres,Week5,North Springfield,Week4,310.0 Holmes Run Acres - 80.0 North Springfield
Hunter Mill,Week3,Cottontail,Week4,270.0 Hunter Mill - 132.0 Cottontail
Hunt Valley,Week1,Ilda Community,Week1,324.0 Hunt Valley - 78.0 Ilda Community
Holmes Run Acres,Week2,Vienna Woods,Week5,328.0 Vienna Woods - 74.0 Holmes Run Acres
Hunter Mill,Week2,Country Club Hills,Week3,262.0 Hunter Mill - 140.0 Country Club Hills
Hunt Valley,Week1,Fairfax Station,Week5,221.0 Fairfax Station - 181.0 Hunt Valley
Hunt Valley,Week3,Rolling Valley,Week5,341.0 Hunt Valley - 61.0 Rolling Valley
Holmes Run Acres,Week1,Villa Aquatic,Week4,203.0 Villa Aquatic - 199.0 Holmes Run Acres
Holmes Run Acres,Week4,Virginia Run,Week1,234.0 Virginia Run - 168.0 Holmes Run Acres
Hunt Valley,Week3,Ilda Community,Week1,340.0 Hunt Valley - 61.0 Ilda Community
Hunt Valley,Week4,Mantua,Week3,203.0 Hunt Valley - 199.0 Mantua
Hunt Valley,Week4,Fairfax Club Estates,Week2,324.0 Hunt Valley - 78.0 Fairfax Club Estates
Hunt Valley,Week5,Rolling Valley,Week3,349.0 Hunt Valley - 53.0 Rolling Valley
Holmes Run Acres,Week1,Oakton ,Week4,297.0 Oakton - 105.0 Holmes Run Acres
Hunt Valley,Week1,Ilda Community,Week5,328.0 Hunt Valley - 74.0 Ilda Community
Holmes Run Acres,Week3,North Springfield,Week2,310.0 Holmes Run Acres - 77.0 North Springfield
Holmes Run Acres,Week4,Vienna Woods,Week1,298.0 Vienna Woods - 104.0 Holmes Run Acres
Hunter Mill,Week3,Brandywine,Week4,256.0 Hunter Mill - 146.0 Brandywine
Hunter Mill,Week1,Country Club Hills,Week4,270.5 Hunter Mill - 131.5 Country Club Hills
Hunt Valley,Week4,Mantua,Week5,203.0 Mantua - 199.0 Hunt Valley
Hunter Mill,Week3,Brandywine,Week5,224.0 Hunter Mill - 178.0 Brandywine
Holmes Run Acres,Week4,Virginia Run,Week2,206.0 Virginia Run - 196.0 Holmes Run Acres
Hunt Valley,Week3,Mantua,Week1,237.0 Hunt Valley - 165.0 Mantua
Holmes Run Acres,Week4,Virginia Run,Week5,245.0 Virginia Run - 157.0 Holmes Run Acres
Hunter Mill,Week3,Arlington Forest,Week4,235.0 Hunter Mill - 167.0 Arlington Forest
Hunt Valley,Week4,Mantua,Week1,227.0 Hunt Valley - 175.0 Mantua
Hunter Mill,Week3,Country Club Hills,Week2,288.0 Hunter Mill - 114.0 Country Club Hills
Hunt Valley,Week5,Ilda Community,Week2,355.0 Hunt Valley - 47.0 Ilda Community
Holmes Run Acres,Week1,Oakton ,Week5,307.0 Oakton - 95.0 Holmes Run Acres
Hunt Valley,Week4,Fairfax Club Estates,Week3,320.0 Hunt Valley - 82.0 Fairfax Club Estates
Hunt Valley,Week4,Fairfax Club Estates,Week5,319.5 Hunt Valley - 82.5 Fairfax Club Estates
Holmes Run Acres,Week5,Virginia Run,Week4,227.0 Holmes Run Acres - 175.0 Virginia Run
Hunt Valley,Week1,Rutherford,Week2,325.0 Hunt Valley - 77.0 Rutherford
Holmes Run Acres,Week2,Oakton ,Week4,303.0 Oakton - 99.0 Holmes Run Acres
Holmes Run Acres,Week2,Villa Aquatic,Week5,210.0 Villa Aquatic - 192.0 Holmes Run Acres
Hunter Mill,Week3,Country Club Hills,Week1,276.0 Hunter Mill - 126.0 Country Club Hills
Holmes Run Acres,Week2,Oakton ,Week1,275.0 Oakton - 127.0 Holmes Run Acres
Hunt Valley,Week2,Rolling Valley,Week5,328.0 Hunt Valley - 74.0 Rolling Valley
Holmes Run Acres,Week5,Virginia Run,Week1,207.0 Holmes Run Acres - 195.0 Virginia Run
Hunt Valley,Week5,Mantua,Week1,234.0 Hunt Valley - 168.0 Mantua
Holmes Run Acres,Week1,Wakefield Chapel,Week1,311.0 Wakefield Chapel - 91.0 Holmes Run Acres
Holmes Run Acres,Week2,Villa Aquatic,Week1,212.0 Holmes Run Acres - 190.0 Villa Aquatic
Hunt Valley,Week3,Rolling Valley,Week1,366.0 Hunt Valley - 36.0 Rolling Valley
Hunt Valley,Week5,Fairfax Club Estates,Week3,328.0 Hunt Valley - 74.0 Fairfax Club Estates
Hunter Mill,Week2,Country Club Hills,Week4,251.0 Hunter Mill - 151.0 Country Club Hills
Hunter Mill,Week5,Arlington Forest,Week3,270.0 Hunter Mill - 132.0 Arlington Forest
Hunt Valley,Week5,Mantua,Week2,260.0 Hunt Valley - 142.0 Mantua
Holmes Run Acres,Week2,Little Rocky Run,Week2,261.0 Little Rocky Run - 141.0 Holmes Run Acres
Holmes Run Acres,Week2,Villa Aquatic,Week4,203.0 Holmes Run Acres - 199.0 Villa Aquatic
Hunt Valley,Week2,Ilda Community,Week1,332.0 Hunt Valley - 69.0 Ilda Community
Hunt Valley,Week2,Kent Gardens,Week1,276.0 Hunt Valley - 126.0 Kent Gardens
Hunter Mill,Week4,Arlington Forest,Week4,235.0 Hunter Mill - 167.0 Arlington Forest
Hunter Mill,Week3,Brandywine,Week3,246.0 Hunter Mill - 156.0 Brandywine
Hunter Mill,Week4,Country Club Hills,Week4,279.0 Hunter Mill - 123.0 Country Club Hills
Hunt Valley,Week5,Mantua,Week4,236.0 Hunt Valley - 166.0 Mantua
Hunter Mill,Week2,Brandywine,Week2,249.0 Hunter Mill - 153.0 Brandywine
Holmes Run Acres,Week3,Oakton ,Week1,233.0 Oakton - 169.0 Holmes Run Acres
Holmes Run Acres,Week5,Virginia Run,Week5,204.0 Holmes Run Acres - 198.0 Virginia Run
Holmes Run Acres,Week2,Little Rocky Run,Week1,272.0 Little Rocky Run - 130.0 Holmes Run Acres
Hunt Valley,Week2,Fairfax Station,Week4,206.0 Fairfax Station - 196.0 Hunt Valley
Hunt Valley,Week2,Kent Gardens,Week3,281.0 Hunt Valley - 121.0 Kent Gardens
Hunt Valley,Week5,Ilda Community,Week1,345.0 Hunt Valley - 57.0 Ilda Community
Hunt Valley,Week1,Fairfax Station,Week1,214.0 Hunt Valley - 188.0 Fairfax Station
Hunt Valley,Week3,Fairfax Club Estates,Week5,335.0 Hunt Valley - 67.0 Fairfax Club Estates
Hunter Mill,Week5,Arlington Forest,Week1,257.0 Hunter Mill - 145.0 Arlington Forest
Holmes Run Acres,Week3,Oakton ,Week4,244.0 Oakton - 158.0 Holmes Run Acres
Hunt Valley,Week3,Rolling Valley,Week4,346.0 Hunt Valley - 56.0 Rolling Valley
Holmes Run Acres,Week3,Virginia Run,Week4,211.0 Holmes Run Acres - 191.0 Virginia Run
Hunter Mill,Week4,Arlington Forest,Week2,269.0 Hunter Mill - 133.0 Arlington Forest
Holmes Run Acres,Week3,Village West,Week3,283.0 Holmes Run Acres - 119.0 Village West
Holmes Run Acres,Week5,Little Hunting Park,Week4,291.0 Holmes Run Acres - 111.0 Little Hunting Park
Holmes Run Acres,Week3,Oakton ,Week5,265.0 Oakton - 137.0 Holmes Run Acres
Holmes Run Acres,Week1,Wakefield Chapel,Week4,298.0 Wakefield Chapel - 104.0 Holmes Run Acres
Hunter Mill,Week3,Arlington Forest,Week3,256.0 Hunter Mill - 146.0 Arlington Forest
Hunt Valley,Week3,Fairfax Station,Week1,228.0 Hunt Valley - 174.0 Fairfax Station
Hunt Valley,Week1,Fairfax Station,Week2,202.0 Hunt Valley - 200.0 Fairfax Station
Hunt Valley,Week3,Kent Gardens,Week1,292.0 Hunt Valley - 110.0 Kent Gardens
Hunt Valley,Week1,Kent Gardens,Week4,277.0 Hunt Valley - 125.0 Kent Gardens
Hunt Valley,Week5,Rolling Valley,Week2,355.0 Hunt Valley - 47.0 Rolling Valley
Hunt Valley,Week1,McLean,Week1,218.0 McLean - 184.0 Hunt Valley
Holmes Run Acres,Week1,Village West,Week4,254.0 Holmes Run Acres - 143.0 Village West
Hunter Mill,Week2,Country Club Hills,Week5,247.0 Hunter Mill - 155.0 Country Club Hills
Hunt Valley,Week2,Rolling Valley,Week4,335.0 Hunt Valley - 67.0 Rolling Valley
Holmes Run Acres,Week1,Village West,Week5,248.0 Holmes Run Acres - 154.0 Village West
Holmes Run Acres,Week5,Villa Aquatic,Week5,247.0 Holmes Run Acres - 155.0 Villa Aquatic
Holmes Run Acres,Week5,Virginia Run,Week3,230.0 Holmes Run Acres - 172.0 Virginia Run
Holmes Run Acres,Week1,Wakefield Chapel,Week3,314.0 Wakefield Chapel - 88.0 Holmes Run Acres
Holmes Run Acres,Week5,Little Hunting Park,Week2,303.0 Holmes Run Acres - 99.0 Little Hunting Park
Hunter Mill,Week4,Country Club Hills,Week2,284.0 Hunter Mill - 118.0 Country Club Hills
Holmes Run Acres,Week1,Long Branch,Week1,230.0 Holmes Run Acres - 172.0 Long Branch
Holmes Run Acres,Week5,Oakton ,Week3,230.0 Oakton - 172.0 Holmes Run Acres
Holmes Run Acres,Week4,Old Keene Mill,Week2,245.0 Holmes Run Acres - 157.0 Old Keene Mill
Hunt Valley,Week5,Ilda Community,Week3,352.0 Hunt Valley - 50.0 Ilda Community
Holmes Run Acres,Week3,Villa Aquatic,Week5,228.0 Holmes Run Acres - 174.0 Villa Aquatic
Hunt Valley,Week3,Rolling Valley,Week2,351.0 Hunt Valley - 51.0 Rolling Valley
Holmes Run Acres,Week5,Little Hunting Park,Week1,297.0 Holmes Run Acres - 105.0 Little Hunting Park
Hunter Mill,Week4,Country Club Hills,Week3,280.5 Hunter Mill - 121.5 Country Club Hills
Hunt Valley,Week5,Mantua,Week5,221.5 Hunt Valley - 180.5 Mantua
Hunt Valley,Week4,Rolling Valley,Week1,373.0 Hunt Valley - 29.0 Rolling Valley
Hunter Mill,Week4,Arlington Forest,Week3,287.0 Hunter Mill - 115.0 Arlington Forest
Hunt Valley,Week1,McLean,Week3,224.0 McLean - 178.0 Hunt Valley
Hunt Valley,Week4,Rolling Valley,Week4,339.0 Hunt Valley - 63.0 Rolling Valley
Hunter Mill,Week4,Country Club Hills,Week5,258.0 Hunter Mill - 144.0 Country Club Hills
Hunt Valley,Week5,Mantua,Week3,211.0 Hunt Valley - 191.0 Mantua
Hunt Valley,Week5,Rolling Valley,Week4,362.0 Hunt Valley - 40.0 Rolling Valley
Holmes Run Acres,Week4,Oakton ,Week3,269.0 Oakton - 133.0 Holmes Run Acres
Hunt Valley,Week4,Kent Gardens,Week2,300.0 Hunt Valley - 102.0 Kent Gardens
Holmes Run Acres,Week4,Villa Aquatic,Week1,220.0 Holmes Run Acres - 182.0 Villa Aquatic
Hunt Valley,Week4,Fairfax Club Estates,Week4,307.0 Hunt Valley - 95.0 Fairfax Club Estates
Holmes Run Acres,Week2,Wakefield Chapel,Week3,313.0 Wakefield Chapel - 89.0 Holmes Run Acres
Hunter Mill,Week3,Brandywine,Week2,253.0 Hunter Mill - 149.0 Brandywine
Hunt Valley,Week1,McLean,Week2,235.0 McLean - 167.0 Hunt Valley
Holmes Run Acres,Week2,Wakefield Chapel,Week2,309.0 Wakefield Chapel - 93.0 Holmes Run Acres
Holmes Run Acres,Week3,Villa Aquatic,Week3,230.0 Holmes Run Acres - 172.0 Villa Aquatic
Hunter Mill,Week2,Brandywine,Week5,225.5 Hunter Mill - 176.5 Brandywine
Hunter Mill,Week5,Country Club Hills,Week2,286.0 Hunter Mill - 116.0 Country Club Hills
Hunter Mill,Week5,Country Club Hills,Week1,281.0 Hunter Mill - 121.0 Country Club Hills
Hunt Valley,Week1,Fairfax Station,Week4,203.0 Fairfax Station - 199.0 Hunt Valley
Holmes Run Acres,Week1,Little Rocky Run,Week1,270.5 Little Rocky Run - 131.5 Holmes Run Acres
Hunt Valley,Week2,McLean,Week2,240.0 McLean - 162.0 Hunt Valley
Holmes Run Acres,Week5,Little Hunting Park,Week3,301.0 Holmes Run Acres - 101.0 Little Hunting Park
Hunt Valley,Week1,Kent Gardens,Week3,279.0 Hunt Valley - 123.0 Kent Gardens
Hunt Valley,Week1,Rutherford,Week1,331.0 Hunt Valley - 71.0 Rutherford
Holmes Run Acres,Week3,Oakton ,Week3,240.0 Oakton - 162.0 Holmes Run Acres
Holmes Run Acres,Week1,Fairfax Club Estates,Week5,242.0 Holmes Run Acres - 158.0 Fairfax Club Estates
Hunt Valley,Week5,Fairfax Club Estates,Week4,317.0 Hunt Valley - 85.0 Fairfax Club Estates
Holmes Run Acres,Week5,Virginia Run,Week2,239.0 Holmes Run Acres - 163.0 Virginia Run
Hunt Valley,Week1,Mosby Woods,Week3,206.0 Mosby Woods - 196.0 Hunt Valley
Holmes Run Acres,Week4,Virginia Run,Week3,212.0 Virginia Run - 190.0 Holmes Run Acres
Holmes Run Acres,Week5,Little Hunting Park,Week5,279.0 Holmes Run Acres - 123.0 Little Hunting Park
Hunter Mill,Week5,Brandywine,Week4,270.5 Hunter Mill - 131.5 Brandywine
Holmes Run Acres,Week5,Oakton ,Week5,258.0 Oakton - 144.0 Holmes Run Acres
Holmes Run Acres,Week4,Villa Aquatic,Week5,207.0 Villa Aquatic - 195.0 Holmes Run Acres
Holmes Run Acres,Week4,Villa Aquatic,Week2,208.0 Holmes Run Acres - 194.0 Villa Aquatic
Holmes Run Acres,Week4,Fairfax Club Estates,Week2,263.0 Holmes Run Acres - 138.0 Fairfax Club Estates
Hunter Mill,Week5,Brandywine,Week5,252.0 Hunter Mill - 150.0 Brandywine
Holmes Run Acres,Week2,Old Keene Mill,Week1,261.0 Holmes Run Acres - 140.0 Old Keene Mill
Holmes Run Acres,Week2,Little Rocky Run,Week3,299.0 Little Rocky Run - 103.0 Holmes Run Acres
Holmes Run Acres,Week4,Oakton ,Week2,282.0 Oakton - 120.0 Holmes Run Acres
Hunt Valley,Week1,Rutherford,Week5,302.0 Hunt Valley - 100.0 Rutherford
Hunter Mill,Week2,Crosspointe,Week4,219.0 Crosspointe - 183.0 Hunter Mill
Hunt Valley,Week5,Ilda Community,Week5,360.0 Hunt Valley - 42.0 Ilda Community
Hunter Mill,Week3,Crosspointe,Week1,220.0 Crosspointe - 182.0 Hunter Mill
Hunt Valley,Week1,Fairfax Station,Week3,222.5 Fairfax Station - 179.5 Hunt Valley
Hunt Valley,Week1,Rutherford,Week3,312.0 Hunt Valley - 90.0 Rutherford
Hunter Mill,Week2,Crosspointe,Week2,206.0 Hunter Mill - 196.0 Crosspointe
Hunt Valley,Week3,Ilda Community,Week2,352.0 Hunt Valley - 50.0 Ilda Community
Hunt Valley,Week4,McLean,Week3,230.0 McLean - 172.0 Hunt Valley
Hunt Valley,Week4,Ilda Community,Week5,338.0 Hunt Valley - 63.0 Ilda Community
Holmes Run Acres,Week3,Villa Aquatic,Week2,246.0 Holmes Run Acres - 156.0 Villa Aquatic
Holmes Run Acres,Week2,Wakefield Chapel,Week4,298.0 Wakefield Chapel - 104.0 Holmes Run Acres
Hunt Valley,Week5,Fairfax Club Estates,Week5,324.0 Hunt Valley - 78.0 Fairfax Club Estates
Hunt Valley,Week1,Mosby Woods,Week1,211.5 Mosby Woods - 190.5 Hunt Valley
Holmes Run Acres,Week1,Village West,Week3,249.0 Holmes Run Acres - 153.0 Village West
Hunter Mill,Week5,Bren Mar-Edsall Park,Week2,380.0 Hunter Mill - 22.0 Bren Mar-Edsall Park
Hunt Valley,Week3,Kent Gardens,Week2,298.0 Hunt Valley - 104.0 Kent Gardens
Holmes Run Acres,Week3,Virginia Run,Week2,231.0 Holmes Run Acres - 171.0 Virginia Run
Holmes Run Acres,Week4,Fairfax Club Estates,Week3,255.0 Holmes Run Acres - 146.0 Fairfax Club Estates
Hunt Valley,Week3,Fairfax Station,Week2,216.0 Hunt Valley - 186.0 Fairfax Station
Holmes Run Acres,Week3,Fairfax Club Estates,Week1,278.0 Holmes Run Acres - 124.0 Fairfax Club Estates
Hunt Valley,Week2,Rutherford,Week5,301.0 Hunt Valley - 101.0 Rutherford
Holmes Run Acres,Week5,Oakton ,Week4,226.0 Oakton - 176.0 Holmes Run Acres
Holmes Run Acres,Week3,Old Keene Mill,Week2,278.0 Holmes Run Acres - 124.0 Old Keene Mill
Hunter Mill,Week3,Crosspointe,Week2,202.0 Crosspointe - 200.0 Hunter Mill
Holmes Run Acres,Week3,Little Rocky Run,Week4,241.0 Little Rocky Run - 161.0 Holmes Run Acres
Holmes Run Acres,Week3,Virginia Run,Week5,203.0 Virginia Run - 199.0 Holmes Run Acres
Holmes Run Acres,Week4,Little Rocky Run,Week1,262.0 Little Rocky Run - 140.0 Holmes Run Acres
Holmes Run Acres,Week3,Village West,Week1,297.0 Holmes Run Acres - 105.0 Village West
Holmes Run Acres,Week1,Little Rocky Run,Week5,304.5 Little Rocky Run - 97.5 Holmes Run Acres
Holmes Run Acres,Week4,Oakton ,Week5,292.0 Oakton - 110.0 Holmes Run Acres
Hunt Valley,Week4,Ilda Community,Week1,331.0 Hunt Valley - 70.0 Ilda Community
Hunter Mill,Week4,Crosspointe,Week1,221.0 Crosspointe - 181.0 Hunter Mill
Hunter Mill,Week5,Country Club Hills,Week4,286.0 Hunter Mill - 116.0 Country Club Hills
Holmes Run Acres,Week1,Old Keene Mill,Week1,259.0 Holmes Run Acres - 142.0 Old Keene Mill
Hunt Valley,Week1,Shouse Village,Week1,241.0 Hunt Valley - 161.0 Shouse Village
Holmes Run Acres,Week3,Little Rocky Run,Week3,251.0 Little Rocky Run - 151.0 Holmes Run Acres
Hunt Valley,Week3,Rutherford,Week4,327.0 Hunt Valley - 75.0 Rutherford
Holmes Run Acres,Week2,Village West,Week2,258.0 Holmes Run Acres - 144.0 Village West
Hunt Valley,Week5,McLean,Week5,224.0 McLean - 178.0 Hunt Valley
Hunt Valley,Week2,Ilda Community,Week2,336.0 Hunt Valley - 66.0 Ilda Community
Hunt Valley,Week4,McLean,Week4,213.0 McLean - 189.0 Hunt Valley
Holmes Run Acres,Week2,Fairfax Club Estates,Week4,227.0 Holmes Run Acres - 175.0 Fairfax Club Estates
Holmes Run Acres,Week4,Virginia Run,Week4,227.0 Virginia Run - 175.0 Holmes Run Acres
Hunter Mill,Week4,Brandywine,Week2,271.0 Hunter Mill - 131.0 Brandywine
Hunt Valley,Week4,Fairfax Station,Week1,225.0 Hunt Valley - 177.0 Fairfax Station
Hunt Valley,Week2,Mosby Woods,Week1,216.0 Mosby Woods - 186.0 Hunt Valley
Hunt Valley,Week4,Fairfax Station,Week3,210.0 Hunt Valley - 192.0 Fairfax Station
Holmes Run Acres,Week2,Village West,Week3,251.0 Holmes Run Acres - 151.0 Village West
Hunt Valley,Week2,Ilda Community,Week5,336.0 Hunt Valley - 65.0 Ilda Community
Hunter Mill,Week4,Bren Mar-Edsall Park,Week3,372.0 Hunter Mill - 30.0 Bren Mar-Edsall Park
Hunter Mill,Week4,Crosspointe,Week2,202.0 Crosspointe - 200.0 Hunter Mill
Holmes Run Acres,Week1,Wakefield Chapel,Week2,309.0 Wakefield Chapel - 93.0 Holmes Run Acres
Hunt Valley,Week2,Ilda Community,Week3,331.0 Hunt Valley - 71.0 Ilda Community
Hunt Valley,Week2,Rutherford,Week2,329.0 Hunt Valley - 73.0 Rutherford
Holmes Run Acres,Week2,Old Keene Mill,Week5,234.0 Holmes Run Acres - 168.0 Old Keene Mill
Holmes Run Acres,Week4,Little Rocky Run,Week4,269.0 Little Rocky Run - 133.0 Holmes Run Acres
Hunter Mill,Week4,Bren Mar-Edsall Park,Week5,369.0 Hunter Mill - 33.0 Bren Mar-Edsall Park
Holmes Run Acres,Week4,Village West,Week5,273.0 Holmes Run Acres - 129.0 Village West
Hunt Valley,Week4,McLean,Week2,230.0 McLean - 172.0 Hunt Valley
Hunt Valley,Week3,Rutherford,Week5,337.0 Hunt Valley - 65.0 Rutherford
Hunter Mill,Week4,Crosspointe,Week4,206.0 Crosspointe - 196.0 Hunter Mill
Hunter Mill,Week4,Brandywine,Week4,260.5 Hunter Mill - 141.5 Brandywine
Hunt Valley,Week2,Forest Hollow,Week3,236.0 Hunt Valley - 166.0 Forest Hollow
Hunt Valley,Week4,Fairfax Station,Week4,216.0 Hunt Valley - 186.0 Fairfax Station
Hunt Valley,Week4,Ilda Community,Week2,342.0 Hunt Valley - 60.0 Ilda Community
Hunt Valley,Week3,Mosby Woods,Week2,229.5 Hunt Valley - 172.5 Mosby Woods
Hunt Valley,Week5,Fairfax Station,Week2,222.5 Hunt Valley - 179.5 Fairfax Station
Holmes Run Acres,Week3,Village West,Week4,293.0 Holmes Run Acres - 104.0 Village West
Holmes Run Acres,Week4,Villa Aquatic,Week4,204.0 Holmes Run Acres - 198.0 Villa Aquatic
Hunt Valley,Week5,McLean,Week4,209.0 Hunt Valley - 193.0 McLean
Holmes Run Acres,Week2,Old Keene Mill,Week3,240.0 Holmes Run Acres - 162.0 Old Keene Mill
Hunt Valley,Week5,Rutherford,Week4,316.0 Hunt Valley - 86.0 Rutherford
Hunt Valley,Week5,Rutherford,Week1,351.0 Hunt Valley - 51.0 Rutherford
Holmes Run Acres,Week2,Wakefield Chapel,Week1,322.0 Wakefield Chapel - 80.0 Holmes Run Acres
Holmes Run Acres,Week4,Little Rocky Run,Week5,295.0 Little Rocky Run - 107.0 Holmes Run Acres
Hunter Mill,Week4,Crosspointe,Week5,243.0 Crosspointe - 159.0 Hunter Mill
Holmes Run Acres,Week1,Wakefield Chapel,Week5,315.0 Wakefield Chapel - 87.0 Holmes Run Acres
Holmes Run Acres,Week3,Old Keene Mill,Week3,280.0 Holmes Run Acres - 122.0 Old Keene Mill
Holmes Run Acres,Week3,Fairfax Club Estates,Week2,295.0 Holmes Run Acres - 106.0 Fairfax Club Estates
Holmes Run Acres,Week1,Little Rocky Run,Week4,282.0 Little Rocky Run - 120.0 Holmes Run Acres
Hunter Mill,Week4,Brandywine,Week3,236.5 Hunter Mill - 165.5 Brandywine
Hunter Mill,Week1,Bren Mar-Edsall Park,Week1,379.0 Hunter Mill - 23.0 Bren Mar-Edsall Park
Hunter Mill,Week5,Crosspointe,Week1,216.0 Crosspointe - 186.0 Hunter Mill
Hunt Valley,Week3,Ilda Community,Week3,342.0 Hunt Valley - 60.0 Ilda Community
Holmes Run Acres,Week3,Villa Aquatic,Week4,237.0 Holmes Run Acres - 165.0 Villa Aquatic
Hunt Valley,Week2,Forest Hollow,Week1,242.0 Hunt Valley - 160.0 Forest Hollow
Hunt Valley,Week2,McLean,Week3,235.0 McLean - 167.0 Hunt Valley
Hunt Valley,Week5,Forest Hollow,Week1,257.0 Hunt Valley - 145.0 Forest Hollow
Hunter Mill,Week2,Bren Mar-Edsall Park,Week3,359.0 Hunter Mill - 43.0 Bren Mar-Edsall Park
Hunter Mill,Week1,Bren Mar-Edsall Park,Week4,368.0 Hunter Mill - 29.0 Bren Mar-Edsall Park
Holmes Run Acres,Week5,Little Rocky Run,Week2,214.0 Little Rocky Run - 188.0 Holmes Run Acres
Holmes Run Acres,Week5,Little Rocky Run,Week1,231.0 Little Rocky Run - 171.0 Holmes Run Acres
Holmes Run Acres,Week1,Little Rocky Run,Week3,294.0 Little Rocky Run - 108.0 Holmes Run Acres
Holmes Run Acres,Week3,Wakefield Chapel,Week4,260.0 Wakefield Chapel - 142.0 Holmes Run Acres
Holmes Run Acres,Week4,Wakefield Chapel,Week5,315.0 Wakefield Chapel - 87.0 Holmes Run Acres
Holmes Run Acres,Week5,Oakton ,Week2,235.0 Oakton - 167.0 Holmes Run Acres
Hunt Valley,Week1,Kent Gardens,Week1,273.0 Hunt Valley - 129.0 Kent Gardens
Holmes Run Acres,Week3,Old Keene Mill,Week5,267.0 Holmes Run Acres - 135.0 Old Keene Mill
Hunt Valley,Week5,McLean,Week1,209.0 McLean - 193.0 Hunt Valley
Hunt Valley,Week1,Forest Hollow,Week5,241.0 Hunt Valley - 161.0 Forest Hollow
Hunt Valley,Week3,Rutherford,Week3,329.0 Hunt Valley - 73.0 Rutherford
Hunter Mill,Week5,Crosspointe,Week2,221.0 Hunter Mill - 181.0 Crosspointe
Hunter Mill,Week4,Crosspointe,Week3,211.0 Crosspointe - 191.0 Hunter Mill
Hunt Valley,Week4,McLean,Week1,213.0 McLean - 189.0 Hunt Valley
Holmes Run Acres,Week5,Oakton ,Week1,220.0 Oakton - 182.0 Holmes Run Acres
Hunter Mill,Week3,Bren Mar-Edsall Park,Week2,380.0 Hunter Mill - 21.0 Bren Mar-Edsall Park
Hunt Valley,Week1,Kent Gardens,Week2,289.0 Hunt Valley - 113.0 Kent Gardens
Holmes Run Acres,Week5,Wakefield Chapel,Week5,279.0 Wakefield Chapel - 123.0 Holmes Run Acres
Hunt Valley,Week5,Rutherford,Week5,323.0 Hunt Valley - 79.0 Rutherford
Holmes Run Acres,Week1,Village West,Week2,267.0 Holmes Run Acres - 135.0 Village West
Holmes Run Acres,Week2,Village West,Week1,258.0 Holmes Run Acres - 144.0 Village West
Hunt Valley,Week3,Shouse Village,Week3,265.0 Hunt Valley - 137.0 Shouse Village
Holmes Run Acres,Week1,Fairfax Club Estates,Week1,234.0 Holmes Run Acres - 168.0 Fairfax Club Estates
Hunt Valley,Week3,McLean,Week2,216.0 McLean - 186.0 Hunt Valley
Hunt Valley,Week1,Shouse Village,Week2,269.0 Hunt Valley - 133.0 Shouse Village
Holmes Run Acres,Week1,Old Keene Mill,Week3,236.0 Holmes Run Acres - 166.0 Old Keene Mill
Hunter Mill,Week1,Crosspointe,Week1,230.0 Crosspointe - 172.0 Hunter Mill
Holmes Run Acres,Week1,Old Keene Mill,Week4,250.0 Holmes Run Acres - 151.0 Old Keene Mill
Holmes Run Acres,Week5,Wakefield Chapel,Week3,274.0 Wakefield Chapel - 128.0 Holmes Run Acres
Holmes Run Acres,Week2,Fairfax Club Estates,Week1,235.0 Holmes Run Acres - 162.0 Fairfax Club Estates
Holmes Run Acres,Week5,Villa Aquatic,Week4,258.0 Holmes Run Acres - 144.0 Villa Aquatic
Hunt Valley,Week1,Forest Hollow,Week4,242.0 Hunt Valley - 160.0 Forest Hollow
Hunt Valley,Week4,Ilda Community,Week3,339.0 Hunt Valley - 63.0 Ilda Community
Hunter Mill,Week5,Crosspointe,Week3,204.0 Crosspointe - 198.0 Hunter Mill
Holmes Run Acres,Week1,Village West,Week1,263.0 Holmes Run Acres - 139.0 Village West
Holmes Run Acres,Week5,Little Rocky Run,Week3,242.0 Little Rocky Run - 160.0 Holmes Run Acres
Holmes Run Acres,Week2,Little Rocky Run,Week5,299.0 Little Rocky Run - 103.0 Holmes Run Acres
Hunt Valley,Week4,Forest Hollow,Week1,253.0 Hunt Valley - 149.0 Forest Hollow
Hunt Valley,Week2,Mosby Woods,Week3,208.0 Mosby Woods - 194.0 Hunt Valley
Holmes Run Acres,Week1,Old Keene Mill,Week5,234.0 Holmes Run Acres - 168.0 Old Keene Mill
Hunt Valley,Week4,Rutherford,Week3,323.0 Hunt Valley - 79.0 Rutherford
Holmes Run Acres,Week3,Walden Glen,Week2,265.0 Holmes Run Acres - 137.0 Walden Glen
Hunter Mill,Week5,Brandywine,Week3,262.0 Hunter Mill - 140.0 Brandywine
Hunt Valley,Week4,Ilda Community,Week4,332.0 Hunt Valley - 70.0 Ilda Community
Holmes Run Acres,Week2,Walden Glen,Week3,226.0 Holmes Run Acres - 176.0 Walden Glen
Holmes Run Acres,Week4,Little Rocky Run,Week2,252.0 Little Rocky Run - 150.0 Holmes Run Acres
Holmes Run Acres,Week1,Fairfax Club Estates,Week3,251.0 Holmes Run Acres - 150.0 Fairfax Club Estates
Hunter Mill,Week1,Crosspointe,Week3,217.0 Crosspointe - 185.0 Hunter Mill
Hunt Valley,Week2,McLean,Week1,227.0 McLean - 175.0 Hunt Valley
Hunter Mill,Week5,Country Club Hills,Week5,278.0 Hunter Mill - 124.0 Country Club Hills
Holmes Run Acres,Week1,Old Keene Mill,Week2,234.0 Holmes Run Acres - 168.0 Old Keene Mill
Hunt Valley,Week5,Forest Hollow,Week4,257.0 Hunt Valley - 145.0 Forest Hollow
Hunter Mill,Week3,Bren Mar-Edsall Park,Week4,372.0 Hunter Mill - 30.0 Bren Mar-Edsall Park
Hunt Valley,Week5,Forest Hollow,Week2,278.0 Hunt Valley - 124.0 Forest Hollow
Hunt Valley,Week5,Mosby Woods,Week1,209.0 Hunt Valley - 193.0 Mosby Woods
Holmes Run Acres,Week3,Walden Glen,Week3,257.0 Holmes Run Acres - 145.0 Walden Glen
Holmes Run Acres,Week3,Fairfax Club Estates,Week3,289.0 Holmes Run Acres - 112.0 Fairfax Club Estates
Hunt Valley,Week4,Rutherford,Week2,332.0 Hunt Valley - 70.0 Rutherford
Hunt Valley,Week2,Ilda Community,Week4,332.0 Hunt Valley - 70.0 Ilda Community
Hunt Valley,Week4,Mosby Woods,Week4,240.0 Hunt Valley - 162.0 Mosby Woods
Hunt Valley,Week2,Shouse Village,Week3,245.0 Hunt Valley - 157.0 Shouse Village
Holmes Run Acres,Week5,Villa Aquatic,Week1,268.0 Holmes Run Acres - 134.0 Villa Aquatic
Hunter Mill,Week5,Crosspointe,Week4,202.0 Hunter Mill - 200.0 Crosspointe
Holmes Run Acres,Week5,Villa Aquatic,Week3,223.0 Holmes Run Acres - 179.0 Villa Aquatic
Hunter Mill,Week2,Bren Mar-Edsall Park,Week4,357.0 Hunter Mill - 44.0 Bren Mar-Edsall Park
Holmes Run Acres,Week3,Fairfax Club Estates,Week5,277.0 Holmes Run Acres - 123.0 Fairfax Club Estates
Hunt Valley,Week3,Ilda Community,Week4,348.0 Hunt Valley - 54.0 Ilda Community
Holmes Run Acres,Week2,Little Rocky Run,Week4,283.0 Little Rocky Run - 119.0 Holmes Run Acres
Hunt Valley,Week5,Ilda Community,Week4,353.0 Hunt Valley - 49.0 Ilda Community
Hunter Mill,Week3,Bren Mar-Edsall Park,Week3,368.0 Hunter Mill - 34.0 Bren Mar-Edsall Park
Hunt Valley,Week3,Forest Hollow,Week2,283.0 Hunt Valley - 119.0 Forest Hollow
Holmes Run Acres,Week2,Fairfax Club Estates,Week3,249.0 Holmes Run Acres - 152.0 Fairfax Club Estates
Hunter Mill,Week5,Brandywine,Week2,278.0 Hunter Mill - 124.0 Brandywine
Holmes Run Acres,Week5,Wakefield Chapel,Week2,255.0 Wakefield Chapel - 147.0 Holmes Run Acres
Holmes Run Acres,Week5,Villa Aquatic,Week2,273.0 Holmes Run Acres - 129.0 Villa Aquatic
Hunt Valley,Week1,Kent Gardens,Week5,238.0 Hunt Valley - 164.0 Kent Gardens
Hunt Valley,Week1,McLean,Week4,205.0 McLean - 197.0 Hunt Valley
Holmes Run Acres,Week1,Walden Glen,Week4,223.0 Holmes Run Acres - 179.0 Walden Glen
Holmes Run Acres,Week2,Old Keene Mill,Week2,237.0 Holmes Run Acres - 165.0 Old Keene Mill
Holmes Run Acres,Week5,Wakefield Chapel,Week1,263.0 Wakefield Chapel - 139.0 Holmes Run Acres
Hunt Valley,Week3,Shouse Village,Week5,248.0 Hunt Valley - 154.0 Shouse Village
Hunter Mill,Week2,Crosspointe,Week3,210.0 Crosspointe - 192.0 Hunter Mill
Holmes Run Acres,Week4,Little Rocky Run,Week3,283.0 Little Rocky Run - 119.0 Holmes Run Acres
Holmes Run Acres,Week5,Little Rocky Run,Week4,230.0 Little Rocky Run - 172.0 Holmes Run Acres
Holmes Run Acres,Week2,Old Keene Mill,Week4,259.0 Holmes Run Acres - 142.0 Old Keene Mill
Hunt Valley,Week3,Ilda Community,Week5,351.0 Hunt Valley - 50.0 Ilda Community
Hunt Valley,Week3,Forest Hollow,Week3,267.0 Hunt Valley - 135.0 Forest Hollow
Hunt Valley,Week2,Forest Hollow,Week4,236.0 Hunt Valley - 166.0 Forest Hollow
Hunt Valley,Week4,Shouse Village,Week2,282.0 Hunt Valley - 120.0 Shouse Village
Holmes Run Acres,Week4,Villa Aquatic,Week3,223.0 Villa Aquatic - 179.0 Holmes Run Acres
Hunter Mill,Week1,Crosspointe,Week2,205.0 Hunter Mill - 197.0 Crosspointe
Hunter Mill,Week3,Bren Mar-Edsall Park,Week5,369.0 Hunter Mill - 31.0 Bren Mar-Edsall Park
Hunter Mill,Week2,Bren Mar-Edsall Park,Week2,364.0 Hunter Mill - 38.0 Bren Mar-Edsall Park
Hunt Valley,Week2,McLean,Week4,207.0 McLean - 195.0 Hunt Valley
Holmes Run Acres,Week2,Village West,Week5,249.0 Holmes Run Acres - 153.0 Village West
Holmes Run Acres,Week3,Little Rocky Run,Week5,270.0 Little Rocky Run - 132.0 Holmes Run Acres
Holmes Run Acres,Week1,Walden Glen,Week1,242.0 Holmes Run Acres - 159.0 Walden Glen
Hunt Valley,Week4,Forest Hollow,Week4,243.0 Hunt Valley - 159.0 Forest Hollow
Holmes Run Acres,Week3,Village West,Week2,297.0 Holmes Run Acres - 105.0 Village West
Hunt Valley,Week5,Forest Hollow,Week3,251.0 Hunt Valley - 151.0 Forest Hollow
Holmes Run Acres,Week2,Village West,Week4,261.0 Holmes Run Acres - 136.0 Village West
Hunt Valley,Week3,Rutherford,Week2,343.0 Hunt Valley - 59.0 Rutherford
Hunt Valley,Week3,McLean,Week3,211.0 McLean - 191.0 Hunt Valley
Hunt Valley,Week4,Shouse Village,Week3,259.0 Hunt Valley - 143.0 Shouse Village
Hunter Mill,Week3,Crosspointe,Week3,210.0 Crosspointe - 192.0 Hunter Mill
Holmes Run Acres,Week1,Fairfax Club Estates,Week2,253.5 Holmes Run Acres - 147.5 Fairfax Club Estates
Holmes Run Acres,Week3,Old Keene Mill,Week4,289.0 Holmes Run Acres - 112.0 Old Keene Mill
Holmes Run Acres,Week2,Fairfax Club Estates,Week2,255.0 Holmes Run Acres - 146.0 Fairfax Club Estates
Hunter Mill,Week1,Bren Mar-Edsall Park,Week2,373.0 Hunter Mill - 24.0 Bren Mar-Edsall Park
Hunt Valley,Week2,Kent Gardens,Week4,280.0 Hunt Valley - 122.0 Kent Gardens
Holmes Run Acres,Week4,Walden Glen,Week3,242.0 Holmes Run Acres - 160.0 Walden Glen
Holmes Run Acres,Week3,Old Keene Mill,Week1,285.0 Holmes Run Acres - 116.0 Old Keene Mill
Hunt Valley,Week2,Kent Gardens,Week2,286.0 Hunt Valley - 116.0 Kent Gardens
Holmes Run Acres,Week5,Little Rocky Run,Week5,252.0 Little Rocky Run - 150.0 Holmes Run Acres
Hunt Valley,Week5,McLean,Week2,227.0 McLean - 175.0 Hunt Valley
Holmes Run Acres,Week1,Little Rocky Run,Week2,262.0 Little Rocky Run - 140.0 Holmes Run Acres
Holmes Run Acres,Week4,Oakton ,Week4,286.5 Oakton - 115.5 Holmes Run Acres
Hunter Mill,Week3,Crosspointe,Week4,201.0 Crosspointe - 201.0 Hunter Mill
Hunt Valley,Week2,Kent Gardens,Week5,249.0 Hunt Valley - 153.0 Kent Gardens
Hunter Mill,Week3,Crosspointe,Week5,226.0 Crosspointe - 176.0 Hunter Mill
Hunter Mill,Week5,Brandywine,Week1,272.0 Hunter Mill - 130.0 Brandywine
Hunt Valley,Week3,Forest Hollow,Week4,259.0 Hunt Valley - 143.0 Forest Hollow
Hunt Valley,Week4,Rutherford,Week1,343.0 Hunt Valley - 59.0 Rutherford
Holmes Run Acres,Week5,Long Branch,Week1,275.0 Holmes Run Acres - 127.0 Long Branch
Hunt Valley,Week1,McLean,Week5,225.0 McLean - 177.0 Hunt Valley
Hunt Valley,Week2,McLean,Week5,233.0 McLean - 169.0 Hunt Valley
Hunter Mill,Week2,Crosspointe,Week5,239.0 Crosspointe - 163.0 Hunter Mill
Hunt Valley,Week3,Rutherford,Week1,345.0 Hunt Valley - 57.0 Rutherford
Hunter Mill,Week2,Bren Mar-Edsall Park,Week1,363.0 Hunter Mill - 38.0 Bren Mar-Edsall Park
Hunt Valley,Week2,Rutherford,Week4,303.0 Hunt Valley - 99.0 Rutherford
Hunt Valley,Week5,Fairfax Station,Week3,203.0 Hunt Valley - 199.0 Fairfax Station
Hunter Mill,Week1,Bren Mar-Edsall Park,Week5,369.0 Hunter Mill - 28.0 Bren Mar-Edsall Park
Holmes Run Acres,Week4,Fairfax Club Estates,Week1,248.0 Holmes Run Acres - 154.0 Fairfax Club Estates
Hunt Valley,Week3,McLean,Week4,208.0 Hunt Valley - 194.0 McLean
Holmes Run Acres,Week2,Wakefield Chapel,Week5,314.0 Wakefield Chapel - 88.0 Holmes Run Acres
Hunt Valley,Week4,McLean,Week5,236.5 McLean - 165.5 Hunt Valley
Hunt Valley,Week1,Shouse Village,Week3,242.5 Hunt Valley - 159.5 Shouse Village
Holmes Run Acres,Week3,Walden Glen,Week1,294.0 Holmes Run Acres - 108.0 Walden Glen
Hunt Valley,Week3,Kent Gardens,Week4,296.0 Hunt Valley - 106.0 Kent Gardens
Holmes Run Acres,Week3,Fairfax Club Estates,Week4,273.0 Holmes Run Acres - 129.0 Fairfax Club Estates
Hunt Valley,Week2,Rutherford,Week3,310.0 Hunt Valley - 92.0 Rutherford
Holmes Run Acres,Week1,Fairfax Club Estates,Week4,225.0 Holmes Run Acres - 177.0 Fairfax Club Estates
Holmes Run Acres,Week1,Walden Glen,Week5,208.0 Holmes Run Acres - 194.0 Walden Glen
Hunt Valley,Week3,McLean,Week5,214.0 McLean - 188.0 Hunt Valley
Holmes Run Acres,Week4,Village West,Week3,259.0 Holmes Run Acres - 143.0 Village West
Hunt Valley,Week1,Forest Hollow,Week2,260.0 Hunt Valley - 142.0 Forest Hollow
Holmes Run Acres,Week3,Long Branch,Week3,271.0 Holmes Run Acres - 131.0 Long Branch
Hunter Mill,Week1,Crosspointe,Week5,244.0 Crosspointe - 158.0 Hunter Mill
Holmes Run Acres,Week3,Little Rocky Run,Week1,226.0 Little Rocky Run - 176.0 Holmes Run Acres
Hunt Valley,Week2,Forest Hollow,Week2,259.0 Hunt Valley - 143.0 Forest Hollow
Holmes Run Acres,Week5,Old Keene Mill,Week2,274.0 Holmes Run Acres - 128.0 Old Keene Mill
Holmes Run Acres,Week1,Mansion House,Week2,239.0 Mansion House - 163.0 Holmes Run Acres
Hunter Mill,Week4,Bren Mar-Edsall Park,Week1,378.0 Hunter Mill - 24.0 Bren Mar-Edsall Park
Holmes Run Acres,Week5,Old Keene Mill,Week3,275.0 Holmes Run Acres - 127.0 Old Keene Mill
Hunt Valley,Week4,Rutherford,Week4,313.0 Hunt Valley - 89.0 Rutherford
Holmes Run Acres,Week4,Village West,Week4,279.0 Holmes Run Acres - 118.0 Village West
Holmes Run Acres,Week5,Old Keene Mill,Week1,285.0 Holmes Run Acres - 117.0 Old Keene Mill
Holmes Run Acres,Week5,Old Keene Mill,Week4,294.0 Holmes Run Acres - 108.0 Old Keene Mill
Holmes Run Acres,Week4,Village West,Week2,268.0 Holmes Run Acres - 134.0 Village West
Holmes Run Acres,Week4,Village West,Week1,272.0 Holmes Run Acres - 130.0 Village West
Hunt Valley,Week3,Kent Gardens,Week3,307.0 Hunt Valley - 95.0 Kent Gardens
Hunt Valley,Week4,Forest Hollow,Week2,272.0 Hunt Valley - 130.0 Forest Hollow
Hunter Mill,Week2,Bren Mar-Edsall Park,Week5,358.0 Hunter Mill - 44.0 Bren Mar-Edsall Park
Hunter Mill,Week2,Crosspointe,Week1,222.0 Crosspointe - 180.0 Hunter Mill
Hunt Valley,Week4,Kent Gardens,Week1,280.0 Hunt Valley - 122.0 Kent Gardens
Holmes Run Acres,Week2,Fairfax Club Estates,Week5,228.0 Holmes Run Acres - 173.0 Fairfax Club Estates
Holmes Run Acres,Week2,Walden Glen,Week1,253.0 Holmes Run Acres - 149.0 Walden Glen
Holmes Run Acres,Week4,Wakefield Chapel,Week4,296.0 Wakefield Chapel - 106.0 Holmes Run Acres
Hunter Mill,Week3,Bren Mar-Edsall Park,Week1,374.0 Hunter Mill - 28.0 Bren Mar-Edsall Park
Holmes Run Acres,Week4,Old Keene Mill,Week1,266.0 Holmes Run Acres - 135.0 Old Keene Mill
Hunter Mill,Week1,Crosspointe,Week4,216.0 Crosspointe - 186.0 Hunter Mill
Holmes Run Acres,Week3,Village West,Week5,288.0 Holmes Run Acres - 114.0 Village West
Holmes Run Acres,Week3,Little Rocky Run,Week2,221.0 Little Rocky Run - 181.0 Holmes Run Acres
Hunt Valley,Week3,Kent Gardens,Week5,274.0 Hunt Valley - 128.0 Kent Gardens
Hunter Mill,Week1,Daventry,Week1,335.0 Hunter Mill - 67.0 Daventry
Hunter Mill,Week1,Bren Mar-Edsall Park,Week3,368.0 Hunter Mill - 34.0 Bren Mar-Edsall Park
Holmes Run Acres,Week3,Wakefield Chapel,Week5,294.0 Wakefield Chapel - 108.0 Holmes Run Acres
Hunt Valley,Week3,Shouse Village,Week1,260.0 Hunt Valley - 142.0 Shouse Village
Holmes Run Acres,Week2,Stratford,Week5,217.0 Holmes Run Acres - 179.0 Stratford
Hunt Valley,Week3,Forest Hollow,Week5,257.0 Hunt Valley - 145.0 Forest Hollow
Hunter Mill,Week4,Brandywine,Week5,239.0 Hunter Mill - 163.0 Brandywine
Holmes Run Acres,Week4,Old Keene Mill,Week3,243.0 Holmes Run Acres - 159.0 Old Keene Mill
Holmes Run Acres,Week3,Long Branch,Week2,276.0 Holmes Run Acres - 126.0 Long Branch
Hunt Valley,Week5,Kent Gardens,Week3,303.0 Hunt Valley - 99.0 Kent Gardens
Hunt Valley,Week3,McLean,Week1,207.0 McLean - 195.0 Hunt Valley
Hunt Valley,Week3,Kings Ridge ,Week1,347.0 Hunt Valley - 55.0 Kings Ridge
Holmes Run Acres,Week2,Walden Glen,Week4,210.0 Holmes Run Acres - 192.0 Walden Glen
Hunt Valley,Week3,Shouse Village,Week4,251.0 Hunt Valley - 151.0 Shouse Village
Hunt Valley,Week5,Fairfax Station,Week5,214.0 Fairfax Station - 188.0 Hunt Valley
Hunter Mill,Week2,Daventry,Week1,313.0 Hunter Mill - 89.0 Daventry
Holmes Run Acres,Week2,Long Branch,Week1,245.0 Holmes Run Acres - 152.0 Long Branch
Holmes Run Acres,Week3,Stratford,Week5,270.0 Holmes Run Acres - 131.0 Stratford
Holmes Run Acres,Week4,Old Keene Mill,Week4,266.0 Holmes Run Acres - 135.0 Old Keene Mill
Hunt Valley,Week5,McLean,Week3,223.0 McLean - 179.0 Hunt Valley
Holmes Run Acres,Week3,Stratford,Week3,290.0 Holmes Run Acres - 112.0 Stratford
Hunt Valley,Week1,Mosby Woods,Week2,205.0 Mosby Woods - 197.0 Hunt Valley
Holmes Run Acres,Week4,Old Keene Mill,Week5,243.0 Holmes Run Acres - 159.0 Old Keene Mill
Hunter Mill,Week3,Daventry,Week1,336.0 Hunter Mill - 66.0 Daventry
Hunter Mill,Week4,Bren Mar-Edsall Park,Week4,368.0 Hunter Mill - 34.0 Bren Mar-Edsall Park
Holmes Run Acres,Week1,Long Branch,Week2,232.0 Holmes Run Acres - 170.0 Long Branch
Holmes Run Acres,Week5,Long Branch,Week2,276.0 Holmes Run Acres - 126.0 Long Branch
Hunt Valley,Week2,Kings Ridge ,Week1,338.0 Hunt Valley - 64.0 Kings Ridge
Holmes Run Acres,Week1,Orange Hunt,Week3,217.0 Orange Hunt - 185.0 Holmes Run Acres
Hunt Valley,Week1,Mosby Woods,Week4,208.0 Hunt Valley - 194.0 Mosby Woods
Hunter Mill,Week4,Bren Mar-Edsall Park,Week2,380.0 Hunter Mill - 22.0 Bren Mar-Edsall Park
Hunt Valley,Week5,Rutherford,Week2,346.0 Hunt Valley - 56.0 Rutherford
Hunt Valley,Week5,Rutherford,Week3,342.5 Hunt Valley - 59.5 Rutherford
Hunter Mill,Week2,Daventry,Week3,308.0 Hunter Mill - 93.0 Daventry
Hunt Valley,Week4,Kent Gardens,Week5,252.0 Hunt Valley - 150.0 Kent Gardens
Holmes Run Acres,Week4,Wakefield Chapel,Week3,315.0 Wakefield Chapel - 87.0 Holmes Run Acres
Hunt Valley,Week5,Fairfax Station,Week1,231.0 Hunt Valley - 171.0 Fairfax Station
Hunt Valley,Week4,Forest Hollow,Week3,255.0 Hunt Valley - 147.0 Forest Hollow
Holmes Run Acres,Week3,Stratford,Week2,294.0 Holmes Run Acres - 108.0 Stratford
Hunt Valley,Week1,Mosby Woods,Week5,203.0 Hunt Valley - 199.0 Mosby Woods
Hunt Valley,Week5,Kent Gardens,Week1,295.0 Hunt Valley - 107.0 Kent Gardens
Holmes Run Acres,Week4,Wakefield Chapel,Week2,309.0 Wakefield Chapel - 93.0 Holmes Run Acres
Hunt Valley,Week1,Forest Hollow,Week1,246.0 Hunt Valley - 156.0 Forest Hollow
Holmes Run Acres,Week5,Long Branch,Week3,287.0 Holmes Run Acres - 115.0 Long Branch
Holmes Run Acres,Week2,Walden Glen,Week2,228.0 Holmes Run Acres - 174.0 Walden Glen
Hunter Mill,Week2,Daventry,Week4,325.0 Hunter Mill - 76.0 Daventry
Hunter Mill,Week5,Bren Mar-Edsall Park,Week1,377.0 Hunter Mill - 25.0 Bren Mar-Edsall Park
Hunt Valley,Week4,Rutherford,Week5,309.0 Hunt Valley - 93.0 Rutherford
Holmes Run Acres,Week2,Orange Hunt,Week2,219.0 Orange Hunt - 183.0 Holmes Run Acres
Hunt Valley,Week3,Kings Ridge ,Week3,332.0 Hunt Valley - 69.0 Kings Ridge
Hunter Mill,Week2,Brookfield ,Week5,255.0 Hunter Mill - 147.0 Brookfield
Hunt Valley,Week3,Mosby Woods,Week1,225.5 Hunt Valley - 176.5 Mosby Woods
Hunt Valley,Week1,Forest Hollow,Week3,240.0 Hunt Valley - 162.0 Forest Hollow
Hunt Valley,Week2,Mosby Woods,Week2,210.5 Mosby Woods - 191.5 Hunt Valley
Hunt Valley,Week3,Mosby Woods,Week3,231.0 Hunt Valley - 171.0 Mosby Woods
Hunter Mill,Week2,Brookfield ,Week1,246.0 Hunter Mill - 156.0 Brookfield
Hunter Mill,Week1,Brookfield ,Week1,245.0 Hunter Mill - 157.0 Brookfield
Holmes Run Acres,Week4,Stratford,Week5,240.0 Holmes Run Acres - 161.0 Stratford
Hunt Valley,Week2,Shouse Village,Week2,273.0 Hunt Valley - 129.0 Shouse Village
Holmes Run Acres,Week2,Mansion House,Week4,223.0 Mansion House - 179.0 Holmes Run Acres
Hunter Mill,Week1,Dominion Hills,Week5,221.0 Hunter Mill - 181.0 Dominion Hills
Hunt Valley,Week4,Kent Gardens,Week4,279.0 Hunt Valley - 123.0 Kent Gardens
Hunt Valley,Week2,Forest Hollow,Week5,232.0 Hunt Valley - 170.0 Forest Hollow
Holmes Run Acres,Week5,Long Branch,Week5,271.0 Holmes Run Acres - 131.0 Long Branch
Hunt Valley,Week1,Kings Ridge ,Week2,322.0 Hunt Valley - 80.0 Kings Ridge
Holmes Run Acres,Week2,Orange Hunt,Week3,237.0 Orange Hunt - 165.0 Holmes Run Acres
Hunter Mill,Week2,Brookfield ,Week4,243.0 Hunter Mill - 159.0 Brookfield
Hunt Valley,Week2,Shouse Village,Week1,255.0 Hunt Valley - 147.0 Shouse Village
Holmes Run Acres,Week5,Orange Hunt,Week3,217.0 Holmes Run Acres - 185.0 Orange Hunt
Hunt Valley,Week2,Mosby Woods,Week5,204.0 Mosby Woods - 198.0 Hunt Valley
Hunt Valley,Week2,Mosby Woods,Week4,214.0 Hunt Valley - 188.0 Mosby Woods
Hunt Valley,Week5,Fairfax Station,Week4,228.0 Hunt Valley - 174.0 Fairfax Station
Holmes Run Acres,Week3,Wakefield Chapel,Week1,288.0 Wakefield Chapel - 114.0 Holmes Run Acres
Holmes Run Acres,Week5,Wakefield Chapel,Week4,241.0 Wakefield Chapel - 161.0 Holmes Run Acres
Hunter Mill,Week2,Dominion Hills,Week2,223.0 Hunter Mill - 179.0 Dominion Hills
Hunt Valley,Week4,Kings Ridge ,Week1,341.0 Hunt Valley - 61.0 Kings Ridge
Holmes Run Acres,Week4,Wakefield Chapel,Week1,309.0 Wakefield Chapel - 93.0 Holmes Run Acres
Hunter Mill,Week4,Daventry,Week1,325.0 Hunter Mill - 77.0 Daventry
Hunter Mill,Week2,Dominion Hills,Week4,227.0 Hunter Mill - 174.0 Dominion Hills
Holmes Run Acres,Week3,Wakefield Chapel,Week2,276.0 Wakefield Chapel - 126.0 Holmes Run Acres
Holmes Run Acres,Week4,Stratford,Week1,257.0 Holmes Run Acres - 145.0 Stratford
Hunt Valley,Week3,Forest Hollow,Week1,269.5 Hunt Valley - 132.5 Forest Hollow
Hunter Mill,Week5,Daventry,Week1,340.0 Hunter Mill - 62.0 Daventry
Holmes Run Acres,Week4,Orange Hunt,Week2,214.0 Orange Hunt - 188.0 Holmes Run Acres
Hunter Mill,Week5,Bren Mar-Edsall Park,Week4,372.0 Hunter Mill - 30.0 Bren Mar-Edsall Park
Hunt Valley,Week4,Forest Hollow,Week5,232.0 Hunt Valley - 170.0 Forest Hollow
Holmes Run Acres,Week4,Long Branch,Week5,232.5 Holmes Run Acres - 169.5 Long Branch
Holmes Run Acres,Week3,Orange Hunt,Week4,210.0 Holmes Run Acres - 192.0 Orange Hunt
Holmes Run Acres,Week5,Stratford,Week5,287.0 Holmes Run Acres - 115.0 Stratford
Holmes Run Acres,Week1,Mansion House,Week3,247.0 Mansion House - 155.0 Holmes Run Acres
Hunt Valley,Week5,Kent Gardens,Week4,293.0 Hunt Valley - 109.0 Kent Gardens
Holmes Run Acres,Week3,Long Branch,Week5,262.0 Holmes Run Acres - 140.0 Long Branch
Holmes Run Acres,Week3,Wakefield Chapel,Week3,293.0 Wakefield Chapel - 109.0 Holmes Run Acres
Hunt Valley,Week2,Shouse Village,Week4,237.5 Hunt Valley - 164.5 Shouse Village
Hunt Valley,Week1,Shouse Village,Week5,221.0 Hunt Valley - 181.0 Shouse Village
Holmes Run Acres,Week5,Orange Hunt,Week1,228.0 Holmes Run Acres - 174.0 Orange Hunt
Holmes Run Acres,Week3,Sully Station,Week4,224.0 Sully Station - 178.0 Holmes Run Acres
Holmes Run Acres,Week2,Sully Station,Week5,286.0 Sully Station - 116.0 Holmes Run Acres
Hunt Valley,Week1,Shouse Village,Week4,228.0 Hunt Valley - 174.0 Shouse Village
Holmes Run Acres,Week3,Sully Station,Week2,212.0 Sully Station - 190.0 Holmes Run Acres
Hunt Valley,Week2,Shouse Village,Week5,227.0 Hunt Valley - 175.0 Shouse Village
Holmes Run Acres,Week1,Walden Glen,Week2,219.0 Holmes Run Acres - 182.0 Walden Glen
Hunt Valley,Week1,Kings Ridge ,Week4,311.0 Hunt Valley - 91.0 Kings Ridge
Holmes Run Acres,Week4,Stratford,Week4,227.0 Holmes Run Acres - 175.0 Stratford
Hunt Valley,Week2,Fox Hunt,Week1,278.0 Hunt Valley - 124.0 Fox Hunt
Holmes Run Acres,Week2,Orange Hunt,Week1,222.0 Orange Hunt - 180.0 Holmes Run Acres
Hunt Valley,Week4,Mosby Woods,Week1,209.0 Mosby Woods - 193.0 Hunt Valley
Holmes Run Acres,Week4,Orange Hunt,Week4,211.0 Orange Hunt - 191.0 Holmes Run Acres
Hunt Valley,Week1,Fox Hunt,Week1,268.0 Hunt Valley - 129.0 Fox Hunt
Hunt Valley,Week3,Mosby Woods,Week5,232.5 Hunt Valley - 169.5 Mosby Woods
Hunter Mill,Week3,Daventry,Week2,334.0 Hunter Mill - 68.0 Daventry
Hunt Valley,Week3,Shouse Village,Week2,292.0 Hunt Valley - 110.0 Shouse Village
Hunter Mill,Week3,Brookfield ,Week1,258.0 Hunter Mill - 144.0 Brookfield
Hunt Valley,Week1,Kings Ridge ,Week3,322.0 Hunt Valley - 80.0 Kings Ridge
Hunter Mill,Week1,Brookfield ,Week5,261.5 Hunter Mill - 140.5 Brookfield
Hunter Mill,Week1,Daventry,Week4,332.0 Hunter Mill - 70.0 Daventry
Holmes Run Acres,Week1,Long Branch,Week3,247.0 Holmes Run Acres - 155.0 Long Branch
Holmes Run Acres,Week2,Stratford,Week3,246.0 Holmes Run Acres - 156.0 Stratford
Holmes Run Acres,Week1,Walden Glen,Week3,229.0 Holmes Run Acres - 173.0 Walden Glen
Holmes Run Acres,Week1,Long Branch,Week4,233.0 Holmes Run Acres - 169.0 Long Branch
Hunt Valley,Week4,Mosby Woods,Week2,205.0 Hunt Valley - 197.0 Mosby Woods
Hunt Valley,Week1,Fox Mill Estates,Week3,289.0 Hunt Valley - 113.0 Fox Mill Estates
Holmes Run Acres,Week5,Orange Hunt,Week4,208.0 Holmes Run Acres - 194.0 Orange Hunt
Hunt Valley,Week3,Kings Ridge ,Week4,325.0 Hunt Valley - 77.0 Kings Ridge
Hunter Mill,Week1,Daventry,Week2,325.0 Hunter Mill - 77.0 Daventry
Hunt Valley,Week4,Mosby Woods,Week3,219.0 Hunt Valley - 183.0 Mosby Woods
Hunt Valley,Week1,Fox Mill Estates,Week5,277.5 Hunt Valley - 124.5 Fox Mill Estates
Holmes Run Acres,Week2,Walden Glen,Week5,214.0 Walden Glen - 188.0 Holmes Run Acres
Holmes Run Acres,Week5,Orange Hunt,Week2,217.0 Holmes Run Acres - 185.0 Orange Hunt
Hunter Mill,Week3,Daventry,Week5,313.0 Hunter Mill - 88.0 Daventry
Holmes Run Acres,Week2,Long Branch,Week4,221.0 Holmes Run Acres - 181.0 Long Branch
Hunter Mill,Week3,Brookfield ,Week4,253.0 Hunter Mill - 149.0 Brookfield
Hunt Valley,Week5,Shouse Village,Week4,261.0 Hunt Valley - 141.0 Shouse Village
Hunter Mill,Week3,Brookfield ,Week3,273.5 Hunter Mill - 128.5 Brookfield
Hunter Mill,Week1,Daventry,Week5,305.0 Hunter Mill - 92.0 Daventry
Hunt Valley,Week1,Fox Mill Estates,Week1,296.0 Hunt Valley - 106.0 Fox Mill Estates
Holmes Run Acres,Week3,Walden Glen,Week5,251.0 Holmes Run Acres - 151.0 Walden Glen
Holmes Run Acres,Week2,Long Branch,Week2,219.0 Holmes Run Acres - 183.0 Long Branch
Holmes Run Acres,Week2,Stratford,Week4,223.0 Holmes Run Acres - 179.0 Stratford
Hunt Valley,Week4,Shouse Village,Week1,259.0 Hunt Valley - 143.0 Shouse Village
Holmes Run Acres,Week1,Long Branch,Week5,229.0 Holmes Run Acres - 173.0 Long Branch
Hunter Mill,Week3,Brookfield ,Week5,269.0 Hunter Mill - 133.0 Brookfield
Hunt Valley,Week2,Kings Ridge ,Week5,313.0 Hunt Valley - 89.0 Kings Ridge
Hunt Valley,Week3,Mosby Woods,Week4,255.0 Hunt Valley - 147.0 Mosby Woods
Hunt Valley,Week2,Kings Ridge ,Week4,319.0 Hunt Valley - 83.0 Kings Ridge
Holmes Run Acres,Week5,Stratford,Week3,298.0 Holmes Run Acres - 104.0 Stratford
Hunt Valley,Week1,Sideburn Run,Week5,231.0 Hunt Valley - 171.0 Sideburn Run
Holmes Run Acres,Week2,Orange Hunt,Week5,240.0 Orange Hunt - 162.0 Holmes Run Acres
Holmes Run Acres,Week3,Walden Glen,Week4,255.0 Holmes Run Acres - 147.0 Walden Glen
Hunt Valley,Week5,Kent Gardens,Week2,313.0 Hunt Valley - 89.0 Kent Gardens
Holmes Run Acres,Week2,Long Branch,Week3,231.0 Holmes Run Acres - 171.0 Long Branch
Holmes Run Acres,Week2,Stratford,Week1,247.0 Holmes Run Acres - 150.0 Stratford
Hunter Mill,Week2,Daventry,Week2,320.5 Hunter Mill - 81.5 Daventry
Hunter Mill,Week2,Brookfield ,Week3,257.0 Hunter Mill - 145.0 Brookfield
Hunt Valley,Week3,Mount Vernon Park,Week2,227.0 Hunt Valley - 175.0 Mount Vernon Park
Holmes Run Acres,Week5,Stratford,Week1,292.0 Holmes Run Acres - 110.0 Stratford
Holmes Run Acres,Week3,Orange Hunt,Week1,207.0 Holmes Run Acres - 195.0 Orange Hunt
Holmes Run Acres,Week5,Waynewood,Week1,212.0 Holmes Run Acres - 190.0 Waynewood
Hunt Valley,Week4,Kings Ridge ,Week3,321.0 Hunt Valley - 80.0 Kings Ridge
Hunter Mill,Week4,Brookfield ,Week2,269.0 Hunter Mill - 133.0 Brookfield
Holmes Run Acres,Week3,Waynewood,Week4,211.0 Waynewood - 191.0 Holmes Run Acres
Hunter Mill,Week5,Bren Mar-Edsall Park,Week3,372.0 Hunter Mill - 30.0 Bren Mar-Edsall Park
Holmes Run Acres,Week2,Stratford,Week2,252.0 Holmes Run Acres - 150.0 Stratford
Hunt Valley,Week5,Mosby Woods,Week2,206.0 Hunt Valley - 196.0 Mosby Woods
Hunt Valley,Week2,Kings Ridge ,Week3,320.5 Hunt Valley - 80.5 Kings Ridge
Hunter Mill,Week1,Daventry,Week3,325.0 Hunter Mill - 77.0 Daventry
Hunt Valley,Week2,Kings Ridge ,Week2,329.0 Hunt Valley - 73.0 Kings Ridge
Holmes Run Acres,Week3,Long Branch,Week4,263.0 Holmes Run Acres - 139.0 Long Branch
Holmes Run Acres,Week4,Stratford,Week2,260.0 Holmes Run Acres - 142.0 Stratford
Hunter Mill,Week4,Daventry,Week2,330.0 Hunter Mill - 72.0 Daventry
Holmes Run Acres,Week5,Walden Glen,Week3,260.0 Holmes Run Acres - 142.0 Walden Glen
Hunt Valley,Week3,Sideburn Run,Week2,286.0 Hunt Valley - 116.0 Sideburn Run
Hunter Mill,Week4,Brookfield ,Week3,270.0 Hunter Mill - 132.0 Brookfield
Holmes Run Acres,Week2,Orange Hunt,Week4,225.0 Orange Hunt - 177.0 Holmes Run Acres
Hunt Valley,Week1,Mount Vernon Park,Week2,216.0 Hunt Valley - 186.0 Mount Vernon Park
Holmes Run Acres,Week4,Walden Glen,Week1,257.0 Holmes Run Acres - 145.0 Walden Glen
Hunt Valley,Week2,Mount Vernon Park,Week2,209.0 Hunt Valley - 193.0 Mount Vernon Park
Hunt Valley,Week3,Fox Hunt,Week1,288.0 Hunt Valley - 114.0 Fox Hunt
Holmes Run Acres,Week1,Overlee,Week1,333.0 Overlee - 69.0 Holmes Run Acres
Holmes Run Acres,Week4,Long Branch,Week1,247.0 Holmes Run Acres - 155.0 Long Branch
Holmes Run Acres,Week3,Overlee,Week2,324.0 Overlee - 78.0 Holmes Run Acres
Hunt Valley,Week4,Mosby Woods,Week5,208.0 Hunt Valley - 194.0 Mosby Woods
Hunter Mill,Week2,Daventry,Week5,294.0 Hunter Mill - 108.0 Daventry
Hunt Valley,Week1,Sideburn Run,Week4,258.0 Hunt Valley - 144.0 Sideburn Run
Hunter Mill,Week4,Brookfield ,Week1,257.0 Hunter Mill - 145.0 Brookfield
Holmes Run Acres,Week2,Long Branch,Week5,220.0 Holmes Run Acres - 182.0 Long Branch
Hunt Valley,Week1,Kings Ridge ,Week5,303.0 Hunt Valley - 99.0 Kings Ridge
Hunt Valley,Week4,Sideburn Run,Week2,283.0 Hunt Valley - 119.0 Sideburn Run
Holmes Run Acres,Week4,Walden Glen,Week2,217.0 Holmes Run Acres - 185.0 Walden Glen
Hunt Valley,Week1,Fox Hunt,Week2,276.0 Hunt Valley - 121.0 Fox Hunt
Hunt Valley,Week1,Fox Hunt,Week5,251.0 Hunt Valley - 151.0 Fox Hunt
Holmes Run Acres,Week3,Stratford,Week1,277.0 Holmes Run Acres - 125.0 Stratford
Hunt Valley,Week2,Fox Hunt,Week4,257.0 Hunt Valley - 145.0 Fox Hunt
Hunter Mill,Week5,Crosspointe,Week5,224.0 Crosspointe - 178.0 Hunter Mill
Holmes Run Acres,Week3,Long Branch,Week1,273.0 Holmes Run Acres - 129.0 Long Branch
Hunt Valley,Week4,Shouse Village,Week4,257.0 Hunt Valley - 145.0 Shouse Village
Hunt Valley,Week5,Sideburn Run,Week2,291.0 Hunt Valley - 111.0 Sideburn Run
Hunt Valley,Week4,Fox Hunt,Week3,264.0 Hunt Valley - 138.0 Fox Hunt
Holmes Run Acres,Week3,Overlee,Week3,314.0 Overlee - 88.0 Holmes Run Acres
Holmes Run Acres,Week3,Stratford,Week4,270.0 Holmes Run Acres - 132.0 Stratford
Hunter Mill,Week1,Brookfield ,Week2,258.0 Hunter Mill - 144.0 Brookfield
Holmes Run Acres,Week5,Stratford,Week4,265.0 Holmes Run Acres - 137.0 Stratford
Hunter Mill,Week3,Daventry,Week3,325.0 Hunter Mill - 77.0 Daventry
Hunt Valley,Week2,Mount Vernon Park,Week5,223.0 Mount Vernon Park - 179.0 Hunt Valley
Holmes Run Acres,Week1,Orange Hunt,Week5,230.0 Orange Hunt - 172.0 Holmes Run Acres
Hunt Valley,Week2,Fox Hunt,Week3,261.0 Hunt Valley - 141.0 Fox Hunt
Hunt Valley,Week2,Fox Hunt,Week2,283.0 Hunt Valley - 119.0 Fox Hunt
Hunt Valley,Week3,Kings Ridge ,Week2,343.0 Hunt Valley - 59.0 Kings Ridge
Holmes Run Acres,Week5,Stratford,Week2,301.0 Holmes Run Acres - 101.0 Stratford
Hunter Mill,Week4,Daventry,Week3,326.0 Hunter Mill - 76.0 Daventry
Hunt Valley,Week4,Sideburn Run,Week5,255.0 Hunt Valley - 147.0 Sideburn Run
Hunt Valley,Week2,Sideburn Run,Week3,251.0 Hunt Valley - 151.0 Sideburn Run
Holmes Run Acres,Week4,Long Branch,Week2,242.0 Holmes Run Acres - 160.0 Long Branch
Hunt Valley,Week3,Kings Ridge ,Week5,318.0 Hunt Valley - 84.0 Kings Ridge
Holmes Run Acres,Week5,Orange Hunt,Week5,209.0 Holmes Run Acres - 193.0 Orange Hunt
Hunt Valley,Week2,Mount Vernon Park,Week4,203.0 Hunt Valley - 199.0 Mount Vernon Park
Hunter Mill,Week2,Brookfield ,Week2,255.0 Hunter Mill - 147.0 Brookfield
Holmes Run Acres,Week5,Waynewood,Week3,218.0 Waynewood - 184.0 Holmes Run Acres
Holmes Run Acres,Week1,Waynewood,Week3,277.0 Waynewood - 125.0 Holmes Run Acres
Holmes Run Acres,Week4,Long Branch,Week3,256.5 Holmes Run Acres - 145.5 Long Branch
Hunt Valley,Week3,Fox Hunt,Week4,294.0 Hunt Valley - 108.0 Fox Hunt
Hunt Valley,Week5,Kent Gardens,Week5,274.0 Hunt Valley - 128.0 Kent Gardens
Holmes Run Acres,Week1,Mansion House,Week1,236.0 Mansion House - 166.0 Holmes Run Acres
Hunt Valley,Week3,Fox Hunt,Week3,282.0 Hunt Valley - 120.0 Fox Hunt
Hunt Valley,Week4,Kent Gardens,Week3,292.0 Hunt Valley - 110.0 Kent Gardens
Hunter Mill,Week5,Bren Mar-Edsall Park,Week5,368.0 Hunter Mill - 34.0 Bren Mar-Edsall Park
Holmes Run Acres,Week1,Sully Station,Week1,275.0 Sully Station - 127.0 Holmes Run Acres
Holmes Run Acres,Week5,Long Branch,Week4,275.0 Holmes Run Acres - 127.0 Long Branch
Holmes Run Acres,Week1,Orange Hunt,Week4,219.0 Orange Hunt - 183.0 Holmes Run Acres
Hunter Mill,Week4,Daventry,Week4,340.0 Hunter Mill - 62.0 Daventry
Hunter Mill,Week4,Daventry,Week5,304.0 Hunter Mill - 98.0 Daventry
Hunt Valley,Week4,Sideburn Run,Week4,266.0 Hunt Valley - 136.0 Sideburn Run
Hunter Mill,Week1,Brookfield ,Week4,254.0 Hunter Mill - 148.0 Brookfield
Holmes Run Acres,Week5,Walden Glen,Week2,268.0 Holmes Run Acres - 134.0 Walden Glen
Hunter Mill,Week1,Brookfield ,Week3,257.0 Hunter Mill - 145.0 Brookfield
Holmes Run Acres,Week3,Orange Hunt,Week2,216.0 Holmes Run Acres - 186.0 Orange Hunt
Hunt Valley,Week2,Sideburn Run,Week4,260.0 Hunt Valley - 142.0 Sideburn Run
Holmes Run Acres,Week1,Orange Hunt,Week1,224.0 Orange Hunt - 178.0 Holmes Run Acres
Holmes Run Acres,Week4,Walden Glen,Week4,235.0 Holmes Run Acres - 167.0 Walden Glen
Hunt Valley,Week3,Mount Vernon Park,Week4,229.5 Hunt Valley - 172.5 Mount Vernon Park
Hunt Valley,Week5,Fox Hunt,Week3,293.0 Hunt Valley - 109.0 Fox Hunt
Hunter Mill,Week5,Daventry,Week2,330.0 Hunter Mill - 72.0 Daventry
Hunt Valley,Week3,Mount Vernon Park,Week5,203.0 Hunt Valley - 199.0 Mount Vernon Park
Holmes Run Acres,Week4,Long Branch,Week4,243.0 Holmes Run Acres - 159.0 Long Branch
Hunt Valley,Week4,Kings Ridge ,Week2,332.0 Hunt Valley - 70.0 Kings Ridge
Holmes Run Acres,Week1,Waynewood,Week1,233.0 Waynewood - 169.0 Holmes Run Acres
Holmes Run Acres,Week1,Sully Station,Week2,250.0 Sully Station - 152.0 Holmes Run Acres
Hunt Valley,Week1,Sleepy Hollow B & R,Week2,240.0 Hunt Valley - 162.0 Sleepy Hollow B & R
Hunt Valley,Week5,Mosby Woods,Week3,219.5 Hunt Valley - 182.5 Mosby Woods
Hunt Valley,Week4,Mount Vernon Park,Week1,219.0 Hunt Valley - 183.0 Mount Vernon Park
Hunt Valley,Week3,Sideburn Run,Week5,259.0 Hunt Valley - 143.0 Sideburn Run
Holmes Run Acres,Week4,Orange Hunt,Week5,237.0 Orange Hunt - 165.0 Holmes Run Acres
Holmes Run Acres,Week2,Mansion House,Week1,250.0 Mansion House - 152.0 Holmes Run Acres
Holmes Run Acres,Week4,Orange Hunt,Week3,219.0 Orange Hunt - 183.0 Holmes Run Acres
Hunt Valley,Week5,Mosby Woods,Week4,246.0 Hunt Valley - 156.0 Mosby Woods
Hunt Valley,Week1,Fox Hunt,Week3,256.0 Hunt Valley - 146.0 Fox Hunt
Hunt Valley,Week5,Lake Braddock,Week4,376.0 Hunt Valley - 26.0 Lake Braddock
Holmes Run Acres,Week1,Sully Station,Week3,278.0 Sully Station - 124.0 Holmes Run Acres
Hunt Valley,Week2,Fox Hunt,Week5,248.0 Hunt Valley - 154.0 Fox Hunt
Hunt Valley,Week4,Lake Braddock,Week4,355.0 Hunt Valley - 47.0 Lake Braddock
Holmes Run Acres,Week2,Sully Station,Week1,282.0 Sully Station - 120.0 Holmes Run Acres
Hunt Valley,Week5,Forest Hollow,Week5,251.0 Hunt Valley - 151.0 Forest Hollow
Holmes Run Acres,Week2,Waynewood,Week1,231.0 Waynewood - 171.0 Holmes Run Acres
Hunt Valley,Week1,Mount Vernon Park,Week5,207.0 Mount Vernon Park - 195.0 Hunt Valley
Hunter Mill,Week1,Dominion Hills,Week2,244.0 Hunter Mill - 158.0 Dominion Hills
Hunt Valley,Week3,Fox Hunt,Week2,301.0 Hunt Valley - 101.0 Fox Hunt
Hunt Valley,Week5,Shouse Village,Week1,280.0 Hunt Valley - 122.0 Shouse Village
Holmes Run Acres,Week2,Mansion House,Week3,248.0 Mansion House - 154.0 Holmes Run Acres
Holmes Run Acres,Week1,Waynewood,Week5,265.0 Waynewood - 137.0 Holmes Run Acres
Holmes Run Acres,Week4,Waynewood,Week2,257.0 Waynewood - 145.0 Holmes Run Acres
Holmes Run Acres,Week5,Walden Glen,Week4,265.0 Holmes Run Acres - 137.0 Walden Glen
Hunter Mill,Week5,Daventry,Week3,327.0 Hunter Mill - 75.0 Daventry
Hunter Mill,Week1,Dominion Hills,Week1,262.0 Hunter Mill - 140.0 Dominion Hills
Hunt Valley,Week1,Kings Ridge ,Week1,330.0 Hunt Valley - 72.0 Kings Ridge
Hunt Valley,Week4,Fox Hunt,Week1,283.0 Hunt Valley - 119.0 Fox Hunt
Hunt Valley,Week5,Kings Ridge ,Week1,360.0 Hunt Valley - 42.0 Kings Ridge
Holmes Run Acres,Week1,Orange Hunt,Week2,212.0 Orange Hunt - 190.0 Holmes Run Acres
Holmes Run Acres,Week2,Sully Station,Week2,241.0 Sully Station - 161.0 Holmes Run Acres
Hunt Valley,Week2,Sideburn Run,Week5,255.0 Hunt Valley - 147.0 Sideburn Run
Hunter Mill,Week3,Brookfield ,Week2,276.0 Hunter Mill - 126.0 Brookfield
Holmes Run Acres,Week1,Sully Station,Week5,294.0 Sully Station - 108.0 Holmes Run Acres
Holmes Run Acres,Week1,Mansion House,Week5,257.0 Mansion House - 145.0 Holmes Run Acres
Hunt Valley,Week4,Kings Ridge ,Week4,323.0 Hunt Valley - 79.0 Kings Ridge
Hunter Mill,Week5,Daventry,Week4,343.0 Hunter Mill - 59.0 Daventry
Holmes Run Acres,Week5,Walden Glen,Week5,251.0 Holmes Run Acres - 151.0 Walden Glen
Holmes Run Acres,Week4,Stratford,Week3,257.0 Holmes Run Acres - 145.0 Stratford
Hunter Mill,Week3,Daventry,Week4,338.0 Hunter Mill - 64.0 Daventry
Hunt Valley,Week2,Mount Vernon Park,Week1,205.0 Hunt Valley - 197.0 Mount Vernon Park
Hunt Valley,Week5,Mosby Woods,Week5,209.0 Hunt Valley - 193.0 Mosby Woods
Holmes Run Acres,Week1,Mansion House,Week4,227.0 Mansion House - 175.0 Holmes Run Acres
Hunt Valley,Week1,Sideburn Run,Week1,239.0 Hunt Valley - 163.0 Sideburn Run
Hunt Valley,Week3,Mount Vernon Park,Week3,223.0 Hunt Valley - 179.0 Mount Vernon Park
Holmes Run Acres,Week2,Mansion House,Week2,239.0 Mansion House - 163.0 Holmes Run Acres
Hunt Valley,Week4,Fox Hunt,Week4,276.0 Hunt Valley - 126.0 Fox Hunt
Hunt Valley,Week2,Sleepy Hollow B & R,Week4,242.5 Hunt Valley - 159.5 Sleepy Hollow B & R
Holmes Run Acres,Week3,Orange Hunt,Week5,203.0 Holmes Run Acres - 199.0 Orange Hunt
Holmes Run Acres,Week2,Sully Station,Week3,261.0 Sully Station - 141.0 Holmes Run Acres
Holmes Run Acres,Week5,Old Keene Mill,Week5,261.0 Holmes Run Acres - 141.0 Old Keene Mill
Hunter Mill,Week1,Dominion Hills,Week3,251.0 Hunter Mill - 151.0 Dominion Hills
Hunt Valley,Week5,Lake Braddock,Week1,372.0 Hunt Valley - 30.0 Lake Braddock
Holmes Run Acres,Week2,Mantua,Week1,250.5 Mantua - 151.5 Holmes Run Acres
Hunter Mill,Week5,Daventry,Week5,318.0 Hunter Mill - 84.0 Daventry
Holmes Run Acres,Week1,Waynewood,Week4,248.0 Waynewood - 154.0 Holmes Run Acres
Hunt Valley,Week5,Fox Hunt,Week2,307.0 Hunt Valley - 95.0 Fox Hunt
Hunt Valley,Week1,Lake Braddock,Week1,348.0 Hunt Valley - 54.0 Lake Braddock
Hunt Valley,Week5,Kings Ridge ,Week4,352.0 Hunt Valley - 50.0 Kings Ridge
Holmes Run Acres,Week1,Sully Station,Week4,274.0 Sully Station - 128.0 Holmes Run Acres
Hunter Mill,Week1,Dominion Hills,Week4,228.0 Hunter Mill - 174.0 Dominion Hills
Holmes Run Acres,Week4,Mansion House,Week2,233.0 Mansion House - 169.0 Holmes Run Acres
Hunt Valley,Week1,Mount Vernon Park,Week3,201.0 Hunt Valley - 201.0 Mount Vernon Park
Hunt Valley,Week1,Sideburn Run,Week2,250.0 Hunt Valley - 152.0 Sideburn Run
Holmes Run Acres,Week2,Waynewood,Week3,283.0 Waynewood - 119.0 Holmes Run Acres
Hunt Valley,Week4,Fox Hunt,Week5,255.0 Hunt Valley - 147.0 Fox Hunt
Holmes Run Acres,Week4,Orange Hunt,Week1,205.0 Orange Hunt - 197.0 Holmes Run Acres
Holmes Run Acres,Week2,Sully Station,Week4,261.0 Sully Station - 141.0 Holmes Run Acres
Hunt Valley,Week4,Shouse Village,Week5,243.0 Hunt Valley - 159.0 Shouse Village
Holmes Run Acres,Week3,Orange Hunt,Week3,215.0 Holmes Run Acres - 187.0 Orange Hunt
Holmes Run Acres,Week2,Mantua,Week3,281.0 Mantua - 121.0 Holmes Run Acres
Holmes Run Acres,Week4,Walden Glen,Week5,217.0 Holmes Run Acres - 185.0 Walden Glen
Hunt Valley,Week4,Mount Vernon Park,Week2,214.5 Hunt Valley - 187.5 Mount Vernon Park
Hunt Valley,Week4,Fox Hunt,Week2,291.0 Hunt Valley - 111.0 Fox Hunt
Holmes Run Acres,Week5,Mansion House,Week4,228.0 Holmes Run Acres - 174.0 Mansion House
Holmes Run Acres,Week3,Waynewood,Week2,218.0 Waynewood - 184.0 Holmes Run Acres
Hunt Valley,Week5,Shouse Village,Week3,270.0 Hunt Valley - 132.0 Shouse Village
Holmes Run Acres,Week1,Overlee,Week3,335.0 Overlee - 67.0 Holmes Run Acres
Hunt Valley,Week1,Mount Vernon Park,Week4,209.0 Hunt Valley - 193.0 Mount Vernon Park
Holmes Run Acres,Week5,Mansion House,Week3,202.0 Mansion House - 200.0 Holmes Run Acres
Holmes Run Acres,Week1,Waynewood,Week2,266.0 Waynewood - 136.0 Holmes Run Acres
Holmes Run Acres,Week2,Waynewood,Week4,255.0 Waynewood - 147.0 Holmes Run Acres
Hunter Mill,Week2,Dominion Hills,Week5,211.0 Hunter Mill - 191.0 Dominion Hills
Holmes Run Acres,Week3,Mansion House,Week1,207.0 Holmes Run Acres - 195.0 Mansion House
Holmes Run Acres,Week3,Sully Station II,Week1,217.0 Sully Station II - 184.0 Holmes Run Acres
Hunt Valley,Week5,Fox Hunt,Week4,283.0 Hunt Valley - 119.0 Fox Hunt
Holmes Run Acres,Week3,Sully Station,Week3,221.0 Sully Station - 181.0 Holmes Run Acres
Hunt Valley,Week3,Sideburn Run,Week4,289.0 Hunt Valley - 113.0 Sideburn Run
Hunt Valley,Week5,Lake Braddock,Week2,350.0 Hunt Valley - 52.0 Lake Braddock
Hunter Mill,Week2,Dominion Hills,Week1,256.0 Hunter Mill - 146.0 Dominion Hills
Holmes Run Acres,Week2,Overlee,Week2,346.0 Overlee - 56.0 Holmes Run Acres
Holmes Run Acres,Week3,Sully Station,Week1,225.0 Sully Station - 177.0 Holmes Run Acres
Hunter Mill,Week2,Dominion Hills,Week3,243.5 Hunter Mill - 158.5 Dominion Hills
Hunt Valley,Week3,Sideburn Run,Week1,266.0 Hunt Valley - 136.0 Sideburn Run
Hunt Valley,Week2,Mount Vernon Park,Week3,215.0 Mount Vernon Park - 187.0 Hunt Valley
Holmes Run Acres,Week1,Overlee,Week4,363.0 Overlee - 39.0 Holmes Run Acres
Hunt Valley,Week2,Lake Braddock,Week3,347.0 Hunt Valley - 55.0 Lake Braddock
Holmes Run Acres,Week1,Overlee,Week5,359.0 Overlee - 43.0 Holmes Run Acres
Hunt Valley,Week1,Mount Vernon Park,Week1,207.5 Hunt Valley - 189.5 Mount Vernon Park
Hunt Valley,Week4,Kings Ridge ,Week5,314.0 Hunt Valley - 88.0 Kings Ridge
Hunt Valley,Week5,Fox Hunt,Week1,293.5 Hunt Valley - 108.5 Fox Hunt
Hunt Valley,Week3,Sideburn Run,Week3,267.0 Hunt Valley - 135.0 Sideburn Run
Hunt Valley,Week5,Shouse Village,Week2,292.0 Hunt Valley - 110.0 Shouse Village
Holmes Run Acres,Week5,Mansion House,Week5,208.0 Mansion House - 194.0 Holmes Run Acres
Holmes Run Acres,Week2,Overlee,Week5,361.0 Overlee - 41.0 Holmes Run Acres
Holmes Run Acres,Week5,Sully Station,Week1,231.0 Sully Station - 171.0 Holmes Run Acres
Hunt Valley,Week3,Mount Vernon Park,Week1,233.0 Hunt Valley - 169.0 Mount Vernon Park
Hunt Valley,Week4,Sideburn Run,Week1,265.0 Hunt Valley - 137.0 Sideburn Run
Holmes Run Acres,Week5,Mansion House,Week1,207.0 Holmes Run Acres - 195.0 Mansion House
Hunt Valley,Week5,Kings Ridge ,Week3,344.0 Hunt Valley - 58.0 Kings Ridge
Holmes Run Acres,Week2,Sully Station II,Week2,283.0 Sully Station II - 118.0 Holmes Run Acres
Hunt Valley,Week1,Lake Braddock,Week4,347.0 Hunt Valley - 55.0 Lake Braddock
Hunt Valley,Week1,Fox Hunt,Week4,273.0 Hunt Valley - 129.0 Fox Hunt
Hunt Valley,Week3,Fox Hunt,Week5,270.0 Hunt Valley - 132.0 Fox Hunt
Hunt Valley,Week5,Kings Ridge ,Week2,355.0 Hunt Valley - 47.0 Kings Ridge
Holmes Run Acres,Week3,Overlee,Week1,310.0 Overlee - 92.0 Holmes Run Acres
Hunter Mill,Week4,Dominion Hills,Week1,260.0 Hunter Mill - 142.0 Dominion Hills
Hunt Valley,Week3,Newington Forest,Week1,367.0 Hunt Valley - 35.0 Newington Forest
Holmes Run Acres,Week3,Waynewood,Week3,231.0 Waynewood - 171.0 Holmes Run Acres
Hunter Mill,Week3,Dominion Hills,Week4,238.0 Hunter Mill - 164.0 Dominion Hills
Holmes Run Acres,Week1,Overlee,Week2,347.0 Overlee - 55.0 Holmes Run Acres
Hunter Mill,Week4,Dominion Hills,Week4,236.5 Hunter Mill - 164.5 Dominion Hills
Hunt Valley,Week2,Sideburn Run,Week1,252.0 Hunt Valley - 150.0 Sideburn Run
Hunter Mill,Week3,Dominion Hills,Week5,223.0 Hunter Mill - 179.0 Dominion Hills
Holmes Run Acres,Week2,Overlee,Week4,374.0 Overlee - 28.0 Holmes Run Acres
Hunt Valley,Week1,Lake Braddock,Week3,335.0 Hunt Valley - 67.0 Lake Braddock
Hunt Valley,Week1,Fox Mill Estates,Week4,275.0 Hunt Valley - 127.0 Fox Mill Estates
Holmes Run Acres,Week4,Waynewood,Week3,276.0 Waynewood - 126.0 Holmes Run Acres
Holmes Run Acres,Week4,Waynewood,Week1,231.0 Waynewood - 171.0 Holmes Run Acres
Hunt Valley,Week5,Fox Hunt,Week5,273.0 Hunt Valley - 129.0 Fox Hunt
Hunt Valley,Week5,Mount Vernon Park,Week5,208.0 Hunt Valley - 194.0 Mount Vernon Park
Holmes Run Acres,Week5,Mantua,Week1,204.0 Mantua - 198.0 Holmes Run Acres
Hunter Mill,Week3,Dominion Hills,Week1,267.0 Hunter Mill - 135.0 Dominion Hills
Holmes Run Acres,Week1,Sully Station II,Week4,218.0 Sully Station II - 184.0 Holmes Run Acres
Holmes Run Acres,Week5,Sully Station,Week2,212.0 Sully Station - 190.0 Holmes Run Acres
Holmes Run Acres,Week1,Sully Station II,Week1,241.0 Sully Station II - 160.0 Holmes Run Acres
Hunt Valley,Week1,Sideburn Run,Week3,244.0 Hunt Valley - 158.0 Sideburn Run
Hunt Valley,Week1,Fox Mill Estates,Week2,277.0 Hunt Valley - 125.0 Fox Mill Estates
Hunt Valley,Week1,Lake Braddock,Week2,342.0 Hunt Valley - 60.0 Lake Braddock
Holmes Run Acres,Week1,Sully Station II,Week5,278.0 Sully Station II - 124.0 Holmes Run Acres
Holmes Run Acres,Week4,Waynewood,Week4,239.0 Waynewood - 163.0 Holmes Run Acres
Hunt Valley,Week5,Shouse Village,Week5,248.0 Hunt Valley - 154.0 Shouse Village
Hunter Mill,Week4,Dominion Hills,Week3,256.0 Hunter Mill - 146.0 Dominion Hills
Holmes Run Acres,Week3,Waynewood,Week1,204.0 Holmes Run Acres - 198.0 Waynewood
Hunt Valley,Week2,Newington Forest,Week2,335.0 Hunt Valley - 67.0 Newington Forest
Holmes Run Acres,Week1,Mantua,Week3,284.0 Mantua - 118.0 Holmes Run Acres
Holmes Run Acres,Week2,Overlee,Week1,333.0 Overlee - 69.0 Holmes Run Acres
Hunt Valley,Week3,Lake Braddock,Week3,350.0 Hunt Valley - 52.0 Lake Braddock
Hunt Valley,Week5,Newington Forest,Week2,347.0 Hunt Valley - 55.0 Newington Forest
Holmes Run Acres,Week4,Waynewood,Week5,275.0 Waynewood - 127.0 Holmes Run Acres
Hunt Valley,Week2,Fox Mill Woods,Week2,219.0 Hunt Valley - 183.0 Fox Mill Woods
Holmes Run Acres,Week4,Mansion House,Week5,255.0 Mansion House - 147.0 Holmes Run Acres
Hunt Valley,Week5,Mount Vernon Park,Week1,231.0 Hunt Valley - 171.0 Mount Vernon Park
Holmes Run Acres,Week2,Sully Station II,Week1,253.0 Sully Station II - 148.0 Holmes Run Acres
Hunt Valley,Week4,Sideburn Run,Week3,269.0 Hunt Valley - 133.0 Sideburn Run
Hunter Mill,Week4,Dominion Hills,Week2,254.0 Hunter Mill - 148.0 Dominion Hills
Holmes Run Acres,Week3,Overlee,Week5,335.0 Overlee - 67.0 Holmes Run Acres
Hunt Valley,Week2,Newington Forest,Week1,351.0 Hunt Valley - 51.0 Newington Forest
Hunter Mill,Week4,Dominion Hills,Week5,217.0 Hunter Mill - 185.0 Dominion Hills
Holmes Run Acres,Week2,Overlee,Week3,349.5 Overlee - 52.5 Holmes Run Acres
Holmes Run Acres,Week4,Mansion House,Week3,243.0 Mansion House - 159.0 Holmes Run Acres
Holmes Run Acres,Week2,Waynewood,Week2,252.0 Waynewood - 150.0 Holmes Run Acres
Hunt Valley,Week5,Kings Ridge ,Week5,338.0 Hunt Valley - 64.0 Kings Ridge
Hunt Valley,Week1,Newington Forest,Week5,308.0 Hunt Valley - 94.0 Newington Forest
Holmes Run Acres,Week5,Walden Glen,Week1,292.0 Holmes Run Acres - 110.0 Walden Glen
Holmes Run Acres,Week3,Mansion House,Week3,206.0 Mansion House - 196.0 Holmes Run Acres
Holmes Run Acres,Week2,Sully Station II,Week5,292.0 Sully Station II - 110.0 Holmes Run Acres
Hunt Valley,Week5,Sideburn Run,Week1,268.0 Hunt Valley - 134.0 Sideburn Run
Hunt Valley,Week4,Fox Mill Estates,Week3,305.0 Hunt Valley - 97.0 Fox Mill Estates
Holmes Run Acres,Week3,Mansion House,Week5,218.0 Mansion House - 184.0 Holmes Run Acres
Hunt Valley,Week2,Sideburn Run,Week2,264.0 Hunt Valley - 138.0 Sideburn Run
Hunt Valley,Week2,Lake Braddock,Week1,352.0 Hunt Valley - 50.0 Lake Braddock
Hunt Valley,Week2,Fox Mill Estates,Week2,282.0 Hunt Valley - 120.0 Fox Mill Estates
Hunt Valley,Week3,Fox Mill Estates,Week5,297.0 Hunt Valley - 105.0 Fox Mill Estates
Holmes Run Acres,Week4,Overlee,Week3,324.0 Overlee - 78.0 Holmes Run Acres
Hunt Valley,Week5,Sideburn Run,Week4,282.0 Hunt Valley - 120.0 Sideburn Run
Holmes Run Acres,Week4,Overlee,Week2,336.0 Overlee - 66.0 Holmes Run Acres
Hunt Valley,Week2,Lake Braddock,Week4,356.0 Hunt Valley - 46.0 Lake Braddock
Holmes Run Acres,Week5,Waynewood,Week2,202.0 Holmes Run Acres - 200.0 Waynewood
Hunt Valley,Week5,Sideburn Run,Week3,277.0 Hunt Valley - 125.0 Sideburn Run
Holmes Run Acres,Week2,Waynewood,Week5,287.0 Waynewood - 115.0 Holmes Run Acres
Holmes Run Acres,Week1,Mantua,Week2,258.0 Mantua - 144.0 Holmes Run Acres
Hunter Mill,Week5,Dominion Hills,Week3,281.0 Hunter Mill - 121.0 Dominion Hills
Hunt Valley,Week1,Sleepy Hollow B & R,Week1,257.0 Hunt Valley - 145.0 Sleepy Hollow B & R
Holmes Run Acres,Week4,Mantua,Week3,274.0 Mantua - 128.0 Holmes Run Acres
Holmes Run Acres,Week2,Sully Station II,Week4,251.0 Sully Station II - 151.0 Holmes Run Acres
Holmes Run Acres,Week5,Overlee,Week4,337.0 Overlee - 65.0 Holmes Run Acres
Hunt Valley,Week1,Newington Forest,Week1,341.0 Hunt Valley - 61.0 Newington Forest
Hunt Valley,Week2,Newington Forest,Week5,315.0 Hunt Valley - 87.0 Newington Forest
Holmes Run Acres,Week5,Overlee,Week3,299.0 Overlee - 103.0 Holmes Run Acres
Hunt Valley,Week1,Newington Forest,Week2,331.0 Hunt Valley - 71.0 Newington Forest
Hunt Valley,Week2,Lake Braddock,Week5,344.0 Hunt Valley - 58.0 Lake Braddock
Holmes Run Acres,Week5,Sully Station,Week4,219.0 Sully Station - 183.0 Holmes Run Acres
Holmes Run Acres,Week3,Waynewood,Week5,238.0 Waynewood - 164.0 Holmes Run Acres
Holmes Run Acres,Week1,Sully Station II,Week2,271.5 Sully Station II - 129.5 Holmes Run Acres
Holmes Run Acres,Week4,Sully Station,Week2,246.0 Sully Station - 156.0 Holmes Run Acres
Holmes Run Acres,Week3,Mantua,Week2,206.0 Mantua - 196.0 Holmes Run Acres
Hunt Valley,Week3,Fox Mill Estates,Week2,298.0 Hunt Valley - 104.0 Fox Mill Estates
Hunt Valley,Week2,Fox Mill Estates,Week3,286.0 Hunt Valley - 116.0 Fox Mill Estates
Hunter Mill,Week5,Dominion Hills,Week2,275.0 Hunter Mill - 127.0 Dominion Hills
Hunt Valley,Week3,Lake Braddock,Week2,343.0 Hunt Valley - 59.0 Lake Braddock
Hunter Mill,Week3,Dominion Hills,Week3,257.0 Hunter Mill - 145.0 Dominion Hills
Hunter Mill,Week1,Donaldson Run,Week1,237.0 Donaldson Run - 165.0 Hunter Mill
Hunt Valley,Week3,Lake Braddock,Week4,365.0 Hunt Valley - 37.0 Lake Braddock
Holmes Run Acres,Week2,Parklawn,Week1,269.0 Holmes Run Acres - 124.0 Parklawn
Holmes Run Acres,Week4,Sully Station II,Week1,246.0 Sully Station II - 155.0 Holmes Run Acres
Hunt Valley,Week1,Lake Braddock,Week5,340.0 Hunt Valley - 62.0 Lake Braddock
Holmes Run Acres,Week5,Overlee,Week2,320.0 Overlee - 82.0 Holmes Run Acres
Holmes Run Acres,Week2,Mansion House,Week5,255.0 Mansion House - 147.0 Holmes Run Acres
Holmes Run Acres,Week3,Sully Station II,Week2,256.0 Sully Station II - 145.0 Holmes Run Acres
Holmes Run Acres,Week5,Woodley,Week2,319.0 Holmes Run Acres - 83.0 Woodley
Hunt Valley,Week1,Sleepy Hollow B & R,Week3,235.0 Hunt Valley - 167.0 Sleepy Hollow B & R
Holmes Run Acres,Week3,Woodley,Week1,315.0 Holmes Run Acres - 87.0 Woodley
Hunt Valley,Week5,Fox Mill Estates,Week1,328.0 Hunt Valley - 74.0 Fox Mill Estates
Holmes Run Acres,Week1,Woodley,Week3,282.0 Holmes Run Acres - 120.0 Woodley
Holmes Run Acres,Week3,High Point Pool,Week2,233.0 High Point Pool - 169.0 Holmes Run Acres
Holmes Run Acres,Week1,Parklawn,Week4,233.0 Holmes Run Acres - 167.0 Parklawn
Hunt Valley,Week3,Lake Braddock,Week1,357.0 Hunt Valley - 45.0 Lake Braddock
Hunt Valley,Week4,Fox Mill Estates,Week2,305.0 Hunt Valley - 97.0 Fox Mill Estates
Hunter Mill,Week5,Dominion Hills,Week1,286.0 Hunter Mill - 116.0 Dominion Hills
Hunter Mill,Week5,Dominion Hills,Week5,247.0 Hunter Mill - 155.0 Dominion Hills
Holmes Run Acres,Week5,Mansion House,Week2,216.0 Holmes Run Acres - 186.0 Mansion House
Holmes Run Acres,Week4,Sully Station II,Week3,283.0 Sully Station II - 119.0 Holmes Run Acres
Hunt Valley,Week3,Newington Forest,Week4,344.0 Hunt Valley - 58.0 Newington Forest
Holmes Run Acres,Week5,High Point Pool,Week5,212.0 High Point Pool - 190.0 Holmes Run Acres
Holmes Run Acres,Week4,Mansion House,Week4,216.0 Mansion House - 186.0 Holmes Run Acres
Hunt Valley,Week5,Sideburn Run,Week5,268.0 Hunt Valley - 134.0 Sideburn Run
Hunt Valley,Week3,Newington Forest,Week5,322.0 Hunt Valley - 80.0 Newington Forest
Hunt Valley,Week5,Fox Mill Estates,Week5,310.0 Hunt Valley - 92.0 Fox Mill Estates
Hunt Valley,Week4,Lake Braddock,Week2,343.0 Hunt Valley - 59.0 Lake Braddock
Holmes Run Acres,Week5,Waynewood,Week5,222.0 Waynewood - 180.0 Holmes Run Acres
Hunt Valley,Week4,Lake Braddock,Week1,347.0 Hunt Valley - 55.0 Lake Braddock
Hunter Mill,Week5,Dominion Hills,Week4,247.0 Hunter Mill - 155.0 Dominion Hills
Hunt Valley,Week1,Newington Forest,Week4,336.0 Hunt Valley - 66.0 Newington Forest
Hunt Valley,Week3,Fox Mill Estates,Week3,305.0 Hunt Valley - 97.0 Fox Mill Estates
Holmes Run Acres,Week4,Overlee,Week4,354.0 Overlee - 48.0 Holmes Run Acres
Hunt Valley,Week4,Fox Mill Estates,Week1,321.0 Hunt Valley - 81.0 Fox Mill Estates
Holmes Run Acres,Week2,Highland Park,Week2,220.0 Highland Park - 182.0 Holmes Run Acres
Holmes Run Acres,Week3,Mansion House,Week2,205.0 Holmes Run Acres - 197.0 Mansion House
Holmes Run Acres,Week3,Woodley,Week2,323.0 Holmes Run Acres - 79.0 Woodley
Holmes Run Acres,Week2,Highland Park,Week1,233.0 Highland Park - 169.0 Holmes Run Acres
Holmes Run Acres,Week5,Overlee,Week5,324.0 Overlee - 78.0 Holmes Run Acres
Holmes Run Acres,Week3,Mantua,Week1,223.0 Mantua - 179.0 Holmes Run Acres
Hunt Valley,Week2,Newington Forest,Week4,333.0 Hunt Valley - 69.0 Newington Forest
Hunt Valley,Week5,Mount Vernon Park,Week3,223.0 Hunt Valley - 179.0 Mount Vernon Park
Holmes Run Acres,Week4,Sully Station,Week1,254.0 Sully Station - 148.0 Holmes Run Acres
Hunt Valley,Week2,Lake Braddock,Week2,340.0 Hunt Valley - 62.0 Lake Braddock
Holmes Run Acres,Week1,Highland Park,Week1,222.0 Highland Park - 180.0 Holmes Run Acres
Hunt Valley,Week1,Sleepy Hollow B & R,Week4,222.0 Hunt Valley - 180.0 Sleepy Hollow B & R
Holmes Run Acres,Week3,Sully Station II,Week5,255.0 Sully Station II - 147.0 Holmes Run Acres
Hunt Valley,Week1,Sleepy Hollow B & R,Week5,209.0 Sleepy Hollow B & R - 193.0 Hunt Valley
Hunter Mill,Week1,Donaldson Run,Week2,246.0 Donaldson Run - 156.0 Hunter Mill
Hunt Valley,Week2,Sleepy Hollow B & R,Week1,261.5 Hunt Valley - 140.5 Sleepy Hollow B & R
Holmes Run Acres,Week1,Woodley,Week1,278.0 Holmes Run Acres - 124.0 Woodley
Hunt Valley,Week3,Newington Forest,Week3,349.0 Hunt Valley - 53.0 Newington Forest
Hunt Valley,Week4,Lake Braddock,Week3,346.0 Hunt Valley - 56.0 Lake Braddock
Holmes Run Acres,Week2,Sully Station II,Week3,284.0 Sully Station II - 113.0 Holmes Run Acres
Hunt Valley,Week2,Sleepy Hollow B & R,Week3,233.0 Hunt Valley - 169.0 Sleepy Hollow B & R
Holmes Run Acres,Week4,Mansion House,Week1,242.0 Mansion House - 160.0 Holmes Run Acres
Holmes Run Acres,Week3,Mansion House,Week4,227.0 Holmes Run Acres - 175.0 Mansion House
Holmes Run Acres,Week4,Sully Station II,Week4,243.0 Sully Station II - 159.0 Holmes Run Acres
Holmes Run Acres,Week4,High Point Pool,Week4,245.0 High Point Pool - 157.0 Holmes Run Acres
Hunt Valley,Week4,Newington Forest,Week1,349.0 Hunt Valley - 53.0 Newington Forest
Holmes Run Acres,Week3,High Point Pool,Week5,224.0 High Point Pool - 178.0 Holmes Run Acres
Holmes Run Acres,Week1,Woodley,Week2,290.0 Holmes Run Acres - 112.0 Woodley
Holmes Run Acres,Week5,Overlee,Week1,305.0 Overlee - 97.0 Holmes Run Acres
Hunt Valley,Week2,Sleepy Hollow B & R,Week2,241.0 Hunt Valley - 161.0 Sleepy Hollow B & R
Hunt Valley,Week5,Fox Mill Estates,Week4,298.5 Hunt Valley - 103.5 Fox Mill Estates
Holmes Run Acres,Week1,Parklawn,Week2,245.0 Holmes Run Acres - 155.0 Parklawn
Hunt Valley,Week2,Fox Mill Estates,Week5,290.0 Hunt Valley - 112.0 Fox Mill Estates
Hunter Mill,Week3,Dominion Hills,Week2,259.0 Hunter Mill - 143.0 Dominion Hills
Hunt Valley,Week4,Fox Mill Estates,Week5,298.0 Hunt Valley - 104.0 Fox Mill Estates
Hunt Valley,Week3,Lake Braddock,Week5,356.0 Hunt Valley - 46.0 Lake Braddock
Hunt Valley,Week4,Newington Forest,Week2,339.0 Hunt Valley - 63.0 Newington Forest
Hunt Valley,Week5,Lake Braddock,Week3,372.0 Hunt Valley - 30.0 Lake Braddock
Holmes Run Acres,Week3,Woodley,Week3,324.0 Holmes Run Acres - 78.0 Woodley
Holmes Run Acres,Week2,Highland Park,Week5,226.0 Highland Park - 176.0 Holmes Run Acres
Hunt Valley,Week1,Fox Mill Woods,Week3,224.0 Hunt Valley - 178.0 Fox Mill Woods
Holmes Run Acres,Week2,Parklawn,Week2,245.0 Holmes Run Acres - 156.0 Parklawn
Holmes Run Acres,Week2,Woodley,Week5,263.5 Holmes Run Acres - 138.5 Woodley
Holmes Run Acres,Week5,Sully Station,Week3,216.0 Sully Station - 186.0 Holmes Run Acres
Holmes Run Acres,Week3,Sully Station,Week5,232.0 Sully Station - 170.0 Holmes Run Acres
Hunt Valley,Week1,Fox Mill Woods,Week1,202.0 Fox Mill Woods - 200.0 Hunt Valley
Hunt Valley,Week3,Sleepy Hollow B & R,Week3,262.0 Hunt Valley - 140.0 Sleepy Hollow B & R
Holmes Run Acres,Week2,Highland Park,Week4,244.0 Highland Park - 158.0 Holmes Run Acres
Hunt Valley,Week4,Newington Forest,Week3,330.0 Hunt Valley - 72.0 Newington Forest
Hunt Valley,Week4,Lake Braddock,Week5,340.0 Hunt Valley - 62.0 Lake Braddock
Holmes Run Acres,Week1,Mantua,Week4,259.5 Mantua - 142.5 Holmes Run Acres
Hunt Valley,Week1,Lakevale Estates,Week4,221.0 Lakevale Estates - 181.0 Hunt Valley
Holmes Run Acres,Week2,Highland Park,Week3,201.0 Highland Park - 196.0 Holmes Run Acres
Hunt Valley,Week3,Sleepy Hollow B & R,Week1,281.0 Hunt Valley - 121.0 Sleepy Hollow B & R
Holmes Run Acres,Week4,Sully Station,Week5,265.0 Sully Station - 137.0 Holmes Run Acres
Hunt Valley,Week5,Mount Vernon Park,Week4,233.0 Hunt Valley - 169.0 Mount Vernon Park
Hunt Valley,Week1,Fox Mill Woods,Week2,202.0 Hunt Valley - 200.0 Fox Mill Woods
Hunt Valley,Week4,Sleepy Hollow B & R,Week2,253.0 Hunt Valley - 149.0 Sleepy Hollow B & R
Hunt Valley,Week2,Newington Forest,Week3,340.0 Hunt Valley - 62.0 Newington Forest
Holmes Run Acres,Week2,Woodley,Week1,279.0 Holmes Run Acres - 123.0 Woodley
Holmes Run Acres,Week1,Mantua,Week1,256.0 Mantua - 146.0 Holmes Run Acres
Holmes Run Acres,Week1,Mantua,Week5,289.0 Mantua - 113.0 Holmes Run Acres
Holmes Run Acres,Week2,High Point Pool,Week5,262.5 High Point Pool - 139.5 Holmes Run Acres
Holmes Run Acres,Week2,Parklawn,Week3,261.0 Holmes Run Acres - 141.0 Parklawn
Holmes Run Acres,Week1,Parklawn,Week1,277.0 Holmes Run Acres - 116.0 Parklawn
Hunt Valley,Week5,Mount Vernon Park,Week2,246.5 Hunt Valley - 155.5 Mount Vernon Park
Hunt Valley,Week4,Newington Forest,Week4,331.0 Hunt Valley - 71.0 Newington Forest
Holmes Run Acres,Week3,High Point Pool,Week3,216.0 High Point Pool - 185.0 Holmes Run Acres
Hunt Valley,Week4,Mount Vernon Park,Week4,210.0 Hunt Valley - 192.0 Mount Vernon Park
Holmes Run Acres,Week3,Parklawn,Week2,280.0 Holmes Run Acres - 120.0 Parklawn
Hunt Valley,Week4,Fox Mill Estates,Week4,294.0 Hunt Valley - 108.0 Fox Mill Estates
Hunt Valley,Week5,Sleepy Hollow B & R,Week2,265.0 Hunt Valley - 137.0 Sleepy Hollow B & R
Holmes Run Acres,Week3,Parklawn,Week1,306.0 Holmes Run Acres - 87.0 Parklawn
Hunt Valley,Week3,Sleepy Hollow B & R,Week4,252.0 Hunt Valley - 150.0 Sleepy Hollow B & R
Holmes Run Acres,Week2,Mantua,Week2,250.0 Mantua - 152.0 Holmes Run Acres
Holmes Run Acres,Week2,Woodley,Week4,270.0 Holmes Run Acres - 132.0 Woodley
Holmes Run Acres,Week1,Woodley,Week5,274.0 Holmes Run Acres - 128.0 Woodley
Holmes Run Acres,Week3,Overlee,Week4,354.0 Overlee - 48.0 Holmes Run Acres
Hunt Valley,Week1,Sleepy Hollow Rec,Week1,330.0 Hunt Valley - 72.0 Sleepy Hollow Rec
Hunt Valley,Week1,Fox Mill Woods,Week4,208.0 Fox Mill Woods - 194.0 Hunt Valley
Holmes Run Acres,Week3,Mantua,Week5,243.0 Mantua - 159.0 Holmes Run Acres
Hunt Valley,Week3,Lakevale Estates,Week2,226.0 Hunt Valley - 176.0 Lakevale Estates
Holmes Run Acres,Week2,Parklawn,Week4,238.0 Holmes Run Acres - 164.0 Parklawn
Hunt Valley,Week2,Fox Mill Estates,Week1,308.5 Hunt Valley - 93.5 Fox Mill Estates
Holmes Run Acres,Week3,Mantua,Week3,247.0 Mantua - 155.0 Holmes Run Acres
Holmes Run Acres,Week3,Sully Station II,Week3,257.0 Sully Station II - 145.0 Holmes Run Acres
Hunt Valley,Week5,Sleepy Hollow B & R,Week1,279.0 Hunt Valley - 123.0 Sleepy Hollow B & R
Hunt Valley,Week4,Mount Vernon Park,Week5,208.0 Mount Vernon Park - 194.0 Hunt Valley
Holmes Run Acres,Week3,High Point Pool,Week1,207.0 Holmes Run Acres - 195.0 High Point Pool
Holmes Run Acres,Week3,Woodley,Week4,314.0 Holmes Run Acres - 88.0 Woodley
Holmes Run Acres,Week4,Sully Station,Week4,255.0 Sully Station - 147.0 Holmes Run Acres
Holmes Run Acres,Week2,Mantua,Week5,274.5 Mantua - 127.5 Holmes Run Acres
Hunt Valley,Week1,Fox Mill Woods,Week5,202.0 Fox Mill Woods - 200.0 Hunt Valley
Holmes Run Acres,Week1,Sully Station II,Week3,273.0 Sully Station II - 129.0 Holmes Run Acres
Hunt Valley,Week2,Lakevale Estates,Week3,204.0 Hunt Valley - 198.0 Lakevale Estates
Hunt Valley,Week3,Lakevale Estates,Week3,223.5 Hunt Valley - 178.5 Lakevale Estates
Holmes Run Acres,Week2,Parklawn,Week5,236.5 Holmes Run Acres - 165.5 Parklawn
Holmes Run Acres,Week3,Woodley,Week5,304.0 Holmes Run Acres - 98.0 Woodley
Holmes Run Acres,Week3,Sully Station II,Week4,204.0 Sully Station II - 198.0 Holmes Run Acres
Hunt Valley,Week1,Newington Forest,Week3,335.0 Hunt Valley - 67.0 Newington Forest
Holmes Run Acres,Week5,Sully Station,Week5,231.0 Sully Station - 171.0 Holmes Run Acres
Hunt Valley,Week3,Lakevale Estates,Week1,241.5 Hunt Valley - 160.5 Lakevale Estates
Holmes Run Acres,Week3,High Point Pool,Week4,222.0 High Point Pool - 180.0 Holmes Run Acres
Holmes Run Acres,Week3,Mantua,Week4,210.0 Mantua - 192.0 Holmes Run Acres
Hunt Valley,Week5,Sleepy Hollow B & R,Week5,227.0 Hunt Valley - 175.0 Sleepy Hollow B & R
Holmes Run Acres,Week4,High Point Pool,Week1,238.0 High Point Pool - 164.0 Holmes Run Acres
Holmes Run Acres,Week4,Sully Station,Week3,256.0 Sully Station - 146.0 Holmes Run Acres
Holmes Run Acres,Week4,Woodley,Week1,302.0 Holmes Run Acres - 100.0 Woodley
Hunt Valley,Week1,Lakevale Estates,Week1,207.0 Hunt Valley - 195.0 Lakevale Estates
Hunt Valley,Week2,Sleepy Hollow B & R,Week5,202.0 Hunt Valley - 200.0 Sleepy Hollow B & R
Holmes Run Acres,Week2,Mantua,Week4,263.0 Mantua - 139.0 Holmes Run Acres
Hunt Valley,Week2,Lakevale Estates,Week2,205.5 Hunt Valley - 196.5 Lakevale Estates
Holmes Run Acres,Week1,Parklawn,Week5,238.0 Holmes Run Acres - 163.0 Parklawn
Holmes Run Acres,Week4,Woodley,Week4,299.0 Holmes Run Acres - 103.0 Woodley
Hunt Valley,Week2,Fox Mill Estates,Week4,273.5 Hunt Valley - 128.5 Fox Mill Estates
Holmes Run Acres,Week4,High Point Pool,Week2,256.0 High Point Pool - 146.0 Holmes Run Acres
Holmes Run Acres,Week5,Woodley,Week1,313.0 Holmes Run Acres - 89.0 Woodley
Hunt Valley,Week5,Fox Mill Estates,Week3,311.0 Hunt Valley - 91.0 Fox Mill Estates
Holmes Run Acres,Week4,Woodley,Week5,277.0 Holmes Run Acres - 125.0 Woodley
Hunt Valley,Week1,Sleepy Hollow Rec,Week2,343.0 Hunt Valley - 59.0 Sleepy Hollow Rec
Holmes Run Acres,Week4,High Point Pool,Week5,255.0 High Point Pool - 147.0 Holmes Run Acres
Holmes Run Acres,Week4,Overlee,Week1,322.0 Overlee - 80.0 Holmes Run Acres
Hunt Valley,Week1,Lakevale Estates,Week2,211.0 Hunt Valley - 191.0 Lakevale Estates
Hunt Valley,Week4,Mount Vernon Park,Week3,202.0 Mount Vernon Park - 200.0 Hunt Valley
Hunt Valley,Week4,Newington Forest,Week5,317.0 Hunt Valley - 85.0 Newington Forest
Holmes Run Acres,Week4,Mantua,Week1,242.0 Mantua - 160.0 Holmes Run Acres
Hunt Valley,Week3,Fox Mill Estates,Week4,296.0 Hunt Valley - 106.0 Fox Mill Estates
Holmes Run Acres,Week4,Mantua,Week4,242.0 Mantua - 160.0 Holmes Run Acres
Hunt Valley,Week3,Fox Mill Estates,Week1,316.0 Hunt Valley - 86.0 Fox Mill Estates
Holmes Run Acres,Week3,Parklawn,Week3,299.0 Holmes Run Acres - 102.0 Parklawn
Holmes Run Acres,Week4,High Point Pool,Week3,254.0 High Point Pool - 147.0 Holmes Run Acres
Hunt Valley,Week3,Newington Forest,Week2,353.0 Hunt Valley - 49.0 Newington Forest
Hunt Valley,Week1,Sleepy Hollow Rec,Week4,339.0 Hunt Valley - 63.0 Sleepy Hollow Rec
Holmes Run Acres,Week4,Sully Station II,Week2,274.0 Sully Station II - 127.0 Holmes Run Acres
Hunt Valley,Week1,Lakevale Estates,Week3,204.0 Lakevale Estates - 198.0 Hunt Valley
Holmes Run Acres,Week1,Truro,Week1,232.0 Holmes Run Acres - 170.0 Truro
Hunt Valley,Week1,Sleepy Hollow Rec,Week3,323.0 Hunt Valley - 79.0 Sleepy Hollow Rec
Hunt Valley,Week2,Fox Mill Woods,Week3,237.0 Hunt Valley - 165.0 Fox Mill Woods
Hunt Valley,Week2,Lakevale Estates,Week5,229.0 Lakevale Estates - 173.0 Hunt Valley
Holmes Run Acres,Week4,Parklawn,Week1,282.0 Holmes Run Acres - 111.0 Parklawn
Holmes Run Acres,Week4,Woodley,Week3,309.0 Holmes Run Acres - 93.0 Woodley
Holmes Run Acres,Week1,Woodley,Week4,276.0 Holmes Run Acres - 126.0 Woodley
Hunt Valley,Week4,Sleepy Hollow B & R,Week5,227.0 Hunt Valley - 175.0 Sleepy Hollow B & R
Hunt Valley,Week5,Lakevale Estates,Week2,233.0 Hunt Valley - 169.0 Lakevale Estates
Holmes Run Acres,Week5,High Point Pool,Week4,203.0 High Point Pool - 199.0 Holmes Run Acres
Holmes Run Acres,Week5,High Point Pool,Week2,226.0 High Point Pool - 176.0 Holmes Run Acres
Holmes Run Acres,Week3,Truro,Week2,301.0 Holmes Run Acres - 101.0 Truro
Holmes Run Acres,Week5,Sully Station II,Week5,243.0 Sully Station II - 159.0 Holmes Run Acres
Hunt Valley,Week4,Annandale,Week3,331.0 Hunt Valley - 71.0 Annandale
Hunt Valley,Week1,North Springfield,Week1,315.0 Hunt Valley - 36.0 North Springfield
Holmes Run Acres,Week4,Mantua,Week2,238.0 Mantua - 164.0 Holmes Run Acres
Holmes Run Acres,Week5,High Point Pool,Week1,202.0 Holmes Run Acres - 200.0 High Point Pool
Hunt Valley,Week5,Fox Mill Estates,Week2,309.0 Hunt Valley - 93.0 Fox Mill Estates
Holmes Run Acres,Week3,Truro,Week3,286.0 Holmes Run Acres - 116.0 Truro
Holmes Run Acres,Week1,Parklawn,Week3,269.0 Holmes Run Acres - 132.0 Parklawn
Holmes Run Acres,Week1,McLean,Week3,286.0 McLean - 116.0 Holmes Run Acres
Hunt Valley,Week2,Lakevale Estates,Week1,204.0 Hunt Valley - 198.0 Lakevale Estates
Hunt Valley,Week5,Newington Forest,Week1,363.0 Hunt Valley - 39.0 Newington Forest
Hunt Valley,Week1,Sleepy Hollow Rec,Week5,316.0 Hunt Valley - 86.0 Sleepy Hollow Rec
Holmes Run Acres,Week4,Mantua,Week5,266.0 Mantua - 136.0 Holmes Run Acres
Holmes Run Acres,Week2,Woodley,Week3,280.0 Holmes Run Acres - 122.0 Woodley
Hunt Valley,Week5,Newington Forest,Week5,334.5 Hunt Valley - 67.5 Newington Forest
Holmes Run Acres,Week5,High Point Pool,Week3,203.0 High Point Pool - 199.0 Holmes Run Acres
Holmes Run Acres,Week4,Overlee,Week5,346.0 Overlee - 56.0 Holmes Run Acres
Hunt Valley,Week2,Fox Mill Woods,Week1,207.0 Hunt Valley - 195.0 Fox Mill Woods
Hunt Valley,Week2,Fox Mill Woods,Week4,207.0 Fox Mill Woods - 195.0 Hunt Valley
Holmes Run Acres,Week1,Parliament,Week2,203.0 Holmes Run Acres - 199.0 Parliament
Hunt Valley,Week1,Oakton ,Week3,203.0 Hunt Valley - 199.0 Oakton
Holmes Run Acres,Week3,Parliament,Week5,222.0 Holmes Run Acres - 180.0 Parliament
Holmes Run Acres,Week4,Sully Station II,Week5,286.0 Sully Station II - 116.0 Holmes Run Acres
Hunt Valley,Week5,North Springfield,Week4,358.0 Hunt Valley - 34.0 North Springfield
Hunt Valley,Week3,Fox Mill Woods,Week1,211.0 Hunt Valley - 191.0 Fox Mill Woods
Holmes Run Acres,Week5,Waynewood,Week4,205.0 Holmes Run Acres - 197.0 Waynewood
Hunt Valley,Week2,Fox Mill Woods,Week5,201.0 Fox Mill Woods - 201.0 Hunt Valley
Holmes Run Acres,Week1,Highland Park,Week4,226.0 Highland Park - 176.0 Holmes Run Acres
Holmes Run Acres,Week1,Truro,Week5,238.0 Holmes Run Acres - 164.0 Truro
Hunt Valley,Week4,Sleepy Hollow B & R,Week4,250.0 Hunt Valley - 152.0 Sleepy Hollow B & R
Holmes Run Acres,Week1,Highland Park,Week3,206.0 Holmes Run Acres - 196.0 Highland Park
Hunt Valley,Week1,North Springfield,Week2,331.0 Hunt Valley - 57.0 North Springfield
Holmes Run Acres,Week2,Hiddenbrook,Week2,263.0 Holmes Run Acres - 135.0 Hiddenbrook
Holmes Run Acres,Week2,Woodley,Week2,277.5 Holmes Run Acres - 124.5 Woodley
Hunt Valley,Week3,Lakevale Estates,Week5,202.0 Hunt Valley - 200.0 Lakevale Estates
Holmes Run Acres,Week5,Mantua,Week3,229.0 Mantua - 173.0 Holmes Run Acres
Hunt Valley,Week3,Sleepy Hollow B & R,Week5,229.0 Hunt Valley - 173.0 Sleepy Hollow B & R
Holmes Run Acres,Week2,Hiddenbrook,Week1,229.0 Holmes Run Acres - 173.0 Hiddenbrook
Holmes Run Acres,Week1,McLean,Week5,292.0 McLean - 110.0 Holmes Run Acres
Holmes Run Acres,Week5,Woodley,Week3,328.0 Holmes Run Acres - 74.0 Woodley
Hunt Valley,Week1,Oakton ,Week1,211.0 Oakton - 191.0 Hunt Valley
Holmes Run Acres,Week5,Parklawn,Week3,295.0 Holmes Run Acres - 107.0 Parklawn
Holmes Run Acres,Week1,Truro,Week2,262.0 Holmes Run Acres - 139.0 Truro
Holmes Run Acres,Week2,McLean,Week5,300.0 McLean - 102.0 Holmes Run Acres
Holmes Run Acres,Week4,Herndon,Week4,309.0 Holmes Run Acres - 92.0 Herndon
Holmes Run Acres,Week1,Hiddenbrook,Week1,233.0 Holmes Run Acres - 169.0 Hiddenbrook
Holmes Run Acres,Week4,Truro,Week1,239.0 Holmes Run Acres - 163.0 Truro
Hunt Valley,Week4,Lakevale Estates,Week2,228.0 Hunt Valley - 174.0 Lakevale Estates
Holmes Run Acres,Week3,McLean,Week2,271.0 McLean - 131.0 Holmes Run Acres
Holmes Run Acres,Week3,Parliament,Week3,230.0 Holmes Run Acres - 172.0 Parliament
Holmes Run Acres,Week4,Woodley,Week2,290.5 Holmes Run Acres - 111.5 Woodley
Holmes Run Acres,Week5,Herndon,Week1,327.0 Holmes Run Acres - 75.0 Herndon
Holmes Run Acres,Week5,Mantua,Week5,224.0 Mantua - 178.0 Holmes Run Acres
Hunt Valley,Week4,Sleepy Hollow B & R,Week3,251.0 Hunt Valley - 151.0 Sleepy Hollow B & R
Holmes Run Acres,Week1,Hiddenbrook,Week5,218.0 Holmes Run Acres - 184.0 Hiddenbrook
Holmes Run Acres,Week3,Truro,Week4,272.0 Holmes Run Acres - 130.0 Truro
Hunt Valley,Week4,Lakevale Estates,Week1,229.0 Hunt Valley - 173.0 Lakevale Estates
Hunt Valley,Week3,North Springfield,Week4,346.0 Hunt Valley - 46.0 North Springfield
Holmes Run Acres,Week1,Highland Park,Week2,225.0 Highland Park - 177.0 Holmes Run Acres
Hunt Valley,Week1,Annandale,Week1,325.0 Hunt Valley - 77.0 Annandale
Holmes Run Acres,Week1,McLean,Week4,276.0 McLean - 126.0 Holmes Run Acres
Hunt Valley,Week4,Lakevale Estates,Week4,206.0 Lakevale Estates - 196.0 Hunt Valley
Hunt Valley,Week5,Sleepy Hollow B & R,Week4,265.0 Hunt Valley - 137.0 Sleepy Hollow B & R
Hunt Valley,Week1,Lakevale Estates,Week5,220.0 Lakevale Estates - 182.0 Hunt Valley
Holmes Run Acres,Week3,Parliament,Week1,215.0 Holmes Run Acres - 187.0 Parliament
Holmes Run Acres,Week1,Highland Park,Week5,215.0 Highland Park - 187.0 Holmes Run Acres
Hunt Valley,Week3,Fox Mill Woods,Week3,248.0 Hunt Valley - 154.0 Fox Mill Woods
Hunt Valley,Week3,Sleepy Hollow B & R,Week2,266.0 Hunt Valley - 136.0 Sleepy Hollow B & R
Hunt Valley,Week3,Fox Mill Woods,Week2,230.0 Hunt Valley - 172.0 Fox Mill Woods
Holmes Run Acres,Week4,Parliament,Week3,205.0 Holmes Run Acres - 197.0 Parliament
Holmes Run Acres,Week3,Truro,Week1,278.0 Holmes Run Acres - 124.0 Truro
Holmes Run Acres,Week4,Herndon,Week5,315.0 Holmes Run Acres - 86.0 Herndon
Hunt Valley,Week5,Sleepy Hollow B & R,Week3,265.0 Hunt Valley - 137.0 Sleepy Hollow B & R
Hunt Valley,Week4,Lakevale Estates,Week5,216.5 Lakevale Estates - 185.5 Hunt Valley
Holmes Run Acres,Week3,McLean,Week5,271.0 McLean - 131.0 Holmes Run Acres
Holmes Run Acres,Week2,Parliament,Week4,201.0 Holmes Run Acres - 201.0 Parliament
Hunt Valley,Week4,Sleepy Hollow B & R,Week1,274.0 Hunt Valley - 128.0 Sleepy Hollow B & R
Hunt Valley,Week4,Lakevale Estates,Week3,206.0 Hunt Valley - 196.0 Lakevale Estates
Hunt Valley,Week2,Sleepy Hollow Rec,Week1,337.0 Hunt Valley - 65.0 Sleepy Hollow Rec
Hunt Valley,Week2,North Springfield,Week4,350.0 Hunt Valley - 42.0 North Springfield
Holmes Run Acres,Week1,Hiddenbrook,Week3,218.0 Holmes Run Acres - 184.0 Hiddenbrook
Hunt Valley,Week1,Annandale,Week5,320.0 Hunt Valley - 82.0 Annandale
Holmes Run Acres,Week5,Sully Station II,Week4,213.0 Holmes Run Acres - 189.0 Sully Station II
Holmes Run Acres,Week5,Parklawn,Week5,275.0 Holmes Run Acres - 127.0 Parklawn
Hunt Valley,Week3,North Springfield,Week3,337.0 Hunt Valley - 60.0 North Springfield
Hunt Valley,Week3,Great Falls,Week5,265.0 Hunt Valley - 137.0 Great Falls
Holmes Run Acres,Week1,McLean,Week1,276.0 McLean - 126.0 Holmes Run Acres
Hunt Valley,Week3,Great Falls,Week3,269.0 Hunt Valley - 133.0 Great Falls
Hunt Valley,Week2,Annandale,Week4,329.0 Hunt Valley - 73.0 Annandale
Hunt Valley,Week4,North Springfield,Week3,338.0 Hunt Valley - 59.0 North Springfield
Hunt Valley,Week1,North Springfield,Week5,298.0 Hunt Valley - 76.0 North Springfield
Holmes Run Acres,Week2,Truro,Week5,233.0 Holmes Run Acres - 169.0 Truro
Hunt Valley,Week3,North Springfield,Week5,311.0 Hunt Valley - 63.0 North Springfield
Holmes Run Acres,Week4,McLean,Week2,283.0 McLean - 119.0 Holmes Run Acres
Hunt Valley,Week2,Annandale,Week1,331.0 Hunt Valley - 71.0 Annandale
Holmes Run Acres,Week3,Herndon,Week5,333.0 Holmes Run Acres - 68.0 Herndon
Hunt Valley,Week5,Fox Mill Woods,Week5,221.0 Hunt Valley - 181.0 Fox Mill Woods
Hunt Valley,Week2,Sleepy Hollow Rec,Week2,341.0 Hunt Valley - 61.0 Sleepy Hollow Rec
Hunt Valley,Week3,Annandale,Week1,339.0 Hunt Valley - 63.0 Annandale
Hunt Valley,Week5,Lake Braddock,Week5,365.0 Hunt Valley - 37.0 Lake Braddock
Hunt Valley,Week5,Lakevale Estates,Week1,234.0 Hunt Valley - 168.0 Lakevale Estates
Holmes Run Acres,Week4,Truro,Week2,279.0 Holmes Run Acres - 122.0 Truro
Holmes Run Acres,Week3,McLean,Week1,262.0 McLean - 140.0 Holmes Run Acres
Hunt Valley,Week2,Somerset-Olde Creek,Week3,359.0 Hunt Valley - 43.0 Somerset-Olde Creek
Hunt Valley,Week2,Lakevale Estates,Week4,222.0 Lakevale Estates - 180.0 Hunt Valley
Hunt Valley,Week4,Fox Mill Woods,Week5,208.0 Hunt Valley - 194.0 Fox Mill Woods
Holmes Run Acres,Week1,Truro,Week3,260.5 Holmes Run Acres - 141.5 Truro
Hunt Valley,Week2,Annandale,Week5,324.0 Hunt Valley - 78.0 Annandale
Holmes Run Acres,Week2,Parliament,Week3,217.0 Parliament - 185.0 Holmes Run Acres
Holmes Run Acres,Week1,Hiddenbrook,Week4,213.0 Holmes Run Acres - 189.0 Hiddenbrook
Holmes Run Acres,Week4,McLean,Week3,281.0 McLean - 121.0 Holmes Run Acres
Hunt Valley,Week4,Great Falls,Week2,271.0 Hunt Valley - 113.0 Great Falls
Holmes Run Acres,Week4,Parklawn,Week2,249.0 Holmes Run Acres - 151.0 Parklawn
Hunt Valley,Week3,Lakevale Estates,Week4,207.0 Hunt Valley - 195.0 Lakevale Estates
Hunt Valley,Week3,Sleepy Hollow Rec,Week4,346.0 Hunt Valley - 56.0 Sleepy Hollow Rec
Holmes Run Acres,Week5,Sully Station II,Week3,235.0 Sully Station II - 167.0 Holmes Run Acres
Holmes Run Acres,Week3,Herndon,Week1,334.0 Holmes Run Acres - 66.0 Herndon
Holmes Run Acres,Week4,Parliament,Week2,220.0 Holmes Run Acres - 181.0 Parliament
Holmes Run Acres,Week3,Parklawn,Week5,280.0 Holmes Run Acres - 121.0 Parklawn
Hunt Valley,Week4,North Springfield,Week2,335.0 Hunt Valley - 53.0 North Springfield
Hunt Valley,Week1,Great Falls,Week4,267.0 Hunt Valley - 130.0 Great Falls
Hunt Valley,Week5,Fox Mill Woods,Week4,229.0 Hunt Valley - 173.0 Fox Mill Woods
Hunt Valley,Week4,Fox Mill Woods,Week1,202.0 Fox Mill Woods - 200.0 Hunt Valley
Hunt Valley,Week3,Annandale,Week2,338.0 Hunt Valley - 64.0 Annandale
Hunt Valley,Week3,Sleepy Hollow Rec,Week3,335.0 Hunt Valley - 67.0 Sleepy Hollow Rec
Hunt Valley,Week3,Great Falls,Week1,294.0 Hunt Valley - 108.0 Great Falls
Hunt Valley,Week4,North Springfield,Week4,344.0 Hunt Valley - 48.0 North Springfield
Holmes Run Acres,Week4,McLean,Week1,277.0 McLean - 125.0 Holmes Run Acres
Holmes Run Acres,Week5,Herndon,Week2,324.0 Holmes Run Acres - 78.0 Herndon
Hunt Valley,Week4,North Springfield,Week1,321.0 Hunt Valley - 29.0 North Springfield
Hunt Valley,Week1,Annandale,Week4,321.0 Hunt Valley - 81.0 Annandale
Hunt Valley,Week1,Great Falls,Week1,281.0 Hunt Valley - 121.0 Great Falls
Hunt Valley,Week5,Sleepy Hollow Rec,Week3,345.0 Hunt Valley - 57.0 Sleepy Hollow Rec
Holmes Run Acres,Week2,McLean,Week3,297.0 McLean - 105.0 Holmes Run Acres
Holmes Run Acres,Week1,Parliament,Week3,203.0 Parliament - 199.0 Holmes Run Acres
Hunt Valley,Week5,Newington Forest,Week3,350.0 Hunt Valley - 52.0 Newington Forest
Holmes Run Acres,Week1,Pinecrest,Week3,286.0 Pinecrest - 116.0 Holmes Run Acres
Hunt Valley,Week5,Sleepy Hollow Rec,Week2,349.0 Hunt Valley - 53.0 Sleepy Hollow Rec
Hunt Valley,Week3,Annandale,Week4,340.0 Hunt Valley - 62.0 Annandale
Holmes Run Acres,Week3,Truro,Week5,271.0 Holmes Run Acres - 131.0 Truro
Holmes Run Acres,Week2,Truro,Week4,242.0 Holmes Run Acres - 160.0 Truro
Holmes Run Acres,Week5,Sully Station II,Week2,232.0 Sully Station II - 170.0 Holmes Run Acres
Holmes Run Acres,Week5,Herndon,Week4,321.0 Holmes Run Acres - 81.0 Herndon
Holmes Run Acres,Week2,Herndon,Week4,304.0 Holmes Run Acres - 97.0 Herndon
Holmes Run Acres,Week5,Parklawn,Week1,305.0 Holmes Run Acres - 83.0 Parklawn
Hunt Valley,Week2,North Springfield,Week5,306.0 Hunt Valley - 68.0 North Springfield
Hunt Valley,Week2,Annandale,Week3,329.0 Hunt Valley - 73.0 Annandale
Holmes Run Acres,Week3,McLean,Week4,242.0 McLean - 160.0 Holmes Run Acres
Hunt Valley,Week2,Sleepy Hollow Rec,Week4,335.0 Hunt Valley - 67.0 Sleepy Hollow Rec
Holmes Run Acres,Week2,Truro,Week1,227.0 Holmes Run Acres - 175.0 Truro
Hunt Valley,Week1,Great Falls,Week2,252.0 Hunt Valley - 127.0 Great Falls
Hunt Valley,Week2,North Springfield,Week3,325.0 Hunt Valley - 72.0 North Springfield
Hunt Valley,Week5,Newington Forest,Week4,349.0 Hunt Valley - 53.0 Newington Forest
Holmes Run Acres,Week1,Truro,Week4,244.0 Holmes Run Acres - 158.0 Truro
Holmes Run Acres,Week2,Truro,Week2,258.0 Holmes Run Acres - 144.0 Truro
Holmes Run Acres,Week3,Herndon,Week4,326.0 Holmes Run Acres - 75.0 Herndon
Holmes Run Acres,Week5,Herndon,Week3,328.0 Holmes Run Acres - 74.0 Herndon
Hunt Valley,Week4,Sleepy Hollow Rec,Week2,334.0 Hunt Valley - 68.0 Sleepy Hollow Rec
Holmes Run Acres,Week5,Parliament,Week5,236.0 Holmes Run Acres - 166.0 Parliament
Hunt Valley,Week1,Annandale,Week2,315.0 Hunt Valley - 87.0 Annandale
Hunt Valley,Week3,Annandale,Week3,330.0 Hunt Valley - 72.0 Annandale
Holmes Run Acres,Week5,Mantua,Week4,204.0 Mantua - 198.0 Holmes Run Acres
Holmes Run Acres,Week1,Pinecrest,Week1,258.0 Pinecrest - 144.0 Holmes Run Acres
Hunt Valley,Week2,Great Falls,Week2,249.0 Hunt Valley - 135.0 Great Falls
Holmes Run Acres,Week5,Woodley,Week4,323.0 Holmes Run Acres - 79.0 Woodley
Holmes Run Acres,Week2,Herndon,Week5,304.0 Holmes Run Acres - 97.0 Herndon
Hunt Valley,Week3,Sleepy Hollow Rec,Week2,351.0 Hunt Valley - 51.0 Sleepy Hollow Rec
Holmes Run Acres,Week4,McLean,Week4,275.0 McLean - 127.0 Holmes Run Acres
Holmes Run Acres,Week5,Mantua,Week2,202.0 Mantua - 200.0 Holmes Run Acres
Hunt Valley,Week5,Sleepy Hollow Rec,Week1,353.0 Hunt Valley - 49.0 Sleepy Hollow Rec
Holmes Run Acres,Week5,Sully Station II,Week1,203.0 Sully Station II - 199.0 Holmes Run Acres
Hunt Valley,Week1,Annandale,Week3,324.0 Hunt Valley - 78.0 Annandale
Holmes Run Acres,Week2,Hiddenbrook,Week3,226.0 Holmes Run Acres - 176.0 Hiddenbrook
Holmes Run Acres,Week4,Parklawn,Week3,271.0 Holmes Run Acres - 130.0 Parklawn
Holmes Run Acres,Week2,McLean,Week4,283.0 McLean - 114.0 Holmes Run Acres
Hunt Valley,Week2,Sleepy Hollow Rec,Week3,327.0 Hunt Valley - 75.0 Sleepy Hollow Rec
Holmes Run Acres,Week4,McLean,Week5,291.0 McLean - 111.0 Holmes Run Acres
Hunt Valley,Week1,North Springfield,Week3,335.0 Hunt Valley - 62.0 North Springfield
Holmes Run Acres,Week5,Parklawn,Week2,275.0 Holmes Run Acres - 127.0 Parklawn
Holmes Run Acres,Week5,McLean,Week1,252.0 McLean - 150.0 Holmes Run Acres
Holmes Run Acres,Week1,Parliament,Week4,216.0 Holmes Run Acres - 186.0 Parliament
Holmes Run Acres,Week2,Truro,Week3,247.0 Holmes Run Acres - 155.0 Truro
Hunt Valley,Week4,Sleepy Hollow Rec,Week1,333.0 Hunt Valley - 69.0 Sleepy Hollow Rec
Hunt Valley,Week4,North Springfield,Week5,308.0 Hunt Valley - 66.0 North Springfield
Hunt Valley,Week5,Fox Mill Woods,Week1,214.0 Hunt Valley - 188.0 Fox Mill Woods
Hunt Valley,Week3,Annandale,Week5,333.0 Hunt Valley - 69.0 Annandale
Holmes Run Acres,Week1,Hiddenbrook,Week2,264.0 Holmes Run Acres - 133.0 Hiddenbrook
Hunt Valley,Week1,Great Falls,Week3,254.0 Hunt Valley - 148.0 Great Falls
Holmes Run Acres,Week5,Herndon,Week5,328.0 Holmes Run Acres - 74.0 Herndon
Holmes Run Acres,Week2,Parliament,Week1,220.0 Parliament - 182.0 Holmes Run Acres
Holmes Run Acres,Week5,Parklawn,Week4,274.0 Holmes Run Acres - 128.0 Parklawn
Holmes Run Acres,Week2,Herndon,Week3,304.0 Holmes Run Acres - 97.0 Herndon
Hunt Valley,Week2,Great Falls,Week3,249.5 Hunt Valley - 152.5 Great Falls
Holmes Run Acres,Week5,McLean,Week2,258.0 McLean - 144.0 Holmes Run Acres
Hunt Valley,Week4,Sleepy Hollow Rec,Week5,339.0 Hunt Valley - 63.0 Sleepy Hollow Rec
Holmes Run Acres,Week2,McLean,Week1,290.0 McLean - 112.0 Holmes Run Acres
Holmes Run Acres,Week4,Herndon,Week3,309.5 Holmes Run Acres - 90.5 Herndon
Hunt Valley,Week3,Fox Mill Woods,Week4,211.0 Hunt Valley - 191.0 Fox Mill Woods
Hunt Valley,Week5,North Springfield,Week1,324.0 Hunt Valley - 27.0 North Springfield
Holmes Run Acres,Week5,Woodley,Week5,296.0 Holmes Run Acres - 106.0 Woodley
Holmes Run Acres,Week1,Parliament,Week5,212.0 Parliament - 189.0 Holmes Run Acres
Hunt Valley,Week2,North Springfield,Week1,316.0 Hunt Valley - 34.0 North Springfield
Hunt Valley,Week2,Annandale,Week2,326.0 Hunt Valley - 76.0 Annandale
Hunt Valley,Week5,Sleepy Hollow Rec,Week5,345.0 Hunt Valley - 57.0 Sleepy Hollow Rec
Holmes Run Acres,Week3,Herndon,Week2,320.0 Holmes Run Acres - 81.0 Herndon
Hunt Valley,Week4,Annandale,Week2,329.0 Hunt Valley - 73.0 Annandale
Hunt Valley,Week1,Great Falls,Week5,241.0 Hunt Valley - 161.0 Great Falls
Hunt Valley,Week2,North Springfield,Week2,331.5 Hunt Valley - 56.5 North Springfield
Hunt Valley,Week4,Annandale,Week1,325.0 Hunt Valley - 77.0 Annandale
Hunt Valley,Week3,North Springfield,Week2,340.0 Hunt Valley - 48.0 North Springfield
Hunt Valley,Week3,Sleepy Hollow Rec,Week1,346.0 Hunt Valley - 56.0 Sleepy Hollow Rec
Hunt Valley,Week2,Great Falls,Week1,287.5 Hunt Valley - 114.5 Great Falls
Holmes Run Acres,Week3,Herndon,Week3,337.0 Holmes Run Acres - 64.0 Herndon
Hunt Valley,Week5,Sleepy Hollow Rec,Week4,357.0 Hunt Valley - 45.0 Sleepy Hollow Rec
Holmes Run Acres,Week2,Parliament,Week2,202.5 Parliament - 199.5 Holmes Run Acres
Holmes Run Acres,Week2,McLean,Week2,295.0 McLean - 107.0 Holmes Run Acres
Hunt Valley,Week4,Fox Mill Woods,Week4,211.0 Hunt Valley - 191.0 Fox Mill Woods
Holmes Run Acres,Week5,McLean,Week3,261.0 McLean - 141.0 Holmes Run Acres
Holmes Run Acres,Week4,Herndon,Week1,319.0 Holmes Run Acres - 82.0 Herndon
Hunt Valley,Week1,Somerset-Olde Creek,Week5,336.0 Hunt Valley - 66.0 Somerset-Olde Creek
Holmes Run Acres,Week1,McLean,Week2,281.0 McLean - 121.0 Holmes Run Acres
Hunt Valley,Week1,Arlington Forest,Week1,271.0 Hunt Valley - 131.0 Arlington Forest
Holmes Run Acres,Week4,Parklawn,Week5,236.0 Holmes Run Acres - 165.0 Parklawn
Hunt Valley,Week1,Somerset-Olde Creek,Week2,354.0 Hunt Valley - 48.0 Somerset-Olde Creek
Hunt Valley,Week1,North Springfield,Week4,337.0 Hunt Valley - 50.0 North Springfield
Holmes Run Acres,Week4,Herndon,Week2,301.0 Holmes Run Acres - 100.0 Herndon
Holmes Run Acres,Week3,McLean,Week3,263.0 McLean - 139.0 Holmes Run Acres
Hunt Valley,Week1,Somerset-Olde Creek,Week1,352.0 Hunt Valley - 50.0 Somerset-Olde Creek
Hunt Valley,Week5,Fox Mill Woods,Week3,238.0 Hunt Valley - 164.0 Fox Mill Woods
Holmes Run Acres,Week3,Parklawn,Week4,267.0 Holmes Run Acres - 134.0 Parklawn
Hunt Valley,Week1,Oakton ,Week2,214.0 Oakton - 183.0 Hunt Valley
Holmes Run Acres,Week4,Parklawn,Week4,230.0 Holmes Run Acres - 171.0 Parklawn
Hunt Valley,Week1,Arlington Forest,Week4,264.0 Hunt Valley - 138.0 Arlington Forest
Hunt Valley,Week4,Fox Mill Woods,Week3,227.0 Hunt Valley - 175.0 Fox Mill Woods
Hunt Valley,Week5,North Springfield,Week2,353.0 Hunt Valley - 35.0 North Springfield
Hunt Valley,Week3,North Springfield,Week1,322.0 Hunt Valley - 28.0 North Springfield
Hunt Valley,Week5,North Springfield,Week3,342.0 Hunt Valley - 55.0 North Springfield
Hunt Valley,Week5,Annandale,Week1,353.0 Hunt Valley - 49.0 Annandale
Hunt Valley,Week2,Somerset-Olde Creek,Week2,355.0 Hunt Valley - 47.0 Somerset-Olde Creek
Hunt Valley,Week2,Somerset-Olde Creek,Week1,355.0 Hunt Valley - 46.0 Somerset-Olde Creek
Holmes Run Acres,Week5,Mosby Woods,Week1,239.0 Mosby Woods - 163.0 Holmes Run Acres
Holmes Run Acres,Week4,Parliament,Week1,212.0 Parliament - 189.0 Holmes Run Acres
Hunt Valley,Week2,Great Falls,Week4,277.0 Hunt Valley - 125.0 Great Falls
Holmes Run Acres,Week1,Parliament,Week1,206.0 Parliament - 195.0 Holmes Run Acres
Holmes Run Acres,Week1,Mount Vernon Park,Week2,248.0 Mount Vernon Park - 154.0 Holmes Run Acres
Hunt Valley,Week5,Fox Mill Woods,Week2,239.0 Hunt Valley - 163.0 Fox Mill Woods
Hunt Valley,Week2,Oakton ,Week1,201.0 Hunt Valley - 201.0 Oakton
Holmes Run Acres,Week2,Mosby Woods,Week2,267.0 Mosby Woods - 135.0 Holmes Run Acres
Hunt Valley,Week5,North Springfield,Week5,313.0 Hunt Valley - 61.0 North Springfield
Holmes Run Acres,Week3,Mosby Woods,Week1,229.0 Mosby Woods - 173.0 Holmes Run Acres
Hunt Valley,Week4,Fox Mill Woods,Week2,224.0 Hunt Valley - 178.0 Fox Mill Woods
Hunt Valley,Week1,Arlington Forest,Week5,232.0 Hunt Valley - 170.0 Arlington Forest
Hunt Valley,Week4,Sleepy Hollow Rec,Week4,354.0 Hunt Valley - 48.0 Sleepy Hollow Rec
Holmes Run Acres,Week3,Parliament,Week4,234.0 Holmes Run Acres - 168.0 Parliament
Hunt Valley,Week1,Oakton ,Week5,227.0 Oakton - 170.0 Hunt Valley
Hunt Valley,Week3,Sleepy Hollow Rec,Week5,336.0 Hunt Valley - 66.0 Sleepy Hollow Rec
Holmes Run Acres,Week4,Mosby Woods,Week1,268.0 Mosby Woods - 134.0 Holmes Run Acres
Holmes Run Acres,Week3,Mosby Woods,Week2,233.0 Mosby Woods - 169.0 Holmes Run Acres
Hunt Valley,Week3,Fox Mill Woods,Week5,221.0 Hunt Valley - 181.0 Fox Mill Woods
Hunt Valley,Week1,Oakton ,Week4,217.0 Oakton - 185.0 Hunt Valley
Hunt Valley,Week5,Annandale,Week3,346.5 Hunt Valley - 55.5 Annandale
Hunt Valley,Week1,Arlington Forest,Week3,297.0 Hunt Valley - 105.0 Arlington Forest
Hunt Valley,Week2,Arlington Forest,Week1,258.0 Hunt Valley - 144.0 Arlington Forest
Holmes Run Acres,Week3,Parliament,Week2,231.0 Holmes Run Acres - 171.0 Parliament
Holmes Run Acres,Week2,Parliament,Week5,207.0 Parliament - 195.0 Holmes Run Acres
Hunt Valley,Week3,Great Falls,Week2,274.0 Hunt Valley - 110.0 Great Falls
Hunt Valley,Week1,Arlington Forest,Week2,276.0 Hunt Valley - 126.0 Arlington Forest
Hunt Valley,Week2,Great Falls,Week5,241.0 Hunt Valley - 161.0 Great Falls
Hunt Valley,Week1,Somerset-Olde Creek,Week4,353.0 Hunt Valley - 49.0 Somerset-Olde Creek
Hunt Valley,Week2,South Run,Week2,263.0 Hunt Valley - 139.0 South Run
Hunt Valley,Week2,Oakton ,Week2,217.0 Oakton - 185.0 Hunt Valley
Holmes Run Acres,Week1,Mosby Woods,Week5,265.0 Mosby Woods - 137.0 Holmes Run Acres
Hunt Valley,Week2,Arlington Forest,Week5,236.0 Hunt Valley - 166.0 Arlington Forest
Hunt Valley,Week3,Great Falls,Week4,293.0 Hunt Valley - 109.0 Great Falls
Hunt Valley,Week3,Oakton ,Week5,207.0 Hunt Valley - 195.0 Oakton
Hunt Valley,Week2,Sleepy Hollow Rec,Week5,330.0 Hunt Valley - 72.0 Sleepy Hollow Rec
Holmes Run Acres,Week5,Parliament,Week1,220.0 Holmes Run Acres - 182.0 Parliament
Hunt Valley,Week2,Arlington Forest,Week4,252.0 Hunt Valley - 150.0 Arlington Forest
Hunt Valley,Week4,Sleepy Hollow Rec,Week3,322.0 Hunt Valley - 80.0 Sleepy Hollow Rec
Hunt Valley,Week2,Arlington Forest,Week3,293.0 Hunt Valley - 109.0 Arlington Forest
Holmes Run Acres,Week1,Mount Vernon Park,Week5,271.0 Mount Vernon Park - 131.0 Holmes Run Acres
Holmes Run Acres,Week4,Parliament,Week5,201.0 Holmes Run Acres - 201.0 Parliament
Hunt Valley,Week4,Great Falls,Week1,311.0 Hunt Valley - 91.0 Great Falls
Hunt Valley,Week2,Arlington Forest,Week2,274.0 Hunt Valley - 128.0 Arlington Forest
Holmes Run Acres,Week5,McLean,Week5,262.0 McLean - 140.0 Holmes Run Acres
Holmes Run Acres,Week1,Mosby Woods,Week1,251.0 Mosby Woods - 151.0 Holmes Run Acres
Holmes Run Acres,Week5,Parliament,Week2,242.0 Holmes Run Acres - 160.0 Parliament
Hunt Valley,Week2,Greenbriar,Week4,251.0 Hunt Valley - 151.0 Greenbriar
Hunt Valley,Week2,Old Keene Mill,Week4,315.0 Hunt Valley - 87.0 Old Keene Mill
Hunt Valley,Week5,Oakton ,Week2,205.0 Hunt Valley - 197.0 Oakton
Hunt Valley,Week4,Oakton ,Week2,220.0 Oakton - 182.0 Hunt Valley
Holmes Run Acres,Week2,Mount Vernon Park,Week4,266.0 Mount Vernon Park - 136.0 Holmes Run Acres
Holmes Run Acres,Week5,Parliament,Week3,238.0 Holmes Run Acres - 164.0 Parliament
Hunt Valley,Week4,Somerset-Olde Creek,Week5,339.0 Hunt Valley - 63.0 Somerset-Olde Creek
Hunt Valley,Week4,Somerset-Olde Creek,Week1,351.0 Hunt Valley - 50.0 Somerset-Olde Creek
Hunt Valley,Week4,Great Falls,Week3,264.0 Hunt Valley - 138.0 Great Falls
Holmes Run Acres,Week2,Pinecrest,Week1,261.0 Pinecrest - 141.0 Holmes Run Acres
Holmes Run Acres,Week3,Mosby Woods,Week4,211.0 Mosby Woods - 191.0 Holmes Run Acres
Holmes Run Acres,Week4,Parliament,Week4,206.0 Holmes Run Acres - 196.0 Parliament
Hunt Valley,Week5,Annandale,Week4,355.0 Hunt Valley - 47.0 Annandale
Holmes Run Acres,Week1,Pinecrest,Week2,280.0 Pinecrest - 122.0 Holmes Run Acres
Hunt Valley,Week3,Greenbriar,Week2,243.0 Hunt Valley - 159.0 Greenbriar
Hunt Valley,Week1,Somerset-Olde Creek,Week3,352.0 Hunt Valley - 50.0 Somerset-Olde Creek
Hunt Valley,Week4,Oakton ,Week1,204.0 Hunt Valley - 198.0 Oakton
Holmes Run Acres,Week3,Mount Vernon Park,Week1,231.0 Mount Vernon Park - 171.0 Holmes Run Acres
Holmes Run Acres,Week2,Mosby Woods,Week5,271.0 Mosby Woods - 131.0 Holmes Run Acres
Hunt Valley,Week1,Old Keene Mill,Week5,291.0 Hunt Valley - 111.0 Old Keene Mill
Hunt Valley,Week3,Arlington Forest,Week1,295.0 Hunt Valley - 107.0 Arlington Forest
Hunt Valley,Week1,Greenbriar,Week4,254.0 Hunt Valley - 148.0 Greenbriar
Hunt Valley,Week3,Somerset-Olde Creek,Week2,363.0 Hunt Valley - 39.0 Somerset-Olde Creek
Hunt Valley,Week5,Greenbriar,Week2,246.0 Hunt Valley - 156.0 Greenbriar
Hunt Valley,Week3,Arlington Forest,Week2,298.0 Hunt Valley - 104.0 Arlington Forest
Hunt Valley,Week5,Oakton ,Week4,208.0 Hunt Valley - 194.0 Oakton
Holmes Run Acres,Week5,Parliament,Week4,247.0 Holmes Run Acres - 155.0 Parliament
Hunt Valley,Week1,Greenbriar,Week3,237.0 Hunt Valley - 165.0 Greenbriar
Hunt Valley,Week2,Somerset-Olde Creek,Week4,357.0 Hunt Valley - 45.0 Somerset-Olde Creek
Hunt Valley,Week4,Annandale,Week5,333.0 Hunt Valley - 69.0 Annandale
Hunt Valley,Week4,Annandale,Week4,336.0 Hunt Valley - 66.0 Annandale
Holmes Run Acres,Week2,Mosby Woods,Week3,257.0 Mosby Woods - 145.0 Holmes Run Acres
Holmes Run Acres,Week4,Mosby Woods,Week2,262.0 Mosby Woods - 140.0 Holmes Run Acres
Holmes Run Acres,Week3,Mosby Woods,Week3,230.0 Mosby Woods - 172.0 Holmes Run Acres
Hunt Valley,Week3,Oakton ,Week3,218.0 Hunt Valley - 184.0 Oakton
Hunt Valley,Week1,Hamlet,Week2,234.0 Hamlet - 168.0 Hunt Valley
Hunt Valley,Week4,Oakton ,Week4,212.0 Oakton - 190.0 Hunt Valley
Hunt Valley,Week5,Oakton ,Week3,213.0 Hunt Valley - 189.0 Oakton
Hunt Valley,Week1,South Run,Week2,255.0 Hunt Valley - 147.0 South Run
Hunt Valley,Week5,Annandale,Week5,350.0 Hunt Valley - 52.0 Annandale
Hunt Valley,Week5,Annandale,Week2,345.0 Hunt Valley - 57.0 Annandale
Holmes Run Acres,Week3,Pinecrest,Week3,254.0 Pinecrest - 148.0 Holmes Run Acres
Hunt Valley,Week3,Arlington Forest,Week3,316.0 Hunt Valley - 86.0 Arlington Forest
Hunt Valley,Week1,South Run,Week1,237.0 Hunt Valley - 156.0 South Run
Hunt Valley,Week4,Arlington Forest,Week3,304.0 Hunt Valley - 98.0 Arlington Forest
Hunt Valley,Week4,Greenbriar,Week4,268.0 Hunt Valley - 134.0 Greenbriar
Holmes Run Acres,Week5,Mosby Woods,Week2,224.0 Mosby Woods - 178.0 Holmes Run Acres
Hunt Valley,Week5,Somerset-Olde Creek,Week5,361.0 Hunt Valley - 41.0 Somerset-Olde Creek
Hunt Valley,Week5,Somerset-Olde Creek,Week3,372.0 Hunt Valley - 30.0 Somerset-Olde Creek
Hunt Valley,Week3,Greenbriar,Week4,274.0 Hunt Valley - 128.0 Greenbriar
Hunt Valley,Week2,Brandywine,Week5,245.0 Hunt Valley - 157.0 Brandywine
Holmes Run Acres,Week4,Pinecrest,Week2,264.0 Pinecrest - 138.0 Holmes Run Acres
Hunt Valley,Week5,Somerset-Olde Creek,Week1,366.0 Hunt Valley - 36.0 Somerset-Olde Creek
Hunt Valley,Week5,Greenbriar,Week5,257.0 Hunt Valley - 145.0 Greenbriar
Hunt Valley,Week5,Somerset-Olde Creek,Week2,371.0 Hunt Valley - 31.0 Somerset-Olde Creek
Holmes Run Acres,Week1,Pinecrest,Week4,266.0 Pinecrest - 136.0 Holmes Run Acres
Holmes Run Acres,Week1,Mosby Woods,Week2,258.0 Mosby Woods - 144.0 Holmes Run Acres
Holmes Run Acres,Week1,Pinecrest,Week5,276.0 Pinecrest - 126.0 Holmes Run Acres
Holmes Run Acres,Week3,Pinecrest,Week4,245.0 Pinecrest - 157.0 Holmes Run Acres
Holmes Run Acres,Week5,McLean,Week4,245.0 McLean - 157.0 Holmes Run Acres
Hunt Valley,Week1,Brandywine,Week1,283.0 Hunt Valley - 119.0 Brandywine
Holmes Run Acres,Week4,Pinecrest,Week1,258.0 Pinecrest - 144.0 Holmes Run Acres
Hunt Valley,Week3,Greenbriar,Week1,256.0 Hunt Valley - 146.0 Greenbriar
Hunt Valley,Week4,Somerset-Olde Creek,Week2,353.0 Hunt Valley - 49.0 Somerset-Olde Creek
Holmes Run Acres,Week2,Mosby Woods,Week4,259.0 Mosby Woods - 143.0 Holmes Run Acres
Hunt Valley,Week3,Greenbriar,Week3,249.0 Hunt Valley - 153.0 Greenbriar
Hunt Valley,Week5,Oakton ,Week5,204.0 Oakton - 198.0 Hunt Valley
Hunt Valley,Week2,Brandywine,Week2,269.0 Hunt Valley - 133.0 Brandywine
Hunt Valley,Week5,Somerset-Olde Creek,Week4,371.0 Hunt Valley - 31.0 Somerset-Olde Creek
Hunt Valley,Week2,Old Keene Mill,Week2,317.0 Hunt Valley - 85.0 Old Keene Mill
Holmes Run Acres,Week1,Mosby Woods,Week3,241.0 Mosby Woods - 161.0 Holmes Run Acres
Holmes Run Acres,Week4,Pinecrest,Week3,290.0 Pinecrest - 112.0 Holmes Run Acres
Hunt Valley,Week2,Oakton ,Week3,214.5 Oakton - 187.5 Hunt Valley
Holmes Run Acres,Week4,Mosby Woods,Week5,260.0 Mosby Woods - 142.0 Holmes Run Acres
Hunt Valley,Week3,Somerset-Olde Creek,Week5,344.0 Hunt Valley - 58.0 Somerset-Olde Creek
Hunt Valley,Week3,Oakton ,Week4,205.0 Hunt Valley - 197.0 Oakton
Hunt Valley,Week5,Great Falls,Week5,271.0 Hunt Valley - 131.0 Great Falls
Holmes Run Acres,Week5,Pinecrest,Week1,218.0 Pinecrest - 184.0 Holmes Run Acres
Hunt Valley,Week2,Oakton ,Week4,223.0 Oakton - 179.0 Hunt Valley
Hunt Valley,Week4,Great Falls,Week5,261.0 Hunt Valley - 141.0 Great Falls
Hunt Valley,Week4,Arlington Forest,Week5,240.0 Hunt Valley - 162.0 Arlington Forest
Holmes Run Acres,Week4,Pinecrest,Week4,275.0 Pinecrest - 127.0 Holmes Run Acres
Hunt Valley,Week4,Arlington Forest,Week4,272.0 Hunt Valley - 130.0 Arlington Forest
Hunt Valley,Week2,Greenbriar,Week1,233.0 Hunt Valley - 169.0 Greenbriar
Holmes Run Acres,Week5,Pinecrest,Week3,243.0 Pinecrest - 159.0 Holmes Run Acres
Holmes Run Acres,Week3,Mosby Woods,Week5,229.0 Mosby Woods - 173.0 Holmes Run Acres
Hunt Valley,Week1,Greenbriar,Week5,247.0 Hunt Valley - 155.0 Greenbriar
Hunt Valley,Week5,Arlington Forest,Week1,294.0 Hunt Valley - 108.0 Arlington Forest
Hunt Valley,Week4,Great Falls,Week4,284.0 Hunt Valley - 118.0 Great Falls
Holmes Run Acres,Week1,Mosby Woods,Week4,239.0 Mosby Woods - 163.0 Holmes Run Acres
Hunt Valley,Week1,Old Keene Mill,Week2,306.0 Hunt Valley - 96.0 Old Keene Mill
Hunt Valley,Week1,Old Keene Mill,Week1,328.5 Hunt Valley - 73.5 Old Keene Mill
Hunt Valley,Week2,Somerset-Olde Creek,Week5,338.0 Hunt Valley - 64.0 Somerset-Olde Creek
Hunt Valley,Week1,South Run,Week3,255.0 Hunt Valley - 147.0 South Run
Hunt Valley,Week3,Arlington Forest,Week5,271.0 Hunt Valley - 131.0 Arlington Forest
Holmes Run Acres,Week2,Pinecrest,Week3,296.0 Pinecrest - 106.0 Holmes Run Acres
Hunt Valley,Week1,Greenbriar,Week1,234.0 Hunt Valley - 168.0 Greenbriar
Hunt Valley,Week3,Somerset-Olde Creek,Week3,364.0 Hunt Valley - 38.0 Somerset-Olde Creek
Holmes Run Acres,Week3,Pinecrest,Week5,253.0 Pinecrest - 149.0 Holmes Run Acres
Hunt Valley,Week5,Oakton ,Week1,214.0 Hunt Valley - 188.0 Oakton
Holmes Run Acres,Week2,Mosby Woods,Week1,256.0 Mosby Woods - 146.0 Holmes Run Acres
Hunt Valley,Week4,Oakton ,Week5,219.0 Oakton - 183.0 Hunt Valley
Hunt Valley,Week2,Brandywine,Week3,261.0 Hunt Valley - 141.0 Brandywine
Hunt Valley,Week1,Brandywine,Week3,259.0 Hunt Valley - 143.0 Brandywine
Holmes Run Acres,Week5,Pinecrest,Week2,237.0 Pinecrest - 165.0 Holmes Run Acres
Holmes Run Acres,Week4,Mosby Woods,Week3,256.5 Mosby Woods - 145.5 Holmes Run Acres
Holmes Run Acres,Week5,Pinecrest,Week5,236.0 Pinecrest - 166.0 Holmes Run Acres
Hunt Valley,Week1,Old Keene Mill,Week4,310.0 Hunt Valley - 92.0 Old Keene Mill
Hunt Valley,Week5,Great Falls,Week3,273.0 Hunt Valley - 129.0 Great Falls
Hunt Valley,Week4,Greenbriar,Week1,250.0 Hunt Valley - 152.0 Greenbriar
Hunt Valley,Week1,Brandywine,Week5,250.0 Hunt Valley - 152.0 Brandywine
Hunt Valley,Week3,Oakton ,Week2,208.5 Hunt Valley - 193.5 Oakton
Hunt Valley,Week5,Great Falls,Week1,308.0 Hunt Valley - 94.0 Great Falls
Holmes Run Acres,Week5,Mosby Woods,Week3,219.0 Mosby Woods - 183.0 Holmes Run Acres
Holmes Run Acres,Week2,Pinecrest,Week4,282.0 Pinecrest - 120.0 Holmes Run Acres
Hunt Valley,Week1,Old Keene Mill,Week3,309.0 Hunt Valley - 93.0 Old Keene Mill
Hunt Valley,Week1,Greenbriar,Week2,226.0 Hunt Valley - 176.0 Greenbriar
Hunt Valley,Week3,Somerset-Olde Creek,Week4,361.0 Hunt Valley - 41.0 Somerset-Olde Creek
Hunt Valley,Week4,Somerset-Olde Creek,Week4,352.0 Hunt Valley - 50.0 Somerset-Olde Creek
Hunt Valley,Week4,Somerset-Olde Creek,Week3,359.0 Hunt Valley - 43.0 Somerset-Olde Creek
Holmes Run Acres,Week1,Pinewood Lake,Week1,345.0 Holmes Run Acres - 48.0 Pinewood Lake
Hunt Valley,Week1,South Run,Week5,246.5 Hunt Valley - 155.5 South Run
Hunt Valley,Week2,Oakton ,Week5,223.0 Oakton - 179.0 Hunt Valley
Hunt Valley,Week5,Arlington Forest,Week4,278.0 Hunt Valley - 124.0 Arlington Forest
Holmes Run Acres,Week5,Pinecrest,Week4,236.0 Pinecrest - 166.0 Holmes Run Acres
Hunt Valley,Week1,South Run,Week4,269.0 Hunt Valley - 128.0 South Run
Hunt Valley,Week4,Arlington Forest,Week1,280.0 Hunt Valley - 122.0 Arlington Forest
Holmes Run Acres,Week1,Mount Vernon Park,Week1,248.0 Mount Vernon Park - 154.0 Holmes Run Acres
Holmes Run Acres,Week5,Mosby Woods,Week4,207.0 Mosby Woods - 195.0 Holmes Run Acres
Hunt Valley,Week2,Greenbriar,Week5,240.0 Hunt Valley - 162.0 Greenbriar
Holmes Run Acres,Week4,Mosby Woods,Week4,251.0 Mosby Woods - 151.0 Holmes Run Acres
Holmes Run Acres,Week4,Pinecrest,Week5,284.0 Pinecrest - 118.0 Holmes Run Acres
Hunt Valley,Week3,South Run,Week2,281.0 Hunt Valley - 121.0 South Run
Hunt Valley,Week4,Greenbriar,Week2,234.0 Hunt Valley - 168.0 Greenbriar
Holmes Run Acres,Week2,Mount Vernon Park,Week2,269.0 Mount Vernon Park - 133.0 Holmes Run Acres
Hunt Valley,Week5,Arlington Forest,Week3,317.0 Hunt Valley - 85.0 Arlington Forest
Holmes Run Acres,Week3,Pinecrest,Week1,232.0 Pinecrest - 170.0 Holmes Run Acres
Holmes Run Acres,Week5,Mosby Woods,Week5,226.0 Mosby Woods - 176.0 Holmes Run Acres
Holmes Run Acres,Week1,Pinewood Lake,Week2,342.0 Holmes Run Acres - 55.0 Pinewood Lake
Hunt Valley,Week5,Arlington Forest,Week5,262.0 Hunt Valley - 140.0 Arlington Forest
Hunt Valley,Week2,Greenbriar,Week3,236.0 Hunt Valley - 166.0 Greenbriar
Hunt Valley,Week4,Greenbriar,Week3,250.0 Hunt Valley - 152.0 Greenbriar
Hunt Valley,Week2,Brandywine,Week4,265.0 Hunt Valley - 137.0 Brandywine
Hunt Valley,Week2,South Run,Week5,242.0 Hunt Valley - 160.0 South Run
Hunt Valley,Week3,Greenbriar,Week5,255.0 Hunt Valley - 147.0 Greenbriar
Hunt Valley,Week4,Oakton ,Week3,211.0 Oakton - 191.0 Hunt Valley
Hunt Valley,Week2,Old Keene Mill,Week1,327.0 Hunt Valley - 75.0 Old Keene Mill
Holmes Run Acres,Week5,Pinewood Lake,Week2,358.0 Holmes Run Acres - 39.0 Pinewood Lake
Holmes Run Acres,Week1,Mount Vernon Park,Week3,261.0 Mount Vernon Park - 141.0 Holmes Run Acres
Hunt Valley,Week5,Arlington Forest,Week2,304.0 Hunt Valley - 98.0 Arlington Forest
Hunt Valley,Week3,Somerset-Olde Creek,Week1,361.0 Hunt Valley - 40.0 Somerset-Olde Creek
Holmes Run Acres,Week1,Mount Vernon Park,Week4,241.0 Mount Vernon Park - 161.0 Holmes Run Acres
Hunt Valley,Week2,South Run,Week4,262.0 Hunt Valley - 140.0 South Run
Hunt Valley,Week2,South Run,Week3,268.0 Hunt Valley - 134.0 South Run
Hunt Valley,Week2,Old Keene Mill,Week3,315.0 Hunt Valley - 87.0 Old Keene Mill
Hunt Valley,Week5,Great Falls,Week4,295.0 Hunt Valley - 107.0 Great Falls
Hunt Valley,Week5,Great Falls,Week2,281.0 Hunt Valley - 103.0 Great Falls
Hunt Valley,Week2,Greenbriar,Week2,229.0 Hunt Valley - 173.0 Greenbriar
Hunt Valley,Week3,Oakton ,Week1,220.5 Hunt Valley - 181.5 Oakton
Hunt Valley,Week1,Orange Hunt,Week1,267.0 Hunt Valley - 135.0 Orange Hunt
Holmes Run Acres,Week2,Pinecrest,Week2,283.0 Pinecrest - 119.0 Holmes Run Acres
Hunt Valley,Week3,Old Keene Mill,Week2,321.0 Hunt Valley - 81.0 Old Keene Mill
Holmes Run Acres,Week2,Mount Vernon Park,Week3,277.0 Mount Vernon Park - 125.0 Holmes Run Acres
Hunt Valley,Week4,Arlington Forest,Week2,276.0 Hunt Valley - 126.0 Arlington Forest
Hunt Valley,Week3,South Run,Week1,248.0 Hunt Valley - 145.0 South Run
Hunt Valley,Week2,Old Keene Mill,Week5,303.0 Hunt Valley - 99.0 Old Keene Mill
Hunt Valley,Week4,Greenbriar,Week5,258.0 Hunt Valley - 144.0 Greenbriar
Holmes Run Acres,Week3,Pinecrest,Week2,248.0 Pinecrest - 154.0 Holmes Run Acres
Holmes Run Acres,Week5,Pinewood Lake,Week3,365.0 Holmes Run Acres - 31.0 Pinewood Lake
Holmes Run Acres,Week5,Mount Vernon Park,Week1,223.0 Mount Vernon Park - 179.0 Holmes Run Acres
Holmes Run Acres,Week2,Mount Vernon Park,Week1,258.0 Mount Vernon Park - 144.0 Holmes Run Acres
Holmes Run Acres,Week2,Pinecrest,Week5,282.0 Pinecrest - 120.0 Holmes Run Acres
Hunt Valley,Week1,Brandywine,Week2,272.0 Hunt Valley - 130.0 Brandywine
Hunt Valley,Week2,South Run,Week1,249.0 Hunt Valley - 144.0 South Run
Hunt Valley,Week5,Old Keene Mill,Week1,340.5 Hunt Valley - 61.5 Old Keene Mill
Hunt Valley,Week3,South Run,Week5,256.5 Hunt Valley - 145.5 South Run
Hunt Valley,Week3,Arlington Forest,Week4,281.5 Hunt Valley - 120.5 Arlington Forest
Hunt Valley,Week5,Old Keene Mill,Week4,337.0 Hunt Valley - 65.0 Old Keene Mill
Hunt Valley,Week1,Brandywine,Week4,261.0 Hunt Valley - 141.0 Brandywine
Holmes Run Acres,Week2,Mount Vernon Park,Week5,285.5 Mount Vernon Park - 116.5 Holmes Run Acres
Hunt Valley,Week2,Brandywine,Week1,280.5 Hunt Valley - 121.5 Brandywine
Hunt Valley,Week5,Greenbriar,Week3,258.0 Hunt Valley - 144.0 Greenbriar
Holmes Run Acres,Week3,Newington Forest,Week2,311.0 Holmes Run Acres - 90.0 Newington Forest
Hunt Valley,Week5,Greenbriar,Week1,258.0 Hunt Valley - 144.0 Greenbriar
Holmes Run Acres,Week5,Pinewood Lake,Week4,359.0 Holmes Run Acres - 37.0 Pinewood Lake
Hunt Valley,Week4,South Run,Week1,247.0 Hunt Valley - 146.0 South Run
Hunt Valley,Week1,Hamlet,Week1,219.0 Hamlet - 183.0 Hunt Valley
Holmes Run Acres,Week1,Pinewood Lake,Week4,332.0 Holmes Run Acres - 63.0 Pinewood Lake
Hunt Valley,Week4,Old Keene Mill,Week4,333.0 Hunt Valley - 69.0 Old Keene Mill
Holmes Run Acres,Week3,Mount Vernon Park,Week4,225.0 Mount Vernon Park - 177.0 Holmes Run Acres
Hunt Valley,Week3,South Run,Week4,272.0 Hunt Valley - 130.0 South Run
Hunt Valley,Week3,South Run,Week3,277.0 Hunt Valley - 125.0 South Run
Hunt Valley,Week1,Orange Hunt,Week2,246.0 Hunt Valley - 156.0 Orange Hunt
Holmes Run Acres,Week5,Mount Vernon Park,Week5,231.0 Mount Vernon Park - 166.0 Holmes Run Acres
Holmes Run Acres,Week2,Pinewood Lake,Week1,342.0 Holmes Run Acres - 48.0 Pinewood Lake
Hunt Valley,Week5,Greenbriar,Week4,286.0 Hunt Valley - 116.0 Greenbriar
Hunt Valley,Week1,Orange Hunt,Week3,248.0 Hunt Valley - 154.0 Orange Hunt
Hunt Valley,Week4,Old Keene Mill,Week2,322.0 Hunt Valley - 80.0 Old Keene Mill
Holmes Run Acres,Week5,Mount Vernon Park,Week4,208.0 Mount Vernon Park - 194.0 Holmes Run Acres
Holmes Run Acres,Week2,Newington Forest,Week1,278.0 Holmes Run Acres - 123.0 Newington Forest
Holmes Run Acres,Week3,Pinewood Lake,Week3,368.0 Holmes Run Acres - 30.0 Pinewood Lake
Hunt Valley,Week4,South Run,Week2,267.0 Hunt Valley - 135.0 South Run
Hunt Valley,Week4,South Run,Week4,269.0 Hunt Valley - 133.0 South Run
Hunt Valley,Week4,South Run,Week3,269.0 Hunt Valley - 133.0 South Run
Hunt Valley,Week3,Old Keene Mill,Week5,297.0 Hunt Valley - 105.0 Old Keene Mill
Holmes Run Acres,Week2,Pinewood Lake,Week4,333.0 Holmes Run Acres - 58.0 Pinewood Lake
Holmes Run Acres,Week5,Pinewood Lake,Week5,355.0 Holmes Run Acres - 46.0 Pinewood Lake
Hunt Valley,Week3,Old Keene Mill,Week3,327.0 Hunt Valley - 75.0 Old Keene Mill
Hunt Valley,Week5,Hamlet,Week4,216.0 Hunt Valley - 186.0 Hamlet
Holmes Run Acres,Week1,Pinewood Lake,Week3,346.0 Holmes Run Acres - 45.0 Pinewood Lake
Holmes Run Acres,Week3,Mount Vernon Park,Week3,228.0 Mount Vernon Park - 174.0 Holmes Run Acres
Hunt Valley,Week2,Hamlet,Week4,231.0 Hamlet - 171.0 Hunt Valley
Hunt Valley,Week1,Hayfield Farm,Week3,252.0 Hunt Valley - 150.0 Hayfield Farm
Hunt Valley,Week2,Hamlet,Week2,242.0 Hamlet - 160.0 Hunt Valley
Holmes Run Acres,Week2,Newington Forest,Week2,266.0 Holmes Run Acres - 135.0 Newington Forest
Hunt Valley,Week1,Orange Hunt,Week5,221.0 Hunt Valley - 181.0 Orange Hunt
Hunt Valley,Week1,Orange Hunt,Week4,257.0 Hunt Valley - 145.0 Orange Hunt
Hunt Valley,Week4,South Run,Week5,258.0 Hunt Valley - 144.0 South Run
Hunt Valley,Week5,South Run,Week1,258.0 Hunt Valley - 135.0 South Run
Holmes Run Acres,Week2,Pinewood Lake,Week3,350.0 Holmes Run Acres - 39.0 Pinewood Lake
Holmes Run Acres,Week1,Newington Forest,Week4,235.0 Holmes Run Acres - 167.0 Newington Forest
Hunter Mill,Week4,Newington Forest,Week2,319.0 Hunter Mill - 82.0 Newington Forest
Hunter Mill,Week4,Parliament,Week3,245.0 Hunter Mill - 157.0 Parliament
Hunter Mill,Week1,Hamlet,Week2,256.0 Hamlet - 146.0 Hunter Mill
Ilda Community,Week2,Newington Forest,Week3,229.0 Ilda Community - 172.0 Newington Forest
Hunter Mill,Week2,Newington Forest,Week2,311.0 Hunter Mill - 90.0 Newington Forest
Hunter Mill,Week5,Mount Vernon Park,Week4,201.0 Hunter Mill - 201.0 Mount Vernon Park
Ilda Community,Week4,Waynewood,Week1,272.0 Waynewood - 130.0 Ilda Community
Hunter Mill,Week4,Greenbriar,Week3,220.0 Hunter Mill - 182.0 Greenbriar
Hunter Mill,Week3,Kings Ridge ,Week2,321.0 Hunter Mill - 81.0 Kings Ridge
Ilda Community,Week1,Waynewood,Week3,315.0 Waynewood - 87.0 Ilda Community
Ilda Community,Week1,Woodley,Week3,200.0 Ilda Community - 198.0 Woodley
Hunter Mill,Week2,Lake Braddock,Week5,310.0 Hunter Mill - 91.0 Lake Braddock
Hunter Mill,Week4,Kings Ridge ,Week5,312.0 Hunter Mill - 90.0 Kings Ridge
Hunter Mill,Week5,Parliament,Week2,252.0 Hunter Mill - 150.0 Parliament
Hunter Mill,Week2,Pinecrest,Week4,249.0 Pinecrest - 153.0 Hunter Mill
Ilda Community,Week5,Ilda Community,Week2,210.0 Ilda Community (IC1) - 188.0 Ilda Community (IC2)
Ilda Community,Week4,Newington Forest,Week2,227.0 Ilda Community - 173.0 Newington Forest
Ilda Community,Week1,Kent Gardens,Week2,277.0 Kent Gardens - 125.0 Ilda Community
Hunter Mill,Week5,Mount Vernon Park,Week5,230.0 Mount Vernon Park - 172.0 Hunter Mill
Ilda Community,Week1,Kent Gardens,Week5,290.0 Kent Gardens - 112.0 Ilda Community
Ilda Community,Week2,Kent Gardens,Week2,269.0 Kent Gardens - 133.0 Ilda Community
Ilda Community,Week2,Newington Forest,Week4,210.0 Newington Forest - 192.0 Ilda Community
Ilda Community,Week3,Waynewood,Week5,341.0 Waynewood - 61.0 Ilda Community
Ilda Community,Week3,Newington Forest,Week5,220.0 Newington Forest - 182.0 Ilda Community
Ilda Community,Week1,Annandale,Week5,221.0 Annandale - 181.0 Ilda Community
Hunter Mill,Week3,Kings Ridge ,Week1,323.0 Hunter Mill - 79.0 Kings Ridge
Ilda Community,Week3,Kings Ridge ,Week2,207.0 Ilda Community - 195.0 Kings Ridge
Hunter Mill,Week5,Newington Forest,Week3,316.0 Hunter Mill - 86.0 Newington Forest
Hunter Mill,Week4,Mount Vernon Park,Week3,218.0 Mount Vernon Park - 184.0 Hunter Mill
Ilda Community,Week4,Ilda Community,Week5,231.0 Ilda Community (IC1) - 167.0 Ilda Community (IC2)
Ilda Community,Week5,Waynewood,Week2,306.0 Waynewood - 96.0 Ilda Community
Ilda Community,Week5,Annandale,Week2,201.0 Annandale - 201.0 Ilda Community
Ilda Community,Week3,Kent Gardens,Week4,265.0 Kent Gardens - 137.0 Ilda Community
Hunter Mill,Week4,Kings Ridge ,Week1,319.0 Hunter Mill - 83.0 Kings Ridge
Ilda Community,Week4,Waynewood,Week3,304.0 Waynewood - 98.0 Ilda Community
Hunter Mill,Week4,Parliament,Week4,252.0 Hunter Mill - 150.0 Parliament
Hunter Mill,Week2,Hamlet,Week1,235.0 Hamlet - 167.0 Hunter Mill
Ilda Community,Week2,Waynewood,Week3,323.0 Waynewood - 79.0 Ilda Community
Hunter Mill,Week2,Pinecrest,Week2,242.0 Pinecrest - 160.0 Hunter Mill
Hunter Mill,Week1,Pinecrest,Week1,203.0 Pinecrest - 199.0 Hunter Mill
Hunter Mill,Week3,Newington Forest,Week3,317.0 Hunter Mill - 85.0 Newington Forest
Ilda Community,Week1,Kent Gardens,Week3,263.0 Kent Gardens - 139.0 Ilda Community
Ilda Community,Week2,Annandale,Week4,228.0 Ilda Community - 174.0 Annandale
Ilda Community,Week3,Annandale,Week4,212.0 Ilda Community - 190.0 Annandale
Hunter Mill,Week5,Parliament,Week1,228.0 Hunter Mill - 174.0 Parliament
Ilda Community,Week5,Newington Forest,Week4,212.0 Newington Forest - 189.0 Ilda Community
Hunter Mill,Week2,Lake Braddock,Week3,333.0 Hunter Mill - 69.0 Lake Braddock
Ilda Community,Week4,Newington Forest,Week5,210.0 Newington Forest - 192.0 Ilda Community
Ilda Community,Week3,North Springfield,Week1,251.0 Ilda Community - 95.0 North Springfield
Hunter Mill,Week1,Pinecrest,Week5,231.5 Pinecrest - 170.5 Hunter Mill
Ilda Community,Week5,Annandale,Week5,203.0 Ilda Community - 199.0 Annandale
Hunter Mill,Week2,Lake Braddock,Week2,332.5 Hunter Mill - 68.5 Lake Braddock
Hunter Mill,Week2,Pinecrest,Week1,211.0 Pinecrest - 191.0 Hunter Mill
Hunter Mill,Week1,Lake Braddock,Week5,325.0 Hunter Mill - 77.0 Lake Braddock
Ilda Community,Week3,Waynewood,Week2,317.0 Waynewood - 85.0 Ilda Community
Hunter Mill,Week3,Greenbriar,Week4,265.0 Hunter Mill - 137.0 Greenbriar
Ilda Community,Week5,Ilda Community,Week3,216.0 Ilda Community (IC1) - 182.0 Ilda Community (IC2)
Hunter Mill,Week3,Newington Forest,Week5,298.0 Hunter Mill - 104.0 Newington Forest
Hunter Mill,Week3,Newington Forest,Week4,314.0 Hunter Mill - 88.0 Newington Forest
Ilda Community,Week1,Waynewood,Week2,309.0 Waynewood - 93.0 Ilda Community
Ilda Community,Week2,Waynewood,Week4,308.5 Waynewood - 93.5 Ilda Community
Ilda Community,Week2,Newington Forest,Week1,235.0 Ilda Community - 165.0 Newington Forest
Ilda Community,Week5,Newington Forest,Week1,235.5 Ilda Community - 158.5 Newington Forest
Ilda Community,Week1,North Springfield,Week5,210.0 Ilda Community - 160.0 North Springfield
Ilda Community,Week1,North Springfield,Week1,253.0 Ilda Community - 89.0 North Springfield
Ilda Community,Week3,Annandale,Week3,213.0 Annandale - 184.0 Ilda Community
Ilda Community,Week4,Waynewood,Week4,294.0 Waynewood - 108.0 Ilda Community
Ilda Community,Week3,Newington Forest,Week4,203.0 Newington Forest - 199.0 Ilda Community
Ilda Community,Week2,Woodley,Week1,220.0 Ilda Community - 182.0 Woodley
Ilda Community,Week2,Kent Gardens,Week3,267.0 Kent Gardens - 135.0 Ilda Community
Hunter Mill,Week5,Kings Ridge ,Week3,315.0 Hunter Mill - 87.0 Kings Ridge
Hunter Mill,Week5,Kings Ridge ,Week1,320.0 Hunter Mill - 82.0 Kings Ridge
Ilda Community,Week3,Kent Gardens,Week5,306.0 Kent Gardens - 96.0 Ilda Community
Hunter Mill,Week2,Pinecrest,Week5,236.0 Pinecrest - 166.0 Hunter Mill
Ilda Community,Week1,North Springfield,Week4,246.0 Ilda Community - 141.0 North Springfield
Hunter Mill,Week5,Mount Vernon Park,Week1,203.5 Hunter Mill - 198.5 Mount Vernon Park
Ilda Community,Week5,Waynewood,Week1,287.5 Waynewood - 114.5 Ilda Community
Hunter Mill,Week2,Newington Forest,Week4,288.0 Hunter Mill - 114.0 Newington Forest
Hunter Mill,Week1,Hamlet,Week3,256.0 Hamlet - 146.0 Hunter Mill
Hunter Mill,Week3,Kings Ridge ,Week5,299.0 Hunter Mill - 103.0 Kings Ridge
Ilda Community,Week1,Waynewood,Week4,301.0 Waynewood - 101.0 Ilda Community
Hunter Mill,Week2,Newington Forest,Week3,295.5 Hunter Mill - 105.5 Newington Forest
Hunter Mill,Week4,Mount Vernon Park,Week5,225.0 Mount Vernon Park - 177.0 Hunter Mill
Ilda Community,Week3,Kings Ridge ,Week1,204.0 Ilda Community - 198.0 Kings Ridge
Hunter Mill,Week5,Parliament,Week5,245.0 Hunter Mill - 157.0 Parliament
Hunter Mill,Week2,Lake Braddock,Week1,335.0 Hunter Mill - 67.0 Lake Braddock
Hunter Mill,Week5,Kings Ridge ,Week4,312.0 Hunter Mill - 90.0 Kings Ridge
Hunter Mill,Week4,Pinecrest,Week3,220.0 Pinecrest - 182.0 Hunter Mill
Hunter Mill,Week3,Lake Braddock,Week3,327.5 Hunter Mill - 74.5 Lake Braddock
Hunter Mill,Week4,Newington Forest,Week3,311.5 Hunter Mill - 89.5 Newington Forest
Ilda Community,Week3,Newington Forest,Week3,222.0 Ilda Community - 179.0 Newington Forest
Hunter Mill,Week1,Pinecrest,Week3,240.5 Pinecrest - 161.5 Hunter Mill
Ilda Community,Week3,Annandale,Week5,213.0 Annandale - 189.0 Ilda Community
Ilda Community,Week4,Kent Gardens,Week2,244.0 Kent Gardens - 158.0 Ilda Community
Hunter Mill,Week3,Pinecrest,Week1,210.0 Pinecrest - 192.0 Hunter Mill
Ilda Community,Week5,Kent Gardens,Week1,288.0 Kent Gardens - 114.0 Ilda Community
Hunter Mill,Week5,Kings Ridge ,Week5,318.0 Hunter Mill - 84.0 Kings Ridge
Ilda Community,Week3,Kent Gardens,Week2,258.0 Kent Gardens - 144.0 Ilda Community
Ilda Community,Week3,Waynewood,Week1,308.0 Waynewood - 94.0 Ilda Community
Ilda Community,Week4,Annandale,Week1,249.0 Ilda Community - 153.0 Annandale
Ilda Community,Week1,North Springfield,Week2,216.0 Ilda Community - 163.0 North Springfield
Ilda Community,Week4,Waynewood,Week2,290.0 Waynewood - 112.0 Ilda Community
Ilda Community,Week2,Kent Gardens,Week4,272.0 Kent Gardens - 130.0 Ilda Community
Hunter Mill,Week4,Parliament,Week5,245.0 Hunter Mill - 156.0 Parliament
Hunter Mill,Week1,North Springfield,Week4,333.0 Hunter Mill - 59.0 North Springfield
Hunter Mill,Week1,Lake Braddock,Week4,325.0 Hunter Mill - 77.0 Lake Braddock
Hunter Mill,Week2,Lake Braddock,Week4,325.0 Hunter Mill - 77.0 Lake Braddock
Hunter Mill,Week1,Pinecrest,Week2,228.0 Pinecrest - 174.0 Hunter Mill
Ilda Community,Week4,Annandale,Week3,217.0 Ilda Community - 185.0 Annandale
Hunter Mill,Week1,North Springfield,Week3,332.0 Hunter Mill - 65.0 North Springfield
Hunter Mill,Week3,Lake Braddock,Week1,346.0 Hunter Mill - 56.0 Lake Braddock
Hunter Mill,Week5,Newington Forest,Week5,309.5 Hunter Mill - 92.5 Newington Forest
Ilda Community,Week2,Waynewood,Week5,332.0 Waynewood - 70.0 Ilda Community
Hunter Mill,Week3,Parliament,Week2,260.0 Hunter Mill - 141.0 Parliament
Ilda Community,Week1,Annandale,Week4,223.0 Ilda Community - 178.0 Annandale
Ilda Community,Week5,Newington Forest,Week5,222.0 Newington Forest - 179.0 Ilda Community
Ilda Community,Week4,Kent Gardens,Week1,265.0 Kent Gardens - 137.0 Ilda Community
Ilda Community,Week4,Kent Gardens,Week3,241.0 Kent Gardens - 161.0 Ilda Community
Ilda Community,Week5,Newington Forest,Week2,225.0 Ilda Community - 168.0 Newington Forest
Ilda Community,Week5,Newington Forest,Week3,215.5 Ilda Community - 182.5 Newington Forest
Ilda Community,Week4,Newington Forest,Week3,228.0 Ilda Community - 173.0 Newington Forest
Hunter Mill,Week3,Pinecrest,Week5,233.0 Pinecrest - 169.0 Hunter Mill
Hunter Mill,Week3,Pinecrest,Week4,230.0 Pinecrest - 172.0 Hunter Mill
Ilda Community,Week1,Waynewood,Week5,319.0 Waynewood - 83.0 Ilda Community
Hunter Mill,Week3,Pinecrest,Week3,241.0 Pinecrest - 161.0 Hunter Mill
Ilda Community,Week1,Woodley,Week2,208.0 Ilda Community - 193.0 Woodley
Hunter Mill,Week4,Lake Braddock,Week1,351.0 Hunter Mill - 51.0 Lake Braddock
Ilda Community,Week2,Kent Gardens,Week5,312.0 Kent Gardens - 90.0 Ilda Community
Hunter Mill,Week1,North Springfield,Week5,302.0 Hunter Mill - 72.0 North Springfield
Hunter Mill,Week4,Lake Braddock,Week2,332.0 Hunter Mill - 70.0 Lake Braddock
Ilda Community,Week2,Annandale,Week2,203.0 Ilda Community - 199.0 Annandale
Ilda Community,Week4,Annandale,Week2,220.0 Ilda Community - 182.0 Annandale
Hunter Mill,Week1,Lake Braddock,Week3,329.0 Hunter Mill - 73.0 Lake Braddock
Ilda Community,Week3,Annandale,Week1,201.0 Ilda Community - 196.0 Annandale
Hunter Mill,Week4,Pinewood Lake,Week1,376.0 Hunter Mill - 21.0 Pinewood Lake
Ilda Community,Week1,Kings Ridge ,Week2,208.0 Kings Ridge - 193.0 Ilda Community
Ilda Community,Week5,Waynewood,Week3,329.0 Waynewood - 73.0 Ilda Community
Hunter Mill,Week2,North Springfield,Week2,322.0 Hunter Mill - 64.0 North Springfield
Ilda Community,Week2,Annandale,Week5,207.0 Ilda Community - 195.0 Annandale
Hunter Mill,Week4,Pinecrest,Week1,210.0 Hunter Mill - 192.0 Pinecrest
Ilda Community,Week5,Annandale,Week1,226.0 Ilda Community - 176.0 Annandale
Hunter Mill,Week5,Lake Braddock,Week1,344.0 Hunter Mill - 58.0 Lake Braddock
Hunter Mill,Week5,Pinecrest,Week2,214.0 Pinecrest - 188.0 Hunter Mill
Ilda Community,Week1,Kings Ridge ,Week1,231.0 Kings Ridge - 170.0 Ilda Community
Ilda Community,Week5,Kent Gardens,Week4,269.0 Kent Gardens - 133.0 Ilda Community
Hunter Mill,Week2,North Springfield,Week5,294.0 Hunter Mill - 78.0 North Springfield
Ilda Community,Week4,Newington Forest,Week4,209.0 Ilda Community - 193.0 Newington Forest
Ilda Community,Week2,Arlington Forest,Week5,302.0 Arlington Forest - 100.0 Ilda Community
Ilda Community,Week2,North Springfield,Week2,233.5 Ilda Community - 153.5 North Springfield
Hunter Mill,Week3,Lake Braddock,Week5,329.0 Hunter Mill - 73.0 Lake Braddock
Ilda Community,Week5,Kent Gardens,Week2,262.0 Kent Gardens - 140.0 Ilda Community
Hunter Mill,Week1,North Springfield,Week2,332.0 Hunter Mill - 56.0 North Springfield
Ilda Community,Week3,Newington Forest,Week1,229.0 Ilda Community - 170.0 Newington Forest
Hunter Mill,Week4,Lake Braddock,Week4,332.0 Hunter Mill - 70.0 Lake Braddock
Hunter Mill,Week2,North Springfield,Week4,319.0 Hunter Mill - 69.0 North Springfield
Hunter Mill,Week4,Lake Braddock,Week3,329.5 Hunter Mill - 72.5 Lake Braddock
Ilda Community,Week2,Newington Forest,Week5,217.0 Newington Forest - 185.0 Ilda Community
Ilda Community,Week4,Newington Forest,Week1,253.0 Ilda Community - 146.0 Newington Forest
Hunter Mill,Week2,North Springfield,Week3,319.0 Hunter Mill - 76.0 North Springfield
Ilda Community,Week1,Kent Gardens,Week1,289.0 Kent Gardens - 113.0 Ilda Community
Hunter Mill,Week5,Pinecrest,Week5,224.0 Pinecrest - 178.0 Hunter Mill
Ilda Community,Week4,Kent Gardens,Week5,288.0 Kent Gardens - 114.0 Ilda Community
Ilda Community,Week5,Annandale,Week3,204.0 Annandale - 198.0 Ilda Community
Ilda Community,Week2,North Springfield,Week1,268.0 Ilda Community - 78.0 North Springfield
Ilda Community,Week1,Arlington Forest,Week5,298.0 Arlington Forest - 104.0 Ilda Community
Ilda Community,Week3,Waynewood,Week4,314.0 Waynewood - 88.0 Ilda Community
Hunter Mill,Week2,North Springfield,Week1,295.5 Hunter Mill - 50.5 North Springfield
Ilda Community,Week2,North Springfield,Week5,208.0 Ilda Community - 164.0 North Springfield
Hunter Mill,Week2,Pinewood Lake,Week2,362.0 Hunter Mill - 35.0 Pinewood Lake
Ilda Community,Week5,Annandale,Week4,230.0 Ilda Community - 171.0 Annandale
Hunter Mill,Week1,North Springfield,Week1,307.0 Hunter Mill - 43.0 North Springfield
Ilda Community,Week5,Waynewood,Week5,328.0 Waynewood - 74.0 Ilda Community
Ilda Community,Week5,Waynewood,Week4,310.0 Waynewood - 92.0 Ilda Community
Hunter Mill,Week3,Lake Braddock,Week2,327.0 Hunter Mill - 75.0 Lake Braddock
Ilda Community,Week2,Waynewood,Week1,301.0 Waynewood - 101.0 Ilda Community
Ilda Community,Week3,Waynewood,Week3,329.0 Waynewood - 73.0 Ilda Community
Ilda Community,Week4,Annandale,Week4,247.0 Ilda Community - 155.0 Annandale
Hunter Mill,Week4,Pinecrest,Week2,213.0 Pinecrest - 189.0 Hunter Mill
Ilda Community,Week1,Kings Ridge ,Week3,207.0 Kings Ridge - 186.0 Ilda Community
Hunter Mill,Week4,Pinewood Lake,Week4,370.0 Hunter Mill - 27.0 Pinewood Lake
Ilda Community,Week2,North Springfield,Week4,245.0 Ilda Community - 145.0 North Springfield
Ilda Community,Week1,Woodley,Week1,207.0 Woodley - 195.0 Ilda Community
Ilda Community,Week2,Waynewood,Week2,315.0 Waynewood - 87.0 Ilda Community
Ilda Community,Week1,Arlington Forest,Week1,296.0 Arlington Forest - 106.0 Ilda Community
Hunter Mill,Week3,Fair Oaks ,Week1,227.0 Hunter Mill - 175.0 Fair Oaks
Ilda Community,Week1,Kings Ridge ,Week5,239.0 Kings Ridge - 162.0 Ilda Community
Hunter Mill,Week4,Pinecrest,Week5,214.0 Pinecrest - 188.0 Hunter Mill
Ilda Community,Week2,Kings Ridge ,Week1,215.0 Kings Ridge - 187.0 Ilda Community
Hunter Mill,Week3,Lake Braddock,Week4,327.0 Hunter Mill - 75.0 Lake Braddock
Ilda Community,Week4,North Springfield,Week3,245.0 Ilda Community - 147.0 North Springfield
Hunter Mill,Week2,Fair Oaks ,Week3,215.0 Hunter Mill - 187.0 Fair Oaks
Ilda Community,Week1,Woodley,Week4,210.5 Ilda Community - 191.5 Woodley
Hunter Mill,Week5,Lake Braddock,Week4,337.0 Hunter Mill - 65.0 Lake Braddock
Ilda Community,Week5,Kent Gardens,Week5,309.0 Kent Gardens - 93.0 Ilda Community
Ilda Community,Week4,Waynewood,Week5,317.0 Waynewood - 85.0 Ilda Community
Ilda Community,Week5,North Springfield,Week5,214.0 Ilda Community - 154.0 North Springfield
Hunter Mill,Week5,Lake Braddock,Week3,331.0 Hunter Mill - 71.0 Lake Braddock
Ilda Community,Week1,Annandale,Week3,215.0 Annandale - 187.0 Ilda Community
Hunter Mill,Week1,Pinewood Lake,Week3,371.0 Hunter Mill - 29.0 Pinewood Lake
Ilda Community,Week2,Kings Ridge ,Week2,203.0 Ilda Community - 199.0 Kings Ridge
Hunter Mill,Week1,Fair Oaks ,Week3,221.0 Hunter Mill - 181.0 Fair Oaks
Ilda Community,Week1,Woodley,Week5,208.0 Woodley - 193.0 Ilda Community
Hunter Mill,Week1,Pinewood Lake,Week5,359.0 Hunter Mill - 41.0 Pinewood Lake
Ilda Community,Week3,North Springfield,Week3,234.0 Ilda Community - 158.0 North Springfield
Ilda Community,Week1,Kings Ridge ,Week4,237.0 Kings Ridge - 165.0 Ilda Community
Ilda Community,Week3,Annandale,Week2,214.0 Annandale - 188.0 Ilda Community
Hunter Mill,Week5,Lake Braddock,Week5,337.0 Hunter Mill - 65.0 Lake Braddock
Hunter Mill,Week3,Fair Oaks ,Week2,264.0 Hunter Mill - 138.0 Fair Oaks
Hunter Mill,Week3,Lakevale Estates,Week1,211.0 Lakevale Estates - 191.0 Hunter Mill
Hunter Mill,Week4,Fair Oaks ,Week1,254.0 Hunter Mill - 148.0 Fair Oaks
Hunter Mill,Week2,Pinewood Lake,Week4,365.0 Hunter Mill - 32.0 Pinewood Lake
Ilda Community,Week2,Kings Ridge ,Week3,202.0 Ilda Community - 196.0 Kings Ridge
Ilda Community,Week2,Woodley,Week2,219.0 Ilda Community - 183.0 Woodley
Ilda Community,Week2,Annandale,Week1,214.0 Ilda Community - 188.0 Annandale
Ilda Community,Week3,North Springfield,Week4,225.0 Ilda Community - 161.0 North Springfield
Hunter Mill,Week4,Fair Oaks ,Week2,271.0 Hunter Mill - 131.0 Fair Oaks
Hunter Mill,Week5,Pinecrest,Week3,213.0 Pinecrest - 189.0 Hunter Mill
Hunter Mill,Week2,Pinewood Lake,Week3,368.0 Hunter Mill - 28.0 Pinewood Lake
Ilda Community,Week4,Kings Ridge ,Week1,220.0 Ilda Community - 182.0 Kings Ridge
Ilda Community,Week4,Oakton ,Week3,315.0 Oakton - 87.0 Ilda Community
Hunter Mill,Week4,Lakevale Estates,Week2,215.0 Lakevale Estates - 187.0 Hunter Mill
Ilda Community,Week3,Woodley,Week4,212.0 Ilda Community - 190.0 Woodley
Hunter Mill,Week2,Pinewood Lake,Week5,360.0 Hunter Mill - 37.0 Pinewood Lake
Ilda Community,Week2,Woodley,Week5,207.0 Ilda Community - 195.0 Woodley
Ilda Community,Week2,Woodley,Week4,213.0 Ilda Community - 189.0 Woodley
Ilda Community,Week5,North Springfield,Week1,251.0 Ilda Community - 89.0 North Springfield
Hunter Mill,Week3,Lakevale Estates,Week5,237.0 Lakevale Estates - 165.0 Hunter Mill
Ilda Community,Week2,Oakton ,Week2,343.0 Oakton - 59.0 Ilda Community
Hunter Mill,Week4,Lakevale Estates,Week3,227.0 Lakevale Estates - 175.0 Hunter Mill
Ilda Community,Week3,Woodley,Week1,220.0 Ilda Community - 182.0 Woodley
Ilda Community,Week4,Annandale,Week5,234.0 Ilda Community - 168.0 Annandale
Ilda Community,Week1,Arlington Forest,Week2,277.0 Arlington Forest - 125.0 Ilda Community
Ilda Community,Week2,Annandale,Week3,206.0 Annandale - 196.0 Ilda Community
Hunter Mill,Week3,Lakevale Estates,Week4,245.0 Lakevale Estates - 157.0 Hunter Mill
Hunter Mill,Week3,Fair Oaks ,Week5,217.0 Hunter Mill - 185.0 Fair Oaks
Ilda Community,Week1,Arlington Forest,Week3,264.0 Arlington Forest - 138.0 Ilda Community
Ilda Community,Week4,Oakton ,Week4,321.0 Oakton - 81.0 Ilda Community
Hunter Mill,Week4,Fair Oaks ,Week4,248.0 Hunter Mill - 154.0 Fair Oaks
Ilda Community,Week2,Kings Ridge ,Week5,229.0 Kings Ridge - 173.0 Ilda Community
Hunter Mill,Week5,Pinecrest,Week4,203.0 Pinecrest - 199.0 Hunter Mill
Ilda Community,Week3,Kings Ridge ,Week3,204.0 Kings Ridge - 193.0 Ilda Community
Ilda Community,Week2,Kings Ridge ,Week4,243.0 Kings Ridge - 159.0 Ilda Community
Ilda Community,Week4,Woodley,Week5,202.0 Ilda Community - 200.0 Woodley
Hunter Mill,Week2,Pinewood Lake,Week1,361.0 Hunter Mill - 34.0 Pinewood Lake
Hunter Mill,Week2,Fair Oaks ,Week1,229.0 Hunter Mill - 173.0 Fair Oaks
Hunter Mill,Week1,Pinewood Lake,Week2,362.0 Hunter Mill - 34.0 Pinewood Lake
Ilda Community,Week1,Brandywine,Week5,296.0 Brandywine - 106.0 Ilda Community
Hunter Mill,Week3,Pinewood Lake,Week1,368.0 Hunter Mill - 32.0 Pinewood Lake
Ilda Community,Week4,Oakton ,Week2,327.0 Oakton - 75.0 Ilda Community
Ilda Community,Week4,North Springfield,Week2,241.0 Ilda Community - 145.0 North Springfield
Ilda Community,Week3,North Springfield,Week2,231.0 Ilda Community - 155.0 North Springfield
Ilda Community,Week3,Arlington Forest,Week1,302.5 Arlington Forest - 99.5 Ilda Community
Ilda Community,Week3,Oakton ,Week5,334.0 Oakton - 68.0 Ilda Community
Ilda Community,Week3,Woodley,Week5,204.0 Woodley - 198.0 Ilda Community
Hunter Mill,Week2,Lakevale Estates,Week3,240.5 Lakevale Estates - 161.5 Hunter Mill
Hunter Mill,Week4,Lakevale Estates,Week4,255.0 Lakevale Estates - 147.0 Hunter Mill
Ilda Community,Week2,Arlington Forest,Week2,286.0 Arlington Forest - 116.0 Ilda Community
Hunter Mill,Week5,Dunn Loring,Week5,217.0 Dunn Loring - 185.0 Hunter Mill
Hunter Mill,Week5,Pinecrest,Week1,217.0 Hunter Mill - 185.0 Pinecrest
Hunter Mill,Week1,Lakevale Estates,Week2,219.0 Lakevale Estates - 183.0 Hunter Mill
Ilda Community,Week3,Arlington Forest,Week5,304.0 Arlington Forest - 93.0 Ilda Community
Ilda Community,Week4,Kings Ridge ,Week4,204.0 Kings Ridge - 198.0 Ilda Community
Ilda Community,Week5,Kings Ridge ,Week3,197.0 Ilda Community - 196.0 Kings Ridge
Ilda Community,Week5,Kings Ridge ,Week1,217.0 Ilda Community - 184.0 Kings Ridge
Ilda Community,Week3,Woodley,Week2,204.0 Ilda Community - 198.0 Woodley
Hunter Mill,Week5,Fair Oaks ,Week3,251.0 Hunter Mill - 151.0 Fair Oaks
Hunter Mill,Week2,Fair Oaks ,Week4,234.0 Hunter Mill - 168.0 Fair Oaks
Hunter Mill,Week2,Lakevale Estates,Week4,254.0 Lakevale Estates - 148.0 Hunter Mill
Hunter Mill,Week3,Pinewood Lake,Week2,361.0 Hunter Mill - 40.0 Pinewood Lake
Hunter Mill,Week4,Fair Oaks ,Week3,244.0 Hunter Mill - 158.0 Fair Oaks
Ilda Community,Week4,Arlington Forest,Week2,260.0 Arlington Forest - 142.0 Ilda Community
Ilda Community,Week2,Arlington Forest,Week3,268.0 Arlington Forest - 134.0 Ilda Community
Ilda Community,Week3,Woodley,Week3,209.0 Ilda Community - 192.0 Woodley
Ilda Community,Week5,North Springfield,Week3,246.0 Ilda Community - 149.0 North Springfield
Ilda Community,Week3,Kings Ridge ,Week4,224.0 Kings Ridge - 178.0 Ilda Community
Ilda Community,Week2,Brandywine,Week4,282.0 Brandywine - 120.0 Ilda Community
Hunter Mill,Week1,Lakevale Estates,Week3,231.0 Lakevale Estates - 166.0 Hunter Mill
Ilda Community,Week1,Oakton ,Week1,324.0 Oakton - 78.0 Ilda Community
Ilda Community,Week4,Kings Ridge ,Week5,206.0 Ilda Community - 196.0 Kings Ridge
Hunter Mill,Week4,Lakevale Estates,Week5,246.0 Lakevale Estates - 156.0 Hunter Mill
Hunter Mill,Week4,Fair Oaks ,Week5,226.0 Hunter Mill - 176.0 Fair Oaks
Hunter Mill,Week1,Pinewood Lake,Week1,368.0 Hunter Mill - 28.0 Pinewood Lake
Ilda Community,Week4,Woodley,Week2,221.0 Ilda Community - 181.0 Woodley
Ilda Community,Week2,Woodley,Week3,207.0 Ilda Community - 194.0 Woodley
Ilda Community,Week1,Oakton ,Week4,324.0 Oakton - 78.0 Ilda Community
Ilda Community,Week4,Kings Ridge ,Week2,226.0 Ilda Community - 176.0 Kings Ridge
Ilda Community,Week5,Kings Ridge ,Week5,222.0 Kings Ridge - 179.0 Ilda Community
Ilda Community,Week4,Woodley,Week1,228.5 Ilda Community - 173.5 Woodley
Hunter Mill,Week5,Fair Oaks ,Week2,270.0 Hunter Mill - 132.0 Fair Oaks
Ilda Community,Week4,Woodley,Week4,228.0 Ilda Community - 174.0 Woodley
Hunter Mill,Week3,Pinewood Lake,Week4,360.0 Hunter Mill - 38.0 Pinewood Lake
Hunter Mill,Week5,Fair Oaks ,Week1,252.0 Hunter Mill - 150.0 Fair Oaks
Hunter Mill,Week4,Lakevale Estates,Week1,216.0 Lakevale Estates - 186.0 Hunter Mill
Hunter Mill,Week1,Lakevale Estates,Week5,254.0 Lakevale Estates - 148.0 Hunter Mill
Hunter Mill,Week3,Pinewood Lake,Week5,357.0 Hunter Mill - 41.0 Pinewood Lake
Hunter Mill,Week3,Fair Oaks ,Week3,218.0 Hunter Mill - 184.0 Fair Oaks
Hunter Mill,Week1,Fair Oaks ,Week4,236.0 Hunter Mill - 166.0 Fair Oaks
Ilda Community,Week1,Lake Braddock,Week2,224.0 Ilda Community - 177.0 Lake Braddock
Ilda Community,Week3,North Springfield,Week5,213.0 Ilda Community - 159.0 North Springfield
Ilda Community,Week2,Arlington Forest,Week1,317.0 Arlington Forest - 85.0 Ilda Community
Ilda Community,Week4,North Springfield,Week1,273.0 Ilda Community - 73.0 North Springfield
Hunter Mill,Week1,Lakevale Estates,Week4,257.0 Lakevale Estates - 145.0 Hunter Mill
Ilda Community,Week1,Lake Braddock,Week1,244.0 Ilda Community - 158.0 Lake Braddock
Hunter Mill,Week4,Pinewood Lake,Week2,369.0 Hunter Mill - 28.0 Pinewood Lake
Ilda Community,Week5,Woodley,Week3,217.0 Ilda Community - 181.0 Woodley
Ilda Community,Week2,Arlington Forest,Week4,312.0 Arlington Forest - 90.0 Ilda Community
Ilda Community,Week5,Woodley,Week1,210.0 Ilda Community - 192.0 Woodley
Hunter Mill,Week4,Pinewood Lake,Week5,364.0 Hunter Mill - 33.0 Pinewood Lake
Hunter Mill,Week2,Lakevale Estates,Week1,216.0 Lakevale Estates - 186.0 Hunter Mill
Ilda Community,Week1,Arlington Forest,Week4,299.0 Arlington Forest - 103.0 Ilda Community
Ilda Community,Week5,North Springfield,Week4,249.0 Ilda Community - 137.0 North Springfield
Hunter Mill,Week5,Dunn Loring,Week3,215.5 Dunn Loring - 186.5 Hunter Mill
Ilda Community,Week4,Woodley,Week3,225.0 Ilda Community - 176.0 Woodley
Hunter Mill,Week1,Fair Oaks ,Week1,241.0 Hunter Mill - 161.0 Fair Oaks
Hunter Mill,Week3,Lakevale Estates,Week3,219.5 Lakevale Estates - 182.5 Hunter Mill
Hunter Mill,Week5,Pinewood Lake,Week1,373.0 Hunter Mill - 28.0 Pinewood Lake
Ilda Community,Week5,Arlington Forest,Week2,271.5 Arlington Forest - 130.5 Ilda Community
Hunter Mill,Week2,Lakevale Estates,Week2,219.0 Lakevale Estates - 183.0 Hunter Mill
Ilda Community,Week5,North Springfield,Week2,236.0 Ilda Community - 148.0 North Springfield
Ilda Community,Week5,Kings Ridge ,Week4,224.0 Kings Ridge - 178.0 Ilda Community
Ilda Community,Week5,Kings Ridge ,Week2,211.0 Ilda Community - 190.0 Kings Ridge
Ilda Community,Week4,Arlington Forest,Week4,288.0 Arlington Forest - 114.0 Ilda Community
Ilda Community,Week3,Kings Ridge ,Week5,231.0 Kings Ridge - 171.0 Ilda Community
Hunter Mill,Week3,Fair Oaks ,Week4,243.0 Hunter Mill - 159.0 Fair Oaks
Ilda Community,Week1,Oakton ,Week5,324.0 Oakton - 77.0 Ilda Community
Ilda Community,Week1,Lake Braddock,Week4,213.0 Ilda Community - 188.0 Lake Braddock
Ilda Community,Week2,Oakton ,Week1,337.5 Oakton - 64.5 Ilda Community
Ilda Community,Week5,Arlington Forest,Week3,256.0 Arlington Forest - 145.0 Ilda Community
Hunter Mill,Week1,Pinewood Lake,Week4,366.0 Hunter Mill - 34.0 Pinewood Lake
Hunter Mill,Week3,Pinewood Lake,Week3,367.0 Hunter Mill - 31.0 Pinewood Lake
Ilda Community,Week5,Woodley,Week2,216.0 Ilda Community - 184.0 Woodley
Ilda Community,Week3,Arlington Forest,Week4,297.0 Arlington Forest - 105.0 Ilda Community
Hunter Mill,Week5,Pinewood Lake,Week2,371.0 Hunter Mill - 30.0 Pinewood Lake
Hunter Mill,Week5,Lake Braddock,Week2,337.0 Hunter Mill - 65.0 Lake Braddock
Hunter Mill,Week1,Lakevale Estates,Week1,229.0 Lakevale Estates - 173.0 Hunter Mill
Ilda Community,Week1,Lake Braddock,Week3,219.0 Ilda Community - 183.0 Lake Braddock
Hunter Mill,Week5,Dunn Loring,Week4,212.0 Dunn Loring - 190.0 Hunter Mill
Ilda Community,Week2,Oakton ,Week3,337.0 Oakton - 65.0 Ilda Community
Ilda Community,Week1,Oakton ,Week3,322.0 Oakton - 80.0 Ilda Community
Hunter Mill,Week2,Lakevale Estates,Week5,241.0 Lakevale Estates - 161.0 Hunter Mill
Hunter Mill,Week1,Fair Oaks ,Week2,261.0 Hunter Mill - 141.0 Fair Oaks
Hunter Mill,Week1,Oakton ,Week2,262.5 Oakton - 139.5 Hunter Mill
Hunter Mill,Week4,Pinewood Lake,Week3,376.0 Hunter Mill - 20.0 Pinewood Lake
Hunter Mill,Week4,Lakeview,Week3,309.0 Hunter Mill - 93.0 Lakeview
Ilda Community,Week3,Oakton ,Week2,334.0 Oakton - 68.0 Ilda Community
Ilda Community,Week1,Lake Braddock,Week5,205.0 Ilda Community - 197.0 Lake Braddock
Ilda Community,Week5,Arlington Forest,Week4,309.0 Arlington Forest - 93.0 Ilda Community
Ilda Community,Week3,Arlington Forest,Week3,260.0 Arlington Forest - 142.0 Ilda Community
Hunter Mill,Week4,North Springfield,Week4,339.0 Hunter Mill - 52.0 North Springfield
Ilda Community,Week4,Arlington Forest,Week5,287.0 Arlington Forest - 115.0 Ilda Community
Ilda Community,Week1,Brandywine,Week1,266.0 Brandywine - 131.0 Ilda Community
Ilda Community,Week2,Oakton ,Week4,336.0 Oakton - 66.0 Ilda Community
Hunter Mill,Week5,Pinewood Lake,Week3,376.0 Hunter Mill - 25.0 Pinewood Lake
Hunter Mill,Week5,North Springfield,Week2,340.5 Hunter Mill - 47.5 North Springfield
Hunter Mill,Week1,Lakeview,Week5,288.0 Hunter Mill - 105.0 Lakeview
Hunter Mill,Week5,Lakeview,Week5,317.0 Hunter Mill - 76.0 Lakeview
Hunter Mill,Week5,Lakeview,Week2,337.0 Hunter Mill - 65.0 Lakeview
Hunter Mill,Week1,Fair Oaks ,Week5,210.0 Hunter Mill - 192.0 Fair Oaks
Ilda Community,Week4,Kings Ridge ,Week3,220.0 Ilda Community - 177.0 Kings Ridge
Ilda Community,Week2,Brandywine,Week2,265.0 Brandywine - 137.0 Ilda Community
Ilda Community,Week1,Lakevale Estates,Week3,309.0 Lakevale Estates - 93.0 Ilda Community
Hunter Mill,Week5,Pinewood Lake,Week4,375.0 Hunter Mill - 26.0 Pinewood Lake
Ilda Community,Week4,Arlington Forest,Week1,273.0 Arlington Forest - 129.0 Ilda Community
Hunter Mill,Week3,Lakeview,Week4,298.0 Hunter Mill - 104.0 Lakeview
Ilda Community,Week5,Arlington Forest,Week5,291.0 Arlington Forest - 111.0 Ilda Community
Ilda Community,Week4,Lake Braddock,Week5,216.0 Ilda Community - 186.0 Lake Braddock
Ilda Community,Week1,Lakevale Estates,Week5,328.0 Lakevale Estates - 74.0 Ilda Community
Ilda Community,Week3,Oakton ,Week4,327.0 Oakton - 75.0 Ilda Community
Ilda Community,Week1,Brandywine,Week3,259.0 Brandywine - 142.0 Ilda Community
Ilda Community,Week3,Oakton ,Week1,331.0 Oakton - 66.0 Ilda Community
Hunter Mill,Week3,Lakevale Estates,Week2,206.0 Lakevale Estates - 196.0 Hunter Mill
Ilda Community,Week2,Lake Braddock,Week2,217.0 Ilda Community - 185.0 Lake Braddock
Hunter Mill,Week5,Pinewood Lake,Week5,367.0 Hunter Mill - 34.0 Pinewood Lake
Ilda Community,Week2,Lakevale Estates,Week4,348.0 Lakevale Estates - 54.0 Ilda Community
Ilda Community,Week3,Oakton ,Week3,323.0 Oakton - 79.0 Ilda Community
Hunter Mill,Week2,Lakeview,Week3,292.0 Hunter Mill - 110.0 Lakeview
Ilda Community,Week1,Oakton ,Week2,331.0 Oakton - 71.0 Ilda Community
Hunter Mill,Week5,North Springfield,Week4,343.0 Hunter Mill - 49.0 North Springfield
Ilda Community,Week1,Lakevale Estates,Week4,317.0 Lakevale Estates - 85.0 Ilda Community
Ilda Community,Week1,Brandywine,Week2,266.0 Brandywine - 136.0 Ilda Community
Ilda Community,Week2,Oakton ,Week5,339.0 Oakton - 63.0 Ilda Community
Ilda Community,Week4,North Springfield,Week5,226.0 Ilda Community - 146.0 North Springfield
Ilda Community,Week2,Lake Braddock,Week1,237.0 Ilda Community - 165.0 Lake Braddock
Hunter Mill,Week2,Fair Oaks ,Week2,253.0 Hunter Mill - 149.0 Fair Oaks
Ilda Community,Week4,North Springfield,Week4,262.0 Ilda Community - 124.0 North Springfield
Hunter Mill,Week3,North Springfield,Week3,335.5 Hunter Mill - 60.5 North Springfield
Hunter Mill,Week5,Lakevale Estates,Week4,251.0 Lakevale Estates - 151.0 Hunter Mill
Hunter Mill,Week3,Lakeview,Week5,309.0 Hunter Mill - 84.0 Lakeview
Hunter Mill,Week4,North Springfield,Week5,311.0 Hunter Mill - 62.0 North Springfield
Hunter Mill,Week2,Fair Oaks ,Week5,205.5 Hunter Mill - 196.5 Fair Oaks
Ilda Community,Week4,Arlington Forest,Week3,237.0 Arlington Forest - 165.0 Ilda Community
Ilda Community,Week2,Lakevale Estates,Week2,340.0 Lakevale Estates - 62.0 Ilda Community
Ilda Community,Week5,Lake Braddock,Week1,238.0 Ilda Community - 164.0 Lake Braddock
Hunter Mill,Week2,Lakeview,Week2,315.0 Hunter Mill - 87.0 Lakeview
Hunter Mill,Week3,North Springfield,Week1,307.0 Hunter Mill - 43.0 North Springfield
Hunter Mill,Week4,North Springfield,Week1,307.0 Hunter Mill - 40.0 North Springfield
Ilda Community,Week2,Brandywine,Week1,263.0 Brandywine - 139.0 Ilda Community
Ilda Community,Week4,Oakton ,Week1,319.0 Oakton - 83.0 Ilda Community
Ilda Community,Week1,Brandywine,Week4,286.0 Brandywine - 115.0 Ilda Community
Hunter Mill,Week1,Oakton ,Week3,252.0 Oakton - 150.0 Hunter Mill
Hunter Mill,Week1,Langley,Week1,231.0 Langley - 171.0 Hunter Mill
Ilda Community,Week2,Old Keene Mill,Week1,204.0 Old Keene Mill - 198.0 Ilda Community
Ilda Community,Week2,Brandywine,Week5,284.0 Brandywine - 118.0 Ilda Community
Ilda Community,Week3,Lake Braddock,Week2,211.0 Ilda Community - 191.0 Lake Braddock
Hunter Mill,Week1,Langley,Week5,218.0 Langley - 184.0 Hunter Mill
Hunter Mill,Week4,North Springfield,Week3,340.0 Hunter Mill - 57.0 North Springfield
Ilda Community,Week5,Old Keene Mill,Week2,204.5 Old Keene Mill - 196.5 Ilda Community
Hunter Mill,Week5,Lakevale Estates,Week2,202.0 Hunter Mill - 200.0 Lakevale Estates
Ilda Community,Week3,Old Keene Mill,Week1,210.0 Old Keene Mill - 191.0 Ilda Community
Ilda Community,Week3,Lakevale Estates,Week5,332.0 Lakevale Estates - 70.0 Ilda Community
Ilda Community,Week4,Old Keene Mill,Week2,203.0 Ilda Community - 199.0 Old Keene Mill
Ilda Community,Week3,Brandywine,Week1,262.0 Brandywine - 140.0 Ilda Community
Hunter Mill,Week3,Lakeview,Week1,330.0 Hunter Mill - 72.0 Lakeview
Hunter Mill,Week4,Lakeview,Week2,329.0 Hunter Mill - 73.0 Lakeview
Ilda Community,Week1,Lakevale Estates,Week2,315.0 Lakevale Estates - 87.0 Ilda Community
Hunter Mill,Week1,Lakeview,Week2,321.0 Hunter Mill - 81.0 Lakeview
Ilda Community,Week2,Old Keene Mill,Week4,226.0 Old Keene Mill - 176.0 Ilda Community
Ilda Community,Week5,Oakton ,Week4,332.5 Oakton - 69.5 Ilda Community
Hunter Mill,Week2,Oakton ,Week3,235.0 Oakton - 167.0 Hunter Mill
Hunter Mill,Week1,Lakeview,Week1,320.0 Hunter Mill - 82.0 Lakeview
Hunter Mill,Week1,Oakton ,Week4,247.0 Oakton - 155.0 Hunter Mill
Hunter Mill,Week3,North Springfield,Week2,337.0 Hunter Mill - 50.0 North Springfield
Hunter Mill,Week2,Oakton ,Week1,237.0 Oakton - 165.0 Hunter Mill
Hunter Mill,Week5,North Springfield,Week1,316.0 Hunter Mill - 35.0 North Springfield
Ilda Community,Week2,Brandywine,Week3,257.0 Brandywine - 145.0 Ilda Community
Hunter Mill,Week2,Lakeview,Week1,320.0 Hunter Mill - 82.0 Lakeview
Ilda Community,Week5,Arlington Forest,Week1,295.0 Arlington Forest - 107.0 Ilda Community
Ilda Community,Week3,Lake Braddock,Week5,203.0 Ilda Community - 199.0 Lake Braddock
Ilda Community,Week3,Brandywine,Week3,259.0 Brandywine - 142.0 Ilda Community
Ilda Community,Week5,Old Keene Mill,Week4,205.0 Old Keene Mill - 196.0 Ilda Community
Ilda Community,Week4,Lake Braddock,Week2,228.0 Ilda Community - 174.0 Lake Braddock
Ilda Community,Week3,Lake Braddock,Week1,227.0 Ilda Community - 175.0 Lake Braddock
Ilda Community,Week3,Brandywine,Week2,265.0 Brandywine - 136.0 Ilda Community
Ilda Community,Week2,Lake Braddock,Week3,216.0 Ilda Community - 186.0 Lake Braddock
Ilda Community,Week3,Lakevale Estates,Week2,341.0 Lakevale Estates - 61.0 Ilda Community
Ilda Community,Week3,Old Keene Mill,Week2,224.0 Old Keene Mill - 178.0 Ilda Community
Ilda Community,Week3,Arlington Forest,Week2,285.0 Arlington Forest - 112.0 Ilda Community
Hunter Mill,Week3,North Springfield,Week5,310.0 Hunter Mill - 63.0 North Springfield
Hunter Mill,Week3,Langley,Week1,231.0 Langley - 171.0 Hunter Mill
Ilda Community,Week1,Old Keene Mill,Week1,213.0 Old Keene Mill - 188.0 Ilda Community
Ilda Community,Week4,Lake Braddock,Week4,239.0 Ilda Community - 163.0 Lake Braddock
Hunter Mill,Week5,Lakevale Estates,Week1,210.0 Hunter Mill - 192.0 Lakevale Estates
Ilda Community,Week4,Oakton ,Week5,327.0 Oakton - 75.0 Ilda Community
Ilda Community,Week2,Old Keene Mill,Week2,209.0 Old Keene Mill - 193.0 Ilda Community
Ilda Community,Week5,Oakton ,Week3,326.0 Oakton - 76.0 Ilda Community
Hunter Mill,Week3,Lakeview,Week3,307.0 Hunter Mill - 95.0 Lakeview
Hunter Mill,Week1,Sully Station,Week3,233.0 Sully Station - 169.0 Hunter Mill
Hunter Mill,Week5,North Springfield,Week5,315.0 Hunter Mill - 59.0 North Springfield
Hunter Mill,Week2,Oakton ,Week2,251.0 Oakton - 151.0 Hunter Mill
Ilda Community,Week3,Brandywine,Week4,281.0 Brandywine - 121.0 Ilda Community
Ilda Community,Week5,Lake Braddock,Week5,209.0 Ilda Community - 193.0 Lake Braddock
Hunter Mill,Week2,Highlands Swim,Week5,298.0 Highlands Swim - 104.0 Hunter Mill
Ilda Community,Week1,Old Keene Mill,Week5,233.0 Old Keene Mill - 169.0 Ilda Community
Hunter Mill,Week2,Stratford,Week3,279.0 Hunter Mill - 123.0 Stratford
Hunter Mill,Week5,North Springfield,Week3,341.0 Hunter Mill - 56.0 North Springfield
Hunter Mill,Week2,Lakeview,Week4,287.0 Hunter Mill - 115.0 Lakeview
Ilda Community,Week4,Lake Braddock,Week1,251.0 Ilda Community - 151.0 Lake Braddock
Hunter Mill,Week2,Lakeview,Week5,288.0 Hunter Mill - 105.0 Lakeview
Hunter Mill,Week4,Highland Park,Week4,236.0 Hunter Mill - 166.0 Highland Park
Hunter Mill,Week2,Highlands Swim,Week1,273.0 Highlands Swim - 129.0 Hunter Mill
Hunter Mill,Week1,Highlands Swim,Week3,267.0 Highlands Swim - 135.0 Hunter Mill
Ilda Community,Week2,Old Keene Mill,Week3,222.0 Old Keene Mill - 180.0 Ilda Community
Hunter Mill,Week5,Lakevale Estates,Week5,221.0 Lakevale Estates - 181.0 Hunter Mill
Ilda Community,Week5,Oakton ,Week5,339.0 Oakton - 62.0 Ilda Community
Ilda Community,Week4,Lake Braddock,Week3,245.0 Ilda Community - 157.0 Lake Braddock
Hunter Mill,Week4,Stratford,Week1,304.0 Hunter Mill - 98.0 Stratford
Ilda Community,Week4,Brandywine,Week1,244.0 Brandywine - 158.0 Ilda Community
Hunter Mill,Week2,Sully Station,Week4,221.0 Sully Station - 181.0 Hunter Mill
Hunter Mill,Week4,Highlands Swim,Week1,253.0 Highlands Swim - 149.0 Hunter Mill
Ilda Community,Week1,Old Keene Mill,Week2,227.0 Old Keene Mill - 174.0 Ilda Community
Hunter Mill,Week3,Lakeview,Week2,324.0 Hunter Mill - 78.0 Lakeview
Hunter Mill,Week3,Highlands Swim,Week2,261.0 Highlands Swim - 141.0 Hunter Mill
Ilda Community,Week5,Lake Braddock,Week4,215.0 Ilda Community - 186.0 Lake Braddock
Ilda Community,Week3,Brandywine,Week5,289.0 Brandywine - 113.0 Ilda Community
Hunter Mill,Week1,Oakton ,Week1,236.0 Oakton - 161.0 Hunter Mill
Hunter Mill,Week5,Lakevale Estates,Week3,218.0 Lakevale Estates - 184.0 Hunter Mill
Ilda Community,Week2,Lake Braddock,Week4,213.0 Ilda Community - 189.0 Lake Braddock
Hunter Mill,Week1,Oakton ,Week5,265.0 Oakton - 137.0 Hunter Mill
Hunter Mill,Week4,Stratford,Week3,295.0 Hunter Mill - 107.0 Stratford
Hunter Mill,Week1,Lakeview,Week4,285.0 Hunter Mill - 117.0 Lakeview
Ilda Community,Week3,Lake Braddock,Week4,210.0 Ilda Community - 192.0 Lake Braddock
Ilda Community,Week5,Lake Braddock,Week2,220.5 Ilda Community - 180.5 Lake Braddock
Hunter Mill,Week4,North Springfield,Week2,334.0 Hunter Mill - 53.0 North Springfield
Hunter Mill,Week1,Highlands Swim,Week2,279.5 Highlands Swim - 122.5 Hunter Mill
Hunter Mill,Week3,North Springfield,Week4,335.0 Hunter Mill - 54.0 North Springfield
Hunter Mill,Week1,Lakeview,Week3,289.0 Hunter Mill - 113.0 Lakeview
Hunter Mill,Week1,Sully Station,Week2,235.0 Sully Station - 162.0 Hunter Mill
Ilda Community,Week3,Old Keene Mill,Week5,230.0 Old Keene Mill - 172.0 Ilda Community
Ilda Community,Week2,Old Keene Mill,Week5,211.0 Old Keene Mill - 191.0 Ilda Community
Hunter Mill,Week3,Highlands Swim,Week5,268.0 Highlands Swim - 134.0 Hunter Mill
Ilda Community,Week3,Lake Braddock,Week3,208.0 Ilda Community - 194.0 Lake Braddock
Hunter Mill,Week4,Lakeview,Week4,297.5 Hunter Mill - 104.5 Lakeview
Hunter Mill,Week2,Stratford,Week2,279.0 Hunter Mill - 123.0 Stratford
Hunter Mill,Week2,Sully Station,Week1,223.5 Sully Station - 177.5 Hunter Mill
Hunter Mill,Week1,Sully Station,Week4,223.0 Sully Station - 179.0 Hunter Mill
Ilda Community,Week2,Lakevale Estates,Week1,328.5 Lakevale Estates - 73.5 Ilda Community
Hunter Mill,Week5,Stratford,Week3,304.0 Hunter Mill - 98.0 Stratford
Ilda Community,Week1,Old Keene Mill,Week3,232.0 Old Keene Mill - 169.0 Ilda Community
Ilda Community,Week3,Old Keene Mill,Week4,213.0 Old Keene Mill - 188.0 Ilda Community
Hunter Mill,Week5,Highland Park,Week5,248.0 Hunter Mill - 154.0 Highland Park
Hunter Mill,Week2,Highlands Swim,Week2,284.0 Highlands Swim - 118.0 Hunter Mill
Hunter Mill,Week5,Lakeview,Week1,328.0 Hunter Mill - 74.0 Lakeview
Ilda Community,Week5,Oakton ,Week1,341.0 Oakton - 61.0 Ilda Community
Ilda Community,Week5,Lake Braddock,Week3,218.0 Ilda Community - 184.0 Lake Braddock
Hunter Mill,Week4,Lakeview,Week1,333.0 Hunter Mill - 69.0 Lakeview
Ilda Community,Week1,Lakevale Estates,Week1,304.0 Lakevale Estates - 98.0 Ilda Community
Ilda Community,Week2,Lake Braddock,Week5,203.0 Ilda Community - 199.0 Lake Braddock
Hunter Mill,Week4,Lakeview,Week5,314.0 Hunter Mill - 79.0 Lakeview
Hunter Mill,Week5,Highland Park,Week2,249.0 Hunter Mill - 153.0 Highland Park
Ilda Community,Week1,Old Keene Mill,Week4,212.0 Old Keene Mill - 189.0 Ilda Community
Ilda Community,Week3,Lakevale Estates,Week1,325.0 Lakevale Estates - 77.0 Ilda Community
Hunter Mill,Week3,Stratford,Week2,288.0 Hunter Mill - 114.0 Stratford
Hunter Mill,Week1,Langley,Week2,232.0 Langley - 170.0 Hunter Mill
Ilda Community,Week2,Lakevale Estates,Week3,329.0 Lakevale Estates - 73.0 Ilda Community
Hunter Mill,Week1,Highlands Swim,Week5,290.0 Highlands Swim - 112.0 Hunter Mill
Hunter Mill,Week2,Langley,Week2,222.0 Langley - 180.0 Hunter Mill
Hunter Mill,Week5,Highlands Swim,Week2,256.0 Highlands Swim - 146.0 Hunter Mill
Hunter Mill,Week5,Lakeview,Week4,296.0 Hunter Mill - 106.0 Lakeview
Ilda Community,Week4,Old Keene Mill,Week3,206.0 Old Keene Mill - 196.0 Ilda Community
Hunter Mill,Week2,Stratford,Week4,262.0 Hunter Mill - 140.0 Stratford
Hunter Mill,Week2,Hollin Hills,Week1,319.0 Hunter Mill - 78.0 Hollin Hills
Hunter Mill,Week1,Hollin Hills,Week4,318.0 Hunter Mill - 83.0 Hollin Hills
Hunter Mill,Week5,Lakeview,Week3,306.0 Hunter Mill - 96.0 Lakeview
Hunter Mill,Week4,Highlands Swim,Week5,271.0 Highlands Swim - 131.0 Hunter Mill
Ilda Community,Week4,Old Keene Mill,Week1,208.0 Ilda Community - 193.0 Old Keene Mill
Ilda Community,Week3,Lakevale Estates,Week3,324.0 Lakevale Estates - 73.0 Ilda Community
Ilda Community,Week3,Lakevale Estates,Week4,341.5 Lakevale Estates - 60.5 Ilda Community
Hunter Mill,Week1,Langley,Week4,224.5 Langley - 177.5 Hunter Mill
Ilda Community,Week4,Old Keene Mill,Week4,210.0 Ilda Community - 191.0 Old Keene Mill
Ilda Community,Week2,Lakevale Estates,Week5,338.0 Lakevale Estates - 64.0 Ilda Community
Hunter Mill,Week2,Highlands Swim,Week3,276.0 Highlands Swim - 126.0 Hunter Mill
Hunter Mill,Week2,Stratford,Week1,284.0 Hunter Mill - 118.0 Stratford
Ilda Community,Week5,Oakton ,Week2,339.0 Oakton - 63.0 Ilda Community
Ilda Community,Week3,Old Keene Mill,Week3,226.0 Old Keene Mill - 176.0 Ilda Community
Hunter Mill,Week2,Stratford,Week5,258.0 Hunter Mill - 144.0 Stratford
Hunter Mill,Week1,Langley,Week3,228.0 Langley - 174.0 Hunter Mill
Hunter Mill,Week3,Stratford,Week4,284.0 Hunter Mill - 118.0 Stratford
Ilda Community,Week4,Lakevale Estates,Week1,292.0 Lakevale Estates - 110.0 Ilda Community
Hunter Mill,Week3,Stratford,Week3,290.5 Hunter Mill - 111.5 Stratford
Ilda Community,Week3,Orange Hunt,Week1,277.0 Orange Hunt - 125.0 Ilda Community
Hunter Mill,Week3,Highlands Swim,Week1,251.0 Highlands Swim - 151.0 Hunter Mill
Ilda Community,Week3,Lakeview,Week5,203.0 Ilda Community - 190.0 Lakeview
Hunter Mill,Week2,Highlands Swim,Week4,275.0 Highlands Swim - 127.0 Hunter Mill
Hunter Mill,Week2,Langley,Week5,233.0 Langley - 169.0 Hunter Mill
Hunter Mill,Week4,Stratford,Week2,302.0 Hunter Mill - 100.0 Stratford
Ilda Community,Week5,Old Keene Mill,Week3,214.0 Old Keene Mill - 187.0 Ilda Community
Hunter Mill,Week5,Stratford,Week1,321.0 Hunter Mill - 81.0 Stratford
Hunter Mill,Week3,Stratford,Week1,304.0 Hunter Mill - 98.0 Stratford
Hunter Mill,Week4,Highland Park,Week5,239.0 Hunter Mill - 163.0 Highland Park
Hunter Mill,Week2,Langley,Week4,228.5 Langley - 173.5 Hunter Mill
Hunter Mill,Week1,Highlands Swim,Week4,272.0 Highlands Swim - 130.0 Hunter Mill
Hunter Mill,Week1,Highlands Swim,Week1,271.0 Highlands Swim - 131.0 Hunter Mill
Hunter Mill,Week5,Highlands Swim,Week4,243.0 Highlands Swim - 159.0 Hunter Mill
Ilda Community,Week1,Orange Hunt,Week3,297.0 Orange Hunt - 104.0 Ilda Community
Ilda Community,Week4,Lakeview,Week5,221.0 Ilda Community - 172.0 Lakeview
Ilda Community,Week5,Lakevale Estates,Week3,323.0 Lakevale Estates - 79.0 Ilda Community
Hunter Mill,Week3,Stratford,Week5,285.0 Hunter Mill - 117.0 Stratford
Hunter Mill,Week4,Stratford,Week4,281.0 Hunter Mill - 121.0 Stratford
Hunter Mill,Week2,Langley,Week3,230.0 Langley - 172.0 Hunter Mill
Ilda Community,Week5,Old Keene Mill,Week1,202.0 Ilda Community - 199.0 Old Keene Mill
Ilda Community,Week4,Lakeview,Week2,250.0 Ilda Community - 152.0 Lakeview
Hunter Mill,Week3,Highlands Swim,Week4,247.0 Highlands Swim - 155.0 Hunter Mill
Ilda Community,Week4,Old Keene Mill,Week5,216.0 Old Keene Mill - 186.0 Ilda Community
Hunter Mill,Week2,Langley,Week1,226.5 Langley - 175.5 Hunter Mill
Ilda Community,Week5,Lakevale Estates,Week2,327.0 Lakevale Estates - 75.0 Ilda Community
Ilda Community,Week5,Old Keene Mill,Week5,223.0 Old Keene Mill - 179.0 Ilda Community
Hunter Mill,Week3,Langley,Week3,228.0 Langley - 174.0 Hunter Mill
Ilda Community,Week4,Lakevale Estates,Week5,321.0 Lakevale Estates - 81.0 Ilda Community
Hunter Mill,Week5,Stratford,Week5,313.0 Hunter Mill - 89.0 Stratford
Ilda Community,Week2,Orange Hunt,Week1,297.0 Orange Hunt - 105.0 Ilda Community
Hunter Mill,Week3,Highlands Swim,Week3,259.0 Highlands Swim - 143.0 Hunter Mill
Hunter Mill,Week5,Stratford,Week4,301.0 Hunter Mill - 101.0 Stratford
Hunter Mill,Week5,Highland Park,Week1,238.0 Hunter Mill - 164.0 Highland Park
Hunter Mill,Week3,Langley,Week2,232.0 Langley - 170.0 Hunter Mill
Hunter Mill,Week4,Stratford,Week5,295.0 Hunter Mill - 107.0 Stratford
Ilda Community,Week2,Orange Hunt,Week5,307.0 Orange Hunt - 94.0 Ilda Community
Ilda Community,Week1,Orange Hunt,Week1,296.0 Orange Hunt - 106.0 Ilda Community
Ilda Community,Week1,Orange Hunt,Week2,294.5 Orange Hunt - 106.5 Ilda Community
Hunter Mill,Week5,Highland Park,Week3,257.0 Hunter Mill - 145.0 Highland Park
Ilda Community,Week4,Lakeview,Week4,216.0 Ilda Community - 186.0 Lakeview
Ilda Community,Week2,Orange Hunt,Week4,289.0 Orange Hunt - 113.0 Ilda Community
Ilda Community,Week5,Lakeview,Week1,230.0 Ilda Community - 172.0 Lakeview
Ilda Community,Week4,Lakevale Estates,Week2,310.0 Lakevale Estates - 92.0 Ilda Community
Hunter Mill,Week5,Stratford,Week2,314.0 Hunter Mill - 88.0 Stratford
Ilda Community,Week1,Lakeview,Week4,210.0 Lakeview - 192.0 Ilda Community
Hunter Mill,Week1,Sully Station,Week1,252.0 Sully Station - 150.0 Hunter Mill
Ilda Community,Week2,Lakeview,Week2,236.0 Ilda Community - 166.0 Lakeview
Hunter Mill,Week5,Highland Park,Week4,240.0 Hunter Mill - 162.0 Highland Park
Hunter Mill,Week4,Highland Park,Week3,246.0 Hunter Mill - 156.0 Highland Park
Hunter Mill,Week1,Sully Station,Week5,255.0 Sully Station - 147.0 Hunter Mill
Ilda Community,Week3,Orange Hunt,Week4,285.0 Orange Hunt - 117.0 Ilda Community
Ilda Community,Week5,Lakevale Estates,Week5,333.0 Lakevale Estates - 69.0 Ilda Community
Ilda Community,Week3,Orange Hunt,Week2,291.0 Orange Hunt - 111.0 Ilda Community
Hunter Mill,Week2,Sully Station,Week3,215.0 Sully Station - 186.0 Hunter Mill
Ilda Community,Week2,Orange Hunt,Week2,296.0 Orange Hunt - 106.0 Ilda Community
Hunter Mill,Week5,Highlands Swim,Week1,243.0 Highlands Swim - 159.0 Hunter Mill
Hunter Mill,Week5,Highlands Swim,Week3,251.0 Highlands Swim - 151.0 Hunter Mill
Hunter Mill,Week4,Highlands Swim,Week3,250.0 Highlands Swim - 152.0 Hunter Mill
Hunter Mill,Week1,Sully Station II,Week3,241.0 Sully Station II - 161.0 Hunter Mill
Hunter Mill,Week2,Sully Station,Week2,223.0 Sully Station - 179.0 Hunter Mill
Ilda Community,Week2,Orange Hunt,Week3,291.0 Orange Hunt - 111.0 Ilda Community
Ilda Community,Week5,Lakevale Estates,Week1,327.0 Lakevale Estates - 75.0 Ilda Community
Ilda Community,Week3,Orange Hunt,Week3,289.0 Orange Hunt - 113.0 Ilda Community
Ilda Community,Week5,Lakevale Estates,Week4,338.0 Lakevale Estates - 64.0 Ilda Community
Hunter Mill,Week5,Sully Station,Week1,204.5 Hunter Mill - 197.5 Sully Station
Hunter Mill,Week4,Highlands Swim,Week4,242.0 Highlands Swim - 160.0 Hunter Mill
Hunter Mill,Week5,Sully Station,Week5,211.0 Sully Station - 191.0 Hunter Mill
Ilda Community,Week1,Lakeview,Week2,230.0 Ilda Community - 171.0 Lakeview
Hunter Mill,Week1,Hollin Hills,Week2,320.0 Hunter Mill - 81.0 Hollin Hills
Ilda Community,Week2,Lakeview,Week4,218.0 Lakeview - 184.0 Ilda Community
Ilda Community,Week1,Orange Hunt,Week4,294.0 Orange Hunt - 107.0 Ilda Community
Hunter Mill,Week3,Sully Station,Week2,215.0 Sully Station - 187.0 Hunter Mill
Ilda Community,Week3,Orange Hunt,Week5,301.0 Orange Hunt - 100.0 Ilda Community
Ilda Community,Week2,Lakeview,Week5,205.0 Ilda Community - 188.0 Lakeview
Ilda Community,Week4,Lakevale Estates,Week4,327.0 Lakevale Estates - 75.0 Ilda Community
Hunter Mill,Week4,Sully Station,Week1,219.0 Sully Station - 183.0 Hunter Mill
Hunter Mill,Week4,Sully Station,Week2,203.0 Sully Station - 199.0 Hunter Mill
Ilda Community,Week1,Orange Hunt,Week5,314.0 Orange Hunt - 84.0 Ilda Community
Hunter Mill,Week3,Sully Station II,Week3,238.0 Sully Station II - 164.0 Hunter Mill
Hunter Mill,Week4,Hollin Hills,Week5,319.0 Hunter Mill - 81.0 Hollin Hills
Ilda Community,Week2,Lakeview,Week3,223.0 Ilda Community - 179.0 Lakeview
Hunter Mill,Week5,Hollin Hills,Week3,339.0 Hunter Mill - 63.0 Hollin Hills
Hunter Mill,Week1,Hollin Hills,Week5,310.0 Hunter Mill - 87.0 Hollin Hills
Hunter Mill,Week3,Sully Station,Week4,214.0 Sully Station - 188.0 Hunter Mill
Hunter Mill,Week1,Hollin Hills,Week3,313.0 Hunter Mill - 89.0 Hollin Hills
Ilda Community,Week1,Lakeview,Week3,217.0 Ilda Community - 185.0 Lakeview
Hunter Mill,Week4,Sully Station,Week3,212.0 Sully Station - 190.0 Hunter Mill
Ilda Community,Week4,Orange Hunt,Week1,264.0 Orange Hunt - 138.0 Ilda Community
Ilda Community,Week4,Lakevale Estates,Week3,314.0 Lakevale Estates - 88.0 Ilda Community
Hunter Mill,Week5,Highlands Swim,Week5,265.0 Highlands Swim - 137.0 Hunter Mill
Ilda Community,Week3,Lakeview,Week1,230.0 Ilda Community - 172.0 Lakeview
Ilda Community,Week3,Lakeview,Week2,218.0 Ilda Community - 184.0 Lakeview
Hunter Mill,Week4,Hollin Hills,Week2,328.0 Hunter Mill - 69.0 Hollin Hills
Hunter Mill,Week5,Sully Station,Week4,217.0 Hunter Mill - 185.0 Sully Station
Hunter Mill,Week1,Hollin Hills,Week1,314.0 Hunter Mill - 87.0 Hollin Hills
Ilda Community,Week2,Lakeview,Week1,241.5 Ilda Community - 160.5 Lakeview
Hunter Mill,Week4,Highlands Swim,Week2,273.0 Highlands Swim - 129.0 Hunter Mill
Hunter Mill,Week4,Sully Station,Week4,202.0 Sully Station - 200.0 Hunter Mill
Hunter Mill,Week1,Hollin Meadows,Week1,219.0 Hunter Mill - 183.0 Hollin Meadows
Ilda Community,Week1,Langley,Week4,323.0 Langley - 79.0 Ilda Community
Hunter Mill,Week2,Sully Station II,Week5,256.0 Sully Station II - 146.0 Hunter Mill
Ilda Community,Week3,Langley,Week3,315.0 Langley - 87.0 Ilda Community
Hunter Mill,Week5,Hollin Hills,Week1,334.0 Hunter Mill - 68.0 Hollin Hills
Ilda Community,Week3,Lakeview,Week3,205.0 Ilda Community - 197.0 Lakeview
Hunter Mill,Week4,Newington Forest,Week4,305.0 Hunter Mill - 97.0 Newington Forest
Ilda Community,Week2,Langley,Week1,319.0 Langley - 83.0 Ilda Community
Hunter Mill,Week2,Hollin Hills,Week4,319.0 Hunter Mill - 78.0 Hollin Hills
Hunter Mill,Week3,Hollin Hills,Week3,328.0 Hunter Mill - 74.0 Hollin Hills
Hunter Mill,Week5,Sully Station,Week2,219.0 Hunter Mill - 183.0 Sully Station
Hunter Mill,Week5,Hollin Hills,Week2,329.0 Hunter Mill - 73.0 Hollin Hills
Ilda Community,Week1,Langley,Week1,320.0 Langley - 82.0 Ilda Community
Hunter Mill,Week4,Hollin Hills,Week4,323.0 Hunter Mill - 75.0 Hollin Hills
Hunter Mill,Week4,Hollin Hills,Week3,330.0 Hunter Mill - 71.0 Hollin Hills
Ilda Community,Week1,Lakeview,Week5,206.0 Ilda Community - 187.0 Lakeview
Hunter Mill,Week1,Hollin Meadows,Week2,246.5 Hunter Mill - 155.5 Hollin Meadows
Ilda Community,Week2,Langley,Week2,305.0 Langley - 97.0 Ilda Community
Ilda Community,Week5,Lakeview,Week5,201.0 Ilda Community - 192.0 Lakeview
Hunter Mill,Week4,Sully Station II,Week3,220.0 Sully Station II - 182.0 Hunter Mill
Hunter Mill,Week2,Sully Station,Week5,246.0 Sully Station - 155.0 Hunter Mill
Ilda Community,Week1,Lakeview,Week1,240.0 Ilda Community - 162.0 Lakeview
Hunter Mill,Week5,Hollin Hills,Week5,324.0 Hunter Mill - 78.0 Hollin Hills
Ilda Community,Week4,Langley,Week4,310.0 Langley - 92.0 Ilda Community
Hunter Mill,Week4,Sully Station II,Week1,209.0 Hunter Mill - 193.0 Sully Station II
Ilda Community,Week5,Lakeview,Week3,217.0 Ilda Community - 184.0 Lakeview
Hunter Mill,Week1,Hollin Meadows,Week5,215.0 Hunter Mill - 187.0 Hollin Meadows
Hunter Mill,Week4,Sully Station II,Week4,223.0 Hunter Mill - 179.0 Sully Station II
Hunter Mill,Week3,Sully Station,Week5,231.0 Sully Station - 171.0 Hunter Mill
Ilda Community,Week2,Langley,Week3,312.0 Langley - 90.0 Ilda Community
Ilda Community,Week5,Lakeview,Week4,211.0 Lakeview - 190.0 Ilda Community
Ilda Community,Week2,Langley,Week4,320.0 Langley - 82.0 Ilda Community
Hunter Mill,Week3,Sully Station,Week3,213.0 Sully Station - 189.0 Hunter Mill
Ilda Community,Week4,Lakeview,Week3,242.0 Ilda Community - 160.0 Lakeview
Hunter Mill,Week5,Sully Station,Week3,215.0 Hunter Mill - 187.0 Sully Station
Hunter Mill,Week3,Hollin Hills,Week2,320.5 Hunter Mill - 81.5 Hollin Hills
Ilda Community,Week3,Lakeview,Week4,213.0 Lakeview - 189.0 Ilda Community
Hunter Mill,Week3,Sully Station II,Week2,210.0 Sully Station II - 192.0 Hunter Mill
Hunter Mill,Week4,Hollin Hills,Week1,324.0 Hunter Mill - 74.0 Hollin Hills
Hunter Mill,Week1,Hollin Meadows,Week3,242.0 Hunter Mill - 160.0 Hollin Meadows
Hunter Mill,Week4,Sully Station,Week5,225.0 Sully Station - 176.0 Hunter Mill
Hunter Mill,Week2,Hollin Meadows,Week1,212.0 Hunter Mill - 189.0 Hollin Meadows
Hunter Mill,Week1,Sully Station II,Week4,209.0 Hunter Mill - 193.0 Sully Station II
Hunter Mill,Week1,Sully Station II,Week1,207.0 Hunter Mill - 195.0 Sully Station II
Hunter Mill,Week3,Sully Station,Week1,240.0 Sully Station - 162.0 Hunter Mill
Hunter Mill,Week1,Sully Station II,Week2,230.0 Sully Station II - 172.0 Hunter Mill
Ilda Community,Week4,Lakeview,Week1,253.0 Ilda Community - 149.0 Lakeview
Hunter Mill,Week5,Hollin Hills,Week4,333.0 Hunter Mill - 69.0 Hollin Hills
Hunter Mill,Week3,Sully Station II,Week4,213.0 Hunter Mill - 189.0 Sully Station II
Hunter Mill,Week4,Sully Station II,Week2,204.0 Sully Station II - 198.0 Hunter Mill
Hunter Mill,Week2,Hollin Hills,Week2,318.0 Hunter Mill - 80.0 Hollin Hills
Hunter Mill,Week1,Hollin Meadows,Week4,238.0 Hunter Mill - 164.0 Hollin Meadows
Hunter Mill,Week3,Hollin Hills,Week5,310.0 Hunter Mill - 91.0 Hollin Hills
Hunter Mill,Week2,Hollin Hills,Week3,307.0 Hunter Mill - 94.0 Hollin Hills
Ilda Community,Week2,Langley,Week5,310.5 Langley - 91.5 Ilda Community
Ilda Community,Week1,Langley,Week3,304.0 Langley - 98.0 Ilda Community
Ilda Community,Week3,Langley,Week1,318.0 Langley - 84.0 Ilda Community
Hunter Mill,Week2,Sully Station II,Week1,207.0 Hunter Mill - 194.0 Sully Station II
Hunter Mill,Week3,Hollin Hills,Week1,320.0 Hunter Mill - 81.0 Hollin Hills
Ilda Community,Week3,Langley,Week4,323.0 Langley - 79.0 Ilda Community
Hunter Mill,Week3,Sully Station II,Week1,214.0 Hunter Mill - 188.0 Sully Station II
Ilda Community,Week3,Langley,Week2,312.0 Langley - 90.0 Ilda Community
Hunter Mill,Week2,Hollin Hills,Week5,303.0 Hunter Mill - 97.0 Hollin Hills
Hunter Mill,Week2,Sully Station II,Week3,247.0 Sully Station II - 155.0 Hunter Mill
Hunter Mill,Week2,Sully Station II,Week4,210.0 Hunter Mill - 192.0 Sully Station II
Hunter Mill,Week2,Sully Station II,Week2,222.0 Sully Station II - 180.0 Hunter Mill
Hunter Mill,Week1,Sully Station II,Week5,260.0 Sully Station II - 142.0 Hunter Mill
Hunter Mill,Week3,Hollin Hills,Week4,328.0 Hunter Mill - 70.0 Hollin Hills
Hunter Mill,Week2,Hollin Meadows,Week5,215.5 Hunter Mill - 186.5 Hollin Meadows
Ilda Community,Week3,Langley,Week5,312.0 Langley - 90.0 Ilda Community
Hunter Mill,Week2,Holmes Run Acres,Week1,245.0 Hunter Mill - 157.0 Holmes Run Acres
Ilda Community,Week1,Langley,Week2,307.0 Langley - 95.0 Ilda Community
Hunter Mill,Week3,Sully Station II,Week5,242.0 Sully Station II - 160.0 Hunter Mill
Kent Gardens,Week3,Broyhill Crest,Week2,335.0 Kent Gardens - 65.0 Broyhill Crest
Hunter Mill,Week4,Truro,Week3,302.0 Hunter Mill - 100.0 Truro
Hunter Mill,Week1,Truro,Week5,280.0 Hunter Mill - 117.0 Truro
Hunter Mill,Week5,Hollin Meadows,Week3,255.0 Hunter Mill - 147.0 Hollin Meadows
Hunter Mill,Week3,Truro,Week1,276.0 Hunter Mill - 126.0 Truro
Hunter Mill,Week2,Holmes Run Acres,Week3,214.0 Hunter Mill - 188.0 Holmes Run Acres
Ilda Community,Week4,Laurel Hill,Week2,248.0 Ilda Community - 153.0 Laurel Hill
Ilda Community,Week1,Laurel Hill,Week1,218.0 Ilda Community - 174.0 Laurel Hill
Hunter Mill,Week5,Sully Station II,Week4,237.0 Hunter Mill - 165.0 Sully Station II
Ilda Community,Week1,Langley,Week5,307.0 Langley - 95.0 Ilda Community
Kent Gardens,Week1,Burke Station,Week5,244.0 Kent Gardens - 157.0 Burke Station
Hunter Mill,Week1,Truro,Week1,272.0 Hunter Mill - 130.0 Truro
Ilda Community,Week5,Langley,Week2,305.0 Langley - 97.0 Ilda Community
Hunter Mill,Week5,Sully Station II,Week5,225.0 Sully Station II - 177.0 Hunter Mill
Kent Gardens,Week4,Broyhill Crest,Week1,337.0 Kent Gardens - 64.0 Broyhill Crest
Hunter Mill,Week3,Hollin Meadows,Week3,236.0 Hunter Mill - 166.0 Hollin Meadows
Ilda Community,Week4,Langley,Week2,292.0 Langley - 110.0 Ilda Community
Ilda Community,Week4,Langley,Week3,297.0 Langley - 105.0 Ilda Community
Kent Gardens,Week2,Broyhill Crest,Week3,340.0 Kent Gardens - 61.0 Broyhill Crest
Kent Gardens,Week5,Broyhill Crest,Week2,370.0 Kent Gardens - 32.0 Broyhill Crest
Kent Gardens,Week3,Broyhill Crest,Week1,331.0 Kent Gardens - 67.0 Broyhill Crest
Hunter Mill,Week2,Holmes Run Acres,Week2,249.5 Hunter Mill - 152.5 Holmes Run Acres
Hunter Mill,Week2,Holmes Run Acres,Week5,202.0 Holmes Run Acres - 200.0 Hunter Mill
Hunter Mill,Week5,Sully Station II,Week1,230.0 Hunter Mill - 172.0 Sully Station II
Ilda Community,Week5,Lakeview,Week2,229.0 Ilda Community - 172.0 Lakeview
Hunter Mill,Week4,Hollin Meadows,Week5,240.0 Hunter Mill - 162.0 Hollin Meadows
Kent Gardens,Week1,Burke Station,Week2,281.0 Kent Gardens - 120.0 Burke Station
Kent Gardens,Week5,Broyhill Crest,Week1,362.5 Kent Gardens - 39.5 Broyhill Crest
Ilda Community,Week1,Laurel Hill,Week2,213.0 Ilda Community - 188.0 Laurel Hill
Ilda Community,Week5,Langley,Week4,312.0 Langley - 90.0 Ilda Community
Hunter Mill,Week1,Holmes Run Acres,Week2,244.0 Hunter Mill - 158.0 Holmes Run Acres
Ilda Community,Week1,Laurel Hill,Week5,231.0 Laurel Hill - 170.0 Ilda Community
Kent Gardens,Week1,Burke Station,Week4,268.0 Kent Gardens - 133.0 Burke Station
Ilda Community,Week2,Laurel Hill,Week5,225.5 Laurel Hill - 176.5 Ilda Community
Hunter Mill,Week4,Holmes Run Acres,Week1,264.0 Hunter Mill - 138.0 Holmes Run Acres
Kent Gardens,Week3,Broyhill Crest,Week3,336.0 Kent Gardens - 65.0 Broyhill Crest
Kent Gardens,Week1,Broyhill Crest,Week3,348.0 Kent Gardens - 54.0 Broyhill Crest
Hunter Mill,Week2,Hollin Meadows,Week2,233.0 Hunter Mill - 169.0 Hollin Meadows
Hunter Mill,Week5,Hollin Meadows,Week1,245.0 Hunter Mill - 157.0 Hollin Meadows
Hunter Mill,Week2,Tuckahoe,Week4,316.0 Tuckahoe - 86.0 Hunter Mill
Ilda Community,Week3,Laurel Hill,Week4,204.0 Ilda Community - 198.0 Laurel Hill
Hunter Mill,Week2,Truro,Week4,265.0 Hunter Mill - 137.0 Truro
Hunter Mill,Week2,Truro,Week2,269.0 Hunter Mill - 133.0 Truro
Kent Gardens,Week3,Broyhill Crest,Week4,341.0 Kent Gardens - 59.0 Broyhill Crest
Ilda Community,Week5,Langley,Week1,317.0 Langley - 85.0 Ilda Community
Hunter Mill,Week1,Truro,Week4,277.0 Hunter Mill - 125.0 Truro
Kent Gardens,Week5,Broyhill Crest,Week3,370.0 Kent Gardens - 32.0 Broyhill Crest
Hunter Mill,Week4,Sully Station II,Week5,246.0 Sully Station II - 156.0 Hunter Mill
Ilda Community,Week2,Laurel Hill,Week3,207.0 Laurel Hill - 195.0 Ilda Community
Kent Gardens,Week2,Broyhill Crest,Week1,336.0 Kent Gardens - 64.0 Broyhill Crest
Kent Gardens,Week1,Broyhill Crest,Week5,326.0 Kent Gardens - 75.0 Broyhill Crest
Hunter Mill,Week5,Hollin Meadows,Week4,261.0 Hunter Mill - 141.0 Hollin Meadows
Hunter Mill,Week4,Truro,Week1,294.0 Hunter Mill - 108.0 Truro
Hunter Mill,Week2,Truro,Week1,267.0 Hunter Mill - 135.0 Truro
Kent Gardens,Week2,Broyhill Crest,Week5,325.0 Kent Gardens - 76.0 Broyhill Crest
Hunter Mill,Week3,Hollin Meadows,Week4,244.0 Hunter Mill - 158.0 Hollin Meadows
Hunter Mill,Week4,Hollin Meadows,Week1,241.0 Hunter Mill - 160.0 Hollin Meadows
Hunter Mill,Week4,Hollin Meadows,Week3,261.0 Hunter Mill - 141.0 Hollin Meadows
Hunter Mill,Week5,Sully Station II,Week3,236.0 Sully Station II - 166.0 Hunter Mill
Ilda Community,Week1,Laurel Hill,Week3,217.0 Laurel Hill - 185.0 Ilda Community
Hunter Mill,Week4,Hollin Meadows,Week2,264.0 Hunter Mill - 138.0 Hollin Meadows
Kent Gardens,Week1,Broyhill Crest,Week4,339.0 Kent Gardens - 62.0 Broyhill Crest
Hunter Mill,Week1,Truro,Week3,284.0 Hunter Mill - 118.0 Truro
Hunter Mill,Week3,Truro,Week3,298.0 Hunter Mill - 104.0 Truro
Ilda Community,Week2,Laurel Hill,Week1,218.0 Ilda Community - 182.0 Laurel Hill
Ilda Community,Week3,Laurel Hill,Week3,209.0 Laurel Hill - 193.0 Ilda Community
Hunter Mill,Week2,Hollin Meadows,Week3,228.0 Hunter Mill - 174.0 Hollin Meadows
Hunter Mill,Week5,Hollin Meadows,Week5,228.0 Hunter Mill - 174.0 Hollin Meadows
Hunter Mill,Week1,Truro,Week2,296.0 Hunter Mill - 101.0 Truro
Hunter Mill,Week3,Hollin Meadows,Week5,230.0 Hunter Mill - 172.0 Hollin Meadows
Hunter Mill,Week3,Truro,Week4,287.0 Hunter Mill - 115.0 Truro
Ilda Community,Week4,Langley,Week1,306.0 Langley - 96.0 Ilda Community
Kent Gardens,Week4,Broyhill Crest,Week2,341.0 Kent Gardens - 60.0 Broyhill Crest
Hunter Mill,Week5,Sully Station II,Week2,205.0 Hunter Mill - 197.0 Sully Station II
Kent Gardens,Week4,Broyhill Crest,Week3,344.0 Kent Gardens - 57.0 Broyhill Crest
Kent Gardens,Week3,Burke Station,Week1,230.0 Kent Gardens - 149.0 Burke Station
Ilda Community,Week2,Laurel Hill,Week2,228.0 Ilda Community - 173.0 Laurel Hill
Ilda Community,Week2,Laurel Hill,Week4,207.0 Laurel Hill - 195.0 Ilda Community
Hunter Mill,Week2,Hollin Meadows,Week4,227.5 Hunter Mill - 174.5 Hollin Meadows
Ilda Community,Week5,Laurel Hill,Week1,208.0 Ilda Community - 189.0 Laurel Hill
Hunter Mill,Week3,Hollin Meadows,Week1,232.0 Hunter Mill - 170.0 Hollin Meadows
Kent Gardens,Week5,Broyhill Crest,Week4,362.0 Kent Gardens - 40.0 Broyhill Crest
Kent Gardens,Week1,Broyhill Crest,Week2,352.0 Kent Gardens - 50.0 Broyhill Crest
Hunter Mill,Week1,Holmes Run Acres,Week5,208.0 Holmes Run Acres - 194.0 Hunter Mill
Ilda Community,Week3,Laurel Hill,Week5,226.0 Laurel Hill - 175.0 Ilda Community
Ilda Community,Week4,Laurel Hill,Week1,226.0 Ilda Community - 171.0 Laurel Hill
Hunter Mill,Week5,Truro,Week3,296.0 Hunter Mill - 106.0 Truro
Kent Gardens,Week4,Broyhill Crest,Week4,345.0 Kent Gardens - 56.0 Broyhill Crest
Ilda Community,Week3,Laurel Hill,Week1,209.0 Ilda Community - 188.0 Laurel Hill
Hunter Mill,Week5,Truro,Week4,275.0 Hunter Mill - 127.0 Truro
Hunter Mill,Week5,Truro,Week2,304.0 Hunter Mill - 98.0 Truro
Hunter Mill,Week2,Truro,Week5,270.0 Hunter Mill - 132.0 Truro
Hunter Mill,Week3,Hollin Meadows,Week2,255.0 Hunter Mill - 147.0 Hollin Meadows
Hunter Mill,Week1,Holmes Run Acres,Week4,242.0 Hunter Mill - 160.0 Holmes Run Acres
Hunter Mill,Week1,Holmes Run Acres,Week3,210.0 Hunter Mill - 192.0 Holmes Run Acres
Kent Gardens,Week2,Broyhill Crest,Week4,337.5 Kent Gardens - 62.5 Broyhill Crest
Kent Gardens,Week3,Broyhill Crest,Week5,325.0 Kent Gardens - 76.0 Broyhill Crest
Ilda Community,Week5,Langley,Week3,310.0 Langley - 92.0 Ilda Community
Hunter Mill,Week1,Holmes Run Acres,Week1,248.0 Hunter Mill - 154.0 Holmes Run Acres
Kent Gardens,Week5,Broyhill Crest,Week5,352.0 Kent Gardens - 50.0 Broyhill Crest
Hunter Mill,Week1,Tuckahoe,Week1,282.0 Tuckahoe - 120.0 Hunter Mill
Kent Gardens,Week1,Burke Station,Week3,239.0 Kent Gardens - 154.0 Burke Station
Hunter Mill,Week4,Truro,Week4,298.0 Hunter Mill - 104.0 Truro
Hunter Mill,Week3,Truro,Week2,301.0 Hunter Mill - 97.0 Truro
Hunter Mill,Week2,Truro,Week3,274.0 Hunter Mill - 128.0 Truro
Ilda Community,Week1,Laurel Hill,Week4,209.0 Laurel Hill - 193.0 Ilda Community
Ilda Community,Week5,Langley,Week5,303.0 Langley - 99.0 Ilda Community
Ilda Community,Week3,Laurel Hill,Week2,225.0 Ilda Community - 176.0 Laurel Hill
Kent Gardens,Week2,Burke Station,Week2,273.0 Kent Gardens - 128.0 Burke Station
Hunter Mill,Week3,Truro,Week5,292.0 Hunter Mill - 109.0 Truro
Kent Gardens,Week2,Broyhill Crest,Week2,339.0 Kent Gardens - 62.0 Broyhill Crest
Hunter Mill,Week4,Truro,Week5,297.0 Hunter Mill - 105.0 Truro
Kent Gardens,Week1,Burke Station,Week1,228.0 Kent Gardens - 151.0 Burke Station
Ilda Community,Week4,Langley,Week5,289.0 Langley - 113.0 Ilda Community
Kent Gardens,Week4,Broyhill Crest,Week5,328.0 Kent Gardens - 74.0 Broyhill Crest
Hunter Mill,Week5,Hollin Meadows,Week2,269.5 Hunter Mill - 132.5 Hollin Meadows
Hunter Mill,Week2,Holmes Run Acres,Week4,241.0 Hunter Mill - 161.0 Holmes Run Acres
Hunter Mill,Week4,Truro,Week2,309.0 Hunter Mill - 92.0 Truro
Hunter Mill,Week3,Holmes Run Acres,Week1,259.0 Hunter Mill - 142.0 Holmes Run Acres
Hunter Mill,Week4,Hollin Meadows,Week4,257.0 Hunter Mill - 145.0 Hollin Meadows
Hunter Mill,Week3,Holmes Run Acres,Week4,260.0 Hunter Mill - 142.0 Holmes Run Acres
Ilda Community,Week4,Laurel Hill,Week3,213.0 Ilda Community - 189.0 Laurel Hill
Hunter Mill,Week5,Truro,Week5,287.0 Hunter Mill - 115.0 Truro
Kent Gardens,Week2,Burke Station,Week1,229.0 Kent Gardens - 150.0 Burke Station
Ilda Community,Week5,Laurel Hill,Week2,226.0 Ilda Community - 175.0 Laurel Hill
Ilda Community,Week5,Laurel Hill,Week3,205.0 Laurel Hill - 196.0 Ilda Community
Hunter Mill,Week3,Holmes Run Acres,Week2,253.0 Hunter Mill - 149.0 Holmes Run Acres
Ilda Community,Week2,Lee Graham,Week3,341.0 Lee Graham - 61.0 Ilda Community
Kent Gardens,Week3,Camelot,Week5,211.0 Kent Gardens - 191.0 Camelot
Ilda Community,Week5,Laurel Hill,Week5,222.0 Laurel Hill - 179.0 Ilda Community
Hunter Mill,Week4,Holmes Run Acres,Week5,208.0 Hunter Mill - 194.0 Holmes Run Acres
Hunter Mill,Week1,Tuckahoe,Week5,299.0 Tuckahoe - 103.0 Hunter Mill
Hunter Mill,Week1,Tuckahoe,Week3,321.0 Tuckahoe - 81.0 Hunter Mill
Kent Gardens,Week2,Camelot,Week4,222.0 Kent Gardens - 180.0 Camelot
Kent Gardens,Week2,Burke Station,Week3,238.0 Kent Gardens - 154.0 Burke Station
Ilda Community,Week1,Lee Graham,Week2,331.0 Lee Graham - 70.0 Ilda Community
Kent Gardens,Week5,Burke Station,Week2,297.0 Kent Gardens - 105.0 Burke Station
Hunter Mill,Week3,Holmes Run Acres,Week5,208.0 Hunter Mill - 194.0 Holmes Run Acres
Ilda Community,Week2,Lee Graham,Week1,329.0 Lee Graham - 73.0 Ilda Community
Hunter Mill,Week1,Tuckahoe,Week4,314.0 Tuckahoe - 88.0 Hunter Mill
Hunter Mill,Week4,Holmes Run Acres,Week4,266.0 Hunter Mill - 136.0 Holmes Run Acres
Hunter Mill,Week5,Truro,Week1,285.0 Hunter Mill - 117.0 Truro
Ilda Community,Week5,Laurel Hill,Week4,204.0 Laurel Hill - 197.0 Ilda Community
Hunter Mill,Week3,Holmes Run Acres,Week3,215.0 Hunter Mill - 187.0 Holmes Run Acres
Hunter Mill,Week4,Tuckahoe,Week3,310.0 Tuckahoe - 92.0 Hunter Mill
Ilda Community,Week4,Laurel Hill,Week4,217.0 Ilda Community - 185.0 Laurel Hill
Ilda Community,Week1,Lee Graham,Week5,333.0 Lee Graham - 69.0 Ilda Community
Hunter Mill,Week5,Holmes Run Acres,Week4,256.0 Hunter Mill - 146.0 Holmes Run Acres
Hunter Mill,Week5,Holmes Run Acres,Week2,261.0 Hunter Mill - 141.0 Holmes Run Acres
Hunter Mill,Week4,Holmes Run Acres,Week2,256.0 Hunter Mill - 146.0 Holmes Run Acres
Hunter Mill,Week3,Tuckahoe,Week5,303.0 Tuckahoe - 99.0 Hunter Mill
Hunter Mill,Week1,Tuckahoe,Week2,295.0 Tuckahoe - 107.0 Hunter Mill
Ilda Community,Week1,Lee Graham,Week3,337.0 Lee Graham - 65.0 Ilda Community
Hunter Mill,Week3,Tuckahoe,Week3,328.0 Tuckahoe - 74.0 Hunter Mill
Hunter Mill,Week3,Tuckahoe,Week4,315.0 Tuckahoe - 87.0 Hunter Mill
Hunter Mill,Week2,Tuckahoe,Week1,292.0 Tuckahoe - 110.0 Hunter Mill
Hunter Mill,Week4,Holmes Run Acres,Week3,225.0 Hunter Mill - 177.0 Holmes Run Acres
Kent Gardens,Week5,Burke Station,Week4,283.0 Kent Gardens - 119.0 Burke Station
Kent Gardens,Week3,Camelot,Week4,218.0 Kent Gardens - 184.0 Camelot
Kent Gardens,Week1,Camelot,Week3,237.0 Kent Gardens - 165.0 Camelot
Kent Gardens,Week2,Camelot,Week2,210.0 Kent Gardens - 192.0 Camelot
Kent Gardens,Week3,Burke Station,Week3,234.0 Kent Gardens - 159.0 Burke Station
Kent Gardens,Week3,Burke Station,Week5,238.0 Kent Gardens - 163.0 Burke Station
Hunter Mill,Week2,Tuckahoe,Week3,327.0 Tuckahoe - 75.0 Hunter Mill
Hunter Mill,Week5,Holmes Run Acres,Week1,258.5 Hunter Mill - 143.5 Holmes Run Acres
Hunter Mill,Week4,Tuckahoe,Week4,306.0 Tuckahoe - 96.0 Hunter Mill
Hunter Mill,Week2,Tuckahoe,Week2,302.0 Tuckahoe - 100.0 Hunter Mill
Kent Gardens,Week5,Burke Station,Week5,263.0 Kent Gardens - 139.0 Burke Station
Ilda Community,Week2,Lee Graham,Week5,342.5 Lee Graham - 59.5 Ilda Community
Kent Gardens,Week2,Burke Station,Week4,267.0 Kent Gardens - 134.0 Burke Station
Ilda Community,Week1,Lee Graham,Week1,321.0 Lee Graham - 81.0 Ilda Community
Hunter Mill,Week2,Tuckahoe,Week5,311.0 Tuckahoe - 91.0 Hunter Mill
Ilda Community,Week2,Lee Graham,Week2,344.0 Lee Graham - 58.0 Ilda Community
Kent Gardens,Week1,Camelot,Week4,248.0 Kent Gardens - 154.0 Camelot
Ilda Community,Week4,Laurel Hill,Week5,204.0 Laurel Hill - 197.0 Ilda Community
Ilda Community,Week1,Lee Graham,Week4,331.0 Lee Graham - 71.0 Ilda Community
Ilda Community,Week2,Lee Graham,Week4,332.0 Lee Graham - 70.0 Ilda Community
Hunter Mill,Week5,Holmes Run Acres,Week3,237.0 Hunter Mill - 165.0 Holmes Run Acres
Kent Gardens,Week2,Burke Station,Week5,237.0 Kent Gardens - 164.0 Burke Station
Kent Gardens,Week3,Burke Station,Week2,268.0 Kent Gardens - 133.0 Burke Station
Ilda Community,Week5,Lee Graham,Week2,334.0 Lee Graham - 67.0 Ilda Community
Kent Gardens,Week4,Burke Station,Week1,235.0 Kent Gardens - 144.0 Burke Station
Kent Gardens,Week4,Burke Station,Week2,272.0 Kent Gardens - 130.0 Burke Station
Kent Gardens,Week5,Burke Station,Week1,250.0 Kent Gardens - 129.0 Burke Station
Ilda Community,Week3,Lee Graham,Week4,331.0 Lee Graham - 71.0 Ilda Community
Ilda Community,Week3,Lincolnia Park,Week2,239.0 Ilda Community - 145.0 Lincolnia Park
Ilda Community,Week4,Lee Graham,Week3,325.0 Lee Graham - 77.0 Ilda Community
Hunter Mill,Week4,Tuckahoe,Week1,280.0 Tuckahoe - 122.0 Hunter Mill
Ilda Community,Week4,Lee Graham,Week5,336.0 Lee Graham - 66.0 Ilda Community
Hunter Mill,Week5,Tuckahoe,Week2,278.5 Tuckahoe - 123.5 Hunter Mill
Kent Gardens,Week4,Burke Station,Week3,250.0 Kent Gardens - 146.0 Burke Station
Hunter Mill,Week5,Tuckahoe,Week5,288.0 Tuckahoe - 114.0 Hunter Mill
Hunter Mill,Week4,Tuckahoe,Week5,289.0 Tuckahoe - 113.0 Hunter Mill
Hunter Mill,Week5,Tuckahoe,Week1,268.0 Tuckahoe - 134.0 Hunter Mill
Kent Gardens,Week2,Camelot,Week1,221.0 Kent Gardens - 180.0 Camelot
Hunter Mill,Week3,Tuckahoe,Week1,296.0 Tuckahoe - 106.0 Hunter Mill
Ilda Community,Week4,Lee Graham,Week1,308.0 Lee Graham - 94.0 Ilda Community
Hunter Mill,Week1,Vienna Aquatic,Week1,245.0 Vienna Aquatic - 157.0 Hunter Mill
Kent Gardens,Week4,Burke Station,Week5,248.0 Kent Gardens - 154.0 Burke Station
Ilda Community,Week3,Lee Graham,Week5,337.0 Lee Graham - 65.0 Ilda Community
Kent Gardens,Week3,Burke Station,Week4,263.0 Kent Gardens - 138.0 Burke Station
Ilda Community,Week3,Lee Graham,Week1,315.0 Lee Graham - 87.0 Ilda Community
Ilda Community,Week5,Lee Graham,Week4,334.0 Lee Graham - 68.0 Ilda Community
Ilda Community,Week2,Lincolnia Park,Week4,260.0 Ilda Community - 141.0 Lincolnia Park
Ilda Community,Week3,Lincolnia Park,Week1,252.0 Ilda Community - 144.0 Lincolnia Park
Kent Gardens,Week2,Camelot,Week3,232.0 Kent Gardens - 170.0 Camelot
Hunter Mill,Week1,Vienna Aquatic,Week2,236.0 Vienna Aquatic - 166.0 Hunter Mill
Ilda Community,Week1,Lincolnia Park,Week4,254.0 Ilda Community - 148.0 Lincolnia Park
Ilda Community,Week2,Lincolnia Park,Week5,225.0 Ilda Community - 168.0 Lincolnia Park
Kent Gardens,Week1,Camelot,Week5,232.0 Kent Gardens - 170.0 Camelot
Kent Gardens,Week1,Camelot,Week2,234.0 Kent Gardens - 168.0 Camelot
Hunter Mill,Week1,Vienna Aquatic,Week4,241.5 Vienna Aquatic - 160.5 Hunter Mill
Hunter Mill,Week5,Tuckahoe,Week4,311.0 Tuckahoe - 91.0 Hunter Mill
Kent Gardens,Week4,Burke Station,Week4,266.0 Kent Gardens - 136.0 Burke Station
Kent Gardens,Week3,Camelot,Week1,215.0 Kent Gardens - 186.0 Camelot
Kent Gardens,Week1,Camelot,Week1,229.0 Kent Gardens - 172.0 Camelot
Kent Gardens,Week5,Burke Station,Week3,262.0 Kent Gardens - 134.0 Burke Station
Hunter Mill,Week3,Tuckahoe,Week2,300.0 Tuckahoe - 102.0 Hunter Mill
Hunter Mill,Week2,Vienna Aquatic,Week2,254.0 Vienna Aquatic - 148.0 Hunter Mill
Hunter Mill,Week2,Vienna Aquatic,Week1,254.0 Vienna Aquatic - 148.0 Hunter Mill
Ilda Community,Week4,Lee Graham,Week2,325.0 Lee Graham - 77.0 Ilda Community
Hunter Mill,Week2,Vienna Aquatic,Week3,270.0 Vienna Aquatic - 132.0 Hunter Mill
Hunter Mill,Week1,Vienna Aquatic,Week5,284.0 Vienna Aquatic - 118.0 Hunter Mill
Hunter Mill,Week5,Tuckahoe,Week3,313.0 Tuckahoe - 89.0 Hunter Mill
Ilda Community,Week1,Lincolnia Park,Week3,221.0 Ilda Community - 172.0 Lincolnia Park
Kent Gardens,Week2,Camelot,Week5,208.0 Kent Gardens - 194.0 Camelot
Ilda Community,Week2,Lincolnia Park,Week3,221.0 Ilda Community - 172.0 Lincolnia Park
Hunter Mill,Week4,Vienna Aquatic,Week1,232.0 Vienna Aquatic - 170.0 Hunter Mill
Hunter Mill,Week2,Vienna Woods,Week2,262.0 Vienna Woods - 140.0 Hunter Mill
Ilda Community,Week5,Lee Graham,Week1,320.0 Lee Graham - 82.0 Ilda Community
Hunter Mill,Week1,Vienna Woods,Week4,244.0 Vienna Woods - 153.0 Hunter Mill
Kent Gardens,Week4,Camelot,Week1,216.0 Kent Gardens - 186.0 Camelot
Hunter Mill,Week1,Vienna Aquatic,Week3,266.0 Vienna Aquatic - 136.0 Hunter Mill
Hunter Mill,Week2,Vienna Aquatic,Week5,286.0 Vienna Aquatic - 116.0 Hunter Mill
Ilda Community,Week3,Lincolnia Park,Week5,230.0 Ilda Community - 162.0 Lincolnia Park
Ilda Community,Week2,Lincolnia Park,Week1,262.0 Ilda Community - 139.0 Lincolnia Park
Ilda Community,Week3,Lee Graham,Week2,331.0 Lee Graham - 71.0 Ilda Community
Ilda Community,Week4,Lee Graham,Week4,316.0 Lee Graham - 86.0 Ilda Community
Kent Gardens,Week3,Canterbury Woods,Week5,230.5 Kent Gardens - 171.5 Canterbury Woods
Kent Gardens,Week4,Camelot,Week4,232.0 Kent Gardens - 170.0 Camelot
Kent Gardens,Week3,Camelot,Week2,217.0 Kent Gardens - 185.0 Camelot
Kent Gardens,Week1,Canterbury Woods,Week1,261.0 Kent Gardens - 141.0 Canterbury Woods
Kent Gardens,Week1,Canterbury Woods,Week3,237.0 Kent Gardens - 165.0 Canterbury Woods
Hunter Mill,Week5,Vienna Aquatic,Week1,232.0 Vienna Aquatic - 170.0 Hunter Mill
Hunter Mill,Week3,Vienna Aquatic,Week4,227.0 Vienna Aquatic - 175.0 Hunter Mill
Kent Gardens,Week4,Camelot,Week2,218.0 Kent Gardens - 184.0 Camelot
Kent Gardens,Week2,Canterbury Woods,Week5,226.0 Kent Gardens - 176.0 Canterbury Woods
Hunter Mill,Week2,Vienna Aquatic,Week4,254.5 Vienna Aquatic - 147.5 Hunter Mill
Hunter Mill,Week5,Vienna Woods,Week2,237.0 Vienna Woods - 165.0 Hunter Mill
Kent Gardens,Week1,Canterbury Woods,Week5,254.0 Kent Gardens - 148.0 Canterbury Woods
Hunter Mill,Week4,Tuckahoe,Week2,285.0 Tuckahoe - 117.0 Hunter Mill
Kent Gardens,Week3,Canterbury Woods,Week2,243.0 Kent Gardens - 159.0 Canterbury Woods
Kent Gardens,Week3,Camelot,Week3,218.0 Kent Gardens - 184.0 Camelot
Ilda Community,Week1,Little Hunting Park,Week1,207.0 Little Hunting Park - 194.0 Ilda Community
Hunter Mill,Week3,Vienna Aquatic,Week2,246.0 Vienna Aquatic - 156.0 Hunter Mill
Ilda Community,Week1,Lincolnia Park,Week5,222.0 Ilda Community - 171.0 Lincolnia Park
Ilda Community,Week1,Lincolnia Park,Week2,248.0 Ilda Community - 144.0 Lincolnia Park
Ilda Community,Week2,Lincolnia Park,Week2,259.0 Ilda Community - 133.0 Lincolnia Park
Hunter Mill,Week1,Vienna Woods,Week2,254.0 Vienna Woods - 148.0 Hunter Mill
Hunter Mill,Week4,Vienna Aquatic,Week5,266.0 Vienna Aquatic - 136.0 Hunter Mill
Ilda Community,Week5,Lee Graham,Week3,335.0 Lee Graham - 67.0 Ilda Community
Kent Gardens,Week5,Canterbury Woods,Week1,283.0 Kent Gardens - 119.0 Canterbury Woods
Ilda Community,Week5,Lee Graham,Week5,337.0 Lee Graham - 65.0 Ilda Community
Kent Gardens,Week5,Camelot,Week1,241.0 Kent Gardens - 161.0 Camelot
Hunter Mill,Week1,Vienna Woods,Week1,268.0 Vienna Woods - 134.0 Hunter Mill
Ilda Community,Week4,Lincolnia Park,Week5,247.0 Ilda Community - 146.0 Lincolnia Park
Kent Gardens,Week5,Camelot,Week5,247.0 Kent Gardens - 155.0 Camelot
Hunter Mill,Week2,Vienna Woods,Week3,258.5 Vienna Woods - 143.5 Hunter Mill
Ilda Community,Week3,Lee Graham,Week3,335.0 Lee Graham - 67.0 Ilda Community
Kent Gardens,Week2,Canterbury Woods,Week3,222.0 Kent Gardens - 180.0 Canterbury Woods
Hunter Mill,Week5,Vienna Aquatic,Week3,241.0 Vienna Aquatic - 161.0 Hunter Mill
Ilda Community,Week4,Lincolnia Park,Week1,274.0 Ilda Community - 127.0 Lincolnia Park
Hunter Mill,Week5,Vienna Aquatic,Week2,223.0 Vienna Aquatic - 179.0 Hunter Mill
Kent Gardens,Week2,Canterbury Woods,Week1,249.0 Kent Gardens - 153.0 Canterbury Woods
Ilda Community,Week1,Lincolnia Park,Week1,255.0 Ilda Community - 147.0 Lincolnia Park
Kent Gardens,Week1,Canterbury Woods,Week2,257.0 Kent Gardens - 145.0 Canterbury Woods
Kent Gardens,Week4,Canterbury Woods,Week5,250.0 Kent Gardens - 152.0 Canterbury Woods
Ilda Community,Week5,Lincolnia Park,Week4,251.0 Ilda Community - 150.0 Lincolnia Park
Ilda Community,Week1,Little Hunting Park,Week4,219.0 Little Hunting Park - 183.0 Ilda Community
Hunter Mill,Week2,Vienna Woods,Week1,265.0 Vienna Woods - 137.0 Hunter Mill
Kent Gardens,Week5,Camelot,Week3,251.0 Kent Gardens - 151.0 Camelot
Ilda Community,Week4,Lincolnia Park,Week2,277.0 Ilda Community - 112.0 Lincolnia Park
Hunter Mill,Week5,Vienna Aquatic,Week4,222.0 Vienna Aquatic - 180.0 Hunter Mill
Hunter Mill,Week4,Vienna Aquatic,Week4,242.0 Vienna Aquatic - 160.0 Hunter Mill
Hunter Mill,Week5,Vienna Aquatic,Week5,254.0 Vienna Aquatic - 148.0 Hunter Mill
Hunter Mill,Week3,Vienna Aquatic,Week1,238.0 Vienna Aquatic - 164.0 Hunter Mill
Kent Gardens,Week3,Canterbury Woods,Week4,222.0 Kent Gardens - 180.0 Canterbury Woods
Kent Gardens,Week2,Canterbury Woods,Week4,226.0 Kent Gardens - 176.0 Canterbury Woods
Kent Gardens,Week5,Camelot,Week2,237.0 Kent Gardens - 165.0 Camelot
Ilda Community,Week1,Little Hunting Park,Week5,232.0 Little Hunting Park - 170.0 Ilda Community
Ilda Community,Week1,Little Hunting Park,Week2,210.0 Little Hunting Park - 188.0 Ilda Community
Ilda Community,Week5,Lincolnia Park,Week5,220.0 Ilda Community - 171.0 Lincolnia Park
Hunter Mill,Week1,Vienna Woods,Week3,262.0 Vienna Woods - 140.0 Hunter Mill
Ilda Community,Week3,Lincolnia Park,Week4,243.0 Ilda Community - 149.0 Lincolnia Park
Kent Gardens,Week3,Canterbury Woods,Week3,224.0 Kent Gardens - 178.0 Canterbury Woods
Kent Gardens,Week4,Camelot,Week3,242.0 Kent Gardens - 160.0 Camelot
Ilda Community,Week5,Lincolnia Park,Week2,258.0 Ilda Community - 133.0 Lincolnia Park
Ilda Community,Week3,Little Hunting Park,Week1,211.0 Little Hunting Park - 190.0 Ilda Community
Ilda Community,Week2,Little Hunting Park,Week5,241.0 Little Hunting Park - 161.0 Ilda Community
Kent Gardens,Week1,Canterbury Woods,Week4,232.0 Kent Gardens - 170.0 Canterbury Woods
Hunter Mill,Week2,Vienna Woods,Week4,242.0 Vienna Woods - 160.0 Hunter Mill
Ilda Community,Week3,Lincolnia Park,Week3,214.0 Ilda Community - 173.0 Lincolnia Park
Ilda Community,Week5,Lincolnia Park,Week1,248.0 Ilda Community - 153.0 Lincolnia Park
Hunter Mill,Week3,Vienna Woods,Week4,239.0 Vienna Woods - 163.0 Hunter Mill
Hunter Mill,Week3,Vienna Woods,Week3,259.0 Vienna Woods - 143.0 Hunter Mill
Kent Gardens,Week5,Cardinal Hill,Week2,220.0 Kent Gardens - 182.0 Cardinal Hill
Kent Gardens,Week4,Camelot,Week5,226.0 Kent Gardens - 176.0 Camelot
Hunter Mill,Week1,Vienna Woods,Week5,289.0 Vienna Woods - 113.0 Hunter Mill
Kent Gardens,Week4,Canterbury Woods,Week1,256.0 Kent Gardens - 146.0 Canterbury Woods
Hunter Mill,Week2,Vienna Woods,Week5,284.0 Vienna Woods - 118.0 Hunter Mill
Ilda Community,Week5,Lincolnia Park,Week3,220.0 Ilda Community - 171.0 Lincolnia Park
Hunter Mill,Week3,Vienna Woods,Week2,258.0 Vienna Woods - 144.0 Hunter Mill
Hunter Mill,Week3,Vienna Aquatic,Week3,269.5 Vienna Aquatic - 132.5 Hunter Mill
Ilda Community,Week2,Little Hunting Park,Week1,210.0 Little Hunting Park - 191.0 Ilda Community
Ilda Community,Week4,Lincolnia Park,Week3,247.0 Ilda Community - 146.0 Lincolnia Park
Kent Gardens,Week4,Canterbury Woods,Week4,231.0 Kent Gardens - 171.0 Canterbury Woods
Ilda Community,Week2,Little Hunting Park,Week3,209.0 Little Hunting Park - 193.0 Ilda Community
Kent Gardens,Week5,Camelot,Week4,252.0 Kent Gardens - 150.0 Camelot
Ilda Community,Week2,Little Hunting Park,Week2,209.0 Little Hunting Park - 192.0 Ilda Community
Kent Gardens,Week3,Canterbury Woods,Week1,235.0 Kent Gardens - 167.0 Canterbury Woods
Hunter Mill,Week4,Vienna Aquatic,Week2,229.0 Vienna Aquatic - 173.0 Hunter Mill
Hunter Mill,Week3,Vienna Aquatic,Week5,274.0 Vienna Aquatic - 128.0 Hunter Mill
Ilda Community,Week1,Little Hunting Park,Week3,206.0 Little Hunting Park - 196.0 Ilda Community
Kent Gardens,Week4,Canterbury Woods,Week3,234.0 Kent Gardens - 168.0 Canterbury Woods
Kent Gardens,Week4,Canterbury Woods,Week2,252.0 Kent Gardens - 150.0 Canterbury Woods
Hunter Mill,Week4,Vienna Aquatic,Week3,261.0 Vienna Aquatic - 141.0 Hunter Mill
Kent Gardens,Week2,Canterbury Woods,Week2,253.0 Kent Gardens - 149.0 Canterbury Woods
Kent Gardens,Week1,Cardinal Hill,Week5,244.0 Cardinal Hill - 158.0 Kent Gardens
Ilda Community,Week3,Little Hunting Park,Week3,206.5 Little Hunting Park - 194.5 Ilda Community
Hunter Mill,Week5,Vienna Woods,Week1,238.0 Vienna Woods - 164.0 Hunter Mill
Hunter Mill,Week4,Vienna Woods,Week3,253.5 Vienna Woods - 148.5 Hunter Mill
Kent Gardens,Week3,Cardinal Hill,Week2,243.0 Cardinal Hill - 159.0 Kent Gardens
Ilda Community,Week3,Little Hunting Park,Week2,212.5 Little Hunting Park - 187.5 Ilda Community
Hunter Mill,Week4,Vienna Woods,Week4,222.5 Vienna Woods - 179.5 Hunter Mill
Ilda Community,Week2,Little Hunting Park,Week4,218.0 Little Hunting Park - 184.0 Ilda Community
Hunter Mill,Week4,Vienna Woods,Week1,266.0 Vienna Woods - 136.0 Hunter Mill
Hunter Mill,Week4,Villa Aquatic,Week3,227.0 Hunter Mill - 175.0 Villa Aquatic
Hunter Mill,Week3,Vienna Woods,Week5,270.0 Vienna Woods - 132.0 Hunter Mill
Hunter Mill,Week4,Villa Aquatic,Week2,275.0 Hunter Mill - 127.0 Villa Aquatic
Kent Gardens,Week2,Cardinal Hill,Week2,251.0 Cardinal Hill - 151.0 Kent Gardens
Hunter Mill,Week4,Vienna Woods,Week5,283.5 Vienna Woods - 118.5 Hunter Mill
Kent Gardens,Week3,Cardinal Hill,Week1,281.0 Cardinal Hill - 121.0 Kent Gardens
Kent Gardens,Week3,Cardinal Hill,Week3,279.0 Cardinal Hill - 123.0 Kent Gardens
Hunter Mill,Week4,Villa Aquatic,Week5,238.0 Hunter Mill - 164.0 Villa Aquatic
Kent Gardens,Week4,Cardinal Hill,Week2,244.0 Cardinal Hill - 158.0 Kent Gardens
Kent Gardens,Week3,Cardinal Hill,Week4,259.0 Cardinal Hill - 143.0 Kent Gardens
Kent Gardens,Week4,Cardinal Hill,Week3,280.0 Cardinal Hill - 122.0 Kent Gardens
Hunter Mill,Week4,Villa Aquatic,Week1,277.0 Hunter Mill - 125.0 Villa Aquatic
Kent Gardens,Week4,Cardinal Hill,Week1,285.5 Cardinal Hill - 116.5 Kent Gardens
Hunter Mill,Week2,Villa Aquatic,Week5,240.0 Hunter Mill - 162.0 Villa Aquatic
Kent Gardens,Week5,Canterbury Woods,Week2,279.0 Kent Gardens - 123.0 Canterbury Woods
Kent Gardens,Week5,Canterbury Woods,Week5,276.0 Kent Gardens - 126.0 Canterbury Woods
Hunter Mill,Week4,Villa Aquatic,Week4,251.0 Hunter Mill - 151.0 Villa Aquatic
Hunter Mill,Week3,Villa Aquatic,Week4,244.0 Hunter Mill - 158.0 Villa Aquatic
Hunter Mill,Week3,Villa Aquatic,Week5,243.0 Hunter Mill - 159.0 Villa Aquatic
Kent Gardens,Week2,Cardinal Hill,Week3,275.0 Cardinal Hill - 127.0 Kent Gardens
Kent Gardens,Week4,Cardinal Hill,Week5,268.0 Cardinal Hill - 134.0 Kent Gardens
Hunter Mill,Week2,Villa Aquatic,Week1,257.0 Hunter Mill - 145.0 Villa Aquatic
Kent Gardens,Week1,Cardinal Hill,Week4,240.0 Cardinal Hill - 162.0 Kent Gardens
Kent Gardens,Week4,Cardinal Hill,Week4,263.0 Cardinal Hill - 139.0 Kent Gardens
Kent Gardens,Week5,Canterbury Woods,Week3,260.0 Kent Gardens - 142.0 Canterbury Woods
Hunter Mill,Week1,Villa Aquatic,Week3,208.0 Hunter Mill - 194.0 Villa Aquatic
Kent Gardens,Week1,Cardinal Hill,Week2,217.0 Cardinal Hill - 185.0 Kent Gardens
Kent Gardens,Week2,Cardinal Hill,Week4,268.0 Cardinal Hill - 134.0 Kent Gardens
Kent Gardens,Week1,Cardinal Hill,Week3,263.0 Cardinal Hill - 139.0 Kent Gardens
Hunter Mill,Week5,Vienna Woods,Week5,272.0 Vienna Woods - 130.0 Hunter Mill
Kent Gardens,Week5,Cardinal Hill,Week4,210.0 Cardinal Hill - 192.0 Kent Gardens
Hunter Mill,Week3,Vienna Woods,Week1,259.0 Vienna Woods - 143.0 Hunter Mill
Kent Gardens,Week5,Canterbury Woods,Week4,254.0 Kent Gardens - 148.0 Canterbury Woods
Hunter Mill,Week3,Villa Aquatic,Week2,266.0 Hunter Mill - 136.0 Villa Aquatic
Kent Gardens,Week1,Cardinal Hill,Week1,260.0 Cardinal Hill - 142.0 Kent Gardens
Hunter Mill,Week4,Vienna Woods,Week2,249.0 Vienna Woods - 153.0 Hunter Mill
Ilda Community,Week4,Lincolnia Park,Week4,268.0 Ilda Community - 133.0 Lincolnia Park
Hunter Mill,Week2,Villa Aquatic,Week2,258.0 Hunter Mill - 144.0 Villa Aquatic
Hunter Mill,Week1,Villa Aquatic,Week1,251.0 Hunter Mill - 151.0 Villa Aquatic
Kent Gardens,Week2,Cardinal Hill,Week5,271.0 Cardinal Hill - 131.0 Kent Gardens
Hunter Mill,Week5,Vienna Woods,Week3,235.0 Vienna Woods - 167.0 Hunter Mill
Kent Gardens,Week5,Cardinal Hill,Week1,215.0 Cardinal Hill - 187.0 Kent Gardens
Hunter Mill,Week5,Villa Aquatic,Week1,277.0 Hunter Mill - 125.0 Villa Aquatic
Hunter Mill,Week5,Villa Aquatic,Week2,282.0 Hunter Mill - 120.0 Villa Aquatic
Kent Gardens,Week5,Cardinal Hill,Week5,214.0 Cardinal Hill - 188.0 Kent Gardens
Kent Gardens,Week2,Cardinal Hill,Week1,279.0 Cardinal Hill - 123.0 Kent Gardens
Kent Gardens,Week3,Cardinal Hill,Week5,263.0 Cardinal Hill - 139.0 Kent Gardens
Hunter Mill,Week1,Villa Aquatic,Week4,238.0 Hunter Mill - 164.0 Villa Aquatic
Hunter Mill,Week3,Villa Aquatic,Week3,227.0 Hunter Mill - 175.0 Villa Aquatic
Kent Gardens,Week5,Chesterbrook,Week3,338.0 Chesterbrook - 64.0 Kent Gardens
Hunter Mill,Week2,Villa Aquatic,Week3,236.0 Hunter Mill - 166.0 Villa Aquatic
Kent Gardens,Week1,Chesterbrook,Week2,342.0 Chesterbrook - 60.0 Kent Gardens
Hunter Mill,Week5,Vienna Woods,Week4,226.0 Vienna Woods - 176.0 Hunter Mill
Kent Gardens,Week1,Chesterbrook,Week3,349.0 Chesterbrook - 53.0 Kent Gardens
Hunter Mill,Week3,Villa Aquatic,Week1,257.0 Hunter Mill - 145.0 Villa Aquatic
Kent Gardens,Week1,Chesterbrook,Week1,341.0 Chesterbrook - 61.0 Kent Gardens
Hunter Mill,Week1,Villa Aquatic,Week2,258.0 Hunter Mill - 144.0 Villa Aquatic
Kent Gardens,Week5,Cardinal Hill,Week3,239.0 Cardinal Hill - 163.0 Kent Gardens
Kent Gardens,Week1,Chesterbrook,Week4,340.0 Chesterbrook - 62.0 Kent Gardens
Hunter Mill,Week2,Villa Aquatic,Week4,243.0 Hunter Mill - 159.0 Villa Aquatic
Hunter Mill,Week1,Villa Aquatic,Week5,227.0 Hunter Mill - 175.0 Villa Aquatic
Hunter Mill,Week3,Village West,Week1,306.0 Hunter Mill - 96.0 Village West
Hunter Mill,Week1,Village West,Week3,270.0 Hunter Mill - 132.0 Village West
Kent Gardens,Week4,Chesterbrook,Week1,342.0 Chesterbrook - 60.0 Kent Gardens
Hunter Mill,Week1,Virginia Hills,Week4,366.0 Hunter Mill - 36.0 Virginia Hills
Kent Gardens,Week4,Chesterbrook,Week5,344.0 Chesterbrook - 58.0 Kent Gardens
Kent Gardens,Week2,Chesterbrook,Week3,362.0 Chesterbrook - 40.0 Kent Gardens
Hunter Mill,Week1,Village West,Week4,280.5 Hunter Mill - 116.5 Village West
Kent Gardens,Week4,Chesterbrook,Week3,347.0 Chesterbrook - 55.0 Kent Gardens
Hunter Mill,Week5,Villa Aquatic,Week5,245.0 Hunter Mill - 157.0 Villa Aquatic
Kent Gardens,Week2,Chesterbrook,Week5,353.0 Chesterbrook - 49.0 Kent Gardens
Hunter Mill,Week5,Villa Aquatic,Week4,264.0 Hunter Mill - 138.0 Villa Aquatic
Hunter Mill,Week2,Virginia Hills,Week1,354.0 Hunter Mill - 47.0 Virginia Hills
Kent Gardens,Week1,Chesterbrook,Week5,348.0 Chesterbrook - 54.0 Kent Gardens
Hunter Mill,Week2,Village West,Week2,295.0 Hunter Mill - 107.0 Village West
Kent Gardens,Week4,Chesterbrook,Week4,344.0 Chesterbrook - 58.0 Kent Gardens
Kent Gardens,Week2,Chesterbrook,Week4,352.0 Chesterbrook - 50.0 Kent Gardens
Kent Gardens,Week5,Chesterbrook,Week2,332.0 Chesterbrook - 70.0 Kent Gardens
Kent Gardens,Week3,Chesterbrook,Week4,342.0 Chesterbrook - 60.0 Kent Gardens
Kent Gardens,Week3,Chesterbrook,Week3,353.0 Chesterbrook - 49.0 Kent Gardens
Hunter Mill,Week4,Village West,Week3,293.0 Hunter Mill - 109.0 Village West
Kent Gardens,Week3,Chesterbrook,Week1,340.0 Chesterbrook - 62.0 Kent Gardens
Hunter Mill,Week3,Village West,Week2,303.5 Hunter Mill - 98.5 Village West
Hunter Mill,Week1,Virginia Hills,Week3,365.0 Hunter Mill - 37.0 Virginia Hills
Hunter Mill,Week1,Fairfax,Week2,243.0 Fairfax - 159.0 Hunter Mill
Hunter Mill,Week3,Village West,Week5,296.0 Hunter Mill - 106.0 Village West
Hunter Mill,Week3,Fairfax,Week3,240.0 Fairfax - 162.0 Hunter Mill
Hunter Mill,Week2,Village West,Week4,280.0 Hunter Mill - 117.0 Village West
Kent Gardens,Week4,Chesterbrook,Week2,345.0 Chesterbrook - 57.0 Kent Gardens
Hunter Mill,Week1,Virginia Hills,Week1,354.5 Hunter Mill - 47.5 Virginia Hills
Kent Gardens,Week5,Chesterbrook,Week1,322.0 Chesterbrook - 80.0 Kent Gardens
Hunter Mill,Week1,Fairfax,Week5,272.0 Fairfax - 130.0 Hunter Mill
Hunter Mill,Week2,Village West,Week5,286.0 Hunter Mill - 116.0 Village West
Kent Gardens,Week5,Commonwealth,Week2,258.0 Kent Gardens - 144.0 Commonwealth
Hunter Mill,Week2,Village West,Week3,282.0 Hunter Mill - 120.0 Village West
Hunter Mill,Week1,Village West,Week5,287.0 Hunter Mill - 115.0 Village West
Kent Gardens,Week3,Commonwealth,Week1,253.0 Kent Gardens - 148.0 Commonwealth
Hunter Mill,Week2,Fairfax,Week4,244.0 Fairfax - 158.0 Hunter Mill
Hunter Mill,Week4,Fairfax,Week1,216.0 Fairfax - 186.0 Hunter Mill
Hunter Mill,Week5,Village West,Week4,300.0 Hunter Mill - 97.0 Village West
Kent Gardens,Week1,Commonwealth,Week2,237.0 Kent Gardens - 165.0 Commonwealth
Hunter Mill,Week2,Fairfax,Week3,247.0 Fairfax - 155.0 Hunter Mill
Hunter Mill,Week1,Village West,Week1,283.0 Hunter Mill - 119.0 Village West
Kent Gardens,Week3,Commonwealth,Week5,232.0 Kent Gardens - 169.0 Commonwealth
Hunter Mill,Week1,Fairfax,Week1,227.0 Fairfax - 175.0 Hunter Mill
Hunter Mill,Week4,Village West,Week2,295.0 Hunter Mill - 107.0 Village West
Kent Gardens,Week2,Chesterbrook,Week2,349.0 Chesterbrook - 53.0 Kent Gardens
Hunter Mill,Week4,Fairfax,Week2,230.0 Fairfax - 172.0 Hunter Mill
Hunter Mill,Week5,Fairfax,Week4,210.0 Hunter Mill - 192.0 Fairfax
Hunter Mill,Week4,Fairfax,Week4,226.0 Fairfax - 176.0 Hunter Mill
Hunter Mill,Week1,Village West,Week2,295.0 Hunter Mill - 107.0 Village West
Hunter Mill,Week4,Fairfax,Week5,253.0 Fairfax - 149.0 Hunter Mill
Kent Gardens,Week3,Chesterbrook,Week2,343.0 Chesterbrook - 59.0 Kent Gardens
Hunter Mill,Week5,Fair Oaks ,Week4,259.0 Hunter Mill - 143.0 Fair Oaks
Kent Gardens,Week1,Commonwealth,Week5,243.0 Kent Gardens - 158.0 Commonwealth
Kent Gardens,Week2,Commonwealth,Week2,205.0 Kent Gardens - 197.0 Commonwealth
Hunter Mill,Week5,Village West,Week3,281.0 Hunter Mill - 121.0 Village West
Hunter Mill,Week5,Fair Oaks ,Week5,238.0 Hunter Mill - 164.0 Fair Oaks
Hunter Mill,Week3,Village West,Week4,293.0 Hunter Mill - 104.0 Village West
Hunter Mill,Week4,Village West,Week4,289.0 Hunter Mill - 108.0 Village West
Kent Gardens,Week4,Commonwealth,Week1,254.0 Kent Gardens - 148.0 Commonwealth
Kent Gardens,Week1,Commonwealth,Week1,268.0 Kent Gardens - 133.0 Commonwealth
Hunter Mill,Week4,Village West,Week1,292.0 Hunter Mill - 109.0 Village West
Kent Gardens,Week1,Commonwealth,Week4,249.0 Kent Gardens - 152.0 Commonwealth
Hunter Mill,Week1,Fairfax,Week4,230.0 Fairfax - 172.0 Hunter Mill
Kent Gardens,Week3,Chesterbrook,Week5,348.0 Chesterbrook - 54.0 Kent Gardens
Hunter Mill,Week3,Fairfax,Week5,252.0 Fairfax - 150.0 Hunter Mill
Kent Gardens,Week5,Chesterbrook,Week4,332.0 Chesterbrook - 70.0 Kent Gardens
Kent Gardens,Week2,Commonwealth,Week4,230.0 Kent Gardens - 171.0 Commonwealth
Hunter Mill,Week5,Village West,Week2,305.0 Hunter Mill - 97.0 Village West
Hunter Mill,Week2,Village West,Week1,280.0 Hunter Mill - 121.0 Village West
Hunter Mill,Week5,Fairfax,Week2,201.0 Fairfax - 201.0 Hunter Mill
Hunter Mill,Week5,Fairfax,Week3,209.0 Fairfax - 193.0 Hunter Mill
Hunter Mill,Week5,Fairfax,Week1,214.0 Hunter Mill - 188.0 Fairfax
Kent Gardens,Week2,Commonwealth,Week1,244.0 Kent Gardens - 157.0 Commonwealth
Hunter Mill,Week3,Fairfax,Week1,208.0 Fairfax - 194.0 Hunter Mill
Hunter Mill,Week3,Village West,Week3,286.0 Hunter Mill - 116.0 Village West
Kent Gardens,Week2,Chesterbrook,Week1,339.0 Chesterbrook - 63.0 Kent Gardens
Hunter Mill,Week4,Village West,Week5,296.0 Hunter Mill - 106.0 Village West
Kent Gardens,Week4,Commonwealth,Week2,224.0 Kent Gardens - 178.0 Commonwealth
Hunter Mill,Week5,Village West,Week1,314.0 Hunter Mill - 88.0 Village West
Hunter Mill,Week5,Villa Aquatic,Week3,245.5 Hunter Mill - 156.5 Villa Aquatic
Hunter Mill,Week5,Village West,Week5,307.0 Hunter Mill - 95.0 Village West
Kent Gardens,Week5,Chesterbrook,Week5,332.0 Chesterbrook - 70.0 Kent Gardens
Hunter Mill,Week2,Fairfax,Week1,209.0 Fairfax - 193.0 Hunter Mill
Hunter Mill,Week2,Fairfax,Week5,261.0 Fairfax - 141.0 Hunter Mill
Kent Gardens,Week3,Commonwealth,Week2,209.0 Kent Gardens - 193.0 Commonwealth
Hunter Mill,Week2,Virginia Run,Week4,217.0 Hunter Mill - 185.0 Virginia Run
Hunter Mill,Week1,Virginia Hills,Week2,367.0 Hunter Mill - 35.0 Virginia Hills
Kent Gardens,Week1,Commonwealth,Week3,245.0 Kent Gardens - 156.0 Commonwealth
Hunter Mill,Week2,Virginia Run,Week2,218.0 Hunter Mill - 184.0 Virginia Run
Hunter Mill,Week3,Fairfax,Week2,239.0 Fairfax - 163.0 Hunter Mill
Kent Gardens,Week4,Commonwealth,Week3,222.0 Kent Gardens - 180.0 Commonwealth
Hunter Mill,Week3,Fairfax,Week4,235.0 Fairfax - 167.0 Hunter Mill
Hunter Mill,Week1,Virginia Run,Week4,231.0 Hunter Mill - 171.0 Virginia Run
Hunter Mill,Week5,Virginia Hills,Week4,371.0 Hunter Mill - 31.0 Virginia Hills
Hunter Mill,Week1,Virginia Hills,Week5,352.0 Hunter Mill - 50.0 Virginia Hills
Hunter Mill,Week1,Fairfax,Week3,241.0 Fairfax - 161.0 Hunter Mill
Kent Gardens,Week3,Commonwealth,Week3,219.0 Kent Gardens - 182.0 Commonwealth
Hunter Mill,Week2,Fairfax,Week2,244.0 Fairfax - 158.0 Hunter Mill
Kent Gardens,Week3,Commonwealth,Week4,230.0 Kent Gardens - 171.0 Commonwealth
Hunter Mill,Week4,Rutherford,Week2,306.0 Hunter Mill - 96.0 Rutherford
Hunter Mill,Week1,Shouse Village,Week4,227.0 Hunter Mill - 175.0 Shouse Village
Hunter Mill,Week2,Virginia Hills,Week5,332.0 Hunter Mill - 70.0 Virginia Hills
Hunter Mill,Week5,Virginia Hills,Week1,362.0 Hunter Mill - 40.0 Virginia Hills
Hunter Mill,Week3,Virginia Hills,Week2,368.0 Hunter Mill - 34.0 Virginia Hills
Kent Gardens,Week4,Commonwealth,Week5,220.0 Kent Gardens - 182.0 Commonwealth
Kent Gardens,Week2,Cottontail,Week2,213.0 Kent Gardens - 189.0 Cottontail
Kent Gardens,Week5,Commonwealth,Week4,268.0 Kent Gardens - 134.0 Commonwealth
Hunter Mill,Week4,Fairfax,Week3,239.0 Fairfax - 163.0 Hunter Mill
Kent Gardens,Week2,Commonwealth,Week5,213.0 Kent Gardens - 188.0 Commonwealth
Kent Gardens,Week2,Cottontail,Week3,223.0 Kent Gardens - 179.0 Cottontail
Hunter Mill,Week4,Virginia Hills,Week2,369.0 Hunter Mill - 32.0 Virginia Hills
Hunter Mill,Week3,Virginia Hills,Week3,363.0 Hunter Mill - 39.0 Virginia Hills
Hunter Mill,Week2,Virginia Hills,Week4,357.0 Hunter Mill - 44.0 Virginia Hills
Hunter Mill,Week4,Virginia Hills,Week1,359.0 Hunter Mill - 43.0 Virginia Hills
Hunter Mill,Week3,Shouse Village,Week3,240.0 Hunter Mill - 162.0 Shouse Village
Kent Gardens,Week2,Commonwealth,Week3,219.0 Kent Gardens - 182.0 Commonwealth
Kent Gardens,Week5,Commonwealth,Week1,290.0 Kent Gardens - 112.0 Commonwealth
Hunter Mill,Week2,Shouse Village,Week3,228.0 Hunter Mill - 174.0 Shouse Village
Hunter Mill,Week4,Shouse Village,Week4,231.0 Hunter Mill - 170.0 Shouse Village
Kent Gardens,Week1,Cottontail,Week2,250.0 Kent Gardens - 152.0 Cottontail
Hunter Mill,Week5,Shouse Village,Week4,248.0 Hunter Mill - 154.0 Shouse Village
Hunter Mill,Week5,Rutherford,Week4,312.0 Hunter Mill - 90.0 Rutherford
Hunter Mill,Week4,Virginia Hills,Week3,364.0 Hunter Mill - 38.0 Virginia Hills
Hunter Mill,Week1,Virginia Run,Week3,221.0 Hunter Mill - 181.0 Virginia Run
Kent Gardens,Week4,Commonwealth,Week4,239.0 Kent Gardens - 163.0 Commonwealth
Hunter Mill,Week5,Rutherford,Week3,310.0 Hunter Mill - 92.0 Rutherford
Hunter Mill,Week4,Rutherford,Week4,286.5 Hunter Mill - 115.5 Rutherford
Hunter Mill,Week5,Virginia Hills,Week2,366.0 Hunter Mill - 36.0 Virginia Hills
Hunter Mill,Week5,Rutherford,Week5,304.0 Hunter Mill - 98.0 Rutherford
Kent Gardens,Week2,Cottontail,Week4,207.0 Kent Gardens - 195.0 Cottontail
Kent Gardens,Week3,Cottontail,Week1,212.0 Cottontail - 190.0 Kent Gardens
Hunter Mill,Week1,Shouse Village,Week3,246.0 Hunter Mill - 156.0 Shouse Village
Hunter Mill,Week4,Shouse Village,Week3,259.0 Hunter Mill - 143.0 Shouse Village
Hunter Mill,Week5,Virginia Hills,Week3,368.0 Hunter Mill - 34.0 Virginia Hills
Hunter Mill,Week3,Virginia Hills,Week5,356.0 Hunter Mill - 46.0 Virginia Hills
Hunter Mill,Week3,Virginia Hills,Week1,360.0 Hunter Mill - 41.0 Virginia Hills
Hunter Mill,Week4,Virginia Hills,Week4,373.0 Hunter Mill - 29.0 Virginia Hills
Hunter Mill,Week3,Virginia Hills,Week4,368.0 Hunter Mill - 34.0 Virginia Hills
Kent Gardens,Week2,Cottontail,Week5,209.0 Kent Gardens - 193.0 Cottontail
Hunter Mill,Week2,Shouse Village,Week5,216.0 Hunter Mill - 186.0 Shouse Village
Hunter Mill,Week1,Shouse Village,Week1,245.0 Hunter Mill - 157.0 Shouse Village
Hunter Mill,Week4,Rutherford,Week5,291.0 Hunter Mill - 111.0 Rutherford
Kent Gardens,Week5,Commonwealth,Week3,271.0 Kent Gardens - 131.0 Commonwealth
Kent Gardens,Week1,Cottontail,Week4,246.0 Kent Gardens - 156.0 Cottontail
Hunter Mill,Week1,Virginia Run,Week5,215.0 Virginia Run - 187.0 Hunter Mill
Hunter Mill,Week5,Virginia Hills,Week5,355.0 Hunter Mill - 47.0 Virginia Hills
Hunter Mill,Week4,Shouse Village,Week5,225.0 Hunter Mill - 177.0 Shouse Village
Kent Gardens,Week1,Cottontail,Week3,253.0 Kent Gardens - 149.0 Cottontail
Hunter Mill,Week5,Rutherford,Week2,322.0 Hunter Mill - 80.0 Rutherford
Kent Gardens,Week4,Cottontail,Week2,207.0 Kent Gardens - 195.0 Cottontail
Hunter Mill,Week5,Rutherford,Week1,334.0 Hunter Mill - 68.0 Rutherford
Kent Gardens,Week3,Cottontail,Week2,205.5 Kent Gardens - 196.5 Cottontail
Hunter Mill,Week2,Virginia Hills,Week2,356.0 Hunter Mill - 44.0 Virginia Hills
Hunter Mill,Week3,Shouse Village,Week1,247.0 Hunter Mill - 155.0 Shouse Village
Hunter Mill,Week1,Virginia Run,Week1,201.0 Hunter Mill - 201.0 Virginia Run
Kent Gardens,Week5,Commonwealth,Week5,267.0 Kent Gardens - 135.0 Commonwealth
Ilda Community,Week4,Hamlet,Week5,345.0 Hamlet - 57.0 Ilda Community
Kent Gardens,Week1,Cottontail,Week1,239.0 Kent Gardens - 163.0 Cottontail
Ilda Community,Week2,Hamlet,Week4,338.0 Hamlet - 64.0 Ilda Community
Hunter Mill,Week1,Virginia Run,Week2,219.0 Hunter Mill - 183.0 Virginia Run
Ilda Community,Week1,Hayfield Farm,Week2,276.0 Hayfield Farm - 126.0 Ilda Community
Kent Gardens,Week1,Cottontail,Week5,232.0 Kent Gardens - 170.0 Cottontail
Hunter Mill,Week2,Shouse Village,Week2,235.0 Hunter Mill - 167.0 Shouse Village
Hunter Mill,Week1,Shouse Village,Week5,213.0 Hunter Mill - 189.0 Shouse Village
Hunter Mill,Week4,Virginia Hills,Week5,355.0 Hunter Mill - 47.0 Virginia Hills
Ilda Community,Week2,Hamlet,Week5,363.5 Hamlet - 38.5 Ilda Community
Hunter Mill,Week2,Virginia Run,Week1,215.0 Hunter Mill - 187.0 Virginia Run
Hunter Mill,Week2,Virginia Run,Week5,208.0 Virginia Run - 194.0 Hunter Mill
Hunter Mill,Week3,Virginia Run,Week1,223.0 Hunter Mill - 179.0 Virginia Run
Hunter Mill,Week3,Shouse Village,Week2,248.0 Hunter Mill - 154.0 Shouse Village
Kent Gardens,Week4,Cottontail,Week3,226.0 Kent Gardens - 176.0 Cottontail
Hunter Mill,Week2,Virginia Hills,Week3,349.0 Hunter Mill - 53.0 Virginia Hills
Kent Gardens,Week3,Cottontail,Week3,208.0 Kent Gardens - 194.0 Cottontail
Hunter Mill,Week2,Virginia Run,Week3,227.0 Hunter Mill - 175.0 Virginia Run
Hunter Mill,Week4,Rutherford,Week1,327.0 Hunter Mill - 74.0 Rutherford
Hunter Mill,Week4,Rutherford,Week3,289.0 Hunter Mill - 113.0 Rutherford
Kent Gardens,Week3,Cottontail,Week5,210.5 Cottontail - 191.5 Kent Gardens
Kent Gardens,Week4,Cottontail,Week1,210.0 Kent Gardens - 192.0 Cottontail
Kent Gardens,Week3,Cottontail,Week4,218.0 Kent Gardens - 184.0 Cottontail
Hunter Mill,Week2,Shouse Village,Week1,233.0 Hunter Mill - 168.0 Shouse Village
Kent Gardens,Week2,Cottontail,Week1,211.5 Kent Gardens - 190.5 Cottontail
Kent Gardens,Week3,Country Club Hills,Week4,224.0 Kent Gardens - 178.0 Country Club Hills
Hunter Mill,Week3,Shouse Village,Week5,216.0 Hunter Mill - 186.0 Shouse Village
Hunter Mill,Week3,Shouse Village,Week4,237.5 Hunter Mill - 164.5 Shouse Village
Hunter Mill,Week1,Shouse Village,Week2,239.0 Hunter Mill - 163.0 Shouse Village
Hunter Mill,Week2,Shouse Village,Week4,227.0 Hunter Mill - 174.0 Shouse Village
Kent Gardens,Week2,Country Club Hills,Week2,217.0 Kent Gardens - 185.0 Country Club Hills
Kent Gardens,Week1,Country Club Hills,Week5,223.0 Kent Gardens - 179.0 Country Club Hills
Hunter Mill,Week5,Virginia Run,Week3,246.5 Hunter Mill - 155.5 Virginia Run
Kent Gardens,Week4,Cottontail,Week4,218.0 Kent Gardens - 184.0 Cottontail
Hunter Mill,Week2,Wakefield Chapel,Week3,248.0 Wakefield Chapel - 154.0 Hunter Mill
Ilda Community,Week4,Hamlet,Week1,318.0 Hamlet - 84.0 Ilda Community
Ilda Community,Week1,Hamlet,Week2,347.0 Hamlet - 55.0 Ilda Community
Hunter Mill,Week3,Virginia Run,Week4,233.0 Hunter Mill - 169.0 Virginia Run
Hunter Mill,Week3,Virginia Run,Week3,238.0 Hunter Mill - 164.0 Virginia Run
Ilda Community,Week3,Hamlet,Week1,334.0 Hamlet - 68.0 Ilda Community
Ilda Community,Week3,Hamlet,Week4,331.0 Hamlet - 70.0 Ilda Community
Ilda Community,Week5,Hamlet,Week5,347.0 Hamlet - 55.0 Ilda Community
Kent Gardens,Week1,Country Club Hills,Week1,238.0 Kent Gardens - 164.0 Country Club Hills
Hunter Mill,Week4,Sideburn Run,Week1,238.0 Hunter Mill - 164.0 Sideburn Run
Ilda Community,Week3,Hamlet,Week2,354.0 Hamlet - 48.0 Ilda Community
Hunter Mill,Week4,Virginia Run,Week4,244.0 Hunter Mill - 158.0 Virginia Run
Kent Gardens,Week1,Country Club Hills,Week3,238.0 Kent Gardens - 164.0 Country Club Hills
Hunter Mill,Week1,Wakefield Chapel,Week2,239.0 Wakefield Chapel - 163.0 Hunter Mill
Kent Gardens,Week5,Cottontail,Week4,255.0 Kent Gardens - 147.0 Cottontail
Hunter Mill,Week4,Sideburn Run,Week4,249.5 Hunter Mill - 152.5 Sideburn Run
Kent Gardens,Week3,Country Club Hills,Week3,221.5 Kent Gardens - 180.5 Country Club Hills
Hunter Mill,Week5,Shouse Village,Week3,261.0 Hunter Mill - 141.0 Shouse Village
Kent Gardens,Week5,Cottontail,Week5,241.0 Kent Gardens - 161.0 Cottontail
Ilda Community,Week1,Hamlet,Week4,330.0 Hamlet - 72.0 Ilda Community
Ilda Community,Week5,Hamlet,Week1,336.0 Hamlet - 65.0 Ilda Community
Hunter Mill,Week5,Wakefield Chapel,Week4,210.0 Wakefield Chapel - 192.0 Hunter Mill
Hunter Mill,Week2,Wakefield Chapel,Week1,248.0 Wakefield Chapel - 154.0 Hunter Mill
Hunter Mill,Week2,Wakefield Chapel,Week2,232.0 Wakefield Chapel - 170.0 Hunter Mill
Hunter Mill,Week4,Virginia Run,Week3,244.5 Hunter Mill - 157.5 Virginia Run
Hunter Mill,Week5,Shouse Village,Week1,256.0 Hunter Mill - 146.0 Shouse Village
Kent Gardens,Week2,Country Club Hills,Week4,222.0 Kent Gardens - 180.0 Country Club Hills
Hunter Mill,Week4,Shouse Village,Week2,263.0 Hunter Mill - 139.0 Shouse Village
Hunter Mill,Week4,Shouse Village,Week1,259.0 Hunter Mill - 143.0 Shouse Village
Ilda Community,Week1,Hamlet,Week3,349.0 Hamlet - 53.0 Ilda Community
Ilda Community,Week4,Hamlet,Week4,320.0 Hamlet - 82.0 Ilda Community
Hunter Mill,Week5,Shouse Village,Week2,259.0 Hunter Mill - 143.0 Shouse Village
Ilda Community,Week1,Hamlet,Week5,350.0 Hamlet - 52.0 Ilda Community
Hunter Mill,Week1,Wakefield Chapel,Week4,224.0 Wakefield Chapel - 178.0 Hunter Mill
Kent Gardens,Week5,Cottontail,Week1,252.0 Kent Gardens - 150.0 Cottontail
Kent Gardens,Week1,Country Club Hills,Week2,252.0 Kent Gardens - 150.0 Country Club Hills
Hunter Mill,Week1,Wakefield Chapel,Week1,253.0 Wakefield Chapel - 149.0 Hunter Mill
Ilda Community,Week2,Hamlet,Week3,360.0 Hamlet - 42.0 Ilda Community
Ilda Community,Week3,Hamlet,Week5,349.0 Hamlet - 53.0 Ilda Community
Ilda Community,Week5,Greenbriar,Week4,256.0 Greenbriar - 146.0 Ilda Community
Hunter Mill,Week3,Wakefield Chapel,Week4,221.0 Wakefield Chapel - 181.0 Hunter Mill
Kent Gardens,Week4,Cottontail,Week5,205.0 Kent Gardens - 197.0 Cottontail
Hunter Mill,Week2,Sideburn Run,Week2,242.0 Hunter Mill - 160.0 Sideburn Run
Hunter Mill,Week3,Virginia Run,Week5,203.0 Hunter Mill - 199.0 Virginia Run
Hunter Mill,Week2,Sideburn Run,Week4,225.5 Hunter Mill - 176.5 Sideburn Run
Ilda Community,Week5,Greenbriar,Week5,272.5 Greenbriar - 129.5 Ilda Community
Hunter Mill,Week3,Sideburn Run,Week2,257.0 Hunter Mill - 145.0 Sideburn Run
Hunter Mill,Week2,Sideburn Run,Week3,228.0 Hunter Mill - 174.0 Sideburn Run
Hunter Mill,Week3,Wakefield Chapel,Week3,247.0 Wakefield Chapel - 155.0 Hunter Mill
Hunter Mill,Week1,Sideburn Run,Week3,224.0 Hunter Mill - 178.0 Sideburn Run
Kent Gardens,Week5,Country Club Hills,Week5,251.0 Kent Gardens - 151.0 Country Club Hills
Hunter Mill,Week4,Virginia Run,Week1,225.0 Hunter Mill - 177.0 Virginia Run
Kent Gardens,Week5,Country Club Hills,Week2,274.0 Kent Gardens - 128.0 Country Club Hills
Kent Gardens,Week5,Cottontail,Week2,263.0 Kent Gardens - 139.0 Cottontail
Ilda Community,Week5,Hamlet,Week2,362.0 Hamlet - 40.0 Ilda Community
Hunter Mill,Week5,Shouse Village,Week5,227.0 Hunter Mill - 175.0 Shouse Village
Ilda Community,Week4,Hamlet,Week2,343.0 Hamlet - 59.0 Ilda Community
Kent Gardens,Week3,Country Club Hills,Week2,229.0 Kent Gardens - 173.0 Country Club Hills
Hunter Mill,Week3,Sideburn Run,Week5,234.5 Hunter Mill - 167.5 Sideburn Run
Kent Gardens,Week3,Country Club Hills,Week5,202.0 Country Club Hills - 200.0 Kent Gardens
Hunter Mill,Week2,Sideburn Run,Week1,227.0 Hunter Mill - 175.0 Sideburn Run
Hunter Mill,Week1,Sideburn Run,Week5,224.0 Hunter Mill - 178.0 Sideburn Run
Ilda Community,Week2,Hamlet,Week1,348.0 Hamlet - 54.0 Ilda Community
Hunter Mill,Week1,Wakefield Chapel,Week5,272.0 Wakefield Chapel - 130.0 Hunter Mill
Ilda Community,Week1,Hamlet,Week1,333.0 Hamlet - 69.0 Ilda Community
Kent Gardens,Week1,Country Club Hills,Week4,247.0 Kent Gardens - 155.0 Country Club Hills
Ilda Community,Week3,Hamlet,Week3,347.0 Hamlet - 55.0 Ilda Community
Hunter Mill,Week3,Sideburn Run,Week1,230.0 Hunter Mill - 172.0 Sideburn Run
Ilda Community,Week4,Hamlet,Week3,340.0 Hamlet - 62.0 Ilda Community
Hunter Mill,Week3,Virginia Run,Week2,236.0 Hunter Mill - 166.0 Virginia Run
Hunter Mill,Week5,Sideburn Run,Week1,249.0 Hunter Mill - 153.0 Sideburn Run
Kent Gardens,Week5,Cottontail,Week3,277.0 Kent Gardens - 125.0 Cottontail
Ilda Community,Week1,Hayfield Farm,Week1,261.0 Hayfield Farm - 141.0 Ilda Community
Hunter Mill,Week2,Wakefield Chapel,Week4,235.0 Wakefield Chapel - 167.0 Hunter Mill
Ilda Community,Week5,Hayfield Farm,Week3,293.0 Hayfield Farm - 109.0 Ilda Community
Hunter Mill,Week3,Wakefield Chapel,Week1,246.0 Wakefield Chapel - 156.0 Hunter Mill
Hunter Mill,Week5,Virginia Run,Week2,240.0 Hunter Mill - 162.0 Virginia Run
Hunter Mill,Week1,Sideburn Run,Week1,222.0 Hunter Mill - 180.0 Sideburn Run
Hunter Mill,Week2,Sideburn Run,Week5,233.0 Hunter Mill - 169.0 Sideburn Run
Kent Gardens,Week2,Country Club Hills,Week3,216.0 Kent Gardens - 186.0 Country Club Hills
Ilda Community,Week2,Hamlet,Week2,358.0 Hamlet - 44.0 Ilda Community
Hunter Mill,Week5,Virginia Run,Week4,240.0 Hunter Mill - 162.0 Virginia Run
Kent Gardens,Week2,Country Club Hills,Week1,214.0 Kent Gardens - 188.0 Country Club Hills
Hunter Mill,Week4,Virginia Run,Week5,221.0 Hunter Mill - 181.0 Virginia Run
Hunter Mill,Week5,Sideburn Run,Week2,267.0 Hunter Mill - 135.0 Sideburn Run
Ilda Community,Week5,Hamlet,Week3,349.0 Hamlet - 53.0 Ilda Community
Hunter Mill,Week5,Virginia Run,Week1,226.0 Hunter Mill - 176.0 Virginia Run
Hunter Mill,Week4,Sideburn Run,Week2,250.0 Hunter Mill - 152.0 Sideburn Run
Hunter Mill,Week5,Virginia Run,Week5,216.0 Hunter Mill - 186.0 Virginia Run
Ilda Community,Week5,Hamlet,Week4,330.0 Hamlet - 72.0 Ilda Community
Hunter Mill,Week1,Wakefield Chapel,Week3,254.0 Wakefield Chapel - 148.0 Hunter Mill
Hunter Mill,Week3,Sideburn Run,Week4,237.0 Hunter Mill - 165.0 Sideburn Run
Hunter Mill,Week4,Virginia Run,Week2,234.0 Hunter Mill - 168.0 Virginia Run
Ilda Community,Week1,Herndon,Week2,245.0 Ilda Community - 157.0 Herndon
Hunter Mill,Week5,Sideburn Run,Week4,260.0 Hunter Mill - 142.0 Sideburn Run
Kent Gardens,Week4,Country Club Hills,Week3,235.0 Kent Gardens - 167.0 Country Club Hills
Ilda Community,Week5,Brandywine,Week2,257.0 Brandywine - 145.0 Ilda Community
Ilda Community,Week1,Herndon,Week3,250.5 Ilda Community - 151.5 Herndon
Hunter Mill,Week1,Sideburn Run,Week2,241.0 Hunter Mill - 161.0 Sideburn Run
Hunter Mill,Week4,Wakefield Chapel,Week2,219.0 Wakefield Chapel - 183.0 Hunter Mill
Kent Gardens,Week2,Country Club Hills,Week5,212.0 Country Club Hills - 190.0 Kent Gardens
Kent Gardens,Week3,Country Club Hills,Week1,220.0 Kent Gardens - 182.0 Country Club Hills
Kent Gardens,Week4,Country Club Hills,Week2,234.0 Kent Gardens - 168.0 Country Club Hills
Hunter Mill,Week2,Wakefield Chapel,Week5,267.0 Wakefield Chapel - 135.0 Hunter Mill
Ilda Community,Week1,Herndon,Week1,249.0 Ilda Community - 152.0 Herndon
Hunter Mill,Week3,Wakefield Chapel,Week5,268.0 Wakefield Chapel - 134.0 Hunter Mill
Ilda Community,Week1,Herndon,Week5,251.0 Ilda Community - 151.0 Herndon
Hunter Mill,Week5,Sideburn Run,Week3,241.0 Hunter Mill - 161.0 Sideburn Run
Ilda Community,Week4,Hayfield Farm,Week2,260.0 Hayfield Farm - 142.0 Ilda Community
Hunter Mill,Week4,Wakefield Chapel,Week5,259.0 Wakefield Chapel - 143.0 Hunter Mill
Kent Gardens,Week4,Country Club Hills,Week5,203.0 Country Club Hills - 199.0 Kent Gardens
Hunter Mill,Week1,Sleepy Hollow B & R,Week2,214.0 Hunter Mill - 188.0 Sleepy Hollow B & R
Ilda Community,Week5,Hayfield Farm,Week4,277.0 Hayfield Farm - 125.0 Ilda Community
Ilda Community,Week4,Bren Mar-Edsall Park,Week2,337.0 Ilda Community - 64.0 Bren Mar-Edsall Park
Kent Gardens,Week5,Country Club Hills,Week3,268.0 Kent Gardens - 134.0 Country Club Hills
Kent Gardens,Week4,Country Club Hills,Week1,222.0 Kent Gardens - 180.0 Country Club Hills
Hunter Mill,Week4,Wakefield Chapel,Week3,250.0 Wakefield Chapel - 152.0 Hunter Mill
Hunter Mill,Week4,Wakefield Chapel,Week1,243.0 Wakefield Chapel - 159.0 Hunter Mill
Ilda Community,Week4,Hayfield Farm,Week3,271.0 Hayfield Farm - 131.0 Ilda Community
Ilda Community,Week5,Brandywine,Week3,250.0 Brandywine - 150.0 Ilda Community
Ilda Community,Week2,Herndon,Week1,267.0 Ilda Community - 135.0 Herndon
Hunter Mill,Week4,Wakefield Chapel,Week4,222.0 Wakefield Chapel - 180.0 Hunter Mill
Ilda Community,Week2,Hayfield Farm,Week4,298.0 Hayfield Farm - 104.0 Ilda Community
Ilda Community,Week1,Hayfield Farm,Week3,274.0 Hayfield Farm - 123.0 Ilda Community
Hunter Mill,Week3,Sideburn Run,Week3,229.0 Hunter Mill - 173.0 Sideburn Run
Ilda Community,Week5,Brandywine,Week4,275.0 Brandywine - 126.0 Ilda Community
Hunter Mill,Week5,Sideburn Run,Week5,242.5 Hunter Mill - 159.5 Sideburn Run
Kent Gardens,Week5,Country Club Hills,Week4,260.0 Kent Gardens - 142.0 Country Club Hills
Hunter Mill,Week2,Fox Mill Woods,Week4,230.0 Fox Mill Woods - 172.0 Hunter Mill
Ilda Community,Week1,Bren Mar-Edsall Park,Week2,324.0 Ilda Community - 78.0 Bren Mar-Edsall Park
Hunter Mill,Week3,Wakefield Chapel,Week2,236.0 Wakefield Chapel - 166.0 Hunter Mill
Hunter Mill,Week1,Sleepy Hollow B & R,Week4,207.0 Hunter Mill - 195.0 Sleepy Hollow B & R
Ilda Community,Week3,Bren Mar-Edsall Park,Week3,295.0 Ilda Community - 107.0 Bren Mar-Edsall Park
Kent Gardens,Week4,Country Club Hills,Week4,228.0 Kent Gardens - 174.0 Country Club Hills
Hunter Mill,Week4,Sideburn Run,Week5,238.0 Hunter Mill - 164.0 Sideburn Run
Hunter Mill,Week1,Sideburn Run,Week4,228.0 Hunter Mill - 174.0 Sideburn Run
Ilda Community,Week2,Bren Mar-Edsall Park,Week3,311.0 Ilda Community - 91.0 Bren Mar-Edsall Park
Hunter Mill,Week5,Wakefield Chapel,Week1,217.0 Wakefield Chapel - 185.0 Hunter Mill
Hunter Mill,Week4,Fox Mill Woods,Week3,204.0 Fox Mill Woods - 198.0 Hunter Mill
Hunter Mill,Week2,Fox Mill Woods,Week2,223.5 Fox Mill Woods - 178.5 Hunter Mill
Ilda Community,Week4,Brandywine,Week3,242.0 Brandywine - 159.0 Ilda Community
Hunter Mill,Week4,Fox Mill Woods,Week2,203.0 Fox Mill Woods - 199.0 Hunter Mill
Hunter Mill,Week1,Sleepy Hollow Rec,Week2,298.0 Hunter Mill - 104.0 Sleepy Hollow Rec
Hunter Mill,Week3,Fox Mill Woods,Week4,214.0 Fox Mill Woods - 188.0 Hunter Mill
Ilda Community,Week5,Hayfield Farm,Week1,268.0 Hayfield Farm - 134.0 Ilda Community
Ilda Community,Week2,Bren Mar-Edsall Park,Week2,324.0 Ilda Community - 77.0 Bren Mar-Edsall Park
Ilda Community,Week1,Bren Mar-Edsall Park,Week4,299.0 Ilda Community - 103.0 Bren Mar-Edsall Park
Ilda Community,Week3,Hayfield Farm,Week4,276.0 Hayfield Farm - 126.0 Ilda Community
Ilda Community,Week3,Hayfield Farm,Week2,275.0 Hayfield Farm - 127.0 Ilda Community
Ilda Community,Week2,Bren Mar-Edsall Park,Week4,308.0 Ilda Community - 93.0 Bren Mar-Edsall Park
Hunter Mill,Week2,Walden Glen,Week3,267.0 Hunter Mill - 134.0 Walden Glen
Ilda Community,Week1,Hayfield Farm,Week5,265.0 Hayfield Farm - 137.0 Ilda Community
Ilda Community,Week5,Bren Mar-Edsall Park,Week5,304.5 Ilda Community - 96.5 Bren Mar-Edsall Park
Hunter Mill,Week5,Walden Glen,Week3,297.0 Hunter Mill - 105.0 Walden Glen
Hunter Mill,Week4,Walden Glen,Week3,292.0 Hunter Mill - 109.0 Walden Glen
Hunter Mill,Week4,Sleepy Hollow B & R,Week1,235.0 Hunter Mill - 167.0 Sleepy Hollow B & R
Ilda Community,Week3,Hayfield Farm,Week3,285.0 Hayfield Farm - 117.0 Ilda Community
Ilda Community,Week2,Hayfield Farm,Week1,267.0 Hayfield Farm - 135.0 Ilda Community
Hunter Mill,Week3,Fox Mill Woods,Week2,210.0 Fox Mill Woods - 192.0 Hunter Mill
Hunter Mill,Week4,Sideburn Run,Week3,242.0 Hunter Mill - 160.0 Sideburn Run
Hunter Mill,Week3,Sleepy Hollow B & R,Week5,204.0 Sleepy Hollow B & R - 198.0 Hunter Mill
Hunter Mill,Week5,Sleepy Hollow B & R,Week1,236.0 Hunter Mill - 166.0 Sleepy Hollow B & R
Hunter Mill,Week2,Sleepy Hollow B & R,Week3,213.0 Hunter Mill - 189.0 Sleepy Hollow B & R
Hunter Mill,Week1,Sleepy Hollow B & R,Week3,216.0 Hunter Mill - 186.0 Sleepy Hollow B & R
Ilda Community,Week5,Brandywine,Week1,257.0 Brandywine - 145.0 Ilda Community
Hunter Mill,Week5,Wakefield Chapel,Week3,231.0 Wakefield Chapel - 171.0 Hunter Mill
Hunter Mill,Week5,Wakefield Chapel,Week2,218.0 Wakefield Chapel - 184.0 Hunter Mill
Hunter Mill,Week2,Fox Mill Woods,Week3,231.0 Fox Mill Woods - 171.0 Hunter Mill
Hunter Mill,Week2,Fox Mill Woods,Week5,251.0 Fox Mill Woods - 151.0 Hunter Mill
Hunter Mill,Week5,Fox Mill Woods,Week5,203.0 Fox Mill Woods - 199.0 Hunter Mill
Hunter Mill,Week4,Sleepy Hollow B & R,Week2,221.0 Hunter Mill - 181.0 Sleepy Hollow B & R
Hunter Mill,Week1,Walden Glen,Week4,238.0 Hunter Mill - 159.0 Walden Glen
Hunter Mill,Week1,Great Falls,Week3,210.5 Hunter Mill - 186.5 Great Falls
Ilda Community,Week2,Hayfield Farm,Week3,286.0 Hayfield Farm - 116.0 Ilda Community
Ilda Community,Week4,Brandywine,Week2,240.0 Brandywine - 161.0 Ilda Community
Hunter Mill,Week5,Walden Glen,Week2,281.0 Hunter Mill - 121.0 Walden Glen
Ilda Community,Week3,Bren Mar-Edsall Park,Week5,286.0 Ilda Community - 110.0 Bren Mar-Edsall Park
Hunter Mill,Week4,Fox Mill Woods,Week1,224.0 Fox Mill Woods - 178.0 Hunter Mill
Hunter Mill,Week5,Walden Glen,Week1,308.0 Hunter Mill - 94.0 Walden Glen
Ilda Community,Week4,Hayfield Farm,Week1,247.0 Hayfield Farm - 155.0 Ilda Community
Hunter Mill,Week1,Sleepy Hollow B & R,Week1,215.0 Hunter Mill - 187.0 Sleepy Hollow B & R
Kent Gardens,Week5,Country Club Hills,Week1,266.0 Kent Gardens - 136.0 Country Club Hills
Hunter Mill,Week3,Sleepy Hollow B & R,Week2,228.0 Hunter Mill - 174.0 Sleepy Hollow B & R
Ilda Community,Week4,Bren Mar-Edsall Park,Week1,328.0 Ilda Community - 72.0 Bren Mar-Edsall Park
Hunter Mill,Week1,Walden Glen,Week2,257.0 Hunter Mill - 139.0 Walden Glen
Ilda Community,Week3,Hayfield Farm,Week1,270.0 Hayfield Farm - 132.0 Ilda Community
Hunter Mill,Week4,Walden Glen,Week4,264.5 Hunter Mill - 136.5 Walden Glen
Ilda Community,Week5,Brandywine,Week5,293.0 Brandywine - 109.0 Ilda Community
Ilda Community,Week5,Hayfield Farm,Week2,275.0 Hayfield Farm - 127.0 Ilda Community
Ilda Community,Week3,Hayfield Farm,Week5,270.0 Hayfield Farm - 132.0 Ilda Community
Hunter Mill,Week2,Sleepy Hollow B & R,Week4,215.0 Hunter Mill - 187.0 Sleepy Hollow B & R
Ilda Community,Week1,Hayfield Farm,Week4,275.0 Hayfield Farm - 127.0 Ilda Community
Hunter Mill,Week4,Walden Glen,Week5,258.0 Hunter Mill - 143.0 Walden Glen
Hunter Mill,Week2,Great Falls,Week1,238.0 Hunter Mill - 164.0 Great Falls
Hunter Mill,Week1,Great Falls,Week4,234.0 Hunter Mill - 163.0 Great Falls
Hunter Mill,Week1,Walden Glen,Week3,275.0 Hunter Mill - 127.0 Walden Glen
Hunter Mill,Week1,Great Falls,Week5,212.0 Hunter Mill - 185.0 Great Falls
Ilda Community,Week1,Bren Mar-Edsall Park,Week3,300.0 Ilda Community - 102.0 Bren Mar-Edsall Park
Hunter Mill,Week5,Fox Mill Woods,Week1,211.0 Fox Mill Woods - 191.0 Hunter Mill
Hunter Mill,Week2,Sleepy Hollow B & R,Week1,230.0 Hunter Mill - 172.0 Sleepy Hollow B & R
Hunter Mill,Week2,Sleepy Hollow B & R,Week2,222.5 Hunter Mill - 179.5 Sleepy Hollow B & R
Ilda Community,Week2,Bren Mar-Edsall Park,Week5,306.0 Ilda Community - 96.0 Bren Mar-Edsall Park
Ilda Community,Week5,Bren Mar-Edsall Park,Week2,319.0 Ilda Community - 82.0 Bren Mar-Edsall Park
Hunter Mill,Week3,Walden Glen,Week4,271.0 Hunter Mill - 131.0 Walden Glen
Ilda Community,Week4,Brandywine,Week5,268.0 Brandywine - 134.0 Ilda Community
Ilda Community,Week2,Hayfield Farm,Week5,278.0 Hayfield Farm - 124.0 Ilda Community
Hunter Mill,Week3,Sleepy Hollow B & R,Week4,220.0 Hunter Mill - 182.0 Sleepy Hollow B & R
Ilda Community,Week2,Hayfield Farm,Week2,285.0 Hayfield Farm - 117.0 Ilda Community
Hunter Mill,Week5,Walden Glen,Week4,280.0 Hunter Mill - 122.0 Walden Glen
Ilda Community,Week4,Hayfield Farm,Week5,252.0 Hayfield Farm - 150.0 Ilda Community
Ilda Community,Week1,Bren Mar-Edsall Park,Week5,311.0 Ilda Community - 91.0 Bren Mar-Edsall Park
Hunter Mill,Week4,Sleepy Hollow B & R,Week3,219.0 Hunter Mill - 183.0 Sleepy Hollow B & R
Hunter Mill,Week5,Walden Glen,Week5,271.0 Hunter Mill - 131.0 Walden Glen
Hunter Mill,Week3,Sleepy Hollow B & R,Week1,235.0 Hunter Mill - 167.0 Sleepy Hollow B & R
Ilda Community,Week4,Hayfield Farm,Week4,258.0 Hayfield Farm - 144.0 Ilda Community
Hunter Mill,Week1,Great Falls,Week2,241.0 Hunter Mill - 143.0 Great Falls
Hunter Mill,Week4,Sleepy Hollow B & R,Week4,215.0 Hunter Mill - 187.0 Sleepy Hollow B & R
Ilda Community,Week2,Herndon,Week3,266.0 Ilda Community - 136.0 Herndon
Hunter Mill,Week5,Wakefield Chapel,Week5,243.0 Wakefield Chapel - 159.0 Hunter Mill
Hunter Mill,Week2,Great Falls,Week2,218.0 Hunter Mill - 166.0 Great Falls
Hunter Mill,Week5,Fox Mill Woods,Week2,212.0 Hunter Mill - 190.0 Fox Mill Woods
Ilda Community,Week3,Bren Mar-Edsall Park,Week4,290.0 Ilda Community - 107.0 Bren Mar-Edsall Park
Hunter Mill,Week2,Walden Glen,Week1,285.0 Hunter Mill - 117.0 Walden Glen
Hunter Mill,Week1,Great Falls,Week1,253.0 Hunter Mill - 149.0 Great Falls
Ilda Community,Week4,Brandywine,Week4,256.0 Brandywine - 146.0 Ilda Community
Ilda Community,Week1,Bren Mar-Edsall Park,Week1,318.0 Ilda Community - 84.0 Bren Mar-Edsall Park
Hunter Mill,Week1,Walden Glen,Week1,298.0 Hunter Mill - 99.0 Walden Glen
Ilda Community,Week4,Bren Mar-Edsall Park,Week3,322.0 Ilda Community - 80.0 Bren Mar-Edsall Park
Hunter Mill,Week5,Dowden Terrace,Week1,259.0 Hunter Mill - 143.0 Dowden Terrace
Ilda Community,Week5,Hayfield Farm,Week5,279.0 Hayfield Farm - 123.0 Ilda Community
Ilda Community,Week1,Herndon,Week4,250.0 Ilda Community - 152.0 Herndon
Hunter Mill,Week2,Walden Glen,Week5,248.0 Hunter Mill - 153.0 Walden Glen
Ilda Community,Week2,Herndon,Week2,255.0 Ilda Community - 147.0 Herndon
Ilda Community,Week3,Bren Mar-Edsall Park,Week1,309.0 Ilda Community - 91.0 Bren Mar-Edsall Park
Hunter Mill,Week2,Walden Glen,Week2,263.0 Hunter Mill - 135.0 Walden Glen
Hunter Mill,Week5,Sleepy Hollow B & R,Week2,234.0 Hunter Mill - 168.0 Sleepy Hollow B & R
Hunter Mill,Week4,Sleepy Hollow B & R,Week5,202.5 Hunter Mill - 199.5 Sleepy Hollow B & R
Hunter Mill,Week4,Fox Mill Woods,Week5,209.0 Fox Mill Woods - 193.0 Hunter Mill
Hunter Mill,Week5,Sleepy Hollow B & R,Week3,236.0 Hunter Mill - 166.0 Sleepy Hollow B & R
Ilda Community,Week1,Hiddenbrook,Week3,230.0 Hiddenbrook - 172.0 Ilda Community
Ilda Community,Week3,Herndon,Week1,250.0 Ilda Community - 146.0 Herndon
Hunter Mill,Week4,Walden Glen,Week1,310.0 Hunter Mill - 91.0 Walden Glen
Ilda Community,Week2,Herndon,Week5,257.0 Ilda Community - 145.0 Herndon
Ilda Community,Week2,Bren Mar-Edsall Park,Week1,327.0 Ilda Community - 74.0 Bren Mar-Edsall Park
Hunter Mill,Week4,Waynewood,Week4,216.0 Hunter Mill - 186.0 Waynewood
Hunter Mill,Week3,Sleepy Hollow B & R,Week3,229.0 Hunter Mill - 173.0 Sleepy Hollow B & R
Ilda Community,Week3,Hiddenbrook,Week5,268.0 Hiddenbrook - 134.0 Ilda Community
Hunter Mill,Week3,Walden Glen,Week1,311.0 Hunter Mill - 91.0 Walden Glen
Hunter Mill,Week4,Walden Glen,Week2,282.0 Hunter Mill - 116.0 Walden Glen
Hunter Mill,Week3,Fox Mill Woods,Week1,216.0 Fox Mill Woods - 186.0 Hunter Mill
Hunter Mill,Week3,Walden Glen,Week3,301.0 Hunter Mill - 101.0 Walden Glen
Hunter Mill,Week1,Sleepy Hollow Rec,Week1,300.0 Hunter Mill - 102.0 Sleepy Hollow Rec
Ilda Community,Week2,Herndon,Week4,244.0 Ilda Community - 158.0 Herndon
Ilda Community,Week5,Bren Mar-Edsall Park,Week3,306.0 Ilda Community - 96.0 Bren Mar-Edsall Park
Hunter Mill,Week1,Walden Glen,Week5,245.0 Hunter Mill - 157.0 Walden Glen
Ilda Community,Week1,Broyhill Crest,Week1,275.0 Ilda Community - 123.0 Broyhill Crest
Ilda Community,Week3,Herndon,Week2,240.0 Ilda Community - 156.0 Herndon
Hunter Mill,Week5,Sleepy Hollow B & R,Week5,209.0 Hunter Mill - 193.0 Sleepy Hollow B & R
Ilda Community,Week4,Bren Mar-Edsall Park,Week4,312.0 Ilda Community - 89.0 Bren Mar-Edsall Park
Hunter Mill,Week3,Fox Mill Woods,Week5,223.0 Fox Mill Woods - 178.0 Hunter Mill
Hunter Mill,Week5,Sleepy Hollow Rec,Week5,306.0 Hunter Mill - 96.0 Sleepy Hollow Rec
Hunter Mill,Week1,Sleepy Hollow B & R,Week5,214.0 Sleepy Hollow B & R - 188.0 Hunter Mill
Ilda Community,Week5,Bren Mar-Edsall Park,Week4,296.0 Ilda Community - 106.0 Bren Mar-Edsall Park
Hunter Mill,Week3,Walden Glen,Week2,284.0 Hunter Mill - 117.0 Walden Glen
Ilda Community,Week1,Hiddenbrook,Week5,252.0 Hiddenbrook - 150.0 Ilda Community
Hunter Mill,Week4,Fox Mill Woods,Week4,213.0 Fox Mill Woods - 189.0 Hunter Mill
Hunter Mill,Week3,Sleepy Hollow Rec,Week4,329.0 Hunter Mill - 73.0 Sleepy Hollow Rec
Ilda Community,Week5,Bren Mar-Edsall Park,Week1,321.0 Ilda Community - 80.0 Bren Mar-Edsall Park
Ilda Community,Week5,Hiddenbrook,Week1,220.0 Hiddenbrook - 181.0 Ilda Community
Ilda Community,Week3,Hiddenbrook,Week3,233.5 Hiddenbrook - 168.5 Ilda Community
Hunter Mill,Week3,Waynewood,Week2,211.0 Waynewood - 191.0 Hunter Mill
Ilda Community,Week3,Brookfield ,Week4,287.0 Brookfield - 115.0 Ilda Community
Ilda Community,Week4,Hiddenbrook,Week4,216.0 Hiddenbrook - 186.0 Ilda Community
Hunter Mill,Week5,Sleepy Hollow B & R,Week4,226.0 Hunter Mill - 176.0 Sleepy Hollow B & R
Hunter Mill,Week2,Sleepy Hollow Rec,Week4,307.0 Hunter Mill - 95.0 Sleepy Hollow Rec
Ilda Community,Week4,Bren Mar-Edsall Park,Week5,313.0 Ilda Community - 89.0 Bren Mar-Edsall Park
Hunter Mill,Week2,Sleepy Hollow B & R,Week5,205.0 Sleepy Hollow B & R - 197.0 Hunter Mill
Ilda Community,Week1,Brookfield ,Week5,258.0 Brookfield - 144.0 Ilda Community
Hunter Mill,Week5,Fox Mill Woods,Week4,205.0 Hunter Mill - 197.0 Fox Mill Woods
Hunter Mill,Week1,Sleepy Hollow Rec,Week5,294.0 Hunter Mill - 108.0 Sleepy Hollow Rec
Ilda Community,Week4,Herndon,Week5,273.0 Ilda Community - 128.0 Herndon
Ilda Community,Week4,Brookfield ,Week4,265.0 Brookfield - 137.0 Ilda Community
Ilda Community,Week3,Herndon,Week3,254.0 Ilda Community - 142.0 Herndon
Ilda Community,Week3,Bren Mar-Edsall Park,Week2,311.0 Ilda Community - 85.0 Bren Mar-Edsall Park
Hunter Mill,Week3,Sleepy Hollow Rec,Week3,304.5 Hunter Mill - 97.5 Sleepy Hollow Rec
Hunter Mill,Week2,Walden Glen,Week4,243.0 Hunter Mill - 158.0 Walden Glen
Hunter Mill,Week4,Waynewood,Week1,210.0 Hunter Mill - 192.0 Waynewood
Hunter Mill,Week3,Walden Glen,Week5,263.0 Hunter Mill - 139.0 Walden Glen
Hunter Mill,Week5,Fox Mill Woods,Week3,204.0 Fox Mill Woods - 198.0 Hunter Mill
Hunter Mill,Week3,Fox Mill Woods,Week3,204.0 Fox Mill Woods - 198.0 Hunter Mill
Ilda Community,Week2,Brookfield ,Week1,279.0 Brookfield - 123.0 Ilda Community
Hunter Mill,Week1,Waynewood,Week5,235.0 Waynewood - 167.0 Hunter Mill
Ilda Community,Week1,Somerset-Olde Creek,Week4,254.0 Ilda Community - 147.0 Somerset-Olde Creek
Hunter Mill,Week2,Waynewood,Week4,204.0 Waynewood - 198.0 Hunter Mill
Ilda Community,Week5,Herndon,Week4,255.0 Ilda Community - 147.0 Herndon
Ilda Community,Week3,Brookfield ,Week5,258.5 Brookfield - 143.5 Ilda Community
Hunter Mill,Week1,Waynewood,Week3,223.0 Waynewood - 179.0 Hunter Mill
Ilda Community,Week5,Sleepy Hollow Rec,Week3,228.0 Sleepy Hollow Rec - 173.0 Ilda Community
Hunter Mill,Week1,Woodley,Week4,321.0 Hunter Mill - 81.0 Woodley
Ilda Community,Week1,Broyhill Crest,Week4,267.0 Ilda Community - 134.0 Broyhill Crest
Hunter Mill,Week2,Waynewood,Week2,211.0 Waynewood - 191.0 Hunter Mill
Hunter Mill,Week3,Sleepy Hollow Rec,Week5,308.0 Hunter Mill - 94.0 Sleepy Hollow Rec
Hunter Mill,Week4,Sleepy Hollow Rec,Week1,312.0 Hunter Mill - 90.0 Sleepy Hollow Rec
Ilda Community,Week4,Herndon,Week4,263.0 Ilda Community - 138.0 Herndon
Ilda Community,Week5,Brookfield ,Week2,255.0 Brookfield - 147.0 Ilda Community
Ilda Community,Week3,Herndon,Week4,249.0 Ilda Community - 152.0 Herndon
Hunter Mill,Week1,Sleepy Hollow Rec,Week4,313.0 Hunter Mill - 89.0 Sleepy Hollow Rec
Hunter Mill,Week4,Sleepy Hollow Rec,Week2,306.0 Hunter Mill - 96.0 Sleepy Hollow Rec
Ilda Community,Week4,Herndon,Week2,270.0 Ilda Community - 131.0 Herndon
Hunter Mill,Week3,Waynewood,Week5,234.0 Waynewood - 168.0 Hunter Mill
Ilda Community,Week4,Brookfield ,Week3,244.0 Brookfield - 158.0 Ilda Community
Hunter Mill,Week5,Sleepy Hollow Rec,Week1,313.0 Hunter Mill - 89.0 Sleepy Hollow Rec
Hunter Mill,Week3,Sleepy Hollow Rec,Week1,317.0 Hunter Mill - 85.0 Sleepy Hollow Rec
Ilda Community,Week4,Herndon,Week3,281.0 Ilda Community - 120.0 Herndon
Ilda Community,Week5,Brookfield ,Week4,284.0 Brookfield - 118.0 Ilda Community
Ilda Community,Week1,Hiddenbrook,Week1,231.5 Hiddenbrook - 170.5 Ilda Community
Ilda Community,Week2,Sleepy Hollow Rec,Week5,228.0 Sleepy Hollow Rec - 174.0 Ilda Community
Hunter Mill,Week4,Sleepy Hollow Rec,Week3,301.0 Hunter Mill - 101.0 Sleepy Hollow Rec
Hunter Mill,Week2,Sleepy Hollow Rec,Week5,298.0 Hunter Mill - 104.0 Sleepy Hollow Rec
Ilda Community,Week1,Somerset-Olde Creek,Week1,245.0 Ilda Community - 148.0 Somerset-Olde Creek
Hunter Mill,Week5,Sleepy Hollow Rec,Week2,315.0 Hunter Mill - 87.0 Sleepy Hollow Rec
Hunter Mill,Week2,Waynewood,Week3,231.0 Waynewood - 171.0 Hunter Mill
Ilda Community,Week2,Sleepy Hollow Rec,Week4,208.0 Sleepy Hollow Rec - 194.0 Ilda Community
Ilda Community,Week1,Brookfield ,Week2,263.0 Brookfield - 139.0 Ilda Community
Ilda Community,Week2,Brookfield ,Week4,288.0 Brookfield - 114.0 Ilda Community
Hunter Mill,Week2,Waynewood,Week5,228.0 Waynewood - 174.0 Hunter Mill
Ilda Community,Week4,Sleepy Hollow Rec,Week4,224.0 Ilda Community - 178.0 Sleepy Hollow Rec
Ilda Community,Week4,Sleepy Hollow Rec,Week3,209.0 Sleepy Hollow Rec - 193.0 Ilda Community
Ilda Community,Week5,Herndon,Week2,258.0 Ilda Community - 144.0 Herndon
Ilda Community,Week1,Broyhill Crest,Week5,263.0 Ilda Community - 138.0 Broyhill Crest
Ilda Community,Week4,Herndon,Week1,269.0 Ilda Community - 132.0 Herndon
Ilda Community,Week5,Herndon,Week1,254.0 Ilda Community - 146.0 Herndon
Ilda Community,Week5,Herndon,Week5,259.0 Ilda Community - 143.0 Herndon
Hunter Mill,Week1,Woodley,Week1,324.0 Hunter Mill - 78.0 Woodley
Ilda Community,Week1,Somerset-Olde Creek,Week5,240.0 Ilda Community - 158.0 Somerset-Olde Creek
Hunter Mill,Week2,Sleepy Hollow Rec,Week2,298.0 Hunter Mill - 104.0 Sleepy Hollow Rec
Hunter Mill,Week1,Waynewood,Week1,212.0 Hunter Mill - 190.0 Waynewood
Ilda Community,Week3,Brookfield ,Week2,260.0 Brookfield - 142.0 Ilda Community
Hunter Mill,Week3,Waynewood,Week1,220.0 Hunter Mill - 182.0 Waynewood
Hunter Mill,Week1,Somerset-Olde Creek,Week1,332.0 Hunter Mill - 64.0 Somerset-Olde Creek
Hunter Mill,Week1,Sleepy Hollow Rec,Week3,281.0 Hunter Mill - 121.0 Sleepy Hollow Rec
Hunter Mill,Week4,Woodley,Week1,338.0 Hunter Mill - 64.0 Woodley
Ilda Community,Week5,Brookfield ,Week3,259.0 Brookfield - 142.0 Ilda Community
Ilda Community,Week5,Sleepy Hollow Rec,Week2,206.0 Sleepy Hollow Rec - 195.0 Ilda Community
Ilda Community,Week3,Brookfield ,Week3,264.0 Brookfield - 138.0 Ilda Community
Ilda Community,Week2,Hiddenbrook,Week1,234.0 Hiddenbrook - 168.0 Ilda Community
Hunter Mill,Week3,Woodley,Week5,309.0 Hunter Mill - 93.0 Woodley
Hunter Mill,Week1,Woodley,Week3,321.0 Hunter Mill - 81.0 Woodley
Hunter Mill,Week4,Sleepy Hollow Rec,Week4,329.0 Hunter Mill - 73.0 Sleepy Hollow Rec
Hunter Mill,Week1,Somerset-Olde Creek,Week4,335.0 Hunter Mill - 67.0 Somerset-Olde Creek
Ilda Community,Week5,Herndon,Week3,261.0 Ilda Community - 140.0 Herndon
Hunter Mill,Week1,Waynewood,Week2,202.0 Waynewood - 200.0 Hunter Mill
Ilda Community,Week2,Sleepy Hollow Rec,Week1,208.5 Ilda Community - 193.5 Sleepy Hollow Rec
Ilda Community,Week2,Sleepy Hollow Rec,Week2,212.0 Sleepy Hollow Rec - 190.0 Ilda Community
Hunter Mill,Week4,Waynewood,Week2,211.0 Waynewood - 191.0 Hunter Mill
Hunter Mill,Week5,Sleepy Hollow Rec,Week3,313.0 Hunter Mill - 89.0 Sleepy Hollow Rec
Ilda Community,Week1,Hiddenbrook,Week4,243.5 Hiddenbrook - 158.5 Ilda Community
Ilda Community,Week3,Sleepy Hollow Rec,Week3,234.0 Sleepy Hollow Rec - 168.0 Ilda Community
Ilda Community,Week1,Hiddenbrook,Week2,208.0 Ilda Community - 188.0 Hiddenbrook
Ilda Community,Week1,Brookfield ,Week3,257.0 Brookfield - 145.0 Ilda Community
Ilda Community,Week3,Herndon,Week5,255.0 Ilda Community - 146.0 Herndon
Ilda Community,Week3,Somerset-Olde Creek,Week2,246.0 Ilda Community - 149.0 Somerset-Olde Creek
Ilda Community,Week1,Brookfield ,Week4,276.5 Brookfield - 125.5 Ilda Community
Hunter Mill,Week2,Sleepy Hollow Rec,Week3,283.0 Hunter Mill - 119.0 Sleepy Hollow Rec
Ilda Community,Week4,Brookfield ,Week2,245.0 Brookfield - 157.0 Ilda Community
Hunter Mill,Week4,Sleepy Hollow Rec,Week5,311.0 Hunter Mill - 91.0 Sleepy Hollow Rec
Hunter Mill,Week2,Waynewood,Week1,208.0 Hunter Mill - 194.0 Waynewood
Hunter Mill,Week5,Woodley,Week1,334.0 Hunter Mill - 68.0 Woodley
Hunter Mill,Week3,Sleepy Hollow Rec,Week2,311.0 Hunter Mill - 91.0 Sleepy Hollow Rec
Ilda Community,Week3,Hiddenbrook,Week1,251.0 Hiddenbrook - 151.0 Ilda Community
Ilda Community,Week2,Hiddenbrook,Week3,224.0 Hiddenbrook - 178.0 Ilda Community
Hunter Mill,Week5,Sleepy Hollow Rec,Week4,325.0 Hunter Mill - 77.0 Sleepy Hollow Rec
Ilda Community,Week2,Hiddenbrook,Week2,232.0 Ilda Community - 169.0 Hiddenbrook
Hunter Mill,Week2,Sleepy Hollow Rec,Week1,300.0 Hunter Mill - 102.0 Sleepy Hollow Rec
Ilda Community,Week4,Brookfield ,Week1,267.0 Brookfield - 135.0 Ilda Community
Ilda Community,Week4,Sleepy Hollow Rec,Week5,205.0 Sleepy Hollow Rec - 197.0 Ilda Community
Ilda Community,Week1,Brookfield ,Week1,288.0 Brookfield - 114.0 Ilda Community
Ilda Community,Week5,Brookfield ,Week1,278.0 Brookfield - 124.0 Ilda Community
Hunter Mill,Week4,Waynewood,Week5,229.0 Waynewood - 173.0 Hunter Mill
Ilda Community,Week2,Brookfield ,Week5,260.0 Brookfield - 142.0 Ilda Community
Ilda Community,Week4,Sleepy Hollow Rec,Week1,224.0 Ilda Community - 178.0 Sleepy Hollow Rec
Ilda Community,Week4,Sleepy Hollow Rec,Week2,208.0 Ilda Community - 194.0 Sleepy Hollow Rec
Ilda Community,Week2,Hiddenbrook,Week4,229.0 Hiddenbrook - 173.0 Ilda Community
Ilda Community,Week2,Brookfield ,Week3,271.0 Brookfield - 131.0 Ilda Community
Ilda Community,Week3,Sleepy Hollow Rec,Week4,220.0 Sleepy Hollow Rec - 182.0 Ilda Community
Ilda Community,Week2,Hiddenbrook,Week5,259.0 Hiddenbrook - 143.0 Ilda Community
Ilda Community,Week1,Sleepy Hollow Rec,Week4,211.0 Sleepy Hollow Rec - 190.0 Ilda Community
Hunter Mill,Week2,Woodley,Week3,313.0 Hunter Mill - 88.0 Woodley
Hunter Mill,Week3,Waynewood,Week4,205.0 Hunter Mill - 197.0 Waynewood
Ilda Community,Week2,Brookfield ,Week2,263.0 Brookfield - 139.0 Ilda Community
Ilda Community,Week4,Brookfield ,Week5,239.0 Brookfield - 163.0 Ilda Community
Ilda Community,Week3,Sleepy Hollow Rec,Week2,224.0 Sleepy Hollow Rec - 178.0 Ilda Community
Hunter Mill,Week3,Fairfax Club Estates,Week1,291.0 Hunter Mill - 111.0 Fairfax Club Estates
Hunter Mill,Week1,Fairfax Club Estates,Week5,264.0 Hunter Mill - 138.0 Fairfax Club Estates
Ilda Community,Week3,Brookfield ,Week1,282.0 Brookfield - 120.0 Ilda Community
Ilda Community,Week5,Brookfield ,Week5,260.0 Brookfield - 142.0 Ilda Community
Hunter Mill,Week2,Somerset-Olde Creek,Week1,329.0 Hunter Mill - 68.0 Somerset-Olde Creek
Ilda Community,Week2,Sleepy Hollow Rec,Week3,221.0 Sleepy Hollow Rec - 181.0 Ilda Community
Hunter Mill,Week1,Waynewood,Week4,203.0 Hunter Mill - 199.0 Waynewood
Ilda Community,Week1,Sleepy Hollow Rec,Week5,244.0 Sleepy Hollow Rec - 158.0 Ilda Community
Hunter Mill,Week1,Somerset-Olde Creek,Week2,340.0 Hunter Mill - 57.0 Somerset-Olde Creek
Hunter Mill,Week3,Waynewood,Week3,227.0 Waynewood - 175.0 Hunter Mill
Hunter Mill,Week1,Somerset-Olde Creek,Week5,313.0 Hunter Mill - 89.0 Somerset-Olde Creek
Hunter Mill,Week4,Woodley,Week2,316.0 Hunter Mill - 86.0 Woodley
Ilda Community,Week3,Hiddenbrook,Week2,201.0 Ilda Community - 192.0 Hiddenbrook
Ilda Community,Week3,Hiddenbrook,Week4,234.0 Hiddenbrook - 168.0 Ilda Community
Hunter Mill,Week2,Somerset-Olde Creek,Week3,325.0 Hunter Mill - 75.0 Somerset-Olde Creek
Ilda Community,Week4,Hiddenbrook,Week1,209.0 Hiddenbrook - 193.0 Ilda Community
Hunter Mill,Week2,Fairfax Club Estates,Week3,264.0 Hunter Mill - 137.0 Fairfax Club Estates
Hunter Mill,Week1,Fairfax Club Estates,Week4,249.0 Hunter Mill - 153.0 Fairfax Club Estates
Ilda Community,Week1,Somerset-Olde Creek,Week2,277.0 Ilda Community - 124.0 Somerset-Olde Creek
Ilda Community,Week5,High Point Pool,Week4,306.0 High Point Pool - 96.0 Ilda Community
Hunter Mill,Week5,Waynewood,Week4,214.0 Hunter Mill - 188.0 Waynewood
Hunter Mill,Week2,Somerset-Olde Creek,Week4,323.0 Hunter Mill - 79.0 Somerset-Olde Creek
Hunter Mill,Week3,Fairfax Club Estates,Week3,290.0 Hunter Mill - 112.0 Fairfax Club Estates
Ilda Community,Week3,Sleepy Hollow Rec,Week1,210.0 Sleepy Hollow Rec - 192.0 Ilda Community
Ilda Community,Week4,Hiddenbrook,Week2,231.0 Ilda Community - 167.0 Hiddenbrook
Ilda Community,Week4,High Point Pool,Week4,289.0 High Point Pool - 113.0 Ilda Community
Hunter Mill,Week5,Waynewood,Week2,210.0 Hunter Mill - 192.0 Waynewood
Hunter Mill,Week4,Waynewood,Week3,219.0 Waynewood - 183.0 Hunter Mill
Ilda Community,Week1,Broyhill Crest,Week3,293.0 Ilda Community - 108.0 Broyhill Crest
Ilda Community,Week5,Sleepy Hollow Rec,Week1,209.0 Ilda Community - 193.0 Sleepy Hollow Rec
Ilda Community,Week4,Hiddenbrook,Week3,215.0 Hiddenbrook - 187.0 Ilda Community
Hunter Mill,Week2,Somerset-Olde Creek,Week2,330.0 Hunter Mill - 71.0 Somerset-Olde Creek
Hunter Mill,Week3,Fairfax Club Estates,Week2,296.0 Hunter Mill - 106.0 Fairfax Club Estates
Hunter Mill,Week1,Somerset-Olde Creek,Week3,332.0 Hunter Mill - 65.0 Somerset-Olde Creek
Hunter Mill,Week5,Waynewood,Week1,225.0 Hunter Mill - 177.0 Waynewood
Ilda Community,Week2,Broyhill Crest,Week3,314.0 Ilda Community - 88.0 Broyhill Crest
Ilda Community,Week1,Burke Station,Week5,210.0 Burke Station - 192.0 Ilda Community
Ilda Community,Week2,Burke Station,Week2,225.0 Ilda Community - 175.0 Burke Station
Hunter Mill,Week5,Waynewood,Week3,209.0 Waynewood - 193.0 Hunter Mill
Hunter Mill,Week4,Fairfax Club Estates,Week1,286.0 Hunter Mill - 115.0 Fairfax Club Estates
Ilda Community,Week4,Hiddenbrook,Week5,232.0 Hiddenbrook - 170.0 Ilda Community
Hunter Mill,Week2,Somerset-Olde Creek,Week5,314.0 Hunter Mill - 86.0 Somerset-Olde Creek
Ilda Community,Week5,Sleepy Hollow Rec,Week4,219.0 Ilda Community - 182.0 Sleepy Hollow Rec
Ilda Community,Week5,Sleepy Hollow Rec,Week5,218.0 Sleepy Hollow Rec - 184.0 Ilda Community
Hunter Mill,Week2,Fairfax Club Estates,Week4,258.0 Hunter Mill - 144.0 Fairfax Club Estates
Ilda Community,Week1,Broyhill Crest,Week2,289.0 Ilda Community - 112.0 Broyhill Crest
Hunter Mill,Week4,Fairfax Club Estates,Week2,294.0 Hunter Mill - 108.0 Fairfax Club Estates
Hunter Mill,Week3,Somerset-Olde Creek,Week3,330.0 Hunter Mill - 71.0 Somerset-Olde Creek
Hunter Mill,Week2,Fairfax Club Estates,Week2,270.0 Hunter Mill - 132.0 Fairfax Club Estates
Hunter Mill,Week1,Woodley,Week2,311.0 Hunter Mill - 91.0 Woodley
Ilda Community,Week1,Somerset-Olde Creek,Week3,263.0 Ilda Community - 135.0 Somerset-Olde Creek
Hunter Mill,Week3,Somerset-Olde Creek,Week1,338.0 Hunter Mill - 64.0 Somerset-Olde Creek
Hunter Mill,Week1,Woodley,Week5,303.0 Hunter Mill - 99.0 Woodley
Hunter Mill,Week1,Pleasant Valley,Week2,322.0 Hunter Mill - 80.0 Pleasant Valley
Hunter Mill,Week3,Somerset-Olde Creek,Week5,317.0 Hunter Mill - 85.0 Somerset-Olde Creek
Hunter Mill,Week2,Woodley,Week4,313.0 Hunter Mill - 89.0 Woodley
Ilda Community,Week5,Hiddenbrook,Week3,225.0 Hiddenbrook - 177.0 Ilda Community
Hunter Mill,Week3,Fairfax Club Estates,Week4,279.0 Hunter Mill - 123.0 Fairfax Club Estates
Hunter Mill,Week4,Fairfax Club Estates,Week3,292.5 Hunter Mill - 108.5 Fairfax Club Estates
Hunter Mill,Week4,Somerset-Olde Creek,Week1,332.0 Hunter Mill - 66.0 Somerset-Olde Creek
Ilda Community,Week3,Somerset-Olde Creek,Week1,240.0 Ilda Community - 152.0 Somerset-Olde Creek
Ilda Community,Week1,Burke Station,Week2,223.0 Ilda Community - 174.0 Burke Station
Hunter Mill,Week4,Somerset-Olde Creek,Week2,348.0 Hunter Mill - 54.0 Somerset-Olde Creek
Hunter Mill,Week4,Pleasant Valley,Week5,317.0 Hunter Mill - 85.0 Pleasant Valley
Ilda Community,Week1,High Point Pool,Week5,297.0 High Point Pool - 105.0 Ilda Community
Ilda Community,Week2,Broyhill Crest,Week2,321.0 Ilda Community - 81.0 Broyhill Crest
Hunter Mill,Week2,Woodley,Week1,311.0 Hunter Mill - 91.0 Woodley
Hunter Mill,Week4,Fairfax Club Estates,Week4,276.0 Hunter Mill - 126.0 Fairfax Club Estates
Ilda Community,Week1,High Point Pool,Week3,294.0 High Point Pool - 108.0 Ilda Community
Ilda Community,Week4,Broyhill Crest,Week1,320.0 Ilda Community - 80.0 Broyhill Crest
Hunter Mill,Week2,Woodley,Week5,304.0 Hunter Mill - 98.0 Woodley
Hunter Mill,Week1,Fairfax Club Estates,Week2,266.0 Hunter Mill - 136.0 Fairfax Club Estates
Hunter Mill,Week1,South Run,Week5,229.0 Hunter Mill - 173.0 South Run
Ilda Community,Week5,Broyhill Crest,Week5,284.5 Ilda Community - 115.5 Broyhill Crest
Hunter Mill,Week2,Fairfax Club Estates,Week5,272.0 Hunter Mill - 130.0 Fairfax Club Estates
Hunter Mill,Week5,Waynewood,Week5,215.0 Waynewood - 187.0 Hunter Mill
Hunter Mill,Week3,Somerset-Olde Creek,Week2,345.0 Hunter Mill - 56.0 Somerset-Olde Creek
Ilda Community,Week3,Broyhill Crest,Week2,303.0 Ilda Community - 99.0 Broyhill Crest
Hunter Mill,Week3,Somerset-Olde Creek,Week4,334.0 Hunter Mill - 68.0 Somerset-Olde Creek
Hunter Mill,Week3,Woodley,Week1,330.0 Hunter Mill - 72.0 Woodley
Hunter Mill,Week2,Woodley,Week2,309.0 Hunter Mill - 93.0 Woodley
Ilda Community,Week5,Hiddenbrook,Week4,236.0 Hiddenbrook - 166.0 Ilda Community
Ilda Community,Week3,High Point Pool,Week1,294.0 High Point Pool - 108.0 Ilda Community
Ilda Community,Week3,Burke Station,Week1,200.0 Burke Station - 177.0 Ilda Community
Ilda Community,Week2,Somerset-Olde Creek,Week2,275.0 Ilda Community - 127.0 Somerset-Olde Creek
Ilda Community,Week2,Somerset-Olde Creek,Week1,257.0 Ilda Community - 140.0 Somerset-Olde Creek
Ilda Community,Week2,Somerset-Olde Creek,Week3,265.0 Ilda Community - 135.0 Somerset-Olde Creek
Ilda Community,Week2,High Point Pool,Week4,298.0 High Point Pool - 104.0 Ilda Community
Ilda Community,Week2,High Point Pool,Week1,297.0 High Point Pool - 105.0 Ilda Community
Ilda Community,Week2,Somerset-Olde Creek,Week5,238.0 Ilda Community - 162.0 Somerset-Olde Creek
Ilda Community,Week1,High Point Pool,Week1,299.5 High Point Pool - 102.5 Ilda Community
Hunter Mill,Week4,Somerset-Olde Creek,Week3,334.0 Hunter Mill - 67.0 Somerset-Olde Creek
Ilda Community,Week4,Broyhill Crest,Week3,323.0 Ilda Community - 78.0 Broyhill Crest
Hunter Mill,Week5,Fairfax Club Estates,Week1,285.0 Hunter Mill - 117.0 Fairfax Club Estates
Ilda Community,Week3,Sleepy Hollow Rec,Week5,241.0 Sleepy Hollow Rec - 161.0 Ilda Community
Ilda Community,Week3,Burke Station,Week3,205.0 Burke Station - 185.0 Ilda Community
Ilda Community,Week2,Somerset-Olde Creek,Week4,251.0 Ilda Community - 151.0 Somerset-Olde Creek
Hunter Mill,Week2,Pleasant Valley,Week2,304.0 Hunter Mill - 97.0 Pleasant Valley
Ilda Community,Week3,High Point Pool,Week5,293.0 High Point Pool - 109.0 Ilda Community
Hunter Mill,Week5,Fairfax Club Estates,Week3,294.0 Hunter Mill - 108.0 Fairfax Club Estates
Hunter Mill,Week3,Woodley,Week4,336.0 Hunter Mill - 66.0 Woodley
Hunter Mill,Week3,Woodley,Week2,322.0 Hunter Mill - 80.0 Woodley
Hunter Mill,Week4,South Run,Week5,243.0 Hunter Mill - 159.0 South Run
Hunter Mill,Week4,Pleasant Valley,Week1,322.0 Hunter Mill - 80.0 Pleasant Valley
Ilda Community,Week3,South Run,Week2,254.0 South Run - 148.0 Ilda Community
Ilda Community,Week2,High Point Pool,Week2,317.0 High Point Pool - 85.0 Ilda Community
Hunter Mill,Week3,Pleasant Valley,Week4,329.0 Hunter Mill - 73.0 Pleasant Valley
Ilda Community,Week5,Somerset-Olde Creek,Week2,280.0 Ilda Community - 120.0 Somerset-Olde Creek
Hunter Mill,Week1,Fairfax Club Estates,Week3,267.0 Hunter Mill - 135.0 Fairfax Club Estates
Ilda Community,Week2,Broyhill Crest,Week1,305.0 Ilda Community - 95.0 Broyhill Crest
Hunter Mill,Week3,Pleasant Valley,Week5,316.0 Hunter Mill - 86.0 Pleasant Valley
Ilda Community,Week2,Broyhill Crest,Week4,301.0 Ilda Community - 101.0 Broyhill Crest
Ilda Community,Week4,High Point Pool,Week1,270.0 High Point Pool - 132.0 Ilda Community
Ilda Community,Week2,South Run,Week5,279.0 South Run - 123.0 Ilda Community
Hunter Mill,Week3,Woodley,Week3,331.0 Hunter Mill - 71.0 Woodley
Hunter Mill,Week2,Fairfax Club Estates,Week1,262.0 Hunter Mill - 139.0 Fairfax Club Estates
Hunter Mill,Week5,Somerset-Olde Creek,Week4,333.0 Hunter Mill - 69.0 Somerset-Olde Creek
Ilda Community,Week4,Somerset-Olde Creek,Week5,261.0 Ilda Community - 138.0 Somerset-Olde Creek
Hunter Mill,Week1,Pleasant Valley,Week5,315.5 Hunter Mill - 86.5 Pleasant Valley
Hunter Mill,Week4,Langley,Week4,214.0 Langley - 188.0 Hunter Mill
Hunter Mill,Week2,Pleasant Valley,Week1,310.0 Hunter Mill - 92.0 Pleasant Valley
Hunter Mill,Week3,Pleasant Valley,Week1,323.0 Hunter Mill - 79.0 Pleasant Valley
Hunter Mill,Week1,South Run,Week3,253.0 Hunter Mill - 149.0 South Run
Hunter Mill,Week1,South Run,Week1,234.0 Hunter Mill - 159.0 South Run
Ilda Community,Week2,Broyhill Crest,Week5,281.0 Ilda Community - 121.0 Broyhill Crest
Ilda Community,Week3,Broyhill Crest,Week4,283.0 Ilda Community - 119.0 Broyhill Crest
Hunter Mill,Week5,Woodley,Week2,324.0 Hunter Mill - 78.0 Woodley
Ilda Community,Week4,High Point Pool,Week2,297.0 High Point Pool - 105.0 Ilda Community
Ilda Community,Week3,Broyhill Crest,Week3,293.0 Ilda Community - 103.0 Broyhill Crest
Ilda Community,Week3,South Run,Week5,271.0 South Run - 131.0 Ilda Community
Ilda Community,Week4,South Run,Week1,243.0 South Run - 150.0 Ilda Community
Hunter Mill,Week4,Fairfax Club Estates,Week5,282.0 Hunter Mill - 120.0 Fairfax Club Estates
Hunter Mill,Week4,Woodley,Week3,325.0 Hunter Mill - 76.0 Woodley
Hunter Mill,Week1,Fairfax Club Estates,Week1,257.0 Hunter Mill - 145.0 Fairfax Club Estates
Hunter Mill,Week4,Somerset-Olde Creek,Week4,341.0 Hunter Mill - 61.0 Somerset-Olde Creek
Hunter Mill,Week5,Somerset-Olde Creek,Week2,342.0 Hunter Mill - 60.0 Somerset-Olde Creek
Ilda Community,Week3,Broyhill Crest,Week5,267.0 Ilda Community - 135.0 Broyhill Crest
Ilda Community,Week4,South Run,Week2,230.0 South Run - 171.0 Ilda Community
Ilda Community,Week4,High Point Pool,Week3,287.0 High Point Pool - 114.0 Ilda Community
Hunter Mill,Week3,Pleasant Valley,Week3,305.0 Hunter Mill - 97.0 Pleasant Valley
Hunter Mill,Week4,Woodley,Week4,328.0 Hunter Mill - 74.0 Woodley
Ilda Community,Week4,High Point Pool,Week5,276.0 High Point Pool - 126.0 Ilda Community
Ilda Community,Week1,High Point Pool,Week2,315.0 High Point Pool - 86.0 Ilda Community
Hunter Mill,Week5,Fairfax Club Estates,Week2,295.0 Hunter Mill - 107.0 Fairfax Club Estates
Hunter Mill,Week5,Fairfax,Week5,226.0 Fairfax - 176.0 Hunter Mill
Hunter Mill,Week4,Woodley,Week5,305.0 Hunter Mill - 97.0 Woodley
Ilda Community,Week4,Broyhill Crest,Week2,322.0 Ilda Community - 80.0 Broyhill Crest
Hunter Mill,Week4,Pleasant Valley,Week2,315.0 Hunter Mill - 86.0 Pleasant Valley
Hunter Mill,Week2,Laurel Hill,Week2,320.0 Hunter Mill - 82.0 Laurel Hill
Ilda Community,Week3,High Point Pool,Week2,309.0 High Point Pool - 93.0 Ilda Community
Hunter Mill,Week3,South Run,Week2,261.0 Hunter Mill - 140.0 South Run
Hunter Mill,Week5,Fairfax Club Estates,Week5,285.0 Hunter Mill - 117.0 Fairfax Club Estates
Ilda Community,Week1,High Point Pool,Week4,302.0 High Point Pool - 100.0 Ilda Community
Ilda Community,Week5,High Point Pool,Week1,299.0 High Point Pool - 102.0 Ilda Community
Hunter Mill,Week5,Woodley,Week3,335.0 Hunter Mill - 67.0 Woodley
Ilda Community,Week5,Broyhill Crest,Week1,299.0 Ilda Community - 97.0 Broyhill Crest
Hunter Mill,Week3,South Run,Week4,253.0 Hunter Mill - 148.0 South Run
Ilda Community,Week4,Broyhill Crest,Week4,308.0 Ilda Community - 94.0 Broyhill Crest
Ilda Community,Week1,Annandale,Week2,204.0 Ilda Community - 198.0 Annandale
Ilda Community,Week3,Somerset-Olde Creek,Week4,245.0 Ilda Community - 157.0 Somerset-Olde Creek
Ilda Community,Week4,Somerset-Olde Creek,Week3,289.0 Ilda Community - 110.0 Somerset-Olde Creek
Ilda Community,Week1,South Run,Week4,239.0 South Run - 163.0 Ilda Community
Hunter Mill,Week1,Laurel Hill,Week3,293.0 Hunter Mill - 109.0 Laurel Hill
Hunter Mill,Week4,Pleasant Valley,Week3,308.0 Hunter Mill - 93.0 Pleasant Valley
Ilda Community,Week2,High Point Pool,Week3,301.0 High Point Pool - 101.0 Ilda Community
Hunter Mill,Week3,Fairfax Club Estates,Week5,291.0 Hunter Mill - 111.0 Fairfax Club Estates
Hunter Mill,Week2,Poplar Heights,Week3,214.0 Hunter Mill - 188.0 Poplar Heights
Ilda Community,Week4,Somerset-Olde Creek,Week2,286.0 Ilda Community - 115.0 Somerset-Olde Creek
Hunter Mill,Week3,Langley,Week5,226.0 Langley - 176.0 Hunter Mill
Hunter Mill,Week3,South Run,Week3,259.0 Hunter Mill - 143.0 South Run
Hunter Mill,Week2,Pleasant Valley,Week5,303.0 Hunter Mill - 98.0 Pleasant Valley
Ilda Community,Week3,Somerset-Olde Creek,Week3,262.0 Ilda Community - 127.0 Somerset-Olde Creek
Hunter Mill,Week2,Pleasant Valley,Week3,293.0 Hunter Mill - 108.0 Pleasant Valley
Hunter Mill,Week3,South Run,Week1,241.0 Hunter Mill - 152.0 South Run
Hunter Mill,Week5,Somerset-Olde Creek,Week3,329.0 Hunter Mill - 73.0 Somerset-Olde Creek
Hunter Mill,Week3,Langley,Week4,221.0 Langley - 181.0 Hunter Mill
Hunter Mill,Week5,Woodley,Week5,322.0 Hunter Mill - 80.0 Woodley
Ilda Community,Week4,Somerset-Olde Creek,Week1,278.0 Ilda Community - 118.0 Somerset-Olde Creek
Hunter Mill,Week5,Somerset-Olde Creek,Week5,320.0 Hunter Mill - 82.0 Somerset-Olde Creek
Ilda Community,Week3,Broyhill Crest,Week1,286.0 Ilda Community - 115.0 Broyhill Crest
Hunter Mill,Week5,Fairfax Club Estates,Week4,287.0 Hunter Mill - 115.0 Fairfax Club Estates
Ilda Community,Week1,Annandale,Week1,209.0 Ilda Community - 188.0 Annandale
Hunter Mill,Week5,Langley,Week5,205.0 Langley - 197.0 Hunter Mill
Ilda Community,Week5,High Point Pool,Week3,305.0 High Point Pool - 97.0 Ilda Community
Ilda Community,Week2,South Run,Week1,257.0 South Run - 136.0 Ilda Community
Hunter Mill,Week2,South Run,Week2,245.0 Hunter Mill - 153.0 South Run
Ilda Community,Week4,Broyhill Crest,Week5,296.0 Ilda Community - 106.0 Broyhill Crest
Hunter Mill,Week4,Pleasant Valley,Week4,329.0 Hunter Mill - 73.0 Pleasant Valley
Hunter Mill,Week4,Langley,Week1,206.0 Langley - 196.0 Hunter Mill
Ilda Community,Week1,Burke Station,Week1,200.0 Burke Station - 174.0 Ilda Community
Ilda Community,Week5,Broyhill Crest,Week4,291.0 Ilda Community - 109.0 Broyhill Crest
Hunter Mill,Week5,Woodley,Week4,332.0 Hunter Mill - 70.0 Woodley
Ilda Community,Week5,Broyhill Crest,Week2,299.0 Ilda Community - 100.0 Broyhill Crest
Hunter Mill,Week4,Laurel Hill,Week4,309.0 Hunter Mill - 93.0 Laurel Hill
Hunter Mill,Week4,South Run,Week2,262.0 Hunter Mill - 140.0 South Run
Ilda Community,Week5,Hiddenbrook,Week2,222.0 Ilda Community - 179.0 Hiddenbrook
Ilda Community,Week5,Hiddenbrook,Week5,263.0 Hiddenbrook - 139.0 Ilda Community
Hunter Mill,Week1,Poplar Heights,Week1,230.0 Hunter Mill - 172.0 Poplar Heights
Ilda Community,Week3,High Point Pool,Week4,295.0 High Point Pool - 107.0 Ilda Community
Ilda Community,Week5,Broyhill Crest,Week3,312.0 Ilda Community - 87.0 Broyhill Crest
Ilda Community,Week1,Burke Station,Week3,201.0 Burke Station - 195.0 Ilda Community
Ilda Community,Week3,High Point Pool,Week3,297.0 High Point Pool - 104.0 Ilda Community
Ilda Community,Week5,Somerset-Olde Creek,Week3,272.0 Ilda Community - 124.0 Somerset-Olde Creek
Hunter Mill,Week1,Pleasant Valley,Week3,300.0 Hunter Mill - 102.0 Pleasant Valley
Hunter Mill,Week4,Somerset-Olde Creek,Week5,330.0 Hunter Mill - 71.0 Somerset-Olde Creek
Ilda Community,Week2,High Point Pool,Week5,302.0 High Point Pool - 100.0 Ilda Community
Hunter Mill,Week5,Langley,Week1,212.0 Langley - 190.0 Hunter Mill
Hunter Mill,Week4,Langley,Week3,206.0 Hunter Mill - 196.0 Langley
Ilda Community,Week5,Somerset-Olde Creek,Week4,253.0 Ilda Community - 147.0 Somerset-Olde Creek
Hunter Mill,Week3,South Run,Week5,249.0 Hunter Mill - 153.0 South Run
Ilda Community,Week1,Burke Station,Week4,222.0 Ilda Community - 179.0 Burke Station
Hunter Mill,Week4,South Run,Week1,236.0 Hunter Mill - 157.0 South Run
Ilda Community,Week4,Somerset-Olde Creek,Week4,279.0 Ilda Community - 123.0 Somerset-Olde Creek
Hunter Mill,Week1,Pleasant Valley,Week1,328.0 Hunter Mill - 74.0 Pleasant Valley
Hunter Mill,Week2,Pleasant Valley,Week4,321.0 Hunter Mill - 81.0 Pleasant Valley
Hunter Mill,Week1,Pleasant Valley,Week4,327.0 Hunter Mill - 75.0 Pleasant Valley
Hunter Mill,Week3,Laurel Hill,Week1,307.0 Hunter Mill - 95.0 Laurel Hill
Hunter Mill,Week1,Poplar Heights,Week3,219.0 Hunter Mill - 183.0 Poplar Heights
Ilda Community,Week2,Burke Station,Week1,197.0 Burke Station - 180.0 Ilda Community
Hunter Mill,Week3,Ilda Community,Week2,317.0 Hunter Mill - 85.0 Ilda Community
Hunter Mill,Week5,Hunter Mill,Week1,253.0 Hunter Mill (HTM1) - 149.0 Hunter Mill (HTM2)
Hunter Mill,Week4,South Run,Week3,262.0 Hunter Mill - 140.0 South Run
Hunter Mill,Week1,Poplar Heights,Week4,216.0 Hunter Mill - 186.0 Poplar Heights
Hunter Mill,Week5,Pleasant Valley,Week2,338.0 Hunter Mill - 64.0 Pleasant Valley
Ilda Community,Week1,South Run,Week1,252.0 South Run - 140.0 Ilda Community
Ilda Community,Week1,Highland Park,Week1,294.0 Highland Park - 108.0 Ilda Community
Hunter Mill,Week4,Langley,Week5,203.0 Langley - 199.0 Hunter Mill
Ilda Community,Week2,Burke Station,Week4,220.0 Ilda Community - 182.0 Burke Station
Hunter Mill,Week4,Langley,Week2,204.0 Langley - 198.0 Hunter Mill
Ilda Community,Week5,Somerset-Olde Creek,Week5,237.0 Ilda Community - 160.0 Somerset-Olde Creek
Ilda Community,Week1,South Run,Week5,272.0 South Run - 130.0 Ilda Community
Hunter Mill,Week1,South Run,Week2,254.0 Hunter Mill - 148.0 South Run
Ilda Community,Week3,Highland Park,Week1,292.0 Highland Park - 110.0 Ilda Community
Hunter Mill,Week2,South Run,Week5,233.0 Hunter Mill - 169.0 South Run
Ilda Community,Week2,Burke Station,Week5,213.0 Burke Station - 189.0 Ilda Community
Ilda Community,Week2,Burke Station,Week3,206.0 Burke Station - 191.0 Ilda Community
Hunter Mill,Week1,Laurel Hill,Week2,326.0 Hunter Mill - 76.0 Laurel Hill
Ilda Community,Week5,High Point Pool,Week5,311.0 High Point Pool - 91.0 Ilda Community
Hunter Mill,Week3,Laurel Hill,Week2,319.0 Hunter Mill - 82.0 Laurel Hill
Ilda Community,Week5,High Point Pool,Week2,317.0 High Point Pool - 84.0 Ilda Community
Ilda Community,Week1,Highlands Swim,Week4,332.0 Highlands Swim - 70.0 Ilda Community
Ilda Community,Week1,South Run,Week3,262.0 South Run - 140.0 Ilda Community
Hunter Mill,Week3,Pleasant Valley,Week2,327.0 Hunter Mill - 75.0 Pleasant Valley
Hunter Mill,Week4,South Run,Week4,274.0 Hunter Mill - 128.0 South Run
Hunter Mill,Week5,Hunter Mill,Week3,238.0 Hunter Mill (HTM1) - 164.0 Hunter Mill (HTM2)
Ilda Community,Week5,Somerset-Olde Creek,Week1,259.0 Ilda Community - 133.0 Somerset-Olde Creek
Ilda Community,Week2,South Run,Week4,235.0 South Run - 167.0 Ilda Community
Ilda Community,Week5,Burke Station,Week3,210.0 Burke Station - 184.0 Ilda Community
Ilda Community,Week1,Camelot,Week5,263.0 Camelot - 139.0 Ilda Community
Ilda Community,Week3,South Run,Week3,263.0 South Run - 139.0 Ilda Community
Hunter Mill,Week1,Ilda Community,Week1,297.0 Hunter Mill - 104.0 Ilda Community
Ilda Community,Week2,South Run,Week2,251.0 South Run - 151.0 Ilda Community
Ilda Community,Week2,Highland Park,Week5,284.0 Highland Park - 118.0 Ilda Community
Hunter Mill,Week3,Poplar Heights,Week2,209.0 Hunter Mill - 193.0 Poplar Heights
Hunter Mill,Week2,Laurel Hill,Week3,280.0 Hunter Mill - 122.0 Laurel Hill
Ilda Community,Week4,Highland Park,Week2,274.0 Highland Park - 128.0 Ilda Community
Hunter Mill,Week2,South Run,Week1,236.0 Hunter Mill - 157.0 South Run
Ilda Community,Week3,South Run,Week1,262.0 South Run - 131.0 Ilda Community
Ilda Community,Week2,Highland Park,Week1,300.0 Highland Park - 102.0 Ilda Community
Ilda Community,Week4,Camelot,Week2,235.0 Camelot - 167.0 Ilda Community
Hunter Mill,Week3,Laurel Hill,Week4,306.0 Hunter Mill - 96.0 Laurel Hill
Ilda Community,Week3,Somerset-Olde Creek,Week5,231.0 Ilda Community - 169.0 Somerset-Olde Creek
Hunter Mill,Week4,Ilda Community,Week5,309.0 Hunter Mill - 89.0 Ilda Community
Hunter Mill,Week5,South Run,Week4,272.0 Hunter Mill - 130.0 South Run
Ilda Community,Week1,South Run,Week2,248.0 South Run - 154.0 Ilda Community
Ilda Community,Week1,Camelot,Week2,246.0 Camelot - 156.0 Ilda Community
Hunter Mill,Week2,Laurel Hill,Week4,295.0 Hunter Mill - 107.0 Laurel Hill
Hunter Mill,Week5,Langley,Week3,204.0 Langley - 198.0 Hunter Mill
Ilda Community,Week4,Highland Park,Week5,265.0 Highland Park - 137.0 Ilda Community
Hunter Mill,Week2,Poplar Heights,Week1,222.0 Hunter Mill - 180.0 Poplar Heights
Ilda Community,Week5,Burke Station,Week5,222.0 Burke Station - 180.0 Ilda Community
Ilda Community,Week3,Camelot,Week2,248.0 Camelot - 154.0 Ilda Community
Hunter Mill,Week5,Springboard,Week1,312.0 Hunter Mill - 90.0 Springboard
Hunter Mill,Week1,South Run,Week4,248.0 Hunter Mill - 154.0 South Run
Hunter Mill,Week5,Somerset-Olde Creek,Week1,330.0 Hunter Mill - 72.0 Somerset-Olde Creek
Hunter Mill,Week4,Hunter Mill,Week3,216.0 Hunter Mill (HTM1) - 186.0 Hunter Mill (HTM2)
Hunter Mill,Week5,South Run,Week3,255.5 Hunter Mill - 146.5 South Run
Hunter Mill,Week3,Laurel Hill,Week3,304.0 Hunter Mill - 98.0 Laurel Hill
Hunter Mill,Week1,Laurel Hill,Week5,267.0 Hunter Mill - 135.0 Laurel Hill
Hunter Mill,Week2,South Run,Week4,254.0 Hunter Mill - 144.0 South Run
Ilda Community,Week3,Highland Park,Week4,291.0 Highland Park - 111.0 Ilda Community
Ilda Community,Week3,Highland Park,Week2,288.0 Highland Park - 114.0 Ilda Community
Hunter Mill,Week3,Laurel Hill,Week5,282.0 Hunter Mill - 120.0 Laurel Hill
Hunter Mill,Week5,Langley,Week4,202.0 Langley - 200.0 Hunter Mill
Ilda Community,Week2,South Run,Week3,273.0 South Run - 129.0 Ilda Community
Hunter Mill,Week5,Ilda Community,Week2,324.0 Hunter Mill - 78.0 Ilda Community
Hunter Mill,Week5,Pleasant Valley,Week1,333.0 Hunter Mill - 69.0 Pleasant Valley
Hunter Mill,Week5,Poplar Heights,Week4,218.0 Hunter Mill - 184.0 Poplar Heights
Hunter Mill,Week2,Ilda Community,Week2,298.0 Hunter Mill - 103.0 Ilda Community
Hunter Mill,Week5,Poplar Heights,Week1,248.0 Hunter Mill - 154.0 Poplar Heights
Hunter Mill,Week2,South Run,Week3,237.0 Hunter Mill - 164.0 South Run
Ilda Community,Week3,Burke Station,Week2,214.0 Ilda Community - 181.0 Burke Station
Ilda Community,Week5,Highland Park,Week4,302.0 Highland Park - 100.0 Ilda Community
Ilda Community,Week3,Camelot,Week3,248.0 Camelot - 154.0 Ilda Community
Hunter Mill,Week5,Pleasant Valley,Week4,339.0 Hunter Mill - 63.0 Pleasant Valley
Hunter Mill,Week1,Kent Gardens,Week2,248.0 Hunter Mill - 154.0 Kent Gardens
Hunter Mill,Week3,Poplar Heights,Week4,211.0 Hunter Mill - 191.0 Poplar Heights
Hunter Mill,Week4,Ilda Community,Week4,300.0 Hunter Mill - 101.0 Ilda Community
Hunter Mill,Week3,Poplar Heights,Week3,206.0 Hunter Mill - 196.0 Poplar Heights
Hunter Mill,Week5,Hunter Mill,Week4,218.0 Hunter Mill (HTM1) - 184.0 Hunter Mill (HTM2)
Hunter Mill,Week5,Pleasant Valley,Week5,331.0 Hunter Mill - 71.0 Pleasant Valley
Hunter Mill,Week1,Laurel Hill,Week1,297.0 Hunter Mill - 105.0 Laurel Hill
Hunter Mill,Week4,Laurel Hill,Week1,301.0 Hunter Mill - 100.0 Laurel Hill
Ilda Community,Week4,Springboard,Week2,242.5 Ilda Community - 157.5 Springboard
Ilda Community,Week2,Camelot,Week4,257.0 Camelot - 145.0 Ilda Community
Ilda Community,Week4,Springboard,Week3,223.0 Ilda Community - 178.0 Springboard
Hunter Mill,Week1,Springboard,Week3,277.0 Hunter Mill - 125.0 Springboard
Ilda Community,Week5,Highland Park,Week2,289.0 Highland Park - 113.0 Ilda Community
Ilda Community,Week3,South Run,Week4,246.0 South Run - 151.0 Ilda Community
Hunter Mill,Week3,Poplar Heights,Week5,211.0 Hunter Mill - 191.0 Poplar Heights
Hunter Mill,Week2,Springboard,Week4,285.0 Hunter Mill - 116.0 Springboard
Hunter Mill,Week4,Hunter Mill,Week5,218.0 Hunter Mill (HTM2) - 184.0 Hunter Mill (HTM1)
Hunter Mill,Week4,Hunter Mill,Week4,200.5 Hunter Mill (HTM1) - 200.5 Hunter Mill (HTM2)
Hunter Mill,Week5,Langley,Week2,204.0 Langley - 198.0 Hunter Mill
Ilda Community,Week1,Highland Park,Week2,290.0 Highland Park - 112.0 Ilda Community
Ilda Community,Week3,Camelot,Week4,260.0 Camelot - 142.0 Ilda Community
Ilda Community,Week4,Highland Park,Week1,277.0 Highland Park - 125.0 Ilda Community
Ilda Community,Week2,Springboard,Week2,230.0 Ilda Community - 170.0 Springboard
Ilda Community,Week3,Burke Station,Week4,207.0 Ilda Community - 190.0 Burke Station
Ilda Community,Week1,Camelot,Week4,241.0 Camelot - 161.0 Ilda Community
Hunter Mill,Week4,Laurel Hill,Week2,332.0 Hunter Mill - 70.0 Laurel Hill
Hunter Mill,Week2,Laurel Hill,Week1,297.0 Hunter Mill - 102.0 Laurel Hill
Ilda Community,Week1,Springboard,Week1,201.0 Springboard - 199.0 Ilda Community
Ilda Community,Week5,South Run,Week2,226.0 South Run - 175.0 Ilda Community
Hunter Mill,Week4,Poplar Heights,Week2,222.0 Hunter Mill - 180.0 Poplar Heights
Hunter Mill,Week5,South Run,Week5,252.0 Hunter Mill - 150.0 South Run
Hunter Mill,Week5,Ilda Community,Week3,317.0 Hunter Mill - 85.0 Ilda Community
Ilda Community,Week2,Camelot,Week1,253.0 Camelot - 149.0 Ilda Community
Hunter Mill,Week5,Pleasant Valley,Week3,318.0 Hunter Mill - 84.0 Pleasant Valley
Ilda Community,Week4,Highland Park,Week3,262.0 Highland Park - 140.0 Ilda Community
Ilda Community,Week1,Highland Park,Week4,290.0 Highland Park - 112.0 Ilda Community
Hunter Mill,Week2,Laurel Hill,Week5,266.0 Hunter Mill - 136.0 Laurel Hill
Hunter Mill,Week1,Springboard,Week5,268.0 Hunter Mill - 134.0 Springboard
Ilda Community,Week5,South Run,Week3,248.0 South Run - 153.0 Ilda Community
Hunter Mill,Week5,Hunter Mill,Week2,254.0 Hunter Mill (HTM1) - 148.0 Hunter Mill (HTM2)
Hunter Mill,Week1,Ilda Community,Week4,291.0 Hunter Mill - 111.0 Ilda Community
Hunter Mill,Week2,Ilda Community,Week5,302.0 Hunter Mill - 96.0 Ilda Community
Hunter Mill,Week4,Poplar Heights,Week1,248.0 Hunter Mill - 154.0 Poplar Heights
Hunter Mill,Week1,Poplar Heights,Week2,213.0 Hunter Mill - 189.0 Poplar Heights
Ilda Community,Week4,Burke Station,Week2,236.0 Ilda Community - 164.0 Burke Station
Hunter Mill,Week1,Springfield,Week4,364.0 Hunter Mill - 33.0 Springfield
Hunter Mill,Week3,Springboard,Week4,296.0 Hunter Mill - 106.0 Springboard
Hunter Mill,Week1,Laurel Hill,Week4,307.0 Hunter Mill - 95.0 Laurel Hill
Ilda Community,Week1,Camelot,Week3,240.0 Camelot - 162.0 Ilda Community
Ilda Community,Week5,Highland Park,Week5,283.0 Highland Park - 119.0 Ilda Community
Ilda Community,Week3,Highland Park,Week5,284.0 Highland Park - 118.0 Ilda Community
Ilda Community,Week5,Highland Park,Week3,269.0 Highland Park - 133.0 Ilda Community
Hunter Mill,Week2,Ilda Community,Week3,294.0 Hunter Mill - 107.0 Ilda Community
Hunter Mill,Week1,Ilda Community,Week5,311.0 Hunter Mill - 90.0 Ilda Community
Hunter Mill,Week2,Springboard,Week3,278.0 Hunter Mill - 124.0 Springboard
Ilda Community,Week5,Burke Station,Week2,208.0 Ilda Community - 185.0 Burke Station
Ilda Community,Week2,Springboard,Week3,207.0 Ilda Community - 194.0 Springboard
Hunter Mill,Week2,Poplar Heights,Week4,212.0 Hunter Mill - 190.0 Poplar Heights
Ilda Community,Week1,Springboard,Week3,199.0 Springboard - 196.0 Ilda Community
Hunter Mill,Week5,Laurel Hill,Week3,302.0 Hunter Mill - 100.0 Laurel Hill
Hunter Mill,Week4,Poplar Heights,Week5,214.0 Hunter Mill - 188.0 Poplar Heights
Hunter Mill,Week5,South Run,Week2,262.0 Hunter Mill - 140.0 South Run
Ilda Community,Week2,Highland Park,Week4,295.0 Highland Park - 107.0 Ilda Community
Ilda Community,Week1,Highland Park,Week3,274.0 Highland Park - 128.0 Ilda Community
Ilda Community,Week4,Burke Station,Week4,235.0 Ilda Community - 167.0 Burke Station
Ilda Community,Week2,Camelot,Week3,242.0 Camelot - 160.0 Ilda Community
Hunter Mill,Week1,High Point Pool,Week2,204.0 High Point Pool - 198.0 Hunter Mill
Hunter Mill,Week1,Lee Graham,Week3,271.0 Lee Graham - 131.0 Hunter Mill
Hunter Mill,Week1,Ilda Community,Week3,298.0 Hunter Mill - 99.0 Ilda Community
Ilda Community,Week4,Burke Station,Week5,206.0 Ilda Community - 196.0 Burke Station
Ilda Community,Week3,Springboard,Week2,215.0 Ilda Community - 180.0 Springboard
Hunter Mill,Week4,Springboard,Week2,326.0 Hunter Mill - 75.0 Springboard
Hunter Mill,Week2,Springboard,Week5,276.5 Hunter Mill - 125.5 Springboard
Hunter Mill,Week3,Ilda Community,Week3,315.0 Hunter Mill - 86.0 Ilda Community
Ilda Community,Week2,Highland Park,Week2,285.0 Highland Park - 117.0 Ilda Community
Hunter Mill,Week5,Poplar Heights,Week2,227.0 Hunter Mill - 175.0 Poplar Heights
Hunter Mill,Week3,Hiddenbrook,Week1,278.0 Hunter Mill - 124.0 Hiddenbrook
Hunter Mill,Week2,Lee Graham,Week3,263.0 Lee Graham - 139.0 Hunter Mill
Ilda Community,Week2,Highland Park,Week3,276.0 Highland Park - 126.0 Ilda Community
Ilda Community,Week5,South Run,Week4,240.0 South Run - 161.0 Ilda Community
Hunter Mill,Week4,Springboard,Week1,308.0 Hunter Mill - 94.0 Springboard
Ilda Community,Week3,Springboard,Week3,215.5 Springboard - 185.5 Ilda Community
Hunter Mill,Week1,Poplar Heights,Week5,203.0 Hunter Mill - 199.0 Poplar Heights
Hunter Mill,Week1,Lee Graham,Week5,263.0 Lee Graham - 139.0 Hunter Mill
Hunter Mill,Week4,Laurel Hill,Week5,293.0 Hunter Mill - 109.0 Laurel Hill
Hunter Mill,Week1,Ilda Community,Week2,303.0 Hunter Mill - 99.0 Ilda Community
Hunter Mill,Week4,Poplar Heights,Week3,219.0 Hunter Mill - 183.0 Poplar Heights
Hunter Mill,Week2,Ilda Community,Week1,301.0 Hunter Mill - 97.0 Ilda Community
Hunter Mill,Week4,Laurel Hill,Week3,304.0 Hunter Mill - 98.0 Laurel Hill
Ilda Community,Week4,Camelot,Week1,231.0 Camelot - 171.0 Ilda Community
Ilda Community,Week4,South Run,Week5,254.0 South Run - 148.0 Ilda Community
Hunter Mill,Week1,Springboard,Week1,293.0 Hunter Mill - 109.0 Springboard
Hunter Mill,Week1,Hiddenbrook,Week5,246.0 Hunter Mill - 156.0 Hiddenbrook
Hunter Mill,Week2,Poplar Heights,Week5,203.0 Poplar Heights - 199.0 Hunter Mill
Ilda Community,Week3,Camelot,Week1,254.0 Camelot - 148.0 Ilda Community
Hunter Mill,Week2,Poplar Heights,Week2,202.0 Hunter Mill - 200.0 Poplar Heights
Ilda Community,Week3,Highland Park,Week3,266.0 Highland Park - 136.0 Ilda Community
Ilda Community,Week3,Camelot,Week5,253.0 Camelot - 149.0 Ilda Community
Ilda Community,Week1,Highland Park,Week5,281.0 Highland Park - 121.0 Ilda Community
Ilda Community,Week1,Springfield,Week3,330.0 Ilda Community - 61.0 Springfield
Hunter Mill,Week2,Lee Graham,Week4,237.0 Lee Graham - 165.0 Hunter Mill
Hunter Mill,Week5,Springboard,Week3,305.0 Hunter Mill - 97.0 Springboard
Hunter Mill,Week5,Hunter Mill,Week5,201.0 Hunter Mill (HTM1) - 201.0 Hunter Mill (HTM2)
Ilda Community,Week5,Burke Station,Week4,229.0 Ilda Community - 172.0 Burke Station
Ilda Community,Week1,Highlands Swim,Week1,346.0 Highlands Swim - 56.0 Ilda Community
Hunter Mill,Week1,Springboard,Week4,285.0 Hunter Mill - 112.0 Springboard
Hunter Mill,Week5,Poplar Heights,Week3,218.0 Hunter Mill - 184.0 Poplar Heights
Ilda Community,Week2,Springboard,Week4,211.0 Ilda Community - 190.0 Springboard
Hunter Mill,Week3,Poplar Heights,Week1,233.0 Hunter Mill - 169.0 Poplar Heights
Hunter Mill,Week4,Poplar Heights,Week4,220.0 Hunter Mill - 182.0 Poplar Heights
Hunter Mill,Week5,Laurel Hill,Week4,312.5 Hunter Mill - 89.5 Laurel Hill
Hunter Mill,Week5,South Run,Week1,249.0 Hunter Mill - 144.0 South Run
Ilda Community,Week4,South Run,Week4,225.0 South Run - 176.0 Ilda Community
Ilda Community,Week2,Springboard,Week5,204.0 Springboard - 197.0 Ilda Community
Ilda Community,Week4,Highland Park,Week4,280.0 Highland Park - 122.0 Ilda Community
Hunter Mill,Week2,Lee Graham,Week5,261.0 Lee Graham - 141.0 Hunter Mill
Hunter Mill,Week2,Ilda Community,Week4,286.0 Hunter Mill - 115.0 Ilda Community
Hunter Mill,Week4,Springboard,Week4,292.0 Hunter Mill - 109.0 Springboard
Hunter Mill,Week3,Ilda Community,Week5,311.0 Hunter Mill - 91.0 Ilda Community
Ilda Community,Week4,Burke Station,Week3,200.0 Ilda Community - 197.0 Burke Station
Hunter Mill,Week5,Hiddenbrook,Week2,333.0 Hunter Mill - 69.0 Hiddenbrook
Hunter Mill,Week3,Hiddenbrook,Week3,278.0 Hunter Mill - 124.0 Hiddenbrook
Hunter Mill,Week3,Springboard,Week1,307.0 Hunter Mill - 95.0 Springboard
Ilda Community,Week1,Highlands Swim,Week2,351.0 Highlands Swim - 51.0 Ilda Community
Kent Gardens,Week1,Arlington Forest,Week1,212.0 Kent Gardens - 190.0 Arlington Forest
Hunter Mill,Week2,High Point Pool,Week4,208.0 High Point Pool - 194.0 Hunter Mill
Hunter Mill,Week3,Springboard,Week5,280.0 Hunter Mill - 121.0 Springboard
Hunter Mill,Week2,Springboard,Week1,291.0 Hunter Mill - 111.0 Springboard
Hunter Mill,Week3,Ilda Community,Week1,314.0 Hunter Mill - 88.0 Ilda Community
Ilda Community,Week3,Springboard,Week5,226.0 Springboard - 174.0 Ilda Community
Hunter Mill,Week3,Lee Graham,Week3,252.0 Lee Graham - 150.0 Hunter Mill
Ilda Community,Week5,Burke Station,Week1,202.0 Burke Station - 169.0 Ilda Community
Hunter Mill,Week1,Poplar Tree,Week5,219.0 Poplar Tree - 183.0 Hunter Mill
Ilda Community,Week4,South Run,Week3,238.0 South Run - 164.0 Ilda Community
Ilda Community,Week1,Camelot,Week1,255.0 Camelot - 147.0 Ilda Community
Hunter Mill,Week4,Ilda Community,Week1,312.0 Hunter Mill - 86.0 Ilda Community
Hunter Mill,Week1,Lincolnia Park,Week2,317.0 Hunter Mill - 71.0 Lincolnia Park
Hunter Mill,Week1,Poplar Tree,Week4,225.0 Hunter Mill - 177.0 Poplar Tree
Hunter Mill,Week4,Ilda Community,Week2,320.0 Hunter Mill - 81.0 Ilda Community
Ilda Community,Week4,Springboard,Week1,218.0 Ilda Community - 182.0 Springboard
Ilda Community,Week3,Burke Station,Week5,214.0 Burke Station - 183.0 Ilda Community
Hunter Mill,Week3,High Point Pool,Week3,219.5 Hunter Mill - 182.5 High Point Pool
Hunter Mill,Week2,High Point Pool,Week3,207.0 Hunter Mill - 195.0 High Point Pool
Ilda Community,Week5,Highlands Swim,Week1,352.0 Highlands Swim - 50.0 Ilda Community
Hunter Mill,Week4,Lee Graham,Week4,232.0 Lee Graham - 170.0 Hunter Mill
Hunter Mill,Week1,Poplar Tree,Week3,205.0 Hunter Mill - 197.0 Poplar Tree
Ilda Community,Week5,Highland Park,Week1,300.0 Highland Park - 102.0 Ilda Community
Ilda Community,Week1,Highlands Swim,Week3,338.0 Highlands Swim - 63.0 Ilda Community
Hunter Mill,Week3,Ilda Community,Week4,305.0 Hunter Mill - 97.0 Ilda Community
Kent Gardens,Week2,Annandale,Week3,257.0 Kent Gardens - 145.0 Annandale
Hunter Mill,Week4,Hiddenbrook,Week1,282.0 Hunter Mill - 120.0 Hiddenbrook
Hunter Mill,Week2,Hiddenbrook,Week4,272.0 Hunter Mill - 130.0 Hiddenbrook
Hunter Mill,Week1,Springboard,Week2,322.0 Hunter Mill - 75.0 Springboard
Ilda Community,Week4,Burke Station,Week1,189.0 Burke Station - 188.0 Ilda Community
Kent Gardens,Week3,Annandale,Week4,282.0 Kent Gardens - 120.0 Annandale
Ilda Community,Week2,Hollin Hills,Week2,245.0 Ilda Community - 152.0 Hollin Hills
Hunter Mill,Week5,Laurel Hill,Week5,291.0 Hunter Mill - 111.0 Laurel Hill
Hunter Mill,Week1,Lee Graham,Week1,255.0 Lee Graham - 147.0 Hunter Mill
Hunter Mill,Week2,Hiddenbrook,Week2,302.0 Hunter Mill - 99.0 Hiddenbrook
Hunter Mill,Week2,Hiddenbrook,Week1,272.0 Hunter Mill - 130.0 Hiddenbrook
Hunter Mill,Week5,Poplar Heights,Week5,231.0 Hunter Mill - 171.0 Poplar Heights
Hunter Mill,Week5,Ilda Community,Week1,307.0 Hunter Mill - 95.0 Ilda Community
Kent Gardens,Week2,Annandale,Week2,268.0 Kent Gardens - 134.0 Annandale
Kent Gardens,Week5,Annandale,Week1,318.0 Kent Gardens - 84.0 Annandale
Ilda Community,Week4,Highlands Swim,Week3,326.0 Highlands Swim - 76.0 Ilda Community
Hunter Mill,Week2,Poplar Tree,Week3,206.0 Hunter Mill - 196.0 Poplar Tree
Ilda Community,Week5,South Run,Week1,249.0 South Run - 142.0 Ilda Community
Hunter Mill,Week4,Ilda Community,Week3,310.0 Hunter Mill - 91.0 Ilda Community
Hunter Mill,Week5,Ilda Community,Week5,313.0 Hunter Mill - 89.0 Ilda Community
Hunter Mill,Week3,Lee Graham,Week5,246.0 Lee Graham - 156.0 Hunter Mill
Hunter Mill,Week4,Lee Graham,Week2,231.0 Lee Graham - 171.0 Hunter Mill
Ilda Community,Week4,Camelot,Week3,231.0 Camelot - 171.0 Ilda Community
Ilda Community,Week4,Highlands Swim,Week5,332.0 Highlands Swim - 70.0 Ilda Community
Ilda Community,Week1,Hollin Hills,Week5,231.5 Ilda Community - 166.5 Hollin Hills
Ilda Community,Week1,Springboard,Week4,200.0 Springboard - 198.0 Ilda Community
Ilda Community,Week1,Hollin Hills,Week3,238.0 Ilda Community - 160.0 Hollin Hills
Hunter Mill,Week2,Poplar Tree,Week1,203.0 Poplar Tree - 199.0 Hunter Mill
Kent Gardens,Week4,Annandale,Week2,266.0 Kent Gardens - 136.0 Annandale
Ilda Community,Week2,Springboard,Week1,201.0 Ilda Community - 200.0 Springboard
Hunter Mill,Week5,Ilda Community,Week4,309.0 Hunter Mill - 93.0 Ilda Community
Ilda Community,Week2,Camelot,Week5,257.0 Camelot - 145.0 Ilda Community
Hunter Mill,Week3,Hiddenbrook,Week4,267.0 Hunter Mill - 135.0 Hiddenbrook
Ilda Community,Week1,Springboard,Week2,220.0 Ilda Community - 177.0 Springboard
Ilda Community,Week5,South Run,Week5,265.0 South Run - 137.0 Ilda Community
Hunter Mill,Week5,Springboard,Week2,340.0 Hunter Mill - 62.0 Springboard
Ilda Community,Week2,Camelot,Week2,242.0 Camelot - 160.0 Ilda Community
Hunter Mill,Week2,Poplar Tree,Week5,214.0 Poplar Tree - 187.0 Hunter Mill
Hunter Mill,Week4,Springboard,Week5,276.0 Hunter Mill - 126.0 Springboard
Ilda Community,Week1,Springboard,Week5,211.0 Springboard - 189.0 Ilda Community
Hunter Mill,Week2,Poplar Tree,Week2,213.0 Hunter Mill - 189.0 Poplar Tree
Hunter Mill,Week1,Kent Gardens,Week1,242.0 Hunter Mill - 160.0 Kent Gardens
Hunter Mill,Week4,Springboard,Week3,291.0 Hunter Mill - 111.0 Springboard
Kent Gardens,Week3,Annandale,Week1,273.0 Kent Gardens - 129.0 Annandale
Ilda Community,Week1,Hollin Hills,Week1,236.5 Ilda Community - 156.5 Hollin Hills
Hunter Mill,Week3,Springboard,Week3,286.0 Hunter Mill - 116.0 Springboard
Kent Gardens,Week2,Annandale,Week4,292.0 Kent Gardens - 110.0 Annandale
Ilda Community,Week4,Camelot,Week4,225.0 Camelot - 177.0 Ilda Community
Hunter Mill,Week2,Hiddenbrook,Week5,267.0 Hunter Mill - 135.0 Hiddenbrook
Hunter Mill,Week2,Poplar Tree,Week4,211.0 Hunter Mill - 190.0 Poplar Tree
Hunter Mill,Week3,Springboard,Week2,335.0 Hunter Mill - 67.0 Springboard
Hunter Mill,Week4,Lee Graham,Week5,250.0 Lee Graham - 152.0 Hunter Mill
Hunter Mill,Week5,Laurel Hill,Week2,328.0 Hunter Mill - 74.0 Laurel Hill
Ilda Community,Week5,Camelot,Week4,246.5 Camelot - 155.5 Ilda Community
Hunter Mill,Week2,Kent Gardens,Week3,248.0 Hunter Mill - 154.0 Kent Gardens
Hunter Mill,Week1,Poplar Tree,Week1,208.0 Poplar Tree - 194.0 Hunter Mill
Hunter Mill,Week3,Hiddenbrook,Week2,309.0 Hunter Mill - 92.0 Hiddenbrook
Ilda Community,Week3,Springboard,Week4,205.0 Springboard - 191.0 Ilda Community
Kent Gardens,Week1,Annandale,Week3,267.0 Kent Gardens - 135.0 Annandale
Ilda Community,Week2,Highlands Swim,Week2,363.0 Highlands Swim - 39.0 Ilda Community
Hunter Mill,Week2,Springboard,Week2,323.0 Hunter Mill - 78.0 Springboard
Hunter Mill,Week5,Laurel Hill,Week1,311.0 Hunter Mill - 91.0 Laurel Hill
Hunter Mill,Week5,Springboard,Week4,299.0 Hunter Mill - 103.0 Springboard
Hunter Mill,Week5,Lee Graham,Week1,202.0 Lee Graham - 200.0 Hunter Mill
Kent Gardens,Week4,Annandale,Week4,291.5 Kent Gardens - 110.5 Annandale
Ilda Community,Week5,Canterbury Woods,Week2,228.0 Canterbury Woods - 173.0 Ilda Community
Hunter Mill,Week3,Poplar Tree,Week1,207.0 Poplar Tree - 195.0 Hunter Mill
Ilda Community,Week2,Highlands Swim,Week5,350.0 Highlands Swim - 52.0 Ilda Community
Hunter Mill,Week2,Hiddenbrook,Week3,272.0 Hunter Mill - 130.0 Hiddenbrook
Ilda Community,Week3,Springboard,Week1,208.0 Springboard - 192.0 Ilda Community
Ilda Community,Week2,Canterbury Woods,Week1,240.0 Canterbury Woods - 162.0 Ilda Community
Hunter Mill,Week4,Kent Gardens,Week5,228.0 Hunter Mill - 174.0 Kent Gardens
Hunter Mill,Week1,Hiddenbrook,Week4,273.0 Hunter Mill - 129.0 Hiddenbrook
Ilda Community,Week1,Canterbury Woods,Week2,236.0 Canterbury Woods - 166.0 Ilda Community
Kent Gardens,Week5,Annandale,Week2,302.0 Kent Gardens - 100.0 Annandale
Hunter Mill,Week5,Lee Graham,Week2,204.0 Lee Graham - 198.0 Hunter Mill
Hunter Mill,Week3,Lee Graham,Week4,224.0 Lee Graham - 178.0 Hunter Mill
Ilda Community,Week5,Springboard,Week1,206.5 Ilda Community - 190.5 Springboard
Ilda Community,Week3,Hollin Hills,Week5,211.0 Ilda Community - 183.0 Hollin Hills
Hunter Mill,Week1,Poplar Tree,Week2,211.0 Hunter Mill - 191.0 Poplar Tree
Ilda Community,Week4,Springboard,Week4,225.0 Ilda Community - 176.0 Springboard
Hunter Mill,Week3,Poplar Tree,Week2,223.0 Hunter Mill - 179.0 Poplar Tree
Hunter Mill,Week3,Lee Graham,Week2,246.0 Lee Graham - 156.0 Hunter Mill
Hunter Mill,Week5,Springboard,Week5,300.0 Hunter Mill - 102.0 Springboard
Ilda Community,Week3,Hollin Hills,Week4,227.0 Ilda Community - 167.0 Hollin Hills
Hunter Mill,Week4,Hiddenbrook,Week4,279.5 Hunter Mill - 122.5 Hiddenbrook
Hunter Mill,Week1,Kings Ridge ,Week2,335.0 Hunter Mill - 67.0 Kings Ridge
Kent Gardens,Week3,Annandale,Week3,252.0 Kent Gardens - 150.0 Annandale
Hunter Mill,Week3,Kent Gardens,Week1,253.0 Hunter Mill - 149.0 Kent Gardens
Ilda Community,Week3,Canterbury Woods,Week2,226.0 Canterbury Woods - 171.0 Ilda Community
Hunter Mill,Week1,Springfield,Week2,366.0 Hunter Mill - 31.0 Springfield
Hunter Mill,Week2,Lee Graham,Week1,243.0 Lee Graham - 159.0 Hunter Mill
Ilda Community,Week2,Canterbury Woods,Week5,245.0 Canterbury Woods - 156.0 Ilda Community
Hunter Mill,Week1,Kings Ridge ,Week3,310.0 Hunter Mill - 91.0 Kings Ridge
Ilda Community,Week5,Springboard,Week2,225.0 Ilda Community - 169.0 Springboard
Ilda Community,Week5,Woodley,Week4,216.0 Ilda Community - 186.0 Woodley
Ilda Community,Week3,Highlands Swim,Week3,350.0 Highlands Swim - 52.0 Ilda Community
Hunter Mill,Week4,Hiddenbrook,Week5,265.5 Hunter Mill - 136.5 Hiddenbrook
Hunter Mill,Week3,Hiddenbrook,Week5,256.5 Hunter Mill - 145.5 Hiddenbrook
Hunter Mill,Week5,Kent Gardens,Week3,265.0 Hunter Mill - 137.0 Kent Gardens
Hunter Mill,Week1,Springfield,Week1,365.0 Hunter Mill - 32.0 Springfield
Hunter Mill,Week3,Poplar Tree,Week3,208.0 Hunter Mill - 194.0 Poplar Tree
Hunter Mill,Week5,Springfield,Week1,378.0 Hunter Mill - 24.0 Springfield
Hunter Mill,Week5,Hiddenbrook,Week5,272.0 Hunter Mill - 130.0 Hiddenbrook
Kent Gardens,Week3,Annandale,Week2,261.0 Kent Gardens - 141.0 Annandale
Ilda Community,Week5,Highlands Swim,Week2,355.0 Highlands Swim - 47.0 Ilda Community
Ilda Community,Week3,Canterbury Woods,Week3,237.0 Canterbury Woods - 165.0 Ilda Community
Hunter Mill,Week1,Forest Hollow,Week2,229.0 Hunter Mill - 173.0 Forest Hollow
Hunter Mill,Week5,Hiddenbrook,Week1,290.5 Hunter Mill - 111.5 Hiddenbrook
Hunter Mill,Week2,Fairfax Station,Week3,243.0 Fairfax Station - 159.0 Hunter Mill
Ilda Community,Week3,Canterbury Woods,Week1,234.0 Canterbury Woods - 163.0 Ilda Community
Ilda Community,Week5,Springboard,Week3,204.0 Ilda Community - 193.0 Springboard
Kent Gardens,Week1,Annandale,Week2,290.0 Kent Gardens - 112.0 Annandale
Ilda Community,Week5,Springboard,Week4,209.0 Ilda Community - 188.0 Springboard
Hunter Mill,Week5,Poplar Tree,Week3,217.0 Hunter Mill - 185.0 Poplar Tree
Hunter Mill,Week2,Kent Gardens,Week2,244.0 Hunter Mill - 158.0 Kent Gardens
Hunter Mill,Week1,Lee Graham,Week2,257.0 Lee Graham - 145.0 Hunter Mill
Hunter Mill,Week5,Lee Graham,Week3,227.0 Lee Graham - 175.0 Hunter Mill
Hunter Mill,Week2,Kent Gardens,Week4,244.0 Hunter Mill - 158.0 Kent Gardens
Ilda Community,Week1,Hollin Hills,Week4,229.0 Ilda Community - 164.0 Hollin Hills
Ilda Community,Week5,Highlands Swim,Week4,337.0 Highlands Swim - 65.0 Ilda Community
Ilda Community,Week4,Camelot,Week5,227.5 Camelot - 174.5 Ilda Community
Hunter Mill,Week3,Lee Graham,Week1,231.0 Lee Graham - 171.0 Hunter Mill
Ilda Community,Week5,Highlands Swim,Week3,346.0 Highlands Swim - 55.0 Ilda Community
Hunter Mill,Week1,Ravensworth Farm,Week2,246.0 Hunter Mill - 156.0 Ravensworth Farm
Hunter Mill,Week3,Poplar Tree,Week4,231.0 Hunter Mill - 171.0 Poplar Tree
Hunter Mill,Week4,Hiddenbrook,Week2,312.0 Hunter Mill - 90.0 Hiddenbrook
Hunter Mill,Week4,Springfield,Week5,377.0 Hunter Mill - 24.0 Springfield
Ilda Community,Week5,Springboard,Week5,207.0 Springboard - 190.0 Ilda Community
Hunter Mill,Week5,Hiddenbrook,Week3,288.0 Hunter Mill - 114.0 Hiddenbrook
Hunter Mill,Week4,Kent Gardens,Week1,252.0 Hunter Mill - 150.0 Kent Gardens
Hunter Mill,Week2,Fairfax Station,Week5,245.0 Fairfax Station - 157.0 Hunter Mill
Ilda Community,Week3,Highlands Swim,Week5,348.0 Highlands Swim - 54.0 Ilda Community
Kent Gardens,Week3,Annandale,Week5,265.0 Kent Gardens - 137.0 Annandale
Hunter Mill,Week1,Fairfax Station,Week3,248.0 Fairfax Station - 154.0 Hunter Mill
Hunter Mill,Week4,Hiddenbrook,Week3,287.0 Hunter Mill - 115.0 Hiddenbrook
Hunter Mill,Week2,Springfield,Week2,365.0 Hunter Mill - 34.0 Springfield
Hunter Mill,Week1,Lee Graham,Week4,241.0 Lee Graham - 161.0 Hunter Mill
Ilda Community,Week4,Canterbury Woods,Week4,238.0 Canterbury Woods - 164.0 Ilda Community
Hunter Mill,Week1,Springfield,Week5,371.0 Hunter Mill - 26.0 Springfield
Hunter Mill,Week1,Springfield,Week3,367.0 Hunter Mill - 30.0 Springfield
Hunter Mill,Week2,Springfield,Week1,367.0 Hunter Mill - 32.0 Springfield
Hunter Mill,Week4,Ravensworth Farm,Week2,258.0 Hunter Mill - 144.0 Ravensworth Farm
Hunter Mill,Week1,Kings Ridge ,Week4,310.0 Hunter Mill - 92.0 Kings Ridge
Hunter Mill,Week3,Fairfax Station,Week2,225.0 Fairfax Station - 177.0 Hunter Mill
Hunter Mill,Week1,Kent Gardens,Week5,210.0 Kent Gardens - 192.0 Hunter Mill
Hunter Mill,Week2,Lee Graham,Week2,258.0 Lee Graham - 144.0 Hunter Mill
Ilda Community,Week4,Springboard,Week5,214.0 Ilda Community - 187.0 Springboard
Kent Gardens,Week4,Annandale,Week5,269.0 Kent Gardens - 133.0 Annandale
Ilda Community,Week1,Canterbury Woods,Week1,235.0 Canterbury Woods - 167.0 Ilda Community
Ilda Community,Week1,Springfield,Week1,329.0 Ilda Community - 63.0 Springfield
Kent Gardens,Week1,Annandale,Week1,303.0 Kent Gardens - 99.0 Annandale
Ilda Community,Week3,Canterbury Woods,Week4,254.0 Canterbury Woods - 148.0 Ilda Community
Ilda Community,Week1,Springfield,Week2,337.0 Ilda Community - 55.0 Springfield
Hunter Mill,Week1,High Point Pool,Week1,205.0 Hunter Mill - 197.0 High Point Pool
Hunter Mill,Week3,Springfield,Week5,379.0 Hunter Mill - 21.0 Springfield
Ilda Community,Week1,Stratford,Week4,256.0 Stratford - 146.0 Ilda Community
Hunter Mill,Week5,Kent Gardens,Week2,278.5 Hunter Mill - 123.5 Kent Gardens
Hunter Mill,Week2,Fairfax Station,Week1,226.0 Fairfax Station - 176.0 Hunter Mill
Ilda Community,Week3,Highlands Swim,Week4,344.0 Highlands Swim - 58.0 Ilda Community
Hunter Mill,Week5,Hiddenbrook,Week4,282.0 Hunter Mill - 120.0 Hiddenbrook
Kent Gardens,Week1,Annandale,Week4,296.0 Kent Gardens - 106.0 Annandale
Ilda Community,Week5,Woodley,Week5,201.5 Woodley - 198.5 Ilda Community
Ilda Community,Week3,Canterbury Woods,Week5,234.0 Canterbury Woods - 162.0 Ilda Community
Hunter Mill,Week4,Lee Graham,Week1,237.0 Lee Graham - 165.0 Hunter Mill
Hunter Mill,Week3,Kent Gardens,Week5,222.0 Hunter Mill - 180.0 Kent Gardens
Hunter Mill,Week5,Poplar Tree,Week1,227.0 Hunter Mill - 175.0 Poplar Tree
Ilda Community,Week2,Highlands Swim,Week1,358.0 Highlands Swim - 44.0 Ilda Community
Hunter Mill,Week4,Lee Graham,Week3,245.0 Lee Graham - 157.0 Hunter Mill
Hunter Mill,Week4,Poplar Tree,Week1,210.0 Hunter Mill - 192.0 Poplar Tree
Hunter Mill,Week1,Ravensworth Farm,Week4,225.0 Hunter Mill - 177.0 Ravensworth Farm
Ilda Community,Week4,Canterbury Woods,Week3,227.0 Canterbury Woods - 175.0 Ilda Community
Hunter Mill,Week1,Fairfax Station,Week4,225.0 Fairfax Station - 177.0 Hunter Mill
Hunter Mill,Week1,Fairfax Station,Week5,241.5 Fairfax Station - 160.5 Hunter Mill
Ilda Community,Week2,Highlands Swim,Week4,348.0 Highlands Swim - 54.0 Ilda Community
Ilda Community,Week2,Springfield,Week1,329.5 Ilda Community - 70.5 Springfield
Hunter Mill,Week2,Kings Ridge ,Week1,310.0 Hunter Mill - 92.0 Kings Ridge
Hunter Mill,Week5,Poplar Tree,Week4,243.0 Hunter Mill - 159.0 Poplar Tree
Hunter Mill,Week1,High Point Pool,Week3,205.0 High Point Pool - 197.0 Hunter Mill
Ilda Community,Week4,Springfield,Week1,338.0 Ilda Community - 59.0 Springfield
Hunter Mill,Week5,Lee Graham,Week5,233.0 Lee Graham - 169.0 Hunter Mill
Hunter Mill,Week1,High Point Pool,Week4,203.0 Hunter Mill - 199.0 High Point Pool
Hunter Mill,Week1,Kent Gardens,Week4,233.0 Hunter Mill - 169.0 Kent Gardens
Hunter Mill,Week1,Lincolnia Park,Week1,332.0 Hunter Mill - 65.0 Lincolnia Park
Hunter Mill,Week5,Poplar Tree,Week2,226.0 Hunter Mill - 176.0 Poplar Tree
Kent Gardens,Week2,Annandale,Week1,270.0 Kent Gardens - 132.0 Annandale
Hunter Mill,Week1,High Point Pool,Week5,203.0 High Point Pool - 199.0 Hunter Mill
Hunter Mill,Week1,Stratford,Week4,272.0 Hunter Mill - 130.0 Stratford
Ilda Community,Week2,Highlands Swim,Week3,362.0 Highlands Swim - 40.0 Ilda Community
Hunter Mill,Week4,Springfield,Week1,373.0 Hunter Mill - 27.0 Springfield
Hunter Mill,Week4,Fairfax Station,Week2,225.0 Fairfax Station - 177.0 Hunter Mill
Hunter Mill,Week1,Kings Ridge ,Week5,299.0 Hunter Mill - 103.0 Kings Ridge
Kent Gardens,Week1,Annandale,Week5,283.0 Kent Gardens - 119.0 Annandale
Hunter Mill,Week5,Springfield,Week2,377.0 Hunter Mill - 25.0 Springfield
Hunter Mill,Week5,Lee Graham,Week4,215.0 Lee Graham - 187.0 Hunter Mill
Kent Gardens,Week2,Annandale,Week5,264.0 Kent Gardens - 138.0 Annandale
Ilda Community,Week2,Cardinal Hill,Week2,314.5 Cardinal Hill - 87.5 Ilda Community
Hunter Mill,Week4,Poplar Tree,Week3,219.0 Hunter Mill - 183.0 Poplar Tree
Hunter Mill,Week5,Fairfax Station,Week2,212.0 Fairfax Station - 190.0 Hunter Mill
Ilda Community,Week1,Canterbury Woods,Week4,257.0 Canterbury Woods - 145.0 Ilda Community
Ilda Community,Week3,Highlands Swim,Week1,356.0 Highlands Swim - 46.0 Ilda Community
Ilda Community,Week2,Stratford,Week1,210.0 Stratford - 192.0 Ilda Community
Hunter Mill,Week2,Ravensworth Farm,Week1,214.0 Hunter Mill - 188.0 Ravensworth Farm
Hunter Mill,Week4,Fairfax Station,Week1,212.0 Fairfax Station - 190.0 Hunter Mill
Kent Gardens,Week5,Annandale,Week3,292.0 Kent Gardens - 110.0 Annandale
Ilda Community,Week3,Springfield,Week4,301.0 Ilda Community - 90.0 Springfield
Ilda Community,Week4,Highlands Swim,Week2,348.0 Highlands Swim - 54.0 Ilda Community
Ilda Community,Week3,Springfield,Week2,319.0 Ilda Community - 61.0 Springfield
Ilda Community,Week4,Highlands Swim,Week1,336.0 Highlands Swim - 66.0 Ilda Community
Hunter Mill,Week3,Springfield,Week3,379.0 Hunter Mill - 21.0 Springfield
Hunter Mill,Week2,High Point Pool,Week2,207.5 High Point Pool - 194.5 Hunter Mill
Hunter Mill,Week4,Lincolnia Park,Week3,320.0 Hunter Mill - 72.0 Lincolnia Park
Hunter Mill,Week5,Lincolnia Park,Week1,338.0 Hunter Mill - 64.0 Lincolnia Park
Hunter Mill,Week1,Lincolnia Park,Week3,291.0 Hunter Mill - 97.0 Lincolnia Park
Hunter Mill,Week5,Fairfax Station,Week3,236.0 Fairfax Station - 166.0 Hunter Mill
Hunter Mill,Week3,Ravensworth Farm,Week1,233.0 Hunter Mill - 169.0 Ravensworth Farm
Hunter Mill,Week5,Springfield,Week3,381.0 Hunter Mill - 21.0 Springfield
Hunter Mill,Week4,Springfield,Week4,369.0 Hunter Mill - 33.0 Springfield
Ilda Community,Week1,Springfield,Week4,318.0 Ilda Community - 77.0 Springfield
Ilda Community,Week2,Canterbury Woods,Week3,248.0 Canterbury Woods - 154.0 Ilda Community
Hunter Mill,Week2,Ravensworth Farm,Week5,214.0 Hunter Mill - 188.0 Ravensworth Farm
Kent Gardens,Week5,Annandale,Week4,313.0 Kent Gardens - 89.0 Annandale
Ilda Community,Week4,Canterbury Woods,Week1,214.0 Canterbury Woods - 188.0 Ilda Community
Hunter Mill,Week4,Fairfax Station,Week3,255.0 Fairfax Station - 147.0 Hunter Mill
Hunter Mill,Week2,Kent Gardens,Week1,225.0 Hunter Mill - 177.0 Kent Gardens
Kent Gardens,Week5,Annandale,Week5,313.0 Kent Gardens - 89.0 Annandale
Hunter Mill,Week3,Forest Hollow,Week4,225.0 Hunter Mill - 177.0 Forest Hollow
Hunter Mill,Week4,Kent Gardens,Week3,266.0 Hunter Mill - 136.0 Kent Gardens
Kent Gardens,Week4,Annandale,Week1,278.0 Kent Gardens - 124.0 Annandale
Hunter Mill,Week2,High Point Pool,Week1,221.0 Hunter Mill - 181.0 High Point Pool
Ilda Community,Week5,Camelot,Week2,248.0 Camelot - 153.0 Ilda Community
Ilda Community,Week3,Highlands Swim,Week2,351.0 Highlands Swim - 51.0 Ilda Community
Ilda Community,Week4,Highlands Swim,Week4,332.0 Highlands Swim - 70.0 Ilda Community
Hunter Mill,Week1,Lincolnia Park,Week5,311.0 Hunter Mill - 82.0 Lincolnia Park
Hunter Mill,Week5,Poplar Tree,Week5,209.0 Hunter Mill - 193.0 Poplar Tree
Ilda Community,Week2,Canterbury Woods,Week2,233.0 Canterbury Woods - 169.0 Ilda Community
Hunter Mill,Week3,High Point Pool,Week1,229.5 Hunter Mill - 172.5 High Point Pool
Ilda Community,Week2,Springfield,Week4,324.0 Ilda Community - 77.0 Springfield
Hunter Mill,Week3,Kent Gardens,Week2,264.0 Hunter Mill - 138.0 Kent Gardens
Hunter Mill,Week1,Stratford,Week5,283.0 Hunter Mill - 119.0 Stratford
Hunter Mill,Week3,Springfield,Week1,371.0 Hunter Mill - 29.0 Springfield
Ilda Community,Week5,Camelot,Week3,233.0 Camelot - 168.0 Ilda Community
Hunter Mill,Week1,Kent Gardens,Week3,255.0 Hunter Mill - 147.0 Kent Gardens
Hunter Mill,Week2,High Point Pool,Week5,225.0 High Point Pool - 177.0 Hunter Mill
Kent Gardens,Week4,Annandale,Week3,269.0 Kent Gardens - 133.0 Annandale
Ilda Community,Week1,Highlands Swim,Week5,340.0 Highlands Swim - 62.0 Ilda Community
Hunter Mill,Week5,High Point Pool,Week2,218.0 Hunter Mill - 184.0 High Point Pool
Ilda Community,Week4,Springfield,Week2,339.0 Ilda Community - 57.0 Springfield
Ilda Community,Week5,Highlands Swim,Week5,351.0 Highlands Swim - 51.0 Ilda Community
Hunter Mill,Week5,Lincolnia Park,Week2,333.0 Hunter Mill - 60.0 Lincolnia Park
Hunter Mill,Week3,Ravensworth Farm,Week2,262.0 Hunter Mill - 139.0 Ravensworth Farm
Hunter Mill,Week2,Springfield,Week5,360.0 Hunter Mill - 39.0 Springfield
Hunter Mill,Week3,Poplar Tree,Week5,202.0 Hunter Mill - 200.0 Poplar Tree
Hunter Mill,Week3,Kent Gardens,Week4,249.0 Hunter Mill - 153.0 Kent Gardens
Hunter Mill,Week4,Fairfax Station,Week5,242.0 Fairfax Station - 160.0 Hunter Mill
Hunter Mill,Week2,Kent Gardens,Week5,202.0 Hunter Mill - 200.0 Kent Gardens
Ilda Community,Week5,Camelot,Week5,251.0 Camelot - 151.0 Ilda Community
Hunter Mill,Week2,Lincolnia Park,Week5,298.0 Hunter Mill - 95.0 Lincolnia Park
Hunter Mill,Week3,Kent Gardens,Week3,261.0 Hunter Mill - 141.0 Kent Gardens
Hunter Mill,Week2,Highland Park,Week4,211.0 Hunter Mill - 191.0 Highland Park
Hunter Mill,Week4,Fairfax Station,Week4,205.0 Fairfax Station - 197.0 Hunter Mill
Ilda Community,Week2,Springfield,Week3,328.0 Ilda Community - 69.0 Springfield
Hunter Mill,Week3,High Point Pool,Week2,212.0 High Point Pool - 190.0 Hunter Mill
Ilda Community,Week4,Springfield,Week3,334.5 Ilda Community - 58.5 Springfield
Kent Gardens,Week3,Arlington Forest,Week3,212.0 Kent Gardens - 190.0 Arlington Forest
Hunter Mill,Week2,Little Hunting Park,Week4,269.0 Hunter Mill - 133.0 Little Hunting Park
Hunter Mill,Week1,Fairfax Station,Week1,228.0 Fairfax Station - 174.0 Hunter Mill
Kent Gardens,Week5,Arlington Forest,Week4,230.0 Kent Gardens - 172.0 Arlington Forest
Hunter Mill,Week3,Springfield,Week4,366.0 Hunter Mill - 35.0 Springfield
Ilda Community,Week5,Camelot,Week1,249.0 Camelot - 153.0 Ilda Community
Ilda Community,Week1,Hollin Hills,Week2,232.0 Ilda Community - 161.0 Hollin Hills
Ilda Community,Week4,Canterbury Woods,Week5,233.0 Canterbury Woods - 168.0 Ilda Community
Hunter Mill,Week3,Ravensworth Farm,Week3,221.5 Hunter Mill - 180.5 Ravensworth Farm
Hunter Mill,Week4,Kent Gardens,Week4,256.0 Hunter Mill - 146.0 Kent Gardens
Hunter Mill,Week4,Springfield,Week3,373.0 Hunter Mill - 26.0 Springfield
Hunter Mill,Week5,Fairfax Station,Week1,204.0 Fairfax Station - 198.0 Hunter Mill
Ilda Community,Week2,Springfield,Week2,341.0 Ilda Community - 57.0 Springfield
Hunter Mill,Week4,Poplar Tree,Week4,233.0 Hunter Mill - 169.0 Poplar Tree
Hunter Mill,Week4,Lincolnia Park,Week1,341.0 Hunter Mill - 60.0 Lincolnia Park
Ilda Community,Week2,Hollin Hills,Week4,242.0 Ilda Community - 154.0 Hollin Hills
Hunter Mill,Week3,Highland Park,Week3,223.0 Hunter Mill - 179.0 Highland Park
Hunter Mill,Week4,Springfield,Week2,367.0 Hunter Mill - 33.0 Springfield
Ilda Community,Week2,Hollin Hills,Week5,241.0 Ilda Community - 160.0 Hollin Hills
Hunter Mill,Week3,High Point Pool,Week5,203.0 Hunter Mill - 199.0 High Point Pool
Ilda Community,Week4,Springfield,Week4,325.0 Ilda Community - 73.0 Springfield
Ilda Community,Week1,Canterbury Woods,Week3,263.0 Canterbury Woods - 139.0 Ilda Community
Hunter Mill,Week4,Kent Gardens,Week2,260.0 Hunter Mill - 142.0 Kent Gardens
Hunter Mill,Week3,Fairfax Station,Week5,243.0 Fairfax Station - 159.0 Hunter Mill
Hunter Mill,Week2,Fairfax Station,Week2,229.0 Fairfax Station - 173.0 Hunter Mill
Hunter Mill,Week5,Kent Gardens,Week1,257.0 Hunter Mill - 145.0 Kent Gardens
Ilda Community,Week2,Canterbury Woods,Week4,259.0 Canterbury Woods - 143.0 Ilda Community
Hunter Mill,Week4,Highland Park,Week2,257.0 Hunter Mill - 145.0 Highland Park
Hunter Mill,Week4,Poplar Tree,Week2,243.0 Hunter Mill - 159.0 Poplar Tree
Kent Gardens,Week2,Brandywine,Week2,203.0 Kent Gardens - 199.0 Brandywine
Ilda Community,Week2,Hollin Hills,Week1,250.0 Ilda Community - 148.0 Hollin Hills
Hunter Mill,Week2,Ravensworth Farm,Week4,218.0 Hunter Mill - 184.0 Ravensworth Farm
Hunter Mill,Week3,Lincolnia Park,Week5,313.0 Hunter Mill - 80.0 Lincolnia Park
Kent Gardens,Week5,Arlington Forest,Week2,275.0 Kent Gardens - 127.0 Arlington Forest
Hunter Mill,Week5,Springfield,Week5,379.0 Hunter Mill - 23.0 Springfield
Ilda Community,Week2,Springfield,Week5,349.0 Ilda Community - 51.0 Springfield
Kent Gardens,Week4,Arlington Forest,Week2,226.0 Kent Gardens - 176.0 Arlington Forest
Hunter Mill,Week5,Lincolnia Park,Week3,313.0 Hunter Mill - 80.0 Lincolnia Park
Kent Gardens,Week4,Arlington Forest,Week5,230.0 Arlington Forest - 172.0 Kent Gardens
Kent Gardens,Week1,Brandywine,Week4,204.0 Brandywine - 198.0 Kent Gardens
Kent Gardens,Week1,Brandywine,Week5,210.0 Brandywine - 192.0 Kent Gardens
Kent Gardens,Week2,Arlington Forest,Week2,201.0 Arlington Forest - 201.0 Kent Gardens
Hunter Mill,Week5,Fairfax Station,Week5,229.5 Fairfax Station - 172.5 Hunter Mill
Hunter Mill,Week3,Fairfax Station,Week1,216.0 Fairfax Station - 186.0 Hunter Mill
Ilda Community,Week5,Springfield,Week1,314.0 Ilda Community - 74.0 Springfield
Hunter Mill,Week5,High Point Pool,Week5,221.5 Hunter Mill - 180.5 High Point Pool
Hunter Mill,Week1,Highland Park,Week5,210.0 Hunter Mill - 192.0 Highland Park
Hunter Mill,Week5,Kent Gardens,Week5,245.0 Hunter Mill - 157.0 Kent Gardens
Ilda Community,Week5,Canterbury Woods,Week3,236.0 Canterbury Woods - 166.0 Ilda Community
Hunter Mill,Week1,Stratford,Week2,301.0 Hunter Mill - 96.0 Stratford
Ilda Community,Week1,Canterbury Woods,Week5,245.0 Canterbury Woods - 156.0 Ilda Community
Hunter Mill,Week4,High Point Pool,Week4,215.0 Hunter Mill - 187.0 High Point Pool
Hunter Mill,Week5,Kent Gardens,Week4,259.0 Hunter Mill - 143.0 Kent Gardens
Hunter Mill,Week3,Ravensworth Farm,Week4,236.5 Hunter Mill - 165.5 Ravensworth Farm
Hunter Mill,Week1,Stratford,Week1,302.0 Hunter Mill - 100.0 Stratford
Ilda Community,Week5,Canterbury Woods,Week1,223.0 Canterbury Woods - 179.0 Ilda Community
Hunter Mill,Week5,Springfield,Week4,368.0 Hunter Mill - 34.0 Springfield
Hunter Mill,Week2,Springfield,Week3,362.0 Hunter Mill - 36.0 Springfield
Ilda Community,Week3,Hollin Hills,Week2,233.0 Ilda Community - 164.0 Hollin Hills
Ilda Community,Week4,Springfield,Week5,347.0 Ilda Community - 50.0 Springfield
Ilda Community,Week2,Hollin Hills,Week3,243.0 Ilda Community - 158.0 Hollin Hills
Hunter Mill,Week2,Lincolnia Park,Week4,316.0 Hunter Mill - 85.0 Lincolnia Park
Ilda Community,Week3,Springfield,Week5,326.0 Ilda Community - 63.0 Springfield
Hunter Mill,Week1,Little Hunting Park,Week2,279.0 Hunter Mill - 123.0 Little Hunting Park
Ilda Community,Week4,Canterbury Woods,Week2,213.0 Canterbury Woods - 189.0 Ilda Community
Ilda Community,Week3,Hollin Hills,Week3,234.0 Ilda Community - 167.0 Hollin Hills
Hunter Mill,Week3,Ravensworth Farm,Week5,217.0 Hunter Mill - 185.0 Ravensworth Farm
Hunter Mill,Week1,Kings Ridge ,Week1,316.0 Hunter Mill - 86.0 Kings Ridge
Hunter Mill,Week2,Springfield,Week4,360.0 Hunter Mill - 41.0 Springfield
Hunter Mill,Week3,Lincolnia Park,Week1,341.0 Hunter Mill - 61.0 Lincolnia Park
Hunter Mill,Week5,Fairfax Station,Week4,201.0 Fairfax Station - 201.0 Hunter Mill
Hunter Mill,Week3,High Point Pool,Week4,203.0 Hunter Mill - 199.0 High Point Pool
Kent Gardens,Week1,Arlington Forest,Week4,205.0 Arlington Forest - 197.0 Kent Gardens
Ilda Community,Week1,Springfield,Week5,338.0 Ilda Community - 57.0 Springfield
Hunter Mill,Week1,Ravensworth Farm,Week5,209.0 Hunter Mill - 193.0 Ravensworth Farm
Hunter Mill,Week4,Hunt Valley,Week1,219.0 Hunt Valley - 183.0 Hunter Mill
Ilda Community,Week3,Hollin Hills,Week1,243.0 Ilda Community - 154.0 Hollin Hills
Hunter Mill,Week2,Fairfax Station,Week4,219.0 Fairfax Station - 183.0 Hunter Mill
Hunter Mill,Week1,Ravensworth Farm,Week1,203.0 Hunter Mill - 199.0 Ravensworth Farm
Ilda Community,Week5,Canterbury Woods,Week4,253.0 Canterbury Woods - 149.0 Ilda Community
Hunter Mill,Week2,Little Hunting Park,Week1,271.0 Hunter Mill - 131.0 Little Hunting Park
Ilda Community,Week5,Springfield,Week3,323.0 Ilda Community - 63.0 Springfield
Hunter Mill,Week1,Stratford,Week3,285.0 Hunter Mill - 117.0 Stratford
Hunter Mill,Week3,Lincolnia Park,Week4,333.0 Hunter Mill - 69.0 Lincolnia Park
Hunter Mill,Week5,High Point Pool,Week3,227.0 Hunter Mill - 175.0 High Point Pool
Hunter Mill,Week4,Ravensworth Farm,Week1,238.0 Hunter Mill - 164.0 Ravensworth Farm
Hunter Mill,Week2,Hunt Valley,Week2,225.0 Hunt Valley - 177.0 Hunter Mill
Hunter Mill,Week1,Hunt Valley,Week3,252.0 Hunt Valley - 150.0 Hunter Mill
Hunter Mill,Week3,Lincolnia Park,Week2,326.0 Hunter Mill - 67.0 Lincolnia Park
Hunter Mill,Week1,Fairfax Station,Week2,241.0 Fairfax Station - 161.0 Hunter Mill
Hunter Mill,Week4,High Point Pool,Week1,240.5 Hunter Mill - 161.5 High Point Pool
Ilda Community,Week4,Fair Oaks ,Week2,255.0 Fair Oaks - 147.0 Ilda Community
Hunter Mill,Week3,Lincolnia Park,Week3,304.5 Hunter Mill - 88.5 Lincolnia Park
Ilda Community,Week5,Canterbury Woods,Week5,229.0 Canterbury Woods - 169.0 Ilda Community
Hunter Mill,Week1,Ravensworth Farm,Week3,207.0 Hunter Mill - 195.0 Ravensworth Farm
Hunter Mill,Week3,Fairfax Station,Week3,250.0 Fairfax Station - 152.0 Hunter Mill
Ilda Community,Week3,Springfield,Week1,310.0 Ilda Community - 78.0 Springfield
Hunter Mill,Week3,Springfield,Week2,374.0 Hunter Mill - 24.0 Springfield
Ilda Community,Week1,Cardinal Hill,Week2,307.0 Cardinal Hill - 94.0 Ilda Community
Kent Gardens,Week5,Arlington Forest,Week1,251.0 Kent Gardens - 151.0 Arlington Forest
Hunter Mill,Week1,Forest Hollow,Week1,219.0 Hunter Mill - 183.0 Forest Hollow
Ilda Community,Week5,Springfield,Week4,309.0 Ilda Community - 86.0 Springfield
Kent Gardens,Week2,Arlington Forest,Week5,245.0 Arlington Forest - 157.0 Kent Gardens
Hunter Mill,Week4,Poplar Tree,Week5,202.0 Hunter Mill - 200.0 Poplar Tree
Hunter Mill,Week4,Dowden Terrace,Week4,231.0 Hunter Mill - 171.0 Dowden Terrace
Ilda Community,Week3,Fair Oaks ,Week2,264.0 Fair Oaks - 138.0 Ilda Community
Hunter Mill,Week5,Hunt Valley,Week1,216.0 Hunt Valley - 186.0 Hunter Mill
Ilda Community,Week1,Fairfax,Week5,347.5 Fairfax - 54.5 Ilda Community
Hunter Mill,Week5,High Point Pool,Week1,225.0 Hunter Mill - 177.0 High Point Pool
Hunter Mill,Week1,Hunt Valley,Week1,239.5 Hunt Valley - 162.5 Hunter Mill
Kent Gardens,Week3,Arlington Forest,Week2,203.0 Arlington Forest - 199.0 Kent Gardens
Ilda Community,Week5,Fair Oaks ,Week4,289.0 Fair Oaks - 113.0 Ilda Community
Ilda Community,Week5,Springfield,Week5,326.0 Ilda Community - 65.0 Springfield
Ilda Community,Week2,Fair Oaks ,Week5,308.0 Fair Oaks - 94.0 Ilda Community
Hunter Mill,Week4,Lincolnia Park,Week5,317.0 Hunter Mill - 75.0 Lincolnia Park
Hunter Mill,Week1,Highland Park,Week4,203.0 Hunter Mill - 199.0 Highland Park
Hunter Mill,Week1,Forest Hollow,Week3,211.0 Hunter Mill - 191.0 Forest Hollow
Hunter Mill,Week5,Ravensworth Farm,Week2,272.0 Hunter Mill - 130.0 Ravensworth Farm
Ilda Community,Week1,Stratford,Week2,224.0 Stratford - 178.0 Ilda Community
Hunter Mill,Week3,Fairfax Station,Week4,213.0 Fairfax Station - 189.0 Hunter Mill
Kent Gardens,Week1,Brandywine,Week1,219.0 Kent Gardens - 183.0 Brandywine
Hunter Mill,Week2,Hunt Valley,Week3,246.0 Hunt Valley - 156.0 Hunter Mill
Ilda Community,Week1,Cardinal Hill,Week5,315.0 Cardinal Hill - 86.0 Ilda Community
Ilda Community,Week2,Cardinal Hill,Week3,342.0 Cardinal Hill - 60.0 Ilda Community
Hunter Mill,Week4,High Point Pool,Week3,220.0 Hunter Mill - 182.0 High Point Pool
Hunter Mill,Week1,Forest Hollow,Week5,201.0 Forest Hollow - 201.0 Hunter Mill
Hunter Mill,Week2,Lincolnia Park,Week3,292.0 Hunter Mill - 101.0 Lincolnia Park
Hunter Mill,Week5,Lincolnia Park,Week4,338.0 Hunter Mill - 64.0 Lincolnia Park
Ilda Community,Week1,Stratford,Week1,209.0 Stratford - 193.0 Ilda Community
Hunter Mill,Week3,Highland Park,Week1,212.0 Hunter Mill - 190.0 Highland Park
Ilda Community,Week1,Chesterbrook,Week2,370.0 Chesterbrook - 32.0 Ilda Community
Hunter Mill,Week2,Ravensworth Farm,Week3,217.0 Hunter Mill - 185.0 Ravensworth Farm
Hunter Mill,Week5,Holmes Run Acres,Week5,225.0 Hunter Mill - 177.0 Holmes Run Acres
Kent Gardens,Week3,Arlington Forest,Week5,243.0 Arlington Forest - 159.0 Kent Gardens
Ilda Community,Week5,Fair Oaks ,Week5,302.0 Fair Oaks - 100.0 Ilda Community
Hunter Mill,Week2,Ravensworth Farm,Week2,246.0 Hunter Mill - 156.0 Ravensworth Farm
Kent Gardens,Week5,Arlington Forest,Week3,269.0 Kent Gardens - 133.0 Arlington Forest
Ilda Community,Week1,Cardinal Hill,Week4,312.0 Cardinal Hill - 90.0 Ilda Community
Ilda Community,Week1,Stratford,Week3,235.0 Stratford - 167.0 Ilda Community
Ilda Community,Week4,Fair Oaks ,Week1,290.0 Fair Oaks - 112.0 Ilda Community
Hunter Mill,Week4,Lincolnia Park,Week2,332.0 Hunter Mill - 61.0 Lincolnia Park
Ilda Community,Week5,Springfield,Week2,322.0 Ilda Community - 69.0 Springfield
Ilda Community,Week5,Fair Oaks ,Week3,295.0 Fair Oaks - 106.0 Ilda Community
Hunter Mill,Week2,Highland Park,Week2,224.0 Hunter Mill - 178.0 Highland Park
Ilda Community,Week1,Stratford,Week5,242.0 Stratford - 160.0 Ilda Community
Hunter Mill,Week5,Ravensworth Farm,Week3,241.0 Hunter Mill - 161.0 Ravensworth Farm
Hunter Mill,Week2,Forest Hollow,Week2,235.0 Hunter Mill - 167.0 Forest Hollow
Hunter Mill,Week1,Lincolnia Park,Week4,329.0 Hunter Mill - 68.0 Lincolnia Park
Hunter Mill,Week1,Forest Hollow,Week4,207.0 Hunter Mill - 195.0 Forest Hollow
Hunter Mill,Week2,Riverside Gardens,Week1,223.0 Riverside Gardens - 179.0 Hunter Mill
Hunter Mill,Week4,Hunt Valley,Week4,223.0 Hunt Valley - 179.0 Hunter Mill
Hunter Mill,Week4,Riverside Gardens,Week2,202.0 Hunter Mill - 200.0 Riverside Gardens
Hunter Mill,Week3,Hunt Valley,Week5,234.0 Hunt Valley - 168.0 Hunter Mill
Hunter Mill,Week4,Lincolnia Park,Week4,339.0 Hunter Mill - 63.0 Lincolnia Park
Hunter Mill,Week2,Forest Hollow,Week3,221.0 Hunter Mill - 181.0 Forest Hollow
Ilda Community,Week2,Sully Station,Week1,319.0 Sully Station - 83.0 Ilda Community
Ilda Community,Week1,Cardinal Hill,Week1,318.0 Cardinal Hill - 83.0 Ilda Community
Hunter Mill,Week1,Highland Park,Week1,205.0 Hunter Mill - 197.0 Highland Park
Hunter Mill,Week3,Riverside Gardens,Week1,202.0 Hunter Mill - 200.0 Riverside Gardens
Ilda Community,Week4,Fair Oaks ,Week3,282.0 Fair Oaks - 120.0 Ilda Community
Hunter Mill,Week2,Forest Hollow,Week1,206.0 Hunter Mill - 196.0 Forest Hollow
Hunter Mill,Week1,Riverside Gardens,Week3,247.0 Riverside Gardens - 155.0 Hunter Mill
Ilda Community,Week3,Fair Oaks ,Week5,304.0 Fair Oaks - 98.0 Ilda Community
Ilda Community,Week3,Cardinal Hill,Week2,312.0 Cardinal Hill - 85.0 Ilda Community
Kent Gardens,Week1,Arlington Forest,Week3,241.0 Kent Gardens - 161.0 Arlington Forest
Hunter Mill,Week1,Little Hunting Park,Week4,279.0 Hunter Mill - 123.0 Little Hunting Park
Hunter Mill,Week4,Hunt Valley,Week3,236.0 Hunt Valley - 166.0 Hunter Mill
Hunter Mill,Week3,Highland Park,Week2,233.5 Hunter Mill - 168.5 Highland Park
Kent Gardens,Week3,Arlington Forest,Week1,219.0 Arlington Forest - 183.0 Kent Gardens
Hunter Mill,Week4,High Point Pool,Week2,221.0 Hunter Mill - 181.0 High Point Pool
Hunter Mill,Week3,Hunter Mill,Week1,210.0 Hunter Mill (HTM1) - 192.0 Hunter Mill (HTM2)
Ilda Community,Week2,Cardinal Hill,Week1,327.0 Cardinal Hill - 75.0 Ilda Community
Ilda Community,Week5,Fair Oaks ,Week1,294.0 Fair Oaks - 108.0 Ilda Community
Ilda Community,Week1,Cardinal Hill,Week3,328.0 Cardinal Hill - 74.0 Ilda Community
Hunter Mill,Week4,High Point Pool,Week5,221.0 Hunter Mill - 181.0 High Point Pool
Ilda Community,Week3,Springfield,Week3,316.0 Ilda Community - 69.0 Springfield
Hunter Mill,Week2,Hunt Valley,Week1,231.0 Hunt Valley - 171.0 Hunter Mill
Hunter Mill,Week4,Dowden Terrace,Week5,228.0 Hunter Mill - 174.0 Dowden Terrace
Hunter Mill,Week2,Forest Hollow,Week4,207.0 Hunter Mill - 195.0 Forest Hollow
Kent Gardens,Week1,Brandywine,Week3,212.0 Kent Gardens - 190.0 Brandywine
Kent Gardens,Week2,Arlington Forest,Week1,231.0 Arlington Forest - 171.0 Kent Gardens
Hunter Mill,Week3,Forest Hollow,Week1,231.5 Hunter Mill - 170.5 Forest Hollow
Hunter Mill,Week2,Forest Hollow,Week5,208.0 Hunter Mill - 194.0 Forest Hollow
Hunter Mill,Week5,High Point Pool,Week4,219.0 Hunter Mill - 183.0 High Point Pool
Ilda Community,Week3,Stratford,Week2,221.0 Stratford - 176.0 Ilda Community
Hunter Mill,Week5,Riverside Gardens,Week4,204.5 Riverside Gardens - 197.5 Hunter Mill
Ilda Community,Week4,Cardinal Hill,Week1,305.0 Cardinal Hill - 97.0 Ilda Community
Ilda Community,Week4,Stratford,Week2,215.0 Ilda Community - 187.0 Stratford
Ilda Community,Week1,Fair Oaks ,Week5,302.5 Fair Oaks - 99.5 Ilda Community
Ilda Community,Week4,Cardinal Hill,Week4,301.0 Cardinal Hill - 101.0 Ilda Community
Hunter Mill,Week1,Highland Park,Week3,219.0 Hunter Mill - 183.0 Highland Park
Hunter Mill,Week2,Lincolnia Park,Week1,317.0 Hunter Mill - 85.0 Lincolnia Park
Hunter Mill,Week1,Hunter Mill,Week2,211.0 Hunter Mill (HTM1) - 191.0 Hunter Mill (HTM2)
Kent Gardens,Week2,Arlington Forest,Week4,248.0 Arlington Forest - 154.0 Kent Gardens
Hunter Mill,Week5,Ravensworth Farm,Week4,247.0 Hunter Mill - 155.0 Ravensworth Farm
Hunter Mill,Week3,Forest Hollow,Week2,239.0 Hunter Mill - 163.0 Forest Hollow
Hunter Mill,Week1,Hunt Valley,Week5,256.0 Hunt Valley - 146.0 Hunter Mill
Ilda Community,Week1,Sully Station,Week2,297.0 Sully Station - 105.0 Ilda Community
Ilda Community,Week3,Cardinal Hill,Week4,322.0 Cardinal Hill - 80.0 Ilda Community
Ilda Community,Week2,Fair Oaks ,Week2,273.0 Fair Oaks - 129.0 Ilda Community
Hunter Mill,Week1,Little Hunting Park,Week1,280.0 Hunter Mill - 122.0 Little Hunting Park
Hunter Mill,Week3,Hunt Valley,Week4,230.5 Hunt Valley - 171.5 Hunter Mill
Hunter Mill,Week1,Rolling Forest,Week1,261.0 Hunter Mill - 141.0 Rolling Forest
Ilda Community,Week1,Fairfax,Week1,314.0 Fairfax - 88.0 Ilda Community
Kent Gardens,Week2,Arlington Forest,Week3,207.0 Kent Gardens - 195.0 Arlington Forest
Hunter Mill,Week1,Little Hunting Park,Week3,286.0 Hunter Mill - 116.0 Little Hunting Park
Kent Gardens,Week1,Arlington Forest,Week5,220.0 Arlington Forest - 182.0 Kent Gardens
Hunter Mill,Week2,Lincolnia Park,Week2,325.0 Hunter Mill - 66.0 Lincolnia Park
Hunter Mill,Week1,Highland Park,Week2,224.5 Hunter Mill - 177.5 Highland Park
Ilda Community,Week5,Cardinal Hill,Week1,328.0 Cardinal Hill - 73.0 Ilda Community
Hunter Mill,Week2,Highland Park,Week3,230.0 Hunter Mill - 172.0 Highland Park
Hunter Mill,Week4,Forest Hollow,Week1,236.0 Hunter Mill - 166.0 Forest Hollow
Ilda Community,Week4,Cardinal Hill,Week5,304.0 Cardinal Hill - 98.0 Ilda Community
Hunter Mill,Week4,Hunt Valley,Week5,228.5 Hunt Valley - 173.5 Hunter Mill
Ilda Community,Week1,Fairfax,Week2,332.0 Fairfax - 70.0 Ilda Community
Ilda Community,Week3,Cardinal Hill,Week1,321.0 Cardinal Hill - 81.0 Ilda Community
Hunter Mill,Week3,Forest Hollow,Week5,205.5 Hunter Mill - 196.5 Forest Hollow
Kent Gardens,Week4,Arlington Forest,Week1,202.0 Arlington Forest - 200.0 Kent Gardens
Hunter Mill,Week2,Highland Park,Week1,210.0 Hunter Mill - 192.0 Highland Park
Ilda Community,Week1,Fairfax,Week3,334.0 Fairfax - 67.0 Ilda Community
Hunter Mill,Week1,Riverside Gardens,Week5,254.0 Riverside Gardens - 148.0 Hunter Mill
Hunter Mill,Week5,Lincolnia Park,Week5,313.0 Hunter Mill - 80.0 Lincolnia Park
Kent Gardens,Week4,Arlington Forest,Week3,216.0 Kent Gardens - 186.0 Arlington Forest
Kent Gardens,Week3,Arlington Forest,Week4,227.0 Arlington Forest - 175.0 Kent Gardens
Ilda Community,Week4,Fair Oaks ,Week5,297.0 Fair Oaks - 105.0 Ilda Community
Ilda Community,Week3,Sully Station,Week3,301.0 Sully Station - 101.0 Ilda Community
Ilda Community,Week2,Stratford,Week5,243.5 Stratford - 158.5 Ilda Community
Ilda Community,Week5,Stratford,Week1,200.0 Stratford - 199.0 Ilda Community
Kent Gardens,Week1,Arlington Forest,Week2,219.0 Kent Gardens - 183.0 Arlington Forest
Hunter Mill,Week5,Hunt Valley,Week3,226.0 Hunt Valley - 176.0 Hunter Mill
Ilda Community,Week5,Cardinal Hill,Week2,316.0 Cardinal Hill - 85.0 Ilda Community
Hunter Mill,Week3,Riverside Gardens,Week4,224.0 Riverside Gardens - 178.0 Hunter Mill
Hunter Mill,Week2,Little Hunting Park,Week2,275.0 Hunter Mill - 126.0 Little Hunting Park
Hunter Mill,Week1,Little Hunting Park,Week5,254.0 Hunter Mill - 148.0 Little Hunting Park
Hunter Mill,Week3,Hunt Valley,Week1,222.0 Hunt Valley - 180.0 Hunter Mill
Hunter Mill,Week2,Riverside Gardens,Week2,232.0 Riverside Gardens - 170.0 Hunter Mill
Hunter Mill,Week3,Forest Hollow,Week3,228.0 Hunter Mill - 174.0 Forest Hollow
Hunter Mill,Week2,Highland Park,Week5,215.0 Hunter Mill - 187.0 Highland Park
Hunter Mill,Week3,Little Rocky Run,Week4,238.0 Little Rocky Run - 164.0 Hunter Mill
Ilda Community,Week3,Cardinal Hill,Week3,335.0 Cardinal Hill - 67.0 Ilda Community
Hunter Mill,Week1,Little Rocky Run,Week2,226.5 Little Rocky Run - 175.5 Hunter Mill
Ilda Community,Week3,Fair Oaks ,Week1,292.0 Fair Oaks - 110.0 Ilda Community
Ilda Community,Week5,Cardinal Hill,Week5,319.0 Cardinal Hill - 81.0 Ilda Community
Hunter Mill,Week4,Forest Hollow,Week4,230.0 Hunter Mill - 172.0 Forest Hollow
Kent Gardens,Week2,Brandywine,Week1,216.0 Kent Gardens - 186.0 Brandywine
Hunter Mill,Week4,Highland Park,Week1,244.0 Hunter Mill - 158.0 Highland Park
Kent Gardens,Week1,Brandywine,Week2,216.0 Kent Gardens - 186.0 Brandywine
Kent Gardens,Week4,Arlington Forest,Week4,221.0 Arlington Forest - 181.0 Kent Gardens
Hunter Mill,Week5,Forest Hollow,Week2,245.0 Hunter Mill - 157.0 Forest Hollow
Ilda Community,Week1,Sully Station,Week4,314.5 Sully Station - 87.5 Ilda Community
Hunter Mill,Week4,Forest Hollow,Week3,235.0 Hunter Mill - 167.0 Forest Hollow
Ilda Community,Week1,Chesterbrook,Week3,378.0 Chesterbrook - 24.0 Ilda Community
Hunter Mill,Week3,Hunter Mill,Week3,200.0 Hunter Mill (HTM1) - 200.0 Hunter Mill (HTM2)
Hunter Mill,Week5,Ravensworth Farm,Week5,237.0 Hunter Mill - 165.0 Ravensworth Farm
Hunter Mill,Week2,Little Hunting Park,Week3,275.0 Hunter Mill - 127.0 Little Hunting Park
Hunter Mill,Week4,Forest Hollow,Week2,254.0 Hunter Mill - 148.0 Forest Hollow
Ilda Community,Week4,Stratford,Week1,216.0 Ilda Community - 186.0 Stratford
Hunter Mill,Week5,Ravensworth Farm,Week1,238.0 Hunter Mill - 164.0 Ravensworth Farm
Hunter Mill,Week3,Highland Park,Week5,220.0 Hunter Mill - 182.0 Highland Park
Ilda Community,Week2,Fair Oaks ,Week4,298.0 Fair Oaks - 104.0 Ilda Community
Ilda Community,Week3,Stratford,Week5,235.0 Stratford - 161.0 Ilda Community
Ilda Community,Week5,Stratford,Week3,228.0 Stratford - 174.0 Ilda Community
Hunter Mill,Week2,Hunt Valley,Week5,242.0 Hunt Valley - 160.0 Hunter Mill
Ilda Community,Week5,Cardinal Hill,Week3,342.0 Cardinal Hill - 60.0 Ilda Community
Ilda Community,Week2,Fair Oaks ,Week1,300.0 Fair Oaks - 102.0 Ilda Community
Kent Gardens,Week5,Arlington Forest,Week5,205.0 Kent Gardens - 197.0 Arlington Forest
Hunter Mill,Week1,Hunter Mill,Week4,208.0 Hunter Mill (HTM2) - 194.0 Hunter Mill (HTM1)
Hunter Mill,Week3,Highland Park,Week4,216.0 Hunter Mill - 186.0 Highland Park
Hunter Mill,Week4,Forest Hollow,Week5,232.0 Hunter Mill - 170.0 Forest Hollow
Hunter Mill,Week3,Riverside Gardens,Week3,216.0 Riverside Gardens - 186.0 Hunter Mill
Ilda Community,Week4,Stratford,Week3,207.0 Stratford - 195.0 Ilda Community
Hunter Mill,Week4,Riverside Gardens,Week5,232.0 Riverside Gardens - 170.0 Hunter Mill
Hunter Mill,Week1,Herndon,Week5,350.0 Hunter Mill - 52.0 Herndon
Hunter Mill,Week5,Hayfield Farm,Week4,264.5 Hunter Mill - 137.5 Hayfield Farm
Ilda Community,Week3,Fair Oaks ,Week3,302.0 Fair Oaks - 100.0 Ilda Community
Hunter Mill,Week1,Hunt Valley,Week2,227.0 Hunt Valley - 175.0 Hunter Mill
Hunter Mill,Week2,Little Rocky Run,Week1,215.0 Little Rocky Run - 187.0 Hunter Mill
Hunter Mill,Week5,Hunt Valley,Week2,204.0 Hunt Valley - 198.0 Hunter Mill
Ilda Community,Week1,Fair Oaks ,Week4,294.5 Fair Oaks - 107.5 Ilda Community
Hunter Mill,Week4,Riverside Gardens,Week1,204.0 Riverside Gardens - 198.0 Hunter Mill
Hunter Mill,Week2,Little Rocky Run,Week5,263.0 Little Rocky Run - 139.0 Hunter Mill
Ilda Community,Week2,Stratford,Week2,229.0 Stratford - 173.0 Ilda Community
Hunter Mill,Week3,Hunt Valley,Week2,220.0 Hunt Valley - 182.0 Hunter Mill
Hunter Mill,Week5,Forest Hollow,Week3,232.0 Hunter Mill - 170.0 Forest Hollow
Ilda Community,Week3,Fair Oaks ,Week4,292.0 Fair Oaks - 110.0 Ilda Community
Hunter Mill,Week5,Hayfield Farm,Week2,267.0 Hunter Mill - 135.0 Hayfield Farm
Hunter Mill,Week5,Forest Hollow,Week4,240.0 Hunter Mill - 162.0 Forest Hollow
Hunter Mill,Week3,Little Rocky Run,Week2,225.0 Little Rocky Run - 177.0 Hunter Mill
Ilda Community,Week5,Orange Hunt,Week3,287.0 Orange Hunt - 114.0 Ilda Community
Hunter Mill,Week2,Herndon,Week5,332.0 Hunter Mill - 69.0 Herndon
Hunter Mill,Week1,Hunt Valley,Week4,234.0 Hunt Valley - 168.0 Hunter Mill
Hunter Mill,Week1,Little Rocky Run,Week3,244.0 Little Rocky Run - 158.0 Hunter Mill
Ilda Community,Week2,Fair Oaks ,Week3,304.0 Fair Oaks - 98.0 Ilda Community
Kent Gardens,Week2,Brandywine,Week3,202.0 Brandywine - 200.0 Kent Gardens
Hunter Mill,Week2,Riverside Gardens,Week3,231.0 Riverside Gardens - 171.0 Hunter Mill
Kent Gardens,Week2,Brandywine,Week4,215.0 Brandywine - 187.0 Kent Gardens
Ilda Community,Week2,Cardinal Hill,Week5,329.0 Cardinal Hill - 73.0 Ilda Community
Hunter Mill,Week1,Rolling Forest,Week3,248.0 Hunter Mill - 154.0 Rolling Forest
Ilda Community,Week3,Sully Station,Week2,303.0 Sully Station - 94.0 Ilda Community
Hunter Mill,Week5,Forest Hollow,Week5,231.0 Hunter Mill - 171.0 Forest Hollow
Kent Gardens,Week2,Brandywine,Week5,234.0 Brandywine - 168.0 Kent Gardens
Ilda Community,Week4,Fair Oaks ,Week4,279.0 Fair Oaks - 123.0 Ilda Community
Hunter Mill,Week3,Hunt Valley,Week3,244.0 Hunt Valley - 158.0 Hunter Mill
Hunter Mill,Week5,Hayfield Farm,Week3,247.0 Hunter Mill - 155.0 Hayfield Farm
Ilda Community,Week4,Cardinal Hill,Week2,285.0 Cardinal Hill - 117.0 Ilda Community
Ilda Community,Week3,Cardinal Hill,Week5,318.0 Cardinal Hill - 84.0 Ilda Community
Ilda Community,Week4,Overlee,Week4,383.0 Overlee - 19.0 Ilda Community
Hunter Mill,Week4,Ravensworth Farm,Week3,222.0 Hunter Mill - 180.0 Ravensworth Farm
Ilda Community,Week4,Stratford,Week5,222.0 Stratford - 179.0 Ilda Community
Ilda Community,Week1,Chesterbrook,Week4,374.0 Chesterbrook - 27.0 Ilda Community
Ilda Community,Week5,Stratford,Week5,227.0 Stratford - 175.0 Ilda Community
Kent Gardens,Week3,Brandywine,Week2,213.0 Brandywine - 189.0 Kent Gardens
Ilda Community,Week1,Sully Station,Week1,309.0 Sully Station - 93.0 Ilda Community
Ilda Community,Week1,Fairfax,Week4,327.0 Fairfax - 75.0 Ilda Community
Hunter Mill,Week3,Little Hunting Park,Week4,279.0 Hunter Mill - 123.0 Little Hunting Park
Ilda Community,Week1,Overlee,Week1,364.0 Overlee - 38.0 Ilda Community
Ilda Community,Week5,Orange Hunt,Week2,284.5 Orange Hunt - 116.5 Ilda Community
Ilda Community,Week4,Stratford,Week4,234.0 Stratford - 168.0 Ilda Community
Ilda Community,Week5,Cardinal Hill,Week4,322.0 Cardinal Hill - 80.0 Ilda Community
Kent Gardens,Week3,Brandywine,Week1,201.0 Brandywine - 201.0 Kent Gardens
Hunter Mill,Week1,Herndon,Week4,344.0 Hunter Mill - 58.0 Herndon
Kent Gardens,Week5,Brandywine,Week3,225.0 Kent Gardens - 177.0 Brandywine
Hunter Mill,Week1,Riverside Gardens,Week2,234.0 Riverside Gardens - 168.0 Hunter Mill
Hunter Mill,Week3,Little Rocky Run,Week3,242.0 Little Rocky Run - 160.0 Hunter Mill
Hunter Mill,Week5,Hunt Valley,Week5,220.5 Hunt Valley - 181.5 Hunter Mill
Hunter Mill,Week4,Hunt Valley,Week2,234.5 Hunt Valley - 167.5 Hunter Mill
Hunter Mill,Week2,Herndon,Week3,330.0 Hunter Mill - 72.0 Herndon
Ilda Community,Week3,Fairfax,Week1,310.0 Fairfax - 92.0 Ilda Community
Hunter Mill,Week1,Riverside Gardens,Week4,243.0 Riverside Gardens - 159.0 Hunter Mill
Hunter Mill,Week5,Forest Hollow,Week1,239.0 Hunter Mill - 163.0 Forest Hollow
Hunter Mill,Week4,Little Hunting Park,Week5,279.0 Hunter Mill - 123.0 Little Hunting Park
Hunter Mill,Week1,Fox Hunt,Week1,236.0 Hunter Mill - 166.0 Fox Hunt
Ilda Community,Week5,Fair Oaks ,Week2,275.0 Fair Oaks - 127.0 Ilda Community
Hunter Mill,Week2,Hunt Valley,Week4,232.0 Hunt Valley - 170.0 Hunter Mill
Hunter Mill,Week1,Fox Hunt,Week2,235.0 Hunter Mill - 167.0 Fox Hunt
Ilda Community,Week1,Chesterbrook,Week5,370.5 Chesterbrook - 31.5 Ilda Community
Hunter Mill,Week4,Herndon,Week3,346.0 Hunter Mill - 56.0 Herndon
Hunter Mill,Week4,Ravensworth Farm,Week5,230.0 Hunter Mill - 172.0 Ravensworth Farm
Ilda Community,Week1,Overlee,Week4,377.0 Overlee - 25.0 Ilda Community
Ilda Community,Week2,Chesterbrook,Week1,370.0 Chesterbrook - 32.0 Ilda Community
Ilda Community,Week3,Overlee,Week1,371.0 Overlee - 31.0 Ilda Community
Hunter Mill,Week3,Little Hunting Park,Week3,297.0 Hunter Mill - 105.0 Little Hunting Park
Ilda Community,Week3,Stratford,Week3,230.0 Stratford - 172.0 Ilda Community
Ilda Community,Week2,Fairfax Club Estates,Week4,246.0 Fairfax Club Estates - 156.0 Ilda Community
Hunter Mill,Week3,Herndon,Week2,339.0 Hunter Mill - 62.0 Herndon
Hunter Mill,Week2,Herndon,Week2,335.0 Hunter Mill - 66.0 Herndon
Kent Gardens,Week3,Bren Mar-Edsall Park,Week1,353.0 Kent Gardens - 49.0 Bren Mar-Edsall Park
Ilda Community,Week3,Stratford,Week1,210.0 Stratford - 192.0 Ilda Community
Hunter Mill,Week1,Fox Hunt,Week3,225.0 Hunter Mill - 177.0 Fox Hunt
Kent Gardens,Week1,Bren Mar-Edsall Park,Week2,372.0 Kent Gardens - 29.0 Bren Mar-Edsall Park
Hunter Mill,Week2,Hunter Mill,Week2,200.0 Hunter Mill (HTM1) - 200.0 Hunter Mill (HTM2)
Hunter Mill,Week3,Hayfield Farm,Week5,248.0 Hunter Mill - 154.0 Hayfield Farm
Hunter Mill,Week1,Little Rocky Run,Week4,238.0 Little Rocky Run - 164.0 Hunter Mill
Hunter Mill,Week5,Little Hunting Park,Week3,295.0 Hunter Mill - 107.0 Little Hunting Park
Hunter Mill,Week2,Riverside Gardens,Week5,247.0 Riverside Gardens - 155.0 Hunter Mill
Ilda Community,Week4,Cardinal Hill,Week3,327.0 Cardinal Hill - 75.0 Ilda Community
Hunter Mill,Week3,Riverside Gardens,Week2,207.0 Riverside Gardens - 195.0 Hunter Mill
Ilda Community,Week1,Chesterbrook,Week1,363.0 Chesterbrook - 39.0 Ilda Community
Ilda Community,Week4,Fairfax,Week3,315.0 Fairfax - 87.0 Ilda Community
Ilda Community,Week2,Overlee,Week2,383.0 Overlee - 19.0 Ilda Community
Kent Gardens,Week3,Bren Mar-Edsall Park,Week4,345.0 Kent Gardens - 56.0 Bren Mar-Edsall Park
Hunter Mill,Week1,Riverside Gardens,Week1,237.0 Riverside Gardens - 165.0 Hunter Mill
Ilda Community,Week2,Stratford,Week4,254.0 Stratford - 148.0 Ilda Community
Hunter Mill,Week1,Hunter Mill,Week1,198.5 Hunter Mill (HTM1) - 198.5 Hunter Mill (HTM2)
Hunter Mill,Week1,Hunter Mill,Week5,253.0 Hunter Mill (HTM2) - 149.0 Hunter Mill (HTM1)
Hunter Mill,Week4,Little Hunting Park,Week4,283.0 Hunter Mill - 119.0 Little Hunting Park
Hunter Mill,Week5,Hayfield Farm,Week1,276.0 Hunter Mill - 126.0 Hayfield Farm
Hunter Mill,Week2,Riverside Gardens,Week4,233.0 Riverside Gardens - 169.0 Hunter Mill
Hunter Mill,Week5,Little Hunting Park,Week5,271.0 Hunter Mill - 131.0 Little Hunting Park
Kent Gardens,Week4,Bren Mar-Edsall Park,Week4,351.0 Kent Gardens - 51.0 Bren Mar-Edsall Park
Ilda Community,Week5,Fairfax,Week2,322.0 Fairfax - 80.0 Ilda Community
Kent Gardens,Week1,Bren Mar-Edsall Park,Week4,362.0 Kent Gardens - 40.0 Bren Mar-Edsall Park
Ilda Community,Week4,Orange Hunt,Week3,270.0 Orange Hunt - 132.0 Ilda Community
Ilda Community,Week3,Fairfax,Week4,329.0 Fairfax - 73.0 Ilda Community
Hunter Mill,Week4,Ravensworth Farm,Week4,239.0 Hunter Mill - 163.0 Ravensworth Farm
Ilda Community,Week2,Cardinal Hill,Week4,330.0 Cardinal Hill - 72.0 Ilda Community
Ilda Community,Week2,Stratford,Week3,240.0 Stratford - 162.0 Ilda Community
Ilda Community,Week5,Orange Hunt,Week4,286.0 Orange Hunt - 115.0 Ilda Community
Ilda Community,Week2,Chesterbrook,Week2,386.0 Chesterbrook - 16.0 Ilda Community
Ilda Community,Week3,Stratford,Week4,254.0 Stratford - 148.0 Ilda Community
Hunter Mill,Week2,Hunter Mill,Week1,211.0 Hunter Mill (HTM2) - 191.0 Hunter Mill (HTM1)
Hunter Mill,Week2,Hunter Mill,Week3,220.0 Hunter Mill (HTM2) - 182.0 Hunter Mill (HTM1)
Ilda Community,Week3,Overlee,Week2,380.0 Overlee - 22.0 Ilda Community
Ilda Community,Week5,Chesterbrook,Week1,371.5 Chesterbrook - 30.5 Ilda Community
Ilda Community,Week5,Fairfax,Week4,324.0 Fairfax - 77.0 Ilda Community
Kent Gardens,Week4,Brandywine,Week2,203.0 Brandywine - 199.0 Kent Gardens
Ilda Community,Week1,Sully Station,Week3,307.0 Sully Station - 95.0 Ilda Community
Ilda Community,Week5,Fairfax,Week3,317.0 Fairfax - 83.0 Ilda Community
Hunter Mill,Week1,Hunter Mill,Week3,210.0 Hunter Mill (HTM2) - 192.0 Hunter Mill (HTM1)
Hunter Mill,Week4,Hayfield Farm,Week5,275.0 Hunter Mill - 127.0 Hayfield Farm
Ilda Community,Week2,Chesterbrook,Week3,393.5 Chesterbrook - 8.5 Ilda Community
Hunter Mill,Week5,Hunt Valley,Week4,221.0 Hunt Valley - 181.0 Hunter Mill
Hunter Mill,Week4,Little Hunting Park,Week1,286.0 Hunter Mill - 116.0 Little Hunting Park
Ilda Community,Week5,Stratford,Week4,254.0 Stratford - 148.0 Ilda Community
Kent Gardens,Week4,Brandywine,Week4,210.0 Brandywine - 192.0 Kent Gardens
Kent Gardens,Week1,Bren Mar-Edsall Park,Week3,362.0 Kent Gardens - 40.0 Bren Mar-Edsall Park
Hunter Mill,Week3,Riverside Gardens,Week5,226.0 Riverside Gardens - 176.0 Hunter Mill
Ilda Community,Week5,Stratford,Week2,219.0 Stratford - 183.0 Ilda Community
Hunter Mill,Week5,Riverside Gardens,Week1,210.0 Hunter Mill - 192.0 Riverside Gardens
Hunter Mill,Week2,Little Rocky Run,Week3,250.0 Little Rocky Run - 152.0 Hunter Mill
Ilda Community,Week2,Overlee,Week4,391.0 Overlee - 11.0 Ilda Community
Ilda Community,Week1,Overlee,Week3,364.0 Overlee - 38.0 Ilda Community
Hunter Mill,Week4,Riverside Gardens,Week4,228.0 Riverside Gardens - 174.0 Hunter Mill
Ilda Community,Week2,Fairfax Club Estates,Week1,233.0 Fairfax Club Estates - 168.0 Ilda Community
Hunter Mill,Week2,Little Rocky Run,Week2,220.0 Little Rocky Run - 182.0 Hunter Mill
Ilda Community,Week2,Fairfax,Week2,346.0 Fairfax - 56.0 Ilda Community
Hunter Mill,Week4,Herndon,Week1,347.0 Hunter Mill - 55.0 Herndon
Ilda Community,Week4,Chesterbrook,Week5,381.0 Chesterbrook - 21.0 Ilda Community
Hunter Mill,Week4,Hayfield Farm,Week3,240.0 Hunter Mill - 162.0 Hayfield Farm
Hunter Mill,Week2,Hunter Mill,Week4,237.0 Hunter Mill (HTM2) - 164.0 Hunter Mill (HTM1)
Ilda Community,Week3,Fairfax,Week3,324.0 Fairfax - 78.0 Ilda Community
Hunter Mill,Week2,Herndon,Week4,328.0 Hunter Mill - 73.0 Herndon
Hunter Mill,Week3,Little Hunting Park,Week2,294.0 Hunter Mill - 108.0 Little Hunting Park
Ilda Community,Week2,Sully Station,Week2,304.0 Sully Station - 98.0 Ilda Community
Ilda Community,Week1,Overlee,Week2,371.0 Overlee - 31.0 Ilda Community
Hunter Mill,Week1,Herndon,Week1,353.0 Hunter Mill - 44.0 Herndon
Hunter Mill,Week3,Hayfield Farm,Week2,243.0 Hunter Mill - 159.0 Hayfield Farm
Ilda Community,Week3,Overlee,Week3,371.0 Overlee - 31.0 Ilda Community
Kent Gardens,Week1,Bren Mar-Edsall Park,Week5,363.0 Kent Gardens - 39.0 Bren Mar-Edsall Park
Hunter Mill,Week4,Riverside Gardens,Week3,224.0 Riverside Gardens - 178.0 Hunter Mill
Ilda Community,Week3,Commonwealth,Week2,251.0 Commonwealth - 150.0 Ilda Community
Ilda Community,Week1,Sully Station,Week5,307.0 Sully Station - 91.0 Ilda Community
Hunter Mill,Week3,Hayfield Farm,Week3,226.0 Hunter Mill - 176.0 Hayfield Farm
Hunter Mill,Week2,Hunter Mill,Week5,254.0 Hunter Mill (HTM2) - 148.0 Hunter Mill (HTM1)
Ilda Community,Week3,Chesterbrook,Week3,386.0 Chesterbrook - 16.0 Ilda Community
Hunter Mill,Week5,Riverside Gardens,Week2,206.0 Hunter Mill - 196.0 Riverside Gardens
Ilda Community,Week1,Overlee,Week5,385.0 Overlee - 17.0 Ilda Community
Hunter Mill,Week3,Hunter Mill,Week2,220.0 Hunter Mill (HTM1) - 182.0 Hunter Mill (HTM2)
Kent Gardens,Week4,Brandywine,Week1,218.0 Kent Gardens - 184.0 Brandywine
Hunter Mill,Week1,Little Rocky Run,Week1,217.0 Little Rocky Run - 185.0 Hunter Mill
Ilda Community,Week2,Commonwealth,Week1,204.0 Commonwealth - 197.0 Ilda Community
Hunter Mill,Week5,Little Hunting Park,Week4,288.0 Hunter Mill - 114.0 Little Hunting Park
Ilda Community,Week2,Fairfax,Week1,315.0 Fairfax - 87.0 Ilda Community
Ilda Community,Week5,Fairfax,Week5,346.0 Fairfax - 55.0 Ilda Community
Kent Gardens,Week4,Brandywine,Week3,201.0 Brandywine - 200.0 Kent Gardens
Hunter Mill,Week5,Riverside Gardens,Week3,204.0 Riverside Gardens - 198.0 Hunter Mill
Ilda Community,Week2,Sully Station,Week3,311.0 Sully Station - 91.0 Ilda Community
Hunter Mill,Week3,Hunter Mill,Week4,216.0 Hunter Mill (HTM2) - 186.0 Hunter Mill (HTM1)
Ilda Community,Week4,Orange Hunt,Week2,255.0 Orange Hunt - 147.0 Ilda Community
Hunter Mill,Week5,Hayfield Farm,Week5,265.0 Hunter Mill - 137.0 Hayfield Farm
Ilda Community,Week4,Sully Station II,Week1,295.0 Sully Station II - 106.0 Ilda Community
Hunter Mill,Week3,Hunter Mill,Week5,238.0 Hunter Mill (HTM2) - 164.0 Hunter Mill (HTM1)
Hunter Mill,Week3,Hayfield Farm,Week1,250.0 Hunter Mill - 152.0 Hayfield Farm
Hunter Mill,Week3,Little Hunting Park,Week1,289.0 Hunter Mill - 113.0 Little Hunting Park
Ilda Community,Week1,Fairfax Club Estates,Week2,219.0 Fairfax Club Estates - 182.0 Ilda Community
Ilda Community,Week1,Fairfax Club Estates,Week1,228.0 Fairfax Club Estates - 170.0 Ilda Community
Ilda Community,Week2,Sully Station,Week5,318.0 Sully Station - 83.0 Ilda Community
Hunter Mill,Week4,Hunter Mill,Week1,208.0 Hunter Mill (HTM1) - 194.0 Hunter Mill (HTM2)
Ilda Community,Week2,Chesterbrook,Week4,388.0 Chesterbrook - 14.0 Ilda Community
Kent Gardens,Week3,Brandywine,Week4,216.0 Brandywine - 186.0 Kent Gardens
Ilda Community,Week4,Fairfax,Week1,304.0 Fairfax - 98.0 Ilda Community
Ilda Community,Week5,Chesterbrook,Week2,381.0 Chesterbrook - 21.0 Ilda Community
Hunter Mill,Week3,Hayfield Farm,Week4,240.0 Hunter Mill - 162.0 Hayfield Farm
Kent Gardens,Week2,Bren Mar-Edsall Park,Week2,367.0 Kent Gardens - 34.0 Bren Mar-Edsall Park
Ilda Community,Week2,Sully Station,Week4,319.0 Sully Station - 83.0 Ilda Community
Ilda Community,Week3,Sully Station,Week1,314.0 Sully Station - 88.0 Ilda Community
Ilda Community,Week1,Fairfax Club Estates,Week5,229.0 Fairfax Club Estates - 171.0 Ilda Community
Ilda Community,Week3,Commonwealth,Week1,199.0 Ilda Community - 197.0 Commonwealth
Hunter Mill,Week2,Little Hunting Park,Week5,262.0 Hunter Mill - 140.0 Little Hunting Park
Hunter Mill,Week4,Little Hunting Park,Week2,293.0 Hunter Mill - 108.0 Little Hunting Park
Ilda Community,Week1,Commonwealth,Week2,255.0 Commonwealth - 143.0 Ilda Community
Hunter Mill,Week5,Riverside Gardens,Week5,207.0 Riverside Gardens - 195.0 Hunter Mill
Hunter Mill,Week3,Herndon,Week1,340.0 Hunter Mill - 61.0 Herndon
Ilda Community,Week3,Overlee,Week4,386.0 Overlee - 16.0 Ilda Community
Kent Gardens,Week5,Brandywine,Week1,234.0 Kent Gardens - 168.0 Brandywine
Ilda Community,Week4,Orange Hunt,Week5,294.0 Orange Hunt - 107.0 Ilda Community
Hunter Mill,Week3,Rolling Forest,Week2,274.0 Hunter Mill - 128.0 Rolling Forest
Hunter Mill,Week1,Rolling Hills,Week5,279.0 Hunter Mill - 123.0 Rolling Hills
Hunter Mill,Week5,Little Hunting Park,Week1,301.0 Hunter Mill - 101.0 Little Hunting Park
Ilda Community,Week2,Fairfax,Week4,345.0 Fairfax - 57.0 Ilda Community
Kent Gardens,Week3,Brandywine,Week3,214.0 Brandywine - 188.0 Kent Gardens
Hunter Mill,Week4,Hunter Mill,Week2,237.0 Hunter Mill (HTM1) - 164.0 Hunter Mill (HTM2)
Ilda Community,Week3,Sully Station II,Week4,303.0 Sully Station II - 99.0 Ilda Community
Hunter Mill,Week1,Rolling Forest,Week2,269.0 Hunter Mill - 133.0 Rolling Forest
Ilda Community,Week5,Chesterbrook,Week5,381.0 Chesterbrook - 21.0 Ilda Community
Hunter Mill,Week4,Rolling Forest,Week2,263.0 Hunter Mill - 139.0 Rolling Forest
Kent Gardens,Week2,Bren Mar-Edsall Park,Week1,356.0 Kent Gardens - 46.0 Bren Mar-Edsall Park
Hunter Mill,Week5,Little Hunting Park,Week2,288.0 Hunter Mill - 114.0 Little Hunting Park
Ilda Community,Week2,Overlee,Week5,391.0 Overlee - 11.0 Ilda Community
Hunter Mill,Week4,Hayfield Farm,Week1,266.0 Hunter Mill - 136.0 Hayfield Farm
Ilda Community,Week4,Orange Hunt,Week4,266.0 Orange Hunt - 136.0 Ilda Community
Ilda Community,Week4,Chesterbrook,Week4,384.0 Chesterbrook - 18.0 Ilda Community
Hunter Mill,Week4,Hayfield Farm,Week4,261.0 Hunter Mill - 141.0 Hayfield Farm
Hunter Mill,Week2,Little Rocky Run,Week4,247.0 Little Rocky Run - 155.0 Hunter Mill
Ilda Community,Week5,Orange Hunt,Week5,303.0 Orange Hunt - 95.0 Ilda Community
Hunter Mill,Week1,Little Rocky Run,Week5,251.0 Little Rocky Run - 146.0 Hunter Mill
Hunter Mill,Week1,Herndon,Week2,351.0 Hunter Mill - 46.0 Herndon
Ilda Community,Week2,Fairfax,Week5,364.0 Fairfax - 38.0 Ilda Community
Hunter Mill,Week4,Hayfield Farm,Week2,266.5 Hunter Mill - 135.5 Hayfield Farm
Kent Gardens,Week5,Brandywine,Week4,232.0 Kent Gardens - 170.0 Brandywine
Ilda Community,Week4,Fairfax,Week4,312.5 Fairfax - 89.5 Ilda Community
Kent Gardens,Week2,Bren Mar-Edsall Park,Week3,357.0 Kent Gardens - 45.0 Bren Mar-Edsall Park
Kent Gardens,Week3,Brandywine,Week5,238.0 Brandywine - 164.0 Kent Gardens
Ilda Community,Week4,Sully Station,Week1,306.0 Sully Station - 96.0 Ilda Community
Hunter Mill,Week4,Little Hunting Park,Week3,293.0 Hunter Mill - 109.0 Little Hunting Park
Hunter Mill,Week3,Little Hunting Park,Week5,262.0 Hunter Mill - 140.0 Little Hunting Park
Ilda Community,Week4,Fairfax,Week5,337.0 Fairfax - 65.0 Ilda Community
Ilda Community,Week2,Overlee,Week1,378.0 Overlee - 24.0 Ilda Community
Ilda Community,Week3,Overlee,Week5,385.0 Overlee - 17.0 Ilda Community
Kent Gardens,Week5,Brandywine,Week5,215.0 Kent Gardens - 187.0 Brandywine
Ilda Community,Week4,Sully Station,Week4,305.0 Sully Station - 97.0 Ilda Community
Ilda Community,Week3,Chesterbrook,Week4,382.0 Chesterbrook - 20.0 Ilda Community
Ilda Community,Week3,Chesterbrook,Week5,379.0 Chesterbrook - 23.0 Ilda Community
Ilda Community,Week5,Orange Hunt,Week1,268.0 Orange Hunt - 134.0 Ilda Community
Ilda Community,Week4,Chesterbrook,Week1,364.0 Chesterbrook - 38.0 Ilda Community
Hunter Mill,Week1,Rolling Hills,Week2,263.0 Hunter Mill - 139.0 Rolling Hills
Hunter Mill,Week3,Rolling Forest,Week3,252.0 Hunter Mill - 150.0 Rolling Forest
Ilda Community,Week1,Sully Station II,Week1,298.5 Sully Station II - 103.5 Ilda Community
Hunter Mill,Week4,Rolling Forest,Week5,243.0 Hunter Mill - 159.0 Rolling Forest
Ilda Community,Week1,Commonwealth,Week5,237.0 Commonwealth - 164.0 Ilda Community
Hunter Mill,Week1,Rolling Forest,Week4,267.0 Hunter Mill - 135.0 Rolling Forest
Hunter Mill,Week3,Little Rocky Run,Week5,259.0 Little Rocky Run - 143.0 Hunter Mill
Hunter Mill,Week4,Little Rocky Run,Week1,212.0 Little Rocky Run - 190.0 Hunter Mill
Ilda Community,Week5,Chesterbrook,Week3,389.0 Chesterbrook - 13.0 Ilda Community
Ilda Community,Week4,Overlee,Week1,369.0 Overlee - 33.0 Ilda Community
Kent Gardens,Week1,Bren Mar-Edsall Park,Week1,369.0 Kent Gardens - 33.0 Bren Mar-Edsall Park
Ilda Community,Week2,Chesterbrook,Week5,386.0 Chesterbrook - 16.0 Ilda Community
Ilda Community,Week2,Overlee,Week3,368.0 Overlee - 34.0 Ilda Community
Hunter Mill,Week2,Herndon,Week1,333.0 Hunter Mill - 68.0 Herndon
Ilda Community,Week2,Fairfax Club Estates,Week2,219.0 Fairfax Club Estates - 183.0 Ilda Community
Hunter Mill,Week2,Rolling Hills,Week1,280.0 Hunter Mill - 122.0 Rolling Hills
Ilda Community,Week1,Fairfax Club Estates,Week3,214.0 Fairfax Club Estates - 184.0 Ilda Community
Kent Gardens,Week4,Brandywine,Week5,223.0 Brandywine - 179.0 Kent Gardens
Kent Gardens,Week2,Bren Mar-Edsall Park,Week4,350.5 Kent Gardens - 51.5 Bren Mar-Edsall Park
Ilda Community,Week4,Overlee,Week3,367.0 Overlee - 35.0 Ilda Community
Hunter Mill,Week3,Little Rocky Run,Week1,215.0 Little Rocky Run - 187.0 Hunter Mill
Ilda Community,Week5,Sully Station,Week4,312.0 Sully Station - 90.0 Ilda Community
Ilda Community,Week3,Sully Station,Week4,320.0 Sully Station - 82.0 Ilda Community
Ilda Community,Week3,Fairfax,Week2,329.0 Fairfax - 73.0 Ilda Community
Ilda Community,Week5,Sully Station,Week2,301.0 Sully Station - 101.0 Ilda Community
Ilda Community,Week4,Overlee,Week2,376.0 Overlee - 26.0 Ilda Community
Ilda Community,Week1,Sully Station II,Week3,329.0 Sully Station II - 73.0 Ilda Community
Hunter Mill,Week2,Rolling Forest,Week5,236.0 Hunter Mill - 166.0 Rolling Forest
Hunter Mill,Week3,Herndon,Week4,342.0 Hunter Mill - 60.0 Herndon
Ilda Community,Week2,Fairfax,Week3,345.0 Fairfax - 57.0 Ilda Community
Hunter Mill,Week1,Herndon,Week3,351.0 Hunter Mill - 46.0 Herndon
Hunter Mill,Week1,Rolling Hills,Week4,276.0 Hunter Mill - 126.0 Rolling Hills
Hunter Mill,Week3,Herndon,Week3,343.0 Hunter Mill - 59.0 Herndon
Kent Gardens,Week4,Bren Mar-Edsall Park,Week1,359.0 Kent Gardens - 43.0 Bren Mar-Edsall Park
Hunter Mill,Week2,Rolling Forest,Week3,232.0 Hunter Mill - 170.0 Rolling Forest
Ilda Community,Week4,Sully Station,Week3,295.0 Sully Station - 107.0 Ilda Community
Kent Gardens,Week2,Bren Mar-Edsall Park,Week5,353.0 Kent Gardens - 49.0 Bren Mar-Edsall Park
Ilda Community,Week1,Parklawn,Week5,221.0 Parklawn - 179.0 Ilda Community
Ilda Community,Week4,Sully Station,Week5,301.0 Sully Station - 100.0 Ilda Community
Hunter Mill,Week1,Long Branch,Week2,261.0 Hunter Mill - 141.0 Long Branch
Hunter Mill,Week3,Herndon,Week5,340.0 Hunter Mill - 62.0 Herndon
Ilda Community,Week3,Chesterbrook,Week1,364.0 Chesterbrook - 38.0 Ilda Community
Ilda Community,Week3,Parklawn,Week4,228.0 Parklawn - 169.0 Ilda Community
Hunter Mill,Week4,Herndon,Week2,357.0 Hunter Mill - 45.0 Herndon
Ilda Community,Week1,Fairfax Club Estates,Week4,240.0 Fairfax Club Estates - 161.0 Ilda Community
Hunter Mill,Week5,Herndon,Week1,347.0 Hunter Mill - 55.0 Herndon
Hunter Mill,Week3,Rolling Forest,Week1,260.0 Hunter Mill - 142.0 Rolling Forest
Ilda Community,Week4,Chesterbrook,Week3,385.0 Chesterbrook - 17.0 Ilda Community
Ilda Community,Week1,Commonwealth,Week3,239.0 Commonwealth - 162.0 Ilda Community
Hunter Mill,Week2,Rolling Forest,Week2,254.0 Hunter Mill - 148.0 Rolling Forest
Kent Gardens,Week3,Bren Mar-Edsall Park,Week5,346.0 Kent Gardens - 56.0 Bren Mar-Edsall Park
Ilda Community,Week5,Parklawn,Week4,220.0 Parklawn - 169.0 Ilda Community
Ilda Community,Week2,Fairfax Club Estates,Week3,218.5 Fairfax Club Estates - 182.5 Ilda Community
Hunter Mill,Week4,Little Rocky Run,Week5,246.0 Little Rocky Run - 156.0 Hunter Mill
Kent Gardens,Week5,Brandywine,Week2,238.0 Kent Gardens - 164.0 Brandywine
Hunter Mill,Week4,Long Branch,Week4,273.0 Hunter Mill - 129.0 Long Branch
Hunter Mill,Week5,Rolling Forest,Week2,289.0 Hunter Mill - 113.0 Rolling Forest
Ilda Community,Week1,Commonwealth,Week1,202.0 Commonwealth - 191.0 Ilda Community
Ilda Community,Week2,Parklawn,Week2,207.0 Parklawn - 193.0 Ilda Community
Ilda Community,Week2,Commonwealth,Week2,260.0 Commonwealth - 141.0 Ilda Community
Hunter Mill,Week2,Long Branch,Week1,266.0 Hunter Mill - 135.0 Long Branch
Ilda Community,Week1,Sully Station II,Week2,324.0 Sully Station II - 77.0 Ilda Community
Ilda Community,Week4,Fairfax,Week2,318.0 Fairfax - 84.0 Ilda Community
Kent Gardens,Week3,Bren Mar-Edsall Park,Week2,360.0 Kent Gardens - 40.0 Bren Mar-Edsall Park
Ilda Community,Week3,Parklawn,Week2,220.0 Parklawn - 179.0 Ilda Community
Ilda Community,Week1,Sully Station II,Week4,294.5 Sully Station II - 107.5 Ilda Community
Hunter Mill,Week4,Rolling Forest,Week1,267.0 Hunter Mill - 135.0 Rolling Forest
Kent Gardens,Week3,Bren Mar-Edsall Park,Week3,343.0 Kent Gardens - 59.0 Bren Mar-Edsall Park
Hunter Mill,Week4,Herndon,Week4,347.0 Hunter Mill - 55.0 Herndon
Hunter Mill,Week1,Long Branch,Week4,262.0 Hunter Mill - 140.0 Long Branch
Hunter Mill,Week4,Herndon,Week5,348.0 Hunter Mill - 54.0 Herndon
Hunter Mill,Week4,Little Rocky Run,Week2,208.0 Little Rocky Run - 194.0 Hunter Mill
Ilda Community,Week5,Fairfax,Week1,310.0 Fairfax - 92.0 Ilda Community
Ilda Community,Week3,Fairfax,Week5,343.0 Fairfax - 59.0 Ilda Community
Ilda Community,Week4,Sully Station,Week2,292.0 Sully Station - 110.0 Ilda Community
Ilda Community,Week2,Commonwealth,Week3,245.0 Commonwealth - 157.0 Ilda Community
Hunter Mill,Week5,Long Branch,Week5,277.0 Hunter Mill - 125.0 Long Branch
Ilda Community,Week5,Sully Station,Week5,319.0 Sully Station - 79.0 Ilda Community
Ilda Community,Week5,Overlee,Week2,384.0 Overlee - 18.0 Ilda Community
Ilda Community,Week5,Chesterbrook,Week4,384.0 Chesterbrook - 17.0 Ilda Community
Hunter Mill,Week5,Rolling Forest,Week4,284.0 Hunter Mill - 118.0 Rolling Forest
Ilda Community,Week3,Fairfax Club Estates,Week3,233.0 Fairfax Club Estates - 167.0 Ilda Community
Hunter Mill,Week3,Rolling Forest,Week5,247.0 Hunter Mill - 155.0 Rolling Forest
Kent Gardens,Week4,Bren Mar-Edsall Park,Week3,359.0 Kent Gardens - 43.0 Bren Mar-Edsall Park
Ilda Community,Week2,Commonwealth,Week4,216.0 Commonwealth - 186.0 Ilda Community
Hunter Mill,Week3,Long Branch,Week4,273.0 Hunter Mill - 129.0 Long Branch
Hunter Mill,Week4,Long Branch,Week1,269.0 Hunter Mill - 132.0 Long Branch
Ilda Community,Week3,Chesterbrook,Week2,375.0 Chesterbrook - 27.0 Ilda Community
Ilda Community,Week1,Sully Station II,Week5,331.0 Sully Station II - 71.0 Ilda Community
Hunter Mill,Week3,Rolling Forest,Week4,279.0 Hunter Mill - 123.0 Rolling Forest
Ilda Community,Week2,Sully Station II,Week1,309.0 Sully Station II - 93.0 Ilda Community
Ilda Community,Week4,Parklawn,Week5,217.0 Parklawn - 184.0 Ilda Community
Hunter Mill,Week5,Rolling Forest,Week3,281.0 Hunter Mill - 121.0 Rolling Forest
Hunter Mill,Week5,Herndon,Week4,343.0 Hunter Mill - 59.0 Herndon
Ilda Community,Week4,Parklawn,Week4,210.0 Parklawn - 187.0 Ilda Community
Ilda Community,Week3,Fairfax Club Estates,Week1,241.0 Fairfax Club Estates - 155.0 Ilda Community
Ilda Community,Week3,Fairfax Club Estates,Week5,250.0 Fairfax Club Estates - 150.0 Ilda Community
Ilda Community,Week3,Fairfax Club Estates,Week2,227.0 Fairfax Club Estates - 174.0 Ilda Community
Hunter Mill,Week5,Herndon,Week3,346.0 Hunter Mill - 56.0 Herndon
Hunter Mill,Week5,Herndon,Week5,346.0 Hunter Mill - 56.0 Herndon
Ilda Community,Week3,Sully Station,Week5,312.0 Sully Station - 89.0 Ilda Community
Kent Gardens,Week4,Bren Mar-Edsall Park,Week2,365.0 Kent Gardens - 37.0 Bren Mar-Edsall Park
Kent Gardens,Week5,Bren Mar-Edsall Park,Week4,364.0 Kent Gardens - 38.0 Bren Mar-Edsall Park
Hunter Mill,Week5,Herndon,Week2,348.0 Hunter Mill - 54.0 Herndon
Ilda Community,Week3,Fairfax Club Estates,Week4,251.0 Fairfax Club Estates - 151.0 Ilda Community
Hunter Mill,Week5,Rolling Forest,Week1,283.0 Hunter Mill - 119.0 Rolling Forest
Ilda Community,Week2,Commonwealth,Week5,243.0 Commonwealth - 159.0 Ilda Community
Ilda Community,Week1,Commonwealth,Week4,216.0 Commonwealth - 185.0 Ilda Community
Ilda Community,Week3,Parklawn,Week3,201.0 Ilda Community - 200.0 Parklawn
Hunter Mill,Week1,Rolling Forest,Week5,240.0 Hunter Mill - 162.0 Rolling Forest
Kent Gardens,Week1,Brookfield ,Week4,205.0 Kent Gardens - 197.0 Brookfield
Ilda Community,Week2,Fairfax Club Estates,Week5,237.0 Fairfax Club Estates - 164.0 Ilda Community
Kent Gardens,Week4,Brookfield ,Week4,225.0 Brookfield - 177.0 Kent Gardens
Ilda Community,Week2,Sully Station II,Week3,338.0 Sully Station II - 64.0 Ilda Community
Ilda Community,Week5,Sully Station,Week1,309.0 Sully Station - 93.0 Ilda Community
Hunter Mill,Week5,Little Rocky Run,Week2,205.0 Little Rocky Run - 197.0 Hunter Mill
Ilda Community,Week2,Cottontail,Week4,252.0 Cottontail - 150.0 Ilda Community
Hunter Mill,Week2,Rolling Forest,Week1,241.0 Hunter Mill - 161.0 Rolling Forest
Ilda Community,Week4,Fairfax Club Estates,Week1,214.0 Fairfax Club Estates - 187.0 Ilda Community
Ilda Community,Week5,Overlee,Week5,396.0 Overlee - 6.0 Ilda Community
Hunter Mill,Week1,Hiddenbrook,Week1,277.0 Hunter Mill - 125.0 Hiddenbrook
Kent Gardens,Week5,Bren Mar-Edsall Park,Week1,372.0 Kent Gardens - 30.0 Bren Mar-Edsall Park
Kent Gardens,Week5,Bren Mar-Edsall Park,Week5,367.0 Kent Gardens - 35.0 Bren Mar-Edsall Park
Hunter Mill,Week5,Little Rocky Run,Week3,227.0 Little Rocky Run - 175.0 Hunter Mill
Ilda Community,Week4,Chesterbrook,Week2,379.0 Chesterbrook - 23.0 Ilda Community
Hunter Mill,Week5,Rolling Forest,Week5,270.0 Hunter Mill - 132.0 Rolling Forest
Hunter Mill,Week5,Little Rocky Run,Week5,235.0 Little Rocky Run - 167.0 Hunter Mill
Hunter Mill,Week1,Mansion House,Week2,201.0 Mansion House - 196.0 Hunter Mill
Hunter Mill,Week1,Hiddenbrook,Week3,269.0 Hunter Mill - 133.0 Hiddenbrook
Ilda Community,Week3,Parklawn,Week1,200.0 Ilda Community - 192.0 Parklawn
Ilda Community,Week2,Parklawn,Week5,219.0 Parklawn - 182.0 Ilda Community
Ilda Community,Week2,Sully Station II,Week4,307.0 Sully Station II - 95.0 Ilda Community
Hunter Mill,Week1,Hiddenbrook,Week2,303.5 Hunter Mill - 93.5 Hiddenbrook
Ilda Community,Week3,Parklawn,Week5,231.0 Parklawn - 170.0 Ilda Community
Ilda Community,Week4,Fairfax Club Estates,Week4,228.0 Fairfax Club Estates - 174.0 Ilda Community
Ilda Community,Week4,Fairfax Club Estates,Week2,204.0 Ilda Community - 197.0 Fairfax Club Estates
Ilda Community,Week3,Sully Station II,Week2,325.0 Sully Station II - 76.0 Ilda Community
Ilda Community,Week5,Parklawn,Week1,217.0 Ilda Community - 172.0 Parklawn
Ilda Community,Week3,Fairfax Station,Week4,319.0 Fairfax Station - 83.0 Ilda Community
Hunter Mill,Week3,Long Branch,Week1,274.0 Hunter Mill - 128.0 Long Branch
Hunter Mill,Week4,Rolling Forest,Week4,274.0 Hunter Mill - 128.0 Rolling Forest
Hunter Mill,Week1,Rolling Hills,Week3,288.0 Hunter Mill - 109.0 Rolling Hills
Ilda Community,Week2,Sully Station II,Week5,343.0 Sully Station II - 59.0 Ilda Community
Ilda Community,Week3,Cottontail,Week5,258.0 Cottontail - 144.0 Ilda Community
Hunter Mill,Week1,Long Branch,Week3,277.0 Hunter Mill - 125.0 Long Branch
Ilda Community,Week4,Parklawn,Week1,229.0 Ilda Community - 163.0 Parklawn
Hunter Mill,Week2,Long Branch,Week2,256.0 Hunter Mill - 146.0 Long Branch
Ilda Community,Week1,Parklawn,Week2,217.0 Parklawn - 180.0 Ilda Community
Hunter Mill,Week2,Long Branch,Week5,257.0 Hunter Mill - 145.0 Long Branch
Ilda Community,Week4,Parklawn,Week3,230.0 Ilda Community - 171.0 Parklawn
Kent Gardens,Week2,Brookfield ,Week3,207.0 Brookfield - 195.0 Kent Gardens
Hunter Mill,Week2,Rolling Forest,Week4,257.0 Hunter Mill - 145.0 Rolling Forest
Kent Gardens,Week2,Brookfield ,Week1,230.0 Brookfield - 172.0 Kent Gardens
Ilda Community,Week3,Sully Station II,Week3,330.5 Sully Station II - 66.5 Ilda Community
Ilda Community,Week3,Cottontail,Week1,253.0 Cottontail - 149.0 Ilda Community
Ilda Community,Week3,Sully Station II,Week1,307.0 Sully Station II - 94.0 Ilda Community
Ilda Community,Week4,Fairfax Club Estates,Week5,221.0 Fairfax Club Estates - 179.0 Ilda Community
Kent Gardens,Week3,Brookfield ,Week1,224.0 Brookfield - 178.0 Kent Gardens
Ilda Community,Week5,Sully Station,Week3,312.0 Sully Station - 90.0 Ilda Community
Ilda Community,Week3,Cottontail,Week2,244.0 Cottontail - 158.0 Ilda Community
Kent Gardens,Week3,Brookfield ,Week4,218.0 Brookfield - 184.0 Kent Gardens
Hunter Mill,Week5,Little Rocky Run,Week4,212.0 Little Rocky Run - 190.0 Hunter Mill
Kent Gardens,Week3,Brookfield ,Week3,209.0 Brookfield - 193.0 Kent Gardens
Ilda Community,Week4,Fairfax Station,Week3,330.0 Fairfax Station - 72.0 Ilda Community
Hunter Mill,Week4,Rolling Forest,Week3,260.0 Hunter Mill - 142.0 Rolling Forest
Hunter Mill,Week2,Long Branch,Week3,273.0 Hunter Mill - 129.0 Long Branch
Ilda Community,Week5,Fairfax Club Estates,Week4,238.0 Fairfax Club Estates - 162.0 Ilda Community
Ilda Community,Week3,Cottontail,Week3,233.0 Cottontail - 169.0 Ilda Community
Ilda Community,Week2,Sully Station II,Week2,323.0 Sully Station II - 79.0 Ilda Community
Hunter Mill,Week1,Rolling Hills,Week1,278.0 Hunter Mill - 124.0 Rolling Hills
Ilda Community,Week3,Sully Station II,Week5,339.0 Sully Station II - 63.0 Ilda Community
Ilda Community,Week4,Cottontail,Week2,221.0 Cottontail - 181.0 Ilda Community
Ilda Community,Week1,Parklawn,Week1,212.0 Ilda Community - 172.0 Parklawn
Hunter Mill,Week1,Rolling Valley,Week4,313.0 Hunter Mill - 89.0 Rolling Valley
Kent Gardens,Week3,Brookfield ,Week2,208.0 Brookfield - 194.0 Kent Gardens
Ilda Community,Week1,Cottontail,Week3,235.0 Cottontail - 166.0 Ilda Community
Kent Gardens,Week1,Brookfield ,Week3,212.0 Kent Gardens - 190.0 Brookfield
Ilda Community,Week3,Commonwealth,Week3,239.0 Commonwealth - 162.0 Ilda Community
Hunter Mill,Week3,Long Branch,Week3,283.0 Hunter Mill - 119.0 Long Branch
Ilda Community,Week1,Cottontail,Week4,237.0 Cottontail - 165.0 Ilda Community
Hunter Mill,Week3,Long Branch,Week2,275.5 Hunter Mill - 126.5 Long Branch
Hunter Mill,Week2,Rolling Valley,Week5,310.0 Hunter Mill - 92.0 Rolling Valley
Kent Gardens,Week3,Brookfield ,Week5,205.0 Kent Gardens - 197.0 Brookfield
Hunter Mill,Week3,Rolling Hills,Week4,290.0 Hunter Mill - 112.0 Rolling Hills
Ilda Community,Week2,Fairfax Station,Week1,319.0 Fairfax Station - 83.0 Ilda Community
Ilda Community,Week5,Overlee,Week1,378.0 Overlee - 24.0 Ilda Community
Ilda Community,Week1,Fairfax Station,Week3,335.0 Fairfax Station - 66.0 Ilda Community
Hunter Mill,Week4,Rolling Hills,Week1,298.0 Hunter Mill - 104.0 Rolling Hills
Ilda Community,Week1,Parklawn,Week4,223.0 Parklawn - 169.0 Ilda Community
Hunter Mill,Week5,Little Rocky Run,Week1,203.0 Hunter Mill - 199.0 Little Rocky Run
Kent Gardens,Week4,Brookfield ,Week2,207.0 Brookfield - 195.0 Kent Gardens
Ilda Community,Week4,Sully Station II,Week4,291.0 Sully Station II - 111.0 Ilda Community
Ilda Community,Week4,Sully Station II,Week3,326.0 Sully Station II - 76.0 Ilda Community
Ilda Community,Week4,Sully Station II,Week2,314.0 Sully Station II - 87.0 Ilda Community
Kent Gardens,Week4,Brookfield ,Week5,203.0 Brookfield - 199.0 Kent Gardens
Ilda Community,Week2,Fairfax Station,Week3,341.0 Fairfax Station - 61.0 Ilda Community
Ilda Community,Week4,Sully Station II,Week5,332.0 Sully Station II - 70.0 Ilda Community
Ilda Community,Week4,Commonwealth,Week5,219.0 Commonwealth - 183.0 Ilda Community
Hunter Mill,Week2,Rolling Valley,Week1,342.5 Hunter Mill - 59.5 Rolling Valley
Ilda Community,Week5,Overlee,Week3,376.0 Overlee - 26.0 Ilda Community
Ilda Community,Week1,Fairfax Station,Week1,325.0 Fairfax Station - 77.0 Ilda Community
Ilda Community,Week4,Overlee,Week5,390.0 Overlee - 12.0 Ilda Community
Hunter Mill,Week3,Long Branch,Week5,265.0 Hunter Mill - 137.0 Long Branch
Ilda Community,Week3,Commonwealth,Week4,226.0 Commonwealth - 176.0 Ilda Community
Ilda Community,Week1,Parklawn,Week3,201.0 Ilda Community - 199.0 Parklawn
Hunter Mill,Week5,Rolling Hills,Week3,289.0 Hunter Mill - 113.0 Rolling Hills
Ilda Community,Week2,Fairfax Station,Week4,328.0 Fairfax Station - 74.0 Ilda Community
Kent Gardens,Week5,Brookfield ,Week2,251.0 Kent Gardens - 151.0 Brookfield
Hunter Mill,Week1,Long Branch,Week1,257.0 Hunter Mill - 140.0 Long Branch
Ilda Community,Week4,Commonwealth,Week1,222.0 Ilda Community - 178.0 Commonwealth
Ilda Community,Week4,Commonwealth,Week4,209.0 Commonwealth - 193.0 Ilda Community
Ilda Community,Week2,Fairfax Station,Week2,332.0 Fairfax Station - 70.0 Ilda Community
Ilda Community,Week5,Commonwealth,Week3,231.0 Commonwealth - 170.0 Ilda Community
Ilda Community,Week5,Fairfax Club Estates,Week3,223.0 Fairfax Club Estates - 174.0 Ilda Community
Ilda Community,Week5,Overlee,Week4,389.0 Overlee - 13.0 Ilda Community
Ilda Community,Week2,Parklawn,Week1,226.0 Ilda Community - 166.0 Parklawn
Ilda Community,Week5,Commonwealth,Week5,244.0 Commonwealth - 157.0 Ilda Community
Hunter Mill,Week4,Long Branch,Week2,282.0 Hunter Mill - 120.0 Long Branch
Ilda Community,Week5,Poplar Tree,Week2,284.0 Poplar Tree - 118.0 Ilda Community
Ilda Community,Week2,Fairfax Station,Week5,351.0 Fairfax Station - 51.0 Ilda Community
Ilda Community,Week4,Poplar Tree,Week3,288.0 Poplar Tree - 113.0 Ilda Community
Kent Gardens,Week2,Brookfield ,Week4,221.0 Brookfield - 181.0 Kent Gardens
Hunter Mill,Week3,Rolling Valley,Week2,323.0 Hunter Mill - 79.0 Rolling Valley
Ilda Community,Week2,Ravensworth Farm,Week4,305.0 Ravensworth Farm - 97.0 Ilda Community
Kent Gardens,Week1,Brookfield ,Week5,224.0 Kent Gardens - 178.0 Brookfield
Hunter Mill,Week5,Rolling Hills,Week5,298.0 Hunter Mill - 104.0 Rolling Hills
Kent Gardens,Week5,Brookfield ,Week1,225.0 Kent Gardens - 177.0 Brookfield
Ilda Community,Week2,Parklawn,Week3,209.5 Ilda Community - 191.5 Parklawn
Hunter Mill,Week4,Little Rocky Run,Week3,235.0 Little Rocky Run - 167.0 Hunter Mill
Ilda Community,Week2,Ravensworth Farm,Week1,293.0 Ravensworth Farm - 109.0 Ilda Community
Hunter Mill,Week3,Rolling Valley,Week4,319.0 Hunter Mill - 83.0 Rolling Valley
Ilda Community,Week3,Fairfax Station,Week2,329.0 Fairfax Station - 73.0 Ilda Community
Hunter Mill,Week4,Little Rocky Run,Week4,237.0 Little Rocky Run - 165.0 Hunter Mill
Ilda Community,Week5,Poplar Tree,Week5,320.0 Poplar Tree - 81.0 Ilda Community
Ilda Community,Week2,Cottontail,Week3,242.0 Cottontail - 160.0 Ilda Community
Ilda Community,Week3,Poplar Tree,Week4,268.0 Poplar Tree - 133.0 Ilda Community
Ilda Community,Week5,Commonwealth,Week4,227.0 Commonwealth - 174.0 Ilda Community
Kent Gardens,Week1,Brookfield ,Week2,225.0 Kent Gardens - 177.0 Brookfield
Ilda Community,Week1,Fairfax Station,Week4,325.0 Fairfax Station - 76.0 Ilda Community
Hunter Mill,Week3,Rolling Hills,Week1,278.0 Hunter Mill - 123.0 Rolling Hills
Hunter Mill,Week5,Long Branch,Week3,289.0 Hunter Mill - 113.0 Long Branch
Ilda Community,Week5,Poplar Tree,Week3,293.0 Poplar Tree - 109.0 Ilda Community
Ilda Community,Week1,Parliament,Week1,269.0 Parliament - 129.0 Ilda Community
Ilda Community,Week2,Parklawn,Week4,218.0 Parklawn - 179.0 Ilda Community
Ilda Community,Week2,Cottontail,Week2,251.0 Cottontail - 151.0 Ilda Community
Ilda Community,Week5,Fairfax Club Estates,Week2,212.0 Fairfax Club Estates - 187.0 Ilda Community
Hunter Mill,Week1,Long Branch,Week5,260.0 Hunter Mill - 142.0 Long Branch
Ilda Community,Week1,Parliament,Week2,240.0 Parliament - 161.0 Ilda Community
Hunter Mill,Week3,Rolling Hills,Week2,281.0 Hunter Mill - 121.0 Rolling Hills
Ilda Community,Week3,Ravensworth Farm,Week5,302.0 Ravensworth Farm - 100.0 Ilda Community
Ilda Community,Week2,Forest Hollow,Week2,287.0 Forest Hollow - 115.0 Ilda Community
Hunter Mill,Week4,Long Branch,Week3,291.0 Hunter Mill - 111.0 Long Branch
Ilda Community,Week1,Cottontail,Week1,248.0 Cottontail - 154.0 Ilda Community
Kent Gardens,Week2,Brookfield ,Week2,204.0 Brookfield - 198.0 Kent Gardens
Kent Gardens,Week4,Bren Mar-Edsall Park,Week5,355.0 Kent Gardens - 47.0 Bren Mar-Edsall Park
Ilda Community,Week4,Commonwealth,Week2,233.0 Commonwealth - 168.0 Ilda Community
Kent Gardens,Week5,Bren Mar-Edsall Park,Week2,375.0 Kent Gardens - 27.0 Bren Mar-Edsall Park
Kent Gardens,Week4,Brookfield ,Week1,226.0 Brookfield - 176.0 Kent Gardens
Ilda Community,Week1,Cottontail,Week2,238.0 Cottontail - 164.0 Ilda Community
Hunter Mill,Week2,Rolling Hills,Week2,274.0 Hunter Mill - 128.0 Rolling Hills
Ilda Community,Week4,Fairfax Station,Week1,315.0 Fairfax Station - 87.0 Ilda Community
Hunter Mill,Week2,Rolling Hills,Week5,277.0 Hunter Mill - 125.0 Rolling Hills
Ilda Community,Week2,Forest Hollow,Week3,305.0 Forest Hollow - 97.0 Ilda Community
Ilda Community,Week5,Parklawn,Week5,213.0 Parklawn - 184.0 Ilda Community
Ilda Community,Week3,Poplar Tree,Week2,276.0 Poplar Tree - 126.0 Ilda Community
Hunter Mill,Week4,Rolling Hills,Week2,289.0 Hunter Mill - 113.0 Rolling Hills
Hunter Mill,Week2,Long Branch,Week4,258.0 Hunter Mill - 144.0 Long Branch
Ilda Community,Week5,Parklawn,Week3,206.0 Ilda Community - 190.0 Parklawn
Ilda Community,Week5,Fairfax Club Estates,Week5,229.0 Fairfax Club Estates - 168.0 Ilda Community
Hunter Mill,Week4,Long Branch,Week5,270.0 Hunter Mill - 132.0 Long Branch
Ilda Community,Week4,Parklawn,Week2,207.5 Ilda Community - 191.5 Parklawn
Hunter Mill,Week2,Rolling Hills,Week3,277.0 Hunter Mill - 125.0 Rolling Hills
Ilda Community,Week5,Parklawn,Week2,207.0 Parklawn - 187.0 Ilda Community
Kent Gardens,Week5,Bren Mar-Edsall Park,Week3,366.0 Kent Gardens - 36.0 Bren Mar-Edsall Park
Ilda Community,Week5,Poplar Tree,Week4,276.0 Poplar Tree - 126.0 Ilda Community
Hunter Mill,Week5,Long Branch,Week2,279.0 Hunter Mill - 123.0 Long Branch
Ilda Community,Week3,Commonwealth,Week5,243.0 Commonwealth - 159.0 Ilda Community
Ilda Community,Week5,Commonwealth,Week1,207.0 Ilda Community - 191.0 Commonwealth
Ilda Community,Week3,Poplar Tree,Week3,291.0 Poplar Tree - 110.0 Ilda Community
Hunter Mill,Week1,Mansion House,Week1,212.0 Hunter Mill - 185.0 Mansion House
Kent Gardens,Week2,Brookfield ,Week5,204.0 Kent Gardens - 198.0 Brookfield
Hunter Mill,Week3,Rolling Hills,Week3,284.0 Hunter Mill - 118.0 Rolling Hills
Hunter Mill,Week5,Long Branch,Week1,280.0 Hunter Mill - 122.0 Long Branch
Kent Gardens,Week4,Brookfield ,Week3,207.0 Brookfield - 195.0 Kent Gardens
Ilda Community,Week3,Poplar Tree,Week1,288.0 Poplar Tree - 113.0 Ilda Community
Ilda Community,Week1,Parliament,Week3,257.0 Parliament - 144.0 Ilda Community
Hunter Mill,Week5,Mansion House,Week2,226.0 Hunter Mill - 176.0 Mansion House
Hunter Mill,Week4,Rolling Hills,Week4,302.0 Hunter Mill - 100.0 Rolling Hills
Hunter Mill,Week5,Long Branch,Week4,284.0 Hunter Mill - 118.0 Long Branch
Hunter Mill,Week4,Rolling Hills,Week3,298.0 Hunter Mill - 104.0 Rolling Hills
Ilda Community,Week5,Commonwealth,Week2,228.0 Commonwealth - 170.0 Ilda Community
Ilda Community,Week2,Parliament,Week1,267.0 Parliament - 133.0 Ilda Community
Ilda Community,Week5,Fairfax Station,Week5,350.0 Fairfax Station - 52.0 Ilda Community
Kent Gardens,Week1,Brookfield ,Week1,207.0 Brookfield - 195.0 Kent Gardens
Ilda Community,Week3,Fairfax Station,Week1,316.5 Fairfax Station - 85.5 Ilda Community
Hunter Mill,Week3,Rolling Hills,Week5,289.0 Hunter Mill - 113.0 Rolling Hills
Ilda Community,Week1,Ravensworth Farm,Week2,263.0 Ravensworth Farm - 138.0 Ilda Community
Ilda Community,Week4,Commonwealth,Week3,214.0 Commonwealth - 188.0 Ilda Community
Ilda Community,Week1,Parliament,Week4,249.0 Parliament - 152.0 Ilda Community
Ilda Community,Week1,Parliament,Week5,254.5 Parliament - 147.5 Ilda Community
Ilda Community,Week1,Ravensworth Farm,Week1,281.0 Ravensworth Farm - 121.0 Ilda Community
Kent Gardens,Week5,Brookfield ,Week3,247.0 Kent Gardens - 155.0 Brookfield
Ilda Community,Week4,Fairfax Club Estates,Week3,218.0 Fairfax Club Estates - 182.0 Ilda Community
Ilda Community,Week1,Fairfax Station,Week2,328.0 Fairfax Station - 74.0 Ilda Community
Ilda Community,Week3,Fairfax Station,Week5,339.0 Fairfax Station - 63.0 Ilda Community
Kent Gardens,Week1,Broyhill Crest,Week1,349.0 Kent Gardens - 52.0 Broyhill Crest
Ilda Community,Week2,Poplar Tree,Week5,324.5 Poplar Tree - 77.5 Ilda Community
Ilda Community,Week3,Fairfax Station,Week3,337.0 Fairfax Station - 65.0 Ilda Community
Ilda Community,Week1,Cottontail,Week5,264.0 Cottontail - 138.0 Ilda Community
Kent Gardens,Week5,Brookfield ,Week5,250.0 Kent Gardens - 152.0 Brookfield
Hunter Mill,Week4,Rolling Hills,Week5,299.0 Hunter Mill - 103.0 Rolling Hills
Ilda Community,Week4,Fairfax Station,Week5,330.0 Fairfax Station - 72.0 Ilda Community
Ilda Community,Week3,Truro,Week4,235.0 Truro - 167.0 Ilda Community
Kent Gardens,Week5,Brookfield ,Week4,222.0 Kent Gardens - 180.0 Brookfield
Hunter Mill,Week5,Rolling Hills,Week2,284.0 Hunter Mill - 118.0 Rolling Hills
Ilda Community,Week2,Cottontail,Week1,262.0 Cottontail - 140.0 Ilda Community
Hunter Mill,Week2,Mansion House,Week5,221.0 Mansion House - 181.0 Hunter Mill
Ilda Community,Week3,Parliament,Week3,259.0 Parliament - 142.0 Ilda Community
Ilda Community,Week3,Cottontail,Week4,245.0 Cottontail - 157.0 Ilda Community
Ilda Community,Week4,Poplar Tree,Week4,264.0 Poplar Tree - 137.0 Ilda Community
Hunter Mill,Week1,Rolling Valley,Week1,357.0 Hunter Mill - 45.0 Rolling Valley
Hunter Mill,Week1,Mantua,Week1,204.0 Mantua - 193.0 Hunter Mill
Ilda Community,Week1,Fairfax Station,Week5,344.0 Fairfax Station - 58.0 Ilda Community
Ilda Community,Week5,Parliament,Week3,255.0 Parliament - 146.0 Ilda Community
Hunter Mill,Week4,Mansion House,Week1,238.0 Hunter Mill - 164.0 Mansion House
Ilda Community,Week2,Cottontail,Week5,282.0 Cottontail - 120.0 Ilda Community
Ilda Community,Week2,Pinecrest,Week1,319.5 Pinecrest - 82.5 Ilda Community
Ilda Community,Week4,Poplar Tree,Week1,289.0 Poplar Tree - 112.0 Ilda Community
Ilda Community,Week2,Poplar Tree,Week4,274.0 Poplar Tree - 128.0 Ilda Community
Hunter Mill,Week5,Rolling Hills,Week4,289.0 Hunter Mill - 113.0 Rolling Hills
Ilda Community,Week2,Parliament,Week4,250.0 Parliament - 152.0 Ilda Community
Hunter Mill,Week2,Mansion House,Week4,219.0 Hunter Mill - 183.0 Mansion House
Hunter Mill,Week3,Mansion House,Week2,203.0 Hunter Mill - 199.0 Mansion House
Ilda Community,Week4,Fairfax Station,Week4,312.0 Fairfax Station - 90.0 Ilda Community
Hunter Mill,Week2,Rolling Hills,Week4,278.0 Hunter Mill - 124.0 Rolling Hills
Ilda Community,Week5,Cottontail,Week1,255.0 Cottontail - 147.0 Ilda Community
Ilda Community,Week5,Fairfax Club Estates,Week1,233.0 Fairfax Club Estates - 165.0 Ilda Community
Ilda Community,Week2,Truro,Week5,221.0 Truro - 181.0 Ilda Community
Ilda Community,Week5,Cottontail,Week2,239.0 Cottontail - 163.0 Ilda Community
Ilda Community,Week1,Pinecrest,Week5,318.0 Pinecrest - 84.0 Ilda Community
Hunter Mill,Week1,Rolling Valley,Week5,318.0 Hunter Mill - 84.0 Rolling Valley
Hunter Mill,Week3,Mansion House,Week5,204.0 Hunter Mill - 198.0 Mansion House
Ilda Community,Week4,Poplar Tree,Week5,306.0 Poplar Tree - 96.0 Ilda Community
Ilda Community,Week4,Cottontail,Week1,233.0 Cottontail - 169.0 Ilda Community
Ilda Community,Week5,Sully Station II,Week1,298.0 Sully Station II - 103.0 Ilda Community
Ilda Community,Week4,Fairfax Station,Week2,319.0 Fairfax Station - 83.0 Ilda Community
Ilda Community,Week4,Cottontail,Week3,225.0 Cottontail - 177.0 Ilda Community
Hunter Mill,Week2,Rolling Valley,Week2,311.0 Hunter Mill - 91.0 Rolling Valley
Ilda Community,Week1,Truro,Week1,220.0 Truro - 182.0 Ilda Community
Hunter Mill,Week1,Rolling Valley,Week2,321.0 Hunter Mill - 81.0 Rolling Valley
Ilda Community,Week3,Pinecrest,Week1,321.0 Pinecrest - 81.0 Ilda Community
Ilda Community,Week5,Cottontail,Week4,231.0 Cottontail - 171.0 Ilda Community
Hunter Mill,Week4,Mansion House,Week2,218.0 Hunter Mill - 184.0 Mansion House
Ilda Community,Week2,Truro,Week4,244.0 Truro - 158.0 Ilda Community
Ilda Community,Week1,Ravensworth Farm,Week4,287.0 Ravensworth Farm - 114.0 Ilda Community
Ilda Community,Week4,Cottontail,Week4,235.5 Cottontail - 166.5 Ilda Community
Hunter Mill,Week2,Mansion House,Week2,207.0 Mansion House - 195.0 Hunter Mill
Ilda Community,Week4,Cottontail,Week5,242.0 Cottontail - 160.0 Ilda Community
Hunter Mill,Week1,Mansion House,Week4,227.5 Hunter Mill - 169.5 Mansion House
Ilda Community,Week3,Pinecrest,Week3,338.0 Pinecrest - 64.0 Ilda Community
Ilda Community,Week3,Poplar Tree,Week5,313.0 Poplar Tree - 89.0 Ilda Community
Ilda Community,Week5,Fairfax Station,Week2,330.0 Fairfax Station - 72.0 Ilda Community
Hunter Mill,Week1,Mansion House,Week5,204.0 Mansion House - 198.0 Hunter Mill
Ilda Community,Week5,Poplar Tree,Week1,292.0 Poplar Tree - 110.0 Ilda Community
Hunter Mill,Week5,Rolling Hills,Week1,296.0 Hunter Mill - 106.0 Rolling Hills
Ilda Community,Week5,Parliament,Week1,273.0 Parliament - 124.0 Ilda Community
Ilda Community,Week5,Fairfax Station,Week3,345.0 Fairfax Station - 56.0 Ilda Community
Ilda Community,Week2,Truro,Week3,211.0 Truro - 191.0 Ilda Community
Ilda Community,Week3,Pinecrest,Week5,339.0 Pinecrest - 63.0 Ilda Community
Ilda Community,Week1,Ravensworth Farm,Week3,307.0 Ravensworth Farm - 95.0 Ilda Community
Ilda Community,Week5,Fairfax Station,Week1,333.0 Fairfax Station - 69.0 Ilda Community
Ilda Community,Week1,Ravensworth Farm,Week5,304.5 Ravensworth Farm - 97.5 Ilda Community
Hunter Mill,Week1,Rolling Valley,Week3,324.0 Hunter Mill - 78.0 Rolling Valley
Ilda Community,Week2,Parliament,Week3,260.0 Parliament - 142.0 Ilda Community
Hunter Mill,Week5,Mansion House,Week4,253.0 Hunter Mill - 149.0 Mansion House
Ilda Community,Week1,Truro,Week5,209.0 Truro - 193.0 Ilda Community
Hunter Mill,Week2,Rolling Valley,Week3,327.0 Hunter Mill - 75.0 Rolling Valley
Ilda Community,Week3,Parliament,Week4,246.0 Parliament - 151.0 Ilda Community
Hunter Mill,Week3,Mansion House,Week4,239.0 Hunter Mill - 163.0 Mansion House
Hunter Mill,Week3,Rolling Valley,Week1,351.0 Hunter Mill - 51.0 Rolling Valley
Ilda Community,Week5,Country Club Hills,Week5,277.0 Country Club Hills - 124.0 Ilda Community
Ilda Community,Week1,Forest Hollow,Week3,297.0 Forest Hollow - 105.0 Ilda Community
Ilda Community,Week5,Country Club Hills,Week3,250.0 Country Club Hills - 152.0 Ilda Community
Ilda Community,Week2,Ravensworth Farm,Week2,277.0 Ravensworth Farm - 125.0 Ilda Community
Ilda Community,Week4,Parliament,Week2,225.0 Parliament - 176.0 Ilda Community
Ilda Community,Week2,Ravensworth Farm,Week3,308.0 Ravensworth Farm - 94.0 Ilda Community
Ilda Community,Week2,Truro,Week2,203.0 Truro - 198.0 Ilda Community
Ilda Community,Week5,Sully Station II,Week5,342.5 Sully Station II - 59.5 Ilda Community
Ilda Community,Week2,Ravensworth Farm,Week5,317.0 Ravensworth Farm - 85.0 Ilda Community
Ilda Community,Week1,Forest Hollow,Week5,296.0 Forest Hollow - 106.0 Ilda Community
Ilda Community,Week1,Forest Hollow,Week2,285.0 Forest Hollow - 116.0 Ilda Community
Hunter Mill,Week5,Mansion House,Week3,228.0 Hunter Mill - 174.0 Mansion House
Ilda Community,Week4,Parliament,Week4,240.0 Parliament - 162.0 Ilda Community
Ilda Community,Week2,Country Club Hills,Week1,258.0 Country Club Hills - 144.0 Ilda Community
Ilda Community,Week5,Sully Station II,Week4,304.0 Sully Station II - 98.0 Ilda Community
Ilda Community,Week1,Truro,Week2,212.0 Ilda Community - 190.0 Truro
Ilda Community,Week4,Poplar Tree,Week2,277.0 Poplar Tree - 125.0 Ilda Community
Hunter Mill,Week3,Rolling Valley,Week3,335.0 Hunter Mill - 67.0 Rolling Valley
Ilda Community,Week1,Forest Hollow,Week1,279.0 Forest Hollow - 122.0 Ilda Community
Hunter Mill,Week2,Rolling Valley,Week4,301.0 Hunter Mill - 101.0 Rolling Valley
Hunter Mill,Week2,Mansion House,Week1,202.0 Mansion House - 200.0 Hunter Mill
Hunter Mill,Week1,Mantua,Week2,203.0 Hunter Mill - 199.0 Mantua
Ilda Community,Week4,Country Club Hills,Week1,225.0 Country Club Hills - 177.0 Ilda Community
Ilda Community,Week4,Parliament,Week3,241.0 Parliament - 161.0 Ilda Community
Ilda Community,Week1,Tuckahoe,Week2,373.0 Tuckahoe - 29.0 Ilda Community
Hunter Mill,Week4,Mansion House,Week4,249.0 Hunter Mill - 153.0 Mansion House
Ilda Community,Week4,Parliament,Week5,242.0 Parliament - 160.0 Ilda Community
Ilda Community,Week3,Truro,Week1,251.0 Truro - 151.0 Ilda Community
Ilda Community,Week4,Forest Hollow,Week1,276.0 Forest Hollow - 126.0 Ilda Community
Ilda Community,Week3,Ravensworth Farm,Week3,297.0 Ravensworth Farm - 105.0 Ilda Community
Hunter Mill,Week3,Rolling Valley,Week5,322.0 Hunter Mill - 80.0 Rolling Valley
Hunter Mill,Week3,Rutherford,Week3,295.0 Hunter Mill - 107.0 Rutherford
Ilda Community,Week5,Parliament,Week4,247.0 Parliament - 154.0 Ilda Community
Ilda Community,Week3,Ravensworth Farm,Week2,269.0 Ravensworth Farm - 133.0 Ilda Community
Ilda Community,Week1,Crosspointe,Week4,317.0 Crosspointe - 85.0 Ilda Community
Ilda Community,Week1,Country Club Hills,Week3,256.0 Country Club Hills - 146.0 Ilda Community
Ilda Community,Week2,Crosspointe,Week1,335.0 Crosspointe - 67.0 Ilda Community
Ilda Community,Week3,Truro,Week3,223.0 Truro - 179.0 Ilda Community
Ilda Community,Week3,Country Club Hills,Week4,248.0 Country Club Hills - 154.0 Ilda Community
Ilda Community,Week3,Parliament,Week5,267.0 Parliament - 128.0 Ilda Community
Ilda Community,Week3,Truro,Week2,204.0 Truro - 188.0 Ilda Community
Hunter Mill,Week1,Mantua,Week4,213.0 Mantua - 189.0 Hunter Mill
Ilda Community,Week1,Forest Hollow,Week4,300.0 Forest Hollow - 102.0 Ilda Community
Ilda Community,Week3,Ravensworth Farm,Week1,286.0 Ravensworth Farm - 116.0 Ilda Community
Ilda Community,Week3,Ravensworth Farm,Week4,286.0 Ravensworth Farm - 111.0 Ilda Community
Hunter Mill,Week4,Mansion House,Week5,223.0 Hunter Mill - 179.0 Mansion House
Hunter Mill,Week4,Rolling Valley,Week1,353.0 Hunter Mill - 49.0 Rolling Valley
Hunter Mill,Week1,Mantua,Week5,227.0 Mantua - 175.0 Hunter Mill
Ilda Community,Week3,Parliament,Week1,262.0 Parliament - 132.0 Ilda Community
Hunter Mill,Week4,Rolling Valley,Week2,329.0 Hunter Mill - 73.0 Rolling Valley
Ilda Community,Week5,Fairfax Station,Week4,327.0 Fairfax Station - 74.0 Ilda Community
Ilda Community,Week2,Forest Hollow,Week1,287.0 Forest Hollow - 115.0 Ilda Community
Ilda Community,Week1,Truro,Week4,235.0 Truro - 166.0 Ilda Community
Ilda Community,Week2,Tuckahoe,Week1,371.0 Tuckahoe - 31.0 Ilda Community
Ilda Community,Week4,Ravensworth Farm,Week1,274.0 Ravensworth Farm - 128.0 Ilda Community
Hunter Mill,Week1,Mantua,Week3,242.0 Mantua - 160.0 Hunter Mill
Ilda Community,Week1,Pinecrest,Week2,318.0 Pinecrest - 84.0 Ilda Community
Hunter Mill,Week3,Rutherford,Week4,289.0 Hunter Mill - 113.0 Rutherford
Ilda Community,Week3,Forest Hollow,Week4,287.0 Forest Hollow - 115.0 Ilda Community
Ilda Community,Week5,Forest Hollow,Week1,275.0 Forest Hollow - 126.0 Ilda Community
Ilda Community,Week4,Forest Hollow,Week3,280.0 Forest Hollow - 122.0 Ilda Community
Ilda Community,Week3,Tuckahoe,Week3,376.0 Tuckahoe - 26.0 Ilda Community
Hunter Mill,Week3,Rutherford,Week5,289.0 Hunter Mill - 113.0 Rutherford
Ilda Community,Week5,Cottontail,Week5,265.0 Cottontail - 137.0 Ilda Community
Ilda Community,Week4,Ravensworth Farm,Week4,273.0 Ravensworth Farm - 129.0 Ilda Community
Ilda Community,Week2,Forest Hollow,Week4,296.0 Forest Hollow - 106.0 Ilda Community
Ilda Community,Week2,Parliament,Week5,263.0 Parliament - 139.0 Ilda Community
Ilda Community,Week2,Truro,Week1,236.0 Truro - 166.0 Ilda Community
Ilda Community,Week2,Country Club Hills,Week2,262.0 Country Club Hills - 140.0 Ilda Community
Hunter Mill,Week5,Rolling Valley,Week1,361.0 Hunter Mill - 41.0 Rolling Valley
Hunter Mill,Week2,Rutherford,Week5,280.0 Hunter Mill - 122.0 Rutherford
Hunter Mill,Week3,Mansion House,Week3,211.0 Hunter Mill - 191.0 Mansion House
Ilda Community,Week1,Country Club Hills,Week4,250.0 Country Club Hills - 152.0 Ilda Community
Hunter Mill,Week3,Mansion House,Week1,222.0 Hunter Mill - 180.0 Mansion House
Hunter Mill,Week1,Mansion House,Week3,205.0 Mansion House - 197.0 Hunter Mill
Ilda Community,Week1,Truro,Week3,206.0 Ilda Community - 196.0 Truro
Ilda Community,Week5,Ravensworth Farm,Week4,283.5 Ravensworth Farm - 117.5 Ilda Community
Ilda Community,Week2,Parliament,Week2,250.0 Parliament - 151.0 Ilda Community
Ilda Community,Week5,Truro,Week1,221.5 Truro - 179.5 Ilda Community
Ilda Community,Week1,Country Club Hills,Week5,284.0 Country Club Hills - 117.0 Ilda Community
Ilda Community,Week5,Parliament,Week5,257.0 Parliament - 144.0 Ilda Community
Ilda Community,Week2,Country Club Hills,Week5,293.0 Country Club Hills - 109.0 Ilda Community
Hunter Mill,Week5,Mansion House,Week1,237.0 Hunter Mill - 165.0 Mansion House
Ilda Community,Week1,Pinecrest,Week1,313.0 Pinecrest - 89.0 Ilda Community
Hunter Mill,Week2,Rutherford,Week3,283.0 Hunter Mill - 119.0 Rutherford
Ilda Community,Week2,Riverside Gardens,Week3,331.0 Riverside Gardens - 71.0 Ilda Community
Ilda Community,Week5,Parliament,Week2,236.0 Parliament - 165.0 Ilda Community
Hunter Mill,Week2,Rutherford,Week2,296.0 Hunter Mill - 106.0 Rutherford
Ilda Community,Week3,Riverside Gardens,Week4,332.0 Riverside Gardens - 70.0 Ilda Community
Ilda Community,Week5,Sully Station II,Week3,338.0 Sully Station II - 64.0 Ilda Community
Ilda Community,Week3,Forest Hollow,Week2,285.0 Forest Hollow - 117.0 Ilda Community
Ilda Community,Week3,Country Club Hills,Week1,252.0 Country Club Hills - 145.0 Ilda Community
Hunter Mill,Week2,Mansion House,Week3,205.0 Mansion House - 197.0 Hunter Mill
Ilda Community,Week5,Forest Hollow,Week2,276.0 Forest Hollow - 125.0 Ilda Community
Hunter Mill,Week5,Rolling Valley,Week3,340.0 Hunter Mill - 62.0 Rolling Valley
Ilda Community,Week4,Ravensworth Farm,Week5,296.0 Ravensworth Farm - 106.0 Ilda Community
Ilda Community,Week4,Parliament,Week1,252.0 Parliament - 149.0 Ilda Community
Ilda Community,Week5,Sully Station II,Week2,323.0 Sully Station II - 78.0 Ilda Community
Ilda Community,Week2,Riverside Gardens,Week1,343.0 Riverside Gardens - 59.0 Ilda Community
Ilda Community,Week5,Truro,Week3,207.0 Truro - 195.0 Ilda Community
Hunter Mill,Week1,Rutherford,Week3,292.0 Hunter Mill - 110.0 Rutherford
Hunter Mill,Week4,Rolling Valley,Week5,327.0 Hunter Mill - 75.0 Rolling Valley
Ilda Community,Week1,Riverside Gardens,Week1,317.0 Riverside Gardens - 85.0 Ilda Community
Ilda Community,Week5,Forest Hollow,Week4,297.0 Forest Hollow - 105.0 Ilda Community
Hunter Mill,Week4,Mansion House,Week3,219.0 Hunter Mill - 183.0 Mansion House
Hunter Mill,Week1,Rutherford,Week2,307.0 Hunter Mill - 95.0 Rutherford
Ilda Community,Week2,Riverside Gardens,Week2,317.0 Riverside Gardens - 85.0 Ilda Community
Ilda Community,Week5,Cottontail,Week3,244.0 Cottontail - 157.0 Ilda Community
Ilda Community,Week2,Forest Hollow,Week5,306.0 Forest Hollow - 96.0 Ilda Community
Ilda Community,Week3,Truro,Week5,223.0 Truro - 173.0 Ilda Community
Ilda Community,Week4,Forest Hollow,Week2,271.0 Forest Hollow - 131.0 Ilda Community
Ilda Community,Week3,Country Club Hills,Week2,264.0 Country Club Hills - 138.0 Ilda Community
Ilda Community,Week1,Country Club Hills,Week2,256.0 Country Club Hills - 145.0 Ilda Community
Hunter Mill,Week3,Mantua,Week1,211.0 Hunter Mill - 191.0 Mantua
Hunter Mill,Week5,Mansion House,Week5,215.0 Hunter Mill - 187.0 Mansion House
Hunter Mill,Week5,Rolling Valley,Week4,333.0 Hunter Mill - 69.0 Rolling Valley
Hunter Mill,Week5,Mantua,Week2,216.0 Hunter Mill - 186.0 Mantua
Ilda Community,Week3,Parliament,Week2,255.0 Parliament - 141.0 Ilda Community
Ilda Community,Week2,Country Club Hills,Week3,250.0 Country Club Hills - 152.0 Ilda Community
Ilda Community,Week4,Forest Hollow,Week4,274.0 Forest Hollow - 128.0 Ilda Community
Ilda Community,Week1,Pinecrest,Week4,329.0 Pinecrest - 73.0 Ilda Community
Ilda Community,Week1,Riverside Gardens,Week3,314.0 Riverside Gardens - 88.0 Ilda Community
Ilda Community,Week2,Tuckahoe,Week2,378.0 Tuckahoe - 24.0 Ilda Community
Ilda Community,Week1,Pinecrest,Week3,325.0 Pinecrest - 77.0 Ilda Community
Ilda Community,Week2,Riverside Gardens,Week5,344.0 Riverside Gardens - 58.0 Ilda Community
Ilda Community,Week4,Country Club Hills,Week2,242.0 Country Club Hills - 160.0 Ilda Community
Hunter Mill,Week5,Rolling Valley,Week5,338.0 Hunter Mill - 64.0 Rolling Valley
Ilda Community,Week1,Fox Hunt,Week4,286.0 Fox Hunt - 115.0 Ilda Community
Ilda Community,Week1,Fox Hunt,Week2,282.0 Fox Hunt - 120.0 Ilda Community
Ilda Community,Week4,Truro,Week5,208.0 Ilda Community - 194.0 Truro
Hunter Mill,Week5,Mantua,Week1,216.0 Hunter Mill - 186.0 Mantua
Ilda Community,Week5,Forest Hollow,Week3,290.0 Forest Hollow - 112.0 Ilda Community
Hunter Mill,Week1,Rutherford,Week5,281.0 Hunter Mill - 121.0 Rutherford
Ilda Community,Week2,Riverside Gardens,Week4,341.0 Riverside Gardens - 61.0 Ilda Community
Ilda Community,Week5,Truro,Week5,213.0 Truro - 188.0 Ilda Community
Ilda Community,Week5,Truro,Week2,204.0 Truro - 196.0 Ilda Community
Ilda Community,Week1,Country Club Hills,Week1,260.0 Country Club Hills - 142.0 Ilda Community
Ilda Community,Week3,Riverside Gardens,Week5,322.0 Riverside Gardens - 80.0 Ilda Community
Hunter Mill,Week5,Mantua,Week5,205.0 Mantua - 197.0 Hunter Mill
Ilda Community,Week3,Country Club Hills,Week3,253.0 Country Club Hills - 149.0 Ilda Community
Hunter Mill,Week5,Rolling Valley,Week2,342.0 Hunter Mill - 60.0 Rolling Valley
Hunter Mill,Week2,Mantua,Week2,202.0 Hunter Mill - 200.0 Mantua
Ilda Community,Week3,Riverside Gardens,Week2,302.0 Riverside Gardens - 100.0 Ilda Community
Ilda Community,Week2,Pinecrest,Week5,332.0 Pinecrest - 70.0 Ilda Community
Hunter Mill,Week1,Rutherford,Week4,286.0 Hunter Mill - 116.0 Rutherford
Ilda Community,Week3,Country Club Hills,Week5,275.0 Country Club Hills - 127.0 Ilda Community
Ilda Community,Week1,Fox Hunt,Week3,292.0 Fox Hunt - 109.0 Ilda Community
Ilda Community,Week2,Pinecrest,Week2,331.0 Pinecrest - 71.0 Ilda Community
Ilda Community,Week2,Tuckahoe,Week3,380.0 Tuckahoe - 22.0 Ilda Community
Ilda Community,Week2,Pinecrest,Week4,336.5 Pinecrest - 65.5 Ilda Community
Ilda Community,Week2,Pinecrest,Week3,334.0 Pinecrest - 68.0 Ilda Community
Hunter Mill,Week5,Mantua,Week4,230.0 Hunter Mill - 172.0 Mantua
Ilda Community,Week5,Ravensworth Farm,Week3,299.0 Ravensworth Farm - 102.0 Ilda Community
Ilda Community,Week4,Country Club Hills,Week3,235.0 Country Club Hills - 167.0 Ilda Community
Ilda Community,Week4,Riverside Gardens,Week2,285.0 Riverside Gardens - 117.0 Ilda Community
Ilda Community,Week3,Pinecrest,Week4,345.0 Pinecrest - 57.0 Ilda Community
Hunter Mill,Week2,Mantua,Week1,204.0 Hunter Mill - 198.0 Mantua
Hunter Mill,Week5,Mantua,Week3,210.0 Mantua - 192.0 Hunter Mill
Hunter Mill,Week4,Mantua,Week2,224.0 Hunter Mill - 178.0 Mantua
Ilda Community,Week3,Pinecrest,Week2,332.0 Pinecrest - 70.0 Ilda Community
Ilda Community,Week4,Truro,Week3,211.5 Ilda Community - 190.5 Truro
Ilda Community,Week2,Fox Hunt,Week1,287.0 Fox Hunt - 115.0 Ilda Community
Ilda Community,Week4,Pinecrest,Week3,328.0 Pinecrest - 74.0 Ilda Community
Hunter Mill,Week3,Rutherford,Week2,309.0 Hunter Mill - 93.0 Rutherford
Ilda Community,Week5,Ravensworth Farm,Week5,308.0 Ravensworth Farm - 94.0 Ilda Community
Ilda Community,Week2,Country Club Hills,Week4,252.0 Country Club Hills - 150.0 Ilda Community
Ilda Community,Week4,Truro,Week2,211.5 Ilda Community - 190.5 Truro
Ilda Community,Week3,Forest Hollow,Week3,293.0 Forest Hollow - 109.0 Ilda Community
Hunter Mill,Week2,Rutherford,Week1,305.0 Hunter Mill - 96.0 Rutherford
Ilda Community,Week5,Ravensworth Farm,Week2,253.0 Ravensworth Farm - 148.0 Ilda Community
Ilda Community,Week1,Fox Hunt,Week5,310.0 Fox Hunt - 92.0 Ilda Community
Ilda Community,Week4,Riverside Gardens,Week1,305.0 Riverside Gardens - 97.0 Ilda Community
Hunter Mill,Week1,McLean,Week2,272.0 McLean - 130.0 Hunter Mill
Hunter Mill,Week4,Rolling Valley,Week3,335.0 Hunter Mill - 67.0 Rolling Valley
Hunter Mill,Week1,McLean,Week1,256.0 McLean - 146.0 Hunter Mill
Ilda Community,Week4,Pinecrest,Week2,319.0 Pinecrest - 83.0 Ilda Community
Ilda Community,Week4,Truro,Week4,225.0 Truro - 177.0 Ilda Community
Hunter Mill,Week4,Rolling Valley,Week4,325.0 Hunter Mill - 77.0 Rolling Valley
Hunter Mill,Week3,Rutherford,Week1,327.0 Hunter Mill - 75.0 Rutherford
Ilda Community,Week5,Country Club Hills,Week1,247.0 Country Club Hills - 155.0 Ilda Community
Ilda Community,Week5,Country Club Hills,Week2,254.0 Country Club Hills - 147.0 Ilda Community
Ilda Community,Week4,Ravensworth Farm,Week2,258.0 Ravensworth Farm - 144.0 Ilda Community
Ilda Community,Week1,Riverside Gardens,Week4,325.0 Riverside Gardens - 77.0 Ilda Community
Ilda Community,Week4,Pinewood Lake,Week4,338.0 Ilda Community - 56.0 Pinewood Lake
Ilda Community,Week1,Tuckahoe,Week4,373.0 Tuckahoe - 28.0 Ilda Community
Hunter Mill,Week2,Rutherford,Week4,289.0 Hunter Mill - 113.0 Rutherford
Ilda Community,Week3,Forest Hollow,Week5,300.0 Forest Hollow - 102.0 Ilda Community
Ilda Community,Week1,Tuckahoe,Week3,369.0 Tuckahoe - 33.0 Ilda Community
Ilda Community,Week4,Country Club Hills,Week5,259.0 Country Club Hills - 143.0 Ilda Community
Ilda Community,Week4,Pinewood Lake,Week2,338.0 Ilda Community - 56.0 Pinewood Lake
Ilda Community,Week3,Forest Hollow,Week1,288.0 Forest Hollow - 114.0 Ilda Community
Hunter Mill,Week3,Mantua,Week3,227.0 Mantua - 175.0 Hunter Mill
Ilda Community,Week4,Country Club Hills,Week4,232.0 Country Club Hills - 170.0 Ilda Community
Ilda Community,Week4,Forest Hollow,Week5,291.0 Forest Hollow - 111.0 Ilda Community
Ilda Community,Week1,Fox Hunt,Week1,273.0 Fox Hunt - 128.0 Ilda Community
Ilda Community,Week2,Tuckahoe,Week4,377.0 Tuckahoe - 25.0 Ilda Community
Ilda Community,Week4,Ravensworth Farm,Week3,287.0 Ravensworth Farm - 115.0 Ilda Community
Ilda Community,Week1,Crosspointe,Week3,311.0 Crosspointe - 85.0 Ilda Community
Hunter Mill,Week3,Mantua,Week4,217.0 Hunter Mill - 185.0 Mantua
Hunter Mill,Week2,Mantua,Week4,206.0 Mantua - 196.0 Hunter Mill
Ilda Community,Week1,Crosspointe,Week5,332.0 Crosspointe - 69.0 Ilda Community
Ilda Community,Week1,Tuckahoe,Week5,370.0 Tuckahoe - 32.0 Ilda Community
Ilda Community,Week5,Pinecrest,Week4,341.0 Pinecrest - 61.0 Ilda Community
Ilda Community,Week5,Forest Hollow,Week5,303.0 Forest Hollow - 99.0 Ilda Community
Ilda Community,Week1,Crosspointe,Week2,313.5 Crosspointe - 87.5 Ilda Community
Ilda Community,Week1,Riverside Gardens,Week2,301.0 Riverside Gardens - 101.0 Ilda Community
Ilda Community,Week4,Truro,Week1,220.0 Truro - 182.0 Ilda Community
Ilda Community,Week5,Truro,Week4,235.0 Truro - 166.0 Ilda Community
Ilda Community,Week3,Riverside Gardens,Week1,316.0 Riverside Gardens - 86.0 Ilda Community
Hunter Mill,Week1,Rutherford,Week1,323.0 Hunter Mill - 79.0 Rutherford
Ilda Community,Week5,Fox Hunt,Week4,267.0 Fox Hunt - 134.0 Ilda Community
Ilda Community,Week1,Fox Mill Estates,Week4,239.0 Fox Mill Estates - 163.0 Ilda Community
Hunter Mill,Week2,Mantua,Week5,233.5 Mantua - 168.5 Hunter Mill
Ilda Community,Week2,Tuckahoe,Week5,377.0 Tuckahoe - 25.0 Ilda Community
Ilda Community,Week2,Pinewood Lake,Week3,348.0 Ilda Community - 47.0 Pinewood Lake
Ilda Community,Week1,Pinewood Lake,Week2,330.0 Ilda Community - 57.0 Pinewood Lake
Ilda Community,Week2,Fox Mill Estates,Week3,233.0 Fox Mill Estates - 169.0 Ilda Community
Ilda Community,Week1,Crosspointe,Week1,336.0 Crosspointe - 66.0 Ilda Community
Ilda Community,Week4,Riverside Gardens,Week3,306.0 Riverside Gardens - 96.0 Ilda Community
Hunter Mill,Week1,McLean,Week3,267.0 McLean - 130.0 Hunter Mill
Ilda Community,Week5,Pinecrest,Week3,337.0 Pinecrest - 65.0 Ilda Community
Ilda Community,Week5,Country Club Hills,Week4,255.0 Country Club Hills - 147.0 Ilda Community
Ilda Community,Week4,Pinecrest,Week1,302.0 Pinecrest - 100.0 Ilda Community
Hunter Mill,Week3,Mantua,Week5,229.0 Mantua - 173.0 Hunter Mill
Ilda Community,Week1,Daventry,Week5,202.0 Daventry - 200.0 Ilda Community
Ilda Community,Week1,Riverside Gardens,Week5,327.0 Riverside Gardens - 75.0 Ilda Community
Ilda Community,Week4,Fox Hunt,Week1,256.0 Fox Hunt - 146.0 Ilda Community
Ilda Community,Week3,Tuckahoe,Week2,377.0 Tuckahoe - 25.0 Ilda Community
Ilda Community,Week4,Riverside Gardens,Week4,317.0 Riverside Gardens - 85.0 Ilda Community
Ilda Community,Week2,Fox Mill Estates,Week2,238.0 Fox Mill Estates - 164.0 Ilda Community
Ilda Community,Week5,Fox Hunt,Week5,310.0 Fox Hunt - 92.0 Ilda Community
Ilda Community,Week2,Daventry,Week4,256.0 Ilda Community - 146.0 Daventry
Hunter Mill,Week3,Mantua,Week2,215.0 Hunter Mill - 187.0 Mantua
Ilda Community,Week4,Tuckahoe,Week3,372.0 Tuckahoe - 30.0 Ilda Community
Ilda Community,Week5,Pinecrest,Week1,323.0 Pinecrest - 79.0 Ilda Community
Ilda Community,Week3,Tuckahoe,Week1,370.0 Tuckahoe - 32.0 Ilda Community
Ilda Community,Week2,Pinewood Lake,Week4,337.0 Ilda Community - 58.0 Pinewood Lake
Hunter Mill,Week4,Mantua,Week1,224.0 Hunter Mill - 178.0 Mantua
Ilda Community,Week3,Crosspointe,Week2,323.0 Crosspointe - 79.0 Ilda Community
Ilda Community,Week3,Riverside Gardens,Week3,320.0 Riverside Gardens - 82.0 Ilda Community
Ilda Community,Week3,Fox Hunt,Week5,302.0 Fox Hunt - 100.0 Ilda Community
Ilda Community,Week5,Pinecrest,Week5,337.0 Pinecrest - 64.0 Ilda Community
Ilda Community,Week1,Pinewood Lake,Week4,318.0 Ilda Community - 69.0 Pinewood Lake
Ilda Community,Week4,Crosspointe,Week2,300.0 Crosspointe - 102.0 Ilda Community
Ilda Community,Week3,Fox Mill Estates,Week1,209.0 Fox Mill Estates - 193.0 Ilda Community
Ilda Community,Week5,Ravensworth Farm,Week1,273.0 Ravensworth Farm - 129.0 Ilda Community
Ilda Community,Week5,Tuckahoe,Week2,379.0 Tuckahoe - 23.0 Ilda Community
Ilda Community,Week4,Riverside Gardens,Week5,314.0 Riverside Gardens - 88.0 Ilda Community
Ilda Community,Week1,Tuckahoe,Week1,365.0 Tuckahoe - 37.0 Ilda Community
Hunter Mill,Week4,Mantua,Week3,211.0 Mantua - 191.0 Hunter Mill
Ilda Community,Week3,Pinewood Lake,Week3,322.0 Ilda Community - 66.0 Pinewood Lake
Hunter Mill,Week4,Mantua,Week4,214.0 Hunter Mill - 188.0 Mantua
Hunter Mill,Week2,Mantua,Week3,240.0 Mantua - 162.0 Hunter Mill
Ilda Community,Week1,Fox Mill Estates,Week3,239.0 Fox Mill Estates - 163.0 Ilda Community
Ilda Community,Week2,Crosspointe,Week2,323.0 Crosspointe - 79.0 Ilda Community
Ilda Community,Week2,Fox Hunt,Week2,280.0 Fox Hunt - 122.0 Ilda Community
Ilda Community,Week2,Rolling Forest,Week2,250.0 Rolling Forest - 152.0 Ilda Community
Ilda Community,Week4,Pinewood Lake,Week1,343.0 Ilda Community - 47.0 Pinewood Lake
Ilda Community,Week3,Fox Hunt,Week2,272.0 Fox Hunt - 130.0 Ilda Community
Ilda Community,Week3,Pinewood Lake,Week1,319.0 Ilda Community - 59.0 Pinewood Lake
Ilda Community,Week5,Riverside Gardens,Week1,326.0 Riverside Gardens - 76.0 Ilda Community
Ilda Community,Week2,Crosspointe,Week4,329.0 Crosspointe - 73.0 Ilda Community
Ilda Community,Week5,Fox Hunt,Week2,267.0 Fox Hunt - 135.0 Ilda Community
Ilda Community,Week4,Crosspointe,Week1,320.0 Crosspointe - 82.0 Ilda Community
Ilda Community,Week2,Crosspointe,Week5,344.0 Crosspointe - 58.0 Ilda Community
Ilda Community,Week5,Riverside Gardens,Week2,310.0 Riverside Gardens - 92.0 Ilda Community
Ilda Community,Week5,Tuckahoe,Week3,376.0 Tuckahoe - 26.0 Ilda Community
Hunter Mill,Week4,Mantua,Week5,211.0 Mantua - 191.0 Hunter Mill
Ilda Community,Week1,Pinewood Lake,Week1,332.0 Ilda Community - 54.0 Pinewood Lake
Ilda Community,Week3,Rolling Forest,Week2,238.0 Rolling Forest - 164.0 Ilda Community
Ilda Community,Week5,Fox Hunt,Week3,279.0 Fox Hunt - 122.0 Ilda Community
Ilda Community,Week5,Tuckahoe,Week4,380.0 Tuckahoe - 21.0 Ilda Community
Ilda Community,Week3,Crosspointe,Week4,325.0 Crosspointe - 77.0 Ilda Community
Ilda Community,Week2,Pinewood Lake,Week5,322.0 Ilda Community - 73.0 Pinewood Lake
Ilda Community,Week3,Pinewood Lake,Week4,315.0 Ilda Community - 72.0 Pinewood Lake
Ilda Community,Week3,Tuckahoe,Week4,375.0 Tuckahoe - 27.0 Ilda Community
Ilda Community,Week1,Vienna Aquatic,Week2,339.0 Vienna Aquatic - 63.0 Ilda Community
Ilda Community,Week1,Rolling Hills,Week1,250.0 Rolling Hills - 152.0 Ilda Community
Ilda Community,Week4,Crosspointe,Week3,308.0 Crosspointe - 94.0 Ilda Community
Ilda Community,Week3,Tuckahoe,Week5,373.0 Tuckahoe - 29.0 Ilda Community
Ilda Community,Week4,Pinecrest,Week5,331.0 Pinecrest - 71.0 Ilda Community
Ilda Community,Week4,Rolling Forest,Week3,252.0 Rolling Forest - 150.0 Ilda Community
Ilda Community,Week5,Tuckahoe,Week5,376.0 Tuckahoe - 26.0 Ilda Community
Ilda Community,Week4,Pinecrest,Week4,333.0 Pinecrest - 69.0 Ilda Community
Ilda Community,Week1,Daventry,Week1,233.0 Ilda Community - 169.0 Daventry
Ilda Community,Week4,Fox Hunt,Week5,289.0 Fox Hunt - 113.0 Ilda Community
Ilda Community,Week1,Vienna Aquatic,Week3,341.0 Vienna Aquatic - 61.0 Ilda Community
Ilda Community,Week4,Tuckahoe,Week4,373.0 Tuckahoe - 29.0 Ilda Community
Ilda Community,Week4,Fox Hunt,Week4,265.0 Fox Hunt - 137.0 Ilda Community
Ilda Community,Week4,Crosspointe,Week5,327.0 Crosspointe - 75.0 Ilda Community
Ilda Community,Week5,Crosspointe,Week2,313.0 Crosspointe - 88.0 Ilda Community
Ilda Community,Week2,Rolling Forest,Week3,276.0 Rolling Forest - 126.0 Ilda Community
Ilda Community,Week2,Fox Hunt,Week5,316.0 Fox Hunt - 86.0 Ilda Community
Ilda Community,Week1,Vienna Aquatic,Week1,348.0 Vienna Aquatic - 54.0 Ilda Community
Ilda Community,Week1,Pinewood Lake,Week5,310.0 Ilda Community - 82.0 Pinewood Lake
Ilda Community,Week5,Riverside Gardens,Week5,335.5 Riverside Gardens - 66.5 Ilda Community
Ilda Community,Week3,Fox Hunt,Week4,284.0 Fox Hunt - 118.0 Ilda Community
Ilda Community,Week4,Tuckahoe,Week5,368.0 Tuckahoe - 34.0 Ilda Community
Ilda Community,Week3,Pinewood Lake,Week5,313.0 Ilda Community - 79.0 Pinewood Lake
Ilda Community,Week2,Rolling Forest,Week4,251.0 Rolling Forest - 151.0 Ilda Community
Ilda Community,Week3,Little Rocky Run,Week2,311.0 Little Rocky Run - 91.0 Ilda Community
Ilda Community,Week1,Fox Mill Estates,Week1,203.0 Fox Mill Estates - 199.0 Ilda Community
Ilda Community,Week1,Vienna Aquatic,Week4,332.0 Vienna Aquatic - 70.0 Ilda Community
Ilda Community,Week1,Pinewood Lake,Week3,336.5 Ilda Community - 50.5 Pinewood Lake
Ilda Community,Week4,Rolling Forest,Week2,234.0 Rolling Forest - 168.0 Ilda Community
Ilda Community,Week3,Fox Hunt,Week3,281.0 Fox Hunt - 121.0 Ilda Community
Ilda Community,Week2,Fox Hunt,Week4,295.0 Fox Hunt - 107.0 Ilda Community
Ilda Community,Week3,Fox Hunt,Week1,271.0 Fox Hunt - 131.0 Ilda Community
Ilda Community,Week3,Crosspointe,Week3,318.0 Crosspointe - 84.0 Ilda Community
Ilda Community,Week3,Little Rocky Run,Week4,323.0 Little Rocky Run - 79.0 Ilda Community
Ilda Community,Week5,Little Hunting Park,Week3,205.0 Little Hunting Park - 197.0 Ilda Community
Ilda Community,Week2,Pinewood Lake,Week2,341.0 Ilda Community - 54.0 Pinewood Lake
Ilda Community,Week5,Pinecrest,Week2,330.0 Pinecrest - 72.0 Ilda Community
Ilda Community,Week2,Pinewood Lake,Week1,348.0 Ilda Community - 45.0 Pinewood Lake
Ilda Community,Week1,Daventry,Week3,235.0 Ilda Community - 160.0 Daventry
Ilda Community,Week5,Tuckahoe,Week1,375.0 Tuckahoe - 27.0 Ilda Community
Ilda Community,Week3,Rolling Forest,Week4,259.0 Rolling Forest - 143.0 Ilda Community
Ilda Community,Week4,Tuckahoe,Week2,373.0 Tuckahoe - 29.0 Ilda Community
Ilda Community,Week1,Daventry,Week4,233.0 Ilda Community - 169.0 Daventry
Ilda Community,Week2,Daventry,Week1,239.0 Ilda Community - 163.0 Daventry
Ilda Community,Week1,Daventry,Week2,239.0 Ilda Community - 162.0 Daventry
Ilda Community,Week5,Rolling Forest,Week3,279.0 Rolling Forest - 123.0 Ilda Community
Ilda Community,Week2,Little Rocky Run,Week2,315.0 Little Rocky Run - 87.0 Ilda Community
Ilda Community,Week1,Rolling Forest,Week3,273.0 Rolling Forest - 129.0 Ilda Community
Ilda Community,Week4,Fox Hunt,Week2,251.0 Fox Hunt - 151.0 Ilda Community
Ilda Community,Week4,Rolling Forest,Week4,239.0 Rolling Forest - 163.0 Ilda Community
Ilda Community,Week2,Vienna Aquatic,Week3,355.0 Vienna Aquatic - 47.0 Ilda Community
Ilda Community,Week2,Rolling Forest,Week5,274.0 Rolling Forest - 128.0 Ilda Community
Ilda Community,Week1,Pleasant Valley,Week4,258.0 Ilda Community - 142.0 Pleasant Valley
Ilda Community,Week4,Tuckahoe,Week1,367.0 Tuckahoe - 35.0 Ilda Community
Ilda Community,Week4,Pinewood Lake,Week3,350.0 Ilda Community - 44.0 Pinewood Lake
Ilda Community,Week2,Vienna Aquatic,Week1,356.0 Vienna Aquatic - 46.0 Ilda Community
Ilda Community,Week2,Daventry,Week2,225.0 Ilda Community - 176.0 Daventry
Ilda Community,Week1,Rolling Forest,Week1,267.0 Rolling Forest - 135.0 Ilda Community
Ilda Community,Week2,Crosspointe,Week3,320.0 Crosspointe - 82.0 Ilda Community
Ilda Community,Week3,Pinewood Lake,Week2,310.0 Ilda Community - 73.0 Pinewood Lake
Hunter Mill,Week3,Hamlet,Week3,249.0 Hamlet - 153.0 Hunter Mill
Ilda Community,Week5,Little Rocky Run,Week1,307.0 Little Rocky Run - 94.0 Ilda Community
Ilda Community,Week5,Little Hunting Park,Week4,210.0 Little Hunting Park - 191.0 Ilda Community
Ilda Community,Week2,Vienna Aquatic,Week2,337.5 Vienna Aquatic - 64.5 Ilda Community
Ilda Community,Week3,Little Hunting Park,Week5,241.0 Little Hunting Park - 160.0 Ilda Community
Hunter Mill,Week3,Hamlet,Week1,234.0 Hamlet - 168.0 Hunter Mill
Ilda Community,Week5,Crosspointe,Week3,320.0 Crosspointe - 81.0 Ilda Community
Ilda Community,Week4,Fox Hunt,Week3,266.0 Fox Hunt - 136.0 Ilda Community
Ilda Community,Week4,Little Rocky Run,Week4,315.0 Little Rocky Run - 87.0 Ilda Community
Ilda Community,Week5,Pleasant Valley,Week2,244.0 Ilda Community - 150.0 Pleasant Valley
Ilda Community,Week2,Fox Hunt,Week3,292.0 Fox Hunt - 110.0 Ilda Community
Ilda Community,Week4,Crosspointe,Week4,306.0 Crosspointe - 96.0 Ilda Community
Ilda Community,Week1,Vienna Aquatic,Week5,358.0 Vienna Aquatic - 44.0 Ilda Community
Ilda Community,Week1,Rolling Forest,Week2,249.0 Rolling Forest - 152.0 Ilda Community
Ilda Community,Week2,Little Rocky Run,Week3,342.0 Little Rocky Run - 60.0 Ilda Community
Ilda Community,Week1,Fox Mill Estates,Week2,232.0 Fox Mill Estates - 170.0 Ilda Community
Ilda Community,Week2,Rolling Forest,Week1,251.0 Rolling Forest - 151.0 Ilda Community
Ilda Community,Week2,Pleasant Valley,Week5,228.0 Ilda Community - 174.0 Pleasant Valley
Ilda Community,Week2,Fox Mill Estates,Week5,243.0 Fox Mill Estates - 159.0 Ilda Community
Ilda Community,Week5,Vienna Aquatic,Week3,350.0 Vienna Aquatic - 52.0 Ilda Community
Ilda Community,Week1,Fox Mill Estates,Week5,241.0 Fox Mill Estates - 161.0 Ilda Community
Ilda Community,Week3,Rolling Forest,Week3,270.0 Rolling Forest - 132.0 Ilda Community
Ilda Community,Week3,Crosspointe,Week1,336.0 Crosspointe - 66.0 Ilda Community
Hunter Mill,Week1,Hayfield Farm,Week3,222.0 Hunter Mill - 180.0 Hayfield Farm
Ilda Community,Week1,Pleasant Valley,Week3,225.0 Ilda Community - 173.0 Pleasant Valley
Ilda Community,Week5,Riverside Gardens,Week3,327.0 Riverside Gardens - 75.0 Ilda Community
Ilda Community,Week4,Pleasant Valley,Week2,259.0 Ilda Community - 141.0 Pleasant Valley
Ilda Community,Week5,Rolling Forest,Week5,277.0 Rolling Forest - 125.0 Ilda Community
Ilda Community,Week1,Pleasant Valley,Week5,226.0 Ilda Community - 175.0 Pleasant Valley
Ilda Community,Week1,Rolling Forest,Week5,281.0 Rolling Forest - 121.0 Ilda Community
Ilda Community,Week5,Crosspointe,Week4,321.0 Crosspointe - 81.0 Ilda Community
Ilda Community,Week3,Crosspointe,Week5,338.0 Crosspointe - 64.0 Ilda Community
Ilda Community,Week4,Vienna Aquatic,Week2,331.0 Vienna Aquatic - 71.0 Ilda Community
Ilda Community,Week2,Fox Mill Estates,Week4,245.0 Fox Mill Estates - 157.0 Ilda Community
Ilda Community,Week4,Little Hunting Park,Week3,212.0 Ilda Community - 189.0 Little Hunting Park
Ilda Community,Week3,Pleasant Valley,Week3,208.0 Ilda Community - 193.0 Pleasant Valley
Ilda Community,Week1,Little Rocky Run,Week5,338.0 Little Rocky Run - 64.0 Ilda Community
Ilda Community,Week2,Vienna Aquatic,Week4,350.0 Vienna Aquatic - 52.0 Ilda Community
Ilda Community,Week3,Vienna Woods,Week2,350.0 Vienna Woods - 52.0 Ilda Community
Hunter Mill,Week2,Hayfield Farm,Week2,236.0 Hunter Mill - 166.0 Hayfield Farm
Ilda Community,Week4,Little Hunting Park,Week5,229.0 Little Hunting Park - 172.0 Ilda Community
Ilda Community,Week2,Pleasant Valley,Week2,236.5 Ilda Community - 163.5 Pleasant Valley
Hunter Mill,Week2,Hayfield Farm,Week3,222.0 Hunter Mill - 180.0 Hayfield Farm
Ilda Community,Week2,Fox Mill Estates,Week1,209.0 Fox Mill Estates - 193.0 Ilda Community
Ilda Community,Week3,Little Rocky Run,Week1,316.0 Little Rocky Run - 86.0 Ilda Community
Ilda Community,Week5,Crosspointe,Week5,335.0 Crosspointe - 66.0 Ilda Community
Hunter Mill,Week5,Hamlet,Week1,221.0 Hamlet - 181.0 Hunter Mill
Ilda Community,Week5,Crosspointe,Week1,333.5 Crosspointe - 68.5 Ilda Community
Ilda Community,Week2,Daventry,Week3,255.0 Ilda Community - 147.0 Daventry
Ilda Community,Week1,Fox Mill Woods,Week1,319.0 Fox Mill Woods - 83.0 Ilda Community
Ilda Community,Week5,Fox Hunt,Week1,250.0 Fox Hunt - 151.0 Ilda Community
Ilda Community,Week2,Fox Mill Woods,Week2,326.0 Fox Mill Woods - 76.0 Ilda Community
Ilda Community,Week4,Rolling Forest,Week5,264.0 Rolling Forest - 138.0 Ilda Community
Ilda Community,Week1,Little Rocky Run,Week2,317.0 Little Rocky Run - 85.0 Ilda Community
Ilda Community,Week2,Vienna Aquatic,Week5,362.0 Vienna Aquatic - 40.0 Ilda Community
Ilda Community,Week3,Little Hunting Park,Week4,209.0 Little Hunting Park - 193.0 Ilda Community
Ilda Community,Week5,Vienna Aquatic,Week1,356.0 Vienna Aquatic - 46.0 Ilda Community
Ilda Community,Week3,Rolling Forest,Week5,267.0 Rolling Forest - 135.0 Ilda Community
Hunter Mill,Week2,Hayfield Farm,Week4,231.0 Hunter Mill - 171.0 Hayfield Farm
Hunter Mill,Week5,Hamlet,Week3,226.0 Hamlet - 176.0 Hunter Mill
Ilda Community,Week2,Little Rocky Run,Week1,323.0 Little Rocky Run - 79.0 Ilda Community
Ilda Community,Week2,Pleasant Valley,Week4,249.0 Ilda Community - 151.0 Pleasant Valley
Hunter Mill,Week2,Hamlet,Week5,275.0 Hamlet - 127.0 Hunter Mill
Ilda Community,Week2,Daventry,Week5,205.0 Ilda Community - 197.0 Daventry
Ilda Community,Week3,Vienna Aquatic,Week5,356.0 Vienna Aquatic - 46.0 Ilda Community
Ilda Community,Week1,Fox Mill Woods,Week2,321.0 Fox Mill Woods - 80.0 Ilda Community
Ilda Community,Week5,Little Hunting Park,Week1,213.0 Little Hunting Park - 185.0 Ilda Community
Ilda Community,Week3,Rolling Forest,Week1,260.0 Rolling Forest - 142.0 Ilda Community
Ilda Community,Week5,Rolling Forest,Week4,263.0 Rolling Forest - 139.0 Ilda Community
Ilda Community,Week5,Rolling Forest,Week1,254.0 Rolling Forest - 148.0 Ilda Community
Ilda Community,Week5,Riverside Gardens,Week4,343.0 Riverside Gardens - 59.0 Ilda Community
Ilda Community,Week5,Daventry,Week2,225.0 Ilda Community - 173.0 Daventry
Ilda Community,Week4,Pinewood Lake,Week5,330.0 Ilda Community - 65.0 Pinewood Lake
Ilda Community,Week3,Fox Mill Woods,Week3,316.0 Fox Mill Woods - 86.0 Ilda Community
Ilda Community,Week4,Fox Mill Estates,Week4,234.5 Fox Mill Estates - 167.5 Ilda Community
Ilda Community,Week5,Pinewood Lake,Week4,324.0 Ilda Community - 62.0 Pinewood Lake
Ilda Community,Week3,Daventry,Week1,223.0 Ilda Community - 179.0 Daventry
Hunter Mill,Week1,Hayfield Farm,Week5,237.0 Hunter Mill - 165.0 Hayfield Farm
Ilda Community,Week4,Vienna Aquatic,Week1,343.0 Vienna Aquatic - 59.0 Ilda Community
Ilda Community,Week4,Vienna Aquatic,Week3,347.0 Vienna Aquatic - 55.0 Ilda Community
Ilda Community,Week3,Dominion Hills,Week3,291.0 Dominion Hills - 111.0 Ilda Community
Hunter Mill,Week2,Hayfield Farm,Week5,243.0 Hunter Mill - 159.0 Hayfield Farm
Ilda Community,Week3,Pleasant Valley,Week5,225.0 Ilda Community - 171.0 Pleasant Valley
Ilda Community,Week3,Vienna Aquatic,Week2,342.0 Vienna Aquatic - 60.0 Ilda Community
Hunter Mill,Week3,Hamlet,Week4,225.0 Hamlet - 176.0 Hunter Mill
Ilda Community,Week1,Little Rocky Run,Week3,328.0 Little Rocky Run - 74.0 Ilda Community
Ilda Community,Week5,Little Hunting Park,Week2,202.0 Ilda Community - 195.0 Little Hunting Park
Ilda Community,Week1,Fox Mill Woods,Week3,313.0 Fox Mill Woods - 89.0 Ilda Community
Ilda Community,Week1,Little Rocky Run,Week1,315.0 Little Rocky Run - 86.0 Ilda Community
Hunter Mill,Week4,Hamlet,Week3,239.0 Hamlet - 163.0 Hunter Mill
Ilda Community,Week5,Rolling Hills,Week1,240.0 Rolling Hills - 161.0 Ilda Community
Ilda Community,Week4,Fox Mill Estates,Week2,215.0 Fox Mill Estates - 187.0 Ilda Community
Ilda Community,Week5,Vienna Aquatic,Week5,361.0 Vienna Aquatic - 41.0 Ilda Community
Ilda Community,Week2,Pleasant Valley,Week3,209.0 Ilda Community - 192.0 Pleasant Valley
Ilda Community,Week1,Rolling Forest,Week4,261.0 Rolling Forest - 141.0 Ilda Community
Ilda Community,Week5,Rolling Forest,Week2,253.0 Rolling Forest - 148.0 Ilda Community
Hunter Mill,Week4,Hamlet,Week2,247.0 Hamlet - 155.0 Hunter Mill
Ilda Community,Week5,Pinewood Lake,Week2,326.0 Ilda Community - 62.0 Pinewood Lake
Ilda Community,Week4,Little Hunting Park,Week2,211.0 Ilda Community - 189.0 Little Hunting Park
Ilda Community,Week4,Little Hunting Park,Week4,211.0 Ilda Community - 191.0 Little Hunting Park
Ilda Community,Week1,Vienna Woods,Week4,330.0 Vienna Woods - 72.0 Ilda Community
Ilda Community,Week4,Rolling Forest,Week1,246.0 Rolling Forest - 156.0 Ilda Community
Ilda Community,Week3,Pleasant Valley,Week1,222.0 Ilda Community - 179.0 Pleasant Valley
Ilda Community,Week5,Fox Mill Estates,Week3,238.0 Fox Mill Estates - 163.0 Ilda Community
Ilda Community,Week5,Daventry,Week1,222.0 Ilda Community - 180.0 Daventry
Ilda Community,Week4,Pleasant Valley,Week3,228.0 Ilda Community - 173.0 Pleasant Valley
Hunter Mill,Week3,Hamlet,Week5,277.0 Hamlet - 125.0 Hunter Mill
Ilda Community,Week1,Vienna Woods,Week5,359.0 Vienna Woods - 43.0 Ilda Community
Ilda Community,Week3,Fox Mill Estates,Week2,236.0 Fox Mill Estates - 166.0 Ilda Community
Ilda Community,Week1,Dominion Hills,Week3,269.0 Dominion Hills - 132.0 Ilda Community
Ilda Community,Week2,Dominion Hills,Week5,310.0 Dominion Hills - 92.0 Ilda Community
Ilda Community,Week5,Daventry,Week5,202.0 Daventry - 199.0 Ilda Community
Hunter Mill,Week4,Hamlet,Week4,219.0 Hamlet - 183.0 Hunter Mill
Ilda Community,Week3,Fox Mill Estates,Week5,247.0 Fox Mill Estates - 155.0 Ilda Community
Ilda Community,Week4,Vienna Aquatic,Week4,337.0 Vienna Aquatic - 65.0 Ilda Community
Ilda Community,Week4,Little Hunting Park,Week1,202.0 Ilda Community - 199.0 Little Hunting Park
Ilda Community,Week4,Fox Mill Estates,Week5,222.0 Fox Mill Estates - 180.0 Ilda Community
Ilda Community,Week1,Fox Mill Woods,Week4,328.0 Fox Mill Woods - 74.0 Ilda Community
Ilda Community,Week3,Vienna Aquatic,Week3,353.0 Vienna Aquatic - 49.0 Ilda Community
Ilda Community,Week5,Little Hunting Park,Week5,237.0 Little Hunting Park - 164.0 Ilda Community
Ilda Community,Week5,Daventry,Week3,247.0 Ilda Community - 153.0 Daventry
Ilda Community,Week2,Little Rocky Run,Week5,346.0 Little Rocky Run - 56.0 Ilda Community
Ilda Community,Week2,Vienna Woods,Week4,354.0 Vienna Woods - 48.0 Ilda Community
Ilda Community,Week4,Fox Mill Estates,Week3,220.0 Fox Mill Estates - 182.0 Ilda Community
Ilda Community,Week2,Vienna Woods,Week5,373.0 Vienna Woods - 29.0 Ilda Community
Ilda Community,Week1,Pleasant Valley,Week1,236.0 Ilda Community - 164.0 Pleasant Valley
Ilda Community,Week1,Rolling Valley,Week3,219.0 Ilda Community - 183.0 Rolling Valley
Ilda Community,Week5,Pinewood Lake,Week1,332.0 Ilda Community - 57.0 Pinewood Lake
Ilda Community,Week5,Fox Mill Estates,Week2,231.0 Fox Mill Estates - 171.0 Ilda Community
Ilda Community,Week1,Little Rocky Run,Week4,319.0 Little Rocky Run - 83.0 Ilda Community
Hunter Mill,Week5,Hamlet,Week2,230.0 Hamlet - 172.0 Hunter Mill
Ilda Community,Week1,Dominion Hills,Week2,277.0 Dominion Hills - 125.0 Ilda Community
Ilda Community,Week5,Fox Mill Estates,Week5,227.0 Fox Mill Estates - 175.0 Ilda Community
Hunter Mill,Week5,Hamlet,Week4,205.0 Hunter Mill - 197.0 Hamlet
Ilda Community,Week1,Vienna Woods,Week3,358.0 Vienna Woods - 44.0 Ilda Community
Ilda Community,Week3,Rolling Hills,Week5,228.0 Rolling Hills - 174.0 Ilda Community
Ilda Community,Week3,Vienna Aquatic,Week1,357.0 Vienna Aquatic - 45.0 Ilda Community
Ilda Community,Week5,Pinewood Lake,Week3,337.0 Ilda Community - 51.0 Pinewood Lake
Ilda Community,Week1,Rolling Valley,Week4,218.0 Ilda Community - 183.0 Rolling Valley
Ilda Community,Week5,Pinewood Lake,Week5,317.0 Ilda Community - 71.0 Pinewood Lake
Ilda Community,Week2,Pleasant Valley,Week1,237.0 Ilda Community - 164.0 Pleasant Valley
Ilda Community,Week1,Rolling Valley,Week1,253.0 Ilda Community - 149.0 Rolling Valley
Ilda Community,Week2,Little Rocky Run,Week4,332.0 Little Rocky Run - 70.0 Ilda Community
Ilda Community,Week3,Vienna Woods,Week1,342.0 Vienna Woods - 60.0 Ilda Community
Ilda Community,Week1,Pleasant Valley,Week2,243.0 Ilda Community - 154.0 Pleasant Valley
Ilda Community,Week5,Rolling Hills,Week5,234.0 Rolling Hills - 168.0 Ilda Community
Ilda Community,Week1,Fox Mill Woods,Week5,318.0 Fox Mill Woods - 84.0 Ilda Community
Ilda Community,Week2,Dominion Hills,Week1,277.0 Dominion Hills - 125.0 Ilda Community
Ilda Community,Week5,Rolling Hills,Week4,238.0 Rolling Hills - 160.0 Ilda Community
Ilda Community,Week3,Little Rocky Run,Week3,333.0 Little Rocky Run - 69.0 Ilda Community
Hunter Mill,Week4,Hamlet,Week5,263.0 Hamlet - 139.0 Hunter Mill
Hunter Mill,Week1,Hayfield Farm,Week2,243.0 Hunter Mill - 159.0 Hayfield Farm
Hunter Mill,Week1,Hayfield Farm,Week1,232.0 Hunter Mill - 170.0 Hayfield Farm
Hunter Mill,Week3,Hamlet,Week2,245.0 Hamlet - 157.0 Hunter Mill
Ilda Community,Week3,Daventry,Week3,247.0 Ilda Community - 154.0 Daventry
Ilda Community,Week4,Daventry,Week2,241.0 Ilda Community - 160.0 Daventry
Ilda Community,Week2,Dominion Hills,Week3,279.0 Dominion Hills - 123.0 Ilda Community
Ilda Community,Week3,Little Rocky Run,Week5,335.0 Little Rocky Run - 62.0 Ilda Community
Hunter Mill,Week5,Hamlet,Week5,246.0 Hamlet - 156.0 Hunter Mill
Ilda Community,Week4,Pleasant Valley,Week1,256.0 Ilda Community - 145.0 Pleasant Valley
Ilda Community,Week2,Vienna Woods,Week1,347.0 Vienna Woods - 55.0 Ilda Community
Ilda Community,Week2,Dominion Hills,Week4,305.0 Dominion Hills - 96.0 Ilda Community
Ilda Community,Week3,Pleasant Valley,Week2,240.0 Ilda Community - 160.0 Pleasant Valley
Ilda Community,Week5,Vienna Aquatic,Week4,344.0 Vienna Aquatic - 58.0 Ilda Community
Ilda Community,Week1,Dominion Hills,Week4,290.0 Dominion Hills - 108.0 Ilda Community
Ilda Community,Week4,Little Rocky Run,Week2,297.0 Little Rocky Run - 105.0 Ilda Community
Ilda Community,Week3,Dominion Hills,Week1,276.0 Dominion Hills - 126.0 Ilda Community
Ilda Community,Week4,Vienna Aquatic,Week5,356.0 Vienna Aquatic - 46.0 Ilda Community
Hunter Mill,Week2,Hayfield Farm,Week1,241.0 Hunter Mill - 161.0 Hayfield Farm
Ilda Community,Week5,Rolling Hills,Week2,242.0 Rolling Hills - 160.0 Ilda Community
Ilda Community,Week4,Pleasant Valley,Week4,263.0 Ilda Community - 137.0 Pleasant Valley
Ilda Community,Week4,Pleasant Valley,Week5,245.0 Ilda Community - 156.0 Pleasant Valley
Hunter Mill,Week1,Hayfield Farm,Week4,235.0 Hunter Mill - 167.0 Hayfield Farm
Ilda Community,Week2,Vienna Woods,Week2,354.5 Vienna Woods - 47.5 Ilda Community
Ilda Community,Week4,Rolling Hills,Week1,223.0 Rolling Hills - 179.0 Ilda Community
Hunter Mill,Week4,Hamlet,Week1,229.0 Hamlet - 173.0 Hunter Mill
Ilda Community,Week5,Fox Mill Estates,Week4,240.0 Fox Mill Estates - 162.0 Ilda Community
Ilda Community,Week3,Daventry,Week5,199.0 Daventry - 197.0 Ilda Community
Ilda Community,Week3,Rolling Valley,Week1,248.0 Ilda Community - 153.0 Rolling Valley
Ilda Community,Week1,Dominion Hills,Week1,277.0 Dominion Hills - 125.0 Ilda Community
Ilda Community,Week4,Little Rocky Run,Week5,326.5 Little Rocky Run - 75.5 Ilda Community
Ilda Community,Week3,Pleasant Valley,Week4,249.0 Ilda Community - 152.0 Pleasant Valley
Ilda Community,Week4,Little Rocky Run,Week1,296.0 Little Rocky Run - 106.0 Ilda Community
Ilda Community,Week3,Fox Mill Estates,Week4,253.0 Fox Mill Estates - 149.0 Ilda Community
Ilda Community,Week2,Rolling Hills,Week2,233.0 Rolling Hills - 169.0 Ilda Community
Ilda Community,Week5,Fox Mill Estates,Week1,205.0 Fox Mill Estates - 197.0 Ilda Community
Ilda Community,Week4,Little Rocky Run,Week3,318.0 Little Rocky Run - 84.0 Ilda Community
Ilda Community,Week3,Fox Mill Estates,Week3,242.0 Fox Mill Estates - 160.0 Ilda Community
Ilda Community,Week5,Long Branch,Week1,217.0 Long Branch - 179.0 Ilda Community
Ilda Community,Week3,Long Branch,Week1,216.0 Long Branch - 180.0 Ilda Community
Ilda Community,Week3,Daventry,Week4,234.0 Ilda Community - 168.0 Daventry
Ilda Community,Week4,Fox Mill Estates,Week1,222.0 Ilda Community - 180.0 Fox Mill Estates
Hunter Mill,Week3,Dowden Terrace,Week3,254.0 Hunter Mill - 148.0 Dowden Terrace
Ilda Community,Week4,Daventry,Week1,238.0 Ilda Community - 164.0 Daventry
Ilda Community,Week1,Long Branch,Week1,214.0 Long Branch - 184.0 Ilda Community
Ilda Community,Week3,Poplar Heights,Week4,293.0 Poplar Heights - 109.0 Ilda Community
Ilda Community,Week2,Long Branch,Week4,233.0 Long Branch - 169.0 Ilda Community
Ilda Community,Week2,Vienna Woods,Week3,367.0 Vienna Woods - 35.0 Ilda Community
Ilda Community,Week1,Vienna Woods,Week1,335.0 Vienna Woods - 66.0 Ilda Community
Ilda Community,Week5,Long Branch,Week3,220.0 Long Branch - 182.0 Ilda Community
Hunter Mill,Week3,Dowden Terrace,Week4,235.0 Hunter Mill - 167.0 Dowden Terrace
Ilda Community,Week5,Poplar Heights,Week3,290.0 Poplar Heights - 112.0 Ilda Community
Ilda Community,Week1,Rolling Hills,Week3,244.0 Rolling Hills - 158.0 Ilda Community
Ilda Community,Week3,Poplar Heights,Week3,297.0 Poplar Heights - 105.0 Ilda Community
Ilda Community,Week2,Fox Mill Woods,Week1,332.0 Fox Mill Woods - 70.0 Ilda Community
Ilda Community,Week2,Rolling Hills,Week5,232.0 Rolling Hills - 170.0 Ilda Community
Ilda Community,Week2,Fox Mill Woods,Week4,326.0 Fox Mill Woods - 76.0 Ilda Community
Ilda Community,Week2,Rolling Hills,Week1,228.0 Rolling Hills - 174.0 Ilda Community
Ilda Community,Week4,Daventry,Week4,258.0 Ilda Community - 144.0 Daventry
Ilda Community,Week1,Vienna Woods,Week2,336.0 Vienna Woods - 66.0 Ilda Community
Ilda Community,Week2,Fox Mill Woods,Week3,317.0 Fox Mill Woods - 85.0 Ilda Community
Ilda Community,Week5,Vienna Aquatic,Week2,346.0 Vienna Aquatic - 56.0 Ilda Community
Ilda Community,Week5,Pleasant Valley,Week1,244.0 Ilda Community - 153.0 Pleasant Valley
Ilda Community,Week3,Rolling Hills,Week2,236.0 Rolling Hills - 166.0 Ilda Community
Ilda Community,Week3,Vienna Aquatic,Week4,349.0 Vienna Aquatic - 53.0 Ilda Community
Ilda Community,Week4,Daventry,Week3,257.0 Ilda Community - 145.0 Daventry
Ilda Community,Week1,Dominion Hills,Week5,292.0 Dominion Hills - 109.0 Ilda Community
Ilda Community,Week1,Poplar Tree,Week2,298.0 Poplar Tree - 104.0 Ilda Community
Ilda Community,Week4,Poplar Heights,Week2,274.0 Poplar Heights - 128.0 Ilda Community
Ilda Community,Week3,Fox Mill Woods,Week2,318.0 Fox Mill Woods - 84.0 Ilda Community
Ilda Community,Week1,Poplar Heights,Week3,294.0 Poplar Heights - 108.0 Ilda Community
Ilda Community,Week3,Dominion Hills,Week2,275.0 Dominion Hills - 127.0 Ilda Community
Ilda Community,Week3,Rolling Hills,Week1,237.0 Rolling Hills - 164.0 Ilda Community
Ilda Community,Week5,Little Rocky Run,Week5,343.0 Little Rocky Run - 59.0 Ilda Community
Ilda Community,Week2,Fox Mill Woods,Week5,320.0 Fox Mill Woods - 82.0 Ilda Community
Ilda Community,Week4,Long Branch,Week3,204.0 Long Branch - 198.0 Ilda Community
Ilda Community,Week5,Daventry,Week4,235.0 Ilda Community - 166.0 Daventry
Ilda Community,Week1,Long Branch,Week5,232.0 Long Branch - 170.0 Ilda Community
Hunter Mill,Week1,Dowden Terrace,Week4,229.0 Hunter Mill - 168.0 Dowden Terrace
Ilda Community,Week3,Daventry,Week2,213.0 Ilda Community - 188.0 Daventry
Ilda Community,Week4,Poplar Heights,Week3,277.5 Poplar Heights - 124.5 Ilda Community
Ilda Community,Week2,Rolling Hills,Week4,227.0 Rolling Hills - 174.0 Ilda Community
Ilda Community,Week5,Pleasant Valley,Week5,238.0 Ilda Community - 156.0 Pleasant Valley
Ilda Community,Week4,Fox Mill Woods,Week2,293.0 Fox Mill Woods - 109.0 Ilda Community
Ilda Community,Week2,Dominion Hills,Week2,290.0 Dominion Hills - 112.0 Ilda Community
Ilda Community,Week3,Villa Aquatic,Week1,255.0 Villa Aquatic - 147.0 Ilda Community
Ilda Community,Week3,Rolling Hills,Week4,236.0 Rolling Hills - 165.0 Ilda Community
Ilda Community,Week1,Rolling Hills,Week4,234.0 Rolling Hills - 167.0 Ilda Community
Hunter Mill,Week4,Dowden Terrace,Week2,241.0 Hunter Mill - 161.0 Dowden Terrace
Ilda Community,Week3,Fox Mill Woods,Week4,331.0 Fox Mill Woods - 71.0 Ilda Community
Ilda Community,Week3,Rolling Hills,Week3,233.0 Rolling Hills - 164.0 Ilda Community
Ilda Community,Week5,Little Rocky Run,Week3,332.0 Little Rocky Run - 70.0 Ilda Community
Ilda Community,Week5,Poplar Heights,Week5,311.0 Poplar Heights - 91.0 Ilda Community
Hunter Mill,Week3,Dowden Terrace,Week2,239.0 Hunter Mill - 163.0 Dowden Terrace
Ilda Community,Week3,Fox Mill Woods,Week5,319.0 Fox Mill Woods - 82.0 Ilda Community
Ilda Community,Week1,Mansion House,Week1,290.5 Mansion House - 111.5 Ilda Community
Ilda Community,Week4,Fox Mill Woods,Week3,299.0 Fox Mill Woods - 103.0 Ilda Community
Ilda Community,Week4,Vienna Woods,Week1,341.0 Vienna Woods - 61.0 Ilda Community
Ilda Community,Week1,Villa Aquatic,Week2,255.0 Villa Aquatic - 146.0 Ilda Community
Hunter Mill,Week1,Dowden Terrace,Week5,201.0 Dowden Terrace - 201.0 Hunter Mill
Ilda Community,Week4,Rolling Hills,Week5,216.0 Rolling Hills - 186.0 Ilda Community
Ilda Community,Week4,Daventry,Week5,222.0 Ilda Community - 180.0 Daventry
Ilda Community,Week2,Villa Aquatic,Week2,252.0 Villa Aquatic - 150.0 Ilda Community
Ilda Community,Week4,Vienna Woods,Week2,336.0 Vienna Woods - 66.0 Ilda Community
Ilda Community,Week3,Donaldson Run,Week1,345.0 Donaldson Run - 57.0 Ilda Community
Ilda Community,Week3,Poplar Heights,Week1,291.0 Poplar Heights - 111.0 Ilda Community
Ilda Community,Week4,Rolling Hills,Week4,235.0 Rolling Hills - 166.0 Ilda Community
Ilda Community,Week3,Fox Mill Woods,Week1,327.0 Fox Mill Woods - 75.0 Ilda Community
Ilda Community,Week1,Mansion House,Week2,278.0 Mansion House - 124.0 Ilda Community
Ilda Community,Week5,Vienna Woods,Week1,348.0 Vienna Woods - 53.0 Ilda Community
Ilda Community,Week4,Poplar Heights,Week4,278.0 Poplar Heights - 124.0 Ilda Community
Ilda Community,Week4,Villa Aquatic,Week4,261.0 Villa Aquatic - 141.0 Ilda Community
Ilda Community,Week2,Rolling Hills,Week3,232.0 Rolling Hills - 170.0 Ilda Community
Hunter Mill,Week1,Dowden Terrace,Week3,253.0 Hunter Mill - 149.0 Dowden Terrace
Ilda Community,Week4,Fox Mill Woods,Week1,306.0 Fox Mill Woods - 96.0 Ilda Community
Ilda Community,Week2,Long Branch,Week1,222.0 Long Branch - 179.0 Ilda Community
Ilda Community,Week5,Little Rocky Run,Week4,327.5 Little Rocky Run - 74.5 Ilda Community
Ilda Community,Week1,Rolling Hills,Week2,232.0 Rolling Hills - 170.0 Ilda Community
Ilda Community,Week2,Poplar Heights,Week3,294.0 Poplar Heights - 108.0 Ilda Community
Ilda Community,Week3,Great Falls,Week1,243.0 Great Falls - 159.0 Ilda Community
Ilda Community,Week4,Rolling Hills,Week2,221.0 Rolling Hills - 181.0 Ilda Community
Ilda Community,Week5,Vienna Woods,Week3,359.0 Vienna Woods - 43.0 Ilda Community
Ilda Community,Week2,Long Branch,Week2,236.0 Long Branch - 166.0 Ilda Community
Hunter Mill,Week3,Dowden Terrace,Week1,262.0 Hunter Mill - 140.0 Dowden Terrace
Ilda Community,Week2,Poplar Heights,Week1,289.0 Poplar Heights - 113.0 Ilda Community
Hunter Mill,Week1,Dowden Terrace,Week2,225.0 Hunter Mill - 177.0 Dowden Terrace
Ilda Community,Week4,Fox Mill Woods,Week5,304.0 Fox Mill Woods - 98.0 Ilda Community
Ilda Community,Week4,Donaldson Run,Week2,324.0 Donaldson Run - 78.0 Ilda Community
Ilda Community,Week5,Dominion Hills,Week3,279.0 Dominion Hills - 122.0 Ilda Community
Ilda Community,Week3,Donaldson Run,Week3,337.0 Donaldson Run - 65.0 Ilda Community
Ilda Community,Week4,Vienna Woods,Week3,354.0 Vienna Woods - 48.0 Ilda Community
Ilda Community,Week1,Rolling Hills,Week5,236.0 Rolling Hills - 166.0 Ilda Community
Ilda Community,Week1,Long Branch,Week2,223.0 Long Branch - 178.0 Ilda Community
Ilda Community,Week4,Poplar Heights,Week1,263.0 Poplar Heights - 139.0 Ilda Community
Ilda Community,Week1,Villa Aquatic,Week1,255.0 Villa Aquatic - 146.0 Ilda Community
Ilda Community,Week1,Long Branch,Week3,213.0 Long Branch - 189.0 Ilda Community
Ilda Community,Week4,Fox Mill Woods,Week4,316.0 Fox Mill Woods - 86.0 Ilda Community
Ilda Community,Week5,Dominion Hills,Week1,276.5 Dominion Hills - 125.5 Ilda Community
Hunter Mill,Week4,Dowden Terrace,Week1,252.0 Hunter Mill - 150.0 Dowden Terrace
Hunter Mill,Week3,Dowden Terrace,Week5,217.0 Hunter Mill - 185.0 Dowden Terrace
Ilda Community,Week5,Donaldson Run,Week1,337.0 Donaldson Run - 65.0 Ilda Community
Ilda Community,Week1,Donaldson Run,Week5,345.0 Donaldson Run - 56.0 Ilda Community
Ilda Community,Week2,Rolling Valley,Week2,238.0 Ilda Community - 164.0 Rolling Valley
Ilda Community,Week5,Rolling Hills,Week3,234.0 Rolling Hills - 168.0 Ilda Community
Ilda Community,Week5,Poplar Heights,Week1,286.0 Poplar Heights - 116.0 Ilda Community
Ilda Community,Week5,Great Falls,Week1,251.0 Great Falls - 150.0 Ilda Community
Ilda Community,Week2,Long Branch,Week5,234.0 Long Branch - 168.0 Ilda Community
Ilda Community,Week2,Villa Aquatic,Week5,288.0 Villa Aquatic - 114.0 Ilda Community
Ilda Community,Week2,Donaldson Run,Week2,339.0 Donaldson Run - 63.0 Ilda Community
Ilda Community,Week5,Pleasant Valley,Week4,258.0 Ilda Community - 137.0 Pleasant Valley
Hunter Mill,Week2,Dowden Terrace,Week3,233.5 Hunter Mill - 168.5 Dowden Terrace
Ilda Community,Week5,Little Rocky Run,Week2,318.0 Little Rocky Run - 84.0 Ilda Community
Ilda Community,Week4,Vienna Woods,Week4,340.0 Vienna Woods - 62.0 Ilda Community
Ilda Community,Week3,Long Branch,Week2,239.0 Long Branch - 163.0 Ilda Community
Ilda Community,Week2,Long Branch,Week3,210.0 Long Branch - 192.0 Ilda Community
Ilda Community,Week1,Rolling Valley,Week2,213.0 Ilda Community - 183.0 Rolling Valley
Ilda Community,Week3,Vienna Woods,Week5,367.0 Vienna Woods - 35.0 Ilda Community
Ilda Community,Week5,Fox Mill Woods,Week4,323.0 Fox Mill Woods - 79.0 Ilda Community
Ilda Community,Week4,Donaldson Run,Week4,326.0 Donaldson Run - 76.0 Ilda Community
Ilda Community,Week2,Great Falls,Week3,265.0 Great Falls - 137.0 Ilda Community
Ilda Community,Week5,Poplar Heights,Week2,300.0 Poplar Heights - 102.0 Ilda Community
Ilda Community,Week1,Villa Aquatic,Week3,304.0 Villa Aquatic - 98.0 Ilda Community
Ilda Community,Week1,Great Falls,Week1,237.5 Great Falls - 163.5 Ilda Community
Ilda Community,Week5,Poplar Heights,Week4,303.0 Poplar Heights - 99.0 Ilda Community
Ilda Community,Week4,Rolling Hills,Week3,230.0 Rolling Hills - 172.0 Ilda Community
Ilda Community,Week2,Villa Aquatic,Week4,289.0 Villa Aquatic - 113.0 Ilda Community
Ilda Community,Week2,Poplar Heights,Week4,300.0 Poplar Heights - 102.0 Ilda Community
Ilda Community,Week1,Great Falls,Week4,236.0 Great Falls - 166.0 Ilda Community
Ilda Community,Week3,Dominion Hills,Week5,305.0 Dominion Hills - 97.0 Ilda Community
Hunter Mill,Week1,Fox Mill Estates,Week3,268.0 Hunter Mill - 134.0 Fox Mill Estates
Hunter Mill,Week1,Dowden Terrace,Week1,242.0 Hunter Mill - 160.0 Dowden Terrace
Ilda Community,Week5,Dominion Hills,Week4,298.0 Dominion Hills - 100.0 Ilda Community
Ilda Community,Week1,Great Falls,Week3,264.0 Great Falls - 137.0 Ilda Community
Hunter Mill,Week2,Dowden Terrace,Week2,223.0 Hunter Mill - 179.0 Dowden Terrace
Ilda Community,Week4,Dominion Hills,Week2,271.0 Dominion Hills - 131.0 Ilda Community
Ilda Community,Week3,Vienna Woods,Week4,348.0 Vienna Woods - 49.0 Ilda Community
Ilda Community,Week4,Villa Aquatic,Week1,241.0 Villa Aquatic - 161.0 Ilda Community
Ilda Community,Week1,Poplar Heights,Week1,282.0 Poplar Heights - 120.0 Ilda Community
Hunter Mill,Week2,Dowden Terrace,Week5,207.0 Hunter Mill - 195.0 Dowden Terrace
Ilda Community,Week1,Poplar Heights,Week2,291.0 Poplar Heights - 111.0 Ilda Community
Ilda Community,Week2,Poplar Heights,Week2,299.0 Poplar Heights - 103.0 Ilda Community
Ilda Community,Week1,Poplar Heights,Week5,308.0 Poplar Heights - 94.0 Ilda Community
Ilda Community,Week3,Dominion Hills,Week4,293.0 Dominion Hills - 108.0 Ilda Community
Ilda Community,Week5,Villa Aquatic,Week2,239.0 Villa Aquatic - 162.0 Ilda Community
Ilda Community,Week5,Rolling Valley,Week4,226.0 Ilda Community - 175.0 Rolling Valley
Ilda Community,Week2,Rolling Valley,Week3,226.0 Ilda Community - 176.0 Rolling Valley
Ilda Community,Week1,Long Branch,Week4,238.0 Long Branch - 163.0 Ilda Community
Ilda Community,Week2,Rolling Valley,Week4,210.0 Ilda Community - 192.0 Rolling Valley
Ilda Community,Week3,Great Falls,Week2,252.0 Great Falls - 132.0 Ilda Community
Ilda Community,Week1,Great Falls,Week2,247.0 Great Falls - 136.0 Ilda Community
Ilda Community,Week2,Rolling Valley,Week1,255.0 Ilda Community - 147.0 Rolling Valley
Ilda Community,Week3,Long Branch,Week4,231.0 Long Branch - 171.0 Ilda Community
Ilda Community,Week5,Vienna Woods,Week2,350.0 Vienna Woods - 51.0 Ilda Community
Ilda Community,Week4,Great Falls,Week1,223.5 Great Falls - 177.5 Ilda Community
Ilda Community,Week5,Villa Aquatic,Week3,291.0 Villa Aquatic - 111.0 Ilda Community
Ilda Community,Week1,Poplar Heights,Week4,301.0 Poplar Heights - 101.0 Ilda Community
Ilda Community,Week4,Long Branch,Week2,210.0 Long Branch - 192.0 Ilda Community
Ilda Community,Week4,Dominion Hills,Week4,283.0 Dominion Hills - 118.0 Ilda Community
Ilda Community,Week5,Fox Mill Woods,Week5,316.0 Fox Mill Woods - 86.0 Ilda Community
Ilda Community,Week4,Rolling Valley,Week3,253.0 Ilda Community - 149.0 Rolling Valley
Hunter Mill,Week4,Dowden Terrace,Week3,264.0 Hunter Mill - 138.0 Dowden Terrace
Ilda Community,Week2,Rolling Valley,Week5,224.0 Ilda Community - 178.0 Rolling Valley
Ilda Community,Week1,Villa Aquatic,Week4,281.0 Villa Aquatic - 121.0 Ilda Community
Ilda Community,Week4,Dominion Hills,Week3,260.0 Dominion Hills - 142.0 Ilda Community
Ilda Community,Week4,Long Branch,Week4,203.0 Long Branch - 199.0 Ilda Community
Hunter Mill,Week5,Fox Hunt,Week2,256.0 Hunter Mill - 146.0 Fox Hunt
Ilda Community,Week3,Long Branch,Week3,221.0 Long Branch - 181.0 Ilda Community
Ilda Community,Week3,Long Branch,Week5,234.0 Long Branch - 168.0 Ilda Community
Ilda Community,Week1,Rolling Valley,Week5,216.0 Ilda Community - 186.0 Rolling Valley
Ilda Community,Week2,Great Falls,Week2,255.0 Great Falls - 129.0 Ilda Community
Ilda Community,Week5,Vienna Woods,Week4,350.0 Vienna Woods - 52.0 Ilda Community
Hunter Mill,Week4,Fox Hunt,Week3,236.0 Hunter Mill - 166.0 Fox Hunt
Ilda Community,Week3,Poplar Heights,Week5,306.0 Poplar Heights - 91.0 Ilda Community
Ilda Community,Week5,Dominion Hills,Week2,282.0 Dominion Hills - 120.0 Ilda Community
Ilda Community,Week3,Poplar Heights,Week2,300.0 Poplar Heights - 102.0 Ilda Community
Ilda Community,Week3,Rutherford,Week2,205.0 Rutherford - 197.0 Ilda Community
Ilda Community,Week4,Dominion Hills,Week5,288.0 Dominion Hills - 114.0 Ilda Community
Hunter Mill,Week1,Fox Hunt,Week5,214.0 Hunter Mill - 188.0 Fox Hunt
Ilda Community,Week5,Long Branch,Week4,230.0 Long Branch - 171.0 Ilda Community
Hunter Mill,Week2,Dowden Terrace,Week4,227.0 Hunter Mill - 175.0 Dowden Terrace
Ilda Community,Week4,Rutherford,Week2,222.0 Ilda Community - 180.0 Rutherford
Ilda Community,Week2,Villa Aquatic,Week3,308.0 Villa Aquatic - 94.0 Ilda Community
Ilda Community,Week4,Great Falls,Week3,255.0 Great Falls - 147.0 Ilda Community
Ilda Community,Week5,Fox Mill Woods,Week1,317.0 Fox Mill Woods - 85.0 Ilda Community
Hunter Mill,Week2,Dowden Terrace,Week1,245.0 Hunter Mill - 157.0 Dowden Terrace
Hunter Mill,Week5,Fox Hunt,Week5,229.5 Hunter Mill - 172.5 Fox Hunt
Ilda Community,Week5,Pleasant Valley,Week3,216.0 Ilda Community - 182.0 Pleasant Valley
Ilda Community,Week5,Long Branch,Week2,233.0 Long Branch - 167.0 Ilda Community
Ilda Community,Week3,Villa Aquatic,Week2,246.0 Villa Aquatic - 156.0 Ilda Community
Ilda Community,Week1,Donaldson Run,Week1,330.0 Donaldson Run - 72.0 Ilda Community
Ilda Community,Week2,Poplar Heights,Week5,313.0 Poplar Heights - 89.0 Ilda Community
Hunter Mill,Week4,Fox Hunt,Week2,262.0 Hunter Mill - 140.0 Fox Hunt
Ilda Community,Week4,Rolling Valley,Week4,228.0 Ilda Community - 174.0 Rolling Valley
Ilda Community,Week5,Fox Mill Woods,Week2,309.0 Fox Mill Woods - 92.0 Ilda Community
Ilda Community,Week4,Long Branch,Week5,227.0 Long Branch - 175.0 Ilda Community
Ilda Community,Week5,Dominion Hills,Week5,304.0 Dominion Hills - 97.0 Ilda Community
Ilda Community,Week4,Long Branch,Week1,204.0 Long Branch - 197.0 Ilda Community
Ilda Community,Week4,Vienna Woods,Week5,367.0 Vienna Woods - 35.0 Ilda Community
Ilda Community,Week1,Villa Aquatic,Week5,287.0 Villa Aquatic - 115.0 Ilda Community
Ilda Community,Week5,Long Branch,Week5,239.0 Long Branch - 162.0 Ilda Community
Ilda Community,Week1,Poplar Tree,Week4,281.0 Poplar Tree - 121.0 Ilda Community
Hunter Mill,Week3,Oakton ,Week5,243.5 Oakton - 158.5 Hunter Mill
Hunter Mill,Week5,Oakton ,Week1,215.0 Oakton - 187.0 Hunter Mill
Ilda Community,Week1,Donaldson Run,Week4,328.0 Donaldson Run - 74.0 Ilda Community
Ilda Community,Week4,Rutherford,Week1,209.0 Ilda Community - 192.0 Rutherford
Hunter Mill,Week2,Fox Hunt,Week1,233.0 Hunter Mill - 169.0 Fox Hunt
Ilda Community,Week1,Great Falls,Week5,257.0 Great Falls - 145.0 Ilda Community
Hunter Mill,Week2,Fox Hunt,Week5,204.0 Hunter Mill - 198.0 Fox Hunt
Ilda Community,Week3,Rolling Valley,Week5,208.0 Ilda Community - 194.0 Rolling Valley
Ilda Community,Week2,Villa Aquatic,Week1,254.0 Villa Aquatic - 148.0 Ilda Community
Hunter Mill,Week2,Fox Mill Estates,Week5,248.5 Hunter Mill - 153.5 Fox Mill Estates
Ilda Community,Week1,Donaldson Run,Week2,332.0 Donaldson Run - 70.0 Ilda Community
Ilda Community,Week4,Rolling Valley,Week5,233.0 Ilda Community - 169.0 Rolling Valley
Ilda Community,Week1,Poplar Tree,Week3,314.0 Poplar Tree - 88.0 Ilda Community
Ilda Community,Week3,Vienna Woods,Week3,357.0 Vienna Woods - 45.0 Ilda Community
Hunter Mill,Week4,Oakton ,Week1,215.0 Oakton - 187.0 Hunter Mill
Ilda Community,Week2,Great Falls,Week5,269.0 Great Falls - 133.0 Ilda Community
Ilda Community,Week1,Poplar Tree,Week1,294.0 Poplar Tree - 108.0 Ilda Community
Ilda Community,Week5,Hollin Hills,Week1,245.0 Ilda Community - 148.0 Hollin Hills
Ilda Community,Week4,Poplar Heights,Week5,283.0 Poplar Heights - 119.0 Ilda Community
Ilda Community,Week3,Great Falls,Week3,263.0 Great Falls - 134.0 Ilda Community
Ilda Community,Week2,Great Falls,Week4,244.0 Great Falls - 158.0 Ilda Community
Hunter Mill,Week3,Fox Hunt,Week5,238.0 Hunter Mill - 164.0 Fox Hunt
Ilda Community,Week3,Rolling Valley,Week2,220.0 Ilda Community - 182.0 Rolling Valley
Ilda Community,Week5,Hollin Hills,Week2,233.0 Ilda Community - 159.0 Hollin Hills
Ilda Community,Week2,Donaldson Run,Week1,350.0 Donaldson Run - 52.0 Ilda Community
Ilda Community,Week5,Great Falls,Week2,257.0 Great Falls - 126.0 Ilda Community
Ilda Community,Week2,Hollin Meadows,Week1,278.0 Hollin Meadows - 123.0 Ilda Community
Hunter Mill,Week4,Oakton ,Week3,245.0 Oakton - 157.0 Hunter Mill
Ilda Community,Week1,Hollin Meadows,Week2,258.0 Hollin Meadows - 139.0 Ilda Community
Hunter Mill,Week2,Old Keene Mill,Week4,286.0 Hunter Mill - 116.0 Old Keene Mill
Ilda Community,Week5,Rolling Valley,Week1,246.0 Ilda Community - 155.0 Rolling Valley
Hunter Mill,Week3,Fox Hunt,Week3,245.0 Hunter Mill - 157.0 Fox Hunt
Hunter Mill,Week1,Old Keene Mill,Week2,291.0 Hunter Mill - 111.0 Old Keene Mill
Ilda Community,Week3,Villa Aquatic,Week5,283.0 Villa Aquatic - 119.0 Ilda Community
Ilda Community,Week4,Villa Aquatic,Week2,236.0 Villa Aquatic - 166.0 Ilda Community
Hunter Mill,Week4,Oakton ,Week2,238.0 Oakton - 164.0 Hunter Mill
Ilda Community,Week2,Donaldson Run,Week4,340.0 Donaldson Run - 62.0 Ilda Community
Hunter Mill,Week3,Fox Hunt,Week2,261.0 Hunter Mill - 141.0 Fox Hunt
Ilda Community,Week1,Donaldson Run,Week3,339.0 Donaldson Run - 63.0 Ilda Community
Ilda Community,Week2,Donaldson Run,Week3,346.0 Donaldson Run - 56.0 Ilda Community
Hunter Mill,Week4,Fox Hunt,Week1,249.0 Hunter Mill - 153.0 Fox Hunt
Ilda Community,Week5,Vienna Woods,Week5,367.0 Vienna Woods - 35.0 Ilda Community
Ilda Community,Week4,Rolling Valley,Week1,266.0 Ilda Community - 135.0 Rolling Valley
Ilda Community,Week4,Dominion Hills,Week1,272.0 Dominion Hills - 130.0 Ilda Community
Ilda Community,Week1,Poplar Tree,Week5,325.0 Poplar Tree - 76.0 Ilda Community
Ilda Community,Week5,Fox Mill Woods,Week3,311.0 Fox Mill Woods - 91.0 Ilda Community
Ilda Community,Week4,Hollin Meadows,Week1,264.0 Hollin Meadows - 137.0 Ilda Community
Ilda Community,Week3,Great Falls,Week4,249.0 Great Falls - 147.0 Ilda Community
Ilda Community,Week2,Hollin Meadows,Week5,292.0 Hollin Meadows - 110.0 Ilda Community
Ilda Community,Week2,Donaldson Run,Week5,362.0 Donaldson Run - 40.0 Ilda Community
Ilda Community,Week4,Rolling Valley,Week2,238.0 Ilda Community - 164.0 Rolling Valley
Ilda Community,Week5,Rolling Valley,Week3,242.0 Ilda Community - 160.0 Rolling Valley
Ilda Community,Week3,Donaldson Run,Week2,325.0 Donaldson Run - 77.0 Ilda Community
Ilda Community,Week3,Hollin Meadows,Week2,263.0 Hollin Meadows - 139.0 Ilda Community
Hunter Mill,Week2,Fox Hunt,Week3,227.0 Hunter Mill - 175.0 Fox Hunt
Ilda Community,Week2,Poplar Tree,Week1,300.0 Poplar Tree - 102.0 Ilda Community
Ilda Community,Week1,Mansion House,Week4,261.0 Mansion House - 141.0 Ilda Community
Ilda Community,Week4,Villa Aquatic,Week3,288.0 Villa Aquatic - 114.0 Ilda Community
Ilda Community,Week1,Hollin Meadows,Week3,291.0 Hollin Meadows - 111.0 Ilda Community
Ilda Community,Week4,Greenbriar,Week1,262.0 Greenbriar - 140.0 Ilda Community
Ilda Community,Week5,Rolling Valley,Week5,225.0 Ilda Community - 177.0 Rolling Valley
Ilda Community,Week2,Poplar Tree,Week2,295.0 Poplar Tree - 107.0 Ilda Community
Hunter Mill,Week3,Oakton ,Week2,247.5 Oakton - 154.5 Hunter Mill
Ilda Community,Week2,Poplar Tree,Week3,300.0 Poplar Tree - 102.0 Ilda Community
Ilda Community,Week2,Great Falls,Week1,245.0 Great Falls - 156.0 Ilda Community
Ilda Community,Week5,Rolling Valley,Week2,230.0 Ilda Community - 171.0 Rolling Valley
Ilda Community,Week3,Villa Aquatic,Week3,293.0 Villa Aquatic - 109.0 Ilda Community
Ilda Community,Week3,Villa Aquatic,Week4,272.0 Villa Aquatic - 130.0 Ilda Community
Hunter Mill,Week5,Fox Hunt,Week1,258.0 Hunter Mill - 144.0 Fox Hunt
Ilda Community,Week5,Villa Aquatic,Week1,236.5 Villa Aquatic - 164.5 Ilda Community
Ilda Community,Week3,Rolling Valley,Week4,210.0 Ilda Community - 192.0 Rolling Valley
Ilda Community,Week4,Villa Aquatic,Week5,267.0 Villa Aquatic - 135.0 Ilda Community
Ilda Community,Week3,Donaldson Run,Week4,336.0 Donaldson Run - 66.0 Ilda Community
Hunter Mill,Week1,Old Keene Mill,Week5,273.0 Hunter Mill - 129.0 Old Keene Mill
Ilda Community,Week3,Donaldson Run,Week5,355.0 Donaldson Run - 47.0 Ilda Community
Ilda Community,Week3,Hollin Meadows,Week3,290.0 Hollin Meadows - 112.0 Ilda Community
Hunter Mill,Week4,Fox Hunt,Week5,236.0 Hunter Mill - 166.0 Fox Hunt
Ilda Community,Week4,Donaldson Run,Week1,329.0 Donaldson Run - 73.0 Ilda Community
Ilda Community,Week4,Great Falls,Week4,234.0 Great Falls - 168.0 Ilda Community
Ilda Community,Week1,Greenbriar,Week1,274.0 Greenbriar - 128.0 Ilda Community
Ilda Community,Week2,Mantua,Week1,304.0 Mantua - 98.0 Ilda Community
Hunter Mill,Week1,Fox Hunt,Week4,232.0 Hunter Mill - 170.0 Fox Hunt
Ilda Community,Week2,Hollin Meadows,Week3,297.0 Hollin Meadows - 105.0 Ilda Community
Ilda Community,Week1,Mansion House,Week5,288.0 Mansion House - 113.0 Ilda Community
Ilda Community,Week3,Village West,Week3,225.0 Village West - 177.0 Ilda Community
Hunter Mill,Week4,Fox Hunt,Week4,247.0 Hunter Mill - 155.0 Fox Hunt
Ilda Community,Week1,Holmes Run Acres,Week1,272.0 Holmes Run Acres - 129.0 Ilda Community
Hunter Mill,Week2,Fox Mill Estates,Week3,267.0 Hunter Mill - 135.0 Fox Mill Estates
Hunter Mill,Week2,Oakton ,Week4,249.0 Oakton - 153.0 Hunter Mill
Ilda Community,Week1,Rutherford,Week5,217.0 Rutherford - 185.0 Ilda Community
Ilda Community,Week3,Mansion House,Week1,287.0 Mansion House - 110.0 Ilda Community
Ilda Community,Week1,Mantua,Week4,315.0 Mantua - 87.0 Ilda Community
Ilda Community,Week2,Rutherford,Week1,202.0 Rutherford - 199.0 Ilda Community
Ilda Community,Week4,Great Falls,Week5,251.0 Great Falls - 151.0 Ilda Community
Hunter Mill,Week3,Oakton ,Week4,239.0 Oakton - 163.0 Hunter Mill
Ilda Community,Week2,Greenbriar,Week5,274.0 Greenbriar - 128.0 Ilda Community
Hunter Mill,Week4,Oakton ,Week5,251.0 Oakton - 151.0 Hunter Mill
Ilda Community,Week5,Hollin Hills,Week5,221.0 Ilda Community - 175.0 Hollin Hills
Ilda Community,Week3,Rolling Valley,Week3,234.0 Ilda Community - 168.0 Rolling Valley
Ilda Community,Week1,Rutherford,Week2,215.0 Rutherford - 186.0 Ilda Community
Hunter Mill,Week3,Oakton ,Week1,230.5 Oakton - 171.5 Hunter Mill
Ilda Community,Week3,Great Falls,Week5,263.0 Great Falls - 133.0 Ilda Community
Hunter Mill,Week2,Fox Hunt,Week4,232.0 Hunter Mill - 170.0 Fox Hunt
Ilda Community,Week4,Mansion House,Week5,278.0 Mansion House - 124.0 Ilda Community
Hunter Mill,Week5,Oakton ,Week2,222.0 Oakton - 180.0 Hunter Mill
Ilda Community,Week3,Mansion House,Week4,271.0 Mansion House - 126.0 Ilda Community
Ilda Community,Week4,Hollin Hills,Week5,251.0 Ilda Community - 150.0 Hollin Hills
Ilda Community,Week2,Village West,Week3,235.0 Village West - 167.0 Ilda Community
Ilda Community,Week1,Hollin Meadows,Week4,280.0 Hollin Meadows - 122.0 Ilda Community
Ilda Community,Week2,Mansion House,Week5,302.0 Mansion House - 100.0 Ilda Community
Hunter Mill,Week4,Oakton ,Week4,244.0 Oakton - 158.0 Hunter Mill
Ilda Community,Week4,Donaldson Run,Week3,327.0 Donaldson Run - 75.0 Ilda Community
Ilda Community,Week1,Rutherford,Week3,218.0 Rutherford - 183.0 Ilda Community
Ilda Community,Week5,Villa Aquatic,Week4,280.5 Villa Aquatic - 121.5 Ilda Community
Ilda Community,Week2,Village West,Week4,225.0 Village West - 172.0 Ilda Community
Ilda Community,Week4,Village West,Week5,203.0 Village West - 199.0 Ilda Community
Ilda Community,Week1,Rutherford,Week4,239.0 Rutherford - 162.0 Ilda Community
Ilda Community,Week1,Greenbriar,Week3,295.0 Greenbriar - 107.0 Ilda Community
Hunter Mill,Week2,Fox Hunt,Week2,246.0 Hunter Mill - 156.0 Fox Hunt
Ilda Community,Week4,Great Falls,Week2,243.0 Great Falls - 141.0 Ilda Community
Ilda Community,Week4,Hollin Meadows,Week3,270.0 Hollin Meadows - 132.0 Ilda Community
Hunter Mill,Week1,Fox Mill Estates,Week1,286.0 Hunter Mill - 116.0 Fox Mill Estates
Ilda Community,Week5,Donaldson Run,Week2,335.0 Donaldson Run - 67.0 Ilda Community
Ilda Community,Week5,Donaldson Run,Week3,334.0 Donaldson Run - 68.0 Ilda Community
Ilda Community,Week4,Donaldson Run,Week5,343.0 Donaldson Run - 59.0 Ilda Community
Ilda Community,Week3,Hollin Meadows,Week4,280.0 Hollin Meadows - 122.0 Ilda Community
Hunter Mill,Week5,Oakton ,Week3,210.0 Oakton - 192.0 Hunter Mill
Ilda Community,Week4,Mansion House,Week1,261.0 Mansion House - 141.0 Ilda Community
Ilda Community,Week2,Greenbriar,Week3,294.0 Greenbriar - 108.0 Ilda Community
Ilda Community,Week2,Greenbriar,Week4,263.0 Greenbriar - 139.0 Ilda Community
Ilda Community,Week3,Greenbriar,Week1,286.0 Greenbriar - 116.0 Ilda Community
Ilda Community,Week4,Village West,Week1,202.0 Ilda Community - 199.0 Village West
Ilda Community,Week5,Villa Aquatic,Week5,297.0 Villa Aquatic - 105.0 Ilda Community
Hunter Mill,Week3,Fox Hunt,Week1,263.0 Hunter Mill - 139.0 Fox Hunt
Ilda Community,Week2,Rutherford,Week2,206.0 Rutherford - 196.0 Ilda Community
Hunter Mill,Week1,Fox Mill Estates,Week2,271.0 Hunter Mill - 131.0 Fox Mill Estates
Ilda Community,Week5,Great Falls,Week5,262.0 Great Falls - 139.0 Ilda Community
Hunter Mill,Week3,Oakton ,Week3,232.0 Oakton - 170.0 Hunter Mill
Hunter Mill,Week5,Fox Hunt,Week4,260.0 Hunter Mill - 142.0 Fox Hunt
Ilda Community,Week5,Hollin Meadows,Week2,266.0 Hollin Meadows - 136.0 Ilda Community
Ilda Community,Week3,Mansion House,Week2,268.0 Mansion House - 129.0 Ilda Community
Ilda Community,Week5,Mansion House,Week1,292.0 Mansion House - 110.0 Ilda Community
Ilda Community,Week3,Hollin Meadows,Week5,295.0 Hollin Meadows - 107.0 Ilda Community
Ilda Community,Week1,Virginia Hills,Week2,287.0 Ilda Community - 111.0 Virginia Hills
Hunter Mill,Week2,Oakton ,Week5,249.0 Oakton - 153.0 Hunter Mill
Hunter Mill,Week3,Fox Hunt,Week4,262.0 Hunter Mill - 140.0 Fox Hunt
Ilda Community,Week2,Mansion House,Week3,298.0 Mansion House - 104.0 Ilda Community
Hunter Mill,Week5,Fox Hunt,Week3,241.0 Hunter Mill - 161.0 Fox Hunt
Ilda Community,Week5,Donaldson Run,Week4,332.0 Donaldson Run - 70.0 Ilda Community
Ilda Community,Week1,Greenbriar,Week5,279.0 Greenbriar - 123.0 Ilda Community
Ilda Community,Week5,Hollin Hills,Week4,229.5 Ilda Community - 161.5 Hollin Hills
Ilda Community,Week4,Hollin Hills,Week3,257.0 Ilda Community - 144.0 Hollin Hills
Ilda Community,Week1,Rutherford,Week1,200.0 Rutherford - 198.0 Ilda Community
Ilda Community,Week1,Mansion House,Week3,299.0 Mansion House - 103.0 Ilda Community
Ilda Community,Week5,Dowden Terrace,Week3,260.0 Dowden Terrace - 142.0 Ilda Community
Ilda Community,Week2,Rutherford,Week5,230.0 Rutherford - 172.0 Ilda Community
Hunter Mill,Week5,Oakton ,Week5,235.5 Oakton - 166.5 Hunter Mill
Ilda Community,Week2,Rutherford,Week3,223.0 Rutherford - 179.0 Ilda Community
Ilda Community,Week5,Donaldson Run,Week5,361.0 Donaldson Run - 40.0 Ilda Community
Hunter Mill,Week1,Old Keene Mill,Week4,296.0 Hunter Mill - 106.0 Old Keene Mill
Hunter Mill,Week2,Old Keene Mill,Week2,275.0 Hunter Mill - 127.0 Old Keene Mill
Ilda Community,Week4,Dowden Terrace,Week3,239.0 Dowden Terrace - 163.0 Ilda Community
Ilda Community,Week2,Virginia Hills,Week3,289.0 Ilda Community - 113.0 Virginia Hills
Ilda Community,Week2,Rutherford,Week4,233.0 Rutherford - 169.0 Ilda Community
Ilda Community,Week2,Village West,Week1,209.0 Village West - 192.0 Ilda Community
Ilda Community,Week1,Dowden Terrace,Week2,264.0 Dowden Terrace - 138.0 Ilda Community
Ilda Community,Week5,Mansion House,Week5,289.0 Mansion House - 112.0 Ilda Community
Ilda Community,Week3,Greenbriar,Week2,295.0 Greenbriar - 107.0 Ilda Community
Hunter Mill,Week1,Fox Mill Estates,Week4,247.0 Hunter Mill - 155.0 Fox Mill Estates
Ilda Community,Week1,Village West,Week4,233.0 Village West - 163.0 Ilda Community
Ilda Community,Week3,Dowden Terrace,Week4,269.0 Dowden Terrace - 128.0 Ilda Community
Ilda Community,Week1,Greenbriar,Week2,304.0 Greenbriar - 98.0 Ilda Community
Ilda Community,Week3,Rutherford,Week4,221.0 Rutherford - 181.0 Ilda Community
Ilda Community,Week3,Rutherford,Week5,231.0 Rutherford - 171.0 Ilda Community
Ilda Community,Week1,Dunn Loring,Week4,340.0 Dunn Loring - 61.0 Ilda Community
Ilda Community,Week5,Mansion House,Week3,291.0 Mansion House - 111.0 Ilda Community
Ilda Community,Week2,Mansion House,Week2,282.5 Mansion House - 119.5 Ilda Community
Hunter Mill,Week1,Old Keene Mill,Week1,284.0 Hunter Mill - 118.0 Old Keene Mill
Ilda Community,Week4,Hollin Hills,Week4,256.5 Ilda Community - 140.5 Hollin Hills
Ilda Community,Week2,Greenbriar,Week1,279.0 Greenbriar - 123.0 Ilda Community
Ilda Community,Week3,Rutherford,Week3,230.0 Rutherford - 172.0 Ilda Community
Ilda Community,Week5,Mansion House,Week2,269.0 Mansion House - 132.0 Ilda Community
Ilda Community,Week3,Village West,Week2,209.0 Village West - 193.0 Ilda Community
Ilda Community,Week2,Hollin Meadows,Week4,282.0 Hollin Meadows - 120.0 Ilda Community
Hunter Mill,Week3,Old Keene Mill,Week3,297.0 Hunter Mill - 105.0 Old Keene Mill
Ilda Community,Week2,Dowden Terrace,Week4,286.0 Dowden Terrace - 116.0 Ilda Community
Ilda Community,Week3,Rutherford,Week1,204.0 Rutherford - 197.0 Ilda Community
Hunter Mill,Week2,Fox Mill Estates,Week2,264.0 Hunter Mill - 138.0 Fox Mill Estates
Ilda Community,Week2,Dowden Terrace,Week3,281.0 Dowden Terrace - 121.0 Ilda Community
Ilda Community,Week4,Village West,Week3,212.0 Village West - 190.0 Ilda Community
Ilda Community,Week5,Hollin Hills,Week3,236.0 Ilda Community - 162.0 Hollin Hills
Hunter Mill,Week1,Fox Mill Estates,Week5,276.0 Hunter Mill - 126.0 Fox Mill Estates
Hunter Mill,Week5,Old Keene Mill,Week5,295.0 Hunter Mill - 107.0 Old Keene Mill
Ilda Community,Week3,Greenbriar,Week4,255.0 Greenbriar - 147.0 Ilda Community
Hunter Mill,Week2,Fox Mill Estates,Week1,279.0 Hunter Mill - 123.0 Fox Mill Estates
Ilda Community,Week4,Hollin Meadows,Week2,247.0 Hollin Meadows - 155.0 Ilda Community
Ilda Community,Week1,Village West,Week3,232.0 Village West - 169.0 Ilda Community
Ilda Community,Week4,Hollin Hills,Week2,261.0 Ilda Community - 136.0 Hollin Hills
Ilda Community,Week2,Village West,Week2,214.0 Village West - 188.0 Ilda Community
Hunter Mill,Week1,Old Keene Mill,Week3,286.0 Hunter Mill - 116.0 Old Keene Mill
Ilda Community,Week1,Greenbriar,Week4,263.0 Greenbriar - 139.0 Ilda Community
Hunter Mill,Week2,Fox Mill Estates,Week4,249.0 Hunter Mill - 153.0 Fox Mill Estates
Ilda Community,Week3,Village West,Week1,217.0 Village West - 184.0 Ilda Community
Ilda Community,Week5,Rutherford,Week5,220.5 Rutherford - 180.5 Ilda Community
Ilda Community,Week4,Greenbriar,Week2,276.0 Greenbriar - 126.0 Ilda Community
Hunter Mill,Week5,Fox Mill Estates,Week4,278.0 Hunter Mill - 124.0 Fox Mill Estates
Ilda Community,Week2,Mansion House,Week1,291.0 Mansion House - 111.0 Ilda Community
Hunter Mill,Week5,Oakton ,Week4,221.0 Oakton - 181.0 Hunter Mill
Ilda Community,Week3,Shouse Village,Week3,270.0 Shouse Village - 132.0 Ilda Community
Hunter Mill,Week5,Fox Mill Estates,Week5,286.0 Hunter Mill - 116.0 Fox Mill Estates
Ilda Community,Week1,Dowden Terrace,Week4,280.0 Dowden Terrace - 122.0 Ilda Community
Ilda Community,Week3,Greenbriar,Week3,286.0 Greenbriar - 116.0 Ilda Community
Ilda Community,Week2,Village West,Week5,212.0 Village West - 190.0 Ilda Community
Ilda Community,Week3,Dowden Terrace,Week3,259.0 Dowden Terrace - 143.0 Ilda Community
Hunter Mill,Week3,Fox Mill Estates,Week3,266.0 Hunter Mill - 136.0 Fox Mill Estates
Ilda Community,Week4,Hollin Hills,Week1,279.0 Ilda Community - 119.0 Hollin Hills
Hunter Mill,Week3,Old Keene Mill,Week5,296.0 Hunter Mill - 106.0 Old Keene Mill
Hunter Mill,Week2,Old Keene Mill,Week1,287.0 Hunter Mill - 115.0 Old Keene Mill
Ilda Community,Week2,Dunn Loring,Week4,345.0 Dunn Loring - 57.0 Ilda Community
Ilda Community,Week1,Mantua,Week3,327.5 Mantua - 73.5 Ilda Community
Ilda Community,Week5,Great Falls,Week4,237.0 Great Falls - 164.0 Ilda Community
Ilda Community,Week1,Hollin Meadows,Week1,272.0 Hollin Meadows - 126.0 Ilda Community
Ilda Community,Week1,Shouse Village,Week3,272.0 Shouse Village - 130.0 Ilda Community
Ilda Community,Week4,Mansion House,Week2,251.0 Mansion House - 151.0 Ilda Community
Ilda Community,Week1,Mantua,Week1,303.0 Mantua - 99.0 Ilda Community
Hunter Mill,Week4,Fox Mill Estates,Week3,282.5 Hunter Mill - 119.5 Fox Mill Estates
Ilda Community,Week4,Dowden Terrace,Week1,233.0 Dowden Terrace - 168.0 Ilda Community
Ilda Community,Week1,Village West,Week1,207.0 Village West - 191.0 Ilda Community
Ilda Community,Week5,Rutherford,Week4,231.5 Rutherford - 169.5 Ilda Community
Ilda Community,Week3,Hollin Meadows,Week1,278.0 Hollin Meadows - 123.0 Ilda Community
Hunter Mill,Week4,Old Keene Mill,Week2,303.0 Hunter Mill - 99.0 Old Keene Mill
Ilda Community,Week2,Hollin Meadows,Week2,255.0 Hollin Meadows - 147.0 Ilda Community
Ilda Community,Week4,Mansion House,Week3,284.0 Mansion House - 118.0 Ilda Community
Ilda Community,Week1,Dunn Loring,Week5,340.0 Dunn Loring - 62.0 Ilda Community
Hunter Mill,Week1,Fox Mill Woods,Week2,216.0 Fox Mill Woods - 186.0 Hunter Mill
Ilda Community,Week5,Village West,Week1,206.0 Ilda Community - 191.0 Village West
Hunter Mill,Week3,Old Keene Mill,Week4,299.0 Hunter Mill - 103.0 Old Keene Mill
Hunter Mill,Week1,Fox Mill Woods,Week1,238.0 Fox Mill Woods - 164.0 Hunter Mill
Ilda Community,Week4,Rutherford,Week3,212.0 Rutherford - 190.0 Ilda Community
Ilda Community,Week3,Greenbriar,Week5,272.5 Greenbriar - 128.5 Ilda Community
Ilda Community,Week2,Dowden Terrace,Week5,292.0 Dowden Terrace - 110.0 Ilda Community
Ilda Community,Week3,Mansion House,Week3,291.0 Mansion House - 111.0 Ilda Community
Ilda Community,Week4,Rutherford,Week4,222.0 Rutherford - 180.0 Ilda Community
Ilda Community,Week4,Hollin Meadows,Week5,275.5 Hollin Meadows - 126.5 Ilda Community
Hunter Mill,Week4,Old Keene Mill,Week1,304.0 Hunter Mill - 98.0 Old Keene Mill
Hunter Mill,Week2,Old Keene Mill,Week3,277.0 Hunter Mill - 125.0 Old Keene Mill
Ilda Community,Week4,Mansion House,Week4,258.0 Mansion House - 144.0 Ilda Community
Ilda Community,Week3,Dowden Terrace,Week1,253.0 Dowden Terrace - 148.0 Ilda Community
Hunter Mill,Week4,Old Keene Mill,Week3,296.0 Hunter Mill - 106.0 Old Keene Mill
Ilda Community,Week3,Mansion House,Week5,297.0 Mansion House - 105.0 Ilda Community
Ilda Community,Week2,Mansion House,Week4,266.0 Mansion House - 136.0 Ilda Community
Ilda Community,Week4,Hollin Meadows,Week4,274.5 Hollin Meadows - 127.5 Ilda Community
Ilda Community,Week1,Village West,Week2,221.0 Village West - 181.0 Ilda Community
Ilda Community,Week4,Dowden Terrace,Week5,275.0 Dowden Terrace - 127.0 Ilda Community
Ilda Community,Week2,Greenbriar,Week2,290.0 Greenbriar - 112.0 Ilda Community
Ilda Community,Week4,Greenbriar,Week4,231.0 Greenbriar - 171.0 Ilda Community
Ilda Community,Week4,Greenbriar,Week3,270.0 Greenbriar - 132.0 Ilda Community
Ilda Community,Week1,Shouse Village,Week4,272.0 Shouse Village - 126.0 Ilda Community
Ilda Community,Week1,Hollin Meadows,Week5,295.0 Hollin Meadows - 107.0 Ilda Community
Ilda Community,Week5,Hollin Meadows,Week1,279.0 Hollin Meadows - 119.0 Ilda Community
Ilda Community,Week1,Dunn Loring,Week3,340.0 Dunn Loring - 62.0 Ilda Community
Ilda Community,Week4,Greenbriar,Week5,249.0 Greenbriar - 152.0 Ilda Community
Ilda Community,Week5,Village West,Week4,213.0 Village West - 181.0 Ilda Community
Ilda Community,Week4,Village West,Week2,208.0 Ilda Community - 194.0 Village West
Ilda Community,Week4,Village West,Week4,205.0 Village West - 192.0 Ilda Community
Ilda Community,Week2,Shouse Village,Week3,265.0 Shouse Village - 137.0 Ilda Community
Hunter Mill,Week4,Fox Mill Estates,Week5,286.0 Hunter Mill - 116.0 Fox Mill Estates
Hunter Mill,Week1,Fox Mill Woods,Week3,227.0 Fox Mill Woods - 175.0 Hunter Mill
Ilda Community,Week5,Rutherford,Week1,210.0 Rutherford - 187.0 Ilda Community
Ilda Community,Week4,Rutherford,Week5,217.0 Rutherford - 185.0 Ilda Community
Ilda Community,Week3,Village West,Week5,214.0 Village West - 188.0 Ilda Community
Ilda Community,Week4,Dowden Terrace,Week2,253.0 Dowden Terrace - 149.0 Ilda Community
Ilda Community,Week5,Greenbriar,Week1,276.0 Greenbriar - 126.0 Ilda Community
Ilda Community,Week5,Great Falls,Week3,272.0 Great Falls - 129.0 Ilda Community
Ilda Community,Week5,Mansion House,Week4,268.0 Mansion House - 134.0 Ilda Community
Ilda Community,Week5,Dowden Terrace,Week2,271.0 Dowden Terrace - 131.0 Ilda Community
Hunter Mill,Week3,Fox Mill Estates,Week4,256.0 Hunter Mill - 146.0 Fox Mill Estates
Ilda Community,Week5,Hollin Meadows,Week5,288.0 Hollin Meadows - 114.0 Ilda Community
Ilda Community,Week5,Greenbriar,Week2,284.5 Greenbriar - 117.5 Ilda Community
Hunter Mill,Week3,Fox Mill Estates,Week1,297.0 Hunter Mill - 105.0 Fox Mill Estates
Hunter Mill,Week2,Old Keene Mill,Week5,271.0 Hunter Mill - 131.0 Old Keene Mill
Ilda Community,Week5,Hollin Meadows,Week4,288.0 Hollin Meadows - 114.0 Ilda Community
Hunter Mill,Week1,Fox Mill Woods,Week4,242.0 Fox Mill Woods - 160.0 Hunter Mill
Ilda Community,Week1,Dowden Terrace,Week5,296.0 Dowden Terrace - 106.0 Ilda Community
Ilda Community,Week2,Shouse Village,Week5,268.0 Shouse Village - 134.0 Ilda Community
Ilda Community,Week1,Shouse Village,Week5,266.0 Shouse Village - 135.0 Ilda Community
Ilda Community,Week3,Village West,Week4,230.0 Village West - 167.0 Ilda Community
Ilda Community,Week5,Greenbriar,Week3,278.0 Greenbriar - 124.0 Ilda Community
Ilda Community,Week1,Mantua,Week2,301.0 Mantua - 101.0 Ilda Community
Ilda Community,Week1,Mantua,Week5,326.0 Mantua - 76.0 Ilda Community
Hunter Mill,Week3,Old Keene Mill,Week1,304.0 Hunter Mill - 98.0 Old Keene Mill
Hunter Mill,Week2,Fox Mill Woods,Week1,237.0 Fox Mill Woods - 165.0 Hunter Mill
Ilda Community,Week5,Village West,Week3,232.0 Village West - 169.0 Ilda Community
Hunter Mill,Week4,Old Keene Mill,Week4,309.0 Hunter Mill - 93.0 Old Keene Mill
Ilda Community,Week4,Mantua,Week1,291.0 Mantua - 111.0 Ilda Community
Ilda Community,Week5,Hollin Meadows,Week3,287.0 Hollin Meadows - 115.0 Ilda Community
Hunter Mill,Week5,Old Keene Mill,Week1,311.0 Hunter Mill - 91.0 Old Keene Mill
Ilda Community,Week1,Shouse Village,Week2,239.0 Shouse Village - 162.0 Ilda Community
Ilda Community,Week3,Shouse Village,Week4,271.0 Shouse Village - 130.0 Ilda Community
Hunter Mill,Week1,Orange Hunt,Week4,211.0 Hunter Mill - 191.0 Orange Hunt
Ilda Community,Week1,Dowden Terrace,Week1,256.0 Dowden Terrace - 145.0 Ilda Community
Ilda Community,Week5,Village West,Week5,202.0 Village West - 199.0 Ilda Community
Hunter Mill,Week5,Old Keene Mill,Week3,313.0 Hunter Mill - 89.0 Old Keene Mill
Hunter Mill,Week5,Old Keene Mill,Week2,297.0 Hunter Mill - 105.0 Old Keene Mill
Ilda Community,Week2,Shouse Village,Week1,251.0 Shouse Village - 151.0 Ilda Community
Ilda Community,Week3,Mantua,Week5,326.0 Mantua - 76.0 Ilda Community
Hunter Mill,Week4,Fox Mill Estates,Week1,307.0 Hunter Mill - 95.0 Fox Mill Estates
Ilda Community,Week2,McLean,Week2,328.0 McLean - 74.0 Ilda Community
Ilda Community,Week5,Dowden Terrace,Week1,252.0 Dowden Terrace - 146.0 Ilda Community
Ilda Community,Week5,Rutherford,Week2,214.0 Rutherford - 186.0 Ilda Community
Ilda Community,Week2,Holmes Run Acres,Week2,265.0 Holmes Run Acres - 137.0 Ilda Community
Ilda Community,Week2,Holmes Run Acres,Week3,304.5 Holmes Run Acres - 97.5 Ilda Community
Ilda Community,Week1,McLean,Week4,329.0 McLean - 73.0 Ilda Community
Ilda Community,Week1,Virginia Hills,Week1,276.0 Ilda Community - 125.0 Virginia Hills
Ilda Community,Week5,Village West,Week2,218.0 Village West - 183.0 Ilda Community
Hunter Mill,Week3,Fox Mill Estates,Week2,267.0 Hunter Mill - 135.0 Fox Mill Estates
Ilda Community,Week3,Holmes Run Acres,Week1,275.0 Holmes Run Acres - 126.0 Ilda Community
Hunter Mill,Week5,Fox Mill Estates,Week1,306.0 Hunter Mill - 96.0 Fox Mill Estates
Ilda Community,Week1,Village West,Week5,220.0 Village West - 182.0 Ilda Community
Hunter Mill,Week5,Old Keene Mill,Week4,309.0 Hunter Mill - 93.0 Old Keene Mill
Ilda Community,Week4,Mantua,Week4,297.5 Mantua - 104.5 Ilda Community
Hunter Mill,Week3,Fox Mill Estates,Week5,277.0 Hunter Mill - 125.0 Fox Mill Estates
Ilda Community,Week2,Dowden Terrace,Week2,277.0 Dowden Terrace - 125.0 Ilda Community
Ilda Community,Week2,Dowden Terrace,Week1,265.0 Dowden Terrace - 136.0 Ilda Community
Ilda Community,Week1,Hunt Valley,Week4,331.0 Hunt Valley - 70.0 Ilda Community
Ilda Community,Week3,Holmes Run Acres,Week4,276.0 Holmes Run Acres - 125.0 Ilda Community
Ilda Community,Week4,Shouse Village,Week1,232.0 Shouse Village - 170.0 Ilda Community
Ilda Community,Week1,Virginia Hills,Week3,273.0 Ilda Community - 128.0 Virginia Hills
Hunter Mill,Week5,Fox Mill Estates,Week2,281.0 Hunter Mill - 121.0 Fox Mill Estates
Ilda Community,Week4,Mantua,Week2,282.0 Mantua - 120.0 Ilda Community
Hunter Mill,Week4,Fox Mill Estates,Week2,278.0 Hunter Mill - 124.0 Fox Mill Estates
Ilda Community,Week1,Virginia Hills,Week5,265.0 Ilda Community - 136.0 Virginia Hills
Ilda Community,Week5,Holmes Run Acres,Week1,261.0 Holmes Run Acres - 140.0 Ilda Community
Ilda Community,Week3,Dowden Terrace,Week5,276.0 Dowden Terrace - 126.0 Ilda Community
Ilda Community,Week1,Dowden Terrace,Week3,267.5 Dowden Terrace - 134.5 Ilda Community
Ilda Community,Week2,Holmes Run Acres,Week4,288.0 Holmes Run Acres - 114.0 Ilda Community
Hunter Mill,Week2,Orange Hunt,Week3,218.0 Hunter Mill - 184.0 Orange Hunt
Hunter Mill,Week1,Fox Mill Woods,Week5,248.0 Fox Mill Woods - 154.0 Hunter Mill
Hunter Mill,Week3,Old Keene Mill,Week2,295.0 Hunter Mill - 107.0 Old Keene Mill
Ilda Community,Week5,Mantua,Week2,308.0 Mantua - 94.0 Ilda Community
Ilda Community,Week1,Shouse Village,Week1,256.5 Shouse Village - 145.5 Ilda Community
Ilda Community,Week3,Shouse Village,Week5,271.0 Shouse Village - 131.0 Ilda Community
Ilda Community,Week1,Virginia Hills,Week4,285.0 Ilda Community - 117.0 Virginia Hills
Ilda Community,Week4,Dowden Terrace,Week4,248.0 Dowden Terrace - 154.0 Ilda Community
Ilda Community,Week3,Holmes Run Acres,Week3,300.0 Holmes Run Acres - 101.0 Ilda Community
Ilda Community,Week1,McLean,Week2,330.0 McLean - 72.0 Ilda Community
Ilda Community,Week5,Shouse Village,Week1,238.0 Shouse Village - 164.0 Ilda Community
Ilda Community,Week5,Mantua,Week5,327.0 Mantua - 75.0 Ilda Community
Ilda Community,Week5,Mantua,Week1,309.0 Mantua - 93.0 Ilda Community
Hunter Mill,Week4,Fox Mill Estates,Week4,271.5 Hunter Mill - 130.5 Fox Mill Estates
Ilda Community,Week4,Holmes Run Acres,Week4,250.0 Holmes Run Acres - 151.0 Ilda Community
Hunter Mill,Week1,Orange Hunt,Week1,215.0 Hunter Mill - 187.0 Orange Hunt
Ilda Community,Week4,Holmes Run Acres,Week2,250.0 Holmes Run Acres - 151.0 Ilda Community
Ilda Community,Week1,Dunn Loring,Week1,305.0 Dunn Loring - 97.0 Ilda Community
Hunter Mill,Week1,Orange Hunt,Week5,208.0 Orange Hunt - 194.0 Hunter Mill
Ilda Community,Week4,Shouse Village,Week4,262.0 Shouse Village - 139.0 Ilda Community
Ilda Community,Week2,Virginia Hills,Week2,290.0 Ilda Community - 111.0 Virginia Hills
Ilda Community,Week1,Virginia Run,Week1,291.0 Virginia Run - 111.0 Ilda Community
Ilda Community,Week2,Virginia Hills,Week1,290.0 Ilda Community - 112.0 Virginia Hills
Ilda Community,Week5,Dowden Terrace,Week4,278.0 Dowden Terrace - 124.0 Ilda Community
Ilda Community,Week3,Dowden Terrace,Week2,264.0 Dowden Terrace - 138.0 Ilda Community
Ilda Community,Week1,Holmes Run Acres,Week3,302.0 Holmes Run Acres - 100.0 Ilda Community
Hunter Mill,Week5,Fox Mill Estates,Week3,288.0 Hunter Mill - 114.0 Fox Mill Estates
Ilda Community,Week5,Dowden Terrace,Week5,299.0 Dowden Terrace - 103.0 Ilda Community
Ilda Community,Week2,Virginia Run,Week1,309.0 Virginia Run - 93.0 Ilda Community
Ilda Community,Week3,Mantua,Week1,302.0 Mantua - 95.0 Ilda Community
Ilda Community,Week5,Rutherford,Week3,222.0 Rutherford - 178.0 Ilda Community
Hunter Mill,Week2,Orange Hunt,Week1,220.0 Hunter Mill - 182.0 Orange Hunt
Hunter Mill,Week4,Old Keene Mill,Week5,282.0 Hunter Mill - 120.0 Old Keene Mill
Ilda Community,Week2,Shouse Village,Week2,245.0 Shouse Village - 157.0 Ilda Community
Ilda Community,Week3,Virginia Hills,Week2,283.0 Ilda Community - 117.0 Virginia Hills
Ilda Community,Week1,Dunn Loring,Week2,332.5 Dunn Loring - 69.5 Ilda Community
Ilda Community,Week1,McLean,Week5,337.0 McLean - 65.0 Ilda Community
Hunter Mill,Week2,Orange Hunt,Week2,212.0 Hunter Mill - 190.0 Orange Hunt
Ilda Community,Week3,Shouse Village,Week1,252.0 Shouse Village - 150.0 Ilda Community
Hunter Mill,Week2,Orange Hunt,Week5,201.0 Hunter Mill - 200.0 Orange Hunt
Ilda Community,Week2,Shouse Village,Week4,283.5 Shouse Village - 117.5 Ilda Community
Ilda Community,Week3,Shouse Village,Week2,249.0 Shouse Village - 153.0 Ilda Community
Ilda Community,Week5,Holmes Run Acres,Week2,254.0 Holmes Run Acres - 148.0 Ilda Community
Hunter Mill,Week1,Orange Hunt,Week2,207.0 Hunter Mill - 195.0 Orange Hunt
Ilda Community,Week1,Virginia Run,Week4,305.0 Virginia Run - 97.0 Ilda Community
Ilda Community,Week3,Holmes Run Acres,Week5,302.0 Holmes Run Acres - 100.0 Ilda Community
Ilda Community,Week2,Dunn Loring,Week3,349.0 Dunn Loring - 53.0 Ilda Community
Ilda Community,Week4,Mantua,Week5,315.0 Mantua - 87.0 Ilda Community
Hunter Mill,Week2,Orange Hunt,Week4,217.0 Hunter Mill - 185.0 Orange Hunt
Ilda Community,Week2,Dunn Loring,Week2,342.0 Dunn Loring - 60.0 Ilda Community
Ilda Community,Week5,Mantua,Week3,331.0 Mantua - 70.0 Ilda Community
Ilda Community,Week4,Shouse Village,Week3,243.0 Shouse Village - 159.0 Ilda Community
Hunter Mill,Week3,Orange Hunt,Week1,244.0 Hunter Mill - 158.0 Orange Hunt
Ilda Community,Week3,Virginia Run,Week1,307.0 Virginia Run - 95.0 Ilda Community
Ilda Community,Week3,Dunn Loring,Week4,335.0 Dunn Loring - 67.0 Ilda Community
Ilda Community,Week2,Mantua,Week4,317.0 Mantua - 85.0 Ilda Community
Ilda Community,Week3,Holmes Run Acres,Week2,261.0 Holmes Run Acres - 135.0 Ilda Community
Ilda Community,Week5,Holmes Run Acres,Week3,293.0 Holmes Run Acres - 109.0 Ilda Community
Ilda Community,Week2,Dunn Loring,Week1,305.0 Dunn Loring - 97.0 Ilda Community
Ilda Community,Week2,Virginia Hills,Week5,268.0 Ilda Community - 134.0 Virginia Hills
Ilda Community,Week2,Mantua,Week2,303.0 Mantua - 99.0 Ilda Community
Ilda Community,Week5,Holmes Run Acres,Week4,266.0 Holmes Run Acres - 136.0 Ilda Community
Ilda Community,Week5,Virginia Hills,Week1,294.0 Ilda Community - 106.0 Virginia Hills
Ilda Community,Week5,Shouse Village,Week2,237.0 Shouse Village - 164.0 Ilda Community
Ilda Community,Week3,Mantua,Week3,334.0 Mantua - 68.0 Ilda Community
Ilda Community,Week4,Holmes Run Acres,Week5,279.0 Holmes Run Acres - 123.0 Ilda Community
Hunter Mill,Week3,Orange Hunt,Week2,238.0 Hunter Mill - 164.0 Orange Hunt
Ilda Community,Week3,Virginia Run,Week2,289.0 Virginia Run - 113.0 Ilda Community
Ilda Community,Week1,Holmes Run Acres,Week4,274.0 Holmes Run Acres - 128.0 Ilda Community
Ilda Community,Week1,Holmes Run Acres,Week2,262.0 Holmes Run Acres - 140.0 Ilda Community
Ilda Community,Week2,Mantua,Week5,330.0 Mantua - 72.0 Ilda Community
Ilda Community,Week5,Virginia Hills,Week2,296.0 Ilda Community - 101.0 Virginia Hills
Ilda Community,Week3,Mantua,Week2,296.0 Mantua - 106.0 Ilda Community
Ilda Community,Week5,Virginia Hills,Week5,271.0 Ilda Community - 129.0 Virginia Hills
Hunter Mill,Week1,Orange Hunt,Week3,213.0 Hunter Mill - 189.0 Orange Hunt
Ilda Community,Week5,Dunn Loring,Week4,346.0 Dunn Loring - 55.0 Ilda Community
Ilda Community,Week2,Mantua,Week3,338.0 Mantua - 64.0 Ilda Community
Ilda Community,Week2,Dunn Loring,Week5,350.5 Dunn Loring - 51.5 Ilda Community
Ilda Community,Week4,Virginia Hills,Week4,303.0 Ilda Community - 98.0 Virginia Hills
Ilda Community,Week5,Shouse Village,Week3,268.0 Shouse Village - 134.0 Ilda Community
Ilda Community,Week4,Shouse Village,Week5,247.0 Shouse Village - 155.0 Ilda Community
Ilda Community,Week5,Shouse Village,Week4,277.0 Shouse Village - 121.0 Ilda Community
Ilda Community,Week4,Shouse Village,Week2,226.0 Shouse Village - 176.0 Ilda Community
Hunter Mill,Week3,Orange Hunt,Week3,240.0 Hunter Mill - 162.0 Orange Hunt
Ilda Community,Week5,Dunn Loring,Week2,342.0 Dunn Loring - 60.0 Ilda Community
Ilda Community,Week1,McLean,Week3,324.0 McLean - 78.0 Ilda Community
Hunter Mill,Week3,Orange Hunt,Week4,229.0 Hunter Mill - 173.0 Orange Hunt
Ilda Community,Week5,Dunn Loring,Week3,340.0 Dunn Loring - 62.0 Ilda Community
Ilda Community,Week1,Holmes Run Acres,Week5,313.0 Holmes Run Acres - 84.0 Ilda Community
Ilda Community,Week5,Mantua,Week4,304.0 Mantua - 98.0 Ilda Community
Hunter Mill,Week1,Mosby Woods,Week4,212.0 Mosby Woods - 190.0 Hunter Mill
Ilda Community,Week4,Dunn Loring,Week3,328.0 Dunn Loring - 74.0 Ilda Community
Ilda Community,Week3,Virginia Hills,Week3,274.0 Ilda Community - 128.0 Virginia Hills
Hunter Mill,Week3,Orange Hunt,Week5,217.0 Hunter Mill - 185.0 Orange Hunt
Hunter Mill,Week2,McLean,Week1,256.0 McLean - 146.0 Hunter Mill
Ilda Community,Week5,Shouse Village,Week5,261.0 Shouse Village - 140.0 Ilda Community
Ilda Community,Week1,Hunt Valley,Week1,324.0 Hunt Valley - 78.0 Ilda Community
Ilda Community,Week1,Sideburn Run,Week4,268.0 Sideburn Run - 134.0 Ilda Community
Hunter Mill,Week4,Orange Hunt,Week2,220.0 Hunter Mill - 182.0 Orange Hunt
Ilda Community,Week4,Holmes Run Acres,Week3,296.0 Holmes Run Acres - 105.0 Ilda Community
Ilda Community,Week4,Dunn Loring,Week5,332.0 Dunn Loring - 70.0 Ilda Community
Ilda Community,Week2,Virginia Hills,Week4,294.0 Ilda Community - 108.0 Virginia Hills
Hunter Mill,Week4,Orange Hunt,Week3,219.0 Hunter Mill - 183.0 Orange Hunt
Hunter Mill,Week4,Orange Hunt,Week1,223.0 Hunter Mill - 179.0 Orange Hunt
Ilda Community,Week2,McLean,Week1,327.0 McLean - 75.0 Ilda Community
Ilda Community,Week2,McLean,Week3,329.0 McLean - 73.0 Ilda Community
Ilda Community,Week2,Sideburn Run,Week1,287.0 Sideburn Run - 115.0 Ilda Community
Hunter Mill,Week4,McLean,Week1,242.0 McLean - 160.0 Hunter Mill
Hunter Mill,Week5,Orange Hunt,Week1,238.0 Hunter Mill - 164.0 Orange Hunt
Ilda Community,Week2,Holmes Run Acres,Week5,317.0 Holmes Run Acres - 85.0 Ilda Community
Ilda Community,Week1,Sideburn Run,Week2,261.0 Sideburn Run - 141.0 Ilda Community
Hunter Mill,Week3,McLean,Week1,247.0 McLean - 155.0 Hunter Mill
Ilda Community,Week4,Dunn Loring,Week2,322.0 Dunn Loring - 80.0 Ilda Community
Ilda Community,Week5,Holmes Run Acres,Week5,303.0 Holmes Run Acres - 99.0 Ilda Community
Ilda Community,Week3,Dunn Loring,Week3,335.0 Dunn Loring - 67.0 Ilda Community
Ilda Community,Week3,Dunn Loring,Week5,340.0 Dunn Loring - 62.0 Ilda Community
Ilda Community,Week3,Mantua,Week4,307.0 Mantua - 95.0 Ilda Community
Hunter Mill,Week4,Orange Hunt,Week4,230.0 Hunter Mill - 172.0 Orange Hunt
Ilda Community,Week3,Virginia Hills,Week5,256.0 Ilda Community - 145.0 Virginia Hills
Hunter Mill,Week4,Orange Hunt,Week5,208.0 Hunter Mill - 193.0 Orange Hunt
Ilda Community,Week2,Sideburn Run,Week3,292.0 Sideburn Run - 110.0 Ilda Community
Ilda Community,Week4,Dunn Loring,Week4,325.0 Dunn Loring - 77.0 Ilda Community
Hunter Mill,Week2,McLean,Week3,274.0 McLean - 128.0 Hunter Mill
Ilda Community,Week2,Holmes Run Acres,Week1,283.0 Holmes Run Acres - 119.0 Ilda Community
Ilda Community,Week1,Fair Oaks ,Week1,296.0 Fair Oaks - 106.0 Ilda Community
Ilda Community,Week4,Holmes Run Acres,Week1,256.0 Holmes Run Acres - 145.0 Ilda Community
Ilda Community,Week5,Sideburn Run,Week3,269.0 Sideburn Run - 133.0 Ilda Community
Ilda Community,Week3,Virginia Hills,Week4,270.0 Ilda Community - 131.0 Virginia Hills
Ilda Community,Week4,Virginia Hills,Week3,297.0 Ilda Community - 105.0 Virginia Hills
Ilda Community,Week4,Mantua,Week3,328.0 Mantua - 74.0 Ilda Community
Ilda Community,Week1,Hunt Valley,Week3,340.0 Hunt Valley - 61.0 Ilda Community
Ilda Community,Week1,Virginia Run,Week3,287.5 Virginia Run - 113.5 Ilda Community
Ilda Community,Week1,McLean,Week1,320.0 McLean - 82.0 Ilda Community
Hunter Mill,Week5,Orange Hunt,Week4,241.0 Hunter Mill - 161.0 Orange Hunt
Ilda Community,Week1,Hunt Valley,Week2,332.0 Hunt Valley - 69.0 Ilda Community
Hunter Mill,Week2,McLean,Week4,245.5 McLean - 156.5 Hunter Mill
Ilda Community,Week4,Virginia Hills,Week5,282.0 Ilda Community - 119.0 Virginia Hills
Ilda Community,Week4,Hunt Valley,Week2,332.0 Hunt Valley - 70.0 Ilda Community
Ilda Community,Week1,Sideburn Run,Week1,265.0 Sideburn Run - 137.0 Ilda Community
Ilda Community,Week4,Sideburn Run,Week4,242.0 Sideburn Run - 160.0 Ilda Community
Hunter Mill,Week4,McLean,Week4,226.0 McLean - 176.0 Hunter Mill
Hunter Mill,Week1,Overlee,Week5,330.0 Overlee - 72.0 Hunter Mill
Ilda Community,Week2,McLean,Week5,335.0 McLean - 67.0 Ilda Community
Ilda Community,Week5,Hunt Valley,Week4,338.0 Hunt Valley - 63.0 Ilda Community
Ilda Community,Week4,Dunn Loring,Week1,292.0 Dunn Loring - 110.0 Ilda Community
Ilda Community,Week5,Dunn Loring,Week1,309.0 Dunn Loring - 93.0 Ilda Community
Hunter Mill,Week5,Orange Hunt,Week2,238.0 Hunter Mill - 164.0 Orange Hunt
Ilda Community,Week2,McLean,Week4,325.0 McLean - 77.0 Ilda Community
Ilda Community,Week3,Virginia Hills,Week1,268.0 Ilda Community - 133.0 Virginia Hills
Ilda Community,Week1,Sideburn Run,Week3,262.0 Sideburn Run - 140.0 Ilda Community
Ilda Community,Week1,Fair Oaks ,Week2,281.0 Fair Oaks - 121.0 Ilda Community
Ilda Community,Week3,Dunn Loring,Week1,308.0 Dunn Loring - 94.0 Ilda Community
Hunter Mill,Week3,McLean,Week2,265.0 McLean - 137.0 Hunter Mill
Ilda Community,Week3,McLean,Week1,325.0 McLean - 77.0 Ilda Community
Hunter Mill,Week1,McLean,Week4,257.0 McLean - 145.0 Hunter Mill
Ilda Community,Week3,McLean,Week4,339.0 McLean - 62.0 Ilda Community
Ilda Community,Week5,Virginia Hills,Week3,302.0 Ilda Community - 99.0 Virginia Hills
Ilda Community,Week4,Virginia Hills,Week1,300.0 Ilda Community - 101.0 Virginia Hills
Hunter Mill,Week4,Overlee,Week5,329.0 Overlee - 73.0 Hunter Mill
Ilda Community,Week5,Hunt Valley,Week2,336.0 Hunt Valley - 65.0 Ilda Community
Ilda Community,Week2,Sideburn Run,Week5,300.0 Sideburn Run - 102.0 Ilda Community
Ilda Community,Week3,McLean,Week2,331.0 McLean - 71.0 Ilda Community
Ilda Community,Week1,Fair Oaks ,Week3,298.0 Fair Oaks - 103.0 Ilda Community
Ilda Community,Week1,Virginia Run,Week2,278.0 Virginia Run - 124.0 Ilda Community
Hunter Mill,Week5,McLean,Week2,246.0 McLean - 156.0 Hunter Mill
Ilda Community,Week3,McLean,Week3,334.0 McLean - 63.0 Ilda Community
Ilda Community,Week5,Dunn Loring,Week5,349.0 Dunn Loring - 53.0 Ilda Community
Ilda Community,Week5,Sideburn Run,Week1,274.0 Sideburn Run - 128.0 Ilda Community
Ilda Community,Week1,Sleepy Hollow B & R,Week1,295.0 Sleepy Hollow B & R - 107.0 Ilda Community
Ilda Community,Week3,Sideburn Run,Week4,275.0 Sideburn Run - 127.0 Ilda Community
Hunter Mill,Week5,Orange Hunt,Week3,232.0 Hunter Mill - 170.0 Orange Hunt
Hunter Mill,Week3,McLean,Week5,264.0 McLean - 138.0 Hunter Mill
Ilda Community,Week2,Virginia Run,Week3,304.5 Virginia Run - 97.5 Ilda Community
Ilda Community,Week3,Sideburn Run,Week5,279.5 Sideburn Run - 122.5 Ilda Community
Ilda Community,Week1,Hunter Mill,Week4,312.0 Hunter Mill - 86.0 Ilda Community
Hunter Mill,Week2,Overlee,Week2,311.5 Overlee - 90.5 Hunter Mill
Hunter Mill,Week1,Overlee,Week1,286.0 Overlee - 116.0 Hunter Mill
Ilda Community,Week4,Virginia Hills,Week2,304.0 Ilda Community - 96.0 Virginia Hills
Ilda Community,Week3,Hunt Valley,Week5,352.0 Hunt Valley - 50.0 Ilda Community
Hunter Mill,Week5,McLean,Week1,225.0 McLean - 177.0 Hunter Mill
Hunter Mill,Week1,Overlee,Week3,288.0 Overlee - 114.0 Hunter Mill
Ilda Community,Week1,Virginia Run,Week5,307.0 Virginia Run - 95.0 Ilda Community
Ilda Community,Week2,Hunter Mill,Week4,320.0 Hunter Mill - 81.0 Ilda Community
Ilda Community,Week3,McLean,Week5,341.0 McLean - 61.0 Ilda Community
Ilda Community,Week1,Hunter Mill,Week5,307.0 Hunter Mill - 95.0 Ilda Community
Ilda Community,Week2,Virginia Run,Week2,306.0 Virginia Run - 96.0 Ilda Community
Hunter Mill,Week5,McLean,Week4,225.0 McLean - 177.0 Hunter Mill
Ilda Community,Week3,Dunn Loring,Week2,338.0 Dunn Loring - 64.0 Ilda Community
Ilda Community,Week4,McLean,Week1,309.5 McLean - 92.5 Ilda Community
Hunter Mill,Week2,McLean,Week2,273.0 McLean - 129.0 Hunter Mill
Ilda Community,Week5,Sideburn Run,Week2,266.0 Sideburn Run - 136.0 Ilda Community
Ilda Community,Week5,McLean,Week3,329.0 McLean - 73.0 Ilda Community
Ilda Community,Week4,Hunt Valley,Week5,353.0 Hunt Valley - 49.0 Ilda Community
Ilda Community,Week2,Hunt Valley,Week2,336.0 Hunt Valley - 66.0 Ilda Community
Ilda Community,Week4,Sideburn Run,Week5,259.0 Sideburn Run - 143.0 Ilda Community
Ilda Community,Week2,Virginia Run,Week4,328.0 Virginia Run - 74.0 Ilda Community
Ilda Community,Week1,Hunter Mill,Week1,297.0 Hunter Mill - 104.0 Ilda Community
Hunter Mill,Week1,Mosby Woods,Week1,234.0 Mosby Woods - 168.0 Hunter Mill
Hunter Mill,Week2,McLean,Week5,276.0 McLean - 126.0 Hunter Mill
Hunter Mill,Week5,Orange Hunt,Week5,225.0 Hunter Mill - 177.0 Orange Hunt
Ilda Community,Week1,Sleepy Hollow B & R,Week2,304.0 Sleepy Hollow B & R - 98.0 Ilda Community
Hunter Mill,Week4,Overlee,Week2,299.5 Overlee - 102.5 Hunter Mill
Ilda Community,Week4,Sideburn Run,Week1,258.0 Sideburn Run - 144.0 Ilda Community
Ilda Community,Week2,Wakefield Chapel,Week3,358.0 Wakefield Chapel - 44.0 Ilda Community
Hunter Mill,Week4,McLean,Week5,253.0 McLean - 149.0 Hunter Mill
Hunter Mill,Week3,Overlee,Week3,281.0 Overlee - 121.0 Hunter Mill
Ilda Community,Week4,Sleepy Hollow B & R,Week3,284.0 Sleepy Hollow B & R - 117.0 Ilda Community
Ilda Community,Week5,McLean,Week4,330.0 McLean - 72.0 Ilda Community
Hunter Mill,Week3,Overlee,Week2,294.0 Overlee - 108.0 Hunter Mill
Ilda Community,Week5,Virginia Hills,Week4,297.0 Ilda Community - 104.0 Virginia Hills
Ilda Community,Week1,Mosby Woods,Week3,326.0 Mosby Woods - 75.0 Ilda Community
Hunter Mill,Week4,Overlee,Week3,278.0 Overlee - 124.0 Hunter Mill
Ilda Community,Week5,Hunt Valley,Week3,351.0 Hunt Valley - 50.0 Ilda Community
Hunter Mill,Week3,McLean,Week3,274.0 McLean - 128.0 Hunter Mill
Ilda Community,Week3,Sideburn Run,Week3,278.0 Sideburn Run - 124.0 Ilda Community
Hunter Mill,Week3,McLean,Week4,236.0 McLean - 165.0 Hunter Mill
Hunter Mill,Week5,Overlee,Week3,260.0 Overlee - 142.0 Hunter Mill
Ilda Community,Week2,Hunt Valley,Week5,355.0 Hunt Valley - 47.0 Ilda Community
Ilda Community,Week1,Sideburn Run,Week5,276.0 Sideburn Run - 126.0 Ilda Community
Hunter Mill,Week5,McLean,Week3,258.0 McLean - 144.0 Hunter Mill
Ilda Community,Week2,Mosby Woods,Week3,332.0 Mosby Woods - 70.0 Ilda Community
Ilda Community,Week2,Virginia Run,Week5,327.0 Virginia Run - 75.0 Ilda Community
Ilda Community,Week3,Wakefield Chapel,Week3,354.0 Wakefield Chapel - 48.0 Ilda Community
Ilda Community,Week4,McLean,Week5,330.0 McLean - 72.0 Ilda Community
Ilda Community,Week1,Mosby Woods,Week5,327.0 Mosby Woods - 75.0 Ilda Community
Ilda Community,Week5,Hunt Valley,Week1,328.0 Hunt Valley - 74.0 Ilda Community
Hunter Mill,Week3,Overlee,Week1,282.0 Overlee - 120.0 Hunter Mill
Ilda Community,Week3,Hunt Valley,Week2,331.0 Hunt Valley - 71.0 Ilda Community
Ilda Community,Week4,Sideburn Run,Week2,236.0 Sideburn Run - 166.0 Ilda Community
Ilda Community,Week3,Virginia Run,Week3,290.0 Virginia Run - 112.0 Ilda Community
Hunter Mill,Week1,Mosby Woods,Week2,233.0 Mosby Woods - 169.0 Hunter Mill
Ilda Community,Week4,Virginia Run,Week1,294.0 Virginia Run - 108.0 Ilda Community
Ilda Community,Week2,Mosby Woods,Week4,331.0 Mosby Woods - 71.0 Ilda Community
Ilda Community,Week5,Virginia Run,Week3,285.0 Virginia Run - 116.0 Ilda Community
Hunter Mill,Week3,Overlee,Week5,318.0 Overlee - 84.0 Hunter Mill
Ilda Community,Week2,Sideburn Run,Week4,294.0 Sideburn Run - 108.0 Ilda Community
Hunter Mill,Week1,Mosby Woods,Week5,228.0 Mosby Woods - 174.0 Hunter Mill
Ilda Community,Week2,Hunter Mill,Week1,303.0 Hunter Mill - 99.0 Ilda Community
Ilda Community,Week1,Wakefield Chapel,Week3,348.0 Wakefield Chapel - 54.0 Ilda Community
Hunter Mill,Week5,Overlee,Week4,320.0 Overlee - 82.0 Hunter Mill
Ilda Community,Week1,Mount Vernon Park,Week2,320.0 Mount Vernon Park - 82.0 Ilda Community
Hunter Mill,Week1,Mount Vernon Park,Week3,226.0 Mount Vernon Park - 176.0 Hunter Mill
Ilda Community,Week3,Mosby Woods,Week3,329.0 Mosby Woods - 73.0 Ilda Community
Hunter Mill,Week4,Overlee,Week1,293.0 Overlee - 109.0 Hunter Mill
Ilda Community,Week5,McLean,Week5,346.0 McLean - 56.0 Ilda Community
Ilda Community,Week4,Sideburn Run,Week3,252.0 Sideburn Run - 150.0 Ilda Community
Ilda Community,Week5,Hunt Valley,Week5,360.0 Hunt Valley - 42.0 Ilda Community
Hunter Mill,Week4,McLean,Week3,255.0 McLean - 147.0 Hunter Mill
Ilda Community,Week5,Mosby Woods,Week5,328.0 Mosby Woods - 74.0 Ilda Community
Ilda Community,Week3,Hunt Valley,Week4,339.0 Hunt Valley - 63.0 Ilda Community
Ilda Community,Week2,Sideburn Run,Week2,288.0 Sideburn Run - 114.0 Ilda Community
Hunter Mill,Week3,Overlee,Week4,328.0 Overlee - 74.0 Hunter Mill
Ilda Community,Week3,Hunt Valley,Week1,335.0 Hunt Valley - 67.0 Ilda Community
Ilda Community,Week5,Wakefield Chapel,Week1,354.0 Wakefield Chapel - 48.0 Ilda Community
Hunter Mill,Week2,Overlee,Week5,342.0 Overlee - 60.0 Hunter Mill
Ilda Community,Week5,Sideburn Run,Week5,284.0 Sideburn Run - 118.0 Ilda Community
Ilda Community,Week4,Virginia Run,Week3,273.0 Virginia Run - 129.0 Ilda Community
Ilda Community,Week1,Hunter Mill,Week3,314.0 Hunter Mill - 88.0 Ilda Community
Hunter Mill,Week1,Mosby Woods,Week3,229.0 Mosby Woods - 173.0 Hunter Mill
Ilda Community,Week5,Virginia Run,Week2,276.0 Virginia Run - 126.0 Ilda Community
Ilda Community,Week4,McLean,Week4,314.0 McLean - 88.0 Ilda Community
Hunter Mill,Week4,Parklawn,Week5,281.0 Hunter Mill - 121.0 Parklawn
Ilda Community,Week2,Wakefield Chapel,Week4,349.0 Wakefield Chapel - 53.0 Ilda Community
Hunter Mill,Week1,Overlee,Week2,300.0 Overlee - 102.0 Hunter Mill
Ilda Community,Week5,Sideburn Run,Week4,277.0 Sideburn Run - 125.0 Ilda Community
Ilda Community,Week4,McLean,Week2,323.0 McLean - 79.0 Ilda Community
Hunter Mill,Week5,Dowden Terrace,Week3,258.0 Hunter Mill - 144.0 Dowden Terrace
Hunter Mill,Week3,Mosby Woods,Week3,210.0 Mosby Woods - 192.0 Hunter Mill
Hunter Mill,Week5,McLean,Week5,249.0 McLean - 153.0 Hunter Mill
Ilda Community,Week2,Hunt Valley,Week1,336.0 Hunt Valley - 66.0 Ilda Community
Hunter Mill,Week4,McLean,Week2,260.0 McLean - 142.0 Hunter Mill
Ilda Community,Week1,Hunt Valley,Week5,345.0 Hunt Valley - 57.0 Ilda Community
Ilda Community,Week3,Mosby Woods,Week5,327.0 Mosby Woods - 75.0 Ilda Community
Hunter Mill,Week2,Overlee,Week1,296.0 Overlee - 106.0 Hunter Mill
Hunter Mill,Week1,McLean,Week5,281.0 McLean - 121.0 Hunter Mill
Ilda Community,Week1,Sleepy Hollow B & R,Week3,306.0 Sleepy Hollow B & R - 95.0 Ilda Community
Ilda Community,Week2,Wakefield Chapel,Week1,349.0 Wakefield Chapel - 53.0 Ilda Community
Ilda Community,Week5,McLean,Week2,328.0 McLean - 74.0 Ilda Community
Ilda Community,Week2,Hunt Valley,Week3,352.0 Hunt Valley - 50.0 Ilda Community
Ilda Community,Week1,Wakefield Chapel,Week2,339.0 Wakefield Chapel - 62.0 Ilda Community
Ilda Community,Week3,Sideburn Run,Week1,273.0 Sideburn Run - 129.0 Ilda Community
Hunter Mill,Week2,Dunn Loring,Week4,239.0 Dunn Loring - 163.0 Hunter Mill
Hunter Mill,Week4,Overlee,Week4,328.0 Overlee - 74.0 Hunter Mill
Ilda Community,Week1,Mosby Woods,Week1,325.0 Mosby Woods - 76.0 Ilda Community
Hunter Mill,Week2,Dunn Loring,Week3,246.0 Dunn Loring - 156.0 Hunter Mill
Ilda Community,Week1,Sleepy Hollow B & R,Week4,313.0 Sleepy Hollow B & R - 89.0 Ilda Community
Ilda Community,Week3,Sideburn Run,Week2,279.0 Sideburn Run - 123.0 Ilda Community
Ilda Community,Week2,Hunt Valley,Week4,342.0 Hunt Valley - 60.0 Ilda Community
Ilda Community,Week3,Virginia Run,Week4,306.0 Virginia Run - 96.0 Ilda Community
Hunter Mill,Week1,Dunn Loring,Week4,239.0 Dunn Loring - 163.0 Hunter Mill
Ilda Community,Week4,Virginia Run,Week4,293.0 Virginia Run - 109.0 Ilda Community
Ilda Community,Week5,Virginia Run,Week5,322.0 Virginia Run - 80.0 Ilda Community
Hunter Mill,Week3,Mosby Woods,Week5,216.5 Mosby Woods - 185.5 Hunter Mill
Ilda Community,Week5,McLean,Week1,332.0 McLean - 70.0 Ilda Community
Ilda Community,Week2,Sleepy Hollow B & R,Week1,298.0 Sleepy Hollow B & R - 104.0 Ilda Community
Ilda Community,Week2,Sleepy Hollow B & R,Week4,323.0 Sleepy Hollow B & R - 79.0 Ilda Community
Ilda Community,Week4,Mosby Woods,Week5,312.0 Mosby Woods - 90.0 Ilda Community
Hunter Mill,Week2,Greenbriar,Week1,213.0 Hunter Mill - 189.0 Greenbriar
Ilda Community,Week3,Wakefield Chapel,Week1,347.0 Wakefield Chapel - 55.0 Ilda Community
Hunter Mill,Week5,Mosby Woods,Week4,218.0 Hunter Mill - 184.0 Mosby Woods
Hunter Mill,Week4,Dunn Loring,Week4,218.0 Dunn Loring - 184.0 Hunter Mill
Ilda Community,Week4,Hunt Valley,Week3,348.0 Hunt Valley - 54.0 Ilda Community
Ilda Community,Week5,Virginia Run,Week4,310.5 Virginia Run - 91.5 Ilda Community
Hunter Mill,Week5,Overlee,Week5,316.0 Overlee - 86.0 Hunter Mill
Hunter Mill,Week2,Overlee,Week3,290.0 Overlee - 112.0 Hunter Mill
Ilda Community,Week2,Hunter Mill,Week2,298.0 Hunter Mill - 103.0 Ilda Community
Hunter Mill,Week3,Dunn Loring,Week2,233.0 Dunn Loring - 169.0 Hunter Mill
Ilda Community,Week3,Sleepy Hollow B & R,Week2,300.0 Sleepy Hollow B & R - 102.0 Ilda Community
Ilda Community,Week2,Sleepy Hollow B & R,Week3,313.0 Sleepy Hollow B & R - 89.0 Ilda Community
Hunter Mill,Week1,Parklawn,Week4,281.0 Hunter Mill - 120.0 Parklawn
Ilda Community,Week1,Wakefield Chapel,Week5,351.0 Wakefield Chapel - 50.0 Ilda Community
Ilda Community,Week3,Mosby Woods,Week2,325.0 Mosby Woods - 77.0 Ilda Community
Hunter Mill,Week2,Mosby Woods,Week4,210.0 Mosby Woods - 192.0 Hunter Mill
Ilda Community,Week5,Mosby Woods,Week1,326.0 Mosby Woods - 75.0 Ilda Community
Hunter Mill,Week4,Dunn Loring,Week3,229.0 Dunn Loring - 173.0 Hunter Mill
Ilda Community,Week3,Sleepy Hollow B & R,Week1,287.0 Sleepy Hollow B & R - 115.0 Ilda Community
Hunter Mill,Week2,Dunn Loring,Week5,244.0 Dunn Loring - 158.0 Hunter Mill
Hunter Mill,Week2,Mosby Woods,Week1,232.0 Mosby Woods - 170.0 Hunter Mill
Ilda Community,Week4,Mosby Woods,Week2,316.0 Mosby Woods - 86.0 Ilda Community
Ilda Community,Week4,McLean,Week3,327.0 McLean - 75.0 Ilda Community
Hunter Mill,Week5,Dunn Loring,Week1,216.0 Hunter Mill - 186.0 Dunn Loring
Ilda Community,Week3,Hunt Valley,Week3,342.0 Hunt Valley - 60.0 Ilda Community
Hunter Mill,Week5,Mosby Woods,Week2,203.0 Mosby Woods - 199.0 Hunter Mill
Hunter Mill,Week2,Mosby Woods,Week5,247.5 Mosby Woods - 154.5 Hunter Mill
Hunter Mill,Week3,Mosby Woods,Week1,217.0 Mosby Woods - 185.0 Hunter Mill
Ilda Community,Week4,Hunt Valley,Week1,328.0 Hunt Valley - 74.0 Ilda Community
Ilda Community,Week4,Hunt Valley,Week4,332.0 Hunt Valley - 70.0 Ilda Community
Hunter Mill,Week5,Overlee,Week2,272.5 Overlee - 129.5 Hunter Mill
Hunter Mill,Week1,Overlee,Week4,334.0 Overlee - 68.0 Hunter Mill
Ilda Community,Week2,Sleepy Hollow B & R,Week2,313.0 Sleepy Hollow B & R - 89.0 Ilda Community
Ilda Community,Week1,Hunter Mill,Week2,301.0 Hunter Mill - 97.0 Ilda Community
Hunter Mill,Week2,Overlee,Week4,338.5 Overlee - 63.5 Hunter Mill
Ilda Community,Week3,Wakefield Chapel,Week4,340.0 Wakefield Chapel - 62.0 Ilda Community
Ilda Community,Week3,Wakefield Chapel,Week2,344.0 Wakefield Chapel - 58.0 Ilda Community
Ilda Community,Week2,Hunter Mill,Week5,324.0 Hunter Mill - 78.0 Ilda Community
Hunter Mill,Week4,Dunn Loring,Week5,226.0 Dunn Loring - 176.0 Hunter Mill
Hunter Mill,Week2,Parklawn,Week3,298.0 Hunter Mill - 104.0 Parklawn
Ilda Community,Week2,Hunter Mill,Week3,317.0 Hunter Mill - 85.0 Ilda Community
Hunter Mill,Week1,Parklawn,Week1,297.0 Hunter Mill - 96.0 Parklawn
Hunter Mill,Week2,Greenbriar,Week2,214.0 Hunter Mill - 188.0 Greenbriar
Ilda Community,Week2,Mosby Woods,Week1,334.0 Mosby Woods - 68.0 Ilda Community
Hunter Mill,Week5,Dowden Terrace,Week5,230.0 Hunter Mill - 172.0 Dowden Terrace
Ilda Community,Week3,Virginia Run,Week5,314.0 Virginia Run - 88.0 Ilda Community
Ilda Community,Week3,Sleepy Hollow B & R,Week3,299.0 Sleepy Hollow B & R - 102.0 Ilda Community
Ilda Community,Week1,Sleepy Hollow B & R,Week5,322.0 Sleepy Hollow B & R - 79.0 Ilda Community
Hunter Mill,Week3,Great Falls,Week2,251.0 Hunter Mill - 133.0 Great Falls
Ilda Community,Week3,Mosby Woods,Week4,328.0 Mosby Woods - 73.0 Ilda Community
Ilda Community,Week4,Hunter Mill,Week1,291.0 Hunter Mill - 111.0 Ilda Community
Ilda Community,Week1,Mosby Woods,Week4,314.0 Mosby Woods - 87.0 Ilda Community
Ilda Community,Week5,Hunter Mill,Week3,311.0 Hunter Mill - 91.0 Ilda Community
Ilda Community,Week3,Sleepy Hollow B & R,Week4,314.0 Sleepy Hollow B & R - 88.0 Ilda Community
Hunter Mill,Week2,Great Falls,Week3,209.0 Hunter Mill - 193.0 Great Falls
Hunter Mill,Week2,Mosby Woods,Week2,233.0 Mosby Woods - 169.0 Hunter Mill
Hunter Mill,Week3,Mosby Woods,Week2,215.0 Mosby Woods - 187.0 Hunter Mill
Hunter Mill,Week5,Great Falls,Week1,278.0 Hunter Mill - 124.0 Great Falls
Hunter Mill,Week2,Parklawn,Week1,299.0 Hunter Mill - 93.0 Parklawn
Hunter Mill,Week5,Dunn Loring,Week2,212.5 Dunn Loring - 189.5 Hunter Mill
Ilda Community,Week4,Virginia Run,Week5,307.0 Virginia Run - 95.0 Ilda Community
Hunter Mill,Week4,Mosby Woods,Week1,221.0 Mosby Woods - 181.0 Hunter Mill
Ilda Community,Week2,Mosby Woods,Week2,333.0 Mosby Woods - 69.0 Ilda Community
Hunter Mill,Week5,Overlee,Week1,269.0 Overlee - 133.0 Hunter Mill
Hunter Mill,Week5,Great Falls,Week4,247.0 Hunter Mill - 155.0 Great Falls
Hunter Mill,Week5,Mosby Woods,Week1,208.0 Mosby Woods - 194.0 Hunter Mill
Ilda Community,Week2,Sleepy Hollow B & R,Week5,331.0 Sleepy Hollow B & R - 71.0 Ilda Community
Ilda Community,Week4,Mosby Woods,Week1,314.0 Mosby Woods - 88.0 Ilda Community
Hunter Mill,Week4,Dunn Loring,Week2,220.0 Dunn Loring - 182.0 Hunter Mill
Ilda Community,Week4,Sleepy Hollow B & R,Week2,276.0 Sleepy Hollow B & R - 126.0 Ilda Community
Ilda Community,Week3,Mosby Woods,Week1,330.0 Mosby Woods - 72.0 Ilda Community
Ilda Community,Week4,Sleepy Hollow B & R,Week1,273.0 Sleepy Hollow B & R - 129.0 Ilda Community
Hunter Mill,Week4,Dunn Loring,Week1,208.0 Hunter Mill - 194.0 Dunn Loring
Ilda Community,Week1,Wakefield Chapel,Week4,340.0 Wakefield Chapel - 62.0 Ilda Community
Hunter Mill,Week4,Parklawn,Week1,309.0 Hunter Mill - 83.0 Parklawn
Hunter Mill,Week2,Parklawn,Week5,276.0 Hunter Mill - 126.0 Parklawn
Ilda Community,Week2,Wakefield Chapel,Week2,353.0 Wakefield Chapel - 49.0 Ilda Community
Ilda Community,Week3,Ilda Community,Week4,244.0 Ilda Community (IC2) - 156.0 Ilda Community (IC1)
Ilda Community,Week4,Virginia Run,Week2,268.0 Virginia Run - 134.0 Ilda Community
Hunter Mill,Week4,Mosby Woods,Week3,204.0 Mosby Woods - 198.0 Hunter Mill
Hunter Mill,Week3,Mosby Woods,Week4,209.5 Hunter Mill - 191.5 Mosby Woods
Ilda Community,Week3,Sleepy Hollow B & R,Week5,319.0 Sleepy Hollow B & R - 82.0 Ilda Community
Hunter Mill,Week4,Great Falls,Week1,258.0 Hunter Mill - 144.0 Great Falls
Hunter Mill,Week3,Parklawn,Week4,279.0 Hunter Mill - 123.0 Parklawn
Ilda Community,Week1,Ilda Community,Week2,208.0 Ilda Community (IC1) - 190.0 Ilda Community (IC2)
Hunter Mill,Week5,Dowden Terrace,Week2,255.0 Hunter Mill - 147.0 Dowden Terrace
Ilda Community,Week4,Hunter Mill,Week4,300.0 Hunter Mill - 101.0 Ilda Community
Hunter Mill,Week2,Greenbriar,Week3,219.0 Hunter Mill - 183.0 Greenbriar
Hunter Mill,Week4,Mosby Woods,Week2,213.0 Mosby Woods - 189.0 Hunter Mill
Ilda Community,Week1,Mosby Woods,Week2,328.0 Mosby Woods - 73.0 Ilda Community
Ilda Community,Week5,Virginia Run,Week1,299.0 Virginia Run - 103.0 Ilda Community
Hunter Mill,Week3,Dunn Loring,Week4,233.0 Dunn Loring - 169.0 Hunter Mill
Hunter Mill,Week3,Great Falls,Week4,246.0 Hunter Mill - 156.0 Great Falls
Hunter Mill,Week1,Parklawn,Week3,297.0 Hunter Mill - 105.0 Parklawn
Hunter Mill,Week4,Parklawn,Week2,298.0 Hunter Mill - 103.0 Parklawn
Hunter Mill,Week3,Parklawn,Week1,303.5 Hunter Mill - 89.5 Parklawn
Hunter Mill,Week1,Greenbriar,Week5,227.5 Hunter Mill - 174.5 Greenbriar
Ilda Community,Week5,Mosby Woods,Week4,322.0 Mosby Woods - 78.0 Ilda Community
Ilda Community,Week5,Mosby Woods,Week3,324.0 Mosby Woods - 77.0 Ilda Community
Ilda Community,Week4,Wakefield Chapel,Week1,344.0 Wakefield Chapel - 58.0 Ilda Community
Ilda Community,Week3,Wakefield Chapel,Week5,365.0 Wakefield Chapel - 37.0 Ilda Community
Ilda Community,Week4,Wakefield Chapel,Week2,334.0 Wakefield Chapel - 68.0 Ilda Community
Hunter Mill,Week1,Greenbriar,Week1,216.0 Hunter Mill - 186.0 Greenbriar
Ilda Community,Week4,Sleepy Hollow B & R,Week4,289.0 Sleepy Hollow B & R - 113.0 Ilda Community
Hunter Mill,Week1,Dunn Loring,Week2,248.0 Dunn Loring - 154.0 Hunter Mill
Ilda Community,Week3,Hunter Mill,Week2,294.0 Hunter Mill - 107.0 Ilda Community
Hunter Mill,Week1,Dunn Loring,Week1,211.0 Dunn Loring - 191.0 Hunter Mill
Ilda Community,Week5,Sleepy Hollow B & R,Week1,285.0 Sleepy Hollow B & R - 117.0 Ilda Community
Hunter Mill,Week4,Mosby Woods,Week4,203.5 Mosby Woods - 198.5 Hunter Mill
Hunter Mill,Week3,Parklawn,Week5,279.0 Hunter Mill - 123.0 Parklawn
Ilda Community,Week5,Sleepy Hollow B & R,Week2,310.0 Sleepy Hollow B & R - 92.0 Ilda Community
Ilda Community,Week4,Mosby Woods,Week3,320.0 Mosby Woods - 82.0 Ilda Community
Ilda Community,Week3,Ilda Community,Week1,208.0 Ilda Community (IC2) - 190.0 Ilda Community (IC1)
Hunter Mill,Week1,Dunn Loring,Week3,242.0 Dunn Loring - 160.0 Hunter Mill
Hunter Mill,Week5,Mosby Woods,Week5,202.0 Hunter Mill - 200.0 Mosby Woods
Ilda Community,Week1,Wakefield Chapel,Week1,342.0 Wakefield Chapel - 60.0 Ilda Community
Hunter Mill,Week5,Great Falls,Week3,233.0 Hunter Mill - 169.0 Great Falls
Hunter Mill,Week1,Mount Vernon Park,Week1,223.0 Mount Vernon Park - 179.0 Hunter Mill
Hunter Mill,Week2,Mosby Woods,Week3,225.0 Mosby Woods - 177.0 Hunter Mill
Ilda Community,Week1,Ilda Community,Week4,222.0 Ilda Community (IC2) - 176.0 Ilda Community (IC1)
Ilda Community,Week5,Mosby Woods,Week2,326.0 Mosby Woods - 75.0 Ilda Community
Hunter Mill,Week1,Parklawn,Week5,284.0 Hunter Mill - 118.0 Parklawn
Ilda Community,Week4,Mosby Woods,Week4,310.0 Mosby Woods - 92.0 Ilda Community
Ilda Community,Week1,Ilda Community,Week3,208.0 Ilda Community (IC1) - 190.0 Ilda Community (IC2)
Ilda Community,Week4,Hunter Mill,Week3,305.0 Hunter Mill - 97.0 Ilda Community
Ilda Community,Week5,Sleepy Hollow B & R,Week3,302.0 Sleepy Hollow B & R - 99.0 Ilda Community
Ilda Community,Week5,Sleepy Hollow B & R,Week4,318.0 Sleepy Hollow B & R - 84.0 Ilda Community
Hunter Mill,Week4,Great Falls,Week3,242.0 Hunter Mill - 160.0 Great Falls
Ilda Community,Week3,Hunter Mill,Week1,298.0 Hunter Mill - 99.0 Ilda Community
Hunter Mill,Week1,Dunn Loring,Week5,241.0 Dunn Loring - 161.0 Hunter Mill
Hunter Mill,Week2,Dunn Loring,Week1,207.0 Dunn Loring - 195.0 Hunter Mill
Hunter Mill,Week2,Great Falls,Week4,239.0 Hunter Mill - 163.0 Great Falls
Hunter Mill,Week2,Parklawn,Week4,280.0 Hunter Mill - 118.0 Parklawn
Hunter Mill,Week5,Mosby Woods,Week3,202.0 Mosby Woods - 200.0 Hunter Mill
Ilda Community,Week2,Wakefield Chapel,Week5,364.0 Wakefield Chapel - 38.0 Ilda Community
Ilda Community,Week2,Mosby Woods,Week5,335.0 Mosby Woods - 67.0 Ilda Community
Hunter Mill,Week2,Parklawn,Week2,290.0 Hunter Mill - 111.0 Parklawn
Ilda Community,Week1,Walden Glen,Week3,227.0 Walden Glen - 171.0 Ilda Community
Ilda Community,Week4,Wakefield Chapel,Week3,345.0 Wakefield Chapel - 57.0 Ilda Community
Ilda Community,Week2,Ilda Community,Week1,208.0 Ilda Community (IC2) - 190.0 Ilda Community (IC1)
Hunter Mill,Week2,Dunn Loring,Week2,236.0 Dunn Loring - 166.0 Hunter Mill
Hunter Mill,Week3,Dunn Loring,Week1,205.0 Dunn Loring - 197.0 Hunter Mill
Hunter Mill,Week2,Mount Vernon Park,Week5,234.0 Mount Vernon Park - 168.0 Hunter Mill
Ilda Community,Week4,Wakefield Chapel,Week5,355.0 Wakefield Chapel - 47.0 Ilda Community
Ilda Community,Week1,Sleepy Hollow Rec,Week1,209.0 Sleepy Hollow Rec - 193.0 Ilda Community
Ilda Community,Week1,Mount Vernon Park,Week1,299.0 Mount Vernon Park - 103.0 Ilda Community
Hunter Mill,Week3,Dunn Loring,Week3,235.0 Dunn Loring - 167.0 Hunter Mill
Ilda Community,Week1,Ilda Community,Week5,207.0 Ilda Community (IC2) - 186.0 Ilda Community (IC1)
Hunter Mill,Week1,Greenbriar,Week4,261.0 Hunter Mill - 141.0 Greenbriar
Hunter Mill,Week2,Mount Vernon Park,Week2,223.0 Mount Vernon Park - 179.0 Hunter Mill
Ilda Community,Week1,Sleepy Hollow Rec,Week2,219.0 Sleepy Hollow Rec - 182.0 Ilda Community
Ilda Community,Week2,Ilda Community,Week2,200.5 Ilda Community (IC1) - 200.5 Ilda Community (IC2)
Ilda Community,Week1,Mount Vernon Park,Week3,314.0 Mount Vernon Park - 88.0 Ilda Community
Ilda Community,Week4,Mount Vernon Park,Week3,307.0 Mount Vernon Park - 95.0 Ilda Community
Hunter Mill,Week4,Mosby Woods,Week5,220.0 Mosby Woods - 182.0 Hunter Mill
Hunter Mill,Week1,Mount Vernon Park,Week2,224.0 Mount Vernon Park - 178.0 Hunter Mill
Hunter Mill,Week5,Dowden Terrace,Week4,237.0 Hunter Mill - 165.0 Dowden Terrace
Hunter Mill,Week4,Parklawn,Week4,276.0 Hunter Mill - 122.0 Parklawn
Ilda Community,Week4,Wakefield Chapel,Week4,334.0 Wakefield Chapel - 68.0 Ilda Community
Ilda Community,Week4,Sleepy Hollow B & R,Week5,309.0 Sleepy Hollow B & R - 92.0 Ilda Community
Hunter Mill,Week5,Great Falls,Week2,277.0 Hunter Mill - 107.0 Great Falls
Hunter Mill,Week1,Parklawn,Week2,295.0 Hunter Mill - 107.0 Parklawn
Hunter Mill,Week4,Great Falls,Week4,254.0 Hunter Mill - 147.0 Great Falls
Ilda Community,Week5,Sleepy Hollow B & R,Week5,323.0 Sleepy Hollow B & R - 78.0 Ilda Community
Hunter Mill,Week3,Mount Vernon Park,Week1,215.0 Mount Vernon Park - 187.0 Hunter Mill
Hunter Mill,Week4,Parklawn,Week3,296.0 Hunter Mill - 106.0 Parklawn
Ilda Community,Week2,Walden Glen,Week1,221.0 Walden Glen - 181.0 Ilda Community
Ilda Community,Week2,Ilda Community,Week5,210.0 Ilda Community (IC2) - 188.0 Ilda Community (IC1)
Ilda Community,Week5,Hunter Mill,Week1,311.0 Hunter Mill - 90.0 Ilda Community
Hunter Mill,Week5,Parklawn,Week4,292.0 Hunter Mill - 110.0 Parklawn
Ilda Community,Week5,Hunter Mill,Week4,309.0 Hunter Mill - 89.0 Ilda Community
Hunter Mill,Week3,Great Falls,Week3,233.0 Hunter Mill - 169.0 Great Falls
Hunter Mill,Week2,Great Falls,Week5,212.0 Hunter Mill - 190.0 Great Falls
Ilda Community,Week1,Sleepy Hollow Rec,Week3,239.0 Sleepy Hollow Rec - 162.0 Ilda Community
Hunter Mill,Week3,Parklawn,Week3,300.0 Hunter Mill - 102.0 Parklawn
Ilda Community,Week3,Mount Vernon Park,Week4,324.0 Mount Vernon Park - 78.0 Ilda Community
Ilda Community,Week5,Mount Vernon Park,Week5,328.0 Mount Vernon Park - 73.0 Ilda Community
Hunter Mill,Week3,Mount Vernon Park,Week3,215.0 Mount Vernon Park - 187.0 Hunter Mill
Hunter Mill,Week2,Mount Vernon Park,Week3,226.0 Mount Vernon Park - 176.0 Hunter Mill
Ilda Community,Week5,Mount Vernon Park,Week2,323.0 Mount Vernon Park - 79.0 Ilda Community
Hunter Mill,Week3,Great Falls,Week1,258.0 Hunter Mill - 144.0 Great Falls
Hunter Mill,Week3,Mount Vernon Park,Week2,204.0 Hunter Mill - 198.0 Mount Vernon Park
Hunter Mill,Week3,Dunn Loring,Week5,236.0 Dunn Loring - 166.0 Hunter Mill
Ilda Community,Week5,Mount Vernon Park,Week1,309.0 Mount Vernon Park - 93.0 Ilda Community
Hunter Mill,Week4,Great Falls,Week2,259.0 Hunter Mill - 125.0 Great Falls
Ilda Community,Week3,Hunter Mill,Week4,310.0 Hunter Mill - 91.0 Ilda Community
Ilda Community,Week1,Mount Vernon Park,Week5,327.0 Mount Vernon Park - 70.0 Ilda Community
Ilda Community,Week2,Walden Glen,Week5,274.0 Walden Glen - 127.0 Ilda Community
Ilda Community,Week5,Wakefield Chapel,Week4,344.5 Wakefield Chapel - 57.5 Ilda Community
Ilda Community,Week5,Wakefield Chapel,Week3,353.0 Wakefield Chapel - 49.0 Ilda Community
Hunter Mill,Week5,Parklawn,Week1,304.0 Hunter Mill - 89.0 Parklawn
Hunter Mill,Week3,Parklawn,Week2,297.0 Hunter Mill - 105.0 Parklawn
Ilda Community,Week5,Hunter Mill,Week5,313.0 Hunter Mill - 89.0 Ilda Community
Ilda Community,Week5,Walden Glen,Week5,276.0 Walden Glen - 121.0 Ilda Community
Hunter Mill,Week4,Mount Vernon Park,Week2,208.0 Mount Vernon Park - 194.0 Hunter Mill
Hunter Mill,Week4,Mount Vernon Park,Week1,216.0 Mount Vernon Park - 186.0 Hunter Mill
Hunter Mill,Week1,Hamlet,Week1,249.0 Hamlet - 153.0 Hunter Mill
Ilda Community,Week5,Walden Glen,Week3,228.0 Walden Glen - 170.0 Ilda Community
Hunter Mill,Week2,Mount Vernon Park,Week4,208.0 Mount Vernon Park - 194.0 Hunter Mill
Ilda Community,Week3,Hunter Mill,Week3,315.0 Hunter Mill - 86.0 Ilda Community
Hunter Mill,Week1,Greenbriar,Week2,209.0 Hunter Mill - 193.0 Greenbriar
Ilda Community,Week1,Newington Forest,Week4,203.0 Newington Forest - 198.0 Ilda Community
Ilda Community,Week5,Walden Glen,Week4,240.0 Walden Glen - 157.0 Ilda Community
Ilda Community,Week2,Ilda Community,Week3,202.0 Ilda Community (IC1) - 199.0 Ilda Community (IC2)
Hunter Mill,Week5,Parklawn,Week5,289.0 Hunter Mill - 113.0 Parklawn
Hunter Mill,Week5,Great Falls,Week5,237.0 Hunter Mill - 165.0 Great Falls
Ilda Community,Week1,Newington Forest,Week5,219.0 Newington Forest - 182.0 Ilda Community
Hunter Mill,Week1,Mount Vernon Park,Week5,232.0 Mount Vernon Park - 170.0 Hunter Mill
Hunter Mill,Week1,Greenbriar,Week3,213.0 Hunter Mill - 189.0 Greenbriar
Hunter Mill,Week1,Mount Vernon Park,Week4,219.5 Mount Vernon Park - 182.5 Hunter Mill
Hunter Mill,Week5,Greenbriar,Week1,253.5 Hunter Mill - 148.5 Greenbriar
Hunter Mill,Week2,Mount Vernon Park,Week1,228.0 Mount Vernon Park - 174.0 Hunter Mill
Hunter Mill,Week1,Parliament,Week5,239.5 Hunter Mill - 157.5 Parliament
Hunter Mill,Week1,Parliament,Week4,248.0 Hunter Mill - 149.0 Parliament
Hunter Mill,Week2,Parliament,Week3,225.0 Hunter Mill - 177.0 Parliament
Ilda Community,Week3,Hunter Mill,Week5,317.0 Hunter Mill - 85.0 Ilda Community
Hunter Mill,Week2,Parliament,Week2,227.0 Hunter Mill - 175.0 Parliament
Ilda Community,Week3,Mount Vernon Park,Week5,324.5 Mount Vernon Park - 77.5 Ilda Community
Hunter Mill,Week4,Great Falls,Week5,229.0 Hunter Mill - 173.0 Great Falls
Ilda Community,Week4,Hunter Mill,Week2,286.0 Hunter Mill - 115.0 Ilda Community
Ilda Community,Week1,Newington Forest,Week1,227.0 Ilda Community - 170.0 Newington Forest
Ilda Community,Week4,Mount Vernon Park,Week1,298.0 Mount Vernon Park - 104.0 Ilda Community
Hunter Mill,Week3,Great Falls,Week5,224.0 Hunter Mill - 177.0 Great Falls
Ilda Community,Week2,Mount Vernon Park,Week4,330.0 Mount Vernon Park - 72.0 Ilda Community
Ilda Community,Week1,Walden Glen,Week2,236.0 Walden Glen - 157.0 Ilda Community
Ilda Community,Week2,Mount Vernon Park,Week5,328.0 Mount Vernon Park - 74.0 Ilda Community
Ilda Community,Week1,Waynewood,Week1,279.0 Waynewood - 123.0 Ilda Community
Ilda Community,Week1,Ilda Community,Week1,194.0 Ilda Community (IC1) - 194.0 Ilda Community (IC2)
Hunter Mill,Week2,Hamlet,Week2,256.0 Hamlet - 146.0 Hunter Mill
Hunter Mill,Week1,Parliament,Week3,244.0 Hunter Mill - 158.0 Parliament
Ilda Community,Week2,Walden Glen,Week3,243.0 Walden Glen - 158.0 Ilda Community
Ilda Community,Week4,Walden Glen,Week2,216.0 Walden Glen - 182.0 Ilda Community
Ilda Community,Week4,Hunter Mill,Week5,309.0 Hunter Mill - 93.0 Ilda Community
Ilda Community,Week3,Ilda Community,Week2,202.0 Ilda Community (IC2) - 199.0 Ilda Community (IC1)
Hunter Mill,Week3,Mount Vernon Park,Week4,212.0 Mount Vernon Park - 190.0 Hunter Mill
Hunter Mill,Week1,Parliament,Week2,240.0 Hunter Mill - 157.0 Parliament
Ilda Community,Week3,Walden Glen,Week4,243.0 Walden Glen - 153.0 Ilda Community
Hunter Mill,Week1,Newington Forest,Week4,311.0 Hunter Mill - 91.0 Newington Forest
Hunter Mill,Week2,Parliament,Week1,211.0 Hunter Mill - 190.0 Parliament
Hunter Mill,Week2,Newington Forest,Week5,279.0 Hunter Mill - 123.0 Newington Forest
Hunter Mill,Week3,Parliament,Week1,236.0 Hunter Mill - 165.0 Parliament
Ilda Community,Week2,Ilda Community,Week4,232.0 Ilda Community (IC2) - 169.0 Ilda Community (IC1)
Hunter Mill,Week1,Hamlet,Week4,229.0 Hamlet - 173.0 Hunter Mill
Hunter Mill,Week3,Mount Vernon Park,Week5,223.0 Mount Vernon Park - 179.0 Hunter Mill
Ilda Community,Week5,Wakefield Chapel,Week2,341.0 Wakefield Chapel - 60.0 Ilda Community
Hunter Mill,Week2,Parliament,Week4,237.0 Hunter Mill - 165.0 Parliament
Ilda Community,Week5,Hunter Mill,Week2,302.0 Hunter Mill - 96.0 Ilda Community
Hunter Mill,Week5,Greenbriar,Week2,236.0 Hunter Mill - 166.0 Greenbriar
Ilda Community,Week3,Mount Vernon Park,Week1,321.0 Mount Vernon Park - 81.0 Ilda Community
Hunter Mill,Week5,Parklawn,Week3,300.0 Hunter Mill - 102.0 Parklawn
Hunter Mill,Week3,Greenbriar,Week2,217.0 Hunter Mill - 185.0 Greenbriar
Hunter Mill,Week3,Newington Forest,Week1,336.0 Hunter Mill - 66.0 Newington Forest
Hunter Mill,Week2,Parliament,Week5,229.0 Hunter Mill - 173.0 Parliament
Ilda Community,Week4,Mount Vernon Park,Week2,294.0 Mount Vernon Park - 108.0 Ilda Community
Ilda Community,Week3,Walden Glen,Week1,201.0 Walden Glen - 195.0 Ilda Community
Ilda Community,Week2,Mount Vernon Park,Week3,337.0 Mount Vernon Park - 65.0 Ilda Community
Hunter Mill,Week1,Newington Forest,Week2,326.0 Hunter Mill - 76.0 Newington Forest
Ilda Community,Week5,Wakefield Chapel,Week5,365.0 Wakefield Chapel - 36.0 Ilda Community
Ilda Community,Week5,Mount Vernon Park,Week3,319.0 Mount Vernon Park - 83.0 Ilda Community
Ilda Community,Week1,Walden Glen,Week1,214.0 Walden Glen - 187.0 Ilda Community
Ilda Community,Week3,Ilda Community,Week5,216.0 Ilda Community (IC2) - 182.0 Ilda Community (IC1)
Hunter Mill,Week2,Hamlet,Week3,251.0 Hamlet - 151.0 Hunter Mill
Ilda Community,Week4,Mount Vernon Park,Week5,311.0 Mount Vernon Park - 91.0 Ilda Community
Ilda Community,Week3,Ilda Community,Week3,194.5 Ilda Community (IC1) - 194.5 Ilda Community (IC2)
Hunter Mill,Week5,Newington Forest,Week1,333.0 Hunter Mill - 69.0 Newington Forest
Ilda Community,Week4,Walden Glen,Week1,215.0 Ilda Community - 187.0 Walden Glen
Ilda Community,Week3,Mount Vernon Park,Week2,326.0 Mount Vernon Park - 76.0 Ilda Community
Hunter Mill,Week4,Kings Ridge ,Week2,337.0 Hunter Mill - 65.0 Kings Ridge
Ilda Community,Week5,Ilda Community,Week4,231.0 Ilda Community (IC2) - 167.0 Ilda Community (IC1)
Hunter Mill,Week5,Newington Forest,Week4,317.0 Hunter Mill - 85.0 Newington Forest
Hunter Mill,Week4,Greenbriar,Week4,270.5 Hunter Mill - 131.5 Greenbriar
Hunter Mill,Week1,Newington Forest,Week1,332.0 Hunter Mill - 70.0 Newington Forest
Hunter Mill,Week3,Greenbriar,Week3,227.0 Hunter Mill - 175.0 Greenbriar
Ilda Community,Week1,Mount Vernon Park,Week4,313.0 Mount Vernon Park - 89.0 Ilda Community
Hunter Mill,Week5,Greenbriar,Week5,262.0 Hunter Mill - 140.0 Greenbriar
Hunter Mill,Week4,Parliament,Week2,254.0 Hunter Mill - 148.0 Parliament
Hunter Mill,Week3,Kings Ridge ,Week4,308.0 Hunter Mill - 94.0 Kings Ridge
Hunter Mill,Week5,Parklawn,Week2,288.0 Hunter Mill - 114.0 Parklawn
Ilda Community,Week4,Ilda Community,Week2,232.0 Ilda Community (IC1) - 169.0 Ilda Community (IC2)
Hunter Mill,Week2,Kings Ridge ,Week2,306.0 Hunter Mill - 95.0 Kings Ridge
Ilda Community,Week4,Ilda Community,Week1,222.0 Ilda Community (IC1) - 176.0 Ilda Community (IC2)
Hunter Mill,Week2,Hamlet,Week4,236.0 Hamlet - 166.0 Hunter Mill
Ilda Community,Week2,Walden Glen,Week4,252.0 Walden Glen - 149.0 Ilda Community
Ilda Community,Week3,Walden Glen,Week5,281.0 Walden Glen - 120.0 Ilda Community
Hunter Mill,Week3,Pinecrest,Week2,242.0 Pinecrest - 160.0 Hunter Mill
Ilda Community,Week4,Ilda Community,Week3,244.0 Ilda Community (IC1) - 156.0 Ilda Community (IC2)
Hunter Mill,Week5,Mount Vernon Park,Week3,205.0 Mount Vernon Park - 197.0 Hunter Mill
Hunter Mill,Week1,Parliament,Week1,226.0 Hunter Mill - 171.0 Parliament
Ilda Community,Week1,Newington Forest,Week3,212.0 Ilda Community - 186.0 Newington Forest
Ilda Community,Week2,Walden Glen,Week2,239.0 Walden Glen - 159.0 Ilda Community
Ilda Community,Week5,Mount Vernon Park,Week4,326.0 Mount Vernon Park - 76.0 Ilda Community
Hunter Mill,Week1,Lake Braddock,Week1,347.0 Hunter Mill - 55.0 Lake Braddock
Hunter Mill,Week5,Newington Forest,Week2,325.0 Hunter Mill - 77.0 Newington Forest
Hunter Mill,Week4,Greenbriar,Week1,231.0 Hunter Mill - 171.0 Greenbriar
Ilda Community,Week5,Ilda Community,Week5,195.0 Ilda Community (IC1) - 195.0 Ilda Community (IC2)
Ilda Community,Week4,Mount Vernon Park,Week4,301.0 Mount Vernon Park - 101.0 Ilda Community
Hunter Mill,Week3,Parliament,Week5,248.0 Hunter Mill - 153.0 Parliament
Hunter Mill,Week4,Greenbriar,Week2,227.0 Hunter Mill - 175.0 Greenbriar
Hunter Mill,Week5,Parliament,Week3,254.0 Hunter Mill - 148.0 Parliament
Ilda Community,Week1,Walden Glen,Week5,269.0 Walden Glen - 129.0 Ilda Community
Hunter Mill,Week1,Newington Forest,Week5,296.0 Hunter Mill - 106.0 Newington Forest
Hunter Mill,Week4,Greenbriar,Week5,242.0 Hunter Mill - 160.0 Greenbriar
Hunter Mill,Week4,Parliament,Week1,233.0 Hunter Mill - 167.0 Parliament
Ilda Community,Week4,Ilda Community,Week4,200.0 Ilda Community (IC1) - 200.0 Ilda Community (IC2)
Ilda Community,Week1,Walden Glen,Week4,246.0 Walden Glen - 152.0 Ilda Community
Ilda Community,Week3,Mount Vernon Park,Week3,327.0 Mount Vernon Park - 75.0 Ilda Community
Ilda Community,Week1,Kent Gardens,Week4,273.0 Kent Gardens - 129.0 Ilda Community
Hunter Mill,Week4,Newington Forest,Week5,299.0 Hunter Mill - 103.0 Newington Forest
Ilda Community,Week4,Walden Glen,Week4,218.0 Walden Glen - 183.0 Ilda Community
Ilda Community,Week3,Kent Gardens,Week3,259.0 Kent Gardens - 143.0 Ilda Community
Ilda Community,Week3,Walden Glen,Week2,244.0 Walden Glen - 148.0 Ilda Community
Hunter Mill,Week4,Kings Ridge ,Week3,319.0 Hunter Mill - 79.0 Kings Ridge
Hunter Mill,Week2,Greenbriar,Week5,231.0 Hunter Mill - 171.0 Greenbriar
Ilda Community,Week1,Newington Forest,Week2,212.0 Ilda Community - 185.0 Newington Forest
Hunter Mill,Week2,Kings Ridge ,Week4,299.0 Hunter Mill - 103.0 Kings Ridge
Hunter Mill,Week2,Pinecrest,Week3,243.0 Pinecrest - 159.0 Hunter Mill
Hunter Mill,Week1,Pinecrest,Week4,241.0 Pinecrest - 161.0 Hunter Mill
Ilda Community,Week4,Kent Gardens,Week4,245.0 Kent Gardens - 157.0 Ilda Community
Ilda Community,Week3,Walden Glen,Week3,259.0 Walden Glen - 142.0 Ilda Community
Ilda Community,Week5,Ilda Community,Week1,207.0 Ilda Community (IC1) - 186.0 Ilda Community (IC2)
Ilda Community,Week2,Mount Vernon Park,Week2,326.0 Mount Vernon Park - 76.0 Ilda Community
Hunter Mill,Week5,Greenbriar,Week3,236.0 Hunter Mill - 166.0 Greenbriar
Ilda Community,Week1,North Springfield,Week3,219.0 Ilda Community - 176.0 North Springfield
Hunter Mill,Week2,Kings Ridge ,Week5,287.0 Hunter Mill - 115.0 Kings Ridge
Hunter Mill,Week5,Kings Ridge ,Week2,332.0 Hunter Mill - 70.0 Kings Ridge
Hunter Mill,Week3,Kings Ridge ,Week3,310.0 Hunter Mill - 92.0 Kings Ridge
Hunter Mill,Week2,Greenbriar,Week4,260.0 Hunter Mill - 142.0 Greenbriar
Hunter Mill,Week1,Newington Forest,Week3,322.0 Hunter Mill - 80.0 Newington Forest
Hunter Mill,Week5,Parliament,Week4,258.0 Hunter Mill - 144.0 Parliament
Hunter Mill,Week5,Mount Vernon Park,Week2,204.0 Mount Vernon Park - 198.0 Hunter Mill
Ilda Community,Week2,Mount Vernon Park,Week1,323.0 Mount Vernon Park - 79.0 Ilda Community
Hunter Mill,Week2,Kings Ridge ,Week3,300.0 Hunter Mill - 98.0 Kings Ridge
Ilda Community,Week4,Walden Glen,Week3,207.0 Walden Glen - 194.0 Ilda Community
Ilda Community,Week5,Kent Gardens,Week3,258.0 Kent Gardens - 144.0 Ilda Community
Hunter Mill,Week2,Newington Forest,Week1,320.0 Hunter Mill - 81.0 Newington Forest
Hunter Mill,Week3,Greenbriar,Week1,234.0 Hunter Mill - 168.0 Greenbriar
Ilda Community,Week5,Walden Glen,Week2,228.0 Walden Glen - 165.0 Ilda Community
Hunter Mill,Week3,Parliament,Week4,263.0 Hunter Mill - 139.0 Parliament
Hunter Mill,Week4,Mount Vernon Park,Week4,214.0 Mount Vernon Park - 188.0 Hunter Mill
Hunter Mill,Week3,Newington Forest,Week2,328.0 Hunter Mill - 74.0 Newington Forest
Ilda Community,Week2,North Springfield,Week3,234.0 Ilda Community - 161.0 North Springfield
Hunter Mill,Week4,Lake Braddock,Week5,327.0 Hunter Mill - 75.0 Lake Braddock
Ilda Community,Week3,Newington Forest,Week2,225.0 Ilda Community - 175.0 Newington Forest
Hunter Mill,Week5,Greenbriar,Week4,272.0 Hunter Mill - 130.0 Greenbriar
Hunter Mill,Week3,Greenbriar,Week5,237.0 Hunter Mill - 165.0 Greenbriar
Ilda Community,Week2,Kent Gardens,Week1,293.0 Kent Gardens - 109.0 Ilda Community
Ilda Community,Week5,Walden Glen,Week1,203.0 Ilda Community - 197.0 Walden Glen
Ilda Community,Week2,Newington Forest,Week2,221.0 Ilda Community - 179.0 Newington Forest
Hunter Mill,Week4,Pinecrest,Week4,223.5 Pinecrest - 178.5 Hunter Mill
Hunter Mill,Week1,Hamlet,Week5,285.0 Hamlet - 117.0 Hunter Mill
Ilda Community,Week3,Kent Gardens,Week1,284.0 Kent Gardens - 118.0 Ilda Community
Hunter Mill,Week1,Lake Braddock,Week2,329.0 Hunter Mill - 73.0 Lake Braddock
Ilda Community,Week4,Walden Glen,Week5,245.0 Walden Glen - 156.0 Ilda Community
Hunter Mill,Week4,Newington Forest,Week1,326.0 Hunter Mill - 75.0 Newington Forest
Hunter Mill,Week3,Parliament,Week3,256.0 Hunter Mill - 145.0 Parliament
Hunter Mill,Week4,Kings Ridge ,Week4,316.0 Hunter Mill - 86.0 Kings Ridge
Kings Ridge ,Week4,Lee Graham,Week4,318.0 Lee Graham - 84.0 Kings Ridge
Kent Gardens,Week1,Highlands Swim,Week5,313.0 Highlands Swim - 89.0 Kent Gardens
Lake Braddock,Week4,Camelot,Week3,239.0 Camelot - 163.0 Lake Braddock
Kings Ridge ,Week5,Fairfax,Week5,326.0 Fairfax - 76.0 Kings Ridge
Lake Braddock,Week1,Canterbury Woods,Week5,252.0 Canterbury Woods - 149.0 Lake Braddock
Kings Ridge ,Week4,Lee Graham,Week5,330.0 Lee Graham - 72.0 Kings Ridge
Kings Ridge ,Week2,Pinecrest,Week1,335.0 Pinecrest - 67.0 Kings Ridge
Kent Gardens,Week3,Poplar Heights,Week5,249.0 Poplar Heights - 152.0 Kent Gardens
Kings Ridge ,Week2,Pinecrest,Week4,345.0 Pinecrest - 57.0 Kings Ridge
Kings Ridge ,Week2,Pinecrest,Week5,343.5 Pinecrest - 58.5 Kings Ridge
Lake Braddock,Week1,Canterbury Woods,Week1,258.0 Canterbury Woods - 144.0 Lake Braddock
Kent Gardens,Week1,Highlands Swim,Week4,293.0 Highlands Swim - 109.0 Kent Gardens
Lake Braddock,Week5,Camelot,Week4,237.0 Camelot - 165.0 Lake Braddock
Kent Gardens,Week2,Highlands Swim,Week2,321.0 Highlands Swim - 81.0 Kent Gardens
Kings Ridge ,Week1,Parliament,Week2,242.0 Parliament - 160.0 Kings Ridge
Kent Gardens,Week4,Highlands Swim,Week4,293.0 Highlands Swim - 109.0 Kent Gardens
Kings Ridge ,Week1,Fair Oaks ,Week3,313.0 Fair Oaks - 89.0 Kings Ridge
Lake Braddock,Week2,Canterbury Woods,Week1,216.5 Canterbury Woods - 185.5 Lake Braddock
Kent Gardens,Week1,Poplar Tree,Week3,221.0 Poplar Tree - 181.0 Kent Gardens
Kings Ridge ,Week3,Lee Graham,Week5,332.0 Lee Graham - 70.0 Kings Ridge
Kent Gardens,Week4,Poplar Heights,Week2,227.0 Poplar Heights - 175.0 Kent Gardens
Lake Braddock,Week5,Camelot,Week5,246.0 Camelot - 155.0 Lake Braddock
Lake Braddock,Week1,Canterbury Woods,Week3,276.0 Canterbury Woods - 126.0 Lake Braddock
Kent Gardens,Week1,Highlands Swim,Week2,303.0 Highlands Swim - 99.0 Kent Gardens
Kent Gardens,Week2,Poplar Tree,Week3,240.0 Poplar Tree - 162.0 Kent Gardens
Kent Gardens,Week1,Hollin Hills,Week4,303.0 Kent Gardens - 98.0 Hollin Hills
Kent Gardens,Week1,Hollin Hills,Week3,288.0 Kent Gardens - 113.0 Hollin Hills
Kings Ridge ,Week1,Fairfax,Week5,361.0 Fairfax - 41.0 Kings Ridge
Kent Gardens,Week1,Hollin Hills,Week2,305.0 Kent Gardens - 93.0 Hollin Hills
Kings Ridge ,Week1,Pinecrest,Week4,336.0 Pinecrest - 66.0 Kings Ridge
Kings Ridge ,Week1,Lee Graham,Week5,341.0 Lee Graham - 61.0 Kings Ridge
Kings Ridge ,Week4,Parliament,Week2,215.0 Parliament - 187.0 Kings Ridge
Kent Gardens,Week1,Hollin Hills,Week5,286.0 Kent Gardens - 112.0 Hollin Hills
Kings Ridge ,Week3,Lee Graham,Week3,323.0 Lee Graham - 79.0 Kings Ridge
Kent Gardens,Week4,Highlands Swim,Week3,305.0 Highlands Swim - 97.0 Kent Gardens
Kings Ridge ,Week1,Lee Graham,Week3,336.0 Lee Graham - 66.0 Kings Ridge
Kings Ridge ,Week5,Laurel Hill,Week3,206.0 Kings Ridge - 196.0 Laurel Hill
Kings Ridge ,Week3,Fairfax Club Estates,Week4,232.0 Fairfax Club Estates - 169.0 Kings Ridge
Lake Braddock,Week5,Camelot,Week3,230.0 Camelot - 172.0 Lake Braddock
Kings Ridge ,Week2,Fairfax,Week5,340.5 Fairfax - 61.5 Kings Ridge
Kings Ridge ,Week5,Fairfax,Week1,299.0 Fairfax - 103.0 Kings Ridge
Kent Gardens,Week4,Poplar Heights,Week3,232.0 Poplar Heights - 170.0 Kent Gardens
Kings Ridge ,Week5,Laurel Hill,Week1,221.0 Kings Ridge - 181.0 Laurel Hill
Kings Ridge ,Week4,Lee Graham,Week1,314.0 Lee Graham - 88.0 Kings Ridge
Kent Gardens,Week1,Highlands Swim,Week3,293.0 Highlands Swim - 109.0 Kent Gardens
Kings Ridge ,Week1,Lee Graham,Week4,330.0 Lee Graham - 72.0 Kings Ridge
Kent Gardens,Week2,Poplar Heights,Week4,258.0 Poplar Heights - 144.0 Kent Gardens
Lake Braddock,Week5,Camelot,Week2,224.0 Camelot - 178.0 Lake Braddock
Kent Gardens,Week5,Highlands Swim,Week5,290.0 Highlands Swim - 112.0 Kent Gardens
Kings Ridge ,Week3,Fairfax,Week4,314.0 Fairfax - 88.0 Kings Ridge
Kings Ridge ,Week4,Lee Graham,Week3,323.0 Lee Graham - 79.0 Kings Ridge
Kings Ridge ,Week1,Fairfax,Week1,316.0 Fairfax - 86.0 Kings Ridge
Kings Ridge ,Week5,Fairfax,Week4,309.0 Fairfax - 93.0 Kings Ridge
Kings Ridge ,Week3,Fair Oaks ,Week4,285.0 Fair Oaks - 117.0 Kings Ridge
Kings Ridge ,Week4,Laurel Hill,Week5,227.0 Laurel Hill - 175.0 Kings Ridge
Kent Gardens,Week5,Poplar Heights,Week1,231.0 Kent Gardens - 171.0 Poplar Heights
Kings Ridge ,Week1,Pinecrest,Week2,351.0 Pinecrest - 51.0 Kings Ridge
Kings Ridge ,Week2,Lee Graham,Week3,332.0 Lee Graham - 70.0 Kings Ridge
Kent Gardens,Week3,Highlands Swim,Week2,312.0 Highlands Swim - 90.0 Kent Gardens
Lake Braddock,Week3,Canterbury Woods,Week2,210.0 Canterbury Woods - 192.0 Lake Braddock
Kings Ridge ,Week4,Lee Graham,Week2,326.0 Lee Graham - 76.0 Kings Ridge
Kings Ridge ,Week1,Parliament,Week1,273.0 Parliament - 128.0 Kings Ridge
Lake Braddock,Week4,Canterbury Woods,Week4,250.0 Canterbury Woods - 152.0 Lake Braddock
Kings Ridge ,Week4,Parliament,Week5,241.0 Parliament - 160.0 Kings Ridge
Kings Ridge ,Week4,Fair Oaks ,Week2,259.0 Fair Oaks - 143.0 Kings Ridge
Kent Gardens,Week2,Poplar Heights,Week2,242.0 Poplar Heights - 159.0 Kent Gardens
Kings Ridge ,Week3,Parliament,Week2,230.0 Parliament - 170.0 Kings Ridge
Kings Ridge ,Week1,Fairfax,Week2,346.0 Fairfax - 56.0 Kings Ridge
Kings Ridge ,Week3,Pinecrest,Week4,338.0 Pinecrest - 64.0 Kings Ridge
Lake Braddock,Week3,Canterbury Woods,Week4,243.0 Canterbury Woods - 159.0 Lake Braddock
Kings Ridge ,Week2,Parliament,Week4,248.0 Parliament - 153.0 Kings Ridge
Kent Gardens,Week1,Poplar Heights,Week5,224.0 Poplar Heights - 177.0 Kent Gardens
Lake Braddock,Week2,Canterbury Woods,Week3,251.0 Canterbury Woods - 151.0 Lake Braddock
Kent Gardens,Week2,Hollin Hills,Week2,284.0 Kent Gardens - 114.0 Hollin Hills
Kings Ridge ,Week3,Parliament,Week5,248.0 Parliament - 153.0 Kings Ridge
Lake Braddock,Week2,Canterbury Woods,Week5,237.0 Canterbury Woods - 164.0 Lake Braddock
Kings Ridge ,Week1,Parliament,Week5,269.5 Parliament - 131.5 Kings Ridge
Kent Gardens,Week1,Poplar Heights,Week4,223.0 Poplar Heights - 179.0 Kent Gardens
Kent Gardens,Week3,Poplar Heights,Week3,239.5 Poplar Heights - 162.5 Kent Gardens
Kent Gardens,Week5,Highlands Swim,Week3,262.0 Highlands Swim - 140.0 Kent Gardens
Kings Ridge ,Week5,Laurel Hill,Week5,215.0 Laurel Hill - 187.0 Kings Ridge
Kings Ridge ,Week2,Pinecrest,Week3,347.0 Pinecrest - 55.0 Kings Ridge
Kings Ridge ,Week5,Parliament,Week2,210.0 Parliament - 192.0 Kings Ridge
Kings Ridge ,Week5,Fair Oaks ,Week3,280.0 Fair Oaks - 122.0 Kings Ridge
Kings Ridge ,Week5,Parliament,Week1,232.0 Parliament - 170.0 Kings Ridge
Kent Gardens,Week1,Poplar Tree,Week1,234.0 Poplar Tree - 168.0 Kent Gardens
Kings Ridge ,Week2,Fair Oaks ,Week4,303.0 Fair Oaks - 99.0 Kings Ridge
Lake Braddock,Week3,Canterbury Woods,Week3,251.0 Canterbury Woods - 151.0 Lake Braddock
Kent Gardens,Week4,Poplar Heights,Week5,225.0 Poplar Heights - 177.0 Kent Gardens
Kings Ridge ,Week2,Fairfax,Week2,333.0 Fairfax - 69.0 Kings Ridge
Kings Ridge ,Week2,Fair Oaks ,Week3,292.0 Fair Oaks - 110.0 Kings Ridge
Kent Gardens,Week1,Hollin Hills,Week1,304.0 Kent Gardens - 97.0 Hollin Hills
Lake Braddock,Week2,Canterbury Woods,Week4,249.0 Canterbury Woods - 153.0 Lake Braddock
Kent Gardens,Week4,Highlands Swim,Week2,307.0 Highlands Swim - 95.0 Kent Gardens
Kent Gardens,Week2,Poplar Heights,Week3,253.0 Poplar Heights - 149.0 Kent Gardens
Kings Ridge ,Week3,Lee Graham,Week1,313.0 Lee Graham - 89.0 Kings Ridge
Kent Gardens,Week3,Poplar Heights,Week2,238.0 Poplar Heights - 163.0 Kent Gardens
Lake Braddock,Week1,Canterbury Woods,Week2,243.0 Canterbury Woods - 159.0 Lake Braddock
Kent Gardens,Week5,Poplar Heights,Week2,216.0 Kent Gardens - 186.0 Poplar Heights
Kings Ridge ,Week5,Fair Oaks ,Week4,272.0 Fair Oaks - 130.0 Kings Ridge
Lake Braddock,Week4,Canterbury Woods,Week2,216.0 Canterbury Woods - 186.0 Lake Braddock
Kent Gardens,Week5,Poplar Heights,Week3,205.0 Kent Gardens - 197.0 Poplar Heights
Kent Gardens,Week5,Poplar Heights,Week5,208.0 Kent Gardens - 194.0 Poplar Heights
Kent Gardens,Week2,Hollin Hills,Week4,295.0 Kent Gardens - 105.0 Hollin Hills
Kings Ridge ,Week1,Pinewood Lake,Week2,339.0 Kings Ridge - 61.0 Pinewood Lake
Kings Ridge ,Week1,Lee Graham,Week1,325.0 Lee Graham - 77.0 Kings Ridge
Lake Braddock,Week3,Canterbury Woods,Week5,228.0 Canterbury Woods - 173.0 Lake Braddock
Kent Gardens,Week2,Hollin Hills,Week5,276.0 Kent Gardens - 122.0 Hollin Hills
Kings Ridge ,Week3,Lee Graham,Week4,314.0 Lee Graham - 88.0 Kings Ridge
Kings Ridge ,Week5,Fairfax,Week3,315.0 Fairfax - 87.0 Kings Ridge
Kings Ridge ,Week3,Fairfax,Week3,315.0 Fairfax - 86.0 Kings Ridge
Kent Gardens,Week5,Poplar Heights,Week4,213.0 Kent Gardens - 189.0 Poplar Heights
Kings Ridge ,Week5,Lee Graham,Week1,312.0 Lee Graham - 90.0 Kings Ridge
Lake Braddock,Week5,Camelot,Week1,230.0 Camelot - 172.0 Lake Braddock
Kings Ridge ,Week3,Pinewood Lake,Week1,338.0 Kings Ridge - 47.0 Pinewood Lake
Kings Ridge ,Week2,Lee Graham,Week5,344.5 Lee Graham - 57.5 Kings Ridge
Kings Ridge ,Week2,Fairfax Club Estates,Week1,246.0 Fairfax Club Estates - 156.0 Kings Ridge
Kings Ridge ,Week1,Fairfax Club Estates,Week2,230.0 Fairfax Club Estates - 172.0 Kings Ridge
Kings Ridge ,Week3,Pinecrest,Week2,338.0 Pinecrest - 64.0 Kings Ridge
Lake Braddock,Week4,Canterbury Woods,Week3,246.0 Canterbury Woods - 156.0 Lake Braddock
Kent Gardens,Week2,Poplar Tree,Week5,253.0 Poplar Tree - 149.0 Kent Gardens
Lake Braddock,Week4,Camelot,Week5,259.0 Camelot - 143.0 Lake Braddock
Kings Ridge ,Week2,Lee Graham,Week1,325.0 Lee Graham - 77.0 Kings Ridge
Kings Ridge ,Week5,Lee Graham,Week2,316.0 Lee Graham - 86.0 Kings Ridge
Kings Ridge ,Week5,Laurel Hill,Week2,247.0 Kings Ridge - 155.0 Laurel Hill
Lake Braddock,Week1,Canterbury Woods,Week4,267.0 Canterbury Woods - 135.0 Lake Braddock
Kent Gardens,Week1,Poplar Tree,Week5,243.0 Poplar Tree - 159.0 Kent Gardens
Kent Gardens,Week3,Hollin Hills,Week2,291.0 Kent Gardens - 106.0 Hollin Hills
Lake Braddock,Week3,Canterbury Woods,Week1,226.0 Canterbury Woods - 176.0 Lake Braddock
Kings Ridge ,Week3,Fairfax,Week2,321.0 Fairfax - 81.0 Kings Ridge
Kings Ridge ,Week2,Pinecrest,Week2,347.0 Pinecrest - 55.0 Kings Ridge
Kent Gardens,Week3,Hollin Hills,Week4,296.0 Kent Gardens - 104.0 Hollin Hills
Kent Gardens,Week3,Hollin Hills,Week5,282.0 Kent Gardens - 115.0 Hollin Hills
Kings Ridge ,Week1,Pinecrest,Week5,330.0 Pinecrest - 72.0 Kings Ridge
Kings Ridge ,Week3,Fairfax,Week1,303.0 Fairfax - 99.0 Kings Ridge
Kings Ridge ,Week3,Pinecrest,Week1,323.0 Pinecrest - 79.0 Kings Ridge
Kent Gardens,Week2,Poplar Tree,Week2,241.0 Poplar Tree - 161.0 Kent Gardens
Kent Gardens,Week3,Hollin Hills,Week1,288.0 Kent Gardens - 113.0 Hollin Hills
Kings Ridge ,Week2,Fairfax Club Estates,Week2,236.0 Fairfax Club Estates - 166.0 Kings Ridge
Kings Ridge ,Week5,Laurel Hill,Week4,205.0 Kings Ridge - 197.0 Laurel Hill
Kent Gardens,Week3,Poplar Tree,Week4,221.0 Poplar Tree - 181.0 Kent Gardens
Kent Gardens,Week3,Poplar Tree,Week1,239.0 Poplar Tree - 163.0 Kent Gardens
Kings Ridge ,Week5,Lincolnia Park,Week5,230.0 Kings Ridge - 162.0 Lincolnia Park
Kent Gardens,Week3,Hollin Hills,Week3,278.0 Kent Gardens - 123.0 Hollin Hills
Kings Ridge ,Week3,Pinewood Lake,Week3,341.0 Kings Ridge - 42.0 Pinewood Lake
Kent Gardens,Week1,Ravensworth Farm,Week2,219.0 Kent Gardens - 183.0 Ravensworth Farm
Kent Gardens,Week4,Hollin Hills,Week2,292.0 Kent Gardens - 109.0 Hollin Hills
Lake Braddock,Week4,Camelot,Week2,232.0 Camelot - 170.0 Lake Braddock
Kings Ridge ,Week2,Fairfax Club Estates,Week4,252.0 Fairfax Club Estates - 150.0 Kings Ridge
Kings Ridge ,Week3,Fairfax,Week5,333.0 Fairfax - 69.0 Kings Ridge
Kings Ridge ,Week1,Lincolnia Park,Week1,239.0 Kings Ridge - 162.0 Lincolnia Park
Kings Ridge ,Week4,Pinecrest,Week2,335.0 Pinecrest - 67.0 Kings Ridge
Kent Gardens,Week3,Poplar Tree,Week5,257.0 Poplar Tree - 145.0 Kent Gardens
Lake Braddock,Week2,Canterbury Woods,Week2,217.0 Canterbury Woods - 185.0 Lake Braddock
Lake Braddock,Week4,Canterbury Woods,Week5,228.0 Canterbury Woods - 173.0 Lake Braddock
Kent Gardens,Week4,Hollin Hills,Week1,285.0 Kent Gardens - 117.0 Hollin Hills
Lake Braddock,Week4,Canterbury Woods,Week1,222.0 Canterbury Woods - 180.0 Lake Braddock
Kings Ridge ,Week3,Lincolnia Park,Week3,217.0 Kings Ridge - 175.0 Lincolnia Park
Kings Ridge ,Week4,Fairfax,Week5,342.0 Fairfax - 60.0 Kings Ridge
Kings Ridge ,Week4,Pinecrest,Week1,316.0 Pinecrest - 86.0 Kings Ridge
Kings Ridge ,Week4,Pinecrest,Week4,330.0 Pinecrest - 72.0 Kings Ridge
Kings Ridge ,Week5,Pinecrest,Week2,325.0 Pinecrest - 77.0 Kings Ridge
Lake Braddock,Week5,Canterbury Woods,Week1,208.0 Canterbury Woods - 194.0 Lake Braddock
Kings Ridge ,Week3,Lincolnia Park,Week2,245.0 Kings Ridge - 144.0 Lincolnia Park
Kings Ridge ,Week4,Pinecrest,Week5,321.0 Pinecrest - 81.0 Kings Ridge
Kings Ridge ,Week1,Fairfax Club Estates,Week5,242.0 Fairfax Club Estates - 159.0 Kings Ridge
Kings Ridge ,Week2,Fairfax Club Estates,Week5,247.5 Fairfax Club Estates - 154.5 Kings Ridge
Kings Ridge ,Week5,Pinecrest,Week3,332.0 Pinecrest - 70.0 Kings Ridge
Kings Ridge ,Week4,Fairfax,Week4,311.0 Fairfax - 91.0 Kings Ridge
Lake Braddock,Week5,Canterbury Woods,Week2,214.0 Canterbury Woods - 188.0 Lake Braddock
Kent Gardens,Week1,Ravensworth Farm,Week4,206.0 Kent Gardens - 196.0 Ravensworth Farm
Kent Gardens,Week4,Poplar Tree,Week4,216.0 Poplar Tree - 186.0 Kent Gardens
Kings Ridge ,Week5,Pinecrest,Week1,319.0 Pinecrest - 83.0 Kings Ridge
Kings Ridge ,Week1,Pinecrest,Week3,350.0 Pinecrest - 52.0 Kings Ridge
Kent Gardens,Week4,Poplar Tree,Week3,234.0 Poplar Tree - 168.0 Kent Gardens
Lake Braddock,Week2,Cardinal Hill,Week3,341.0 Cardinal Hill - 61.0 Lake Braddock
Lake Braddock,Week5,Canterbury Woods,Week4,236.0 Canterbury Woods - 166.0 Lake Braddock
Lake Braddock,Week1,Cardinal Hill,Week1,366.0 Cardinal Hill - 36.0 Lake Braddock
Kings Ridge ,Week3,Pinecrest,Week3,340.0 Pinecrest - 62.0 Kings Ridge
Kent Gardens,Week4,Poplar Tree,Week1,225.0 Poplar Tree - 177.0 Kent Gardens
Kings Ridge ,Week5,Fairfax,Week2,317.0 Fairfax - 85.0 Kings Ridge
Kings Ridge ,Week3,Lee Graham,Week2,325.0 Lee Graham - 76.0 Kings Ridge
Kent Gardens,Week5,Poplar Tree,Week5,233.0 Poplar Tree - 169.0 Kent Gardens
Kings Ridge ,Week5,Pinecrest,Week4,317.0 Pinecrest - 85.0 Kings Ridge
Kings Ridge ,Week5,Lincolnia Park,Week1,262.0 Kings Ridge - 140.0 Lincolnia Park
Kent Gardens,Week3,Ravensworth Farm,Week4,241.0 Ravensworth Farm - 161.0 Kent Gardens
Kent Gardens,Week5,Poplar Tree,Week3,202.0 Poplar Tree - 200.0 Kent Gardens
Lake Braddock,Week4,Camelot,Week4,241.0 Camelot - 161.0 Lake Braddock
Kings Ridge ,Week2,Lincolnia Park,Week1,228.0 Kings Ridge - 169.0 Lincolnia Park
Kings Ridge ,Week1,Lincolnia Park,Week2,246.0 Kings Ridge - 146.0 Lincolnia Park
Kings Ridge ,Week5,Lee Graham,Week5,323.0 Lee Graham - 79.0 Kings Ridge
Lake Braddock,Week2,Cardinal Hill,Week4,329.0 Cardinal Hill - 73.0 Lake Braddock
Kings Ridge ,Week4,Fairfax,Week2,316.0 Fairfax - 86.0 Kings Ridge
Kings Ridge ,Week4,Pinecrest,Week3,328.0 Pinecrest - 74.0 Kings Ridge
Kings Ridge ,Week4,Fairfax,Week3,315.0 Fairfax - 87.0 Kings Ridge
Kings Ridge ,Week3,Fairfax Club Estates,Week1,217.0 Fairfax Club Estates - 181.0 Kings Ridge
Kings Ridge ,Week3,Lincolnia Park,Week1,260.0 Kings Ridge - 140.0 Lincolnia Park
Kings Ridge ,Week2,Fairfax Club Estates,Week3,240.0 Fairfax Club Estates - 162.0 Kings Ridge
Kent Gardens,Week5,Poplar Tree,Week2,204.0 Poplar Tree - 198.0 Kent Gardens
Kings Ridge ,Week4,Lincolnia Park,Week3,228.0 Kings Ridge - 164.0 Lincolnia Park
Kent Gardens,Week1,Ravensworth Farm,Week5,236.0 Ravensworth Farm - 166.0 Kent Gardens
Lake Braddock,Week5,Canterbury Woods,Week5,212.0 Canterbury Woods - 189.0 Lake Braddock
Kent Gardens,Week1,Ravensworth Farm,Week1,218.0 Ravensworth Farm - 184.0 Kent Gardens
Kings Ridge ,Week1,Pinewood Lake,Week4,336.0 Kings Ridge - 65.0 Pinewood Lake
Kings Ridge ,Week4,Fairfax,Week1,305.0 Fairfax - 97.0 Kings Ridge
Kings Ridge ,Week2,Lincolnia Park,Week2,240.0 Kings Ridge - 152.0 Lincolnia Park
Lake Braddock,Week5,Canterbury Woods,Week3,237.0 Canterbury Woods - 165.0 Lake Braddock
Kings Ridge ,Week1,Pinewood Lake,Week3,347.0 Kings Ridge - 53.0 Pinewood Lake
Kings Ridge ,Week2,Fairfax,Week4,324.0 Fairfax - 78.0 Kings Ridge
Kings Ridge ,Week3,Fairfax Club Estates,Week2,214.0 Fairfax Club Estates - 186.0 Kings Ridge
Kent Gardens,Week3,Ravensworth Farm,Week5,269.0 Ravensworth Farm - 133.0 Kent Gardens
Kings Ridge ,Week1,Fairfax Club Estates,Week4,230.0 Fairfax Club Estates - 167.0 Kings Ridge
Kings Ridge ,Week2,Pinewood Lake,Week2,325.0 Kings Ridge - 65.0 Pinewood Lake
Lake Braddock,Week2,Cardinal Hill,Week1,344.0 Cardinal Hill - 58.0 Lake Braddock
Lake Braddock,Week2,Cardinal Hill,Week5,328.0 Cardinal Hill - 74.0 Lake Braddock
Kings Ridge ,Week2,Pinewood Lake,Week3,331.0 Kings Ridge - 59.0 Pinewood Lake
Kings Ridge ,Week2,Pinewood Lake,Week4,312.0 Kings Ridge - 80.0 Pinewood Lake
Kings Ridge ,Week2,Lincolnia Park,Week3,196.0 Kings Ridge - 196.0 Lincolnia Park
Kings Ridge ,Week2,Pinewood Lake,Week1,330.0 Kings Ridge - 62.0 Pinewood Lake
Lake Braddock,Week1,Cardinal Hill,Week4,345.0 Cardinal Hill - 57.0 Lake Braddock
Kent Gardens,Week2,Ravensworth Farm,Week4,238.0 Ravensworth Farm - 164.0 Kent Gardens
Kent Gardens,Week2,Ravensworth Farm,Week1,239.0 Ravensworth Farm - 163.0 Kent Gardens
Kings Ridge ,Week2,Lincolnia Park,Week4,243.0 Kings Ridge - 154.0 Lincolnia Park
Lake Braddock,Week3,Cardinal Hill,Week2,327.0 Cardinal Hill - 75.0 Lake Braddock
Kent Gardens,Week5,Poplar Tree,Week1,206.0 Poplar Tree - 196.0 Kent Gardens
Kings Ridge ,Week1,Fairfax Club Estates,Week3,220.0 Fairfax Club Estates - 182.0 Kings Ridge
Kings Ridge ,Week1,Fairfax Club Estates,Week1,227.0 Fairfax Club Estates - 175.0 Kings Ridge
Kings Ridge ,Week5,Lee Graham,Week4,320.0 Lee Graham - 82.0 Kings Ridge
Kings Ridge ,Week1,Lincolnia Park,Week4,246.0 Kings Ridge - 156.0 Lincolnia Park
Kings Ridge ,Week4,Pinewood Lake,Week2,348.0 Kings Ridge - 50.0 Pinewood Lake
Kent Gardens,Week4,Ravensworth Farm,Week1,240.0 Ravensworth Farm - 162.0 Kent Gardens
Kent Gardens,Week4,Poplar Tree,Week5,258.0 Poplar Tree - 144.0 Kent Gardens
Kings Ridge ,Week3,Pinewood Lake,Week2,335.0 Kings Ridge - 49.0 Pinewood Lake
Kings Ridge ,Week4,Lincolnia Park,Week4,258.0 Kings Ridge - 144.0 Lincolnia Park
Kings Ridge ,Week2,Lincolnia Park,Week5,198.0 Kings Ridge - 194.0 Lincolnia Park
Kings Ridge ,Week3,Fairfax Club Estates,Week3,214.0 Fairfax Club Estates - 182.0 Kings Ridge
Kent Gardens,Week4,Ravensworth Farm,Week2,209.0 Ravensworth Farm - 193.0 Kent Gardens
Kings Ridge ,Week2,Pleasant Valley,Week2,221.0 Kings Ridge - 181.0 Pleasant Valley
Kent Gardens,Week2,Ravensworth Farm,Week5,269.0 Ravensworth Farm - 133.0 Kent Gardens
Kent Gardens,Week4,Poplar Tree,Week2,229.0 Poplar Tree - 173.0 Kent Gardens
Kings Ridge ,Week4,Pinewood Lake,Week4,351.0 Kings Ridge - 47.0 Pinewood Lake
Kings Ridge ,Week3,Pinewood Lake,Week5,324.0 Kings Ridge - 63.0 Pinewood Lake
Kings Ridge ,Week5,Lincolnia Park,Week3,240.0 Kings Ridge - 152.0 Lincolnia Park
Kings Ridge ,Week2,Fairfax Station,Week4,327.0 Fairfax Station - 75.0 Kings Ridge
Kings Ridge ,Week3,Lincolnia Park,Week5,213.0 Kings Ridge - 179.0 Lincolnia Park
Kings Ridge ,Week4,Lincolnia Park,Week2,253.0 Kings Ridge - 140.0 Lincolnia Park
Kings Ridge ,Week3,Fairfax Station,Week2,331.0 Fairfax Station - 71.0 Kings Ridge
Kings Ridge ,Week3,Fairfax Station,Week4,317.0 Fairfax Station - 84.0 Kings Ridge
Kings Ridge ,Week2,Pleasant Valley,Week5,221.0 Kings Ridge - 179.0 Pleasant Valley
Lake Braddock,Week1,Cardinal Hill,Week3,358.0 Cardinal Hill - 44.0 Lake Braddock
Kings Ridge ,Week3,Pinewood Lake,Week4,330.0 Kings Ridge - 54.0 Pinewood Lake
Kings Ridge ,Week4,Pleasant Valley,Week1,254.0 Kings Ridge - 148.0 Pleasant Valley
Kings Ridge ,Week5,Lincolnia Park,Week2,257.0 Kings Ridge - 136.0 Lincolnia Park
Kings Ridge ,Week4,Fairfax Club Estates,Week1,211.0 Fairfax Club Estates - 191.0 Kings Ridge
Kings Ridge ,Week5,Lincolnia Park,Week4,261.0 Kings Ridge - 140.0 Lincolnia Park
Kings Ridge ,Week1,Pinewood Lake,Week1,347.0 Kings Ridge - 46.0 Pinewood Lake
Kings Ridge ,Week3,Lincolnia Park,Week4,249.0 Kings Ridge - 152.0 Lincolnia Park
Kings Ridge ,Week1,Lincolnia Park,Week5,202.0 Kings Ridge - 190.0 Lincolnia Park
Kent Gardens,Week3,Ravensworth Farm,Week1,241.0 Ravensworth Farm - 161.0 Kent Gardens
Kings Ridge ,Week5,Fairfax Club Estates,Week1,213.0 Fairfax Club Estates - 189.0 Kings Ridge
Kent Gardens,Week2,Ravensworth Farm,Week3,261.0 Ravensworth Farm - 141.0 Kent Gardens
Kent Gardens,Week5,Poplar Tree,Week4,209.0 Kent Gardens - 193.0 Poplar Tree
Kings Ridge ,Week1,Fairfax Station,Week4,331.0 Fairfax Station - 71.0 Kings Ridge
Lake Braddock,Week3,Cardinal Hill,Week3,346.0 Cardinal Hill - 56.0 Lake Braddock
Kent Gardens,Week1,Ravensworth Farm,Week3,222.0 Ravensworth Farm - 180.0 Kent Gardens
Kings Ridge ,Week3,Fairfax Club Estates,Week5,226.0 Fairfax Club Estates - 174.0 Kings Ridge
Lake Braddock,Week3,Cardinal Hill,Week1,346.0 Cardinal Hill - 56.0 Lake Braddock
Kings Ridge ,Week1,Lincolnia Park,Week3,208.0 Kings Ridge - 184.0 Lincolnia Park
Kings Ridge ,Week5,Pinecrest,Week5,321.0 Pinecrest - 81.0 Kings Ridge
Lake Braddock,Week1,Cardinal Hill,Week5,343.0 Cardinal Hill - 59.0 Lake Braddock
Kings Ridge ,Week1,Pinewood Lake,Week5,334.0 Kings Ridge - 67.0 Pinewood Lake
Kent Gardens,Week2,Ravensworth Farm,Week2,211.0 Ravensworth Farm - 191.0 Kent Gardens
Lake Braddock,Week1,Cardinal Hill,Week2,338.0 Cardinal Hill - 64.0 Lake Braddock
Kings Ridge ,Week4,Lincolnia Park,Week5,211.0 Kings Ridge - 181.0 Lincolnia Park
Kent Gardens,Week3,Poplar Tree,Week3,235.0 Poplar Tree - 167.0 Kent Gardens
Kings Ridge ,Week2,Pinewood Lake,Week5,312.0 Kings Ridge - 82.0 Pinewood Lake
Kent Gardens,Week3,Ravensworth Farm,Week2,206.0 Ravensworth Farm - 196.0 Kent Gardens
Kent Gardens,Week3,Ravensworth Farm,Week3,255.0 Ravensworth Farm - 147.0 Kent Gardens
Kings Ridge ,Week5,Fairfax Club Estates,Week3,204.0 Fairfax Club Estates - 198.0 Kings Ridge
Kings Ridge ,Week2,Fairfax Station,Week2,339.0 Fairfax Station - 63.0 Kings Ridge
Kings Ridge ,Week5,Pinewood Lake,Week2,340.0 Kings Ridge - 54.0 Pinewood Lake
Kings Ridge ,Week4,Lincolnia Park,Week1,253.0 Kings Ridge - 148.0 Lincolnia Park
Lake Braddock,Week2,Cardinal Hill,Week2,321.0 Cardinal Hill - 81.0 Lake Braddock
Kings Ridge ,Week4,Fairfax Club Estates,Week2,213.0 Fairfax Club Estates - 189.0 Kings Ridge
Kings Ridge ,Week1,Little Hunting Park,Week2,206.0 Little Hunting Park - 196.0 Kings Ridge
Kings Ridge ,Week3,Fairfax Station,Week3,330.0 Fairfax Station - 71.0 Kings Ridge
Kings Ridge ,Week1,Pleasant Valley,Week3,222.0 Kings Ridge - 180.0 Pleasant Valley
Kent Gardens,Week5,Ravensworth Farm,Week4,222.0 Kent Gardens - 180.0 Ravensworth Farm
Kings Ridge ,Week5,Fairfax Club Estates,Week2,202.0 Fairfax Club Estates - 200.0 Kings Ridge
Kings Ridge ,Week3,Pleasant Valley,Week1,239.0 Kings Ridge - 162.0 Pleasant Valley
Kings Ridge ,Week1,Little Hunting Park,Week4,216.0 Little Hunting Park - 186.0 Kings Ridge
Kent Gardens,Week3,Riverside Gardens,Week5,283.0 Riverside Gardens - 119.0 Kent Gardens
Kings Ridge ,Week5,Fairfax Club Estates,Week5,211.0 Fairfax Club Estates - 191.0 Kings Ridge
Kent Gardens,Week4,Ravensworth Farm,Week4,244.0 Ravensworth Farm - 158.0 Kent Gardens
Kings Ridge ,Week2,Little Hunting Park,Week1,236.0 Little Hunting Park - 166.0 Kings Ridge
Kent Gardens,Week2,Riverside Gardens,Week5,291.0 Riverside Gardens - 111.0 Kent Gardens
Kings Ridge ,Week4,Pinewood Lake,Week3,356.0 Kings Ridge - 40.0 Pinewood Lake
Kings Ridge ,Week1,Little Hunting Park,Week5,247.0 Little Hunting Park - 155.0 Kings Ridge
Kings Ridge ,Week1,Little Hunting Park,Week3,217.5 Little Hunting Park - 184.5 Kings Ridge
Kings Ridge ,Week1,Fairfax Station,Week3,346.0 Fairfax Station - 56.0 Kings Ridge
Kings Ridge ,Week4,Fairfax Club Estates,Week4,216.0 Fairfax Club Estates - 186.0 Kings Ridge
Kings Ridge ,Week1,Fairfax Station,Week1,340.0 Fairfax Station - 62.0 Kings Ridge
Kent Gardens,Week1,Riverside Gardens,Week4,270.0 Riverside Gardens - 132.0 Kent Gardens
Kings Ridge ,Week2,Little Hunting Park,Week2,217.0 Little Hunting Park - 185.0 Kings Ridge
Kings Ridge ,Week1,Fairfax Station,Week5,358.0 Fairfax Station - 44.0 Kings Ridge
Kings Ridge ,Week2,Pleasant Valley,Week1,222.0 Kings Ridge - 180.0 Pleasant Valley
Kings Ridge ,Week3,Pleasant Valley,Week5,231.0 Kings Ridge - 168.0 Pleasant Valley
Kings Ridge ,Week1,Little Hunting Park,Week1,217.0 Little Hunting Park - 184.0 Kings Ridge
Kent Gardens,Week5,Ravensworth Farm,Week2,236.0 Kent Gardens - 166.0 Ravensworth Farm
Kings Ridge ,Week2,Little Hunting Park,Week3,238.0 Little Hunting Park - 164.0 Kings Ridge
Kings Ridge ,Week2,Little Rocky Run,Week4,335.0 Little Rocky Run - 67.0 Kings Ridge
Kings Ridge ,Week2,Poplar Heights,Week1,313.0 Poplar Heights - 89.0 Kings Ridge
Kings Ridge ,Week3,Little Rocky Run,Week3,328.0 Little Rocky Run - 74.0 Kings Ridge
Kings Ridge ,Week5,Pleasant Valley,Week1,245.0 Kings Ridge - 157.0 Pleasant Valley
Kings Ridge ,Week3,Little Hunting Park,Week2,219.0 Little Hunting Park - 178.0 Kings Ridge
Kings Ridge ,Week2,Forest Hollow,Week4,319.0 Forest Hollow - 83.0 Kings Ridge
Kent Gardens,Week4,Ravensworth Farm,Week3,251.0 Ravensworth Farm - 151.0 Kent Gardens
Kings Ridge ,Week2,Fairfax Station,Week5,349.0 Fairfax Station - 53.0 Kings Ridge
Kings Ridge ,Week2,Forest Hollow,Week1,295.0 Forest Hollow - 107.0 Kings Ridge
Kings Ridge ,Week4,Pleasant Valley,Week5,241.0 Kings Ridge - 159.0 Pleasant Valley
Kings Ridge ,Week2,Pleasant Valley,Week3,206.0 Kings Ridge - 196.0 Pleasant Valley
Kings Ridge ,Week1,Poplar Heights,Week2,304.0 Poplar Heights - 98.0 Kings Ridge
Kings Ridge ,Week5,Little Hunting Park,Week1,215.0 Kings Ridge - 187.0 Little Hunting Park
Kent Gardens,Week3,Riverside Gardens,Week3,276.0 Riverside Gardens - 126.0 Kent Gardens
Kent Gardens,Week1,Riverside Gardens,Week3,261.0 Riverside Gardens - 141.0 Kent Gardens
Kings Ridge ,Week4,Fairfax Station,Week1,338.0 Fairfax Station - 64.0 Kings Ridge
Kent Gardens,Week4,Ravensworth Farm,Week5,257.0 Ravensworth Farm - 145.0 Kent Gardens
Kent Gardens,Week5,Ravensworth Farm,Week5,202.0 Ravensworth Farm - 200.0 Kent Gardens
Kings Ridge ,Week2,Fairfax Station,Week3,341.0 Fairfax Station - 61.0 Kings Ridge
Kings Ridge ,Week1,Pleasant Valley,Week5,228.0 Kings Ridge - 169.0 Pleasant Valley
Kent Gardens,Week3,Herndon,Week4,309.0 Kent Gardens - 93.0 Herndon
Kent Gardens,Week5,Ravensworth Farm,Week3,204.0 Ravensworth Farm - 198.0 Kent Gardens
Kings Ridge ,Week5,Little Hunting Park,Week4,218.0 Kings Ridge - 184.0 Little Hunting Park
Kings Ridge ,Week1,Little Rocky Run,Week1,321.0 Little Rocky Run - 81.0 Kings Ridge
Kings Ridge ,Week4,Pinewood Lake,Week5,335.0 Kings Ridge - 65.0 Pinewood Lake
Kings Ridge ,Week3,Little Hunting Park,Week5,228.0 Little Hunting Park - 172.0 Kings Ridge
Kings Ridge ,Week1,Pleasant Valley,Week1,231.0 Kings Ridge - 165.0 Pleasant Valley
Kings Ridge ,Week5,Pinewood Lake,Week3,344.0 Kings Ridge - 48.0 Pinewood Lake
Kent Gardens,Week1,Riverside Gardens,Week5,266.0 Riverside Gardens - 136.0 Kent Gardens
Kent Gardens,Week1,Riverside Gardens,Week1,245.0 Riverside Gardens - 157.0 Kent Gardens
Kings Ridge ,Week3,Pleasant Valley,Week2,235.0 Kings Ridge - 163.0 Pleasant Valley
Kings Ridge ,Week4,Fairfax Station,Week3,324.0 Fairfax Station - 78.0 Kings Ridge
Kent Gardens,Week2,Riverside Gardens,Week1,267.0 Riverside Gardens - 135.0 Kent Gardens
Kings Ridge ,Week5,Fairfax Club Estates,Week4,218.0 Fairfax Club Estates - 184.0 Kings Ridge
Kings Ridge ,Week4,Fairfax Club Estates,Week5,222.0 Fairfax Club Estates - 180.0 Kings Ridge
Kent Gardens,Week1,Riverside Gardens,Week2,234.0 Riverside Gardens - 168.0 Kent Gardens
Kings Ridge ,Week2,Little Hunting Park,Week4,231.0 Little Hunting Park - 171.0 Kings Ridge
Kings Ridge ,Week2,Fairfax Station,Week1,339.0 Fairfax Station - 63.0 Kings Ridge
Kings Ridge ,Week3,Little Hunting Park,Week4,221.0 Little Hunting Park - 181.0 Kings Ridge
Kings Ridge ,Week4,Little Hunting Park,Week3,212.0 Kings Ridge - 190.0 Little Hunting Park
Kings Ridge ,Week5,Little Hunting Park,Week2,223.0 Kings Ridge - 179.0 Little Hunting Park
Kings Ridge ,Week1,Fairfax Station,Week2,338.5 Fairfax Station - 63.5 Kings Ridge
Kings Ridge ,Week5,Pinewood Lake,Week4,345.0 Kings Ridge - 45.0 Pinewood Lake
Kings Ridge ,Week4,Pinewood Lake,Week1,348.0 Kings Ridge - 51.0 Pinewood Lake
Kings Ridge ,Week4,Fairfax Station,Week5,343.0 Fairfax Station - 59.0 Kings Ridge
Kent Gardens,Week4,Herndon,Week2,301.0 Kent Gardens - 101.0 Herndon
Kings Ridge ,Week3,Little Hunting Park,Week1,226.0 Little Hunting Park - 176.0 Kings Ridge
Kent Gardens,Week2,Riverside Gardens,Week2,262.0 Riverside Gardens - 140.0 Kent Gardens
Kings Ridge ,Week5,Pinewood Lake,Week1,346.0 Kings Ridge - 45.0 Pinewood Lake
Kings Ridge ,Week3,Fairfax Station,Week1,326.0 Fairfax Station - 76.0 Kings Ridge
Kent Gardens,Week5,Ravensworth Farm,Week1,224.0 Kent Gardens - 178.0 Ravensworth Farm
Kings Ridge ,Week4,Fairfax Club Estates,Week3,203.0 Fairfax Club Estates - 199.0 Kings Ridge
Kings Ridge ,Week5,Pinewood Lake,Week5,334.0 Kings Ridge - 60.0 Pinewood Lake
Kings Ridge ,Week5,Fairfax Station,Week2,317.0 Fairfax Station - 85.0 Kings Ridge
Kent Gardens,Week3,Herndon,Week5,302.0 Kent Gardens - 100.0 Herndon
Kent Gardens,Week2,Riverside Gardens,Week3,281.5 Riverside Gardens - 120.5 Kent Gardens
Kings Ridge ,Week3,Pleasant Valley,Week3,227.0 Kings Ridge - 171.0 Pleasant Valley
Kent Gardens,Week4,Herndon,Week1,298.0 Kent Gardens - 104.0 Herndon
Kent Gardens,Week1,Herndon,Week2,316.0 Kent Gardens - 86.0 Herndon
Kings Ridge ,Week1,Pleasant Valley,Week2,237.0 Kings Ridge - 159.0 Pleasant Valley
Kings Ridge ,Week3,Pleasant Valley,Week4,265.0 Kings Ridge - 134.0 Pleasant Valley
Kings Ridge ,Week2,Little Rocky Run,Week2,331.0 Little Rocky Run - 71.0 Kings Ridge
Kent Gardens,Week3,Riverside Gardens,Week1,271.0 Riverside Gardens - 131.0 Kent Gardens
Kings Ridge ,Week4,Pleasant Valley,Week4,269.0 Kings Ridge - 132.0 Pleasant Valley
Kings Ridge ,Week4,Pleasant Valley,Week2,251.0 Kings Ridge - 151.0 Pleasant Valley
Kent Gardens,Week3,Riverside Gardens,Week2,250.0 Riverside Gardens - 152.0 Kent Gardens
Kent Gardens,Week5,Hayfield Farm,Week2,237.0 Kent Gardens - 165.0 Hayfield Farm
Kent Gardens,Week3,Herndon,Week2,300.0 Kent Gardens - 102.0 Herndon
Kent Gardens,Week5,Hayfield Farm,Week1,226.0 Kent Gardens - 176.0 Hayfield Farm
Kings Ridge ,Week5,Fairfax Station,Week1,317.0 Fairfax Station - 85.0 Kings Ridge
Kings Ridge ,Week2,Pleasant Valley,Week4,244.0 Kings Ridge - 154.0 Pleasant Valley
Kent Gardens,Week3,Riverside Gardens,Week4,289.0 Riverside Gardens - 113.0 Kent Gardens
Kent Gardens,Week5,Hayfield Farm,Week3,208.0 Kent Gardens - 194.0 Hayfield Farm
Kings Ridge ,Week2,Little Rocky Run,Week1,332.0 Little Rocky Run - 70.0 Kings Ridge
Kings Ridge ,Week5,Fairfax Station,Week5,327.0 Fairfax Station - 75.0 Kings Ridge
Kings Ridge ,Week1,Pleasant Valley,Week4,265.0 Kings Ridge - 136.0 Pleasant Valley
Kings Ridge ,Week5,Pleasant Valley,Week2,252.0 Kings Ridge - 150.0 Pleasant Valley
Kings Ridge ,Week1,Little Rocky Run,Week4,330.0 Little Rocky Run - 72.0 Kings Ridge
Kent Gardens,Week5,Hayfield Farm,Week5,244.0 Kent Gardens - 158.0 Hayfield Farm
Kings Ridge ,Week1,Forest Hollow,Week3,316.0 Forest Hollow - 86.0 Kings Ridge
Kings Ridge ,Week5,Fairfax Station,Week4,308.0 Fairfax Station - 94.0 Kings Ridge
Kings Ridge ,Week1,Little Rocky Run,Week3,342.0 Little Rocky Run - 60.0 Kings Ridge
Kings Ridge ,Week4,Little Hunting Park,Week2,212.0 Kings Ridge - 190.0 Little Hunting Park
Kings Ridge ,Week5,Fairfax Station,Week3,322.0 Fairfax Station - 80.0 Kings Ridge
Kings Ridge ,Week2,Little Hunting Park,Week5,243.0 Little Hunting Park - 159.0 Kings Ridge
Kings Ridge ,Week5,Little Hunting Park,Week5,223.0 Little Hunting Park - 178.0 Kings Ridge
Kings Ridge ,Week5,Pleasant Valley,Week3,235.0 Kings Ridge - 166.0 Pleasant Valley
Kings Ridge ,Week3,Little Rocky Run,Week2,318.0 Little Rocky Run - 84.0 Kings Ridge
Kent Gardens,Week2,Riverside Gardens,Week4,286.0 Riverside Gardens - 116.0 Kent Gardens
Kings Ridge ,Week4,Fairfax Station,Week4,308.0 Fairfax Station - 94.0 Kings Ridge
Kent Gardens,Week5,Hayfield Farm,Week4,241.0 Kent Gardens - 161.0 Hayfield Farm
Kings Ridge ,Week3,Little Rocky Run,Week1,310.0 Little Rocky Run - 91.0 Kings Ridge
Kings Ridge ,Week1,Forest Hollow,Week1,300.0 Forest Hollow - 102.0 Kings Ridge
Kings Ridge ,Week1,Forest Hollow,Week2,295.0 Forest Hollow - 102.0 Kings Ridge
Kings Ridge ,Week5,Little Hunting Park,Week3,203.0 Kings Ridge - 199.0 Little Hunting Park
Kent Gardens,Week4,Herndon,Week4,306.0 Kent Gardens - 96.0 Herndon
Kings Ridge ,Week1,Poplar Heights,Week4,310.0 Poplar Heights - 92.0 Kings Ridge
Kings Ridge ,Week1,Forest Hollow,Week4,314.0 Forest Hollow - 88.0 Kings Ridge
Kent Gardens,Week2,Herndon,Week2,308.0 Kent Gardens - 94.0 Herndon
Kings Ridge ,Week1,Poplar Heights,Week3,303.0 Poplar Heights - 99.0 Kings Ridge
Kings Ridge ,Week2,Forest Hollow,Week2,289.0 Forest Hollow - 113.0 Kings Ridge
Kings Ridge ,Week4,Little Hunting Park,Week1,220.0 Kings Ridge - 182.0 Little Hunting Park
Kings Ridge ,Week4,Little Hunting Park,Week4,202.0 Kings Ridge - 200.0 Little Hunting Park
Kings Ridge ,Week3,Fairfax Station,Week5,343.0 Fairfax Station - 59.0 Kings Ridge
Kent Gardens,Week3,Herndon,Week3,309.0 Kent Gardens - 93.0 Herndon
Kent Gardens,Week1,Herndon,Week4,321.0 Kent Gardens - 81.0 Herndon
Kings Ridge ,Week1,Forest Hollow,Week5,325.5 Forest Hollow - 76.5 Kings Ridge
Kings Ridge ,Week5,Pleasant Valley,Week5,244.0 Kings Ridge - 152.0 Pleasant Valley
Kent Gardens,Week1,Herndon,Week5,317.0 Kent Gardens - 85.0 Herndon
Kent Gardens,Week2,Hiddenbrook,Week2,283.0 Kent Gardens - 119.0 Hiddenbrook
Kings Ridge ,Week5,Pleasant Valley,Week4,263.0 Kings Ridge - 137.0 Pleasant Valley
Kings Ridge ,Week1,Poplar Heights,Week1,306.0 Poplar Heights - 96.0 Kings Ridge
Kings Ridge ,Week2,Forest Hollow,Week3,310.0 Forest Hollow - 92.0 Kings Ridge
Kings Ridge ,Week1,Little Rocky Run,Week2,321.0 Little Rocky Run - 81.0 Kings Ridge
Kings Ridge ,Week3,Little Hunting Park,Week3,227.0 Little Hunting Park - 173.0 Kings Ridge
Kings Ridge ,Week4,Fairfax Station,Week2,334.0 Fairfax Station - 68.0 Kings Ridge
Kings Ridge ,Week4,Pleasant Valley,Week3,240.0 Kings Ridge - 162.0 Pleasant Valley
Kings Ridge ,Week2,Little Rocky Run,Week3,339.0 Little Rocky Run - 63.0 Kings Ridge
Kent Gardens,Week1,Herndon,Week1,320.0 Kent Gardens - 81.0 Herndon
Kings Ridge ,Week2,Forest Hollow,Week5,316.0 Forest Hollow - 86.0 Kings Ridge
Kings Ridge ,Week3,Little Rocky Run,Week4,330.0 Little Rocky Run - 72.0 Kings Ridge
Kings Ridge ,Week3,Forest Hollow,Week1,281.0 Forest Hollow - 120.0 Kings Ridge
Kings Ridge ,Week2,Little Rocky Run,Week5,337.0 Little Rocky Run - 65.0 Kings Ridge
Kings Ridge ,Week4,Poplar Heights,Week4,293.0 Poplar Heights - 109.0 Kings Ridge
Kings Ridge ,Week5,Little Rocky Run,Week3,327.0 Little Rocky Run - 75.0 Kings Ridge
Kings Ridge ,Week2,Poplar Heights,Week3,314.0 Poplar Heights - 88.0 Kings Ridge
Kings Ridge ,Week3,Poplar Heights,Week3,293.0 Poplar Heights - 109.0 Kings Ridge
Kings Ridge ,Week4,Poplar Heights,Week1,286.0 Poplar Heights - 116.0 Kings Ridge
Kent Gardens,Week2,Herndon,Week3,307.0 Kent Gardens - 95.0 Herndon
Kings Ridge ,Week1,Poplar Heights,Week5,312.0 Poplar Heights - 90.0 Kings Ridge
Kings Ridge ,Week3,Poplar Heights,Week1,287.0 Poplar Heights - 115.0 Kings Ridge
Kings Ridge ,Week4,Poplar Heights,Week2,289.0 Poplar Heights - 113.0 Kings Ridge
Kent Gardens,Week4,Hayfield Farm,Week4,208.0 Kent Gardens - 194.0 Hayfield Farm
Kent Gardens,Week4,Hayfield Farm,Week5,221.0 Kent Gardens - 181.0 Hayfield Farm
Kings Ridge ,Week5,Little Rocky Run,Week4,319.0 Little Rocky Run - 83.0 Kings Ridge
Kent Gardens,Week2,Herndon,Week4,308.0 Kent Gardens - 94.0 Herndon
Kent Gardens,Week4,Hayfield Farm,Week3,224.0 Hayfield Farm - 178.0 Kent Gardens
Kings Ridge ,Week3,Forest Hollow,Week3,298.0 Forest Hollow - 104.0 Kings Ridge
Kent Gardens,Week2,Herndon,Week1,306.0 Kent Gardens - 95.0 Herndon
Kings Ridge ,Week3,Forest Hollow,Week5,301.0 Forest Hollow - 101.0 Kings Ridge
Kings Ridge ,Week5,Little Rocky Run,Week1,305.0 Little Rocky Run - 97.0 Kings Ridge
Kent Gardens,Week1,Herndon,Week3,322.0 Kent Gardens - 80.0 Herndon
Kings Ridge ,Week1,Long Branch,Week2,228.0 Long Branch - 174.0 Kings Ridge
Kent Gardens,Week3,Herndon,Week1,309.0 Kent Gardens - 92.0 Herndon
Kings Ridge ,Week4,Little Hunting Park,Week5,214.0 Little Hunting Park - 187.0 Kings Ridge
Kings Ridge ,Week2,Poplar Heights,Week2,312.0 Poplar Heights - 90.0 Kings Ridge
Kings Ridge ,Week4,Little Rocky Run,Week1,316.0 Little Rocky Run - 86.0 Kings Ridge
Kent Gardens,Week2,Herndon,Week5,309.0 Kent Gardens - 93.0 Herndon
Kings Ridge ,Week3,Forest Hollow,Week4,299.0 Forest Hollow - 103.0 Kings Ridge
Kings Ridge ,Week1,Little Rocky Run,Week5,349.0 Little Rocky Run - 53.0 Kings Ridge
Kings Ridge ,Week4,Poplar Heights,Week5,303.0 Poplar Heights - 99.0 Kings Ridge
Kent Gardens,Week5,Herndon,Week1,348.0 Kent Gardens - 54.0 Herndon
Kings Ridge ,Week4,Poplar Heights,Week3,298.0 Poplar Heights - 104.0 Kings Ridge
Kings Ridge ,Week3,Forest Hollow,Week2,286.0 Forest Hollow - 115.0 Kings Ridge
Kings Ridge ,Week5,Little Rocky Run,Week5,326.0 Little Rocky Run - 76.0 Kings Ridge
Kings Ridge ,Week1,Long Branch,Week3,211.0 Long Branch - 191.0 Kings Ridge
Kent Gardens,Week4,Fairfax,Week2,281.0 Fairfax - 121.0 Kent Gardens
Kent Gardens,Week2,Fairfax Club Estates,Week5,226.0 Kent Gardens - 176.0 Fairfax Club Estates
Kings Ridge ,Week4,Little Rocky Run,Week3,334.0 Little Rocky Run - 68.0 Kings Ridge
Kings Ridge ,Week1,Long Branch,Week5,240.0 Long Branch - 162.0 Kings Ridge
Kings Ridge ,Week3,Poplar Heights,Week4,298.0 Poplar Heights - 104.0 Kings Ridge
Kings Ridge ,Week3,Poplar Heights,Week5,300.0 Poplar Heights - 102.0 Kings Ridge
Kent Gardens,Week2,Fairfax,Week5,295.0 Fairfax - 107.0 Kent Gardens
Kent Gardens,Week3,Fairfax,Week4,261.0 Fairfax - 141.0 Kent Gardens
Kings Ridge ,Week5,Poplar Heights,Week4,288.0 Poplar Heights - 114.0 Kings Ridge
Kent Gardens,Week5,Herndon,Week4,348.0 Kent Gardens - 54.0 Herndon
Kent Gardens,Week1,Hiddenbrook,Week4,261.0 Kent Gardens - 141.0 Hiddenbrook
Kings Ridge ,Week4,Little Rocky Run,Week4,325.5 Little Rocky Run - 76.5 Kings Ridge
Kent Gardens,Week1,Hiddenbrook,Week2,304.0 Kent Gardens - 98.0 Hiddenbrook
Kings Ridge ,Week3,Poplar Heights,Week2,297.0 Poplar Heights - 105.0 Kings Ridge
Kings Ridge ,Week3,Little Rocky Run,Week5,331.0 Little Rocky Run - 71.0 Kings Ridge
Kings Ridge ,Week2,Poplar Heights,Week4,306.0 Poplar Heights - 96.0 Kings Ridge
Kings Ridge ,Week2,Poplar Heights,Week5,317.0 Poplar Heights - 85.0 Kings Ridge
Kings Ridge ,Week1,Long Branch,Week4,256.0 Long Branch - 146.0 Kings Ridge
Kent Gardens,Week1,Hiddenbrook,Week3,255.0 Kent Gardens - 147.0 Hiddenbrook
Kent Gardens,Week5,Herndon,Week2,334.0 Kent Gardens - 68.0 Herndon
Kent Gardens,Week1,Hiddenbrook,Week5,254.0 Kent Gardens - 148.0 Hiddenbrook
Kings Ridge ,Week1,Poplar Tree,Week2,299.0 Poplar Tree - 103.0 Kings Ridge
Kent Gardens,Week4,Fairfax,Week5,294.0 Fairfax - 108.0 Kent Gardens
Kent Gardens,Week5,Herndon,Week3,342.0 Kent Gardens - 60.0 Herndon
Kent Gardens,Week1,Fairfax,Week4,238.0 Fairfax - 164.0 Kent Gardens
Kent Gardens,Week4,Herndon,Week3,302.0 Kent Gardens - 100.0 Herndon
Kings Ridge ,Week5,Poplar Heights,Week1,280.0 Poplar Heights - 122.0 Kings Ridge
Kent Gardens,Week5,Herndon,Week5,339.0 Kent Gardens - 63.0 Herndon
Kings Ridge ,Week4,Little Rocky Run,Week2,312.0 Little Rocky Run - 90.0 Kings Ridge
Kings Ridge ,Week1,Poplar Tree,Week3,312.0 Poplar Tree - 90.0 Kings Ridge
Kent Gardens,Week1,Hiddenbrook,Week1,266.0 Kent Gardens - 136.0 Hiddenbrook
Kings Ridge ,Week1,Long Branch,Week1,221.0 Long Branch - 181.0 Kings Ridge
Kent Gardens,Week4,Fairfax,Week1,266.0 Fairfax - 136.0 Kent Gardens
Kings Ridge ,Week5,Poplar Heights,Week2,283.0 Poplar Heights - 119.0 Kings Ridge
Kings Ridge ,Week4,Little Rocky Run,Week5,337.0 Little Rocky Run - 65.0 Kings Ridge
Kings Ridge ,Week5,Poplar Heights,Week5,285.0 Poplar Heights - 117.0 Kings Ridge
Kings Ridge ,Week5,Little Rocky Run,Week2,313.0 Little Rocky Run - 89.0 Kings Ridge
Kent Gardens,Week5,Fairfax,Week3,235.0 Fairfax - 167.0 Kent Gardens
Kent Gardens,Week3,Fairfax Club Estates,Week3,223.0 Kent Gardens - 179.0 Fairfax Club Estates
Kings Ridge ,Week5,Poplar Heights,Week3,289.0 Poplar Heights - 113.0 Kings Ridge
Kings Ridge ,Week1,Poplar Tree,Week1,313.0 Poplar Tree - 89.0 Kings Ridge
Kent Gardens,Week2,Fairfax Club Estates,Week4,224.0 Kent Gardens - 178.0 Fairfax Club Estates
Kings Ridge ,Week1,Poplar Tree,Week4,290.0 Poplar Tree - 112.0 Kings Ridge
Kent Gardens,Week3,Fairfax,Week5,301.0 Fairfax - 101.0 Kent Gardens
Kent Gardens,Week2,Hiddenbrook,Week3,223.0 Kent Gardens - 179.0 Hiddenbrook
Kings Ridge ,Week2,Poplar Tree,Week5,309.0 Poplar Tree - 92.0 Kings Ridge
Kent Gardens,Week2,Fairfax Club Estates,Week2,225.0 Kent Gardens - 177.0 Fairfax Club Estates
Kent Gardens,Week4,Hiddenbrook,Week3,222.0 Kent Gardens - 180.0 Hiddenbrook
Kent Gardens,Week3,Hiddenbrook,Week5,211.0 Kent Gardens - 191.0 Hiddenbrook
Kent Gardens,Week2,Hiddenbrook,Week1,241.0 Kent Gardens - 161.0 Hiddenbrook
Kent Gardens,Week3,Fairfax,Week1,266.5 Fairfax - 135.5 Kent Gardens
Kent Gardens,Week4,Hiddenbrook,Week1,236.0 Kent Gardens - 166.0 Hiddenbrook
Kings Ridge ,Week4,Poplar Tree,Week4,269.0 Poplar Tree - 133.0 Kings Ridge
Kings Ridge ,Week2,Ravensworth Farm,Week3,310.0 Ravensworth Farm - 92.0 Kings Ridge
Kent Gardens,Week5,Fairfax,Week1,232.0 Fairfax - 170.0 Kent Gardens
Kings Ridge ,Week5,Poplar Tree,Week5,310.0 Poplar Tree - 92.0 Kings Ridge
Kent Gardens,Week1,Fairfax,Week5,277.0 Fairfax - 125.0 Kent Gardens
Kent Gardens,Week2,Fairfax,Week4,268.0 Fairfax - 134.0 Kent Gardens
Kent Gardens,Week3,Hiddenbrook,Week4,219.0 Kent Gardens - 183.0 Hiddenbrook
Kent Gardens,Week4,Herndon,Week5,310.0 Kent Gardens - 92.0 Herndon
Kent Gardens,Week5,Hiddenbrook,Week5,254.0 Kent Gardens - 148.0 Hiddenbrook
Kings Ridge ,Week3,Poplar Tree,Week4,279.0 Poplar Tree - 122.0 Kings Ridge
Kent Gardens,Week5,Hiddenbrook,Week1,291.0 Kent Gardens - 111.0 Hiddenbrook
Kings Ridge ,Week5,Poplar Tree,Week3,283.5 Poplar Tree - 118.5 Kings Ridge
Kings Ridge ,Week2,Poplar Tree,Week1,290.5 Poplar Tree - 111.5 Kings Ridge
Kent Gardens,Week1,Fairfax Club Estates,Week3,240.0 Kent Gardens - 162.0 Fairfax Club Estates
Kent Gardens,Week5,Hiddenbrook,Week3,272.0 Kent Gardens - 130.0 Hiddenbrook
Kings Ridge ,Week1,Ravensworth Farm,Week2,270.0 Ravensworth Farm - 132.0 Kings Ridge
Kent Gardens,Week5,Hiddenbrook,Week2,322.0 Kent Gardens - 80.0 Hiddenbrook
Kings Ridge ,Week3,Poplar Tree,Week3,290.0 Poplar Tree - 111.0 Kings Ridge
Kings Ridge ,Week5,Brandywine,Week3,252.0 Brandywine - 150.0 Kings Ridge
Kent Gardens,Week3,Hiddenbrook,Week3,224.0 Kent Gardens - 178.0 Hiddenbrook
Kent Gardens,Week2,Hiddenbrook,Week5,226.0 Kent Gardens - 176.0 Hiddenbrook
Kent Gardens,Week5,Fairfax,Week5,261.0 Fairfax - 141.0 Kent Gardens
Kent Gardens,Week4,Fairfax,Week3,281.0 Fairfax - 121.0 Kent Gardens
Kent Gardens,Week1,Fairfax Club Estates,Week1,237.0 Kent Gardens - 165.0 Fairfax Club Estates
Kings Ridge ,Week1,Poplar Tree,Week5,335.0 Poplar Tree - 67.0 Kings Ridge
Kent Gardens,Week2,Fairfax,Week2,278.0 Fairfax - 124.0 Kent Gardens
Kent Gardens,Week3,Hiddenbrook,Week1,236.0 Kent Gardens - 166.0 Hiddenbrook
Kent Gardens,Week3,Fairfax,Week2,271.0 Fairfax - 131.0 Kent Gardens
Kings Ridge ,Week2,Poplar Tree,Week2,286.0 Poplar Tree - 116.0 Kings Ridge
Kent Gardens,Week4,Fairfax,Week4,270.0 Fairfax - 132.0 Kent Gardens
Kent Gardens,Week5,Hiddenbrook,Week4,274.0 Kent Gardens - 128.0 Hiddenbrook
Kent Gardens,Week1,High Point Pool,Week2,245.0 High Point Pool - 157.0 Kent Gardens
Kent Gardens,Week2,Fairfax,Week1,262.0 Fairfax - 140.0 Kent Gardens
Kent Gardens,Week1,High Point Pool,Week4,236.0 High Point Pool - 166.0 Kent Gardens
Kings Ridge ,Week3,Poplar Tree,Week2,284.0 Poplar Tree - 118.0 Kings Ridge
Kings Ridge ,Week2,Poplar Tree,Week4,278.0 Poplar Tree - 123.0 Kings Ridge
Kent Gardens,Week4,Little Rocky Run,Week5,284.0 Little Rocky Run - 118.0 Kent Gardens
Kings Ridge ,Week5,Poplar Tree,Week4,280.0 Poplar Tree - 121.0 Kings Ridge
Kent Gardens,Week1,High Point Pool,Week3,224.0 High Point Pool - 178.0 Kent Gardens
Kent Gardens,Week5,Fairfax,Week2,236.0 Fairfax - 166.0 Kent Gardens
Kent Gardens,Week5,Fairfax,Week4,215.0 Fairfax - 187.0 Kent Gardens
Kent Gardens,Week4,Hiddenbrook,Week5,219.0 Kent Gardens - 183.0 Hiddenbrook
Kings Ridge ,Week5,Poplar Tree,Week2,271.0 Poplar Tree - 130.0 Kings Ridge
Kent Gardens,Week3,Fairfax,Week3,282.0 Fairfax - 120.0 Kent Gardens
Kent Gardens,Week2,Fairfax,Week3,277.0 Fairfax - 125.0 Kent Gardens
Kent Gardens,Week1,High Point Pool,Week1,226.0 High Point Pool - 176.0 Kent Gardens
Kings Ridge ,Week4,Poplar Tree,Week1,293.0 Poplar Tree - 109.0 Kings Ridge
Kings Ridge ,Week1,Ravensworth Farm,Week1,301.0 Ravensworth Farm - 101.0 Kings Ridge
Kent Gardens,Week2,Hiddenbrook,Week4,225.0 Kent Gardens - 177.0 Hiddenbrook
Kent Gardens,Week4,Hiddenbrook,Week2,267.0 Kent Gardens - 135.0 Hiddenbrook
Kings Ridge ,Week5,Brandywine,Week4,270.5 Brandywine - 131.5 Kings Ridge
Kent Gardens,Week4,Hiddenbrook,Week4,219.5 Kent Gardens - 182.5 Hiddenbrook
Kings Ridge ,Week4,Poplar Tree,Week5,311.0 Poplar Tree - 91.0 Kings Ridge
Kings Ridge ,Week2,Brandywine,Week3,259.0 Brandywine - 143.0 Kings Ridge
Kent Gardens,Week2,Little Rocky Run,Week1,274.0 Little Rocky Run - 128.0 Kent Gardens
Kent Gardens,Week2,Long Branch,Week2,233.0 Kent Gardens - 169.0 Long Branch
Kings Ridge ,Week2,Ravensworth Farm,Week1,300.0 Ravensworth Farm - 102.0 Kings Ridge
Kent Gardens,Week3,Fairfax Club Estates,Week1,221.0 Kent Gardens - 181.0 Fairfax Club Estates
Kent Gardens,Week1,Long Branch,Week3,249.0 Kent Gardens - 153.0 Long Branch
Kings Ridge ,Week2,Brandywine,Week4,279.0 Brandywine - 123.0 Kings Ridge
Kings Ridge ,Week1,Ravensworth Farm,Week4,305.0 Ravensworth Farm - 97.0 Kings Ridge
Kent Gardens,Week3,Fairfax Club Estates,Week2,231.5 Kent Gardens - 170.5 Fairfax Club Estates
Kings Ridge ,Week3,Poplar Tree,Week1,292.5 Poplar Tree - 108.5 Kings Ridge
Kings Ridge ,Week3,Brandywine,Week4,274.0 Brandywine - 127.0 Kings Ridge
Kings Ridge ,Week1,Ravensworth Farm,Week5,331.0 Ravensworth Farm - 71.0 Kings Ridge
Kings Ridge ,Week3,Poplar Tree,Week5,313.0 Poplar Tree - 88.0 Kings Ridge
Kent Gardens,Week4,Little Rocky Run,Week4,274.0 Little Rocky Run - 128.0 Kent Gardens
Kent Gardens,Week5,Little Rocky Run,Week2,236.0 Little Rocky Run - 166.0 Kent Gardens
Kings Ridge ,Week4,Brandywine,Week5,268.0 Brandywine - 134.0 Kings Ridge
Kings Ridge ,Week4,Brandywine,Week1,255.0 Brandywine - 147.0 Kings Ridge
Kent Gardens,Week5,High Point Pool,Week5,206.0 High Point Pool - 196.0 Kent Gardens
Kent Gardens,Week3,Long Branch,Week2,220.0 Kent Gardens - 182.0 Long Branch
Kent Gardens,Week2,High Point Pool,Week1,246.0 High Point Pool - 156.0 Kent Gardens
Kent Gardens,Week2,Fairfax Club Estates,Week1,228.0 Kent Gardens - 174.0 Fairfax Club Estates
Kent Gardens,Week1,Fairfax Club Estates,Week2,250.0 Kent Gardens - 152.0 Fairfax Club Estates
Kings Ridge ,Week4,Brandywine,Week3,251.0 Brandywine - 151.0 Kings Ridge
Kent Gardens,Week3,Fairfax Club Estates,Week5,220.0 Kent Gardens - 182.0 Fairfax Club Estates
Kent Gardens,Week1,Long Branch,Week1,236.0 Kent Gardens - 166.0 Long Branch
Kent Gardens,Week2,Fairfax Club Estates,Week3,226.0 Kent Gardens - 176.0 Fairfax Club Estates
Kent Gardens,Week3,Hiddenbrook,Week2,259.0 Kent Gardens - 143.0 Hiddenbrook
Kent Gardens,Week1,Little Rocky Run,Week4,257.0 Little Rocky Run - 145.0 Kent Gardens
Kent Gardens,Week1,Fairfax Club Estates,Week4,240.5 Kent Gardens - 161.5 Fairfax Club Estates
Kent Gardens,Week1,Fairfax Club Estates,Week5,230.0 Kent Gardens - 172.0 Fairfax Club Estates
Kent Gardens,Week1,Highland Park,Week5,204.0 Highland Park - 198.0 Kent Gardens
Kings Ridge ,Week5,Poplar Tree,Week1,282.0 Poplar Tree - 120.0 Kings Ridge
Kent Gardens,Week1,High Point Pool,Week5,232.0 High Point Pool - 170.0 Kent Gardens
Kings Ridge ,Week1,Ravensworth Farm,Week3,311.0 Ravensworth Farm - 91.0 Kings Ridge
Kings Ridge ,Week4,Bren Mar-Edsall Park,Week2,335.0 Kings Ridge - 67.0 Bren Mar-Edsall Park
Kings Ridge ,Week5,Brandywine,Week5,276.0 Brandywine - 126.0 Kings Ridge
Kent Gardens,Week4,Fairfax Club Estates,Week5,225.0 Kent Gardens - 177.0 Fairfax Club Estates
Kings Ridge ,Week2,Poplar Tree,Week3,299.0 Poplar Tree - 103.0 Kings Ridge
Kent Gardens,Week4,High Point Pool,Week4,247.5 High Point Pool - 154.5 Kent Gardens
Kent Gardens,Week4,High Point Pool,Week2,249.0 High Point Pool - 153.0 Kent Gardens
Kings Ridge ,Week4,Brandywine,Week2,232.0 Brandywine - 170.0 Kings Ridge
Kent Gardens,Week1,Fairfax Station,Week2,265.0 Fairfax Station - 137.0 Kent Gardens
Kings Ridge ,Week4,Poplar Tree,Week2,274.0 Poplar Tree - 128.0 Kings Ridge
Kent Gardens,Week5,Little Rocky Run,Week4,236.0 Little Rocky Run - 166.0 Kent Gardens
Kent Gardens,Week4,High Point Pool,Week5,242.0 High Point Pool - 160.0 Kent Gardens
Kings Ridge ,Week4,Poplar Tree,Week3,291.0 Poplar Tree - 111.0 Kings Ridge
Kent Gardens,Week4,Little Rocky Run,Week1,268.0 Little Rocky Run - 134.0 Kent Gardens
Kings Ridge ,Week3,Bren Mar-Edsall Park,Week2,340.0 Kings Ridge - 61.0 Bren Mar-Edsall Park
Kent Gardens,Week3,High Point Pool,Week4,246.0 High Point Pool - 156.0 Kent Gardens
Kent Gardens,Week4,Fairfax Club Estates,Week1,223.0 Kent Gardens - 179.0 Fairfax Club Estates
Kent Gardens,Week4,Fairfax Club Estates,Week2,238.0 Kent Gardens - 164.0 Fairfax Club Estates
Kent Gardens,Week2,Little Rocky Run,Week3,297.0 Little Rocky Run - 105.0 Kent Gardens
Kent Gardens,Week1,Fairfax Station,Week1,258.0 Fairfax Station - 144.0 Kent Gardens
Kent Gardens,Week4,Little Rocky Run,Week2,272.0 Little Rocky Run - 130.0 Kent Gardens
Kings Ridge ,Week2,Ravensworth Farm,Week2,285.0 Ravensworth Farm - 117.0 Kings Ridge
Kent Gardens,Week3,Little Rocky Run,Week1,256.0 Little Rocky Run - 146.0 Kent Gardens
Kent Gardens,Week2,High Point Pool,Week2,268.0 High Point Pool - 134.0 Kent Gardens
Kings Ridge ,Week5,Brandywine,Week1,246.0 Brandywine - 156.0 Kings Ridge
Kent Gardens,Week5,Little Rocky Run,Week3,242.0 Little Rocky Run - 160.0 Kent Gardens
Kings Ridge ,Week3,Ravensworth Farm,Week5,308.0 Ravensworth Farm - 94.0 Kings Ridge
Kent Gardens,Week2,Highland Park,Week4,235.0 Highland Park - 167.0 Kent Gardens
Kent Gardens,Week5,Fairfax Club Estates,Week3,278.0 Kent Gardens - 124.0 Fairfax Club Estates
Kent Gardens,Week1,Fairfax Station,Week3,273.0 Fairfax Station - 129.0 Kent Gardens
Kings Ridge ,Week2,Brandywine,Week2,245.0 Brandywine - 157.0 Kings Ridge
Kings Ridge ,Week5,Ravensworth Farm,Week1,282.0 Ravensworth Farm - 120.0 Kings Ridge
Kings Ridge ,Week4,Ravensworth Farm,Week3,294.0 Ravensworth Farm - 108.0 Kings Ridge
Kent Gardens,Week3,Fairfax Club Estates,Week4,218.0 Kent Gardens - 184.0 Fairfax Club Estates
Kings Ridge ,Week1,Bren Mar-Edsall Park,Week3,316.0 Kings Ridge - 86.0 Bren Mar-Edsall Park
Kent Gardens,Week4,Little Rocky Run,Week3,282.0 Little Rocky Run - 120.0 Kent Gardens
Kings Ridge ,Week2,Brandywine,Week5,294.0 Brandywine - 108.0 Kings Ridge
Kings Ridge ,Week4,Ravensworth Farm,Week2,275.0 Ravensworth Farm - 127.0 Kings Ridge
Kent Gardens,Week1,Long Branch,Week2,238.0 Kent Gardens - 164.0 Long Branch
Kent Gardens,Week1,Long Branch,Week5,242.0 Kent Gardens - 160.0 Long Branch
Kent Gardens,Week5,High Point Pool,Week2,222.0 High Point Pool - 180.0 Kent Gardens
Kings Ridge ,Week1,Bren Mar-Edsall Park,Week1,332.0 Kings Ridge - 70.0 Bren Mar-Edsall Park
Kings Ridge ,Week1,Riverside Gardens,Week4,331.0 Riverside Gardens - 71.0 Kings Ridge
Kings Ridge ,Week1,Brandywine,Week5,300.0 Brandywine - 102.0 Kings Ridge
Kent Gardens,Week5,Fairfax Club Estates,Week5,270.0 Kent Gardens - 132.0 Fairfax Club Estates
Kings Ridge ,Week3,Riverside Gardens,Week3,323.0 Riverside Gardens - 79.0 Kings Ridge
Kent Gardens,Week5,Fairfax Club Estates,Week4,265.0 Kent Gardens - 137.0 Fairfax Club Estates
Kings Ridge ,Week3,Brandywine,Week3,256.0 Brandywine - 144.0 Kings Ridge
Kent Gardens,Week2,Little Rocky Run,Week5,294.0 Little Rocky Run - 108.0 Kent Gardens
Kent Gardens,Week2,High Point Pool,Week5,256.0 High Point Pool - 146.0 Kent Gardens
Kent Gardens,Week1,Highland Park,Week1,211.0 Highland Park - 191.0 Kent Gardens
Kings Ridge ,Week2,Riverside Gardens,Week3,336.0 Riverside Gardens - 66.0 Kings Ridge
Kent Gardens,Week1,Highland Park,Week3,207.0 Kent Gardens - 195.0 Highland Park
Kent Gardens,Week4,Fairfax Club Estates,Week4,242.0 Kent Gardens - 160.0 Fairfax Club Estates
Kings Ridge ,Week3,Brandywine,Week5,285.0 Brandywine - 117.0 Kings Ridge
Kent Gardens,Week3,Little Rocky Run,Week2,265.0 Little Rocky Run - 137.0 Kent Gardens
Kings Ridge ,Week4,Ravensworth Farm,Week4,284.0 Ravensworth Farm - 118.0 Kings Ridge
Kent Gardens,Week5,High Point Pool,Week3,207.0 Kent Gardens - 195.0 High Point Pool
Kent Gardens,Week4,Fairfax Club Estates,Week3,242.0 Kent Gardens - 160.0 Fairfax Club Estates
Kent Gardens,Week5,Little Rocky Run,Week5,255.0 Little Rocky Run - 147.0 Kent Gardens
Kings Ridge ,Week4,Brandywine,Week4,274.0 Brandywine - 128.0 Kings Ridge
Kent Gardens,Week3,High Point Pool,Week1,223.0 High Point Pool - 179.0 Kent Gardens
Kent Gardens,Week5,Fairfax Club Estates,Week1,262.0 Kent Gardens - 140.0 Fairfax Club Estates
Kent Gardens,Week1,Fox Mill Woods,Week3,245.0 Fox Mill Woods - 157.0 Kent Gardens
Kings Ridge ,Week5,Ravensworth Farm,Week5,295.0 Ravensworth Farm - 107.0 Kings Ridge
Kings Ridge ,Week5,Brandywine,Week2,254.0 Brandywine - 148.0 Kings Ridge
Kent Gardens,Week1,Fox Mill Woods,Week2,243.0 Fox Mill Woods - 159.0 Kent Gardens
Kent Gardens,Week2,Little Rocky Run,Week2,281.0 Little Rocky Run - 121.0 Kent Gardens
Kings Ridge ,Week2,Bren Mar-Edsall Park,Week1,309.0 Kings Ridge - 91.0 Bren Mar-Edsall Park
Kent Gardens,Week3,Highland Park,Week2,229.0 Highland Park - 173.0 Kent Gardens
Kent Gardens,Week3,Little Rocky Run,Week4,271.0 Little Rocky Run - 131.0 Kent Gardens
Kent Gardens,Week5,Highland Park,Week3,233.0 Kent Gardens - 169.0 Highland Park
Kings Ridge ,Week3,Brandywine,Week2,250.0 Brandywine - 151.0 Kings Ridge
Kent Gardens,Week1,Long Branch,Week4,244.0 Kent Gardens - 158.0 Long Branch
Kings Ridge ,Week1,Bren Mar-Edsall Park,Week4,314.0 Kings Ridge - 88.0 Bren Mar-Edsall Park
Kings Ridge ,Week1,Riverside Gardens,Week2,316.0 Riverside Gardens - 86.0 Kings Ridge
Kings Ridge ,Week3,Brandywine,Week1,253.0 Brandywine - 149.0 Kings Ridge
Kings Ridge ,Week4,Riverside Gardens,Week2,297.0 Riverside Gardens - 105.0 Kings Ridge
Kent Gardens,Week2,Fairfax Station,Week1,274.0 Fairfax Station - 128.0 Kent Gardens
Kent Gardens,Week1,Fairfax Station,Week5,287.0 Fairfax Station - 115.0 Kent Gardens
Kent Gardens,Week3,High Point Pool,Week5,246.0 High Point Pool - 156.0 Kent Gardens
Kent Gardens,Week2,Highland Park,Week1,238.0 Highland Park - 164.0 Kent Gardens
Kings Ridge ,Week1,Bren Mar-Edsall Park,Week5,306.0 Kings Ridge - 91.0 Bren Mar-Edsall Park
Kent Gardens,Week3,Little Rocky Run,Week3,289.0 Little Rocky Run - 113.0 Kent Gardens
Kent Gardens,Week5,Little Rocky Run,Week1,236.0 Little Rocky Run - 166.0 Kent Gardens
Kings Ridge ,Week1,Riverside Gardens,Week3,325.0 Riverside Gardens - 77.0 Kings Ridge
Kings Ridge ,Week3,Ravensworth Farm,Week1,286.0 Ravensworth Farm - 116.0 Kings Ridge
Kent Gardens,Week1,Fairfax Station,Week4,256.0 Fairfax Station - 146.0 Kent Gardens
Kings Ridge ,Week2,Bren Mar-Edsall Park,Week2,315.0 Kings Ridge - 83.0 Bren Mar-Edsall Park
Kings Ridge ,Week2,Brandywine,Week1,266.0 Brandywine - 136.0 Kings Ridge
Kent Gardens,Week2,Little Rocky Run,Week4,278.0 Little Rocky Run - 124.0 Kent Gardens
Kent Gardens,Week5,High Point Pool,Week4,203.0 Kent Gardens - 199.0 High Point Pool
Kent Gardens,Week4,High Point Pool,Week1,223.0 High Point Pool - 179.0 Kent Gardens
Kent Gardens,Week5,High Point Pool,Week1,202.0 High Point Pool - 200.0 Kent Gardens
Kent Gardens,Week1,Highland Park,Week4,202.0 Highland Park - 200.0 Kent Gardens
Kent Gardens,Week5,Fairfax Club Estates,Week2,279.0 Kent Gardens - 123.0 Fairfax Club Estates
Kent Gardens,Week1,Little Rocky Run,Week5,281.0 Little Rocky Run - 121.0 Kent Gardens
Kent Gardens,Week3,Little Rocky Run,Week5,287.0 Little Rocky Run - 115.0 Kent Gardens
Kings Ridge ,Week2,Riverside Gardens,Week1,324.0 Riverside Gardens - 78.0 Kings Ridge
Kings Ridge ,Week2,Ravensworth Farm,Week4,299.0 Ravensworth Farm - 103.0 Kings Ridge
Kent Gardens,Week2,Fox Mill Woods,Week1,277.0 Fox Mill Woods - 125.0 Kent Gardens
Kings Ridge ,Week2,Riverside Gardens,Week2,313.0 Riverside Gardens - 89.0 Kings Ridge
Kent Gardens,Week5,Fox Mill Estates,Week4,246.0 Kent Gardens - 156.0 Fox Mill Estates
Kent Gardens,Week5,Fox Mill Estates,Week2,261.0 Kent Gardens - 141.0 Fox Mill Estates
Kings Ridge ,Week3,Ravensworth Farm,Week4,292.0 Ravensworth Farm - 109.0 Kings Ridge
Kings Ridge ,Week2,Bren Mar-Edsall Park,Week4,298.0 Kings Ridge - 99.0 Bren Mar-Edsall Park
Kent Gardens,Week2,High Point Pool,Week4,265.0 High Point Pool - 137.0 Kent Gardens
Kent Gardens,Week3,High Point Pool,Week3,229.5 High Point Pool - 172.5 Kent Gardens
Kent Gardens,Week2,Long Branch,Week5,236.0 Kent Gardens - 166.0 Long Branch
Kent Gardens,Week3,High Point Pool,Week2,258.0 High Point Pool - 144.0 Kent Gardens
Kings Ridge ,Week3,Bren Mar-Edsall Park,Week4,317.0 Kings Ridge - 83.0 Bren Mar-Edsall Park
Kings Ridge ,Week3,Ravensworth Farm,Week3,302.0 Ravensworth Farm - 100.0 Kings Ridge
Kent Gardens,Week3,Long Branch,Week1,223.0 Kent Gardens - 179.0 Long Branch
Kent Gardens,Week2,Long Branch,Week3,246.0 Kent Gardens - 156.0 Long Branch
Kings Ridge ,Week2,Riverside Gardens,Week4,330.0 Riverside Gardens - 72.0 Kings Ridge
Kent Gardens,Week2,High Point Pool,Week3,249.0 High Point Pool - 153.0 Kent Gardens
Kings Ridge ,Week3,Bren Mar-Edsall Park,Week3,315.0 Kings Ridge - 87.0 Bren Mar-Edsall Park
Kings Ridge ,Week4,Ravensworth Farm,Week1,287.5 Ravensworth Farm - 114.5 Kings Ridge
Kent Gardens,Week4,Fox Mill Estates,Week3,205.0 Fox Mill Estates - 197.0 Kent Gardens
Kings Ridge ,Week2,Bren Mar-Edsall Park,Week3,309.5 Kings Ridge - 91.5 Bren Mar-Edsall Park
Kent Gardens,Week2,Long Branch,Week4,220.0 Kent Gardens - 182.0 Long Branch
Kent Gardens,Week4,Fox Mill Estates,Week5,218.0 Kent Gardens - 184.0 Fox Mill Estates
Kings Ridge ,Week3,Bren Mar-Edsall Park,Week1,335.0 Kings Ridge - 66.0 Bren Mar-Edsall Park
Kent Gardens,Week4,High Point Pool,Week3,239.0 High Point Pool - 163.0 Kent Gardens
Kent Gardens,Week2,Long Branch,Week1,234.0 Kent Gardens - 168.0 Long Branch
Kent Gardens,Week5,Long Branch,Week1,263.0 Kent Gardens - 139.0 Long Branch
Kent Gardens,Week2,Highland Park,Week3,206.0 Highland Park - 196.0 Kent Gardens
Kent Gardens,Week1,Fox Mill Woods,Week4,244.0 Fox Mill Woods - 158.0 Kent Gardens
Kings Ridge ,Week2,Riverside Gardens,Week5,322.0 Riverside Gardens - 80.0 Kings Ridge
Kent Gardens,Week1,Mansion House,Week4,211.0 Mansion House - 191.0 Kent Gardens
Kings Ridge ,Week5,Ravensworth Farm,Week4,277.0 Ravensworth Farm - 125.0 Kings Ridge
Kent Gardens,Week2,Highland Park,Week2,224.0 Highland Park - 178.0 Kent Gardens
Kings Ridge ,Week3,Ravensworth Farm,Week2,275.5 Ravensworth Farm - 125.5 Kings Ridge
Kent Gardens,Week4,Riverside Gardens,Week5,280.0 Riverside Gardens - 122.0 Kent Gardens
Kings Ridge ,Week1,Riverside Gardens,Week1,327.0 Riverside Gardens - 75.0 Kings Ridge
Kings Ridge ,Week2,Brookfield ,Week2,282.0 Brookfield - 120.0 Kings Ridge
Kent Gardens,Week4,Long Branch,Week5,211.0 Kent Gardens - 191.0 Long Branch
Kent Gardens,Week5,Riverside Gardens,Week3,225.0 Riverside Gardens - 177.0 Kent Gardens
Kent Gardens,Week3,Highland Park,Week3,212.0 Highland Park - 190.0 Kent Gardens
Kent Gardens,Week3,Highland Park,Week1,238.0 Highland Park - 164.0 Kent Gardens
Kings Ridge ,Week5,Ravensworth Farm,Week3,295.0 Ravensworth Farm - 107.0 Kings Ridge
Kent Gardens,Week2,Mansion House,Week4,229.0 Mansion House - 173.0 Kent Gardens
Kent Gardens,Week1,Mansion House,Week1,241.0 Mansion House - 161.0 Kent Gardens
Kent Gardens,Week4,Long Branch,Week2,214.0 Kent Gardens - 188.0 Long Branch
Kent Gardens,Week5,Riverside Gardens,Week5,243.0 Riverside Gardens - 159.0 Kent Gardens
Kent Gardens,Week5,Fox Mill Estates,Week1,278.0 Kent Gardens - 124.0 Fox Mill Estates
Kent Gardens,Week2,Fox Mill Estates,Week5,224.0 Kent Gardens - 178.0 Fox Mill Estates
Kent Gardens,Week2,Fox Mill Woods,Week3,260.0 Fox Mill Woods - 142.0 Kent Gardens
Kings Ridge ,Week4,Bren Mar-Edsall Park,Week1,335.0 Kings Ridge - 67.0 Bren Mar-Edsall Park
Kings Ridge ,Week2,Ravensworth Farm,Week5,323.0 Ravensworth Farm - 79.0 Kings Ridge
Kent Gardens,Week1,Fox Mill Woods,Week5,248.0 Fox Mill Woods - 154.0 Kent Gardens
Kings Ridge ,Week2,Bren Mar-Edsall Park,Week5,289.5 Kings Ridge - 111.5 Bren Mar-Edsall Park
Kent Gardens,Week3,Rolling Forest,Week4,204.0 Kent Gardens - 198.0 Rolling Forest
Kent Gardens,Week4,Rolling Forest,Week5,201.0 Kent Gardens - 201.0 Rolling Forest
Kings Ridge ,Week1,Brookfield ,Week4,286.0 Brookfield - 116.0 Kings Ridge
Kings Ridge ,Week3,Bren Mar-Edsall Park,Week5,315.0 Kings Ridge - 87.0 Bren Mar-Edsall Park
Kings Ridge ,Week1,Bren Mar-Edsall Park,Week2,335.0 Kings Ridge - 67.0 Bren Mar-Edsall Park
Kent Gardens,Week2,Rolling Forest,Week3,208.0 Rolling Forest - 194.0 Kent Gardens
Kings Ridge ,Week3,Riverside Gardens,Week1,317.0 Riverside Gardens - 85.0 Kings Ridge
Kent Gardens,Week5,Fox Mill Estates,Week5,252.0 Kent Gardens - 150.0 Fox Mill Estates
Kent Gardens,Week2,Highland Park,Week5,222.0 Highland Park - 180.0 Kent Gardens
Kent Gardens,Week1,Highland Park,Week2,207.0 Highland Park - 195.0 Kent Gardens
Kent Gardens,Week1,Mansion House,Week3,243.0 Mansion House - 159.0 Kent Gardens
Kent Gardens,Week3,Highland Park,Week4,231.0 Highland Park - 171.0 Kent Gardens
Kings Ridge ,Week4,Ravensworth Farm,Week5,308.0 Ravensworth Farm - 94.0 Kings Ridge
Kent Gardens,Week4,Highland Park,Week3,211.0 Highland Park - 191.0 Kent Gardens
Kent Gardens,Week3,Highland Park,Week5,226.0 Highland Park - 176.0 Kent Gardens
Kings Ridge ,Week4,Bren Mar-Edsall Park,Week4,318.0 Kings Ridge - 84.0 Bren Mar-Edsall Park
Kent Gardens,Week3,Fox Mill Estates,Week5,221.0 Kent Gardens - 181.0 Fox Mill Estates
Kings Ridge ,Week3,Riverside Gardens,Week4,322.0 Riverside Gardens - 80.0 Kings Ridge
Kent Gardens,Week1,Rolling Forest,Week1,231.0 Kent Gardens - 171.0 Rolling Forest
Kent Gardens,Week4,Fox Mill Estates,Week4,210.0 Fox Mill Estates - 192.0 Kent Gardens
Kings Ridge ,Week2,Brookfield ,Week5,266.0 Brookfield - 136.0 Kings Ridge
Kent Gardens,Week5,Fox Mill Estates,Week3,257.0 Kent Gardens - 145.0 Fox Mill Estates
Kent Gardens,Week3,Mansion House,Week2,234.0 Mansion House - 168.0 Kent Gardens
Kent Gardens,Week5,Riverside Gardens,Week2,201.0 Kent Gardens - 201.0 Riverside Gardens
Kings Ridge ,Week5,Ravensworth Farm,Week2,258.0 Ravensworth Farm - 144.0 Kings Ridge
Kent Gardens,Week5,Long Branch,Week2,260.0 Kent Gardens - 142.0 Long Branch
Kings Ridge ,Week3,Riverside Gardens,Week2,294.0 Riverside Gardens - 108.0 Kings Ridge
Kings Ridge ,Week2,Brookfield ,Week3,268.0 Brookfield - 134.0 Kings Ridge
Kent Gardens,Week1,Rolling Forest,Week5,214.0 Kent Gardens - 188.0 Rolling Forest
Kings Ridge ,Week5,Bren Mar-Edsall Park,Week5,308.0 Kings Ridge - 94.0 Bren Mar-Edsall Park
Kings Ridge ,Week3,Brookfield ,Week3,257.0 Brookfield - 145.0 Kings Ridge
Kings Ridge ,Week1,Riverside Gardens,Week5,333.0 Riverside Gardens - 69.0 Kings Ridge
Kent Gardens,Week4,Fox Mill Estates,Week2,217.0 Kent Gardens - 185.0 Fox Mill Estates
Kent Gardens,Week3,Long Branch,Week4,226.0 Kent Gardens - 176.0 Long Branch
Kent Gardens,Week2,Fox Mill Woods,Week5,275.5 Fox Mill Woods - 126.5 Kent Gardens
Kent Gardens,Week2,Rolling Forest,Week1,213.5 Kent Gardens - 188.5 Rolling Forest
Kent Gardens,Week5,Long Branch,Week5,271.0 Kent Gardens - 131.0 Long Branch
Kent Gardens,Week4,Highland Park,Week2,214.0 Highland Park - 188.0 Kent Gardens
Kent Gardens,Week4,Highland Park,Week4,244.0 Highland Park - 158.0 Kent Gardens
Kent Gardens,Week5,Highland Park,Week1,223.0 Kent Gardens - 179.0 Highland Park
Kings Ridge ,Week3,Riverside Gardens,Week5,316.0 Riverside Gardens - 86.0 Kings Ridge
Kings Ridge ,Week3,Brookfield ,Week1,274.0 Brookfield - 128.0 Kings Ridge
Kent Gardens,Week1,Rolling Forest,Week3,201.0 Kent Gardens - 201.0 Rolling Forest
Kent Gardens,Week5,Highland Park,Week2,237.0 Kent Gardens - 165.0 Highland Park
Kent Gardens,Week2,Mansion House,Week5,270.0 Mansion House - 132.0 Kent Gardens
Kent Gardens,Week1,Rolling Forest,Week2,229.0 Kent Gardens - 173.0 Rolling Forest
Kent Gardens,Week3,Fox Mill Estates,Week1,243.0 Kent Gardens - 159.0 Fox Mill Estates
Kent Gardens,Week5,Riverside Gardens,Week1,221.0 Riverside Gardens - 181.0 Kent Gardens
Kings Ridge ,Week3,Brookfield ,Week4,276.0 Brookfield - 126.0 Kings Ridge
Kings Ridge ,Week3,Rolling Forest,Week1,266.0 Rolling Forest - 136.0 Kings Ridge
Kings Ridge ,Week4,Riverside Gardens,Week1,306.0 Riverside Gardens - 96.0 Kings Ridge
Kings Ridge ,Week1,Brookfield ,Week3,261.0 Brookfield - 141.0 Kings Ridge
Kent Gardens,Week4,Forest Hollow,Week3,242.0 Forest Hollow - 160.0 Kent Gardens
Kings Ridge ,Week4,Riverside Gardens,Week4,320.0 Riverside Gardens - 82.0 Kings Ridge
Kent Gardens,Week4,Riverside Gardens,Week4,278.0 Riverside Gardens - 124.0 Kent Gardens
Kent Gardens,Week2,Fox Hunt,Week1,205.0 Kent Gardens - 197.0 Fox Hunt
Kent Gardens,Week5,Long Branch,Week4,264.0 Kent Gardens - 138.0 Long Branch
Kent Gardens,Week4,Highland Park,Week5,233.0 Highland Park - 169.0 Kent Gardens
Kent Gardens,Week3,Fox Mill Estates,Week3,213.0 Kent Gardens - 189.0 Fox Mill Estates
Kent Gardens,Week2,Rolling Forest,Week2,214.0 Kent Gardens - 188.0 Rolling Forest
Kent Gardens,Week3,Long Branch,Week5,216.0 Kent Gardens - 186.0 Long Branch
Kings Ridge ,Week1,Brookfield ,Week5,268.5 Brookfield - 128.5 Kings Ridge
Kent Gardens,Week5,Highland Park,Week4,220.0 Kent Gardens - 182.0 Highland Park
Kent Gardens,Week2,Fox Mill Woods,Week4,262.0 Fox Mill Woods - 140.0 Kent Gardens
Kent Gardens,Week2,Fox Mill Woods,Week2,267.0 Fox Mill Woods - 135.0 Kent Gardens
Kent Gardens,Week1,Mansion House,Week5,250.0 Mansion House - 152.0 Kent Gardens
Kent Gardens,Week4,Fox Mill Estates,Week1,236.0 Kent Gardens - 166.0 Fox Mill Estates
Kings Ridge ,Week2,Rolling Forest,Week2,267.0 Rolling Forest - 135.0 Kings Ridge
Kent Gardens,Week3,Rolling Forest,Week1,208.0 Kent Gardens - 194.0 Rolling Forest
Kent Gardens,Week5,Forest Hollow,Week3,206.0 Kent Gardens - 196.0 Forest Hollow
Kent Gardens,Week4,Highland Park,Week1,244.0 Highland Park - 158.0 Kent Gardens
Kings Ridge ,Week3,Brookfield ,Week5,257.0 Brookfield - 145.0 Kings Ridge
Kent Gardens,Week5,Long Branch,Week3,274.0 Kent Gardens - 128.0 Long Branch
Kent Gardens,Week5,Riverside Gardens,Week4,229.0 Riverside Gardens - 173.0 Kent Gardens
Kings Ridge ,Week5,Rolling Forest,Week1,258.0 Rolling Forest - 144.0 Kings Ridge
Kings Ridge ,Week5,Riverside Gardens,Week3,311.0 Riverside Gardens - 91.0 Kings Ridge
Kings Ridge ,Week4,Riverside Gardens,Week5,314.0 Riverside Gardens - 88.0 Kings Ridge
Kent Gardens,Week1,Fox Mill Woods,Week1,254.0 Fox Mill Woods - 148.0 Kent Gardens
Kent Gardens,Week1,Rolling Forest,Week4,221.0 Kent Gardens - 181.0 Rolling Forest
Kings Ridge ,Week1,Brookfield ,Week2,263.0 Brookfield - 139.0 Kings Ridge
Kings Ridge ,Week3,Rolling Forest,Week5,268.0 Rolling Forest - 134.0 Kings Ridge
Kent Gardens,Week2,Forest Hollow,Week5,257.0 Forest Hollow - 145.0 Kent Gardens
Kings Ridge ,Week4,Bren Mar-Edsall Park,Week3,322.0 Kings Ridge - 80.0 Bren Mar-Edsall Park
Kent Gardens,Week3,Rolling Forest,Week2,204.0 Kent Gardens - 198.0 Rolling Forest
Kent Gardens,Week3,Fox Mill Estates,Week4,203.0 Kent Gardens - 199.0 Fox Mill Estates
Kent Gardens,Week3,Forest Hollow,Week3,248.0 Forest Hollow - 154.0 Kent Gardens
Kent Gardens,Week2,Rolling Forest,Week5,203.0 Rolling Forest - 199.0 Kent Gardens
Kings Ridge ,Week5,Riverside Gardens,Week5,318.0 Riverside Gardens - 84.0 Kings Ridge
Kent Gardens,Week3,Mansion House,Week3,265.0 Mansion House - 137.0 Kent Gardens
Kent Gardens,Week3,Forest Hollow,Week2,238.0 Forest Hollow - 164.0 Kent Gardens
Kent Gardens,Week4,Riverside Gardens,Week3,269.0 Riverside Gardens - 133.0 Kent Gardens
Kent Gardens,Week3,Mansion House,Week4,221.0 Mansion House - 181.0 Kent Gardens
Kent Gardens,Week3,Forest Hollow,Week1,248.0 Forest Hollow - 154.0 Kent Gardens
Kent Gardens,Week3,Mansion House,Week5,270.0 Mansion House - 132.0 Kent Gardens
Kent Gardens,Week4,Long Branch,Week4,227.0 Kent Gardens - 175.0 Long Branch
Kings Ridge ,Week2,Brookfield ,Week4,281.0 Brookfield - 121.0 Kings Ridge
Kent Gardens,Week2,Rolling Forest,Week4,211.0 Kent Gardens - 191.0 Rolling Forest
Kings Ridge ,Week4,Brookfield ,Week3,232.0 Brookfield - 170.0 Kings Ridge
Kent Gardens,Week2,Forest Hollow,Week3,255.0 Forest Hollow - 147.0 Kent Gardens
Kings Ridge ,Week4,Brookfield ,Week2,245.0 Brookfield - 157.0 Kings Ridge
Kings Ridge ,Week3,Rolling Forest,Week3,276.0 Rolling Forest - 126.0 Kings Ridge
Kings Ridge ,Week3,Brookfield ,Week2,260.0 Brookfield - 142.0 Kings Ridge
Kings Ridge ,Week5,Rolling Forest,Week3,259.0 Rolling Forest - 143.0 Kings Ridge
Kent Gardens,Week4,Mansion House,Week1,255.0 Mansion House - 147.0 Kent Gardens
Kings Ridge ,Week4,Brookfield ,Week1,257.0 Brookfield - 145.0 Kings Ridge
Kent Gardens,Week3,Mansion House,Week1,258.0 Mansion House - 144.0 Kent Gardens
Kent Gardens,Week2,Fox Hunt,Week3,244.0 Fox Hunt - 158.0 Kent Gardens
Kent Gardens,Week1,Mansion House,Week2,225.0 Mansion House - 177.0 Kent Gardens
Kent Gardens,Week3,Fox Mill Estates,Week2,215.0 Kent Gardens - 187.0 Fox Mill Estates
Kent Gardens,Week3,Rolling Forest,Week3,225.0 Rolling Forest - 177.0 Kent Gardens
Kings Ridge ,Week2,Rolling Forest,Week1,286.0 Rolling Forest - 116.0 Kings Ridge
Kent Gardens,Week5,Forest Hollow,Week5,218.0 Forest Hollow - 184.0 Kent Gardens
Kent Gardens,Week4,Rolling Forest,Week4,208.0 Kent Gardens - 194.0 Rolling Forest
Kent Gardens,Week4,Rolling Forest,Week2,220.0 Kent Gardens - 182.0 Rolling Forest
Kent Gardens,Week4,Long Branch,Week1,234.0 Kent Gardens - 168.0 Long Branch
Kent Gardens,Week4,Long Branch,Week3,230.0 Kent Gardens - 172.0 Long Branch
Kent Gardens,Week3,Rolling Forest,Week5,209.0 Rolling Forest - 193.0 Kent Gardens
Kings Ridge ,Week5,Bren Mar-Edsall Park,Week2,335.0 Kings Ridge - 67.0 Bren Mar-Edsall Park
Kent Gardens,Week3,Long Branch,Week3,234.0 Kent Gardens - 168.0 Long Branch
Kent Gardens,Week4,Riverside Gardens,Week2,244.0 Riverside Gardens - 158.0 Kent Gardens
Kent Gardens,Week2,Mansion House,Week1,263.0 Mansion House - 139.0 Kent Gardens
Kent Gardens,Week1,Fox Hunt,Week1,209.0 Kent Gardens - 193.0 Fox Hunt
Kent Gardens,Week2,Mansion House,Week2,242.0 Mansion House - 160.0 Kent Gardens
Kings Ridge ,Week1,Rolling Forest,Week2,271.0 Rolling Forest - 131.0 Kings Ridge
Kings Ridge ,Week1,Rolling Forest,Week5,284.0 Rolling Forest - 118.0 Kings Ridge
Kings Ridge ,Week5,Bren Mar-Edsall Park,Week1,337.0 Kings Ridge - 65.0 Bren Mar-Edsall Park
Kent Gardens,Week3,Forest Hollow,Week5,263.0 Forest Hollow - 139.0 Kent Gardens
Kings Ridge ,Week1,Rolling Forest,Week4,278.0 Rolling Forest - 124.0 Kings Ridge
Kings Ridge ,Week4,Rolling Forest,Week2,251.0 Rolling Forest - 151.0 Kings Ridge
Kent Gardens,Week4,Rolling Forest,Week1,223.0 Kent Gardens - 179.0 Rolling Forest
Kings Ridge ,Week5,Bren Mar-Edsall Park,Week4,312.0 Kings Ridge - 90.0 Bren Mar-Edsall Park
Kent Gardens,Week3,Mantua,Week2,252.0 Mantua - 149.0 Kent Gardens
Kent Gardens,Week5,Rolling Forest,Week3,236.0 Kent Gardens - 166.0 Rolling Forest
Kent Gardens,Week4,Forest Hollow,Week5,257.0 Forest Hollow - 145.0 Kent Gardens
Kent Gardens,Week4,Forest Hollow,Week4,247.0 Forest Hollow - 155.0 Kent Gardens
Kent Gardens,Week4,Forest Hollow,Week1,234.0 Forest Hollow - 168.0 Kent Gardens
Kings Ridge ,Week5,Riverside Gardens,Week1,307.0 Riverside Gardens - 95.0 Kings Ridge
Kent Gardens,Week4,Mansion House,Week2,217.0 Mansion House - 185.0 Kent Gardens
Kings Ridge ,Week5,Bren Mar-Edsall Park,Week3,318.0 Kings Ridge - 84.0 Bren Mar-Edsall Park
Kings Ridge ,Week1,Brookfield ,Week1,284.0 Brookfield - 118.0 Kings Ridge
Kent Gardens,Week4,Riverside Gardens,Week1,268.0 Riverside Gardens - 134.0 Kent Gardens
Kings Ridge ,Week2,Brookfield ,Week1,296.0 Brookfield - 106.0 Kings Ridge
Kings Ridge ,Week4,Bren Mar-Edsall Park,Week5,313.0 Kings Ridge - 89.0 Bren Mar-Edsall Park
Kent Gardens,Week4,Forest Hollow,Week2,225.0 Forest Hollow - 177.0 Kent Gardens
Kent Gardens,Week4,Rolling Forest,Week3,206.5 Rolling Forest - 195.5 Kent Gardens
Kings Ridge ,Week4,Rolling Forest,Week4,252.0 Rolling Forest - 150.0 Kings Ridge
Kent Gardens,Week2,Mansion House,Week3,270.0 Mansion House - 132.0 Kent Gardens
Kent Gardens,Week5,Forest Hollow,Week2,217.0 Kent Gardens - 185.0 Forest Hollow
Kent Gardens,Week4,Mansion House,Week4,217.5 Mansion House - 184.5 Kent Gardens
Kent Gardens,Week5,Forest Hollow,Week1,215.0 Kent Gardens - 187.0 Forest Hollow
Kent Gardens,Week4,Rolling Hills,Week3,241.0 Kent Gardens - 161.0 Rolling Hills
Kent Gardens,Week5,Rolling Hills,Week1,267.0 Kent Gardens - 135.0 Rolling Hills
Kings Ridge ,Week3,Broyhill Crest,Week5,283.0 Kings Ridge - 118.0 Broyhill Crest
Kings Ridge ,Week3,Rolling Forest,Week4,265.0 Rolling Forest - 137.0 Kings Ridge
Kings Ridge ,Week1,Rolling Forest,Week1,280.0 Rolling Forest - 122.0 Kings Ridge
Kings Ridge ,Week2,Broyhill Crest,Week5,256.0 Kings Ridge - 145.0 Broyhill Crest
Kings Ridge ,Week1,Broyhill Crest,Week4,272.0 Kings Ridge - 130.0 Broyhill Crest
Kent Gardens,Week2,Forest Hollow,Week4,258.5 Forest Hollow - 143.5 Kent Gardens
Kings Ridge ,Week1,Broyhill Crest,Week2,296.0 Kings Ridge - 106.0 Broyhill Crest
Kings Ridge ,Week4,Rolling Forest,Week1,266.0 Rolling Forest - 136.0 Kings Ridge
Kings Ridge ,Week2,Rolling Forest,Week5,292.0 Rolling Forest - 110.0 Kings Ridge
Kent Gardens,Week2,Mantua,Week5,284.0 Mantua - 118.0 Kent Gardens
Kent Gardens,Week3,Mantua,Week4,263.0 Mantua - 139.0 Kent Gardens
Kent Gardens,Week1,Rolling Hills,Week3,246.0 Kent Gardens - 155.0 Rolling Hills
Kent Gardens,Week3,Forest Hollow,Week4,251.0 Forest Hollow - 151.0 Kent Gardens
Kent Gardens,Week3,Mantua,Week5,289.0 Mantua - 113.0 Kent Gardens
Kent Gardens,Week3,Rolling Hills,Week1,220.0 Kent Gardens - 182.0 Rolling Hills
Kent Gardens,Week2,Fox Hunt,Week2,210.0 Fox Hunt - 192.0 Kent Gardens
Kent Gardens,Week1,Fox Hunt,Week3,206.0 Fox Hunt - 196.0 Kent Gardens
Kent Gardens,Week3,Rolling Hills,Week4,227.0 Kent Gardens - 174.0 Rolling Hills
Kings Ridge ,Week1,Broyhill Crest,Week5,261.0 Kings Ridge - 141.0 Broyhill Crest
Kings Ridge ,Week3,Rolling Forest,Week2,243.0 Rolling Forest - 158.0 Kings Ridge
Kent Gardens,Week3,Mantua,Week3,295.0 Mantua - 107.0 Kent Gardens
Kent Gardens,Week2,McLean,Week2,299.0 McLean - 103.0 Kent Gardens
Kent Gardens,Week5,Mansion House,Week1,217.0 Mansion House - 185.0 Kent Gardens
Kings Ridge ,Week4,Rolling Forest,Week5,273.0 Rolling Forest - 129.0 Kings Ridge
Kings Ridge ,Week5,Brookfield ,Week1,262.0 Brookfield - 140.0 Kings Ridge
Kent Gardens,Week4,Mansion House,Week3,262.0 Mansion House - 140.0 Kent Gardens
Kings Ridge ,Week3,Broyhill Crest,Week2,309.0 Kings Ridge - 89.0 Broyhill Crest
Kent Gardens,Week1,Fox Hunt,Week4,208.0 Kent Gardens - 194.0 Fox Hunt
Kings Ridge ,Week2,Rolling Forest,Week3,286.0 Rolling Forest - 116.0 Kings Ridge
Kings Ridge ,Week5,Broyhill Crest,Week3,306.0 Kings Ridge - 95.0 Broyhill Crest
Kings Ridge ,Week4,Riverside Gardens,Week3,315.0 Riverside Gardens - 87.0 Kings Ridge
Kings Ridge ,Week1,Rolling Forest,Week3,286.0 Rolling Forest - 116.0 Kings Ridge
Kent Gardens,Week1,Rolling Hills,Week5,250.0 Kent Gardens - 152.0 Rolling Hills
Kings Ridge ,Week2,Broyhill Crest,Week1,271.0 Kings Ridge - 126.0 Broyhill Crest
Kings Ridge ,Week5,Broyhill Crest,Week5,285.0 Kings Ridge - 117.0 Broyhill Crest
Kent Gardens,Week5,Rolling Forest,Week4,254.0 Kent Gardens - 148.0 Rolling Forest
Kent Gardens,Week3,Rolling Hills,Week3,230.0 Kent Gardens - 171.0 Rolling Hills
Kings Ridge ,Week4,Rolling Forest,Week3,266.0 Rolling Forest - 136.0 Kings Ridge
Kent Gardens,Week2,Rolling Hills,Week4,233.0 Kent Gardens - 168.0 Rolling Hills
Kings Ridge ,Week2,Broyhill Crest,Week2,274.0 Kings Ridge - 126.0 Broyhill Crest
Kent Gardens,Week4,Rolling Hills,Week4,232.5 Kent Gardens - 169.5 Rolling Hills
Kings Ridge ,Week5,Riverside Gardens,Week4,317.5 Riverside Gardens - 84.5 Kings Ridge
Kings Ridge ,Week5,Riverside Gardens,Week2,292.0 Riverside Gardens - 110.0 Kings Ridge
Kent Gardens,Week1,Rolling Hills,Week1,240.0 Kent Gardens - 162.0 Rolling Hills
Kent Gardens,Week1,Mantua,Week1,246.0 Mantua - 155.0 Kent Gardens
Kent Gardens,Week5,Mansion House,Week2,203.0 Kent Gardens - 199.0 Mansion House
Kent Gardens,Week5,Mansion House,Week4,227.0 Kent Gardens - 175.0 Mansion House
Kings Ridge ,Week4,Broyhill Crest,Week3,303.5 Kings Ridge - 97.5 Broyhill Crest
Kent Gardens,Week4,Mansion House,Week5,262.0 Mansion House - 140.0 Kent Gardens
Kings Ridge ,Week2,Rolling Forest,Week4,268.0 Rolling Forest - 134.0 Kings Ridge
Kent Gardens,Week2,Rolling Hills,Week3,231.0 Kent Gardens - 170.0 Rolling Hills
Kent Gardens,Week1,Fox Hunt,Week2,201.0 Fox Hunt - 201.0 Kent Gardens
Kent Gardens,Week1,Fox Hunt,Week5,220.0 Fox Hunt - 182.0 Kent Gardens
Kings Ridge ,Week4,Broyhill Crest,Week1,294.0 Kings Ridge - 107.0 Broyhill Crest
Kent Gardens,Week1,Mantua,Week4,255.0 Mantua - 147.0 Kent Gardens
Kent Gardens,Week1,Rolling Hills,Week2,222.0 Kent Gardens - 180.0 Rolling Hills
Kent Gardens,Week5,Forest Hollow,Week4,207.0 Forest Hollow - 195.0 Kent Gardens
Kings Ridge ,Week5,Brookfield ,Week2,227.0 Brookfield - 175.0 Kings Ridge
Kent Gardens,Week4,Mantua,Week2,259.0 Mantua - 143.0 Kent Gardens
Kent Gardens,Week4,Dunn Loring,Week4,291.0 Dunn Loring - 111.0 Kent Gardens
Kent Gardens,Week3,Rolling Hills,Week5,227.0 Kent Gardens - 175.0 Rolling Hills
Kent Gardens,Week3,Dowden Terrace,Week2,203.0 Dowden Terrace - 199.0 Kent Gardens
Kent Gardens,Week3,Dowden Terrace,Week5,243.0 Dowden Terrace - 159.0 Kent Gardens
Kings Ridge ,Week2,Broyhill Crest,Week4,273.0 Kings Ridge - 128.0 Broyhill Crest
Kent Gardens,Week5,Mansion House,Week3,218.0 Mansion House - 184.0 Kent Gardens
Kent Gardens,Week2,Rolling Hills,Week5,247.0 Kent Gardens - 155.0 Rolling Hills
Kings Ridge ,Week3,Rolling Hills,Week2,237.0 Rolling Hills - 165.0 Kings Ridge
Kent Gardens,Week1,Fair Oaks ,Week2,227.0 Kent Gardens - 175.0 Fair Oaks
Kent Gardens,Week3,Mantua,Week1,255.0 Mantua - 146.0 Kent Gardens
Kent Gardens,Week1,Rolling Hills,Week4,258.0 Kent Gardens - 143.0 Rolling Hills
Kings Ridge ,Week4,Broyhill Crest,Week5,282.0 Kings Ridge - 120.0 Broyhill Crest
Kent Gardens,Week1,Mantua,Week2,233.0 Mantua - 168.0 Kent Gardens
Kent Gardens,Week2,Dowden Terrace,Week3,207.0 Kent Gardens - 195.0 Dowden Terrace
Kings Ridge ,Week5,Rolling Forest,Week4,244.0 Rolling Forest - 158.0 Kings Ridge
Kent Gardens,Week5,Rolling Forest,Week1,252.0 Kent Gardens - 150.0 Rolling Forest
Kent Gardens,Week2,Dowden Terrace,Week5,254.0 Dowden Terrace - 148.0 Kent Gardens
Kings Ridge ,Week5,Rolling Forest,Week5,262.0 Rolling Forest - 140.0 Kings Ridge
Kings Ridge ,Week1,Rolling Hills,Week1,250.0 Rolling Hills - 152.0 Kings Ridge
Kent Gardens,Week2,Mantua,Week4,261.0 Mantua - 141.0 Kent Gardens
Kings Ridge ,Week3,Broyhill Crest,Week1,293.0 Kings Ridge - 101.0 Broyhill Crest
Kent Gardens,Week2,Rolling Hills,Week1,225.0 Kent Gardens - 177.0 Rolling Hills
Kings Ridge ,Week5,Rolling Forest,Week2,237.0 Rolling Forest - 165.0 Kings Ridge
Kent Gardens,Week5,Rolling Hills,Week3,282.0 Kent Gardens - 120.0 Rolling Hills
Kings Ridge ,Week2,Rolling Hills,Week4,264.0 Rolling Hills - 138.0 Kings Ridge
Kent Gardens,Week4,Rolling Hills,Week5,240.0 Kent Gardens - 162.0 Rolling Hills
Kings Ridge ,Week3,Rolling Hills,Week1,239.0 Rolling Hills - 163.0 Kings Ridge
Kent Gardens,Week5,Mantua,Week1,217.0 Mantua - 185.0 Kent Gardens
Kings Ridge ,Week5,Brookfield ,Week4,250.0 Brookfield - 152.0 Kings Ridge
Kings Ridge ,Week1,Broyhill Crest,Week1,290.0 Kings Ridge - 107.0 Broyhill Crest
Kings Ridge ,Week4,Brookfield ,Week4,271.0 Brookfield - 131.0 Kings Ridge
Kent Gardens,Week2,Mantua,Week1,258.0 Mantua - 143.0 Kent Gardens
Kent Gardens,Week1,Dunn Loring,Week2,268.0 Dunn Loring - 134.0 Kent Gardens
Kent Gardens,Week4,Rolling Hills,Week1,227.0 Kent Gardens - 175.0 Rolling Hills
Kings Ridge ,Week2,Rolling Hills,Week3,256.0 Rolling Hills - 146.0 Kings Ridge
Kent Gardens,Week2,Dunn Loring,Week3,300.0 Dunn Loring - 102.0 Kent Gardens
Kings Ridge ,Week5,Brookfield ,Week5,251.0 Brookfield - 151.0 Kings Ridge
Kent Gardens,Week1,Dunn Loring,Week4,267.0 Dunn Loring - 135.0 Kent Gardens
Kent Gardens,Week3,Dowden Terrace,Week1,225.0 Dowden Terrace - 177.0 Kent Gardens
Kings Ridge ,Week1,Rolling Hills,Week3,255.0 Rolling Hills - 147.0 Kings Ridge
Kings Ridge ,Week3,Rolling Hills,Week5,250.0 Rolling Hills - 152.0 Kings Ridge
Kings Ridge ,Week4,Brookfield ,Week5,255.0 Brookfield - 147.0 Kings Ridge
Kent Gardens,Week1,Mantua,Week3,272.0 Mantua - 130.0 Kent Gardens
Kent Gardens,Week5,Mansion House,Week5,219.0 Mansion House - 183.0 Kent Gardens
Kings Ridge ,Week4,Rolling Hills,Week1,227.0 Rolling Hills - 175.0 Kings Ridge
Kent Gardens,Week1,Mantua,Week5,272.0 Mantua - 130.0 Kent Gardens
Kent Gardens,Week5,Rolling Forest,Week5,238.5 Kent Gardens - 163.5 Rolling Forest
Kings Ridge ,Week5,Brookfield ,Week3,231.0 Brookfield - 171.0 Kings Ridge
Kings Ridge ,Week1,Broyhill Crest,Week3,293.0 Kings Ridge - 109.0 Broyhill Crest
Kent Gardens,Week4,Dowden Terrace,Week4,228.0 Dowden Terrace - 174.0 Kent Gardens
Kent Gardens,Week3,Dunn Loring,Week1,264.0 Dunn Loring - 138.0 Kent Gardens
Kings Ridge ,Week2,Broyhill Crest,Week3,278.0 Kings Ridge - 124.0 Broyhill Crest
Kent Gardens,Week3,Dunn Loring,Week4,295.0 Dunn Loring - 107.0 Kent Gardens
Kent Gardens,Week2,Fair Oaks ,Week1,229.0 Fair Oaks - 173.0 Kent Gardens
Kent Gardens,Week5,Rolling Hills,Week5,280.0 Kent Gardens - 122.0 Rolling Hills
Kent Gardens,Week3,Dowden Terrace,Week4,229.0 Dowden Terrace - 173.0 Kent Gardens
Kent Gardens,Week4,Rolling Hills,Week2,216.0 Kent Gardens - 186.0 Rolling Hills
Kent Gardens,Week1,Fair Oaks ,Week5,216.0 Fair Oaks - 186.0 Kent Gardens
Kent Gardens,Week4,Mantua,Week4,251.5 Mantua - 150.5 Kent Gardens
Kent Gardens,Week5,Rolling Hills,Week2,260.0 Kent Gardens - 142.0 Rolling Hills
Kent Gardens,Week4,Dowden Terrace,Week2,213.0 Dowden Terrace - 189.0 Kent Gardens
Kings Ridge ,Week1,Rolling Hills,Week2,249.0 Rolling Hills - 153.0 Kings Ridge
Kent Gardens,Week5,Mantua,Week3,251.0 Mantua - 151.0 Kent Gardens
Kings Ridge ,Week2,Rolling Hills,Week2,256.0 Rolling Hills - 146.0 Kings Ridge
Kent Gardens,Week5,Donaldson Run,Week5,278.0 Donaldson Run - 124.0 Kent Gardens
Kings Ridge ,Week4,Broyhill Crest,Week4,290.0 Kings Ridge - 111.0 Broyhill Crest
Kent Gardens,Week2,Rolling Hills,Week2,212.0 Kent Gardens - 190.0 Rolling Hills
Kent Gardens,Week5,Rolling Forest,Week2,249.0 Kent Gardens - 153.0 Rolling Forest
Kent Gardens,Week4,Dunn Loring,Week2,300.0 Dunn Loring - 102.0 Kent Gardens
Kings Ridge ,Week3,Broyhill Crest,Week3,306.0 Kings Ridge - 93.0 Broyhill Crest
Kent Gardens,Week5,Dowden Terrace,Week1,236.0 Kent Gardens - 166.0 Dowden Terrace
Kings Ridge ,Week5,Broyhill Crest,Week1,294.0 Kings Ridge - 107.0 Broyhill Crest
Kent Gardens,Week3,Rolling Hills,Week2,213.0 Kent Gardens - 189.0 Rolling Hills
Kent Gardens,Week5,Dowden Terrace,Week3,257.0 Kent Gardens - 145.0 Dowden Terrace
Kings Ridge ,Week4,Broyhill Crest,Week2,304.0 Kings Ridge - 97.0 Broyhill Crest
Kings Ridge ,Week1,Rolling Hills,Week4,244.0 Rolling Hills - 152.0 Kings Ridge
Kent Gardens,Week2,Mantua,Week3,286.0 Mantua - 116.0 Kent Gardens
Kings Ridge ,Week3,Rolling Hills,Week3,245.0 Rolling Hills - 156.0 Kings Ridge
Kent Gardens,Week1,Rolling Valley,Week2,303.0 Kent Gardens - 99.0 Rolling Valley
Kings Ridge ,Week5,Broyhill Crest,Week2,296.0 Kings Ridge - 105.0 Broyhill Crest
Kent Gardens,Week4,Dowden Terrace,Week1,205.0 Dowden Terrace - 197.0 Kent Gardens
Kent Gardens,Week5,Mantua,Week4,225.0 Mantua - 177.0 Kent Gardens
Kent Gardens,Week2,Dunn Loring,Week1,254.0 Dunn Loring - 148.0 Kent Gardens
Kent Gardens,Week5,Rolling Hills,Week4,278.0 Kent Gardens - 124.0 Rolling Hills
Kent Gardens,Week5,Dowden Terrace,Week2,240.0 Kent Gardens - 162.0 Dowden Terrace
Kent Gardens,Week5,Mantua,Week5,251.0 Mantua - 151.0 Kent Gardens
Kent Gardens,Week1,Rolling Valley,Week1,329.0 Kent Gardens - 73.0 Rolling Valley
Kent Gardens,Week4,Dunn Loring,Week5,295.0 Dunn Loring - 107.0 Kent Gardens
Kent Gardens,Week2,Dunn Loring,Week5,297.0 Dunn Loring - 105.0 Kent Gardens
Kent Gardens,Week1,Dowden Terrace,Week2,209.0 Kent Gardens - 193.0 Dowden Terrace
Kent Gardens,Week4,Dowden Terrace,Week3,202.0 Kent Gardens - 200.0 Dowden Terrace
Kent Gardens,Week5,Dunn Loring,Week2,247.0 Dunn Loring - 155.0 Kent Gardens
Kings Ridge ,Week4,Rolling Hills,Week2,240.0 Rolling Hills - 162.0 Kings Ridge
Kings Ridge ,Week1,Rolling Hills,Week5,243.0 Rolling Hills - 159.0 Kings Ridge
Kent Gardens,Week4,Dunn Loring,Week3,304.0 Dunn Loring - 98.0 Kent Gardens
Kings Ridge ,Week2,Rolling Hills,Week5,258.0 Rolling Hills - 144.0 Kings Ridge
Kent Gardens,Week2,Mantua,Week2,258.0 Mantua - 143.0 Kent Gardens
Kent Gardens,Week5,Mantua,Week2,202.0 Mantua - 200.0 Kent Gardens
Kings Ridge ,Week3,Broyhill Crest,Week4,293.0 Kings Ridge - 107.0 Broyhill Crest
Kent Gardens,Week5,Dunn Loring,Week3,251.0 Dunn Loring - 151.0 Kent Gardens
Kings Ridge ,Week1,Burke Station,Week1,198.0 Burke Station - 180.0 Kings Ridge
Kings Ridge ,Week5,Burke Station,Week2,235.0 Kings Ridge - 167.0 Burke Station
Kings Ridge ,Week2,Rolling Hills,Week1,262.0 Rolling Hills - 140.0 Kings Ridge
Kings Ridge ,Week3,Burke Station,Week1,190.0 Kings Ridge - 185.0 Burke Station
Kings Ridge ,Week3,Rolling Hills,Week4,244.0 Rolling Hills - 158.0 Kings Ridge
Kent Gardens,Week4,Dunn Loring,Week1,264.0 Dunn Loring - 138.0 Kent Gardens
Kent Gardens,Week3,Dunn Loring,Week3,301.0 Dunn Loring - 101.0 Kent Gardens
Kent Gardens,Week1,Rolling Valley,Week3,314.0 Kent Gardens - 88.0 Rolling Valley
Kent Gardens,Week5,Dowden Terrace,Week4,233.0 Kent Gardens - 169.0 Dowden Terrace
Kent Gardens,Week3,Rolling Valley,Week2,289.5 Kent Gardens - 112.5 Rolling Valley
Kings Ridge ,Week4,Burke Station,Week1,207.0 Kings Ridge - 172.0 Burke Station
Kings Ridge ,Week2,Burke Station,Week2,215.0 Kings Ridge - 186.0 Burke Station
Kent Gardens,Week1,Dowden Terrace,Week4,203.0 Dowden Terrace - 199.0 Kent Gardens
Kings Ridge ,Week4,Rolling Hills,Week3,246.0 Rolling Hills - 156.0 Kings Ridge
Kent Gardens,Week1,McLean,Week2,278.0 McLean - 124.0 Kent Gardens
Kings Ridge ,Week1,Camelot,Week5,256.0 Camelot - 146.0 Kings Ridge
Kings Ridge ,Week4,Rolling Hills,Week5,230.0 Rolling Hills - 172.0 Kings Ridge
Kings Ridge ,Week5,Broyhill Crest,Week4,290.0 Kings Ridge - 111.0 Broyhill Crest
Kent Gardens,Week1,McLean,Week4,252.0 McLean - 150.0 Kent Gardens
Kent Gardens,Week5,Rolling Valley,Week2,328.0 Kent Gardens - 74.0 Rolling Valley
Kent Gardens,Week4,Mantua,Week5,279.0 Mantua - 123.0 Kent Gardens
Kent Gardens,Week1,McLean,Week1,280.0 McLean - 122.0 Kent Gardens
Kent Gardens,Week4,Dowden Terrace,Week5,240.0 Dowden Terrace - 162.0 Kent Gardens
Kent Gardens,Week5,Dowden Terrace,Week5,204.0 Kent Gardens - 198.0 Dowden Terrace
Kent Gardens,Week1,Dunn Loring,Week5,277.0 Dunn Loring - 125.0 Kent Gardens
Kent Gardens,Week1,Rolling Valley,Week4,300.0 Kent Gardens - 102.0 Rolling Valley
Kent Gardens,Week1,Rutherford,Week2,285.0 Kent Gardens - 117.0 Rutherford
Kent Gardens,Week2,Rutherford,Week3,260.0 Kent Gardens - 142.0 Rutherford
Kent Gardens,Week1,McLean,Week3,284.0 McLean - 118.0 Kent Gardens
Kent Gardens,Week1,McLean,Week5,285.0 McLean - 117.0 Kent Gardens
Kent Gardens,Week5,Dunn Loring,Week1,215.0 Dunn Loring - 187.0 Kent Gardens
Kent Gardens,Week3,Rolling Valley,Week4,292.0 Kent Gardens - 110.0 Rolling Valley
Kent Gardens,Week4,Mantua,Week1,256.0 Mantua - 146.0 Kent Gardens
Kent Gardens,Week2,Dunn Loring,Week4,296.0 Dunn Loring - 106.0 Kent Gardens
Kent Gardens,Week2,Dowden Terrace,Week4,225.0 Dowden Terrace - 177.0 Kent Gardens
Kings Ridge ,Week4,Rolling Hills,Week4,221.0 Rolling Hills - 181.0 Kings Ridge
Kent Gardens,Week2,Dowden Terrace,Week2,202.0 Kent Gardens - 200.0 Dowden Terrace
Kent Gardens,Week1,Dunn Loring,Week1,236.0 Dunn Loring - 166.0 Kent Gardens
Kent Gardens,Week5,Rolling Valley,Week4,325.0 Kent Gardens - 77.0 Rolling Valley
Kent Gardens,Week1,Dowden Terrace,Week3,233.0 Kent Gardens - 169.0 Dowden Terrace
Kings Ridge ,Week4,Burke Station,Week5,204.0 Kings Ridge - 198.0 Burke Station
Kent Gardens,Week4,Rolling Valley,Week1,321.0 Kent Gardens - 81.0 Rolling Valley
Kings Ridge ,Week2,Burke Station,Week5,233.0 Burke Station - 169.0 Kings Ridge
Kent Gardens,Week1,Dowden Terrace,Week1,205.0 Kent Gardens - 197.0 Dowden Terrace
Kent Gardens,Week4,Mantua,Week3,288.0 Mantua - 114.0 Kent Gardens
Kings Ridge ,Week1,Burke Station,Week3,212.0 Burke Station - 184.0 Kings Ridge
Kent Gardens,Week4,Rolling Valley,Week3,304.0 Kent Gardens - 98.0 Rolling Valley
Kent Gardens,Week3,Dowden Terrace,Week3,203.0 Dowden Terrace - 199.0 Kent Gardens
Kings Ridge ,Week2,Burke Station,Week4,211.0 Kings Ridge - 190.0 Burke Station
Kent Gardens,Week2,McLean,Week1,299.0 McLean - 103.0 Kent Gardens
Kings Ridge ,Week4,Burke Station,Week4,240.0 Kings Ridge - 162.0 Burke Station
Kent Gardens,Week2,Dunn Loring,Week2,295.0 Dunn Loring - 107.0 Kent Gardens
Kent Gardens,Week4,Rolling Valley,Week4,284.0 Kent Gardens - 118.0 Rolling Valley
Kent Gardens,Week1,Mosby Woods,Week4,240.0 Mosby Woods - 162.0 Kent Gardens
Kent Gardens,Week3,Dunn Loring,Week2,293.0 Dunn Loring - 109.0 Kent Gardens
Kent Gardens,Week4,McLean,Week2,292.5 McLean - 109.5 Kent Gardens
Kent Gardens,Week1,Dunn Loring,Week3,268.0 Dunn Loring - 134.0 Kent Gardens
Kent Gardens,Week2,Dowden Terrace,Week1,213.0 Dowden Terrace - 189.0 Kent Gardens
Kent Gardens,Week3,Dunn Loring,Week5,298.0 Dunn Loring - 104.0 Kent Gardens
Kent Gardens,Week1,Dowden Terrace,Week5,229.0 Dowden Terrace - 173.0 Kent Gardens
Kent Gardens,Week5,Rolling Valley,Week3,331.0 Kent Gardens - 71.0 Rolling Valley
Kent Gardens,Week5,McLean,Week4,238.0 McLean - 164.0 Kent Gardens
Kent Gardens,Week5,Dunn Loring,Week4,238.0 Dunn Loring - 164.0 Kent Gardens
Kings Ridge ,Week2,Burke Station,Week1,196.0 Burke Station - 183.0 Kings Ridge
Kings Ridge ,Week1,Burke Station,Week2,229.0 Kings Ridge - 172.0 Burke Station
Kent Gardens,Week1,Rutherford,Week1,291.0 Kent Gardens - 110.0 Rutherford
Kings Ridge ,Week5,Burke Station,Week4,247.0 Kings Ridge - 155.0 Burke Station
Kent Gardens,Week2,Rolling Valley,Week4,281.0 Kent Gardens - 121.0 Rolling Valley
Kent Gardens,Week3,Rolling Valley,Week5,281.0 Kent Gardens - 121.0 Rolling Valley
Kent Gardens,Week1,Rolling Valley,Week5,303.0 Kent Gardens - 99.0 Rolling Valley
Kent Gardens,Week4,Fair Oaks ,Week4,210.0 Kent Gardens - 192.0 Fair Oaks
Kings Ridge ,Week5,Burke Station,Week3,203.0 Kings Ridge - 194.0 Burke Station
Kent Gardens,Week1,Mosby Woods,Week5,251.0 Mosby Woods - 151.0 Kent Gardens
Kent Gardens,Week2,Mosby Woods,Week1,283.0 Mosby Woods - 119.0 Kent Gardens
Kings Ridge ,Week1,Camelot,Week1,256.0 Camelot - 146.0 Kings Ridge
Kent Gardens,Week4,Fair Oaks ,Week1,207.0 Fair Oaks - 195.0 Kent Gardens
Kent Gardens,Week3,Rolling Valley,Week1,323.0 Kent Gardens - 79.0 Rolling Valley
Kent Gardens,Week4,Fair Oaks ,Week5,228.0 Fair Oaks - 174.0 Kent Gardens
Kent Gardens,Week1,Fair Oaks ,Week1,208.0 Kent Gardens - 194.0 Fair Oaks
Kent Gardens,Week4,McLean,Week4,280.5 McLean - 121.5 Kent Gardens
Kent Gardens,Week1,Fair Oaks ,Week4,209.0 Kent Gardens - 193.0 Fair Oaks
Kent Gardens,Week3,McLean,Week5,313.0 McLean - 89.0 Kent Gardens
Kings Ridge ,Week5,Burke Station,Week1,207.0 Kings Ridge - 172.0 Burke Station
Kings Ridge ,Week1,Burke Station,Week4,231.0 Kings Ridge - 171.0 Burke Station
Kent Gardens,Week4,Rolling Valley,Week2,294.0 Kent Gardens - 108.0 Rolling Valley
Kent Gardens,Week2,McLean,Week3,299.0 McLean - 103.0 Kent Gardens
Kent Gardens,Week3,Rolling Valley,Week3,291.0 Kent Gardens - 111.0 Rolling Valley
Kent Gardens,Week3,McLean,Week1,301.0 McLean - 101.0 Kent Gardens
Kent Gardens,Week3,McLean,Week3,300.0 McLean - 102.0 Kent Gardens
Kings Ridge ,Week3,Burke Station,Week2,234.0 Kings Ridge - 164.0 Burke Station
Kent Gardens,Week1,Rutherford,Week4,262.0 Kent Gardens - 139.0 Rutherford
Kent Gardens,Week5,McLean,Week2,263.0 McLean - 139.0 Kent Gardens
Kent Gardens,Week5,Dunn Loring,Week5,254.0 Dunn Loring - 148.0 Kent Gardens
Kent Gardens,Week1,Fair Oaks ,Week3,218.0 Fair Oaks - 184.0 Kent Gardens
Kent Gardens,Week4,Fair Oaks ,Week3,217.0 Fair Oaks - 185.0 Kent Gardens
Kent Gardens,Week1,Rutherford,Week5,256.0 Kent Gardens - 146.0 Rutherford
Kings Ridge ,Week3,Burke Station,Week3,201.0 Kings Ridge - 193.0 Burke Station
Kent Gardens,Week3,Fair Oaks ,Week2,217.0 Kent Gardens - 185.0 Fair Oaks
Kent Gardens,Week4,McLean,Week1,304.0 McLean - 98.0 Kent Gardens
Kent Gardens,Week1,Rutherford,Week3,263.0 Kent Gardens - 139.0 Rutherford
Kings Ridge ,Week4,Burke Station,Week2,237.0 Kings Ridge - 165.0 Burke Station
Kent Gardens,Week5,Rolling Valley,Week5,330.0 Kent Gardens - 72.0 Rolling Valley
Kent Gardens,Week5,Rolling Valley,Week1,342.0 Kent Gardens - 60.0 Rolling Valley
Kent Gardens,Week5,Fair Oaks ,Week2,255.0 Kent Gardens - 147.0 Fair Oaks
Kent Gardens,Week3,Fair Oaks ,Week4,213.0 Fair Oaks - 189.0 Kent Gardens
Kent Gardens,Week3,Fair Oaks ,Week1,223.0 Fair Oaks - 179.0 Kent Gardens
Kent Gardens,Week1,Fairfax,Week1,244.0 Fairfax - 158.0 Kent Gardens
Kent Gardens,Week1,Mosby Woods,Week3,255.0 Mosby Woods - 147.0 Kent Gardens
Kent Gardens,Week5,Fair Oaks ,Week3,208.0 Kent Gardens - 194.0 Fair Oaks
Kent Gardens,Week2,McLean,Week5,308.0 McLean - 94.0 Kent Gardens
Kent Gardens,Week2,Rutherford,Week1,270.0 Kent Gardens - 131.0 Rutherford
Kings Ridge ,Week3,Burke Station,Week4,236.0 Kings Ridge - 165.0 Burke Station
Kent Gardens,Week1,Mosby Woods,Week2,254.0 Mosby Woods - 148.0 Kent Gardens
Kent Gardens,Week5,Fair Oaks ,Week4,235.0 Kent Gardens - 167.0 Fair Oaks
Kings Ridge ,Week1,Camelot,Week2,246.0 Camelot - 156.0 Kings Ridge
Kings Ridge ,Week4,Burke Station,Week3,203.0 Kings Ridge - 193.0 Burke Station
Kent Gardens,Week2,Fair Oaks ,Week4,211.5 Fair Oaks - 190.5 Kent Gardens
Kings Ridge ,Week5,Burke Station,Week5,203.0 Kings Ridge - 199.0 Burke Station
Kent Gardens,Week5,Fair Oaks ,Week1,229.0 Kent Gardens - 173.0 Fair Oaks
Kent Gardens,Week5,McLean,Week3,257.0 McLean - 145.0 Kent Gardens
Kent Gardens,Week3,Fair Oaks ,Week5,237.0 Fair Oaks - 165.0 Kent Gardens
Kent Gardens,Week5,McLean,Week5,273.0 McLean - 129.0 Kent Gardens
Kings Ridge ,Week2,Burke Station,Week3,210.0 Burke Station - 185.0 Kings Ridge
Kings Ridge ,Week1,Burke Station,Week5,218.0 Burke Station - 184.0 Kings Ridge
Kent Gardens,Week3,McLean,Week4,286.0 McLean - 116.0 Kent Gardens
Kent Gardens,Week1,Mosby Woods,Week1,260.0 Mosby Woods - 142.0 Kent Gardens
Kent Gardens,Week4,Rolling Valley,Week5,301.0 Kent Gardens - 101.0 Rolling Valley
Kent Gardens,Week4,McLean,Week3,303.0 McLean - 99.0 Kent Gardens
Kent Gardens,Week5,McLean,Week1,258.0 McLean - 144.0 Kent Gardens
Kings Ridge ,Week3,Burke Station,Week5,213.0 Burke Station - 188.0 Kings Ridge
Kent Gardens,Week2,McLean,Week4,295.0 McLean - 107.0 Kent Gardens
Kent Gardens,Week2,Rolling Valley,Week1,317.0 Kent Gardens - 85.0 Rolling Valley
Kent Gardens,Week2,Rolling Valley,Week2,281.0 Kent Gardens - 121.0 Rolling Valley
Kings Ridge ,Week1,Camelot,Week3,265.0 Camelot - 137.0 Kings Ridge
Kings Ridge ,Week1,Camelot,Week4,244.5 Camelot - 157.5 Kings Ridge
Kent Gardens,Week2,Rolling Valley,Week5,278.0 Kent Gardens - 124.0 Rolling Valley
Kent Gardens,Week2,Rolling Valley,Week3,286.0 Kent Gardens - 116.0 Rolling Valley
Kent Gardens,Week2,Fair Oaks ,Week2,211.0 Kent Gardens - 191.0 Fair Oaks
Kent Gardens,Week2,Rutherford,Week2,275.0 Kent Gardens - 127.0 Rutherford
Kent Gardens,Week4,McLean,Week5,307.0 McLean - 95.0 Kent Gardens
Kent Gardens,Week1,Shouse Village,Week2,228.0 Kent Gardens - 174.0 Shouse Village
Kent Gardens,Week2,Vienna Aquatic,Week1,302.0 Vienna Aquatic - 100.0 Kent Gardens
Kent Gardens,Week5,Fair Oaks ,Week5,203.0 Kent Gardens - 199.0 Fair Oaks
Kings Ridge ,Week2,Camelot,Week2,242.0 Camelot - 160.0 Kings Ridge
Kent Gardens,Week2,Rutherford,Week5,223.0 Kent Gardens - 179.0 Rutherford
Kent Gardens,Week5,Tuckahoe,Week4,336.0 Tuckahoe - 66.0 Kent Gardens
Kent Gardens,Week1,Fairfax,Week2,250.0 Fairfax - 152.0 Kent Gardens
Kent Gardens,Week3,Mosby Woods,Week1,282.0 Mosby Woods - 120.0 Kent Gardens
Kent Gardens,Week2,Fair Oaks ,Week3,240.0 Fair Oaks - 162.0 Kent Gardens
Kent Gardens,Week1,Shouse Village,Week5,218.0 Shouse Village - 184.0 Kent Gardens
Kent Gardens,Week1,Mount Vernon Park,Week1,241.0 Mount Vernon Park - 161.0 Kent Gardens
Kings Ridge ,Week2,Camelot,Week1,252.0 Camelot - 150.0 Kings Ridge
Kent Gardens,Week3,Rutherford,Week4,251.0 Kent Gardens - 150.0 Rutherford
Kent Gardens,Week3,Shouse Village,Week1,205.0 Kent Gardens - 197.0 Shouse Village
Kent Gardens,Week3,McLean,Week2,298.0 McLean - 104.0 Kent Gardens
Kent Gardens,Week3,Rutherford,Week2,273.0 Kent Gardens - 129.0 Rutherford
Kent Gardens,Week1,Vienna Aquatic,Week2,267.0 Vienna Aquatic - 135.0 Kent Gardens
Kent Gardens,Week4,Vienna Aquatic,Week1,291.0 Vienna Aquatic - 111.0 Kent Gardens
Kent Gardens,Week2,Fair Oaks ,Week5,240.0 Fair Oaks - 162.0 Kent Gardens
Kent Gardens,Week1,Fairfax,Week3,253.0 Fairfax - 149.0 Kent Gardens
Kent Gardens,Week4,Mosby Woods,Week2,284.0 Mosby Woods - 118.0 Kent Gardens
Kent Gardens,Week2,Mount Vernon Park,Week5,267.0 Mount Vernon Park - 135.0 Kent Gardens
Kent Gardens,Week4,Mosby Woods,Week4,278.0 Mosby Woods - 124.0 Kent Gardens
Kent Gardens,Week2,Mount Vernon Park,Week1,254.0 Mount Vernon Park - 148.0 Kent Gardens
Kent Gardens,Week4,Shouse Village,Week2,218.0 Kent Gardens - 184.0 Shouse Village
Kent Gardens,Week3,Fair Oaks ,Week3,228.5 Fair Oaks - 173.5 Kent Gardens
Kent Gardens,Week3,Oakton ,Week5,292.0 Oakton - 110.0 Kent Gardens
Kent Gardens,Week4,Vienna Aquatic,Week4,295.0 Vienna Aquatic - 107.0 Kent Gardens
Kent Gardens,Week1,Vienna Aquatic,Week4,265.0 Vienna Aquatic - 137.0 Kent Gardens
Kent Gardens,Week4,Fair Oaks ,Week2,230.0 Kent Gardens - 172.0 Fair Oaks
Kent Gardens,Week2,Oakton ,Week2,296.0 Oakton - 106.0 Kent Gardens
Kent Gardens,Week4,Mosby Woods,Week1,289.0 Mosby Woods - 113.0 Kent Gardens
Kent Gardens,Week4,Mosby Woods,Week5,273.0 Mosby Woods - 129.0 Kent Gardens
Kent Gardens,Week1,Shouse Village,Week3,204.0 Kent Gardens - 198.0 Shouse Village
Kent Gardens,Week2,Mosby Woods,Week4,270.0 Mosby Woods - 132.0 Kent Gardens
Kent Gardens,Week1,Mount Vernon Park,Week2,234.0 Mount Vernon Park - 168.0 Kent Gardens
Kent Gardens,Week2,Shouse Village,Week5,228.0 Shouse Village - 174.0 Kent Gardens
Kent Gardens,Week2,Rutherford,Week4,236.0 Kent Gardens - 165.0 Rutherford
Kent Gardens,Week5,Mosby Woods,Week3,229.0 Mosby Woods - 173.0 Kent Gardens
Kent Gardens,Week4,Vienna Aquatic,Week3,291.0 Vienna Aquatic - 111.0 Kent Gardens
Kent Gardens,Week2,Vienna Aquatic,Week4,297.0 Vienna Aquatic - 105.0 Kent Gardens
Kent Gardens,Week3,Mosby Woods,Week4,266.0 Mosby Woods - 136.0 Kent Gardens
Kent Gardens,Week3,Mount Vernon Park,Week2,258.0 Mount Vernon Park - 144.0 Kent Gardens
Kent Gardens,Week1,Oakton ,Week4,276.0 Oakton - 126.0 Kent Gardens
Kent Gardens,Week2,Mosby Woods,Week3,270.0 Mosby Woods - 132.0 Kent Gardens
Kent Gardens,Week2,Shouse Village,Week1,204.0 Kent Gardens - 198.0 Shouse Village
Kent Gardens,Week3,Shouse Village,Week3,207.5 Shouse Village - 194.5 Kent Gardens
Kent Gardens,Week3,Rutherford,Week3,248.0 Kent Gardens - 154.0 Rutherford
Kent Gardens,Week1,Vienna Aquatic,Week5,302.0 Vienna Aquatic - 100.0 Kent Gardens
Kent Gardens,Week1,Shouse Village,Week1,220.0 Kent Gardens - 182.0 Shouse Village
Kent Gardens,Week2,Vienna Woods,Week5,332.0 Vienna Woods - 70.0 Kent Gardens
Kent Gardens,Week3,Vienna Aquatic,Week5,317.0 Vienna Aquatic - 85.0 Kent Gardens
Kent Gardens,Week5,Vienna Aquatic,Week2,249.0 Vienna Aquatic - 153.0 Kent Gardens
Kent Gardens,Week2,Oakton ,Week3,295.0 Oakton - 107.0 Kent Gardens
Kent Gardens,Week5,Rutherford,Week3,285.0 Kent Gardens - 117.0 Rutherford
Kent Gardens,Week1,Vienna Aquatic,Week1,277.0 Vienna Aquatic - 125.0 Kent Gardens
Kent Gardens,Week4,Rutherford,Week2,264.0 Kent Gardens - 138.0 Rutherford
Kent Gardens,Week2,Mosby Woods,Week5,284.0 Mosby Woods - 118.0 Kent Gardens
Kent Gardens,Week5,Tuckahoe,Week3,339.0 Tuckahoe - 63.0 Kent Gardens
Kent Gardens,Week5,Tuckahoe,Week1,303.0 Tuckahoe - 99.0 Kent Gardens
Kent Gardens,Week2,Vienna Woods,Week2,301.0 Vienna Woods - 101.0 Kent Gardens
Kent Gardens,Week4,Oakton ,Week3,276.0 Oakton - 126.0 Kent Gardens
Kent Gardens,Week3,Mosby Woods,Week3,270.5 Mosby Woods - 131.5 Kent Gardens
Kent Gardens,Week5,Tuckahoe,Week2,314.0 Tuckahoe - 88.0 Kent Gardens
Kent Gardens,Week3,Mosby Woods,Week5,279.0 Mosby Woods - 123.0 Kent Gardens
Kent Gardens,Week5,Vienna Aquatic,Week3,268.0 Vienna Aquatic - 134.0 Kent Gardens
Kent Gardens,Week4,North Springfield,Week4,301.0 Kent Gardens - 91.0 North Springfield
Kent Gardens,Week3,Vienna Aquatic,Week1,292.0 Vienna Aquatic - 110.0 Kent Gardens
Kent Gardens,Week5,Oakton ,Week5,245.0 Oakton - 157.0 Kent Gardens
Kent Gardens,Week4,Mosby Woods,Week3,281.0 Mosby Woods - 121.0 Kent Gardens
Kent Gardens,Week1,Oakton ,Week3,262.0 Oakton - 140.0 Kent Gardens
Kent Gardens,Week5,Rutherford,Week1,309.0 Kent Gardens - 93.0 Rutherford
Kent Gardens,Week4,Shouse Village,Week3,204.0 Shouse Village - 198.0 Kent Gardens
Kent Gardens,Week5,North Springfield,Week5,297.0 Kent Gardens - 77.0 North Springfield
Kent Gardens,Week5,Oakton ,Week3,239.0 Oakton - 163.0 Kent Gardens
Kent Gardens,Week4,Rutherford,Week1,278.0 Kent Gardens - 124.0 Rutherford
Kent Gardens,Week3,Rutherford,Week1,282.0 Kent Gardens - 119.0 Rutherford
Kent Gardens,Week4,Rutherford,Week4,239.0 Kent Gardens - 163.0 Rutherford
Kent Gardens,Week1,Mount Vernon Park,Week5,254.0 Mount Vernon Park - 148.0 Kent Gardens
Kent Gardens,Week1,Mount Vernon Park,Week4,232.0 Mount Vernon Park - 170.0 Kent Gardens
Kent Gardens,Week2,Mosby Woods,Week2,278.0 Mosby Woods - 124.0 Kent Gardens
Kent Gardens,Week2,Vienna Aquatic,Week3,320.0 Vienna Aquatic - 82.0 Kent Gardens
Kent Gardens,Week3,Rutherford,Week5,240.0 Kent Gardens - 162.0 Rutherford
Kent Gardens,Week4,Vienna Aquatic,Week5,312.0 Vienna Aquatic - 90.0 Kent Gardens
Kent Gardens,Week1,Vienna Aquatic,Week3,292.0 Vienna Aquatic - 110.0 Kent Gardens
Kent Gardens,Week2,Old Keene Mill,Week3,236.0 Kent Gardens - 166.0 Old Keene Mill
Kent Gardens,Week5,Rutherford,Week5,277.0 Kent Gardens - 125.0 Rutherford
Kent Gardens,Week4,Oakton ,Week2,293.0 Oakton - 109.0 Kent Gardens
Kent Gardens,Week3,Mosby Woods,Week2,279.0 Mosby Woods - 123.0 Kent Gardens
Kent Gardens,Week2,Vienna Aquatic,Week2,300.0 Vienna Aquatic - 102.0 Kent Gardens
Kent Gardens,Week2,Mount Vernon Park,Week3,268.0 Mount Vernon Park - 134.0 Kent Gardens
Kent Gardens,Week4,Rutherford,Week3,264.0 Kent Gardens - 138.0 Rutherford
Kent Gardens,Week1,Oakton ,Week5,284.0 Oakton - 118.0 Kent Gardens
Kent Gardens,Week5,Mosby Woods,Week2,235.0 Mosby Woods - 167.0 Kent Gardens
Kent Gardens,Week2,Vienna Aquatic,Week5,319.5 Vienna Aquatic - 82.5 Kent Gardens
Kent Gardens,Week3,Oakton ,Week2,300.0 Oakton - 102.0 Kent Gardens
Kent Gardens,Week2,Shouse Village,Week2,218.0 Kent Gardens - 184.0 Shouse Village
Kent Gardens,Week1,Mount Vernon Park,Week3,237.0 Mount Vernon Park - 165.0 Kent Gardens
Kent Gardens,Week3,Vienna Aquatic,Week3,312.0 Vienna Aquatic - 90.0 Kent Gardens
Kent Gardens,Week2,Mount Vernon Park,Week4,266.0 Mount Vernon Park - 136.0 Kent Gardens
Kent Gardens,Week4,North Springfield,Week5,262.5 Kent Gardens - 111.5 North Springfield
Kent Gardens,Week5,Vienna Aquatic,Week1,246.0 Vienna Aquatic - 156.0 Kent Gardens
Kent Gardens,Week2,Shouse Village,Week3,211.0 Shouse Village - 191.0 Kent Gardens
Kent Gardens,Week2,Mount Vernon Park,Week2,263.0 Mount Vernon Park - 139.0 Kent Gardens
Kent Gardens,Week5,Oakton ,Week1,226.0 Oakton - 176.0 Kent Gardens
Kent Gardens,Week5,Rutherford,Week2,304.0 Kent Gardens - 98.0 Rutherford
Kent Gardens,Week3,Vienna Aquatic,Week2,294.0 Vienna Aquatic - 108.0 Kent Gardens
Kent Gardens,Week4,Vienna Aquatic,Week2,281.0 Vienna Aquatic - 121.0 Kent Gardens
Kent Gardens,Week2,Oakton ,Week5,296.0 Oakton - 106.0 Kent Gardens
Kent Gardens,Week4,Rutherford,Week5,233.0 Kent Gardens - 169.0 Rutherford
Kent Gardens,Week5,Mosby Woods,Week4,205.0 Mosby Woods - 197.0 Kent Gardens
Kent Gardens,Week3,Vienna Aquatic,Week4,297.0 Vienna Aquatic - 105.0 Kent Gardens
Kent Gardens,Week1,Shouse Village,Week4,216.0 Shouse Village - 186.0 Kent Gardens
Kent Gardens,Week5,Mosby Woods,Week1,229.0 Mosby Woods - 173.0 Kent Gardens
Kent Gardens,Week1,Old Keene Mill,Week2,260.0 Kent Gardens - 142.0 Old Keene Mill
Kent Gardens,Week5,Mosby Woods,Week5,232.0 Mosby Woods - 170.0 Kent Gardens
Kent Gardens,Week5,Tuckahoe,Week5,322.5 Tuckahoe - 79.5 Kent Gardens
Kent Gardens,Week5,Rutherford,Week4,284.0 Kent Gardens - 118.0 Rutherford
Kent Gardens,Week2,Shouse Village,Week4,233.0 Shouse Village - 169.0 Kent Gardens
Kent Gardens,Week3,Shouse Village,Week4,216.0 Shouse Village - 186.0 Kent Gardens
Kent Gardens,Week1,Oakton ,Week2,278.0 Oakton - 124.0 Kent Gardens
Kent Gardens,Week2,Oakton ,Week4,290.5 Oakton - 111.5 Kent Gardens
Kent Gardens,Week5,Vienna Aquatic,Week4,254.0 Vienna Aquatic - 148.0 Kent Gardens
Kent Gardens,Week5,North Springfield,Week1,300.0 Kent Gardens - 51.0 North Springfield
Kent Gardens,Week3,Shouse Village,Week2,220.0 Kent Gardens - 182.0 Shouse Village
Kent Gardens,Week5,North Springfield,Week2,326.0 Kent Gardens - 62.0 North Springfield
Kent Gardens,Week4,Shouse Village,Week1,210.0 Kent Gardens - 192.0 Shouse Village
Kent Gardens,Week1,Forest Hollow,Week3,223.0 Forest Hollow - 179.0 Kent Gardens
Kent Gardens,Week1,Vienna Woods,Week2,270.0 Vienna Woods - 132.0 Kent Gardens
Kent Gardens,Week4,Newington Forest,Week1,281.0 Kent Gardens - 121.0 Newington Forest
Kent Gardens,Week1,Sideburn Run,Week2,223.0 Kent Gardens - 179.0 Sideburn Run
Kent Gardens,Week5,Mount Vernon Park,Week2,206.0 Mount Vernon Park - 196.0 Kent Gardens
Kent Gardens,Week3,Oakton ,Week3,294.0 Oakton - 108.0 Kent Gardens
Kent Gardens,Week5,Vienna Aquatic,Week5,279.0 Vienna Aquatic - 123.0 Kent Gardens
Kent Gardens,Week2,Newington Forest,Week5,249.0 Kent Gardens - 153.0 Newington Forest
Kent Gardens,Week5,Shouse Village,Week5,208.0 Kent Gardens - 194.0 Shouse Village
Kent Gardens,Week3,Mount Vernon Park,Week1,255.0 Mount Vernon Park - 147.0 Kent Gardens
Kent Gardens,Week3,Oakton ,Week1,286.0 Oakton - 116.0 Kent Gardens
Kent Gardens,Week2,Oakton ,Week1,275.0 Oakton - 127.0 Kent Gardens
Kent Gardens,Week1,Vienna Woods,Week5,309.0 Vienna Woods - 93.0 Kent Gardens
Kent Gardens,Week2,Vienna Woods,Week3,309.0 Vienna Woods - 93.0 Kent Gardens
Kent Gardens,Week3,Newington Forest,Week3,260.0 Kent Gardens - 142.0 Newington Forest
Kent Gardens,Week1,Vienna Woods,Week4,264.0 Vienna Woods - 138.0 Kent Gardens
Kent Gardens,Week1,Forest Hollow,Week2,213.0 Forest Hollow - 189.0 Kent Gardens
Kent Gardens,Week2,Sideburn Run,Week3,218.0 Sideburn Run - 184.0 Kent Gardens
Kent Gardens,Week5,North Springfield,Week4,337.0 Kent Gardens - 55.0 North Springfield
Kent Gardens,Week1,Oakton ,Week1,252.0 Oakton - 150.0 Kent Gardens
Kent Gardens,Week2,Vienna Woods,Week1,309.0 Vienna Woods - 93.0 Kent Gardens
Kent Gardens,Week3,Shouse Village,Week5,224.5 Shouse Village - 177.5 Kent Gardens
Kent Gardens,Week1,Newington Forest,Week1,289.0 Kent Gardens - 113.0 Newington Forest
Kent Gardens,Week1,Vienna Woods,Week3,277.0 Vienna Woods - 125.0 Kent Gardens
Kent Gardens,Week4,Mount Vernon Park,Week2,253.0 Mount Vernon Park - 149.0 Kent Gardens
Kent Gardens,Week2,Vienna Woods,Week4,283.0 Vienna Woods - 119.0 Kent Gardens
Kent Gardens,Week5,North Springfield,Week3,315.0 Kent Gardens - 82.0 North Springfield
Kent Gardens,Week1,Newington Forest,Week2,300.0 Kent Gardens - 102.0 Newington Forest
Kent Gardens,Week5,Mount Vernon Park,Week1,211.0 Mount Vernon Park - 191.0 Kent Gardens
Kent Gardens,Week1,Sideburn Run,Week3,204.0 Sideburn Run - 198.0 Kent Gardens
Kent Gardens,Week3,Sideburn Run,Week5,237.0 Sideburn Run - 165.0 Kent Gardens
Kent Gardens,Week3,Oakton ,Week4,294.0 Oakton - 108.0 Kent Gardens
Kent Gardens,Week5,Fairfax Station,Week3,243.0 Fairfax Station - 159.0 Kent Gardens
Kent Gardens,Week3,Sideburn Run,Week4,222.0 Sideburn Run - 180.0 Kent Gardens
Kent Gardens,Week1,Vienna Woods,Week1,286.0 Vienna Woods - 116.0 Kent Gardens
Kent Gardens,Week5,Sideburn Run,Week5,209.0 Kent Gardens - 193.0 Sideburn Run
Kent Gardens,Week4,Oakton ,Week5,293.0 Oakton - 109.0 Kent Gardens
Kent Gardens,Week4,Mount Vernon Park,Week3,257.5 Mount Vernon Park - 144.5 Kent Gardens
Kent Gardens,Week4,Vienna Woods,Week4,284.0 Vienna Woods - 118.0 Kent Gardens
Kent Gardens,Week2,Fairfax Station,Week3,287.0 Fairfax Station - 115.0 Kent Gardens
Kent Gardens,Week5,Oakton ,Week4,245.0 Oakton - 157.0 Kent Gardens
Kent Gardens,Week1,Old Keene Mill,Week5,251.0 Kent Gardens - 151.0 Old Keene Mill
Kent Gardens,Week4,Fairfax Station,Week5,273.0 Fairfax Station - 129.0 Kent Gardens
Kent Gardens,Week5,Mount Vernon Park,Week3,211.0 Mount Vernon Park - 191.0 Kent Gardens
Kent Gardens,Week4,Newington Forest,Week4,255.0 Kent Gardens - 147.0 Newington Forest
Kent Gardens,Week4,Oakton ,Week4,285.0 Oakton - 117.0 Kent Gardens
Kent Gardens,Week5,Vienna Woods,Week3,272.0 Vienna Woods - 130.0 Kent Gardens
Kent Gardens,Week4,Vienna Woods,Week2,283.0 Vienna Woods - 119.0 Kent Gardens
Kent Gardens,Week4,Newington Forest,Week2,287.0 Kent Gardens - 115.0 Newington Forest
Kent Gardens,Week2,Fairfax Station,Week4,270.0 Fairfax Station - 132.0 Kent Gardens
Kent Gardens,Week1,Sleepy Hollow B & R,Week2,208.0 Kent Gardens - 194.0 Sleepy Hollow B & R
Kent Gardens,Week4,Fairfax Station,Week2,260.0 Fairfax Station - 142.0 Kent Gardens
Kent Gardens,Week4,Mount Vernon Park,Week1,251.0 Mount Vernon Park - 151.0 Kent Gardens
Kent Gardens,Week1,Sideburn Run,Week5,207.0 Sideburn Run - 195.0 Kent Gardens
Kent Gardens,Week3,Fairfax Station,Week2,274.0 Fairfax Station - 128.0 Kent Gardens
Kent Gardens,Week4,Shouse Village,Week5,229.0 Shouse Village - 173.0 Kent Gardens
Kent Gardens,Week1,Villa Aquatic,Week3,213.0 Villa Aquatic - 189.0 Kent Gardens
Kent Gardens,Week1,Old Keene Mill,Week4,285.0 Kent Gardens - 117.0 Old Keene Mill
Kent Gardens,Week4,Oakton ,Week1,273.0 Oakton - 129.0 Kent Gardens
Kent Gardens,Week1,Forest Hollow,Week1,222.0 Forest Hollow - 180.0 Kent Gardens
Kent Gardens,Week5,Vienna Woods,Week5,293.0 Vienna Woods - 109.0 Kent Gardens
Kent Gardens,Week2,Sideburn Run,Week5,223.0 Sideburn Run - 179.0 Kent Gardens
Kent Gardens,Week5,Mount Vernon Park,Week5,232.0 Mount Vernon Park - 170.0 Kent Gardens
Kent Gardens,Week5,Oakton ,Week2,252.0 Oakton - 150.0 Kent Gardens
Kent Gardens,Week1,Old Keene Mill,Week1,263.0 Kent Gardens - 139.0 Old Keene Mill
Kent Gardens,Week4,Newington Forest,Week5,254.0 Kent Gardens - 148.0 Newington Forest
Kent Gardens,Week4,Vienna Woods,Week3,307.0 Vienna Woods - 95.0 Kent Gardens
Kent Gardens,Week3,Newington Forest,Week5,249.0 Kent Gardens - 153.0 Newington Forest
Kent Gardens,Week4,Shouse Village,Week4,214.0 Shouse Village - 188.0 Kent Gardens
Kent Gardens,Week4,Sideburn Run,Week1,206.0 Sideburn Run - 196.0 Kent Gardens
Kent Gardens,Week2,Sideburn Run,Week4,226.0 Sideburn Run - 176.0 Kent Gardens
Kent Gardens,Week2,Villa Aquatic,Week2,207.0 Villa Aquatic - 195.0 Kent Gardens
Kent Gardens,Week3,Mount Vernon Park,Week3,250.0 Mount Vernon Park - 152.0 Kent Gardens
Kent Gardens,Week4,Sideburn Run,Week3,212.0 Sideburn Run - 190.0 Kent Gardens
Kent Gardens,Week2,Forest Hollow,Week1,242.0 Forest Hollow - 160.0 Kent Gardens
Kent Gardens,Week3,Fairfax Station,Week4,260.0 Fairfax Station - 142.0 Kent Gardens
Kent Gardens,Week3,Old Keene Mill,Week5,224.0 Kent Gardens - 178.0 Old Keene Mill
Kent Gardens,Week1,Villa Aquatic,Week4,203.0 Villa Aquatic - 199.0 Kent Gardens
Kent Gardens,Week3,Vienna Woods,Week1,310.0 Vienna Woods - 92.0 Kent Gardens
Kent Gardens,Week2,Old Keene Mill,Week1,257.0 Kent Gardens - 145.0 Old Keene Mill
Kent Gardens,Week4,Vienna Woods,Week5,323.0 Vienna Woods - 79.0 Kent Gardens
Kent Gardens,Week4,Mount Vernon Park,Week4,256.0 Mount Vernon Park - 146.0 Kent Gardens
Kent Gardens,Week1,Forest Hollow,Week4,241.0 Forest Hollow - 161.0 Kent Gardens
Kent Gardens,Week2,Sideburn Run,Week2,211.0 Kent Gardens - 191.0 Sideburn Run
Kent Gardens,Week2,Newington Forest,Week2,282.0 Kent Gardens - 120.0 Newington Forest
Kent Gardens,Week1,Sideburn Run,Week4,201.0 Kent Gardens - 201.0 Sideburn Run
Kent Gardens,Week3,Old Keene Mill,Week4,253.0 Kent Gardens - 149.0 Old Keene Mill
Kent Gardens,Week1,Old Keene Mill,Week3,266.0 Kent Gardens - 136.0 Old Keene Mill
Kent Gardens,Week4,Sideburn Run,Week4,216.0 Sideburn Run - 186.0 Kent Gardens
Kent Gardens,Week2,Old Keene Mill,Week2,242.0 Kent Gardens - 160.0 Old Keene Mill
Kent Gardens,Week1,Newington Forest,Week4,256.0 Kent Gardens - 146.0 Newington Forest
Kent Gardens,Week1,Villa Aquatic,Week5,211.0 Villa Aquatic - 191.0 Kent Gardens
Kent Gardens,Week5,Fairfax Station,Week2,230.0 Fairfax Station - 172.0 Kent Gardens
Kent Gardens,Week1,Forest Hollow,Week5,241.0 Forest Hollow - 161.0 Kent Gardens
Kent Gardens,Week2,Newington Forest,Week1,283.0 Kent Gardens - 119.0 Newington Forest
Kent Gardens,Week5,Old Keene Mill,Week2,268.0 Kent Gardens - 134.0 Old Keene Mill
Kent Gardens,Week4,Lake Braddock,Week1,299.0 Kent Gardens - 103.0 Lake Braddock
Kent Gardens,Week2,Fairfax Station,Week2,273.0 Fairfax Station - 129.0 Kent Gardens
Kent Gardens,Week4,Kings Ridge ,Week1,284.0 Kent Gardens - 118.0 Kings Ridge
Kent Gardens,Week3,Sideburn Run,Week1,206.0 Sideburn Run - 196.0 Kent Gardens
Kent Gardens,Week2,Old Keene Mill,Week5,232.0 Kent Gardens - 170.0 Old Keene Mill
Kent Gardens,Week2,Forest Hollow,Week2,233.0 Forest Hollow - 169.0 Kent Gardens
Kent Gardens,Week2,Fairfax Station,Week5,305.0 Fairfax Station - 97.0 Kent Gardens
Kent Gardens,Week5,Fairfax Station,Week1,228.0 Fairfax Station - 174.0 Kent Gardens
Kent Gardens,Week5,Vienna Woods,Week2,261.0 Vienna Woods - 141.0 Kent Gardens
Kent Gardens,Week4,Old Keene Mill,Week4,265.0 Kent Gardens - 137.0 Old Keene Mill
Kent Gardens,Week4,Kings Ridge ,Week3,273.0 Kent Gardens - 129.0 Kings Ridge
Kent Gardens,Week5,Shouse Village,Week3,229.0 Kent Gardens - 173.0 Shouse Village
Kent Gardens,Week2,Villa Aquatic,Week4,222.0 Villa Aquatic - 180.0 Kent Gardens
Kent Gardens,Week4,Fairfax Station,Week3,279.0 Fairfax Station - 123.0 Kent Gardens
Kent Gardens,Week4,Old Keene Mill,Week1,254.0 Kent Gardens - 148.0 Old Keene Mill
Kent Gardens,Week2,Sideburn Run,Week1,207.0 Sideburn Run - 195.0 Kent Gardens
Kent Gardens,Week3,Mount Vernon Park,Week5,260.0 Mount Vernon Park - 142.0 Kent Gardens
Kent Gardens,Week3,Fairfax Station,Week5,293.0 Fairfax Station - 109.0 Kent Gardens
Kent Gardens,Week5,Vienna Woods,Week1,270.0 Vienna Woods - 132.0 Kent Gardens
Kent Gardens,Week3,Vienna Woods,Week2,305.0 Vienna Woods - 97.0 Kent Gardens
Kent Gardens,Week3,Newington Forest,Week2,276.0 Kent Gardens - 126.0 Newington Forest
Kent Gardens,Week3,Kings Ridge ,Week4,267.0 Kent Gardens - 135.0 Kings Ridge
Kent Gardens,Week4,Old Keene Mill,Week2,250.0 Kent Gardens - 152.0 Old Keene Mill
Kent Gardens,Week1,Villa Aquatic,Week2,206.0 Kent Gardens - 196.0 Villa Aquatic
Kent Gardens,Week2,Lake Braddock,Week4,279.0 Kent Gardens - 123.0 Lake Braddock
Kent Gardens,Week2,Newington Forest,Week3,266.0 Kent Gardens - 136.0 Newington Forest
Kent Gardens,Week5,Shouse Village,Week4,213.0 Kent Gardens - 189.0 Shouse Village
Kent Gardens,Week2,Villa Aquatic,Week3,228.0 Villa Aquatic - 174.0 Kent Gardens
Kent Gardens,Week4,Old Keene Mill,Week3,239.0 Kent Gardens - 163.0 Old Keene Mill
Kent Gardens,Week5,Shouse Village,Week1,234.0 Kent Gardens - 168.0 Shouse Village
Kent Gardens,Week2,Lake Braddock,Week1,318.0 Kent Gardens - 83.0 Lake Braddock
Kent Gardens,Week5,Mount Vernon Park,Week4,203.0 Kent Gardens - 199.0 Mount Vernon Park
Kent Gardens,Week3,Mount Vernon Park,Week4,251.0 Mount Vernon Park - 151.0 Kent Gardens
Kent Gardens,Week4,Mount Vernon Park,Week5,260.0 Mount Vernon Park - 142.0 Kent Gardens
Kent Gardens,Week5,Shouse Village,Week2,248.0 Kent Gardens - 154.0 Shouse Village
Kent Gardens,Week5,Vienna Woods,Week4,253.0 Vienna Woods - 149.0 Kent Gardens
Kent Gardens,Week5,Sideburn Run,Week2,230.0 Kent Gardens - 172.0 Sideburn Run
Kent Gardens,Week4,Sideburn Run,Week5,231.0 Sideburn Run - 171.0 Kent Gardens
Kent Gardens,Week1,Newington Forest,Week3,282.0 Kent Gardens - 120.0 Newington Forest
Kent Gardens,Week2,Lake Braddock,Week5,279.0 Kent Gardens - 123.0 Lake Braddock
Kent Gardens,Week1,Orange Hunt,Week1,214.0 Orange Hunt - 188.0 Kent Gardens
Kent Gardens,Week1,Lake Braddock,Week5,305.0 Kent Gardens - 97.0 Lake Braddock
Kent Gardens,Week1,Sideburn Run,Week1,213.0 Kent Gardens - 189.0 Sideburn Run
Kent Gardens,Week4,Fairfax Station,Week1,270.0 Fairfax Station - 132.0 Kent Gardens
Kent Gardens,Week3,Vienna Woods,Week5,320.0 Vienna Woods - 82.0 Kent Gardens
Kent Gardens,Week3,Vienna Woods,Week3,312.0 Vienna Woods - 90.0 Kent Gardens
Kent Gardens,Week3,Sideburn Run,Week3,220.0 Sideburn Run - 182.0 Kent Gardens
Kent Gardens,Week3,Fairfax Station,Week3,284.0 Fairfax Station - 118.0 Kent Gardens
Kent Gardens,Week2,Newington Forest,Week4,243.0 Kent Gardens - 159.0 Newington Forest
Kent Gardens,Week3,Newington Forest,Week4,245.0 Kent Gardens - 157.0 Newington Forest
Kent Gardens,Week5,Old Keene Mill,Week4,300.0 Kent Gardens - 102.0 Old Keene Mill
Kent Gardens,Week4,Fairfax Station,Week4,254.0 Fairfax Station - 148.0 Kent Gardens
Kent Gardens,Week4,Old Keene Mill,Week5,242.0 Kent Gardens - 160.0 Old Keene Mill
Kent Gardens,Week3,Newington Forest,Week1,276.0 Kent Gardens - 126.0 Newington Forest
Kent Gardens,Week1,Newington Forest,Week5,262.0 Kent Gardens - 140.0 Newington Forest
Kent Gardens,Week5,Kings Ridge ,Week5,283.0 Kent Gardens - 119.0 Kings Ridge
Kent Gardens,Week2,Old Keene Mill,Week4,263.0 Kent Gardens - 139.0 Old Keene Mill
Kent Gardens,Week5,Kings Ridge ,Week3,299.0 Kent Gardens - 103.0 Kings Ridge
Kent Gardens,Week3,Old Keene Mill,Week2,240.0 Kent Gardens - 162.0 Old Keene Mill
Kent Gardens,Week5,Fairfax Station,Week5,250.0 Fairfax Station - 152.0 Kent Gardens
Kent Gardens,Week5,Old Keene Mill,Week5,266.0 Kent Gardens - 136.0 Old Keene Mill
Kent Gardens,Week5,Sideburn Run,Week1,223.0 Kent Gardens - 179.0 Sideburn Run
Kent Gardens,Week3,Sideburn Run,Week2,208.0 Sideburn Run - 194.0 Kent Gardens
Kent Gardens,Week4,Sideburn Run,Week2,201.5 Kent Gardens - 200.5 Sideburn Run
Kent Gardens,Week1,Villa Aquatic,Week1,222.0 Kent Gardens - 180.0 Villa Aquatic
Kent Gardens,Week3,Fairfax Station,Week1,260.0 Fairfax Station - 142.0 Kent Gardens
Kent Gardens,Week1,Lake Braddock,Week3,314.0 Kent Gardens - 88.0 Lake Braddock
Kent Gardens,Week5,Fairfax Station,Week4,228.0 Fairfax Station - 174.0 Kent Gardens
Kent Gardens,Week2,Villa Aquatic,Week1,208.0 Kent Gardens - 194.0 Villa Aquatic
Kent Gardens,Week4,Kings Ridge ,Week2,288.0 Kent Gardens - 114.0 Kings Ridge
Kent Gardens,Week3,Vienna Woods,Week4,292.0 Vienna Woods - 110.0 Kent Gardens
Kent Gardens,Week4,Vienna Woods,Week1,295.0 Vienna Woods - 107.0 Kent Gardens
Kent Gardens,Week4,Newington Forest,Week3,273.0 Kent Gardens - 129.0 Newington Forest
Kent Gardens,Week3,Lake Braddock,Week4,285.0 Kent Gardens - 117.0 Lake Braddock
Kent Gardens,Week5,Sideburn Run,Week3,218.0 Kent Gardens - 184.0 Sideburn Run
Kent Gardens,Week3,Villa Aquatic,Week2,208.0 Villa Aquatic - 194.0 Kent Gardens
Kent Gardens,Week2,Lake Braddock,Week2,294.0 Kent Gardens - 108.0 Lake Braddock
Kent Gardens,Week1,Village West,Week2,271.0 Kent Gardens - 131.0 Village West
Kent Gardens,Week1,North Springfield,Week3,301.0 Kent Gardens - 95.0 North Springfield
Kent Gardens,Week1,Lakevale Estates,Week5,276.0 Lakevale Estates - 126.0 Kent Gardens
Kent Gardens,Week1,Orange Hunt,Week5,222.0 Orange Hunt - 180.0 Kent Gardens
Kent Gardens,Week2,Sleepy Hollow B & R,Week4,255.0 Sleepy Hollow B & R - 147.0 Kent Gardens
Kent Gardens,Week3,Villa Aquatic,Week5,208.0 Villa Aquatic - 194.0 Kent Gardens
Kent Gardens,Week1,North Springfield,Week5,286.0 Kent Gardens - 88.0 North Springfield
Kent Gardens,Week1,Orange Hunt,Week3,215.0 Orange Hunt - 187.0 Kent Gardens
Kent Gardens,Week1,North Springfield,Week1,292.0 Kent Gardens - 59.0 North Springfield
Kent Gardens,Week1,Sleepy Hollow B & R,Week1,209.0 Kent Gardens - 193.0 Sleepy Hollow B & R
Kent Gardens,Week5,Newington Forest,Week5,286.0 Kent Gardens - 116.0 Newington Forest
Kent Gardens,Week5,Sideburn Run,Week4,215.0 Kent Gardens - 187.0 Sideburn Run
Kent Gardens,Week1,North Springfield,Week2,304.0 Kent Gardens - 84.0 North Springfield
Kent Gardens,Week1,Orange Hunt,Week2,219.0 Orange Hunt - 183.0 Kent Gardens
Kent Gardens,Week3,Old Keene Mill,Week1,245.0 Kent Gardens - 157.0 Old Keene Mill
Kent Gardens,Week5,Old Keene Mill,Week3,279.0 Kent Gardens - 123.0 Old Keene Mill
Kings Ridge ,Week4,Springfield,Week3,334.0 Kings Ridge - 67.0 Springfield
Kent Gardens,Week4,Lake Braddock,Week4,284.0 Kent Gardens - 118.0 Lake Braddock
Kings Ridge ,Week2,Highland Park,Week2,304.0 Highland Park - 98.0 Kings Ridge
Kent Gardens,Week1,Lakevale Estates,Week3,269.0 Lakevale Estates - 133.0 Kent Gardens
Kent Gardens,Week4,Villa Aquatic,Week5,212.0 Villa Aquatic - 190.0 Kent Gardens
Kent Gardens,Week3,Villa Aquatic,Week4,216.0 Villa Aquatic - 186.0 Kent Gardens
Kings Ridge ,Week5,High Point Pool,Week4,296.0 High Point Pool - 106.0 Kings Ridge
Kent Gardens,Week1,Village West,Week1,271.0 Kent Gardens - 131.0 Village West
Kings Ridge ,Week2,Highland Park,Week4,315.0 Highland Park - 87.0 Kings Ridge
Kent Gardens,Week1,North Springfield,Week4,309.0 Kent Gardens - 82.0 North Springfield
Kings Ridge ,Week4,Springfield,Week1,322.0 Kings Ridge - 79.0 Springfield
Kent Gardens,Week4,Village West,Week1,255.0 Kent Gardens - 147.0 Village West
Kent Gardens,Week2,North Springfield,Week5,271.0 Kent Gardens - 103.0 North Springfield
Kent Gardens,Week5,Kings Ridge ,Week1,313.0 Kent Gardens - 89.0 Kings Ridge
Kent Gardens,Week4,Kings Ridge ,Week5,256.0 Kent Gardens - 146.0 Kings Ridge
Kent Gardens,Week1,Sleepy Hollow B & R,Week5,232.0 Sleepy Hollow B & R - 170.0 Kent Gardens
Kent Gardens,Week5,Newington Forest,Week1,307.0 Kent Gardens - 95.0 Newington Forest
Kings Ridge ,Week3,Stratford,Week1,206.0 Stratford - 196.0 Kings Ridge
Kent Gardens,Week4,Sleepy Hollow B & R,Week5,255.0 Sleepy Hollow B & R - 147.0 Kent Gardens
Kent Gardens,Week4,Villa Aquatic,Week2,211.0 Villa Aquatic - 191.0 Kent Gardens
Kings Ridge ,Week5,Springfield,Week5,343.0 Kings Ridge - 57.0 Springfield
Kent Gardens,Week2,Orange Hunt,Week2,233.0 Orange Hunt - 169.0 Kent Gardens
Kent Gardens,Week2,Orange Hunt,Week1,234.0 Orange Hunt - 168.0 Kent Gardens
Kent Gardens,Week2,North Springfield,Week1,288.0 Kent Gardens - 63.0 North Springfield
Kent Gardens,Week4,Kings Ridge ,Week4,264.0 Kent Gardens - 138.0 Kings Ridge
Kent Gardens,Week5,Kings Ridge ,Week4,294.0 Kent Gardens - 108.0 Kings Ridge
Kings Ridge ,Week4,Springfield,Week5,343.0 Kings Ridge - 58.0 Springfield
Kings Ridge ,Week4,Springfield,Week2,333.0 Kings Ridge - 65.0 Springfield
Kings Ridge ,Week5,Stratford,Week1,203.0 Stratford - 199.0 Kings Ridge
Kent Gardens,Week1,Orange Hunt,Week4,229.0 Orange Hunt - 173.0 Kent Gardens
Kent Gardens,Week5,Villa Aquatic,Week2,257.0 Kent Gardens - 145.0 Villa Aquatic
Kings Ridge ,Week3,Highland Park,Week4,297.0 Highland Park - 105.0 Kings Ridge
Kent Gardens,Week4,Village West,Week3,235.0 Kent Gardens - 167.0 Village West
Kent Gardens,Week3,Old Keene Mill,Week3,228.0 Kent Gardens - 174.0 Old Keene Mill
Kent Gardens,Week2,Sleepy Hollow Rec,Week1,258.0 Kent Gardens - 144.0 Sleepy Hollow Rec
Kent Gardens,Week5,Newington Forest,Week2,315.0 Kent Gardens - 87.0 Newington Forest
Kings Ridge ,Week3,High Point Pool,Week1,288.0 High Point Pool - 114.0 Kings Ridge
Kent Gardens,Week3,Sleepy Hollow B & R,Week4,265.0 Sleepy Hollow B & R - 137.0 Kent Gardens
Kings Ridge ,Week1,Highland Park,Week1,308.0 Highland Park - 94.0 Kings Ridge
Kent Gardens,Week5,Old Keene Mill,Week1,296.0 Kent Gardens - 106.0 Old Keene Mill
Kent Gardens,Week4,Sleepy Hollow B & R,Week2,228.0 Sleepy Hollow B & R - 174.0 Kent Gardens
Kent Gardens,Week3,Lake Braddock,Week1,303.0 Kent Gardens - 98.0 Lake Braddock
Kent Gardens,Week1,Lake Braddock,Week4,319.0 Kent Gardens - 83.0 Lake Braddock
Kent Gardens,Week5,Sleepy Hollow B & R,Week2,212.0 Kent Gardens - 190.0 Sleepy Hollow B & R
Kent Gardens,Week5,Kings Ridge ,Week2,315.0 Kent Gardens - 87.0 Kings Ridge
Kings Ridge ,Week3,Highland Park,Week1,288.0 Highland Park - 114.0 Kings Ridge
Kings Ridge ,Week1,Stratford,Week5,254.0 Stratford - 148.0 Kings Ridge
Kent Gardens,Week1,Overlee,Week3,308.0 Overlee - 94.0 Kent Gardens
Kent Gardens,Week3,Village West,Week1,246.0 Kent Gardens - 156.0 Village West
Kent Gardens,Week4,Orange Hunt,Week1,224.0 Orange Hunt - 178.0 Kent Gardens
Kings Ridge ,Week1,Highland Park,Week5,315.0 Highland Park - 87.0 Kings Ridge
Kent Gardens,Week1,Lake Braddock,Week1,323.0 Kent Gardens - 78.0 Lake Braddock
Kent Gardens,Week2,North Springfield,Week3,276.0 Kent Gardens - 120.0 North Springfield
Kings Ridge ,Week2,Highland Park,Week5,312.0 Highland Park - 90.0 Kings Ridge
Kent Gardens,Week5,Orange Hunt,Week1,226.0 Kent Gardens - 176.0 Orange Hunt
Kent Gardens,Week4,North Springfield,Week3,291.0 Kent Gardens - 106.0 North Springfield
Kent Gardens,Week5,Sleepy Hollow B & R,Week1,223.0 Kent Gardens - 179.0 Sleepy Hollow B & R
Kings Ridge ,Week1,Stratford,Week3,239.0 Stratford - 163.0 Kings Ridge
Kent Gardens,Week2,North Springfield,Week4,294.5 Kent Gardens - 97.5 North Springfield
Kent Gardens,Week3,North Springfield,Week1,273.0 Kent Gardens - 78.0 North Springfield
Kent Gardens,Week1,Lake Braddock,Week2,313.0 Kent Gardens - 89.0 Lake Braddock
Kent Gardens,Week3,North Springfield,Week4,284.0 Kent Gardens - 108.0 North Springfield
Kent Gardens,Week3,North Springfield,Week3,267.0 Kent Gardens - 129.0 North Springfield
Kent Gardens,Week1,Sleepy Hollow B & R,Week4,227.0 Sleepy Hollow B & R - 175.0 Kent Gardens
Kent Gardens,Week2,Lake Braddock,Week3,288.5 Kent Gardens - 113.5 Lake Braddock
Kent Gardens,Week3,Orange Hunt,Week5,245.0 Orange Hunt - 157.0 Kent Gardens
Kent Gardens,Week2,Sleepy Hollow B & R,Week2,235.0 Sleepy Hollow B & R - 167.0 Kent Gardens
Kent Gardens,Week2,Village West,Week3,222.0 Kent Gardens - 180.0 Village West
Kent Gardens,Week3,Orange Hunt,Week3,224.0 Orange Hunt - 178.0 Kent Gardens
Kent Gardens,Week3,Kings Ridge ,Week5,254.0 Kent Gardens - 148.0 Kings Ridge
Kings Ridge ,Week5,Springfield,Week4,313.0 Kings Ridge - 88.0 Springfield
Kent Gardens,Week4,Villa Aquatic,Week1,215.0 Kent Gardens - 187.0 Villa Aquatic
Kings Ridge ,Week2,Highland Park,Week1,298.0 Highland Park - 104.0 Kings Ridge
Kent Gardens,Week4,Sleepy Hollow B & R,Week3,234.0 Sleepy Hollow B & R - 168.0 Kent Gardens
Kings Ridge ,Week1,Highland Park,Week2,302.0 Highland Park - 100.0 Kings Ridge
Kings Ridge ,Week1,Stratford,Week1,222.0 Stratford - 175.0 Kings Ridge
Kent Gardens,Week4,Villa Aquatic,Week4,209.0 Villa Aquatic - 193.0 Kent Gardens
Kent Gardens,Week1,Village West,Week3,245.0 Kent Gardens - 157.0 Village West
Kent Gardens,Week2,Sleepy Hollow B & R,Week3,250.0 Sleepy Hollow B & R - 152.0 Kent Gardens
Kings Ridge ,Week1,Highland Park,Week3,283.0 Highland Park - 119.0 Kings Ridge
Kings Ridge ,Week1,Stratford,Week2,223.0 Stratford - 179.0 Kings Ridge
Kings Ridge ,Week3,High Point Pool,Week3,300.0 High Point Pool - 101.0 Kings Ridge
Kent Gardens,Week1,Village West,Week5,265.0 Kent Gardens - 137.0 Village West
Kent Gardens,Week3,Lake Braddock,Week2,294.0 Kent Gardens - 108.0 Lake Braddock
Kent Gardens,Week3,North Springfield,Week5,253.0 Kent Gardens - 121.0 North Springfield
Kent Gardens,Week1,Overlee,Week2,321.0 Overlee - 81.0 Kent Gardens
Kings Ridge ,Week4,High Point Pool,Week1,285.0 High Point Pool - 117.0 Kings Ridge
Kings Ridge ,Week2,Stratford,Week5,264.0 Stratford - 138.0 Kings Ridge
Kings Ridge ,Week2,Stratford,Week2,226.0 Stratford - 176.0 Kings Ridge
Kings Ridge ,Week3,Stratford,Week4,248.0 Stratford - 154.0 Kings Ridge
Kent Gardens,Week3,Overlee,Week4,358.0 Overlee - 44.0 Kent Gardens
Kent Gardens,Week4,North Springfield,Week2,280.0 Kent Gardens - 108.0 North Springfield
Kent Gardens,Week3,Sleepy Hollow B & R,Week1,227.0 Sleepy Hollow B & R - 175.0 Kent Gardens
Kent Gardens,Week4,Lake Braddock,Week3,282.0 Kent Gardens - 120.0 Lake Braddock
Kent Gardens,Week5,Villa Aquatic,Week1,256.0 Kent Gardens - 146.0 Villa Aquatic
Kent Gardens,Week3,Lake Braddock,Week5,275.0 Kent Gardens - 127.0 Lake Braddock
Kent Gardens,Week5,Sleepy Hollow B & R,Week4,207.0 Sleepy Hollow B & R - 195.0 Kent Gardens
Kings Ridge ,Week2,Stratford,Week3,245.0 Stratford - 157.0 Kings Ridge
Kent Gardens,Week3,Lake Braddock,Week3,283.5 Kent Gardens - 118.5 Lake Braddock
Kent Gardens,Week5,Orange Hunt,Week3,216.0 Kent Gardens - 186.0 Orange Hunt
Kent Gardens,Week3,North Springfield,Week2,278.0 Kent Gardens - 110.0 North Springfield
Kent Gardens,Week4,Overlee,Week1,331.0 Overlee - 71.0 Kent Gardens
Kent Gardens,Week2,Village West,Week1,261.0 Kent Gardens - 141.0 Village West
Kent Gardens,Week5,Sleepy Hollow B & R,Week5,221.0 Sleepy Hollow B & R - 181.0 Kent Gardens
Kent Gardens,Week3,Villa Aquatic,Week1,210.5 Villa Aquatic - 191.5 Kent Gardens
Kings Ridge ,Week4,High Point Pool,Week2,305.0 High Point Pool - 97.0 Kings Ridge
Kent Gardens,Week5,Lake Braddock,Week2,325.0 Kent Gardens - 77.0 Lake Braddock
Kings Ridge ,Week1,Stratford,Week4,248.0 Stratford - 154.0 Kings Ridge
Kent Gardens,Week3,Village West,Week2,263.0 Kent Gardens - 139.0 Village West
Kings Ridge ,Week4,Stratford,Week1,206.0 Stratford - 196.0 Kings Ridge
Kent Gardens,Week4,Orange Hunt,Week5,240.0 Orange Hunt - 162.0 Kent Gardens
Kent Gardens,Week4,Lake Braddock,Week5,271.0 Kent Gardens - 131.0 Lake Braddock
Kent Gardens,Week5,Newington Forest,Week3,300.0 Kent Gardens - 102.0 Newington Forest
Kings Ridge ,Week3,Stratford,Week2,225.0 Stratford - 177.0 Kings Ridge
Kent Gardens,Week5,Newington Forest,Week4,291.0 Kent Gardens - 111.0 Newington Forest
Kings Ridge ,Week5,High Point Pool,Week3,286.0 High Point Pool - 116.0 Kings Ridge
Kent Gardens,Week5,Lake Braddock,Week1,336.0 Kent Gardens - 66.0 Lake Braddock
Kent Gardens,Week4,North Springfield,Week1,280.0 Kent Gardens - 71.0 North Springfield
Kent Gardens,Week4,Orange Hunt,Week3,228.0 Orange Hunt - 174.0 Kent Gardens
Kent Gardens,Week5,Villa Aquatic,Week3,214.0 Kent Gardens - 188.0 Villa Aquatic
Kent Gardens,Week4,Sleepy Hollow B & R,Week4,245.0 Sleepy Hollow B & R - 157.0 Kent Gardens
Kings Ridge ,Week5,High Point Pool,Week5,291.0 High Point Pool - 111.0 Kings Ridge
Kent Gardens,Week2,Orange Hunt,Week3,225.0 Orange Hunt - 177.0 Kent Gardens
Kent Gardens,Week2,Sleepy Hollow B & R,Week5,262.0 Sleepy Hollow B & R - 140.0 Kent Gardens
Kent Gardens,Week2,North Springfield,Week2,283.0 Kent Gardens - 105.0 North Springfield
Kent Gardens,Week2,Villa Aquatic,Week5,220.0 Villa Aquatic - 182.0 Kent Gardens
Kent Gardens,Week1,Sleepy Hollow Rec,Week1,263.0 Kent Gardens - 139.0 Sleepy Hollow Rec
Kent Gardens,Week2,Overlee,Week4,363.0 Overlee - 39.0 Kent Gardens
Kent Gardens,Week2,Village West,Week2,247.0 Kent Gardens - 155.0 Village West
Kent Gardens,Week1,Overlee,Week4,345.0 Overlee - 57.0 Kent Gardens
Kings Ridge ,Week3,Highland Park,Week3,267.5 Highland Park - 134.5 Kings Ridge
Kent Gardens,Week4,Orange Hunt,Week2,236.0 Orange Hunt - 166.0 Kent Gardens
Kent Gardens,Week5,Lake Braddock,Week3,331.0 Kent Gardens - 71.0 Lake Braddock
Kent Gardens,Week1,Sleepy Hollow Rec,Week4,287.0 Kent Gardens - 115.0 Sleepy Hollow Rec
Kings Ridge ,Week1,Highland Park,Week4,315.0 Highland Park - 87.0 Kings Ridge
Kings Ridge ,Week3,Stratford,Week5,249.0 Stratford - 152.0 Kings Ridge
Kent Gardens,Week1,Sleepy Hollow Rec,Week3,253.0 Kent Gardens - 149.0 Sleepy Hollow Rec
Kings Ridge ,Week3,High Point Pool,Week5,299.0 High Point Pool - 103.0 Kings Ridge
Kings Ridge ,Week5,High Point Pool,Week1,283.0 High Point Pool - 119.0 Kings Ridge
Kent Gardens,Week5,Lake Braddock,Week4,328.0 Kent Gardens - 74.0 Lake Braddock
Kent Gardens,Week1,Sleepy Hollow Rec,Week2,269.0 Kent Gardens - 133.0 Sleepy Hollow Rec
Kent Gardens,Week4,Villa Aquatic,Week3,234.0 Villa Aquatic - 168.0 Kent Gardens
Kings Ridge ,Week5,Springfield,Week3,332.0 Kings Ridge - 70.0 Springfield
Kent Gardens,Week1,Sleepy Hollow Rec,Week5,259.0 Kent Gardens - 143.0 Sleepy Hollow Rec
Kings Ridge ,Week5,High Point Pool,Week2,306.5 High Point Pool - 95.5 Kings Ridge
Kings Ridge ,Week4,Stratford,Week4,245.0 Stratford - 157.0 Kings Ridge
Kent Gardens,Week5,Orange Hunt,Week2,213.0 Kent Gardens - 189.0 Orange Hunt
Kings Ridge ,Week4,High Point Pool,Week4,295.0 High Point Pool - 107.0 Kings Ridge
Kings Ridge ,Week2,Stratford,Week1,226.0 Stratford - 176.0 Kings Ridge
Kent Gardens,Week2,Overlee,Week1,331.5 Overlee - 70.5 Kent Gardens
Kent Gardens,Week1,Sleepy Hollow B & R,Week3,213.0 Sleepy Hollow B & R - 189.0 Kent Gardens
Kent Gardens,Week5,Villa Aquatic,Week4,247.0 Kent Gardens - 155.0 Villa Aquatic
Kings Ridge ,Week3,High Point Pool,Week4,300.0 High Point Pool - 102.0 Kings Ridge
Kent Gardens,Week2,Lakevale Estates,Week5,293.0 Lakevale Estates - 109.0 Kent Gardens
Kent Gardens,Week1,Lakevale Estates,Week1,250.0 Lakevale Estates - 152.0 Kent Gardens
Kent Gardens,Week3,Village West,Week4,255.0 Kent Gardens - 142.0 Village West
Kent Gardens,Week2,Sleepy Hollow B & R,Week1,226.0 Sleepy Hollow B & R - 176.0 Kent Gardens
Kings Ridge ,Week4,High Point Pool,Week5,296.0 High Point Pool - 106.0 Kings Ridge
Kent Gardens,Week2,Village West,Week4,239.0 Kent Gardens - 158.0 Village West
Kent Gardens,Week3,Village West,Week3,235.0 Kent Gardens - 167.0 Village West
Kings Ridge ,Week5,Springfield,Week2,342.0 Kings Ridge - 59.0 Springfield
Kings Ridge ,Week4,Springfield,Week4,315.0 Kings Ridge - 86.0 Springfield
Kent Gardens,Week1,Village West,Week4,261.0 Kent Gardens - 136.0 Village West
Kent Gardens,Week3,Lakevale Estates,Week5,296.0 Lakevale Estates - 106.0 Kent Gardens
Kings Ridge ,Week5,Springfield,Week1,320.0 Kings Ridge - 81.0 Springfield
Kent Gardens,Week5,Villa Aquatic,Week5,219.0 Kent Gardens - 183.0 Villa Aquatic
Kings Ridge ,Week4,Stratford,Week2,206.0 Stratford - 196.0 Kings Ridge
Kent Gardens,Week4,Sleepy Hollow B & R,Week1,215.0 Sleepy Hollow B & R - 187.0 Kent Gardens
Kings Ridge ,Week4,High Point Pool,Week3,292.0 High Point Pool - 110.0 Kings Ridge
Kings Ridge ,Week3,High Point Pool,Week2,304.0 High Point Pool - 97.0 Kings Ridge
Kent Gardens,Week3,Sleepy Hollow B & R,Week3,250.0 Sleepy Hollow B & R - 152.0 Kent Gardens
Kent Gardens,Week1,Lakevale Estates,Week4,278.0 Lakevale Estates - 124.0 Kent Gardens
Kent Gardens,Week3,Orange Hunt,Week2,236.0 Orange Hunt - 166.0 Kent Gardens
Kent Gardens,Week3,Orange Hunt,Week1,230.0 Orange Hunt - 172.0 Kent Gardens
Kent Gardens,Week4,Lake Braddock,Week2,290.0 Kent Gardens - 112.0 Lake Braddock
Kent Gardens,Week2,Overlee,Week2,339.0 Overlee - 63.0 Kent Gardens
Kent Gardens,Week2,Orange Hunt,Week5,248.0 Orange Hunt - 154.0 Kent Gardens
Kent Gardens,Week1,Lakevale Estates,Week2,265.0 Lakevale Estates - 137.0 Kent Gardens
Kent Gardens,Week3,Sleepy Hollow B & R,Week5,262.0 Sleepy Hollow B & R - 140.0 Kent Gardens
Kent Gardens,Week5,Lake Braddock,Week5,315.0 Kent Gardens - 87.0 Lake Braddock
Kent Gardens,Week3,Villa Aquatic,Week3,223.0 Villa Aquatic - 179.0 Kent Gardens
Kent Gardens,Week2,Sleepy Hollow Rec,Week2,253.0 Kent Gardens - 149.0 Sleepy Hollow Rec
Kings Ridge ,Week2,Highland Park,Week3,288.0 Highland Park - 114.0 Kings Ridge
Kent Gardens,Week2,Lakevale Estates,Week2,275.0 Lakevale Estates - 127.0 Kent Gardens
Kent Gardens,Week2,Village West,Week5,240.0 Kent Gardens - 162.0 Village West
Kings Ridge ,Week3,Highland Park,Week2,288.0 Highland Park - 114.0 Kings Ridge
Kent Gardens,Week2,Lakevale Estates,Week1,270.0 Lakevale Estates - 132.0 Kent Gardens
Kings Ridge ,Week4,Stratford,Week3,226.0 Stratford - 176.0 Kings Ridge
Kent Gardens,Week5,Village West,Week1,294.0 Kent Gardens - 108.0 Village West
Kent Gardens,Week4,Village West,Week2,270.0 Kent Gardens - 132.0 Village West
Kings Ridge ,Week5,Highland Park,Week2,278.0 Highland Park - 124.0 Kings Ridge
Kent Gardens,Week3,Sleepy Hollow Rec,Week2,251.0 Kent Gardens - 151.0 Sleepy Hollow Rec
Kent Gardens,Week3,Orange Hunt,Week4,236.0 Orange Hunt - 166.0 Kent Gardens
Kent Gardens,Week3,Lakevale Estates,Week2,266.0 Lakevale Estates - 136.0 Kent Gardens
Kings Ridge ,Week2,Stratford,Week4,255.0 Stratford - 147.0 Kings Ridge
Kings Ridge ,Week4,Stratford,Week5,230.0 Stratford - 172.0 Kings Ridge
Kent Gardens,Week4,Orange Hunt,Week4,239.0 Orange Hunt - 163.0 Kent Gardens
Kent Gardens,Week2,Orange Hunt,Week4,236.0 Orange Hunt - 166.0 Kent Gardens
Kings Ridge ,Week3,Stratford,Week3,227.0 Stratford - 175.0 Kings Ridge
Kent Gardens,Week3,Sleepy Hollow B & R,Week2,237.0 Sleepy Hollow B & R - 165.0 Kent Gardens
Kings Ridge ,Week5,Sully Station,Week3,308.0 Sully Station - 94.0 Kings Ridge
Kent Gardens,Week4,Lakevale Estates,Week1,256.0 Lakevale Estates - 146.0 Kent Gardens
Kent Gardens,Week5,Sleepy Hollow B & R,Week3,212.0 Kent Gardens - 190.0 Sleepy Hollow B & R
Kings Ridge ,Week3,Highlands Swim,Week1,335.0 Highlands Swim - 67.0 Kings Ridge
Kent Gardens,Week3,Village West,Week5,238.0 Kent Gardens - 164.0 Village West
Kent Gardens,Week5,Orange Hunt,Week4,206.0 Kent Gardens - 196.0 Orange Hunt
Kent Gardens,Week4,Lakevale Estates,Week2,267.0 Lakevale Estates - 135.0 Kent Gardens
Kings Ridge ,Week4,Highland Park,Week4,293.0 Highland Park - 109.0 Kings Ridge
Kent Gardens,Week4,Fox Hunt,Week5,243.0 Fox Hunt - 159.0 Kent Gardens
Kent Gardens,Week2,Virginia Hills,Week2,341.0 Kent Gardens - 61.0 Virginia Hills
Kent Gardens,Week2,Overlee,Week3,324.0 Overlee - 78.0 Kent Gardens
Kings Ridge ,Week3,Sully Station,Week3,313.0 Sully Station - 89.0 Kings Ridge
Kent Gardens,Week4,Sleepy Hollow Rec,Week2,267.5 Kent Gardens - 134.5 Sleepy Hollow Rec
Kent Gardens,Week4,Virginia Hills,Week3,343.0 Kent Gardens - 59.0 Virginia Hills
Kings Ridge ,Week5,Stratford,Week3,208.0 Stratford - 194.0 Kings Ridge
Kings Ridge ,Week1,Highlands Swim,Week1,355.0 Highlands Swim - 47.0 Kings Ridge
Kings Ridge ,Week1,Sully Station,Week2,319.0 Sully Station - 83.0 Kings Ridge
Kent Gardens,Week3,Sleepy Hollow Rec,Week4,277.0 Kent Gardens - 125.0 Sleepy Hollow Rec
Kings Ridge ,Week5,Highland Park,Week4,296.0 Highland Park - 106.0 Kings Ridge
Kent Gardens,Week3,Fox Hunt,Week1,205.0 Fox Hunt - 197.0 Kent Gardens
Kent Gardens,Week5,Fox Hunt,Week2,233.0 Kent Gardens - 169.0 Fox Hunt
Kent Gardens,Week2,Overlee,Week5,362.0 Overlee - 40.0 Kent Gardens
Kent Gardens,Week3,Sleepy Hollow Rec,Week3,237.0 Kent Gardens - 165.0 Sleepy Hollow Rec
Kent Gardens,Week1,Virginia Hills,Week4,355.0 Kent Gardens - 47.0 Virginia Hills
Kent Gardens,Week4,Lakevale Estates,Week3,269.0 Lakevale Estates - 133.0 Kent Gardens
Kent Gardens,Week2,Lakevale Estates,Week4,305.0 Lakevale Estates - 97.0 Kent Gardens
Kent Gardens,Week4,Lakevale Estates,Week4,282.5 Lakevale Estates - 119.5 Kent Gardens
Kent Gardens,Week4,Sleepy Hollow Rec,Week3,244.0 Kent Gardens - 158.0 Sleepy Hollow Rec
Kings Ridge ,Week2,Highlands Swim,Week5,336.0 Highlands Swim - 66.0 Kings Ridge
Kent Gardens,Week1,Virginia Hills,Week1,344.0 Kent Gardens - 58.0 Virginia Hills
Kent Gardens,Week1,Overlee,Week1,322.0 Overlee - 80.0 Kent Gardens
Kent Gardens,Week4,Sleepy Hollow Rec,Week1,263.5 Kent Gardens - 138.5 Sleepy Hollow Rec
Kings Ridge ,Week3,Highlands Swim,Week4,326.0 Highlands Swim - 76.0 Kings Ridge
Kent Gardens,Week5,Orange Hunt,Week5,204.0 Orange Hunt - 198.0 Kent Gardens
Kent Gardens,Week3,Overlee,Week2,338.0 Overlee - 64.0 Kent Gardens
Kent Gardens,Week2,Fox Mill Estates,Week2,225.0 Kent Gardens - 177.0 Fox Mill Estates
Kent Gardens,Week1,Overlee,Week5,339.0 Overlee - 63.0 Kent Gardens
Kent Gardens,Week3,Lakevale Estates,Week4,284.0 Lakevale Estates - 118.0 Kent Gardens
Kings Ridge ,Week1,Highlands Swim,Week4,336.0 Highlands Swim - 66.0 Kings Ridge
Kent Gardens,Week3,Sleepy Hollow Rec,Week5,256.0 Kent Gardens - 146.0 Sleepy Hollow Rec
Kings Ridge ,Week2,Sully Station,Week3,326.0 Sully Station - 75.0 Kings Ridge
Kings Ridge ,Week2,Sully Station,Week1,326.0 Sully Station - 75.0 Kings Ridge
Kent Gardens,Week2,Virginia Hills,Week4,334.0 Kent Gardens - 68.0 Virginia Hills
Kings Ridge ,Week5,Stratford,Week5,230.0 Stratford - 172.0 Kings Ridge
Kent Gardens,Week5,Village West,Week3,273.0 Kent Gardens - 129.0 Village West
Kent Gardens,Week5,Lakevale Estates,Week3,236.0 Lakevale Estates - 166.0 Kent Gardens
Kent Gardens,Week2,Lakevale Estates,Week3,277.0 Lakevale Estates - 125.0 Kent Gardens
Kings Ridge ,Week4,Highlands Swim,Week2,339.0 Highlands Swim - 63.0 Kings Ridge
Kent Gardens,Week3,Overlee,Week3,328.0 Overlee - 74.0 Kent Gardens
Kent Gardens,Week2,Fox Hunt,Week4,233.0 Fox Hunt - 169.0 Kent Gardens
Kings Ridge ,Week3,Sully Station,Week2,310.0 Sully Station - 92.0 Kings Ridge
Kent Gardens,Week1,Fox Mill Estates,Week1,263.0 Kent Gardens - 139.0 Fox Mill Estates
Kent Gardens,Week3,Overlee,Week5,355.0 Overlee - 47.0 Kent Gardens
Kings Ridge ,Week5,Highland Park,Week5,280.0 Highland Park - 122.0 Kings Ridge
Kent Gardens,Week5,Lakevale Estates,Week1,228.0 Lakevale Estates - 174.0 Kent Gardens
Kent Gardens,Week1,Somerset-Olde Creek,Week2,325.0 Kent Gardens - 76.0 Somerset-Olde Creek
Kent Gardens,Week3,Virginia Hills,Week1,330.0 Kent Gardens - 72.0 Virginia Hills
Kent Gardens,Week4,Village West,Week5,248.0 Kent Gardens - 154.0 Village West
Kent Gardens,Week1,Fox Mill Estates,Week3,247.0 Kent Gardens - 155.0 Fox Mill Estates
Kings Ridge ,Week2,Sully Station,Week4,328.0 Sully Station - 74.0 Kings Ridge
Kent Gardens,Week3,Overlee,Week1,336.0 Overlee - 66.0 Kent Gardens
Kent Gardens,Week1,Somerset-Olde Creek,Week4,321.0 Kent Gardens - 80.0 Somerset-Olde Creek
Kings Ridge ,Week1,Sully Station,Week4,332.0 Sully Station - 70.0 Kings Ridge
Kent Gardens,Week5,Sleepy Hollow Rec,Week5,284.0 Kent Gardens - 118.0 Sleepy Hollow Rec
Kings Ridge ,Week5,Highland Park,Week1,296.0 Highland Park - 106.0 Kings Ridge
Kent Gardens,Week1,Virginia Hills,Week5,339.0 Kent Gardens - 63.0 Virginia Hills
Kent Gardens,Week4,Sleepy Hollow Rec,Week4,283.0 Kent Gardens - 119.0 Sleepy Hollow Rec
Kings Ridge ,Week4,Highland Park,Week3,266.0 Highland Park - 136.0 Kings Ridge
Kent Gardens,Week4,Fox Hunt,Week1,201.0 Fox Hunt - 201.0 Kent Gardens
Kings Ridge ,Week4,Sully Station,Week3,323.0 Sully Station - 79.0 Kings Ridge
Kent Gardens,Week5,Lakevale Estates,Week4,263.0 Lakevale Estates - 139.0 Kent Gardens
Kent Gardens,Week3,Lakevale Estates,Week1,255.0 Lakevale Estates - 147.0 Kent Gardens
Kings Ridge ,Week3,Sully Station,Week4,314.0 Sully Station - 88.0 Kings Ridge
Kent Gardens,Week4,Lakevale Estates,Week5,292.0 Lakevale Estates - 110.0 Kent Gardens
Kent Gardens,Week4,Village West,Week4,257.0 Kent Gardens - 140.0 Village West
Kent Gardens,Week5,Sleepy Hollow Rec,Week1,297.0 Kent Gardens - 105.0 Sleepy Hollow Rec
Kings Ridge ,Week3,Highlands Swim,Week3,328.0 Highlands Swim - 73.0 Kings Ridge
Kent Gardens,Week4,Overlee,Week4,349.0 Overlee - 53.0 Kent Gardens
Kent Gardens,Week4,Overlee,Week2,332.0 Overlee - 70.0 Kent Gardens
Kent Gardens,Week3,Fox Hunt,Week3,236.0 Fox Hunt - 166.0 Kent Gardens
Kent Gardens,Week2,Virginia Hills,Week3,338.0 Kent Gardens - 64.0 Virginia Hills
Kent Gardens,Week5,Overlee,Week2,304.0 Overlee - 98.0 Kent Gardens
Kent Gardens,Week1,Lakeview,Week2,315.0 Kent Gardens - 86.0 Lakeview
Kent Gardens,Week2,Fox Hunt,Week5,257.0 Fox Hunt - 145.0 Kent Gardens
Kent Gardens,Week4,Overlee,Week3,325.0 Overlee - 77.0 Kent Gardens
Kent Gardens,Week1,Lakeview,Week1,318.0 Kent Gardens - 84.0 Lakeview
Kent Gardens,Week3,Virginia Hills,Week2,342.0 Kent Gardens - 60.0 Virginia Hills
Kings Ridge ,Week3,Sully Station,Week1,317.0 Sully Station - 85.0 Kings Ridge
Kings Ridge ,Week4,Highland Park,Week2,276.0 Highland Park - 126.0 Kings Ridge
Kings Ridge ,Week1,Sully Station,Week5,336.0 Sully Station - 66.0 Kings Ridge
Kent Gardens,Week3,Virginia Hills,Week3,331.0 Kent Gardens - 71.0 Virginia Hills
Kings Ridge ,Week5,Highlands Swim,Week1,336.0 Highlands Swim - 66.0 Kings Ridge
Kent Gardens,Week4,Sleepy Hollow Rec,Week5,260.0 Kent Gardens - 142.0 Sleepy Hollow Rec
Kent Gardens,Week5,Fox Hunt,Week1,232.0 Kent Gardens - 170.0 Fox Hunt
Kings Ridge ,Week2,Sully Station,Week2,320.0 Sully Station - 82.0 Kings Ridge
Kent Gardens,Week4,Overlee,Week5,353.0 Overlee - 49.0 Kent Gardens
Kings Ridge ,Week3,Highland Park,Week5,285.0 Highland Park - 117.0 Kings Ridge
Kent Gardens,Week1,Somerset-Olde Creek,Week5,298.0 Kent Gardens - 103.0 Somerset-Olde Creek
Kent Gardens,Week5,Sleepy Hollow Rec,Week4,302.0 Kent Gardens - 100.0 Sleepy Hollow Rec
Kent Gardens,Week5,Sleepy Hollow Rec,Week2,296.0 Kent Gardens - 106.0 Sleepy Hollow Rec
Kings Ridge ,Week4,Highland Park,Week1,278.0 Highland Park - 124.0 Kings Ridge
Kent Gardens,Week3,Lakevale Estates,Week3,275.5 Lakevale Estates - 126.5 Kent Gardens
Kent Gardens,Week4,Fox Hunt,Week2,215.0 Fox Hunt - 187.0 Kent Gardens
Kent Gardens,Week1,Fox Mill Estates,Week4,239.0 Kent Gardens - 163.0 Fox Mill Estates
Kent Gardens,Week5,Overlee,Week1,304.0 Overlee - 98.0 Kent Gardens
Kent Gardens,Week2,Virginia Hills,Week1,331.0 Kent Gardens - 71.0 Virginia Hills
Kent Gardens,Week4,Virginia Hills,Week5,326.0 Kent Gardens - 76.0 Virginia Hills
Kings Ridge ,Week2,Sully Station,Week5,330.0 Sully Station - 72.0 Kings Ridge
Kent Gardens,Week5,Village West,Week2,299.0 Kent Gardens - 103.0 Village West
Kent Gardens,Week2,Sleepy Hollow Rec,Week4,285.0 Kent Gardens - 117.0 Sleepy Hollow Rec
Kent Gardens,Week5,Overlee,Week4,338.0 Overlee - 64.0 Kent Gardens
Kent Gardens,Week1,Lakeview,Week3,299.0 Kent Gardens - 103.0 Lakeview
Kent Gardens,Week1,Fox Mill Estates,Week2,252.0 Kent Gardens - 150.0 Fox Mill Estates
Kings Ridge ,Week1,Highlands Swim,Week3,336.0 Highlands Swim - 66.0 Kings Ridge
Kent Gardens,Week3,Virginia Hills,Week4,329.0 Kent Gardens - 73.0 Virginia Hills
Kent Gardens,Week4,Virginia Hills,Week2,342.0 Kent Gardens - 60.0 Virginia Hills
Kent Gardens,Week4,Fox Hunt,Week3,230.0 Fox Hunt - 172.0 Kent Gardens
Kings Ridge ,Week1,Sully Station,Week3,342.0 Sully Station - 60.0 Kings Ridge
Kings Ridge ,Week3,Sully Station,Week5,321.0 Sully Station - 77.0 Kings Ridge
Kent Gardens,Week5,Fox Hunt,Week3,216.0 Kent Gardens - 186.0 Fox Hunt
Kent Gardens,Week1,Somerset-Olde Creek,Week1,319.0 Kent Gardens - 82.0 Somerset-Olde Creek
Kent Gardens,Week5,Sleepy Hollow Rec,Week3,276.0 Kent Gardens - 126.0 Sleepy Hollow Rec
Kings Ridge ,Week1,Sully Station,Week1,338.0 Sully Station - 64.0 Kings Ridge
Kent Gardens,Week2,Fox Mill Estates,Week3,230.0 Kent Gardens - 172.0 Fox Mill Estates
Kent Gardens,Week2,Lakeview,Week4,252.0 Kent Gardens - 150.0 Lakeview
Kent Gardens,Week5,Lakevale Estates,Week5,257.0 Lakevale Estates - 145.0 Kent Gardens
Kent Gardens,Week4,Lakeview,Week3,269.0 Kent Gardens - 133.0 Lakeview
Kent Gardens,Week1,Somerset-Olde Creek,Week3,321.0 Kent Gardens - 81.0 Somerset-Olde Creek
Kent Gardens,Week4,Virginia Hills,Week1,338.0 Kent Gardens - 64.0 Virginia Hills
Kings Ridge ,Week1,Highlands Swim,Week2,353.0 Highlands Swim - 49.0 Kings Ridge
Kent Gardens,Week5,Lakevale Estates,Week2,234.0 Lakevale Estates - 168.0 Kent Gardens
Kings Ridge ,Week4,Sully Station,Week4,315.5 Sully Station - 86.5 Kings Ridge
Kings Ridge ,Week4,Highlands Swim,Week3,330.0 Highlands Swim - 72.0 Kings Ridge
Kent Gardens,Week3,Fox Hunt,Week4,225.0 Fox Hunt - 177.0 Kent Gardens
Kings Ridge ,Week1,Highlands Swim,Week5,337.0 Highlands Swim - 65.0 Kings Ridge
Kings Ridge ,Week2,Highlands Swim,Week1,341.0 Highlands Swim - 61.0 Kings Ridge
Kings Ridge ,Week4,Sully Station,Week1,315.0 Sully Station - 87.0 Kings Ridge
Kent Gardens,Week3,Virginia Hills,Week5,312.0 Kent Gardens - 90.0 Virginia Hills
Kent Gardens,Week3,Lakeview,Week3,264.0 Kent Gardens - 138.0 Lakeview
Kent Gardens,Week5,Overlee,Week3,303.0 Overlee - 99.0 Kent Gardens
Kings Ridge ,Week3,Highlands Swim,Week5,327.0 Highlands Swim - 75.0 Kings Ridge
Kent Gardens,Week2,Sleepy Hollow Rec,Week3,237.0 Kent Gardens - 165.0 Sleepy Hollow Rec
Kent Gardens,Week5,Overlee,Week5,333.0 Overlee - 69.0 Kent Gardens
Kent Gardens,Week3,Lakeview,Week2,295.0 Kent Gardens - 106.0 Lakeview
Kent Gardens,Week1,Lakeview,Week5,300.0 Kent Gardens - 92.0 Lakeview
Kent Gardens,Week2,Langley,Week5,252.0 Langley - 150.0 Kent Gardens
Kent Gardens,Week3,Lakeview,Week1,293.0 Kent Gardens - 109.0 Lakeview
Kent Gardens,Week5,Virginia Hills,Week1,351.0 Kent Gardens - 51.0 Virginia Hills
Kings Ridge ,Week2,Highlands Swim,Week2,347.0 Highlands Swim - 55.0 Kings Ridge
Kent Gardens,Week3,Sleepy Hollow Rec,Week1,252.0 Kent Gardens - 150.0 Sleepy Hollow Rec
Kings Ridge ,Week4,Sully Station,Week2,310.0 Sully Station - 92.0 Kings Ridge
Kent Gardens,Week1,Langley,Week1,260.0 Langley - 142.0 Kent Gardens
Kent Gardens,Week5,Virginia Hills,Week2,357.0 Kent Gardens - 45.0 Virginia Hills
Kent Gardens,Week5,Fox Hunt,Week4,226.0 Kent Gardens - 176.0 Fox Hunt
Kings Ridge ,Week5,Stratford,Week2,206.0 Stratford - 196.0 Kings Ridge
Kent Gardens,Week5,Lakeview,Week3,311.0 Kent Gardens - 91.0 Lakeview
Kent Gardens,Week5,Fox Hunt,Week5,215.0 Kent Gardens - 187.0 Fox Hunt
Kings Ridge ,Week2,Highlands Swim,Week4,328.0 Highlands Swim - 74.0 Kings Ridge
Kent Gardens,Week3,Fox Hunt,Week2,204.0 Fox Hunt - 198.0 Kent Gardens
Kent Gardens,Week2,Virginia Hills,Week5,320.0 Kent Gardens - 82.0 Virginia Hills
Kings Ridge ,Week3,Highlands Swim,Week2,344.0 Highlands Swim - 58.0 Kings Ridge
Kent Gardens,Week5,Crosspointe,Week1,232.0 Crosspointe - 170.0 Kent Gardens
Kent Gardens,Week5,Lakeview,Week4,304.0 Kent Gardens - 98.0 Lakeview
Kent Gardens,Week1,Fox Mill Estates,Week5,239.0 Kent Gardens - 163.0 Fox Mill Estates
Kent Gardens,Week2,Fox Mill Estates,Week4,205.0 Kent Gardens - 197.0 Fox Mill Estates
Kent Gardens,Week5,Village West,Week4,291.0 Kent Gardens - 106.0 Village West
Kings Ridge ,Week5,Stratford,Week4,244.0 Stratford - 158.0 Kings Ridge
Kent Gardens,Week1,Virginia Hills,Week2,351.0 Kent Gardens - 51.0 Virginia Hills
Kings Ridge ,Week4,Highlands Swim,Week1,338.0 Highlands Swim - 64.0 Kings Ridge
Kings Ridge ,Week5,Sully Station,Week1,310.0 Sully Station - 92.0 Kings Ridge
Kent Gardens,Week3,Fox Hunt,Week5,254.0 Fox Hunt - 148.0 Kent Gardens
Kent Gardens,Week1,Virginia Hills,Week3,354.0 Kent Gardens - 48.0 Virginia Hills
Kings Ridge ,Week5,Highland Park,Week3,260.0 Highland Park - 142.0 Kings Ridge
Kent Gardens,Week2,Fox Mill Estates,Week1,251.0 Kent Gardens - 151.0 Fox Mill Estates
Kings Ridge ,Week1,Sully Station II,Week1,303.0 Sully Station II - 99.0 Kings Ridge
Kings Ridge ,Week2,Highlands Swim,Week3,331.0 Highlands Swim - 71.0 Kings Ridge
Kent Gardens,Week2,Sleepy Hollow Rec,Week5,253.0 Kent Gardens - 149.0 Sleepy Hollow Rec
Kings Ridge ,Week4,Sully Station,Week5,322.0 Sully Station - 80.0 Kings Ridge
Kings Ridge ,Week5,Sully Station,Week2,302.0 Sully Station - 100.0 Kings Ridge
Kings Ridge ,Week4,Highland Park,Week5,284.0 Highland Park - 118.0 Kings Ridge
Kent Gardens,Week5,Village West,Week5,292.0 Kent Gardens - 110.0 Village West
Kings Ridge ,Week5,Sully Station,Week4,304.0 Sully Station - 98.0 Kings Ridge
Kent Gardens,Week1,Virginia Run,Week1,207.0 Virginia Run - 195.0 Kent Gardens
Kent Gardens,Week2,Lakeview,Week3,276.0 Kent Gardens - 126.0 Lakeview
Kings Ridge ,Week4,Sully Station II,Week3,316.0 Sully Station II - 86.0 Kings Ridge
Kings Ridge ,Week1,Sully Station II,Week2,318.0 Sully Station II - 84.0 Kings Ridge
Kent Gardens,Week3,Lakeview,Week5,266.0 Kent Gardens - 126.0 Lakeview
Kings Ridge ,Week5,Hollin Hills,Week4,247.0 Kings Ridge - 154.0 Hollin Hills
Kings Ridge ,Week5,Highlands Swim,Week4,324.0 Highlands Swim - 78.0 Kings Ridge
Kent Gardens,Week1,Langley,Week3,253.0 Langley - 149.0 Kent Gardens
Kent Gardens,Week5,Virginia Hills,Week3,361.0 Kent Gardens - 41.0 Virginia Hills
Kent Gardens,Week4,Fox Hunt,Week4,202.0 Kent Gardens - 200.0 Fox Hunt
Kings Ridge ,Week5,Highlands Swim,Week2,336.0 Highlands Swim - 66.0 Kings Ridge
Kings Ridge ,Week4,Highlands Swim,Week4,322.0 Highlands Swim - 80.0 Kings Ridge
Kings Ridge ,Week1,Sully Station II,Week3,335.5 Sully Station II - 66.5 Kings Ridge
Kings Ridge ,Week4,Highlands Swim,Week5,329.0 Highlands Swim - 73.0 Kings Ridge
Kent Gardens,Week4,Virginia Run,Week4,220.0 Virginia Run - 182.0 Kent Gardens
Kent Gardens,Week4,Virginia Hills,Week4,334.0 Kent Gardens - 68.0 Virginia Hills
Kent Gardens,Week1,Lakeview,Week4,282.0 Kent Gardens - 120.0 Lakeview
Kent Gardens,Week1,Langley,Week5,246.0 Langley - 156.0 Kent Gardens
Kent Gardens,Week4,Lakeview,Week5,275.0 Kent Gardens - 118.0 Lakeview
Kings Ridge ,Week1,Sully Station II,Week4,293.0 Sully Station II - 109.0 Kings Ridge
Kent Gardens,Week5,Virginia Hills,Week4,357.0 Kent Gardens - 45.0 Virginia Hills
Kings Ridge ,Week5,Highlands Swim,Week3,329.0 Highlands Swim - 73.0 Kings Ridge
Kings Ridge ,Week5,Sully Station,Week5,316.0 Sully Station - 86.0 Kings Ridge
Kent Gardens,Week5,Virginia Hills,Week5,345.0 Kent Gardens - 57.0 Virginia Hills
Kings Ridge ,Week4,Hollin Hills,Week5,251.0 Kings Ridge - 150.0 Hollin Hills
Kings Ridge ,Week4,Hollin Hills,Week2,260.0 Kings Ridge - 141.0 Hollin Hills
Kent Gardens,Week2,Lakeview,Week1,303.0 Kent Gardens - 99.0 Lakeview
Kent Gardens,Week5,Virginia Run,Week2,237.0 Kent Gardens - 165.0 Virginia Run
Kent Gardens,Week2,Langley,Week3,256.0 Langley - 146.0 Kent Gardens
Kings Ridge ,Week2,Sully Station II,Week3,331.0 Sully Station II - 71.0 Kings Ridge
Kings Ridge ,Week3,Hollin Hills,Week4,248.0 Kings Ridge - 144.0 Hollin Hills
Kent Gardens,Week3,Virginia Run,Week1,242.0 Virginia Run - 160.0 Kent Gardens
Kings Ridge ,Week3,Sully Station II,Week1,293.0 Sully Station II - 108.0 Kings Ridge
Kent Gardens,Week1,Virginia Run,Week3,209.0 Kent Gardens - 193.0 Virginia Run
Kings Ridge ,Week3,Sully Station II,Week2,308.0 Sully Station II - 92.0 Kings Ridge
Kent Gardens,Week2,Virginia Run,Week5,253.0 Virginia Run - 149.0 Kent Gardens
Kings Ridge ,Week3,Hollin Hills,Week2,248.0 Kings Ridge - 143.0 Hollin Hills
Kings Ridge ,Week5,Sully Station II,Week4,275.0 Sully Station II - 127.0 Kings Ridge
Kent Gardens,Week1,Langley,Week4,261.0 Langley - 141.0 Kent Gardens
Kent Gardens,Week1,Wakefield Chapel,Week4,278.0 Wakefield Chapel - 124.0 Kent Gardens
Kent Gardens,Week2,Langley,Week2,258.0 Langley - 144.0 Kent Gardens
Kent Gardens,Week3,Lakeview,Week4,253.0 Kent Gardens - 149.0 Lakeview
Kent Gardens,Week5,Virginia Run,Week4,226.0 Kent Gardens - 176.0 Virginia Run
Kent Gardens,Week2,Lakeview,Week2,297.0 Kent Gardens - 104.0 Lakeview
Kent Gardens,Week2,Virginia Run,Week2,214.0 Virginia Run - 188.0 Kent Gardens
Kings Ridge ,Week1,Hollin Hills,Week3,231.0 Kings Ridge - 171.0 Hollin Hills
Kings Ridge ,Week2,Sully Station II,Week2,316.0 Sully Station II - 86.0 Kings Ridge
Kent Gardens,Week5,Lakeview,Week1,338.0 Kent Gardens - 64.0 Lakeview
Kings Ridge ,Week2,Hollin Meadows,Week3,308.0 Hollin Meadows - 94.0 Kings Ridge
Kings Ridge ,Week2,Sully Station II,Week5,324.0 Sully Station II - 78.0 Kings Ridge
Kent Gardens,Week2,Virginia Run,Week3,221.0 Virginia Run - 181.0 Kent Gardens
Kings Ridge ,Week2,Truro,Week2,217.0 Truro - 182.0 Kings Ridge
Kings Ridge ,Week2,Truro,Week4,242.0 Truro - 159.0 Kings Ridge
Kings Ridge ,Week3,Hollin Hills,Week5,233.0 Kings Ridge - 163.0 Hollin Hills
Kent Gardens,Week2,Virginia Run,Week4,234.0 Virginia Run - 168.0 Kent Gardens
Kent Gardens,Week3,Virginia Run,Week3,219.0 Virginia Run - 183.0 Kent Gardens
Kent Gardens,Week2,Lakeview,Week5,279.0 Kent Gardens - 113.0 Lakeview
Kent Gardens,Week2,Langley,Week1,270.0 Langley - 132.0 Kent Gardens
Kings Ridge ,Week1,Hollin Hills,Week2,247.0 Kings Ridge - 153.0 Hollin Hills
Kings Ridge ,Week5,Hollin Hills,Week2,251.0 Kings Ridge - 150.0 Hollin Hills
Kings Ridge ,Week1,Sully Station II,Week5,336.0 Sully Station II - 66.0 Kings Ridge
Kings Ridge ,Week5,Hollin Hills,Week1,256.0 Kings Ridge - 144.0 Hollin Hills
Kings Ridge ,Week5,Sully Station II,Week3,309.0 Sully Station II - 93.0 Kings Ridge
Kent Gardens,Week4,Langley,Week1,262.0 Langley - 140.0 Kent Gardens
Kent Gardens,Week5,Lakeview,Week2,344.0 Kent Gardens - 58.0 Lakeview
Kings Ridge ,Week4,Sully Station II,Week5,310.0 Sully Station II - 92.0 Kings Ridge
Kent Gardens,Week2,Langley,Week4,276.5 Langley - 125.5 Kent Gardens
Kings Ridge ,Week1,Hollin Meadows,Week1,286.0 Hollin Meadows - 116.0 Kings Ridge
Kings Ridge ,Week4,Hollin Hills,Week1,264.5 Kings Ridge - 137.5 Hollin Hills
Kent Gardens,Week3,Langley,Week5,240.0 Langley - 162.0 Kent Gardens
Kings Ridge ,Week4,Sully Station II,Week4,273.0 Sully Station II - 129.0 Kings Ridge
Kent Gardens,Week5,Lakeview,Week5,319.0 Kent Gardens - 74.0 Lakeview
Kings Ridge ,Week2,Sully Station II,Week4,298.0 Sully Station II - 104.0 Kings Ridge
Kings Ridge ,Week5,Sully Station II,Week1,278.0 Sully Station II - 124.0 Kings Ridge
Kings Ridge ,Week4,Sully Station II,Week2,310.0 Sully Station II - 92.0 Kings Ridge
Kings Ridge ,Week4,Hollin Hills,Week4,240.0 Kings Ridge - 161.0 Hollin Hills
Kings Ridge ,Week1,Hollin Hills,Week4,240.0 Kings Ridge - 161.0 Hollin Hills
Kings Ridge ,Week2,Hollin Hills,Week2,246.0 Kings Ridge - 150.0 Hollin Hills
Kent Gardens,Week4,Langley,Week2,259.0 Langley - 143.0 Kent Gardens
Kings Ridge ,Week3,Sully Station II,Week3,322.5 Sully Station II - 79.5 Kings Ridge
Kent Gardens,Week1,Langley,Week2,250.0 Langley - 152.0 Kent Gardens
Kent Gardens,Week3,Virginia Run,Week5,252.0 Virginia Run - 150.0 Kent Gardens
Kings Ridge ,Week2,Sully Station II,Week1,290.0 Sully Station II - 111.0 Kings Ridge
Kings Ridge ,Week4,Sully Station II,Week1,289.0 Sully Station II - 113.0 Kings Ridge
Kings Ridge ,Week3,Sully Station II,Week5,315.0 Sully Station II - 87.0 Kings Ridge
Kent Gardens,Week4,Lakeview,Week4,254.0 Kent Gardens - 148.0 Lakeview
Kent Gardens,Week4,Virginia Run,Week1,236.0 Virginia Run - 166.0 Kent Gardens
Kent Gardens,Week4,Virginia Run,Week5,245.0 Virginia Run - 157.0 Kent Gardens
Kent Gardens,Week4,Lakeview,Week2,295.0 Kent Gardens - 107.0 Lakeview
Kent Gardens,Week2,Virginia Run,Week1,258.0 Virginia Run - 144.0 Kent Gardens
Kent Gardens,Week3,Virginia Run,Week2,209.0 Virginia Run - 193.0 Kent Gardens
Kent Gardens,Week5,Virginia Run,Week5,208.0 Virginia Run - 194.0 Kent Gardens
Kent Gardens,Week1,Wakefield Chapel,Week2,274.0 Wakefield Chapel - 128.0 Kent Gardens
Kent Gardens,Week5,Virginia Run,Week3,223.0 Kent Gardens - 179.0 Virginia Run
Kings Ridge ,Week1,Hollin Hills,Week1,253.0 Kings Ridge - 148.0 Hollin Hills
Kent Gardens,Week4,Lakeview,Week1,301.0 Kent Gardens - 101.0 Lakeview
Kent Gardens,Week4,Virginia Run,Week3,209.0 Virginia Run - 193.0 Kent Gardens
Kings Ridge ,Week2,Hollin Hills,Week1,248.0 Kings Ridge - 151.0 Hollin Hills
Kings Ridge ,Week2,Hollin Hills,Week4,233.0 Kings Ridge - 162.0 Hollin Hills
Kent Gardens,Week1,Virginia Run,Week5,233.0 Virginia Run - 169.0 Kent Gardens
Kings Ridge ,Week3,Hollin Hills,Week3,245.0 Kings Ridge - 153.0 Hollin Hills
Kings Ridge ,Week2,Hollin Hills,Week5,231.0 Kings Ridge - 167.0 Hollin Hills
Kings Ridge ,Week5,Sully Station II,Week5,310.0 Sully Station II - 92.0 Kings Ridge
Kent Gardens,Week3,Virginia Run,Week4,233.0 Virginia Run - 169.0 Kent Gardens
Kent Gardens,Week1,Wakefield Chapel,Week3,298.0 Wakefield Chapel - 104.0 Kent Gardens
Kings Ridge ,Week3,Hollin Hills,Week1,261.5 Kings Ridge - 131.5 Hollin Hills
Kent Gardens,Week3,Laurel Hill,Week3,261.0 Kent Gardens - 141.0 Laurel Hill
Kent Gardens,Week1,Virginia Run,Week4,204.0 Virginia Run - 198.0 Kent Gardens
Kent Gardens,Week2,Laurel Hill,Week5,238.0 Kent Gardens - 164.0 Laurel Hill
Kent Gardens,Week1,Virginia Run,Week2,214.0 Kent Gardens - 188.0 Virginia Run
Kent Gardens,Week5,Virginia Run,Week1,217.0 Kent Gardens - 185.0 Virginia Run
Kings Ridge ,Week4,Hollin Hills,Week3,253.0 Kings Ridge - 149.0 Hollin Hills
Kings Ridge ,Week1,Truro,Week1,224.0 Truro - 178.0 Kings Ridge
Kent Gardens,Week5,Langley,Week4,222.0 Langley - 180.0 Kent Gardens
Kent Gardens,Week3,Langley,Week1,261.0 Langley - 141.0 Kent Gardens
Kent Gardens,Week4,Langley,Week4,260.0 Langley - 142.0 Kent Gardens
Kent Gardens,Week3,Laurel Hill,Week2,307.0 Kent Gardens - 93.0 Laurel Hill
Kings Ridge ,Week5,Highlands Swim,Week5,331.0 Highlands Swim - 71.0 Kings Ridge
Kings Ridge ,Week3,Sully Station II,Week4,285.0 Sully Station II - 117.0 Kings Ridge
Kings Ridge ,Week5,Sully Station II,Week2,293.0 Sully Station II - 109.0 Kings Ridge
Kings Ridge ,Week2,Hollin Hills,Week3,233.0 Kings Ridge - 168.0 Hollin Hills
Kings Ridge ,Week1,Hollin Hills,Week5,238.0 Kings Ridge - 163.0 Hollin Hills
Kings Ridge ,Week1,Truro,Week4,234.5 Truro - 167.5 Kings Ridge
Kings Ridge ,Week1,Truro,Week2,209.0 Truro - 192.0 Kings Ridge
Kent Gardens,Week2,Laurel Hill,Week4,285.0 Kent Gardens - 117.0 Laurel Hill
Kings Ridge ,Week1,Truro,Week5,220.0 Truro - 182.0 Kings Ridge
Kings Ridge ,Week1,Hollin Meadows,Week3,300.0 Hollin Meadows - 102.0 Kings Ridge
Kent Gardens,Week4,Virginia Run,Week2,209.0 Virginia Run - 193.0 Kent Gardens
Kings Ridge ,Week1,Truro,Week3,212.0 Truro - 190.0 Kings Ridge
Kent Gardens,Week5,Langley,Week5,221.0 Langley - 181.0 Kent Gardens
Kent Gardens,Week5,Wakefield Chapel,Week1,265.0 Wakefield Chapel - 137.0 Kent Gardens
Kings Ridge ,Week2,Truro,Week3,215.0 Truro - 187.0 Kings Ridge
Kent Gardens,Week4,Wakefield Chapel,Week1,294.5 Wakefield Chapel - 107.5 Kent Gardens
Kent Gardens,Week1,Laurel Hill,Week4,296.0 Kent Gardens - 106.0 Laurel Hill
Kent Gardens,Week5,Langley,Week3,219.0 Langley - 183.0 Kent Gardens
Kent Gardens,Week1,Wakefield Chapel,Week1,281.0 Wakefield Chapel - 121.0 Kent Gardens
Kings Ridge ,Week1,Hollin Meadows,Week5,301.0 Hollin Meadows - 101.0 Kings Ridge
Kings Ridge ,Week1,Hollin Meadows,Week4,289.0 Hollin Meadows - 113.0 Kings Ridge
Kings Ridge ,Week5,Hollin Hills,Week3,253.0 Kings Ridge - 148.0 Hollin Hills
Kent Gardens,Week2,Walden Glen,Week1,249.0 Kent Gardens - 149.0 Walden Glen
Kings Ridge ,Week1,Tuckahoe,Week3,369.0 Tuckahoe - 33.0 Kings Ridge
Kings Ridge ,Week5,Hollin Hills,Week5,241.0 Kings Ridge - 161.0 Hollin Hills
Kings Ridge ,Week5,Hollin Meadows,Week1,277.0 Hollin Meadows - 125.0 Kings Ridge
Kent Gardens,Week3,Laurel Hill,Week4,266.0 Kent Gardens - 136.0 Laurel Hill
Kings Ridge ,Week2,Truro,Week1,230.0 Truro - 172.0 Kings Ridge
Kent Gardens,Week2,Laurel Hill,Week2,304.0 Kent Gardens - 97.0 Laurel Hill
Kent Gardens,Week2,Wakefield Chapel,Week3,319.0 Wakefield Chapel - 83.0 Kent Gardens
Kent Gardens,Week1,Laurel Hill,Week1,288.0 Kent Gardens - 113.0 Laurel Hill
Kings Ridge ,Week1,Hollin Meadows,Week2,265.0 Hollin Meadows - 137.0 Kings Ridge
Kent Gardens,Week2,Laurel Hill,Week1,274.0 Kent Gardens - 127.0 Laurel Hill
Kings Ridge ,Week3,Truro,Week3,216.0 Truro - 185.0 Kings Ridge
Kent Gardens,Week2,Wakefield Chapel,Week5,324.0 Wakefield Chapel - 78.0 Kent Gardens
Kings Ridge ,Week2,Tuckahoe,Week3,367.0 Tuckahoe - 35.0 Kings Ridge
Kent Gardens,Week1,Walden Glen,Week2,228.0 Kent Gardens - 174.0 Walden Glen
Kent Gardens,Week3,Wakefield Chapel,Week4,299.0 Wakefield Chapel - 103.0 Kent Gardens
Kings Ridge ,Week5,Truro,Week4,214.0 Truro - 188.0 Kings Ridge
Kings Ridge ,Week2,Hollin Meadows,Week1,306.0 Hollin Meadows - 96.0 Kings Ridge
Kent Gardens,Week1,Laurel Hill,Week2,311.0 Kent Gardens - 90.0 Laurel Hill
Kings Ridge ,Week2,Hollin Meadows,Week2,275.0 Hollin Meadows - 127.0 Kings Ridge
Kent Gardens,Week2,Wakefield Chapel,Week1,313.0 Wakefield Chapel - 89.0 Kent Gardens
Kings Ridge ,Week5,Truro,Week2,216.0 Kings Ridge - 186.0 Truro
Kent Gardens,Week3,Langley,Week2,245.0 Langley - 157.0 Kent Gardens
Kings Ridge ,Week1,Tuckahoe,Week5,361.0 Tuckahoe - 41.0 Kings Ridge
Kent Gardens,Week4,Wakefield Chapel,Week4,293.0 Wakefield Chapel - 109.0 Kent Gardens
Kent Gardens,Week4,Laurel Hill,Week1,273.0 Kent Gardens - 129.0 Laurel Hill
Kent Gardens,Week5,Langley,Week1,232.0 Langley - 170.0 Kent Gardens
Kings Ridge ,Week4,Truro,Week4,219.0 Truro - 183.0 Kings Ridge
Kent Gardens,Week1,Laurel Hill,Week5,263.0 Kent Gardens - 139.0 Laurel Hill
Kings Ridge ,Week1,Tuckahoe,Week4,369.0 Tuckahoe - 33.0 Kings Ridge
Kings Ridge ,Week3,Truro,Week1,223.0 Truro - 179.0 Kings Ridge
Kings Ridge ,Week4,Hollin Meadows,Week2,257.0 Hollin Meadows - 145.0 Kings Ridge
Kings Ridge ,Week3,Hollin Meadows,Week1,298.0 Hollin Meadows - 100.0 Kings Ridge
Kings Ridge ,Week2,Holmes Run Acres,Week5,299.0 Holmes Run Acres - 103.0 Kings Ridge
Kings Ridge ,Week4,Hollin Meadows,Week4,268.0 Hollin Meadows - 134.0 Kings Ridge
Kent Gardens,Week1,Laurel Hill,Week3,287.0 Kent Gardens - 115.0 Laurel Hill
Kent Gardens,Week3,Wakefield Chapel,Week5,315.0 Wakefield Chapel - 87.0 Kent Gardens
Kings Ridge ,Week3,Truro,Week5,230.0 Truro - 172.0 Kings Ridge
Kings Ridge ,Week1,Holmes Run Acres,Week1,267.0 Holmes Run Acres - 135.0 Kings Ridge
Kings Ridge ,Week4,Truro,Week3,203.0 Kings Ridge - 199.0 Truro
Kent Gardens,Week4,Langley,Week3,270.0 Langley - 132.0 Kent Gardens
Kent Gardens,Week5,Langley,Week2,217.0 Langley - 185.0 Kent Gardens
Kings Ridge ,Week2,Holmes Run Acres,Week2,270.0 Holmes Run Acres - 132.0 Kings Ridge
Kent Gardens,Week5,Wakefield Chapel,Week2,259.0 Wakefield Chapel - 143.0 Kent Gardens
Kent Gardens,Week3,Wakefield Chapel,Week1,299.0 Wakefield Chapel - 103.0 Kent Gardens
Kent Gardens,Week3,Wakefield Chapel,Week2,297.0 Wakefield Chapel - 105.0 Kent Gardens
Kings Ridge ,Week3,Truro,Week2,213.0 Truro - 188.0 Kings Ridge
Kent Gardens,Week3,Langley,Week4,265.0 Langley - 137.0 Kent Gardens
Kent Gardens,Week3,Wakefield Chapel,Week3,309.0 Wakefield Chapel - 93.0 Kent Gardens
Kings Ridge ,Week1,Holmes Run Acres,Week4,277.0 Holmes Run Acres - 125.0 Kings Ridge
Kings Ridge ,Week4,Hollin Meadows,Week5,282.0 Hollin Meadows - 120.0 Kings Ridge
Kings Ridge ,Week4,Truro,Week1,211.0 Kings Ridge - 191.0 Truro
Kings Ridge ,Week5,Truro,Week3,216.0 Kings Ridge - 186.0 Truro
Kent Gardens,Week3,Langley,Week3,257.0 Langley - 145.0 Kent Gardens
Kent Gardens,Week4,Wakefield Chapel,Week3,294.0 Wakefield Chapel - 108.0 Kent Gardens
Kent Gardens,Week4,Wakefield Chapel,Week2,290.0 Wakefield Chapel - 112.0 Kent Gardens
Kent Gardens,Week4,Wakefield Chapel,Week5,315.0 Wakefield Chapel - 87.0 Kent Gardens
Kings Ridge ,Week3,Hollin Meadows,Week3,288.0 Hollin Meadows - 114.0 Kings Ridge
Kings Ridge ,Week4,Tuckahoe,Week2,352.0 Tuckahoe - 50.0 Kings Ridge
Kent Gardens,Week3,Laurel Hill,Week5,237.0 Kent Gardens - 165.0 Laurel Hill
Kings Ridge ,Week2,Tuckahoe,Week4,365.0 Tuckahoe - 37.0 Kings Ridge
Kings Ridge ,Week4,Truro,Week5,205.0 Truro - 197.0 Kings Ridge
Kent Gardens,Week2,Laurel Hill,Week3,258.0 Kent Gardens - 144.0 Laurel Hill
Kent Gardens,Week1,Walden Glen,Week1,256.0 Kent Gardens - 142.0 Walden Glen
Kent Gardens,Week5,Wakefield Chapel,Week5,269.0 Wakefield Chapel - 133.0 Kent Gardens
Kings Ridge ,Week2,Holmes Run Acres,Week4,286.0 Holmes Run Acres - 116.0 Kings Ridge
Kings Ridge ,Week1,Holmes Run Acres,Week5,310.0 Holmes Run Acres - 92.0 Kings Ridge
Kent Gardens,Week5,Wakefield Chapel,Week4,248.0 Wakefield Chapel - 154.0 Kent Gardens
Kent Gardens,Week4,Lee Graham,Week5,269.0 Lee Graham - 133.0 Kent Gardens
Kings Ridge ,Week1,Tuckahoe,Week1,357.0 Tuckahoe - 45.0 Kings Ridge
Kent Gardens,Week4,Langley,Week5,247.0 Langley - 155.0 Kent Gardens
Kings Ridge ,Week5,Hollin Meadows,Week3,284.0 Hollin Meadows - 118.0 Kings Ridge
Kings Ridge ,Week2,Tuckahoe,Week2,361.0 Tuckahoe - 41.0 Kings Ridge
Kent Gardens,Week1,Walden Glen,Week3,252.0 Kent Gardens - 150.0 Walden Glen
Kent Gardens,Week4,Laurel Hill,Week5,242.0 Kent Gardens - 160.0 Laurel Hill
Kent Gardens,Week3,Laurel Hill,Week1,264.0 Kent Gardens - 137.0 Laurel Hill
Kings Ridge ,Week2,Holmes Run Acres,Week3,303.0 Holmes Run Acres - 99.0 Kings Ridge
Kings Ridge ,Week5,Truro,Week5,208.0 Truro - 194.0 Kings Ridge
Kings Ridge ,Week4,Hollin Meadows,Week1,281.0 Hollin Meadows - 121.0 Kings Ridge
Kent Gardens,Week4,Laurel Hill,Week3,254.0 Kent Gardens - 148.0 Laurel Hill
Kings Ridge ,Week3,Truro,Week4,241.0 Truro - 160.0 Kings Ridge
Kings Ridge ,Week2,Holmes Run Acres,Week1,267.5 Holmes Run Acres - 134.5 Kings Ridge
Kent Gardens,Week5,Wakefield Chapel,Week3,268.0 Wakefield Chapel - 134.0 Kent Gardens
Kent Gardens,Week2,Wakefield Chapel,Week4,305.0 Wakefield Chapel - 97.0 Kent Gardens
Kings Ridge ,Week3,Hollin Meadows,Week2,276.0 Hollin Meadows - 126.0 Kings Ridge
Kent Gardens,Week2,Lee Graham,Week3,298.0 Lee Graham - 104.0 Kent Gardens
Kings Ridge ,Week5,Truro,Week1,210.0 Truro - 191.0 Kings Ridge
Kings Ridge ,Week3,Holmes Run Acres,Week1,265.0 Holmes Run Acres - 135.0 Kings Ridge
Kent Gardens,Week2,Wakefield Chapel,Week2,315.0 Wakefield Chapel - 87.0 Kent Gardens
Kings Ridge ,Week3,Tuckahoe,Week3,359.0 Tuckahoe - 43.0 Kings Ridge
Kent Gardens,Week1,Walden Glen,Week5,208.0 Kent Gardens - 194.0 Walden Glen
Kings Ridge ,Week2,Truro,Week5,224.0 Truro - 177.0 Kings Ridge
Kent Gardens,Week3,Lee Graham,Week2,301.0 Lee Graham - 101.0 Kent Gardens
Kings Ridge ,Week3,Tuckahoe,Week1,344.0 Tuckahoe - 58.0 Kings Ridge
Kings Ridge ,Week3,Hollin Meadows,Week5,295.0 Hollin Meadows - 107.0 Kings Ridge
Kent Gardens,Week2,Walden Glen,Week2,212.0 Kent Gardens - 190.0 Walden Glen
Kent Gardens,Week1,Walden Glen,Week4,229.0 Kent Gardens - 173.0 Walden Glen
Kent Gardens,Week2,Walden Glen,Week5,215.0 Walden Glen - 187.0 Kent Gardens
Kent Gardens,Week1,Lee Graham,Week1,272.0 Lee Graham - 130.0 Kent Gardens
Kings Ridge ,Week4,Truro,Week2,215.0 Kings Ridge - 185.0 Truro
Kings Ridge ,Week3,Holmes Run Acres,Week2,260.0 Holmes Run Acres - 141.0 Kings Ridge
Kent Gardens,Week3,Walden Glen,Week1,244.0 Kent Gardens - 154.0 Walden Glen
Kent Gardens,Week4,Laurel Hill,Week4,271.0 Kent Gardens - 131.0 Laurel Hill
Kings Ridge ,Week2,Tuckahoe,Week5,363.0 Tuckahoe - 39.0 Kings Ridge
Kings Ridge ,Week2,Hollin Meadows,Week5,311.0 Hollin Meadows - 91.0 Kings Ridge
Kings Ridge ,Week3,Tuckahoe,Week4,360.0 Tuckahoe - 41.0 Kings Ridge
Kings Ridge ,Week1,Tuckahoe,Week2,369.0 Tuckahoe - 33.0 Kings Ridge
Kent Gardens,Week2,Lee Graham,Week2,297.0 Lee Graham - 105.0 Kent Gardens
Kent Gardens,Week3,Lee Graham,Week1,294.0 Lee Graham - 108.0 Kent Gardens
Kent Gardens,Week3,Walden Glen,Week2,209.0 Kent Gardens - 193.0 Walden Glen
Kings Ridge ,Week2,Hollin Meadows,Week4,309.0 Hollin Meadows - 93.0 Kings Ridge
Kings Ridge ,Week3,Hollin Meadows,Week4,283.0 Hollin Meadows - 119.0 Kings Ridge
Kent Gardens,Week2,Walden Glen,Week3,228.0 Kent Gardens - 174.0 Walden Glen
Kent Gardens,Week5,Laurel Hill,Week2,327.0 Kent Gardens - 75.0 Laurel Hill
Kings Ridge ,Week4,Hollin Meadows,Week3,281.0 Hollin Meadows - 121.0 Kings Ridge
Kings Ridge ,Week2,Tuckahoe,Week1,357.0 Tuckahoe - 45.0 Kings Ridge
Kent Gardens,Week1,Lee Graham,Week5,272.0 Lee Graham - 130.0 Kent Gardens
Kent Gardens,Week5,Laurel Hill,Week4,312.0 Kent Gardens - 90.0 Laurel Hill
Kent Gardens,Week2,Walden Glen,Week4,207.0 Kent Gardens - 195.0 Walden Glen
Kings Ridge ,Week5,Hollin Meadows,Week2,261.0 Hollin Meadows - 141.0 Kings Ridge
Kings Ridge ,Week3,Holmes Run Acres,Week3,291.0 Holmes Run Acres - 110.0 Kings Ridge
Kent Gardens,Week1,Wakefield Chapel,Week5,301.0 Wakefield Chapel - 101.0 Kent Gardens
Kings Ridge ,Week2,Vienna Aquatic,Week2,338.0 Vienna Aquatic - 64.0 Kings Ridge
Kent Gardens,Week1,Lee Graham,Week3,266.0 Lee Graham - 136.0 Kent Gardens
Kent Gardens,Week4,Walden Glen,Week3,225.0 Kent Gardens - 177.0 Walden Glen
Kent Gardens,Week3,Walden Glen,Week3,215.0 Kent Gardens - 187.0 Walden Glen
Kings Ridge ,Week5,Hollin Meadows,Week5,283.0 Hollin Meadows - 119.0 Kings Ridge
Kent Gardens,Week2,Lee Graham,Week1,291.0 Lee Graham - 111.0 Kent Gardens
Kent Gardens,Week2,Lee Graham,Week5,293.0 Lee Graham - 109.0 Kent Gardens
Kent Gardens,Week3,Lee Graham,Week4,280.0 Lee Graham - 122.0 Kent Gardens
Kent Gardens,Week4,Waynewood,Week1,230.0 Waynewood - 172.0 Kent Gardens
Kings Ridge ,Week3,Holmes Run Acres,Week5,293.0 Holmes Run Acres - 109.0 Kings Ridge
Kings Ridge ,Week4,Vienna Aquatic,Week5,341.0 Vienna Aquatic - 61.0 Kings Ridge
Kings Ridge ,Week4,Vienna Aquatic,Week3,339.0 Vienna Aquatic - 63.0 Kings Ridge
Kings Ridge ,Week3,Tuckahoe,Week2,347.0 Tuckahoe - 55.0 Kings Ridge
Kings Ridge ,Week1,Hunt Valley,Week1,330.0 Hunt Valley - 72.0 Kings Ridge
Kings Ridge ,Week3,Tuckahoe,Week5,352.0 Tuckahoe - 50.0 Kings Ridge
Kings Ridge ,Week4,Tuckahoe,Week3,367.0 Tuckahoe - 35.0 Kings Ridge
Kent Gardens,Week3,Lee Graham,Week3,292.0 Lee Graham - 110.0 Kent Gardens
Kent Gardens,Week4,Walden Glen,Week1,251.0 Kent Gardens - 150.0 Walden Glen
Kent Gardens,Week1,Lee Graham,Week4,266.0 Lee Graham - 136.0 Kent Gardens
Kings Ridge ,Week5,Hollin Meadows,Week4,266.0 Hollin Meadows - 136.0 Kings Ridge
Kent Gardens,Week4,Walden Glen,Week4,214.0 Kent Gardens - 188.0 Walden Glen
Kings Ridge ,Week1,Holmes Run Acres,Week2,272.0 Holmes Run Acres - 130.0 Kings Ridge
Kings Ridge ,Week5,Holmes Run Acres,Week2,252.0 Holmes Run Acres - 150.0 Kings Ridge
Kent Gardens,Week1,Lee Graham,Week2,261.0 Lee Graham - 141.0 Kent Gardens
Kings Ridge ,Week4,Hunt Valley,Week3,325.0 Hunt Valley - 77.0 Kings Ridge
Kent Gardens,Week4,Lee Graham,Week1,283.0 Lee Graham - 119.0 Kent Gardens
Kent Gardens,Week1,Waynewood,Week1,214.0 Waynewood - 188.0 Kent Gardens
Kent Gardens,Week2,Waynewood,Week2,267.0 Waynewood - 135.0 Kent Gardens
Kings Ridge ,Week1,Holmes Run Acres,Week3,306.0 Holmes Run Acres - 96.0 Kings Ridge
Kings Ridge ,Week4,Tuckahoe,Week1,345.0 Tuckahoe - 57.0 Kings Ridge
Kings Ridge ,Week5,Holmes Run Acres,Week5,288.5 Holmes Run Acres - 113.5 Kings Ridge
Kent Gardens,Week3,Walden Glen,Week5,218.0 Walden Glen - 184.0 Kent Gardens
Kings Ridge ,Week5,Tuckahoe,Week2,355.0 Tuckahoe - 47.0 Kings Ridge
Kings Ridge ,Week5,Tuckahoe,Week4,352.0 Tuckahoe - 50.0 Kings Ridge
Kent Gardens,Week2,Lee Graham,Week4,283.0 Lee Graham - 119.0 Kent Gardens
Kent Gardens,Week4,Walden Glen,Week5,204.0 Walden Glen - 198.0 Kent Gardens
Kings Ridge ,Week1,Vienna Aquatic,Week1,349.0 Vienna Aquatic - 53.0 Kings Ridge
Kent Gardens,Week5,Laurel Hill,Week5,294.0 Kent Gardens - 108.0 Laurel Hill
Kings Ridge ,Week5,Hunt Valley,Week4,314.0 Hunt Valley - 88.0 Kings Ridge
Kent Gardens,Week4,Laurel Hill,Week2,310.5 Kent Gardens - 91.5 Laurel Hill
Kings Ridge ,Week2,Hunt Valley,Week4,332.0 Hunt Valley - 70.0 Kings Ridge
Kent Gardens,Week4,Lee Graham,Week3,287.0 Lee Graham - 115.0 Kent Gardens
Kent Gardens,Week1,Waynewood,Week4,261.0 Waynewood - 141.0 Kent Gardens
Kings Ridge ,Week2,Hunt Valley,Week2,329.0 Hunt Valley - 73.0 Kings Ridge
Kings Ridge ,Week5,Holmes Run Acres,Week4,254.0 Holmes Run Acres - 148.0 Kings Ridge
Kings Ridge ,Week2,Hunt Valley,Week3,343.0 Hunt Valley - 59.0 Kings Ridge
Kings Ridge ,Week5,Tuckahoe,Week5,352.0 Tuckahoe - 50.0 Kings Ridge
Kent Gardens,Week5,Walden Glen,Week3,269.0 Kent Gardens - 133.0 Walden Glen
Kings Ridge ,Week1,Vienna Aquatic,Week4,337.0 Vienna Aquatic - 65.0 Kings Ridge
Kent Gardens,Week5,Walden Glen,Week1,296.0 Kent Gardens - 105.0 Walden Glen
Kent Gardens,Week4,Lee Graham,Week2,283.0 Lee Graham - 119.0 Kent Gardens
Kings Ridge ,Week1,Vienna Aquatic,Week3,352.0 Vienna Aquatic - 50.0 Kings Ridge
Kent Gardens,Week5,Walden Glen,Week5,250.0 Kent Gardens - 152.0 Walden Glen
Kings Ridge ,Week3,Vienna Aquatic,Week1,342.0 Vienna Aquatic - 60.0 Kings Ridge
Kent Gardens,Week4,Lee Graham,Week4,268.0 Lee Graham - 134.0 Kent Gardens
Kings Ridge ,Week2,Vienna Aquatic,Week3,351.0 Vienna Aquatic - 51.0 Kings Ridge
Kings Ridge ,Week3,Holmes Run Acres,Week4,275.0 Holmes Run Acres - 126.0 Kings Ridge
Kent Gardens,Week3,Walden Glen,Week4,201.0 Kent Gardens - 201.0 Walden Glen
Kent Gardens,Week5,Walden Glen,Week4,259.0 Kent Gardens - 143.0 Walden Glen
Kings Ridge ,Week2,Vienna Aquatic,Week4,339.0 Vienna Aquatic - 63.0 Kings Ridge
Kent Gardens,Week5,Laurel Hill,Week1,306.0 Kent Gardens - 96.0 Laurel Hill
Kent Gardens,Week3,Lee Graham,Week5,286.0 Lee Graham - 116.0 Kent Gardens
Kings Ridge ,Week1,Hunt Valley,Week3,347.0 Hunt Valley - 55.0 Kings Ridge
Kings Ridge ,Week4,Vienna Aquatic,Week1,331.0 Vienna Aquatic - 71.0 Kings Ridge
Kings Ridge ,Week5,Holmes Run Acres,Week3,275.0 Holmes Run Acres - 127.0 Kings Ridge
Kings Ridge ,Week4,Holmes Run Acres,Week3,279.0 Holmes Run Acres - 123.0 Kings Ridge
Kent Gardens,Week5,Lincolnia Park,Week2,341.0 Kent Gardens - 52.0 Lincolnia Park
Kent Gardens,Week1,Lincolnia Park,Week4,323.5 Kent Gardens - 77.5 Lincolnia Park
Kent Gardens,Week2,Waynewood,Week4,258.0 Waynewood - 144.0 Kent Gardens
Kent Gardens,Week1,Waynewood,Week2,242.0 Waynewood - 160.0 Kent Gardens
Kent Gardens,Week2,Waynewood,Week1,224.0 Waynewood - 178.0 Kent Gardens
Kings Ridge ,Week1,Vienna Aquatic,Week2,345.0 Vienna Aquatic - 57.0 Kings Ridge
Kent Gardens,Week1,Hunter Mill,Week4,252.0 Hunter Mill - 150.0 Kent Gardens
Kent Gardens,Week4,Lincolnia Park,Week2,329.0 Kent Gardens - 64.0 Lincolnia Park
Kent Gardens,Week5,Walden Glen,Week2,270.0 Kent Gardens - 132.0 Walden Glen
Kings Ridge ,Week2,Hunt Valley,Week5,355.0 Hunt Valley - 47.0 Kings Ridge
Kings Ridge ,Week5,Tuckahoe,Week3,367.0 Tuckahoe - 35.0 Kings Ridge
Kings Ridge ,Week4,Holmes Run Acres,Week1,257.0 Holmes Run Acres - 145.0 Kings Ridge
Kent Gardens,Week4,Hunt Valley,Week4,279.0 Hunt Valley - 123.0 Kent Gardens
Kings Ridge ,Week5,Tuckahoe,Week1,344.0 Tuckahoe - 58.0 Kings Ridge
Kent Gardens,Week5,Laurel Hill,Week3,312.0 Kent Gardens - 90.0 Laurel Hill
Kent Gardens,Week3,Hunt Valley,Week3,307.0 Hunt Valley - 95.0 Kent Gardens
Kent Gardens,Week1,Waynewood,Week3,258.0 Waynewood - 144.0 Kent Gardens
Kings Ridge ,Week3,Hunt Valley,Week3,332.0 Hunt Valley - 69.0 Kings Ridge
Kent Gardens,Week4,Walden Glen,Week2,210.0 Kent Gardens - 192.0 Walden Glen
Kent Gardens,Week5,Hunt Valley,Week2,249.0 Hunt Valley - 153.0 Kent Gardens
Kings Ridge ,Week3,Vienna Aquatic,Week2,334.0 Vienna Aquatic - 68.0 Kings Ridge
Kent Gardens,Week2,Waynewood,Week5,283.0 Waynewood - 119.0 Kent Gardens
Kent Gardens,Week1,Waynewood,Week5,265.0 Waynewood - 137.0 Kent Gardens
Kent Gardens,Week5,Lee Graham,Week1,257.0 Lee Graham - 145.0 Kent Gardens
Kent Gardens,Week1,Little Hunting Park,Week1,279.0 Kent Gardens - 123.0 Little Hunting Park
Kent Gardens,Week2,Lincolnia Park,Week2,313.0 Kent Gardens - 79.0 Lincolnia Park
Kent Gardens,Week2,Hunt Valley,Week3,298.0 Hunt Valley - 104.0 Kent Gardens
Kent Gardens,Week3,Hunter Mill,Week1,255.0 Hunter Mill - 147.0 Kent Gardens
Kings Ridge ,Week3,Hunt Valley,Week1,322.0 Hunt Valley - 80.0 Kings Ridge
Kings Ridge ,Week3,Vienna Aquatic,Week3,340.0 Vienna Aquatic - 62.0 Kings Ridge
Kent Gardens,Week5,Lincolnia Park,Week3,315.0 Kent Gardens - 77.0 Lincolnia Park
Kings Ridge ,Week4,Tuckahoe,Week4,357.0 Tuckahoe - 45.0 Kings Ridge
Kent Gardens,Week3,Hunter Mill,Week3,261.0 Hunter Mill - 141.0 Kent Gardens
Kings Ridge ,Week5,Holmes Run Acres,Week1,251.5 Holmes Run Acres - 150.5 Kings Ridge
Kent Gardens,Week2,Waynewood,Week3,276.0 Waynewood - 126.0 Kent Gardens
Kent Gardens,Week3,Hunt Valley,Week4,292.0 Hunt Valley - 110.0 Kent Gardens
Kings Ridge ,Week4,Vienna Aquatic,Week4,326.0 Vienna Aquatic - 76.0 Kings Ridge
Kent Gardens,Week3,Waynewood,Week1,226.0 Waynewood - 176.0 Kent Gardens
Kent Gardens,Week2,Lincolnia Park,Week4,308.0 Kent Gardens - 93.0 Lincolnia Park
Kent Gardens,Week2,Hunt Valley,Week2,286.0 Hunt Valley - 116.0 Kent Gardens
Kings Ridge ,Week3,Vienna Aquatic,Week4,336.0 Vienna Aquatic - 66.0 Kings Ridge
Kings Ridge ,Week4,Holmes Run Acres,Week2,255.0 Holmes Run Acres - 147.0 Kings Ridge
Kent Gardens,Week2,Hunt Valley,Week4,300.0 Hunt Valley - 102.0 Kent Gardens
Kings Ridge ,Week4,Vienna Aquatic,Week2,325.0 Vienna Aquatic - 77.0 Kings Ridge
Kings Ridge ,Week3,Vienna Aquatic,Week5,347.0 Vienna Aquatic - 55.0 Kings Ridge
Kent Gardens,Week3,Hunt Valley,Week2,281.0 Hunt Valley - 121.0 Kent Gardens
Kent Gardens,Week2,Lincolnia Park,Week1,328.0 Kent Gardens - 70.0 Lincolnia Park
Kings Ridge ,Week4,Holmes Run Acres,Week4,254.0 Holmes Run Acres - 148.0 Kings Ridge
Kent Gardens,Week5,Hunt Valley,Week4,252.0 Hunt Valley - 150.0 Kent Gardens
Kings Ridge ,Week2,Hunt Valley,Week1,322.0 Hunt Valley - 80.0 Kings Ridge
Kings Ridge ,Week3,Hunt Valley,Week2,320.5 Hunt Valley - 80.5 Kings Ridge
Kent Gardens,Week5,Lee Graham,Week4,251.0 Lee Graham - 151.0 Kent Gardens
Kings Ridge ,Week4,Tuckahoe,Week5,354.0 Tuckahoe - 48.0 Kings Ridge
Kings Ridge ,Week1,Hunt Valley,Week5,360.0 Hunt Valley - 42.0 Kings Ridge
Kings Ridge ,Week3,Hunt Valley,Week5,344.0 Hunt Valley - 58.0 Kings Ridge
Kent Gardens,Week3,Waynewood,Week3,274.0 Waynewood - 128.0 Kent Gardens
Kings Ridge ,Week1,Vienna Aquatic,Week5,353.0 Vienna Aquatic - 49.0 Kings Ridge
Kent Gardens,Week2,Lincolnia Park,Week5,285.0 Kent Gardens - 104.0 Lincolnia Park
Kings Ridge ,Week4,Holmes Run Acres,Week5,293.0 Holmes Run Acres - 109.0 Kings Ridge
Kent Gardens,Week3,Waynewood,Week4,260.0 Waynewood - 142.0 Kent Gardens
Kent Gardens,Week3,Hunt Valley,Week1,279.0 Hunt Valley - 123.0 Kent Gardens
Kent Gardens,Week3,Lincolnia Park,Week1,326.0 Kent Gardens - 71.0 Lincolnia Park
Kent Gardens,Week3,Waynewood,Week2,265.0 Waynewood - 137.0 Kent Gardens
Kings Ridge ,Week3,Vienna Woods,Week2,353.0 Vienna Woods - 49.0 Kings Ridge
Kent Gardens,Week5,Hunt Valley,Week1,238.0 Hunt Valley - 164.0 Kent Gardens
Kent Gardens,Week4,Hunt Valley,Week2,280.0 Hunt Valley - 122.0 Kent Gardens
Kings Ridge ,Week2,Vienna Aquatic,Week1,348.0 Vienna Aquatic - 54.0 Kings Ridge
Kent Gardens,Week1,Lincolnia Park,Week5,303.0 Kent Gardens - 86.0 Lincolnia Park
Kent Gardens,Week1,Lincolnia Park,Week2,329.0 Kent Gardens - 63.0 Lincolnia Park
Kent Gardens,Week1,Woodley,Week5,272.0 Kent Gardens - 130.0 Woodley
Kent Gardens,Week3,Waynewood,Week5,275.0 Waynewood - 127.0 Kent Gardens
Kings Ridge ,Week4,Hunt Valley,Week1,311.0 Hunt Valley - 91.0 Kings Ridge
Kent Gardens,Week1,Lincolnia Park,Week3,296.0 Kent Gardens - 93.0 Lincolnia Park
Kings Ridge ,Week5,Vienna Aquatic,Week4,330.0 Vienna Aquatic - 72.0 Kings Ridge
Kent Gardens,Week4,Woodley,Week5,266.0 Kent Gardens - 136.0 Woodley
Kent Gardens,Week2,Hunt Valley,Week5,313.0 Hunt Valley - 89.0 Kent Gardens
Kent Gardens,Week4,Waynewood,Week2,264.0 Waynewood - 138.0 Kent Gardens
Kings Ridge ,Week1,Hunt Valley,Week4,341.0 Hunt Valley - 61.0 Kings Ridge
Kings Ridge ,Week3,Villa Aquatic,Week5,293.0 Villa Aquatic - 109.0 Kings Ridge
Kent Gardens,Week3,Hunt Valley,Week5,303.0 Hunt Valley - 99.0 Kent Gardens
Kent Gardens,Week3,Lincolnia Park,Week2,321.0 Kent Gardens - 71.0 Lincolnia Park
Kent Gardens,Week1,Lincolnia Park,Week1,339.0 Kent Gardens - 59.0 Lincolnia Park
Kent Gardens,Week2,Woodley,Week2,277.0 Kent Gardens - 125.0 Woodley
Kings Ridge ,Week4,Villa Aquatic,Week4,270.0 Villa Aquatic - 132.0 Kings Ridge
Kings Ridge ,Week2,Vienna Aquatic,Week5,350.0 Vienna Aquatic - 51.0 Kings Ridge
Kings Ridge ,Week3,Hunt Valley,Week4,321.0 Hunt Valley - 80.0 Kings Ridge
Kent Gardens,Week1,Hunter Mill,Week1,242.0 Hunter Mill - 160.0 Kent Gardens
Kent Gardens,Week5,Lee Graham,Week3,261.0 Lee Graham - 141.0 Kent Gardens
Kings Ridge ,Week1,Hunt Valley,Week2,338.0 Hunt Valley - 64.0 Kings Ridge
Kings Ridge ,Week3,Village West,Week1,201.0 Village West - 197.0 Kings Ridge
Kings Ridge ,Week5,Vienna Aquatic,Week2,319.0 Vienna Aquatic - 83.0 Kings Ridge
Kings Ridge ,Week1,Village West,Week5,218.0 Village West - 184.0 Kings Ridge
Kent Gardens,Week5,Waynewood,Week1,203.0 Waynewood - 199.0 Kent Gardens
Kent Gardens,Week4,Hunt Valley,Week5,293.0 Hunt Valley - 109.0 Kent Gardens
Kent Gardens,Week4,Waynewood,Week4,256.0 Waynewood - 146.0 Kent Gardens
Kings Ridge ,Week4,Hunt Valley,Week2,319.0 Hunt Valley - 83.0 Kings Ridge
Kings Ridge ,Week1,Vienna Woods,Week3,361.0 Vienna Woods - 41.0 Kings Ridge
Kent Gardens,Week1,Hunter Mill,Week2,225.0 Hunter Mill - 177.0 Kent Gardens
Kings Ridge ,Week5,Hunt Valley,Week2,313.0 Hunt Valley - 89.0 Kings Ridge
Kent Gardens,Week2,Lincolnia Park,Week3,285.0 Kent Gardens - 104.0 Lincolnia Park
Kings Ridge ,Week2,Villa Aquatic,Week4,302.0 Villa Aquatic - 100.0 Kings Ridge
Kent Gardens,Week5,Lee Graham,Week5,255.0 Lee Graham - 147.0 Kent Gardens
Kent Gardens,Week5,Hunt Valley,Week5,274.0 Hunt Valley - 128.0 Kent Gardens
Kings Ridge ,Week1,Village West,Week2,214.0 Village West - 188.0 Kings Ridge
Kent Gardens,Week3,Lincolnia Park,Week5,294.0 Kent Gardens - 95.0 Lincolnia Park
Kings Ridge ,Week2,Vienna Woods,Week1,347.0 Vienna Woods - 55.0 Kings Ridge
Kent Gardens,Week5,Waynewood,Week3,230.0 Waynewood - 172.0 Kent Gardens
Kings Ridge ,Week3,Vienna Woods,Week1,340.0 Vienna Woods - 61.0 Kings Ridge
Kings Ridge ,Week1,Hunter Mill,Week4,319.0 Hunter Mill - 83.0 Kings Ridge
Kent Gardens,Week4,Lincolnia Park,Week3,292.0 Kent Gardens - 100.0 Lincolnia Park
Kings Ridge ,Week5,Hunt Valley,Week1,303.0 Hunt Valley - 99.0 Kings Ridge
Kings Ridge ,Week5,Villa Aquatic,Week4,280.0 Villa Aquatic - 122.0 Kings Ridge
Kent Gardens,Week4,Lincolnia Park,Week1,331.5 Kent Gardens - 69.5 Lincolnia Park
Kings Ridge ,Week5,Hunt Valley,Week3,318.0 Hunt Valley - 84.0 Kings Ridge
Kent Gardens,Week1,Woodley,Week1,293.0 Kent Gardens - 109.0 Woodley
Kent Gardens,Week3,Lincolnia Park,Week4,323.0 Kent Gardens - 77.0 Lincolnia Park
Kent Gardens,Week1,Hunter Mill,Week5,257.0 Hunter Mill - 145.0 Kent Gardens
Kings Ridge ,Week5,Vienna Aquatic,Week3,328.0 Vienna Aquatic - 74.0 Kings Ridge
Kings Ridge ,Week2,Vienna Woods,Week2,352.0 Vienna Woods - 50.0 Kings Ridge
Kings Ridge ,Week4,Hunt Valley,Week5,352.0 Hunt Valley - 50.0 Kings Ridge
Kings Ridge ,Week4,Villa Aquatic,Week2,260.0 Villa Aquatic - 142.0 Kings Ridge
Kent Gardens,Week3,Woodley,Week1,284.0 Kent Gardens - 118.0 Woodley
Kings Ridge ,Week4,Villa Aquatic,Week3,294.0 Villa Aquatic - 108.0 Kings Ridge
Kent Gardens,Week4,Hunt Valley,Week3,296.0 Hunt Valley - 106.0 Kent Gardens
Kent Gardens,Week3,Woodley,Week2,276.0 Kent Gardens - 126.0 Woodley
Kent Gardens,Week1,Woodley,Week2,287.0 Kent Gardens - 115.0 Woodley
Kings Ridge ,Week3,Villa Aquatic,Week1,269.0 Villa Aquatic - 132.0 Kings Ridge
Kent Gardens,Week4,Waynewood,Week5,278.0 Waynewood - 124.0 Kent Gardens
Kent Gardens,Week1,Hunter Mill,Week3,253.0 Hunter Mill - 149.0 Kent Gardens
Kings Ridge ,Week4,Hunt Valley,Week4,323.0 Hunt Valley - 79.0 Kings Ridge
Kings Ridge ,Week2,Vienna Woods,Week3,359.0 Vienna Woods - 43.0 Kings Ridge
Kent Gardens,Week4,Hunt Valley,Week1,277.0 Hunt Valley - 125.0 Kent Gardens
Kings Ridge ,Week2,Vienna Woods,Week4,337.0 Vienna Woods - 65.0 Kings Ridge
Kent Gardens,Week3,Lincolnia Park,Week3,287.0 Kent Gardens - 102.0 Lincolnia Park
Kings Ridge ,Week5,Villa Aquatic,Week1,239.0 Villa Aquatic - 163.0 Kings Ridge
Kings Ridge ,Week4,Vienna Woods,Week4,332.0 Vienna Woods - 70.0 Kings Ridge
Kent Gardens,Week5,Waynewood,Week4,211.0 Waynewood - 191.0 Kent Gardens
Kings Ridge ,Week1,Village West,Week4,214.5 Village West - 182.5 Kings Ridge
Kent Gardens,Week5,Lee Graham,Week2,242.0 Lee Graham - 160.0 Kent Gardens
Kent Gardens,Week3,Woodley,Week3,282.0 Kent Gardens - 120.0 Woodley
Kent Gardens,Week5,Hunt Valley,Week3,274.0 Hunt Valley - 128.0 Kent Gardens
Kent Gardens,Week2,Hunter Mill,Week1,248.0 Hunter Mill - 154.0 Kent Gardens
Kings Ridge ,Week1,Hunter Mill,Week2,310.0 Hunter Mill - 92.0 Kings Ridge
Kent Gardens,Week2,Hunter Mill,Week5,278.5 Hunter Mill - 123.5 Kent Gardens
Kent Gardens,Week5,Lincolnia Park,Week4,349.0 Kent Gardens - 53.0 Lincolnia Park
Kent Gardens,Week2,Woodley,Week3,286.0 Kent Gardens - 116.0 Woodley
Kent Gardens,Week2,Hunter Mill,Week3,264.0 Hunter Mill - 138.0 Kent Gardens
Kings Ridge ,Week1,Vienna Woods,Week1,347.0 Vienna Woods - 50.0 Kings Ridge
Kings Ridge ,Week1,Vienna Woods,Week2,354.0 Vienna Woods - 48.0 Kings Ridge
Kings Ridge ,Week5,Hunter Mill,Week1,299.0 Hunter Mill - 103.0 Kings Ridge
Kings Ridge ,Week2,Villa Aquatic,Week5,303.0 Villa Aquatic - 99.0 Kings Ridge
Kent Gardens,Week2,Hunter Mill,Week2,244.0 Hunter Mill - 158.0 Kent Gardens
Kings Ridge ,Week4,Villa Aquatic,Week5,287.0 Villa Aquatic - 115.0 Kings Ridge
Kings Ridge ,Week3,Vienna Woods,Week5,356.5 Vienna Woods - 45.5 Kings Ridge
Kings Ridge ,Week2,Vienna Woods,Week5,365.0 Vienna Woods - 37.0 Kings Ridge
Kings Ridge ,Week2,Hunter Mill,Week2,306.0 Hunter Mill - 95.0 Kings Ridge
Kent Gardens,Week5,Lincolnia Park,Week1,353.0 Kent Gardens - 48.0 Lincolnia Park
Kent Gardens,Week2,Hunter Mill,Week4,260.0 Hunter Mill - 142.0 Kent Gardens
Kings Ridge ,Week3,Villa Aquatic,Week4,290.0 Villa Aquatic - 112.0 Kings Ridge
Kings Ridge ,Week5,Vienna Woods,Week1,333.0 Vienna Woods - 69.0 Kings Ridge
Kent Gardens,Week4,Lincolnia Park,Week4,326.0 Kent Gardens - 76.0 Lincolnia Park
Kent Gardens,Week5,Lincolnia Park,Week5,319.0 Kent Gardens - 73.0 Lincolnia Park
Kings Ridge ,Week5,Hunter Mill,Week5,318.0 Hunter Mill - 84.0 Kings Ridge
Kings Ridge ,Week4,Vienna Woods,Week1,338.0 Vienna Woods - 64.0 Kings Ridge
Kings Ridge ,Week2,Village West,Week1,216.0 Village West - 186.0 Kings Ridge
Kent Gardens,Week1,Woodley,Week3,300.0 Kent Gardens - 102.0 Woodley
Kings Ridge ,Week2,Hunter Mill,Week1,335.0 Hunter Mill - 67.0 Kings Ridge
Kings Ridge ,Week1,Hunter Mill,Week3,323.0 Hunter Mill - 79.0 Kings Ridge
Kent Gardens,Week3,Woodley,Week5,259.0 Kent Gardens - 143.0 Woodley
Kent Gardens,Week4,Lincolnia Park,Week5,291.0 Kent Gardens - 101.0 Lincolnia Park
Kent Gardens,Week2,Woodley,Week1,278.0 Kent Gardens - 124.0 Woodley
Kings Ridge ,Week1,Village West,Week3,230.0 Village West - 172.0 Kings Ridge
Kent Gardens,Week1,Little Hunting Park,Week3,276.0 Kent Gardens - 126.0 Little Hunting Park
Kent Gardens,Week4,Hunter Mill,Week2,244.0 Hunter Mill - 158.0 Kent Gardens
Kings Ridge ,Week5,Vienna Aquatic,Week5,341.0 Vienna Aquatic - 61.0 Kings Ridge
Kent Gardens,Week4,Waynewood,Week3,271.0 Waynewood - 131.0 Kent Gardens
Kent Gardens,Week2,Ilda Community,Week2,269.0 Kent Gardens - 133.0 Ilda Community
Kings Ridge ,Week2,Village West,Week5,219.0 Village West - 183.0 Kings Ridge
Kings Ridge ,Week3,Villa Aquatic,Week2,261.0 Villa Aquatic - 140.0 Kings Ridge
Kent Gardens,Week5,Waynewood,Week2,212.0 Waynewood - 190.0 Kent Gardens
Kings Ridge ,Week1,Ilda Community,Week1,231.0 Kings Ridge - 170.0 Ilda Community
Kent Gardens,Week1,Little Hunting Park,Week5,247.0 Kent Gardens - 155.0 Little Hunting Park
Kings Ridge ,Week2,Village West,Week4,228.0 Village West - 169.0 Kings Ridge
Kings Ridge ,Week4,Hunter Mill,Week1,310.0 Hunter Mill - 92.0 Kings Ridge
Kent Gardens,Week4,Woodley,Week2,287.0 Kent Gardens - 115.0 Woodley
Kings Ridge ,Week5,Vienna Aquatic,Week1,317.0 Vienna Aquatic - 85.0 Kings Ridge
Kent Gardens,Week3,Hunter Mill,Week2,248.0 Hunter Mill - 154.0 Kent Gardens
Kent Gardens,Week5,Hunter Mill,Week3,222.0 Hunter Mill - 180.0 Kent Gardens
Kings Ridge ,Week2,Village West,Week2,218.0 Village West - 184.0 Kings Ridge
Kings Ridge ,Week1,Vienna Woods,Week5,363.0 Vienna Woods - 39.0 Kings Ridge
Kent Gardens,Week1,Little Hunting Park,Week2,270.0 Kent Gardens - 132.0 Little Hunting Park
Kings Ridge ,Week1,Vienna Woods,Week4,345.0 Vienna Woods - 57.0 Kings Ridge
Kent Gardens,Week1,Little Hunting Park,Week4,274.0 Kent Gardens - 128.0 Little Hunting Park
Kent Gardens,Week4,Ilda Community,Week2,272.0 Kent Gardens - 130.0 Ilda Community
Kent Gardens,Week2,Woodley,Week4,278.0 Kent Gardens - 124.0 Woodley
Kings Ridge ,Week2,Hunter Mill,Week5,332.0 Hunter Mill - 70.0 Kings Ridge
Kings Ridge ,Week3,Hunter Mill,Week4,319.0 Hunter Mill - 79.0 Kings Ridge
Kent Gardens,Week2,Little Hunting Park,Week2,252.0 Kent Gardens - 150.0 Little Hunting Park
Kings Ridge ,Week3,Vienna Woods,Week3,346.5 Vienna Woods - 55.5 Kings Ridge
Kings Ridge ,Week5,Hunt Valley,Week5,338.0 Hunt Valley - 64.0 Kings Ridge
Kings Ridge ,Week4,Hunter Mill,Week2,299.0 Hunter Mill - 103.0 Kings Ridge
Kings Ridge ,Week5,Villa Aquatic,Week3,291.0 Villa Aquatic - 111.0 Kings Ridge
Kent Gardens,Week3,Hunter Mill,Week4,266.0 Hunter Mill - 136.0 Kent Gardens
Kings Ridge ,Week1,Ilda Community,Week2,215.0 Kings Ridge - 187.0 Ilda Community
Kent Gardens,Week3,Ilda Community,Week2,267.0 Kent Gardens - 135.0 Ilda Community
Kent Gardens,Week4,Little Hunting Park,Week1,245.0 Kent Gardens - 157.0 Little Hunting Park
Kent Gardens,Week5,Waynewood,Week5,248.0 Waynewood - 154.0 Kent Gardens
Kings Ridge ,Week5,Vienna Woods,Week2,339.0 Vienna Woods - 63.0 Kings Ridge
Kings Ridge ,Week2,Hunter Mill,Week3,321.0 Hunter Mill - 81.0 Kings Ridge
Kent Gardens,Week4,Woodley,Week4,280.0 Kent Gardens - 122.0 Woodley
Kings Ridge ,Week4,Vienna Woods,Week5,361.0 Vienna Woods - 41.0 Kings Ridge
Kings Ridge ,Week5,Vienna Woods,Week4,327.0 Vienna Woods - 75.0 Kings Ridge
Kent Gardens,Week4,Little Hunting Park,Week5,223.0 Kent Gardens - 178.0 Little Hunting Park
Kent Gardens,Week3,Hunter Mill,Week5,265.0 Hunter Mill - 137.0 Kent Gardens
Kent Gardens,Week1,Woodley,Week4,297.0 Kent Gardens - 105.0 Woodley
Kent Gardens,Week4,Woodley,Week3,285.0 Kent Gardens - 117.0 Woodley
Kent Gardens,Week3,Little Hunting Park,Week2,253.5 Kent Gardens - 148.5 Little Hunting Park
Kent Gardens,Week1,Ilda Community,Week1,289.0 Kent Gardens - 113.0 Ilda Community
Kent Gardens,Week2,Little Hunting Park,Week5,228.0 Kent Gardens - 173.0 Little Hunting Park
Kings Ridge ,Week5,Vienna Woods,Week3,348.0 Vienna Woods - 54.0 Kings Ridge
Kings Ridge ,Week1,Village West,Week1,213.0 Village West - 189.0 Kings Ridge
Kent Gardens,Week2,Woodley,Week5,259.0 Kent Gardens - 143.0 Woodley
Kent Gardens,Week3,Woodley,Week4,277.0 Kent Gardens - 125.0 Woodley
Kings Ridge ,Week5,Hunter Mill,Week2,287.0 Hunter Mill - 115.0 Kings Ridge
Kings Ridge ,Week5,Villa Aquatic,Week5,281.0 Villa Aquatic - 121.0 Kings Ridge
Kent Gardens,Week4,Hunter Mill,Week5,259.0 Hunter Mill - 143.0 Kent Gardens
Kings Ridge ,Week3,Villa Aquatic,Week3,292.0 Villa Aquatic - 110.0 Kings Ridge
Kent Gardens,Week4,Ilda Community,Week4,245.0 Kent Gardens - 157.0 Ilda Community
Kent Gardens,Week5,Little Hunting Park,Week1,286.0 Kent Gardens - 116.0 Little Hunting Park
Kings Ridge ,Week4,Villa Aquatic,Week1,250.0 Villa Aquatic - 152.0 Kings Ridge
Kings Ridge ,Week4,Hunter Mill,Week5,312.0 Hunter Mill - 90.0 Kings Ridge
Kings Ridge ,Week4,Vienna Woods,Week2,343.0 Vienna Woods - 59.0 Kings Ridge
Kings Ridge ,Week3,Hunter Mill,Week2,300.0 Hunter Mill - 98.0 Kings Ridge
Kings Ridge ,Week2,Villa Aquatic,Week3,312.0 Villa Aquatic - 90.0 Kings Ridge
Kings Ridge ,Week1,Villa Aquatic,Week4,289.0 Villa Aquatic - 113.0 Kings Ridge
Kent Gardens,Week4,Hunter Mill,Week1,233.0 Hunter Mill - 169.0 Kent Gardens
Kings Ridge ,Week4,Hunter Mill,Week4,316.0 Hunter Mill - 86.0 Kings Ridge
Kings Ridge ,Week1,Villa Aquatic,Week3,313.5 Villa Aquatic - 88.5 Kings Ridge
Kent Gardens,Week5,Woodley,Week5,303.0 Kent Gardens - 99.0 Woodley
Kent Gardens,Week5,Woodley,Week1,315.0 Kent Gardens - 87.0 Woodley
Kings Ridge ,Week3,Vienna Woods,Week4,335.0 Vienna Woods - 67.0 Kings Ridge
Kent Gardens,Week5,Woodley,Week2,306.0 Kent Gardens - 96.0 Woodley
Kent Gardens,Week5,Hunter Mill,Week2,202.0 Hunter Mill - 200.0 Kent Gardens
Kings Ridge ,Week2,Hunter Mill,Week4,337.0 Hunter Mill - 65.0 Kings Ridge
Kent Gardens,Week4,Hunter Mill,Week3,249.0 Hunter Mill - 153.0 Kent Gardens
Kent Gardens,Week2,Little Hunting Park,Week3,252.0 Kent Gardens - 150.0 Little Hunting Park
Kings Ridge ,Week2,Village West,Week3,232.0 Village West - 170.0 Kings Ridge
Kent Gardens,Week4,Little Hunting Park,Week3,253.0 Kent Gardens - 149.0 Little Hunting Park
Kent Gardens,Week3,Little Hunting Park,Week4,258.0 Kent Gardens - 144.0 Little Hunting Park
Kings Ridge ,Week1,Villa Aquatic,Week2,273.0 Villa Aquatic - 129.0 Kings Ridge
Kent Gardens,Week4,Woodley,Week1,277.0 Kent Gardens - 125.0 Woodley
Kings Ridge ,Week4,Vienna Woods,Week3,348.0 Vienna Woods - 54.0 Kings Ridge
Kings Ridge ,Week3,Village West,Week3,217.5 Village West - 183.5 Kings Ridge
Kent Gardens,Week1,Ilda Community,Week4,265.0 Kent Gardens - 137.0 Ilda Community
Kings Ridge ,Week3,Hunter Mill,Week5,315.0 Hunter Mill - 87.0 Kings Ridge
Kings Ridge ,Week5,Villa Aquatic,Week2,238.0 Villa Aquatic - 164.0 Kings Ridge
Kings Ridge ,Week4,Hunter Mill,Week3,308.0 Hunter Mill - 94.0 Kings Ridge
Kings Ridge ,Week3,Hunter Mill,Week1,310.0 Hunter Mill - 91.0 Kings Ridge
Kings Ridge ,Week1,Annandale,Week1,206.0 Kings Ridge - 196.0 Annandale
Kent Gardens,Week4,Little Hunting Park,Week2,244.0 Kent Gardens - 158.0 Little Hunting Park
Kent Gardens,Week5,Woodley,Week3,320.0 Kent Gardens - 82.0 Woodley
Kent Gardens,Week5,Woodley,Week4,306.0 Kent Gardens - 96.0 Woodley
Kings Ridge ,Week5,Village West,Week3,209.0 Village West - 193.0 Kings Ridge
Kings Ridge ,Week5,Village West,Week4,213.5 Kings Ridge - 183.5 Village West
Kent Gardens,Week2,Ilda Community,Week3,258.0 Kent Gardens - 144.0 Ilda Community
Kent Gardens,Week3,Little Hunting Park,Week1,257.0 Kent Gardens - 145.0 Little Hunting Park
Kent Gardens,Week3,Little Hunting Park,Week5,219.0 Kent Gardens - 182.0 Little Hunting Park
Kings Ridge ,Week4,Village West,Week5,209.0 Kings Ridge - 193.0 Village West
Kings Ridge ,Week5,Vienna Woods,Week5,356.0 Vienna Woods - 46.0 Kings Ridge
Kent Gardens,Week5,Hunter Mill,Week5,245.0 Hunter Mill - 157.0 Kent Gardens
Kent Gardens,Week5,Little Hunting Park,Week4,297.0 Kent Gardens - 105.0 Little Hunting Park
Kings Ridge ,Week3,Hunter Mill,Week3,310.0 Hunter Mill - 92.0 Kings Ridge
Kings Ridge ,Week1,Virginia Hills,Week1,292.0 Kings Ridge - 110.0 Virginia Hills
Kings Ridge ,Week2,Villa Aquatic,Week1,279.0 Villa Aquatic - 123.0 Kings Ridge
Kings Ridge ,Week1,Villa Aquatic,Week1,276.0 Villa Aquatic - 126.0 Kings Ridge
Kings Ridge ,Week3,Village West,Week2,204.0 Village West - 198.0 Kings Ridge
Kent Gardens,Week3,Ilda Community,Week4,241.0 Kent Gardens - 161.0 Ilda Community
Kings Ridge ,Week4,Virginia Hills,Week1,313.0 Kings Ridge - 89.0 Virginia Hills
Kent Gardens,Week1,Little Rocky Run,Week2,254.0 Little Rocky Run - 148.0 Kent Gardens
Kings Ridge ,Week1,Annandale,Week5,213.0 Annandale - 189.0 Kings Ridge
Kent Gardens,Week4,Hunter Mill,Week4,256.0 Hunter Mill - 146.0 Kent Gardens
Kent Gardens,Week5,Little Hunting Park,Week3,298.0 Kent Gardens - 104.0 Little Hunting Park
Kings Ridge ,Week1,Hunter Mill,Week1,316.0 Hunter Mill - 86.0 Kings Ridge
Kings Ridge ,Week1,Arlington Forest,Week3,266.0 Arlington Forest - 136.0 Kings Ridge
Kent Gardens,Week2,Ilda Community,Week5,262.0 Kent Gardens - 140.0 Ilda Community
Kings Ridge ,Week1,Arlington Forest,Week1,308.0 Arlington Forest - 94.0 Kings Ridge
Kings Ridge ,Week5,Hunter Mill,Week3,299.0 Hunter Mill - 103.0 Kings Ridge
Kings Ridge ,Week5,Village West,Week2,209.0 Kings Ridge - 193.0 Village West
Kings Ridge ,Week3,Annandale,Week5,230.0 Annandale - 171.0 Kings Ridge
Kent Gardens,Week3,Ilda Community,Week1,263.0 Kent Gardens - 139.0 Ilda Community
Kings Ridge ,Week2,Virginia Hills,Week1,278.0 Kings Ridge - 123.0 Virginia Hills
Kings Ridge ,Week1,Villa Aquatic,Week5,297.0 Villa Aquatic - 105.0 Kings Ridge
Kent Gardens,Week5,Little Hunting Park,Week2,297.0 Kent Gardens - 105.0 Little Hunting Park
Kings Ridge ,Week1,Hunter Mill,Week5,320.0 Hunter Mill - 82.0 Kings Ridge
Kent Gardens,Week5,Little Hunting Park,Week5,272.0 Kent Gardens - 130.0 Little Hunting Park
Kings Ridge ,Week5,Hunter Mill,Week4,312.0 Hunter Mill - 90.0 Kings Ridge
Kings Ridge ,Week2,Villa Aquatic,Week2,277.0 Villa Aquatic - 125.0 Kings Ridge
Kings Ridge ,Week3,Annandale,Week2,223.0 Annandale - 179.0 Kings Ridge
Kings Ridge ,Week1,Rolling Valley,Week2,211.0 Kings Ridge - 191.0 Rolling Valley
Kings Ridge ,Week3,Village West,Week4,203.0 Kings Ridge - 193.0 Village West
Kent Gardens,Week5,Hunter Mill,Week4,228.0 Hunter Mill - 174.0 Kent Gardens
Kings Ridge ,Week1,Rolling Valley,Week5,205.0 Kings Ridge - 197.0 Rolling Valley
Kings Ridge ,Week2,Virginia Hills,Week2,279.0 Kings Ridge - 121.0 Virginia Hills
Kings Ridge ,Week4,Fox Hunt,Week4,264.0 Fox Hunt - 138.0 Kings Ridge
Kent Gardens,Week1,Little Rocky Run,Week3,270.0 Little Rocky Run - 132.0 Kent Gardens
Kings Ridge ,Week2,Rolling Valley,Week1,235.0 Kings Ridge - 167.0 Rolling Valley
Kings Ridge ,Week1,Virginia Hills,Week5,268.0 Kings Ridge - 129.0 Virginia Hills
Kent Gardens,Week4,Little Hunting Park,Week4,260.0 Kent Gardens - 142.0 Little Hunting Park
Kent Gardens,Week3,Little Hunting Park,Week3,255.5 Kent Gardens - 146.5 Little Hunting Park
Kings Ridge ,Week5,Forest Hollow,Week5,299.0 Forest Hollow - 103.0 Kings Ridge
Kings Ridge ,Week5,Rolling Hills,Week2,232.0 Rolling Hills - 170.0 Kings Ridge
Kings Ridge ,Week5,Virginia Hills,Week1,311.0 Kings Ridge - 91.0 Virginia Hills
Kent Gardens,Week5,Hunter Mill,Week1,210.0 Kent Gardens - 192.0 Hunter Mill
Kings Ridge ,Week2,Virginia Hills,Week3,273.0 Kings Ridge - 129.0 Virginia Hills
Kent Gardens,Week4,Crosspointe,Week5,285.0 Crosspointe - 117.0 Kent Gardens
Kings Ridge ,Week3,Annandale,Week1,202.0 Kings Ridge - 200.0 Annandale
Kings Ridge ,Week2,Fox Hunt,Week5,298.0 Fox Hunt - 103.0 Kings Ridge
Kings Ridge ,Week4,Annandale,Week2,205.0 Kings Ridge - 197.0 Annandale
Kent Gardens,Week3,Ilda Community,Week3,259.0 Kent Gardens - 143.0 Ilda Community
Kings Ridge ,Week4,Fox Hunt,Week1,249.0 Fox Hunt - 153.0 Kings Ridge
Kings Ridge ,Week2,Annandale,Week4,216.0 Kings Ridge - 186.0 Annandale
Kings Ridge ,Week2,Annandale,Week2,216.0 Annandale - 186.0 Kings Ridge
Kings Ridge ,Week4,Rolling Valley,Week4,230.0 Kings Ridge - 172.0 Rolling Valley
Kent Gardens,Week1,Little Rocky Run,Week1,257.0 Little Rocky Run - 145.0 Kent Gardens
Kent Gardens,Week1,Ilda Community,Week3,284.0 Kent Gardens - 118.0 Ilda Community
Kings Ridge ,Week4,Forest Hollow,Week2,278.5 Forest Hollow - 123.5 Kings Ridge
Kent Gardens,Week2,Ilda Community,Week4,244.0 Kent Gardens - 158.0 Ilda Community
Kent Gardens,Week1,Ilda Community,Week5,288.0 Kent Gardens - 114.0 Ilda Community
Kent Gardens,Week2,Little Hunting Park,Week1,244.0 Kent Gardens - 158.0 Little Hunting Park
Kings Ridge ,Week5,Rolling Hills,Week1,232.0 Rolling Hills - 170.0 Kings Ridge
Kent Gardens,Week2,Little Hunting Park,Week4,252.0 Kent Gardens - 150.0 Little Hunting Park
Kings Ridge ,Week4,Annandale,Week1,216.0 Kings Ridge - 186.0 Annandale
Kings Ridge ,Week4,Forest Hollow,Week1,275.0 Forest Hollow - 127.0 Kings Ridge
Kings Ridge ,Week4,Village West,Week1,217.0 Kings Ridge - 185.0 Village West
Kings Ridge ,Week4,Annandale,Week5,208.0 Annandale - 194.0 Kings Ridge
Kings Ridge ,Week2,Canterbury Woods,Week3,243.0 Canterbury Woods - 159.0 Kings Ridge
Kings Ridge ,Week2,Annandale,Week3,222.0 Annandale - 180.0 Kings Ridge
Kings Ridge ,Week3,Rolling Valley,Week5,215.0 Kings Ridge - 187.0 Rolling Valley
Kent Gardens,Week4,Ilda Community,Week5,269.0 Kent Gardens - 133.0 Ilda Community
Kent Gardens,Week2,Ilda Community,Week1,277.0 Kent Gardens - 125.0 Ilda Community
Kings Ridge ,Week2,Annandale,Week5,214.0 Annandale - 188.0 Kings Ridge
Kings Ridge ,Week4,Rolling Valley,Week1,256.0 Kings Ridge - 146.0 Rolling Valley
Kings Ridge ,Week1,Fox Hunt,Week2,293.0 Fox Hunt - 109.0 Kings Ridge
Kings Ridge ,Week5,Rolling Hills,Week4,228.0 Rolling Hills - 174.0 Kings Ridge
Kings Ridge ,Week4,Annandale,Week4,227.0 Kings Ridge - 175.0 Annandale
Kent Gardens,Week3,Kent Gardens,Week5,285.0 Kent Gardens (KG2) - 117.0 Kent Gardens (KG1)
Kings Ridge ,Week1,Annandale,Week4,208.0 Kings Ridge - 194.0 Annandale
Kings Ridge ,Week4,Village West,Week4,210.0 Kings Ridge - 187.0 Village West
Kings Ridge ,Week3,Camelot,Week1,227.0 Camelot - 175.0 Kings Ridge
Kings Ridge ,Week2,Virginia Hills,Week5,258.0 Kings Ridge - 143.0 Virginia Hills
Kent Gardens,Week3,Ilda Community,Week5,258.0 Kent Gardens - 144.0 Ilda Community
Kings Ridge ,Week4,Village West,Week3,210.0 Village West - 192.0 Kings Ridge
Kent Gardens,Week4,Ilda Community,Week3,265.0 Kent Gardens - 137.0 Ilda Community
Kent Gardens,Week4,Crosspointe,Week4,262.0 Crosspointe - 140.0 Kent Gardens
Kings Ridge ,Week3,Canterbury Woods,Week3,237.0 Canterbury Woods - 165.0 Kings Ridge
Kings Ridge ,Week3,Camelot,Week5,246.0 Camelot - 156.0 Kings Ridge
Kings Ridge ,Week2,Virginia Hills,Week4,271.0 Kings Ridge - 130.0 Virginia Hills
Kings Ridge ,Week5,Village West,Week1,226.0 Kings Ridge - 176.0 Village West
Kings Ridge ,Week1,Rolling Valley,Week3,203.0 Kings Ridge - 194.0 Rolling Valley
Kings Ridge ,Week1,Rolling Valley,Week1,246.0 Kings Ridge - 156.0 Rolling Valley
Kings Ridge ,Week5,Forest Hollow,Week4,286.0 Forest Hollow - 116.0 Kings Ridge
Kings Ridge ,Week5,Rolling Hills,Week3,227.0 Rolling Hills - 175.0 Kings Ridge
Kings Ridge ,Week5,Forest Hollow,Week1,270.0 Forest Hollow - 132.0 Kings Ridge
Kings Ridge ,Week5,Forest Hollow,Week3,288.0 Forest Hollow - 114.0 Kings Ridge
Kings Ridge ,Week5,Annandale,Week4,237.0 Kings Ridge - 165.0 Annandale
Kent Gardens,Week1,Ilda Community,Week2,293.0 Kent Gardens - 109.0 Ilda Community
Kings Ridge ,Week4,Forest Hollow,Week5,305.0 Forest Hollow - 97.0 Kings Ridge
Kings Ridge ,Week5,Forest Hollow,Week2,272.0 Forest Hollow - 130.0 Kings Ridge
Kings Ridge ,Week3,Virginia Hills,Week1,296.0 Kings Ridge - 103.0 Virginia Hills
Kings Ridge ,Week2,Rolling Valley,Week5,208.0 Rolling Valley - 194.0 Kings Ridge
Kent Gardens,Week4,Ilda Community,Week1,273.0 Kent Gardens - 129.0 Ilda Community
Kings Ridge ,Week3,Camelot,Week4,244.0 Camelot - 158.0 Kings Ridge
Kings Ridge ,Week4,Camelot,Week2,224.0 Camelot - 178.0 Kings Ridge
Kings Ridge ,Week1,Fox Hunt,Week5,301.0 Fox Hunt - 101.0 Kings Ridge
Kings Ridge ,Week3,Canterbury Woods,Week1,222.0 Canterbury Woods - 180.0 Kings Ridge
Kings Ridge ,Week2,Rutherford,Week5,239.0 Rutherford - 163.0 Kings Ridge
Kings Ridge ,Week3,Camelot,Week3,242.0 Camelot - 160.0 Kings Ridge
Kings Ridge ,Week1,Rutherford,Week2,219.0 Rutherford - 183.0 Kings Ridge
Kings Ridge ,Week4,Village West,Week2,218.0 Kings Ridge - 184.0 Village West
Kings Ridge ,Week1,Annandale,Week2,206.0 Annandale - 196.0 Kings Ridge
Kings Ridge ,Week2,Fox Hunt,Week2,286.0 Fox Hunt - 115.0 Kings Ridge
Kings Ridge ,Week3,Virginia Hills,Week3,296.0 Kings Ridge - 105.0 Virginia Hills
Kings Ridge ,Week5,Annandale,Week2,208.0 Annandale - 194.0 Kings Ridge
Kings Ridge ,Week5,Rolling Valley,Week5,229.5 Kings Ridge - 172.5 Rolling Valley
Kings Ridge ,Week5,Annandale,Week1,234.0 Kings Ridge - 168.0 Annandale
Kent Gardens,Week1,Kent Gardens,Week4,236.0 Kent Gardens (KG1) - 166.0 Kent Gardens (KG2)
Kent Gardens,Week5,Ilda Community,Week3,306.0 Kent Gardens - 96.0 Ilda Community
Kings Ridge ,Week1,Fox Hunt,Week3,297.0 Fox Hunt - 105.0 Kings Ridge
Kings Ridge ,Week4,Forest Hollow,Week3,296.0 Forest Hollow - 106.0 Kings Ridge
Kings Ridge ,Week2,Annandale,Week1,204.0 Kings Ridge - 197.0 Annandale
Kings Ridge ,Week3,Village West,Week5,205.0 Kings Ridge - 197.0 Village West
Kings Ridge ,Week1,Fox Hunt,Week4,285.0 Fox Hunt - 117.0 Kings Ridge
Kent Gardens,Week1,Kent Gardens,Week2,240.0 Kent Gardens (KG1) - 161.0 Kent Gardens (KG2)
Kings Ridge ,Week1,Virginia Hills,Week4,286.0 Kings Ridge - 116.0 Virginia Hills
Kings Ridge ,Week5,Camelot,Week2,219.0 Camelot - 183.0 Kings Ridge
Kent Gardens,Week1,Kent Gardens,Week5,259.0 Kent Gardens (KG2) - 143.0 Kent Gardens (KG1)
Kings Ridge ,Week2,Rolling Valley,Week2,206.5 Kings Ridge - 195.5 Rolling Valley
Kings Ridge ,Week1,Rolling Valley,Week4,207.0 Kings Ridge - 195.0 Rolling Valley
Kings Ridge ,Week1,Fox Hunt,Week1,275.0 Fox Hunt - 127.0 Kings Ridge
Kings Ridge ,Week1,Virginia Hills,Week2,307.0 Kings Ridge - 95.0 Virginia Hills
Kings Ridge ,Week1,Canterbury Woods,Week4,250.5 Canterbury Woods - 151.5 Kings Ridge
Kent Gardens,Week2,Kent Gardens,Week4,220.0 Kent Gardens (KG2) - 182.0 Kent Gardens (KG1)
Kings Ridge ,Week2,Fox Hunt,Week3,282.0 Fox Hunt - 120.0 Kings Ridge
Kings Ridge ,Week3,Rolling Valley,Week2,226.0 Kings Ridge - 175.0 Rolling Valley
Kings Ridge ,Week5,Annandale,Week3,202.5 Kings Ridge - 199.5 Annandale
Kent Gardens,Week5,Kent Gardens,Week1,259.0 Kent Gardens (KG1) - 143.0 Kent Gardens (KG2)
Kings Ridge ,Week3,Annandale,Week3,220.0 Annandale - 182.0 Kings Ridge
Kings Ridge ,Week1,Virginia Hills,Week3,295.0 Kings Ridge - 107.0 Virginia Hills
Kings Ridge ,Week5,Camelot,Week3,227.0 Camelot - 175.0 Kings Ridge
Kings Ridge ,Week5,Camelot,Week1,215.0 Camelot - 187.0 Kings Ridge
Kings Ridge ,Week3,Virginia Hills,Week5,266.0 Kings Ridge - 130.0 Virginia Hills
Kent Gardens,Week5,Kent Gardens,Week3,285.0 Kent Gardens (KG1) - 117.0 Kent Gardens (KG2)
Kings Ridge ,Week5,Village West,Week5,208.0 Kings Ridge - 194.0 Village West
Kings Ridge ,Week1,Canterbury Woods,Week2,220.0 Canterbury Woods - 182.0 Kings Ridge
Kings Ridge ,Week4,Forest Hollow,Week4,285.0 Forest Hollow - 117.0 Kings Ridge
Kings Ridge ,Week2,Rolling Valley,Week3,202.0 Rolling Valley - 200.0 Kings Ridge
Kent Gardens,Week1,Kings Ridge ,Week1,308.0 Kent Gardens - 94.0 Kings Ridge
Kings Ridge ,Week5,Rolling Hills,Week5,239.0 Rolling Hills - 163.0 Kings Ridge
Kings Ridge ,Week5,Annandale,Week5,209.0 Kings Ridge - 193.0 Annandale
Kings Ridge ,Week4,Rolling Valley,Week2,239.0 Kings Ridge - 163.0 Rolling Valley
Kings Ridge ,Week2,Fox Hunt,Week1,274.0 Fox Hunt - 128.0 Kings Ridge
Kings Ridge ,Week2,Canterbury Woods,Week2,223.5 Canterbury Woods - 178.5 Kings Ridge
Kings Ridge ,Week1,Annandale,Week3,211.0 Annandale - 191.0 Kings Ridge
Kings Ridge ,Week2,Fox Hunt,Week4,291.0 Fox Hunt - 110.0 Kings Ridge
Kings Ridge ,Week5,Camelot,Week4,231.0 Camelot - 171.0 Kings Ridge
Kings Ridge ,Week3,Virginia Hills,Week4,301.0 Kings Ridge - 99.0 Virginia Hills
Kings Ridge ,Week5,Camelot,Week5,231.0 Camelot - 171.0 Kings Ridge
Kent Gardens,Week1,Kings Ridge ,Week3,285.0 Kent Gardens - 117.0 Kings Ridge
Kent Gardens,Week4,Kent Gardens,Week4,201.0 Kent Gardens (KG1) - 201.0 Kent Gardens (KG2)
Kings Ridge ,Week3,Rolling Valley,Week4,209.0 Kings Ridge - 192.0 Rolling Valley
Kings Ridge ,Week3,Fox Hunt,Week1,261.0 Fox Hunt - 140.0 Kings Ridge
Kings Ridge ,Week4,Arlington Forest,Week5,285.0 Arlington Forest - 117.0 Kings Ridge
Kent Gardens,Week3,Kent Gardens,Week4,208.0 Kent Gardens (KG2) - 194.0 Kent Gardens (KG1)
Kings Ridge ,Week3,Fox Hunt,Week2,267.0 Fox Hunt - 135.0 Kings Ridge
Kings Ridge ,Week1,Mansion House,Week1,296.0 Mansion House - 106.0 Kings Ridge
Kings Ridge ,Week4,Virginia Hills,Week3,307.0 Kings Ridge - 95.0 Virginia Hills
Kings Ridge ,Week3,Fox Hunt,Week3,279.0 Fox Hunt - 122.0 Kings Ridge
Kings Ridge ,Week3,Fox Hunt,Week5,295.0 Fox Hunt - 107.0 Kings Ridge
Kings Ridge ,Week4,Rolling Valley,Week3,220.0 Kings Ridge - 182.0 Rolling Valley
Kent Gardens,Week1,Kent Gardens,Week3,232.0 Kent Gardens (KG1) - 169.0 Kent Gardens (KG2)
Kings Ridge ,Week4,Fox Hunt,Week2,269.0 Fox Hunt - 133.0 Kings Ridge
Kent Gardens,Week5,Ilda Community,Week4,288.0 Kent Gardens - 114.0 Ilda Community
Kings Ridge ,Week4,Annandale,Week3,217.0 Kings Ridge - 185.0 Annandale
Kings Ridge ,Week2,Arlington Forest,Week5,295.0 Arlington Forest - 107.0 Kings Ridge
Kings Ridge ,Week1,Canterbury Woods,Week1,224.0 Canterbury Woods - 178.0 Kings Ridge
Kings Ridge ,Week3,Rolling Valley,Week3,220.0 Kings Ridge - 181.0 Rolling Valley
Kings Ridge ,Week2,Mansion House,Week2,292.0 Mansion House - 110.0 Kings Ridge
Kings Ridge ,Week2,Long Branch,Week2,250.0 Long Branch - 152.0 Kings Ridge
Kings Ridge ,Week2,Camelot,Week5,248.0 Camelot - 153.0 Kings Ridge
Kings Ridge ,Week1,Virginia Run,Week2,293.0 Virginia Run - 109.0 Kings Ridge
Kings Ridge ,Week4,Virginia Hills,Week2,306.0 Kings Ridge - 96.0 Virginia Hills
Kings Ridge ,Week4,Virginia Hills,Week4,298.0 Kings Ridge - 104.0 Virginia Hills
Kings Ridge ,Week3,Camelot,Week2,234.0 Camelot - 168.0 Kings Ridge
Kent Gardens,Week3,Kent Gardens,Week3,200.5 Kent Gardens (KG1) - 200.5 Kent Gardens (KG2)
Kings Ridge ,Week4,Virginia Hills,Week5,273.0 Kings Ridge - 129.0 Virginia Hills
Kings Ridge ,Week2,Long Branch,Week3,230.0 Long Branch - 172.0 Kings Ridge
Kings Ridge ,Week3,Annandale,Week4,218.0 Kings Ridge - 182.0 Annandale
Kings Ridge ,Week1,Canterbury Woods,Week5,229.0 Canterbury Woods - 172.0 Kings Ridge
Kings Ridge ,Week3,Fox Hunt,Week4,274.0 Fox Hunt - 127.0 Kings Ridge
Kings Ridge ,Week1,Arlington Forest,Week5,297.0 Arlington Forest - 105.0 Kings Ridge
Kings Ridge ,Week5,Rolling Valley,Week1,268.0 Kings Ridge - 134.0 Rolling Valley
Kent Gardens,Week5,Ilda Community,Week2,312.0 Kent Gardens - 90.0 Ilda Community
Kings Ridge ,Week2,Camelot,Week4,249.0 Camelot - 153.0 Kings Ridge
Kings Ridge ,Week5,Rolling Valley,Week3,230.0 Kings Ridge - 172.0 Rolling Valley
Kings Ridge ,Week5,Rolling Valley,Week2,241.0 Kings Ridge - 161.0 Rolling Valley
Kings Ridge ,Week3,Rolling Valley,Week1,255.0 Kings Ridge - 146.0 Rolling Valley
Kings Ridge ,Week5,Virginia Hills,Week5,278.0 Kings Ridge - 124.0 Virginia Hills
Kings Ridge ,Week2,Arlington Forest,Week2,284.0 Arlington Forest - 118.0 Kings Ridge
Kings Ridge ,Week4,Arlington Forest,Week1,268.0 Arlington Forest - 134.0 Kings Ridge
Kings Ridge ,Week2,Long Branch,Week1,250.0 Long Branch - 152.0 Kings Ridge
Kings Ridge ,Week1,Arlington Forest,Week2,274.0 Arlington Forest - 128.0 Kings Ridge
Kings Ridge ,Week3,Virginia Hills,Week2,303.0 Kings Ridge - 93.0 Virginia Hills
Kings Ridge ,Week4,Fox Hunt,Week3,282.5 Fox Hunt - 119.5 Kings Ridge
Kings Ridge ,Week2,Arlington Forest,Week1,303.0 Arlington Forest - 99.0 Kings Ridge
Kings Ridge ,Week4,Camelot,Week4,238.0 Camelot - 164.0 Kings Ridge
Kings Ridge ,Week1,Virginia Run,Week1,313.0 Virginia Run - 89.0 Kings Ridge
Kings Ridge ,Week3,Fox Mill Estates,Week3,240.0 Fox Mill Estates - 162.0 Kings Ridge
Kings Ridge ,Week5,Fox Mill Estates,Week3,234.0 Fox Mill Estates - 168.0 Kings Ridge
Kings Ridge ,Week2,Canterbury Woods,Week4,248.0 Canterbury Woods - 154.0 Kings Ridge
Kings Ridge ,Week3,Long Branch,Week2,234.0 Long Branch - 167.0 Kings Ridge
Kings Ridge ,Week3,Long Branch,Week1,227.0 Long Branch - 171.0 Kings Ridge
Kings Ridge ,Week5,Rolling Valley,Week4,228.0 Kings Ridge - 174.0 Rolling Valley
Kings Ridge ,Week5,Arlington Forest,Week3,252.0 Arlington Forest - 150.0 Kings Ridge
Kent Gardens,Week5,Ilda Community,Week5,309.0 Kent Gardens - 93.0 Ilda Community
Kings Ridge ,Week1,Rutherford,Week3,216.0 Rutherford - 181.0 Kings Ridge
Kent Gardens,Week2,Kent Gardens,Week5,271.0 Kent Gardens (KG2) - 131.0 Kent Gardens (KG1)
Kings Ridge ,Week4,Camelot,Week5,242.0 Camelot - 160.0 Kings Ridge
Kings Ridge ,Week2,Rolling Valley,Week4,216.5 Rolling Valley - 185.5 Kings Ridge
Kings Ridge ,Week4,Long Branch,Week1,221.0 Long Branch - 181.0 Kings Ridge
Kings Ridge ,Week5,Virginia Run,Week5,304.0 Virginia Run - 98.0 Kings Ridge
Kings Ridge ,Week5,Fox Hunt,Week5,279.0 Fox Hunt - 123.0 Kings Ridge
Kings Ridge ,Week5,Virginia Hills,Week2,309.0 Kings Ridge - 93.0 Virginia Hills
Kings Ridge ,Week2,Camelot,Week3,262.0 Camelot - 140.0 Kings Ridge
Kent Gardens,Week3,Kent Gardens,Week2,209.0 Kent Gardens (KG1) - 192.0 Kent Gardens (KG2)
Kings Ridge ,Week4,Arlington Forest,Week4,280.0 Arlington Forest - 122.0 Kings Ridge
Kings Ridge ,Week3,Long Branch,Week3,205.0 Long Branch - 197.0 Kings Ridge
Kent Gardens,Week2,Kent Gardens,Week1,240.0 Kent Gardens (KG2) - 161.0 Kent Gardens (KG1)
Kings Ridge ,Week1,Fox Mill Estates,Week1,224.0 Fox Mill Estates - 178.0 Kings Ridge
Kings Ridge ,Week1,Rutherford,Week5,224.0 Rutherford - 178.0 Kings Ridge
Kings Ridge ,Week4,Long Branch,Week4,232.5 Long Branch - 169.5 Kings Ridge
Kings Ridge ,Week2,Rutherford,Week1,218.0 Rutherford - 184.0 Kings Ridge
Kings Ridge ,Week3,Long Branch,Week4,231.0 Long Branch - 170.0 Kings Ridge
Kings Ridge ,Week5,Arlington Forest,Week4,288.0 Arlington Forest - 114.0 Kings Ridge
Kings Ridge ,Week2,Virginia Run,Week1,311.0 Virginia Run - 91.0 Kings Ridge
Kent Gardens,Week4,Kent Gardens,Week3,208.0 Kent Gardens (KG1) - 194.0 Kent Gardens (KG2)
Kings Ridge ,Week1,Rutherford,Week4,243.0 Rutherford - 154.0 Kings Ridge
Kings Ridge ,Week2,Rutherford,Week2,217.0 Rutherford - 184.0 Kings Ridge
Kings Ridge ,Week5,Fox Hunt,Week2,245.0 Fox Hunt - 157.0 Kings Ridge
Kings Ridge ,Week4,Long Branch,Week3,204.0 Kings Ridge - 198.0 Long Branch
Kent Gardens,Week1,Kent Gardens,Week1,200.5 Kent Gardens (KG1) - 200.5 Kent Gardens (KG2)
Kings Ridge ,Week1,Brandywine,Week2,246.0 Brandywine - 156.0 Kings Ridge
Kent Gardens,Week3,Kent Gardens,Week1,232.0 Kent Gardens (KG2) - 169.0 Kent Gardens (KG1)
Kings Ridge ,Week2,Long Branch,Week4,253.0 Long Branch - 149.0 Kings Ridge
Kings Ridge ,Week2,Virginia Run,Week3,315.0 Virginia Run - 87.0 Kings Ridge
Kings Ridge ,Week1,Brandywine,Week1,255.0 Brandywine - 147.0 Kings Ridge
Kings Ridge ,Week3,Virginia Run,Week2,283.0 Virginia Run - 119.0 Kings Ridge
Kings Ridge ,Week3,Virginia Run,Week4,303.0 Virginia Run - 99.0 Kings Ridge
Kent Gardens,Week2,Kent Gardens,Week2,200.5 Kent Gardens (KG1) - 200.5 Kent Gardens (KG2)
Kings Ridge ,Week1,Canterbury Woods,Week3,241.0 Canterbury Woods - 156.0 Kings Ridge
Kings Ridge ,Week4,Camelot,Week3,241.0 Camelot - 161.0 Kings Ridge
Kings Ridge ,Week3,Long Branch,Week5,236.0 Long Branch - 166.0 Kings Ridge
Kings Ridge ,Week2,Canterbury Woods,Week1,224.0 Canterbury Woods - 178.0 Kings Ridge
Kings Ridge ,Week5,Arlington Forest,Week5,281.0 Arlington Forest - 121.0 Kings Ridge
Kings Ridge ,Week2,Rutherford,Week3,238.0 Rutherford - 164.0 Kings Ridge
Kings Ridge ,Week1,Fox Mill Estates,Week5,247.0 Fox Mill Estates - 155.0 Kings Ridge
Kings Ridge ,Week1,Fox Mill Estates,Week3,244.0 Fox Mill Estates - 158.0 Kings Ridge
Kings Ridge ,Week1,Brandywine,Week3,261.0 Brandywine - 141.0 Kings Ridge
Kings Ridge ,Week4,Fox Mill Estates,Week1,204.0 Kings Ridge - 198.0 Fox Mill Estates
Kings Ridge ,Week2,Canterbury Woods,Week5,251.0 Canterbury Woods - 151.0 Kings Ridge
Kings Ridge ,Week1,Virginia Run,Week4,322.0 Virginia Run - 80.0 Kings Ridge
Kent Gardens,Week4,Kent Gardens,Week1,236.0 Kent Gardens (KG2) - 166.0 Kent Gardens (KG1)
Kings Ridge ,Week4,Camelot,Week1,214.0 Camelot - 188.0 Kings Ridge
Kings Ridge ,Week2,Fox Mill Estates,Week5,254.0 Fox Mill Estates - 148.0 Kings Ridge
Kent Gardens,Week2,Kent Gardens,Week3,209.0 Kent Gardens (KG2) - 192.0 Kent Gardens (KG1)
Kings Ridge ,Week4,Long Branch,Week5,241.0 Long Branch - 161.0 Kings Ridge
Kings Ridge ,Week2,Rutherford,Week4,250.0 Rutherford - 152.0 Kings Ridge
Kings Ridge ,Week2,Fox Mill Estates,Week2,252.0 Fox Mill Estates - 149.0 Kings Ridge
Kings Ridge ,Week1,Fox Mill Estates,Week4,258.0 Fox Mill Estates - 144.0 Kings Ridge
Kings Ridge ,Week5,Long Branch,Week4,222.0 Long Branch - 180.0 Kings Ridge
Kings Ridge ,Week4,Canterbury Woods,Week3,240.0 Canterbury Woods - 162.0 Kings Ridge
Kings Ridge ,Week1,Rutherford,Week1,202.0 Kings Ridge - 200.0 Rutherford
Kings Ridge ,Week4,Canterbury Woods,Week1,220.0 Canterbury Woods - 182.0 Kings Ridge
Kings Ridge ,Week5,Long Branch,Week3,202.0 Long Branch - 200.0 Kings Ridge
Kings Ridge ,Week3,Arlington Forest,Week1,289.0 Arlington Forest - 113.0 Kings Ridge
Kent Gardens,Week5,Kent Gardens,Week2,271.0 Kent Gardens (KG1) - 131.0 Kent Gardens (KG2)
Kings Ridge ,Week3,Fox Mill Estates,Week1,215.0 Fox Mill Estates - 187.0 Kings Ridge
Kings Ridge ,Week4,Canterbury Woods,Week2,217.0 Canterbury Woods - 185.0 Kings Ridge
Kings Ridge ,Week4,Virginia Run,Week4,293.0 Virginia Run - 109.0 Kings Ridge
Kings Ridge ,Week3,Arlington Forest,Week2,274.0 Arlington Forest - 128.0 Kings Ridge
Kings Ridge ,Week3,Virginia Run,Week3,293.0 Virginia Run - 108.0 Kings Ridge
Kings Ridge ,Week4,Virginia Run,Week3,289.0 Virginia Run - 113.0 Kings Ridge
Kings Ridge ,Week4,Rolling Valley,Week5,211.0 Kings Ridge - 191.0 Rolling Valley
Kings Ridge ,Week4,Fox Mill Estates,Week5,241.0 Fox Mill Estates - 161.0 Kings Ridge
Kings Ridge ,Week4,Cardinal Hill,Week2,310.0 Cardinal Hill - 92.0 Kings Ridge
Kings Ridge ,Week2,Arlington Forest,Week4,309.5 Arlington Forest - 92.5 Kings Ridge
Kings Ridge ,Week2,Arlington Forest,Week3,286.0 Arlington Forest - 116.0 Kings Ridge
Kings Ridge ,Week3,Rutherford,Week2,204.0 Kings Ridge - 197.0 Rutherford
Kent Gardens,Week4,Kent Gardens,Week5,267.0 Kent Gardens (KG2) - 135.0 Kent Gardens (KG1)
Kings Ridge ,Week3,Rutherford,Week3,229.0 Rutherford - 172.0 Kings Ridge
Kings Ridge ,Week4,Arlington Forest,Week3,250.0 Arlington Forest - 152.0 Kings Ridge
Kent Gardens,Week4,Kent Gardens,Week2,220.0 Kent Gardens (KG1) - 182.0 Kent Gardens (KG2)
Kings Ridge ,Week5,Long Branch,Week1,211.0 Long Branch - 191.0 Kings Ridge
Kings Ridge ,Week3,Fox Mill Estates,Week5,251.0 Fox Mill Estates - 151.0 Kings Ridge
Kings Ridge ,Week1,Brandywine,Week4,285.0 Brandywine - 117.0 Kings Ridge
Kent Gardens,Week5,Ilda Community,Week1,290.0 Kent Gardens - 112.0 Ilda Community
Kings Ridge ,Week2,Virginia Run,Week5,320.0 Virginia Run - 82.0 Kings Ridge
Kings Ridge ,Week3,Virginia Run,Week1,305.0 Virginia Run - 97.0 Kings Ridge
Kings Ridge ,Week3,Virginia Run,Week5,317.0 Virginia Run - 85.0 Kings Ridge
Kings Ridge ,Week3,Canterbury Woods,Week2,220.0 Canterbury Woods - 182.0 Kings Ridge
Kings Ridge ,Week3,Rutherford,Week5,233.0 Rutherford - 169.0 Kings Ridge
Kings Ridge ,Week2,Long Branch,Week5,260.0 Long Branch - 142.0 Kings Ridge
Kent Gardens,Week5,Kent Gardens,Week4,267.0 Kent Gardens (KG1) - 135.0 Kent Gardens (KG2)
Kings Ridge ,Week3,Arlington Forest,Week4,297.0 Arlington Forest - 105.0 Kings Ridge
Kings Ridge ,Week4,Canterbury Woods,Week5,228.0 Canterbury Woods - 174.0 Kings Ridge
Kent Gardens,Week1,Kings Ridge ,Week2,313.0 Kent Gardens - 89.0 Kings Ridge
Kings Ridge ,Week5,Fox Mill Estates,Week1,207.0 Kings Ridge - 195.0 Fox Mill Estates
Kings Ridge ,Week5,Rutherford,Week2,216.5 Kings Ridge - 185.5 Rutherford
Kings Ridge ,Week4,Virginia Run,Week2,278.0 Virginia Run - 124.0 Kings Ridge
Kings Ridge ,Week1,Cardinal Hill,Week3,336.0 Cardinal Hill - 66.0 Kings Ridge
Kent Gardens,Week5,Kent Gardens,Week5,201.0 Kent Gardens (KG1) - 201.0 Kent Gardens (KG2)
Kings Ridge ,Week1,Mansion House,Week2,281.0 Mansion House - 121.0 Kings Ridge
Kings Ridge ,Week5,Long Branch,Week5,234.0 Long Branch - 168.0 Kings Ridge
Kings Ridge ,Week3,Rutherford,Week4,221.0 Rutherford - 180.0 Kings Ridge
Kings Ridge ,Week4,Long Branch,Week2,232.0 Long Branch - 170.0 Kings Ridge
Kings Ridge ,Week1,Arlington Forest,Week4,308.0 Arlington Forest - 94.0 Kings Ridge
Kings Ridge ,Week5,Canterbury Woods,Week4,231.0 Canterbury Woods - 171.0 Kings Ridge
Kings Ridge ,Week4,Virginia Run,Week1,292.0 Virginia Run - 110.0 Kings Ridge
Kings Ridge ,Week1,Cardinal Hill,Week5,324.0 Cardinal Hill - 78.0 Kings Ridge
Kings Ridge ,Week2,Fox Mill Estates,Week3,251.0 Fox Mill Estates - 151.0 Kings Ridge
Kings Ridge ,Week5,Virginia Hills,Week3,306.0 Kings Ridge - 96.0 Virginia Hills
Kings Ridge ,Week4,Rutherford,Week2,211.0 Kings Ridge - 191.0 Rutherford
Kings Ridge ,Week2,Virginia Run,Week4,314.0 Virginia Run - 88.0 Kings Ridge
Kings Ridge ,Week5,Long Branch,Week2,229.0 Long Branch - 173.0 Kings Ridge
Kings Ridge ,Week3,Arlington Forest,Week3,265.0 Arlington Forest - 137.0 Kings Ridge
Kings Ridge ,Week3,Arlington Forest,Week5,294.0 Arlington Forest - 108.0 Kings Ridge
Kings Ridge ,Week5,Fox Mill Estates,Week2,214.0 Fox Mill Estates - 188.0 Kings Ridge
Kent Gardens,Week1,Kings Ridge ,Week4,286.0 Kent Gardens - 116.0 Kings Ridge
Kent Gardens,Week2,Kings Ridge ,Week3,266.0 Kent Gardens - 136.0 Kings Ridge
Kings Ridge ,Week5,Rutherford,Week3,220.0 Rutherford - 182.0 Kings Ridge
Kings Ridge ,Week1,Shouse Village,Week3,291.0 Shouse Village - 111.0 Kings Ridge
Kings Ridge ,Week3,Fox Mill Estates,Week2,240.0 Fox Mill Estates - 162.0 Kings Ridge
Kings Ridge ,Week2,Cardinal Hill,Week5,325.0 Cardinal Hill - 77.0 Kings Ridge
Kings Ridge ,Week4,Arlington Forest,Week2,264.0 Arlington Forest - 138.0 Kings Ridge
Kings Ridge ,Week5,Canterbury Woods,Week2,203.0 Kings Ridge - 199.0 Canterbury Woods
Kent Gardens,Week1,Kings Ridge ,Week5,278.0 Kent Gardens - 124.0 Kings Ridge
Kings Ridge ,Week1,Mansion House,Week3,308.0 Mansion House - 94.0 Kings Ridge
Kings Ridge ,Week2,Mansion House,Week1,302.0 Mansion House - 100.0 Kings Ridge
Kent Gardens,Week2,Kings Ridge ,Week4,257.0 Kent Gardens - 145.0 Kings Ridge
Kings Ridge ,Week5,Rutherford,Week4,211.0 Rutherford - 191.0 Kings Ridge
Kings Ridge ,Week5,Rutherford,Week1,226.0 Kings Ridge - 176.0 Rutherford
Kings Ridge ,Week2,Fox Mill Estates,Week1,240.0 Fox Mill Estates - 162.0 Kings Ridge
Kings Ridge ,Week4,Virginia Run,Week5,307.0 Virginia Run - 95.0 Kings Ridge
Kings Ridge ,Week5,Arlington Forest,Week1,274.0 Arlington Forest - 128.0 Kings Ridge
Kings Ridge ,Week4,Rutherford,Week1,225.0 Kings Ridge - 177.0 Rutherford
Kings Ridge ,Week3,Cardinal Hill,Week1,336.0 Cardinal Hill - 65.0 Kings Ridge
Kings Ridge ,Week5,Virginia Hills,Week4,303.0 Kings Ridge - 99.0 Virginia Hills
Kings Ridge ,Week1,Mansion House,Week5,301.0 Mansion House - 101.0 Kings Ridge
Kent Gardens,Week2,Kings Ridge ,Week2,290.0 Kent Gardens - 112.0 Kings Ridge
Kings Ridge ,Week5,Arlington Forest,Week2,263.0 Arlington Forest - 139.0 Kings Ridge
Kent Gardens,Week2,Kings Ridge ,Week5,250.0 Kent Gardens - 152.0 Kings Ridge
Kings Ridge ,Week5,Virginia Run,Week2,271.0 Virginia Run - 131.0 Kings Ridge
Kings Ridge ,Week1,Mansion House,Week4,273.5 Mansion House - 128.5 Kings Ridge
Kings Ridge ,Week5,Virginia Run,Week1,284.0 Virginia Run - 118.0 Kings Ridge
Kent Gardens,Week2,Kings Ridge ,Week1,281.0 Kent Gardens - 121.0 Kings Ridge
Kings Ridge ,Week4,Fox Mill Estates,Week2,225.0 Fox Mill Estates - 177.0 Kings Ridge
Kings Ridge ,Week5,Fox Hunt,Week1,224.0 Fox Hunt - 178.0 Kings Ridge
Kings Ridge ,Week4,Mansion House,Week1,281.0 Mansion House - 121.0 Kings Ridge
Kings Ridge ,Week1,Shouse Village,Week2,257.0 Shouse Village - 145.0 Kings Ridge
Kings Ridge ,Week2,Cardinal Hill,Week4,334.0 Cardinal Hill - 68.0 Kings Ridge
Kings Ridge ,Week2,Virginia Run,Week2,296.0 Virginia Run - 106.0 Kings Ridge
Kings Ridge ,Week5,Fox Hunt,Week3,276.0 Fox Hunt - 126.0 Kings Ridge
Kings Ridge ,Week2,Cardinal Hill,Week1,342.0 Cardinal Hill - 60.0 Kings Ridge
Kings Ridge ,Week1,Shouse Village,Week4,294.0 Shouse Village - 108.0 Kings Ridge
Kings Ridge ,Week4,Rutherford,Week3,215.0 Rutherford - 187.0 Kings Ridge
Kings Ridge ,Week1,Virginia Run,Week3,295.0 Virginia Run - 107.0 Kings Ridge
Kings Ridge ,Week2,Cardinal Hill,Week3,342.0 Cardinal Hill - 60.0 Kings Ridge
Kings Ridge ,Week5,Wakefield Chapel,Week4,331.0 Wakefield Chapel - 71.0 Kings Ridge
Kings Ridge ,Week1,Mantua,Week4,319.0 Mantua - 83.0 Kings Ridge
Kings Ridge ,Week1,Cardinal Hill,Week2,327.0 Cardinal Hill - 75.0 Kings Ridge
Kings Ridge ,Week1,Fox Mill Estates,Week2,240.0 Fox Mill Estates - 162.0 Kings Ridge
Kings Ridge ,Week3,Canterbury Woods,Week4,237.0 Canterbury Woods - 165.0 Kings Ridge
Kings Ridge ,Week4,Fox Mill Estates,Week3,224.0 Fox Mill Estates - 178.0 Kings Ridge
Kings Ridge ,Week4,Rutherford,Week5,207.0 Rutherford - 195.0 Kings Ridge
Kings Ridge ,Week1,Shouse Village,Week5,278.0 Shouse Village - 124.0 Kings Ridge
Kings Ridge ,Week4,Fox Hunt,Week5,281.0 Fox Hunt - 121.0 Kings Ridge
Kings Ridge ,Week2,Shouse Village,Week1,271.0 Shouse Village - 130.0 Kings Ridge
Kings Ridge ,Week1,Walden Glen,Week4,252.0 Walden Glen - 150.0 Kings Ridge
Kings Ridge ,Week2,Mansion House,Week5,309.0 Mansion House - 93.0 Kings Ridge
Kent Gardens,Week3,Kings Ridge ,Week1,289.0 Kent Gardens - 113.0 Kings Ridge
Kings Ridge ,Week2,Mansion House,Week4,274.0 Mansion House - 127.0 Kings Ridge
Kent Gardens,Week3,Kings Ridge ,Week3,268.0 Kent Gardens - 134.0 Kings Ridge
Kings Ridge ,Week2,Mantua,Week5,340.0 Mantua - 62.0 Kings Ridge
Kings Ridge ,Week4,Rutherford,Week4,221.0 Rutherford - 181.0 Kings Ridge
Kings Ridge ,Week4,Mansion House,Week2,263.0 Mansion House - 139.0 Kings Ridge
Kings Ridge ,Week3,Fox Mill Estates,Week4,260.0 Fox Mill Estates - 141.0 Kings Ridge
Kings Ridge ,Week4,Fox Mill Estates,Week4,255.0 Fox Mill Estates - 147.0 Kings Ridge
Kings Ridge ,Week1,Wakefield Chapel,Week4,351.0 Wakefield Chapel - 51.0 Kings Ridge
Kings Ridge ,Week5,Mansion House,Week1,272.5 Mansion House - 129.5 Kings Ridge
Kings Ridge ,Week2,Cardinal Hill,Week2,329.0 Cardinal Hill - 73.0 Kings Ridge
Kings Ridge ,Week5,Fox Hunt,Week4,239.0 Fox Hunt - 163.0 Kings Ridge
Kings Ridge ,Week1,Cardinal Hill,Week4,325.0 Cardinal Hill - 77.0 Kings Ridge
Kings Ridge ,Week1,Virginia Run,Week5,319.0 Virginia Run - 83.0 Kings Ridge
Kings Ridge ,Week1,Shouse Village,Week1,254.0 Shouse Village - 148.0 Kings Ridge
Kings Ridge ,Week5,Virginia Run,Week4,295.0 Virginia Run - 107.0 Kings Ridge
Kent Gardens,Week3,Kings Ridge ,Week2,293.0 Kent Gardens - 109.0 Kings Ridge
Kings Ridge ,Week1,Cardinal Hill,Week1,333.0 Cardinal Hill - 69.0 Kings Ridge
Kings Ridge ,Week5,Canterbury Woods,Week3,224.0 Canterbury Woods - 178.0 Kings Ridge
Kings Ridge ,Week5,Fox Mill Estates,Week4,249.0 Fox Mill Estates - 153.0 Kings Ridge
Kings Ridge ,Week2,Fox Mill Estates,Week4,274.0 Fox Mill Estates - 128.0 Kings Ridge
Kings Ridge ,Week5,Canterbury Woods,Week5,221.0 Canterbury Woods - 181.0 Kings Ridge
Kings Ridge ,Week5,Virginia Run,Week3,282.0 Virginia Run - 120.0 Kings Ridge
Kings Ridge ,Week3,Mansion House,Week3,292.0 Mansion House - 110.0 Kings Ridge
Kings Ridge ,Week4,Canterbury Woods,Week4,232.0 Canterbury Woods - 170.0 Kings Ridge
Kings Ridge ,Week1,Wakefield Chapel,Week3,346.0 Wakefield Chapel - 56.0 Kings Ridge
Kings Ridge ,Week5,Fox Mill Estates,Week5,227.0 Fox Mill Estates - 175.0 Kings Ridge
Kings Ridge ,Week3,Cardinal Hill,Week3,338.0 Cardinal Hill - 64.0 Kings Ridge
Kings Ridge ,Week1,Fox Mill Woods,Week2,324.0 Fox Mill Woods - 78.0 Kings Ridge
Kings Ridge ,Week3,Wakefield Chapel,Week1,342.0 Wakefield Chapel - 60.0 Kings Ridge
Kings Ridge ,Week3,Cardinal Hill,Week2,312.0 Cardinal Hill - 89.0 Kings Ridge
Kings Ridge ,Week1,Fox Mill Woods,Week1,328.0 Fox Mill Woods - 74.0 Kings Ridge
Kings Ridge ,Week1,Mantua,Week2,321.0 Mantua - 81.0 Kings Ridge
Kings Ridge ,Week3,Rutherford,Week1,201.0 Kings Ridge - 197.0 Rutherford
Kings Ridge ,Week5,Mansion House,Week3,277.0 Mansion House - 125.0 Kings Ridge
Kings Ridge ,Week1,Fox Mill Woods,Week3,322.0 Fox Mill Woods - 80.0 Kings Ridge
Kings Ridge ,Week3,Canterbury Woods,Week5,228.0 Canterbury Woods - 174.0 Kings Ridge
Kings Ridge ,Week1,Fox Mill Woods,Week4,319.0 Fox Mill Woods - 83.0 Kings Ridge
Kings Ridge ,Week1,Mantua,Week1,322.0 Mantua - 80.0 Kings Ridge
Kings Ridge ,Week2,Shouse Village,Week3,280.0 Shouse Village - 122.0 Kings Ridge
Kings Ridge ,Week4,Mansion House,Week5,289.0 Mansion House - 113.0 Kings Ridge
Kings Ridge ,Week3,Cardinal Hill,Week4,324.0 Cardinal Hill - 78.0 Kings Ridge
Kings Ridge ,Week4,Mansion House,Week4,252.5 Mansion House - 149.5 Kings Ridge
Kings Ridge ,Week2,Shouse Village,Week2,256.0 Shouse Village - 145.0 Kings Ridge
Kings Ridge ,Week3,Wakefield Chapel,Week4,335.0 Wakefield Chapel - 67.0 Kings Ridge
Kings Ridge ,Week5,Rutherford,Week5,207.0 Rutherford - 195.0 Kings Ridge
Kings Ridge ,Week2,Shouse Village,Week4,288.0 Shouse Village - 114.0 Kings Ridge
Kings Ridge ,Week2,Wakefield Chapel,Week1,356.0 Wakefield Chapel - 46.0 Kings Ridge
Kings Ridge ,Week1,Wakefield Chapel,Week5,355.0 Wakefield Chapel - 47.0 Kings Ridge
Kings Ridge ,Week4,Cardinal Hill,Week3,337.0 Cardinal Hill - 65.0 Kings Ridge
Kings Ridge ,Week3,Mantua,Week4,317.0 Mantua - 85.0 Kings Ridge
Kings Ridge ,Week2,Great Falls,Week1,259.0 Great Falls - 139.0 Kings Ridge
Kings Ridge ,Week4,Shouse Village,Week5,265.0 Shouse Village - 137.0 Kings Ridge
Kings Ridge ,Week5,Canterbury Woods,Week1,201.5 Canterbury Woods - 200.5 Kings Ridge
Kings Ridge ,Week5,Shouse Village,Week2,235.0 Shouse Village - 167.0 Kings Ridge
Kings Ridge ,Week2,Wakefield Chapel,Week4,348.0 Wakefield Chapel - 54.0 Kings Ridge
Kings Ridge ,Week5,Shouse Village,Week1,235.0 Shouse Village - 166.0 Kings Ridge
Kings Ridge ,Week5,Fox Mill Woods,Week4,303.0 Fox Mill Woods - 99.0 Kings Ridge
Kings Ridge ,Week3,Wakefield Chapel,Week2,336.0 Wakefield Chapel - 65.0 Kings Ridge
Kings Ridge ,Week2,Sideburn Run,Week2,266.0 Sideburn Run - 136.0 Kings Ridge
Kings Ridge ,Week2,Great Falls,Week3,283.0 Great Falls - 119.0 Kings Ridge
Kings Ridge ,Week4,Shouse Village,Week3,264.0 Shouse Village - 138.0 Kings Ridge
Kings Ridge ,Week2,Wakefield Chapel,Week5,358.0 Wakefield Chapel - 44.0 Kings Ridge
Kings Ridge ,Week5,Mansion House,Week4,241.0 Mansion House - 161.0 Kings Ridge
Kings Ridge ,Week5,Cardinal Hill,Week1,324.0 Cardinal Hill - 78.0 Kings Ridge
Kings Ridge ,Week3,Shouse Village,Week4,287.0 Shouse Village - 111.0 Kings Ridge
Kings Ridge ,Week2,Mantua,Week1,321.0 Mantua - 80.0 Kings Ridge
Kings Ridge ,Week3,Fox Mill Woods,Week4,307.0 Fox Mill Woods - 95.0 Kings Ridge
Kings Ridge ,Week3,Wakefield Chapel,Week3,337.0 Wakefield Chapel - 65.0 Kings Ridge
Kings Ridge ,Week1,Wakefield Chapel,Week1,352.0 Wakefield Chapel - 50.0 Kings Ridge
Kings Ridge ,Week4,Cardinal Hill,Week5,318.0 Cardinal Hill - 84.0 Kings Ridge
Kings Ridge ,Week2,Mantua,Week3,335.0 Mantua - 67.0 Kings Ridge
Kings Ridge ,Week4,Shouse Village,Week2,239.0 Shouse Village - 163.0 Kings Ridge
Kings Ridge ,Week1,Mantua,Week3,344.0 Mantua - 58.0 Kings Ridge
Kings Ridge ,Week4,Cardinal Hill,Week1,327.0 Cardinal Hill - 75.0 Kings Ridge
Kings Ridge ,Week4,Fox Mill Woods,Week1,309.0 Fox Mill Woods - 93.0 Kings Ridge
Kings Ridge ,Week3,Cardinal Hill,Week5,317.0 Cardinal Hill - 84.0 Kings Ridge
Kings Ridge ,Week4,Cardinal Hill,Week4,320.0 Cardinal Hill - 82.0 Kings Ridge
Kings Ridge ,Week3,Mansion House,Week2,279.0 Mansion House - 123.0 Kings Ridge
Kings Ridge ,Week1,Wakefield Chapel,Week2,349.0 Wakefield Chapel - 53.0 Kings Ridge
Kings Ridge ,Week2,Mantua,Week2,313.0 Mantua - 89.0 Kings Ridge
Kings Ridge ,Week4,Fox Mill Woods,Week5,321.0 Fox Mill Woods - 81.0 Kings Ridge
Kings Ridge ,Week2,Wakefield Chapel,Week2,345.0 Wakefield Chapel - 57.0 Kings Ridge
Kings Ridge ,Week4,Fox Mill Woods,Week3,300.0 Fox Mill Woods - 102.0 Kings Ridge
Kings Ridge ,Week5,Shouse Village,Week4,279.0 Shouse Village - 123.0 Kings Ridge
Kings Ridge ,Week5,Chesterbrook,Week1,349.0 Chesterbrook - 53.0 Kings Ridge
Kings Ridge ,Week2,Mansion House,Week3,315.0 Mansion House - 87.0 Kings Ridge
Kings Ridge ,Week5,Cardinal Hill,Week2,301.0 Cardinal Hill - 101.0 Kings Ridge
Kings Ridge ,Week4,Wakefield Chapel,Week1,343.5 Wakefield Chapel - 58.5 Kings Ridge
Kent Gardens,Week2,Daventry,Week1,291.0 Kent Gardens - 111.0 Daventry
Kings Ridge ,Week3,Mansion House,Week4,266.0 Mansion House - 136.0 Kings Ridge
Kings Ridge ,Week5,Mansion House,Week2,250.0 Mansion House - 152.0 Kings Ridge
Kings Ridge ,Week4,Wakefield Chapel,Week4,331.0 Wakefield Chapel - 71.0 Kings Ridge
Kings Ridge ,Week1,Sideburn Run,Week1,276.0 Sideburn Run - 126.0 Kings Ridge
Kings Ridge ,Week4,Wakefield Chapel,Week2,341.0 Wakefield Chapel - 61.0 Kings Ridge
Kings Ridge ,Week2,Fox Mill Woods,Week1,320.0 Fox Mill Woods - 82.0 Kings Ridge
Kings Ridge ,Week1,Chesterbrook,Week5,376.0 Chesterbrook - 26.0 Kings Ridge
Kent Gardens,Week4,Daventry,Week4,298.0 Kent Gardens - 104.0 Daventry
Kings Ridge ,Week1,Chesterbrook,Week2,380.0 Chesterbrook - 22.0 Kings Ridge
Kent Gardens,Week1,Daventry,Week3,291.0 Kent Gardens - 110.0 Daventry
Kent Gardens,Week5,Crosspointe,Week2,212.0 Crosspointe - 190.0 Kent Gardens
Kings Ridge ,Week3,Wakefield Chapel,Week5,346.0 Wakefield Chapel - 55.0 Kings Ridge
Kings Ridge ,Week4,Mansion House,Week3,299.0 Mansion House - 103.0 Kings Ridge
Kings Ridge ,Week4,Wakefield Chapel,Week5,352.0 Wakefield Chapel - 50.0 Kings Ridge
Kings Ridge ,Week1,Great Falls,Week3,272.0 Great Falls - 130.0 Kings Ridge
Kings Ridge ,Week2,Chesterbrook,Week2,375.0 Chesterbrook - 27.0 Kings Ridge
Kings Ridge ,Week1,Sideburn Run,Week2,251.0 Sideburn Run - 151.0 Kings Ridge
Kings Ridge ,Week5,Fox Mill Woods,Week1,304.0 Fox Mill Woods - 98.0 Kings Ridge
Kings Ridge ,Week2,Mantua,Week4,334.0 Mantua - 68.0 Kings Ridge
Kent Gardens,Week1,Daventry,Week5,266.0 Kent Gardens - 136.0 Daventry
Kings Ridge ,Week3,Mansion House,Week5,287.0 Mansion House - 114.0 Kings Ridge
Kings Ridge ,Week4,Shouse Village,Week4,279.0 Shouse Village - 123.0 Kings Ridge
Kings Ridge ,Week4,Fox Mill Woods,Week2,294.0 Fox Mill Woods - 108.0 Kings Ridge
Kent Gardens,Week4,Daventry,Week1,282.0 Kent Gardens - 120.0 Daventry
Kings Ridge ,Week1,Sideburn Run,Week3,273.0 Sideburn Run - 129.0 Kings Ridge
Kings Ridge ,Week5,Shouse Village,Week5,257.0 Shouse Village - 145.0 Kings Ridge
Kings Ridge ,Week4,Wakefield Chapel,Week3,339.0 Wakefield Chapel - 63.0 Kings Ridge
Kings Ridge ,Week3,Shouse Village,Week1,245.0 Shouse Village - 157.0 Kings Ridge
Kings Ridge ,Week5,Fox Mill Woods,Week5,309.0 Fox Mill Woods - 93.0 Kings Ridge
Kings Ridge ,Week2,Wakefield Chapel,Week3,347.0 Wakefield Chapel - 55.0 Kings Ridge
Kings Ridge ,Week1,Great Falls,Week1,246.0 Great Falls - 156.0 Kings Ridge
Kings Ridge ,Week3,Chesterbrook,Week5,380.0 Chesterbrook - 22.0 Kings Ridge
Kent Gardens,Week3,Daventry,Week1,286.0 Kent Gardens - 116.0 Daventry
Kings Ridge ,Week3,Mansion House,Week1,284.0 Mansion House - 118.0 Kings Ridge
Kent Gardens,Week4,Daventry,Week2,283.0 Kent Gardens - 119.0 Daventry
Kings Ridge ,Week2,Sideburn Run,Week1,274.0 Sideburn Run - 128.0 Kings Ridge
Kings Ridge ,Week5,Mansion House,Week5,278.0 Mansion House - 124.0 Kings Ridge
Kings Ridge ,Week5,Wakefield Chapel,Week3,335.0 Wakefield Chapel - 67.0 Kings Ridge
Kings Ridge ,Week4,Fox Mill Woods,Week4,310.0 Fox Mill Woods - 92.0 Kings Ridge
Kings Ridge ,Week2,Chesterbrook,Week5,385.0 Chesterbrook - 17.0 Kings Ridge
Kent Gardens,Week3,Daventry,Week3,296.0 Kent Gardens - 105.0 Daventry
Kings Ridge ,Week1,Fox Mill Woods,Week5,322.0 Fox Mill Woods - 80.0 Kings Ridge
Kings Ridge ,Week3,Sideburn Run,Week4,258.0 Sideburn Run - 144.0 Kings Ridge
Kings Ridge ,Week1,Sideburn Run,Week4,269.0 Sideburn Run - 133.0 Kings Ridge
Kings Ridge ,Week2,Fox Mill Woods,Week2,309.0 Fox Mill Woods - 93.0 Kings Ridge
Kings Ridge ,Week2,Shouse Village,Week5,275.0 Shouse Village - 127.0 Kings Ridge
Kings Ridge ,Week3,Fox Mill Woods,Week3,314.0 Fox Mill Woods - 88.0 Kings Ridge
Kings Ridge ,Week3,Mantua,Week1,313.0 Mantua - 89.0 Kings Ridge
Kings Ridge ,Week5,Wakefield Chapel,Week1,348.0 Wakefield Chapel - 54.0 Kings Ridge
Kings Ridge ,Week5,Wakefield Chapel,Week2,332.0 Wakefield Chapel - 70.0 Kings Ridge
Kent Gardens,Week2,Daventry,Week3,289.0 Kent Gardens - 112.0 Daventry
Kings Ridge ,Week1,Mantua,Week5,340.0 Mantua - 62.0 Kings Ridge
Kings Ridge ,Week2,Chesterbrook,Week4,377.0 Chesterbrook - 25.0 Kings Ridge
Kings Ridge ,Week2,Chesterbrook,Week3,385.0 Chesterbrook - 17.0 Kings Ridge
Kings Ridge ,Week1,Chesterbrook,Week4,368.0 Chesterbrook - 34.0 Kings Ridge
Kent Gardens,Week4,Daventry,Week3,292.0 Kent Gardens - 110.0 Daventry
Kings Ridge ,Week3,Fox Mill Woods,Week1,309.0 Fox Mill Woods - 93.0 Kings Ridge
Kings Ridge ,Week5,Wakefield Chapel,Week5,347.0 Wakefield Chapel - 55.0 Kings Ridge
Kings Ridge ,Week3,Mantua,Week2,302.5 Mantua - 99.5 Kings Ridge
Kings Ridge ,Week3,Chesterbrook,Week3,380.0 Chesterbrook - 22.0 Kings Ridge
Kings Ridge ,Week2,Walden Glen,Week1,210.0 Walden Glen - 191.0 Kings Ridge
Kings Ridge ,Week2,Sideburn Run,Week5,282.0 Sideburn Run - 120.0 Kings Ridge
Kings Ridge ,Week3,Chesterbrook,Week2,376.5 Chesterbrook - 25.5 Kings Ridge
Kings Ridge ,Week2,Walden Glen,Week2,236.0 Walden Glen - 165.0 Kings Ridge
Kings Ridge ,Week1,Walden Glen,Week2,239.0 Walden Glen - 162.0 Kings Ridge
Kings Ridge ,Week2,Fox Mill Woods,Week4,319.0 Fox Mill Woods - 83.0 Kings Ridge
Kent Gardens,Week5,Crosspointe,Week4,226.0 Crosspointe - 176.0 Kent Gardens
Kings Ridge ,Week1,Great Falls,Week5,261.0 Great Falls - 141.0 Kings Ridge
Kent Gardens,Week2,Daventry,Week5,261.0 Kent Gardens - 141.0 Daventry
Kings Ridge ,Week4,Shouse Village,Week1,237.0 Shouse Village - 165.0 Kings Ridge
Kings Ridge ,Week4,Chesterbrook,Week3,382.0 Chesterbrook - 20.0 Kings Ridge
Kings Ridge ,Week2,Sleepy Hollow B & R,Week2,313.0 Sleepy Hollow B & R - 89.0 Kings Ridge
Kings Ridge ,Week3,Fox Mill Woods,Week5,319.0 Fox Mill Woods - 83.0 Kings Ridge
Kings Ridge ,Week3,Shouse Village,Week3,274.0 Shouse Village - 128.0 Kings Ridge
Kings Ridge ,Week4,Mantua,Week4,309.0 Mantua - 93.0 Kings Ridge
Kings Ridge ,Week1,Walden Glen,Week1,201.0 Kings Ridge - 200.0 Walden Glen
Kings Ridge ,Week3,Fox Mill Woods,Week2,311.5 Fox Mill Woods - 89.5 Kings Ridge
Kings Ridge ,Week3,Chesterbrook,Week4,376.0 Chesterbrook - 25.0 Kings Ridge
Kings Ridge ,Week4,Mantua,Week2,295.0 Mantua - 107.0 Kings Ridge
Kent Gardens,Week5,Crosspointe,Week3,229.0 Crosspointe - 173.0 Kent Gardens
Kings Ridge ,Week3,Sideburn Run,Week3,273.0 Sideburn Run - 129.0 Kings Ridge
Kings Ridge ,Week1,Walden Glen,Week3,236.0 Walden Glen - 166.0 Kings Ridge
Kings Ridge ,Week1,Chesterbrook,Week3,384.0 Chesterbrook - 18.0 Kings Ridge
Kings Ridge ,Week1,Walden Glen,Week5,276.0 Walden Glen - 126.0 Kings Ridge
Kings Ridge ,Week3,Mantua,Week3,327.0 Mantua - 74.0 Kings Ridge
Kings Ridge ,Week3,Mantua,Week5,327.0 Mantua - 75.0 Kings Ridge
Kent Gardens,Week2,Daventry,Week2,288.0 Kent Gardens - 113.0 Daventry
Kent Gardens,Week4,Daventry,Week5,259.0 Kent Gardens - 143.0 Daventry
Kings Ridge ,Week4,Mantua,Week1,309.0 Mantua - 93.0 Kings Ridge
Kings Ridge ,Week4,Mantua,Week3,324.5 Mantua - 77.5 Kings Ridge
Kings Ridge ,Week3,Shouse Village,Week5,270.0 Shouse Village - 131.0 Kings Ridge
Kings Ridge ,Week1,Great Falls,Week4,252.0 Great Falls - 149.0 Kings Ridge
Kent Gardens,Week3,Daventry,Week2,286.0 Kent Gardens - 115.0 Daventry
Kings Ridge ,Week1,Chesterbrook,Week1,363.0 Chesterbrook - 39.0 Kings Ridge
Kent Gardens,Week3,Daventry,Week4,285.0 Kent Gardens - 117.0 Daventry
Kings Ridge ,Week3,Waynewood,Week2,299.0 Waynewood - 103.0 Kings Ridge
Kings Ridge ,Week4,Chesterbrook,Week4,362.0 Chesterbrook - 40.0 Kings Ridge
Kings Ridge ,Week3,Walden Glen,Week4,233.0 Walden Glen - 165.0 Kings Ridge
Kent Gardens,Week5,Daventry,Week2,317.0 Kent Gardens - 85.0 Daventry
Kings Ridge ,Week2,McLean,Week2,333.0 McLean - 69.0 Kings Ridge
Kent Gardens,Week1,Daventry,Week2,294.0 Kent Gardens - 107.0 Daventry
Kings Ridge ,Week5,Fox Mill Woods,Week3,292.0 Fox Mill Woods - 110.0 Kings Ridge
Kings Ridge ,Week2,Great Falls,Week2,274.0 Great Falls - 110.0 Kings Ridge
Kings Ridge ,Week2,Walden Glen,Week3,248.0 Walden Glen - 153.0 Kings Ridge
Kent Gardens,Week2,Daventry,Week4,297.5 Kent Gardens - 104.5 Daventry
Kings Ridge ,Week1,Great Falls,Week2,262.0 Great Falls - 122.0 Kings Ridge
Kings Ridge ,Week4,Chesterbrook,Week5,374.0 Chesterbrook - 28.0 Kings Ridge
Kings Ridge ,Week3,Great Falls,Week2,257.0 Great Falls - 126.0 Kings Ridge
Kings Ridge ,Week4,Sideburn Run,Week5,272.0 Sideburn Run - 130.0 Kings Ridge
Kings Ridge ,Week1,Waynewood,Week2,317.0 Waynewood - 85.0 Kings Ridge
Kings Ridge ,Week3,Sideburn Run,Week2,257.0 Sideburn Run - 145.0 Kings Ridge
Kings Ridge ,Week2,Fox Mill Woods,Week5,319.0 Fox Mill Woods - 83.0 Kings Ridge
Kings Ridge ,Week3,Shouse Village,Week2,245.0 Shouse Village - 156.0 Kings Ridge
Kings Ridge ,Week4,Chesterbrook,Week1,362.5 Chesterbrook - 39.5 Kings Ridge
Kings Ridge ,Week2,Walden Glen,Week4,254.0 Walden Glen - 148.0 Kings Ridge
Kings Ridge ,Week4,Chesterbrook,Week2,373.0 Chesterbrook - 29.0 Kings Ridge
Kings Ridge ,Week3,McLean,Week4,321.0 McLean - 81.0 Kings Ridge
Kings Ridge ,Week5,Shouse Village,Week3,262.0 Shouse Village - 140.0 Kings Ridge
Kings Ridge ,Week3,McLean,Week1,323.0 McLean - 79.0 Kings Ridge
Kings Ridge ,Week1,McLean,Week5,337.0 McLean - 65.0 Kings Ridge
Kent Gardens,Week1,Daventry,Week1,294.0 Kent Gardens - 108.0 Daventry
Kings Ridge ,Week5,Fox Mill Woods,Week2,293.0 Fox Mill Woods - 109.0 Kings Ridge
Kings Ridge ,Week3,Chesterbrook,Week1,363.0 Chesterbrook - 39.0 Kings Ridge
Kings Ridge ,Week3,McLean,Week5,337.0 McLean - 65.0 Kings Ridge
Kings Ridge ,Week2,Chesterbrook,Week1,365.0 Chesterbrook - 37.0 Kings Ridge
Kings Ridge ,Week4,Sideburn Run,Week1,266.0 Sideburn Run - 136.0 Kings Ridge
Kings Ridge ,Week2,Walden Glen,Week5,277.0 Walden Glen - 125.0 Kings Ridge
Kings Ridge ,Week5,Cardinal Hill,Week5,307.0 Cardinal Hill - 95.0 Kings Ridge
Kent Gardens,Week5,Daventry,Week1,308.0 Kent Gardens - 94.0 Daventry
Kings Ridge ,Week1,Sideburn Run,Week5,288.0 Sideburn Run - 114.0 Kings Ridge
Kings Ridge ,Week2,McLean,Week4,330.0 McLean - 72.0 Kings Ridge
Kings Ridge ,Week2,Fox Mill Woods,Week3,318.0 Fox Mill Woods - 84.0 Kings Ridge
Kings Ridge ,Week5,McLean,Week3,329.0 McLean - 73.0 Kings Ridge
Kent Gardens,Week5,Crosspointe,Week5,249.0 Crosspointe - 153.0 Kent Gardens
Kings Ridge ,Week5,Sideburn Run,Week1,258.0 Sideburn Run - 144.0 Kings Ridge
Kings Ridge ,Week4,Commonwealth,Week4,204.0 Commonwealth - 198.0 Kings Ridge
Kings Ridge ,Week5,Sideburn Run,Week3,258.0 Sideburn Run - 144.0 Kings Ridge
Kings Ridge ,Week2,Sideburn Run,Week4,273.0 Sideburn Run - 129.0 Kings Ridge
Kings Ridge ,Week2,McLean,Week3,340.0 McLean - 62.0 Kings Ridge
Kings Ridge ,Week1,Waynewood,Week5,329.0 Waynewood - 73.0 Kings Ridge
Kings Ridge ,Week1,Greenbriar,Week1,291.0 Greenbriar - 111.0 Kings Ridge
Kings Ridge ,Week4,McLean,Week2,322.0 McLean - 80.0 Kings Ridge
Kings Ridge ,Week3,McLean,Week2,324.0 McLean - 78.0 Kings Ridge
Kent Gardens,Week1,Daventry,Week4,305.0 Kent Gardens - 97.0 Daventry
Kings Ridge ,Week4,Great Falls,Week1,244.0 Great Falls - 158.0 Kings Ridge
Kings Ridge ,Week2,Great Falls,Week4,272.0 Great Falls - 128.0 Kings Ridge
Kings Ridge ,Week5,Sideburn Run,Week2,238.0 Sideburn Run - 164.0 Kings Ridge
Kings Ridge ,Week5,Cardinal Hill,Week4,311.0 Cardinal Hill - 91.0 Kings Ridge
Kings Ridge ,Week5,Sideburn Run,Week4,246.0 Sideburn Run - 156.0 Kings Ridge
Kings Ridge ,Week3,Walden Glen,Week1,206.0 Kings Ridge - 194.0 Walden Glen
Kings Ridge ,Week4,McLean,Week1,333.0 McLean - 69.0 Kings Ridge
Kings Ridge ,Week1,Greenbriar,Week4,292.0 Greenbriar - 110.0 Kings Ridge
Kings Ridge ,Week3,Great Falls,Week4,250.0 Great Falls - 151.0 Kings Ridge
Kings Ridge ,Week4,Walden Glen,Week4,233.0 Walden Glen - 169.0 Kings Ridge
Kings Ridge ,Week3,Walden Glen,Week5,263.0 Walden Glen - 135.0 Kings Ridge
Kings Ridge ,Week5,Cardinal Hill,Week3,330.5 Cardinal Hill - 71.5 Kings Ridge
Kings Ridge ,Week1,Commonwealth,Week5,248.0 Commonwealth - 154.0 Kings Ridge
Kings Ridge ,Week4,Walden Glen,Week2,204.0 Walden Glen - 198.0 Kings Ridge
Kent Gardens,Week3,Daventry,Week5,268.0 Kent Gardens - 134.0 Daventry
Kings Ridge ,Week5,Sideburn Run,Week5,266.0 Sideburn Run - 136.0 Kings Ridge
Kings Ridge ,Week5,Chesterbrook,Week4,369.0 Chesterbrook - 33.0 Kings Ridge
Kings Ridge ,Week4,McLean,Week4,323.0 McLean - 79.0 Kings Ridge
Kings Ridge ,Week2,Commonwealth,Week5,251.0 Commonwealth - 151.0 Kings Ridge
Kings Ridge ,Week5,Mantua,Week3,309.0 Mantua - 93.0 Kings Ridge
Kings Ridge ,Week2,Greenbriar,Week2,309.0 Greenbriar - 93.0 Kings Ridge
Kings Ridge ,Week1,Sleepy Hollow B & R,Week3,319.0 Sleepy Hollow B & R - 83.0 Kings Ridge
Kings Ridge ,Week3,Great Falls,Week5,256.5 Great Falls - 145.5 Kings Ridge
Kings Ridge ,Week2,Waynewood,Week4,325.0 Waynewood - 77.0 Kings Ridge
Kings Ridge ,Week2,Sideburn Run,Week3,279.0 Sideburn Run - 123.0 Kings Ridge
Kings Ridge ,Week1,Greenbriar,Week3,299.0 Greenbriar - 103.0 Kings Ridge
Kings Ridge ,Week4,Walden Glen,Week3,214.5 Walden Glen - 187.5 Kings Ridge
Kings Ridge ,Week2,Commonwealth,Week3,258.0 Commonwealth - 142.0 Kings Ridge
Kings Ridge ,Week3,Greenbriar,Week1,292.0 Greenbriar - 110.0 Kings Ridge
Kings Ridge ,Week5,Mantua,Week1,301.0 Mantua - 101.0 Kings Ridge
Kings Ridge ,Week5,Walden Glen,Week2,201.0 Walden Glen - 200.0 Kings Ridge
Kings Ridge ,Week3,Commonwealth,Week2,243.0 Commonwealth - 155.0 Kings Ridge
Kings Ridge ,Week1,Waynewood,Week4,313.0 Waynewood - 89.0 Kings Ridge
Kings Ridge ,Week5,Mantua,Week2,292.5 Mantua - 109.5 Kings Ridge
Kings Ridge ,Week5,Walden Glen,Week1,224.0 Kings Ridge - 178.0 Walden Glen
Kings Ridge ,Week3,Sideburn Run,Week1,264.0 Sideburn Run - 138.0 Kings Ridge
Kings Ridge ,Week5,Walden Glen,Week4,224.0 Walden Glen - 178.0 Kings Ridge
Kings Ridge ,Week5,Great Falls,Week5,255.0 Great Falls - 147.0 Kings Ridge
Kings Ridge ,Week2,Commonwealth,Week1,199.0 Commonwealth - 199.0 Kings Ridge
Kings Ridge ,Week4,Great Falls,Week4,252.0 Great Falls - 149.0 Kings Ridge
Kings Ridge ,Week5,Walden Glen,Week5,256.0 Walden Glen - 146.0 Kings Ridge
Kings Ridge ,Week3,Great Falls,Week1,245.0 Great Falls - 155.0 Kings Ridge
Kings Ridge ,Week2,McLean,Week5,344.0 McLean - 58.0 Kings Ridge
Kings Ridge ,Week1,Commonwealth,Week2,257.0 Commonwealth - 145.0 Kings Ridge
Kings Ridge ,Week1,McLean,Week4,328.0 McLean - 74.0 Kings Ridge
Kings Ridge ,Week1,Sleepy Hollow B & R,Week1,291.0 Sleepy Hollow B & R - 111.0 Kings Ridge
Kings Ridge ,Week5,Chesterbrook,Week3,370.0 Chesterbrook - 32.0 Kings Ridge
Kings Ridge ,Week1,Sleepy Hollow B & R,Week4,311.0 Sleepy Hollow B & R - 91.0 Kings Ridge
Kings Ridge ,Week1,McLean,Week2,338.0 McLean - 64.0 Kings Ridge
Kings Ridge ,Week4,Sideburn Run,Week4,259.0 Sideburn Run - 143.0 Kings Ridge
Kings Ridge ,Week4,Great Falls,Week3,257.0 Great Falls - 145.0 Kings Ridge
Kings Ridge ,Week2,Waynewood,Week5,330.0 Waynewood - 72.0 Kings Ridge
Kings Ridge ,Week4,Great Falls,Week5,265.0 Great Falls - 137.0 Kings Ridge
Kings Ridge ,Week4,Greenbriar,Week3,281.0 Greenbriar - 121.0 Kings Ridge
Kings Ridge ,Week3,Walden Glen,Week2,222.0 Walden Glen - 171.0 Kings Ridge
Kings Ridge ,Week5,Mantua,Week4,298.0 Mantua - 104.0 Kings Ridge
Kings Ridge ,Week5,Commonwealth,Week5,217.0 Commonwealth - 185.0 Kings Ridge
Kings Ridge ,Week2,McLean,Week1,338.0 McLean - 64.0 Kings Ridge
Kings Ridge ,Week4,Sideburn Run,Week3,259.0 Sideburn Run - 143.0 Kings Ridge
Kings Ridge ,Week5,Commonwealth,Week1,228.0 Kings Ridge - 172.0 Commonwealth
Kings Ridge ,Week4,McLean,Week5,336.0 McLean - 66.0 Kings Ridge
Kings Ridge ,Week1,Sleepy Hollow B & R,Week2,310.0 Sleepy Hollow B & R - 92.0 Kings Ridge
Kings Ridge ,Week1,McLean,Week1,337.0 McLean - 65.0 Kings Ridge
Kings Ridge ,Week3,Commonwealth,Week5,229.0 Commonwealth - 172.0 Kings Ridge
Kings Ridge ,Week2,Greenbriar,Week3,304.0 Greenbriar - 98.0 Kings Ridge
Kings Ridge ,Week3,Waynewood,Week1,295.0 Waynewood - 107.0 Kings Ridge
Kings Ridge ,Week4,Commonwealth,Week1,219.0 Kings Ridge - 183.0 Commonwealth
Kings Ridge ,Week2,Cottontail,Week5,286.5 Cottontail - 115.5 Kings Ridge
Kings Ridge ,Week4,Sideburn Run,Week2,234.0 Sideburn Run - 168.0 Kings Ridge
Kings Ridge ,Week2,Sleepy Hollow B & R,Week4,302.0 Sleepy Hollow B & R - 100.0 Kings Ridge
Kings Ridge ,Week2,Waynewood,Week1,303.5 Waynewood - 98.5 Kings Ridge
Kings Ridge ,Week5,Mantua,Week5,321.0 Mantua - 81.0 Kings Ridge
Kings Ridge ,Week3,Greenbriar,Week5,279.5 Greenbriar - 120.5 Kings Ridge
Kings Ridge ,Week1,Woodley,Week1,207.0 Woodley - 195.0 Kings Ridge
Kings Ridge ,Week1,Greenbriar,Week5,288.0 Greenbriar - 114.0 Kings Ridge
Kings Ridge ,Week2,Commonwealth,Week4,227.0 Commonwealth - 174.0 Kings Ridge
Kings Ridge ,Week4,Mantua,Week5,323.0 Mantua - 79.0 Kings Ridge
Kings Ridge ,Week3,Sideburn Run,Week5,284.0 Sideburn Run - 118.0 Kings Ridge
Kings Ridge ,Week1,Commonwealth,Week1,206.0 Commonwealth - 196.0 Kings Ridge
Kings Ridge ,Week3,Commonwealth,Week3,247.0 Commonwealth - 154.0 Kings Ridge
Kings Ridge ,Week3,Sleepy Hollow B & R,Week3,303.5 Sleepy Hollow B & R - 96.5 Kings Ridge
Kings Ridge ,Week1,McLean,Week3,334.0 McLean - 68.0 Kings Ridge
Kings Ridge ,Week1,Sleepy Hollow B & R,Week5,331.0 Sleepy Hollow B & R - 71.0 Kings Ridge
Kings Ridge ,Week2,Sleepy Hollow B & R,Week1,304.0 Sleepy Hollow B & R - 98.0 Kings Ridge
Kings Ridge ,Week5,McLean,Week1,321.0 McLean - 81.0 Kings Ridge
Kings Ridge ,Week3,Greenbriar,Week3,299.0 Greenbriar - 103.0 Kings Ridge
Kings Ridge ,Week1,Waynewood,Week1,287.0 Waynewood - 115.0 Kings Ridge
Kings Ridge ,Week4,Walden Glen,Week5,256.0 Walden Glen - 146.0 Kings Ridge
Kings Ridge ,Week2,Waynewood,Week2,307.5 Waynewood - 94.5 Kings Ridge
Kings Ridge ,Week4,Greenbriar,Week2,294.0 Greenbriar - 108.0 Kings Ridge
Kings Ridge ,Week1,Mosby Woods,Week3,336.0 Mosby Woods - 66.0 Kings Ridge
Kings Ridge ,Week5,Chesterbrook,Week2,362.0 Chesterbrook - 40.0 Kings Ridge
Kings Ridge ,Week4,Great Falls,Week2,257.0 Great Falls - 127.0 Kings Ridge
Kings Ridge ,Week3,Sleepy Hollow B & R,Week4,309.0 Sleepy Hollow B & R - 93.0 Kings Ridge
Kings Ridge ,Week1,Cottontail,Week1,277.0 Cottontail - 125.0 Kings Ridge
Kings Ridge ,Week2,Sleepy Hollow B & R,Week5,316.0 Sleepy Hollow B & R - 86.0 Kings Ridge
Kings Ridge ,Week5,McLean,Week2,322.0 McLean - 80.0 Kings Ridge
Kings Ridge ,Week3,Commonwealth,Week1,208.5 Kings Ridge - 188.5 Commonwealth
Kings Ridge ,Week4,Mosby Woods,Week2,308.0 Mosby Woods - 94.0 Kings Ridge
Kings Ridge ,Week3,Woodley,Week1,215.0 Kings Ridge - 187.0 Woodley
Kings Ridge ,Week3,Sleepy Hollow B & R,Week2,301.0 Sleepy Hollow B & R - 100.0 Kings Ridge
Kings Ridge ,Week4,Walden Glen,Week1,212.0 Kings Ridge - 189.0 Walden Glen
Kings Ridge ,Week4,McLean,Week3,333.0 McLean - 69.0 Kings Ridge
Kings Ridge ,Week2,Waynewood,Week3,321.0 Waynewood - 81.0 Kings Ridge
Kings Ridge ,Week1,Commonwealth,Week3,267.0 Commonwealth - 135.0 Kings Ridge
Kings Ridge ,Week5,Great Falls,Week1,230.0 Great Falls - 172.0 Kings Ridge
Kings Ridge ,Week4,Sleepy Hollow B & R,Week2,285.0 Sleepy Hollow B & R - 117.0 Kings Ridge
Kings Ridge ,Week4,Commonwealth,Week2,239.0 Commonwealth - 163.0 Kings Ridge
Kings Ridge ,Week5,Great Falls,Week2,236.0 Great Falls - 148.0 Kings Ridge
Kings Ridge ,Week3,Walden Glen,Week3,221.0 Walden Glen - 177.0 Kings Ridge
Kings Ridge ,Week5,Walden Glen,Week3,212.0 Walden Glen - 190.0 Kings Ridge
Kings Ridge ,Week3,Great Falls,Week3,263.0 Great Falls - 138.0 Kings Ridge
Kings Ridge ,Week5,Great Falls,Week3,256.0 Great Falls - 146.0 Kings Ridge
Kings Ridge ,Week3,Sleepy Hollow B & R,Week5,310.0 Sleepy Hollow B & R - 90.0 Kings Ridge
Kings Ridge ,Week3,McLean,Week3,329.0 McLean - 73.0 Kings Ridge
Kings Ridge ,Week3,Waynewood,Week5,324.0 Waynewood - 78.0 Kings Ridge
Kings Ridge ,Week4,Sleepy Hollow B & R,Week3,300.0 Sleepy Hollow B & R - 102.0 Kings Ridge
Kings Ridge ,Week4,Sleepy Hollow B & R,Week5,317.5 Sleepy Hollow B & R - 84.5 Kings Ridge
Kings Ridge ,Week1,Greenbriar,Week2,316.0 Greenbriar - 86.0 Kings Ridge
Kings Ridge ,Week5,Chesterbrook,Week5,371.0 Chesterbrook - 31.0 Kings Ridge
Kings Ridge ,Week4,Commonwealth,Week3,231.0 Commonwealth - 171.0 Kings Ridge
Kings Ridge ,Week3,Commonwealth,Week4,219.0 Commonwealth - 182.0 Kings Ridge
Kings Ridge ,Week3,Sleepy Hollow B & R,Week1,284.0 Sleepy Hollow B & R - 117.0 Kings Ridge
Kings Ridge ,Week4,Mosby Woods,Week1,316.0 Mosby Woods - 86.0 Kings Ridge
Kings Ridge ,Week3,Waynewood,Week3,305.0 Waynewood - 97.0 Kings Ridge
Kings Ridge ,Week1,Waynewood,Week3,322.0 Waynewood - 80.0 Kings Ridge
Kings Ridge ,Week1,Woodley,Week3,207.0 Woodley - 195.0 Kings Ridge
Kings Ridge ,Week5,McLean,Week5,339.0 McLean - 63.0 Kings Ridge
Kings Ridge ,Week2,Greenbriar,Week4,283.0 Greenbriar - 119.0 Kings Ridge
Kings Ridge ,Week5,Mosby Woods,Week3,309.0 Mosby Woods - 93.0 Kings Ridge
Kings Ridge ,Week2,Great Falls,Week5,278.0 Great Falls - 123.0 Kings Ridge
Kings Ridge ,Week4,Mosby Woods,Week5,304.0 Mosby Woods - 98.0 Kings Ridge
Kings Ridge ,Week2,Woodley,Week2,210.0 Woodley - 192.0 Kings Ridge
Kings Ridge ,Week2,Greenbriar,Week1,307.0 Greenbriar - 95.0 Kings Ridge
Kings Ridge ,Week1,Commonwealth,Week4,224.0 Commonwealth - 178.0 Kings Ridge
Kings Ridge ,Week4,Sleepy Hollow B & R,Week1,266.5 Sleepy Hollow B & R - 135.5 Kings Ridge
Kings Ridge ,Week4,Sleepy Hollow B & R,Week4,308.0 Sleepy Hollow B & R - 94.0 Kings Ridge
Kings Ridge ,Week2,Mosby Woods,Week2,335.0 Mosby Woods - 67.0 Kings Ridge
Kings Ridge ,Week2,Greenbriar,Week5,279.0 Greenbriar - 123.0 Kings Ridge
Kings Ridge ,Week1,Mosby Woods,Week5,327.0 Mosby Woods - 75.0 Kings Ridge
Kings Ridge ,Week4,Commonwealth,Week5,216.0 Commonwealth - 186.0 Kings Ridge
Kings Ridge ,Week2,Sleepy Hollow B & R,Week3,309.0 Sleepy Hollow B & R - 93.0 Kings Ridge
Kings Ridge ,Week4,Waynewood,Week2,296.0 Waynewood - 106.0 Kings Ridge
Kings Ridge ,Week5,Sleepy Hollow B & R,Week1,272.0 Sleepy Hollow B & R - 130.0 Kings Ridge
Kings Ridge ,Week1,Woodley,Week5,216.0 Woodley - 186.0 Kings Ridge
Kings Ridge ,Week2,Mosby Woods,Week5,332.0 Mosby Woods - 70.0 Kings Ridge
Kings Ridge ,Week3,Greenbriar,Week2,302.0 Greenbriar - 100.0 Kings Ridge
Kings Ridge ,Week5,Commonwealth,Week2,235.0 Commonwealth - 167.0 Kings Ridge
Kings Ridge ,Week2,Commonwealth,Week2,262.5 Commonwealth - 138.5 Kings Ridge
Kings Ridge ,Week5,Great Falls,Week4,237.0 Great Falls - 165.0 Kings Ridge
Kings Ridge ,Week1,Mount Vernon Park,Week4,320.0 Mount Vernon Park - 82.0 Kings Ridge
Kings Ridge ,Week4,Mosby Woods,Week4,306.0 Mosby Woods - 96.0 Kings Ridge
Kings Ridge ,Week4,Sleepy Hollow Rec,Week4,203.0 Kings Ridge - 199.0 Sleepy Hollow Rec
Kings Ridge ,Week2,Cottontail,Week3,261.0 Cottontail - 141.0 Kings Ridge
Kings Ridge ,Week1,Cottontail,Week4,258.0 Cottontail - 144.0 Kings Ridge
Kings Ridge ,Week5,Commonwealth,Week4,202.0 Commonwealth - 198.0 Kings Ridge
Kings Ridge ,Week5,Sleepy Hollow B & R,Week3,303.0 Sleepy Hollow B & R - 99.0 Kings Ridge
Kent Gardens,Week2,Sully Station II,Week2,296.0 Sully Station II - 106.0 Kent Gardens
Kings Ridge ,Week1,Sleepy Hollow Rec,Week4,223.0 Sleepy Hollow Rec - 179.0 Kings Ridge
Kings Ridge ,Week3,Greenbriar,Week4,267.0 Greenbriar - 135.0 Kings Ridge
Kings Ridge ,Week1,Sleepy Hollow Rec,Week2,229.0 Sleepy Hollow Rec - 173.0 Kings Ridge
Kings Ridge ,Week4,Waynewood,Week5,321.0 Waynewood - 81.0 Kings Ridge
Kings Ridge ,Week2,Cottontail,Week1,275.0 Cottontail - 127.0 Kings Ridge
Kings Ridge ,Week5,Waynewood,Week1,262.0 Waynewood - 140.0 Kings Ridge
Kings Ridge ,Week5,McLean,Week4,326.5 McLean - 75.5 Kings Ridge
Kings Ridge ,Week5,Sleepy Hollow B & R,Week2,291.0 Sleepy Hollow B & R - 111.0 Kings Ridge
Kings Ridge ,Week3,Hamlet,Week5,344.0 Hamlet - 58.0 Kings Ridge
Kings Ridge ,Week1,Hamlet,Week2,355.0 Hamlet - 47.0 Kings Ridge
Kings Ridge ,Week5,Waynewood,Week5,315.0 Waynewood - 87.0 Kings Ridge
Kings Ridge ,Week1,Mosby Woods,Week2,334.0 Mosby Woods - 68.0 Kings Ridge
Kings Ridge ,Week2,Woodley,Week1,212.0 Woodley - 190.0 Kings Ridge
Kings Ridge ,Week2,Hamlet,Week5,342.0 Hamlet - 60.0 Kings Ridge
Kings Ridge ,Week4,Greenbriar,Week1,275.5 Greenbriar - 126.5 Kings Ridge
Kings Ridge ,Week4,Waynewood,Week4,303.0 Waynewood - 99.0 Kings Ridge
Kings Ridge ,Week1,Cottontail,Week2,265.0 Cottontail - 137.0 Kings Ridge
Kings Ridge ,Week2,Mosby Woods,Week1,330.0 Mosby Woods - 72.0 Kings Ridge
Kings Ridge ,Week2,Sleepy Hollow Rec,Week4,241.0 Sleepy Hollow Rec - 161.0 Kings Ridge
Kings Ridge ,Week1,Mount Vernon Park,Week2,305.0 Mount Vernon Park - 97.0 Kings Ridge
Kings Ridge ,Week1,Woodley,Week2,213.0 Kings Ridge - 189.0 Woodley
Kent Gardens,Week4,Sully Station II,Week1,258.0 Sully Station II - 144.0 Kent Gardens
Kings Ridge ,Week5,Sleepy Hollow Rec,Week5,215.0 Sleepy Hollow Rec - 187.0 Kings Ridge
Kings Ridge ,Week1,Hamlet,Week4,342.0 Hamlet - 60.0 Kings Ridge
Kings Ridge ,Week1,Woodley,Week4,209.0 Kings Ridge - 193.0 Woodley
Kings Ridge ,Week1,Hamlet,Week5,365.0 Hamlet - 37.0 Kings Ridge
Kings Ridge ,Week1,Cottontail,Week3,253.0 Cottontail - 149.0 Kings Ridge
Kings Ridge ,Week5,Commonwealth,Week3,220.0 Commonwealth - 181.0 Kings Ridge
Kings Ridge ,Week2,Woodley,Week3,209.0 Woodley - 193.0 Kings Ridge
Kings Ridge ,Week2,Cottontail,Week2,259.0 Cottontail - 143.0 Kings Ridge
Kings Ridge ,Week5,Mosby Woods,Week4,289.0 Mosby Woods - 113.0 Kings Ridge
Kings Ridge ,Week2,Mount Vernon Park,Week1,304.0 Mount Vernon Park - 98.0 Kings Ridge
Kings Ridge ,Week4,Hamlet,Week3,341.0 Hamlet - 61.0 Kings Ridge
Kings Ridge ,Week4,Waynewood,Week1,269.0 Waynewood - 133.0 Kings Ridge
Kent Gardens,Week2,Truro,Week5,245.0 Kent Gardens - 156.0 Truro
Kent Gardens,Week5,Sully Station II,Week1,225.0 Sully Station II - 177.0 Kent Gardens
Kings Ridge ,Week3,Hamlet,Week2,337.0 Hamlet - 65.0 Kings Ridge
Kings Ridge ,Week4,Cottontail,Week5,255.0 Cottontail - 147.0 Kings Ridge
Kings Ridge ,Week5,Cottontail,Week2,235.5 Cottontail - 166.5 Kings Ridge
Kings Ridge ,Week4,Waynewood,Week3,305.0 Waynewood - 97.0 Kings Ridge
Kings Ridge ,Week5,Sleepy Hollow Rec,Week1,219.0 Kings Ridge - 183.0 Sleepy Hollow Rec
Kings Ridge ,Week3,Mosby Woods,Week1,320.0 Mosby Woods - 81.0 Kings Ridge
Kings Ridge ,Week4,Sleepy Hollow Rec,Week5,232.0 Sleepy Hollow Rec - 170.0 Kings Ridge
Kings Ridge ,Week5,Waynewood,Week3,301.0 Waynewood - 101.0 Kings Ridge
Kings Ridge ,Week5,Mosby Woods,Week1,296.0 Mosby Woods - 106.0 Kings Ridge
Kings Ridge ,Week3,Sleepy Hollow Rec,Week4,215.0 Sleepy Hollow Rec - 186.0 Kings Ridge
Kings Ridge ,Week5,Waynewood,Week2,298.0 Waynewood - 104.0 Kings Ridge
Kent Gardens,Week1,Truro,Week4,242.0 Kent Gardens - 160.0 Truro
Kings Ridge ,Week2,Sleepy Hollow Rec,Week3,262.0 Sleepy Hollow Rec - 140.0 Kings Ridge
Kent Gardens,Week2,Sully Station II,Week5,305.0 Sully Station II - 97.0 Kent Gardens
Kings Ridge ,Week1,Sleepy Hollow Rec,Week5,247.0 Sleepy Hollow Rec - 155.0 Kings Ridge
Kings Ridge ,Week2,Mount Vernon Park,Week3,315.0 Mount Vernon Park - 87.0 Kings Ridge
Kings Ridge ,Week2,Mosby Woods,Week4,315.0 Mosby Woods - 87.0 Kings Ridge
Kings Ridge ,Week5,Hamlet,Week5,343.0 Hamlet - 59.0 Kings Ridge
Kings Ridge ,Week4,Hamlet,Week1,324.0 Hamlet - 78.0 Kings Ridge
Kings Ridge ,Week2,Cottontail,Week4,268.5 Cottontail - 133.5 Kings Ridge
Kings Ridge ,Week1,Cottontail,Week5,275.0 Cottontail - 127.0 Kings Ridge
Kings Ridge ,Week1,Newington Forest,Week4,211.0 Newington Forest - 191.0 Kings Ridge
Kings Ridge ,Week5,Sleepy Hollow B & R,Week5,307.0 Sleepy Hollow B & R - 95.0 Kings Ridge
Kings Ridge ,Week2,Woodley,Week5,227.0 Woodley - 175.0 Kings Ridge
Kings Ridge ,Week5,Cottontail,Week4,233.0 Cottontail - 169.0 Kings Ridge
Kings Ridge ,Week1,Sleepy Hollow Rec,Week1,207.0 Sleepy Hollow Rec - 190.0 Kings Ridge
Kings Ridge ,Week2,Sleepy Hollow Rec,Week5,273.0 Sleepy Hollow Rec - 128.0 Kings Ridge
Kings Ridge ,Week3,Mosby Woods,Week2,319.5 Mosby Woods - 81.5 Kings Ridge
Kent Gardens,Week5,Sully Station II,Week3,263.0 Sully Station II - 139.0 Kent Gardens
Kings Ridge ,Week1,Mosby Woods,Week4,322.0 Mosby Woods - 80.0 Kings Ridge
Kings Ridge ,Week5,Greenbriar,Week2,285.0 Greenbriar - 117.0 Kings Ridge
Kings Ridge ,Week3,Mosby Woods,Week4,315.0 Mosby Woods - 86.0 Kings Ridge
Kings Ridge ,Week4,Mount Vernon Park,Week4,299.0 Mount Vernon Park - 103.0 Kings Ridge
Kings Ridge ,Week5,Waynewood,Week4,303.0 Waynewood - 99.0 Kings Ridge
Kings Ridge ,Week3,Woodley,Week2,216.0 Kings Ridge - 185.0 Woodley
Kings Ridge ,Week2,Hamlet,Week2,346.5 Hamlet - 55.5 Kings Ridge
Kings Ridge ,Week4,Cottontail,Week2,238.0 Cottontail - 164.0 Kings Ridge
Kings Ridge ,Week3,Country Club Hills,Week4,252.0 Country Club Hills - 150.0 Kings Ridge
Kings Ridge ,Week3,Mosby Woods,Week3,320.0 Mosby Woods - 81.0 Kings Ridge
Kent Gardens,Week4,Sully Station II,Week2,284.0 Sully Station II - 118.0 Kent Gardens
Kings Ridge ,Week5,Greenbriar,Week1,252.0 Greenbriar - 150.0 Kings Ridge
Kings Ridge ,Week2,Mosby Woods,Week3,335.0 Mosby Woods - 67.0 Kings Ridge
Kent Gardens,Week2,Sully Station II,Week4,249.0 Sully Station II - 153.0 Kent Gardens
Kent Gardens,Week3,Sully Station II,Week3,297.0 Sully Station II - 105.0 Kent Gardens
Kings Ridge ,Week5,Hamlet,Week3,335.0 Hamlet - 67.0 Kings Ridge
Kings Ridge ,Week3,Mount Vernon Park,Week3,307.0 Mount Vernon Park - 94.0 Kings Ridge
Kent Gardens,Week4,Sully Station II,Week4,251.0 Sully Station II - 151.0 Kent Gardens
Kings Ridge ,Week2,Woodley,Week4,212.0 Woodley - 190.0 Kings Ridge
Kings Ridge ,Week4,Mount Vernon Park,Week2,287.0 Mount Vernon Park - 115.0 Kings Ridge
Kings Ridge ,Week2,Sleepy Hollow Rec,Week2,251.0 Sleepy Hollow Rec - 150.0 Kings Ridge
Kings Ridge ,Week1,Country Club Hills,Week3,271.0 Country Club Hills - 131.0 Kings Ridge
Kings Ridge ,Week1,Sleepy Hollow Rec,Week3,252.0 Sleepy Hollow Rec - 150.0 Kings Ridge
Kings Ridge ,Week5,Mount Vernon Park,Week5,304.0 Mount Vernon Park - 98.0 Kings Ridge
Kings Ridge ,Week5,Cottontail,Week1,253.0 Cottontail - 149.0 Kings Ridge
Kings Ridge ,Week3,Waynewood,Week4,295.0 Waynewood - 107.0 Kings Ridge
Kings Ridge ,Week2,Hamlet,Week1,337.0 Hamlet - 65.0 Kings Ridge
Kings Ridge ,Week3,Woodley,Week3,201.0 Kings Ridge - 197.0 Woodley
Kings Ridge ,Week5,Mosby Woods,Week5,301.0 Mosby Woods - 101.0 Kings Ridge
Kings Ridge ,Week5,Sleepy Hollow B & R,Week4,293.0 Sleepy Hollow B & R - 109.0 Kings Ridge
Kings Ridge ,Week4,Mosby Woods,Week3,308.0 Mosby Woods - 94.0 Kings Ridge
Kent Gardens,Week5,Sully Station II,Week4,214.0 Sully Station II - 188.0 Kent Gardens
Kings Ridge ,Week5,Greenbriar,Week4,263.5 Greenbriar - 138.5 Kings Ridge
Kings Ridge ,Week2,Country Club Hills,Week2,266.0 Country Club Hills - 136.0 Kings Ridge
Kent Gardens,Week1,Truro,Week2,272.0 Kent Gardens - 126.0 Truro
Kent Gardens,Week2,Truro,Week2,268.0 Kent Gardens - 129.0 Truro
Kings Ridge ,Week1,Country Club Hills,Week1,264.0 Country Club Hills - 138.0 Kings Ridge
Kings Ridge ,Week5,Mount Vernon Park,Week2,288.0 Mount Vernon Park - 114.0 Kings Ridge
Kings Ridge ,Week2,Country Club Hills,Week5,297.0 Country Club Hills - 105.0 Kings Ridge
Kings Ridge ,Week4,Greenbriar,Week4,268.0 Greenbriar - 134.0 Kings Ridge
Kings Ridge ,Week3,Sleepy Hollow Rec,Week5,245.0 Sleepy Hollow Rec - 157.0 Kings Ridge
Kings Ridge ,Week1,Hamlet,Week1,338.0 Hamlet - 64.0 Kings Ridge
Kings Ridge ,Week4,Mount Vernon Park,Week5,298.0 Mount Vernon Park - 104.0 Kings Ridge
Kings Ridge ,Week4,Woodley,Week5,202.0 Kings Ridge - 200.0 Woodley
Kings Ridge ,Week4,Hamlet,Week5,340.0 Hamlet - 62.0 Kings Ridge
Kings Ridge ,Week5,Mosby Woods,Week2,307.0 Mosby Woods - 95.0 Kings Ridge
Kings Ridge ,Week3,Newington Forest,Week5,217.0 Newington Forest - 184.0 Kings Ridge
Kings Ridge ,Week3,Sleepy Hollow Rec,Week2,237.0 Sleepy Hollow Rec - 164.0 Kings Ridge
Kent Gardens,Week4,Sully Station II,Week5,295.0 Sully Station II - 107.0 Kent Gardens
Kings Ridge ,Week4,Woodley,Week4,220.0 Kings Ridge - 182.0 Woodley
Kings Ridge ,Week3,Sleepy Hollow Rec,Week1,221.0 Sleepy Hollow Rec - 181.0 Kings Ridge
Kings Ridge ,Week3,Country Club Hills,Week3,254.0 Country Club Hills - 148.0 Kings Ridge
Kings Ridge ,Week2,Hamlet,Week4,333.5 Hamlet - 68.5 Kings Ridge
Kings Ridge ,Week3,Hamlet,Week1,336.0 Hamlet - 66.0 Kings Ridge
Kings Ridge ,Week2,Sleepy Hollow Rec,Week1,240.0 Sleepy Hollow Rec - 162.0 Kings Ridge
Kings Ridge ,Week3,Cottontail,Week1,261.0 Cottontail - 141.0 Kings Ridge
Kent Gardens,Week2,Truro,Week1,248.0 Kent Gardens - 154.0 Truro
Kings Ridge ,Week3,Mosby Woods,Week5,323.0 Mosby Woods - 79.0 Kings Ridge
Kings Ridge ,Week1,Newington Forest,Week2,207.0 Kings Ridge - 194.0 Newington Forest
Kings Ridge ,Week3,Mount Vernon Park,Week5,312.0 Mount Vernon Park - 90.0 Kings Ridge
Kent Gardens,Week1,Truro,Week1,261.0 Kent Gardens - 141.0 Truro
Kings Ridge ,Week3,Woodley,Week4,201.0 Kings Ridge - 201.0 Woodley
Kings Ridge ,Week3,Woodley,Week5,201.0 Kings Ridge - 200.0 Woodley
Kings Ridge ,Week4,Woodley,Week1,221.0 Kings Ridge - 181.0 Woodley
Kings Ridge ,Week1,Mount Vernon Park,Week1,305.0 Mount Vernon Park - 97.0 Kings Ridge
Kings Ridge ,Week2,Country Club Hills,Week4,262.0 Country Club Hills - 140.0 Kings Ridge
Kings Ridge ,Week1,Mosby Woods,Week1,339.0 Mosby Woods - 63.0 Kings Ridge
Kings Ridge ,Week1,Country Club Hills,Week5,292.0 Country Club Hills - 110.0 Kings Ridge
Kings Ridge ,Week2,Newington Forest,Week1,213.0 Kings Ridge - 189.0 Newington Forest
Kings Ridge ,Week5,Woodley,Week1,227.0 Kings Ridge - 175.0 Woodley
Kent Gardens,Week1,Truro,Week3,263.0 Kent Gardens - 139.0 Truro
Kings Ridge ,Week5,Woodley,Week2,228.0 Kings Ridge - 174.0 Woodley
Kings Ridge ,Week2,Newington Forest,Week3,207.0 Kings Ridge - 195.0 Newington Forest
Kings Ridge ,Week3,Cottontail,Week2,258.0 Cottontail - 144.0 Kings Ridge
Kings Ridge ,Week3,Sleepy Hollow Rec,Week3,235.0 Sleepy Hollow Rec - 166.0 Kings Ridge
Kings Ridge ,Week2,Mount Vernon Park,Week2,304.0 Mount Vernon Park - 98.0 Kings Ridge
Kent Gardens,Week5,Truro,Week5,266.0 Kent Gardens - 136.0 Truro
Kings Ridge ,Week3,Mount Vernon Park,Week4,303.0 Mount Vernon Park - 99.0 Kings Ridge
Kings Ridge ,Week5,Greenbriar,Week5,257.5 Greenbriar - 144.5 Kings Ridge
Kings Ridge ,Week4,Sleepy Hollow Rec,Week3,230.0 Sleepy Hollow Rec - 172.0 Kings Ridge
Kings Ridge ,Week4,Sleepy Hollow Rec,Week1,204.0 Kings Ridge - 198.0 Sleepy Hollow Rec
Kings Ridge ,Week5,Greenbriar,Week3,270.0 Greenbriar - 132.0 Kings Ridge
Kings Ridge ,Week4,Sleepy Hollow Rec,Week2,208.0 Sleepy Hollow Rec - 194.0 Kings Ridge
Kent Gardens,Week3,Sully Station II,Week2,286.0 Sully Station II - 116.0 Kent Gardens
Kings Ridge ,Week2,Country Club Hills,Week1,267.0 Country Club Hills - 135.0 Kings Ridge
Kings Ridge ,Week2,Mount Vernon Park,Week4,315.0 Mount Vernon Park - 87.0 Kings Ridge
Kings Ridge ,Week1,Mount Vernon Park,Week5,326.0 Mount Vernon Park - 76.0 Kings Ridge
Kings Ridge ,Week4,Woodley,Week2,226.0 Kings Ridge - 176.0 Woodley
Kings Ridge ,Week1,Mount Vernon Park,Week3,309.0 Mount Vernon Park - 93.0 Kings Ridge
Kings Ridge ,Week4,Greenbriar,Week5,273.0 Greenbriar - 129.0 Kings Ridge
Kent Gardens,Week2,Truro,Week3,257.0 Kent Gardens - 145.0 Truro
Kings Ridge ,Week2,Hamlet,Week3,342.0 Hamlet - 60.0 Kings Ridge
Kings Ridge ,Week3,Hamlet,Week3,334.0 Hamlet - 68.0 Kings Ridge
Kings Ridge ,Week4,Cottontail,Week1,258.0 Cottontail - 144.0 Kings Ridge
Kings Ridge ,Week4,Woodley,Week3,217.0 Kings Ridge - 185.0 Woodley
Kings Ridge ,Week1,Country Club Hills,Week4,262.0 Country Club Hills - 135.0 Kings Ridge
Kent Gardens,Week3,Sully Station II,Week4,259.0 Sully Station II - 143.0 Kent Gardens
Kent Gardens,Week5,Sully Station II,Week2,239.0 Sully Station II - 163.0 Kent Gardens
Kings Ridge ,Week1,Hamlet,Week3,347.0 Hamlet - 55.0 Kings Ridge
Kings Ridge ,Week5,Mount Vernon Park,Week4,286.0 Mount Vernon Park - 116.0 Kings Ridge
Kings Ridge ,Week2,Country Club Hills,Week3,265.0 Country Club Hills - 137.0 Kings Ridge
Kings Ridge ,Week4,Cottontail,Week3,237.0 Cottontail - 165.0 Kings Ridge
Kent Gardens,Week2,Sully Station II,Week3,303.0 Sully Station II - 99.0 Kent Gardens
Kings Ridge ,Week5,Sleepy Hollow Rec,Week4,228.0 Kings Ridge - 174.0 Sleepy Hollow Rec
Kings Ridge ,Week5,Ilda Community,Week5,222.0 Kings Ridge - 179.0 Ilda Community
Kings Ridge ,Week2,Mount Vernon Park,Week5,318.0 Mount Vernon Park - 84.0 Kings Ridge
Kings Ridge ,Week3,Somerset-Olde Creek,Week4,259.0 Kings Ridge - 142.0 Somerset-Olde Creek
Kings Ridge ,Week5,Woodley,Week4,231.0 Kings Ridge - 171.0 Woodley
Lake Braddock,Week4,Annandale,Week3,224.0 Annandale - 178.0 Lake Braddock
Kings Ridge ,Week3,Hamlet,Week4,325.0 Hamlet - 77.0 Kings Ridge
Lake Braddock,Week1,Annandale,Week1,226.0 Annandale - 176.0 Lake Braddock
Kings Ridge ,Week5,Woodley,Week3,224.0 Kings Ridge - 178.0 Woodley
Kings Ridge ,Week2,Ilda Community,Week1,208.0 Kings Ridge - 193.0 Ilda Community
Kings Ridge ,Week5,Sleepy Hollow Rec,Week2,209.0 Kings Ridge - 193.0 Sleepy Hollow Rec
Kings Ridge ,Week2,Kent Gardens,Week1,313.0 Kent Gardens - 89.0 Kings Ridge
Kings Ridge ,Week5,Mount Vernon Park,Week1,292.0 Mount Vernon Park - 110.0 Kings Ridge
Kings Ridge ,Week5,Sleepy Hollow Rec,Week3,221.0 Sleepy Hollow Rec - 181.0 Kings Ridge
Kings Ridge ,Week1,Country Club Hills,Week2,258.0 Country Club Hills - 144.0 Kings Ridge
Kings Ridge ,Week1,Ilda Community,Week5,217.0 Ilda Community - 184.0 Kings Ridge
Kings Ridge ,Week1,Newington Forest,Week1,226.0 Kings Ridge - 175.0 Newington Forest
Kings Ridge ,Week5,Hamlet,Week1,314.0 Hamlet - 88.0 Kings Ridge
Kings Ridge ,Week4,Somerset-Olde Creek,Week5,249.0 Kings Ridge - 153.0 Somerset-Olde Creek
Kings Ridge ,Week2,Ilda Community,Week2,203.0 Ilda Community - 199.0 Kings Ridge
Kent Gardens,Week4,Sully Station II,Week3,286.0 Sully Station II - 116.0 Kent Gardens
Kings Ridge ,Week4,Mount Vernon Park,Week1,285.0 Mount Vernon Park - 117.0 Kings Ridge
Lake Braddock,Week4,Cardinal Hill,Week5,338.0 Cardinal Hill - 64.0 Lake Braddock
Kings Ridge ,Week4,Hamlet,Week4,320.0 Hamlet - 82.0 Kings Ridge
Kent Gardens,Week3,Truro,Week1,235.0 Kent Gardens - 167.0 Truro
Kings Ridge ,Week4,Hamlet,Week2,338.0 Hamlet - 64.0 Kings Ridge
Kings Ridge ,Week3,Newington Forest,Week1,223.0 Kings Ridge - 173.0 Newington Forest
Kings Ridge ,Week1,Somerset-Olde Creek,Week4,250.0 Kings Ridge - 152.0 Somerset-Olde Creek
Kings Ridge ,Week2,Ilda Community,Week5,211.0 Ilda Community - 190.0 Kings Ridge
Lake Braddock,Week5,Cardinal Hill,Week2,318.0 Cardinal Hill - 84.0 Lake Braddock
Kent Gardens,Week1,Truro,Week5,254.0 Kent Gardens - 147.0 Truro
Kings Ridge ,Week3,Ilda Community,Week2,202.0 Ilda Community - 196.0 Kings Ridge
Kings Ridge ,Week3,Cottontail,Week5,263.0 Cottontail - 139.0 Kings Ridge
Kings Ridge ,Week1,South Run,Week3,264.0 South Run - 138.0 Kings Ridge
Kings Ridge ,Week3,Newington Forest,Week2,227.0 Kings Ridge - 167.0 Newington Forest
Kings Ridge ,Week5,Mount Vernon Park,Week3,301.0 Mount Vernon Park - 101.0 Kings Ridge
Kings Ridge ,Week2,Newington Forest,Week5,236.0 Newington Forest - 166.0 Kings Ridge
Kings Ridge ,Week5,Hamlet,Week2,334.0 Hamlet - 68.0 Kings Ridge
Kent Gardens,Week5,Sully Station II,Week5,277.0 Sully Station II - 125.0 Kent Gardens
Kings Ridge ,Week5,Hamlet,Week4,311.0 Hamlet - 91.0 Kings Ridge
Lake Braddock,Week1,Annandale,Week3,257.0 Annandale - 145.0 Lake Braddock
Lake Braddock,Week3,Cardinal Hill,Week5,334.0 Cardinal Hill - 68.0 Lake Braddock
Kings Ridge ,Week3,Cottontail,Week3,244.0 Cottontail - 157.0 Kings Ridge
Kent Gardens,Week3,Sully Station II,Week5,308.0 Sully Station II - 94.0 Kent Gardens
Lake Braddock,Week3,Annandale,Week3,226.5 Annandale - 175.5 Lake Braddock
Kings Ridge ,Week3,Hayfield Farm,Week1,264.0 Hayfield Farm - 138.0 Kings Ridge
Kent Gardens,Week2,Truro,Week4,233.0 Kent Gardens - 169.0 Truro
Kings Ridge ,Week4,Cottontail,Week4,237.0 Cottontail - 165.0 Kings Ridge
Kings Ridge ,Week1,Ilda Community,Week4,220.0 Ilda Community - 182.0 Kings Ridge
Kent Gardens,Week3,Sully Station II,Week1,255.0 Sully Station II - 147.0 Kent Gardens
Kings Ridge ,Week1,South Run,Week5,275.0 South Run - 127.0 Kings Ridge
Kings Ridge ,Week3,Ilda Community,Week5,197.0 Ilda Community - 196.0 Kings Ridge
Lake Braddock,Week5,Cardinal Hill,Week1,340.0 Cardinal Hill - 62.0 Lake Braddock
Kings Ridge ,Week2,Hayfield Farm,Week2,290.0 Hayfield Farm - 112.0 Kings Ridge
Kings Ridge ,Week2,Somerset-Olde Creek,Week1,261.0 Kings Ridge - 135.0 Somerset-Olde Creek
Lake Braddock,Week1,Annandale,Week5,247.0 Annandale - 155.0 Lake Braddock
Kings Ridge ,Week5,Cottontail,Week3,231.0 Cottontail - 171.0 Kings Ridge
Lake Braddock,Week5,Annandale,Week1,212.0 Lake Braddock - 189.0 Annandale
Kings Ridge ,Week1,Somerset-Olde Creek,Week1,261.0 Kings Ridge - 140.0 Somerset-Olde Creek
Kings Ridge ,Week1,Newington Forest,Week3,207.0 Kings Ridge - 195.0 Newington Forest
Kings Ridge ,Week3,Ilda Community,Week1,207.0 Kings Ridge - 186.0 Ilda Community
Lake Braddock,Week2,Annandale,Week4,204.0 Lake Braddock - 198.0 Annandale
Kings Ridge ,Week3,Cottontail,Week4,251.0 Cottontail - 151.0 Kings Ridge
Kings Ridge ,Week3,Country Club Hills,Week1,271.0 Country Club Hills - 131.0 Kings Ridge
Kings Ridge ,Week1,Herndon,Week5,246.5 Kings Ridge - 155.5 Herndon
Kent Gardens,Week3,Truro,Week3,244.0 Kent Gardens - 158.0 Truro
Kings Ridge ,Week3,Mount Vernon Park,Week2,297.0 Mount Vernon Park - 105.0 Kings Ridge
Kings Ridge ,Week3,Ilda Community,Week4,220.0 Ilda Community - 177.0 Kings Ridge
Lake Braddock,Week4,Cardinal Hill,Week2,330.0 Cardinal Hill - 72.0 Lake Braddock
Kings Ridge ,Week5,Hayfield Farm,Week2,263.0 Hayfield Farm - 139.0 Kings Ridge
Kings Ridge ,Week1,Hayfield Farm,Week1,280.0 Hayfield Farm - 122.0 Kings Ridge
Lake Braddock,Week3,Annandale,Week2,213.0 Annandale - 188.0 Lake Braddock
Kings Ridge ,Week2,Somerset-Olde Creek,Week3,270.0 Kings Ridge - 127.0 Somerset-Olde Creek
Kings Ridge ,Week3,Ilda Community,Week3,204.0 Kings Ridge - 193.0 Ilda Community
Kent Gardens,Week3,Truro,Week5,228.0 Kent Gardens - 173.0 Truro
Lake Braddock,Week2,Arlington Forest,Week4,328.0 Arlington Forest - 74.0 Lake Braddock
Kent Gardens,Week3,Truro,Week2,264.0 Kent Gardens - 134.0 Truro
Kings Ridge ,Week1,Somerset-Olde Creek,Week3,279.0 Kings Ridge - 118.0 Somerset-Olde Creek
Kings Ridge ,Week5,Woodley,Week5,217.0 Kings Ridge - 185.0 Woodley
Kings Ridge ,Week2,Somerset-Olde Creek,Week2,275.0 Kings Ridge - 125.0 Somerset-Olde Creek
Lake Braddock,Week5,Cardinal Hill,Week5,325.0 Cardinal Hill - 77.0 Lake Braddock
Kings Ridge ,Week3,Country Club Hills,Week2,270.0 Country Club Hills - 131.0 Kings Ridge
Kings Ridge ,Week4,Crosspointe,Week1,307.0 Crosspointe - 95.0 Kings Ridge
Lake Braddock,Week4,Cardinal Hill,Week1,357.0 Cardinal Hill - 45.0 Lake Braddock
Kings Ridge ,Week4,Mount Vernon Park,Week3,299.0 Mount Vernon Park - 103.0 Kings Ridge
Kings Ridge ,Week5,Cottontail,Week5,255.0 Cottontail - 147.0 Kings Ridge
Kings Ridge ,Week3,Mount Vernon Park,Week1,303.0 Mount Vernon Park - 99.0 Kings Ridge
Kings Ridge ,Week1,Ilda Community,Week3,204.0 Ilda Community - 198.0 Kings Ridge
Kings Ridge ,Week4,Ilda Community,Week2,243.0 Kings Ridge - 159.0 Ilda Community
Kings Ridge ,Week2,Somerset-Olde Creek,Week4,254.0 Kings Ridge - 147.0 Somerset-Olde Creek
Kings Ridge ,Week4,Hayfield Farm,Week1,264.0 Hayfield Farm - 138.0 Kings Ridge
Lake Braddock,Week5,Cardinal Hill,Week3,343.0 Cardinal Hill - 59.0 Lake Braddock
Kings Ridge ,Week3,Newington Forest,Week3,217.5 Kings Ridge - 180.5 Newington Forest
Kings Ridge ,Week1,Somerset-Olde Creek,Week2,277.0 Kings Ridge - 120.0 Somerset-Olde Creek
Lake Braddock,Week4,Annandale,Week2,206.0 Annandale - 196.0 Lake Braddock
Kent Gardens,Week3,Dominion Hills,Week5,248.0 Dominion Hills - 154.0 Kent Gardens
Kings Ridge ,Week2,Ilda Community,Week4,226.0 Ilda Community - 176.0 Kings Ridge
Kent Gardens,Week4,Truro,Week4,225.0 Kent Gardens - 177.0 Truro
Kent Gardens,Week5,Daventry,Week3,306.0 Kent Gardens - 96.0 Daventry
Kings Ridge ,Week5,Country Club Hills,Week5,272.0 Country Club Hills - 130.0 Kings Ridge
Lake Braddock,Week3,Annandale,Week5,221.0 Annandale - 181.0 Lake Braddock
Kent Gardens,Week4,Truro,Week2,266.0 Kent Gardens - 134.0 Truro
Lake Braddock,Week3,Annandale,Week4,204.0 Lake Braddock - 197.0 Annandale
Lake Braddock,Week3,Cardinal Hill,Week4,339.0 Cardinal Hill - 63.0 Lake Braddock
Kent Gardens,Week5,Truro,Week1,273.0 Kent Gardens - 129.0 Truro
Kings Ridge ,Week3,Somerset-Olde Creek,Week1,255.0 Kings Ridge - 136.0 Somerset-Olde Creek
Kings Ridge ,Week1,North Springfield,Week1,257.0 Kings Ridge - 93.0 North Springfield
Kings Ridge ,Week3,Somerset-Olde Creek,Week3,273.0 Kings Ridge - 122.0 Somerset-Olde Creek
Kings Ridge ,Week3,Somerset-Olde Creek,Week2,284.0 Kings Ridge - 116.0 Somerset-Olde Creek
Kings Ridge ,Week1,Crosspointe,Week1,324.0 Crosspointe - 78.0 Kings Ridge
Lake Braddock,Week4,Annandale,Week4,210.0 Lake Braddock - 192.0 Annandale
Kings Ridge ,Week2,Newington Forest,Week4,220.0 Newington Forest - 182.0 Kings Ridge
Kent Gardens,Week5,Truro,Week2,300.0 Kent Gardens - 101.0 Truro
Kings Ridge ,Week2,Ilda Community,Week3,207.0 Ilda Community - 195.0 Kings Ridge
Kings Ridge ,Week2,Crosspointe,Week1,328.0 Crosspointe - 74.0 Kings Ridge
Kings Ridge ,Week2,Hayfield Farm,Week5,285.0 Hayfield Farm - 117.0 Kings Ridge
Kent Gardens,Week3,Dominion Hills,Week1,202.0 Kent Gardens - 200.0 Dominion Hills
Kings Ridge ,Week4,Country Club Hills,Week5,266.0 Country Club Hills - 136.0 Kings Ridge
Kings Ridge ,Week4,Ilda Community,Week4,204.0 Kings Ridge - 198.0 Ilda Community
Kings Ridge ,Week5,Newington Forest,Week2,242.0 Kings Ridge - 160.0 Newington Forest
Kings Ridge ,Week1,Hayfield Farm,Week3,289.0 Hayfield Farm - 113.0 Kings Ridge
Kings Ridge ,Week4,Hayfield Farm,Week4,279.0 Hayfield Farm - 123.0 Kings Ridge
Lake Braddock,Week1,Annandale,Week4,224.0 Annandale - 178.0 Lake Braddock
Kings Ridge ,Week4,Ilda Community,Week3,224.0 Kings Ridge - 178.0 Ilda Community
Lake Braddock,Week5,Annandale,Week2,204.0 Annandale - 198.0 Lake Braddock
Lake Braddock,Week5,Cardinal Hill,Week4,331.0 Cardinal Hill - 71.0 Lake Braddock
Kings Ridge ,Week5,Ilda Community,Week2,229.0 Kings Ridge - 173.0 Ilda Community
Kings Ridge ,Week2,Hayfield Farm,Week1,269.0 Hayfield Farm - 133.0 Kings Ridge
Kent Gardens,Week3,Truro,Week4,224.0 Kent Gardens - 178.0 Truro
Kings Ridge ,Week4,Somerset-Olde Creek,Week2,292.0 Kings Ridge - 110.0 Somerset-Olde Creek
Kings Ridge ,Week2,Crosspointe,Week3,319.0 Crosspointe - 83.0 Kings Ridge
Kings Ridge ,Week2,Newington Forest,Week2,211.0 Kings Ridge - 190.0 Newington Forest
Kings Ridge ,Week3,Newington Forest,Week4,209.0 Newington Forest - 192.0 Kings Ridge
Kings Ridge ,Week1,Newington Forest,Week5,216.0 Newington Forest - 181.0 Kings Ridge
Kent Gardens,Week5,Truro,Week3,271.0 Kent Gardens - 131.0 Truro
Kings Ridge ,Week3,Somerset-Olde Creek,Week5,231.0 Kings Ridge - 165.0 Somerset-Olde Creek
Kent Gardens,Week2,Dominion Hills,Week5,248.0 Dominion Hills - 154.0 Kent Gardens
Kings Ridge ,Week5,Country Club Hills,Week3,244.0 Country Club Hills - 158.0 Kings Ridge
Kent Gardens,Week4,Dominion Hills,Week1,213.0 Kent Gardens - 189.0 Dominion Hills
Kent Gardens,Week4,Dominion Hills,Week4,233.0 Dominion Hills - 169.0 Kent Gardens
Kings Ridge ,Week4,Country Club Hills,Week3,232.0 Country Club Hills - 170.0 Kings Ridge
Kent Gardens,Week1,Dominion Hills,Week2,203.0 Dominion Hills - 199.0 Kent Gardens
Kent Gardens,Week4,Truro,Week1,248.0 Kent Gardens - 154.0 Truro
Kings Ridge ,Week1,Hayfield Farm,Week2,275.0 Hayfield Farm - 127.0 Kings Ridge
Lake Braddock,Week4,Cardinal Hill,Week4,338.0 Cardinal Hill - 64.0 Lake Braddock
Kings Ridge ,Week4,Ilda Community,Week5,224.0 Kings Ridge - 178.0 Ilda Community
Kent Gardens,Week4,Truro,Week5,234.0 Kent Gardens - 168.0 Truro
Kings Ridge ,Week4,Ilda Community,Week1,237.0 Kings Ridge - 165.0 Ilda Community
Kings Ridge ,Week3,Country Club Hills,Week5,286.0 Country Club Hills - 115.0 Kings Ridge
Kings Ridge ,Week5,Ilda Community,Week3,231.0 Kings Ridge - 171.0 Ilda Community
Kings Ridge ,Week2,Crosspointe,Week4,325.0 Crosspointe - 77.0 Kings Ridge
Kings Ridge ,Week3,Hayfield Farm,Week3,286.0 Hayfield Farm - 116.0 Kings Ridge
Kings Ridge ,Week2,Hayfield Farm,Week4,297.0 Hayfield Farm - 105.0 Kings Ridge
Kings Ridge ,Week4,Hayfield Farm,Week5,271.0 Hayfield Farm - 131.0 Kings Ridge
Kent Gardens,Week4,Truro,Week3,259.0 Kent Gardens - 143.0 Truro
Lake Braddock,Week2,Annandale,Week3,222.0 Annandale - 180.0 Lake Braddock
Lake Braddock,Week1,Arlington Forest,Week1,332.0 Arlington Forest - 70.0 Lake Braddock
Kings Ridge ,Week4,Somerset-Olde Creek,Week4,268.0 Kings Ridge - 134.0 Somerset-Olde Creek
Lake Braddock,Week2,Annandale,Week2,211.0 Annandale - 191.0 Lake Braddock
Kings Ridge ,Week5,Ilda Community,Week1,239.0 Kings Ridge - 162.0 Ilda Community
Kent Gardens,Week5,Daventry,Week5,301.0 Kent Gardens - 101.0 Daventry
Kings Ridge ,Week5,Newington Forest,Week5,209.0 Newington Forest - 193.0 Kings Ridge
Kings Ridge ,Week4,Newington Forest,Week1,237.0 Kings Ridge - 165.0 Newington Forest
Kings Ridge ,Week4,Somerset-Olde Creek,Week1,278.0 Kings Ridge - 124.0 Somerset-Olde Creek
Kings Ridge ,Week5,Hayfield Farm,Week3,268.0 Hayfield Farm - 134.0 Kings Ridge
Kings Ridge ,Week5,Country Club Hills,Week2,242.0 Country Club Hills - 160.0 Kings Ridge
Kings Ridge ,Week4,Newington Forest,Week3,215.0 Kings Ridge - 187.0 Newington Forest
Kings Ridge ,Week5,Hayfield Farm,Week4,276.5 Hayfield Farm - 125.5 Kings Ridge
Lake Braddock,Week4,Annandale,Week1,203.0 Annandale - 198.0 Lake Braddock
Kings Ridge ,Week3,Crosspointe,Week1,319.0 Crosspointe - 83.0 Kings Ridge
Kings Ridge ,Week1,Kent Gardens,Week1,308.0 Kent Gardens - 94.0 Kings Ridge
Kings Ridge ,Week5,Ilda Community,Week4,206.0 Ilda Community - 196.0 Kings Ridge
Lake Braddock,Week2,Annandale,Week1,210.0 Lake Braddock - 191.0 Annandale
Kings Ridge ,Week5,Newington Forest,Week4,204.0 Kings Ridge - 198.0 Newington Forest
Lake Braddock,Week4,Cardinal Hill,Week3,352.0 Cardinal Hill - 50.0 Lake Braddock
Kings Ridge ,Week5,Hayfield Farm,Week1,262.0 Hayfield Farm - 140.0 Kings Ridge
Kings Ridge ,Week5,North Springfield,Week2,252.0 Kings Ridge - 135.0 North Springfield
Kings Ridge ,Week4,Somerset-Olde Creek,Week3,286.0 Kings Ridge - 116.0 Somerset-Olde Creek
Kent Gardens,Week2,Great Falls,Week4,220.0 Great Falls - 178.0 Kent Gardens
Kings Ridge ,Week2,Somerset-Olde Creek,Week5,232.0 Kings Ridge - 165.0 Somerset-Olde Creek
Kent Gardens,Week1,Tuckahoe,Week3,351.0 Tuckahoe - 51.0 Kent Gardens
Kent Gardens,Week2,Great Falls,Week1,213.0 Kent Gardens - 189.0 Great Falls
Kent Gardens,Week1,Dominion Hills,Week1,211.0 Kent Gardens - 191.0 Dominion Hills
Kent Gardens,Week2,Dominion Hills,Week4,233.0 Dominion Hills - 169.0 Kent Gardens
Kings Ridge ,Week2,Crosspointe,Week2,318.0 Crosspointe - 84.0 Kings Ridge
Kings Ridge ,Week1,Somerset-Olde Creek,Week5,235.0 Kings Ridge - 167.0 Somerset-Olde Creek
Kent Gardens,Week1,Tuckahoe,Week1,324.0 Tuckahoe - 78.0 Kent Gardens
Lake Braddock,Week2,Arlington Forest,Week1,316.0 Arlington Forest - 86.0 Lake Braddock
Kent Gardens,Week5,Truro,Week4,262.0 Kent Gardens - 140.0 Truro
Kings Ridge ,Week4,Country Club Hills,Week1,239.0 Country Club Hills - 163.0 Kings Ridge
Kings Ridge ,Week1,Kent Gardens,Week5,313.0 Kent Gardens - 89.0 Kings Ridge
Kings Ridge ,Week1,Crosspointe,Week5,332.0 Crosspointe - 70.0 Kings Ridge
Kent Gardens,Week3,Tuckahoe,Week3,354.0 Tuckahoe - 48.0 Kent Gardens
Kent Gardens,Week1,Dominion Hills,Week4,231.0 Dominion Hills - 171.0 Kent Gardens
Kent Gardens,Week2,Crosspointe,Week1,280.0 Crosspointe - 122.0 Kent Gardens
Kent Gardens,Week3,Dominion Hills,Week3,210.0 Dominion Hills - 192.0 Kent Gardens
Kings Ridge ,Week1,Herndon,Week2,249.0 Kings Ridge - 153.0 Herndon
Kings Ridge ,Week5,Newington Forest,Week1,241.0 Kings Ridge - 161.0 Newington Forest
Lake Braddock,Week3,Annandale,Week1,206.0 Annandale - 195.0 Lake Braddock
Kent Gardens,Week4,Fox Mill Woods,Week5,269.5 Fox Mill Woods - 132.5 Kent Gardens
Kings Ridge ,Week2,North Springfield,Week4,235.0 Kings Ridge - 155.0 North Springfield
Kings Ridge ,Week3,Crosspointe,Week2,305.0 Crosspointe - 96.0 Kings Ridge
Kings Ridge ,Week1,Herndon,Week1,259.0 Kings Ridge - 143.0 Herndon
Lake Braddock,Week2,Annandale,Week5,220.0 Annandale - 182.0 Lake Braddock
Kent Gardens,Week3,Tuckahoe,Week5,350.0 Tuckahoe - 52.0 Kent Gardens
Kings Ridge ,Week1,Kent Gardens,Week3,289.0 Kent Gardens - 113.0 Kings Ridge
Kent Gardens,Week3,Fox Mill Woods,Week4,268.0 Fox Mill Woods - 134.0 Kent Gardens
Kings Ridge ,Week1,Kent Gardens,Week4,284.0 Kent Gardens - 118.0 Kings Ridge
Kings Ridge ,Week3,Hayfield Farm,Week2,273.0 Hayfield Farm - 129.0 Kings Ridge
Kings Ridge ,Week1,Kent Gardens,Week2,281.0 Kent Gardens - 121.0 Kings Ridge
Kent Gardens,Week3,Tuckahoe,Week4,355.0 Tuckahoe - 47.0 Kent Gardens
Kent Gardens,Week5,Dominion Hills,Week1,256.0 Kent Gardens - 146.0 Dominion Hills
Kings Ridge ,Week2,North Springfield,Week1,231.0 Kings Ridge - 117.0 North Springfield
Lake Braddock,Week1,Annandale,Week2,226.0 Annandale - 176.0 Lake Braddock
Kings Ridge ,Week1,Hayfield Farm,Week4,298.0 Hayfield Farm - 104.0 Kings Ridge
Kings Ridge ,Week5,Somerset-Olde Creek,Week2,292.0 Kings Ridge - 108.0 Somerset-Olde Creek
Kent Gardens,Week1,Dominion Hills,Week3,220.0 Kent Gardens - 182.0 Dominion Hills
Kent Gardens,Week1,Tuckahoe,Week5,345.0 Tuckahoe - 57.0 Kent Gardens
Lake Braddock,Week4,Annandale,Week5,208.0 Annandale - 194.0 Lake Braddock
Kings Ridge ,Week4,Newington Forest,Week2,235.0 Kings Ridge - 167.0 Newington Forest
Kings Ridge ,Week5,Somerset-Olde Creek,Week3,291.0 Kings Ridge - 110.0 Somerset-Olde Creek
Kings Ridge ,Week5,Somerset-Olde Creek,Week1,267.0 Kings Ridge - 133.0 Somerset-Olde Creek
Kent Gardens,Week3,Fox Mill Woods,Week1,272.0 Fox Mill Woods - 130.0 Kent Gardens
Kings Ridge ,Week5,Somerset-Olde Creek,Week5,260.0 Kings Ridge - 142.0 Somerset-Olde Creek
Kent Gardens,Week5,Fox Mill Woods,Week4,228.0 Fox Mill Woods - 174.0 Kent Gardens
Lake Braddock,Week1,Arlington Forest,Week2,315.0 Arlington Forest - 87.0 Lake Braddock
Kings Ridge ,Week3,Crosspointe,Week4,315.0 Crosspointe - 87.0 Kings Ridge
Kings Ridge ,Week5,Country Club Hills,Week1,242.0 Country Club Hills - 160.0 Kings Ridge
Kent Gardens,Week4,Fox Mill Woods,Week2,260.5 Fox Mill Woods - 141.5 Kent Gardens
Kent Gardens,Week4,Dominion Hills,Week5,237.0 Dominion Hills - 165.0 Kent Gardens
Kings Ridge ,Week5,Somerset-Olde Creek,Week4,273.0 Kings Ridge - 128.0 Somerset-Olde Creek
Lake Braddock,Week5,Annandale,Week3,214.0 Annandale - 188.0 Lake Braddock
Lake Braddock,Week1,Arlington Forest,Week3,317.0 Arlington Forest - 85.0 Lake Braddock
Kings Ridge ,Week3,Crosspointe,Week3,295.0 Crosspointe - 106.0 Kings Ridge
Kings Ridge ,Week4,Country Club Hills,Week2,234.0 Country Club Hills - 168.0 Kings Ridge
Kings Ridge ,Week3,North Springfield,Week3,227.0 Kings Ridge - 165.0 North Springfield
Kent Gardens,Week1,Dominion Hills,Week5,223.0 Dominion Hills - 179.0 Kent Gardens
Kings Ridge ,Week4,Hayfield Farm,Week3,279.0 Hayfield Farm - 123.0 Kings Ridge
Kent Gardens,Week1,Crosspointe,Week4,243.0 Crosspointe - 159.0 Kent Gardens
Kent Gardens,Week3,Tuckahoe,Week1,341.5 Tuckahoe - 60.5 Kent Gardens
Kings Ridge ,Week2,Crosspointe,Week5,340.0 Crosspointe - 62.0 Kings Ridge
Kent Gardens,Week4,Fox Mill Woods,Week4,275.0 Fox Mill Woods - 127.0 Kent Gardens
Kent Gardens,Week3,Tuckahoe,Week2,340.5 Tuckahoe - 61.5 Kent Gardens
Kings Ridge ,Week1,South Run,Week1,234.0 South Run - 154.0 Kings Ridge
Kings Ridge ,Week4,Hayfield Farm,Week2,261.0 Hayfield Farm - 141.0 Kings Ridge
Kent Gardens,Week2,Tuckahoe,Week2,347.0 Tuckahoe - 55.0 Kent Gardens
Kent Gardens,Week4,Dominion Hills,Week2,203.0 Kent Gardens - 199.0 Dominion Hills
Kings Ridge ,Week3,North Springfield,Week2,240.0 Kings Ridge - 143.0 North Springfield
Lake Braddock,Week5,Annandale,Week4,223.0 Lake Braddock - 179.0 Annandale
Kings Ridge ,Week1,Herndon,Week3,238.0 Kings Ridge - 164.0 Herndon
Kent Gardens,Week2,Crosspointe,Week4,281.0 Crosspointe - 121.0 Kent Gardens
Kings Ridge ,Week1,South Run,Week2,227.0 South Run - 170.0 Kings Ridge
Kings Ridge ,Week2,Kent Gardens,Week5,315.0 Kent Gardens - 87.0 Kings Ridge
Kings Ridge ,Week5,Kent Gardens,Week3,254.0 Kent Gardens - 148.0 Kings Ridge
Kings Ridge ,Week2,Kings Ridge ,Week4,232.0 Kings Ridge  (KR2) - 170.0 Kings Ridge  (KR1)
Kent Gardens,Week4,Fox Mill Woods,Week1,273.0 Fox Mill Woods - 129.0 Kent Gardens
Kings Ridge ,Week1,Kings Ridge ,Week2,209.0 Kings Ridge  (KR1) - 193.0 Kings Ridge  (KR2)
Kings Ridge ,Week2,North Springfield,Week5,197.0 Kings Ridge - 175.0 North Springfield
Kings Ridge ,Week2,Hayfield Farm,Week3,296.0 Hayfield Farm - 105.0 Kings Ridge
Kings Ridge ,Week4,Newington Forest,Week4,211.0 Kings Ridge - 191.0 Newington Forest
Kings Ridge ,Week1,South Run,Week4,245.0 South Run - 157.0 Kings Ridge
Kent Gardens,Week3,Dominion Hills,Week2,222.5 Dominion Hills - 179.5 Kent Gardens
Kent Gardens,Week5,Fox Mill Woods,Week1,221.0 Fox Mill Woods - 181.0 Kent Gardens
Kent Gardens,Week2,Tuckahoe,Week4,360.0 Tuckahoe - 42.0 Kent Gardens
Kent Gardens,Week2,Dominion Hills,Week3,204.5 Dominion Hills - 197.5 Kent Gardens
Kings Ridge ,Week1,Hayfield Farm,Week5,283.0 Hayfield Farm - 119.0 Kings Ridge
Kings Ridge ,Week3,North Springfield,Week4,242.0 Kings Ridge - 141.0 North Springfield
Kings Ridge ,Week1,North Springfield,Week3,225.0 Kings Ridge - 170.0 North Springfield
Kent Gardens,Week3,Crosspointe,Week3,268.0 Crosspointe - 134.0 Kent Gardens
Kent Gardens,Week2,Crosspointe,Week5,289.0 Crosspointe - 113.0 Kent Gardens
Kent Gardens,Week4,Tuckahoe,Week3,349.0 Tuckahoe - 53.0 Kent Gardens
Kings Ridge ,Week4,Kent Gardens,Week1,286.0 Kent Gardens - 116.0 Kings Ridge
Kent Gardens,Week4,Dominion Hills,Week3,206.0 Dominion Hills - 196.0 Kent Gardens
Kings Ridge ,Week3,Kings Ridge ,Week3,195.5 Kings Ridge  (KR1) - 195.5 Kings Ridge  (KR2)
Kent Gardens,Week4,Tuckahoe,Week4,352.0 Tuckahoe - 50.0 Kent Gardens
Kent Gardens,Week1,Great Falls,Week5,212.0 Great Falls - 190.0 Kent Gardens
Kings Ridge ,Week4,Country Club Hills,Week4,242.0 Country Club Hills - 160.0 Kings Ridge
Kent Gardens,Week1,Great Falls,Week1,223.0 Kent Gardens - 179.0 Great Falls
Kings Ridge ,Week1,Crosspointe,Week4,329.0 Crosspointe - 73.0 Kings Ridge
Lake Braddock,Week2,Arlington Forest,Week2,293.0 Arlington Forest - 109.0 Lake Braddock
Lake Braddock,Week2,Arlington Forest,Week3,293.0 Arlington Forest - 109.0 Lake Braddock
Kings Ridge ,Week3,Hayfield Farm,Week5,274.0 Hayfield Farm - 128.0 Kings Ridge
Kings Ridge ,Week2,South Run,Week4,237.0 South Run - 160.0 Kings Ridge
Kent Gardens,Week1,Crosspointe,Week5,266.0 Crosspointe - 136.0 Kent Gardens
Kings Ridge ,Week3,Kent Gardens,Week1,285.0 Kent Gardens - 117.0 Kings Ridge
Kings Ridge ,Week2,South Run,Week3,253.0 South Run - 148.0 Kings Ridge
Kent Gardens,Week2,Dominion Hills,Week2,213.0 Dominion Hills - 189.0 Kent Gardens
Kings Ridge ,Week2,South Run,Week1,224.0 South Run - 169.0 Kings Ridge
Lake Braddock,Week1,Arlington Forest,Week5,325.0 Arlington Forest - 77.0 Lake Braddock
Kent Gardens,Week5,Dominion Hills,Week3,240.0 Kent Gardens - 162.0 Dominion Hills
Kent Gardens,Week5,Great Falls,Week5,230.0 Kent Gardens - 172.0 Great Falls
Lake Braddock,Week1,Arlington Forest,Week4,336.5 Arlington Forest - 65.5 Lake Braddock
Lake Braddock,Week1,Brandywine,Week3,279.0 Brandywine - 118.0 Lake Braddock
Kings Ridge ,Week2,South Run,Week2,220.5 South Run - 177.5 Kings Ridge
Lake Braddock,Week5,Annandale,Week5,207.0 Annandale - 195.0 Lake Braddock
Kent Gardens,Week2,Great Falls,Week5,217.0 Great Falls - 185.0 Kent Gardens
Kent Gardens,Week5,Dominion Hills,Week2,240.0 Kent Gardens - 162.0 Dominion Hills
Kings Ridge ,Week5,Country Club Hills,Week4,242.0 Country Club Hills - 160.0 Kings Ridge
Kings Ridge ,Week3,Hayfield Farm,Week4,290.0 Hayfield Farm - 112.0 Kings Ridge
Kings Ridge ,Week1,Herndon,Week4,240.0 Kings Ridge - 162.0 Herndon
Kings Ridge ,Week2,South Run,Week5,264.0 South Run - 138.0 Kings Ridge
Kings Ridge ,Week1,Crosspointe,Week3,313.0 Crosspointe - 89.0 Kings Ridge
Kent Gardens,Week2,Tuckahoe,Week3,354.0 Tuckahoe - 48.0 Kent Gardens
Kings Ridge ,Week5,Newington Forest,Week3,225.0 Kings Ridge - 177.0 Newington Forest
Kings Ridge ,Week5,Hayfield Farm,Week5,272.0 Hayfield Farm - 130.0 Kings Ridge
Kings Ridge ,Week4,North Springfield,Week1,257.0 Kings Ridge - 94.0 North Springfield
Kings Ridge ,Week1,North Springfield,Week2,239.0 Kings Ridge - 149.0 North Springfield
Kings Ridge ,Week2,Kings Ridge ,Week3,208.0 Kings Ridge  (KR2) - 193.0 Kings Ridge  (KR1)
Kings Ridge ,Week2,Herndon,Week1,237.0 Kings Ridge - 163.0 Herndon
Kent Gardens,Week1,Crosspointe,Week1,256.0 Crosspointe - 146.0 Kent Gardens
Kings Ridge ,Week3,Crosspointe,Week5,331.0 Crosspointe - 70.0 Kings Ridge
Kings Ridge ,Week3,North Springfield,Week1,245.0 Kings Ridge - 97.0 North Springfield
Kent Gardens,Week2,Great Falls,Week2,196.0 Great Falls - 188.0 Kent Gardens
Kent Gardens,Week5,Daventry,Week4,328.0 Kent Gardens - 74.0 Daventry
Kings Ridge ,Week1,Crosspointe,Week2,316.0 Crosspointe - 86.0 Kings Ridge
Kings Ridge ,Week2,Kings Ridge ,Week1,209.0 Kings Ridge  (KR2) - 193.0 Kings Ridge  (KR1)
Kent Gardens,Week2,Dominion Hills,Week1,205.0 Kent Gardens - 197.0 Dominion Hills
Kent Gardens,Week4,Tuckahoe,Week2,332.0 Tuckahoe - 70.0 Kent Gardens
Kent Gardens,Week4,Tuckahoe,Week5,346.0 Tuckahoe - 56.0 Kent Gardens
Kings Ridge ,Week3,South Run,Week1,222.0 South Run - 170.0 Kings Ridge
Kent Gardens,Week4,Great Falls,Week4,204.0 Great Falls - 197.0 Kent Gardens
Kings Ridge ,Week1,Kings Ridge ,Week4,240.0 Kings Ridge  (KR2) - 162.0 Kings Ridge  (KR1)
Kings Ridge ,Week3,Kent Gardens,Week4,273.0 Kent Gardens - 129.0 Kings Ridge
Kent Gardens,Week4,Tuckahoe,Week1,328.0 Tuckahoe - 74.0 Kent Gardens
Kent Gardens,Week2,Crosspointe,Week2,256.0 Crosspointe - 146.0 Kent Gardens
Kent Gardens,Week4,Fox Mill Woods,Week3,259.0 Fox Mill Woods - 143.0 Kent Gardens
Kent Gardens,Week4,Crosspointe,Week1,273.0 Crosspointe - 129.0 Kent Gardens
Kent Gardens,Week1,Great Falls,Week4,209.0 Kent Gardens - 189.0 Great Falls
Kent Gardens,Week1,Crosspointe,Week3,251.0 Crosspointe - 151.0 Kent Gardens
Kings Ridge ,Week2,Herndon,Week2,259.0 Kings Ridge - 141.0 Herndon
Kings Ridge ,Week4,Herndon,Week1,260.0 Kings Ridge - 142.0 Herndon
Kings Ridge ,Week4,Crosspointe,Week3,295.0 Crosspointe - 107.0 Kings Ridge
Kent Gardens,Week1,Tuckahoe,Week2,341.0 Tuckahoe - 61.0 Kent Gardens
Kings Ridge ,Week4,South Run,Week3,231.0 South Run - 171.0 Kings Ridge
Kings Ridge ,Week4,Crosspointe,Week2,299.0 Crosspointe - 103.0 Kings Ridge
Kings Ridge ,Week4,North Springfield,Week5,223.0 Kings Ridge - 151.0 North Springfield
Lake Braddock,Week2,Brandywine,Week1,274.0 Brandywine - 128.0 Lake Braddock
Lake Braddock,Week5,Arlington Forest,Week4,320.0 Arlington Forest - 82.0 Lake Braddock
Kings Ridge ,Week4,Kent Gardens,Week3,267.0 Kent Gardens - 135.0 Kings Ridge
Kings Ridge ,Week4,South Run,Week5,251.0 South Run - 151.0 Kings Ridge
Kent Gardens,Week3,Dominion Hills,Week4,243.0 Dominion Hills - 159.0 Kent Gardens
Kings Ridge ,Week2,Kings Ridge ,Week5,221.0 Kings Ridge  (KR2) - 181.0 Kings Ridge  (KR1)
Kings Ridge ,Week1,Springboard,Week1,207.0 Springboard - 194.0 Kings Ridge
Kings Ridge ,Week4,Newington Forest,Week5,211.0 Newington Forest - 191.0 Kings Ridge
Kent Gardens,Week5,Fox Mill Woods,Week2,210.0 Fox Mill Woods - 192.0 Kent Gardens
Kent Gardens,Week2,Tuckahoe,Week5,355.0 Tuckahoe - 47.0 Kent Gardens
Lake Braddock,Week3,Arlington Forest,Week2,297.0 Arlington Forest - 105.0 Lake Braddock
Kent Gardens,Week3,Crosspointe,Week5,281.0 Crosspointe - 121.0 Kent Gardens
Kings Ridge ,Week4,Crosspointe,Week5,319.0 Crosspointe - 83.0 Kings Ridge
Kings Ridge ,Week4,Crosspointe,Week4,302.0 Crosspointe - 100.0 Kings Ridge
Kings Ridge ,Week3,Herndon,Week2,257.0 Kings Ridge - 143.0 Herndon
Kings Ridge ,Week3,South Run,Week2,218.0 South Run - 183.0 Kings Ridge
Kings Ridge ,Week5,South Run,Week5,242.0 South Run - 160.0 Kings Ridge
Kings Ridge ,Week4,North Springfield,Week2,256.0 Kings Ridge - 132.0 North Springfield
Kings Ridge ,Week3,Kent Gardens,Week2,266.0 Kent Gardens - 136.0 Kings Ridge
Kings Ridge ,Week4,North Springfield,Week3,242.0 Kings Ridge - 155.0 North Springfield
Kings Ridge ,Week3,Herndon,Week5,263.0 Kings Ridge - 137.0 Herndon
Kent Gardens,Week1,Tuckahoe,Week4,345.0 Tuckahoe - 57.0 Kent Gardens
Lake Braddock,Week5,Arlington Forest,Week1,311.0 Arlington Forest - 91.0 Lake Braddock
Kent Gardens,Week2,Tuckahoe,Week1,343.0 Tuckahoe - 59.0 Kent Gardens
Kings Ridge ,Week5,Kent Gardens,Week1,278.0 Kent Gardens - 124.0 Kings Ridge
Kings Ridge ,Week4,North Springfield,Week4,261.0 Kings Ridge - 131.0 North Springfield
Kent Gardens,Week3,Fox Mill Woods,Week3,267.0 Fox Mill Woods - 135.0 Kent Gardens
Lake Braddock,Week3,Arlington Forest,Week4,322.0 Arlington Forest - 80.0 Lake Braddock
Lake Braddock,Week4,Arlington Forest,Week4,340.0 Arlington Forest - 62.0 Lake Braddock
Kings Ridge ,Week5,Crosspointe,Week2,292.0 Crosspointe - 110.0 Kings Ridge
Kings Ridge ,Week2,Hiddenbrook,Week4,258.0 Hiddenbrook - 144.0 Kings Ridge
Kent Gardens,Week3,Somerset-Olde Creek,Week4,308.0 Kent Gardens - 93.0 Somerset-Olde Creek
Kent Gardens,Week1,South Run,Week4,253.0 Kent Gardens - 149.0 South Run
Kings Ridge ,Week3,Hiddenbrook,Week3,227.0 Hiddenbrook - 175.0 Kings Ridge
Kent Gardens,Week4,Crosspointe,Week2,245.0 Crosspointe - 157.0 Kent Gardens
Kent Gardens,Week4,Somerset-Olde Creek,Week1,314.0 Kent Gardens - 88.0 Somerset-Olde Creek
Lake Braddock,Week4,Arlington Forest,Week3,291.0 Arlington Forest - 111.0 Lake Braddock
Kings Ridge ,Week4,Kent Gardens,Week5,294.0 Kent Gardens - 108.0 Kings Ridge
Kent Gardens,Week5,Fox Mill Woods,Week5,218.0 Fox Mill Woods - 184.0 Kent Gardens
Kings Ridge ,Week2,Kent Gardens,Week3,293.0 Kent Gardens - 109.0 Kings Ridge
Kings Ridge ,Week5,Crosspointe,Week1,310.0 Crosspointe - 92.0 Kings Ridge
Kings Ridge ,Week3,Springboard,Week3,204.0 Springboard - 197.0 Kings Ridge
Kings Ridge ,Week5,North Springfield,Week1,256.0 Kings Ridge - 93.0 North Springfield
Kings Ridge ,Week5,Kent Gardens,Week2,250.0 Kent Gardens - 152.0 Kings Ridge
Kings Ridge ,Week4,Herndon,Week3,269.5 Kings Ridge - 132.5 Herndon
Kings Ridge ,Week1,Springboard,Week3,201.0 Springboard - 200.0 Kings Ridge
Kings Ridge ,Week2,North Springfield,Week3,232.0 Kings Ridge - 163.0 North Springfield
Kent Gardens,Week3,Fox Mill Woods,Week2,263.0 Fox Mill Woods - 139.0 Kent Gardens
Kent Gardens,Week5,Fox Mill Woods,Week3,214.0 Fox Mill Woods - 188.0 Kent Gardens
Kings Ridge ,Week2,North Springfield,Week2,223.0 Kings Ridge - 164.0 North Springfield
Kings Ridge ,Week2,Springboard,Week4,221.0 Springboard - 180.0 Kings Ridge
Lake Braddock,Week4,Arlington Forest,Week1,327.0 Arlington Forest - 75.0 Lake Braddock
Kings Ridge ,Week5,Crosspointe,Week3,290.0 Crosspointe - 112.0 Kings Ridge
Kings Ridge ,Week3,North Springfield,Week5,204.0 Kings Ridge - 162.0 North Springfield
Kent Gardens,Week3,Somerset-Olde Creek,Week5,290.0 Kent Gardens - 110.0 Somerset-Olde Creek
Kent Gardens,Week1,Great Falls,Week3,206.0 Kent Gardens - 196.0 Great Falls
Kings Ridge ,Week5,Herndon,Week2,268.0 Kings Ridge - 134.0 Herndon
Kings Ridge ,Week2,Oakton ,Week1,336.0 Oakton - 66.0 Kings Ridge
Kings Ridge ,Week2,Kent Gardens,Week2,290.0 Kent Gardens - 112.0 Kings Ridge
Kings Ridge ,Week4,Kent Gardens,Week2,257.0 Kent Gardens - 145.0 Kings Ridge
Kings Ridge ,Week5,South Run,Week2,221.0 South Run - 180.0 Kings Ridge
Lake Braddock,Week3,Arlington Forest,Week3,289.5 Arlington Forest - 112.5 Lake Braddock
Kings Ridge ,Week1,Kings Ridge ,Week1,198.5 Kings Ridge  (KR1) - 198.5 Kings Ridge  (KR2)
Kent Gardens,Week1,Great Falls,Week2,201.0 Kent Gardens - 183.0 Great Falls
Kent Gardens,Week1,Crosspointe,Week2,241.0 Crosspointe - 161.0 Kent Gardens
Kings Ridge ,Week1,North Springfield,Week5,216.0 Kings Ridge - 158.0 North Springfield
Kings Ridge ,Week3,Springboard,Week2,226.0 Kings Ridge - 172.0 Springboard
Kings Ridge ,Week4,Springboard,Week5,202.0 Kings Ridge - 200.0 Springboard
Kings Ridge ,Week5,Daventry,Week2,244.0 Kings Ridge - 158.0 Daventry
Kings Ridge ,Week1,Hiddenbrook,Week3,248.5 Hiddenbrook - 153.5 Kings Ridge
Lake Braddock,Week1,Brandywine,Week5,307.0 Brandywine - 95.0 Lake Braddock
Kent Gardens,Week3,Fox Mill Woods,Week5,264.0 Fox Mill Woods - 138.0 Kent Gardens
Kings Ridge ,Week5,Crosspointe,Week4,293.0 Crosspointe - 109.0 Kings Ridge
Kings Ridge ,Week5,Crosspointe,Week5,314.0 Crosspointe - 88.0 Kings Ridge
Lake Braddock,Week5,Arlington Forest,Week2,280.0 Arlington Forest - 122.0 Lake Braddock
Kent Gardens,Week3,Crosspointe,Week1,280.0 Crosspointe - 122.0 Kent Gardens
Kent Gardens,Week2,Somerset-Olde Creek,Week4,304.0 Kent Gardens - 97.0 Somerset-Olde Creek
Kings Ridge ,Week3,Herndon,Week4,255.0 Kings Ridge - 145.0 Herndon
Kings Ridge ,Week1,Kings Ridge ,Week3,222.0 Kings Ridge  (KR2) - 179.0 Kings Ridge  (KR1)
Kings Ridge ,Week2,Daventry,Week4,213.0 Kings Ridge - 188.0 Daventry
Kings Ridge ,Week1,North Springfield,Week4,242.0 Kings Ridge - 148.0 North Springfield
Kings Ridge ,Week3,South Run,Week4,225.0 South Run - 176.0 Kings Ridge
Kent Gardens,Week2,Crosspointe,Week3,279.0 Crosspointe - 123.0 Kent Gardens
Kent Gardens,Week4,Somerset-Olde Creek,Week3,325.0 Kent Gardens - 77.0 Somerset-Olde Creek
Kings Ridge ,Week5,Herndon,Week3,263.0 Kings Ridge - 139.0 Herndon
Kent Gardens,Week3,Somerset-Olde Creek,Week1,315.0 Kent Gardens - 85.0 Somerset-Olde Creek
Lake Braddock,Week1,Brandywine,Week1,277.0 Brandywine - 125.0 Lake Braddock
Kent Gardens,Week2,Great Falls,Week3,228.0 Great Falls - 174.0 Kent Gardens
Kings Ridge ,Week3,Daventry,Week4,229.0 Kings Ridge - 173.0 Daventry
Kings Ridge ,Week1,Hiddenbrook,Week4,254.0 Hiddenbrook - 148.0 Kings Ridge
Kings Ridge ,Week4,Kent Gardens,Week4,264.0 Kent Gardens - 138.0 Kings Ridge
Kings Ridge ,Week5,South Run,Week3,228.0 South Run - 174.0 Kings Ridge
Kings Ridge ,Week1,Old Keene Mill,Week3,238.0 Old Keene Mill - 164.0 Kings Ridge
Kings Ridge ,Week1,Oakton ,Week5,343.0 Oakton - 59.0 Kings Ridge
Kent Gardens,Week3,Crosspointe,Week2,259.0 Crosspointe - 143.0 Kent Gardens
Kings Ridge ,Week5,Kent Gardens,Week4,256.0 Kent Gardens - 146.0 Kings Ridge
Lake Braddock,Week5,Arlington Forest,Week3,265.0 Arlington Forest - 137.0 Lake Braddock
Kent Gardens,Week2,Somerset-Olde Creek,Week5,290.5 Kent Gardens - 110.5 Somerset-Olde Creek
Kent Gardens,Week3,Great Falls,Week1,219.0 Kent Gardens - 182.0 Great Falls
Kings Ridge ,Week3,Kent Gardens,Week5,299.0 Kent Gardens - 103.0 Kings Ridge
Kings Ridge ,Week5,South Run,Week4,231.0 South Run - 170.0 Kings Ridge
Kings Ridge ,Week2,Kent Gardens,Week4,288.0 Kent Gardens - 114.0 Kings Ridge
Kent Gardens,Week4,Great Falls,Week3,207.0 Great Falls - 195.0 Kent Gardens
Kent Gardens,Week1,South Run,Week1,224.0 Kent Gardens - 169.0 South Run
Lake Braddock,Week2,Brandywine,Week5,302.0 Brandywine - 100.0 Lake Braddock
Kings Ridge ,Week2,Daventry,Week1,207.5 Kings Ridge - 193.5 Daventry
Kings Ridge ,Week1,Hiddenbrook,Week1,224.0 Hiddenbrook - 178.0 Kings Ridge
Lake Braddock,Week5,Arlington Forest,Week5,306.0 Arlington Forest - 96.0 Lake Braddock
Kings Ridge ,Week3,Springboard,Week1,202.0 Springboard - 198.0 Kings Ridge
Kent Gardens,Week3,Great Falls,Week4,208.0 Great Falls - 190.0 Kent Gardens
Kings Ridge ,Week5,Herndon,Week5,261.0 Kings Ridge - 141.0 Herndon
Kings Ridge ,Week1,Daventry,Week3,227.0 Kings Ridge - 175.0 Daventry
Kent Gardens,Week4,Somerset-Olde Creek,Week5,287.0 Kent Gardens - 115.0 Somerset-Olde Creek
Kings Ridge ,Week3,Kent Gardens,Week3,268.0 Kent Gardens - 134.0 Kings Ridge
Kent Gardens,Week4,Great Falls,Week1,210.0 Kent Gardens - 192.0 Great Falls
Kings Ridge ,Week2,Herndon,Week3,257.0 Kings Ridge - 145.0 Herndon
Kent Gardens,Week2,Somerset-Olde Creek,Week2,319.0 Kent Gardens - 82.0 Somerset-Olde Creek
Kent Gardens,Week3,Great Falls,Week2,198.0 Great Falls - 186.0 Kent Gardens
Kent Gardens,Week4,Crosspointe,Week3,264.0 Crosspointe - 138.0 Kent Gardens
Kings Ridge ,Week1,Springboard,Week5,214.0 Springboard - 187.0 Kings Ridge
Kings Ridge ,Week1,Dominion Hills,Week3,265.0 Dominion Hills - 137.0 Kings Ridge
Kent Gardens,Week5,Somerset-Olde Creek,Week2,341.0 Kent Gardens - 61.0 Somerset-Olde Creek
Kings Ridge ,Week5,Oakton ,Week4,319.0 Oakton - 83.0 Kings Ridge
Kings Ridge ,Week1,Oakton ,Week2,346.0 Oakton - 56.0 Kings Ridge
Lake Braddock,Week2,Brandywine,Week3,286.0 Brandywine - 116.0 Lake Braddock
Kings Ridge ,Week5,Herndon,Week4,269.0 Kings Ridge - 133.0 Herndon
Kent Gardens,Week3,Crosspointe,Week4,266.0 Crosspointe - 136.0 Kent Gardens
Kings Ridge ,Week1,Daventry,Week2,222.0 Kings Ridge - 179.0 Daventry
Kings Ridge ,Week4,Daventry,Week1,250.0 Kings Ridge - 152.0 Daventry
Kings Ridge ,Week1,Kings Ridge ,Week5,220.5 Kings Ridge  (KR2) - 181.5 Kings Ridge  (KR1)
Lake Braddock,Week4,Arlington Forest,Week2,299.0 Arlington Forest - 103.0 Lake Braddock
Kings Ridge ,Week3,South Run,Week3,237.0 South Run - 165.0 Kings Ridge
Lake Braddock,Week2,Brandywine,Week2,271.0 Brandywine - 131.0 Lake Braddock
Kings Ridge ,Week3,Herndon,Week1,252.0 Kings Ridge - 147.0 Herndon
Kent Gardens,Week1,South Run,Week3,241.0 Kent Gardens - 161.0 South Run
Kings Ridge ,Week2,Daventry,Week5,219.0 Daventry - 183.0 Kings Ridge
Kings Ridge ,Week2,Oakton ,Week3,329.0 Oakton - 73.0 Kings Ridge
Kings Ridge ,Week3,Daventry,Week2,226.0 Kings Ridge - 176.0 Daventry
Kent Gardens,Week4,Parklawn,Week3,270.0 Kent Gardens - 132.0 Parklawn
Kings Ridge ,Week2,Hiddenbrook,Week2,206.0 Kings Ridge - 196.0 Hiddenbrook
Kings Ridge ,Week5,Kent Gardens,Week5,283.0 Kent Gardens - 119.0 Kings Ridge
Kent Gardens,Week5,Great Falls,Week2,225.0 Kent Gardens - 159.0 Great Falls
Kent Gardens,Week5,Somerset-Olde Creek,Week4,343.0 Kent Gardens - 59.0 Somerset-Olde Creek
Kings Ridge ,Week2,Springboard,Week3,219.0 Springboard - 183.0 Kings Ridge
Kent Gardens,Week5,Great Falls,Week1,247.0 Kent Gardens - 155.0 Great Falls
Kings Ridge ,Week3,Oakton ,Week3,329.0 Oakton - 73.0 Kings Ridge
Kent Gardens,Week3,Great Falls,Week5,219.0 Great Falls - 183.0 Kent Gardens
Kings Ridge ,Week2,Kings Ridge ,Week2,200.0 Kings Ridge  (KR1) - 200.0 Kings Ridge  (KR2)
Kings Ridge ,Week1,Oakton ,Week4,344.0 Oakton - 58.0 Kings Ridge
Kent Gardens,Week5,South Run,Week1,226.0 Kent Gardens - 167.0 South Run
Kings Ridge ,Week1,Springboard,Week4,211.0 Springboard - 191.0 Kings Ridge
Kings Ridge ,Week3,Hiddenbrook,Week1,225.0 Hiddenbrook - 176.0 Kings Ridge
Lake Braddock,Week3,Brandywine,Week1,272.0 Brandywine - 130.0 Lake Braddock
Lake Braddock,Week4,Arlington Forest,Week5,315.0 Arlington Forest - 87.0 Lake Braddock
Kings Ridge ,Week2,Herndon,Week5,237.0 Kings Ridge - 164.0 Herndon
Kings Ridge ,Week3,Kings Ridge ,Week4,214.0 Kings Ridge  (KR2) - 188.0 Kings Ridge  (KR1)
Kings Ridge ,Week4,Springboard,Week3,215.5 Kings Ridge - 186.5 Springboard
Kent Gardens,Week2,Parklawn,Week4,226.0 Kent Gardens - 176.0 Parklawn
Kings Ridge ,Week3,Herndon,Week3,255.0 Kings Ridge - 145.0 Herndon
Kings Ridge ,Week3,Kings Ridge ,Week2,208.0 Kings Ridge  (KR1) - 193.0 Kings Ridge  (KR2)
Kings Ridge ,Week4,Daventry,Week5,222.0 Kings Ridge - 180.0 Daventry
Kent Gardens,Week5,Great Falls,Week4,236.0 Kent Gardens - 165.0 Great Falls
Kings Ridge ,Week3,Springboard,Week5,204.0 Springboard - 197.0 Kings Ridge
Kings Ridge ,Week3,Oakton ,Week2,321.0 Oakton - 81.0 Kings Ridge
Kent Gardens,Week4,Great Falls,Week5,207.0 Great Falls - 195.0 Kent Gardens
Lake Braddock,Week3,Brandywine,Week3,276.0 Brandywine - 126.0 Lake Braddock
Kings Ridge ,Week4,Daventry,Week4,237.0 Kings Ridge - 165.0 Daventry
Kent Gardens,Week3,Somerset-Olde Creek,Week2,319.0 Kent Gardens - 82.0 Somerset-Olde Creek
Kent Gardens,Week1,Parklawn,Week1,283.0 Kent Gardens - 110.0 Parklawn
Kent Gardens,Week1,Parklawn,Week4,248.0 Kent Gardens - 154.0 Parklawn
Kings Ridge ,Week3,Kings Ridge ,Week1,222.0 Kings Ridge  (KR1) - 179.0 Kings Ridge  (KR2)
Lake Braddock,Week3,Arlington Forest,Week5,320.0 Arlington Forest - 82.0 Lake Braddock
Kings Ridge ,Week1,Old Keene Mill,Week2,229.0 Old Keene Mill - 173.0 Kings Ridge
Kent Gardens,Week5,Great Falls,Week3,222.0 Kent Gardens - 180.0 Great Falls
Kent Gardens,Week5,Somerset-Olde Creek,Week5,319.0 Kent Gardens - 83.0 Somerset-Olde Creek
Kent Gardens,Week2,South Run,Week3,208.0 Kent Gardens - 194.0 South Run
Kings Ridge ,Week2,Springboard,Week1,223.0 Springboard - 178.0 Kings Ridge
Lake Braddock,Week3,Brandywine,Week2,274.0 Brandywine - 128.0 Lake Braddock
Kings Ridge ,Week4,Oakton ,Week1,325.0 Oakton - 77.0 Kings Ridge
Kings Ridge ,Week1,Hiddenbrook,Week2,205.5 Kings Ridge - 195.5 Hiddenbrook
Kent Gardens,Week4,Great Falls,Week2,193.0 Great Falls - 191.0 Kent Gardens
Kings Ridge ,Week5,Daventry,Week4,245.0 Kings Ridge - 157.0 Daventry
Kent Gardens,Week5,Somerset-Olde Creek,Week3,339.0 Kent Gardens - 63.0 Somerset-Olde Creek
Kings Ridge ,Week3,Oakton ,Week4,324.0 Oakton - 78.0 Kings Ridge
Kent Gardens,Week2,Parklawn,Week2,266.0 Kent Gardens - 136.0 Parklawn
Kings Ridge ,Week5,Herndon,Week1,257.0 Kings Ridge - 144.0 Herndon
Kings Ridge ,Week2,Springfield,Week4,292.0 Kings Ridge - 107.0 Springfield
Kings Ridge ,Week3,Daventry,Week3,222.0 Kings Ridge - 177.0 Daventry
Kent Gardens,Week1,Greenbriar,Week4,232.5 Kent Gardens - 169.5 Greenbriar
Kent Gardens,Week3,Great Falls,Week3,212.0 Great Falls - 190.0 Kent Gardens
Kings Ridge ,Week2,Hiddenbrook,Week1,254.0 Hiddenbrook - 148.0 Kings Ridge
Kings Ridge ,Week2,Herndon,Week4,236.0 Kings Ridge - 165.0 Herndon
Kings Ridge ,Week4,Dominion Hills,Week3,250.0 Dominion Hills - 152.0 Kings Ridge
Kings Ridge ,Week3,South Run,Week5,259.0 South Run - 143.0 Kings Ridge
Lake Braddock,Week1,Brandywine,Week2,279.0 Brandywine - 123.0 Lake Braddock
Kings Ridge ,Week5,South Run,Week1,227.0 South Run - 166.0 Kings Ridge
Kings Ridge ,Week5,Daventry,Week5,226.0 Kings Ridge - 175.0 Daventry
Kent Gardens,Week2,Somerset-Olde Creek,Week3,318.0 Kent Gardens - 84.0 Somerset-Olde Creek
Kent Gardens,Week5,Somerset-Olde Creek,Week1,337.0 Kent Gardens - 65.0 Somerset-Olde Creek
Kent Gardens,Week3,Parklawn,Week1,274.0 Kent Gardens - 119.0 Parklawn
Kings Ridge ,Week4,Kings Ridge ,Week1,240.0 Kings Ridge  (KR1) - 162.0 Kings Ridge  (KR2)
Kings Ridge ,Week1,Lake Braddock,Week2,222.0 Kings Ridge - 180.0 Lake Braddock
Lake Braddock,Week2,Arlington Forest,Week5,307.0 Arlington Forest - 95.0 Lake Braddock
Kings Ridge ,Week3,Oakton ,Week5,323.0 Oakton - 78.0 Kings Ridge
Kent Gardens,Week1,Parklawn,Week5,245.0 Kent Gardens - 157.0 Parklawn
Kent Gardens,Week3,South Run,Week1,210.0 Kent Gardens - 183.0 South Run
Kings Ridge ,Week2,Lake Braddock,Week1,231.0 Kings Ridge - 171.0 Lake Braddock
Kings Ridge ,Week3,Kings Ridge ,Week5,210.0 Kings Ridge  (KR2) - 191.0 Kings Ridge  (KR1)
Kings Ridge ,Week4,South Run,Week1,224.0 South Run - 169.0 Kings Ridge
Kent Gardens,Week1,Greenbriar,Week5,207.0 Greenbriar - 195.0 Kent Gardens
Kings Ridge ,Week4,South Run,Week4,228.0 South Run - 174.0 Kings Ridge
Kent Gardens,Week2,Parklawn,Week3,272.0 Kent Gardens - 130.0 Parklawn
Kings Ridge ,Week4,Oakton ,Week3,312.0 Oakton - 90.0 Kings Ridge
Lake Braddock,Week3,Arlington Forest,Week1,318.0 Arlington Forest - 84.0 Lake Braddock
Kings Ridge ,Week4,Daventry,Week2,244.0 Kings Ridge - 158.0 Daventry
Kings Ridge ,Week2,Hiddenbrook,Week3,248.0 Hiddenbrook - 154.0 Kings Ridge
Kings Ridge ,Week4,Oakton ,Week5,333.0 Oakton - 69.0 Kings Ridge
Kings Ridge ,Week4,Herndon,Week5,262.0 Kings Ridge - 140.0 Herndon
Lake Braddock,Week2,Brandywine,Week4,301.0 Brandywine - 101.0 Lake Braddock
Kings Ridge ,Week3,Lake Braddock,Week4,223.0 Kings Ridge - 178.0 Lake Braddock
Kent Gardens,Week2,Greenbriar,Week5,215.0 Greenbriar - 187.0 Kent Gardens
Kent Gardens,Week3,Parklawn,Week4,234.0 Kent Gardens - 168.0 Parklawn
Lake Braddock,Week1,Brandywine,Week4,299.0 Brandywine - 103.0 Lake Braddock
Kent Gardens,Week3,Parklawn,Week3,263.0 Kent Gardens - 139.0 Parklawn
Kings Ridge ,Week1,Dominion Hills,Week1,277.0 Dominion Hills - 125.0 Kings Ridge
Kings Ridge ,Week4,South Run,Week2,219.0 South Run - 183.0 Kings Ridge
Kent Gardens,Week3,South Run,Week3,211.0 Kent Gardens - 191.0 South Run
Kings Ridge ,Week5,North Springfield,Week3,262.0 Kings Ridge - 134.0 North Springfield
Kent Gardens,Week1,South Run,Week5,224.0 Kent Gardens - 178.0 South Run
Kent Gardens,Week4,Parklawn,Week2,255.0 Kent Gardens - 147.0 Parklawn
Kent Gardens,Week3,Greenbriar,Week5,226.0 Greenbriar - 176.0 Kent Gardens
Kings Ridge ,Week1,Daventry,Week5,210.0 Kings Ridge - 192.0 Daventry
Kings Ridge ,Week5,Kings Ridge ,Week4,205.0 Kings Ridge  (KR1) - 197.0 Kings Ridge  (KR2)
Kings Ridge ,Week5,Daventry,Week1,249.0 Kings Ridge - 153.0 Daventry
Kings Ridge ,Week5,Oakton ,Week1,319.0 Oakton - 83.0 Kings Ridge
Kent Gardens,Week3,Greenbriar,Week2,253.0 Greenbriar - 149.0 Kent Gardens
Kings Ridge ,Week1,Oakton ,Week3,338.0 Oakton - 64.0 Kings Ridge
Kings Ridge ,Week4,Lake Braddock,Week4,241.0 Kings Ridge - 161.0 Lake Braddock
Kings Ridge ,Week4,Herndon,Week4,264.0 Kings Ridge - 138.0 Herndon
Lake Braddock,Week5,Brandywine,Week4,281.0 Brandywine - 121.0 Lake Braddock
Kent Gardens,Week2,Somerset-Olde Creek,Week1,310.0 Kent Gardens - 91.0 Somerset-Olde Creek
Kent Gardens,Week2,Greenbriar,Week1,219.0 Greenbriar - 183.0 Kent Gardens
Kings Ridge ,Week1,Oakton ,Week1,335.0 Oakton - 67.0 Kings Ridge
Kings Ridge ,Week3,Hiddenbrook,Week2,211.0 Kings Ridge - 186.0 Hiddenbrook
Kings Ridge ,Week1,Springboard,Week2,226.0 Kings Ridge - 175.0 Springboard
Lake Braddock,Week2,Bren Mar-Edsall Park,Week5,304.0 Lake Braddock - 97.0 Bren Mar-Edsall Park
Kent Gardens,Week3,Somerset-Olde Creek,Week3,328.0 Kent Gardens - 73.0 Somerset-Olde Creek
Kings Ridge ,Week4,Herndon,Week2,259.0 Kings Ridge - 143.0 Herndon
Kings Ridge ,Week1,Daventry,Week1,237.0 Kings Ridge - 165.0 Daventry
Kent Gardens,Week3,Parklawn,Week5,244.0 Kent Gardens - 158.0 Parklawn
Kent Gardens,Week3,Parklawn,Week2,253.0 Kent Gardens - 149.0 Parklawn
Kings Ridge ,Week1,Lake Braddock,Week4,215.0 Kings Ridge - 187.0 Lake Braddock
Kings Ridge ,Week2,Springboard,Week5,229.0 Springboard - 173.0 Kings Ridge
Kings Ridge ,Week5,Oakton ,Week3,315.0 Oakton - 87.0 Kings Ridge
Kent Gardens,Week2,Parklawn,Week1,280.0 Kent Gardens - 113.0 Parklawn
Kings Ridge ,Week4,Kings Ridge ,Week4,201.0 Kings Ridge  (KR1) - 201.0 Kings Ridge  (KR2)
Kings Ridge ,Week3,Daventry,Week5,203.0 Kings Ridge - 199.0 Daventry
Kent Gardens,Week4,Somerset-Olde Creek,Week2,318.0 Kent Gardens - 84.0 Somerset-Olde Creek
Kent Gardens,Week1,Parliament,Week1,213.0 Parliament - 185.0 Kent Gardens
Kent Gardens,Week4,Greenbriar,Week4,202.0 Greenbriar - 200.0 Kent Gardens
Kings Ridge ,Week3,Springboard,Week4,199.0 Kings Ridge - 199.0 Springboard
Kings Ridge ,Week4,Kings Ridge ,Week3,214.0 Kings Ridge  (KR1) - 188.0 Kings Ridge  (KR2)
Lake Braddock,Week3,Brandywine,Week5,299.0 Brandywine - 103.0 Lake Braddock
Kings Ridge ,Week4,Springboard,Week2,233.0 Kings Ridge - 169.0 Springboard
Kings Ridge ,Week4,Springboard,Week1,209.0 Kings Ridge - 193.0 Springboard
Kings Ridge ,Week3,Lake Braddock,Week5,214.0 Kings Ridge - 188.0 Lake Braddock
Kings Ridge ,Week2,Springboard,Week2,203.0 Springboard - 199.0 Kings Ridge
Kings Ridge ,Week1,Hiddenbrook,Week5,261.0 Hiddenbrook - 141.0 Kings Ridge
Lake Braddock,Week4,Brandywine,Week1,270.0 Brandywine - 132.0 Lake Braddock
Kings Ridge ,Week2,Lake Braddock,Week4,213.0 Kings Ridge - 188.0 Lake Braddock
Kings Ridge ,Week3,Daventry,Week1,225.0 Kings Ridge - 177.0 Daventry
Kings Ridge ,Week5,Hiddenbrook,Week3,224.0 Hiddenbrook - 178.0 Kings Ridge
Lake Braddock,Week4,Brandywine,Week3,275.0 Brandywine - 127.0 Lake Braddock
Kent Gardens,Week2,South Run,Week1,198.0 South Run - 195.0 Kent Gardens
Kent Gardens,Week4,Greenbriar,Week1,209.0 Greenbriar - 193.0 Kent Gardens
Kent Gardens,Week4,Somerset-Olde Creek,Week4,310.0 Kent Gardens - 92.0 Somerset-Olde Creek
Lake Braddock,Week5,Brandywine,Week5,290.5 Brandywine - 111.5 Lake Braddock
Kings Ridge ,Week4,Hiddenbrook,Week4,237.0 Hiddenbrook - 165.0 Kings Ridge
Kings Ridge ,Week4,Oakton ,Week2,327.0 Oakton - 75.0 Kings Ridge
Kings Ridge ,Week5,North Springfield,Week5,231.0 Kings Ridge - 143.0 North Springfield
Kent Gardens,Week1,South Run,Week2,241.0 Kent Gardens - 161.0 South Run
Kings Ridge ,Week3,Oakton ,Week1,325.0 Oakton - 77.0 Kings Ridge
Kent Gardens,Week2,Greenbriar,Week2,256.0 Greenbriar - 146.0 Kent Gardens
Kent Gardens,Week4,Parklawn,Week1,276.0 Kent Gardens - 117.0 Parklawn
Kings Ridge ,Week2,Daventry,Week2,203.5 Daventry - 198.5 Kings Ridge
Kings Ridge ,Week2,Hiddenbrook,Week5,259.0 Hiddenbrook - 143.0 Kings Ridge
Kent Gardens,Week4,Greenbriar,Week2,232.0 Greenbriar - 170.0 Kent Gardens
Kings Ridge ,Week1,Daventry,Week4,237.0 Kings Ridge - 165.0 Daventry
Kent Gardens,Week4,Parliament,Week5,210.0 Parliament - 191.0 Kent Gardens
Kings Ridge ,Week4,Daventry,Week3,246.0 Kings Ridge - 156.0 Daventry
Kings Ridge ,Week2,Oakton ,Week5,336.0 Oakton - 66.0 Kings Ridge
Kings Ridge ,Week5,Springboard,Week4,204.0 Kings Ridge - 198.0 Springboard
Lake Braddock,Week5,Brandywine,Week1,246.0 Brandywine - 156.0 Lake Braddock
Kings Ridge ,Week1,Dominion Hills,Week2,281.0 Dominion Hills - 121.0 Kings Ridge
Kent Gardens,Week4,South Run,Week1,200.0 Kent Gardens - 193.0 South Run
Kings Ridge ,Week5,Hiddenbrook,Week4,228.0 Hiddenbrook - 174.0 Kings Ridge
Kings Ridge ,Week5,Oakton ,Week5,325.0 Oakton - 77.0 Kings Ridge
Kings Ridge ,Week2,Oakton ,Week2,333.5 Oakton - 68.5 Kings Ridge
Lake Braddock,Week4,Brandywine,Week2,278.0 Brandywine - 124.0 Lake Braddock
Kings Ridge ,Week2,Daventry,Week3,206.5 Kings Ridge - 193.5 Daventry
Kent Gardens,Week3,South Run,Week4,214.0 Kent Gardens - 188.0 South Run
Kent Gardens,Week4,Parliament,Week2,208.0 Parliament - 194.0 Kent Gardens
Kings Ridge ,Week5,Springboard,Week3,221.0 Kings Ridge - 181.0 Springboard
Kings Ridge ,Week1,High Point Pool,Week1,312.0 High Point Pool - 90.0 Kings Ridge
Kings Ridge ,Week4,Kings Ridge ,Week5,205.0 Kings Ridge  (KR2) - 197.0 Kings Ridge  (KR1)
Kent Gardens,Week2,South Run,Week2,219.0 Kent Gardens - 183.0 South Run
Lake Braddock,Week1,Bren Mar-Edsall Park,Week1,299.0 Lake Braddock - 102.0 Bren Mar-Edsall Park
Kent Gardens,Week1,Parklawn,Week3,275.0 Kent Gardens - 127.0 Parklawn
Kings Ridge ,Week4,Springboard,Week4,202.0 Kings Ridge - 200.0 Springboard
Kings Ridge ,Week5,North Springfield,Week4,273.0 Kings Ridge - 119.0 North Springfield
Kent Gardens,Week4,Greenbriar,Week3,226.0 Greenbriar - 176.0 Kent Gardens
Kings Ridge ,Week5,Springboard,Week1,220.0 Kings Ridge - 182.0 Springboard
Lake Braddock,Week1,Bren Mar-Edsall Park,Week3,284.0 Lake Braddock - 118.0 Bren Mar-Edsall Park
Kings Ridge ,Week3,Hiddenbrook,Week5,259.0 Hiddenbrook - 143.0 Kings Ridge
Kent Gardens,Week5,Parklawn,Week4,269.0 Kent Gardens - 133.0 Parklawn
Kings Ridge ,Week5,Kings Ridge ,Week3,210.0 Kings Ridge  (KR1) - 191.0 Kings Ridge  (KR2)
Kings Ridge ,Week1,Lake Braddock,Week1,243.5 Kings Ridge - 158.5 Lake Braddock
Kings Ridge ,Week5,Daventry,Week3,255.0 Kings Ridge - 147.0 Daventry
Kings Ridge ,Week1,High Point Pool,Week4,310.0 High Point Pool - 92.0 Kings Ridge
Kings Ridge ,Week4,Oakton ,Week4,321.0 Oakton - 81.0 Kings Ridge
Kent Gardens,Week5,Parklawn,Week5,272.0 Kent Gardens - 130.0 Parklawn
Lake Braddock,Week4,Brandywine,Week5,297.0 Brandywine - 105.0 Lake Braddock
Kent Gardens,Week5,Greenbriar,Week1,230.0 Kent Gardens - 172.0 Greenbriar
Kent Gardens,Week2,Greenbriar,Week4,207.0 Greenbriar - 195.0 Kent Gardens
Kings Ridge ,Week1,Lake Braddock,Week5,204.0 Lake Braddock - 198.0 Kings Ridge
Kent Gardens,Week3,Greenbriar,Week4,210.0 Greenbriar - 192.0 Kent Gardens
Kent Gardens,Week3,South Run,Week2,217.0 Kent Gardens - 185.0 South Run
Kings Ridge ,Week5,Springboard,Week2,241.0 Kings Ridge - 161.0 Springboard
Kings Ridge ,Week2,High Point Pool,Week2,313.0 High Point Pool - 89.0 Kings Ridge
Kent Gardens,Week5,Greenbriar,Week3,215.0 Kent Gardens - 187.0 Greenbriar
Kent Gardens,Week4,South Run,Week4,217.0 Kent Gardens - 185.0 South Run
Kings Ridge ,Week5,Oakton ,Week2,315.0 Oakton - 87.0 Kings Ridge
Kent Gardens,Week1,Parklawn,Week2,266.0 Kent Gardens - 136.0 Parklawn
Kings Ridge ,Week1,Dominion Hills,Week5,303.0 Dominion Hills - 99.0 Kings Ridge
Kings Ridge ,Week1,Dominion Hills,Week4,292.0 Dominion Hills - 110.0 Kings Ridge
Lake Braddock,Week2,Bren Mar-Edsall Park,Week3,303.0 Lake Braddock - 98.0 Bren Mar-Edsall Park
Kings Ridge ,Week2,Oakton ,Week4,331.0 Oakton - 71.0 Kings Ridge
Lake Braddock,Week1,Bren Mar-Edsall Park,Week4,272.0 Lake Braddock - 129.0 Bren Mar-Edsall Park
Kings Ridge ,Week5,Springboard,Week5,211.0 Kings Ridge - 191.0 Springboard
Kent Gardens,Week2,Greenbriar,Week3,228.0 Greenbriar - 174.0 Kent Gardens
Kings Ridge ,Week1,Springfield,Week1,311.0 Kings Ridge - 90.0 Springfield
Kent Gardens,Week4,South Run,Week3,209.0 Kent Gardens - 193.0 South Run
Kent Gardens,Week1,Parliament,Week3,202.0 Kent Gardens - 200.0 Parliament
Kent Gardens,Week4,South Run,Week2,221.0 Kent Gardens - 181.0 South Run
Kent Gardens,Week3,Greenbriar,Week1,223.0 Greenbriar - 179.0 Kent Gardens
Kings Ridge ,Week2,High Point Pool,Week3,298.0 High Point Pool - 104.0 Kings Ridge
Kings Ridge ,Week2,Dominion Hills,Week1,281.0 Dominion Hills - 121.0 Kings Ridge
Kings Ridge ,Week4,Lake Braddock,Week3,235.0 Kings Ridge - 167.0 Lake Braddock
Kent Gardens,Week4,Parklawn,Week4,230.0 Kent Gardens - 172.0 Parklawn
Lake Braddock,Week2,Bren Mar-Edsall Park,Week4,293.0 Lake Braddock - 104.0 Bren Mar-Edsall Park
Kings Ridge ,Week5,Kings Ridge ,Week2,221.0 Kings Ridge  (KR1) - 181.0 Kings Ridge  (KR2)
Kings Ridge ,Week5,Kings Ridge ,Week1,220.5 Kings Ridge  (KR1) - 181.5 Kings Ridge  (KR2)
Kings Ridge ,Week4,Hiddenbrook,Week2,209.0 Kings Ridge - 193.0 Hiddenbrook
Kent Gardens,Week2,Parliament,Week2,204.0 Parliament - 198.0 Kent Gardens
Kings Ridge ,Week3,Hiddenbrook,Week4,251.0 Hiddenbrook - 151.0 Kings Ridge
Kings Ridge ,Week2,Lake Braddock,Week5,218.0 Lake Braddock - 182.0 Kings Ridge
Kent Gardens,Week3,South Run,Week5,204.0 South Run - 198.0 Kent Gardens
Kings Ridge ,Week2,Dominion Hills,Week5,310.0 Dominion Hills - 92.0 Kings Ridge
Kent Gardens,Week2,Parliament,Week3,207.0 Parliament - 195.0 Kent Gardens
Kings Ridge ,Week1,Springfield,Week4,315.0 Kings Ridge - 86.0 Springfield
Kent Gardens,Week2,South Run,Week5,217.0 South Run - 185.0 Kent Gardens
Kent Gardens,Week2,Parklawn,Week5,242.0 Kent Gardens - 160.0 Parklawn
Kings Ridge ,Week2,Old Keene Mill,Week2,233.0 Old Keene Mill - 169.0 Kings Ridge
Kings Ridge ,Week2,Dominion Hills,Week3,273.0 Dominion Hills - 129.0 Kings Ridge
Kings Ridge ,Week5,Hiddenbrook,Week1,219.0 Hiddenbrook - 183.0 Kings Ridge
Kings Ridge ,Week5,Lake Braddock,Week2,233.0 Kings Ridge - 169.0 Lake Braddock
Kent Gardens,Week2,South Run,Week4,225.0 Kent Gardens - 177.0 South Run
Kings Ridge ,Week3,Dominion Hills,Week2,276.0 Dominion Hills - 126.0 Kings Ridge
Kent Gardens,Week4,South Run,Week5,211.0 South Run - 191.0 Kent Gardens
Kent Gardens,Week4,Greenbriar,Week5,211.0 Greenbriar - 191.0 Kent Gardens
Kent Gardens,Week1,Greenbriar,Week1,213.0 Kent Gardens - 189.0 Greenbriar
Kings Ridge ,Week2,Old Keene Mill,Week4,222.0 Old Keene Mill - 180.0 Kings Ridge
Lake Braddock,Week2,Bren Mar-Edsall Park,Week1,314.0 Lake Braddock - 86.0 Bren Mar-Edsall Park
Kings Ridge ,Week2,Lake Braddock,Week3,204.0 Kings Ridge - 197.0 Lake Braddock
Lake Braddock,Week1,Bren Mar-Edsall Park,Week5,291.0 Lake Braddock - 110.0 Bren Mar-Edsall Park
Kings Ridge ,Week1,High Point Pool,Week5,315.0 High Point Pool - 87.0 Kings Ridge
Kent Gardens,Week2,Parliament,Week4,208.0 Parliament - 193.0 Kent Gardens
Kings Ridge ,Week1,Old Keene Mill,Week1,213.0 Old Keene Mill - 189.0 Kings Ridge
Kent Gardens,Week1,Greenbriar,Week3,216.0 Greenbriar - 186.0 Kent Gardens
Kings Ridge ,Week1,Springfield,Week3,328.0 Kings Ridge - 69.0 Springfield
Kings Ridge ,Week4,Hiddenbrook,Week5,242.0 Hiddenbrook - 160.0 Kings Ridge
Kings Ridge ,Week1,Springfield,Week5,337.0 Kings Ridge - 62.0 Springfield
Kings Ridge ,Week3,Dominion Hills,Week4,286.0 Dominion Hills - 112.0 Kings Ridge
Lake Braddock,Week4,Brandywine,Week4,298.0 Brandywine - 104.0 Lake Braddock
Kings Ridge ,Week1,Orange Hunt,Week4,284.0 Orange Hunt - 118.0 Kings Ridge
Kent Gardens,Week1,Greenbriar,Week2,226.0 Greenbriar - 176.0 Kent Gardens
Kings Ridge ,Week3,Lakevale Estates,Week2,311.0 Lakevale Estates - 91.0 Kings Ridge
Kings Ridge ,Week2,Springfield,Week1,299.0 Kings Ridge - 99.0 Springfield
Kent Gardens,Week3,Parliament,Week1,232.0 Parliament - 166.0 Kent Gardens
Lake Braddock,Week3,Bren Mar-Edsall Park,Week2,321.0 Lake Braddock - 77.0 Bren Mar-Edsall Park
Lake Braddock,Week4,Bren Mar-Edsall Park,Week1,325.0 Lake Braddock - 76.0 Bren Mar-Edsall Park
Lake Braddock,Week5,Bren Mar-Edsall Park,Week4,317.0 Lake Braddock - 80.0 Bren Mar-Edsall Park
Kings Ridge ,Week5,Hiddenbrook,Week5,245.0 Hiddenbrook - 157.0 Kings Ridge
Lake Braddock,Week2,Bren Mar-Edsall Park,Week2,319.0 Lake Braddock - 79.0 Bren Mar-Edsall Park
Kent Gardens,Week5,Greenbriar,Week4,248.0 Kent Gardens - 154.0 Greenbriar
Kings Ridge ,Week2,High Point Pool,Week4,305.0 High Point Pool - 97.0 Kings Ridge
Kent Gardens,Week2,Parliament,Week5,224.0 Parliament - 174.0 Kent Gardens
Kings Ridge ,Week4,Old Keene Mill,Week5,227.0 Old Keene Mill - 175.0 Kings Ridge
Kings Ridge ,Week3,Dominion Hills,Week1,251.0 Dominion Hills - 151.0 Kings Ridge
Kings Ridge ,Week3,Lake Braddock,Week1,254.0 Kings Ridge - 148.0 Lake Braddock
Kent Gardens,Week5,Greenbriar,Week2,204.0 Greenbriar - 198.0 Kent Gardens
Kings Ridge ,Week1,Lake Braddock,Week3,208.0 Kings Ridge - 194.0 Lake Braddock
Kent Gardens,Week1,Springboard,Week3,281.0 Kent Gardens - 120.0 Springboard
Kent Gardens,Week3,Parliament,Week3,216.0 Parliament - 186.0 Kent Gardens
Kings Ridge ,Week4,Dominion Hills,Week1,250.0 Dominion Hills - 152.0 Kings Ridge
Kings Ridge ,Week3,Old Keene Mill,Week5,226.0 Old Keene Mill - 176.0 Kings Ridge
Kings Ridge ,Week2,Springfield,Week3,315.0 Kings Ridge - 81.0 Springfield
Kent Gardens,Week5,South Run,Week4,261.0 Kent Gardens - 141.0 South Run
Kings Ridge ,Week2,Old Keene Mill,Week3,230.0 Old Keene Mill - 172.0 Kings Ridge
Kings Ridge ,Week1,Springfield,Week2,330.0 Kings Ridge - 64.0 Springfield
Kent Gardens,Week3,Greenbriar,Week3,235.0 Greenbriar - 167.0 Kent Gardens
Kings Ridge ,Week3,Dominion Hills,Week5,305.0 Dominion Hills - 96.0 Kings Ridge
Lake Braddock,Week1,Brookfield ,Week4,311.0 Brookfield - 91.0 Lake Braddock
Kings Ridge ,Week2,Springfield,Week2,307.0 Kings Ridge - 88.0 Springfield
Kings Ridge ,Week4,Hiddenbrook,Week3,230.0 Hiddenbrook - 172.0 Kings Ridge
Kings Ridge ,Week3,Lake Braddock,Week3,223.0 Kings Ridge - 179.0 Lake Braddock
Kent Gardens,Week3,Hamlet,Week1,295.0 Hamlet - 107.0 Kent Gardens
Kings Ridge ,Week2,High Point Pool,Week5,302.0 High Point Pool - 100.0 Kings Ridge
Kings Ridge ,Week2,Springfield,Week5,322.0 Kings Ridge - 76.0 Springfield
Kings Ridge ,Week2,Dominion Hills,Week2,287.0 Dominion Hills - 115.0 Kings Ridge
Kings Ridge ,Week2,High Point Pool,Week1,302.0 High Point Pool - 100.0 Kings Ridge
Kent Gardens,Week1,Springboard,Week2,292.0 Kent Gardens - 109.0 Springboard
Kings Ridge ,Week2,Lake Braddock,Week2,217.0 Kings Ridge - 183.0 Lake Braddock
Kent Gardens,Week5,South Run,Week5,231.0 Kent Gardens - 171.0 South Run
Kings Ridge ,Week1,Old Keene Mill,Week4,225.0 Old Keene Mill - 177.0 Kings Ridge
Kings Ridge ,Week3,Old Keene Mill,Week1,207.0 Old Keene Mill - 192.0 Kings Ridge
Kings Ridge ,Week3,Springfield,Week1,299.0 Kings Ridge - 89.0 Springfield
Kent Gardens,Week3,Parliament,Week5,213.0 Parliament - 185.0 Kent Gardens
Kings Ridge ,Week4,Kings Ridge ,Week2,232.0 Kings Ridge  (KR1) - 170.0 Kings Ridge  (KR2)
Kent Gardens,Week2,Springboard,Week2,300.0 Kent Gardens - 101.0 Springboard
Kent Gardens,Week1,Springboard,Week1,295.0 Kent Gardens - 106.0 Springboard
Kings Ridge ,Week3,Springfield,Week2,320.0 Kings Ridge - 67.0 Springfield
Kings Ridge ,Week3,Lake Braddock,Week2,229.0 Kings Ridge - 172.0 Lake Braddock
Kings Ridge ,Week5,Kings Ridge ,Week5,200.0 Kings Ridge  (KR1) - 200.0 Kings Ridge  (KR2)
Kings Ridge ,Week1,High Point Pool,Week2,327.5 High Point Pool - 74.5 Kings Ridge
Kings Ridge ,Week4,Old Keene Mill,Week4,203.0 Kings Ridge - 199.0 Old Keene Mill
Kent Gardens,Week2,Hamlet,Week2,314.0 Hamlet - 88.0 Kent Gardens
Lake Braddock,Week2,Brookfield ,Week2,276.5 Brookfield - 125.5 Lake Braddock
Kings Ridge ,Week4,Dominion Hills,Week2,259.0 Dominion Hills - 143.0 Kings Ridge
Kings Ridge ,Week3,Dominion Hills,Week3,264.0 Dominion Hills - 137.0 Kings Ridge
Kings Ridge ,Week3,Springfield,Week5,335.0 Kings Ridge - 56.0 Springfield
Lake Braddock,Week3,Bren Mar-Edsall Park,Week4,299.0 Lake Braddock - 99.0 Bren Mar-Edsall Park
Kent Gardens,Week4,Hamlet,Week1,278.0 Hamlet - 124.0 Kent Gardens
Kings Ridge ,Week3,Springfield,Week3,326.0 Kings Ridge - 62.0 Springfield
Kings Ridge ,Week5,Hiddenbrook,Week2,219.0 Kings Ridge - 183.0 Hiddenbrook
Kent Gardens,Week4,Parliament,Week1,239.0 Parliament - 162.0 Kent Gardens
Kent Gardens,Week2,Springboard,Week5,249.0 Kent Gardens - 153.0 Springboard
Kings Ridge ,Week2,Dominion Hills,Week4,290.0 Dominion Hills - 112.0 Kings Ridge
Lake Braddock,Week3,Brandywine,Week4,286.5 Brandywine - 115.5 Lake Braddock
Kent Gardens,Week5,Parklawn,Week1,300.0 Kent Gardens - 93.0 Parklawn
Kings Ridge ,Week3,Old Keene Mill,Week3,221.0 Old Keene Mill - 180.0 Kings Ridge
Kent Gardens,Week3,Parliament,Week2,213.0 Parliament - 188.0 Kent Gardens
Kent Gardens,Week5,Greenbriar,Week5,222.0 Kent Gardens - 180.0 Greenbriar
Kings Ridge ,Week1,High Point Pool,Week3,305.0 High Point Pool - 97.0 Kings Ridge
Kent Gardens,Week1,Springboard,Week4,278.0 Kent Gardens - 124.0 Springboard
Kings Ridge ,Week5,Dominion Hills,Week1,244.0 Dominion Hills - 158.0 Kings Ridge
Kent Gardens,Week2,Parliament,Week1,220.0 Parliament - 178.0 Kent Gardens
Kings Ridge ,Week5,Lake Braddock,Week3,238.0 Kings Ridge - 164.0 Lake Braddock
Kings Ridge ,Week5,Old Keene Mill,Week1,216.0 Kings Ridge - 186.0 Old Keene Mill
Kent Gardens,Week2,Hamlet,Week5,320.0 Hamlet - 82.0 Kent Gardens
Kent Gardens,Week5,Hamlet,Week1,246.0 Hamlet - 156.0 Kent Gardens
Kings Ridge ,Week4,Old Keene Mill,Week2,218.0 Old Keene Mill - 184.0 Kings Ridge
Kent Gardens,Week4,Parliament,Week3,214.0 Parliament - 188.0 Kent Gardens
Kent Gardens,Week5,South Run,Week3,247.0 Kent Gardens - 155.0 South Run
Kent Gardens,Week2,Springboard,Week3,278.0 Kent Gardens - 123.0 Springboard
Kings Ridge ,Week2,Donaldson Run,Week2,329.0 Donaldson Run - 73.0 Kings Ridge
Kent Gardens,Week2,Hayfield Farm,Week3,243.0 Hayfield Farm - 159.0 Kent Gardens
Kings Ridge ,Week4,Dominion Hills,Week4,270.0 Dominion Hills - 132.0 Kings Ridge
Kent Gardens,Week5,Hamlet,Week2,268.0 Hamlet - 134.0 Kent Gardens
Lake Braddock,Week5,Brandywine,Week2,255.0 Brandywine - 147.0 Lake Braddock
Kent Gardens,Week1,Parliament,Week5,207.0 Kent Gardens - 191.0 Parliament
Kings Ridge ,Week4,Lake Braddock,Week2,236.0 Kings Ridge - 166.0 Lake Braddock
Kent Gardens,Week1,Hamlet,Week3,300.0 Hamlet - 102.0 Kent Gardens
Kings Ridge ,Week5,Old Keene Mill,Week3,208.0 Old Keene Mill - 194.0 Kings Ridge
Kings Ridge ,Week5,Old Keene Mill,Week2,205.0 Kings Ridge - 197.0 Old Keene Mill
Kings Ridge ,Week4,Hiddenbrook,Week1,207.0 Hiddenbrook - 195.0 Kings Ridge
Kent Gardens,Week2,Springboard,Week4,260.0 Kent Gardens - 142.0 Springboard
Lake Braddock,Week3,Bren Mar-Edsall Park,Week1,329.0 Lake Braddock - 71.0 Bren Mar-Edsall Park
Kings Ridge ,Week5,Old Keene Mill,Week5,216.0 Old Keene Mill - 186.0 Kings Ridge
Kings Ridge ,Week4,Lake Braddock,Week1,261.0 Kings Ridge - 141.0 Lake Braddock
Lake Braddock,Week5,Brandywine,Week3,259.0 Brandywine - 143.0 Lake Braddock
Kings Ridge ,Week2,Donaldson Run,Week3,340.0 Donaldson Run - 62.0 Kings Ridge
Kent Gardens,Week1,Pinecrest,Week4,278.0 Pinecrest - 124.0 Kent Gardens
Lake Braddock,Week1,Bren Mar-Edsall Park,Week2,304.0 Lake Braddock - 96.0 Bren Mar-Edsall Park
Kent Gardens,Week1,Springboard,Week5,258.0 Kent Gardens - 144.0 Springboard
Kings Ridge ,Week3,Springfield,Week4,305.0 Kings Ridge - 86.0 Springfield
Kings Ridge ,Week2,Donaldson Run,Week1,328.0 Donaldson Run - 74.0 Kings Ridge
Kings Ridge ,Week4,Lake Braddock,Week5,209.0 Kings Ridge - 193.0 Lake Braddock
Kent Gardens,Week3,Parliament,Week4,203.0 Parliament - 198.0 Kent Gardens
Lake Braddock,Week4,Bren Mar-Edsall Park,Week4,303.0 Lake Braddock - 95.0 Bren Mar-Edsall Park
Kings Ridge ,Week2,Lakevale Estates,Week1,320.0 Lakevale Estates - 82.0 Kings Ridge
Kent Gardens,Week4,Springboard,Week3,275.0 Kent Gardens - 127.0 Springboard
Kings Ridge ,Week1,Orange Hunt,Week2,282.0 Orange Hunt - 120.0 Kings Ridge
Kings Ridge ,Week4,Old Keene Mill,Week1,203.0 Kings Ridge - 199.0 Old Keene Mill
Kent Gardens,Week1,Hamlet,Week2,302.0 Hamlet - 100.0 Kent Gardens
Kings Ridge ,Week1,Donaldson Run,Week4,337.0 Donaldson Run - 65.0 Kings Ridge
Kent Gardens,Week3,Springboard,Week5,244.0 Kent Gardens - 158.0 Springboard
Kent Gardens,Week5,Parklawn,Week2,282.0 Kent Gardens - 120.0 Parklawn
Kent Gardens,Week4,Springboard,Week1,279.0 Kent Gardens - 123.0 Springboard
Kent Gardens,Week1,Parliament,Week4,204.0 Kent Gardens - 197.0 Parliament
Kent Gardens,Week3,Hamlet,Week3,318.0 Hamlet - 84.0 Kent Gardens
Lake Braddock,Week3,Bren Mar-Edsall Park,Week5,299.0 Lake Braddock - 101.0 Bren Mar-Edsall Park
Kent Gardens,Week2,Hamlet,Week1,295.0 Hamlet - 107.0 Kent Gardens
Kings Ridge ,Week5,Lake Braddock,Week4,231.0 Kings Ridge - 171.0 Lake Braddock
Lake Braddock,Week5,Bren Mar-Edsall Park,Week3,311.0 Lake Braddock - 90.0 Bren Mar-Edsall Park
Lake Braddock,Week5,Bren Mar-Edsall Park,Week5,305.0 Lake Braddock - 96.0 Bren Mar-Edsall Park
Kent Gardens,Week1,Parliament,Week2,207.0 Kent Gardens - 195.0 Parliament
Kings Ridge ,Week5,Old Keene Mill,Week4,206.0 Old Keene Mill - 196.0 Kings Ridge
Kent Gardens,Week3,Springboard,Week1,269.0 Kent Gardens - 132.0 Springboard
Kent Gardens,Week4,Parklawn,Week5,245.0 Kent Gardens - 157.0 Parklawn
Kent Gardens,Week2,Hamlet,Week4,290.0 Hamlet - 112.0 Kent Gardens
Kent Gardens,Week5,Hamlet,Week4,244.0 Hamlet - 158.0 Kent Gardens
Kent Gardens,Week3,Springboard,Week2,287.0 Kent Gardens - 114.0 Springboard
Lake Braddock,Week1,Brookfield ,Week1,322.0 Brookfield - 80.0 Lake Braddock
Kings Ridge ,Week1,Donaldson Run,Week5,346.0 Donaldson Run - 51.0 Kings Ridge
Kent Gardens,Week5,Parklawn,Week3,282.0 Kent Gardens - 120.0 Parklawn
Lake Braddock,Week4,Bren Mar-Edsall Park,Week5,300.0 Lake Braddock - 101.0 Bren Mar-Edsall Park
Kings Ridge ,Week5,Dominion Hills,Week5,287.0 Dominion Hills - 115.0 Kings Ridge
Kings Ridge ,Week5,Lake Braddock,Week1,264.0 Kings Ridge - 138.0 Lake Braddock
Kings Ridge ,Week5,Dominion Hills,Week3,244.0 Dominion Hills - 158.0 Kings Ridge
Kings Ridge ,Week1,Lakevale Estates,Week2,318.0 Lakevale Estates - 84.0 Kings Ridge
Kings Ridge ,Week1,Donaldson Run,Week2,322.0 Donaldson Run - 80.0 Kings Ridge
Kings Ridge ,Week1,Lakevale Estates,Week4,338.0 Lakevale Estates - 64.0 Kings Ridge
Kent Gardens,Week5,South Run,Week2,243.0 Kent Gardens - 159.0 South Run
Kings Ridge ,Week4,Old Keene Mill,Week3,213.0 Old Keene Mill - 189.0 Kings Ridge
Kings Ridge ,Week5,Lake Braddock,Week5,215.0 Kings Ridge - 187.0 Lake Braddock
Kings Ridge ,Week3,Old Keene Mill,Week4,221.0 Old Keene Mill - 179.0 Kings Ridge
Kings Ridge ,Week1,Old Keene Mill,Week5,238.0 Old Keene Mill - 159.0 Kings Ridge
Kings Ridge ,Week2,Orange Hunt,Week1,283.0 Orange Hunt - 119.0 Kings Ridge
Kent Gardens,Week1,Hayfield Farm,Week3,216.0 Hayfield Farm - 186.0 Kent Gardens
Kent Gardens,Week4,Hamlet,Week3,294.0 Hamlet - 108.0 Kent Gardens
Kings Ridge ,Week2,Donaldson Run,Week4,342.5 Donaldson Run - 59.5 Kings Ridge
Kings Ridge ,Week1,Lakevale Estates,Week3,315.0 Lakevale Estates - 87.0 Kings Ridge
Lake Braddock,Week1,Brookfield ,Week3,294.0 Brookfield - 108.0 Lake Braddock
Kings Ridge ,Week3,Donaldson Run,Week1,337.0 Donaldson Run - 65.0 Kings Ridge
Kent Gardens,Week1,Hayfield Farm,Week1,203.0 Kent Gardens - 199.0 Hayfield Farm
Lake Braddock,Week4,Bren Mar-Edsall Park,Week3,308.0 Lake Braddock - 93.0 Bren Mar-Edsall Park
Kings Ridge ,Week2,Lakevale Estates,Week3,322.0 Lakevale Estates - 80.0 Kings Ridge
Kings Ridge ,Week1,Orange Hunt,Week3,288.0 Orange Hunt - 114.0 Kings Ridge
Lake Braddock,Week1,Brookfield ,Week2,300.0 Brookfield - 102.0 Lake Braddock
Kent Gardens,Week1,Pinecrest,Week2,256.0 Pinecrest - 146.0 Kent Gardens
Kings Ridge ,Week1,Donaldson Run,Week1,337.0 Donaldson Run - 65.0 Kings Ridge
Kent Gardens,Week4,Springboard,Week2,291.0 Kent Gardens - 111.0 Springboard
Kings Ridge ,Week2,Lakevale Estates,Week4,328.0 Lakevale Estates - 74.0 Kings Ridge
Kings Ridge ,Week3,Donaldson Run,Week2,316.0 Donaldson Run - 86.0 Kings Ridge
Kings Ridge ,Week2,Orange Hunt,Week2,287.0 Orange Hunt - 115.0 Kings Ridge
Kent Gardens,Week3,Springboard,Week4,264.0 Kent Gardens - 138.0 Springboard
Kent Gardens,Week2,Springboard,Week1,280.0 Kent Gardens - 121.0 Springboard
Kent Gardens,Week4,Parliament,Week4,213.0 Parliament - 189.0 Kent Gardens
Kent Gardens,Week1,Pinecrest,Week3,264.0 Pinecrest - 138.0 Kent Gardens
Kent Gardens,Week1,Hamlet,Week4,270.0 Hamlet - 132.0 Kent Gardens
Kent Gardens,Week5,Parliament,Week4,232.0 Kent Gardens - 170.0 Parliament
Kings Ridge ,Week2,Lakevale Estates,Week2,318.0 Lakevale Estates - 84.0 Kings Ridge
Kent Gardens,Week2,Pinecrest,Week1,272.0 Pinecrest - 130.0 Kent Gardens
Kent Gardens,Week5,Springboard,Week4,302.0 Kent Gardens - 100.0 Springboard
Kings Ridge ,Week1,Lakevale Estates,Week5,328.0 Lakevale Estates - 74.0 Kings Ridge
Kent Gardens,Week1,Pinecrest,Week5,275.0 Pinecrest - 127.0 Kent Gardens
Kings Ridge ,Week3,Donaldson Run,Week3,331.0 Donaldson Run - 71.0 Kings Ridge
Lake Braddock,Week1,Brookfield ,Week5,293.0 Brookfield - 109.0 Lake Braddock
Kings Ridge ,Week5,Dominion Hills,Week2,259.0 Dominion Hills - 143.0 Kings Ridge
Kings Ridge ,Week2,Lakevale Estates,Week5,325.5 Lakevale Estates - 76.5 Kings Ridge
Lake Braddock,Week3,Bren Mar-Edsall Park,Week3,307.0 Lake Braddock - 94.0 Bren Mar-Edsall Park
Lake Braddock,Week5,Bren Mar-Edsall Park,Week2,329.0 Lake Braddock - 69.0 Bren Mar-Edsall Park
Kent Gardens,Week1,Springfield,Week1,372.0 Kent Gardens - 28.0 Springfield
Kings Ridge ,Week2,Old Keene Mill,Week5,237.0 Old Keene Mill - 165.0 Kings Ridge
Kent Gardens,Week2,Pinecrest,Week2,280.0 Pinecrest - 122.0 Kent Gardens
Kent Gardens,Week4,Springboard,Week4,265.0 Kent Gardens - 137.0 Springboard
Kings Ridge ,Week3,Old Keene Mill,Week2,223.0 Old Keene Mill - 178.0 Kings Ridge
Kings Ridge ,Week2,Orange Hunt,Week3,297.0 Orange Hunt - 105.0 Kings Ridge
Kent Gardens,Week3,Hamlet,Week2,309.0 Hamlet - 93.0 Kent Gardens
Kent Gardens,Week2,Pinecrest,Week4,282.0 Pinecrest - 120.0 Kent Gardens
Kings Ridge ,Week3,Lakevale Estates,Week1,305.0 Lakevale Estates - 97.0 Kings Ridge
Kings Ridge ,Week2,Donaldson Run,Week5,354.0 Donaldson Run - 48.0 Kings Ridge
Kent Gardens,Week2,Hamlet,Week3,296.0 Hamlet - 106.0 Kent Gardens
Lake Braddock,Week4,Bren Mar-Edsall Park,Week2,321.0 Lake Braddock - 77.0 Bren Mar-Edsall Park
Kent Gardens,Week5,Springboard,Week5,287.0 Kent Gardens - 115.0 Springboard
Kings Ridge ,Week1,Lakevale Estates,Week1,318.0 Lakevale Estates - 84.0 Kings Ridge
Kings Ridge ,Week4,Dominion Hills,Week5,280.0 Dominion Hills - 122.0 Kings Ridge
Kings Ridge ,Week2,Old Keene Mill,Week1,233.0 Old Keene Mill - 169.0 Kings Ridge
Kent Gardens,Week4,Hamlet,Week4,290.0 Hamlet - 112.0 Kent Gardens
Kent Gardens,Week3,Springboard,Week3,268.0 Kent Gardens - 133.0 Springboard
Kent Gardens,Week3,Pinecrest,Week1,261.0 Pinecrest - 141.0 Kent Gardens
Kent Gardens,Week1,Hayfield Farm,Week2,203.0 Kent Gardens - 199.0 Hayfield Farm
Kings Ridge ,Week1,Orange Hunt,Week1,271.0 Orange Hunt - 131.0 Kings Ridge
Kings Ridge ,Week3,Lakevale Estates,Week3,311.0 Lakevale Estates - 91.0 Kings Ridge
Lake Braddock,Week5,Bren Mar-Edsall Park,Week1,326.0 Lake Braddock - 74.0 Bren Mar-Edsall Park
Kings Ridge ,Week1,Donaldson Run,Week3,346.0 Donaldson Run - 56.0 Kings Ridge
Kent Gardens,Week1,Hayfield Farm,Week4,220.0 Kent Gardens - 182.0 Hayfield Farm
Kent Gardens,Week2,Springfield,Week3,357.0 Kent Gardens - 40.0 Springfield
Kent Gardens,Week2,Pinecrest,Week3,292.0 Pinecrest - 110.0 Kent Gardens
Kings Ridge ,Week2,Dowden Terrace,Week5,306.0 Dowden Terrace - 96.0 Kings Ridge
Kent Gardens,Week4,Hollin Hills,Week4,293.0 Kent Gardens - 108.0 Hollin Hills
Kings Ridge ,Week3,Orange Hunt,Week1,262.0 Orange Hunt - 140.0 Kings Ridge
Kent Gardens,Week5,Parliament,Week5,235.0 Kent Gardens - 166.0 Parliament
Kent Gardens,Week1,Hayfield Farm,Week5,213.0 Kent Gardens - 189.0 Hayfield Farm
Kent Gardens,Week1,Hamlet,Week1,268.0 Hamlet - 134.0 Kent Gardens
Kings Ridge ,Week3,Lakevale Estates,Week5,319.0 Lakevale Estates - 83.0 Kings Ridge
Kings Ridge ,Week1,Orange Hunt,Week5,302.0 Orange Hunt - 100.0 Kings Ridge
Kent Gardens,Week3,Pinecrest,Week2,287.0 Pinecrest - 115.0 Kent Gardens
Kings Ridge ,Week4,Lakevale Estates,Week1,301.0 Lakevale Estates - 101.0 Kings Ridge
Kent Gardens,Week5,Hollin Hills,Week5,309.0 Kent Gardens - 92.0 Hollin Hills
Lake Braddock,Week3,Brookfield ,Week3,272.0 Brookfield - 130.0 Lake Braddock
Kings Ridge ,Week4,Lakevale Estates,Week3,301.0 Lakevale Estates - 101.0 Kings Ridge
Kings Ridge ,Week5,Dominion Hills,Week4,262.0 Dominion Hills - 140.0 Kings Ridge
Kings Ridge ,Week4,Donaldson Run,Week3,331.0 Donaldson Run - 71.0 Kings Ridge
Kent Gardens,Week4,Springfield,Week2,356.0 Kent Gardens - 42.0 Springfield
Kings Ridge ,Week2,Orange Hunt,Week5,301.0 Orange Hunt - 101.0 Kings Ridge
Lake Braddock,Week2,Brookfield ,Week1,292.0 Brookfield - 110.0 Lake Braddock
Kings Ridge ,Week4,Lakevale Estates,Week2,299.5 Lakevale Estates - 102.5 Kings Ridge
Lake Braddock,Week3,Brookfield ,Week1,301.0 Brookfield - 101.0 Lake Braddock
Lake Braddock,Week3,Brookfield ,Week5,276.0 Brookfield - 126.0 Lake Braddock
Kings Ridge ,Week3,Lakevale Estates,Week4,328.0 Lakevale Estates - 74.0 Kings Ridge
Lake Braddock,Week2,Brookfield ,Week3,267.0 Brookfield - 135.0 Lake Braddock
Lake Braddock,Week3,Brookfield ,Week4,287.0 Brookfield - 115.0 Lake Braddock
Kent Gardens,Week2,Pinecrest,Week5,283.0 Pinecrest - 119.0 Kent Gardens
Kent Gardens,Week1,Stratford,Week3,261.0 Kent Gardens - 141.0 Stratford
Kings Ridge ,Week2,Orange Hunt,Week4,290.0 Orange Hunt - 112.0 Kings Ridge
Kent Gardens,Week1,Stratford,Week2,275.0 Kent Gardens - 127.0 Stratford
Kings Ridge ,Week3,Orange Hunt,Week4,278.0 Orange Hunt - 123.0 Kings Ridge
Kent Gardens,Week5,Hamlet,Week3,268.0 Hamlet - 134.0 Kent Gardens
Kent Gardens,Week1,Hamlet,Week5,292.0 Hamlet - 110.0 Kent Gardens
Kent Gardens,Week1,Springfield,Week3,365.0 Kent Gardens - 31.0 Springfield
Kent Gardens,Week5,Springfield,Week1,384.0 Kent Gardens - 18.0 Springfield
Kings Ridge ,Week4,Orange Hunt,Week1,247.0 Orange Hunt - 155.0 Kings Ridge
Kent Gardens,Week3,Hamlet,Week5,312.0 Hamlet - 90.0 Kent Gardens
Kent Gardens,Week5,Parliament,Week3,233.0 Kent Gardens - 169.0 Parliament
Kings Ridge ,Week5,Donaldson Run,Week1,329.0 Donaldson Run - 73.0 Kings Ridge
Kings Ridge ,Week5,Donaldson Run,Week5,339.0 Donaldson Run - 63.0 Kings Ridge
Kings Ridge ,Week4,Lakevale Estates,Week4,314.0 Lakevale Estates - 88.0 Kings Ridge
Kent Gardens,Week4,Hamlet,Week5,301.0 Hamlet - 101.0 Kent Gardens
Kent Gardens,Week3,Hollin Meadows,Week1,220.0 Hollin Meadows - 182.0 Kent Gardens
Kent Gardens,Week3,Hamlet,Week4,291.0 Hamlet - 111.0 Kent Gardens
Kings Ridge ,Week5,Lakevale Estates,Week3,297.0 Lakevale Estates - 105.0 Kings Ridge
Lake Braddock,Week4,Brookfield ,Week5,292.0 Brookfield - 110.0 Lake Braddock
Kings Ridge ,Week2,Dowden Terrace,Week4,291.0 Dowden Terrace - 111.0 Kings Ridge
Lake Braddock,Week4,Brookfield ,Week2,281.0 Brookfield - 121.0 Lake Braddock
Kings Ridge ,Week3,Dowden Terrace,Week3,267.0 Dowden Terrace - 135.0 Kings Ridge
Kent Gardens,Week2,Springfield,Week4,343.0 Kent Gardens - 56.0 Springfield
Kent Gardens,Week3,Springfield,Week1,360.0 Kent Gardens - 40.0 Springfield
Kings Ridge ,Week3,Orange Hunt,Week5,293.0 Orange Hunt - 105.0 Kings Ridge
Kent Gardens,Week5,Hollin Hills,Week4,324.0 Kent Gardens - 78.0 Hollin Hills
Kent Gardens,Week4,Hollin Meadows,Week1,224.0 Hollin Meadows - 178.0 Kent Gardens
Kings Ridge ,Week3,Overlee,Week5,378.0 Overlee - 24.0 Kings Ridge
Kent Gardens,Week3,Pinecrest,Week4,284.0 Pinecrest - 118.0 Kent Gardens
Kent Gardens,Week5,Parliament,Week1,213.0 Kent Gardens - 188.0 Parliament
Kent Gardens,Week4,Hamlet,Week2,296.0 Hamlet - 106.0 Kent Gardens
Lake Braddock,Week5,Brookfield ,Week1,280.0 Brookfield - 122.0 Lake Braddock
Kent Gardens,Week3,Pinecrest,Week3,290.0 Pinecrest - 112.0 Kent Gardens
Kings Ridge ,Week5,Donaldson Run,Week3,339.0 Donaldson Run - 63.0 Kings Ridge
Kings Ridge ,Week1,Dowden Terrace,Week3,281.0 Dowden Terrace - 121.0 Kings Ridge
Kent Gardens,Week2,Springfield,Week2,353.0 Kent Gardens - 42.0 Springfield
Kings Ridge ,Week4,Orange Hunt,Week3,263.0 Orange Hunt - 139.0 Kings Ridge
Kings Ridge ,Week5,Lakevale Estates,Week1,293.0 Lakevale Estates - 109.0 Kings Ridge
Lake Braddock,Week5,Brookfield ,Week2,274.0 Brookfield - 128.0 Lake Braddock
Kent Gardens,Week2,Hollin Meadows,Week3,239.0 Hollin Meadows - 163.0 Kent Gardens
Kings Ridge ,Week1,Overlee,Week3,381.0 Overlee - 21.0 Kings Ridge
Kent Gardens,Week1,Pinecrest,Week1,242.0 Pinecrest - 160.0 Kent Gardens
Kings Ridge ,Week4,Dowden Terrace,Week1,256.0 Dowden Terrace - 146.0 Kings Ridge
Kent Gardens,Week2,Springfield,Week5,365.0 Kent Gardens - 36.0 Springfield
Kent Gardens,Week2,Hayfield Farm,Week2,221.0 Hayfield Farm - 181.0 Kent Gardens
Kent Gardens,Week3,Springfield,Week5,359.0 Kent Gardens - 41.0 Springfield
Kings Ridge ,Week1,Lakeview,Week1,243.0 Kings Ridge - 159.0 Lakeview
Kent Gardens,Week5,Parliament,Week2,244.0 Kent Gardens - 158.0 Parliament
Kent Gardens,Week5,Hamlet,Week5,279.0 Hamlet - 123.0 Kent Gardens
Kent Gardens,Week2,Hollin Meadows,Week5,241.0 Hollin Meadows - 161.0 Kent Gardens
Lake Braddock,Week5,Brookfield ,Week4,275.0 Brookfield - 127.0 Lake Braddock
Kings Ridge ,Week4,Donaldson Run,Week2,316.0 Donaldson Run - 86.0 Kings Ridge
Kent Gardens,Week5,Pinecrest,Week1,219.0 Pinecrest - 183.0 Kent Gardens
Lake Braddock,Week3,Brookfield ,Week2,282.0 Brookfield - 120.0 Lake Braddock
Kings Ridge ,Week5,Lakevale Estates,Week4,323.0 Lakevale Estates - 79.0 Kings Ridge
Kent Gardens,Week3,Springfield,Week3,360.0 Kent Gardens - 38.0 Springfield
Kings Ridge ,Week1,Overlee,Week1,378.0 Overlee - 24.0 Kings Ridge
Kings Ridge ,Week4,Lakevale Estates,Week5,321.0 Lakevale Estates - 81.0 Kings Ridge
Kings Ridge ,Week4,Orange Hunt,Week5,283.0 Orange Hunt - 119.0 Kings Ridge
Kent Gardens,Week2,Hayfield Farm,Week1,215.0 Hayfield Farm - 187.0 Kent Gardens
Kings Ridge ,Week5,Lakevale Estates,Week5,317.0 Lakevale Estates - 85.0 Kings Ridge
Kings Ridge ,Week4,Donaldson Run,Week5,343.0 Donaldson Run - 59.0 Kings Ridge
Kent Gardens,Week1,Hollin Meadows,Week4,205.0 Kent Gardens - 197.0 Hollin Meadows
Kings Ridge ,Week5,Orange Hunt,Week2,264.0 Orange Hunt - 138.0 Kings Ridge
Kent Gardens,Week1,Hollin Meadows,Week2,214.0 Kent Gardens - 188.0 Hollin Meadows
Kent Gardens,Week4,Springfield,Week3,359.0 Kent Gardens - 41.0 Springfield
Kings Ridge ,Week1,Lakeview,Week2,220.0 Kings Ridge - 182.0 Lakeview
Lake Braddock,Week4,Brookfield ,Week3,274.0 Brookfield - 128.0 Lake Braddock
Kent Gardens,Week3,Pinewood Lake,Week3,344.0 Kent Gardens - 52.0 Pinewood Lake
Kent Gardens,Week4,Pinecrest,Week1,261.0 Pinecrest - 141.0 Kent Gardens
Kent Gardens,Week3,Hayfield Farm,Week1,219.0 Hayfield Farm - 183.0 Kent Gardens
Kent Gardens,Week2,Hayfield Farm,Week5,203.0 Kent Gardens - 199.0 Hayfield Farm
Kings Ridge ,Week5,Donaldson Run,Week4,325.0 Donaldson Run - 77.0 Kings Ridge
Kings Ridge ,Week2,Overlee,Week3,370.0 Overlee - 32.0 Kings Ridge
Kent Gardens,Week3,Hayfield Farm,Week4,212.0 Hayfield Farm - 190.0 Kent Gardens
Lake Braddock,Week1,Broyhill Crest,Week1,265.0 Lake Braddock - 134.0 Broyhill Crest
Kent Gardens,Week4,Springfield,Week5,366.5 Kent Gardens - 33.5 Springfield
Kent Gardens,Week1,Pinewood Lake,Week5,346.0 Kent Gardens - 54.0 Pinewood Lake
Lake Braddock,Week1,Broyhill Crest,Week2,290.0 Lake Braddock - 111.0 Broyhill Crest
Kings Ridge ,Week3,Dowden Terrace,Week2,265.0 Dowden Terrace - 137.0 Kings Ridge
Kings Ridge ,Week5,Orange Hunt,Week4,264.0 Orange Hunt - 138.0 Kings Ridge
Kings Ridge ,Week1,Lakeview,Week3,216.0 Kings Ridge - 186.0 Lakeview
Kings Ridge ,Week1,Overlee,Week4,393.0 Overlee - 9.0 Kings Ridge
Kent Gardens,Week2,Hollin Meadows,Week1,237.0 Hollin Meadows - 165.0 Kent Gardens
Lake Braddock,Week2,Brookfield ,Week5,270.0 Brookfield - 132.0 Lake Braddock
Kent Gardens,Week1,Pinewood Lake,Week2,355.0 Kent Gardens - 42.0 Pinewood Lake
Kent Gardens,Week2,Hollin Meadows,Week2,207.0 Hollin Meadows - 195.0 Kent Gardens
Kent Gardens,Week4,Hollin Meadows,Week4,230.0 Hollin Meadows - 172.0 Kent Gardens
Kent Gardens,Week4,Hayfield Farm,Week1,205.0 Kent Gardens - 197.0 Hayfield Farm
Lake Braddock,Week5,Brookfield ,Week3,247.0 Brookfield - 155.0 Lake Braddock
Kent Gardens,Week3,Hollin Meadows,Week2,209.0 Hollin Meadows - 193.0 Kent Gardens
Kent Gardens,Week5,Pinewood Lake,Week1,370.0 Kent Gardens - 31.0 Pinewood Lake
Kent Gardens,Week3,Springfield,Week2,355.0 Kent Gardens - 42.0 Springfield
Kings Ridge ,Week4,Lakeview,Week5,224.0 Kings Ridge - 169.0 Lakeview
Lake Braddock,Week2,Brookfield ,Week4,286.0 Brookfield - 116.0 Lake Braddock
Kings Ridge ,Week3,Donaldson Run,Week4,331.0 Donaldson Run - 71.0 Kings Ridge
Kings Ridge ,Week2,Overlee,Week2,379.0 Overlee - 23.0 Kings Ridge
Kings Ridge ,Week1,Lakeview,Week5,197.0 Lakeview - 196.0 Kings Ridge
Kent Gardens,Week5,Springboard,Week1,309.0 Kent Gardens - 93.0 Springboard
Kent Gardens,Week3,Hayfield Farm,Week5,213.0 Kent Gardens - 189.0 Hayfield Farm
Kings Ridge ,Week2,Overlee,Week4,383.5 Overlee - 18.5 Kings Ridge
Kent Gardens,Week3,Hayfield Farm,Week2,217.0 Hayfield Farm - 185.0 Kent Gardens
Kings Ridge ,Week3,Donaldson Run,Week5,341.0 Donaldson Run - 60.0 Kings Ridge
Kent Gardens,Week2,Pinewood Lake,Week3,353.0 Kent Gardens - 44.0 Pinewood Lake
Kings Ridge ,Week1,Dunn Loring,Week5,352.0 Dunn Loring - 50.0 Kings Ridge
Kent Gardens,Week4,Springfield,Week1,359.0 Kent Gardens - 41.0 Springfield
Kent Gardens,Week5,Hollin Hills,Week1,319.0 Kent Gardens - 83.0 Hollin Hills
Kent Gardens,Week5,Springfield,Week2,374.0 Kent Gardens - 27.0 Springfield
Kings Ridge ,Week1,Lakeview,Week4,218.5 Lakeview - 183.5 Kings Ridge
Kings Ridge ,Week5,Lakevale Estates,Week2,298.0 Lakevale Estates - 104.0 Kings Ridge
Kings Ridge ,Week4,Donaldson Run,Week1,331.0 Donaldson Run - 71.0 Kings Ridge
Kent Gardens,Week4,Pinewood Lake,Week4,354.0 Kent Gardens - 47.0 Pinewood Lake
Kent Gardens,Week3,Hayfield Farm,Week3,222.0 Hayfield Farm - 180.0 Kent Gardens
Kent Gardens,Week5,Springfield,Week3,379.0 Kent Gardens - 22.0 Springfield
Kent Gardens,Week1,Hollin Meadows,Week5,210.0 Hollin Meadows - 192.0 Kent Gardens
Kings Ridge ,Week2,Lakeview,Week1,223.0 Kings Ridge - 179.0 Lakeview
Lake Braddock,Week4,Brookfield ,Week4,310.0 Brookfield - 92.0 Lake Braddock
Kings Ridge ,Week3,Dowden Terrace,Week4,279.5 Dowden Terrace - 122.5 Kings Ridge
Kent Gardens,Week5,Pinecrest,Week2,235.0 Pinecrest - 167.0 Kent Gardens
Kings Ridge ,Week1,Dowden Terrace,Week2,276.0 Dowden Terrace - 121.0 Kings Ridge
Kings Ridge ,Week5,Orange Hunt,Week5,281.0 Orange Hunt - 121.0 Kings Ridge
Kent Gardens,Week4,Hayfield Farm,Week2,203.0 Kent Gardens - 199.0 Hayfield Farm
Kent Gardens,Week5,Hollin Hills,Week2,320.0 Kent Gardens - 81.0 Hollin Hills
Kent Gardens,Week4,Pinecrest,Week5,278.0 Pinecrest - 124.0 Kent Gardens
Lake Braddock,Week5,Brookfield ,Week5,266.0 Brookfield - 136.0 Lake Braddock
Kings Ridge ,Week4,Dowden Terrace,Week2,261.0 Dowden Terrace - 141.0 Kings Ridge
Kent Gardens,Week4,Hollin Meadows,Week2,203.0 Kent Gardens - 199.0 Hollin Meadows
Kent Gardens,Week2,Springfield,Week1,353.0 Kent Gardens - 46.0 Springfield
Kings Ridge ,Week1,Overlee,Week2,377.0 Overlee - 25.0 Kings Ridge
Kent Gardens,Week4,Pinecrest,Week2,281.0 Pinecrest - 121.0 Kent Gardens
Kings Ridge ,Week3,Orange Hunt,Week2,268.0 Orange Hunt - 133.0 Kings Ridge
Kent Gardens,Week1,Springfield,Week5,368.0 Kent Gardens - 32.0 Springfield
Kings Ridge ,Week2,Overlee,Week1,366.0 Overlee - 36.0 Kings Ridge
Lake Braddock,Week4,Brookfield ,Week1,306.0 Brookfield - 96.0 Lake Braddock
Kent Gardens,Week2,Hayfield Farm,Week4,216.0 Hayfield Farm - 186.0 Kent Gardens
Lake Braddock,Week4,Broyhill Crest,Week4,286.0 Lake Braddock - 115.0 Broyhill Crest
Kings Ridge ,Week2,Lakeview,Week3,203.0 Kings Ridge - 199.0 Lakeview
Kings Ridge ,Week3,Lakeview,Week3,214.0 Kings Ridge - 188.0 Lakeview
Kent Gardens,Week5,Springboard,Week3,299.0 Kent Gardens - 103.0 Springboard
Kent Gardens,Week1,Pinewood Lake,Week4,351.0 Kent Gardens - 47.0 Pinewood Lake
Kings Ridge ,Week1,Dowden Terrace,Week5,315.5 Dowden Terrace - 86.5 Kings Ridge
Kings Ridge ,Week5,Orange Hunt,Week1,249.0 Orange Hunt - 153.0 Kings Ridge
Kings Ridge ,Week2,Overlee,Week5,386.0 Overlee - 16.0 Kings Ridge
Kent Gardens,Week5,Pinecrest,Week3,238.0 Pinecrest - 164.0 Kent Gardens
Kings Ridge ,Week2,Dowden Terrace,Week2,276.0 Dowden Terrace - 126.0 Kings Ridge
Kings Ridge ,Week3,Overlee,Week1,370.0 Overlee - 32.0 Kings Ridge
Kings Ridge ,Week5,Donaldson Run,Week2,311.0 Donaldson Run - 91.0 Kings Ridge
Kent Gardens,Week3,Pinecrest,Week5,283.0 Pinecrest - 119.0 Kent Gardens
Kings Ridge ,Week1,Langley,Week1,320.0 Langley - 82.0 Kings Ridge
Lake Braddock,Week4,Broyhill Crest,Week1,295.0 Lake Braddock - 103.0 Broyhill Crest
Kent Gardens,Week1,Springfield,Week2,365.0 Kent Gardens - 33.0 Springfield
Kent Gardens,Week3,Holmes Run Acres,Week2,202.0 Kent Gardens - 200.0 Holmes Run Acres
Lake Braddock,Week2,Broyhill Crest,Week2,297.0 Lake Braddock - 104.0 Broyhill Crest
Lake Braddock,Week2,Broyhill Crest,Week3,295.0 Lake Braddock - 107.0 Broyhill Crest
Kent Gardens,Week3,Holmes Run Acres,Week4,221.0 Holmes Run Acres - 181.0 Kent Gardens
Kent Gardens,Week5,Hollin Meadows,Week1,208.0 Kent Gardens - 194.0 Hollin Meadows
Kings Ridge ,Week1,Dowden Terrace,Week1,270.0 Dowden Terrace - 131.0 Kings Ridge
Kings Ridge ,Week4,Lakeview,Week1,257.0 Kings Ridge - 145.0 Lakeview
Kings Ridge ,Week1,Overlee,Week5,384.0 Overlee - 18.0 Kings Ridge
Kent Gardens,Week5,Pinecrest,Week5,243.0 Pinecrest - 159.0 Kent Gardens
Kent Gardens,Week1,Springfield,Week4,356.0 Kent Gardens - 45.0 Springfield
Kings Ridge ,Week4,Lakeview,Week3,232.0 Kings Ridge - 170.0 Lakeview
Kent Gardens,Week2,Hollin Meadows,Week4,240.0 Hollin Meadows - 162.0 Kent Gardens
Lake Braddock,Week2,Broyhill Crest,Week5,249.0 Lake Braddock - 152.0 Broyhill Crest
Kings Ridge ,Week5,Lakeview,Week2,247.0 Kings Ridge - 155.0 Lakeview
Kings Ridge ,Week5,Orange Hunt,Week3,264.5 Orange Hunt - 137.5 Kings Ridge
Kent Gardens,Week4,Pinecrest,Week4,285.0 Pinecrest - 117.0 Kent Gardens
Kings Ridge ,Week1,Dowden Terrace,Week4,305.0 Dowden Terrace - 97.0 Kings Ridge
Kent Gardens,Week4,Springboard,Week5,259.0 Kent Gardens - 143.0 Springboard
Kent Gardens,Week5,Springboard,Week2,318.0 Kent Gardens - 84.0 Springboard
Kings Ridge ,Week3,Langley,Week4,322.0 Langley - 80.0 Kings Ridge
Kent Gardens,Week4,Hollin Meadows,Week3,224.0 Hollin Meadows - 178.0 Kent Gardens
Lake Braddock,Week1,Broyhill Crest,Week5,237.0 Lake Braddock - 164.0 Broyhill Crest
Kings Ridge ,Week3,Overlee,Week3,371.0 Overlee - 31.0 Kings Ridge
Kent Gardens,Week4,Hollin Hills,Week5,271.0 Kent Gardens - 130.0 Hollin Hills
Kent Gardens,Week3,Donaldson Run,Week2,280.0 Donaldson Run - 122.0 Kent Gardens
Kent Gardens,Week5,Springfield,Week4,369.0 Kent Gardens - 33.0 Springfield
Kent Gardens,Week1,Hollin Meadows,Week1,211.0 Hollin Meadows - 191.0 Kent Gardens
Kings Ridge ,Week2,Langley,Week1,322.0 Langley - 80.0 Kings Ridge
Kings Ridge ,Week3,Overlee,Week2,372.0 Overlee - 30.0 Kings Ridge
Kent Gardens,Week4,Pinecrest,Week3,279.0 Pinecrest - 123.0 Kent Gardens
Lake Braddock,Week2,Burke Station,Week2,205.0 Burke Station - 195.0 Lake Braddock
Kings Ridge ,Week3,Lakeview,Week2,222.0 Kings Ridge - 179.0 Lakeview
Kent Gardens,Week3,Hollin Meadows,Week4,221.0 Hollin Meadows - 181.0 Kent Gardens
Lake Braddock,Week3,Broyhill Crest,Week2,297.0 Lake Braddock - 99.0 Broyhill Crest
Kings Ridge ,Week2,Lakeview,Week5,208.0 Lakeview - 185.0 Kings Ridge
Kent Gardens,Week1,Holmes Run Acres,Week1,213.0 Kent Gardens - 189.0 Holmes Run Acres
Kent Gardens,Week1,Stratford,Week1,288.0 Kent Gardens - 114.0 Stratford
Kent Gardens,Week5,Springfield,Week5,383.0 Kent Gardens - 19.0 Springfield
Kings Ridge ,Week4,Donaldson Run,Week4,322.0 Donaldson Run - 80.0 Kings Ridge
Kent Gardens,Week2,Pinewood Lake,Week2,348.0 Kent Gardens - 49.0 Pinewood Lake
Kings Ridge ,Week3,Overlee,Week4,387.0 Overlee - 15.0 Kings Ridge
Kent Gardens,Week3,Springfield,Week4,350.0 Kent Gardens - 50.0 Springfield
Kent Gardens,Week1,Pinewood Lake,Week3,361.0 Kent Gardens - 36.0 Pinewood Lake
Kent Gardens,Week1,Donaldson Run,Week4,270.0 Donaldson Run - 132.0 Kent Gardens
Lake Braddock,Week1,Broyhill Crest,Week4,265.0 Lake Braddock - 135.0 Broyhill Crest
Kent Gardens,Week5,Hollin Hills,Week3,313.0 Kent Gardens - 89.0 Hollin Hills
Kent Gardens,Week4,Springfield,Week4,352.0 Kent Gardens - 48.0 Springfield
Kings Ridge ,Week3,Dowden Terrace,Week5,298.0 Dowden Terrace - 104.0 Kings Ridge
Kings Ridge ,Week3,Lakeview,Week1,231.0 Kings Ridge - 171.0 Lakeview
Kings Ridge ,Week3,Orange Hunt,Week3,270.5 Orange Hunt - 130.5 Kings Ridge
Kent Gardens,Week5,Pinecrest,Week4,248.0 Pinecrest - 154.0 Kent Gardens
Kings Ridge ,Week2,Dowden Terrace,Week1,268.0 Dowden Terrace - 134.0 Kings Ridge
Kings Ridge ,Week3,Dowden Terrace,Week1,249.0 Dowden Terrace - 153.0 Kings Ridge
Kent Gardens,Week4,Hollin Hills,Week3,271.0 Kent Gardens - 131.0 Hollin Hills
Lake Braddock,Week4,Broyhill Crest,Week3,302.0 Lake Braddock - 100.0 Broyhill Crest
Kent Gardens,Week2,Donaldson Run,Week5,298.0 Donaldson Run - 104.0 Kent Gardens
Kings Ridge ,Week5,Lakeview,Week5,220.0 Kings Ridge - 173.0 Lakeview
Kent Gardens,Week2,Pinewood Lake,Week5,341.0 Kent Gardens - 59.0 Pinewood Lake
Kings Ridge ,Week4,Orange Hunt,Week2,258.0 Orange Hunt - 144.0 Kings Ridge
Kent Gardens,Week1,Donaldson Run,Week5,288.0 Donaldson Run - 114.0 Kent Gardens
Kings Ridge ,Week2,Dowden Terrace,Week3,274.0 Dowden Terrace - 128.0 Kings Ridge
Lake Braddock,Week3,Burke Station,Week1,192.0 Burke Station - 186.0 Lake Braddock
Kings Ridge ,Week5,Dowden Terrace,Week1,253.0 Dowden Terrace - 149.0 Kings Ridge
Kings Ridge ,Week5,Lakeview,Week4,219.0 Kings Ridge - 183.0 Lakeview
Kent Gardens,Week3,Pinewood Lake,Week1,355.0 Kent Gardens - 42.0 Pinewood Lake
Kent Gardens,Week1,Hollin Meadows,Week3,208.0 Kent Gardens - 194.0 Hollin Meadows
Kent Gardens,Week1,Donaldson Run,Week2,257.0 Donaldson Run - 145.0 Kent Gardens
Kings Ridge ,Week4,Lakeview,Week2,239.0 Kings Ridge - 163.0 Lakeview
Kent Gardens,Week3,Hollin Meadows,Week5,219.0 Hollin Meadows - 183.0 Kent Gardens
Kent Gardens,Week5,Dominion Hills,Week4,207.0 Kent Gardens - 195.0 Dominion Hills
Kings Ridge ,Week4,Overlee,Week3,362.0 Overlee - 40.0 Kings Ridge
Lake Braddock,Week1,Burke Station,Week1,198.0 Burke Station - 180.0 Lake Braddock
Kings Ridge ,Week4,Dowden Terrace,Week3,263.0 Dowden Terrace - 139.0 Kings Ridge
Kent Gardens,Week2,Pinewood Lake,Week4,343.0 Kent Gardens - 57.0 Pinewood Lake
Kings Ridge ,Week4,Dowden Terrace,Week4,276.0 Dowden Terrace - 126.0 Kings Ridge
Kings Ridge ,Week3,Parklawn,Week3,206.0 Kings Ridge - 195.0 Parklawn
Kent Gardens,Week3,Hollin Meadows,Week3,213.0 Hollin Meadows - 189.0 Kent Gardens
Kent Gardens,Week5,Stratford,Week1,308.0 Kent Gardens - 94.0 Stratford
Kent Gardens,Week2,Sully Station,Week1,269.0 Sully Station - 132.0 Kent Gardens
Kent Gardens,Week1,Pinewood Lake,Week1,365.0 Kent Gardens - 32.0 Pinewood Lake
Lake Braddock,Week5,Broyhill Crest,Week3,315.0 Lake Braddock - 86.0 Broyhill Crest
Lake Braddock,Week2,Broyhill Crest,Week4,277.0 Lake Braddock - 124.0 Broyhill Crest
Kent Gardens,Week2,Stratford,Week1,271.0 Kent Gardens - 131.0 Stratford
Kent Gardens,Week1,Stratford,Week4,258.0 Kent Gardens - 144.0 Stratford
Kent Gardens,Week3,Donaldson Run,Week1,279.0 Donaldson Run - 123.0 Kent Gardens
Kings Ridge ,Week4,Orange Hunt,Week4,270.0 Orange Hunt - 132.0 Kings Ridge
Kings Ridge ,Week5,Lakeview,Week1,250.0 Kings Ridge - 151.0 Lakeview
Kent Gardens,Week1,Holmes Run Acres,Week3,229.0 Holmes Run Acres - 173.0 Kent Gardens
Kent Gardens,Week2,Stratford,Week5,247.0 Kent Gardens - 154.0 Stratford
Lake Braddock,Week2,Burke Station,Week5,222.0 Burke Station - 180.0 Lake Braddock
Kent Gardens,Week3,Stratford,Week4,234.0 Kent Gardens - 168.0 Stratford
Kent Gardens,Week3,Pinewood Lake,Week4,343.0 Kent Gardens - 57.0 Pinewood Lake
Kent Gardens,Week2,Donaldson Run,Week1,276.0 Donaldson Run - 126.0 Kent Gardens
Kent Gardens,Week3,Pinewood Lake,Week5,341.0 Kent Gardens - 59.0 Pinewood Lake
Kent Gardens,Week1,Holmes Run Acres,Week2,216.0 Kent Gardens - 186.0 Holmes Run Acres
Kings Ridge ,Week4,Overlee,Week5,384.0 Overlee - 18.0 Kings Ridge
Kent Gardens,Week4,Donaldson Run,Week3,280.0 Donaldson Run - 122.0 Kent Gardens
Kings Ridge ,Week1,Langley,Week2,298.0 Langley - 104.0 Kings Ridge
Kent Gardens,Week4,Stratford,Week1,264.0 Kent Gardens - 137.0 Stratford
Kent Gardens,Week1,Holmes Run Acres,Week4,203.0 Kent Gardens - 199.0 Holmes Run Acres
Kent Gardens,Week3,Pinewood Lake,Week2,346.0 Kent Gardens - 51.0 Pinewood Lake
Kent Gardens,Week5,Dominion Hills,Week5,203.0 Kent Gardens - 199.0 Dominion Hills
Kings Ridge ,Week4,Parklawn,Week4,206.0 Parklawn - 196.0 Kings Ridge
Kings Ridge ,Week5,Dowden Terrace,Week3,265.0 Dowden Terrace - 137.0 Kings Ridge
Lake Braddock,Week1,Burke Station,Week3,232.0 Burke Station - 161.0 Lake Braddock
Kent Gardens,Week5,Hollin Meadows,Week5,213.0 Kent Gardens - 189.0 Hollin Meadows
Kings Ridge ,Week1,Langley,Week3,303.0 Langley - 99.0 Kings Ridge
Kent Gardens,Week3,Donaldson Run,Week3,281.0 Donaldson Run - 121.0 Kent Gardens
Kings Ridge ,Week4,Overlee,Week4,388.0 Overlee - 14.0 Kings Ridge
Kings Ridge ,Week2,Langley,Week5,304.0 Langley - 98.0 Kings Ridge
Kings Ridge ,Week2,Langley,Week4,329.0 Langley - 73.0 Kings Ridge
Kent Gardens,Week2,Pinewood Lake,Week1,358.0 Kent Gardens - 40.0 Pinewood Lake
Kings Ridge ,Week5,Dowden Terrace,Week5,296.5 Dowden Terrace - 105.5 Kings Ridge
Lake Braddock,Week4,Burke Station,Week3,220.0 Burke Station - 177.0 Lake Braddock
Kings Ridge ,Week4,Lakeview,Week4,206.0 Kings Ridge - 196.0 Lakeview
Lake Braddock,Week3,Broyhill Crest,Week1,287.0 Lake Braddock - 106.0 Broyhill Crest
Kent Gardens,Week1,Donaldson Run,Week1,255.0 Donaldson Run - 147.0 Kent Gardens
Kings Ridge ,Week1,Dunn Loring,Week1,313.0 Dunn Loring - 84.0 Kings Ridge
Kings Ridge ,Week1,Dunn Loring,Week2,348.0 Dunn Loring - 54.0 Kings Ridge
Kings Ridge ,Week1,Parklawn,Week3,207.0 Kings Ridge - 194.0 Parklawn
Kings Ridge ,Week5,Dowden Terrace,Week2,259.0 Dowden Terrace - 143.0 Kings Ridge
Kent Gardens,Week2,Stratford,Week3,237.0 Kent Gardens - 165.0 Stratford
Kent Gardens,Week4,Donaldson Run,Week5,287.0 Donaldson Run - 115.0 Kent Gardens
Kings Ridge ,Week5,Overlee,Week5,381.0 Overlee - 21.0 Kings Ridge
Lake Braddock,Week1,Broyhill Crest,Week3,281.0 Lake Braddock - 120.0 Broyhill Crest
Kent Gardens,Week1,Donaldson Run,Week3,270.0 Donaldson Run - 132.0 Kent Gardens
Kings Ridge ,Week5,Dowden Terrace,Week4,282.0 Dowden Terrace - 120.0 Kings Ridge
Kings Ridge ,Week1,Dunn Loring,Week4,353.0 Dunn Loring - 49.0 Kings Ridge
Kent Gardens,Week4,Pinewood Lake,Week2,354.0 Kent Gardens - 47.0 Pinewood Lake
Kings Ridge ,Week2,Lakeview,Week4,224.0 Lakeview - 178.0 Kings Ridge
Lake Braddock,Week5,Broyhill Crest,Week1,298.0 Lake Braddock - 99.0 Broyhill Crest
Kent Gardens,Week4,Stratford,Week2,258.0 Kent Gardens - 144.0 Stratford
Kent Gardens,Week2,Holmes Run Acres,Week1,209.0 Kent Gardens - 193.0 Holmes Run Acres
Lake Braddock,Week4,Broyhill Crest,Week5,261.0 Lake Braddock - 140.0 Broyhill Crest
Kings Ridge ,Week1,Parklawn,Week2,203.0 Kings Ridge - 198.0 Parklawn
Kent Gardens,Week1,Holmes Run Acres,Week5,237.0 Holmes Run Acres - 165.0 Kent Gardens
Kent Gardens,Week5,Stratford,Week2,293.0 Kent Gardens - 109.0 Stratford
Kent Gardens,Week4,Pinewood Lake,Week1,362.0 Kent Gardens - 39.0 Pinewood Lake
Kings Ridge ,Week2,Lakeview,Week2,208.0 Kings Ridge - 194.0 Lakeview
Kent Gardens,Week1,Sully Station,Week2,234.0 Sully Station - 168.0 Kent Gardens
Kent Gardens,Week4,Pinewood Lake,Week3,357.0 Kent Gardens - 43.0 Pinewood Lake
Kings Ridge ,Week3,Langley,Week1,319.0 Langley - 83.0 Kings Ridge
Kings Ridge ,Week4,Overlee,Week2,377.0 Overlee - 25.0 Kings Ridge
Kent Gardens,Week4,Pinewood Lake,Week5,349.0 Kent Gardens - 52.0 Pinewood Lake
Kent Gardens,Week5,Donaldson Run,Week1,241.0 Donaldson Run - 161.0 Kent Gardens
Kings Ridge ,Week1,Dunn Loring,Week3,355.0 Dunn Loring - 47.0 Kings Ridge
Kings Ridge ,Week5,Overlee,Week3,362.0 Overlee - 40.0 Kings Ridge
Kent Gardens,Week4,Stratford,Week5,263.0 Kent Gardens - 139.0 Stratford
Kent Gardens,Week5,Hollin Meadows,Week4,230.5 Kent Gardens - 171.5 Hollin Meadows
Kent Gardens,Week5,Donaldson Run,Week2,254.0 Donaldson Run - 148.0 Kent Gardens
Kent Gardens,Week5,Hollin Meadows,Week3,234.0 Kent Gardens - 168.0 Hollin Meadows
Kings Ridge ,Week3,Dunn Loring,Week2,334.0 Dunn Loring - 68.0 Kings Ridge
Kings Ridge ,Week5,Overlee,Week4,384.0 Overlee - 18.0 Kings Ridge
Kent Gardens,Week3,Stratford,Week2,247.0 Kent Gardens - 155.0 Stratford
Kings Ridge ,Week4,Dowden Terrace,Week5,290.0 Dowden Terrace - 112.0 Kings Ridge
Kings Ridge ,Week3,Lakeview,Week5,206.0 Lakeview - 187.0 Kings Ridge
Kings Ridge ,Week3,Lakeview,Week4,212.0 Lakeview - 190.0 Kings Ridge
Kent Gardens,Week2,Holmes Run Acres,Week3,253.0 Holmes Run Acres - 149.0 Kent Gardens
Kent Gardens,Week5,Donaldson Run,Week3,258.0 Donaldson Run - 144.0 Kent Gardens
Lake Braddock,Week2,Burke Station,Week1,190.0 Burke Station - 188.0 Lake Braddock
Kent Gardens,Week1,Pleasant Valley,Week1,317.0 Kent Gardens - 85.0 Pleasant Valley
Lake Braddock,Week2,Broyhill Crest,Week1,284.0 Lake Braddock - 114.0 Broyhill Crest
Kings Ridge ,Week4,Dunn Loring,Week5,347.0 Dunn Loring - 55.0 Kings Ridge
Kent Gardens,Week2,Pleasant Valley,Week1,305.0 Kent Gardens - 97.0 Pleasant Valley
Kent Gardens,Week4,Stratford,Week4,246.0 Kent Gardens - 156.0 Stratford
Kings Ridge ,Week3,Dunn Loring,Week1,307.0 Dunn Loring - 95.0 Kings Ridge
Kent Gardens,Week2,Holmes Run Acres,Week5,257.0 Holmes Run Acres - 145.0 Kent Gardens
Kent Gardens,Week4,Donaldson Run,Week1,276.0 Donaldson Run - 126.0 Kent Gardens
Kent Gardens,Week3,Pleasant Valley,Week5,280.0 Kent Gardens - 120.0 Pleasant Valley
Kent Gardens,Week3,Stratford,Week3,249.0 Kent Gardens - 153.0 Stratford
Kent Gardens,Week2,Holmes Run Acres,Week2,201.0 Holmes Run Acres - 201.0 Kent Gardens
Kings Ridge ,Week5,Lakeview,Week3,244.0 Kings Ridge - 158.0 Lakeview
Kent Gardens,Week2,Holmes Run Acres,Week4,210.5 Holmes Run Acres - 191.5 Kent Gardens
Lake Braddock,Week3,Broyhill Crest,Week3,292.0 Lake Braddock - 106.0 Broyhill Crest
Kent Gardens,Week3,Stratford,Week5,257.0 Kent Gardens - 144.0 Stratford
Kings Ridge ,Week1,Parklawn,Week1,232.0 Kings Ridge - 161.0 Parklawn
Kings Ridge ,Week1,Parklawn,Week5,198.0 Kings Ridge - 198.0 Parklawn
Lake Braddock,Week3,Broyhill Crest,Week4,280.0 Lake Braddock - 117.0 Broyhill Crest
Kings Ridge ,Week4,Dunn Loring,Week2,341.0 Dunn Loring - 61.0 Kings Ridge
Kings Ridge ,Week2,Langley,Week3,318.0 Langley - 84.0 Kings Ridge
Kings Ridge ,Week2,Langley,Week2,301.0 Langley - 101.0 Kings Ridge
Kent Gardens,Week1,Poplar Heights,Week2,219.0 Poplar Heights - 182.0 Kent Gardens
Lake Braddock,Week4,Broyhill Crest,Week2,305.0 Lake Braddock - 96.0 Broyhill Crest
Kings Ridge ,Week4,Overlee,Week1,364.0 Overlee - 38.0 Kings Ridge
Kent Gardens,Week2,Donaldson Run,Week3,277.0 Donaldson Run - 125.0 Kent Gardens
Kent Gardens,Week5,Donaldson Run,Week4,262.0 Donaldson Run - 140.0 Kent Gardens
Kent Gardens,Week5,Pleasant Valley,Week5,330.0 Kent Gardens - 72.0 Pleasant Valley
Kent Gardens,Week3,Holmes Run Acres,Week5,252.0 Holmes Run Acres - 150.0 Kent Gardens
Lake Braddock,Week2,Burke Station,Week3,215.0 Burke Station - 180.0 Lake Braddock
Kent Gardens,Week4,Stratford,Week3,254.0 Kent Gardens - 148.0 Stratford
Kings Ridge ,Week2,Parklawn,Week3,222.0 Parklawn - 180.0 Kings Ridge
Kent Gardens,Week3,Holmes Run Acres,Week3,248.0 Holmes Run Acres - 154.0 Kent Gardens
Kings Ridge ,Week1,Langley,Week4,315.0 Langley - 87.0 Kings Ridge
Kent Gardens,Week5,Pinewood Lake,Week3,371.0 Kent Gardens - 29.0 Pinewood Lake
Kings Ridge ,Week5,Dunn Loring,Week2,331.0 Dunn Loring - 71.0 Kings Ridge
Kent Gardens,Week4,Donaldson Run,Week2,273.0 Donaldson Run - 129.0 Kent Gardens
Kings Ridge ,Week4,Dunn Loring,Week4,334.0 Dunn Loring - 68.0 Kings Ridge
Kent Gardens,Week5,Hollin Meadows,Week2,241.0 Kent Gardens - 161.0 Hollin Meadows
Kent Gardens,Week4,Hollin Meadows,Week5,225.0 Hollin Meadows - 177.0 Kent Gardens
Kings Ridge ,Week3,Langley,Week2,304.0 Langley - 98.0 Kings Ridge
Kent Gardens,Week2,Stratford,Week4,215.0 Kent Gardens - 187.0 Stratford
Kings Ridge ,Week5,Overlee,Week2,373.0 Overlee - 29.0 Kings Ridge
Lake Braddock,Week1,Burke Station,Week4,211.0 Lake Braddock - 190.0 Burke Station
Kent Gardens,Week1,Pleasant Valley,Week4,335.0 Kent Gardens - 67.0 Pleasant Valley
Kent Gardens,Week5,Stratford,Week3,285.0 Kent Gardens - 117.0 Stratford
Lake Braddock,Week3,Broyhill Crest,Week5,265.0 Lake Braddock - 135.0 Broyhill Crest
Kent Gardens,Week4,Donaldson Run,Week4,275.0 Donaldson Run - 127.0 Kent Gardens
Kent Gardens,Week3,Holmes Run Acres,Week1,210.5 Kent Gardens - 191.5 Holmes Run Acres
Kings Ridge ,Week2,Parklawn,Week2,221.0 Parklawn - 181.0 Kings Ridge
Kings Ridge ,Week3,Langley,Week3,309.0 Langley - 93.0 Kings Ridge
Kings Ridge ,Week3,Dunn Loring,Week4,338.0 Dunn Loring - 63.0 Kings Ridge
Kent Gardens,Week3,Donaldson Run,Week4,290.0 Donaldson Run - 112.0 Kent Gardens
Kings Ridge ,Week3,Dunn Loring,Week3,351.0 Dunn Loring - 51.0 Kings Ridge
Kent Gardens,Week2,Pleasant Valley,Week4,303.0 Kent Gardens - 98.0 Pleasant Valley
Kent Gardens,Week3,Donaldson Run,Week5,303.0 Donaldson Run - 99.0 Kent Gardens
Lake Braddock,Week1,Burke Station,Week2,217.0 Burke Station - 183.0 Lake Braddock
Kings Ridge ,Week5,Overlee,Week1,356.0 Overlee - 46.0 Kings Ridge
Kent Gardens,Week3,Stratford,Week1,263.0 Kent Gardens - 139.0 Stratford
Kent Gardens,Week4,Pleasant Valley,Week5,284.0 Kent Gardens - 117.0 Pleasant Valley
Kings Ridge ,Week2,Parklawn,Week1,211.0 Kings Ridge - 182.0 Parklawn
Lake Braddock,Week5,Broyhill Crest,Week2,312.0 Lake Braddock - 88.0 Broyhill Crest
Kings Ridge ,Week1,Langley,Week5,299.0 Langley - 103.0 Kings Ridge
Kings Ridge ,Week5,Dunn Loring,Week3,339.0 Dunn Loring - 63.0 Kings Ridge
Kings Ridge ,Week2,Dunn Loring,Week1,309.0 Dunn Loring - 93.0 Kings Ridge
Kent Gardens,Week2,Donaldson Run,Week2,277.0 Donaldson Run - 125.0 Kent Gardens
Kent Gardens,Week4,Holmes Run Acres,Week1,218.0 Kent Gardens - 184.0 Holmes Run Acres
Kent Gardens,Week5,Holmes Run Acres,Week2,249.0 Kent Gardens - 153.0 Holmes Run Acres
Kent Gardens,Week2,Pleasant Valley,Week3,276.5 Kent Gardens - 125.5 Pleasant Valley
Kent Gardens,Week5,Stratford,Week4,278.0 Kent Gardens - 124.0 Stratford
Kings Ridge ,Week1,Parklawn,Week4,207.0 Parklawn - 188.0 Kings Ridge
Kent Gardens,Week2,Donaldson Run,Week4,285.0 Donaldson Run - 117.0 Kent Gardens
Lake Braddock,Week5,Broyhill Crest,Week4,294.0 Lake Braddock - 106.0 Broyhill Crest
Kings Ridge ,Week5,Dunn Loring,Week4,328.0 Dunn Loring - 74.0 Kings Ridge
Kings Ridge ,Week2,Parklawn,Week5,239.0 Parklawn - 162.0 Kings Ridge
Kings Ridge ,Week2,Laurel Hill,Week1,218.0 Laurel Hill - 182.0 Kings Ridge
Lake Braddock,Week2,Burke Station,Week4,205.0 Lake Braddock - 196.0 Burke Station
Kings Ridge ,Week5,Dunn Loring,Week5,336.0 Dunn Loring - 66.0 Kings Ridge
Lake Braddock,Week3,Burke Station,Week2,200.0 Burke Station - 199.0 Lake Braddock
Kings Ridge ,Week4,Langley,Week1,297.0 Langley - 105.0 Kings Ridge
Kent Gardens,Week5,Pinewood Lake,Week4,365.0 Kent Gardens - 36.0 Pinewood Lake
Kent Gardens,Week5,Stratford,Week5,301.0 Kent Gardens - 101.0 Stratford
Kent Gardens,Week1,Stratford,Week5,280.0 Kent Gardens - 121.0 Stratford
Kings Ridge ,Week1,Fair Oaks ,Week1,302.0 Fair Oaks - 100.0 Kings Ridge
Kings Ridge ,Week2,Parklawn,Week4,236.0 Parklawn - 165.0 Kings Ridge
Kent Gardens,Week4,Pleasant Valley,Week1,308.0 Kent Gardens - 94.0 Pleasant Valley
Kent Gardens,Week3,Pleasant Valley,Week2,294.0 Kent Gardens - 108.0 Pleasant Valley
Kent Gardens,Week4,Holmes Run Acres,Week4,209.0 Kent Gardens - 193.0 Holmes Run Acres
Kent Gardens,Week1,Sully Station,Week3,253.0 Sully Station - 149.0 Kent Gardens
Kent Gardens,Week5,Pinewood Lake,Week5,361.0 Kent Gardens - 41.0 Pinewood Lake
Lake Braddock,Week1,Burke Station,Week5,227.0 Burke Station - 169.0 Lake Braddock
Kings Ridge ,Week1,Laurel Hill,Week5,250.0 Laurel Hill - 152.0 Kings Ridge
Kings Ridge ,Week1,Laurel Hill,Week2,220.0 Kings Ridge - 177.0 Laurel Hill
Kent Gardens,Week1,Sully Station,Week4,245.0 Sully Station - 157.0 Kent Gardens
Kent Gardens,Week4,Holmes Run Acres,Week2,213.0 Kent Gardens - 189.0 Holmes Run Acres
Lake Braddock,Week5,Broyhill Crest,Week5,277.0 Lake Braddock - 124.0 Broyhill Crest
Kings Ridge ,Week3,Parklawn,Week2,206.0 Parklawn - 191.0 Kings Ridge
Kent Gardens,Week4,Holmes Run Acres,Week3,228.0 Holmes Run Acres - 174.0 Kent Gardens
Kent Gardens,Week1,Sully Station,Week1,241.0 Sully Station - 160.0 Kent Gardens
Kings Ridge ,Week4,Laurel Hill,Week4,213.0 Kings Ridge - 189.0 Laurel Hill
Kings Ridge ,Week3,Parklawn,Week1,216.0 Kings Ridge - 173.0 Parklawn
Kings Ridge ,Week4,Langley,Week5,297.0 Langley - 105.0 Kings Ridge
Kings Ridge ,Week4,Dunn Loring,Week1,302.5 Dunn Loring - 99.5 Kings Ridge
Kent Gardens,Week4,Holmes Run Acres,Week5,245.0 Holmes Run Acres - 157.0 Kent Gardens
Kings Ridge ,Week4,Parklawn,Week2,215.0 Kings Ridge - 187.0 Parklawn
Kings Ridge ,Week3,Parklawn,Week4,218.0 Parklawn - 175.0 Kings Ridge
Kent Gardens,Week1,Pleasant Valley,Week3,299.0 Kent Gardens - 103.0 Pleasant Valley
Kent Gardens,Week4,Pleasant Valley,Week3,277.0 Kent Gardens - 125.0 Pleasant Valley
Kings Ridge ,Week1,Fair Oaks ,Week2,277.0 Fair Oaks - 125.0 Kings Ridge
Kent Gardens,Week2,Stratford,Week2,263.0 Kent Gardens - 139.0 Stratford
Kent Gardens,Week1,Pleasant Valley,Week2,323.0 Kent Gardens - 79.0 Pleasant Valley
Kent Gardens,Week5,Holmes Run Acres,Week1,248.0 Kent Gardens - 154.0 Holmes Run Acres
Kings Ridge ,Week4,Langley,Week4,302.0 Langley - 100.0 Kings Ridge
Kings Ridge ,Week3,Parklawn,Week5,217.0 Parklawn - 184.0 Kings Ridge
Lake Braddock,Week3,Burke Station,Week3,214.5 Burke Station - 182.5 Lake Braddock
Kings Ridge ,Week3,Dunn Loring,Week5,349.0 Dunn Loring - 53.0 Kings Ridge
Lake Braddock,Week4,Burke Station,Week1,206.0 Burke Station - 172.0 Lake Braddock
Kings Ridge ,Week4,Langley,Week3,303.0 Langley - 99.0 Kings Ridge
Kent Gardens,Week5,Holmes Run Acres,Week5,202.0 Kent Gardens - 200.0 Holmes Run Acres
Lake Braddock,Week3,Burke Station,Week4,212.0 Lake Braddock - 188.0 Burke Station
Lake Braddock,Week3,Burke Station,Week5,221.0 Burke Station - 181.0 Lake Braddock
Kent Gardens,Week4,Pleasant Valley,Week4,312.0 Kent Gardens - 89.0 Pleasant Valley
Kent Gardens,Week1,Sully Station,Week5,265.0 Sully Station - 137.0 Kent Gardens
Kings Ridge ,Week4,Dunn Loring,Week3,349.0 Dunn Loring - 53.0 Kings Ridge
Kings Ridge ,Week1,Laurel Hill,Week4,219.0 Laurel Hill - 183.0 Kings Ridge
Kent Gardens,Week2,Sully Station,Week2,252.0 Sully Station - 150.0 Kent Gardens
Kent Gardens,Week5,Holmes Run Acres,Week3,215.0 Kent Gardens - 187.0 Holmes Run Acres
Kings Ridge ,Week4,Parklawn,Week1,233.0 Kings Ridge - 160.0 Parklawn
Lake Braddock,Week5,Burke Station,Week4,218.0 Lake Braddock - 183.0 Burke Station
Kent Gardens,Week2,Pleasant Valley,Week2,297.5 Kent Gardens - 104.5 Pleasant Valley
Kings Ridge ,Week5,Parklawn,Week1,222.0 Kings Ridge - 171.0 Parklawn
Kent Gardens,Week1,Pleasant Valley,Week5,304.0 Kent Gardens - 96.0 Pleasant Valley
Kings Ridge ,Week3,Laurel Hill,Week3,215.0 Laurel Hill - 183.0 Kings Ridge
Kent Gardens,Week5,Pinewood Lake,Week2,366.0 Kent Gardens - 34.0 Pinewood Lake
Kent Gardens,Week1,Sully Station II,Week1,238.0 Sully Station II - 164.0 Kent Gardens
Kent Gardens,Week2,Sully Station,Week3,258.0 Sully Station - 144.0 Kent Gardens
Kings Ridge ,Week2,Dunn Loring,Week5,353.0 Dunn Loring - 49.0 Kings Ridge
Lake Braddock,Week4,Burke Station,Week2,205.0 Burke Station - 195.0 Lake Braddock
Kent Gardens,Week1,Sully Station II,Week4,232.0 Sully Station II - 170.0 Kent Gardens
Kings Ridge ,Week3,Laurel Hill,Week2,233.0 Kings Ridge - 166.0 Laurel Hill
Kent Gardens,Week5,Holmes Run Acres,Week4,250.0 Kent Gardens - 152.0 Holmes Run Acres
Kings Ridge ,Week5,Parklawn,Week3,225.0 Kings Ridge - 177.0 Parklawn
Kent Gardens,Week1,Sully Station II,Week5,298.0 Sully Station II - 104.0 Kent Gardens
Kings Ridge ,Week4,Langley,Week2,295.0 Langley - 107.0 Kings Ridge
Lake Braddock,Week5,Burke Station,Week5,213.0 Burke Station - 189.0 Lake Braddock
Kent Gardens,Week2,Hunt Valley,Week1,289.0 Hunt Valley - 113.0 Kent Gardens
Kings Ridge ,Week5,Parklawn,Week2,211.0 Kings Ridge - 191.0 Parklawn
Kings Ridge ,Week2,Dunn Loring,Week3,348.0 Dunn Loring - 54.0 Kings Ridge
Kent Gardens,Week1,Hunt Valley,Week4,280.0 Hunt Valley - 122.0 Kent Gardens
Kings Ridge ,Week2,Dunn Loring,Week4,346.0 Dunn Loring - 56.0 Kings Ridge
Lake Braddock,Week4,Burke Station,Week4,204.0 Burke Station - 197.0 Lake Braddock
Kings Ridge ,Week5,Langley,Week1,296.5 Langley - 105.5 Kings Ridge
Kings Ridge ,Week5,Dunn Loring,Week1,284.0 Dunn Loring - 118.0 Kings Ridge
Kings Ridge ,Week4,Parklawn,Week3,223.0 Kings Ridge - 179.0 Parklawn
Kent Gardens,Week5,Pleasant Valley,Week3,317.0 Kent Gardens - 85.0 Pleasant Valley
Kent Gardens,Week1,Hunt Valley,Week2,276.0 Hunt Valley - 126.0 Kent Gardens
Kent Gardens,Week3,Sully Station,Week3,267.0 Sully Station - 135.0 Kent Gardens
Kent Gardens,Week1,Hunt Valley,Week5,295.0 Hunt Valley - 107.0 Kent Gardens
Kings Ridge ,Week2,Laurel Hill,Week3,225.0 Laurel Hill - 176.0 Kings Ridge
Kings Ridge ,Week4,Parklawn,Week5,204.5 Kings Ridge - 197.5 Parklawn
Kings Ridge ,Week2,Dunn Loring,Week2,345.0 Dunn Loring - 57.0 Kings Ridge
Lake Braddock,Week5,Burke Station,Week2,213.5 Lake Braddock - 186.5 Burke Station
Kent Gardens,Week5,Pleasant Valley,Week2,325.0 Kent Gardens - 77.0 Pleasant Valley
Kent Gardens,Week2,Highlands Swim,Week3,305.5 Highlands Swim - 96.5 Kent Gardens
Kings Ridge ,Week5,Parklawn,Week4,205.5 Parklawn - 195.5 Kings Ridge
Kings Ridge ,Week3,Laurel Hill,Week4,208.0 Laurel Hill - 193.0 Kings Ridge
Lake Braddock,Week4,Burke Station,Week5,234.0 Burke Station - 168.0 Lake Braddock
Kings Ridge ,Week1,Laurel Hill,Week3,231.0 Laurel Hill - 171.0 Kings Ridge
Kings Ridge ,Week1,Parliament,Week3,258.0 Parliament - 144.0 Kings Ridge
Kings Ridge ,Week5,Parklawn,Week5,205.0 Parklawn - 197.0 Kings Ridge
Kent Gardens,Week4,Sully Station,Week4,259.0 Sully Station - 143.0 Kent Gardens
Lake Braddock,Week2,Camelot,Week4,237.0 Camelot - 165.0 Lake Braddock
Kings Ridge ,Week2,Fair Oaks ,Week5,310.0 Fair Oaks - 92.0 Kings Ridge
Lake Braddock,Week2,Camelot,Week2,236.0 Camelot - 166.0 Lake Braddock
Kent Gardens,Week3,Sully Station,Week5,285.0 Sully Station - 117.0 Kent Gardens
Kent Gardens,Week5,Pleasant Valley,Week1,333.0 Kent Gardens - 69.0 Pleasant Valley
Kings Ridge ,Week4,Parliament,Week1,248.0 Parliament - 153.0 Kings Ridge
Kent Gardens,Week1,Hunt Valley,Week1,273.0 Hunt Valley - 129.0 Kent Gardens
Kings Ridge ,Week2,Fairfax,Week1,312.0 Fairfax - 90.0 Kings Ridge
Kings Ridge ,Week3,Laurel Hill,Week5,224.0 Laurel Hill - 175.0 Kings Ridge
Kent Gardens,Week1,Hunt Valley,Week3,292.0 Hunt Valley - 110.0 Kent Gardens
Kings Ridge ,Week2,Fairfax,Week3,323.0 Fairfax - 79.0 Kings Ridge
Kent Gardens,Week2,Pleasant Valley,Week5,291.0 Kent Gardens - 110.0 Pleasant Valley
Kent Gardens,Week5,Highlands Swim,Week1,262.0 Highlands Swim - 140.0 Kent Gardens
Kent Gardens,Week3,Pleasant Valley,Week1,296.0 Kent Gardens - 106.0 Pleasant Valley
Kings Ridge ,Week4,Fair Oaks ,Week1,290.0 Fair Oaks - 112.0 Kings Ridge
Kings Ridge ,Week1,Laurel Hill,Week1,209.0 Kings Ridge - 192.0 Laurel Hill
Lake Braddock,Week5,Burke Station,Week3,208.0 Burke Station - 187.0 Lake Braddock
Kings Ridge ,Week5,Langley,Week3,301.0 Langley - 101.0 Kings Ridge
Kent Gardens,Week2,Highlands Swim,Week1,311.0 Highlands Swim - 91.0 Kent Gardens
Kent Gardens,Week2,Sully Station II,Week1,264.0 Sully Station II - 138.0 Kent Gardens
Kent Gardens,Week4,Sully Station,Week5,283.0 Sully Station - 119.0 Kent Gardens
Lake Braddock,Week1,Camelot,Week1,257.5 Camelot - 143.5 Lake Braddock
Kings Ridge ,Week2,Fair Oaks ,Week2,278.0 Fair Oaks - 124.0 Kings Ridge
Kent Gardens,Week4,Pleasant Valley,Week2,305.0 Kent Gardens - 97.0 Pleasant Valley
Kent Gardens,Week4,Sully Station,Week1,266.0 Sully Station - 136.0 Kent Gardens
Kent Gardens,Week4,Sully Station,Week3,256.0 Sully Station - 146.0 Kent Gardens
Kings Ridge ,Week4,Fair Oaks ,Week5,304.0 Fair Oaks - 98.0 Kings Ridge
Kings Ridge ,Week5,Langley,Week5,289.0 Langley - 113.0 Kings Ridge
Kent Gardens,Week3,Pleasant Valley,Week3,267.0 Kent Gardens - 135.0 Pleasant Valley
Kings Ridge ,Week1,Pinecrest,Week1,329.0 Pinecrest - 73.0 Kings Ridge
Lake Braddock,Week1,Camelot,Week5,278.0 Camelot - 124.0 Lake Braddock
Kent Gardens,Week3,Pleasant Valley,Week4,304.0 Kent Gardens - 96.0 Pleasant Valley
Kings Ridge ,Week4,Parliament,Week4,234.0 Parliament - 168.0 Kings Ridge
Kent Gardens,Week3,Sully Station,Week2,264.0 Sully Station - 138.0 Kent Gardens
Kings Ridge ,Week4,Laurel Hill,Week1,213.0 Kings Ridge - 189.0 Laurel Hill
Lake Braddock,Week1,Camelot,Week3,249.0 Camelot - 153.0 Lake Braddock
Kings Ridge ,Week4,Fair Oaks ,Week4,271.0 Fair Oaks - 131.0 Kings Ridge
Lake Braddock,Week1,Camelot,Week4,255.0 Camelot - 147.0 Lake Braddock
Kings Ridge ,Week2,Parliament,Week3,260.0 Parliament - 142.0 Kings Ridge
Kent Gardens,Week3,Sully Station,Week4,273.0 Sully Station - 129.0 Kent Gardens
Kent Gardens,Week2,Hollin Hills,Week1,292.0 Kent Gardens - 109.0 Hollin Hills
Kent Gardens,Week5,Sully Station,Week1,223.0 Sully Station - 179.0 Kent Gardens
Kent Gardens,Week3,Highlands Swim,Week4,304.0 Highlands Swim - 98.0 Kent Gardens
Kent Gardens,Week5,Pleasant Valley,Week4,337.0 Kent Gardens - 65.0 Pleasant Valley
Kent Gardens,Week2,Highlands Swim,Week4,308.0 Highlands Swim - 94.0 Kent Gardens
Kings Ridge ,Week5,Fair Oaks ,Week5,296.0 Fair Oaks - 106.0 Kings Ridge
Kings Ridge ,Week4,Laurel Hill,Week2,239.0 Kings Ridge - 163.0 Laurel Hill
Kent Gardens,Week1,Poplar Heights,Week1,208.0 Poplar Heights - 193.0 Kent Gardens
Kings Ridge ,Week5,Parliament,Week3,228.0 Parliament - 174.0 Kings Ridge
Kent Gardens,Week4,Highlands Swim,Week5,312.5 Highlands Swim - 89.5 Kent Gardens
Lake Braddock,Week2,Camelot,Week5,256.0 Camelot - 145.0 Lake Braddock
Kings Ridge ,Week3,Fair Oaks ,Week2,270.0 Fair Oaks - 132.0 Kings Ridge
Kings Ridge ,Week1,Fair Oaks ,Week4,296.0 Fair Oaks - 106.0 Kings Ridge
Kings Ridge ,Week3,Laurel Hill,Week1,197.0 Kings Ridge - 197.0 Laurel Hill
Kent Gardens,Week1,Poplar Heights,Week3,224.0 Poplar Heights - 178.0 Kent Gardens
Kent Gardens,Week5,Sully Station,Week3,214.0 Sully Station - 188.0 Kent Gardens
Kings Ridge ,Week2,Parliament,Week1,256.0 Parliament - 144.0 Kings Ridge
Kings Ridge ,Week2,Parliament,Week5,251.0 Parliament - 149.0 Kings Ridge
Kings Ridge ,Week3,Fair Oaks ,Week1,281.0 Fair Oaks - 121.0 Kings Ridge
Kent Gardens,Week4,Highlands Swim,Week1,304.0 Highlands Swim - 98.0 Kent Gardens
Kings Ridge ,Week3,Parliament,Week4,243.0 Parliament - 158.0 Kings Ridge
Kent Gardens,Week4,Poplar Heights,Week4,242.0 Poplar Heights - 160.0 Kent Gardens
Kings Ridge ,Week1,Fair Oaks ,Week5,319.0 Fair Oaks - 83.0 Kings Ridge
Kent Gardens,Week1,Poplar Tree,Week2,223.0 Poplar Tree - 179.0 Kent Gardens
Kings Ridge ,Week4,Fair Oaks ,Week3,288.5 Fair Oaks - 113.5 Kings Ridge
Kings Ridge ,Week3,Langley,Week5,298.0 Langley - 104.0 Kings Ridge
Kent Gardens,Week3,Sully Station,Week1,271.0 Sully Station - 130.0 Kent Gardens
Kent Gardens,Week4,Poplar Heights,Week1,210.0 Poplar Heights - 192.0 Kent Gardens
Kings Ridge ,Week4,Laurel Hill,Week3,210.0 Kings Ridge - 192.0 Laurel Hill
Lake Braddock,Week2,Camelot,Week1,236.0 Camelot - 166.0 Lake Braddock
Kings Ridge ,Week2,Laurel Hill,Week5,248.0 Laurel Hill - 154.0 Kings Ridge
Kings Ridge ,Week1,Parliament,Week4,256.0 Parliament - 146.0 Kings Ridge
Kings Ridge ,Week5,Langley,Week2,287.0 Langley - 115.0 Kings Ridge
Kings Ridge ,Week5,Parliament,Week4,227.0 Parliament - 175.0 Kings Ridge
Lake Braddock,Week3,Camelot,Week1,239.0 Camelot - 163.0 Lake Braddock
Kent Gardens,Week4,Sully Station,Week2,246.0 Sully Station - 156.0 Kent Gardens
Kent Gardens,Week5,Highland Park,Week5,226.0 Kent Gardens - 176.0 Highland Park
Kent Gardens,Week1,Sully Station II,Week2,269.0 Sully Station II - 133.0 Kent Gardens
Kings Ridge ,Week5,Langley,Week4,297.0 Langley - 105.0 Kings Ridge
Kent Gardens,Week2,Poplar Heights,Week1,225.0 Poplar Heights - 176.0 Kent Gardens
Lake Braddock,Week3,Camelot,Week3,235.0 Camelot - 166.0 Lake Braddock
Kent Gardens,Week5,Sully Station,Week5,235.0 Sully Station - 167.0 Kent Gardens
Kent Gardens,Week2,Hollin Hills,Week3,284.0 Kent Gardens - 117.0 Hollin Hills
Kings Ridge ,Week2,Fair Oaks ,Week1,302.0 Fair Oaks - 100.0 Kings Ridge
Lake Braddock,Week5,Burke Station,Week1,190.0 Lake Braddock - 188.0 Burke Station
Kings Ridge ,Week3,Fair Oaks ,Week5,309.0 Fair Oaks - 93.0 Kings Ridge
Kent Gardens,Week5,Highlands Swim,Week2,277.0 Highlands Swim - 125.0 Kent Gardens
Kent Gardens,Week3,Highlands Swim,Week1,303.0 Highlands Swim - 99.0 Kent Gardens
Kent Gardens,Week5,Sully Station,Week4,218.0 Sully Station - 184.0 Kent Gardens
Kent Gardens,Week2,Poplar Heights,Week5,255.0 Poplar Heights - 146.0 Kent Gardens
Kings Ridge ,Week3,Parliament,Week3,238.0 Parliament - 163.0 Kings Ridge
Lake Braddock,Week1,Camelot,Week2,249.0 Camelot - 153.0 Lake Braddock
Kent Gardens,Week3,Poplar Tree,Week2,237.0 Poplar Tree - 165.0 Kent Gardens
Kings Ridge ,Week2,Parliament,Week2,240.0 Parliament - 158.0 Kings Ridge
Lake Braddock,Week4,Camelot,Week1,244.0 Camelot - 158.0 Lake Braddock
Kent Gardens,Week2,Highlands Swim,Week5,319.0 Highlands Swim - 83.0 Kent Gardens
Kings Ridge ,Week2,Lee Graham,Week2,343.5 Lee Graham - 58.5 Kings Ridge
Kent Gardens,Week5,Highlands Swim,Week4,267.0 Highlands Swim - 135.0 Kent Gardens
Kent Gardens,Week1,Highlands Swim,Week1,288.0 Highlands Swim - 114.0 Kent Gardens
Kings Ridge ,Week5,Fair Oaks ,Week2,253.0 Fair Oaks - 149.0 Kings Ridge
Kent Gardens,Week3,Poplar Heights,Week1,214.0 Poplar Heights - 187.0 Kent Gardens
Kent Gardens,Week3,Highlands Swim,Week3,300.5 Highlands Swim - 101.5 Kent Gardens
Kings Ridge ,Week2,Lee Graham,Week4,336.0 Lee Graham - 66.0 Kings Ridge
Kings Ridge ,Week3,Parliament,Week1,258.0 Parliament - 139.0 Kings Ridge
Lake Braddock,Week3,Camelot,Week4,242.0 Camelot - 160.0 Lake Braddock
Kent Gardens,Week1,Sully Station II,Week3,290.0 Sully Station II - 112.0 Kent Gardens
Kent Gardens,Week2,Sully Station,Week4,268.0 Sully Station - 134.0 Kent Gardens
Kings Ridge ,Week1,Fairfax,Week3,335.0 Fairfax - 67.0 Kings Ridge
Kent Gardens,Week3,Poplar Heights,Week4,243.0 Poplar Heights - 159.0 Kent Gardens
Lake Braddock,Week2,Camelot,Week3,236.0 Camelot - 166.0 Lake Braddock
Kings Ridge ,Week4,Parliament,Week3,233.0 Parliament - 169.0 Kings Ridge
Lake Braddock,Week3,Camelot,Week5,249.5 Camelot - 151.5 Lake Braddock
Kent Gardens,Week5,Sully Station,Week2,220.0 Sully Station - 182.0 Kent Gardens
Kings Ridge ,Week2,Laurel Hill,Week4,217.0 Laurel Hill - 185.0 Kings Ridge
Kings Ridge ,Week2,Laurel Hill,Week2,211.0 Kings Ridge - 187.0 Laurel Hill
Kings Ridge ,Week3,Pinecrest,Week5,326.0 Pinecrest - 76.0 Kings Ridge
Lake Braddock,Week3,Camelot,Week2,239.0 Camelot - 163.0 Lake Braddock
Kings Ridge ,Week3,Fair Oaks ,Week3,304.0 Fair Oaks - 97.0 Kings Ridge
Kings Ridge ,Week5,Parliament,Week5,235.0 Parliament - 167.0 Kings Ridge
Kent Gardens,Week2,Poplar Tree,Week4,228.0 Poplar Tree - 174.0 Kent Gardens
Kings Ridge ,Week5,Lee Graham,Week3,313.5 Lee Graham - 88.5 Kings Ridge
Kent Gardens,Week1,Poplar Tree,Week4,205.0 Poplar Tree - 197.0 Kent Gardens
Kings Ridge ,Week5,Fair Oaks ,Week1,287.0 Fair Oaks - 115.0 Kings Ridge
Kent Gardens,Week2,Sully Station,Week5,292.0 Sully Station - 110.0 Kent Gardens
Kings Ridge ,Week1,Fairfax,Week4,339.0 Fairfax - 63.0 Kings Ridge
Kent Gardens,Week3,Highlands Swim,Week5,309.0 Highlands Swim - 93.0 Kent Gardens
Kings Ridge ,Week1,Lee Graham,Week2,350.0 Lee Graham - 52.0 Kings Ridge
Kent Gardens,Week2,Poplar Tree,Week1,242.0 Poplar Tree - 160.0 Kent Gardens
Lakevale Estates,Week3,Lincolnia Park,Week5,326.0 Lakevale Estates - 67.0 Lincolnia Park
Lake Braddock,Week3,Laurel Hill,Week2,213.0 Lake Braddock - 185.0 Laurel Hill
Lakevale Estates,Week5,Lee Graham,Week4,204.0 Lakevale Estates - 198.0 Lee Graham
Lake Braddock,Week1,Lee Graham,Week4,360.0 Lee Graham - 42.0 Lake Braddock
Lake Braddock,Week5,Lee Graham,Week5,346.0 Lee Graham - 56.0 Lake Braddock
Lake Braddock,Week4,Somerset-Olde Creek,Week2,274.5 Lake Braddock - 126.5 Somerset-Olde Creek
Lake Braddock,Week5,Sleepy Hollow Rec,Week4,218.0 Sleepy Hollow Rec - 184.0 Lake Braddock
Lakevale Estates,Week1,Lincolnia Park,Week2,342.0 Lakevale Estates - 51.0 Lincolnia Park
Lakevale Estates,Week5,Lee Graham,Week2,207.0 Lee Graham - 195.0 Lakevale Estates
Lake Braddock,Week4,Lee Graham,Week5,358.5 Lee Graham - 43.5 Lake Braddock
Lake Braddock,Week4,Holmes Run Acres,Week5,319.0 Holmes Run Acres - 83.0 Lake Braddock
Lake Braddock,Week1,Lakeview,Week1,205.0 Lakeview - 197.0 Lake Braddock
Lake Braddock,Week3,Somerset-Olde Creek,Week1,254.0 Lake Braddock - 143.0 Somerset-Olde Creek
Lake Braddock,Week5,Holmes Run Acres,Week3,308.0 Holmes Run Acres - 94.0 Lake Braddock
Lake Braddock,Week4,Fairfax Station,Week5,354.0 Fairfax Station - 48.0 Lake Braddock
Lakevale Estates,Week2,Highlands Swim,Week2,273.0 Highlands Swim - 129.0 Lakevale Estates
Lakevale Estates,Week1,Little Hunting Park,Week2,309.0 Lakevale Estates - 93.0 Little Hunting Park
Lake Braddock,Week3,Fairfax Station,Week2,328.0 Fairfax Station - 74.0 Lake Braddock
Lakevale Estates,Week5,Highlands Swim,Week4,224.0 Highlands Swim - 178.0 Lakevale Estates
Lake Braddock,Week2,Lee Graham,Week1,342.0 Lee Graham - 60.0 Lake Braddock
Lake Braddock,Week1,Langley,Week2,346.0 Langley - 56.0 Lake Braddock
Lakevale Estates,Week5,Lincolnia Park,Week4,358.0 Lakevale Estates - 44.0 Lincolnia Park
Lakevale Estates,Week4,Lincolnia Park,Week4,358.0 Lakevale Estates - 44.0 Lincolnia Park
Lake Braddock,Week1,Somerset-Olde Creek,Week1,232.0 Lake Braddock - 168.0 Somerset-Olde Creek
Lake Braddock,Week2,Forest Hollow,Week4,310.0 Forest Hollow - 92.0 Lake Braddock
Lake Braddock,Week5,Somerset-Olde Creek,Week5,233.0 Lake Braddock - 164.0 Somerset-Olde Creek
Lake Braddock,Week1,Hunt Valley,Week2,352.0 Hunt Valley - 50.0 Lake Braddock
Lakevale Estates,Week5,Highlands Swim,Week1,228.0 Highlands Swim - 174.0 Lakevale Estates
Lake Braddock,Week4,Fairfax Station,Week2,331.0 Fairfax Station - 71.0 Lake Braddock
Lake Braddock,Week3,Dunn Loring,Week2,363.0 Dunn Loring - 39.0 Lake Braddock
Lake Braddock,Week4,Lakeview,Week4,228.0 Lakeview - 174.0 Lake Braddock
Lake Braddock,Week5,Dunn Loring,Week5,352.5 Dunn Loring - 49.5 Lake Braddock
Lake Braddock,Week5,Fairfax Station,Week4,323.0 Fairfax Station - 79.0 Lake Braddock
Lake Braddock,Week2,Hunt Valley,Week1,342.0 Hunt Valley - 60.0 Lake Braddock
Lake Braddock,Week2,Lakeview,Week3,217.0 Lakeview - 185.0 Lake Braddock
Lake Braddock,Week3,Fairfax Station,Week5,348.0 Fairfax Station - 54.0 Lake Braddock
Lakevale Estates,Week5,Highlands Swim,Week5,234.0 Highlands Swim - 168.0 Lakevale Estates
Lakevale Estates,Week1,Hollin Hills,Week2,326.0 Lakevale Estates - 76.0 Hollin Hills
Lake Braddock,Week5,Lakeview,Week2,232.0 Lake Braddock - 170.0 Lakeview
Lake Braddock,Week3,Forest Hollow,Week2,290.0 Forest Hollow - 112.0 Lake Braddock
Lake Braddock,Week5,Laurel Hill,Week4,224.0 Laurel Hill - 178.0 Lake Braddock
Lake Braddock,Week1,Hunt Valley,Week4,347.0 Hunt Valley - 55.0 Lake Braddock
Lake Braddock,Week3,Holmes Run Acres,Week4,287.0 Holmes Run Acres - 115.0 Lake Braddock
Lake Braddock,Week5,Fairfax Station,Week2,315.0 Fairfax Station - 87.0 Lake Braddock
Lake Braddock,Week4,Fairfax Station,Week3,349.0 Fairfax Station - 53.0 Lake Braddock
Lake Braddock,Week4,Fairfax Station,Week1,332.0 Fairfax Station - 70.0 Lake Braddock
Lake Braddock,Week3,Somerset-Olde Creek,Week5,229.0 Lake Braddock - 169.0 Somerset-Olde Creek
Lake Braddock,Week4,Holmes Run Acres,Week1,291.0 Holmes Run Acres - 111.0 Lake Braddock
Lakevale Estates,Week3,Lincolnia Park,Week1,339.0 Lakevale Estates - 58.0 Lincolnia Park
Lakevale Estates,Week5,Lee Graham,Week1,204.0 Lee Graham - 198.0 Lakevale Estates
Lake Braddock,Week1,Holmes Run Acres,Week4,300.0 Holmes Run Acres - 102.0 Lake Braddock
Lake Braddock,Week3,Laurel Hill,Week1,209.0 Laurel Hill - 192.0 Lake Braddock
Lakevale Estates,Week4,Lee Graham,Week5,202.0 Lakevale Estates - 200.0 Lee Graham
Lake Braddock,Week1,Hunt Valley,Week3,357.0 Hunt Valley - 45.0 Lake Braddock
Lake Braddock,Week2,Holmes Run Acres,Week3,319.0 Holmes Run Acres - 83.0 Lake Braddock
Lake Braddock,Week1,Forest Hollow,Week5,334.0 Forest Hollow - 68.0 Lake Braddock
Lake Braddock,Week4,Holmes Run Acres,Week3,326.0 Holmes Run Acres - 76.0 Lake Braddock
Lake Braddock,Week4,Laurel Hill,Week3,240.0 Laurel Hill - 162.0 Lake Braddock
Lakevale Estates,Week2,Hollin Hills,Week2,337.0 Lakevale Estates - 65.0 Hollin Hills
Lakevale Estates,Week1,Hollin Hills,Week5,318.0 Lakevale Estates - 84.0 Hollin Hills
Lake Braddock,Week5,Lakevale Estates,Week2,335.0 Lakevale Estates - 67.0 Lake Braddock
Lake Braddock,Week4,Laurel Hill,Week1,210.0 Laurel Hill - 191.0 Lake Braddock
Lakevale Estates,Week5,Lincolnia Park,Week3,336.0 Lakevale Estates - 57.0 Lincolnia Park
Lake Braddock,Week3,Laurel Hill,Week4,234.0 Laurel Hill - 167.0 Lake Braddock
Lake Braddock,Week4,Lee Graham,Week1,344.0 Lee Graham - 58.0 Lake Braddock
Lake Braddock,Week4,Fairfax Station,Week4,343.0 Fairfax Station - 59.0 Lake Braddock
Lake Braddock,Week4,Holmes Run Acres,Week4,300.0 Holmes Run Acres - 102.0 Lake Braddock
Lake Braddock,Week4,Somerset-Olde Creek,Week5,236.0 Lake Braddock - 162.0 Somerset-Olde Creek
Lake Braddock,Week3,Somerset-Olde Creek,Week2,272.0 Lake Braddock - 128.0 Somerset-Olde Creek
Lakevale Estates,Week1,Hollin Hills,Week1,333.0 Lakevale Estates - 69.0 Hollin Hills
Lake Braddock,Week5,Lakevale Estates,Week1,322.0 Lakevale Estates - 80.0 Lake Braddock
Lake Braddock,Week3,Holmes Run Acres,Week3,323.0 Holmes Run Acres - 79.0 Lake Braddock
Lake Braddock,Week2,Lee Graham,Week4,346.0 Lee Graham - 56.0 Lake Braddock
Lakevale Estates,Week3,Hollin Hills,Week2,330.0 Lakevale Estates - 72.0 Hollin Hills
Lakevale Estates,Week2,Lincolnia Park,Week1,353.0 Lakevale Estates - 49.0 Lincolnia Park
Lake Braddock,Week2,Somerset-Olde Creek,Week2,259.0 Lake Braddock - 141.0 Somerset-Olde Creek
Lake Braddock,Week5,Lakevale Estates,Week3,335.0 Lakevale Estates - 67.0 Lake Braddock
Lake Braddock,Week4,Somerset-Olde Creek,Week4,252.0 Lake Braddock - 149.0 Somerset-Olde Creek
Lake Braddock,Week3,Forest Hollow,Week4,317.0 Forest Hollow - 85.0 Lake Braddock
Lakevale Estates,Week1,Highlands Swim,Week2,262.0 Highlands Swim - 140.0 Lakevale Estates
Lake Braddock,Week4,Somerset-Olde Creek,Week1,265.0 Lake Braddock - 132.0 Somerset-Olde Creek
Lakevale Estates,Week1,Hollin Hills,Week3,326.0 Lakevale Estates - 76.0 Hollin Hills
Lake Braddock,Week1,Somerset-Olde Creek,Week2,250.0 Lake Braddock - 151.0 Somerset-Olde Creek
Lake Braddock,Week5,Sleepy Hollow Rec,Week5,223.5 Sleepy Hollow Rec - 177.5 Lake Braddock
Lakevale Estates,Week4,Highlands Swim,Week1,241.0 Highlands Swim - 161.0 Lakevale Estates
Lake Braddock,Week2,Lee Graham,Week5,350.0 Lee Graham - 52.0 Lake Braddock
Lake Braddock,Week2,Somerset-Olde Creek,Week3,255.0 Lake Braddock - 142.0 Somerset-Olde Creek
Lakevale Estates,Week2,Hollin Hills,Week1,330.0 Lakevale Estates - 72.0 Hollin Hills
Lakevale Estates,Week4,Highlands Swim,Week5,242.0 Highlands Swim - 160.0 Lakevale Estates
Lakevale Estates,Week2,Hollin Hills,Week4,342.0 Lakevale Estates - 60.0 Hollin Hills
Lake Braddock,Week5,Holmes Run Acres,Week2,267.0 Holmes Run Acres - 135.0 Lake Braddock
Lake Braddock,Week5,Holmes Run Acres,Week4,284.0 Holmes Run Acres - 118.0 Lake Braddock
Lake Braddock,Week3,Laurel Hill,Week5,259.0 Laurel Hill - 142.0 Lake Braddock
Lakevale Estates,Week2,Lincolnia Park,Week5,327.0 Lakevale Estates - 66.0 Lincolnia Park
Lake Braddock,Week1,Fair Oaks ,Week3,329.0 Fair Oaks - 73.0 Lake Braddock
Lake Braddock,Week3,Fairfax Station,Week4,334.0 Fairfax Station - 68.0 Lake Braddock
Lake Braddock,Week5,Lee Graham,Week2,352.0 Lee Graham - 50.0 Lake Braddock
Lakevale Estates,Week5,Lee Graham,Week3,212.5 Lee Graham - 189.5 Lakevale Estates
Lake Braddock,Week1,Lakeview,Week4,255.0 Lakeview - 147.0 Lake Braddock
Lake Braddock,Week4,Forest Hollow,Week1,312.0 Forest Hollow - 90.0 Lake Braddock
Lake Braddock,Week3,Dunn Loring,Week5,358.0 Dunn Loring - 44.0 Lake Braddock
Lake Braddock,Week5,Somerset-Olde Creek,Week3,281.0 Lake Braddock - 116.0 Somerset-Olde Creek
Lake Braddock,Week2,Forest Hollow,Week2,294.0 Forest Hollow - 108.0 Lake Braddock
Lake Braddock,Week4,South Run,Week5,276.5 South Run - 125.5 Lake Braddock
Lake Braddock,Week1,Lakeview,Week5,227.0 Lakeview - 165.0 Lake Braddock
Lakevale Estates,Week5,Hollin Hills,Week3,349.0 Lakevale Estates - 53.0 Hollin Hills
Lake Braddock,Week2,Hunt Valley,Week3,343.0 Hunt Valley - 59.0 Lake Braddock
Lake Braddock,Week5,Laurel Hill,Week2,212.0 Lake Braddock - 186.0 Laurel Hill
Lakevale Estates,Week5,Lee Graham,Week5,206.0 Lee Graham - 196.0 Lakevale Estates
Lakevale Estates,Week1,Lincolnia Park,Week1,347.0 Lakevale Estates - 55.0 Lincolnia Park
Lake Braddock,Week5,Lakevale Estates,Week4,347.0 Lakevale Estates - 55.0 Lake Braddock
Lake Braddock,Week4,Laurel Hill,Week2,225.0 Lake Braddock - 173.0 Laurel Hill
Lake Braddock,Week1,Fair Oaks ,Week4,313.0 Fair Oaks - 88.0 Lake Braddock
Lake Braddock,Week2,Lakeview,Week4,228.0 Lakeview - 174.0 Lake Braddock
Lake Braddock,Week5,Laurel Hill,Week5,233.0 Laurel Hill - 169.0 Lake Braddock
Lake Braddock,Week1,Fair Oaks ,Week5,335.0 Fair Oaks - 67.0 Lake Braddock
Lakevale Estates,Week5,Hollin Hills,Week4,342.0 Lakevale Estates - 59.0 Hollin Hills
Lakevale Estates,Week3,Hollin Hills,Week4,335.0 Lakevale Estates - 67.0 Hollin Hills
Lake Braddock,Week3,Lakeview,Week5,217.0 Lakeview - 176.0 Lake Braddock
Lake Braddock,Week5,Fairfax Station,Week1,318.0 Fairfax Station - 84.0 Lake Braddock
Lake Braddock,Week2,Somerset-Olde Creek,Week4,243.0 Lake Braddock - 158.0 Somerset-Olde Creek
Lake Braddock,Week2,Fair Oaks ,Week1,303.0 Fair Oaks - 99.0 Lake Braddock
Lake Braddock,Week1,Forest Hollow,Week1,309.0 Forest Hollow - 93.0 Lake Braddock
Lakevale Estates,Week3,Lincolnia Park,Week2,335.0 Lakevale Estates - 53.0 Lincolnia Park
Lake Braddock,Week1,Somerset-Olde Creek,Week5,202.0 Lake Braddock - 198.0 Somerset-Olde Creek
Lake Braddock,Week3,Hunt Valley,Week5,372.0 Hunt Valley - 30.0 Lake Braddock
Lakevale Estates,Week2,Lincolnia Park,Week2,347.0 Lakevale Estates - 46.0 Lincolnia Park
Lake Braddock,Week3,Dunn Loring,Week3,359.0 Dunn Loring - 43.0 Lake Braddock
Lakevale Estates,Week3,Lincolnia Park,Week4,341.0 Lakevale Estates - 51.0 Lincolnia Park
Lake Braddock,Week3,Hunt Valley,Week3,350.0 Hunt Valley - 52.0 Lake Braddock
Lakevale Estates,Week3,Hollin Hills,Week5,322.0 Lakevale Estates - 75.0 Hollin Hills
Lake Braddock,Week2,Hunt Valley,Week5,350.0 Hunt Valley - 52.0 Lake Braddock
Lake Braddock,Week5,Fairfax Station,Week3,327.0 Fairfax Station - 75.0 Lake Braddock
Lake Braddock,Week5,Laurel Hill,Week1,206.0 Laurel Hill - 194.0 Lake Braddock
Lake Braddock,Week3,Lakeview,Week4,231.5 Lakeview - 170.5 Lake Braddock
Lake Braddock,Week5,Sleepy Hollow Rec,Week2,220.0 Sleepy Hollow Rec - 181.0 Lake Braddock
Lakevale Estates,Week4,Hollin Hills,Week1,342.0 Lakevale Estates - 60.0 Hollin Hills
Lake Braddock,Week1,Forest Hollow,Week2,291.0 Forest Hollow - 111.0 Lake Braddock
Lake Braddock,Week3,Fairfax Station,Week3,348.0 Fairfax Station - 54.0 Lake Braddock
Lake Braddock,Week4,Laurel Hill,Week4,232.0 Laurel Hill - 170.0 Lake Braddock
Lake Braddock,Week3,Hunt Valley,Week4,346.0 Hunt Valley - 56.0 Lake Braddock
Lake Braddock,Week4,Great Falls,Week3,295.0 Great Falls - 107.0 Lake Braddock
Lake Braddock,Week2,Great Falls,Week5,278.0 Great Falls - 123.0 Lake Braddock
Lake Braddock,Week1,Somerset-Olde Creek,Week4,219.0 Lake Braddock - 177.0 Somerset-Olde Creek
Lakevale Estates,Week4,Hollin Hills,Week2,342.0 Lakevale Estates - 60.0 Hollin Hills
Lake Braddock,Week3,Somerset-Olde Creek,Week4,258.0 Lake Braddock - 143.0 Somerset-Olde Creek
Lake Braddock,Week2,Lakeview,Week5,205.0 Lakeview - 188.0 Lake Braddock
Lake Braddock,Week1,Lee Graham,Week5,366.0 Lee Graham - 36.0 Lake Braddock
Lake Braddock,Week1,Lee Graham,Week3,365.0 Lee Graham - 37.0 Lake Braddock
Lake Braddock,Week2,Forest Hollow,Week3,297.0 Forest Hollow - 105.0 Lake Braddock
Lake Braddock,Week3,Dunn Loring,Week1,323.0 Dunn Loring - 79.0 Lake Braddock
Lakevale Estates,Week3,Lincolnia Park,Week3,321.0 Lakevale Estates - 67.0 Lincolnia Park
Lake Braddock,Week1,Forest Hollow,Week3,318.0 Forest Hollow - 84.0 Lake Braddock
Lake Braddock,Week5,Great Falls,Week2,260.0 Great Falls - 124.0 Lake Braddock
Lake Braddock,Week3,Lee Graham,Week5,353.0 Lee Graham - 49.0 Lake Braddock
Lake Braddock,Week5,Lakeview,Week3,203.0 Lakeview - 199.0 Lake Braddock
Lake Braddock,Week1,Fair Oaks ,Week2,292.0 Fair Oaks - 109.0 Lake Braddock
Lake Braddock,Week4,Hunt Valley,Week4,355.0 Hunt Valley - 47.0 Lake Braddock
Lake Braddock,Week3,Hunt Valley,Week2,347.0 Hunt Valley - 55.0 Lake Braddock
Lakevale Estates,Week4,Lincolnia Park,Week5,334.0 Lakevale Estates - 59.0 Lincolnia Park
Lake Braddock,Week5,Dunn Loring,Week1,308.0 Dunn Loring - 94.0 Lake Braddock
Lake Braddock,Week2,Forest Hollow,Week5,320.0 Forest Hollow - 82.0 Lake Braddock
Lake Braddock,Week1,Great Falls,Week3,306.0 Great Falls - 96.0 Lake Braddock
Lake Braddock,Week2,Lakeview,Week1,226.0 Lake Braddock - 176.0 Lakeview
Lake Braddock,Week4,Hunt Valley,Week1,347.0 Hunt Valley - 55.0 Lake Braddock
Lakevale Estates,Week1,Lincolnia Park,Week4,346.0 Lakevale Estates - 51.0 Lincolnia Park
Lakevale Estates,Week2,Lincolnia Park,Week3,327.0 Lakevale Estates - 66.0 Lincolnia Park
Lakevale Estates,Week4,Lincolnia Park,Week1,348.0 Lakevale Estates - 54.0 Lincolnia Park
Lake Braddock,Week2,Fair Oaks ,Week2,280.0 Fair Oaks - 122.0 Lake Braddock
Lakevale Estates,Week1,Hollin Meadows,Week5,251.0 Lakevale Estates - 151.0 Hollin Meadows
Lake Braddock,Week1,Lee Graham,Week2,366.0 Lee Graham - 36.0 Lake Braddock
Lakevale Estates,Week4,Lincolnia Park,Week3,331.5 Lakevale Estates - 61.5 Lincolnia Park
Lake Braddock,Week1,South Run,Week1,284.0 South Run - 109.0 Lake Braddock
Lake Braddock,Week4,Lakeview,Week2,227.0 Lake Braddock - 175.0 Lakeview
Lake Braddock,Week2,Lee Graham,Week2,352.0 Lee Graham - 50.0 Lake Braddock
Lakevale Estates,Week5,Hollin Hills,Week2,342.0 Lakevale Estates - 60.0 Hollin Hills
Lake Braddock,Week3,Lakeview,Week3,204.0 Lake Braddock - 198.0 Lakeview
Lake Braddock,Week1,Fair Oaks ,Week1,322.0 Fair Oaks - 80.0 Lake Braddock
Lake Braddock,Week4,Hunt Valley,Week2,356.0 Hunt Valley - 46.0 Lake Braddock
Lake Braddock,Week1,South Run,Week2,264.0 South Run - 132.0 Lake Braddock
Lake Braddock,Week3,Lee Graham,Week1,339.0 Lee Graham - 63.0 Lake Braddock
Lake Braddock,Week4,Lakeview,Week3,204.0 Lakeview - 198.0 Lake Braddock
Lake Braddock,Week4,Somerset-Olde Creek,Week3,275.0 Lake Braddock - 123.0 Somerset-Olde Creek
Lake Braddock,Week3,Somerset-Olde Creek,Week3,267.0 Lake Braddock - 130.0 Somerset-Olde Creek
Lake Braddock,Week2,Forest Hollow,Week1,293.0 Forest Hollow - 109.0 Lake Braddock
Lake Braddock,Week3,Great Falls,Week1,268.0 Great Falls - 129.0 Lake Braddock
Lake Braddock,Week3,Hunt Valley,Week1,335.0 Hunt Valley - 67.0 Lake Braddock
Lake Braddock,Week4,Dunn Loring,Week3,370.0 Dunn Loring - 32.0 Lake Braddock
Lake Braddock,Week5,Lakevale Estates,Week5,343.0 Lakevale Estates - 59.0 Lake Braddock
Lakevale Estates,Week2,Hollin Meadows,Week3,261.0 Lakevale Estates - 141.0 Hollin Meadows
Lake Braddock,Week3,Fairfax Station,Week1,322.0 Fairfax Station - 80.0 Lake Braddock
Lakevale Estates,Week1,Lincolnia Park,Week3,314.0 Lakevale Estates - 79.0 Lincolnia Park
Lake Braddock,Week3,Lee Graham,Week3,341.0 Lee Graham - 61.0 Lake Braddock
Lake Braddock,Week1,Forest Hollow,Week4,326.0 Forest Hollow - 76.0 Lake Braddock
Lakevale Estates,Week2,Hollin Meadows,Week1,240.0 Lakevale Estates - 162.0 Hollin Meadows
Lake Braddock,Week5,Fox Mill Woods,Week3,314.0 Fox Mill Woods - 88.0 Lake Braddock
Lakevale Estates,Week2,Hollin Meadows,Week2,267.0 Lakevale Estates - 135.0 Hollin Meadows
Lake Braddock,Week4,Fox Mill Woods,Week4,338.0 Fox Mill Woods - 64.0 Lake Braddock
Lake Braddock,Week1,South Run,Week5,304.0 South Run - 98.0 Lake Braddock
Lake Braddock,Week5,Dunn Loring,Week2,352.0 Dunn Loring - 50.0 Lake Braddock
Lake Braddock,Week5,Somerset-Olde Creek,Week4,267.0 Lake Braddock - 134.0 Somerset-Olde Creek
Lake Braddock,Week4,Langley,Week4,342.0 Langley - 60.0 Lake Braddock
Lakevale Estates,Week1,Hollin Meadows,Week3,260.0 Lakevale Estates - 142.0 Hollin Meadows
Lake Braddock,Week5,Lakeview,Week1,235.0 Lake Braddock - 167.0 Lakeview
Lakevale Estates,Week5,Lincolnia Park,Week2,348.0 Lakevale Estates - 45.0 Lincolnia Park
Lake Braddock,Week2,Dunn Loring,Week5,360.0 Dunn Loring - 42.0 Lake Braddock
Lake Braddock,Week5,Fairfax Station,Week5,334.0 Fairfax Station - 68.0 Lake Braddock
Lakevale Estates,Week2,Hollin Meadows,Week4,259.0 Lakevale Estates - 143.0 Hollin Meadows
Lakevale Estates,Week5,Lincolnia Park,Week5,328.0 Lakevale Estates - 65.0 Lincolnia Park
Lake Braddock,Week4,Lee Graham,Week2,361.0 Lee Graham - 41.0 Lake Braddock
Lake Braddock,Week4,Hunt Valley,Week3,365.0 Hunt Valley - 37.0 Lake Braddock
Lake Braddock,Week2,South Run,Week2,250.0 South Run - 148.0 Lake Braddock
Lake Braddock,Week5,Fox Mill Woods,Week4,329.5 Fox Mill Woods - 72.5 Lake Braddock
Lake Braddock,Week4,Lee Graham,Week3,349.0 Lee Graham - 53.0 Lake Braddock
Lake Braddock,Week2,Lakeview,Week2,201.0 Lake Braddock - 201.0 Lakeview
Lakevale Estates,Week1,Little Hunting Park,Week1,302.0 Lakevale Estates - 100.0 Little Hunting Park
Lake Braddock,Week3,Forest Hollow,Week1,300.0 Forest Hollow - 102.0 Lake Braddock
Lake Braddock,Week5,Dunn Loring,Week3,360.0 Dunn Loring - 42.0 Lake Braddock
Lake Braddock,Week5,Fox Mill Woods,Week1,319.0 Fox Mill Woods - 83.0 Lake Braddock
Lakevale Estates,Week4,Hollin Hills,Week3,350.0 Lakevale Estates - 52.0 Hollin Hills
Lake Braddock,Week4,Dunn Loring,Week1,317.0 Dunn Loring - 85.0 Lake Braddock
Lake Braddock,Week3,South Run,Week1,250.0 South Run - 143.0 Lake Braddock
Lake Braddock,Week4,Lee Graham,Week4,348.0 Lee Graham - 54.0 Lake Braddock
Lakevale Estates,Week4,Little Hunting Park,Week2,325.0 Lakevale Estates - 77.0 Little Hunting Park
Lake Braddock,Week2,South Run,Week4,252.0 South Run - 145.0 Lake Braddock
Lake Braddock,Week2,Dunn Loring,Week2,361.0 Dunn Loring - 41.0 Lake Braddock
Lake Braddock,Week3,Lakeview,Week1,211.5 Lake Braddock - 190.5 Lakeview
Lake Braddock,Week5,Fox Mill Woods,Week5,340.0 Fox Mill Woods - 62.0 Lake Braddock
Lake Braddock,Week1,Lakeview,Week3,233.0 Lakeview - 169.0 Lake Braddock
Lakevale Estates,Week2,Hollin Meadows,Week5,257.0 Lakevale Estates - 145.0 Hollin Meadows
Lakevale Estates,Week3,Hollin Hills,Week3,338.0 Lakevale Estates - 64.0 Hollin Hills
Lake Braddock,Week3,Dunn Loring,Week4,370.0 Dunn Loring - 32.0 Lake Braddock
Lake Braddock,Week2,Fox Hunt,Week3,303.0 Fox Hunt - 99.0 Lake Braddock
Lake Braddock,Week5,Lee Graham,Week1,343.0 Lee Graham - 59.0 Lake Braddock
Lake Braddock,Week1,Great Falls,Week4,277.0 Great Falls - 121.0 Lake Braddock
Lake Braddock,Week3,South Run,Week4,257.0 South Run - 144.0 Lake Braddock
Lake Braddock,Week5,Lee Graham,Week4,343.0 Lee Graham - 59.0 Lake Braddock
Lake Braddock,Week4,Dunn Loring,Week5,363.0 Dunn Loring - 39.0 Lake Braddock
Lake Braddock,Week2,Great Falls,Week1,262.0 Great Falls - 136.0 Lake Braddock
Lake Braddock,Week4,Forest Hollow,Week5,327.0 Forest Hollow - 75.0 Lake Braddock
Lake Braddock,Week1,Great Falls,Week5,291.0 Great Falls - 110.0 Lake Braddock
Lakevale Estates,Week2,Little Hunting Park,Week2,306.0 Lakevale Estates - 96.0 Little Hunting Park
Lake Braddock,Week5,Lee Graham,Week3,340.0 Lee Graham - 62.0 Lake Braddock
Lakevale Estates,Week1,Little Rocky Run,Week4,209.0 Little Rocky Run - 193.0 Lakevale Estates
Lake Braddock,Week3,Forest Hollow,Week3,299.0 Forest Hollow - 103.0 Lake Braddock
Lake Braddock,Week3,South Run,Week5,266.0 South Run - 136.0 Lake Braddock
Lake Braddock,Week3,Lakeview,Week2,202.0 Lakeview - 200.0 Lake Braddock
Lakevale Estates,Week2,Hollin Hills,Week5,325.0 Lakevale Estates - 77.0 Hollin Hills
Lakevale Estates,Week2,Little Rocky Run,Week1,203.0 Lakevale Estates - 199.0 Little Rocky Run
Lake Braddock,Week1,Lakeview,Week2,230.0 Lakeview - 171.0 Lake Braddock
Lake Braddock,Week4,Dunn Loring,Week4,375.0 Dunn Loring - 27.0 Lake Braddock
Lake Braddock,Week2,South Run,Week1,249.0 South Run - 144.0 Lake Braddock
Lakevale Estates,Week4,Hollin Hills,Week5,331.0 Lakevale Estates - 71.0 Hollin Hills
Lakevale Estates,Week1,Little Hunting Park,Week4,310.0 Lakevale Estates - 92.0 Little Hunting Park
Lake Braddock,Week2,Lincolnia Park,Week2,237.0 Lake Braddock - 154.0 Lincolnia Park
Lake Braddock,Week2,Dunn Loring,Week3,368.0 Dunn Loring - 34.0 Lake Braddock
Lakevale Estates,Week5,Hollin Hills,Week1,340.0 Lakevale Estates - 62.0 Hollin Hills
Lake Braddock,Week4,Lakeview,Week1,223.0 Lake Braddock - 179.0 Lakeview
Lake Braddock,Week1,Lincolnia Park,Week4,226.0 Lake Braddock - 173.0 Lincolnia Park
Lake Braddock,Week5,Forest Hollow,Week3,297.0 Forest Hollow - 105.0 Lake Braddock
Lake Braddock,Week3,Great Falls,Week4,266.0 Great Falls - 134.0 Lake Braddock
Lake Braddock,Week2,Dunn Loring,Week4,366.0 Dunn Loring - 36.0 Lake Braddock
Lake Braddock,Week3,South Run,Week2,254.0 South Run - 148.0 Lake Braddock
Lakevale Estates,Week4,Hollin Hills,Week4,351.0 Lakevale Estates - 50.0 Hollin Hills
Lake Braddock,Week5,Forest Hollow,Week1,299.0 Forest Hollow - 103.0 Lake Braddock
Lake Braddock,Week4,Dunn Loring,Week2,368.0 Dunn Loring - 34.0 Lake Braddock
Lake Braddock,Week4,Lakeview,Week5,213.0 Lakeview - 180.0 Lake Braddock
Lake Braddock,Week2,South Run,Week5,279.0 South Run - 123.0 Lake Braddock
Lake Braddock,Week2,Lincolnia Park,Week5,211.0 Lake Braddock - 181.0 Lincolnia Park
Lake Braddock,Week3,Great Falls,Week5,285.0 Great Falls - 115.0 Lake Braddock
Lake Braddock,Week1,Fox Hunt,Week2,304.0 Fox Hunt - 98.0 Lake Braddock
Lake Braddock,Week5,Fox Hunt,Week2,270.5 Fox Hunt - 130.5 Lake Braddock
Lakevale Estates,Week3,Little Hunting Park,Week2,312.0 Lakevale Estates - 90.0 Little Hunting Park
Lake Braddock,Week4,Forest Hollow,Week4,318.5 Forest Hollow - 83.5 Lake Braddock
Lake Braddock,Week2,Great Falls,Week2,251.0 Great Falls - 133.0 Lake Braddock
Lake Braddock,Week1,Langley,Week1,352.0 Langley - 50.0 Lake Braddock
Lakevale Estates,Week5,Little Hunting Park,Week4,315.5 Lakevale Estates - 86.5 Little Hunting Park
Lake Braddock,Week3,Great Falls,Week2,256.0 Great Falls - 127.0 Lake Braddock
Lake Braddock,Week5,Lakeview,Week5,212.0 Lakeview - 181.0 Lake Braddock
Lake Braddock,Week4,South Run,Week2,263.0 South Run - 138.0 Lake Braddock
Lake Braddock,Week3,Lincolnia Park,Week4,248.0 Lake Braddock - 150.0 Lincolnia Park
Lakevale Estates,Week4,Little Hunting Park,Week1,326.0 Lakevale Estates - 76.0 Little Hunting Park
Lake Braddock,Week5,Dunn Loring,Week4,359.0 Dunn Loring - 43.0 Lake Braddock
Lake Braddock,Week4,Fox Hunt,Week1,272.0 Fox Hunt - 130.0 Lake Braddock
Lakevale Estates,Week5,Hollin Hills,Week5,344.0 Lakevale Estates - 58.0 Hollin Hills
Lake Braddock,Week2,Fox Hunt,Week2,292.0 Fox Hunt - 109.0 Lake Braddock
Lakevale Estates,Week3,Little Hunting Park,Week3,316.0 Lakevale Estates - 86.0 Little Hunting Park
Lake Braddock,Week3,South Run,Week3,265.0 South Run - 137.0 Lake Braddock
Lake Braddock,Week4,Great Falls,Week1,264.0 Great Falls - 134.0 Lake Braddock
Lakevale Estates,Week2,Holmes Run Acres,Week1,257.0 Lakevale Estates - 145.0 Holmes Run Acres
Lakevale Estates,Week3,Hollin Hills,Week1,335.0 Lakevale Estates - 67.0 Hollin Hills
Lakevale Estates,Week4,Little Hunting Park,Week4,320.0 Lakevale Estates - 82.0 Little Hunting Park
Lake Braddock,Week1,Langley,Week5,341.0 Langley - 61.0 Lake Braddock
Lakevale Estates,Week1,Hollin Meadows,Week4,260.0 Lakevale Estates - 142.0 Hollin Meadows
Lake Braddock,Week4,Lincolnia Park,Week2,249.0 Lake Braddock - 144.0 Lincolnia Park
Lake Braddock,Week4,South Run,Week1,269.0 South Run - 124.0 Lake Braddock
Lake Braddock,Week5,Lakeview,Week4,222.0 Lakeview - 180.0 Lake Braddock
Lake Braddock,Week1,South Run,Week4,270.0 South Run - 131.0 Lake Braddock
Lake Braddock,Week4,Fox Mill Woods,Week5,340.0 Fox Mill Woods - 62.0 Lake Braddock
Lakevale Estates,Week1,Hollin Meadows,Week1,257.0 Lakevale Estates - 145.0 Hollin Meadows
Lake Braddock,Week3,Lincolnia Park,Week5,217.0 Lake Braddock - 176.0 Lincolnia Park
Lake Braddock,Week3,Lincolnia Park,Week1,239.0 Lake Braddock - 159.0 Lincolnia Park
Lake Braddock,Week2,South Run,Week3,266.0 South Run - 135.0 Lake Braddock
Lake Braddock,Week1,Langley,Week3,353.0 Langley - 49.0 Lake Braddock
Lakevale Estates,Week2,Little Hunting Park,Week1,313.0 Lakevale Estates - 89.0 Little Hunting Park
Lake Braddock,Week3,Lincolnia Park,Week3,204.0 Lake Braddock - 189.0 Lincolnia Park
Lake Braddock,Week4,Great Falls,Week4,281.0 Great Falls - 120.0 Lake Braddock
Lake Braddock,Week4,Fox Mill Woods,Week3,337.0 Fox Mill Woods - 65.0 Lake Braddock
Lake Braddock,Week2,Lincolnia Park,Week3,197.0 Lake Braddock - 195.0 Lincolnia Park
Lake Braddock,Week4,South Run,Week4,261.0 South Run - 139.0 Lake Braddock
Lake Braddock,Week3,Langley,Week2,320.0 Langley - 82.0 Lake Braddock
Lakevale Estates,Week3,Little Hunting Park,Week1,312.0 Lakevale Estates - 90.0 Little Hunting Park
Lake Braddock,Week2,Langley,Week4,342.0 Langley - 60.0 Lake Braddock
Lakevale Estates,Week5,Little Hunting Park,Week2,317.0 Lakevale Estates - 85.0 Little Hunting Park
Lake Braddock,Week3,Fox Hunt,Week4,287.0 Fox Hunt - 114.0 Lake Braddock
Lake Braddock,Week4,Fox Hunt,Week4,293.0 Fox Hunt - 108.0 Lake Braddock
Lake Braddock,Week1,Great Falls,Week2,272.0 Great Falls - 112.0 Lake Braddock
Lakevale Estates,Week3,Holmes Run Acres,Week2,277.5 Lakevale Estates - 124.5 Holmes Run Acres
Lake Braddock,Week4,South Run,Week3,270.0 South Run - 132.0 Lake Braddock
Lake Braddock,Week3,Forest Hollow,Week5,323.0 Forest Hollow - 79.0 Lake Braddock
Lake Braddock,Week1,Fox Hunt,Week3,319.0 Fox Hunt - 78.0 Lake Braddock
Lakevale Estates,Week1,Hollin Meadows,Week2,263.0 Lakevale Estates - 139.0 Hollin Meadows
Lakevale Estates,Week4,Little Hunting Park,Week3,329.0 Lakevale Estates - 73.0 Little Hunting Park
Lake Braddock,Week3,Langley,Week3,337.0 Langley - 65.0 Lake Braddock
Lake Braddock,Week1,Lincolnia Park,Week2,211.0 Lake Braddock - 181.0 Lincolnia Park
Lake Braddock,Week2,Langley,Week2,325.0 Langley - 77.0 Lake Braddock
Lake Braddock,Week5,South Run,Week2,237.5 South Run - 160.5 Lake Braddock
Lake Braddock,Week5,Fox Hunt,Week3,280.0 Fox Hunt - 122.0 Lake Braddock
Lakevale Estates,Week3,Hollin Meadows,Week1,260.0 Lakevale Estates - 142.0 Hollin Meadows
Lake Braddock,Week1,Springboard,Week3,239.0 Springboard - 161.0 Lake Braddock
Lake Braddock,Week1,Lincolnia Park,Week5,208.0 Lincolnia Park - 181.0 Lake Braddock
Lakevale Estates,Week5,Hollin Meadows,Week1,263.0 Lakevale Estates - 139.0 Hollin Meadows
Lake Braddock,Week5,Fox Hunt,Week4,270.0 Fox Hunt - 131.0 Lake Braddock
Lake Braddock,Week2,Great Falls,Week4,271.0 Great Falls - 129.0 Lake Braddock
Lake Braddock,Week2,Great Falls,Week3,287.0 Great Falls - 115.0 Lake Braddock
Lakevale Estates,Week2,Little Hunting Park,Week5,280.0 Lakevale Estates - 121.0 Little Hunting Park
Lakevale Estates,Week1,Little Hunting Park,Week5,287.0 Lakevale Estates - 115.0 Little Hunting Park
Lakevale Estates,Week3,Hollin Meadows,Week2,261.0 Lakevale Estates - 141.0 Hollin Meadows
Lake Braddock,Week4,Great Falls,Week2,265.0 Great Falls - 119.0 Lake Braddock
Lake Braddock,Week3,Lincolnia Park,Week2,243.0 Lake Braddock - 150.0 Lincolnia Park
Lake Braddock,Week5,Fox Mill Woods,Week2,319.5 Fox Mill Woods - 82.5 Lake Braddock
Lakevale Estates,Week5,Little Hunting Park,Week3,313.0 Lakevale Estates - 89.0 Little Hunting Park
Lakevale Estates,Week1,Holmes Run Acres,Week4,249.0 Lakevale Estates - 153.0 Holmes Run Acres
Lake Braddock,Week4,Lincolnia Park,Week4,243.0 Lake Braddock - 155.0 Lincolnia Park
Lake Braddock,Week4,Forest Hollow,Week3,314.0 Forest Hollow - 88.0 Lake Braddock
Lake Braddock,Week2,Springboard,Week2,210.0 Springboard - 191.0 Lake Braddock
Lake Braddock,Week4,Great Falls,Week5,286.0 Great Falls - 115.0 Lake Braddock
Lake Braddock,Week3,Great Falls,Week3,291.0 Great Falls - 111.0 Lake Braddock
Lake Braddock,Week2,Springboard,Week1,220.0 Springboard - 180.0 Lake Braddock
Lake Braddock,Week1,Langley,Week4,350.0 Langley - 52.0 Lake Braddock
Lake Braddock,Week5,Lincolnia Park,Week1,243.0 Lake Braddock - 154.0 Lincolnia Park
Lake Braddock,Week5,Forest Hollow,Week4,308.0 Forest Hollow - 94.0 Lake Braddock
Lakevale Estates,Week4,Holmes Run Acres,Week3,260.0 Lakevale Estates - 142.0 Holmes Run Acres
Lake Braddock,Week5,South Run,Week5,275.0 South Run - 127.0 Lake Braddock
Lake Braddock,Week1,Fox Hunt,Week5,333.0 Fox Hunt - 69.0 Lake Braddock
Lake Braddock,Week2,Langley,Week3,346.5 Langley - 55.5 Lake Braddock
Lake Braddock,Week1,Lincolnia Park,Week3,200.0 Lincolnia Park - 189.0 Lake Braddock
Lake Braddock,Week5,Great Falls,Week1,254.0 Great Falls - 144.0 Lake Braddock
Lake Braddock,Week3,Langley,Week5,327.0 Langley - 75.0 Lake Braddock
Lake Braddock,Week2,Langley,Week5,329.5 Langley - 72.5 Lake Braddock
Lakevale Estates,Week4,Little Hunting Park,Week5,299.0 Lakevale Estates - 103.0 Little Hunting Park
Lake Braddock,Week1,Fox Hunt,Week4,302.0 Fox Hunt - 100.0 Lake Braddock
Lakevale Estates,Week2,Little Hunting Park,Week3,319.0 Lakevale Estates - 83.0 Little Hunting Park
Lakevale Estates,Week3,Hollin Meadows,Week5,264.0 Lakevale Estates - 138.0 Hollin Meadows
Lake Braddock,Week5,Forest Hollow,Week5,316.0 Forest Hollow - 86.0 Lake Braddock
Lake Braddock,Week5,Forest Hollow,Week2,283.0 Forest Hollow - 119.0 Lake Braddock
Lake Braddock,Week1,Springboard,Week5,245.0 Springboard - 156.0 Lake Braddock
Lake Braddock,Week2,Springboard,Week3,221.0 Springboard - 180.0 Lake Braddock
Lake Braddock,Week3,Langley,Week4,335.0 Langley - 67.0 Lake Braddock
Lake Braddock,Week4,Langley,Week2,332.0 Langley - 70.0 Lake Braddock
Lakevale Estates,Week1,Little Rocky Run,Week1,214.0 Little Rocky Run - 183.0 Lakevale Estates
Lakevale Estates,Week5,Little Hunting Park,Week5,300.0 Lakevale Estates - 102.0 Little Hunting Park
Lake Braddock,Week1,Great Falls,Week1,277.0 Great Falls - 124.0 Lake Braddock
Lake Braddock,Week2,Springboard,Week4,224.5 Springboard - 176.5 Lake Braddock
Lakevale Estates,Week1,Holmes Run Acres,Week2,272.0 Lakevale Estates - 130.0 Holmes Run Acres
Lakevale Estates,Week5,Hollin Meadows,Week5,271.5 Lakevale Estates - 130.5 Hollin Meadows
Lake Braddock,Week2,Lincolnia Park,Week4,245.0 Lake Braddock - 152.0 Lincolnia Park
Lake Braddock,Week4,Lincolnia Park,Week5,205.0 Lake Braddock - 188.0 Lincolnia Park
Lake Braddock,Week2,Fox Hunt,Week1,275.0 Fox Hunt - 127.0 Lake Braddock
Lakevale Estates,Week2,Holmes Run Acres,Week3,221.0 Lakevale Estates - 181.0 Holmes Run Acres
Lakevale Estates,Week1,Little Hunting Park,Week3,304.0 Lakevale Estates - 98.0 Little Hunting Park
Lake Braddock,Week4,Langley,Week3,341.0 Langley - 61.0 Lake Braddock
Lake Braddock,Week1,Fox Hunt,Week1,308.0 Fox Hunt - 94.0 Lake Braddock
Lake Braddock,Week1,Springboard,Week1,241.0 Springboard - 159.0 Lake Braddock
Lake Braddock,Week4,Lincolnia Park,Week1,246.0 Lake Braddock - 152.0 Lincolnia Park
Lake Braddock,Week3,Langley,Week1,337.0 Langley - 65.0 Lake Braddock
Lake Braddock,Week2,Langley,Week1,332.0 Langley - 70.0 Lake Braddock
Lake Braddock,Week4,Lincolnia Park,Week3,215.0 Lake Braddock - 178.0 Lincolnia Park
Lake Braddock,Week5,Lincolnia Park,Week2,247.0 Lake Braddock - 145.0 Lincolnia Park
Lake Braddock,Week2,Springboard,Week5,229.0 Springboard - 172.0 Lake Braddock
Lakevale Estates,Week5,Hollin Meadows,Week3,282.0 Lakevale Estates - 120.0 Hollin Meadows
Lakevale Estates,Week3,Little Hunting Park,Week5,292.0 Lakevale Estates - 110.0 Little Hunting Park
Lakevale Estates,Week4,Hollin Meadows,Week4,297.0 Lakevale Estates - 105.0 Hollin Meadows
Lake Braddock,Week1,Greenbriar,Week1,315.0 Greenbriar - 87.0 Lake Braddock
Lake Braddock,Week5,South Run,Week1,246.0 South Run - 147.0 Lake Braddock
Lakevale Estates,Week4,Hollin Meadows,Week1,275.0 Lakevale Estates - 127.0 Hollin Meadows
Lake Braddock,Week4,Greenbriar,Week3,301.0 Greenbriar - 101.0 Lake Braddock
Lakevale Estates,Week1,Holmes Run Acres,Week3,222.0 Lakevale Estates - 180.0 Holmes Run Acres
Lake Braddock,Week1,Hamlet,Week3,369.0 Hamlet - 33.0 Lake Braddock
Lake Braddock,Week2,Lincolnia Park,Week1,239.0 Lake Braddock - 158.0 Lincolnia Park
Lakevale Estates,Week2,Holmes Run Acres,Week2,279.0 Lakevale Estates - 123.0 Holmes Run Acres
Lake Braddock,Week5,Greenbriar,Week3,291.0 Greenbriar - 111.0 Lake Braddock
Lake Braddock,Week5,South Run,Week4,237.0 South Run - 160.0 Lake Braddock
Lake Braddock,Week3,Fox Hunt,Week3,301.0 Fox Hunt - 101.0 Lake Braddock
Lake Braddock,Week4,Langley,Week5,336.0 Langley - 66.0 Lake Braddock
Lake Braddock,Week5,Greenbriar,Week5,290.0 Greenbriar - 112.0 Lake Braddock
Lake Braddock,Week1,Lincolnia Park,Week1,214.0 Lake Braddock - 183.0 Lincolnia Park
Lake Braddock,Week4,Langley,Week1,334.0 Langley - 68.0 Lake Braddock
Lake Braddock,Week5,Lincolnia Park,Week3,214.5 Lake Braddock - 177.5 Lincolnia Park
Lakevale Estates,Week5,Little Hunting Park,Week1,321.0 Lakevale Estates - 81.0 Little Hunting Park
Lake Braddock,Week2,Fox Hunt,Week5,321.0 Fox Hunt - 80.0 Lake Braddock
Lake Braddock,Week3,Greenbriar,Week2,313.0 Greenbriar - 89.0 Lake Braddock
Lakevale Estates,Week3,Little Hunting Park,Week4,314.5 Lakevale Estates - 87.5 Little Hunting Park
Lake Braddock,Week5,South Run,Week3,265.0 South Run - 136.0 Lake Braddock
Lake Braddock,Week3,Fox Hunt,Week1,284.0 Fox Hunt - 118.0 Lake Braddock
Lake Braddock,Week5,Langley,Week5,326.0 Langley - 76.0 Lake Braddock
Lake Braddock,Week1,Springboard,Week4,242.0 Springboard - 160.0 Lake Braddock
Lakevale Estates,Week1,Little Rocky Run,Week2,203.0 Little Rocky Run - 199.0 Lakevale Estates
Lakevale Estates,Week2,Little Hunting Park,Week4,313.0 Lakevale Estates - 89.0 Little Hunting Park
Lakevale Estates,Week1,Holmes Run Acres,Week5,210.0 Lakevale Estates - 192.0 Holmes Run Acres
Lake Braddock,Week3,Fox Hunt,Week5,317.0 Fox Hunt - 84.0 Lake Braddock
Lake Braddock,Week3,Little Hunting Park,Week3,222.0 Little Hunting Park - 180.0 Lake Braddock
Lake Braddock,Week1,Springboard,Week2,210.0 Springboard - 185.0 Lake Braddock
Lake Braddock,Week4,Little Hunting Park,Week1,220.0 Little Hunting Park - 181.0 Lake Braddock
Lake Braddock,Week2,Fox Hunt,Week4,292.0 Fox Hunt - 109.0 Lake Braddock
Lakevale Estates,Week1,Little Rocky Run,Week5,242.0 Little Rocky Run - 160.0 Lakevale Estates
Lake Braddock,Week4,Forest Hollow,Week2,291.0 Forest Hollow - 111.0 Lake Braddock
Lake Braddock,Week1,Laurel Hill,Week2,200.0 Laurel Hill - 194.0 Lake Braddock
Lake Braddock,Week5,Langley,Week3,333.0 Langley - 69.0 Lake Braddock
Lake Braddock,Week5,Springboard,Week4,203.0 Lake Braddock - 198.0 Springboard
Lake Braddock,Week2,Greenbriar,Week1,302.0 Greenbriar - 100.0 Lake Braddock
Lakevale Estates,Week3,Holmes Run Acres,Week1,270.0 Lakevale Estates - 132.0 Holmes Run Acres
Lake Braddock,Week5,Little Hunting Park,Week2,206.0 Little Hunting Park - 196.0 Lake Braddock
Lakevale Estates,Week2,Holmes Run Acres,Week4,259.0 Lakevale Estates - 143.0 Holmes Run Acres
Lake Braddock,Week1,Hamlet,Week2,376.0 Hamlet - 26.0 Lake Braddock
Lakevale Estates,Week1,Little Rocky Run,Week3,228.0 Little Rocky Run - 174.0 Lakevale Estates
Lake Braddock,Week4,Fox Hunt,Week2,285.0 Fox Hunt - 116.0 Lake Braddock
Lake Braddock,Week1,Laurel Hill,Week3,263.0 Laurel Hill - 138.0 Lake Braddock
Lakevale Estates,Week2,Little Rocky Run,Week2,204.0 Lakevale Estates - 198.0 Little Rocky Run
Lake Braddock,Week1,Greenbriar,Week3,325.0 Greenbriar - 77.0 Lake Braddock
Lake Braddock,Week1,Springfield,Week2,293.0 Lake Braddock - 102.0 Springfield
Lake Braddock,Week2,Little Hunting Park,Week3,214.0 Little Hunting Park - 188.0 Lake Braddock
Lakevale Estates,Week5,Little Rocky Run,Week3,203.0 Little Rocky Run - 199.0 Lakevale Estates
Lake Braddock,Week4,Fox Hunt,Week5,310.0 Fox Hunt - 91.0 Lake Braddock
Lake Braddock,Week2,Greenbriar,Week5,295.0 Greenbriar - 107.0 Lake Braddock
Lake Braddock,Week1,Laurel Hill,Week4,253.0 Laurel Hill - 149.0 Lake Braddock
Lakevale Estates,Week2,Little Rocky Run,Week3,219.0 Little Rocky Run - 183.0 Lakevale Estates
Lakevale Estates,Week5,Hollin Meadows,Week2,281.0 Lakevale Estates - 121.0 Hollin Meadows
Lake Braddock,Week1,Laurel Hill,Week5,279.0 Laurel Hill - 123.0 Lake Braddock
Lake Braddock,Week4,Little Hunting Park,Week2,210.0 Little Hunting Park - 192.0 Lake Braddock
Lake Braddock,Week1,Springfield,Week5,316.0 Lake Braddock - 83.0 Springfield
Lake Braddock,Week3,Springboard,Week4,216.0 Springboard - 185.0 Lake Braddock
Lake Braddock,Week3,Greenbriar,Week4,277.0 Greenbriar - 125.0 Lake Braddock
Lakevale Estates,Week5,Hollin Meadows,Week4,278.0 Lakevale Estates - 124.0 Hollin Meadows
Lake Braddock,Week4,Fox Hunt,Week3,310.0 Fox Hunt - 92.0 Lake Braddock
Lake Braddock,Week1,Little Rocky Run,Week3,361.0 Little Rocky Run - 41.0 Lake Braddock
Lake Braddock,Week2,Little Hunting Park,Week4,219.0 Little Hunting Park - 183.0 Lake Braddock
Lake Braddock,Week4,Fox Mill Estates,Week5,276.0 Fox Mill Estates - 126.0 Lake Braddock
Lakevale Estates,Week1,Long Branch,Week1,282.5 Lakevale Estates - 114.5 Long Branch
Lakevale Estates,Week4,Long Branch,Week1,301.0 Lakevale Estates - 101.0 Long Branch
Lake Braddock,Week5,Great Falls,Week5,278.0 Great Falls - 123.0 Lake Braddock
Lake Braddock,Week2,Laurel Hill,Week1,226.0 Laurel Hill - 173.0 Lake Braddock
Lakevale Estates,Week4,Hollin Meadows,Week3,283.0 Lakevale Estates - 119.0 Hollin Meadows
Lake Braddock,Week4,Springboard,Week4,222.0 Springboard - 179.0 Lake Braddock
Lakevale Estates,Week3,Hollin Meadows,Week3,277.0 Lakevale Estates - 125.0 Hollin Meadows
Lake Braddock,Week4,Greenbriar,Week2,312.5 Greenbriar - 89.5 Lake Braddock
Lake Braddock,Week3,Springboard,Week2,208.5 Lake Braddock - 192.5 Springboard
Lakevale Estates,Week1,Holmes Run Acres,Week1,249.0 Lakevale Estates - 153.0 Holmes Run Acres
Lakevale Estates,Week3,Little Rocky Run,Week3,206.0 Little Rocky Run - 196.0 Lakevale Estates
Lakevale Estates,Week3,Little Rocky Run,Week1,210.0 Lakevale Estates - 187.0 Little Rocky Run
Lakevale Estates,Week3,Hollin Meadows,Week4,277.0 Lakevale Estates - 125.0 Hollin Meadows
Lake Braddock,Week1,Greenbriar,Week5,324.0 Greenbriar - 78.0 Lake Braddock
Lake Braddock,Week5,Langley,Week4,326.0 Langley - 76.0 Lake Braddock
Lake Braddock,Week5,Fox Mill Estates,Week3,255.0 Fox Mill Estates - 147.0 Lake Braddock
Lake Braddock,Week2,Springfield,Week2,310.0 Lake Braddock - 85.0 Springfield
Lakevale Estates,Week2,Holmes Run Acres,Week5,216.0 Lakevale Estates - 186.0 Holmes Run Acres
Lake Braddock,Week2,Laurel Hill,Week2,200.5 Laurel Hill - 197.5 Lake Braddock
Lake Braddock,Week3,Fox Hunt,Week2,295.0 Fox Hunt - 105.0 Lake Braddock
Lake Braddock,Week1,Fox Mill Estates,Week3,287.0 Fox Mill Estates - 115.0 Lake Braddock
Lakevale Estates,Week4,Hollin Meadows,Week5,278.0 Lakevale Estates - 124.0 Hollin Meadows
Lake Braddock,Week4,Greenbriar,Week4,280.0 Greenbriar - 122.0 Lake Braddock
Lakevale Estates,Week3,Long Branch,Week4,287.0 Lakevale Estates - 115.0 Long Branch
Lake Braddock,Week3,Little Hunting Park,Week2,219.5 Little Hunting Park - 181.5 Lake Braddock
Lake Braddock,Week1,Fox Mill Estates,Week1,255.0 Fox Mill Estates - 147.0 Lake Braddock
Lake Braddock,Week1,Little Hunting Park,Week1,259.0 Little Hunting Park - 142.0 Lake Braddock
Lake Braddock,Week5,Great Falls,Week4,261.5 Great Falls - 138.5 Lake Braddock
Lake Braddock,Week5,Fox Mill Estates,Week1,235.0 Fox Mill Estates - 167.0 Lake Braddock
Lake Braddock,Week2,Little Hunting Park,Week1,225.0 Little Hunting Park - 176.0 Lake Braddock
Lakevale Estates,Week4,Little Rocky Run,Week1,224.0 Lakevale Estates - 178.0 Little Rocky Run
Lake Braddock,Week1,Little Hunting Park,Week4,250.0 Little Hunting Park - 152.0 Lake Braddock
Lake Braddock,Week5,Fox Hunt,Week1,270.0 Fox Hunt - 132.0 Lake Braddock
Lake Braddock,Week1,Laurel Hill,Week1,230.0 Laurel Hill - 171.0 Lake Braddock
Lake Braddock,Week3,Springfield,Week5,328.0 Lake Braddock - 66.0 Springfield
Lake Braddock,Week1,Little Hunting Park,Week2,247.0 Little Hunting Park - 155.0 Lake Braddock
Lake Braddock,Week5,Langley,Week1,330.0 Langley - 72.0 Lake Braddock
Lakevale Estates,Week1,Long Branch,Week4,286.0 Lakevale Estates - 116.0 Long Branch
Lake Braddock,Week4,Greenbriar,Week1,290.5 Greenbriar - 111.5 Lake Braddock
Lake Braddock,Week2,Laurel Hill,Week3,239.0 Laurel Hill - 162.0 Lake Braddock
Lake Braddock,Week4,Springfield,Week2,311.0 Lake Braddock - 89.0 Springfield
Lake Braddock,Week1,Greenbriar,Week4,307.0 Greenbriar - 95.0 Lake Braddock
Lakevale Estates,Week4,Hollin Meadows,Week2,290.0 Lakevale Estates - 112.0 Hollin Meadows
Lake Braddock,Week4,Springboard,Week2,211.0 Lake Braddock - 190.0 Springboard
Lake Braddock,Week5,Langley,Week2,326.0 Langley - 76.0 Lake Braddock
Lake Braddock,Week4,Springfield,Week4,307.0 Lake Braddock - 94.0 Springfield
Lake Braddock,Week5,Little Hunting Park,Week1,213.0 Little Hunting Park - 188.0 Lake Braddock
Lake Braddock,Week1,Fox Mill Woods,Week2,348.0 Fox Mill Woods - 54.0 Lake Braddock
Lake Braddock,Week3,Hunter Mill,Week2,333.0 Hunter Mill - 69.0 Lake Braddock
Lake Braddock,Week5,Springfield,Week5,340.0 Lake Braddock - 59.0 Springfield
Lake Braddock,Week3,Springfield,Week3,317.0 Lake Braddock - 81.0 Springfield
Lake Braddock,Week5,Great Falls,Week3,288.0 Great Falls - 114.0 Lake Braddock
Lake Braddock,Week5,Little Hunting Park,Week5,240.0 Little Hunting Park - 161.0 Lake Braddock
Lakevale Estates,Week3,Holmes Run Acres,Week3,236.0 Lakevale Estates - 166.0 Holmes Run Acres
Lakevale Estates,Week4,Holmes Run Acres,Week1,286.0 Lakevale Estates - 116.0 Holmes Run Acres
Lake Braddock,Week5,Lincolnia Park,Week5,216.0 Lake Braddock - 176.0 Lincolnia Park
Lake Braddock,Week2,Springfield,Week3,309.0 Lake Braddock - 85.0 Springfield
Lakevale Estates,Week2,Long Branch,Week1,286.0 Lakevale Estates - 116.0 Long Branch
Lakevale Estates,Week4,Long Branch,Week3,307.0 Lakevale Estates - 95.0 Long Branch
Lake Braddock,Week3,Springfield,Week4,305.0 Lake Braddock - 91.0 Springfield
Lake Braddock,Week1,Little Hunting Park,Week5,276.0 Little Hunting Park - 125.0 Lake Braddock
Lakevale Estates,Week3,Holmes Run Acres,Week4,268.0 Lakevale Estates - 134.0 Holmes Run Acres
Lake Braddock,Week2,Hunter Mill,Week4,332.0 Hunter Mill - 70.0 Lake Braddock
Lake Braddock,Week2,Fox Mill Woods,Week2,329.0 Fox Mill Woods - 73.0 Lake Braddock
Lake Braddock,Week1,Fox Mill Woods,Week4,358.0 Fox Mill Woods - 44.0 Lake Braddock
Lakevale Estates,Week2,Long Branch,Week2,293.0 Lakevale Estates - 109.0 Long Branch
Lake Braddock,Week2,Greenbriar,Week2,312.5 Greenbriar - 89.5 Lake Braddock
Lake Braddock,Week5,Hunt Valley,Week1,340.0 Hunt Valley - 62.0 Lake Braddock
Lakevale Estates,Week2,Little Rocky Run,Week4,207.0 Little Rocky Run - 195.0 Lakevale Estates
Lake Braddock,Week1,Greenbriar,Week2,336.0 Greenbriar - 66.0 Lake Braddock
Lake Braddock,Week2,Fox Mill Woods,Week4,340.0 Fox Mill Woods - 62.0 Lake Braddock
Lakevale Estates,Week4,Holmes Run Acres,Week2,291.0 Lakevale Estates - 111.0 Holmes Run Acres
Lake Braddock,Week2,Greenbriar,Week3,307.0 Greenbriar - 95.0 Lake Braddock
Lake Braddock,Week2,Laurel Hill,Week4,226.0 Laurel Hill - 176.0 Lake Braddock
Lake Braddock,Week5,Hunter Mill,Week1,325.0 Hunter Mill - 77.0 Lake Braddock
Lakevale Estates,Week4,Little Rocky Run,Week3,202.0 Lakevale Estates - 200.0 Little Rocky Run
Lake Braddock,Week3,Little Hunting Park,Week4,217.0 Little Hunting Park - 184.0 Lake Braddock
Lakevale Estates,Week3,Holmes Run Acres,Week5,230.0 Lakevale Estates - 172.0 Holmes Run Acres
Lake Braddock,Week1,Little Rocky Run,Week2,348.0 Little Rocky Run - 54.0 Lake Braddock
Lake Braddock,Week1,Fox Mill Woods,Week5,351.0 Fox Mill Woods - 51.0 Lake Braddock
Lake Braddock,Week2,Fox Mill Estates,Week1,247.0 Fox Mill Estates - 155.0 Lake Braddock
Lake Braddock,Week3,Little Hunting Park,Week1,231.0 Little Hunting Park - 170.0 Lake Braddock
Lakevale Estates,Week4,Holmes Run Acres,Week5,243.0 Lakevale Estates - 159.0 Holmes Run Acres
Lake Braddock,Week3,Greenbriar,Week1,313.0 Greenbriar - 89.0 Lake Braddock
Lake Braddock,Week3,Greenbriar,Week3,311.0 Greenbriar - 91.0 Lake Braddock
Lake Braddock,Week3,Hunter Mill,Week3,327.5 Hunter Mill - 74.5 Lake Braddock
Lake Braddock,Week5,Hunt Valley,Week2,344.0 Hunt Valley - 58.0 Lake Braddock
Lake Braddock,Week3,Springboard,Week1,211.0 Springboard - 189.0 Lake Braddock
Lake Braddock,Week4,Springboard,Week1,209.0 Springboard - 191.0 Lake Braddock
Lake Braddock,Week2,Little Hunting Park,Week5,251.0 Little Hunting Park - 151.0 Lake Braddock
Lake Braddock,Week3,Springboard,Week3,216.0 Springboard - 185.0 Lake Braddock
Lake Braddock,Week2,Fox Mill Estates,Week5,276.0 Fox Mill Estates - 126.0 Lake Braddock
Lake Braddock,Week2,Greenbriar,Week4,277.0 Greenbriar - 125.0 Lake Braddock
Lakevale Estates,Week5,Holmes Run Acres,Week2,301.0 Lakevale Estates - 101.0 Holmes Run Acres
Lakevale Estates,Week3,Long Branch,Week2,296.0 Lakevale Estates - 106.0 Long Branch
Lakevale Estates,Week3,Long Branch,Week3,290.0 Lakevale Estates - 112.0 Long Branch
Lake Braddock,Week3,Hunter Mill,Week5,331.0 Hunter Mill - 71.0 Lake Braddock
Lakevale Estates,Week5,Holmes Run Acres,Week3,260.0 Lakevale Estates - 142.0 Holmes Run Acres
Lake Braddock,Week5,Springboard,Week2,229.0 Lake Braddock - 172.0 Springboard
Lake Braddock,Week3,Springboard,Week5,233.0 Springboard - 168.0 Lake Braddock
Lake Braddock,Week4,Springboard,Week3,215.0 Springboard - 186.0 Lake Braddock
Lake Braddock,Week4,Little Hunting Park,Week3,216.0 Little Hunting Park - 186.0 Lake Braddock
Lake Braddock,Week3,Fox Mill Estates,Week4,278.0 Fox Mill Estates - 124.0 Lake Braddock
Lakevale Estates,Week5,Holmes Run Acres,Week4,287.0 Lakevale Estates - 115.0 Holmes Run Acres
Lake Braddock,Week5,Greenbriar,Week1,284.0 Greenbriar - 118.0 Lake Braddock
Lake Braddock,Week1,Springfield,Week1,302.0 Lake Braddock - 97.0 Springfield
Lake Braddock,Week1,Fox Mill Estates,Week4,303.0 Fox Mill Estates - 99.0 Lake Braddock
Lakevale Estates,Week3,Little Rocky Run,Week4,208.5 Lakevale Estates - 193.5 Little Rocky Run
Lakevale Estates,Week4,Little Rocky Run,Week4,217.0 Lakevale Estates - 185.0 Little Rocky Run
Lake Braddock,Week1,Hamlet,Week1,366.0 Hamlet - 36.0 Lake Braddock
Lakevale Estates,Week1,Hunt Valley,Week2,204.0 Hunt Valley - 198.0 Lakevale Estates
Lake Braddock,Week1,Springfield,Week3,297.0 Lake Braddock - 91.0 Springfield
Lakevale Estates,Week1,Hunt Valley,Week1,207.0 Hunt Valley - 195.0 Lakevale Estates
Lake Braddock,Week4,Hunter Mill,Week4,332.0 Hunter Mill - 70.0 Lake Braddock
Lake Braddock,Week3,Fox Mill Estates,Week1,236.0 Fox Mill Estates - 166.0 Lake Braddock
Lake Braddock,Week4,Little Hunting Park,Week5,253.0 Little Hunting Park - 149.0 Lake Braddock
Lake Braddock,Week5,Greenbriar,Week2,304.0 Greenbriar - 98.0 Lake Braddock
Lake Braddock,Week5,Fox Hunt,Week5,301.0 Fox Hunt - 100.0 Lake Braddock
Lakevale Estates,Week3,Little Rocky Run,Week5,212.0 Little Rocky Run - 185.0 Lakevale Estates
Lakevale Estates,Week3,Little Rocky Run,Week2,208.0 Lakevale Estates - 194.0 Little Rocky Run
Lake Braddock,Week4,Springboard,Week5,227.0 Springboard - 174.0 Lake Braddock
Lake Braddock,Week5,Lincolnia Park,Week4,260.0 Lake Braddock - 137.0 Lincolnia Park
Lakevale Estates,Week1,Hunt Valley,Week4,229.0 Hunt Valley - 173.0 Lakevale Estates
Lake Braddock,Week4,Greenbriar,Week5,291.0 Greenbriar - 111.0 Lake Braddock
Lake Braddock,Week3,Fox Mill Estates,Week2,268.0 Fox Mill Estates - 133.0 Lake Braddock
Lake Braddock,Week5,Greenbriar,Week4,269.0 Greenbriar - 133.0 Lake Braddock
Lake Braddock,Week2,Fox Mill Estates,Week4,283.0 Fox Mill Estates - 119.0 Lake Braddock
Lakevale Estates,Week4,Little Rocky Run,Week2,228.0 Lakevale Estates - 174.0 Little Rocky Run
Lake Braddock,Week3,Greenbriar,Week5,294.0 Greenbriar - 108.0 Lake Braddock
Lake Braddock,Week3,Hunter Mill,Week1,329.0 Hunter Mill - 73.0 Lake Braddock
Lake Braddock,Week5,Hunter Mill,Week5,337.0 Hunter Mill - 65.0 Lake Braddock
Lake Braddock,Week1,Little Hunting Park,Week3,250.0 Little Hunting Park - 152.0 Lake Braddock
Lake Braddock,Week2,Ilda Community,Week2,217.0 Ilda Community - 185.0 Lake Braddock
Lake Braddock,Week4,Hunter Mill,Week5,337.0 Hunter Mill - 65.0 Lake Braddock
Lakevale Estates,Week2,Little Rocky Run,Week5,230.0 Little Rocky Run - 172.0 Lakevale Estates
Lake Braddock,Week5,Little Hunting Park,Week3,205.0 Little Hunting Park - 197.0 Lake Braddock
Lakevale Estates,Week5,Holmes Run Acres,Week5,252.0 Lakevale Estates - 150.0 Holmes Run Acres
Lake Braddock,Week2,Hamlet,Week5,361.0 Hamlet - 41.0 Lake Braddock
Lake Braddock,Week5,Little Hunting Park,Week4,205.0 Lake Braddock - 197.0 Little Hunting Park
Lake Braddock,Week2,Springfield,Week1,311.0 Lake Braddock - 85.0 Springfield
Lake Braddock,Week1,Little Rocky Run,Week1,349.0 Little Rocky Run - 53.0 Lake Braddock
Lake Braddock,Week4,Little Hunting Park,Week4,204.0 Lake Braddock - 198.0 Little Hunting Park
Lake Braddock,Week3,Little Rocky Run,Week2,329.0 Little Rocky Run - 73.0 Lake Braddock
Lakevale Estates,Week4,Little Rocky Run,Week5,214.0 Little Rocky Run - 188.0 Lakevale Estates
Lake Braddock,Week3,Fox Mill Estates,Week5,269.0 Fox Mill Estates - 133.0 Lake Braddock
Lake Braddock,Week2,Hunter Mill,Week5,337.0 Hunter Mill - 65.0 Lake Braddock
Lake Braddock,Week1,Fox Mill Estates,Week2,282.0 Fox Mill Estates - 120.0 Lake Braddock
Lake Braddock,Week5,Springboard,Week3,209.0 Springboard - 192.0 Lake Braddock
Lake Braddock,Week1,Hamlet,Week5,378.0 Hamlet - 24.0 Lake Braddock
Lakevale Estates,Week1,Hunt Valley,Week3,241.5 Hunt Valley - 160.5 Lakevale Estates
Lake Braddock,Week1,Hunter Mill,Week3,346.0 Hunter Mill - 56.0 Lake Braddock
Lakevale Estates,Week1,Hunt Valley,Week5,234.0 Hunt Valley - 168.0 Lakevale Estates
Lake Braddock,Week1,Hamlet,Week4,364.0 Hamlet - 38.0 Lake Braddock
Lake Braddock,Week5,Hunt Valley,Week4,340.0 Hunt Valley - 62.0 Lake Braddock
Lakevale Estates,Week5,Little Rocky Run,Week5,206.0 Little Rocky Run - 196.0 Lakevale Estates
Lake Braddock,Week5,Springboard,Week1,201.0 Springboard - 199.0 Lake Braddock
Lake Braddock,Week2,Springfield,Week4,306.0 Lake Braddock - 92.0 Springfield
Lakevale Estates,Week4,Holmes Run Acres,Week4,280.0 Lakevale Estates - 122.0 Holmes Run Acres
Lakevale Estates,Week2,Hunt Valley,Week3,226.0 Hunt Valley - 176.0 Lakevale Estates
Lake Braddock,Week2,Hunter Mill,Week2,332.5 Hunter Mill - 68.5 Lake Braddock
Lakevale Estates,Week5,Little Rocky Run,Week1,230.0 Lakevale Estates - 172.0 Little Rocky Run
Lakevale Estates,Week5,Little Rocky Run,Week2,227.0 Lakevale Estates - 175.0 Little Rocky Run
Lakevale Estates,Week1,Long Branch,Week3,288.0 Lakevale Estates - 114.0 Long Branch
Lake Braddock,Week1,Springfield,Week4,282.0 Lake Braddock - 116.0 Springfield
Lake Braddock,Week2,Fox Mill Estates,Week3,268.0 Fox Mill Estates - 134.0 Lake Braddock
Lake Braddock,Week2,Fox Mill Estates,Week2,268.0 Fox Mill Estates - 133.0 Lake Braddock
Lake Braddock,Week2,Hamlet,Week1,349.0 Hamlet - 53.0 Lake Braddock
Lake Braddock,Week2,Little Hunting Park,Week2,224.0 Little Hunting Park - 178.0 Lake Braddock
Lakevale Estates,Week5,Holmes Run Acres,Week1,288.5 Lakevale Estates - 113.5 Holmes Run Acres
Lake Braddock,Week3,Little Hunting Park,Week5,242.0 Little Hunting Park - 156.0 Lake Braddock
Lake Braddock,Week3,Hamlet,Week4,345.0 Hamlet - 57.0 Lake Braddock
Lake Braddock,Week1,Hayfield Farm,Week2,323.0 Hayfield Farm - 79.0 Lake Braddock
Lakevale Estates,Week1,Long Branch,Week2,284.0 Lakevale Estates - 118.0 Long Branch
Lake Braddock,Week4,Fox Mill Estates,Week1,247.5 Fox Mill Estates - 154.5 Lake Braddock
Lake Braddock,Week5,Springboard,Week5,215.0 Springboard - 186.0 Lake Braddock
Lake Braddock,Week2,Hunter Mill,Week3,327.0 Hunter Mill - 75.0 Lake Braddock
Lakevale Estates,Week2,Hunt Valley,Week1,211.0 Hunt Valley - 191.0 Lakevale Estates
Lake Braddock,Week1,Hunter Mill,Week4,351.0 Hunter Mill - 51.0 Lake Braddock
Lake Braddock,Week1,Little Rocky Run,Week5,368.0 Little Rocky Run - 34.0 Lake Braddock
Lake Braddock,Week1,Fox Mill Estates,Week5,288.0 Fox Mill Estates - 114.0 Lake Braddock
Lakevale Estates,Week5,Little Rocky Run,Week4,219.0 Lakevale Estates - 183.0 Little Rocky Run
Lakevale Estates,Week2,Hunt Valley,Week4,228.0 Hunt Valley - 174.0 Lakevale Estates
Lake Braddock,Week4,Fox Mill Estates,Week4,289.0 Fox Mill Estates - 113.0 Lake Braddock
Lakevale Estates,Week2,Hunt Valley,Week5,233.0 Hunt Valley - 169.0 Lakevale Estates
Lake Braddock,Week3,Springfield,Week1,311.0 Lake Braddock - 85.0 Springfield
Lake Braddock,Week2,Springfield,Week5,322.0 Lake Braddock - 75.0 Springfield
Lakevale Estates,Week1,Long Branch,Week5,269.0 Lakevale Estates - 133.0 Long Branch
Lake Braddock,Week2,Hunter Mill,Week1,329.0 Hunter Mill - 73.0 Lake Braddock
Lake Braddock,Week5,Hunt Valley,Week5,365.0 Hunt Valley - 37.0 Lake Braddock
Lake Braddock,Week5,Hunt Valley,Week3,356.0 Hunt Valley - 46.0 Lake Braddock
Lake Braddock,Week2,Hayfield Farm,Week3,301.0 Hayfield Farm - 100.0 Lake Braddock
Lake Braddock,Week1,Hayfield Farm,Week1,308.0 Hayfield Farm - 94.0 Lake Braddock
Lake Braddock,Week5,Little Rocky Run,Week5,351.0 Little Rocky Run - 51.0 Lake Braddock
Lake Braddock,Week4,Fox Mill Estates,Week3,281.0 Fox Mill Estates - 121.0 Lake Braddock
Lakevale Estates,Week2,Long Branch,Week3,300.0 Lakevale Estates - 102.0 Long Branch
Lake Braddock,Week2,Little Rocky Run,Week3,347.0 Little Rocky Run - 55.0 Lake Braddock
Lake Braddock,Week3,Springfield,Week2,310.0 Lake Braddock - 86.0 Springfield
Lakevale Estates,Week3,Hunt Valley,Week1,204.0 Lakevale Estates - 198.0 Hunt Valley
Lakevale Estates,Week3,Hunt Valley,Week2,204.0 Hunt Valley - 198.0 Lakevale Estates
Lakevale Estates,Week4,Long Branch,Week2,306.0 Lakevale Estates - 96.0 Long Branch
Lake Braddock,Week4,Hunter Mill,Week1,325.0 Hunter Mill - 77.0 Lake Braddock
Lake Braddock,Week4,Springfield,Week3,315.0 Lake Braddock - 85.0 Springfield
Lake Braddock,Week4,Springfield,Week5,334.0 Lake Braddock - 67.0 Springfield
Lake Braddock,Week5,Springfield,Week2,318.0 Lake Braddock - 77.0 Springfield
Lakevale Estates,Week4,Long Branch,Week4,307.0 Lakevale Estates - 95.0 Long Branch
Lake Braddock,Week4,Hamlet,Week5,370.0 Hamlet - 32.0 Lake Braddock
Lake Braddock,Week5,Fox Mill Estates,Week4,273.0 Fox Mill Estates - 129.0 Lake Braddock
Lake Braddock,Week4,Little Rocky Run,Week2,336.0 Little Rocky Run - 66.0 Lake Braddock
Lakevale Estates,Week2,Long Branch,Week4,280.0 Lakevale Estates - 122.0 Long Branch
Lake Braddock,Week4,Springfield,Week1,321.0 Lake Braddock - 80.0 Springfield
Lake Braddock,Week5,Fox Mill Estates,Week2,242.0 Fox Mill Estates - 159.0 Lake Braddock
Lake Braddock,Week1,Long Branch,Week2,264.0 Long Branch - 138.0 Lake Braddock
Lake Braddock,Week3,Hamlet,Week5,368.0 Hamlet - 34.0 Lake Braddock
Lake Braddock,Week3,Hayfield Farm,Week4,299.0 Hayfield Farm - 103.0 Lake Braddock
Lake Braddock,Week1,Hunter Mill,Week5,344.0 Hunter Mill - 58.0 Lake Braddock
Lake Braddock,Week5,Springfield,Week1,319.0 Lake Braddock - 79.0 Springfield
Lake Braddock,Week4,Fox Mill Estates,Week2,265.0 Fox Mill Estates - 136.0 Lake Braddock
Lakevale Estates,Week2,Long Branch,Week5,283.0 Lakevale Estates - 119.0 Long Branch
Lake Braddock,Week5,Fox Mill Estates,Week5,260.0 Fox Mill Estates - 142.0 Lake Braddock
Lake Braddock,Week1,Fox Mill Woods,Week1,347.0 Fox Mill Woods - 55.0 Lake Braddock
Lakevale Estates,Week2,Hunt Valley,Week2,205.5 Hunt Valley - 196.5 Lakevale Estates
Lake Braddock,Week5,Springfield,Week4,311.0 Lake Braddock - 88.0 Springfield
Lake Braddock,Week3,Hunter Mill,Week4,329.5 Hunter Mill - 72.5 Lake Braddock
Lake Braddock,Week4,Hunt Valley,Week5,376.0 Hunt Valley - 26.0 Lake Braddock
Lake Braddock,Week2,Hamlet,Week2,353.0 Hamlet - 49.0 Lake Braddock
Lakevale Estates,Week3,Long Branch,Week1,280.0 Lakevale Estates - 112.0 Long Branch
Lake Braddock,Week3,Hamlet,Week1,352.0 Hamlet - 50.0 Lake Braddock
Lakevale Estates,Week3,Long Branch,Week5,271.0 Lakevale Estates - 131.0 Long Branch
Lake Braddock,Week2,Long Branch,Week2,256.0 Long Branch - 146.0 Lake Braddock
Lake Braddock,Week5,Little Rocky Run,Week3,349.0 Little Rocky Run - 53.0 Lake Braddock
Lakevale Estates,Week3,Hunt Valley,Week3,223.5 Hunt Valley - 178.5 Lakevale Estates
Lake Braddock,Week2,Hayfield Farm,Week5,296.0 Hayfield Farm - 106.0 Lake Braddock
Lake Braddock,Week3,Fox Mill Estates,Week3,277.0 Fox Mill Estates - 125.0 Lake Braddock
Lake Braddock,Week2,Long Branch,Week5,257.0 Long Branch - 145.0 Lake Braddock
Lake Braddock,Week1,Hunter Mill,Week2,335.0 Hunter Mill - 67.0 Lake Braddock
Lake Braddock,Week4,Hunter Mill,Week2,325.0 Hunter Mill - 77.0 Lake Braddock
Lake Braddock,Week3,Little Rocky Run,Week4,338.0 Little Rocky Run - 64.0 Lake Braddock
Lake Braddock,Week3,Long Branch,Week1,245.0 Long Branch - 157.0 Lake Braddock
Lake Braddock,Week1,Fox Mill Woods,Week3,345.0 Fox Mill Woods - 57.0 Lake Braddock
Lake Braddock,Week4,Hunter Mill,Week3,327.0 Hunter Mill - 75.0 Lake Braddock
Lake Braddock,Week5,Little Rocky Run,Week1,319.0 Little Rocky Run - 83.0 Lake Braddock
Lake Braddock,Week5,Hunter Mill,Week2,310.0 Hunter Mill - 91.0 Lake Braddock
Lake Braddock,Week2,Fox Mill Woods,Week3,330.0 Fox Mill Woods - 72.0 Lake Braddock
Lake Braddock,Week3,Fox Mill Woods,Week4,339.0 Fox Mill Woods - 63.0 Lake Braddock
Lake Braddock,Week2,Stratford,Week2,237.0 Stratford - 165.0 Lake Braddock
Lake Braddock,Week4,Hamlet,Week1,356.0 Hamlet - 46.0 Lake Braddock
Lake Braddock,Week3,Little Rocky Run,Week1,323.0 Little Rocky Run - 79.0 Lake Braddock
Lakevale Estates,Week5,Long Branch,Week3,313.0 Lakevale Estates - 89.0 Long Branch
Lakevale Estates,Week5,Long Branch,Week4,317.0 Lakevale Estates - 85.0 Long Branch
Lakevale Estates,Week5,Long Branch,Week2,308.0 Lakevale Estates - 94.0 Long Branch
Lakevale Estates,Week5,Long Branch,Week5,310.5 Lakevale Estates - 91.5 Long Branch
Lake Braddock,Week2,Hayfield Farm,Week2,299.0 Hayfield Farm - 103.0 Lake Braddock
Lake Braddock,Week4,Stratford,Week2,236.0 Stratford - 166.0 Lake Braddock
Lake Braddock,Week3,Fox Mill Woods,Week5,342.0 Fox Mill Woods - 60.0 Lake Braddock
Lake Braddock,Week4,Little Rocky Run,Week1,340.5 Little Rocky Run - 61.5 Lake Braddock
Lake Braddock,Week5,Stratford,Week1,218.0 Stratford - 184.0 Lake Braddock
Lake Braddock,Week4,Stratford,Week1,240.0 Stratford - 162.0 Lake Braddock
Lake Braddock,Week1,Hunter Mill,Week1,347.0 Hunter Mill - 55.0 Lake Braddock
Lakevale Estates,Week1,Mansion House,Week1,221.0 Lakevale Estates - 181.0 Mansion House
Lake Braddock,Week2,Fox Mill Woods,Week5,339.0 Fox Mill Woods - 63.0 Lake Braddock
Lake Braddock,Week5,Hamlet,Week3,350.0 Hamlet - 52.0 Lake Braddock
Lake Braddock,Week5,Springfield,Week3,315.0 Lake Braddock - 81.0 Springfield
Lake Braddock,Week3,Fox Mill Woods,Week2,333.0 Fox Mill Woods - 69.0 Lake Braddock
Lakevale Estates,Week1,Mansion House,Week2,238.0 Lakevale Estates - 164.0 Mansion House
Lake Braddock,Week1,Ilda Community,Week1,244.0 Ilda Community - 158.0 Lake Braddock
Lake Braddock,Week2,Little Rocky Run,Week1,330.0 Little Rocky Run - 72.0 Lake Braddock
Lake Braddock,Week2,Fox Mill Woods,Week1,331.0 Fox Mill Woods - 71.0 Lake Braddock
Lake Braddock,Week5,Hamlet,Week1,347.0 Hamlet - 55.0 Lake Braddock
Lake Braddock,Week3,Stratford,Week1,230.0 Stratford - 172.0 Lake Braddock
Lake Braddock,Week4,Hamlet,Week4,351.0 Hamlet - 51.0 Lake Braddock
Lakevale Estates,Week5,Long Branch,Week1,306.5 Lakevale Estates - 95.5 Long Branch
Lake Braddock,Week5,Hunter Mill,Week4,327.0 Hunter Mill - 75.0 Lake Braddock
Lake Braddock,Week2,Long Branch,Week1,245.0 Long Branch - 157.0 Lake Braddock
Lake Braddock,Week1,Hayfield Farm,Week5,312.0 Hayfield Farm - 90.0 Lake Braddock
Lake Braddock,Week5,Hunter Mill,Week3,329.0 Hunter Mill - 73.0 Lake Braddock
Lake Braddock,Week1,Ilda Community,Week2,237.0 Ilda Community - 165.0 Lake Braddock
Lake Braddock,Week2,Little Rocky Run,Week5,350.0 Little Rocky Run - 52.0 Lake Braddock
Lake Braddock,Week5,Hamlet,Week2,357.0 Hamlet - 45.0 Lake Braddock
Lake Braddock,Week3,Hayfield Farm,Week3,293.0 Hayfield Farm - 108.0 Lake Braddock
Lake Braddock,Week4,Little Rocky Run,Week4,355.0 Little Rocky Run - 47.0 Lake Braddock
Lake Braddock,Week1,Ilda Community,Week5,238.0 Ilda Community - 164.0 Lake Braddock
Lake Braddock,Week3,Little Rocky Run,Week5,356.0 Little Rocky Run - 46.0 Lake Braddock
Lake Braddock,Week1,Hayfield Farm,Week3,321.0 Hayfield Farm - 81.0 Lake Braddock
Lake Braddock,Week4,Stratford,Week4,265.0 Stratford - 137.0 Lake Braddock
Lake Braddock,Week1,Ilda Community,Week4,251.0 Ilda Community - 151.0 Lake Braddock
Lake Braddock,Week3,Fox Mill Woods,Week1,336.0 Fox Mill Woods - 66.0 Lake Braddock
Lakevale Estates,Week1,Mansion House,Week4,243.0 Lakevale Estates - 159.0 Mansion House
Lake Braddock,Week1,Stratford,Week5,288.0 Stratford - 113.0 Lake Braddock
Lake Braddock,Week3,Fox Mill Woods,Week3,338.0 Fox Mill Woods - 64.0 Lake Braddock
Lake Braddock,Week2,Hayfield Farm,Week1,283.0 Hayfield Farm - 119.0 Lake Braddock
Lake Braddock,Week4,Fox Mill Woods,Week1,340.0 Fox Mill Woods - 62.0 Lake Braddock
Lake Braddock,Week2,Little Rocky Run,Week4,348.0 Little Rocky Run - 54.0 Lake Braddock
Lake Braddock,Week5,Stratford,Week3,231.0 Stratford - 171.0 Lake Braddock
Lake Braddock,Week3,Hamlet,Week2,363.0 Hamlet - 39.0 Lake Braddock
Lake Braddock,Week1,Ilda Community,Week3,227.0 Ilda Community - 175.0 Lake Braddock
Lakevale Estates,Week1,Mansion House,Week5,215.0 Lakevale Estates - 187.0 Mansion House
Lakevale Estates,Week1,Mansion House,Week3,208.0 Lakevale Estates - 194.0 Mansion House
Lake Braddock,Week4,Stratford,Week5,264.5 Stratford - 137.5 Lake Braddock
Lake Braddock,Week5,Ilda Community,Week5,209.0 Ilda Community - 193.0 Lake Braddock
Lake Braddock,Week2,Little Rocky Run,Week2,332.0 Little Rocky Run - 70.0 Lake Braddock
Lake Braddock,Week4,Hamlet,Week3,364.0 Hamlet - 38.0 Lake Braddock
Lake Braddock,Week3,Hamlet,Week3,357.0 Hamlet - 44.0 Lake Braddock
Lake Braddock,Week1,Kent Gardens,Week1,323.0 Kent Gardens - 78.0 Lake Braddock
Lakevale Estates,Week1,Ravensworth Farm,Week5,209.0 Lakevale Estates - 193.0 Ravensworth Farm
Lakevale Estates,Week4,Ravensworth Farm,Week3,246.0 Lakevale Estates - 156.0 Ravensworth Farm
Lake Braddock,Week3,Little Rocky Run,Week3,346.0 Little Rocky Run - 56.0 Lake Braddock
Lake Braddock,Week3,Stratford,Week5,265.0 Stratford - 137.0 Lake Braddock
Lake Braddock,Week1,Stratford,Week4,302.0 Stratford - 100.0 Lake Braddock
Lake Braddock,Week3,Stratford,Week4,260.0 Stratford - 142.0 Lake Braddock
Lake Braddock,Week5,Hamlet,Week4,343.0 Hamlet - 59.0 Lake Braddock
Lakevale Estates,Week5,Ravensworth Farm,Week4,257.0 Lakevale Estates - 145.0 Ravensworth Farm
Lakevale Estates,Week4,Poplar Tree,Week5,231.0 Lakevale Estates - 171.0 Poplar Tree
Lakevale Estates,Week4,Ravensworth Farm,Week5,252.0 Lakevale Estates - 150.0 Ravensworth Farm
Lake Braddock,Week1,Kent Gardens,Week2,318.0 Kent Gardens - 83.0 Lake Braddock
Lake Braddock,Week4,Hamlet,Week2,364.0 Hamlet - 38.0 Lake Braddock
Lakevale Estates,Week4,Long Branch,Week5,290.0 Lakevale Estates - 112.0 Long Branch
Lake Braddock,Week1,Stratford,Week2,265.0 Stratford - 137.0 Lake Braddock
Lake Braddock,Week4,Ilda Community,Week3,210.0 Ilda Community - 192.0 Lake Braddock
Lake Braddock,Week2,Hamlet,Week3,342.0 Hamlet - 60.0 Lake Braddock
Lake Braddock,Week5,Stratford,Week2,229.0 Stratford - 173.0 Lake Braddock
Lake Braddock,Week1,Little Rocky Run,Week4,357.0 Little Rocky Run - 45.0 Lake Braddock
Lake Braddock,Week4,Little Rocky Run,Week3,355.0 Little Rocky Run - 47.0 Lake Braddock
Lake Braddock,Week2,Ilda Community,Week1,224.0 Ilda Community - 177.0 Lake Braddock
Lake Braddock,Week2,Stratford,Week5,265.0 Stratford - 137.0 Lake Braddock
Lake Braddock,Week4,Fox Mill Woods,Week2,341.0 Fox Mill Woods - 61.0 Lake Braddock
Lake Braddock,Week1,Long Branch,Week4,292.0 Long Branch - 110.0 Lake Braddock
Lake Braddock,Week3,Ilda Community,Week1,219.0 Ilda Community - 183.0 Lake Braddock
Lake Braddock,Week2,Ilda Community,Week3,211.0 Ilda Community - 191.0 Lake Braddock
Lake Braddock,Week5,Hamlet,Week5,366.0 Hamlet - 36.0 Lake Braddock
Lake Braddock,Week2,Stratford,Week4,275.0 Stratford - 127.0 Lake Braddock
Lake Braddock,Week5,Ilda Community,Week1,205.0 Ilda Community - 197.0 Lake Braddock
Lake Braddock,Week5,Little Rocky Run,Week2,332.0 Little Rocky Run - 70.0 Lake Braddock
Lake Braddock,Week2,Hamlet,Week4,341.0 Hamlet - 61.0 Lake Braddock
Lakevale Estates,Week3,Ravensworth Farm,Week2,244.0 Lakevale Estates - 158.0 Ravensworth Farm
Lake Braddock,Week4,Stratford,Week3,254.0 Stratford - 148.0 Lake Braddock
Lake Braddock,Week4,Little Rocky Run,Week5,360.0 Little Rocky Run - 42.0 Lake Braddock
Lake Braddock,Week5,Little Rocky Run,Week4,342.0 Little Rocky Run - 60.0 Lake Braddock
Lake Braddock,Week3,Hayfield Farm,Week2,291.0 Hayfield Farm - 111.0 Lake Braddock
Lakevale Estates,Week2,Ravensworth Farm,Week5,223.0 Lakevale Estates - 179.0 Ravensworth Farm
Lakevale Estates,Week2,Ravensworth Farm,Week2,258.0 Lakevale Estates - 144.0 Ravensworth Farm
Lake Braddock,Week2,Long Branch,Week4,262.0 Long Branch - 140.0 Lake Braddock
Lake Braddock,Week5,Ilda Community,Week4,216.0 Ilda Community - 186.0 Lake Braddock
Lake Braddock,Week3,Long Branch,Week2,251.0 Long Branch - 151.0 Lake Braddock
Lakevale Estates,Week5,Poplar Tree,Week5,223.0 Lakevale Estates - 179.0 Poplar Tree
Lake Braddock,Week4,Hayfield Farm,Week5,305.0 Hayfield Farm - 97.0 Lake Braddock
Lake Braddock,Week2,Stratford,Week1,232.0 Stratford - 170.0 Lake Braddock
Lake Braddock,Week1,Kent Gardens,Week3,303.0 Kent Gardens - 98.0 Lake Braddock
Lake Braddock,Week1,Stratford,Week3,278.0 Stratford - 124.0 Lake Braddock
Lake Braddock,Week1,Long Branch,Week1,271.0 Long Branch - 131.0 Lake Braddock
Lake Braddock,Week1,Long Branch,Week5,274.0 Long Branch - 128.0 Lake Braddock
Lake Braddock,Week4,Ilda Community,Week4,239.0 Ilda Community - 163.0 Lake Braddock
Lakevale Estates,Week1,Ravensworth Farm,Week1,221.0 Lakevale Estates - 181.0 Ravensworth Farm
Lake Braddock,Week1,Hayfield Farm,Week4,323.0 Hayfield Farm - 79.0 Lake Braddock
Lake Braddock,Week2,Hayfield Farm,Week4,307.0 Hayfield Farm - 95.0 Lake Braddock
Lake Braddock,Week4,Hayfield Farm,Week2,307.0 Hayfield Farm - 95.0 Lake Braddock
Lakevale Estates,Week4,Poplar Tree,Week4,251.0 Lakevale Estates - 151.0 Poplar Tree
Lake Braddock,Week1,Kent Gardens,Week5,336.0 Kent Gardens - 66.0 Lake Braddock
Lake Braddock,Week3,Stratford,Week3,257.0 Stratford - 145.0 Lake Braddock
Lake Braddock,Week4,Long Branch,Week4,264.0 Long Branch - 138.0 Lake Braddock
Lake Braddock,Week5,Stratford,Week4,258.0 Stratford - 144.0 Lake Braddock
Lake Braddock,Week3,Hayfield Farm,Week1,292.0 Hayfield Farm - 110.0 Lake Braddock
Lake Braddock,Week1,Stratford,Week1,261.0 Stratford - 141.0 Lake Braddock
Lake Braddock,Week4,Long Branch,Week5,273.0 Long Branch - 129.0 Lake Braddock
Lake Braddock,Week5,Hayfield Farm,Week1,280.0 Hayfield Farm - 122.0 Lake Braddock
Lakevale Estates,Week2,Ravensworth Farm,Week1,225.0 Lakevale Estates - 177.0 Ravensworth Farm
Lake Braddock,Week2,Ilda Community,Week5,220.5 Ilda Community - 180.5 Lake Braddock
Lake Braddock,Week1,Long Branch,Week3,251.0 Long Branch - 151.0 Lake Braddock
Lake Braddock,Week2,Kent Gardens,Week1,313.0 Kent Gardens - 89.0 Lake Braddock
Lake Braddock,Week1,Kent Gardens,Week4,299.0 Kent Gardens - 103.0 Lake Braddock
Lake Braddock,Week2,Sully Station,Week2,321.0 Sully Station - 81.0 Lake Braddock
Lake Braddock,Week2,Long Branch,Week3,228.0 Long Branch - 174.0 Lake Braddock
Lakevale Estates,Week4,Annandale,Week2,328.0 Lakevale Estates - 74.0 Annandale
Lakevale Estates,Week5,Poplar Tree,Week4,248.5 Lakevale Estates - 153.5 Poplar Tree
Lake Braddock,Week4,Ilda Community,Week2,213.0 Ilda Community - 189.0 Lake Braddock
Lakevale Estates,Week1,Ravensworth Farm,Week4,220.0 Lakevale Estates - 182.0 Ravensworth Farm
Lake Braddock,Week3,Stratford,Week2,242.0 Stratford - 160.0 Lake Braddock
Lake Braddock,Week2,Stratford,Week3,266.0 Stratford - 136.0 Lake Braddock
Lake Braddock,Week4,Hayfield Farm,Week3,304.0 Hayfield Farm - 97.0 Lake Braddock
Lake Braddock,Week5,Sully Station,Week1,325.0 Sully Station - 76.0 Lake Braddock
Lake Braddock,Week1,Herndon,Week1,220.0 Lake Braddock - 177.0 Herndon
Lake Braddock,Week5,Hayfield Farm,Week3,289.0 Hayfield Farm - 112.0 Lake Braddock
Lake Braddock,Week5,Hayfield Farm,Week4,292.0 Hayfield Farm - 110.0 Lake Braddock
Lake Braddock,Week2,Kent Gardens,Week2,294.0 Kent Gardens - 108.0 Lake Braddock
Lake Braddock,Week1,Sully Station,Week2,335.0 Sully Station - 67.0 Lake Braddock
Lake Braddock,Week5,Long Branch,Week4,253.0 Long Branch - 149.0 Lake Braddock
Lake Braddock,Week1,Mansion House,Week3,341.0 Mansion House - 61.0 Lake Braddock
Lakevale Estates,Week5,Annandale,Week5,329.0 Lakevale Estates - 73.0 Annandale
Lakevale Estates,Week2,Arlington Forest,Week2,277.0 Lakevale Estates - 125.0 Arlington Forest
Lake Braddock,Week4,Long Branch,Week2,255.0 Long Branch - 147.0 Lake Braddock
Lakevale Estates,Week5,Poplar Tree,Week3,231.0 Lakevale Estates - 171.0 Poplar Tree
Lakevale Estates,Week5,Poplar Tree,Week1,232.0 Lakevale Estates - 170.0 Poplar Tree
Lakevale Estates,Week4,Annandale,Week1,331.0 Lakevale Estates - 71.0 Annandale
Lake Braddock,Week4,Ilda Community,Week1,213.0 Ilda Community - 188.0 Lake Braddock
Lakevale Estates,Week3,Annandale,Week2,317.0 Lakevale Estates - 85.0 Annandale
Lake Braddock,Week3,Sully Station,Week5,348.0 Sully Station - 54.0 Lake Braddock
Lakevale Estates,Week2,Ravensworth Farm,Week3,227.0 Lakevale Estates - 175.0 Ravensworth Farm
Lake Braddock,Week2,Kent Gardens,Week3,294.0 Kent Gardens - 108.0 Lake Braddock
Lake Braddock,Week5,Hayfield Farm,Week5,285.0 Hayfield Farm - 117.0 Lake Braddock
Lake Braddock,Week3,Long Branch,Week5,249.0 Long Branch - 153.0 Lake Braddock
Lake Braddock,Week2,Sully Station,Week1,337.0 Sully Station - 64.0 Lake Braddock
Lake Braddock,Week2,Mansion House,Week2,305.0 Mansion House - 97.0 Lake Braddock
Lake Braddock,Week3,Ilda Community,Week2,216.0 Ilda Community - 186.0 Lake Braddock
Lakevale Estates,Week4,Arlington Forest,Week4,281.0 Lakevale Estates - 121.0 Arlington Forest
Lake Braddock,Week4,Hayfield Farm,Week4,317.0 Hayfield Farm - 85.0 Lake Braddock
Lake Braddock,Week5,Long Branch,Week5,251.0 Long Branch - 151.0 Lake Braddock
Lake Braddock,Week2,Ilda Community,Week4,228.0 Ilda Community - 174.0 Lake Braddock
Lakevale Estates,Week4,Annandale,Week5,332.0 Lakevale Estates - 70.0 Annandale
Lake Braddock,Week1,Herndon,Week4,218.0 Lake Braddock - 184.0 Herndon
Lake Braddock,Week3,Ilda Community,Week3,208.0 Ilda Community - 194.0 Lake Braddock
Lakevale Estates,Week2,Ravensworth Farm,Week4,229.0 Lakevale Estates - 173.0 Ravensworth Farm
Lake Braddock,Week4,Sully Station,Week2,323.0 Sully Station - 79.0 Lake Braddock
Lake Braddock,Week3,Ilda Community,Week4,245.0 Ilda Community - 157.0 Lake Braddock
Lake Braddock,Week1,Sully Station,Week1,350.0 Sully Station - 51.0 Lake Braddock
Lakevale Estates,Week3,Ravensworth Farm,Week3,221.0 Lakevale Estates - 181.0 Ravensworth Farm
Lake Braddock,Week3,Long Branch,Week4,254.0 Long Branch - 148.0 Lake Braddock
Lake Braddock,Week2,Mansion House,Week3,323.0 Mansion House - 79.0 Lake Braddock
Lake Braddock,Week5,Hayfield Farm,Week2,288.0 Hayfield Farm - 114.0 Lake Braddock
Lake Braddock,Week3,Ilda Community,Week5,218.0 Ilda Community - 184.0 Lake Braddock
Lake Braddock,Week5,Long Branch,Week1,249.0 Long Branch - 153.0 Lake Braddock
Lakevale Estates,Week3,Ravensworth Farm,Week4,224.0 Lakevale Estates - 178.0 Ravensworth Farm
Lakevale Estates,Week4,Arlington Forest,Week5,260.0 Lakevale Estates - 142.0 Arlington Forest
Lakevale Estates,Week5,Poplar Tree,Week2,246.0 Lakevale Estates - 156.0 Poplar Tree
Lakevale Estates,Week3,Arlington Forest,Week5,236.0 Lakevale Estates - 161.0 Arlington Forest
Lake Braddock,Week1,Herndon,Week3,214.5 Lake Braddock - 181.5 Herndon
Lake Braddock,Week4,Ilda Community,Week5,215.0 Ilda Community - 186.0 Lake Braddock
Lake Braddock,Week4,Hayfield Farm,Week1,297.0 Hayfield Farm - 105.0 Lake Braddock
Lake Braddock,Week3,Long Branch,Week3,229.0 Long Branch - 172.0 Lake Braddock
Lakevale Estates,Week3,Ravensworth Farm,Week1,224.0 Lakevale Estates - 178.0 Ravensworth Farm
Lakevale Estates,Week4,Poplar Tree,Week3,233.0 Lakevale Estates - 169.0 Poplar Tree
Lakevale Estates,Week5,Arlington Forest,Week3,303.0 Lakevale Estates - 99.0 Arlington Forest
Lake Braddock,Week5,Sully Station,Week5,337.0 Sully Station - 65.0 Lake Braddock
Lake Braddock,Week5,Ilda Community,Week2,203.0 Ilda Community - 199.0 Lake Braddock
Lakevale Estates,Week1,Ravensworth Farm,Week3,214.0 Lakevale Estates - 188.0 Ravensworth Farm
Lake Braddock,Week4,Sully Station,Week3,327.0 Sully Station - 75.0 Lake Braddock
Lake Braddock,Week3,Sully Station,Week3,325.0 Sully Station - 77.0 Lake Braddock
Lakevale Estates,Week1,Arlington Forest,Week3,269.0 Lakevale Estates - 133.0 Arlington Forest
Lake Braddock,Week1,Herndon,Week2,219.0 Lake Braddock - 183.0 Herndon
Lake Braddock,Week2,Sully Station,Week4,338.0 Sully Station - 64.0 Lake Braddock
Lakevale Estates,Week3,Annandale,Week3,316.0 Lakevale Estates - 76.0 Annandale
Lakevale Estates,Week4,Ravensworth Farm,Week2,274.0 Lakevale Estates - 128.0 Ravensworth Farm
Lake Braddock,Week5,Kent Gardens,Week2,279.0 Kent Gardens - 123.0 Lake Braddock
Lake Braddock,Week4,Long Branch,Week1,249.0 Long Branch - 153.0 Lake Braddock
Lakevale Estates,Week5,Ravensworth Farm,Week1,251.0 Lakevale Estates - 151.0 Ravensworth Farm
Lakevale Estates,Week4,Arlington Forest,Week3,305.0 Lakevale Estates - 97.0 Arlington Forest
Lakevale Estates,Week2,Arlington Forest,Week1,281.0 Lakevale Estates - 121.0 Arlington Forest
Lake Braddock,Week3,Sully Station II,Week5,348.0 Sully Station II - 54.0 Lake Braddock
Lake Braddock,Week2,Sully Station II,Week2,345.0 Sully Station II - 57.0 Lake Braddock
Lake Braddock,Week1,Kings Ridge ,Week4,261.0 Kings Ridge - 141.0 Lake Braddock
Lake Braddock,Week2,Mansion House,Week5,324.0 Mansion House - 78.0 Lake Braddock
Lakevale Estates,Week4,Ravensworth Farm,Week4,244.5 Lakevale Estates - 157.5 Ravensworth Farm
Lakevale Estates,Week1,Ravensworth Farm,Week2,246.5 Lakevale Estates - 155.5 Ravensworth Farm
Lakevale Estates,Week3,Ravensworth Farm,Week5,227.0 Lakevale Estates - 175.0 Ravensworth Farm
Lake Braddock,Week3,Kent Gardens,Week3,283.5 Kent Gardens - 118.5 Lake Braddock
Lakevale Estates,Week1,Arlington Forest,Week1,258.0 Lakevale Estates - 139.0 Arlington Forest
Lake Braddock,Week2,Mansion House,Week1,310.0 Mansion House - 92.0 Lake Braddock
Lake Braddock,Week2,Mansion House,Week4,290.0 Mansion House - 111.0 Lake Braddock
Lakevale Estates,Week5,Ravensworth Farm,Week3,262.0 Lakevale Estates - 140.0 Ravensworth Farm
Lake Braddock,Week3,Sully Station II,Week2,345.0 Sully Station II - 57.0 Lake Braddock
Lake Braddock,Week1,Sully Station,Week3,342.0 Sully Station - 60.0 Lake Braddock
Lake Braddock,Week2,Kings Ridge ,Week3,229.0 Kings Ridge - 172.0 Lake Braddock
Lake Braddock,Week4,Sully Station II,Week2,347.0 Sully Station II - 55.0 Lake Braddock
Lakevale Estates,Week2,Arlington Forest,Week4,259.0 Lakevale Estates - 143.0 Arlington Forest
Lakevale Estates,Week5,Ravensworth Farm,Week2,267.0 Lakevale Estates - 135.0 Ravensworth Farm
Lake Braddock,Week2,Kings Ridge ,Week1,222.0 Kings Ridge - 180.0 Lake Braddock
Lake Braddock,Week1,Mansion House,Week4,308.0 Mansion House - 94.0 Lake Braddock
Lake Braddock,Week1,Sully Station,Week4,351.0 Sully Station - 51.0 Lake Braddock
Lake Braddock,Week5,Long Branch,Week2,230.0 Long Branch - 172.0 Lake Braddock
Lakevale Estates,Week4,Ravensworth Farm,Week1,252.0 Lakevale Estates - 150.0 Ravensworth Farm
Lake Braddock,Week5,Kent Gardens,Week3,275.0 Kent Gardens - 127.0 Lake Braddock
Lakevale Estates,Week5,Annandale,Week2,328.0 Lakevale Estates - 74.0 Annandale
Lake Braddock,Week1,Herndon,Week5,217.0 Lake Braddock - 185.0 Herndon
Lakevale Estates,Week4,Annandale,Week3,330.0 Lakevale Estates - 72.0 Annandale
Lake Braddock,Week1,Mansion House,Week5,333.5 Mansion House - 68.5 Lake Braddock
Lake Braddock,Week3,Hayfield Farm,Week5,302.0 Hayfield Farm - 100.0 Lake Braddock
Lakevale Estates,Week3,Arlington Forest,Week2,275.0 Lakevale Estates - 122.0 Arlington Forest
Lake Braddock,Week1,Mansion House,Week1,325.0 Mansion House - 77.0 Lake Braddock
Lake Braddock,Week2,Sully Station II,Week5,350.0 Sully Station II - 52.0 Lake Braddock
Lake Braddock,Week5,Ilda Community,Week3,203.0 Ilda Community - 199.0 Lake Braddock
Lakevale Estates,Week3,Annandale,Week5,314.0 Lakevale Estates - 88.0 Annandale
Lakevale Estates,Week4,Riverside Gardens,Week2,246.0 Lakevale Estates - 156.0 Riverside Gardens
Lakevale Estates,Week1,Riverside Gardens,Week1,203.0 Lakevale Estates - 199.0 Riverside Gardens
Lake Braddock,Week4,Kings Ridge ,Week1,215.0 Kings Ridge - 187.0 Lake Braddock
Lake Braddock,Week5,Stratford,Week5,247.0 Stratford - 155.0 Lake Braddock
Lakevale Estates,Week5,Annandale,Week1,331.0 Lakevale Estates - 71.0 Annandale
Lake Braddock,Week4,Long Branch,Week3,235.0 Long Branch - 167.0 Lake Braddock
Lake Braddock,Week1,Sully Station,Week5,358.0 Sully Station - 44.0 Lake Braddock
Lakevale Estates,Week3,Riverside Gardens,Week1,217.0 Lakevale Estates - 185.0 Riverside Gardens
Lakevale Estates,Week1,Arlington Forest,Week2,258.0 Lakevale Estates - 144.0 Arlington Forest
Lake Braddock,Week1,Mansion House,Week2,319.0 Mansion House - 83.0 Lake Braddock
Lake Braddock,Week2,Sully Station,Week5,341.0 Sully Station - 61.0 Lake Braddock
Lake Braddock,Week3,Kent Gardens,Week1,314.0 Kent Gardens - 88.0 Lake Braddock
Lake Braddock,Week4,Kent Gardens,Week2,279.0 Kent Gardens - 123.0 Lake Braddock
Lake Braddock,Week1,Kings Ridge ,Week2,231.0 Kings Ridge - 171.0 Lake Braddock
Lakevale Estates,Week3,Riverside Gardens,Week4,202.0 Lakevale Estates - 200.0 Riverside Gardens
Lake Braddock,Week5,Long Branch,Week3,226.0 Long Branch - 176.0 Lake Braddock
Lake Braddock,Week3,Kent Gardens,Week4,282.0 Kent Gardens - 120.0 Lake Braddock
Lakevale Estates,Week4,Annandale,Week4,347.0 Lakevale Estates - 55.0 Annandale
Lake Braddock,Week2,Sully Station,Week3,324.0 Sully Station - 77.0 Lake Braddock
Lakevale Estates,Week1,Arlington Forest,Week4,243.0 Lakevale Estates - 159.0 Arlington Forest
Lakevale Estates,Week1,Rolling Forest,Week3,246.0 Lakevale Estates - 156.0 Rolling Forest
Lakevale Estates,Week3,Arlington Forest,Week4,256.0 Lakevale Estates - 146.0 Arlington Forest
Lakevale Estates,Week3,Arlington Forest,Week1,276.0 Lakevale Estates - 121.0 Arlington Forest
Lake Braddock,Week3,Sully Station,Week4,338.0 Sully Station - 64.0 Lake Braddock
Lakevale Estates,Week1,Arlington Forest,Week5,229.0 Lakevale Estates - 173.0 Arlington Forest
Lakevale Estates,Week1,Riverside Gardens,Week4,201.0 Lakevale Estates - 201.0 Riverside Gardens
Lake Braddock,Week5,Kent Gardens,Week1,305.0 Kent Gardens - 97.0 Lake Braddock
Lakevale Estates,Week2,Arlington Forest,Week3,293.0 Lakevale Estates - 109.0 Arlington Forest
Lake Braddock,Week5,Kent Gardens,Week5,315.0 Kent Gardens - 87.0 Lake Braddock
Lake Braddock,Week3,Sully Station,Week2,315.0 Sully Station - 87.0 Lake Braddock
Lake Braddock,Week1,Kings Ridge ,Week5,264.0 Kings Ridge - 138.0 Lake Braddock
Lake Braddock,Week4,Sully Station,Week1,334.0 Sully Station - 68.0 Lake Braddock
Lakevale Estates,Week1,Rolling Forest,Week4,265.0 Lakevale Estates - 137.0 Rolling Forest
Lakevale Estates,Week5,Annandale,Week4,341.0 Lakevale Estates - 61.0 Annandale
Lakevale Estates,Week1,Rolling Forest,Week5,238.0 Lakevale Estates - 164.0 Rolling Forest
Lake Braddock,Week4,Sully Station,Week4,341.0 Sully Station - 61.0 Lake Braddock
Lakevale Estates,Week4,Riverside Gardens,Week4,227.0 Lakevale Estates - 175.0 Riverside Gardens
Lake Braddock,Week5,Sully Station,Week4,329.0 Sully Station - 73.0 Lake Braddock
Lake Braddock,Week1,Sully Station II,Week1,326.5 Sully Station II - 75.5 Lake Braddock
Lakevale Estates,Week5,Annandale,Week3,330.0 Lakevale Estates - 72.0 Annandale
Lake Braddock,Week2,Kings Ridge ,Week4,236.0 Kings Ridge - 166.0 Lake Braddock
Lake Braddock,Week2,Kings Ridge ,Week2,217.0 Kings Ridge - 183.0 Lake Braddock
Lakevale Estates,Week3,Annandale,Week4,330.0 Lakevale Estates - 72.0 Annandale
Lake Braddock,Week5,Sully Station,Week2,318.0 Sully Station - 84.0 Lake Braddock
Lake Braddock,Week3,Sully Station,Week1,336.0 Sully Station - 66.0 Lake Braddock
Lakevale Estates,Week3,Arlington Forest,Week3,286.0 Lakevale Estates - 116.0 Arlington Forest
Lakevale Estates,Week2,Arlington Forest,Week5,233.0 Lakevale Estates - 169.0 Arlington Forest
Lake Braddock,Week2,Kings Ridge ,Week5,233.0 Kings Ridge - 169.0 Lake Braddock
Lake Braddock,Week2,Kent Gardens,Week4,290.0 Kent Gardens - 112.0 Lake Braddock
Lakevale Estates,Week2,Rolling Forest,Week1,284.0 Lakevale Estates - 118.0 Rolling Forest
Lake Braddock,Week4,Kent Gardens,Week3,285.0 Kent Gardens - 117.0 Lake Braddock
Lake Braddock,Week5,Sully Station,Week3,324.0 Sully Station - 77.0 Lake Braddock
Lake Braddock,Week4,Sully Station,Week5,346.0 Sully Station - 56.0 Lake Braddock
Lakevale Estates,Week5,Riverside Gardens,Week5,220.0 Lakevale Estates - 182.0 Riverside Gardens
Lakevale Estates,Week2,Riverside Gardens,Week1,205.0 Lakevale Estates - 197.0 Riverside Gardens
Lake Braddock,Week3,Kent Gardens,Week2,288.5 Kent Gardens - 113.5 Lake Braddock
Lakevale Estates,Week4,Riverside Gardens,Week5,226.0 Lakevale Estates - 176.0 Riverside Gardens
Lakevale Estates,Week1,Rolling Forest,Week1,254.0 Lakevale Estates - 148.0 Rolling Forest
Lakevale Estates,Week4,Arlington Forest,Week1,295.0 Lakevale Estates - 107.0 Arlington Forest
Lakevale Estates,Week1,Riverside Gardens,Week3,204.0 Lakevale Estates - 198.0 Riverside Gardens
Lake Braddock,Week4,Kent Gardens,Week4,284.0 Kent Gardens - 118.0 Lake Braddock
Lakevale Estates,Week4,Brandywine,Week1,288.0 Lakevale Estates - 114.0 Brandywine
Lakevale Estates,Week1,Riverside Gardens,Week5,204.0 Riverside Gardens - 198.0 Lakevale Estates
Lake Braddock,Week1,Sully Station II,Week3,354.0 Sully Station II - 48.0 Lake Braddock
Lake Braddock,Week2,Kent Gardens,Week5,325.0 Kent Gardens - 77.0 Lake Braddock
Lakevale Estates,Week2,Riverside Gardens,Week2,227.0 Lakevale Estates - 175.0 Riverside Gardens
Lake Braddock,Week2,Sully Station II,Week4,325.0 Sully Station II - 77.0 Lake Braddock
Lakevale Estates,Week2,Riverside Gardens,Week4,207.0 Riverside Gardens - 195.0 Lakevale Estates
Lake Braddock,Week3,Sully Station II,Week1,312.0 Sully Station II - 90.0 Lake Braddock
Lakevale Estates,Week4,Arlington Forest,Week2,294.0 Lakevale Estates - 108.0 Arlington Forest
Lake Braddock,Week1,Kings Ridge ,Week3,254.0 Kings Ridge - 148.0 Lake Braddock
Lake Braddock,Week1,Sully Station II,Week2,350.0 Sully Station II - 52.0 Lake Braddock
Lakevale Estates,Week5,Riverside Gardens,Week1,250.0 Lakevale Estates - 152.0 Riverside Gardens
Lakevale Estates,Week2,Brandywine,Week3,251.0 Lakevale Estates - 151.0 Brandywine
Lake Braddock,Week4,Kent Gardens,Week1,319.0 Kent Gardens - 83.0 Lake Braddock
Lake Braddock,Week5,Kent Gardens,Week4,271.0 Kent Gardens - 131.0 Lake Braddock
Lake Braddock,Week1,Sully Station II,Week4,336.0 Sully Station II - 66.0 Lake Braddock
Lake Braddock,Week3,Kings Ridge ,Week2,204.0 Kings Ridge - 197.0 Lake Braddock
Lake Braddock,Week3,Kings Ridge ,Week3,223.0 Kings Ridge - 179.0 Lake Braddock
Lakevale Estates,Week5,Arlington Forest,Week1,297.0 Lakevale Estates - 105.0 Arlington Forest
Lakevale Estates,Week3,Brandywine,Week5,230.0 Lakevale Estates - 172.0 Brandywine
Lake Braddock,Week2,Sully Station II,Week3,342.0 Sully Station II - 60.0 Lake Braddock
Lake Braddock,Week1,Sully Station II,Week5,363.5 Sully Station II - 38.5 Lake Braddock
Lake Braddock,Week4,Kent Gardens,Week5,328.0 Kent Gardens - 74.0 Lake Braddock
Lakevale Estates,Week1,Riverside Gardens,Week2,220.0 Lakevale Estates - 182.0 Riverside Gardens
Lake Braddock,Week3,Kent Gardens,Week5,331.0 Kent Gardens - 71.0 Lake Braddock
Lakevale Estates,Week4,Riverside Gardens,Week3,229.0 Lakevale Estates - 173.0 Riverside Gardens
Lakevale Estates,Week5,Arlington Forest,Week2,293.0 Lakevale Estates - 109.0 Arlington Forest
Lake Braddock,Week2,Sully Station II,Week1,312.0 Sully Station II - 89.0 Lake Braddock
Lakevale Estates,Week3,Brandywine,Week4,258.5 Lakevale Estates - 143.5 Brandywine
Lakevale Estates,Week3,Brandywine,Week3,265.0 Lakevale Estates - 132.0 Brandywine
Lake Braddock,Week1,Kings Ridge ,Week1,243.5 Kings Ridge - 158.5 Lake Braddock
Lakevale Estates,Week5,Ravensworth Farm,Week5,254.0 Lakevale Estates - 148.0 Ravensworth Farm
Lakevale Estates,Week3,Riverside Gardens,Week5,208.0 Lakevale Estates - 194.0 Riverside Gardens
Lakevale Estates,Week4,Brandywine,Week4,263.0 Lakevale Estates - 139.0 Brandywine
Lakevale Estates,Week3,Riverside Gardens,Week3,210.0 Lakevale Estates - 192.0 Riverside Gardens
Lake Braddock,Week3,Sully Station II,Week3,346.0 Sully Station II - 56.0 Lake Braddock
Lake Braddock,Week3,Kings Ridge ,Week1,208.0 Kings Ridge - 194.0 Lake Braddock
Lake Braddock,Week3,Sully Station II,Week4,318.0 Sully Station II - 84.0 Lake Braddock
Lake Braddock,Week5,Kings Ridge ,Week4,209.0 Kings Ridge - 193.0 Lake Braddock
Lakevale Estates,Week3,Brandywine,Week1,274.0 Lakevale Estates - 128.0 Brandywine
Lake Braddock,Week4,Sully Station II,Week3,351.0 Sully Station II - 51.0 Lake Braddock
Lakevale Estates,Week2,Brandywine,Week4,249.0 Lakevale Estates - 153.0 Brandywine
Lakevale Estates,Week1,Brandywine,Week2,276.0 Lakevale Estates - 126.0 Brandywine
Lakevale Estates,Week2,Brandywine,Week5,227.0 Lakevale Estates - 175.0 Brandywine
Lake Braddock,Week4,Sully Station II,Week1,319.0 Sully Station II - 83.0 Lake Braddock
Lake Braddock,Week5,Kings Ridge ,Week1,204.0 Lake Braddock - 198.0 Kings Ridge
Lake Braddock,Week3,Kings Ridge ,Week4,235.0 Kings Ridge - 167.0 Lake Braddock
Lake Braddock,Week5,Sully Station II,Week2,331.0 Sully Station II - 71.0 Lake Braddock
Lake Braddock,Week4,Sully Station II,Week4,324.0 Sully Station II - 78.0 Lake Braddock
Lakevale Estates,Week4,Riverside Gardens,Week1,250.0 Lakevale Estates - 152.0 Riverside Gardens
Lake Braddock,Week1,Lake Braddock,Week5,256.0 Lake Braddock (LB2) - 146.0 Lake Braddock (LB1)
Lakevale Estates,Week5,Riverside Gardens,Week2,251.0 Lakevale Estates - 151.0 Riverside Gardens
Lake Braddock,Week3,Kings Ridge ,Week5,238.0 Kings Ridge - 164.0 Lake Braddock
Lakevale Estates,Week2,Riverside Gardens,Week5,219.0 Riverside Gardens - 183.0 Lakevale Estates
Lakevale Estates,Week2,Brandywine,Week1,261.0 Lakevale Estates - 141.0 Brandywine
Lakevale Estates,Week2,Riverside Gardens,Week3,202.0 Riverside Gardens - 200.0 Lakevale Estates
Lakevale Estates,Week3,Riverside Gardens,Week2,233.0 Lakevale Estates - 169.0 Riverside Gardens
Lake Braddock,Week5,Sully Station II,Week1,301.0 Sully Station II - 100.0 Lake Braddock
Lake Braddock,Week4,Sully Station II,Week5,355.0 Sully Station II - 47.0 Lake Braddock
Lakevale Estates,Week2,Rolling Hills,Week1,293.0 Lakevale Estates - 109.0 Rolling Hills
Lakevale Estates,Week4,Brandywine,Week2,296.0 Lakevale Estates - 106.0 Brandywine
Lake Braddock,Week5,Kings Ridge ,Week5,215.0 Kings Ridge - 187.0 Lake Braddock
Lakevale Estates,Week2,Rolling Hills,Week4,295.5 Lakevale Estates - 106.5 Rolling Hills
Lake Braddock,Week5,Kings Ridge ,Week2,218.0 Lake Braddock - 182.0 Kings Ridge
Lakevale Estates,Week1,Rolling Forest,Week2,265.0 Lakevale Estates - 137.0 Rolling Forest
Lakevale Estates,Week4,Brandywine,Week5,250.0 Lakevale Estates - 152.0 Brandywine
Lake Braddock,Week1,Truro,Week1,263.0 Truro - 139.0 Lake Braddock
Lake Braddock,Week5,Sully Station II,Week5,345.0 Sully Station II - 57.0 Lake Braddock
Lake Braddock,Week3,Lake Braddock,Week5,233.0 Lake Braddock (LB2) - 168.0 Lake Braddock (LB1)
Lakevale Estates,Week5,Riverside Gardens,Week3,232.0 Lakevale Estates - 170.0 Riverside Gardens
Lake Braddock,Week5,Sully Station II,Week4,306.0 Sully Station II - 96.0 Lake Braddock
Lakevale Estates,Week1,Brandywine,Week5,222.0 Lakevale Estates - 180.0 Brandywine
Lakevale Estates,Week5,Riverside Gardens,Week4,227.0 Lakevale Estates - 175.0 Riverside Gardens
Lake Braddock,Week3,Lake Braddock,Week3,200.0 Lake Braddock (LB1) - 200.0 Lake Braddock (LB2)
Lakevale Estates,Week1,Rolling Hills,Week3,275.0 Lakevale Estates - 127.0 Rolling Hills
Lakevale Estates,Week1,Brandywine,Week4,252.0 Lakevale Estates - 150.0 Brandywine
Lakevale Estates,Week5,Brandywine,Week4,282.0 Lakevale Estates - 120.0 Brandywine
Lakevale Estates,Week5,Rolling Forest,Week5,282.0 Lakevale Estates - 120.0 Rolling Forest
Lakevale Estates,Week4,Rolling Forest,Week2,299.0 Lakevale Estates - 103.0 Rolling Forest
Lakevale Estates,Week5,Brandywine,Week3,284.0 Lakevale Estates - 118.0 Brandywine
Lake Braddock,Week4,Lake Braddock,Week3,202.0 Lake Braddock (LB2) - 199.0 Lake Braddock (LB1)
Lakevale Estates,Week1,Rolling Hills,Week5,273.0 Lakevale Estates - 129.0 Rolling Hills
Lakevale Estates,Week5,Brandywine,Week2,290.0 Lakevale Estates - 112.0 Brandywine
Lake Braddock,Week4,Kings Ridge ,Week2,213.0 Kings Ridge - 188.0 Lake Braddock
Lake Braddock,Week5,Sully Station II,Week3,345.0 Sully Station II - 57.0 Lake Braddock
Lake Braddock,Week2,Lake Braddock,Week3,207.0 Lake Braddock (LB1) - 194.0 Lake Braddock (LB2)
Lake Braddock,Week4,Kings Ridge ,Week5,231.0 Kings Ridge - 171.0 Lake Braddock
Lakevale Estates,Week5,Brandywine,Week5,257.0 Lakevale Estates - 145.0 Brandywine
Lake Braddock,Week1,Lake Braddock,Week4,232.0 Lake Braddock (LB2) - 170.0 Lake Braddock (LB1)
Lake Braddock,Week2,Lake Braddock,Week5,232.0 Lake Braddock (LB2) - 168.0 Lake Braddock (LB1)
Lake Braddock,Week4,Lake Braddock,Week1,232.0 Lake Braddock (LB1) - 170.0 Lake Braddock (LB2)
Lakevale Estates,Week3,Brandywine,Week2,278.0 Lakevale Estates - 124.0 Brandywine
Lake Braddock,Week1,Truro,Week2,250.0 Truro - 148.0 Lake Braddock
Lakevale Estates,Week5,Brandywine,Week1,292.0 Lakevale Estates - 110.0 Brandywine
Lakevale Estates,Week5,Arlington Forest,Week5,245.0 Lakevale Estates - 157.0 Arlington Forest
Lakevale Estates,Week2,Rolling Hills,Week5,292.0 Lakevale Estates - 110.0 Rolling Hills
Lakevale Estates,Week2,Rolling Hills,Week2,284.0 Lakevale Estates - 118.0 Rolling Hills
Lake Braddock,Week2,Lake Braddock,Week1,236.0 Lake Braddock (LB1) - 166.0 Lake Braddock (LB2)
Lakevale Estates,Week2,Rolling Forest,Week2,293.0 Lakevale Estates - 109.0 Rolling Forest
Lake Braddock,Week1,Lake Braddock,Week3,244.0 Lake Braddock (LB2) - 158.0 Lake Braddock (LB1)
Lake Braddock,Week4,Kings Ridge ,Week4,241.0 Kings Ridge - 161.0 Lake Braddock
Lakevale Estates,Week4,Rolling Hills,Week2,302.0 Lakevale Estates - 100.0 Rolling Hills
Lake Braddock,Week5,Kings Ridge ,Week3,214.0 Kings Ridge - 188.0 Lake Braddock
Lakevale Estates,Week1,Bren Mar-Edsall Park,Week1,374.0 Lakevale Estates - 28.0 Bren Mar-Edsall Park
Lakevale Estates,Week2,Rolling Forest,Week4,284.0 Lakevale Estates - 118.0 Rolling Forest
Lakevale Estates,Week5,Rolling Forest,Week2,288.5 Lakevale Estates - 113.5 Rolling Forest
Lake Braddock,Week4,Lake Braddock,Week5,226.0 Lake Braddock (LB2) - 175.0 Lake Braddock (LB1)
Lakevale Estates,Week3,Rolling Forest,Week2,281.0 Lakevale Estates - 121.0 Rolling Forest
Lakevale Estates,Week2,Brookfield ,Week2,277.0 Lakevale Estates - 125.0 Brookfield
Lakevale Estates,Week1,Brandywine,Week1,267.0 Lakevale Estates - 135.0 Brandywine
Lakevale Estates,Week1,Rolling Hills,Week1,270.0 Lakevale Estates - 132.0 Rolling Hills
Lakevale Estates,Week4,Brandywine,Week3,275.0 Lakevale Estates - 126.0 Brandywine
Lakevale Estates,Week1,Brookfield ,Week2,275.0 Lakevale Estates - 127.0 Brookfield
Lakevale Estates,Week4,Bren Mar-Edsall Park,Week5,373.0 Lakevale Estates - 29.0 Bren Mar-Edsall Park
Lakevale Estates,Week2,Bren Mar-Edsall Park,Week5,366.0 Lakevale Estates - 36.0 Bren Mar-Edsall Park
Lake Braddock,Week1,Lake Braddock,Week1,197.5 Lake Braddock (LB1) - 197.5 Lake Braddock (LB2)
Lakevale Estates,Week3,Rolling Forest,Week4,280.0 Lakevale Estates - 122.0 Rolling Forest
Lakevale Estates,Week3,Bren Mar-Edsall Park,Week5,363.0 Lakevale Estates - 29.0 Bren Mar-Edsall Park
Lakevale Estates,Week3,Rolling Forest,Week1,273.0 Lakevale Estates - 129.0 Rolling Forest
Lake Braddock,Week2,Lake Braddock,Week2,200.0 Lake Braddock (LB1) - 200.0 Lake Braddock (LB2)
Lakevale Estates,Week1,Brandywine,Week3,229.0 Lakevale Estates - 168.0 Brandywine
Lake Braddock,Week1,Lake Braddock,Week2,236.0 Lake Braddock (LB2) - 166.0 Lake Braddock (LB1)
Lakevale Estates,Week2,Rolling Forest,Week3,268.0 Lakevale Estates - 134.0 Rolling Forest
Lakevale Estates,Week2,Brookfield ,Week4,265.0 Lakevale Estates - 137.0 Brookfield
Lakevale Estates,Week2,Bren Mar-Edsall Park,Week1,381.0 Lakevale Estates - 21.0 Bren Mar-Edsall Park
Lake Braddock,Week4,Kings Ridge ,Week3,223.0 Kings Ridge - 178.0 Lake Braddock
Lakevale Estates,Week4,Rolling Forest,Week5,277.0 Lakevale Estates - 125.0 Rolling Forest
Lakevale Estates,Week2,Brandywine,Week2,256.0 Lakevale Estates - 146.0 Brandywine
Lake Braddock,Week5,Lake Braddock,Week1,256.0 Lake Braddock (LB1) - 146.0 Lake Braddock (LB2)
Lakevale Estates,Week4,Rolling Forest,Week3,288.0 Lakevale Estates - 114.0 Rolling Forest
Lakevale Estates,Week4,Bren Mar-Edsall Park,Week3,374.0 Lakevale Estates - 28.0 Bren Mar-Edsall Park
Lakevale Estates,Week5,Rolling Forest,Week1,295.0 Lakevale Estates - 107.0 Rolling Forest
Lake Braddock,Week2,Lake Braddock,Week4,210.5 Lake Braddock (LB1) - 190.5 Lake Braddock (LB2)
Lakevale Estates,Week4,Rolling Forest,Week1,290.0 Lakevale Estates - 112.0 Rolling Forest
Lakevale Estates,Week5,Arlington Forest,Week4,280.0 Lakevale Estates - 122.0 Arlington Forest
Lake Braddock,Week5,Lake Braddock,Week2,232.0 Lake Braddock (LB1) - 168.0 Lake Braddock (LB2)
Lake Braddock,Week4,Lake Braddock,Week4,200.5 Lake Braddock (LB1) - 200.5 Lake Braddock (LB2)
Lakevale Estates,Week3,Rolling Forest,Week5,259.0 Lakevale Estates - 143.0 Rolling Forest
Lakevale Estates,Week4,Rolling Forest,Week4,298.0 Lakevale Estates - 104.0 Rolling Forest
Lake Braddock,Week4,Lakevale Estates,Week2,351.0 Lakevale Estates - 51.0 Lake Braddock
Lake Braddock,Week4,Lake Braddock,Week2,210.5 Lake Braddock (LB2) - 190.5 Lake Braddock (LB1)
Lakevale Estates,Week1,Bren Mar-Edsall Park,Week5,367.0 Lakevale Estates - 30.0 Bren Mar-Edsall Park
Lakevale Estates,Week5,Rolling Forest,Week4,297.5 Lakevale Estates - 104.5 Rolling Forest
Lake Braddock,Week3,Lake Braddock,Week1,244.0 Lake Braddock (LB1) - 158.0 Lake Braddock (LB2)
Lakevale Estates,Week2,Bren Mar-Edsall Park,Week3,373.0 Lakevale Estates - 29.0 Bren Mar-Edsall Park
Lakevale Estates,Week1,Bren Mar-Edsall Park,Week4,372.0 Lakevale Estates - 30.0 Bren Mar-Edsall Park
Lake Braddock,Week2,Lakevale Estates,Week3,342.0 Lakevale Estates - 60.0 Lake Braddock
Lakevale Estates,Week5,Bren Mar-Edsall Park,Week2,374.0 Lakevale Estates - 28.0 Bren Mar-Edsall Park
Lakevale Estates,Week5,Bren Mar-Edsall Park,Week3,367.0 Lakevale Estates - 35.0 Bren Mar-Edsall Park
Lake Braddock,Week3,Lake Braddock,Week2,207.0 Lake Braddock (LB2) - 194.0 Lake Braddock (LB1)
Lakevale Estates,Week4,Bren Mar-Edsall Park,Week2,381.0 Lakevale Estates - 21.0 Bren Mar-Edsall Park
Lakevale Estates,Week1,Rolling Hills,Week2,275.0 Lakevale Estates - 127.0 Rolling Hills
Lake Braddock,Week3,Lake Braddock,Week4,202.0 Lake Braddock (LB1) - 199.0 Lake Braddock (LB2)
Lakevale Estates,Week2,Rolling Forest,Week5,257.0 Lakevale Estates - 145.0 Rolling Forest
Lakevale Estates,Week3,Rolling Forest,Week3,266.0 Lakevale Estates - 136.0 Rolling Forest
Lakevale Estates,Week1,Bren Mar-Edsall Park,Week2,377.0 Lakevale Estates - 25.0 Bren Mar-Edsall Park
Lake Braddock,Week4,Lakevale Estates,Week1,333.0 Lakevale Estates - 69.0 Lake Braddock
Lakevale Estates,Week5,Rolling Forest,Week3,276.0 Lakevale Estates - 126.0 Rolling Forest
Lakevale Estates,Week1,Rolling Valley,Week2,324.0 Lakevale Estates - 78.0 Rolling Valley
Lake Braddock,Week2,Lakevale Estates,Week2,341.0 Lakevale Estates - 61.0 Lake Braddock
Lakevale Estates,Week3,Rolling Hills,Week1,294.0 Lakevale Estates - 108.0 Rolling Hills
Lakevale Estates,Week3,Bren Mar-Edsall Park,Week4,366.0 Lakevale Estates - 31.0 Bren Mar-Edsall Park
Lakevale Estates,Week3,Bren Mar-Edsall Park,Week1,370.0 Lakevale Estates - 32.0 Bren Mar-Edsall Park
Lakevale Estates,Week2,Rolling Hills,Week3,288.0 Lakevale Estates - 114.0 Rolling Hills
Lakevale Estates,Week2,Bren Mar-Edsall Park,Week2,376.5 Lakevale Estates - 25.5 Bren Mar-Edsall Park
Lake Braddock,Week3,Lakevale Estates,Week1,336.0 Lakevale Estates - 66.0 Lake Braddock
Lakevale Estates,Week1,Bren Mar-Edsall Park,Week3,369.0 Lakevale Estates - 28.0 Bren Mar-Edsall Park
Lakevale Estates,Week5,Bren Mar-Edsall Park,Week5,364.0 Lakevale Estates - 38.0 Bren Mar-Edsall Park
Lake Braddock,Week4,Lakevale Estates,Week3,341.0 Lakevale Estates - 61.0 Lake Braddock
Lakevale Estates,Week1,Rolling Valley,Week5,327.0 Lakevale Estates - 75.0 Rolling Valley
Lakevale Estates,Week5,Bren Mar-Edsall Park,Week4,367.0 Lakevale Estates - 35.0 Bren Mar-Edsall Park
Lakevale Estates,Week3,Rolling Hills,Week4,294.0 Lakevale Estates - 108.0 Rolling Hills
Lakevale Estates,Week3,Rolling Hills,Week3,302.0 Lakevale Estates - 95.0 Rolling Hills
Lake Braddock,Week2,Lakevale Estates,Week1,336.0 Lakevale Estates - 66.0 Lake Braddock
Lake Braddock,Week4,Lakevale Estates,Week5,346.0 Lakevale Estates - 56.0 Lake Braddock
Lakevale Estates,Week2,Bren Mar-Edsall Park,Week4,369.0 Lakevale Estates - 33.0 Bren Mar-Edsall Park
Lake Braddock,Week2,Lakevale Estates,Week5,347.0 Lakevale Estates - 55.0 Lake Braddock
Lake Braddock,Week1,Lakevale Estates,Week2,357.0 Lakevale Estates - 45.0 Lake Braddock
Lakevale Estates,Week3,Bren Mar-Edsall Park,Week3,367.0 Lakevale Estates - 30.0 Bren Mar-Edsall Park
Lakevale Estates,Week3,Bren Mar-Edsall Park,Week2,367.0 Lakevale Estates - 30.0 Bren Mar-Edsall Park
Lake Braddock,Week5,Lake Braddock,Week4,226.0 Lake Braddock (LB1) - 175.0 Lake Braddock (LB2)
Lakevale Estates,Week4,Bren Mar-Edsall Park,Week1,375.0 Lakevale Estates - 27.0 Bren Mar-Edsall Park
Lakevale Estates,Week2,Rolling Valley,Week3,332.0 Lakevale Estates - 70.0 Rolling Valley
Lake Braddock,Week5,Lake Braddock,Week5,200.0 Lake Braddock (LB1) - 200.0 Lake Braddock (LB2)
Lakevale Estates,Week3,Rolling Hills,Week2,295.0 Lakevale Estates - 107.0 Rolling Hills
Lakevale Estates,Week5,Bren Mar-Edsall Park,Week1,372.0 Lakevale Estates - 30.0 Bren Mar-Edsall Park
Lakevale Estates,Week4,Rolling Hills,Week4,303.0 Lakevale Estates - 99.0 Rolling Hills
Lakevale Estates,Week3,Rolling Hills,Week5,290.0 Lakevale Estates - 112.0 Rolling Hills
Lakevale Estates,Week4,Rolling Hills,Week1,318.0 Lakevale Estates - 84.0 Rolling Hills
Lakevale Estates,Week1,Brookfield ,Week1,269.0 Lakevale Estates - 133.0 Brookfield
Lake Braddock,Week1,Lakevale Estates,Week4,364.0 Lakevale Estates - 38.0 Lake Braddock
Lake Braddock,Week4,Lakevale Estates,Week4,358.0 Lakevale Estates - 44.0 Lake Braddock
Lake Braddock,Week5,Lake Braddock,Week3,233.0 Lake Braddock (LB1) - 168.0 Lake Braddock (LB2)
Lake Braddock,Week3,Lakevale Estates,Week5,348.0 Lakevale Estates - 54.0 Lake Braddock
Lakevale Estates,Week4,Rolling Valley,Week2,356.0 Lakevale Estates - 46.0 Rolling Valley
Lakevale Estates,Week4,Bren Mar-Edsall Park,Week4,381.0 Lakevale Estates - 21.0 Bren Mar-Edsall Park
Lakevale Estates,Week1,Rolling Hills,Week4,280.5 Lakevale Estates - 121.5 Rolling Hills
Lakevale Estates,Week3,Rolling Valley,Week1,363.0 Lakevale Estates - 39.0 Rolling Valley
Lake Braddock,Week2,Lakevale Estates,Week4,346.0 Lakevale Estates - 56.0 Lake Braddock
Lake Braddock,Week1,Lakevale Estates,Week1,345.0 Lakevale Estates - 57.0 Lake Braddock
Lakevale Estates,Week1,Brookfield ,Week4,254.0 Lakevale Estates - 148.0 Brookfield
Lake Braddock,Week3,Lakevale Estates,Week2,338.0 Lakevale Estates - 64.0 Lake Braddock
Lakevale Estates,Week2,Rolling Valley,Week5,334.0 Lakevale Estates - 68.0 Rolling Valley
Lakevale Estates,Week5,Rolling Hills,Week5,310.5 Lakevale Estates - 91.5 Rolling Hills
Lake Braddock,Week1,Lakevale Estates,Week5,358.0 Lakevale Estates - 44.0 Lake Braddock
Lake Braddock,Week1,Lakevale Estates,Week3,354.0 Lakevale Estates - 48.0 Lake Braddock
Lakevale Estates,Week4,Rolling Hills,Week3,309.0 Lakevale Estates - 93.0 Rolling Hills
Lakevale Estates,Week3,Rolling Valley,Week3,337.0 Lakevale Estates - 65.0 Rolling Valley
Lakevale Estates,Week1,Brookfield ,Week3,281.0 Lakevale Estates - 121.0 Brookfield
Lakevale Estates,Week1,Brookfield ,Week5,283.0 Lakevale Estates - 119.0 Brookfield
Lakevale Estates,Week2,Vienna Woods,Week2,247.0 Vienna Woods - 155.0 Lakevale Estates
Lakevale Estates,Week4,Rolling Valley,Week4,360.0 Lakevale Estates - 42.0 Rolling Valley
Lakevale Estates,Week5,Brookfield ,Week2,277.0 Lakevale Estates - 125.0 Brookfield
Lakevale Estates,Week3,Vienna Woods,Week3,250.0 Vienna Woods - 152.0 Lakevale Estates
Lakevale Estates,Week1,Broyhill Crest,Week2,386.0 Lakevale Estates - 16.0 Broyhill Crest
Lakevale Estates,Week2,Broyhill Crest,Week2,389.0 Lakevale Estates - 12.0 Broyhill Crest
Lakevale Estates,Week5,Rolling Hills,Week1,312.0 Lakevale Estates - 90.0 Rolling Hills
Lakevale Estates,Week4,Vienna Aquatic,Week3,219.0 Vienna Aquatic - 183.0 Lakevale Estates
Lakevale Estates,Week5,Rolling Hills,Week2,304.0 Lakevale Estates - 98.0 Rolling Hills
Lakevale Estates,Week2,Brookfield ,Week5,280.0 Lakevale Estates - 122.0 Brookfield
Lakevale Estates,Week5,Vienna Aquatic,Week4,206.0 Lakevale Estates - 196.0 Vienna Aquatic
Lakevale Estates,Week3,Brookfield ,Week4,274.0 Lakevale Estates - 128.0 Brookfield
Lakevale Estates,Week3,Rolling Valley,Week5,335.0 Lakevale Estates - 67.0 Rolling Valley
Lakevale Estates,Week2,Brookfield ,Week3,273.0 Lakevale Estates - 129.0 Brookfield
Lakevale Estates,Week5,Vienna Aquatic,Week3,204.0 Vienna Aquatic - 198.0 Lakevale Estates
Lakevale Estates,Week3,Rolling Valley,Week2,338.0 Lakevale Estates - 64.0 Rolling Valley
Lakevale Estates,Week2,Broyhill Crest,Week4,387.0 Lakevale Estates - 14.0 Broyhill Crest
Lakevale Estates,Week4,Vienna Aquatic,Week4,213.0 Lakevale Estates - 189.0 Vienna Aquatic
Lakevale Estates,Week4,Brookfield ,Week3,297.0 Lakevale Estates - 105.0 Brookfield
Lakevale Estates,Week4,Rolling Valley,Week5,353.0 Lakevale Estates - 49.0 Rolling Valley
Lake Braddock,Week3,Lakevale Estates,Week3,341.0 Lakevale Estates - 61.0 Lake Braddock
Lake Braddock,Week3,Lakevale Estates,Week4,352.0 Lakevale Estates - 50.0 Lake Braddock
Lakevale Estates,Week4,Rolling Valley,Week3,352.0 Lakevale Estates - 50.0 Rolling Valley
Lakevale Estates,Week3,Vienna Aquatic,Week4,214.0 Vienna Aquatic - 188.0 Lakevale Estates
Lakevale Estates,Week5,Brookfield ,Week4,272.5 Lakevale Estates - 129.5 Brookfield
Lakevale Estates,Week2,Brookfield ,Week1,257.0 Lakevale Estates - 145.0 Brookfield
Lakevale Estates,Week5,Rolling Hills,Week4,307.0 Lakevale Estates - 95.0 Rolling Hills
Lakevale Estates,Week1,Rolling Valley,Week4,333.0 Lakevale Estates - 69.0 Rolling Valley
Lakevale Estates,Week1,Vienna Woods,Week5,267.5 Vienna Woods - 134.5 Lakevale Estates
Lakevale Estates,Week4,Brookfield ,Week5,293.0 Lakevale Estates - 109.0 Brookfield
Lakevale Estates,Week4,Rolling Hills,Week5,309.0 Lakevale Estates - 93.0 Rolling Hills
Lakevale Estates,Week2,Broyhill Crest,Week5,378.0 Lakevale Estates - 24.0 Broyhill Crest
Lakevale Estates,Week3,Broyhill Crest,Week2,383.0 Lakevale Estates - 19.0 Broyhill Crest
Lakevale Estates,Week2,Vienna Woods,Week5,275.0 Vienna Woods - 127.0 Lakevale Estates
Lakevale Estates,Week5,Vienna Woods,Week4,214.0 Vienna Woods - 188.0 Lakevale Estates
Lakevale Estates,Week2,Rolling Valley,Week4,335.0 Lakevale Estates - 67.0 Rolling Valley
Lakevale Estates,Week1,Vienna Woods,Week1,249.5 Vienna Woods - 152.5 Lakevale Estates
Lakevale Estates,Week3,Brookfield ,Week1,275.0 Lakevale Estates - 127.0 Brookfield
Lakevale Estates,Week3,Brookfield ,Week2,292.0 Lakevale Estates - 110.0 Brookfield
Lakevale Estates,Week2,Vienna Woods,Week4,231.0 Vienna Woods - 171.0 Lakevale Estates
Lakevale Estates,Week1,Rolling Valley,Week1,365.0 Lakevale Estates - 37.0 Rolling Valley
Lakevale Estates,Week3,Vienna Woods,Week5,262.0 Vienna Woods - 140.0 Lakevale Estates
Lakevale Estates,Week2,Rolling Valley,Week1,370.0 Lakevale Estates - 32.0 Rolling Valley
Lakevale Estates,Week5,Rolling Hills,Week3,295.0 Lakevale Estates - 107.0 Rolling Hills
Lakevale Estates,Week2,Rolling Valley,Week2,337.0 Lakevale Estates - 65.0 Rolling Valley
Lakevale Estates,Week1,Broyhill Crest,Week4,382.0 Lakevale Estates - 20.0 Broyhill Crest
Lakevale Estates,Week3,Broyhill Crest,Week1,380.0 Lakevale Estates - 22.0 Broyhill Crest
Lakevale Estates,Week1,Rolling Valley,Week3,326.0 Lakevale Estates - 76.0 Rolling Valley
Lakevale Estates,Week5,Vienna Aquatic,Week1,206.0 Lakevale Estates - 196.0 Vienna Aquatic
Lake Braddock,Week4,Cottontail,Week1,276.0 Cottontail - 126.0 Lake Braddock
Lakevale Estates,Week3,Vienna Aquatic,Week5,244.0 Vienna Aquatic - 158.0 Lakevale Estates
Lakevale Estates,Week5,Vienna Aquatic,Week2,206.0 Lakevale Estates - 196.0 Vienna Aquatic
Lakevale Estates,Week3,Brookfield ,Week3,290.0 Lakevale Estates - 112.0 Brookfield
Lakevale Estates,Week3,Broyhill Crest,Week4,378.0 Lakevale Estates - 24.0 Broyhill Crest
Lakevale Estates,Week3,Newington Forest,Week3,334.0 Lakevale Estates - 68.0 Newington Forest
Lakevale Estates,Week5,Brookfield ,Week1,279.0 Lakevale Estates - 123.0 Brookfield
Lake Braddock,Week1,Cottontail,Week1,311.0 Cottontail - 91.0 Lake Braddock
Lakevale Estates,Week4,Brookfield ,Week2,296.0 Lakevale Estates - 106.0 Brookfield
Lakevale Estates,Week4,Vienna Woods,Week2,224.0 Vienna Woods - 178.0 Lakevale Estates
Lake Braddock,Week1,Cottontail,Week3,300.0 Cottontail - 102.0 Lake Braddock
Lakevale Estates,Week4,Rolling Valley,Week1,375.0 Lakevale Estates - 27.0 Rolling Valley
Lake Braddock,Week2,Cottontail,Week4,275.0 Cottontail - 127.0 Lake Braddock
Lake Braddock,Week5,Commonwealth,Week5,239.0 Commonwealth - 163.0 Lake Braddock
Lakevale Estates,Week3,Rolling Valley,Week4,337.0 Lakevale Estates - 65.0 Rolling Valley
Lakevale Estates,Week2,North Springfield,Week4,338.0 Lakevale Estates - 54.0 North Springfield
Lakevale Estates,Week5,Brookfield ,Week3,303.0 Lakevale Estates - 99.0 Brookfield
Lakevale Estates,Week5,Newington Forest,Week2,330.0 Lakevale Estates - 72.0 Newington Forest
Lake Braddock,Week2,Cottontail,Week3,278.0 Cottontail - 124.0 Lake Braddock
Lakevale Estates,Week3,Newington Forest,Week4,321.0 Lakevale Estates - 76.0 Newington Forest
Lakevale Estates,Week4,Brookfield ,Week4,282.0 Lakevale Estates - 120.0 Brookfield
Lakevale Estates,Week1,Vienna Woods,Week4,240.0 Vienna Woods - 162.0 Lakevale Estates
Lakevale Estates,Week1,North Springfield,Week2,340.0 Lakevale Estates - 48.0 North Springfield
Lakevale Estates,Week4,North Springfield,Week2,336.0 Lakevale Estates - 52.0 North Springfield
Lake Braddock,Week1,Cottontail,Week4,292.0 Cottontail - 110.0 Lake Braddock
Lakevale Estates,Week4,Vienna Woods,Week1,228.0 Vienna Woods - 174.0 Lakevale Estates
Lake Braddock,Week4,Cottontail,Week3,286.0 Cottontail - 116.0 Lake Braddock
Lakevale Estates,Week1,Vienna Woods,Week2,242.0 Vienna Woods - 160.0 Lakevale Estates
Lakevale Estates,Week4,Newington Forest,Week2,344.0 Lakevale Estates - 58.0 Newington Forest
Lake Braddock,Week3,Cottontail,Week2,274.5 Cottontail - 127.5 Lake Braddock
Lakevale Estates,Week4,Brookfield ,Week1,282.0 Lakevale Estates - 120.0 Brookfield
Lakevale Estates,Week4,Vienna Aquatic,Week2,205.0 Vienna Aquatic - 197.0 Lakevale Estates
Lakevale Estates,Week4,Vienna Aquatic,Week5,237.5 Vienna Aquatic - 164.5 Lakevale Estates
Lakevale Estates,Week1,Broyhill Crest,Week1,382.0 Lakevale Estates - 20.0 Broyhill Crest
Lakevale Estates,Week5,Brookfield ,Week5,285.0 Lakevale Estates - 117.0 Brookfield
Lakevale Estates,Week3,North Springfield,Week3,334.0 Lakevale Estates - 63.0 North Springfield
Lakevale Estates,Week4,Vienna Aquatic,Week1,205.0 Vienna Aquatic - 197.0 Lakevale Estates
Lakevale Estates,Week3,Brookfield ,Week5,280.0 Lakevale Estates - 122.0 Brookfield
Lakevale Estates,Week2,Newington Forest,Week4,319.5 Lakevale Estates - 82.5 Newington Forest
Lakevale Estates,Week2,North Springfield,Week2,339.0 Lakevale Estates - 49.0 North Springfield
Lake Braddock,Week5,Cottontail,Week2,268.0 Cottontail - 134.0 Lake Braddock
Lakevale Estates,Week1,North Springfield,Week3,339.0 Lakevale Estates - 58.0 North Springfield
Lakevale Estates,Week4,Vienna Woods,Week5,259.0 Vienna Woods - 143.0 Lakevale Estates
Lake Braddock,Week3,Cottontail,Week4,271.0 Cottontail - 131.0 Lake Braddock
Lakevale Estates,Week1,Broyhill Crest,Week3,389.0 Lakevale Estates - 13.0 Broyhill Crest
Lakevale Estates,Week5,Vienna Aquatic,Week5,235.0 Vienna Aquatic - 167.0 Lakevale Estates
Lake Braddock,Week4,Cottontail,Week5,312.0 Cottontail - 90.0 Lake Braddock
Lakevale Estates,Week2,Broyhill Crest,Week1,386.0 Lakevale Estates - 15.0 Broyhill Crest
Lakevale Estates,Week3,Vienna Woods,Week4,234.5 Vienna Woods - 162.5 Lakevale Estates
Lakevale Estates,Week4,Burke Station,Week3,334.0 Lakevale Estates - 63.0 Burke Station
Lakevale Estates,Week5,Newington Forest,Week5,321.0 Lakevale Estates - 81.0 Newington Forest
Lakevale Estates,Week1,Vienna Woods,Week3,254.0 Vienna Woods - 148.0 Lakevale Estates
Lakevale Estates,Week3,Vienna Woods,Week1,238.0 Vienna Woods - 164.0 Lakevale Estates
Lakevale Estates,Week4,Vienna Woods,Week3,222.0 Vienna Woods - 180.0 Lakevale Estates
Lakevale Estates,Week2,North Springfield,Week1,320.0 Lakevale Estates - 31.0 North Springfield
Lakevale Estates,Week4,Burke Station,Week1,290.0 Lakevale Estates - 89.0 Burke Station
Lake Braddock,Week4,Cottontail,Week4,283.5 Cottontail - 118.5 Lake Braddock
Lakevale Estates,Week2,Broyhill Crest,Week3,390.0 Lakevale Estates - 11.0 Broyhill Crest
Lakevale Estates,Week4,Newington Forest,Week1,340.0 Lakevale Estates - 62.0 Newington Forest
Lakevale Estates,Week3,North Springfield,Week2,334.0 Lakevale Estates - 54.0 North Springfield
Lakevale Estates,Week3,Vienna Woods,Week2,229.0 Vienna Woods - 173.0 Lakevale Estates
Lakevale Estates,Week2,Vienna Woods,Week1,251.0 Vienna Woods - 151.0 Lakevale Estates
Lakevale Estates,Week5,Newington Forest,Week1,346.0 Lakevale Estates - 56.0 Newington Forest
Lakevale Estates,Week1,Broyhill Crest,Week5,376.0 Lakevale Estates - 26.0 Broyhill Crest
Lakevale Estates,Week3,Broyhill Crest,Week3,382.0 Lakevale Estates - 15.0 Broyhill Crest
Lake Braddock,Week3,Cottontail,Week3,281.0 Cottontail - 121.0 Lake Braddock
Lake Braddock,Week1,Cottontail,Week2,290.0 Cottontail - 112.0 Lake Braddock
Lakevale Estates,Week1,North Springfield,Week4,333.0 Lakevale Estates - 59.0 North Springfield
Lakevale Estates,Week1,North Springfield,Week5,307.0 Lakevale Estates - 67.0 North Springfield
Lake Braddock,Week5,Cottontail,Week1,277.5 Cottontail - 124.5 Lake Braddock
Lakevale Estates,Week3,Broyhill Crest,Week5,371.0 Lakevale Estates - 31.0 Broyhill Crest
Lake Braddock,Week1,Cottontail,Week5,323.0 Cottontail - 79.0 Lake Braddock
Lakevale Estates,Week4,Broyhill Crest,Week2,389.0 Lakevale Estates - 13.0 Broyhill Crest
Lakevale Estates,Week3,Burke Station,Week4,329.0 Lakevale Estates - 68.0 Burke Station
Lakevale Estates,Week2,Vienna Woods,Week3,257.0 Vienna Woods - 145.0 Lakevale Estates
Lake Braddock,Week2,Cottontail,Week5,303.0 Cottontail - 99.0 Lake Braddock
Lakevale Estates,Week4,Vienna Woods,Week4,218.0 Vienna Woods - 184.0 Lakevale Estates
Lake Braddock,Week5,Cottontail,Week3,267.0 Cottontail - 135.0 Lake Braddock
Lakevale Estates,Week5,Vienna Woods,Week1,220.0 Vienna Woods - 182.0 Lakevale Estates
Lakevale Estates,Week5,Vienna Woods,Week3,219.0 Vienna Woods - 183.0 Lakevale Estates
Lakevale Estates,Week5,Newington Forest,Week3,333.0 Lakevale Estates - 69.0 Newington Forest
Lake Braddock,Week2,Cottontail,Week2,280.0 Cottontail - 122.0 Lake Braddock
Lake Braddock,Week2,Cottontail,Week1,287.0 Cottontail - 115.0 Lake Braddock
Lakevale Estates,Week5,Newington Forest,Week4,333.0 Lakevale Estates - 69.0 Newington Forest
Lakevale Estates,Week5,Villa Aquatic,Week1,302.0 Lakevale Estates - 100.0 Villa Aquatic
Lakevale Estates,Week1,Village West,Week1,317.0 Lakevale Estates - 85.0 Village West
Lakevale Estates,Week4,Newington Forest,Week4,335.5 Lakevale Estates - 66.5 Newington Forest
Lakevale Estates,Week1,Burke Station,Week4,322.0 Lakevale Estates - 80.0 Burke Station
Lake Braddock,Week3,Cottontail,Week1,271.0 Cottontail - 131.0 Lake Braddock
Lakevale Estates,Week5,Broyhill Crest,Week4,379.0 Lakevale Estates - 23.0 Broyhill Crest
Lakevale Estates,Week5,Vienna Woods,Week2,212.0 Vienna Woods - 190.0 Lakevale Estates
Lake Braddock,Week5,Commonwealth,Week4,226.0 Commonwealth - 175.0 Lake Braddock
Lakevale Estates,Week2,North Springfield,Week3,333.0 Lakevale Estates - 64.0 North Springfield
Lakevale Estates,Week2,Villa Aquatic,Week2,280.0 Lakevale Estates - 122.0 Villa Aquatic
Lakevale Estates,Week3,North Springfield,Week1,314.0 Lakevale Estates - 37.0 North Springfield
Lakevale Estates,Week5,Broyhill Crest,Week3,386.0 Lakevale Estates - 16.0 Broyhill Crest
Lake Braddock,Week4,Cottontail,Week2,276.0 Cottontail - 126.0 Lake Braddock
Lakevale Estates,Week4,Broyhill Crest,Week3,391.0 Lakevale Estates - 11.0 Broyhill Crest
Lakevale Estates,Week5,Burke Station,Week2,326.0 Lakevale Estates - 76.0 Burke Station
Lakevale Estates,Week2,Burke Station,Week1,273.0 Lakevale Estates - 106.0 Burke Station
Lakevale Estates,Week1,Villa Aquatic,Week4,260.0 Lakevale Estates - 142.0 Villa Aquatic
Lakevale Estates,Week3,Villa Aquatic,Week3,236.0 Lakevale Estates - 166.0 Villa Aquatic
Lakevale Estates,Week3,North Springfield,Week4,337.0 Lakevale Estates - 55.0 North Springfield
Lakevale Estates,Week3,Newington Forest,Week1,333.0 Lakevale Estates - 69.0 Newington Forest
Lakevale Estates,Week5,Broyhill Crest,Week2,379.0 Lakevale Estates - 23.0 Broyhill Crest
Lakevale Estates,Week5,Villa Aquatic,Week2,291.0 Lakevale Estates - 111.0 Villa Aquatic
Lakevale Estates,Week1,Villa Aquatic,Week3,234.0 Lakevale Estates - 168.0 Villa Aquatic
Lakevale Estates,Week1,Burke Station,Week3,301.0 Lakevale Estates - 96.0 Burke Station
Lakevale Estates,Week3,Villa Aquatic,Week2,277.0 Lakevale Estates - 125.0 Villa Aquatic
Lakevale Estates,Week1,Burke Station,Week1,267.0 Lakevale Estates - 112.0 Burke Station
Lakevale Estates,Week2,North Springfield,Week5,314.0 Lakevale Estates - 60.0 North Springfield
Lakevale Estates,Week5,Broyhill Crest,Week5,372.0 Lakevale Estates - 30.0 Broyhill Crest
Lakevale Estates,Week4,Broyhill Crest,Week5,381.0 Lakevale Estates - 21.0 Broyhill Crest
Lakevale Estates,Week1,North Springfield,Week1,319.0 Lakevale Estates - 32.0 North Springfield
Lakevale Estates,Week1,Burke Station,Week5,301.0 Lakevale Estates - 101.0 Burke Station
Lakevale Estates,Week1,Villa Aquatic,Week2,281.0 Lakevale Estates - 121.0 Villa Aquatic
Lakevale Estates,Week4,Newington Forest,Week3,342.0 Lakevale Estates - 60.0 Newington Forest
Lakevale Estates,Week3,Newington Forest,Week5,319.0 Lakevale Estates - 83.0 Newington Forest
Lakevale Estates,Week1,Burke Station,Week2,315.0 Lakevale Estates - 87.0 Burke Station
Lakevale Estates,Week2,Villa Aquatic,Week1,274.0 Lakevale Estates - 128.0 Villa Aquatic
Lakevale Estates,Week3,Newington Forest,Week2,335.0 Lakevale Estates - 67.0 Newington Forest
Lakevale Estates,Week2,Burke Station,Week4,340.0 Lakevale Estates - 62.0 Burke Station
Lakevale Estates,Week4,Broyhill Crest,Week1,386.0 Lakevale Estates - 16.0 Broyhill Crest
Lakevale Estates,Week1,Village West,Week2,314.0 Lakevale Estates - 88.0 Village West
Lakevale Estates,Week4,Villa Aquatic,Week5,286.0 Lakevale Estates - 116.0 Villa Aquatic
Lakevale Estates,Week4,Villa Aquatic,Week1,302.0 Lakevale Estates - 100.0 Villa Aquatic
Lakevale Estates,Week2,Villa Aquatic,Week3,249.0 Lakevale Estates - 153.0 Villa Aquatic
Lakevale Estates,Week2,Oakton ,Week4,230.0 Oakton - 172.0 Lakevale Estates
Lakevale Estates,Week2,Burke Station,Week2,317.0 Lakevale Estates - 85.0 Burke Station
Lakevale Estates,Week5,Vienna Woods,Week5,250.0 Vienna Woods - 152.0 Lakevale Estates
Lakevale Estates,Week4,North Springfield,Week1,318.0 Lakevale Estates - 33.0 North Springfield
Lakevale Estates,Week5,Broyhill Crest,Week1,380.0 Lakevale Estates - 22.0 Broyhill Crest
Lakevale Estates,Week4,Broyhill Crest,Week4,387.0 Lakevale Estates - 15.0 Broyhill Crest
Lake Braddock,Week5,Commonwealth,Week3,238.0 Commonwealth - 162.0 Lake Braddock
Lakevale Estates,Week4,Newington Forest,Week5,321.0 Lakevale Estates - 81.0 Newington Forest
Lakevale Estates,Week3,North Springfield,Week5,312.0 Lakevale Estates - 62.0 North Springfield
Lakevale Estates,Week2,Newington Forest,Week5,308.0 Lakevale Estates - 94.0 Newington Forest
Lake Braddock,Week3,Cottontail,Week5,304.0 Cottontail - 98.0 Lake Braddock
Lakevale Estates,Week5,North Springfield,Week1,314.0 Lakevale Estates - 37.0 North Springfield
Lakevale Estates,Week4,Burke Station,Week2,332.0 Lakevale Estates - 70.0 Burke Station
Lakevale Estates,Week5,North Springfield,Week4,336.0 Lakevale Estates - 56.0 North Springfield
Lakevale Estates,Week1,Oakton ,Week3,214.0 Oakton - 183.0 Lakevale Estates
Lakevale Estates,Week2,Oakton ,Week3,220.0 Oakton - 182.0 Lakevale Estates
Lakevale Estates,Week4,Burke Station,Week4,348.0 Lakevale Estates - 54.0 Burke Station
Lakevale Estates,Week3,Villa Aquatic,Week1,276.0 Lakevale Estates - 126.0 Villa Aquatic
Lakevale Estates,Week4,Oakton ,Week5,210.0 Lakevale Estates - 192.0 Oakton
Lakevale Estates,Week2,Villa Aquatic,Week5,263.0 Lakevale Estates - 139.0 Villa Aquatic
Lakevale Estates,Week5,Oakton ,Week1,221.0 Lakevale Estates - 181.0 Oakton
Lakevale Estates,Week4,Oakton ,Week3,215.0 Lakevale Estates - 187.0 Oakton
Lakevale Estates,Week3,Burke Station,Week2,321.0 Lakevale Estates - 76.0 Burke Station
Lakevale Estates,Week2,Burke Station,Week3,304.0 Lakevale Estates - 93.0 Burke Station
Lakevale Estates,Week4,Villa Aquatic,Week2,296.0 Lakevale Estates - 106.0 Villa Aquatic
Lakevale Estates,Week4,Camelot,Week2,296.0 Lakevale Estates - 106.0 Camelot
Lakevale Estates,Week2,Villa Aquatic,Week4,269.0 Lakevale Estates - 133.0 Villa Aquatic
Lakevale Estates,Week3,Villa Aquatic,Week4,271.0 Lakevale Estates - 131.0 Villa Aquatic
Lakevale Estates,Week4,Oakton ,Week2,205.5 Oakton - 196.5 Lakevale Estates
Lakevale Estates,Week1,Villa Aquatic,Week1,269.0 Lakevale Estates - 133.0 Villa Aquatic
Lakevale Estates,Week5,North Springfield,Week2,330.0 Lakevale Estates - 58.0 North Springfield
Lakevale Estates,Week3,Oakton ,Week3,212.0 Oakton - 185.0 Lakevale Estates
Lakevale Estates,Week5,Villa Aquatic,Week5,282.0 Lakevale Estates - 120.0 Villa Aquatic
Lakevale Estates,Week3,Burke Station,Week5,299.0 Lakevale Estates - 98.0 Burke Station
Lakevale Estates,Week3,Burke Station,Week3,315.0 Lakevale Estates - 77.0 Burke Station
Lakevale Estates,Week3,Villa Aquatic,Week5,254.0 Lakevale Estates - 148.0 Villa Aquatic
Lakevale Estates,Week3,Burke Station,Week1,265.0 Lakevale Estates - 114.0 Burke Station
Lakevale Estates,Week4,Burke Station,Week5,318.0 Lakevale Estates - 84.0 Burke Station
Lakevale Estates,Week5,Burke Station,Week1,294.0 Lakevale Estates - 85.0 Burke Station
Lakevale Estates,Week5,Villa Aquatic,Week3,277.5 Lakevale Estates - 124.5 Villa Aquatic
Lakevale Estates,Week2,Burke Station,Week5,295.0 Lakevale Estates - 107.0 Burke Station
Lakevale Estates,Week4,Villa Aquatic,Week3,271.0 Lakevale Estates - 131.0 Villa Aquatic
Lakevale Estates,Week1,Villa Aquatic,Week5,243.5 Lakevale Estates - 158.5 Villa Aquatic
Lakevale Estates,Week5,Villa Aquatic,Week4,296.0 Lakevale Estates - 106.0 Villa Aquatic
Lakevale Estates,Week1,Oakton ,Week4,222.0 Oakton - 180.0 Lakevale Estates
Lakevale Estates,Week4,Rutherford,Week5,313.0 Lakevale Estates - 89.0 Rutherford
Lakevale Estates,Week3,Oakton ,Week5,215.0 Oakton - 187.0 Lakevale Estates
Lakevale Estates,Week2,Camelot,Week2,256.0 Lakevale Estates - 146.0 Camelot
Lakevale Estates,Week4,North Springfield,Week5,322.0 Lakevale Estates - 52.0 North Springfield
Lakevale Estates,Week5,North Springfield,Week3,329.0 Lakevale Estates - 68.0 North Springfield
Lakevale Estates,Week1,Camelot,Week4,278.0 Lakevale Estates - 124.0 Camelot
Lakevale Estates,Week4,Villa Aquatic,Week4,289.0 Lakevale Estates - 113.0 Villa Aquatic
Lakevale Estates,Week1,Oakton ,Week2,231.0 Oakton - 171.0 Lakevale Estates
Lakevale Estates,Week1,Camelot,Week5,262.0 Lakevale Estates - 140.0 Camelot
Lakevale Estates,Week1,Rutherford,Week1,314.0 Lakevale Estates - 88.0 Rutherford
Lakevale Estates,Week5,Rolling Valley,Week1,368.0 Lakevale Estates - 34.0 Rolling Valley
Lakevale Estates,Week1,Canterbury Woods,Week2,278.0 Lakevale Estates - 124.0 Canterbury Woods
Lakevale Estates,Week5,Rutherford,Week2,318.5 Lakevale Estates - 83.5 Rutherford
Lakevale Estates,Week2,Oakton ,Week2,232.0 Oakton - 170.0 Lakevale Estates
Lakevale Estates,Week1,Oakton ,Week1,205.5 Oakton - 196.5 Lakevale Estates
Lakevale Estates,Week1,Oakton ,Week5,239.0 Oakton - 163.0 Lakevale Estates
Lakevale Estates,Week4,Rutherford,Week1,332.0 Lakevale Estates - 70.0 Rutherford
Lakevale Estates,Week3,Camelot,Week2,263.0 Lakevale Estates - 139.0 Camelot
Lakevale Estates,Week5,North Springfield,Week5,311.0 Lakevale Estates - 63.0 North Springfield
Lakevale Estates,Week2,Rutherford,Week1,322.0 Lakevale Estates - 80.0 Rutherford
Lakevale Estates,Week4,Camelot,Week1,303.0 Lakevale Estates - 99.0 Camelot
Lakevale Estates,Week4,North Springfield,Week4,347.0 Lakevale Estates - 45.0 North Springfield
Lakevale Estates,Week5,Camelot,Week1,298.5 Lakevale Estates - 103.5 Camelot
Lakevale Estates,Week5,Rutherford,Week3,320.0 Lakevale Estates - 82.0 Rutherford
Lakevale Estates,Week2,Oakton ,Week1,203.0 Oakton - 199.0 Lakevale Estates
Lakevale Estates,Week3,Camelot,Week1,282.0 Lakevale Estates - 120.0 Camelot
Lakevale Estates,Week1,Camelot,Week3,273.0 Lakevale Estates - 129.0 Camelot
Lakevale Estates,Week2,Oakton ,Week5,239.0 Oakton - 163.0 Lakevale Estates
Lakevale Estates,Week5,Camelot,Week3,300.0 Lakevale Estates - 102.0 Camelot
Lakevale Estates,Week5,Rolling Valley,Week3,349.0 Lakevale Estates - 53.0 Rolling Valley
Lakevale Estates,Week5,Rolling Valley,Week5,337.0 Lakevale Estates - 65.0 Rolling Valley
Lakevale Estates,Week5,Old Keene Mill,Week5,305.0 Lakevale Estates - 97.0 Old Keene Mill
Lakevale Estates,Week2,Rutherford,Week2,318.0 Lakevale Estates - 84.0 Rutherford
Lakevale Estates,Week1,Canterbury Woods,Week3,268.0 Lakevale Estates - 134.0 Canterbury Woods
Lakevale Estates,Week3,Oakton ,Week2,219.0 Oakton - 183.0 Lakevale Estates
Lakevale Estates,Week2,Rutherford,Week5,301.0 Lakevale Estates - 101.0 Rutherford
Lakevale Estates,Week4,Oakton ,Week4,212.0 Lakevale Estates - 190.0 Oakton
Lakevale Estates,Week2,Camelot,Week4,281.0 Lakevale Estates - 121.0 Camelot
Lakevale Estates,Week4,Rutherford,Week3,324.0 Lakevale Estates - 78.0 Rutherford
Lakevale Estates,Week4,Oakton ,Week1,223.0 Lakevale Estates - 179.0 Oakton
Lakevale Estates,Week3,Camelot,Week5,266.0 Lakevale Estates - 136.0 Camelot
Lakevale Estates,Week5,Burke Station,Week5,316.0 Lakevale Estates - 86.0 Burke Station
Lakevale Estates,Week1,Rutherford,Week4,300.0 Lakevale Estates - 102.0 Rutherford
Lakevale Estates,Week3,Rutherford,Week4,308.0 Lakevale Estates - 94.0 Rutherford
Lakevale Estates,Week3,Camelot,Week3,271.0 Lakevale Estates - 131.0 Camelot
Lakevale Estates,Week4,North Springfield,Week3,341.0 Lakevale Estates - 56.0 North Springfield
Lakevale Estates,Week4,Rutherford,Week2,329.0 Lakevale Estates - 73.0 Rutherford
Lakevale Estates,Week3,Oakton ,Week4,210.0 Oakton - 192.0 Lakevale Estates
Lakevale Estates,Week1,Camelot,Week2,266.5 Lakevale Estates - 135.5 Camelot
Lakevale Estates,Week1,Rutherford,Week5,285.0 Lakevale Estates - 117.0 Rutherford
Lakevale Estates,Week2,Camelot,Week5,265.0 Lakevale Estates - 137.0 Camelot
Lakevale Estates,Week1,Rutherford,Week2,306.0 Lakevale Estates - 96.0 Rutherford
Lakevale Estates,Week5,Burke Station,Week3,316.0 Lakevale Estates - 81.0 Burke Station
Lakevale Estates,Week5,Oakton ,Week5,205.0 Lakevale Estates - 197.0 Oakton
Lakevale Estates,Week1,Old Keene Mill,Week5,287.0 Lakevale Estates - 115.0 Old Keene Mill
Lakevale Estates,Week5,Burke Station,Week4,340.0 Lakevale Estates - 62.0 Burke Station
Lakevale Estates,Week5,Oakton ,Week2,201.0 Lakevale Estates - 201.0 Oakton
Lakevale Estates,Week5,Rolling Valley,Week4,341.0 Lakevale Estates - 61.0 Rolling Valley
Lakevale Estates,Week3,Camelot,Week4,273.0 Lakevale Estates - 129.0 Camelot
Lakevale Estates,Week5,Rolling Valley,Week2,346.0 Lakevale Estates - 56.0 Rolling Valley
Lakevale Estates,Week3,Oakton ,Week1,207.0 Lakevale Estates - 190.0 Oakton
Lakevale Estates,Week2,Camelot,Week1,275.0 Lakevale Estates - 127.0 Camelot
Lakevale Estates,Week5,Oakton ,Week3,205.0 Lakevale Estates - 197.0 Oakton
Lakevale Estates,Week3,Rutherford,Week1,324.0 Lakevale Estates - 78.0 Rutherford
Lakevale Estates,Week2,Camelot,Week3,272.0 Lakevale Estates - 130.0 Camelot
Lakevale Estates,Week1,Old Keene Mill,Week1,301.0 Lakevale Estates - 101.0 Old Keene Mill
Lakevale Estates,Week1,Canterbury Woods,Week1,274.0 Lakevale Estates - 128.0 Canterbury Woods
Lakevale Estates,Week2,Rutherford,Week3,303.0 Lakevale Estates - 99.0 Rutherford
Lakevale Estates,Week2,Old Keene Mill,Week1,309.0 Lakevale Estates - 93.0 Old Keene Mill
Lakevale Estates,Week2,Old Keene Mill,Week4,313.0 Lakevale Estates - 89.0 Old Keene Mill
Lakevale Estates,Week5,Rutherford,Week4,305.0 Lakevale Estates - 97.0 Rutherford
Lake Braddock,Week5,Vienna Woods,Week1,367.0 Vienna Woods - 35.0 Lake Braddock
Lake Braddock,Week4,Vienna Woods,Week1,374.0 Vienna Woods - 28.0 Lake Braddock
Lakevale Estates,Week1,Rutherford,Week3,302.0 Lakevale Estates - 100.0 Rutherford
Lakevale Estates,Week5,Rutherford,Week1,334.0 Lakevale Estates - 68.0 Rutherford
Lakevale Estates,Week5,Oakton ,Week4,212.0 Lakevale Estates - 190.0 Oakton
Lakevale Estates,Week4,Rutherford,Week4,320.0 Lakevale Estates - 82.0 Rutherford
Lakevale Estates,Week4,Camelot,Week3,300.0 Lakevale Estates - 102.0 Camelot
Lakevale Estates,Week2,Shouse Village,Week5,244.0 Lakevale Estates - 158.0 Shouse Village
Lake Braddock,Week1,Vienna Woods,Week1,376.0 Vienna Woods - 26.0 Lake Braddock
Lakevale Estates,Week2,Rutherford,Week4,307.0 Lakevale Estates - 95.0 Rutherford
Lakevale Estates,Week4,Camelot,Week4,300.0 Lakevale Estates - 102.0 Camelot
Lake Braddock,Week5,Vienna Woods,Week3,368.0 Vienna Woods - 34.0 Lake Braddock
Lakevale Estates,Week2,Old Keene Mill,Week5,281.0 Lakevale Estates - 121.0 Old Keene Mill
Lakevale Estates,Week4,Old Keene Mill,Week3,315.0 Lakevale Estates - 87.0 Old Keene Mill
Lakevale Estates,Week5,Old Keene Mill,Week2,310.0 Lakevale Estates - 92.0 Old Keene Mill
Lakevale Estates,Week5,Shouse Village,Week4,272.0 Lakevale Estates - 130.0 Shouse Village
Lake Braddock,Week4,Vienna Woods,Week3,377.5 Vienna Woods - 24.5 Lake Braddock
Lakevale Estates,Week3,Rutherford,Week5,303.0 Lakevale Estates - 99.0 Rutherford
Lakevale Estates,Week4,Shouse Village,Week4,280.0 Lakevale Estates - 122.0 Shouse Village
Lakevale Estates,Week5,Camelot,Week2,290.0 Lakevale Estates - 112.0 Camelot
Lakevale Estates,Week3,Rutherford,Week2,317.0 Lakevale Estates - 85.0 Rutherford
Lakevale Estates,Week1,Old Keene Mill,Week4,315.0 Lakevale Estates - 87.0 Old Keene Mill
Lakevale Estates,Week5,Camelot,Week5,304.0 Lakevale Estates - 98.0 Camelot
Lakevale Estates,Week1,Old Keene Mill,Week2,293.0 Lakevale Estates - 109.0 Old Keene Mill
Lakevale Estates,Week3,Old Keene Mill,Week1,310.0 Lakevale Estates - 92.0 Old Keene Mill
Lakevale Estates,Week1,Old Keene Mill,Week3,299.0 Lakevale Estates - 103.0 Old Keene Mill
Lakevale Estates,Week4,Shouse Village,Week3,285.0 Lakevale Estates - 117.0 Shouse Village
Lakevale Estates,Week3,Old Keene Mill,Week2,302.0 Lakevale Estates - 100.0 Old Keene Mill
Lake Braddock,Week2,Vienna Woods,Week3,370.0 Vienna Woods - 32.0 Lake Braddock
Lakevale Estates,Week1,Camelot,Week1,266.0 Lakevale Estates - 136.0 Camelot
Lakevale Estates,Week3,Rutherford,Week3,303.0 Lakevale Estates - 99.0 Rutherford
Lakevale Estates,Week4,Old Keene Mill,Week2,316.0 Lakevale Estates - 86.0 Old Keene Mill
Lakevale Estates,Week5,Camelot,Week4,305.0 Lakevale Estates - 97.0 Camelot
Lakevale Estates,Week4,Camelot,Week5,299.0 Lakevale Estates - 103.0 Camelot
Lakevale Estates,Week3,Shouse Village,Week5,248.0 Lakevale Estates - 154.0 Shouse Village
Lakevale Estates,Week3,Old Keene Mill,Week4,310.0 Lakevale Estates - 92.0 Old Keene Mill
Lakevale Estates,Week5,Fair Oaks ,Week3,260.0 Lakevale Estates - 142.0 Fair Oaks
Lakevale Estates,Week3,Old Keene Mill,Week3,307.0 Lakevale Estates - 95.0 Old Keene Mill
Lake Braddock,Week2,Vienna Woods,Week2,358.0 Vienna Woods - 44.0 Lake Braddock
Lakevale Estates,Week4,Old Keene Mill,Week5,311.0 Lakevale Estates - 91.0 Old Keene Mill
Lakevale Estates,Week3,Shouse Village,Week4,261.0 Lakevale Estates - 141.0 Shouse Village
Lakevale Estates,Week2,Old Keene Mill,Week3,300.5 Lakevale Estates - 101.5 Old Keene Mill
Lakevale Estates,Week3,Old Keene Mill,Week5,297.0 Lakevale Estates - 105.0 Old Keene Mill
Lakevale Estates,Week4,Old Keene Mill,Week4,329.0 Lakevale Estates - 73.0 Old Keene Mill
Lake Braddock,Week2,Vienna Woods,Week1,360.0 Vienna Woods - 42.0 Lake Braddock
Lake Braddock,Week5,Vienna Aquatic,Week5,356.0 Vienna Aquatic - 45.0 Lake Braddock
Lakevale Estates,Week2,Shouse Village,Week3,269.0 Lakevale Estates - 133.0 Shouse Village
Lakevale Estates,Week1,Shouse Village,Week3,260.0 Lakevale Estates - 142.0 Shouse Village
Lakevale Estates,Week2,Old Keene Mill,Week2,302.0 Lakevale Estates - 100.0 Old Keene Mill
Lakevale Estates,Week2,Shouse Village,Week1,271.0 Lakevale Estates - 131.0 Shouse Village
Lakevale Estates,Week4,Old Keene Mill,Week1,325.0 Lakevale Estates - 77.0 Old Keene Mill
Lake Braddock,Week5,Vienna Aquatic,Week1,352.0 Vienna Aquatic - 50.0 Lake Braddock
Lakevale Estates,Week3,Shouse Village,Week1,261.5 Lakevale Estates - 140.5 Shouse Village
Lake Braddock,Week1,Vienna Woods,Week3,377.0 Vienna Woods - 25.0 Lake Braddock
Lake Braddock,Week5,Vienna Aquatic,Week2,346.0 Vienna Aquatic - 56.0 Lake Braddock
Lakevale Estates,Week1,Shouse Village,Week4,258.0 Lakevale Estates - 144.0 Shouse Village
Lakevale Estates,Week4,Shouse Village,Week1,282.0 Lakevale Estates - 120.0 Shouse Village
Lakevale Estates,Week2,Fairfax,Week1,215.0 Fairfax - 187.0 Lakevale Estates
Lakevale Estates,Week3,Shouse Village,Week3,269.0 Lakevale Estates - 133.0 Shouse Village
Lake Braddock,Week4,Oakton ,Week2,362.0 Oakton - 40.0 Lake Braddock
Lakevale Estates,Week5,Orange Hunt,Week5,226.0 Lakevale Estates - 176.0 Orange Hunt
Lake Braddock,Week4,Vienna Aquatic,Week5,367.0 Vienna Aquatic - 34.0 Lake Braddock
Lakevale Estates,Week5,Old Keene Mill,Week3,307.0 Lakevale Estates - 95.0 Old Keene Mill
Lake Braddock,Week4,Oakton ,Week4,365.0 Oakton - 37.0 Lake Braddock
Lakevale Estates,Week3,Fair Oaks ,Week5,243.0 Lakevale Estates - 159.0 Fair Oaks
Lakevale Estates,Week4,Fairfax,Week5,215.0 Fairfax - 187.0 Lakevale Estates
Lakevale Estates,Week3,Shouse Village,Week2,280.0 Lakevale Estates - 122.0 Shouse Village
Lake Braddock,Week4,Vienna Aquatic,Week4,356.0 Vienna Aquatic - 46.0 Lake Braddock
Lakevale Estates,Week5,Fair Oaks ,Week2,292.5 Lakevale Estates - 109.5 Fair Oaks
Lakevale Estates,Week3,Fair Oaks ,Week4,271.0 Lakevale Estates - 131.0 Fair Oaks
Lakevale Estates,Week5,Rutherford,Week5,320.0 Lakevale Estates - 82.0 Rutherford
Lakevale Estates,Week1,Sideburn Run,Week1,258.0 Lakevale Estates - 144.0 Sideburn Run
Lakevale Estates,Week3,Orange Hunt,Week5,212.0 Lakevale Estates - 190.0 Orange Hunt
Lake Braddock,Week1,Vienna Woods,Week4,358.0 Vienna Woods - 44.0 Lake Braddock
Lakevale Estates,Week5,Old Keene Mill,Week4,310.0 Lakevale Estates - 92.0 Old Keene Mill
Lake Braddock,Week3,Oakton ,Week5,361.0 Oakton - 41.0 Lake Braddock
Lake Braddock,Week2,Vienna Woods,Week5,367.0 Vienna Woods - 35.0 Lake Braddock
Lake Braddock,Week2,Vienna Woods,Week4,355.0 Vienna Woods - 47.0 Lake Braddock
Lakevale Estates,Week5,Shouse Village,Week3,272.0 Lakevale Estates - 130.0 Shouse Village
Lakevale Estates,Week3,Orange Hunt,Week3,225.0 Lakevale Estates - 177.0 Orange Hunt
Lakevale Estates,Week3,Fairfax,Week5,228.0 Fairfax - 174.0 Lakevale Estates
Lakevale Estates,Week4,Fair Oaks ,Week1,280.0 Lakevale Estates - 122.0 Fair Oaks
Lake Braddock,Week2,Oakton ,Week5,351.0 Oakton - 51.0 Lake Braddock
Lake Braddock,Week1,Vienna Woods,Week2,372.0 Vienna Woods - 30.0 Lake Braddock
Lakevale Estates,Week1,Overlee,Week3,299.0 Overlee - 103.0 Lakevale Estates
Lakevale Estates,Week2,Shouse Village,Week2,273.0 Lakevale Estates - 129.0 Shouse Village
Lakevale Estates,Week1,Shouse Village,Week2,265.0 Lakevale Estates - 137.0 Shouse Village
Lakevale Estates,Week5,Old Keene Mill,Week1,310.0 Lakevale Estates - 92.0 Old Keene Mill
Lake Braddock,Week2,Oakton ,Week3,340.0 Oakton - 62.0 Lake Braddock
Lake Braddock,Week3,Vienna Woods,Week2,361.0 Vienna Woods - 41.0 Lake Braddock
Lake Braddock,Week1,Oakton ,Week2,369.0 Oakton - 33.0 Lake Braddock
Lakevale Estates,Week2,Orange Hunt,Week2,228.0 Lakevale Estates - 174.0 Orange Hunt
Lake Braddock,Week3,Oakton ,Week3,349.0 Oakton - 53.0 Lake Braddock
Lake Braddock,Week4,Vienna Aquatic,Week2,354.0 Vienna Aquatic - 48.0 Lake Braddock
Lakevale Estates,Week3,Fairfax,Week1,203.0 Fairfax - 199.0 Lakevale Estates
Lakevale Estates,Week5,Fairfax,Week3,210.0 Fairfax - 192.0 Lakevale Estates
Lake Braddock,Week3,Vienna Woods,Week5,372.0 Vienna Woods - 30.0 Lake Braddock
Lakevale Estates,Week4,Fair Oaks ,Week2,301.0 Lakevale Estates - 101.0 Fair Oaks
Lakevale Estates,Week5,Shouse Village,Week1,274.0 Lakevale Estates - 128.0 Shouse Village
Lakevale Estates,Week1,Overlee,Week1,294.0 Overlee - 108.0 Lakevale Estates
Lake Braddock,Week4,North Springfield,Week1,240.0 Lake Braddock - 109.0 North Springfield
Lake Braddock,Week5,North Springfield,Week3,228.0 Lake Braddock - 167.0 North Springfield
Lakevale Estates,Week1,Shouse Village,Week5,232.0 Lakevale Estates - 170.0 Shouse Village
Lake Braddock,Week4,Vienna Aquatic,Week3,359.0 Vienna Aquatic - 43.0 Lake Braddock
Lakevale Estates,Week1,Orange Hunt,Week1,240.0 Lakevale Estates - 162.0 Orange Hunt
Lake Braddock,Week5,North Springfield,Week2,238.0 Lake Braddock - 149.0 North Springfield
Lake Braddock,Week3,Vienna Woods,Week4,361.0 Vienna Woods - 41.0 Lake Braddock
Lakevale Estates,Week1,Sideburn Run,Week3,256.0 Lakevale Estates - 146.0 Sideburn Run
Lake Braddock,Week3,Vienna Woods,Week3,369.0 Vienna Woods - 33.0 Lake Braddock
Lakevale Estates,Week1,Orange Hunt,Week5,206.0 Lakevale Estates - 196.0 Orange Hunt
Lake Braddock,Week5,Vienna Aquatic,Week3,346.0 Vienna Aquatic - 56.0 Lake Braddock
Lake Braddock,Week3,North Springfield,Week3,223.0 Lake Braddock - 173.0 North Springfield
Lake Braddock,Week4,North Springfield,Week4,240.0 Lake Braddock - 151.0 North Springfield
Lakevale Estates,Week3,Orange Hunt,Week4,226.0 Lakevale Estates - 176.0 Orange Hunt
Lakevale Estates,Week1,Shouse Village,Week1,257.0 Lakevale Estates - 145.0 Shouse Village
Lakevale Estates,Week1,Fairfax,Week1,212.0 Fairfax - 190.0 Lakevale Estates
Lake Braddock,Week1,Vienna Woods,Week5,383.0 Vienna Woods - 19.0 Lake Braddock
Lakevale Estates,Week3,Fair Oaks ,Week3,244.0 Lakevale Estates - 158.0 Fair Oaks
Lakevale Estates,Week5,Orange Hunt,Week2,245.0 Lakevale Estates - 157.0 Orange Hunt
Lakevale Estates,Week4,Shouse Village,Week5,262.0 Lakevale Estates - 140.0 Shouse Village
Lakevale Estates,Week4,Orange Hunt,Week4,247.0 Lakevale Estates - 155.0 Orange Hunt
Lakevale Estates,Week4,Fair Oaks ,Week3,270.0 Lakevale Estates - 132.0 Fair Oaks
Lake Braddock,Week5,North Springfield,Week5,211.0 Lake Braddock - 162.0 North Springfield
Lakevale Estates,Week2,Fairfax,Week2,234.0 Fairfax - 168.0 Lakevale Estates
Lakevale Estates,Week5,Fair Oaks ,Week5,256.0 Lakevale Estates - 146.0 Fair Oaks
Lakevale Estates,Week2,Shouse Village,Week4,254.0 Lakevale Estates - 148.0 Shouse Village
Lake Braddock,Week4,North Springfield,Week2,211.0 Lake Braddock - 177.0 North Springfield
Lakevale Estates,Week3,Orange Hunt,Week1,242.0 Lakevale Estates - 160.0 Orange Hunt
Lakevale Estates,Week5,Shouse Village,Week2,293.0 Lakevale Estates - 109.0 Shouse Village
Lake Braddock,Week5,Vienna Aquatic,Week4,345.0 Vienna Aquatic - 57.0 Lake Braddock
Lake Braddock,Week3,Vienna Woods,Week1,365.0 Vienna Woods - 37.0 Lake Braddock
Lakevale Estates,Week4,Fair Oaks ,Week5,266.0 Lakevale Estates - 136.0 Fair Oaks
Lakevale Estates,Week4,Shouse Village,Week2,289.0 Lakevale Estates - 113.0 Shouse Village
Lakevale Estates,Week1,Fairfax,Week3,224.5 Fairfax - 177.5 Lakevale Estates
Lakevale Estates,Week2,Orange Hunt,Week4,223.0 Lakevale Estates - 179.0 Orange Hunt
Lake Braddock,Week5,North Springfield,Week1,251.0 Lake Braddock - 98.0 North Springfield
Lake Braddock,Week1,Oakton ,Week4,366.0 Oakton - 36.0 Lake Braddock
Lakevale Estates,Week2,Sideburn Run,Week1,244.0 Lakevale Estates - 158.0 Sideburn Run
Lakevale Estates,Week1,Sideburn Run,Week4,268.0 Lakevale Estates - 134.0 Sideburn Run
Lakevale Estates,Week4,Orange Hunt,Week3,252.0 Lakevale Estates - 150.0 Orange Hunt
Lake Braddock,Week5,Vienna Woods,Week2,355.0 Vienna Woods - 47.0 Lake Braddock
Lakevale Estates,Week1,Fairfax,Week4,208.0 Fairfax - 194.0 Lakevale Estates
Lake Braddock,Week1,Oakton ,Week3,362.0 Oakton - 35.0 Lake Braddock
Lakevale Estates,Week5,Fair Oaks ,Week1,272.0 Lakevale Estates - 130.0 Fair Oaks
Lake Braddock,Week4,Vienna Woods,Week5,384.0 Vienna Woods - 18.0 Lake Braddock
Lake Braddock,Week4,Vienna Woods,Week2,372.0 Vienna Woods - 30.0 Lake Braddock
Lakevale Estates,Week1,Sideburn Run,Week2,270.0 Lakevale Estates - 132.0 Sideburn Run
Lakevale Estates,Week4,Orange Hunt,Week1,259.0 Lakevale Estates - 143.0 Orange Hunt
Lake Braddock,Week4,Vienna Woods,Week4,370.0 Vienna Woods - 32.0 Lake Braddock
Lakevale Estates,Week1,Fairfax,Week2,231.0 Fairfax - 171.0 Lakevale Estates
Lakevale Estates,Week1,Orange Hunt,Week2,226.0 Lakevale Estates - 176.0 Orange Hunt
Lakevale Estates,Week4,Fair Oaks ,Week4,293.0 Lakevale Estates - 109.0 Fair Oaks
Lakevale Estates,Week4,Orange Hunt,Week5,228.0 Lakevale Estates - 174.0 Orange Hunt
Lake Braddock,Week3,North Springfield,Week4,246.0 Lake Braddock - 144.0 North Springfield
Lake Braddock,Week1,Oakton ,Week1,358.0 Oakton - 44.0 Lake Braddock
Lakevale Estates,Week1,Sideburn Run,Week5,252.0 Lakevale Estates - 150.0 Sideburn Run
Lakevale Estates,Week1,Orange Hunt,Week4,224.0 Lakevale Estates - 178.0 Orange Hunt
Lakevale Estates,Week2,Fairfax,Week5,242.0 Fairfax - 160.0 Lakevale Estates
Lake Braddock,Week2,Oakton ,Week2,346.0 Oakton - 56.0 Lake Braddock
Lake Braddock,Week2,Villa Aquatic,Week5,308.0 Villa Aquatic - 94.0 Lake Braddock
Lakevale Estates,Week2,Sideburn Run,Week3,263.0 Lakevale Estates - 139.0 Sideburn Run
Lake Braddock,Week3,Villa Aquatic,Week5,313.0 Villa Aquatic - 89.0 Lake Braddock
Lakevale Estates,Week3,Fairfax,Week3,225.0 Fairfax - 177.0 Lakevale Estates
Lake Braddock,Week3,North Springfield,Week5,200.0 Lake Braddock - 172.0 North Springfield
Lakevale Estates,Week5,Orange Hunt,Week1,258.0 Lakevale Estates - 144.0 Orange Hunt
Lakevale Estates,Week2,Orange Hunt,Week3,230.0 Lakevale Estates - 172.0 Orange Hunt
Lakevale Estates,Week1,Fairfax,Week5,251.0 Fairfax - 151.0 Lakevale Estates
Lake Braddock,Week4,North Springfield,Week3,221.0 Lake Braddock - 176.0 North Springfield
Lake Braddock,Week3,Villa Aquatic,Week3,316.0 Villa Aquatic - 86.0 Lake Braddock
Lakevale Estates,Week2,Orange Hunt,Week5,210.0 Lakevale Estates - 192.0 Orange Hunt
Lakevale Estates,Week3,Orange Hunt,Week2,226.0 Lakevale Estates - 176.0 Orange Hunt
Lakevale Estates,Week2,Sideburn Run,Week4,267.0 Lakevale Estates - 135.0 Sideburn Run
Lakevale Estates,Week2,Fairfax,Week3,227.5 Fairfax - 174.5 Lakevale Estates
Lakevale Estates,Week2,Sideburn Run,Week2,260.0 Lakevale Estates - 142.0 Sideburn Run
Lakevale Estates,Week3,Fairfax,Week2,216.0 Fairfax - 186.0 Lakevale Estates
Lake Braddock,Week1,Village West,Week4,248.0 Village West - 149.0 Lake Braddock
Lakevale Estates,Week3,Sideburn Run,Week4,268.0 Lakevale Estates - 134.0 Sideburn Run
Lake Braddock,Week5,North Springfield,Week4,240.0 Lake Braddock - 150.0 North Springfield
Lake Braddock,Week1,Village West,Week1,262.0 Village West - 140.0 Lake Braddock
Lake Braddock,Week5,Vienna Woods,Week5,370.0 Vienna Woods - 32.0 Lake Braddock
Lakevale Estates,Week5,Orange Hunt,Week3,249.0 Lakevale Estates - 153.0 Orange Hunt
Lakevale Estates,Week1,Sleepy Hollow B & R,Week1,245.0 Lakevale Estates - 157.0 Sleepy Hollow B & R
Lakevale Estates,Week4,Sideburn Run,Week5,293.0 Lakevale Estates - 109.0 Sideburn Run
Lakevale Estates,Week5,Shouse Village,Week5,258.0 Lakevale Estates - 144.0 Shouse Village
Lake Braddock,Week2,Villa Aquatic,Week2,280.0 Villa Aquatic - 122.0 Lake Braddock
Lake Braddock,Week2,Oakton ,Week1,337.0 Oakton - 65.0 Lake Braddock
Lakevale Estates,Week2,Fairfax,Week4,217.0 Fairfax - 185.0 Lakevale Estates
Lakevale Estates,Week5,Orange Hunt,Week4,248.5 Lakevale Estates - 153.5 Orange Hunt
Lake Braddock,Week1,Oakton ,Week5,377.0 Oakton - 25.0 Lake Braddock
Lakevale Estates,Week3,Sleepy Hollow B & R,Week5,214.0 Lakevale Estates - 188.0 Sleepy Hollow B & R
Lake Braddock,Week1,Villa Aquatic,Week2,292.0 Villa Aquatic - 110.0 Lake Braddock
Lakevale Estates,Week2,Orange Hunt,Week1,241.0 Lakevale Estates - 161.0 Orange Hunt
Lakevale Estates,Week4,Orange Hunt,Week2,242.5 Lakevale Estates - 159.5 Orange Hunt
Lakevale Estates,Week4,Sleepy Hollow B & R,Week3,262.0 Lakevale Estates - 140.0 Sleepy Hollow B & R
Lakevale Estates,Week1,Overlee,Week4,328.0 Overlee - 74.0 Lakevale Estates
Lakevale Estates,Week4,Sleepy Hollow B & R,Week1,265.0 Lakevale Estates - 137.0 Sleepy Hollow B & R
Lakevale Estates,Week5,Fairfax Club Estates,Week3,312.0 Lakevale Estates - 90.0 Fairfax Club Estates
Lakevale Estates,Week4,Fairfax,Week1,223.0 Lakevale Estates - 179.0 Fairfax
Lakevale Estates,Week3,Sleepy Hollow B & R,Week3,231.0 Lakevale Estates - 171.0 Sleepy Hollow B & R
Lake Braddock,Week1,Old Keene Mill,Week4,267.0 Old Keene Mill - 135.0 Lake Braddock
Lakevale Estates,Week1,Sleepy Hollow B & R,Week2,229.0 Lakevale Estates - 173.0 Sleepy Hollow B & R
Lake Braddock,Week3,Oakton ,Week1,349.0 Oakton - 53.0 Lake Braddock
Lake Braddock,Week5,Villa Aquatic,Week1,276.0 Villa Aquatic - 126.0 Lake Braddock
Lake Braddock,Week4,Oakton ,Week1,353.5 Oakton - 48.5 Lake Braddock
Lake Braddock,Week5,Vienna Woods,Week4,350.0 Vienna Woods - 52.0 Lake Braddock
Lake Braddock,Week3,Oakton ,Week4,354.0 Oakton - 48.0 Lake Braddock
Lakevale Estates,Week2,Overlee,Week2,297.0 Overlee - 105.0 Lakevale Estates
Lake Braddock,Week1,Old Keene Mill,Week1,253.0 Old Keene Mill - 149.0 Lake Braddock
Lakevale Estates,Week5,Fairfax,Week1,210.0 Lakevale Estates - 192.0 Fairfax
Lakevale Estates,Week4,Fairfax,Week3,202.0 Fairfax - 200.0 Lakevale Estates
Lake Braddock,Week3,North Springfield,Week2,227.0 Lake Braddock - 160.0 North Springfield
Lakevale Estates,Week5,Fair Oaks ,Week4,281.0 Lakevale Estates - 121.0 Fair Oaks
Lakevale Estates,Week5,Fairfax,Week2,203.0 Fairfax - 199.0 Lakevale Estates
Lakevale Estates,Week2,Overlee,Week1,296.0 Overlee - 106.0 Lakevale Estates
Lakevale Estates,Week1,Overlee,Week2,295.0 Overlee - 107.0 Lakevale Estates
Lakevale Estates,Week2,Sleepy Hollow B & R,Week4,231.0 Lakevale Estates - 171.0 Sleepy Hollow B & R
Lakevale Estates,Week2,Overlee,Week3,303.5 Overlee - 98.5 Lakevale Estates
Lake Braddock,Week4,Villa Aquatic,Week1,283.0 Villa Aquatic - 119.0 Lake Braddock
Lake Braddock,Week2,Oakton ,Week4,344.0 Oakton - 58.0 Lake Braddock
Lakevale Estates,Week3,Fairfax,Week4,205.0 Fairfax - 197.0 Lakevale Estates
Lake Braddock,Week4,North Springfield,Week5,203.0 Lake Braddock - 171.0 North Springfield
Lake Braddock,Week4,Oakton ,Week3,360.0 Oakton - 42.0 Lake Braddock
Lake Braddock,Week1,Village West,Week5,256.0 Village West - 141.0 Lake Braddock
Lake Braddock,Week3,Oakton ,Week2,355.0 Oakton - 47.0 Lake Braddock
Lakevale Estates,Week4,Sideburn Run,Week1,281.0 Lakevale Estates - 121.0 Sideburn Run
Lake Braddock,Week5,Villa Aquatic,Week5,310.0 Villa Aquatic - 92.0 Lake Braddock
Lakevale Estates,Week1,Overlee,Week5,320.0 Overlee - 82.0 Lakevale Estates
Lakevale Estates,Week1,Sleepy Hollow B & R,Week5,202.0 Lakevale Estates - 200.0 Sleepy Hollow B & R
Lakevale Estates,Week4,Fairfax Club Estates,Week5,319.0 Lakevale Estates - 83.0 Fairfax Club Estates
Lake Braddock,Week5,Villa Aquatic,Week2,281.0 Villa Aquatic - 121.0 Lake Braddock
Lake Braddock,Week4,Villa Aquatic,Week2,290.0 Villa Aquatic - 112.0 Lake Braddock
Lakevale Estates,Week2,Sideburn Run,Week5,249.0 Lakevale Estates - 153.0 Sideburn Run
Lakevale Estates,Week1,Orange Hunt,Week3,227.0 Lakevale Estates - 175.0 Orange Hunt
Lake Braddock,Week5,Villa Aquatic,Week4,299.0 Villa Aquatic - 103.0 Lake Braddock
Lakevale Estates,Week4,Fairfax,Week4,218.0 Lakevale Estates - 184.0 Fairfax
Lakevale Estates,Week4,Fairfax,Week2,204.0 Fairfax - 198.0 Lakevale Estates
Lakevale Estates,Week3,Sideburn Run,Week2,284.0 Lakevale Estates - 118.0 Sideburn Run
Lakevale Estates,Week3,Overlee,Week5,311.0 Overlee - 91.0 Lakevale Estates
Lakevale Estates,Week1,Fairfax Station,Week1,206.5 Fairfax Station - 195.5 Lakevale Estates
Lake Braddock,Week1,Villa Aquatic,Week1,302.0 Villa Aquatic - 100.0 Lake Braddock
Lakevale Estates,Week4,Sideburn Run,Week3,296.0 Lakevale Estates - 106.0 Sideburn Run
Lakevale Estates,Week3,Fairfax Club Estates,Week5,303.0 Lakevale Estates - 99.0 Fairfax Club Estates
Lake Braddock,Week5,Old Keene Mill,Week4,225.0 Old Keene Mill - 177.0 Lake Braddock
Lakevale Estates,Week1,Fairfax Club Estates,Week4,295.0 Lakevale Estates - 107.0 Fairfax Club Estates
Lakevale Estates,Week1,Fairfax Club Estates,Week2,300.0 Lakevale Estates - 102.0 Fairfax Club Estates
Lakevale Estates,Week5,Sideburn Run,Week1,276.5 Lakevale Estates - 125.5 Sideburn Run
Lake Braddock,Week5,Old Keene Mill,Week1,216.0 Old Keene Mill - 186.0 Lake Braddock
Lakevale Estates,Week2,Overlee,Week4,321.0 Overlee - 81.0 Lakevale Estates
Lakevale Estates,Week2,Overlee,Week5,324.0 Overlee - 78.0 Lakevale Estates
Lake Braddock,Week1,Villa Aquatic,Week3,324.0 Villa Aquatic - 78.0 Lake Braddock
Lakevale Estates,Week3,Sideburn Run,Week3,264.0 Lakevale Estates - 138.0 Sideburn Run
Lakevale Estates,Week3,Overlee,Week1,280.0 Overlee - 122.0 Lakevale Estates
Lake Braddock,Week1,Villa Aquatic,Week5,326.0 Villa Aquatic - 76.0 Lake Braddock
Lake Braddock,Week5,Old Keene Mill,Week3,226.0 Old Keene Mill - 176.0 Lake Braddock
Lake Braddock,Week2,Old Keene Mill,Week2,235.0 Old Keene Mill - 167.0 Lake Braddock
Lake Braddock,Week3,Villa Aquatic,Week1,276.0 Villa Aquatic - 126.0 Lake Braddock
Lakevale Estates,Week1,Parklawn,Week5,286.0 Lakevale Estates - 111.0 Parklawn
Lakevale Estates,Week1,Parklawn,Week1,313.0 Lakevale Estates - 80.0 Parklawn
Lakevale Estates,Week1,Fairfax Club Estates,Week3,306.0 Lakevale Estates - 96.0 Fairfax Club Estates
Lakevale Estates,Week3,Sideburn Run,Week5,270.0 Lakevale Estates - 132.0 Sideburn Run
Lakevale Estates,Week5,Overlee,Week3,265.0 Overlee - 137.0 Lakevale Estates
Lakevale Estates,Week1,Sleepy Hollow B & R,Week4,222.0 Lakevale Estates - 180.0 Sleepy Hollow B & R
Lake Braddock,Week4,Villa Aquatic,Week4,306.0 Villa Aquatic - 96.0 Lake Braddock
Lake Braddock,Week5,Oakton ,Week1,344.0 Oakton - 58.0 Lake Braddock
Lake Braddock,Week2,Old Keene Mill,Week4,215.0 Old Keene Mill - 187.0 Lake Braddock
Lakevale Estates,Week3,Fairfax Club Estates,Week3,310.0 Lakevale Estates - 92.0 Fairfax Club Estates
Lake Braddock,Week5,Old Keene Mill,Week5,250.0 Old Keene Mill - 152.0 Lake Braddock
Lakevale Estates,Week3,Fairfax Club Estates,Week1,306.0 Lakevale Estates - 96.0 Fairfax Club Estates
Lakevale Estates,Week5,Sideburn Run,Week2,292.0 Lakevale Estates - 110.0 Sideburn Run
Lakevale Estates,Week4,Sideburn Run,Week4,299.0 Lakevale Estates - 103.0 Sideburn Run
Lakevale Estates,Week3,Overlee,Week4,316.0 Overlee - 86.0 Lakevale Estates
Lakevale Estates,Week3,Sideburn Run,Week1,266.0 Lakevale Estates - 136.0 Sideburn Run
Lake Braddock,Week2,Villa Aquatic,Week1,281.0 Villa Aquatic - 121.0 Lake Braddock
Lake Braddock,Week3,Villa Aquatic,Week4,307.0 Villa Aquatic - 95.0 Lake Braddock
Lake Braddock,Week3,Villa Aquatic,Week2,284.0 Villa Aquatic - 118.0 Lake Braddock
Lakevale Estates,Week5,Fairfax,Week5,209.5 Fairfax - 192.5 Lakevale Estates
Lake Braddock,Week2,Old Keene Mill,Week5,252.0 Old Keene Mill - 150.0 Lake Braddock
Lakevale Estates,Week2,Fairfax Club Estates,Week4,297.0 Lakevale Estates - 105.0 Fairfax Club Estates
Lake Braddock,Week4,Old Keene Mill,Week1,226.0 Old Keene Mill - 176.0 Lake Braddock
Lake Braddock,Week2,Villa Aquatic,Week4,309.0 Villa Aquatic - 93.0 Lake Braddock
Lakevale Estates,Week4,Sideburn Run,Week2,303.0 Lakevale Estates - 99.0 Sideburn Run
Lakevale Estates,Week3,Parklawn,Week3,312.0 Lakevale Estates - 90.0 Parklawn
Lake Braddock,Week2,Villa Aquatic,Week3,313.0 Villa Aquatic - 89.0 Lake Braddock
Lakevale Estates,Week2,Fairfax Club Estates,Week3,315.0 Lakevale Estates - 87.0 Fairfax Club Estates
Lakevale Estates,Week2,Fairfax Club Estates,Week2,301.0 Lakevale Estates - 101.0 Fairfax Club Estates
Lake Braddock,Week4,Villa Aquatic,Week5,315.0 Villa Aquatic - 87.0 Lake Braddock
Lakevale Estates,Week3,Sleepy Hollow B & R,Week2,243.0 Lakevale Estates - 159.0 Sleepy Hollow B & R
Lakevale Estates,Week4,Fairfax Club Estates,Week4,317.0 Lakevale Estates - 85.0 Fairfax Club Estates
Lakevale Estates,Week4,Parklawn,Week2,315.0 Lakevale Estates - 87.0 Parklawn
Lakevale Estates,Week5,Sideburn Run,Week4,282.5 Lakevale Estates - 119.5 Sideburn Run
Lake Braddock,Week4,Villa Aquatic,Week3,322.0 Villa Aquatic - 80.0 Lake Braddock
Lake Braddock,Week3,Old Keene Mill,Week1,218.0 Old Keene Mill - 184.0 Lake Braddock
Lakevale Estates,Week4,Overlee,Week3,274.0 Overlee - 128.0 Lakevale Estates
Lake Braddock,Week5,Oakton ,Week4,354.0 Oakton - 48.0 Lake Braddock
Lakevale Estates,Week5,Parklawn,Week2,327.0 Lakevale Estates - 75.0 Parklawn
Lakevale Estates,Week3,Sleepy Hollow B & R,Week1,245.0 Lakevale Estates - 157.0 Sleepy Hollow B & R
Lake Braddock,Week5,Villa Aquatic,Week3,310.0 Villa Aquatic - 92.0 Lake Braddock
Lake Braddock,Week4,Old Keene Mill,Week3,251.0 Old Keene Mill - 151.0 Lake Braddock
Lakevale Estates,Week4,Parklawn,Week3,324.0 Lakevale Estates - 78.0 Parklawn
Lakevale Estates,Week3,Parklawn,Week1,310.0 Lakevale Estates - 83.0 Parklawn
Lakevale Estates,Week5,Sideburn Run,Week3,287.5 Lakevale Estates - 114.5 Sideburn Run
Lakevale Estates,Week4,Fairfax Club Estates,Week1,311.0 Lakevale Estates - 91.0 Fairfax Club Estates
Lakevale Estates,Week2,Sleepy Hollow B & R,Week2,241.0 Lakevale Estates - 161.0 Sleepy Hollow B & R
Lake Braddock,Week1,Village West,Week2,245.0 Village West - 157.0 Lake Braddock
Lakevale Estates,Week3,Fairfax Club Estates,Week2,314.0 Lakevale Estates - 88.0 Fairfax Club Estates
Lake Braddock,Week3,Old Keene Mill,Week5,249.0 Old Keene Mill - 152.0 Lake Braddock
Lakevale Estates,Week4,Overlee,Week5,302.5 Overlee - 99.5 Lakevale Estates
Lake Braddock,Week1,Villa Aquatic,Week4,324.0 Villa Aquatic - 78.0 Lake Braddock
Lake Braddock,Week1,Old Keene Mill,Week5,272.0 Old Keene Mill - 130.0 Lake Braddock
Lake Braddock,Week4,Old Keene Mill,Week4,240.0 Old Keene Mill - 162.0 Lake Braddock
Lakevale Estates,Week1,Fairfax Club Estates,Week5,295.0 Lakevale Estates - 107.0 Fairfax Club Estates
Lake Braddock,Week1,Virginia Hills,Week4,251.0 Lake Braddock - 150.0 Virginia Hills
Lakevale Estates,Week3,Overlee,Week3,279.0 Overlee - 123.0 Lakevale Estates
Lake Braddock,Week1,Village West,Week3,263.0 Village West - 139.0 Lake Braddock
Lake Braddock,Week5,Village West,Week4,208.0 Village West - 189.0 Lake Braddock
Lake Braddock,Week4,Oakton ,Week5,369.0 Oakton - 33.0 Lake Braddock
Lakevale Estates,Week4,Overlee,Week4,312.0 Overlee - 90.0 Lakevale Estates
Lakevale Estates,Week2,Sleepy Hollow B & R,Week1,243.0 Lakevale Estates - 159.0 Sleepy Hollow B & R
Lakevale Estates,Week2,Fairfax Club Estates,Week5,301.0 Lakevale Estates - 101.0 Fairfax Club Estates
Lake Braddock,Week5,Oakton ,Week5,351.0 Oakton - 51.0 Lake Braddock
Lake Braddock,Week1,Virginia Hills,Week2,267.0 Lake Braddock - 134.0 Virginia Hills
Lakevale Estates,Week1,Parklawn,Week4,290.0 Lakevale Estates - 112.0 Parklawn
Lakevale Estates,Week5,Fairfax,Week4,219.5 Lakevale Estates - 182.5 Fairfax
Lakevale Estates,Week1,Parklawn,Week3,308.0 Lakevale Estates - 94.0 Parklawn
Lakevale Estates,Week1,Sleepy Hollow B & R,Week3,228.0 Lakevale Estates - 174.0 Sleepy Hollow B & R
Lakevale Estates,Week5,Sleepy Hollow B & R,Week3,257.0 Lakevale Estates - 145.0 Sleepy Hollow B & R
Lakevale Estates,Week4,Sleepy Hollow B & R,Week2,274.0 Lakevale Estates - 128.0 Sleepy Hollow B & R
Lakevale Estates,Week3,Sleepy Hollow B & R,Week4,240.0 Lakevale Estates - 162.0 Sleepy Hollow B & R
Lakevale Estates,Week4,Fairfax Club Estates,Week3,319.0 Lakevale Estates - 83.0 Fairfax Club Estates
Lake Braddock,Week3,Village West,Week3,230.0 Village West - 172.0 Lake Braddock
Lake Braddock,Week2,Virginia Hills,Week3,267.0 Lake Braddock - 135.0 Virginia Hills
Lakevale Estates,Week4,Overlee,Week1,268.0 Overlee - 134.0 Lakevale Estates
Lake Braddock,Week3,Old Keene Mill,Week4,227.0 Old Keene Mill - 175.0 Lake Braddock
Lakevale Estates,Week2,Parklawn,Week2,299.0 Lakevale Estates - 103.0 Parklawn
Lakevale Estates,Week5,Overlee,Week4,302.0 Overlee - 100.0 Lakevale Estates
Lakevale Estates,Week4,Fairfax Club Estates,Week2,322.0 Lakevale Estates - 80.0 Fairfax Club Estates
Lake Braddock,Week5,Oakton ,Week2,352.0 Oakton - 50.0 Lake Braddock
Lakevale Estates,Week2,Fairfax Club Estates,Week1,289.0 Lakevale Estates - 113.0 Fairfax Club Estates
Lakevale Estates,Week1,Fairfax Club Estates,Week1,291.0 Lakevale Estates - 111.0 Fairfax Club Estates
Lake Braddock,Week1,Virginia Hills,Week5,223.0 Lake Braddock - 178.0 Virginia Hills
Lake Braddock,Week3,Virginia Hills,Week4,282.0 Lake Braddock - 120.0 Virginia Hills
Lakevale Estates,Week2,Sleepy Hollow B & R,Week5,202.0 Lakevale Estates - 200.0 Sleepy Hollow B & R
Lake Braddock,Week3,Old Keene Mill,Week3,231.0 Old Keene Mill - 171.0 Lake Braddock
Lakevale Estates,Week5,Fairfax Club Estates,Week1,327.0 Lakevale Estates - 75.0 Fairfax Club Estates
Lakevale Estates,Week3,Sleepy Hollow Rec,Week3,302.0 Lakevale Estates - 100.0 Sleepy Hollow Rec
Lakevale Estates,Week5,Sideburn Run,Week5,273.0 Lakevale Estates - 129.0 Sideburn Run
Lake Braddock,Week1,Virginia Hills,Week3,255.0 Lake Braddock - 146.0 Virginia Hills
Lake Braddock,Week5,Chesterbrook,Week1,382.0 Chesterbrook - 20.0 Lake Braddock
Lake Braddock,Week2,Old Keene Mill,Week1,220.0 Old Keene Mill - 182.0 Lake Braddock
Lakevale Estates,Week1,Parliament,Week3,251.0 Lakevale Estates - 151.0 Parliament
Lake Braddock,Week3,Old Keene Mill,Week2,232.0 Old Keene Mill - 170.0 Lake Braddock
Lakevale Estates,Week5,Fairfax Club Estates,Week4,305.0 Lakevale Estates - 97.0 Fairfax Club Estates
Lake Braddock,Week2,Old Keene Mill,Week3,232.0 Old Keene Mill - 170.0 Lake Braddock
Lakevale Estates,Week5,Parklawn,Week1,337.0 Lakevale Estates - 56.0 Parklawn
Lake Braddock,Week1,Old Keene Mill,Week3,266.0 Old Keene Mill - 136.0 Lake Braddock
Lakevale Estates,Week2,Sleepy Hollow B & R,Week3,236.0 Lakevale Estates - 166.0 Sleepy Hollow B & R
Lakevale Estates,Week5,Sleepy Hollow Rec,Week1,329.0 Lakevale Estates - 73.0 Sleepy Hollow Rec
Lakevale Estates,Week5,Overlee,Week5,308.0 Overlee - 94.0 Lakevale Estates
Lake Braddock,Week3,Village West,Week2,217.0 Village West - 184.0 Lake Braddock
Lakevale Estates,Week4,Fairfax Station,Week4,240.0 Lakevale Estates - 162.0 Fairfax Station
Lake Braddock,Week5,Oakton ,Week3,347.0 Oakton - 55.0 Lake Braddock
Lake Braddock,Week1,Virginia Hills,Week1,261.0 Lake Braddock - 140.0 Virginia Hills
Lake Braddock,Week4,Old Keene Mill,Week5,258.0 Old Keene Mill - 144.0 Lake Braddock
Lake Braddock,Week5,Daventry,Week4,246.0 Lake Braddock - 155.0 Daventry
Lakevale Estates,Week5,Fairfax Club Estates,Week2,316.0 Lakevale Estates - 86.0 Fairfax Club Estates
Lakevale Estates,Week1,Sleepy Hollow Rec,Week5,298.0 Lakevale Estates - 104.0 Sleepy Hollow Rec
Lakevale Estates,Week3,Fairfax Club Estates,Week4,297.0 Lakevale Estates - 105.0 Fairfax Club Estates
Lakevale Estates,Week4,Sleepy Hollow Rec,Week4,344.0 Lakevale Estates - 58.0 Sleepy Hollow Rec
Lake Braddock,Week1,Dominion Hills,Week2,331.0 Dominion Hills - 71.0 Lake Braddock
Lakevale Estates,Week1,Parklawn,Week2,297.0 Lakevale Estates - 105.0 Parklawn
Lake Braddock,Week1,Old Keene Mill,Week2,267.0 Old Keene Mill - 135.0 Lake Braddock
Lakevale Estates,Week3,Overlee,Week2,285.5 Overlee - 116.5 Lakevale Estates
Lake Braddock,Week4,Daventry,Week3,224.0 Lake Braddock - 178.0 Daventry
Lake Braddock,Week4,Village West,Week3,239.0 Village West - 163.0 Lake Braddock
Lakevale Estates,Week5,Sleepy Hollow Rec,Week3,320.0 Lakevale Estates - 82.0 Sleepy Hollow Rec
Lake Braddock,Week1,Dominion Hills,Week5,338.0 Dominion Hills - 64.0 Lake Braddock
Lake Braddock,Week2,Virginia Hills,Week5,233.0 Lake Braddock - 168.0 Virginia Hills
Lakevale Estates,Week4,Overlee,Week2,275.0 Overlee - 127.0 Lakevale Estates
Lakevale Estates,Week1,Fairfax Station,Week4,206.0 Fairfax Station - 196.0 Lakevale Estates
Lake Braddock,Week5,Daventry,Week2,234.0 Lake Braddock - 167.0 Daventry
Lakevale Estates,Week5,Fairfax Club Estates,Week5,311.0 Lakevale Estates - 91.0 Fairfax Club Estates
Lake Braddock,Week4,Old Keene Mill,Week2,237.0 Old Keene Mill - 165.0 Lake Braddock
Lakevale Estates,Week2,Parklawn,Week3,318.5 Lakevale Estates - 83.5 Parklawn
Lake Braddock,Week5,Orange Hunt,Week5,292.0 Orange Hunt - 110.0 Lake Braddock
Lakevale Estates,Week2,Parklawn,Week4,301.0 Lakevale Estates - 101.0 Parklawn
Lake Braddock,Week5,Village West,Week2,209.0 Lake Braddock - 193.0 Village West
Lake Braddock,Week2,Dominion Hills,Week3,314.0 Dominion Hills - 88.0 Lake Braddock
Lake Braddock,Week2,Village West,Week5,230.0 Village West - 172.0 Lake Braddock
Lake Braddock,Week5,Village West,Week3,230.0 Village West - 172.0 Lake Braddock
Lake Braddock,Week4,Village West,Week2,212.0 Village West - 190.0 Lake Braddock
Lakevale Estates,Week2,Parklawn,Week1,316.0 Lakevale Estates - 77.0 Parklawn
Lakevale Estates,Week1,Forest Hollow,Week4,233.5 Lakevale Estates - 168.5 Forest Hollow
Lakevale Estates,Week2,Sleepy Hollow Rec,Week4,333.0 Lakevale Estates - 69.0 Sleepy Hollow Rec
Lakevale Estates,Week5,Overlee,Week2,269.5 Overlee - 132.5 Lakevale Estates
Lakevale Estates,Week5,Sleepy Hollow B & R,Week5,237.0 Lakevale Estates - 165.0 Sleepy Hollow B & R
Lake Braddock,Week2,Daventry,Week2,214.0 Lake Braddock - 187.0 Daventry
Lake Braddock,Week1,Dominion Hills,Week3,317.0 Dominion Hills - 85.0 Lake Braddock
Lake Braddock,Week2,Village West,Week2,214.0 Village West - 188.0 Lake Braddock
Lakevale Estates,Week1,Fairfax Station,Week3,220.0 Fairfax Station - 182.0 Lakevale Estates
Lake Braddock,Week4,Orange Hunt,Week4,303.0 Orange Hunt - 99.0 Lake Braddock
Lakevale Estates,Week3,Fairfax Station,Week5,201.0 Fairfax Station - 201.0 Lakevale Estates
Lakevale Estates,Week3,Fairfax Station,Week2,212.0 Lakevale Estates - 190.0 Fairfax Station
Lakevale Estates,Week4,Sleepy Hollow B & R,Week4,268.0 Lakevale Estates - 134.0 Sleepy Hollow B & R
Lake Braddock,Week1,Daventry,Week1,214.0 Lake Braddock - 188.0 Daventry
Lake Braddock,Week5,Orange Hunt,Week1,283.0 Orange Hunt - 119.0 Lake Braddock
Lakevale Estates,Week1,Sleepy Hollow Rec,Week3,296.0 Lakevale Estates - 106.0 Sleepy Hollow Rec
Lake Braddock,Week4,Orange Hunt,Week2,297.0 Orange Hunt - 105.0 Lake Braddock
Lake Braddock,Week5,Old Keene Mill,Week2,233.0 Old Keene Mill - 169.0 Lake Braddock
Lakevale Estates,Week5,Sleepy Hollow B & R,Week2,261.0 Lakevale Estates - 141.0 Sleepy Hollow B & R
Lakevale Estates,Week2,Forest Hollow,Week2,238.0 Lakevale Estates - 164.0 Forest Hollow
Lakevale Estates,Week5,Overlee,Week1,259.0 Overlee - 143.0 Lakevale Estates
Lakevale Estates,Week3,Sleepy Hollow Rec,Week1,311.0 Lakevale Estates - 91.0 Sleepy Hollow Rec
Lake Braddock,Week2,Daventry,Week5,218.0 Daventry - 184.0 Lake Braddock
Lake Braddock,Week4,Daventry,Week2,209.0 Lake Braddock - 192.0 Daventry
Lakevale Estates,Week5,Fairfax Station,Week1,228.0 Lakevale Estates - 174.0 Fairfax Station
Lake Braddock,Week4,Daventry,Week1,216.0 Lake Braddock - 185.0 Daventry
Lakevale Estates,Week2,Sleepy Hollow Rec,Week1,328.0 Lakevale Estates - 74.0 Sleepy Hollow Rec
Lakevale Estates,Week3,Sleepy Hollow Rec,Week5,311.0 Lakevale Estates - 91.0 Sleepy Hollow Rec
Lake Braddock,Week3,Village West,Week5,223.0 Village West - 179.0 Lake Braddock
Lakevale Estates,Week3,Sleepy Hollow Rec,Week4,324.0 Lakevale Estates - 78.0 Sleepy Hollow Rec
Lake Braddock,Week5,Orange Hunt,Week4,289.0 Orange Hunt - 113.0 Lake Braddock
Lakevale Estates,Week4,Fairfax Station,Week3,216.0 Lakevale Estates - 186.0 Fairfax Station
Lakevale Estates,Week1,Forest Hollow,Week5,222.0 Lakevale Estates - 180.0 Forest Hollow
Lakevale Estates,Week2,Fairfax Station,Week4,204.0 Fairfax Station - 198.0 Lakevale Estates
Lakevale Estates,Week5,Sleepy Hollow B & R,Week4,275.0 Lakevale Estates - 127.0 Sleepy Hollow B & R
Lake Braddock,Week2,Overlee,Week4,383.0 Overlee - 19.0 Lake Braddock
Lakevale Estates,Week4,Parklawn,Week4,315.0 Lakevale Estates - 87.0 Parklawn
Lake Braddock,Week3,Daventry,Week2,218.0 Lake Braddock - 182.0 Daventry
Lake Braddock,Week3,Daventry,Week3,228.0 Lake Braddock - 173.0 Daventry
Lake Braddock,Week2,Overlee,Week1,363.0 Overlee - 39.0 Lake Braddock
Lakevale Estates,Week3,Parklawn,Week2,306.0 Lakevale Estates - 96.0 Parklawn
Lake Braddock,Week4,Village West,Week1,220.0 Village West - 182.0 Lake Braddock
Lake Braddock,Week2,Overlee,Week3,377.0 Overlee - 25.0 Lake Braddock
Lake Braddock,Week4,Orange Hunt,Week5,313.0 Orange Hunt - 89.0 Lake Braddock
Lake Braddock,Week2,Daventry,Week3,208.0 Lake Braddock - 193.0 Daventry
Lake Braddock,Week4,Village West,Week5,234.0 Village West - 168.0 Lake Braddock
Lake Braddock,Week1,Overlee,Week4,392.0 Overlee - 10.0 Lake Braddock
Lake Braddock,Week3,Village West,Week1,229.0 Village West - 173.0 Lake Braddock
Lakevale Estates,Week3,Parklawn,Week4,305.0 Lakevale Estates - 97.0 Parklawn
Lake Braddock,Week2,Village West,Week4,228.0 Village West - 169.0 Lake Braddock
Lakevale Estates,Week3,Parklawn,Week5,304.0 Lakevale Estates - 93.0 Parklawn
Lakevale Estates,Week1,Sleepy Hollow Rec,Week4,317.0 Lakevale Estates - 85.0 Sleepy Hollow Rec
Lake Braddock,Week3,Daventry,Week4,239.0 Lake Braddock - 162.0 Daventry
Lakevale Estates,Week2,Parklawn,Week5,295.0 Lakevale Estates - 107.0 Parklawn
Lake Braddock,Week3,Village West,Week4,227.0 Village West - 170.0 Lake Braddock
Lakevale Estates,Week2,Forest Hollow,Week5,224.0 Lakevale Estates - 178.0 Forest Hollow
Lake Braddock,Week2,Village West,Week3,226.0 Village West - 176.0 Lake Braddock
Lakevale Estates,Week2,Sleepy Hollow Rec,Week2,335.0 Lakevale Estates - 67.0 Sleepy Hollow Rec
Lakevale Estates,Week2,Fairfax Station,Week2,209.0 Lakevale Estates - 193.0 Fairfax Station
Lakevale Estates,Week1,Sleepy Hollow Rec,Week1,313.0 Lakevale Estates - 89.0 Sleepy Hollow Rec
Lakevale Estates,Week4,Parklawn,Week1,322.0 Lakevale Estates - 71.0 Parklawn
Lake Braddock,Week5,Village West,Week1,209.0 Village West - 193.0 Lake Braddock
Lake Braddock,Week1,Daventry,Week3,206.0 Lake Braddock - 195.0 Daventry
Lakevale Estates,Week3,Forest Hollow,Week2,246.0 Lakevale Estates - 156.0 Forest Hollow
Lake Braddock,Week5,Orange Hunt,Week2,271.0 Orange Hunt - 131.0 Lake Braddock
Lakevale Estates,Week4,Parklawn,Week5,313.0 Lakevale Estates - 89.0 Parklawn
Lakevale Estates,Week5,Parklawn,Week3,326.0 Lakevale Estates - 76.0 Parklawn
Lake Braddock,Week2,Virginia Hills,Week1,284.0 Lake Braddock - 117.0 Virginia Hills
Lakevale Estates,Week5,Parklawn,Week4,316.0 Lakevale Estates - 86.0 Parklawn
Lakevale Estates,Week1,Forest Hollow,Week3,229.5 Lakevale Estates - 172.5 Forest Hollow
Lakevale Estates,Week3,Sleepy Hollow Rec,Week2,320.0 Lakevale Estates - 82.0 Sleepy Hollow Rec
Lake Braddock,Week3,Orange Hunt,Week3,298.0 Orange Hunt - 104.0 Lake Braddock
Lake Braddock,Week4,Daventry,Week5,210.0 Daventry - 192.0 Lake Braddock
Lake Braddock,Week4,Village West,Week4,221.0 Village West - 176.0 Lake Braddock
Lake Braddock,Week2,Village West,Week1,219.0 Village West - 183.0 Lake Braddock
Lakevale Estates,Week4,Sleepy Hollow Rec,Week1,334.5 Lakevale Estates - 67.5 Sleepy Hollow Rec
Lakevale Estates,Week1,Parliament,Week1,231.5 Lakevale Estates - 170.5 Parliament
Lake Braddock,Week2,Orange Hunt,Week1,288.0 Orange Hunt - 114.0 Lake Braddock
Lakevale Estates,Week1,Fairfax Station,Week5,227.0 Fairfax Station - 175.0 Lakevale Estates
Lake Braddock,Week4,Daventry,Week4,225.0 Lake Braddock - 177.0 Daventry
Lakevale Estates,Week5,Sleepy Hollow B & R,Week1,269.0 Lakevale Estates - 133.0 Sleepy Hollow B & R
Lake Braddock,Week1,Daventry,Week4,221.0 Lake Braddock - 181.0 Daventry
Lake Braddock,Week2,Orange Hunt,Week3,292.0 Orange Hunt - 110.0 Lake Braddock
Lakevale Estates,Week2,Sleepy Hollow Rec,Week3,305.0 Lakevale Estates - 97.0 Sleepy Hollow Rec
Lake Braddock,Week5,Village West,Week5,216.0 Village West - 186.0 Lake Braddock
Lake Braddock,Week1,Daventry,Week5,230.0 Daventry - 172.0 Lake Braddock
Lakevale Estates,Week5,Parklawn,Week5,313.0 Lakevale Estates - 89.0 Parklawn
Lakevale Estates,Week3,Fairfax Station,Week3,207.0 Lakevale Estates - 195.0 Fairfax Station
Lakevale Estates,Week5,Fairfax Station,Week4,230.0 Lakevale Estates - 172.0 Fairfax Station
Lake Braddock,Week1,Orange Hunt,Week1,312.0 Orange Hunt - 90.0 Lake Braddock
Lakevale Estates,Week1,Parliament,Week2,257.0 Lakevale Estates - 145.0 Parliament
Lake Braddock,Week3,Orange Hunt,Week2,291.0 Orange Hunt - 111.0 Lake Braddock
Lakevale Estates,Week1,Fairfax Station,Week2,212.5 Fairfax Station - 189.5 Lakevale Estates
Lake Braddock,Week5,Daventry,Week1,237.0 Lake Braddock - 164.0 Daventry
Lakevale Estates,Week3,Parliament,Week3,266.0 Lakevale Estates - 136.0 Parliament
Lake Braddock,Week1,Orange Hunt,Week5,328.0 Orange Hunt - 74.0 Lake Braddock
Lake Braddock,Week3,Virginia Hills,Week3,281.0 Lake Braddock - 121.0 Virginia Hills
Lakevale Estates,Week2,Parliament,Week1,228.0 Lakevale Estates - 174.0 Parliament
Lakevale Estates,Week2,Fairfax Station,Week3,216.0 Fairfax Station - 186.0 Lakevale Estates
Lakevale Estates,Week4,Fairfax Station,Week2,224.0 Lakevale Estates - 178.0 Fairfax Station
Lake Braddock,Week3,Orange Hunt,Week5,309.0 Orange Hunt - 93.0 Lake Braddock
Lakevale Estates,Week2,Fairfax Station,Week1,205.0 Lakevale Estates - 197.0 Fairfax Station
Lakevale Estates,Week4,Sleepy Hollow Rec,Week2,336.0 Lakevale Estates - 66.0 Sleepy Hollow Rec
Lake Braddock,Week3,Virginia Hills,Week2,289.0 Lake Braddock - 111.0 Virginia Hills
Lake Braddock,Week1,Orange Hunt,Week4,314.0 Orange Hunt - 83.0 Lake Braddock
Lake Braddock,Week2,Daventry,Week4,225.5 Lake Braddock - 175.5 Daventry
Lake Braddock,Week1,Orange Hunt,Week2,313.0 Orange Hunt - 89.0 Lake Braddock
Lake Braddock,Week2,Orange Hunt,Week4,291.0 Orange Hunt - 111.0 Lake Braddock
Lake Braddock,Week2,Virginia Hills,Week2,273.0 Lake Braddock - 127.0 Virginia Hills
Lake Braddock,Week2,Virginia Hills,Week4,262.0 Lake Braddock - 139.0 Virginia Hills
Lakevale Estates,Week4,Sleepy Hollow B & R,Week5,242.0 Lakevale Estates - 160.0 Sleepy Hollow B & R
Lakevale Estates,Week4,Sleepy Hollow Rec,Week3,324.0 Lakevale Estates - 78.0 Sleepy Hollow Rec
Lakevale Estates,Week1,Sleepy Hollow Rec,Week2,319.0 Lakevale Estates - 83.0 Sleepy Hollow Rec
Lake Braddock,Week1,Daventry,Week2,218.0 Lake Braddock - 182.0 Daventry
Lake Braddock,Week3,Daventry,Week5,215.0 Daventry - 186.0 Lake Braddock
Lake Braddock,Week3,Virginia Hills,Week1,296.0 Lake Braddock - 106.0 Virginia Hills
Lakevale Estates,Week1,Parliament,Week5,242.0 Lakevale Estates - 160.0 Parliament
Lakevale Estates,Week3,Fairfax Station,Week4,219.0 Lakevale Estates - 183.0 Fairfax Station
Lakevale Estates,Week2,Sleepy Hollow Rec,Week5,318.0 Lakevale Estates - 84.0 Sleepy Hollow Rec
Lakevale Estates,Week3,Parliament,Week2,259.0 Lakevale Estates - 138.0 Parliament
Lake Braddock,Week2,Daventry,Week1,217.0 Lake Braddock - 184.0 Daventry
Lake Braddock,Week2,Virginia Run,Week3,330.0 Virginia Run - 72.0 Lake Braddock
Lake Braddock,Week3,Virginia Run,Week5,341.0 Virginia Run - 61.0 Lake Braddock
Lake Braddock,Week3,Virginia Run,Week3,322.0 Virginia Run - 80.0 Lake Braddock
Lake Braddock,Week5,Virginia Hills,Week3,285.0 Lake Braddock - 117.0 Virginia Hills
Lakevale Estates,Week2,Parliament,Week4,264.0 Lakevale Estates - 138.0 Parliament
Lake Braddock,Week5,Daventry,Week3,231.0 Lake Braddock - 170.0 Daventry
Lake Braddock,Week2,Dominion Hills,Week2,319.0 Dominion Hills - 83.0 Lake Braddock
Lake Braddock,Week3,Orange Hunt,Week4,293.0 Orange Hunt - 109.0 Lake Braddock
Lake Braddock,Week1,Dominion Hills,Week1,309.0 Dominion Hills - 93.0 Lake Braddock
Lakevale Estates,Week4,Fairfax Station,Week5,210.0 Lakevale Estates - 192.0 Fairfax Station
Lake Braddock,Week4,Orange Hunt,Week3,299.0 Orange Hunt - 103.0 Lake Braddock
Lakevale Estates,Week2,Fairfax Station,Week5,226.0 Fairfax Station - 176.0 Lakevale Estates
Lakevale Estates,Week3,Parliament,Week4,272.0 Lakevale Estates - 125.0 Parliament
Lake Braddock,Week3,Dominion Hills,Week3,316.0 Dominion Hills - 86.0 Lake Braddock
Lakevale Estates,Week1,South Run,Week2,259.0 Lakevale Estates - 143.0 South Run
Lakevale Estates,Week2,Parliament,Week2,267.0 Lakevale Estates - 135.0 Parliament
Lakevale Estates,Week2,Somerset-Olde Creek,Week5,334.0 Lakevale Estates - 68.0 Somerset-Olde Creek
Lakevale Estates,Week5,Sleepy Hollow Rec,Week2,339.0 Lakevale Estates - 63.0 Sleepy Hollow Rec
Lakevale Estates,Week2,Somerset-Olde Creek,Week2,352.0 Lakevale Estates - 50.0 Somerset-Olde Creek
Lakevale Estates,Week4,Parliament,Week1,253.0 Lakevale Estates - 149.0 Parliament
Lakevale Estates,Week4,Parliament,Week2,286.0 Lakevale Estates - 116.0 Parliament
Lake Braddock,Week3,Daventry,Week1,224.0 Lake Braddock - 176.0 Daventry
Lake Braddock,Week1,Orange Hunt,Week3,323.0 Orange Hunt - 79.0 Lake Braddock
Lake Braddock,Week2,Orange Hunt,Week2,281.0 Orange Hunt - 121.0 Lake Braddock
Lakevale Estates,Week5,Somerset-Olde Creek,Week5,351.0 Lakevale Estates - 51.0 Somerset-Olde Creek
Lake Braddock,Week3,Orange Hunt,Week1,299.0 Orange Hunt - 103.0 Lake Braddock
Lakevale Estates,Week3,Fairfax Station,Week1,211.0 Lakevale Estates - 191.0 Fairfax Station
Lakevale Estates,Week1,Forest Hollow,Week1,225.5 Lakevale Estates - 176.5 Forest Hollow
Lake Braddock,Week4,Orange Hunt,Week1,299.0 Orange Hunt - 103.0 Lake Braddock
Lakevale Estates,Week3,Parliament,Week1,237.0 Lakevale Estates - 160.0 Parliament
Lakevale Estates,Week4,Sleepy Hollow Rec,Week5,330.0 Lakevale Estates - 72.0 Sleepy Hollow Rec
Lakevale Estates,Week2,Parliament,Week3,258.0 Lakevale Estates - 144.0 Parliament
Lakevale Estates,Week5,Fairfax Station,Week5,202.0 Lakevale Estates - 200.0 Fairfax Station
Lake Braddock,Week2,Dominion Hills,Week1,306.0 Dominion Hills - 96.0 Lake Braddock
Lake Braddock,Week1,Virginia Run,Week1,346.0 Virginia Run - 56.0 Lake Braddock
Lakevale Estates,Week5,Fairfax Station,Week2,230.0 Lakevale Estates - 172.0 Fairfax Station
Lakevale Estates,Week1,Parliament,Week4,267.0 Lakevale Estates - 135.0 Parliament
Lake Braddock,Week2,Orange Hunt,Week5,307.0 Orange Hunt - 95.0 Lake Braddock
Lakevale Estates,Week1,Somerset-Olde Creek,Week4,340.0 Lakevale Estates - 62.0 Somerset-Olde Creek
Lake Braddock,Week1,Dominion Hills,Week4,335.5 Dominion Hills - 61.5 Lake Braddock
Lake Braddock,Week3,Virginia Hills,Week5,251.0 Lake Braddock - 150.0 Virginia Hills
Lake Braddock,Week5,Daventry,Week5,204.0 Daventry - 198.0 Lake Braddock
Lakevale Estates,Week4,Fairfax Station,Week1,228.0 Lakevale Estates - 174.0 Fairfax Station
Lakevale Estates,Week5,Fairfax Station,Week3,214.5 Lakevale Estates - 187.5 Fairfax Station
Lake Braddock,Week5,Virginia Hills,Week1,286.0 Lake Braddock - 115.0 Virginia Hills
Lake Braddock,Week5,Virginia Hills,Week5,254.0 Lake Braddock - 148.0 Virginia Hills
Lakevale Estates,Week3,Somerset-Olde Creek,Week2,344.0 Lakevale Estates - 53.0 Somerset-Olde Creek
Lakevale Estates,Week2,Forest Hollow,Week3,238.0 Lakevale Estates - 164.0 Forest Hollow
Lakevale Estates,Week2,South Run,Week3,259.0 Lakevale Estates - 143.0 South Run
Lakevale Estates,Week3,Parliament,Week5,251.0 Lakevale Estates - 146.0 Parliament
Lake Braddock,Week3,Dominion Hills,Week5,335.0 Dominion Hills - 67.0 Lake Braddock
Lakevale Estates,Week2,Forest Hollow,Week1,240.0 Lakevale Estates - 162.0 Forest Hollow
Lake Braddock,Week5,Orange Hunt,Week3,289.0 Orange Hunt - 113.0 Lake Braddock
Lake Braddock,Week4,Virginia Run,Week1,336.0 Virginia Run - 66.0 Lake Braddock
Lakevale Estates,Week1,South Run,Week4,277.0 Lakevale Estates - 125.0 South Run
Lake Braddock,Week1,Overlee,Week1,377.0 Overlee - 25.0 Lake Braddock
Lake Braddock,Week2,Dominion Hills,Week4,322.0 Dominion Hills - 80.0 Lake Braddock
Lake Braddock,Week2,Virginia Run,Week4,328.0 Virginia Run - 74.0 Lake Braddock
Lakevale Estates,Week4,Parliament,Week3,275.0 Lakevale Estates - 127.0 Parliament
Lake Braddock,Week1,Overlee,Week2,382.0 Overlee - 20.0 Lake Braddock
Lake Braddock,Week4,Virginia Hills,Week2,290.0 Lake Braddock - 111.0 Virginia Hills
Lakevale Estates,Week2,Forest Hollow,Week4,231.0 Lakevale Estates - 171.0 Forest Hollow
Lakevale Estates,Week5,Sleepy Hollow Rec,Week4,337.0 Lakevale Estates - 65.0 Sleepy Hollow Rec
Lakevale Estates,Week4,Somerset-Olde Creek,Week4,349.0 Lakevale Estates - 53.0 Somerset-Olde Creek
Lakevale Estates,Week5,Parliament,Week1,256.0 Lakevale Estates - 145.0 Parliament
Lake Braddock,Week4,Dominion Hills,Week1,298.0 Dominion Hills - 104.0 Lake Braddock
Lake Braddock,Week1,Overlee,Week3,386.0 Overlee - 16.0 Lake Braddock
Lake Braddock,Week4,Virginia Run,Week2,316.0 Virginia Run - 86.0 Lake Braddock
Lakevale Estates,Week4,Parliament,Week5,261.0 Lakevale Estates - 141.0 Parliament
Lakevale Estates,Week1,Forest Hollow,Week2,240.0 Lakevale Estates - 162.0 Forest Hollow
Lake Braddock,Week4,Dominion Hills,Week2,315.0 Dominion Hills - 87.0 Lake Braddock
Lakevale Estates,Week1,Fox Hunt,Week3,249.0 Lakevale Estates - 148.0 Fox Hunt
Lakevale Estates,Week2,Parliament,Week5,250.0 Lakevale Estates - 152.0 Parliament
Lake Braddock,Week4,Overlee,Week2,386.0 Overlee - 16.0 Lake Braddock
Lakevale Estates,Week5,Parliament,Week2,281.0 Lakevale Estates - 121.0 Parliament
Lake Braddock,Week4,Virginia Run,Week3,329.0 Virginia Run - 73.0 Lake Braddock
Lakevale Estates,Week4,Somerset-Olde Creek,Week3,346.0 Lakevale Estates - 56.0 Somerset-Olde Creek
Lakevale Estates,Week4,Forest Hollow,Week5,259.0 Lakevale Estates - 143.0 Forest Hollow
Lake Braddock,Week5,Dominion Hills,Week1,277.0 Dominion Hills - 125.0 Lake Braddock
Lakevale Estates,Week2,Fox Hunt,Week2,259.0 Lakevale Estates - 143.0 Fox Hunt
Lakevale Estates,Week3,Somerset-Olde Creek,Week4,341.0 Lakevale Estates - 61.0 Somerset-Olde Creek
Lake Braddock,Week4,Dominion Hills,Week4,323.0 Dominion Hills - 79.0 Lake Braddock
Lake Braddock,Week2,Virginia Run,Week2,310.0 Virginia Run - 92.0 Lake Braddock
Lakevale Estates,Week5,Parliament,Week3,294.0 Lakevale Estates - 108.0 Parliament
Lake Braddock,Week2,Overlee,Week2,379.0 Overlee - 23.0 Lake Braddock
Lake Braddock,Week1,Overlee,Week5,386.0 Overlee - 16.0 Lake Braddock
Lakevale Estates,Week5,Somerset-Olde Creek,Week2,360.0 Lakevale Estates - 42.0 Somerset-Olde Creek
Lake Braddock,Week4,Virginia Run,Week4,345.0 Virginia Run - 57.0 Lake Braddock
Lake Braddock,Week3,Dominion Hills,Week1,301.0 Dominion Hills - 101.0 Lake Braddock
Lakevale Estates,Week1,Fox Hunt,Week2,255.0 Lakevale Estates - 147.0 Fox Hunt
Lakevale Estates,Week5,Parliament,Week5,274.0 Lakevale Estates - 128.0 Parliament
Lakevale Estates,Week3,Somerset-Olde Creek,Week3,336.0 Lakevale Estates - 61.0 Somerset-Olde Creek
Lake Braddock,Week4,Dominion Hills,Week3,299.0 Dominion Hills - 103.0 Lake Braddock
Lakevale Estates,Week5,Parliament,Week4,298.0 Lakevale Estates - 104.0 Parliament
Lakevale Estates,Week3,Forest Hollow,Week1,245.0 Lakevale Estates - 157.0 Forest Hollow
Lake Braddock,Week1,Parklawn,Week2,231.0 Parklawn - 170.0 Lake Braddock
Lakevale Estates,Week5,Somerset-Olde Creek,Week1,357.0 Lakevale Estates - 45.0 Somerset-Olde Creek
Lake Braddock,Week4,Overlee,Week5,392.0 Overlee - 10.0 Lake Braddock
Lake Braddock,Week3,Virginia Run,Week4,330.5 Virginia Run - 71.5 Lake Braddock
Lake Braddock,Week4,Dominion Hills,Week5,327.0 Dominion Hills - 75.0 Lake Braddock
Lake Braddock,Week2,Parklawn,Week2,223.0 Parklawn - 178.0 Lake Braddock
Lake Braddock,Week2,Parklawn,Week3,227.0 Parklawn - 174.0 Lake Braddock
Lake Braddock,Week2,Virginia Run,Week1,334.0 Virginia Run - 68.0 Lake Braddock
Lakevale Estates,Week2,Fox Hunt,Week5,238.0 Lakevale Estates - 164.0 Fox Hunt
Lakevale Estates,Week4,Somerset-Olde Creek,Week1,356.0 Lakevale Estates - 46.0 Somerset-Olde Creek
Lake Braddock,Week1,Donaldson Run,Week3,367.5 Donaldson Run - 34.5 Lake Braddock
Lakevale Estates,Week2,Somerset-Olde Creek,Week3,344.0 Lakevale Estates - 58.0 Somerset-Olde Creek
Lake Braddock,Week1,Virginia Run,Week2,325.0 Virginia Run - 77.0 Lake Braddock
Lake Braddock,Week5,Dominion Hills,Week2,291.0 Dominion Hills - 111.0 Lake Braddock
Lakevale Estates,Week1,Somerset-Olde Creek,Week2,351.0 Lakevale Estates - 51.0 Somerset-Olde Creek
Lake Braddock,Week1,Donaldson Run,Week2,363.0 Donaldson Run - 39.0 Lake Braddock
Lakevale Estates,Week4,Forest Hollow,Week3,263.0 Lakevale Estates - 139.0 Forest Hollow
Lakevale Estates,Week2,Pinecrest,Week3,215.0 Pinecrest - 187.0 Lakevale Estates
Lake Braddock,Week3,Overlee,Week1,375.0 Overlee - 27.0 Lake Braddock
Lakevale Estates,Week4,Somerset-Olde Creek,Week2,357.0 Lakevale Estates - 45.0 Somerset-Olde Creek
Lake Braddock,Week4,Virginia Hills,Week3,275.0 Lake Braddock - 127.0 Virginia Hills
Lakevale Estates,Week4,Somerset-Olde Creek,Week5,338.0 Lakevale Estates - 64.0 Somerset-Olde Creek
Lakevale Estates,Week5,Sleepy Hollow Rec,Week5,326.0 Lakevale Estates - 76.0 Sleepy Hollow Rec
Lake Braddock,Week5,Dominion Hills,Week4,309.0 Dominion Hills - 93.0 Lake Braddock
Lakevale Estates,Week5,Forest Hollow,Week3,260.0 Lakevale Estates - 142.0 Forest Hollow
Lake Braddock,Week4,Virginia Hills,Week5,249.5 Lake Braddock - 152.5 Virginia Hills
Lake Braddock,Week3,Parklawn,Week2,213.0 Parklawn - 188.0 Lake Braddock
Lake Braddock,Week1,Parklawn,Week5,241.0 Parklawn - 160.0 Lake Braddock
Lakevale Estates,Week4,Pinecrest,Week1,236.0 Lakevale Estates - 166.0 Pinecrest
Lakevale Estates,Week2,Pinewood Lake,Week1,369.0 Lakevale Estates - 33.0 Pinewood Lake
Lakevale Estates,Week5,Forest Hollow,Week5,247.0 Lakevale Estates - 155.0 Forest Hollow
Lakevale Estates,Week3,Somerset-Olde Creek,Week1,334.0 Lakevale Estates - 63.0 Somerset-Olde Creek
Lake Braddock,Week5,Dominion Hills,Week3,285.0 Dominion Hills - 117.0 Lake Braddock
Lakevale Estates,Week3,Forest Hollow,Week4,239.0 Lakevale Estates - 163.0 Forest Hollow
Lake Braddock,Week1,Donaldson Run,Week1,359.0 Donaldson Run - 43.0 Lake Braddock
Lake Braddock,Week5,Dominion Hills,Week5,318.5 Dominion Hills - 83.5 Lake Braddock
Lake Braddock,Week5,Virginia Hills,Week2,293.0 Lake Braddock - 107.0 Virginia Hills
Lake Braddock,Week5,Virginia Hills,Week4,286.0 Lake Braddock - 115.0 Virginia Hills
Lakevale Estates,Week5,Pinecrest,Week4,216.0 Lakevale Estates - 186.0 Pinecrest
Lakevale Estates,Week5,Forest Hollow,Week2,268.0 Lakevale Estates - 134.0 Forest Hollow
Lake Braddock,Week1,Parklawn,Week3,246.0 Parklawn - 155.0 Lake Braddock
Lake Braddock,Week1,Virginia Run,Week4,346.0 Virginia Run - 56.0 Lake Braddock
Lakevale Estates,Week1,Pinewood Lake,Week4,370.0 Lakevale Estates - 27.0 Pinewood Lake
Lakevale Estates,Week4,Parliament,Week4,288.0 Lakevale Estates - 114.0 Parliament
Lakevale Estates,Week5,Forest Hollow,Week1,260.0 Lakevale Estates - 142.0 Forest Hollow
Lakevale Estates,Week1,Pinecrest,Week1,207.0 Lakevale Estates - 195.0 Pinecrest
Lakevale Estates,Week2,Pinecrest,Week5,224.0 Pinecrest - 178.0 Lakevale Estates
Lake Braddock,Week4,Virginia Hills,Week1,291.0 Lake Braddock - 111.0 Virginia Hills
Lake Braddock,Week4,Overlee,Week4,396.0 Overlee - 6.0 Lake Braddock
Lake Braddock,Week3,Overlee,Week5,388.0 Overlee - 14.0 Lake Braddock
Lake Braddock,Week3,Dominion Hills,Week4,325.0 Dominion Hills - 77.0 Lake Braddock
Lakevale Estates,Week2,Fox Hunt,Week3,238.0 Lakevale Estates - 164.0 Fox Hunt
Lake Braddock,Week3,Dominion Hills,Week2,315.0 Dominion Hills - 87.0 Lake Braddock
Lakevale Estates,Week5,Pinecrest,Week2,205.0 Lakevale Estates - 197.0 Pinecrest
Lakevale Estates,Week5,Pinecrest,Week5,222.0 Lakevale Estates - 180.0 Pinecrest
Lakevale Estates,Week1,Somerset-Olde Creek,Week3,342.0 Lakevale Estates - 60.0 Somerset-Olde Creek
Lake Braddock,Week1,Virginia Run,Week3,339.0 Virginia Run - 63.0 Lake Braddock
Lakevale Estates,Week1,Somerset-Olde Creek,Week1,342.0 Lakevale Estates - 60.0 Somerset-Olde Creek
Lake Braddock,Week1,Virginia Run,Week5,360.0 Virginia Run - 42.0 Lake Braddock
Lakevale Estates,Week2,Somerset-Olde Creek,Week4,348.0 Lakevale Estates - 54.0 Somerset-Olde Creek
Lake Braddock,Week4,Virginia Hills,Week4,279.0 Lake Braddock - 123.0 Virginia Hills
Lakevale Estates,Week3,Somerset-Olde Creek,Week5,326.0 Lakevale Estates - 76.0 Somerset-Olde Creek
Lakevale Estates,Week1,Fox Hunt,Week4,254.0 Lakevale Estates - 148.0 Fox Hunt
Lake Braddock,Week3,Virginia Run,Week1,332.0 Virginia Run - 70.0 Lake Braddock
Lakevale Estates,Week3,Fox Hunt,Week2,255.0 Lakevale Estates - 147.0 Fox Hunt
Lakevale Estates,Week5,Pinecrest,Week1,226.0 Lakevale Estates - 176.0 Pinecrest
Lake Braddock,Week1,Parklawn,Week1,203.0 Lake Braddock - 190.0 Parklawn
Lake Braddock,Week3,Parklawn,Week3,223.0 Parklawn - 178.0 Lake Braddock
Lake Braddock,Week2,Virginia Run,Week5,348.0 Virginia Run - 54.0 Lake Braddock
Lakevale Estates,Week3,Pinecrest,Week3,203.0 Pinecrest - 199.0 Lakevale Estates
Lakevale Estates,Week2,Fox Hunt,Week4,252.5 Lakevale Estates - 149.5 Fox Hunt
Lake Braddock,Week2,Parklawn,Week1,223.0 Lake Braddock - 170.0 Parklawn
Lake Braddock,Week3,Parklawn,Week4,225.0 Parklawn - 176.0 Lake Braddock
Lakevale Estates,Week2,Somerset-Olde Creek,Week1,344.0 Lakevale Estates - 58.0 Somerset-Olde Creek
Lakevale Estates,Week3,Fox Hunt,Week1,262.0 Lakevale Estates - 140.0 Fox Hunt
Lake Braddock,Week2,Dominion Hills,Week5,333.0 Dominion Hills - 69.0 Lake Braddock
Lakevale Estates,Week4,Forest Hollow,Week1,252.0 Lakevale Estates - 150.0 Forest Hollow
Lakevale Estates,Week5,Forest Hollow,Week4,254.0 Lakevale Estates - 148.0 Forest Hollow
Lakevale Estates,Week1,Pinewood Lake,Week2,372.0 Lakevale Estates - 25.0 Pinewood Lake
Lakevale Estates,Week2,Pinecrest,Week2,217.0 Pinecrest - 185.0 Lakevale Estates
Lakevale Estates,Week3,Fox Hunt,Week4,247.0 Lakevale Estates - 155.0 Fox Hunt
Lakevale Estates,Week3,Fox Hunt,Week5,234.0 Lakevale Estates - 168.0 Fox Hunt
Lake Braddock,Week5,Wakefield Chapel,Week2,358.0 Wakefield Chapel - 44.0 Lake Braddock
Lake Braddock,Week5,Overlee,Week5,391.0 Overlee - 11.0 Lake Braddock
Lake Braddock,Week4,Overlee,Week1,380.0 Overlee - 22.0 Lake Braddock
Lake Braddock,Week1,Wakefield Chapel,Week3,365.0 Wakefield Chapel - 32.0 Lake Braddock
Lakevale Estates,Week1,Somerset-Olde Creek,Week5,324.0 Lakevale Estates - 78.0 Somerset-Olde Creek
Lakevale Estates,Week1,South Run,Week1,242.0 Lakevale Estates - 151.0 South Run
Lake Braddock,Week4,Wakefield Chapel,Week3,365.0 Wakefield Chapel - 37.0 Lake Braddock
Lakevale Estates,Week1,Pinecrest,Week2,210.0 Pinecrest - 192.0 Lakevale Estates
Lakevale Estates,Week1,South Run,Week3,267.0 Lakevale Estates - 135.0 South Run
Lake Braddock,Week5,Overlee,Week1,369.5 Overlee - 32.5 Lake Braddock
Lakevale Estates,Week5,Somerset-Olde Creek,Week4,355.0 Lakevale Estates - 47.0 Somerset-Olde Creek
Lake Braddock,Week5,Virginia Run,Week3,322.0 Virginia Run - 80.0 Lake Braddock
Lakevale Estates,Week1,Pinecrest,Week3,216.0 Pinecrest - 186.0 Lakevale Estates
Lake Braddock,Week3,Virginia Run,Week2,310.0 Virginia Run - 92.0 Lake Braddock
Lakevale Estates,Week3,Fox Hunt,Week3,247.0 Lakevale Estates - 150.0 Fox Hunt
Lake Braddock,Week2,Overlee,Week5,386.0 Overlee - 16.0 Lake Braddock
Lakevale Estates,Week5,Somerset-Olde Creek,Week3,354.0 Lakevale Estates - 48.0 Somerset-Olde Creek
Lakevale Estates,Week4,Pinecrest,Week5,223.0 Lakevale Estates - 179.0 Pinecrest
Lake Braddock,Week3,Overlee,Week2,378.0 Overlee - 24.0 Lake Braddock
Lake Braddock,Week3,Overlee,Week4,391.0 Overlee - 11.0 Lake Braddock
Lakevale Estates,Week3,Pinecrest,Week5,208.0 Lakevale Estates - 194.0 Pinecrest
Lakevale Estates,Week4,Forest Hollow,Week2,270.0 Lakevale Estates - 132.0 Forest Hollow
Lakevale Estates,Week1,South Run,Week5,245.0 Lakevale Estates - 157.0 South Run
Lake Braddock,Week3,Wakefield Chapel,Week3,360.0 Wakefield Chapel - 42.0 Lake Braddock
Lake Braddock,Week5,Overlee,Week3,383.0 Overlee - 19.0 Lake Braddock
Lakevale Estates,Week2,Springboard,Week3,328.0 Lakevale Estates - 74.0 Springboard
Lakevale Estates,Week2,South Run,Week2,260.0 Lakevale Estates - 142.0 South Run
Lakevale Estates,Week1,Canterbury Woods,Week5,264.0 Lakevale Estates - 138.0 Canterbury Woods
Lakevale Estates,Week2,South Run,Week5,249.0 Lakevale Estates - 153.0 South Run
Lakevale Estates,Week2,Springboard,Week1,324.0 Lakevale Estates - 78.0 Springboard
Lakevale Estates,Week3,Pinecrest,Week4,203.0 Lakevale Estates - 199.0 Pinecrest
Lakevale Estates,Week2,South Run,Week1,237.0 Lakevale Estates - 156.0 South Run
Lake Braddock,Week2,Parklawn,Week4,230.0 Parklawn - 170.0 Lake Braddock
Lake Braddock,Week5,Overlee,Week4,396.0 Overlee - 6.0 Lake Braddock
Lakevale Estates,Week3,Forest Hollow,Week3,245.0 Lakevale Estates - 157.0 Forest Hollow
Lake Braddock,Week5,Overlee,Week2,387.0 Overlee - 15.0 Lake Braddock
Lake Braddock,Week2,Parklawn,Week5,236.0 Parklawn - 164.0 Lake Braddock
Lake Braddock,Week3,Overlee,Week3,377.0 Overlee - 25.0 Lake Braddock
Lakevale Estates,Week3,Pinecrest,Week1,210.0 Lakevale Estates - 192.0 Pinecrest
Lakevale Estates,Week1,Pinewood Lake,Week3,381.0 Lakevale Estates - 16.0 Pinewood Lake
Lake Braddock,Week1,Wakefield Chapel,Week4,368.0 Wakefield Chapel - 34.0 Lake Braddock
Lakevale Estates,Week1,Fox Hunt,Week1,248.0 Lakevale Estates - 154.0 Fox Hunt
Lake Braddock,Week3,Wakefield Chapel,Week5,369.0 Wakefield Chapel - 33.0 Lake Braddock
Lakevale Estates,Week1,Springboard,Week2,337.0 Lakevale Estates - 65.0 Springboard
Lake Braddock,Week1,Parklawn,Week4,257.0 Parklawn - 144.0 Lake Braddock
Lake Braddock,Week5,Virginia Run,Week4,314.0 Virginia Run - 88.0 Lake Braddock
Lake Braddock,Week2,Wakefield Chapel,Week2,363.0 Wakefield Chapel - 39.0 Lake Braddock
Lake Braddock,Week4,Virginia Run,Week5,347.0 Virginia Run - 55.0 Lake Braddock
Lakevale Estates,Week1,Fox Hunt,Week5,225.0 Lakevale Estates - 177.0 Fox Hunt
Lakevale Estates,Week3,Pinecrest,Week2,202.0 Pinecrest - 200.0 Lakevale Estates
Lake Braddock,Week5,Wakefield Chapel,Week1,357.0 Wakefield Chapel - 45.0 Lake Braddock
Lakevale Estates,Week2,Fox Hunt,Week1,277.0 Lakevale Estates - 125.0 Fox Hunt
Lake Braddock,Week3,Parklawn,Week1,217.0 Lake Braddock - 176.0 Parklawn
Lakevale Estates,Week2,Springboard,Week2,344.0 Lakevale Estates - 58.0 Springboard
Lake Braddock,Week3,Wakefield Chapel,Week1,361.0 Wakefield Chapel - 41.0 Lake Braddock
Lakevale Estates,Week4,Pinecrest,Week4,215.0 Lakevale Estates - 187.0 Pinecrest
Lakevale Estates,Week5,South Run,Week5,255.5 Lakevale Estates - 146.5 South Run
Lakevale Estates,Week4,Canterbury Woods,Week1,304.0 Lakevale Estates - 98.0 Canterbury Woods
Lakevale Estates,Week1,Pinecrest,Week4,223.5 Pinecrest - 178.5 Lakevale Estates
Lakevale Estates,Week2,Canterbury Woods,Week2,293.0 Lakevale Estates - 109.0 Canterbury Woods
Lake Braddock,Week4,Wakefield Chapel,Week4,363.0 Wakefield Chapel - 39.0 Lake Braddock
Lakevale Estates,Week5,South Run,Week4,280.0 Lakevale Estates - 122.0 South Run
Lakevale Estates,Week4,Forest Hollow,Week4,263.0 Lakevale Estates - 139.0 Forest Hollow
Lakevale Estates,Week4,Pinecrest,Week2,220.0 Lakevale Estates - 182.0 Pinecrest
Lake Braddock,Week4,Overlee,Week3,386.0 Overlee - 16.0 Lake Braddock
Lakevale Estates,Week4,Pinecrest,Week3,222.0 Lakevale Estates - 180.0 Pinecrest
Lakevale Estates,Week3,Forest Hollow,Week5,236.0 Lakevale Estates - 166.0 Forest Hollow
Lakevale Estates,Week1,Pinecrest,Week5,210.0 Pinecrest - 192.0 Lakevale Estates
Lake Braddock,Week1,Wakefield Chapel,Week1,368.0 Wakefield Chapel - 34.0 Lake Braddock
Lakevale Estates,Week2,South Run,Week4,273.0 Lakevale Estates - 129.0 South Run
Lake Braddock,Week5,Mosby Woods,Week1,319.0 Mosby Woods - 83.0 Lake Braddock
Lakevale Estates,Week2,Pinecrest,Week1,209.0 Lakevale Estates - 193.0 Pinecrest
Lakevale Estates,Week2,Canterbury Woods,Week3,286.0 Lakevale Estates - 116.0 Canterbury Woods
Lake Braddock,Week5,Virginia Run,Week2,292.0 Virginia Run - 110.0 Lake Braddock
Lakevale Estates,Week1,Cardinal Hill,Week4,216.0 Lakevale Estates - 186.0 Cardinal Hill
Lake Braddock,Week1,Wakefield Chapel,Week2,364.0 Wakefield Chapel - 38.0 Lake Braddock
Lake Braddock,Week1,Mount Vernon Park,Week2,340.0 Mount Vernon Park - 62.0 Lake Braddock
Lakevale Estates,Week1,Pinewood Lake,Week1,368.0 Lakevale Estates - 29.0 Pinewood Lake
Lakevale Estates,Week2,Pinecrest,Week4,215.0 Pinecrest - 187.0 Lakevale Estates
Lakevale Estates,Week3,Springboard,Week1,318.0 Lakevale Estates - 84.0 Springboard
Lakevale Estates,Week3,Springboard,Week2,341.0 Lakevale Estates - 56.0 Springboard
Lake Braddock,Week4,Wakefield Chapel,Week2,370.0 Wakefield Chapel - 32.0 Lake Braddock
Lake Braddock,Week1,Mosby Woods,Week2,349.0 Mosby Woods - 53.0 Lake Braddock
Lake Braddock,Week2,Wakefield Chapel,Week3,360.0 Wakefield Chapel - 42.0 Lake Braddock
Lakevale Estates,Week3,South Run,Week5,246.0 Lakevale Estates - 156.0 South Run
Lakevale Estates,Week2,Canterbury Woods,Week4,275.0 Lakevale Estates - 127.0 Canterbury Woods
Lake Braddock,Week5,Mosby Woods,Week3,320.0 Mosby Woods - 82.0 Lake Braddock
Lakevale Estates,Week5,South Run,Week3,280.0 Lakevale Estates - 122.0 South Run
Lake Braddock,Week5,Mosby Woods,Week5,324.0 Mosby Woods - 78.0 Lake Braddock
Lakevale Estates,Week1,Pinewood Lake,Week5,369.0 Lakevale Estates - 28.0 Pinewood Lake
Lake Braddock,Week5,Virginia Run,Week1,308.0 Virginia Run - 94.0 Lake Braddock
Lakevale Estates,Week2,Cardinal Hill,Week2,240.0 Lakevale Estates - 162.0 Cardinal Hill
Lakevale Estates,Week5,Canterbury Woods,Week4,306.0 Lakevale Estates - 96.0 Canterbury Woods
Lakevale Estates,Week5,Pinecrest,Week3,213.0 Lakevale Estates - 189.0 Pinecrest
Lakevale Estates,Week3,South Run,Week4,275.0 Lakevale Estates - 127.0 South Run
Lakevale Estates,Week5,Pinewood Lake,Week2,377.0 Lakevale Estates - 25.0 Pinewood Lake
Lake Braddock,Week2,Mount Vernon Park,Week2,338.0 Mount Vernon Park - 64.0 Lake Braddock
Lakevale Estates,Week5,Canterbury Woods,Week1,313.0 Lakevale Estates - 89.0 Canterbury Woods
Lake Braddock,Week1,Mount Vernon Park,Week5,346.0 Mount Vernon Park - 56.0 Lake Braddock
Lakevale Estates,Week5,Pinewood Lake,Week5,375.0 Lakevale Estates - 27.0 Pinewood Lake
Lakevale Estates,Week4,Pinewood Lake,Week1,371.0 Lakevale Estates - 30.0 Pinewood Lake
Lakevale Estates,Week3,Cardinal Hill,Week5,230.0 Lakevale Estates - 172.0 Cardinal Hill
Lakevale Estates,Week3,South Run,Week3,268.0 Lakevale Estates - 134.0 South Run
Lake Braddock,Week4,Wakefield Chapel,Week1,363.0 Wakefield Chapel - 39.0 Lake Braddock
Lake Braddock,Week5,Virginia Run,Week5,327.0 Virginia Run - 75.0 Lake Braddock
Lakevale Estates,Week3,Canterbury Woods,Week5,268.0 Lakevale Estates - 129.0 Canterbury Woods
Lake Braddock,Week1,Mosby Woods,Week1,342.0 Mosby Woods - 60.0 Lake Braddock
Lakevale Estates,Week1,Springboard,Week1,307.0 Lakevale Estates - 95.0 Springboard
Lakevale Estates,Week4,South Run,Week5,267.0 Lakevale Estates - 135.0 South Run
Lake Braddock,Week2,Mosby Woods,Week2,339.5 Mosby Woods - 62.5 Lake Braddock
Lakevale Estates,Week4,South Run,Week4,290.0 Lakevale Estates - 112.0 South Run
Lakevale Estates,Week1,Pleasant Valley,Week5,326.0 Lakevale Estates - 76.0 Pleasant Valley
Lakevale Estates,Week2,Canterbury Woods,Week5,277.5 Lakevale Estates - 124.5 Canterbury Woods
Lake Braddock,Week1,Mosby Woods,Week4,326.0 Mosby Woods - 76.0 Lake Braddock
Lake Braddock,Week3,Wakefield Chapel,Week4,356.0 Wakefield Chapel - 46.0 Lake Braddock
Lake Braddock,Week2,Wakefield Chapel,Week1,353.0 Wakefield Chapel - 49.0 Lake Braddock
Lakevale Estates,Week3,Cardinal Hill,Week2,235.0 Lakevale Estates - 162.0 Cardinal Hill
Lakevale Estates,Week2,Pleasant Valley,Week4,354.0 Lakevale Estates - 47.0 Pleasant Valley
Lakevale Estates,Week2,Pinewood Lake,Week3,384.0 Lakevale Estates - 17.0 Pinewood Lake
Lake Braddock,Week1,Wakefield Chapel,Week5,379.0 Wakefield Chapel - 23.0 Lake Braddock
Lakevale Estates,Week5,South Run,Week2,279.0 Lakevale Estates - 123.0 South Run
Lakevale Estates,Week5,Canterbury Woods,Week5,298.0 Lakevale Estates - 104.0 Canterbury Woods
Lake Braddock,Week1,Mosby Woods,Week5,341.0 Mosby Woods - 61.0 Lake Braddock
Lake Braddock,Week5,Walden Glen,Week1,220.0 Walden Glen - 181.0 Lake Braddock
Lakevale Estates,Week3,South Run,Week1,244.0 Lakevale Estates - 149.0 South Run
Lake Braddock,Week3,Mosby Woods,Week5,332.0 Mosby Woods - 70.0 Lake Braddock
Lakevale Estates,Week3,Canterbury Woods,Week2,292.0 Lakevale Estates - 110.0 Canterbury Woods
Lakevale Estates,Week3,Pinewood Lake,Week2,365.0 Lakevale Estates - 27.0 Pinewood Lake
Lakevale Estates,Week4,Canterbury Woods,Week4,297.0 Lakevale Estates - 105.0 Canterbury Woods
Lakevale Estates,Week4,South Run,Week2,280.0 Lakevale Estates - 122.0 South Run
Lake Braddock,Week2,Wakefield Chapel,Week4,358.0 Wakefield Chapel - 44.0 Lake Braddock
Lake Braddock,Week3,Walden Glen,Week2,249.0 Walden Glen - 153.0 Lake Braddock
Lake Braddock,Week4,Wakefield Chapel,Week5,376.0 Wakefield Chapel - 26.0 Lake Braddock
Lakevale Estates,Week1,Springboard,Week4,307.0 Lakevale Estates - 90.0 Springboard
Lakevale Estates,Week2,Canterbury Woods,Week1,293.0 Lakevale Estates - 109.0 Canterbury Woods
Lake Braddock,Week2,Mosby Woods,Week1,325.0 Mosby Woods - 77.0 Lake Braddock
Lakevale Estates,Week4,South Run,Week3,281.0 Lakevale Estates - 121.0 South Run
Lake Braddock,Week2,Wakefield Chapel,Week5,366.0 Wakefield Chapel - 36.0 Lake Braddock
Lakevale Estates,Week3,Canterbury Woods,Week1,285.0 Lakevale Estates - 112.0 Canterbury Woods
Lakevale Estates,Week3,Pleasant Valley,Week2,348.0 Lakevale Estates - 54.0 Pleasant Valley
Lake Braddock,Week2,Mosby Woods,Week4,320.0 Mosby Woods - 82.0 Lake Braddock
Lakevale Estates,Week1,Springboard,Week5,304.0 Lakevale Estates - 98.0 Springboard
Lakevale Estates,Week2,Pleasant Valley,Week5,328.0 Lakevale Estates - 73.0 Pleasant Valley
Lake Braddock,Week3,Wakefield Chapel,Week2,360.0 Wakefield Chapel - 42.0 Lake Braddock
Lakevale Estates,Week4,Pinewood Lake,Week5,380.0 Lakevale Estates - 21.0 Pinewood Lake
Lake Braddock,Week2,Walden Glen,Week2,251.0 Walden Glen - 150.0 Lake Braddock
Lakevale Estates,Week5,South Run,Week1,245.5 Lakevale Estates - 147.5 South Run
Lakevale Estates,Week2,Pinewood Lake,Week2,373.0 Lakevale Estates - 29.0 Pinewood Lake
Lakevale Estates,Week4,Canterbury Woods,Week3,305.0 Lakevale Estates - 97.0 Canterbury Woods
Lake Braddock,Week3,Walden Glen,Week5,289.0 Walden Glen - 113.0 Lake Braddock
Lake Braddock,Week5,McLean,Week5,356.0 McLean - 46.0 Lake Braddock
Lake Braddock,Week2,Mosby Woods,Week3,328.0 Mosby Woods - 74.0 Lake Braddock
Lakevale Estates,Week5,Canterbury Woods,Week2,313.0 Lakevale Estates - 89.0 Canterbury Woods
Lakevale Estates,Week3,Canterbury Woods,Week4,273.0 Lakevale Estates - 129.0 Canterbury Woods
Lake Braddock,Week1,Mosby Woods,Week3,341.0 Mosby Woods - 56.0 Lake Braddock
Lakevale Estates,Week1,Pleasant Valley,Week2,340.0 Lakevale Estates - 62.0 Pleasant Valley
Lakevale Estates,Week3,South Run,Week2,263.0 Lakevale Estates - 139.0 South Run
Lakevale Estates,Week4,Canterbury Woods,Week5,291.0 Lakevale Estates - 111.0 Canterbury Woods
Lakevale Estates,Week2,Pinewood Lake,Week4,372.0 Lakevale Estates - 29.0 Pinewood Lake
Lake Braddock,Week2,Mosby Woods,Week5,334.0 Mosby Woods - 68.0 Lake Braddock
Lakevale Estates,Week3,Canterbury Woods,Week3,279.0 Lakevale Estates - 123.0 Canterbury Woods
Lakevale Estates,Week2,Pinewood Lake,Week5,376.0 Lakevale Estates - 25.0 Pinewood Lake
Lakevale Estates,Week4,Pinewood Lake,Week3,385.0 Lakevale Estates - 16.0 Pinewood Lake
Lakevale Estates,Week1,Springboard,Week3,319.0 Lakevale Estates - 83.0 Springboard
Lake Braddock,Week1,Waynewood,Week2,350.0 Waynewood - 52.0 Lake Braddock
Lakevale Estates,Week4,South Run,Week1,261.0 Lakevale Estates - 132.0 South Run
Lake Braddock,Week3,Mosby Woods,Week3,335.0 Mosby Woods - 67.0 Lake Braddock
Lake Braddock,Week3,Mosby Woods,Week2,337.0 Mosby Woods - 65.0 Lake Braddock
Lake Braddock,Week4,Mosby Woods,Week2,336.0 Mosby Woods - 66.0 Lake Braddock
Lake Braddock,Week4,Mosby Woods,Week3,343.0 Mosby Woods - 59.0 Lake Braddock
Lake Braddock,Week4,Walden Glen,Week1,232.0 Walden Glen - 170.0 Lake Braddock
Lakevale Estates,Week1,Cardinal Hill,Week2,216.0 Lakevale Estates - 186.0 Cardinal Hill
Lakevale Estates,Week2,Springboard,Week5,312.0 Lakevale Estates - 90.0 Springboard
Lakevale Estates,Week2,Springboard,Week4,316.0 Lakevale Estates - 86.0 Springboard
Lakevale Estates,Week5,Canterbury Woods,Week3,309.5 Lakevale Estates - 92.5 Canterbury Woods
Lakevale Estates,Week3,Pleasant Valley,Week3,323.0 Lakevale Estates - 79.0 Pleasant Valley
Lakevale Estates,Week1,Springfield,Week1,386.0 Lakevale Estates - 16.0 Springfield
Lakevale Estates,Week1,Canterbury Woods,Week4,254.0 Lakevale Estates - 148.0 Canterbury Woods
Lake Braddock,Week3,Mosby Woods,Week4,323.0 Mosby Woods - 79.0 Lake Braddock
Lake Braddock,Week1,Walden Glen,Week1,244.0 Walden Glen - 154.0 Lake Braddock
Lakevale Estates,Week3,Pinewood Lake,Week5,369.0 Lakevale Estates - 28.0 Pinewood Lake
Lakevale Estates,Week3,Pinewood Lake,Week4,366.0 Lakevale Estates - 31.0 Pinewood Lake
Lakevale Estates,Week5,Springboard,Week3,339.0 Lakevale Estates - 63.0 Springboard
Lakevale Estates,Week1,Cardinal Hill,Week1,212.0 Lakevale Estates - 190.0 Cardinal Hill
Lakevale Estates,Week1,Cardinal Hill,Week3,217.0 Cardinal Hill - 185.0 Lakevale Estates
Lake Braddock,Week4,Mosby Woods,Week4,330.0 Mosby Woods - 72.0 Lake Braddock
Lakevale Estates,Week4,Pinewood Lake,Week4,379.0 Lakevale Estates - 22.0 Pinewood Lake
Lakevale Estates,Week1,Village West,Week5,306.0 Lakevale Estates - 96.0 Village West
Lakevale Estates,Week4,Springboard,Week5,330.5 Lakevale Estates - 71.5 Springboard
Lake Braddock,Week4,Mosby Woods,Week1,340.0 Mosby Woods - 62.0 Lake Braddock
Lakevale Estates,Week4,Pinewood Lake,Week2,381.0 Lakevale Estates - 20.0 Pinewood Lake
Lake Braddock,Week2,Walden Glen,Week3,258.0 Walden Glen - 143.0 Lake Braddock
Lake Braddock,Week1,Walden Glen,Week5,298.0 Walden Glen - 104.0 Lake Braddock
Lake Braddock,Week1,Walden Glen,Week3,279.0 Walden Glen - 123.0 Lake Braddock
Lakevale Estates,Week4,Springboard,Week3,339.0 Lakevale Estates - 63.0 Springboard
Lakevale Estates,Week3,Pinewood Lake,Week3,375.0 Lakevale Estates - 22.0 Pinewood Lake
Lakevale Estates,Week5,Pinewood Lake,Week1,366.0 Lakevale Estates - 35.0 Pinewood Lake
Lake Braddock,Week5,Mosby Woods,Week4,312.0 Mosby Woods - 90.0 Lake Braddock
Lake Braddock,Week3,Mosby Woods,Week1,323.0 Mosby Woods - 79.0 Lake Braddock
Lakevale Estates,Week4,Springfield,Week2,384.0 Lakevale Estates - 16.0 Springfield
Lakevale Estates,Week1,Cardinal Hill,Week5,226.5 Lakevale Estates - 175.5 Cardinal Hill
Lake Braddock,Week5,Wakefield Chapel,Week5,362.0 Wakefield Chapel - 40.0 Lake Braddock
Lake Braddock,Week3,Walden Glen,Week1,222.0 Walden Glen - 180.0 Lake Braddock
Lakevale Estates,Week4,Canterbury Woods,Week2,305.0 Lakevale Estates - 97.0 Canterbury Woods
Lakevale Estates,Week1,Springfield,Week4,374.5 Lakevale Estates - 22.5 Springfield
Lakevale Estates,Week3,Village West,Week5,302.0 Lakevale Estates - 100.0 Village West
Lake Braddock,Week3,Walden Glen,Week3,254.0 Walden Glen - 147.0 Lake Braddock
Lakevale Estates,Week5,Pinewood Lake,Week4,374.0 Lakevale Estates - 28.0 Pinewood Lake
Lakevale Estates,Week2,Virginia Hills,Week1,367.0 Lakevale Estates - 35.0 Virginia Hills
Lake Braddock,Week4,Mosby Woods,Week5,336.0 Mosby Woods - 66.0 Lake Braddock
Lakevale Estates,Week2,Cardinal Hill,Week1,214.0 Lakevale Estates - 188.0 Cardinal Hill
Lake Braddock,Week4,Walden Glen,Week5,288.0 Walden Glen - 114.0 Lake Braddock
Lakevale Estates,Week2,Cardinal Hill,Week4,229.0 Lakevale Estates - 173.0 Cardinal Hill
Lake Braddock,Week1,Mount Vernon Park,Week1,330.0 Mount Vernon Park - 72.0 Lake Braddock
Lakevale Estates,Week3,Pinewood Lake,Week1,366.0 Lakevale Estates - 26.0 Pinewood Lake
Lake Braddock,Week5,Wakefield Chapel,Week4,350.0 Wakefield Chapel - 52.0 Lake Braddock
Lakevale Estates,Week5,Pinewood Lake,Week3,380.0 Lakevale Estates - 21.0 Pinewood Lake
Lakevale Estates,Week1,Virginia Hills,Week4,370.0 Lakevale Estates - 32.0 Virginia Hills
Lake Braddock,Week5,Mosby Woods,Week2,326.0 Mosby Woods - 76.0 Lake Braddock
Lakevale Estates,Week1,Springfield,Week3,376.0 Lakevale Estates - 21.0 Springfield
Lakevale Estates,Week4,Village West,Week5,317.0 Lakevale Estates - 85.0 Village West
Lakevale Estates,Week2,Cardinal Hill,Week3,206.0 Cardinal Hill - 196.0 Lakevale Estates
Lakevale Estates,Week5,Village West,Week3,312.0 Lakevale Estates - 90.0 Village West
Lakevale Estates,Week2,Springfield,Week5,387.0 Lakevale Estates - 12.0 Springfield
Lake Braddock,Week4,Walden Glen,Week2,255.5 Walden Glen - 145.5 Lake Braddock
Lake Braddock,Week4,Mount Vernon Park,Week5,350.0 Mount Vernon Park - 52.0 Lake Braddock
Lakevale Estates,Week3,Village West,Week3,288.0 Lakevale Estates - 114.0 Village West
Lake Braddock,Week1,Mount Vernon Park,Week3,346.0 Mount Vernon Park - 56.0 Lake Braddock
Lake Braddock,Week2,Mount Vernon Park,Week1,329.0 Mount Vernon Park - 73.0 Lake Braddock
Lake Braddock,Week2,Mount Vernon Park,Week3,334.5 Mount Vernon Park - 67.5 Lake Braddock
Lakevale Estates,Week2,Village West,Week4,302.0 Lakevale Estates - 95.0 Village West
Lakevale Estates,Week3,Village West,Week1,310.0 Lakevale Estates - 92.0 Village West
Lakevale Estates,Week1,Pleasant Valley,Week4,335.0 Lakevale Estates - 62.0 Pleasant Valley
Lakevale Estates,Week2,Springfield,Week3,376.0 Lakevale Estates - 26.0 Springfield
Lakevale Estates,Week3,Cardinal Hill,Week1,220.0 Lakevale Estates - 182.0 Cardinal Hill
Lake Braddock,Week1,Waynewood,Week1,327.0 Waynewood - 75.0 Lake Braddock
Lake Braddock,Week2,Walden Glen,Week5,280.0 Walden Glen - 122.0 Lake Braddock
Lake Braddock,Week1,Walden Glen,Week4,291.0 Walden Glen - 106.0 Lake Braddock
Lake Braddock,Week1,Mount Vernon Park,Week4,348.0 Mount Vernon Park - 54.0 Lake Braddock
Lakevale Estates,Week3,Cardinal Hill,Week4,240.0 Lakevale Estates - 162.0 Cardinal Hill
Lakevale Estates,Week5,Springboard,Week2,360.0 Lakevale Estates - 42.0 Springboard
Lakevale Estates,Week3,Cardinal Hill,Week3,205.0 Lakevale Estates - 197.0 Cardinal Hill
Lakevale Estates,Week3,Chesterbrook,Week5,305.0 Chesterbrook - 97.0 Lakevale Estates
Lakevale Estates,Week2,Cardinal Hill,Week5,214.0 Lakevale Estates - 188.0 Cardinal Hill
Lakevale Estates,Week3,Springfield,Week3,364.0 Lakevale Estates - 28.0 Springfield
Lakevale Estates,Week4,Village West,Week1,329.0 Lakevale Estates - 73.0 Village West
Lakevale Estates,Week3,Springboard,Week4,308.0 Lakevale Estates - 84.0 Springboard
Lakevale Estates,Week1,Village West,Week3,296.0 Lakevale Estates - 106.0 Village West
Lake Braddock,Week1,Walden Glen,Week2,279.0 Walden Glen - 123.0 Lake Braddock
Lakevale Estates,Week5,Village West,Week4,323.0 Lakevale Estates - 74.0 Village West
Lakevale Estates,Week2,Pleasant Valley,Week1,344.0 Lakevale Estates - 58.0 Pleasant Valley
Lake Braddock,Week2,Walden Glen,Week4,276.0 Walden Glen - 126.0 Lake Braddock
Lakevale Estates,Week2,Chesterbrook,Week4,313.0 Chesterbrook - 89.0 Lakevale Estates
Lakevale Estates,Week1,Pleasant Valley,Week1,333.0 Lakevale Estates - 69.0 Pleasant Valley
Lake Braddock,Week2,Mount Vernon Park,Week5,337.0 Mount Vernon Park - 65.0 Lake Braddock
Lakevale Estates,Week1,Springfield,Week5,387.0 Lakevale Estates - 10.0 Springfield
Lakevale Estates,Week2,Pleasant Valley,Week3,324.0 Lakevale Estates - 78.0 Pleasant Valley
Lakevale Estates,Week1,Pleasant Valley,Week3,323.0 Lakevale Estates - 79.0 Pleasant Valley
Lake Braddock,Week5,Walden Glen,Week4,249.0 Walden Glen - 153.0 Lake Braddock
Lake Braddock,Week3,Mount Vernon Park,Week5,345.0 Mount Vernon Park - 57.0 Lake Braddock
Lakevale Estates,Week3,Springfield,Week5,381.0 Lakevale Estates - 10.0 Springfield
Lakevale Estates,Week3,Chesterbrook,Week4,315.0 Chesterbrook - 87.0 Lakevale Estates
Lakevale Estates,Week2,Village West,Week1,313.0 Lakevale Estates - 89.0 Village West
Lake Braddock,Week4,Walden Glen,Week4,275.0 Walden Glen - 127.0 Lake Braddock
Lakevale Estates,Week2,Pleasant Valley,Week2,349.0 Lakevale Estates - 53.0 Pleasant Valley
Lakevale Estates,Week2,Springfield,Week1,387.0 Lakevale Estates - 14.0 Springfield
Lakevale Estates,Week4,Village West,Week4,318.0 Lakevale Estates - 79.0 Village West
Lakevale Estates,Week3,Pleasant Valley,Week1,345.0 Lakevale Estates - 57.0 Pleasant Valley
Lake Braddock,Week3,Walden Glen,Week4,272.0 Walden Glen - 130.0 Lake Braddock
Lake Braddock,Week3,Mount Vernon Park,Week4,330.0 Mount Vernon Park - 72.0 Lake Braddock
Lakevale Estates,Week4,Virginia Hills,Week4,373.0 Lakevale Estates - 29.0 Virginia Hills
Lake Braddock,Week4,Mount Vernon Park,Week4,341.0 Mount Vernon Park - 61.0 Lake Braddock
Lakevale Estates,Week2,Chesterbrook,Week2,302.0 Chesterbrook - 100.0 Lakevale Estates
Lakevale Estates,Week5,Cardinal Hill,Week2,264.0 Lakevale Estates - 138.0 Cardinal Hill
Lake Braddock,Week5,Wakefield Chapel,Week3,360.0 Wakefield Chapel - 42.0 Lake Braddock
Lakevale Estates,Week4,Springfield,Week1,393.0 Lakevale Estates - 8.0 Springfield
Lakevale Estates,Week4,Cardinal Hill,Week5,246.0 Lakevale Estates - 156.0 Cardinal Hill
Lakevale Estates,Week5,Village West,Week1,330.0 Lakevale Estates - 72.0 Village West
Lake Braddock,Week1,Newington Forest,Week2,233.0 Newington Forest - 167.0 Lake Braddock
Lakevale Estates,Week3,Poplar Heights,Week3,242.0 Lakevale Estates - 160.0 Poplar Heights
Lake Braddock,Week5,Walden Glen,Week2,246.0 Walden Glen - 156.0 Lake Braddock
Lakevale Estates,Week3,Pleasant Valley,Week4,347.0 Lakevale Estates - 50.0 Pleasant Valley
Lake Braddock,Week1,Newington Forest,Week5,281.0 Newington Forest - 121.0 Lake Braddock
Lakevale Estates,Week4,Poplar Heights,Week2,254.5 Lakevale Estates - 147.5 Poplar Heights
Lakevale Estates,Week1,Virginia Hills,Week3,364.0 Lakevale Estates - 38.0 Virginia Hills
Lake Braddock,Week2,Newington Forest,Week5,252.0 Newington Forest - 150.0 Lake Braddock
Lakevale Estates,Week4,Springboard,Week2,359.0 Lakevale Estates - 43.0 Springboard
Lake Braddock,Week2,Walden Glen,Week1,227.0 Walden Glen - 174.0 Lake Braddock
Lakevale Estates,Week3,Springboard,Week5,312.0 Lakevale Estates - 90.0 Springboard
Lakevale Estates,Week3,Poplar Heights,Week5,242.0 Lakevale Estates - 160.0 Poplar Heights
Lakevale Estates,Week4,Springboard,Week4,336.0 Lakevale Estates - 66.0 Springboard
Lakevale Estates,Week3,Village West,Week2,309.0 Lakevale Estates - 93.0 Village West
Lakevale Estates,Week3,Pleasant Valley,Week5,332.0 Lakevale Estates - 70.0 Pleasant Valley
Lakevale Estates,Week3,Chesterbrook,Week2,302.0 Chesterbrook - 100.0 Lakevale Estates
Lakevale Estates,Week5,Springboard,Week1,339.0 Lakevale Estates - 63.0 Springboard
Lakevale Estates,Week4,Village West,Week3,309.0 Lakevale Estates - 93.0 Village West
Lake Braddock,Week3,Newington Forest,Week3,214.0 Newington Forest - 188.0 Lake Braddock
Lake Braddock,Week1,Waynewood,Week3,363.0 Waynewood - 39.0 Lake Braddock
Lakevale Estates,Week2,Village West,Week3,284.0 Lakevale Estates - 118.0 Village West
Lakevale Estates,Week1,Springfield,Week2,375.0 Lakevale Estates - 22.0 Springfield
Lake Braddock,Week5,Walden Glen,Week5,267.0 Walden Glen - 135.0 Lake Braddock
Lakevale Estates,Week4,Village West,Week2,332.5 Lakevale Estates - 69.5 Village West
Lakevale Estates,Week4,Pleasant Valley,Week1,356.0 Lakevale Estates - 46.0 Pleasant Valley
Lakevale Estates,Week5,Cardinal Hill,Week1,242.5 Lakevale Estates - 159.5 Cardinal Hill
Lake Braddock,Week3,Newington Forest,Week2,201.0 Lake Braddock - 199.0 Newington Forest
Lake Braddock,Week5,Mount Vernon Park,Week5,333.0 Mount Vernon Park - 69.0 Lake Braddock
Lakevale Estates,Week1,Chesterbrook,Week2,310.0 Chesterbrook - 92.0 Lakevale Estates
Lake Braddock,Week1,Newington Forest,Week4,253.0 Newington Forest - 143.0 Lake Braddock
Lakevale Estates,Week5,Springboard,Week5,340.0 Lakevale Estates - 62.0 Springboard
Lakevale Estates,Week4,Cardinal Hill,Week1,246.0 Lakevale Estates - 156.0 Cardinal Hill
Lakevale Estates,Week5,Pleasant Valley,Week2,348.0 Lakevale Estates - 54.0 Pleasant Valley
Lakevale Estates,Week4,Chesterbrook,Week2,289.0 Chesterbrook - 113.0 Lakevale Estates
Lakevale Estates,Week4,Poplar Heights,Week3,271.0 Lakevale Estates - 131.0 Poplar Heights
Lakevale Estates,Week5,Springboard,Week4,337.0 Lakevale Estates - 65.0 Springboard
Lakevale Estates,Week3,Springboard,Week3,321.0 Lakevale Estates - 81.0 Springboard
Lake Braddock,Week5,Walden Glen,Week3,236.0 Walden Glen - 165.0 Lake Braddock
Lakevale Estates,Week2,Village West,Week5,301.0 Lakevale Estates - 101.0 Village West
Lake Braddock,Week4,Walden Glen,Week3,268.0 Walden Glen - 133.0 Lake Braddock
Lakevale Estates,Week5,Virginia Hills,Week2,363.0 Lakevale Estates - 39.0 Virginia Hills
Lake Braddock,Week3,Newington Forest,Week1,203.0 Lake Braddock - 198.0 Newington Forest
Lakevale Estates,Week4,Cardinal Hill,Week3,224.0 Lakevale Estates - 178.0 Cardinal Hill
Lakevale Estates,Week1,Poplar Heights,Week2,236.5 Lakevale Estates - 165.5 Poplar Heights
Lake Braddock,Week1,Waynewood,Week5,359.0 Waynewood - 43.0 Lake Braddock
Lakevale Estates,Week5,Pleasant Valley,Week5,333.0 Lakevale Estates - 69.0 Pleasant Valley
Lakevale Estates,Week1,Chesterbrook,Week1,306.0 Chesterbrook - 96.0 Lakevale Estates
Lakevale Estates,Week4,Springboard,Week1,340.0 Lakevale Estates - 62.0 Springboard
Lake Braddock,Week3,Mount Vernon Park,Week1,322.0 Mount Vernon Park - 80.0 Lake Braddock
Lakevale Estates,Week3,Chesterbrook,Week1,294.0 Chesterbrook - 108.0 Lakevale Estates
Lakevale Estates,Week4,Pleasant Valley,Week2,359.0 Lakevale Estates - 43.0 Pleasant Valley
Lakevale Estates,Week5,Pleasant Valley,Week1,340.0 Lakevale Estates - 62.0 Pleasant Valley
Lake Braddock,Week4,Mount Vernon Park,Week1,331.0 Mount Vernon Park - 71.0 Lake Braddock
Lakevale Estates,Week1,Chesterbrook,Week5,312.0 Chesterbrook - 90.0 Lakevale Estates
Lakevale Estates,Week5,Cardinal Hill,Week5,250.0 Lakevale Estates - 152.0 Cardinal Hill
Lakevale Estates,Week5,Pleasant Valley,Week4,356.0 Lakevale Estates - 46.0 Pleasant Valley
Lakevale Estates,Week2,Springfield,Week4,378.0 Lakevale Estates - 23.0 Springfield
Lakevale Estates,Week5,Village West,Week5,328.5 Lakevale Estates - 73.5 Village West
Lake Braddock,Week1,Waynewood,Week4,350.0 Waynewood - 52.0 Lake Braddock
Lakevale Estates,Week4,Stratford,Week5,332.5 Lakevale Estates - 69.5 Stratford
Lakevale Estates,Week1,Virginia Hills,Week2,368.0 Lakevale Estates - 34.0 Virginia Hills
Lake Braddock,Week4,Mount Vernon Park,Week2,351.0 Mount Vernon Park - 51.0 Lake Braddock
Lakevale Estates,Week3,Springfield,Week1,379.0 Lakevale Estates - 18.0 Springfield
Lakevale Estates,Week1,Village West,Week4,301.5 Lakevale Estates - 95.5 Village West
Lake Braddock,Week2,Waynewood,Week3,331.0 Waynewood - 71.0 Lake Braddock
Lakevale Estates,Week2,Village West,Week2,312.0 Lakevale Estates - 90.0 Village West
Lake Braddock,Week2,Mount Vernon Park,Week4,334.0 Mount Vernon Park - 68.0 Lake Braddock
Lakevale Estates,Week4,Cardinal Hill,Week2,260.0 Lakevale Estates - 142.0 Cardinal Hill
Lake Braddock,Week2,Waynewood,Week2,334.0 Waynewood - 68.0 Lake Braddock
Lakevale Estates,Week3,Springfield,Week2,370.0 Lakevale Estates - 22.0 Springfield
Lake Braddock,Week4,Mount Vernon Park,Week3,344.0 Mount Vernon Park - 58.0 Lake Braddock
Lake Braddock,Week2,Waynewood,Week1,312.0 Waynewood - 90.0 Lake Braddock
Lakevale Estates,Week2,Springfield,Week2,378.0 Lakevale Estates - 23.0 Springfield
Lakevale Estates,Week4,Pleasant Valley,Week5,347.0 Lakevale Estates - 55.0 Pleasant Valley
Lake Braddock,Week3,Waynewood,Week1,308.0 Waynewood - 94.0 Lake Braddock
Lake Braddock,Week3,Mount Vernon Park,Week3,334.0 Mount Vernon Park - 68.0 Lake Braddock
Lakevale Estates,Week1,Poplar Heights,Week1,242.0 Lakevale Estates - 160.0 Poplar Heights
Lakevale Estates,Week5,Cardinal Hill,Week3,216.5 Lakevale Estates - 185.5 Cardinal Hill
Lakevale Estates,Week4,Chesterbrook,Week1,288.0 Chesterbrook - 114.0 Lakevale Estates
Lakevale Estates,Week5,Village West,Week2,335.0 Lakevale Estates - 67.0 Village West
Lakevale Estates,Week3,Springfield,Week4,369.0 Lakevale Estates - 23.0 Springfield
Lakevale Estates,Week1,Poplar Heights,Week5,214.0 Lakevale Estates - 188.0 Poplar Heights
Lakevale Estates,Week3,Village West,Week4,296.0 Lakevale Estates - 101.0 Village West
Lake Braddock,Week5,Waynewood,Week4,322.0 Waynewood - 80.0 Lake Braddock
Lakevale Estates,Week3,Stratford,Week5,317.0 Lakevale Estates - 85.0 Stratford
Lake Braddock,Week3,Mount Vernon Park,Week2,335.0 Mount Vernon Park - 67.0 Lake Braddock
Lakevale Estates,Week1,Virginia Hills,Week1,366.0 Lakevale Estates - 36.0 Virginia Hills
Lakevale Estates,Week1,Poplar Heights,Week4,225.0 Lakevale Estates - 177.0 Poplar Heights
Lakevale Estates,Week2,Chesterbrook,Week1,297.0 Chesterbrook - 105.0 Lakevale Estates
Lake Braddock,Week2,Woodley,Week3,207.0 Woodley - 195.0 Lake Braddock
Lake Braddock,Week3,Woodley,Week1,208.0 Woodley - 194.0 Lake Braddock
Lakevale Estates,Week4,Pleasant Valley,Week4,363.5 Lakevale Estates - 38.5 Pleasant Valley
Lakevale Estates,Week1,Virginia Hills,Week5,352.0 Lakevale Estates - 50.0 Virginia Hills
Lakevale Estates,Week5,Pleasant Valley,Week3,334.0 Lakevale Estates - 68.0 Pleasant Valley
Lakevale Estates,Week4,Springfield,Week5,387.0 Lakevale Estates - 14.0 Springfield
Lakevale Estates,Week2,Virginia Hills,Week2,370.0 Lakevale Estates - 32.0 Virginia Hills
Lake Braddock,Week5,Mount Vernon Park,Week1,329.0 Mount Vernon Park - 73.0 Lake Braddock
Lakevale Estates,Week4,Cardinal Hill,Week4,260.0 Lakevale Estates - 142.0 Cardinal Hill
Lakevale Estates,Week2,Virginia Hills,Week3,368.0 Lakevale Estates - 34.0 Virginia Hills
Lake Braddock,Week5,Mount Vernon Park,Week2,332.0 Mount Vernon Park - 70.0 Lake Braddock
Lakevale Estates,Week1,Chesterbrook,Week3,325.0 Chesterbrook - 77.0 Lakevale Estates
Lake Braddock,Week5,Mount Vernon Park,Week4,319.0 Mount Vernon Park - 83.0 Lake Braddock
Lakevale Estates,Week1,Chesterbrook,Week4,315.0 Chesterbrook - 87.0 Lakevale Estates
Lake Braddock,Week4,Waynewood,Week1,305.0 Waynewood - 97.0 Lake Braddock
Lakevale Estates,Week3,Virginia Hills,Week2,364.0 Lakevale Estates - 38.0 Virginia Hills
Lakevale Estates,Week2,Chesterbrook,Week3,321.0 Chesterbrook - 81.0 Lakevale Estates
Lakevale Estates,Week2,Poplar Heights,Week2,251.0 Lakevale Estates - 151.0 Poplar Heights
Lake Braddock,Week1,Woodley,Week2,230.0 Woodley - 172.0 Lake Braddock
Lakevale Estates,Week5,Springfield,Week5,384.0 Lakevale Estates - 16.0 Springfield
Lake Braddock,Week3,Woodley,Week4,214.0 Woodley - 188.0 Lake Braddock
Lakevale Estates,Week4,Stratford,Week1,350.0 Lakevale Estates - 51.0 Stratford
Lakevale Estates,Week4,Pleasant Valley,Week3,346.0 Lakevale Estates - 56.0 Pleasant Valley
Lake Braddock,Week5,Waynewood,Week2,336.0 Waynewood - 66.0 Lake Braddock
Lake Braddock,Week1,Newington Forest,Week1,223.0 Newington Forest - 178.0 Lake Braddock
Lakevale Estates,Week2,Virginia Hills,Week4,375.0 Lakevale Estates - 27.0 Virginia Hills
Lakevale Estates,Week2,Stratford,Week5,307.0 Lakevale Estates - 95.0 Stratford
Lake Braddock,Week2,Newington Forest,Week3,217.0 Newington Forest - 185.0 Lake Braddock
Lakevale Estates,Week1,Stratford,Week4,283.5 Lakevale Estates - 118.5 Stratford
Lakevale Estates,Week2,Commonwealth,Week4,299.0 Lakevale Estates - 103.0 Commonwealth
Lakevale Estates,Week4,Stratford,Week3,328.0 Lakevale Estates - 74.0 Stratford
Lakevale Estates,Week4,Virginia Hills,Week1,370.0 Lakevale Estates - 32.0 Virginia Hills
Lakevale Estates,Week3,Virginia Hills,Week5,359.0 Lakevale Estates - 43.0 Virginia Hills
Lake Braddock,Week1,Newington Forest,Week3,236.0 Newington Forest - 166.0 Lake Braddock
Lake Braddock,Week3,Waynewood,Week3,331.0 Waynewood - 71.0 Lake Braddock
Lakevale Estates,Week1,Stratford,Week1,318.0 Lakevale Estates - 79.0 Stratford
Lake Braddock,Week2,Woodley,Week1,222.0 Woodley - 180.0 Lake Braddock
Lakevale Estates,Week2,Poplar Heights,Week4,239.0 Lakevale Estates - 163.0 Poplar Heights
Lakevale Estates,Week2,Poplar Heights,Week5,241.0 Lakevale Estates - 161.0 Poplar Heights
Lake Braddock,Week4,Chesterbrook,Week5,390.0 Chesterbrook - 12.0 Lake Braddock
Lakevale Estates,Week1,Commonwealth,Week5,269.0 Lakevale Estates - 133.0 Commonwealth
Lake Braddock,Week2,Newington Forest,Week2,213.5 Newington Forest - 186.5 Lake Braddock
Lake Braddock,Week4,Waynewood,Week5,362.0 Waynewood - 40.0 Lake Braddock
Lake Braddock,Week3,Woodley,Week2,210.0 Woodley - 192.0 Lake Braddock
Lakevale Estates,Week2,Chesterbrook,Week5,309.5 Chesterbrook - 92.5 Lakevale Estates
Lakevale Estates,Week3,Poplar Heights,Week1,252.0 Lakevale Estates - 150.0 Poplar Heights
Lakevale Estates,Week3,Virginia Hills,Week4,363.0 Lakevale Estates - 39.0 Virginia Hills
Lake Braddock,Week2,Newington Forest,Week1,202.0 Lake Braddock - 199.0 Newington Forest
Lakevale Estates,Week1,Poplar Heights,Week3,237.5 Lakevale Estates - 164.5 Poplar Heights
Lakevale Estates,Week3,Stratford,Week4,305.0 Lakevale Estates - 97.0 Stratford
Lakevale Estates,Week2,Poplar Heights,Week3,242.0 Lakevale Estates - 160.0 Poplar Heights
Lakevale Estates,Week3,Virginia Hills,Week3,365.0 Lakevale Estates - 37.0 Virginia Hills
Lakevale Estates,Week3,Chesterbrook,Week3,323.0 Chesterbrook - 79.0 Lakevale Estates
Lake Braddock,Week2,Newington Forest,Week4,241.0 Newington Forest - 161.0 Lake Braddock
Lakevale Estates,Week5,Springfield,Week1,382.0 Lakevale Estates - 20.0 Springfield
Lakevale Estates,Week5,Cardinal Hill,Week4,253.0 Lakevale Estates - 149.0 Cardinal Hill
Lakevale Estates,Week5,Chesterbrook,Week2,283.0 Chesterbrook - 119.0 Lakevale Estates
Lakevale Estates,Week1,Poplar Tree,Week5,203.0 Poplar Tree - 199.0 Lakevale Estates
Lake Braddock,Week2,North Springfield,Week1,238.0 Lake Braddock - 110.0 North Springfield
Lake Braddock,Week2,Waynewood,Week5,341.0 Waynewood - 61.0 Lake Braddock
Lakevale Estates,Week5,Commonwealth,Week1,315.0 Lakevale Estates - 87.0 Commonwealth
Lake Braddock,Week1,Woodley,Week1,248.0 Woodley - 154.0 Lake Braddock
Lake Braddock,Week5,Mount Vernon Park,Week3,329.0 Mount Vernon Park - 73.0 Lake Braddock
Lakevale Estates,Week4,Virginia Hills,Week2,373.0 Lakevale Estates - 29.0 Virginia Hills
Lakevale Estates,Week4,Poplar Heights,Week1,263.0 Lakevale Estates - 139.0 Poplar Heights
Lake Braddock,Week3,Waynewood,Week5,350.0 Waynewood - 52.0 Lake Braddock
Lakevale Estates,Week4,Hunt Valley,Week4,206.0 Lakevale Estates - 196.0 Hunt Valley
Lakevale Estates,Week5,Commonwealth,Week5,305.0 Lakevale Estates - 97.0 Commonwealth
Lakevale Estates,Week3,Poplar Heights,Week4,243.0 Lakevale Estates - 159.0 Poplar Heights
Lakevale Estates,Week4,Commonwealth,Week5,286.0 Lakevale Estates - 116.0 Commonwealth
Lakevale Estates,Week3,Hunter Mill,Week5,218.0 Lakevale Estates - 184.0 Hunter Mill
Lake Braddock,Week4,Chesterbrook,Week4,393.0 Chesterbrook - 9.0 Lake Braddock
Lakevale Estates,Week5,Virginia Hills,Week1,366.0 Lakevale Estates - 36.0 Virginia Hills
Lake Braddock,Week3,Newington Forest,Week5,244.0 Newington Forest - 158.0 Lake Braddock
Lakevale Estates,Week4,Stratford,Week2,337.0 Lakevale Estates - 65.0 Stratford
Lake Braddock,Week3,Waynewood,Week4,327.0 Waynewood - 75.0 Lake Braddock
Lakevale Estates,Week2,Hunter Mill,Week4,215.0 Lakevale Estates - 187.0 Hunter Mill
Lakevale Estates,Week3,Poplar Heights,Week2,250.0 Lakevale Estates - 152.0 Poplar Heights
Lakevale Estates,Week4,Virginia Hills,Week3,374.0 Lakevale Estates - 28.0 Virginia Hills
Lakevale Estates,Week2,Stratford,Week3,295.0 Lakevale Estates - 107.0 Stratford
Lakevale Estates,Week1,Commonwealth,Week2,261.0 Lakevale Estates - 141.0 Commonwealth
Lakevale Estates,Week3,Hunter Mill,Week2,240.5 Lakevale Estates - 161.5 Hunter Mill
Lakevale Estates,Week5,Poplar Heights,Week2,268.0 Lakevale Estates - 134.0 Poplar Heights
Lakevale Estates,Week1,Virginia Run,Week3,242.0 Lakevale Estates - 160.0 Virginia Run
Lake Braddock,Week2,North Springfield,Week5,190.0 Lake Braddock - 182.0 North Springfield
Lake Braddock,Week2,Woodley,Week5,225.0 Woodley - 177.0 Lake Braddock
Lakevale Estates,Week4,Virginia Hills,Week5,366.0 Lakevale Estates - 36.0 Virginia Hills
Lake Braddock,Week2,Waynewood,Week4,323.0 Waynewood - 79.0 Lake Braddock
Lake Braddock,Week4,Waynewood,Week3,349.0 Waynewood - 53.0 Lake Braddock
Lakevale Estates,Week4,Springfield,Week3,382.0 Lakevale Estates - 19.0 Springfield
Lakevale Estates,Week3,Virginia Hills,Week1,361.0 Lakevale Estates - 41.0 Virginia Hills
Lakevale Estates,Week4,Springfield,Week4,383.0 Lakevale Estates - 18.0 Springfield
Lake Braddock,Week2,North Springfield,Week3,213.0 Lake Braddock - 182.0 North Springfield
Lakevale Estates,Week5,Springfield,Week3,376.0 Lakevale Estates - 25.0 Springfield
Lakevale Estates,Week5,Chesterbrook,Week4,292.0 Chesterbrook - 110.0 Lakevale Estates
Lakevale Estates,Week3,Hunt Valley,Week5,218.0 Hunt Valley - 184.0 Lakevale Estates
Lakevale Estates,Week3,Stratford,Week2,320.0 Lakevale Estates - 77.0 Stratford
Lake Braddock,Week2,North Springfield,Week2,224.0 Lake Braddock - 163.0 North Springfield
Lakevale Estates,Week2,Poplar Heights,Week1,239.0 Lakevale Estates - 163.0 Poplar Heights
Lake Braddock,Week2,North Springfield,Week4,237.0 Lake Braddock - 152.0 North Springfield
Lakevale Estates,Week2,Virginia Hills,Week5,363.5 Lakevale Estates - 38.5 Virginia Hills
Lakevale Estates,Week3,Stratford,Week3,312.5 Lakevale Estates - 89.5 Stratford
Lake Braddock,Week3,North Springfield,Week1,240.0 Lake Braddock - 109.0 North Springfield
Lakevale Estates,Week1,Hunter Mill,Week5,210.0 Hunter Mill - 192.0 Lakevale Estates
Lakevale Estates,Week5,Chesterbrook,Week3,304.0 Chesterbrook - 98.0 Lakevale Estates
Lakevale Estates,Week3,Poplar Tree,Week3,230.0 Lakevale Estates - 172.0 Poplar Tree
Lakevale Estates,Week1,Virginia Run,Week4,243.0 Lakevale Estates - 159.0 Virginia Run
Lakevale Estates,Week5,Hunter Mill,Week1,254.0 Lakevale Estates - 148.0 Hunter Mill
Lakevale Estates,Week1,Stratford,Week5,295.0 Lakevale Estates - 107.0 Stratford
Lakevale Estates,Week4,Hunter Mill,Week4,255.0 Lakevale Estates - 147.0 Hunter Mill
Lakevale Estates,Week2,Poplar Tree,Week5,206.0 Lakevale Estates - 196.0 Poplar Tree
Lake Braddock,Week5,Newington Forest,Week2,201.0 Lake Braddock - 200.0 Newington Forest
Lake Braddock,Week4,Waynewood,Week2,337.0 Waynewood - 65.0 Lake Braddock
Lakevale Estates,Week2,Poplar Tree,Week3,218.0 Lakevale Estates - 184.0 Poplar Tree
Lakevale Estates,Week2,Commonwealth,Week1,303.0 Lakevale Estates - 99.0 Commonwealth
Lakevale Estates,Week2,Virginia Run,Week1,227.0 Lakevale Estates - 175.0 Virginia Run
Lakevale Estates,Week1,Virginia Run,Week5,217.0 Lakevale Estates - 185.0 Virginia Run
Lake Braddock,Week3,Waynewood,Week2,330.0 Waynewood - 72.0 Lake Braddock
Lakevale Estates,Week2,Poplar Tree,Week4,235.0 Lakevale Estates - 167.0 Poplar Tree
Lakevale Estates,Week3,Stratford,Week1,328.0 Lakevale Estates - 69.0 Stratford
Lake Braddock,Week5,Waynewood,Week1,310.0 Waynewood - 92.0 Lake Braddock
Lake Braddock,Week4,Newington Forest,Week3,215.0 Newington Forest - 187.0 Lake Braddock
Lakevale Estates,Week4,Chesterbrook,Week5,291.0 Chesterbrook - 111.0 Lakevale Estates
Lakevale Estates,Week5,Chesterbrook,Week5,294.0 Chesterbrook - 108.0 Lakevale Estates
Lakevale Estates,Week5,Springfield,Week4,379.0 Lakevale Estates - 23.0 Springfield
Lakevale Estates,Week5,Virginia Hills,Week5,357.0 Lakevale Estates - 45.0 Virginia Hills
Lakevale Estates,Week4,Hunter Mill,Week2,254.0 Lakevale Estates - 148.0 Hunter Mill
Lake Braddock,Week5,Newington Forest,Week1,212.0 Lake Braddock - 189.0 Newington Forest
Lake Braddock,Week5,Waynewood,Week3,339.0 Waynewood - 63.0 Lake Braddock
Lakevale Estates,Week5,Hunt Valley,Week1,220.0 Lakevale Estates - 182.0 Hunt Valley
Lakevale Estates,Week3,Commonwealth,Week1,295.0 Lakevale Estates - 102.0 Commonwealth
Lake Braddock,Week5,Newington Forest,Week3,204.0 Newington Forest - 198.0 Lake Braddock
Lake Braddock,Week1,Woodley,Week5,242.0 Woodley - 160.0 Lake Braddock
Lake Braddock,Week4,Waynewood,Week4,330.0 Waynewood - 72.0 Lake Braddock
Lake Braddock,Week1,North Springfield,Week1,226.0 Lake Braddock - 123.0 North Springfield
Lakevale Estates,Week1,Poplar Tree,Week3,213.0 Lakevale Estates - 189.0 Poplar Tree
Lake Braddock,Week1,Woodley,Week4,236.0 Woodley - 161.0 Lake Braddock
Lakevale Estates,Week3,Virginia Run,Week1,234.0 Lakevale Estates - 168.0 Virginia Run
Lakevale Estates,Week2,Commonwealth,Week5,281.0 Lakevale Estates - 121.0 Commonwealth
Lakevale Estates,Week3,Poplar Tree,Week4,245.0 Lakevale Estates - 157.0 Poplar Tree
Lake Braddock,Week1,North Springfield,Week2,216.0 Lake Braddock - 171.0 North Springfield
Lakevale Estates,Week2,Stratford,Week2,321.0 Lakevale Estates - 81.0 Stratford
Lake Braddock,Week5,Waynewood,Week5,341.0 Waynewood - 61.0 Lake Braddock
Lakevale Estates,Week4,Commonwealth,Week1,308.0 Lakevale Estates - 94.0 Commonwealth
Lakevale Estates,Week5,Poplar Heights,Week3,264.0 Lakevale Estates - 138.0 Poplar Heights
Lakevale Estates,Week2,Virginia Run,Week4,253.0 Lakevale Estates - 149.0 Virginia Run
Lakevale Estates,Week2,Virginia Run,Week2,253.5 Lakevale Estates - 148.5 Virginia Run
Lakevale Estates,Week2,Virginia Run,Week3,251.0 Lakevale Estates - 151.0 Virginia Run
Lakevale Estates,Week3,Commonwealth,Week5,281.0 Lakevale Estates - 121.0 Commonwealth
Lakevale Estates,Week4,Hunt Valley,Week3,207.0 Hunt Valley - 195.0 Lakevale Estates
Lakevale Estates,Week5,Springfield,Week2,379.5 Lakevale Estates - 21.5 Springfield
Lakevale Estates,Week1,Stratford,Week2,317.0 Lakevale Estates - 85.0 Stratford
Lakevale Estates,Week2,Hunter Mill,Week5,202.0 Hunter Mill - 200.0 Lakevale Estates
Lakevale Estates,Week4,Hunter Mill,Week5,251.0 Lakevale Estates - 151.0 Hunter Mill
Lakevale Estates,Week1,Stratford,Week3,305.0 Lakevale Estates - 97.0 Stratford
Lakevale Estates,Week4,Poplar Heights,Week4,267.0 Lakevale Estates - 135.0 Poplar Heights
Lake Braddock,Week2,Woodley,Week4,204.0 Woodley - 198.0 Lake Braddock
Lake Braddock,Week2,Woodley,Week2,205.5 Woodley - 196.5 Lake Braddock
Lakevale Estates,Week3,Virginia Run,Week2,262.0 Lakevale Estates - 140.0 Virginia Run
Lakevale Estates,Week3,Commonwealth,Week4,296.0 Lakevale Estates - 106.0 Commonwealth
Lakevale Estates,Week3,Poplar Tree,Week5,224.0 Lakevale Estates - 178.0 Poplar Tree
Lakevale Estates,Week1,Virginia Run,Week1,232.0 Lakevale Estates - 170.0 Virginia Run
Lakevale Estates,Week4,Stratford,Week4,326.0 Lakevale Estates - 76.0 Stratford
Lakevale Estates,Week4,Hunt Valley,Week2,222.0 Lakevale Estates - 180.0 Hunt Valley
Lakevale Estates,Week1,Hunter Mill,Week2,216.0 Lakevale Estates - 186.0 Hunter Mill
Lakevale Estates,Week5,Hunt Valley,Week4,216.5 Lakevale Estates - 185.5 Hunt Valley
Lake Braddock,Week1,Ravensworth Farm,Week2,317.0 Ravensworth Farm - 85.0 Lake Braddock
Lakevale Estates,Week2,Stratford,Week4,299.0 Lakevale Estates - 103.0 Stratford
Lake Braddock,Week4,Newington Forest,Week4,245.0 Newington Forest - 157.0 Lake Braddock
Lakevale Estates,Week1,Commonwealth,Week1,287.0 Lakevale Estates - 115.0 Commonwealth
Lakevale Estates,Week3,Poplar Tree,Week2,239.0 Lakevale Estates - 163.0 Poplar Tree
Lakevale Estates,Week4,Chesterbrook,Week4,295.5 Chesterbrook - 106.5 Lakevale Estates
Lakevale Estates,Week4,Poplar Tree,Week2,244.0 Lakevale Estates - 158.0 Poplar Tree
Lakevale Estates,Week2,Stratford,Week1,332.0 Lakevale Estates - 70.0 Stratford
Lakevale Estates,Week5,Hunt Valley,Week2,229.0 Lakevale Estates - 173.0 Hunt Valley
Lake Braddock,Week1,North Springfield,Week3,205.0 Lake Braddock - 190.0 North Springfield
Lakevale Estates,Week4,Chesterbrook,Week3,317.5 Chesterbrook - 84.5 Lakevale Estates
Lakevale Estates,Week3,Virginia Run,Week4,259.0 Lakevale Estates - 143.0 Virginia Run
Lakevale Estates,Week5,Stratford,Week1,332.0 Lakevale Estates - 70.0 Stratford
Lake Braddock,Week3,Woodley,Week3,214.0 Woodley - 188.0 Lake Braddock
Lake Braddock,Week4,Poplar Tree,Week4,296.0 Poplar Tree - 106.0 Lake Braddock
Lake Braddock,Week4,Newington Forest,Week5,246.0 Newington Forest - 156.0 Lake Braddock
Lake Braddock,Week4,Woodley,Week4,202.0 Lake Braddock - 200.0 Woodley
Lakevale Estates,Week5,Hunt Valley,Week5,203.0 Hunt Valley - 199.0 Lakevale Estates
Lakevale Estates,Week4,Commonwealth,Week3,301.0 Lakevale Estates - 101.0 Commonwealth
Lake Braddock,Week5,Newington Forest,Week4,234.0 Newington Forest - 168.0 Lake Braddock
Lake Braddock,Week4,Woodley,Week3,213.0 Woodley - 189.0 Lake Braddock
Lakevale Estates,Week2,Poplar Tree,Week2,224.0 Lakevale Estates - 178.0 Poplar Tree
Lakevale Estates,Week1,Hunter Mill,Week4,216.0 Lakevale Estates - 186.0 Hunter Mill
Lake Braddock,Week4,Newington Forest,Week1,202.0 Newington Forest - 199.0 Lake Braddock
Lakevale Estates,Week4,Poplar Tree,Week1,241.0 Lakevale Estates - 161.0 Poplar Tree
Lakevale Estates,Week5,Poplar Heights,Week4,276.0 Lakevale Estates - 126.0 Poplar Heights
Lakevale Estates,Week2,Virginia Run,Week5,237.0 Lakevale Estates - 165.0 Virginia Run
Lake Braddock,Week3,Newington Forest,Week4,246.0 Newington Forest - 156.0 Lake Braddock
Lake Braddock,Week1,Woodley,Week3,243.0 Woodley - 159.0 Lake Braddock
Lakevale Estates,Week3,Virginia Run,Week3,255.0 Lakevale Estates - 147.0 Virginia Run
Lakevale Estates,Week2,Commonwealth,Week2,267.0 Lakevale Estates - 135.0 Commonwealth
Lakevale Estates,Week5,Virginia Hills,Week3,367.0 Lakevale Estates - 35.0 Virginia Hills
Lakevale Estates,Week5,Stratford,Week3,320.0 Lakevale Estates - 82.0 Stratford
Lakevale Estates,Week5,Stratford,Week2,324.0 Lakevale Estates - 78.0 Stratford
Lake Braddock,Week3,Ravensworth Farm,Week5,330.0 Ravensworth Farm - 72.0 Lake Braddock
Lakevale Estates,Week1,Sully Station,Week1,201.0 Lakevale Estates - 201.0 Sully Station
Lakevale Estates,Week1,Poplar Tree,Week2,230.0 Lakevale Estates - 172.0 Poplar Tree
Lakevale Estates,Week2,Commonwealth,Week3,280.0 Lakevale Estates - 122.0 Commonwealth
Lake Braddock,Week4,Woodley,Week5,215.0 Woodley - 187.0 Lake Braddock
Lakevale Estates,Week5,Stratford,Week5,321.0 Lakevale Estates - 81.0 Stratford
Lake Braddock,Week5,Woodley,Week2,210.0 Lake Braddock - 192.0 Woodley
Lakevale Estates,Week5,Stratford,Week4,309.0 Lakevale Estates - 93.0 Stratford
Lake Braddock,Week3,Ravensworth Farm,Week1,325.0 Ravensworth Farm - 77.0 Lake Braddock
Lakevale Estates,Week1,Mantua,Week3,215.0 Mantua - 187.0 Lakevale Estates
Lakevale Estates,Week3,Virginia Run,Week5,246.0 Lakevale Estates - 156.0 Virginia Run
Lakevale Estates,Week4,Hunt Valley,Week5,202.0 Hunt Valley - 200.0 Lakevale Estates
Lake Braddock,Week1,North Springfield,Week5,188.0 Lake Braddock - 183.0 North Springfield
Lake Braddock,Week5,Newington Forest,Week5,242.0 Newington Forest - 160.0 Lake Braddock
Lake Braddock,Week5,Woodley,Week3,207.0 Lake Braddock - 195.0 Woodley
Lakevale Estates,Week4,Mansion House,Week3,239.0 Lakevale Estates - 163.0 Mansion House
Lakevale Estates,Week4,Virginia Run,Week1,264.0 Lakevale Estates - 138.0 Virginia Run
Lakevale Estates,Week5,Chesterbrook,Week1,275.0 Chesterbrook - 127.0 Lakevale Estates
Lakevale Estates,Week2,Poplar Tree,Week1,219.0 Lakevale Estates - 183.0 Poplar Tree
Lake Braddock,Week4,Newington Forest,Week2,207.0 Newington Forest - 194.0 Lake Braddock
Lake Braddock,Week2,Ravensworth Farm,Week3,324.0 Ravensworth Farm - 78.0 Lake Braddock
Lakevale Estates,Week5,Virginia Hills,Week4,374.0 Lakevale Estates - 28.0 Virginia Hills
Lakevale Estates,Week3,Hunt Valley,Week4,206.0 Hunt Valley - 196.0 Lakevale Estates
Lakevale Estates,Week4,Hunt Valley,Week1,221.0 Lakevale Estates - 181.0 Hunt Valley
Lakevale Estates,Week4,Commonwealth,Week4,302.0 Lakevale Estates - 100.0 Commonwealth
Lake Braddock,Week4,Ravensworth Farm,Week4,330.0 Ravensworth Farm - 72.0 Lake Braddock
Lakevale Estates,Week1,Poplar Tree,Week4,229.5 Lakevale Estates - 172.5 Poplar Tree
Lakevale Estates,Week4,Mansion House,Week4,280.0 Lakevale Estates - 122.0 Mansion House
Lakevale Estates,Week1,Hunter Mill,Week3,211.0 Lakevale Estates - 191.0 Hunter Mill
Lake Braddock,Week2,Ravensworth Farm,Week1,327.0 Ravensworth Farm - 75.0 Lake Braddock
Lake Braddock,Week4,Poplar Tree,Week5,320.0 Poplar Tree - 82.0 Lake Braddock
Lakevale Estates,Week2,Hunter Mill,Week2,219.0 Lakevale Estates - 183.0 Hunter Mill
Lakevale Estates,Week1,Wakefield Chapel,Week3,236.0 Wakefield Chapel - 166.0 Lakevale Estates
Lake Braddock,Week4,Woodley,Week2,208.0 Woodley - 194.0 Lake Braddock
Lakevale Estates,Week5,Mansion House,Week1,256.5 Lakevale Estates - 145.5 Mansion House
Lakevale Estates,Week5,Mansion House,Week5,251.0 Lakevale Estates - 151.0 Mansion House
Lakevale Estates,Week4,Sully Station,Week3,230.5 Lakevale Estates - 171.5 Sully Station
Lakevale Estates,Week1,Hunter Mill,Week1,229.0 Lakevale Estates - 173.0 Hunter Mill
Lakevale Estates,Week1,Commonwealth,Week3,280.0 Lakevale Estates - 122.0 Commonwealth
Lake Braddock,Week1,North Springfield,Week4,231.0 Lake Braddock - 160.0 North Springfield
Lakevale Estates,Week1,Commonwealth,Week4,283.0 Lakevale Estates - 119.0 Commonwealth
Lakevale Estates,Week3,Commonwealth,Week3,282.0 Lakevale Estates - 120.0 Commonwealth
Lakevale Estates,Week2,Hunter Mill,Week1,219.0 Lakevale Estates - 183.0 Hunter Mill
Lakevale Estates,Week1,Annandale,Week2,314.0 Lakevale Estates - 88.0 Annandale
Lakevale Estates,Week1,Annandale,Week5,320.0 Lakevale Estates - 82.0 Annandale
Lakevale Estates,Week2,Wakefield Chapel,Week2,226.0 Wakefield Chapel - 176.0 Lakevale Estates
Lakevale Estates,Week3,Poplar Tree,Week1,228.0 Lakevale Estates - 174.0 Poplar Tree
Lakevale Estates,Week1,Virginia Run,Week2,246.0 Lakevale Estates - 156.0 Virginia Run
Lake Braddock,Week4,Poplar Tree,Week2,296.0 Poplar Tree - 106.0 Lake Braddock
Lakevale Estates,Week4,Poplar Heights,Week5,258.0 Lakevale Estates - 144.0 Poplar Heights
Lakevale Estates,Week3,Sully Station,Week2,222.0 Lakevale Estates - 175.0 Sully Station
Lake Braddock,Week5,Poplar Tree,Week3,297.0 Poplar Tree - 105.0 Lake Braddock
Lakevale Estates,Week3,Commonwealth,Week2,266.0 Lakevale Estates - 136.0 Commonwealth
Lakevale Estates,Week5,Poplar Heights,Week5,262.0 Lakevale Estates - 140.0 Poplar Heights
Lakevale Estates,Week5,Poplar Heights,Week1,280.0 Lakevale Estates - 122.0 Poplar Heights
Lakevale Estates,Week2,Sully Station,Week4,218.0 Lakevale Estates - 184.0 Sully Station
Lakevale Estates,Week3,Mantua,Week3,205.0 Mantua - 197.0 Lakevale Estates
Lakevale Estates,Week1,Mantua,Week1,219.0 Lakevale Estates - 183.0 Mantua
Lakevale Estates,Week5,Commonwealth,Week3,300.0 Lakevale Estates - 102.0 Commonwealth
Lakevale Estates,Week1,Sully Station II,Week2,213.0 Sully Station II - 189.0 Lakevale Estates
Lakevale Estates,Week3,Sully Station,Week3,220.0 Lakevale Estates - 182.0 Sully Station
Lakevale Estates,Week4,Commonwealth,Week2,283.0 Lakevale Estates - 119.0 Commonwealth
Lakevale Estates,Week1,Poplar Tree,Week1,214.0 Lakevale Estates - 188.0 Poplar Tree
Lakevale Estates,Week4,Virginia Run,Week5,255.5 Lakevale Estates - 146.5 Virginia Run
Lakevale Estates,Week2,Annandale,Week1,318.0 Lakevale Estates - 84.0 Annandale
Lake Braddock,Week3,Woodley,Week5,225.0 Woodley - 177.0 Lake Braddock
Lakevale Estates,Week1,Sully Station,Week4,206.0 Lakevale Estates - 196.0 Sully Station
Lakevale Estates,Week3,Hunter Mill,Week4,227.0 Lakevale Estates - 175.0 Hunter Mill
Lake Braddock,Week5,Woodley,Week1,201.0 Lake Braddock - 201.0 Woodley
Lakevale Estates,Week5,Virginia Run,Week2,280.0 Lakevale Estates - 122.0 Virginia Run
Lakevale Estates,Week5,Commonwealth,Week4,304.0 Lakevale Estates - 98.0 Commonwealth
Lakevale Estates,Week3,Hunter Mill,Week3,219.5 Lakevale Estates - 182.5 Hunter Mill
Lake Braddock,Week4,Poplar Tree,Week3,311.0 Poplar Tree - 91.0 Lake Braddock
Lakevale Estates,Week4,Mantua,Week2,256.0 Lakevale Estates - 146.0 Mantua
Lakevale Estates,Week5,Commonwealth,Week2,287.0 Lakevale Estates - 115.0 Commonwealth
Lake Braddock,Week2,Riverside Gardens,Week2,337.0 Riverside Gardens - 65.0 Lake Braddock
Lakevale Estates,Week3,Hunter Mill,Week1,231.0 Lakevale Estates - 166.0 Hunter Mill
Lake Braddock,Week5,Ravensworth Farm,Week4,319.0 Ravensworth Farm - 83.0 Lake Braddock
Lakevale Estates,Week1,Country Club Hills,Week2,281.0 Lakevale Estates - 121.0 Country Club Hills
Lake Braddock,Week1,Ravensworth Farm,Week4,337.0 Ravensworth Farm - 65.0 Lake Braddock
Lakevale Estates,Week5,Hunt Valley,Week3,202.0 Hunt Valley - 200.0 Lakevale Estates
Lakevale Estates,Week5,Wakefield Chapel,Week4,225.0 Lakevale Estates - 177.0 Wakefield Chapel
Lakevale Estates,Week4,Sully Station,Week2,238.0 Lakevale Estates - 164.0 Sully Station
Lakevale Estates,Week4,Mansion House,Week2,267.0 Lakevale Estates - 135.0 Mansion House
Lakevale Estates,Week3,Wakefield Chapel,Week5,221.0 Wakefield Chapel - 181.0 Lakevale Estates
Lakevale Estates,Week1,Sully Station,Week5,204.0 Sully Station - 198.0 Lakevale Estates
Lakevale Estates,Week5,Virginia Run,Week5,257.0 Lakevale Estates - 145.0 Virginia Run
Lakevale Estates,Week4,Cottontail,Week2,311.0 Lakevale Estates - 91.0 Cottontail
Lakevale Estates,Week2,Annandale,Week2,313.0 Lakevale Estates - 89.0 Annandale
Lake Braddock,Week5,Poplar Tree,Week1,294.0 Poplar Tree - 108.0 Lake Braddock
Lakevale Estates,Week1,Annandale,Week3,315.0 Lakevale Estates - 82.0 Annandale
Lakevale Estates,Week1,Sully Station,Week2,208.0 Lakevale Estates - 194.0 Sully Station
Lakevale Estates,Week4,Hunter Mill,Week1,257.0 Lakevale Estates - 145.0 Hunter Mill
Lakevale Estates,Week4,Wakefield Chapel,Week5,202.0 Wakefield Chapel - 200.0 Lakevale Estates
Lakevale Estates,Week2,Mantua,Week1,220.0 Lakevale Estates - 182.0 Mantua
Lake Braddock,Week5,Woodley,Week4,216.0 Lake Braddock - 186.0 Woodley
Lakevale Estates,Week2,Hunter Mill,Week3,206.0 Lakevale Estates - 196.0 Hunter Mill
Lakevale Estates,Week2,Mansion House,Week4,256.0 Lakevale Estates - 146.0 Mansion House
Lake Braddock,Week3,Ravensworth Farm,Week3,327.5 Ravensworth Farm - 74.5 Lake Braddock
Lakevale Estates,Week3,Mansion House,Week4,243.0 Lakevale Estates - 154.0 Mansion House
Lakevale Estates,Week2,Sully Station,Week5,202.0 Lakevale Estates - 200.0 Sully Station
Lake Braddock,Week1,Ravensworth Farm,Week3,339.0 Ravensworth Farm - 63.0 Lake Braddock
Lakevale Estates,Week2,Ilda Community,Week2,340.0 Lakevale Estates - 62.0 Ilda Community
Lakevale Estates,Week5,Hunter Mill,Week2,241.0 Lakevale Estates - 161.0 Hunter Mill
Lakevale Estates,Week5,Sully Station,Week1,221.0 Lakevale Estates - 181.0 Sully Station
Lakevale Estates,Week1,Annandale,Week1,323.0 Lakevale Estates - 74.0 Annandale
Lakevale Estates,Week1,Wakefield Chapel,Week4,223.0 Wakefield Chapel - 179.0 Lakevale Estates
Lakevale Estates,Week1,Sully Station II,Week1,202.0 Lakevale Estates - 200.0 Sully Station II
Lakevale Estates,Week2,Mansion House,Week3,226.0 Lakevale Estates - 176.0 Mansion House
Lakevale Estates,Week1,Mantua,Week5,222.0 Mantua - 180.0 Lakevale Estates
Lakevale Estates,Week1,Annandale,Week4,329.0 Lakevale Estates - 73.0 Annandale
Lakevale Estates,Week3,Mansion House,Week3,217.0 Lakevale Estates - 185.0 Mansion House
Lakevale Estates,Week2,Sully Station,Week3,203.0 Sully Station - 199.0 Lakevale Estates
Lakevale Estates,Week1,Cottontail,Week4,293.0 Lakevale Estates - 104.0 Cottontail
Lakevale Estates,Week5,Cottontail,Week4,306.0 Lakevale Estates - 96.0 Cottontail
Lakevale Estates,Week2,Cottontail,Week2,287.0 Lakevale Estates - 115.0 Cottontail
Lakevale Estates,Week1,Country Club Hills,Week4,280.0 Lakevale Estates - 122.0 Country Club Hills
Lake Braddock,Week1,Ravensworth Farm,Week1,336.0 Ravensworth Farm - 66.0 Lake Braddock
Lakevale Estates,Week1,Ilda Community,Week2,328.5 Lakevale Estates - 73.5 Ilda Community
Lakevale Estates,Week4,Virginia Run,Week3,277.0 Lakevale Estates - 125.0 Virginia Run
Lakevale Estates,Week2,Annandale,Week3,318.0 Lakevale Estates - 84.0 Annandale
Lakevale Estates,Week4,Hunter Mill,Week3,245.0 Lakevale Estates - 157.0 Hunter Mill
Lake Braddock,Week1,Ravensworth Farm,Week5,348.0 Ravensworth Farm - 54.0 Lake Braddock
Lakevale Estates,Week5,Virginia Run,Week1,255.0 Lakevale Estates - 147.0 Virginia Run
Lake Braddock,Week5,Poplar Tree,Week5,314.0 Poplar Tree - 87.0 Lake Braddock
Lakevale Estates,Week2,Annandale,Week4,336.0 Lakevale Estates - 66.0 Annandale
Lakevale Estates,Week5,Virginia Run,Week3,276.0 Lakevale Estates - 126.0 Virginia Run
Lakevale Estates,Week2,Sully Station II,Week3,240.0 Sully Station II - 162.0 Lakevale Estates
Lake Braddock,Week4,Poplar Tree,Week1,310.0 Poplar Tree - 92.0 Lake Braddock
Lakevale Estates,Week4,Sully Station II,Week3,205.0 Sully Station II - 197.0 Lakevale Estates
Lakevale Estates,Week4,Mansion House,Week1,252.0 Lakevale Estates - 150.0 Mansion House
Lake Braddock,Week5,Poplar Tree,Week2,283.0 Poplar Tree - 119.0 Lake Braddock
Lakevale Estates,Week3,Ilda Community,Week5,323.0 Lakevale Estates - 79.0 Ilda Community
Lakevale Estates,Week2,Wakefield Chapel,Week3,236.0 Wakefield Chapel - 166.0 Lakevale Estates
Lakevale Estates,Week3,Cottontail,Week2,301.5 Lakevale Estates - 100.5 Cottontail
Lakevale Estates,Week3,Wakefield Chapel,Week3,224.0 Wakefield Chapel - 178.0 Lakevale Estates
Lakevale Estates,Week4,Mansion House,Week5,233.0 Lakevale Estates - 169.0 Mansion House
Lake Braddock,Week2,Ravensworth Farm,Week2,306.0 Ravensworth Farm - 96.0 Lake Braddock
Lakevale Estates,Week3,Mansion House,Week2,239.0 Lakevale Estates - 158.0 Mansion House
Lakevale Estates,Week2,Annandale,Week5,323.0 Lakevale Estates - 79.0 Annandale
Lakevale Estates,Week3,Annandale,Week1,319.0 Lakevale Estates - 78.0 Annandale
Lakevale Estates,Week2,Mansion House,Week2,240.0 Lakevale Estates - 162.0 Mansion House
Lake Braddock,Week5,Woodley,Week5,217.0 Woodley - 185.0 Lake Braddock
Lakevale Estates,Week5,Ilda Community,Week1,328.0 Lakevale Estates - 74.0 Ilda Community
Lakevale Estates,Week2,Ilda Community,Week1,315.0 Lakevale Estates - 87.0 Ilda Community
Lakevale Estates,Week4,Cottontail,Week1,302.0 Lakevale Estates - 100.0 Cottontail
Lake Braddock,Week4,Woodley,Week1,216.0 Woodley - 186.0 Lake Braddock
Lakevale Estates,Week4,Cottontail,Week4,322.0 Lakevale Estates - 80.0 Cottontail
Lakevale Estates,Week3,Sully Station II,Week4,241.0 Lakevale Estates - 161.0 Sully Station II
Lakevale Estates,Week5,Sully Station,Week3,222.0 Lakevale Estates - 180.0 Sully Station
Lakevale Estates,Week3,Mansion House,Week1,232.0 Lakevale Estates - 165.0 Mansion House
Lakevale Estates,Week2,Wakefield Chapel,Week4,212.0 Wakefield Chapel - 190.0 Lakevale Estates
Lake Braddock,Week5,Poplar Tree,Week4,281.0 Poplar Tree - 120.0 Lake Braddock
Lakevale Estates,Week4,Wakefield Chapel,Week2,230.0 Lakevale Estates - 172.0 Wakefield Chapel
Lakevale Estates,Week3,Cottontail,Week3,305.0 Lakevale Estates - 97.0 Cottontail
Lakevale Estates,Week1,Ilda Community,Week1,304.0 Lakevale Estates - 98.0 Ilda Community
Lakevale Estates,Week3,Wakefield Chapel,Week4,208.0 Lakevale Estates - 194.0 Wakefield Chapel
Lake Braddock,Week4,Ravensworth Farm,Week1,329.0 Ravensworth Farm - 73.0 Lake Braddock
Lakevale Estates,Week4,Wakefield Chapel,Week1,208.0 Wakefield Chapel - 194.0 Lakevale Estates
Lake Braddock,Week3,Ravensworth Farm,Week2,300.0 Ravensworth Farm - 101.0 Lake Braddock
Lakevale Estates,Week3,Cottontail,Week1,282.0 Lakevale Estates - 120.0 Cottontail
Lakevale Estates,Week4,Sully Station,Week1,232.0 Lakevale Estates - 170.0 Sully Station
Lakevale Estates,Week2,Mansion House,Week5,228.0 Lakevale Estates - 174.0 Mansion House
Lakevale Estates,Week5,Mansion House,Week4,283.0 Lakevale Estates - 119.0 Mansion House
Lakevale Estates,Week4,Virginia Run,Week2,274.0 Lakevale Estates - 128.0 Virginia Run
Lakevale Estates,Week5,Mansion House,Week2,260.0 Lakevale Estates - 142.0 Mansion House
Lakevale Estates,Week1,Mantua,Week2,219.5 Lakevale Estates - 182.5 Mantua
Lakevale Estates,Week3,Wakefield Chapel,Week2,203.0 Lakevale Estates - 199.0 Wakefield Chapel
Lake Braddock,Week4,Ravensworth Farm,Week3,331.0 Ravensworth Farm - 71.0 Lake Braddock
Lakevale Estates,Week4,Ilda Community,Week2,348.0 Lakevale Estates - 54.0 Ilda Community
Lakevale Estates,Week1,Cottontail,Week2,295.0 Lakevale Estates - 107.0 Cottontail
Lakevale Estates,Week2,Sully Station,Week2,206.0 Lakevale Estates - 196.0 Sully Station
Lake Braddock,Week2,Ravensworth Farm,Week4,328.0 Ravensworth Farm - 74.0 Lake Braddock
Lakevale Estates,Week5,Mansion House,Week3,245.0 Lakevale Estates - 157.0 Mansion House
Lakevale Estates,Week5,Virginia Run,Week4,273.0 Lakevale Estates - 129.0 Virginia Run
Lake Braddock,Week3,Ravensworth Farm,Week4,319.0 Ravensworth Farm - 83.0 Lake Braddock
Lakevale Estates,Week3,Ilda Community,Week3,324.0 Lakevale Estates - 73.0 Ilda Community
Lakevale Estates,Week5,Cottontail,Week2,316.0 Lakevale Estates - 86.0 Cottontail
Lakevale Estates,Week2,Ilda Community,Week4,310.0 Lakevale Estates - 92.0 Ilda Community
Lakevale Estates,Week5,Wakefield Chapel,Week2,222.0 Lakevale Estates - 180.0 Wakefield Chapel
Lakevale Estates,Week1,Wakefield Chapel,Week5,247.0 Wakefield Chapel - 155.0 Lakevale Estates
Lakevale Estates,Week2,Cottontail,Week1,282.0 Lakevale Estates - 120.0 Cottontail
Lakevale Estates,Week2,Mansion House,Week1,220.0 Lakevale Estates - 182.0 Mansion House
Lakevale Estates,Week4,Cottontail,Week3,316.0 Lakevale Estates - 86.0 Cottontail
Lakevale Estates,Week3,Mansion House,Week5,215.0 Lakevale Estates - 187.0 Mansion House
Lakevale Estates,Week4,Ilda Community,Week3,341.5 Lakevale Estates - 60.5 Ilda Community
Lakevale Estates,Week3,Sully Station,Week4,223.0 Lakevale Estates - 179.0 Sully Station
Lakevale Estates,Week5,Ilda Community,Week4,321.0 Lakevale Estates - 81.0 Ilda Community
Lakevale Estates,Week1,Sully Station II,Week4,211.0 Lakevale Estates - 191.0 Sully Station II
Lakevale Estates,Week4,Sully Station,Week5,218.0 Lakevale Estates - 184.0 Sully Station
Lakevale Estates,Week5,Ilda Community,Week3,332.0 Lakevale Estates - 70.0 Ilda Community
Lakevale Estates,Week4,Sully Station,Week4,245.0 Lakevale Estates - 157.0 Sully Station
Lakevale Estates,Week2,Cottontail,Week3,302.0 Lakevale Estates - 100.0 Cottontail
Lakevale Estates,Week4,Cottontail,Week5,302.0 Lakevale Estates - 100.0 Cottontail
Lakevale Estates,Week2,Sully Station,Week1,202.0 Sully Station - 200.0 Lakevale Estates
Lakevale Estates,Week1,Kent Gardens,Week2,270.0 Lakevale Estates - 132.0 Kent Gardens
Lakevale Estates,Week5,Sully Station,Week2,232.0 Lakevale Estates - 170.0 Sully Station
Lakevale Estates,Week2,Wakefield Chapel,Week1,244.0 Wakefield Chapel - 158.0 Lakevale Estates
Lakevale Estates,Week2,Cottontail,Week5,280.0 Lakevale Estates - 122.0 Cottontail
Lake Braddock,Week4,Ravensworth Farm,Week2,299.0 Ravensworth Farm - 103.0 Lake Braddock
Lake Braddock,Week2,Ravensworth Farm,Week5,325.0 Ravensworth Farm - 77.0 Lake Braddock
Lakevale Estates,Week5,Cottontail,Week5,299.0 Lakevale Estates - 103.0 Cottontail
Lakevale Estates,Week4,Virginia Run,Week4,267.0 Lakevale Estates - 135.0 Virginia Run
Lakevale Estates,Week2,Mantua,Week4,211.0 Lakevale Estates - 191.0 Mantua
Lakevale Estates,Week2,Wakefield Chapel,Week5,250.0 Wakefield Chapel - 152.0 Lakevale Estates
Lakevale Estates,Week1,Wakefield Chapel,Week2,225.0 Wakefield Chapel - 177.0 Lakevale Estates
Lakevale Estates,Week1,Ilda Community,Week4,292.0 Lakevale Estates - 110.0 Ilda Community
Lakevale Estates,Week5,Hunter Mill,Week3,237.0 Lakevale Estates - 165.0 Hunter Mill
Lakevale Estates,Week3,Sully Station,Week5,205.0 Lakevale Estates - 197.0 Sully Station
Lakevale Estates,Week2,Mantua,Week2,228.0 Lakevale Estates - 174.0 Mantua
Lakevale Estates,Week1,Sully Station,Week3,202.0 Lakevale Estates - 200.0 Sully Station
Lakevale Estates,Week1,Mantua,Week4,214.0 Lakevale Estates - 188.0 Mantua
Lakevale Estates,Week1,Wakefield Chapel,Week1,239.0 Wakefield Chapel - 163.0 Lakevale Estates
Lakevale Estates,Week2,Mantua,Week3,216.0 Mantua - 186.0 Lakevale Estates
Lakevale Estates,Week3,Sully Station,Week1,217.0 Lakevale Estates - 185.0 Sully Station
Lake Braddock,Week1,Riverside Gardens,Week1,357.0 Riverside Gardens - 45.0 Lake Braddock
Lakevale Estates,Week1,Ilda Community,Week3,325.0 Lakevale Estates - 77.0 Ilda Community
Lakevale Estates,Week5,Cottontail,Week3,304.5 Lakevale Estates - 97.5 Cottontail
Lakevale Estates,Week1,Cottontail,Week5,265.0 Lakevale Estates - 137.0 Cottontail
Lakevale Estates,Week5,Ilda Community,Week5,333.0 Lakevale Estates - 69.0 Ilda Community
Lake Braddock,Week5,Ravensworth Farm,Week2,300.0 Ravensworth Farm - 102.0 Lake Braddock
Lakevale Estates,Week1,Cottontail,Week3,296.0 Lakevale Estates - 106.0 Cottontail
Lake Braddock,Week1,Riverside Gardens,Week2,349.0 Riverside Gardens - 53.0 Lake Braddock
Lake Braddock,Week5,Ravensworth Farm,Week3,319.0 Ravensworth Farm - 83.0 Lake Braddock
Lake Braddock,Week5,Ravensworth Farm,Week5,323.0 Ravensworth Farm - 79.0 Lake Braddock
Lakevale Estates,Week1,Ilda Community,Week5,327.0 Lakevale Estates - 75.0 Ilda Community
Lakevale Estates,Week5,Sully Station,Week4,236.0 Lakevale Estates - 166.0 Sully Station
Lakevale Estates,Week2,Sully Station II,Week5,245.0 Sully Station II - 157.0 Lakevale Estates
Lakevale Estates,Week5,Hunter Mill,Week5,221.0 Lakevale Estates - 181.0 Hunter Mill
Lakevale Estates,Week3,Cottontail,Week5,280.0 Lakevale Estates - 122.0 Cottontail
Lakevale Estates,Week5,Sully Station,Week5,210.0 Lakevale Estates - 192.0 Sully Station
Lakevale Estates,Week3,Mantua,Week2,226.0 Lakevale Estates - 176.0 Mantua
Lakevale Estates,Week3,Mantua,Week1,228.0 Lakevale Estates - 169.0 Mantua
Lake Braddock,Week1,Riverside Gardens,Week5,360.0 Riverside Gardens - 42.0 Lake Braddock
Lakevale Estates,Week5,Hunter Mill,Week4,246.0 Lakevale Estates - 156.0 Hunter Mill
Lakevale Estates,Week4,Wakefield Chapel,Week4,228.0 Lakevale Estates - 174.0 Wakefield Chapel
Lakevale Estates,Week2,Mantua,Week5,216.0 Mantua - 186.0 Lakevale Estates
Lakevale Estates,Week2,Sully Station II,Week1,206.0 Lakevale Estates - 196.0 Sully Station II
Lakevale Estates,Week3,Mantua,Week5,205.0 Mantua - 197.0 Lakevale Estates
Lakevale Estates,Week1,Cottontail,Week1,273.0 Lakevale Estates - 129.0 Cottontail
Lake Braddock,Week1,Riverside Gardens,Week3,363.0 Riverside Gardens - 39.0 Lake Braddock
Lakevale Estates,Week3,Mantua,Week4,229.0 Lakevale Estates - 173.0 Mantua
Lakevale Estates,Week3,Cottontail,Week4,297.0 Lakevale Estates - 100.0 Cottontail
Lakevale Estates,Week5,Wakefield Chapel,Week1,209.0 Wakefield Chapel - 193.0 Lakevale Estates
Lakevale Estates,Week2,Ilda Community,Week5,327.0 Lakevale Estates - 75.0 Ilda Community
Lakevale Estates,Week3,Ilda Community,Week2,329.0 Lakevale Estates - 73.0 Ilda Community
Lakevale Estates,Week1,Sully Station II,Week5,245.0 Sully Station II - 157.0 Lakevale Estates
Lakevale Estates,Week2,Cottontail,Week4,291.0 Lakevale Estates - 111.0 Cottontail
Lake Braddock,Week4,Ravensworth Farm,Week5,327.0 Ravensworth Farm - 75.0 Lake Braddock
Lakevale Estates,Week2,Sully Station II,Week2,216.0 Sully Station II - 186.0 Lakevale Estates
Lakevale Estates,Week5,Cottontail,Week1,296.0 Lakevale Estates - 106.0 Cottontail
Lakevale Estates,Week3,Wakefield Chapel,Week1,217.0 Wakefield Chapel - 185.0 Lakevale Estates
Lakevale Estates,Week5,Wakefield Chapel,Week3,207.0 Lakevale Estates - 195.0 Wakefield Chapel
Lakevale Estates,Week4,Wakefield Chapel,Week3,207.5 Lakevale Estates - 194.5 Wakefield Chapel
Lake Braddock,Week1,Riverside Gardens,Week4,364.0 Riverside Gardens - 38.0 Lake Braddock
Lake Braddock,Week5,Ravensworth Farm,Week1,324.0 Ravensworth Farm - 78.0 Lake Braddock
Lake Braddock,Week2,Riverside Gardens,Week3,344.0 Riverside Gardens - 58.0 Lake Braddock
Lakevale Estates,Week2,Walden Glen,Week5,271.0 Lakevale Estates - 131.0 Walden Glen
Lakevale Estates,Week2,Ilda Community,Week3,341.0 Lakevale Estates - 61.0 Ilda Community
Lakevale Estates,Week1,Kent Gardens,Week1,250.0 Lakevale Estates - 152.0 Kent Gardens
Lakevale Estates,Week4,Mantua,Week1,250.0 Lakevale Estates - 152.0 Mantua
Lakevale Estates,Week1,Walden Glen,Week5,252.0 Lakevale Estates - 150.0 Walden Glen
Lakevale Estates,Week1,Country Club Hills,Week5,267.0 Lakevale Estates - 135.0 Country Club Hills
Lakevale Estates,Week3,Walden Glen,Week5,263.0 Lakevale Estates - 139.0 Walden Glen
Lakevale Estates,Week3,McLean,Week4,223.0 McLean - 179.0 Lakevale Estates
Lakevale Estates,Week1,Country Club Hills,Week3,277.5 Lakevale Estates - 124.5 Country Club Hills
Lakevale Estates,Week3,Ilda Community,Week4,314.0 Lakevale Estates - 88.0 Ilda Community
Lake Braddock,Week4,Riverside Gardens,Week5,357.0 Riverside Gardens - 45.0 Lake Braddock
Lakevale Estates,Week4,McLean,Week3,234.0 McLean - 168.0 Lakevale Estates
Lakevale Estates,Week4,Ilda Community,Week4,327.0 Lakevale Estates - 75.0 Ilda Community
Lakevale Estates,Week5,Mantua,Week2,244.0 Lakevale Estates - 158.0 Mantua
Lakevale Estates,Week1,McLean,Week2,256.0 McLean - 146.0 Lakevale Estates
Lakevale Estates,Week2,Country Club Hills,Week2,287.0 Lakevale Estates - 115.0 Country Club Hills
Lake Braddock,Week4,Riverside Gardens,Week2,335.0 Riverside Gardens - 67.0 Lake Braddock
Lakevale Estates,Week3,Sully Station II,Week2,203.0 Lakevale Estates - 199.0 Sully Station II
Lakevale Estates,Week2,Sully Station II,Week4,234.0 Lakevale Estates - 168.0 Sully Station II
Lakevale Estates,Week1,Sully Station II,Week3,243.0 Sully Station II - 159.0 Lakevale Estates
Lakevale Estates,Week5,Mantua,Week3,214.0 Lakevale Estates - 188.0 Mantua
Lakevale Estates,Week4,Ilda Community,Week5,338.0 Lakevale Estates - 64.0 Ilda Community
Lakevale Estates,Week1,Waynewood,Week3,206.0 Waynewood - 196.0 Lakevale Estates
Lakevale Estates,Week4,Sully Station II,Week1,259.0 Lakevale Estates - 143.0 Sully Station II
Lakevale Estates,Week5,Ilda Community,Week2,338.0 Lakevale Estates - 64.0 Ilda Community
Lakevale Estates,Week4,Mantua,Week5,214.0 Lakevale Estates - 188.0 Mantua
Lake Braddock,Week5,Riverside Gardens,Week4,348.0 Riverside Gardens - 54.0 Lake Braddock
Lakevale Estates,Week3,Sully Station II,Week5,208.5 Sully Station II - 193.5 Lakevale Estates
Lakevale Estates,Week3,Sully Station II,Week1,232.0 Lakevale Estates - 170.0 Sully Station II
Lake Braddock,Week5,Riverside Gardens,Week2,334.0 Riverside Gardens - 68.0 Lake Braddock
Lakevale Estates,Week4,Sully Station II,Week2,232.0 Lakevale Estates - 170.0 Sully Station II
Lakevale Estates,Week1,Crosspointe,Week1,233.0 Crosspointe - 169.0 Lakevale Estates
Lake Braddock,Week1,Rolling Forest,Week1,316.0 Rolling Forest - 86.0 Lake Braddock
Lakevale Estates,Week1,Walden Glen,Week2,292.0 Lakevale Estates - 110.0 Walden Glen
Lakevale Estates,Week5,Country Club Hills,Week3,299.0 Lakevale Estates - 103.0 Country Club Hills
Lakevale Estates,Week3,Ilda Community,Week1,309.0 Lakevale Estates - 93.0 Ilda Community
Lakevale Estates,Week3,Sully Station II,Week3,218.0 Sully Station II - 184.0 Lakevale Estates
Lakevale Estates,Week4,Ilda Community,Week1,317.0 Lakevale Estates - 85.0 Ilda Community
Lakevale Estates,Week1,Country Club Hills,Week1,283.0 Lakevale Estates - 119.0 Country Club Hills
Lakevale Estates,Week2,Country Club Hills,Week1,274.0 Lakevale Estates - 128.0 Country Club Hills
Lakevale Estates,Week5,Mantua,Week4,237.0 Lakevale Estates - 165.0 Mantua
Lakevale Estates,Week5,Walden Glen,Week2,304.0 Lakevale Estates - 98.0 Walden Glen
Lake Braddock,Week2,Riverside Gardens,Week1,342.5 Riverside Gardens - 59.5 Lake Braddock
Lakevale Estates,Week1,Waynewood,Week1,221.0 Lakevale Estates - 181.0 Waynewood
Lakevale Estates,Week4,Sully Station II,Week5,204.0 Lakevale Estates - 198.0 Sully Station II
Lakevale Estates,Week3,Walden Glen,Week1,304.0 Lakevale Estates - 93.0 Walden Glen
Lakevale Estates,Week4,Walden Glen,Week2,309.0 Lakevale Estates - 93.0 Walden Glen
Lakevale Estates,Week3,McLean,Week1,233.0 McLean - 164.0 Lakevale Estates
Lakevale Estates,Week3,Country Club Hills,Week1,286.0 Lakevale Estates - 116.0 Country Club Hills
Lakevale Estates,Week1,Walden Glen,Week4,285.0 Lakevale Estates - 117.0 Walden Glen
Lakevale Estates,Week3,Country Club Hills,Week3,291.0 Lakevale Estates - 111.0 Country Club Hills
Lake Braddock,Week1,Rolling Forest,Week3,325.0 Rolling Forest - 77.0 Lake Braddock
Lakevale Estates,Week3,Fox Mill Estates,Week2,305.0 Lakevale Estates - 97.0 Fox Mill Estates
Lakevale Estates,Week4,McLean,Week4,221.0 McLean - 181.0 Lakevale Estates
Lake Braddock,Week3,Riverside Gardens,Week3,349.0 Riverside Gardens - 53.0 Lake Braddock
Lakevale Estates,Week2,McLean,Week4,244.5 McLean - 157.5 Lakevale Estates
Lakevale Estates,Week4,Country Club Hills,Week1,296.0 Lakevale Estates - 106.0 Country Club Hills
Lakevale Estates,Week3,Walden Glen,Week4,270.0 Lakevale Estates - 127.0 Walden Glen
Lakevale Estates,Week5,Sully Station II,Week1,259.0 Lakevale Estates - 143.0 Sully Station II
Lake Braddock,Week1,Rolling Forest,Week2,290.0 Rolling Forest - 112.0 Lake Braddock
Lakevale Estates,Week4,Fox Mill Estates,Week5,318.0 Lakevale Estates - 84.0 Fox Mill Estates
Lakevale Estates,Week3,McLean,Week5,235.0 McLean - 167.0 Lakevale Estates
Lakevale Estates,Week4,Sully Station II,Week4,266.0 Lakevale Estates - 136.0 Sully Station II
Lakevale Estates,Week5,Sully Station II,Week2,221.0 Lakevale Estates - 181.0 Sully Station II
Lakevale Estates,Week4,Walden Glen,Week5,275.0 Lakevale Estates - 127.0 Walden Glen
Lakevale Estates,Week3,Crosspointe,Week1,202.0 Lakevale Estates - 200.0 Crosspointe
Lakevale Estates,Week1,Crosspointe,Week4,211.0 Crosspointe - 191.0 Lakevale Estates
Lakevale Estates,Week4,Fox Mill Estates,Week3,308.0 Lakevale Estates - 94.0 Fox Mill Estates
Lakevale Estates,Week5,Fox Hunt,Week3,265.0 Lakevale Estates - 137.0 Fox Hunt
Lake Braddock,Week3,Riverside Gardens,Week1,347.0 Riverside Gardens - 55.0 Lake Braddock
Lakevale Estates,Week5,Mantua,Week5,213.0 Lakevale Estates - 189.0 Mantua
Lake Braddock,Week2,Riverside Gardens,Week5,341.0 Riverside Gardens - 61.0 Lake Braddock
Lakevale Estates,Week5,Fox Hunt,Week1,288.0 Lakevale Estates - 114.0 Fox Hunt
Lake Braddock,Week3,Riverside Gardens,Week2,339.0 Riverside Gardens - 63.0 Lake Braddock
Lake Braddock,Week5,Riverside Gardens,Week3,348.0 Riverside Gardens - 54.0 Lake Braddock
Lakevale Estates,Week2,McLean,Week3,242.0 McLean - 160.0 Lakevale Estates
Lakevale Estates,Week3,Crosspointe,Week4,207.0 Lakevale Estates - 195.0 Crosspointe
Lakevale Estates,Week1,Fox Mill Estates,Week1,312.0 Lakevale Estates - 90.0 Fox Mill Estates
Lakevale Estates,Week1,McLean,Week1,237.0 McLean - 160.0 Lakevale Estates
Lakevale Estates,Week1,Fox Mill Estates,Week4,290.0 Lakevale Estates - 112.0 Fox Mill Estates
Lakevale Estates,Week5,Sully Station II,Week4,264.0 Lakevale Estates - 138.0 Sully Station II
Lakevale Estates,Week2,McLean,Week2,260.5 McLean - 141.5 Lakevale Estates
Lakevale Estates,Week2,Walden Glen,Week3,303.0 Lakevale Estates - 99.0 Walden Glen
Lakevale Estates,Week1,Truro,Week1,291.0 Lakevale Estates - 111.0 Truro
Lakevale Estates,Week2,Crosspointe,Week1,216.0 Crosspointe - 186.0 Lakevale Estates
Lakevale Estates,Week1,McLean,Week3,240.0 McLean - 162.0 Lakevale Estates
Lakevale Estates,Week4,Walden Glen,Week3,323.0 Lakevale Estates - 79.0 Walden Glen
Lakevale Estates,Week4,Country Club Hills,Week3,292.0 Lakevale Estates - 110.0 Country Club Hills
Lakevale Estates,Week1,Truro,Week2,304.0 Lakevale Estates - 98.0 Truro
Lakevale Estates,Week4,Crosspointe,Week1,205.0 Lakevale Estates - 197.0 Crosspointe
Lake Braddock,Week3,Riverside Gardens,Week5,346.0 Riverside Gardens - 56.0 Lake Braddock
Lakevale Estates,Week2,Fox Mill Estates,Week4,275.0 Lakevale Estates - 127.0 Fox Mill Estates
Lakevale Estates,Week4,Walden Glen,Week1,321.0 Lakevale Estates - 81.0 Walden Glen
Lakevale Estates,Week5,Sully Station II,Week5,211.0 Sully Station II - 191.0 Lakevale Estates
Lake Braddock,Week4,Riverside Gardens,Week1,347.0 Riverside Gardens - 55.0 Lake Braddock
Lakevale Estates,Week2,Walden Glen,Week4,288.0 Lakevale Estates - 114.0 Walden Glen
Lakevale Estates,Week2,Walden Glen,Week1,305.0 Lakevale Estates - 97.0 Walden Glen
Lakevale Estates,Week1,Truro,Week4,292.0 Lakevale Estates - 110.0 Truro
Lakevale Estates,Week2,Fox Mill Estates,Week5,292.0 Lakevale Estates - 110.0 Fox Mill Estates
Lakevale Estates,Week5,Wakefield Chapel,Week5,205.5 Wakefield Chapel - 196.5 Lakevale Estates
Lakevale Estates,Week1,Truro,Week5,302.5 Lakevale Estates - 99.5 Truro
Lakevale Estates,Week2,Country Club Hills,Week4,285.0 Lakevale Estates - 117.0 Country Club Hills
Lakevale Estates,Week5,Mantua,Week1,252.0 Lakevale Estates - 150.0 Mantua
Lake Braddock,Week2,Riverside Gardens,Week4,343.0 Riverside Gardens - 59.0 Lake Braddock
Lake Braddock,Week5,Riverside Gardens,Week1,344.0 Riverside Gardens - 58.0 Lake Braddock
Lakevale Estates,Week4,Fox Hunt,Week1,288.0 Lakevale Estates - 114.0 Fox Hunt
Lakevale Estates,Week2,Country Club Hills,Week5,273.5 Lakevale Estates - 128.5 Country Club Hills
Lake Braddock,Week1,Rolling Forest,Week4,312.0 Rolling Forest - 90.0 Lake Braddock
Lakevale Estates,Week2,McLean,Week1,243.0 McLean - 159.0 Lakevale Estates
Lakevale Estates,Week3,Crosspointe,Week3,201.0 Crosspointe - 201.0 Lakevale Estates
Lakevale Estates,Week3,Fox Mill Estates,Week5,294.0 Lakevale Estates - 108.0 Fox Mill Estates
Lakevale Estates,Week3,Fox Mill Estates,Week3,300.0 Lakevale Estates - 102.0 Fox Mill Estates
Lake Braddock,Week5,Fair Oaks ,Week5,318.0 Fair Oaks - 84.0 Lake Braddock
Lakevale Estates,Week4,Fox Hunt,Week5,257.0 Lakevale Estates - 145.0 Fox Hunt
Lakevale Estates,Week2,Fox Mill Estates,Week3,299.0 Lakevale Estates - 103.0 Fox Mill Estates
Lakevale Estates,Week3,Truro,Week2,318.0 Lakevale Estates - 79.0 Truro
Lakevale Estates,Week5,Sully Station II,Week3,208.0 Lakevale Estates - 194.0 Sully Station II
Lakevale Estates,Week5,Walden Glen,Week3,327.0 Lakevale Estates - 75.0 Walden Glen
Lakevale Estates,Week2,Walden Glen,Week2,289.0 Lakevale Estates - 113.0 Walden Glen
Lakevale Estates,Week3,Country Club Hills,Week2,297.0 Lakevale Estates - 105.0 Country Club Hills
Lake Braddock,Week4,Fair Oaks ,Week1,317.0 Fair Oaks - 85.0 Lake Braddock
Lake Braddock,Week4,Riverside Gardens,Week3,357.0 Riverside Gardens - 45.0 Lake Braddock
Lake Braddock,Week3,Riverside Gardens,Week4,353.0 Riverside Gardens - 49.0 Lake Braddock
Lakevale Estates,Week2,Crosspointe,Week2,209.0 Lakevale Estates - 193.0 Crosspointe
Lakevale Estates,Week2,Truro,Week3,318.0 Lakevale Estates - 84.0 Truro
Lakevale Estates,Week1,Walden Glen,Week1,310.0 Lakevale Estates - 92.0 Walden Glen
Lakevale Estates,Week3,Truro,Week3,321.0 Lakevale Estates - 81.0 Truro
Lakevale Estates,Week1,Walden Glen,Week3,297.0 Lakevale Estates - 105.0 Walden Glen
Lakevale Estates,Week1,Fox Mill Estates,Week3,285.0 Lakevale Estates - 117.0 Fox Mill Estates
Lake Braddock,Week1,Fairfax,Week2,364.0 Fairfax - 38.0 Lake Braddock
Lake Braddock,Week5,Riverside Gardens,Week5,355.0 Riverside Gardens - 47.0 Lake Braddock
Lakevale Estates,Week4,Mantua,Week3,217.0 Lakevale Estates - 185.0 Mantua
Lakevale Estates,Week5,Crosspointe,Week3,216.0 Lakevale Estates - 186.0 Crosspointe
Lakevale Estates,Week1,McLean,Week4,226.0 McLean - 176.0 Lakevale Estates
Lakevale Estates,Week2,Country Club Hills,Week3,279.0 Lakevale Estates - 123.0 Country Club Hills
Lakevale Estates,Week2,Truro,Week1,303.0 Lakevale Estates - 99.0 Truro
Lakevale Estates,Week2,McLean,Week5,255.0 McLean - 147.0 Lakevale Estates
Lake Braddock,Week5,Fair Oaks ,Week1,291.0 Fair Oaks - 111.0 Lake Braddock
Lakevale Estates,Week1,McLean,Week5,243.0 McLean - 159.0 Lakevale Estates
Lake Braddock,Week4,Riverside Gardens,Week4,360.0 Riverside Gardens - 42.0 Lake Braddock
Lakevale Estates,Week2,Fox Mill Estates,Week2,292.0 Lakevale Estates - 110.0 Fox Mill Estates
Lakevale Estates,Week5,Walden Glen,Week1,319.0 Lakevale Estates - 83.0 Walden Glen
Lake Braddock,Week1,Fairfax,Week3,367.0 Fairfax - 35.0 Lake Braddock
Lake Braddock,Week5,Fair Oaks ,Week3,297.0 Fair Oaks - 105.0 Lake Braddock
Lake Braddock,Week1,Tuckahoe,Week3,379.0 Tuckahoe - 23.0 Lake Braddock
Lakevale Estates,Week4,Fox Mill Estates,Week1,329.0 Lakevale Estates - 73.0 Fox Mill Estates
Lake Braddock,Week2,Fair Oaks ,Week5,324.0 Fair Oaks - 78.0 Lake Braddock
Lake Braddock,Week2,Parliament,Week4,271.0 Parliament - 130.0 Lake Braddock
Lake Braddock,Week3,Fair Oaks ,Week4,305.0 Fair Oaks - 97.0 Lake Braddock
Lakevale Estates,Week1,Fox Mill Estates,Week5,291.0 Lakevale Estates - 111.0 Fox Mill Estates
Lakevale Estates,Week5,Walden Glen,Week4,296.0 Lakevale Estates - 106.0 Walden Glen
Lakevale Estates,Week2,Truro,Week4,306.0 Lakevale Estates - 96.0 Truro
Lakevale Estates,Week4,Country Club Hills,Week2,309.0 Lakevale Estates - 93.0 Country Club Hills
Lake Braddock,Week4,Parklawn,Week4,240.0 Parklawn - 160.0 Lake Braddock
Lakevale Estates,Week3,Country Club Hills,Week5,284.0 Lakevale Estates - 118.0 Country Club Hills
Lakevale Estates,Week4,McLean,Week1,209.0 McLean - 193.0 Lakevale Estates
Lake Braddock,Week1,Tuckahoe,Week4,374.0 Tuckahoe - 28.0 Lake Braddock
Lakevale Estates,Week3,Truro,Week4,319.0 Lakevale Estates - 83.0 Truro
Lake Braddock,Week1,Fairfax,Week4,358.0 Fairfax - 44.0 Lake Braddock
Lakevale Estates,Week3,Truro,Week5,300.0 Lakevale Estates - 97.0 Truro
Lakevale Estates,Week3,Country Club Hills,Week4,289.0 Lakevale Estates - 113.0 Country Club Hills
Lakevale Estates,Week3,Walden Glen,Week2,286.0 Lakevale Estates - 111.0 Walden Glen
Lakevale Estates,Week5,Fox Hunt,Week4,276.0 Lakevale Estates - 126.0 Fox Hunt
Lakevale Estates,Week4,Walden Glen,Week4,299.0 Lakevale Estates - 103.0 Walden Glen
Lakevale Estates,Week4,Mantua,Week4,241.0 Lakevale Estates - 161.0 Mantua
Lakevale Estates,Week3,Walden Glen,Week3,292.5 Lakevale Estates - 109.5 Walden Glen
Lakevale Estates,Week3,McLean,Week2,248.0 McLean - 154.0 Lakevale Estates
Lakevale Estates,Week3,McLean,Week3,221.0 McLean - 176.0 Lakevale Estates
Lakevale Estates,Week1,Truro,Week3,315.0 Lakevale Estates - 87.0 Truro
Lake Braddock,Week4,Parliament,Week1,295.0 Parliament - 106.0 Lake Braddock
Lake Braddock,Week1,Fairfax,Week5,367.0 Fairfax - 35.0 Lake Braddock
Lakevale Estates,Week5,Walden Glen,Week5,297.0 Lakevale Estates - 105.0 Walden Glen
Lakevale Estates,Week4,Mosby Woods,Week5,219.0 Lakevale Estates - 183.0 Mosby Woods
Lake Braddock,Week3,Parliament,Week2,265.0 Parliament - 133.0 Lake Braddock
Lake Braddock,Week4,Fair Oaks ,Week3,323.5 Fair Oaks - 78.5 Lake Braddock
Lake Braddock,Week3,Truro,Week3,239.0 Truro - 163.0 Lake Braddock
Lakevale Estates,Week1,Waynewood,Week4,212.0 Lakevale Estates - 190.0 Waynewood
Lake Braddock,Week1,Truro,Week5,266.0 Truro - 135.0 Lake Braddock
Lake Braddock,Week2,Parliament,Week5,278.0 Parliament - 122.0 Lake Braddock
Lakevale Estates,Week4,Country Club Hills,Week4,310.0 Lakevale Estates - 92.0 Country Club Hills
Lakevale Estates,Week1,Fox Mill Estates,Week2,284.0 Lakevale Estates - 118.0 Fox Mill Estates
Lake Braddock,Week5,Parliament,Week2,258.0 Parliament - 140.0 Lake Braddock
Lakevale Estates,Week3,Truro,Week1,293.0 Lakevale Estates - 109.0 Truro
Lakevale Estates,Week3,Mosby Woods,Week4,228.0 Lakevale Estates - 174.0 Mosby Woods
Lakevale Estates,Week1,Waynewood,Week2,221.0 Lakevale Estates - 181.0 Waynewood
Lake Braddock,Week2,Fairfax,Week1,334.0 Fairfax - 68.0 Lake Braddock
Lakevale Estates,Week5,Country Club Hills,Week5,291.0 Lakevale Estates - 111.0 Country Club Hills
Lakevale Estates,Week2,Truro,Week5,312.0 Lakevale Estates - 90.0 Truro
Lakevale Estates,Week4,McLean,Week2,239.0 McLean - 163.0 Lakevale Estates
Lakevale Estates,Week2,Truro,Week2,315.0 Lakevale Estates - 87.0 Truro
Lake Braddock,Week3,Truro,Week1,244.0 Truro - 158.0 Lake Braddock
Lakevale Estates,Week4,Fox Mill Estates,Week2,310.0 Lakevale Estates - 92.0 Fox Mill Estates
Lakevale Estates,Week4,Fox Hunt,Week3,266.0 Lakevale Estates - 136.0 Fox Hunt
Lake Braddock,Week1,Parliament,Week4,301.0 Parliament - 100.0 Lake Braddock
Lakevale Estates,Week5,Country Club Hills,Week1,303.0 Lakevale Estates - 99.0 Country Club Hills
Lake Braddock,Week5,Fair Oaks ,Week2,276.0 Fair Oaks - 126.0 Lake Braddock
Lakevale Estates,Week5,Country Club Hills,Week2,311.0 Lakevale Estates - 91.0 Country Club Hills
Lake Braddock,Week3,Fair Oaks ,Week1,304.0 Fair Oaks - 98.0 Lake Braddock
Lakevale Estates,Week1,Crosspointe,Week2,209.0 Crosspointe - 193.0 Lakevale Estates
Lake Braddock,Week1,Truro,Week3,254.0 Truro - 148.0 Lake Braddock
Lakevale Estates,Week5,McLean,Week3,226.0 McLean - 176.0 Lakevale Estates
Lakevale Estates,Week3,Fox Mill Estates,Week1,316.0 Lakevale Estates - 86.0 Fox Mill Estates
Lakevale Estates,Week5,Tuckahoe,Week1,255.0 Tuckahoe - 147.0 Lakevale Estates
Lake Braddock,Week4,Fair Oaks ,Week2,290.0 Fair Oaks - 112.0 Lake Braddock
Lake Braddock,Week5,Fair Oaks ,Week4,294.0 Fair Oaks - 108.0 Lake Braddock
Lakevale Estates,Week5,Waynewood,Week1,255.0 Lakevale Estates - 147.0 Waynewood
Lakevale Estates,Week3,Waynewood,Week4,241.0 Lakevale Estates - 161.0 Waynewood
Lake Braddock,Week1,Parliament,Week2,287.0 Parliament - 114.0 Lake Braddock
Lake Braddock,Week2,Truro,Week4,249.0 Truro - 152.0 Lake Braddock
Lakevale Estates,Week5,Mosby Woods,Week5,217.0 Lakevale Estates - 185.0 Mosby Woods
Lakevale Estates,Week2,Mosby Woods,Week5,202.0 Mosby Woods - 200.0 Lakevale Estates
Lakevale Estates,Week5,Fox Hunt,Week5,265.0 Lakevale Estates - 137.0 Fox Hunt
Lake Braddock,Week5,Truro,Week2,214.0 Truro - 185.0 Lake Braddock
Lakevale Estates,Week1,Crosspointe,Week5,232.0 Crosspointe - 170.0 Lakevale Estates
Lakevale Estates,Week1,Mosby Woods,Week4,208.0 Mosby Woods - 194.0 Lakevale Estates
Lake Braddock,Week2,Fairfax,Week3,349.0 Fairfax - 53.0 Lake Braddock
Lakevale Estates,Week1,Woodley,Week2,333.0 Lakevale Estates - 69.0 Woodley
Lakevale Estates,Week5,Truro,Week1,316.0 Lakevale Estates - 86.0 Truro
Lake Braddock,Week3,Truro,Week2,231.0 Truro - 170.0 Lake Braddock
Lake Braddock,Week2,Fairfax,Week2,344.0 Fairfax - 58.0 Lake Braddock
Lakevale Estates,Week1,Mount Vernon Park,Week2,206.0 Mount Vernon Park - 196.0 Lakevale Estates
Lake Braddock,Week5,Truro,Week4,231.0 Truro - 170.0 Lake Braddock
Lake Braddock,Week3,Parklawn,Week5,229.0 Parklawn - 171.0 Lake Braddock
Lakevale Estates,Week2,Crosspointe,Week3,207.0 Crosspointe - 195.0 Lakevale Estates
Lakevale Estates,Week5,Fox Hunt,Week2,279.5 Lakevale Estates - 122.5 Fox Hunt
Lake Braddock,Week2,Parliament,Week3,275.0 Parliament - 127.0 Lake Braddock
Lakevale Estates,Week4,Country Club Hills,Week5,300.0 Lakevale Estates - 102.0 Country Club Hills
Lake Braddock,Week1,Fairfax,Week1,355.0 Fairfax - 47.0 Lake Braddock
Lake Braddock,Week4,Truro,Week5,250.0 Truro - 151.0 Lake Braddock
Lakevale Estates,Week1,Waynewood,Week5,207.0 Waynewood - 195.0 Lakevale Estates
Lake Braddock,Week4,Parklawn,Week5,233.0 Parklawn - 167.0 Lake Braddock
Lakevale Estates,Week4,Tuckahoe,Week2,268.0 Tuckahoe - 134.0 Lakevale Estates
Lakevale Estates,Week5,Country Club Hills,Week4,302.5 Lakevale Estates - 99.5 Country Club Hills
Lakevale Estates,Week4,Fox Hunt,Week2,268.0 Lakevale Estates - 134.0 Fox Hunt
Lake Braddock,Week5,Parklawn,Week3,202.0 Lake Braddock - 199.0 Parklawn
Lakevale Estates,Week1,Crosspointe,Week3,220.0 Crosspointe - 182.0 Lakevale Estates
Lakevale Estates,Week3,Tuckahoe,Week3,291.0 Tuckahoe - 111.0 Lakevale Estates
Lakevale Estates,Week1,Tuckahoe,Week4,305.5 Tuckahoe - 96.5 Lakevale Estates
Lakevale Estates,Week4,Fox Hunt,Week4,280.0 Lakevale Estates - 122.0 Fox Hunt
Lakevale Estates,Week5,Waynewood,Week4,253.0 Lakevale Estates - 149.0 Waynewood
Lakevale Estates,Week4,Truro,Week2,330.0 Lakevale Estates - 71.0 Truro
Lakevale Estates,Week3,Waynewood,Week1,242.0 Lakevale Estates - 160.0 Waynewood
Lakevale Estates,Week2,Fox Mill Estates,Week1,313.0 Lakevale Estates - 89.0 Fox Mill Estates
Lakevale Estates,Week3,Mosby Woods,Week2,211.0 Mosby Woods - 191.0 Lakevale Estates
Lake Braddock,Week4,Truro,Week1,254.0 Truro - 148.0 Lake Braddock
Lake Braddock,Week3,Fair Oaks ,Week3,315.0 Fair Oaks - 87.0 Lake Braddock
Lake Braddock,Week2,Truro,Week2,228.0 Truro - 171.0 Lake Braddock
Lakevale Estates,Week2,Waynewood,Week4,229.0 Lakevale Estates - 173.0 Waynewood
Lake Braddock,Week4,Parklawn,Week3,208.0 Parklawn - 193.0 Lake Braddock
Lakevale Estates,Week2,Crosspointe,Week5,217.0 Crosspointe - 185.0 Lakevale Estates
Lakevale Estates,Week2,Woodley,Week4,340.0 Lakevale Estates - 62.0 Woodley
Lake Braddock,Week1,Crosspointe,Week2,342.0 Crosspointe - 60.0 Lake Braddock
Lake Braddock,Week2,Fair Oaks ,Week3,307.0 Fair Oaks - 95.0 Lake Braddock
Lake Braddock,Week4,Fair Oaks ,Week4,306.0 Fair Oaks - 96.0 Lake Braddock
Lake Braddock,Week2,Parliament,Week1,287.0 Parliament - 113.0 Lake Braddock
Lakevale Estates,Week4,McLean,Week5,235.0 McLean - 167.0 Lakevale Estates
Lakevale Estates,Week5,Tuckahoe,Week3,295.0 Tuckahoe - 107.0 Lakevale Estates
Lake Braddock,Week2,Crosspointe,Week1,335.0 Crosspointe - 67.0 Lake Braddock
Lakevale Estates,Week2,Mosby Woods,Week3,205.5 Lakevale Estates - 196.5 Mosby Woods
Lakevale Estates,Week4,Truro,Week3,337.0 Lakevale Estates - 65.0 Truro
Lakevale Estates,Week3,Woodley,Week2,336.0 Lakevale Estates - 66.0 Woodley
Lakevale Estates,Week1,Mosby Woods,Week2,224.5 Mosby Woods - 177.5 Lakevale Estates
Lakevale Estates,Week2,Crosspointe,Week4,207.0 Lakevale Estates - 195.0 Crosspointe
Lakevale Estates,Week1,Fox Mill Woods,Week4,218.0 Fox Mill Woods - 184.0 Lakevale Estates
Lake Braddock,Week3,Parliament,Week1,291.0 Parliament - 109.0 Lake Braddock
Lakevale Estates,Week3,Tuckahoe,Week1,260.0 Tuckahoe - 142.0 Lakevale Estates
Lake Braddock,Week4,Truro,Week2,242.0 Truro - 158.0 Lake Braddock
Lakevale Estates,Week4,Fox Mill Estates,Week4,306.0 Lakevale Estates - 96.0 Fox Mill Estates
Lakevale Estates,Week3,Crosspointe,Week2,226.0 Lakevale Estates - 176.0 Crosspointe
Lakevale Estates,Week3,Fox Mill Estates,Week4,291.0 Lakevale Estates - 111.0 Fox Mill Estates
Lake Braddock,Week4,Truro,Week3,248.0 Truro - 154.0 Lake Braddock
Lake Braddock,Week4,Fair Oaks ,Week5,326.0 Fair Oaks - 76.0 Lake Braddock
Lakevale Estates,Week3,Woodley,Week4,331.0 Lakevale Estates - 71.0 Woodley
Lakevale Estates,Week4,Crosspointe,Week2,238.0 Lakevale Estates - 164.0 Crosspointe
Lake Braddock,Week2,Fair Oaks ,Week4,299.5 Fair Oaks - 102.5 Lake Braddock
Lakevale Estates,Week4,Crosspointe,Week3,218.5 Lakevale Estates - 183.5 Crosspointe
Lake Braddock,Week3,Fair Oaks ,Week2,282.0 Fair Oaks - 120.0 Lake Braddock
Lakevale Estates,Week2,Mosby Woods,Week1,204.0 Mosby Woods - 198.0 Lakevale Estates
Lakevale Estates,Week2,Fox Mill Woods,Week5,205.0 Fox Mill Woods - 197.0 Lakevale Estates
Lakevale Estates,Week1,Woodley,Week4,330.5 Lakevale Estates - 71.5 Woodley
Lakevale Estates,Week3,Crosspointe,Week5,215.0 Crosspointe - 187.0 Lakevale Estates
Lakevale Estates,Week5,Fox Mill Estates,Week1,315.0 Lakevale Estates - 87.0 Fox Mill Estates
Lake Braddock,Week4,Parklawn,Week2,225.0 Parklawn - 176.0 Lake Braddock
Lakevale Estates,Week5,Truro,Week2,335.0 Lakevale Estates - 66.0 Truro
Lake Braddock,Week3,Truro,Week4,264.0 Truro - 137.0 Lake Braddock
Lake Braddock,Week5,Parklawn,Week4,214.0 Parklawn - 187.0 Lake Braddock
Lakevale Estates,Week4,Tuckahoe,Week1,252.0 Tuckahoe - 150.0 Lakevale Estates
Lake Braddock,Week4,Crosspointe,Week1,343.0 Crosspointe - 59.0 Lake Braddock
Lakevale Estates,Week1,Tuckahoe,Week2,282.0 Tuckahoe - 120.0 Lakevale Estates
Lakevale Estates,Week4,Fox Mill Woods,Week3,229.0 Lakevale Estates - 173.0 Fox Mill Woods
Lake Braddock,Week5,Truro,Week1,236.0 Truro - 166.0 Lake Braddock
Lake Braddock,Week4,Crosspointe,Week4,341.0 Crosspointe - 61.0 Lake Braddock
Lakevale Estates,Week3,Mosby Woods,Week1,216.0 Mosby Woods - 186.0 Lakevale Estates
Lake Braddock,Week3,Parliament,Week3,277.0 Parliament - 125.0 Lake Braddock
Lake Braddock,Week4,Crosspointe,Week2,333.0 Crosspointe - 69.0 Lake Braddock
Lakevale Estates,Week4,Waynewood,Week1,257.0 Lakevale Estates - 145.0 Waynewood
Lakevale Estates,Week4,Mosby Woods,Week1,210.0 Lakevale Estates - 192.0 Mosby Woods
Lake Braddock,Week5,Truro,Week5,240.0 Truro - 161.0 Lake Braddock
Lakevale Estates,Week4,Crosspointe,Week5,213.0 Lakevale Estates - 189.0 Crosspointe
Lakevale Estates,Week5,McLean,Week4,214.0 McLean - 188.0 Lakevale Estates
Lakevale Estates,Week5,Truro,Week3,330.0 Lakevale Estates - 72.0 Truro
Lake Braddock,Week3,Fair Oaks ,Week5,317.0 Fair Oaks - 85.0 Lake Braddock
Lake Braddock,Week3,Parliament,Week5,281.0 Parliament - 120.0 Lake Braddock
Lake Braddock,Week5,Crosspointe,Week1,320.0 Crosspointe - 82.0 Lake Braddock
Lakevale Estates,Week2,Waynewood,Week2,237.0 Lakevale Estates - 165.0 Waynewood
Lake Braddock,Week2,Parliament,Week2,259.0 Parliament - 139.0 Lake Braddock
Lakevale Estates,Week3,Mosby Woods,Week5,203.0 Lakevale Estates - 199.0 Mosby Woods
Lakevale Estates,Week4,Tuckahoe,Week4,283.0 Tuckahoe - 119.0 Lakevale Estates
Lake Braddock,Week1,Tuckahoe,Week2,382.0 Tuckahoe - 20.0 Lake Braddock
Lake Braddock,Week1,Parliament,Week5,300.0 Parliament - 98.0 Lake Braddock
Lakevale Estates,Week4,Mosby Woods,Week2,207.0 Lakevale Estates - 195.0 Mosby Woods
Lakevale Estates,Week2,Fox Mill Woods,Week3,207.0 Lakevale Estates - 195.0 Fox Mill Woods
Lakevale Estates,Week2,Tuckahoe,Week5,309.0 Tuckahoe - 93.0 Lakevale Estates
Lake Braddock,Week4,Crosspointe,Week5,353.0 Crosspointe - 49.0 Lake Braddock
Lakevale Estates,Week5,Crosspointe,Week2,245.0 Lakevale Estates - 157.0 Crosspointe
Lakevale Estates,Week5,Fox Mill Estates,Week5,300.0 Lakevale Estates - 102.0 Fox Mill Estates
Lake Braddock,Week2,Truro,Week3,237.0 Truro - 165.0 Lake Braddock
Lakevale Estates,Week5,Fox Mill Woods,Week3,242.0 Lakevale Estates - 160.0 Fox Mill Woods
Lakevale Estates,Week4,Tuckahoe,Week3,300.0 Tuckahoe - 102.0 Lakevale Estates
Lakevale Estates,Week5,Crosspointe,Week1,212.0 Lakevale Estates - 190.0 Crosspointe
Lakevale Estates,Week2,Tuckahoe,Week1,278.5 Tuckahoe - 123.5 Lakevale Estates
Lake Braddock,Week5,Crosspointe,Week3,323.0 Crosspointe - 79.0 Lake Braddock
Lakevale Estates,Week3,Woodley,Week1,335.0 Lakevale Estates - 67.0 Woodley
Lakevale Estates,Week5,Fox Mill Woods,Week2,245.0 Lakevale Estates - 157.0 Fox Mill Woods
Lake Braddock,Week2,Truro,Week1,239.0 Truro - 163.0 Lake Braddock
Lakevale Estates,Week3,Mosby Woods,Week3,204.0 Lakevale Estates - 198.0 Mosby Woods
Lakevale Estates,Week5,Woodley,Week1,340.0 Lakevale Estates - 62.0 Woodley
Lake Braddock,Week2,Crosspointe,Week2,324.0 Crosspointe - 78.0 Lake Braddock
Lake Braddock,Week2,Truro,Week5,238.0 Truro - 163.0 Lake Braddock
Lake Braddock,Week1,Crosspointe,Week3,345.0 Crosspointe - 52.0 Lake Braddock
Lakevale Estates,Week1,Woodley,Week5,327.0 Lakevale Estates - 70.0 Woodley
Lake Braddock,Week5,Parklawn,Week2,212.0 Parklawn - 189.0 Lake Braddock
Lakevale Estates,Week3,Fox Mill Woods,Week3,207.0 Lakevale Estates - 195.0 Fox Mill Woods
Lakevale Estates,Week1,Tuckahoe,Week1,279.0 Tuckahoe - 123.0 Lakevale Estates
Lakevale Estates,Week5,Fox Mill Estates,Week2,302.0 Lakevale Estates - 100.0 Fox Mill Estates
Lake Braddock,Week4,Parklawn,Week1,213.0 Lake Braddock - 180.0 Parklawn
Lake Braddock,Week5,Parklawn,Week1,235.0 Lake Braddock - 158.0 Parklawn
Lakevale Estates,Week5,Crosspointe,Week5,206.5 Lakevale Estates - 195.5 Crosspointe
Lakevale Estates,Week1,Mosby Woods,Week5,216.0 Mosby Woods - 186.0 Lakevale Estates
Lakevale Estates,Week2,Waynewood,Week1,246.0 Lakevale Estates - 156.0 Waynewood
Lakevale Estates,Week4,Crosspointe,Week4,224.0 Lakevale Estates - 178.0 Crosspointe
Lake Braddock,Week4,Truro,Week4,255.0 Truro - 146.0 Lake Braddock
Lakevale Estates,Week2,Waynewood,Week5,202.0 Waynewood - 200.0 Lakevale Estates
Lakevale Estates,Week4,Mosby Woods,Week4,246.5 Lakevale Estates - 155.5 Mosby Woods
Lake Braddock,Week5,Parklawn,Week5,210.0 Parklawn - 190.0 Lake Braddock
Lakevale Estates,Week4,Truro,Week4,324.0 Lakevale Estates - 78.0 Truro
Lakevale Estates,Week1,Great Falls,Week1,281.0 Lakevale Estates - 121.0 Great Falls
Lakevale Estates,Week5,Fox Mill Estates,Week3,311.0 Lakevale Estates - 91.0 Fox Mill Estates
Lakevale Estates,Week2,Mosby Woods,Week2,209.5 Lakevale Estates - 192.5 Mosby Woods
Lakevale Estates,Week2,Daventry,Week1,341.5 Lakevale Estates - 60.5 Daventry
Lake Braddock,Week1,Truro,Week4,277.0 Truro - 125.0 Lake Braddock
Lakevale Estates,Week2,Daventry,Week5,329.0 Lakevale Estates - 73.0 Daventry
Lake Braddock,Week1,Tuckahoe,Week1,370.0 Tuckahoe - 32.0 Lake Braddock
Lakevale Estates,Week2,Waynewood,Week3,224.0 Lakevale Estates - 178.0 Waynewood
Lake Braddock,Week3,Truro,Week5,239.0 Truro - 162.0 Lake Braddock
Lakevale Estates,Week1,Tuckahoe,Week3,304.0 Tuckahoe - 98.0 Lakevale Estates
Lakevale Estates,Week1,Tuckahoe,Week5,302.0 Tuckahoe - 100.0 Lakevale Estates
Lake Braddock,Week3,Crosspointe,Week2,327.0 Crosspointe - 75.0 Lake Braddock
Lakevale Estates,Week3,Waynewood,Week3,215.0 Lakevale Estates - 187.0 Waynewood
Lake Braddock,Week3,Crosspointe,Week4,337.0 Crosspointe - 65.0 Lake Braddock
Lakevale Estates,Week3,Waynewood,Week5,221.0 Lakevale Estates - 181.0 Waynewood
Lake Braddock,Week3,Crosspointe,Week1,334.0 Crosspointe - 68.0 Lake Braddock
Lakevale Estates,Week5,McLean,Week1,217.0 McLean - 185.0 Lakevale Estates
Lake Braddock,Week1,Parliament,Week1,305.0 Parliament - 93.0 Lake Braddock
Lakevale Estates,Week3,Fox Mill Woods,Week5,207.0 Lakevale Estates - 195.0 Fox Mill Woods
Lakevale Estates,Week1,Mosby Woods,Week1,230.0 Mosby Woods - 172.0 Lakevale Estates
Lakevale Estates,Week3,Daventry,Week1,335.0 Lakevale Estates - 62.0 Daventry
Lake Braddock,Week1,Parliament,Week3,299.0 Parliament - 103.0 Lake Braddock
Lake Braddock,Week2,Crosspointe,Week3,329.0 Crosspointe - 73.0 Lake Braddock
Lakevale Estates,Week3,Daventry,Week2,337.0 Lakevale Estates - 65.0 Daventry
Lakevale Estates,Week3,Waynewood,Week2,244.0 Lakevale Estates - 158.0 Waynewood
Lakevale Estates,Week1,Mosby Woods,Week3,223.0 Mosby Woods - 179.0 Lakevale Estates
Lakevale Estates,Week3,Daventry,Week3,335.0 Lakevale Estates - 67.0 Daventry
Lake Braddock,Week3,Parliament,Week4,270.0 Parliament - 131.0 Lake Braddock
Lake Braddock,Week3,Tuckahoe,Week3,380.0 Tuckahoe - 22.0 Lake Braddock
Lakevale Estates,Week5,McLean,Week2,227.0 McLean - 175.0 Lakevale Estates
Lakevale Estates,Week2,Mosby Woods,Week4,206.0 Lakevale Estates - 196.0 Mosby Woods
Lakevale Estates,Week5,McLean,Week5,248.0 McLean - 154.0 Lakevale Estates
Lakevale Estates,Week1,Great Falls,Week4,272.0 Lakevale Estates - 130.0 Great Falls
Lakevale Estates,Week2,Fox Mill Woods,Week1,208.0 Fox Mill Woods - 194.0 Lakevale Estates
Lakevale Estates,Week1,Great Falls,Week3,244.0 Lakevale Estates - 158.0 Great Falls
Lake Braddock,Week4,Parliament,Week3,290.0 Parliament - 112.0 Lake Braddock
Lake Braddock,Week2,Crosspointe,Week5,341.0 Crosspointe - 61.0 Lake Braddock
Lakevale Estates,Week4,Truro,Week5,317.0 Lakevale Estates - 85.0 Truro
Lake Braddock,Week5,Truro,Week3,220.0 Truro - 182.0 Lake Braddock
Lakevale Estates,Week4,Waynewood,Week2,259.0 Lakevale Estates - 143.0 Waynewood
Lake Braddock,Week5,Crosspointe,Week2,317.0 Crosspointe - 85.0 Lake Braddock
Lakevale Estates,Week3,Tuckahoe,Week4,296.0 Tuckahoe - 106.0 Lakevale Estates
Lake Braddock,Week3,Crosspointe,Week5,344.0 Crosspointe - 58.0 Lake Braddock
Lake Braddock,Week4,Parliament,Week4,280.0 Parliament - 121.0 Lake Braddock
Lakevale Estates,Week5,Truro,Week4,315.0 Lakevale Estates - 87.0 Truro
Lakevale Estates,Week3,Daventry,Week4,349.0 Lakevale Estates - 53.0 Daventry
Lakevale Estates,Week4,Waynewood,Week4,263.0 Lakevale Estates - 139.0 Waynewood
Lakevale Estates,Week1,Daventry,Week4,356.0 Lakevale Estates - 46.0 Daventry
Lakevale Estates,Week1,Fox Mill Woods,Week5,215.0 Fox Mill Woods - 187.0 Lakevale Estates
Lake Braddock,Week4,Parliament,Week2,274.0 Parliament - 124.0 Lake Braddock
Lake Braddock,Week2,Tuckahoe,Week2,379.0 Tuckahoe - 23.0 Lake Braddock
Lake Braddock,Week4,Crosspointe,Week3,342.0 Crosspointe - 60.0 Lake Braddock
Lakevale Estates,Week5,Waynewood,Week5,237.0 Lakevale Estates - 165.0 Waynewood
Lake Braddock,Week3,Tuckahoe,Week2,374.0 Tuckahoe - 28.0 Lake Braddock
Lake Braddock,Week5,Crosspointe,Week4,326.0 Crosspointe - 76.0 Lake Braddock
Lakevale Estates,Week5,Waynewood,Week3,235.0 Lakevale Estates - 167.0 Waynewood
Lakevale Estates,Week2,Daventry,Week4,353.0 Lakevale Estates - 49.0 Daventry
Lake Braddock,Week1,Crosspointe,Week4,354.0 Crosspointe - 48.0 Lake Braddock
Lake Braddock,Week5,Chesterbrook,Week3,392.0 Chesterbrook - 10.0 Lake Braddock
Lakevale Estates,Week5,Mosby Woods,Week3,225.0 Lakevale Estates - 177.0 Mosby Woods
Lakevale Estates,Week2,Fox Mill Woods,Week2,204.0 Fox Mill Woods - 198.0 Lakevale Estates
Lakevale Estates,Week4,Waynewood,Week3,229.0 Lakevale Estates - 173.0 Waynewood
Lakevale Estates,Week2,Tuckahoe,Week3,315.5 Tuckahoe - 86.5 Lakevale Estates
Lakevale Estates,Week4,Daventry,Week2,353.0 Lakevale Estates - 49.0 Daventry
Lake Braddock,Week4,Tuckahoe,Week4,382.0 Tuckahoe - 20.0 Lake Braddock
Lakevale Estates,Week4,Truro,Week1,319.0 Lakevale Estates - 83.0 Truro
Lake Braddock,Week5,Parliament,Week1,276.0 Parliament - 124.0 Lake Braddock
Lake Braddock,Week4,Commonwealth,Week4,237.0 Commonwealth - 165.0 Lake Braddock
Lakevale Estates,Week4,Mosby Woods,Week3,222.0 Lakevale Estates - 180.0 Mosby Woods
Lakevale Estates,Week4,Daventry,Week1,347.0 Lakevale Estates - 55.0 Daventry
Lakevale Estates,Week1,Daventry,Week3,333.0 Lakevale Estates - 69.0 Daventry
Lakevale Estates,Week5,Truro,Week5,312.0 Lakevale Estates - 90.0 Truro
Lakevale Estates,Week3,Daventry,Week5,330.0 Lakevale Estates - 67.0 Daventry
Lakevale Estates,Week5,Mosby Woods,Week4,241.0 Lakevale Estates - 161.0 Mosby Woods
Lake Braddock,Week1,Pinecrest,Week3,360.0 Pinecrest - 42.0 Lake Braddock
Lake Braddock,Week2,Commonwealth,Week4,241.0 Commonwealth - 160.0 Lake Braddock
Lakevale Estates,Week4,Waynewood,Week5,224.0 Lakevale Estates - 178.0 Waynewood
Lakevale Estates,Week5,Mosby Woods,Week1,203.0 Lakevale Estates - 199.0 Mosby Woods
Lake Braddock,Week4,Parliament,Week5,282.0 Parliament - 119.0 Lake Braddock
Lakevale Estates,Week1,Fox Mill Woods,Week3,203.0 Lakevale Estates - 199.0 Fox Mill Woods
Lake Braddock,Week2,Pinecrest,Week1,327.0 Pinecrest - 75.0 Lake Braddock
Lake Braddock,Week2,Tuckahoe,Week3,379.0 Tuckahoe - 23.0 Lake Braddock
Lakevale Estates,Week5,Mosby Woods,Week2,219.0 Lakevale Estates - 183.0 Mosby Woods
Lakevale Estates,Week2,Tuckahoe,Week2,300.0 Tuckahoe - 102.0 Lakevale Estates
Lakevale Estates,Week3,Tuckahoe,Week2,281.0 Tuckahoe - 121.0 Lakevale Estates
Lakevale Estates,Week2,Tuckahoe,Week4,319.0 Tuckahoe - 83.0 Lakevale Estates
Lakevale Estates,Week1,Fox Mill Woods,Week2,211.0 Lakevale Estates - 191.0 Fox Mill Woods
Lake Braddock,Week2,Crosspointe,Week4,333.0 Crosspointe - 69.0 Lake Braddock
Lake Braddock,Week2,Vienna Aquatic,Week3,344.0 Vienna Aquatic - 58.0 Lake Braddock
Lakevale Estates,Week5,Fox Mill Estates,Week4,299.0 Lakevale Estates - 103.0 Fox Mill Estates
Lake Braddock,Week3,Crosspointe,Week3,339.0 Crosspointe - 63.0 Lake Braddock
Lake Braddock,Week3,Pinecrest,Week2,341.0 Pinecrest - 61.0 Lake Braddock
Lake Braddock,Week1,Vienna Aquatic,Week5,371.0 Vienna Aquatic - 31.0 Lake Braddock
Lake Braddock,Week5,Crosspointe,Week5,328.0 Crosspointe - 74.0 Lake Braddock
Lakevale Estates,Week2,Fox Mill Woods,Week4,214.0 Fox Mill Woods - 188.0 Lakevale Estates
Lakevale Estates,Week1,Woodley,Week1,334.0 Lakevale Estates - 68.0 Woodley
Lakevale Estates,Week5,Waynewood,Week2,251.0 Lakevale Estates - 151.0 Waynewood
Lake Braddock,Week3,Vienna Aquatic,Week1,352.0 Vienna Aquatic - 50.0 Lake Braddock
Lakevale Estates,Week2,Woodley,Week2,332.0 Lakevale Estates - 70.0 Woodley
Lakevale Estates,Week2,Mount Vernon Park,Week1,211.0 Mount Vernon Park - 191.0 Lakevale Estates
Lakevale Estates,Week4,Tuckahoe,Week5,278.0 Tuckahoe - 124.0 Lakevale Estates
Lake Braddock,Week1,Tuckahoe,Week5,374.0 Tuckahoe - 28.0 Lake Braddock
Lakevale Estates,Week1,Mount Vernon Park,Week3,229.0 Mount Vernon Park - 173.0 Lakevale Estates
Lakevale Estates,Week3,Fox Mill Woods,Week2,207.0 Lakevale Estates - 195.0 Fox Mill Woods
Lake Braddock,Week5,Pinecrest,Week2,344.0 Pinecrest - 58.0 Lake Braddock
Lake Braddock,Week5,Parliament,Week3,268.0 Parliament - 134.0 Lake Braddock
Lake Braddock,Week4,Commonwealth,Week5,259.0 Commonwealth - 143.0 Lake Braddock
Lakevale Estates,Week4,Daventry,Week4,357.0 Lakevale Estates - 45.0 Daventry
Lake Braddock,Week3,Vienna Aquatic,Week5,361.0 Vienna Aquatic - 40.0 Lake Braddock
Lake Braddock,Week4,Commonwealth,Week3,259.0 Commonwealth - 142.0 Lake Braddock
Lakevale Estates,Week3,Fox Mill Woods,Week1,203.0 Lakevale Estates - 199.0 Fox Mill Woods
Lakevale Estates,Week4,Daventry,Week3,351.0 Lakevale Estates - 51.0 Daventry
Lakevale Estates,Week1,Mount Vernon Park,Week1,220.0 Mount Vernon Park - 182.0 Lakevale Estates
Lakevale Estates,Week4,Daventry,Week5,339.0 Lakevale Estates - 63.0 Daventry
Lake Braddock,Week2,Pinecrest,Week2,349.0 Pinecrest - 53.0 Lake Braddock
Lakevale Estates,Week5,Tuckahoe,Week2,262.0 Tuckahoe - 140.0 Lakevale Estates
Lake Braddock,Week3,Commonwealth,Week3,254.0 Commonwealth - 146.0 Lake Braddock
Lake Braddock,Week1,Crosspointe,Week5,356.0 Crosspointe - 46.0 Lake Braddock
Lakevale Estates,Week1,Fox Mill Woods,Week1,211.0 Fox Mill Woods - 191.0 Lakevale Estates
Lake Braddock,Week1,Crosspointe,Week1,344.0 Crosspointe - 58.0 Lake Braddock
Lakevale Estates,Week1,Woodley,Week3,341.0 Lakevale Estates - 61.0 Woodley
Lakevale Estates,Week3,Tuckahoe,Week5,289.0 Tuckahoe - 113.0 Lakevale Estates
Lake Braddock,Week4,Tuckahoe,Week1,375.0 Tuckahoe - 27.0 Lake Braddock
Lakevale Estates,Week2,Woodley,Week1,338.0 Lakevale Estates - 64.0 Woodley
Lake Braddock,Week5,Parliament,Week4,263.0 Parliament - 138.0 Lake Braddock
Lakevale Estates,Week3,Mount Vernon Park,Week2,206.0 Lakevale Estates - 196.0 Mount Vernon Park
Lake Braddock,Week5,Commonwealth,Week1,201.0 Lake Braddock - 197.0 Commonwealth
Lake Braddock,Week4,Pinecrest,Week5,344.0 Pinecrest - 58.0 Lake Braddock
Lake Braddock,Week5,Chesterbrook,Week4,390.0 Chesterbrook - 12.0 Lake Braddock
Lake Braddock,Week5,Commonwealth,Week2,256.0 Commonwealth - 145.0 Lake Braddock
Lake Braddock,Week5,Country Club Hills,Week5,284.0 Country Club Hills - 118.0 Lake Braddock
Lake Braddock,Week1,Commonwealth,Week4,262.0 Commonwealth - 134.0 Lake Braddock
Lakevale Estates,Week5,Tuckahoe,Week5,266.0 Tuckahoe - 136.0 Lakevale Estates
Lakevale Estates,Week3,Mount Vernon Park,Week1,212.0 Lakevale Estates - 190.0 Mount Vernon Park
Lakevale Estates,Week2,Woodley,Week5,317.0 Lakevale Estates - 85.0 Woodley
Lakevale Estates,Week4,Fox Mill Woods,Week1,222.0 Lakevale Estates - 180.0 Fox Mill Woods
Lakevale Estates,Week1,Vienna Aquatic,Week1,242.0 Vienna Aquatic - 160.0 Lakevale Estates
Lake Braddock,Week4,Vienna Aquatic,Week1,359.0 Vienna Aquatic - 43.0 Lake Braddock
Lake Braddock,Week4,Tuckahoe,Week5,379.0 Tuckahoe - 23.0 Lake Braddock
Lakevale Estates,Week1,Daventry,Week1,332.0 Lakevale Estates - 65.0 Daventry
Lake Braddock,Week3,Pinecrest,Week1,332.0 Pinecrest - 70.0 Lake Braddock
Lake Braddock,Week4,Tuckahoe,Week3,382.0 Tuckahoe - 20.0 Lake Braddock
Lakevale Estates,Week3,Fox Mill Woods,Week4,214.0 Lakevale Estates - 188.0 Fox Mill Woods
Lakevale Estates,Week3,Woodley,Week3,334.0 Lakevale Estates - 68.0 Woodley
Lakevale Estates,Week1,Daventry,Week5,317.0 Lakevale Estates - 85.0 Daventry
Lakevale Estates,Week5,Tuckahoe,Week4,275.0 Tuckahoe - 127.0 Lakevale Estates
Lakevale Estates,Week5,Crosspointe,Week4,219.0 Lakevale Estates - 183.0 Crosspointe
Lakevale Estates,Week2,Daventry,Week3,340.0 Lakevale Estates - 62.0 Daventry
Lakevale Estates,Week2,Woodley,Week3,337.0 Lakevale Estates - 65.0 Woodley
Lakevale Estates,Week4,Fox Mill Woods,Week2,237.0 Lakevale Estates - 165.0 Fox Mill Woods
Lakevale Estates,Week5,Mount Vernon Park,Week5,212.0 Lakevale Estates - 190.0 Mount Vernon Park
Lake Braddock,Week1,Vienna Aquatic,Week3,361.0 Vienna Aquatic - 41.0 Lake Braddock
Lakevale Estates,Week1,Vienna Aquatic,Week4,233.0 Vienna Aquatic - 169.0 Lakevale Estates
Lakevale Estates,Week4,Mount Vernon Park,Week5,210.0 Lakevale Estates - 192.0 Mount Vernon Park
Lake Braddock,Week2,Commonwealth,Week2,265.0 Commonwealth - 136.0 Lake Braddock
Lake Braddock,Week5,Tuckahoe,Week1,370.0 Tuckahoe - 32.0 Lake Braddock
Lake Braddock,Week2,Commonwealth,Week3,257.0 Commonwealth - 143.0 Lake Braddock
Lakevale Estates,Week3,Mount Vernon Park,Week5,205.0 Mount Vernon Park - 197.0 Lakevale Estates
Lakevale Estates,Week1,Mount Vernon Park,Week4,209.0 Mount Vernon Park - 193.0 Lakevale Estates
Lakevale Estates,Week2,Vienna Aquatic,Week2,229.0 Vienna Aquatic - 173.0 Lakevale Estates
Lakevale Estates,Week5,Mount Vernon Park,Week3,227.0 Lakevale Estates - 175.0 Mount Vernon Park
Lakevale Estates,Week5,Fox Mill Woods,Week1,230.0 Lakevale Estates - 172.0 Fox Mill Woods
Lakevale Estates,Week2,Mount Vernon Park,Week2,212.0 Mount Vernon Park - 190.0 Lakevale Estates
Lakevale Estates,Week3,Woodley,Week5,319.0 Lakevale Estates - 78.0 Woodley
Lakevale Estates,Week2,Dominion Hills,Week1,291.0 Lakevale Estates - 111.0 Dominion Hills
Lakevale Estates,Week5,Fox Mill Woods,Week5,225.0 Lakevale Estates - 177.0 Fox Mill Woods
Lakevale Estates,Week4,Woodley,Week3,348.0 Lakevale Estates - 54.0 Woodley
Lakevale Estates,Week1,Newington Forest,Week2,327.0 Lakevale Estates - 75.0 Newington Forest
Lake Braddock,Week1,Commonwealth,Week5,276.0 Commonwealth - 125.0 Lake Braddock
Lake Braddock,Week1,Pinecrest,Week4,358.0 Pinecrest - 44.0 Lake Braddock
Lake Braddock,Week4,Pinecrest,Week2,344.0 Pinecrest - 58.0 Lake Braddock
Lakevale Estates,Week1,Vienna Aquatic,Week3,248.0 Vienna Aquatic - 154.0 Lakevale Estates
Lake Braddock,Week1,Pinewood Lake,Week1,300.0 Lake Braddock - 87.0 Pinewood Lake
Lakevale Estates,Week2,Vienna Aquatic,Week1,225.0 Vienna Aquatic - 177.0 Lakevale Estates
Lakevale Estates,Week4,Woodley,Week5,337.0 Lakevale Estates - 65.0 Woodley
Lake Braddock,Week3,Tuckahoe,Week4,375.0 Tuckahoe - 27.0 Lake Braddock
Lake Braddock,Week5,Pinecrest,Week4,353.0 Pinecrest - 49.0 Lake Braddock
Lakevale Estates,Week1,Daventry,Week2,331.0 Lakevale Estates - 71.0 Daventry
Lake Braddock,Week1,Pinecrest,Week2,358.0 Pinecrest - 44.0 Lake Braddock
Lakevale Estates,Week1,Dominion Hills,Week1,278.0 Lakevale Estates - 119.0 Dominion Hills
Lakevale Estates,Week4,Woodley,Week2,347.0 Lakevale Estates - 55.0 Woodley
Lakevale Estates,Week4,Woodley,Week1,349.0 Lakevale Estates - 53.0 Woodley
Lake Braddock,Week1,Vienna Aquatic,Week1,359.0 Vienna Aquatic - 43.0 Lake Braddock
Lake Braddock,Week2,Tuckahoe,Week4,377.0 Tuckahoe - 25.0 Lake Braddock
Lake Braddock,Week1,Commonwealth,Week3,275.0 Commonwealth - 126.0 Lake Braddock
Lakevale Estates,Week4,Fox Mill Woods,Week4,231.5 Lakevale Estates - 170.5 Fox Mill Woods
Lakevale Estates,Week1,Great Falls,Week2,248.0 Lakevale Estates - 136.0 Great Falls
Lakevale Estates,Week1,Vienna Aquatic,Week5,255.0 Vienna Aquatic - 147.0 Lakevale Estates
Lakevale Estates,Week4,Woodley,Week4,354.0 Lakevale Estates - 48.0 Woodley
Lakevale Estates,Week5,Daventry,Week1,339.0 Lakevale Estates - 63.0 Daventry
Lake Braddock,Week3,Commonwealth,Week4,247.0 Commonwealth - 154.0 Lake Braddock
Lakevale Estates,Week4,Fox Mill Woods,Week5,216.5 Lakevale Estates - 185.5 Fox Mill Woods
Lakevale Estates,Week5,Fox Mill Woods,Week4,238.0 Lakevale Estates - 164.0 Fox Mill Woods
Lake Braddock,Week3,Pinecrest,Week5,332.0 Pinecrest - 70.0 Lake Braddock
Lakevale Estates,Week2,Vienna Aquatic,Week3,245.0 Vienna Aquatic - 157.0 Lakevale Estates
Lakevale Estates,Week2,Daventry,Week2,341.0 Lakevale Estates - 61.0 Daventry
Lake Braddock,Week5,Chesterbrook,Week5,393.0 Chesterbrook - 9.0 Lake Braddock
Lake Braddock,Week5,Tuckahoe,Week5,380.5 Tuckahoe - 21.5 Lake Braddock
Lakevale Estates,Week5,Woodley,Week3,342.0 Lakevale Estates - 60.0 Woodley
Lake Braddock,Week3,Commonwealth,Week5,263.0 Commonwealth - 139.0 Lake Braddock
Lake Braddock,Week1,Pinewood Lake,Week3,310.0 Lake Braddock - 76.0 Pinewood Lake
Lakevale Estates,Week1,Greenbriar,Week2,210.0 Lakevale Estates - 192.0 Greenbriar
Lakevale Estates,Week2,Greenbriar,Week1,246.0 Lakevale Estates - 156.0 Greenbriar
Lake Braddock,Week5,Tuckahoe,Week4,379.0 Tuckahoe - 23.0 Lake Braddock
Lake Braddock,Week4,Tuckahoe,Week2,383.0 Tuckahoe - 19.0 Lake Braddock
Lakevale Estates,Week1,Vienna Aquatic,Week2,233.0 Vienna Aquatic - 169.0 Lakevale Estates
Lakevale Estates,Week1,Newington Forest,Week4,320.0 Lakevale Estates - 77.0 Newington Forest
Lakevale Estates,Week4,Dominion Hills,Week5,273.0 Lakevale Estates - 129.0 Dominion Hills
Lakevale Estates,Week5,Daventry,Week5,327.0 Lakevale Estates - 75.0 Daventry
Lakeview,Week2,Annandale,Week4,206.5 Annandale - 195.5 Lakeview
Lake Braddock,Week3,Commonwealth,Week1,211.0 Commonwealth - 190.0 Lake Braddock
Lakevale Estates,Week2,Vienna Aquatic,Week4,220.0 Vienna Aquatic - 182.0 Lakevale Estates
Lake Braddock,Week1,Pinewood Lake,Week2,307.0 Lake Braddock - 82.0 Pinewood Lake
Lakevale Estates,Week1,Newington Forest,Week3,321.0 Lakevale Estates - 81.0 Newington Forest
Lakevale Estates,Week4,Mount Vernon Park,Week2,236.0 Lakevale Estates - 166.0 Mount Vernon Park
Lakevale Estates,Week1,Dominion Hills,Week5,229.0 Lakevale Estates - 173.0 Dominion Hills
Lakevale Estates,Week2,Vienna Aquatic,Week5,256.0 Vienna Aquatic - 146.0 Lakevale Estates
Lake Braddock,Week5,Pinecrest,Week3,342.0 Pinecrest - 60.0 Lake Braddock
Lakevale Estates,Week1,Greenbriar,Week4,249.0 Lakevale Estates - 153.0 Greenbriar
Lakeview,Week1,Annandale,Week4,217.0 Annandale - 185.0 Lakeview
Lake Braddock,Week3,Tuckahoe,Week1,365.0 Tuckahoe - 37.0 Lake Braddock
Lake Braddock,Week4,Commonwealth,Week1,201.0 Commonwealth - 200.0 Lake Braddock
Lake Braddock,Week1,Pinecrest,Week1,338.0 Pinecrest - 64.0 Lake Braddock
Lakevale Estates,Week3,Dominion Hills,Week4,258.0 Lakevale Estates - 144.0 Dominion Hills
Lakevale Estates,Week3,Vienna Aquatic,Week1,226.0 Vienna Aquatic - 176.0 Lakevale Estates
Lake Braddock,Week1,Commonwealth,Week2,279.0 Commonwealth - 123.0 Lake Braddock
Lake Braddock,Week2,Tuckahoe,Week1,372.0 Tuckahoe - 30.0 Lake Braddock
Lakevale Estates,Week2,Newington Forest,Week3,324.0 Lakevale Estates - 78.0 Newington Forest
Lakevale Estates,Week2,Donaldson Run,Week1,217.0 Donaldson Run - 185.0 Lakevale Estates
Lakevale Estates,Week3,Dominion Hills,Week2,284.0 Lakevale Estates - 118.0 Dominion Hills
Lake Braddock,Week3,Tuckahoe,Week5,371.0 Tuckahoe - 31.0 Lake Braddock
Lake Braddock,Week2,Tuckahoe,Week5,381.0 Tuckahoe - 21.0 Lake Braddock
Lakevale Estates,Week2,Newington Forest,Week2,333.0 Lakevale Estates - 69.0 Newington Forest
Lakevale Estates,Week1,Greenbriar,Week1,242.0 Lakevale Estates - 160.0 Greenbriar
Lakevale Estates,Week2,Newington Forest,Week1,331.0 Lakevale Estates - 71.0 Newington Forest
Lake Braddock,Week5,Parliament,Week5,263.0 Parliament - 137.0 Lake Braddock
Lakevale Estates,Week3,Vienna Aquatic,Week2,218.0 Vienna Aquatic - 184.0 Lakevale Estates
Lakevale Estates,Week3,Vienna Aquatic,Week3,233.0 Vienna Aquatic - 169.0 Lakevale Estates
Lake Braddock,Week1,Commonwealth,Week1,229.0 Commonwealth - 166.0 Lake Braddock
Lake Braddock,Week4,Commonwealth,Week2,268.0 Commonwealth - 134.0 Lake Braddock
Lake Braddock,Week2,Pinecrest,Week3,347.0 Pinecrest - 55.0 Lake Braddock
Lakevale Estates,Week2,Greenbriar,Week3,242.0 Lakevale Estates - 160.0 Greenbriar
Lakeview,Week2,Annandale,Week5,226.0 Annandale - 176.0 Lakeview
Lakevale Estates,Week1,Newington Forest,Week5,306.0 Lakevale Estates - 96.0 Newington Forest
Lakevale Estates,Week2,Great Falls,Week5,258.0 Lakevale Estates - 144.0 Great Falls
Lakevale Estates,Week3,Greenbriar,Week1,240.0 Lakevale Estates - 162.0 Greenbriar
Lakeview,Week3,Annandale,Week3,224.0 Annandale - 178.0 Lakeview
Lake Braddock,Week3,Pinecrest,Week3,342.0 Pinecrest - 60.0 Lake Braddock
Lakeview,Week2,Annandale,Week2,234.0 Annandale - 168.0 Lakeview
Lake Braddock,Week5,Tuckahoe,Week2,379.0 Tuckahoe - 23.0 Lake Braddock
Lakevale Estates,Week4,Dominion Hills,Week2,299.0 Lakevale Estates - 103.0 Dominion Hills
Lake Braddock,Week2,Vienna Aquatic,Week5,354.0 Vienna Aquatic - 47.0 Lake Braddock
Lakeview,Week1,Annandale,Week1,209.0 Annandale - 193.0 Lakeview
Lakevale Estates,Week5,Dominion Hills,Week4,280.0 Lakevale Estates - 122.0 Dominion Hills
Lakevale Estates,Week5,Mount Vernon Park,Week2,234.0 Lakevale Estates - 168.0 Mount Vernon Park
Lakevale Estates,Week2,Mount Vernon Park,Week3,224.0 Mount Vernon Park - 178.0 Lakevale Estates
Lakeview,Week3,Annandale,Week1,207.0 Lakeview - 195.0 Annandale
Lakevale Estates,Week4,Dominion Hills,Week1,306.0 Lakevale Estates - 96.0 Dominion Hills
Lake Braddock,Week2,Commonwealth,Week5,256.0 Commonwealth - 146.0 Lake Braddock
Lakevale Estates,Week3,Great Falls,Week2,270.0 Lakevale Estates - 114.0 Great Falls
Lakeview,Week1,Annandale,Week2,230.0 Annandale - 172.0 Lakeview
Lake Braddock,Week3,Commonwealth,Week2,264.0 Commonwealth - 138.0 Lake Braddock
Lakevale Estates,Week2,Great Falls,Week4,265.0 Lakevale Estates - 137.0 Great Falls
Lakevale Estates,Week5,Dominion Hills,Week2,285.0 Lakevale Estates - 117.0 Dominion Hills
Lakevale Estates,Week5,Mount Vernon Park,Week1,233.0 Lakevale Estates - 169.0 Mount Vernon Park
Lakevale Estates,Week4,Mount Vernon Park,Week1,226.0 Lakevale Estates - 176.0 Mount Vernon Park
Lakevale Estates,Week2,Dominion Hills,Week3,291.0 Lakevale Estates - 111.0 Dominion Hills
Lake Braddock,Week5,Tuckahoe,Week3,380.0 Tuckahoe - 22.0 Lake Braddock
Lakeview,Week3,Annandale,Week4,203.0 Lakeview - 199.0 Annandale
Lake Braddock,Week1,Vienna Aquatic,Week4,356.0 Vienna Aquatic - 41.0 Lake Braddock
Lake Braddock,Week4,Pinecrest,Week1,332.0 Pinecrest - 70.0 Lake Braddock
Lake Braddock,Week2,Commonwealth,Week1,208.0 Commonwealth - 190.0 Lake Braddock
Lakevale Estates,Week2,Mount Vernon Park,Week5,238.0 Mount Vernon Park - 164.0 Lakevale Estates
Lake Braddock,Week5,Chesterbrook,Week2,389.0 Chesterbrook - 13.0 Lake Braddock
Lakevale Estates,Week3,Great Falls,Week5,267.0 Lakevale Estates - 130.0 Great Falls
Lakeview,Week1,Annandale,Week3,233.0 Annandale - 169.0 Lakeview
Lake Braddock,Week2,Vienna Aquatic,Week2,338.0 Vienna Aquatic - 64.0 Lake Braddock
Lakevale Estates,Week1,Dominion Hills,Week2,264.0 Lakevale Estates - 138.0 Dominion Hills
Lake Braddock,Week2,Vienna Aquatic,Week1,348.0 Vienna Aquatic - 54.0 Lake Braddock
Lakevale Estates,Week3,Great Falls,Week4,286.0 Lakevale Estates - 111.0 Great Falls
Lakevale Estates,Week2,Great Falls,Week3,250.0 Lakevale Estates - 152.0 Great Falls
Lake Braddock,Week1,Vienna Aquatic,Week2,356.0 Vienna Aquatic - 46.0 Lake Braddock
Lake Braddock,Week4,Pinecrest,Week3,351.0 Pinecrest - 51.0 Lake Braddock
Lake Braddock,Week2,Vienna Aquatic,Week4,346.0 Vienna Aquatic - 56.0 Lake Braddock
Lake Braddock,Week2,Pinecrest,Week4,347.0 Pinecrest - 55.0 Lake Braddock
Lakevale Estates,Week3,Mount Vernon Park,Week4,220.0 Lakevale Estates - 182.0 Mount Vernon Park
Lakevale Estates,Week3,Great Falls,Week3,277.0 Lakevale Estates - 120.0 Great Falls
Lakevale Estates,Week5,Dominion Hills,Week3,313.0 Lakevale Estates - 89.0 Dominion Hills
Lakevale Estates,Week1,Great Falls,Week5,260.0 Lakevale Estates - 142.0 Great Falls
Lakeview,Week2,Annandale,Week3,239.0 Annandale - 163.0 Lakeview
Lake Braddock,Week2,Pinecrest,Week5,334.0 Pinecrest - 68.0 Lake Braddock
Lakevale Estates,Week5,Daventry,Week2,344.0 Lakevale Estates - 58.0 Daventry
Lake Braddock,Week3,Pinecrest,Week4,348.0 Pinecrest - 54.0 Lake Braddock
Lake Braddock,Week1,Pinecrest,Week5,347.0 Pinecrest - 50.0 Lake Braddock
Lakevale Estates,Week3,Mount Vernon Park,Week3,201.0 Lakevale Estates - 201.0 Mount Vernon Park
Lake Braddock,Week4,Pinecrest,Week4,355.0 Pinecrest - 47.0 Lake Braddock
Lakeview,Week4,Annandale,Week1,239.0 Lakeview - 163.0 Annandale
Lakeview,Week4,Annandale,Week3,212.0 Lakeview - 190.0 Annandale
Lakevale Estates,Week1,Dominion Hills,Week3,274.5 Lakevale Estates - 127.5 Dominion Hills
Lake Braddock,Week2,Fairfax Club Estates,Week1,236.0 Fairfax Club Estates - 166.0 Lake Braddock
Lakevale Estates,Week4,Mount Vernon Park,Week4,233.0 Lakevale Estates - 169.0 Mount Vernon Park
Lakeview,Week2,Annandale,Week1,205.0 Annandale - 197.0 Lakeview
Lake Braddock,Week3,Vienna Aquatic,Week3,355.0 Vienna Aquatic - 47.0 Lake Braddock
Lake Braddock,Week3,Pinewood Lake,Week5,317.0 Lake Braddock - 81.0 Pinewood Lake
Lake Braddock,Week5,Pinecrest,Week5,331.0 Pinecrest - 71.0 Lake Braddock
Lakevale Estates,Week5,Woodley,Week2,340.0 Lakevale Estates - 62.0 Woodley
Lakevale Estates,Week4,Great Falls,Week3,283.0 Lakevale Estates - 119.0 Great Falls
Lakevale Estates,Week4,Great Falls,Week2,275.0 Lakevale Estates - 109.0 Great Falls
Lakevale Estates,Week5,Daventry,Week3,337.0 Lakevale Estates - 65.0 Daventry
Lakevale Estates,Week3,Great Falls,Week1,294.0 Lakevale Estates - 108.0 Great Falls
Lakevale Estates,Week1,Mount Vernon Park,Week5,231.0 Mount Vernon Park - 171.0 Lakevale Estates
Lake Braddock,Week5,Pinecrest,Week1,317.0 Pinecrest - 85.0 Lake Braddock
Lakevale Estates,Week2,Great Falls,Week2,236.0 Lakevale Estates - 148.0 Great Falls
Lake Braddock,Week3,Vienna Aquatic,Week4,351.0 Vienna Aquatic - 51.0 Lake Braddock
Lake Braddock,Week5,Rolling Forest,Week5,290.0 Rolling Forest - 112.0 Lake Braddock
Lakeview,Week4,Annandale,Week2,216.0 Lakeview - 186.0 Annandale
Lakevale Estates,Week4,Mount Vernon Park,Week3,222.0 Lakevale Estates - 180.0 Mount Vernon Park
Lakeview,Week4,Annandale,Week4,227.0 Lakeview - 175.0 Annandale
Lakevale Estates,Week1,Dominion Hills,Week4,244.0 Lakevale Estates - 158.0 Dominion Hills
Lake Braddock,Week3,Vienna Aquatic,Week2,346.0 Vienna Aquatic - 56.0 Lake Braddock
Lakevale Estates,Week2,Mount Vernon Park,Week4,203.0 Mount Vernon Park - 199.0 Lakevale Estates
Lakevale Estates,Week5,Daventry,Week4,351.0 Lakevale Estates - 51.0 Daventry
Lake Braddock,Week5,Pinewood Lake,Week5,317.0 Lake Braddock - 79.0 Pinewood Lake
Lake Braddock,Week1,Fairfax Club Estates,Week4,269.0 Fairfax Club Estates - 133.0 Lake Braddock
Lake Braddock,Week2,Pleasant Valley,Week1,219.0 Lake Braddock - 182.0 Pleasant Valley
Lake Braddock,Week3,Rolling Forest,Week5,289.0 Rolling Forest - 113.0 Lake Braddock
Lake Braddock,Week2,Fairfax Club Estates,Week2,221.0 Fairfax Club Estates - 181.0 Lake Braddock
Lakevale Estates,Week4,Great Falls,Week1,306.0 Lakevale Estates - 96.0 Great Falls
Lake Braddock,Week2,Pleasant Valley,Week3,201.0 Lake Braddock - 201.0 Pleasant Valley
Lakevale Estates,Week4,Great Falls,Week5,277.0 Lakevale Estates - 125.0 Great Falls
Lake Braddock,Week1,Fairfax Club Estates,Week5,250.0 Fairfax Club Estates - 146.0 Lake Braddock
Lakeview,Week3,Annandale,Week2,222.0 Annandale - 180.0 Lakeview
Lakevale Estates,Week5,Mount Vernon Park,Week4,237.0 Lakevale Estates - 165.0 Mount Vernon Park
Lakevale Estates,Week3,Dominion Hills,Week3,301.0 Lakevale Estates - 101.0 Dominion Hills
Lakevale Estates,Week1,Kings Ridge ,Week1,318.0 Lakevale Estates - 84.0 Kings Ridge
Lake Braddock,Week3,Rolling Forest,Week2,264.0 Rolling Forest - 138.0 Lake Braddock
Lakevale Estates,Week5,Great Falls,Week1,291.0 Lakevale Estates - 111.0 Great Falls
Lakevale Estates,Week3,Dominion Hills,Week1,296.0 Lakevale Estates - 101.0 Dominion Hills
Lake Braddock,Week3,Pinewood Lake,Week3,332.0 Lake Braddock - 64.0 Pinewood Lake
Lakevale Estates,Week2,Dominion Hills,Week2,272.0 Lakevale Estates - 130.0 Dominion Hills
Lake Braddock,Week2,Fairfax Club Estates,Week3,240.0 Fairfax Club Estates - 162.0 Lake Braddock
Lake Braddock,Week2,Fairfax,Week5,346.0 Fairfax - 56.0 Lake Braddock
Lakevale Estates,Week2,Dominion Hills,Week4,249.0 Lakevale Estates - 153.0 Dominion Hills
Lake Braddock,Week4,Pinewood Lake,Week3,333.0 Lake Braddock - 63.0 Pinewood Lake
Lakevale Estates,Week1,Newington Forest,Week1,322.0 Lakevale Estates - 80.0 Newington Forest
Lakeview,Week1,Annandale,Week5,245.0 Annandale - 157.0 Lakeview
Lakevale Estates,Week5,Woodley,Week4,340.5 Lakevale Estates - 61.5 Woodley
Lake Braddock,Week3,Rolling Forest,Week3,296.0 Rolling Forest - 106.0 Lake Braddock
Lakevale Estates,Week2,Great Falls,Week1,276.0 Lakevale Estates - 126.0 Great Falls
Lakevale Estates,Week5,Woodley,Week5,334.0 Lakevale Estates - 68.0 Woodley
Lake Braddock,Week4,Fairfax,Week4,344.0 Fairfax - 58.0 Lake Braddock
Lake Braddock,Week3,Rolling Hills,Week3,257.0 Rolling Hills - 145.0 Lake Braddock
Lake Braddock,Week4,Rolling Forest,Week4,290.0 Rolling Forest - 112.0 Lake Braddock
Lake Braddock,Week2,Fairfax Club Estates,Week4,261.0 Fairfax Club Estates - 141.0 Lake Braddock
Lakevale Estates,Week1,Greenbriar,Week3,234.5 Lakevale Estates - 167.5 Greenbriar
Lakevale Estates,Week1,Greenbriar,Week5,231.0 Lakevale Estates - 171.0 Greenbriar
Lakevale Estates,Week2,Dominion Hills,Week5,237.0 Lakevale Estates - 165.0 Dominion Hills
Lake Braddock,Week5,Pinewood Lake,Week2,327.0 Lake Braddock - 67.0 Pinewood Lake
Lake Braddock,Week4,Rolling Forest,Week5,294.0 Rolling Forest - 108.0 Lake Braddock
Lake Braddock,Week3,Pinewood Lake,Week1,327.0 Lake Braddock - 71.0 Pinewood Lake
Lakevale Estates,Week1,Kings Ridge ,Week3,305.0 Lakevale Estates - 97.0 Kings Ridge
Lake Braddock,Week5,Rolling Forest,Week4,267.0 Rolling Forest - 135.0 Lake Braddock
Lakevale Estates,Week4,Dominion Hills,Week4,286.0 Lakevale Estates - 116.0 Dominion Hills
Lakevale Estates,Week5,Great Falls,Week4,298.0 Lakevale Estates - 104.0 Great Falls
Lake Braddock,Week4,Pinewood Lake,Week2,332.0 Lake Braddock - 65.0 Pinewood Lake
Lakevale Estates,Week2,Kings Ridge ,Week2,318.0 Lakevale Estates - 84.0 Kings Ridge
Lakevale Estates,Week5,Great Falls,Week2,264.0 Lakevale Estates - 120.0 Great Falls
Lake Braddock,Week5,Fairfax,Week2,338.0 Fairfax - 64.0 Lake Braddock
Lake Braddock,Week3,Rolling Hills,Week1,253.0 Rolling Hills - 149.0 Lake Braddock
Lake Braddock,Week4,Fairfax,Week5,359.0 Fairfax - 43.0 Lake Braddock
Lake Braddock,Week1,Pinewood Lake,Week4,299.0 Lake Braddock - 93.0 Pinewood Lake
Lakevale Estates,Week4,Dominion Hills,Week3,312.0 Lakevale Estates - 90.0 Dominion Hills
Lake Braddock,Week5,Fairfax,Week5,351.0 Fairfax - 51.0 Lake Braddock
Lakevale Estates,Week5,Dominion Hills,Week5,276.0 Lakevale Estates - 126.0 Dominion Hills
Lakeview,Week5,Arlington Forest,Week2,278.0 Arlington Forest - 115.0 Lakeview
Lakevale Estates,Week3,Kent Gardens,Week1,269.0 Lakevale Estates - 133.0 Kent Gardens
Lakevale Estates,Week2,Kent Gardens,Week4,267.0 Lakevale Estates - 135.0 Kent Gardens
Lakevale Estates,Week4,Kent Gardens,Week4,282.5 Lakevale Estates - 119.5 Kent Gardens
Lake Braddock,Week1,Pleasant Valley,Week1,204.0 Pleasant Valley - 197.0 Lake Braddock
Lakeview,Week5,Arlington Forest,Week5,297.0 Arlington Forest - 96.0 Lakeview
Lake Braddock,Week4,Fairfax,Week1,328.0 Fairfax - 74.0 Lake Braddock
Lake Braddock,Week3,Fairfax,Week2,345.0 Fairfax - 57.0 Lake Braddock
Lakeview,Week3,Annandale,Week5,219.0 Annandale - 183.0 Lakeview
Lakevale Estates,Week3,Kent Gardens,Week4,269.0 Lakevale Estates - 133.0 Kent Gardens
Lake Braddock,Week3,Rolling Forest,Week1,290.0 Rolling Forest - 112.0 Lake Braddock
Lakevale Estates,Week2,Kings Ridge ,Week4,299.5 Lakevale Estates - 102.5 Kings Ridge
Lakeview,Week4,Arlington Forest,Week4,295.0 Arlington Forest - 107.0 Lakeview
Lakevale Estates,Week5,Great Falls,Week5,275.0 Lakevale Estates - 127.0 Great Falls
Lakeview,Week4,Arlington Forest,Week1,288.0 Arlington Forest - 114.0 Lakeview
Lakevale Estates,Week4,Great Falls,Week4,310.0 Lakevale Estates - 92.0 Great Falls
Lakevale Estates,Week1,Donaldson Run,Week1,233.0 Donaldson Run - 169.0 Lakevale Estates
Lake Braddock,Week2,Rolling Hills,Week3,257.0 Rolling Hills - 145.0 Lake Braddock
Lake Braddock,Week1,Pleasant Valley,Week3,225.0 Pleasant Valley - 177.0 Lake Braddock
Lakevale Estates,Week3,Dominion Hills,Week5,243.0 Lakevale Estates - 159.0 Dominion Hills
Lakevale Estates,Week5,Great Falls,Week3,279.0 Lakevale Estates - 123.0 Great Falls
Lakevale Estates,Week5,Dominion Hills,Week1,294.0 Lakevale Estates - 108.0 Dominion Hills
Lakeview,Week1,Arlington Forest,Week1,315.0 Arlington Forest - 87.0 Lakeview
Lake Braddock,Week2,Pinewood Lake,Week2,318.0 Lake Braddock - 75.0 Pinewood Lake
Lakeview,Week4,Arlington Forest,Week5,293.0 Arlington Forest - 109.0 Lakeview
Lake Braddock,Week5,Fairfax,Week4,338.0 Fairfax - 64.0 Lake Braddock
Lakevale Estates,Week4,Kent Gardens,Week5,263.0 Lakevale Estates - 139.0 Kent Gardens
Lakevale Estates,Week1,Donaldson Run,Week5,254.0 Donaldson Run - 148.0 Lakevale Estates
Lakevale Estates,Week2,Greenbriar,Week4,252.0 Lakevale Estates - 150.0 Greenbriar
Lake Braddock,Week2,Rolling Hills,Week1,252.0 Rolling Hills - 150.0 Lake Braddock
Lakeview,Week3,Arlington Forest,Week1,296.0 Arlington Forest - 106.0 Lakeview
Lake Braddock,Week2,Rolling Forest,Week3,303.0 Rolling Forest - 99.0 Lake Braddock
Lake Braddock,Week3,Fairfax,Week4,344.0 Fairfax - 58.0 Lake Braddock
Lake Braddock,Week1,Pleasant Valley,Week4,219.0 Lake Braddock - 175.0 Pleasant Valley
Lakeview,Week5,Annandale,Week1,222.0 Lakeview - 171.0 Annandale
Lakevale Estates,Week1,Donaldson Run,Week2,235.0 Donaldson Run - 167.0 Lakevale Estates
Lakevale Estates,Week1,Donaldson Run,Week3,236.0 Donaldson Run - 166.0 Lakevale Estates
Lake Braddock,Week3,Rolling Forest,Week4,291.0 Rolling Forest - 111.0 Lake Braddock
Lake Braddock,Week2,Pinewood Lake,Week1,320.0 Lake Braddock - 73.0 Pinewood Lake
Lakevale Estates,Week1,Donaldson Run,Week4,236.0 Donaldson Run - 166.0 Lakevale Estates
Lake Braddock,Week1,Pleasant Valley,Week5,208.0 Pleasant Valley - 188.0 Lake Braddock
Lake Braddock,Week2,Rolling Forest,Week2,264.0 Rolling Forest - 138.0 Lake Braddock
Lakevale Estates,Week3,Kent Gardens,Week5,236.0 Lakevale Estates - 166.0 Kent Gardens
Lake Braddock,Week1,Fairfax Club Estates,Week1,261.0 Fairfax Club Estates - 141.0 Lake Braddock
Lakevale Estates,Week2,Greenbriar,Week5,235.0 Lakevale Estates - 167.0 Greenbriar
Lakevale Estates,Week5,Kent Gardens,Week3,296.0 Lakevale Estates - 106.0 Kent Gardens
Lakeview,Week5,Annandale,Week4,206.0 Lakeview - 186.0 Annandale
Lake Braddock,Week1,Fairfax Club Estates,Week3,252.0 Fairfax Club Estates - 150.0 Lake Braddock
Lakevale Estates,Week2,Kent Gardens,Week3,266.0 Lakevale Estates - 136.0 Kent Gardens
Lakevale Estates,Week2,Greenbriar,Week2,219.0 Lakevale Estates - 183.0 Greenbriar
Lakevale Estates,Week1,Kent Gardens,Week3,255.0 Lakevale Estates - 147.0 Kent Gardens
Lakevale Estates,Week1,Dowden Terrace,Week3,261.0 Lakevale Estates - 141.0 Dowden Terrace
Lake Braddock,Week3,Fairfax,Week5,357.0 Fairfax - 45.0 Lake Braddock
Lakevale Estates,Week4,Greenbriar,Week3,261.0 Lakevale Estates - 141.0 Greenbriar
Lakevale Estates,Week3,Greenbriar,Week5,244.0 Lakevale Estates - 158.0 Greenbriar
Lake Braddock,Week3,Pinewood Lake,Week2,321.0 Lake Braddock - 75.0 Pinewood Lake
Lake Braddock,Week2,Rolling Forest,Week5,288.0 Rolling Forest - 114.0 Lake Braddock
Lakeview,Week2,Arlington Forest,Week4,335.0 Arlington Forest - 67.0 Lakeview
Lake Braddock,Week2,Pinewood Lake,Week3,330.0 Lake Braddock - 63.0 Pinewood Lake
Lakeview,Week2,Arlington Forest,Week2,310.0 Arlington Forest - 92.0 Lakeview
Lakevale Estates,Week3,Donaldson Run,Week4,220.0 Donaldson Run - 182.0 Lakevale Estates
Lake Braddock,Week2,Rolling Forest,Week1,286.0 Rolling Forest - 116.0 Lake Braddock
Lake Braddock,Week1,Pinewood Lake,Week5,295.0 Lake Braddock - 98.0 Pinewood Lake
Lakevale Estates,Week2,Dowden Terrace,Week2,238.0 Lakevale Estates - 164.0 Dowden Terrace
Lake Braddock,Week3,Fairfax,Week1,330.0 Fairfax - 72.0 Lake Braddock
Lakevale Estates,Week2,Kent Gardens,Week5,234.0 Lakevale Estates - 168.0 Kent Gardens
Lakevale Estates,Week2,Kent Gardens,Week2,275.0 Lakevale Estates - 127.0 Kent Gardens
Lakevale Estates,Week4,Greenbriar,Week1,263.0 Lakevale Estates - 139.0 Greenbriar
Lakevale Estates,Week2,Kent Gardens,Week1,265.0 Lakevale Estates - 137.0 Kent Gardens
Lake Braddock,Week2,Pinewood Lake,Week4,317.0 Lake Braddock - 77.0 Pinewood Lake
Lakeview,Week1,Arlington Forest,Week5,308.0 Arlington Forest - 94.0 Lakeview
Lake Braddock,Week1,Rolling Forest,Week5,320.0 Rolling Forest - 82.0 Lake Braddock
Lake Braddock,Week4,Fairfax,Week2,349.0 Fairfax - 53.0 Lake Braddock
Lakevale Estates,Week1,Hamlet,Week3,246.0 Hamlet - 156.0 Lakevale Estates
Lake Braddock,Week4,Rolling Forest,Week1,281.0 Rolling Forest - 121.0 Lake Braddock
Lake Braddock,Week1,Rolling Hills,Week3,271.0 Rolling Hills - 130.0 Lake Braddock
Lake Braddock,Week4,Pinewood Lake,Week5,311.0 Lake Braddock - 85.0 Pinewood Lake
Lake Braddock,Week3,Pinewood Lake,Week4,324.0 Lake Braddock - 73.0 Pinewood Lake
Lakevale Estates,Week4,Kent Gardens,Week2,305.0 Lakevale Estates - 97.0 Kent Gardens
Lake Braddock,Week5,Rolling Forest,Week3,276.0 Rolling Forest - 126.0 Lake Braddock
Lake Braddock,Week5,Fairfax,Week1,328.0 Fairfax - 74.0 Lake Braddock
Lakevale Estates,Week3,Hamlet,Week4,216.0 Hamlet - 186.0 Lakevale Estates
Lakevale Estates,Week5,Greenbriar,Week2,241.5 Lakevale Estates - 160.5 Greenbriar
Lakevale Estates,Week3,Kent Gardens,Week3,275.5 Lakevale Estates - 126.5 Kent Gardens
Lakevale Estates,Week4,Donaldson Run,Week4,203.0 Lakevale Estates - 199.0 Donaldson Run
Lakeview,Week1,Arlington Forest,Week2,300.0 Arlington Forest - 102.0 Lakeview
Lakeview,Week2,Arlington Forest,Week3,292.0 Arlington Forest - 110.0 Lakeview
Lakevale Estates,Week2,Dowden Terrace,Week4,225.0 Lakevale Estates - 177.0 Dowden Terrace
Lakevale Estates,Week3,Kent Gardens,Week2,277.0 Lakevale Estates - 125.0 Kent Gardens
Lakevale Estates,Week3,Hamlet,Week1,217.0 Hamlet - 185.0 Lakevale Estates
Lake Braddock,Week4,Pinewood Lake,Week1,333.0 Lake Braddock - 64.0 Pinewood Lake
Lake Braddock,Week5,Fairfax,Week3,342.0 Fairfax - 60.0 Lake Braddock
Lakevale Estates,Week3,Greenbriar,Week4,263.0 Lakevale Estates - 139.0 Greenbriar
Lakeview,Week4,Arlington Forest,Week2,260.0 Arlington Forest - 142.0 Lakeview
Lakeview,Week4,Annandale,Week5,225.0 Lakeview - 177.0 Annandale
Lakevale Estates,Week3,Donaldson Run,Week5,242.0 Donaldson Run - 160.0 Lakevale Estates
Lake Braddock,Week2,Fairfax,Week4,339.0 Fairfax - 63.0 Lake Braddock
Lakevale Estates,Week1,Hamlet,Week2,250.5 Hamlet - 151.5 Lakevale Estates
Lakevale Estates,Week1,Dowden Terrace,Week4,229.0 Lakevale Estates - 173.0 Dowden Terrace
Lakevale Estates,Week4,Kent Gardens,Week3,284.0 Lakevale Estates - 118.0 Kent Gardens
Lakevale Estates,Week5,Donaldson Run,Week3,208.0 Donaldson Run - 194.0 Lakevale Estates
Lake Braddock,Week4,Pinewood Lake,Week4,319.0 Lake Braddock - 77.0 Pinewood Lake
Lakeview,Week5,Arlington Forest,Week4,303.0 Arlington Forest - 90.0 Lakeview
Lake Braddock,Week1,Rolling Hills,Week2,266.0 Rolling Hills - 131.0 Lake Braddock
Lake Braddock,Week5,Rolling Forest,Week1,282.0 Rolling Forest - 120.0 Lake Braddock
Lake Braddock,Week2,Pinewood Lake,Week5,311.0 Lake Braddock - 84.0 Pinewood Lake
Lake Braddock,Week1,Fairfax Club Estates,Week2,243.0 Fairfax Club Estates - 159.0 Lake Braddock
Lake Braddock,Week4,Rolling Forest,Week2,264.0 Rolling Forest - 138.0 Lake Braddock
Lakeview,Week3,Arlington Forest,Week5,303.0 Arlington Forest - 99.0 Lakeview
Lakevale Estates,Week4,Kent Gardens,Week1,278.0 Lakevale Estates - 124.0 Kent Gardens
Lakeview,Week3,Arlington Forest,Week2,280.0 Arlington Forest - 122.0 Lakeview
Lakeview,Week5,Annandale,Week2,196.5 Annandale - 196.5 Lakeview
Lake Braddock,Week3,Fairfax,Week3,347.0 Fairfax - 55.0 Lake Braddock
Lake Braddock,Week5,Pinewood Lake,Week1,324.0 Lake Braddock - 69.0 Pinewood Lake
Lakevale Estates,Week4,Hamlet,Week1,202.0 Lakevale Estates - 200.0 Hamlet
Lakevale Estates,Week1,Kent Gardens,Week5,228.0 Lakevale Estates - 174.0 Kent Gardens
Lake Braddock,Week4,Fairfax,Week3,346.0 Fairfax - 56.0 Lake Braddock
Lake Braddock,Week5,Rolling Forest,Week2,244.0 Rolling Forest - 158.0 Lake Braddock
Lakevale Estates,Week1,Kent Gardens,Week4,256.0 Lakevale Estates - 146.0 Kent Gardens
Lake Braddock,Week4,Rolling Forest,Week3,293.0 Rolling Forest - 109.0 Lake Braddock
Lakevale Estates,Week3,Donaldson Run,Week1,210.0 Donaldson Run - 192.0 Lakevale Estates
Lake Braddock,Week5,Pinewood Lake,Week4,323.0 Lake Braddock - 73.0 Pinewood Lake
Lakevale Estates,Week5,Greenbriar,Week3,255.0 Lakevale Estates - 147.0 Greenbriar
Lakevale Estates,Week2,Dowden Terrace,Week3,268.0 Lakevale Estates - 134.0 Dowden Terrace
Lakevale Estates,Week2,Donaldson Run,Week4,233.0 Donaldson Run - 169.0 Lakevale Estates
Lakevale Estates,Week4,Hamlet,Week3,206.0 Hamlet - 196.0 Lakevale Estates
Lakevale Estates,Week4,Hamlet,Week2,219.0 Hamlet - 183.0 Lakevale Estates
Lakevale Estates,Week5,Kent Gardens,Week2,293.0 Lakevale Estates - 109.0 Kent Gardens
Lakevale Estates,Week5,Kent Gardens,Week1,276.0 Lakevale Estates - 126.0 Kent Gardens
Lakevale Estates,Week4,Donaldson Run,Week5,235.0 Donaldson Run - 167.0 Lakevale Estates
Lakevale Estates,Week2,Hamlet,Week4,227.0 Hamlet - 175.0 Lakevale Estates
Lake Braddock,Week5,Pinewood Lake,Week3,333.0 Lake Braddock - 61.0 Pinewood Lake
Lake Braddock,Week2,Rolling Forest,Week4,285.0 Rolling Forest - 117.0 Lake Braddock
Lakevale Estates,Week2,Donaldson Run,Week3,240.0 Donaldson Run - 162.0 Lakevale Estates
Lake Braddock,Week1,Rolling Hills,Week1,270.0 Rolling Hills - 132.0 Lake Braddock
Lakevale Estates,Week2,Donaldson Run,Week5,273.0 Donaldson Run - 129.0 Lakevale Estates
Lake Braddock,Week1,Pleasant Valley,Week2,202.0 Pleasant Valley - 199.0 Lake Braddock
Lake Braddock,Week1,Rolling Hills,Week5,260.0 Rolling Hills - 142.0 Lake Braddock
Lake Braddock,Week5,Herndon,Week3,259.0 Lake Braddock - 143.0 Herndon
Lake Braddock,Week3,Pleasant Valley,Week1,224.0 Lake Braddock - 176.0 Pleasant Valley
Lakeview,Week3,Arlington Forest,Week3,265.0 Arlington Forest - 137.0 Lakeview
Lakeview,Week5,Annandale,Week3,201.0 Lakeview - 192.0 Annandale
Lakevale Estates,Week5,Kent Gardens,Week5,257.0 Lakevale Estates - 145.0 Kent Gardens
Lake Braddock,Week4,Herndon,Week2,247.0 Lake Braddock - 154.0 Herndon
Lakevale Estates,Week5,Kent Gardens,Week4,292.0 Lakevale Estates - 110.0 Kent Gardens
Lakevale Estates,Week4,Greenbriar,Week2,233.0 Lakevale Estates - 169.0 Greenbriar
Lake Braddock,Week5,Herndon,Week5,261.0 Lake Braddock - 140.0 Herndon
Lakeview,Week1,Arlington Forest,Week4,331.0 Arlington Forest - 71.0 Lakeview
Lake Braddock,Week2,Rolling Hills,Week2,245.0 Rolling Hills - 157.0 Lake Braddock
Lake Braddock,Week2,Pleasant Valley,Week2,213.0 Lake Braddock - 188.0 Pleasant Valley
Lakevale Estates,Week3,Greenbriar,Week3,238.0 Lakevale Estates - 164.0 Greenbriar
Lakevale Estates,Week5,Greenbriar,Week4,273.0 Lakevale Estates - 129.0 Greenbriar
Lake Braddock,Week1,Poplar Heights,Week4,338.0 Poplar Heights - 64.0 Lake Braddock
Lakevale Estates,Week1,Kings Ridge ,Week4,301.0 Lakevale Estates - 101.0 Kings Ridge
Lake Braddock,Week3,Chesterbrook,Week4,380.0 Chesterbrook - 22.0 Lake Braddock
Lake Braddock,Week1,Hiddenbrook,Week4,275.0 Hiddenbrook - 127.0 Lake Braddock
Lakevale Estates,Week1,Kings Ridge ,Week5,293.0 Lakevale Estates - 109.0 Kings Ridge
Lake Braddock,Week2,Rolling Hills,Week5,246.5 Rolling Hills - 155.5 Lake Braddock
Lakevale Estates,Week3,Donaldson Run,Week3,221.0 Donaldson Run - 181.0 Lakevale Estates
Lakeview,Week5,Annandale,Week5,207.0 Lakeview - 186.0 Annandale
Lake Braddock,Week3,Pleasant Valley,Week5,200.0 Pleasant Valley - 197.0 Lake Braddock
Lakeview,Week1,Arlington Forest,Week3,300.0 Arlington Forest - 102.0 Lakeview
Lakevale Estates,Week4,Donaldson Run,Week3,201.0 Donaldson Run - 201.0 Lakevale Estates
Lake Braddock,Week2,Rolling Hills,Week4,264.0 Rolling Hills - 137.0 Lake Braddock
Lakeview,Week3,Arlington Forest,Week4,315.0 Arlington Forest - 87.0 Lakeview
Lake Braddock,Week1,Poplar Heights,Week1,316.0 Poplar Heights - 85.0 Lake Braddock
Lakevale Estates,Week4,Greenbriar,Week4,285.0 Lakevale Estates - 117.0 Greenbriar
Lakevale Estates,Week3,Donaldson Run,Week2,217.0 Donaldson Run - 185.0 Lakevale Estates
Lake Braddock,Week5,Herndon,Week2,252.0 Lake Braddock - 148.0 Herndon
Lakeview,Week2,Arlington Forest,Week1,327.0 Arlington Forest - 75.0 Lakeview
Lakevale Estates,Week1,Kings Ridge ,Week2,320.0 Lakevale Estates - 82.0 Kings Ridge
Lake Braddock,Week2,Herndon,Week2,241.0 Lake Braddock - 159.0 Herndon
Lake Braddock,Week1,Rolling Hills,Week4,268.0 Rolling Hills - 132.0 Lake Braddock
Lake Braddock,Week2,Chesterbrook,Week4,386.0 Chesterbrook - 16.0 Lake Braddock
Lakevale Estates,Week4,Donaldson Run,Week2,202.0 Donaldson Run - 200.0 Lakevale Estates
Lakeview,Week2,Arlington Forest,Week5,324.0 Arlington Forest - 78.0 Lakeview
Lake Braddock,Week4,Poplar Heights,Week1,299.0 Poplar Heights - 103.0 Lake Braddock
Lakevale Estates,Week2,Kings Ridge ,Week1,318.0 Lakevale Estates - 84.0 Kings Ridge
Lake Braddock,Week4,Herndon,Week4,247.0 Lake Braddock - 155.0 Herndon
Lakevale Estates,Week4,Greenbriar,Week5,267.0 Lakevale Estates - 135.0 Greenbriar
Lakevale Estates,Week5,Donaldson Run,Week4,208.0 Donaldson Run - 194.0 Lakevale Estates
Lakevale Estates,Week5,Donaldson Run,Week1,207.0 Donaldson Run - 195.0 Lakevale Estates
Lake Braddock,Week4,Pleasant Valley,Week1,224.0 Lake Braddock - 177.0 Pleasant Valley
Lake Braddock,Week4,Rolling Hills,Week3,264.0 Rolling Hills - 138.0 Lake Braddock
Lake Braddock,Week2,Herndon,Week1,235.0 Lake Braddock - 165.0 Herndon
Lakevale Estates,Week2,Kings Ridge ,Week3,311.0 Lakevale Estates - 91.0 Kings Ridge
Lake Braddock,Week3,Herndon,Week1,245.0 Lake Braddock - 155.0 Herndon
Lakeview,Week5,Arlington Forest,Week3,265.0 Arlington Forest - 128.0 Lakeview
Lakevale Estates,Week5,Greenbriar,Week5,250.0 Lakevale Estates - 152.0 Greenbriar
Lake Braddock,Week3,Pleasant Valley,Week2,213.0 Lake Braddock - 187.0 Pleasant Valley
Lake Braddock,Week3,Rolling Hills,Week2,252.0 Rolling Hills - 150.0 Lake Braddock
Lakeview,Week5,Arlington Forest,Week1,293.0 Arlington Forest - 100.0 Lakeview
Lakevale Estates,Week1,Dowden Terrace,Week2,238.0 Lakevale Estates - 164.0 Dowden Terrace
Lake Braddock,Week1,Chesterbrook,Week5,390.0 Chesterbrook - 12.0 Lake Braddock
Lake Braddock,Week5,Rolling Hills,Week5,237.0 Rolling Hills - 165.0 Lake Braddock
Lake Braddock,Week3,Chesterbrook,Week5,386.0 Chesterbrook - 16.0 Lake Braddock
Lake Braddock,Week3,Herndon,Week5,252.0 Lake Braddock - 149.0 Herndon
Lake Braddock,Week4,Herndon,Week3,245.0 Lake Braddock - 157.0 Herndon
Lake Braddock,Week2,Poplar Heights,Week3,316.0 Poplar Heights - 86.0 Lake Braddock
Lake Braddock,Week2,Rolling Valley,Week3,213.0 Rolling Valley - 189.0 Lake Braddock
Lakevale Estates,Week3,Lake Braddock,Week2,342.0 Lakevale Estates - 60.0 Lake Braddock
Lake Braddock,Week4,Herndon,Week5,250.0 Lake Braddock - 152.0 Herndon
Lakevale Estates,Week5,Greenbriar,Week1,268.0 Lakevale Estates - 134.0 Greenbriar
Lake Braddock,Week1,Hiddenbrook,Week1,268.0 Hiddenbrook - 134.0 Lake Braddock
Lake Braddock,Week3,Rolling Valley,Week4,211.0 Rolling Valley - 191.0 Lake Braddock
Lakevale Estates,Week1,Dowden Terrace,Week5,203.0 Lakevale Estates - 199.0 Dowden Terrace
Lake Braddock,Week2,Chesterbrook,Week2,383.0 Chesterbrook - 19.0 Lake Braddock
Lakevale Estates,Week1,Lake Braddock,Week3,336.0 Lakevale Estates - 66.0 Lake Braddock
Lakevale Estates,Week1,Hamlet,Week5,272.0 Hamlet - 130.0 Lakevale Estates
Lakevale Estates,Week2,Kings Ridge ,Week5,298.0 Lakevale Estates - 104.0 Kings Ridge
Lakeview,Week3,Brandywine,Week5,302.5 Brandywine - 99.5 Lakeview
Lake Braddock,Week4,Rolling Valley,Week1,233.0 Lake Braddock - 169.0 Rolling Valley
Lakevale Estates,Week1,Hamlet,Week1,233.0 Hamlet - 169.0 Lakevale Estates
Lakevale Estates,Week2,Hamlet,Week3,244.0 Hamlet - 158.0 Lakevale Estates
Lakevale Estates,Week5,Donaldson Run,Week2,207.0 Donaldson Run - 195.0 Lakevale Estates
Lakevale Estates,Week2,Hamlet,Week1,236.5 Hamlet - 165.5 Lakevale Estates
Lake Braddock,Week3,Poplar Heights,Week3,308.0 Poplar Heights - 94.0 Lake Braddock
Lakevale Estates,Week4,Donaldson Run,Week1,214.0 Lakevale Estates - 188.0 Donaldson Run
Lake Braddock,Week5,Pleasant Valley,Week1,238.0 Lake Braddock - 163.0 Pleasant Valley
Lakeview,Week5,Brandywine,Week4,280.0 Brandywine - 113.0 Lakeview
Lakeview,Week4,Arlington Forest,Week3,259.0 Arlington Forest - 143.0 Lakeview
Lake Braddock,Week2,Chesterbrook,Week5,380.0 Chesterbrook - 22.0 Lake Braddock
Lake Braddock,Week3,Poplar Heights,Week5,322.0 Poplar Heights - 80.0 Lake Braddock
Lakevale Estates,Week2,Lake Braddock,Week1,357.0 Lakevale Estates - 45.0 Lake Braddock
Lakevale Estates,Week3,Greenbriar,Week2,210.0 Lakevale Estates - 192.0 Greenbriar
Lake Braddock,Week3,Hiddenbrook,Week5,279.0 Hiddenbrook - 123.0 Lake Braddock
Lakeview,Week2,Brandywine,Week3,294.0 Brandywine - 107.0 Lakeview
Lakeview,Week5,Brandywine,Week1,254.0 Brandywine - 139.0 Lakeview
Lakevale Estates,Week4,Kings Ridge ,Week4,314.0 Lakevale Estates - 88.0 Kings Ridge
Lakevale Estates,Week3,Kings Ridge ,Week2,322.0 Lakevale Estates - 80.0 Kings Ridge
Lake Braddock,Week4,Rolling Hills,Week4,271.0 Rolling Hills - 130.0 Lake Braddock
Lakevale Estates,Week5,Donaldson Run,Week5,228.0 Donaldson Run - 174.0 Lakevale Estates
Lakevale Estates,Week2,Donaldson Run,Week2,225.0 Donaldson Run - 177.0 Lakevale Estates
Lakevale Estates,Week5,Kings Ridge ,Week3,319.0 Lakevale Estates - 83.0 Kings Ridge
Lakevale Estates,Week1,Dowden Terrace,Week1,239.0 Lakevale Estates - 163.0 Dowden Terrace
Lakeview,Week1,Bren Mar-Edsall Park,Week2,303.0 Lakeview - 98.0 Bren Mar-Edsall Park
Lakeview,Week3,Brandywine,Week1,265.0 Brandywine - 137.0 Lakeview
Lakevale Estates,Week2,Hamlet,Week5,268.0 Hamlet - 134.0 Lakevale Estates
Lake Braddock,Week5,Pleasant Valley,Week4,247.0 Lake Braddock - 149.0 Pleasant Valley
Lake Braddock,Week5,Pleasant Valley,Week2,235.0 Lake Braddock - 166.0 Pleasant Valley
Lake Braddock,Week4,Pleasant Valley,Week2,235.0 Lake Braddock - 166.0 Pleasant Valley
Lake Braddock,Week4,Rolling Valley,Week2,203.0 Rolling Valley - 199.0 Lake Braddock
Lakevale Estates,Week1,Hamlet,Week4,227.0 Hamlet - 175.0 Lakevale Estates
Lakevale Estates,Week2,Dowden Terrace,Week1,251.0 Lakevale Estates - 151.0 Dowden Terrace
Lake Braddock,Week4,Rolling Valley,Week3,211.0 Rolling Valley - 191.0 Lake Braddock
Lakevale Estates,Week5,Kings Ridge ,Week4,321.0 Lakevale Estates - 81.0 Kings Ridge
Lake Braddock,Week3,Rolling Valley,Week3,207.0 Rolling Valley - 195.0 Lake Braddock
Lake Braddock,Week4,Hiddenbrook,Week3,255.0 Hiddenbrook - 147.0 Lake Braddock
Lake Braddock,Week1,Chesterbrook,Week1,383.0 Chesterbrook - 14.0 Lake Braddock
Lake Braddock,Week5,Hiddenbrook,Week1,223.0 Hiddenbrook - 179.0 Lake Braddock
Lake Braddock,Week1,Chesterbrook,Week2,389.0 Chesterbrook - 13.0 Lake Braddock
Lakevale Estates,Week2,Dunn Loring,Week1,216.0 Lakevale Estates - 186.0 Dunn Loring
Lake Braddock,Week1,Poplar Heights,Week5,334.0 Poplar Heights - 67.0 Lake Braddock
Lake Braddock,Week3,Herndon,Week4,251.0 Lake Braddock - 150.0 Herndon
Lake Braddock,Week2,Herndon,Week4,240.0 Lake Braddock - 161.0 Herndon
Lake Braddock,Week1,Rolling Valley,Week5,238.0 Rolling Valley - 164.0 Lake Braddock
Lakevale Estates,Week4,Kings Ridge ,Week2,328.0 Lakevale Estates - 74.0 Kings Ridge
Lake Braddock,Week2,Chesterbrook,Week3,385.0 Chesterbrook - 17.0 Lake Braddock
Lakevale Estates,Week3,Hamlet,Week2,240.0 Hamlet - 162.0 Lakevale Estates
Lakevale Estates,Week3,Hamlet,Week5,254.0 Hamlet - 148.0 Lakevale Estates
Lakeview,Week1,Bren Mar-Edsall Park,Week3,277.0 Lakeview - 125.0 Bren Mar-Edsall Park
Lakevale Estates,Week3,Hamlet,Week3,235.0 Hamlet - 167.0 Lakevale Estates
Lake Braddock,Week2,Poplar Heights,Week5,326.0 Poplar Heights - 76.0 Lake Braddock
Lakeview,Week4,Brandywine,Week2,259.0 Brandywine - 143.0 Lakeview
Lake Braddock,Week2,Rolling Valley,Week4,213.0 Rolling Valley - 189.0 Lake Braddock
Lakeview,Week1,Brandywine,Week3,283.0 Brandywine - 118.0 Lakeview
Lake Braddock,Week5,Hiddenbrook,Week3,238.0 Hiddenbrook - 164.0 Lake Braddock
Lakevale Estates,Week5,Kings Ridge ,Week1,328.0 Lakevale Estates - 74.0 Kings Ridge
Lake Braddock,Week5,Pleasant Valley,Week5,227.0 Lake Braddock - 173.0 Pleasant Valley
Lake Braddock,Week4,Pleasant Valley,Week5,227.0 Lake Braddock - 175.0 Pleasant Valley
Lakevale Estates,Week3,Kings Ridge ,Week1,315.0 Lakevale Estates - 87.0 Kings Ridge
Lake Braddock,Week5,Rolling Hills,Week4,242.0 Rolling Hills - 159.0 Lake Braddock
Lakevale Estates,Week3,Dunn Loring,Week2,205.0 Dunn Loring - 197.0 Lakevale Estates
Lakevale Estates,Week1,Dunn Loring,Week3,215.0 Dunn Loring - 187.0 Lakevale Estates
Lake Braddock,Week1,Chesterbrook,Week4,392.0 Chesterbrook - 10.0 Lake Braddock
Lakevale Estates,Week4,Kings Ridge ,Week5,323.0 Lakevale Estates - 79.0 Kings Ridge
Lake Braddock,Week5,Herndon,Week1,250.0 Lake Braddock - 150.0 Herndon
Lake Braddock,Week1,Hiddenbrook,Week2,224.0 Hiddenbrook - 178.0 Lake Braddock
Lakevale Estates,Week4,Kings Ridge ,Week1,338.0 Lakevale Estates - 64.0 Kings Ridge
Lakevale Estates,Week2,Lake Braddock,Week2,341.0 Lakevale Estates - 61.0 Lake Braddock
Lakevale Estates,Week4,Dowden Terrace,Week4,258.5 Lakevale Estates - 143.5 Dowden Terrace
Lakevale Estates,Week3,Kings Ridge ,Week5,297.0 Lakevale Estates - 105.0 Kings Ridge
Lakevale Estates,Week1,Lake Braddock,Week2,336.0 Lakevale Estates - 66.0 Lake Braddock
Lake Braddock,Week2,Poplar Heights,Week4,324.0 Poplar Heights - 78.0 Lake Braddock
Lake Braddock,Week4,Rolling Hills,Week2,265.0 Rolling Hills - 137.0 Lake Braddock
Lakevale Estates,Week5,Hayfield Farm,Week1,297.0 Lakevale Estates - 105.0 Hayfield Farm
Lakevale Estates,Week5,Dowden Terrace,Week1,281.0 Lakevale Estates - 121.0 Dowden Terrace
Lake Braddock,Week3,Poplar Heights,Week1,286.0 Poplar Heights - 116.0 Lake Braddock
Lakevale Estates,Week3,Dowden Terrace,Week2,251.0 Lakevale Estates - 151.0 Dowden Terrace
Lakevale Estates,Week2,Hamlet,Week2,250.0 Hamlet - 152.0 Lakevale Estates
Lakevale Estates,Week3,Hayfield Farm,Week1,282.0 Lakevale Estates - 120.0 Hayfield Farm
Lake Braddock,Week3,Herndon,Week3,242.0 Lake Braddock - 160.0 Herndon
Lake Braddock,Week1,Rolling Valley,Week2,235.0 Rolling Valley - 167.0 Lake Braddock
Lakevale Estates,Week5,Dowden Terrace,Week3,279.0 Lakevale Estates - 123.0 Dowden Terrace
Lake Braddock,Week3,Pleasant Valley,Week4,235.0 Lake Braddock - 158.0 Pleasant Valley
Lakeview,Week1,Brandywine,Week5,315.0 Brandywine - 87.0 Lakeview
Lakeview,Week2,Bren Mar-Edsall Park,Week2,322.0 Lakeview - 79.0 Bren Mar-Edsall Park
Lake Braddock,Week4,Pleasant Valley,Week3,213.0 Lake Braddock - 189.0 Pleasant Valley
Lake Braddock,Week1,Hiddenbrook,Week5,297.0 Hiddenbrook - 105.0 Lake Braddock
Lakeview,Week1,Bren Mar-Edsall Park,Week4,272.0 Lakeview - 129.0 Bren Mar-Edsall Park
Lake Braddock,Week3,Chesterbrook,Week3,386.0 Chesterbrook - 16.0 Lake Braddock
Lake Braddock,Week4,Chesterbrook,Week1,380.0 Chesterbrook - 22.0 Lake Braddock
Lake Braddock,Week3,Chesterbrook,Week1,373.0 Chesterbrook - 29.0 Lake Braddock
Lakevale Estates,Week1,Hayfield Farm,Week4,268.0 Lakevale Estates - 134.0 Hayfield Farm
Lake Braddock,Week3,Chesterbrook,Week2,381.0 Chesterbrook - 21.0 Lake Braddock
Lakeview,Week5,Brandywine,Week2,277.0 Brandywine - 116.0 Lakeview
Lake Braddock,Week3,Pleasant Valley,Week3,203.0 Pleasant Valley - 198.0 Lake Braddock
Lakevale Estates,Week2,Dowden Terrace,Week5,210.0 Lakevale Estates - 192.0 Dowden Terrace
Lakevale Estates,Week5,Dowden Terrace,Week4,257.0 Lakevale Estates - 145.0 Dowden Terrace
Lake Braddock,Week5,Rolling Hills,Week2,235.0 Rolling Hills - 167.0 Lake Braddock
Lakevale Estates,Week3,Kings Ridge ,Week3,311.0 Lakevale Estates - 91.0 Kings Ridge
Lake Braddock,Week1,Poplar Heights,Week3,335.0 Poplar Heights - 67.0 Lake Braddock
Lakevale Estates,Week1,Hayfield Farm,Week1,259.0 Lakevale Estates - 143.0 Hayfield Farm
Lake Braddock,Week1,Rolling Valley,Week4,243.0 Rolling Valley - 159.0 Lake Braddock
Lake Braddock,Week2,Herndon,Week3,243.5 Lake Braddock - 158.5 Herndon
Lake Braddock,Week1,Rolling Valley,Week3,242.0 Rolling Valley - 160.0 Lake Braddock
Lakeview,Week4,Brandywine,Week4,272.0 Brandywine - 130.0 Lakeview
Lake Braddock,Week3,Herndon,Week2,242.0 Lake Braddock - 158.0 Herndon
Lakevale Estates,Week5,Hamlet,Week4,205.0 Lakevale Estates - 197.0 Hamlet
Lakeview,Week2,Brandywine,Week4,304.0 Brandywine - 98.0 Lakeview
Lake Braddock,Week2,Herndon,Week5,229.0 Lake Braddock - 172.0 Herndon
Lake Braddock,Week4,Herndon,Week1,240.0 Lake Braddock - 161.0 Herndon
Lakevale Estates,Week4,Hayfield Farm,Week3,276.0 Lakevale Estates - 126.0 Hayfield Farm
Lake Braddock,Week4,Rolling Hills,Week1,254.0 Rolling Hills - 148.0 Lake Braddock
Lakevale Estates,Week1,Lake Braddock,Week4,333.0 Lakevale Estates - 69.0 Lake Braddock
Lakevale Estates,Week5,Kings Ridge ,Week5,317.0 Lakevale Estates - 85.0 Kings Ridge
Lakeview,Week3,Brandywine,Week4,285.5 Brandywine - 116.5 Lakeview
Lakevale Estates,Week4,Dowden Terrace,Week2,269.0 Lakevale Estates - 133.0 Dowden Terrace
Lakeview,Week1,Brandywine,Week1,276.0 Brandywine - 126.0 Lakeview
Lakevale Estates,Week4,Hayfield Farm,Week4,294.0 Lakevale Estates - 108.0 Hayfield Farm
Lakevale Estates,Week3,Hayfield Farm,Week4,277.0 Lakevale Estates - 125.0 Hayfield Farm
Lake Braddock,Week4,Pleasant Valley,Week4,250.0 Lake Braddock - 147.0 Pleasant Valley
Lakevale Estates,Week3,Dowden Terrace,Week1,253.0 Lakevale Estates - 149.0 Dowden Terrace
Lake Braddock,Week2,Rolling Valley,Week1,236.0 Lake Braddock - 166.0 Rolling Valley
Lake Braddock,Week5,Herndon,Week4,261.0 Lake Braddock - 140.0 Herndon
Lakeview,Week1,Brandywine,Week4,308.0 Brandywine - 94.0 Lakeview
Lakevale Estates,Week4,Dowden Terrace,Week1,279.0 Lakevale Estates - 123.0 Dowden Terrace
Lake Braddock,Week2,Pleasant Valley,Week5,212.0 Lake Braddock - 188.0 Pleasant Valley
Lake Braddock,Week4,Chesterbrook,Week2,388.0 Chesterbrook - 14.0 Lake Braddock
Lake Braddock,Week2,Chesterbrook,Week1,375.0 Chesterbrook - 27.0 Lake Braddock
Lakevale Estates,Week2,Hayfield Farm,Week3,253.0 Lakevale Estates - 149.0 Hayfield Farm
Lake Braddock,Week2,Pleasant Valley,Week4,236.0 Lake Braddock - 161.0 Pleasant Valley
Lake Braddock,Week4,Rolling Hills,Week5,257.0 Rolling Hills - 145.0 Lake Braddock
Lakevale Estates,Week1,Lake Braddock,Week1,345.0 Lakevale Estates - 57.0 Lake Braddock
Lake Braddock,Week4,Chesterbrook,Week3,387.0 Chesterbrook - 15.0 Lake Braddock
Lakevale Estates,Week4,Kings Ridge ,Week3,328.0 Lakevale Estates - 74.0 Kings Ridge
Lakeview,Week3,Brandywine,Week3,280.0 Brandywine - 122.0 Lakeview
Lake Braddock,Week1,Hiddenbrook,Week3,274.0 Hiddenbrook - 123.0 Lake Braddock
Lake Braddock,Week3,Rolling Hills,Week4,243.0 Rolling Hills - 158.0 Lake Braddock
Lake Braddock,Week5,Rolling Hills,Week1,238.0 Rolling Hills - 164.0 Lake Braddock
Lakeview,Week1,Brandywine,Week2,274.0 Brandywine - 128.0 Lakeview
Lake Braddock,Week5,Pleasant Valley,Week3,213.0 Lake Braddock - 189.0 Pleasant Valley
Lake Braddock,Week3,Hiddenbrook,Week1,252.0 Hiddenbrook - 150.0 Lake Braddock
Lakevale Estates,Week3,Lake Braddock,Week1,354.0 Lakevale Estates - 48.0 Lake Braddock
Lake Braddock,Week2,Hiddenbrook,Week1,254.0 Hiddenbrook - 148.0 Lake Braddock
Lakevale Estates,Week5,Hamlet,Week2,216.5 Hamlet - 185.5 Lakevale Estates
Lake Braddock,Week2,Rolling Valley,Week2,208.0 Lake Braddock - 194.0 Rolling Valley
Lakevale Estates,Week4,Dowden Terrace,Week5,239.0 Lakevale Estates - 163.0 Dowden Terrace
Lakeview,Week3,Brandywine,Week2,258.0 Brandywine - 144.0 Lakeview
Lake Braddock,Week2,Hiddenbrook,Week4,268.0 Hiddenbrook - 134.0 Lake Braddock
Lakevale Estates,Week1,Dunn Loring,Week4,221.0 Dunn Loring - 181.0 Lakevale Estates
Lake Braddock,Week1,Chesterbrook,Week3,391.5 Chesterbrook - 10.5 Lake Braddock
Lakevale Estates,Week3,Hayfield Farm,Week5,281.0 Lakevale Estates - 121.0 Hayfield Farm
Lakevale Estates,Week2,Lake Braddock,Week5,335.0 Lakevale Estates - 67.0 Lake Braddock
Lake Braddock,Week3,Rolling Hills,Week5,252.0 Rolling Hills - 150.0 Lake Braddock
Lake Braddock,Week2,Poplar Heights,Week2,310.0 Poplar Heights - 92.0 Lake Braddock
Lakevale Estates,Week2,Lake Braddock,Week3,338.0 Lakevale Estates - 64.0 Lake Braddock
Lake Braddock,Week2,Poplar Heights,Week1,293.0 Poplar Heights - 109.0 Lake Braddock
Lake Braddock,Week1,Poplar Heights,Week2,322.0 Poplar Heights - 79.0 Lake Braddock
Lake Braddock,Week5,Rolling Hills,Week3,251.0 Rolling Hills - 151.0 Lake Braddock
Lakevale Estates,Week1,Dunn Loring,Week2,209.0 Dunn Loring - 193.0 Lakevale Estates
Lakeview,Week2,Brandywine,Week5,313.0 Brandywine - 89.0 Lakeview
Lakevale Estates,Week1,Hayfield Farm,Week3,250.0 Lakevale Estates - 152.0 Hayfield Farm
Lakevale Estates,Week3,Dowden Terrace,Week5,228.5 Lakevale Estates - 173.5 Dowden Terrace
Lake Braddock,Week2,Hiddenbrook,Week5,287.0 Hiddenbrook - 115.0 Lake Braddock
Lake Braddock,Week3,Poplar Heights,Week2,308.0 Poplar Heights - 94.0 Lake Braddock
Lakevale Estates,Week3,Lake Braddock,Week4,341.0 Lakevale Estates - 61.0 Lake Braddock
Lakevale Estates,Week4,Hayfield Farm,Week2,293.0 Lakevale Estates - 109.0 Hayfield Farm
Lakeview,Week4,Brandywine,Week1,247.0 Brandywine - 155.0 Lakeview
Lake Braddock,Week2,Rolling Valley,Week5,211.0 Rolling Valley - 191.0 Lake Braddock
Lake Braddock,Week2,Hiddenbrook,Week2,205.0 Lake Braddock - 196.0 Hiddenbrook
Lakevale Estates,Week5,Kings Ridge ,Week2,325.5 Lakevale Estates - 76.5 Kings Ridge
Lake Braddock,Week3,Rolling Valley,Week2,203.0 Rolling Valley - 199.0 Lake Braddock
Lakeview,Week4,Brandywine,Week3,273.0 Brandywine - 128.0 Lakeview
Lakevale Estates,Week3,Kings Ridge ,Week4,301.0 Lakevale Estates - 101.0 Kings Ridge
Lakevale Estates,Week3,Dowden Terrace,Week3,264.0 Lakevale Estates - 138.0 Dowden Terrace
Lake Braddock,Week4,Poplar Heights,Week2,312.5 Poplar Heights - 89.5 Lake Braddock
Lakevale Estates,Week1,Lake Braddock,Week5,322.0 Lakevale Estates - 80.0 Lake Braddock
Lakevale Estates,Week3,Hayfield Farm,Week2,280.0 Lakevale Estates - 122.0 Hayfield Farm
Lake Braddock,Week3,Poplar Heights,Week4,309.5 Poplar Heights - 92.5 Lake Braddock
Lakeview,Week2,Brandywine,Week2,283.0 Brandywine - 119.0 Lakeview
Lakevale Estates,Week3,Lake Braddock,Week3,341.0 Lakevale Estates - 61.0 Lake Braddock
Lakevale Estates,Week4,Dowden Terrace,Week3,286.0 Lakevale Estates - 116.0 Dowden Terrace
Lake Braddock,Week1,Rolling Valley,Week1,209.0 Rolling Valley - 193.0 Lake Braddock
Lake Braddock,Week3,Poplar Tree,Week2,293.0 Poplar Tree - 109.0 Lake Braddock
Lakevale Estates,Week1,Dunn Loring,Week1,214.0 Lakevale Estates - 188.0 Dunn Loring
Lake Braddock,Week3,Rolling Valley,Week1,239.0 Lake Braddock - 163.0 Rolling Valley
Lake Braddock,Week4,Rutherford,Week1,204.0 Rutherford - 198.0 Lake Braddock
Lakevale Estates,Week3,Lake Braddock,Week5,335.0 Lakevale Estates - 67.0 Lake Braddock
Lakevale Estates,Week1,Herndon,Week1,340.0 Lakevale Estates - 62.0 Herndon
Lake Braddock,Week2,Poplar Tree,Week5,318.0 Poplar Tree - 83.0 Lake Braddock
Lake Braddock,Week3,Rolling Valley,Week5,206.0 Rolling Valley - 196.0 Lake Braddock
Lakevale Estates,Week2,Dunn Loring,Week3,224.0 Dunn Loring - 178.0 Lakevale Estates
Lakeview,Week4,Brandywine,Week5,284.0 Brandywine - 118.0 Lakeview
Lake Braddock,Week2,Hiddenbrook,Week3,263.0 Hiddenbrook - 139.0 Lake Braddock
Lake Braddock,Week3,Hiddenbrook,Week4,264.0 Hiddenbrook - 137.0 Lake Braddock
Lakeview,Week2,Brandywine,Week1,282.0 Brandywine - 120.0 Lakeview
Lakevale Estates,Week5,Hamlet,Week3,215.0 Hamlet - 187.0 Lakevale Estates
Lake Braddock,Week3,Hiddenbrook,Week2,208.0 Lake Braddock - 194.0 Hiddenbrook
Lakevale Estates,Week2,Lake Braddock,Week4,351.0 Lakevale Estates - 51.0 Lake Braddock
Lakevale Estates,Week4,Hayfield Farm,Week1,296.0 Lakevale Estates - 106.0 Hayfield Farm
Lakevale Estates,Week5,Dowden Terrace,Week5,246.0 Lakevale Estates - 156.0 Dowden Terrace
Lake Braddock,Week2,Poplar Tree,Week2,294.0 Poplar Tree - 108.0 Lake Braddock
Lakevale Estates,Week2,Dunn Loring,Week2,224.0 Dunn Loring - 178.0 Lakevale Estates
Lake Braddock,Week3,Hiddenbrook,Week3,267.0 Hiddenbrook - 134.0 Lake Braddock
Lakevale Estates,Week5,Hayfield Farm,Week2,287.0 Lakevale Estates - 115.0 Hayfield Farm
Lakeview,Week5,Brandywine,Week3,280.0 Brandywine - 109.0 Lakeview
Lake Braddock,Week4,Hiddenbrook,Week1,254.0 Hiddenbrook - 148.0 Lake Braddock
Lakevale Estates,Week4,Hamlet,Week5,240.0 Hamlet - 162.0 Lakevale Estates
Lakevale Estates,Week5,Hamlet,Week5,244.0 Hamlet - 158.0 Lakevale Estates
Lake Braddock,Week4,Hiddenbrook,Week4,268.0 Hiddenbrook - 134.0 Lake Braddock
Lakevale Estates,Week1,Dunn Loring,Week5,219.0 Dunn Loring - 183.0 Lakevale Estates
Lakevale Estates,Week2,Dunn Loring,Week5,220.0 Dunn Loring - 182.0 Lakevale Estates
Lakeview,Week5,Brandywine,Week5,297.0 Brandywine - 96.0 Lakeview
Lakevale Estates,Week4,Lake Braddock,Week1,364.0 Lakevale Estates - 38.0 Lake Braddock
Lake Braddock,Week3,Poplar Tree,Week4,285.0 Poplar Tree - 117.0 Lake Braddock
Lake Braddock,Week4,Rutherford,Week5,241.0 Rutherford - 161.0 Lake Braddock
Lake Braddock,Week3,Poplar Tree,Week5,320.0 Poplar Tree - 82.0 Lake Braddock
Lakevale Estates,Week1,Lakevale Estates,Week2,218.0 Lakevale Estates (LE2) - 184.0 Lakevale Estates (LE1)
Lake Braddock,Week4,Hiddenbrook,Week5,276.0 Hiddenbrook - 126.0 Lake Braddock
Lake Braddock,Week5,Hiddenbrook,Week2,215.0 Lake Braddock - 187.0 Hiddenbrook
Lake Braddock,Week4,Hiddenbrook,Week2,201.0 Hiddenbrook - 201.0 Lake Braddock
Lakevale Estates,Week3,Dunn Loring,Week1,221.0 Lakevale Estates - 181.0 Dunn Loring
Lakeview,Week1,Bren Mar-Edsall Park,Week5,270.0 Lakeview - 126.0 Bren Mar-Edsall Park
Lakevale Estates,Week3,Lakevale Estates,Week5,244.0 Lakevale Estates (LE2) - 158.0 Lakevale Estates (LE1)
Lakevale Estates,Week3,Dowden Terrace,Week4,236.0 Lakevale Estates - 161.0 Dowden Terrace
Lake Braddock,Week4,Poplar Heights,Week4,323.5 Poplar Heights - 78.5 Lake Braddock
Lake Braddock,Week4,Rutherford,Week2,221.0 Rutherford - 180.0 Lake Braddock
Lake Braddock,Week2,Rutherford,Week1,205.0 Rutherford - 197.0 Lake Braddock
Lakevale Estates,Week4,Lake Braddock,Week5,347.0 Lakevale Estates - 55.0 Lake Braddock
Lakeview,Week2,Bren Mar-Edsall Park,Week1,304.0 Lakeview - 98.0 Bren Mar-Edsall Park
Lakevale Estates,Week5,Dowden Terrace,Week2,267.0 Lakevale Estates - 135.0 Dowden Terrace
Lake Braddock,Week5,Poplar Heights,Week4,320.0 Poplar Heights - 82.0 Lake Braddock
Lake Braddock,Week5,Rolling Valley,Week3,207.0 Lake Braddock - 195.0 Rolling Valley
Lakevale Estates,Week2,Hayfield Farm,Week1,271.0 Lakevale Estates - 131.0 Hayfield Farm
Lakevale Estates,Week5,Hamlet,Week1,201.0 Hamlet - 201.0 Lakevale Estates
Lakeview,Week1,Bren Mar-Edsall Park,Week1,294.0 Lakeview - 108.0 Bren Mar-Edsall Park
Lake Braddock,Week1,Rutherford,Week4,253.0 Rutherford - 148.0 Lake Braddock
Lakeview,Week2,Bren Mar-Edsall Park,Week3,302.0 Lakeview - 100.0 Bren Mar-Edsall Park
Lakevale Estates,Week4,Hamlet,Week4,201.0 Hamlet - 201.0 Lakevale Estates
Lakevale Estates,Week2,Dunn Loring,Week4,210.0 Dunn Loring - 192.0 Lakevale Estates
Lakevale Estates,Week2,Hayfield Farm,Week5,276.0 Lakevale Estates - 126.0 Hayfield Farm
Lakevale Estates,Week2,Hayfield Farm,Week2,276.0 Lakevale Estates - 126.0 Hayfield Farm
Lake Braddock,Week1,Poplar Tree,Week1,316.5 Poplar Tree - 85.5 Lake Braddock
Lake Braddock,Week2,Poplar Tree,Week3,307.0 Poplar Tree - 95.0 Lake Braddock
Lake Braddock,Week1,High Point Pool,Week3,343.0 High Point Pool - 59.0 Lake Braddock
Lake Braddock,Week3,Poplar Tree,Week1,297.0 Poplar Tree - 105.0 Lake Braddock
Lakevale Estates,Week1,Hayfield Farm,Week2,260.0 Lakevale Estates - 142.0 Hayfield Farm
Lakeview,Week4,Bren Mar-Edsall Park,Week1,326.0 Lakeview - 76.0 Bren Mar-Edsall Park
Lakevale Estates,Week4,Dunn Loring,Week4,228.0 Lakevale Estates - 174.0 Dunn Loring
Lake Braddock,Week2,High Point Pool,Week1,311.0 High Point Pool - 91.0 Lake Braddock
Lake Braddock,Week3,Rutherford,Week5,244.0 Rutherford - 158.0 Lake Braddock
Lake Braddock,Week1,High Point Pool,Week1,322.0 High Point Pool - 80.0 Lake Braddock
Lakevale Estates,Week3,Lakevale Estates,Week3,196.0 Lakevale Estates (LE1) - 196.0 Lakevale Estates (LE2)
Lakevale Estates,Week1,Fair Oaks ,Week2,274.0 Lakevale Estates - 128.0 Fair Oaks
Lakevale Estates,Week4,Lakevale Estates,Week5,213.0 Lakevale Estates (LE2) - 189.0 Lakevale Estates (LE1)
Lakevale Estates,Week5,Lakevale Estates,Week4,213.0 Lakevale Estates (LE1) - 189.0 Lakevale Estates (LE2)
Lake Braddock,Week1,Poplar Tree,Week5,332.0 Poplar Tree - 70.0 Lake Braddock
Lake Braddock,Week2,High Point Pool,Week4,324.0 High Point Pool - 78.0 Lake Braddock
Lakeview,Week5,Bren Mar-Edsall Park,Week4,282.0 Lakeview - 110.0 Bren Mar-Edsall Park
Lakevale Estates,Week5,Lake Braddock,Week3,348.0 Lakevale Estates - 54.0 Lake Braddock
Lake Braddock,Week1,Rutherford,Week2,245.0 Rutherford - 157.0 Lake Braddock
Lake Braddock,Week3,Rutherford,Week3,236.0 Rutherford - 166.0 Lake Braddock
Lakeview,Week5,Bren Mar-Edsall Park,Week3,296.0 Lakeview - 97.0 Bren Mar-Edsall Park
Lakevale Estates,Week1,Hayfield Farm,Week5,268.0 Lakevale Estates - 134.0 Hayfield Farm
Lakeview,Week2,Bren Mar-Edsall Park,Week5,286.0 Lakeview - 115.0 Bren Mar-Edsall Park
Lake Braddock,Week4,High Point Pool,Week4,337.0 High Point Pool - 65.0 Lake Braddock
Lake Braddock,Week2,Rutherford,Week5,250.0 Rutherford - 152.0 Lake Braddock
Lakevale Estates,Week1,Lakevale Estates,Week4,228.0 Lakevale Estates (LE2) - 174.0 Lakevale Estates (LE1)
Lake Braddock,Week5,Rolling Valley,Week5,202.0 Rolling Valley - 200.0 Lake Braddock
Lakeview,Week5,Bren Mar-Edsall Park,Week1,303.0 Lakeview - 90.0 Bren Mar-Edsall Park
Lake Braddock,Week2,Poplar Tree,Week1,302.0 Poplar Tree - 100.0 Lake Braddock
Lakevale Estates,Week2,Herndon,Week4,351.0 Lakevale Estates - 51.0 Herndon
Lake Braddock,Week2,Rutherford,Week4,246.0 Rutherford - 156.0 Lake Braddock
Lakevale Estates,Week4,Hayfield Farm,Week5,296.0 Lakevale Estates - 106.0 Hayfield Farm
Lakeview,Week1,Brookfield ,Week3,294.0 Brookfield - 108.0 Lakeview
Lakevale Estates,Week5,Dunn Loring,Week3,205.0 Lakevale Estates - 197.0 Dunn Loring
Lake Braddock,Week2,Poplar Tree,Week4,285.5 Poplar Tree - 115.5 Lake Braddock
Lakevale Estates,Week4,Lakevale Estates,Week3,229.0 Lakevale Estates (LE1) - 173.0 Lakevale Estates (LE2)
Lakevale Estates,Week4,Dunn Loring,Week5,215.0 Lakevale Estates - 187.0 Dunn Loring
Lakevale Estates,Week3,Hayfield Farm,Week3,266.0 Lakevale Estates - 136.0 Hayfield Farm
Lakevale Estates,Week2,Fair Oaks ,Week1,250.0 Lakevale Estates - 152.0 Fair Oaks
Lake Braddock,Week4,High Point Pool,Week1,323.0 High Point Pool - 79.0 Lake Braddock
Lake Braddock,Week5,Poplar Heights,Week5,318.0 Poplar Heights - 84.0 Lake Braddock
Lake Braddock,Week3,High Point Pool,Week5,322.0 High Point Pool - 79.0 Lake Braddock
Lake Braddock,Week1,Poplar Tree,Week3,317.0 Poplar Tree - 85.0 Lake Braddock
Lakevale Estates,Week2,Hayfield Farm,Week4,283.0 Lakevale Estates - 119.0 Hayfield Farm
Lakeview,Week4,Bren Mar-Edsall Park,Week3,317.0 Lakeview - 85.0 Bren Mar-Edsall Park
Lake Braddock,Week3,Rutherford,Week4,235.0 Rutherford - 167.0 Lake Braddock
Lakevale Estates,Week5,Hayfield Farm,Week3,273.0 Lakevale Estates - 129.0 Hayfield Farm
Lakeview,Week3,Brookfield ,Week1,291.0 Brookfield - 111.0 Lakeview
Lakevale Estates,Week2,Lakevale Estates,Week2,201.0 Lakevale Estates (LE1) - 201.0 Lakevale Estates (LE2)
Lakevale Estates,Week1,Fair Oaks ,Week5,217.0 Lakevale Estates - 185.0 Fair Oaks
Lake Braddock,Week5,Rolling Valley,Week1,257.0 Lake Braddock - 145.0 Rolling Valley
Lake Braddock,Week3,Poplar Tree,Week3,305.0 Poplar Tree - 97.0 Lake Braddock
Lakeview,Week4,Bren Mar-Edsall Park,Week2,334.0 Lakeview - 68.0 Bren Mar-Edsall Park
Lake Braddock,Week4,High Point Pool,Week3,342.0 High Point Pool - 60.0 Lake Braddock
Lake Braddock,Week5,Poplar Heights,Week2,307.0 Poplar Heights - 95.0 Lake Braddock
Lake Braddock,Week1,Rutherford,Week5,259.0 Rutherford - 143.0 Lake Braddock
Lake Braddock,Week4,High Point Pool,Week2,347.0 High Point Pool - 55.0 Lake Braddock
Lakevale Estates,Week3,Dunn Loring,Week5,207.0 Dunn Loring - 195.0 Lakevale Estates
Lake Braddock,Week3,High Point Pool,Week1,312.0 High Point Pool - 90.0 Lake Braddock
Lakevale Estates,Week2,Fair Oaks ,Week3,238.0 Lakevale Estates - 164.0 Fair Oaks
Lakevale Estates,Week1,Lakevale Estates,Week1,198.5 Lakevale Estates (LE1) - 198.5 Lakevale Estates (LE2)
Lake Braddock,Week3,Rutherford,Week1,209.0 Lake Braddock - 193.0 Rutherford
Lakevale Estates,Week4,Herndon,Week3,350.0 Lakevale Estates - 52.0 Herndon
Lakevale Estates,Week3,Lakevale Estates,Week1,218.0 Lakevale Estates (LE1) - 179.0 Lakevale Estates (LE2)
Lakevale Estates,Week4,Lake Braddock,Week2,346.0 Lakevale Estates - 56.0 Lake Braddock
Lakeview,Week3,Bren Mar-Edsall Park,Week4,284.0 Lakeview - 118.0 Bren Mar-Edsall Park
Lake Braddock,Week2,Rutherford,Week2,221.0 Rutherford - 180.0 Lake Braddock
Lakevale Estates,Week2,Lakevale Estates,Week1,218.0 Lakevale Estates (LE1) - 184.0 Lakevale Estates (LE2)
Lakevale Estates,Week1,Hiddenbrook,Week1,296.0 Lakevale Estates - 106.0 Hiddenbrook
Lakevale Estates,Week1,Hiddenbrook,Week5,278.0 Lakevale Estates - 124.0 Hiddenbrook
Lake Braddock,Week1,Poplar Tree,Week4,304.0 Poplar Tree - 98.0 Lake Braddock
Lake Braddock,Week4,Poplar Heights,Week3,319.5 Poplar Heights - 82.5 Lake Braddock
Lake Braddock,Week2,High Point Pool,Week2,333.5 High Point Pool - 68.5 Lake Braddock
Lakevale Estates,Week2,Fair Oaks ,Week4,266.0 Lakevale Estates - 136.0 Fair Oaks
Lake Braddock,Week4,Rutherford,Week3,242.0 Rutherford - 160.0 Lake Braddock
Lakevale Estates,Week4,Dunn Loring,Week2,213.0 Lakevale Estates - 189.0 Dunn Loring
Lakeview,Week5,Bren Mar-Edsall Park,Week5,282.0 Lakeview - 110.0 Bren Mar-Edsall Park
Lake Braddock,Week5,Poplar Heights,Week3,305.0 Poplar Heights - 97.0 Lake Braddock
Lakevale Estates,Week1,Fair Oaks ,Week4,254.0 Lakevale Estates - 148.0 Fair Oaks
Lakevale Estates,Week1,Hiddenbrook,Week3,293.0 Lakevale Estates - 109.0 Hiddenbrook
Lakevale Estates,Week5,Lakevale Estates,Week2,255.0 Lakevale Estates (LE1) - 147.0 Lakevale Estates (LE2)
Lake Braddock,Week5,Hiddenbrook,Week5,261.0 Hiddenbrook - 141.0 Lake Braddock
Lakeview,Week2,Brookfield ,Week4,326.0 Brookfield - 76.0 Lakeview
Lake Braddock,Week5,Rolling Valley,Week4,208.0 Lake Braddock - 194.0 Rolling Valley
Lake Braddock,Week1,Poplar Tree,Week2,297.0 Poplar Tree - 100.0 Lake Braddock
Lake Braddock,Week1,High Point Pool,Week4,334.0 High Point Pool - 68.0 Lake Braddock
Lake Braddock,Week3,High Point Pool,Week3,333.0 High Point Pool - 69.0 Lake Braddock
Lakevale Estates,Week3,Fair Oaks ,Week1,258.0 Lakevale Estates - 144.0 Fair Oaks
Lakeview,Week1,Brookfield ,Week4,319.0 Brookfield - 83.0 Lakeview
Lake Braddock,Week4,Poplar Heights,Week5,339.0 Poplar Heights - 63.0 Lake Braddock
Lakeview,Week4,Bren Mar-Edsall Park,Week4,304.0 Lakeview - 98.0 Bren Mar-Edsall Park
Lake Braddock,Week2,High Point Pool,Week5,324.0 High Point Pool - 78.0 Lake Braddock
Lake Braddock,Week5,Rutherford,Week2,203.0 Rutherford - 198.0 Lake Braddock
Lakevale Estates,Week5,Lake Braddock,Week5,343.0 Lakevale Estates - 59.0 Lake Braddock
Lakevale Estates,Week5,Lake Braddock,Week1,358.0 Lakevale Estates - 44.0 Lake Braddock
Lakevale Estates,Week2,Fair Oaks ,Week5,237.0 Lakevale Estates - 165.0 Fair Oaks
Lakevale Estates,Week5,Hayfield Farm,Week4,286.0 Lakevale Estates - 116.0 Hayfield Farm
Lakevale Estates,Week5,Lake Braddock,Week4,346.0 Lakevale Estates - 56.0 Lake Braddock
Lakeview,Week1,Broyhill Crest,Week1,273.0 Lakeview - 128.0 Broyhill Crest
Lake Braddock,Week2,High Point Pool,Week3,327.0 High Point Pool - 75.0 Lake Braddock
Lakeview,Week4,Brookfield ,Week5,282.0 Brookfield - 120.0 Lakeview
Lake Braddock,Week1,High Point Pool,Week2,348.0 High Point Pool - 54.0 Lake Braddock
Lake Braddock,Week3,Rutherford,Week2,206.0 Rutherford - 195.0 Lake Braddock
Lakevale Estates,Week5,Lake Braddock,Week2,347.0 Lakevale Estates - 55.0 Lake Braddock
Lake Braddock,Week5,Donaldson Run,Week3,354.0 Donaldson Run - 48.0 Lake Braddock
Lake Braddock,Week5,Hiddenbrook,Week4,245.0 Hiddenbrook - 157.0 Lake Braddock
Lake Braddock,Week1,Rutherford,Week1,219.0 Rutherford - 182.0 Lake Braddock
Lakevale Estates,Week1,Herndon,Week2,336.0 Lakevale Estates - 66.0 Herndon
Lake Braddock,Week1,Rutherford,Week3,249.0 Rutherford - 153.0 Lake Braddock
Lakevale Estates,Week4,Herndon,Week1,349.0 Lakevale Estates - 53.0 Herndon
Lakevale Estates,Week5,Hayfield Farm,Week5,292.0 Lakevale Estates - 110.0 Hayfield Farm
Lakevale Estates,Week1,Lakevale Estates,Week5,254.0 Lakevale Estates (LE2) - 148.0 Lakevale Estates (LE1)
Lakevale Estates,Week1,Fair Oaks ,Week1,233.0 Lakevale Estates - 169.0 Fair Oaks
Lakeview,Week1,Brookfield ,Week5,308.0 Brookfield - 94.0 Lakeview
Lake Braddock,Week4,Rolling Valley,Week5,208.0 Rolling Valley - 194.0 Lake Braddock
Lakevale Estates,Week2,Lakevale Estates,Week4,245.5 Lakevale Estates (LE2) - 156.5 Lakevale Estates (LE1)
Lakevale Estates,Week3,Fair Oaks ,Week2,281.0 Lakevale Estates - 121.0 Fair Oaks
Lakevale Estates,Week2,Fair Oaks ,Week2,289.0 Lakevale Estates - 113.0 Fair Oaks
Lakevale Estates,Week2,Herndon,Week2,340.0 Lakevale Estates - 62.0 Herndon
Lake Braddock,Week2,Donaldson Run,Week5,356.0 Donaldson Run - 46.0 Lake Braddock
Lake Braddock,Week5,Poplar Heights,Week1,295.0 Poplar Heights - 107.0 Lake Braddock
Lakeview,Week3,Bren Mar-Edsall Park,Week3,298.5 Lakeview - 103.5 Bren Mar-Edsall Park
Lakevale Estates,Week3,Herndon,Week5,342.0 Lakevale Estates - 60.0 Herndon
Lake Braddock,Week1,Dowden Terrace,Week3,309.0 Dowden Terrace - 93.0 Lake Braddock
Lake Braddock,Week5,Rolling Valley,Week2,217.0 Lake Braddock - 185.0 Rolling Valley
Lake Braddock,Week3,Highland Park,Week4,307.5 Highland Park - 94.5 Lake Braddock
Lake Braddock,Week3,High Point Pool,Week4,326.0 High Point Pool - 76.0 Lake Braddock
Lakevale Estates,Week1,Herndon,Week3,341.0 Lakevale Estates - 61.0 Herndon
Lake Braddock,Week1,Donaldson Run,Week5,370.0 Donaldson Run - 32.0 Lake Braddock
Lakevale Estates,Week5,Dunn Loring,Week4,231.0 Lakevale Estates - 171.0 Dunn Loring
Lakeview,Week1,Brookfield ,Week1,307.0 Brookfield - 95.0 Lakeview
Lakevale Estates,Week4,Lake Braddock,Week4,358.0 Lakevale Estates - 44.0 Lake Braddock
Lake Braddock,Week4,Rolling Valley,Week4,208.0 Rolling Valley - 194.0 Lake Braddock
Lake Braddock,Week2,Donaldson Run,Week2,348.0 Donaldson Run - 54.0 Lake Braddock
Lakevale Estates,Week3,Dunn Loring,Week3,204.0 Dunn Loring - 198.0 Lakevale Estates
Lake Braddock,Week3,High Point Pool,Week2,336.0 High Point Pool - 66.0 Lake Braddock
Lakeview,Week3,Bren Mar-Edsall Park,Week2,324.0 Lakeview - 78.0 Bren Mar-Edsall Park
Lakevale Estates,Week4,Lake Braddock,Week3,352.0 Lakevale Estates - 50.0 Lake Braddock
Lake Braddock,Week2,Dowden Terrace,Week2,292.0 Dowden Terrace - 110.0 Lake Braddock
Lakevale Estates,Week2,Lakevale Estates,Week5,255.0 Lakevale Estates (LE2) - 147.0 Lakevale Estates (LE1)
Lake Braddock,Week4,Rutherford,Week4,246.0 Rutherford - 156.0 Lake Braddock
Lakevale Estates,Week1,Lakevale Estates,Week3,218.0 Lakevale Estates (LE2) - 179.0 Lakevale Estates (LE1)
Lakeview,Week4,Bren Mar-Edsall Park,Week5,300.0 Lakeview - 100.0 Bren Mar-Edsall Park
Lakevale Estates,Week2,Herndon,Week1,337.0 Lakevale Estates - 65.0 Herndon
Lakevale Estates,Week5,Dunn Loring,Week1,242.0 Lakevale Estates - 160.0 Dunn Loring
Lakevale Estates,Week3,Dunn Loring,Week4,204.0 Dunn Loring - 198.0 Lakevale Estates
Lake Braddock,Week1,Dowden Terrace,Week5,328.0 Dowden Terrace - 74.0 Lake Braddock
Lakevale Estates,Week4,Dunn Loring,Week1,233.0 Lakevale Estates - 169.0 Dunn Loring
Lake Braddock,Week2,Donaldson Run,Week1,343.0 Donaldson Run - 59.0 Lake Braddock
Lake Braddock,Week4,Highland Park,Week1,329.0 Highland Park - 73.0 Lake Braddock
Lake Braddock,Week4,Highland Park,Week3,302.0 Highland Park - 100.0 Lake Braddock
Lake Braddock,Week5,Rutherford,Week5,244.0 Rutherford - 158.0 Lake Braddock
Lakevale Estates,Week5,Dunn Loring,Week2,220.0 Lakevale Estates - 182.0 Dunn Loring
Lakevale Estates,Week3,Lakevale Estates,Week2,214.0 Lakevale Estates (LE1) - 188.0 Lakevale Estates (LE2)
Lake Braddock,Week1,High Point Pool,Week5,337.0 High Point Pool - 65.0 Lake Braddock
Lakevale Estates,Week5,Dunn Loring,Week5,225.0 Lakevale Estates - 177.0 Dunn Loring
Lakeview,Week2,Brookfield ,Week5,318.0 Brookfield - 84.0 Lakeview
Lakevale Estates,Week5,Herndon,Week3,353.0 Lakevale Estates - 49.0 Herndon
Lakeview,Week2,Bren Mar-Edsall Park,Week4,281.0 Lakeview - 121.0 Bren Mar-Edsall Park
Lake Braddock,Week2,Rutherford,Week3,240.0 Rutherford - 162.0 Lake Braddock
Lakevale Estates,Week3,Herndon,Week1,334.0 Lakevale Estates - 63.0 Herndon
Lake Braddock,Week5,Rutherford,Week1,214.0 Lake Braddock - 188.0 Rutherford
Lakevale Estates,Week2,Lakevale Estates,Week3,214.0 Lakevale Estates (LE2) - 188.0 Lakevale Estates (LE1)
Lakevale Estates,Week5,Herndon,Week1,352.0 Lakevale Estates - 49.0 Herndon
Lakeview,Week2,Brookfield ,Week3,306.0 Brookfield - 96.0 Lakeview
Lake Braddock,Week4,Highland Park,Week5,315.0 Highland Park - 87.0 Lake Braddock
Lake Braddock,Week2,Donaldson Run,Week3,350.0 Donaldson Run - 52.0 Lake Braddock
Lake Braddock,Week5,High Point Pool,Week2,330.0 High Point Pool - 72.0 Lake Braddock
Lakevale Estates,Week4,Lakevale Estates,Week4,201.0 Lakevale Estates (LE1) - 201.0 Lakevale Estates (LE2)
Lake Braddock,Week2,Highland Park,Week5,311.0 Highland Park - 91.0 Lake Braddock
Lakevale Estates,Week2,Herndon,Week5,345.0 Lakevale Estates - 57.0 Herndon
Lakevale Estates,Week3,Lakevale Estates,Week4,229.0 Lakevale Estates (LE2) - 173.0 Lakevale Estates (LE1)
Lakevale Estates,Week4,Lakevale Estates,Week1,228.0 Lakevale Estates (LE1) - 174.0 Lakevale Estates (LE2)
Lake Braddock,Week5,Highland Park,Week5,309.0 Highland Park - 93.0 Lake Braddock
Lakeview,Week3,Bren Mar-Edsall Park,Week5,285.0 Lakeview - 115.0 Bren Mar-Edsall Park
Lakeview,Week3,Bren Mar-Edsall Park,Week1,313.0 Lakeview - 89.0 Bren Mar-Edsall Park
Lake Braddock,Week5,Highland Park,Week3,281.0 Highland Park - 121.0 Lake Braddock
Lakevale Estates,Week1,Fair Oaks ,Week3,227.5 Lakevale Estates - 174.5 Fair Oaks
Lakevale Estates,Week5,Lakevale Estates,Week1,254.0 Lakevale Estates (LE1) - 148.0 Lakevale Estates (LE2)
Lake Braddock,Week1,Donaldson Run,Week4,368.0 Donaldson Run - 34.0 Lake Braddock
Lakeview,Week1,Brookfield ,Week2,304.0 Brookfield - 98.0 Lakeview
Lake Braddock,Week3,Shouse Village,Week4,304.0 Shouse Village - 98.0 Lake Braddock
Lakevale Estates,Week4,Dunn Loring,Week3,212.0 Lakevale Estates - 190.0 Dunn Loring
Lake Braddock,Week1,Shouse Village,Week1,293.0 Shouse Village - 109.0 Lake Braddock
Lakevale Estates,Week5,Herndon,Week4,348.0 Lakevale Estates - 54.0 Herndon
Lake Braddock,Week4,Shouse Village,Week4,314.0 Shouse Village - 88.0 Lake Braddock
Lakevale Estates,Week4,Lakevale Estates,Week2,245.5 Lakevale Estates (LE1) - 156.5 Lakevale Estates (LE2)
Lake Braddock,Week3,Dowden Terrace,Week4,290.0 Dowden Terrace - 112.0 Lake Braddock
Lakevale Estates,Week1,Herndon,Week4,343.0 Lakevale Estates - 59.0 Herndon
Lakevale Estates,Week2,Herndon,Week3,352.0 Lakevale Estates - 50.0 Herndon
Lakevale Estates,Week4,Herndon,Week4,356.0 Lakevale Estates - 46.0 Herndon
Lakeview,Week2,Brookfield ,Week1,310.0 Brookfield - 92.0 Lakeview
Lake Braddock,Week2,Shouse Village,Week1,289.5 Shouse Village - 111.5 Lake Braddock
Lakeview,Week5,Bren Mar-Edsall Park,Week2,313.0 Lakeview - 77.0 Bren Mar-Edsall Park
Lake Braddock,Week3,Donaldson Run,Week2,345.0 Donaldson Run - 57.0 Lake Braddock
Lake Braddock,Week1,Shouse Village,Week5,325.0 Shouse Village - 77.0 Lake Braddock
Lake Braddock,Week2,Dowden Terrace,Week3,293.0 Dowden Terrace - 109.0 Lake Braddock
Lake Braddock,Week3,Highland Park,Week2,302.0 Highland Park - 100.0 Lake Braddock
Lake Braddock,Week1,Highlands Swim,Week5,364.0 Highlands Swim - 38.0 Lake Braddock
Lake Braddock,Week4,Donaldson Run,Week4,359.0 Donaldson Run - 43.0 Lake Braddock
Lakeview,Week2,Brookfield ,Week2,303.0 Brookfield - 99.0 Lakeview
Lakevale Estates,Week3,Herndon,Week2,334.0 Lakevale Estates - 63.0 Herndon
Lakevale Estates,Week1,Lakeview,Week3,331.0 Lakevale Estates - 71.0 Lakeview
Lakevale Estates,Week4,Herndon,Week5,356.0 Lakevale Estates - 46.0 Herndon
Lake Braddock,Week5,Donaldson Run,Week5,361.0 Donaldson Run - 41.0 Lake Braddock
Lakeview,Week3,Brookfield ,Week2,280.0 Brookfield - 122.0 Lakeview
Lake Braddock,Week5,Rutherford,Week3,206.0 Rutherford - 196.0 Lake Braddock
Lake Braddock,Week2,Shouse Village,Week4,311.0 Shouse Village - 91.0 Lake Braddock
Lakevale Estates,Week3,Lakeview,Week5,324.0 Lakevale Estates - 69.0 Lakeview
Lake Braddock,Week4,High Point Pool,Week5,330.0 High Point Pool - 72.0 Lake Braddock
Lake Braddock,Week1,Highland Park,Week3,315.0 Highland Park - 87.0 Lake Braddock
Lakevale Estates,Week3,Herndon,Week3,341.0 Lakevale Estates - 56.0 Herndon
Lake Braddock,Week4,Shouse Village,Week2,282.0 Shouse Village - 119.0 Lake Braddock
Lakevale Estates,Week5,Lakevale Estates,Week3,244.0 Lakevale Estates (LE1) - 158.0 Lakevale Estates (LE2)
Lakevale Estates,Week1,Herndon,Week5,343.0 Lakevale Estates - 59.0 Herndon
Lake Braddock,Week2,Highlands Swim,Week2,352.0 Highlands Swim - 50.0 Lake Braddock
Lakevale Estates,Week3,Lakeview,Week1,349.0 Lakevale Estates - 53.0 Lakeview
Lake Braddock,Week3,Donaldson Run,Week1,348.0 Donaldson Run - 54.0 Lake Braddock
Lake Braddock,Week5,Donaldson Run,Week1,347.0 Donaldson Run - 55.0 Lake Braddock
Lake Braddock,Week5,Shouse Village,Week1,266.0 Shouse Village - 135.0 Lake Braddock
Lakeview,Week3,Brookfield ,Week3,285.0 Brookfield - 117.0 Lakeview
Lakeview,Week4,Brookfield ,Week2,262.0 Brookfield - 140.0 Lakeview
Lake Braddock,Week2,Highland Park,Week4,315.0 Highland Park - 87.0 Lake Braddock
Lake Braddock,Week1,Highland Park,Week1,334.0 Highland Park - 68.0 Lake Braddock
Lakevale Estates,Week5,Lakeview,Week3,346.5 Lakevale Estates - 55.5 Lakeview
Lake Braddock,Week1,Sideburn Run,Week5,337.0 Sideburn Run - 65.0 Lake Braddock
Lake Braddock,Week3,Shouse Village,Week1,278.0 Shouse Village - 124.0 Lake Braddock
Lakevale Estates,Week1,Hiddenbrook,Week4,293.0 Lakevale Estates - 109.0 Hiddenbrook
Lakeview,Week3,Brookfield ,Week4,307.0 Brookfield - 95.0 Lakeview
Lake Braddock,Week2,Highland Park,Week2,304.0 Highland Park - 98.0 Lake Braddock
Lake Braddock,Week5,Donaldson Run,Week2,348.0 Donaldson Run - 54.0 Lake Braddock
Lake Braddock,Week5,High Point Pool,Week4,328.0 High Point Pool - 74.0 Lake Braddock
Lake Braddock,Week5,High Point Pool,Week5,307.0 High Point Pool - 95.0 Lake Braddock
Lakeview,Week3,Brookfield ,Week5,294.0 Brookfield - 108.0 Lakeview
Lakevale Estates,Week1,Lakeview,Week4,332.0 Lakevale Estates - 70.0 Lakeview
Lake Braddock,Week2,Sideburn Run,Week2,294.0 Sideburn Run - 108.0 Lake Braddock
Lakeview,Week5,Brookfield ,Week3,274.0 Brookfield - 119.0 Lakeview
Lakevale Estates,Week1,Langley,Week4,217.0 Langley - 185.0 Lakevale Estates
Lake Braddock,Week4,Donaldson Run,Week5,366.0 Donaldson Run - 36.0 Lake Braddock
Lakevale Estates,Week5,Herndon,Week5,350.0 Lakevale Estates - 52.0 Herndon
Lakevale Estates,Week1,Hiddenbrook,Week2,329.0 Lakevale Estates - 73.0 Hiddenbrook
Lake Braddock,Week4,Donaldson Run,Week3,356.0 Donaldson Run - 46.0 Lake Braddock
Lakeview,Week5,Brookfield ,Week2,267.0 Brookfield - 126.0 Lakeview
Lakevale Estates,Week1,Lakeview,Week1,350.0 Lakevale Estates - 52.0 Lakeview
Lakeview,Week5,Brookfield ,Week1,295.0 Brookfield - 98.0 Lakeview
Lake Braddock,Week1,Sideburn Run,Week4,328.0 Sideburn Run - 74.0 Lake Braddock
Lake Braddock,Week1,Highland Park,Week4,340.0 Highland Park - 62.0 Lake Braddock
Lake Braddock,Week3,Donaldson Run,Week5,365.0 Donaldson Run - 37.0 Lake Braddock
Lakevale Estates,Week2,Lakeview,Week3,345.0 Lakevale Estates - 57.0 Lakeview
Lakevale Estates,Week4,Herndon,Week2,347.0 Lakevale Estates - 55.0 Herndon
Lakeview,Week4,Brookfield ,Week3,258.0 Brookfield - 144.0 Lakeview
Lake Braddock,Week1,Sideburn Run,Week1,319.0 Sideburn Run - 83.0 Lake Braddock
Lakevale Estates,Week2,Hiddenbrook,Week2,326.0 Lakevale Estates - 76.0 Hiddenbrook
Lakevale Estates,Week1,Langley,Week3,210.0 Langley - 192.0 Lakevale Estates
Lakevale Estates,Week5,Herndon,Week2,346.0 Lakevale Estates - 56.0 Herndon
Lake Braddock,Week1,Sideburn Run,Week3,321.0 Sideburn Run - 81.0 Lake Braddock
Lakeview,Week4,Brookfield ,Week4,292.0 Brookfield - 110.0 Lakeview
Lakevale Estates,Week2,Hiddenbrook,Week1,296.0 Lakevale Estates - 106.0 Hiddenbrook
Lakevale Estates,Week1,Lakeview,Week5,323.0 Lakevale Estates - 70.0 Lakeview
Lake Braddock,Week2,Highland Park,Week1,313.0 Highland Park - 89.0 Lake Braddock
Lake Braddock,Week4,Donaldson Run,Week2,353.0 Donaldson Run - 49.0 Lake Braddock
Lake Braddock,Week2,Donaldson Run,Week4,356.0 Donaldson Run - 46.0 Lake Braddock
Lakevale Estates,Week3,Herndon,Week4,339.0 Lakevale Estates - 63.0 Herndon
Lake Braddock,Week3,Donaldson Run,Week4,354.0 Donaldson Run - 48.0 Lake Braddock
Lake Braddock,Week2,Sideburn Run,Week1,293.0 Sideburn Run - 109.0 Lake Braddock
Lakevale Estates,Week2,Lakeview,Week1,354.0 Lakevale Estates - 48.0 Lakeview
Lakevale Estates,Week5,Hiddenbrook,Week4,311.0 Lakevale Estates - 91.0 Hiddenbrook
Lake Braddock,Week1,Dowden Terrace,Week1,302.0 Dowden Terrace - 94.0 Lake Braddock
Lake Braddock,Week2,Shouse Village,Week2,288.0 Shouse Village - 113.0 Lake Braddock
Lake Braddock,Week3,Shouse Village,Week5,300.0 Shouse Village - 101.0 Lake Braddock
Lakeview,Week5,Brookfield ,Week4,301.0 Brookfield - 92.0 Lakeview
Lakeview,Week4,Brookfield ,Week1,286.0 Brookfield - 116.0 Lakeview
Lake Braddock,Week3,Highland Park,Week1,316.0 Highland Park - 86.0 Lake Braddock
Lakevale Estates,Week3,Lakeview,Week2,344.0 Lakevale Estates - 58.0 Lakeview
Lake Braddock,Week1,Shouse Village,Week4,320.0 Shouse Village - 82.0 Lake Braddock
Lakevale Estates,Week4,Lakeview,Week1,358.0 Lakevale Estates - 44.0 Lakeview
Lakevale Estates,Week1,High Point Pool,Week5,226.0 Lakevale Estates - 176.0 High Point Pool
Lake Braddock,Week2,Highland Park,Week3,284.0 Highland Park - 118.0 Lake Braddock
Lake Braddock,Week4,Shouse Village,Week1,284.0 Shouse Village - 118.0 Lake Braddock
Lakeview,Week5,Brookfield ,Week5,286.0 Brookfield - 107.0 Lakeview
Lakevale Estates,Week2,High Point Pool,Week4,222.0 Lakevale Estates - 180.0 High Point Pool
Lakevale Estates,Week4,Hiddenbrook,Week1,317.0 Lakevale Estates - 85.0 Hiddenbrook
Lake Braddock,Week2,Shouse Village,Week5,305.0 Shouse Village - 97.0 Lake Braddock
Lakevale Estates,Week3,High Point Pool,Week3,248.0 Lakevale Estates - 154.0 High Point Pool
Lake Braddock,Week5,High Point Pool,Week1,310.0 High Point Pool - 92.0 Lake Braddock
Lakeview,Week2,Broyhill Crest,Week3,291.0 Lakeview - 111.0 Broyhill Crest
Lakevale Estates,Week4,Lakeview,Week2,362.0 Lakevale Estates - 40.0 Lakeview
Lakevale Estates,Week5,Lakeview,Week1,352.0 Lakevale Estates - 50.0 Lakeview
Lake Braddock,Week1,Dowden Terrace,Week2,311.0 Dowden Terrace - 91.0 Lake Braddock
Lake Braddock,Week5,High Point Pool,Week3,316.0 High Point Pool - 86.0 Lake Braddock
Lake Braddock,Week5,Donaldson Run,Week4,348.0 Donaldson Run - 54.0 Lake Braddock
Lake Braddock,Week1,Highland Park,Week2,324.0 Highland Park - 78.0 Lake Braddock
Lake Braddock,Week1,Shouse Village,Week2,294.0 Shouse Village - 108.0 Lake Braddock
Lakeview,Week1,Broyhill Crest,Week3,276.0 Lakeview - 126.0 Broyhill Crest
Lakevale Estates,Week5,Lakeview,Week5,345.0 Lakevale Estates - 48.0 Lakeview
Lake Braddock,Week3,Donaldson Run,Week3,354.0 Donaldson Run - 48.0 Lake Braddock
Lake Braddock,Week4,Donaldson Run,Week1,354.0 Donaldson Run - 48.0 Lake Braddock
Lakevale Estates,Week4,Lakeview,Week5,344.5 Lakevale Estates - 48.5 Lakeview
Lakeview,Week3,Broyhill Crest,Week1,295.0 Lakeview - 107.0 Broyhill Crest
Lakevale Estates,Week1,Langley,Week5,209.0 Langley - 193.0 Lakevale Estates
Lake Braddock,Week3,Highland Park,Week5,308.0 Highland Park - 94.0 Lake Braddock
Lake Braddock,Week2,Dowden Terrace,Week1,280.0 Dowden Terrace - 121.0 Lake Braddock
Lakevale Estates,Week1,High Point Pool,Week3,230.0 Lakevale Estates - 172.0 High Point Pool
Lake Braddock,Week2,Dowden Terrace,Week4,292.0 Dowden Terrace - 110.0 Lake Braddock
Lake Braddock,Week2,Shouse Village,Week3,290.0 Shouse Village - 112.0 Lake Braddock
Lakevale Estates,Week3,Hiddenbrook,Week1,305.0 Lakevale Estates - 97.0 Hiddenbrook
Lakeview,Week4,Broyhill Crest,Week5,289.0 Lakeview - 108.0 Broyhill Crest
Lakeview,Week3,Broyhill Crest,Week5,275.0 Lakeview - 127.0 Broyhill Crest
Lake Braddock,Week1,Dowden Terrace,Week4,310.0 Dowden Terrace - 92.0 Lake Braddock
Lake Braddock,Week4,Highland Park,Week2,314.0 Highland Park - 88.0 Lake Braddock
Lake Braddock,Week1,Shouse Village,Week3,297.0 Shouse Village - 105.0 Lake Braddock
Lake Braddock,Week1,Highland Park,Week5,345.0 Highland Park - 57.0 Lake Braddock
Lake Braddock,Week2,Hollin Hills,Week2,229.0 Lake Braddock - 167.0 Hollin Hills
Lakevale Estates,Week2,High Point Pool,Week3,246.0 Lakevale Estates - 156.0 High Point Pool
Lakevale Estates,Week5,Lakevale Estates,Week5,201.0 Lakevale Estates (LE1) - 201.0 Lakevale Estates (LE2)
Lake Braddock,Week5,Highlands Swim,Week4,344.0 Highlands Swim - 58.0 Lake Braddock
Lakeview,Week2,Broyhill Crest,Week4,286.0 Lakeview - 115.0 Broyhill Crest
Lake Braddock,Week3,Highland Park,Week3,288.0 Highland Park - 114.0 Lake Braddock
Lakevale Estates,Week2,Lakeview,Week2,348.0 Lakevale Estates - 54.0 Lakeview
Lakevale Estates,Week2,Hiddenbrook,Week3,300.0 Lakevale Estates - 102.0 Hiddenbrook
Lake Braddock,Week2,Dowden Terrace,Week5,318.0 Dowden Terrace - 84.0 Lake Braddock
Lake Braddock,Week5,Rutherford,Week4,232.0 Rutherford - 170.0 Lake Braddock
Lake Braddock,Week1,Highlands Swim,Week2,374.0 Highlands Swim - 28.0 Lake Braddock
Lake Braddock,Week3,Dowden Terrace,Week3,294.5 Dowden Terrace - 107.5 Lake Braddock
Lakevale Estates,Week1,Lakeview,Week2,348.0 Lakevale Estates - 54.0 Lakeview
Lakevale Estates,Week3,Hiddenbrook,Week4,306.0 Lakevale Estates - 96.0 Hiddenbrook
Lakevale Estates,Week4,Hiddenbrook,Week3,327.0 Lakevale Estates - 75.0 Hiddenbrook
Lakevale Estates,Week3,Lakeview,Week4,332.0 Lakevale Estates - 70.0 Lakeview
Lake Braddock,Week4,Dowden Terrace,Week4,308.0 Dowden Terrace - 94.0 Lake Braddock
Lakevale Estates,Week5,Lakeview,Week4,345.0 Lakevale Estates - 57.0 Lakeview
Lake Braddock,Week4,Highland Park,Week4,326.0 Highland Park - 76.0 Lake Braddock
Lakeview,Week5,Broyhill Crest,Week1,284.0 Lakeview - 106.0 Broyhill Crest
Lakeview,Week2,Broyhill Crest,Week2,298.0 Lakeview - 104.0 Broyhill Crest
Lake Braddock,Week5,Highland Park,Week1,308.0 Highland Park - 94.0 Lake Braddock
Lake Braddock,Week3,Shouse Village,Week2,279.0 Shouse Village - 122.0 Lake Braddock
Lakevale Estates,Week2,Hiddenbrook,Week5,282.0 Lakevale Estates - 120.0 Hiddenbrook
Lake Braddock,Week4,Shouse Village,Week3,290.0 Shouse Village - 112.0 Lake Braddock
Lakeview,Week5,Broyhill Crest,Week2,297.0 Lakeview - 94.0 Broyhill Crest
Lakeview,Week3,Broyhill Crest,Week3,299.0 Lakeview - 103.0 Broyhill Crest
Lake Braddock,Week3,Dowden Terrace,Week1,279.0 Dowden Terrace - 122.0 Lake Braddock
Lake Braddock,Week4,Hollin Hills,Week5,224.0 Lake Braddock - 177.0 Hollin Hills
Lakeview,Week4,Broyhill Crest,Week3,322.0 Lakeview - 80.0 Broyhill Crest
Lake Braddock,Week3,Hollin Hills,Week4,206.0 Lake Braddock - 192.0 Hollin Hills
Lakevale Estates,Week5,Lakeview,Week2,356.0 Lakevale Estates - 46.0 Lakeview
Lake Braddock,Week3,Dowden Terrace,Week2,282.0 Dowden Terrace - 120.0 Lake Braddock
Lakevale Estates,Week3,Lakeview,Week3,333.0 Lakevale Estates - 69.0 Lakeview
Lake Braddock,Week4,Shouse Village,Week5,313.0 Shouse Village - 89.0 Lake Braddock
Lake Braddock,Week4,Dowden Terrace,Week3,310.0 Dowden Terrace - 92.0 Lake Braddock
Lake Braddock,Week3,Hollin Hills,Week1,237.0 Lake Braddock - 164.0 Hollin Hills
Lakevale Estates,Week3,Hiddenbrook,Week5,298.0 Lakevale Estates - 104.0 Hiddenbrook
Lakevale Estates,Week3,Hiddenbrook,Week2,335.0 Lakevale Estates - 62.0 Hiddenbrook
Lake Braddock,Week5,Shouse Village,Week4,306.0 Shouse Village - 96.0 Lake Braddock
Lake Braddock,Week5,Shouse Village,Week2,262.0 Shouse Village - 139.0 Lake Braddock
Lake Braddock,Week3,Hollin Hills,Week3,231.0 Lake Braddock - 170.0 Hollin Hills
Lakeview,Week2,Broyhill Crest,Week5,267.0 Lakeview - 134.0 Broyhill Crest
Lake Braddock,Week2,Hollin Hills,Week5,225.0 Lake Braddock - 174.0 Hollin Hills
Lakevale Estates,Week2,Lakeview,Week5,340.0 Lakevale Estates - 53.0 Lakeview
Lake Braddock,Week2,Hollin Hills,Week4,213.0 Lake Braddock - 182.0 Hollin Hills
Lake Braddock,Week4,Dowden Terrace,Week1,297.0 Dowden Terrace - 104.0 Lake Braddock
Lake Braddock,Week5,Highland Park,Week4,310.0 Highland Park - 92.0 Lake Braddock
Lakeview,Week2,Broyhill Crest,Week1,287.0 Lakeview - 114.0 Broyhill Crest
Lake Braddock,Week3,Shouse Village,Week3,293.0 Shouse Village - 109.0 Lake Braddock
Lake Braddock,Week1,Highlands Swim,Week1,360.0 Highlands Swim - 42.0 Lake Braddock
Lake Braddock,Week5,Highland Park,Week2,292.0 Highland Park - 110.0 Lake Braddock
Lake Braddock,Week5,Shouse Village,Week3,278.0 Shouse Village - 124.0 Lake Braddock
Lakevale Estates,Week4,Hiddenbrook,Week2,335.0 Lakevale Estates - 67.0 Hiddenbrook
Lakeview,Week4,Broyhill Crest,Week1,305.5 Lakeview - 95.5 Broyhill Crest
Lakevale Estates,Week5,Hiddenbrook,Week5,300.0 Lakevale Estates - 102.0 Hiddenbrook
Lake Braddock,Week2,Sideburn Run,Week4,309.0 Sideburn Run - 93.0 Lake Braddock
Lake Braddock,Week5,Dowden Terrace,Week4,290.0 Dowden Terrace - 112.0 Lake Braddock
Lake Braddock,Week3,Dowden Terrace,Week5,318.0 Dowden Terrace - 84.0 Lake Braddock
Lake Braddock,Week5,Hollin Hills,Week2,251.0 Lake Braddock - 146.0 Hollin Hills
Lake Braddock,Week5,Dowden Terrace,Week1,288.0 Dowden Terrace - 113.0 Lake Braddock
Lakeview,Week1,Broyhill Crest,Week5,240.0 Lakeview - 162.0 Broyhill Crest
Lakevale Estates,Week4,Hiddenbrook,Week5,313.0 Lakevale Estates - 89.0 Hiddenbrook
Lake Braddock,Week1,Sideburn Run,Week2,313.0 Sideburn Run - 89.0 Lake Braddock
Lake Braddock,Week1,Highlands Swim,Week3,360.0 Highlands Swim - 42.0 Lake Braddock
Lakevale Estates,Week1,Langley,Week1,205.0 Langley - 197.0 Lakevale Estates
Lakevale Estates,Week2,Lakeview,Week4,336.0 Lakevale Estates - 66.0 Lakeview
Lakeview,Week1,Broyhill Crest,Week4,272.0 Lakeview - 130.0 Broyhill Crest
Lake Braddock,Week2,Highlands Swim,Week3,341.0 Highlands Swim - 61.0 Lake Braddock
Lake Braddock,Week2,Highlands Swim,Week1,344.0 Highlands Swim - 58.0 Lake Braddock
Lakevale Estates,Week5,Hiddenbrook,Week3,311.0 Lakevale Estates - 91.0 Hiddenbrook
Lakeview,Week1,Broyhill Crest,Week2,282.0 Lakeview - 120.0 Broyhill Crest
Lake Braddock,Week5,Sideburn Run,Week1,292.0 Sideburn Run - 110.0 Lake Braddock
Lake Braddock,Week3,Highlands Swim,Week4,346.0 Highlands Swim - 56.0 Lake Braddock
Lake Braddock,Week1,Highlands Swim,Week4,348.0 Highlands Swim - 54.0 Lake Braddock
Lakevale Estates,Week5,Hiddenbrook,Week2,336.0 Lakevale Estates - 66.0 Hiddenbrook
Lake Braddock,Week5,Shouse Village,Week5,295.0 Shouse Village - 107.0 Lake Braddock
Lake Braddock,Week5,Dowden Terrace,Week2,285.0 Dowden Terrace - 117.0 Lake Braddock
Lake Braddock,Week3,Highlands Swim,Week3,356.0 Highlands Swim - 46.0 Lake Braddock
Lake Braddock,Week3,Mantua,Week1,327.0 Mantua - 73.0 Lake Braddock
Lake Braddock,Week1,Mantua,Week2,334.0 Mantua - 62.0 Lake Braddock
Lake Braddock,Week4,Hollin Hills,Week3,242.0 Lake Braddock - 159.0 Hollin Hills
Lakevale Estates,Week4,Lakeview,Week3,350.0 Lakevale Estates - 52.0 Lakeview
Lakevale Estates,Week4,Lakeview,Week4,345.0 Lakevale Estates - 57.0 Lakeview
Lake Braddock,Week2,Mantua,Week2,320.5 Mantua - 81.5 Lake Braddock
Lakeview,Week4,Broyhill Crest,Week2,311.0 Lakeview - 90.0 Broyhill Crest
Lake Braddock,Week4,Mansion House,Week4,294.0 Mansion House - 107.0 Lake Braddock
Lake Braddock,Week4,Dowden Terrace,Week5,330.0 Dowden Terrace - 72.0 Lake Braddock
Lake Braddock,Week1,Dunn Loring,Week1,341.0 Dunn Loring - 61.0 Lake Braddock
Lakevale Estates,Week1,High Point Pool,Week1,229.0 Lakevale Estates - 173.0 High Point Pool
Lake Braddock,Week2,Highlands Swim,Week4,339.0 Highlands Swim - 63.0 Lake Braddock
Lake Braddock,Week2,Highlands Swim,Week5,355.0 Highlands Swim - 47.0 Lake Braddock
Lakevale Estates,Week1,Langley,Week2,210.0 Langley - 192.0 Lakevale Estates
Lakevale Estates,Week4,Hiddenbrook,Week4,321.0 Lakevale Estates - 81.0 Hiddenbrook
Lake Braddock,Week5,Highlands Swim,Week1,357.0 Highlands Swim - 45.0 Lake Braddock
Lake Braddock,Week5,Highlands Swim,Week3,349.0 Highlands Swim - 53.0 Lake Braddock
Lakevale Estates,Week2,Laurel Hill,Week2,331.0 Lakevale Estates - 71.0 Laurel Hill
Lake Braddock,Week3,Highlands Swim,Week1,356.0 Highlands Swim - 46.0 Lake Braddock
Lake Braddock,Week1,Hollin Hills,Week1,225.0 Lake Braddock - 176.0 Hollin Hills
Lake Braddock,Week1,Dunn Loring,Week5,370.0 Dunn Loring - 32.0 Lake Braddock
Lakevale Estates,Week4,Langley,Week5,229.0 Lakevale Estates - 173.0 Langley
Lakevale Estates,Week1,High Point Pool,Week2,212.0 Lakevale Estates - 190.0 High Point Pool
Lake Braddock,Week1,Sleepy Hollow B & R,Week4,335.0 Sleepy Hollow B & R - 67.0 Lake Braddock
Lake Braddock,Week3,Mantua,Week3,354.0 Mantua - 48.0 Lake Braddock
Lake Braddock,Week3,Mansion House,Week4,291.0 Mansion House - 110.0 Lake Braddock
Lake Braddock,Week1,Sleepy Hollow B & R,Week5,351.0 Sleepy Hollow B & R - 51.0 Lake Braddock
Lakeview,Week3,Broyhill Crest,Week2,302.0 Lakeview - 100.0 Broyhill Crest
Lake Braddock,Week5,Dowden Terrace,Week5,308.0 Dowden Terrace - 94.0 Lake Braddock
Lakeview,Week3,Broyhill Crest,Week4,290.0 Lakeview - 112.0 Broyhill Crest
Lake Braddock,Week3,Sideburn Run,Week2,291.0 Sideburn Run - 111.0 Lake Braddock
Lakeview,Week4,Broyhill Crest,Week4,305.5 Lakeview - 96.5 Broyhill Crest
Lakevale Estates,Week2,Laurel Hill,Week4,317.0 Lakevale Estates - 85.0 Laurel Hill
Lake Braddock,Week1,Dunn Loring,Week4,378.0 Dunn Loring - 24.0 Lake Braddock
Lake Braddock,Week5,Highlands Swim,Week5,364.0 Highlands Swim - 38.0 Lake Braddock
Lakevale Estates,Week2,Langley,Week5,206.0 Langley - 196.0 Lakevale Estates
Lakevale Estates,Week2,Hiddenbrook,Week4,302.0 Lakevale Estates - 100.0 Hiddenbrook
Lake Braddock,Week5,Mansion House,Week1,306.0 Mansion House - 96.0 Lake Braddock
Lake Braddock,Week4,Highlands Swim,Week1,360.0 Highlands Swim - 42.0 Lake Braddock
Lake Braddock,Week4,Sideburn Run,Week1,299.0 Sideburn Run - 103.0 Lake Braddock
Lake Braddock,Week4,Dowden Terrace,Week2,301.0 Dowden Terrace - 101.0 Lake Braddock
Lake Braddock,Week2,Sleepy Hollow B & R,Week4,327.0 Sleepy Hollow B & R - 75.0 Lake Braddock
Lakevale Estates,Week1,Laurel Hill,Week5,280.0 Lakevale Estates - 117.0 Laurel Hill
Lakevale Estates,Week2,High Point Pool,Week1,236.0 Lakevale Estates - 166.0 High Point Pool
Lake Braddock,Week4,Highlands Swim,Week4,352.0 Highlands Swim - 50.0 Lake Braddock
Lakevale Estates,Week1,High Point Pool,Week4,221.0 Lakevale Estates - 181.0 High Point Pool
Lake Braddock,Week5,Mansion House,Week5,312.0 Mansion House - 90.0 Lake Braddock
Lake Braddock,Week1,Sleepy Hollow B & R,Week2,334.0 Sleepy Hollow B & R - 68.0 Lake Braddock
Lake Braddock,Week1,Mantua,Week4,345.0 Mantua - 57.0 Lake Braddock
Lakevale Estates,Week3,Hiddenbrook,Week3,307.0 Lakevale Estates - 95.0 Hiddenbrook
Lakevale Estates,Week2,High Point Pool,Week2,220.0 Lakevale Estates - 182.0 High Point Pool
Lake Braddock,Week2,Mantua,Week1,316.0 Mantua - 85.0 Lake Braddock
Lake Braddock,Week4,Highlands Swim,Week2,365.0 Highlands Swim - 37.0 Lake Braddock
Lake Braddock,Week4,Highlands Swim,Week5,368.0 Highlands Swim - 34.0 Lake Braddock
Lake Braddock,Week5,Dowden Terrace,Week3,282.0 Dowden Terrace - 120.0 Lake Braddock
Lakevale Estates,Week3,Langley,Week3,223.0 Lakevale Estates - 179.0 Langley
Lake Braddock,Week3,Highlands Swim,Week2,362.0 Highlands Swim - 40.0 Lake Braddock
Lake Braddock,Week4,Sideburn Run,Week5,326.0 Sideburn Run - 76.0 Lake Braddock
Lake Braddock,Week5,Sideburn Run,Week2,271.0 Sideburn Run - 131.0 Lake Braddock
Lakevale Estates,Week4,Langley,Week4,214.0 Lakevale Estates - 188.0 Langley
Lakevale Estates,Week5,Hiddenbrook,Week1,318.0 Lakevale Estates - 84.0 Hiddenbrook
Lake Braddock,Week3,Sideburn Run,Week1,293.0 Sideburn Run - 109.0 Lake Braddock
Lake Braddock,Week4,Mantua,Week2,330.0 Mantua - 72.0 Lake Braddock
Lake Braddock,Week1,Dunn Loring,Week3,376.0 Dunn Loring - 26.0 Lake Braddock
Lake Braddock,Week1,Mantua,Week3,367.0 Mantua - 35.0 Lake Braddock
Lake Braddock,Week4,Mantua,Week4,337.0 Mantua - 65.0 Lake Braddock
Lake Braddock,Week2,Mantua,Week4,330.0 Mantua - 72.0 Lake Braddock
Lakevale Estates,Week2,High Point Pool,Week5,236.0 Lakevale Estates - 166.0 High Point Pool
Lakevale Estates,Week5,Langley,Week2,249.0 Lakevale Estates - 153.0 Langley
Lake Braddock,Week1,Hollin Hills,Week2,207.0 Lake Braddock - 190.0 Hollin Hills
Lake Braddock,Week1,Hollin Hills,Week4,206.0 Lake Braddock - 194.0 Hollin Hills
Lake Braddock,Week1,Dunn Loring,Week2,378.0 Dunn Loring - 24.0 Lake Braddock
Lakevale Estates,Week4,Langley,Week3,230.0 Lakevale Estates - 172.0 Langley
Lake Braddock,Week5,Sideburn Run,Week4,302.0 Sideburn Run - 100.0 Lake Braddock
Lake Braddock,Week2,Dunn Loring,Week1,323.0 Dunn Loring - 79.0 Lake Braddock
Lake Braddock,Week3,Country Club Hills,Week3,275.0 Country Club Hills - 127.0 Lake Braddock
Lake Braddock,Week5,Sideburn Run,Week3,306.0 Sideburn Run - 96.0 Lake Braddock
Lakevale Estates,Week3,Langley,Week2,221.0 Lakevale Estates - 181.0 Langley
Lake Braddock,Week4,Mansion House,Week5,313.0 Mansion House - 89.0 Lake Braddock
Lake Braddock,Week1,Hollin Hills,Week5,209.0 Lake Braddock - 188.0 Hollin Hills
Lake Braddock,Week4,Country Club Hills,Week4,272.0 Country Club Hills - 130.0 Lake Braddock
Lakevale Estates,Week5,High Point Pool,Week1,264.0 Lakevale Estates - 138.0 High Point Pool
Lake Braddock,Week3,Mansion House,Week2,303.0 Mansion House - 99.0 Lake Braddock
Lake Braddock,Week4,Mansion House,Week2,299.0 Mansion House - 103.0 Lake Braddock
Lake Braddock,Week5,Country Club Hills,Week4,252.0 Country Club Hills - 150.0 Lake Braddock
Lake Braddock,Week5,Highlands Swim,Week2,361.0 Highlands Swim - 41.0 Lake Braddock
Lakevale Estates,Week4,Langley,Week2,237.0 Lakevale Estates - 165.0 Langley
Lake Braddock,Week3,Highlands Swim,Week5,362.0 Highlands Swim - 40.0 Lake Braddock
Lake Braddock,Week1,Hollin Hills,Week3,209.0 Lake Braddock - 192.0 Hollin Hills
Lake Braddock,Week2,Mantua,Week3,346.0 Mantua - 56.0 Lake Braddock
Lakevale Estates,Week5,Langley,Week5,243.0 Lakevale Estates - 159.0 Langley
Lake Braddock,Week2,Country Club Hills,Week2,281.0 Country Club Hills - 121.0 Lake Braddock
Lake Braddock,Week5,Sleepy Hollow B & R,Week5,325.0 Sleepy Hollow B & R - 77.0 Lake Braddock
Lakevale Estates,Week3,High Point Pool,Week2,240.0 Lakevale Estates - 162.0 High Point Pool
Lake Braddock,Week4,Highlands Swim,Week3,361.0 Highlands Swim - 41.0 Lake Braddock
Lake Braddock,Week5,Sleepy Hollow B & R,Week2,313.0 Sleepy Hollow B & R - 89.0 Lake Braddock
Lake Braddock,Week2,Hollin Hills,Week1,236.0 Lake Braddock - 163.0 Hollin Hills
Lakevale Estates,Week3,Highland Park,Week4,245.0 Lakevale Estates - 157.0 Highland Park
Lakevale Estates,Week3,High Point Pool,Week1,243.0 Lakevale Estates - 159.0 High Point Pool
Lake Braddock,Week2,Sleepy Hollow B & R,Week1,315.0 Sleepy Hollow B & R - 87.0 Lake Braddock
Lake Braddock,Week5,Mansion House,Week3,318.0 Mansion House - 84.0 Lake Braddock
Lakevale Estates,Week4,High Point Pool,Week3,255.0 Lakevale Estates - 147.0 High Point Pool
Lake Braddock,Week5,Sideburn Run,Week5,307.0 Sideburn Run - 95.0 Lake Braddock
Lakevale Estates,Week5,Langley,Week4,219.0 Lakevale Estates - 183.0 Langley
Lakevale Estates,Week1,Laurel Hill,Week3,297.0 Lakevale Estates - 105.0 Laurel Hill
Lake Braddock,Week5,Country Club Hills,Week3,252.0 Country Club Hills - 150.0 Lake Braddock
Lake Braddock,Week4,Mansion House,Week3,332.5 Mansion House - 69.5 Lake Braddock
Lake Braddock,Week1,Country Club Hills,Week2,298.0 Country Club Hills - 104.0 Lake Braddock
Lake Braddock,Week1,Mantua,Week1,337.0 Mantua - 64.0 Lake Braddock
Lakevale Estates,Week4,Highland Park,Week3,287.0 Lakevale Estates - 115.0 Highland Park
Lake Braddock,Week4,Country Club Hills,Week5,311.0 Country Club Hills - 91.0 Lake Braddock
Lake Braddock,Week3,Hollin Hills,Week5,219.0 Lake Braddock - 180.0 Hollin Hills
Lakevale Estates,Week5,Highland Park,Week1,247.0 Lakevale Estates - 155.0 Highland Park
Lakevale Estates,Week5,High Point Pool,Week3,265.0 Lakevale Estates - 137.0 High Point Pool
Lakevale Estates,Week1,Laurel Hill,Week1,303.0 Lakevale Estates - 99.0 Laurel Hill
Lake Braddock,Week3,Sideburn Run,Week4,311.0 Sideburn Run - 91.0 Lake Braddock
Lake Braddock,Week3,Hollin Hills,Week2,223.0 Lake Braddock - 175.0 Hollin Hills
Lakevale Estates,Week4,Highland Park,Week1,258.0 Lakevale Estates - 144.0 Highland Park
Lake Braddock,Week3,Mansion House,Week1,316.0 Mansion House - 86.0 Lake Braddock
Lakevale Estates,Week1,Highland Park,Week5,236.0 Lakevale Estates - 166.0 Highland Park
Lake Braddock,Week3,Sleepy Hollow B & R,Week5,340.0 Sleepy Hollow B & R - 62.0 Lake Braddock
Lakevale Estates,Week2,Langley,Week3,210.0 Langley - 192.0 Lakevale Estates
Lake Braddock,Week4,Hollin Hills,Week1,247.0 Lake Braddock - 153.0 Hollin Hills
Lake Braddock,Week5,Mansion House,Week4,286.0 Mansion House - 115.0 Lake Braddock
Lakevale Estates,Week4,Langley,Week1,235.0 Lakevale Estates - 167.0 Langley
Lakevale Estates,Week3,Langley,Week4,206.0 Lakevale Estates - 196.0 Langley
Lake Braddock,Week4,Sideburn Run,Week3,312.0 Sideburn Run - 90.0 Lake Braddock
Lake Braddock,Week2,Sideburn Run,Week3,305.0 Sideburn Run - 97.0 Lake Braddock
Lake Braddock,Week2,Hollin Hills,Week3,236.0 Lake Braddock - 165.0 Hollin Hills
Lake Braddock,Week1,Country Club Hills,Week5,314.0 Country Club Hills - 88.0 Lake Braddock
Lake Braddock,Week5,Cottontail,Week4,257.0 Cottontail - 145.0 Lake Braddock
Lake Braddock,Week4,Hollin Hills,Week4,220.0 Lake Braddock - 176.0 Hollin Hills
Lake Braddock,Week3,Country Club Hills,Week1,278.0 Country Club Hills - 124.0 Lake Braddock
Lake Braddock,Week4,Sideburn Run,Week4,317.0 Sideburn Run - 85.0 Lake Braddock
Lakevale Estates,Week3,Langley,Week1,220.0 Lakevale Estates - 182.0 Langley
Lakevale Estates,Week2,Highland Park,Week5,246.0 Lakevale Estates - 156.0 Highland Park
Lake Braddock,Week5,Mansion House,Week2,295.5 Mansion House - 106.5 Lake Braddock
Lake Braddock,Week4,Hollin Hills,Week2,230.0 Lake Braddock - 167.0 Hollin Hills
Lake Braddock,Week2,Country Club Hills,Week4,273.0 Country Club Hills - 129.0 Lake Braddock
Lake Braddock,Week5,Hollin Hills,Week1,269.0 Lake Braddock - 131.0 Hollin Hills
Lake Braddock,Week3,Mansion House,Week5,321.0 Mansion House - 81.0 Lake Braddock
Lake Braddock,Week3,Country Club Hills,Week2,268.0 Country Club Hills - 134.0 Lake Braddock
Lakevale Estates,Week1,Laurel Hill,Week4,308.0 Lakevale Estates - 94.0 Laurel Hill
Lakevale Estates,Week2,Highland Park,Week3,262.0 Lakevale Estates - 140.0 Highland Park
Lakevale Estates,Week1,Highland Park,Week4,231.5 Lakevale Estates - 170.5 Highland Park
Lakevale Estates,Week5,Langley,Week1,233.0 Lakevale Estates - 169.0 Langley
Lake Braddock,Week3,Mansion House,Week3,325.0 Mansion House - 77.0 Lake Braddock
Lakevale Estates,Week2,Langley,Week4,214.0 Langley - 188.0 Lakevale Estates
Lakevale Estates,Week5,High Point Pool,Week4,255.0 Lakevale Estates - 147.0 High Point Pool
Lake Braddock,Week2,Sleepy Hollow B & R,Week5,329.0 Sleepy Hollow B & R - 73.0 Lake Braddock
Lake Braddock,Week3,Sideburn Run,Week5,323.5 Sideburn Run - 78.5 Lake Braddock
Lake Braddock,Week4,Hollin Meadows,Week1,318.0 Hollin Meadows - 84.0 Lake Braddock
Lake Braddock,Week3,Country Club Hills,Week5,295.0 Country Club Hills - 107.0 Lake Braddock
Lakevale Estates,Week2,Highland Park,Week2,254.0 Lakevale Estates - 148.0 Highland Park
Lake Braddock,Week1,Sleepy Hollow B & R,Week1,325.0 Sleepy Hollow B & R - 77.0 Lake Braddock
Lakeview,Week5,Broyhill Crest,Week4,289.0 Lakeview - 103.0 Broyhill Crest
Lakevale Estates,Week4,High Point Pool,Week4,245.5 Lakevale Estates - 156.5 High Point Pool
Lake Braddock,Week4,Mansion House,Week1,318.0 Mansion House - 84.0 Lake Braddock
Lakevale Estates,Week2,Laurel Hill,Week1,323.0 Lakevale Estates - 79.0 Laurel Hill
Lake Braddock,Week3,Mantua,Week2,325.0 Mantua - 77.0 Lake Braddock
Lake Braddock,Week4,Sideburn Run,Week2,299.0 Sideburn Run - 103.0 Lake Braddock
Lake Braddock,Week3,Country Club Hills,Week4,275.0 Country Club Hills - 127.0 Lake Braddock
Lakeview,Week5,Broyhill Crest,Week5,266.0 Lakeview - 121.0 Broyhill Crest
Lakevale Estates,Week3,Langley,Week5,212.0 Lakevale Estates - 190.0 Langley
Lake Braddock,Week2,Hollin Meadows,Week4,310.0 Hollin Meadows - 92.0 Lake Braddock
Lake Braddock,Week5,Cottontail,Week5,297.0 Cottontail - 105.0 Lake Braddock
Lakevale Estates,Week1,Laurel Hill,Week2,317.0 Lakevale Estates - 85.0 Laurel Hill
Lakevale Estates,Week5,High Point Pool,Week5,253.0 Lakevale Estates - 149.0 High Point Pool
Lake Braddock,Week2,Mantua,Week5,346.0 Mantua - 56.0 Lake Braddock
Lake Braddock,Week1,Country Club Hills,Week1,304.0 Country Club Hills - 98.0 Lake Braddock
Lake Braddock,Week2,Sideburn Run,Week5,324.0 Sideburn Run - 78.0 Lake Braddock
Lake Braddock,Week5,Hollin Hills,Week3,251.0 Lake Braddock - 150.0 Hollin Hills
Lake Braddock,Week1,Mantua,Week5,362.0 Mantua - 40.0 Lake Braddock
Lake Braddock,Week3,Sideburn Run,Week3,306.0 Sideburn Run - 96.0 Lake Braddock
Lake Braddock,Week2,Hollin Meadows,Week1,307.0 Hollin Meadows - 95.0 Lake Braddock
Lake Braddock,Week3,Mantua,Week5,345.0 Mantua - 57.0 Lake Braddock
Lakeview,Week5,Broyhill Crest,Week3,296.0 Lakeview - 97.0 Broyhill Crest
Lake Braddock,Week5,Hollin Meadows,Week1,307.5 Hollin Meadows - 94.5 Lake Braddock
Lake Braddock,Week3,Mantua,Week4,334.0 Mantua - 68.0 Lake Braddock
Lake Braddock,Week4,Mantua,Week1,330.0 Mantua - 71.0 Lake Braddock
Lakevale Estates,Week2,Highland Park,Week4,250.0 Lakevale Estates - 152.0 Highland Park
Lake Braddock,Week1,Country Club Hills,Week3,292.0 Country Club Hills - 110.0 Lake Braddock
Lake Braddock,Week1,Sleepy Hollow B & R,Week3,345.0 Sleepy Hollow B & R - 57.0 Lake Braddock
Lake Braddock,Week2,Sleepy Hollow B & R,Week2,328.0 Sleepy Hollow B & R - 74.0 Lake Braddock
Lakevale Estates,Week2,Langley,Week2,209.5 Langley - 192.5 Lakevale Estates
Lake Braddock,Week2,Sleepy Hollow B & R,Week3,328.0 Sleepy Hollow B & R - 74.0 Lake Braddock
Lakevale Estates,Week5,Langley,Week3,241.0 Lakevale Estates - 161.0 Langley
Lake Braddock,Week1,Hollin Meadows,Week4,323.0 Hollin Meadows - 79.0 Lake Braddock
Lake Braddock,Week2,Country Club Hills,Week3,274.0 Country Club Hills - 128.0 Lake Braddock
Lakevale Estates,Week3,Laurel Hill,Week3,296.0 Lakevale Estates - 106.0 Laurel Hill
Lake Braddock,Week4,Country Club Hills,Week3,274.0 Country Club Hills - 128.0 Lake Braddock
Lakevale Estates,Week2,Langley,Week1,208.0 Lakevale Estates - 194.0 Langley
Lakevale Estates,Week2,Laurel Hill,Week3,307.0 Lakevale Estates - 95.0 Laurel Hill
Lake Braddock,Week2,Country Club Hills,Week1,268.5 Country Club Hills - 133.5 Lake Braddock
Lake Braddock,Week4,Hollin Meadows,Week4,313.0 Hollin Meadows - 89.0 Lake Braddock
Lake Braddock,Week5,Mantua,Week2,310.5 Mantua - 91.5 Lake Braddock
Lake Braddock,Week4,Sleepy Hollow B & R,Week1,318.0 Sleepy Hollow B & R - 84.0 Lake Braddock
Lake Braddock,Week4,Country Club Hills,Week2,278.0 Country Club Hills - 124.0 Lake Braddock
Lakevale Estates,Week5,High Point Pool,Week2,250.0 Lakevale Estates - 152.0 High Point Pool
Lakevale Estates,Week1,Highland Park,Week3,254.0 Lakevale Estates - 143.0 Highland Park
Lake Braddock,Week3,Sleepy Hollow B & R,Week1,314.0 Sleepy Hollow B & R - 88.0 Lake Braddock
Lakevale Estates,Week1,Highland Park,Week2,245.0 Lakevale Estates - 157.0 Highland Park
Lake Braddock,Week2,Hollin Meadows,Week3,311.0 Hollin Meadows - 91.0 Lake Braddock
Lake Braddock,Week4,Mantua,Week3,356.0 Mantua - 46.0 Lake Braddock
Lake Braddock,Week5,Hollin Meadows,Week2,279.0 Hollin Meadows - 123.0 Lake Braddock
Lakevale Estates,Week2,Highland Park,Week1,249.0 Lakevale Estates - 153.0 Highland Park
Lakevale Estates,Week3,Highland Park,Week2,256.0 Lakevale Estates - 146.0 Highland Park
Lake Braddock,Week3,Sleepy Hollow B & R,Week2,322.0 Sleepy Hollow B & R - 80.0 Lake Braddock
Lakevale Estates,Week4,Laurel Hill,Week4,324.0 Lakevale Estates - 78.0 Laurel Hill
Lake Braddock,Week5,Country Club Hills,Week1,247.0 Country Club Hills - 155.0 Lake Braddock
Lake Braddock,Week3,McLean,Week5,352.0 McLean - 50.0 Lake Braddock
Lake Braddock,Week1,Country Club Hills,Week4,295.5 Country Club Hills - 106.5 Lake Braddock
Lake Braddock,Week4,Hollin Meadows,Week2,301.0 Hollin Meadows - 101.0 Lake Braddock
Lake Braddock,Week5,Hollin Meadows,Week3,300.0 Hollin Meadows - 102.0 Lake Braddock
Lake Braddock,Week4,Sleepy Hollow B & R,Week2,333.0 Sleepy Hollow B & R - 69.0 Lake Braddock
Lakevale Estates,Week2,Lee Graham,Week3,239.0 Lee Graham - 163.0 Lakevale Estates
Lake Braddock,Week5,Hollin Meadows,Week4,304.0 Hollin Meadows - 98.0 Lake Braddock
Lake Braddock,Week4,Sleepy Hollow B & R,Week3,332.0 Sleepy Hollow B & R - 70.0 Lake Braddock
Lakevale Estates,Week1,Highland Park,Week1,240.0 Lakevale Estates - 162.0 Highland Park
Lake Braddock,Week4,McLean,Week1,351.0 McLean - 51.0 Lake Braddock
Lake Braddock,Week4,Country Club Hills,Week1,276.0 Country Club Hills - 126.0 Lake Braddock
Lakevale Estates,Week4,High Point Pool,Week2,247.0 Lakevale Estates - 155.0 High Point Pool
Lake Braddock,Week1,McLean,Week3,361.0 McLean - 41.0 Lake Braddock
Lakevale Estates,Week1,Lee Graham,Week5,229.5 Lee Graham - 172.5 Lakevale Estates
Lake Braddock,Week3,McLean,Week3,344.0 McLean - 57.0 Lake Braddock
Lake Braddock,Week5,Hollin Hills,Week5,238.0 Lake Braddock - 161.0 Hollin Hills
Lake Braddock,Week1,Fairfax Station,Week2,345.0 Fairfax Station - 52.0 Lake Braddock
Lake Braddock,Week5,Country Club Hills,Week2,239.0 Country Club Hills - 163.0 Lake Braddock
Lakevale Estates,Week4,High Point Pool,Week5,256.0 Lakevale Estates - 146.0 High Point Pool
Lakevale Estates,Week1,Lee Graham,Week3,235.0 Lee Graham - 167.0 Lakevale Estates
Lake Braddock,Week4,Sleepy Hollow B & R,Week4,329.0 Sleepy Hollow B & R - 73.0 Lake Braddock
Lake Braddock,Week1,Hollin Meadows,Week1,332.0 Hollin Meadows - 70.0 Lake Braddock
Lakevale Estates,Week3,Highland Park,Week5,254.0 Lakevale Estates - 148.0 Highland Park
Lakevale Estates,Week5,Laurel Hill,Week2,329.0 Lakevale Estates - 73.0 Laurel Hill
Lake Braddock,Week4,McLean,Week5,362.0 McLean - 40.0 Lake Braddock
Lake Braddock,Week5,Hollin Meadows,Week5,310.0 Hollin Meadows - 92.0 Lake Braddock
Lake Braddock,Week5,Sleepy Hollow B & R,Week4,316.0 Sleepy Hollow B & R - 86.0 Lake Braddock
Lakevale Estates,Week4,High Point Pool,Week1,260.0 Lakevale Estates - 142.0 High Point Pool
Lake Braddock,Week4,McLean,Week4,352.0 McLean - 50.0 Lake Braddock
Lakevale Estates,Week3,Highland Park,Week1,240.0 Lakevale Estates - 162.0 Highland Park
Lake Braddock,Week2,Fairfax Station,Week4,336.0 Fairfax Station - 66.0 Lake Braddock
Lake Braddock,Week5,McLean,Week1,349.0 McLean - 53.0 Lake Braddock
Lake Braddock,Week1,Hollin Meadows,Week3,328.0 Hollin Meadows - 74.0 Lake Braddock
Lakevale Estates,Week4,Lee Graham,Week2,204.0 Lakevale Estates - 198.0 Lee Graham
Lake Braddock,Week4,McLean,Week3,358.0 McLean - 44.0 Lake Braddock
Lake Braddock,Week2,McLean,Week1,346.0 McLean - 56.0 Lake Braddock
Lake Braddock,Week1,Sleepy Hollow Rec,Week5,269.0 Sleepy Hollow Rec - 133.0 Lake Braddock
Lake Braddock,Week5,Sleepy Hollow B & R,Week1,305.0 Sleepy Hollow B & R - 97.0 Lake Braddock
Lake Braddock,Week1,McLean,Week1,369.0 McLean - 33.0 Lake Braddock
Lake Braddock,Week3,Hollin Meadows,Week5,326.0 Hollin Meadows - 76.0 Lake Braddock
Lakevale Estates,Week3,Highland Park,Week3,269.0 Lakevale Estates - 128.0 Highland Park
Lakevale Estates,Week3,Lee Graham,Week2,211.0 Lee Graham - 191.0 Lakevale Estates
Lake Braddock,Week2,Fairfax Station,Week3,345.0 Fairfax Station - 57.0 Lake Braddock
Lake Braddock,Week1,Fairfax Station,Week4,342.0 Fairfax Station - 60.0 Lake Braddock
Lake Braddock,Week2,Fairfax Station,Week2,335.0 Fairfax Station - 67.0 Lake Braddock
Lake Braddock,Week1,Holmes Run Acres,Week1,300.0 Holmes Run Acres - 102.0 Lake Braddock
Lake Braddock,Week1,Hollin Meadows,Week5,338.0 Hollin Meadows - 64.0 Lake Braddock
Lake Braddock,Week4,Sleepy Hollow B & R,Week5,337.0 Sleepy Hollow B & R - 65.0 Lake Braddock
Lake Braddock,Week2,Country Club Hills,Week5,295.0 Country Club Hills - 107.0 Lake Braddock
Lakevale Estates,Week3,Laurel Hill,Week5,290.0 Lakevale Estates - 107.0 Laurel Hill
Lake Braddock,Week3,Sleepy Hollow B & R,Week4,329.0 Sleepy Hollow B & R - 73.0 Lake Braddock
Lake Braddock,Week2,McLean,Week3,350.0 McLean - 52.0 Lake Braddock
Lakevale Estates,Week4,Laurel Hill,Week2,342.0 Lakevale Estates - 60.0 Laurel Hill
Lake Braddock,Week1,Fairfax Station,Week3,352.0 Fairfax Station - 50.0 Lake Braddock
Lake Braddock,Week3,Hollin Meadows,Week4,313.0 Hollin Meadows - 89.0 Lake Braddock
Lake Braddock,Week4,Fairfax Club Estates,Week5,245.0 Fairfax Club Estates - 156.0 Lake Braddock
Lake Braddock,Week3,Sleepy Hollow B & R,Week3,326.0 Sleepy Hollow B & R - 76.0 Lake Braddock
Lakevale Estates,Week5,Laurel Hill,Week4,322.0 Lakevale Estates - 80.0 Laurel Hill
Lake Braddock,Week1,Fairfax Station,Week5,362.0 Fairfax Station - 40.0 Lake Braddock
Lakevale Estates,Week4,Highland Park,Week2,287.0 Lakevale Estates - 115.0 Highland Park
Lakevale Estates,Week3,High Point Pool,Week4,239.0 Lakevale Estates - 163.0 High Point Pool
Lake Braddock,Week5,Sleepy Hollow B & R,Week3,320.0 Sleepy Hollow B & R - 82.0 Lake Braddock
Lakevale Estates,Week2,Lee Graham,Week5,216.0 Lee Graham - 186.0 Lakevale Estates
Lakevale Estates,Week3,High Point Pool,Week5,250.0 Lakevale Estates - 152.0 High Point Pool
Lakevale Estates,Week4,Lee Graham,Week1,205.0 Lakevale Estates - 197.0 Lee Graham
Lakevale Estates,Week3,Laurel Hill,Week4,310.0 Lakevale Estates - 92.0 Laurel Hill
Lakevale Estates,Week4,Highland Park,Week5,267.0 Lakevale Estates - 135.0 Highland Park
Lakevale Estates,Week3,Highlands Swim,Week3,245.0 Highlands Swim - 157.0 Lakevale Estates
Lakevale Estates,Week4,Highlands Swim,Week4,231.0 Highlands Swim - 171.0 Lakevale Estates
Lake Braddock,Week3,Hollin Meadows,Week1,319.0 Hollin Meadows - 83.0 Lake Braddock
Lake Braddock,Week3,Sleepy Hollow Rec,Week1,217.0 Sleepy Hollow Rec - 185.0 Lake Braddock
Lake Braddock,Week5,McLean,Week3,339.5 McLean - 62.5 Lake Braddock
Lakevale Estates,Week4,Lee Graham,Week3,211.0 Lee Graham - 191.0 Lakevale Estates
Lakevale Estates,Week4,Lee Graham,Week4,203.0 Lakevale Estates - 199.0 Lee Graham
Lake Braddock,Week2,Sleepy Hollow Rec,Week5,251.0 Sleepy Hollow Rec - 150.0 Lake Braddock
Lake Braddock,Week3,Fairfax Club Estates,Week3,221.0 Fairfax Club Estates - 180.0 Lake Braddock
Lake Braddock,Week2,Hollin Meadows,Week2,289.0 Hollin Meadows - 113.0 Lake Braddock
Lakevale Estates,Week3,Lee Graham,Week3,221.0 Lee Graham - 181.0 Lakevale Estates
Lake Braddock,Week2,Sleepy Hollow Rec,Week3,257.0 Sleepy Hollow Rec - 145.0 Lake Braddock
Lake Braddock,Week4,Fairfax Club Estates,Week2,232.0 Fairfax Club Estates - 170.0 Lake Braddock
Lakevale Estates,Week2,Highlands Swim,Week5,262.0 Highlands Swim - 140.0 Lakevale Estates
Lake Braddock,Week5,Mantua,Week4,324.0 Mantua - 78.0 Lake Braddock
Lake Braddock,Week5,Mantua,Week3,348.0 Mantua - 54.0 Lake Braddock
Lake Braddock,Week5,McLean,Week2,348.0 McLean - 54.0 Lake Braddock
Lake Braddock,Week2,Sleepy Hollow Rec,Week4,243.0 Sleepy Hollow Rec - 159.0 Lake Braddock
Lake Braddock,Week2,Hollin Meadows,Week5,318.0 Hollin Meadows - 84.0 Lake Braddock
Lake Braddock,Week5,McLean,Week4,340.0 McLean - 62.0 Lake Braddock
Lake Braddock,Week3,Sleepy Hollow Rec,Week4,234.0 Sleepy Hollow Rec - 168.0 Lake Braddock
Lakevale Estates,Week4,Highland Park,Week4,263.0 Lakevale Estates - 139.0 Highland Park
Lake Braddock,Week1,Sleepy Hollow Rec,Week2,256.0 Sleepy Hollow Rec - 146.0 Lake Braddock
Lake Braddock,Week3,Fairfax Club Estates,Week1,240.0 Fairfax Club Estates - 161.0 Lake Braddock
Lake Braddock,Week5,Fairfax Club Estates,Week2,210.0 Fairfax Club Estates - 192.0 Lake Braddock
Lakevale Estates,Week3,Laurel Hill,Week1,304.0 Lakevale Estates - 98.0 Laurel Hill
Lake Braddock,Week2,Fairfax Station,Week5,347.0 Fairfax Station - 55.0 Lake Braddock
Lake Braddock,Week3,Hollin Meadows,Week2,295.0 Hollin Meadows - 107.0 Lake Braddock
Lake Braddock,Week5,Hollin Hills,Week4,245.0 Lake Braddock - 151.0 Hollin Hills
Lake Braddock,Week1,Hollin Meadows,Week2,316.0 Hollin Meadows - 86.0 Lake Braddock
Lake Braddock,Week2,Sleepy Hollow Rec,Week1,235.0 Sleepy Hollow Rec - 167.0 Lake Braddock
Lake Braddock,Week4,Fairfax Club Estates,Week4,260.0 Fairfax Club Estates - 142.0 Lake Braddock
Lake Braddock,Week5,Mantua,Week5,348.0 Mantua - 54.0 Lake Braddock
Lakevale Estates,Week4,Highlands Swim,Week2,242.0 Highlands Swim - 160.0 Lakevale Estates
Lake Braddock,Week4,Fairfax Club Estates,Week1,242.0 Fairfax Club Estates - 160.0 Lake Braddock
Lakevale Estates,Week4,Highlands Swim,Week3,229.0 Highlands Swim - 173.0 Lakevale Estates
Lakevale Estates,Week4,Laurel Hill,Week5,303.0 Lakevale Estates - 99.0 Laurel Hill
Lake Braddock,Week3,Fairfax Club Estates,Week4,253.0 Fairfax Club Estates - 149.0 Lake Braddock
Lakevale Estates,Week3,Highlands Swim,Week1,257.0 Highlands Swim - 145.0 Lakevale Estates
Lake Braddock,Week4,Mantua,Week5,357.0 Mantua - 45.0 Lake Braddock
Lake Braddock,Week3,Sleepy Hollow Rec,Week3,246.0 Sleepy Hollow Rec - 156.0 Lake Braddock
Lakevale Estates,Week3,Laurel Hill,Week2,330.0 Lakevale Estates - 72.0 Laurel Hill
Lakevale Estates,Week4,Laurel Hill,Week3,313.0 Lakevale Estates - 89.0 Laurel Hill
Lakevale Estates,Week5,Highlands Swim,Week3,215.0 Highlands Swim - 187.0 Lakevale Estates
Lake Braddock,Week3,Hollin Meadows,Week3,307.0 Hollin Meadows - 94.0 Lake Braddock
Lake Braddock,Week4,Hollin Meadows,Week3,316.0 Hollin Meadows - 86.0 Lake Braddock
Lake Braddock,Week5,Mantua,Week1,325.0 Mantua - 76.0 Lake Braddock
Lake Braddock,Week3,Sleepy Hollow Rec,Week5,245.0 Sleepy Hollow Rec - 156.0 Lake Braddock
Lakevale Estates,Week4,Laurel Hill,Week1,323.0 Lakevale Estates - 79.0 Laurel Hill
Lake Braddock,Week2,Fairfax Club Estates,Week5,242.0 Fairfax Club Estates - 159.0 Lake Braddock
Lake Braddock,Week4,Sleepy Hollow Rec,Week1,227.0 Sleepy Hollow Rec - 175.0 Lake Braddock
Lake Braddock,Week1,McLean,Week4,364.0 McLean - 38.0 Lake Braddock
Lake Braddock,Week4,Hollin Meadows,Week5,336.0 Hollin Meadows - 66.0 Lake Braddock
Lake Braddock,Week1,McLean,Week2,370.0 McLean - 32.0 Lake Braddock
Lake Braddock,Week1,Hunt Valley,Week1,348.0 Hunt Valley - 54.0 Lake Braddock
Lakevale Estates,Week1,Highlands Swim,Week5,263.0 Highlands Swim - 139.0 Lakevale Estates
Lake Braddock,Week1,Sleepy Hollow Rec,Week1,251.0 Sleepy Hollow Rec - 151.0 Lake Braddock
Lakevale Estates,Week2,Hollin Hills,Week3,341.0 Lakevale Estates - 61.0 Hollin Hills
Lake Braddock,Week3,Holmes Run Acres,Week5,313.0 Holmes Run Acres - 89.0 Lake Braddock
Lake Braddock,Week1,Sleepy Hollow Rec,Week4,259.0 Sleepy Hollow Rec - 143.0 Lake Braddock
Lake Braddock,Week5,Holmes Run Acres,Week1,268.0 Holmes Run Acres - 134.0 Lake Braddock
Lake Braddock,Week4,Sleepy Hollow Rec,Week5,239.0 Sleepy Hollow Rec - 162.0 Lake Braddock
Lake Braddock,Week1,Hunt Valley,Week5,372.0 Hunt Valley - 30.0 Lake Braddock
Lakevale Estates,Week2,Highlands Swim,Week1,256.0 Highlands Swim - 146.0 Lakevale Estates
Lakevale Estates,Week1,Lee Graham,Week2,219.0 Lee Graham - 183.0 Lakevale Estates
Lake Braddock,Week3,Sleepy Hollow Rec,Week2,234.5 Sleepy Hollow Rec - 166.5 Lake Braddock
Lakevale Estates,Week5,Laurel Hill,Week3,315.0 Lakevale Estates - 87.0 Laurel Hill
Lake Braddock,Week5,Fairfax Club Estates,Week3,220.0 Fairfax Club Estates - 182.0 Lake Braddock
Lake Braddock,Week3,McLean,Week2,348.0 McLean - 54.0 Lake Braddock
Lakevale Estates,Week1,Lee Graham,Week4,225.0 Lee Graham - 177.0 Lakevale Estates
Lake Braddock,Week5,Fairfax Club Estates,Week1,225.0 Fairfax Club Estates - 177.0 Lake Braddock
Lake Braddock,Week4,Sleepy Hollow Rec,Week3,249.0 Sleepy Hollow Rec - 153.0 Lake Braddock
Lake Braddock,Week2,Hunt Valley,Week2,340.0 Hunt Valley - 62.0 Lake Braddock
Lake Braddock,Week2,McLean,Week4,342.0 McLean - 60.0 Lake Braddock
Lake Braddock,Week4,Sleepy Hollow Rec,Week2,234.0 Sleepy Hollow Rec - 167.0 Lake Braddock
Lake Braddock,Week2,McLean,Week2,353.0 McLean - 49.0 Lake Braddock
Lake Braddock,Week4,Holmes Run Acres,Week2,287.0 Holmes Run Acres - 115.0 Lake Braddock
Lakevale Estates,Week5,Laurel Hill,Week1,317.0 Lakevale Estates - 85.0 Laurel Hill
Lakevale Estates,Week2,Laurel Hill,Week5,291.0 Lakevale Estates - 111.0 Laurel Hill
Lakevale Estates,Week5,Laurel Hill,Week5,301.0 Lakevale Estates - 101.0 Laurel Hill
Lake Braddock,Week1,McLean,Week5,373.0 McLean - 29.0 Lake Braddock
Lake Braddock,Week3,McLean,Week1,348.0 McLean - 54.0 Lake Braddock
Lakevale Estates,Week2,Highlands Swim,Week4,244.0 Highlands Swim - 158.0 Lakevale Estates
Lake Braddock,Week4,Sleepy Hollow Rec,Week4,216.0 Sleepy Hollow Rec - 186.0 Lake Braddock
Lakevale Estates,Week1,Highlands Swim,Week1,258.0 Highlands Swim - 144.0 Lakevale Estates
Lake Braddock,Week3,Holmes Run Acres,Week1,285.0 Holmes Run Acres - 117.0 Lake Braddock
Lake Braddock,Week4,Fairfax Club Estates,Week3,237.0 Fairfax Club Estates - 165.0 Lake Braddock
Lakevale Estates,Week1,Hollin Hills,Week4,335.0 Lakevale Estates - 67.0 Hollin Hills
Lake Braddock,Week5,Fairfax Club Estates,Week5,217.0 Fairfax Club Estates - 184.0 Lake Braddock
Lake Braddock,Week2,McLean,Week5,367.0 McLean - 35.0 Lake Braddock
Lakevale Estates,Week1,Lee Graham,Week1,229.0 Lee Graham - 173.0 Lakevale Estates
Lake Braddock,Week3,Fairfax Club Estates,Week5,239.0 Fairfax Club Estates - 162.0 Lake Braddock
Lake Braddock,Week2,Fairfax Station,Week1,325.0 Fairfax Station - 77.0 Lake Braddock
Lakevale Estates,Week5,Highlands Swim,Week2,228.0 Highlands Swim - 174.0 Lakevale Estates
Lake Braddock,Week2,Hunt Valley,Week4,343.0 Hunt Valley - 59.0 Lake Braddock
Lake Braddock,Week3,McLean,Week4,346.0 McLean - 56.0 Lake Braddock
Lake Braddock,Week1,Fairfax Station,Week1,342.0 Fairfax Station - 60.0 Lake Braddock
Lake Braddock,Week3,Fairfax Club Estates,Week2,222.0 Fairfax Club Estates - 179.0 Lake Braddock
Lake Braddock,Week2,Somerset-Olde Creek,Week5,218.0 Lake Braddock - 179.0 Somerset-Olde Creek
Lakevale Estates,Week1,Highlands Swim,Week3,254.0 Highlands Swim - 148.0 Lakevale Estates
Lake Braddock,Week4,Laurel Hill,Week5,255.0 Laurel Hill - 147.0 Lake Braddock
Lakevale Estates,Week2,Lee Graham,Week1,226.0 Lee Graham - 176.0 Lakevale Estates
Lake Braddock,Week5,Laurel Hill,Week3,225.0 Laurel Hill - 177.0 Lake Braddock
Lake Braddock,Week5,Holmes Run Acres,Week5,317.0 Holmes Run Acres - 85.0 Lake Braddock
Lake Braddock,Week5,Fairfax Club Estates,Week4,239.0 Fairfax Club Estates - 163.0 Lake Braddock
Lakevale Estates,Week5,Highland Park,Week4,269.0 Lakevale Estates - 133.0 Highland Park
Lake Braddock,Week1,Holmes Run Acres,Week5,326.0 Holmes Run Acres - 76.0 Lake Braddock
Lakevale Estates,Week5,Highland Park,Week5,276.0 Lakevale Estates - 126.0 Highland Park
Lakevale Estates,Week2,Lee Graham,Week4,214.0 Lee Graham - 188.0 Lakevale Estates
Lake Braddock,Week2,Holmes Run Acres,Week1,282.0 Holmes Run Acres - 120.0 Lake Braddock
Lakevale Estates,Week3,Lee Graham,Week1,216.0 Lee Graham - 186.0 Lakevale Estates
Lake Braddock,Week1,Lee Graham,Week1,355.0 Lee Graham - 42.0 Lake Braddock
Lakevale Estates,Week2,Highlands Swim,Week3,262.0 Highlands Swim - 140.0 Lakevale Estates
Lake Braddock,Week1,Sleepy Hollow Rec,Week3,277.0 Sleepy Hollow Rec - 125.0 Lake Braddock
Lakevale Estates,Week3,Highlands Swim,Week2,247.0 Highlands Swim - 155.0 Lakevale Estates
Lake Braddock,Week2,Laurel Hill,Week5,254.0 Laurel Hill - 148.0 Lake Braddock
Lakevale Estates,Week2,Lee Graham,Week2,223.0 Lee Graham - 179.0 Lakevale Estates
Lakevale Estates,Week5,Highland Park,Week2,280.0 Lakevale Estates - 122.0 Highland Park
Lake Braddock,Week5,Sleepy Hollow Rec,Week3,239.0 Sleepy Hollow Rec - 163.0 Lake Braddock
Lake Braddock,Week3,Laurel Hill,Week3,234.0 Laurel Hill - 167.0 Lake Braddock
Lake Braddock,Week4,McLean,Week2,354.0 McLean - 48.0 Lake Braddock
Lake Braddock,Week2,Sleepy Hollow Rec,Week2,236.0 Sleepy Hollow Rec - 165.0 Lake Braddock
Lake Braddock,Week5,Sleepy Hollow Rec,Week1,219.0 Sleepy Hollow Rec - 183.0 Lake Braddock
Lake Braddock,Week2,Somerset-Olde Creek,Week1,247.0 Lake Braddock - 149.0 Somerset-Olde Creek
Lakevale Estates,Week3,Lee Graham,Week4,220.0 Lee Graham - 182.0 Lakevale Estates
Lake Braddock,Week1,Holmes Run Acres,Week3,327.0 Holmes Run Acres - 75.0 Lake Braddock
Lake Braddock,Week3,Holmes Run Acres,Week2,285.0 Holmes Run Acres - 117.0 Lake Braddock
Lake Braddock,Week2,Holmes Run Acres,Week4,286.0 Holmes Run Acres - 116.0 Lake Braddock
Lakevale Estates,Week3,Lee Graham,Week5,214.0 Lee Graham - 188.0 Lakevale Estates
Lake Braddock,Week3,Lee Graham,Week4,348.0 Lee Graham - 54.0 Lake Braddock
Lake Braddock,Week1,Somerset-Olde Creek,Week3,241.0 Lake Braddock - 160.0 Somerset-Olde Creek
Lakevale Estates,Week1,Lincolnia Park,Week5,316.5 Lakevale Estates - 76.5 Lincolnia Park
Lakevale Estates,Week3,Highlands Swim,Week4,245.0 Highlands Swim - 157.0 Lakevale Estates
Lake Braddock,Week1,Holmes Run Acres,Week2,292.0 Holmes Run Acres - 110.0 Lake Braddock
Lakevale Estates,Week5,Lincolnia Park,Week1,358.0 Lakevale Estates - 44.0 Lincolnia Park
Lake Braddock,Week2,Holmes Run Acres,Week2,285.0 Holmes Run Acres - 117.0 Lake Braddock
Lakevale Estates,Week5,Highland Park,Week3,274.0 Lakevale Estates - 128.0 Highland Park
Lake Braddock,Week2,Lee Graham,Week3,354.0 Lee Graham - 48.0 Lake Braddock
Lakevale Estates,Week1,Highlands Swim,Week4,247.0 Highlands Swim - 155.0 Lakevale Estates
Lake Braddock,Week5,Somerset-Olde Creek,Week1,266.0 Lake Braddock - 131.0 Somerset-Olde Creek
Lake Braddock,Week5,Somerset-Olde Creek,Week2,282.0 Lake Braddock - 118.0 Somerset-Olde Creek
Lake Braddock,Week1,South Run,Week3,290.0 South Run - 112.0 Lake Braddock
Lakevale Estates,Week2,Lincolnia Park,Week4,350.0 Lakevale Estates - 52.0 Lincolnia Park
Lake Braddock,Week3,Lee Graham,Week2,352.0 Lee Graham - 50.0 Lake Braddock
Lakevale Estates,Week3,Highlands Swim,Week5,247.0 Highlands Swim - 155.0 Lakevale Estates
Lakevale Estates,Week4,Lincolnia Park,Week2,351.0 Lakevale Estates - 42.0 Lincolnia Park
Lake Braddock,Week2,Holmes Run Acres,Week5,314.0 Holmes Run Acres - 88.0 Lake Braddock
Langley,Week4,Laurel Hill,Week4,306.0 Langley - 96.0 Laurel Hill
Langley,Week5,Pleasant Valley,Week3,319.0 Langley - 83.0 Pleasant Valley
Lakeview,Week5,Pinecrest,Week5,343.0 Pinecrest - 50.0 Lakeview
Langley,Week5,Truro,Week4,300.0 Langley - 102.0 Truro
Langley,Week4,Truro,Week2,320.0 Langley - 82.0 Truro
Lakeview,Week3,Pinecrest,Week2,332.0 Pinecrest - 70.0 Lakeview
Langley,Week2,Springfield,Week2,369.0 Langley - 29.0 Springfield
Langley,Week1,Poplar Heights,Week1,256.0 Langley - 146.0 Poplar Heights
Langley,Week5,Pleasant Valley,Week1,328.0 Langley - 74.0 Pleasant Valley
Langley,Week4,Truro,Week5,319.0 Langley - 83.0 Truro
Lakeview,Week1,Lake Braddock,Week3,211.5 Lake Braddock - 190.5 Lakeview
Lakeview,Week1,Villa Aquatic,Week1,290.0 Villa Aquatic - 112.0 Lakeview
Lakeview,Week5,Vienna Woods,Week5,372.0 Vienna Woods - 21.0 Lakeview
Lakeview,Week5,South Run,Week4,245.0 South Run - 148.0 Lakeview
Lakeview,Week4,Fox Mill Estates,Week3,253.0 Fox Mill Estates - 149.0 Lakeview
Lakeview,Week3,Vienna Woods,Week4,350.0 Vienna Woods - 52.0 Lakeview
Langley,Week4,Springfield,Week1,383.0 Langley - 17.0 Springfield
Lakeview,Week3,Villa Aquatic,Week1,270.0 Villa Aquatic - 132.0 Lakeview
Langley,Week5,Truro,Week1,303.0 Langley - 99.0 Truro
Lakeview,Week3,Pinecrest,Week5,344.0 Pinecrest - 58.0 Lakeview
Lakeview,Week3,Kings Ridge ,Week1,216.0 Kings Ridge - 186.0 Lakeview
Lakeview,Week4,Fox Mill Estates,Week5,244.0 Fox Mill Estates - 158.0 Lakeview
Lakeview,Week4,Kings Ridge ,Week3,212.0 Lakeview - 190.0 Kings Ridge
Lakeview,Week3,South Run,Week4,255.0 South Run - 147.0 Lakeview
Lakeview,Week5,Fox Mill Estates,Week1,240.0 Fox Mill Estates - 153.0 Lakeview
Langley,Week1,Vienna Aquatic,Week2,219.0 Vienna Aquatic - 183.0 Langley
Lakeview,Week2,Pinecrest,Week5,357.0 Pinecrest - 45.0 Lakeview
Lakeview,Week1,Lake Braddock,Week2,226.0 Lake Braddock - 176.0 Lakeview
Lakeview,Week2,Pinewood Lake,Week2,311.0 Lakeview - 84.0 Pinewood Lake
Lakeview,Week5,Kings Ridge ,Week3,206.0 Lakeview - 187.0 Kings Ridge
Langley,Week4,Truro,Week3,315.5 Langley - 86.5 Truro
Langley,Week5,Poplar Heights,Week3,231.5 Langley - 170.5 Poplar Heights
Lakeview,Week4,South Run,Week3,258.0 South Run - 144.0 Lakeview
Langley,Week4,Pleasant Valley,Week5,328.0 Langley - 73.0 Pleasant Valley
Langley,Week5,Laurel Hill,Week3,309.0 Langley - 92.0 Laurel Hill
Langley,Week2,Poplar Heights,Week4,227.0 Langley - 175.0 Poplar Heights
Lakeview,Week2,South Run,Week2,264.0 South Run - 138.0 Lakeview
Lakeview,Week4,Vienna Woods,Week3,365.0 Vienna Woods - 37.0 Lakeview
Lakeview,Week1,South Run,Week4,277.0 South Run - 125.0 Lakeview
Lakeview,Week5,Pinecrest,Week1,327.0 Pinecrest - 66.0 Lakeview
Langley,Week4,Springfield,Week4,375.0 Langley - 25.0 Springfield
Lakeview,Week1,Fox Mill Woods,Week1,332.0 Fox Mill Woods - 70.0 Lakeview
Lakeview,Week5,Vienna Woods,Week4,354.0 Vienna Woods - 39.0 Lakeview
Langley,Week2,Laurel Hill,Week3,311.0 Langley - 90.0 Laurel Hill
Langley,Week2,Lee Graham,Week3,240.0 Lee Graham - 162.0 Langley
Lakeview,Week3,Fox Mill Estates,Week5,264.0 Fox Mill Estates - 138.0 Lakeview
Lakeview,Week5,Fox Mill Estates,Week3,269.0 Fox Mill Estates - 124.0 Lakeview
Langley,Week1,Stratford,Week4,301.0 Langley - 101.0 Stratford
Lakeview,Week2,Kings Ridge ,Week3,222.0 Kings Ridge - 179.0 Lakeview
Langley,Week2,Laurel Hill,Week4,303.0 Langley - 99.0 Laurel Hill
Lakeview,Week3,Pinecrest,Week3,352.0 Pinecrest - 50.0 Lakeview
Langley,Week5,Tuckahoe,Week3,295.0 Tuckahoe - 107.0 Langley
Langley,Week2,Stratford,Week1,305.0 Langley - 96.0 Stratford
Lakeview,Week2,Fox Mill Estates,Week3,289.0 Fox Mill Estates - 113.0 Lakeview
Lakeview,Week2,Fox Mill Estates,Week5,290.0 Fox Mill Estates - 112.0 Lakeview
Langley,Week3,Springfield,Week1,379.0 Langley - 21.0 Springfield
Lakeview,Week3,South Run,Week5,285.0 South Run - 117.0 Lakeview
Langley,Week5,Poplar Heights,Week1,239.0 Langley - 163.0 Poplar Heights
Lakeview,Week4,Fox Mill Estates,Week1,237.0 Fox Mill Estates - 165.0 Lakeview
Lakeview,Week3,Villa Aquatic,Week4,288.0 Villa Aquatic - 114.0 Lakeview
Lakeview,Week1,South Run,Week3,286.0 South Run - 116.0 Lakeview
Langley,Week2,Laurel Hill,Week2,322.0 Langley - 79.0 Laurel Hill
Lakeview,Week1,Lake Braddock,Week1,205.0 Lakeview - 197.0 Lake Braddock
Lakeview,Week5,Kings Ridge ,Week5,220.0 Kings Ridge - 173.0 Lakeview
Langley,Week2,Tuckahoe,Week1,284.0 Tuckahoe - 118.0 Langley
Langley,Week1,Vienna Aquatic,Week4,209.0 Vienna Aquatic - 193.0 Langley
Langley,Week5,Laurel Hill,Week2,324.5 Langley - 76.5 Laurel Hill
Langley,Week4,Laurel Hill,Week5,293.5 Langley - 108.5 Laurel Hill
Langley,Week5,Springfield,Week1,369.0 Langley - 27.0 Springfield
Langley,Week4,Springfield,Week5,381.0 Langley - 20.0 Springfield
Langley,Week4,Poplar Heights,Week3,248.0 Langley - 154.0 Poplar Heights
Lakeview,Week2,Pinewood Lake,Week1,330.0 Lakeview - 65.0 Pinewood Lake
Lakeview,Week2,Pinewood Lake,Week3,326.0 Lakeview - 69.0 Pinewood Lake
Lakeview,Week3,South Run,Week1,266.0 South Run - 127.0 Lakeview
Langley,Week3,Lee Graham,Week1,220.0 Lee Graham - 182.0 Langley
Langley,Week5,Springfield,Week3,368.0 Langley - 29.0 Springfield
Langley,Week5,Pleasant Valley,Week2,333.0 Langley - 69.0 Pleasant Valley
Lakeview,Week5,Fox Mill Estates,Week4,279.0 Fox Mill Estates - 114.0 Lakeview
Langley,Week5,Truro,Week5,293.0 Langley - 109.0 Truro
Lakeview,Week4,Vienna Woods,Week4,347.0 Vienna Woods - 55.0 Lakeview
Lakeview,Week1,South Run,Week5,309.0 South Run - 93.0 Lakeview
Langley,Week2,Poplar Heights,Week1,250.0 Langley - 152.0 Poplar Heights
Langley,Week4,Springfield,Week3,377.0 Langley - 22.0 Springfield
Lakeview,Week4,South Run,Week2,237.0 South Run - 165.0 Lakeview
Lakeview,Week2,Kings Ridge ,Week5,247.0 Kings Ridge - 155.0 Lakeview
Lakeview,Week4,Pinecrest,Week3,347.0 Pinecrest - 55.0 Lakeview
Langley,Week2,Laurel Hill,Week5,279.0 Langley - 123.0 Laurel Hill
Lakeview,Week1,Villa Aquatic,Week3,324.0 Villa Aquatic - 78.0 Lakeview
Lakeview,Week3,Kings Ridge ,Week2,203.0 Kings Ridge - 199.0 Lakeview
Lakeview,Week2,Villa Aquatic,Week5,312.0 Villa Aquatic - 90.0 Lakeview
Langley,Week2,Vienna Aquatic,Week1,233.0 Vienna Aquatic - 169.0 Langley
Lakeview,Week5,Fox Mill Estates,Week2,263.0 Fox Mill Estates - 130.0 Lakeview
Langley,Week5,Poplar Heights,Week4,237.5 Langley - 164.5 Poplar Heights
Lakeview,Week5,Vienna Woods,Week3,361.0 Vienna Woods - 32.0 Lakeview
Langley,Week3,Laurel Hill,Week2,328.0 Langley - 74.0 Laurel Hill
Lakeview,Week5,Pinecrest,Week3,351.0 Pinecrest - 42.0 Lakeview
Langley,Week2,Tuckahoe,Week5,285.0 Tuckahoe - 117.0 Langley
Lakeview,Week1,South Run,Week1,276.0 South Run - 117.0 Lakeview
Langley,Week2,Poplar Heights,Week2,237.0 Langley - 165.0 Poplar Heights
Langley,Week5,Springfield,Week4,362.0 Langley - 31.0 Springfield
Lakeview,Week1,Fox Mill Woods,Week4,349.0 Fox Mill Woods - 53.0 Lakeview
Langley,Week1,Tuckahoe,Week1,255.0 Tuckahoe - 147.0 Langley
Langley,Week1,Laurel Hill,Week3,316.0 Langley - 86.0 Laurel Hill
Langley,Week5,Laurel Hill,Week4,299.0 Langley - 102.0 Laurel Hill
Langley,Week1,Poplar Heights,Week3,235.0 Langley - 167.0 Poplar Heights
Lakeview,Week3,Pinewood Lake,Week1,334.0 Lakeview - 65.0 Pinewood Lake
Lakeview,Week5,Somerset-Olde Creek,Week2,258.0 Lakeview - 134.0 Somerset-Olde Creek
Langley,Week3,Stratford,Week1,321.0 Langley - 81.0 Stratford
Lakeview,Week3,Villa Aquatic,Week5,290.0 Villa Aquatic - 112.0 Lakeview
Lakeview,Week1,South Run,Week2,265.0 South Run - 132.0 Lakeview
Lakeview,Week2,Fox Mill Woods,Week1,346.0 Fox Mill Woods - 56.0 Lakeview
Langley,Week1,Tuckahoe,Week4,286.0 Tuckahoe - 116.0 Langley
Lakeview,Week3,Villa Aquatic,Week2,271.0 Villa Aquatic - 131.0 Lakeview
Lakeview,Week3,Pinewood Lake,Week3,335.0 Lakeview - 64.0 Pinewood Lake
Langley,Week2,Springfield,Week1,375.0 Langley - 21.0 Springfield
Langley,Week3,Springfield,Week2,363.0 Langley - 38.0 Springfield
Langley,Week1,Springfield,Week4,370.0 Langley - 30.0 Springfield
Lakeview,Week3,Vienna Woods,Week5,369.0 Vienna Woods - 33.0 Lakeview
Lakeview,Week2,Fox Mill Woods,Week3,336.0 Fox Mill Woods - 66.0 Lakeview
Lakeview,Week3,Pinewood Lake,Week4,330.0 Lakeview - 66.0 Pinewood Lake
Lakeview,Week4,Pinewood Lake,Week5,324.0 Lakeview - 74.0 Pinewood Lake
Langley,Week5,Laurel Hill,Week1,319.0 Langley - 82.0 Laurel Hill
Langley,Week3,Poplar Heights,Week1,247.0 Langley - 155.0 Poplar Heights
Lakeview,Week1,Villa Aquatic,Week5,319.0 Villa Aquatic - 83.0 Lakeview
Langley,Week2,Stratford,Week3,286.0 Langley - 116.0 Stratford
Langley,Week3,Poplar Heights,Week4,236.0 Langley - 166.0 Poplar Heights
Lakeview,Week4,South Run,Week5,265.0 South Run - 137.0 Lakeview
Langley,Week2,Tuckahoe,Week4,295.5 Tuckahoe - 106.5 Langley
Lakeview,Week4,Pinewood Lake,Week1,345.0 Lakeview - 55.0 Pinewood Lake
Langley,Week1,Poplar Heights,Week4,243.0 Langley - 159.0 Poplar Heights
Langley,Week2,Springfield,Week4,371.0 Langley - 27.0 Springfield
Langley,Week5,Laurel Hill,Week5,284.0 Langley - 117.0 Laurel Hill
Langley,Week3,Tuckahoe,Week3,308.0 Tuckahoe - 94.0 Langley
Lakeview,Week5,Somerset-Olde Creek,Week3,262.0 Lakeview - 125.0 Somerset-Olde Creek
Langley,Week3,Poplar Heights,Week3,238.0 Langley - 164.0 Poplar Heights
Lakeview,Week2,Fox Mill Woods,Week4,365.0 Fox Mill Woods - 37.0 Lakeview
Lakeview,Week4,South Run,Week4,241.0 South Run - 161.0 Lakeview
Lakeview,Week4,South Run,Week1,252.0 South Run - 141.0 Lakeview
Lakeview,Week3,Fox Mill Woods,Week1,327.0 Fox Mill Woods - 75.0 Lakeview
Langley,Week3,Laurel Hill,Week4,312.0 Langley - 90.0 Laurel Hill
Lakeview,Week3,Fox Mill Woods,Week3,316.0 Fox Mill Woods - 86.0 Lakeview
Lakeview,Week4,Villa Aquatic,Week1,237.0 Villa Aquatic - 165.0 Lakeview
Langley,Week3,Tuckahoe,Week1,261.0 Tuckahoe - 141.0 Langley
Lakeview,Week5,Kings Ridge ,Week2,208.0 Lakeview - 185.0 Kings Ridge
Lakeview,Week3,Fox Mill Woods,Week5,318.0 Fox Mill Woods - 84.0 Lakeview
Lakeview,Week5,Pleasant Valley,Week3,219.0 Lakeview - 174.0 Pleasant Valley
Langley,Week3,Poplar Heights,Week5,226.0 Langley - 176.0 Poplar Heights
Langley,Week2,Poplar Heights,Week3,218.0 Langley - 184.0 Poplar Heights
Lakeview,Week4,Villa Aquatic,Week2,242.0 Villa Aquatic - 160.0 Lakeview
Lakeview,Week5,Fox Mill Woods,Week2,311.0 Fox Mill Woods - 82.0 Lakeview
Langley,Week3,Tuckahoe,Week5,287.5 Tuckahoe - 114.5 Langley
Lakeview,Week1,Villa Aquatic,Week2,285.0 Villa Aquatic - 117.0 Lakeview
Langley,Week1,Lee Graham,Week3,221.0 Lee Graham - 181.0 Langley
Langley,Week1,Lee Graham,Week1,213.0 Lee Graham - 189.0 Langley
Langley,Week1,Laurel Hill,Week4,315.0 Langley - 87.0 Laurel Hill
Langley,Week4,Tuckahoe,Week3,304.0 Tuckahoe - 98.0 Langley
Lakeview,Week4,Pleasant Valley,Week5,242.0 Lakeview - 155.0 Pleasant Valley
Lakeview,Week4,Fox Mill Woods,Week3,305.0 Fox Mill Woods - 97.0 Lakeview
Langley,Week2,Poplar Heights,Week5,219.0 Langley - 183.0 Poplar Heights
Lakeview,Week4,Fox Mill Woods,Week5,312.0 Fox Mill Woods - 90.0 Lakeview
Langley,Week4,Springfield,Week2,376.0 Langley - 22.0 Springfield
Lakeview,Week1,Pleasant Valley,Week3,224.0 Pleasant Valley - 177.0 Lakeview
Lakeview,Week4,Vienna Woods,Week1,356.0 Vienna Woods - 46.0 Lakeview
Langley,Week2,Springfield,Week3,366.0 Langley - 31.0 Springfield
Lakeview,Week2,Villa Aquatic,Week3,322.0 Villa Aquatic - 80.0 Lakeview
Langley,Week1,Poplar Heights,Week5,238.0 Langley - 164.0 Poplar Heights
Lakeview,Week4,Vienna Woods,Week5,369.0 Vienna Woods - 33.0 Lakeview
Langley,Week1,Springfield,Week5,382.0 Langley - 17.0 Springfield
Langley,Week1,Lee Graham,Week4,206.0 Langley - 196.0 Lee Graham
Langley,Week4,Tuckahoe,Week4,304.0 Tuckahoe - 98.0 Langley
Lakeview,Week2,Villa Aquatic,Week1,290.0 Villa Aquatic - 112.0 Lakeview
Lakeview,Week2,Pleasant Valley,Week4,236.0 Lakeview - 165.0 Pleasant Valley
Lakeview,Week5,Fox Mill Woods,Week1,307.0 Fox Mill Woods - 86.0 Lakeview
Lakeview,Week1,Pleasant Valley,Week1,203.5 Lakeview - 197.5 Pleasant Valley
Langley,Week5,Pleasant Valley,Week5,322.0 Langley - 78.0 Pleasant Valley
Langley,Week1,Lee Graham,Week2,215.0 Lee Graham - 187.0 Langley
Langley,Week2,Stratford,Week5,291.0 Langley - 111.0 Stratford
Lakeview,Week5,South Run,Week1,257.0 South Run - 127.0 Lakeview
Lakeview,Week2,South Run,Week4,275.0 South Run - 127.0 Lakeview
Langley,Week1,Stratford,Week5,313.0 Langley - 89.0 Stratford
Langley,Week5,Tuckahoe,Week1,265.0 Tuckahoe - 137.0 Langley
Langley,Week5,Pleasant Valley,Week4,336.0 Langley - 66.0 Pleasant Valley
Langley,Week4,Poplar Heights,Week1,261.0 Langley - 141.0 Poplar Heights
Langley,Week3,Laurel Hill,Week5,291.0 Langley - 111.0 Laurel Hill
Langley,Week4,Tuckahoe,Week5,279.0 Tuckahoe - 123.0 Langley
Lakeview,Week4,Pinewood Lake,Week3,343.0 Lakeview - 56.0 Pinewood Lake
Langley,Week2,Stratford,Week4,276.0 Langley - 126.0 Stratford
Langley,Week2,Springfield,Week5,376.0 Langley - 20.0 Springfield
Langley,Week4,Tuckahoe,Week1,263.0 Tuckahoe - 139.0 Langley
Lakeview,Week4,Somerset-Olde Creek,Week4,258.0 Lakeview - 144.0 Somerset-Olde Creek
Langley,Week3,Laurel Hill,Week1,321.0 Langley - 80.0 Laurel Hill
Lakeview,Week4,Fox Mill Woods,Week1,319.0 Fox Mill Woods - 83.0 Lakeview
Lakeview,Week4,Springboard,Week3,202.0 Springboard - 200.0 Lakeview
Lakeview,Week5,Somerset-Olde Creek,Week4,237.0 Lakeview - 155.0 Somerset-Olde Creek
Lakeview,Week2,Villa Aquatic,Week4,308.0 Villa Aquatic - 94.0 Lakeview
Lakeview,Week5,Pleasant Valley,Week2,238.0 Lakeview - 154.0 Pleasant Valley
Langley,Week4,Tuckahoe,Week2,277.5 Tuckahoe - 124.5 Langley
Lakeview,Week1,Pleasant Valley,Week4,223.0 Lakeview - 176.0 Pleasant Valley
Lakeview,Week5,Fox Mill Woods,Week3,299.0 Fox Mill Woods - 94.0 Lakeview
Lakeview,Week4,Somerset-Olde Creek,Week5,244.0 Lakeview - 158.0 Somerset-Olde Creek
Langley,Week3,Laurel Hill,Week3,320.0 Langley - 82.0 Laurel Hill
Langley,Week5,Tuckahoe,Week2,281.0 Tuckahoe - 121.0 Langley
Langley,Week3,Poplar Heights,Week2,242.0 Langley - 160.0 Poplar Heights
Lakeview,Week4,Villa Aquatic,Week3,292.0 Villa Aquatic - 110.0 Lakeview
Lakeview,Week2,South Run,Week5,303.0 South Run - 99.0 Lakeview
Lakeview,Week3,South Run,Week2,252.0 South Run - 150.0 Lakeview
Langley,Week1,Vienna Aquatic,Week1,213.0 Vienna Aquatic - 189.0 Langley
Langley,Week3,Springfield,Week3,374.0 Langley - 26.0 Springfield
Lakeview,Week4,Fox Mill Woods,Week4,335.5 Fox Mill Woods - 66.5 Lakeview
Langley,Week4,Poplar Heights,Week2,239.0 Langley - 163.0 Poplar Heights
Langley,Week3,Springfield,Week4,364.5 Langley - 36.5 Springfield
Langley,Week2,Lee Graham,Week1,228.0 Lee Graham - 174.0 Langley
Langley,Week3,Springfield,Week5,379.0 Langley - 21.0 Springfield
Lakeview,Week3,Pleasant Valley,Week1,233.0 Lakeview - 168.0 Pleasant Valley
Lakeview,Week4,Villa Aquatic,Week4,276.5 Villa Aquatic - 125.5 Lakeview
Lakeview,Week2,South Run,Week1,281.0 South Run - 112.0 Lakeview
Langley,Week5,Tuckahoe,Week4,290.0 Tuckahoe - 112.0 Langley
Lakeview,Week5,Fox Mill Woods,Week4,331.0 Fox Mill Woods - 62.0 Lakeview
Langley,Week4,Laurel Hill,Week3,315.0 Langley - 86.0 Laurel Hill
Lakeview,Week4,Pleasant Valley,Week3,230.0 Lakeview - 172.0 Pleasant Valley
Lakeview,Week5,Pinewood Lake,Week2,317.0 Lakeview - 66.0 Pinewood Lake
Lakeview,Week3,South Run,Week3,265.0 South Run - 137.0 Lakeview
Lakeview,Week4,Village West,Week1,209.0 Village West - 193.0 Lakeview
Langley,Week1,Poplar Heights,Week2,243.0 Langley - 159.0 Poplar Heights
Langley,Week1,Lee Graham,Week5,220.0 Lee Graham - 182.0 Langley
Langley,Week2,Vienna Aquatic,Week2,229.0 Vienna Aquatic - 173.0 Langley
Langley,Week4,Poplar Heights,Week4,248.0 Langley - 154.0 Poplar Heights
Lakeview,Week5,South Run,Week3,255.0 South Run - 138.0 Lakeview
Lakeview,Week5,South Run,Week2,243.0 South Run - 150.0 Lakeview
Langley,Week1,Vienna Aquatic,Week3,233.0 Vienna Aquatic - 169.0 Langley
Lakeview,Week5,Village West,Week2,216.0 Village West - 177.0 Lakeview
Langley,Week1,Vienna Aquatic,Week5,253.0 Vienna Aquatic - 149.0 Langley
Lakeview,Week3,Village West,Week5,228.0 Village West - 173.0 Lakeview
Lakeview,Week1,Pleasant Valley,Week2,209.0 Pleasant Valley - 191.0 Lakeview
Langley,Week5,Poplar Heights,Week2,225.0 Langley - 177.0 Poplar Heights
Lakeview,Week4,Pleasant Valley,Week1,239.0 Lakeview - 163.0 Pleasant Valley
Langley,Week2,Lee Graham,Week4,215.0 Lee Graham - 187.0 Langley
Lakeview,Week1,Springboard,Week4,233.0 Springboard - 169.0 Lakeview
Langley,Week2,Lee Graham,Week2,225.0 Lee Graham - 177.0 Langley
Langley,Week1,Stratford,Week2,306.0 Langley - 96.0 Stratford
Langley,Week5,Springfield,Week5,371.0 Langley - 18.0 Springfield
Lakeview,Week1,Springboard,Week1,239.0 Springboard - 162.0 Lakeview
Langley,Week4,Poplar Heights,Week5,228.0 Langley - 174.0 Poplar Heights
Lakeview,Week4,Village West,Week5,207.5 Village West - 193.5 Lakeview
Lakeview,Week5,Villa Aquatic,Week5,270.0 Villa Aquatic - 123.0 Lakeview
Langley,Week5,Springfield,Week2,364.0 Langley - 34.0 Springfield
Langley,Week1,Poplar Tree,Week5,217.0 Langley - 185.0 Poplar Tree
Langley,Week2,Lee Graham,Week5,221.0 Lee Graham - 181.0 Langley
Langley,Week2,Poplar Tree,Week2,230.0 Langley - 172.0 Poplar Tree
Lakeview,Week1,Springboard,Week2,215.0 Springboard - 186.0 Lakeview
Langley,Week2,Lincolnia Park,Week5,311.0 Langley - 82.0 Lincolnia Park
Lakeview,Week3,Pleasant Valley,Week3,215.0 Lakeview - 187.0 Pleasant Valley
Langley,Week4,Vienna Aquatic,Week2,206.0 Langley - 196.0 Vienna Aquatic
Lakeview,Week1,Village West,Week5,250.0 Village West - 151.0 Lakeview
Langley,Week1,Stratford,Week3,302.0 Langley - 100.0 Stratford
Langley,Week3,Lee Graham,Week4,214.0 Lee Graham - 188.0 Langley
Langley,Week4,Vienna Aquatic,Week5,246.0 Vienna Aquatic - 156.0 Langley
Lakeview,Week2,Springboard,Week4,235.0 Springboard - 167.0 Lakeview
Langley,Week1,Stratford,Week1,313.0 Langley - 88.0 Stratford
Lakeview,Week3,Pleasant Valley,Week5,240.0 Lakeview - 158.0 Pleasant Valley
Langley,Week3,Poplar Tree,Week3,227.0 Langley - 175.0 Poplar Tree
Langley,Week2,Stratford,Week2,296.0 Langley - 106.0 Stratford
Lakeview,Week2,Village West,Week1,244.0 Village West - 158.0 Lakeview
Langley,Week3,Lee Graham,Week2,222.0 Lee Graham - 180.0 Langley
Lakeview,Week2,Pleasant Valley,Week2,217.0 Lakeview - 183.0 Pleasant Valley
Langley,Week4,Vienna Aquatic,Week4,202.5 Vienna Aquatic - 199.5 Langley
Lakeview,Week3,Pleasant Valley,Week4,246.0 Lakeview - 154.0 Pleasant Valley
Lakeview,Week1,Virginia Hills,Week2,250.0 Lakeview - 151.0 Virginia Hills
Langley,Week4,Poplar Tree,Week3,233.0 Langley - 169.0 Poplar Tree
Lakeview,Week5,Villa Aquatic,Week3,288.0 Villa Aquatic - 105.0 Lakeview
Lakeview,Week3,Springboard,Week1,206.0 Springboard - 195.0 Lakeview
Lakeview,Week1,Pleasant Valley,Week5,208.0 Lakeview - 190.0 Pleasant Valley
Langley,Week3,Stratford,Week3,299.0 Langley - 103.0 Stratford
Langley,Week1,Ravensworth Farm,Week1,246.0 Langley - 156.0 Ravensworth Farm
Lakeview,Week3,Pleasant Valley,Week2,242.0 Lakeview - 158.0 Pleasant Valley
Lakeview,Week2,Village West,Week5,247.0 Village West - 154.0 Lakeview
Lakeview,Week5,Villa Aquatic,Week2,261.0 Villa Aquatic - 132.0 Lakeview
Langley,Week5,Poplar Tree,Week1,214.0 Langley - 188.0 Poplar Tree
Langley,Week3,Stratford,Week4,292.0 Langley - 110.0 Stratford
Langley,Week3,Vienna Aquatic,Week5,265.0 Vienna Aquatic - 137.0 Langley
Lakeview,Week2,Springboard,Week5,247.0 Springboard - 154.0 Lakeview
Langley,Week5,Vienna Aquatic,Week3,253.0 Vienna Aquatic - 149.0 Langley
Langley,Week1,Lincolnia Park,Week4,347.0 Langley - 55.0 Lincolnia Park
Lakeview,Week5,South Run,Week5,270.0 South Run - 123.0 Lakeview
Lakeview,Week2,Springboard,Week2,209.0 Springboard - 191.0 Lakeview
Langley,Week2,Lincolnia Park,Week3,312.0 Langley - 81.0 Lincolnia Park
Langley,Week5,Vienna Aquatic,Week2,221.0 Vienna Aquatic - 181.0 Langley
Lakeview,Week4,Pinewood Lake,Week4,332.0 Lakeview - 64.0 Pinewood Lake
Langley,Week3,Lincolnia Park,Week1,349.0 Langley - 53.0 Lincolnia Park
Lakeview,Week5,Pinewood Lake,Week4,319.0 Lakeview - 68.0 Pinewood Lake
Lakeview,Week3,Village West,Week1,220.0 Village West - 182.0 Lakeview
Langley,Week3,Lee Graham,Week3,234.0 Lee Graham - 168.0 Langley
Langley,Week5,Vienna Aquatic,Week1,236.0 Vienna Aquatic - 166.0 Langley
Langley,Week4,Stratford,Week3,302.0 Langley - 100.0 Stratford
Langley,Week4,Stratford,Week1,318.0 Langley - 84.0 Stratford
Lakeview,Week3,Springboard,Week4,210.0 Springboard - 192.0 Lakeview
Langley,Week5,Vienna Aquatic,Week4,215.0 Vienna Aquatic - 187.0 Langley
Langley,Week5,Lee Graham,Week2,235.5 Lee Graham - 166.5 Langley
Langley,Week3,Poplar Tree,Week5,206.0 Langley - 196.0 Poplar Tree
Langley,Week5,Vienna Aquatic,Week5,255.5 Vienna Aquatic - 146.5 Langley
Lakeview,Week5,Pinewood Lake,Week5,303.0 Lakeview - 86.0 Pinewood Lake
Langley,Week4,Stratford,Week2,304.0 Langley - 98.0 Stratford
Lakeview,Week1,Virginia Hills,Week1,256.0 Lakeview - 146.0 Virginia Hills
Langley,Week1,Ravensworth Farm,Week4,243.0 Langley - 159.0 Ravensworth Farm
Langley,Week3,Lincolnia Park,Week5,316.0 Langley - 77.0 Lincolnia Park
Langley,Week2,Poplar Tree,Week4,238.0 Langley - 164.0 Poplar Tree
Lakeview,Week4,Pleasant Valley,Week4,262.0 Lakeview - 139.0 Pleasant Valley
Langley,Week4,Poplar Tree,Week1,230.0 Langley - 172.0 Poplar Tree
Langley,Week1,Vienna Woods,Week2,245.0 Vienna Woods - 157.0 Langley
Lakeview,Week3,Village West,Week3,245.0 Village West - 156.0 Lakeview
Langley,Week5,Stratford,Week1,299.0 Langley - 99.0 Stratford
Langley,Week2,Vienna Aquatic,Week3,245.0 Vienna Aquatic - 157.0 Langley
Lakeview,Week2,Springboard,Week1,243.0 Springboard - 157.0 Lakeview
Langley,Week4,Stratford,Week4,294.0 Langley - 108.0 Stratford
Lakeview,Week4,Springboard,Week2,236.0 Lakeview - 166.0 Springboard
Lakeview,Week5,Villa Aquatic,Week1,254.0 Villa Aquatic - 139.0 Lakeview
Lakeview,Week2,Pleasant Valley,Week1,217.0 Lakeview - 184.0 Pleasant Valley
Langley,Week4,Lincolnia Park,Week1,354.0 Langley - 48.0 Lincolnia Park
Langley,Week3,Lincolnia Park,Week4,347.0 Langley - 55.0 Lincolnia Park
Lakeview,Week3,Springboard,Week5,230.0 Springboard - 171.0 Lakeview
Langley,Week4,Vienna Aquatic,Week1,202.0 Vienna Aquatic - 200.0 Langley
Lakeview,Week2,Pleasant Valley,Week3,206.0 Pleasant Valley - 196.0 Lakeview
Langley,Week4,Stratford,Week5,310.0 Langley - 92.0 Stratford
Lakeview,Week1,Village West,Week3,259.0 Village West - 142.0 Lakeview
Langley,Week5,Poplar Tree,Week2,227.0 Langley - 170.0 Poplar Tree
Langley,Week3,Poplar Tree,Week4,238.0 Langley - 164.0 Poplar Tree
Lakeview,Week5,Pinewood Lake,Week1,328.0 Lakeview - 55.0 Pinewood Lake
Langley,Week5,Stratford,Week3,280.5 Langley - 120.5 Stratford
Langley,Week1,Lincolnia Park,Week3,319.0 Langley - 74.0 Lincolnia Park
Langley,Week5,Poplar Tree,Week4,233.0 Langley - 169.0 Poplar Tree
Lakeview,Week1,Springboard,Week3,251.0 Springboard - 150.0 Lakeview
Lakeview,Week4,Springboard,Week1,205.0 Lakeview - 197.0 Springboard
Langley,Week5,Poplar Tree,Week3,217.0 Langley - 185.0 Poplar Tree
Lakeview,Week4,Pleasant Valley,Week2,259.0 Lakeview - 142.0 Pleasant Valley
Langley,Week3,Stratford,Week2,308.0 Langley - 94.0 Stratford
Langley,Week2,Vienna Aquatic,Week5,271.0 Vienna Aquatic - 131.0 Langley
Langley,Week5,Lee Graham,Week3,241.0 Lee Graham - 161.0 Langley
Langley,Week3,Stratford,Week5,312.0 Langley - 90.0 Stratford
Langley,Week5,Lee Graham,Week1,226.0 Lee Graham - 176.0 Langley
Lakeview,Week3,Springboard,Week3,210.0 Springboard - 191.0 Lakeview
Lakeview,Week1,Village West,Week1,255.0 Village West - 147.0 Lakeview
Langley,Week1,Lincolnia Park,Week1,346.0 Langley - 56.0 Lincolnia Park
Langley,Week1,Vienna Woods,Week1,246.0 Vienna Woods - 156.0 Langley
Langley,Week1,Vienna Woods,Week3,254.0 Vienna Woods - 148.0 Langley
Langley,Week3,Vienna Aquatic,Week2,208.5 Vienna Aquatic - 193.5 Langley
Langley,Week5,Stratford,Week5,300.0 Langley - 101.0 Stratford
Langley,Week2,Ravensworth Farm,Week1,225.0 Langley - 177.0 Ravensworth Farm
Langley,Week4,Lee Graham,Week2,213.5 Lee Graham - 188.5 Langley
Lakeview,Week2,Springboard,Week3,239.0 Springboard - 161.0 Lakeview
Lakeview,Week5,Pleasant Valley,Week1,236.0 Lakeview - 157.0 Pleasant Valley
Langley,Week2,Vienna Aquatic,Week4,218.0 Vienna Aquatic - 184.0 Langley
Lakeview,Week1,Village West,Week2,245.0 Village West - 157.0 Lakeview
Lakeview,Week1,Old Keene Mill,Week3,257.0 Old Keene Mill - 145.0 Lakeview
Lakeview,Week3,Springboard,Week2,211.0 Lakeview - 190.0 Springboard
Langley,Week4,Poplar Tree,Week4,237.0 Langley - 165.0 Poplar Tree
Lakeview,Week3,Village West,Week4,220.0 Village West - 176.0 Lakeview
Langley,Week5,Stratford,Week4,272.0 Langley - 130.0 Stratford
Langley,Week5,Stratford,Week2,304.0 Langley - 97.0 Stratford
Lakeview,Week4,Village West,Week3,213.0 Village West - 188.0 Lakeview
Lakeview,Week4,Village West,Week2,208.0 Village West - 194.0 Lakeview
Lakeview,Week1,Springboard,Week5,251.0 Springboard - 150.0 Lakeview
Langley,Week3,Vienna Aquatic,Week4,217.0 Vienna Aquatic - 185.0 Langley
Langley,Week3,Lee Graham,Week5,225.0 Lee Graham - 177.0 Langley
Lakeview,Week2,Pleasant Valley,Week5,220.0 Lakeview - 180.0 Pleasant Valley
Lakeview,Week2,Village West,Week2,245.0 Village West - 157.0 Lakeview
Langley,Week1,Ravensworth Farm,Week5,229.0 Langley - 173.0 Ravensworth Farm
Lakeview,Week5,Pinewood Lake,Week3,322.0 Lakeview - 61.0 Pinewood Lake
Lakeview,Week2,Village West,Week3,252.0 Village West - 149.0 Lakeview
Langley,Week4,Vienna Woods,Week1,241.0 Vienna Woods - 161.0 Langley
Langley,Week2,Ravensworth Farm,Week3,226.0 Langley - 176.0 Ravensworth Farm
Langley,Week3,Vienna Aquatic,Week1,223.0 Vienna Aquatic - 179.0 Langley
Lakeview,Week2,Village West,Week4,222.0 Village West - 175.0 Lakeview
Langley,Week1,Poplar Tree,Week1,224.0 Langley - 178.0 Poplar Tree
Langley,Week3,Vienna Aquatic,Week3,235.0 Vienna Aquatic - 167.0 Langley
Lakeview,Week5,Springboard,Week1,203.5 Springboard - 188.5 Lakeview
Lakeview,Week5,Springboard,Week3,203.0 Springboard - 189.0 Lakeview
Lakeview,Week4,Springboard,Week5,208.0 Lakeview - 194.0 Springboard
Langley,Week5,Lee Graham,Week5,230.0 Lee Graham - 172.0 Langley
Lakeview,Week2,Oakton ,Week5,365.0 Oakton - 37.0 Lakeview
Langley,Week4,Lee Graham,Week5,223.0 Lee Graham - 179.0 Langley
Lakeview,Week4,Oakton ,Week1,338.5 Oakton - 63.5 Lakeview
Lakeview,Week5,Springboard,Week5,224.0 Springboard - 169.0 Lakeview
Lakeview,Week4,Village West,Week4,203.0 Village West - 193.0 Lakeview
Lakeview,Week3,Village West,Week2,226.0 Village West - 176.0 Lakeview
Lakeview,Week1,Old Keene Mill,Week2,253.0 Old Keene Mill - 149.0 Lakeview
Langley,Week2,Vienna Woods,Week4,245.0 Vienna Woods - 157.0 Langley
Langley,Week1,Poplar Tree,Week2,238.0 Langley - 164.0 Poplar Tree
Lakeview,Week5,Springboard,Week4,209.5 Springboard - 183.5 Lakeview
Lakeview,Week5,Oakton ,Week5,326.0 Oakton - 67.0 Lakeview
Langley,Week2,Poplar Tree,Week1,225.0 Langley - 177.0 Poplar Tree
Langley,Week4,Vienna Aquatic,Week3,226.0 Vienna Aquatic - 176.0 Langley
Langley,Week1,Poplar Tree,Week4,236.0 Langley - 166.0 Poplar Tree
Lakeview,Week5,Villa Aquatic,Week4,275.0 Villa Aquatic - 118.0 Lakeview
Langley,Week5,Vienna Woods,Week2,266.0 Vienna Woods - 136.0 Langley
Lakeview,Week3,Oakton ,Week4,344.0 Oakton - 58.0 Lakeview
Langley,Week4,Lee Graham,Week1,220.0 Lee Graham - 182.0 Langley
Langley,Week4,Lee Graham,Week4,202.0 Langley - 200.0 Lee Graham
Lakeview,Week3,Old Keene Mill,Week1,205.0 Old Keene Mill - 197.0 Lakeview
Langley,Week2,Ravensworth Farm,Week2,249.0 Langley - 153.0 Ravensworth Farm
Langley,Week4,Lee Graham,Week3,219.0 Lee Graham - 183.0 Langley
Lakeview,Week4,Springboard,Week4,210.0 Lakeview - 192.0 Springboard
Lakeview,Week1,Village West,Week4,249.0 Village West - 148.0 Lakeview
Langley,Week1,Lincolnia Park,Week5,325.0 Langley - 68.0 Lincolnia Park
Langley,Week5,Poplar Heights,Week5,216.0 Langley - 186.0 Poplar Heights
Lakeview,Week1,Springfield,Week2,314.0 Lakeview - 85.0 Springfield
Langley,Week2,Lincolnia Park,Week1,340.0 Langley - 61.0 Lincolnia Park
Langley,Week3,Poplar Tree,Week1,227.0 Langley - 175.0 Poplar Tree
Lakeview,Week5,Village West,Week4,224.0 Village West - 164.0 Lakeview
Langley,Week1,Poplar Tree,Week3,218.0 Langley - 184.0 Poplar Tree
Langley,Week5,Lee Graham,Week4,213.0 Lee Graham - 189.0 Langley
Langley,Week1,Lincolnia Park,Week2,342.0 Langley - 51.0 Lincolnia Park
Langley,Week5,Vienna Woods,Week5,287.0 Vienna Woods - 115.0 Langley
Lakeview,Week5,Village West,Week3,224.0 Village West - 168.0 Lakeview
Lakeview,Week1,Springfield,Week4,295.0 Lakeview - 100.0 Springfield
Langley,Week5,Vienna Woods,Week1,253.0 Vienna Woods - 144.0 Langley
Langley,Week2,Villa Aquatic,Week1,262.0 Langley - 140.0 Villa Aquatic
Lakeview,Week1,Springfield,Week1,311.0 Lakeview - 86.0 Springfield
Langley,Week3,Poplar Tree,Week2,230.0 Langley - 172.0 Poplar Tree
Lakeview,Week1,Old Keene Mill,Week5,254.0 Old Keene Mill - 148.0 Lakeview
Lakeview,Week1,Old Keene Mill,Week1,240.0 Old Keene Mill - 162.0 Lakeview
Lakeview,Week4,Oakton ,Week4,351.5 Oakton - 50.5 Lakeview
Lakeview,Week5,Village West,Week1,210.0 Village West - 183.0 Lakeview
Lakeview,Week1,Springfield,Week3,318.0 Lakeview - 80.0 Springfield
Langley,Week2,Lincolnia Park,Week2,333.0 Langley - 59.0 Lincolnia Park
Lakeview,Week2,Oakton ,Week4,369.0 Oakton - 33.0 Lakeview
Langley,Week4,Poplar Tree,Week2,235.0 Langley - 167.0 Poplar Tree
Langley,Week2,Poplar Tree,Week5,223.0 Langley - 179.0 Poplar Tree
Lakeview,Week2,Springfield,Week1,317.0 Lakeview - 78.0 Springfield
Lakeview,Week2,Stratford,Week1,230.0 Stratford - 170.0 Lakeview
Langley,Week3,Vienna Woods,Week4,232.0 Vienna Woods - 170.0 Langley
Langley,Week2,Little Hunting Park,Week2,300.0 Langley - 102.0 Little Hunting Park
Langley,Week1,Ravensworth Farm,Week2,264.0 Langley - 138.0 Ravensworth Farm
Lakeview,Week3,Dowden Terrace,Week5,296.0 Dowden Terrace - 106.0 Lakeview
Langley,Week2,Vienna Woods,Week1,261.0 Vienna Woods - 141.0 Langley
Langley,Week5,Vienna Woods,Week4,246.0 Vienna Woods - 156.0 Langley
Lakeview,Week3,Virginia Hills,Week5,247.0 Lakeview - 154.0 Virginia Hills
Langley,Week2,Vienna Woods,Week3,263.0 Vienna Woods - 139.0 Langley
Lakeview,Week1,Virginia Run,Week1,335.0 Virginia Run - 67.0 Lakeview
Lakeview,Week3,Oakton ,Week3,333.0 Oakton - 69.0 Lakeview
Lakeview,Week1,Virginia Run,Week4,334.0 Virginia Run - 68.0 Lakeview
Langley,Week2,Lincolnia Park,Week4,336.0 Langley - 65.0 Lincolnia Park
Lakeview,Week1,Springfield,Week5,315.0 Lakeview - 81.0 Springfield
Lakeview,Week5,Oakton ,Week2,329.5 Oakton - 63.5 Lakeview
Lakeview,Week1,Dunn Loring,Week4,364.0 Dunn Loring - 38.0 Lakeview
Lakeview,Week2,Dunn Loring,Week1,337.0 Dunn Loring - 65.0 Lakeview
Langley,Week4,Poplar Tree,Week5,224.0 Langley - 178.0 Poplar Tree
Lakeview,Week5,Village West,Week5,219.0 Village West - 172.0 Lakeview
Lakeview,Week2,Springfield,Week2,322.0 Lakeview - 74.0 Springfield
Langley,Week5,Vienna Woods,Week3,266.0 Vienna Woods - 136.0 Langley
Langley,Week5,Lincolnia Park,Week3,311.0 Langley - 82.0 Lincolnia Park
Lakeview,Week5,Dowden Terrace,Week3,265.5 Dowden Terrace - 127.5 Lakeview
Lakeview,Week4,Oakton ,Week2,334.0 Oakton - 68.0 Lakeview
Lakeview,Week2,Dunn Loring,Week2,368.0 Dunn Loring - 34.0 Lakeview
Langley,Week3,Lincolnia Park,Week2,331.0 Langley - 61.0 Lincolnia Park
Lakeview,Week3,Dowden Terrace,Week3,265.0 Dowden Terrace - 137.0 Lakeview
Lakeview,Week3,Virginia Hills,Week3,288.0 Lakeview - 114.0 Virginia Hills
Langley,Week5,Poplar Tree,Week5,203.0 Langley - 199.0 Poplar Tree
Langley,Week2,Poplar Tree,Week3,219.0 Langley - 183.0 Poplar Tree
Lakeview,Week2,Virginia Run,Week2,324.0 Virginia Run - 78.0 Lakeview
Langley,Week2,Vienna Woods,Week5,283.0 Vienna Woods - 119.0 Langley
Langley,Week3,Lincolnia Park,Week3,324.0 Langley - 69.0 Lincolnia Park
Lakeview,Week5,Springboard,Week2,212.0 Lakeview - 180.0 Springboard
Langley,Week2,Little Hunting Park,Week5,268.0 Langley - 134.0 Little Hunting Park
Lakeview,Week4,Springfield,Week4,319.0 Lakeview - 74.0 Springfield
Lakeview,Week2,Old Keene Mill,Week2,244.0 Old Keene Mill - 158.0 Lakeview
Lakeview,Week2,Old Keene Mill,Week1,230.0 Old Keene Mill - 172.0 Lakeview
Lakeview,Week5,Oakton ,Week1,333.0 Oakton - 60.0 Lakeview
Langley,Week5,Lincolnia Park,Week1,345.0 Langley - 57.0 Lincolnia Park
Lakeview,Week4,Dowden Terrace,Week1,252.0 Dowden Terrace - 150.0 Lakeview
Lakeview,Week3,Virginia Hills,Week4,288.0 Lakeview - 114.0 Virginia Hills
Lakeview,Week5,Virginia Hills,Week3,278.0 Lakeview - 115.0 Virginia Hills
Langley,Week1,Ravensworth Farm,Week3,239.0 Langley - 163.0 Ravensworth Farm
Langley,Week1,Villa Aquatic,Week1,263.0 Langley - 139.0 Villa Aquatic
Lakeview,Week2,Virginia Hills,Week1,268.0 Lakeview - 134.0 Virginia Hills
Langley,Week1,Little Hunting Park,Week3,305.5 Langley - 96.5 Little Hunting Park
Langley,Week4,Little Hunting Park,Week4,297.0 Langley - 105.0 Little Hunting Park
Langley,Week1,Villa Aquatic,Week2,278.0 Langley - 124.0 Villa Aquatic
Lakeview,Week1,Dunn Loring,Week5,359.0 Dunn Loring - 43.0 Lakeview
Langley,Week2,Mantua,Week5,202.0 Mantua - 200.0 Langley
Langley,Week4,Mantua,Week2,247.0 Langley - 155.0 Mantua
Langley,Week1,Villa Aquatic,Week5,265.0 Langley - 137.0 Villa Aquatic
Lakeview,Week3,Virginia Run,Week3,302.0 Virginia Run - 100.0 Lakeview
Lakeview,Week1,Virginia Run,Week5,347.5 Virginia Run - 54.5 Lakeview
Lakeview,Week2,Springfield,Week5,331.0 Lakeview - 65.0 Springfield
Langley,Week2,Little Hunting Park,Week1,294.0 Langley - 108.0 Little Hunting Park
Lakeview,Week4,Springfield,Week2,334.0 Lakeview - 59.0 Springfield
Lakeview,Week4,Oakton ,Week3,325.0 Oakton - 77.0 Lakeview
Lakeview,Week2,Dunn Loring,Week5,370.0 Dunn Loring - 32.0 Lakeview
Langley,Week5,Villa Aquatic,Week1,260.0 Langley - 142.0 Villa Aquatic
Lakeview,Week3,Oakton ,Week1,336.0 Oakton - 66.0 Lakeview
Lakeview,Week1,Virginia Hills,Week4,254.0 Lakeview - 148.0 Virginia Hills
Lakeview,Week3,Dowden Terrace,Week4,279.0 Dowden Terrace - 123.0 Lakeview
Langley,Week1,McLean,Week2,253.0 McLean - 149.0 Langley
Lakeview,Week1,Stratford,Week2,262.0 Stratford - 140.0 Lakeview
Langley,Week2,Mantua,Week3,210.0 Mantua - 192.0 Langley
Lakeview,Week2,Dunn Loring,Week3,371.0 Dunn Loring - 31.0 Lakeview
Langley,Week4,Vienna Woods,Week5,273.0 Vienna Woods - 129.0 Langley
Lakeview,Week2,Old Keene Mill,Week4,248.0 Old Keene Mill - 154.0 Lakeview
Langley,Week1,Little Hunting Park,Week5,272.0 Langley - 130.0 Little Hunting Park
Lakeview,Week2,Dunn Loring,Week4,379.0 Dunn Loring - 23.0 Lakeview
Lakeview,Week2,Stratford,Week5,263.0 Stratford - 138.0 Lakeview
Lakeview,Week2,Old Keene Mill,Week3,254.0 Old Keene Mill - 148.0 Lakeview
Lakeview,Week5,Oakton ,Week3,326.0 Oakton - 67.0 Lakeview
Lakeview,Week3,Stratford,Week2,232.0 Stratford - 170.0 Lakeview
Langley,Week2,McLean,Week4,251.0 McLean - 151.0 Langley
Langley,Week1,Little Rocky Run,Week2,219.0 Langley - 183.0 Little Rocky Run
Lakeview,Week5,Dowden Terrace,Week4,279.0 Dowden Terrace - 114.0 Lakeview
Langley,Week4,Vienna Woods,Week3,252.0 Vienna Woods - 150.0 Langley
Langley,Week2,Vienna Woods,Week2,254.0 Vienna Woods - 148.0 Langley
Lakeview,Week4,Stratford,Week3,220.0 Stratford - 182.0 Lakeview
Lakeview,Week1,Virginia Hills,Week5,213.0 Lakeview - 189.0 Virginia Hills
Lakeview,Week4,Oakton ,Week5,336.0 Oakton - 66.0 Lakeview
Lakeview,Week3,Dowden Terrace,Week1,263.0 Dowden Terrace - 138.0 Lakeview
Lakeview,Week4,Virginia Hills,Week1,293.0 Lakeview - 109.0 Virginia Hills
Langley,Week4,Mantua,Week4,235.0 Langley - 167.0 Mantua
Lakeview,Week3,Virginia Hills,Week2,281.0 Lakeview - 120.0 Virginia Hills
Langley,Week4,Vienna Woods,Week4,216.5 Vienna Woods - 185.5 Langley
Lakeview,Week4,Springfield,Week3,323.0 Lakeview - 67.0 Springfield
Lakeview,Week3,Oakton ,Week5,340.0 Oakton - 62.0 Lakeview
Lakeview,Week3,Dowden Terrace,Week2,273.0 Dowden Terrace - 129.0 Lakeview
Lakeview,Week3,Oakton ,Week2,339.0 Oakton - 63.0 Lakeview
Langley,Week2,Little Hunting Park,Week3,293.0 Langley - 109.0 Little Hunting Park
Langley,Week4,Lincolnia Park,Week2,345.0 Langley - 48.0 Lincolnia Park
Langley,Week3,Mantua,Week3,208.0 Mantua - 194.0 Langley
Lakeview,Week2,Stratford,Week4,285.0 Stratford - 117.0 Lakeview
Lakeview,Week5,Oakton ,Week4,334.0 Oakton - 59.0 Lakeview
Langley,Week2,Little Hunting Park,Week4,292.0 Langley - 110.0 Little Hunting Park
Langley,Week3,Villa Aquatic,Week3,246.0 Langley - 156.0 Villa Aquatic
Lakeview,Week4,Dowden Terrace,Week2,254.0 Dowden Terrace - 148.0 Lakeview
Langley,Week3,Vienna Woods,Week1,250.0 Vienna Woods - 152.0 Langley
Langley,Week3,McLean,Week1,248.0 McLean - 154.0 Langley
Lakeview,Week4,Virginia Hills,Week3,307.0 Lakeview - 95.0 Virginia Hills
Lakeview,Week4,Dowden Terrace,Week4,268.0 Dowden Terrace - 134.0 Lakeview
Lakeview,Week5,Dowden Terrace,Week1,264.0 Dowden Terrace - 129.0 Lakeview
Langley,Week1,Mantua,Week4,245.0 Langley - 157.0 Mantua
Langley,Week4,Mantua,Week1,236.0 Langley - 166.0 Mantua
Langley,Week3,Mantua,Week1,237.0 Langley - 165.0 Mantua
Langley,Week3,Little Hunting Park,Week2,299.0 Langley - 103.0 Little Hunting Park
Lakeview,Week3,Springfield,Week2,327.0 Lakeview - 70.0 Springfield
Langley,Week1,Vienna Woods,Week4,226.0 Vienna Woods - 176.0 Langley
Langley,Week1,Little Hunting Park,Week2,304.0 Langley - 98.0 Little Hunting Park
Lakeview,Week1,Virginia Hills,Week3,263.0 Lakeview - 139.0 Virginia Hills
Lakeview,Week2,Virginia Hills,Week3,282.0 Lakeview - 120.0 Virginia Hills
Langley,Week3,Vienna Woods,Week5,272.0 Vienna Woods - 130.0 Langley
Lakeview,Week4,Dowden Terrace,Week3,267.0 Dowden Terrace - 135.0 Lakeview
Lakeview,Week4,Springfield,Week5,335.0 Lakeview - 51.0 Springfield
Lakeview,Week2,Old Keene Mill,Week5,247.0 Old Keene Mill - 155.0 Lakeview
Lakeview,Week2,Orange Hunt,Week4,312.0 Orange Hunt - 90.0 Lakeview
Langley,Week4,Mantua,Week5,206.0 Langley - 196.0 Mantua
Langley,Week3,Mantua,Week2,237.0 Langley - 165.0 Mantua
Langley,Week4,Little Hunting Park,Week3,308.0 Langley - 94.0 Little Hunting Park
Langley,Week4,Little Hunting Park,Week2,307.0 Langley - 95.0 Little Hunting Park
Langley,Week1,Vienna Woods,Week5,269.0 Vienna Woods - 133.0 Langley
Lakeview,Week5,Virginia Hills,Week2,280.0 Lakeview - 112.0 Virginia Hills
Lakeview,Week2,Springfield,Week3,326.0 Lakeview - 68.0 Springfield
Lakeview,Week3,Virginia Hills,Week1,276.0 Lakeview - 126.0 Virginia Hills
Lakeview,Week1,Old Keene Mill,Week4,247.0 Old Keene Mill - 155.0 Lakeview
Lakeview,Week1,Stratford,Week1,236.0 Stratford - 164.0 Lakeview
Lakeview,Week3,Old Keene Mill,Week4,224.0 Old Keene Mill - 178.0 Lakeview
Lakeview,Week4,Dowden Terrace,Week5,283.0 Dowden Terrace - 119.0 Lakeview
Lakeview,Week2,Springfield,Week4,301.0 Lakeview - 98.0 Springfield
Lakeview,Week5,Dowden Terrace,Week2,273.0 Dowden Terrace - 120.0 Lakeview
Lakeview,Week4,Springfield,Week1,331.0 Lakeview - 55.0 Springfield
Lakeview,Week4,Virginia Hills,Week2,293.0 Lakeview - 108.0 Virginia Hills
Langley,Week3,Vienna Woods,Week3,262.5 Vienna Woods - 139.5 Langley
Langley,Week3,Little Hunting Park,Week4,302.0 Langley - 100.0 Little Hunting Park
Lakeview,Week3,Orange Hunt,Week4,294.0 Orange Hunt - 108.0 Lakeview
Lakeview,Week4,Virginia Hills,Week5,278.0 Lakeview - 123.0 Virginia Hills
Langley,Week5,Lincolnia Park,Week5,307.0 Langley - 86.0 Lincolnia Park
Langley,Week1,Villa Aquatic,Week4,260.0 Langley - 142.0 Villa Aquatic
Langley,Week3,Vienna Woods,Week2,250.0 Vienna Woods - 152.0 Langley
Lakeview,Week5,Springfield,Week2,312.0 Lakeview - 64.0 Springfield
Langley,Week5,Mantua,Week4,208.0 Langley - 194.0 Mantua
Lakeview,Week3,Springfield,Week5,330.0 Lakeview - 61.0 Springfield
Lakeview,Week4,Old Keene Mill,Week5,222.0 Old Keene Mill - 180.0 Lakeview
Langley,Week2,Villa Aquatic,Week2,263.0 Langley - 139.0 Villa Aquatic
Langley,Week1,Little Hunting Park,Week1,303.0 Langley - 99.0 Little Hunting Park
Langley,Week5,Mantua,Week2,226.0 Langley - 176.0 Mantua
Lakeview,Week1,Dunn Loring,Week1,319.0 Dunn Loring - 83.0 Lakeview
Lakeview,Week3,Springfield,Week3,325.0 Lakeview - 68.0 Springfield
Lakeview,Week3,Old Keene Mill,Week2,226.0 Old Keene Mill - 176.0 Lakeview
Langley,Week5,Mantua,Week5,208.0 Mantua - 194.0 Langley
Lakeview,Week4,Virginia Hills,Week4,302.0 Lakeview - 100.0 Virginia Hills
Lakeview,Week4,Old Keene Mill,Week1,203.0 Lakeview - 199.0 Old Keene Mill
Lakeview,Week5,Springfield,Week1,306.0 Lakeview - 70.0 Springfield
Lakeview,Week1,Dunn Loring,Week2,357.5 Dunn Loring - 44.5 Lakeview
Langley,Week4,Lincolnia Park,Week3,335.0 Langley - 58.0 Lincolnia Park
Langley,Week3,Little Hunting Park,Week5,275.0 Langley - 127.0 Little Hunting Park
Langley,Week1,Villa Aquatic,Week3,235.0 Langley - 167.0 Villa Aquatic
Lakeview,Week2,Virginia Hills,Week2,279.0 Lakeview - 122.0 Virginia Hills
Langley,Week1,Mantua,Week5,216.0 Langley - 186.0 Mantua
Lakeview,Week4,Old Keene Mill,Week3,213.0 Old Keene Mill - 189.0 Lakeview
Lakeview,Week2,Dowden Terrace,Week5,317.0 Dowden Terrace - 85.0 Lakeview
Lakeview,Week5,Dowden Terrace,Week5,300.0 Dowden Terrace - 93.0 Lakeview
Lakeview,Week4,Old Keene Mill,Week2,210.0 Old Keene Mill - 192.0 Lakeview
Lakeview,Week1,Dunn Loring,Week3,360.0 Dunn Loring - 42.0 Lakeview
Langley,Week2,Villa Aquatic,Week3,229.0 Langley - 173.0 Villa Aquatic
Lakeview,Week2,Virginia Hills,Week4,273.0 Lakeview - 129.0 Virginia Hills
Langley,Week2,Mantua,Week1,227.0 Langley - 175.0 Mantua
Lakeview,Week5,Springfield,Week3,298.0 Lakeview - 78.0 Springfield
Lakeview,Week2,Virginia Hills,Week5,247.0 Lakeview - 155.0 Virginia Hills
Langley,Week1,McLean,Week1,240.0 McLean - 162.0 Langley
Langley,Week4,Vienna Woods,Week2,248.0 Vienna Woods - 154.0 Langley
Langley,Week4,Little Hunting Park,Week5,277.0 Langley - 125.0 Little Hunting Park
Langley,Week2,Villa Aquatic,Week5,249.0 Langley - 153.0 Villa Aquatic
Lakeview,Week5,Springfield,Week5,310.0 Lakeview - 66.0 Springfield
Lakeview,Week3,Springfield,Week4,310.0 Lakeview - 88.0 Springfield
Lakeview,Week5,Old Keene Mill,Week3,233.0 Old Keene Mill - 160.0 Lakeview
Langley,Week1,Mantua,Week3,211.0 Mantua - 191.0 Langley
Lakeview,Week5,Old Keene Mill,Week2,212.0 Old Keene Mill - 181.0 Lakeview
Langley,Week3,Villa Aquatic,Week1,276.0 Langley - 126.0 Villa Aquatic
Langley,Week4,Lincolnia Park,Week5,334.0 Langley - 59.0 Lincolnia Park
Langley,Week2,Mantua,Week4,221.0 Langley - 181.0 Mantua
Lakeview,Week3,Springfield,Week1,324.0 Lakeview - 67.0 Springfield
Langley,Week5,Lincolnia Park,Week4,345.0 Langley - 57.0 Lincolnia Park
Lakeview,Week4,Old Keene Mill,Week4,222.0 Old Keene Mill - 180.0 Lakeview
Langley,Week5,Lincolnia Park,Week2,329.0 Langley - 64.0 Lincolnia Park
Lakeview,Week5,Virginia Hills,Week4,274.0 Lakeview - 119.0 Virginia Hills
Lakeview,Week1,Orange Hunt,Week1,312.0 Orange Hunt - 90.0 Lakeview
Lakeview,Week5,Springfield,Week4,286.0 Lakeview - 94.0 Springfield
Lakeview,Week5,Virginia Hills,Week1,287.0 Lakeview - 106.0 Virginia Hills
Lakeview,Week5,Virginia Hills,Week5,249.0 Lakeview - 143.0 Virginia Hills
Langley,Week3,Villa Aquatic,Week5,264.0 Langley - 138.0 Villa Aquatic
Langley,Week3,Little Hunting Park,Week1,308.0 Langley - 94.0 Little Hunting Park
Langley,Week2,Mantua,Week2,235.0 Langley - 167.0 Mantua
Lakeview,Week1,Stratford,Week3,259.0 Stratford - 143.0 Lakeview
Langley,Week5,Little Hunting Park,Week2,293.0 Langley - 109.0 Little Hunting Park
Lakeview,Week5,Old Keene Mill,Week4,217.0 Old Keene Mill - 176.0 Lakeview
Lakeview,Week1,Stratford,Week4,282.0 Stratford - 120.0 Lakeview
Lakeview,Week3,Old Keene Mill,Week5,226.0 Old Keene Mill - 176.0 Lakeview
Lakeview,Week2,Virginia Run,Week3,326.0 Virginia Run - 76.0 Lakeview
Lakeview,Week5,Old Keene Mill,Week5,224.5 Old Keene Mill - 168.5 Lakeview
Langley,Week4,Mantua,Week3,207.0 Mantua - 195.0 Langley
Langley,Week3,Little Hunting Park,Week3,301.0 Langley - 101.0 Little Hunting Park
Lakeview,Week1,Orange Hunt,Week4,305.0 Orange Hunt - 97.0 Lakeview
Lakeview,Week2,Stratford,Week3,258.0 Stratford - 144.0 Lakeview
Langley,Week5,Mantua,Week1,219.0 Langley - 183.0 Mantua
Langley,Week5,Mantua,Week3,218.0 Mantua - 184.0 Langley
Langley,Week3,Mantua,Week4,228.5 Langley - 173.5 Mantua
Lakeview,Week2,Stratford,Week2,254.0 Stratford - 148.0 Lakeview
Lakeview,Week1,Virginia Run,Week3,327.0 Virginia Run - 75.0 Lakeview
Langley,Week4,Villa Aquatic,Week3,247.0 Langley - 155.0 Villa Aquatic
Langley,Week4,Lincolnia Park,Week4,352.0 Langley - 50.0 Lincolnia Park
Langley,Week4,Villa Aquatic,Week2,273.0 Langley - 129.0 Villa Aquatic
Lakeview,Week3,Virginia Run,Week1,308.0 Virginia Run - 94.0 Lakeview
Langley,Week1,McLean,Week3,256.0 McLean - 146.0 Langley
Langley,Week4,Little Hunting Park,Week1,301.0 Langley - 101.0 Little Hunting Park
Langley,Week5,Little Hunting Park,Week1,295.0 Langley - 107.0 Little Hunting Park
Langley,Week1,Little Hunting Park,Week4,300.0 Langley - 102.0 Little Hunting Park
Langley,Week3,Mantua,Week5,202.0 Langley - 200.0 Mantua
Langley,Week3,Villa Aquatic,Week2,280.0 Langley - 122.0 Villa Aquatic
Lakeview,Week2,Virginia Run,Week1,341.0 Virginia Run - 61.0 Lakeview
Lakeview,Week3,Old Keene Mill,Week3,237.0 Old Keene Mill - 165.0 Lakeview
Lakeview,Week3,Stratford,Week1,200.0 Lakeview - 200.0 Stratford
Langley,Week3,Villa Aquatic,Week4,259.0 Langley - 143.0 Villa Aquatic
Lakeview,Week1,Stratford,Week5,275.0 Stratford - 127.0 Lakeview
Langley,Week4,Villa Aquatic,Week1,271.0 Langley - 131.0 Villa Aquatic
Lakeview,Week1,Orange Hunt,Week2,312.0 Orange Hunt - 90.0 Lakeview
Lakeview,Week1,Virginia Run,Week2,315.0 Virginia Run - 87.0 Lakeview
Lakeview,Week2,Virginia Run,Week4,332.0 Virginia Run - 70.0 Lakeview
Langley,Week2,Villa Aquatic,Week4,245.0 Langley - 157.0 Villa Aquatic
Lakeview,Week2,Virginia Run,Week5,350.0 Virginia Run - 52.0 Lakeview
Langley,Week2,McLean,Week2,267.0 McLean - 135.0 Langley
Lakeview,Week3,Wakefield Chapel,Week1,363.0 Wakefield Chapel - 39.0 Lakeview
Lakeview,Week2,Orange Hunt,Week3,318.5 Orange Hunt - 83.5 Lakeview
Langley,Week5,Little Hunting Park,Week5,259.0 Langley - 143.0 Little Hunting Park
Langley,Week4,Villa Aquatic,Week4,268.0 Langley - 134.0 Villa Aquatic
Lakeview,Week2,Orange Hunt,Week2,317.0 Orange Hunt - 85.0 Lakeview
Lakeview,Week4,Stratford,Week1,206.0 Lakeview - 188.0 Stratford
Langley,Week1,McLean,Week5,258.0 McLean - 144.0 Langley
Langley,Week5,Villa Aquatic,Week2,265.5 Langley - 136.5 Villa Aquatic
Lakeview,Week3,Virginia Run,Week2,289.0 Virginia Run - 113.0 Lakeview
Lakeview,Week2,Orange Hunt,Week1,308.0 Orange Hunt - 94.0 Lakeview
Lakeview,Week3,Stratford,Week4,243.0 Stratford - 159.0 Lakeview
Langley,Week4,Villa Aquatic,Week5,264.0 Langley - 138.0 Villa Aquatic
Lakeview,Week5,Old Keene Mill,Week1,198.0 Old Keene Mill - 195.0 Lakeview
Lakeview,Week5,Virginia Run,Week4,313.0 Virginia Run - 80.0 Lakeview
Langley,Week1,Village West,Week2,315.0 Langley - 87.0 Village West
Langley,Week1,McLean,Week4,235.0 McLean - 167.0 Langley
Lakeview,Week3,Stratford,Week3,223.0 Stratford - 179.0 Lakeview
Langley,Week5,Little Hunting Park,Week4,292.0 Langley - 110.0 Little Hunting Park
Langley,Week5,Villa Aquatic,Week5,259.0 Langley - 143.0 Villa Aquatic
Lakeview,Week3,Orange Hunt,Week1,294.5 Orange Hunt - 107.5 Lakeview
Lakeview,Week3,Stratford,Week5,238.5 Stratford - 163.5 Lakeview
Langley,Week1,Village West,Week3,295.0 Langley - 107.0 Village West
Lakeview,Week5,Stratford,Week3,232.0 Stratford - 160.0 Lakeview
Langley,Week2,McLean,Week3,265.0 McLean - 137.0 Langley
Lakeview,Week2,Wakefield Chapel,Week3,371.0 Wakefield Chapel - 31.0 Lakeview
Langley,Week1,Little Rocky Run,Week1,207.0 Langley - 195.0 Little Rocky Run
Langley,Week2,McLean,Week1,248.0 McLean - 154.0 Langley
Langley,Week5,Little Hunting Park,Week3,289.0 Langley - 113.0 Little Hunting Park
Langley,Week1,Little Rocky Run,Week4,207.0 Little Rocky Run - 195.0 Langley
Langley,Week1,Village West,Week4,316.0 Langley - 81.0 Village West
Langley,Week1,Little Rocky Run,Week5,223.0 Little Rocky Run - 179.0 Langley
Lakeview,Week2,Wakefield Chapel,Week1,371.0 Wakefield Chapel - 31.0 Lakeview
Lakeview,Week4,Virginia Run,Week2,288.0 Virginia Run - 109.0 Lakeview
Lakeview,Week3,Orange Hunt,Week2,308.0 Orange Hunt - 94.0 Lakeview
Langley,Week2,McLean,Week5,268.0 McLean - 134.0 Langley
Lakeview,Week4,Stratford,Week4,231.0 Stratford - 171.0 Lakeview
Langley,Week1,Little Rocky Run,Week3,214.0 Little Rocky Run - 188.0 Langley
Lakeview,Week1,Wakefield Chapel,Week4,363.0 Wakefield Chapel - 39.0 Lakeview
Langley,Week4,McLean,Week2,249.0 McLean - 153.0 Langley
Lakeview,Week3,Orange Hunt,Week3,297.0 Orange Hunt - 105.0 Lakeview
Lakeview,Week4,Stratford,Week2,208.0 Stratford - 194.0 Lakeview
Langley,Week2,Mosby Woods,Week3,204.0 Mosby Woods - 198.0 Langley
Lakeview,Week1,Orange Hunt,Week5,318.0 Orange Hunt - 84.0 Lakeview
Langley,Week5,McLean,Week1,252.0 McLean - 150.0 Langley
Lakeview,Week1,Sully Station,Week2,312.0 Sully Station - 90.0 Lakeview
Lakeview,Week4,Virginia Run,Week1,302.0 Virginia Run - 100.0 Lakeview
Lakeview,Week5,Stratford,Week4,253.0 Stratford - 140.0 Lakeview
Lakeview,Week5,Stratford,Week5,231.0 Stratford - 160.0 Lakeview
Lakeview,Week4,Orange Hunt,Week2,283.5 Orange Hunt - 118.5 Lakeview
Lakeview,Week1,Orange Hunt,Week3,313.0 Orange Hunt - 89.0 Lakeview
Langley,Week2,Village West,Week1,307.0 Langley - 95.0 Village West
Lakeview,Week5,Stratford,Week1,193.0 Stratford - 190.0 Lakeview
Langley,Week2,Little Rocky Run,Week3,207.0 Little Rocky Run - 195.0 Langley
Langley,Week2,Little Rocky Run,Week4,209.5 Little Rocky Run - 192.5 Langley
Langley,Week2,Little Rocky Run,Week1,207.0 Little Rocky Run - 195.0 Langley
Lakeview,Week5,Virginia Run,Week2,290.0 Virginia Run - 98.0 Lakeview
Langley,Week1,Mosby Woods,Week1,207.0 Mosby Woods - 195.0 Langley
Lakeview,Week3,Virginia Run,Week4,313.0 Virginia Run - 89.0 Lakeview
Langley,Week1,Village West,Week5,317.0 Langley - 85.0 Village West
Langley,Week2,Village West,Week3,286.0 Langley - 116.0 Village West
Langley,Week2,Village West,Week2,307.0 Langley - 95.0 Village West
Langley,Week5,McLean,Week5,266.0 McLean - 136.0 Langley
Lakeview,Week2,Wakefield Chapel,Week5,378.0 Wakefield Chapel - 24.0 Lakeview
Lakeview,Week3,Orange Hunt,Week5,302.0 Orange Hunt - 100.0 Lakeview
Lakeview,Week4,Orange Hunt,Week1,278.0 Orange Hunt - 124.0 Lakeview
Lakeview,Week2,Wakefield Chapel,Week4,360.0 Wakefield Chapel - 42.0 Lakeview
Langley,Week3,McLean,Week5,260.0 McLean - 142.0 Langley
Lakeview,Week3,Wakefield Chapel,Week2,351.0 Wakefield Chapel - 51.0 Lakeview
Langley,Week3,Mosby Woods,Week2,214.0 Mosby Woods - 188.0 Langley
Langley,Week2,Little Rocky Run,Week2,204.0 Langley - 198.0 Little Rocky Run
Lakeview,Week4,Virginia Run,Week3,291.0 Virginia Run - 111.0 Lakeview
Lakeview,Week1,Sully Station,Week3,317.0 Sully Station - 85.0 Lakeview
Langley,Week3,Village West,Week3,298.0 Langley - 104.0 Village West
Langley,Week3,Village West,Week1,314.0 Langley - 88.0 Village West
Lakeview,Week2,Wakefield Chapel,Week2,371.0 Wakefield Chapel - 31.0 Lakeview
Lakeview,Week4,Orange Hunt,Week4,273.0 Orange Hunt - 129.0 Lakeview
Lakeview,Week4,Orange Hunt,Week3,281.0 Orange Hunt - 121.0 Lakeview
Langley,Week2,Little Rocky Run,Week5,232.0 Little Rocky Run - 170.0 Langley
Langley,Week3,Little Rocky Run,Week2,210.0 Langley - 192.0 Little Rocky Run
Langley,Week3,Little Rocky Run,Week1,205.0 Langley - 197.0 Little Rocky Run
Lakeview,Week2,Sully Station,Week1,328.0 Sully Station - 73.0 Lakeview
Langley,Week2,Village West,Week5,295.0 Langley - 107.0 Village West
Lakeview,Week4,Orange Hunt,Week5,294.0 Orange Hunt - 108.0 Lakeview
Langley,Week1,Mosby Woods,Week4,231.0 Langley - 171.0 Mosby Woods
Lakeview,Week1,Sully Station,Week4,333.0 Sully Station - 69.0 Lakeview
Langley,Week3,Mosby Woods,Week3,206.0 Langley - 196.0 Mosby Woods
Langley,Week3,Village West,Week2,308.0 Langley - 94.0 Village West
Langley,Week3,Little Rocky Run,Week3,215.5 Little Rocky Run - 186.5 Langley
Lakeview,Week4,Stratford,Week5,225.0 Stratford - 177.0 Lakeview
Langley,Week2,Village West,Week4,297.0 Langley - 100.0 Village West
Lakeview,Week2,Orange Hunt,Week5,323.0 Orange Hunt - 79.0 Lakeview
Langley,Week3,McLean,Week3,258.0 McLean - 144.0 Langley
Lakeview,Week1,Sully Station,Week5,336.0 Sully Station - 66.0 Lakeview
Lakeview,Week4,Overlee,Week2,376.0 Overlee - 26.0 Lakeview
Lakeview,Week5,Stratford,Week2,228.0 Stratford - 164.0 Lakeview
Lakeview,Week1,Wakefield Chapel,Week2,369.0 Wakefield Chapel - 33.0 Lakeview
Lakeview,Week3,Wakefield Chapel,Week5,367.0 Wakefield Chapel - 35.0 Lakeview
Langley,Week3,McLean,Week2,252.5 McLean - 149.5 Langley
Lakeview,Week1,Wakefield Chapel,Week3,366.0 Wakefield Chapel - 36.0 Lakeview
Lakeview,Week3,Wakefield Chapel,Week4,347.5 Wakefield Chapel - 54.5 Lakeview
Langley,Week1,Village West,Week1,325.0 Langley - 77.0 Village West
Lakeview,Week1,Sully Station,Week1,331.0 Sully Station - 71.0 Lakeview
Langley,Week3,Village West,Week5,303.0 Langley - 99.0 Village West
Langley,Week5,Villa Aquatic,Week3,238.0 Langley - 164.0 Villa Aquatic
Lakeview,Week2,Sully Station,Week2,314.0 Sully Station - 88.0 Lakeview
Langley,Week5,McLean,Week3,254.0 McLean - 148.0 Langley
Lakeview,Week5,Orange Hunt,Week2,283.0 Orange Hunt - 110.0 Lakeview
Langley,Week4,McLean,Week1,238.0 McLean - 164.0 Langley
Langley,Week5,Virginia Hills,Week1,361.0 Langley - 41.0 Virginia Hills
Lakeview,Week5,Orange Hunt,Week1,279.0 Orange Hunt - 114.0 Lakeview
Lakeview,Week4,Wakefield Chapel,Week1,357.0 Wakefield Chapel - 45.0 Lakeview
Langley,Week4,Village West,Week1,313.0 Langley - 89.0 Village West
Lakeview,Week2,Sully Station,Week4,333.0 Sully Station - 69.0 Lakeview
Lakeview,Week5,Overlee,Week1,358.0 Overlee - 35.0 Lakeview
Langley,Week3,Village West,Week4,307.0 Langley - 90.0 Village West
Langley,Week4,Virginia Hills,Week2,367.0 Langley - 35.0 Virginia Hills
Lakeview,Week3,Wakefield Chapel,Week3,349.0 Wakefield Chapel - 53.0 Lakeview
Lakeview,Week5,Virginia Run,Week3,295.5 Virginia Run - 97.5 Lakeview
Langley,Week1,Mosby Woods,Week5,207.0 Mosby Woods - 195.0 Langley
Lakeview,Week1,Overlee,Week1,377.0 Overlee - 25.0 Lakeview
Lakeview,Week2,Overlee,Week2,391.0 Overlee - 11.0 Lakeview
Lakeview,Week4,Virginia Run,Week4,305.0 Virginia Run - 97.0 Lakeview
Lakeview,Week2,Sully Station,Week3,317.0 Sully Station - 85.0 Lakeview
Lakeview,Week4,Overlee,Week1,371.0 Overlee - 31.0 Lakeview
Langley,Week3,Mosby Woods,Week1,219.5 Mosby Woods - 182.5 Langley
Lakeview,Week2,Sully Station,Week5,335.0 Sully Station - 67.0 Lakeview
Langley,Week4,Village West,Week2,308.0 Langley - 94.0 Village West
Lakeview,Week1,Wakefield Chapel,Week1,375.0 Wakefield Chapel - 22.0 Lakeview
Lakeview,Week5,Overlee,Week3,368.0 Overlee - 25.0 Lakeview
Langley,Week1,Mosby Woods,Week3,213.0 Langley - 189.0 Mosby Woods
Lakeview,Week2,Overlee,Week1,382.0 Overlee - 20.0 Lakeview
Langley,Week5,Villa Aquatic,Week4,256.0 Langley - 146.0 Villa Aquatic
Lakeview,Week1,Parklawn,Week5,244.0 Parklawn - 157.0 Lakeview
Langley,Week4,McLean,Week3,251.0 McLean - 151.0 Langley
Langley,Week5,McLean,Week2,253.0 McLean - 149.0 Langley
Langley,Week1,Mosby Woods,Week2,211.0 Mosby Woods - 191.0 Langley
Langley,Week3,Virginia Hills,Week4,373.0 Langley - 29.0 Virginia Hills
Lakeview,Week3,Virginia Run,Week5,326.0 Virginia Run - 76.0 Lakeview
Langley,Week2,Mosby Woods,Week2,222.0 Mosby Woods - 180.0 Langley
Lakeview,Week1,Wakefield Chapel,Week5,377.0 Wakefield Chapel - 25.0 Lakeview
Lakeview,Week3,Walden Glen,Week1,221.0 Walden Glen - 181.0 Lakeview
Lakeview,Week5,Orange Hunt,Week4,279.0 Orange Hunt - 114.0 Lakeview
Langley,Week4,McLean,Week4,239.0 McLean - 163.0 Langley
Langley,Week3,Mosby Woods,Week5,207.0 Mosby Woods - 195.0 Langley
Langley,Week1,Virginia Hills,Week1,372.0 Langley - 30.0 Virginia Hills
Lakeview,Week4,Virginia Run,Week5,323.0 Virginia Run - 79.0 Lakeview
Langley,Week1,Virginia Hills,Week2,378.5 Langley - 23.5 Virginia Hills
Langley,Week4,Mosby Woods,Week1,212.0 Mosby Woods - 190.0 Langley
Lakeview,Week5,Virginia Run,Week1,311.0 Virginia Run - 82.0 Lakeview
Lakeview,Week5,Orange Hunt,Week3,275.0 Orange Hunt - 118.0 Lakeview
Lakeview,Week2,Parklawn,Week2,239.0 Parklawn - 162.0 Lakeview
Lakeview,Week3,Overlee,Week1,367.0 Overlee - 35.0 Lakeview
Lakeview,Week5,Virginia Run,Week5,329.0 Virginia Run - 64.0 Lakeview
Langley,Week3,Brookfield ,Week1,257.0 Langley - 145.0 Brookfield
Langley,Week1,Virginia Hills,Week3,377.0 Langley - 25.0 Virginia Hills
Langley,Week4,Village West,Week4,306.0 Langley - 91.0 Village West
Langley,Week3,McLean,Week4,235.0 McLean - 167.0 Langley
Lakeview,Week5,Wakefield Chapel,Week1,360.0 Wakefield Chapel - 33.0 Lakeview
Langley,Week4,Village West,Week5,310.0 Langley - 92.0 Village West
Langley,Week3,Mosby Woods,Week4,216.0 Langley - 186.0 Mosby Woods
Lakeview,Week3,Overlee,Week2,379.0 Overlee - 23.0 Lakeview
Langley,Week4,Brookfield ,Week4,278.0 Langley - 124.0 Brookfield
Langley,Week2,Mosby Woods,Week1,229.0 Mosby Woods - 173.0 Langley
Langley,Week5,McLean,Week4,253.0 McLean - 149.0 Langley
Lakeview,Week4,Overlee,Week3,370.0 Overlee - 32.0 Lakeview
Lakeview,Week3,Overlee,Week4,389.0 Overlee - 13.0 Lakeview
Langley,Week4,Village West,Week3,298.0 Langley - 104.0 Village West
Lakeview,Week4,Walden Glen,Week2,239.0 Walden Glen - 163.0 Lakeview
Lakeview,Week4,Walden Glen,Week4,255.0 Walden Glen - 147.0 Lakeview
Lakeview,Week4,Overlee,Week4,389.0 Overlee - 13.0 Lakeview
Langley,Week4,McLean,Week5,255.0 McLean - 147.0 Langley
Langley,Week3,Virginia Hills,Week1,367.0 Langley - 35.0 Virginia Hills
Lakeview,Week4,Overlee,Week5,387.0 Overlee - 15.0 Lakeview
Langley,Week2,Mosby Woods,Week4,205.0 Mosby Woods - 197.0 Langley
Langley,Week5,Village West,Week3,292.0 Langley - 110.0 Village West
Langley,Week3,Brookfield ,Week5,268.0 Langley - 134.0 Brookfield
Lakeview,Week2,Overlee,Week3,388.0 Overlee - 14.0 Lakeview
Lakeview,Week4,Walden Glen,Week3,235.0 Walden Glen - 167.0 Lakeview
Langley,Week2,Brookfield ,Week4,246.0 Langley - 156.0 Brookfield
Lakeview,Week2,Walden Glen,Week3,287.0 Walden Glen - 115.0 Lakeview
Lakeview,Week1,Overlee,Week4,391.0 Overlee - 11.0 Lakeview
Langley,Week1,Broyhill Crest,Week3,381.0 Langley - 21.0 Broyhill Crest
Lakeview,Week3,Walden Glen,Week5,281.0 Walden Glen - 121.0 Lakeview
Langley,Week2,Virginia Hills,Week3,360.0 Langley - 42.0 Virginia Hills
Langley,Week2,Mosby Woods,Week5,217.0 Mosby Woods - 185.0 Langley
Langley,Week1,Virginia Hills,Week4,381.0 Langley - 21.0 Virginia Hills
Langley,Week5,Bren Mar-Edsall Park,Week3,368.0 Langley - 34.0 Bren Mar-Edsall Park
Lakeview,Week5,Walden Glen,Week4,271.0 Walden Glen - 122.0 Lakeview
Langley,Week5,Bren Mar-Edsall Park,Week4,366.0 Langley - 36.0 Bren Mar-Edsall Park
Langley,Week3,Virginia Hills,Week3,374.0 Langley - 28.0 Virginia Hills
Langley,Week4,Mosby Woods,Week2,202.0 Mosby Woods - 200.0 Langley
Langley,Week3,Virginia Hills,Week2,367.0 Langley - 35.0 Virginia Hills
Langley,Week5,Bren Mar-Edsall Park,Week5,368.0 Langley - 34.0 Bren Mar-Edsall Park
Langley,Week1,Virginia Hills,Week5,371.0 Langley - 31.0 Virginia Hills
Langley,Week3,Virginia Hills,Week5,360.0 Langley - 42.0 Virginia Hills
Langley,Week4,Mount Vernon Park,Week1,218.0 Langley - 184.0 Mount Vernon Park
Langley,Week1,Mount Vernon Park,Week4,218.0 Langley - 184.0 Mount Vernon Park
Langley,Week5,Village West,Week1,299.5 Langley - 102.5 Village West
Langley,Week4,Mount Vernon Park,Week5,223.0 Mount Vernon Park - 179.0 Langley
Langley,Week4,Mosby Woods,Week4,211.0 Langley - 191.0 Mosby Woods
Lakeview,Week4,Wakefield Chapel,Week3,354.0 Wakefield Chapel - 48.0 Lakeview
Lakeview,Week1,Walden Glen,Week2,263.0 Walden Glen - 139.0 Lakeview
Langley,Week1,Brookfield ,Week4,268.0 Langley - 134.0 Brookfield
Lakeview,Week3,Overlee,Week5,387.0 Overlee - 15.0 Lakeview
Lakeview,Week4,Wakefield Chapel,Week4,339.0 Wakefield Chapel - 63.0 Lakeview
Langley,Week2,Brookfield ,Week2,261.5 Langley - 140.5 Brookfield
Langley,Week4,Mount Vernon Park,Week4,211.0 Langley - 191.0 Mount Vernon Park
Langley,Week2,Mount Vernon Park,Week4,212.0 Mount Vernon Park - 190.0 Langley
Langley,Week2,Brookfield ,Week1,244.0 Langley - 158.0 Brookfield
Lakeview,Week5,Orange Hunt,Week5,287.0 Orange Hunt - 106.0 Lakeview
Lakeview,Week5,Wakefield Chapel,Week3,355.0 Wakefield Chapel - 38.0 Lakeview
Lakeview,Week1,Walden Glen,Week1,239.0 Walden Glen - 163.0 Lakeview
Langley,Week4,Brookfield ,Week5,274.0 Langley - 128.0 Brookfield
Langley,Week1,Brookfield ,Week5,271.0 Langley - 131.0 Brookfield
Lakeview,Week1,Overlee,Week3,385.0 Overlee - 17.0 Lakeview
Langley,Week4,Virginia Hills,Week3,363.0 Langley - 39.0 Virginia Hills
Langley,Week4,Virginia Hills,Week4,380.0 Langley - 22.0 Virginia Hills
Lakeview,Week2,Overlee,Week4,400.0 Overlee - 2.0 Lakeview
Lakeview,Week1,Overlee,Week2,383.0 Overlee - 19.0 Lakeview
Lakeview,Week5,Walden Glen,Week5,288.0 Walden Glen - 105.0 Lakeview
Langley,Week2,Mount Vernon Park,Week5,237.0 Mount Vernon Park - 165.0 Langley
Langley,Week1,Newington Forest,Week1,327.0 Langley - 75.0 Newington Forest
Langley,Week2,Virginia Hills,Week5,351.0 Langley - 50.0 Virginia Hills
Langley,Week4,Mosby Woods,Week3,206.0 Langley - 196.0 Mosby Woods
Langley,Week3,Mount Vernon Park,Week2,201.0 Langley - 201.0 Mount Vernon Park
Langley,Week1,Brookfield ,Week3,287.0 Langley - 115.0 Brookfield
Langley,Week5,Village West,Week5,294.0 Langley - 107.0 Village West
Langley,Week5,Brookfield ,Week4,257.5 Langley - 144.5 Brookfield
Lakeview,Week2,Overlee,Week5,395.0 Overlee - 7.0 Lakeview
Lakeview,Week3,Overlee,Week3,367.0 Overlee - 35.0 Lakeview
Lakeview,Week5,Overlee,Week2,376.0 Overlee - 17.0 Lakeview
Lakeview,Week1,Walden Glen,Week3,272.0 Walden Glen - 130.0 Lakeview
Lakeview,Week2,Walden Glen,Week1,239.0 Walden Glen - 159.0 Lakeview
Langley,Week2,Brookfield ,Week5,258.0 Langley - 144.0 Brookfield
Langley,Week5,Brookfield ,Week3,275.0 Langley - 127.0 Brookfield
Langley,Week5,Village West,Week2,297.0 Langley - 105.0 Village West
Langley,Week5,Village West,Week4,302.0 Langley - 95.0 Village West
Lakeview,Week5,Wakefield Chapel,Week5,369.0 Wakefield Chapel - 24.0 Lakeview
Lakeview,Week1,Overlee,Week5,392.0 Overlee - 10.0 Lakeview
Lakeview,Week5,Overlee,Week4,383.0 Overlee - 10.0 Lakeview
Lakeview,Week4,Wakefield Chapel,Week2,346.0 Wakefield Chapel - 56.0 Lakeview
Lakeview,Week4,Wakefield Chapel,Week5,363.0 Wakefield Chapel - 39.0 Lakeview
Langley,Week1,Brookfield ,Week2,283.0 Langley - 119.0 Brookfield
Langley,Week2,Virginia Hills,Week1,355.0 Langley - 47.0 Virginia Hills
Lakeview,Week1,Parklawn,Week2,227.0 Parklawn - 174.0 Lakeview
Langley,Week1,Mount Vernon Park,Week2,222.0 Langley - 180.0 Mount Vernon Park
Langley,Week1,Brookfield ,Week1,264.0 Langley - 138.0 Brookfield
Lakeview,Week1,Parklawn,Week1,200.0 Parklawn - 193.0 Lakeview
Langley,Week5,Mosby Woods,Week5,212.0 Mosby Woods - 190.0 Langley
Langley,Week4,Brookfield ,Week2,287.0 Langley - 115.0 Brookfield
Langley,Week4,Brookfield ,Week1,273.0 Langley - 129.0 Brookfield
Langley,Week2,Virginia Hills,Week4,366.0 Langley - 36.0 Virginia Hills
Lakeview,Week5,Walden Glen,Week1,216.0 Walden Glen - 173.0 Lakeview
Lakeview,Week5,Overlee,Week5,383.0 Overlee - 10.0 Lakeview
Langley,Week4,Virginia Hills,Week1,364.0 Langley - 38.0 Virginia Hills
Lakeview,Week2,Walden Glen,Week2,288.0 Walden Glen - 113.0 Lakeview
Langley,Week3,Brookfield ,Week2,269.0 Langley - 133.0 Brookfield
Lakeview,Week1,Parklawn,Week3,220.0 Parklawn - 181.0 Lakeview
Lakeview,Week2,Walden Glen,Week4,290.0 Walden Glen - 112.0 Lakeview
Langley,Week2,Virginia Hills,Week2,358.0 Langley - 44.0 Virginia Hills
Langley,Week4,Mosby Woods,Week5,205.0 Langley - 197.0 Mosby Woods
Langley,Week1,Mount Vernon Park,Week1,221.0 Langley - 181.0 Mount Vernon Park
Lakeview,Week1,Walden Glen,Week5,297.0 Walden Glen - 105.0 Lakeview
Lakeview,Week2,Parliament,Week2,281.0 Parliament - 121.0 Lakeview
Langley,Week5,Mosby Woods,Week1,214.0 Mosby Woods - 188.0 Langley
Langley,Week2,Virginia Run,Week1,224.0 Langley - 178.0 Virginia Run
Langley,Week5,Brookfield ,Week2,262.5 Langley - 139.5 Brookfield
Langley,Week2,Virginia Run,Week5,216.0 Langley - 186.0 Virginia Run
Lakeview,Week3,Parklawn,Week4,239.0 Parklawn - 162.0 Lakeview
Langley,Week3,Mount Vernon Park,Week4,204.0 Mount Vernon Park - 198.0 Langley
Langley,Week2,Mount Vernon Park,Week2,212.5 Mount Vernon Park - 189.5 Langley
Langley,Week4,Virginia Hills,Week5,364.0 Langley - 37.0 Virginia Hills
Lakeview,Week5,Wakefield Chapel,Week4,350.0 Wakefield Chapel - 43.0 Lakeview
Langley,Week2,Brookfield ,Week3,278.0 Langley - 124.0 Brookfield
Langley,Week3,Mount Vernon Park,Week1,214.0 Langley - 188.0 Mount Vernon Park
Lakeview,Week1,Walden Glen,Week4,285.0 Walden Glen - 117.0 Lakeview
Lakeview,Week2,Parklawn,Week1,197.0 Parklawn - 196.0 Lakeview
Lakeview,Week4,Parklawn,Week1,234.0 Lakeview - 159.0 Parklawn
Lakeview,Week5,Wakefield Chapel,Week2,351.0 Wakefield Chapel - 42.0 Lakeview
Langley,Week2,Mount Vernon Park,Week1,206.0 Langley - 196.0 Mount Vernon Park
Langley,Week5,Virginia Run,Week5,228.0 Langley - 174.0 Virginia Run
Langley,Week3,Brookfield ,Week4,262.0 Langley - 140.0 Brookfield
Langley,Week3,Mount Vernon Park,Week5,218.0 Mount Vernon Park - 184.0 Langley
Lakeview,Week1,Parklawn,Week4,247.0 Parklawn - 154.0 Lakeview
Langley,Week5,Virginia Hills,Week3,359.0 Langley - 43.0 Virginia Hills
Langley,Week4,Virginia Run,Week1,250.0 Langley - 152.0 Virginia Run
Lakeview,Week1,Parliament,Week4,281.0 Parliament - 121.0 Lakeview
Lakeview,Week3,Walden Glen,Week2,246.0 Walden Glen - 156.0 Lakeview
Langley,Week3,Brookfield ,Week3,286.0 Langley - 116.0 Brookfield
Lakeview,Week2,Walden Glen,Week5,305.0 Walden Glen - 97.0 Lakeview
Langley,Week2,Virginia Run,Week2,253.0 Langley - 149.0 Virginia Run
Langley,Week4,Brookfield ,Week3,292.0 Langley - 110.0 Brookfield
Langley,Week5,Brookfield ,Week1,256.0 Langley - 146.0 Brookfield
Lakeview,Week5,Parklawn,Week5,223.0 Parklawn - 170.0 Lakeview
Langley,Week1,Wakefield Chapel,Week2,218.5 Wakefield Chapel - 183.5 Langley
Langley,Week5,Mosby Woods,Week2,221.0 Mosby Woods - 181.0 Langley
Langley,Week2,Burke Station,Week2,299.5 Langley - 102.5 Burke Station
Lakeview,Week5,Parklawn,Week4,239.0 Parklawn - 154.0 Lakeview
Langley,Week4,Mount Vernon Park,Week2,213.0 Langley - 189.0 Mount Vernon Park
Langley,Week4,Virginia Run,Week2,269.0 Langley - 133.0 Virginia Run
Langley,Week5,Virginia Hills,Week4,365.0 Langley - 37.0 Virginia Hills
Langley,Week3,Broyhill Crest,Week1,369.0 Langley - 33.0 Broyhill Crest
Langley,Week2,Broyhill Crest,Week3,371.0 Langley - 31.0 Broyhill Crest
Lakeview,Week3,Walden Glen,Week4,268.0 Walden Glen - 134.0 Lakeview
Langley,Week5,Mosby Woods,Week3,205.0 Mosby Woods - 197.0 Langley
Lakeview,Week2,Parliament,Week3,288.5 Parliament - 113.5 Lakeview
Langley,Week5,Mosby Woods,Week4,214.0 Langley - 188.0 Mosby Woods
Lakeview,Week2,Parliament,Week1,301.0 Parliament - 97.0 Lakeview
Langley,Week5,Brookfield ,Week5,267.0 Langley - 135.0 Brookfield
Lakeview,Week3,Walden Glen,Week3,255.0 Walden Glen - 147.0 Lakeview
Langley,Week1,Broyhill Crest,Week1,380.0 Langley - 21.0 Broyhill Crest
Langley,Week3,Virginia Run,Week3,245.0 Langley - 157.0 Virginia Run
Langley,Week1,Broyhill Crest,Week2,385.0 Langley - 16.0 Broyhill Crest
Langley,Week1,Mount Vernon Park,Week3,205.0 Langley - 197.0 Mount Vernon Park
Langley,Week3,Virginia Run,Week4,246.0 Langley - 156.0 Virginia Run
Langley,Week3,Mount Vernon Park,Week3,203.0 Mount Vernon Park - 199.0 Langley
Langley,Week5,Broyhill Crest,Week4,370.5 Langley - 31.5 Broyhill Crest
Lakeview,Week2,Waynewood,Week3,355.0 Waynewood - 47.0 Lakeview
Langley,Week2,Mount Vernon Park,Week3,219.0 Mount Vernon Park - 183.0 Langley
Langley,Week1,Mount Vernon Park,Week5,211.0 Mount Vernon Park - 191.0 Langley
Langley,Week4,Mount Vernon Park,Week3,205.0 Mount Vernon Park - 197.0 Langley
Lakeview,Week4,Walden Glen,Week1,204.0 Walden Glen - 198.0 Lakeview
Lakeview,Week3,Parliament,Week1,278.5 Parliament - 123.5 Lakeview
Langley,Week5,Mount Vernon Park,Week1,209.0 Langley - 188.0 Mount Vernon Park
Langley,Week5,Virginia Run,Week3,245.0 Langley - 157.0 Virginia Run
Langley,Week3,Broyhill Crest,Week3,372.0 Langley - 30.0 Broyhill Crest
Langley,Week1,Virginia Run,Week5,233.0 Langley - 169.0 Virginia Run
Lakeview,Week4,Parklawn,Week2,212.0 Lakeview - 190.0 Parklawn
Langley,Week5,Virginia Hills,Week2,365.0 Langley - 37.0 Virginia Hills
Lakeview,Week3,Parklawn,Week5,219.0 Parklawn - 182.0 Lakeview
Lakeview,Week2,Parliament,Week4,282.0 Parliament - 119.0 Lakeview
Lakeview,Week2,Waynewood,Week2,347.0 Waynewood - 55.0 Lakeview
Langley,Week1,Broyhill Crest,Week5,368.0 Langley - 34.0 Broyhill Crest
Lakeview,Week5,Walden Glen,Week2,249.0 Walden Glen - 144.0 Lakeview
Lakeview,Week5,Walden Glen,Week3,246.0 Walden Glen - 147.0 Lakeview
Lakeview,Week4,Walden Glen,Week5,266.0 Walden Glen - 136.0 Lakeview
Langley,Week2,Wakefield Chapel,Week1,234.0 Wakefield Chapel - 168.0 Langley
Lakeview,Week2,Parliament,Week5,284.0 Parliament - 114.0 Lakeview
Lakeview,Week1,Waynewood,Week5,350.0 Waynewood - 52.0 Lakeview
Langley,Week5,Mount Vernon Park,Week4,203.0 Langley - 199.0 Mount Vernon Park
Langley,Week1,Burke Station,Week4,326.0 Langley - 76.0 Burke Station
Langley,Week1,Virginia Run,Week2,265.0 Langley - 137.0 Virginia Run
Langley,Week5,Mount Vernon Park,Week2,204.0 Mount Vernon Park - 198.0 Langley
Lakeview,Week4,Parklawn,Week4,218.0 Parklawn - 184.0 Lakeview
Lakeview,Week5,Parklawn,Week3,210.0 Parklawn - 183.0 Lakeview
Langley,Week3,Broyhill Crest,Week2,378.0 Langley - 24.0 Broyhill Crest
Lakeview,Week3,Parklawn,Week3,213.0 Parklawn - 188.0 Lakeview
Langley,Week4,Virginia Run,Week3,263.0 Langley - 139.0 Virginia Run
Langley,Week5,Mount Vernon Park,Week5,230.0 Mount Vernon Park - 172.0 Langley
Lakeview,Week1,Waynewood,Week2,343.0 Waynewood - 59.0 Lakeview
Lakeview,Week1,Waynewood,Week3,348.0 Waynewood - 54.0 Lakeview
Langley,Week1,Virginia Run,Week4,242.0 Langley - 160.0 Virginia Run
Langley,Week2,Broyhill Crest,Week4,366.0 Langley - 36.0 Broyhill Crest
Lakeview,Week3,Waynewood,Week5,345.0 Waynewood - 57.0 Lakeview
Lakeview,Week4,Parklawn,Week3,229.0 Lakeview - 173.0 Parklawn
Lakeview,Week3,Waynewood,Week3,345.0 Waynewood - 57.0 Lakeview
Langley,Week1,Virginia Run,Week1,240.0 Langley - 162.0 Virginia Run
Lakeview,Week2,Parklawn,Week4,260.0 Parklawn - 140.0 Lakeview
Lakeview,Week3,Waynewood,Week4,330.0 Waynewood - 72.0 Lakeview
Langley,Week5,Mount Vernon Park,Week3,206.0 Mount Vernon Park - 196.0 Langley
Langley,Week5,Broyhill Crest,Week3,372.0 Langley - 30.0 Broyhill Crest
Langley,Week1,Burke Station,Week3,305.0 Langley - 91.0 Burke Station
Langley,Week5,Virginia Hills,Week5,355.0 Langley - 47.0 Virginia Hills
Langley,Week2,Broyhill Crest,Week5,352.0 Langley - 50.0 Broyhill Crest
Langley,Week4,Virginia Run,Week5,250.0 Langley - 152.0 Virginia Run
Langley,Week1,North Springfield,Week3,332.0 Langley - 65.0 North Springfield
Langley,Week2,Virginia Run,Week3,253.0 Langley - 149.0 Virginia Run
Lakeview,Week5,Parklawn,Week1,200.0 Lakeview - 184.0 Parklawn
Lakeview,Week1,Waynewood,Week1,327.0 Waynewood - 75.0 Lakeview
Langley,Week4,Broyhill Crest,Week5,365.0 Langley - 37.0 Broyhill Crest
Lakeview,Week2,Parklawn,Week5,238.0 Parklawn - 163.0 Lakeview
Langley,Week3,Virginia Run,Week1,229.0 Langley - 173.0 Virginia Run
Lakeview,Week2,Waynewood,Week1,328.0 Waynewood - 74.0 Lakeview
Lakeview,Week3,Parklawn,Week1,205.0 Lakeview - 188.0 Parklawn
Langley,Week2,Virginia Run,Week4,238.0 Langley - 164.0 Virginia Run
Langley,Week4,Newington Forest,Week4,312.0 Langley - 90.0 Newington Forest
Langley,Week4,Broyhill Crest,Week4,373.0 Langley - 29.0 Broyhill Crest
Langley,Week2,Newington Forest,Week2,310.0 Langley - 91.0 Newington Forest
Langley,Week5,Newington Forest,Week2,310.0 Langley - 92.0 Newington Forest
Lakeview,Week2,Waynewood,Week5,356.0 Waynewood - 46.0 Lakeview
Langley,Week3,Broyhill Crest,Week5,367.0 Langley - 35.0 Broyhill Crest
Langley,Week5,Broyhill Crest,Week1,372.0 Langley - 24.0 Broyhill Crest
Lakeview,Week2,Parklawn,Week3,227.0 Parklawn - 174.0 Lakeview
Langley,Week1,Virginia Run,Week3,272.5 Langley - 129.5 Virginia Run
Lakeview,Week4,Parklawn,Week5,209.0 Lakeview - 193.0 Parklawn
Lakeview,Week3,Waynewood,Week1,310.0 Waynewood - 92.0 Lakeview
Langley,Week3,Newington Forest,Week3,316.0 Langley - 86.0 Newington Forest
Langley,Week3,Broyhill Crest,Week4,373.0 Langley - 29.0 Broyhill Crest
Lakeview,Week2,Waynewood,Week4,343.0 Waynewood - 59.0 Lakeview
Lakeview,Week3,Parklawn,Week2,225.0 Parklawn - 176.0 Lakeview
Lakeview,Week4,Waynewood,Week1,292.0 Waynewood - 110.0 Lakeview
Langley,Week5,Virginia Run,Week4,237.0 Langley - 165.0 Virginia Run
Langley,Week1,North Springfield,Week2,336.0 Langley - 52.0 North Springfield
Langley,Week4,Newington Forest,Week2,319.0 Langley - 82.0 Newington Forest
Langley,Week1,Wakefield Chapel,Week4,219.0 Wakefield Chapel - 183.0 Langley
Langley,Week1,Newington Forest,Week2,321.0 Langley - 81.0 Newington Forest
Lakeview,Week1,Parliament,Week2,270.0 Parliament - 131.0 Lakeview
Langley,Week5,Broyhill Crest,Week2,378.0 Langley - 22.0 Broyhill Crest
Lakeview,Week5,Parliament,Week5,268.0 Parliament - 121.0 Lakeview
Langley,Week5,Virginia Run,Week2,253.0 Langley - 149.0 Virginia Run
Langley,Week1,Broyhill Crest,Week4,377.0 Langley - 25.0 Broyhill Crest
Lakeview,Week5,Parliament,Week4,264.0 Parliament - 128.0 Lakeview
Langley,Week1,Wakefield Chapel,Week3,223.0 Wakefield Chapel - 179.0 Langley
Langley,Week2,Broyhill Crest,Week1,365.0 Langley - 36.0 Broyhill Crest
Lakeview,Week3,Waynewood,Week2,333.0 Waynewood - 69.0 Lakeview
Langley,Week1,North Springfield,Week4,337.0 Langley - 55.0 North Springfield
Langley,Week5,Virginia Run,Week1,219.0 Langley - 183.0 Virginia Run
Lakeview,Week5,Parklawn,Week2,210.0 Parklawn - 183.0 Lakeview
Langley,Week2,Burke Station,Week5,299.0 Langley - 103.0 Burke Station
Langley,Week2,Burke Station,Week4,319.0 Langley - 83.0 Burke Station
Langley,Week3,Burke Station,Week1,278.0 Langley - 101.0 Burke Station
Langley,Week1,Burke Station,Week1,277.0 Langley - 102.0 Burke Station
Lakeview,Week1,Pinecrest,Week1,340.0 Pinecrest - 62.0 Lakeview
Lakeview,Week4,Waynewood,Week4,315.0 Waynewood - 87.0 Lakeview
Lakeview,Week4,Parliament,Week3,248.0 Parliament - 154.0 Lakeview
Langley,Week3,Virginia Run,Week2,262.0 Langley - 140.0 Virginia Run
Langley,Week2,Newington Forest,Week5,296.0 Langley - 106.0 Newington Forest
Langley,Week1,Wakefield Chapel,Week1,232.0 Wakefield Chapel - 170.0 Langley
Langley,Week1,Wakefield Chapel,Week5,251.0 Wakefield Chapel - 151.0 Langley
Langley,Week2,Newington Forest,Week1,311.5 Langley - 90.5 Newington Forest
Langley,Week4,Newington Forest,Week5,306.0 Langley - 96.0 Newington Forest
Lakeview,Week1,Parliament,Week5,288.0 Parliament - 114.0 Lakeview
Langley,Week4,Virginia Run,Week4,260.0 Langley - 142.0 Virginia Run
Langley,Week2,Broyhill Crest,Week2,372.5 Langley - 29.5 Broyhill Crest
Langley,Week2,Walden Glen,Week1,305.0 Langley - 97.0 Walden Glen
Langley,Week4,Broyhill Crest,Week3,378.0 Langley - 24.0 Broyhill Crest
Langley,Week3,Newington Forest,Week4,312.0 Langley - 90.0 Newington Forest
Lakeview,Week1,Parliament,Week1,305.0 Parliament - 97.0 Lakeview
Langley,Week3,Newington Forest,Week2,319.0 Langley - 83.0 Newington Forest
Lakeview,Week4,Waynewood,Week2,313.0 Waynewood - 89.0 Lakeview
Langley,Week1,Newington Forest,Week3,315.0 Langley - 87.0 Newington Forest
Langley,Week4,Broyhill Crest,Week1,374.0 Langley - 28.0 Broyhill Crest
Lakeview,Week1,Parliament,Week3,280.0 Parliament - 122.0 Lakeview
Langley,Week4,Newington Forest,Week3,310.0 Langley - 92.0 Newington Forest
Lakeview,Week4,Waynewood,Week3,326.0 Waynewood - 76.0 Lakeview
Langley,Week5,Newington Forest,Week4,300.0 Langley - 102.0 Newington Forest
Lakeview,Week1,Waynewood,Week4,335.0 Waynewood - 67.0 Lakeview
Langley,Week3,Virginia Run,Week5,231.0 Langley - 171.0 Virginia Run
Lakeview,Week5,Parliament,Week2,249.0 Parliament - 143.0 Lakeview
Langley,Week2,Walden Glen,Week4,282.0 Langley - 120.0 Walden Glen
Langley,Week5,Newington Forest,Week5,289.0 Langley - 113.0 Newington Forest
Lakeview,Week4,Parliament,Week4,250.0 Parliament - 152.0 Lakeview
Langley,Week4,Broyhill Crest,Week2,381.0 Langley - 21.0 Broyhill Crest
Lakeview,Week1,Pinecrest,Week4,360.0 Pinecrest - 42.0 Lakeview
Langley,Week2,Wakefield Chapel,Week2,228.0 Wakefield Chapel - 174.0 Langley
Lakeview,Week1,Pinecrest,Week3,364.0 Pinecrest - 38.0 Lakeview
Langley,Week3,Wakefield Chapel,Week1,249.5 Wakefield Chapel - 152.5 Langley
Langley,Week2,Newington Forest,Week4,308.0 Langley - 94.0 Newington Forest
Lakeview,Week4,Parliament,Week2,242.0 Parliament - 160.0 Lakeview
Langley,Week2,Burke Station,Week1,269.0 Langley - 110.0 Burke Station
Langley,Week5,Wakefield Chapel,Week5,255.0 Wakefield Chapel - 147.0 Langley
Langley,Week1,North Springfield,Week1,317.0 Langley - 34.0 North Springfield
Lakeview,Week5,Parliament,Week3,276.0 Parliament - 117.0 Lakeview
Langley,Week2,Newington Forest,Week3,310.0 Langley - 92.0 Newington Forest
Langley,Week3,Wakefield Chapel,Week3,240.0 Wakefield Chapel - 162.0 Langley
Langley,Week1,Burke Station,Week2,321.0 Langley - 81.0 Burke Station
Langley,Week5,Broyhill Crest,Week5,367.0 Langley - 35.0 Broyhill Crest
Langley,Week5,Wakefield Chapel,Week4,236.0 Wakefield Chapel - 166.0 Langley
Lakeview,Week3,Parliament,Week5,267.0 Parliament - 135.0 Lakeview
Langley,Week1,Burke Station,Week5,308.0 Langley - 94.0 Burke Station
Langley,Week5,Newington Forest,Week1,312.0 Langley - 90.0 Newington Forest
Langley,Week2,Burke Station,Week3,289.0 Langley - 107.0 Burke Station
Langley,Week5,North Springfield,Week2,326.0 Langley - 62.0 North Springfield
Langley,Week3,Camelot,Week3,265.0 Langley - 137.0 Camelot
Langley,Week1,North Springfield,Week5,318.0 Langley - 56.0 North Springfield
Langley,Week4,Burke Station,Week3,317.0 Langley - 79.0 Burke Station
Langley,Week3,Wakefield Chapel,Week4,218.0 Wakefield Chapel - 184.0 Langley
Langley,Week3,Camelot,Week2,254.0 Langley - 148.0 Camelot
Langley,Week3,Camelot,Week1,270.0 Langley - 132.0 Camelot
Langley,Week5,Wakefield Chapel,Week3,239.0 Wakefield Chapel - 163.0 Langley
Langley,Week4,Newington Forest,Week1,327.0 Langley - 75.0 Newington Forest
Langley,Week2,Walden Glen,Week2,280.0 Langley - 122.0 Walden Glen
Lakeview,Week2,Pinecrest,Week4,371.0 Pinecrest - 31.0 Lakeview
Langley,Week4,Camelot,Week4,288.0 Langley - 114.0 Camelot
Lakeview,Week1,Pinecrest,Week5,360.0 Pinecrest - 42.0 Lakeview
Lakeview,Week2,Pinecrest,Week3,358.0 Pinecrest - 44.0 Lakeview
Langley,Week4,Wakefield Chapel,Week1,240.0 Wakefield Chapel - 162.0 Langley
Lakeview,Week4,Parliament,Week5,264.0 Parliament - 138.0 Lakeview
Langley,Week4,Wakefield Chapel,Week4,217.0 Wakefield Chapel - 185.0 Langley
Langley,Week3,Burke Station,Week3,305.0 Langley - 92.0 Burke Station
Langley,Week1,Newington Forest,Week5,305.0 Langley - 97.0 Newington Forest
Langley,Week1,Newington Forest,Week4,313.0 Langley - 89.0 Newington Forest
Langley,Week4,Camelot,Week2,266.0 Langley - 136.0 Camelot
Langley,Week5,Newington Forest,Week3,305.0 Langley - 97.0 Newington Forest
Langley,Week5,Wakefield Chapel,Week2,243.0 Wakefield Chapel - 159.0 Langley
Langley,Week4,Burke Station,Week5,308.0 Langley - 94.0 Burke Station
Lakeview,Week3,Parliament,Week4,259.0 Parliament - 143.0 Lakeview
Langley,Week2,Wakefield Chapel,Week5,262.0 Wakefield Chapel - 140.0 Langley
Lakeview,Week2,Pinecrest,Week1,342.0 Pinecrest - 60.0 Lakeview
Langley,Week3,Newington Forest,Week5,304.0 Langley - 98.0 Newington Forest
Lakeview,Week2,Pinecrest,Week2,354.0 Pinecrest - 48.0 Lakeview
Lakeview,Week4,Parliament,Week1,278.0 Parliament - 124.0 Lakeview
Langley,Week3,Newington Forest,Week1,324.0 Langley - 78.0 Newington Forest
Langley,Week1,Camelot,Week1,279.0 Langley - 123.0 Camelot
Langley,Week5,Burke Station,Week1,277.0 Langley - 102.0 Burke Station
Langley,Week1,Walden Glen,Week5,272.0 Langley - 130.0 Walden Glen
Langley,Week1,Oakton ,Week5,216.0 Oakton - 186.0 Langley
Lakeview,Week3,Parliament,Week3,261.0 Parliament - 141.0 Lakeview
Langley,Week4,Wakefield Chapel,Week3,231.0 Wakefield Chapel - 171.0 Langley
Langley,Week4,Wakefield Chapel,Week5,257.0 Wakefield Chapel - 145.0 Langley
Langley,Week1,Camelot,Week2,264.0 Langley - 138.0 Camelot
Langley,Week5,Burke Station,Week5,302.0 Langley - 100.0 Burke Station
Lakeview,Week3,Parliament,Week2,244.0 Parliament - 158.0 Lakeview
Langley,Week2,Wakefield Chapel,Week3,240.0 Wakefield Chapel - 162.0 Langley
Langley,Week1,Camelot,Week4,277.0 Langley - 125.0 Camelot
Langley,Week1,Camelot,Week3,264.0 Langley - 138.0 Camelot
Langley,Week5,Camelot,Week2,258.0 Langley - 144.0 Camelot
Langley,Week1,Oakton ,Week3,211.0 Oakton - 191.0 Langley
Lakeview,Week1,Pinecrest,Week2,354.0 Pinecrest - 48.0 Lakeview
Langley,Week1,Walden Glen,Week1,317.0 Langley - 85.0 Walden Glen
Langley,Week2,Wakefield Chapel,Week4,214.0 Wakefield Chapel - 188.0 Langley
Langley,Week3,Burke Station,Week2,321.5 Langley - 80.5 Burke Station
Langley,Week3,Oakton ,Week3,210.0 Oakton - 192.0 Langley
Langley,Week3,Wakefield Chapel,Week5,254.0 Wakefield Chapel - 148.0 Langley
Lakeview,Week5,Parliament,Week1,287.0 Parliament - 102.0 Lakeview
Langley,Week3,North Springfield,Week1,314.0 Langley - 36.0 North Springfield
Langley,Week5,Wakefield Chapel,Week1,246.0 Wakefield Chapel - 156.0 Langley
Langley,Week4,Wakefield Chapel,Week2,210.0 Wakefield Chapel - 192.0 Langley
Langley,Week3,North Springfield,Week3,323.0 Langley - 73.0 North Springfield
Langley,Week2,Walden Glen,Week3,298.0 Langley - 104.0 Walden Glen
Langley,Week3,Oakton ,Week2,219.0 Oakton - 183.0 Langley
Langley,Week3,Burke Station,Week5,305.0 Langley - 97.0 Burke Station
Langley,Week1,Walden Glen,Week2,293.0 Langley - 109.0 Walden Glen
Langley,Week2,Camelot,Week1,283.0 Langley - 119.0 Camelot
Langley,Week2,North Springfield,Week1,310.0 Langley - 41.0 North Springfield
Langley,Week4,Burke Station,Week2,326.0 Langley - 76.0 Burke Station
Langley,Week3,North Springfield,Week2,337.0 Langley - 51.0 North Springfield
Langley,Week3,Wakefield Chapel,Week2,221.0 Wakefield Chapel - 181.0 Langley
Langley,Week3,North Springfield,Week5,306.0 Langley - 67.0 North Springfield
Langley,Week2,North Springfield,Week4,331.0 Langley - 60.0 North Springfield
Langley,Week2,Oakton ,Week4,224.0 Oakton - 178.0 Langley
Langley,Week1,Walden Glen,Week3,309.0 Langley - 93.0 Walden Glen
Langley,Week4,Burke Station,Week4,324.0 Langley - 78.0 Burke Station
Langley,Week1,Walden Glen,Week4,288.0 Langley - 114.0 Walden Glen
Langley,Week5,North Springfield,Week1,305.0 Langley - 46.0 North Springfield
Langley,Week4,Burke Station,Week1,287.0 Langley - 92.0 Burke Station
Langley,Week4,North Springfield,Week5,302.0 Langley - 71.0 North Springfield
Langley,Week2,Oakton ,Week2,232.0 Oakton - 170.0 Langley
Langley,Week5,Burke Station,Week2,315.0 Langley - 87.0 Burke Station
Langley,Week1,Waynewood,Week2,229.0 Langley - 173.0 Waynewood
Langley,Week4,Walden Glen,Week4,292.5 Langley - 109.5 Walden Glen
Langley,Week4,North Springfield,Week3,325.0 Langley - 71.0 North Springfield
Langley,Week2,North Springfield,Week5,303.0 Langley - 70.0 North Springfield
Langley,Week3,Walden Glen,Week1,313.0 Langley - 89.0 Walden Glen
Langley,Week4,North Springfield,Week1,306.0 Langley - 45.0 North Springfield
Langley,Week1,Camelot,Week5,266.0 Langley - 136.0 Camelot
Langley,Week4,Waynewood,Week2,223.0 Langley - 179.0 Waynewood
Langley,Week2,Camelot,Week3,264.0 Langley - 138.0 Camelot
Langley,Week5,North Springfield,Week3,323.0 Langley - 74.0 North Springfield
Langley,Week3,North Springfield,Week4,330.0 Langley - 61.0 North Springfield
Langley,Week5,North Springfield,Week4,327.0 Langley - 60.0 North Springfield
Langley,Week5,Burke Station,Week3,307.0 Langley - 90.0 Burke Station
Langley,Week4,Walden Glen,Week5,275.0 Langley - 127.0 Walden Glen
Langley,Week2,Camelot,Week2,260.0 Langley - 142.0 Camelot
Langley,Week3,Walden Glen,Week5,268.0 Langley - 134.0 Walden Glen
Langley,Week5,North Springfield,Week5,299.0 Langley - 75.0 North Springfield
Langley,Week5,Burke Station,Week4,321.0 Langley - 81.0 Burke Station
Langley,Week4,North Springfield,Week4,330.0 Langley - 62.0 North Springfield
Langley,Week3,Waynewood,Week1,238.0 Langley - 164.0 Waynewood
Langley,Week1,Waynewood,Week5,205.0 Waynewood - 197.0 Langley
Langley,Week2,Camelot,Week4,272.0 Langley - 130.0 Camelot
Langley,Week3,Burke Station,Week4,324.0 Langley - 78.0 Burke Station
Langley,Week2,North Springfield,Week2,325.0 Langley - 63.0 North Springfield
Langley,Week4,Camelot,Week3,280.0 Langley - 122.0 Camelot
Lakeview,Week4,Lake Braddock,Week4,228.0 Lakeview - 174.0 Lake Braddock
Langley,Week2,North Springfield,Week3,320.0 Langley - 76.0 North Springfield
Lakeview,Week2,Lakevale Estates,Week1,348.0 Lakevale Estates - 54.0 Lakeview
Langley,Week2,Camelot,Week5,269.0 Langley - 133.0 Camelot
Langley,Week4,Camelot,Week5,276.0 Langley - 126.0 Camelot
Langley,Week2,Waynewood,Week3,204.0 Waynewood - 198.0 Langley
Langley,Week1,Oakton ,Week1,203.0 Oakton - 199.0 Langley
Langley,Week4,Camelot,Week1,288.0 Langley - 114.0 Camelot
Langley,Week5,Walden Glen,Week3,294.0 Langley - 108.0 Walden Glen
Lakeview,Week2,Lake Braddock,Week5,232.0 Lake Braddock - 170.0 Lakeview
Langley,Week3,Camelot,Week4,274.0 Langley - 128.0 Camelot
Langley,Week1,Oakton ,Week2,224.0 Oakton - 178.0 Langley
Lakeview,Week5,Lake Braddock,Week4,213.0 Lakeview - 180.0 Lake Braddock
Langley,Week2,Waynewood,Week4,217.0 Langley - 185.0 Waynewood
Langley,Week5,Walden Glen,Week2,278.0 Langley - 124.0 Walden Glen
Lakeview,Week2,Lake Braddock,Week4,227.0 Lake Braddock - 175.0 Lakeview
Langley,Week1,Waynewood,Week1,246.0 Langley - 156.0 Waynewood
Langley,Week2,Walden Glen,Week5,267.0 Langley - 135.0 Walden Glen
Langley,Week5,Camelot,Week1,270.0 Langley - 132.0 Camelot
Langley,Week2,Oakton ,Week1,212.0 Oakton - 190.0 Langley
Langley,Week1,Oakton ,Week4,211.0 Oakton - 191.0 Langley
Langley,Week2,Oakton ,Week3,217.0 Oakton - 185.0 Langley
Lakeview,Week1,Lakevale Estates,Week1,350.0 Lakevale Estates - 52.0 Lakeview
Langley,Week5,Walden Glen,Week1,301.0 Langley - 101.0 Walden Glen
Langley,Week3,Camelot,Week5,262.0 Langley - 140.0 Camelot
Langley,Week3,Canterbury Woods,Week1,300.5 Langley - 101.5 Canterbury Woods
Lakeview,Week1,Lake Braddock,Week4,223.0 Lake Braddock - 179.0 Lakeview
Langley,Week5,Walden Glen,Week4,281.0 Langley - 121.0 Walden Glen
Langley,Week4,North Springfield,Week2,333.0 Langley - 55.0 North Springfield
Lakeview,Week5,Lake Braddock,Week2,205.0 Lakeview - 188.0 Lake Braddock
Langley,Week4,Oakton ,Week1,203.0 Oakton - 199.0 Langley
Langley,Week5,Canterbury Woods,Week1,289.0 Langley - 113.0 Canterbury Woods
Langley,Week4,Old Keene Mill,Week3,306.0 Langley - 96.0 Old Keene Mill
Langley,Week2,Oakton ,Week5,229.0 Oakton - 173.0 Langley
Langley,Week3,Canterbury Woods,Week2,301.0 Langley - 101.0 Canterbury Woods
Langley,Week1,Waynewood,Week3,211.0 Langley - 191.0 Waynewood
Langley,Week4,Old Keene Mill,Week4,316.0 Langley - 86.0 Old Keene Mill
Langley,Week4,Walden Glen,Week2,301.0 Langley - 101.0 Walden Glen
Lakeview,Week3,Lakevale Estates,Week1,331.0 Lakevale Estates - 71.0 Lakeview
Langley,Week4,Walden Glen,Week3,304.0 Langley - 98.0 Walden Glen
Langley,Week3,Waynewood,Week2,217.0 Langley - 185.0 Waynewood
Langley,Week2,Canterbury Woods,Week2,290.0 Langley - 112.0 Canterbury Woods
Langley,Week1,Old Keene Mill,Week3,316.0 Langley - 86.0 Old Keene Mill
Lakeview,Week3,Lakevale Estates,Week3,333.0 Lakevale Estates - 69.0 Lakeview
Lakeview,Week2,Camelot,Week4,257.0 Camelot - 145.0 Lakeview
Langley,Week3,Canterbury Woods,Week5,288.0 Langley - 114.0 Canterbury Woods
Lakeview,Week2,Camelot,Week2,258.0 Camelot - 144.0 Lakeview
Lakeview,Week5,Lake Braddock,Week1,227.0 Lakeview - 165.0 Lake Braddock
Langley,Week1,Waynewood,Week4,240.0 Langley - 162.0 Waynewood
Langley,Week5,Oakton ,Week4,233.0 Oakton - 169.0 Langley
Lakeview,Week1,Camelot,Week2,263.0 Camelot - 139.0 Lakeview
Langley,Week1,Canterbury Woods,Week3,288.0 Langley - 114.0 Canterbury Woods
Langley,Week4,Canterbury Woods,Week4,284.0 Langley - 118.0 Canterbury Woods
Lakeview,Week3,Lake Braddock,Week1,233.0 Lakeview - 169.0 Lake Braddock
Lakeview,Week2,Lake Braddock,Week2,201.0 Lake Braddock - 201.0 Lakeview
Langley,Week3,Waynewood,Week3,204.0 Langley - 198.0 Waynewood
Langley,Week3,Oakton ,Week1,202.5 Langley - 199.5 Oakton
Lakeview,Week3,Lake Braddock,Week4,204.0 Lakeview - 198.0 Lake Braddock
Langley,Week5,Canterbury Woods,Week2,291.0 Langley - 111.0 Canterbury Woods
Langley,Week4,Walden Glen,Week1,313.0 Langley - 89.0 Walden Glen
Langley,Week5,Oakton ,Week3,216.0 Oakton - 186.0 Langley
Langley,Week4,Canterbury Woods,Week3,291.0 Langley - 111.0 Canterbury Woods
Lakeview,Week4,Lake Braddock,Week2,228.0 Lakeview - 174.0 Lake Braddock
Lakeview,Week3,Lake Braddock,Week5,203.0 Lakeview - 199.0 Lake Braddock
Langley,Week4,Canterbury Woods,Week1,295.0 Langley - 107.0 Canterbury Woods
Langley,Week5,Canterbury Woods,Week3,271.0 Langley - 131.0 Canterbury Woods
Langley,Week3,Walden Glen,Week2,293.0 Langley - 109.0 Walden Glen
Langley,Week3,Old Keene Mill,Week5,287.0 Langley - 115.0 Old Keene Mill
Langley,Week2,Waynewood,Week5,219.0 Waynewood - 183.0 Langley
Langley,Week3,Walden Glen,Week3,304.0 Langley - 98.0 Walden Glen
Lakeview,Week5,Lake Braddock,Week5,212.0 Lakeview - 181.0 Lake Braddock
Langley,Week3,Waynewood,Week4,223.0 Langley - 179.0 Waynewood
Lakeview,Week5,Burke Station,Week4,197.0 Burke Station - 195.0 Lakeview
Langley,Week2,Old Keene Mill,Week1,297.0 Langley - 105.0 Old Keene Mill
Langley,Week3,Canterbury Woods,Week4,293.0 Langley - 109.0 Canterbury Woods
Lakeview,Week1,Lakevale Estates,Week2,354.0 Lakevale Estates - 48.0 Lakeview
Langley,Week3,Old Keene Mill,Week3,308.0 Langley - 94.0 Old Keene Mill
Lakeview,Week4,Camelot,Week2,229.0 Camelot - 173.0 Lakeview
Lakeview,Week1,Lake Braddock,Week5,235.0 Lake Braddock - 167.0 Lakeview
Langley,Week2,Waynewood,Week1,232.0 Langley - 170.0 Waynewood
Langley,Week1,Canterbury Woods,Week2,296.0 Langley - 106.0 Canterbury Woods
Langley,Week5,Camelot,Week5,267.0 Langley - 135.0 Camelot
Langley,Week5,Oakton ,Week5,230.0 Oakton - 167.0 Langley
Lakeview,Week4,Lake Braddock,Week3,231.5 Lakeview - 170.5 Lake Braddock
Langley,Week3,Old Keene Mill,Week1,309.0 Langley - 93.0 Old Keene Mill
Langley,Week4,Canterbury Woods,Week5,290.0 Langley - 112.0 Canterbury Woods
Langley,Week2,Canterbury Woods,Week3,273.0 Langley - 129.0 Canterbury Woods
Langley,Week1,Old Keene Mill,Week4,320.0 Langley - 82.0 Old Keene Mill
Langley,Week1,Canterbury Woods,Week5,286.0 Langley - 116.0 Canterbury Woods
Lakeview,Week3,Camelot,Week2,255.0 Camelot - 147.0 Lakeview
Lakeview,Week2,Lake Braddock,Week1,230.0 Lakeview - 171.0 Lake Braddock
Langley,Week5,Walden Glen,Week5,265.0 Langley - 137.0 Walden Glen
Lakeview,Week4,Camelot,Week3,229.0 Camelot - 173.0 Lakeview
Langley,Week5,Oakton ,Week1,213.5 Oakton - 188.5 Langley
Langley,Week2,Waynewood,Week2,207.5 Langley - 194.5 Waynewood
Langley,Week3,Walden Glen,Week4,291.5 Langley - 110.5 Walden Glen
Lakeview,Week3,Camelot,Week3,242.0 Camelot - 160.0 Lakeview
Lakeview,Week5,Lake Braddock,Week3,217.0 Lakeview - 176.0 Lake Braddock
Langley,Week4,Waynewood,Week4,231.0 Langley - 171.0 Waynewood
Langley,Week4,Waynewood,Week3,226.0 Langley - 176.0 Waynewood
Langley,Week4,Old Keene Mill,Week1,309.0 Langley - 93.0 Old Keene Mill
Langley,Week5,Canterbury Woods,Week4,278.0 Langley - 119.0 Canterbury Woods
Langley,Week4,Waynewood,Week5,203.0 Langley - 199.0 Waynewood
Lakeview,Week2,Camelot,Week3,251.0 Camelot - 151.0 Lakeview
Lakeview,Week1,Camelot,Week4,274.0 Camelot - 128.0 Lakeview
Langley,Week4,Oakton ,Week2,225.0 Oakton - 177.0 Langley
Lakeview,Week5,Camelot,Week1,239.0 Camelot - 153.0 Lakeview
Langley,Week3,Waynewood,Week5,211.0 Waynewood - 191.0 Langley
Lakeview,Week4,Lake Braddock,Week5,222.0 Lakeview - 180.0 Lake Braddock
Langley,Week4,Old Keene Mill,Week2,299.0 Langley - 103.0 Old Keene Mill
Lakeview,Week4,Camelot,Week5,236.0 Camelot - 166.0 Lakeview
Langley,Week3,Oakton ,Week4,212.0 Oakton - 190.0 Langley
Langley,Week5,Camelot,Week4,275.0 Langley - 127.0 Camelot
Langley,Week5,Oakton ,Week2,227.0 Oakton - 170.0 Langley
Lakeview,Week3,Lake Braddock,Week2,217.0 Lakeview - 185.0 Lake Braddock
Lakeview,Week1,Lakevale Estates,Week3,349.0 Lakevale Estates - 53.0 Lakeview
Langley,Week4,Waynewood,Week1,261.0 Langley - 141.0 Waynewood
Langley,Week1,Canterbury Woods,Week4,287.0 Langley - 115.0 Canterbury Woods
Langley,Week2,Canterbury Woods,Week1,291.0 Langley - 111.0 Canterbury Woods
Langley,Week1,Woodley,Week5,317.0 Langley - 85.0 Woodley
Lakeview,Week4,Lake Braddock,Week1,255.0 Lakeview - 147.0 Lake Braddock
Langley,Week3,Canterbury Woods,Week3,271.0 Langley - 131.0 Canterbury Woods
Lakeview,Week5,Burke Station,Week5,213.0 Burke Station - 179.0 Lakeview
Langley,Week3,Old Keene Mill,Week4,313.0 Langley - 89.0 Old Keene Mill
Lakeview,Week5,Burke Station,Week3,209.0 Burke Station - 175.0 Lakeview
Lakeview,Week2,Lake Braddock,Week3,202.0 Lakeview - 200.0 Lake Braddock
Lakeview,Week3,Lake Braddock,Week3,204.0 Lake Braddock - 198.0 Lakeview
Lakeview,Week1,Camelot,Week5,266.0 Camelot - 136.0 Lakeview
Langley,Week5,Canterbury Woods,Week5,276.0 Langley - 126.0 Canterbury Woods
Lakeview,Week2,Camelot,Week1,258.0 Camelot - 143.0 Lakeview
Lakeview,Week3,Lakevale Estates,Week2,345.0 Lakevale Estates - 57.0 Lakeview
Langley,Week2,Old Keene Mill,Week5,291.0 Langley - 111.0 Old Keene Mill
Langley,Week2,Canterbury Woods,Week4,286.0 Langley - 116.0 Canterbury Woods
Langley,Week1,Canterbury Woods,Week1,290.0 Langley - 112.0 Canterbury Woods
Lakeview,Week1,Lakevale Estates,Week5,352.0 Lakevale Estates - 50.0 Lakeview
Langley,Week4,Oakton ,Week5,220.0 Oakton - 182.0 Langley
Langley,Week5,Camelot,Week3,265.0 Langley - 137.0 Camelot
Lakeview,Week5,Camelot,Week2,237.0 Camelot - 156.0 Lakeview
Langley,Week1,Woodley,Week3,328.0 Langley - 74.0 Woodley
Langley,Week5,Waynewood,Week1,235.0 Langley - 167.0 Waynewood
Lakeview,Week5,Burke Station,Week2,209.0 Lakeview - 183.0 Burke Station
Lakeview,Week4,Camelot,Week1,226.0 Camelot - 176.0 Lakeview
Langley,Week2,Canterbury Woods,Week5,274.0 Langley - 128.0 Canterbury Woods
Langley,Week4,Woodley,Week4,331.0 Langley - 71.0 Woodley
Langley,Week4,Cardinal Hill,Week4,212.0 Langley - 190.0 Cardinal Hill
Laurel Hill,Week2,Annandale,Week1,205.0 Annandale - 193.0 Laurel Hill
Lakeview,Week1,Camelot,Week1,252.0 Camelot - 150.0 Lakeview
Langley,Week4,Oakton ,Week4,211.0 Oakton - 191.0 Langley
Langley,Week1,Old Keene Mill,Week2,313.0 Langley - 89.0 Old Keene Mill
Langley,Week4,Canterbury Woods,Week2,305.0 Langley - 97.0 Canterbury Woods
Langley,Week1,Chesterbrook,Week2,285.0 Chesterbrook - 117.0 Langley
Langley,Week1,Old Keene Mill,Week5,296.0 Langley - 106.0 Old Keene Mill
Laurel Hill,Week1,Annandale,Week1,202.0 Annandale - 194.0 Laurel Hill
Langley,Week3,Woodley,Week1,330.0 Langley - 72.0 Woodley
Lakeview,Week3,Camelot,Week4,257.0 Camelot - 145.0 Lakeview
Langley,Week5,Waynewood,Week3,208.0 Waynewood - 194.0 Langley
Lakeview,Week3,Camelot,Week1,246.0 Camelot - 156.0 Lakeview
Langley,Week1,Old Keene Mill,Week1,307.0 Langley - 95.0 Old Keene Mill
Lakeview,Week4,Camelot,Week4,241.0 Camelot - 161.0 Lakeview
Langley,Week1,Cardinal Hill,Week2,238.0 Langley - 164.0 Cardinal Hill
Lakeview,Week2,Lakevale Estates,Week3,344.0 Lakevale Estates - 58.0 Lakeview
Lakeview,Week1,Lakevale Estates,Week4,358.0 Lakevale Estates - 44.0 Lakeview
Lakeview,Week3,Lakeview,Week1,255.0 Lakeview (LV1) - 146.0 Lakeview (LV2)
Langley,Week3,Woodley,Week3,329.0 Langley - 73.0 Woodley
Lakeview,Week4,Lakevale Estates,Week4,345.0 Lakevale Estates - 57.0 Lakeview
Lakeview,Week2,Camelot,Week5,255.0 Camelot - 147.0 Lakeview
Lakeview,Week2,Lakevale Estates,Week4,362.0 Lakevale Estates - 40.0 Lakeview
Lakeview,Week2,Lakevale Estates,Week5,356.0 Lakevale Estates - 46.0 Lakeview
Lakeview,Week2,Lakevale Estates,Week2,348.0 Lakevale Estates - 54.0 Lakeview
Langley,Week4,Woodley,Week2,319.0 Langley - 83.0 Woodley
Langley,Week2,Woodley,Week5,307.0 Langley - 95.0 Woodley
Langley,Week3,Oakton ,Week5,226.0 Oakton - 176.0 Langley
Langley,Week2,Old Keene Mill,Week4,308.0 Langley - 94.0 Old Keene Mill
Langley,Week4,Oakton ,Week3,202.0 Oakton - 200.0 Langley
Langley,Week3,Cardinal Hill,Week1,209.0 Langley - 193.0 Cardinal Hill
Langley,Week5,Woodley,Week2,314.0 Langley - 88.0 Woodley
Langley,Week3,Old Keene Mill,Week2,304.0 Langley - 98.0 Old Keene Mill
Lakeview,Week4,Lakevale Estates,Week3,332.0 Lakevale Estates - 70.0 Lakeview
Lakeview,Week2,Lakeview,Week4,261.0 Lakeview (LV2) - 140.0 Lakeview (LV1)
Langley,Week4,Orange Hunt,Week1,235.0 Langley - 167.0 Orange Hunt
Langley,Week3,Cardinal Hill,Week5,211.0 Langley - 191.0 Cardinal Hill
Langley,Week1,Woodley,Week1,333.5 Langley - 68.5 Woodley
Lakeview,Week3,Lakeview,Week3,200.0 Lakeview (LV1) - 200.0 Lakeview (LV2)
Lakeview,Week1,Camelot,Week3,258.0 Camelot - 144.0 Lakeview
Langley,Week2,Cardinal Hill,Week2,234.0 Langley - 168.0 Cardinal Hill
Langley,Week1,Orange Hunt,Week3,231.0 Langley - 171.0 Orange Hunt
Langley,Week3,Woodley,Week5,313.0 Langley - 89.0 Woodley
Langley,Week2,Old Keene Mill,Week2,297.5 Langley - 104.5 Old Keene Mill
Lakeview,Week3,Camelot,Week5,259.0 Camelot - 143.0 Lakeview
Langley,Week5,Woodley,Week1,324.0 Langley - 77.0 Woodley
Langley,Week4,Cardinal Hill,Week5,209.0 Langley - 193.0 Cardinal Hill
Langley,Week2,Cardinal Hill,Week4,210.0 Langley - 192.0 Cardinal Hill
Langley,Week1,Cardinal Hill,Week4,225.0 Langley - 177.0 Cardinal Hill
Lakeview,Week4,Lakevale Estates,Week2,336.0 Lakevale Estates - 66.0 Lakeview
Lakeview,Week1,Lakeview,Week2,241.0 Lakeview (LV2) - 160.0 Lakeview (LV1)
Langley,Week2,Old Keene Mill,Week3,287.0 Langley - 115.0 Old Keene Mill
Laurel Hill,Week1,Annandale,Week3,212.0 Annandale - 190.0 Laurel Hill
Lakeview,Week3,Lakeview,Week4,242.0 Lakeview (LV2) - 158.0 Lakeview (LV1)
Lakeview,Week4,Lakeview,Week1,279.0 Lakeview (LV1) - 122.0 Lakeview (LV2)
Lakeview,Week3,Lakeview,Week5,212.0 Lakeview (LV2) - 180.0 Lakeview (LV1)
Langley,Week5,Orange Hunt,Week4,229.0 Langley - 173.0 Orange Hunt
Langley,Week5,Waynewood,Week5,208.0 Waynewood - 194.0 Langley
Lakeview,Week4,Lakevale Estates,Week5,345.0 Lakevale Estates - 57.0 Lakeview
Langley,Week1,Overlee,Week1,274.0 Overlee - 128.0 Langley
Laurel Hill,Week1,Annandale,Week4,201.0 Laurel Hill - 200.0 Annandale
Lakeview,Week4,Lakevale Estates,Week1,332.0 Lakevale Estates - 70.0 Lakeview
Langley,Week5,Waynewood,Week4,222.5 Langley - 179.5 Waynewood
Langley,Week3,Orange Hunt,Week5,212.0 Langley - 190.0 Orange Hunt
Langley,Week5,Orange Hunt,Week5,206.0 Langley - 196.0 Orange Hunt
Langley,Week2,Woodley,Week1,324.0 Langley - 78.0 Woodley
Langley,Week5,Orange Hunt,Week2,234.0 Langley - 168.0 Orange Hunt
Langley,Week5,Cardinal Hill,Week3,210.0 Cardinal Hill - 192.0 Langley
Laurel Hill,Week1,Annandale,Week5,225.0 Annandale - 176.0 Laurel Hill
Langley,Week1,Orange Hunt,Week5,225.0 Langley - 177.0 Orange Hunt
Langley,Week4,Woodley,Week5,315.0 Langley - 87.0 Woodley
Lakeview,Week1,Lakeview,Week1,197.5 Lakeview (LV1) - 197.5 Lakeview (LV2)
Langley,Week5,Cardinal Hill,Week4,218.0 Langley - 184.0 Cardinal Hill
Langley,Week2,Cardinal Hill,Week1,214.5 Langley - 187.5 Cardinal Hill
Langley,Week1,Cardinal Hill,Week1,213.0 Langley - 189.0 Cardinal Hill
Lakeview,Week1,Lakeview,Week3,255.0 Lakeview (LV2) - 146.0 Lakeview (LV1)
Langley,Week3,Cardinal Hill,Week2,239.0 Langley - 163.0 Cardinal Hill
Langley,Week5,Waynewood,Week2,203.0 Langley - 199.0 Waynewood
Lakeview,Week4,Lakeview,Week2,261.0 Lakeview (LV1) - 140.0 Lakeview (LV2)
Langley,Week5,Cardinal Hill,Week1,206.0 Cardinal Hill - 196.0 Langley
Langley,Week2,Cardinal Hill,Week5,207.0 Langley - 195.0 Cardinal Hill
Langley,Week1,Cardinal Hill,Week5,205.0 Langley - 197.0 Cardinal Hill
Langley,Week4,Old Keene Mill,Week5,292.0 Langley - 110.0 Old Keene Mill
Langley,Week4,Orange Hunt,Week3,231.0 Langley - 171.0 Orange Hunt
Langley,Week2,Woodley,Week2,315.0 Langley - 87.0 Woodley
Langley,Week5,Old Keene Mill,Week2,296.0 Langley - 106.0 Old Keene Mill
Lakeview,Week1,Lakeview,Week5,247.0 Lakeview (LV2) - 145.0 Lakeview (LV1)
Langley,Week2,Orange Hunt,Week2,221.0 Langley - 181.0 Orange Hunt
Langley,Week1,Orange Hunt,Week1,227.5 Langley - 174.5 Orange Hunt
Langley,Week3,Chesterbrook,Week1,294.0 Chesterbrook - 108.0 Langley
Langley,Week2,Orange Hunt,Week3,214.0 Langley - 188.0 Orange Hunt
Langley,Week5,Cardinal Hill,Week2,222.0 Langley - 180.0 Cardinal Hill
Langley,Week3,Orange Hunt,Week4,244.0 Langley - 158.0 Orange Hunt
Langley,Week3,Woodley,Week4,328.0 Langley - 74.0 Woodley
Lakeview,Week5,Lakevale Estates,Week5,345.0 Lakevale Estates - 48.0 Lakeview
Langley,Week4,Cardinal Hill,Week3,207.0 Cardinal Hill - 195.0 Langley
Lakeview,Week5,Lakevale Estates,Week1,323.0 Lakevale Estates - 70.0 Lakeview
Langley,Week1,Woodley,Week2,334.0 Langley - 68.0 Woodley
Langley,Week4,Cardinal Hill,Week2,240.0 Langley - 162.0 Cardinal Hill
Lakeview,Week2,Lakeview,Week1,241.0 Lakeview (LV1) - 160.0 Lakeview (LV2)
Langley,Week2,Woodley,Week3,323.0 Langley - 79.0 Woodley
Langley,Week4,Cardinal Hill,Week1,216.0 Langley - 186.0 Cardinal Hill
Lakeview,Week5,Lakevale Estates,Week2,340.0 Lakevale Estates - 53.0 Lakeview
Langley,Week5,Old Keene Mill,Week4,296.0 Langley - 106.0 Old Keene Mill
Langley,Week1,Chesterbrook,Week1,284.0 Chesterbrook - 118.0 Langley
Langley,Week2,Orange Hunt,Week4,229.0 Langley - 173.0 Orange Hunt
Langley,Week4,Woodley,Week3,329.0 Langley - 73.0 Woodley
Langley,Week1,Woodley,Week4,326.0 Langley - 76.0 Woodley
Langley,Week2,Cardinal Hill,Week3,217.0 Cardinal Hill - 185.0 Langley
Lakeview,Week2,Lakeview,Week2,200.0 Lakeview (LV1) - 200.0 Lakeview (LV2)
Lakeview,Week3,Lakevale Estates,Week5,346.5 Lakevale Estates - 55.5 Lakeview
Langley,Week5,Woodley,Week3,322.5 Langley - 79.5 Woodley
Langley,Week5,Woodley,Week5,308.0 Langley - 94.0 Woodley
Lakeview,Week1,Lakeview,Week4,279.0 Lakeview (LV2) - 122.0 Lakeview (LV1)
Langley,Week1,Cardinal Hill,Week3,220.0 Cardinal Hill - 182.0 Langley
Langley,Week3,Woodley,Week2,327.0 Langley - 75.0 Woodley
Lakeview,Week3,Lakevale Estates,Week4,350.0 Lakevale Estates - 52.0 Lakeview
Langley,Week3,Cardinal Hill,Week4,219.0 Langley - 183.0 Cardinal Hill
Lakeview,Week5,Lakevale Estates,Week3,324.0 Lakevale Estates - 69.0 Lakeview
Langley,Week4,Woodley,Week1,335.0 Langley - 67.0 Woodley
Lakeview,Week5,Lakevale Estates,Week4,344.5 Lakevale Estates - 48.5 Lakeview
Lakeview,Week1,Crosspointe,Week2,342.0 Crosspointe - 60.0 Lakeview
Langley,Week2,Orange Hunt,Week5,210.0 Langley - 192.0 Orange Hunt
Langley,Week1,Chesterbrook,Week5,300.0 Chesterbrook - 102.0 Langley
Lakeview,Week2,Country Club Hills,Week1,282.0 Country Club Hills - 120.0 Lakeview
Langley,Week5,Old Keene Mill,Week5,288.0 Langley - 114.0 Old Keene Mill
Langley,Week3,Cardinal Hill,Week3,209.0 Cardinal Hill - 193.0 Langley
Langley,Week5,Woodley,Week4,318.0 Langley - 84.0 Woodley
Langley,Week5,Old Keene Mill,Week3,287.0 Langley - 115.0 Old Keene Mill
Langley,Week3,Orange Hunt,Week3,231.0 Langley - 171.0 Orange Hunt
Langley,Week2,Woodley,Week4,315.0 Langley - 87.0 Woodley
Langley,Week1,Orange Hunt,Week2,238.0 Langley - 164.0 Orange Hunt
Laurel Hill,Week2,Annandale,Week4,211.0 Annandale - 188.0 Laurel Hill
Langley,Week2,Chesterbrook,Week3,305.0 Chesterbrook - 97.0 Langley
Langley,Week2,Chesterbrook,Week4,298.0 Chesterbrook - 104.0 Langley
Lakeview,Week2,Lakeview,Week3,219.0 Lakeview (LV2) - 182.0 Lakeview (LV1)
Langley,Week2,Orange Hunt,Week1,222.0 Langley - 180.0 Orange Hunt
Laurel Hill,Week2,Annandale,Week3,220.0 Annandale - 181.0 Laurel Hill
Lakeview,Week2,Lakeview,Week5,234.0 Lakeview (LV2) - 157.0 Lakeview (LV1)
Laurel Hill,Week1,Annandale,Week2,207.0 Annandale - 194.0 Laurel Hill
Langley,Week3,Orange Hunt,Week2,238.0 Langley - 164.0 Orange Hunt
Lakeview,Week3,Lakeview,Week2,219.0 Lakeview (LV1) - 182.0 Lakeview (LV2)
Lakeview,Week1,Langley,Week3,342.0 Langley - 60.0 Lakeview
Lakeview,Week3,Langley,Week3,334.0 Langley - 68.0 Lakeview
Lakeview,Week4,Country Club Hills,Week1,227.0 Country Club Hills - 175.0 Lakeview
Lakeview,Week3,Country Club Hills,Week1,261.0 Country Club Hills - 141.0 Lakeview
Lakeview,Week3,Country Club Hills,Week4,255.0 Country Club Hills - 147.0 Lakeview
Lakeview,Week2,Country Club Hills,Week4,283.0 Country Club Hills - 119.0 Lakeview
Langley,Week3,Orange Hunt,Week1,236.0 Langley - 166.0 Orange Hunt
Langley,Week2,Commonwealth,Week1,283.0 Langley - 119.0 Commonwealth
Langley,Week1,Orange Hunt,Week4,247.0 Langley - 155.0 Orange Hunt
Langley,Week5,Cardinal Hill,Week5,213.0 Langley - 189.0 Cardinal Hill
Laurel Hill,Week3,Annandale,Week1,239.0 Laurel Hill - 162.0 Annandale
Lakeview,Week1,Country Club Hills,Week4,280.0 Country Club Hills - 122.0 Lakeview
Langley,Week5,Orange Hunt,Week1,228.0 Langley - 174.0 Orange Hunt
Lakeview,Week1,Langley,Week1,340.5 Langley - 61.5 Lakeview
Langley,Week1,Commonwealth,Week4,303.0 Langley - 99.0 Commonwealth
Langley,Week3,Chesterbrook,Week3,312.5 Chesterbrook - 89.5 Langley
Lakeview,Week5,Langley,Week3,333.0 Langley - 60.0 Lakeview
Laurel Hill,Week4,Annandale,Week5,206.0 Laurel Hill - 195.0 Annandale
Lakeview,Week4,Lakeview,Week5,222.0 Lakeview (LV1) - 165.0 Lakeview (LV2)
Langley,Week5,Chesterbrook,Week3,310.0 Chesterbrook - 92.0 Langley
Lakeview,Week2,Country Club Hills,Week5,303.5 Country Club Hills - 98.5 Lakeview
Lakeview,Week3,Langley,Week2,322.0 Langley - 80.0 Lakeview
Lakeview,Week5,Lakeview,Week1,247.0 Lakeview (LV1) - 145.0 Lakeview (LV2)
Langley,Week1,Chesterbrook,Week3,309.0 Chesterbrook - 93.0 Langley
Laurel Hill,Week4,Annandale,Week2,210.0 Laurel Hill - 191.0 Annandale
Lakeview,Week3,Country Club Hills,Week2,254.0 Country Club Hills - 148.0 Lakeview
Lakeview,Week1,Country Club Hills,Week5,301.0 Country Club Hills - 101.0 Lakeview
Laurel Hill,Week4,Annandale,Week4,204.0 Laurel Hill - 195.0 Annandale
Lakeview,Week5,Country Club Hills,Week3,244.0 Country Club Hills - 149.0 Lakeview
Langley,Week4,Orange Hunt,Week2,244.0 Langley - 158.0 Orange Hunt
Langley,Week4,Orange Hunt,Week4,252.0 Langley - 150.0 Orange Hunt
Langley,Week5,Old Keene Mill,Week1,296.0 Langley - 106.0 Old Keene Mill
Laurel Hill,Week4,Annandale,Week1,222.0 Laurel Hill - 180.0 Annandale
Lakeview,Week4,Langley,Week5,303.0 Langley - 99.0 Lakeview
Langley,Week4,Orange Hunt,Week5,214.0 Langley - 188.0 Orange Hunt
Laurel Hill,Week3,Annandale,Week2,218.0 Laurel Hill - 183.0 Annandale
Langley,Week2,Chesterbrook,Week5,302.0 Chesterbrook - 100.0 Langley
Langley,Week5,Orange Hunt,Week3,223.0 Langley - 179.0 Orange Hunt
Langley,Week2,Commonwealth,Week3,276.5 Langley - 125.5 Commonwealth
Langley,Week3,Chesterbrook,Week2,292.0 Chesterbrook - 110.0 Langley
Lakeview,Week4,Country Club Hills,Week5,264.0 Country Club Hills - 138.0 Lakeview
Lakeview,Week4,Country Club Hills,Week2,231.0 Country Club Hills - 171.0 Lakeview
Laurel Hill,Week4,Annandale,Week3,207.0 Annandale - 195.0 Laurel Hill
Laurel Hill,Week5,Annandale,Week2,230.0 Laurel Hill - 171.0 Annandale
Lakeview,Week2,Langley,Week1,340.0 Langley - 62.0 Lakeview
Lakeview,Week4,Langley,Week4,311.0 Langley - 91.0 Lakeview
Lakeview,Week4,Lakeview,Week3,242.0 Lakeview (LV1) - 158.0 Lakeview (LV2)
Laurel Hill,Week5,Annandale,Week1,241.0 Laurel Hill - 156.0 Annandale
Lakeview,Week3,Country Club Hills,Week3,256.0 Country Club Hills - 146.0 Lakeview
Langley,Week3,Chesterbrook,Week4,295.0 Chesterbrook - 107.0 Langley
Langley,Week4,Overlee,Week2,282.0 Overlee - 120.0 Langley
Langley,Week2,Chesterbrook,Week1,301.0 Chesterbrook - 101.0 Langley
Langley,Week5,Overlee,Week5,318.0 Overlee - 84.0 Langley
Lakeview,Week4,Langley,Week2,305.0 Langley - 97.0 Lakeview
Langley,Week3,Chesterbrook,Week5,294.0 Chesterbrook - 108.0 Langley
Lakeview,Week2,Langley,Week4,346.0 Langley - 56.0 Lakeview
Lakeview,Week5,Country Club Hills,Week5,263.0 Country Club Hills - 130.0 Lakeview
Langley,Week2,Overlee,Week5,310.0 Overlee - 92.0 Langley
Langley,Week4,Chesterbrook,Week5,302.0 Chesterbrook - 100.0 Langley
Lakeview,Week3,Country Club Hills,Week5,281.0 Country Club Hills - 121.0 Lakeview
Langley,Week4,Overlee,Week1,280.0 Overlee - 122.0 Langley
Lakeview,Week3,Langley,Week4,324.0 Langley - 78.0 Lakeview
Langley,Week2,Overlee,Week2,294.0 Overlee - 108.0 Langley
Lakeview,Week3,Crosspointe,Week5,358.0 Crosspointe - 44.0 Lakeview
Laurel Hill,Week5,Annandale,Week3,222.0 Laurel Hill - 175.0 Annandale
Lakeview,Week2,Country Club Hills,Week2,277.0 Country Club Hills - 125.0 Lakeview
Langley,Week5,Overlee,Week3,275.0 Overlee - 127.0 Langley
Laurel Hill,Week3,Annandale,Week4,227.0 Laurel Hill - 170.0 Annandale
Laurel Hill,Week3,Annandale,Week3,211.0 Laurel Hill - 191.0 Annandale
Lakeview,Week1,Laurel Hill,Week3,244.0 Laurel Hill - 157.0 Lakeview
Lakeview,Week2,Langley,Week2,331.0 Langley - 71.0 Lakeview
Laurel Hill,Week2,Annandale,Week2,228.0 Annandale - 174.0 Laurel Hill
Langley,Week4,Chesterbrook,Week4,290.0 Chesterbrook - 112.0 Langley
Lakeview,Week4,Crosspointe,Week3,327.5 Crosspointe - 74.5 Lakeview
Laurel Hill,Week3,Annandale,Week5,208.0 Laurel Hill - 190.0 Annandale
Lakeview,Week5,Crosspointe,Week4,334.0 Crosspointe - 59.0 Lakeview
Langley,Week4,Overlee,Week3,277.0 Overlee - 125.0 Langley
Langley,Week2,Chesterbrook,Week2,297.0 Chesterbrook - 105.0 Langley
Langley,Week1,Chesterbrook,Week4,294.0 Chesterbrook - 108.0 Langley
Lakeview,Week5,Langley,Week2,309.0 Langley - 84.0 Lakeview
Langley,Week1,Commonwealth,Week3,294.5 Langley - 107.5 Commonwealth
Lakeview,Week5,Country Club Hills,Week4,234.0 Country Club Hills - 159.0 Lakeview
Langley,Week3,Commonwealth,Week4,294.5 Langley - 107.5 Commonwealth
Langley,Week2,Overlee,Week4,313.0 Overlee - 89.0 Langley
Langley,Week1,Overlee,Week3,264.0 Overlee - 138.0 Langley
Langley,Week1,Parklawn,Week5,300.0 Langley - 102.0 Parklawn
Lakeview,Week4,Country Club Hills,Week3,226.0 Country Club Hills - 176.0 Lakeview
Lakeview,Week5,Lakeview,Week2,234.0 Lakeview (LV1) - 157.0 Lakeview (LV2)
Laurel Hill,Week2,Annandale,Week5,234.0 Annandale - 167.0 Laurel Hill
Langley,Week1,Commonwealth,Week1,304.0 Langley - 98.0 Commonwealth
Lakeview,Week3,Langley,Week1,322.0 Langley - 80.0 Lakeview
Langley,Week1,Parklawn,Week3,319.0 Langley - 83.0 Parklawn
Lakeview,Week2,Country Club Hills,Week3,282.0 Country Club Hills - 120.0 Lakeview
Lakeview,Week2,Langley,Week3,355.0 Langley - 47.0 Lakeview
Lakeview,Week1,Crosspointe,Week3,336.0 Crosspointe - 66.0 Lakeview
Langley,Week2,Overlee,Week3,289.0 Overlee - 113.0 Langley
Lakeview,Week5,Country Club Hills,Week1,242.0 Country Club Hills - 151.0 Lakeview
Langley,Week1,Parklawn,Week4,288.0 Langley - 114.0 Parklawn
Langley,Week5,Chesterbrook,Week1,283.5 Chesterbrook - 118.5 Langley
Lakeview,Week5,Lakeview,Week3,212.0 Lakeview (LV1) - 180.0 Lakeview (LV2)
Langley,Week1,Commonwealth,Week5,284.0 Langley - 118.0 Commonwealth
Lakeview,Week4,Country Club Hills,Week4,234.0 Country Club Hills - 168.0 Lakeview
Lakeview,Week1,Crosspointe,Week1,345.0 Crosspointe - 57.0 Lakeview
Lakeview,Week5,Country Club Hills,Week2,244.0 Country Club Hills - 149.0 Lakeview
Lakeview,Week1,Langley,Week2,332.0 Langley - 70.0 Lakeview
Langley,Week3,Overlee,Week3,269.0 Overlee - 133.0 Langley
Langley,Week4,Chesterbrook,Week3,314.0 Chesterbrook - 88.0 Langley
Lakeview,Week1,Langley,Week5,338.0 Langley - 64.0 Lakeview
Langley,Week5,Chesterbrook,Week2,290.5 Chesterbrook - 111.5 Langley
Langley,Week1,Parklawn,Week1,319.0 Langley - 74.0 Parklawn
Langley,Week5,Chesterbrook,Week5,296.0 Chesterbrook - 106.0 Langley
Lakeview,Week4,Lakeview,Week4,197.5 Lakeview (LV1) - 197.5 Lakeview (LV2)
Langley,Week2,Parklawn,Week1,300.5 Langley - 92.5 Parklawn
Lakeview,Week1,Langley,Week4,338.0 Langley - 64.0 Lakeview
Langley,Week4,Overlee,Week4,305.0 Overlee - 97.0 Langley
Lakeview,Week5,Dominion Hills,Week1,266.0 Dominion Hills - 127.0 Lakeview
Lakeview,Week2,Langley,Week5,344.0 Langley - 58.0 Lakeview
Langley,Week4,Overlee,Week5,319.0 Overlee - 83.0 Langley
Lakeview,Week5,Lakeview,Week5,192.5 Lakeview (LV1) - 192.5 Lakeview (LV2)
Lakeview,Week4,Langley,Week1,311.0 Langley - 91.0 Lakeview
Lakeview,Week2,Dominion Hills,Week5,327.0 Dominion Hills - 75.0 Lakeview
Langley,Week2,Commonwealth,Week4,289.0 Langley - 113.0 Commonwealth
Langley,Week1,Commonwealth,Week2,272.0 Langley - 130.0 Commonwealth
Lakeview,Week3,Crosspointe,Week1,341.0 Crosspointe - 61.0 Lakeview
Lakeview,Week3,Crosspointe,Week3,333.0 Crosspointe - 69.0 Lakeview
Lakeview,Week2,Crosspointe,Week2,352.0 Crosspointe - 50.0 Lakeview
Langley,Week5,Chesterbrook,Week4,302.0 Chesterbrook - 100.0 Langley
Lakeview,Week3,Dominion Hills,Week3,285.0 Dominion Hills - 117.0 Lakeview
Langley,Week4,Chesterbrook,Week1,291.5 Chesterbrook - 110.5 Langley
Langley,Week2,Commonwealth,Week2,258.0 Langley - 144.0 Commonwealth
Lakeview,Week3,Dominion Hills,Week5,303.0 Dominion Hills - 99.0 Lakeview
Lakeview,Week1,Crosspointe,Week5,358.0 Crosspointe - 44.0 Lakeview
Lakeview,Week2,Crosspointe,Week5,367.0 Crosspointe - 35.0 Lakeview
Langley,Week3,Overlee,Week1,275.0 Overlee - 127.0 Langley
Lakeview,Week5,Lakeview,Week4,222.0 Lakeview (LV2) - 165.0 Lakeview (LV1)
Langley,Week2,Overlee,Week1,292.0 Overlee - 110.0 Langley
Lakeview,Week3,Langley,Week5,323.0 Langley - 79.0 Lakeview
Langley,Week4,Chesterbrook,Week2,290.0 Chesterbrook - 112.0 Langley
Lakeview,Week2,Crosspointe,Week1,357.5 Crosspointe - 44.5 Lakeview
Lakeview,Week2,Crosspointe,Week3,351.0 Crosspointe - 51.0 Lakeview
Langley,Week1,Overlee,Week5,315.0 Overlee - 87.0 Langley
Langley,Week3,Overlee,Week2,286.0 Overlee - 116.0 Langley
Lakeview,Week3,Dominion Hills,Week2,282.0 Dominion Hills - 120.0 Lakeview
Langley,Week3,Commonwealth,Week2,269.0 Langley - 133.0 Commonwealth
Lakeview,Week1,Donaldson Run,Week2,356.0 Donaldson Run - 46.0 Lakeview
Lakeview,Week3,Crosspointe,Week4,342.0 Crosspointe - 60.0 Lakeview
Lakeview,Week3,Laurel Hill,Week5,228.0 Laurel Hill - 173.0 Lakeview
Lakeview,Week5,Laurel Hill,Week5,225.0 Laurel Hill - 166.0 Lakeview
Lakeview,Week4,Crosspointe,Week4,324.0 Crosspointe - 78.0 Lakeview
Lakeview,Week5,Langley,Week4,321.0 Langley - 72.0 Lakeview
Lakeview,Week4,Dominion Hills,Week3,266.0 Dominion Hills - 136.0 Lakeview
Lakeview,Week1,Crosspointe,Week4,348.0 Crosspointe - 54.0 Lakeview
Langley,Week5,Overlee,Week2,281.0 Overlee - 121.0 Langley
Langley,Week4,Commonwealth,Week5,278.0 Langley - 124.0 Commonwealth
Lakeview,Week4,Crosspointe,Week2,321.0 Crosspointe - 81.0 Lakeview
Lakeview,Week1,Laurel Hill,Week1,216.0 Laurel Hill - 185.0 Lakeview
Lakeview,Week1,Donaldson Run,Week3,363.0 Donaldson Run - 39.0 Lakeview
Langley,Week3,Cottontail,Week3,282.0 Langley - 120.0 Cottontail
Langley,Week3,Commonwealth,Week3,287.5 Langley - 114.5 Commonwealth
Lakeview,Week4,Crosspointe,Week1,331.0 Crosspointe - 71.0 Lakeview
Lakeview,Week5,Dominion Hills,Week5,298.5 Dominion Hills - 94.5 Lakeview
Langley,Week5,Overlee,Week1,279.0 Overlee - 123.0 Langley
Langley,Week4,Commonwealth,Week3,304.0 Langley - 98.0 Commonwealth
Lakeview,Week5,Langley,Week1,317.0 Langley - 76.0 Lakeview
Langley,Week3,Overlee,Week4,311.0 Overlee - 91.0 Langley
Lakeview,Week1,Laurel Hill,Week2,198.0 Lakeview - 198.0 Laurel Hill
Langley,Week2,Commonwealth,Week5,263.0 Langley - 139.0 Commonwealth
Langley,Week1,Parklawn,Week2,316.0 Langley - 86.0 Parklawn
Lakeview,Week2,Crosspointe,Week4,356.0 Crosspointe - 46.0 Lakeview
Lakeview,Week4,Dominion Hills,Week1,256.0 Dominion Hills - 146.0 Lakeview
Lakeview,Week5,Crosspointe,Week1,334.0 Crosspointe - 59.0 Lakeview
Lakeview,Week5,Langley,Week5,320.5 Langley - 71.5 Lakeview
Langley,Week3,Overlee,Week5,311.0 Overlee - 91.0 Langley
Lakeview,Week5,Dominion Hills,Week3,271.0 Dominion Hills - 122.0 Lakeview
Lakeview,Week5,Dominion Hills,Week2,279.0 Dominion Hills - 114.0 Lakeview
Langley,Week5,Overlee,Week4,309.0 Overlee - 93.0 Langley
Langley,Week3,Cottontail,Week1,273.0 Langley - 129.0 Cottontail
Lakeview,Week3,Dominion Hills,Week1,271.0 Dominion Hills - 131.0 Lakeview
Langley,Week2,Parklawn,Week2,299.0 Langley - 103.0 Parklawn
Langley,Week4,Cottontail,Week1,290.0 Langley - 112.0 Cottontail
Lakeview,Week4,Dominion Hills,Week4,289.5 Dominion Hills - 112.5 Lakeview
Langley,Week4,Cottontail,Week4,305.0 Langley - 97.0 Cottontail
Lakeview,Week3,Crosspointe,Week2,344.0 Crosspointe - 58.0 Lakeview
Langley,Week1,Overlee,Week4,312.0 Overlee - 90.0 Langley
Langley,Week1,Overlee,Week2,273.0 Overlee - 129.0 Langley
Lakeview,Week3,Laurel Hill,Week2,231.0 Lakeview - 171.0 Laurel Hill
Langley,Week3,Commonwealth,Week1,302.0 Langley - 100.0 Commonwealth
Lakeview,Week4,Langley,Week3,321.0 Langley - 81.0 Lakeview
Lakeview,Week4,Crosspointe,Week5,348.0 Crosspointe - 54.0 Lakeview
Lakeview,Week2,Dominion Hills,Week4,316.0 Dominion Hills - 86.0 Lakeview
Langley,Week5,Cottontail,Week4,278.0 Langley - 124.0 Cottontail
Lakeview,Week1,Donaldson Run,Week5,371.0 Donaldson Run - 31.0 Lakeview
Lakeview,Week3,Dominion Hills,Week4,292.0 Dominion Hills - 110.0 Lakeview
Lakeview,Week5,Crosspointe,Week5,359.5 Crosspointe - 33.5 Lakeview
Lakeview,Week1,Donaldson Run,Week1,353.5 Donaldson Run - 48.5 Lakeview
Langley,Week1,Cottontail,Week4,287.0 Langley - 115.0 Cottontail
Langley,Week5,Cottontail,Week1,255.0 Langley - 147.0 Cottontail
Lakeview,Week1,Daventry,Week1,208.0 Daventry - 194.0 Lakeview
Lakeview,Week5,Crosspointe,Week3,331.0 Crosspointe - 62.0 Lakeview
Langley,Week5,Parklawn,Week1,316.0 Langley - 72.0 Parklawn
Lakeview,Week5,Laurel Hill,Week1,207.0 Lakeview - 182.0 Laurel Hill
Lakeview,Week5,Laurel Hill,Week2,231.0 Lakeview - 159.0 Laurel Hill
Langley,Week3,Parklawn,Week3,310.0 Langley - 92.0 Parklawn
Lakeview,Week1,Lee Graham,Week2,356.0 Lee Graham - 46.0 Lakeview
Lakeview,Week5,Crosspointe,Week2,333.0 Crosspointe - 60.0 Lakeview
Lakeview,Week1,Lee Graham,Week1,345.0 Lee Graham - 57.0 Lakeview
Langley,Week5,Commonwealth,Week1,298.0 Langley - 104.0 Commonwealth
Langley,Week4,Parklawn,Week1,331.0 Langley - 62.0 Parklawn
Lakeview,Week1,Lee Graham,Week3,343.0 Lee Graham - 59.0 Lakeview
Langley,Week2,Parliament,Week4,259.0 Langley - 143.0 Parliament
Lakeview,Week1,Donaldson Run,Week4,360.0 Donaldson Run - 42.0 Lakeview
Langley,Week2,Parklawn,Week3,301.0 Langley - 101.0 Parklawn
Lakeview,Week1,Lee Graham,Week4,343.0 Lee Graham - 59.0 Lakeview
Lakeview,Week1,Daventry,Week4,218.0 Lakeview - 184.0 Daventry
Langley,Week4,Commonwealth,Week1,306.0 Langley - 96.0 Commonwealth
Langley,Week4,Parklawn,Week4,297.0 Langley - 105.0 Parklawn
Lakeview,Week1,Daventry,Week3,231.5 Lakeview - 169.5 Daventry
Langley,Week3,Commonwealth,Week5,270.0 Langley - 132.0 Commonwealth
Lakeview,Week2,Donaldson Run,Week3,366.0 Donaldson Run - 36.0 Lakeview
Langley,Week4,Commonwealth,Week2,281.0 Langley - 121.0 Commonwealth
Lakeview,Week1,Daventry,Week2,208.0 Lakeview - 193.0 Daventry
Langley,Week4,Commonwealth,Week4,299.0 Langley - 103.0 Commonwealth
Langley,Week2,Parklawn,Week4,282.0 Langley - 120.0 Parklawn
Lakeview,Week2,Donaldson Run,Week1,353.0 Donaldson Run - 49.0 Lakeview
Lakeview,Week5,Dominion Hills,Week4,297.0 Dominion Hills - 96.0 Lakeview
Langley,Week1,Hollin Hills,Week5,317.0 Langley - 84.0 Hollin Hills
Langley,Week3,Hollin Hills,Week1,321.0 Langley - 81.0 Hollin Hills
Lakeview,Week4,Dominion Hills,Week5,294.0 Dominion Hills - 108.0 Lakeview
Langley,Week3,Parklawn,Week4,281.0 Langley - 121.0 Parklawn
Lakeview,Week1,Lee Graham,Week5,357.0 Lee Graham - 45.0 Lakeview
Langley,Week3,Cottontail,Week2,276.0 Langley - 126.0 Cottontail
Langley,Week5,Highlands Swim,Week1,230.5 Highlands Swim - 171.5 Langley
Langley,Week2,Hollin Hills,Week5,307.0 Langley - 95.0 Hollin Hills
Lakeview,Week1,Daventry,Week5,205.0 Daventry - 195.0 Lakeview
Lakeview,Week5,Laurel Hill,Week4,204.0 Laurel Hill - 187.0 Lakeview
Langley,Week2,Highlands Swim,Week3,248.0 Highlands Swim - 154.0 Langley
Lakeview,Week2,Laurel Hill,Week1,203.0 Lakeview - 197.0 Laurel Hill
Langley,Week5,Commonwealth,Week2,270.0 Langley - 132.0 Commonwealth
Lakeview,Week2,Donaldson Run,Week2,356.0 Donaldson Run - 46.0 Lakeview
Lakeview,Week2,Daventry,Week1,203.0 Daventry - 199.0 Lakeview
Langley,Week4,Parklawn,Week2,322.0 Langley - 80.0 Parklawn
Lakeview,Week2,Lee Graham,Week1,342.0 Lee Graham - 60.0 Lakeview
Langley,Week3,Parklawn,Week5,295.0 Langley - 107.0 Parklawn
Lakeview,Week2,Laurel Hill,Week5,245.0 Laurel Hill - 156.0 Lakeview
Langley,Week1,Parliament,Week3,260.0 Langley - 142.0 Parliament
Langley,Week5,Highlands Swim,Week5,254.0 Highlands Swim - 143.0 Langley
Langley,Week1,Cottontail,Week3,284.0 Langley - 118.0 Cottontail
Langley,Week4,Highlands Swim,Week4,235.0 Highlands Swim - 167.0 Langley
Langley,Week5,Commonwealth,Week5,279.0 Langley - 123.0 Commonwealth
Langley,Week5,Parklawn,Week5,287.0 Langley - 115.0 Parklawn
Lakeview,Week2,Dominion Hills,Week3,304.5 Dominion Hills - 97.5 Lakeview
Langley,Week2,Hollin Hills,Week3,325.0 Langley - 77.0 Hollin Hills
Langley,Week2,Highlands Swim,Week4,238.0 Highlands Swim - 164.0 Langley
Langley,Week5,Parklawn,Week2,307.0 Langley - 95.0 Parklawn
Langley,Week2,Parliament,Week2,263.0 Langley - 138.0 Parliament
Langley,Week2,Cottontail,Week2,262.0 Langley - 140.0 Cottontail
Lakeview,Week4,Laurel Hill,Week2,240.0 Lakeview - 162.0 Laurel Hill
Lakeview,Week1,Laurel Hill,Week4,240.0 Laurel Hill - 161.0 Lakeview
Langley,Week3,Highlands Swim,Week3,231.0 Highlands Swim - 171.0 Langley
Langley,Week2,Cottontail,Week4,275.0 Langley - 127.0 Cottontail
Langley,Week2,Parliament,Week3,242.0 Langley - 160.0 Parliament
Lakeview,Week4,Dominion Hills,Week2,267.0 Dominion Hills - 135.0 Lakeview
Langley,Week4,Parklawn,Week3,313.0 Langley - 89.0 Parklawn
Langley,Week3,Highlands Swim,Week5,246.0 Highlands Swim - 156.0 Langley
Langley,Week2,Cottontail,Week5,268.0 Langley - 134.0 Cottontail
Langley,Week1,Cottontail,Week2,282.0 Langley - 120.0 Cottontail
Langley,Week1,Cottontail,Week1,278.0 Langley - 124.0 Cottontail
Lakeview,Week3,Laurel Hill,Week1,205.0 Lakeview - 195.0 Laurel Hill
Langley,Week3,Parklawn,Week2,304.0 Langley - 98.0 Parklawn
Lakeview,Week2,Laurel Hill,Week2,220.0 Lakeview - 181.0 Laurel Hill
Lakeview,Week3,Laurel Hill,Week3,226.0 Laurel Hill - 174.0 Lakeview
Langley,Week5,Commonwealth,Week3,278.0 Langley - 124.0 Commonwealth
Lakeview,Week2,Laurel Hill,Week4,224.0 Laurel Hill - 177.0 Lakeview
Langley,Week2,Highlands Swim,Week5,256.5 Highlands Swim - 145.5 Langley
Langley,Week2,Cottontail,Week1,264.0 Langley - 138.0 Cottontail
Langley,Week4,Highlands Swim,Week3,252.0 Highlands Swim - 150.0 Langley
Lakeview,Week4,Laurel Hill,Week1,221.0 Lakeview - 180.0 Laurel Hill
Langley,Week4,Parklawn,Week5,303.0 Langley - 99.0 Parklawn
Langley,Week5,Highlands Swim,Week3,241.0 Highlands Swim - 161.0 Langley
Langley,Week3,Hollin Hills,Week5,321.0 Langley - 81.0 Hollin Hills
Lakeview,Week1,Laurel Hill,Week5,250.0 Laurel Hill - 151.0 Lakeview
Langley,Week1,Parliament,Week4,271.0 Langley - 131.0 Parliament
Lakeview,Week5,Laurel Hill,Week3,197.0 Lakeview - 193.0 Laurel Hill
Langley,Week4,Highlands Swim,Week1,238.0 Highlands Swim - 164.0 Langley
Langley,Week1,Cottontail,Week5,281.5 Langley - 120.5 Cottontail
Langley,Week1,Pinecrest,Week4,218.0 Pinecrest - 184.0 Langley
Lakeview,Week4,Laurel Hill,Week3,203.0 Lakeview - 197.0 Laurel Hill
Langley,Week2,Parklawn,Week5,286.0 Langley - 116.0 Parklawn
Langley,Week5,Commonwealth,Week4,291.0 Langley - 111.0 Commonwealth
Langley,Week3,Cottontail,Week4,279.0 Langley - 123.0 Cottontail
Lakeview,Week2,Laurel Hill,Week3,236.0 Laurel Hill - 165.0 Lakeview
Langley,Week3,Cottontail,Week5,267.0 Langley - 135.0 Cottontail
Langley,Week5,Parklawn,Week3,312.5 Langley - 89.5 Parklawn
Langley,Week3,Highlands Swim,Week2,249.0 Highlands Swim - 153.0 Langley
Langley,Week5,Parklawn,Week4,273.0 Langley - 129.0 Parklawn
Lakeview,Week3,Laurel Hill,Week4,225.0 Laurel Hill - 175.0 Lakeview
Langley,Week4,Highlands Swim,Week2,260.0 Highlands Swim - 142.0 Langley
Langley,Week1,Hollin Hills,Week2,321.0 Langley - 81.0 Hollin Hills
Lakeview,Week4,Laurel Hill,Week5,219.0 Laurel Hill - 182.0 Lakeview
Langley,Week2,Cottontail,Week3,278.0 Langley - 124.0 Cottontail
Lakeview,Week1,Canterbury Woods,Week1,247.0 Canterbury Woods - 155.0 Lakeview
Lakeview,Week4,Laurel Hill,Week4,206.0 Laurel Hill - 194.0 Lakeview
Langley,Week4,Cottontail,Week2,292.0 Langley - 110.0 Cottontail
Langley,Week4,Parliament,Week2,279.5 Langley - 122.5 Parliament
Langley,Week4,Cottontail,Week3,291.5 Langley - 110.5 Cottontail
Lakeview,Week4,Lee Graham,Week3,330.0 Lee Graham - 72.0 Lakeview
Langley,Week1,Parliament,Week2,275.5 Langley - 126.5 Parliament
Langley,Week1,Hollin Hills,Week3,333.0 Langley - 69.0 Hollin Hills
Langley,Week4,Highlands Swim,Week5,251.0 Highlands Swim - 151.0 Langley
Langley,Week1,Parliament,Week1,240.0 Langley - 162.0 Parliament
Langley,Week1,Hollin Hills,Week1,324.5 Langley - 77.5 Hollin Hills
Lakeview,Week4,Canterbury Woods,Week2,220.0 Canterbury Woods - 181.0 Lakeview
Langley,Week1,Hollin Hills,Week4,333.0 Langley - 68.0 Hollin Hills
Lakeview,Week2,Canterbury Woods,Week4,254.0 Canterbury Woods - 147.0 Lakeview
Langley,Week2,Parliament,Week1,225.0 Langley - 177.0 Parliament
Lakeview,Week4,Lee Graham,Week1,325.0 Lee Graham - 77.0 Lakeview
Lakeview,Week5,Camelot,Week5,236.0 Camelot - 157.0 Lakeview
Lakeview,Week4,Canterbury Woods,Week3,233.0 Canterbury Woods - 169.0 Lakeview
Lakeview,Week2,Lincolnia Park,Week4,220.0 Lakeview - 181.0 Lincolnia Park
Langley,Week4,Country Club Hills,Week4,291.0 Langley - 111.0 Country Club Hills
Lakeview,Week1,Lincolnia Park,Week5,199.0 Lincolnia Park - 193.0 Lakeview
Langley,Week3,Parklawn,Week1,316.0 Langley - 77.0 Parklawn
Langley,Week5,Highlands Swim,Week2,255.0 Highlands Swim - 147.0 Langley
Langley,Week4,Cottontail,Week5,287.0 Langley - 115.0 Cottontail
Lakeview,Week4,Lee Graham,Week2,336.0 Lee Graham - 66.0 Lakeview
Langley,Week4,Parliament,Week4,271.0 Langley - 131.0 Parliament
Langley,Week3,Highlands Swim,Week1,233.0 Highlands Swim - 169.0 Langley
Langley,Week4,Parliament,Week5,256.0 Langley - 146.0 Parliament
Langley,Week5,Cottontail,Week3,273.0 Langley - 129.0 Cottontail
Lakeview,Week5,Canterbury Woods,Week1,226.0 Canterbury Woods - 167.0 Lakeview
Lakeview,Week3,Lincolnia Park,Week1,246.0 Lakeview - 155.0 Lincolnia Park
Lakeview,Week2,Lee Graham,Week4,346.0 Lee Graham - 56.0 Lakeview
Langley,Week4,Country Club Hills,Week2,287.0 Langley - 115.0 Country Club Hills
Langley,Week2,Country Club Hills,Week2,287.0 Langley - 115.0 Country Club Hills
Langley,Week2,Hollin Hills,Week1,311.0 Langley - 91.0 Hollin Hills
Langley,Week5,Cottontail,Week2,278.0 Langley - 124.0 Cottontail
Langley,Week5,Highlands Swim,Week4,243.0 Highlands Swim - 159.0 Langley
Lakeview,Week4,Canterbury Woods,Week5,223.0 Canterbury Woods - 174.0 Lakeview
Langley,Week3,Highlands Swim,Week4,237.0 Highlands Swim - 165.0 Langley
Lakeview,Week1,Lincolnia Park,Week1,200.0 Lakeview - 200.0 Lincolnia Park
Langley,Week3,Parliament,Week3,254.0 Langley - 148.0 Parliament
Lakeview,Week5,Camelot,Week4,242.0 Camelot - 151.0 Lakeview
Langley,Week1,Parliament,Week5,257.0 Langley - 145.0 Parliament
Langley,Week2,Hollin Hills,Week4,325.0 Langley - 76.0 Hollin Hills
Langley,Week5,Parliament,Week1,234.0 Langley - 168.0 Parliament
Lakeview,Week1,Canterbury Woods,Week4,263.0 Canterbury Woods - 138.0 Lakeview
Langley,Week4,Country Club Hills,Week1,285.0 Langley - 117.0 Country Club Hills
Langley,Week4,Parliament,Week3,262.0 Langley - 140.0 Parliament
Lakeview,Week4,Lincolnia Park,Week2,271.0 Lakeview - 122.0 Lincolnia Park
Langley,Week2,Hollin Hills,Week2,319.0 Langley - 82.0 Hollin Hills
Langley,Week3,Hollin Meadows,Week4,264.0 Langley - 138.0 Hollin Meadows
Lakeview,Week4,Canterbury Woods,Week4,241.0 Canterbury Woods - 160.0 Lakeview
Lakeview,Week2,Canterbury Woods,Week1,246.0 Canterbury Woods - 156.0 Lakeview
Lakeview,Week2,Canterbury Woods,Week5,245.0 Canterbury Woods - 156.0 Lakeview
Langley,Week3,Hollin Hills,Week2,327.0 Langley - 75.0 Hollin Hills
Lakeview,Week2,Canterbury Woods,Week3,255.0 Canterbury Woods - 147.0 Lakeview
Langley,Week4,Hollin Hills,Week2,328.0 Langley - 74.0 Hollin Hills
Langley,Week3,Country Club Hills,Week5,265.0 Langley - 137.0 Country Club Hills
Langley,Week3,Country Club Hills,Week2,294.0 Langley - 108.0 Country Club Hills
Lakeview,Week5,Canterbury Woods,Week2,223.0 Canterbury Woods - 169.0 Lakeview
Lakeview,Week2,Lincolnia Park,Week3,200.0 Lakeview - 189.0 Lincolnia Park
Lakeview,Week2,Lee Graham,Week2,355.0 Lee Graham - 47.0 Lakeview
Lakeview,Week5,Canterbury Woods,Week3,236.0 Canterbury Woods - 157.0 Lakeview
Langley,Week5,Country Club Hills,Week2,277.0 Langley - 125.0 Country Club Hills
Langley,Week3,Country Club Hills,Week4,288.0 Langley - 114.0 Country Club Hills
Lakeview,Week4,Lee Graham,Week4,319.0 Lee Graham - 83.0 Lakeview
Langley,Week2,Parliament,Week5,237.0 Langley - 165.0 Parliament
Langley,Week5,Parliament,Week2,262.0 Langley - 140.0 Parliament
Langley,Week1,Country Club Hills,Week3,295.0 Langley - 107.0 Country Club Hills
Langley,Week3,Hollin Hills,Week4,332.0 Langley - 70.0 Hollin Hills
Langley,Week1,Pinecrest,Week1,208.0 Langley - 194.0 Pinecrest
Lakeview,Week3,Lee Graham,Week5,339.0 Lee Graham - 63.0 Lakeview
Lakeview,Week3,Lee Graham,Week1,322.0 Lee Graham - 80.0 Lakeview
Langley,Week5,Parliament,Week5,246.0 Langley - 156.0 Parliament
Lakeview,Week1,Canterbury Woods,Week2,235.0 Canterbury Woods - 166.0 Lakeview
Langley,Week5,Country Club Hills,Week4,269.0 Langley - 133.0 Country Club Hills
Langley,Week4,Country Club Hills,Week5,268.0 Langley - 134.0 Country Club Hills
Langley,Week3,Hollin Hills,Week3,333.0 Langley - 69.0 Hollin Hills
Lakeview,Week5,Lee Graham,Week1,322.0 Lee Graham - 71.0 Lakeview
Lakeview,Week5,Camelot,Week3,235.0 Camelot - 158.0 Lakeview
Langley,Week4,Hollin Hills,Week4,333.0 Langley - 69.0 Hollin Hills
Lakeview,Week2,Lee Graham,Week3,352.0 Lee Graham - 50.0 Lakeview
Langley,Week3,Parliament,Week2,276.5 Langley - 125.5 Parliament
Lakeview,Week5,Lee Graham,Week5,328.0 Lee Graham - 65.0 Lakeview
Langley,Week5,Hollin Hills,Week5,317.0 Langley - 84.0 Hollin Hills
Langley,Week3,Parliament,Week5,248.0 Langley - 154.0 Parliament
Langley,Week3,Parliament,Week4,267.0 Langley - 135.0 Parliament
Langley,Week3,Parliament,Week1,241.0 Langley - 161.0 Parliament
Langley,Week5,Country Club Hills,Week3,268.0 Langley - 134.0 Country Club Hills
Lakeview,Week3,Lee Graham,Week4,328.0 Lee Graham - 74.0 Lakeview
Lakeview,Week3,Canterbury Woods,Week2,223.0 Canterbury Woods - 178.0 Lakeview
Langley,Week4,Parliament,Week1,238.0 Langley - 164.0 Parliament
Lakeview,Week1,Canterbury Woods,Week3,255.0 Canterbury Woods - 147.0 Lakeview
Langley,Week5,Cottontail,Week5,274.0 Langley - 128.0 Cottontail
Lakeview,Week4,Lee Graham,Week5,330.0 Lee Graham - 72.0 Lakeview
Langley,Week4,Hollin Meadows,Week3,255.0 Langley - 147.0 Hollin Meadows
Langley,Week5,Country Club Hills,Week5,250.0 Langley - 152.0 Country Club Hills
Langley,Week1,Country Club Hills,Week2,301.0 Langley - 101.0 Country Club Hills
Langley,Week1,Hollin Meadows,Week3,255.0 Langley - 147.0 Hollin Meadows
Lakeview,Week1,Canterbury Woods,Week5,236.0 Canterbury Woods - 165.0 Lakeview
Langley,Week4,Hollin Meadows,Week2,256.0 Langley - 146.0 Hollin Meadows
Langley,Week2,Country Club Hills,Week3,277.0 Langley - 125.0 Country Club Hills
Langley,Week1,Hollin Meadows,Week2,253.0 Langley - 149.0 Hollin Meadows
Langley,Week2,Hollin Meadows,Week4,242.0 Langley - 160.0 Hollin Meadows
Lakeview,Week2,Canterbury Woods,Week2,233.0 Canterbury Woods - 168.0 Lakeview
Lakeview,Week5,Lee Graham,Week2,337.0 Lee Graham - 56.0 Lakeview
Langley,Week1,Country Club Hills,Week5,263.0 Langley - 139.0 Country Club Hills
Langley,Week5,Parliament,Week3,258.0 Langley - 144.0 Parliament
Lakeview,Week3,Lee Graham,Week2,341.0 Lee Graham - 61.0 Lakeview
Langley,Week1,Pinecrest,Week2,215.0 Pinecrest - 187.0 Langley
Lakeview,Week3,Canterbury Woods,Week3,237.0 Canterbury Woods - 165.0 Lakeview
Langley,Week5,Parliament,Week4,262.0 Langley - 140.0 Parliament
Langley,Week3,Hollin Meadows,Week1,246.0 Langley - 156.0 Hollin Meadows
Lakeview,Week5,Lee Graham,Week3,324.0 Lee Graham - 69.0 Lakeview
Langley,Week1,Pinecrest,Week3,222.0 Pinecrest - 180.0 Langley
Lakeview,Week4,Canterbury Woods,Week1,217.0 Canterbury Woods - 185.0 Lakeview
Langley,Week1,Country Club Hills,Week1,290.0 Langley - 112.0 Country Club Hills
Langley,Week5,Hollin Hills,Week1,325.0 Langley - 72.0 Hollin Hills
Langley,Week1,Crosspointe,Week1,212.0 Langley - 190.0 Crosspointe
Langley,Week1,Pinecrest,Week5,217.0 Pinecrest - 185.0 Langley
Lakeview,Week5,Lee Graham,Week4,322.0 Lee Graham - 71.0 Lakeview
Langley,Week1,Hollin Meadows,Week1,250.0 Langley - 152.0 Hollin Meadows
Langley,Week3,Pinecrest,Week1,202.0 Langley - 200.0 Pinecrest
Lakeview,Week3,Canterbury Woods,Week1,226.0 Canterbury Woods - 176.0 Lakeview
Langley,Week2,Country Club Hills,Week1,273.0 Langley - 129.0 Country Club Hills
Langley,Week4,Pinecrest,Week1,216.0 Langley - 186.0 Pinecrest
Langley,Week3,Country Club Hills,Week3,284.0 Langley - 118.0 Country Club Hills
Langley,Week1,Crosspointe,Week2,223.0 Langley - 179.0 Crosspointe
Lakeview,Week3,Canterbury Woods,Week4,246.0 Canterbury Woods - 155.0 Lakeview
Langley,Week2,Hollin Meadows,Week1,224.0 Langley - 178.0 Hollin Meadows
Lakeview,Week1,Lincolnia Park,Week4,219.0 Lakeview - 181.0 Lincolnia Park
Langley,Week2,Pinecrest,Week5,219.0 Pinecrest - 183.0 Langley
Langley,Week2,Hollin Meadows,Week5,229.5 Langley - 172.5 Hollin Meadows
Langley,Week4,Pinecrest,Week2,204.0 Pinecrest - 198.0 Langley
Lakeview,Week3,Lee Graham,Week3,340.0 Lee Graham - 62.0 Lakeview
Lakeview,Week1,Lincolnia Park,Week3,202.0 Lincolnia Park - 190.0 Lakeview
Lakeview,Week1,Lincolnia Park,Week2,225.0 Lakeview - 163.0 Lincolnia Park
Langley,Week1,Country Club Hills,Week4,286.0 Langley - 116.0 Country Club Hills
Langley,Week1,Crosspointe,Week3,212.0 Langley - 190.0 Crosspointe
Langley,Week4,Hollin Meadows,Week1,257.0 Langley - 145.0 Hollin Meadows
Lakeview,Week3,Canterbury Woods,Week5,234.0 Canterbury Woods - 167.0 Lakeview
Langley,Week2,Pinecrest,Week2,226.0 Pinecrest - 176.0 Langley
Lakeview,Week2,Lee Graham,Week5,348.0 Lee Graham - 54.0 Lakeview
Langley,Week3,Pinecrest,Week4,221.0 Pinecrest - 181.0 Langley
Lakeview,Week3,Lincolnia Park,Week2,244.5 Lakeview - 147.5 Lincolnia Park
Langley,Week2,Country Club Hills,Week4,277.0 Langley - 125.0 Country Club Hills
Lakeview,Week3,Lincolnia Park,Week3,225.0 Lakeview - 168.0 Lincolnia Park
Langley,Week1,Daventry,Week3,331.0 Langley - 71.0 Daventry
Langley,Week2,Hollin Meadows,Week2,242.0 Langley - 160.0 Hollin Meadows
Langley,Week1,Hollin Meadows,Week4,261.0 Langley - 141.0 Hollin Meadows
Langley,Week5,Hollin Meadows,Week1,247.0 Langley - 155.0 Hollin Meadows
Langley,Week2,Pinecrest,Week1,206.0 Pinecrest - 196.0 Langley
Langley,Week5,Hollin Hills,Week3,322.0 Langley - 80.0 Hollin Hills
Langley,Week3,Pinecrest,Week5,221.0 Pinecrest - 181.0 Langley
Langley,Week3,Pinecrest,Week3,214.0 Pinecrest - 188.0 Langley
Langley,Week4,Country Club Hills,Week3,288.0 Langley - 114.0 Country Club Hills
Langley,Week4,Hollin Hills,Week1,323.0 Langley - 79.0 Hollin Hills
Lakeview,Week3,Lincolnia Park,Week5,211.0 Lakeview - 182.0 Lincolnia Park
Lakeview,Week4,Lincolnia Park,Week1,258.0 Lakeview - 143.0 Lincolnia Park
Lakeview,Week2,Lincolnia Park,Week5,197.0 Lakeview - 192.0 Lincolnia Park
Langley,Week2,Country Club Hills,Week5,255.0 Langley - 147.0 Country Club Hills
Langley,Week4,Pinecrest,Week5,217.0 Pinecrest - 185.0 Langley
Langley,Week4,Hollin Meadows,Week4,260.0 Langley - 142.0 Hollin Meadows
Lakeview,Week2,Lincolnia Park,Week2,238.0 Lakeview - 154.0 Lincolnia Park
Langley,Week4,Hollin Meadows,Week5,241.0 Langley - 161.0 Hollin Meadows
Langley,Week4,Pinecrest,Week4,217.0 Pinecrest - 185.0 Langley
Langley,Week3,Country Club Hills,Week1,280.0 Langley - 122.0 Country Club Hills
Lakeview,Week2,Lincolnia Park,Week1,243.0 Lakeview - 154.0 Lincolnia Park
Langley,Week4,Hollin Hills,Week3,337.0 Langley - 65.0 Hollin Hills
Langley,Week5,Country Club Hills,Week1,274.0 Langley - 128.0 Country Club Hills
Langley,Week3,Hollin Meadows,Week2,254.0 Langley - 148.0 Hollin Meadows
Lakeview,Week3,Lincolnia Park,Week4,228.0 Lakeview - 174.0 Lincolnia Park
Lakeview,Week5,Burke Station,Week1,196.0 Burke Station - 174.0 Lakeview
Langley,Week5,Pinecrest,Week1,212.0 Langley - 190.0 Pinecrest
Lakeview,Week4,Lincolnia Park,Week5,231.0 Lakeview - 162.0 Lincolnia Park
Lakeview,Week3,Little Hunting Park,Week2,232.0 Little Hunting Park - 170.0 Lakeview
Langley,Week2,Pinecrest,Week4,221.0 Pinecrest - 181.0 Langley
Langley,Week2,Crosspointe,Week1,203.0 Crosspointe - 199.0 Langley
Langley,Week1,Crosspointe,Week4,215.0 Langley - 187.0 Crosspointe
Langley,Week2,Pinecrest,Week3,221.0 Pinecrest - 181.0 Langley
Langley,Week3,Pinecrest,Week2,218.5 Pinecrest - 183.5 Langley
Langley,Week5,Hollin Hills,Week4,324.0 Langley - 78.0 Hollin Hills
Langley,Week5,Hollin Hills,Week2,318.0 Langley - 84.0 Hollin Hills
Langley,Week2,Daventry,Week3,317.0 Langley - 84.0 Daventry
Langley,Week1,Crosspointe,Week5,208.0 Crosspointe - 194.0 Langley
Langley,Week1,Hollin Meadows,Week5,244.0 Langley - 158.0 Hollin Meadows
Langley,Week4,Crosspointe,Week4,215.0 Langley - 187.0 Crosspointe
Lakeview,Week1,Little Hunting Park,Week2,239.0 Little Hunting Park - 163.0 Lakeview
Langley,Week4,Pinecrest,Week3,208.0 Pinecrest - 194.0 Langley
Lakeview,Week3,Little Hunting Park,Week1,228.0 Little Hunting Park - 173.0 Lakeview
Langley,Week3,Hollin Meadows,Week3,259.0 Langley - 143.0 Hollin Meadows
Langley,Week3,Crosspointe,Week1,214.0 Crosspointe - 188.0 Langley
Langley,Week2,Pinewood Lake,Week4,368.0 Langley - 28.0 Pinewood Lake
Langley,Week4,Crosspointe,Week1,201.0 Crosspointe - 201.0 Langley
Langley,Week3,Hollin Meadows,Week5,243.0 Langley - 159.0 Hollin Meadows
Langley,Week2,Hollin Meadows,Week3,242.0 Langley - 160.0 Hollin Meadows
Lakeview,Week3,Little Hunting Park,Week4,218.0 Little Hunting Park - 184.0 Lakeview
Langley,Week5,Pinecrest,Week2,215.0 Pinecrest - 187.0 Langley
Lakeview,Week3,Little Hunting Park,Week5,261.0 Little Hunting Park - 141.0 Lakeview
Langley,Week2,Crosspointe,Week2,217.0 Langley - 185.0 Crosspointe
Langley,Week4,Hollin Hills,Week5,324.5 Langley - 77.5 Hollin Hills
Lakeview,Week4,Lincolnia Park,Week4,251.0 Lakeview - 151.0 Lincolnia Park
Langley,Week1,Pinewood Lake,Week1,373.0 Langley - 29.0 Pinewood Lake
Langley,Week1,Pinewood Lake,Week5,368.0 Langley - 32.0 Pinewood Lake
Lakeview,Week4,Commonwealth,Week1,208.0 Lakeview - 194.0 Commonwealth
Langley,Week4,Fairfax,Week1,211.0 Langley - 191.0 Fairfax
Langley,Week2,Daventry,Week1,325.0 Langley - 77.0 Daventry
Lakeview,Week3,Commonwealth,Week3,237.0 Commonwealth - 165.0 Lakeview
Lakeview,Week1,Commonwealth,Week2,272.0 Commonwealth - 130.0 Lakeview
Langley,Week4,Pinewood Lake,Week2,371.0 Langley - 27.0 Pinewood Lake
Lakeview,Week5,Lincolnia Park,Week5,203.0 Lakeview - 177.0 Lincolnia Park
Langley,Week2,Crosspointe,Week3,207.0 Crosspointe - 195.0 Langley
Lakeview,Week5,Lincolnia Park,Week1,237.0 Lakeview - 150.0 Lincolnia Park
Langley,Week3,Crosspointe,Week3,203.0 Langley - 199.0 Crosspointe
Lakeview,Week5,Commonwealth,Week2,243.0 Commonwealth - 150.0 Lakeview
Langley,Week2,Pleasant Valley,Week1,327.0 Langley - 75.0 Pleasant Valley
Lakeview,Week2,Little Hunting Park,Week1,251.0 Little Hunting Park - 150.0 Lakeview
Langley,Week5,Crosspointe,Week3,209.0 Crosspointe - 193.0 Langley
Langley,Week3,Pinewood Lake,Week3,377.0 Langley - 23.0 Pinewood Lake
Langley,Week1,Pleasant Valley,Week1,335.0 Langley - 67.0 Pleasant Valley
Langley,Week4,Fairfax,Week2,219.0 Fairfax - 183.0 Langley
Lakeview,Week3,Little Hunting Park,Week3,218.0 Little Hunting Park - 184.0 Lakeview
Lakeview,Week1,Cottontail,Week4,292.0 Cottontail - 110.0 Lakeview
Langley,Week3,Crosspointe,Week4,203.0 Crosspointe - 199.0 Langley
Lakeview,Week2,Little Hunting Park,Week3,238.0 Little Hunting Park - 164.0 Lakeview
Langley,Week5,Crosspointe,Week4,201.5 Langley - 200.5 Crosspointe
Langley,Week5,Crosspointe,Week1,209.0 Crosspointe - 193.0 Langley
Lakeview,Week4,Little Hunting Park,Week3,207.5 Lakeview - 194.5 Little Hunting Park
Lakeview,Week1,Commonwealth,Week4,248.0 Commonwealth - 153.0 Lakeview
Langley,Week4,Pinewood Lake,Week5,365.0 Langley - 35.0 Pinewood Lake
Langley,Week5,Pinecrest,Week4,212.5 Pinecrest - 189.5 Langley
Langley,Week4,Crosspointe,Week2,225.0 Langley - 177.0 Crosspointe
Lakeview,Week4,Little Hunting Park,Week2,202.0 Lakeview - 200.0 Little Hunting Park
Lakeview,Week1,Cottontail,Week2,299.0 Cottontail - 103.0 Lakeview
Langley,Week5,Fairfax,Week4,217.5 Fairfax - 184.5 Langley
Langley,Week4,Fairfax,Week4,204.0 Fairfax - 198.0 Langley
Lakeview,Week4,Little Hunting Park,Week4,212.0 Lakeview - 190.0 Little Hunting Park
Langley,Week3,Fairfax Club Estates,Week1,283.0 Langley - 119.0 Fairfax Club Estates
Langley,Week2,Pinewood Lake,Week5,363.0 Langley - 34.0 Pinewood Lake
Lakeview,Week5,Commonwealth,Week3,212.0 Commonwealth - 180.0 Lakeview
Lakeview,Week5,Commonwealth,Week1,197.0 Lakeview - 195.0 Commonwealth
Langley,Week5,Fairfax,Week2,225.0 Fairfax - 177.0 Langley
Langley,Week3,Fairfax,Week2,221.0 Fairfax - 181.0 Langley
Langley,Week4,Fairfax,Week3,218.0 Fairfax - 184.0 Langley
Langley,Week1,Fairfax Club Estates,Week3,295.0 Langley - 107.0 Fairfax Club Estates
Langley,Week4,Pinewood Lake,Week1,366.0 Langley - 34.0 Pinewood Lake
Lakeview,Week5,Chesterbrook,Week4,379.0 Chesterbrook - 14.0 Lakeview
Lakeview,Week2,Cottontail,Week4,295.0 Cottontail - 107.0 Lakeview
Lakeview,Week2,Commonwealth,Week2,260.0 Commonwealth - 142.0 Lakeview
Lakeview,Week1,Little Hunting Park,Week4,250.0 Little Hunting Park - 152.0 Lakeview
Lakeview,Week2,Commonwealth,Week3,255.0 Commonwealth - 146.0 Lakeview
Langley,Week4,Crosspointe,Week3,205.5 Langley - 196.5 Crosspointe
Lakeview,Week5,Chesterbrook,Week2,375.0 Chesterbrook - 18.0 Lakeview
Lakeview,Week1,Little Hunting Park,Week5,264.0 Little Hunting Park - 138.0 Lakeview
Langley,Week1,Pinewood Lake,Week2,373.0 Langley - 28.0 Pinewood Lake
Lakeview,Week3,Cottontail,Week3,283.0 Cottontail - 119.0 Lakeview
Lakeview,Week5,Chesterbrook,Week3,377.0 Chesterbrook - 16.0 Lakeview
Lakeview,Week3,Chesterbrook,Week3,381.0 Chesterbrook - 21.0 Lakeview
Lakeview,Week5,Chesterbrook,Week1,371.0 Chesterbrook - 22.0 Lakeview
Langley,Week2,Pinewood Lake,Week1,362.0 Langley - 36.0 Pinewood Lake
Langley,Week2,Crosspointe,Week4,203.0 Langley - 199.0 Crosspointe
Lakeview,Week4,Little Hunting Park,Week1,213.0 Lakeview - 189.0 Little Hunting Park
Lakeview,Week4,Little Hunting Park,Week5,230.0 Little Hunting Park - 172.0 Lakeview
Lakeview,Week3,Commonwealth,Week1,203.5 Lakeview - 198.5 Commonwealth
Lakeview,Week2,Commonwealth,Week1,219.0 Commonwealth - 182.0 Lakeview
Langley,Week5,Crosspointe,Week5,219.0 Crosspointe - 183.0 Langley
Langley,Week3,Pinewood Lake,Week1,366.0 Langley - 34.0 Pinewood Lake
Langley,Week2,Fairfax Club Estates,Week1,275.0 Langley - 127.0 Fairfax Club Estates
Langley,Week4,Fairfax,Week5,234.0 Fairfax - 168.0 Langley
Lakeview,Week4,Lincolnia Park,Week3,238.0 Lakeview - 155.0 Lincolnia Park
Langley,Week3,Pinewood Lake,Week4,373.0 Langley - 28.0 Pinewood Lake
Langley,Week3,Pinewood Lake,Week2,372.0 Langley - 29.0 Pinewood Lake
Langley,Week2,Crosspointe,Week5,227.0 Crosspointe - 175.0 Langley
Langley,Week2,Fairfax Club Estates,Week2,293.0 Langley - 109.0 Fairfax Club Estates
Langley,Week3,Crosspointe,Week5,230.0 Crosspointe - 172.0 Langley
Lakeview,Week5,Cardinal Hill,Week5,321.0 Cardinal Hill - 72.0 Lakeview
Lakeview,Week1,Commonwealth,Week5,265.0 Commonwealth - 137.0 Lakeview
Langley,Week5,Pinecrest,Week5,224.0 Pinecrest - 178.0 Langley
Langley,Week5,Crosspointe,Week2,212.0 Langley - 190.0 Crosspointe
Langley,Week5,Fairfax,Week5,247.0 Fairfax - 155.0 Langley
Langley,Week1,Daventry,Week1,338.0 Langley - 64.0 Daventry
Lakeview,Week5,Lincolnia Park,Week2,235.0 Lakeview - 147.0 Lincolnia Park
Lakeview,Week3,Cottontail,Week1,268.0 Cottontail - 134.0 Lakeview
Langley,Week4,Crosspointe,Week5,211.0 Crosspointe - 191.0 Langley
Lakeview,Week5,Chesterbrook,Week5,378.0 Chesterbrook - 15.0 Lakeview
Langley,Week3,Fairfax,Week5,245.0 Fairfax - 157.0 Langley
Langley,Week5,Pinewood Lake,Week3,371.0 Langley - 29.0 Pinewood Lake
Lakeview,Week2,Little Hunting Park,Week2,240.0 Little Hunting Park - 162.0 Lakeview
Lakeview,Week3,Commonwealth,Week4,214.0 Commonwealth - 188.0 Lakeview
Langley,Week2,Fairfax Club Estates,Week3,284.0 Langley - 118.0 Fairfax Club Estates
Lakeview,Week1,Little Hunting Park,Week1,247.0 Little Hunting Park - 154.0 Lakeview
Lakeview,Week5,Lincolnia Park,Week4,229.0 Lakeview - 162.0 Lincolnia Park
Langley,Week5,Pinewood Lake,Week5,357.0 Langley - 42.0 Pinewood Lake
Lakeview,Week2,Little Hunting Park,Week5,276.0 Little Hunting Park - 126.0 Lakeview
Langley,Week3,Crosspointe,Week2,225.0 Langley - 177.0 Crosspointe
Lakeview,Week3,Chesterbrook,Week5,377.0 Chesterbrook - 25.0 Lakeview
Langley,Week1,Daventry,Week5,327.0 Langley - 75.0 Daventry
Lakeview,Week1,Chesterbrook,Week1,374.0 Chesterbrook - 28.0 Lakeview
Langley,Week5,Pinewood Lake,Week4,366.0 Langley - 34.0 Pinewood Lake
Langley,Week2,Pinewood Lake,Week2,368.0 Langley - 29.0 Pinewood Lake
Lakeview,Week5,Commonwealth,Week5,232.0 Commonwealth - 160.0 Lakeview
Langley,Week1,Pleasant Valley,Week2,337.0 Langley - 65.0 Pleasant Valley
Lakeview,Week3,Commonwealth,Week2,246.0 Commonwealth - 156.0 Lakeview
Langley,Week3,Fairfax,Week1,204.0 Langley - 198.0 Fairfax
Langley,Week1,Daventry,Week2,339.0 Langley - 63.0 Daventry
Lakeview,Week3,Chesterbrook,Week4,379.0 Chesterbrook - 23.0 Lakeview
Lakeview,Week5,Commonwealth,Week4,208.0 Commonwealth - 184.0 Lakeview
Lakeview,Week4,Chesterbrook,Week2,380.0 Chesterbrook - 22.0 Lakeview
Langley,Week2,Fairfax Club Estates,Week5,274.0 Langley - 128.0 Fairfax Club Estates
Langley,Week5,Fairfax,Week1,211.0 Fairfax - 191.0 Langley
Langley,Week1,Daventry,Week4,345.0 Langley - 57.0 Daventry
Lakeview,Week1,Little Hunting Park,Week3,241.0 Little Hunting Park - 161.0 Lakeview
Lakeview,Week1,Commonwealth,Week3,256.0 Commonwealth - 145.0 Lakeview
Lakeview,Week2,Little Hunting Park,Week4,232.0 Little Hunting Park - 170.0 Lakeview
Lakeview,Week5,Little Hunting Park,Week4,205.0 Little Hunting Park - 188.0 Lakeview
Lakeview,Week2,Commonwealth,Week4,234.0 Commonwealth - 167.0 Lakeview
Lakeview,Week2,Chesterbrook,Week3,390.0 Chesterbrook - 12.0 Lakeview
Langley,Week4,Daventry,Week2,339.0 Langley - 63.0 Daventry
Langley,Week1,Fairfax Club Estates,Week1,289.0 Langley - 113.0 Fairfax Club Estates
Lakeview,Week2,Chesterbrook,Week1,383.0 Chesterbrook - 19.0 Lakeview
Langley,Week5,Pinecrest,Week3,216.0 Pinecrest - 186.0 Langley
Langley,Week5,Fairfax,Week3,230.0 Fairfax - 172.0 Langley
Langley,Week2,Pinewood Lake,Week3,373.0 Langley - 24.0 Pinewood Lake
Langley,Week3,Daventry,Week5,307.0 Langley - 95.0 Daventry
Langley,Week2,Fairfax Station,Week1,209.5 Langley - 192.5 Fairfax Station
Langley,Week4,Pinewood Lake,Week3,376.0 Langley - 21.0 Pinewood Lake
Langley,Week3,Fairfax,Week3,215.0 Fairfax - 187.0 Langley
Langley,Week1,Pinewood Lake,Week3,377.0 Langley - 24.0 Pinewood Lake
Langley,Week2,Daventry,Week4,327.0 Langley - 75.0 Daventry
Lakeview,Week3,Little Rocky Run,Week3,337.0 Little Rocky Run - 65.0 Lakeview
Lakeview,Week4,Commonwealth,Week2,234.0 Commonwealth - 168.0 Lakeview
Lakeview,Week1,Commonwealth,Week1,226.0 Commonwealth - 171.0 Lakeview
Langley,Week2,Fairfax,Week5,249.0 Fairfax - 153.0 Langley
Lakeview,Week5,Lincolnia Park,Week3,224.0 Lakeview - 156.0 Lincolnia Park
Lakeview,Week2,Commonwealth,Week5,251.0 Commonwealth - 150.0 Lakeview
Langley,Week5,Daventry,Week3,317.0 Langley - 84.0 Daventry
Langley,Week4,Pinewood Lake,Week4,373.0 Langley - 24.0 Pinewood Lake
Lakeview,Week3,Little Rocky Run,Week1,319.0 Little Rocky Run - 83.0 Lakeview
Lakeview,Week2,Chesterbrook,Week2,386.0 Chesterbrook - 16.0 Lakeview
Lakeview,Week1,Chesterbrook,Week3,388.0 Chesterbrook - 14.0 Lakeview
Lakeview,Week3,Chesterbrook,Week2,377.0 Chesterbrook - 25.0 Lakeview
Langley,Week2,Daventry,Week2,328.5 Langley - 73.5 Daventry
Langley,Week1,Fairfax Club Estates,Week2,291.0 Langley - 111.0 Fairfax Club Estates
Lakeview,Week4,Little Rocky Run,Week2,308.0 Little Rocky Run - 94.0 Lakeview
Lakeview,Week1,Cottontail,Week3,297.0 Cottontail - 105.0 Lakeview
Langley,Week1,Fairfax Club Estates,Week5,289.0 Langley - 113.0 Fairfax Club Estates
Langley,Week2,Fairfax Club Estates,Week4,277.0 Langley - 125.0 Fairfax Club Estates
Langley,Week2,Dominion Hills,Week1,279.0 Langley - 123.0 Dominion Hills
Lakeview,Week4,Commonwealth,Week4,203.0 Lakeview - 199.0 Commonwealth
Langley,Week5,Pinewood Lake,Week2,368.0 Langley - 32.0 Pinewood Lake
Langley,Week1,Pleasant Valley,Week4,342.0 Langley - 60.0 Pleasant Valley
Lakeview,Week1,Chesterbrook,Week4,385.0 Chesterbrook - 17.0 Lakeview
Lakeview,Week4,Little Rocky Run,Week1,312.0 Little Rocky Run - 90.0 Lakeview
Lakeview,Week1,Cottontail,Week5,316.0 Cottontail - 86.0 Lakeview
Lakeview,Week1,Little Rocky Run,Week1,330.0 Little Rocky Run - 72.0 Lakeview
Lakeview,Week1,Cottontail,Week1,300.0 Cottontail - 102.0 Lakeview
Langley,Week1,Fairfax Club Estates,Week4,293.0 Langley - 109.0 Fairfax Club Estates
Lakeview,Week1,Little Rocky Run,Week5,353.0 Little Rocky Run - 49.0 Lakeview
Lakeview,Week4,Chesterbrook,Week4,378.0 Chesterbrook - 24.0 Lakeview
Langley,Week2,Dominion Hills,Week2,262.0 Langley - 140.0 Dominion Hills
Lakeview,Week1,Chesterbrook,Week2,385.0 Chesterbrook - 17.0 Lakeview
Langley,Week3,Dominion Hills,Week3,274.0 Langley - 128.0 Dominion Hills
Langley,Week1,Pleasant Valley,Week3,324.0 Langley - 78.0 Pleasant Valley
Lakeview,Week4,Commonwealth,Week3,210.0 Commonwealth - 192.0 Lakeview
Langley,Week1,Dominion Hills,Week1,296.0 Langley - 106.0 Dominion Hills
Langley,Week3,Fairfax Club Estates,Week2,301.0 Langley - 101.0 Fairfax Club Estates
Lakeview,Week4,Chesterbrook,Week3,383.0 Chesterbrook - 19.0 Lakeview
Lakeview,Week2,Cottontail,Week1,292.0 Cottontail - 110.0 Lakeview
Langley,Week5,Daventry,Week5,311.0 Langley - 85.0 Daventry
Lakeview,Week3,Little Rocky Run,Week5,340.0 Little Rocky Run - 62.0 Lakeview
Lakeview,Week3,Little Rocky Run,Week4,330.0 Little Rocky Run - 72.0 Lakeview
Langley,Week5,Pinewood Lake,Week1,361.0 Langley - 39.0 Pinewood Lake
Lakeview,Week4,Chesterbrook,Week1,377.0 Chesterbrook - 25.0 Lakeview
Lakeview,Week3,Chesterbrook,Week1,370.0 Chesterbrook - 32.0 Lakeview
Langley,Week3,Fairfax,Week4,206.0 Fairfax - 196.0 Langley
Langley,Week3,Fairfax Club Estates,Week5,291.0 Langley - 111.0 Fairfax Club Estates
Lakeview,Week1,Chesterbrook,Week5,389.0 Chesterbrook - 13.0 Lakeview
Lakeview,Week3,Commonwealth,Week5,241.0 Commonwealth - 161.0 Lakeview
Lakeview,Week5,Little Hunting Park,Week2,217.0 Little Hunting Park - 176.0 Lakeview
Langley,Week3,Pinewood Lake,Week5,367.0 Langley - 34.0 Pinewood Lake
Langley,Week1,Dominion Hills,Week3,286.0 Langley - 116.0 Dominion Hills
Langley,Week2,Pleasant Valley,Week2,325.0 Langley - 77.0 Pleasant Valley
Langley,Week1,Pinewood Lake,Week4,376.0 Langley - 24.0 Pinewood Lake
Lakeview,Week4,Commonwealth,Week5,219.0 Commonwealth - 183.0 Lakeview
Langley,Week3,Dominion Hills,Week1,278.0 Langley - 124.0 Dominion Hills
Lakeview,Week5,Little Hunting Park,Week1,202.0 Little Hunting Park - 191.0 Lakeview
Langley,Week1,Pleasant Valley,Week5,327.0 Langley - 73.0 Pleasant Valley
Langley,Week3,Fairfax Club Estates,Week4,293.0 Langley - 109.0 Fairfax Club Estates
Langley,Week2,Pleasant Valley,Week4,324.0 Langley - 77.0 Pleasant Valley
Lakeview,Week3,Cottontail,Week2,278.0 Cottontail - 124.0 Lakeview
Lakeview,Week4,Chesterbrook,Week5,382.0 Chesterbrook - 20.0 Lakeview
Lakeview,Week2,Little Rocky Run,Week4,360.0 Little Rocky Run - 42.0 Lakeview
Lakeview,Week1,Little Rocky Run,Week3,347.0 Little Rocky Run - 55.0 Lakeview
Langley,Week4,Fairfax Club Estates,Week5,278.0 Langley - 124.0 Fairfax Club Estates
Langley,Week2,Dominion Hills,Week3,269.0 Langley - 133.0 Dominion Hills
Langley,Week5,Daventry,Week4,334.0 Langley - 68.0 Daventry
Lakeview,Week2,Cottontail,Week2,293.0 Cottontail - 109.0 Lakeview
Langley,Week2,Pleasant Valley,Week5,316.0 Langley - 85.0 Pleasant Valley
Langley,Week4,Fairfax Club Estates,Week1,281.0 Langley - 121.0 Fairfax Club Estates
Lakeview,Week2,Cottontail,Week3,304.5 Cottontail - 97.5 Lakeview
Langley,Week2,Pleasant Valley,Week3,314.0 Langley - 88.0 Pleasant Valley
Langley,Week3,Pleasant Valley,Week1,340.0 Langley - 62.0 Pleasant Valley
Lakeview,Week2,Cottontail,Week5,311.0 Cottontail - 91.0 Lakeview
Langley,Week4,Daventry,Week4,341.0 Langley - 61.0 Daventry
Lakeview,Week2,Little Rocky Run,Week1,343.0 Little Rocky Run - 59.0 Lakeview
Langley,Week1,Dominion Hills,Week4,266.0 Langley - 136.0 Dominion Hills
Lakeview,Week1,Little Rocky Run,Week4,346.0 Little Rocky Run - 56.0 Lakeview
Langley,Week2,Dominion Hills,Week4,241.0 Langley - 161.0 Dominion Hills
Langley,Week5,Fairfax Club Estates,Week3,286.0 Langley - 115.0 Fairfax Club Estates
Lakeview,Week2,Chesterbrook,Week4,388.5 Chesterbrook - 13.5 Lakeview
Lakeview,Week2,Chesterbrook,Week5,390.0 Chesterbrook - 12.0 Lakeview
Langley,Week5,Fairfax Club Estates,Week2,287.0 Langley - 115.0 Fairfax Club Estates
Langley,Week2,Daventry,Week5,305.0 Langley - 97.0 Daventry
Langley,Week3,Dominion Hills,Week4,246.0 Langley - 156.0 Dominion Hills
Langley,Week4,Fairfax Club Estates,Week3,302.0 Langley - 100.0 Fairfax Club Estates
Langley,Week5,Fairfax Club Estates,Week4,278.0 Langley - 124.0 Fairfax Club Estates
Lakeview,Week3,Little Rocky Run,Week2,327.0 Little Rocky Run - 75.0 Lakeview
Lakeview,Week1,Little Rocky Run,Week2,330.0 Little Rocky Run - 72.0 Lakeview
Langley,Week4,Dominion Hills,Week2,278.0 Langley - 124.0 Dominion Hills
Langley,Week4,Fairfax Club Estates,Week4,289.5 Langley - 112.5 Fairfax Club Estates
Lakeview,Week4,Cottontail,Week5,276.0 Cottontail - 126.0 Lakeview
Lakeview,Week4,Cottontail,Week2,256.0 Cottontail - 146.0 Lakeview
Langley,Week5,Fairfax Club Estates,Week1,278.0 Langley - 119.0 Fairfax Club Estates
Langley,Week3,Pleasant Valley,Week4,341.0 Langley - 61.0 Pleasant Valley
Lakeview,Week5,Little Hunting Park,Week5,243.0 Little Hunting Park - 150.0 Lakeview
Lakeview,Week4,Cottontail,Week4,249.0 Cottontail - 148.0 Lakeview
Lakeview,Week4,Cottontail,Week3,262.0 Cottontail - 140.0 Lakeview
Lakeview,Week4,Little Rocky Run,Week3,324.0 Little Rocky Run - 78.0 Lakeview
Langley,Week5,Fairfax Club Estates,Week5,274.0 Langley - 123.0 Fairfax Club Estates
Langley,Week4,Pleasant Valley,Week1,338.0 Langley - 64.0 Pleasant Valley
Langley,Week3,Dominion Hills,Week5,241.0 Langley - 161.0 Dominion Hills
Langley,Week3,Fairfax Club Estates,Week3,306.0 Langley - 96.0 Fairfax Club Estates
Lakeview,Week2,Little Rocky Run,Week5,365.0 Little Rocky Run - 37.0 Lakeview
Langley,Week3,Pleasant Valley,Week2,345.0 Langley - 57.0 Pleasant Valley
Lakeview,Week5,Little Hunting Park,Week3,197.0 Lakeview - 196.0 Little Hunting Park
Lakeview,Week5,Cottontail,Week1,259.5 Cottontail - 133.5 Lakeview
Langley,Week4,Fairfax Club Estates,Week2,294.0 Langley - 108.0 Fairfax Club Estates
Lakeview,Week3,Cottontail,Week5,295.0 Cottontail - 107.0 Lakeview
Langley,Week3,Pleasant Valley,Week5,337.0 Langley - 65.0 Pleasant Valley
Langley,Week4,Dominion Hills,Week1,295.0 Langley - 107.0 Dominion Hills
Langley,Week4,Pleasant Valley,Week2,342.0 Langley - 60.0 Pleasant Valley
Langley,Week3,Pleasant Valley,Week3,325.0 Langley - 77.0 Pleasant Valley
Langley,Week3,Daventry,Week1,338.0 Langley - 64.0 Daventry
Lakeview,Week3,Cottontail,Week4,279.0 Cottontail - 123.0 Lakeview
Langley,Week2,Fairfax Station,Week3,211.0 Fairfax Station - 191.0 Langley
Langley,Week1,Fairfax Station,Week1,213.0 Langley - 189.0 Fairfax Station
Langley,Week4,Pleasant Valley,Week3,328.0 Langley - 74.0 Pleasant Valley
Langley,Week1,Fairfax Station,Week3,215.0 Fairfax Station - 187.0 Langley
Langley,Week4,Pleasant Valley,Week4,347.0 Langley - 55.0 Pleasant Valley
Lakeview,Week2,Little Rocky Run,Week3,360.0 Little Rocky Run - 42.0 Lakeview
Langley,Week5,Daventry,Week1,337.0 Langley - 65.0 Daventry
Lakeview,Week5,Cottontail,Week2,265.0 Cottontail - 128.0 Lakeview
Langley,Week3,Daventry,Week2,333.0 Langley - 69.0 Daventry
Langley,Week4,Daventry,Week5,314.0 Langley - 88.0 Daventry
Langley,Week5,Daventry,Week2,331.5 Langley - 70.5 Daventry
Lakeview,Week5,High Point Pool,Week2,322.0 High Point Pool - 71.0 Lakeview
Langley,Week1,Fairfax Station,Week4,221.0 Langley - 181.0 Fairfax Station
Lakeview,Week2,Little Rocky Run,Week2,343.0 Little Rocky Run - 59.0 Lakeview
Langley,Week3,Daventry,Week4,335.0 Langley - 67.0 Daventry
Lakeview,Week2,High Point Pool,Week3,341.0 High Point Pool - 61.0 Lakeview
Langley,Week1,Fairfax Station,Week2,207.0 Langley - 195.0 Fairfax Station
Lakeview,Week1,Highland Park,Week1,330.0 Highland Park - 72.0 Lakeview
Lakeview,Week1,Highland Park,Week2,316.0 Highland Park - 86.0 Lakeview
Langley,Week3,Daventry,Week3,323.0 Langley - 79.0 Daventry
Lakeview,Week3,High Point Pool,Week4,326.0 High Point Pool - 76.0 Lakeview
Lakeview,Week5,Cottontail,Week5,288.0 Cottontail - 105.0 Lakeview
Lakeview,Week1,Country Club Hills,Week2,272.0 Country Club Hills - 130.0 Lakeview
Lakeview,Week1,Country Club Hills,Week1,279.0 Country Club Hills - 123.0 Lakeview
Langley,Week2,Fairfax Station,Week5,241.0 Fairfax Station - 161.0 Langley
Langley,Week1,Fairfax Station,Week5,220.0 Fairfax Station - 182.0 Langley
Langley,Week4,Daventry,Week1,337.0 Langley - 65.0 Daventry
Lakeview,Week5,Cottontail,Week3,268.0 Cottontail - 125.0 Lakeview
Lakeview,Week3,High Point Pool,Week3,318.0 High Point Pool - 84.0 Lakeview
Langley,Week3,Fairfax Station,Week3,217.0 Fairfax Station - 185.0 Langley
Langley,Week3,Fairfax Station,Week4,211.0 Langley - 191.0 Fairfax Station
Lakeview,Week1,Country Club Hills,Week3,287.0 Country Club Hills - 115.0 Lakeview
Langley,Week4,Fairfax Station,Week4,208.0 Langley - 194.0 Fairfax Station
Langley,Week2,Dominion Hills,Week5,235.0 Langley - 167.0 Dominion Hills
Langley,Week4,Daventry,Week3,325.0 Langley - 77.0 Daventry
Langley,Week3,Dominion Hills,Week2,276.0 Langley - 126.0 Dominion Hills
Lakeview,Week2,High Point Pool,Week1,317.0 High Point Pool - 85.0 Lakeview
Langley,Week1,Dominion Hills,Week5,250.0 Langley - 152.0 Dominion Hills
Lakeview,Week2,High Point Pool,Week2,339.0 High Point Pool - 63.0 Lakeview
Langley,Week4,Fairfax Station,Week5,225.0 Fairfax Station - 177.0 Langley
Lakeview,Week5,Cottontail,Week4,255.0 Cottontail - 133.0 Lakeview
Lakeview,Week4,Cottontail,Week1,252.0 Cottontail - 150.0 Lakeview
Langley,Week1,Dominion Hills,Week2,282.0 Langley - 120.0 Dominion Hills
Lakeview,Week5,Hiddenbrook,Week5,270.0 Hiddenbrook - 123.0 Lakeview
Langley,Week1,Donaldson Run,Week5,243.5 Donaldson Run - 158.5 Langley
Langley,Week2,Donaldson Run,Week2,226.0 Donaldson Run - 176.0 Langley
Langley,Week4,Fairfax Station,Week3,214.0 Fairfax Station - 188.0 Langley
Lakeview,Week3,Highland Park,Week3,259.0 Highland Park - 143.0 Lakeview
Lakeview,Week1,High Point Pool,Week3,336.0 High Point Pool - 66.0 Lakeview
Langley,Week2,Fairfax Station,Week4,202.0 Langley - 200.0 Fairfax Station
Lakeview,Week4,High Point Pool,Week1,291.0 High Point Pool - 110.0 Lakeview
Langley,Week5,Fairfax Station,Week1,206.0 Fairfax Station - 196.0 Langley
Langley,Week5,Fairfax Station,Week2,202.0 Langley - 200.0 Fairfax Station
Langley,Week1,Donaldson Run,Week2,222.0 Donaldson Run - 180.0 Langley
Lakeview,Week2,High Point Pool,Week4,336.0 High Point Pool - 66.0 Lakeview
Lakeview,Week5,High Point Pool,Week1,315.0 High Point Pool - 78.0 Lakeview
Langley,Week5,Fairfax Station,Week3,222.0 Fairfax Station - 180.0 Langley
Langley,Week2,Fairfax Station,Week2,205.0 Langley - 197.0 Fairfax Station
Langley,Week3,Fairfax Station,Week2,204.0 Fairfax Station - 198.0 Langley
Lakeview,Week5,High Point Pool,Week4,317.0 High Point Pool - 76.0 Lakeview
Langley,Week4,Donaldson Run,Week2,223.0 Donaldson Run - 179.0 Langley
Lakeview,Week4,High Point Pool,Week4,297.0 High Point Pool - 105.0 Lakeview
Langley,Week2,Donaldson Run,Week5,248.0 Donaldson Run - 154.0 Langley
Langley,Week2,Donaldson Run,Week1,225.0 Donaldson Run - 177.0 Langley
Langley,Week3,Donaldson Run,Week2,214.0 Donaldson Run - 188.0 Langley
Langley,Week5,Dominion Hills,Week5,233.0 Langley - 169.0 Dominion Hills
Lakeview,Week1,High Point Pool,Week1,311.0 High Point Pool - 91.0 Lakeview
Langley,Week4,Fairfax Station,Week2,207.0 Langley - 195.0 Fairfax Station
Langley,Week3,Forest Hollow,Week2,266.0 Langley - 136.0 Forest Hollow
Lakeview,Week3,High Point Pool,Week1,304.0 High Point Pool - 97.0 Lakeview
Langley,Week3,Fairfax Station,Week1,215.0 Langley - 187.0 Fairfax Station
Langley,Week3,Donaldson Run,Week1,210.5 Donaldson Run - 191.5 Langley
Lakeview,Week1,High Point Pool,Week5,328.0 High Point Pool - 74.0 Lakeview
Langley,Week5,Fairfax Station,Week5,242.0 Fairfax Station - 160.0 Langley
Lakeview,Week4,High Point Pool,Week3,302.0 High Point Pool - 100.0 Lakeview
Lakeview,Week3,High Point Pool,Week5,317.0 High Point Pool - 85.0 Lakeview
Langley,Week2,Donaldson Run,Week4,221.0 Donaldson Run - 181.0 Langley
Langley,Week3,Dowden Terrace,Week1,253.0 Langley - 149.0 Dowden Terrace
Langley,Week4,Dominion Hills,Week5,238.0 Langley - 164.0 Dominion Hills
Lakeview,Week1,High Point Pool,Week2,336.0 High Point Pool - 66.0 Lakeview
Lakeview,Week4,High Point Pool,Week5,302.0 High Point Pool - 100.0 Lakeview
Langley,Week3,Forest Hollow,Week3,257.0 Langley - 145.0 Forest Hollow
Lakeview,Week3,High Point Pool,Week2,324.0 High Point Pool - 78.0 Lakeview
Langley,Week3,Donaldson Run,Week3,226.0 Donaldson Run - 176.0 Langley
Langley,Week5,Dominion Hills,Week1,271.0 Langley - 131.0 Dominion Hills
Langley,Week5,Dominion Hills,Week2,257.0 Langley - 145.0 Dominion Hills
Lakeview,Week1,High Point Pool,Week4,328.0 High Point Pool - 74.0 Lakeview
Langley,Week2,Forest Hollow,Week3,251.0 Langley - 151.0 Forest Hollow
Langley,Week1,Forest Hollow,Week4,258.0 Langley - 144.0 Forest Hollow
Lakeview,Week4,High Point Pool,Week2,311.5 High Point Pool - 90.5 Lakeview
Langley,Week3,Fairfax Station,Week5,234.0 Fairfax Station - 168.0 Langley
Lakeview,Week5,High Point Pool,Week5,301.0 High Point Pool - 92.0 Lakeview
Langley,Week1,Donaldson Run,Week1,219.0 Donaldson Run - 183.0 Langley
Langley,Week4,Forest Hollow,Week5,249.0 Langley - 153.0 Forest Hollow
Langley,Week2,Donaldson Run,Week3,227.0 Donaldson Run - 175.0 Langley
Langley,Week4,Donaldson Run,Week1,217.0 Donaldson Run - 185.0 Langley
Langley,Week4,Fairfax Station,Week1,213.0 Langley - 189.0 Fairfax Station
Langley,Week1,Forest Hollow,Week2,273.0 Langley - 129.0 Forest Hollow
Lakeview,Week2,High Point Pool,Week5,341.0 High Point Pool - 61.0 Lakeview
Langley,Week5,Donaldson Run,Week3,239.0 Donaldson Run - 163.0 Langley
Langley,Week2,Dowden Terrace,Week3,248.0 Langley - 154.0 Dowden Terrace
Langley,Week3,Donaldson Run,Week4,229.0 Donaldson Run - 173.0 Langley
Langley,Week4,Forest Hollow,Week1,247.0 Langley - 155.0 Forest Hollow
Langley,Week4,Donaldson Run,Week4,232.0 Donaldson Run - 170.0 Langley
Lakeview,Week3,Highland Park,Week5,289.0 Highland Park - 113.0 Lakeview
Lakeview,Week3,Highland Park,Week1,307.0 Highland Park - 95.0 Lakeview
Langley,Week5,Donaldson Run,Week5,249.0 Donaldson Run - 153.0 Langley
Lakeview,Week2,Highland Park,Week1,322.0 Highland Park - 80.0 Lakeview
Langley,Week5,Donaldson Run,Week1,217.0 Donaldson Run - 185.0 Langley
Langley,Week2,Fox Hunt,Week3,249.0 Langley - 153.0 Fox Hunt
Langley,Week5,Dominion Hills,Week3,268.0 Langley - 134.0 Dominion Hills
Lakeview,Week1,Highland Park,Week5,320.0 Highland Park - 82.0 Lakeview
Langley,Week1,Fox Hunt,Week1,279.0 Langley - 123.0 Fox Hunt
Lakeview,Week1,Highland Park,Week3,289.0 Highland Park - 113.0 Lakeview
Lakeview,Week5,High Point Pool,Week3,323.0 High Point Pool - 70.0 Lakeview
Langley,Week1,Forest Hollow,Week3,263.0 Langley - 139.0 Forest Hollow
Langley,Week4,Forest Hollow,Week4,250.0 Langley - 152.0 Forest Hollow
Langley,Week5,Forest Hollow,Week3,246.0 Langley - 156.0 Forest Hollow
Langley,Week2,Forest Hollow,Week5,235.0 Langley - 167.0 Forest Hollow
Langley,Week1,Donaldson Run,Week4,222.5 Donaldson Run - 179.5 Langley
Langley,Week4,Dominion Hills,Week3,282.0 Langley - 120.0 Dominion Hills
Langley,Week2,Forest Hollow,Week4,247.0 Langley - 155.0 Forest Hollow
Langley,Week3,Donaldson Run,Week5,249.0 Donaldson Run - 153.0 Langley
Lakeview,Week2,Highland Park,Week2,316.0 Highland Park - 86.0 Lakeview
Lakeview,Week3,Highland Park,Week2,295.0 Highland Park - 107.0 Lakeview
Lakeview,Week2,Highland Park,Week4,325.0 Highland Park - 77.0 Lakeview
Langley,Week1,Forest Hollow,Week5,239.0 Langley - 163.0 Forest Hollow
Lakeview,Week1,Highlands Swim,Week5,364.0 Highlands Swim - 38.0 Lakeview
Langley,Week5,Fairfax Station,Week4,201.0 Fairfax Station - 201.0 Langley
Langley,Week1,Fox Hunt,Week2,271.0 Langley - 131.0 Fox Hunt
Langley,Week4,Donaldson Run,Week5,254.0 Donaldson Run - 148.0 Langley
Langley,Week3,Forest Hollow,Week4,255.5 Langley - 146.5 Forest Hollow
Langley,Week1,Fox Hunt,Week4,278.0 Langley - 124.0 Fox Hunt
Lakeview,Week5,Highland Park,Week5,295.0 Highland Park - 98.0 Lakeview
Langley,Week1,Donaldson Run,Week3,224.0 Donaldson Run - 178.0 Langley
Langley,Week5,Dominion Hills,Week4,244.0 Langley - 158.0 Dominion Hills
Lakeview,Week2,Highland Park,Week5,325.0 Highland Park - 77.0 Lakeview
Langley,Week4,Dominion Hills,Week4,252.0 Langley - 150.0 Dominion Hills
Lakeview,Week2,Highland Park,Week3,291.0 Highland Park - 111.0 Lakeview
Lakeview,Week1,Highland Park,Week4,322.0 Highland Park - 80.0 Lakeview
Langley,Week1,Dowden Terrace,Week2,264.0 Langley - 138.0 Dowden Terrace
Lakeview,Week5,Highland Park,Week4,307.0 Highland Park - 86.0 Lakeview
Langley,Week3,Forest Hollow,Week5,242.0 Langley - 160.0 Forest Hollow
Langley,Week4,Forest Hollow,Week2,264.0 Langley - 138.0 Forest Hollow
Langley,Week3,Sully Station,Week3,219.0 Langley - 183.0 Sully Station
Langley,Week2,Forest Hollow,Week2,255.0 Langley - 147.0 Forest Hollow
Lakeview,Week2,Highlands Swim,Week3,375.0 Highlands Swim - 27.0 Lakeview
Langley,Week2,Sully Station,Week5,201.0 Langley - 201.0 Sully Station
Langley,Week1,Dowden Terrace,Week5,228.0 Langley - 174.0 Dowden Terrace
Lakeview,Week4,Highland Park,Week4,289.0 Highland Park - 113.0 Lakeview
Langley,Week4,Forest Hollow,Week3,259.0 Langley - 143.0 Forest Hollow
Langley,Week5,Donaldson Run,Week2,220.0 Donaldson Run - 182.0 Langley
Lakeview,Week1,Highlands Swim,Week3,371.0 Highlands Swim - 31.0 Lakeview
Lakeview,Week5,Highland Park,Week2,287.0 Highland Park - 106.0 Lakeview
Langley,Week4,Sully Station,Week3,206.5 Langley - 195.5 Sully Station
Lakeview,Week4,Little Rocky Run,Week4,318.0 Little Rocky Run - 84.0 Lakeview
Langley,Week1,Forest Hollow,Week1,256.0 Langley - 146.0 Forest Hollow
Lakeview,Week4,Highland Park,Week5,271.0 Highland Park - 131.0 Lakeview
Langley,Week2,Dowden Terrace,Week1,256.0 Langley - 146.0 Dowden Terrace
Lakeview,Week5,Little Rocky Run,Week1,317.0 Little Rocky Run - 76.0 Lakeview
Langley,Week4,Donaldson Run,Week3,227.5 Donaldson Run - 174.5 Langley
Langley,Week1,Fox Hunt,Week3,254.0 Langley - 148.0 Fox Hunt
Langley,Week1,Dowden Terrace,Week4,254.0 Langley - 148.0 Dowden Terrace
Langley,Week1,Dowden Terrace,Week3,265.0 Langley - 137.0 Dowden Terrace
Langley,Week3,Forest Hollow,Week1,256.0 Langley - 146.0 Forest Hollow
Langley,Week5,Forest Hollow,Week1,253.0 Langley - 149.0 Forest Hollow
Lakeview,Week4,Highland Park,Week3,254.0 Highland Park - 143.0 Lakeview
Langley,Week2,Forest Hollow,Week1,248.0 Langley - 154.0 Forest Hollow
Langley,Week2,Dowden Terrace,Week2,248.0 Langley - 154.0 Dowden Terrace
Langley,Week5,Forest Hollow,Week2,262.0 Langley - 140.0 Forest Hollow
Lakeview,Week2,Highlands Swim,Week4,370.0 Highlands Swim - 32.0 Lakeview
Lakeview,Week1,Long Branch,Week2,262.0 Long Branch - 135.0 Lakeview
Langley,Week3,Dowden Terrace,Week4,251.0 Langley - 151.0 Dowden Terrace
Lakeview,Week1,Highlands Swim,Week2,377.0 Highlands Swim - 25.0 Lakeview
Lakeview,Week5,Long Branch,Week3,244.0 Long Branch - 149.0 Lakeview
Langley,Week2,Dowden Terrace,Week5,213.0 Langley - 189.0 Dowden Terrace
Langley,Week5,Forest Hollow,Week5,242.0 Langley - 160.0 Forest Hollow
Lakeview,Week4,Long Branch,Week2,224.0 Long Branch - 178.0 Lakeview
Langley,Week1,Dowden Terrace,Week1,264.0 Langley - 138.0 Dowden Terrace
Langley,Week1,Fox Hunt,Week5,247.0 Langley - 155.0 Fox Hunt
Langley,Week1,Sully Station II,Week2,201.0 Langley - 201.0 Sully Station II
Langley,Week5,Forest Hollow,Week4,245.0 Langley - 157.0 Forest Hollow
Langley,Week2,Fox Hunt,Week2,259.0 Langley - 143.0 Fox Hunt
Lakeview,Week2,Highlands Swim,Week2,376.0 Highlands Swim - 26.0 Lakeview
Lakeview,Week1,Highlands Swim,Week1,366.0 Highlands Swim - 36.0 Lakeview
Langley,Week1,Sully Station II,Week1,223.0 Langley - 179.0 Sully Station II
Lakeview,Week4,Long Branch,Week4,234.0 Long Branch - 168.0 Lakeview
Lakeview,Week1,Long Branch,Week4,265.0 Long Branch - 137.0 Lakeview
Lakeview,Week3,Long Branch,Week1,235.0 Long Branch - 167.0 Lakeview
Lakeview,Week1,Highlands Swim,Week4,370.0 Highlands Swim - 32.0 Lakeview
Langley,Week2,Sully Station II,Week3,236.0 Sully Station II - 166.0 Langley
Lakeview,Week5,Donaldson Run,Week4,338.0 Donaldson Run - 55.0 Lakeview
Langley,Week4,Sully Station,Week4,219.5 Langley - 182.5 Sully Station
Langley,Week2,Fox Hunt,Week1,261.0 Langley - 141.0 Fox Hunt
Langley,Week2,Sully Station II,Week1,230.0 Langley - 172.0 Sully Station II
Langley,Week5,Sully Station,Week1,206.0 Sully Station - 196.0 Langley
Langley,Week5,Donaldson Run,Week4,237.0 Donaldson Run - 165.0 Langley
Lakeview,Week2,Highlands Swim,Week1,361.0 Highlands Swim - 41.0 Lakeview
Langley,Week2,Dowden Terrace,Week4,244.0 Langley - 158.0 Dowden Terrace
Lakeview,Week1,Dowden Terrace,Week3,293.0 Dowden Terrace - 109.0 Lakeview
Langley,Week4,Dowden Terrace,Week2,264.0 Langley - 138.0 Dowden Terrace
Langley,Week1,Sully Station,Week4,229.0 Langley - 173.0 Sully Station
Lakeview,Week1,Dowden Terrace,Week2,298.0 Dowden Terrace - 104.0 Lakeview
Lakeview,Week4,Long Branch,Week3,226.0 Long Branch - 176.0 Lakeview
Lakeview,Week5,Little Rocky Run,Week3,335.0 Little Rocky Run - 58.0 Lakeview
Langley,Week5,Dowden Terrace,Week1,248.0 Langley - 154.0 Dowden Terrace
Lakeview,Week4,Donaldson Run,Week2,340.0 Donaldson Run - 62.0 Lakeview
Lakeview,Week3,Highlands Swim,Week2,365.5 Highlands Swim - 36.5 Lakeview
Langley,Week5,Fox Hunt,Week1,263.0 Langley - 134.0 Fox Hunt
Lakeview,Week2,Long Branch,Week3,262.0 Long Branch - 140.0 Lakeview
Lakeview,Week3,Highlands Swim,Week1,353.0 Highlands Swim - 49.0 Lakeview
Langley,Week4,Fox Hunt,Week1,267.5 Langley - 134.5 Fox Hunt
Lakeview,Week3,Highlands Swim,Week3,361.0 Highlands Swim - 41.0 Lakeview
Langley,Week2,Fox Mill Estates,Week2,273.0 Langley - 129.0 Fox Mill Estates
Lakeview,Week5,Highland Park,Week1,299.0 Highland Park - 94.0 Lakeview
Lakeview,Week2,Highlands Swim,Week5,367.5 Highlands Swim - 34.5 Lakeview
Lakeview,Week1,Long Branch,Week5,283.0 Long Branch - 119.0 Lakeview
Langley,Week2,Sully Station II,Week5,238.5 Sully Station II - 163.5 Langley
Langley,Week5,Dowden Terrace,Week4,227.0 Langley - 175.0 Dowden Terrace
Langley,Week3,Sully Station II,Week3,230.0 Sully Station II - 172.0 Langley
Lakeview,Week2,Dowden Terrace,Week3,292.0 Dowden Terrace - 110.0 Lakeview
Lakeview,Week5,Donaldson Run,Week2,333.0 Donaldson Run - 60.0 Lakeview
Langley,Week5,Fox Hunt,Week4,263.0 Langley - 139.0 Fox Hunt
Langley,Week3,Dowden Terrace,Week5,230.0 Langley - 172.0 Dowden Terrace
Langley,Week1,Sully Station,Week2,224.0 Langley - 178.0 Sully Station
Lakeview,Week1,Long Branch,Week3,269.0 Long Branch - 133.0 Lakeview
Langley,Week1,Sully Station,Week5,205.0 Sully Station - 197.0 Langley
Lakeview,Week3,Long Branch,Week2,241.0 Long Branch - 161.0 Lakeview
Langley,Week4,Dowden Terrace,Week3,270.0 Langley - 132.0 Dowden Terrace
Langley,Week2,Fox Mill Estates,Week1,288.5 Langley - 113.5 Fox Mill Estates
Langley,Week1,Fox Mill Estates,Week3,288.0 Langley - 114.0 Fox Mill Estates
Lakeview,Week3,Long Branch,Week3,240.0 Long Branch - 162.0 Lakeview
Lakeview,Week3,Highland Park,Week4,308.0 Highland Park - 94.0 Lakeview
Lakeview,Week4,Highland Park,Week2,286.0 Highland Park - 116.0 Lakeview
Langley,Week5,Dowden Terrace,Week3,251.0 Langley - 151.0 Dowden Terrace
Langley,Week1,Sully Station II,Week4,234.0 Langley - 168.0 Sully Station II
Langley,Week3,Dowden Terrace,Week3,257.0 Langley - 145.0 Dowden Terrace
Langley,Week5,Fox Hunt,Week2,258.5 Langley - 138.5 Fox Hunt
Langley,Week4,Dowden Terrace,Week4,242.0 Langley - 160.0 Dowden Terrace
Lakeview,Week2,Dowden Terrace,Week2,292.0 Dowden Terrace - 110.0 Lakeview
Lakeview,Week1,Dowden Terrace,Week5,308.0 Dowden Terrace - 94.0 Lakeview
Langley,Week1,Sully Station,Week3,220.0 Langley - 182.0 Sully Station
Lakeview,Week4,Highland Park,Week1,291.0 Highland Park - 111.0 Lakeview
Lakeview,Week2,Mansion House,Week5,324.0 Mansion House - 78.0 Lakeview
Lakeview,Week2,Hiddenbrook,Week1,265.0 Hiddenbrook - 137.0 Lakeview
Langley,Week2,Sully Station,Week4,220.5 Langley - 181.5 Sully Station
Langley,Week3,Fox Hunt,Week3,258.0 Langley - 144.0 Fox Hunt
Langley,Week1,Dunn Loring,Week2,220.0 Dunn Loring - 182.0 Langley
Langley,Week5,Sully Station,Week3,209.0 Langley - 193.0 Sully Station
Langley,Week2,Sully Station,Week3,207.5 Langley - 194.5 Sully Station
Lakeview,Week5,Long Branch,Week1,236.0 Long Branch - 152.0 Lakeview
Langley,Week3,Fox Mill Estates,Week2,284.0 Langley - 118.0 Fox Mill Estates
Lakeview,Week3,Donaldson Run,Week2,335.0 Donaldson Run - 67.0 Lakeview
Lakeview,Week3,Long Branch,Week4,254.0 Long Branch - 148.0 Lakeview
Lakeview,Week5,Little Rocky Run,Week5,339.0 Little Rocky Run - 54.0 Lakeview
Langley,Week1,Dunn Loring,Week1,207.0 Langley - 195.0 Dunn Loring
Lakeview,Week2,Mansion House,Week1,321.0 Mansion House - 81.0 Lakeview
Lakeview,Week5,Highland Park,Week3,266.0 Highland Park - 122.0 Lakeview
Lakeview,Week3,Donaldson Run,Week5,354.0 Donaldson Run - 48.0 Lakeview
Langley,Week3,Fox Mill Estates,Week1,306.0 Langley - 96.0 Fox Mill Estates
Langley,Week2,Fox Mill Estates,Week5,263.0 Langley - 139.0 Fox Mill Estates
Lakeview,Week4,Herndon,Week4,277.0 Lakeview - 125.0 Herndon
Langley,Week5,Dowden Terrace,Week5,218.0 Langley - 184.0 Dowden Terrace
Lakeview,Week3,Donaldson Run,Week3,349.0 Donaldson Run - 53.0 Lakeview
Langley,Week3,Sully Station,Week1,214.0 Langley - 188.0 Sully Station
Lakeview,Week2,Dowden Terrace,Week4,294.0 Dowden Terrace - 108.0 Lakeview
Lakeview,Week1,Hiddenbrook,Week1,282.0 Hiddenbrook - 120.0 Lakeview
Langley,Week3,Dowden Terrace,Week2,249.0 Langley - 153.0 Dowden Terrace
Lakeview,Week5,Donaldson Run,Week1,335.0 Donaldson Run - 58.0 Lakeview
Langley,Week2,Sully Station,Week1,201.0 Langley - 201.0 Sully Station
Langley,Week3,Sully Station,Week5,201.0 Langley - 201.0 Sully Station
Langley,Week1,Dunn Loring,Week4,227.0 Dunn Loring - 175.0 Langley
Lakeview,Week5,Donaldson Run,Week5,357.0 Donaldson Run - 36.0 Lakeview
Langley,Week3,Sully Station,Week4,236.5 Langley - 165.5 Sully Station
Lakeview,Week2,Donaldson Run,Week4,368.0 Donaldson Run - 34.0 Lakeview
Lakeview,Week3,Herndon,Week1,252.0 Lakeview - 150.0 Herndon
Langley,Week4,Dowden Terrace,Week5,226.0 Langley - 176.0 Dowden Terrace
Lakeview,Week4,Donaldson Run,Week5,357.0 Donaldson Run - 45.0 Lakeview
Lakeview,Week2,Hiddenbrook,Week3,276.0 Hiddenbrook - 126.0 Lakeview
Langley,Week4,Dowden Terrace,Week1,264.0 Langley - 138.0 Dowden Terrace
Langley,Week3,Fox Hunt,Week4,268.0 Langley - 134.0 Fox Hunt
Lakeview,Week3,Hiddenbrook,Week3,255.0 Hiddenbrook - 147.0 Lakeview
Lakeview,Week5,Donaldson Run,Week3,339.0 Donaldson Run - 54.0 Lakeview
Lakeview,Week4,Little Rocky Run,Week5,323.0 Little Rocky Run - 79.0 Lakeview
Langley,Week1,Sully Station,Week1,214.0 Langley - 188.0 Sully Station
Lakeview,Week1,Hiddenbrook,Week5,317.0 Hiddenbrook - 85.0 Lakeview
Langley,Week1,Dunn Loring,Week3,225.0 Dunn Loring - 177.0 Langley
Lakeview,Week2,Long Branch,Week4,265.0 Long Branch - 137.0 Lakeview
Lakeview,Week3,Hiddenbrook,Week1,254.0 Hiddenbrook - 148.0 Lakeview
Langley,Week5,Dowden Terrace,Week2,229.0 Langley - 173.0 Dowden Terrace
Langley,Week1,Fox Mill Estates,Week1,306.0 Langley - 96.0 Fox Mill Estates
Lakeview,Week4,Donaldson Run,Week4,339.0 Donaldson Run - 63.0 Lakeview
Lakeview,Week1,Long Branch,Week1,258.0 Long Branch - 144.0 Lakeview
Langley,Week4,Fox Hunt,Week4,268.0 Langley - 134.0 Fox Hunt
Lakeview,Week2,Long Branch,Week2,262.0 Long Branch - 140.0 Lakeview
Langley,Week1,Fox Mill Estates,Week2,285.0 Langley - 117.0 Fox Mill Estates
Lakeview,Week2,Long Branch,Week1,260.0 Long Branch - 142.0 Lakeview
Langley,Week3,Fox Hunt,Week2,266.0 Langley - 136.0 Fox Hunt
Langley,Week2,Sully Station,Week2,203.0 Sully Station - 199.0 Langley
Lakeview,Week5,Herndon,Week1,252.0 Lakeview - 140.0 Herndon
Langley,Week3,Sully Station,Week2,229.0 Langley - 173.0 Sully Station
Lakeview,Week2,Donaldson Run,Week5,372.0 Donaldson Run - 30.0 Lakeview
Langley,Week2,Fox Mill Estates,Week4,265.0 Langley - 137.0 Fox Mill Estates
Lakeview,Week2,Long Branch,Week5,284.0 Long Branch - 118.0 Lakeview
Lakeview,Week5,Little Rocky Run,Week2,321.0 Little Rocky Run - 72.0 Lakeview
Langley,Week1,Dunn Loring,Week5,229.0 Dunn Loring - 173.0 Langley
Lakeview,Week5,Long Branch,Week2,242.0 Long Branch - 151.0 Lakeview
Langley,Week4,Dunn Loring,Week4,217.0 Dunn Loring - 185.0 Langley
Langley,Week5,Sully Station,Week2,213.0 Langley - 189.0 Sully Station
Lakeview,Week4,Donaldson Run,Week1,337.0 Donaldson Run - 65.0 Lakeview
Lakeview,Week3,Herndon,Week3,260.0 Lakeview - 142.0 Herndon
Lakeview,Week1,Dowden Terrace,Week1,279.5 Dowden Terrace - 121.5 Lakeview
Langley,Week4,Fox Hunt,Week2,267.0 Langley - 135.0 Fox Hunt
Langley,Week4,Sully Station,Week2,221.0 Langley - 181.0 Sully Station
Langley,Week1,Fox Mill Estates,Week4,275.0 Langley - 127.0 Fox Mill Estates
Langley,Week3,Fox Hunt,Week1,270.0 Langley - 132.0 Fox Hunt
Langley,Week5,Dunn Loring,Week5,239.0 Dunn Loring - 163.0 Langley
Langley,Week1,Sully Station II,Week3,220.0 Sully Station II - 182.0 Langley
Langley,Week2,Dunn Loring,Week1,206.0 Langley - 196.0 Dunn Loring
Lakeview,Week3,Donaldson Run,Week1,338.0 Donaldson Run - 64.0 Lakeview
Langley,Week4,Fox Hunt,Week3,259.0 Langley - 143.0 Fox Hunt
Langley,Week4,Sully Station,Week1,207.0 Langley - 195.0 Sully Station
Langley,Week2,Fox Mill Estates,Week3,273.0 Langley - 129.0 Fox Mill Estates
Lakeview,Week5,Herndon,Week3,265.5 Lakeview - 127.5 Herndon
Langley,Week1,Fair Oaks ,Week4,263.0 Langley - 139.0 Fair Oaks
Langley,Week5,Dunn Loring,Week2,236.5 Dunn Loring - 165.5 Langley
Langley,Week4,Sully Station,Week5,212.0 Sully Station - 190.0 Langley
Lakeview,Week4,Herndon,Week1,273.0 Lakeview - 129.0 Herndon
Langley,Week5,Fox Hunt,Week3,240.0 Langley - 162.0 Fox Hunt
Lakeview,Week5,Long Branch,Week4,250.0 Long Branch - 143.0 Lakeview
Lakeview,Week5,Little Rocky Run,Week4,329.0 Little Rocky Run - 64.0 Lakeview
Lakeview,Week4,Herndon,Week2,281.0 Lakeview - 121.0 Herndon
Lakeview,Week3,Donaldson Run,Week4,347.0 Donaldson Run - 55.0 Lakeview
Lakeview,Week4,Long Branch,Week5,257.0 Long Branch - 145.0 Lakeview
Langley,Week5,Sully Station,Week5,211.0 Sully Station - 191.0 Langley
Lakeview,Week1,Dowden Terrace,Week4,295.0 Dowden Terrace - 107.0 Lakeview
Lakeview,Week4,Long Branch,Week1,226.0 Long Branch - 171.0 Lakeview
Langley,Week5,Sully Station,Week4,218.0 Langley - 184.0 Sully Station
Langley,Week3,Fox Hunt,Week5,251.0 Langley - 151.0 Fox Hunt
Lakeview,Week3,Long Branch,Week5,274.0 Long Branch - 128.0 Lakeview
Lakeview,Week2,Dowden Terrace,Week1,284.0 Dowden Terrace - 117.0 Lakeview
Lakeview,Week5,Herndon,Week4,259.5 Lakeview - 133.5 Herndon
Lakeview,Week2,Herndon,Week3,258.0 Lakeview - 144.0 Herndon
Langley,Week1,Fair Oaks ,Week3,251.0 Langley - 151.0 Fair Oaks
Langley,Week4,Fair Oaks ,Week1,249.0 Langley - 153.0 Fair Oaks
Lakeview,Week5,Herndon,Week5,263.0 Lakeview - 130.0 Herndon
Langley,Week2,Sully Station II,Week2,208.0 Sully Station II - 194.0 Langley
Lakeview,Week5,Long Branch,Week5,274.0 Long Branch - 119.0 Lakeview
Lakeview,Week1,Hiddenbrook,Week3,281.0 Hiddenbrook - 121.0 Lakeview
Lakeview,Week3,Herndon,Week4,265.0 Lakeview - 137.0 Herndon
Lakeview,Week2,Herndon,Week5,254.0 Lakeview - 148.0 Herndon
Lakeview,Week1,Mansion House,Week4,296.0 Mansion House - 106.0 Lakeview
Langley,Week2,Sully Station II,Week4,215.0 Langley - 187.0 Sully Station II
Lakeview,Week1,Mansion House,Week1,326.0 Mansion House - 76.0 Lakeview
Langley,Week2,Fair Oaks ,Week4,252.0 Langley - 150.0 Fair Oaks
Langley,Week4,Fox Hunt,Week5,245.0 Langley - 157.0 Fox Hunt
Langley,Week1,Fair Oaks ,Week5,230.0 Langley - 172.0 Fair Oaks
Langley,Week1,Sully Station II,Week5,215.0 Sully Station II - 187.0 Langley
Langley,Week5,Fox Hunt,Week5,232.0 Langley - 170.0 Fox Hunt
Langley,Week3,Sully Station II,Week1,227.0 Langley - 175.0 Sully Station II
Langley,Week2,Fox Hunt,Week5,234.0 Langley - 168.0 Fox Hunt
Langley,Week2,Fox Hunt,Week4,270.0 Langley - 132.0 Fox Hunt
Lakeview,Week1,Mansion House,Week2,315.0 Mansion House - 87.0 Lakeview
Langley,Week3,Fair Oaks ,Week4,260.0 Langley - 142.0 Fair Oaks
Lakeview,Week4,Donaldson Run,Week3,348.0 Donaldson Run - 54.0 Lakeview
Lakeview,Week5,Hiddenbrook,Week2,196.0 Hiddenbrook - 196.0 Lakeview
Langley,Week1,Fox Mill Estates,Week5,288.0 Langley - 114.0 Fox Mill Estates
Langley,Week3,Fair Oaks ,Week1,242.0 Langley - 160.0 Fair Oaks
Langley,Week1,Truro,Week2,317.0 Langley - 84.0 Truro
Langley,Week3,Fox Mill Woods,Week2,209.5 Langley - 192.5 Fox Mill Woods
Lakeview,Week1,Fairfax Club Estates,Week1,252.0 Fairfax Club Estates - 150.0 Lakeview
Langley,Week1,Fox Mill Woods,Week4,215.0 Langley - 187.0 Fox Mill Woods
Lakeview,Week2,Herndon,Week4,259.0 Lakeview - 143.0 Herndon
Langley,Week2,Truro,Week1,287.0 Langley - 115.0 Truro
Lakeview,Week4,Herndon,Week3,283.0 Lakeview - 119.0 Herndon
Lakeview,Week2,Fairfax,Week2,352.5 Fairfax - 49.5 Lakeview
Langley,Week2,Fox Mill Woods,Week1,205.0 Langley - 197.0 Fox Mill Woods
Lakeview,Week3,Herndon,Week5,249.5 Lakeview - 152.5 Herndon
Langley,Week2,Dunn Loring,Week5,241.0 Dunn Loring - 161.0 Langley
Langley,Week3,Dunn Loring,Week3,220.0 Dunn Loring - 182.0 Langley
Lakeview,Week4,Burke Station,Week4,214.0 Lakeview - 188.0 Burke Station
Langley,Week5,Sully Station II,Week4,226.0 Langley - 176.0 Sully Station II
Langley,Week4,Sully Station II,Week4,233.0 Langley - 169.0 Sully Station II
Lakeview,Week1,Mansion House,Week5,326.0 Mansion House - 76.0 Lakeview
Lakeview,Week2,Mansion House,Week3,330.0 Mansion House - 72.0 Lakeview
Lakeview,Week2,Herndon,Week2,258.0 Lakeview - 144.0 Herndon
Lakeview,Week2,Mansion House,Week4,296.0 Mansion House - 106.0 Lakeview
Langley,Week2,Truro,Week3,301.0 Langley - 101.0 Truro
Langley,Week3,Fair Oaks ,Week3,239.0 Langley - 163.0 Fair Oaks
Lakeview,Week1,Mansion House,Week3,328.0 Mansion House - 74.0 Lakeview
Langley,Week3,Sully Station II,Week2,217.0 Sully Station II - 185.0 Langley
Langley,Week3,Dunn Loring,Week1,218.0 Langley - 184.0 Dunn Loring
Lakeview,Week2,Mansion House,Week2,312.5 Mansion House - 89.5 Lakeview
Lakeview,Week5,Fairfax,Week3,333.0 Fairfax - 60.0 Lakeview
Langley,Week3,Fox Mill Estates,Week3,289.0 Langley - 113.0 Fox Mill Estates
Lakeview,Week2,Fairfax,Week1,337.0 Fairfax - 65.0 Lakeview
Lakeview,Week4,Herndon,Week5,271.0 Lakeview - 131.0 Herndon
Langley,Week4,Fair Oaks ,Week3,248.0 Langley - 154.0 Fair Oaks
Langley,Week4,Fox Mill Woods,Week1,205.0 Langley - 197.0 Fox Mill Woods
Langley,Week1,Truro,Week4,300.0 Langley - 102.0 Truro
Lakeview,Week4,Mansion House,Week1,280.5 Mansion House - 121.5 Lakeview
Langley,Week3,Truro,Week3,325.0 Langley - 77.0 Truro
Langley,Week3,Fox Mill Woods,Week4,201.0 Fox Mill Woods - 201.0 Langley
Lakeview,Week1,Hiddenbrook,Week2,231.0 Hiddenbrook - 171.0 Lakeview
Lakeview,Week5,Herndon,Week2,259.0 Lakeview - 134.0 Herndon
Lakeview,Week4,Burke Station,Week5,201.0 Burke Station - 201.0 Lakeview
Langley,Week3,Fox Mill Estates,Week4,287.0 Langley - 115.0 Fox Mill Estates
Langley,Week5,Fox Mill Woods,Week1,210.0 Fox Mill Woods - 192.0 Langley
Langley,Week3,Truro,Week4,312.0 Langley - 90.0 Truro
Lakeview,Week4,Mansion House,Week5,281.0 Mansion House - 121.0 Lakeview
Langley,Week5,Sully Station II,Week2,212.0 Sully Station II - 190.0 Langley
Langley,Week5,Fox Mill Estates,Week2,269.0 Langley - 133.0 Fox Mill Estates
Lakeview,Week3,Mansion House,Week4,275.0 Mansion House - 127.0 Lakeview
Lakeview,Week1,Fairfax,Week5,361.0 Fairfax - 41.0 Lakeview
Lakeview,Week2,Fairfax,Week4,347.0 Fairfax - 55.0 Lakeview
Lakeview,Week5,Fairfax,Week1,304.0 Fairfax - 89.0 Lakeview
Langley,Week2,Dunn Loring,Week2,228.0 Dunn Loring - 174.0 Langley
Langley,Week3,Dunn Loring,Week2,222.0 Dunn Loring - 180.0 Langley
Lakeview,Week3,Mansion House,Week1,295.5 Mansion House - 106.5 Lakeview
Langley,Week2,Dunn Loring,Week3,239.0 Dunn Loring - 163.0 Langley
Langley,Week1,Fox Mill Woods,Week5,202.0 Langley - 200.0 Fox Mill Woods
Lakeview,Week2,Fairfax,Week3,353.0 Fairfax - 49.0 Lakeview
Langley,Week5,Sully Station II,Week1,205.0 Langley - 197.0 Sully Station II
Langley,Week4,Dunn Loring,Week3,215.0 Dunn Loring - 187.0 Langley
Lakeview,Week3,Fairfax,Week1,324.0 Fairfax - 78.0 Lakeview
Lakeview,Week3,Herndon,Week2,260.0 Lakeview - 142.0 Herndon
Langley,Week4,Fox Mill Woods,Week3,215.0 Langley - 187.0 Fox Mill Woods
Langley,Week2,Truro,Week4,291.0 Langley - 111.0 Truro
Langley,Week4,Sully Station II,Week3,219.0 Sully Station II - 183.0 Langley
Lakeview,Week2,Hiddenbrook,Week2,221.0 Hiddenbrook - 181.0 Lakeview
Langley,Week2,Dunn Loring,Week4,243.0 Dunn Loring - 159.0 Langley
Lakeview,Week2,Hiddenbrook,Week4,287.0 Hiddenbrook - 115.0 Lakeview
Lakeview,Week5,Mansion House,Week1,292.0 Mansion House - 101.0 Lakeview
Lakeview,Week1,Hiddenbrook,Week4,282.0 Hiddenbrook - 120.0 Lakeview
Lakeview,Week3,Fairfax,Week2,331.0 Fairfax - 71.0 Lakeview
Lakeview,Week5,Mansion House,Week5,302.0 Mansion House - 91.0 Lakeview
Lakeview,Week3,Fairfax,Week5,338.0 Fairfax - 64.0 Lakeview
Lakeview,Week4,Mansion House,Week2,260.0 Mansion House - 142.0 Lakeview
Langley,Week4,Dunn Loring,Week2,207.0 Dunn Loring - 195.0 Langley
Langley,Week3,Fox Mill Estates,Week5,286.0 Langley - 116.0 Fox Mill Estates
Lakeview,Week2,Hiddenbrook,Week5,305.0 Hiddenbrook - 97.0 Lakeview
Langley,Week3,Dunn Loring,Week4,226.0 Dunn Loring - 176.0 Langley
Lakeview,Week3,Mansion House,Week2,285.0 Mansion House - 117.0 Lakeview
Langley,Week4,Dunn Loring,Week1,217.0 Langley - 185.0 Dunn Loring
Langley,Week2,Truro,Week5,291.0 Langley - 111.0 Truro
Lakeview,Week3,Hiddenbrook,Week4,259.0 Hiddenbrook - 143.0 Lakeview
Lakeview,Week3,Fairfax,Week3,337.0 Fairfax - 65.0 Lakeview
Lakeview,Week4,Fairfax,Week1,307.0 Fairfax - 95.0 Lakeview
Lakeview,Week1,Mantua,Week4,337.0 Mantua - 65.0 Lakeview
Langley,Week3,Sully Station II,Week4,212.0 Langley - 190.0 Sully Station II
Langley,Week4,Fox Mill Estates,Week3,292.0 Langley - 110.0 Fox Mill Estates
Lakeview,Week3,Hiddenbrook,Week5,282.0 Hiddenbrook - 120.0 Lakeview
Langley,Week4,Fox Mill Estates,Week5,291.0 Langley - 111.0 Fox Mill Estates
Lakeview,Week3,Hiddenbrook,Week2,203.0 Lakeview - 198.0 Hiddenbrook
Langley,Week3,Dunn Loring,Week5,224.0 Dunn Loring - 178.0 Langley
Langley,Week5,Fox Mill Estates,Week1,284.0 Langley - 118.0 Fox Mill Estates
Langley,Week5,Dunn Loring,Week3,245.0 Dunn Loring - 157.0 Langley
Lakeview,Week2,Mantua,Week1,328.0 Mantua - 73.0 Lakeview
Lakeview,Week3,Fairfax,Week4,323.0 Fairfax - 79.0 Lakeview
Langley,Week5,Sully Station II,Week3,233.0 Sully Station II - 169.0 Langley
Lakeview,Week4,Hiddenbrook,Week1,238.0 Hiddenbrook - 164.0 Lakeview
Lakeview,Week5,Mansion House,Week2,274.0 Mansion House - 119.0 Lakeview
Langley,Week4,Dunn Loring,Week5,215.5 Dunn Loring - 186.5 Langley
Langley,Week5,Sully Station II,Week5,238.0 Sully Station II - 164.0 Langley
Langley,Week5,Fox Mill Estates,Week4,267.0 Langley - 135.0 Fox Mill Estates
Lakeview,Week1,Mantua,Week2,330.0 Mantua - 72.0 Lakeview
Lakeview,Week4,Fairfax,Week3,339.0 Fairfax - 63.0 Lakeview
Langley,Week5,Dunn Loring,Week1,208.0 Dunn Loring - 194.0 Langley
Langley,Week2,Fox Mill Woods,Week2,210.5 Langley - 191.5 Fox Mill Woods
Langley,Week2,Fair Oaks ,Week3,243.0 Langley - 159.0 Fair Oaks
Langley,Week3,Truro,Week2,323.0 Langley - 79.0 Truro
Langley,Week3,Truro,Week1,300.0 Langley - 102.0 Truro
Lakeview,Week4,Hiddenbrook,Week5,268.0 Hiddenbrook - 134.0 Lakeview
Langley,Week1,Truro,Week3,322.0 Langley - 80.0 Truro
Langley,Week1,Fair Oaks ,Week1,241.0 Langley - 161.0 Fair Oaks
Langley,Week1,Fair Oaks ,Week2,270.5 Langley - 131.5 Fair Oaks
Langley,Week1,Fox Mill Woods,Week2,210.0 Langley - 192.0 Fox Mill Woods
Lakeview,Week5,Fairfax,Week2,319.0 Fairfax - 74.0 Lakeview
Langley,Week4,Fox Mill Estates,Week4,277.0 Langley - 125.0 Fox Mill Estates
Lakeview,Week4,Fairfax,Week5,336.0 Fairfax - 66.0 Lakeview
Lakeview,Week3,Mansion House,Week3,299.0 Mansion House - 103.0 Lakeview
Lakeview,Week5,Hiddenbrook,Week1,246.0 Hiddenbrook - 147.0 Lakeview
Langley,Week2,Fox Mill Woods,Week3,211.0 Langley - 191.0 Fox Mill Woods
Lakeview,Week1,Fairfax,Week4,348.0 Fairfax - 54.0 Lakeview
Lakeview,Week4,Hiddenbrook,Week3,236.0 Hiddenbrook - 166.0 Lakeview
Lakeview,Week5,Mansion House,Week3,299.0 Mansion House - 94.0 Lakeview
Langley,Week5,Dunn Loring,Week4,230.0 Dunn Loring - 172.0 Langley
Lakeview,Week3,Mansion House,Week5,305.0 Mansion House - 97.0 Lakeview
Lakeview,Week2,Fairfax,Week5,359.5 Fairfax - 42.5 Lakeview
Lakeview,Week4,Hiddenbrook,Week4,234.0 Hiddenbrook - 168.0 Lakeview
Lakeview,Week4,Hiddenbrook,Week2,214.0 Lakeview - 188.0 Hiddenbrook
Lakeview,Week5,Hiddenbrook,Week3,252.0 Hiddenbrook - 141.0 Lakeview
Lakeview,Week5,Fairfax,Week5,331.0 Fairfax - 62.0 Lakeview
Langley,Week2,Truro,Week2,308.0 Langley - 94.0 Truro
Lakeview,Week1,Mantua,Week3,355.0 Mantua - 47.0 Lakeview
Langley,Week3,Sully Station II,Week5,241.0 Sully Station II - 161.0 Langley
Langley,Week1,Fox Mill Woods,Week3,207.0 Langley - 195.0 Fox Mill Woods
Langley,Week2,Fair Oaks ,Week2,259.0 Langley - 143.0 Fair Oaks
Lakeview,Week5,Mansion House,Week4,275.0 Mansion House - 118.0 Lakeview
Langley,Week3,Long Branch,Week2,284.0 Langley - 118.0 Long Branch
Langley,Week4,Sully Station II,Week2,211.0 Sully Station II - 191.0 Langley
Langley,Week4,Fox Mill Estates,Week2,292.0 Langley - 110.0 Fox Mill Estates
Langley,Week1,Fox Mill Woods,Week1,211.0 Langley - 191.0 Fox Mill Woods
Lakeview,Week5,Hiddenbrook,Week4,255.0 Hiddenbrook - 138.0 Lakeview
Lakeview,Week1,Fairfax Club Estates,Week3,265.0 Fairfax Club Estates - 137.0 Lakeview
Lakeview,Week4,Mansion House,Week3,282.0 Mansion House - 120.0 Lakeview
Langley,Week2,Fox Mill Woods,Week4,202.0 Fox Mill Woods - 200.0 Langley
Langley,Week4,Fox Mill Estates,Week1,304.0 Langley - 98.0 Fox Mill Estates
Langley,Week2,Fair Oaks ,Week5,226.5 Langley - 175.5 Fair Oaks
Lakeview,Week1,Poplar Heights,Week3,335.0 Poplar Heights - 67.0 Lakeview
Lakeview,Week2,McLean,Week4,350.0 McLean - 52.0 Lakeview
Lakeview,Week1,Poplar Heights,Week2,322.0 Poplar Heights - 80.0 Lakeview
Langley,Week3,Fair Oaks ,Week2,267.0 Langley - 135.0 Fair Oaks
Lakeview,Week3,Fairfax Club Estates,Week1,243.0 Fairfax Club Estates - 159.0 Lakeview
Langley,Week4,Sully Station II,Week5,228.0 Sully Station II - 174.0 Langley
Lakeview,Week2,Mantua,Week2,334.0 Mantua - 67.0 Lakeview
Langley,Week4,Fair Oaks ,Week2,273.0 Langley - 129.0 Fair Oaks
Langley,Week3,Fair Oaks ,Week5,233.0 Langley - 169.0 Fair Oaks
Lakeview,Week3,Fairfax Club Estates,Week5,257.0 Fairfax Club Estates - 144.0 Lakeview
Langley,Week4,Little Rocky Run,Week1,215.0 Langley - 187.0 Little Rocky Run
Lakeview,Week5,Fairfax Club Estates,Week2,219.0 Fairfax Club Estates - 174.0 Lakeview
Langley,Week4,Little Rocky Run,Week3,217.0 Little Rocky Run - 185.0 Langley
Langley,Week4,Sully Station II,Week1,226.0 Langley - 176.0 Sully Station II
Lakeview,Week4,Fairfax,Week2,329.0 Fairfax - 73.0 Lakeview
Langley,Week5,Fox Mill Estates,Week3,273.0 Langley - 129.0 Fox Mill Estates
Langley,Week5,Little Rocky Run,Week4,220.0 Little Rocky Run - 182.0 Langley
Langley,Week4,Ravensworth Farm,Week3,253.0 Langley - 149.0 Ravensworth Farm
Langley,Week2,Fair Oaks ,Week1,235.0 Langley - 167.0 Fair Oaks
Lakeview,Week1,Mantua,Week1,323.0 Mantua - 79.0 Lakeview
Langley,Week2,Fox Mill Woods,Week5,208.0 Fox Mill Woods - 194.0 Langley
Langley,Week1,Truro,Week5,313.0 Langley - 89.0 Truro
Lakeview,Week3,Poplar Heights,Week4,309.0 Poplar Heights - 93.0 Lakeview
Langley,Week4,Ravensworth Farm,Week1,248.0 Langley - 154.0 Ravensworth Farm
Lakeview,Week1,Fairfax Station,Week2,346.0 Fairfax Station - 56.0 Lakeview
Langley,Week1,Truro,Week1,295.0 Langley - 107.0 Truro
Langley,Week3,Long Branch,Week4,287.0 Langley - 115.0 Long Branch
Lakeview,Week3,Poplar Heights,Week3,315.0 Poplar Heights - 87.0 Lakeview
Lakeview,Week4,Mansion House,Week4,263.0 Mansion House - 139.0 Lakeview
Langley,Week5,Fox Mill Estates,Week5,268.0 Langley - 134.0 Fox Mill Estates
Langley,Week4,Fair Oaks ,Week4,258.0 Langley - 144.0 Fair Oaks
Lakeview,Week1,Mantua,Week5,349.0 Mantua - 53.0 Lakeview
Lakeview,Week1,McLean,Week5,367.0 McLean - 35.0 Lakeview
Lakeview,Week4,Fairfax,Week4,321.5 Fairfax - 80.5 Lakeview
Lakeview,Week4,Poplar Heights,Week4,295.0 Poplar Heights - 107.0 Lakeview
Lakeview,Week2,Poplar Tree,Week2,294.0 Poplar Tree - 108.0 Lakeview
Langley,Week4,Fox Mill Woods,Week2,215.0 Langley - 187.0 Fox Mill Woods
Langley,Week3,Fox Mill Woods,Week3,225.0 Langley - 177.0 Fox Mill Woods
Lakeview,Week1,Poplar Tree,Week4,303.0 Poplar Tree - 99.0 Lakeview
Langley,Week3,Fox Mill Woods,Week5,202.0 Langley - 200.0 Fox Mill Woods
Langley,Week5,Fair Oaks ,Week4,248.0 Langley - 154.0 Fair Oaks
Langley,Week3,Riverside Gardens,Week1,226.0 Langley - 176.0 Riverside Gardens
Langley,Week3,Ravensworth Farm,Week4,238.0 Langley - 164.0 Ravensworth Farm
Lakeview,Week4,Mantua,Week1,293.5 Mantua - 108.5 Lakeview
Langley,Week1,Riverside Gardens,Week1,207.0 Langley - 195.0 Riverside Gardens
Lakeview,Week3,McLean,Week1,342.0 McLean - 60.0 Lakeview
Langley,Week5,Fair Oaks ,Week5,215.0 Langley - 187.0 Fair Oaks
Lakeview,Week1,Fairfax Club Estates,Week2,245.0 Fairfax Club Estates - 157.0 Lakeview
Langley,Week1,Fairfax,Week1,204.0 Langley - 198.0 Fairfax
Langley,Week2,Long Branch,Week3,279.0 Langley - 123.0 Long Branch
Langley,Week1,Long Branch,Week2,288.0 Langley - 114.0 Long Branch
Langley,Week3,Fox Mill Woods,Week1,205.0 Fox Mill Woods - 197.0 Langley
Lakeview,Week5,Mantua,Week2,304.0 Mantua - 88.0 Lakeview
Lakeview,Week5,Fairfax,Week4,316.0 Fairfax - 77.0 Lakeview
Lakeview,Week4,Poplar Heights,Week1,283.0 Poplar Heights - 119.0 Lakeview
Langley,Week1,Fairfax,Week3,215.0 Fairfax - 187.0 Langley
Lakeview,Week3,Fairfax Club Estates,Week4,269.0 Fairfax Club Estates - 133.0 Lakeview
Langley,Week1,Long Branch,Week1,288.0 Langley - 114.0 Long Branch
Langley,Week4,Long Branch,Week1,286.0 Langley - 116.0 Long Branch
Lakeview,Week2,Poplar Heights,Week4,339.0 Poplar Heights - 63.0 Lakeview
Langley,Week4,Fox Mill Woods,Week5,204.0 Fox Mill Woods - 198.0 Langley
Lakeview,Week3,Fairfax Club Estates,Week3,243.0 Fairfax Club Estates - 159.0 Lakeview
Lakeview,Week2,Mantua,Week3,365.0 Mantua - 37.0 Lakeview
Langley,Week4,Fair Oaks ,Week5,236.5 Langley - 165.5 Fair Oaks
Lakeview,Week4,Fairfax Club Estates,Week4,247.0 Fairfax Club Estates - 155.0 Lakeview
Langley,Week2,Long Branch,Week4,279.0 Langley - 123.0 Long Branch
Langley,Week4,Little Rocky Run,Week5,224.0 Little Rocky Run - 178.0 Langley
Langley,Week5,Fair Oaks ,Week2,267.0 Langley - 135.0 Fair Oaks
Langley,Week5,Ravensworth Farm,Week1,230.0 Langley - 172.0 Ravensworth Farm
Lakeview,Week2,Poplar Heights,Week2,334.0 Poplar Heights - 67.0 Lakeview
Langley,Week3,Great Falls,Week1,285.0 Langley - 117.0 Great Falls
Langley,Week1,Fairfax,Week4,202.0 Langley - 200.0 Fairfax
Langley,Week5,Ravensworth Farm,Week2,248.0 Langley - 154.0 Ravensworth Farm
Langley,Week3,Great Falls,Week4,265.0 Langley - 137.0 Great Falls
Langley,Week4,Fox Mill Woods,Week4,211.0 Langley - 191.0 Fox Mill Woods
Langley,Week5,Fair Oaks ,Week1,228.0 Langley - 174.0 Fair Oaks
Lakeview,Week3,Mantua,Week1,305.0 Mantua - 97.0 Lakeview
Lakeview,Week1,Fairfax Club Estates,Week4,266.0 Fairfax Club Estates - 136.0 Lakeview
Langley,Week4,Ravensworth Farm,Week5,240.0 Langley - 162.0 Ravensworth Farm
Lakeview,Week4,Fairfax Club Estates,Week3,229.0 Fairfax Club Estates - 173.0 Lakeview
Lakeview,Week4,Poplar Heights,Week2,294.0 Poplar Heights - 108.0 Lakeview
Lakeview,Week4,Poplar Heights,Week5,311.0 Poplar Heights - 91.0 Lakeview
Lakeview,Week2,McLean,Week1,349.0 McLean - 53.0 Lakeview
Langley,Week4,Ravensworth Farm,Week4,250.0 Langley - 152.0 Ravensworth Farm
Lakeview,Week2,Fairfax Club Estates,Week4,272.0 Fairfax Club Estates - 130.0 Lakeview
Langley,Week2,Long Branch,Week5,267.0 Langley - 135.0 Long Branch
Lakeview,Week4,Mantua,Week3,342.0 Mantua - 60.0 Lakeview
Langley,Week5,Ravensworth Farm,Week4,224.0 Langley - 178.0 Ravensworth Farm
Langley,Week5,Long Branch,Week5,270.0 Langley - 132.0 Long Branch
Lakeview,Week2,Poplar Heights,Week1,312.0 Poplar Heights - 89.0 Lakeview
Lakeview,Week1,Poplar Heights,Week5,339.0 Poplar Heights - 63.0 Lakeview
Lakeview,Week5,Mantua,Week5,336.0 Mantua - 57.0 Lakeview
Langley,Week1,Fairfax,Week2,221.0 Fairfax - 181.0 Langley
Lakeview,Week4,Fairfax Club Estates,Week2,213.0 Fairfax Club Estates - 188.0 Lakeview
Langley,Week5,Little Rocky Run,Week5,237.0 Little Rocky Run - 165.0 Langley
Langley,Week3,Great Falls,Week5,250.5 Langley - 150.5 Great Falls
Langley,Week2,Ravensworth Farm,Week5,212.0 Langley - 190.0 Ravensworth Farm
Langley,Week2,Fairfax,Week2,230.0 Fairfax - 172.0 Langley
Lakeview,Week1,Poplar Heights,Week4,336.0 Poplar Heights - 66.0 Lakeview
Langley,Week2,Great Falls,Week3,234.0 Langley - 168.0 Great Falls
Lakeview,Week1,Fairfax Club Estates,Week5,263.0 Fairfax Club Estates - 138.0 Lakeview
Langley,Week1,Riverside Gardens,Week5,205.0 Langley - 197.0 Riverside Gardens
Lakeview,Week3,Mantua,Week5,341.0 Mantua - 61.0 Lakeview
Langley,Week1,Fairfax,Week5,228.0 Fairfax - 174.0 Langley
Lakeview,Week2,Fairfax Club Estates,Week5,261.0 Fairfax Club Estates - 140.0 Lakeview
Lakeview,Week2,Mantua,Week5,363.0 Mantua - 39.0 Lakeview
Langley,Week1,Riverside Gardens,Week2,221.0 Langley - 181.0 Riverside Gardens
Langley,Week1,Mansion House,Week5,242.0 Langley - 160.0 Mansion House
Lakeview,Week5,Pleasant Valley,Week4,240.0 Lakeview - 152.0 Pleasant Valley
Langley,Week1,Long Branch,Week5,284.0 Langley - 118.0 Long Branch
Lakeview,Week4,Poplar Heights,Week3,302.0 Poplar Heights - 100.0 Lakeview
Lakeview,Week4,Fairfax Club Estates,Week5,242.0 Fairfax Club Estates - 160.0 Lakeview
Langley,Week5,Fair Oaks ,Week3,240.0 Langley - 162.0 Fair Oaks
Langley,Week4,Long Branch,Week3,295.0 Langley - 107.0 Long Branch
Langley,Week2,Fairfax,Week1,201.0 Fairfax - 201.0 Langley
Lakeview,Week5,Mantua,Week3,332.0 Mantua - 61.0 Lakeview
Langley,Week5,Fox Mill Woods,Week5,206.0 Fox Mill Woods - 196.0 Langley
Lakeview,Week1,McLean,Week2,357.0 McLean - 45.0 Lakeview
Lakeview,Week5,Mantua,Week1,309.0 Mantua - 83.0 Lakeview
Langley,Week3,Long Branch,Week1,291.0 Langley - 111.0 Long Branch
Lakeview,Week3,Poplar Heights,Week1,289.0 Poplar Heights - 113.0 Lakeview
Langley,Week4,Great Falls,Week3,262.0 Langley - 140.0 Great Falls
Langley,Week5,Great Falls,Week1,282.0 Langley - 120.0 Great Falls
Langley,Week2,Riverside Gardens,Week3,201.5 Riverside Gardens - 200.5 Langley
Langley,Week2,Fairfax,Week3,232.0 Fairfax - 170.0 Langley
Lakeview,Week1,McLean,Week3,362.0 McLean - 40.0 Lakeview
Langley,Week4,Ravensworth Farm,Week2,264.0 Langley - 138.0 Ravensworth Farm
Langley,Week2,Great Falls,Week2,251.0 Langley - 133.0 Great Falls
Lakeview,Week5,Fairfax Club Estates,Week3,243.0 Fairfax Club Estates - 149.0 Lakeview
Lakeview,Week5,Fairfax Club Estates,Week4,252.0 Fairfax Club Estates - 141.0 Lakeview
Lakeview,Week5,Pleasant Valley,Week5,232.0 Lakeview - 159.0 Pleasant Valley
Langley,Week2,Fairfax,Week4,221.0 Fairfax - 181.0 Langley
Langley,Week1,Great Falls,Week5,262.0 Langley - 140.0 Great Falls
Langley,Week2,Mansion House,Week3,225.0 Langley - 177.0 Mansion House
Langley,Week2,Riverside Gardens,Week4,208.5 Riverside Gardens - 193.5 Langley
Langley,Week3,Ravensworth Farm,Week5,218.0 Langley - 184.0 Ravensworth Farm
Lakeview,Week3,Mantua,Week3,342.5 Mantua - 59.5 Lakeview
Lakeview,Week2,Fairfax Club Estates,Week3,257.0 Fairfax Club Estates - 145.0 Lakeview
Lakeview,Week3,Poplar Heights,Week2,309.0 Poplar Heights - 93.0 Lakeview
Langley,Week3,Ravensworth Farm,Week3,242.0 Langley - 160.0 Ravensworth Farm
Langley,Week1,Long Branch,Week3,293.0 Langley - 109.0 Long Branch
Langley,Week2,Great Falls,Week4,257.0 Langley - 145.0 Great Falls
Lakeview,Week5,Poplar Heights,Week2,299.5 Poplar Heights - 92.5 Lakeview
Lakeview,Week1,McLean,Week4,352.0 McLean - 50.0 Lakeview
Lakeview,Week5,Poplar Heights,Week3,317.0 Poplar Heights - 76.0 Lakeview
Lakeview,Week5,Poplar Heights,Week1,297.0 Poplar Heights - 95.0 Lakeview
Langley,Week5,Little Rocky Run,Week2,214.0 Langley - 188.0 Little Rocky Run
Langley,Week4,Little Rocky Run,Week2,222.0 Langley - 180.0 Little Rocky Run
Langley,Week3,Great Falls,Week3,263.0 Langley - 139.0 Great Falls
Langley,Week5,Ravensworth Farm,Week5,215.0 Langley - 187.0 Ravensworth Farm
Lakeview,Week1,Fairfax Station,Week1,343.0 Fairfax Station - 59.0 Lakeview
Langley,Week5,Ravensworth Farm,Week3,216.0 Langley - 186.0 Ravensworth Farm
Langley,Week4,Great Falls,Week5,269.0 Langley - 133.0 Great Falls
Langley,Week3,Little Rocky Run,Week5,225.5 Little Rocky Run - 176.5 Langley
Lakeview,Week4,Mantua,Week4,312.0 Mantua - 90.0 Lakeview
Lakeview,Week2,Fairfax Club Estates,Week1,258.0 Fairfax Club Estates - 144.0 Lakeview
Langley,Week1,Greenbriar,Week1,251.0 Langley - 151.0 Greenbriar
Lakeview,Week2,McLean,Week2,353.0 McLean - 49.0 Lakeview
Lakeview,Week3,Fairfax Club Estates,Week2,220.0 Fairfax Club Estates - 181.0 Lakeview
Lakeview,Week1,Poplar Tree,Week2,291.0 Poplar Tree - 111.0 Lakeview
Lakeview,Week1,McLean,Week1,350.0 McLean - 52.0 Lakeview
Langley,Week5,Great Falls,Week2,247.0 Langley - 132.0 Great Falls
Langley,Week1,Long Branch,Week4,290.0 Langley - 112.0 Long Branch
Lakeview,Week5,Fairfax Club Estates,Week1,232.0 Fairfax Club Estates - 161.0 Lakeview
Lakeview,Week1,Poplar Heights,Week1,314.5 Poplar Heights - 87.5 Lakeview
Langley,Week5,Fox Mill Woods,Week3,204.0 Langley - 198.0 Fox Mill Woods
Langley,Week3,Ravensworth Farm,Week1,241.5 Langley - 160.5 Ravensworth Farm
Lakeview,Week5,Fairfax Club Estates,Week5,249.0 Fairfax Club Estates - 144.0 Lakeview
Langley,Week3,Ravensworth Farm,Week2,258.0 Langley - 144.0 Ravensworth Farm
Langley,Week1,Riverside Gardens,Week4,202.0 Riverside Gardens - 200.0 Langley
Langley,Week3,Little Rocky Run,Week4,206.0 Little Rocky Run - 196.0 Langley
Langley,Week2,Long Branch,Week1,272.0 Langley - 130.0 Long Branch
Langley,Week5,Great Falls,Week3,245.0 Langley - 156.0 Great Falls
Lakeview,Week2,Fairfax Club Estates,Week2,232.0 Fairfax Club Estates - 170.0 Lakeview
Lakeview,Week5,Mantua,Week4,318.0 Mantua - 75.0 Lakeview
Lakeview,Week3,Mantua,Week4,326.0 Mantua - 76.0 Lakeview
Langley,Week5,Little Rocky Run,Week3,217.0 Little Rocky Run - 185.0 Langley
Langley,Week1,Great Falls,Week1,286.0 Langley - 116.0 Great Falls
Lakeview,Week4,Fairfax Club Estates,Week1,223.0 Fairfax Club Estates - 179.0 Lakeview
Lakeview,Week1,Poplar Tree,Week3,303.5 Poplar Tree - 98.5 Lakeview
Langley,Week2,Rolling Forest,Week1,269.0 Langley - 133.0 Rolling Forest
Lakeview,Week4,Mantua,Week2,308.0 Mantua - 94.0 Lakeview
Langley,Week5,Little Rocky Run,Week1,202.0 Langley - 200.0 Little Rocky Run
Langley,Week4,Little Rocky Run,Week4,206.0 Little Rocky Run - 196.0 Langley
Lakeview,Week2,Poplar Heights,Week5,348.0 Poplar Heights - 53.0 Lakeview
Lakeview,Week2,Poplar Heights,Week3,338.0 Poplar Heights - 64.0 Lakeview
Lakeview,Week1,Fairfax Station,Week4,335.0 Fairfax Station - 67.0 Lakeview
Langley,Week5,Great Falls,Week4,261.0 Langley - 136.0 Great Falls
Lakeview,Week2,Mantua,Week4,341.0 Mantua - 61.0 Lakeview
Langley,Week1,Riverside Gardens,Week3,213.0 Langley - 189.0 Riverside Gardens
Langley,Week2,Riverside Gardens,Week1,213.0 Langley - 189.0 Riverside Gardens
Lakeview,Week3,Mosby Woods,Week3,340.0 Mosby Woods - 62.0 Lakeview
Lakeview,Week2,McLean,Week3,354.0 McLean - 48.0 Lakeview
Lakeview,Week2,McLean,Week5,367.0 McLean - 35.0 Lakeview
Langley,Week1,Great Falls,Week4,271.0 Langley - 131.0 Great Falls
Lakeview,Week1,Fairfax Station,Week3,353.0 Fairfax Station - 49.0 Lakeview
Lakeview,Week2,Fairfax Station,Week3,356.0 Fairfax Station - 46.0 Lakeview
Lakeview,Week3,Fairfax Station,Week3,332.0 Fairfax Station - 70.0 Lakeview
Langley,Week3,Riverside Gardens,Week2,224.0 Langley - 178.0 Riverside Gardens
Lakeview,Week1,Poplar Tree,Week5,331.0 Poplar Tree - 71.0 Lakeview
Lakeview,Week3,Fairfax Station,Week2,327.0 Fairfax Station - 75.0 Lakeview
Lakeview,Week2,Poplar Tree,Week1,306.0 Poplar Tree - 96.0 Lakeview
Lakeview,Week1,Poplar Tree,Week1,304.0 Poplar Tree - 98.0 Lakeview
Langley,Week2,Ravensworth Farm,Week4,229.0 Langley - 173.0 Ravensworth Farm
Lakeview,Week1,Ravensworth Farm,Week3,323.0 Ravensworth Farm - 79.0 Lakeview
Lakeview,Week3,Mosby Woods,Week5,345.0 Mosby Woods - 57.0 Lakeview
Langley,Week3,Riverside Gardens,Week3,205.0 Langley - 197.0 Riverside Gardens
Langley,Week4,Great Falls,Week4,274.0 Langley - 128.0 Great Falls
Langley,Week5,Great Falls,Week5,254.0 Langley - 146.0 Great Falls
Lakeview,Week2,Fairfax Station,Week2,346.0 Fairfax Station - 56.0 Lakeview
Lakeview,Week3,Mantua,Week2,321.0 Mantua - 81.0 Lakeview
Lakeview,Week5,Poplar Tree,Week1,297.0 Poplar Tree - 96.0 Lakeview
Langley,Week1,Great Falls,Week3,256.0 Langley - 146.0 Great Falls
Lakeview,Week2,Fairfax Station,Week4,345.0 Fairfax Station - 57.0 Lakeview
Lakeview,Week3,Poplar Heights,Week5,318.0 Poplar Heights - 84.0 Lakeview
Langley,Week3,Long Branch,Week3,291.0 Langley - 111.0 Long Branch
Langley,Week2,Riverside Gardens,Week5,202.0 Riverside Gardens - 200.0 Langley
Langley,Week4,Riverside Gardens,Week3,203.0 Riverside Gardens - 199.0 Langley
Langley,Week5,Long Branch,Week1,279.0 Langley - 123.0 Long Branch
Langley,Week4,Long Branch,Week5,286.0 Langley - 116.0 Long Branch
Langley,Week5,Fox Mill Woods,Week4,214.0 Fox Mill Woods - 188.0 Langley
Langley,Week5,Riverside Gardens,Week2,220.0 Langley - 182.0 Riverside Gardens
Langley,Week5,Long Branch,Week2,281.0 Langley - 121.0 Long Branch
Lakeview,Week5,Poplar Heights,Week5,323.0 Poplar Heights - 69.0 Lakeview
Langley,Week5,Fox Mill Woods,Week2,207.0 Fox Mill Woods - 195.0 Langley
Lakeview,Week4,McLean,Week5,338.0 McLean - 64.0 Lakeview
Lakeview,Week2,Fairfax Station,Week5,357.0 Fairfax Station - 45.0 Lakeview
Lakeview,Week3,Fairfax Station,Week4,322.5 Fairfax Station - 79.5 Lakeview
Langley,Week3,Long Branch,Week5,286.0 Langley - 116.0 Long Branch
Langley,Week2,Long Branch,Week2,286.0 Langley - 116.0 Long Branch
Langley,Week2,Riverside Gardens,Week2,222.0 Langley - 180.0 Riverside Gardens
Langley,Week2,Great Falls,Week1,281.0 Langley - 120.0 Great Falls
Lakeview,Week4,Mantua,Week5,338.0 Mantua - 64.0 Lakeview
Langley,Week4,Long Branch,Week4,292.0 Langley - 110.0 Long Branch
Lakeview,Week5,Poplar Heights,Week4,315.0 Poplar Heights - 78.0 Lakeview
Lakeview,Week5,McLean,Week3,333.0 McLean - 60.0 Lakeview
Langley,Week3,Great Falls,Week2,257.0 Langley - 127.0 Great Falls
Lakeview,Week5,McLean,Week4,324.0 McLean - 64.0 Lakeview
Lakeview,Week2,Fairfax Station,Week1,345.0 Fairfax Station - 57.0 Lakeview
Langley,Week1,Great Falls,Week2,267.0 Langley - 117.0 Great Falls
Langley,Week5,Riverside Gardens,Week5,213.0 Riverside Gardens - 189.0 Langley
Langley,Week1,Mansion House,Week1,249.0 Langley - 153.0 Mansion House
Langley,Week3,Riverside Gardens,Week5,206.0 Langley - 196.0 Riverside Gardens
Langley,Week2,Great Falls,Week5,246.0 Langley - 155.0 Great Falls
Langley,Week5,Long Branch,Week4,281.0 Langley - 121.0 Long Branch
Lakeview,Week4,Fairfax Station,Week1,322.0 Fairfax Station - 80.0 Lakeview
Lakeview,Week4,McLean,Week1,322.0 McLean - 80.0 Lakeview
Lakeview,Week3,Fairfax Station,Week5,335.0 Fairfax Station - 67.0 Lakeview
Langley,Week4,Great Falls,Week1,283.5 Langley - 118.5 Great Falls
Lakeview,Week3,Poplar Tree,Week2,274.0 Poplar Tree - 128.0 Lakeview
Langley,Week5,Long Branch,Week3,284.0 Langley - 118.0 Long Branch
Lakeview,Week4,McLean,Week3,326.5 McLean - 75.5 Lakeview
Lakeview,Week2,Ravensworth Farm,Week4,319.5 Ravensworth Farm - 82.5 Lakeview
Lakeview,Week4,Fairfax Station,Week2,324.0 Fairfax Station - 78.0 Lakeview
Langley,Week4,Long Branch,Week2,293.0 Langley - 109.0 Long Branch
Langley,Week5,Riverside Gardens,Week4,209.0 Riverside Gardens - 193.0 Langley
Lakeview,Week1,Ravensworth Farm,Week1,318.0 Ravensworth Farm - 84.0 Lakeview
Langley,Week4,Riverside Gardens,Week4,210.0 Riverside Gardens - 192.0 Langley
Lakeview,Week3,Poplar Tree,Week1,287.0 Poplar Tree - 115.0 Lakeview
Langley,Week5,Riverside Gardens,Week3,206.0 Riverside Gardens - 196.0 Langley
Lakeview,Week3,Ravensworth Farm,Week1,301.0 Ravensworth Farm - 101.0 Lakeview
Langley,Week2,Hamlet,Week1,228.0 Hamlet - 174.0 Langley
Lakeview,Week3,McLean,Week5,354.0 McLean - 48.0 Lakeview
Langley,Week1,Mansion House,Week3,229.0 Langley - 173.0 Mansion House
Lakeview,Week1,Fairfax Station,Week5,348.0 Fairfax Station - 54.0 Lakeview
Langley,Week1,Mansion House,Week4,247.0 Langley - 155.0 Mansion House
Langley,Week1,Rolling Forest,Week2,282.0 Langley - 120.0 Rolling Forest
Lakeview,Week5,McLean,Week2,322.0 McLean - 71.0 Lakeview
Lakeview,Week4,McLean,Week4,321.0 McLean - 76.0 Lakeview
Langley,Week4,Riverside Gardens,Week5,202.0 Riverside Gardens - 200.0 Langley
Lakeview,Week2,Ravensworth Farm,Week5,349.0 Ravensworth Farm - 53.0 Lakeview
Lakeview,Week1,Mosby Woods,Week1,355.0 Mosby Woods - 47.0 Lakeview
Langley,Week4,Greenbriar,Week5,244.0 Langley - 158.0 Greenbriar
Lakeview,Week5,Dunn Loring,Week3,350.0 Dunn Loring - 43.0 Lakeview
Lakeview,Week1,Fair Oaks ,Week2,279.0 Fair Oaks - 123.0 Lakeview
Lakeview,Week4,Poplar Tree,Week2,274.0 Poplar Tree - 128.0 Lakeview
Langley,Week1,Rolling Forest,Week1,276.0 Langley - 126.0 Rolling Forest
Langley,Week1,Hamlet,Week3,234.0 Hamlet - 168.0 Langley
Lakeview,Week3,McLean,Week4,339.0 McLean - 63.0 Lakeview
Langley,Week4,Riverside Gardens,Week1,214.0 Langley - 188.0 Riverside Gardens
Lakeview,Week5,McLean,Week5,336.0 McLean - 57.0 Lakeview
Lakeview,Week4,Dunn Loring,Week1,301.0 Dunn Loring - 101.0 Lakeview
Langley,Week3,Greenbriar,Week2,222.0 Langley - 180.0 Greenbriar
Langley,Week2,Mansion House,Week1,233.0 Langley - 169.0 Mansion House
Lakeview,Week3,Ravensworth Farm,Week2,268.0 Ravensworth Farm - 134.0 Lakeview
Langley,Week1,Mansion House,Week2,243.0 Langley - 159.0 Mansion House
Lakeview,Week4,Poplar Tree,Week4,273.0 Poplar Tree - 129.0 Lakeview
Lakeview,Week3,Fairfax Station,Week1,328.0 Fairfax Station - 74.0 Lakeview
Langley,Week4,Great Falls,Week2,257.0 Langley - 127.0 Great Falls
Langley,Week2,Mansion House,Week2,227.0 Langley - 175.0 Mansion House
Lakeview,Week3,Dunn Loring,Week5,351.0 Dunn Loring - 51.0 Lakeview
Langley,Week4,Mansion House,Week2,234.0 Langley - 168.0 Mansion House
Lakeview,Week5,Dunn Loring,Week1,304.0 Dunn Loring - 89.0 Lakeview
Langley,Week2,Greenbriar,Week4,240.0 Langley - 162.0 Greenbriar
Lakeview,Week1,Ravensworth Farm,Week2,299.0 Ravensworth Farm - 103.0 Lakeview
Lakeview,Week3,Poplar Tree,Week3,297.0 Poplar Tree - 105.0 Lakeview
Langley,Week4,Riverside Gardens,Week2,231.0 Langley - 171.0 Riverside Gardens
Langley,Week3,Mansion House,Week5,242.0 Langley - 160.0 Mansion House
Langley,Week2,Rolling Forest,Week2,278.0 Langley - 124.0 Rolling Forest
Langley,Week4,Mansion House,Week1,234.0 Langley - 168.0 Mansion House
Langley,Week3,Riverside Gardens,Week4,207.0 Riverside Gardens - 195.0 Langley
Lakeview,Week4,Dunn Loring,Week2,333.0 Dunn Loring - 69.0 Lakeview
Langley,Week3,Mansion House,Week1,242.0 Langley - 160.0 Mansion House
Lakeview,Week3,Fair Oaks ,Week2,264.0 Fair Oaks - 138.0 Lakeview
Langley,Week5,Riverside Gardens,Week1,219.0 Langley - 183.0 Riverside Gardens
Lakeview,Week1,Mosby Woods,Week3,347.0 Mosby Woods - 55.0 Lakeview
Langley,Week3,Greenbriar,Week4,254.0 Langley - 148.0 Greenbriar
Langley,Week2,Greenbriar,Week5,235.0 Langley - 167.0 Greenbriar
Lakeview,Week2,Mosby Woods,Week1,360.0 Mosby Woods - 42.0 Lakeview
Langley,Week2,Mansion House,Week4,250.0 Langley - 152.0 Mansion House
Lakeview,Week4,Poplar Tree,Week1,283.0 Poplar Tree - 119.0 Lakeview
Langley,Week1,Rolling Forest,Week5,257.0 Langley - 145.0 Rolling Forest
Lakeview,Week1,Fair Oaks ,Week1,302.0 Fair Oaks - 100.0 Lakeview
Langley,Week3,Mansion House,Week4,252.5 Langley - 149.5 Mansion House
Langley,Week4,Greenbriar,Week1,262.0 Langley - 140.0 Greenbriar
Lakeview,Week3,McLean,Week3,337.0 McLean - 65.0 Lakeview
Langley,Week4,Greenbriar,Week2,227.5 Langley - 174.5 Greenbriar
Langley,Week5,Greenbriar,Week1,238.0 Langley - 164.0 Greenbriar
Langley,Week1,Rolling Forest,Week4,275.0 Langley - 127.0 Rolling Forest
Lakeview,Week5,Poplar Tree,Week3,283.0 Poplar Tree - 110.0 Lakeview
Langley,Week1,Greenbriar,Week4,247.0 Langley - 155.0 Greenbriar
Lakeview,Week5,McLean,Week1,329.0 McLean - 64.0 Lakeview
Lakeview,Week2,Fair Oaks ,Week4,303.0 Fair Oaks - 99.0 Lakeview
Lakeview,Week5,Poplar Tree,Week5,308.0 Poplar Tree - 85.0 Lakeview
Lakeview,Week5,Poplar Tree,Week4,271.0 Poplar Tree - 122.0 Lakeview
Lakeview,Week1,Mosby Woods,Week5,359.0 Mosby Woods - 43.0 Lakeview
Lakeview,Week3,McLean,Week2,339.0 McLean - 63.0 Lakeview
Lakeview,Week2,Poplar Tree,Week4,299.0 Poplar Tree - 103.0 Lakeview
Langley,Week4,Mansion House,Week3,227.0 Langley - 175.0 Mansion House
Langley,Week1,Rolling Forest,Week3,249.0 Langley - 153.0 Rolling Forest
Lakeview,Week1,Mosby Woods,Week4,349.0 Mosby Woods - 53.0 Lakeview
Lakeview,Week3,Dunn Loring,Week3,344.0 Dunn Loring - 58.0 Lakeview
Langley,Week3,Mansion House,Week3,223.0 Langley - 179.0 Mansion House
Lakeview,Week4,Fair Oaks ,Week2,243.0 Fair Oaks - 159.0 Lakeview
Langley,Week1,Hamlet,Week4,207.0 Hamlet - 195.0 Langley
Lakeview,Week4,Poplar Tree,Week5,315.0 Poplar Tree - 87.0 Lakeview
Lakeview,Week1,Ravensworth Farm,Week4,318.0 Ravensworth Farm - 84.0 Lakeview
Lakeview,Week2,Poplar Tree,Week3,306.0 Poplar Tree - 96.0 Lakeview
Langley,Week2,Rolling Forest,Week3,248.0 Langley - 154.0 Rolling Forest
Langley,Week2,Greenbriar,Week1,231.5 Langley - 170.5 Greenbriar
Lakeview,Week2,Mosby Woods,Week2,361.0 Mosby Woods - 41.0 Lakeview
Langley,Week2,Greenbriar,Week2,206.0 Langley - 196.0 Greenbriar
Langley,Week3,Rolling Forest,Week2,277.0 Langley - 125.0 Rolling Forest
Lakeview,Week1,Fair Oaks ,Week5,321.0 Fair Oaks - 81.0 Lakeview
Lakeview,Week1,Mosby Woods,Week2,362.0 Mosby Woods - 40.0 Lakeview
Lakeview,Week2,Fair Oaks ,Week3,305.0 Fair Oaks - 97.0 Lakeview
Lakeview,Week3,Fair Oaks ,Week4,281.0 Fair Oaks - 121.0 Lakeview
Lakeview,Week4,McLean,Week2,318.0 McLean - 84.0 Lakeview
Lakeview,Week1,Ravensworth Farm,Week5,339.0 Ravensworth Farm - 63.0 Lakeview
Langley,Week5,Greenbriar,Week3,232.0 Langley - 170.0 Greenbriar
Langley,Week4,Greenbriar,Week4,262.5 Langley - 139.5 Greenbriar
Lakeview,Week2,Mosby Woods,Week3,354.0 Mosby Woods - 48.0 Lakeview
Langley,Week5,Mansion House,Week4,242.0 Langley - 160.0 Mansion House
Langley,Week4,Mansion House,Week4,254.0 Langley - 148.0 Mansion House
Langley,Week5,Mansion House,Week3,209.0 Langley - 193.0 Mansion House
Langley,Week5,Mansion House,Week5,227.0 Langley - 175.0 Mansion House
Lakeview,Week3,Fair Oaks ,Week1,285.0 Fair Oaks - 117.0 Lakeview
Langley,Week2,Rolling Forest,Week5,256.0 Langley - 146.0 Rolling Forest
Langley,Week3,Rolling Forest,Week3,252.0 Langley - 150.0 Rolling Forest
Lakeview,Week2,Poplar Tree,Week5,331.5 Poplar Tree - 70.5 Lakeview
Langley,Week1,Greenbriar,Week3,245.0 Langley - 157.0 Greenbriar
Langley,Week5,Greenbriar,Week5,228.0 Langley - 174.0 Greenbriar
Lakeview,Week2,Mosby Woods,Week4,355.0 Mosby Woods - 47.0 Lakeview
Lakeview,Week3,Mosby Woods,Week1,350.0 Mosby Woods - 52.0 Lakeview
Langley,Week2,Mansion House,Week5,240.0 Langley - 162.0 Mansion House
Langley,Week4,Rolling Forest,Week2,279.0 Langley - 123.0 Rolling Forest
Langley,Week5,Greenbriar,Week4,232.0 Langley - 170.0 Greenbriar
Lakeview,Week2,Mosby Woods,Week5,358.0 Mosby Woods - 44.0 Lakeview
Lakeview,Week3,Mosby Woods,Week2,351.0 Mosby Woods - 51.0 Lakeview
Lakeview,Week3,Poplar Tree,Week5,309.0 Poplar Tree - 93.0 Lakeview
Langley,Week4,Rolling Forest,Week3,251.0 Langley - 151.0 Rolling Forest
Langley,Week1,Hamlet,Week1,220.0 Hamlet - 182.0 Langley
Langley,Week4,Rolling Forest,Week4,283.5 Langley - 118.5 Rolling Forest
Langley,Week1,Mantua,Week1,238.0 Langley - 164.0 Mantua
Lakeview,Week4,Poplar Tree,Week3,289.0 Poplar Tree - 113.0 Lakeview
Langley,Week4,Rolling Forest,Week1,275.0 Langley - 127.0 Rolling Forest
Lakeview,Week4,Fair Oaks ,Week1,274.0 Fair Oaks - 128.0 Lakeview
Lakeview,Week2,Fair Oaks ,Week1,305.0 Fair Oaks - 97.0 Lakeview
Langley,Week2,Greenbriar,Week3,224.0 Langley - 178.0 Greenbriar
Lakeview,Week3,Poplar Tree,Week4,283.0 Poplar Tree - 119.0 Lakeview
Langley,Week3,Rolling Forest,Week5,244.0 Langley - 158.0 Rolling Forest
Lakeview,Week3,Mosby Woods,Week4,341.0 Mosby Woods - 60.0 Lakeview
Lakeview,Week2,Woodley,Week2,217.0 Woodley - 185.0 Lakeview
Lakeview,Week3,Dunn Loring,Week4,353.0 Dunn Loring - 49.0 Lakeview
Lakeview,Week5,Dunn Loring,Week5,341.0 Dunn Loring - 52.0 Lakeview
Langley,Week3,Mansion House,Week2,241.0 Langley - 161.0 Mansion House
Langley,Week4,Mansion House,Week5,236.0 Langley - 166.0 Mansion House
Langley,Week1,Mantua,Week2,243.0 Langley - 159.0 Mantua
Lakeview,Week3,Fair Oaks ,Week5,304.0 Fair Oaks - 98.0 Lakeview
Lakeview,Week5,Poplar Tree,Week2,284.0 Poplar Tree - 109.0 Lakeview
Lakeview,Week4,Mosby Woods,Week3,328.0 Mosby Woods - 74.0 Lakeview
Langley,Week1,Annandale,Week2,318.0 Langley - 84.0 Annandale
Lakeview,Week5,Woodley,Week1,198.0 Lakeview - 194.0 Woodley
Langley,Week3,Rolling Forest,Week1,271.0 Langley - 131.0 Rolling Forest
Lakeview,Week2,Ravensworth Farm,Week1,324.0 Ravensworth Farm - 78.0 Lakeview
Lakeview,Week3,Dunn Loring,Week2,349.0 Dunn Loring - 53.0 Lakeview
Langley,Week5,Rolling Forest,Week1,252.0 Langley - 150.0 Rolling Forest
Langley,Week1,Greenbriar,Week2,218.0 Langley - 184.0 Greenbriar
Langley,Week3,Greenbriar,Week3,237.0 Langley - 165.0 Greenbriar
Langley,Week2,Holmes Run Acres,Week3,232.0 Langley - 170.0 Holmes Run Acres
Lakeview,Week2,Ravensworth Farm,Week3,337.0 Ravensworth Farm - 65.0 Lakeview
Langley,Week3,Greenbriar,Week1,247.0 Langley - 155.0 Greenbriar
Lakeview,Week4,Mosby Woods,Week2,341.0 Mosby Woods - 61.0 Lakeview
Lakeview,Week4,Dunn Loring,Week3,336.0 Dunn Loring - 66.0 Lakeview
Lakeview,Week5,Dunn Loring,Week2,339.0 Dunn Loring - 54.0 Lakeview
Lakeview,Week1,Fair Oaks ,Week4,301.0 Fair Oaks - 101.0 Lakeview
Lakeview,Week2,Ravensworth Farm,Week2,291.0 Ravensworth Farm - 111.0 Lakeview
Langley,Week1,Holmes Run Acres,Week5,228.0 Langley - 174.0 Holmes Run Acres
Langley,Week1,Greenbriar,Week5,243.0 Langley - 159.0 Greenbriar
Lakeview,Week3,Mount Vernon Park,Week5,347.0 Mount Vernon Park - 55.0 Lakeview
Lakeview,Week5,Ravensworth Farm,Week1,296.5 Ravensworth Farm - 96.5 Lakeview
Langley,Week5,Mansion House,Week2,221.0 Langley - 176.0 Mansion House
Langley,Week5,Rolling Forest,Week2,271.0 Langley - 126.0 Rolling Forest
Lakeview,Week5,Mosby Woods,Week1,336.0 Mosby Woods - 57.0 Lakeview
Lakeview,Week5,Woodley,Week4,204.0 Lakeview - 189.0 Woodley
Langley,Week4,Rolling Forest,Week5,263.0 Langley - 139.0 Rolling Forest
Lakeview,Week4,Mosby Woods,Week4,335.0 Mosby Woods - 66.0 Lakeview
Lakeview,Week4,Dunn Loring,Week5,344.0 Dunn Loring - 58.0 Lakeview
Langley,Week5,Mansion House,Week1,221.0 Langley - 181.0 Mansion House
Lakeview,Week5,Waynewood,Week5,344.0 Waynewood - 49.0 Lakeview
Lakeview,Week1,Woodley,Week1,231.0 Woodley - 171.0 Lakeview
Langley,Week3,Holmes Run Acres,Week3,233.0 Langley - 169.0 Holmes Run Acres
Lakeview,Week3,Riverside Gardens,Week3,322.0 Riverside Gardens - 80.0 Lakeview
Lakeview,Week2,Riverside Gardens,Week4,360.0 Riverside Gardens - 42.0 Lakeview
Langley,Week2,Rolling Forest,Week4,278.0 Langley - 124.0 Rolling Forest
Langley,Week4,Greenbriar,Week3,239.0 Langley - 163.0 Greenbriar
Lakeview,Week4,Mosby Woods,Week1,339.0 Mosby Woods - 63.0 Lakeview
Langley,Week3,Rolling Forest,Week4,279.0 Langley - 123.0 Rolling Forest
Langley,Week5,Holmes Run Acres,Week2,262.0 Langley - 140.0 Holmes Run Acres
Lakeview,Week3,Dunn Loring,Week1,313.0 Dunn Loring - 89.0 Lakeview
Langley,Week3,Greenbriar,Week5,240.5 Langley - 161.5 Greenbriar
Lakeview,Week4,Mosby Woods,Week5,338.0 Mosby Woods - 64.0 Lakeview
Langley,Week2,Rolling Hills,Week1,279.0 Langley - 123.0 Rolling Hills
Lakeview,Week4,Ravensworth Farm,Week4,293.0 Ravensworth Farm - 109.0 Lakeview
Lakeview,Week3,Woodley,Week4,206.0 Lakeview - 196.0 Woodley
Langley,Week5,Greenbriar,Week2,210.0 Langley - 192.0 Greenbriar
Lakeview,Week5,Dunn Loring,Week4,344.0 Dunn Loring - 49.0 Lakeview
Lakeview,Week2,Woodley,Week1,218.0 Woodley - 184.0 Lakeview
Langley,Week2,Holmes Run Acres,Week1,264.0 Langley - 138.0 Holmes Run Acres
Lakeview,Week1,Fair Oaks ,Week3,308.0 Fair Oaks - 94.0 Lakeview
Lakeview,Week4,Riverside Gardens,Week1,323.0 Riverside Gardens - 79.0 Lakeview
Lakeview,Week4,Dunn Loring,Week4,338.0 Dunn Loring - 64.0 Lakeview
Langley,Week3,Rolling Hills,Week4,281.0 Langley - 121.0 Rolling Hills
Langley,Week2,Hayfield Farm,Week1,266.0 Langley - 136.0 Hayfield Farm
Langley,Week2,Rolling Hills,Week5,290.0 Langley - 112.0 Rolling Hills
Langley,Week5,Rolling Hills,Week2,270.0 Langley - 132.0 Rolling Hills
Lakeview,Week4,Mount Vernon Park,Week4,335.0 Mount Vernon Park - 67.0 Lakeview
Lakeview,Week5,Waynewood,Week4,317.0 Waynewood - 76.0 Lakeview
Lakeview,Week1,Woodley,Week2,208.0 Woodley - 194.0 Lakeview
Langley,Week2,Holmes Run Acres,Week2,268.5 Langley - 133.5 Holmes Run Acres
Lakeview,Week5,Mosby Woods,Week2,346.0 Mosby Woods - 47.0 Lakeview
Langley,Week3,Holmes Run Acres,Week1,266.0 Langley - 136.0 Holmes Run Acres
Langley,Week1,Holmes Run Acres,Week1,279.0 Langley - 123.0 Holmes Run Acres
Langley,Week1,Hamlet,Week5,261.0 Hamlet - 141.0 Langley
Lakeview,Week1,Riverside Gardens,Week4,360.0 Riverside Gardens - 42.0 Lakeview
Langley,Week1,Hamlet,Week2,233.0 Hamlet - 169.0 Langley
Lakeview,Week1,Woodley,Week3,230.0 Woodley - 172.0 Lakeview
Lakeview,Week5,Mount Vernon Park,Week3,344.0 Mount Vernon Park - 49.0 Lakeview
Lakeview,Week3,Riverside Gardens,Week1,322.0 Riverside Gardens - 80.0 Lakeview
Lakeview,Week4,Ravensworth Farm,Week5,319.0 Ravensworth Farm - 83.0 Lakeview
Langley,Week3,Hamlet,Week3,239.0 Hamlet - 163.0 Langley
Lakeview,Week5,Riverside Gardens,Week4,337.0 Riverside Gardens - 56.0 Lakeview
Langley,Week2,Holmes Run Acres,Week4,256.0 Langley - 146.0 Holmes Run Acres
Lakeview,Week2,Fair Oaks ,Week5,320.0 Fair Oaks - 82.0 Lakeview
Lakeview,Week2,Mount Vernon Park,Week2,368.0 Mount Vernon Park - 34.0 Lakeview
Langley,Week3,Holmes Run Acres,Week4,269.0 Langley - 133.0 Holmes Run Acres
Lakeview,Week2,Woodley,Week3,218.0 Woodley - 184.0 Lakeview
Langley,Week2,Rolling Valley,Week1,349.0 Langley - 53.0 Rolling Valley
Lakeview,Week4,Fair Oaks ,Week5,284.0 Fair Oaks - 118.0 Lakeview
Langley,Week1,Rolling Hills,Week4,295.5 Langley - 106.5 Rolling Hills
Lakeview,Week5,Riverside Gardens,Week2,296.0 Riverside Gardens - 97.0 Lakeview
Langley,Week1,Rolling Hills,Week2,290.0 Langley - 112.0 Rolling Hills
Lakeview,Week5,Mount Vernon Park,Week2,338.0 Mount Vernon Park - 55.0 Lakeview
Langley,Week2,Hayfield Farm,Week3,247.0 Langley - 155.0 Hayfield Farm
Lakeview,Week3,Riverside Gardens,Week5,344.0 Riverside Gardens - 58.0 Lakeview
Lakeview,Week5,Waynewood,Week2,324.0 Waynewood - 69.0 Lakeview
Langley,Week4,Holmes Run Acres,Week2,281.0 Langley - 121.0 Holmes Run Acres
Lakeview,Week4,Fair Oaks ,Week3,264.0 Fair Oaks - 138.0 Lakeview
Lakeview,Week4,Woodley,Week1,224.0 Lakeview - 178.0 Woodley
Langley,Week3,Hamlet,Week5,262.0 Hamlet - 140.0 Langley
Langley,Week1,Rolling Valley,Week5,340.0 Langley - 62.0 Rolling Valley
Lakeview,Week3,Fair Oaks ,Week3,279.0 Fair Oaks - 123.0 Lakeview
Lakeview,Week5,Waynewood,Week3,337.0 Waynewood - 56.0 Lakeview
Lakeview,Week3,Mount Vernon Park,Week2,344.0 Mount Vernon Park - 58.0 Lakeview
Langley,Week4,Holmes Run Acres,Week5,233.0 Langley - 169.0 Holmes Run Acres
Lakeview,Week5,Ravensworth Farm,Week2,265.0 Ravensworth Farm - 128.0 Lakeview
Lakeview,Week2,Fair Oaks ,Week2,278.0 Fair Oaks - 124.0 Lakeview
Lakeview,Week3,Mount Vernon Park,Week3,341.5 Mount Vernon Park - 60.5 Lakeview
Langley,Week2,Hamlet,Week4,239.0 Hamlet - 163.0 Langley
Langley,Week3,Rolling Hills,Week5,277.0 Langley - 125.0 Rolling Hills
Lakeview,Week1,Newington Forest,Week2,211.0 Newington Forest - 190.0 Lakeview
Langley,Week2,Hunt Valley,Week4,209.0 Hunt Valley - 193.0 Langley
Langley,Week5,Rolling Forest,Week5,235.0 Langley - 167.0 Rolling Forest
Lakeview,Week1,Riverside Gardens,Week5,352.0 Riverside Gardens - 50.0 Lakeview
Langley,Week2,Hamlet,Week3,243.0 Hamlet - 159.0 Langley
Lakeview,Week3,Woodley,Week1,202.0 Lakeview - 200.0 Woodley
Langley,Week5,Hollin Meadows,Week5,234.0 Langley - 168.0 Hollin Meadows
Lakeview,Week5,Fair Oaks ,Week1,271.0 Fair Oaks - 122.0 Lakeview
Langley,Week1,Hayfield Farm,Week2,281.0 Langley - 121.0 Hayfield Farm
Lakeview,Week2,Woodley,Week4,204.0 Woodley - 198.0 Lakeview
Lakeview,Week5,Fair Oaks ,Week2,237.0 Fair Oaks - 156.0 Lakeview
Lakeview,Week5,Fair Oaks ,Week3,273.0 Fair Oaks - 120.0 Lakeview
Langley,Week1,Rolling Hills,Week5,310.0 Langley - 92.0 Rolling Hills
Lakeview,Week4,Woodley,Week4,222.0 Lakeview - 180.0 Woodley
Lakeview,Week3,Woodley,Week2,203.0 Woodley - 199.0 Lakeview
Langley,Week4,Rolling Hills,Week2,291.0 Langley - 111.0 Rolling Hills
Lakeview,Week1,Newington Forest,Week4,244.0 Newington Forest - 158.0 Lakeview
Lakeview,Week4,Mount Vernon Park,Week2,341.0 Mount Vernon Park - 61.0 Lakeview
Lakeview,Week1,Riverside Gardens,Week3,355.0 Riverside Gardens - 47.0 Lakeview
Lakeview,Week4,Fair Oaks ,Week4,255.5 Fair Oaks - 146.5 Lakeview
Lakeview,Week1,Mount Vernon Park,Week3,358.0 Mount Vernon Park - 39.0 Lakeview
Lakeview,Week1,Mount Vernon Park,Week5,352.0 Mount Vernon Park - 50.0 Lakeview
Lakeview,Week5,Ravensworth Farm,Week3,312.0 Ravensworth Farm - 81.0 Lakeview
Langley,Week5,Rolling Forest,Week4,259.0 Langley - 143.0 Rolling Forest
Langley,Week1,Holmes Run Acres,Week4,266.0 Langley - 136.0 Holmes Run Acres
Lakeview,Week5,Mosby Woods,Week3,329.0 Mosby Woods - 64.0 Lakeview
Langley,Week5,Hollin Meadows,Week2,252.0 Langley - 150.0 Hollin Meadows
Langley,Week3,Hamlet,Week2,253.0 Hamlet - 149.0 Langley
Lakeview,Week5,Fair Oaks ,Week5,300.0 Fair Oaks - 93.0 Lakeview
Langley,Week3,Hunt Valley,Week2,203.0 Hunt Valley - 199.0 Langley
Lakeview,Week4,Woodley,Week3,221.0 Lakeview - 181.0 Woodley
Langley,Week2,Hamlet,Week2,244.0 Hamlet - 158.0 Langley
Langley,Week4,Rolling Hills,Week3,296.0 Langley - 106.0 Rolling Hills
Langley,Week5,Hamlet,Week5,268.0 Hamlet - 134.0 Langley
Langley,Week1,Hayfield Farm,Week1,284.0 Langley - 118.0 Hayfield Farm
Lakeview,Week4,Ravensworth Farm,Week3,300.0 Ravensworth Farm - 102.0 Lakeview
Langley,Week1,Holmes Run Acres,Week2,272.0 Langley - 130.0 Holmes Run Acres
Lakeview,Week5,Ravensworth Farm,Week4,297.0 Ravensworth Farm - 96.0 Lakeview
Langley,Week2,Holmes Run Acres,Week5,213.0 Langley - 189.0 Holmes Run Acres
Lakeview,Week1,Mount Vernon Park,Week4,356.5 Mount Vernon Park - 45.5 Lakeview
Langley,Week1,Rolling Hills,Week1,293.0 Langley - 109.0 Rolling Hills
Lakeview,Week1,Woodley,Week5,232.0 Woodley - 170.0 Lakeview
Lakeview,Week3,Ravensworth Farm,Week4,300.0 Ravensworth Farm - 102.0 Lakeview
Langley,Week3,Hayfield Farm,Week3,245.0 Langley - 157.0 Hayfield Farm
Lakeview,Week5,Fair Oaks ,Week4,266.0 Fair Oaks - 127.0 Lakeview
Lakeview,Week3,Ravensworth Farm,Week5,331.0 Ravensworth Farm - 71.0 Lakeview
Lakeview,Week4,Woodley,Week5,222.0 Lakeview - 180.0 Woodley
Lakeview,Week5,Waynewood,Week1,300.0 Waynewood - 93.0 Lakeview
Lakeview,Week1,Fairfax,Week1,338.0 Fairfax - 64.0 Lakeview
Langley,Week3,Holmes Run Acres,Week5,225.0 Langley - 177.0 Holmes Run Acres
Langley,Week3,Holmes Run Acres,Week2,276.0 Langley - 126.0 Holmes Run Acres
Langley,Week2,Rolling Hills,Week2,278.0 Langley - 124.0 Rolling Hills
Lakeview,Week1,Riverside Gardens,Week1,350.0 Riverside Gardens - 52.0 Lakeview
Langley,Week3,Rolling Hills,Week1,279.0 Langley - 123.0 Rolling Hills
Lakeview,Week5,Mosby Woods,Week4,336.0 Mosby Woods - 57.0 Lakeview
Lakeview,Week5,Ravensworth Farm,Week5,318.0 Ravensworth Farm - 75.0 Lakeview
Lakeview,Week1,Woodley,Week4,227.0 Woodley - 175.0 Lakeview
Langley,Week5,Hollin Meadows,Week3,246.0 Langley - 156.0 Hollin Meadows
Langley,Week4,Rolling Hills,Week1,296.0 Langley - 106.0 Rolling Hills
Lakeview,Week3,Mount Vernon Park,Week4,347.0 Mount Vernon Park - 55.0 Lakeview
Langley,Week4,Hamlet,Week3,231.0 Hamlet - 171.0 Langley
Lakeview,Week4,Ravensworth Farm,Week2,256.0 Ravensworth Farm - 146.0 Lakeview
Langley,Week5,Rolling Forest,Week3,240.0 Langley - 162.0 Rolling Forest
Langley,Week4,Hamlet,Week5,260.0 Hamlet - 142.0 Langley
Langley,Week4,Hamlet,Week1,220.0 Hamlet - 182.0 Langley
Lakeview,Week2,Mount Vernon Park,Week5,363.0 Mount Vernon Park - 39.0 Lakeview
Lakeview,Week2,Woodley,Week5,232.0 Woodley - 170.0 Lakeview
Lakeview,Week1,Fairfax,Week2,358.5 Fairfax - 43.5 Lakeview
Lakeview,Week1,Fairfax,Week3,355.0 Fairfax - 47.0 Lakeview
Langley,Week4,Holmes Run Acres,Week1,272.0 Langley - 130.0 Holmes Run Acres
Langley,Week5,Rolling Hills,Week1,269.5 Langley - 132.5 Rolling Hills
Langley,Week4,Holmes Run Acres,Week4,269.5 Langley - 132.5 Holmes Run Acres
Lakeview,Week2,Mount Vernon Park,Week4,370.0 Mount Vernon Park - 32.0 Lakeview
Lakeview,Week1,Riverside Gardens,Week2,332.0 Riverside Gardens - 70.0 Lakeview
Langley,Week5,Hamlet,Week4,226.0 Hamlet - 176.0 Langley
Langley,Week1,Hayfield Farm,Week3,260.0 Langley - 142.0 Hayfield Farm
Langley,Week3,Rolling Hills,Week2,275.0 Langley - 127.0 Rolling Hills
Lakeview,Week1,Mount Vernon Park,Week2,354.0 Mount Vernon Park - 48.0 Lakeview
Langley,Week5,Rolling Hills,Week5,273.0 Langley - 129.0 Rolling Hills
Langley,Week4,Rolling Hills,Week4,298.0 Langley - 104.0 Rolling Hills
Langley,Week5,Hollin Meadows,Week4,254.0 Langley - 148.0 Hollin Meadows
Lakeview,Week4,Ravensworth Farm,Week1,280.0 Ravensworth Farm - 122.0 Lakeview
Langley,Week1,Rolling Hills,Week3,298.0 Langley - 104.0 Rolling Hills
Lakeview,Week2,Mount Vernon Park,Week3,363.0 Mount Vernon Park - 39.0 Lakeview
Lakeview,Week5,Woodley,Week2,209.0 Lakeview - 184.0 Woodley
Langley,Week1,Hayfield Farm,Week4,262.0 Langley - 140.0 Hayfield Farm
Lakeview,Week2,Riverside Gardens,Week2,335.0 Riverside Gardens - 67.0 Lakeview
Lakeview,Week4,Waynewood,Week5,330.0 Waynewood - 72.0 Lakeview
Lakeview,Week4,Woodley,Week2,223.0 Lakeview - 179.0 Woodley
Lakeview,Week2,Riverside Gardens,Week1,343.0 Riverside Gardens - 59.0 Lakeview
Langley,Week1,Holmes Run Acres,Week3,234.0 Langley - 168.0 Holmes Run Acres
Langley,Week4,Holmes Run Acres,Week3,240.0 Langley - 162.0 Holmes Run Acres
Lakeview,Week3,Woodley,Week3,208.0 Woodley - 194.0 Lakeview
Lakeview,Week4,Mount Vernon Park,Week3,338.0 Mount Vernon Park - 64.0 Lakeview
Lakeview,Week3,Woodley,Week5,207.0 Woodley - 195.0 Lakeview
Lakeview,Week2,Mount Vernon Park,Week1,361.0 Mount Vernon Park - 41.0 Lakeview
Langley,Week5,Hamlet,Week2,240.5 Hamlet - 161.5 Langley
Langley,Week5,Hamlet,Week1,232.0 Hamlet - 170.0 Langley
Lakeview,Week3,Ravensworth Farm,Week3,312.0 Ravensworth Farm - 90.0 Lakeview
Lakeview,Week4,Mount Vernon Park,Week5,338.0 Mount Vernon Park - 64.0 Lakeview
Langley,Week1,Annandale,Week4,338.0 Langley - 64.0 Annandale
Lakeview,Week3,Mount Vernon Park,Week1,341.0 Mount Vernon Park - 61.0 Lakeview
Langley,Week3,Rolling Hills,Week3,276.0 Langley - 126.0 Rolling Hills
Langley,Week4,Rolling Hills,Week5,305.0 Langley - 97.0 Rolling Hills
Lakeview,Week5,Woodley,Week5,203.0 Woodley - 190.0 Lakeview
Langley,Week1,Hunt Valley,Week5,215.0 Hunt Valley - 187.0 Langley
Langley,Week3,Annandale,Week2,310.0 Langley - 92.0 Annandale
Langley,Week1,Hunt Valley,Week1,210.0 Langley - 192.0 Hunt Valley
Lakeview,Week4,Mount Vernon Park,Week1,344.0 Mount Vernon Park - 58.0 Lakeview
Langley,Week4,Hamlet,Week2,239.0 Hamlet - 163.0 Langley
Lakeview,Week3,Riverside Gardens,Week2,299.0 Riverside Gardens - 103.0 Lakeview
Langley,Week3,Hamlet,Week4,224.0 Hamlet - 178.0 Langley
Langley,Week5,Holmes Run Acres,Week1,249.0 Langley - 153.0 Holmes Run Acres
Langley,Week2,Hamlet,Week5,263.0 Hamlet - 139.0 Langley
Lakeview,Week2,Riverside Gardens,Week3,356.0 Riverside Gardens - 46.0 Lakeview
Lakeview,Week2,Riverside Gardens,Week5,358.0 Riverside Gardens - 44.0 Lakeview
Langley,Week2,Rolling Hills,Week3,280.0 Langley - 122.0 Rolling Hills
Langley,Week3,Hamlet,Week1,228.0 Hamlet - 174.0 Langley
Langley,Week5,Holmes Run Acres,Week5,209.0 Langley - 193.0 Holmes Run Acres
Langley,Week1,Annandale,Week1,326.0 Langley - 76.0 Annandale
Langley,Week5,Rolling Hills,Week3,270.0 Langley - 132.0 Rolling Hills
Lakeview,Week5,Woodley,Week3,206.0 Lakeview - 187.0 Woodley
Lakeview,Week5,Mosby Woods,Week5,342.0 Mosby Woods - 51.0 Lakeview
Lakeview,Week4,Riverside Gardens,Week4,333.0 Riverside Gardens - 69.0 Lakeview
Lakeview,Week5,Mount Vernon Park,Week1,339.0 Mount Vernon Park - 54.0 Lakeview
Langley,Week5,Holmes Run Acres,Week4,255.0 Langley - 147.0 Holmes Run Acres
Langley,Week2,Rolling Hills,Week4,281.0 Langley - 121.0 Rolling Hills
Langley,Week1,Hunt Valley,Week3,218.0 Hunt Valley - 184.0 Langley
Langley,Week4,Hamlet,Week4,204.0 Hamlet - 198.0 Langley
Lakeview,Week4,Riverside Gardens,Week5,337.0 Riverside Gardens - 65.0 Lakeview
Lakeview,Week3,Riverside Gardens,Week4,345.0 Riverside Gardens - 57.0 Lakeview
Langley,Week1,Hayfield Farm,Week5,283.0 Langley - 119.0 Hayfield Farm
Langley,Week5,Hamlet,Week3,250.0 Hamlet - 152.0 Langley
Langley,Week4,Annandale,Week2,312.0 Langley - 90.0 Annandale
Langley,Week2,Annandale,Week5,300.0 Langley - 102.0 Annandale
Lakeview,Week1,Mount Vernon Park,Week1,353.0 Mount Vernon Park - 49.0 Lakeview
Langley,Week1,Hunt Valley,Week2,206.0 Langley - 196.0 Hunt Valley
Langley,Week4,Annandale,Week3,317.0 Langley - 85.0 Annandale
Langley,Week2,Hayfield Farm,Week2,253.5 Langley - 148.5 Hayfield Farm
Langley,Week5,Holmes Run Acres,Week3,213.0 Langley - 189.0 Holmes Run Acres
Langley,Week1,Rolling Valley,Week3,342.0 Langley - 60.0 Rolling Valley
Lakeview,Week5,Mount Vernon Park,Week4,342.0 Mount Vernon Park - 51.0 Lakeview
Lakeview,Week5,Mount Vernon Park,Week5,346.0 Mount Vernon Park - 47.0 Lakeview
Lakeview,Week4,Riverside Gardens,Week3,334.0 Riverside Gardens - 68.0 Lakeview
Langley,Week5,Rolling Hills,Week4,273.0 Langley - 129.0 Rolling Hills
Langley,Week5,Annandale,Week3,304.0 Langley - 98.0 Annandale
Lakeview,Week5,Riverside Gardens,Week1,313.0 Riverside Gardens - 80.0 Lakeview
Langley,Week2,Hayfield Farm,Week5,265.0 Langley - 137.0 Hayfield Farm
Langley,Week1,Rolling Valley,Week4,343.0 Langley - 59.0 Rolling Valley
Langley,Week5,Annandale,Week5,307.0 Langley - 95.0 Annandale
Lakeview,Week1,Newington Forest,Week3,222.0 Newington Forest - 180.0 Lakeview
Langley,Week1,Rolling Valley,Week2,334.5 Langley - 67.5 Rolling Valley
Langley,Week3,Hayfield Farm,Week2,261.5 Langley - 140.5 Hayfield Farm
Lakeview,Week1,Newington Forest,Week1,206.0 Newington Forest - 195.0 Lakeview
Langley,Week2,Hayfield Farm,Week4,248.0 Langley - 154.0 Hayfield Farm
Lakeview,Week5,Riverside Gardens,Week3,326.0 Riverside Gardens - 67.0 Lakeview
Langley,Week2,Hunt Valley,Week1,203.0 Hunt Valley - 199.0 Langley
Lakeview,Week3,Newington Forest,Week5,229.0 Newington Forest - 173.0 Lakeview
Langley,Week1,Rolling Valley,Week1,366.0 Langley - 36.0 Rolling Valley
Langley,Week1,Hunt Valley,Week4,204.0 Hunt Valley - 198.0 Langley
Lakeview,Week1,Rolling Forest,Week5,297.0 Rolling Forest - 105.0 Lakeview
Lakeview,Week5,Newington Forest,Week4,215.0 Newington Forest - 178.0 Lakeview
Langley,Week1,Arlington Forest,Week1,263.0 Langley - 139.0 Arlington Forest
Lakeview,Week4,Riverside Gardens,Week2,294.0 Riverside Gardens - 108.0 Lakeview
Langley,Week1,Rutherford,Week1,325.5 Langley - 76.5 Rutherford
Langley,Week2,Hunt Valley,Week2,204.0 Langley - 198.0 Hunt Valley
Langley,Week3,Hayfield Farm,Week1,269.0 Langley - 133.0 Hayfield Farm
Langley,Week4,Annandale,Week5,315.0 Langley - 87.0 Annandale
Langley,Week2,Hunt Valley,Week3,215.5 Hunt Valley - 186.5 Langley
Lakeview,Week3,Rolling Forest,Week2,255.0 Rolling Forest - 147.0 Lakeview
Lakeview,Week1,North Springfield,Week2,201.0 Lakeview - 185.0 North Springfield
Langley,Week2,Rolling Valley,Week3,326.0 Langley - 76.0 Rolling Valley
Lakeview,Week3,Rolling Forest,Week5,269.0 Rolling Forest - 133.0 Lakeview
Langley,Week1,Rutherford,Week5,321.0 Langley - 81.0 Rutherford
Langley,Week3,Hunt Valley,Week5,224.5 Hunt Valley - 177.5 Langley
Lakeview,Week2,North Springfield,Week3,220.0 Lakeview - 176.0 North Springfield
Langley,Week3,Hayfield Farm,Week4,263.5 Langley - 138.5 Hayfield Farm
Langley,Week1,Arlington Forest,Week5,232.0 Langley - 170.0 Arlington Forest
Lakeview,Week4,Rolling Forest,Week2,233.0 Rolling Forest - 169.0 Lakeview
Langley,Week5,Annandale,Week1,317.0 Langley - 85.0 Annandale
Langley,Week4,Rolling Valley,Week3,336.0 Langley - 66.0 Rolling Valley
Lakeview,Week3,Rolling Forest,Week4,265.0 Rolling Forest - 137.0 Lakeview
Langley,Week2,Hunt Valley,Week5,224.0 Hunt Valley - 178.0 Langley
Langley,Week2,Arlington Forest,Week1,254.5 Langley - 147.5 Arlington Forest
Langley,Week3,Hunt Valley,Week1,206.0 Hunt Valley - 196.0 Langley
Lakeview,Week2,Newington Forest,Week2,207.0 Newington Forest - 194.0 Lakeview
Langley,Week3,Annandale,Week4,329.0 Langley - 73.0 Annandale
Langley,Week3,Hayfield Farm,Week5,281.0 Langley - 121.0 Hayfield Farm
Lakeview,Week2,Newington Forest,Week4,246.0 Newington Forest - 156.0 Lakeview
Langley,Week5,Rolling Valley,Week4,324.0 Langley - 78.0 Rolling Valley
Lakeview,Week4,Rolling Forest,Week3,257.0 Rolling Forest - 145.0 Lakeview
Langley,Week4,Hayfield Farm,Week2,287.0 Langley - 115.0 Hayfield Farm
Langley,Week5,Hayfield Farm,Week1,257.0 Langley - 145.0 Hayfield Farm
Langley,Week1,Arlington Forest,Week2,287.0 Langley - 115.0 Arlington Forest
Langley,Week4,Hunt Valley,Week3,208.0 Hunt Valley - 194.0 Langley
Lakeview,Week2,North Springfield,Week2,220.0 Lakeview - 167.0 North Springfield
Langley,Week2,Rolling Valley,Week2,325.0 Langley - 77.0 Rolling Valley
Langley,Week2,Rutherford,Week4,298.0 Langley - 104.0 Rutherford
Langley,Week4,Hunt Valley,Week4,205.0 Hunt Valley - 197.0 Langley
Langley,Week1,Herndon,Week4,353.0 Langley - 49.0 Herndon
Lakeview,Week5,Newington Forest,Week2,213.0 Lakeview - 179.0 Newington Forest
Langley,Week2,Arlington Forest,Week3,280.0 Langley - 122.0 Arlington Forest
Lakeview,Week1,North Springfield,Week5,194.0 North Springfield - 180.0 Lakeview
Langley,Week5,Hunt Valley,Week3,215.0 Hunt Valley - 187.0 Langley
Lakeview,Week4,Rolling Forest,Week5,270.0 Rolling Forest - 132.0 Lakeview
Langley,Week5,Hayfield Farm,Week5,267.0 Langley - 135.0 Hayfield Farm
Langley,Week2,Hunter Mill,Week1,232.0 Langley - 170.0 Hunter Mill
Langley,Week2,Herndon,Week2,339.0 Langley - 63.0 Herndon
Lakeview,Week2,Newington Forest,Week3,215.0 Newington Forest - 187.0 Lakeview
Langley,Week3,Rutherford,Week1,326.0 Langley - 76.0 Rutherford
Lakeview,Week5,Rolling Forest,Week2,232.0 Rolling Forest - 161.0 Lakeview
Lakeview,Week5,Rolling Forest,Week4,245.0 Rolling Forest - 148.0 Lakeview
Langley,Week1,Arlington Forest,Week4,242.5 Langley - 159.5 Arlington Forest
Langley,Week3,Rolling Valley,Week5,332.0 Langley - 70.0 Rolling Valley
Lakeview,Week1,Rolling Forest,Week3,295.0 Rolling Forest - 107.0 Lakeview
Lakeview,Week1,Newington Forest,Week5,247.0 Newington Forest - 155.0 Lakeview
Langley,Week5,Annandale,Week4,318.0 Langley - 83.0 Annandale
Lakeview,Week3,Newington Forest,Week4,219.0 Newington Forest - 183.0 Lakeview
Langley,Week2,Arlington Forest,Week2,266.0 Langley - 136.0 Arlington Forest
Langley,Week1,Arlington Forest,Week3,286.5 Langley - 115.5 Arlington Forest
Langley,Week4,Annandale,Week4,342.0 Langley - 60.0 Annandale
Langley,Week1,Hunter Mill,Week4,206.0 Langley - 196.0 Hunter Mill
Lakeview,Week3,Rolling Forest,Week1,253.0 Rolling Forest - 149.0 Lakeview
Lakeview,Week5,Rolling Forest,Week5,273.0 Rolling Forest - 120.0 Lakeview
Langley,Week2,Hunter Mill,Week5,204.0 Langley - 198.0 Hunter Mill
Langley,Week5,Hunt Valley,Week5,223.0 Hunt Valley - 179.0 Langley
Langley,Week2,Rutherford,Week3,298.0 Langley - 104.0 Rutherford
Langley,Week2,Rolling Valley,Week4,330.0 Langley - 72.0 Rolling Valley
Lakeview,Week4,Newington Forest,Week2,226.0 Lakeview - 175.0 Newington Forest
Langley,Week2,Herndon,Week5,348.0 Langley - 54.0 Herndon
Langley,Week3,Herndon,Week3,354.0 Langley - 48.0 Herndon
Langley,Week5,Hayfield Farm,Week2,256.0 Langley - 146.0 Hayfield Farm
Langley,Week4,Herndon,Week5,360.0 Langley - 42.0 Herndon
Langley,Week4,Rolling Valley,Week1,362.0 Langley - 40.0 Rolling Valley
Lakeview,Week5,Newington Forest,Week5,220.0 Newington Forest - 168.0 Lakeview
Langley,Week1,Hunter Mill,Week3,231.0 Langley - 171.0 Hunter Mill
Langley,Week5,Rolling Valley,Week3,327.0 Langley - 75.0 Rolling Valley
Lakeview,Week5,Rolling Forest,Week3,261.0 Rolling Forest - 132.0 Lakeview
Langley,Week1,Annandale,Week5,323.0 Langley - 79.0 Annandale
Langley,Week3,Rolling Valley,Week4,327.0 Langley - 75.0 Rolling Valley
Langley,Week3,Hunt Valley,Week3,225.5 Hunt Valley - 176.5 Langley
Langley,Week3,Herndon,Week4,351.0 Langley - 51.0 Herndon
Langley,Week2,Annandale,Week2,294.0 Langley - 108.0 Annandale
Langley,Week3,Hunt Valley,Week4,211.0 Hunt Valley - 191.0 Langley
Lakeview,Week4,Newington Forest,Week5,207.0 Newington Forest - 190.0 Lakeview
Lakeview,Week2,Newington Forest,Week5,244.0 Newington Forest - 158.0 Lakeview
Langley,Week1,Herndon,Week3,350.0 Langley - 52.0 Herndon
Langley,Week5,Rolling Valley,Week1,350.0 Langley - 52.0 Rolling Valley
Langley,Week5,Hayfield Farm,Week3,233.0 Langley - 169.0 Hayfield Farm
Lakeview,Week5,Newington Forest,Week1,200.0 Lakeview - 193.0 Newington Forest
Lakeview,Week3,Newington Forest,Week1,203.0 Lakeview - 198.0 Newington Forest
Lakeview,Week4,Rolling Forest,Week4,248.0 Rolling Forest - 154.0 Lakeview
Langley,Week5,Hunt Valley,Week1,201.0 Langley - 196.0 Hunt Valley
Langley,Week5,Rolling Valley,Week5,323.0 Langley - 79.0 Rolling Valley
Langley,Week2,Annandale,Week1,307.0 Langley - 95.0 Annandale
Langley,Week2,Annandale,Week4,322.0 Langley - 80.0 Annandale
Lakeview,Week2,Rolling Forest,Week4,286.0 Rolling Forest - 116.0 Lakeview
Langley,Week2,Rolling Valley,Week5,333.0 Langley - 69.0 Rolling Valley
Langley,Week1,Herndon,Week1,342.0 Langley - 60.0 Herndon
Lakeview,Week1,Rolling Hills,Week1,273.0 Rolling Hills - 129.0 Lakeview
Lakeview,Week4,Rolling Forest,Week1,242.0 Rolling Forest - 155.0 Lakeview
Langley,Week3,Herndon,Week1,349.0 Langley - 53.0 Herndon
Langley,Week1,Hunter Mill,Week1,231.0 Langley - 171.0 Hunter Mill
Langley,Week5,Hayfield Farm,Week4,248.0 Langley - 154.0 Hayfield Farm
Lakeview,Week2,Rolling Forest,Week3,293.0 Rolling Forest - 109.0 Lakeview
Langley,Week1,Rutherford,Week3,306.0 Langley - 96.0 Rutherford
Langley,Week4,Hunt Valley,Week1,202.0 Hunt Valley - 200.0 Langley
Lakeview,Week1,North Springfield,Week1,228.0 Lakeview - 122.0 North Springfield
Langley,Week3,Annandale,Week1,319.0 Langley - 83.0 Annandale
Langley,Week4,Annandale,Week1,326.0 Langley - 76.0 Annandale
Lakeview,Week2,Newington Forest,Week1,210.0 Newington Forest - 191.0 Lakeview
Langley,Week1,Hunter Mill,Week2,226.5 Langley - 175.5 Hunter Mill
Lakeview,Week5,Newington Forest,Week3,205.0 Lakeview - 188.0 Newington Forest
Langley,Week3,Herndon,Week2,343.0 Langley - 59.0 Herndon
Langley,Week5,Hunt Valley,Week2,206.0 Langley - 196.0 Hunt Valley
Langley,Week3,Herndon,Week5,359.0 Langley - 43.0 Herndon
Langley,Week4,Hunt Valley,Week5,221.0 Hunt Valley - 181.0 Langley
Lakeview,Week4,Newington Forest,Week1,215.0 Lakeview - 187.0 Newington Forest
Langley,Week3,Annandale,Week3,305.0 Langley - 97.0 Annandale
Langley,Week3,Annandale,Week5,320.0 Langley - 82.0 Annandale
Lakeview,Week5,Riverside Gardens,Week5,331.0 Riverside Gardens - 62.0 Lakeview
Lakeview,Week3,Hollin Hills,Week3,228.0 Lakeview - 174.0 Hollin Hills
Langley,Week2,Annandale,Week3,294.0 Langley - 108.0 Annandale
Lakeview,Week2,North Springfield,Week1,245.0 Lakeview - 105.0 North Springfield
Langley,Week1,Rutherford,Week4,311.5 Langley - 90.5 Rutherford
Langley,Week4,Rolling Valley,Week5,330.0 Langley - 72.0 Rolling Valley
Lakeview,Week3,Highlands Swim,Week5,358.0 Highlands Swim - 44.0 Lakeview
Langley,Week1,Annandale,Week3,317.0 Langley - 85.0 Annandale
Lakeview,Week1,Hollin Hills,Week2,205.0 Lakeview - 195.0 Hollin Hills
Langley,Week4,Hayfield Farm,Week3,256.0 Langley - 146.0 Hayfield Farm
Langley,Week2,Hunter Mill,Week4,204.0 Langley - 198.0 Hunter Mill
Langley,Week3,Rolling Valley,Week3,335.0 Langley - 67.0 Rolling Valley
Lakeview,Week4,Hollin Hills,Week2,241.0 Lakeview - 160.0 Hollin Hills
Langley,Week4,Rolling Valley,Week2,336.0 Langley - 66.0 Rolling Valley
Langley,Week2,Rutherford,Week1,314.0 Langley - 88.0 Rutherford
Lakeview,Week2,Rolling Forest,Week5,293.0 Rolling Forest - 109.0 Lakeview
Lakeview,Week5,Rolling Forest,Week1,247.0 Rolling Forest - 141.0 Lakeview
Langley,Week5,Hunt Valley,Week4,210.0 Hunt Valley - 192.0 Langley
Langley,Week4,Hayfield Farm,Week4,269.0 Langley - 133.0 Hayfield Farm
Lakeview,Week2,Rolling Forest,Week2,266.0 Rolling Forest - 136.0 Lakeview
Langley,Week1,Rutherford,Week2,325.0 Langley - 77.0 Rutherford
Lakeview,Week3,Newington Forest,Week3,206.0 Lakeview - 196.0 Newington Forest
Langley,Week1,Herndon,Week5,357.0 Langley - 45.0 Herndon
Langley,Week3,Hiddenbrook,Week5,273.0 Langley - 129.0 Hiddenbrook
Lakeview,Week1,Rolling Forest,Week1,285.0 Rolling Forest - 117.0 Lakeview
Langley,Week4,Herndon,Week1,344.0 Langley - 58.0 Herndon
Lakeview,Week2,Rolling Forest,Week1,281.0 Rolling Forest - 121.0 Lakeview
Lakeview,Week4,Rolling Hills,Week2,242.0 Rolling Hills - 160.0 Lakeview
Lakeview,Week1,Hollin Hills,Week1,213.0 Lakeview - 188.0 Hollin Hills
Langley,Week3,Rolling Valley,Week2,331.0 Langley - 71.0 Rolling Valley
Langley,Week2,Brandywine,Week5,216.0 Langley - 186.0 Brandywine
Lakeview,Week4,Newington Forest,Week4,206.0 Newington Forest - 196.0 Lakeview
Langley,Week4,Herndon,Week2,350.0 Langley - 52.0 Herndon
Lakeview,Week1,North Springfield,Week3,198.0 North Springfield - 197.0 Lakeview
Lakeview,Week3,Rolling Forest,Week3,267.0 Rolling Forest - 135.0 Lakeview
Langley,Week2,Hunter Mill,Week2,222.0 Langley - 180.0 Hunter Mill
Langley,Week4,Rolling Valley,Week4,330.0 Langley - 72.0 Rolling Valley
Lakeview,Week1,Rolling Forest,Week4,286.0 Rolling Forest - 116.0 Lakeview
Langley,Week4,Hunter Mill,Week3,221.0 Langley - 181.0 Hunter Mill
Langley,Week1,Hunter Mill,Week5,212.0 Langley - 190.0 Hunter Mill
Langley,Week2,Hunter Mill,Week3,232.0 Langley - 170.0 Hunter Mill
Lakeview,Week3,Newington Forest,Week2,212.0 Lakeview - 188.0 Newington Forest
Lakeview,Week1,Rolling Forest,Week2,265.0 Rolling Forest - 137.0 Lakeview
Langley,Week3,Hiddenbrook,Week3,289.0 Langley - 113.0 Hiddenbrook
Lakeview,Week3,Hollin Hills,Week1,229.0 Lakeview - 173.0 Hollin Hills
Langley,Week4,Hunt Valley,Week2,210.0 Langley - 192.0 Hunt Valley
Lakeview,Week1,Hollin Hills,Week4,203.0 Lakeview - 198.0 Hollin Hills
Langley,Week5,Rolling Valley,Week2,319.0 Langley - 83.0 Rolling Valley
Langley,Week5,Arlington Forest,Week2,255.0 Langley - 147.0 Arlington Forest
Langley,Week2,Arlington Forest,Week5,212.0 Langley - 190.0 Arlington Forest
Langley,Week3,Rolling Valley,Week1,360.0 Langley - 42.0 Rolling Valley
Lakeview,Week5,Highlands Swim,Week4,363.0 Highlands Swim - 30.0 Lakeview
Langley,Week5,Annandale,Week2,308.0 Langley - 94.0 Annandale
Lakeview,Week1,North Springfield,Week4,232.0 Lakeview - 160.0 North Springfield
Langley,Week1,Brandywine,Week2,263.5 Langley - 138.5 Brandywine
Lakeview,Week5,Highlands Swim,Week5,361.0 Highlands Swim - 32.0 Lakeview
Lakeview,Week4,Newington Forest,Week3,216.0 Lakeview - 186.0 Newington Forest
Langley,Week5,Arlington Forest,Week5,225.0 Langley - 177.0 Arlington Forest
Langley,Week3,Ilda Community,Week4,297.0 Langley - 105.0 Ilda Community
Langley,Week2,Herndon,Week1,341.0 Langley - 61.0 Herndon
Langley,Week4,Hunter Mill,Week1,224.5 Langley - 177.5 Hunter Mill
Lakeview,Week1,Rolling Hills,Week2,269.0 Rolling Hills - 133.0 Lakeview
Lakeview,Week4,Highlands Swim,Week1,354.0 Highlands Swim - 48.0 Lakeview
Lakeview,Week5,Rolling Hills,Week4,247.0 Rolling Hills - 145.0 Lakeview
Langley,Week2,Brandywine,Week2,254.0 Langley - 148.0 Brandywine
Lakeview,Week4,Highlands Swim,Week3,358.5 Highlands Swim - 43.5 Lakeview
Lakeview,Week5,Highlands Swim,Week1,344.0 Highlands Swim - 49.0 Lakeview
Lakeview,Week3,Highlands Swim,Week4,356.0 Highlands Swim - 46.0 Lakeview
Lakeview,Week2,North Springfield,Week4,236.0 Lakeview - 156.0 North Springfield
Langley,Week2,Arlington Forest,Week4,242.0 Langley - 160.0 Arlington Forest
Langley,Week1,Herndon,Week2,349.5 Langley - 52.5 Herndon
Lakeview,Week2,North Springfield,Week5,188.0 North Springfield - 186.0 Lakeview
Langley,Week1,Ilda Community,Week1,320.0 Langley - 82.0 Ilda Community
Lakeview,Week3,North Springfield,Week2,220.0 Lakeview - 167.0 North Springfield
Langley,Week4,Arlington Forest,Week5,227.0 Langley - 175.0 Arlington Forest
Lakeview,Week3,Rolling Hills,Week4,250.0 Rolling Hills - 151.0 Lakeview
Langley,Week2,Rutherford,Week5,291.0 Langley - 111.0 Rutherford
Langley,Week3,Rutherford,Week5,308.0 Langley - 94.0 Rutherford
Langley,Week4,Hayfield Farm,Week1,274.0 Langley - 128.0 Hayfield Farm
Lakeview,Week5,Rolling Hills,Week1,250.0 Rolling Hills - 143.0 Lakeview
Lakeview,Week2,Hollin Hills,Week4,211.0 Lakeview - 189.0 Hollin Hills
Langley,Week1,Brandywine,Week5,224.0 Langley - 178.0 Brandywine
Langley,Week2,Ilda Community,Week2,305.0 Langley - 97.0 Ilda Community
Lakeview,Week1,Oakton ,Week1,351.0 Oakton - 51.0 Lakeview
Langley,Week3,Ilda Community,Week1,304.0 Langley - 98.0 Ilda Community
Langley,Week4,Hayfield Farm,Week5,286.0 Langley - 116.0 Hayfield Farm
Langley,Week2,Rutherford,Week2,303.0 Langley - 99.0 Rutherford
Langley,Week3,Rutherford,Week3,301.0 Langley - 101.0 Rutherford
Langley,Week2,Herndon,Week4,342.0 Langley - 60.0 Herndon
Langley,Week3,Ilda Community,Week2,312.0 Langley - 90.0 Ilda Community
Langley,Week2,Brandywine,Week3,235.0 Langley - 166.0 Brandywine
Langley,Week2,Herndon,Week3,345.0 Langley - 57.0 Herndon
Lakeview,Week4,North Springfield,Week4,257.0 Lakeview - 135.0 North Springfield
Lakeview,Week1,Hollin Hills,Week5,207.0 Hollin Hills - 195.0 Lakeview
Langley,Week4,Herndon,Week4,352.5 Langley - 49.5 Herndon
Lakeview,Week3,North Springfield,Week3,222.0 Lakeview - 174.0 North Springfield
Lakeview,Week5,Rolling Hills,Week5,249.0 Rolling Hills - 144.0 Lakeview
Langley,Week2,Shouse Village,Week1,257.0 Langley - 145.0 Shouse Village
Langley,Week4,Herndon,Week3,356.0 Langley - 46.0 Herndon
Lakeview,Week5,Rolling Hills,Week3,250.0 Rolling Hills - 142.0 Lakeview
Lakeview,Week2,Hollin Hills,Week1,217.0 Lakeview - 183.0 Hollin Hills
Langley,Week4,Ilda Community,Week5,312.0 Langley - 90.0 Ilda Community
Lakeview,Week4,North Springfield,Week1,253.0 Lakeview - 97.0 North Springfield
Langley,Week4,Hunter Mill,Week2,228.5 Langley - 173.5 Hunter Mill
Lakeview,Week4,Highlands Swim,Week5,357.0 Highlands Swim - 45.0 Lakeview
Langley,Week4,Arlington Forest,Week2,283.0 Langley - 119.0 Arlington Forest
Langley,Week2,Shouse Village,Week3,262.0 Langley - 140.0 Shouse Village
Langley,Week2,Ilda Community,Week3,312.0 Langley - 90.0 Ilda Community
Lakeview,Week4,North Springfield,Week5,209.0 Lakeview - 163.0 North Springfield
Langley,Week3,Shouse Village,Week2,276.0 Langley - 126.0 Shouse Village
Langley,Week3,Shouse Village,Week5,239.0 Langley - 163.0 Shouse Village
Langley,Week5,Herndon,Week2,331.0 Langley - 71.0 Herndon
Lakeview,Week2,Rolling Valley,Week1,226.0 Lakeview - 176.0 Rolling Valley
Lakeview,Week1,Rolling Hills,Week4,272.0 Rolling Hills - 129.0 Lakeview
Langley,Week1,Brandywine,Week1,278.0 Langley - 124.0 Brandywine
Lakeview,Week5,North Springfield,Week3,224.0 Lakeview - 162.0 North Springfield
Lakeview,Week1,Rolling Valley,Week5,223.0 Rolling Valley - 179.0 Lakeview
Langley,Week4,Shouse Village,Week3,278.0 Langley - 124.0 Shouse Village
Langley,Week1,Brandywine,Week3,236.0 Langley - 165.0 Brandywine
Lakeview,Week5,Highlands Swim,Week2,358.0 Highlands Swim - 35.0 Lakeview
Lakeview,Week4,Highlands Swim,Week2,361.0 Highlands Swim - 41.0 Lakeview
Lakeview,Week5,North Springfield,Week5,195.0 Lakeview - 169.0 North Springfield
Lakeview,Week3,Rolling Valley,Week2,219.0 Lakeview - 183.0 Rolling Valley
Langley,Week5,Herndon,Week5,347.0 Langley - 55.0 Herndon
Langley,Week5,Arlington Forest,Week1,259.0 Langley - 143.0 Arlington Forest
Langley,Week3,Arlington Forest,Week5,222.0 Langley - 180.0 Arlington Forest
Langley,Week1,Brandywine,Week4,252.0 Langley - 150.0 Brandywine
Langley,Week2,Hiddenbrook,Week1,284.0 Langley - 118.0 Hiddenbrook
Langley,Week3,Hunter Mill,Week5,204.0 Langley - 198.0 Hunter Mill
Lakeview,Week5,Highlands Swim,Week3,357.5 Highlands Swim - 35.5 Lakeview
Langley,Week1,Hiddenbrook,Week3,304.0 Langley - 98.0 Hiddenbrook
Langley,Week4,Rutherford,Week1,332.0 Langley - 70.0 Rutherford
Lakeview,Week2,Oakton ,Week1,360.0 Oakton - 42.0 Lakeview
Langley,Week3,Hunter Mill,Week1,228.0 Langley - 174.0 Hunter Mill
Langley,Week5,Herndon,Week1,345.0 Langley - 57.0 Herndon
Lakeview,Week4,Highlands Swim,Week4,355.0 Highlands Swim - 47.0 Lakeview
Lakeview,Week2,Hollin Hills,Week2,215.0 Lakeview - 181.0 Hollin Hills
Langley,Week3,Arlington Forest,Week2,266.0 Langley - 136.0 Arlington Forest
Langley,Week4,Hunter Mill,Week4,214.0 Langley - 188.0 Hunter Mill
Langley,Week5,Rutherford,Week4,299.0 Langley - 103.0 Rutherford
Lakeview,Week5,North Springfield,Week1,250.5 Lakeview - 91.5 North Springfield
Langley,Week1,Hiddenbrook,Week5,281.0 Langley - 121.0 Hiddenbrook
Lakeview,Week2,Rolling Hills,Week3,256.0 Rolling Hills - 145.0 Lakeview
Langley,Week5,Herndon,Week3,342.0 Langley - 60.0 Herndon
Lakeview,Week2,Hollin Hills,Week3,206.0 Lakeview - 195.0 Hollin Hills
Lakeview,Week1,Oakton ,Week3,345.0 Oakton - 57.0 Lakeview
Langley,Week4,Shouse Village,Week1,292.0 Langley - 110.0 Shouse Village
Langley,Week2,Shouse Village,Week2,272.0 Langley - 130.0 Shouse Village
Langley,Week5,Ilda Community,Week2,310.5 Langley - 91.5 Ilda Community
Lakeview,Week3,Rolling Valley,Week4,202.0 Lakeview - 200.0 Rolling Valley
Langley,Week5,Shouse Village,Week1,255.5 Langley - 146.5 Shouse Village
Lakeview,Week2,Rolling Hills,Week2,277.0 Rolling Hills - 125.0 Lakeview
Langley,Week1,Ilda Community,Week2,319.0 Langley - 83.0 Ilda Community
Lakeview,Week3,Hollin Hills,Week2,228.0 Lakeview - 173.0 Hollin Hills
Lakeview,Week2,Oakton ,Week2,364.0 Oakton - 38.0 Lakeview
Langley,Week4,Arlington Forest,Week1,277.0 Langley - 125.0 Arlington Forest
Lakeview,Week2,Rolling Hills,Week1,276.0 Rolling Hills - 126.0 Lakeview
Lakeview,Week2,Hollin Hills,Week5,204.0 Hollin Hills - 194.0 Lakeview
Langley,Week3,Hunter Mill,Week4,206.0 Hunter Mill - 196.0 Langley
Langley,Week3,Arlington Forest,Week1,267.0 Langley - 135.0 Arlington Forest
Langley,Week1,Hiddenbrook,Week2,325.0 Langley - 77.0 Hiddenbrook
Lakeview,Week3,North Springfield,Week1,249.0 Lakeview - 101.0 North Springfield
Langley,Week2,Brandywine,Week1,262.0 Langley - 140.0 Brandywine
Langley,Week4,Rutherford,Week5,311.0 Langley - 91.0 Rutherford
Lakeview,Week3,Rolling Hills,Week3,247.0 Rolling Hills - 155.0 Lakeview
Lakeview,Week2,Rolling Hills,Week4,270.0 Rolling Hills - 130.0 Lakeview
Lakeview,Week1,Oakton ,Week2,357.0 Oakton - 45.0 Lakeview
Langley,Week4,Arlington Forest,Week3,298.0 Langley - 104.0 Arlington Forest
Lakeview,Week3,Rolling Hills,Week5,250.0 Rolling Hills - 152.0 Lakeview
Langley,Week5,Hunter Mill,Week5,205.0 Langley - 197.0 Hunter Mill
Langley,Week5,Hunter Mill,Week2,233.0 Langley - 169.0 Hunter Mill
Langley,Week5,Rutherford,Week2,309.0 Langley - 93.0 Rutherford
Langley,Week3,Rutherford,Week4,307.0 Langley - 95.0 Rutherford
Lakeview,Week1,Oakton ,Week4,356.5 Oakton - 45.5 Lakeview
Langley,Week4,Rutherford,Week2,318.0 Langley - 84.0 Rutherford
Langley,Week4,Hunter Mill,Week5,202.0 Langley - 200.0 Hunter Mill
Langley,Week5,Hunter Mill,Week1,218.0 Langley - 184.0 Hunter Mill
Lakeview,Week3,Hollin Hills,Week5,205.0 Lakeview - 197.0 Hollin Hills
Lakeview,Week1,Hollin Hills,Week3,209.0 Lakeview - 192.0 Hollin Hills
Langley,Week3,Hiddenbrook,Week1,296.0 Langley - 106.0 Hiddenbrook
Langley,Week2,Hiddenbrook,Week2,316.0 Langley - 85.0 Hiddenbrook
Lakeview,Week1,Rolling Valley,Week2,221.0 Rolling Valley - 181.0 Lakeview
Lakeview,Week3,Rolling Hills,Week2,255.0 Rolling Hills - 147.0 Lakeview
Lakeview,Week3,Hollin Hills,Week4,230.0 Lakeview - 171.0 Hollin Hills
Langley,Week3,Rutherford,Week2,308.0 Langley - 94.0 Rutherford
Langley,Week1,Bren Mar-Edsall Park,Week4,378.0 Langley - 24.0 Bren Mar-Edsall Park
Langley,Week2,Hiddenbrook,Week5,273.0 Langley - 129.0 Hiddenbrook
Langley,Week5,Arlington Forest,Week3,266.0 Langley - 136.0 Arlington Forest
Lakeview,Week2,Oakton ,Week3,358.0 Oakton - 44.0 Lakeview
Langley,Week2,Brandywine,Week4,240.0 Langley - 162.0 Brandywine
Lakeview,Week2,Hollin Meadows,Week2,308.0 Hollin Meadows - 94.0 Lakeview
Langley,Week1,Shouse Village,Week4,261.0 Langley - 141.0 Shouse Village
Lakeview,Week4,Hollin Hills,Week4,241.0 Lakeview - 161.0 Hollin Hills
Lakeview,Week2,Rolling Valley,Week3,201.0 Lakeview - 201.0 Rolling Valley
Langley,Week2,Hiddenbrook,Week3,286.0 Langley - 116.0 Hiddenbrook
Langley,Week5,Herndon,Week4,343.0 Langley - 59.0 Herndon
Langley,Week3,Arlington Forest,Week4,239.0 Langley - 163.0 Arlington Forest
Langley,Week2,Hiddenbrook,Week4,284.0 Langley - 118.0 Hiddenbrook
Langley,Week5,Rutherford,Week1,310.0 Langley - 92.0 Rutherford
Lakeview,Week3,Hollin Meadows,Week3,290.0 Hollin Meadows - 112.0 Lakeview
Lakeview,Week4,Hollin Hills,Week1,241.0 Lakeview - 161.0 Hollin Hills
Langley,Week4,Arlington Forest,Week4,240.0 Langley - 162.0 Arlington Forest
Lakeview,Week2,Hollin Meadows,Week3,317.0 Hollin Meadows - 85.0 Lakeview
Lakeview,Week4,North Springfield,Week2,232.0 Lakeview - 155.0 North Springfield
Langley,Week5,Hunter Mill,Week3,226.0 Langley - 176.0 Hunter Mill
Lakeview,Week1,Oakton ,Week5,354.0 Oakton - 48.0 Lakeview
Langley,Week1,Hiddenbrook,Week1,295.0 Langley - 107.0 Hiddenbrook
Langley,Week3,Hunter Mill,Week3,228.0 Langley - 174.0 Hunter Mill
Lakeview,Week1,Rolling Hills,Week5,269.0 Rolling Hills - 133.0 Lakeview
Langley,Week1,Shouse Village,Week1,267.0 Langley - 135.0 Shouse Village
Langley,Week1,Hiddenbrook,Week4,287.0 Langley - 115.0 Hiddenbrook
Langley,Week5,Rutherford,Week3,292.0 Langley - 110.0 Rutherford
Lakeview,Week4,North Springfield,Week3,244.5 Lakeview - 152.5 North Springfield
Langley,Week3,Hunter Mill,Week2,230.0 Langley - 172.0 Hunter Mill
Lakeview,Week3,North Springfield,Week4,250.0 Lakeview - 141.0 North Springfield
Lakeview,Week3,North Springfield,Week5,196.0 Lakeview - 176.0 North Springfield
Lakeview,Week2,Rolling Valley,Week2,205.0 Rolling Valley - 197.0 Lakeview
Langley,Week5,Arlington Forest,Week4,232.0 Langley - 170.0 Arlington Forest
Langley,Week5,Hunter Mill,Week4,203.0 Langley - 199.0 Hunter Mill
Lakeview,Week1,Rolling Hills,Week3,264.0 Rolling Hills - 138.0 Lakeview
Lakeview,Week1,Greenbriar,Week1,309.0 Greenbriar - 93.0 Lakeview
Langley,Week1,Shouse Village,Week5,240.0 Langley - 162.0 Shouse Village
Langley,Week3,Brandywine,Week1,267.0 Langley - 135.0 Brandywine
Lakeview,Week5,North Springfield,Week4,244.0 Lakeview - 138.0 North Springfield
Lakeview,Week5,North Springfield,Week2,219.0 Lakeview - 159.0 North Springfield
Lakeview,Week4,Hollin Hills,Week3,239.0 Lakeview - 163.0 Hollin Hills
Lakeview,Week3,Great Falls,Week3,295.0 Great Falls - 107.0 Lakeview
Langley,Week4,Brandywine,Week1,280.0 Langley - 122.0 Brandywine
Langley,Week1,Ilda Community,Week4,306.0 Langley - 96.0 Ilda Community
Lakeview,Week3,Rolling Hills,Week1,260.0 Rolling Hills - 142.0 Lakeview
Lakeview,Week2,Rolling Hills,Week5,268.0 Rolling Hills - 134.0 Lakeview
Langley,Week3,Hiddenbrook,Week2,326.0 Langley - 75.0 Hiddenbrook
Langley,Week1,Ilda Community,Week3,318.0 Langley - 84.0 Ilda Community
Lakeview,Week4,Rolling Hills,Week3,232.0 Rolling Hills - 170.0 Lakeview
Lakeview,Week4,Daventry,Week3,260.0 Lakeview - 141.0 Daventry
Lakeview,Week3,Burke Station,Week5,221.0 Burke Station - 181.0 Lakeview
Lakeview,Week5,Great Falls,Week1,265.0 Great Falls - 126.0 Lakeview
Langley,Week3,Brandywine,Week5,218.0 Langley - 184.0 Brandywine
Langley,Week4,Rutherford,Week3,310.0 Langley - 92.0 Rutherford
Langley,Week4,Hiddenbrook,Week1,294.0 Langley - 108.0 Hiddenbrook
Langley,Week3,Brandywine,Week4,243.0 Langley - 159.0 Brandywine
Langley,Week2,Ilda Community,Week1,307.0 Langley - 95.0 Ilda Community
Langley,Week2,Shouse Village,Week4,242.0 Langley - 160.0 Shouse Village
Langley,Week1,Ilda Community,Week5,317.0 Langley - 85.0 Ilda Community
Langley,Week3,Arlington Forest,Week3,290.0 Langley - 112.0 Arlington Forest
Lakeview,Week5,Hollin Meadows,Week3,284.0 Hollin Meadows - 109.0 Lakeview
Langley,Week5,Rutherford,Week5,300.0 Langley - 102.0 Rutherford
Lakeview,Week4,Rolling Hills,Week1,234.0 Rolling Hills - 168.0 Lakeview
Lakeview,Week4,Great Falls,Week3,284.0 Great Falls - 118.0 Lakeview
Langley,Week1,Shouse Village,Week2,289.0 Langley - 113.0 Shouse Village
Langley,Week3,Hiddenbrook,Week4,284.0 Langley - 118.0 Hiddenbrook
Lakeview,Week2,Hollin Meadows,Week5,335.0 Hollin Meadows - 67.0 Lakeview
Lakeview,Week5,Hollin Meadows,Week5,302.0 Hollin Meadows - 91.0 Lakeview
Langley,Week4,Hiddenbrook,Week4,297.0 Langley - 105.0 Hiddenbrook
Langley,Week2,Ilda Community,Week4,292.0 Langley - 110.0 Ilda Community
Lakeview,Week1,Great Falls,Week1,285.0 Great Falls - 110.0 Lakeview
Lakeview,Week2,Daventry,Week3,227.0 Lakeview - 173.0 Daventry
Langley,Week4,Ilda Community,Week2,320.0 Langley - 82.0 Ilda Community
Langley,Week3,Ilda Community,Week3,315.0 Langley - 87.0 Ilda Community
Lakeview,Week4,Rolling Hills,Week5,224.0 Rolling Hills - 178.0 Lakeview
Lakeview,Week2,Dominion Hills,Week1,305.0 Dominion Hills - 97.0 Lakeview
Langley,Week4,Brandywine,Week5,227.0 Langley - 175.0 Brandywine
Langley,Week2,Ilda Community,Week5,305.0 Langley - 97.0 Ilda Community
Lakeview,Week4,Rolling Hills,Week4,238.0 Rolling Hills - 164.0 Lakeview
Lakeview,Week5,Great Falls,Week3,293.0 Great Falls - 99.0 Lakeview
Langley,Week4,Brandywine,Week3,251.0 Langley - 151.0 Brandywine
Langley,Week4,Hiddenbrook,Week5,285.0 Langley - 117.0 Hiddenbrook
Langley,Week4,Ilda Community,Week1,323.0 Langley - 79.0 Ilda Community
Lakeview,Week5,Hollin Hills,Week2,236.0 Lakeview - 151.0 Hollin Hills
Lakeview,Week2,Daventry,Week2,204.0 Lakeview - 196.0 Daventry
Langley,Week5,Brandywine,Week2,252.0 Langley - 150.0 Brandywine
Lakeview,Week4,Burke Station,Week1,192.0 Lakeview - 187.0 Burke Station
Langley,Week5,Hiddenbrook,Week2,307.0 Langley - 90.0 Hiddenbrook
Lakeview,Week5,Daventry,Week2,226.0 Lakeview - 166.0 Daventry
Langley,Week5,Hiddenbrook,Week1,292.5 Langley - 109.5 Hiddenbrook
Lakeview,Week5,Fox Mill Woods,Week5,318.0 Fox Mill Woods - 75.0 Lakeview
Langley,Week2,Shouse Village,Week5,237.0 Langley - 165.0 Shouse Village
Langley,Week5,Hiddenbrook,Week4,279.0 Langley - 118.0 Hiddenbrook
Lakeview,Week5,Hollin Hills,Week1,233.0 Lakeview - 159.0 Hollin Hills
Lakeview,Week4,Great Falls,Week1,260.0 Great Falls - 141.0 Lakeview
Lakeview,Week1,Hollin Meadows,Week1,315.0 Hollin Meadows - 87.0 Lakeview
Lakeview,Week5,Rolling Hills,Week2,257.0 Rolling Hills - 136.0 Lakeview
Lakeview,Week1,Burke Station,Week3,222.0 Burke Station - 175.0 Lakeview
Lakeview,Week5,Daventry,Week1,226.0 Lakeview - 167.0 Daventry
Lakeview,Week3,Great Falls,Week1,273.0 Great Falls - 128.0 Lakeview
Langley,Week1,Shouse Village,Week3,277.0 Langley - 125.0 Shouse Village
Langley,Week4,Rutherford,Week4,309.0 Langley - 93.0 Rutherford
Lakeview,Week5,Hollin Hills,Week5,201.0 Lakeview - 187.0 Hollin Hills
Lakeview,Week1,Rolling Valley,Week3,217.0 Rolling Valley - 185.0 Lakeview
Lakeview,Week3,Burke Station,Week1,209.0 Burke Station - 169.0 Lakeview
Lakeview,Week3,Burke Station,Week4,206.0 Burke Station - 196.0 Lakeview
Langley,Week5,Brandywine,Week4,234.0 Langley - 168.0 Brandywine
Lakeview,Week2,Daventry,Week4,221.0 Lakeview - 181.0 Daventry
Langley,Week4,Ilda Community,Week4,310.0 Langley - 92.0 Ilda Community
Langley,Week1,High Point Pool,Week1,257.0 Langley - 145.0 High Point Pool
Lakeview,Week2,Great Falls,Week3,317.0 Great Falls - 85.0 Lakeview
Lakeview,Week5,Hollin Hills,Week4,227.0 Lakeview - 163.0 Hollin Hills
Lakeview,Week4,Great Falls,Week2,256.0 Great Falls - 128.0 Lakeview
Langley,Week3,Shouse Village,Week1,265.0 Langley - 137.0 Shouse Village
Langley,Week5,Hiddenbrook,Week5,259.0 Langley - 143.0 Hiddenbrook
Lakeview,Week1,Rolling Valley,Week4,223.0 Rolling Valley - 179.0 Lakeview
Langley,Week5,Brandywine,Week3,231.0 Langley - 167.0 Brandywine
Langley,Week4,Shouse Village,Week2,293.0 Langley - 109.0 Shouse Village
Lakeview,Week4,Great Falls,Week4,260.0 Great Falls - 136.0 Lakeview
Lakeview,Week1,Hollin Meadows,Week3,315.0 Hollin Meadows - 87.0 Lakeview
Lakeview,Week2,Rolling Valley,Week5,214.0 Rolling Valley - 188.0 Lakeview
Lakeview,Week3,Daventry,Week4,229.0 Lakeview - 173.0 Daventry
Lakeview,Week5,Hollin Hills,Week3,231.0 Lakeview - 161.0 Hollin Hills
Lakeview,Week4,Daventry,Week1,233.5 Lakeview - 168.5 Daventry
Langley,Week1,High Point Pool,Week2,224.0 Langley - 178.0 High Point Pool
Lakeview,Week3,Hollin Meadows,Week1,294.0 Hollin Meadows - 108.0 Lakeview
Lakeview,Week1,Rolling Valley,Week1,215.0 Lakeview - 187.0 Rolling Valley
Langley,Week1,Bren Mar-Edsall Park,Week1,382.0 Langley - 20.0 Bren Mar-Edsall Park
Langley,Week3,Shouse Village,Week4,254.0 Langley - 148.0 Shouse Village
Langley,Week3,Ilda Community,Week5,310.0 Langley - 92.0 Ilda Community
Langley,Week3,Shouse Village,Week3,267.0 Langley - 135.0 Shouse Village
Lakeview,Week1,Burke Station,Week2,202.0 Burke Station - 199.0 Lakeview
Langley,Week4,Ilda Community,Week3,323.0 Langley - 79.0 Ilda Community
Lakeview,Week2,Rolling Valley,Week4,215.0 Rolling Valley - 187.0 Lakeview
Langley,Week5,Brandywine,Week5,212.0 Langley - 190.0 Brandywine
Lakeview,Week3,Great Falls,Week2,268.0 Great Falls - 116.0 Lakeview
Lakeview,Week3,Rolling Valley,Week3,215.0 Lakeview - 187.0 Rolling Valley
Langley,Week3,Sideburn Run,Week3,244.0 Langley - 158.0 Sideburn Run
Langley,Week5,Hiddenbrook,Week3,287.0 Langley - 115.0 Hiddenbrook
Langley,Week4,Hiddenbrook,Week3,292.0 Langley - 110.0 Hiddenbrook
Lakeview,Week5,Daventry,Week3,246.0 Lakeview - 143.0 Daventry
Lakeview,Week2,Great Falls,Week1,292.0 Great Falls - 109.0 Lakeview
Langley,Week3,Brandywine,Week3,232.0 Langley - 170.0 Brandywine
Langley,Week5,Ilda Community,Week1,307.0 Langley - 95.0 Ilda Community
Lakeview,Week1,Hollin Meadows,Week5,328.0 Hollin Meadows - 74.0 Lakeview
Langley,Week4,Shouse Village,Week5,240.0 Langley - 162.0 Shouse Village
Langley,Week4,Sideburn Run,Week1,243.0 Langley - 159.0 Sideburn Run
Langley,Week3,Brandywine,Week2,269.0 Langley - 133.0 Brandywine
Lakeview,Week3,Daventry,Week2,220.0 Lakeview - 181.0 Daventry
Lakeview,Week3,Hollin Meadows,Week2,284.0 Hollin Meadows - 118.0 Lakeview
Langley,Week4,Hiddenbrook,Week2,314.0 Langley - 88.0 Hiddenbrook
Lakeview,Week1,Rutherford,Week1,230.0 Rutherford - 172.0 Lakeview
Lakeview,Week4,Hollin Hills,Week5,231.0 Lakeview - 170.0 Hollin Hills
Langley,Week4,Brandywine,Week4,253.0 Langley - 149.0 Brandywine
Lakeview,Week3,Daventry,Week3,249.0 Lakeview - 152.0 Daventry
Langley,Week3,Kent Gardens,Week4,270.0 Langley - 132.0 Kent Gardens
Lakeview,Week5,Great Falls,Week4,264.0 Great Falls - 119.0 Lakeview
Lakeview,Week4,Daventry,Week5,231.0 Lakeview - 170.0 Daventry
Lakeview,Week4,Burke Station,Week2,226.0 Lakeview - 176.0 Burke Station
Lakeview,Week4,Daventry,Week2,243.0 Lakeview - 159.0 Daventry
Lakeview,Week3,Hollin Meadows,Week4,293.0 Hollin Meadows - 109.0 Lakeview
Langley,Week1,High Point Pool,Week4,233.0 Langley - 169.0 High Point Pool
Langley,Week4,Brandywine,Week2,267.0 Langley - 135.0 Brandywine
Langley,Week3,Kent Gardens,Week1,253.0 Langley - 149.0 Kent Gardens
Langley,Week1,High Point Pool,Week3,246.0 Langley - 156.0 High Point Pool
Lakeview,Week1,Great Falls,Week3,317.0 Great Falls - 85.0 Lakeview
Langley,Week1,Kent Gardens,Week2,270.0 Langley - 132.0 Kent Gardens
Langley,Week2,Kent Gardens,Week3,245.0 Langley - 157.0 Kent Gardens
Lakeview,Week2,Great Falls,Week2,290.0 Great Falls - 94.0 Lakeview
Lakeview,Week5,Rolling Valley,Week3,215.0 Lakeview - 178.0 Rolling Valley
Lakeview,Week3,Rolling Valley,Week1,239.0 Lakeview - 162.0 Rolling Valley
Langley,Week4,Shouse Village,Week4,264.0 Langley - 138.0 Shouse Village
Langley,Week2,Kent Gardens,Week2,258.0 Langley - 144.0 Kent Gardens
Lakeview,Week2,Daventry,Week5,207.0 Daventry - 194.0 Lakeview
Langley,Week3,High Point Pool,Week5,223.0 Langley - 179.0 High Point Pool
Lakeview,Week3,Daventry,Week1,219.0 Lakeview - 183.0 Daventry
Lakeview,Week2,Burke Station,Week4,217.0 Burke Station - 184.0 Lakeview
Lakeview,Week1,Burke Station,Week5,232.0 Burke Station - 170.0 Lakeview
Lakeview,Week4,Greenbriar,Week5,245.0 Greenbriar - 157.0 Lakeview
Lakeview,Week5,Daventry,Week4,235.0 Lakeview - 158.0 Daventry
Lakeview,Week5,Great Falls,Week2,262.0 Great Falls - 113.0 Lakeview
Langley,Week1,Bren Mar-Edsall Park,Week3,379.0 Langley - 23.0 Bren Mar-Edsall Park
Langley,Week4,Sideburn Run,Week2,263.0 Langley - 139.0 Sideburn Run
Langley,Week5,Brandywine,Week1,260.0 Langley - 142.0 Brandywine
Langley,Week5,Ilda Community,Week5,303.0 Langley - 99.0 Ilda Community
Lakeview,Week2,Rutherford,Week2,235.0 Rutherford - 167.0 Lakeview
Langley,Week1,Bren Mar-Edsall Park,Week2,375.0 Langley - 27.0 Bren Mar-Edsall Park
Lakeview,Week4,Rolling Valley,Week2,240.0 Lakeview - 162.0 Rolling Valley
Langley,Week3,High Point Pool,Week3,247.0 Langley - 155.0 High Point Pool
Lakeview,Week3,Rolling Valley,Week5,206.0 Rolling Valley - 196.0 Lakeview
Lakeview,Week2,Hollin Meadows,Week1,318.0 Hollin Meadows - 84.0 Lakeview
Lakeview,Week1,Rutherford,Week2,247.0 Rutherford - 155.0 Lakeview
Langley,Week1,Sideburn Run,Week2,267.0 Langley - 135.0 Sideburn Run
Langley,Week5,Shouse Village,Week3,260.5 Langley - 141.5 Shouse Village
Langley,Week3,Kent Gardens,Week5,219.0 Langley - 183.0 Kent Gardens
Lakeview,Week1,Burke Station,Week4,211.0 Burke Station - 191.0 Lakeview
Langley,Week1,Highland Park,Week2,244.0 Langley - 158.0 Highland Park
Lakeview,Week4,Great Falls,Week5,280.0 Great Falls - 117.0 Lakeview
Langley,Week2,Sideburn Run,Week5,217.0 Langley - 185.0 Sideburn Run
Lakeview,Week2,Burke Station,Week5,239.0 Burke Station - 162.0 Lakeview
Lakeview,Week3,Hollin Meadows,Week5,304.0 Hollin Meadows - 98.0 Lakeview
Lakeview,Week4,Hollin Meadows,Week2,269.0 Hollin Meadows - 133.0 Lakeview
Langley,Week2,Bren Mar-Edsall Park,Week4,364.0 Langley - 37.0 Bren Mar-Edsall Park
Lakeview,Week4,Hollin Meadows,Week1,282.0 Hollin Meadows - 120.0 Lakeview
Langley,Week1,Bren Mar-Edsall Park,Week5,373.0 Langley - 29.0 Bren Mar-Edsall Park
Langley,Week2,Kent Gardens,Week5,217.0 Langley - 185.0 Kent Gardens
Langley,Week4,Kent Gardens,Week2,276.5 Langley - 125.5 Kent Gardens
Lakeview,Week3,Great Falls,Week4,272.0 Great Falls - 129.0 Lakeview
Lakeview,Week1,Hollin Meadows,Week2,305.0 Hollin Meadows - 97.0 Lakeview
Langley,Week2,Bren Mar-Edsall Park,Week3,364.0 Langley - 38.0 Bren Mar-Edsall Park
Langley,Week2,Kent Gardens,Week4,259.0 Langley - 143.0 Kent Gardens
Lakeview,Week4,Burke Station,Week3,203.0 Lakeview - 194.0 Burke Station
Lakeview,Week3,Great Falls,Week5,290.0 Great Falls - 107.0 Lakeview
Lakeview,Week5,Rolling Valley,Week2,217.0 Lakeview - 176.0 Rolling Valley
Lakeview,Week1,Hollin Meadows,Week4,322.0 Hollin Meadows - 80.0 Lakeview
Langley,Week2,Sideburn Run,Week4,232.5 Langley - 169.5 Sideburn Run
Langley,Week2,Bren Mar-Edsall Park,Week5,360.0 Langley - 42.0 Bren Mar-Edsall Park
Lakeview,Week2,Great Falls,Week4,289.0 Great Falls - 108.0 Lakeview
Lakeview,Week1,Dominion Hills,Week1,295.0 Dominion Hills - 107.0 Lakeview
Langley,Week2,High Point Pool,Week1,228.0 Langley - 174.0 High Point Pool
Langley,Week3,Kent Gardens,Week2,256.0 Langley - 146.0 Kent Gardens
Lakeview,Week3,Burke Station,Week3,215.0 Burke Station - 182.0 Lakeview
Lakeview,Week4,Rolling Valley,Week1,255.0 Lakeview - 146.0 Rolling Valley
Lakeview,Week1,Dominion Hills,Week3,304.0 Dominion Hills - 98.0 Lakeview
Lakeview,Week1,Dominion Hills,Week2,309.0 Dominion Hills - 93.0 Lakeview
Langley,Week3,Bren Mar-Edsall Park,Week3,375.0 Langley - 27.0 Bren Mar-Edsall Park
Langley,Week2,Highland Park,Week1,221.0 Langley - 181.0 Highland Park
Lakeview,Week1,Great Falls,Week2,282.0 Great Falls - 102.0 Lakeview
Langley,Week2,Sideburn Run,Week2,252.5 Langley - 149.5 Sideburn Run
Lakeview,Week5,Hollin Meadows,Week1,286.0 Hollin Meadows - 107.0 Lakeview
Langley,Week2,Highland Park,Week3,234.0 Langley - 168.0 Highland Park
Lakeview,Week3,Rutherford,Week1,214.0 Rutherford - 188.0 Lakeview
Lakeview,Week4,Daventry,Week4,248.0 Lakeview - 154.0 Daventry
Langley,Week4,Sideburn Run,Week4,262.5 Langley - 139.5 Sideburn Run
Langley,Week5,High Point Pool,Week3,221.0 Langley - 181.0 High Point Pool
Langley,Week1,Highland Park,Week5,254.0 Langley - 148.0 Highland Park
Lakeview,Week4,Hollin Meadows,Week3,272.0 Hollin Meadows - 130.0 Lakeview
Langley,Week4,Kent Gardens,Week3,265.0 Langley - 137.0 Kent Gardens
Langley,Week3,High Point Pool,Week4,228.0 Langley - 174.0 High Point Pool
Lakeview,Week4,Hollin Meadows,Week5,289.0 Hollin Meadows - 113.0 Lakeview
Lakeview,Week2,Hollin Meadows,Week4,322.0 Hollin Meadows - 80.0 Lakeview
Lakeview,Week2,Rutherford,Week5,252.5 Rutherford - 149.5 Lakeview
Langley,Week4,Kent Gardens,Week4,260.0 Langley - 142.0 Kent Gardens
Langley,Week3,Sideburn Run,Week5,225.0 Langley - 177.0 Sideburn Run
Langley,Week5,Shouse Village,Week2,276.0 Langley - 126.0 Shouse Village
Lakeview,Week1,Rutherford,Week5,244.0 Rutherford - 158.0 Lakeview
Lakeview,Week1,Great Falls,Week5,302.0 Great Falls - 96.0 Lakeview
Langley,Week3,Sideburn Run,Week1,236.5 Langley - 165.5 Sideburn Run
Lakeview,Week5,Great Falls,Week5,284.0 Great Falls - 104.0 Lakeview
Langley,Week3,Bren Mar-Edsall Park,Week5,374.0 Langley - 28.0 Bren Mar-Edsall Park
Lakeview,Week2,Burke Station,Week1,212.0 Burke Station - 166.0 Lakeview
Lakeview,Week5,Daventry,Week5,208.0 Lakeview - 183.0 Daventry
Lakeview,Week5,Hollin Meadows,Week2,274.0 Hollin Meadows - 119.0 Lakeview
Langley,Week4,Bren Mar-Edsall Park,Week2,379.0 Langley - 23.0 Bren Mar-Edsall Park
Langley,Week3,Highland Park,Week4,237.0 Langley - 165.0 Highland Park
Langley,Week4,Sideburn Run,Week5,242.0 Langley - 160.0 Sideburn Run
Lakeview,Week3,Daventry,Week5,207.0 Lakeview - 194.0 Daventry
Langley,Week4,Sideburn Run,Week3,264.0 Langley - 138.0 Sideburn Run
Lakeview,Week1,Dominion Hills,Week5,326.0 Dominion Hills - 76.0 Lakeview
Lakeview,Week1,Burke Station,Week1,209.0 Burke Station - 169.0 Lakeview
Langley,Week4,Kent Gardens,Week5,222.0 Langley - 180.0 Kent Gardens
Lakeview,Week5,Rolling Valley,Week5,201.0 Lakeview - 192.0 Rolling Valley
Langley,Week3,Kent Gardens,Week3,257.0 Langley - 145.0 Kent Gardens
Lakeview,Week1,Great Falls,Week4,283.0 Great Falls - 118.0 Lakeview
Lakeview,Week2,Rutherford,Week3,246.0 Rutherford - 156.0 Lakeview
Langley,Week3,Bren Mar-Edsall Park,Week2,378.0 Langley - 24.0 Bren Mar-Edsall Park
Lakeview,Week3,Rutherford,Week2,217.0 Rutherford - 185.0 Lakeview
Lakeview,Week2,Burke Station,Week3,223.0 Burke Station - 170.0 Lakeview
Langley,Week4,Highland Park,Week1,243.0 Langley - 159.0 Highland Park
Lakeview,Week1,Dominion Hills,Week4,310.0 Dominion Hills - 92.0 Lakeview
Langley,Week4,Bren Mar-Edsall Park,Week1,380.0 Langley - 22.0 Bren Mar-Edsall Park
Lakeview,Week2,Great Falls,Week5,303.0 Great Falls - 95.0 Lakeview
Langley,Week2,Bren Mar-Edsall Park,Week1,366.0 Langley - 36.0 Bren Mar-Edsall Park
Langley,Week3,Bren Mar-Edsall Park,Week4,378.0 Langley - 24.0 Bren Mar-Edsall Park
Langley,Week4,High Point Pool,Week1,234.0 Langley - 168.0 High Point Pool
Lakeview,Week3,Burke Station,Week2,216.0 Lakeview - 185.0 Burke Station
Lakeview,Week4,Hollin Meadows,Week4,280.0 Hollin Meadows - 122.0 Lakeview
Lakeview,Week1,Holmes Run Acres,Week2,294.0 Holmes Run Acres - 108.0 Lakeview
Langley,Week5,Kent Gardens,Week1,246.0 Langley - 156.0 Kent Gardens
Langley,Week5,Shouse Village,Week5,235.0 Langley - 167.0 Shouse Village
Langley,Week1,High Point Pool,Week5,230.5 Langley - 171.5 High Point Pool
Lakeview,Week4,Rolling Valley,Week3,239.0 Lakeview - 163.0 Rolling Valley
Lakeview,Week2,Dominion Hills,Week2,316.0 Dominion Hills - 86.0 Lakeview
Langley,Week2,Bren Mar-Edsall Park,Week2,369.0 Langley - 32.0 Bren Mar-Edsall Park
Langley,Week2,High Point Pool,Week3,229.0 Langley - 173.0 High Point Pool
Lakeview,Week2,Greenbriar,Week1,303.5 Greenbriar - 98.5 Lakeview
Langley,Week2,Kent Gardens,Week1,250.0 Langley - 152.0 Kent Gardens
Lakeview,Week1,Holmes Run Acres,Week1,283.0 Holmes Run Acres - 119.0 Lakeview
Lakeview,Week2,Burke Station,Week2,207.0 Burke Station - 193.0 Lakeview
Lakeview,Week5,Hollin Meadows,Week4,294.0 Hollin Meadows - 99.0 Lakeview
Lakeview,Week2,Greenbriar,Week2,325.0 Greenbriar - 77.0 Lakeview
Lakeview,Week2,Cardinal Hill,Week2,336.0 Cardinal Hill - 66.0 Lakeview
Langley,Week1,Kent Gardens,Week5,232.0 Langley - 170.0 Kent Gardens
Langley,Week3,High Point Pool,Week2,218.0 Langley - 184.0 High Point Pool
Langley,Week1,Sideburn Run,Week3,250.5 Langley - 151.5 Sideburn Run
Langley,Week1,Kent Gardens,Week4,262.0 Langley - 140.0 Kent Gardens
Lakeview,Week4,Rolling Valley,Week4,234.0 Lakeview - 168.0 Rolling Valley
Laurel Hill,Week5,Annandale,Week5,218.0 Laurel Hill - 182.0 Annandale
Langley,Week4,Bren Mar-Edsall Park,Week3,368.0 Langley - 34.0 Bren Mar-Edsall Park
Lakeview,Week1,Greenbriar,Week2,313.0 Greenbriar - 89.0 Lakeview
Langley,Week5,Sideburn Run,Week2,254.0 Langley - 148.0 Sideburn Run
Lakeview,Week1,Greenbriar,Week5,296.0 Greenbriar - 106.0 Lakeview
Lakeview,Week2,Cardinal Hill,Week3,354.5 Cardinal Hill - 47.5 Lakeview
Lakeview,Week1,Rutherford,Week3,242.0 Rutherford - 160.0 Lakeview
Langley,Week3,High Point Pool,Week1,235.0 Langley - 167.0 High Point Pool
Lakeview,Week3,Holmes Run Acres,Week5,303.0 Holmes Run Acres - 99.0 Lakeview
Lakeview,Week4,Cardinal Hill,Week3,334.0 Cardinal Hill - 68.0 Lakeview
Langley,Week5,Sideburn Run,Week3,247.0 Langley - 155.0 Sideburn Run
Langley,Week4,Kent Gardens,Week1,261.0 Langley - 141.0 Kent Gardens
Lakeview,Week4,Holmes Run Acres,Week5,296.0 Holmes Run Acres - 106.0 Lakeview
Langley,Week5,High Point Pool,Week2,219.0 Langley - 183.0 High Point Pool
Langley,Week2,Sideburn Run,Week3,228.0 Langley - 174.0 Sideburn Run
Langley,Week5,Kent Gardens,Week3,240.0 Langley - 162.0 Kent Gardens
Langley,Week4,High Point Pool,Week3,242.5 Langley - 159.5 High Point Pool
Laurel Hill,Week4,Arlington Forest,Week3,262.0 Arlington Forest - 140.0 Laurel Hill
Laurel Hill,Week2,Arlington Forest,Week3,287.0 Arlington Forest - 115.0 Laurel Hill
Laurel Hill,Week3,Arlington Forest,Week2,259.0 Arlington Forest - 143.0 Laurel Hill
Lakeview,Week2,Rutherford,Week4,250.0 Rutherford - 151.0 Lakeview
Lakeview,Week2,Greenbriar,Week4,292.0 Greenbriar - 110.0 Lakeview
Lakeview,Week3,Cardinal Hill,Week4,319.0 Cardinal Hill - 83.0 Lakeview
Langley,Week5,Sideburn Run,Week4,242.0 Langley - 160.0 Sideburn Run
Lakeview,Week1,Rutherford,Week4,260.0 Rutherford - 142.0 Lakeview
Lakeview,Week5,Holmes Run Acres,Week2,271.0 Holmes Run Acres - 117.0 Lakeview
Lakeview,Week3,Rutherford,Week4,229.0 Rutherford - 173.0 Lakeview
Lakeview,Week3,Rutherford,Week3,225.0 Rutherford - 177.0 Lakeview
Lakeview,Week1,Hunt Valley,Week1,341.0 Hunt Valley - 61.0 Lakeview
Langley,Week3,Bren Mar-Edsall Park,Week1,380.0 Langley - 21.0 Bren Mar-Edsall Park
Lakeview,Week3,Greenbriar,Week3,293.0 Greenbriar - 109.0 Lakeview
Lakeview,Week3,Cardinal Hill,Week1,329.0 Cardinal Hill - 73.0 Lakeview
Langley,Week5,Sideburn Run,Week5,224.0 Langley - 178.0 Sideburn Run
Lakeview,Week3,Greenbriar,Week1,298.0 Greenbriar - 104.0 Lakeview
Langley,Week4,High Point Pool,Week2,227.0 Langley - 175.0 High Point Pool
Langley,Week4,Bren Mar-Edsall Park,Week4,374.0 Langley - 28.0 Bren Mar-Edsall Park
Langley,Week4,Bren Mar-Edsall Park,Week5,371.0 Langley - 31.0 Bren Mar-Edsall Park
Langley,Week5,Kent Gardens,Week2,252.0 Langley - 150.0 Kent Gardens
Lakeview,Week2,Hunt Valley,Week5,372.0 Hunt Valley - 30.0 Lakeview
Lakeview,Week1,Holmes Run Acres,Week5,317.0 Holmes Run Acres - 85.0 Lakeview
Langley,Week1,Kent Gardens,Week1,260.0 Langley - 142.0 Kent Gardens
Langley,Week5,Bren Mar-Edsall Park,Week1,374.0 Langley - 28.0 Bren Mar-Edsall Park
Lakeview,Week1,Cardinal Hill,Week1,348.0 Cardinal Hill - 54.0 Lakeview
Laurel Hill,Week2,Arlington Forest,Week4,315.0 Arlington Forest - 87.0 Laurel Hill
Lakeview,Week3,Greenbriar,Week4,281.0 Greenbriar - 121.0 Lakeview
Lakeview,Week5,Rolling Valley,Week4,205.0 Lakeview - 188.0 Rolling Valley
Lakeview,Week2,Sully Station II,Week3,348.0 Sully Station II - 54.0 Lakeview
Langley,Week4,High Point Pool,Week5,222.5 Langley - 179.5 High Point Pool
Lakeview,Week2,Rutherford,Week1,231.0 Rutherford - 170.0 Lakeview
Laurel Hill,Week3,Arlington Forest,Week5,284.0 Arlington Forest - 118.0 Laurel Hill
Lakeview,Week3,Rutherford,Week5,230.0 Rutherford - 172.0 Lakeview
Lakeview,Week5,Cardinal Hill,Week1,330.0 Cardinal Hill - 63.0 Lakeview
Lakeview,Week2,Holmes Run Acres,Week1,285.0 Holmes Run Acres - 117.0 Lakeview
Lakeview,Week1,Cardinal Hill,Week5,335.0 Cardinal Hill - 67.0 Lakeview
Langley,Week5,Kent Gardens,Week4,247.0 Langley - 155.0 Kent Gardens
Langley,Week1,Sideburn Run,Week1,244.0 Langley - 158.0 Sideburn Run
Langley,Week2,Sideburn Run,Week1,222.0 Langley - 180.0 Sideburn Run
Lakeview,Week4,Cardinal Hill,Week5,315.0 Cardinal Hill - 87.0 Lakeview
Lakeview,Week3,Greenbriar,Week5,277.0 Greenbriar - 125.0 Lakeview
Lakeview,Week5,Rolling Valley,Week1,230.0 Lakeview - 163.0 Rolling Valley
Langley,Week5,Bren Mar-Edsall Park,Week2,370.0 Langley - 31.0 Bren Mar-Edsall Park
Langley,Week5,Ilda Community,Week4,289.0 Langley - 113.0 Ilda Community
Langley,Week1,Sideburn Run,Week5,236.0 Langley - 166.0 Sideburn Run
Lakeview,Week4,Greenbriar,Week3,256.0 Greenbriar - 146.0 Lakeview
Laurel Hill,Week4,Arlington Forest,Week1,292.0 Arlington Forest - 110.0 Laurel Hill
Lakeview,Week1,Cardinal Hill,Week2,320.0 Cardinal Hill - 82.0 Lakeview
Lakeview,Week3,Sully Station,Week1,314.0 Sully Station - 88.0 Lakeview
Lakeview,Week2,Hunt Valley,Week3,367.0 Hunt Valley - 35.0 Lakeview
Langley,Week5,Shouse Village,Week4,242.0 Langley - 160.0 Shouse Village
Langley,Week1,Kent Gardens,Week3,261.0 Langley - 141.0 Kent Gardens
Lakeview,Week2,Greenbriar,Week3,316.0 Greenbriar - 86.0 Lakeview
Langley,Week4,High Point Pool,Week4,229.0 Langley - 173.0 High Point Pool
Langley,Week2,High Point Pool,Week2,223.0 Langley - 179.0 High Point Pool
Lakeview,Week4,Greenbriar,Week1,281.0 Greenbriar - 121.0 Lakeview
Langley,Week2,High Point Pool,Week4,233.0 Langley - 169.0 High Point Pool
Langley,Week4,Kings Ridge ,Week3,322.0 Langley - 80.0 Kings Ridge
Langley,Week3,Sideburn Run,Week4,249.0 Langley - 153.0 Sideburn Run
Lakeview,Week3,Holmes Run Acres,Week1,275.0 Holmes Run Acres - 127.0 Lakeview
Lakeview,Week2,Holmes Run Acres,Week5,328.0 Holmes Run Acres - 74.0 Lakeview
Lakeview,Week3,Hunt Valley,Week2,340.0 Hunt Valley - 62.0 Lakeview
Langley,Week5,High Point Pool,Week1,236.0 Langley - 166.0 High Point Pool
Lakeview,Week2,Greenbriar,Week5,282.0 Greenbriar - 120.0 Lakeview
Lakeview,Week3,Cardinal Hill,Week5,319.0 Cardinal Hill - 83.0 Lakeview
Laurel Hill,Week2,Arlington Forest,Week2,289.0 Arlington Forest - 113.0 Laurel Hill
Lakeview,Week1,Greenbriar,Week4,299.0 Greenbriar - 103.0 Lakeview
Lakeview,Week3,Holmes Run Acres,Week3,306.0 Holmes Run Acres - 96.0 Lakeview
Lakeview,Week3,Sully Station II,Week4,313.0 Sully Station II - 89.0 Lakeview
Langley,Week5,Ilda Community,Week3,312.0 Langley - 90.0 Ilda Community
Lakeview,Week4,Rutherford,Week5,210.0 Rutherford - 192.0 Lakeview
Langley,Week5,High Point Pool,Week4,229.0 Langley - 173.0 High Point Pool
Langley,Week3,Sideburn Run,Week2,256.0 Langley - 146.0 Sideburn Run
Lakeview,Week5,Rutherford,Week4,226.0 Rutherford - 166.0 Lakeview
Lakeview,Week3,Sully Station II,Week3,331.0 Sully Station II - 71.0 Lakeview
Lakeview,Week5,Sully Station,Week4,312.0 Sully Station - 81.0 Lakeview
Langley,Week3,Kings Ridge ,Week1,303.0 Langley - 99.0 Kings Ridge
Lakeview,Week1,Greenbriar,Week3,308.0 Greenbriar - 94.0 Lakeview
Lakeview,Week3,Sully Station II,Week1,300.0 Sully Station II - 101.0 Lakeview
Lakeview,Week4,Rolling Valley,Week5,230.0 Lakeview - 172.0 Rolling Valley
Laurel Hill,Week5,Arlington Forest,Week5,263.0 Arlington Forest - 139.0 Laurel Hill
Lakeview,Week5,Cardinal Hill,Week2,319.0 Cardinal Hill - 74.0 Lakeview
Langley,Week1,Sideburn Run,Week4,258.0 Langley - 144.0 Sideburn Run
Langley,Week5,Sideburn Run,Week1,234.5 Langley - 167.5 Sideburn Run
Lakeview,Week4,Cardinal Hill,Week1,322.0 Cardinal Hill - 80.0 Lakeview
Langley,Week2,High Point Pool,Week5,232.0 Langley - 170.0 High Point Pool
Lakeview,Week3,Shouse Village,Week5,297.0 Shouse Village - 105.0 Lakeview
Langley,Week3,Kings Ridge ,Week4,303.0 Langley - 99.0 Kings Ridge
Laurel Hill,Week1,Arlington Forest,Week1,282.0 Arlington Forest - 120.0 Laurel Hill
Lakeview,Week3,Greenbriar,Week2,303.0 Greenbriar - 99.0 Lakeview
Lakeview,Week5,Cardinal Hill,Week4,325.0 Cardinal Hill - 68.0 Lakeview
Langley,Week1,Lake Braddock,Week1,352.0 Langley - 50.0 Lake Braddock
Lakeview,Week4,Rutherford,Week3,211.0 Rutherford - 191.0 Lakeview
Lakeview,Week4,Greenbriar,Week2,274.0 Greenbriar - 128.0 Lakeview
Langley,Week1,Highland Park,Week4,254.0 Langley - 148.0 Highland Park
Lakeview,Week4,Holmes Run Acres,Week3,296.0 Holmes Run Acres - 106.0 Lakeview
Langley,Week5,Kings Ridge ,Week2,304.0 Langley - 98.0 Kings Ridge
Lakeview,Week4,Sully Station II,Week3,331.0 Sully Station II - 71.0 Lakeview
Laurel Hill,Week5,Annandale,Week4,246.0 Laurel Hill - 153.0 Annandale
Langley,Week2,Sleepy Hollow B & R,Week1,233.0 Langley - 169.0 Sleepy Hollow B & R
Langley,Week2,Sleepy Hollow B & R,Week3,224.0 Langley - 178.0 Sleepy Hollow B & R
Langley,Week1,Lake Braddock,Week3,337.0 Langley - 65.0 Lake Braddock
Lakeview,Week5,Holmes Run Acres,Week1,269.0 Holmes Run Acres - 124.0 Lakeview
Lakeview,Week5,Greenbriar,Week1,291.0 Greenbriar - 102.0 Lakeview
Lakeview,Week4,Greenbriar,Week4,257.0 Greenbriar - 145.0 Lakeview
Lakeview,Week1,Shouse Village,Week2,280.0 Shouse Village - 122.0 Lakeview
Lakeview,Week5,Cardinal Hill,Week3,330.0 Cardinal Hill - 63.0 Lakeview
Laurel Hill,Week4,Arlington Forest,Week5,292.0 Arlington Forest - 110.0 Laurel Hill
Langley,Week5,High Point Pool,Week5,218.0 Langley - 184.0 High Point Pool
Lakeview,Week4,Sully Station,Week1,293.0 Sully Station - 109.0 Lakeview
Laurel Hill,Week4,Arlington Forest,Week4,287.0 Arlington Forest - 115.0 Laurel Hill
Langley,Week5,Sleepy Hollow B & R,Week5,210.0 Sleepy Hollow B & R - 192.0 Langley
Lakeview,Week5,Rutherford,Week1,208.0 Rutherford - 184.0 Lakeview
Lakeview,Week4,Cardinal Hill,Week2,309.0 Cardinal Hill - 93.0 Lakeview
Lakeview,Week3,Sully Station,Week2,289.0 Sully Station - 113.0 Lakeview
Lakeview,Week4,Cardinal Hill,Week4,313.0 Cardinal Hill - 89.0 Lakeview
Lakeview,Week4,Holmes Run Acres,Week2,260.0 Holmes Run Acres - 137.0 Lakeview
Langley,Week1,Highland Park,Week3,254.0 Langley - 148.0 Highland Park
Langley,Week4,Kings Ridge ,Week5,297.0 Langley - 105.0 Kings Ridge
Langley,Week1,Highland Park,Week1,233.0 Langley - 169.0 Highland Park
Lakeview,Week5,Greenbriar,Week2,290.0 Greenbriar - 103.0 Lakeview
Lakeview,Week5,Greenbriar,Week4,265.0 Greenbriar - 128.0 Lakeview
Langley,Week1,Kings Ridge ,Week1,320.0 Langley - 82.0 Kings Ridge
Langley,Week4,Sleepy Hollow B & R,Week2,237.0 Langley - 165.0 Sleepy Hollow B & R
Lakeview,Week2,Cardinal Hill,Week4,351.0 Cardinal Hill - 51.0 Lakeview
Lakeview,Week5,Sully Station,Week1,301.0 Sully Station - 91.0 Lakeview
Lakeview,Week5,Canterbury Woods,Week4,239.5 Canterbury Woods - 152.5 Lakeview
Langley,Week2,Highland Park,Week5,241.0 Langley - 161.0 Highland Park
Langley,Week2,Highland Park,Week4,237.0 Langley - 165.0 Highland Park
Lakeview,Week5,Greenbriar,Week3,297.0 Greenbriar - 96.0 Lakeview
Lakeview,Week5,Sully Station,Week2,291.0 Sully Station - 102.0 Lakeview
Langley,Week3,Sleepy Hollow B & R,Week1,249.5 Langley - 152.5 Sleepy Hollow B & R
Laurel Hill,Week1,Arlington Forest,Week3,275.0 Arlington Forest - 127.0 Laurel Hill
Lakeview,Week2,Cardinal Hill,Week5,339.0 Cardinal Hill - 63.0 Lakeview
Laurel Hill,Week5,Arlington Forest,Week2,243.0 Arlington Forest - 159.0 Laurel Hill
Lakeview,Week1,Shouse Village,Week3,303.0 Shouse Village - 99.0 Lakeview
Langley,Week2,Highland Park,Week2,242.0 Langley - 160.0 Highland Park
Lakeview,Week4,Rutherford,Week1,205.0 Lakeview - 197.0 Rutherford
Langley,Week2,Lake Braddock,Week1,346.0 Langley - 56.0 Lake Braddock
Lakeview,Week1,Holmes Run Acres,Week4,300.5 Holmes Run Acres - 101.5 Lakeview
Lakeview,Week2,Holmes Run Acres,Week2,280.0 Holmes Run Acres - 122.0 Lakeview
Laurel Hill,Week2,Arlington Forest,Week1,313.0 Arlington Forest - 89.0 Laurel Hill
Lakeview,Week1,Shouse Village,Week4,312.0 Shouse Village - 90.0 Lakeview
Lakeview,Week3,Cardinal Hill,Week3,336.0 Cardinal Hill - 66.0 Lakeview
Lakeview,Week2,Shouse Village,Week1,277.0 Shouse Village - 125.0 Lakeview
Lakeview,Week1,Sully Station II,Week1,327.0 Sully Station II - 75.0 Lakeview
Langley,Week3,Highland Park,Week2,240.0 Langley - 162.0 Highland Park
Lakeview,Week3,Sully Station,Week3,293.0 Sully Station - 109.0 Lakeview
Lakeview,Week4,Sully Station,Week3,293.0 Sully Station - 109.0 Lakeview
Lakeview,Week4,Holmes Run Acres,Week4,267.0 Holmes Run Acres - 135.0 Lakeview
Langley,Week2,Lake Braddock,Week4,332.0 Langley - 70.0 Lake Braddock
Langley,Week2,Sleepy Hollow Rec,Week2,315.0 Langley - 87.0 Sleepy Hollow Rec
Laurel Hill,Week1,Arlington Forest,Week4,290.0 Arlington Forest - 112.0 Laurel Hill
Langley,Week3,Sleepy Hollow B & R,Week5,207.0 Langley - 195.0 Sleepy Hollow B & R
Lakeview,Week5,Greenbriar,Week5,257.0 Greenbriar - 136.0 Lakeview
Lakeview,Week5,Holmes Run Acres,Week3,303.0 Holmes Run Acres - 90.0 Lakeview
Langley,Week1,Lake Braddock,Week5,330.0 Langley - 72.0 Lake Braddock
Lakeview,Week1,Sully Station II,Week3,345.0 Sully Station II - 57.0 Lakeview
Langley,Week3,Highland Park,Week3,246.0 Langley - 156.0 Highland Park
Lakeview,Week4,Sully Station,Week4,304.0 Sully Station - 98.0 Lakeview
Lakeview,Week3,Shouse Village,Week1,268.0 Shouse Village - 134.0 Lakeview
Lakeview,Week3,Shouse Village,Week2,268.0 Shouse Village - 134.0 Lakeview
Lakeview,Week2,Shouse Village,Week3,305.0 Shouse Village - 97.0 Lakeview
Lakeview,Week5,Canterbury Woods,Week5,231.0 Canterbury Woods - 157.0 Lakeview
Langley,Week1,Kings Ridge ,Week3,319.0 Langley - 83.0 Kings Ridge
Lakeview,Week5,Holmes Run Acres,Week4,279.0 Holmes Run Acres - 114.0 Lakeview
Laurel Hill,Week1,Arlington Forest,Week2,276.0 Arlington Forest - 125.0 Laurel Hill
Lakeview,Week2,Hamlet,Week1,357.0 Hamlet - 45.0 Lakeview
Lakeview,Week1,Sully Station II,Week4,324.0 Sully Station II - 78.0 Lakeview
Lakeview,Week1,Hamlet,Week2,361.0 Hamlet - 41.0 Lakeview
Langley,Week2,Sleepy Hollow Rec,Week4,316.0 Langley - 86.0 Sleepy Hollow Rec
Langley,Week1,Kings Ridge ,Week5,296.5 Langley - 105.5 Kings Ridge
Lakeview,Week2,Cardinal Hill,Week1,356.0 Cardinal Hill - 46.0 Lakeview
Langley,Week3,Highland Park,Week5,237.0 Langley - 165.0 Highland Park
Laurel Hill,Week2,Arlington Forest,Week5,298.0 Arlington Forest - 104.0 Laurel Hill
Lakeview,Week3,Holmes Run Acres,Week4,287.0 Holmes Run Acres - 115.0 Lakeview
Langley,Week1,Sleepy Hollow B & R,Week2,238.0 Langley - 164.0 Sleepy Hollow B & R
Langley,Week3,Highland Park,Week1,229.0 Langley - 173.0 Highland Park
Langley,Week3,Lake Braddock,Week2,346.5 Langley - 55.5 Lake Braddock
Langley,Week2,Sleepy Hollow B & R,Week5,208.0 Sleepy Hollow B & R - 194.0 Langley
Langley,Week4,Highland Park,Week4,263.0 Langley - 139.0 Highland Park
Lakeview,Week3,Cardinal Hill,Week2,317.0 Cardinal Hill - 85.0 Lakeview
Lakeview,Week2,Shouse Village,Week5,308.0 Shouse Village - 94.0 Lakeview
Laurel Hill,Week1,Arlington Forest,Week5,293.0 Arlington Forest - 109.0 Laurel Hill
Lakeview,Week1,Hamlet,Week4,354.0 Hamlet - 48.0 Lakeview
Lakeview,Week2,Hamlet,Week2,365.0 Hamlet - 37.0 Lakeview
Lakeview,Week2,Holmes Run Acres,Week3,322.0 Holmes Run Acres - 80.0 Lakeview
Lakeview,Week5,Holmes Run Acres,Week5,305.0 Holmes Run Acres - 88.0 Lakeview
Langley,Week2,Sleepy Hollow B & R,Week4,225.0 Langley - 177.0 Sleepy Hollow B & R
Lakeview,Week2,Hamlet,Week4,362.0 Hamlet - 40.0 Lakeview
Lakeview,Week3,Sully Station,Week5,306.0 Sully Station - 96.0 Lakeview
Laurel Hill,Week3,Arlington Forest,Week1,275.0 Arlington Forest - 127.0 Laurel Hill
Lakeview,Week3,Shouse Village,Week3,285.0 Shouse Village - 117.0 Lakeview
Lakeview,Week2,Holmes Run Acres,Week4,305.0 Holmes Run Acres - 97.0 Lakeview
Langley,Week2,Kings Ridge ,Week5,287.0 Langley - 115.0 Kings Ridge
Lakeview,Week2,Hamlet,Week3,363.0 Hamlet - 39.0 Lakeview
Lakeview,Week1,Cardinal Hill,Week4,338.0 Cardinal Hill - 64.0 Lakeview
Langley,Week2,Kings Ridge ,Week4,295.0 Langley - 107.0 Kings Ridge
Lakeview,Week4,Rutherford,Week2,213.0 Lakeview - 189.0 Rutherford
Langley,Week4,Highland Park,Week2,256.0 Langley - 146.0 Highland Park
Lakeview,Week1,Sully Station II,Week5,359.0 Sully Station II - 43.0 Lakeview
Lakeview,Week1,Holmes Run Acres,Week3,319.0 Holmes Run Acres - 83.0 Lakeview
Laurel Hill,Week3,Arlington Forest,Week4,274.0 Arlington Forest - 128.0 Laurel Hill
Lakeview,Week2,Sully Station II,Week1,325.0 Sully Station II - 77.0 Lakeview
Langley,Week4,Highland Park,Week5,252.0 Langley - 150.0 Highland Park
Lakeview,Week2,Sideburn Run,Week1,305.0 Sideburn Run - 97.0 Lakeview
Langley,Week3,Sleepy Hollow B & R,Week4,242.0 Langley - 160.0 Sleepy Hollow B & R
Langley,Week4,Sleepy Hollow B & R,Week5,207.0 Langley - 195.0 Sleepy Hollow B & R
Langley,Week4,Sleepy Hollow B & R,Week3,235.0 Langley - 167.0 Sleepy Hollow B & R
Laurel Hill,Week4,Arlington Forest,Week2,269.5 Arlington Forest - 132.5 Laurel Hill
Lakeview,Week4,Rutherford,Week4,210.0 Rutherford - 192.0 Lakeview
Laurel Hill,Week3,Arlington Forest,Week3,250.0 Arlington Forest - 152.0 Laurel Hill
Lakeview,Week2,Hamlet,Week5,366.0 Hamlet - 36.0 Lakeview
Langley,Week2,Kings Ridge ,Week1,298.0 Langley - 104.0 Kings Ridge
Lakeview,Week3,Holmes Run Acres,Week2,269.0 Holmes Run Acres - 133.0 Lakeview
Lakeview,Week4,Sully Station,Week5,301.0 Sully Station - 101.0 Lakeview
Lakeview,Week1,Cardinal Hill,Week3,350.0 Cardinal Hill - 52.0 Lakeview
Langley,Week5,Sleepy Hollow B & R,Week2,233.0 Langley - 169.0 Sleepy Hollow B & R
Langley,Week1,Kings Ridge ,Week4,297.0 Langley - 105.0 Kings Ridge
Langley,Week5,Highland Park,Week1,220.0 Langley - 182.0 Highland Park
Lakeview,Week3,Sully Station,Week4,308.0 Sully Station - 94.0 Lakeview
Langley,Week5,Highland Park,Week5,229.0 Langley - 173.0 Highland Park
Lakeview,Week1,Hunt Valley,Week4,354.0 Hunt Valley - 48.0 Lakeview
Langley,Week5,Highland Park,Week3,245.0 Langley - 157.0 Highland Park
Langley,Week5,Sleepy Hollow B & R,Week3,223.0 Langley - 179.0 Sleepy Hollow B & R
Langley,Week3,Kings Ridge ,Week2,318.0 Langley - 84.0 Kings Ridge
Laurel Hill,Week5,Arlington Forest,Week4,266.0 Arlington Forest - 136.0 Laurel Hill
Langley,Week5,Kings Ridge ,Week4,297.0 Langley - 105.0 Kings Ridge
Lakeview,Week3,Hamlet,Week2,352.0 Hamlet - 50.0 Lakeview
Langley,Week1,Highlands Swim,Week1,229.0 Highlands Swim - 173.0 Langley
Laurel Hill,Week5,Arlington Forest,Week1,252.0 Arlington Forest - 145.0 Laurel Hill
Lakeview,Week4,Holmes Run Acres,Week1,270.0 Holmes Run Acres - 132.0 Lakeview
Lakeview,Week5,Sully Station,Week5,308.0 Sully Station - 85.0 Lakeview
Lakeview,Week1,Hunt Valley,Week3,353.0 Hunt Valley - 49.0 Lakeview
Lakeview,Week3,Shouse Village,Week4,295.0 Shouse Village - 107.0 Lakeview
Lakeview,Week5,Rutherford,Week3,219.0 Rutherford - 174.0 Lakeview
Langley,Week1,Sleepy Hollow B & R,Week4,234.0 Langley - 168.0 Sleepy Hollow B & R
Lakeview,Week3,Hamlet,Week1,344.0 Hamlet - 58.0 Lakeview
Langley,Week5,Sleepy Hollow B & R,Week4,231.0 Langley - 171.0 Sleepy Hollow B & R
Lakeview,Week4,Shouse Village,Week1,242.0 Shouse Village - 160.0 Lakeview
Langley,Week1,Highlands Swim,Week2,241.0 Highlands Swim - 161.0 Langley
Lakeview,Week5,Rutherford,Week2,200.0 Rutherford - 193.0 Lakeview
Lakeview,Week1,Sully Station II,Week2,349.0 Sully Station II - 53.0 Lakeview
Lakeview,Week3,Hamlet,Week3,347.0 Hamlet - 55.0 Lakeview
Lakeview,Week1,Hamlet,Week3,356.0 Hamlet - 46.0 Lakeview
Laurel Hill,Week5,Arlington Forest,Week3,237.0 Arlington Forest - 165.0 Laurel Hill
Langley,Week2,Sleepy Hollow B & R,Week2,223.0 Langley - 179.0 Sleepy Hollow B & R
Langley,Week5,Highland Park,Week4,234.0 Langley - 168.0 Highland Park
Lakeview,Week1,Hunt Valley,Week5,372.0 Hunt Valley - 30.0 Lakeview
Lakeview,Week1,Hamlet,Week5,366.0 Hamlet - 36.0 Lakeview
Lakeview,Week1,Hunt Valley,Week2,355.0 Hunt Valley - 47.0 Lakeview
Langley,Week4,Kings Ridge ,Week1,315.0 Langley - 87.0 Kings Ridge
Lakeview,Week5,Sully Station,Week3,296.0 Sully Station - 97.0 Lakeview
Langley,Week1,Sleepy Hollow B & R,Week3,241.5 Langley - 160.5 Sleepy Hollow B & R
Langley,Week3,Kings Ridge ,Week5,301.0 Langley - 101.0 Kings Ridge
Langley,Week5,Kent Gardens,Week5,221.0 Langley - 181.0 Kent Gardens
Lakeview,Week2,Sully Station II,Week2,349.0 Sully Station II - 53.0 Lakeview
Langley,Week4,Highland Park,Week3,264.0 Langley - 138.0 Highland Park
Lakeview,Week2,Hunt Valley,Week1,353.0 Hunt Valley - 49.0 Lakeview
Lakeview,Week1,Shouse Village,Week5,312.0 Shouse Village - 90.0 Lakeview
Lakeview,Week2,Hunt Valley,Week2,360.0 Hunt Valley - 42.0 Lakeview
Langley,Week3,Sleepy Hollow B & R,Week2,241.0 Langley - 161.0 Sleepy Hollow B & R
Lakeview,Week1,Hamlet,Week1,355.0 Hamlet - 47.0 Lakeview
Langley,Week3,Kings Ridge ,Week3,309.0 Langley - 93.0 Kings Ridge
Lakeview,Week4,Hunt Valley,Week2,341.0 Hunt Valley - 61.0 Lakeview
Langley,Week2,Kings Ridge ,Week3,304.0 Langley - 98.0 Kings Ridge
Langley,Week2,Highlands Swim,Week1,233.0 Highlands Swim - 169.0 Langley
Langley,Week1,Sleepy Hollow B & R,Week5,210.0 Langley - 192.0 Sleepy Hollow B & R
Langley,Week2,Kings Ridge ,Week2,301.0 Langley - 101.0 Kings Ridge
Lakeview,Week2,Shouse Village,Week2,283.0 Shouse Village - 119.0 Lakeview
Lakeview,Week3,Hayfield Farm,Week2,284.0 Hayfield Farm - 118.0 Lakeview
Lakeview,Week2,Sully Station II,Week5,357.0 Sully Station II - 45.0 Lakeview
Lakeview,Week3,Hamlet,Week4,343.0 Hamlet - 59.0 Lakeview
Lakeview,Week2,Sully Station II,Week4,328.0 Sully Station II - 74.0 Lakeview
Langley,Week1,Kings Ridge ,Week2,322.0 Langley - 80.0 Kings Ridge
Langley,Week1,Highlands Swim,Week5,248.0 Highlands Swim - 154.0 Langley
Lakeview,Week1,Shouse Village,Week1,283.0 Shouse Village - 118.0 Lakeview
Lakeview,Week2,Hayfield Farm,Week5,298.0 Hayfield Farm - 104.0 Lakeview
Lakeview,Week2,Hunt Valley,Week4,364.0 Hunt Valley - 38.0 Lakeview
Lakeview,Week2,Hayfield Farm,Week3,306.0 Hayfield Farm - 96.0 Lakeview
Lakeview,Week3,Hunt Valley,Week1,331.0 Hunt Valley - 71.0 Lakeview
Langley,Week1,Highlands Swim,Week3,231.0 Highlands Swim - 171.0 Langley
Lakeview,Week2,Shouse Village,Week4,319.5 Shouse Village - 82.5 Lakeview
Langley,Week3,Sleepy Hollow B & R,Week3,234.0 Langley - 168.0 Sleepy Hollow B & R
Lakeview,Week5,Rutherford,Week5,229.0 Rutherford - 164.0 Lakeview
Langley,Week5,Highland Park,Week2,232.0 Langley - 170.0 Highland Park
Lakeview,Week3,Sully Station II,Week2,329.0 Sully Station II - 73.0 Lakeview
Lakeview,Week4,Sully Station,Week2,278.0 Sully Station - 124.0 Lakeview
Langley,Week1,Sleepy Hollow B & R,Week1,247.0 Langley - 155.0 Sleepy Hollow B & R
Langley,Week4,Sleepy Hollow B & R,Week4,228.0 Langley - 174.0 Sleepy Hollow B & R
Lakeview,Week4,Sully Station II,Week1,293.0 Sully Station II - 108.0 Lakeview
Lakeview,Week2,Hunter Mill,Week4,329.0 Hunter Mill - 73.0 Lakeview
Lakeview,Week4,Shouse Village,Week5,278.0 Shouse Village - 124.0 Lakeview
Lakeview,Week5,Shouse Village,Week4,292.0 Shouse Village - 96.0 Lakeview
Lakeview,Week1,Hunter Mill,Week4,333.0 Hunter Mill - 69.0 Lakeview
Langley,Week5,Kings Ridge ,Week1,299.0 Langley - 103.0 Kings Ridge
Lakeview,Week1,Hayfield Farm,Week4,310.0 Hayfield Farm - 92.0 Lakeview
Langley,Week5,Kings Ridge ,Week5,289.0 Langley - 113.0 Kings Ridge
Lakeview,Week4,Hayfield Farm,Week5,250.0 Hayfield Farm - 152.0 Lakeview
Langley,Week1,Sleepy Hollow Rec,Week2,321.0 Langley - 81.0 Sleepy Hollow Rec
Lakeview,Week5,Shouse Village,Week1,254.0 Shouse Village - 139.0 Lakeview
Lakeview,Week4,Hunter Mill,Week1,285.0 Hunter Mill - 117.0 Lakeview
Lakeview,Week5,Hamlet,Week2,347.0 Hamlet - 46.0 Lakeview
Lakeview,Week3,Hunter Mill,Week2,292.0 Hunter Mill - 110.0 Lakeview
Lakeview,Week5,Sully Station II,Week2,324.0 Sully Station II - 69.0 Lakeview
Lakeview,Week1,Hunter Mill,Week1,320.0 Hunter Mill - 82.0 Lakeview
Langley,Week1,Highlands Swim,Week4,230.5 Highlands Swim - 171.5 Langley
Lakeview,Week4,Shouse Village,Week3,265.0 Shouse Village - 137.0 Lakeview
Langley,Week5,Kings Ridge ,Week3,298.0 Langley - 104.0 Kings Ridge
Lakeview,Week4,Hayfield Farm,Week3,273.0 Hayfield Farm - 129.0 Lakeview
Langley,Week4,Kings Ridge ,Week2,329.0 Langley - 73.0 Kings Ridge
Langley,Week5,Sleepy Hollow B & R,Week1,240.0 Langley - 162.0 Sleepy Hollow B & R
Langley,Week4,Sleepy Hollow B & R,Week1,247.0 Langley - 155.0 Sleepy Hollow B & R
Lakeview,Week4,Sully Station II,Week5,340.0 Sully Station II - 62.0 Lakeview
Langley,Week4,Kings Ridge ,Week4,302.0 Langley - 100.0 Kings Ridge
Lakeview,Week4,Sully Station II,Week2,319.0 Sully Station II - 83.0 Lakeview
Langley,Week1,Sleepy Hollow Rec,Week1,329.0 Langley - 73.0 Sleepy Hollow Rec
Lakeview,Week3,Sully Station II,Week5,342.0 Sully Station II - 60.0 Lakeview
Lakeview,Week4,Shouse Village,Week4,273.0 Shouse Village - 124.0 Lakeview
Langley,Week2,Highlands Swim,Week2,267.0 Highlands Swim - 135.0 Langley
Lakeview,Week5,Hayfield Farm,Week3,295.0 Hayfield Farm - 98.0 Lakeview
Lakeview,Week2,Hunter Mill,Week2,315.0 Hunter Mill - 87.0 Lakeview
Lakeview,Week5,Shouse Village,Week5,284.0 Shouse Village - 109.0 Lakeview
Lakeview,Week4,Shouse Village,Week2,236.0 Shouse Village - 166.0 Lakeview
Lakeview,Week1,Sideburn Run,Week2,304.0 Sideburn Run - 98.0 Lakeview
Lakeview,Week4,Truro,Week5,222.0 Truro - 180.0 Lakeview
Lakeview,Week1,Hunter Mill,Week2,320.0 Hunter Mill - 82.0 Lakeview
Langley,Week1,Sleepy Hollow Rec,Week5,311.0 Langley - 91.0 Sleepy Hollow Rec
Lakeview,Week3,Hunter Mill,Week4,309.0 Hunter Mill - 93.0 Lakeview
Lakeview,Week1,Truro,Week5,248.0 Truro - 154.0 Lakeview
Langley,Week2,Lake Braddock,Week2,325.0 Langley - 77.0 Lake Braddock
Langley,Week1,Sleepy Hollow Rec,Week4,345.0 Langley - 57.0 Sleepy Hollow Rec
Lakeview,Week4,Hunt Valley,Week1,325.0 Hunt Valley - 77.0 Lakeview
Lakeview,Week5,Hamlet,Week3,345.5 Hamlet - 47.5 Lakeview
Langley,Week1,Lake Braddock,Week2,332.0 Langley - 70.0 Lake Braddock
Lakeview,Week5,Hamlet,Week1,336.0 Hamlet - 57.0 Lakeview
Lakeview,Week4,Truro,Week4,233.0 Truro - 169.0 Lakeview
Lakeview,Week3,Hamlet,Week5,346.0 Hamlet - 56.0 Lakeview
Lakeview,Week1,Truro,Week3,254.0 Truro - 148.0 Lakeview
Langley,Week2,Lake Braddock,Week3,320.0 Langley - 82.0 Lake Braddock
Langley,Week1,Sleepy Hollow Rec,Week3,309.0 Langley - 93.0 Sleepy Hollow Rec
Lakeview,Week4,Truro,Week2,212.0 Lakeview - 190.0 Truro
Lakeview,Week5,Hayfield Farm,Week5,267.0 Hayfield Farm - 126.0 Lakeview
Langley,Week3,Lake Braddock,Week1,353.0 Langley - 49.0 Lake Braddock
Lakeview,Week3,Truro,Week2,205.0 Truro - 196.0 Lakeview
Lakeview,Week4,Hayfield Farm,Week1,262.0 Hayfield Farm - 140.0 Lakeview
Langley,Week2,Sleepy Hollow Rec,Week1,314.0 Langley - 88.0 Sleepy Hollow Rec
Lakeview,Week5,Shouse Village,Week3,284.0 Shouse Village - 109.0 Lakeview
Langley,Week2,Sleepy Hollow Rec,Week3,299.0 Langley - 103.0 Sleepy Hollow Rec
Langley,Week3,Sleepy Hollow Rec,Week5,308.0 Langley - 94.0 Sleepy Hollow Rec
Lakeview,Week5,Shouse Village,Week2,266.0 Shouse Village - 127.0 Lakeview
Lakeview,Week5,Hunt Valley,Week4,341.0 Hunt Valley - 52.0 Lakeview
Langley,Week1,Lake Braddock,Week4,334.0 Langley - 68.0 Lake Braddock
Lakeview,Week1,Hayfield Farm,Week3,312.0 Hayfield Farm - 90.0 Lakeview
Langley,Week2,Lake Braddock,Week5,326.0 Langley - 76.0 Lake Braddock
Lakeview,Week2,Hunter Mill,Week3,324.0 Hunter Mill - 78.0 Lakeview
Lakeview,Week1,Sideburn Run,Week1,306.0 Sideburn Run - 91.0 Lakeview
Lakeview,Week5,Truro,Week2,195.0 Lakeview - 193.0 Truro
Langley,Week3,Lake Braddock,Week4,341.0 Langley - 61.0 Lake Braddock
Lakeview,Week2,Hunter Mill,Week5,337.0 Hunter Mill - 65.0 Lakeview
Langley,Week2,Lakevale Estates,Week2,209.5 Langley - 192.5 Lakevale Estates
Langley,Week5,Sleepy Hollow Rec,Week3,301.0 Langley - 101.0 Sleepy Hollow Rec
Lakeview,Week3,Hunt Valley,Week3,344.0 Hunt Valley - 58.0 Lakeview
Langley,Week3,Sleepy Hollow Rec,Week3,303.0 Langley - 99.0 Sleepy Hollow Rec
Lakeview,Week3,Truro,Week4,250.0 Truro - 152.0 Lakeview
Lakeview,Week4,Hamlet,Week4,341.0 Hamlet - 61.0 Lakeview
Lakeview,Week1,Truro,Week4,277.0 Truro - 125.0 Lakeview
Lakeview,Week5,Hunt Valley,Week2,337.0 Hunt Valley - 56.0 Lakeview
Lakeview,Week4,Sideburn Run,Week3,284.0 Sideburn Run - 118.0 Lakeview
Lakeview,Week3,Truro,Week3,233.0 Truro - 169.0 Lakeview
Lakeview,Week4,Hamlet,Week3,345.0 Hamlet - 57.0 Lakeview
Langley,Week5,Lake Braddock,Week1,341.0 Langley - 61.0 Lake Braddock
Langley,Week1,Lakevale Estates,Week3,220.0 Lakevale Estates - 182.0 Langley
Lakeview,Week5,Sully Station II,Week4,311.0 Sully Station II - 82.0 Lakeview
Lakeview,Week1,Sideburn Run,Week4,315.0 Sideburn Run - 87.0 Lakeview
Lakeview,Week2,Truro,Week1,267.0 Truro - 135.0 Lakeview
Lakeview,Week4,Hunt Valley,Week4,339.0 Hunt Valley - 63.0 Lakeview
Langley,Week5,Lake Braddock,Week2,329.5 Langley - 72.5 Lake Braddock
Lakeview,Week3,Sideburn Run,Week5,289.0 Sideburn Run - 113.0 Lakeview
Lakeview,Week5,Hunt Valley,Week3,339.0 Hunt Valley - 54.0 Lakeview
Lakeview,Week1,Sideburn Run,Week3,315.0 Sideburn Run - 87.0 Lakeview
Langley,Week2,Somerset-Olde Creek,Week1,331.0 Langley - 70.0 Somerset-Olde Creek
Lakeview,Week4,Hamlet,Week1,342.0 Hamlet - 60.0 Lakeview
Lakeview,Week4,Hamlet,Week2,352.0 Hamlet - 50.0 Lakeview
Lakeview,Week1,Hayfield Farm,Week1,295.0 Hayfield Farm - 107.0 Lakeview
Langley,Week5,Sleepy Hollow Rec,Week4,318.0 Langley - 84.0 Sleepy Hollow Rec
Langley,Week2,Lakevale Estates,Week4,237.0 Lakevale Estates - 165.0 Langley
Lakeview,Week1,Sideburn Run,Week5,315.0 Sideburn Run - 87.0 Lakeview
Langley,Week4,Sleepy Hollow Rec,Week4,335.0 Langley - 67.0 Sleepy Hollow Rec
Lakeview,Week3,Sideburn Run,Week1,288.0 Sideburn Run - 114.0 Lakeview
Lakeview,Week5,Hamlet,Week5,343.0 Hamlet - 50.0 Lakeview
Langley,Week1,Somerset-Olde Creek,Week2,356.0 Langley - 46.0 Somerset-Olde Creek
Langley,Week3,Lakevale Estates,Week1,210.0 Langley - 192.0 Lakevale Estates
Lakeview,Week5,Hunt Valley,Week5,345.0 Hunt Valley - 48.0 Lakeview
Langley,Week2,Sleepy Hollow Rec,Week5,299.0 Langley - 103.0 Sleepy Hollow Rec
Langley,Week3,Lakevale Estates,Week3,223.0 Lakevale Estates - 179.0 Langley
Lakeview,Week2,Hayfield Farm,Week1,306.0 Hayfield Farm - 96.0 Lakeview
Lakeview,Week1,Hayfield Farm,Week2,303.0 Hayfield Farm - 99.0 Lakeview
Langley,Week3,Sleepy Hollow Rec,Week1,312.0 Langley - 90.0 Sleepy Hollow Rec
Lakeview,Week5,Truro,Week1,243.0 Truro - 150.0 Lakeview
Lakeview,Week5,Sideburn Run,Week4,284.0 Sideburn Run - 109.0 Lakeview
Langley,Week1,Somerset-Olde Creek,Week5,339.0 Langley - 63.0 Somerset-Olde Creek
Langley,Week3,Somerset-Olde Creek,Week1,338.0 Langley - 64.0 Somerset-Olde Creek
Lakeview,Week4,Hunt Valley,Week3,339.0 Hunt Valley - 63.0 Lakeview
Lakeview,Week3,Hunter Mill,Week1,289.0 Hunter Mill - 113.0 Lakeview
Lakeview,Week5,Truro,Week3,221.0 Truro - 172.0 Lakeview
Lakeview,Week3,Truro,Week5,234.0 Truro - 168.0 Lakeview
Lakeview,Week1,Hunter Mill,Week3,330.0 Hunter Mill - 72.0 Lakeview
Lakeview,Week3,Hunter Mill,Week3,307.0 Hunter Mill - 95.0 Lakeview
Lakeview,Week5,Truro,Week4,244.0 Truro - 149.0 Lakeview
Lakeview,Week3,Sideburn Run,Week3,294.0 Sideburn Run - 108.0 Lakeview
Lakeview,Week4,Sideburn Run,Week4,278.0 Sideburn Run - 124.0 Lakeview
Langley,Week2,Somerset-Olde Creek,Week5,322.0 Langley - 79.0 Somerset-Olde Creek
Lakeview,Week5,Sideburn Run,Week3,287.0 Sideburn Run - 106.0 Lakeview
Lakeview,Week1,Hayfield Farm,Week5,291.0 Hayfield Farm - 111.0 Lakeview
Lakeview,Week2,Truro,Week4,277.0 Truro - 125.0 Lakeview
Lakeview,Week4,Hamlet,Week5,341.0 Hamlet - 61.0 Lakeview
Langley,Week3,Lake Braddock,Week3,337.0 Langley - 65.0 Lake Braddock
Langley,Week5,Lake Braddock,Week5,326.0 Langley - 76.0 Lake Braddock
Langley,Week1,Lakevale Estates,Week5,233.0 Lakevale Estates - 169.0 Langley
Lakeview,Week1,Truro,Week1,267.0 Truro - 134.0 Lakeview
Lakeview,Week1,Sleepy Hollow B & R,Week2,332.0 Sleepy Hollow B & R - 70.0 Lakeview
Lakeview,Week3,Hayfield Farm,Week1,289.0 Hayfield Farm - 113.0 Lakeview
Langley,Week5,Sleepy Hollow Rec,Week5,302.0 Langley - 100.0 Sleepy Hollow Rec
Lakeview,Week3,Sideburn Run,Week4,290.0 Sideburn Run - 112.0 Lakeview
Lakeview,Week5,Hamlet,Week4,340.0 Hamlet - 53.0 Lakeview
Lakeview,Week5,Fairfax Station,Week5,330.0 Fairfax Station - 63.0 Lakeview
Lakeview,Week2,Truro,Week2,237.0 Truro - 161.0 Lakeview
Langley,Week3,Lake Braddock,Week5,333.0 Langley - 69.0 Lake Braddock
Lakeview,Week1,Truro,Week2,249.0 Truro - 153.0 Lakeview
Lakeview,Week1,Hunter Mill,Week5,328.0 Hunter Mill - 74.0 Lakeview
Lakeview,Week3,Forest Hollow,Week5,300.0 Forest Hollow - 102.0 Lakeview
Lakeview,Week1,Forest Hollow,Week2,291.0 Forest Hollow - 111.0 Lakeview
Lakeview,Week3,Hunt Valley,Week5,349.0 Hunt Valley - 53.0 Lakeview
Lakeview,Week1,Sleepy Hollow B & R,Week3,324.0 Sleepy Hollow B & R - 78.0 Lakeview
Lakeview,Week4,Forest Hollow,Week4,273.0 Forest Hollow - 129.0 Lakeview
Langley,Week1,Somerset-Olde Creek,Week1,345.0 Langley - 57.0 Somerset-Olde Creek
Lakeview,Week3,Hunt Valley,Week4,341.0 Hunt Valley - 61.0 Lakeview
Lakeview,Week5,Sully Station II,Week1,301.0 Sully Station II - 92.0 Lakeview
Lakeview,Week5,Hunt Valley,Week1,325.0 Hunt Valley - 68.0 Lakeview
Lakeview,Week4,Hunt Valley,Week5,353.0 Hunt Valley - 49.0 Lakeview
Lakeview,Week3,Hayfield Farm,Week3,292.0 Hayfield Farm - 110.0 Lakeview
Langley,Week4,Sleepy Hollow Rec,Week1,318.0 Langley - 84.0 Sleepy Hollow Rec
Lakeview,Week3,Hunter Mill,Week5,306.0 Hunter Mill - 96.0 Lakeview
Lakeview,Week4,Sully Station II,Week4,299.0 Sully Station II - 103.0 Lakeview
Lakeview,Week3,Sideburn Run,Week2,280.0 Sideburn Run - 122.0 Lakeview
Langley,Week3,Sleepy Hollow Rec,Week4,323.0 Langley - 79.0 Sleepy Hollow Rec
Lakeview,Week2,Sideburn Run,Week3,309.0 Sideburn Run - 93.0 Lakeview
Langley,Week3,Lakevale Estates,Week2,210.0 Langley - 192.0 Lakevale Estates
Lakeview,Week3,Hayfield Farm,Week4,289.0 Hayfield Farm - 113.0 Lakeview
Lakeview,Week2,Hayfield Farm,Week4,317.0 Hayfield Farm - 85.0 Lakeview
Lakeview,Week2,Hayfield Farm,Week2,310.0 Hayfield Farm - 92.0 Lakeview
Langley,Week1,Somerset-Olde Creek,Week3,348.0 Langley - 54.0 Somerset-Olde Creek
Langley,Week5,Lake Braddock,Week4,336.0 Langley - 66.0 Lake Braddock
Lakeview,Week1,Sleepy Hollow B & R,Week4,332.0 Sleepy Hollow B & R - 70.0 Lakeview
Langley,Week5,Lake Braddock,Week3,327.0 Langley - 75.0 Lake Braddock
Langley,Week2,Lakevale Estates,Week5,249.0 Lakevale Estates - 153.0 Langley
Lakeview,Week4,Hunter Mill,Week3,298.0 Hunter Mill - 104.0 Lakeview
Langley,Week3,Somerset-Olde Creek,Week4,342.0 Langley - 60.0 Somerset-Olde Creek
Lakeview,Week5,Sully Station II,Week3,331.0 Sully Station II - 62.0 Lakeview
Lakeview,Week2,Sideburn Run,Week2,291.0 Sideburn Run - 111.0 Lakeview
Lakeview,Week5,Sideburn Run,Week5,291.0 Sideburn Run - 102.0 Lakeview
Langley,Week5,Sleepy Hollow Rec,Week1,309.0 Langley - 93.0 Sleepy Hollow Rec
Lakeview,Week2,Truro,Week3,257.0 Truro - 145.0 Lakeview
Langley,Week2,Somerset-Olde Creek,Week4,332.0 Langley - 70.0 Somerset-Olde Creek
Lakeview,Week4,Sideburn Run,Week2,277.0 Sideburn Run - 125.0 Lakeview
Langley,Week4,Sleepy Hollow Rec,Week5,312.0 Langley - 90.0 Sleepy Hollow Rec
Lakeview,Week5,Sully Station II,Week5,341.0 Sully Station II - 52.0 Lakeview
Lakeview,Week2,Sideburn Run,Week4,304.0 Sideburn Run - 98.0 Lakeview
Lakeview,Week4,Ilda Community,Week4,216.0 Ilda Community - 186.0 Lakeview
Lakeview,Week5,Sideburn Run,Week2,277.0 Sideburn Run - 116.0 Lakeview
Lakeview,Week1,Forest Hollow,Week1,299.0 Forest Hollow - 103.0 Lakeview
Lakeview,Week4,Fairfax Station,Week3,331.0 Fairfax Station - 71.0 Lakeview
Lakeview,Week3,Truro,Week1,244.0 Truro - 158.0 Lakeview
Langley,Week1,Lakevale Estates,Week4,235.0 Lakevale Estates - 167.0 Langley
Langley,Week3,Somerset-Olde Creek,Week3,343.0 Langley - 59.0 Somerset-Olde Creek
Lakeview,Week2,Forest Hollow,Week4,319.0 Forest Hollow - 83.0 Lakeview
Lakeview,Week4,Hayfield Farm,Week2,270.0 Hayfield Farm - 132.0 Lakeview
Lakeview,Week5,Hayfield Farm,Week1,280.0 Hayfield Farm - 113.0 Lakeview
Langley,Week1,Lakevale Estates,Week1,205.0 Langley - 197.0 Lakevale Estates
Lakeview,Week2,Truro,Week5,260.0 Truro - 141.0 Lakeview
Lakeview,Week3,Hayfield Farm,Week5,270.0 Hayfield Farm - 132.0 Lakeview
Lakeview,Week3,Ilda Community,Week1,217.0 Ilda Community - 185.0 Lakeview
Langley,Week4,Lake Braddock,Week1,350.0 Langley - 52.0 Lake Braddock
Lakeview,Week4,Hayfield Farm,Week4,267.0 Hayfield Farm - 135.0 Lakeview
Langley,Week4,Lake Braddock,Week4,342.0 Langley - 60.0 Lake Braddock
Lakeview,Week5,Forest Hollow,Week2,277.0 Forest Hollow - 116.0 Lakeview
Langley,Week2,Lakevale Estates,Week1,210.0 Langley - 192.0 Lakevale Estates
Lakeview,Week2,Hunter Mill,Week1,321.0 Hunter Mill - 81.0 Lakeview
Lakeview,Week1,Ilda Community,Week4,253.0 Ilda Community - 149.0 Lakeview
Langley,Week5,Sleepy Hollow Rec,Week2,311.0 Langley - 91.0 Sleepy Hollow Rec
Lakeview,Week5,Hayfield Farm,Week2,294.5 Hayfield Farm - 98.5 Lakeview
Langley,Week1,Lakevale Estates,Week2,208.0 Lakevale Estates - 194.0 Langley
Langley,Week4,Lake Braddock,Week5,326.0 Langley - 76.0 Lake Braddock
Lakeview,Week5,Sideburn Run,Week1,290.0 Sideburn Run - 98.0 Lakeview
Lakeview,Week1,Herndon,Week1,230.0 Lakeview - 172.0 Herndon
Langley,Week3,Sleepy Hollow Rec,Week2,314.0 Langley - 88.0 Sleepy Hollow Rec
Lakeview,Week4,Truro,Week1,219.0 Truro - 183.0 Lakeview
Lakeview,Week2,Sideburn Run,Week5,320.0 Sideburn Run - 82.0 Lakeview
Lakeview,Week1,Ilda Community,Week2,241.5 Ilda Community - 160.5 Lakeview
Lakeview,Week1,Forest Hollow,Week3,306.0 Forest Hollow - 96.0 Lakeview
Lakeview,Week5,Hunter Mill,Week1,288.0 Hunter Mill - 105.0 Lakeview
Langley,Week4,Lake Braddock,Week3,335.0 Langley - 67.0 Lake Braddock
Lakeview,Week5,Hunter Mill,Week2,288.0 Hunter Mill - 105.0 Lakeview
Lakeview,Week4,Truro,Week3,204.0 Truro - 198.0 Lakeview
Lakeview,Week5,Hayfield Farm,Week4,282.0 Hayfield Farm - 111.0 Lakeview
Lakeview,Week5,Tuckahoe,Week2,378.0 Tuckahoe - 15.0 Lakeview
Langley,Week2,Lakevale Estates,Week3,221.0 Lakevale Estates - 181.0 Langley
Lakeview,Week2,Forest Hollow,Week5,320.0 Forest Hollow - 82.0 Lakeview
Langley,Week4,Sleepy Hollow Rec,Week2,322.0 Langley - 80.0 Sleepy Hollow Rec
Lakeview,Week4,Forest Hollow,Week5,283.5 Forest Hollow - 118.5 Lakeview
Lakeview,Week2,Tuckahoe,Week3,389.0 Tuckahoe - 13.0 Lakeview
Lakeview,Week2,Ilda Community,Week1,230.0 Ilda Community - 171.0 Lakeview
Lakeview,Week4,Sideburn Run,Week1,276.0 Sideburn Run - 121.0 Lakeview
Lakeview,Week4,Forest Hollow,Week1,252.0 Forest Hollow - 150.0 Lakeview
Lakeview,Week1,Herndon,Week2,236.0 Lakeview - 166.0 Herndon
Lakeview,Week1,Fox Hunt,Week4,298.0 Fox Hunt - 104.0 Lakeview
Langley,Week3,Somerset-Olde Creek,Week2,353.0 Langley - 49.0 Somerset-Olde Creek
Lakeview,Week4,Sideburn Run,Week5,283.0 Sideburn Run - 119.0 Lakeview
Lakeview,Week1,Tuckahoe,Week3,383.0 Tuckahoe - 19.0 Lakeview
Lakeview,Week1,Tuckahoe,Week4,384.0 Tuckahoe - 18.0 Lakeview
Langley,Week2,Somerset-Olde Creek,Week2,341.0 Langley - 61.0 Somerset-Olde Creek
Langley,Week4,Lake Braddock,Week2,342.0 Langley - 60.0 Lake Braddock
Lakeview,Week1,Tuckahoe,Week2,377.0 Tuckahoe - 25.0 Lakeview
Langley,Week4,Lakevale Estates,Week2,214.0 Langley - 188.0 Lakevale Estates
Lakeview,Week2,Sleepy Hollow Rec,Week1,216.0 Sleepy Hollow Rec - 186.0 Lakeview
Lakeview,Week1,Sleepy Hollow B & R,Week1,313.0 Sleepy Hollow B & R - 89.0 Lakeview
Langley,Week3,Lakeview,Week2,355.0 Langley - 47.0 Lakeview
Langley,Week4,Sleepy Hollow Rec,Week3,302.0 Langley - 100.0 Sleepy Hollow Rec
Lakeview,Week2,Tuckahoe,Week1,385.0 Tuckahoe - 17.0 Lakeview
Lakeview,Week1,Forest Hollow,Week5,324.0 Forest Hollow - 78.0 Lakeview
Lakeview,Week1,Herndon,Week3,233.0 Lakeview - 169.0 Herndon
Lakeview,Week5,Fairfax Station,Week4,319.0 Fairfax Station - 74.0 Lakeview
Lakeview,Week2,Forest Hollow,Week3,307.0 Forest Hollow - 95.0 Lakeview
Lakeview,Week1,Tuckahoe,Week1,379.0 Tuckahoe - 23.0 Lakeview
Langley,Week3,Somerset-Olde Creek,Week5,331.0 Langley - 71.0 Somerset-Olde Creek
Lakeview,Week1,Forest Hollow,Week4,318.0 Forest Hollow - 84.0 Lakeview
Langley,Week4,Lakevale Estates,Week3,206.0 Lakevale Estates - 196.0 Langley
Langley,Week2,Somerset-Olde Creek,Week3,334.0 Langley - 67.0 Somerset-Olde Creek
Lakeview,Week5,Hunter Mill,Week3,309.0 Hunter Mill - 84.0 Lakeview
Lakeview,Week4,Fairfax Station,Week5,333.0 Fairfax Station - 69.0 Lakeview
Lakeview,Week2,Sleepy Hollow B & R,Week2,333.0 Sleepy Hollow B & R - 69.0 Lakeview
Lakeview,Week1,Ilda Community,Week5,230.0 Ilda Community - 172.0 Lakeview
Lakeview,Week2,Tuckahoe,Week4,391.0 Tuckahoe - 11.0 Lakeview
Langley,Week3,Lakevale Estates,Week5,241.0 Lakevale Estates - 161.0 Langley
Langley,Week5,Lakevale Estates,Week1,209.0 Langley - 193.0 Lakevale Estates
Lakeview,Week5,Hunter Mill,Week5,317.0 Hunter Mill - 76.0 Lakeview
Langley,Week2,South Run,Week5,233.0 Langley - 169.0 South Run
Lakeview,Week2,Ilda Community,Week4,250.0 Ilda Community - 152.0 Lakeview
Lakeview,Week2,Sleepy Hollow B & R,Week5,353.0 Sleepy Hollow B & R - 49.0 Lakeview
Lakeview,Week2,Herndon,Week1,240.0 Lakeview - 161.0 Herndon
Langley,Week1,Somerset-Olde Creek,Week4,349.0 Langley - 53.0 Somerset-Olde Creek
Lakeview,Week1,Herndon,Week5,236.0 Lakeview - 166.0 Herndon
Lakeview,Week2,Ilda Community,Week2,236.0 Ilda Community - 166.0 Lakeview
Lakeview,Week1,Herndon,Week4,246.0 Lakeview - 156.0 Herndon
Lakeview,Week3,Sleepy Hollow B & R,Week2,308.5 Sleepy Hollow B & R - 93.5 Lakeview
Lakeview,Week3,Tuckahoe,Week2,382.0 Tuckahoe - 20.0 Lakeview
Lakeview,Week1,Sleepy Hollow B & R,Week5,344.0 Sleepy Hollow B & R - 58.0 Lakeview
Lakeview,Week4,Tuckahoe,Week1,375.0 Tuckahoe - 27.0 Lakeview
Langley,Week3,South Run,Week4,275.0 Langley - 127.0 South Run
Lakeview,Week5,Fairfax Station,Week1,326.0 Fairfax Station - 67.0 Lakeview
Langley,Week1,South Run,Week2,272.0 Langley - 130.0 South Run
Langley,Week1,Lakeview,Week3,322.0 Langley - 80.0 Lakeview
Lakeview,Week3,Ilda Community,Week4,242.0 Ilda Community - 160.0 Lakeview
Langley,Week1,Lakeview,Week1,340.5 Langley - 61.5 Lakeview
Lakeview,Week3,Sleepy Hollow B & R,Week3,305.0 Sleepy Hollow B & R - 97.0 Lakeview
Lakeview,Week5,Fairfax Station,Week3,341.0 Fairfax Station - 52.0 Lakeview
Lakeview,Week4,Fairfax Station,Week4,317.0 Fairfax Station - 85.0 Lakeview
Lakeview,Week5,Fairfax Station,Week2,328.0 Fairfax Station - 65.0 Lakeview
Lakeview,Week4,Tuckahoe,Week2,379.0 Tuckahoe - 23.0 Lakeview
Langley,Week2,South Run,Week3,253.0 Langley - 149.0 South Run
Lakeview,Week3,Ilda Community,Week5,217.0 Ilda Community - 184.0 Lakeview
Lakeview,Week4,Sleepy Hollow B & R,Week4,303.0 Sleepy Hollow B & R - 99.0 Lakeview
Langley,Week4,South Run,Week3,278.0 Langley - 124.0 South Run
Lakeview,Week2,Ilda Community,Week5,229.0 Ilda Community - 172.0 Lakeview
Lakeview,Week2,Kent Gardens,Week3,295.0 Kent Gardens - 106.0 Lakeview
Lakeview,Week4,Sleepy Hollow B & R,Week1,266.0 Sleepy Hollow B & R - 136.0 Lakeview
Lakeview,Week4,Tuckahoe,Week4,377.0 Tuckahoe - 25.0 Lakeview
Lakeview,Week2,Sleepy Hollow B & R,Week3,329.0 Sleepy Hollow B & R - 73.0 Lakeview
Langley,Week1,Lakeview,Week5,317.0 Langley - 76.0 Lakeview
Lakeview,Week2,Forest Hollow,Week1,293.0 Forest Hollow - 109.0 Lakeview
Lakeview,Week3,Tuckahoe,Week5,383.0 Tuckahoe - 19.0 Lakeview
Lakeview,Week4,Ilda Community,Week2,218.0 Lakeview - 184.0 Ilda Community
Langley,Week5,Lakevale Estates,Week5,243.0 Lakevale Estates - 159.0 Langley
Langley,Week4,Somerset-Olde Creek,Week2,353.0 Langley - 49.0 Somerset-Olde Creek
Lakeview,Week3,Ilda Community,Week2,223.0 Ilda Community - 179.0 Lakeview
Lakeview,Week2,Sleepy Hollow B & R,Week1,319.0 Sleepy Hollow B & R - 83.0 Lakeview
Lakeview,Week2,Forest Hollow,Week2,284.0 Forest Hollow - 118.0 Lakeview
Langley,Week5,Lakevale Estates,Week4,229.0 Lakevale Estates - 173.0 Langley
Lakeview,Week4,Sleepy Hollow B & R,Week5,321.0 Sleepy Hollow B & R - 81.0 Lakeview
Lakeview,Week4,Hunter Mill,Week2,287.0 Hunter Mill - 115.0 Lakeview
Lakeview,Week5,Tuckahoe,Week1,374.0 Tuckahoe - 19.0 Lakeview
Langley,Week2,Lakeview,Week2,331.0 Langley - 71.0 Lakeview
Lakeview,Week4,Ilda Community,Week3,213.0 Lakeview - 189.0 Ilda Community
Langley,Week4,Somerset-Olde Creek,Week1,343.0 Langley - 59.0 Somerset-Olde Creek
Langley,Week1,Langley,Week3,205.0 Langley (L1) - 197.0 Langley (L2)
Lakeview,Week3,Forest Hollow,Week4,297.0 Forest Hollow - 105.0 Lakeview
Langley,Week5,South Run,Week4,263.0 Langley - 134.0 South Run
Langley,Week2,Lakeview,Week4,305.0 Langley - 97.0 Lakeview
Lakeview,Week3,Vienna Aquatic,Week5,363.0 Vienna Aquatic - 39.0 Lakeview
Lakeview,Week3,Forest Hollow,Week1,266.0 Forest Hollow - 136.0 Lakeview
Lakeview,Week5,Sleepy Hollow B & R,Week1,287.5 Sleepy Hollow B & R - 105.5 Lakeview
Lakeview,Week2,Tuckahoe,Week2,390.0 Tuckahoe - 12.0 Lakeview
Langley,Week2,Lakeview,Week3,322.0 Langley - 80.0 Lakeview
Lakeview,Week3,Forest Hollow,Week2,272.0 Forest Hollow - 130.0 Lakeview
Lakeview,Week5,Sleepy Hollow B & R,Week5,309.0 Sleepy Hollow B & R - 84.0 Lakeview
Lakeview,Week3,Forest Hollow,Week3,285.0 Forest Hollow - 117.0 Lakeview
Langley,Week5,Somerset-Olde Creek,Week4,335.0 Langley - 67.0 Somerset-Olde Creek
Lakeview,Week5,Sleepy Hollow B & R,Week3,294.0 Sleepy Hollow B & R - 99.0 Lakeview
Lakeview,Week4,Hunter Mill,Week5,296.0 Hunter Mill - 106.0 Lakeview
Lakeview,Week1,Sleepy Hollow Rec,Week2,244.0 Sleepy Hollow Rec - 158.0 Lakeview
Lakeview,Week1,Tuckahoe,Week5,385.0 Tuckahoe - 17.0 Lakeview
Lakeview,Week4,Hunter Mill,Week4,297.5 Hunter Mill - 104.5 Lakeview
Lakeview,Week1,Vienna Aquatic,Week4,357.5 Vienna Aquatic - 44.5 Lakeview
Langley,Week4,South Run,Week2,280.0 Langley - 122.0 South Run
Langley,Week2,South Run,Week2,260.0 Langley - 142.0 South Run
Langley,Week3,Lakeview,Week3,334.0 Langley - 68.0 Lakeview
Lakeview,Week5,Hunter Mill,Week4,314.0 Hunter Mill - 79.0 Lakeview
Lakeview,Week4,Forest Hollow,Week2,251.0 Forest Hollow - 151.0 Lakeview
Lakeview,Week1,Ilda Community,Week1,240.0 Ilda Community - 162.0 Lakeview
Lakeview,Week1,Sleepy Hollow Rec,Week5,247.0 Sleepy Hollow Rec - 155.0 Lakeview
Langley,Week4,Somerset-Olde Creek,Week4,352.0 Langley - 50.0 Somerset-Olde Creek
Langley,Week3,Lakeview,Week1,342.0 Langley - 60.0 Lakeview
Langley,Week3,South Run,Week2,268.0 Langley - 134.0 South Run
Lakeview,Week3,Ilda Community,Week3,205.0 Ilda Community - 197.0 Lakeview
Langley,Week3,Lakeview,Week5,333.0 Langley - 60.0 Lakeview
Lakeview,Week5,Forest Hollow,Week1,269.0 Forest Hollow - 124.0 Lakeview
Lakeview,Week2,Vienna Aquatic,Week1,379.0 Vienna Aquatic - 23.0 Lakeview
Lakeview,Week4,Forest Hollow,Week3,278.0 Forest Hollow - 124.0 Lakeview
Lakeview,Week5,Forest Hollow,Week3,285.0 Forest Hollow - 108.0 Lakeview
Lakeview,Week2,Tuckahoe,Week5,386.0 Tuckahoe - 16.0 Lakeview
Lakeview,Week1,Ilda Community,Week3,230.0 Ilda Community - 172.0 Lakeview
Langley,Week4,Somerset-Olde Creek,Week3,346.0 Langley - 56.0 Somerset-Olde Creek
Lakeview,Week3,Sleepy Hollow B & R,Week1,287.0 Sleepy Hollow B & R - 115.0 Lakeview
Langley,Week3,Lakevale Estates,Week4,230.0 Lakevale Estates - 172.0 Langley
Lakeview,Week2,Ilda Community,Week3,218.0 Ilda Community - 184.0 Lakeview
Lakeview,Week2,Vienna Aquatic,Week4,371.0 Vienna Aquatic - 31.0 Lakeview
Lakeview,Week2,Sleepy Hollow B & R,Week4,335.0 Sleepy Hollow B & R - 67.0 Lakeview
Lakeview,Week5,Forest Hollow,Week4,293.0 Forest Hollow - 100.0 Lakeview
Lakeview,Week5,Forest Hollow,Week5,304.0 Forest Hollow - 89.0 Lakeview
Lakeview,Week3,Tuckahoe,Week1,375.0 Tuckahoe - 27.0 Lakeview
Lakeview,Week1,Sleepy Hollow Rec,Week4,234.0 Sleepy Hollow Rec - 168.0 Lakeview
Langley,Week2,Lakeview,Week5,309.0 Langley - 84.0 Lakeview
Lakeview,Week5,Truro,Week5,233.0 Truro - 159.0 Lakeview
Lakeview,Week4,Ilda Community,Week1,210.0 Lakeview - 192.0 Ilda Community
Langley,Week1,South Run,Week5,244.0 Langley - 158.0 South Run
Lakeview,Week1,Sleepy Hollow Rec,Week3,258.0 Sleepy Hollow Rec - 144.0 Lakeview
Langley,Week4,Lakevale Estates,Week1,217.0 Langley - 185.0 Lakevale Estates
Lakeview,Week1,Fox Hunt,Week1,301.5 Fox Hunt - 100.5 Lakeview
Lakeview,Week3,Sleepy Hollow B & R,Week4,318.0 Sleepy Hollow B & R - 84.0 Lakeview
Lakeview,Week5,Ilda Community,Week1,206.0 Ilda Community - 187.0 Lakeview
Langley,Week5,Somerset-Olde Creek,Week3,339.0 Langley - 63.0 Somerset-Olde Creek
Langley,Week5,Somerset-Olde Creek,Week5,320.0 Langley - 82.0 Somerset-Olde Creek
Lakeview,Week3,Tuckahoe,Week3,382.0 Tuckahoe - 20.0 Lakeview
Langley,Week4,Lakevale Estates,Week5,219.0 Lakevale Estates - 183.0 Langley
Langley,Week4,Lakevale Estates,Week4,214.0 Lakevale Estates - 188.0 Langley
Lakeview,Week2,Fox Hunt,Week5,329.0 Fox Hunt - 73.0 Lakeview
Langley,Week1,South Run,Week4,276.5 Langley - 125.5 South Run
Langley,Week3,South Run,Week5,247.0 Langley - 155.0 South Run
Lakeview,Week4,Sleepy Hollow B & R,Week3,294.0 Sleepy Hollow B & R - 108.0 Lakeview
Langley,Week1,Lakeview,Week4,311.0 Langley - 91.0 Lakeview
Lakeview,Week5,Tuckahoe,Week3,376.0 Tuckahoe - 17.0 Lakeview
Lakeview,Week3,Tuckahoe,Week4,385.0 Tuckahoe - 17.0 Lakeview
Lakeview,Week1,Fox Hunt,Week3,305.0 Fox Hunt - 97.0 Lakeview
Lakeview,Week4,Ilda Community,Week5,211.0 Lakeview - 190.0 Ilda Community
Langley,Week5,Lakevale Estates,Week3,212.0 Lakevale Estates - 190.0 Langley
Lakeview,Week5,Ilda Community,Week2,205.0 Ilda Community - 188.0 Lakeview
Lakeview,Week1,Fox Hunt,Week2,302.0 Fox Hunt - 100.0 Lakeview
Lakeview,Week4,Sleepy Hollow B & R,Week2,308.0 Sleepy Hollow B & R - 94.0 Lakeview
Lakeview,Week3,Sleepy Hollow B & R,Week5,322.0 Sleepy Hollow B & R - 80.0 Lakeview
Langley,Week5,Lakevale Estates,Week2,206.0 Langley - 196.0 Lakevale Estates
Langley,Week2,South Run,Week4,265.0 Langley - 137.0 South Run
Lakeview,Week5,Ilda Community,Week4,221.0 Ilda Community - 172.0 Lakeview
Lakeview,Week1,Sleepy Hollow Rec,Week1,239.0 Sleepy Hollow Rec - 163.0 Lakeview
Lakeview,Week5,Tuckahoe,Week4,382.0 Tuckahoe - 11.0 Lakeview
Langley,Week3,South Run,Week3,263.0 Langley - 139.0 South Run
Lakeview,Week4,Tuckahoe,Week5,379.0 Tuckahoe - 23.0 Lakeview
Lakeview,Week4,Tuckahoe,Week3,379.0 Tuckahoe - 23.0 Lakeview
Lakeview,Week5,Tuckahoe,Week5,385.0 Tuckahoe - 8.0 Lakeview
Lakeview,Week1,Kent Gardens,Week1,318.0 Kent Gardens - 84.0 Lakeview
Lakeview,Week5,Sleepy Hollow B & R,Week2,297.0 Sleepy Hollow B & R - 96.0 Lakeview
Lakeview,Week1,Kent Gardens,Week2,303.0 Kent Gardens - 99.0 Lakeview
Lakeview,Week5,Fox Hunt,Week2,258.0 Fox Hunt - 135.0 Lakeview
Langley,Week1,Lakeview,Week2,340.0 Langley - 62.0 Lakeview
Lakeview,Week5,Sleepy Hollow B & R,Week4,305.0 Sleepy Hollow B & R - 88.0 Lakeview
Lakeview,Week3,Fox Hunt,Week4,266.0 Fox Hunt - 136.0 Lakeview
Langley,Week5,Somerset-Olde Creek,Week2,341.0 Langley - 61.0 Somerset-Olde Creek
Langley,Week1,South Run,Week1,243.5 Langley - 149.5 South Run
Langley,Week2,Lakeview,Week1,332.0 Langley - 70.0 Lakeview
Lakeview,Week5,Fox Hunt,Week3,278.0 Fox Hunt - 115.0 Lakeview
Lakeview,Week1,Vienna Aquatic,Week3,365.0 Vienna Aquatic - 37.0 Lakeview
Lakeview,Week1,Vienna Aquatic,Week5,377.0 Vienna Aquatic - 25.0 Lakeview
Lakeview,Week5,Ilda Community,Week5,201.0 Ilda Community - 192.0 Lakeview
Lakeview,Week1,Kent Gardens,Week3,293.0 Kent Gardens - 109.0 Lakeview
Langley,Week4,Lakeview,Week2,346.0 Langley - 56.0 Lakeview
Langley,Week4,Somerset-Olde Creek,Week5,342.0 Langley - 60.0 Somerset-Olde Creek
Lakeview,Week5,Ilda Community,Week3,203.0 Ilda Community - 190.0 Lakeview
Langley,Week4,Lakeview,Week3,324.0 Langley - 78.0 Lakeview
Lakeview,Week2,Fox Hunt,Week3,308.0 Fox Hunt - 94.0 Lakeview
Lakeview,Week1,Vienna Aquatic,Week2,365.0 Vienna Aquatic - 37.0 Lakeview
Langley,Week2,South Run,Week1,232.0 Langley - 161.0 South Run
Lakeview,Week4,Fox Hunt,Week2,252.0 Fox Hunt - 150.0 Lakeview
Langley,Week3,South Run,Week1,246.0 Langley - 147.0 South Run
Lakeview,Week5,Fox Hunt,Week5,302.0 Fox Hunt - 91.0 Lakeview
Lakeview,Week4,Sleepy Hollow Rec,Week2,213.0 Lakeview - 189.0 Sleepy Hollow Rec
Lakeview,Week2,Vienna Aquatic,Week2,366.0 Vienna Aquatic - 36.0 Lakeview
Langley,Week5,Somerset-Olde Creek,Week1,332.0 Langley - 70.0 Somerset-Olde Creek
Langley,Week5,Lakeview,Week1,338.0 Langley - 64.0 Lakeview
Lakeview,Week2,Sleepy Hollow Rec,Week3,254.0 Sleepy Hollow Rec - 148.0 Lakeview
Lakeview,Week1,Kent Gardens,Week4,301.0 Kent Gardens - 101.0 Lakeview
Lakeview,Week1,Vienna Aquatic,Week1,362.0 Vienna Aquatic - 40.0 Lakeview
Lakeview,Week2,Sleepy Hollow Rec,Week5,239.0 Sleepy Hollow Rec - 163.0 Lakeview
Lakeview,Week1,Kent Gardens,Week5,338.0 Kent Gardens - 64.0 Lakeview
Lakeview,Week1,Fox Mill Estates,Week2,287.0 Fox Mill Estates - 115.0 Lakeview
Lakeview,Week3,Sleepy Hollow Rec,Week3,231.0 Sleepy Hollow Rec - 171.0 Lakeview
Langley,Week1,South Run,Week3,272.0 Langley - 130.0 South Run
Langley,Week5,Lakeview,Week2,344.0 Langley - 58.0 Lakeview
Lakeview,Week2,Somerset-Olde Creek,Week1,235.0 Lakeview - 165.0 Somerset-Olde Creek
Langley,Week4,Lakeview,Week1,338.0 Langley - 64.0 Lakeview
Lakeview,Week1,Somerset-Olde Creek,Week5,213.0 Lakeview - 188.0 Somerset-Olde Creek
Lakeview,Week3,Sleepy Hollow Rec,Week2,218.0 Sleepy Hollow Rec - 184.0 Lakeview
Lakeview,Week4,Fox Hunt,Week4,251.0 Fox Hunt - 151.0 Lakeview
Langley,Week5,South Run,Week1,227.0 Langley - 166.0 South Run
Langley,Week5,South Run,Week2,263.0 Langley - 139.0 South Run
Langley,Week5,Lakeview,Week5,320.5 Langley - 71.5 Lakeview
Lakeview,Week4,Kent Gardens,Week4,254.0 Kent Gardens - 148.0 Lakeview
Lakeview,Week5,Fox Hunt,Week1,257.0 Fox Hunt - 136.0 Lakeview
Langley,Week4,Lakeview,Week5,321.0 Langley - 72.0 Lakeview
Lakeview,Week3,Vienna Aquatic,Week2,346.0 Vienna Aquatic - 56.0 Lakeview
Lakeview,Week4,Kent Gardens,Week1,282.0 Kent Gardens - 120.0 Lakeview
Langley,Week5,South Run,Week3,249.0 Langley - 153.0 South Run
Lakeview,Week4,Fox Hunt,Week3,260.0 Fox Hunt - 142.0 Lakeview
Lakeview,Week3,Vienna Aquatic,Week3,355.0 Vienna Aquatic - 47.0 Lakeview
Lakeview,Week4,Sleepy Hollow Rec,Week4,222.0 Lakeview - 180.0 Sleepy Hollow Rec
Langley,Week3,Lakeview,Week4,321.0 Langley - 81.0 Lakeview
Lakeview,Week1,Fox Mill Estates,Week4,300.0 Fox Mill Estates - 102.0 Lakeview
Lakeview,Week3,Sleepy Hollow Rec,Week1,209.0 Sleepy Hollow Rec - 193.0 Lakeview
Langley,Week4,Lakeview,Week4,311.0 Langley - 91.0 Lakeview
Lakeview,Week2,Vienna Aquatic,Week5,378.0 Vienna Aquatic - 24.0 Lakeview
Lakeview,Week1,Fox Mill Estates,Week3,285.0 Fox Mill Estates - 117.0 Lakeview
Lakeview,Week2,Kent Gardens,Week2,297.0 Kent Gardens - 104.0 Lakeview
Lakeview,Week3,Vienna Aquatic,Week1,349.0 Vienna Aquatic - 53.0 Lakeview
Langley,Week4,South Run,Week1,256.0 Langley - 137.0 South Run
Lakeview,Week2,Kent Gardens,Week1,315.0 Kent Gardens - 86.0 Lakeview
Lakeview,Week1,Somerset-Olde Creek,Week4,232.0 Lakeview - 169.0 Somerset-Olde Creek
Lakeview,Week1,Somerset-Olde Creek,Week3,269.0 Lakeview - 131.0 Somerset-Olde Creek
Lakeview,Week2,Vienna Aquatic,Week3,369.0 Vienna Aquatic - 33.0 Lakeview
Lakeview,Week5,Fox Hunt,Week4,267.0 Fox Hunt - 126.0 Lakeview
Langley,Week5,Lakeview,Week3,323.0 Langley - 79.0 Lakeview
Lakeview,Week1,Kings Ridge ,Week1,243.0 Kings Ridge - 159.0 Lakeview
Lakeview,Week3,Vienna Aquatic,Week4,351.0 Vienna Aquatic - 51.0 Lakeview
Lakeview,Week1,Kings Ridge ,Week5,250.0 Kings Ridge - 151.0 Lakeview
Lakeview,Week2,Kent Gardens,Week4,295.0 Kent Gardens - 107.0 Lakeview
Langley,Week4,South Run,Week4,284.0 Langley - 118.0 South Run
Langley,Week5,Lakeview,Week4,303.0 Langley - 99.0 Lakeview
Langley,Week4,South Run,Week5,249.0 Langley - 153.0 South Run
Lakeview,Week3,Vienna Woods,Week2,356.0 Vienna Woods - 46.0 Lakeview
Lakeview,Week5,Sleepy Hollow Rec,Week5,210.0 Sleepy Hollow Rec - 183.0 Lakeview
Lakeview,Week4,Sleepy Hollow Rec,Week5,208.0 Lakeview - 194.0 Sleepy Hollow Rec
Lakeview,Week5,Kent Gardens,Week2,279.0 Kent Gardens - 113.0 Lakeview
Langley,Week1,Springfield,Week2,374.0 Langley - 25.0 Springfield
Lakeview,Week5,Kent Gardens,Week3,266.0 Kent Gardens - 126.0 Lakeview
Lakeview,Week1,Fox Mill Estates,Week5,285.0 Fox Mill Estates - 117.0 Lakeview
Langley,Week5,Langley,Week5,198.0 Langley (L1) - 198.0 Langley (L2)
Lakeview,Week5,Sleepy Hollow Rec,Week4,199.0 Lakeview - 194.0 Sleepy Hollow Rec
Lakeview,Week4,Fox Hunt,Week1,250.0 Fox Hunt - 152.0 Lakeview
Langley,Week3,Springboard,Week5,306.0 Langley - 96.0 Springboard
Langley,Week5,Langley,Week2,203.0 Langley (L1) - 199.0 Langley (L2)
Langley,Week3,Langley,Week1,205.0 Langley (L2) - 197.0 Langley (L1)
Lakeview,Week5,Sleepy Hollow Rec,Week2,201.0 Sleepy Hollow Rec - 192.0 Lakeview
Lakeview,Week4,Sleepy Hollow Rec,Week1,211.0 Lakeview - 191.0 Sleepy Hollow Rec
Langley,Week1,Springfield,Week1,378.0 Langley - 21.0 Springfield
Lakeview,Week2,Kent Gardens,Week5,344.0 Kent Gardens - 58.0 Lakeview
Langley,Week5,Langley,Week4,226.0 Langley (L2) - 176.0 Langley (L1)
Lakeview,Week4,Fox Hunt,Week5,277.0 Fox Hunt - 125.0 Lakeview
Lakeview,Week1,Vienna Woods,Week2,369.5 Vienna Woods - 32.5 Lakeview
Lakeview,Week1,Vienna Woods,Week3,374.0 Vienna Woods - 28.0 Lakeview
Langley,Week1,Langley,Week2,207.0 Langley (L1) - 195.0 Langley (L2)
Lakeview,Week5,Vienna Aquatic,Week4,350.0 Vienna Aquatic - 43.0 Lakeview
Lakeview,Week3,Kent Gardens,Week5,311.0 Kent Gardens - 91.0 Lakeview
Lakeview,Week4,Kent Gardens,Week2,252.0 Kent Gardens - 150.0 Lakeview
Lakeview,Week2,Vienna Woods,Week5,378.0 Vienna Woods - 24.0 Lakeview
Langley,Week4,Springboard,Week2,338.0 Langley - 64.0 Springboard
Langley,Week1,Langley,Week1,201.0 Langley (L1) - 201.0 Langley (L2)
Lakeview,Week3,Fox Hunt,Week3,287.0 Fox Hunt - 115.0 Lakeview
Langley,Week5,Springboard,Week3,313.0 Langley - 89.0 Springboard
Lakeview,Week3,Fox Hunt,Week2,268.0 Fox Hunt - 134.0 Lakeview
Lakeview,Week1,Vienna Woods,Week1,363.0 Vienna Woods - 39.0 Lakeview
Lakeview,Week2,Fox Mill Estates,Week1,250.5 Fox Mill Estates - 151.5 Lakeview
Langley,Week4,Springboard,Week1,323.0 Langley - 79.0 Springboard
Lakeview,Week1,Somerset-Olde Creek,Week1,232.0 Lakeview - 163.0 Somerset-Olde Creek
Lakeview,Week2,Fox Hunt,Week2,298.0 Fox Hunt - 104.0 Lakeview
Lakeview,Week3,Fox Hunt,Week5,293.0 Fox Hunt - 109.0 Lakeview
Lakeview,Week1,Fox Hunt,Week5,322.0 Fox Hunt - 80.0 Lakeview
Langley,Week1,Springfield,Week3,379.0 Langley - 20.0 Springfield
Lakeview,Week2,Somerset-Olde Creek,Week2,261.0 Lakeview - 140.0 Somerset-Olde Creek
Lakeview,Week3,Kent Gardens,Week2,276.0 Kent Gardens - 126.0 Lakeview
Lakeview,Week5,Kent Gardens,Week1,300.0 Kent Gardens - 92.0 Lakeview
Lakeview,Week2,Sleepy Hollow Rec,Week2,247.0 Sleepy Hollow Rec - 155.0 Lakeview
Lakeview,Week1,Vienna Woods,Week4,360.0 Vienna Woods - 42.0 Lakeview
Langley,Week4,Langley,Week5,226.0 Langley (L1) - 176.0 Langley (L2)
Lakeview,Week2,Vienna Woods,Week4,370.0 Vienna Woods - 32.0 Lakeview
Lakeview,Week3,Somerset-Olde Creek,Week4,253.0 Lakeview - 149.0 Somerset-Olde Creek
Lakeview,Week4,Vienna Aquatic,Week3,351.0 Vienna Aquatic - 51.0 Lakeview
Lakeview,Week5,Kent Gardens,Week4,275.0 Kent Gardens - 118.0 Lakeview
Lakeview,Week2,Fox Hunt,Week4,284.0 Fox Hunt - 118.0 Lakeview
Langley,Week5,South Run,Week5,235.5 Langley - 166.5 South Run
Langley,Week5,Springboard,Week5,299.0 Langley - 103.0 Springboard
Langley,Week1,Laurel Hill,Week2,329.0 Langley - 73.0 Laurel Hill
Lakeview,Week3,Vienna Woods,Week3,372.0 Vienna Woods - 30.0 Lakeview
Langley,Week2,Springboard,Week3,309.0 Langley - 93.0 Springboard
Lakeview,Week3,Kent Gardens,Week3,264.0 Kent Gardens - 138.0 Lakeview
Lakeview,Week3,Kent Gardens,Week4,269.0 Kent Gardens - 133.0 Lakeview
Lakeview,Week5,Vienna Aquatic,Week5,361.0 Vienna Aquatic - 32.0 Lakeview
Langley,Week2,Langley,Week4,212.0 Langley (L2) - 190.0 Langley (L1)
Lakeview,Week1,Fox Mill Estates,Week1,275.0 Fox Mill Estates - 127.0 Lakeview
Langley,Week2,Langley,Week5,203.0 Langley (L2) - 199.0 Langley (L1)
Lakeview,Week2,Sleepy Hollow Rec,Week4,228.5 Sleepy Hollow Rec - 173.5 Lakeview
Langley,Week4,Langley,Week3,223.0 Langley (L1) - 179.0 Langley (L2)
Langley,Week3,Langley,Week5,201.5 Langley (L1) - 200.5 Langley (L2)
Lakeview,Week4,Kent Gardens,Week3,253.0 Kent Gardens - 149.0 Lakeview
Lakeview,Week5,Sleepy Hollow Rec,Week3,220.0 Sleepy Hollow Rec - 173.0 Lakeview
Lakeview,Week5,Vienna Aquatic,Week1,352.0 Vienna Aquatic - 41.0 Lakeview
Lakeview,Week3,Pinewood Lake,Week2,328.0 Lakeview - 71.0 Pinewood Lake
Lakeview,Week5,Kent Gardens,Week5,319.0 Kent Gardens - 74.0 Lakeview
Lakeview,Week1,Somerset-Olde Creek,Week2,244.0 Lakeview - 157.0 Somerset-Olde Creek
Langley,Week2,Langley,Week3,206.0 Langley (L1) - 196.0 Langley (L2)
Lakeview,Week2,Vienna Woods,Week1,373.5 Vienna Woods - 28.5 Lakeview
Lakeview,Week2,Vienna Woods,Week2,374.0 Vienna Woods - 28.0 Lakeview
Lakeview,Week1,Kings Ridge ,Week3,231.0 Kings Ridge - 171.0 Lakeview
Langley,Week1,Springboard,Week1,318.0 Langley - 84.0 Springboard
Langley,Week4,Langley,Week1,217.0 Langley (L1) - 185.0 Langley (L2)
Langley,Week2,Springboard,Week2,328.5 Langley - 73.5 Springboard
Lakeview,Week3,Sleepy Hollow Rec,Week4,203.0 Sleepy Hollow Rec - 199.0 Lakeview
Lakeview,Week4,Fox Mill Estates,Week4,252.0 Fox Mill Estates - 150.0 Lakeview
Lakeview,Week4,Vienna Aquatic,Week5,361.0 Vienna Aquatic - 41.0 Lakeview
Lakeview,Week2,Fox Mill Estates,Week2,277.0 Fox Mill Estates - 125.0 Lakeview
Lakeview,Week3,Kent Gardens,Week1,299.0 Kent Gardens - 103.0 Lakeview
Lakeview,Week1,Pinewood Lake,Week5,296.0 Lakeview - 104.0 Pinewood Lake
Lakeview,Week3,Sleepy Hollow Rec,Week5,226.0 Sleepy Hollow Rec - 176.0 Lakeview
Langley,Week3,Springboard,Week4,305.0 Langley - 97.0 Springboard
Lakeview,Week2,Fox Hunt,Week1,286.0 Fox Hunt - 116.0 Lakeview
Lakeview,Week4,Sleepy Hollow Rec,Week3,207.0 Sleepy Hollow Rec - 195.0 Lakeview
Lakeview,Week3,Fox Hunt,Week1,260.0 Fox Hunt - 142.0 Lakeview
Lakeview,Week4,Kent Gardens,Week5,304.0 Kent Gardens - 98.0 Lakeview
Lakeview,Week4,Vienna Aquatic,Week1,340.0 Vienna Aquatic - 62.0 Lakeview
Lakeview,Week5,Sleepy Hollow Rec,Week1,206.0 Sleepy Hollow Rec - 187.0 Lakeview
Lakeview,Week5,Pinecrest,Week2,338.0 Pinecrest - 55.0 Lakeview
Langley,Week1,Langley,Week5,211.5 Langley (L1) - 190.5 Langley (L2)
Langley,Week1,Springboard,Week4,317.0 Langley - 85.0 Springboard
Lakeview,Week1,Kings Ridge ,Week2,223.0 Kings Ridge - 179.0 Lakeview
Lakeview,Week5,Fox Mill Estates,Week5,265.0 Fox Mill Estates - 128.0 Lakeview
Langley,Week2,Springboard,Week5,302.5 Langley - 99.5 Springboard
Langley,Week2,Springboard,Week1,306.0 Langley - 96.0 Springboard
Lakeview,Week2,Pinewood Lake,Week5,309.0 Lakeview - 90.0 Pinewood Lake
Langley,Week4,Langley,Week2,212.0 Langley (L1) - 190.0 Langley (L2)
Lakeview,Week2,Fox Mill Woods,Week5,352.0 Fox Mill Woods - 50.0 Lakeview
Lakeview,Week3,Vienna Woods,Week1,361.0 Vienna Woods - 41.0 Lakeview
Lakeview,Week3,Kings Ridge ,Week4,232.0 Kings Ridge - 170.0 Lakeview
Lakeview,Week3,Somerset-Olde Creek,Week1,245.0 Lakeview - 157.0 Somerset-Olde Creek
Lakeview,Week1,Kings Ridge ,Week4,257.0 Kings Ridge - 145.0 Lakeview
Langley,Week1,Langley,Week4,217.0 Langley (L2) - 185.0 Langley (L1)
Lakeview,Week2,Pinewood Lake,Week4,320.0 Lakeview - 77.0 Pinewood Lake
Lakeview,Week2,Vienna Woods,Week3,387.0 Vienna Woods - 15.0 Lakeview
Langley,Week2,Tuckahoe,Week3,306.0 Tuckahoe - 96.0 Langley
Lakeview,Week2,Fox Mill Woods,Week2,344.0 Fox Mill Woods - 58.0 Lakeview
Lakeview,Week3,Somerset-Olde Creek,Week2,266.0 Lakeview - 136.0 Somerset-Olde Creek
Lakeview,Week3,Kings Ridge ,Week3,214.0 Kings Ridge - 188.0 Lakeview
Lakeview,Week3,Pinewood Lake,Week5,314.0 Lakeview - 84.0 Pinewood Lake
Langley,Week3,Springboard,Week3,322.0 Langley - 80.0 Springboard
Lakeview,Week2,Somerset-Olde Creek,Week3,269.0 Lakeview - 133.0 Somerset-Olde Creek
Lakeview,Week1,Vienna Woods,Week5,382.0 Vienna Woods - 20.0 Lakeview
Lakeview,Week4,Pinewood Lake,Week2,330.0 Lakeview - 69.0 Pinewood Lake
Lakeview,Week3,Pinecrest,Week4,351.0 Pinecrest - 51.0 Lakeview
Langley,Week5,Langley,Week1,211.5 Langley (L2) - 190.5 Langley (L1)
Lakeview,Week1,Fox Mill Woods,Week3,329.0 Fox Mill Woods - 73.0 Lakeview
Lakeview,Week3,Fox Mill Woods,Week4,344.0 Fox Mill Woods - 58.0 Lakeview
Langley,Week4,Springboard,Week4,321.0 Langley - 81.0 Springboard
Langley,Week2,Langley,Week1,207.0 Langley (L2) - 195.0 Langley (L1)
Langley,Week4,Truro,Week4,306.0 Langley - 96.0 Truro
Lakeview,Week3,Somerset-Olde Creek,Week3,281.0 Lakeview - 120.0 Somerset-Olde Creek
Lakeview,Week3,Kings Ridge ,Week5,244.0 Kings Ridge - 158.0 Lakeview
Langley,Week4,Springboard,Week3,332.0 Langley - 70.0 Springboard
Lakeview,Week1,Fox Mill Woods,Week2,327.0 Fox Mill Woods - 75.0 Lakeview
Langley,Week1,Springboard,Week5,312.5 Langley - 89.5 Springboard
Langley,Week3,Langley,Week4,223.0 Langley (L2) - 179.0 Langley (L1)
Langley,Week3,Truro,Week5,310.0 Langley - 92.0 Truro
Lakeview,Week5,Vienna Aquatic,Week2,344.0 Vienna Aquatic - 49.0 Lakeview
Langley,Week2,Tuckahoe,Week2,283.0 Tuckahoe - 119.0 Langley
Lakeview,Week2,Fox Mill Estates,Week4,295.0 Fox Mill Estates - 107.0 Lakeview
Lakeview,Week4,Somerset-Olde Creek,Week1,267.0 Lakeview - 135.0 Somerset-Olde Creek
Langley,Week3,Springboard,Week1,317.0 Langley - 85.0 Springboard
Langley,Week5,Langley,Week3,201.5 Langley (L2) - 200.5 Langley (L1)
Lakeview,Week4,Pinecrest,Week5,344.5 Pinecrest - 57.5 Lakeview
Langley,Week5,Truro,Week2,311.5 Langley - 90.5 Truro
Lakeview,Week4,Pinecrest,Week4,348.0 Pinecrest - 54.0 Lakeview
Lakeview,Week2,Somerset-Olde Creek,Week4,235.0 Lakeview - 166.0 Somerset-Olde Creek
Langley,Week4,Springboard,Week5,311.0 Langley - 91.0 Springboard
Lakeview,Week3,Fox Mill Woods,Week2,323.0 Fox Mill Woods - 79.0 Lakeview
Langley,Week5,Truro,Week3,310.0 Langley - 92.0 Truro
Lakeview,Week4,Fox Mill Woods,Week2,324.0 Fox Mill Woods - 78.0 Lakeview
Langley,Week2,Springboard,Week4,309.0 Langley - 93.0 Springboard
Lakeview,Week3,Somerset-Olde Creek,Week5,230.0 Lakeview - 172.0 Somerset-Olde Creek
Lakeview,Week5,Kings Ridge ,Week4,224.0 Kings Ridge - 169.0 Lakeview
Lakeview,Week4,Vienna Aquatic,Week4,346.0 Vienna Aquatic - 56.0 Lakeview
Langley,Week3,Langley,Week3,201.0 Langley (L1) - 201.0 Langley (L2)
Lakeview,Week4,Kings Ridge ,Week4,206.0 Kings Ridge - 196.0 Lakeview
Lakeview,Week5,Vienna Woods,Week1,351.5 Vienna Woods - 41.5 Lakeview
Langley,Week4,Truro,Week1,300.0 Langley - 102.0 Truro
Langley,Week3,Tuckahoe,Week4,300.0 Tuckahoe - 102.0 Langley
Lakeview,Week4,Vienna Aquatic,Week2,332.0 Vienna Aquatic - 70.0 Lakeview
Lakeview,Week5,Pinecrest,Week4,353.5 Pinecrest - 39.5 Lakeview
Lakeview,Week3,Pinecrest,Week1,330.5 Pinecrest - 71.5 Lakeview
Langley,Week2,Langley,Week2,201.0 Langley (L1) - 201.0 Langley (L2)
Langley,Week3,Langley,Week2,206.0 Langley (L2) - 196.0 Langley (L1)
Langley,Week1,Springboard,Week2,344.0 Langley - 58.0 Springboard
Lakeview,Week4,Kings Ridge ,Week1,218.5 Lakeview - 183.5 Kings Ridge
Lakeview,Week5,Vienna Aquatic,Week3,359.0 Vienna Aquatic - 34.0 Lakeview
Lakeview,Week2,Somerset-Olde Creek,Week5,224.0 Lakeview - 177.0 Somerset-Olde Creek
Lakeview,Week3,Fox Mill Estates,Week2,269.0 Fox Mill Estates - 133.0 Lakeview
Langley,Week3,Tuckahoe,Week2,275.0 Tuckahoe - 127.0 Langley
Lakeview,Week4,Villa Aquatic,Week5,270.0 Villa Aquatic - 132.0 Lakeview
Lakeview,Week1,Pinewood Lake,Week3,317.0 Lakeview - 79.0 Pinewood Lake
Langley,Week1,Tuckahoe,Week5,267.0 Tuckahoe - 135.0 Langley
Lakeview,Week1,Villa Aquatic,Week4,304.5 Villa Aquatic - 97.5 Lakeview
Lakeview,Week4,Somerset-Olde Creek,Week2,276.0 Lakeview - 126.0 Somerset-Olde Creek
Langley,Week1,Tuckahoe,Week2,271.0 Tuckahoe - 131.0 Langley
Langley,Week4,Laurel Hill,Week2,334.0 Langley - 68.0 Laurel Hill
Lakeview,Week4,Pinecrest,Week1,326.0 Pinecrest - 76.0 Lakeview
Lakeview,Week2,Kings Ridge ,Week1,220.0 Kings Ridge - 182.0 Lakeview
Lakeview,Week2,South Run,Week3,287.0 South Run - 115.0 Lakeview
Lakeview,Week1,Pinewood Lake,Week2,308.0 Lakeview - 83.0 Pinewood Lake
Lakeview,Week1,Pinewood Lake,Week1,321.0 Lakeview - 74.0 Pinewood Lake
Langley,Week4,Langley,Week4,201.0 Langley (L1) - 201.0 Langley (L2)
Langley,Week1,Tuckahoe,Week3,303.0 Tuckahoe - 99.0 Langley
Lakeview,Week5,Vienna Woods,Week2,347.0 Vienna Woods - 46.0 Lakeview
Lakeview,Week3,Fox Mill Estates,Week1,255.0 Fox Mill Estates - 147.0 Lakeview
Lakeview,Week4,Somerset-Olde Creek,Week3,286.0 Lakeview - 110.0 Somerset-Olde Creek
Lakeview,Week4,Kings Ridge ,Week5,219.0 Kings Ridge - 183.0 Lakeview
Lakeview,Week3,Villa Aquatic,Week3,300.0 Villa Aquatic - 102.0 Lakeview
Lakeview,Week2,Kings Ridge ,Week4,239.0 Kings Ridge - 163.0 Lakeview
Langley,Week1,Laurel Hill,Week1,325.0 Langley - 77.0 Laurel Hill
Langley,Week5,Springboard,Week1,301.0 Langley - 101.0 Springboard
Lakeview,Week2,Kings Ridge ,Week2,208.0 Kings Ridge - 194.0 Lakeview
Langley,Week1,Springboard,Week3,319.0 Langley - 83.0 Springboard
Langley,Week3,Springboard,Week2,332.0 Langley - 70.0 Springboard
Lakeview,Week4,Vienna Woods,Week2,357.0 Vienna Woods - 45.0 Lakeview
Lakeview,Week5,Somerset-Olde Creek,Week5,230.0 Lakeview - 161.0 Somerset-Olde Creek
Lakeview,Week3,Fox Mill Estates,Week4,289.0 Fox Mill Estates - 113.0 Lakeview
Lakeview,Week3,Fox Mill Estates,Week3,288.0 Fox Mill Estates - 114.0 Lakeview
Langley,Week2,Laurel Hill,Week1,306.0 Langley - 95.0 Laurel Hill
Lakeview,Week1,Fox Mill Woods,Week5,327.0 Fox Mill Woods - 75.0 Lakeview
Lakeview,Week4,Kings Ridge ,Week2,224.0 Lakeview - 178.0 Kings Ridge
Langley,Week5,Springboard,Week2,319.0 Langley - 78.0 Springboard
Langley,Week1,Laurel Hill,Week5,290.0 Langley - 112.0 Laurel Hill
Lakeview,Week4,Pinecrest,Week2,336.0 Pinecrest - 66.0 Lakeview
Langley,Week4,Laurel Hill,Week1,321.0 Langley - 81.0 Laurel Hill
Lakeview,Week5,Kings Ridge ,Week1,197.0 Lakeview - 196.0 Kings Ridge
Lakeview,Week4,Fox Mill Estates,Week2,255.0 Fox Mill Estates - 147.0 Lakeview
Lakeview,Week1,Pinewood Lake,Week4,316.0 Lakeview - 80.0 Pinewood Lake
Langley,Week5,Springboard,Week4,302.0 Langley - 100.0 Springboard
Lakeview,Week5,Somerset-Olde Creek,Week1,237.0 Lakeview - 154.0 Somerset-Olde Creek
Lakeview,Week2,Villa Aquatic,Week2,302.0 Villa Aquatic - 100.0 Lakeview
Langley,Week5,Tuckahoe,Week5,283.0 Tuckahoe - 119.0 Langley
Lee Graham,Week4,Herndon,Week2,358.0 Lee Graham - 44.0 Herndon
Lee Graham,Week2,Poplar Heights,Week5,251.0 Lee Graham - 151.0 Poplar Heights
Lee Graham,Week1,Poplar Heights,Week4,246.0 Lee Graham - 156.0 Poplar Heights
Lee Graham,Week5,Pleasant Valley,Week5,352.0 Lee Graham - 50.0 Pleasant Valley
Laurel Hill,Week5,Brookfield ,Week3,240.0 Brookfield - 162.0 Laurel Hill
Lee Graham,Week2,Herndon,Week1,361.0 Lee Graham - 41.0 Herndon
Laurel Hill,Week5,Bren Mar-Edsall Park,Week5,313.0 Laurel Hill - 82.0 Bren Mar-Edsall Park
Lee Graham,Week5,Hayfield Farm,Week4,285.0 Lee Graham - 117.0 Hayfield Farm
Lee Graham,Week3,Poplar Heights,Week5,257.5 Lee Graham - 144.5 Poplar Heights
Lee Graham,Week5,Laurel Hill,Week3,317.0 Lee Graham - 85.0 Laurel Hill
Lee Graham,Week3,Country Club Hills,Week3,325.0 Lee Graham - 77.0 Country Club Hills
Lee Graham,Week5,Lee Graham,Week3,212.0 Lee Graham (LG1) - 190.0 Lee Graham (LG2)
Lee Graham,Week4,Country Club Hills,Week1,298.0 Lee Graham - 104.0 Country Club Hills
Lee Graham,Week3,Lee Graham,Week1,224.0 Lee Graham (LG1) - 178.0 Lee Graham (LG2)
Laurel Hill,Week5,Bren Mar-Edsall Park,Week4,312.0 Laurel Hill - 89.0 Bren Mar-Edsall Park
Laurel Hill,Week3,Fairfax Club Estates,Week1,215.0 Fairfax Club Estates - 186.0 Laurel Hill
Lee Graham,Week4,Lee Graham,Week4,201.0 Lee Graham (LG1) - 201.0 Lee Graham (LG2)
Lee Graham,Week5,Hayfield Farm,Week5,306.0 Lee Graham - 96.0 Hayfield Farm
Lee Graham,Week2,Country Club Hills,Week3,316.0 Lee Graham - 86.0 Country Club Hills
Laurel Hill,Week5,Bren Mar-Edsall Park,Week3,313.0 Laurel Hill - 83.0 Bren Mar-Edsall Park
Laurel Hill,Week1,Fairfax Station,Week4,321.0 Fairfax Station - 81.0 Laurel Hill
Lee Graham,Week3,Poplar Heights,Week3,276.0 Lee Graham - 126.0 Poplar Heights
Lee Graham,Week1,Herndon,Week1,350.0 Lee Graham - 52.0 Herndon
Lee Graham,Week1,Lincolnia Park,Week2,339.0 Lee Graham - 54.0 Lincolnia Park
Laurel Hill,Week2,Brookfield ,Week5,288.0 Brookfield - 109.0 Laurel Hill
Lee Graham,Week2,Country Club Hills,Week1,314.0 Lee Graham - 88.0 Country Club Hills
Lee Graham,Week1,Lee Graham,Week2,217.0 Lee Graham (LG2) - 185.0 Lee Graham (LG1)
Laurel Hill,Week3,Brookfield ,Week3,240.0 Brookfield - 162.0 Laurel Hill
Lee Graham,Week1,Poplar Tree,Week4,252.0 Lee Graham - 150.0 Poplar Tree
Lee Graham,Week4,Herndon,Week1,346.0 Lee Graham - 56.0 Herndon
Lee Graham,Week5,Poplar Heights,Week4,259.5 Lee Graham - 142.5 Poplar Heights
Lee Graham,Week4,Lee Graham,Week2,203.0 Lee Graham (LG2) - 199.0 Lee Graham (LG1)
Lee Graham,Week2,Lee Graham,Week1,217.0 Lee Graham (LG1) - 185.0 Lee Graham (LG2)
Laurel Hill,Week3,Brookfield ,Week2,243.0 Brookfield - 159.0 Laurel Hill
Lee Graham,Week3,Lee Graham,Week5,212.0 Lee Graham (LG2) - 190.0 Lee Graham (LG1)
Lee Graham,Week2,Lee Graham,Week5,229.0 Lee Graham (LG2) - 173.0 Lee Graham (LG1)
Laurel Hill,Week3,Fairfax Club Estates,Week2,205.0 Fairfax Club Estates - 196.0 Laurel Hill
Lee Graham,Week5,Poplar Heights,Week3,274.0 Lee Graham - 128.0 Poplar Heights
Lee Graham,Week5,Poplar Heights,Week2,272.0 Lee Graham - 130.0 Poplar Heights
Lee Graham,Week3,Country Club Hills,Week2,320.0 Lee Graham - 82.0 Country Club Hills
Laurel Hill,Week3,Brookfield ,Week5,262.0 Brookfield - 139.0 Laurel Hill
Lee Graham,Week4,Poplar Heights,Week1,256.0 Lee Graham - 146.0 Poplar Heights
Laurel Hill,Week3,Brookfield ,Week4,259.0 Brookfield - 143.0 Laurel Hill
Lee Graham,Week5,Country Club Hills,Week4,306.5 Lee Graham - 95.5 Country Club Hills
Laurel Hill,Week5,Fairfax Club Estates,Week3,210.0 Fairfax Club Estates - 188.0 Laurel Hill
Laurel Hill,Week2,Fairfax Station,Week4,329.0 Fairfax Station - 73.0 Laurel Hill
Lee Graham,Week1,Lee Graham,Week1,198.5 Lee Graham (LG1) - 198.5 Lee Graham (LG2)
Laurel Hill,Week2,Fairfax Station,Week5,344.0 Fairfax Station - 58.0 Laurel Hill
Lee Graham,Week3,Herndon,Week1,357.0 Lee Graham - 45.0 Herndon
Lee Graham,Week3,Country Club Hills,Week5,299.0 Lee Graham - 103.0 Country Club Hills
Lee Graham,Week5,Herndon,Week3,365.0 Lee Graham - 37.0 Herndon
Lee Graham,Week1,Lee Graham,Week3,224.0 Lee Graham (LG2) - 178.0 Lee Graham (LG1)
Laurel Hill,Week1,Brookfield ,Week1,281.0 Brookfield - 121.0 Laurel Hill
Laurel Hill,Week2,Fairfax Station,Week3,338.0 Fairfax Station - 63.0 Laurel Hill
Laurel Hill,Week3,Fairfax Club Estates,Week5,232.0 Fairfax Club Estates - 168.0 Laurel Hill
Lee Graham,Week5,Lee Graham,Week5,201.0 Lee Graham (LG1) - 201.0 Lee Graham (LG2)
Laurel Hill,Week4,Brookfield ,Week3,263.0 Brookfield - 139.0 Laurel Hill
Laurel Hill,Week1,Brookfield ,Week2,272.0 Brookfield - 130.0 Laurel Hill
Lee Graham,Week1,Country Club Hills,Week3,308.0 Lee Graham - 94.0 Country Club Hills
Lee Graham,Week1,Crosspointe,Week5,207.0 Crosspointe - 195.0 Lee Graham
Lee Graham,Week4,Poplar Heights,Week3,263.0 Lee Graham - 139.0 Poplar Heights
Lee Graham,Week1,Poplar Tree,Week5,222.0 Lee Graham - 180.0 Poplar Tree
Lee Graham,Week1,Country Club Hills,Week1,306.0 Lee Graham - 96.0 Country Club Hills
Laurel Hill,Week3,Fairfax Station,Week3,317.0 Fairfax Station - 85.0 Laurel Hill
Lee Graham,Week5,Lee Graham,Week2,229.0 Lee Graham (LG1) - 173.0 Lee Graham (LG2)
Laurel Hill,Week2,Fairfax Club Estates,Week3,259.0 Fairfax Club Estates - 140.0 Laurel Hill
Lee Graham,Week2,Herndon,Week2,360.0 Lee Graham - 42.0 Herndon
Lee Graham,Week2,Herndon,Week5,356.0 Lee Graham - 46.0 Herndon
Lee Graham,Week1,Herndon,Week2,351.0 Lee Graham - 51.0 Herndon
Lee Graham,Week4,Poplar Heights,Week4,248.0 Lee Graham - 154.0 Poplar Heights
Laurel Hill,Week4,Fairfax Club Estates,Week2,219.0 Fairfax Club Estates - 181.0 Laurel Hill
Laurel Hill,Week2,Brookfield ,Week3,291.0 Brookfield - 111.0 Laurel Hill
Lee Graham,Week1,Lincolnia Park,Week1,343.0 Lee Graham - 58.0 Lincolnia Park
Lee Graham,Week1,Poplar Tree,Week1,239.0 Lee Graham - 163.0 Poplar Tree
Lee Graham,Week4,Country Club Hills,Week3,299.0 Lee Graham - 103.0 Country Club Hills
Lee Graham,Week3,Country Club Hills,Week4,308.0 Lee Graham - 94.0 Country Club Hills
Laurel Hill,Week2,Brookfield ,Week2,287.0 Brookfield - 115.0 Laurel Hill
Lee Graham,Week3,Herndon,Week2,354.0 Lee Graham - 48.0 Herndon
Lee Graham,Week1,Herndon,Week5,351.0 Lee Graham - 51.0 Herndon
Lee Graham,Week4,Country Club Hills,Week5,287.0 Lee Graham - 115.0 Country Club Hills
Lee Graham,Week5,Hayfield Farm,Week3,278.0 Lee Graham - 124.0 Hayfield Farm
Lee Graham,Week4,Herndon,Week4,352.0 Lee Graham - 50.0 Herndon
Lee Graham,Week4,Country Club Hills,Week4,295.0 Lee Graham - 107.0 Country Club Hills
Lee Graham,Week5,Lee Graham,Week4,216.0 Lee Graham (LG1) - 186.0 Lee Graham (LG2)
Laurel Hill,Week3,Fairfax Club Estates,Week3,206.0 Fairfax Club Estates - 191.0 Laurel Hill
Laurel Hill,Week4,Fairfax Club Estates,Week1,229.0 Fairfax Club Estates - 172.0 Laurel Hill
Lee Graham,Week4,Poplar Heights,Week5,256.0 Lee Graham - 146.0 Poplar Heights
Lee Graham,Week4,Lee Graham,Week1,215.0 Lee Graham (LG1) - 187.0 Lee Graham (LG2)
Lee Graham,Week1,Crosspointe,Week4,215.0 Lee Graham - 187.0 Crosspointe
Laurel Hill,Week2,Fairfax Club Estates,Week5,254.0 Fairfax Club Estates - 141.0 Laurel Hill
Laurel Hill,Week5,Fairfax Club Estates,Week1,209.0 Fairfax Club Estates - 192.0 Laurel Hill
Lee Graham,Week3,Poplar Heights,Week4,263.5 Lee Graham - 138.5 Poplar Heights
Lee Graham,Week1,Crosspointe,Week2,230.0 Lee Graham - 172.0 Crosspointe
Laurel Hill,Week1,Brookfield ,Week5,279.0 Brookfield - 123.0 Laurel Hill
Lee Graham,Week2,Herndon,Week4,360.0 Lee Graham - 42.0 Herndon
Lee Graham,Week2,Country Club Hills,Week4,308.0 Lee Graham - 94.0 Country Club Hills
Laurel Hill,Week1,Brookfield ,Week4,273.0 Brookfield - 129.0 Laurel Hill
Laurel Hill,Week1,Brookfield ,Week3,257.0 Brookfield - 145.0 Laurel Hill
Laurel Hill,Week3,Fairfax Station,Week2,308.0 Fairfax Station - 94.0 Laurel Hill
Lee Graham,Week2,Poplar Heights,Week2,264.0 Lee Graham - 138.0 Poplar Heights
Laurel Hill,Week3,Fairfax Station,Week5,328.0 Fairfax Station - 74.0 Laurel Hill
Lee Graham,Week1,Herndon,Week3,344.0 Lee Graham - 53.0 Herndon
Lee Graham,Week1,Poplar Heights,Week3,265.0 Lee Graham - 137.0 Poplar Heights
Laurel Hill,Week4,Fairfax Station,Week2,324.0 Fairfax Station - 78.0 Laurel Hill
Lee Graham,Week1,Lincolnia Park,Week3,318.0 Lee Graham - 75.0 Lincolnia Park
Laurel Hill,Week2,Brookfield ,Week4,300.0 Brookfield - 102.0 Laurel Hill
Laurel Hill,Week2,Brookfield ,Week1,300.0 Brookfield - 102.0 Laurel Hill
Lee Graham,Week2,Herndon,Week3,361.0 Lee Graham - 41.0 Herndon
Lee Graham,Week2,Poplar Heights,Week3,264.0 Lee Graham - 138.0 Poplar Heights
Lee Graham,Week5,Country Club Hills,Week2,310.0 Lee Graham - 92.0 Country Club Hills
Lee Graham,Week1,Herndon,Week4,345.0 Lee Graham - 57.0 Herndon
Laurel Hill,Week4,Fairfax Station,Week3,326.0 Fairfax Station - 76.0 Laurel Hill
Laurel Hill,Week3,Brookfield ,Week1,273.0 Brookfield - 129.0 Laurel Hill
Lee Graham,Week2,Little Hunting Park,Week2,322.0 Lee Graham - 80.0 Little Hunting Park
Lee Graham,Week2,Poplar Heights,Week1,258.0 Lee Graham - 144.0 Poplar Heights
Lee Graham,Week5,Country Club Hills,Week3,307.0 Lee Graham - 95.0 Country Club Hills
Lee Graham,Week3,Poplar Heights,Week2,273.5 Lee Graham - 128.5 Poplar Heights
Laurel Hill,Week4,Fairfax Station,Week5,340.0 Fairfax Station - 62.0 Laurel Hill
Lee Graham,Week3,Herndon,Week5,357.0 Lee Graham - 45.0 Herndon
Laurel Hill,Week4,Fairfax Station,Week4,325.0 Fairfax Station - 77.0 Laurel Hill
Lee Graham,Week1,Country Club Hills,Week4,295.0 Lee Graham - 107.0 Country Club Hills
Lee Graham,Week5,Lincolnia Park,Week4,346.0 Lee Graham - 55.0 Lincolnia Park
Lee Graham,Week1,Country Club Hills,Week2,304.0 Lee Graham - 98.0 Country Club Hills
Lee Graham,Week1,Little Hunting Park,Week2,308.0 Lee Graham - 94.0 Little Hunting Park
Lee Graham,Week1,Lincolnia Park,Week4,346.0 Lee Graham - 55.0 Lincolnia Park
Laurel Hill,Week5,Fairfax Station,Week1,296.0 Fairfax Station - 106.0 Laurel Hill
Lee Graham,Week4,Herndon,Week5,359.0 Lee Graham - 43.0 Herndon
Lee Graham,Week3,Poplar Heights,Week1,282.0 Lee Graham - 120.0 Poplar Heights
Lee Graham,Week5,Country Club Hills,Week1,307.0 Lee Graham - 95.0 Country Club Hills
Lee Graham,Week1,Poplar Heights,Week1,257.0 Lee Graham - 145.0 Poplar Heights
Lee Graham,Week5,Herndon,Week4,364.5 Lee Graham - 37.5 Herndon
Lee Graham,Week5,Herndon,Week1,359.0 Lee Graham - 43.0 Herndon
Lee Graham,Week2,Country Club Hills,Week2,318.0 Lee Graham - 84.0 Country Club Hills
Laurel Hill,Week5,Fairfax Station,Week3,307.0 Fairfax Station - 95.0 Laurel Hill
Lee Graham,Week1,Crosspointe,Week1,221.0 Lee Graham - 181.0 Crosspointe
Lee Graham,Week2,Little Hunting Park,Week4,324.0 Lee Graham - 78.0 Little Hunting Park
Lee Graham,Week2,Poplar Heights,Week4,251.0 Lee Graham - 151.0 Poplar Heights
Laurel Hill,Week5,Fairfax Station,Week2,296.0 Fairfax Station - 106.0 Laurel Hill
Lee Graham,Week2,Hiddenbrook,Week1,328.0 Lee Graham - 74.0 Hiddenbrook
Lee Graham,Week2,Hiddenbrook,Week3,310.5 Lee Graham - 91.5 Hiddenbrook
Laurel Hill,Week4,Fairfax Station,Week1,320.0 Fairfax Station - 82.0 Laurel Hill
Lee Graham,Week3,Lincolnia Park,Week1,353.0 Lee Graham - 49.0 Lincolnia Park
Lee Graham,Week5,Poplar Heights,Week1,273.0 Lee Graham - 129.0 Poplar Heights
Lee Graham,Week3,Lincolnia Park,Week3,327.0 Lee Graham - 66.0 Lincolnia Park
Laurel Hill,Week5,Fairfax Station,Week4,296.0 Fairfax Station - 106.0 Laurel Hill
Lee Graham,Week5,Herndon,Week2,366.0 Lee Graham - 36.0 Herndon
Lee Graham,Week1,Poplar Heights,Week5,246.0 Lee Graham - 156.0 Poplar Heights
Lee Graham,Week4,Poplar Heights,Week2,253.0 Lee Graham - 149.0 Poplar Heights
Lee Graham,Week5,Hiddenbrook,Week4,322.5 Lee Graham - 79.5 Hiddenbrook
Lee Graham,Week5,Poplar Heights,Week5,253.0 Lee Graham - 149.0 Poplar Heights
Lee Graham,Week2,Crosspointe,Week1,209.0 Lee Graham - 193.0 Crosspointe
Lee Graham,Week5,Lincolnia Park,Week1,351.0 Lee Graham - 50.0 Lincolnia Park
Lee Graham,Week1,High Point Pool,Week5,258.0 Lee Graham - 144.0 High Point Pool
Lee Graham,Week2,Crosspointe,Week3,215.0 Lee Graham - 187.0 Crosspointe
Lee Graham,Week1,Poplar Heights,Week2,243.0 Lee Graham - 159.0 Poplar Heights
Lee Graham,Week3,Lincolnia Park,Week5,331.0 Lee Graham - 62.0 Lincolnia Park
Lee Graham,Week4,Lincolnia Park,Week3,318.0 Lee Graham - 75.0 Lincolnia Park
Lee Graham,Week2,Crosspointe,Week2,223.0 Lee Graham - 179.0 Crosspointe
Lee Graham,Week5,Hiddenbrook,Week2,342.0 Lee Graham - 60.0 Hiddenbrook
Lee Graham,Week1,Poplar Tree,Week2,245.0 Lee Graham - 152.0 Poplar Tree
Lee Graham,Week5,Lincolnia Park,Week2,342.0 Lee Graham - 51.0 Lincolnia Park
Lee Graham,Week1,Ravensworth Farm,Week3,258.0 Lee Graham - 144.0 Ravensworth Farm
Lee Graham,Week2,High Point Pool,Week2,245.0 Lee Graham - 157.0 High Point Pool
Lee Graham,Week2,Daventry,Week2,364.0 Lee Graham - 38.0 Daventry
Lee Graham,Week1,Poplar Tree,Week3,229.0 Lee Graham - 173.0 Poplar Tree
Lee Graham,Week5,Lincolnia Park,Week5,331.0 Lee Graham - 62.0 Lincolnia Park
Lee Graham,Week2,Daventry,Week4,367.0 Lee Graham - 35.0 Daventry
Lee Graham,Week2,Crosspointe,Week5,205.0 Crosspointe - 197.0 Lee Graham
Lee Graham,Week3,Lincolnia Park,Week2,341.0 Lee Graham - 52.0 Lincolnia Park
Lee Graham,Week2,Crosspointe,Week4,225.0 Lee Graham - 177.0 Crosspointe
Lee Graham,Week4,Lincolnia Park,Week2,334.5 Lee Graham - 58.5 Lincolnia Park
Lee Graham,Week1,High Point Pool,Week2,238.0 Lee Graham - 164.0 High Point Pool
Lee Graham,Week4,Country Club Hills,Week2,295.0 Lee Graham - 107.0 Country Club Hills
Lee Graham,Week3,Crosspointe,Week5,211.5 Lee Graham - 190.5 Crosspointe
Lee Graham,Week1,Ravensworth Farm,Week5,234.0 Lee Graham - 168.0 Ravensworth Farm
Lee Graham,Week2,Lincolnia Park,Week3,334.0 Lee Graham - 59.0 Lincolnia Park
Lee Graham,Week3,Hiddenbrook,Week3,307.0 Lee Graham - 95.0 Hiddenbrook
Lee Graham,Week2,Ravensworth Farm,Week3,271.0 Lee Graham - 131.0 Ravensworth Farm
Lee Graham,Week3,Daventry,Week2,359.0 Lee Graham - 43.0 Daventry
Laurel Hill,Week1,Cardinal Hill,Week5,300.0 Cardinal Hill - 102.0 Laurel Hill
Lee Graham,Week3,Hiddenbrook,Week5,291.0 Lee Graham - 111.0 Hiddenbrook
Lee Graham,Week2,Hiddenbrook,Week4,313.0 Lee Graham - 89.0 Hiddenbrook
Laurel Hill,Week5,Cardinal Hill,Week4,295.0 Cardinal Hill - 107.0 Laurel Hill
Lee Graham,Week3,Lincolnia Park,Week4,342.0 Lee Graham - 60.0 Lincolnia Park
Lee Graham,Week3,Hiddenbrook,Week1,324.0 Lee Graham - 78.0 Hiddenbrook
Lee Graham,Week4,Hiddenbrook,Week1,324.0 Lee Graham - 78.0 Hiddenbrook
Lee Graham,Week4,Hiddenbrook,Week2,339.0 Lee Graham - 63.0 Hiddenbrook
Laurel Hill,Week3,Cardinal Hill,Week4,303.0 Cardinal Hill - 99.0 Laurel Hill
Lee Graham,Week4,Lincolnia Park,Week4,341.0 Lee Graham - 61.0 Lincolnia Park
Lee Graham,Week2,Poplar Tree,Week3,246.0 Lee Graham - 156.0 Poplar Tree
Lee Graham,Week4,Crosspointe,Week1,220.0 Lee Graham - 182.0 Crosspointe
Lee Graham,Week4,Daventry,Week1,346.0 Lee Graham - 56.0 Daventry
Lee Graham,Week2,Lincolnia Park,Week5,333.0 Lee Graham - 60.0 Lincolnia Park
Lee Graham,Week3,Daventry,Week3,348.0 Lee Graham - 54.0 Daventry
Lee Graham,Week2,Lincolnia Park,Week1,351.0 Lee Graham - 51.0 Lincolnia Park
Lee Graham,Week4,Poplar Tree,Week1,235.0 Lee Graham - 167.0 Poplar Tree
Laurel Hill,Week3,Cardinal Hill,Week3,309.0 Cardinal Hill - 93.0 Laurel Hill
Lee Graham,Week5,Lincolnia Park,Week3,329.0 Lee Graham - 64.0 Lincolnia Park
Lee Graham,Week2,Poplar Tree,Week4,261.0 Lee Graham - 141.0 Poplar Tree
Lee Graham,Week3,Poplar Tree,Week5,238.0 Lee Graham - 164.0 Poplar Tree
Lee Graham,Week1,High Point Pool,Week1,253.0 Lee Graham - 149.0 High Point Pool
Lee Graham,Week3,Crosspointe,Week2,229.0 Lee Graham - 173.0 Crosspointe
Laurel Hill,Week1,Cardinal Hill,Week4,306.0 Cardinal Hill - 96.0 Laurel Hill
Lee Graham,Week4,Lincolnia Park,Week5,319.0 Lee Graham - 74.0 Lincolnia Park
Lee Graham,Week4,Lincolnia Park,Week1,340.0 Lee Graham - 62.0 Lincolnia Park
Lee Graham,Week3,Poplar Tree,Week2,273.0 Lee Graham - 129.0 Poplar Tree
Laurel Hill,Week1,Chesterbrook,Week3,362.0 Chesterbrook - 40.0 Laurel Hill
Lee Graham,Week1,Daventry,Week1,344.0 Lee Graham - 58.0 Daventry
Lee Graham,Week5,Poplar Tree,Week5,253.0 Lee Graham - 149.0 Poplar Tree
Lee Graham,Week5,Hiddenbrook,Week1,322.0 Lee Graham - 80.0 Hiddenbrook
Lee Graham,Week5,Crosspointe,Week5,209.0 Lee Graham - 193.0 Crosspointe
Lee Graham,Week3,Ravensworth Farm,Week3,270.0 Lee Graham - 132.0 Ravensworth Farm
Lee Graham,Week2,Little Hunting Park,Week1,318.0 Lee Graham - 84.0 Little Hunting Park
Lee Graham,Week4,Crosspointe,Week4,234.0 Lee Graham - 168.0 Crosspointe
Laurel Hill,Week2,Chesterbrook,Week3,377.0 Chesterbrook - 25.0 Laurel Hill
Lee Graham,Week2,Poplar Tree,Week2,253.0 Lee Graham - 149.0 Poplar Tree
Lee Graham,Week4,Hiddenbrook,Week3,317.0 Lee Graham - 85.0 Hiddenbrook
Lee Graham,Week3,Hiddenbrook,Week4,314.0 Lee Graham - 88.0 Hiddenbrook
Lee Graham,Week3,Crosspointe,Week3,226.0 Lee Graham - 176.0 Crosspointe
Lee Graham,Week5,Crosspointe,Week2,237.0 Lee Graham - 165.0 Crosspointe
Lee Graham,Week3,Daventry,Week1,352.5 Lee Graham - 49.5 Daventry
Lee Graham,Week1,Little Hunting Park,Week3,311.0 Lee Graham - 91.0 Little Hunting Park
Lee Graham,Week1,Hiddenbrook,Week2,332.0 Lee Graham - 70.0 Hiddenbrook
Lee Graham,Week2,Daventry,Week1,355.0 Lee Graham - 47.0 Daventry
Laurel Hill,Week2,Cardinal Hill,Week1,343.0 Cardinal Hill - 59.0 Laurel Hill
Laurel Hill,Week2,Cardinal Hill,Week5,329.0 Cardinal Hill - 73.0 Laurel Hill
Lee Graham,Week1,Daventry,Week3,344.0 Lee Graham - 58.0 Daventry
Lee Graham,Week5,Poplar Tree,Week2,275.0 Lee Graham - 127.0 Poplar Tree
Lee Graham,Week2,Ravensworth Farm,Week1,280.0 Lee Graham - 122.0 Ravensworth Farm
Laurel Hill,Week3,Cardinal Hill,Week1,319.0 Cardinal Hill - 83.0 Laurel Hill
Lee Graham,Week1,Hiddenbrook,Week4,294.0 Lee Graham - 108.0 Hiddenbrook
Lee Graham,Week1,Little Hunting Park,Week5,296.0 Lee Graham - 106.0 Little Hunting Park
Lee Graham,Week3,High Point Pool,Week1,259.0 Lee Graham - 143.0 High Point Pool
Lee Graham,Week4,Poplar Tree,Week4,258.0 Lee Graham - 144.0 Poplar Tree
Laurel Hill,Week2,Cardinal Hill,Week2,320.0 Cardinal Hill - 82.0 Laurel Hill
Lee Graham,Week2,Lincolnia Park,Week4,347.0 Lee Graham - 55.0 Lincolnia Park
Lee Graham,Week1,Ravensworth Farm,Week1,264.0 Lee Graham - 138.0 Ravensworth Farm
Lee Graham,Week2,Hiddenbrook,Week2,347.0 Lee Graham - 55.0 Hiddenbrook
Laurel Hill,Week1,Chesterbrook,Week1,353.0 Chesterbrook - 49.0 Laurel Hill
Lee Graham,Week2,Lincolnia Park,Week2,350.0 Lee Graham - 43.0 Lincolnia Park
Lee Graham,Week3,Hiddenbrook,Week2,340.0 Lee Graham - 62.0 Hiddenbrook
Lee Graham,Week1,Lincolnia Park,Week5,322.0 Lee Graham - 71.0 Lincolnia Park
Lee Graham,Week1,Little Hunting Park,Week1,316.0 Lee Graham - 86.0 Little Hunting Park
Lee Graham,Week5,Little Hunting Park,Week3,337.0 Lee Graham - 65.0 Little Hunting Park
Lee Graham,Week1,Hiddenbrook,Week1,304.0 Lee Graham - 98.0 Hiddenbrook
Lee Graham,Week5,Poplar Tree,Week1,260.0 Lee Graham - 142.0 Poplar Tree
Lee Graham,Week2,Poplar Tree,Week5,235.5 Lee Graham - 166.5 Poplar Tree
Lee Graham,Week5,Hiddenbrook,Week3,320.0 Lee Graham - 82.0 Hiddenbrook
Lee Graham,Week3,Poplar Tree,Week3,256.0 Lee Graham - 146.0 Poplar Tree
Laurel Hill,Week1,Chesterbrook,Week4,360.0 Chesterbrook - 42.0 Laurel Hill
Laurel Hill,Week5,Cardinal Hill,Week1,303.0 Cardinal Hill - 99.0 Laurel Hill
Laurel Hill,Week2,Chesterbrook,Week1,367.0 Chesterbrook - 30.0 Laurel Hill
Laurel Hill,Week5,Cardinal Hill,Week2,278.0 Cardinal Hill - 124.0 Laurel Hill
Lee Graham,Week1,Little Hunting Park,Week4,311.0 Lee Graham - 91.0 Little Hunting Park
Lee Graham,Week1,Hiddenbrook,Week5,293.0 Lee Graham - 109.0 Hiddenbrook
Lee Graham,Week2,Little Hunting Park,Week3,330.0 Lee Graham - 72.0 Little Hunting Park
Lee Graham,Week3,Crosspointe,Week1,216.0 Lee Graham - 186.0 Crosspointe
Lee Graham,Week4,Hiddenbrook,Week4,310.0 Lee Graham - 92.0 Hiddenbrook
Lee Graham,Week3,Little Rocky Run,Week1,240.0 Lee Graham - 162.0 Little Rocky Run
Lee Graham,Week4,Poplar Tree,Week3,236.0 Lee Graham - 166.0 Poplar Tree
Lee Graham,Week5,Crosspointe,Week1,226.0 Lee Graham - 176.0 Crosspointe
Lee Graham,Week5,Crosspointe,Week4,227.0 Lee Graham - 175.0 Crosspointe
Laurel Hill,Week3,Chesterbrook,Week2,357.0 Chesterbrook - 45.0 Laurel Hill
Lee Graham,Week3,Poplar Tree,Week4,268.0 Lee Graham - 134.0 Poplar Tree
Lee Graham,Week2,High Point Pool,Week1,264.0 Lee Graham - 138.0 High Point Pool
Lee Graham,Week1,Hiddenbrook,Week3,296.0 Lee Graham - 101.0 Hiddenbrook
Lee Graham,Week1,Daventry,Week2,349.0 Lee Graham - 53.0 Daventry
Laurel Hill,Week4,Cardinal Hill,Week2,308.0 Cardinal Hill - 94.0 Laurel Hill
Laurel Hill,Week3,Cardinal Hill,Week2,293.0 Cardinal Hill - 108.0 Laurel Hill
Lee Graham,Week3,Little Hunting Park,Week5,303.0 Lee Graham - 99.0 Little Hunting Park
Laurel Hill,Week4,Cardinal Hill,Week5,313.0 Cardinal Hill - 89.0 Laurel Hill
Lee Graham,Week3,Poplar Tree,Week1,252.0 Lee Graham - 150.0 Poplar Tree
Lee Graham,Week2,Hiddenbrook,Week5,306.0 Lee Graham - 96.0 Hiddenbrook
Lee Graham,Week5,Poplar Tree,Week4,275.0 Lee Graham - 127.0 Poplar Tree
Lee Graham,Week4,Crosspointe,Week2,232.0 Lee Graham - 170.0 Crosspointe
Lee Graham,Week4,Crosspointe,Week3,217.0 Lee Graham - 185.0 Crosspointe
Lee Graham,Week3,Little Hunting Park,Week1,324.0 Lee Graham - 78.0 Little Hunting Park
Lee Graham,Week4,Crosspointe,Week5,202.0 Crosspointe - 200.0 Lee Graham
Lee Graham,Week3,Crosspointe,Week4,225.0 Lee Graham - 177.0 Crosspointe
Lee Graham,Week2,Poplar Tree,Week1,244.0 Lee Graham - 158.0 Poplar Tree
Lee Graham,Week4,Poplar Tree,Week2,253.0 Lee Graham - 149.0 Poplar Tree
Laurel Hill,Week3,Cardinal Hill,Week5,289.5 Cardinal Hill - 112.5 Laurel Hill
Lee Graham,Week5,Little Hunting Park,Week1,325.0 Lee Graham - 77.0 Little Hunting Park
Lee Graham,Week1,Little Rocky Run,Week1,227.0 Lee Graham - 175.0 Little Rocky Run
Lee Graham,Week4,Poplar Tree,Week5,227.0 Lee Graham - 175.0 Poplar Tree
Lee Graham,Week1,Daventry,Week5,331.0 Lee Graham - 71.0 Daventry
Lee Graham,Week2,Little Hunting Park,Week5,294.0 Lee Graham - 108.0 Little Hunting Park
Lee Graham,Week4,Hiddenbrook,Week5,296.0 Lee Graham - 106.0 Hiddenbrook
Lee Graham,Week1,Daventry,Week4,359.0 Lee Graham - 43.0 Daventry
Lee Graham,Week5,Hiddenbrook,Week5,302.0 Lee Graham - 100.0 Hiddenbrook
Lee Graham,Week1,High Point Pool,Week4,243.0 Lee Graham - 159.0 High Point Pool
Lee Graham,Week1,Little Rocky Run,Week5,205.0 Little Rocky Run - 197.0 Lee Graham
Laurel Hill,Week2,Chesterbrook,Week4,371.0 Chesterbrook - 31.0 Laurel Hill
Laurel Hill,Week4,Chesterbrook,Week1,366.0 Chesterbrook - 36.0 Laurel Hill
Lee Graham,Week1,High Point Pool,Week3,252.0 Lee Graham - 150.0 High Point Pool
Lee Graham,Week5,Poplar Tree,Week3,265.0 Lee Graham - 137.0 Poplar Tree
Lee Graham,Week5,Crosspointe,Week3,226.0 Lee Graham - 176.0 Crosspointe
Lee Graham,Week4,Little Hunting Park,Week1,318.0 Lee Graham - 84.0 Little Hunting Park
Lee Graham,Week4,Little Hunting Park,Week2,312.0 Lee Graham - 90.0 Little Hunting Park
Laurel Hill,Week4,Cardinal Hill,Week1,324.0 Cardinal Hill - 78.0 Laurel Hill
Lee Graham,Week2,Daventry,Week3,354.0 Lee Graham - 48.0 Daventry
Lee Graham,Week3,Daventry,Week4,362.0 Lee Graham - 40.0 Daventry
Lee Graham,Week2,Daventry,Week5,347.0 Lee Graham - 55.0 Daventry
Lee Graham,Week2,High Point Pool,Week4,245.0 Lee Graham - 157.0 High Point Pool
Lee Graham,Week2,Ravensworth Farm,Week2,295.0 Lee Graham - 107.0 Ravensworth Farm
Lee Graham,Week3,Little Hunting Park,Week2,324.0 Lee Graham - 78.0 Little Hunting Park
Lee Graham,Week2,High Point Pool,Week3,265.0 Lee Graham - 137.0 High Point Pool
Laurel Hill,Week2,Cardinal Hill,Week4,326.0 Cardinal Hill - 76.0 Laurel Hill
Laurel Hill,Week5,Cardinal Hill,Week3,302.0 Cardinal Hill - 100.0 Laurel Hill
Lee Graham,Week1,Ravensworth Farm,Week2,273.0 Lee Graham - 129.0 Ravensworth Farm
Lee Graham,Week1,Ravensworth Farm,Week4,247.0 Lee Graham - 155.0 Ravensworth Farm
Lee Graham,Week2,High Point Pool,Week5,256.0 Lee Graham - 146.0 High Point Pool
Lee Graham,Week2,Ravensworth Farm,Week5,251.0 Lee Graham - 151.0 Ravensworth Farm
Lee Graham,Week3,Ravensworth Farm,Week2,284.0 Lee Graham - 118.0 Ravensworth Farm
Lee Graham,Week2,Highland Park,Week3,288.0 Lee Graham - 114.0 Highland Park
Lee Graham,Week3,Dominion Hills,Week5,283.0 Lee Graham - 119.0 Dominion Hills
Lee Graham,Week2,Little Rocky Run,Week1,231.0 Lee Graham - 171.0 Little Rocky Run
Lee Graham,Week3,Ravensworth Farm,Week1,274.5 Lee Graham - 127.5 Ravensworth Farm
Lee Graham,Week5,High Point Pool,Week1,257.0 Lee Graham - 145.0 High Point Pool
Laurel Hill,Week1,Chesterbrook,Week5,356.0 Chesterbrook - 46.0 Laurel Hill
Lee Graham,Week3,Dominion Hills,Week1,312.0 Lee Graham - 90.0 Dominion Hills
Laurel Hill,Week1,Chesterbrook,Week2,350.0 Chesterbrook - 52.0 Laurel Hill
Lee Graham,Week4,Little Hunting Park,Week4,311.5 Lee Graham - 90.5 Little Hunting Park
Lee Graham,Week3,Daventry,Week5,340.0 Lee Graham - 62.0 Daventry
Lee Graham,Week3,Little Hunting Park,Week3,323.0 Lee Graham - 79.0 Little Hunting Park
Lee Graham,Week5,Little Hunting Park,Week2,322.0 Lee Graham - 80.0 Little Hunting Park
Lee Graham,Week4,Dominion Hills,Week2,307.0 Lee Graham - 95.0 Dominion Hills
Laurel Hill,Week5,Cardinal Hill,Week5,294.0 Cardinal Hill - 108.0 Laurel Hill
Lee Graham,Week4,Highland Park,Week3,279.0 Lee Graham - 123.0 Highland Park
Lee Graham,Week4,Highland Park,Week1,240.0 Lee Graham - 162.0 Highland Park
Lee Graham,Week5,Daventry,Week2,358.0 Lee Graham - 44.0 Daventry
Lee Graham,Week1,Dominion Hills,Week4,282.0 Lee Graham - 115.0 Dominion Hills
Lee Graham,Week4,High Point Pool,Week1,258.0 Lee Graham - 144.0 High Point Pool
Lee Graham,Week2,Ravensworth Farm,Week4,273.0 Lee Graham - 129.0 Ravensworth Farm
Lee Graham,Week3,High Point Pool,Week4,248.0 Lee Graham - 154.0 High Point Pool
Lee Graham,Week4,Mantua,Week1,254.0 Lee Graham - 148.0 Mantua
Lee Graham,Week4,Little Hunting Park,Week3,324.0 Lee Graham - 78.0 Little Hunting Park
Laurel Hill,Week4,Cardinal Hill,Week4,312.0 Cardinal Hill - 90.0 Laurel Hill
Laurel Hill,Week4,Cardinal Hill,Week3,322.0 Cardinal Hill - 80.0 Laurel Hill
Lee Graham,Week3,Mantua,Week5,242.0 Lee Graham - 160.0 Mantua
Laurel Hill,Week2,Cardinal Hill,Week3,333.0 Cardinal Hill - 69.0 Laurel Hill
Lee Graham,Week1,Little Rocky Run,Week4,221.0 Lee Graham - 181.0 Little Rocky Run
Lee Graham,Week1,McLean,Week2,231.0 McLean - 171.0 Lee Graham
Laurel Hill,Week4,Chesterbrook,Week2,367.0 Chesterbrook - 35.0 Laurel Hill
Laurel Hill,Week3,Lee Graham,Week2,327.0 Lee Graham - 75.0 Laurel Hill
Lee Graham,Week4,Daventry,Week3,343.0 Lee Graham - 59.0 Daventry
Laurel Hill,Week5,Laurel Hill,Week1,246.0 Laurel Hill (LH1) - 150.0 Laurel Hill (LH2)
Lee Graham,Week1,Dominion Hills,Week3,295.0 Lee Graham - 107.0 Dominion Hills
Lee Graham,Week2,Little Rocky Run,Week4,216.0 Lee Graham - 186.0 Little Rocky Run
Laurel Hill,Week3,Chesterbrook,Week1,358.0 Chesterbrook - 44.0 Laurel Hill
Laurel Hill,Week2,Chesterbrook,Week2,371.0 Chesterbrook - 31.0 Laurel Hill
Laurel Hill,Week5,Chesterbrook,Week3,363.0 Chesterbrook - 39.0 Laurel Hill
Lee Graham,Week3,Highland Park,Week5,283.0 Lee Graham - 119.0 Highland Park
Lee Graham,Week2,Little Rocky Run,Week5,219.0 Little Rocky Run - 183.0 Lee Graham
Lee Graham,Week1,Highland Park,Week4,277.0 Lee Graham - 125.0 Highland Park
Lee Graham,Week4,High Point Pool,Week2,247.0 Lee Graham - 155.0 High Point Pool
Laurel Hill,Week4,Lee Graham,Week4,313.0 Lee Graham - 89.0 Laurel Hill
Lee Graham,Week5,High Point Pool,Week4,255.0 Lee Graham - 147.0 High Point Pool
Lee Graham,Week3,Mantua,Week3,236.5 Lee Graham - 165.5 Mantua
Lee Graham,Week5,Dominion Hills,Week2,313.0 Lee Graham - 89.0 Dominion Hills
Lee Graham,Week3,High Point Pool,Week3,261.5 Lee Graham - 140.5 High Point Pool
Lee Graham,Week1,Highland Park,Week1,267.0 Lee Graham - 135.0 Highland Park
Lee Graham,Week5,Mantua,Week1,273.5 Lee Graham - 128.5 Mantua
Lee Graham,Week3,Highland Park,Week1,273.0 Lee Graham - 129.0 Highland Park
Lee Graham,Week3,Little Hunting Park,Week4,325.0 Lee Graham - 77.0 Little Hunting Park
Lee Graham,Week2,Highland Park,Week1,270.0 Lee Graham - 132.0 Highland Park
Lee Graham,Week4,Daventry,Week2,353.0 Lee Graham - 49.0 Daventry
Lee Graham,Week5,Little Hunting Park,Week5,304.5 Lee Graham - 97.5 Little Hunting Park
Lee Graham,Week4,Mantua,Week5,221.0 Lee Graham - 181.0 Mantua
Laurel Hill,Week2,Lee Graham,Week5,337.0 Lee Graham - 64.0 Laurel Hill
Laurel Hill,Week5,Laurel Hill,Week3,226.0 Laurel Hill (LH1) - 170.0 Laurel Hill (LH2)
Lee Graham,Week4,Dominion Hills,Week3,299.0 Lee Graham - 103.0 Dominion Hills
Lee Graham,Week3,Dominion Hills,Week2,307.0 Lee Graham - 95.0 Dominion Hills
Lee Graham,Week1,Dominion Hills,Week1,300.0 Lee Graham - 102.0 Dominion Hills
Lee Graham,Week2,Little Rocky Run,Week3,210.0 Lee Graham - 192.0 Little Rocky Run
Laurel Hill,Week3,Chesterbrook,Week3,367.0 Chesterbrook - 35.0 Laurel Hill
Lee Graham,Week2,McLean,Week3,224.0 McLean - 178.0 Lee Graham
Lee Graham,Week2,McLean,Week5,245.0 McLean - 157.0 Lee Graham
Laurel Hill,Week3,Chesterbrook,Week5,358.0 Chesterbrook - 44.0 Laurel Hill
Lee Graham,Week4,Mantua,Week3,227.0 Lee Graham - 175.0 Mantua
Lee Graham,Week2,Little Rocky Run,Week2,230.0 Lee Graham - 172.0 Little Rocky Run
Lee Graham,Week5,Little Hunting Park,Week4,331.0 Lee Graham - 71.0 Little Hunting Park
Laurel Hill,Week1,Commonwealth,Week1,217.0 Laurel Hill - 174.0 Commonwealth
Lee Graham,Week5,Mantua,Week5,254.5 Lee Graham - 147.5 Mantua
Lee Graham,Week2,Mantua,Week4,250.0 Lee Graham - 152.0 Mantua
Laurel Hill,Week4,Chesterbrook,Week5,370.0 Chesterbrook - 32.0 Laurel Hill
Lee Graham,Week3,Mantua,Week4,263.0 Lee Graham - 139.0 Mantua
Lee Graham,Week1,Little Rocky Run,Week3,217.0 Lee Graham - 185.0 Little Rocky Run
Laurel Hill,Week4,Lee Graham,Week2,333.0 Lee Graham - 69.0 Laurel Hill
Lee Graham,Week4,Daventry,Week4,354.0 Lee Graham - 48.0 Daventry
Lee Graham,Week3,Dominion Hills,Week4,299.0 Lee Graham - 103.0 Dominion Hills
Lee Graham,Week1,Highland Park,Week3,282.0 Lee Graham - 120.0 Highland Park
Laurel Hill,Week5,Chesterbrook,Week1,350.0 Chesterbrook - 52.0 Laurel Hill
Laurel Hill,Week5,Chesterbrook,Week5,353.0 Chesterbrook - 49.0 Laurel Hill
Lee Graham,Week1,Little Rocky Run,Week2,224.0 Lee Graham - 178.0 Little Rocky Run
Lee Graham,Week5,Dominion Hills,Week3,299.0 Lee Graham - 103.0 Dominion Hills
Lee Graham,Week4,Little Hunting Park,Week5,281.0 Lee Graham - 121.0 Little Hunting Park
Lee Graham,Week5,Daventry,Week5,351.0 Lee Graham - 51.0 Daventry
Lee Graham,Week3,Little Rocky Run,Week4,226.0 Lee Graham - 176.0 Little Rocky Run
Laurel Hill,Week2,Chesterbrook,Week5,373.0 Chesterbrook - 29.0 Laurel Hill
Lee Graham,Week5,Daventry,Week3,355.0 Lee Graham - 47.0 Daventry
Laurel Hill,Week1,Commonwealth,Week2,223.0 Commonwealth - 177.0 Laurel Hill
Lee Graham,Week3,Little Rocky Run,Week5,205.0 Little Rocky Run - 197.0 Lee Graham
Lee Graham,Week5,High Point Pool,Week2,266.0 Lee Graham - 136.0 High Point Pool
Laurel Hill,Week4,Chesterbrook,Week4,368.0 Chesterbrook - 34.0 Laurel Hill
Lee Graham,Week2,Highland Park,Week2,295.0 Lee Graham - 107.0 Highland Park
Laurel Hill,Week5,Lee Graham,Week5,313.0 Lee Graham - 89.0 Laurel Hill
Laurel Hill,Week5,Lee Graham,Week2,307.0 Lee Graham - 95.0 Laurel Hill
Lee Graham,Week3,Mantua,Week2,265.0 Lee Graham - 137.0 Mantua
Lee Graham,Week3,High Point Pool,Week2,251.0 Lee Graham - 151.0 High Point Pool
Lee Graham,Week5,Mantua,Week3,245.0 Lee Graham - 157.0 Mantua
Lee Graham,Week5,Mantua,Week2,270.0 Lee Graham - 132.0 Mantua
Lee Graham,Week4,Daventry,Week5,336.0 Lee Graham - 66.0 Daventry
Lee Graham,Week3,Little Rocky Run,Week2,231.0 Lee Graham - 171.0 Little Rocky Run
Laurel Hill,Week1,Commonwealth,Week3,224.0 Commonwealth - 175.0 Laurel Hill
Lee Graham,Week4,Little Rocky Run,Week1,235.0 Lee Graham - 167.0 Little Rocky Run
Lee Graham,Week1,Highland Park,Week2,292.0 Lee Graham - 110.0 Highland Park
Lee Graham,Week5,High Point Pool,Week5,264.0 Lee Graham - 138.0 High Point Pool
Lee Graham,Week5,McLean,Week3,219.0 McLean - 183.0 Lee Graham
Laurel Hill,Week2,Lee Graham,Week2,345.0 Lee Graham - 57.0 Laurel Hill
Laurel Hill,Week5,Chesterbrook,Week2,352.0 Chesterbrook - 50.0 Laurel Hill
Lee Graham,Week2,Dominion Hills,Week3,300.0 Lee Graham - 102.0 Dominion Hills
Lee Graham,Week3,Mantua,Week1,273.0 Lee Graham - 129.0 Mantua
Lee Graham,Week3,High Point Pool,Week5,261.0 Lee Graham - 141.0 High Point Pool
Lee Graham,Week2,Mantua,Week3,227.0 Lee Graham - 175.0 Mantua
Lee Graham,Week4,Little Rocky Run,Week2,226.0 Lee Graham - 176.0 Little Rocky Run
Laurel Hill,Week1,Lee Graham,Week4,320.0 Lee Graham - 82.0 Laurel Hill
Lee Graham,Week5,High Point Pool,Week3,265.0 Lee Graham - 137.0 High Point Pool
Laurel Hill,Week4,Lee Graham,Week1,314.0 Lee Graham - 88.0 Laurel Hill
Lee Graham,Week4,Mantua,Week4,248.0 Lee Graham - 154.0 Mantua
Laurel Hill,Week3,Chesterbrook,Week4,361.0 Chesterbrook - 41.0 Laurel Hill
Lee Graham,Week5,Daventry,Week1,355.0 Lee Graham - 47.0 Daventry
Lee Graham,Week3,Little Rocky Run,Week3,203.0 Lee Graham - 199.0 Little Rocky Run
Laurel Hill,Week5,Lee Graham,Week4,295.0 Lee Graham - 107.0 Laurel Hill
Laurel Hill,Week1,Commonwealth,Week4,215.0 Commonwealth - 185.0 Laurel Hill
Laurel Hill,Week2,Lee Graham,Week1,331.0 Lee Graham - 65.0 Laurel Hill
Lee Graham,Week3,McLean,Week1,206.0 McLean - 196.0 Lee Graham
Lee Graham,Week1,McLean,Week5,236.0 McLean - 166.0 Lee Graham
Lee Graham,Week2,Highland Park,Week4,286.0 Lee Graham - 116.0 Highland Park
Lee Graham,Week3,Highland Park,Week2,293.0 Lee Graham - 109.0 Highland Park
Laurel Hill,Week4,Chesterbrook,Week3,376.0 Chesterbrook - 26.0 Laurel Hill
Lee Graham,Week4,Little Rocky Run,Week3,221.0 Lee Graham - 181.0 Little Rocky Run
Laurel Hill,Week2,Lincolnia Park,Week2,228.0 Laurel Hill - 158.0 Lincolnia Park
Lee Graham,Week4,High Point Pool,Week3,270.0 Lee Graham - 132.0 High Point Pool
Laurel Hill,Week3,Somerset-Olde Creek,Week5,240.0 Laurel Hill - 161.0 Somerset-Olde Creek
Laurel Hill,Week5,Somerset-Olde Creek,Week3,281.0 Laurel Hill - 118.0 Somerset-Olde Creek
Lee Graham,Week2,McLean,Week4,212.0 McLean - 190.0 Lee Graham
Lee Graham,Week4,Long Branch,Week2,297.0 Lee Graham - 105.0 Long Branch
Laurel Hill,Week5,Somerset-Olde Creek,Week1,266.0 Laurel Hill - 133.0 Somerset-Olde Creek
Laurel Hill,Week3,Lee Graham,Week1,314.0 Lee Graham - 88.0 Laurel Hill
Lee Graham,Week3,McLean,Week3,213.0 McLean - 189.0 Lee Graham
Lee Graham,Week5,Long Branch,Week5,301.0 Lee Graham - 101.0 Long Branch
Lee Graham,Week2,Dominion Hills,Week5,277.0 Lee Graham - 125.0 Dominion Hills
Lee Graham,Week2,Dominion Hills,Week1,298.0 Lee Graham - 104.0 Dominion Hills
Lee Graham,Week2,McLean,Week1,214.5 McLean - 187.5 Lee Graham
Lee Graham,Week4,Dominion Hills,Week4,288.0 Lee Graham - 114.0 Dominion Hills
Lee Graham,Week2,Dominion Hills,Week4,278.0 Lee Graham - 124.0 Dominion Hills
Lee Graham,Week1,Long Branch,Week3,304.0 Lee Graham - 98.0 Long Branch
Lee Graham,Week4,High Point Pool,Week5,248.0 Lee Graham - 154.0 High Point Pool
Lee Graham,Week4,Mantua,Week2,263.0 Lee Graham - 139.0 Mantua
Laurel Hill,Week4,South Run,Week2,224.0 South Run - 177.0 Laurel Hill
Laurel Hill,Week3,South Run,Week4,222.0 South Run - 180.0 Laurel Hill
Lee Graham,Week2,Highland Park,Week5,273.0 Lee Graham - 129.0 Highland Park
Laurel Hill,Week5,Chesterbrook,Week4,355.0 Chesterbrook - 47.0 Laurel Hill
Lee Graham,Week4,Dominion Hills,Week5,269.0 Lee Graham - 133.0 Dominion Hills
Lee Graham,Week3,Dominion Hills,Week3,307.0 Lee Graham - 95.0 Dominion Hills
Laurel Hill,Week2,Lee Graham,Week3,340.0 Lee Graham - 62.0 Laurel Hill
Lee Graham,Week4,Highland Park,Week2,268.0 Lee Graham - 134.0 Highland Park
Lee Graham,Week2,Long Branch,Week5,300.0 Lee Graham - 102.0 Long Branch
Laurel Hill,Week1,Lee Graham,Week5,329.0 Lee Graham - 73.0 Laurel Hill
Lee Graham,Week5,Long Branch,Week3,316.0 Lee Graham - 86.0 Long Branch
Laurel Hill,Week2,Commonwealth,Week1,199.0 Commonwealth - 189.0 Laurel Hill
Laurel Hill,Week5,Laurel Hill,Week4,240.0 Laurel Hill (LH1) - 158.0 Laurel Hill (LH2)
Lee Graham,Week3,Highland Park,Week4,275.0 Lee Graham - 127.0 Highland Park
Lee Graham,Week2,Dominion Hills,Week2,289.0 Lee Graham - 113.0 Dominion Hills
Lee Graham,Week5,Long Branch,Week1,312.0 Lee Graham - 90.0 Long Branch
Laurel Hill,Week2,Lincolnia Park,Week1,214.0 Laurel Hill - 175.0 Lincolnia Park
Lee Graham,Week1,McLean,Week4,203.0 Lee Graham - 199.0 McLean
Lee Graham,Week5,Little Rocky Run,Week3,223.0 Lee Graham - 179.0 Little Rocky Run
Lee Graham,Week1,McLean,Week1,216.0 McLean - 186.0 Lee Graham
Lee Graham,Week5,Daventry,Week4,365.0 Lee Graham - 37.0 Daventry
Lee Graham,Week4,High Point Pool,Week4,251.0 Lee Graham - 151.0 High Point Pool
Lee Graham,Week3,Long Branch,Week5,296.0 Lee Graham - 106.0 Long Branch
Laurel Hill,Week1,Lee Graham,Week1,305.0 Lee Graham - 97.0 Laurel Hill
Lee Graham,Week4,Long Branch,Week4,300.0 Lee Graham - 102.0 Long Branch
Lee Graham,Week5,Mantua,Week4,266.0 Lee Graham - 136.0 Mantua
Lee Graham,Week3,Highland Park,Week3,291.0 Lee Graham - 111.0 Highland Park
Lee Graham,Week1,Dominion Hills,Week5,273.0 Lee Graham - 129.0 Dominion Hills
Lee Graham,Week4,Dominion Hills,Week1,306.0 Lee Graham - 96.0 Dominion Hills
Laurel Hill,Week5,Laurel Hill,Week2,261.0 Laurel Hill (LH1) - 138.0 Laurel Hill (LH2)
Laurel Hill,Week4,Laurel Hill,Week4,198.5 Laurel Hill (LH1) - 198.5 Laurel Hill (LH2)
Lee Graham,Week2,Mantua,Week5,224.0 Lee Graham - 178.0 Mantua
Laurel Hill,Week1,Lee Graham,Week3,330.0 Lee Graham - 72.0 Laurel Hill
Lee Graham,Week1,Highland Park,Week5,281.0 Lee Graham - 121.0 Highland Park
Lee Graham,Week5,Little Rocky Run,Week2,268.0 Lee Graham - 134.0 Little Rocky Run
Lee Graham,Week2,Long Branch,Week3,310.5 Lee Graham - 91.5 Long Branch
Lee Graham,Week1,McLean,Week3,233.0 McLean - 169.0 Lee Graham
Lee Graham,Week4,Highland Park,Week5,252.0 Lee Graham - 150.0 Highland Park
Lee Graham,Week2,McLean,Week2,227.0 McLean - 175.0 Lee Graham
Lee Graham,Week5,Dominion Hills,Week1,310.0 Lee Graham - 92.0 Dominion Hills
Laurel Hill,Week4,Laurel Hill,Week5,240.0 Laurel Hill (LH2) - 158.0 Laurel Hill (LH1)
Lee Graham,Week5,Dominion Hills,Week4,290.5 Lee Graham - 111.5 Dominion Hills
Lee Graham,Week5,Highland Park,Week1,264.0 Lee Graham - 138.0 Highland Park
Laurel Hill,Week4,South Run,Week5,242.0 South Run - 160.0 Laurel Hill
Laurel Hill,Week3,South Run,Week2,211.0 South Run - 191.0 Laurel Hill
Laurel Hill,Week1,Commonwealth,Week5,235.0 Commonwealth - 166.0 Laurel Hill
Laurel Hill,Week5,Laurel Hill,Week5,195.0 Laurel Hill (LH1) - 195.0 Laurel Hill (LH2)
Lee Graham,Week5,Highland Park,Week2,294.0 Lee Graham - 108.0 Highland Park
Lee Graham,Week4,Donaldson Run,Week4,211.0 Donaldson Run - 191.0 Lee Graham
Lee Graham,Week3,Long Branch,Week1,305.0 Lee Graham - 97.0 Long Branch
Lee Graham,Week1,Dominion Hills,Week2,301.0 Lee Graham - 101.0 Dominion Hills
Laurel Hill,Week5,South Run,Week2,210.0 South Run - 191.0 Laurel Hill
Lee Graham,Week5,Highland Park,Week3,290.0 Lee Graham - 112.0 Highland Park
Lee Graham,Week5,Little Rocky Run,Week1,248.0 Lee Graham - 154.0 Little Rocky Run
Lee Graham,Week4,Donaldson Run,Week5,228.0 Donaldson Run - 174.0 Lee Graham
Lee Graham,Week3,McLean,Week5,229.0 McLean - 173.0 Lee Graham
Laurel Hill,Week5,Somerset-Olde Creek,Week4,266.0 Laurel Hill - 136.0 Somerset-Olde Creek
Lee Graham,Week5,Highland Park,Week4,288.0 Lee Graham - 114.0 Highland Park
Lee Graham,Week5,Little Rocky Run,Week5,224.0 Lee Graham - 178.0 Little Rocky Run
Lee Graham,Week1,Dowden Terrace,Week2,287.0 Lee Graham - 115.0 Dowden Terrace
Laurel Hill,Week1,South Run,Week5,252.0 South Run - 149.0 Laurel Hill
Lee Graham,Week4,Little Rocky Run,Week4,225.0 Lee Graham - 177.0 Little Rocky Run
Lee Graham,Week3,McLean,Week4,222.0 McLean - 180.0 Lee Graham
Laurel Hill,Week2,Lee Graham,Week4,330.0 Lee Graham - 72.0 Laurel Hill
Lee Graham,Week4,McLean,Week1,217.0 McLean - 185.0 Lee Graham
Laurel Hill,Week3,Lee Graham,Week5,317.0 Lee Graham - 85.0 Laurel Hill
Laurel Hill,Week1,South Run,Week3,248.0 South Run - 153.0 Laurel Hill
Lee Graham,Week3,Long Branch,Week2,298.5 Lee Graham - 103.5 Long Branch
Lee Graham,Week4,McLean,Week4,218.0 McLean - 184.0 Lee Graham
Laurel Hill,Week4,Lee Graham,Week5,322.0 Lee Graham - 80.0 Laurel Hill
Lee Graham,Week1,Donaldson Run,Week4,206.0 Donaldson Run - 196.0 Lee Graham
Lee Graham,Week3,McLean,Week2,217.0 McLean - 185.0 Lee Graham
Lee Graham,Week5,Donaldson Run,Week4,222.0 Lee Graham - 180.0 Donaldson Run
Lee Graham,Week4,McLean,Week5,239.0 McLean - 163.0 Lee Graham
Lee Graham,Week3,Long Branch,Week3,313.0 Lee Graham - 89.0 Long Branch
Laurel Hill,Week5,Lee Graham,Week3,307.0 Lee Graham - 95.0 Laurel Hill
Lee Graham,Week1,Donaldson Run,Week3,207.0 Donaldson Run - 195.0 Lee Graham
Lee Graham,Week3,Long Branch,Week4,315.0 Lee Graham - 87.0 Long Branch
Laurel Hill,Week5,Lee Graham,Week1,299.0 Lee Graham - 103.0 Laurel Hill
Lee Graham,Week4,McLean,Week3,238.0 McLean - 164.0 Lee Graham
Laurel Hill,Week4,South Run,Week1,239.0 South Run - 154.0 Laurel Hill
Lee Graham,Week1,Highlands Swim,Week1,240.0 Highlands Swim - 162.0 Lee Graham
Laurel Hill,Week2,South Run,Week2,237.0 South Run - 147.0 Laurel Hill
Lee Graham,Week2,Long Branch,Week1,313.0 Lee Graham - 89.0 Long Branch
Lee Graham,Week5,McLean,Week1,207.0 McLean - 195.0 Lee Graham
Lee Graham,Week1,Long Branch,Week1,297.0 Lee Graham - 105.0 Long Branch
Lee Graham,Week2,Long Branch,Week2,306.0 Lee Graham - 96.0 Long Branch
Laurel Hill,Week3,Lee Graham,Week4,312.0 Lee Graham - 90.0 Laurel Hill
Lee Graham,Week2,Donaldson Run,Week2,206.5 Donaldson Run - 195.5 Lee Graham
Lee Graham,Week1,Highlands Swim,Week5,247.0 Highlands Swim - 155.0 Lee Graham
Lee Graham,Week1,Highlands Swim,Week2,251.0 Highlands Swim - 151.0 Lee Graham
Laurel Hill,Week1,Lee Graham,Week2,328.0 Lee Graham - 74.0 Laurel Hill
Lee Graham,Week1,Highlands Swim,Week3,246.0 Highlands Swim - 156.0 Lee Graham
Laurel Hill,Week2,South Run,Week1,252.0 South Run - 135.0 Laurel Hill
Laurel Hill,Week4,Lee Graham,Week3,327.0 Lee Graham - 75.0 Laurel Hill
Lee Graham,Week5,Highland Park,Week5,280.5 Lee Graham - 121.5 Highland Park
Laurel Hill,Week1,South Run,Week1,241.0 South Run - 151.0 Laurel Hill
Lee Graham,Week1,Dowden Terrace,Week5,241.0 Lee Graham - 161.0 Dowden Terrace
Laurel Hill,Week1,Lincolnia Park,Week1,234.0 Laurel Hill - 159.0 Lincolnia Park
Lee Graham,Week1,Donaldson Run,Week2,206.0 Donaldson Run - 196.0 Lee Graham
Laurel Hill,Week3,Lee Graham,Week3,323.5 Lee Graham - 77.5 Laurel Hill
Laurel Hill,Week1,Springboard,Week4,226.0 Springboard - 174.0 Laurel Hill
Lee Graham,Week4,McLean,Week2,239.0 McLean - 163.0 Lee Graham
Laurel Hill,Week3,South Run,Week1,218.5 South Run - 174.5 Laurel Hill
Lee Graham,Week1,Highlands Swim,Week4,247.0 Highlands Swim - 155.0 Lee Graham
Lee Graham,Week3,Donaldson Run,Week2,216.0 Lee Graham - 186.0 Donaldson Run
Lee Graham,Week4,Donaldson Run,Week2,207.0 Donaldson Run - 195.0 Lee Graham
Lee Graham,Week1,Long Branch,Week5,294.0 Lee Graham - 108.0 Long Branch
Lee Graham,Week5,McLean,Week2,231.0 McLean - 171.0 Lee Graham
Lee Graham,Week2,Highlands Swim,Week1,221.0 Highlands Swim - 181.0 Lee Graham
Laurel Hill,Week5,Somerset-Olde Creek,Week2,278.0 Laurel Hill - 121.0 Somerset-Olde Creek
Lee Graham,Week2,Highlands Swim,Week2,250.0 Highlands Swim - 152.0 Lee Graham
Laurel Hill,Week2,South Run,Week3,261.0 South Run - 140.0 Laurel Hill
Lee Graham,Week5,McLean,Week4,223.0 McLean - 179.0 Lee Graham
Lee Graham,Week1,Mosby Woods,Week4,232.0 Lee Graham - 170.0 Mosby Woods
Lee Graham,Week5,McLean,Week5,231.0 McLean - 171.0 Lee Graham
Lee Graham,Week2,Highlands Swim,Week3,235.0 Highlands Swim - 167.0 Lee Graham
Laurel Hill,Week1,Lincolnia Park,Week4,239.0 Laurel Hill - 157.0 Lincolnia Park
Lee Graham,Week1,Donaldson Run,Week1,201.0 Donaldson Run - 201.0 Lee Graham
Lee Graham,Week1,Long Branch,Week2,297.0 Lee Graham - 105.0 Long Branch
Laurel Hill,Week1,Lincolnia Park,Week2,233.0 Laurel Hill - 149.0 Lincolnia Park
Laurel Hill,Week4,Somerset-Olde Creek,Week4,248.0 Laurel Hill - 154.0 Somerset-Olde Creek
Lee Graham,Week4,Highland Park,Week4,269.0 Lee Graham - 133.0 Highland Park
Laurel Hill,Week1,South Run,Week4,231.0 South Run - 165.0 Laurel Hill
Lee Graham,Week1,Mosby Woods,Week1,208.0 Lee Graham - 194.0 Mosby Woods
Lee Graham,Week3,Donaldson Run,Week3,209.0 Lee Graham - 193.0 Donaldson Run
Lee Graham,Week3,Donaldson Run,Week1,226.0 Lee Graham - 176.0 Donaldson Run
Lee Graham,Week4,Little Rocky Run,Week5,202.0 Lee Graham - 200.0 Little Rocky Run
Laurel Hill,Week1,Lincolnia Park,Week3,201.0 Laurel Hill - 188.0 Lincolnia Park
Lee Graham,Week5,Little Rocky Run,Week4,237.0 Lee Graham - 165.0 Little Rocky Run
Lee Graham,Week2,Long Branch,Week4,306.5 Lee Graham - 95.5 Long Branch
Lee Graham,Week1,Mosby Woods,Week5,203.0 Lee Graham - 199.0 Mosby Woods
Lee Graham,Week4,Donaldson Run,Week1,211.0 Lee Graham - 191.0 Donaldson Run
Laurel Hill,Week1,Lincolnia Park,Week5,210.0 Laurel Hill - 179.0 Lincolnia Park
Laurel Hill,Week1,South Run,Week2,239.0 South Run - 159.0 Laurel Hill
Laurel Hill,Week3,Lincolnia Park,Week2,254.0 Laurel Hill - 136.0 Lincolnia Park
Lee Graham,Week2,Mosby Woods,Week5,219.0 Lee Graham - 183.0 Mosby Woods
Laurel Hill,Week4,Somerset-Olde Creek,Week1,267.0 Laurel Hill - 134.0 Somerset-Olde Creek
Lee Graham,Week1,Donaldson Run,Week5,223.0 Donaldson Run - 179.0 Lee Graham
Lee Graham,Week2,Donaldson Run,Week3,210.0 Donaldson Run - 192.0 Lee Graham
Lee Graham,Week2,Mosby Woods,Week3,218.0 Lee Graham - 184.0 Mosby Woods
Laurel Hill,Week4,Somerset-Olde Creek,Week2,269.0 Laurel Hill - 132.0 Somerset-Olde Creek
Laurel Hill,Week4,Somerset-Olde Creek,Week3,264.0 Laurel Hill - 135.0 Somerset-Olde Creek
Lee Graham,Week1,Long Branch,Week4,295.0 Lee Graham - 107.0 Long Branch
Lee Graham,Week4,Long Branch,Week1,307.0 Lee Graham - 95.0 Long Branch
Lee Graham,Week3,Donaldson Run,Week5,218.0 Donaldson Run - 184.0 Lee Graham
Laurel Hill,Week3,Lincolnia Park,Week3,219.0 Laurel Hill - 172.0 Lincolnia Park
Lee Graham,Week2,Mosby Woods,Week1,209.5 Lee Graham - 192.5 Mosby Woods
Laurel Hill,Week2,Lincolnia Park,Week3,197.0 Laurel Hill - 192.0 Lincolnia Park
Lee Graham,Week4,Long Branch,Week5,289.0 Lee Graham - 113.0 Long Branch
Lee Graham,Week5,Dominion Hills,Week5,278.0 Lee Graham - 124.0 Dominion Hills
Lee Graham,Week2,Donaldson Run,Week4,204.0 Lee Graham - 198.0 Donaldson Run
Laurel Hill,Week4,Somerset-Olde Creek,Week5,237.0 Laurel Hill - 165.0 Somerset-Olde Creek
Lee Graham,Week1,Mosby Woods,Week3,213.0 Lee Graham - 184.0 Mosby Woods
Laurel Hill,Week5,Lincolnia Park,Week3,227.0 Laurel Hill - 165.0 Lincolnia Park
Lee Graham,Week2,Donaldson Run,Week1,230.0 Lee Graham - 172.0 Donaldson Run
Lee Graham,Week3,Mosby Woods,Week1,214.0 Lee Graham - 188.0 Mosby Woods
Lee Graham,Week4,Long Branch,Week3,308.0 Lee Graham - 94.0 Long Branch
Lee Graham,Week5,Long Branch,Week2,303.0 Lee Graham - 99.0 Long Branch
Laurel Hill,Week3,South Run,Week3,220.0 South Run - 182.0 Laurel Hill
Lee Graham,Week3,Mansion House,Week2,268.0 Lee Graham - 134.0 Mansion House
Lee Graham,Week3,Mosby Woods,Week2,217.0 Lee Graham - 185.0 Mosby Woods
Laurel Hill,Week5,Lincolnia Park,Week5,238.5 Laurel Hill - 153.5 Lincolnia Park
Lee Graham,Week5,Long Branch,Week4,303.0 Lee Graham - 99.0 Long Branch
Laurel Hill,Week2,South Run,Week4,248.0 South Run - 148.0 Laurel Hill
Laurel Hill,Week4,Lincolnia Park,Week3,213.0 Laurel Hill - 180.0 Lincolnia Park
Laurel Hill,Week3,South Run,Week5,235.0 South Run - 167.0 Laurel Hill
Laurel Hill,Week1,Little Hunting Park,Week1,228.0 Little Hunting Park - 173.0 Laurel Hill
Lee Graham,Week3,Mosby Woods,Week4,229.0 Lee Graham - 173.0 Mosby Woods
Lee Graham,Week3,Mosby Woods,Week3,244.0 Lee Graham - 158.0 Mosby Woods
Laurel Hill,Week5,Somerset-Olde Creek,Week5,261.0 Laurel Hill - 139.0 Somerset-Olde Creek
Laurel Hill,Week4,South Run,Week4,221.0 South Run - 180.0 Laurel Hill
Lee Graham,Week5,Donaldson Run,Week2,223.0 Lee Graham - 179.0 Donaldson Run
Lee Graham,Week5,Donaldson Run,Week1,232.0 Lee Graham - 170.0 Donaldson Run
Laurel Hill,Week3,Lincolnia Park,Week4,251.0 Laurel Hill - 151.0 Lincolnia Park
Lee Graham,Week4,Mosby Woods,Week2,208.0 Lee Graham - 194.0 Mosby Woods
Lee Graham,Week3,Mosby Woods,Week5,215.0 Lee Graham - 187.0 Mosby Woods
Laurel Hill,Week5,Lincolnia Park,Week4,259.0 Laurel Hill - 138.0 Lincolnia Park
Lee Graham,Week3,Donaldson Run,Week4,203.0 Donaldson Run - 199.0 Lee Graham
Laurel Hill,Week1,Little Hunting Park,Week2,229.0 Little Hunting Park - 168.0 Laurel Hill
Lee Graham,Week4,Donaldson Run,Week3,205.0 Lee Graham - 197.0 Donaldson Run
Lee Graham,Week4,Mansion House,Week5,248.0 Lee Graham - 154.0 Mansion House
Laurel Hill,Week2,South Run,Week5,275.5 South Run - 126.5 Laurel Hill
Lee Graham,Week5,Mansion House,Week2,268.0 Lee Graham - 134.0 Mansion House
Lee Graham,Week4,Mosby Woods,Week1,207.0 Mosby Woods - 195.0 Lee Graham
Lee Graham,Week1,Mansion House,Week1,251.0 Lee Graham - 151.0 Mansion House
Lee Graham,Week4,Mansion House,Week2,258.0 Lee Graham - 144.0 Mansion House
Laurel Hill,Week2,Lincolnia Park,Week5,196.0 Laurel Hill - 193.0 Lincolnia Park
Lee Graham,Week2,Donaldson Run,Week5,221.0 Donaldson Run - 181.0 Lee Graham
Laurel Hill,Week4,South Run,Week3,232.0 South Run - 170.0 Laurel Hill
Lee Graham,Week3,Mansion House,Week1,259.0 Lee Graham - 143.0 Mansion House
Laurel Hill,Week1,Little Hunting Park,Week3,214.0 Little Hunting Park - 184.0 Laurel Hill
Lee Graham,Week1,Dowden Terrace,Week1,277.0 Lee Graham - 120.0 Dowden Terrace
Lee Graham,Week1,Dowden Terrace,Week3,285.0 Lee Graham - 117.0 Dowden Terrace
Lee Graham,Week2,Mosby Woods,Week4,227.0 Lee Graham - 175.0 Mosby Woods
Laurel Hill,Week2,Little Hunting Park,Week2,240.0 Little Hunting Park - 162.0 Laurel Hill
Laurel Hill,Week5,South Run,Week1,217.0 South Run - 176.0 Laurel Hill
Lee Graham,Week2,Mantua,Week1,259.0 Lee Graham - 143.0 Mantua
Laurel Hill,Week4,Lincolnia Park,Week4,241.0 Laurel Hill - 161.0 Lincolnia Park
Laurel Hill,Week1,Springboard,Week1,232.0 Springboard - 164.0 Laurel Hill
Lee Graham,Week1,Mantua,Week3,219.0 Lee Graham - 183.0 Mantua
Laurel Hill,Week3,Lincolnia Park,Week1,253.0 Laurel Hill - 147.0 Lincolnia Park
Lee Graham,Week2,Dowden Terrace,Week1,279.0 Lee Graham - 123.0 Dowden Terrace
Lee Graham,Week2,Dowden Terrace,Week3,297.0 Lee Graham - 105.0 Dowden Terrace
Lee Graham,Week1,Mantua,Week5,222.0 Lee Graham - 180.0 Mantua
Lee Graham,Week1,Mantua,Week4,243.0 Lee Graham - 159.0 Mantua
Lee Graham,Week5,Mosby Woods,Week1,205.0 Mosby Woods - 197.0 Lee Graham
Laurel Hill,Week1,Springboard,Week2,204.0 Laurel Hill - 196.0 Springboard
Laurel Hill,Week1,Little Hunting Park,Week4,226.5 Little Hunting Park - 175.5 Laurel Hill
Lee Graham,Week2,Mansion House,Week4,273.0 Lee Graham - 129.0 Mansion House
Lee Graham,Week5,Mosby Woods,Week3,219.0 Lee Graham - 183.0 Mosby Woods
Laurel Hill,Week5,South Run,Week3,218.0 South Run - 184.0 Laurel Hill
Lee Graham,Week4,Mosby Woods,Week5,215.0 Lee Graham - 187.0 Mosby Woods
Lee Graham,Week4,Mansion House,Week1,258.0 Lee Graham - 144.0 Mansion House
Laurel Hill,Week2,Springboard,Week4,239.0 Springboard - 159.0 Laurel Hill
Laurel Hill,Week5,South Run,Week4,215.0 South Run - 186.0 Laurel Hill
Lee Graham,Week2,Mosby Woods,Week2,211.0 Lee Graham - 191.0 Mosby Woods
Lee Graham,Week3,Dowden Terrace,Week2,283.0 Lee Graham - 119.0 Dowden Terrace
Laurel Hill,Week5,South Run,Week5,227.0 South Run - 175.0 Laurel Hill
Lee Graham,Week3,Dowden Terrace,Week1,296.0 Lee Graham - 106.0 Dowden Terrace
Laurel Hill,Week4,Lincolnia Park,Week1,239.0 Laurel Hill - 162.0 Lincolnia Park
Laurel Hill,Week2,Springboard,Week1,234.0 Springboard - 162.0 Laurel Hill
Lee Graham,Week5,Mount Vernon Park,Week3,206.0 Lee Graham - 196.0 Mount Vernon Park
Laurel Hill,Week1,Little Hunting Park,Week5,232.0 Little Hunting Park - 166.0 Laurel Hill
Laurel Hill,Week5,Lincolnia Park,Week2,258.0 Laurel Hill - 131.0 Lincolnia Park
Lee Graham,Week2,Dowden Terrace,Week2,284.0 Lee Graham - 118.0 Dowden Terrace
Laurel Hill,Week2,Little Hunting Park,Week1,239.0 Little Hunting Park - 162.0 Laurel Hill
Lee Graham,Week4,Mosby Woods,Week4,234.0 Lee Graham - 168.0 Mosby Woods
Lee Graham,Week2,Dowden Terrace,Week4,272.0 Lee Graham - 130.0 Dowden Terrace
Lee Graham,Week5,Donaldson Run,Week3,224.0 Lee Graham - 178.0 Donaldson Run
Lee Graham,Week3,Mansion House,Week5,266.0 Lee Graham - 136.0 Mansion House
Lee Graham,Week2,Mantua,Week2,258.0 Lee Graham - 144.0 Mantua
Lee Graham,Week4,Mosby Woods,Week3,232.0 Lee Graham - 170.0 Mosby Woods
Lee Graham,Week2,Mount Vernon Park,Week5,222.0 Mount Vernon Park - 180.0 Lee Graham
Laurel Hill,Week5,Lincolnia Park,Week1,279.0 Laurel Hill - 121.0 Lincolnia Park
Laurel Hill,Week3,Lincolnia Park,Week5,219.0 Laurel Hill - 172.0 Lincolnia Park
Lee Graham,Week5,Mansion House,Week5,258.5 Lee Graham - 143.5 Mansion House
Lee Graham,Week5,Donaldson Run,Week5,208.0 Lee Graham - 194.0 Donaldson Run
Lee Graham,Week1,Dowden Terrace,Week4,280.0 Lee Graham - 122.0 Dowden Terrace
Lee Graham,Week1,Mantua,Week1,252.0 Lee Graham - 150.0 Mantua
Laurel Hill,Week1,Springboard,Week3,223.5 Springboard - 171.5 Laurel Hill
Lee Graham,Week1,Mosby Woods,Week2,202.0 Lee Graham - 200.0 Mosby Woods
Laurel Hill,Week2,Springboard,Week5,251.0 Springboard - 148.0 Laurel Hill
Lee Graham,Week2,Mount Vernon Park,Week3,206.0 Lee Graham - 196.0 Mount Vernon Park
Laurel Hill,Week4,Lincolnia Park,Week2,241.0 Laurel Hill - 151.0 Lincolnia Park
Lee Graham,Week2,Mansion House,Week2,262.0 Lee Graham - 140.0 Mansion House
Laurel Hill,Week4,Lincolnia Park,Week5,217.0 Laurel Hill - 176.0 Lincolnia Park
Lee Graham,Week5,Mansion House,Week4,276.5 Lee Graham - 125.5 Mansion House
Lee Graham,Week5,Mount Vernon Park,Week5,203.0 Mount Vernon Park - 199.0 Lee Graham
Lee Graham,Week3,Dowden Terrace,Week3,302.0 Lee Graham - 100.0 Dowden Terrace
Lee Graham,Week3,Mount Vernon Park,Week3,207.0 Lee Graham - 195.0 Mount Vernon Park
Laurel Hill,Week5,Springboard,Week4,210.0 Laurel Hill - 187.0 Springboard
Lee Graham,Week3,Dowden Terrace,Week4,275.0 Lee Graham - 127.0 Dowden Terrace
Lee Graham,Week4,Dowden Terrace,Week3,278.0 Lee Graham - 124.0 Dowden Terrace
Lee Graham,Week4,Mount Vernon Park,Week2,230.0 Lee Graham - 172.0 Mount Vernon Park
Laurel Hill,Week3,Springboard,Week1,207.0 Laurel Hill - 193.0 Springboard
Laurel Hill,Week4,Springboard,Week5,223.0 Springboard - 179.0 Laurel Hill
Laurel Hill,Week2,Little Rocky Run,Week3,342.0 Little Rocky Run - 59.0 Laurel Hill
Lee Graham,Week4,Dowden Terrace,Week1,277.0 Lee Graham - 125.0 Dowden Terrace
Laurel Hill,Week2,Springboard,Week2,210.0 Springboard - 185.0 Laurel Hill
Lee Graham,Week3,Mount Vernon Park,Week4,230.0 Lee Graham - 172.0 Mount Vernon Park
Lee Graham,Week2,Mansion House,Week3,243.0 Lee Graham - 159.0 Mansion House
Lee Graham,Week1,Mansion House,Week5,227.0 Lee Graham - 175.0 Mansion House
Laurel Hill,Week2,Lincolnia Park,Week4,226.0 Laurel Hill - 165.0 Lincolnia Park
Laurel Hill,Week5,Springboard,Week3,212.0 Laurel Hill - 190.0 Springboard
Lee Graham,Week4,Mansion House,Week4,282.0 Lee Graham - 120.0 Mansion House
Lee Graham,Week1,Mansion House,Week4,268.0 Lee Graham - 134.0 Mansion House
Lee Graham,Week5,Dowden Terrace,Week4,271.0 Lee Graham - 131.0 Dowden Terrace
Lee Graham,Week2,Mansion House,Week1,254.0 Lee Graham - 148.0 Mansion House
Lee Graham,Week4,Dowden Terrace,Week5,242.0 Lee Graham - 160.0 Dowden Terrace
Lee Graham,Week5,Dowden Terrace,Week5,255.0 Lee Graham - 147.0 Dowden Terrace
Laurel Hill,Week5,Little Hunting Park,Week2,219.0 Laurel Hill - 181.0 Little Hunting Park
Lee Graham,Week1,Mount Vernon Park,Week1,203.5 Lee Graham - 198.5 Mount Vernon Park
Laurel Hill,Week5,Little Hunting Park,Week1,219.0 Laurel Hill - 183.0 Little Hunting Park
Laurel Hill,Week3,Springboard,Week4,203.0 Springboard - 199.0 Laurel Hill
Lee Graham,Week1,Mansion House,Week2,260.0 Lee Graham - 142.0 Mansion House
Lee Graham,Week3,Mount Vernon Park,Week5,208.0 Lee Graham - 194.0 Mount Vernon Park
Lee Graham,Week5,Dowden Terrace,Week3,296.5 Lee Graham - 105.5 Dowden Terrace
Lee Graham,Week3,Dowden Terrace,Week5,250.0 Lee Graham - 152.0 Dowden Terrace
Laurel Hill,Week4,Springboard,Week3,201.0 Laurel Hill - 201.0 Springboard
Laurel Hill,Week2,Little Rocky Run,Week1,332.0 Little Rocky Run - 70.0 Laurel Hill
Lee Graham,Week1,Mount Vernon Park,Week3,202.0 Lee Graham - 200.0 Mount Vernon Park
Lee Graham,Week1,Mount Vernon Park,Week5,210.0 Mount Vernon Park - 192.0 Lee Graham
Laurel Hill,Week2,Little Hunting Park,Week3,231.0 Little Hunting Park - 170.0 Laurel Hill
Laurel Hill,Week5,Springboard,Week1,214.0 Laurel Hill - 187.0 Springboard
Lee Graham,Week2,Mount Vernon Park,Week1,209.0 Lee Graham - 193.0 Mount Vernon Park
Laurel Hill,Week3,Little Rocky Run,Week3,331.0 Little Rocky Run - 71.0 Laurel Hill
Laurel Hill,Week1,Springfield,Week3,311.0 Laurel Hill - 61.0 Springfield
Lee Graham,Week1,Mansion House,Week3,239.0 Lee Graham - 163.0 Mansion House
Lee Graham,Week3,Mansion House,Week3,246.5 Lee Graham - 155.5 Mansion House
Laurel Hill,Week5,Springboard,Week5,207.0 Laurel Hill - 195.0 Springboard
Lee Graham,Week4,Newington Forest,Week1,345.0 Lee Graham - 57.0 Newington Forest
Lee Graham,Week3,Mansion House,Week4,287.0 Lee Graham - 115.0 Mansion House
Laurel Hill,Week5,Little Hunting Park,Week3,214.0 Laurel Hill - 186.0 Little Hunting Park
Laurel Hill,Week3,Little Hunting Park,Week3,199.0 Laurel Hill - 199.0 Little Hunting Park
Lee Graham,Week1,Dunn Loring,Week2,217.0 Lee Graham - 185.0 Dunn Loring
Lee Graham,Week5,Mansion House,Week1,258.0 Lee Graham - 144.0 Mansion House
Lee Graham,Week5,Dowden Terrace,Week1,282.0 Lee Graham - 120.0 Dowden Terrace
Laurel Hill,Week4,Little Hunting Park,Week5,224.0 Little Hunting Park - 174.0 Laurel Hill
Lee Graham,Week4,Mansion House,Week3,245.0 Lee Graham - 157.0 Mansion House
Laurel Hill,Week4,Springboard,Week4,219.0 Springboard - 183.0 Laurel Hill
Lee Graham,Week1,Mount Vernon Park,Week4,222.0 Lee Graham - 180.0 Mount Vernon Park
Lee Graham,Week5,Mosby Woods,Week4,225.0 Lee Graham - 177.0 Mosby Woods
Laurel Hill,Week3,Springboard,Week2,229.0 Laurel Hill - 172.0 Springboard
Laurel Hill,Week4,Little Hunting Park,Week1,201.0 Laurel Hill - 201.0 Little Hunting Park
Lee Graham,Week4,Dowden Terrace,Week2,271.0 Lee Graham - 131.0 Dowden Terrace
Laurel Hill,Week3,Springboard,Week3,205.0 Laurel Hill - 195.0 Springboard
Laurel Hill,Week4,Little Hunting Park,Week3,215.0 Laurel Hill - 186.0 Little Hunting Park
Lee Graham,Week2,Mount Vernon Park,Week2,214.0 Lee Graham - 188.0 Mount Vernon Park
Lee Graham,Week2,Mansion House,Week5,238.0 Lee Graham - 164.0 Mansion House
Lee Graham,Week2,Dowden Terrace,Week5,235.0 Lee Graham - 167.0 Dowden Terrace
Laurel Hill,Week3,Little Hunting Park,Week2,211.0 Laurel Hill - 191.0 Little Hunting Park
Lee Graham,Week5,Mosby Woods,Week5,217.0 Lee Graham - 185.0 Mosby Woods
Lee Graham,Week4,Mount Vernon Park,Week4,225.0 Lee Graham - 177.0 Mount Vernon Park
Lee Graham,Week2,Mount Vernon Park,Week4,226.0 Lee Graham - 176.0 Mount Vernon Park
Laurel Hill,Week3,Little Hunting Park,Week4,214.0 Laurel Hill - 188.0 Little Hunting Park
Laurel Hill,Week4,Springboard,Week2,217.0 Laurel Hill - 185.0 Springboard
Lee Graham,Week5,Mount Vernon Park,Week1,234.0 Lee Graham - 168.0 Mount Vernon Park
Laurel Hill,Week2,Little Hunting Park,Week5,255.0 Little Hunting Park - 145.0 Laurel Hill
Laurel Hill,Week3,Springboard,Week5,214.0 Springboard - 187.0 Laurel Hill
Lee Graham,Week5,Mosby Woods,Week2,201.0 Lee Graham - 201.0 Mosby Woods
Lee Graham,Week1,Holmes Run Acres,Week3,249.0 Lee Graham - 153.0 Holmes Run Acres
Lee Graham,Week5,Dowden Terrace,Week2,282.0 Lee Graham - 120.0 Dowden Terrace
Lee Graham,Week5,Holmes Run Acres,Week2,293.0 Lee Graham - 109.0 Holmes Run Acres
Laurel Hill,Week1,Springfield,Week1,293.0 Laurel Hill - 81.0 Springfield
Lee Graham,Week1,Dunn Loring,Week1,245.0 Lee Graham - 157.0 Dunn Loring
Laurel Hill,Week1,Springboard,Week5,243.0 Springboard - 159.0 Laurel Hill
Laurel Hill,Week4,Springboard,Week1,216.0 Springboard - 186.0 Laurel Hill
Lee Graham,Week1,Mantua,Week2,253.0 Lee Graham - 144.0 Mantua
Lee Graham,Week4,Dowden Terrace,Week4,266.0 Lee Graham - 136.0 Dowden Terrace
Laurel Hill,Week2,Little Hunting Park,Week4,223.0 Little Hunting Park - 179.0 Laurel Hill
Laurel Hill,Week4,Little Hunting Park,Week2,204.0 Little Hunting Park - 197.0 Laurel Hill
Lee Graham,Week1,Mount Vernon Park,Week2,218.0 Lee Graham - 184.0 Mount Vernon Park
Lee Graham,Week5,Mansion House,Week3,248.0 Lee Graham - 154.0 Mansion House
Laurel Hill,Week1,Springfield,Week2,292.0 Laurel Hill - 83.0 Springfield
Laurel Hill,Week5,Springboard,Week2,231.5 Laurel Hill - 170.5 Springboard
Lee Graham,Week5,Hollin Meadows,Week5,280.0 Lee Graham - 122.0 Hollin Meadows
Laurel Hill,Week3,Springfield,Week3,324.0 Laurel Hill - 59.0 Springfield
Lee Graham,Week4,Mount Vernon Park,Week5,208.0 Mount Vernon Park - 194.0 Lee Graham
Laurel Hill,Week1,Stratford,Week4,241.0 Stratford - 161.0 Laurel Hill
Lee Graham,Week3,Mount Vernon Park,Week1,217.0 Lee Graham - 185.0 Mount Vernon Park
Laurel Hill,Week1,Stratford,Week1,201.0 Stratford - 196.0 Laurel Hill
Lee Graham,Week5,Hollin Meadows,Week3,287.0 Lee Graham - 115.0 Hollin Meadows
Laurel Hill,Week5,Little Hunting Park,Week4,217.0 Laurel Hill - 184.0 Little Hunting Park
Lee Graham,Week5,Hollin Meadows,Week4,289.0 Lee Graham - 113.0 Hollin Meadows
Laurel Hill,Week4,Springfield,Week3,327.0 Laurel Hill - 60.0 Springfield
Lee Graham,Week4,Mount Vernon Park,Week3,211.0 Lee Graham - 191.0 Mount Vernon Park
Laurel Hill,Week5,Little Hunting Park,Week5,209.0 Little Hunting Park - 188.0 Laurel Hill
Lee Graham,Week2,Holmes Run Acres,Week3,250.0 Lee Graham - 152.0 Holmes Run Acres
Laurel Hill,Week2,Springboard,Week3,234.0 Springboard - 166.0 Laurel Hill
Lee Graham,Week3,Mount Vernon Park,Week2,221.0 Lee Graham - 181.0 Mount Vernon Park
Lee Graham,Week3,Holmes Run Acres,Week1,271.0 Lee Graham - 131.0 Holmes Run Acres
Lee Graham,Week2,Holmes Run Acres,Week2,290.0 Lee Graham - 112.0 Holmes Run Acres
Lee Graham,Week5,Mount Vernon Park,Week2,219.0 Lee Graham - 183.0 Mount Vernon Park
Lee Graham,Week3,Holmes Run Acres,Week4,275.0 Lee Graham - 127.0 Holmes Run Acres
Laurel Hill,Week1,Little Rocky Run,Week4,328.0 Little Rocky Run - 74.0 Laurel Hill
Laurel Hill,Week5,Springfield,Week3,323.0 Laurel Hill - 56.0 Springfield
Laurel Hill,Week3,Little Hunting Park,Week1,206.0 Laurel Hill - 195.0 Little Hunting Park
Laurel Hill,Week1,Little Rocky Run,Week3,334.0 Little Rocky Run - 68.0 Laurel Hill
Lee Graham,Week4,Mount Vernon Park,Week1,227.0 Lee Graham - 175.0 Mount Vernon Park
Laurel Hill,Week1,Little Rocky Run,Week2,318.0 Little Rocky Run - 84.0 Laurel Hill
Laurel Hill,Week3,Little Hunting Park,Week5,238.0 Little Hunting Park - 163.0 Laurel Hill
Laurel Hill,Week1,Springfield,Week5,304.0 Laurel Hill - 70.0 Springfield
Lee Graham,Week3,Holmes Run Acres,Week5,242.0 Lee Graham - 160.0 Holmes Run Acres
Laurel Hill,Week1,Little Rocky Run,Week5,329.0 Little Rocky Run - 73.0 Laurel Hill
Lee Graham,Week3,Holmes Run Acres,Week2,294.0 Lee Graham - 108.0 Holmes Run Acres
Laurel Hill,Week4,Little Hunting Park,Week4,205.0 Little Hunting Park - 196.0 Laurel Hill
Lee Graham,Week4,Newington Forest,Week5,331.0 Lee Graham - 71.0 Newington Forest
Laurel Hill,Week4,Stratford,Week1,204.0 Laurel Hill - 192.0 Stratford
Lee Graham,Week1,Newington Forest,Week1,342.0 Lee Graham - 60.0 Newington Forest
Lee Graham,Week5,Mount Vernon Park,Week4,227.0 Lee Graham - 175.0 Mount Vernon Park
Laurel Hill,Week2,Stratford,Week2,240.0 Stratford - 161.0 Laurel Hill
Lee Graham,Week5,Newington Forest,Week1,350.0 Lee Graham - 52.0 Newington Forest
Laurel Hill,Week2,Little Rocky Run,Week5,340.0 Little Rocky Run - 62.0 Laurel Hill
Laurel Hill,Week1,Little Rocky Run,Week1,322.0 Little Rocky Run - 80.0 Laurel Hill
Lee Graham,Week2,Newington Forest,Week4,339.0 Lee Graham - 63.0 Newington Forest
Laurel Hill,Week2,Little Rocky Run,Week4,334.0 Little Rocky Run - 68.0 Laurel Hill
Lee Graham,Week2,Hunt Valley,Week5,206.0 Hunt Valley - 196.0 Lee Graham
Lee Graham,Week2,Holmes Run Acres,Week5,238.0 Lee Graham - 164.0 Holmes Run Acres
Laurel Hill,Week3,Little Rocky Run,Week1,317.0 Little Rocky Run - 85.0 Laurel Hill
Laurel Hill,Week1,Stratford,Week2,219.0 Stratford - 182.0 Laurel Hill
Lee Graham,Week3,Newington Forest,Week4,347.5 Lee Graham - 54.5 Newington Forest
Lee Graham,Week5,Holmes Run Acres,Week1,278.0 Lee Graham - 124.0 Holmes Run Acres
Laurel Hill,Week2,Little Rocky Run,Week2,334.0 Little Rocky Run - 68.0 Laurel Hill
Laurel Hill,Week3,Stratford,Week2,202.0 Stratford - 199.0 Laurel Hill
Laurel Hill,Week2,Stratford,Week3,246.0 Stratford - 155.0 Laurel Hill
Lee Graham,Week2,Holmes Run Acres,Week1,268.0 Lee Graham - 134.0 Holmes Run Acres
Lee Graham,Week2,Hunt Valley,Week3,209.0 Hunt Valley - 193.0 Lee Graham
Laurel Hill,Week2,Stratford,Week4,262.0 Stratford - 139.0 Laurel Hill
Lee Graham,Week3,Newington Forest,Week1,350.0 Lee Graham - 52.0 Newington Forest
Lee Graham,Week4,Holmes Run Acres,Week3,248.0 Lee Graham - 154.0 Holmes Run Acres
Lee Graham,Week1,Holmes Run Acres,Week2,276.0 Lee Graham - 126.0 Holmes Run Acres
Lee Graham,Week3,Newington Forest,Week2,350.0 Lee Graham - 51.0 Newington Forest
Lee Graham,Week3,Newington Forest,Week5,328.0 Lee Graham - 74.0 Newington Forest
Lee Graham,Week1,Holmes Run Acres,Week5,242.0 Lee Graham - 160.0 Holmes Run Acres
Lee Graham,Week3,Holmes Run Acres,Week3,261.0 Lee Graham - 141.0 Holmes Run Acres
Lee Graham,Week1,Newington Forest,Week5,316.0 Lee Graham - 86.0 Newington Forest
Lee Graham,Week2,Holmes Run Acres,Week4,264.0 Lee Graham - 138.0 Holmes Run Acres
Laurel Hill,Week4,Little Rocky Run,Week5,334.0 Little Rocky Run - 68.0 Laurel Hill
Laurel Hill,Week4,Little Rocky Run,Week2,314.0 Little Rocky Run - 88.0 Laurel Hill
Laurel Hill,Week1,Springfield,Week4,285.0 Laurel Hill - 95.0 Springfield
Laurel Hill,Week2,Springfield,Week3,289.0 Laurel Hill - 86.0 Springfield
Laurel Hill,Week3,Springfield,Week5,320.0 Laurel Hill - 62.0 Springfield
Laurel Hill,Week5,Little Rocky Run,Week3,322.0 Little Rocky Run - 80.0 Laurel Hill
Laurel Hill,Week4,Springfield,Week5,324.0 Laurel Hill - 56.0 Springfield
Lee Graham,Week2,Newington Forest,Week2,347.0 Lee Graham - 55.0 Newington Forest
Lee Graham,Week1,Newington Forest,Week4,327.0 Lee Graham - 70.0 Newington Forest
Lee Graham,Week2,Newington Forest,Week1,352.0 Lee Graham - 50.0 Newington Forest
Laurel Hill,Week2,Springfield,Week2,282.0 Laurel Hill - 91.0 Springfield
Laurel Hill,Week3,Little Rocky Run,Week4,325.0 Little Rocky Run - 77.0 Laurel Hill
Laurel Hill,Week4,Little Rocky Run,Week3,337.0 Little Rocky Run - 65.0 Laurel Hill
Lee Graham,Week1,Newington Forest,Week3,329.0 Lee Graham - 73.0 Newington Forest
Laurel Hill,Week3,Little Rocky Run,Week5,327.0 Little Rocky Run - 75.0 Laurel Hill
Laurel Hill,Week4,Little Rocky Run,Week4,319.0 Little Rocky Run - 83.0 Laurel Hill
Laurel Hill,Week3,Little Rocky Run,Week2,318.0 Little Rocky Run - 84.0 Laurel Hill
Lee Graham,Week2,Newington Forest,Week5,330.0 Lee Graham - 72.0 Newington Forest
Lee Graham,Week5,Holmes Run Acres,Week3,257.0 Lee Graham - 145.0 Holmes Run Acres
Lee Graham,Week4,Holmes Run Acres,Week5,238.0 Lee Graham - 164.0 Holmes Run Acres
Lee Graham,Week1,Newington Forest,Week2,335.0 Lee Graham - 67.0 Newington Forest
Laurel Hill,Week5,Springfield,Week2,315.0 Laurel Hill - 62.0 Springfield
Laurel Hill,Week3,Springfield,Week4,305.0 Laurel Hill - 82.0 Springfield
Laurel Hill,Week4,Springfield,Week2,321.0 Laurel Hill - 66.0 Springfield
Laurel Hill,Week5,Little Rocky Run,Week1,290.0 Little Rocky Run - 107.0 Laurel Hill
Lee Graham,Week4,Holmes Run Acres,Week1,274.0 Lee Graham - 128.0 Holmes Run Acres
Laurel Hill,Week2,Springfield,Week4,267.0 Laurel Hill - 112.0 Springfield
Lee Graham,Week1,Holmes Run Acres,Week4,263.0 Lee Graham - 139.0 Holmes Run Acres
Lee Graham,Week4,Holmes Run Acres,Week4,266.0 Lee Graham - 136.0 Holmes Run Acres
Laurel Hill,Week5,Little Rocky Run,Week2,300.0 Little Rocky Run - 102.0 Laurel Hill
Laurel Hill,Week5,Little Rocky Run,Week4,300.0 Little Rocky Run - 102.0 Laurel Hill
Laurel Hill,Week3,Springfield,Week2,315.0 Laurel Hill - 70.0 Springfield
Laurel Hill,Week5,Springfield,Week4,312.0 Laurel Hill - 66.0 Springfield
Lee Graham,Week4,Newington Forest,Week3,337.0 Lee Graham - 65.0 Newington Forest
Laurel Hill,Week2,Stratford,Week1,215.0 Stratford - 177.0 Laurel Hill
Lee Graham,Week2,Newington Forest,Week3,343.0 Lee Graham - 59.0 Newington Forest
Lee Graham,Week4,Holmes Run Acres,Week2,275.0 Lee Graham - 127.0 Holmes Run Acres
Lee Graham,Week1,Holmes Run Acres,Week1,273.0 Lee Graham - 129.0 Holmes Run Acres
Lee Graham,Week3,Newington Forest,Week3,354.0 Lee Graham - 48.0 Newington Forest
Lee Graham,Week1,Hunt Valley,Week2,212.0 Lee Graham - 190.0 Hunt Valley
Lee Graham,Week1,North Springfield,Week5,312.0 Lee Graham - 62.0 North Springfield
Lee Graham,Week1,Hunt Valley,Week3,218.0 Hunt Valley - 184.0 Lee Graham
Laurel Hill,Week4,Springfield,Week4,310.0 Laurel Hill - 77.0 Springfield
Laurel Hill,Week4,Springfield,Week1,308.0 Laurel Hill - 73.0 Springfield
Lee Graham,Week1,North Springfield,Week3,333.0 Lee Graham - 64.0 North Springfield
Laurel Hill,Week2,Springfield,Week1,274.0 Laurel Hill - 109.0 Springfield
Lee Graham,Week1,Hunt Valley,Week5,211.5 Lee Graham - 190.5 Hunt Valley
Lee Graham,Week1,North Springfield,Week1,307.0 Lee Graham - 44.0 North Springfield
Lee Graham,Week5,Newington Forest,Week3,351.0 Lee Graham - 51.0 Newington Forest
Laurel Hill,Week4,Little Rocky Run,Week1,317.0 Little Rocky Run - 85.0 Laurel Hill
Lee Graham,Week4,Newington Forest,Week4,328.5 Lee Graham - 73.5 Newington Forest
Lee Graham,Week5,Holmes Run Acres,Week4,275.0 Lee Graham - 127.0 Holmes Run Acres
Laurel Hill,Week1,Stratford,Week3,235.0 Stratford - 166.0 Laurel Hill
Lee Graham,Week2,Hunt Valley,Week1,220.0 Lee Graham - 182.0 Hunt Valley
Laurel Hill,Week5,Springfield,Week5,321.0 Laurel Hill - 51.0 Springfield
Laurel Hill,Week5,Hamlet,Week5,334.0 Hamlet - 68.0 Laurel Hill
Lee Graham,Week1,North Springfield,Week4,344.0 Lee Graham - 48.0 North Springfield
Lee Graham,Week5,Holmes Run Acres,Week5,250.0 Lee Graham - 152.0 Holmes Run Acres
Laurel Hill,Week2,Springfield,Week5,288.0 Laurel Hill - 96.0 Springfield
Lee Graham,Week1,Hunt Valley,Week1,216.0 Lee Graham - 186.0 Hunt Valley
Laurel Hill,Week5,Little Rocky Run,Week5,311.0 Little Rocky Run - 91.0 Laurel Hill
Laurel Hill,Week3,Springfield,Week1,312.0 Laurel Hill - 71.0 Springfield
Laurel Hill,Week5,Springfield,Week1,313.0 Laurel Hill - 66.0 Springfield
Lee Graham,Week1,Hunt Valley,Week4,214.0 Lee Graham - 188.0 Hunt Valley
Lee Graham,Week5,Newington Forest,Week5,331.0 Lee Graham - 71.0 Newington Forest
Laurel Hill,Week2,Hamlet,Week4,333.0 Hamlet - 68.0 Laurel Hill
Laurel Hill,Week2,Hamlet,Week2,345.0 Hamlet - 57.0 Laurel Hill
Lee Graham,Week2,Hunt Valley,Week4,216.0 Lee Graham - 186.0 Hunt Valley
Lee Graham,Week2,North Springfield,Week3,341.0 Lee Graham - 56.0 North Springfield
Laurel Hill,Week3,Stratford,Week4,232.5 Stratford - 169.5 Laurel Hill
Laurel Hill,Week1,Stratford,Week5,244.0 Stratford - 152.0 Laurel Hill
Lee Graham,Week5,Hunt Valley,Week2,242.0 Lee Graham - 160.0 Hunt Valley
Lee Graham,Week2,Hunt Valley,Week2,238.0 Lee Graham - 164.0 Hunt Valley
Laurel Hill,Week3,Stratford,Week5,224.0 Stratford - 177.0 Laurel Hill
Laurel Hill,Week4,Hamlet,Week3,339.0 Hamlet - 62.0 Laurel Hill
Lee Graham,Week2,North Springfield,Week4,344.0 Lee Graham - 48.0 North Springfield
Lee Graham,Week2,North Springfield,Week1,318.0 Lee Graham - 32.0 North Springfield
Laurel Hill,Week5,Stratford,Week1,216.0 Laurel Hill - 176.0 Stratford
Lee Graham,Week5,Newington Forest,Week2,350.0 Lee Graham - 52.0 Newington Forest
Laurel Hill,Week3,Stratford,Week3,223.0 Stratford - 178.0 Laurel Hill
Lee Graham,Week5,Hunt Valley,Week1,242.0 Lee Graham - 160.0 Hunt Valley
Lee Graham,Week4,Newington Forest,Week2,351.0 Lee Graham - 51.0 Newington Forest
Lee Graham,Week2,Hunter Mill,Week5,204.0 Lee Graham - 198.0 Hunter Mill
Lee Graham,Week3,Hunter Mill,Week1,271.0 Lee Graham - 131.0 Hunter Mill
Laurel Hill,Week2,Hamlet,Week3,346.0 Hamlet - 56.0 Laurel Hill
Laurel Hill,Week3,Stratford,Week1,207.0 Stratford - 190.0 Laurel Hill
Laurel Hill,Week2,Stratford,Week5,258.0 Stratford - 142.0 Laurel Hill
Lee Graham,Week2,North Springfield,Week2,338.0 Lee Graham - 50.0 North Springfield
Laurel Hill,Week2,Hamlet,Week5,356.0 Hamlet - 46.0 Laurel Hill
Laurel Hill,Week5,Hamlet,Week3,309.0 Hamlet - 92.0 Laurel Hill
Laurel Hill,Week1,Hayfield Farm,Week5,253.0 Hayfield Farm - 149.0 Laurel Hill
Lee Graham,Week3,Hunt Valley,Week2,245.0 Lee Graham - 157.0 Hunt Valley
Lee Graham,Week1,North Springfield,Week2,335.0 Lee Graham - 53.0 North Springfield
Laurel Hill,Week4,Sully Station,Week1,312.0 Sully Station - 90.0 Laurel Hill
Lee Graham,Week3,Oakton ,Week5,212.0 Lee Graham - 190.0 Oakton
Laurel Hill,Week5,Stratford,Week3,206.0 Laurel Hill - 195.0 Stratford
Lee Graham,Week4,North Springfield,Week3,339.0 Lee Graham - 58.0 North Springfield
Laurel Hill,Week1,Sully Station,Week2,297.0 Sully Station - 105.0 Laurel Hill
Lee Graham,Week1,Hunter Mill,Week4,237.0 Lee Graham - 165.0 Hunter Mill
Lee Graham,Week3,Hunt Valley,Week3,225.0 Lee Graham - 177.0 Hunt Valley
Laurel Hill,Week3,Hamlet,Week1,317.0 Hamlet - 85.0 Laurel Hill
Lee Graham,Week3,North Springfield,Week1,312.0 Lee Graham - 39.0 North Springfield
Laurel Hill,Week5,Greenbriar,Week5,260.0 Greenbriar - 140.0 Laurel Hill
Lee Graham,Week3,Hunt Valley,Week5,220.0 Lee Graham - 182.0 Hunt Valley
Lee Graham,Week5,Newington Forest,Week4,342.0 Lee Graham - 60.0 Newington Forest
Laurel Hill,Week1,Hamlet,Week4,313.0 Hamlet - 89.0 Laurel Hill
Lee Graham,Week1,Hunter Mill,Week3,231.0 Lee Graham - 171.0 Hunter Mill
Lee Graham,Week4,Hunt Valley,Week1,223.0 Lee Graham - 179.0 Hunt Valley
Laurel Hill,Week5,Stratford,Week5,209.0 Stratford - 191.0 Laurel Hill
Lee Graham,Week3,North Springfield,Week3,341.0 Lee Graham - 56.0 North Springfield
Lee Graham,Week2,North Springfield,Week5,318.0 Lee Graham - 56.0 North Springfield
Laurel Hill,Week5,Stratford,Week2,207.0 Laurel Hill - 194.0 Stratford
Laurel Hill,Week4,Hamlet,Week2,337.0 Hamlet - 65.0 Laurel Hill
Lee Graham,Week4,Oakton ,Week2,214.0 Lee Graham - 188.0 Oakton
Laurel Hill,Week1,Hamlet,Week3,325.5 Hamlet - 76.5 Laurel Hill
Laurel Hill,Week2,Sully Station,Week1,320.0 Sully Station - 80.0 Laurel Hill
Laurel Hill,Week4,Stratford,Week2,214.0 Stratford - 187.0 Laurel Hill
Lee Graham,Week3,Oakton ,Week2,221.0 Lee Graham - 181.0 Oakton
Lee Graham,Week4,Hunt Valley,Week5,203.0 Lee Graham - 199.0 Hunt Valley
Lee Graham,Week1,Oakton ,Week5,205.0 Lee Graham - 197.0 Oakton
Lee Graham,Week2,Oakton ,Week3,224.0 Lee Graham - 178.0 Oakton
Lee Graham,Week2,Hunter Mill,Week2,258.0 Lee Graham - 144.0 Hunter Mill
Laurel Hill,Week4,Hamlet,Week5,350.0 Hamlet - 52.0 Laurel Hill
Laurel Hill,Week5,Hamlet,Week2,314.0 Hamlet - 88.0 Laurel Hill
Laurel Hill,Week4,Hamlet,Week4,329.0 Hamlet - 73.0 Laurel Hill
Laurel Hill,Week1,Hamlet,Week5,330.0 Hamlet - 72.0 Laurel Hill
Laurel Hill,Week1,Hamlet,Week1,315.0 Hamlet - 87.0 Laurel Hill
Laurel Hill,Week1,Sully Station,Week4,305.0 Sully Station - 97.0 Laurel Hill
Laurel Hill,Week4,Sully Station,Week2,293.0 Sully Station - 109.0 Laurel Hill
Lee Graham,Week5,Hunt Valley,Week5,222.0 Lee Graham - 180.0 Hunt Valley
Lee Graham,Week4,Hunt Valley,Week3,203.0 Lee Graham - 199.0 Hunt Valley
Laurel Hill,Week4,Hamlet,Week1,321.0 Hamlet - 81.0 Laurel Hill
Lee Graham,Week4,Hunt Valley,Week2,226.0 Lee Graham - 176.0 Hunt Valley
Lee Graham,Week1,Oakton ,Week3,223.0 Lee Graham - 174.0 Oakton
Lee Graham,Week1,Hunter Mill,Week1,255.0 Lee Graham - 147.0 Hunter Mill
Laurel Hill,Week4,Stratford,Week4,239.0 Stratford - 163.0 Laurel Hill
Laurel Hill,Week3,Hamlet,Week5,337.0 Hamlet - 65.0 Laurel Hill
Lee Graham,Week3,North Springfield,Week4,348.0 Lee Graham - 44.0 North Springfield
Laurel Hill,Week4,Stratford,Week5,233.0 Stratford - 168.0 Laurel Hill
Lee Graham,Week5,North Springfield,Week1,318.0 Lee Graham - 33.0 North Springfield
Laurel Hill,Week2,Sully Station,Week2,312.0 Sully Station - 90.0 Laurel Hill
Laurel Hill,Week4,Stratford,Week3,225.0 Stratford - 176.0 Laurel Hill
Lee Graham,Week5,Hunt Valley,Week3,214.5 Lee Graham - 187.5 Hunt Valley
Lee Graham,Week5,Hunt Valley,Week4,223.0 Lee Graham - 179.0 Hunt Valley
Laurel Hill,Week3,Hamlet,Week3,327.0 Hamlet - 75.0 Laurel Hill
Lee Graham,Week5,North Springfield,Week5,325.0 Lee Graham - 49.0 North Springfield
Laurel Hill,Week3,Hamlet,Week4,317.0 Hamlet - 85.0 Laurel Hill
Laurel Hill,Week3,Hamlet,Week2,330.0 Hamlet - 72.0 Laurel Hill
Lee Graham,Week2,Hunter Mill,Week1,257.0 Lee Graham - 145.0 Hunter Mill
Laurel Hill,Week1,Hamlet,Week2,326.0 Hamlet - 76.0 Laurel Hill
Lee Graham,Week2,Oakton ,Week4,206.0 Lee Graham - 196.0 Oakton
Lee Graham,Week5,North Springfield,Week3,348.0 Lee Graham - 49.0 North Springfield
Laurel Hill,Week2,Sully Station,Week3,318.0 Sully Station - 84.0 Laurel Hill
Laurel Hill,Week5,Hamlet,Week4,299.0 Hamlet - 103.0 Laurel Hill
Laurel Hill,Week2,Sully Station,Week5,335.0 Sully Station - 67.0 Laurel Hill
Lee Graham,Week4,Hunt Valley,Week4,214.0 Lee Graham - 188.0 Hunt Valley
Laurel Hill,Week1,Sully Station,Week5,315.0 Sully Station - 86.0 Laurel Hill
Lee Graham,Week1,Oakton ,Week1,225.0 Lee Graham - 177.0 Oakton
Lee Graham,Week3,Hunt Valley,Week4,225.0 Lee Graham - 177.0 Hunt Valley
Laurel Hill,Week3,Sully Station,Week1,310.0 Sully Station - 92.0 Laurel Hill
Laurel Hill,Week5,Hamlet,Week1,297.0 Hamlet - 105.0 Laurel Hill
Lee Graham,Week4,North Springfield,Week4,346.0 Lee Graham - 46.0 North Springfield
Laurel Hill,Week1,Sully Station,Week1,308.0 Sully Station - 92.0 Laurel Hill
Laurel Hill,Week2,Hamlet,Week1,333.0 Hamlet - 69.0 Laurel Hill
Lee Graham,Week1,Hunter Mill,Week2,243.0 Lee Graham - 159.0 Hunter Mill
Lee Graham,Week3,Hunt Valley,Week1,236.0 Lee Graham - 166.0 Hunt Valley
Laurel Hill,Week3,Sully Station,Week4,303.0 Sully Station - 99.0 Laurel Hill
Laurel Hill,Week1,Hayfield Farm,Week3,284.0 Hayfield Farm - 112.0 Laurel Hill
Lee Graham,Week3,North Springfield,Week2,342.0 Lee Graham - 46.0 North Springfield
Lee Graham,Week3,Ilda Community,Week1,337.0 Lee Graham - 65.0 Ilda Community
Laurel Hill,Week2,Sully Station,Week4,323.0 Sully Station - 79.0 Laurel Hill
Lee Graham,Week4,North Springfield,Week5,320.0 Lee Graham - 53.0 North Springfield
Lee Graham,Week2,Hunter Mill,Week3,246.0 Lee Graham - 156.0 Hunter Mill
Lee Graham,Week5,North Springfield,Week2,341.0 Lee Graham - 47.0 North Springfield
Lee Graham,Week3,Ilda Community,Week4,325.0 Lee Graham - 77.0 Ilda Community
Laurel Hill,Week3,Sully Station,Week5,313.5 Sully Station - 88.5 Laurel Hill
Laurel Hill,Week1,Hayfield Farm,Week1,269.0 Hayfield Farm - 133.0 Laurel Hill
Laurel Hill,Week5,Stratford,Week4,215.0 Stratford - 187.0 Laurel Hill
Laurel Hill,Week3,Sully Station,Week3,298.0 Sully Station - 104.0 Laurel Hill
Lee Graham,Week1,Ilda Community,Week1,321.0 Lee Graham - 81.0 Ilda Community
Laurel Hill,Week3,Sully Station,Week2,280.0 Sully Station - 122.0 Laurel Hill
Laurel Hill,Week1,Hayfield Farm,Week2,269.0 Hayfield Farm - 133.0 Laurel Hill
Lee Graham,Week4,North Springfield,Week2,339.0 Lee Graham - 49.0 North Springfield
Laurel Hill,Week3,Hayfield Farm,Week2,268.0 Hayfield Farm - 134.0 Laurel Hill
Lee Graham,Week2,Ilda Community,Week3,331.0 Lee Graham - 71.0 Ilda Community
Lee Graham,Week2,Hunter Mill,Week4,231.0 Lee Graham - 171.0 Hunter Mill
Laurel Hill,Week1,Hayfield Farm,Week4,271.0 Hayfield Farm - 131.0 Laurel Hill
Laurel Hill,Week1,Sully Station,Week3,300.0 Sully Station - 101.0 Laurel Hill
Lee Graham,Week1,Hunter Mill,Week5,202.0 Lee Graham - 200.0 Hunter Mill
Lee Graham,Week1,Oakton ,Week4,206.0 Lee Graham - 196.0 Oakton
Lee Graham,Week5,North Springfield,Week4,353.0 Lee Graham - 39.0 North Springfield
Lee Graham,Week2,Oakton ,Week5,213.0 Lee Graham - 189.0 Oakton
Laurel Hill,Week1,Herndon,Week5,251.0 Laurel Hill - 146.0 Herndon
Laurel Hill,Week2,Herndon,Week2,227.0 Laurel Hill - 169.0 Herndon
Lee Graham,Week3,Hunter Mill,Week2,263.0 Lee Graham - 139.0 Hunter Mill
Laurel Hill,Week5,Poplar Heights,Week5,281.0 Poplar Heights - 121.0 Laurel Hill
Lee Graham,Week3,North Springfield,Week5,322.0 Lee Graham - 51.0 North Springfield
Laurel Hill,Week3,Hayfield Farm,Week1,268.0 Hayfield Farm - 134.0 Laurel Hill
Lee Graham,Week3,Old Keene Mill,Week2,326.0 Lee Graham - 76.0 Old Keene Mill
Laurel Hill,Week2,Poplar Heights,Week4,315.0 Poplar Heights - 87.0 Laurel Hill
Lee Graham,Week4,Ilda Community,Week4,316.0 Lee Graham - 86.0 Ilda Community
Laurel Hill,Week4,Poplar Heights,Week4,304.0 Poplar Heights - 98.0 Laurel Hill
Lee Graham,Week4,Hunter Mill,Week1,241.0 Lee Graham - 161.0 Hunter Mill
Lee Graham,Week3,Oakton ,Week4,226.0 Lee Graham - 176.0 Oakton
Laurel Hill,Week4,Hayfield Farm,Week5,267.0 Hayfield Farm - 135.0 Laurel Hill
Laurel Hill,Week2,Hayfield Farm,Week1,277.0 Hayfield Farm - 125.0 Laurel Hill
Lee Graham,Week4,Hunter Mill,Week2,237.0 Lee Graham - 165.0 Hunter Mill
Lee Graham,Week2,Oakton ,Week1,225.0 Lee Graham - 177.0 Oakton
Lee Graham,Week3,Hunter Mill,Week3,252.0 Lee Graham - 150.0 Hunter Mill
Lee Graham,Week2,Ilda Community,Week5,334.0 Lee Graham - 67.0 Ilda Community
Laurel Hill,Week2,Hayfield Farm,Week3,295.0 Hayfield Farm - 103.0 Laurel Hill
Lee Graham,Week3,Oakton ,Week1,239.0 Lee Graham - 163.0 Oakton
Laurel Hill,Week2,Poplar Heights,Week5,319.0 Poplar Heights - 82.0 Laurel Hill
Laurel Hill,Week2,Hayfield Farm,Week2,276.0 Hayfield Farm - 126.0 Laurel Hill
Lee Graham,Week4,Ilda Community,Week2,332.0 Lee Graham - 70.0 Ilda Community
Lee Graham,Week5,Hunter Mill,Week4,250.0 Lee Graham - 152.0 Hunter Mill
Lee Graham,Week2,Old Keene Mill,Week5,311.0 Lee Graham - 91.0 Old Keene Mill
Laurel Hill,Week2,Poplar Heights,Week3,312.5 Poplar Heights - 89.5 Laurel Hill
Lee Graham,Week4,Oakton ,Week1,225.0 Lee Graham - 177.0 Oakton
Lee Graham,Week3,Oakton ,Week3,227.0 Lee Graham - 175.0 Oakton
Laurel Hill,Week2,Poplar Heights,Week1,299.7 Poplar Heights - 101.3 Laurel Hill
Laurel Hill,Week5,Hayfield Farm,Week1,238.0 Hayfield Farm - 164.0 Laurel Hill
Laurel Hill,Week3,Poplar Heights,Week1,274.0 Poplar Heights - 128.0 Laurel Hill
Lee Graham,Week3,Hunter Mill,Week4,245.0 Lee Graham - 157.0 Hunter Mill
Laurel Hill,Week1,Poplar Tree,Week3,283.0 Poplar Tree - 115.0 Laurel Hill
Laurel Hill,Week3,Hayfield Farm,Week3,279.0 Hayfield Farm - 123.0 Laurel Hill
Lee Graham,Week2,Oakton ,Week2,210.0 Lee Graham - 192.0 Oakton
Laurel Hill,Week1,Poplar Tree,Week5,295.0 Poplar Tree - 105.0 Laurel Hill
Laurel Hill,Week5,Hayfield Farm,Week2,250.0 Hayfield Farm - 152.0 Laurel Hill
Laurel Hill,Week1,Herndon,Week2,244.0 Laurel Hill - 152.0 Herndon
Lee Graham,Week1,Oakton ,Week2,209.0 Lee Graham - 193.0 Oakton
Lee Graham,Week4,North Springfield,Week1,318.0 Lee Graham - 32.0 North Springfield
Laurel Hill,Week4,Poplar Heights,Week3,306.0 Poplar Heights - 96.0 Laurel Hill
Laurel Hill,Week3,Hayfield Farm,Week4,276.0 Hayfield Farm - 126.0 Laurel Hill
Lee Graham,Week4,Hunter Mill,Week4,232.0 Lee Graham - 170.0 Hunter Mill
Laurel Hill,Week2,Hayfield Farm,Week5,276.0 Hayfield Farm - 126.0 Laurel Hill
Laurel Hill,Week3,Poplar Heights,Week2,276.0 Poplar Heights - 126.0 Laurel Hill
Lee Graham,Week2,Old Keene Mill,Week2,320.0 Lee Graham - 82.0 Old Keene Mill
Lee Graham,Week1,Ilda Community,Week2,329.0 Lee Graham - 73.0 Ilda Community
Lee Graham,Week5,Old Keene Mill,Week1,338.0 Lee Graham - 64.0 Old Keene Mill
Laurel Hill,Week4,Poplar Heights,Week1,290.0 Poplar Heights - 112.0 Laurel Hill
Laurel Hill,Week5,Poplar Heights,Week1,269.0 Poplar Heights - 133.0 Laurel Hill
Lee Graham,Week2,Old Keene Mill,Week1,332.0 Lee Graham - 70.0 Old Keene Mill
Laurel Hill,Week4,Hayfield Farm,Week4,266.0 Hayfield Farm - 136.0 Laurel Hill
Lee Graham,Week1,Ilda Community,Week3,315.0 Lee Graham - 87.0 Ilda Community
Laurel Hill,Week1,Herndon,Week1,243.0 Laurel Hill - 152.0 Herndon
Lee Graham,Week1,Ilda Community,Week5,320.0 Lee Graham - 82.0 Ilda Community
Laurel Hill,Week4,Hayfield Farm,Week3,276.0 Hayfield Farm - 126.0 Laurel Hill
Lee Graham,Week1,Ilda Community,Week4,308.0 Lee Graham - 94.0 Ilda Community
Lee Graham,Week5,Hunter Mill,Week2,261.0 Lee Graham - 141.0 Hunter Mill
Laurel Hill,Week5,Hayfield Farm,Week3,248.0 Hayfield Farm - 154.0 Laurel Hill
Laurel Hill,Week1,Herndon,Week4,251.0 Laurel Hill - 146.0 Herndon
Lee Graham,Week4,Old Keene Mill,Week1,323.0 Lee Graham - 79.0 Old Keene Mill
Laurel Hill,Week5,Poplar Heights,Week3,273.0 Poplar Heights - 129.0 Laurel Hill
Lee Graham,Week5,Hunter Mill,Week3,246.0 Lee Graham - 156.0 Hunter Mill
Laurel Hill,Week4,Poplar Heights,Week5,304.5 Poplar Heights - 97.5 Laurel Hill
Lee Graham,Week2,Old Keene Mill,Week4,334.0 Lee Graham - 68.0 Old Keene Mill
Lee Graham,Week3,Old Keene Mill,Week5,305.0 Lee Graham - 97.0 Old Keene Mill
Laurel Hill,Week2,Herndon,Week1,207.0 Laurel Hill - 184.0 Herndon
Laurel Hill,Week4,Poplar Heights,Week2,295.0 Poplar Heights - 107.0 Laurel Hill
Laurel Hill,Week1,Poplar Tree,Week4,270.0 Poplar Tree - 127.0 Laurel Hill
Lee Graham,Week5,Old Keene Mill,Week3,314.0 Lee Graham - 88.0 Old Keene Mill
Laurel Hill,Week5,Hayfield Farm,Week5,242.0 Hayfield Farm - 160.0 Laurel Hill
Laurel Hill,Week5,Poplar Heights,Week4,287.0 Poplar Heights - 115.0 Laurel Hill
Lee Graham,Week2,Ilda Community,Week1,331.0 Lee Graham - 70.0 Ilda Community
Lee Graham,Week5,Hunter Mill,Week1,263.0 Lee Graham - 139.0 Hunter Mill
Lee Graham,Week3,Hunter Mill,Week5,227.0 Lee Graham - 175.0 Hunter Mill
Lee Graham,Week4,Old Keene Mill,Week2,315.0 Lee Graham - 87.0 Old Keene Mill
Lee Graham,Week2,Ilda Community,Week2,344.0 Lee Graham - 58.0 Ilda Community
Laurel Hill,Week2,Poplar Tree,Week4,297.0 Poplar Tree - 104.0 Laurel Hill
Laurel Hill,Week5,Poplar Tree,Week5,273.0 Poplar Tree - 129.0 Laurel Hill
Lee Graham,Week1,Old Keene Mill,Week4,311.0 Lee Graham - 91.0 Old Keene Mill
Laurel Hill,Week5,Hayfield Farm,Week4,240.0 Hayfield Farm - 162.0 Laurel Hill
Laurel Hill,Week3,Hayfield Farm,Week5,255.5 Hayfield Farm - 146.5 Laurel Hill
Laurel Hill,Week5,Burke Station,Week3,219.0 Laurel Hill - 177.0 Burke Station
Lee Graham,Week3,Old Keene Mill,Week3,314.0 Lee Graham - 88.0 Old Keene Mill
Laurel Hill,Week3,Poplar Heights,Week3,295.5 Poplar Heights - 106.5 Laurel Hill
Laurel Hill,Week4,Hayfield Farm,Week1,263.0 Hayfield Farm - 139.0 Laurel Hill
Lee Graham,Week2,Ilda Community,Week4,325.0 Lee Graham - 77.0 Ilda Community
Lee Graham,Week5,Old Keene Mill,Week4,334.0 Lee Graham - 68.0 Old Keene Mill
Laurel Hill,Week2,Hayfield Farm,Week4,298.0 Hayfield Farm - 104.0 Laurel Hill
Laurel Hill,Week4,Burke Station,Week2,220.0 Laurel Hill - 181.0 Burke Station
Laurel Hill,Week1,Poplar Tree,Week2,262.0 Poplar Tree - 139.0 Laurel Hill
Lee Graham,Week3,Old Keene Mill,Week4,330.0 Lee Graham - 72.0 Old Keene Mill
Laurel Hill,Week4,Hayfield Farm,Week2,273.0 Hayfield Farm - 129.0 Laurel Hill
Laurel Hill,Week4,Burke Station,Week1,196.0 Laurel Hill - 183.0 Burke Station
Laurel Hill,Week5,Burke Station,Week2,222.5 Laurel Hill - 178.5 Burke Station
Lee Graham,Week4,Hunter Mill,Week3,224.0 Lee Graham - 178.0 Hunter Mill
Lee Graham,Week5,Oakton ,Week1,242.5 Lee Graham - 159.5 Oakton
Lee Graham,Week4,Hunter Mill,Week5,215.0 Lee Graham - 187.0 Hunter Mill
Laurel Hill,Week5,Burke Station,Week5,204.5 Laurel Hill - 196.5 Burke Station
Laurel Hill,Week3,Poplar Heights,Week5,303.0 Poplar Heights - 99.0 Laurel Hill
Lee Graham,Week5,Hunter Mill,Week5,233.0 Lee Graham - 169.0 Hunter Mill
Laurel Hill,Week1,Burke Station,Week5,219.0 Burke Station - 181.0 Laurel Hill
Lee Graham,Week3,Ilda Community,Week2,341.0 Lee Graham - 61.0 Ilda Community
Laurel Hill,Week2,Herndon,Week5,222.0 Laurel Hill - 178.0 Herndon
Laurel Hill,Week1,Poplar Tree,Week1,288.0 Poplar Tree - 110.0 Laurel Hill
Laurel Hill,Week2,Poplar Heights,Week2,315.0 Poplar Heights - 85.0 Laurel Hill
Laurel Hill,Week3,Poplar Tree,Week2,260.0 Poplar Tree - 141.0 Laurel Hill
Lee Graham,Week5,Oakton ,Week3,228.0 Lee Graham - 174.0 Oakton
Lee Graham,Week5,Old Keene Mill,Week2,323.0 Lee Graham - 79.0 Old Keene Mill
Laurel Hill,Week4,Great Falls,Week4,256.0 Great Falls - 144.0 Laurel Hill
Laurel Hill,Week1,Greenbriar,Week3,291.0 Greenbriar - 110.0 Laurel Hill
Laurel Hill,Week4,Poplar Tree,Week5,299.0 Poplar Tree - 103.0 Laurel Hill
Laurel Hill,Week4,Poplar Tree,Week2,262.0 Poplar Tree - 140.0 Laurel Hill
Lee Graham,Week4,Kent Gardens,Week4,268.0 Lee Graham - 134.0 Kent Gardens
Lee Graham,Week3,Ilda Community,Week3,335.0 Lee Graham - 67.0 Ilda Community
Laurel Hill,Week2,Poplar Tree,Week2,289.0 Poplar Tree - 108.0 Laurel Hill
Lee Graham,Week5,Oakton ,Week4,215.0 Lee Graham - 187.0 Oakton
Laurel Hill,Week1,Burke Station,Week4,205.0 Laurel Hill - 194.0 Burke Station
Lee Graham,Week1,Kent Gardens,Week3,294.0 Lee Graham - 108.0 Kent Gardens
Laurel Hill,Week3,Herndon,Week2,260.0 Laurel Hill - 138.0 Herndon
Lee Graham,Week4,Ilda Community,Week3,331.0 Lee Graham - 71.0 Ilda Community
Laurel Hill,Week3,Herndon,Week3,274.0 Laurel Hill - 124.0 Herndon
Laurel Hill,Week3,Burke Station,Week5,203.0 Laurel Hill - 195.0 Burke Station
Laurel Hill,Week3,Poplar Tree,Week3,281.0 Poplar Tree - 121.0 Laurel Hill
Laurel Hill,Week2,Herndon,Week3,223.0 Laurel Hill - 170.0 Herndon
Laurel Hill,Week3,Poplar Tree,Week4,271.0 Poplar Tree - 131.0 Laurel Hill
Laurel Hill,Week1,Herndon,Week3,252.0 Laurel Hill - 146.0 Herndon
Lee Graham,Week4,Ilda Community,Week1,331.0 Lee Graham - 71.0 Ilda Community
Lee Graham,Week4,Oakton ,Week4,211.0 Lee Graham - 191.0 Oakton
Lee Graham,Week1,Old Keene Mill,Week3,302.0 Lee Graham - 100.0 Old Keene Mill
Laurel Hill,Week2,Burke Station,Week5,222.0 Burke Station - 172.0 Laurel Hill
Lee Graham,Week1,Old Keene Mill,Week5,303.0 Lee Graham - 99.0 Old Keene Mill
Laurel Hill,Week3,Poplar Heights,Week4,287.0 Poplar Heights - 115.0 Laurel Hill
Laurel Hill,Week3,Burke Station,Week4,229.0 Laurel Hill - 172.0 Burke Station
Laurel Hill,Week3,Herndon,Week1,263.0 Laurel Hill - 135.0 Herndon
Laurel Hill,Week1,Burke Station,Week3,201.0 Burke Station - 192.0 Laurel Hill
Lee Graham,Week5,Oakton ,Week2,223.0 Lee Graham - 179.0 Oakton
Lee Graham,Week5,Oakton ,Week5,221.0 Lee Graham - 181.0 Oakton
Lee Graham,Week2,Kent Gardens,Week4,283.0 Lee Graham - 119.0 Kent Gardens
Lee Graham,Week1,Old Keene Mill,Week2,293.0 Lee Graham - 109.0 Old Keene Mill
Laurel Hill,Week2,Burke Station,Week1,203.0 Burke Station - 174.0 Laurel Hill
Lee Graham,Week3,Ilda Community,Week5,335.0 Lee Graham - 67.0 Ilda Community
Laurel Hill,Week5,Poplar Heights,Week2,270.0 Poplar Heights - 132.0 Laurel Hill
Lee Graham,Week3,Kent Gardens,Week2,298.0 Lee Graham - 104.0 Kent Gardens
Laurel Hill,Week5,Burke Station,Week4,234.0 Laurel Hill - 167.0 Burke Station
Laurel Hill,Week2,Burke Station,Week4,200.0 Burke Station - 197.0 Laurel Hill
Laurel Hill,Week2,Herndon,Week4,228.0 Laurel Hill - 172.0 Herndon
Lee Graham,Week1,Old Keene Mill,Week1,317.0 Lee Graham - 85.0 Old Keene Mill
Lee Graham,Week4,Oakton ,Week3,226.0 Lee Graham - 176.0 Oakton
Lee Graham,Week2,Kent Gardens,Week1,261.0 Lee Graham - 141.0 Kent Gardens
Laurel Hill,Week4,Burke Station,Week4,221.0 Laurel Hill - 180.0 Burke Station
Lee Graham,Week4,Oakton ,Week5,202.0 Oakton - 200.0 Lee Graham
Laurel Hill,Week4,Great Falls,Week2,249.0 Great Falls - 134.0 Laurel Hill
Lee Graham,Week5,Kent Gardens,Week4,269.0 Lee Graham - 133.0 Kent Gardens
Laurel Hill,Week3,Greenbriar,Week3,291.0 Greenbriar - 110.0 Laurel Hill
Laurel Hill,Week5,Poplar Tree,Week1,261.0 Poplar Tree - 140.0 Laurel Hill
Laurel Hill,Week5,Poplar Tree,Week3,255.0 Poplar Tree - 146.0 Laurel Hill
Laurel Hill,Week3,Burke Station,Week3,207.0 Laurel Hill - 189.0 Burke Station
Laurel Hill,Week2,Greenbriar,Week4,296.0 Greenbriar - 106.0 Laurel Hill
Lee Graham,Week3,Old Keene Mill,Week1,338.0 Lee Graham - 64.0 Old Keene Mill
Lee Graham,Week1,Kent Gardens,Week2,291.0 Lee Graham - 111.0 Kent Gardens
Laurel Hill,Week4,Poplar Tree,Week3,291.0 Poplar Tree - 111.0 Laurel Hill
Laurel Hill,Week5,Great Falls,Week3,240.5 Great Falls - 160.5 Laurel Hill
Lee Graham,Week5,Kent Gardens,Week3,286.0 Lee Graham - 116.0 Kent Gardens
Laurel Hill,Week3,Burke Station,Week2,230.0 Laurel Hill - 171.0 Burke Station
Laurel Hill,Week1,Burke Station,Week1,192.0 Burke Station - 186.0 Laurel Hill
Lee Graham,Week2,Old Keene Mill,Week3,325.0 Lee Graham - 77.0 Old Keene Mill
Laurel Hill,Week2,Greenbriar,Week5,297.0 Greenbriar - 104.0 Laurel Hill
Laurel Hill,Week4,Poplar Tree,Week1,294.0 Poplar Tree - 108.0 Laurel Hill
Laurel Hill,Week1,Burke Station,Week2,215.0 Laurel Hill - 184.0 Burke Station
Lee Graham,Week5,Kent Gardens,Week5,255.0 Lee Graham - 147.0 Kent Gardens
Laurel Hill,Week3,Poplar Tree,Week5,295.0 Poplar Tree - 107.0 Laurel Hill
Laurel Hill,Week3,Greenbriar,Week5,279.0 Greenbriar - 119.0 Laurel Hill
Laurel Hill,Week5,Broyhill Crest,Week5,274.0 Laurel Hill - 126.0 Broyhill Crest
Laurel Hill,Week5,Great Falls,Week4,243.0 Great Falls - 156.0 Laurel Hill
Lee Graham,Week1,Overlee,Week2,272.0 Overlee - 130.0 Lee Graham
Lee Graham,Week4,Old Keene Mill,Week3,313.0 Lee Graham - 89.0 Old Keene Mill
Laurel Hill,Week4,Burke Station,Week3,199.0 Laurel Hill - 198.0 Burke Station
Laurel Hill,Week3,Great Falls,Week4,245.0 Great Falls - 155.0 Laurel Hill
Laurel Hill,Week4,Poplar Tree,Week4,264.0 Poplar Tree - 138.0 Laurel Hill
Lee Graham,Week5,Ilda Community,Week5,337.0 Lee Graham - 65.0 Ilda Community
Lee Graham,Week4,Kent Gardens,Week1,266.0 Lee Graham - 136.0 Kent Gardens
Lee Graham,Week4,Old Keene Mill,Week4,330.0 Lee Graham - 72.0 Old Keene Mill
Laurel Hill,Week5,Great Falls,Week1,229.0 Great Falls - 171.0 Laurel Hill
Laurel Hill,Week3,Poplar Tree,Week1,283.0 Poplar Tree - 118.0 Laurel Hill
Laurel Hill,Week2,Poplar Tree,Week5,308.0 Poplar Tree - 94.0 Laurel Hill
Laurel Hill,Week3,Burke Station,Week1,209.0 Laurel Hill - 169.0 Burke Station
Lee Graham,Week4,Kent Gardens,Week2,283.0 Lee Graham - 119.0 Kent Gardens
Lee Graham,Week1,Orange Hunt,Week3,245.0 Lee Graham - 157.0 Orange Hunt
Laurel Hill,Week5,Great Falls,Week2,228.0 Great Falls - 155.0 Laurel Hill
Laurel Hill,Week2,Poplar Tree,Week3,314.0 Poplar Tree - 88.0 Laurel Hill
Laurel Hill,Week3,Great Falls,Week2,222.0 Great Falls - 162.0 Laurel Hill
Laurel Hill,Week4,Burke Station,Week5,211.0 Burke Station - 190.0 Laurel Hill
Laurel Hill,Week2,Burke Station,Week2,205.0 Burke Station - 191.0 Laurel Hill
Lee Graham,Week4,Kent Gardens,Week5,251.0 Lee Graham - 151.0 Kent Gardens
Lee Graham,Week2,Kent Gardens,Week2,297.0 Lee Graham - 105.0 Kent Gardens
Lee Graham,Week3,Kent Gardens,Week5,261.0 Lee Graham - 141.0 Kent Gardens
Lee Graham,Week5,Orange Hunt,Week4,265.0 Lee Graham - 137.0 Orange Hunt
Laurel Hill,Week2,Burke Station,Week3,228.0 Burke Station - 164.0 Laurel Hill
Laurel Hill,Week2,Poplar Tree,Week1,310.0 Poplar Tree - 92.0 Laurel Hill
Lee Graham,Week4,Old Keene Mill,Week5,300.0 Lee Graham - 102.0 Old Keene Mill
Lee Graham,Week2,Kent Gardens,Week5,242.0 Lee Graham - 160.0 Kent Gardens
Lee Graham,Week5,Ilda Community,Week3,337.0 Lee Graham - 65.0 Ilda Community
Lee Graham,Week3,Orange Hunt,Week3,260.0 Lee Graham - 142.0 Orange Hunt
Laurel Hill,Week2,Great Falls,Week3,279.0 Great Falls - 122.0 Laurel Hill
Lee Graham,Week5,Orange Hunt,Week2,264.0 Lee Graham - 138.0 Orange Hunt
Lee Graham,Week3,Orange Hunt,Week2,249.0 Lee Graham - 153.0 Orange Hunt
Laurel Hill,Week3,Ravensworth Farm,Week3,290.0 Ravensworth Farm - 112.0 Laurel Hill
Laurel Hill,Week2,Greenbriar,Week1,312.0 Greenbriar - 90.0 Laurel Hill
Laurel Hill,Week1,Ravensworth Farm,Week5,307.0 Ravensworth Farm - 95.0 Laurel Hill
Laurel Hill,Week2,Ravensworth Farm,Week1,313.0 Ravensworth Farm - 88.0 Laurel Hill
Laurel Hill,Week5,Poplar Tree,Week2,240.0 Poplar Tree - 162.0 Laurel Hill
Lee Graham,Week3,Kent Gardens,Week3,292.0 Lee Graham - 110.0 Kent Gardens
Laurel Hill,Week1,Greenbriar,Week4,278.5 Greenbriar - 123.5 Laurel Hill
Lee Graham,Week5,Ilda Community,Week4,336.0 Lee Graham - 66.0 Ilda Community
Laurel Hill,Week3,Ravensworth Farm,Week5,307.0 Ravensworth Farm - 95.0 Laurel Hill
Laurel Hill,Week2,Ravensworth Farm,Week2,283.0 Ravensworth Farm - 119.0 Laurel Hill
Lee Graham,Week4,Ilda Community,Week5,334.0 Lee Graham - 68.0 Ilda Community
Laurel Hill,Week3,Great Falls,Week1,237.0 Great Falls - 164.0 Laurel Hill
Lee Graham,Week5,Ilda Community,Week1,333.0 Lee Graham - 69.0 Ilda Community
Laurel Hill,Week5,Poplar Tree,Week4,229.5 Poplar Tree - 171.5 Laurel Hill
Laurel Hill,Week2,Great Falls,Week2,262.0 Great Falls - 121.0 Laurel Hill
Lee Graham,Week4,Orange Hunt,Week2,254.0 Lee Graham - 148.0 Orange Hunt
Laurel Hill,Week3,Ravensworth Farm,Week2,259.0 Ravensworth Farm - 143.0 Laurel Hill
Laurel Hill,Week2,Great Falls,Week5,270.0 Great Falls - 125.0 Laurel Hill
Laurel Hill,Week3,Ravensworth Farm,Week4,288.0 Ravensworth Farm - 114.0 Laurel Hill
Lee Graham,Week3,Kent Gardens,Week4,287.0 Lee Graham - 115.0 Kent Gardens
Lee Graham,Week5,Orange Hunt,Week1,279.0 Lee Graham - 123.0 Orange Hunt
Laurel Hill,Week5,Burke Station,Week1,211.0 Laurel Hill - 168.0 Burke Station
Laurel Hill,Week1,Greenbriar,Week1,295.0 Greenbriar - 106.0 Laurel Hill
Laurel Hill,Week3,Great Falls,Week3,262.0 Great Falls - 139.0 Laurel Hill
Lee Graham,Week4,Orange Hunt,Week3,253.0 Lee Graham - 149.0 Orange Hunt
Lee Graham,Week1,Kent Gardens,Week4,283.0 Lee Graham - 119.0 Kent Gardens
Lee Graham,Week2,Kent Gardens,Week3,301.0 Lee Graham - 101.0 Kent Gardens
Lee Graham,Week1,Overlee,Week4,310.0 Overlee - 92.0 Lee Graham
Laurel Hill,Week1,Greenbriar,Week2,290.0 Greenbriar - 112.0 Laurel Hill
Laurel Hill,Week4,Ravensworth Farm,Week2,257.0 Ravensworth Farm - 144.0 Laurel Hill
Lee Graham,Week3,Orange Hunt,Week1,266.0 Lee Graham - 136.0 Orange Hunt
Laurel Hill,Week2,Ravensworth Farm,Week5,324.0 Ravensworth Farm - 78.0 Laurel Hill
Laurel Hill,Week5,Great Falls,Week5,237.0 Great Falls - 159.0 Laurel Hill
Lee Graham,Week5,Kent Gardens,Week1,272.0 Lee Graham - 130.0 Kent Gardens
Lee Graham,Week1,Orange Hunt,Week2,236.0 Lee Graham - 166.0 Orange Hunt
Laurel Hill,Week1,Ravensworth Farm,Week3,298.0 Ravensworth Farm - 104.0 Laurel Hill
Lee Graham,Week5,Ilda Community,Week2,342.5 Lee Graham - 59.5 Ilda Community
Lee Graham,Week3,Orange Hunt,Week5,234.0 Lee Graham - 168.0 Orange Hunt
Laurel Hill,Week3,Great Falls,Week5,242.0 Great Falls - 155.0 Laurel Hill
Lee Graham,Week1,Orange Hunt,Week4,250.0 Lee Graham - 147.0 Orange Hunt
Laurel Hill,Week1,Greenbriar,Week5,286.0 Greenbriar - 112.0 Laurel Hill
Lee Graham,Week5,Kent Gardens,Week2,293.0 Lee Graham - 109.0 Kent Gardens
Laurel Hill,Week4,Ravensworth Farm,Week4,291.0 Ravensworth Farm - 111.0 Laurel Hill
Lee Graham,Week4,Orange Hunt,Week4,245.0 Lee Graham - 157.0 Orange Hunt
Lee Graham,Week4,Kent Gardens,Week3,280.0 Lee Graham - 122.0 Kent Gardens
Lee Graham,Week5,Orange Hunt,Week3,253.0 Lee Graham - 149.0 Orange Hunt
Laurel Hill,Week4,Ravensworth Farm,Week3,300.0 Ravensworth Farm - 102.0 Laurel Hill
Lee Graham,Week2,Kings Ridge ,Week2,343.5 Lee Graham - 58.5 Kings Ridge
Lee Graham,Week2,Kings Ridge ,Week3,325.0 Lee Graham - 76.0 Kings Ridge
Lee Graham,Week2,Orange Hunt,Week1,270.0 Lee Graham - 132.0 Orange Hunt
Laurel Hill,Week2,Great Falls,Week4,272.0 Great Falls - 122.0 Laurel Hill
Lee Graham,Week1,Kent Gardens,Week1,272.0 Lee Graham - 130.0 Kent Gardens
Lee Graham,Week3,Orange Hunt,Week4,257.0 Lee Graham - 145.0 Orange Hunt
Lee Graham,Week2,Orange Hunt,Week3,257.0 Lee Graham - 145.0 Orange Hunt
Laurel Hill,Week1,Ravensworth Farm,Week1,290.0 Ravensworth Farm - 112.0 Laurel Hill
Lee Graham,Week1,Kent Gardens,Week5,257.0 Lee Graham - 145.0 Kent Gardens
Laurel Hill,Week4,Great Falls,Week3,272.0 Great Falls - 129.0 Laurel Hill
Laurel Hill,Week3,Ravensworth Farm,Week1,282.0 Ravensworth Farm - 120.0 Laurel Hill
Laurel Hill,Week1,Ravensworth Farm,Week2,268.0 Ravensworth Farm - 134.0 Laurel Hill
Lee Graham,Week2,Orange Hunt,Week5,244.5 Lee Graham - 157.5 Orange Hunt
Laurel Hill,Week4,Great Falls,Week5,255.0 Great Falls - 140.0 Laurel Hill
Lee Graham,Week3,Kent Gardens,Week1,266.0 Lee Graham - 136.0 Kent Gardens
Laurel Hill,Week4,Great Falls,Week1,242.0 Great Falls - 158.0 Laurel Hill
Laurel Hill,Week2,Greenbriar,Week3,307.0 Greenbriar - 94.0 Laurel Hill
Laurel Hill,Week2,Ravensworth Farm,Week4,307.0 Ravensworth Farm - 95.0 Laurel Hill
Laurel Hill,Week2,Greenbriar,Week2,308.0 Greenbriar - 94.0 Laurel Hill
Lee Graham,Week1,Orange Hunt,Week1,260.0 Lee Graham - 142.0 Orange Hunt
Lee Graham,Week5,Orange Hunt,Week5,243.0 Lee Graham - 159.0 Orange Hunt
Lee Graham,Week1,Orange Hunt,Week5,226.0 Lee Graham - 176.0 Orange Hunt
Laurel Hill,Week4,Greenbriar,Week2,278.0 Greenbriar - 124.0 Laurel Hill
Lee Graham,Week3,Kings Ridge ,Week2,332.0 Lee Graham - 70.0 Kings Ridge
Laurel Hill,Week1,Riverside Gardens,Week4,326.0 Riverside Gardens - 76.0 Laurel Hill
Lee Graham,Week1,Lake Braddock,Week2,342.0 Lee Graham - 60.0 Lake Braddock
Lee Graham,Week4,Orange Hunt,Week1,259.0 Lee Graham - 143.0 Orange Hunt
Laurel Hill,Week3,Riverside Gardens,Week4,318.0 Riverside Gardens - 84.0 Laurel Hill
Laurel Hill,Week5,Greenbriar,Week1,260.0 Greenbriar - 142.0 Laurel Hill
Laurel Hill,Week3,Greenbriar,Week2,283.0 Greenbriar - 119.0 Laurel Hill
Laurel Hill,Week3,Greenbriar,Week1,285.0 Greenbriar - 117.0 Laurel Hill
Laurel Hill,Week1,Riverside Gardens,Week3,319.0 Riverside Gardens - 83.0 Laurel Hill
Lee Graham,Week2,Orange Hunt,Week4,256.0 Lee Graham - 146.0 Orange Hunt
Lee Graham,Week5,Old Keene Mill,Week5,313.0 Lee Graham - 89.0 Old Keene Mill
Lee Graham,Week4,Orange Hunt,Week5,241.0 Lee Graham - 161.0 Orange Hunt
Lee Graham,Week5,Kings Ridge ,Week5,323.0 Lee Graham - 79.0 Kings Ridge
Laurel Hill,Week3,Greenbriar,Week4,267.0 Greenbriar - 135.0 Laurel Hill
Laurel Hill,Week4,Greenbriar,Week4,263.0 Greenbriar - 139.0 Laurel Hill
Laurel Hill,Week1,Ravensworth Farm,Week4,291.0 Ravensworth Farm - 111.0 Laurel Hill
Laurel Hill,Week4,Riverside Gardens,Week5,325.0 Riverside Gardens - 77.0 Laurel Hill
Laurel Hill,Week4,Greenbriar,Week1,277.0 Greenbriar - 125.0 Laurel Hill
Laurel Hill,Week2,Ravensworth Farm,Week3,314.0 Ravensworth Farm - 88.0 Laurel Hill
Lee Graham,Week1,Kings Ridge ,Week5,312.0 Lee Graham - 90.0 Kings Ridge
Laurel Hill,Week4,Ravensworth Farm,Week1,284.0 Ravensworth Farm - 118.0 Laurel Hill
Lee Graham,Week4,Kings Ridge ,Week4,318.0 Lee Graham - 84.0 Kings Ridge
Lee Graham,Week2,Orange Hunt,Week2,256.0 Lee Graham - 146.0 Orange Hunt
Lee Graham,Week4,Kings Ridge ,Week2,336.0 Lee Graham - 66.0 Kings Ridge
Laurel Hill,Week4,Greenbriar,Week5,278.0 Greenbriar - 123.0 Laurel Hill
Lee Graham,Week4,Kings Ridge ,Week3,314.0 Lee Graham - 88.0 Kings Ridge
Laurel Hill,Week3,Country Club Hills,Week1,240.0 Country Club Hills - 162.0 Laurel Hill
Laurel Hill,Week2,Riverside Gardens,Week4,335.0 Riverside Gardens - 67.0 Laurel Hill
Laurel Hill,Week5,Country Club Hills,Week1,209.0 Country Club Hills - 193.0 Laurel Hill
Lee Graham,Week5,Overlee,Week3,224.0 Overlee - 178.0 Lee Graham
Laurel Hill,Week3,Country Club Hills,Week2,238.5 Country Club Hills - 162.5 Laurel Hill
Laurel Hill,Week5,Greenbriar,Week2,265.5 Greenbriar - 136.5 Laurel Hill
Lee Graham,Week1,Parklawn,Week3,327.0 Lee Graham - 75.0 Parklawn
Lee Graham,Week1,Kings Ridge ,Week3,313.0 Lee Graham - 89.0 Kings Ridge
Laurel Hill,Week4,Riverside Gardens,Week2,303.0 Riverside Gardens - 99.0 Laurel Hill
Lee Graham,Week1,Kings Ridge ,Week1,325.0 Lee Graham - 77.0 Kings Ridge
Laurel Hill,Week1,Rolling Forest,Week2,239.0 Rolling Forest - 163.0 Laurel Hill
Lee Graham,Week3,Kings Ridge ,Week5,313.5 Lee Graham - 88.5 Kings Ridge
Lee Graham,Week2,Kings Ridge ,Week5,316.0 Lee Graham - 86.0 Kings Ridge
Laurel Hill,Week4,Greenbriar,Week3,278.5 Greenbriar - 123.5 Laurel Hill
Lee Graham,Week2,Overlee,Week5,302.0 Overlee - 100.0 Lee Graham
Lee Graham,Week3,Kings Ridge ,Week4,323.0 Lee Graham - 79.0 Kings Ridge
Lee Graham,Week4,Kings Ridge ,Week1,330.0 Lee Graham - 72.0 Kings Ridge
Lee Graham,Week1,Kings Ridge ,Week2,325.0 Lee Graham - 77.0 Kings Ridge
Laurel Hill,Week5,Country Club Hills,Week4,217.0 Country Club Hills - 185.0 Laurel Hill
Lee Graham,Week1,Overlee,Week3,264.0 Overlee - 138.0 Lee Graham
Lee Graham,Week3,Overlee,Week5,294.0 Overlee - 108.0 Lee Graham
Lee Graham,Week1,Overlee,Week1,250.0 Overlee - 152.0 Lee Graham
Lee Graham,Week2,Kings Ridge ,Week1,350.0 Lee Graham - 52.0 Kings Ridge
Lee Graham,Week3,Overlee,Week1,236.0 Overlee - 166.0 Lee Graham
Laurel Hill,Week2,Riverside Gardens,Week3,330.0 Riverside Gardens - 72.0 Laurel Hill
Laurel Hill,Week5,Riverside Gardens,Week5,305.0 Riverside Gardens - 97.0 Laurel Hill
Lee Graham,Week2,Overlee,Week3,253.0 Overlee - 149.0 Lee Graham
Laurel Hill,Week5,Ravensworth Farm,Week4,266.0 Ravensworth Farm - 136.0 Laurel Hill
Lee Graham,Week1,Parklawn,Week1,325.0 Lee Graham - 68.0 Parklawn
Laurel Hill,Week5,Greenbriar,Week4,227.5 Greenbriar - 174.5 Laurel Hill
Laurel Hill,Week5,Ravensworth Farm,Week1,257.5 Ravensworth Farm - 144.5 Laurel Hill
Lee Graham,Week1,Kings Ridge ,Week4,314.0 Lee Graham - 88.0 Kings Ridge
Laurel Hill,Week1,Riverside Gardens,Week5,311.0 Riverside Gardens - 90.0 Laurel Hill
Lee Graham,Week5,Overlee,Week1,236.0 Overlee - 166.0 Lee Graham
Lee Graham,Week3,Kings Ridge ,Week3,323.0 Lee Graham - 79.0 Kings Ridge
Laurel Hill,Week2,Riverside Gardens,Week1,326.5 Riverside Gardens - 75.5 Laurel Hill
Lee Graham,Week4,Overlee,Week1,252.0 Overlee - 150.0 Lee Graham
Laurel Hill,Week1,Crosspointe,Week3,311.0 Crosspointe - 86.0 Laurel Hill
Laurel Hill,Week5,Ravensworth Farm,Week2,242.0 Ravensworth Farm - 159.0 Laurel Hill
Laurel Hill,Week5,Greenbriar,Week3,257.0 Greenbriar - 145.0 Laurel Hill
Laurel Hill,Week4,Riverside Gardens,Week4,334.0 Riverside Gardens - 68.0 Laurel Hill
Lee Graham,Week3,Kings Ridge ,Week1,336.0 Lee Graham - 66.0 Kings Ridge
Laurel Hill,Week1,Crosspointe,Week1,317.0 Crosspointe - 85.0 Laurel Hill
Laurel Hill,Week1,Riverside Gardens,Week2,304.0 Riverside Gardens - 98.0 Laurel Hill
Laurel Hill,Week5,Riverside Gardens,Week3,293.0 Riverside Gardens - 109.0 Laurel Hill
Laurel Hill,Week5,Country Club Hills,Week5,235.0 Country Club Hills - 167.0 Laurel Hill
Lee Graham,Week4,Overlee,Week4,311.0 Overlee - 91.0 Lee Graham
Lee Graham,Week5,Lake Braddock,Week3,353.0 Lee Graham - 49.0 Lake Braddock
Laurel Hill,Week3,Country Club Hills,Week3,241.0 Country Club Hills - 161.0 Laurel Hill
Lee Graham,Week3,Overlee,Week2,263.0 Overlee - 139.0 Lee Graham
Laurel Hill,Week3,Riverside Gardens,Week3,311.0 Riverside Gardens - 91.0 Laurel Hill
Lee Graham,Week5,Kings Ridge ,Week1,341.0 Lee Graham - 61.0 Kings Ridge
Laurel Hill,Week2,Country Club Hills,Week4,271.0 Country Club Hills - 126.0 Laurel Hill
Lee Graham,Week4,Overlee,Week2,273.0 Overlee - 129.0 Lee Graham
Laurel Hill,Week1,Crosspointe,Week5,328.0 Crosspointe - 73.0 Laurel Hill
Laurel Hill,Week2,Riverside Gardens,Week5,331.0 Riverside Gardens - 71.0 Laurel Hill
Laurel Hill,Week5,Riverside Gardens,Week4,313.0 Riverside Gardens - 89.0 Laurel Hill
Lee Graham,Week3,Overlee,Week3,242.0 Overlee - 160.0 Lee Graham
Laurel Hill,Week3,Riverside Gardens,Week2,290.0 Riverside Gardens - 112.0 Laurel Hill
Laurel Hill,Week3,Country Club Hills,Week5,260.0 Country Club Hills - 142.0 Laurel Hill
Lee Graham,Week4,Lake Braddock,Week3,348.0 Lee Graham - 54.0 Lake Braddock
Laurel Hill,Week4,Ravensworth Farm,Week5,324.0 Ravensworth Farm - 78.0 Laurel Hill
Lee Graham,Week5,Overlee,Week2,247.0 Overlee - 155.0 Lee Graham
Lee Graham,Week1,Lake Braddock,Week1,355.0 Lee Graham - 42.0 Lake Braddock
Lee Graham,Week5,Kings Ridge ,Week3,332.0 Lee Graham - 70.0 Kings Ridge
Lee Graham,Week3,Parklawn,Week2,333.0 Lee Graham - 69.0 Parklawn
Lee Graham,Week1,Lake Braddock,Week3,339.0 Lee Graham - 63.0 Lake Braddock
Lee Graham,Week3,Parklawn,Week3,339.0 Lee Graham - 63.0 Parklawn
Laurel Hill,Week2,Country Club Hills,Week5,284.0 Country Club Hills - 118.0 Laurel Hill
Lee Graham,Week2,Kings Ridge ,Week4,326.0 Lee Graham - 76.0 Kings Ridge
Laurel Hill,Week2,Riverside Gardens,Week2,325.0 Riverside Gardens - 77.0 Laurel Hill
Laurel Hill,Week4,Riverside Gardens,Week1,311.0 Riverside Gardens - 91.0 Laurel Hill
Lee Graham,Week4,Overlee,Week5,303.5 Overlee - 98.5 Lee Graham
Laurel Hill,Week2,Crosspointe,Week2,322.0 Crosspointe - 80.0 Laurel Hill
Laurel Hill,Week2,Crosspointe,Week1,324.0 Crosspointe - 78.0 Laurel Hill
Laurel Hill,Week4,Country Club Hills,Week3,249.0 Country Club Hills - 153.0 Laurel Hill
Laurel Hill,Week5,Country Club Hills,Week2,218.0 Country Club Hills - 184.0 Laurel Hill
Laurel Hill,Week5,Ravensworth Farm,Week3,277.0 Ravensworth Farm - 125.0 Laurel Hill
Lee Graham,Week2,Lake Braddock,Week4,361.0 Lee Graham - 41.0 Lake Braddock
Lee Graham,Week2,Overlee,Week4,325.0 Overlee - 77.0 Lee Graham
Laurel Hill,Week3,Country Club Hills,Week4,239.0 Country Club Hills - 163.0 Laurel Hill
Lee Graham,Week1,Lake Braddock,Week5,343.0 Lee Graham - 59.0 Lake Braddock
Laurel Hill,Week1,Riverside Gardens,Week1,310.0 Riverside Gardens - 92.0 Laurel Hill
Laurel Hill,Week3,Riverside Gardens,Week1,300.0 Riverside Gardens - 102.0 Laurel Hill
Lee Graham,Week2,Lake Braddock,Week2,352.0 Lee Graham - 50.0 Lake Braddock
Lee Graham,Week5,Kings Ridge ,Week4,330.0 Lee Graham - 72.0 Kings Ridge
Lee Graham,Week5,Kings Ridge ,Week2,344.5 Lee Graham - 57.5 Kings Ridge
Laurel Hill,Week4,Country Club Hills,Week5,259.0 Country Club Hills - 143.0 Laurel Hill
Lee Graham,Week1,Parklawn,Week5,317.0 Lee Graham - 85.0 Parklawn
Lee Graham,Week4,Kings Ridge ,Week5,320.0 Lee Graham - 82.0 Kings Ridge
Lee Graham,Week1,Overlee,Week5,302.0 Overlee - 100.0 Lee Graham
Lee Graham,Week4,Overlee,Week3,250.0 Overlee - 152.0 Lee Graham
Laurel Hill,Week3,Riverside Gardens,Week5,309.0 Riverside Gardens - 93.0 Laurel Hill
Laurel Hill,Week5,Country Club Hills,Week3,213.0 Country Club Hills - 189.0 Laurel Hill
Lee Graham,Week5,Overlee,Week5,279.0 Overlee - 123.0 Lee Graham
Laurel Hill,Week5,Ravensworth Farm,Week5,279.0 Ravensworth Farm - 123.0 Laurel Hill
Lee Graham,Week2,Lake Braddock,Week5,352.0 Lee Graham - 50.0 Lake Braddock
Lee Graham,Week2,Overlee,Week1,249.0 Overlee - 153.0 Lee Graham
Lee Graham,Week3,Lake Braddock,Week1,365.0 Lee Graham - 37.0 Lake Braddock
Laurel Hill,Week2,Rolling Hills,Week3,263.0 Rolling Hills - 136.0 Laurel Hill
Lee Graham,Week4,Lake Braddock,Week1,360.0 Lee Graham - 42.0 Lake Braddock
Laurel Hill,Week4,Country Club Hills,Week1,237.0 Country Club Hills - 165.0 Laurel Hill
Laurel Hill,Week1,Rolling Forest,Week1,249.5 Rolling Forest - 152.5 Laurel Hill
Laurel Hill,Week5,Rolling Forest,Week4,221.0 Rolling Forest - 181.0 Laurel Hill
Lee Graham,Week5,Overlee,Week4,296.0 Overlee - 106.0 Lee Graham
Lee Graham,Week1,Parklawn,Week4,308.0 Lee Graham - 94.0 Parklawn
Lee Graham,Week3,Lake Braddock,Week2,354.0 Lee Graham - 48.0 Lake Braddock
Laurel Hill,Week4,Country Club Hills,Week4,253.0 Country Club Hills - 149.0 Laurel Hill
Lee Graham,Week3,Overlee,Week4,313.0 Overlee - 89.0 Lee Graham
Laurel Hill,Week1,Crosspointe,Week4,326.0 Crosspointe - 75.0 Laurel Hill
Laurel Hill,Week1,Crosspointe,Week2,309.0 Crosspointe - 93.0 Laurel Hill
Laurel Hill,Week5,Riverside Gardens,Week1,290.0 Riverside Gardens - 112.0 Laurel Hill
Laurel Hill,Week4,Riverside Gardens,Week3,315.0 Riverside Gardens - 87.0 Laurel Hill
Laurel Hill,Week5,Rolling Forest,Week2,216.0 Rolling Forest - 186.0 Laurel Hill
Lee Graham,Week3,Lake Braddock,Week5,340.0 Lee Graham - 62.0 Lake Braddock
Lee Graham,Week2,Overlee,Week2,266.5 Overlee - 135.5 Lee Graham
Laurel Hill,Week5,Riverside Gardens,Week2,281.0 Riverside Gardens - 121.0 Laurel Hill
Laurel Hill,Week2,Crosspointe,Week3,311.0 Crosspointe - 86.0 Laurel Hill
Laurel Hill,Week2,Rolling Forest,Week3,289.0 Rolling Forest - 112.0 Laurel Hill
Lee Graham,Week2,Lake Braddock,Week3,352.0 Lee Graham - 50.0 Lake Braddock
Laurel Hill,Week5,Rolling Forest,Week5,248.0 Rolling Forest - 154.0 Laurel Hill
Lee Graham,Week2,Parklawn,Week1,331.0 Lee Graham - 62.0 Parklawn
Lee Graham,Week1,Parklawn,Week2,317.0 Lee Graham - 85.0 Parklawn
Laurel Hill,Week2,Rolling Forest,Week4,285.0 Rolling Forest - 117.0 Laurel Hill
Laurel Hill,Week1,Rolling Hills,Week5,245.0 Rolling Hills - 157.0 Laurel Hill
Lee Graham,Week2,Lake Braddock,Week1,366.0 Lee Graham - 36.0 Lake Braddock
Lee Graham,Week5,Lake Braddock,Week2,350.0 Lee Graham - 52.0 Lake Braddock
Lee Graham,Week2,Parklawn,Week4,313.0 Lee Graham - 88.0 Parklawn
Lee Graham,Week2,Parklawn,Week3,335.0 Lee Graham - 67.0 Parklawn
Lee Graham,Week3,Lake Braddock,Week4,349.0 Lee Graham - 53.0 Lake Braddock
Laurel Hill,Week2,Crosspointe,Week4,318.0 Crosspointe - 83.0 Laurel Hill
Laurel Hill,Week4,Country Club Hills,Week2,243.0 Country Club Hills - 159.0 Laurel Hill
Lee Graham,Week2,Parklawn,Week5,326.0 Lee Graham - 76.0 Parklawn
Laurel Hill,Week1,Rolling Hills,Week4,246.0 Rolling Hills - 155.0 Laurel Hill
Lee Graham,Week4,Lake Braddock,Week2,346.0 Lee Graham - 56.0 Lake Braddock
Laurel Hill,Week3,Rolling Forest,Week2,228.0 Rolling Forest - 174.0 Laurel Hill
Lee Graham,Week4,Lake Braddock,Week5,343.0 Lee Graham - 59.0 Lake Braddock
Lee Graham,Week1,Parliament,Week4,284.0 Lee Graham - 118.0 Parliament
Lee Graham,Week4,Lake Braddock,Week4,348.0 Lee Graham - 54.0 Lake Braddock
Lee Graham,Week3,Lake Braddock,Week3,341.0 Lee Graham - 61.0 Lake Braddock
Lee Graham,Week3,Parklawn,Week1,334.0 Lee Graham - 59.0 Parklawn
Lee Graham,Week2,Parklawn,Week2,326.0 Lee Graham - 76.0 Parklawn
Lee Graham,Week1,Lake Braddock,Week4,344.0 Lee Graham - 58.0 Lake Braddock
Lee Graham,Week3,Parliament,Week2,290.0 Lee Graham - 112.0 Parliament
Lee Graham,Week5,Lake Braddock,Week4,358.5 Lee Graham - 43.5 Lake Braddock
Laurel Hill,Week2,Rolling Forest,Week1,275.0 Rolling Forest - 127.0 Laurel Hill
Laurel Hill,Week5,Sully Station,Week4,286.0 Sully Station - 116.0 Laurel Hill
Laurel Hill,Week4,Sully Station,Week4,300.0 Sully Station - 102.0 Laurel Hill
Lee Graham,Week1,Lakevale Estates,Week4,205.0 Lakevale Estates - 197.0 Lee Graham
Lee Graham,Week5,Parliament,Week1,273.0 Lee Graham - 129.0 Parliament
Lee Graham,Week1,Lakevale Estates,Week5,204.0 Lee Graham - 198.0 Lakevale Estates
Laurel Hill,Week4,Rolling Forest,Week1,265.0 Rolling Forest - 137.0 Laurel Hill
Lee Graham,Week5,Parklawn,Week2,325.0 Lee Graham - 77.0 Parklawn
Laurel Hill,Week5,Sully Station,Week5,292.0 Sully Station - 110.0 Laurel Hill
Lee Graham,Week5,Lake Braddock,Week5,346.0 Lee Graham - 56.0 Lake Braddock
Lee Graham,Week4,Parliament,Week4,289.0 Lee Graham - 113.0 Parliament
Lee Graham,Week1,Lakevale Estates,Week2,226.0 Lee Graham - 176.0 Lakevale Estates
Laurel Hill,Week3,Sully Station II,Week4,284.5 Sully Station II - 117.5 Laurel Hill
Laurel Hill,Week4,Rolling Forest,Week2,245.0 Rolling Forest - 157.0 Laurel Hill
Lee Graham,Week4,Parliament,Week2,293.0 Lee Graham - 109.0 Parliament
Lee Graham,Week5,Lake Braddock,Week1,366.0 Lee Graham - 36.0 Lake Braddock
Laurel Hill,Week1,Sully Station II,Week3,320.0 Sully Station II - 81.0 Laurel Hill
Laurel Hill,Week2,Rolling Forest,Week2,267.0 Rolling Forest - 135.0 Laurel Hill
Lee Graham,Week5,Parklawn,Week3,339.0 Lee Graham - 63.0 Parklawn
Laurel Hill,Week2,Rolling Forest,Week5,287.0 Rolling Forest - 115.0 Laurel Hill
Lee Graham,Week2,Parliament,Week5,287.0 Lee Graham - 115.0 Parliament
Lee Graham,Week1,Lakevale Estates,Week3,216.0 Lee Graham - 186.0 Lakevale Estates
Laurel Hill,Week3,Rolling Forest,Week3,254.0 Rolling Forest - 148.0 Laurel Hill
Laurel Hill,Week4,Sully Station II,Week4,290.0 Sully Station II - 112.0 Laurel Hill
Lee Graham,Week3,Parliament,Week4,287.0 Lee Graham - 115.0 Parliament
Laurel Hill,Week4,Rolling Forest,Week3,254.0 Rolling Forest - 148.0 Laurel Hill
Laurel Hill,Week3,Rolling Forest,Week1,256.0 Rolling Forest - 146.0 Laurel Hill
Lee Graham,Week4,Parklawn,Week4,303.0 Lee Graham - 99.0 Parklawn
Laurel Hill,Week4,Sully Station II,Week3,324.0 Sully Station II - 78.0 Laurel Hill
Lee Graham,Week2,Parliament,Week3,282.0 Lee Graham - 120.0 Parliament
Lee Graham,Week2,Lakevale Estates,Week4,204.0 Lakevale Estates - 198.0 Lee Graham
Laurel Hill,Week5,Rolling Forest,Week1,229.0 Rolling Forest - 173.0 Laurel Hill
Laurel Hill,Week3,Hiddenbrook,Week2,231.0 Laurel Hill - 166.0 Hiddenbrook
Laurel Hill,Week3,Rolling Forest,Week4,238.0 Rolling Forest - 164.0 Laurel Hill
Laurel Hill,Week1,Rolling Forest,Week5,271.0 Rolling Forest - 131.0 Laurel Hill
Lee Graham,Week5,Parklawn,Week5,320.0 Lee Graham - 82.0 Parklawn
Laurel Hill,Week3,Hiddenbrook,Week4,228.0 Hiddenbrook - 174.0 Laurel Hill
Laurel Hill,Week1,Sully Station II,Week2,310.0 Sully Station II - 88.0 Laurel Hill
Lee Graham,Week3,Lakevale Estates,Week1,235.0 Lee Graham - 167.0 Lakevale Estates
Lee Graham,Week1,Parliament,Week3,277.0 Lee Graham - 125.0 Parliament
Laurel Hill,Week3,Rolling Forest,Week5,263.0 Rolling Forest - 138.0 Laurel Hill
Lee Graham,Week4,Parklawn,Week1,331.0 Lee Graham - 62.0 Parklawn
Laurel Hill,Week4,Hiddenbrook,Week2,226.0 Laurel Hill - 174.0 Hiddenbrook
Laurel Hill,Week2,Sully Station II,Week3,330.5 Sully Station II - 71.5 Laurel Hill
Laurel Hill,Week2,Sully Station II,Week2,328.0 Sully Station II - 74.0 Laurel Hill
Laurel Hill,Week2,Hiddenbrook,Week4,267.0 Hiddenbrook - 135.0 Laurel Hill
Lee Graham,Week2,Lakevale Estates,Week3,211.0 Lee Graham - 191.0 Lakevale Estates
Lee Graham,Week2,Lakevale Estates,Week5,207.0 Lee Graham - 195.0 Lakevale Estates
Laurel Hill,Week4,Herndon,Week5,258.0 Laurel Hill - 142.0 Herndon
Lee Graham,Week3,Parliament,Week1,274.0 Lee Graham - 128.0 Parliament
Laurel Hill,Week2,Sully Station II,Week4,304.0 Sully Station II - 98.0 Laurel Hill
Lee Graham,Week2,Lakevale Estates,Week1,219.0 Lee Graham - 183.0 Lakevale Estates
Laurel Hill,Week4,Rolling Forest,Week5,274.0 Rolling Forest - 128.0 Laurel Hill
Laurel Hill,Week4,Sully Station,Week5,310.0 Sully Station - 92.0 Laurel Hill
Lee Graham,Week2,Parliament,Week2,303.0 Lee Graham - 99.0 Parliament
Lee Graham,Week4,Parklawn,Week3,327.0 Lee Graham - 75.0 Parklawn
Laurel Hill,Week1,Sully Station II,Week5,326.0 Sully Station II - 75.0 Laurel Hill
Lee Graham,Week5,Parklawn,Week1,340.0 Lee Graham - 53.0 Parklawn
Lee Graham,Week4,Parklawn,Week5,321.0 Lee Graham - 81.0 Parklawn
Laurel Hill,Week4,Sully Station II,Week1,293.0 Sully Station II - 108.0 Laurel Hill
Laurel Hill,Week2,Hiddenbrook,Week3,257.0 Hiddenbrook - 140.0 Laurel Hill
Laurel Hill,Week2,Truro,Week5,244.0 Truro - 152.0 Laurel Hill
Lee Graham,Week3,Parklawn,Week5,326.0 Lee Graham - 76.0 Parklawn
Laurel Hill,Week1,Rolling Hills,Week3,245.0 Rolling Hills - 155.0 Laurel Hill
Laurel Hill,Week5,Herndon,Week1,284.0 Laurel Hill - 114.0 Herndon
Laurel Hill,Week1,Rolling Forest,Week4,241.0 Rolling Forest - 161.0 Laurel Hill
Laurel Hill,Week4,Herndon,Week2,258.0 Laurel Hill - 142.0 Herndon
Lee Graham,Week3,Lakevale Estates,Week3,221.0 Lee Graham - 181.0 Lakevale Estates
Laurel Hill,Week2,Rolling Hills,Week2,274.0 Rolling Hills - 123.0 Laurel Hill
Laurel Hill,Week1,Sully Station II,Week4,293.0 Sully Station II - 108.0 Laurel Hill
Laurel Hill,Week1,High Point Pool,Week1,280.0 High Point Pool - 122.0 Laurel Hill
Laurel Hill,Week1,Rolling Hills,Week1,246.0 Rolling Hills - 155.0 Laurel Hill
Laurel Hill,Week1,Hiddenbrook,Week5,265.0 Hiddenbrook - 137.0 Laurel Hill
Lee Graham,Week1,Lakevale Estates,Week1,229.0 Lee Graham - 173.0 Lakevale Estates
Lee Graham,Week3,Lakevale Estates,Week4,211.0 Lee Graham - 191.0 Lakevale Estates
Lee Graham,Week1,Parliament,Week1,255.0 Lee Graham - 147.0 Parliament
Laurel Hill,Week1,Hiddenbrook,Week2,197.0 Hiddenbrook - 191.0 Laurel Hill
Lee Graham,Week3,Lakevale Estates,Week2,239.0 Lee Graham - 163.0 Lakevale Estates
Laurel Hill,Week3,Hiddenbrook,Week1,205.0 Hiddenbrook - 193.0 Laurel Hill
Laurel Hill,Week4,Rolling Forest,Week4,244.0 Rolling Forest - 158.0 Laurel Hill
Lee Graham,Week1,Lakeview,Week2,342.0 Lee Graham - 60.0 Lakeview
Laurel Hill,Week5,Sully Station II,Week2,292.0 Sully Station II - 109.0 Laurel Hill
Lee Graham,Week4,Parklawn,Week2,318.0 Lee Graham - 84.0 Parklawn
Laurel Hill,Week2,Truro,Week3,238.0 Truro - 161.0 Laurel Hill
Laurel Hill,Week1,Rolling Forest,Week3,263.0 Rolling Forest - 139.0 Laurel Hill
Lee Graham,Week2,Lakevale Estates,Week2,223.0 Lee Graham - 179.0 Lakevale Estates
Laurel Hill,Week1,Rolling Hills,Week2,248.0 Rolling Hills - 154.0 Laurel Hill
Laurel Hill,Week2,Hiddenbrook,Week1,248.0 Hiddenbrook - 153.0 Laurel Hill
Laurel Hill,Week3,Sully Station II,Week3,316.0 Sully Station II - 85.0 Laurel Hill
Laurel Hill,Week1,Sully Station II,Week1,288.0 Sully Station II - 109.0 Laurel Hill
Lee Graham,Week3,Lakevale Estates,Week5,212.5 Lee Graham - 189.5 Lakevale Estates
Laurel Hill,Week2,Rolling Hills,Week1,265.0 Rolling Hills - 135.0 Laurel Hill
Lee Graham,Week4,Lakeview,Week4,319.0 Lee Graham - 83.0 Lakeview
Lee Graham,Week3,Lakeview,Week5,324.0 Lee Graham - 69.0 Lakeview
Laurel Hill,Week4,Hiddenbrook,Week5,262.0 Hiddenbrook - 140.0 Laurel Hill
Lee Graham,Week2,Parliament,Week1,268.0 Lee Graham - 134.0 Parliament
Laurel Hill,Week5,Rolling Forest,Week3,242.0 Rolling Forest - 160.0 Laurel Hill
Lee Graham,Week1,Parliament,Week5,276.0 Lee Graham - 126.0 Parliament
Lee Graham,Week1,Lakeview,Week5,322.0 Lee Graham - 71.0 Lakeview
Laurel Hill,Week3,Sully Station II,Week5,318.0 Sully Station II - 84.0 Laurel Hill
Lee Graham,Week2,Lakeview,Week1,356.0 Lee Graham - 46.0 Lakeview
Laurel Hill,Week5,Herndon,Week4,276.0 Laurel Hill - 121.0 Herndon
Lee Graham,Week5,Lakevale Estates,Week5,206.0 Lee Graham - 196.0 Lakevale Estates
Laurel Hill,Week4,Rolling Hills,Week2,250.0 Rolling Hills - 152.0 Laurel Hill
Lee Graham,Week2,Parliament,Week4,292.0 Lee Graham - 110.0 Parliament
Laurel Hill,Week4,Herndon,Week1,271.0 Laurel Hill - 128.0 Herndon
Laurel Hill,Week5,Sully Station,Week3,287.0 Sully Station - 115.0 Laurel Hill
Laurel Hill,Week2,Rolling Valley,Week5,215.0 Rolling Valley - 187.0 Laurel Hill
Lee Graham,Week3,Parliament,Week3,294.0 Lee Graham - 108.0 Parliament
Lee Graham,Week1,Parliament,Week2,291.0 Lee Graham - 110.0 Parliament
Lee Graham,Week5,Lakevale Estates,Week2,216.0 Lee Graham - 186.0 Lakevale Estates
Laurel Hill,Week2,Sully Station II,Week5,336.0 Sully Station II - 66.0 Laurel Hill
Laurel Hill,Week3,Herndon,Week5,273.0 Laurel Hill - 124.0 Herndon
Laurel Hill,Week2,Rolling Hills,Week4,262.5 Rolling Hills - 131.5 Laurel Hill
Laurel Hill,Week5,Herndon,Week3,282.0 Laurel Hill - 117.0 Herndon
Laurel Hill,Week3,Rolling Valley,Week3,233.5 Laurel Hill - 164.5 Rolling Valley
Laurel Hill,Week3,Sully Station II,Week1,279.5 Sully Station II - 122.5 Laurel Hill
Lee Graham,Week2,Lakeview,Week4,336.0 Lee Graham - 66.0 Lakeview
Laurel Hill,Week3,Rolling Hills,Week1,229.0 Rolling Hills - 172.0 Laurel Hill
Laurel Hill,Week4,Herndon,Week3,256.0 Laurel Hill - 145.0 Herndon
Lee Graham,Week3,Parklawn,Week4,324.0 Lee Graham - 78.0 Parklawn
Laurel Hill,Week5,Sully Station,Week2,274.0 Sully Station - 128.0 Laurel Hill
Lee Graham,Week4,Lakevale Estates,Week3,220.0 Lee Graham - 182.0 Lakevale Estates
Lee Graham,Week5,Parklawn,Week4,319.0 Lee Graham - 83.0 Parklawn
Laurel Hill,Week3,Sully Station II,Week2,305.0 Sully Station II - 97.0 Laurel Hill
Laurel Hill,Week4,Rolling Hills,Week4,235.0 Rolling Hills - 167.0 Laurel Hill
Lee Graham,Week4,Lakevale Estates,Week5,204.0 Lakevale Estates - 198.0 Lee Graham
Lee Graham,Week4,Parliament,Week3,279.0 Lee Graham - 123.0 Parliament
Laurel Hill,Week4,Rolling Valley,Week3,215.0 Laurel Hill - 186.0 Rolling Valley
Laurel Hill,Week5,Herndon,Week5,277.0 Laurel Hill - 120.0 Herndon
Laurel Hill,Week1,Hiddenbrook,Week1,235.0 Hiddenbrook - 167.0 Laurel Hill
Lee Graham,Week5,Lakevale Estates,Week3,214.0 Lee Graham - 188.0 Lakevale Estates
Laurel Hill,Week1,Hiddenbrook,Week3,244.0 Hiddenbrook - 158.0 Laurel Hill
Lee Graham,Week2,Lakeview,Week2,355.0 Lee Graham - 47.0 Lakeview
Laurel Hill,Week2,Rolling Valley,Week3,214.0 Rolling Valley - 181.0 Laurel Hill
Laurel Hill,Week4,Sully Station,Week3,310.0 Sully Station - 92.0 Laurel Hill
Lee Graham,Week4,Parliament,Week5,283.0 Lee Graham - 119.0 Parliament
Lee Graham,Week4,Parliament,Week1,261.5 Lee Graham - 140.5 Parliament
Lee Graham,Week3,Parliament,Week5,287.0 Lee Graham - 115.0 Parliament
Laurel Hill,Week4,Rolling Valley,Week1,260.0 Laurel Hill - 141.0 Rolling Valley
Laurel Hill,Week4,Sully Station II,Week2,313.0 Sully Station II - 89.0 Laurel Hill
Laurel Hill,Week2,Sully Station II,Week1,308.0 Sully Station II - 94.0 Laurel Hill
Laurel Hill,Week3,Herndon,Week4,274.0 Laurel Hill - 124.0 Herndon
Laurel Hill,Week5,Herndon,Week2,278.0 Laurel Hill - 119.0 Herndon
Lee Graham,Week3,Pinecrest,Week2,213.0 Lee Graham - 189.0 Pinecrest
Lee Graham,Week1,Lakeview,Week1,345.0 Lee Graham - 57.0 Lakeview
Lee Graham,Week4,Lakevale Estates,Week1,225.0 Lee Graham - 177.0 Lakevale Estates
Laurel Hill,Week5,Sully Station,Week1,297.0 Sully Station - 105.0 Laurel Hill
Laurel Hill,Week1,Rolling Valley,Week1,225.0 Laurel Hill - 173.0 Rolling Valley
Laurel Hill,Week4,Herndon,Week4,259.0 Laurel Hill - 141.0 Herndon
Laurel Hill,Week4,Rolling Hills,Week5,236.0 Rolling Hills - 166.0 Laurel Hill
Laurel Hill,Week5,Sully Station II,Week1,274.0 Sully Station II - 127.0 Laurel Hill
Lee Graham,Week4,Pinecrest,Week2,204.0 Lee Graham - 198.0 Pinecrest
Lee Graham,Week5,Lakevale Estates,Week1,229.5 Lee Graham - 172.5 Lakevale Estates
Laurel Hill,Week1,Rolling Valley,Week3,209.0 Laurel Hill - 193.0 Rolling Valley
Lee Graham,Week3,Pinecrest,Week5,225.0 Lee Graham - 177.0 Pinecrest
Lee Graham,Week3,Pinecrest,Week1,230.0 Lee Graham - 172.0 Pinecrest
Lee Graham,Week5,Sully Station,Week2,239.0 Lee Graham - 163.0 Sully Station
Lee Graham,Week5,Pinecrest,Week4,219.0 Lee Graham - 183.0 Pinecrest
Laurel Hill,Week4,Sully Station II,Week5,327.0 Sully Station II - 75.0 Laurel Hill
Laurel Hill,Week1,Truro,Week3,220.0 Truro - 181.0 Laurel Hill
Lee Graham,Week4,Lakevale Estates,Week4,203.0 Lakevale Estates - 199.0 Lee Graham
Laurel Hill,Week2,Daventry,Week3,209.0 Laurel Hill - 185.0 Daventry
Laurel Hill,Week3,Rolling Valley,Week2,232.0 Laurel Hill - 169.0 Rolling Valley
Laurel Hill,Week3,Hiddenbrook,Week5,238.0 Hiddenbrook - 163.0 Laurel Hill
Lee Graham,Week1,Sully Station II,Week5,202.0 Sully Station II - 200.0 Lee Graham
Laurel Hill,Week1,Hiddenbrook,Week4,242.0 Hiddenbrook - 160.0 Laurel Hill
Lee Graham,Week3,Lakeview,Week1,343.0 Lee Graham - 59.0 Lakeview
Laurel Hill,Week1,Truro,Week1,224.0 Truro - 177.0 Laurel Hill
Laurel Hill,Week2,Hiddenbrook,Week5,277.0 Hiddenbrook - 125.0 Laurel Hill
Laurel Hill,Week5,Sully Station II,Week5,308.0 Sully Station II - 94.0 Laurel Hill
Lee Graham,Week3,Sully Station II,Week2,241.0 Lee Graham - 161.0 Sully Station II
Lee Graham,Week5,Pinecrest,Week3,212.0 Lee Graham - 190.0 Pinecrest
Laurel Hill,Week4,Hiddenbrook,Week1,217.0 Hiddenbrook - 184.0 Laurel Hill
Lee Graham,Week4,Lakevale Estates,Week2,214.0 Lee Graham - 188.0 Lakevale Estates
Lee Graham,Week3,Lakeview,Week3,340.0 Lee Graham - 62.0 Lakeview
Lee Graham,Week5,Parliament,Week5,294.0 Lee Graham - 108.0 Parliament
Lee Graham,Week4,Pinecrest,Week4,208.0 Lee Graham - 194.0 Pinecrest
Laurel Hill,Week5,Sully Station II,Week3,299.0 Sully Station II - 103.0 Laurel Hill
Lee Graham,Week5,Lakevale Estates,Week4,202.0 Lakevale Estates - 200.0 Lee Graham
Lee Graham,Week5,Pinecrest,Week1,242.0 Lee Graham - 160.0 Pinecrest
Laurel Hill,Week1,Rolling Valley,Week2,203.0 Laurel Hill - 194.0 Rolling Valley
Laurel Hill,Week5,Sully Station II,Week4,262.0 Sully Station II - 140.0 Laurel Hill
Laurel Hill,Week2,Rolling Valley,Week2,213.0 Rolling Valley - 189.0 Laurel Hill
Laurel Hill,Week1,Truro,Week4,231.0 Truro - 170.0 Laurel Hill
Lee Graham,Week4,Lakeview,Week1,343.0 Lee Graham - 59.0 Lakeview
Lee Graham,Week2,Sully Station II,Week2,224.0 Lee Graham - 178.0 Sully Station II
Laurel Hill,Week5,Rolling Hills,Week2,208.0 Rolling Hills - 194.0 Laurel Hill
Lee Graham,Week4,Lakeview,Week3,328.0 Lee Graham - 74.0 Lakeview
Laurel Hill,Week5,Rolling Hills,Week4,202.0 Laurel Hill - 200.0 Rolling Hills
Laurel Hill,Week2,Rolling Hills,Week5,264.0 Rolling Hills - 138.0 Laurel Hill
Laurel Hill,Week2,Hiddenbrook,Week2,210.0 Hiddenbrook - 188.0 Laurel Hill
Laurel Hill,Week3,Hiddenbrook,Week3,208.0 Hiddenbrook - 194.0 Laurel Hill
Laurel Hill,Week4,Rolling Hills,Week3,244.0 Rolling Hills - 157.0 Laurel Hill
Laurel Hill,Week4,Hiddenbrook,Week3,233.0 Hiddenbrook - 168.0 Laurel Hill
Laurel Hill,Week1,Truro,Week2,211.0 Truro - 186.0 Laurel Hill
Laurel Hill,Week5,Rolling Hills,Week5,204.0 Rolling Hills - 198.0 Laurel Hill
Lee Graham,Week4,Sully Station II,Week2,217.0 Lee Graham - 185.0 Sully Station II
Laurel Hill,Week4,Hiddenbrook,Week4,244.0 Hiddenbrook - 157.0 Laurel Hill
Laurel Hill,Week5,Hiddenbrook,Week1,204.0 Laurel Hill - 197.0 Hiddenbrook
Lee Graham,Week1,Pinewood Lake,Week1,370.0 Lee Graham - 25.0 Pinewood Lake
Lee Graham,Week1,Lakeview,Week4,325.0 Lee Graham - 77.0 Lakeview
Laurel Hill,Week4,Crosspointe,Week5,323.0 Crosspointe - 79.0 Laurel Hill
Laurel Hill,Week2,Truro,Week1,246.0 Truro - 155.0 Laurel Hill
Lee Graham,Week5,Pinecrest,Week5,226.0 Lee Graham - 176.0 Pinecrest
Lee Graham,Week2,Lakeview,Week3,341.0 Lee Graham - 61.0 Lakeview
Lee Graham,Week3,Sully Station II,Week1,264.0 Lee Graham - 138.0 Sully Station II
Laurel Hill,Week2,Daventry,Week4,202.0 Daventry - 198.0 Laurel Hill
Lee Graham,Week4,Pinecrest,Week1,217.0 Lee Graham - 185.0 Pinecrest
Lee Graham,Week4,Sully Station II,Week4,256.0 Lee Graham - 146.0 Sully Station II
Laurel Hill,Week5,Hiddenbrook,Week3,203.0 Hiddenbrook - 198.0 Laurel Hill
Laurel Hill,Week3,Rolling Hills,Week5,227.0 Rolling Hills - 175.0 Laurel Hill
Laurel Hill,Week5,Hiddenbrook,Week2,247.0 Laurel Hill - 149.0 Hiddenbrook
Lee Graham,Week2,Pinecrest,Week4,209.0 Lee Graham - 193.0 Pinecrest
Laurel Hill,Week1,Rolling Valley,Week4,209.0 Rolling Valley - 192.0 Laurel Hill
Laurel Hill,Week5,Crosspointe,Week1,300.0 Crosspointe - 102.0 Laurel Hill
Laurel Hill,Week2,Truro,Week4,251.0 Truro - 147.0 Laurel Hill
Laurel Hill,Week3,Rolling Hills,Week3,224.0 Rolling Hills - 174.0 Laurel Hill
Laurel Hill,Week2,Truro,Week2,231.0 Truro - 159.0 Laurel Hill
Lee Graham,Week5,Sully Station II,Week1,258.0 Lee Graham - 144.0 Sully Station II
Laurel Hill,Week1,Truro,Week5,235.0 Truro - 165.0 Laurel Hill
Laurel Hill,Week1,Daventry,Week5,208.0 Laurel Hill - 192.0 Daventry
Lee Graham,Week1,Lakeview,Week3,322.0 Lee Graham - 80.0 Lakeview
Lee Graham,Week1,Sully Station II,Week4,247.0 Lee Graham - 155.0 Sully Station II
Lee Graham,Week1,Pinecrest,Week1,228.0 Lee Graham - 174.0 Pinecrest
Lee Graham,Week3,Lakeview,Week2,352.0 Lee Graham - 50.0 Lakeview
Laurel Hill,Week3,Rolling Hills,Week2,243.0 Rolling Hills - 159.0 Laurel Hill
Laurel Hill,Week1,High Point Pool,Week4,293.0 High Point Pool - 108.0 Laurel Hill
Lee Graham,Week5,Parliament,Week2,288.0 Lee Graham - 113.0 Parliament
Lee Graham,Week1,Sully Station II,Week2,214.0 Lee Graham - 188.0 Sully Station II
Laurel Hill,Week3,Crosspointe,Week2,284.0 Crosspointe - 118.0 Laurel Hill
Laurel Hill,Week3,Rolling Hills,Week4,230.0 Rolling Hills - 170.0 Laurel Hill
Lee Graham,Week4,Lakeview,Week2,346.0 Lee Graham - 56.0 Lakeview
Laurel Hill,Week2,Daventry,Week5,213.0 Daventry - 186.0 Laurel Hill
Laurel Hill,Week4,Rolling Hills,Week1,246.0 Rolling Hills - 156.0 Laurel Hill
Laurel Hill,Week4,High Point Pool,Week3,299.0 High Point Pool - 103.0 Laurel Hill
Lee Graham,Week4,Sully Station,Week2,227.0 Lee Graham - 175.0 Sully Station
Lee Graham,Week3,Lakeview,Week4,330.0 Lee Graham - 72.0 Lakeview
Laurel Hill,Week4,Truro,Week4,235.0 Truro - 167.0 Laurel Hill
Lee Graham,Week1,Pinewood Lake,Week2,378.0 Lee Graham - 17.0 Pinewood Lake
Laurel Hill,Week3,Truro,Week2,202.0 Laurel Hill - 198.0 Truro
Laurel Hill,Week5,Hiddenbrook,Week4,208.0 Hiddenbrook - 193.0 Laurel Hill
Lee Graham,Week5,Parliament,Week3,290.0 Lee Graham - 112.0 Parliament
Lee Graham,Week4,Lakeview,Week5,322.0 Lee Graham - 71.0 Lakeview
Laurel Hill,Week3,Crosspointe,Week1,306.0 Crosspointe - 96.0 Laurel Hill
Laurel Hill,Week5,Rolling Hills,Week3,208.0 Rolling Hills - 193.0 Laurel Hill
Lee Graham,Week2,Sully Station II,Week4,251.0 Lee Graham - 151.0 Sully Station II
Lee Graham,Week2,Lakeview,Week5,337.0 Lee Graham - 56.0 Lakeview
Laurel Hill,Week4,Truro,Week1,211.0 Truro - 191.0 Laurel Hill
Laurel Hill,Week4,Crosspointe,Week4,315.0 Crosspointe - 87.0 Laurel Hill
Laurel Hill,Week5,Truro,Week1,207.0 Laurel Hill - 195.0 Truro
Laurel Hill,Week5,Hiddenbrook,Week5,234.0 Hiddenbrook - 168.0 Laurel Hill
Lee Graham,Week5,Sully Station,Week5,227.0 Lee Graham - 175.0 Sully Station
Laurel Hill,Week4,Crosspointe,Week2,302.5 Crosspointe - 99.5 Laurel Hill
Laurel Hill,Week2,Rolling Valley,Week4,228.0 Rolling Valley - 174.0 Laurel Hill
Laurel Hill,Week1,Tuckahoe,Week1,354.0 Tuckahoe - 48.0 Laurel Hill
Lee Graham,Week1,Pinecrest,Week2,214.0 Lee Graham - 188.0 Pinecrest
Laurel Hill,Week2,High Point Pool,Week4,318.0 High Point Pool - 84.0 Laurel Hill
Laurel Hill,Week5,High Point Pool,Week1,253.0 High Point Pool - 149.0 Laurel Hill
Lee Graham,Week4,Sully Station,Week3,226.0 Lee Graham - 176.0 Sully Station
Lee Graham,Week2,Pinecrest,Week3,209.0 Pinecrest - 193.0 Lee Graham
Laurel Hill,Week3,Truro,Week4,218.0 Truro - 183.0 Laurel Hill
Lee Graham,Week1,Pinecrest,Week4,210.0 Lee Graham - 192.0 Pinecrest
Laurel Hill,Week1,Rolling Valley,Week5,207.0 Rolling Valley - 194.0 Laurel Hill
Lee Graham,Week2,Sully Station II,Week5,202.0 Sully Station II - 200.0 Lee Graham
Laurel Hill,Week5,Truro,Week4,202.0 Laurel Hill - 200.0 Truro
Laurel Hill,Week5,Truro,Week2,225.5 Laurel Hill - 175.5 Truro
Laurel Hill,Week1,High Point Pool,Week2,301.0 High Point Pool - 101.0 Laurel Hill
Lee Graham,Week4,Sully Station,Week5,212.0 Lee Graham - 190.0 Sully Station
Laurel Hill,Week3,Crosspointe,Week3,298.0 Crosspointe - 104.0 Laurel Hill
Laurel Hill,Week4,High Point Pool,Week5,299.0 High Point Pool - 102.0 Laurel Hill
Lee Graham,Week5,Lakeview,Week5,328.0 Lee Graham - 65.0 Lakeview
Laurel Hill,Week2,Rolling Valley,Week1,214.0 Laurel Hill - 188.0 Rolling Valley
Laurel Hill,Week5,Crosspointe,Week2,273.0 Crosspointe - 129.0 Laurel Hill
Lee Graham,Week1,Pinecrest,Week3,206.0 Lee Graham - 196.0 Pinecrest
Lee Graham,Week5,Lakeview,Week3,339.0 Lee Graham - 63.0 Lakeview
Lee Graham,Week5,Parliament,Week4,294.0 Lee Graham - 108.0 Parliament
Lee Graham,Week1,Pinecrest,Week5,212.0 Lee Graham - 185.0 Pinecrest
Lee Graham,Week1,Langley,Week2,228.0 Lee Graham - 174.0 Langley
Laurel Hill,Week3,Rolling Valley,Week4,223.5 Laurel Hill - 177.5 Rolling Valley
Laurel Hill,Week3,Crosspointe,Week5,316.5 Crosspointe - 85.5 Laurel Hill
Laurel Hill,Week5,Rolling Hills,Week1,210.0 Rolling Hills - 192.0 Laurel Hill
Lee Graham,Week3,Sully Station II,Week3,221.0 Lee Graham - 181.0 Sully Station II
Lee Graham,Week5,Lakeview,Week2,348.0 Lee Graham - 54.0 Lakeview
Laurel Hill,Week1,High Point Pool,Week3,297.0 High Point Pool - 101.0 Laurel Hill
Lee Graham,Week5,Sully Station,Week3,246.0 Lee Graham - 156.0 Sully Station
Lee Graham,Week1,Langley,Week4,220.0 Lee Graham - 182.0 Langley
Laurel Hill,Week3,Rolling Valley,Week1,263.0 Laurel Hill - 138.0 Rolling Valley
Lee Graham,Week1,Langley,Week5,226.0 Lee Graham - 176.0 Langley
Lee Graham,Week3,Sully Station,Week2,229.0 Lee Graham - 173.0 Sully Station
Laurel Hill,Week5,Truro,Week3,211.5 Laurel Hill - 188.5 Truro
Laurel Hill,Week5,Crosspointe,Week3,292.0 Crosspointe - 110.0 Laurel Hill
Lee Graham,Week2,Pinecrest,Week2,212.0 Lee Graham - 190.0 Pinecrest
Laurel Hill,Week4,Crosspointe,Week1,315.0 Crosspointe - 87.0 Laurel Hill
Laurel Hill,Week5,High Point Pool,Week2,275.0 High Point Pool - 127.0 Laurel Hill
Laurel Hill,Week3,Truro,Week5,224.0 Truro - 178.0 Laurel Hill
Lee Graham,Week2,Pinecrest,Week1,226.0 Lee Graham - 176.0 Pinecrest
Laurel Hill,Week5,High Point Pool,Week4,266.0 High Point Pool - 136.0 Laurel Hill
Laurel Hill,Week4,Rolling Valley,Week2,218.0 Laurel Hill - 184.0 Rolling Valley
Laurel Hill,Week1,Tuckahoe,Week2,365.0 Tuckahoe - 37.0 Laurel Hill
Lee Graham,Week1,Sully Station II,Week1,236.0 Lee Graham - 166.0 Sully Station II
Laurel Hill,Week4,Truro,Week5,232.0 Truro - 170.0 Laurel Hill
Laurel Hill,Week5,Rolling Valley,Week5,229.5 Laurel Hill - 172.5 Rolling Valley
Laurel Hill,Week4,High Point Pool,Week4,299.0 High Point Pool - 103.0 Laurel Hill
Laurel Hill,Week1,Tuckahoe,Week4,364.0 Tuckahoe - 38.0 Laurel Hill
Lee Graham,Week3,Pinecrest,Week3,212.0 Lee Graham - 190.0 Pinecrest
Laurel Hill,Week1,High Point Pool,Week5,293.0 High Point Pool - 108.0 Laurel Hill
Lee Graham,Week5,Sully Station,Week4,256.0 Lee Graham - 146.0 Sully Station
Lee Graham,Week3,Sully Station,Week3,240.5 Lee Graham - 161.5 Sully Station
Lee Graham,Week2,Langley,Week4,213.5 Lee Graham - 188.5 Langley
Lee Graham,Week3,Sully Station,Week5,217.0 Lee Graham - 185.0 Sully Station
Laurel Hill,Week1,Daventry,Week4,210.0 Laurel Hill - 190.0 Daventry
Laurel Hill,Week2,Crosspointe,Week5,334.0 Crosspointe - 68.0 Laurel Hill
Laurel Hill,Week4,High Point Pool,Week2,310.5 High Point Pool - 91.5 Laurel Hill
Lee Graham,Week4,Sully Station,Week4,233.0 Lee Graham - 169.0 Sully Station
Lee Graham,Week2,Pinecrest,Week5,207.0 Lee Graham - 195.0 Pinecrest
Lee Graham,Week3,Pinecrest,Week4,210.0 Lee Graham - 192.0 Pinecrest
Laurel Hill,Week1,Daventry,Week2,215.0 Laurel Hill - 185.0 Daventry
Laurel Hill,Week4,Rolling Valley,Week5,206.0 Laurel Hill - 196.0 Rolling Valley
Laurel Hill,Week2,High Point Pool,Week3,316.0 High Point Pool - 86.0 Laurel Hill
Laurel Hill,Week3,Rolling Valley,Week5,217.0 Laurel Hill - 185.0 Rolling Valley
Lee Graham,Week2,Langley,Week3,222.0 Lee Graham - 180.0 Langley
Lee Graham,Week2,Langley,Week2,225.0 Lee Graham - 177.0 Langley
Laurel Hill,Week3,Truro,Week1,205.0 Truro - 197.0 Laurel Hill
Lee Graham,Week2,Langley,Week1,215.0 Lee Graham - 187.0 Langley
Laurel Hill,Week1,Daventry,Week3,228.0 Laurel Hill - 164.0 Daventry
Lee Graham,Week4,Pinecrest,Week5,202.0 Pinecrest - 200.0 Lee Graham
Laurel Hill,Week1,Daventry,Week1,212.0 Laurel Hill - 188.0 Daventry
Laurel Hill,Week5,Truro,Week5,203.0 Truro - 198.0 Laurel Hill
Laurel Hill,Week3,Crosspointe,Week4,308.0 Crosspointe - 94.0 Laurel Hill
Laurel Hill,Week4,Rutherford,Week4,228.0 Rutherford - 174.0 Laurel Hill
Laurel Hill,Week4,Truro,Week3,214.0 Truro - 187.0 Laurel Hill
Laurel Hill,Week5,High Point Pool,Week5,265.0 High Point Pool - 136.0 Laurel Hill
Lee Graham,Week3,Langley,Week1,221.0 Lee Graham - 181.0 Langley
Laurel Hill,Week3,Truro,Week3,200.5 Truro - 197.5 Laurel Hill
Lee Graham,Week3,Sully Station,Week4,243.5 Lee Graham - 158.5 Sully Station
Lee Graham,Week4,Pinecrest,Week3,205.0 Lee Graham - 197.0 Pinecrest
Laurel Hill,Week2,Rutherford,Week2,242.0 Rutherford - 156.0 Laurel Hill
Laurel Hill,Week1,Rutherford,Week2,218.0 Rutherford - 183.0 Laurel Hill
Laurel Hill,Week5,Brandywine,Week1,230.0 Brandywine - 172.0 Laurel Hill
Lee Graham,Week4,Sully Station,Week1,217.0 Lee Graham - 185.0 Sully Station
Laurel Hill,Week4,Truro,Week2,202.0 Laurel Hill - 200.0 Truro
Laurel Hill,Week5,Crosspointe,Week5,310.0 Crosspointe - 92.0 Laurel Hill
Lee Graham,Week4,Pinewood Lake,Week1,377.0 Lee Graham - 23.0 Pinewood Lake
Laurel Hill,Week4,Rutherford,Week3,227.0 Rutherford - 175.0 Laurel Hill
Laurel Hill,Week1,Highland Park,Week1,292.0 Highland Park - 110.0 Laurel Hill
Lee Graham,Week5,Pinecrest,Week2,226.0 Lee Graham - 176.0 Pinecrest
Laurel Hill,Week5,Crosspointe,Week4,292.0 Crosspointe - 110.0 Laurel Hill
Lee Graham,Week1,Langley,Week3,220.0 Lee Graham - 182.0 Langley
Lee Graham,Week1,Langley,Week1,213.0 Lee Graham - 189.0 Langley
Lee Graham,Week3,Langley,Week3,234.0 Lee Graham - 168.0 Langley
Lee Graham,Week5,Sully Station,Week1,235.0 Lee Graham - 167.0 Sully Station
Laurel Hill,Week2,High Point Pool,Week1,293.0 High Point Pool - 109.0 Laurel Hill
Lee Graham,Week4,Pinewood Lake,Week2,384.0 Lee Graham - 16.0 Pinewood Lake
Laurel Hill,Week1,Tuckahoe,Week3,368.0 Tuckahoe - 34.0 Laurel Hill
Laurel Hill,Week5,Rutherford,Week1,229.0 Laurel Hill - 173.0 Rutherford
Lee Graham,Week3,Langley,Week4,219.0 Lee Graham - 183.0 Langley
Laurel Hill,Week3,Rutherford,Week4,221.0 Rutherford - 181.0 Laurel Hill
Laurel Hill,Week3,High Point Pool,Week3,292.0 High Point Pool - 110.0 Laurel Hill
Laurel Hill,Week2,Tuckahoe,Week1,370.0 Tuckahoe - 32.0 Laurel Hill
Laurel Hill,Week2,Vienna Aquatic,Week3,353.0 Vienna Aquatic - 49.0 Laurel Hill
Lee Graham,Week1,Pleasant Valley,Week3,336.0 Lee Graham - 66.0 Pleasant Valley
Lee Graham,Week5,Lakeview,Week4,330.0 Lee Graham - 72.0 Lakeview
Lee Graham,Week1,Sully Station II,Week3,204.0 Lee Graham - 198.0 Sully Station II
Laurel Hill,Week1,Highland Park,Week2,285.0 Highland Park - 117.0 Laurel Hill
Lee Graham,Week5,Pinewood Lake,Week1,381.0 Lee Graham - 20.0 Pinewood Lake
Laurel Hill,Week3,Tuckahoe,Week2,365.0 Tuckahoe - 37.0 Laurel Hill
Laurel Hill,Week2,Rutherford,Week5,257.0 Rutherford - 144.0 Laurel Hill
Lee Graham,Week4,Sully Station II,Week3,215.0 Lee Graham - 187.0 Sully Station II
Lee Graham,Week2,Sully Station II,Week1,242.5 Lee Graham - 159.5 Sully Station II
Laurel Hill,Week4,Rutherford,Week2,204.0 Rutherford - 198.0 Laurel Hill
Laurel Hill,Week4,Crosspointe,Week3,307.0 Crosspointe - 95.0 Laurel Hill
Laurel Hill,Week1,Vienna Aquatic,Week2,331.5 Vienna Aquatic - 70.5 Laurel Hill
Lee Graham,Week2,Sully Station II,Week3,206.0 Lee Graham - 196.0 Sully Station II
Laurel Hill,Week1,Tuckahoe,Week5,361.0 Tuckahoe - 41.0 Laurel Hill
Lee Graham,Week1,Pleasant Valley,Week1,346.0 Lee Graham - 56.0 Pleasant Valley
Lee Graham,Week3,Pinewood Lake,Week4,383.0 Lee Graham - 16.0 Pinewood Lake
Laurel Hill,Week2,Daventry,Week1,203.0 Daventry - 194.0 Laurel Hill
Lee Graham,Week3,Sully Station II,Week5,209.0 Lee Graham - 193.0 Sully Station II
Laurel Hill,Week3,High Point Pool,Week2,297.5 High Point Pool - 104.5 Laurel Hill
Lee Graham,Week3,Sully Station II,Week4,267.0 Lee Graham - 135.0 Sully Station II
Laurel Hill,Week3,High Point Pool,Week5,296.0 High Point Pool - 105.0 Laurel Hill
Laurel Hill,Week4,Rutherford,Week5,215.0 Rutherford - 187.0 Laurel Hill
Laurel Hill,Week1,Rutherford,Week3,236.0 Rutherford - 166.0 Laurel Hill
Lee Graham,Week2,Langley,Week5,235.5 Lee Graham - 166.5 Langley
Lee Graham,Week2,Pinewood Lake,Week1,378.0 Lee Graham - 23.0 Pinewood Lake
Lee Graham,Week3,Langley,Week5,241.0 Lee Graham - 161.0 Langley
Laurel Hill,Week5,Rolling Valley,Week4,225.0 Laurel Hill - 177.0 Rolling Valley
Laurel Hill,Week2,Daventry,Week2,205.0 Daventry - 194.0 Laurel Hill
Laurel Hill,Week2,High Point Pool,Week2,327.0 High Point Pool - 75.0 Laurel Hill
Lee Graham,Week3,Langley,Week2,240.0 Lee Graham - 162.0 Langley
Lee Graham,Week5,Lakeview,Week1,357.0 Lee Graham - 45.0 Lakeview
Laurel Hill,Week3,Tuckahoe,Week3,369.0 Tuckahoe - 33.0 Laurel Hill
Lee Graham,Week4,Sully Station II,Week1,247.5 Lee Graham - 154.5 Sully Station II
Laurel Hill,Week2,High Point Pool,Week5,321.0 High Point Pool - 81.0 Laurel Hill
Laurel Hill,Week4,High Point Pool,Week1,284.0 High Point Pool - 117.0 Laurel Hill
Laurel Hill,Week3,Vienna Aquatic,Week2,325.0 Vienna Aquatic - 77.0 Laurel Hill
Laurel Hill,Week3,High Point Pool,Week1,277.0 High Point Pool - 125.0 Laurel Hill
Laurel Hill,Week3,Vienna Aquatic,Week4,334.0 Vienna Aquatic - 68.0 Laurel Hill
Laurel Hill,Week5,High Point Pool,Week3,261.0 High Point Pool - 140.0 Laurel Hill
Lee Graham,Week5,Truro,Week3,326.5 Lee Graham - 75.5 Truro
Lee Graham,Week3,Pinewood Lake,Week5,381.0 Lee Graham - 19.0 Pinewood Lake
Laurel Hill,Week3,Rutherford,Week5,211.0 Rutherford - 191.0 Laurel Hill
Laurel Hill,Week4,Rolling Valley,Week4,202.0 Laurel Hill - 200.0 Rolling Valley
Lee Graham,Week5,Pinewood Lake,Week4,390.0 Lee Graham - 11.0 Pinewood Lake
Lee Graham,Week5,Pinewood Lake,Week2,388.0 Lee Graham - 13.0 Pinewood Lake
Laurel Hill,Week1,Highlands Swim,Week5,330.0 Highlands Swim - 72.0 Laurel Hill
Lee Graham,Week5,Sully Station II,Week5,212.0 Lee Graham - 190.0 Sully Station II
Laurel Hill,Week5,Rolling Valley,Week3,245.0 Laurel Hill - 156.0 Rolling Valley
Laurel Hill,Week2,Rutherford,Week3,234.0 Rutherford - 162.0 Laurel Hill
Laurel Hill,Week5,Rutherford,Week2,218.0 Laurel Hill - 184.0 Rutherford
Lee Graham,Week4,Truro,Week5,329.0 Lee Graham - 73.0 Truro
Lee Graham,Week4,Sully Station II,Week5,208.0 Lee Graham - 194.0 Sully Station II
Laurel Hill,Week5,Highland Park,Week4,257.0 Highland Park - 145.0 Laurel Hill
Lee Graham,Week4,Pinewood Lake,Week4,383.0 Lee Graham - 17.0 Pinewood Lake
Laurel Hill,Week2,Vienna Aquatic,Week5,362.0 Vienna Aquatic - 36.0 Laurel Hill
Lee Graham,Week5,Sully Station II,Week4,254.0 Lee Graham - 148.0 Sully Station II
Laurel Hill,Week5,Highland Park,Week5,243.0 Highland Park - 159.0 Laurel Hill
Laurel Hill,Week3,Tuckahoe,Week1,354.0 Tuckahoe - 47.0 Laurel Hill
Laurel Hill,Week3,Tuckahoe,Week4,368.0 Tuckahoe - 34.0 Laurel Hill
Laurel Hill,Week2,Tuckahoe,Week3,379.0 Tuckahoe - 22.0 Laurel Hill
Lee Graham,Week2,Pinewood Lake,Week5,381.0 Lee Graham - 20.0 Pinewood Lake
Lee Graham,Week5,Truro,Week5,330.0 Lee Graham - 72.0 Truro
Laurel Hill,Week3,Rutherford,Week2,212.0 Laurel Hill - 190.0 Rutherford
Laurel Hill,Week3,High Point Pool,Week4,284.0 High Point Pool - 117.0 Laurel Hill
Lee Graham,Week1,Pinewood Lake,Week4,381.0 Lee Graham - 14.0 Pinewood Lake
Lee Graham,Week3,Pinewood Lake,Week3,385.0 Lee Graham - 15.0 Pinewood Lake
Laurel Hill,Week5,Rolling Valley,Week2,239.5 Laurel Hill - 162.5 Rolling Valley
Laurel Hill,Week2,Rutherford,Week4,258.0 Rutherford - 138.0 Laurel Hill
Laurel Hill,Week5,Rolling Valley,Week1,278.0 Laurel Hill - 123.0 Rolling Valley
Laurel Hill,Week4,Tuckahoe,Week2,370.0 Tuckahoe - 32.0 Laurel Hill
Laurel Hill,Week1,Rutherford,Week1,214.0 Rutherford - 186.0 Laurel Hill
Lee Graham,Week2,Truro,Week2,337.0 Lee Graham - 65.0 Truro
Laurel Hill,Week1,Highlands Swim,Week4,327.0 Highlands Swim - 75.0 Laurel Hill
Laurel Hill,Week2,Highlands Swim,Week3,344.0 Highlands Swim - 58.0 Laurel Hill
Lee Graham,Week2,Truro,Week4,303.0 Lee Graham - 99.0 Truro
Lee Graham,Week3,Pinewood Lake,Week2,384.0 Lee Graham - 16.0 Pinewood Lake
Lee Graham,Week5,Sully Station II,Week3,218.0 Lee Graham - 184.0 Sully Station II
Lee Graham,Week3,Truro,Week3,328.0 Lee Graham - 74.0 Truro
Laurel Hill,Week1,Vienna Aquatic,Week1,335.0 Vienna Aquatic - 67.0 Laurel Hill
Lee Graham,Week5,Pinewood Lake,Week3,390.0 Lee Graham - 11.0 Pinewood Lake
Laurel Hill,Week5,Tuckahoe,Week5,352.0 Tuckahoe - 50.0 Laurel Hill
Lee Graham,Week4,Pinewood Lake,Week5,378.0 Lee Graham - 22.0 Pinewood Lake
Lee Graham,Week2,Pleasant Valley,Week4,357.0 Lee Graham - 45.0 Pleasant Valley
Lee Graham,Week3,Truro,Week1,324.0 Lee Graham - 78.0 Truro
Laurel Hill,Week2,Rutherford,Week1,224.0 Rutherford - 176.0 Laurel Hill
Lee Graham,Week3,Truro,Week4,318.0 Lee Graham - 84.0 Truro
Laurel Hill,Week5,Highland Park,Week2,245.0 Highland Park - 157.0 Laurel Hill
Laurel Hill,Week4,Highland Park,Week2,278.0 Highland Park - 124.0 Laurel Hill
Laurel Hill,Week5,Tuckahoe,Week2,352.0 Tuckahoe - 50.0 Laurel Hill
Laurel Hill,Week3,Tuckahoe,Week5,370.0 Tuckahoe - 31.0 Laurel Hill
Lee Graham,Week2,Pinewood Lake,Week4,383.0 Lee Graham - 18.0 Pinewood Lake
Laurel Hill,Week2,Highland Park,Week5,312.0 Highland Park - 90.0 Laurel Hill
Laurel Hill,Week2,Shouse Village,Week4,298.0 Shouse Village - 104.0 Laurel Hill
Laurel Hill,Week3,Highland Park,Week1,290.0 Highland Park - 112.0 Laurel Hill
Lee Graham,Week3,Pinewood Lake,Week1,375.0 Lee Graham - 26.0 Pinewood Lake
Laurel Hill,Week3,Shouse Village,Week4,280.0 Shouse Village - 122.0 Laurel Hill
Lee Graham,Week4,Pinewood Lake,Week3,385.0 Lee Graham - 15.0 Pinewood Lake
Lee Graham,Week3,Truro,Week5,326.0 Lee Graham - 76.0 Truro
Lee Graham,Week1,Pleasant Valley,Week2,349.0 Lee Graham - 53.0 Pleasant Valley
Laurel Hill,Week2,Tuckahoe,Week2,374.0 Tuckahoe - 28.0 Laurel Hill
Laurel Hill,Week4,Tuckahoe,Week3,367.0 Tuckahoe - 35.0 Laurel Hill
Lee Graham,Week5,Pinewood Lake,Week5,388.0 Lee Graham - 13.0 Pinewood Lake
Laurel Hill,Week3,Highland Park,Week2,281.0 Highland Park - 121.0 Laurel Hill
Lee Graham,Week2,Truro,Week3,323.0 Lee Graham - 79.0 Truro
Laurel Hill,Week4,Highland Park,Week1,282.0 Highland Park - 120.0 Laurel Hill
Laurel Hill,Week4,Rutherford,Week1,205.0 Rutherford - 197.0 Laurel Hill
Laurel Hill,Week1,Rutherford,Week4,247.0 Rutherford - 154.0 Laurel Hill
Laurel Hill,Week1,Rutherford,Week5,236.0 Rutherford - 166.0 Laurel Hill
Laurel Hill,Week4,Tuckahoe,Week5,372.0 Tuckahoe - 30.0 Laurel Hill
Laurel Hill,Week1,Highland Park,Week5,288.0 Highland Park - 114.0 Laurel Hill
Lee Graham,Week2,Pinewood Lake,Week3,391.0 Lee Graham - 10.0 Pinewood Lake
Laurel Hill,Week3,Highland Park,Week3,250.5 Highland Park - 151.5 Laurel Hill
Laurel Hill,Week1,Vienna Aquatic,Week3,336.0 Vienna Aquatic - 66.0 Laurel Hill
Lee Graham,Week4,Truro,Week3,326.0 Lee Graham - 76.0 Truro
Lee Graham,Week2,Truro,Week5,320.0 Lee Graham - 82.0 Truro
Laurel Hill,Week4,Highland Park,Week5,274.0 Highland Park - 128.0 Laurel Hill
Lee Graham,Week1,Truro,Week4,298.0 Lee Graham - 104.0 Truro
Lee Graham,Week1,Pinewood Lake,Week5,374.0 Lee Graham - 21.0 Pinewood Lake
Laurel Hill,Week4,Tuckahoe,Week1,355.0 Tuckahoe - 47.0 Laurel Hill
Laurel Hill,Week3,Rutherford,Week1,215.5 Laurel Hill - 186.5 Rutherford
Laurel Hill,Week2,Highland Park,Week3,291.0 Highland Park - 111.0 Laurel Hill
Lee Graham,Week4,Truro,Week2,332.0 Lee Graham - 70.0 Truro
Laurel Hill,Week5,Tuckahoe,Week1,341.0 Tuckahoe - 61.0 Laurel Hill
Lee Graham,Week2,Pinewood Lake,Week2,387.0 Lee Graham - 14.0 Pinewood Lake
Laurel Hill,Week1,Vienna Aquatic,Week4,338.0 Vienna Aquatic - 64.0 Laurel Hill
Laurel Hill,Week1,Shouse Village,Week1,268.0 Shouse Village - 133.0 Laurel Hill
Lee Graham,Week1,Pinewood Lake,Week3,380.0 Lee Graham - 15.0 Pinewood Lake
Lee Graham,Week2,Truro,Week1,316.0 Lee Graham - 86.0 Truro
Laurel Hill,Week4,Tuckahoe,Week4,365.0 Tuckahoe - 37.0 Laurel Hill
Laurel Hill,Week4,Shouse Village,Week4,283.0 Shouse Village - 119.0 Laurel Hill
Laurel Hill,Week5,Tuckahoe,Week4,357.0 Tuckahoe - 45.0 Laurel Hill
Laurel Hill,Week5,Highland Park,Week3,233.0 Highland Park - 164.0 Laurel Hill
Laurel Hill,Week4,Highland Park,Week3,259.0 Highland Park - 143.0 Laurel Hill
Laurel Hill,Week3,Rutherford,Week3,211.0 Rutherford - 190.0 Laurel Hill
Lee Graham,Week4,Truro,Week4,312.0 Lee Graham - 90.0 Truro
Lee Graham,Week5,Pleasant Valley,Week2,356.0 Lee Graham - 46.0 Pleasant Valley
Lee Graham,Week5,Truro,Week1,323.0 Lee Graham - 79.0 Truro
Lee Graham,Week3,Truro,Week2,340.0 Lee Graham - 62.0 Truro
Laurel Hill,Week5,Tuckahoe,Week3,364.0 Tuckahoe - 38.0 Laurel Hill
Laurel Hill,Week5,Rutherford,Week4,201.0 Laurel Hill - 201.0 Rutherford
Laurel Hill,Week5,Rutherford,Week3,207.0 Laurel Hill - 195.0 Rutherford
Lee Graham,Week5,Pleasant Valley,Week3,347.0 Lee Graham - 55.0 Pleasant Valley
Lee Graham,Week3,Pleasant Valley,Week3,343.0 Lee Graham - 59.0 Pleasant Valley
Laurel Hill,Week5,Shouse Village,Week3,240.0 Shouse Village - 162.0 Laurel Hill
Lee Graham,Week1,Truro,Week2,322.0 Lee Graham - 80.0 Truro
Lee Graham,Week4,Truro,Week1,324.0 Lee Graham - 78.0 Truro
Laurel Hill,Week2,Tuckahoe,Week5,379.0 Tuckahoe - 23.0 Laurel Hill
Laurel Hill,Week1,Sideburn Run,Week1,262.0 Sideburn Run - 139.0 Laurel Hill
Laurel Hill,Week5,Highland Park,Week1,258.0 Highland Park - 144.0 Laurel Hill
Laurel Hill,Week5,Shouse Village,Week2,236.0 Shouse Village - 166.0 Laurel Hill
Laurel Hill,Week1,Highlands Swim,Week2,331.0 Highlands Swim - 71.0 Laurel Hill
Lee Graham,Week5,Sully Station II,Week2,227.5 Lee Graham - 174.5 Sully Station II
Laurel Hill,Week2,Tuckahoe,Week4,378.0 Tuckahoe - 24.0 Laurel Hill
Lee Graham,Week5,Truro,Week4,324.0 Lee Graham - 78.0 Truro
Lee Graham,Week3,Pleasant Valley,Week5,346.0 Lee Graham - 55.0 Pleasant Valley
Laurel Hill,Week2,Highland Park,Week1,305.0 Highland Park - 96.0 Laurel Hill
Laurel Hill,Week2,Highland Park,Week4,314.0 Highland Park - 87.0 Laurel Hill
Laurel Hill,Week2,Vienna Aquatic,Week1,347.0 Vienna Aquatic - 55.0 Laurel Hill
Laurel Hill,Week1,Vienna Aquatic,Week5,350.0 Vienna Aquatic - 51.0 Laurel Hill
Lee Graham,Week3,Pleasant Valley,Week1,349.0 Lee Graham - 53.0 Pleasant Valley
Lee Graham,Week2,Pleasant Valley,Week2,360.0 Lee Graham - 42.0 Pleasant Valley
Laurel Hill,Week1,Sideburn Run,Week5,281.0 Sideburn Run - 121.0 Laurel Hill
Laurel Hill,Week3,Highland Park,Week4,290.0 Highland Park - 112.0 Laurel Hill
Laurel Hill,Week2,Vienna Aquatic,Week2,343.5 Vienna Aquatic - 58.5 Laurel Hill
Laurel Hill,Week2,Highland Park,Week2,304.0 Highland Park - 98.0 Laurel Hill
Lee Graham,Week1,Pleasant Valley,Week5,340.0 Lee Graham - 57.0 Pleasant Valley
Lee Graham,Week1,Pleasant Valley,Week4,346.0 Lee Graham - 50.0 Pleasant Valley
Lee Graham,Week3,Ravensworth Farm,Week5,253.0 Lee Graham - 149.0 Ravensworth Farm
Laurel Hill,Week3,Vienna Aquatic,Week3,338.0 Vienna Aquatic - 64.0 Laurel Hill
Lee Graham,Week5,Truro,Week2,337.0 Lee Graham - 65.0 Truro
Lee Graham,Week5,Pleasant Valley,Week4,356.5 Lee Graham - 44.5 Pleasant Valley
Lee Graham,Week1,Truro,Week3,310.0 Lee Graham - 92.0 Truro
Laurel Hill,Week1,Highland Park,Week3,269.0 Highland Park - 133.0 Laurel Hill
Lee Graham,Week2,Pleasant Valley,Week3,344.0 Lee Graham - 58.0 Pleasant Valley
Lee Graham,Week1,Truro,Week5,313.5 Lee Graham - 88.5 Truro
Laurel Hill,Week2,Sideburn Run,Week3,284.0 Sideburn Run - 118.0 Laurel Hill
Lee Graham,Week3,Pleasant Valley,Week2,362.0 Lee Graham - 40.0 Pleasant Valley
Laurel Hill,Week3,Highland Park,Week5,272.0 Highland Park - 130.0 Laurel Hill
Laurel Hill,Week3,Vienna Aquatic,Week1,334.0 Vienna Aquatic - 68.0 Laurel Hill
Laurel Hill,Week2,Vienna Woods,Week4,339.0 Vienna Woods - 63.0 Laurel Hill
Laurel Hill,Week4,Shouse Village,Week3,276.0 Shouse Village - 126.0 Laurel Hill
Laurel Hill,Week1,Shouse Village,Week5,284.0 Shouse Village - 118.0 Laurel Hill
Lee Graham,Week1,Truro,Week1,310.0 Lee Graham - 92.0 Truro
Lee Graham,Week2,Riverside Gardens,Week4,213.0 Lee Graham - 189.0 Riverside Gardens
Laurel Hill,Week2,Vienna Aquatic,Week4,350.0 Vienna Aquatic - 46.0 Laurel Hill
Laurel Hill,Week1,Highland Park,Week4,294.0 Highland Park - 108.0 Laurel Hill
Laurel Hill,Week1,Sideburn Run,Week4,279.0 Sideburn Run - 123.0 Laurel Hill
Laurel Hill,Week4,Highland Park,Week4,296.5 Highland Park - 105.5 Laurel Hill
Laurel Hill,Week5,Vienna Aquatic,Week4,308.0 Vienna Aquatic - 94.0 Laurel Hill
Laurel Hill,Week1,Highlands Swim,Week1,325.0 Highlands Swim - 77.0 Laurel Hill
Lee Graham,Week2,Pleasant Valley,Week1,350.0 Lee Graham - 52.0 Pleasant Valley
Laurel Hill,Week2,Shouse Village,Week5,298.0 Shouse Village - 104.0 Laurel Hill
Laurel Hill,Week1,Pinewood Lake,Week1,303.0 Laurel Hill - 68.0 Pinewood Lake
Laurel Hill,Week4,Vienna Woods,Week4,325.0 Vienna Woods - 77.0 Laurel Hill
Lee Graham,Week4,Pleasant Valley,Week2,355.0 Lee Graham - 47.0 Pleasant Valley
Laurel Hill,Week2,Hollin Hills,Week5,197.0 Laurel Hill - 194.0 Hollin Hills
Laurel Hill,Week2,Highlands Swim,Week2,356.0 Highlands Swim - 46.0 Laurel Hill
Laurel Hill,Week1,Sideburn Run,Week2,270.0 Sideburn Run - 132.0 Laurel Hill
Lee Graham,Week1,Riverside Gardens,Week2,238.0 Lee Graham - 164.0 Riverside Gardens
Laurel Hill,Week4,Vienna Aquatic,Week1,341.0 Vienna Aquatic - 61.0 Laurel Hill
Laurel Hill,Week1,Highlands Swim,Week3,329.0 Highlands Swim - 73.0 Laurel Hill
Lee Graham,Week3,Pleasant Valley,Week4,357.0 Lee Graham - 45.0 Pleasant Valley
Lee Graham,Week3,Riverside Gardens,Week2,268.0 Lee Graham - 134.0 Riverside Gardens
Laurel Hill,Week2,Highlands Swim,Week4,343.0 Highlands Swim - 59.0 Laurel Hill
Laurel Hill,Week1,Shouse Village,Week4,286.0 Shouse Village - 115.0 Laurel Hill
Lee Graham,Week4,Ravensworth Farm,Week3,236.0 Lee Graham - 166.0 Ravensworth Farm
Laurel Hill,Week4,Shouse Village,Week5,288.0 Shouse Village - 113.0 Laurel Hill
Laurel Hill,Week5,Vienna Aquatic,Week3,317.0 Vienna Aquatic - 85.0 Laurel Hill
Laurel Hill,Week4,Vienna Woods,Week2,334.0 Vienna Woods - 68.0 Laurel Hill
Laurel Hill,Week3,Highlands Swim,Week1,330.0 Highlands Swim - 72.0 Laurel Hill
Lee Graham,Week4,Ravensworth Farm,Week1,254.0 Lee Graham - 148.0 Ravensworth Farm
Lee Graham,Week5,Ravensworth Farm,Week1,274.0 Lee Graham - 128.0 Ravensworth Farm
Laurel Hill,Week3,Shouse Village,Week3,262.0 Shouse Village - 140.0 Laurel Hill
Laurel Hill,Week1,Hollin Hills,Week5,221.0 Laurel Hill - 174.0 Hollin Hills
Lee Graham,Week5,Pleasant Valley,Week1,351.0 Lee Graham - 51.0 Pleasant Valley
Laurel Hill,Week2,Hollin Hills,Week2,202.0 Laurel Hill - 186.0 Hollin Hills
Laurel Hill,Week4,Pinewood Lake,Week2,325.0 Laurel Hill - 67.0 Pinewood Lake
Laurel Hill,Week2,Highlands Swim,Week1,344.0 Highlands Swim - 58.0 Laurel Hill
Lee Graham,Week1,Riverside Gardens,Week3,238.0 Lee Graham - 164.0 Riverside Gardens
Laurel Hill,Week3,Shouse Village,Week1,243.0 Shouse Village - 159.0 Laurel Hill
Lee Graham,Week4,Pleasant Valley,Week5,342.0 Lee Graham - 60.0 Pleasant Valley
Lee Graham,Week4,Pleasant Valley,Week3,341.0 Lee Graham - 61.0 Pleasant Valley
Lee Graham,Week3,Riverside Gardens,Week4,231.0 Lee Graham - 171.0 Riverside Gardens
Lee Graham,Week4,Pleasant Valley,Week4,357.0 Lee Graham - 45.0 Pleasant Valley
Lee Graham,Week4,Pleasant Valley,Week1,351.0 Lee Graham - 51.0 Pleasant Valley
Laurel Hill,Week3,Vienna Woods,Week5,341.0 Vienna Woods - 61.0 Laurel Hill
Lee Graham,Week4,Riverside Gardens,Week5,211.0 Lee Graham - 191.0 Riverside Gardens
Laurel Hill,Week4,Vienna Aquatic,Week2,337.0 Vienna Aquatic - 65.0 Laurel Hill
Laurel Hill,Week2,Shouse Village,Week3,284.0 Shouse Village - 118.0 Laurel Hill
Laurel Hill,Week1,Shouse Village,Week3,276.0 Shouse Village - 126.0 Laurel Hill
Laurel Hill,Week1,Vienna Woods,Week4,313.0 Vienna Woods - 89.0 Laurel Hill
Laurel Hill,Week5,Vienna Aquatic,Week2,309.0 Vienna Aquatic - 93.0 Laurel Hill
Lee Graham,Week2,Pleasant Valley,Week5,348.0 Lee Graham - 54.0 Pleasant Valley
Laurel Hill,Week2,Hollin Hills,Week3,208.0 Laurel Hill - 189.0 Hollin Hills
Laurel Hill,Week4,Shouse Village,Week1,252.0 Shouse Village - 150.0 Laurel Hill
Laurel Hill,Week5,Pinecrest,Week5,295.0 Pinecrest - 107.0 Laurel Hill
Laurel Hill,Week4,Vienna Aquatic,Week4,334.0 Vienna Aquatic - 68.0 Laurel Hill
Laurel Hill,Week5,Rutherford,Week5,210.0 Laurel Hill - 192.0 Rutherford
Lee Graham,Week1,Rolling Forest,Week2,303.0 Lee Graham - 99.0 Rolling Forest
Lee Graham,Week5,Riverside Gardens,Week5,228.0 Lee Graham - 174.0 Riverside Gardens
Laurel Hill,Week4,Pinewood Lake,Week1,331.0 Laurel Hill - 64.0 Pinewood Lake
Laurel Hill,Week5,Vienna Aquatic,Week5,343.0 Vienna Aquatic - 59.0 Laurel Hill
Laurel Hill,Week1,Vienna Woods,Week3,329.0 Vienna Woods - 73.0 Laurel Hill
Lee Graham,Week3,Riverside Gardens,Week3,244.0 Lee Graham - 158.0 Riverside Gardens
Laurel Hill,Week4,Highlands Swim,Week1,345.0 Highlands Swim - 57.0 Laurel Hill
Laurel Hill,Week3,Vienna Woods,Week4,318.0 Vienna Woods - 84.0 Laurel Hill
Laurel Hill,Week5,Pinecrest,Week4,303.0 Pinecrest - 99.0 Laurel Hill
Laurel Hill,Week1,Hollin Hills,Week2,235.0 Laurel Hill - 154.0 Hollin Hills
Laurel Hill,Week2,Pinewood Lake,Week5,285.0 Laurel Hill - 92.0 Pinewood Lake
Laurel Hill,Week5,Pinewood Lake,Week1,332.0 Laurel Hill - 51.0 Pinewood Lake
Laurel Hill,Week3,Shouse Village,Week2,236.0 Shouse Village - 166.0 Laurel Hill
Laurel Hill,Week4,Highlands Swim,Week2,341.0 Highlands Swim - 61.0 Laurel Hill
Lee Graham,Week3,Riverside Gardens,Week1,250.0 Lee Graham - 152.0 Riverside Gardens
Laurel Hill,Week1,Shouse Village,Week2,264.0 Shouse Village - 137.0 Laurel Hill
Laurel Hill,Week1,Pinewood Lake,Week2,300.0 Laurel Hill - 76.0 Pinewood Lake
Lee Graham,Week4,Ravensworth Farm,Week2,266.0 Lee Graham - 136.0 Ravensworth Farm
Laurel Hill,Week3,Vienna Woods,Week2,330.0 Vienna Woods - 72.0 Laurel Hill
Laurel Hill,Week4,Hollin Hills,Week1,254.0 Laurel Hill - 148.0 Hollin Hills
Lee Graham,Week5,Ravensworth Farm,Week5,259.0 Lee Graham - 143.0 Ravensworth Farm
Laurel Hill,Week3,Hollin Hills,Week4,248.0 Laurel Hill - 153.0 Hollin Hills
Laurel Hill,Week3,Shouse Village,Week5,274.0 Shouse Village - 128.0 Laurel Hill
Laurel Hill,Week2,Shouse Village,Week2,276.0 Shouse Village - 122.0 Laurel Hill
Laurel Hill,Week3,Hollin Hills,Week5,248.0 Laurel Hill - 152.0 Hollin Hills
Laurel Hill,Week2,Shouse Village,Week1,279.0 Shouse Village - 123.0 Laurel Hill
Laurel Hill,Week1,Vienna Woods,Week1,323.0 Vienna Woods - 79.0 Laurel Hill
Laurel Hill,Week5,Highlands Swim,Week1,314.0 Highlands Swim - 88.0 Laurel Hill
Laurel Hill,Week1,Vienna Woods,Week2,321.0 Vienna Woods - 81.0 Laurel Hill
Laurel Hill,Week1,Sideburn Run,Week3,275.0 Sideburn Run - 127.0 Laurel Hill
Laurel Hill,Week4,Pinecrest,Week5,318.0 Pinecrest - 84.0 Laurel Hill
Laurel Hill,Week4,Pinecrest,Week2,333.0 Pinecrest - 69.0 Laurel Hill
Laurel Hill,Week4,Vienna Woods,Week5,354.0 Vienna Woods - 48.0 Laurel Hill
Laurel Hill,Week1,Pinewood Lake,Week3,305.0 Laurel Hill - 71.0 Pinewood Lake
Laurel Hill,Week3,Vienna Aquatic,Week5,356.0 Vienna Aquatic - 46.0 Laurel Hill
Lee Graham,Week5,Ravensworth Farm,Week2,290.5 Lee Graham - 111.5 Ravensworth Farm
Laurel Hill,Week5,Shouse Village,Week5,256.0 Shouse Village - 145.0 Laurel Hill
Laurel Hill,Week2,Vienna Woods,Week2,354.0 Vienna Woods - 48.0 Laurel Hill
Laurel Hill,Week4,Shouse Village,Week2,267.0 Shouse Village - 135.0 Laurel Hill
Laurel Hill,Week5,Highlands Swim,Week4,322.0 Highlands Swim - 80.0 Laurel Hill
Lee Graham,Week5,Ravensworth Farm,Week4,271.0 Lee Graham - 131.0 Ravensworth Farm
Laurel Hill,Week3,Hollin Hills,Week1,262.0 Laurel Hill - 138.0 Hollin Hills
Laurel Hill,Week5,Pinecrest,Week1,284.0 Pinecrest - 118.0 Laurel Hill
Laurel Hill,Week2,Pinewood Lake,Week4,286.0 Laurel Hill - 88.0 Pinewood Lake
Lee Graham,Week4,Ravensworth Farm,Week5,246.0 Lee Graham - 156.0 Ravensworth Farm
Laurel Hill,Week2,Highlands Swim,Week5,345.0 Highlands Swim - 57.0 Laurel Hill
Laurel Hill,Week3,Highlands Swim,Week3,329.0 Highlands Swim - 73.0 Laurel Hill
Laurel Hill,Week2,Vienna Woods,Week3,360.0 Vienna Woods - 42.0 Laurel Hill
Laurel Hill,Week5,Shouse Village,Week4,252.0 Shouse Village - 150.0 Laurel Hill
Laurel Hill,Week4,Vienna Woods,Week3,341.0 Vienna Woods - 61.0 Laurel Hill
Laurel Hill,Week5,Shouse Village,Week1,231.0 Shouse Village - 171.0 Laurel Hill
Lee Graham,Week2,Riverside Gardens,Week2,255.0 Lee Graham - 147.0 Riverside Gardens
Laurel Hill,Week5,Pinecrest,Week2,301.0 Pinecrest - 101.0 Laurel Hill
Lee Graham,Week4,Ravensworth Farm,Week4,246.0 Lee Graham - 156.0 Ravensworth Farm
Laurel Hill,Week3,Sleepy Hollow B & R,Week1,272.0 Sleepy Hollow B & R - 126.0 Laurel Hill
Laurel Hill,Week4,Highlands Swim,Week3,341.0 Highlands Swim - 61.0 Laurel Hill
Laurel Hill,Week1,Vienna Woods,Week5,339.0 Vienna Woods - 62.0 Laurel Hill
Laurel Hill,Week4,Highlands Swim,Week4,339.0 Highlands Swim - 63.0 Laurel Hill
Lee Graham,Week2,Riverside Gardens,Week1,248.0 Lee Graham - 154.0 Riverside Gardens
Lee Graham,Week1,Riverside Gardens,Week1,242.0 Lee Graham - 160.0 Riverside Gardens
Lee Graham,Week2,Riverside Gardens,Week5,209.0 Riverside Gardens - 193.0 Lee Graham
Laurel Hill,Week4,Vienna Aquatic,Week5,356.0 Vienna Aquatic - 46.0 Laurel Hill
Lee Graham,Week3,Riverside Gardens,Week5,217.0 Lee Graham - 185.0 Riverside Gardens
Laurel Hill,Week2,Sideburn Run,Week2,275.0 Sideburn Run - 127.0 Laurel Hill
Laurel Hill,Week4,Sideburn Run,Week2,262.0 Sideburn Run - 140.0 Laurel Hill
Laurel Hill,Week2,Pinewood Lake,Week3,288.0 Laurel Hill - 82.0 Pinewood Lake
Laurel Hill,Week4,Pinecrest,Week3,335.0 Pinecrest - 67.0 Laurel Hill
Laurel Hill,Week3,Pinewood Lake,Week2,326.0 Laurel Hill - 58.0 Pinewood Lake
Laurel Hill,Week3,Pinewood Lake,Week1,329.0 Laurel Hill - 61.0 Pinewood Lake
Laurel Hill,Week2,Vienna Woods,Week1,345.0 Vienna Woods - 52.0 Laurel Hill
Laurel Hill,Week4,Vienna Aquatic,Week3,340.0 Vienna Aquatic - 62.0 Laurel Hill
Laurel Hill,Week5,Highlands Swim,Week5,324.0 Highlands Swim - 78.0 Laurel Hill
Laurel Hill,Week3,Sideburn Run,Week2,255.0 Sideburn Run - 147.0 Laurel Hill
Laurel Hill,Week5,Sideburn Run,Week5,249.0 Sideburn Run - 153.0 Laurel Hill
Lee Graham,Week5,Ravensworth Farm,Week3,280.0 Lee Graham - 122.0 Ravensworth Farm
Laurel Hill,Week2,Sideburn Run,Week1,286.0 Sideburn Run - 110.0 Laurel Hill
Laurel Hill,Week3,Highlands Swim,Week4,331.0 Highlands Swim - 71.0 Laurel Hill
Lee Graham,Week1,Riverside Gardens,Week5,205.0 Lee Graham - 197.0 Riverside Gardens
Laurel Hill,Week1,Hollin Hills,Week1,233.0 Laurel Hill - 161.0 Hollin Hills
Lee Graham,Week1,Riverside Gardens,Week4,223.0 Lee Graham - 179.0 Riverside Gardens
Laurel Hill,Week1,Sleepy Hollow B & R,Week2,295.0 Sleepy Hollow B & R - 107.0 Laurel Hill
Laurel Hill,Week3,Vienna Woods,Week3,328.0 Vienna Woods - 74.0 Laurel Hill
Lee Graham,Week3,Ravensworth Farm,Week4,267.0 Lee Graham - 135.0 Ravensworth Farm
Laurel Hill,Week2,Pinewood Lake,Week2,293.0 Laurel Hill - 75.0 Pinewood Lake
Laurel Hill,Week3,Pinewood Lake,Week4,320.0 Laurel Hill - 64.0 Pinewood Lake
Laurel Hill,Week3,Vienna Woods,Week1,327.0 Vienna Woods - 75.0 Laurel Hill
Laurel Hill,Week1,Pinewood Lake,Week4,302.0 Laurel Hill - 78.0 Pinewood Lake
Laurel Hill,Week4,Sideburn Run,Week3,269.0 Sideburn Run - 133.0 Laurel Hill
Laurel Hill,Week2,Sideburn Run,Week5,297.0 Sideburn Run - 105.0 Laurel Hill
Laurel Hill,Week4,Pinecrest,Week4,330.0 Pinecrest - 72.0 Laurel Hill
Laurel Hill,Week5,Highlands Swim,Week3,315.0 Highlands Swim - 87.0 Laurel Hill
Laurel Hill,Week2,Vienna Woods,Week5,361.0 Vienna Woods - 41.0 Laurel Hill
Lee Graham,Week2,Riverside Gardens,Week3,228.0 Lee Graham - 174.0 Riverside Gardens
Laurel Hill,Week1,Hollin Hills,Week4,228.0 Laurel Hill - 164.0 Hollin Hills
Laurel Hill,Week4,Highlands Swim,Week5,338.0 Highlands Swim - 64.0 Laurel Hill
Laurel Hill,Week5,Vienna Aquatic,Week1,322.0 Vienna Aquatic - 80.0 Laurel Hill
Laurel Hill,Week1,Hollin Hills,Week3,224.0 Laurel Hill - 175.0 Hollin Hills
Laurel Hill,Week1,Pinewood Lake,Week5,300.0 Laurel Hill - 86.0 Pinewood Lake
Laurel Hill,Week3,Sideburn Run,Week5,274.0 Sideburn Run - 128.0 Laurel Hill
Laurel Hill,Week4,Sideburn Run,Week1,271.0 Sideburn Run - 131.0 Laurel Hill
Laurel Hill,Week4,Vienna Woods,Week1,335.0 Vienna Woods - 67.0 Laurel Hill
Lee Graham,Week4,Tuckahoe,Week1,261.5 Tuckahoe - 140.5 Lee Graham
Lee Graham,Week4,Riverside Gardens,Week1,241.0 Lee Graham - 161.0 Riverside Gardens
Laurel Hill,Week3,Pinewood Lake,Week3,322.0 Laurel Hill - 62.0 Pinewood Lake
Laurel Hill,Week5,Pinecrest,Week3,302.0 Pinecrest - 100.0 Laurel Hill
Laurel Hill,Week2,Hollin Hills,Week1,226.0 Laurel Hill - 169.0 Hollin Hills
Laurel Hill,Week4,Villa Aquatic,Week5,279.0 Villa Aquatic - 123.0 Laurel Hill
Lee Graham,Week4,Tuckahoe,Week3,300.0 Tuckahoe - 102.0 Lee Graham
Laurel Hill,Week5,Highlands Swim,Week2,320.0 Highlands Swim - 82.0 Laurel Hill
Laurel Hill,Week2,Pinewood Lake,Week1,292.0 Laurel Hill - 73.0 Pinewood Lake
Laurel Hill,Week3,Highlands Swim,Week5,330.5 Highlands Swim - 71.5 Laurel Hill
Laurel Hill,Week4,Villa Aquatic,Week4,283.0 Villa Aquatic - 119.0 Laurel Hill
Lee Graham,Week4,Riverside Gardens,Week2,234.0 Lee Graham - 168.0 Riverside Gardens
Laurel Hill,Week3,Highlands Swim,Week2,334.0 Highlands Swim - 68.0 Laurel Hill
Lee Graham,Week1,Vienna Aquatic,Week1,214.0 Vienna Aquatic - 188.0 Lee Graham
Laurel Hill,Week1,Sleepy Hollow B & R,Week4,308.0 Sleepy Hollow B & R - 94.0 Laurel Hill
Laurel Hill,Week3,Pinewood Lake,Week5,319.0 Laurel Hill - 74.0 Pinewood Lake
Laurel Hill,Week3,Sideburn Run,Week3,263.0 Sideburn Run - 139.0 Laurel Hill
Laurel Hill,Week5,Villa Aquatic,Week5,248.0 Villa Aquatic - 154.0 Laurel Hill
Lee Graham,Week5,Riverside Gardens,Week1,261.0 Lee Graham - 141.0 Riverside Gardens
Lee Graham,Week5,Tuckahoe,Week1,255.0 Tuckahoe - 147.0 Lee Graham
Laurel Hill,Week2,Sleepy Hollow B & R,Week1,287.0 Sleepy Hollow B & R - 114.0 Laurel Hill
Lee Graham,Week4,Riverside Gardens,Week4,231.0 Lee Graham - 171.0 Riverside Gardens
Lee Graham,Week2,Tuckahoe,Week1,269.0 Tuckahoe - 133.0 Lee Graham
Lee Graham,Week4,Riverside Gardens,Week3,237.0 Lee Graham - 165.0 Riverside Gardens
Laurel Hill,Week4,Villa Aquatic,Week3,292.0 Villa Aquatic - 110.0 Laurel Hill
Laurel Hill,Week2,Hollin Hills,Week4,200.0 Laurel Hill - 187.0 Hollin Hills
Laurel Hill,Week4,Pleasant Valley,Week4,271.0 Laurel Hill - 126.0 Pleasant Valley
Laurel Hill,Week4,Villa Aquatic,Week2,251.0 Villa Aquatic - 151.0 Laurel Hill
Lee Graham,Week3,Tuckahoe,Week1,263.0 Tuckahoe - 139.0 Lee Graham
Laurel Hill,Week5,Sideburn Run,Week2,247.0 Sideburn Run - 155.0 Laurel Hill
Laurel Hill,Week3,Sideburn Run,Week4,266.0 Sideburn Run - 136.0 Laurel Hill
Laurel Hill,Week5,Sideburn Run,Week4,250.0 Sideburn Run - 152.0 Laurel Hill
Lee Graham,Week1,Tuckahoe,Week5,275.0 Tuckahoe - 127.0 Lee Graham
Lee Graham,Week5,Riverside Gardens,Week4,240.0 Lee Graham - 162.0 Riverside Gardens
Laurel Hill,Week3,Hollin Hills,Week3,257.0 Laurel Hill - 145.0 Hollin Hills
Lee Graham,Week2,Tuckahoe,Week5,285.0 Tuckahoe - 117.0 Lee Graham
Lee Graham,Week5,Riverside Gardens,Week2,266.0 Lee Graham - 136.0 Riverside Gardens
Laurel Hill,Week4,Pinewood Lake,Week5,321.0 Laurel Hill - 74.0 Pinewood Lake
Laurel Hill,Week1,Villa Aquatic,Week4,277.0 Villa Aquatic - 125.0 Laurel Hill
Lee Graham,Week1,Rolling Forest,Week1,298.0 Lee Graham - 104.0 Rolling Forest
Laurel Hill,Week5,Villa Aquatic,Week4,256.0 Villa Aquatic - 146.0 Laurel Hill
Laurel Hill,Week1,Villa Aquatic,Week3,284.0 Villa Aquatic - 118.0 Laurel Hill
Lee Graham,Week5,Riverside Gardens,Week3,242.0 Lee Graham - 160.0 Riverside Gardens
Laurel Hill,Week5,Hollin Hills,Week4,247.0 Laurel Hill - 154.0 Hollin Hills
Laurel Hill,Week5,Pinewood Lake,Week5,317.5 Laurel Hill - 69.5 Pinewood Lake
Laurel Hill,Week4,Pinewood Lake,Week3,330.0 Laurel Hill - 61.0 Pinewood Lake
Lee Graham,Week5,Tuckahoe,Week5,266.0 Tuckahoe - 136.0 Lee Graham
Laurel Hill,Week4,Pinewood Lake,Week4,323.0 Laurel Hill - 68.0 Pinewood Lake
Laurel Hill,Week2,Sleepy Hollow B & R,Week2,304.0 Sleepy Hollow B & R - 97.0 Laurel Hill
Laurel Hill,Week2,Sideburn Run,Week4,295.0 Sideburn Run - 107.0 Laurel Hill
Laurel Hill,Week2,Villa Aquatic,Week2,281.0 Villa Aquatic - 121.0 Laurel Hill
Laurel Hill,Week3,Hollin Hills,Week2,253.0 Laurel Hill - 146.0 Hollin Hills
Laurel Hill,Week4,Hollin Hills,Week4,236.0 Laurel Hill - 166.0 Hollin Hills
Laurel Hill,Week4,Hollin Meadows,Week2,273.0 Hollin Meadows - 129.0 Laurel Hill
Laurel Hill,Week1,Pleasant Valley,Week5,214.0 Laurel Hill - 186.0 Pleasant Valley
Laurel Hill,Week1,Villa Aquatic,Week2,255.5 Villa Aquatic - 146.5 Laurel Hill
Laurel Hill,Week3,Sideburn Run,Week1,253.0 Sideburn Run - 149.0 Laurel Hill
Lee Graham,Week4,Rolling Forest,Week3,275.0 Lee Graham - 127.0 Rolling Forest
Lee Graham,Week2,Rolling Forest,Week1,299.0 Lee Graham - 103.0 Rolling Forest
Laurel Hill,Week3,Hollin Meadows,Week5,285.0 Hollin Meadows - 117.0 Laurel Hill
Lee Graham,Week4,Rolling Forest,Week4,295.0 Lee Graham - 107.0 Rolling Forest
Laurel Hill,Week1,Sleepy Hollow B & R,Week1,287.0 Sleepy Hollow B & R - 114.0 Laurel Hill
Lee Graham,Week3,Tuckahoe,Week2,262.0 Tuckahoe - 140.0 Lee Graham
Laurel Hill,Week5,Pleasant Valley,Week4,274.0 Laurel Hill - 118.0 Pleasant Valley
Laurel Hill,Week1,Sleepy Hollow B & R,Week3,299.0 Sleepy Hollow B & R - 99.0 Laurel Hill
Laurel Hill,Week1,Villa Aquatic,Week5,284.0 Villa Aquatic - 118.0 Laurel Hill
Lee Graham,Week3,Vienna Aquatic,Week5,248.0 Vienna Aquatic - 154.0 Lee Graham
Laurel Hill,Week5,Hollin Meadows,Week3,255.0 Hollin Meadows - 146.0 Laurel Hill
Lee Graham,Week5,Tuckahoe,Week2,262.0 Tuckahoe - 140.0 Lee Graham
Laurel Hill,Week5,Hollin Meadows,Week5,280.0 Hollin Meadows - 122.0 Laurel Hill
Lee Graham,Week1,Rolling Hills,Week2,295.0 Lee Graham - 102.0 Rolling Hills
Laurel Hill,Week4,Sideburn Run,Week5,281.0 Sideburn Run - 121.0 Laurel Hill
Lee Graham,Week2,Rolling Forest,Week5,284.0 Lee Graham - 118.0 Rolling Forest
Lee Graham,Week2,Tuckahoe,Week2,278.0 Tuckahoe - 124.0 Lee Graham
Lee Graham,Week4,Rolling Forest,Week5,286.0 Lee Graham - 116.0 Rolling Forest
Laurel Hill,Week3,Pleasant Valley,Week2,248.0 Laurel Hill - 152.0 Pleasant Valley
Lee Graham,Week1,Rolling Forest,Week3,277.0 Lee Graham - 125.0 Rolling Forest
Lee Graham,Week4,Tuckahoe,Week2,271.0 Tuckahoe - 131.0 Lee Graham
Laurel Hill,Week5,Hollin Hills,Week3,255.0 Laurel Hill - 146.0 Hollin Hills
Laurel Hill,Week2,Sleepy Hollow B & R,Week4,315.0 Sleepy Hollow B & R - 87.0 Laurel Hill
Lee Graham,Week2,Tuckahoe,Week3,305.0 Tuckahoe - 97.0 Lee Graham
Laurel Hill,Week3,Villa Aquatic,Week2,243.0 Villa Aquatic - 159.0 Laurel Hill
Laurel Hill,Week2,Pleasant Valley,Week3,223.0 Pleasant Valley - 178.0 Laurel Hill
Laurel Hill,Week3,Villa Aquatic,Week1,229.0 Villa Aquatic - 172.0 Laurel Hill
Laurel Hill,Week3,Villa Aquatic,Week3,287.0 Villa Aquatic - 115.0 Laurel Hill
Laurel Hill,Week4,Hollin Meadows,Week3,291.0 Hollin Meadows - 110.0 Laurel Hill
Laurel Hill,Week2,Sleepy Hollow B & R,Week3,306.0 Sleepy Hollow B & R - 96.0 Laurel Hill
Laurel Hill,Week1,Sleepy Hollow B & R,Week5,308.0 Sleepy Hollow B & R - 90.0 Laurel Hill
Laurel Hill,Week1,Pleasant Valley,Week4,237.0 Laurel Hill - 161.0 Pleasant Valley
Laurel Hill,Week5,Hollin Meadows,Week1,260.0 Hollin Meadows - 142.0 Laurel Hill
Laurel Hill,Week1,Poplar Heights,Week5,310.0 Poplar Heights - 91.0 Laurel Hill
Lee Graham,Week3,Tuckahoe,Week4,287.5 Tuckahoe - 114.5 Lee Graham
Laurel Hill,Week3,Pleasant Valley,Week1,256.0 Laurel Hill - 144.0 Pleasant Valley
Laurel Hill,Week1,Villa Aquatic,Week1,250.0 Villa Aquatic - 152.0 Laurel Hill
Lee Graham,Week5,Rolling Forest,Week3,297.0 Lee Graham - 105.0 Rolling Forest
Laurel Hill,Week2,Villa Aquatic,Week3,307.0 Villa Aquatic - 95.0 Laurel Hill
Laurel Hill,Week2,Sleepy Hollow B & R,Week5,306.0 Sleepy Hollow B & R - 95.0 Laurel Hill
Lee Graham,Week2,Rolling Forest,Week3,266.0 Lee Graham - 136.0 Rolling Forest
Laurel Hill,Week2,Hollin Meadows,Week4,307.0 Hollin Meadows - 95.0 Laurel Hill
Lee Graham,Week1,Tuckahoe,Week3,285.0 Tuckahoe - 117.0 Lee Graham
Laurel Hill,Week3,Hollin Meadows,Week3,274.0 Hollin Meadows - 128.0 Laurel Hill
Laurel Hill,Week5,Pleasant Valley,Week1,265.0 Laurel Hill - 135.0 Pleasant Valley
Laurel Hill,Week4,Pleasant Valley,Week3,229.0 Laurel Hill - 172.0 Pleasant Valley
Laurel Hill,Week3,Hollin Meadows,Week1,276.0 Hollin Meadows - 126.0 Laurel Hill
Laurel Hill,Week4,Hollin Hills,Week2,255.0 Laurel Hill - 146.0 Hollin Hills
Lee Graham,Week3,Rolling Forest,Week2,303.0 Lee Graham - 99.0 Rolling Forest
Laurel Hill,Week5,Vienna Woods,Week5,336.0 Vienna Woods - 66.0 Laurel Hill
Laurel Hill,Week1,Pleasant Valley,Week3,207.0 Pleasant Valley - 194.0 Laurel Hill
Laurel Hill,Week5,Sideburn Run,Week1,254.0 Sideburn Run - 148.0 Laurel Hill
Lee Graham,Week5,Rolling Forest,Week4,313.0 Lee Graham - 89.0 Rolling Forest
Laurel Hill,Week5,Vienna Woods,Week2,310.0 Vienna Woods - 92.0 Laurel Hill
Laurel Hill,Week5,Pinewood Lake,Week3,322.0 Laurel Hill - 61.0 Pinewood Lake
Lee Graham,Week1,Tuckahoe,Week1,262.0 Tuckahoe - 140.0 Lee Graham
Lee Graham,Week1,Tuckahoe,Week4,284.0 Tuckahoe - 118.0 Lee Graham
Lee Graham,Week3,Tuckahoe,Week3,287.0 Tuckahoe - 115.0 Lee Graham
Laurel Hill,Week5,Sideburn Run,Week3,246.0 Sideburn Run - 156.0 Laurel Hill
Lee Graham,Week4,Rolling Forest,Week1,293.0 Lee Graham - 109.0 Rolling Forest
Laurel Hill,Week1,Hollin Meadows,Week5,294.0 Hollin Meadows - 107.0 Laurel Hill
Laurel Hill,Week3,Villa Aquatic,Week5,284.5 Villa Aquatic - 117.5 Laurel Hill
Laurel Hill,Week2,Villa Aquatic,Week1,282.0 Villa Aquatic - 120.0 Laurel Hill
Laurel Hill,Week2,Villa Aquatic,Week4,294.0 Villa Aquatic - 108.0 Laurel Hill
Laurel Hill,Week5,Pleasant Valley,Week2,258.0 Laurel Hill - 141.0 Pleasant Valley
Laurel Hill,Week4,Sideburn Run,Week4,268.0 Sideburn Run - 134.0 Laurel Hill
Lee Graham,Week4,Rolling Forest,Week2,297.0 Lee Graham - 105.0 Rolling Forest
Laurel Hill,Week5,Sleepy Hollow B & R,Week4,282.0 Sleepy Hollow B & R - 120.0 Laurel Hill
Lee Graham,Week1,Tuckahoe,Week2,265.0 Tuckahoe - 137.0 Lee Graham
Lee Graham,Week4,Tuckahoe,Week5,272.0 Tuckahoe - 130.0 Lee Graham
Laurel Hill,Week5,Vienna Woods,Week3,324.0 Vienna Woods - 78.0 Laurel Hill
Laurel Hill,Week3,Villa Aquatic,Week4,275.5 Villa Aquatic - 126.5 Laurel Hill
Laurel Hill,Week2,Sleepy Hollow Rec,Week2,232.0 Sleepy Hollow Rec - 166.0 Laurel Hill
Laurel Hill,Week2,Pleasant Valley,Week2,206.0 Laurel Hill - 190.0 Pleasant Valley
Lee Graham,Week3,Rolling Forest,Week5,296.0 Lee Graham - 106.0 Rolling Forest
Laurel Hill,Week2,Villa Aquatic,Week5,314.0 Villa Aquatic - 88.0 Laurel Hill
Laurel Hill,Week3,Hollin Meadows,Week4,282.0 Hollin Meadows - 120.0 Laurel Hill
Lee Graham,Week5,Tuckahoe,Week3,281.0 Tuckahoe - 121.0 Lee Graham
Laurel Hill,Week2,Pleasant Valley,Week4,227.0 Laurel Hill - 159.0 Pleasant Valley
Laurel Hill,Week2,Hollin Meadows,Week3,315.0 Hollin Meadows - 87.0 Laurel Hill
Lee Graham,Week5,Rolling Forest,Week1,298.0 Lee Graham - 104.0 Rolling Forest
Lee Graham,Week3,Rolling Forest,Week4,311.0 Lee Graham - 91.0 Rolling Forest
Laurel Hill,Week2,Hollin Meadows,Week5,317.0 Hollin Meadows - 84.0 Laurel Hill
Laurel Hill,Week4,Hollin Hills,Week3,236.0 Laurel Hill - 166.0 Hollin Hills
Laurel Hill,Week3,Pleasant Valley,Week4,268.0 Laurel Hill - 133.0 Pleasant Valley
Laurel Hill,Week5,Hollin Hills,Week2,258.0 Laurel Hill - 140.0 Hollin Hills
Laurel Hill,Week3,Pleasant Valley,Week5,241.0 Laurel Hill - 158.0 Pleasant Valley
Laurel Hill,Week1,Sleepy Hollow Rec,Week4,231.5 Sleepy Hollow Rec - 169.5 Laurel Hill
Laurel Hill,Week3,Sleepy Hollow B & R,Week3,294.0 Sleepy Hollow B & R - 108.0 Laurel Hill
Lee Graham,Week2,Tuckahoe,Week4,297.0 Tuckahoe - 105.0 Lee Graham
Laurel Hill,Week5,Vienna Woods,Week1,316.0 Vienna Woods - 86.0 Laurel Hill
Lee Graham,Week1,Rolling Forest,Week4,294.0 Lee Graham - 108.0 Rolling Forest
Lee Graham,Week3,Tuckahoe,Week5,279.0 Tuckahoe - 123.0 Lee Graham
Laurel Hill,Week4,Pleasant Valley,Week2,247.0 Laurel Hill - 153.0 Pleasant Valley
Laurel Hill,Week2,Sleepy Hollow Rec,Week4,234.0 Sleepy Hollow Rec - 168.0 Laurel Hill
Lee Graham,Week4,Tuckahoe,Week4,282.0 Tuckahoe - 120.0 Lee Graham
Laurel Hill,Week4,Sleepy Hollow Rec,Week5,212.0 Sleepy Hollow Rec - 190.0 Laurel Hill
Laurel Hill,Week3,Sleepy Hollow Rec,Week5,213.0 Sleepy Hollow Rec - 188.0 Laurel Hill
Laurel Hill,Week1,Pleasant Valley,Week2,222.0 Laurel Hill - 178.0 Pleasant Valley
Laurel Hill,Week3,Village West,Week2,214.5 Laurel Hill - 187.5 Village West
Laurel Hill,Week2,Village West,Week1,231.0 Village West - 171.0 Laurel Hill
Lee Graham,Week3,Rolling Forest,Week1,308.0 Lee Graham - 94.0 Rolling Forest
Laurel Hill,Week5,Vienna Woods,Week4,304.0 Vienna Woods - 98.0 Laurel Hill
Laurel Hill,Week1,Hollin Meadows,Week2,275.0 Hollin Meadows - 121.0 Laurel Hill
Laurel Hill,Week1,Sleepy Hollow Rec,Week2,234.0 Sleepy Hollow Rec - 167.0 Laurel Hill
Laurel Hill,Week5,Hollin Hills,Week5,249.0 Laurel Hill - 147.0 Hollin Hills
Lee Graham,Week1,Rolling Hills,Week1,306.0 Lee Graham - 96.0 Rolling Hills
Lee Graham,Week1,Rolling Forest,Week5,273.0 Lee Graham - 129.0 Rolling Forest
Laurel Hill,Week5,Hollin Hills,Week1,260.0 Laurel Hill - 140.0 Hollin Hills
Laurel Hill,Week4,Sleepy Hollow Rec,Week3,209.0 Sleepy Hollow Rec - 193.0 Laurel Hill
Lee Graham,Week5,Rolling Forest,Week2,320.5 Lee Graham - 81.5 Rolling Forest
Laurel Hill,Week5,Pinewood Lake,Week4,323.0 Laurel Hill - 62.0 Pinewood Lake
Laurel Hill,Week2,Pleasant Valley,Week5,196.0 Laurel Hill - 193.0 Pleasant Valley
Laurel Hill,Week1,Hollin Meadows,Week4,290.0 Hollin Meadows - 112.0 Laurel Hill
Laurel Hill,Week5,Pinewood Lake,Week2,319.0 Laurel Hill - 63.0 Pinewood Lake
Lee Graham,Week1,Vienna Aquatic,Week3,229.0 Vienna Aquatic - 173.0 Lee Graham
Laurel Hill,Week4,Villa Aquatic,Week1,235.0 Villa Aquatic - 167.0 Laurel Hill
Laurel Hill,Week5,Sleepy Hollow Rec,Week2,211.0 Laurel Hill - 191.0 Sleepy Hollow Rec
Laurel Hill,Week5,Sleepy Hollow Rec,Week4,211.0 Laurel Hill - 191.0 Sleepy Hollow Rec
Lee Graham,Week5,Rolling Forest,Week5,291.0 Lee Graham - 111.0 Rolling Forest
Lee Graham,Week2,Vienna Aquatic,Week2,209.0 Vienna Aquatic - 193.0 Lee Graham
Laurel Hill,Week5,Villa Aquatic,Week1,229.0 Villa Aquatic - 173.0 Laurel Hill
Laurel Hill,Week1,Pleasant Valley,Week1,216.0 Laurel Hill - 186.0 Pleasant Valley
Laurel Hill,Week5,Villa Aquatic,Week3,263.0 Villa Aquatic - 139.0 Laurel Hill
Laurel Hill,Week5,Sleepy Hollow B & R,Week3,268.0 Sleepy Hollow B & R - 133.0 Laurel Hill
Lee Graham,Week2,Rolling Forest,Week4,309.0 Lee Graham - 93.0 Rolling Forest
Laurel Hill,Week2,Pleasant Valley,Week1,204.0 Laurel Hill - 192.0 Pleasant Valley
Laurel Hill,Week1,Hollin Meadows,Week1,297.0 Hollin Meadows - 104.0 Laurel Hill
Lee Graham,Week2,Vienna Aquatic,Week1,207.0 Vienna Aquatic - 195.0 Lee Graham
Laurel Hill,Week4,Hollin Hills,Week5,248.0 Laurel Hill - 152.0 Hollin Hills
Laurel Hill,Week5,Villa Aquatic,Week2,225.0 Villa Aquatic - 177.0 Laurel Hill
Lee Graham,Week5,Tuckahoe,Week4,280.5 Tuckahoe - 121.5 Lee Graham
Lee Graham,Week1,Vienna Aquatic,Week5,233.5 Vienna Aquatic - 168.5 Lee Graham
Lee Graham,Week3,Rolling Forest,Week3,290.0 Lee Graham - 112.0 Rolling Forest
Laurel Hill,Week1,Hollin Meadows,Week3,295.0 Hollin Meadows - 107.0 Laurel Hill
Lee Graham,Week1,Vienna Aquatic,Week4,202.0 Vienna Aquatic - 195.0 Lee Graham
Laurel Hill,Week3,Pleasant Valley,Week3,236.0 Laurel Hill - 166.0 Pleasant Valley
Laurel Hill,Week1,Village West,Week4,226.0 Village West - 171.0 Laurel Hill
Lee Graham,Week3,Vienna Aquatic,Week1,213.0 Vienna Aquatic - 189.0 Lee Graham
Laurel Hill,Week5,Pleasant Valley,Week5,255.5 Laurel Hill - 137.5 Pleasant Valley
Laurel Hill,Week1,Virginia Hills,Week2,269.0 Laurel Hill - 125.0 Virginia Hills
Laurel Hill,Week1,Virginia Hills,Week3,265.0 Laurel Hill - 136.0 Virginia Hills
Lee Graham,Week1,Rolling Hills,Week5,301.0 Lee Graham - 101.0 Rolling Hills
Lee Graham,Week2,Vienna Aquatic,Week5,240.0 Vienna Aquatic - 162.0 Lee Graham
Laurel Hill,Week5,Sleepy Hollow B & R,Week1,247.5 Sleepy Hollow B & R - 153.5 Laurel Hill
Lee Graham,Week3,Rolling Hills,Week3,312.0 Lee Graham - 90.0 Rolling Hills
Lee Graham,Week2,Rolling Forest,Week2,306.0 Lee Graham - 96.0 Rolling Forest
Laurel Hill,Week2,Hollin Meadows,Week1,307.0 Hollin Meadows - 95.0 Laurel Hill
Laurel Hill,Week1,Sleepy Hollow Rec,Week3,236.0 Sleepy Hollow Rec - 166.0 Laurel Hill
Laurel Hill,Week3,Village West,Week4,212.0 Laurel Hill - 185.0 Village West
Laurel Hill,Week4,Hollin Meadows,Week4,290.0 Hollin Meadows - 112.0 Laurel Hill
Laurel Hill,Week1,Poplar Heights,Week1,289.0 Poplar Heights - 112.0 Laurel Hill
Laurel Hill,Week3,Sleepy Hollow Rec,Week1,211.0 Laurel Hill - 191.0 Sleepy Hollow Rec
Laurel Hill,Week2,Virginia Hills,Week2,266.0 Laurel Hill - 129.0 Virginia Hills
Laurel Hill,Week1,Virginia Hills,Week5,246.0 Laurel Hill - 151.0 Virginia Hills
Laurel Hill,Week5,Pleasant Valley,Week3,248.0 Laurel Hill - 153.0 Pleasant Valley
Lee Graham,Week3,Vienna Aquatic,Week3,215.0 Vienna Aquatic - 187.0 Lee Graham
Lee Graham,Week2,Vienna Aquatic,Week3,228.0 Vienna Aquatic - 174.0 Lee Graham
Laurel Hill,Week2,Hollin Meadows,Week2,287.0 Hollin Meadows - 115.0 Laurel Hill
Lee Graham,Week3,Rolling Hills,Week1,320.0 Lee Graham - 82.0 Rolling Hills
Lee Graham,Week1,Rolling Hills,Week3,304.0 Lee Graham - 98.0 Rolling Hills
Laurel Hill,Week4,Pleasant Valley,Week5,235.0 Laurel Hill - 158.0 Pleasant Valley
Lee Graham,Week1,Vienna Aquatic,Week2,210.0 Vienna Aquatic - 192.0 Lee Graham
Laurel Hill,Week3,Sleepy Hollow B & R,Week2,279.0 Sleepy Hollow B & R - 119.0 Laurel Hill
Lee Graham,Week2,Vienna Aquatic,Week4,206.5 Vienna Aquatic - 195.5 Lee Graham
Laurel Hill,Week4,Pleasant Valley,Week1,245.0 Laurel Hill - 156.0 Pleasant Valley
Laurel Hill,Week3,Hollin Meadows,Week2,271.0 Hollin Meadows - 131.0 Laurel Hill
Laurel Hill,Week4,Hollin Meadows,Week1,289.0 Hollin Meadows - 113.0 Laurel Hill
Laurel Hill,Week3,Sleepy Hollow Rec,Week2,210.0 Laurel Hill - 192.0 Sleepy Hollow Rec
Laurel Hill,Week2,Virginia Hills,Week4,263.0 Laurel Hill - 137.0 Virginia Hills
Lee Graham,Week4,Vienna Aquatic,Week3,215.0 Vienna Aquatic - 187.0 Lee Graham
Lee Graham,Week4,Vienna Aquatic,Week1,203.5 Vienna Aquatic - 198.5 Lee Graham
Lee Graham,Week3,Vienna Aquatic,Week2,208.0 Vienna Aquatic - 194.0 Lee Graham
Laurel Hill,Week3,Village West,Week5,209.0 Laurel Hill - 191.0 Village West
Laurel Hill,Week4,Sleepy Hollow B & R,Week5,309.0 Sleepy Hollow B & R - 93.0 Laurel Hill
Laurel Hill,Week1,Poplar Heights,Week2,301.0 Poplar Heights - 100.0 Laurel Hill
Laurel Hill,Week1,Poplar Heights,Week4,310.0 Poplar Heights - 91.0 Laurel Hill
Lee Graham,Week2,Rolling Valley,Week5,348.0 Lee Graham - 54.0 Rolling Valley
Laurel Hill,Week4,Village West,Week4,210.0 Village West - 186.0 Laurel Hill
Laurel Hill,Week2,Sleepy Hollow Rec,Week1,231.0 Sleepy Hollow Rec - 166.0 Laurel Hill
Lee Graham,Week3,Vienna Aquatic,Week4,203.0 Lee Graham - 199.0 Vienna Aquatic
Laurel Hill,Week5,Hollin Meadows,Week2,248.0 Hollin Meadows - 154.0 Laurel Hill
Lee Graham,Week1,Rolling Valley,Week4,336.0 Lee Graham - 66.0 Rolling Valley
Laurel Hill,Week1,Poplar Heights,Week3,306.0 Poplar Heights - 96.0 Laurel Hill
Laurel Hill,Week4,Holmes Run Acres,Week1,265.0 Holmes Run Acres - 137.0 Laurel Hill
Laurel Hill,Week5,Hollin Meadows,Week4,255.5 Hollin Meadows - 146.5 Laurel Hill
Laurel Hill,Week2,Old Keene Mill,Week4,241.0 Old Keene Mill - 161.0 Laurel Hill
Lee Graham,Week2,Rolling Valley,Week2,344.0 Lee Graham - 58.0 Rolling Valley
Laurel Hill,Week4,Sleepy Hollow B & R,Week2,298.0 Sleepy Hollow B & R - 103.0 Laurel Hill
Laurel Hill,Week4,Sleepy Hollow B & R,Week4,302.0 Sleepy Hollow B & R - 100.0 Laurel Hill
Lee Graham,Week3,Rolling Valley,Week2,346.0 Lee Graham - 56.0 Rolling Valley
Lee Graham,Week1,Rolling Valley,Week2,345.0 Lee Graham - 57.0 Rolling Valley
Laurel Hill,Week1,Village West,Week2,216.5 Village West - 185.5 Laurel Hill
Laurel Hill,Week4,Sleepy Hollow B & R,Week1,272.0 Sleepy Hollow B & R - 129.0 Laurel Hill
Laurel Hill,Week4,Hollin Meadows,Week5,299.0 Hollin Meadows - 103.0 Laurel Hill
Laurel Hill,Week3,Holmes Run Acres,Week3,295.0 Holmes Run Acres - 107.0 Laurel Hill
Laurel Hill,Week4,Holmes Run Acres,Week5,292.0 Holmes Run Acres - 110.0 Laurel Hill
Lee Graham,Week5,Vienna Aquatic,Week1,213.0 Vienna Aquatic - 189.0 Lee Graham
Laurel Hill,Week3,Sleepy Hollow B & R,Week4,296.0 Sleepy Hollow B & R - 106.0 Laurel Hill
Laurel Hill,Week1,Village West,Week5,210.0 Village West - 190.0 Laurel Hill
Laurel Hill,Week4,Oakton ,Week4,322.5 Oakton - 79.5 Laurel Hill
Lee Graham,Week1,Rolling Hills,Week4,305.5 Lee Graham - 96.5 Rolling Hills
Laurel Hill,Week5,Village West,Week2,219.0 Laurel Hill - 182.0 Village West
Lee Graham,Week4,Vienna Aquatic,Week2,208.0 Vienna Aquatic - 194.0 Lee Graham
Laurel Hill,Week4,Old Keene Mill,Week3,231.0 Old Keene Mill - 171.0 Laurel Hill
Lee Graham,Week4,Vienna Aquatic,Week5,244.0 Vienna Aquatic - 158.0 Lee Graham
Lee Graham,Week1,Vienna Woods,Week2,227.0 Vienna Woods - 175.0 Lee Graham
Laurel Hill,Week1,Hunt Valley,Week2,311.0 Hunt Valley - 91.0 Laurel Hill
Laurel Hill,Week5,Holmes Run Acres,Week5,270.0 Holmes Run Acres - 132.0 Laurel Hill
Laurel Hill,Week5,Old Keene Mill,Week1,207.0 Laurel Hill - 193.0 Old Keene Mill
Lee Graham,Week5,Vienna Aquatic,Week4,207.0 Lee Graham - 195.0 Vienna Aquatic
Laurel Hill,Week5,Holmes Run Acres,Week3,271.0 Holmes Run Acres - 130.0 Laurel Hill
Laurel Hill,Week4,Village West,Week2,217.0 Village West - 184.0 Laurel Hill
Laurel Hill,Week3,Sleepy Hollow B & R,Week5,299.0 Sleepy Hollow B & R - 102.0 Laurel Hill
Laurel Hill,Week4,Oakton ,Week3,310.0 Oakton - 92.0 Laurel Hill
Laurel Hill,Week3,Village West,Week3,201.0 Village West - 199.0 Laurel Hill
Laurel Hill,Week5,Holmes Run Acres,Week4,243.0 Holmes Run Acres - 158.0 Laurel Hill
Laurel Hill,Week3,Old Keene Mill,Week4,207.0 Old Keene Mill - 194.0 Laurel Hill
Lee Graham,Week1,Vienna Woods,Week3,225.0 Vienna Woods - 177.0 Lee Graham
Laurel Hill,Week4,Sleepy Hollow B & R,Week3,298.0 Sleepy Hollow B & R - 104.0 Laurel Hill
Laurel Hill,Week1,Sleepy Hollow Rec,Week5,227.0 Sleepy Hollow Rec - 174.0 Laurel Hill
Laurel Hill,Week1,Hunt Valley,Week4,318.0 Hunt Valley - 84.0 Laurel Hill
Lee Graham,Week4,Rolling Hills,Week3,296.0 Lee Graham - 106.0 Rolling Hills
Lee Graham,Week5,Rolling Hills,Week1,312.0 Lee Graham - 90.0 Rolling Hills
Laurel Hill,Week5,Sleepy Hollow B & R,Week5,285.0 Sleepy Hollow B & R - 116.0 Laurel Hill
Laurel Hill,Week2,Old Keene Mill,Week2,242.0 Old Keene Mill - 160.0 Laurel Hill
Laurel Hill,Week5,Village West,Week1,220.0 Laurel Hill - 182.0 Village West
Laurel Hill,Week1,Sleepy Hollow Rec,Week1,233.0 Sleepy Hollow Rec - 168.0 Laurel Hill
Laurel Hill,Week1,Village West,Week1,224.0 Village West - 177.0 Laurel Hill
Lee Graham,Week1,Vienna Woods,Week1,230.0 Vienna Woods - 172.0 Lee Graham
Lee Graham,Week5,Rolling Hills,Week2,292.0 Lee Graham - 110.0 Rolling Hills
Laurel Hill,Week2,Old Keene Mill,Week5,264.0 Old Keene Mill - 133.0 Laurel Hill
Laurel Hill,Week5,Sleepy Hollow B & R,Week2,264.0 Sleepy Hollow B & R - 137.0 Laurel Hill
Lee Graham,Week4,Rolling Hills,Week1,300.0 Lee Graham - 102.0 Rolling Hills
Lee Graham,Week4,Rolling Hills,Week5,306.0 Lee Graham - 96.0 Rolling Hills
Laurel Hill,Week1,Village West,Week3,227.5 Village West - 172.5 Laurel Hill
Lee Graham,Week3,Rolling Hills,Week4,314.0 Lee Graham - 88.0 Rolling Hills
Lee Graham,Week5,Vienna Aquatic,Week3,218.0 Vienna Aquatic - 184.0 Lee Graham
Laurel Hill,Week5,Holmes Run Acres,Week2,227.0 Holmes Run Acres - 174.0 Laurel Hill
Lee Graham,Week2,Vienna Woods,Week3,218.0 Vienna Woods - 184.0 Lee Graham
Laurel Hill,Week5,Oakton ,Week2,303.0 Oakton - 99.0 Laurel Hill
Lee Graham,Week3,Vienna Woods,Week3,212.5 Vienna Woods - 189.5 Lee Graham
Lee Graham,Week2,Rolling Valley,Week1,367.0 Lee Graham - 35.0 Rolling Valley
Lee Graham,Week4,Rolling Hills,Week4,304.0 Lee Graham - 98.0 Rolling Hills
Laurel Hill,Week2,Village West,Week3,253.0 Village West - 149.0 Laurel Hill
Laurel Hill,Week4,Sleepy Hollow Rec,Week1,202.0 Sleepy Hollow Rec - 200.0 Laurel Hill
Laurel Hill,Week3,Sleepy Hollow Rec,Week3,212.0 Sleepy Hollow Rec - 189.0 Laurel Hill
Laurel Hill,Week1,Old Keene Mill,Week2,244.0 Old Keene Mill - 157.0 Laurel Hill
Laurel Hill,Week2,Sleepy Hollow Rec,Week5,248.0 Sleepy Hollow Rec - 150.0 Laurel Hill
Laurel Hill,Week4,Holmes Run Acres,Week4,272.0 Holmes Run Acres - 130.0 Laurel Hill
Laurel Hill,Week2,Sleepy Hollow Rec,Week3,266.0 Sleepy Hollow Rec - 136.0 Laurel Hill
Lee Graham,Week3,Vienna Woods,Week1,229.0 Vienna Woods - 173.0 Lee Graham
Lee Graham,Week2,Rolling Hills,Week4,313.0 Lee Graham - 89.0 Rolling Hills
Laurel Hill,Week2,Village West,Week5,224.0 Village West - 172.0 Laurel Hill
Lee Graham,Week3,Rolling Hills,Week2,306.0 Lee Graham - 96.0 Rolling Hills
Laurel Hill,Week5,Oakton ,Week3,287.0 Oakton - 110.0 Laurel Hill
Lee Graham,Week3,Vienna Woods,Week2,207.0 Vienna Woods - 195.0 Lee Graham
Laurel Hill,Week4,Holmes Run Acres,Week2,261.0 Holmes Run Acres - 141.0 Laurel Hill
Lee Graham,Week2,Vienna Woods,Week4,203.5 Vienna Woods - 198.5 Lee Graham
Laurel Hill,Week1,Hunt Valley,Week3,323.0 Hunt Valley - 79.0 Laurel Hill
Laurel Hill,Week4,Village West,Week5,215.0 Village West - 185.0 Laurel Hill
Lee Graham,Week1,Rolling Valley,Week1,362.0 Lee Graham - 40.0 Rolling Valley
Laurel Hill,Week1,Hunt Valley,Week5,332.0 Hunt Valley - 70.0 Laurel Hill
Laurel Hill,Week5,Village West,Week3,203.0 Village West - 198.0 Laurel Hill
Laurel Hill,Week4,Oakton ,Week1,311.0 Oakton - 91.0 Laurel Hill
Laurel Hill,Week4,Oakton ,Week2,319.0 Oakton - 83.0 Laurel Hill
Laurel Hill,Week2,Holmes Run Acres,Week4,285.0 Holmes Run Acres - 116.0 Laurel Hill
Laurel Hill,Week4,Village West,Week3,235.0 Village West - 166.0 Laurel Hill
Laurel Hill,Week3,Sleepy Hollow Rec,Week4,214.0 Laurel Hill - 187.0 Sleepy Hollow Rec
Laurel Hill,Week5,Village West,Week5,210.0 Laurel Hill - 190.0 Village West
Lee Graham,Week5,Vienna Aquatic,Week2,206.0 Lee Graham - 196.0 Vienna Aquatic
Laurel Hill,Week2,Old Keene Mill,Week1,238.0 Old Keene Mill - 162.0 Laurel Hill
Lee Graham,Week2,Vienna Woods,Week1,237.0 Vienna Woods - 165.0 Lee Graham
Lee Graham,Week2,Rolling Hills,Week3,307.0 Lee Graham - 95.0 Rolling Hills
Lee Graham,Week4,Rolling Hills,Week2,297.0 Lee Graham - 105.0 Rolling Hills
Laurel Hill,Week1,Old Keene Mill,Week5,261.5 Old Keene Mill - 139.5 Laurel Hill
Lee Graham,Week5,Rolling Hills,Week3,309.0 Lee Graham - 93.0 Rolling Hills
Lee Graham,Week3,Vienna Woods,Week4,210.0 Lee Graham - 192.0 Vienna Woods
Laurel Hill,Week4,Sleepy Hollow Rec,Week2,202.0 Sleepy Hollow Rec - 200.0 Laurel Hill
Laurel Hill,Week2,Village West,Week4,218.0 Village West - 178.0 Laurel Hill
Laurel Hill,Week1,Old Keene Mill,Week1,242.0 Old Keene Mill - 156.0 Laurel Hill
Laurel Hill,Week2,Village West,Week2,228.0 Village West - 173.0 Laurel Hill
Laurel Hill,Week1,Old Keene Mill,Week3,254.0 Old Keene Mill - 147.0 Laurel Hill
Lee Graham,Week2,Rolling Hills,Week2,298.0 Lee Graham - 104.0 Rolling Hills
Laurel Hill,Week1,Holmes Run Acres,Week4,262.0 Holmes Run Acres - 136.0 Laurel Hill
Laurel Hill,Week3,Village West,Week1,210.0 Laurel Hill - 192.0 Village West
Laurel Hill,Week3,Holmes Run Acres,Week2,255.0 Holmes Run Acres - 146.0 Laurel Hill
Laurel Hill,Week5,Sleepy Hollow Rec,Week3,202.0 Laurel Hill - 200.0 Sleepy Hollow Rec
Laurel Hill,Week4,Sleepy Hollow Rec,Week4,203.0 Sleepy Hollow Rec - 199.0 Laurel Hill
Laurel Hill,Week5,Sleepy Hollow Rec,Week1,204.0 Laurel Hill - 198.0 Sleepy Hollow Rec
Laurel Hill,Week4,Oakton ,Week5,322.0 Oakton - 80.0 Laurel Hill
Laurel Hill,Week5,Village West,Week4,207.0 Laurel Hill - 190.0 Village West
Laurel Hill,Week1,Hunt Valley,Week1,302.0 Hunt Valley - 100.0 Laurel Hill
Laurel Hill,Week1,Holmes Run Acres,Week2,261.0 Holmes Run Acres - 137.0 Laurel Hill
Lee Graham,Week2,Vienna Woods,Week2,235.0 Vienna Woods - 167.0 Lee Graham
Laurel Hill,Week1,Somerset-Olde Creek,Week3,250.0 Laurel Hill - 142.0 Somerset-Olde Creek
Lee Graham,Week2,Rolling Hills,Week5,312.0 Lee Graham - 90.0 Rolling Hills
Lee Graham,Week5,Vienna Aquatic,Week5,233.0 Vienna Aquatic - 169.0 Lee Graham
Laurel Hill,Week2,Holmes Run Acres,Week1,292.0 Holmes Run Acres - 110.0 Laurel Hill
Laurel Hill,Week2,Holmes Run Acres,Week5,308.0 Holmes Run Acres - 94.0 Laurel Hill
Laurel Hill,Week1,Virginia Hills,Week4,264.0 Laurel Hill - 133.0 Virginia Hills
Lee Graham,Week2,Vienna Woods,Week5,267.0 Vienna Woods - 135.0 Lee Graham
Laurel Hill,Week3,Holmes Run Acres,Week5,292.0 Holmes Run Acres - 110.0 Laurel Hill
Laurel Hill,Week4,Brandywine,Week4,285.0 Brandywine - 117.0 Laurel Hill
Laurel Hill,Week5,Oakton ,Week5,306.0 Oakton - 96.0 Laurel Hill
Laurel Hill,Week2,Virginia Hills,Week1,260.0 Laurel Hill - 139.0 Virginia Hills
Laurel Hill,Week2,Somerset-Olde Creek,Week2,244.0 Laurel Hill - 146.0 Somerset-Olde Creek
Lee Graham,Week1,Rolling Valley,Week5,345.0 Lee Graham - 57.0 Rolling Valley
Laurel Hill,Week1,Somerset-Olde Creek,Week1,234.0 Laurel Hill - 154.0 Somerset-Olde Creek
Laurel Hill,Week1,Holmes Run Acres,Week3,285.0 Holmes Run Acres - 113.0 Laurel Hill
Laurel Hill,Week1,Holmes Run Acres,Week5,292.0 Holmes Run Acres - 104.0 Laurel Hill
Lee Graham,Week2,Rolling Hills,Week1,308.0 Lee Graham - 94.0 Rolling Hills
Laurel Hill,Week1,Somerset-Olde Creek,Week5,208.0 Laurel Hill - 183.0 Somerset-Olde Creek
Laurel Hill,Week1,Somerset-Olde Creek,Week4,235.0 Laurel Hill - 164.0 Somerset-Olde Creek
Lee Graham,Week5,Rolling Hills,Week5,310.0 Lee Graham - 92.0 Rolling Hills
Laurel Hill,Week5,Oakton ,Week1,289.0 Oakton - 113.0 Laurel Hill
Lee Graham,Week1,Vienna Woods,Week5,261.0 Vienna Woods - 141.0 Lee Graham
Laurel Hill,Week3,Old Keene Mill,Week1,206.0 Laurel Hill - 192.0 Old Keene Mill
Laurel Hill,Week4,Village West,Week1,207.0 Village West - 195.0 Laurel Hill
Lee Graham,Week5,Vienna Woods,Week2,207.0 Vienna Woods - 195.0 Lee Graham
Lee Graham,Week5,Vienna Woods,Week3,206.0 Vienna Woods - 196.0 Lee Graham
Laurel Hill,Week3,Somerset-Olde Creek,Week1,270.0 Laurel Hill - 131.0 Somerset-Olde Creek
Laurel Hill,Week2,Holmes Run Acres,Week2,278.0 Holmes Run Acres - 124.0 Laurel Hill
Laurel Hill,Week5,Oakton ,Week4,306.0 Oakton - 96.0 Laurel Hill
Laurel Hill,Week2,Virginia Hills,Week3,257.0 Laurel Hill - 143.0 Virginia Hills
Laurel Hill,Week3,Virginia Hills,Week5,273.0 Laurel Hill - 120.0 Virginia Hills
Laurel Hill,Week2,Somerset-Olde Creek,Week3,237.0 Laurel Hill - 149.0 Somerset-Olde Creek
Laurel Hill,Week4,Virginia Hills,Week5,273.0 Laurel Hill - 125.0 Virginia Hills
Laurel Hill,Week2,Somerset-Olde Creek,Week5,214.0 Laurel Hill - 177.0 Somerset-Olde Creek
Lee Graham,Week4,Vienna Aquatic,Week4,211.0 Vienna Aquatic - 191.0 Lee Graham
Lee Graham,Week5,Rolling Hills,Week4,306.0 Lee Graham - 96.0 Rolling Hills
Laurel Hill,Week1,Virginia Hills,Week1,266.0 Laurel Hill - 131.0 Virginia Hills
Lee Graham,Week1,Rolling Valley,Week3,335.0 Lee Graham - 67.0 Rolling Valley
Laurel Hill,Week1,Old Keene Mill,Week4,227.0 Old Keene Mill - 171.0 Laurel Hill
Laurel Hill,Week2,Old Keene Mill,Week3,248.0 Old Keene Mill - 154.0 Laurel Hill
Laurel Hill,Week3,Old Keene Mill,Week2,209.0 Old Keene Mill - 193.0 Laurel Hill
Lee Graham,Week3,Rolling Hills,Week5,317.0 Lee Graham - 85.0 Rolling Hills
Lee Graham,Week1,Vienna Woods,Week4,212.0 Vienna Woods - 190.0 Lee Graham
Laurel Hill,Week3,Holmes Run Acres,Week1,252.0 Holmes Run Acres - 149.0 Laurel Hill
Lee Graham,Week2,Rolling Valley,Week3,353.0 Lee Graham - 49.0 Rolling Valley
Laurel Hill,Week4,Virginia Run,Week1,306.0 Virginia Run - 96.0 Laurel Hill
Laurel Hill,Week4,Old Keene Mill,Week4,209.0 Old Keene Mill - 193.0 Laurel Hill
Laurel Hill,Week2,Holmes Run Acres,Week3,309.0 Holmes Run Acres - 93.0 Laurel Hill
Lee Graham,Week1,Villa Aquatic,Week2,295.0 Lee Graham - 107.0 Villa Aquatic
Laurel Hill,Week3,Old Keene Mill,Week3,224.0 Old Keene Mill - 177.0 Laurel Hill
Lee Graham,Week2,Villa Aquatic,Week4,288.0 Lee Graham - 114.0 Villa Aquatic
Laurel Hill,Week1,Holmes Run Acres,Week1,265.0 Holmes Run Acres - 133.0 Laurel Hill
Lee Graham,Week3,Rolling Valley,Week4,342.0 Lee Graham - 60.0 Rolling Valley
Laurel Hill,Week3,Somerset-Olde Creek,Week4,249.0 Laurel Hill - 153.0 Somerset-Olde Creek
Laurel Hill,Week2,Somerset-Olde Creek,Week1,230.0 Laurel Hill - 156.0 Somerset-Olde Creek
Laurel Hill,Week5,Holmes Run Acres,Week1,234.0 Holmes Run Acres - 167.0 Laurel Hill
Lee Graham,Week2,Rolling Valley,Week4,342.0 Lee Graham - 60.0 Rolling Valley
Laurel Hill,Week3,Virginia Run,Week4,288.0 Virginia Run - 114.0 Laurel Hill
Laurel Hill,Week3,Somerset-Olde Creek,Week2,268.0 Laurel Hill - 133.0 Somerset-Olde Creek
Laurel Hill,Week5,Virginia Hills,Week2,303.0 Laurel Hill - 94.0 Virginia Hills
Laurel Hill,Week1,Virginia Run,Week2,285.0 Virginia Run - 117.0 Laurel Hill
Laurel Hill,Week3,Holmes Run Acres,Week4,270.0 Holmes Run Acres - 132.0 Laurel Hill
Laurel Hill,Week4,Holmes Run Acres,Week3,302.0 Holmes Run Acres - 100.0 Laurel Hill
Laurel Hill,Week4,Old Keene Mill,Week2,221.0 Old Keene Mill - 181.0 Laurel Hill
Lee Graham,Week4,Rolling Valley,Week4,339.0 Lee Graham - 63.0 Rolling Valley
Laurel Hill,Week3,Virginia Run,Week1,294.0 Virginia Run - 108.0 Laurel Hill
Lee Graham,Week2,Villa Aquatic,Week2,304.0 Lee Graham - 98.0 Villa Aquatic
Laurel Hill,Week2,Somerset-Olde Creek,Week4,228.0 Laurel Hill - 164.0 Somerset-Olde Creek
Laurel Hill,Week4,Old Keene Mill,Week1,230.0 Old Keene Mill - 171.0 Laurel Hill
Laurel Hill,Week1,Somerset-Olde Creek,Week2,244.0 Laurel Hill - 151.0 Somerset-Olde Creek
Laurel Hill,Week3,Old Keene Mill,Week5,222.0 Old Keene Mill - 179.0 Laurel Hill
Lee Graham,Week3,Rolling Valley,Week1,364.0 Lee Graham - 38.0 Rolling Valley
Lee Graham,Week4,Vienna Woods,Week5,242.0 Vienna Woods - 160.0 Lee Graham
Lee Graham,Week3,Villa Aquatic,Week5,286.0 Lee Graham - 116.0 Villa Aquatic
Lee Graham,Week3,Rutherford,Week4,320.0 Lee Graham - 82.0 Rutherford
Laurel Hill,Week4,Hunt Valley,Week2,322.0 Hunt Valley - 80.0 Laurel Hill
Laurel Hill,Week5,Hunt Valley,Week2,286.0 Hunt Valley - 116.0 Laurel Hill
Laurel Hill,Week5,Virginia Hills,Week3,295.0 Laurel Hill - 107.0 Virginia Hills
Lee Graham,Week3,Rutherford,Week3,319.0 Lee Graham - 83.0 Rutherford
Lee Graham,Week1,Villa Aquatic,Week3,265.0 Lee Graham - 137.0 Villa Aquatic
Laurel Hill,Week4,Hunt Valley,Week5,337.0 Hunt Valley - 65.0 Laurel Hill
Laurel Hill,Week4,Hunt Valley,Week3,328.0 Hunt Valley - 74.0 Laurel Hill
Lee Graham,Week3,Rutherford,Week2,333.0 Lee Graham - 69.0 Rutherford
Laurel Hill,Week4,Old Keene Mill,Week5,251.0 Old Keene Mill - 150.0 Laurel Hill
Laurel Hill,Week4,Virginia Hills,Week4,297.0 Laurel Hill - 104.0 Virginia Hills
Lee Graham,Week5,Vienna Woods,Week1,208.0 Vienna Woods - 194.0 Lee Graham
Laurel Hill,Week4,Virginia Run,Week3,286.0 Virginia Run - 116.0 Laurel Hill
Laurel Hill,Week1,Orange Hunt,Week2,274.0 Orange Hunt - 128.0 Laurel Hill
Lee Graham,Week5,Rolling Valley,Week1,362.0 Lee Graham - 40.0 Rolling Valley
Laurel Hill,Week5,Orange Hunt,Week3,250.0 Orange Hunt - 152.0 Laurel Hill
Laurel Hill,Week1,Orange Hunt,Week4,281.0 Orange Hunt - 120.0 Laurel Hill
Lee Graham,Week5,Vienna Woods,Week5,235.0 Vienna Woods - 167.0 Lee Graham
Lee Graham,Week4,Villa Aquatic,Week2,301.0 Lee Graham - 101.0 Villa Aquatic
Laurel Hill,Week5,Sleepy Hollow Rec,Week5,219.0 Laurel Hill - 183.0 Sleepy Hollow Rec
Laurel Hill,Week4,Brandywine,Week5,287.0 Brandywine - 115.0 Laurel Hill
Laurel Hill,Week3,Somerset-Olde Creek,Week3,269.0 Laurel Hill - 128.0 Somerset-Olde Creek
Laurel Hill,Week4,Hunt Valley,Week1,307.0 Hunt Valley - 95.0 Laurel Hill
Lee Graham,Week1,Rutherford,Week1,332.0 Lee Graham - 70.0 Rutherford
Lee Graham,Week4,Vienna Woods,Week1,211.0 Vienna Woods - 191.0 Lee Graham
Laurel Hill,Week3,Virginia Hills,Week3,306.0 Laurel Hill - 95.0 Virginia Hills
Laurel Hill,Week4,Orange Hunt,Week5,281.0 Orange Hunt - 121.0 Laurel Hill
Laurel Hill,Week1,Overlee,Week3,328.0 Overlee - 74.0 Laurel Hill
Laurel Hill,Week4,Virginia Hills,Week3,293.0 Laurel Hill - 109.0 Virginia Hills
Laurel Hill,Week2,Virginia Run,Week2,286.0 Virginia Run - 116.0 Laurel Hill
Laurel Hill,Week3,Hunt Valley,Week2,304.0 Hunt Valley - 98.0 Laurel Hill
Laurel Hill,Week2,Hunt Valley,Week2,327.5 Hunt Valley - 74.5 Laurel Hill
Lee Graham,Week3,Vienna Woods,Week5,246.0 Vienna Woods - 156.0 Lee Graham
Laurel Hill,Week2,Virginia Run,Week5,329.0 Virginia Run - 73.0 Laurel Hill
Lee Graham,Week3,Rutherford,Week5,331.0 Lee Graham - 71.0 Rutherford
Laurel Hill,Week5,Hunt Valley,Week5,322.0 Hunt Valley - 80.0 Laurel Hill
Lee Graham,Week2,Rutherford,Week1,336.5 Lee Graham - 65.5 Rutherford
Laurel Hill,Week4,Virginia Hills,Week1,297.0 Laurel Hill - 104.0 Virginia Hills
Laurel Hill,Week1,Hunter Mill,Week1,297.0 Hunter Mill - 105.0 Laurel Hill
Laurel Hill,Week3,Virginia Run,Week2,266.0 Virginia Run - 136.0 Laurel Hill
Lee Graham,Week1,Village West,Week5,312.0 Lee Graham - 85.0 Village West
Lee Graham,Week3,Rutherford,Week1,337.0 Lee Graham - 65.0 Rutherford
Laurel Hill,Week1,Virginia Run,Week5,307.0 Virginia Run - 95.0 Laurel Hill
Laurel Hill,Week1,Orange Hunt,Week5,285.0 Orange Hunt - 115.0 Laurel Hill
Lee Graham,Week4,Rolling Valley,Week3,341.0 Lee Graham - 61.0 Rolling Valley
Laurel Hill,Week3,Hunt Valley,Week4,308.0 Hunt Valley - 94.0 Laurel Hill
Lee Graham,Week1,Villa Aquatic,Week4,273.0 Lee Graham - 129.0 Villa Aquatic
Laurel Hill,Week1,Hunter Mill,Week3,307.0 Hunter Mill - 95.0 Laurel Hill
Lee Graham,Week1,Rutherford,Week4,312.0 Lee Graham - 90.0 Rutherford
Laurel Hill,Week3,Virginia Hills,Week4,301.0 Laurel Hill - 97.0 Virginia Hills
Lee Graham,Week5,Rolling Valley,Week2,346.0 Lee Graham - 56.0 Rolling Valley
Lee Graham,Week4,Vienna Woods,Week3,227.0 Vienna Woods - 175.0 Lee Graham
Laurel Hill,Week2,Hunt Valley,Week5,343.0 Hunt Valley - 59.0 Laurel Hill
Laurel Hill,Week3,Orange Hunt,Week1,262.0 Orange Hunt - 140.0 Laurel Hill
Laurel Hill,Week4,Orange Hunt,Week3,264.0 Orange Hunt - 138.0 Laurel Hill
Laurel Hill,Week2,Virginia Run,Week4,313.0 Virginia Run - 89.0 Laurel Hill
Lee Graham,Week2,Rutherford,Week3,316.0 Lee Graham - 86.0 Rutherford
Lee Graham,Week4,Vienna Woods,Week4,203.0 Lee Graham - 199.0 Vienna Woods
Lee Graham,Week2,Villa Aquatic,Week1,303.0 Lee Graham - 99.0 Villa Aquatic
Laurel Hill,Week2,Orange Hunt,Week4,295.0 Orange Hunt - 102.0 Laurel Hill
Lee Graham,Week1,Villa Aquatic,Week1,292.0 Lee Graham - 110.0 Villa Aquatic
Laurel Hill,Week3,Hunt Valley,Week5,322.0 Hunt Valley - 80.0 Laurel Hill
Laurel Hill,Week3,Virginia Hills,Week1,296.0 Laurel Hill - 102.0 Virginia Hills
Lee Graham,Week2,Rutherford,Week4,321.0 Lee Graham - 81.0 Rutherford
Laurel Hill,Week2,Orange Hunt,Week2,298.0 Orange Hunt - 104.0 Laurel Hill
Laurel Hill,Week3,Orange Hunt,Week2,264.0 Orange Hunt - 137.0 Laurel Hill
Laurel Hill,Week1,Hunter Mill,Week2,297.0 Hunter Mill - 102.0 Laurel Hill
Lee Graham,Week4,Rutherford,Week1,330.0 Lee Graham - 72.0 Rutherford
Lee Graham,Week1,Villa Aquatic,Week5,267.5 Lee Graham - 134.5 Villa Aquatic
Laurel Hill,Week1,Overlee,Week1,335.0 Overlee - 67.0 Laurel Hill
Lee Graham,Week2,Villa Aquatic,Week3,266.0 Lee Graham - 136.0 Villa Aquatic
Laurel Hill,Week1,Orange Hunt,Week3,282.0 Orange Hunt - 120.0 Laurel Hill
Lee Graham,Week4,Highlands Swim,Week4,229.0 Highlands Swim - 173.0 Lee Graham
Laurel Hill,Week5,Orange Hunt,Week2,247.0 Orange Hunt - 155.0 Laurel Hill
Lee Graham,Week4,Villa Aquatic,Week1,298.5 Lee Graham - 103.5 Villa Aquatic
Lee Graham,Week3,Rolling Valley,Week3,347.0 Lee Graham - 55.0 Rolling Valley
Lee Graham,Week3,Villa Aquatic,Week3,285.0 Lee Graham - 117.0 Villa Aquatic
Lee Graham,Week5,Vienna Woods,Week4,210.5 Lee Graham - 191.5 Vienna Woods
Lee Graham,Week4,Vienna Woods,Week2,209.0 Vienna Woods - 193.0 Lee Graham
Laurel Hill,Week2,Hunt Valley,Week1,328.0 Hunt Valley - 74.0 Laurel Hill
Laurel Hill,Week2,Virginia Hills,Week5,233.0 Laurel Hill - 160.0 Virginia Hills
Laurel Hill,Week2,Hunt Valley,Week3,335.0 Hunt Valley - 67.0 Laurel Hill
Lee Graham,Week4,Villa Aquatic,Week3,262.0 Lee Graham - 140.0 Villa Aquatic
Laurel Hill,Week4,Hunt Valley,Week4,322.0 Hunt Valley - 80.0 Laurel Hill
Laurel Hill,Week4,Virginia Hills,Week2,303.0 Laurel Hill - 96.0 Virginia Hills
Laurel Hill,Week3,Orange Hunt,Week3,265.0 Orange Hunt - 137.0 Laurel Hill
Lee Graham,Week4,Rolling Valley,Week1,362.0 Lee Graham - 40.0 Rolling Valley
Laurel Hill,Week5,Virginia Hills,Week1,298.0 Laurel Hill - 102.0 Virginia Hills
Lee Graham,Week4,Rolling Valley,Week2,337.0 Lee Graham - 65.0 Rolling Valley
Laurel Hill,Week3,Virginia Hills,Week2,312.0 Laurel Hill - 85.0 Virginia Hills
Lee Graham,Week3,Rolling Valley,Week5,343.0 Lee Graham - 59.0 Rolling Valley
Laurel Hill,Week5,Old Keene Mill,Week5,213.0 Old Keene Mill - 188.0 Laurel Hill
Laurel Hill,Week5,Hunt Valley,Week1,292.0 Hunt Valley - 110.0 Laurel Hill
Lee Graham,Week1,Rutherford,Week2,325.0 Lee Graham - 77.0 Rutherford
Laurel Hill,Week1,Overlee,Week4,367.0 Overlee - 35.0 Laurel Hill
Lee Graham,Week4,Highlands Swim,Week3,226.0 Highlands Swim - 176.0 Lee Graham
Laurel Hill,Week4,Orange Hunt,Week2,260.0 Orange Hunt - 142.0 Laurel Hill
Laurel Hill,Week1,Virginia Run,Week3,295.0 Virginia Run - 107.0 Laurel Hill
Laurel Hill,Week1,Virginia Run,Week1,311.0 Virginia Run - 91.0 Laurel Hill
Laurel Hill,Week3,Hunt Valley,Week1,289.0 Hunt Valley - 113.0 Laurel Hill
Laurel Hill,Week3,Hunt Valley,Week3,325.0 Hunt Valley - 77.0 Laurel Hill
Lee Graham,Week4,Villa Aquatic,Week5,271.0 Lee Graham - 131.0 Villa Aquatic
Lee Graham,Week2,Hollin Hills,Week1,355.0 Lee Graham - 46.0 Hollin Hills
Lee Graham,Week2,Villa Aquatic,Week5,284.0 Lee Graham - 118.0 Villa Aquatic
Lee Graham,Week1,Rutherford,Week5,321.0 Lee Graham - 81.0 Rutherford
Lee Graham,Week2,Hollin Hills,Week5,351.0 Lee Graham - 51.0 Hollin Hills
Lee Graham,Week1,Hollin Hills,Week4,352.0 Lee Graham - 49.0 Hollin Hills
Lee Graham,Week3,Highlands Swim,Week2,239.0 Highlands Swim - 163.0 Lee Graham
Lee Graham,Week4,Rolling Valley,Week5,342.0 Lee Graham - 60.0 Rolling Valley
Laurel Hill,Week5,Virginia Hills,Week4,298.0 Laurel Hill - 102.0 Virginia Hills
Laurel Hill,Week2,Virginia Run,Week1,329.0 Virginia Run - 73.0 Laurel Hill
Laurel Hill,Week2,Orange Hunt,Week3,305.0 Orange Hunt - 97.0 Laurel Hill
Laurel Hill,Week5,Old Keene Mill,Week3,203.0 Old Keene Mill - 199.0 Laurel Hill
Laurel Hill,Week5,Virginia Hills,Week5,281.0 Laurel Hill - 116.0 Virginia Hills
Laurel Hill,Week1,Virginia Run,Week4,290.5 Virginia Run - 111.5 Laurel Hill
Laurel Hill,Week5,Hunt Valley,Week4,298.0 Hunt Valley - 104.0 Laurel Hill
Lee Graham,Week1,Rutherford,Week3,308.0 Lee Graham - 94.0 Rutherford
Laurel Hill,Week3,Orange Hunt,Week4,269.0 Orange Hunt - 133.0 Laurel Hill
Lee Graham,Week3,Villa Aquatic,Week1,297.0 Lee Graham - 105.0 Villa Aquatic
Laurel Hill,Week5,Hunt Valley,Week3,307.0 Hunt Valley - 95.0 Laurel Hill
Lee Graham,Week5,Rolling Valley,Week3,344.0 Lee Graham - 58.0 Rolling Valley
Laurel Hill,Week2,Orange Hunt,Week5,304.0 Orange Hunt - 98.0 Laurel Hill
Lee Graham,Week3,Villa Aquatic,Week4,291.0 Lee Graham - 111.0 Villa Aquatic
Laurel Hill,Week2,Hunt Valley,Week4,329.0 Hunt Valley - 73.0 Laurel Hill
Lee Graham,Week3,Villa Aquatic,Week2,303.5 Lee Graham - 98.5 Villa Aquatic
Lee Graham,Week5,Rolling Valley,Week5,345.0 Lee Graham - 57.0 Rolling Valley
Lee Graham,Week5,Highlands Swim,Week4,229.0 Highlands Swim - 173.0 Lee Graham
Lee Graham,Week5,Villa Aquatic,Week3,280.0 Lee Graham - 122.0 Villa Aquatic
Lee Graham,Week5,Villa Aquatic,Week1,309.0 Lee Graham - 93.0 Villa Aquatic
Laurel Hill,Week5,Orange Hunt,Week1,244.0 Orange Hunt - 158.0 Laurel Hill
Lee Graham,Week5,Villa Aquatic,Week2,308.0 Lee Graham - 94.0 Villa Aquatic
Lee Graham,Week1,Hollin Hills,Week5,339.0 Lee Graham - 63.0 Hollin Hills
Lee Graham,Week1,Village West,Week1,328.5 Lee Graham - 73.5 Village West
Laurel Hill,Week1,Orange Hunt,Week1,274.5 Orange Hunt - 127.5 Laurel Hill
Lee Graham,Week2,Rutherford,Week2,324.0 Lee Graham - 78.0 Rutherford
Laurel Hill,Week1,Wakefield Chapel,Week4,324.0 Wakefield Chapel - 78.0 Laurel Hill
Laurel Hill,Week5,Virginia Run,Week1,275.0 Virginia Run - 127.0 Laurel Hill
Lee Graham,Week1,Village West,Week2,317.0 Lee Graham - 85.0 Village West
Lee Graham,Week3,Shouse Village,Week3,271.0 Lee Graham - 131.0 Shouse Village
Laurel Hill,Week2,Virginia Run,Week3,306.0 Virginia Run - 96.0 Laurel Hill
Laurel Hill,Week3,Orange Hunt,Week5,282.0 Orange Hunt - 120.0 Laurel Hill
Lee Graham,Week2,Shouse Village,Week3,275.0 Lee Graham - 127.0 Shouse Village
Lee Graham,Week5,Villa Aquatic,Week5,279.0 Lee Graham - 123.0 Villa Aquatic
Laurel Hill,Week3,Virginia Run,Week5,307.0 Virginia Run - 95.0 Laurel Hill
Lee Graham,Week4,Highlands Swim,Week2,223.0 Highlands Swim - 179.0 Lee Graham
Lee Graham,Week2,Hollin Hills,Week2,358.0 Lee Graham - 43.0 Hollin Hills
Laurel Hill,Week5,Old Keene Mill,Week2,203.0 Laurel Hill - 199.0 Old Keene Mill
Laurel Hill,Week4,Virginia Run,Week2,270.0 Virginia Run - 132.0 Laurel Hill
Laurel Hill,Week4,Orange Hunt,Week1,262.0 Orange Hunt - 140.0 Laurel Hill
Lee Graham,Week1,Village West,Week3,298.0 Lee Graham - 104.0 Village West
Lee Graham,Week2,Highlands Swim,Week4,227.5 Highlands Swim - 174.5 Lee Graham
Laurel Hill,Week3,Wakefield Chapel,Week4,329.0 Wakefield Chapel - 73.0 Laurel Hill
Lee Graham,Week5,Highlands Swim,Week5,235.0 Highlands Swim - 167.0 Lee Graham
Laurel Hill,Week5,Orange Hunt,Week4,264.0 Orange Hunt - 138.0 Laurel Hill
Lee Graham,Week2,Rutherford,Week5,319.0 Lee Graham - 83.0 Rutherford
Laurel Hill,Week2,Wakefield Chapel,Week4,349.0 Wakefield Chapel - 53.0 Laurel Hill
Lee Graham,Week5,Hollin Hills,Week2,356.0 Lee Graham - 45.0 Hollin Hills
Lee Graham,Week4,Highlands Swim,Week5,228.0 Highlands Swim - 174.0 Lee Graham
Laurel Hill,Week2,Orange Hunt,Week1,291.0 Orange Hunt - 111.0 Laurel Hill
Lee Graham,Week1,Shouse Village,Week3,270.0 Lee Graham - 132.0 Shouse Village
Lee Graham,Week4,Highlands Swim,Week1,216.0 Highlands Swim - 186.0 Lee Graham
Lee Graham,Week5,Villa Aquatic,Week4,294.0 Lee Graham - 108.0 Villa Aquatic
Lee Graham,Week5,Rolling Valley,Week4,343.0 Lee Graham - 59.0 Rolling Valley
Lee Graham,Week4,Shouse Village,Week1,295.0 Lee Graham - 107.0 Shouse Village
Laurel Hill,Week4,Orange Hunt,Week4,281.0 Orange Hunt - 121.0 Laurel Hill
Lee Graham,Week4,Rutherford,Week5,324.0 Lee Graham - 78.0 Rutherford
Laurel Hill,Week5,Old Keene Mill,Week4,212.0 Laurel Hill - 189.0 Old Keene Mill
Laurel Hill,Week3,Virginia Run,Week3,280.0 Virginia Run - 122.0 Laurel Hill
Lee Graham,Week4,Shouse Village,Week5,273.0 Lee Graham - 129.0 Shouse Village
Lee Graham,Week1,Hollin Meadows,Week2,277.0 Lee Graham - 125.0 Hollin Meadows
Laurel Hill,Week4,Virginia Run,Week4,300.5 Virginia Run - 101.5 Laurel Hill
Lee Graham,Week2,Village West,Week2,325.0 Lee Graham - 77.0 Village West
Lee Graham,Week5,Highlands Swim,Week1,219.5 Highlands Swim - 182.5 Lee Graham
Lee Graham,Week4,Shouse Village,Week2,287.0 Lee Graham - 115.0 Shouse Village
Laurel Hill,Week4,Wakefield Chapel,Week4,332.0 Wakefield Chapel - 70.0 Laurel Hill
Laurel Hill,Week2,Overlee,Week5,385.0 Overlee - 17.0 Laurel Hill
Lee Graham,Week4,Rutherford,Week3,311.0 Lee Graham - 91.0 Rutherford
Lee Graham,Week2,Village West,Week1,334.0 Lee Graham - 68.0 Village West
Laurel Hill,Week5,Orange Hunt,Week5,272.0 Orange Hunt - 130.0 Laurel Hill
Lee Graham,Week3,Hollin Hills,Week4,360.0 Lee Graham - 42.0 Hollin Hills
Lee Graham,Week5,Shouse Village,Week3,284.0 Lee Graham - 118.0 Shouse Village
Lee Graham,Week5,Highlands Swim,Week2,240.0 Highlands Swim - 162.0 Lee Graham
Laurel Hill,Week1,Overlee,Week5,365.0 Overlee - 37.0 Laurel Hill
Lee Graham,Week5,Hollin Hills,Week5,346.0 Lee Graham - 56.0 Hollin Hills
Laurel Hill,Week4,Wakefield Chapel,Week2,331.0 Wakefield Chapel - 71.0 Laurel Hill
Lee Graham,Week2,Highlands Swim,Week5,249.5 Highlands Swim - 152.5 Lee Graham
Lee Graham,Week2,Village West,Week3,314.0 Lee Graham - 88.0 Village West
Lee Graham,Week4,Rutherford,Week2,321.0 Lee Graham - 81.0 Rutherford
Laurel Hill,Week1,Overlee,Week2,354.0 Overlee - 48.0 Laurel Hill
Lee Graham,Week5,Shouse Village,Week4,273.0 Lee Graham - 129.0 Shouse Village
Lee Graham,Week4,Villa Aquatic,Week4,274.0 Lee Graham - 128.0 Villa Aquatic
Laurel Hill,Week4,Wakefield Chapel,Week5,351.0 Wakefield Chapel - 51.0 Laurel Hill
Lee Graham,Week1,Village West,Week4,310.0 Lee Graham - 87.0 Village West
Laurel Hill,Week4,Wakefield Chapel,Week1,329.0 Wakefield Chapel - 73.0 Laurel Hill
Laurel Hill,Week4,Wakefield Chapel,Week3,336.0 Wakefield Chapel - 66.0 Laurel Hill
Laurel Hill,Week3,Overlee,Week2,353.0 Overlee - 49.0 Laurel Hill
Laurel Hill,Week5,Wakefield Chapel,Week1,313.0 Wakefield Chapel - 89.0 Laurel Hill
Lee Graham,Week3,Village West,Week1,322.0 Lee Graham - 80.0 Village West
Laurel Hill,Week4,Overlee,Week2,362.0 Overlee - 40.0 Laurel Hill
Lee Graham,Week4,Hollin Hills,Week1,342.0 Lee Graham - 60.0 Hollin Hills
Laurel Hill,Week2,Parklawn,Week4,239.0 Parklawn - 156.0 Laurel Hill
Laurel Hill,Week3,Parklawn,Week3,215.0 Laurel Hill - 185.0 Parklawn
Laurel Hill,Week5,Wakefield Chapel,Week2,307.0 Wakefield Chapel - 95.0 Laurel Hill
Lee Graham,Week3,Village West,Week2,332.0 Lee Graham - 70.0 Village West
Lee Graham,Week3,Highlands Swim,Week1,214.0 Highlands Swim - 188.0 Lee Graham
Laurel Hill,Week1,Parklawn,Week4,230.0 Parklawn - 168.0 Laurel Hill
Laurel Hill,Week5,Virginia Run,Week5,285.0 Virginia Run - 117.0 Laurel Hill
Laurel Hill,Week3,Parklawn,Week1,233.0 Laurel Hill - 159.0 Parklawn
Laurel Hill,Week1,Wakefield Chapel,Week5,341.0 Wakefield Chapel - 61.0 Laurel Hill
Laurel Hill,Week3,Wakefield Chapel,Week3,327.0 Wakefield Chapel - 75.0 Laurel Hill
Lee Graham,Week4,Village West,Week2,319.0 Lee Graham - 83.0 Village West
Lee Graham,Week5,Rutherford,Week4,328.0 Lee Graham - 74.0 Rutherford
Lee Graham,Week5,Shouse Village,Week1,285.0 Lee Graham - 117.0 Shouse Village
Lee Graham,Week3,Village West,Week5,322.0 Lee Graham - 80.0 Village West
Lee Graham,Week3,Highlands Swim,Week3,229.0 Highlands Swim - 173.0 Lee Graham
Lee Graham,Week3,Highlands Swim,Week4,230.0 Highlands Swim - 172.0 Lee Graham
Lee Graham,Week3,Shouse Village,Week2,297.5 Lee Graham - 104.5 Shouse Village
Lee Graham,Week3,Village West,Week3,318.0 Lee Graham - 84.0 Village West
Lee Graham,Week3,Shouse Village,Week4,275.0 Lee Graham - 127.0 Shouse Village
Lee Graham,Week4,Village West,Week3,307.0 Lee Graham - 95.0 Village West
Lee Graham,Week4,Hollin Hills,Week3,349.0 Lee Graham - 53.0 Hollin Hills
Lee Graham,Week1,Shouse Village,Week4,270.0 Lee Graham - 132.0 Shouse Village
Laurel Hill,Week2,Overlee,Week4,383.0 Overlee - 19.0 Laurel Hill
Laurel Hill,Week3,Wakefield Chapel,Week5,347.0 Wakefield Chapel - 55.0 Laurel Hill
Lee Graham,Week4,Village West,Week4,325.0 Lee Graham - 72.0 Village West
Lee Graham,Week3,Highlands Swim,Week5,237.0 Highlands Swim - 165.0 Lee Graham
Lee Graham,Week1,Sideburn Run,Week4,278.0 Lee Graham - 124.0 Sideburn Run
Lee Graham,Week5,Village West,Week4,330.0 Lee Graham - 67.0 Village West
Lee Graham,Week1,Shouse Village,Week2,287.0 Lee Graham - 115.0 Shouse Village
Lee Graham,Week5,Village West,Week3,312.0 Lee Graham - 90.0 Village West
Laurel Hill,Week5,Overlee,Week4,365.0 Overlee - 37.0 Laurel Hill
Laurel Hill,Week5,Virginia Run,Week4,258.0 Virginia Run - 144.0 Laurel Hill
Lee Graham,Week2,Dunn Loring,Week5,203.0 Lee Graham - 199.0 Dunn Loring
Laurel Hill,Week4,Virginia Run,Week5,313.0 Virginia Run - 89.0 Laurel Hill
Laurel Hill,Week1,Parklawn,Week2,228.0 Parklawn - 169.0 Laurel Hill
Lee Graham,Week5,Highlands Swim,Week3,224.0 Highlands Swim - 178.0 Lee Graham
Laurel Hill,Week5,Overlee,Week2,344.0 Overlee - 58.0 Laurel Hill
Laurel Hill,Week4,Overlee,Week3,358.0 Overlee - 44.0 Laurel Hill
Laurel Hill,Week4,Overlee,Week5,368.0 Overlee - 34.0 Laurel Hill
Lee Graham,Week4,Village West,Week5,320.0 Lee Graham - 82.0 Village West
Lee Graham,Week1,Hollin Hills,Week1,342.0 Lee Graham - 60.0 Hollin Hills
Lee Graham,Week5,Rutherford,Week2,328.0 Lee Graham - 74.0 Rutherford
Laurel Hill,Week5,Overlee,Week5,355.0 Overlee - 47.0 Laurel Hill
Lee Graham,Week5,Village West,Week2,333.0 Lee Graham - 69.0 Village West
Lee Graham,Week1,Hollin Hills,Week2,344.0 Lee Graham - 57.0 Hollin Hills
Lee Graham,Week5,Rutherford,Week3,310.0 Lee Graham - 92.0 Rutherford
Laurel Hill,Week3,Overlee,Week3,345.0 Overlee - 57.0 Laurel Hill
Lee Graham,Week5,Rutherford,Week5,327.0 Lee Graham - 75.0 Rutherford
Lee Graham,Week4,Rutherford,Week4,301.0 Lee Graham - 101.0 Rutherford
Laurel Hill,Week5,Virginia Run,Week3,259.0 Virginia Run - 143.0 Laurel Hill
Lee Graham,Week1,Hollin Hills,Week3,339.0 Lee Graham - 63.0 Hollin Hills
Lee Graham,Week1,Virginia Hills,Week1,361.0 Lee Graham - 41.0 Virginia Hills
Laurel Hill,Week2,Parklawn,Week2,231.0 Parklawn - 169.0 Laurel Hill
Laurel Hill,Week5,Wakefield Chapel,Week3,313.5 Wakefield Chapel - 88.5 Laurel Hill
Lee Graham,Week5,Village West,Week1,337.0 Lee Graham - 65.0 Village West
Lee Graham,Week2,Hollin Hills,Week4,361.0 Lee Graham - 40.0 Hollin Hills
Lee Graham,Week2,Village West,Week5,320.0 Lee Graham - 82.0 Village West
Laurel Hill,Week1,Wakefield Chapel,Week3,332.0 Wakefield Chapel - 70.0 Laurel Hill
Lee Graham,Week3,Hollin Hills,Week3,348.0 Lee Graham - 54.0 Hollin Hills
Laurel Hill,Week2,Wakefield Chapel,Week1,348.0 Wakefield Chapel - 49.0 Laurel Hill
Laurel Hill,Week2,Wakefield Chapel,Week3,351.0 Wakefield Chapel - 46.0 Laurel Hill
Lee Graham,Week1,Shouse Village,Week5,267.0 Lee Graham - 135.0 Shouse Village
Lee Graham,Week2,Hollin Hills,Week3,352.0 Lee Graham - 50.0 Hollin Hills
Lee Graham,Week2,Shouse Village,Week5,264.0 Lee Graham - 138.0 Shouse Village
Lee Graham,Week2,Shouse Village,Week2,301.0 Lee Graham - 101.0 Shouse Village
Lee Graham,Week3,Hollin Hills,Week1,347.0 Lee Graham - 55.0 Hollin Hills
Laurel Hill,Week3,Wakefield Chapel,Week1,327.0 Wakefield Chapel - 75.0 Laurel Hill
Lee Graham,Week4,Village West,Week1,332.0 Lee Graham - 70.0 Village West
Lee Graham,Week2,Shouse Village,Week1,281.0 Lee Graham - 121.0 Shouse Village
Lee Graham,Week3,Shouse Village,Week1,280.0 Lee Graham - 122.0 Shouse Village
Lee Graham,Week1,Virginia Hills,Week2,365.0 Lee Graham - 37.0 Virginia Hills
Lee Graham,Week4,Hollin Hills,Week5,338.0 Lee Graham - 64.0 Hollin Hills
Laurel Hill,Week1,Wakefield Chapel,Week2,326.0 Wakefield Chapel - 75.0 Laurel Hill
Lee Graham,Week3,Dunn Loring,Week5,212.0 Lee Graham - 190.0 Dunn Loring
Lee Graham,Week1,Virginia Hills,Week3,368.5 Lee Graham - 33.5 Virginia Hills
Lee Graham,Week4,Dunn Loring,Week5,210.0 Dunn Loring - 192.0 Lee Graham
Laurel Hill,Week1,Wakefield Chapel,Week1,322.0 Wakefield Chapel - 80.0 Laurel Hill
Laurel Hill,Week3,Overlee,Week1,344.0 Overlee - 58.0 Laurel Hill
Lee Graham,Week1,Dunn Loring,Week3,212.0 Lee Graham - 190.0 Dunn Loring
Lee Graham,Week3,Village West,Week4,329.0 Lee Graham - 68.0 Village West
Lee Graham,Week5,Dunn Loring,Week2,226.0 Lee Graham - 176.0 Dunn Loring
Laurel Hill,Week2,Overlee,Week3,359.0 Overlee - 43.0 Laurel Hill
Lee Graham,Week3,Hollin Hills,Week5,347.0 Lee Graham - 55.0 Hollin Hills
Lee Graham,Week4,Hollin Hills,Week4,351.0 Lee Graham - 51.0 Hollin Hills
Laurel Hill,Week5,Virginia Run,Week2,247.0 Virginia Run - 155.0 Laurel Hill
Lee Graham,Week1,Fair Oaks ,Week1,266.0 Lee Graham - 136.0 Fair Oaks
Lee Graham,Week4,Hollin Hills,Week2,342.0 Lee Graham - 60.0 Hollin Hills
Lee Graham,Week3,Hollin Hills,Week2,349.0 Lee Graham - 53.0 Hollin Hills
Laurel Hill,Week5,Overlee,Week1,326.5 Overlee - 75.5 Laurel Hill
Laurel Hill,Week2,Overlee,Week2,369.0 Overlee - 33.0 Laurel Hill
Lee Graham,Week2,Village West,Week4,315.0 Lee Graham - 82.0 Village West
Lee Graham,Week1,Shouse Village,Week1,275.0 Lee Graham - 127.0 Shouse Village
Laurel Hill,Week2,Wakefield Chapel,Week2,344.0 Wakefield Chapel - 58.0 Laurel Hill
Laurel Hill,Week2,Overlee,Week1,363.0 Overlee - 39.0 Laurel Hill
Lee Graham,Week2,Shouse Village,Week4,269.0 Lee Graham - 133.0 Shouse Village
Laurel Hill,Week3,Wakefield Chapel,Week2,325.5 Wakefield Chapel - 76.5 Laurel Hill
Lee Graham,Week5,Village West,Week5,322.5 Lee Graham - 79.5 Village West
Lee Graham,Week5,Rutherford,Week1,329.0 Lee Graham - 73.0 Rutherford
Laurel Hill,Week4,Overlee,Week4,377.0 Overlee - 25.0 Laurel Hill
Laurel Hill,Week2,Wakefield Chapel,Week5,367.0 Wakefield Chapel - 35.0 Laurel Hill
Laurel Hill,Week4,Overlee,Week1,353.0 Overlee - 49.0 Laurel Hill
Lee Graham,Week1,Hollin Meadows,Week4,273.0 Lee Graham - 129.0 Hollin Meadows
Laurel Hill,Week3,Walden Glen,Week2,229.0 Walden Glen - 173.0 Laurel Hill
Laurel Hill,Week3,Overlee,Week4,371.0 Overlee - 31.0 Laurel Hill
Lee Graham,Week4,Virginia Hills,Week2,379.0 Lee Graham - 23.0 Virginia Hills
Lee Graham,Week2,Dunn Loring,Week2,211.0 Lee Graham - 191.0 Dunn Loring
Lee Graham,Week5,Hollin Hills,Week3,356.0 Lee Graham - 46.0 Hollin Hills
Laurel Hill,Week1,Parklawn,Week1,193.0 Laurel Hill - 193.0 Parklawn
Lee Graham,Week1,Virginia Hills,Week5,349.0 Lee Graham - 53.0 Virginia Hills
Lee Graham,Week2,Fair Oaks ,Week3,255.0 Lee Graham - 147.0 Fair Oaks
Laurel Hill,Week5,Wakefield Chapel,Week4,304.0 Wakefield Chapel - 98.0 Laurel Hill
Lee Graham,Week5,Shouse Village,Week2,304.0 Lee Graham - 98.0 Shouse Village
Lee Graham,Week3,Shouse Village,Week5,260.5 Lee Graham - 141.5 Shouse Village
Lee Graham,Week2,Virginia Run,Week2,290.0 Lee Graham - 112.0 Virginia Run
Lee Graham,Week5,Hollin Hills,Week1,350.0 Lee Graham - 52.0 Hollin Hills
Laurel Hill,Week5,Overlee,Week3,336.0 Overlee - 66.0 Laurel Hill
Lee Graham,Week1,Hollin Meadows,Week1,266.5 Lee Graham - 135.5 Hollin Meadows
Lee Graham,Week1,Virginia Run,Week5,253.0 Lee Graham - 149.0 Virginia Run
Lee Graham,Week1,Fair Oaks ,Week2,294.0 Lee Graham - 108.0 Fair Oaks
Lee Graham,Week5,Shouse Village,Week5,269.0 Lee Graham - 133.0 Shouse Village
Lee Graham,Week5,Hollin Hills,Week4,362.0 Lee Graham - 39.0 Hollin Hills
Lee Graham,Week4,Shouse Village,Week4,267.0 Lee Graham - 135.0 Shouse Village
Lee Graham,Week4,Dunn Loring,Week4,203.0 Lee Graham - 199.0 Dunn Loring
Laurel Hill,Week5,Wakefield Chapel,Week5,323.0 Wakefield Chapel - 79.0 Laurel Hill
Lee Graham,Week4,Shouse Village,Week3,275.0 Lee Graham - 127.0 Shouse Village
Lee Graham,Week5,Dunn Loring,Week3,229.0 Lee Graham - 173.0 Dunn Loring
Laurel Hill,Week1,Walden Glen,Week3,246.0 Walden Glen - 153.0 Laurel Hill
Lee Graham,Week4,Virginia Hills,Week5,365.0 Lee Graham - 37.0 Virginia Hills
Lee Graham,Week2,Virginia Hills,Week3,376.0 Lee Graham - 26.0 Virginia Hills
Lee Graham,Week2,Hollin Meadows,Week5,279.0 Lee Graham - 123.0 Hollin Meadows
Lee Graham,Week3,Hollin Meadows,Week2,273.0 Lee Graham - 129.0 Hollin Meadows
Laurel Hill,Week3,Overlee,Week5,370.0 Overlee - 32.0 Laurel Hill
Lee Graham,Week4,Fair Oaks ,Week2,275.0 Lee Graham - 127.0 Fair Oaks
Lee Graham,Week1,Sideburn Run,Week2,290.0 Lee Graham - 112.0 Sideburn Run
Lee Graham,Week3,Sideburn Run,Week3,274.0 Lee Graham - 128.0 Sideburn Run
Lee Graham,Week3,Virginia Hills,Week2,378.0 Lee Graham - 24.0 Virginia Hills
Lee Graham,Week1,Sideburn Run,Week1,275.0 Lee Graham - 127.0 Sideburn Run
Lee Graham,Week2,Hollin Meadows,Week3,291.0 Lee Graham - 111.0 Hollin Meadows
Laurel Hill,Week2,Walden Glen,Week2,257.0 Walden Glen - 141.0 Laurel Hill
Lee Graham,Week3,Sideburn Run,Week1,269.0 Lee Graham - 133.0 Sideburn Run
Laurel Hill,Week1,Parklawn,Week3,214.0 Parklawn - 187.0 Laurel Hill
Lee Graham,Week1,Hollin Meadows,Week5,269.0 Lee Graham - 133.0 Hollin Meadows
Lee Graham,Week3,Fair Oaks ,Week5,273.0 Lee Graham - 129.0 Fair Oaks
Laurel Hill,Week2,Parklawn,Week1,196.0 Parklawn - 195.0 Laurel Hill
Laurel Hill,Week4,Walden Glen,Week5,261.0 Walden Glen - 141.0 Laurel Hill
Lee Graham,Week3,Virginia Hills,Week5,357.0 Lee Graham - 44.0 Virginia Hills
Laurel Hill,Week3,Walden Glen,Week1,210.0 Walden Glen - 191.0 Laurel Hill
Laurel Hill,Week1,Waynewood,Week4,315.0 Waynewood - 86.0 Laurel Hill
Lee Graham,Week1,Sideburn Run,Week3,276.0 Lee Graham - 126.0 Sideburn Run
Laurel Hill,Week3,Walden Glen,Week3,223.0 Walden Glen - 178.0 Laurel Hill
Lee Graham,Week3,Dunn Loring,Week3,208.0 Lee Graham - 194.0 Dunn Loring
Lee Graham,Week5,Virginia Hills,Week1,380.0 Lee Graham - 22.0 Virginia Hills
Laurel Hill,Week1,Walden Glen,Week5,262.0 Walden Glen - 139.0 Laurel Hill
Lee Graham,Week5,Virginia Hills,Week4,375.0 Lee Graham - 27.0 Virginia Hills
Lee Graham,Week3,Dunn Loring,Week1,238.0 Lee Graham - 164.0 Dunn Loring
Lee Graham,Week1,Hollin Meadows,Week3,289.0 Lee Graham - 113.0 Hollin Meadows
Laurel Hill,Week1,Walden Glen,Week1,212.0 Walden Glen - 185.0 Laurel Hill
Laurel Hill,Week2,Parklawn,Week5,236.0 Parklawn - 156.0 Laurel Hill
Lee Graham,Week3,Fair Oaks ,Week3,275.0 Lee Graham - 127.0 Fair Oaks
Laurel Hill,Week3,Parklawn,Week2,212.0 Laurel Hill - 189.0 Parklawn
Lee Graham,Week1,Fair Oaks ,Week5,259.0 Lee Graham - 143.0 Fair Oaks
Lee Graham,Week3,Sideburn Run,Week5,260.0 Lee Graham - 142.0 Sideburn Run
Lee Graham,Week3,Virginia Hills,Week3,378.0 Lee Graham - 24.0 Virginia Hills
Lee Graham,Week2,Hollin Meadows,Week4,279.0 Lee Graham - 123.0 Hollin Meadows
Laurel Hill,Week1,Parklawn,Week5,227.0 Parklawn - 174.0 Laurel Hill
Lee Graham,Week2,Hollin Meadows,Week2,280.0 Lee Graham - 122.0 Hollin Meadows
Laurel Hill,Week2,Parklawn,Week3,233.0 Parklawn - 168.0 Laurel Hill
Lee Graham,Week4,Fair Oaks ,Week5,245.0 Lee Graham - 157.0 Fair Oaks
Laurel Hill,Week5,Walden Glen,Week4,227.0 Walden Glen - 175.0 Laurel Hill
Laurel Hill,Week2,Parliament,Week4,279.0 Parliament - 118.0 Laurel Hill
Lee Graham,Week5,Virginia Hills,Week2,381.0 Lee Graham - 21.0 Virginia Hills
Lee Graham,Week1,Sideburn Run,Week5,267.0 Lee Graham - 135.0 Sideburn Run
Laurel Hill,Week1,Waynewood,Week1,310.0 Waynewood - 92.0 Laurel Hill
Lee Graham,Week4,Sideburn Run,Week2,279.0 Lee Graham - 123.0 Sideburn Run
Lee Graham,Week3,Sideburn Run,Week2,274.0 Lee Graham - 128.0 Sideburn Run
Lee Graham,Week4,Hollin Meadows,Week4,276.0 Lee Graham - 126.0 Hollin Meadows
Lee Graham,Week2,Virginia Hills,Week1,377.0 Lee Graham - 25.0 Virginia Hills
Laurel Hill,Week5,Parklawn,Week5,213.0 Laurel Hill - 184.0 Parklawn
Laurel Hill,Week2,Walden Glen,Week3,256.0 Walden Glen - 142.0 Laurel Hill
Lee Graham,Week3,Hollin Meadows,Week1,269.0 Lee Graham - 133.0 Hollin Meadows
Lee Graham,Week3,Dunn Loring,Week4,226.0 Lee Graham - 176.0 Dunn Loring
Lee Graham,Week2,Dunn Loring,Week1,237.0 Lee Graham - 165.0 Dunn Loring
Lee Graham,Week5,Sideburn Run,Week4,278.5 Lee Graham - 123.5 Sideburn Run
Laurel Hill,Week2,Parliament,Week1,292.0 Parliament - 101.0 Laurel Hill
Lee Graham,Week4,Virginia Hills,Week1,372.0 Lee Graham - 30.0 Virginia Hills
Lee Graham,Week2,Virginia Hills,Week4,374.0 Lee Graham - 28.0 Virginia Hills
Lee Graham,Week4,Dunn Loring,Week1,227.0 Lee Graham - 175.0 Dunn Loring
Lee Graham,Week3,Hollin Meadows,Week4,285.0 Lee Graham - 117.0 Hollin Meadows
Lee Graham,Week2,Virginia Hills,Week5,364.0 Lee Graham - 38.0 Virginia Hills
Lee Graham,Week4,Hollin Meadows,Week1,269.0 Lee Graham - 133.0 Hollin Meadows
Laurel Hill,Week3,Parliament,Week1,262.0 Parliament - 139.0 Laurel Hill
Laurel Hill,Week5,Walden Glen,Week2,200.0 Laurel Hill - 200.0 Walden Glen
Lee Graham,Week2,Sideburn Run,Week5,270.0 Lee Graham - 132.0 Sideburn Run
Laurel Hill,Week2,Walden Glen,Week5,283.0 Walden Glen - 118.0 Laurel Hill
Lee Graham,Week4,Hollin Meadows,Week2,267.5 Lee Graham - 134.5 Hollin Meadows
Lee Graham,Week2,Dunn Loring,Week4,206.0 Lee Graham - 196.0 Dunn Loring
Lee Graham,Week3,Virginia Hills,Week1,374.0 Lee Graham - 28.0 Virginia Hills
Laurel Hill,Week2,Parliament,Week3,273.0 Parliament - 127.0 Laurel Hill
Lee Graham,Week4,Dunn Loring,Week2,205.0 Lee Graham - 197.0 Dunn Loring
Lee Graham,Week1,Sleepy Hollow B & R,Week2,265.0 Lee Graham - 137.0 Sleepy Hollow B & R
Lee Graham,Week2,Virginia Hills,Week2,382.0 Lee Graham - 20.0 Virginia Hills
Lee Graham,Week2,Hollin Meadows,Week1,271.0 Lee Graham - 131.0 Hollin Meadows
Laurel Hill,Week1,Walden Glen,Week4,264.0 Walden Glen - 137.0 Laurel Hill
Lee Graham,Week1,Sleepy Hollow B & R,Week3,261.0 Lee Graham - 141.0 Sleepy Hollow B & R
Lee Graham,Week1,Dunn Loring,Week4,220.0 Lee Graham - 182.0 Dunn Loring
Lee Graham,Week3,Dunn Loring,Week2,218.0 Lee Graham - 184.0 Dunn Loring
Laurel Hill,Week2,Walden Glen,Week4,273.0 Walden Glen - 123.0 Laurel Hill
Laurel Hill,Week4,Walden Glen,Week2,230.0 Walden Glen - 172.0 Laurel Hill
Laurel Hill,Week4,Parliament,Week2,239.0 Parliament - 163.0 Laurel Hill
Laurel Hill,Week4,Parliament,Week1,265.0 Parliament - 137.0 Laurel Hill
Lee Graham,Week5,Hollin Meadows,Week2,283.0 Lee Graham - 119.0 Hollin Meadows
Lee Graham,Week4,Dunn Loring,Week3,206.0 Lee Graham - 196.0 Dunn Loring
Lee Graham,Week5,Virginia Run,Week3,284.0 Lee Graham - 118.0 Virginia Run
Laurel Hill,Week1,Parliament,Week5,244.0 Parliament - 153.0 Laurel Hill
Lee Graham,Week5,Hollin Meadows,Week1,277.0 Lee Graham - 125.0 Hollin Meadows
Laurel Hill,Week1,Walden Glen,Week2,238.5 Walden Glen - 158.5 Laurel Hill
Lee Graham,Week5,Sideburn Run,Week1,272.0 Lee Graham - 130.0 Sideburn Run
Laurel Hill,Week4,Walden Glen,Week4,247.0 Walden Glen - 155.0 Laurel Hill
Laurel Hill,Week3,Parliament,Week4,236.0 Parliament - 166.0 Laurel Hill
Lee Graham,Week1,Dunn Loring,Week5,211.0 Lee Graham - 191.0 Dunn Loring
Lee Graham,Week4,Sideburn Run,Week4,279.5 Lee Graham - 122.5 Sideburn Run
Lee Graham,Week1,Virginia Run,Week1,250.0 Lee Graham - 152.0 Virginia Run
Lee Graham,Week5,Sideburn Run,Week3,277.0 Lee Graham - 125.0 Sideburn Run
Lee Graham,Week2,Dunn Loring,Week3,203.0 Lee Graham - 199.0 Dunn Loring
Lee Graham,Week1,Virginia Run,Week3,276.0 Lee Graham - 126.0 Virginia Run
Laurel Hill,Week3,Parliament,Week5,237.0 Parliament - 164.0 Laurel Hill
Lee Graham,Week3,Hollin Meadows,Week3,284.0 Lee Graham - 118.0 Hollin Meadows
Laurel Hill,Week3,Parliament,Week2,234.0 Parliament - 168.0 Laurel Hill
Lee Graham,Week3,Hollin Meadows,Week5,281.0 Lee Graham - 121.0 Hollin Meadows
Laurel Hill,Week4,Parliament,Week3,255.0 Parliament - 147.0 Laurel Hill
Laurel Hill,Week4,Parklawn,Week5,215.0 Parklawn - 187.0 Laurel Hill
Lee Graham,Week1,Virginia Hills,Week4,363.0 Lee Graham - 39.0 Virginia Hills
Laurel Hill,Week3,Lake Braddock,Week1,263.0 Laurel Hill - 138.0 Lake Braddock
Lee Graham,Week5,Dunn Loring,Week1,250.5 Lee Graham - 151.5 Dunn Loring
Laurel Hill,Week3,Walden Glen,Week5,255.0 Walden Glen - 147.0 Laurel Hill
Lee Graham,Week5,Dunn Loring,Week5,227.0 Lee Graham - 175.0 Dunn Loring
Lee Graham,Week4,Virginia Hills,Week3,372.0 Lee Graham - 30.0 Virginia Hills
Lee Graham,Week5,Fairfax,Week4,226.0 Lee Graham - 176.0 Fairfax
Lee Graham,Week1,Fair Oaks ,Week4,277.0 Lee Graham - 125.0 Fair Oaks
Laurel Hill,Week5,Walden Glen,Week1,222.5 Laurel Hill - 178.5 Walden Glen
Laurel Hill,Week5,Walden Glen,Week5,233.0 Walden Glen - 169.0 Laurel Hill
Lee Graham,Week4,Hollin Meadows,Week3,263.0 Lee Graham - 139.0 Hollin Meadows
Laurel Hill,Week3,Parklawn,Week5,212.0 Parklawn - 189.0 Laurel Hill
Lee Graham,Week1,Sleepy Hollow B & R,Week1,279.0 Lee Graham - 123.0 Sleepy Hollow B & R
Lee Graham,Week4,Fairfax Club Estates,Week1,311.0 Lee Graham - 91.0 Fairfax Club Estates
Laurel Hill,Week4,Kings Ridge ,Week1,219.0 Laurel Hill - 183.0 Kings Ridge
Lee Graham,Week1,Fair Oaks ,Week3,261.0 Lee Graham - 141.0 Fair Oaks
Laurel Hill,Week1,Waynewood,Week2,313.0 Waynewood - 89.0 Laurel Hill
Lee Graham,Week4,Sideburn Run,Week1,264.0 Lee Graham - 138.0 Sideburn Run
Lee Graham,Week1,Sleepy Hollow B & R,Week4,256.0 Lee Graham - 146.0 Sleepy Hollow B & R
Lee Graham,Week4,Virginia Hills,Week4,369.0 Lee Graham - 33.0 Virginia Hills
Lee Graham,Week3,Virginia Hills,Week4,373.0 Lee Graham - 29.0 Virginia Hills
Lee Graham,Week5,Dunn Loring,Week4,234.0 Lee Graham - 168.0 Dunn Loring
Lee Graham,Week4,Sideburn Run,Week5,263.0 Lee Graham - 139.0 Sideburn Run
Laurel Hill,Week5,Walden Glen,Week3,214.0 Walden Glen - 188.0 Laurel Hill
Lee Graham,Week5,Virginia Hills,Week3,382.0 Lee Graham - 20.0 Virginia Hills
Laurel Hill,Week1,Parliament,Week3,248.0 Parliament - 154.0 Laurel Hill
Lee Graham,Week1,Sleepy Hollow B & R,Week5,238.0 Lee Graham - 164.0 Sleepy Hollow B & R
Lee Graham,Week4,Hollin Meadows,Week5,261.0 Lee Graham - 141.0 Hollin Meadows
Laurel Hill,Week3,Parliament,Week3,241.0 Parliament - 161.0 Laurel Hill
Lee Graham,Week5,Sideburn Run,Week5,260.0 Lee Graham - 142.0 Sideburn Run
Laurel Hill,Week1,Bren Mar-Edsall Park,Week4,281.0 Laurel Hill - 115.0 Bren Mar-Edsall Park
Laurel Hill,Week5,Kings Ridge ,Week5,215.0 Laurel Hill - 187.0 Kings Ridge
Lee Graham,Week1,Virginia Run,Week2,277.0 Lee Graham - 125.0 Virginia Run
Laurel Hill,Week2,Lake Braddock,Week1,200.0 Laurel Hill - 194.0 Lake Braddock
Lee Graham,Week4,Fairfax,Week2,217.0 Fairfax - 185.0 Lee Graham
Laurel Hill,Week2,Walden Glen,Week1,238.0 Walden Glen - 159.0 Laurel Hill
Laurel Hill,Week5,Bren Mar-Edsall Park,Week1,319.0 Laurel Hill - 81.0 Bren Mar-Edsall Park
Lee Graham,Week2,Virginia Run,Week1,264.0 Lee Graham - 138.0 Virginia Run
Lee Graham,Week2,Sideburn Run,Week1,271.0 Lee Graham - 131.0 Sideburn Run
Laurel Hill,Week3,Walden Glen,Week4,248.0 Walden Glen - 154.0 Laurel Hill
Laurel Hill,Week4,Lake Braddock,Week4,232.0 Laurel Hill - 170.0 Lake Braddock
Laurel Hill,Week3,Daventry,Week5,220.0 Laurel Hill - 179.0 Daventry
Laurel Hill,Week2,Dominion Hills,Week5,307.0 Dominion Hills - 95.0 Laurel Hill
Laurel Hill,Week5,Parklawn,Week3,224.0 Laurel Hill - 178.0 Parklawn
Laurel Hill,Week4,Bren Mar-Edsall Park,Week5,314.0 Laurel Hill - 85.0 Bren Mar-Edsall Park
Laurel Hill,Week1,Waynewood,Week3,329.0 Waynewood - 73.0 Laurel Hill
Lee Graham,Week4,Fairfax Club Estates,Week5,320.0 Lee Graham - 82.0 Fairfax Club Estates
Laurel Hill,Week3,Lake Braddock,Week4,240.0 Laurel Hill - 162.0 Lake Braddock
Lee Graham,Week2,Sideburn Run,Week4,274.0 Lee Graham - 128.0 Sideburn Run
Laurel Hill,Week5,Bren Mar-Edsall Park,Week2,331.0 Laurel Hill - 70.0 Bren Mar-Edsall Park
Lee Graham,Week4,Sideburn Run,Week3,272.0 Lee Graham - 130.0 Sideburn Run
Lee Graham,Week1,Virginia Run,Week4,266.0 Lee Graham - 136.0 Virginia Run
Lee Graham,Week5,Virginia Hills,Week5,363.0 Lee Graham - 39.0 Virginia Hills
Lee Graham,Week4,Virginia Run,Week1,251.0 Lee Graham - 151.0 Virginia Run
Laurel Hill,Week5,Parklawn,Week1,246.0 Laurel Hill - 146.0 Parklawn
Lee Graham,Week5,Fairfax,Week5,201.0 Fairfax - 201.0 Lee Graham
Laurel Hill,Week4,Walden Glen,Week3,232.0 Walden Glen - 170.0 Laurel Hill
Lee Graham,Week3,Fair Oaks ,Week1,288.0 Lee Graham - 114.0 Fair Oaks
Laurel Hill,Week2,Bren Mar-Edsall Park,Week2,279.0 Laurel Hill - 111.0 Bren Mar-Edsall Park
Laurel Hill,Week4,Kings Ridge ,Week2,217.0 Laurel Hill - 185.0 Kings Ridge
Laurel Hill,Week1,Parliament,Week1,253.0 Parliament - 142.0 Laurel Hill
Lee Graham,Week4,Fairfax,Week3,220.0 Fairfax - 182.0 Lee Graham
Lee Graham,Week2,Fair Oaks ,Week2,299.0 Lee Graham - 103.0 Fair Oaks
Lee Graham,Week2,Fair Oaks ,Week1,273.0 Lee Graham - 129.0 Fair Oaks
Laurel Hill,Week1,Lake Braddock,Week4,210.0 Laurel Hill - 191.0 Lake Braddock
Lee Graham,Week2,Fair Oaks ,Week4,274.0 Lee Graham - 128.0 Fair Oaks
Lee Graham,Week3,Sideburn Run,Week4,272.0 Lee Graham - 130.0 Sideburn Run
Lee Graham,Week5,Fairfax Club Estates,Week2,321.0 Lee Graham - 81.0 Fairfax Club Estates
Laurel Hill,Week2,Bren Mar-Edsall Park,Week5,266.0 Laurel Hill - 120.0 Bren Mar-Edsall Park
Laurel Hill,Week2,Bren Mar-Edsall Park,Week4,265.0 Laurel Hill - 127.0 Bren Mar-Edsall Park
Lee Graham,Week3,Fair Oaks ,Week4,283.0 Lee Graham - 119.0 Fair Oaks
Laurel Hill,Week5,Kings Ridge ,Week4,227.0 Laurel Hill - 175.0 Kings Ridge
Lee Graham,Week2,Virginia Run,Week3,293.0 Lee Graham - 109.0 Virginia Run
Lee Graham,Week3,Fair Oaks ,Week2,302.0 Lee Graham - 100.0 Fair Oaks
Lee Graham,Week2,Fairfax Club Estates,Week2,324.0 Lee Graham - 78.0 Fairfax Club Estates
Laurel Hill,Week3,Waynewood,Week1,275.0 Waynewood - 127.0 Laurel Hill
Lee Graham,Week5,Sideburn Run,Week2,294.0 Lee Graham - 108.0 Sideburn Run
Laurel Hill,Week5,Brandywine,Week4,260.0 Brandywine - 142.0 Laurel Hill
Lee Graham,Week5,Virginia Run,Week1,268.0 Lee Graham - 134.0 Virginia Run
Laurel Hill,Week4,Parklawn,Week3,206.0 Laurel Hill - 196.0 Parklawn
Lee Graham,Week2,Sideburn Run,Week2,285.0 Lee Graham - 117.0 Sideburn Run
Lee Graham,Week5,Fairfax,Week3,207.0 Lee Graham - 195.0 Fairfax
Laurel Hill,Week3,Dominion Hills,Week3,247.0 Dominion Hills - 155.0 Laurel Hill
Lee Graham,Week2,Sideburn Run,Week3,278.0 Lee Graham - 124.0 Sideburn Run
Laurel Hill,Week3,Parklawn,Week4,205.0 Parklawn - 196.0 Laurel Hill
Laurel Hill,Week4,Daventry,Week5,222.0 Laurel Hill - 177.0 Daventry
Lee Graham,Week2,Fair Oaks ,Week5,262.0 Lee Graham - 140.0 Fair Oaks
Laurel Hill,Week1,Lake Braddock,Week5,206.0 Laurel Hill - 194.0 Lake Braddock
Lee Graham,Week2,Fairfax Club Estates,Week4,309.0 Lee Graham - 93.0 Fairfax Club Estates
Laurel Hill,Week4,Kings Ridge ,Week3,208.0 Laurel Hill - 193.0 Kings Ridge
Laurel Hill,Week4,Waynewood,Week1,291.0 Waynewood - 111.0 Laurel Hill
Laurel Hill,Week1,Dominion Hills,Week4,273.0 Dominion Hills - 128.0 Laurel Hill
Laurel Hill,Week5,Brandywine,Week3,244.0 Brandywine - 148.0 Laurel Hill
Laurel Hill,Week4,Walden Glen,Week1,207.0 Walden Glen - 195.0 Laurel Hill
Laurel Hill,Week1,Parliament,Week2,244.0 Parliament - 154.0 Laurel Hill
Lee Graham,Week4,Virginia Run,Week3,271.0 Lee Graham - 131.0 Virginia Run
Laurel Hill,Week4,Parklawn,Week1,229.0 Laurel Hill - 164.0 Parklawn
Laurel Hill,Week5,Daventry,Week3,246.0 Laurel Hill - 147.0 Daventry
Laurel Hill,Week5,Brandywine,Week5,267.0 Brandywine - 135.0 Laurel Hill
Lee Graham,Week3,Sleepy Hollow B & R,Week5,240.0 Lee Graham - 162.0 Sleepy Hollow B & R
Laurel Hill,Week4,Parklawn,Week4,207.0 Parklawn - 195.0 Laurel Hill
Laurel Hill,Week3,Bren Mar-Edsall Park,Week3,314.5 Laurel Hill - 87.5 Bren Mar-Edsall Park
Lee Graham,Week2,Virginia Run,Week4,273.0 Lee Graham - 129.0 Virginia Run
Lee Graham,Week4,Fairfax Club Estates,Week2,318.0 Lee Graham - 84.0 Fairfax Club Estates
Laurel Hill,Week4,Daventry,Week4,238.0 Laurel Hill - 163.0 Daventry
Lee Graham,Week2,Sleepy Hollow B & R,Week5,249.0 Lee Graham - 153.0 Sleepy Hollow B & R
Lee Graham,Week2,Sleepy Hollow Rec,Week2,347.0 Lee Graham - 55.0 Sleepy Hollow Rec
Laurel Hill,Week5,Kings Ridge ,Week2,248.0 Laurel Hill - 154.0 Kings Ridge
Lee Graham,Week1,Wakefield Chapel,Week2,215.0 Lee Graham - 187.0 Wakefield Chapel
Laurel Hill,Week4,Waynewood,Week5,329.0 Waynewood - 73.0 Laurel Hill
Laurel Hill,Week2,Woodley,Week1,233.0 Woodley - 168.0 Laurel Hill
Laurel Hill,Week5,Daventry,Week1,251.0 Laurel Hill - 143.0 Daventry
Lee Graham,Week3,Virginia Run,Week1,260.0 Lee Graham - 142.0 Virginia Run
Laurel Hill,Week1,Lake Braddock,Week1,230.0 Laurel Hill - 171.0 Lake Braddock
Lee Graham,Week1,Wakefield Chapel,Week3,207.0 Wakefield Chapel - 190.0 Lee Graham
Laurel Hill,Week1,Bren Mar-Edsall Park,Week2,306.0 Laurel Hill - 89.0 Bren Mar-Edsall Park
Laurel Hill,Week3,Bren Mar-Edsall Park,Week1,331.0 Laurel Hill - 71.0 Bren Mar-Edsall Park
Laurel Hill,Week4,Lake Braddock,Week3,234.0 Laurel Hill - 167.0 Lake Braddock
Laurel Hill,Week4,Parklawn,Week2,210.0 Parklawn - 192.0 Laurel Hill
Laurel Hill,Week2,Woodley,Week4,208.0 Woodley - 189.0 Laurel Hill
Lee Graham,Week3,Fairfax Club Estates,Week1,320.0 Lee Graham - 82.0 Fairfax Club Estates
Laurel Hill,Week2,Waynewood,Week4,334.0 Waynewood - 68.0 Laurel Hill
Laurel Hill,Week5,Parklawn,Week4,211.5 Laurel Hill - 189.5 Parklawn
Lee Graham,Week5,Fair Oaks ,Week2,294.0 Lee Graham - 108.0 Fair Oaks
Lee Graham,Week5,Fair Oaks ,Week3,266.0 Lee Graham - 136.0 Fair Oaks
Lee Graham,Week3,Fairfax Club Estates,Week3,318.0 Lee Graham - 84.0 Fairfax Club Estates
Laurel Hill,Week5,Parklawn,Week2,214.0 Laurel Hill - 186.0 Parklawn
Lee Graham,Week1,Sleepy Hollow Rec,Week4,325.0 Lee Graham - 77.0 Sleepy Hollow Rec
Lee Graham,Week4,Fair Oaks ,Week1,255.0 Lee Graham - 147.0 Fair Oaks
Lee Graham,Week2,Fairfax Club Estates,Week3,315.0 Lee Graham - 87.0 Fairfax Club Estates
Lee Graham,Week4,Fair Oaks ,Week3,228.0 Lee Graham - 174.0 Fair Oaks
Laurel Hill,Week2,Lake Braddock,Week5,212.0 Lake Braddock - 186.0 Laurel Hill
Laurel Hill,Week4,Dominion Hills,Week2,276.0 Dominion Hills - 126.0 Laurel Hill
Lee Graham,Week4,Fair Oaks ,Week4,259.0 Lee Graham - 143.0 Fair Oaks
Laurel Hill,Week3,Lake Braddock,Week3,234.0 Laurel Hill - 167.0 Lake Braddock
Lee Graham,Week3,Fairfax Club Estates,Week4,305.0 Lee Graham - 97.0 Fairfax Club Estates
Laurel Hill,Week4,Waynewood,Week2,314.0 Waynewood - 88.0 Laurel Hill
Laurel Hill,Week1,Waynewood,Week5,330.0 Waynewood - 72.0 Laurel Hill
Lee Graham,Week4,Sleepy Hollow B & R,Week1,280.0 Lee Graham - 122.0 Sleepy Hollow B & R
Lee Graham,Week5,Fair Oaks ,Week5,268.0 Lee Graham - 134.0 Fair Oaks
Lee Graham,Week3,Virginia Run,Week4,291.5 Lee Graham - 110.5 Virginia Run
Lee Graham,Week4,Virginia Run,Week4,260.0 Lee Graham - 142.0 Virginia Run
Lee Graham,Week5,Sleepy Hollow B & R,Week1,296.0 Lee Graham - 106.0 Sleepy Hollow B & R
Lee Graham,Week3,Virginia Run,Week5,266.0 Lee Graham - 136.0 Virginia Run
Laurel Hill,Week4,Daventry,Week2,232.5 Laurel Hill - 168.5 Daventry
Laurel Hill,Week1,Bren Mar-Edsall Park,Week1,300.0 Laurel Hill - 95.0 Bren Mar-Edsall Park
Laurel Hill,Week1,Bren Mar-Edsall Park,Week3,297.0 Laurel Hill - 103.0 Bren Mar-Edsall Park
Lee Graham,Week1,Fairfax,Week4,213.0 Lee Graham - 189.0 Fairfax
Laurel Hill,Week2,Lakevale Estates,Week4,342.0 Lakevale Estates - 60.0 Laurel Hill
Laurel Hill,Week1,Dominion Hills,Week2,272.0 Dominion Hills - 130.0 Laurel Hill
Lee Graham,Week2,Fairfax Club Estates,Week5,314.0 Lee Graham - 88.0 Fairfax Club Estates
Lee Graham,Week1,Fairfax,Week2,207.0 Fairfax - 195.0 Lee Graham
Lee Graham,Week2,Sleepy Hollow B & R,Week3,273.0 Lee Graham - 129.0 Sleepy Hollow B & R
Lee Graham,Week1,Fairfax Club Estates,Week4,293.0 Lee Graham - 109.0 Fairfax Club Estates
Laurel Hill,Week2,Parliament,Week5,282.0 Parliament - 111.0 Laurel Hill
Lee Graham,Week4,Sleepy Hollow B & R,Week5,224.0 Lee Graham - 178.0 Sleepy Hollow B & R
Laurel Hill,Week4,Waynewood,Week4,308.0 Waynewood - 94.0 Laurel Hill
Laurel Hill,Week1,Lake Braddock,Week2,226.0 Laurel Hill - 173.0 Lake Braddock
Laurel Hill,Week3,Daventry,Week4,244.0 Laurel Hill - 157.0 Daventry
Laurel Hill,Week3,Bren Mar-Edsall Park,Week4,305.0 Laurel Hill - 93.0 Bren Mar-Edsall Park
Laurel Hill,Week1,Woodley,Week1,209.0 Woodley - 191.0 Laurel Hill
Lee Graham,Week4,Virginia Run,Week2,273.0 Lee Graham - 129.0 Virginia Run
Laurel Hill,Week1,Parliament,Week4,244.0 Parliament - 156.0 Laurel Hill
Laurel Hill,Week5,Daventry,Week4,244.0 Laurel Hill - 155.0 Daventry
Lee Graham,Week2,Fairfax Club Estates,Week1,309.0 Lee Graham - 93.0 Fairfax Club Estates
Laurel Hill,Week1,Pinecrest,Week2,323.0 Pinecrest - 79.0 Laurel Hill
Laurel Hill,Week2,Bren Mar-Edsall Park,Week1,295.0 Laurel Hill - 103.0 Bren Mar-Edsall Park
Laurel Hill,Week5,Kings Ridge ,Week3,224.0 Laurel Hill - 175.0 Kings Ridge
Laurel Hill,Week2,Parliament,Week2,271.0 Parliament - 121.0 Laurel Hill
Laurel Hill,Week3,Dominion Hills,Week4,278.0 Dominion Hills - 124.0 Laurel Hill
Laurel Hill,Week3,Waynewood,Week2,305.0 Waynewood - 97.0 Laurel Hill
Lee Graham,Week2,Fairfax,Week3,206.0 Fairfax - 196.0 Lee Graham
Lee Graham,Week1,Sleepy Hollow Rec,Week2,336.0 Lee Graham - 66.0 Sleepy Hollow Rec
Lee Graham,Week3,Fairfax Club Estates,Week5,323.0 Lee Graham - 79.0 Fairfax Club Estates
Laurel Hill,Week4,Parliament,Week5,255.0 Parliament - 147.0 Laurel Hill
Lee Graham,Week2,Virginia Run,Week5,266.0 Lee Graham - 136.0 Virginia Run
Lee Graham,Week1,Sleepy Hollow Rec,Week3,311.0 Lee Graham - 91.0 Sleepy Hollow Rec
Laurel Hill,Week2,Waynewood,Week1,305.0 Waynewood - 96.0 Laurel Hill
Lee Graham,Week2,Fairfax,Week2,208.5 Lee Graham - 193.5 Fairfax
Lee Graham,Week1,Fairfax,Week5,213.0 Fairfax - 189.0 Lee Graham
Laurel Hill,Week2,Bren Mar-Edsall Park,Week3,267.0 Laurel Hill - 131.0 Bren Mar-Edsall Park
Laurel Hill,Week1,Dominion Hills,Week5,275.0 Dominion Hills - 127.0 Laurel Hill
Laurel Hill,Week4,Kings Ridge ,Week4,213.0 Kings Ridge - 189.0 Laurel Hill
Laurel Hill,Week3,Lakevale Estates,Week1,297.0 Lakevale Estates - 105.0 Laurel Hill
Laurel Hill,Week5,Waynewood,Week4,287.0 Waynewood - 115.0 Laurel Hill
Laurel Hill,Week3,Bren Mar-Edsall Park,Week2,326.0 Laurel Hill - 74.0 Bren Mar-Edsall Park
Lee Graham,Week5,Sleepy Hollow B & R,Week4,275.0 Lee Graham - 127.0 Sleepy Hollow B & R
Laurel Hill,Week2,Dominion Hills,Week3,294.0 Dominion Hills - 108.0 Laurel Hill
Lee Graham,Week3,Virginia Run,Week3,288.0 Lee Graham - 114.0 Virginia Run
Lee Graham,Week4,Fairfax Club Estates,Week3,320.0 Lee Graham - 82.0 Fairfax Club Estates
Laurel Hill,Week3,Bren Mar-Edsall Park,Week5,305.0 Laurel Hill - 95.0 Bren Mar-Edsall Park
Lee Graham,Week3,Virginia Run,Week2,293.5 Lee Graham - 108.5 Virginia Run
Laurel Hill,Week5,Parliament,Week2,211.0 Parliament - 191.0 Laurel Hill
Laurel Hill,Week2,Lake Braddock,Week3,213.0 Lake Braddock - 185.0 Laurel Hill
Lee Graham,Week5,Fairfax,Week2,209.0 Lee Graham - 193.0 Fairfax
Laurel Hill,Week2,Pinecrest,Week1,325.0 Pinecrest - 77.0 Laurel Hill
Laurel Hill,Week4,Daventry,Week3,240.0 Laurel Hill - 157.0 Daventry
Lee Graham,Week4,Sleepy Hollow B & R,Week4,241.0 Lee Graham - 161.0 Sleepy Hollow B & R
Lee Graham,Week4,Virginia Run,Week5,242.0 Lee Graham - 160.0 Virginia Run
Laurel Hill,Week5,Waynewood,Week2,287.5 Waynewood - 114.5 Laurel Hill
Lee Graham,Week4,Fairfax,Week5,226.0 Fairfax - 176.0 Lee Graham
Laurel Hill,Week4,Bren Mar-Edsall Park,Week3,314.0 Laurel Hill - 88.0 Bren Mar-Edsall Park
Lee Graham,Week1,Wakefield Chapel,Week1,214.0 Wakefield Chapel - 188.0 Lee Graham
Lee Graham,Week4,Sleepy Hollow Rec,Week1,331.0 Lee Graham - 71.0 Sleepy Hollow Rec
Laurel Hill,Week5,Kings Ridge ,Week1,250.0 Laurel Hill - 152.0 Kings Ridge
Laurel Hill,Week5,Waynewood,Week5,308.0 Waynewood - 94.0 Laurel Hill
Lee Graham,Week1,Fairfax,Week1,223.0 Lee Graham - 179.0 Fairfax
Laurel Hill,Week2,Waynewood,Week2,328.0 Waynewood - 74.0 Laurel Hill
Lee Graham,Week3,Fairfax,Week3,209.5 Lee Graham - 192.5 Fairfax
Laurel Hill,Week1,Dominion Hills,Week1,260.0 Dominion Hills - 142.0 Laurel Hill
Laurel Hill,Week5,Parliament,Week5,228.0 Parliament - 173.0 Laurel Hill
Laurel Hill,Week1,Bren Mar-Edsall Park,Week5,286.0 Laurel Hill - 113.0 Bren Mar-Edsall Park
Laurel Hill,Week4,Bren Mar-Edsall Park,Week1,330.0 Laurel Hill - 71.0 Bren Mar-Edsall Park
Lee Graham,Week1,Fairfax Club Estates,Week2,307.0 Lee Graham - 95.0 Fairfax Club Estates
Lee Graham,Week2,Fairfax,Week1,235.0 Lee Graham - 167.0 Fairfax
Laurel Hill,Week4,Kings Ridge ,Week5,205.0 Kings Ridge - 197.0 Laurel Hill
Laurel Hill,Week2,Lake Braddock,Week4,225.0 Lake Braddock - 173.0 Laurel Hill
Laurel Hill,Week5,Waynewood,Week1,269.0 Waynewood - 133.0 Laurel Hill
Lee Graham,Week5,Virginia Run,Week5,262.0 Lee Graham - 140.0 Virginia Run
Laurel Hill,Week1,Pinecrest,Week3,323.0 Pinecrest - 79.0 Laurel Hill
Laurel Hill,Week2,Lake Braddock,Week2,200.5 Laurel Hill - 197.5 Lake Braddock
Laurel Hill,Week4,Bren Mar-Edsall Park,Week2,325.0 Laurel Hill - 76.0 Bren Mar-Edsall Park
Laurel Hill,Week2,Pinecrest,Week3,349.0 Pinecrest - 53.0 Laurel Hill
Laurel Hill,Week5,Daventry,Week5,231.0 Laurel Hill - 167.0 Daventry
Lee Graham,Week5,Fairfax,Week1,227.0 Lee Graham - 175.0 Fairfax
Laurel Hill,Week1,Lake Braddock,Week3,209.0 Laurel Hill - 192.0 Lake Braddock
Lee Graham,Week4,Fairfax,Week4,210.0 Lee Graham - 192.0 Fairfax
Laurel Hill,Week3,Daventry,Week2,244.0 Laurel Hill - 156.0 Daventry
Lee Graham,Week3,Fairfax,Week2,221.0 Lee Graham - 181.0 Fairfax
Lee Graham,Week5,Virginia Run,Week2,286.0 Lee Graham - 116.0 Virginia Run
Laurel Hill,Week1,Pinecrest,Week1,301.0 Pinecrest - 101.0 Laurel Hill
Laurel Hill,Week1,Woodley,Week5,214.0 Woodley - 187.0 Laurel Hill
Lee Graham,Week3,Sleepy Hollow B & R,Week1,295.0 Lee Graham - 107.0 Sleepy Hollow B & R
Lee Graham,Week3,Fairfax Club Estates,Week2,323.0 Lee Graham - 79.0 Fairfax Club Estates
Laurel Hill,Week5,Daventry,Week2,243.0 Laurel Hill - 157.0 Daventry
Lee Graham,Week2,Fairfax,Week4,228.0 Lee Graham - 174.0 Fairfax
Lee Graham,Week2,Sleepy Hollow B & R,Week1,285.0 Lee Graham - 117.0 Sleepy Hollow B & R
Laurel Hill,Week3,Daventry,Week1,250.0 Laurel Hill - 150.0 Daventry
Laurel Hill,Week3,Waynewood,Week4,305.0 Waynewood - 97.0 Laurel Hill
Lee Graham,Week3,Fairfax,Week5,207.0 Fairfax - 195.0 Lee Graham
Lee Graham,Week1,Fairfax Club Estates,Week5,308.0 Lee Graham - 89.0 Fairfax Club Estates
Laurel Hill,Week4,Parliament,Week4,245.0 Parliament - 157.0 Laurel Hill
Lee Graham,Week1,Fairfax Club Estates,Week1,308.0 Lee Graham - 94.0 Fairfax Club Estates
Laurel Hill,Week5,Parliament,Week3,230.0 Parliament - 172.0 Laurel Hill
Lee Graham,Week4,Fairfax Club Estates,Week4,307.0 Lee Graham - 95.0 Fairfax Club Estates
Laurel Hill,Week3,Pinecrest,Week5,322.0 Pinecrest - 80.0 Laurel Hill
Laurel Hill,Week3,Lake Braddock,Week2,239.0 Laurel Hill - 162.0 Lake Braddock
Laurel Hill,Week5,Brandywine,Week2,244.0 Brandywine - 157.0 Laurel Hill
Lee Graham,Week5,Sleepy Hollow B & R,Week5,238.0 Lee Graham - 164.0 Sleepy Hollow B & R
Laurel Hill,Week4,Bren Mar-Edsall Park,Week4,311.0 Laurel Hill - 90.0 Bren Mar-Edsall Park
Laurel Hill,Week2,Woodley,Week3,221.0 Woodley - 181.0 Laurel Hill
Lee Graham,Week1,Fairfax,Week3,213.0 Fairfax - 189.0 Lee Graham
Laurel Hill,Week4,Waynewood,Week3,320.0 Waynewood - 82.0 Laurel Hill
Laurel Hill,Week3,Daventry,Week3,239.0 Laurel Hill - 156.0 Daventry
Lee Graham,Week5,Fair Oaks ,Week1,286.0 Lee Graham - 116.0 Fair Oaks
Laurel Hill,Week4,Lake Braddock,Week2,226.0 Laurel Hill - 176.0 Lake Braddock
Laurel Hill,Week4,Lake Braddock,Week1,253.0 Laurel Hill - 149.0 Lake Braddock
Lee Graham,Week2,Wakefield Chapel,Week5,233.5 Wakefield Chapel - 168.5 Lee Graham
Lee Graham,Week5,Sleepy Hollow Rec,Week3,322.0 Lee Graham - 80.0 Sleepy Hollow Rec
Laurel Hill,Week4,Daventry,Week1,243.0 Laurel Hill - 158.0 Daventry
Laurel Hill,Week3,Waynewood,Week5,329.0 Waynewood - 73.0 Laurel Hill
Lee Graham,Week5,Sleepy Hollow B & R,Week3,276.5 Lee Graham - 125.5 Sleepy Hollow B & R
Lee Graham,Week1,Fairfax Club Estates,Week3,308.0 Lee Graham - 94.0 Fairfax Club Estates
Lee Graham,Week5,Sleepy Hollow Rec,Week1,345.0 Lee Graham - 57.0 Sleepy Hollow Rec
Lee Graham,Week1,Wakefield Chapel,Week5,219.0 Wakefield Chapel - 183.0 Lee Graham
Lee Graham,Week3,Fairfax,Week4,236.0 Lee Graham - 166.0 Fairfax
Lee Graham,Week2,Wakefield Chapel,Week3,213.0 Wakefield Chapel - 189.0 Lee Graham
Laurel Hill,Week4,Pinecrest,Week1,306.0 Pinecrest - 96.0 Laurel Hill
Lee Graham,Week2,Wakefield Chapel,Week2,213.0 Lee Graham - 189.0 Wakefield Chapel
Laurel Hill,Week2,Waynewood,Week3,332.0 Waynewood - 70.0 Laurel Hill
Laurel Hill,Week2,Pinecrest,Week5,335.0 Pinecrest - 62.0 Laurel Hill
Laurel Hill,Week5,Lake Braddock,Week4,255.0 Laurel Hill - 147.0 Lake Braddock
Laurel Hill,Week3,Pinecrest,Week2,324.0 Pinecrest - 77.0 Laurel Hill
Laurel Hill,Week2,Dominion Hills,Week2,299.5 Dominion Hills - 102.5 Laurel Hill
Lee Graham,Week3,Wakefield Chapel,Week3,210.0 Lee Graham - 192.0 Wakefield Chapel
Laurel Hill,Week1,Dominion Hills,Week3,262.0 Dominion Hills - 140.0 Laurel Hill
Laurel Hill,Week2,Dominion Hills,Week4,306.0 Dominion Hills - 91.0 Laurel Hill
Lee Graham,Week2,Fairfax Station,Week5,211.0 Fairfax Station - 191.0 Lee Graham
Laurel Hill,Week2,Dominion Hills,Week1,281.0 Dominion Hills - 121.0 Laurel Hill
Laurel Hill,Week1,Lakevale Estates,Week1,303.0 Lakevale Estates - 99.0 Laurel Hill
Lee Graham,Week2,Fairfax,Week5,218.0 Fairfax - 184.0 Lee Graham
Laurel Hill,Week5,Parliament,Week4,226.0 Parliament - 176.0 Laurel Hill
Lee Graham,Week5,Sleepy Hollow B & R,Week2,277.0 Lee Graham - 125.0 Sleepy Hollow B & R
Laurel Hill,Week1,Woodley,Week2,202.0 Woodley - 200.0 Laurel Hill
Lee Graham,Week4,Fairfax,Week1,216.0 Lee Graham - 186.0 Fairfax
Lee Graham,Week3,Wakefield Chapel,Week1,211.0 Wakefield Chapel - 191.0 Lee Graham
Lee Graham,Week5,Fairfax Club Estates,Week3,312.0 Lee Graham - 90.0 Fairfax Club Estates
Lee Graham,Week2,Sleepy Hollow Rec,Week1,344.0 Lee Graham - 58.0 Sleepy Hollow Rec
Lee Graham,Week3,Wakefield Chapel,Week2,226.0 Lee Graham - 176.0 Wakefield Chapel
Laurel Hill,Week1,Woodley,Week3,220.0 Woodley - 180.0 Laurel Hill
Lee Graham,Week3,Sleepy Hollow B & R,Week3,273.0 Lee Graham - 129.0 Sleepy Hollow B & R
Laurel Hill,Week5,Lake Braddock,Week3,259.0 Laurel Hill - 142.0 Lake Braddock
Lee Graham,Week5,Fairfax Club Estates,Week1,309.0 Lee Graham - 93.0 Fairfax Club Estates
Lee Graham,Week3,Sleepy Hollow B & R,Week4,276.5 Lee Graham - 125.5 Sleepy Hollow B & R
Lee Graham,Week5,Fair Oaks ,Week4,286.0 Lee Graham - 116.0 Fair Oaks
Laurel Hill,Week3,Lake Braddock,Week5,225.0 Laurel Hill - 177.0 Lake Braddock
Lee Graham,Week2,Fairfax Station,Week2,210.0 Lee Graham - 192.0 Fairfax Station
Lee Graham,Week2,Sleepy Hollow B & R,Week2,281.0 Lee Graham - 121.0 Sleepy Hollow B & R
Laurel Hill,Week2,Pinecrest,Week2,350.0 Pinecrest - 52.0 Laurel Hill
Lee Graham,Week3,Fairfax Station,Week3,204.5 Lee Graham - 197.5 Fairfax Station
Laurel Hill,Week1,Woodley,Week4,217.0 Woodley - 184.0 Laurel Hill
Lee Graham,Week1,Wakefield Chapel,Week4,201.0 Lee Graham - 201.0 Wakefield Chapel
Laurel Hill,Week1,Pinecrest,Week5,312.0 Pinecrest - 90.0 Laurel Hill
Laurel Hill,Week3,Pinecrest,Week3,337.0 Pinecrest - 65.0 Laurel Hill
Lee Graham,Week3,Fairfax,Week1,242.0 Lee Graham - 160.0 Fairfax
Lee Graham,Week1,Forest Hollow,Week5,258.0 Lee Graham - 144.0 Forest Hollow
Lee Graham,Week2,Sleepy Hollow B & R,Week4,277.0 Lee Graham - 125.0 Sleepy Hollow B & R
Laurel Hill,Week3,Pinecrest,Week4,326.5 Pinecrest - 75.5 Laurel Hill
Laurel Hill,Week3,Dominion Hills,Week2,266.0 Dominion Hills - 136.0 Laurel Hill
Laurel Hill,Week5,Lake Braddock,Week1,279.0 Laurel Hill - 123.0 Lake Braddock
Lee Graham,Week1,Fairfax Station,Week4,215.0 Lee Graham - 187.0 Fairfax Station
Lee Graham,Week1,Broyhill Crest,Week2,384.0 Lee Graham - 18.0 Broyhill Crest
Lee Graham,Week3,Sleepy Hollow B & R,Week2,276.0 Lee Graham - 126.0 Sleepy Hollow B & R
Laurel Hill,Week3,Dominion Hills,Week1,255.0 Dominion Hills - 147.0 Laurel Hill
Lee Graham,Week5,Brookfield ,Week5,291.0 Lee Graham - 111.0 Brookfield
Laurel Hill,Week3,Waynewood,Week3,310.0 Waynewood - 92.0 Laurel Hill
Lee Graham,Week3,Wakefield Chapel,Week4,215.0 Lee Graham - 187.0 Wakefield Chapel
Laurel Hill,Week5,Lake Braddock,Week2,254.0 Laurel Hill - 148.0 Lake Braddock
Lee Graham,Week2,Brookfield ,Week2,289.0 Lee Graham - 113.0 Brookfield
Lee Graham,Week4,Wakefield Chapel,Week1,203.0 Wakefield Chapel - 199.0 Lee Graham
Laurel Hill,Week2,Woodley,Week2,227.0 Woodley - 175.0 Laurel Hill
Lee Graham,Week4,Fairfax Station,Week3,217.0 Fairfax Station - 185.0 Lee Graham
Laurel Hill,Week1,Lakevale Estates,Week4,323.0 Lakevale Estates - 79.0 Laurel Hill
Laurel Hill,Week2,Waynewood,Week5,338.0 Waynewood - 64.0 Laurel Hill
Laurel Hill,Week5,Lake Braddock,Week5,233.0 Laurel Hill - 169.0 Lake Braddock
Lee Graham,Week5,Brookfield ,Week1,289.0 Lee Graham - 113.0 Brookfield
Laurel Hill,Week5,Waynewood,Week3,287.0 Waynewood - 115.0 Laurel Hill
Laurel Hill,Week4,Dominion Hills,Week1,256.0 Dominion Hills - 146.0 Laurel Hill
Laurel Hill,Week2,Donaldson Run,Week4,333.0 Donaldson Run - 69.0 Laurel Hill
Lee Graham,Week5,Virginia Run,Week4,277.0 Lee Graham - 125.0 Virginia Run
Laurel Hill,Week3,Dominion Hills,Week5,281.0 Dominion Hills - 121.0 Laurel Hill
Laurel Hill,Week1,Lakevale Estates,Week3,304.0 Lakevale Estates - 98.0 Laurel Hill
Lee Graham,Week3,Wakefield Chapel,Week5,220.0 Wakefield Chapel - 182.0 Lee Graham
Lee Graham,Week1,Sleepy Hollow Rec,Week1,330.0 Lee Graham - 72.0 Sleepy Hollow Rec
Lee Graham,Week4,Sleepy Hollow B & R,Week2,274.0 Lee Graham - 128.0 Sleepy Hollow B & R
Laurel Hill,Week3,Pinecrest,Week1,306.5 Pinecrest - 94.5 Laurel Hill
Lee Graham,Week2,Wakefield Chapel,Week4,218.0 Wakefield Chapel - 184.0 Lee Graham
Laurel Hill,Week2,Pinecrest,Week4,342.0 Pinecrest - 60.0 Laurel Hill
Laurel Hill,Week2,Woodley,Week5,230.0 Woodley - 171.0 Laurel Hill
Lee Graham,Week5,Fairfax Station,Week2,229.0 Lee Graham - 173.0 Fairfax Station
Lee Graham,Week3,Brookfield ,Week4,281.0 Lee Graham - 121.0 Brookfield
Lee Graham,Week2,Wakefield Chapel,Week1,211.0 Wakefield Chapel - 191.0 Lee Graham
Lee Graham,Week3,Fairfax Station,Week2,243.0 Lee Graham - 159.0 Fairfax Station
Lee Graham,Week2,Sleepy Hollow Rec,Week3,326.0 Lee Graham - 76.0 Sleepy Hollow Rec
Lee Graham,Week4,Walden Glen,Week2,300.0 Lee Graham - 102.0 Walden Glen
Laurel Hill,Week5,Donaldson Run,Week1,296.0 Donaldson Run - 106.0 Laurel Hill
Laurel Hill,Week3,Woodley,Week2,227.0 Laurel Hill - 175.0 Woodley
Lee Graham,Week2,Sleepy Hollow Rec,Week4,341.0 Lee Graham - 61.0 Sleepy Hollow Rec
Laurel Hill,Week3,Woodley,Week1,201.0 Laurel Hill - 200.0 Woodley
Laurel Hill,Week5,Parliament,Week1,252.0 Parliament - 149.0 Laurel Hill
Lee Graham,Week4,Sleepy Hollow B & R,Week3,260.0 Lee Graham - 142.0 Sleepy Hollow B & R
Lee Graham,Week3,Brookfield ,Week3,310.0 Lee Graham - 92.0 Brookfield
Lee Graham,Week1,Annandale,Week4,327.0 Lee Graham - 75.0 Annandale
Laurel Hill,Week3,Donaldson Run,Week3,320.0 Donaldson Run - 82.0 Laurel Hill
Laurel Hill,Week1,Lakevale Estates,Week5,317.0 Lakevale Estates - 85.0 Laurel Hill
Laurel Hill,Week3,Donaldson Run,Week2,311.0 Donaldson Run - 91.0 Laurel Hill
Laurel Hill,Week1,Lakevale Estates,Week2,323.0 Lakevale Estates - 79.0 Laurel Hill
Lee Graham,Week4,Wakefield Chapel,Week2,215.0 Lee Graham - 187.0 Wakefield Chapel
Lee Graham,Week3,Fairfax Station,Week1,233.0 Lee Graham - 169.0 Fairfax Station
Lee Graham,Week5,Brookfield ,Week4,289.0 Lee Graham - 113.0 Brookfield
Laurel Hill,Week4,Donaldson Run,Week2,329.0 Donaldson Run - 73.0 Laurel Hill
Laurel Hill,Week4,Lake Braddock,Week5,224.0 Laurel Hill - 178.0 Lake Braddock
Lee Graham,Week1,Sleepy Hollow Rec,Week5,317.0 Lee Graham - 85.0 Sleepy Hollow Rec
Lee Graham,Week2,Broyhill Crest,Week2,390.0 Lee Graham - 12.0 Broyhill Crest
Lee Graham,Week1,Annandale,Week5,323.0 Lee Graham - 79.0 Annandale
Lee Graham,Week4,Walden Glen,Week4,305.0 Lee Graham - 97.0 Walden Glen
Lee Graham,Week2,Fairfax Station,Week1,219.0 Lee Graham - 183.0 Fairfax Station
Laurel Hill,Week2,Lakevale Estates,Week1,317.0 Lakevale Estates - 85.0 Laurel Hill
Laurel Hill,Week1,Pinecrest,Week4,320.0 Pinecrest - 82.0 Laurel Hill
Laurel Hill,Week2,Lakevale Estates,Week3,330.0 Lakevale Estates - 72.0 Laurel Hill
Laurel Hill,Week3,Woodley,Week4,217.0 Laurel Hill - 185.0 Woodley
Laurel Hill,Week4,Dominion Hills,Week5,286.0 Dominion Hills - 116.0 Laurel Hill
Laurel Hill,Week3,Mansion House,Week5,293.0 Mansion House - 109.0 Laurel Hill
Laurel Hill,Week5,Mansion House,Week1,279.0 Mansion House - 123.0 Laurel Hill
Lee Graham,Week3,Broyhill Crest,Week1,378.0 Lee Graham - 24.0 Broyhill Crest
Lee Graham,Week3,Broyhill Crest,Week5,379.0 Lee Graham - 23.0 Broyhill Crest
Lee Graham,Week3,Sleepy Hollow Rec,Week1,346.0 Lee Graham - 56.0 Sleepy Hollow Rec
Laurel Hill,Week2,Lakevale Estates,Week5,329.0 Lakevale Estates - 73.0 Laurel Hill
Lee Graham,Week2,Fairfax Station,Week3,220.0 Fairfax Station - 182.0 Lee Graham
Lee Graham,Week2,Sleepy Hollow Rec,Week5,328.0 Lee Graham - 74.0 Sleepy Hollow Rec
Laurel Hill,Week5,Donaldson Run,Week4,310.0 Donaldson Run - 92.0 Laurel Hill
Lee Graham,Week3,Sleepy Hollow Rec,Week2,344.0 Lee Graham - 58.0 Sleepy Hollow Rec
Lee Graham,Week2,Annandale,Week3,325.0 Lee Graham - 77.0 Annandale
Laurel Hill,Week1,Donaldson Run,Week4,319.0 Donaldson Run - 82.0 Laurel Hill
Laurel Hill,Week5,Donaldson Run,Week3,308.0 Donaldson Run - 94.0 Laurel Hill
Laurel Hill,Week3,Lakevale Estates,Week2,307.0 Lakevale Estates - 95.0 Laurel Hill
Laurel Hill,Week3,Woodley,Week5,206.0 Laurel Hill - 196.0 Woodley
Lee Graham,Week3,Broyhill Crest,Week3,383.0 Lee Graham - 19.0 Broyhill Crest
Lee Graham,Week3,Walden Glen,Week4,307.0 Lee Graham - 95.0 Walden Glen
Lee Graham,Week5,Wakefield Chapel,Week3,212.0 Lee Graham - 190.0 Wakefield Chapel
Lee Graham,Week5,Walden Glen,Week1,324.0 Lee Graham - 78.0 Walden Glen
Lee Graham,Week1,Forest Hollow,Week1,253.0 Lee Graham - 149.0 Forest Hollow
Lee Graham,Week4,Fairfax Station,Week2,212.5 Lee Graham - 189.5 Fairfax Station
Laurel Hill,Week2,Lakevale Estates,Week2,331.0 Lakevale Estates - 71.0 Laurel Hill
Lee Graham,Week1,Broyhill Crest,Week3,382.0 Lee Graham - 20.0 Broyhill Crest
Lee Graham,Week5,Fairfax Club Estates,Week4,311.0 Lee Graham - 91.0 Fairfax Club Estates
Laurel Hill,Week3,Mansion House,Week4,258.0 Mansion House - 144.0 Laurel Hill
Lee Graham,Week5,Brookfield ,Week2,295.0 Lee Graham - 107.0 Brookfield
Lee Graham,Week1,Forest Hollow,Week2,271.0 Lee Graham - 131.0 Forest Hollow
Laurel Hill,Week5,Mansion House,Week5,279.0 Mansion House - 123.0 Laurel Hill
Lee Graham,Week3,Sleepy Hollow Rec,Week3,327.0 Lee Graham - 75.0 Sleepy Hollow Rec
Laurel Hill,Week5,Woodley,Week1,222.0 Laurel Hill - 179.0 Woodley
Lee Graham,Week5,Wakefield Chapel,Week5,217.0 Wakefield Chapel - 185.0 Lee Graham
Laurel Hill,Week4,Lakevale Estates,Week2,317.0 Lakevale Estates - 85.0 Laurel Hill
Lee Graham,Week3,Sleepy Hollow Rec,Week4,348.0 Lee Graham - 54.0 Sleepy Hollow Rec
Laurel Hill,Week3,Donaldson Run,Week1,319.0 Donaldson Run - 83.0 Laurel Hill
Laurel Hill,Week4,Lakevale Estates,Week5,322.0 Lakevale Estates - 80.0 Laurel Hill
Laurel Hill,Week4,Mansion House,Week5,300.0 Mansion House - 102.0 Laurel Hill
Lee Graham,Week2,Fairfax Station,Week4,227.0 Lee Graham - 175.0 Fairfax Station
Lee Graham,Week3,Sleepy Hollow Rec,Week5,332.0 Lee Graham - 70.0 Sleepy Hollow Rec
Lee Graham,Week3,Brookfield ,Week1,275.0 Lee Graham - 127.0 Brookfield
Lee Graham,Week1,Fairfax Station,Week5,215.0 Fairfax Station - 187.0 Lee Graham
Laurel Hill,Week4,Lakevale Estates,Week3,310.0 Lakevale Estates - 92.0 Laurel Hill
Lee Graham,Week1,Annandale,Week2,317.0 Lee Graham - 85.0 Annandale
Laurel Hill,Week2,Donaldson Run,Week3,337.0 Donaldson Run - 65.0 Laurel Hill
Lee Graham,Week2,Brookfield ,Week3,292.0 Lee Graham - 110.0 Brookfield
Laurel Hill,Week2,Mantua,Week1,310.5 Mantua - 86.5 Laurel Hill
Lee Graham,Week4,Fairfax Station,Week5,211.5 Fairfax Station - 190.5 Lee Graham
Laurel Hill,Week5,Dominion Hills,Week5,270.0 Dominion Hills - 132.0 Laurel Hill
Lee Graham,Week1,Walden Glen,Week5,282.0 Lee Graham - 120.0 Walden Glen
Lee Graham,Week2,Annandale,Week1,334.0 Lee Graham - 68.0 Annandale
Laurel Hill,Week4,Dominion Hills,Week3,263.0 Dominion Hills - 139.0 Laurel Hill
Lee Graham,Week2,Brookfield ,Week5,290.0 Lee Graham - 112.0 Brookfield
Lee Graham,Week4,Sleepy Hollow Rec,Week4,338.0 Lee Graham - 64.0 Sleepy Hollow Rec
Lee Graham,Week4,Sleepy Hollow Rec,Week3,313.0 Lee Graham - 89.0 Sleepy Hollow Rec
Lee Graham,Week2,Walden Glen,Week3,314.0 Lee Graham - 88.0 Walden Glen
Laurel Hill,Week3,Lakevale Estates,Week5,315.0 Lakevale Estates - 87.0 Laurel Hill
Laurel Hill,Week1,Mantua,Week3,320.0 Mantua - 82.0 Laurel Hill
Laurel Hill,Week1,Donaldson Run,Week5,330.0 Donaldson Run - 72.0 Laurel Hill
Laurel Hill,Week4,Woodley,Week3,206.0 Woodley - 196.0 Laurel Hill
Laurel Hill,Week4,Lakevale Estates,Week4,324.0 Lakevale Estates - 78.0 Laurel Hill
Lee Graham,Week1,Walden Glen,Week4,293.0 Lee Graham - 104.0 Walden Glen
Lee Graham,Week4,Broyhill Crest,Week3,379.0 Lee Graham - 23.0 Broyhill Crest
Lee Graham,Week4,Sleepy Hollow Rec,Week2,324.5 Lee Graham - 77.5 Sleepy Hollow Rec
Lee Graham,Week1,Walden Glen,Week2,285.0 Lee Graham - 117.0 Walden Glen
Laurel Hill,Week5,Woodley,Week2,223.0 Laurel Hill - 179.0 Woodley
Lee Graham,Week5,Fairfax Station,Week5,210.0 Lee Graham - 192.0 Fairfax Station
Lee Graham,Week3,Walden Glen,Week2,312.5 Lee Graham - 89.5 Walden Glen
Laurel Hill,Week5,Lakevale Estates,Week2,291.0 Lakevale Estates - 111.0 Laurel Hill
Laurel Hill,Week2,Mansion House,Week1,305.0 Mansion House - 97.0 Laurel Hill
Laurel Hill,Week2,Mansion House,Week5,324.0 Mansion House - 78.0 Laurel Hill
Lee Graham,Week3,Fairfax Station,Week4,234.0 Lee Graham - 168.0 Fairfax Station
Laurel Hill,Week2,Donaldson Run,Week1,339.0 Donaldson Run - 63.0 Laurel Hill
Laurel Hill,Week3,Donaldson Run,Week5,322.0 Donaldson Run - 80.0 Laurel Hill
Lee Graham,Week2,Walden Glen,Week4,303.0 Lee Graham - 99.0 Walden Glen
Lee Graham,Week5,Sleepy Hollow Rec,Week2,336.0 Lee Graham - 66.0 Sleepy Hollow Rec
Laurel Hill,Week3,Donaldson Run,Week4,309.0 Donaldson Run - 92.0 Laurel Hill
Laurel Hill,Week4,Lakevale Estates,Week1,308.0 Lakevale Estates - 94.0 Laurel Hill
Laurel Hill,Week5,Dominion Hills,Week4,253.0 Dominion Hills - 149.0 Laurel Hill
Lee Graham,Week1,Annandale,Week3,316.0 Lee Graham - 86.0 Annandale
Lee Graham,Week1,Somerset-Olde Creek,Week2,357.0 Lee Graham - 45.0 Somerset-Olde Creek
Lee Graham,Week2,Brookfield ,Week1,290.0 Lee Graham - 112.0 Brookfield
Lee Graham,Week5,Sleepy Hollow Rec,Week5,323.0 Lee Graham - 79.0 Sleepy Hollow Rec
Lee Graham,Week3,Fairfax Station,Week5,220.0 Lee Graham - 182.0 Fairfax Station
Laurel Hill,Week2,Mansion House,Week2,299.0 Mansion House - 103.0 Laurel Hill
Lee Graham,Week5,Wakefield Chapel,Week4,225.0 Lee Graham - 177.0 Wakefield Chapel
Lee Graham,Week1,Fairfax Station,Week2,199.0 Fairfax Station - 198.0 Lee Graham
Lee Graham,Week4,Wakefield Chapel,Week5,220.0 Wakefield Chapel - 182.0 Lee Graham
Lee Graham,Week1,Brookfield ,Week5,278.0 Lee Graham - 124.0 Brookfield
Laurel Hill,Week5,Lakevale Estates,Week4,303.0 Lakevale Estates - 99.0 Laurel Hill
Laurel Hill,Week3,Mansion House,Week3,297.5 Mansion House - 104.5 Laurel Hill
Laurel Hill,Week5,Lakevale Estates,Week3,290.0 Lakevale Estates - 107.0 Laurel Hill
Lee Graham,Week4,Annandale,Week2,321.0 Lee Graham - 81.0 Annandale
Lee Graham,Week3,Annandale,Week2,334.0 Lee Graham - 68.0 Annandale
Laurel Hill,Week3,Woodley,Week3,213.0 Laurel Hill - 189.0 Woodley
Lee Graham,Week4,Sleepy Hollow Rec,Week5,319.0 Lee Graham - 83.0 Sleepy Hollow Rec
Lee Graham,Week3,Brookfield ,Week2,279.5 Lee Graham - 122.5 Brookfield
Lee Graham,Week1,Fairfax Station,Week1,203.0 Lee Graham - 199.0 Fairfax Station
Lee Graham,Week4,Brookfield ,Week3,292.0 Lee Graham - 110.0 Brookfield
Laurel Hill,Week1,Donaldson Run,Week2,315.0 Donaldson Run - 86.0 Laurel Hill
Lee Graham,Week4,Brookfield ,Week2,293.0 Lee Graham - 109.0 Brookfield
Lee Graham,Week4,Fairfax Station,Week1,214.0 Lee Graham - 188.0 Fairfax Station
Laurel Hill,Week5,Lakevale Estates,Week5,301.0 Lakevale Estates - 101.0 Laurel Hill
Lee Graham,Week1,Walden Glen,Week1,305.0 Lee Graham - 97.0 Walden Glen
Lee Graham,Week3,Brookfield ,Week5,284.0 Lee Graham - 118.0 Brookfield
Laurel Hill,Week4,Woodley,Week4,205.0 Laurel Hill - 197.0 Woodley
Laurel Hill,Week1,Lakeview,Week2,203.0 Lakeview - 197.0 Laurel Hill
Lee Graham,Week5,Sleepy Hollow Rec,Week4,353.0 Lee Graham - 49.0 Sleepy Hollow Rec
Laurel Hill,Week4,Mansion House,Week4,269.0 Mansion House - 133.0 Laurel Hill
Lee Graham,Week2,Annandale,Week5,331.0 Lee Graham - 71.0 Annandale
Lee Graham,Week1,Forest Hollow,Week3,261.0 Lee Graham - 141.0 Forest Hollow
Laurel Hill,Week5,Dominion Hills,Week3,229.0 Dominion Hills - 173.0 Laurel Hill
Lee Graham,Week2,Walden Glen,Week1,320.0 Lee Graham - 82.0 Walden Glen
Laurel Hill,Week1,Mansion House,Week2,287.0 Mansion House - 115.0 Laurel Hill
Lee Graham,Week5,Wakefield Chapel,Week2,208.0 Lee Graham - 194.0 Wakefield Chapel
Lee Graham,Week1,Fairfax Station,Week3,224.0 Fairfax Station - 178.0 Lee Graham
Lee Graham,Week2,Walden Glen,Week5,290.0 Lee Graham - 112.0 Walden Glen
Lee Graham,Week1,Somerset-Olde Creek,Week3,345.0 Lee Graham - 56.0 Somerset-Olde Creek
Laurel Hill,Week4,Mansion House,Week1,294.0 Mansion House - 108.0 Laurel Hill
Laurel Hill,Week1,Donaldson Run,Week3,324.0 Donaldson Run - 78.0 Laurel Hill
Lee Graham,Week4,Brookfield ,Week1,279.0 Lee Graham - 123.0 Brookfield
Lee Graham,Week2,Somerset-Olde Creek,Week2,355.0 Lee Graham - 47.0 Somerset-Olde Creek
Laurel Hill,Week1,Lakeview,Week1,216.0 Laurel Hill - 185.0 Lakeview
Laurel Hill,Week4,Woodley,Week2,203.0 Laurel Hill - 199.0 Woodley
Laurel Hill,Week2,Mansion House,Week3,317.0 Mansion House - 85.0 Laurel Hill
Lee Graham,Week2,Arlington Forest,Week1,298.0 Lee Graham - 104.0 Arlington Forest
Lee Graham,Week5,Fairfax Station,Week1,244.0 Lee Graham - 158.0 Fairfax Station
Lee Graham,Week1,Broyhill Crest,Week1,379.0 Lee Graham - 22.0 Broyhill Crest
Laurel Hill,Week4,Woodley,Week1,211.0 Woodley - 190.0 Laurel Hill
Lee Graham,Week4,Wakefield Chapel,Week3,206.0 Lee Graham - 196.0 Wakefield Chapel
Lee Graham,Week2,Brookfield ,Week4,271.5 Lee Graham - 130.5 Brookfield
Lee Graham,Week2,Somerset-Olde Creek,Week5,339.0 Lee Graham - 63.0 Somerset-Olde Creek
Lee Graham,Week4,Brookfield ,Week4,286.0 Lee Graham - 116.0 Brookfield
Laurel Hill,Week5,Dominion Hills,Week2,245.0 Dominion Hills - 157.0 Laurel Hill
Laurel Hill,Week1,Mansion House,Week4,271.0 Mansion House - 130.0 Laurel Hill
Laurel Hill,Week3,Lakevale Estates,Week4,313.0 Lakevale Estates - 89.0 Laurel Hill
Lee Graham,Week5,Fairfax Station,Week4,241.0 Lee Graham - 161.0 Fairfax Station
Laurel Hill,Week4,Donaldson Run,Week1,325.5 Donaldson Run - 76.5 Laurel Hill
Laurel Hill,Week4,Woodley,Week5,208.0 Woodley - 194.0 Laurel Hill
Laurel Hill,Week1,Mansion House,Week1,289.0 Mansion House - 113.0 Laurel Hill
Lee Graham,Week4,Annandale,Week1,328.0 Lee Graham - 74.0 Annandale
Laurel Hill,Week4,Dominion Hills,Week4,280.0 Dominion Hills - 122.0 Laurel Hill
Lee Graham,Week1,Walden Glen,Week3,299.0 Lee Graham - 103.0 Walden Glen
Lee Graham,Week4,Fairfax Station,Week4,223.0 Lee Graham - 179.0 Fairfax Station
Laurel Hill,Week3,Lakevale Estates,Week3,296.0 Lakevale Estates - 106.0 Laurel Hill
Lee Graham,Week2,Annandale,Week2,331.0 Lee Graham - 71.0 Annandale
Lee Graham,Week3,Annandale,Week3,332.0 Lee Graham - 70.0 Annandale
Lee Graham,Week1,Broyhill Crest,Week4,380.0 Lee Graham - 22.0 Broyhill Crest
Laurel Hill,Week5,Dominion Hills,Week1,229.0 Dominion Hills - 168.0 Laurel Hill
Lee Graham,Week5,Fairfax Club Estates,Week5,316.0 Lee Graham - 86.0 Fairfax Club Estates
Lee Graham,Week4,Brookfield ,Week5,290.0 Lee Graham - 112.0 Brookfield
Lee Graham,Week1,Somerset-Olde Creek,Week4,345.0 Lee Graham - 52.0 Somerset-Olde Creek
Lee Graham,Week2,Walden Glen,Week2,302.0 Lee Graham - 99.0 Walden Glen
Lee Graham,Week2,Somerset-Olde Creek,Week3,358.0 Lee Graham - 44.0 Somerset-Olde Creek
Laurel Hill,Week1,Lakeview,Week3,205.0 Lakeview - 195.0 Laurel Hill
Lee Graham,Week2,Somerset-Olde Creek,Week4,357.0 Lee Graham - 45.0 Somerset-Olde Creek
Lee Graham,Week3,Walden Glen,Week3,313.0 Lee Graham - 89.0 Walden Glen
Lee Graham,Week4,Walden Glen,Week1,308.0 Lee Graham - 94.0 Walden Glen
Lee Graham,Week5,Brookfield ,Week3,312.0 Lee Graham - 90.0 Brookfield
Lee Graham,Week5,Fairfax Station,Week3,210.0 Lee Graham - 192.0 Fairfax Station
Laurel Hill,Week4,Mansion House,Week2,276.0 Mansion House - 126.0 Laurel Hill
Laurel Hill,Week1,Mantua,Week5,314.0 Mantua - 88.0 Laurel Hill
Laurel Hill,Week5,Lakevale Estates,Week1,280.0 Lakevale Estates - 117.0 Laurel Hill
Laurel Hill,Week1,Donaldson Run,Week1,315.0 Donaldson Run - 87.0 Laurel Hill
Lee Graham,Week1,Somerset-Olde Creek,Week1,343.0 Lee Graham - 58.0 Somerset-Olde Creek
Laurel Hill,Week1,Mansion House,Week5,313.0 Mansion House - 89.0 Laurel Hill
Laurel Hill,Week1,Lakeview,Week4,221.0 Lakeview - 180.0 Laurel Hill
Laurel Hill,Week4,Donaldson Run,Week4,329.0 Donaldson Run - 73.0 Laurel Hill
Lee Graham,Week5,Wakefield Chapel,Week1,202.0 Lee Graham - 200.0 Wakefield Chapel
Lee Graham,Week3,Somerset-Olde Creek,Week2,350.0 Lee Graham - 52.0 Somerset-Olde Creek
Laurel Hill,Week2,Donaldson Run,Week5,346.0 Donaldson Run - 51.0 Laurel Hill
Lee Graham,Week3,Somerset-Olde Creek,Week3,349.0 Lee Graham - 53.0 Somerset-Olde Creek
Lee Graham,Week4,Wakefield Chapel,Week4,202.0 Wakefield Chapel - 200.0 Lee Graham
Lee Graham,Week1,Fox Hunt,Week3,271.0 Lee Graham - 126.0 Fox Hunt
Laurel Hill,Week1,Mansion House,Week3,302.0 Mansion House - 100.0 Laurel Hill
Laurel Hill,Week4,Donaldson Run,Week3,327.0 Donaldson Run - 75.0 Laurel Hill
Laurel Hill,Week2,Lakeview,Week3,231.0 Lakeview - 171.0 Laurel Hill
Laurel Hill,Week5,Woodley,Week4,221.0 Laurel Hill - 181.0 Woodley
Lee Graham,Week1,Forest Hollow,Week4,264.5 Lee Graham - 137.5 Forest Hollow
Laurel Hill,Week5,Lakeview,Week3,228.0 Laurel Hill - 173.0 Lakeview
Laurel Hill,Week5,Lakeview,Week5,225.0 Laurel Hill - 166.0 Lakeview
Lee Graham,Week2,Broyhill Crest,Week3,386.0 Lee Graham - 16.0 Broyhill Crest
Lee Graham,Week1,Annandale,Week1,328.0 Lee Graham - 74.0 Annandale
Lee Graham,Week2,Broyhill Crest,Week1,384.0 Lee Graham - 18.0 Broyhill Crest
Laurel Hill,Week2,Donaldson Run,Week2,332.0 Donaldson Run - 70.0 Laurel Hill
Lee Graham,Week3,Somerset-Olde Creek,Week1,349.0 Lee Graham - 53.0 Somerset-Olde Creek
Lee Graham,Week5,Forest Hollow,Week5,278.0 Lee Graham - 124.0 Forest Hollow
Laurel Hill,Week5,Woodley,Week5,213.0 Laurel Hill - 184.0 Woodley
Lee Graham,Week2,Somerset-Olde Creek,Week1,350.0 Lee Graham - 51.0 Somerset-Olde Creek
Laurel Hill,Week5,Woodley,Week3,220.0 Laurel Hill - 182.0 Woodley
Lee Graham,Week1,Broyhill Crest,Week5,379.0 Lee Graham - 23.0 Broyhill Crest
Laurel Hill,Week2,Lakeview,Week4,240.0 Lakeview - 162.0 Laurel Hill
Laurel Hill,Week5,Long Branch,Week4,220.0 Long Branch - 182.0 Laurel Hill
Lee Graham,Week2,Fox Hunt,Week3,272.5 Lee Graham - 129.5 Fox Hunt
Laurel Hill,Week4,Mansion House,Week3,298.0 Mansion House - 104.0 Laurel Hill
Lee Graham,Week3,Walden Glen,Week5,291.0 Lee Graham - 111.0 Walden Glen
Lee Graham,Week3,Walden Glen,Week1,321.0 Lee Graham - 81.0 Walden Glen
Laurel Hill,Week5,Long Branch,Week5,213.0 Long Branch - 189.0 Laurel Hill
Lee Graham,Week2,Broyhill Crest,Week4,384.0 Lee Graham - 18.0 Broyhill Crest
Lee Graham,Week2,Annandale,Week4,337.0 Lee Graham - 65.0 Annandale
Lee Graham,Week3,Somerset-Olde Creek,Week5,341.0 Lee Graham - 61.0 Somerset-Olde Creek
Laurel Hill,Week4,Donaldson Run,Week5,340.0 Donaldson Run - 62.0 Laurel Hill
Lee Graham,Week4,Walden Glen,Week3,308.0 Lee Graham - 94.0 Walden Glen
Lee Graham,Week2,Fox Hunt,Week1,291.0 Lee Graham - 111.0 Fox Hunt
Lee Graham,Week3,Annandale,Week4,336.0 Lee Graham - 66.0 Annandale
Lee Graham,Week2,Broyhill Crest,Week5,379.0 Lee Graham - 23.0 Broyhill Crest
Lee Graham,Week3,Somerset-Olde Creek,Week4,351.0 Lee Graham - 51.0 Somerset-Olde Creek
Lee Graham,Week3,Broyhill Crest,Week4,377.0 Lee Graham - 25.0 Broyhill Crest
Laurel Hill,Week3,Mansion House,Week1,288.0 Mansion House - 114.0 Laurel Hill
Laurel Hill,Week2,Lakeview,Week2,220.0 Lakeview - 181.0 Laurel Hill
Laurel Hill,Week2,Mansion House,Week4,298.0 Mansion House - 100.0 Laurel Hill
Laurel Hill,Week2,Langley,Week4,334.0 Langley - 68.0 Laurel Hill
Lee Graham,Week2,Forest Hollow,Week3,268.0 Lee Graham - 134.0 Forest Hollow
Lee Graham,Week1,Somerset-Olde Creek,Week5,330.0 Lee Graham - 71.0 Somerset-Olde Creek
Lee Graham,Week4,Walden Glen,Week5,290.0 Lee Graham - 112.0 Walden Glen
Lee Graham,Week3,Broyhill Crest,Week2,383.0 Lee Graham - 19.0 Broyhill Crest
Laurel Hill,Week5,Donaldson Run,Week2,298.0 Donaldson Run - 104.0 Laurel Hill
Laurel Hill,Week3,Mansion House,Week2,283.5 Mansion House - 118.5 Laurel Hill
Laurel Hill,Week2,Dowden Terrace,Week3,293.0 Dowden Terrace - 109.0 Laurel Hill
Lee Graham,Week3,Annandale,Week5,326.0 Lee Graham - 76.0 Annandale
Lee Graham,Week2,Forest Hollow,Week4,265.0 Lee Graham - 137.0 Forest Hollow
Lee Graham,Week3,Fox Hunt,Week3,278.0 Lee Graham - 124.0 Fox Hunt
Laurel Hill,Week2,Langley,Week2,322.0 Langley - 79.0 Laurel Hill
Laurel Hill,Week1,Dowden Terrace,Week3,266.0 Dowden Terrace - 136.0 Laurel Hill
Lee Graham,Week4,Somerset-Olde Creek,Week1,347.0 Lee Graham - 55.0 Somerset-Olde Creek
Laurel Hill,Week3,Lakeview,Week4,203.0 Lakeview - 197.0 Laurel Hill
Laurel Hill,Week1,Dunn Loring,Week3,328.0 Dunn Loring - 74.0 Laurel Hill
Lee Graham,Week2,Fox Hunt,Week2,297.0 Lee Graham - 105.0 Fox Hunt
Lee Graham,Week3,Forest Hollow,Week5,276.0 Lee Graham - 126.0 Forest Hollow
Laurel Hill,Week2,Lakeview,Week5,231.0 Lakeview - 159.0 Laurel Hill
Laurel Hill,Week5,Mansion House,Week4,236.0 Mansion House - 166.0 Laurel Hill
Laurel Hill,Week5,Mansion House,Week2,265.0 Mansion House - 137.0 Laurel Hill
Lee Graham,Week1,Burke Station,Week5,309.0 Lee Graham - 88.0 Burke Station
Lee Graham,Week3,Annandale,Week1,331.0 Lee Graham - 71.0 Annandale
Laurel Hill,Week5,Lakeview,Week2,245.0 Laurel Hill - 156.0 Lakeview
Lee Graham,Week4,Burke Station,Week1,304.0 Lee Graham - 75.0 Burke Station
Laurel Hill,Week5,Dowden Terrace,Week3,234.0 Dowden Terrace - 168.0 Laurel Hill
Lee Graham,Week1,South Run,Week2,291.0 Lee Graham - 106.0 South Run
Lee Graham,Week5,Forest Hollow,Week4,281.0 Lee Graham - 121.0 Forest Hollow
Lee Graham,Week1,Fox Hunt,Week4,263.0 Lee Graham - 139.0 Fox Hunt
Laurel Hill,Week3,Lakeview,Week3,226.0 Laurel Hill - 174.0 Lakeview
Laurel Hill,Week5,Lakeview,Week4,219.0 Laurel Hill - 182.0 Lakeview
Lee Graham,Week4,Broyhill Crest,Week1,372.0 Lee Graham - 30.0 Broyhill Crest
Laurel Hill,Week1,Langley,Week3,321.0 Langley - 80.0 Laurel Hill
Laurel Hill,Week2,Dowden Terrace,Week2,280.0 Dowden Terrace - 117.0 Laurel Hill
Lee Graham,Week4,Forest Hollow,Week3,260.0 Lee Graham - 142.0 Forest Hollow
Laurel Hill,Week1,Mantua,Week1,284.0 Mantua - 116.0 Laurel Hill
Laurel Hill,Week1,Mantua,Week4,307.0 Mantua - 95.0 Laurel Hill
Lee Graham,Week5,Walden Glen,Week3,316.0 Lee Graham - 86.0 Walden Glen
Laurel Hill,Week1,Mantua,Week2,295.0 Mantua - 106.0 Laurel Hill
Laurel Hill,Week4,Langley,Week2,303.0 Langley - 99.0 Laurel Hill
Lee Graham,Week2,South Run,Week3,295.0 Lee Graham - 107.0 South Run
Lee Graham,Week4,Somerset-Olde Creek,Week4,348.0 Lee Graham - 54.0 Somerset-Olde Creek
Lee Graham,Week1,Burke Station,Week4,327.0 Lee Graham - 75.0 Burke Station
Lee Graham,Week5,Annandale,Week4,335.0 Lee Graham - 67.0 Annandale
Laurel Hill,Week1,Dunn Loring,Week1,314.0 Dunn Loring - 88.0 Laurel Hill
Lee Graham,Week5,Annandale,Week5,333.0 Lee Graham - 69.0 Annandale
Lee Graham,Week4,Annandale,Week3,333.0 Lee Graham - 69.0 Annandale
Laurel Hill,Week1,Dowden Terrace,Week2,271.0 Dowden Terrace - 131.0 Laurel Hill
Lee Graham,Week4,Somerset-Olde Creek,Week3,354.0 Lee Graham - 48.0 Somerset-Olde Creek
Lee Graham,Week4,Somerset-Olde Creek,Week2,359.0 Lee Graham - 43.0 Somerset-Olde Creek
Lee Graham,Week4,Annandale,Week5,326.0 Lee Graham - 76.0 Annandale
Lee Graham,Week4,Forest Hollow,Week4,270.0 Lee Graham - 132.0 Forest Hollow
Laurel Hill,Week5,Mansion House,Week3,284.0 Mansion House - 118.0 Laurel Hill
Lee Graham,Week2,Burke Station,Week4,328.0 Lee Graham - 74.0 Burke Station
Lee Graham,Week4,Broyhill Crest,Week2,385.0 Lee Graham - 17.0 Broyhill Crest
Lee Graham,Week5,Annandale,Week2,320.0 Lee Graham - 82.0 Annandale
Laurel Hill,Week1,McLean,Week5,338.0 McLean - 64.0 Laurel Hill
Laurel Hill,Week5,Mantua,Week5,295.0 Mantua - 107.0 Laurel Hill
Lee Graham,Week4,South Run,Week5,277.0 Lee Graham - 125.0 South Run
Laurel Hill,Week3,Dowden Terrace,Week3,236.0 Dowden Terrace - 166.0 Laurel Hill
Laurel Hill,Week4,Dowden Terrace,Week3,269.0 Dowden Terrace - 133.0 Laurel Hill
Laurel Hill,Week5,Dowden Terrace,Week5,250.0 Dowden Terrace - 152.0 Laurel Hill
Laurel Hill,Week2,Dunn Loring,Week2,350.5 Dunn Loring - 51.5 Laurel Hill
Laurel Hill,Week5,Langley,Week2,279.0 Langley - 123.0 Laurel Hill
Lee Graham,Week1,Arlington Forest,Week4,272.0 Lee Graham - 130.0 Arlington Forest
Lee Graham,Week1,Arlington Forest,Week3,295.0 Lee Graham - 107.0 Arlington Forest
Lee Graham,Week1,Burke Station,Week2,338.0 Lee Graham - 64.0 Burke Station
Lee Graham,Week3,South Run,Week1,266.0 Lee Graham - 127.0 South Run
Lee Graham,Week1,Arlington Forest,Week1,283.0 Lee Graham - 119.0 Arlington Forest
Laurel Hill,Week2,Dunn Loring,Week3,356.5 Dunn Loring - 45.5 Laurel Hill
Laurel Hill,Week3,Lakeview,Week1,244.0 Laurel Hill - 157.0 Lakeview
Lee Graham,Week5,South Run,Week3,302.0 Lee Graham - 100.0 South Run
Lee Graham,Week5,Broyhill Crest,Week2,391.0 Lee Graham - 11.0 Broyhill Crest
Laurel Hill,Week4,Langley,Week5,299.0 Langley - 102.0 Laurel Hill
Lee Graham,Week3,Forest Hollow,Week2,288.0 Lee Graham - 114.0 Forest Hollow
Lee Graham,Week5,Forest Hollow,Week1,272.0 Lee Graham - 130.0 Forest Hollow
Lee Graham,Week1,Arlington Forest,Week2,285.0 Lee Graham - 117.0 Arlington Forest
Lee Graham,Week3,Burke Station,Week4,347.0 Lee Graham - 55.0 Burke Station
Lee Graham,Week4,Burke Station,Week2,348.0 Lee Graham - 54.0 Burke Station
Lee Graham,Week1,South Run,Week1,259.0 Lee Graham - 134.0 South Run
Lee Graham,Week2,Forest Hollow,Week1,271.0 Lee Graham - 131.0 Forest Hollow
Lee Graham,Week5,Walden Glen,Week2,314.0 Lee Graham - 88.0 Walden Glen
Lee Graham,Week3,Forest Hollow,Week4,282.0 Lee Graham - 120.0 Forest Hollow
Lee Graham,Week5,Walden Glen,Week4,314.0 Lee Graham - 88.0 Walden Glen
Laurel Hill,Week2,McLean,Week4,346.0 McLean - 55.0 Laurel Hill
Lee Graham,Week1,Springboard,Week1,332.0 Lee Graham - 70.0 Springboard
Laurel Hill,Week3,Mantua,Week5,320.0 Mantua - 82.0 Laurel Hill
Laurel Hill,Week4,Lakeview,Week5,204.0 Laurel Hill - 187.0 Lakeview
Lee Graham,Week2,Burke Station,Week5,309.0 Lee Graham - 93.0 Burke Station
Laurel Hill,Week4,Lakeview,Week3,225.0 Laurel Hill - 175.0 Lakeview
Laurel Hill,Week4,Dowden Terrace,Week4,279.0 Dowden Terrace - 123.0 Laurel Hill
Lee Graham,Week1,Springboard,Week4,327.0 Lee Graham - 75.0 Springboard
Lee Graham,Week1,Burke Station,Week3,318.0 Lee Graham - 79.0 Burke Station
Lee Graham,Week5,Annandale,Week1,336.0 Lee Graham - 66.0 Annandale
Laurel Hill,Week4,Lakeview,Week2,224.0 Laurel Hill - 177.0 Lakeview
Laurel Hill,Week3,Lakeview,Week2,236.0 Laurel Hill - 165.0 Lakeview
Lee Graham,Week2,Forest Hollow,Week2,279.0 Lee Graham - 123.0 Forest Hollow
Lee Graham,Week3,South Run,Week5,267.0 Lee Graham - 135.0 South Run
Lee Graham,Week5,Forest Hollow,Week2,290.0 Lee Graham - 112.0 Forest Hollow
Laurel Hill,Week5,Lakeview,Week1,250.0 Laurel Hill - 151.0 Lakeview
Lee Graham,Week4,Annandale,Week4,331.0 Lee Graham - 71.0 Annandale
Lee Graham,Week2,Burke Station,Week2,345.0 Lee Graham - 57.0 Burke Station
Laurel Hill,Week2,Mantua,Week4,323.0 Mantua - 79.0 Laurel Hill
Laurel Hill,Week5,Mantua,Week1,274.0 Mantua - 127.0 Laurel Hill
Lee Graham,Week5,Broyhill Crest,Week1,378.0 Lee Graham - 23.0 Broyhill Crest
Laurel Hill,Week2,McLean,Week5,356.0 McLean - 46.0 Laurel Hill
Laurel Hill,Week2,Dowden Terrace,Week4,299.0 Dowden Terrace - 103.0 Laurel Hill
Lee Graham,Week1,South Run,Week5,264.0 Lee Graham - 138.0 South Run
Laurel Hill,Week1,Dowden Terrace,Week1,269.0 Dowden Terrace - 133.0 Laurel Hill
Laurel Hill,Week3,McLean,Week1,327.0 McLean - 75.0 Laurel Hill
Lee Graham,Week3,Forest Hollow,Week1,277.0 Lee Graham - 125.0 Forest Hollow
Lee Graham,Week5,Annandale,Week3,330.0 Lee Graham - 72.0 Annandale
Lee Graham,Week1,Arlington Forest,Week5,247.0 Lee Graham - 155.0 Arlington Forest
Lee Graham,Week4,Forest Hollow,Week2,270.0 Lee Graham - 132.0 Forest Hollow
Laurel Hill,Week4,Dowden Terrace,Week5,290.0 Dowden Terrace - 112.0 Laurel Hill
Lee Graham,Week4,South Run,Week1,273.0 Lee Graham - 120.0 South Run
Laurel Hill,Week5,Donaldson Run,Week5,319.0 Donaldson Run - 83.0 Laurel Hill
Laurel Hill,Week2,Lakeview,Week1,198.0 Lakeview - 198.0 Laurel Hill
Laurel Hill,Week4,Lakeview,Week1,240.0 Laurel Hill - 161.0 Lakeview
Lee Graham,Week4,South Run,Week4,292.0 Lee Graham - 110.0 South Run
Lee Graham,Week5,Walden Glen,Week5,294.0 Lee Graham - 108.0 Walden Glen
Lee Graham,Week3,Arlington Forest,Week5,270.0 Lee Graham - 132.0 Arlington Forest
Laurel Hill,Week2,McLean,Week3,354.0 McLean - 48.0 Laurel Hill
Lee Graham,Week3,Arlington Forest,Week3,312.0 Lee Graham - 90.0 Arlington Forest
Lee Graham,Week1,Fox Hunt,Week1,278.0 Lee Graham - 124.0 Fox Hunt
Lee Graham,Week5,Broyhill Crest,Week3,384.0 Lee Graham - 18.0 Broyhill Crest
Lee Graham,Week4,Forest Hollow,Week1,258.0 Lee Graham - 144.0 Forest Hollow
Laurel Hill,Week3,Lakeview,Week5,197.0 Lakeview - 193.0 Laurel Hill
Lee Graham,Week4,Arlington Forest,Week3,300.0 Lee Graham - 102.0 Arlington Forest
Lee Graham,Week1,Burke Station,Week1,303.0 Lee Graham - 76.0 Burke Station
Lee Graham,Week4,Arlington Forest,Week4,277.0 Lee Graham - 125.0 Arlington Forest
Lee Graham,Week5,Somerset-Olde Creek,Week4,362.0 Lee Graham - 40.0 Somerset-Olde Creek
Lee Graham,Week3,Forest Hollow,Week3,284.0 Lee Graham - 118.0 Forest Hollow
Laurel Hill,Week4,Forest Hollow,Week5,287.0 Forest Hollow - 115.0 Laurel Hill
Laurel Hill,Week1,Lakeview,Week5,207.0 Lakeview - 182.0 Laurel Hill
Lee Graham,Week2,Forest Hollow,Week5,266.0 Lee Graham - 136.0 Forest Hollow
Lee Graham,Week2,Burke Station,Week3,315.0 Lee Graham - 82.0 Burke Station
Lee Graham,Week2,South Run,Week1,267.0 Lee Graham - 126.0 South Run
Laurel Hill,Week4,Mantua,Week1,294.0 Mantua - 107.0 Laurel Hill
Lee Graham,Week3,South Run,Week4,293.0 Lee Graham - 109.0 South Run
Lee Graham,Week3,South Run,Week3,289.0 Lee Graham - 113.0 South Run
Laurel Hill,Week2,Dowden Terrace,Week1,284.0 Dowden Terrace - 112.0 Laurel Hill
Laurel Hill,Week3,Dowden Terrace,Week2,254.0 Dowden Terrace - 148.0 Laurel Hill
Laurel Hill,Week5,Forest Hollow,Week1,251.0 Forest Hollow - 151.0 Laurel Hill
Laurel Hill,Week5,Mantua,Week4,271.0 Mantua - 131.0 Laurel Hill
Lee Graham,Week2,Arlington Forest,Week4,283.0 Lee Graham - 119.0 Arlington Forest
Laurel Hill,Week5,Dowden Terrace,Week1,235.0 Dowden Terrace - 167.0 Laurel Hill
Laurel Hill,Week4,Lakeview,Week4,206.0 Laurel Hill - 194.0 Lakeview
Laurel Hill,Week5,Mantua,Week2,272.0 Mantua - 130.0 Laurel Hill
Laurel Hill,Week2,Mantua,Week5,336.0 Mantua - 66.0 Laurel Hill
Lee Graham,Week4,Forest Hollow,Week5,257.0 Lee Graham - 145.0 Forest Hollow
Laurel Hill,Week1,McLean,Week3,329.0 McLean - 73.0 Laurel Hill
Lee Graham,Week3,Burke Station,Week1,315.0 Lee Graham - 64.0 Burke Station
Lee Graham,Week4,Arlington Forest,Week1,286.0 Lee Graham - 116.0 Arlington Forest
Lee Graham,Week5,Broyhill Crest,Week5,377.0 Lee Graham - 25.0 Broyhill Crest
Laurel Hill,Week4,Dowden Terrace,Week1,268.0 Dowden Terrace - 134.0 Laurel Hill
Laurel Hill,Week1,Langley,Week1,325.0 Langley - 77.0 Laurel Hill
Lee Graham,Week1,Fox Hunt,Week2,273.0 Lee Graham - 129.0 Fox Hunt
Laurel Hill,Week4,Brandywine,Week2,259.0 Brandywine - 143.0 Laurel Hill
Lee Graham,Week2,Fox Hunt,Week4,294.0 Lee Graham - 108.0 Fox Hunt
Laurel Hill,Week1,Langley,Week2,306.0 Langley - 95.0 Laurel Hill
Lee Graham,Week1,Fox Hunt,Week5,258.0 Lee Graham - 144.0 Fox Hunt
Laurel Hill,Week3,Dowden Terrace,Week4,269.0 Dowden Terrace - 133.0 Laurel Hill
Lee Graham,Week5,South Run,Week1,279.0 Lee Graham - 114.0 South Run
Lee Graham,Week5,Arlington Forest,Week1,295.0 Lee Graham - 107.0 Arlington Forest
Laurel Hill,Week1,Dowden Terrace,Week4,275.0 Dowden Terrace - 127.0 Laurel Hill
Laurel Hill,Week3,Mantua,Week3,323.0 Mantua - 79.0 Laurel Hill
Lee Graham,Week5,Somerset-Olde Creek,Week2,362.0 Lee Graham - 40.0 Somerset-Olde Creek
Laurel Hill,Week1,Dowden Terrace,Week5,278.0 Dowden Terrace - 123.0 Laurel Hill
Laurel Hill,Week1,Fox Hunt,Week5,291.0 Fox Hunt - 109.0 Laurel Hill
Laurel Hill,Week5,Forest Hollow,Week5,266.0 Forest Hollow - 136.0 Laurel Hill
Laurel Hill,Week2,Commonwealth,Week5,266.0 Commonwealth - 134.0 Laurel Hill
Laurel Hill,Week2,Forest Hollow,Week1,301.0 Forest Hollow - 100.0 Laurel Hill
Lee Graham,Week2,Arlington Forest,Week2,300.0 Lee Graham - 102.0 Arlington Forest
Lee Graham,Week4,Broyhill Crest,Week4,378.0 Lee Graham - 24.0 Broyhill Crest
Laurel Hill,Week1,Fox Hunt,Week2,262.0 Fox Hunt - 138.0 Laurel Hill
Laurel Hill,Week1,Cottontail,Week1,268.0 Cottontail - 134.0 Laurel Hill
Lee Graham,Week5,Broyhill Crest,Week4,377.0 Lee Graham - 25.0 Broyhill Crest
Laurel Hill,Week1,Langley,Week4,321.0 Langley - 81.0 Laurel Hill
Laurel Hill,Week5,Mantua,Week3,293.0 Mantua - 109.0 Laurel Hill
Laurel Hill,Week1,McLean,Week2,334.0 McLean - 68.0 Laurel Hill
Laurel Hill,Week3,Brandywine,Week1,243.0 Brandywine - 158.0 Laurel Hill
Lee Graham,Week4,Somerset-Olde Creek,Week5,338.0 Lee Graham - 64.0 Somerset-Olde Creek
Lee Graham,Week4,Arlington Forest,Week5,259.0 Lee Graham - 143.0 Arlington Forest
Lee Graham,Week3,Burke Station,Week3,333.0 Lee Graham - 64.0 Burke Station
Laurel Hill,Week1,Langley,Week5,319.0 Langley - 82.0 Laurel Hill
Lee Graham,Week3,Burke Station,Week2,355.0 Lee Graham - 47.0 Burke Station
Lee Graham,Week5,Forest Hollow,Week3,283.0 Lee Graham - 119.0 Forest Hollow
Lee Graham,Week3,Arlington Forest,Week1,294.0 Lee Graham - 108.0 Arlington Forest
Laurel Hill,Week2,McLean,Week1,349.0 McLean - 53.0 Laurel Hill
Lee Graham,Week3,Fox Hunt,Week2,295.0 Lee Graham - 107.0 Fox Hunt
Lee Graham,Week4,Broyhill Crest,Week5,373.0 Lee Graham - 29.0 Broyhill Crest
Laurel Hill,Week4,Mantua,Week4,306.0 Mantua - 96.0 Laurel Hill
Laurel Hill,Week3,Dowden Terrace,Week1,263.0 Dowden Terrace - 138.0 Laurel Hill
Lee Graham,Week5,Somerset-Olde Creek,Week3,357.5 Lee Graham - 43.5 Somerset-Olde Creek
Laurel Hill,Week1,Cottontail,Week5,275.0 Cottontail - 127.0 Laurel Hill
Laurel Hill,Week1,McLean,Week4,319.0 McLean - 83.0 Laurel Hill
Lee Graham,Week2,Fox Hunt,Week5,276.0 Lee Graham - 126.0 Fox Hunt
Laurel Hill,Week2,Langley,Week3,328.0 Langley - 74.0 Laurel Hill
Lee Graham,Week3,Fox Hunt,Week1,302.0 Lee Graham - 100.0 Fox Hunt
Laurel Hill,Week1,Cottontail,Week3,256.0 Cottontail - 146.0 Laurel Hill
Lee Graham,Week3,South Run,Week2,292.0 Lee Graham - 110.0 South Run
Laurel Hill,Week4,Forest Hollow,Week3,273.0 Forest Hollow - 129.0 Laurel Hill
Laurel Hill,Week2,Langley,Week1,329.0 Langley - 73.0 Laurel Hill
Laurel Hill,Week1,Cottontail,Week4,250.0 Cottontail - 152.0 Laurel Hill
Laurel Hill,Week3,Forest Hollow,Week3,266.0 Forest Hollow - 136.0 Laurel Hill
Laurel Hill,Week4,Dowden Terrace,Week2,268.0 Dowden Terrace - 134.0 Laurel Hill
Laurel Hill,Week3,Dowden Terrace,Week5,284.0 Dowden Terrace - 118.0 Laurel Hill
Lee Graham,Week4,Burke Station,Week3,321.0 Lee Graham - 76.0 Burke Station
Laurel Hill,Week4,Forest Hollow,Week4,272.0 Forest Hollow - 130.0 Laurel Hill
Lee Graham,Week2,South Run,Week4,313.0 Lee Graham - 89.0 South Run
Lee Graham,Week2,Arlington Forest,Week5,256.0 Lee Graham - 146.0 Arlington Forest
Laurel Hill,Week2,Brandywine,Week5,304.0 Brandywine - 98.0 Laurel Hill
Lee Graham,Week3,Burke Station,Week5,331.0 Lee Graham - 71.0 Burke Station
Lee Graham,Week3,Arlington Forest,Week4,288.0 Lee Graham - 114.0 Arlington Forest
Laurel Hill,Week2,Commonwealth,Week4,238.0 Commonwealth - 157.0 Laurel Hill
Lee Graham,Week1,South Run,Week3,283.0 Lee Graham - 119.0 South Run
Lee Graham,Week2,Burke Station,Week1,300.0 Lee Graham - 79.0 Burke Station
Laurel Hill,Week2,Forest Hollow,Week3,296.0 Forest Hollow - 106.0 Laurel Hill
Lee Graham,Week2,Arlington Forest,Week3,316.0 Lee Graham - 86.0 Arlington Forest
Lee Graham,Week3,Fox Mill Estates,Week2,289.0 Lee Graham - 113.0 Fox Mill Estates
Lee Graham,Week2,Fox Mill Estates,Week1,306.0 Lee Graham - 96.0 Fox Mill Estates
Lee Graham,Week3,Fox Hunt,Week5,282.5 Lee Graham - 119.5 Fox Hunt
Laurel Hill,Week4,Commonwealth,Week1,230.0 Laurel Hill - 170.0 Commonwealth
Lee Graham,Week3,Camelot,Week5,297.0 Lee Graham - 105.0 Camelot
Laurel Hill,Week2,Brandywine,Week4,302.0 Brandywine - 100.0 Laurel Hill
Lee Graham,Week2,South Run,Week2,302.0 Lee Graham - 100.0 South Run
Lee Graham,Week5,Burke Station,Week2,353.0 Lee Graham - 49.0 Burke Station
Laurel Hill,Week1,Forest Hollow,Week1,279.0 Forest Hollow - 122.0 Laurel Hill
Lee Graham,Week5,Burke Station,Week4,334.0 Lee Graham - 68.0 Burke Station
Laurel Hill,Week3,Langley,Week3,320.0 Langley - 82.0 Laurel Hill
Laurel Hill,Week2,Cottontail,Week2,269.0 Cottontail - 133.0 Laurel Hill
Laurel Hill,Week5,Dowden Terrace,Week2,246.0 Dowden Terrace - 156.0 Laurel Hill
Laurel Hill,Week2,Cottontail,Week1,294.0 Cottontail - 108.0 Laurel Hill
Lee Graham,Week2,Fox Mill Estates,Week3,302.5 Lee Graham - 99.5 Fox Mill Estates
Laurel Hill,Week4,Mantua,Week3,324.0 Mantua - 78.0 Laurel Hill
Laurel Hill,Week5,Dowden Terrace,Week4,240.0 Dowden Terrace - 162.0 Laurel Hill
Lee Graham,Week5,Somerset-Olde Creek,Week1,353.0 Lee Graham - 48.0 Somerset-Olde Creek
Lee Graham,Week4,South Run,Week2,293.0 Lee Graham - 109.0 South Run
Laurel Hill,Week4,Brandywine,Week3,262.0 Brandywine - 136.0 Laurel Hill
Laurel Hill,Week1,Dunn Loring,Week4,329.0 Dunn Loring - 73.0 Laurel Hill
Laurel Hill,Week2,Dowden Terrace,Week5,312.0 Dowden Terrace - 90.0 Laurel Hill
Lee Graham,Week5,Arlington Forest,Week3,319.0 Lee Graham - 83.0 Arlington Forest
Laurel Hill,Week3,Langley,Week4,315.0 Langley - 86.0 Laurel Hill
Laurel Hill,Week2,Langley,Week5,324.5 Langley - 76.5 Laurel Hill
Laurel Hill,Week1,Brandywine,Week2,265.0 Brandywine - 133.0 Laurel Hill
Laurel Hill,Week2,Forest Hollow,Week2,293.0 Forest Hollow - 103.0 Laurel Hill
Laurel Hill,Week3,Langley,Week2,311.0 Langley - 90.0 Laurel Hill
Laurel Hill,Week4,Mantua,Week2,301.0 Mantua - 101.0 Laurel Hill
Laurel Hill,Week2,Forest Hollow,Week4,308.0 Forest Hollow - 94.0 Laurel Hill
Laurel Hill,Week2,Mantua,Week2,311.0 Mantua - 85.0 Laurel Hill
Lee Graham,Week3,Arlington Forest,Week2,296.5 Lee Graham - 105.5 Arlington Forest
Laurel Hill,Week1,Dunn Loring,Week2,332.0 Dunn Loring - 70.0 Laurel Hill
Lee Graham,Week5,Arlington Forest,Week4,285.0 Lee Graham - 117.0 Arlington Forest
Laurel Hill,Week3,Langley,Week1,316.0 Langley - 86.0 Laurel Hill
Laurel Hill,Week3,Mantua,Week1,285.0 Mantua - 116.0 Laurel Hill
Lee Graham,Week5,Arlington Forest,Week5,264.0 Lee Graham - 138.0 Arlington Forest
Lee Graham,Week4,Camelot,Week5,278.0 Lee Graham - 124.0 Camelot
Laurel Hill,Week3,Forest Hollow,Week2,264.0 Forest Hollow - 138.0 Laurel Hill
Laurel Hill,Week2,Dunn Loring,Week4,359.0 Dunn Loring - 43.0 Laurel Hill
Lee Graham,Week1,Brandywine,Week1,271.0 Lee Graham - 131.0 Brandywine
Lee Graham,Week4,Arlington Forest,Week2,286.0 Lee Graham - 116.0 Arlington Forest
Laurel Hill,Week3,Langley,Week5,309.0 Langley - 92.0 Laurel Hill
Laurel Hill,Week2,Mantua,Week3,345.0 Mantua - 57.0 Laurel Hill
Lee Graham,Week5,Somerset-Olde Creek,Week5,342.0 Lee Graham - 59.0 Somerset-Olde Creek
Laurel Hill,Week5,Commonwealth,Week4,220.0 Laurel Hill - 181.0 Commonwealth
Lee Graham,Week1,South Run,Week4,294.0 Lee Graham - 108.0 South Run
Lee Graham,Week5,Fox Hunt,Week2,304.0 Lee Graham - 98.0 Fox Hunt
Laurel Hill,Week4,Commonwealth,Week5,236.0 Commonwealth - 166.0 Laurel Hill
Laurel Hill,Week4,Mantua,Week5,322.0 Mantua - 80.0 Laurel Hill
Laurel Hill,Week3,Mantua,Week4,309.0 Mantua - 93.0 Laurel Hill
Laurel Hill,Week4,Forest Hollow,Week1,267.0 Forest Hollow - 135.0 Laurel Hill
Lee Graham,Week5,Arlington Forest,Week2,300.0 Lee Graham - 102.0 Arlington Forest
Laurel Hill,Week4,Langley,Week1,315.0 Langley - 87.0 Laurel Hill
Laurel Hill,Week1,Dunn Loring,Week5,338.0 Dunn Loring - 64.0 Laurel Hill
Laurel Hill,Week4,Langley,Week3,312.0 Langley - 90.0 Laurel Hill
Laurel Hill,Week3,Mantua,Week2,298.0 Mantua - 104.0 Laurel Hill
Laurel Hill,Week3,Forest Hollow,Week4,271.0 Forest Hollow - 131.0 Laurel Hill
Lee Graham,Week3,Camelot,Week3,304.0 Lee Graham - 98.0 Camelot
Lee Graham,Week2,Fox Mill Estates,Week2,293.0 Lee Graham - 109.0 Fox Mill Estates
Laurel Hill,Week1,Brandywine,Week5,285.0 Brandywine - 116.0 Laurel Hill
Laurel Hill,Week5,Commonwealth,Week2,201.0 Commonwealth - 201.0 Laurel Hill
Lee Graham,Week4,South Run,Week3,294.0 Lee Graham - 108.0 South Run
Lee Graham,Week2,South Run,Week5,276.0 Lee Graham - 126.0 South Run
Lee Graham,Week3,Fox Mill Estates,Week5,292.0 Lee Graham - 110.0 Fox Mill Estates
Laurel Hill,Week5,Commonwealth,Week5,203.0 Commonwealth - 199.0 Laurel Hill
Laurel Hill,Week2,Dunn Loring,Week1,328.0 Dunn Loring - 69.0 Laurel Hill
Lee Graham,Week5,Camelot,Week4,291.0 Lee Graham - 111.0 Camelot
Lee Graham,Week5,Fox Hunt,Week1,316.0 Lee Graham - 86.0 Fox Hunt
Laurel Hill,Week2,McLean,Week2,353.0 McLean - 49.0 Laurel Hill
Lee Graham,Week5,South Run,Week4,310.5 Lee Graham - 91.5 South Run
Lee Graham,Week1,Canterbury Woods,Week1,305.0 Lee Graham - 97.0 Canterbury Woods
Lee Graham,Week2,Camelot,Week1,290.0 Lee Graham - 112.0 Camelot
Laurel Hill,Week3,Dunn Loring,Week1,308.0 Dunn Loring - 94.0 Laurel Hill
Laurel Hill,Week4,Commonwealth,Week4,211.0 Commonwealth - 190.0 Laurel Hill
Lee Graham,Week5,South Run,Week5,282.0 Lee Graham - 120.0 South Run
Lee Graham,Week5,South Run,Week2,294.0 Lee Graham - 108.0 South Run
Lee Graham,Week3,Fox Mill Estates,Week1,309.0 Lee Graham - 93.0 Fox Mill Estates
Laurel Hill,Week2,Brandywine,Week1,269.0 Brandywine - 133.0 Laurel Hill
Lee Graham,Week5,Brandywine,Week1,270.0 Lee Graham - 132.0 Brandywine
Laurel Hill,Week5,Commonwealth,Week3,201.0 Commonwealth - 200.0 Laurel Hill
Laurel Hill,Week1,Laurel Hill,Week4,212.0 Laurel Hill (LH2) - 187.0 Laurel Hill (LH1)
Laurel Hill,Week1,Brandywine,Week3,257.0 Brandywine - 137.0 Laurel Hill
Laurel Hill,Week5,Langley,Week1,290.0 Langley - 112.0 Laurel Hill
Lee Graham,Week4,Fox Mill Estates,Week1,311.0 Lee Graham - 91.0 Fox Mill Estates
Laurel Hill,Week3,Dunn Loring,Week3,334.0 Dunn Loring - 68.0 Laurel Hill
Lee Graham,Week5,Burke Station,Week5,318.0 Lee Graham - 84.0 Burke Station
Laurel Hill,Week2,Brandywine,Week2,262.0 Brandywine - 140.0 Laurel Hill
Laurel Hill,Week4,Forest Hollow,Week2,260.5 Forest Hollow - 141.5 Laurel Hill
Laurel Hill,Week4,Langley,Week4,306.0 Langley - 96.0 Laurel Hill
Laurel Hill,Week1,McLean,Week1,326.0 McLean - 76.0 Laurel Hill
Laurel Hill,Week5,Forest Hollow,Week3,251.0 Forest Hollow - 151.0 Laurel Hill
Lee Graham,Week3,Brandywine,Week1,290.0 Lee Graham - 112.0 Brandywine
Laurel Hill,Week2,Dunn Loring,Week5,352.0 Dunn Loring - 50.0 Laurel Hill
Laurel Hill,Week1,Forest Hollow,Week4,283.0 Forest Hollow - 118.0 Laurel Hill
Laurel Hill,Week4,Dunn Loring,Week1,297.0 Dunn Loring - 105.0 Laurel Hill
Laurel Hill,Week3,Brandywine,Week2,243.0 Brandywine - 158.0 Laurel Hill
Lee Graham,Week4,Fox Mill Estates,Week2,291.0 Lee Graham - 111.0 Fox Mill Estates
Laurel Hill,Week2,Commonwealth,Week2,257.0 Commonwealth - 144.0 Laurel Hill
Lee Graham,Week2,Brandywine,Week1,277.0 Lee Graham - 125.0 Brandywine
Laurel Hill,Week4,McLean,Week5,343.0 McLean - 59.0 Laurel Hill
Lee Graham,Week4,Brandywine,Week4,256.0 Lee Graham - 146.0 Brandywine
Laurel Hill,Week5,McLean,Week2,310.0 McLean - 92.0 Laurel Hill
Lee Graham,Week4,Fox Mill Estates,Week4,272.0 Lee Graham - 130.0 Fox Mill Estates
Lee Graham,Week2,Camelot,Week2,274.0 Lee Graham - 128.0 Camelot
Laurel Hill,Week1,Cottontail,Week2,258.0 Cottontail - 144.0 Laurel Hill
Laurel Hill,Week5,Commonwealth,Week1,240.0 Laurel Hill - 160.0 Commonwealth
Lee Graham,Week1,Camelot,Week2,271.0 Lee Graham - 131.0 Camelot
Laurel Hill,Week1,Forest Hollow,Week2,272.0 Forest Hollow - 130.0 Laurel Hill
Laurel Hill,Week3,Dunn Loring,Week2,330.0 Dunn Loring - 72.0 Laurel Hill
Lee Graham,Week2,Springboard,Week1,341.0 Lee Graham - 61.0 Springboard
Lee Graham,Week2,Springboard,Week2,352.0 Lee Graham - 50.0 Springboard
Laurel Hill,Week3,Commonwealth,Week5,219.0 Commonwealth - 183.0 Laurel Hill
Laurel Hill,Week1,Mosby Woods,Week3,307.0 Mosby Woods - 95.0 Laurel Hill
Laurel Hill,Week1,Laurel Hill,Week5,246.0 Laurel Hill (LH2) - 150.0 Laurel Hill (LH1)
Laurel Hill,Week3,Brandywine,Week3,261.0 Brandywine - 137.0 Laurel Hill
Lee Graham,Week2,Camelot,Week3,286.0 Lee Graham - 116.0 Camelot
Lee Graham,Week4,Fox Mill Estates,Week3,290.0 Lee Graham - 112.0 Fox Mill Estates
Laurel Hill,Week3,McLean,Week5,340.0 McLean - 61.0 Laurel Hill
Laurel Hill,Week3,Dunn Loring,Week4,332.0 Dunn Loring - 70.0 Laurel Hill
Lee Graham,Week1,Camelot,Week4,290.0 Lee Graham - 112.0 Camelot
Lee Graham,Week1,Fox Mill Estates,Week5,282.0 Lee Graham - 120.0 Fox Mill Estates
Lee Graham,Week1,Springboard,Week2,354.0 Lee Graham - 43.0 Springboard
Laurel Hill,Week2,Commonwealth,Week3,257.0 Commonwealth - 139.0 Laurel Hill
Laurel Hill,Week2,Laurel Hill,Week1,226.0 Laurel Hill (LH2) - 169.0 Laurel Hill (LH1)
Lee Graham,Week3,Brandywine,Week5,250.0 Lee Graham - 152.0 Brandywine
Laurel Hill,Week2,Laurel Hill,Week4,239.0 Laurel Hill (LH2) - 161.0 Laurel Hill (LH1)
Laurel Hill,Week1,Forest Hollow,Week3,269.0 Forest Hollow - 133.0 Laurel Hill
Lee Graham,Week1,Springboard,Week3,327.0 Lee Graham - 75.0 Springboard
Laurel Hill,Week3,McLean,Week2,335.0 McLean - 67.0 Laurel Hill
Laurel Hill,Week1,Forest Hollow,Week5,284.0 Forest Hollow - 117.0 Laurel Hill
Laurel Hill,Week4,Laurel Hill,Week1,212.0 Laurel Hill (LH1) - 187.0 Laurel Hill (LH2)
Laurel Hill,Week2,Forest Hollow,Week5,314.0 Forest Hollow - 87.0 Laurel Hill
Lee Graham,Week1,Brandywine,Week4,255.0 Lee Graham - 147.0 Brandywine
Laurel Hill,Week3,Dunn Loring,Week5,335.0 Dunn Loring - 66.0 Laurel Hill
Lee Graham,Week4,Brandywine,Week5,234.0 Lee Graham - 168.0 Brandywine
Lee Graham,Week2,Bren Mar-Edsall Park,Week1,382.0 Lee Graham - 20.0 Bren Mar-Edsall Park
Lee Graham,Week4,Fox Hunt,Week3,262.0 Lee Graham - 140.0 Fox Hunt
Laurel Hill,Week4,Laurel Hill,Week2,239.0 Laurel Hill (LH1) - 161.0 Laurel Hill (LH2)
Laurel Hill,Week3,Laurel Hill,Week4,209.0 Laurel Hill (LH1) - 187.0 Laurel Hill (LH2)
Lee Graham,Week4,Fox Hunt,Week1,292.0 Lee Graham - 110.0 Fox Hunt
Lee Graham,Week5,Camelot,Week3,295.0 Lee Graham - 107.0 Camelot
Lee Graham,Week4,Camelot,Week2,272.0 Lee Graham - 130.0 Camelot
Lee Graham,Week2,Brandywine,Week5,235.0 Lee Graham - 167.0 Brandywine
Lee Graham,Week3,Springboard,Week1,333.0 Lee Graham - 69.0 Springboard
Laurel Hill,Week4,Dunn Loring,Week2,339.0 Dunn Loring - 63.0 Laurel Hill
Laurel Hill,Week3,Forest Hollow,Week1,262.0 Forest Hollow - 140.0 Laurel Hill
Laurel Hill,Week3,Commonwealth,Week2,220.0 Commonwealth - 182.0 Laurel Hill
Laurel Hill,Week4,Mosby Woods,Week3,311.0 Mosby Woods - 91.0 Laurel Hill
Lee Graham,Week1,Brandywine,Week5,240.0 Lee Graham - 162.0 Brandywine
Laurel Hill,Week4,Mosby Woods,Week5,303.0 Mosby Woods - 99.0 Laurel Hill
Laurel Hill,Week3,Commonwealth,Week3,220.0 Commonwealth - 182.0 Laurel Hill
Lee Graham,Week3,Camelot,Week2,284.5 Lee Graham - 117.5 Camelot
Laurel Hill,Week1,Laurel Hill,Week3,225.0 Laurel Hill (LH2) - 173.0 Laurel Hill (LH1)
Laurel Hill,Week3,Commonwealth,Week1,237.0 Laurel Hill - 165.0 Commonwealth
Laurel Hill,Week1,Brandywine,Week4,281.0 Brandywine - 121.0 Laurel Hill
Laurel Hill,Week1,Laurel Hill,Week2,226.0 Laurel Hill (LH1) - 169.0 Laurel Hill (LH2)
Lee Graham,Week1,Fox Mill Estates,Week3,298.0 Lee Graham - 104.0 Fox Mill Estates
Laurel Hill,Week5,Forest Hollow,Week2,243.0 Forest Hollow - 159.0 Laurel Hill
Lee Graham,Week5,Burke Station,Week3,334.0 Lee Graham - 63.0 Burke Station
Lee Graham,Week4,Springboard,Week1,329.0 Lee Graham - 73.0 Springboard
Laurel Hill,Week3,Forest Hollow,Week5,283.0 Forest Hollow - 119.0 Laurel Hill
Laurel Hill,Week1,Mosby Woods,Week5,315.0 Mosby Woods - 87.0 Laurel Hill
Lee Graham,Week4,Fox Hunt,Week4,277.0 Lee Graham - 125.0 Fox Hunt
Laurel Hill,Week5,Fairfax Station,Week5,319.0 Fairfax Station - 83.0 Laurel Hill
Laurel Hill,Week1,Brandywine,Week1,256.0 Brandywine - 140.0 Laurel Hill
Lee Graham,Week4,Springboard,Week3,329.0 Lee Graham - 73.0 Springboard
Laurel Hill,Week4,Brandywine,Week1,263.0 Brandywine - 139.0 Laurel Hill
Laurel Hill,Week4,Laurel Hill,Week3,209.0 Laurel Hill (LH2) - 187.0 Laurel Hill (LH1)
Lee Graham,Week1,Camelot,Week5,290.0 Lee Graham - 112.0 Camelot
Lee Graham,Week5,Springboard,Week4,330.0 Lee Graham - 72.0 Springboard
Lee Graham,Week1,Fox Mill Estates,Week1,299.0 Lee Graham - 103.0 Fox Mill Estates
Laurel Hill,Week5,Forest Hollow,Week4,253.0 Forest Hollow - 149.0 Laurel Hill
Laurel Hill,Week3,Brandywine,Week4,292.0 Brandywine - 110.0 Laurel Hill
Lee Graham,Week5,Springboard,Week3,336.0 Lee Graham - 66.0 Springboard
Laurel Hill,Week2,Brandywine,Week3,269.0 Brandywine - 124.0 Laurel Hill
Laurel Hill,Week3,McLean,Week3,332.0 McLean - 70.0 Laurel Hill
Lee Graham,Week1,Bren Mar-Edsall Park,Week2,375.0 Lee Graham - 26.0 Bren Mar-Edsall Park
Lee Graham,Week3,Brandywine,Week3,274.0 Lee Graham - 127.0 Brandywine
Laurel Hill,Week1,Fox Hunt,Week3,270.0 Fox Hunt - 131.0 Laurel Hill
Lee Graham,Week2,Camelot,Week4,289.0 Lee Graham - 113.0 Camelot
Laurel Hill,Week4,McLean,Week1,332.0 McLean - 70.0 Laurel Hill
Laurel Hill,Week2,Laurel Hill,Week5,261.0 Laurel Hill (LH2) - 138.0 Laurel Hill (LH1)
Laurel Hill,Week4,Commonwealth,Week3,236.0 Commonwealth - 165.0 Laurel Hill
Lee Graham,Week3,Fox Hunt,Week4,291.0 Lee Graham - 111.0 Fox Hunt
Lee Graham,Week1,Bren Mar-Edsall Park,Week1,376.0 Lee Graham - 26.0 Bren Mar-Edsall Park
Laurel Hill,Week3,Commonwealth,Week4,207.0 Commonwealth - 195.0 Laurel Hill
Laurel Hill,Week3,Brandywine,Week5,285.0 Brandywine - 117.0 Laurel Hill
Laurel Hill,Week2,Laurel Hill,Week2,186.0 Laurel Hill (LH1) - 186.0 Laurel Hill (LH2)
Laurel Hill,Week4,Commonwealth,Week2,227.0 Commonwealth - 175.0 Laurel Hill
Laurel Hill,Week1,Fox Hunt,Week1,269.0 Fox Hunt - 133.0 Laurel Hill
Lee Graham,Week4,Burke Station,Week5,324.0 Lee Graham - 78.0 Burke Station
Lee Graham,Week4,Fox Hunt,Week5,263.0 Lee Graham - 139.0 Fox Hunt
Laurel Hill,Week4,McLean,Week3,341.0 McLean - 60.0 Laurel Hill
Lee Graham,Week1,Springfield,Week1,376.0 Lee Graham - 26.0 Springfield
Lee Graham,Week4,Brandywine,Week3,267.0 Lee Graham - 135.0 Brandywine
Laurel Hill,Week1,Fox Hunt,Week4,274.0 Fox Hunt - 126.0 Laurel Hill
Lee Graham,Week5,Fox Hunt,Week5,288.0 Lee Graham - 114.0 Fox Hunt
Laurel Hill,Week2,Mosby Woods,Week5,333.0 Mosby Woods - 69.0 Laurel Hill
Laurel Hill,Week4,Mosby Woods,Week2,301.0 Mosby Woods - 101.0 Laurel Hill
Lee Graham,Week3,Bren Mar-Edsall Park,Week4,379.0 Lee Graham - 23.0 Bren Mar-Edsall Park
Laurel Hill,Week5,Langley,Week5,284.0 Langley - 117.0 Laurel Hill
Laurel Hill,Week5,Langley,Week3,291.0 Langley - 111.0 Laurel Hill
Laurel Hill,Week3,Laurel Hill,Week2,270.0 Laurel Hill (LH1) - 127.0 Laurel Hill (LH2)
Lee Graham,Week2,Camelot,Week5,291.0 Lee Graham - 111.0 Camelot
Lee Graham,Week1,Camelot,Week3,290.0 Lee Graham - 112.0 Camelot
Lee Graham,Week1,Brandywine,Week2,266.0 Lee Graham - 136.0 Brandywine
Laurel Hill,Week2,Mosby Woods,Week3,330.0 Mosby Woods - 66.0 Laurel Hill
Lee Graham,Week5,Fox Hunt,Week3,290.0 Lee Graham - 112.0 Fox Hunt
Lee Graham,Week5,Fox Hunt,Week4,300.0 Lee Graham - 102.0 Fox Hunt
Laurel Hill,Week2,Fox Hunt,Week2,292.0 Fox Hunt - 106.0 Laurel Hill
Laurel Hill,Week1,Fox Mill Estates,Week3,265.0 Fox Mill Estates - 136.0 Laurel Hill
Lee Graham,Week2,Springboard,Week4,334.0 Lee Graham - 68.0 Springboard
Lee Graham,Week1,Springboard,Week5,333.0 Lee Graham - 69.0 Springboard
Lee Graham,Week3,Springboard,Week2,350.0 Lee Graham - 52.0 Springboard
Lee Graham,Week3,Springboard,Week4,330.0 Lee Graham - 72.0 Springboard
Laurel Hill,Week3,McLean,Week4,322.0 McLean - 80.0 Laurel Hill
Lee Graham,Week1,Fox Mill Estates,Week2,286.0 Lee Graham - 116.0 Fox Mill Estates
Lee Graham,Week1,Fox Mill Estates,Week4,278.0 Lee Graham - 124.0 Fox Mill Estates
Laurel Hill,Week2,Fox Mill Estates,Week1,251.0 Fox Mill Estates - 151.0 Laurel Hill
Lee Graham,Week4,Fox Hunt,Week2,279.0 Lee Graham - 123.0 Fox Hunt
Lee Graham,Week5,Brandywine,Week3,266.0 Lee Graham - 136.0 Brandywine
Lee Graham,Week5,Burke Station,Week1,307.0 Lee Graham - 72.0 Burke Station
Lee Graham,Week1,Springfield,Week3,370.0 Lee Graham - 27.0 Springfield
Lee Graham,Week4,Burke Station,Week4,334.0 Lee Graham - 68.0 Burke Station
Laurel Hill,Week1,Laurel Hill,Week1,191.0 Laurel Hill (LH1) - 191.0 Laurel Hill (LH2)
Laurel Hill,Week4,McLean,Week2,333.0 McLean - 69.0 Laurel Hill
Lee Graham,Week4,Camelot,Week1,282.0 Lee Graham - 120.0 Camelot
Lee Graham,Week4,Camelot,Week4,282.5 Lee Graham - 119.5 Camelot
Laurel Hill,Week4,McLean,Week4,329.0 McLean - 73.0 Laurel Hill
Lee Graham,Week1,Springfield,Week5,383.0 Lee Graham - 19.0 Springfield
Lee Graham,Week4,Bren Mar-Edsall Park,Week5,376.0 Lee Graham - 26.0 Bren Mar-Edsall Park
Lee Graham,Week4,Bren Mar-Edsall Park,Week3,365.0 Lee Graham - 37.0 Bren Mar-Edsall Park
Laurel Hill,Week2,Laurel Hill,Week3,270.0 Laurel Hill (LH2) - 127.0 Laurel Hill (LH1)
Laurel Hill,Week5,Fox Hunt,Week5,260.0 Fox Hunt - 142.0 Laurel Hill
Laurel Hill,Week1,Fox Mill Estates,Week4,272.0 Fox Mill Estates - 129.0 Laurel Hill
Laurel Hill,Week3,Laurel Hill,Week1,225.0 Laurel Hill (LH1) - 173.0 Laurel Hill (LH2)
Lee Graham,Week3,Camelot,Week4,295.5 Lee Graham - 106.5 Camelot
Laurel Hill,Week2,Hunter Mill,Week2,320.0 Hunter Mill - 82.0 Laurel Hill
Laurel Hill,Week2,Mosby Woods,Week1,336.0 Mosby Woods - 66.0 Laurel Hill
Laurel Hill,Week2,Fox Mill Estates,Week5,277.0 Fox Mill Estates - 125.0 Laurel Hill
Lee Graham,Week4,Springboard,Week2,339.0 Lee Graham - 63.0 Springboard
Lee Graham,Week2,Fox Mill Estates,Week5,286.0 Lee Graham - 116.0 Fox Mill Estates
Laurel Hill,Week1,Mosby Woods,Week4,295.0 Mosby Woods - 107.0 Laurel Hill
Lee Graham,Week3,Brandywine,Week2,277.0 Lee Graham - 125.0 Brandywine
Laurel Hill,Week5,McLean,Week1,310.0 McLean - 87.0 Laurel Hill
Lee Graham,Week3,Camelot,Week1,294.0 Lee Graham - 108.0 Camelot
Laurel Hill,Week5,Langley,Week4,293.5 Langley - 108.5 Laurel Hill
Lee Graham,Week5,Bren Mar-Edsall Park,Week2,385.0 Lee Graham - 16.0 Bren Mar-Edsall Park
Lee Graham,Week2,Fox Mill Estates,Week4,285.0 Lee Graham - 117.0 Fox Mill Estates
Lee Graham,Week3,Springboard,Week3,332.0 Lee Graham - 70.0 Springboard
Lee Graham,Week2,Brandywine,Week3,263.0 Lee Graham - 139.0 Brandywine
Lee Graham,Week1,Camelot,Week1,278.0 Lee Graham - 124.0 Camelot
Laurel Hill,Week5,Fox Hunt,Week3,246.0 Fox Hunt - 151.0 Laurel Hill
Lee Graham,Week2,Springfield,Week2,381.0 Lee Graham - 21.0 Springfield
Laurel Hill,Week3,Laurel Hill,Week3,195.0 Laurel Hill (LH1) - 195.0 Laurel Hill (LH2)
Lee Graham,Week3,Fox Mill Estates,Week3,308.0 Lee Graham - 94.0 Fox Mill Estates
Laurel Hill,Week3,Fox Mill Estates,Week2,222.0 Fox Mill Estates - 179.0 Laurel Hill
Lee Graham,Week3,Fox Mill Estates,Week4,282.0 Lee Graham - 120.0 Fox Mill Estates
Lee Graham,Week2,Springboard,Week5,326.7 Lee Graham - 75.3 Springboard
Laurel Hill,Week3,Laurel Hill,Week5,226.0 Laurel Hill (LH2) - 170.0 Laurel Hill (LH1)
Lee Graham,Week3,Springboard,Week5,326.0 Lee Graham - 76.0 Springboard
Lee Graham,Week2,Brandywine,Week4,259.5 Lee Graham - 142.5 Brandywine
Laurel Hill,Week3,Mosby Woods,Week1,304.0 Mosby Woods - 98.0 Laurel Hill
Laurel Hill,Week1,Mosby Woods,Week1,319.0 Mosby Woods - 83.0 Laurel Hill
Lee Graham,Week4,Camelot,Week3,288.0 Lee Graham - 114.0 Camelot
Lee Graham,Week2,Brandywine,Week2,270.0 Lee Graham - 132.0 Brandywine
Laurel Hill,Week3,Fox Hunt,Week3,265.0 Fox Hunt - 137.0 Laurel Hill
Laurel Hill,Week2,Mosby Woods,Week2,337.0 Mosby Woods - 64.0 Laurel Hill
Lee Graham,Week1,Brandywine,Week3,256.0 Lee Graham - 141.0 Brandywine
Lee Graham,Week5,Camelot,Week2,281.0 Lee Graham - 121.0 Camelot
Laurel Hill,Week4,Fox Hunt,Week5,287.0 Fox Hunt - 115.0 Laurel Hill
Lee Graham,Week2,Springfield,Week3,379.0 Lee Graham - 23.0 Springfield
Lee Graham,Week3,Fox Mill Woods,Week2,239.0 Lee Graham - 163.0 Fox Mill Woods
Laurel Hill,Week1,Ilda Community,Week4,226.0 Ilda Community - 171.0 Laurel Hill
Laurel Hill,Week4,Fox Hunt,Week3,269.0 Fox Hunt - 133.0 Laurel Hill
Lee Graham,Week5,Fox Mill Woods,Week3,257.5 Lee Graham - 144.5 Fox Mill Woods
Lee Graham,Week3,Brandywine,Week4,266.0 Lee Graham - 136.0 Brandywine
Lee Graham,Week4,Fox Mill Woods,Week2,227.0 Lee Graham - 175.0 Fox Mill Woods
Lee Graham,Week5,Springboard,Week2,351.0 Lee Graham - 51.0 Springboard
Lee Graham,Week1,Springfield,Week2,368.0 Lee Graham - 34.0 Springfield
Lee Graham,Week5,Camelot,Week5,296.0 Lee Graham - 106.0 Camelot
Lee Graham,Week1,Canterbury Woods,Week5,297.5 Lee Graham - 104.5 Canterbury Woods
Lee Graham,Week5,Camelot,Week1,298.5 Lee Graham - 103.5 Camelot
Laurel Hill,Week4,Hunter Mill,Week4,309.0 Hunter Mill - 93.0 Laurel Hill
Lee Graham,Week2,Springfield,Week1,385.0 Lee Graham - 17.0 Springfield
Laurel Hill,Week3,Fox Hunt,Week4,249.0 Fox Hunt - 152.0 Laurel Hill
Lee Graham,Week4,Brandywine,Week1,278.0 Lee Graham - 124.0 Brandywine
Laurel Hill,Week2,Ilda Community,Week2,228.0 Ilda Community - 173.0 Laurel Hill
Laurel Hill,Week5,McLean,Week4,304.0 McLean - 98.0 Laurel Hill
Laurel Hill,Week2,Mosby Woods,Week4,325.0 Mosby Woods - 75.0 Laurel Hill
Laurel Hill,Week3,Mosby Woods,Week2,299.0 Mosby Woods - 103.0 Laurel Hill
Laurel Hill,Week1,Ilda Community,Week1,218.0 Ilda Community - 174.0 Laurel Hill
Lee Graham,Week3,Fox Mill Woods,Week3,242.5 Lee Graham - 159.5 Fox Mill Woods
Laurel Hill,Week3,Fox Mill Estates,Week3,240.0 Fox Mill Estates - 161.0 Laurel Hill
Laurel Hill,Week2,Hunter Mill,Week5,328.0 Hunter Mill - 74.0 Laurel Hill
Lee Graham,Week4,Brandywine,Week2,260.0 Lee Graham - 142.0 Brandywine
Lee Graham,Week1,Cardinal Hill,Week5,226.0 Lee Graham - 176.0 Cardinal Hill
Laurel Hill,Week4,Hunter Mill,Week2,295.0 Hunter Mill - 107.0 Laurel Hill
Lee Graham,Week5,Brandywine,Week2,276.0 Lee Graham - 126.0 Brandywine
Laurel Hill,Week3,Hunter Mill,Week5,302.0 Hunter Mill - 100.0 Laurel Hill
Lee Graham,Week5,Fox Mill Woods,Week2,248.0 Lee Graham - 154.0 Fox Mill Woods
Lee Graham,Week1,Bren Mar-Edsall Park,Week3,368.0 Lee Graham - 34.0 Bren Mar-Edsall Park
Lee Graham,Week5,Springboard,Week1,318.0 Lee Graham - 84.0 Springboard
Laurel Hill,Week5,McLean,Week3,328.0 McLean - 73.0 Laurel Hill
Lee Graham,Week5,Springboard,Week5,322.0 Lee Graham - 80.0 Springboard
Lee Graham,Week2,Cardinal Hill,Week2,255.5 Lee Graham - 146.5 Cardinal Hill
Lee Graham,Week2,Cardinal Hill,Week1,233.0 Lee Graham - 169.0 Cardinal Hill
Lee Graham,Week5,Brandywine,Week5,254.0 Lee Graham - 148.0 Brandywine
Lee Graham,Week5,Fox Mill Estates,Week2,298.5 Lee Graham - 103.5 Fox Mill Estates
Lee Graham,Week5,Brandywine,Week4,269.0 Lee Graham - 133.0 Brandywine
Lee Graham,Week2,Springboard,Week3,337.0 Lee Graham - 65.0 Springboard
Lee Graham,Week5,Fox Mill Estates,Week5,291.0 Lee Graham - 111.0 Fox Mill Estates
Laurel Hill,Week4,Fox Hunt,Week1,250.0 Fox Hunt - 152.0 Laurel Hill
Laurel Hill,Week1,Mosby Woods,Week2,306.0 Mosby Woods - 96.0 Laurel Hill
Lee Graham,Week1,Fox Mill Woods,Week5,213.0 Lee Graham - 189.0 Fox Mill Woods
Lee Graham,Week4,Springboard,Week4,332.0 Lee Graham - 70.0 Springboard
Laurel Hill,Week2,Fox Hunt,Week1,283.0 Fox Hunt - 118.0 Laurel Hill
Lee Graham,Week1,Bren Mar-Edsall Park,Week4,372.0 Lee Graham - 29.0 Bren Mar-Edsall Park
Laurel Hill,Week5,McLean,Week5,323.0 McLean - 79.0 Laurel Hill
Laurel Hill,Week5,Hunter Mill,Week2,266.0 Hunter Mill - 136.0 Laurel Hill
Laurel Hill,Week1,Fox Mill Estates,Week2,254.0 Fox Mill Estates - 147.0 Laurel Hill
Lee Graham,Week2,Canterbury Woods,Week2,308.0 Lee Graham - 94.0 Canterbury Woods
Lee Graham,Week3,Canterbury Woods,Week2,313.0 Lee Graham - 89.0 Canterbury Woods
Lee Graham,Week5,Canterbury Woods,Week4,306.0 Lee Graham - 96.0 Canterbury Woods
Laurel Hill,Week2,Fox Mill Estates,Week2,255.0 Fox Mill Estates - 143.0 Laurel Hill
Laurel Hill,Week3,Mosby Woods,Week3,304.0 Mosby Woods - 98.0 Laurel Hill
Laurel Hill,Week3,Mosby Woods,Week4,297.0 Mosby Woods - 105.0 Laurel Hill
Lee Graham,Week5,Fox Mill Estates,Week1,324.0 Lee Graham - 78.0 Fox Mill Estates
Laurel Hill,Week5,Hunter Mill,Week3,282.0 Hunter Mill - 120.0 Laurel Hill
Lee Graham,Week1,Springfield,Week4,376.0 Lee Graham - 26.0 Springfield
Laurel Hill,Week3,Fox Hunt,Week5,284.0 Fox Hunt - 118.0 Laurel Hill
Laurel Hill,Week3,Hunter Mill,Week4,304.0 Hunter Mill - 98.0 Laurel Hill
Laurel Hill,Week2,Fox Hunt,Week5,313.0 Fox Hunt - 85.0 Laurel Hill
Lee Graham,Week2,Fox Mill Woods,Week5,227.0 Lee Graham - 175.0 Fox Mill Woods
Lee Graham,Week4,Springboard,Week5,314.0 Lee Graham - 88.0 Springboard
Laurel Hill,Week4,Mosby Woods,Week4,306.0 Mosby Woods - 95.0 Laurel Hill
Lee Graham,Week2,Fox Mill Woods,Week1,230.0 Lee Graham - 172.0 Fox Mill Woods
Lee Graham,Week5,Canterbury Woods,Week2,309.0 Lee Graham - 93.0 Canterbury Woods
Laurel Hill,Week3,Mosby Woods,Week5,297.0 Mosby Woods - 105.0 Laurel Hill
Laurel Hill,Week4,Mosby Woods,Week1,318.0 Mosby Woods - 84.0 Laurel Hill
Laurel Hill,Week4,Fox Hunt,Week4,253.0 Fox Hunt - 149.0 Laurel Hill
Lee Graham,Week1,Stratford,Week4,312.0 Lee Graham - 90.0 Stratford
Lee Graham,Week3,Springfield,Week5,388.0 Lee Graham - 10.0 Springfield
Lee Graham,Week2,Bren Mar-Edsall Park,Week5,383.0 Lee Graham - 19.0 Bren Mar-Edsall Park
Laurel Hill,Week1,Mount Vernon Park,Week4,314.0 Mount Vernon Park - 88.0 Laurel Hill
Laurel Hill,Week4,Hunter Mill,Week3,306.0 Hunter Mill - 96.0 Laurel Hill
Lee Graham,Week4,Fox Mill Estates,Week5,292.5 Lee Graham - 109.5 Fox Mill Estates
Lee Graham,Week2,Canterbury Woods,Week3,312.0 Lee Graham - 90.0 Canterbury Woods
Laurel Hill,Week5,Fox Hunt,Week1,226.0 Fox Hunt - 176.0 Laurel Hill
Lee Graham,Week4,Springfield,Week5,385.0 Lee Graham - 17.0 Springfield
Laurel Hill,Week2,Fox Hunt,Week3,296.0 Fox Hunt - 100.0 Laurel Hill
Lee Graham,Week1,Canterbury Woods,Week4,290.0 Lee Graham - 112.0 Canterbury Woods
Lee Graham,Week4,Canterbury Woods,Week4,294.0 Lee Graham - 108.0 Canterbury Woods
Lee Graham,Week1,Stratford,Week2,325.5 Lee Graham - 76.5 Stratford
Lee Graham,Week1,Bren Mar-Edsall Park,Week5,369.0 Lee Graham - 33.0 Bren Mar-Edsall Park
Laurel Hill,Week3,Hunter Mill,Week2,280.0 Hunter Mill - 122.0 Laurel Hill
Lee Graham,Week2,Bren Mar-Edsall Park,Week3,376.0 Lee Graham - 26.0 Bren Mar-Edsall Park
Laurel Hill,Week3,Fox Hunt,Week1,250.0 Fox Hunt - 152.0 Laurel Hill
Laurel Hill,Week5,Hunter Mill,Week4,293.0 Hunter Mill - 109.0 Laurel Hill
Lee Graham,Week3,Canterbury Woods,Week5,297.0 Lee Graham - 105.0 Canterbury Woods
Lee Graham,Week2,Bren Mar-Edsall Park,Week2,385.0 Lee Graham - 17.0 Bren Mar-Edsall Park
Laurel Hill,Week2,Mount Vernon Park,Week4,322.0 Mount Vernon Park - 80.0 Laurel Hill
Laurel Hill,Week2,Hunter Mill,Week3,319.0 Hunter Mill - 82.0 Laurel Hill
Lee Graham,Week1,Fox Mill Woods,Week4,223.0 Lee Graham - 179.0 Fox Mill Woods
Lee Graham,Week1,Fox Mill Woods,Week1,214.0 Lee Graham - 188.0 Fox Mill Woods
Lee Graham,Week2,Bren Mar-Edsall Park,Week4,381.0 Lee Graham - 21.0 Bren Mar-Edsall Park
Laurel Hill,Week4,Fox Hunt,Week2,264.0 Fox Hunt - 137.0 Laurel Hill
Laurel Hill,Week1,Ilda Community,Week5,208.0 Ilda Community - 189.0 Laurel Hill
Laurel Hill,Week2,Hunter Mill,Week4,332.0 Hunter Mill - 70.0 Laurel Hill
Laurel Hill,Week3,Mount Vernon Park,Week1,296.0 Mount Vernon Park - 106.0 Laurel Hill
Lee Graham,Week3,Bren Mar-Edsall Park,Week5,378.0 Lee Graham - 24.0 Bren Mar-Edsall Park
Lee Graham,Week4,Canterbury Woods,Week2,303.0 Lee Graham - 99.0 Canterbury Woods
Lee Graham,Week2,Fox Mill Woods,Week4,236.0 Lee Graham - 166.0 Fox Mill Woods
Laurel Hill,Week3,Hunter Mill,Week1,293.0 Hunter Mill - 109.0 Laurel Hill
Lee Graham,Week5,Fox Mill Estates,Week3,298.0 Lee Graham - 104.0 Fox Mill Estates
Laurel Hill,Week3,Hunter Mill,Week3,304.0 Hunter Mill - 98.0 Laurel Hill
Lee Graham,Week3,Fox Mill Woods,Week1,230.0 Lee Graham - 172.0 Fox Mill Woods
Laurel Hill,Week5,Fox Hunt,Week2,227.0 Fox Hunt - 174.0 Laurel Hill
Laurel Hill,Week4,Mount Vernon Park,Week5,318.0 Mount Vernon Park - 84.0 Laurel Hill
Lee Graham,Week2,Springfield,Week4,388.0 Lee Graham - 14.0 Springfield
Lee Graham,Week3,Bren Mar-Edsall Park,Week3,379.0 Lee Graham - 23.0 Bren Mar-Edsall Park
Lee Graham,Week2,Fox Mill Woods,Week3,233.0 Lee Graham - 169.0 Fox Mill Woods
Laurel Hill,Week5,Mount Vernon Park,Week1,280.0 Mount Vernon Park - 122.0 Laurel Hill
Lee Graham,Week1,Cardinal Hill,Week2,235.0 Lee Graham - 167.0 Cardinal Hill
Lee Graham,Week4,Canterbury Woods,Week5,304.0 Lee Graham - 98.0 Canterbury Woods
Laurel Hill,Week2,Fox Hunt,Week4,294.0 Fox Hunt - 104.0 Laurel Hill
Lee Graham,Week2,Stratford,Week4,330.0 Lee Graham - 72.0 Stratford
Lee Graham,Week3,Bren Mar-Edsall Park,Week2,383.0 Lee Graham - 19.0 Bren Mar-Edsall Park
Laurel Hill,Week4,Mount Vernon Park,Week1,304.0 Mount Vernon Park - 98.0 Laurel Hill
Laurel Hill,Week3,Fox Hunt,Week2,253.0 Fox Hunt - 149.0 Laurel Hill
Lee Graham,Week3,Stratford,Week3,326.0 Lee Graham - 76.0 Stratford
Lee Graham,Week3,Bren Mar-Edsall Park,Week1,381.0 Lee Graham - 21.0 Bren Mar-Edsall Park
Lee Graham,Week2,Stratford,Week2,332.0 Lee Graham - 70.0 Stratford
Lee Graham,Week3,Canterbury Woods,Week3,315.0 Lee Graham - 87.0 Canterbury Woods
Lee Graham,Week4,Springfield,Week4,377.0 Lee Graham - 25.0 Springfield
Laurel Hill,Week5,Fox Hunt,Week4,236.0 Fox Hunt - 166.0 Laurel Hill
Laurel Hill,Week1,Hunter Mill,Week4,301.0 Hunter Mill - 100.0 Laurel Hill
Lee Graham,Week1,Canterbury Woods,Week2,302.0 Lee Graham - 100.0 Canterbury Woods
Laurel Hill,Week2,Fox Mill Estates,Week4,289.0 Fox Mill Estates - 112.0 Laurel Hill
Lee Graham,Week1,Fox Mill Woods,Week3,222.0 Lee Graham - 180.0 Fox Mill Woods
Lee Graham,Week2,Stratford,Week1,336.0 Lee Graham - 66.0 Stratford
Laurel Hill,Week1,Fox Mill Estates,Week1,236.0 Fox Mill Estates - 165.0 Laurel Hill
Laurel Hill,Week5,Mount Vernon Park,Week2,279.0 Mount Vernon Park - 123.0 Laurel Hill
Laurel Hill,Week1,Ilda Community,Week3,209.0 Ilda Community - 188.0 Laurel Hill
Lee Graham,Week3,Canterbury Woods,Week4,302.0 Lee Graham - 100.0 Canterbury Woods
Lee Graham,Week5,Bren Mar-Edsall Park,Week3,383.0 Lee Graham - 19.0 Bren Mar-Edsall Park
Laurel Hill,Week4,Mount Vernon Park,Week4,306.0 Mount Vernon Park - 96.0 Laurel Hill
Laurel Hill,Week5,Mosby Woods,Week1,296.0 Mosby Woods - 106.0 Laurel Hill
Laurel Hill,Week4,Hunter Mill,Week1,307.0 Hunter Mill - 95.0 Laurel Hill
Laurel Hill,Week1,Mount Vernon Park,Week2,321.0 Mount Vernon Park - 81.0 Laurel Hill
Lee Graham,Week5,Springfield,Week5,390.0 Lee Graham - 11.0 Springfield
Lee Graham,Week3,Stratford,Week4,324.0 Lee Graham - 78.0 Stratford
Lee Graham,Week4,Bren Mar-Edsall Park,Week4,369.0 Lee Graham - 33.0 Bren Mar-Edsall Park
Lee Graham,Week3,Fox Mill Woods,Week5,229.0 Lee Graham - 173.0 Fox Mill Woods
Laurel Hill,Week3,Mount Vernon Park,Week2,301.0 Mount Vernon Park - 101.0 Laurel Hill
Lee Graham,Week2,Springfield,Week5,389.0 Lee Graham - 13.0 Springfield
Lee Graham,Week4,Fox Mill Woods,Week1,215.0 Lee Graham - 187.0 Fox Mill Woods
Laurel Hill,Week2,Fox Mill Estates,Week3,273.0 Fox Mill Estates - 128.0 Laurel Hill
Lee Graham,Week4,Bren Mar-Edsall Park,Week1,381.0 Lee Graham - 20.0 Bren Mar-Edsall Park
Laurel Hill,Week4,Hunter Mill,Week5,312.5 Hunter Mill - 89.5 Laurel Hill
Lee Graham,Week1,Fox Mill Woods,Week2,226.0 Lee Graham - 176.0 Fox Mill Woods
Lee Graham,Week5,Bren Mar-Edsall Park,Week5,378.0 Lee Graham - 24.0 Bren Mar-Edsall Park
Lee Graham,Week4,Canterbury Woods,Week1,311.0 Lee Graham - 91.0 Canterbury Woods
Lee Graham,Week5,Fox Mill Estates,Week4,284.0 Lee Graham - 118.0 Fox Mill Estates
Laurel Hill,Week5,Ilda Community,Week2,225.5 Laurel Hill - 176.5 Ilda Community
Lee Graham,Week5,Bren Mar-Edsall Park,Week1,389.0 Lee Graham - 13.0 Bren Mar-Edsall Park
Lee Graham,Week1,Canterbury Woods,Week3,308.0 Lee Graham - 94.0 Canterbury Woods
Laurel Hill,Week2,Mount Vernon Park,Week3,333.0 Mount Vernon Park - 63.0 Laurel Hill
Laurel Hill,Week1,Fox Mill Estates,Week5,262.0 Fox Mill Estates - 139.0 Laurel Hill
Lee Graham,Week3,Springfield,Week4,388.0 Lee Graham - 12.0 Springfield
Laurel Hill,Week3,Fox Mill Estates,Week1,202.0 Fox Mill Estates - 199.0 Laurel Hill
Lee Graham,Week4,Bren Mar-Edsall Park,Week2,376.0 Lee Graham - 26.0 Bren Mar-Edsall Park
Laurel Hill,Week2,Hunter Mill,Week1,326.0 Hunter Mill - 76.0 Laurel Hill
Lee Graham,Week5,Canterbury Woods,Week3,310.0 Lee Graham - 92.0 Canterbury Woods
Lee Graham,Week2,Fox Mill Woods,Week2,245.0 Lee Graham - 157.0 Fox Mill Woods
Laurel Hill,Week1,Newington Forest,Week1,205.0 Laurel Hill - 192.0 Newington Forest
Laurel Hill,Week4,Fox Mill Woods,Week1,301.0 Fox Mill Woods - 101.0 Laurel Hill
Lee Graham,Week3,Fox Mill Woods,Week4,252.0 Lee Graham - 150.0 Fox Mill Woods
Lee Graham,Week3,Springfield,Week1,384.5 Lee Graham - 13.5 Springfield
Lee Graham,Week1,Brookfield ,Week1,273.0 Lee Graham - 129.0 Brookfield
Laurel Hill,Week3,Fox Mill Estates,Week5,236.0 Fox Mill Estates - 166.0 Laurel Hill
Lee Graham,Week1,Brookfield ,Week2,277.0 Lee Graham - 125.0 Brookfield
Lee Graham,Week5,Canterbury Woods,Week1,310.0 Lee Graham - 92.0 Canterbury Woods
Lee Graham,Week3,Canterbury Woods,Week1,315.0 Lee Graham - 87.0 Canterbury Woods
Lee Graham,Week5,Springfield,Week3,385.0 Lee Graham - 17.0 Springfield
Laurel Hill,Week5,Mount Vernon Park,Week4,293.0 Mount Vernon Park - 109.0 Laurel Hill
Lee Graham,Week4,Fox Mill Woods,Week5,225.0 Lee Graham - 177.0 Fox Mill Woods
Lee Graham,Week5,Bren Mar-Edsall Park,Week4,381.0 Lee Graham - 20.0 Bren Mar-Edsall Park
Lee Graham,Week2,Stratford,Week5,327.0 Lee Graham - 75.0 Stratford
Laurel Hill,Week5,Mount Vernon Park,Week3,286.0 Mount Vernon Park - 115.0 Laurel Hill
Laurel Hill,Week3,Fox Mill Woods,Week4,314.0 Fox Mill Woods - 88.0 Laurel Hill
Lee Graham,Week5,Fox Mill Woods,Week1,233.0 Lee Graham - 169.0 Fox Mill Woods
Laurel Hill,Week2,Ilda Community,Week1,213.0 Ilda Community - 188.0 Laurel Hill
Laurel Hill,Week3,Fox Mill Woods,Week1,306.0 Fox Mill Woods - 96.0 Laurel Hill
Lee Graham,Week4,Canterbury Woods,Week3,296.0 Lee Graham - 106.0 Canterbury Woods
Laurel Hill,Week1,Hunter Mill,Week5,311.0 Hunter Mill - 91.0 Laurel Hill
Laurel Hill,Week5,Hunter Mill,Week1,267.0 Hunter Mill - 135.0 Laurel Hill
Lee Graham,Week2,Canterbury Woods,Week4,297.0 Lee Graham - 105.0 Canterbury Woods
Lee Graham,Week4,Fox Mill Woods,Week3,233.0 Lee Graham - 169.0 Fox Mill Woods
Laurel Hill,Week4,Fox Mill Estates,Week5,247.0 Fox Mill Estates - 155.0 Laurel Hill
Lee Graham,Week2,Canterbury Woods,Week1,310.0 Lee Graham - 92.0 Canterbury Woods
Laurel Hill,Week1,Ilda Community,Week2,218.0 Ilda Community - 182.0 Laurel Hill
Laurel Hill,Week5,Hunter Mill,Week5,291.0 Hunter Mill - 111.0 Laurel Hill
Lee Graham,Week1,Sully Station,Week1,219.0 Lee Graham - 183.0 Sully Station
Laurel Hill,Week5,Mount Vernon Park,Week5,294.0 Mount Vernon Park - 108.0 Laurel Hill
Lee Graham,Week1,Brookfield ,Week3,290.0 Lee Graham - 112.0 Brookfield
Lee Graham,Week4,Fox Mill Woods,Week4,222.0 Lee Graham - 180.0 Fox Mill Woods
Lee Graham,Week5,Fox Mill Woods,Week4,262.0 Lee Graham - 140.0 Fox Mill Woods
Laurel Hill,Week2,Ilda Community,Week5,226.0 Ilda Community - 175.0 Laurel Hill
Lee Graham,Week1,Brookfield ,Week4,267.0 Lee Graham - 135.0 Brookfield
Laurel Hill,Week4,Fox Mill Woods,Week3,288.0 Fox Mill Woods - 114.0 Laurel Hill
Lee Graham,Week4,Springfield,Week3,377.0 Lee Graham - 24.0 Springfield
Laurel Hill,Week5,Mosby Woods,Week3,289.0 Mosby Woods - 113.0 Laurel Hill
Lee Graham,Week5,Canterbury Woods,Week5,302.0 Lee Graham - 100.0 Canterbury Woods
Laurel Hill,Week5,Fox Mill Woods,Week2,277.0 Fox Mill Woods - 125.0 Laurel Hill
Laurel Hill,Week5,Mosby Woods,Week5,282.0 Mosby Woods - 120.0 Laurel Hill
Lee Graham,Week2,Canterbury Woods,Week5,305.0 Lee Graham - 97.0 Canterbury Woods
Laurel Hill,Week1,Mount Vernon Park,Week3,316.0 Mount Vernon Park - 86.0 Laurel Hill
Laurel Hill,Week5,Camelot,Week2,220.0 Camelot - 182.0 Laurel Hill
Laurel Hill,Week4,Fox Mill Estates,Week4,269.0 Fox Mill Estates - 132.0 Laurel Hill
Laurel Hill,Week4,Ilda Community,Week3,204.0 Ilda Community - 198.0 Laurel Hill
Laurel Hill,Week4,Ilda Community,Week5,204.0 Laurel Hill - 197.0 Ilda Community
Lee Graham,Week5,Great Falls,Week3,270.0 Lee Graham - 132.0 Great Falls
Lee Graham,Week1,Stratford,Week1,327.0 Lee Graham - 75.0 Stratford
Lee Graham,Week2,Great Falls,Week2,280.0 Lee Graham - 104.0 Great Falls
Laurel Hill,Week1,Kent Gardens,Week5,306.0 Kent Gardens - 96.0 Laurel Hill
Lee Graham,Week1,Cardinal Hill,Week3,207.0 Cardinal Hill - 195.0 Lee Graham
Lee Graham,Week5,Springfield,Week1,387.0 Lee Graham - 15.0 Springfield
Laurel Hill,Week4,Fox Mill Woods,Week5,314.0 Fox Mill Woods - 88.0 Laurel Hill
Laurel Hill,Week2,Mount Vernon Park,Week2,325.0 Mount Vernon Park - 77.0 Laurel Hill
Lee Graham,Week1,Cardinal Hill,Week1,222.0 Lee Graham - 180.0 Cardinal Hill
Laurel Hill,Week4,Camelot,Week5,245.0 Camelot - 156.0 Laurel Hill
Lee Graham,Week3,Springfield,Week2,384.0 Lee Graham - 16.0 Springfield
Lee Graham,Week1,Great Falls,Week5,266.0 Lee Graham - 136.0 Great Falls
Lee Graham,Week3,Great Falls,Week4,294.0 Lee Graham - 108.0 Great Falls
Laurel Hill,Week2,Canterbury Woods,Week2,229.0 Canterbury Woods - 173.0 Laurel Hill
Lee Graham,Week2,Chesterbrook,Week2,281.0 Chesterbrook - 121.0 Lee Graham
Laurel Hill,Week5,Mosby Woods,Week2,285.0 Mosby Woods - 117.0 Laurel Hill
Laurel Hill,Week3,Mount Vernon Park,Week5,317.0 Mount Vernon Park - 85.0 Laurel Hill
Lee Graham,Week2,Chesterbrook,Week3,304.5 Chesterbrook - 97.5 Lee Graham
Laurel Hill,Week2,Fox Mill Woods,Week2,329.0 Fox Mill Woods - 73.0 Laurel Hill
Laurel Hill,Week2,Camelot,Week2,246.0 Camelot - 155.0 Laurel Hill
Lee Graham,Week3,Springfield,Week3,380.0 Lee Graham - 19.0 Springfield
Lee Graham,Week1,Stratford,Week3,318.0 Lee Graham - 84.0 Stratford
Laurel Hill,Week2,Fox Mill Woods,Week5,326.0 Fox Mill Woods - 75.0 Laurel Hill
Lee Graham,Week4,Springfield,Week2,379.0 Lee Graham - 23.0 Springfield
Laurel Hill,Week1,Fox Mill Woods,Week4,310.0 Fox Mill Woods - 92.0 Laurel Hill
Laurel Hill,Week5,Camelot,Week5,226.0 Camelot - 175.0 Laurel Hill
Lee Graham,Week5,Springfield,Week4,388.0 Lee Graham - 14.0 Springfield
Lee Graham,Week2,Greenbriar,Week1,275.0 Lee Graham - 127.0 Greenbriar
Laurel Hill,Week4,Camelot,Week3,234.5 Camelot - 166.5 Laurel Hill
Laurel Hill,Week2,Mount Vernon Park,Week5,339.0 Mount Vernon Park - 63.0 Laurel Hill
Lee Graham,Week2,Great Falls,Week3,269.0 Lee Graham - 133.0 Great Falls
Laurel Hill,Week3,Ilda Community,Week1,217.0 Laurel Hill - 185.0 Ilda Community
Laurel Hill,Week1,Mount Vernon Park,Week5,325.0 Mount Vernon Park - 71.0 Laurel Hill
Laurel Hill,Week1,Fox Mill Woods,Week1,309.0 Fox Mill Woods - 93.0 Laurel Hill
Lee Graham,Week1,Cardinal Hill,Week4,227.0 Lee Graham - 175.0 Cardinal Hill
Lee Graham,Week1,Greenbriar,Week1,266.0 Lee Graham - 136.0 Greenbriar
Lee Graham,Week1,Greenbriar,Week4,267.0 Lee Graham - 135.0 Greenbriar
Laurel Hill,Week5,Camelot,Week3,216.0 Camelot - 185.0 Laurel Hill
Laurel Hill,Week5,Ilda Community,Week3,226.0 Laurel Hill - 175.0 Ilda Community
Laurel Hill,Week2,Fox Mill Woods,Week4,329.0 Fox Mill Woods - 73.0 Laurel Hill
Lee Graham,Week5,Cardinal Hill,Week4,234.0 Lee Graham - 168.0 Cardinal Hill
Laurel Hill,Week3,Ilda Community,Week3,209.0 Laurel Hill - 193.0 Ilda Community
Lee Graham,Week4,Cardinal Hill,Week5,237.5 Lee Graham - 164.5 Cardinal Hill
Laurel Hill,Week1,Kent Gardens,Week4,273.0 Kent Gardens - 129.0 Laurel Hill
Lee Graham,Week5,Springfield,Week2,383.0 Lee Graham - 19.0 Springfield
Laurel Hill,Week4,Ilda Community,Week1,209.0 Laurel Hill - 193.0 Ilda Community
Lee Graham,Week5,Great Falls,Week1,312.0 Lee Graham - 89.0 Great Falls
Lee Graham,Week1,Chesterbrook,Week2,280.0 Chesterbrook - 122.0 Lee Graham
Lee Graham,Week4,Springfield,Week1,383.0 Lee Graham - 19.0 Springfield
Laurel Hill,Week2,Mount Vernon Park,Week1,316.0 Mount Vernon Park - 86.0 Laurel Hill
Laurel Hill,Week1,Fox Mill Woods,Week5,312.0 Fox Mill Woods - 89.0 Laurel Hill
Laurel Hill,Week1,Mount Vernon Park,Week1,314.0 Mount Vernon Park - 88.0 Laurel Hill
Laurel Hill,Week1,Canterbury Woods,Week3,249.0 Canterbury Woods - 153.0 Laurel Hill
Lee Graham,Week2,Great Falls,Week5,264.0 Lee Graham - 138.0 Great Falls
Laurel Hill,Week3,Ilda Community,Week4,213.0 Ilda Community - 189.0 Laurel Hill
Laurel Hill,Week2,Camelot,Week3,255.0 Camelot - 146.0 Laurel Hill
Lee Graham,Week1,Chesterbrook,Week3,306.0 Chesterbrook - 96.0 Lee Graham
Laurel Hill,Week5,Mosby Woods,Week4,285.0 Mosby Woods - 117.0 Laurel Hill
Lee Graham,Week4,Chesterbrook,Week1,259.0 Chesterbrook - 143.0 Lee Graham
Laurel Hill,Week4,Ilda Community,Week4,217.0 Ilda Community - 185.0 Laurel Hill
Laurel Hill,Week4,Mount Vernon Park,Week2,305.0 Mount Vernon Park - 97.0 Laurel Hill
Lee Graham,Week3,Great Falls,Week5,268.0 Lee Graham - 133.0 Great Falls
Lee Graham,Week2,Stratford,Week3,334.0 Lee Graham - 68.0 Stratford
Lee Graham,Week3,Great Falls,Week2,283.0 Lee Graham - 101.0 Great Falls
Laurel Hill,Week3,Ilda Community,Week2,207.0 Laurel Hill - 195.0 Ilda Community
Laurel Hill,Week2,Ilda Community,Week3,225.0 Ilda Community - 176.0 Laurel Hill
Laurel Hill,Week3,Fox Mill Woods,Week2,313.0 Fox Mill Woods - 89.0 Laurel Hill
Lee Graham,Week1,Stratford,Week5,321.0 Lee Graham - 81.0 Stratford
Laurel Hill,Week4,Ilda Community,Week2,207.0 Laurel Hill - 195.0 Ilda Community
Laurel Hill,Week3,Camelot,Week2,221.0 Camelot - 181.0 Laurel Hill
Laurel Hill,Week3,Mount Vernon Park,Week3,301.0 Mount Vernon Park - 97.0 Laurel Hill
Lee Graham,Week2,Chesterbrook,Week1,276.0 Chesterbrook - 126.0 Lee Graham
Laurel Hill,Week2,Canterbury Woods,Week5,237.0 Canterbury Woods - 164.0 Laurel Hill
Laurel Hill,Week3,Camelot,Week5,237.5 Camelot - 164.5 Laurel Hill
Lee Graham,Week3,Chesterbrook,Week4,287.0 Chesterbrook - 115.0 Lee Graham
Laurel Hill,Week4,Fox Mill Estates,Week3,247.0 Fox Mill Estates - 155.0 Laurel Hill
Laurel Hill,Week3,Mount Vernon Park,Week4,299.0 Mount Vernon Park - 103.0 Laurel Hill
Lee Graham,Week3,Stratford,Week2,333.0 Lee Graham - 69.0 Stratford
Lee Graham,Week4,Great Falls,Week1,297.0 Lee Graham - 105.0 Great Falls
Laurel Hill,Week1,Canterbury Woods,Week1,219.0 Canterbury Woods - 182.0 Laurel Hill
Lee Graham,Week3,Stratford,Week1,328.0 Lee Graham - 73.0 Stratford
Laurel Hill,Week4,Mount Vernon Park,Week3,312.0 Mount Vernon Park - 89.0 Laurel Hill
Lee Graham,Week3,Stratford,Week5,326.0 Lee Graham - 76.0 Stratford
Laurel Hill,Week2,Fox Mill Woods,Week1,330.0 Fox Mill Woods - 72.0 Laurel Hill
Laurel Hill,Week3,Fox Mill Estates,Week4,255.0 Fox Mill Estates - 143.0 Laurel Hill
Lee Graham,Week3,Cardinal Hill,Week5,243.0 Lee Graham - 159.0 Cardinal Hill
Lee Graham,Week3,Chesterbrook,Week1,263.0 Chesterbrook - 139.0 Lee Graham
Laurel Hill,Week1,Camelot,Week2,227.0 Camelot - 174.0 Laurel Hill
Laurel Hill,Week5,Newington Forest,Week1,237.0 Laurel Hill - 162.0 Newington Forest
Lee Graham,Week2,Greenbriar,Week3,263.0 Lee Graham - 139.0 Greenbriar
Lee Graham,Week4,Stratford,Week3,326.0 Lee Graham - 76.0 Stratford
Laurel Hill,Week5,Ilda Community,Week1,231.0 Laurel Hill - 170.0 Ilda Community
Laurel Hill,Week4,Newington Forest,Week1,222.0 Laurel Hill - 179.0 Newington Forest
Laurel Hill,Week1,Newington Forest,Week3,208.0 Laurel Hill - 192.0 Newington Forest
Lee Graham,Week4,Stratford,Week4,321.0 Lee Graham - 81.0 Stratford
Lee Graham,Week5,Great Falls,Week5,269.0 Lee Graham - 133.0 Great Falls
Laurel Hill,Week5,Fox Mill Estates,Week1,205.0 Fox Mill Estates - 197.0 Laurel Hill
Lee Graham,Week2,Great Falls,Week1,289.0 Lee Graham - 113.0 Great Falls
Lee Graham,Week5,Cardinal Hill,Week5,245.0 Lee Graham - 157.0 Cardinal Hill
Laurel Hill,Week3,Ilda Community,Week5,205.0 Laurel Hill - 196.0 Ilda Community
Laurel Hill,Week4,Camelot,Week4,220.0 Camelot - 182.0 Laurel Hill
Laurel Hill,Week4,Fox Mill Estates,Week2,237.0 Fox Mill Estates - 165.0 Laurel Hill
Lee Graham,Week5,Cardinal Hill,Week3,219.0 Lee Graham - 183.0 Cardinal Hill
Laurel Hill,Week2,Ilda Community,Week4,248.0 Ilda Community - 153.0 Laurel Hill
Laurel Hill,Week4,Fox Mill Estates,Week1,221.0 Fox Mill Estates - 181.0 Laurel Hill
Lee Graham,Week4,Great Falls,Week5,266.0 Lee Graham - 136.0 Great Falls
Laurel Hill,Week4,Camelot,Week1,225.0 Camelot - 177.0 Laurel Hill
Laurel Hill,Week1,Kent Gardens,Week2,274.0 Kent Gardens - 127.0 Laurel Hill
Laurel Hill,Week2,Camelot,Week5,260.0 Camelot - 142.0 Laurel Hill
Lee Graham,Week4,Stratford,Week1,332.0 Lee Graham - 70.0 Stratford
Lee Graham,Week4,Stratford,Week2,325.0 Lee Graham - 77.0 Stratford
Laurel Hill,Week5,Fox Mill Estates,Week2,228.0 Fox Mill Estates - 174.0 Laurel Hill
Laurel Hill,Week5,Fox Mill Estates,Week4,249.0 Fox Mill Estates - 152.0 Laurel Hill
Laurel Hill,Week3,Camelot,Week4,235.0 Camelot - 166.0 Laurel Hill
Lee Graham,Week2,Cardinal Hill,Week5,238.0 Lee Graham - 164.0 Cardinal Hill
Laurel Hill,Week2,Newington Forest,Week5,246.0 Newington Forest - 151.0 Laurel Hill
Laurel Hill,Week4,Camelot,Week2,227.0 Camelot - 175.0 Laurel Hill
Lee Graham,Week1,Chesterbrook,Week4,295.0 Chesterbrook - 107.0 Lee Graham
Laurel Hill,Week1,Kent Gardens,Week3,264.0 Kent Gardens - 137.0 Laurel Hill
Laurel Hill,Week2,North Springfield,Week3,205.0 Laurel Hill - 187.0 North Springfield
Lee Graham,Week4,Stratford,Week5,325.0 Lee Graham - 77.0 Stratford
Lee Graham,Week5,Stratford,Week1,331.0 Lee Graham - 71.0 Stratford
Laurel Hill,Week2,Newington Forest,Week1,214.0 Newington Forest - 185.0 Laurel Hill
Laurel Hill,Week2,Camelot,Week4,250.0 Camelot - 152.0 Laurel Hill
Laurel Hill,Week3,Kent Gardens,Week2,258.0 Kent Gardens - 144.0 Laurel Hill
Lee Graham,Week3,Great Falls,Week3,285.0 Lee Graham - 117.0 Great Falls
Laurel Hill,Week1,Camelot,Week5,242.0 Camelot - 158.0 Laurel Hill
Laurel Hill,Week2,Kent Gardens,Week2,304.0 Kent Gardens - 97.0 Laurel Hill
Laurel Hill,Week5,Newington Forest,Week5,208.0 Laurel Hill - 194.0 Newington Forest
Lee Graham,Week4,Cardinal Hill,Week3,202.0 Cardinal Hill - 200.0 Lee Graham
Laurel Hill,Week5,Fox Mill Estates,Week5,207.0 Fox Mill Estates - 195.0 Laurel Hill
Laurel Hill,Week2,Kent Gardens,Week4,310.5 Kent Gardens - 91.5 Laurel Hill
Laurel Hill,Week2,Kent Gardens,Week5,327.0 Kent Gardens - 75.0 Laurel Hill
Laurel Hill,Week1,Fox Mill Woods,Week3,296.0 Fox Mill Woods - 106.0 Laurel Hill
Lee Graham,Week5,Stratford,Week3,318.0 Lee Graham - 84.0 Stratford
Lee Graham,Week5,Stratford,Week4,325.0 Lee Graham - 77.0 Stratford
Laurel Hill,Week1,Fox Mill Woods,Week2,298.0 Fox Mill Woods - 104.0 Laurel Hill
Lee Graham,Week1,Great Falls,Week3,270.0 Lee Graham - 132.0 Great Falls
Lee Graham,Week1,Great Falls,Week1,277.0 Lee Graham - 124.0 Great Falls
Laurel Hill,Week2,Newington Forest,Week2,203.0 Newington Forest - 194.0 Laurel Hill
Laurel Hill,Week1,Camelot,Week3,240.0 Camelot - 161.0 Laurel Hill
Laurel Hill,Week1,North Springfield,Week4,226.0 Laurel Hill - 154.0 North Springfield
Lee Graham,Week3,Great Falls,Week1,296.0 Lee Graham - 106.0 Great Falls
Lee Graham,Week5,Stratford,Week2,326.0 Lee Graham - 76.0 Stratford
Lee Graham,Week4,Great Falls,Week2,276.0 Lee Graham - 108.0 Great Falls
Laurel Hill,Week4,Dunn Loring,Week3,342.0 Dunn Loring - 60.0 Laurel Hill
Laurel Hill,Week2,Fox Mill Woods,Week3,320.0 Fox Mill Woods - 82.0 Laurel Hill
Lee Graham,Week1,Great Falls,Week2,278.0 Lee Graham - 106.0 Great Falls
Laurel Hill,Week3,Fair Oaks ,Week2,243.0 Fair Oaks - 158.0 Laurel Hill
Laurel Hill,Week5,Fox Mill Estates,Week3,233.0 Fox Mill Estates - 169.0 Laurel Hill
Lee Graham,Week4,Cardinal Hill,Week1,232.0 Lee Graham - 170.0 Cardinal Hill
Lee Graham,Week2,Cardinal Hill,Week3,203.0 Lee Graham - 199.0 Cardinal Hill
Lee Graham,Week3,Chesterbrook,Week2,276.0 Chesterbrook - 126.0 Lee Graham
Laurel Hill,Week4,Fair Oaks ,Week4,282.0 Fair Oaks - 120.0 Laurel Hill
Lee Graham,Week1,Sully Station,Week3,232.0 Lee Graham - 170.0 Sully Station
Laurel Hill,Week3,Kent Gardens,Week4,254.0 Kent Gardens - 148.0 Laurel Hill
Laurel Hill,Week2,Newington Forest,Week3,215.0 Newington Forest - 187.0 Laurel Hill
Lee Graham,Week3,Cardinal Hill,Week3,224.0 Lee Graham - 178.0 Cardinal Hill
Lee Graham,Week1,Great Falls,Week4,286.0 Lee Graham - 116.0 Great Falls
Lee Graham,Week5,Cardinal Hill,Week1,231.0 Lee Graham - 171.0 Cardinal Hill
Lee Graham,Week5,Stratford,Week5,323.0 Lee Graham - 79.0 Stratford
Laurel Hill,Week3,Fox Mill Woods,Week5,307.0 Fox Mill Woods - 95.0 Laurel Hill
Lee Graham,Week1,Sully Station,Week2,224.0 Lee Graham - 178.0 Sully Station
Laurel Hill,Week3,Fox Mill Woods,Week3,304.0 Fox Mill Woods - 98.0 Laurel Hill
Lee Graham,Week4,Great Falls,Week3,265.0 Lee Graham - 137.0 Great Falls
Lee Graham,Week4,Cardinal Hill,Week2,246.5 Lee Graham - 155.5 Cardinal Hill
Laurel Hill,Week3,Kent Gardens,Week5,312.0 Kent Gardens - 90.0 Laurel Hill
Laurel Hill,Week4,Fox Mill Woods,Week2,307.0 Fox Mill Woods - 95.0 Laurel Hill
Laurel Hill,Week1,Kent Gardens,Week1,288.0 Kent Gardens - 113.0 Laurel Hill
Laurel Hill,Week3,Camelot,Week1,219.0 Camelot - 183.0 Laurel Hill
Laurel Hill,Week4,Kent Gardens,Week2,285.0 Kent Gardens - 117.0 Laurel Hill
Lee Graham,Week5,Fox Mill Woods,Week5,237.5 Lee Graham - 164.5 Fox Mill Woods
Laurel Hill,Week4,Fair Oaks ,Week1,296.0 Fair Oaks - 106.0 Laurel Hill
Laurel Hill,Week3,North Springfield,Week1,270.0 Laurel Hill - 80.0 North Springfield
Laurel Hill,Week1,Camelot,Week4,236.0 Camelot - 166.0 Laurel Hill
Lee Graham,Week2,Cardinal Hill,Week4,234.0 Lee Graham - 168.0 Cardinal Hill
Laurel Hill,Week3,North Springfield,Week3,234.0 Laurel Hill - 160.0 North Springfield
Laurel Hill,Week1,Camelot,Week1,222.0 Camelot - 178.0 Laurel Hill
Laurel Hill,Week5,Fair Oaks ,Week2,229.0 Fair Oaks - 173.0 Laurel Hill
Laurel Hill,Week4,Fox Mill Woods,Week4,316.0 Fox Mill Woods - 86.0 Laurel Hill
Lee Graham,Week2,Sully Station,Week1,213.5 Lee Graham - 188.5 Sully Station
Lee Graham,Week5,Great Falls,Week2,287.0 Lee Graham - 97.0 Great Falls
Laurel Hill,Week2,Camelot,Week1,233.0 Camelot - 167.0 Laurel Hill
Laurel Hill,Week3,Fair Oaks ,Week4,270.0 Fair Oaks - 132.0 Laurel Hill
Laurel Hill,Week3,North Springfield,Week5,232.0 Laurel Hill - 133.0 North Springfield
Laurel Hill,Week5,Fox Mill Woods,Week4,295.0 Fox Mill Woods - 107.0 Laurel Hill
Laurel Hill,Week1,Newington Forest,Week2,213.0 Laurel Hill - 186.0 Newington Forest
Lee Graham,Week2,Sully Station,Week3,231.5 Lee Graham - 170.5 Sully Station
Laurel Hill,Week5,Fox Mill Woods,Week1,277.0 Fox Mill Woods - 125.0 Laurel Hill
Lee Graham,Week2,Sully Station,Week2,226.0 Lee Graham - 176.0 Sully Station
Laurel Hill,Week3,Newington Forest,Week4,204.0 Laurel Hill - 197.0 Newington Forest
Laurel Hill,Week5,Ilda Community,Week4,204.0 Laurel Hill - 197.0 Ilda Community
Laurel Hill,Week5,Fair Oaks ,Week5,273.0 Fair Oaks - 129.0 Laurel Hill
Laurel Hill,Week2,Kent Gardens,Week1,311.0 Kent Gardens - 90.0 Laurel Hill
Laurel Hill,Week2,Fair Oaks ,Week4,299.0 Fair Oaks - 102.0 Laurel Hill
Lee Graham,Week1,Sully Station,Week4,243.0 Lee Graham - 159.0 Sully Station
Laurel Hill,Week3,Camelot,Week3,223.0 Camelot - 179.0 Laurel Hill
Lee Graham,Week3,Cardinal Hill,Week1,233.0 Lee Graham - 169.0 Cardinal Hill
Lee Graham,Week2,Sully Station,Week4,234.0 Lee Graham - 168.0 Sully Station
Lee Graham,Week3,Cardinal Hill,Week4,234.0 Lee Graham - 168.0 Cardinal Hill
Laurel Hill,Week1,Canterbury Woods,Week2,216.0 Canterbury Woods - 184.0 Laurel Hill
Laurel Hill,Week4,Newington Forest,Week4,209.0 Laurel Hill - 193.0 Newington Forest
Lee Graham,Week5,Great Falls,Week4,280.0 Lee Graham - 122.0 Great Falls
Lee Graham,Week3,Cardinal Hill,Week2,246.0 Lee Graham - 156.0 Cardinal Hill
Laurel Hill,Week5,Camelot,Week4,215.0 Camelot - 187.0 Laurel Hill
Laurel Hill,Week2,Kent Gardens,Week3,307.0 Kent Gardens - 93.0 Laurel Hill
Lee Graham,Week2,Great Falls,Week4,287.0 Lee Graham - 115.0 Great Falls
Laurel Hill,Week5,Dunn Loring,Week4,311.0 Dunn Loring - 91.0 Laurel Hill
Laurel Hill,Week5,Fox Mill Woods,Week3,268.0 Fox Mill Woods - 134.0 Laurel Hill
Laurel Hill,Week5,Ilda Community,Week5,222.0 Laurel Hill - 179.0 Ilda Community
Laurel Hill,Week5,Camelot,Week1,218.0 Camelot - 184.0 Laurel Hill
Lee Graham,Week4,Great Falls,Week4,284.0 Lee Graham - 118.0 Great Falls
Laurel Hill,Week1,Fair Oaks ,Week4,290.0 Fair Oaks - 112.0 Laurel Hill
Laurel Hill,Week1,Great Falls,Week2,250.0 Great Falls - 134.0 Laurel Hill
Laurel Hill,Week1,Great Falls,Week3,285.0 Great Falls - 116.0 Laurel Hill
Laurel Hill,Week3,Kent Gardens,Week3,261.0 Kent Gardens - 141.0 Laurel Hill
Laurel Hill,Week4,Newington Forest,Week5,209.0 Newington Forest - 193.0 Laurel Hill
Lee Graham,Week3,Sully Station,Week1,215.0 Lee Graham - 187.0 Sully Station
Laurel Hill,Week1,Fairfax,Week3,315.0 Fairfax - 87.0 Laurel Hill
Laurel Hill,Week1,Great Falls,Week1,255.0 Great Falls - 141.0 Laurel Hill
Lee Graham,Week2,Chesterbrook,Week4,283.5 Chesterbrook - 118.5 Lee Graham
Laurel Hill,Week5,Dunn Loring,Week5,320.0 Dunn Loring - 82.0 Laurel Hill
Lee Graham,Week1,Greenbriar,Week2,241.0 Lee Graham - 161.0 Greenbriar
Laurel Hill,Week2,Fair Oaks ,Week2,276.0 Fair Oaks - 125.0 Laurel Hill
Laurel Hill,Week3,Newington Forest,Week2,240.0 Laurel Hill - 152.0 Newington Forest
Lee Graham,Week2,Sully Station,Week5,207.0 Lee Graham - 195.0 Sully Station
Laurel Hill,Week1,Great Falls,Week4,255.0 Great Falls - 140.0 Laurel Hill
Lee Graham,Week1,Greenbriar,Week5,252.0 Lee Graham - 150.0 Greenbriar
Laurel Hill,Week3,Fair Oaks ,Week3,287.0 Fair Oaks - 115.0 Laurel Hill
Lee Graham,Week5,Cardinal Hill,Week2,252.0 Lee Graham - 150.0 Cardinal Hill
Laurel Hill,Week2,North Springfield,Week1,222.0 Laurel Hill - 122.0 North Springfield
Lee Graham,Week1,Chesterbrook,Week5,294.0 Chesterbrook - 108.0 Lee Graham
Lee Graham,Week3,Greenbriar,Week3,272.0 Lee Graham - 130.0 Greenbriar
Laurel Hill,Week3,Kings Ridge ,Week3,215.0 Laurel Hill - 183.0 Kings Ridge
Laurel Hill,Week4,Newington Forest,Week2,224.0 Laurel Hill - 174.0 Newington Forest
Laurel Hill,Week1,Canterbury Woods,Week4,239.0 Canterbury Woods - 162.0 Laurel Hill
Lee Graham,Week2,Chesterbrook,Week5,294.0 Chesterbrook - 108.0 Lee Graham
Laurel Hill,Week1,North Springfield,Week2,224.0 Laurel Hill - 152.0 North Springfield
Laurel Hill,Week2,North Springfield,Week2,207.0 Laurel Hill - 178.0 North Springfield
Laurel Hill,Week5,Fox Mill Woods,Week5,283.0 Fox Mill Woods - 119.0 Laurel Hill
Laurel Hill,Week4,Kent Gardens,Week1,296.0 Kent Gardens - 106.0 Laurel Hill
Laurel Hill,Week1,Canterbury Woods,Week5,236.0 Canterbury Woods - 166.0 Laurel Hill
Lee Graham,Week1,Greenbriar,Week3,253.0 Lee Graham - 149.0 Greenbriar
Laurel Hill,Week2,Canterbury Woods,Week3,257.0 Canterbury Woods - 140.0 Laurel Hill
Lee Graham,Week1,Sully Station,Week5,214.0 Lee Graham - 188.0 Sully Station
Laurel Hill,Week5,Kent Gardens,Week3,237.0 Kent Gardens - 165.0 Laurel Hill
Lee Graham,Week4,Cardinal Hill,Week4,230.0 Lee Graham - 172.0 Cardinal Hill
Laurel Hill,Week3,Kent Gardens,Week1,287.0 Kent Gardens - 115.0 Laurel Hill
Laurel Hill,Week2,Canterbury Woods,Week1,249.0 Canterbury Woods - 153.0 Laurel Hill
Lee Graham,Week1,Chesterbrook,Week1,269.0 Chesterbrook - 128.0 Lee Graham
Laurel Hill,Week4,Fair Oaks ,Week3,286.0 Fair Oaks - 116.0 Laurel Hill
Laurel Hill,Week2,Canterbury Woods,Week4,264.0 Canterbury Woods - 138.0 Laurel Hill
Lee Graham,Week2,Greenbriar,Week2,245.0 Lee Graham - 157.0 Greenbriar
Laurel Hill,Week2,Fair Oaks ,Week5,314.0 Fair Oaks - 88.0 Laurel Hill
Lee Graham,Week1,Commonwealth,Week4,300.0 Lee Graham - 97.0 Commonwealth
Laurel Hill,Week1,Newington Forest,Week4,214.5 Newington Forest - 186.5 Laurel Hill
Laurel Hill,Week1,Great Falls,Week5,261.0 Great Falls - 135.0 Laurel Hill
Lee Graham,Week3,Hamlet,Week2,208.0 Hamlet - 194.0 Lee Graham
Laurel Hill,Week2,Newington Forest,Week4,223.0 Newington Forest - 173.0 Laurel Hill
Lee Graham,Week4,Greenbriar,Week5,241.0 Lee Graham - 161.0 Greenbriar
Laurel Hill,Week4,Canterbury Woods,Week1,214.0 Canterbury Woods - 188.0 Laurel Hill
Lee Graham,Week3,Hamlet,Week4,231.0 Lee Graham - 171.0 Hamlet
Laurel Hill,Week1,Newington Forest,Week5,233.0 Newington Forest - 169.0 Laurel Hill
Lee Graham,Week2,Commonwealth,Week3,320.0 Lee Graham - 82.0 Commonwealth
Laurel Hill,Week4,Canterbury Woods,Week2,208.0 Canterbury Woods - 193.0 Laurel Hill
Laurel Hill,Week3,Newington Forest,Week5,204.0 Newington Forest - 198.0 Laurel Hill
Laurel Hill,Week5,Kent Gardens,Week5,294.0 Kent Gardens - 108.0 Laurel Hill
Laurel Hill,Week2,Fair Oaks ,Week3,314.0 Fair Oaks - 88.0 Laurel Hill
Lee Graham,Week3,Chesterbrook,Week3,293.0 Chesterbrook - 109.0 Lee Graham
Laurel Hill,Week3,Canterbury Woods,Week1,207.0 Canterbury Woods - 195.0 Laurel Hill
Laurel Hill,Week5,Dunn Loring,Week1,276.0 Dunn Loring - 126.0 Laurel Hill
Lee Graham,Week3,Commonwealth,Week1,326.0 Lee Graham - 76.0 Commonwealth
Lee Graham,Week3,Greenbriar,Week5,264.0 Lee Graham - 138.0 Greenbriar
Laurel Hill,Week4,Canterbury Woods,Week3,240.0 Canterbury Woods - 162.0 Laurel Hill
Lee Graham,Week3,Chesterbrook,Week5,288.0 Chesterbrook - 114.0 Lee Graham
Laurel Hill,Week3,Kings Ridge ,Week5,206.0 Kings Ridge - 196.0 Laurel Hill
Laurel Hill,Week4,Kent Gardens,Week3,266.0 Kent Gardens - 136.0 Laurel Hill
Laurel Hill,Week3,Newington Forest,Week3,225.0 Laurel Hill - 176.0 Newington Forest
Laurel Hill,Week3,Canterbury Woods,Week3,234.5 Canterbury Woods - 167.5 Laurel Hill
Laurel Hill,Week1,Kings Ridge ,Week4,213.0 Kings Ridge - 189.0 Laurel Hill
Laurel Hill,Week1,Fair Oaks ,Week1,285.0 Fair Oaks - 117.0 Laurel Hill
Laurel Hill,Week2,Great Falls,Week1,253.0 Great Falls - 135.0 Laurel Hill
Laurel Hill,Week1,Kings Ridge ,Week2,218.0 Laurel Hill - 182.0 Kings Ridge
Lee Graham,Week2,Hamlet,Week2,215.0 Hamlet - 187.0 Lee Graham
Laurel Hill,Week1,Fair Oaks ,Week2,266.5 Fair Oaks - 134.5 Laurel Hill
Laurel Hill,Week3,Canterbury Woods,Week2,201.0 Laurel Hill - 200.0 Canterbury Woods
Lee Graham,Week3,Commonwealth,Week2,307.0 Lee Graham - 95.0 Commonwealth
Laurel Hill,Week2,Kings Ridge ,Week2,211.0 Kings Ridge - 187.0 Laurel Hill
Laurel Hill,Week5,Canterbury Woods,Week2,208.0 Laurel Hill - 193.0 Canterbury Woods
Laurel Hill,Week5,Newington Forest,Week2,237.0 Laurel Hill - 161.0 Newington Forest
Laurel Hill,Week5,Newington Forest,Week3,230.0 Laurel Hill - 172.0 Newington Forest
Laurel Hill,Week3,Canterbury Woods,Week4,223.0 Canterbury Woods - 178.0 Laurel Hill
Laurel Hill,Week2,Fair Oaks ,Week1,300.0 Fair Oaks - 102.0 Laurel Hill
Laurel Hill,Week2,Kings Ridge ,Week5,247.0 Kings Ridge - 155.0 Laurel Hill
Lee Graham,Week3,Commonwealth,Week4,325.0 Lee Graham - 77.0 Commonwealth
Lee Graham,Week5,Greenbriar,Week3,276.0 Lee Graham - 126.0 Greenbriar
Laurel Hill,Week5,Dunn Loring,Week2,319.5 Dunn Loring - 82.5 Laurel Hill
Lee Graham,Week4,Commonwealth,Week2,291.0 Lee Graham - 111.0 Commonwealth
Lee Graham,Week4,Hamlet,Week1,208.0 Lee Graham - 194.0 Hamlet
Laurel Hill,Week2,Kings Ridge ,Week1,220.0 Kings Ridge - 177.0 Laurel Hill
Lee Graham,Week4,Greenbriar,Week1,259.0 Lee Graham - 143.0 Greenbriar
Laurel Hill,Week4,Canterbury Woods,Week4,230.0 Canterbury Woods - 171.0 Laurel Hill
Laurel Hill,Week4,Newington Forest,Week3,219.0 Laurel Hill - 183.0 Newington Forest
Laurel Hill,Week3,Kings Ridge ,Week1,231.0 Laurel Hill - 171.0 Kings Ridge
Laurel Hill,Week3,Newington Forest,Week1,231.0 Laurel Hill - 166.0 Newington Forest
Lee Graham,Week3,Greenbriar,Week2,255.0 Lee Graham - 147.0 Greenbriar
Laurel Hill,Week5,Canterbury Woods,Week1,212.0 Laurel Hill - 190.0 Canterbury Woods
Laurel Hill,Week4,Dunn Loring,Week4,335.0 Dunn Loring - 67.0 Laurel Hill
Laurel Hill,Week1,Fair Oaks ,Week3,304.0 Fair Oaks - 98.0 Laurel Hill
Lee Graham,Week1,Hamlet,Week5,232.0 Hamlet - 170.0 Lee Graham
Lee Graham,Week3,Commonwealth,Week5,305.0 Lee Graham - 97.0 Commonwealth
Laurel Hill,Week5,Kent Gardens,Week2,238.0 Kent Gardens - 164.0 Laurel Hill
Lee Graham,Week1,Hamlet,Week2,212.0 Hamlet - 190.0 Lee Graham
Laurel Hill,Week5,Kent Gardens,Week4,242.0 Kent Gardens - 160.0 Laurel Hill
Lee Graham,Week1,Hamlet,Week3,203.0 Lee Graham - 199.0 Hamlet
Lee Graham,Week2,Hamlet,Week5,234.0 Hamlet - 168.0 Lee Graham
Laurel Hill,Week4,Kent Gardens,Week5,312.0 Kent Gardens - 90.0 Laurel Hill
Laurel Hill,Week5,Dunn Loring,Week3,321.0 Dunn Loring - 81.0 Laurel Hill
Laurel Hill,Week4,Fair Oaks ,Week2,266.0 Fair Oaks - 136.0 Laurel Hill
Lee Graham,Week2,Commonwealth,Week2,306.0 Lee Graham - 96.0 Commonwealth
Laurel Hill,Week1,Kings Ridge ,Week3,197.0 Kings Ridge - 197.0 Laurel Hill
Laurel Hill,Week4,Dunn Loring,Week5,346.0 Dunn Loring - 56.0 Laurel Hill
Laurel Hill,Week3,Canterbury Woods,Week5,209.0 Canterbury Woods - 192.0 Laurel Hill
Lee Graham,Week4,Commonwealth,Week5,292.0 Lee Graham - 110.0 Commonwealth
Laurel Hill,Week1,Cardinal Hill,Week1,324.0 Cardinal Hill - 78.0 Laurel Hill
Lee Graham,Week5,Chesterbrook,Week4,268.0 Chesterbrook - 134.0 Lee Graham
Lee Graham,Week4,Commonwealth,Week4,295.0 Lee Graham - 107.0 Commonwealth
Laurel Hill,Week1,North Springfield,Week1,245.0 Laurel Hill - 99.0 North Springfield
Laurel Hill,Week1,Kings Ridge ,Week1,209.0 Kings Ridge - 192.0 Laurel Hill
Laurel Hill,Week4,Canterbury Woods,Week5,219.0 Canterbury Woods - 183.0 Laurel Hill
Lee Graham,Week3,Greenbriar,Week1,262.0 Lee Graham - 140.0 Greenbriar
Laurel Hill,Week1,Fair Oaks ,Week5,294.0 Fair Oaks - 108.0 Laurel Hill
Laurel Hill,Week1,North Springfield,Week5,215.0 Laurel Hill - 155.0 North Springfield
Laurel Hill,Week5,Newington Forest,Week4,216.0 Laurel Hill - 181.0 Newington Forest
Lee Graham,Week4,Commonwealth,Week3,308.0 Lee Graham - 94.0 Commonwealth
Laurel Hill,Week2,North Springfield,Week4,225.0 Laurel Hill - 159.0 North Springfield
Laurel Hill,Week3,North Springfield,Week2,263.0 Laurel Hill - 124.0 North Springfield
Laurel Hill,Week5,Canterbury Woods,Week3,215.0 Canterbury Woods - 186.0 Laurel Hill
Lee Graham,Week2,Commonwealth,Week4,323.0 Lee Graham - 79.0 Commonwealth
Laurel Hill,Week1,Kings Ridge ,Week5,221.0 Kings Ridge - 181.0 Laurel Hill
Lee Graham,Week5,Greenbriar,Week5,263.0 Lee Graham - 139.0 Greenbriar
Laurel Hill,Week3,Fair Oaks ,Week5,287.0 Fair Oaks - 115.0 Laurel Hill
Lee Graham,Week2,Hamlet,Week1,218.0 Lee Graham - 184.0 Hamlet
Laurel Hill,Week4,Fair Oaks ,Week5,297.0 Fair Oaks - 105.0 Laurel Hill
Lee Graham,Week5,Greenbriar,Week1,251.0 Lee Graham - 151.0 Greenbriar
Laurel Hill,Week5,Canterbury Woods,Week5,201.0 Canterbury Woods - 201.0 Laurel Hill
Laurel Hill,Week5,Canterbury Woods,Week4,209.0 Canterbury Woods - 192.0 Laurel Hill
Laurel Hill,Week2,Kings Ridge ,Week3,233.0 Kings Ridge - 166.0 Laurel Hill
Laurel Hill,Week2,Kings Ridge ,Week4,239.0 Kings Ridge - 163.0 Laurel Hill
Laurel Hill,Week3,Fair Oaks ,Week1,276.0 Fair Oaks - 126.0 Laurel Hill
Lee Graham,Week4,Commonwealth,Week1,317.0 Lee Graham - 85.0 Commonwealth
Laurel Hill,Week2,North Springfield,Week5,195.0 Laurel Hill - 172.0 North Springfield
Laurel Hill,Week1,North Springfield,Week3,209.0 Laurel Hill - 177.0 North Springfield
Lee Graham,Week3,Greenbriar,Week4,276.0 Lee Graham - 126.0 Greenbriar
Lee Graham,Week5,Greenbriar,Week4,263.5 Lee Graham - 138.5 Greenbriar
Laurel Hill,Week1,Cardinal Hill,Week2,297.0 Cardinal Hill - 105.0 Laurel Hill
Laurel Hill,Week5,North Springfield,Week5,233.0 Laurel Hill - 134.0 North Springfield
Lee Graham,Week4,Chesterbrook,Week4,274.0 Chesterbrook - 128.0 Lee Graham
Laurel Hill,Week1,Fairfax,Week1,300.0 Fairfax - 102.0 Laurel Hill
Lee Graham,Week5,Commonwealth,Week1,329.0 Lee Graham - 73.0 Commonwealth
Lee Graham,Week5,Chesterbrook,Week5,265.0 Chesterbrook - 137.0 Lee Graham
Lee Graham,Week2,Greenbriar,Week5,260.0 Lee Graham - 142.0 Greenbriar
Lee Graham,Week1,Commonwealth,Week2,290.5 Lee Graham - 111.5 Commonwealth
Laurel Hill,Week1,Oakton ,Week4,329.0 Oakton - 73.0 Laurel Hill
Laurel Hill,Week3,Kings Ridge ,Week2,225.0 Laurel Hill - 176.0 Kings Ridge
Lee Graham,Week2,Greenbriar,Week4,274.0 Lee Graham - 128.0 Greenbriar
Laurel Hill,Week5,Fair Oaks ,Week3,273.0 Fair Oaks - 129.0 Laurel Hill
Laurel Hill,Week4,North Springfield,Week5,228.0 Laurel Hill - 140.0 North Springfield
Lee Graham,Week5,Chesterbrook,Week2,250.0 Chesterbrook - 152.0 Lee Graham
Laurel Hill,Week2,Oakton ,Week3,340.0 Oakton - 57.0 Laurel Hill
Laurel Hill,Week5,Fair Oaks ,Week4,254.0 Fair Oaks - 148.0 Laurel Hill
Laurel Hill,Week1,Fairfax,Week2,316.0 Fairfax - 86.0 Laurel Hill
Laurel Hill,Week4,Kent Gardens,Week4,271.0 Kent Gardens - 131.0 Laurel Hill
Laurel Hill,Week3,Kings Ridge ,Week4,210.0 Kings Ridge - 192.0 Laurel Hill
Laurel Hill,Week2,Oakton ,Week2,348.0 Oakton - 54.0 Laurel Hill
Laurel Hill,Week1,Cardinal Hill,Week3,325.0 Cardinal Hill - 77.0 Laurel Hill
Laurel Hill,Week3,North Springfield,Week4,256.0 Laurel Hill - 130.0 North Springfield
Laurel Hill,Week5,Fair Oaks ,Week1,255.0 Fair Oaks - 147.0 Laurel Hill
Lee Graham,Week5,Greenbriar,Week2,247.0 Lee Graham - 155.0 Greenbriar
Lee Graham,Week4,Langley,Week3,214.0 Lee Graham - 188.0 Langley
Laurel Hill,Week5,Kent Gardens,Week1,263.0 Kent Gardens - 139.0 Laurel Hill
Lee Graham,Week4,Greenbriar,Week4,267.0 Lee Graham - 135.0 Greenbriar
Laurel Hill,Week1,Fairfax Club Estates,Week2,221.0 Fairfax Club Estates - 177.0 Laurel Hill
Laurel Hill,Week2,Oakton ,Week1,335.0 Oakton - 67.0 Laurel Hill
Lee Graham,Week4,Chesterbrook,Week2,264.0 Chesterbrook - 138.0 Lee Graham
Lee Graham,Week5,Chesterbrook,Week1,241.0 Chesterbrook - 161.0 Lee Graham
Lee Graham,Week5,Langley,Week5,230.0 Lee Graham - 172.0 Langley
Laurel Hill,Week1,Fairfax Club Estates,Week5,250.0 Fairfax Club Estates - 148.0 Laurel Hill
Laurel Hill,Week2,Fairfax,Week3,336.0 Fairfax - 66.0 Laurel Hill
Laurel Hill,Week2,Oakton ,Week5,346.0 Oakton - 56.0 Laurel Hill
Lee Graham,Week4,Langley,Week4,202.0 Langley - 200.0 Lee Graham
Laurel Hill,Week2,Fairfax,Week2,339.0 Fairfax - 63.0 Laurel Hill
Lee Graham,Week4,Chesterbrook,Week3,298.0 Chesterbrook - 104.0 Lee Graham
Lee Graham,Week1,Commonwealth,Week5,289.0 Lee Graham - 113.0 Commonwealth
Lee Graham,Week5,Laurel Hill,Week1,329.0 Lee Graham - 73.0 Laurel Hill
Lee Graham,Week3,Laurel Hill,Week3,323.5 Lee Graham - 77.5 Laurel Hill
Lee Graham,Week4,Laurel Hill,Week4,313.0 Lee Graham - 89.0 Laurel Hill
Laurel Hill,Week4,North Springfield,Week4,260.0 Laurel Hill - 129.0 North Springfield
Lee Graham,Week4,Chesterbrook,Week5,279.0 Chesterbrook - 123.0 Lee Graham
Lee Graham,Week1,Hamlet,Week1,207.0 Lee Graham - 195.0 Hamlet
Lee Graham,Week4,Greenbriar,Week3,266.0 Lee Graham - 136.0 Greenbriar
Laurel Hill,Week1,Oakton ,Week5,329.0 Oakton - 73.0 Laurel Hill
Lee Graham,Week2,Hamlet,Week3,204.0 Hamlet - 198.0 Lee Graham
Lee Graham,Week1,Commonwealth,Week1,311.0 Lee Graham - 86.0 Commonwealth
Laurel Hill,Week4,North Springfield,Week1,259.0 Laurel Hill - 90.0 North Springfield
Lee Graham,Week1,Hamlet,Week4,227.0 Lee Graham - 175.0 Hamlet
Laurel Hill,Week5,Cottontail,Week4,213.0 Cottontail - 184.0 Laurel Hill
Laurel Hill,Week4,Fairfax,Week3,320.0 Fairfax - 82.0 Laurel Hill
Laurel Hill,Week2,Cottontail,Week5,283.0 Cottontail - 119.0 Laurel Hill
Laurel Hill,Week2,Fairfax Club Estates,Week1,254.0 Fairfax Club Estates - 148.0 Laurel Hill
Lee Graham,Week4,Greenbriar,Week2,239.0 Lee Graham - 163.0 Greenbriar
Laurel Hill,Week3,Oakton ,Week1,309.0 Oakton - 93.0 Laurel Hill
Laurel Hill,Week5,Fairfax,Week5,313.0 Fairfax - 89.0 Laurel Hill
Lee Graham,Week3,Hamlet,Week5,226.0 Hamlet - 176.0 Lee Graham
Lee Graham,Week3,Hayfield Farm,Week1,292.0 Lee Graham - 110.0 Hayfield Farm
Lee Graham,Week1,Laurel Hill,Week1,305.0 Lee Graham - 97.0 Laurel Hill
Laurel Hill,Week1,Country Club Hills,Week5,273.5 Country Club Hills - 127.5 Laurel Hill
Laurel Hill,Week3,Oakton ,Week4,332.0 Oakton - 70.0 Laurel Hill
Lee Graham,Week3,Laurel Hill,Week4,327.0 Lee Graham - 75.0 Laurel Hill
Laurel Hill,Week4,Broyhill Crest,Week1,286.0 Laurel Hill - 110.0 Broyhill Crest
Laurel Hill,Week2,Oakton ,Week4,345.0 Oakton - 57.0 Laurel Hill
Lee Graham,Week1,Commonwealth,Week3,305.0 Lee Graham - 97.0 Commonwealth
Laurel Hill,Week3,Oakton ,Week3,320.0 Oakton - 82.0 Laurel Hill
Lee Graham,Week2,Laurel Hill,Week5,307.0 Lee Graham - 95.0 Laurel Hill
Laurel Hill,Week1,Country Club Hills,Week4,265.0 Country Club Hills - 137.0 Laurel Hill
Lee Graham,Week4,Langley,Week1,206.0 Langley - 196.0 Lee Graham
Laurel Hill,Week2,Cottontail,Week3,261.0 Cottontail - 141.0 Laurel Hill
Laurel Hill,Week1,Oakton ,Week3,319.0 Oakton - 83.0 Laurel Hill
Lee Graham,Week2,Laurel Hill,Week3,327.0 Lee Graham - 75.0 Laurel Hill
Lee Graham,Week3,Hamlet,Week1,222.0 Lee Graham - 180.0 Hamlet
Laurel Hill,Week3,Fairfax,Week1,290.0 Fairfax - 112.0 Laurel Hill
Laurel Hill,Week3,Fairfax,Week2,308.0 Fairfax - 94.0 Laurel Hill
Laurel Hill,Week2,Fairfax,Week4,340.0 Fairfax - 62.0 Laurel Hill
Lee Graham,Week2,Commonwealth,Week5,298.0 Lee Graham - 104.0 Commonwealth
Laurel Hill,Week3,Oakton ,Week2,325.0 Oakton - 77.0 Laurel Hill
Lee Graham,Week2,Hayfield Farm,Week4,280.0 Lee Graham - 122.0 Hayfield Farm
Laurel Hill,Week2,Country Club Hills,Week2,270.0 Country Club Hills - 132.0 Laurel Hill
Laurel Hill,Week5,Cottontail,Week2,218.0 Cottontail - 184.0 Laurel Hill
Laurel Hill,Week1,Country Club Hills,Week2,263.5 Country Club Hills - 137.5 Laurel Hill
Lee Graham,Week5,Chesterbrook,Week3,279.0 Chesterbrook - 123.0 Lee Graham
Lee Graham,Week3,Commonwealth,Week3,318.0 Lee Graham - 84.0 Commonwealth
Laurel Hill,Week1,Fairfax,Week5,323.0 Fairfax - 79.0 Laurel Hill
Laurel Hill,Week5,Cottontail,Week5,236.0 Cottontail - 166.0 Laurel Hill
Lee Graham,Week3,Laurel Hill,Week2,340.0 Lee Graham - 62.0 Laurel Hill
Lee Graham,Week3,Hamlet,Week3,209.0 Lee Graham - 193.0 Hamlet
Lee Graham,Week2,Hamlet,Week4,241.0 Lee Graham - 161.0 Hamlet
Lee Graham,Week5,Commonwealth,Week2,315.0 Lee Graham - 87.0 Commonwealth
Laurel Hill,Week3,Fairfax,Week5,327.0 Fairfax - 75.0 Laurel Hill
Laurel Hill,Week4,North Springfield,Week2,258.0 Laurel Hill - 128.0 North Springfield
Laurel Hill,Week4,Fairfax,Week4,319.0 Fairfax - 83.0 Laurel Hill
Lee Graham,Week2,Commonwealth,Week1,322.0 Lee Graham - 80.0 Commonwealth
Lee Graham,Week2,Cottontail,Week1,305.0 Lee Graham - 97.0 Cottontail
Lee Graham,Week5,Langley,Week4,223.0 Lee Graham - 179.0 Langley
Laurel Hill,Week3,Broyhill Crest,Week5,264.0 Laurel Hill - 137.0 Broyhill Crest
Laurel Hill,Week2,Country Club Hills,Week1,275.0 Country Club Hills - 127.0 Laurel Hill
Laurel Hill,Week2,Fairfax,Week5,347.0 Fairfax - 55.0 Laurel Hill
Lee Graham,Week4,Hayfield Farm,Week3,259.0 Lee Graham - 143.0 Hayfield Farm
Laurel Hill,Week5,Fairfax,Week2,302.0 Fairfax - 100.0 Laurel Hill
Lee Graham,Week2,Hayfield Farm,Week3,252.0 Lee Graham - 150.0 Hayfield Farm
Laurel Hill,Week5,North Springfield,Week3,246.0 Laurel Hill - 145.0 North Springfield
Laurel Hill,Week4,Cottontail,Week3,251.0 Cottontail - 151.0 Laurel Hill
Laurel Hill,Week5,North Springfield,Week4,268.0 Laurel Hill - 117.0 North Springfield
Lee Graham,Week2,Cottontail,Week2,308.0 Lee Graham - 94.0 Cottontail
Lee Graham,Week4,Hayfield Farm,Week1,272.0 Lee Graham - 130.0 Hayfield Farm
Lee Graham,Week3,Laurel Hill,Week5,307.0 Lee Graham - 95.0 Laurel Hill
Lee Graham,Week3,Laurel Hill,Week1,330.0 Lee Graham - 72.0 Laurel Hill
Laurel Hill,Week1,Broyhill Crest,Week1,267.0 Laurel Hill - 128.0 Broyhill Crest
Laurel Hill,Week5,Brookfield ,Week5,233.0 Brookfield - 169.0 Laurel Hill
Lee Graham,Week1,Cottontail,Week1,296.0 Lee Graham - 106.0 Cottontail
Laurel Hill,Week1,Oakton ,Week1,312.0 Oakton - 90.0 Laurel Hill
Lee Graham,Week5,Cottontail,Week5,299.0 Lee Graham - 103.0 Cottontail
Lee Graham,Week5,Hamlet,Week3,209.0 Lee Graham - 193.0 Hamlet
Lee Graham,Week2,Laurel Hill,Week4,333.0 Lee Graham - 69.0 Laurel Hill
Laurel Hill,Week3,Oakton ,Week5,320.0 Oakton - 82.0 Laurel Hill
Lee Graham,Week3,Hayfield Farm,Week4,284.0 Lee Graham - 118.0 Hayfield Farm
Laurel Hill,Week1,Fairfax Club Estates,Week3,232.0 Fairfax Club Estates - 164.0 Laurel Hill
Laurel Hill,Week2,Fairfax,Week1,320.0 Fairfax - 82.0 Laurel Hill
Lee Graham,Week5,Commonwealth,Week4,325.0 Lee Graham - 77.0 Commonwealth
Laurel Hill,Week4,Cottontail,Week4,239.0 Cottontail - 163.0 Laurel Hill
Lee Graham,Week1,Laurel Hill,Week5,299.0 Lee Graham - 103.0 Laurel Hill
Laurel Hill,Week1,Country Club Hills,Week1,270.0 Country Club Hills - 131.0 Laurel Hill
Laurel Hill,Week4,Broyhill Crest,Week2,284.0 Laurel Hill - 111.0 Broyhill Crest
Laurel Hill,Week4,North Springfield,Week3,230.0 Laurel Hill - 165.0 North Springfield
Laurel Hill,Week1,Broyhill Crest,Week5,240.5 Laurel Hill - 159.5 Broyhill Crest
Lee Graham,Week2,Laurel Hill,Week2,345.0 Lee Graham - 57.0 Laurel Hill
Laurel Hill,Week4,Long Branch,Week4,248.0 Long Branch - 154.0 Laurel Hill
Laurel Hill,Week3,Cottontail,Week4,235.5 Cottontail - 166.5 Laurel Hill
Lee Graham,Week3,Cottontail,Week4,307.0 Lee Graham - 95.0 Cottontail
Lee Graham,Week5,Langley,Week3,225.0 Lee Graham - 177.0 Langley
Lee Graham,Week4,Cottontail,Week1,292.0 Lee Graham - 110.0 Cottontail
Laurel Hill,Week4,Fairfax,Week1,296.0 Fairfax - 106.0 Laurel Hill
Lee Graham,Week3,Hayfield Farm,Week2,292.0 Lee Graham - 110.0 Hayfield Farm
Laurel Hill,Week4,Broyhill Crest,Week4,266.0 Laurel Hill - 132.0 Broyhill Crest
Laurel Hill,Week3,Fairfax,Week3,317.0 Fairfax - 85.0 Laurel Hill
Laurel Hill,Week5,Brookfield ,Week4,239.0 Brookfield - 163.0 Laurel Hill
Laurel Hill,Week5,Cottontail,Week3,215.0 Cottontail - 187.0 Laurel Hill
Lee Graham,Week4,Laurel Hill,Week3,312.0 Lee Graham - 90.0 Laurel Hill
Laurel Hill,Week1,Broyhill Crest,Week4,253.0 Laurel Hill - 146.0 Broyhill Crest
Laurel Hill,Week1,Oakton ,Week2,321.0 Oakton - 81.0 Laurel Hill
Laurel Hill,Week5,North Springfield,Week2,275.0 Laurel Hill - 108.0 North Springfield
Lee Graham,Week5,Hamlet,Week2,206.0 Lee Graham - 196.0 Hamlet
Laurel Hill,Week1,Fairfax,Week4,315.0 Fairfax - 87.0 Laurel Hill
Laurel Hill,Week1,Broyhill Crest,Week2,273.0 Laurel Hill - 126.0 Broyhill Crest
Laurel Hill,Week3,Cottontail,Week2,241.0 Cottontail - 161.0 Laurel Hill
Laurel Hill,Week5,North Springfield,Week1,271.0 Laurel Hill - 76.0 North Springfield
Lee Graham,Week4,Hayfield Farm,Week4,271.0 Lee Graham - 131.0 Hayfield Farm
Lee Graham,Week1,Cottontail,Week4,305.0 Lee Graham - 97.0 Cottontail
Lee Graham,Week4,Laurel Hill,Week1,320.0 Lee Graham - 82.0 Laurel Hill
Lee Graham,Week4,Hayfield Farm,Week5,300.0 Lee Graham - 102.0 Hayfield Farm
Laurel Hill,Week1,Country Club Hills,Week3,253.0 Country Club Hills - 148.0 Laurel Hill
Laurel Hill,Week3,Fairfax,Week4,322.0 Fairfax - 80.0 Laurel Hill
Lee Graham,Week1,Cottontail,Week5,291.0 Lee Graham - 111.0 Cottontail
Lee Graham,Week1,Laurel Hill,Week3,314.0 Lee Graham - 88.0 Laurel Hill
Lee Graham,Week5,Langley,Week2,221.0 Lee Graham - 181.0 Langley
Laurel Hill,Week5,Long Branch,Week1,208.0 Laurel Hill - 189.0 Long Branch
Laurel Hill,Week4,Long Branch,Week5,253.0 Long Branch - 149.0 Laurel Hill
Laurel Hill,Week4,Broyhill Crest,Week5,256.0 Laurel Hill - 145.0 Broyhill Crest
Lee Graham,Week2,Hayfield Farm,Week1,274.0 Lee Graham - 128.0 Hayfield Farm
Laurel Hill,Week4,Cottontail,Week2,251.5 Cottontail - 150.5 Laurel Hill
Lee Graham,Week5,Hayfield Farm,Week1,301.0 Lee Graham - 101.0 Hayfield Farm
Laurel Hill,Week2,Country Club Hills,Week3,270.0 Country Club Hills - 131.0 Laurel Hill
Lee Graham,Week5,Langley,Week1,220.0 Lee Graham - 182.0 Langley
Laurel Hill,Week4,Fairfax,Week2,326.0 Fairfax - 76.0 Laurel Hill
Laurel Hill,Week5,Fairfax,Week1,274.0 Fairfax - 128.0 Laurel Hill
Lee Graham,Week1,Cottontail,Week2,301.0 Lee Graham - 101.0 Cottontail
Lee Graham,Week4,Cottontail,Week5,287.0 Lee Graham - 115.0 Cottontail
Lee Graham,Week4,Langley,Week2,215.0 Lee Graham - 187.0 Langley
Laurel Hill,Week5,Broyhill Crest,Week1,288.0 Laurel Hill - 105.0 Broyhill Crest
Laurel Hill,Week5,Fairfax,Week3,302.0 Fairfax - 100.0 Laurel Hill
Laurel Hill,Week5,Cottontail,Week1,227.0 Cottontail - 175.0 Laurel Hill
Laurel Hill,Week4,Cottontail,Week5,269.0 Cottontail - 133.0 Laurel Hill
Laurel Hill,Week5,Fairfax,Week4,297.0 Fairfax - 105.0 Laurel Hill
Laurel Hill,Week5,Broyhill Crest,Week2,291.0 Laurel Hill - 101.0 Broyhill Crest
Laurel Hill,Week4,Fairfax,Week5,333.0 Fairfax - 69.0 Laurel Hill
Laurel Hill,Week1,Fairfax Club Estates,Week1,234.0 Fairfax Club Estates - 166.0 Laurel Hill
Laurel Hill,Week5,Broyhill Crest,Week3,280.0 Laurel Hill - 117.0 Broyhill Crest
Lee Graham,Week5,Hayfield Farm,Week2,289.0 Lee Graham - 113.0 Hayfield Farm
Laurel Hill,Week2,Cottontail,Week4,273.0 Cottontail - 129.0 Laurel Hill
Lee Graham,Week4,Hamlet,Week2,202.0 Lee Graham - 200.0 Hamlet
Lee Graham,Week4,Cottontail,Week3,302.0 Lee Graham - 100.0 Cottontail
Laurel Hill,Week3,Cottontail,Week3,240.0 Cottontail - 162.0 Laurel Hill
Laurel Hill,Week2,Long Branch,Week1,254.0 Long Branch - 147.0 Laurel Hill
Lee Graham,Week1,Cottontail,Week3,307.0 Lee Graham - 95.0 Cottontail
Lee Graham,Week4,Hamlet,Week4,223.0 Lee Graham - 179.0 Hamlet
Lee Graham,Week4,Hamlet,Week5,223.0 Hamlet - 179.0 Lee Graham
Lee Graham,Week5,Cottontail,Week1,308.0 Lee Graham - 94.0 Cottontail
Laurel Hill,Week5,Broyhill Crest,Week4,283.0 Laurel Hill - 114.0 Broyhill Crest
Laurel Hill,Week2,Long Branch,Week2,266.0 Long Branch - 130.0 Laurel Hill
Laurel Hill,Week3,Broyhill Crest,Week3,285.0 Laurel Hill - 116.0 Broyhill Crest
Lee Graham,Week4,Langley,Week5,213.0 Lee Graham - 189.0 Langley
Lee Graham,Week2,Laurel Hill,Week1,328.0 Lee Graham - 74.0 Laurel Hill
Laurel Hill,Week5,Long Branch,Week2,208.0 Long Branch - 194.0 Laurel Hill
Lee Graham,Week5,Commonwealth,Week3,322.0 Lee Graham - 80.0 Commonwealth
Laurel Hill,Week2,Fairfax Station,Week2,328.0 Fairfax Station - 69.0 Laurel Hill
Laurel Hill,Week3,Long Branch,Week3,211.0 Long Branch - 191.0 Laurel Hill
Laurel Hill,Week3,Cottontail,Week5,256.5 Cottontail - 145.5 Laurel Hill
Lee Graham,Week3,Cottontail,Week3,310.0 Lee Graham - 92.0 Cottontail
Lee Graham,Week1,Laurel Hill,Week2,331.0 Lee Graham - 65.0 Laurel Hill
Laurel Hill,Week4,Long Branch,Week2,232.0 Long Branch - 170.0 Laurel Hill
Laurel Hill,Week1,Fairfax Club Estates,Week4,246.0 Fairfax Club Estates - 155.0 Laurel Hill
Laurel Hill,Week3,Broyhill Crest,Week1,287.0 Laurel Hill - 110.0 Broyhill Crest
Laurel Hill,Week5,Fairfax Club Estates,Week2,205.0 Laurel Hill - 194.0 Fairfax Club Estates
Laurel Hill,Week3,Broyhill Crest,Week2,298.0 Laurel Hill - 98.0 Broyhill Crest
Lee Graham,Week1,Laurel Hill,Week4,314.0 Lee Graham - 88.0 Laurel Hill
Laurel Hill,Week4,Long Branch,Week1,224.0 Long Branch - 178.0 Laurel Hill
Lee Graham,Week2,Cottontail,Week4,313.0 Lee Graham - 89.0 Cottontail
Laurel Hill,Week1,Long Branch,Week3,238.0 Long Branch - 164.0 Laurel Hill
Laurel Hill,Week5,Long Branch,Week3,203.0 Laurel Hill - 198.0 Long Branch
Lee Graham,Week4,Laurel Hill,Week5,295.0 Lee Graham - 107.0 Laurel Hill
Lee Graham,Week4,Cottontail,Week2,297.0 Lee Graham - 105.0 Cottontail
Lee Graham,Week4,Laurel Hill,Week2,330.0 Lee Graham - 72.0 Laurel Hill
Laurel Hill,Week4,Cottontail,Week1,244.0 Cottontail - 158.0 Laurel Hill
Lee Graham,Week1,Hayfield Farm,Week2,284.0 Lee Graham - 118.0 Hayfield Farm
Laurel Hill,Week2,Broyhill Crest,Week4,243.0 Laurel Hill - 153.0 Broyhill Crest
Lee Graham,Week1,Hayfield Farm,Week1,285.0 Lee Graham - 117.0 Hayfield Farm
Laurel Hill,Week1,Broyhill Crest,Week3,266.0 Laurel Hill - 132.0 Broyhill Crest
Laurel Hill,Week5,Fairfax Club Estates,Week5,211.0 Fairfax Club Estates - 190.0 Laurel Hill
Lee Graham,Week5,Hamlet,Week1,222.0 Lee Graham - 180.0 Hamlet
Lee Graham,Week3,Cottontail,Week1,313.0 Lee Graham - 89.0 Cottontail
Lee Graham,Week3,Cottontail,Week5,295.0 Lee Graham - 107.0 Cottontail
Laurel Hill,Week3,Cottontail,Week1,248.0 Cottontail - 154.0 Laurel Hill
Lee Graham,Week1,Hayfield Farm,Week4,281.0 Lee Graham - 121.0 Hayfield Farm
Lee Graham,Week5,Laurel Hill,Week4,322.0 Lee Graham - 80.0 Laurel Hill
Lee Graham,Week1,Hayfield Farm,Week5,282.0 Lee Graham - 120.0 Hayfield Farm
Laurel Hill,Week1,Fairfax Station,Week1,317.0 Fairfax Station - 85.0 Laurel Hill
Laurel Hill,Week3,Fairfax Station,Week4,309.0 Fairfax Station - 93.0 Laurel Hill
Lee Graham,Week1,Lee Graham,Week4,215.0 Lee Graham (LG2) - 187.0 Lee Graham (LG1)
Lee Graham,Week1,Hayfield Farm,Week3,262.0 Lee Graham - 140.0 Hayfield Farm
Laurel Hill,Week2,Fairfax Club Estates,Week4,262.0 Fairfax Club Estates - 135.0 Laurel Hill
Laurel Hill,Week4,Broyhill Crest,Week3,273.0 Laurel Hill - 125.0 Broyhill Crest
Laurel Hill,Week2,Broyhill Crest,Week3,260.0 Laurel Hill - 140.0 Broyhill Crest
Laurel Hill,Week2,Long Branch,Week5,275.0 Long Branch - 127.0 Laurel Hill
Laurel Hill,Week2,Broyhill Crest,Week1,256.0 Laurel Hill - 128.0 Broyhill Crest
Laurel Hill,Week3,Long Branch,Week2,229.0 Long Branch - 173.0 Laurel Hill
Lee Graham,Week2,Lee Graham,Week3,230.0 Lee Graham (LG2) - 172.0 Lee Graham (LG1)
Lee Graham,Week5,Lee Graham,Week1,226.0 Lee Graham (LG1) - 176.0 Lee Graham (LG2)
Lee Graham,Week4,Lee Graham,Week5,216.0 Lee Graham (LG2) - 186.0 Lee Graham (LG1)
Lee Graham,Week5,Commonwealth,Week5,309.0 Lee Graham - 93.0 Commonwealth
Lee Graham,Week5,Hamlet,Week4,247.0 Lee Graham - 155.0 Hamlet
Lee Graham,Week5,Hamlet,Week5,217.0 Hamlet - 185.0 Lee Graham
Laurel Hill,Week2,Broyhill Crest,Week2,258.0 Laurel Hill - 136.0 Broyhill Crest
Laurel Hill,Week1,Long Branch,Week4,241.0 Long Branch - 161.0 Laurel Hill
Laurel Hill,Week1,Long Branch,Week2,246.0 Long Branch - 156.0 Laurel Hill
Lee Graham,Week4,Hamlet,Week3,201.0 Hamlet - 201.0 Lee Graham
Lee Graham,Week5,Cottontail,Week3,316.5 Lee Graham - 85.5 Cottontail
Lee Graham,Week5,Cottontail,Week2,304.0 Lee Graham - 98.0 Cottontail
Laurel Hill,Week3,Fairfax Station,Week1,306.0 Fairfax Station - 95.0 Laurel Hill
Laurel Hill,Week2,Broyhill Crest,Week5,224.0 Laurel Hill - 173.0 Broyhill Crest
Laurel Hill,Week2,Fairfax Station,Week1,336.0 Fairfax Station - 66.0 Laurel Hill
Laurel Hill,Week2,Long Branch,Week4,265.0 Long Branch - 137.0 Laurel Hill
Lee Graham,Week4,Cottontail,Week4,315.0 Lee Graham - 87.0 Cottontail
Lee Graham,Week1,Lee Graham,Week5,226.0 Lee Graham (LG2) - 176.0 Lee Graham (LG1)
Laurel Hill,Week1,Long Branch,Week1,222.0 Long Branch - 179.0 Laurel Hill
Lee Graham,Week4,Lee Graham,Week3,219.0 Lee Graham (LG2) - 183.0 Lee Graham (LG1)
Lee Graham,Week3,Cottontail,Week2,319.0 Lee Graham - 83.0 Cottontail
Laurel Hill,Week4,Brookfield ,Week1,280.0 Brookfield - 122.0 Laurel Hill
Lee Graham,Week5,Laurel Hill,Week2,337.0 Lee Graham - 64.0 Laurel Hill
Laurel Hill,Week5,Brookfield ,Week1,253.0 Brookfield - 149.0 Laurel Hill
Laurel Hill,Week5,Fairfax Club Estates,Week4,212.0 Fairfax Club Estates - 190.0 Laurel Hill
Lee Graham,Week3,Lee Graham,Week2,230.0 Lee Graham (LG1) - 172.0 Lee Graham (LG2)
Lee Graham,Week2,Hayfield Farm,Week2,282.0 Lee Graham - 120.0 Hayfield Farm
Laurel Hill,Week4,Fairfax Club Estates,Week3,219.0 Fairfax Club Estates - 180.0 Laurel Hill
Lee Graham,Week5,Cottontail,Week4,307.0 Lee Graham - 95.0 Cottontail
Laurel Hill,Week3,Long Branch,Week1,205.0 Long Branch - 197.0 Laurel Hill
Lee Graham,Week5,Laurel Hill,Week5,313.0 Lee Graham - 89.0 Laurel Hill
Laurel Hill,Week4,Brookfield ,Week5,265.0 Brookfield - 137.0 Laurel Hill
Laurel Hill,Week4,Brookfield ,Week4,269.0 Brookfield - 133.0 Laurel Hill
Laurel Hill,Week4,Long Branch,Week3,213.0 Long Branch - 188.0 Laurel Hill
Laurel Hill,Week1,Long Branch,Week5,263.0 Long Branch - 139.0 Laurel Hill
Laurel Hill,Week4,Fairfax Club Estates,Week5,236.0 Fairfax Club Estates - 166.0 Laurel Hill
Laurel Hill,Week4,Fairfax Club Estates,Week4,241.0 Fairfax Club Estates - 161.0 Laurel Hill
Lee Graham,Week2,Lee Graham,Week2,201.0 Lee Graham (LG1) - 201.0 Lee Graham (LG2)
Laurel Hill,Week1,Fairfax Station,Week2,322.0 Fairfax Station - 80.0 Laurel Hill
Laurel Hill,Week4,Brookfield ,Week2,264.0 Brookfield - 138.0 Laurel Hill
Laurel Hill,Week3,Broyhill Crest,Week4,277.0 Laurel Hill - 125.0 Broyhill Crest
Laurel Hill,Week2,Fairfax Club Estates,Week2,258.0 Fairfax Club Estates - 144.0 Laurel Hill
Lee Graham,Week5,Country Club Hills,Week5,300.0 Lee Graham - 102.0 Country Club Hills
Lee Graham,Week2,Hayfield Farm,Week5,297.0 Lee Graham - 105.0 Hayfield Farm
Lee Graham,Week4,Hayfield Farm,Week2,275.0 Lee Graham - 127.0 Hayfield Farm
Lee Graham,Week2,Cottontail,Week5,297.0 Lee Graham - 105.0 Cottontail
Laurel Hill,Week3,Long Branch,Week4,218.0 Long Branch - 184.0 Laurel Hill
Lee Graham,Week2,Cottontail,Week3,318.5 Lee Graham - 83.5 Cottontail
Laurel Hill,Week3,Long Branch,Week5,226.0 Long Branch - 176.0 Laurel Hill
Lee Graham,Week3,Lee Graham,Week3,201.0 Lee Graham (LG1) - 201.0 Lee Graham (LG2)
Lee Graham,Week2,Country Club Hills,Week5,304.0 Lee Graham - 98.0 Country Club Hills
Lee Graham,Week1,Country Club Hills,Week5,285.0 Lee Graham - 117.0 Country Club Hills
Lee Graham,Week3,Hayfield Farm,Week5,290.0 Lee Graham - 112.0 Hayfield Farm
Laurel Hill,Week2,Long Branch,Week3,248.0 Long Branch - 153.0 Laurel Hill
Lee Graham,Week3,Herndon,Week3,362.0 Lee Graham - 40.0 Herndon
Lee Graham,Week3,Lee Graham,Week4,219.0 Lee Graham (LG1) - 183.0 Lee Graham (LG2)
Lee Graham,Week3,Herndon,Week4,360.0 Lee Graham - 42.0 Herndon
Laurel Hill,Week3,Fairfax Club Estates,Week4,223.0 Fairfax Club Estates - 179.0 Laurel Hill
Lee Graham,Week3,Hayfield Farm,Week3,278.0 Lee Graham - 124.0 Hayfield Farm
Lee Graham,Week4,Herndon,Week3,355.0 Lee Graham - 47.0 Herndon
Lee Graham,Week2,Lee Graham,Week4,203.0 Lee Graham (LG1) - 199.0 Lee Graham (LG2)
Lee Graham,Week3,Country Club Hills,Week1,317.0 Lee Graham - 85.0 Country Club Hills
Laurel Hill,Week1,Fairfax Station,Week3,334.0 Fairfax Station - 68.0 Laurel Hill
Laurel Hill,Week1,Fairfax Station,Week5,340.0 Fairfax Station - 62.0 Laurel Hill
Lee Graham,Week5,Herndon,Week5,362.5 Lee Graham - 39.5 Herndon
Laurel Hill,Week5,Brookfield ,Week2,233.0 Brookfield - 169.0 Laurel Hill
Lee Graham,Week1,Crosspointe,Week3,204.0 Lee Graham - 193.0 Crosspointe
Lincolnia Park,Week4,Orange Hunt,Week2,313.0 Orange Hunt - 89.0 Lincolnia Park
Little Hunting Park,Week3,Greenbriar,Week5,255.0 Greenbriar - 145.0 Little Hunting Park
Little Hunting Park,Week2,Lee Graham,Week5,322.0 Lee Graham - 80.0 Little Hunting Park
Little Hunting Park,Week4,Springboard,Week3,213.0 Little Hunting Park - 185.0 Springboard
Little Hunting Park,Week2,Great Falls,Week3,259.0 Great Falls - 143.0 Little Hunting Park
Little Hunting Park,Week3,Springboard,Week4,216.5 Little Hunting Park - 185.5 Springboard
Little Hunting Park,Week4,Springboard,Week1,214.0 Little Hunting Park - 184.0 Springboard
Lincolnia Park,Week3,Chesterbrook,Week2,362.0 Chesterbrook - 31.0 Lincolnia Park
Lincolnia Park,Week1,Sully Station II,Week4,335.0 Sully Station II - 67.0 Lincolnia Park
Lincolnia Park,Week5,Sully Station,Week1,316.0 Sully Station - 73.0 Lincolnia Park
Little Hunting Park,Week2,Great Falls,Week4,228.0 Great Falls - 173.0 Little Hunting Park
Little Hunting Park,Week1,Springboard,Week5,210.0 Little Hunting Park - 183.0 Springboard
Little Hunting Park,Week2,Lee Graham,Week2,322.0 Lee Graham - 80.0 Little Hunting Park
Little Hunting Park,Week2,Lincolnia Park,Week4,249.0 Little Hunting Park - 152.0 Lincolnia Park
Lincolnia Park,Week5,Little Rocky Run,Week5,335.5 Little Rocky Run - 57.5 Lincolnia Park
Lincolnia Park,Week1,Sully Station II,Week3,344.0 Sully Station II - 58.0 Lincolnia Park
Lincolnia Park,Week2,Orange Hunt,Week4,306.0 Orange Hunt - 86.0 Lincolnia Park
Little Hunting Park,Week2,Lincolnia Park,Week1,238.0 Little Hunting Park - 164.0 Lincolnia Park
Little Hunting Park,Week5,South Run,Week5,233.0 South Run - 169.0 Little Hunting Park
Little Hunting Park,Week3,Springboard,Week3,208.0 Little Hunting Park - 193.0 Springboard
Lincolnia Park,Week3,Orange Hunt,Week2,289.0 Orange Hunt - 104.0 Lincolnia Park
Little Hunting Park,Week5,Great Falls,Week5,245.0 Great Falls - 153.0 Little Hunting Park
Lincolnia Park,Week2,Commonwealth,Week1,238.0 Commonwealth - 140.0 Lincolnia Park
Lincolnia Park,Week3,Long Branch,Week1,246.0 Long Branch - 141.0 Lincolnia Park
Little Hunting Park,Week1,Lincolnia Park,Week4,240.0 Little Hunting Park - 158.0 Lincolnia Park
Little Hunting Park,Week1,Springboard,Week3,197.0 Springboard - 196.0 Little Hunting Park
Little Hunting Park,Week3,Great Falls,Week1,235.0 Great Falls - 167.0 Little Hunting Park
Lincolnia Park,Week5,Chesterbrook,Week5,366.0 Chesterbrook - 27.0 Lincolnia Park
Little Hunting Park,Week1,Great Falls,Week4,230.0 Great Falls - 172.0 Little Hunting Park
Little Hunting Park,Week5,Fox Mill Woods,Week3,259.0 Fox Mill Woods - 143.0 Little Hunting Park
Lincolnia Park,Week3,Overlee,Week3,360.0 Overlee - 33.0 Lincolnia Park
Lincolnia Park,Week1,Long Branch,Week3,281.0 Long Branch - 120.0 Lincolnia Park
Little Hunting Park,Week1,Springfield,Week2,334.0 Little Hunting Park - 61.0 Springfield
Little Hunting Park,Week1,Greenbriar,Week1,265.0 Greenbriar - 136.0 Little Hunting Park
Little Hunting Park,Week5,Great Falls,Week2,220.0 Great Falls - 160.0 Little Hunting Park
Lincolnia Park,Week3,Sully Station,Week4,319.0 Sully Station - 74.0 Lincolnia Park
Little Hunting Park,Week2,Springboard,Week3,211.0 Little Hunting Park - 187.0 Springboard
Lincolnia Park,Week1,Sully Station II,Week5,356.0 Sully Station II - 46.0 Lincolnia Park
Lincolnia Park,Week5,Sully Station,Week2,309.0 Sully Station - 84.0 Lincolnia Park
Lincolnia Park,Week2,Overlee,Week1,360.5 Overlee - 32.5 Lincolnia Park
Little Hunting Park,Week1,Great Falls,Week1,243.0 Great Falls - 159.0 Little Hunting Park
Little Hunting Park,Week3,Springboard,Week5,204.0 Little Hunting Park - 197.0 Springboard
Lincolnia Park,Week2,Overlee,Week2,372.0 Overlee - 21.0 Lincolnia Park
Little Hunting Park,Week5,Springboard,Week5,240.0 Little Hunting Park - 161.0 Springboard
Little Hunting Park,Week4,Lincolnia Park,Week2,234.5 Little Hunting Park - 157.5 Lincolnia Park
Lincolnia Park,Week4,Sully Station II,Week3,337.0 Sully Station II - 60.0 Lincolnia Park
Lincolnia Park,Week3,Sully Station,Week5,330.0 Sully Station - 63.0 Lincolnia Park
Little Hunting Park,Week4,Lee Graham,Week1,311.0 Lee Graham - 91.0 Little Hunting Park
Lincolnia Park,Week2,Orange Hunt,Week5,315.0 Orange Hunt - 77.0 Lincolnia Park
Lincolnia Park,Week5,Sully Station,Week5,331.0 Sully Station - 62.0 Lincolnia Park
Lincolnia Park,Week3,Overlee,Week1,354.5 Overlee - 38.5 Lincolnia Park
Lincolnia Park,Week4,Sully Station II,Week5,358.0 Sully Station II - 44.0 Lincolnia Park
Little Hunting Park,Week1,Lincolnia Park,Week3,212.0 Little Hunting Park - 177.0 Lincolnia Park
Lincolnia Park,Week5,Chesterbrook,Week1,360.0 Chesterbrook - 33.0 Lincolnia Park
Little Hunting Park,Week2,Lincolnia Park,Week5,218.0 Little Hunting Park - 174.0 Lincolnia Park
Lincolnia Park,Week2,Overlee,Week4,383.0 Overlee - 10.0 Lincolnia Park
Little Hunting Park,Week3,Lee Graham,Week2,330.0 Lee Graham - 72.0 Little Hunting Park
Lincolnia Park,Week3,Chesterbrook,Week4,365.0 Chesterbrook - 28.0 Lincolnia Park
Lincolnia Park,Week5,Chesterbrook,Week3,374.0 Chesterbrook - 19.0 Lincolnia Park
Little Hunting Park,Week3,Lee Graham,Week3,323.0 Lee Graham - 79.0 Little Hunting Park
Lincolnia Park,Week1,Commonwealth,Week4,267.0 Commonwealth - 130.0 Lincolnia Park
Little Hunting Park,Week5,Great Falls,Week3,250.0 Great Falls - 151.0 Little Hunting Park
Lincolnia Park,Week5,Chesterbrook,Week2,371.0 Chesterbrook - 22.0 Lincolnia Park
Little Hunting Park,Week3,Greenbriar,Week3,274.0 Greenbriar - 128.0 Little Hunting Park
Little Hunting Park,Week5,Great Falls,Week4,221.0 Great Falls - 177.0 Little Hunting Park
Little Hunting Park,Week1,Great Falls,Week2,239.0 Great Falls - 145.0 Little Hunting Park
Little Hunting Park,Week1,Springfield,Week3,319.0 Little Hunting Park - 70.0 Springfield
Little Hunting Park,Week2,Lincolnia Park,Week2,230.0 Little Hunting Park - 158.0 Lincolnia Park
Lincolnia Park,Week2,Sully Station II,Week4,323.0 Sully Station II - 69.0 Lincolnia Park
Lincolnia Park,Week4,Chesterbrook,Week1,377.0 Chesterbrook - 25.0 Lincolnia Park
Lincolnia Park,Week1,Orange Hunt,Week4,305.0 Orange Hunt - 96.0 Lincolnia Park
Lincolnia Park,Week1,Commonwealth,Week1,243.0 Commonwealth - 149.0 Lincolnia Park
Lincolnia Park,Week1,Commonwealth,Week3,276.0 Commonwealth - 118.0 Lincolnia Park
Little Hunting Park,Week2,Springboard,Week4,216.0 Little Hunting Park - 184.0 Springboard
Little Hunting Park,Week3,Great Falls,Week4,236.0 Great Falls - 166.0 Little Hunting Park
Lincolnia Park,Week1,Orange Hunt,Week1,312.0 Orange Hunt - 89.0 Lincolnia Park
Lincolnia Park,Week5,Orange Hunt,Week1,295.0 Orange Hunt - 97.0 Lincolnia Park
Lincolnia Park,Week3,Sully Station II,Week4,303.0 Sully Station II - 90.0 Lincolnia Park
Lincolnia Park,Week2,Orange Hunt,Week3,323.0 Orange Hunt - 70.0 Lincolnia Park
Little Hunting Park,Week2,Lee Graham,Week4,312.0 Lee Graham - 90.0 Little Hunting Park
Little Hunting Park,Week2,Springboard,Week5,209.0 Little Hunting Park - 189.0 Springboard
Lincolnia Park,Week4,Sully Station II,Week4,338.0 Sully Station II - 64.0 Lincolnia Park
Lincolnia Park,Week1,Orange Hunt,Week3,326.0 Orange Hunt - 76.0 Lincolnia Park
Little Hunting Park,Week2,Springboard,Week1,233.0 Little Hunting Park - 164.0 Springboard
Little Hunting Park,Week1,Lincolnia Park,Week5,229.0 Little Hunting Park - 160.0 Lincolnia Park
Lincolnia Park,Week3,Long Branch,Week3,240.0 Long Branch - 153.0 Lincolnia Park
Lincolnia Park,Week4,Orange Hunt,Week4,302.0 Orange Hunt - 100.0 Lincolnia Park
Little Hunting Park,Week4,Lincolnia Park,Week1,246.0 Little Hunting Park - 156.0 Lincolnia Park
Lincolnia Park,Week5,Orange Hunt,Week5,300.0 Orange Hunt - 93.0 Lincolnia Park
Lincolnia Park,Week1,Sully Station II,Week2,349.0 Sully Station II - 53.0 Lincolnia Park
Lincolnia Park,Week2,Sully Station II,Week3,339.0 Sully Station II - 53.0 Lincolnia Park
Little Hunting Park,Week2,Greenbriar,Week4,265.0 Greenbriar - 137.0 Little Hunting Park
Lincolnia Park,Week5,Chesterbrook,Week4,373.0 Chesterbrook - 20.0 Lincolnia Park
Little Hunting Park,Week3,Lee Graham,Week5,337.0 Lee Graham - 65.0 Little Hunting Park
Lincolnia Park,Week5,Orange Hunt,Week2,292.0 Orange Hunt - 101.0 Lincolnia Park
Little Hunting Park,Week1,Springboard,Week1,219.0 Little Hunting Park - 174.0 Springboard
Little Hunting Park,Week2,Great Falls,Week5,258.0 Great Falls - 143.0 Little Hunting Park
Lincolnia Park,Week1,Long Branch,Week5,301.0 Long Branch - 101.0 Lincolnia Park
Lincolnia Park,Week3,Long Branch,Week5,267.0 Long Branch - 125.0 Lincolnia Park
Little Hunting Park,Week3,Springboard,Week2,240.0 Little Hunting Park - 161.0 Springboard
Little Hunting Park,Week5,Fox Mill Woods,Week4,277.0 Fox Mill Woods - 125.0 Little Hunting Park
Lincolnia Park,Week4,Sully Station,Week2,322.0 Sully Station - 75.0 Lincolnia Park
Little Hunting Park,Week3,Lee Graham,Week1,311.0 Lee Graham - 91.0 Little Hunting Park
Lincolnia Park,Week1,Long Branch,Week1,271.0 Long Branch - 125.0 Lincolnia Park
Lincolnia Park,Week3,Orange Hunt,Week4,282.0 Orange Hunt - 110.0 Lincolnia Park
Little Hunting Park,Week4,Springboard,Week4,217.0 Little Hunting Park - 184.0 Springboard
Lincolnia Park,Week1,Sully Station II,Week1,334.0 Sully Station II - 68.0 Lincolnia Park
Little Hunting Park,Week4,Lee Graham,Week3,325.0 Lee Graham - 77.0 Little Hunting Park
Little Hunting Park,Week2,Great Falls,Week1,239.0 Great Falls - 162.0 Little Hunting Park
Lincolnia Park,Week4,Orange Hunt,Week1,315.0 Orange Hunt - 87.0 Lincolnia Park
Lincolnia Park,Week5,Orange Hunt,Week3,302.0 Orange Hunt - 91.0 Lincolnia Park
Lincolnia Park,Week5,Sully Station,Week3,321.0 Sully Station - 72.0 Lincolnia Park
Little Hunting Park,Week5,Springboard,Week1,258.0 Little Hunting Park - 142.0 Springboard
Little Hunting Park,Week1,Great Falls,Week3,257.0 Great Falls - 145.0 Little Hunting Park
Little Hunting Park,Week1,Springboard,Week2,233.0 Little Hunting Park - 160.0 Springboard
Lincolnia Park,Week1,Overlee,Week1,374.0 Overlee - 28.0 Lincolnia Park
Little Hunting Park,Week1,Great Falls,Week5,268.0 Great Falls - 134.0 Little Hunting Park
Lincolnia Park,Week3,Sully Station II,Week2,313.0 Sully Station II - 80.0 Lincolnia Park
Lincolnia Park,Week5,Long Branch,Week1,256.0 Long Branch - 136.0 Lincolnia Park
Lincolnia Park,Week4,Sully Station,Week3,329.0 Sully Station - 72.0 Lincolnia Park
Lincolnia Park,Week2,Long Branch,Week1,272.0 Long Branch - 115.0 Lincolnia Park
Little Hunting Park,Week4,Lee Graham,Week4,311.5 Lee Graham - 90.5 Little Hunting Park
Little Hunting Park,Week3,Lincolnia Park,Week1,253.0 Little Hunting Park - 149.0 Lincolnia Park
Little Hunting Park,Week5,Lee Graham,Week3,303.0 Lee Graham - 99.0 Little Hunting Park
Lincolnia Park,Week2,Sully Station II,Week1,323.0 Sully Station II - 65.0 Lincolnia Park
Lincolnia Park,Week5,Sully Station,Week4,323.0 Sully Station - 70.0 Lincolnia Park
Little Hunting Park,Week5,Lee Graham,Week1,296.0 Lee Graham - 106.0 Little Hunting Park
Little Hunting Park,Week4,Springboard,Week2,230.0 Little Hunting Park - 168.0 Springboard
Lincolnia Park,Week1,Overlee,Week5,389.0 Overlee - 13.0 Lincolnia Park
Lincolnia Park,Week4,Sully Station,Week4,337.0 Sully Station - 65.0 Lincolnia Park
Lincolnia Park,Week1,Overlee,Week3,380.0 Overlee - 22.0 Lincolnia Park
Little Hunting Park,Week4,Great Falls,Week4,247.0 Great Falls - 154.0 Little Hunting Park
Little Hunting Park,Week2,Lee Graham,Week3,324.0 Lee Graham - 78.0 Little Hunting Park
Lincolnia Park,Week1,Mansion House,Week1,338.0 Mansion House - 59.0 Lincolnia Park
Little Hunting Park,Week3,Great Falls,Week3,267.0 Great Falls - 135.0 Little Hunting Park
Little Hunting Park,Week3,Lincolnia Park,Week2,240.0 Little Hunting Park - 149.0 Lincolnia Park
Lincolnia Park,Week2,Overlee,Week3,366.0 Overlee - 27.0 Lincolnia Park
Little Hunting Park,Week4,Great Falls,Week1,229.0 Great Falls - 172.0 Little Hunting Park
Lincolnia Park,Week5,Orange Hunt,Week4,281.0 Orange Hunt - 111.0 Lincolnia Park
Lincolnia Park,Week5,Long Branch,Week3,261.0 Long Branch - 132.0 Lincolnia Park
Lincolnia Park,Week3,Long Branch,Week4,247.0 Long Branch - 146.0 Lincolnia Park
Lincolnia Park,Week2,Mansion House,Week2,315.0 Mansion House - 72.0 Lincolnia Park
Little Hunting Park,Week2,Springboard,Week2,242.0 Little Hunting Park - 155.0 Springboard
Lincolnia Park,Week3,Sully Station II,Week1,299.0 Sully Station II - 94.0 Lincolnia Park
Little Hunting Park,Week4,Great Falls,Week3,268.0 Great Falls - 134.0 Little Hunting Park
Little Hunting Park,Week1,Lincolnia Park,Week1,247.0 Little Hunting Park - 154.0 Lincolnia Park
Little Hunting Park,Week4,Great Falls,Week5,269.0 Great Falls - 132.0 Little Hunting Park
Little Hunting Park,Week3,Springboard,Week1,214.0 Little Hunting Park - 186.0 Springboard
Little Hunting Park,Week5,Springboard,Week4,232.0 Little Hunting Park - 170.0 Springboard
Little Hunting Park,Week4,Lee Graham,Week2,324.0 Lee Graham - 78.0 Little Hunting Park
Lincolnia Park,Week4,Sully Station,Week5,343.0 Sully Station - 59.0 Lincolnia Park
Lincolnia Park,Week4,Sully Station,Week1,328.0 Sully Station - 71.0 Lincolnia Park
Lincolnia Park,Week4,Long Branch,Week2,275.0 Long Branch - 125.0 Lincolnia Park
Little Hunting Park,Week5,Springboard,Week2,265.0 Little Hunting Park - 136.0 Springboard
Little Hunting Park,Week1,Greenbriar,Week2,289.0 Greenbriar - 113.0 Little Hunting Park
Little Hunting Park,Week1,Springboard,Week4,210.0 Little Hunting Park - 188.0 Springboard
Lincolnia Park,Week1,Long Branch,Week4,282.0 Long Branch - 120.0 Lincolnia Park
Little Hunting Park,Week4,Springboard,Week5,211.0 Little Hunting Park - 187.0 Springboard
Lincolnia Park,Week2,Overlee,Week5,380.0 Overlee - 13.0 Lincolnia Park
Lincolnia Park,Week4,Overlee,Week5,391.0 Overlee - 11.0 Lincolnia Park
Lincolnia Park,Week3,Sully Station II,Week5,333.0 Sully Station II - 60.0 Lincolnia Park
Lincolnia Park,Week3,Overlee,Week2,370.0 Overlee - 23.0 Lincolnia Park
Little Hunting Park,Week3,Lincolnia Park,Week3,212.0 Little Hunting Park - 181.0 Lincolnia Park
Little Hunting Park,Week1,Springfield,Week1,330.0 Little Hunting Park - 65.0 Springfield
Little Hunting Park,Week5,Great Falls,Week1,213.0 Great Falls - 184.0 Little Hunting Park
Little Hunting Park,Week3,Lincolnia Park,Week5,231.0 Little Hunting Park - 162.0 Lincolnia Park
Little Hunting Park,Week4,Great Falls,Week2,253.5 Great Falls - 129.5 Little Hunting Park
Lincolnia Park,Week2,Parklawn,Week3,233.0 Parklawn - 155.0 Lincolnia Park
Lincolnia Park,Week5,Overlee,Week5,378.0 Overlee - 15.0 Lincolnia Park
Lincolnia Park,Week4,Sully Station II,Week2,333.0 Sully Station II - 69.0 Lincolnia Park
Little Hunting Park,Week2,Springfield,Week4,318.0 Little Hunting Park - 74.0 Springfield
Little Hunting Park,Week1,Springfield,Week5,338.0 Little Hunting Park - 57.0 Springfield
Little Hunting Park,Week4,Lincolnia Park,Week5,223.0 Little Hunting Park - 169.0 Lincolnia Park
Lincolnia Park,Week2,Long Branch,Week3,280.0 Long Branch - 113.0 Lincolnia Park
Little Hunting Park,Week1,Greenbriar,Week5,255.0 Greenbriar - 147.0 Little Hunting Park
Lincolnia Park,Week5,Little Rocky Run,Week3,340.0 Little Rocky Run - 53.0 Lincolnia Park
Little Hunting Park,Week1,Greenbriar,Week4,258.0 Greenbriar - 143.0 Little Hunting Park
Little Hunting Park,Week2,Springfield,Week2,332.0 Little Hunting Park - 58.0 Springfield
Lincolnia Park,Week3,Truro,Week4,246.0 Truro - 146.0 Lincolnia Park
Lincolnia Park,Week5,Little Rocky Run,Week1,322.0 Little Rocky Run - 71.0 Lincolnia Park
Lincolnia Park,Week4,Little Rocky Run,Week5,355.0 Little Rocky Run - 42.0 Lincolnia Park
Lincolnia Park,Week3,Sully Station II,Week3,321.0 Sully Station II - 72.0 Lincolnia Park
Lincolnia Park,Week1,Long Branch,Week2,277.0 Long Branch - 124.0 Lincolnia Park
Little Hunting Park,Week1,Greenbriar,Week3,268.0 Greenbriar - 134.0 Little Hunting Park
Lincolnia Park,Week4,Overlee,Week3,377.0 Overlee - 25.0 Lincolnia Park
Little Hunting Park,Week4,Lincolnia Park,Week3,219.0 Little Hunting Park - 173.0 Lincolnia Park
Little Hunting Park,Week5,Lincolnia Park,Week3,239.0 Little Hunting Park - 154.0 Lincolnia Park
Little Hunting Park,Week3,Lincolnia Park,Week4,258.0 Little Hunting Park - 144.0 Lincolnia Park
Little Hunting Park,Week5,Springboard,Week3,247.0 Little Hunting Park - 154.0 Springboard
Lincolnia Park,Week3,Truro,Week2,212.0 Truro - 166.0 Lincolnia Park
Lincolnia Park,Week4,Sully Station II,Week1,315.0 Sully Station II - 86.0 Lincolnia Park
Lincolnia Park,Week5,Overlee,Week2,363.0 Overlee - 30.0 Lincolnia Park
Lincolnia Park,Week5,Little Rocky Run,Week2,332.0 Little Rocky Run - 61.0 Lincolnia Park
Little Hunting Park,Week2,Springfield,Week5,339.0 Little Hunting Park - 53.0 Springfield
Little Hunting Park,Week5,Lincolnia Park,Week4,261.5 Little Hunting Park - 138.5 Lincolnia Park
Little Hunting Park,Week2,Springfield,Week1,329.0 Little Hunting Park - 62.0 Springfield
Lincolnia Park,Week5,Sully Station II,Week2,320.0 Sully Station II - 73.0 Lincolnia Park
Little Hunting Park,Week2,Greenbriar,Week1,276.0 Greenbriar - 126.0 Little Hunting Park
Lincolnia Park,Week1,Parklawn,Week2,259.0 Parklawn - 142.0 Lincolnia Park
Lincolnia Park,Week2,Long Branch,Week2,278.0 Long Branch - 109.0 Lincolnia Park
Lincolnia Park,Week3,Parklawn,Week2,226.0 Parklawn - 163.0 Lincolnia Park
Little Hunting Park,Week3,Springfield,Week2,334.0 Little Hunting Park - 58.0 Springfield
Little Hunting Park,Week2,Greenbriar,Week2,292.0 Greenbriar - 110.0 Little Hunting Park
Lincolnia Park,Week5,Little Rocky Run,Week4,331.0 Little Rocky Run - 62.0 Lincolnia Park
Little Hunting Park,Week2,Greenbriar,Week5,263.0 Greenbriar - 138.0 Little Hunting Park
Little Hunting Park,Week2,Greenbriar,Week3,283.0 Greenbriar - 119.0 Little Hunting Park
Lincolnia Park,Week2,Parklawn,Week5,245.0 Parklawn - 144.0 Lincolnia Park
Lincolnia Park,Week3,Truro,Week1,256.0 Truro - 134.0 Lincolnia Park
Little Hunting Park,Week5,Lincolnia Park,Week5,248.0 Little Hunting Park - 145.0 Lincolnia Park
Little Hunting Park,Week5,Lincolnia Park,Week2,263.0 Little Hunting Park - 126.0 Lincolnia Park
Lincolnia Park,Week1,Truro,Week2,250.0 Truro - 133.0 Lincolnia Park
Lincolnia Park,Week2,Truro,Week1,285.0 Truro - 106.0 Lincolnia Park
Lincolnia Park,Week1,Parklawn,Week4,256.0 Parklawn - 145.0 Lincolnia Park
Little Hunting Park,Week3,Springfield,Week4,320.0 Little Hunting Park - 72.0 Springfield
Lincolnia Park,Week2,Long Branch,Week5,294.0 Long Branch - 98.0 Lincolnia Park
Little Hunting Park,Week1,Little Hunting Park,Week2,202.0 Little Hunting Park (LHP2) - 196.0 Little Hunting Park (LHP1)
Little Hunting Park,Week1,Little Hunting Park,Week1,196.5 Little Hunting Park (LHP1) - 196.5 Little Hunting Park (LHP2)
Lincolnia Park,Week4,Truro,Week5,257.0 Truro - 134.0 Lincolnia Park
Lincolnia Park,Week2,Long Branch,Week4,296.0 Long Branch - 97.0 Lincolnia Park
Little Hunting Park,Week3,Greenbriar,Week1,277.0 Greenbriar - 125.0 Little Hunting Park
Little Hunting Park,Week3,Springfield,Week5,343.0 Little Hunting Park - 47.0 Springfield
Lincolnia Park,Week5,Overlee,Week1,352.0 Overlee - 41.0 Lincolnia Park
Lincolnia Park,Week1,Tuckahoe,Week2,382.0 Tuckahoe - 20.0 Lincolnia Park
Lincolnia Park,Week3,Long Branch,Week2,240.0 Long Branch - 152.0 Lincolnia Park
Lincolnia Park,Week4,Long Branch,Week1,270.0 Long Branch - 120.0 Lincolnia Park
Little Hunting Park,Week1,Little Hunting Park,Week3,213.0 Little Hunting Park (LHP2) - 188.0 Little Hunting Park (LHP1)
Lincolnia Park,Week3,Parklawn,Week1,195.0 Lincolnia Park - 188.0 Parklawn
Little Hunting Park,Week1,Little Hunting Park,Week4,224.0 Little Hunting Park (LHP2) - 174.0 Little Hunting Park (LHP1)
Little Hunting Park,Week4,Springfield,Week2,326.0 Little Hunting Park - 67.0 Springfield
Little Hunting Park,Week1,Springfield,Week4,330.0 Little Hunting Park - 65.0 Springfield
Lincolnia Park,Week3,Parklawn,Week4,230.0 Parklawn - 159.0 Lincolnia Park
Lincolnia Park,Week4,Long Branch,Week3,279.0 Long Branch - 122.0 Lincolnia Park
Lincolnia Park,Week1,Mansion House,Week3,336.0 Mansion House - 66.0 Lincolnia Park
Little Hunting Park,Week4,Greenbriar,Week4,261.0 Greenbriar - 141.0 Little Hunting Park
Little Hunting Park,Week3,Greenbriar,Week4,257.0 Greenbriar - 145.0 Little Hunting Park
Little Hunting Park,Week4,Springfield,Week1,315.0 Little Hunting Park - 81.0 Springfield
Lincolnia Park,Week2,Truro,Week3,271.0 Truro - 121.0 Lincolnia Park
Lincolnia Park,Week2,Parklawn,Week4,247.0 Parklawn - 142.0 Lincolnia Park
Little Hunting Park,Week3,Greenbriar,Week2,281.0 Greenbriar - 121.0 Little Hunting Park
Lincolnia Park,Week4,Long Branch,Week5,296.0 Long Branch - 105.0 Lincolnia Park
Little Hunting Park,Week1,Little Hunting Park,Week5,240.0 Little Hunting Park (LHP2) - 160.0 Little Hunting Park (LHP1)
Lincolnia Park,Week5,Sully Station II,Week1,295.0 Sully Station II - 98.0 Lincolnia Park
Little Hunting Park,Week2,Springfield,Week3,318.0 Little Hunting Park - 72.0 Springfield
Little Hunting Park,Week5,Lincolnia Park,Week1,265.0 Little Hunting Park - 136.0 Lincolnia Park
Lincolnia Park,Week1,Tuckahoe,Week5,384.0 Tuckahoe - 18.0 Lincolnia Park
Little Hunting Park,Week4,Springfield,Week3,318.0 Little Hunting Park - 73.0 Springfield
Lincolnia Park,Week4,Overlee,Week4,391.0 Overlee - 11.0 Lincolnia Park
Lincolnia Park,Week2,Tuckahoe,Week1,373.0 Tuckahoe - 20.0 Lincolnia Park
Little Hunting Park,Week2,Hamlet,Week2,339.0 Hamlet - 63.0 Little Hunting Park
Lincolnia Park,Week1,Mansion House,Week2,324.0 Mansion House - 73.0 Lincolnia Park
Little Hunting Park,Week4,Lincolnia Park,Week4,255.0 Little Hunting Park - 146.0 Lincolnia Park
Little Hunting Park,Week3,Springfield,Week3,322.0 Little Hunting Park - 69.0 Springfield
Little Hunting Park,Week2,Hamlet,Week1,322.0 Hamlet - 79.0 Little Hunting Park
Lincolnia Park,Week1,Parklawn,Week1,215.0 Parklawn - 176.0 Lincolnia Park
Lincolnia Park,Week3,Overlee,Week4,380.0 Overlee - 13.0 Lincolnia Park
Little Hunting Park,Week2,Little Hunting Park,Week2,199.0 Little Hunting Park (LHP1) - 199.0 Little Hunting Park (LHP2)
Lincolnia Park,Week3,Parklawn,Week3,218.0 Parklawn - 171.0 Lincolnia Park
Lincolnia Park,Week5,Long Branch,Week5,267.0 Long Branch - 125.0 Lincolnia Park
Lincolnia Park,Week1,Truro,Week4,280.0 Truro - 117.0 Lincolnia Park
Little Hunting Park,Week5,Springfield,Week1,326.0 Little Hunting Park - 62.0 Springfield
Little Hunting Park,Week2,Little Hunting Park,Week3,208.0 Little Hunting Park (LHP2) - 193.0 Little Hunting Park (LHP1)
Little Hunting Park,Week1,Hamlet,Week3,339.0 Hamlet - 62.0 Little Hunting Park
Little Hunting Park,Week4,Greenbriar,Week3,255.0 Greenbriar - 147.0 Little Hunting Park
Little Hunting Park,Week4,Springfield,Week4,313.0 Little Hunting Park - 83.0 Springfield
Lincolnia Park,Week5,Long Branch,Week4,267.0 Long Branch - 126.0 Lincolnia Park
Lincolnia Park,Week3,Overlee,Week5,377.0 Overlee - 16.0 Lincolnia Park
Little Hunting Park,Week5,Greenbriar,Week5,236.0 Greenbriar - 165.0 Little Hunting Park
Lincolnia Park,Week2,Tuckahoe,Week3,372.0 Tuckahoe - 21.0 Lincolnia Park
Lincolnia Park,Week5,Long Branch,Week2,255.0 Long Branch - 137.0 Lincolnia Park
Little Hunting Park,Week2,Little Hunting Park,Week1,202.0 Little Hunting Park (LHP1) - 196.0 Little Hunting Park (LHP2)
Little Hunting Park,Week3,Springfield,Week1,325.0 Little Hunting Park - 67.0 Springfield
Lincolnia Park,Week5,Sully Station II,Week5,328.0 Sully Station II - 65.0 Lincolnia Park
Little Hunting Park,Week2,Little Hunting Park,Week4,208.0 Little Hunting Park (LHP2) - 192.0 Little Hunting Park (LHP1)
Lincolnia Park,Week5,Overlee,Week4,377.5 Overlee - 15.5 Lincolnia Park
Lincolnia Park,Week1,Parklawn,Week3,247.0 Parklawn - 154.0 Lincolnia Park
Little Hunting Park,Week5,Greenbriar,Week4,233.5 Greenbriar - 168.5 Little Hunting Park
Little Hunting Park,Week4,Stratford,Week5,218.0 Stratford - 184.0 Little Hunting Park
Little Hunting Park,Week1,Hamlet,Week5,338.0 Hamlet - 64.0 Little Hunting Park
Little Hunting Park,Week3,Stratford,Week4,214.0 Stratford - 188.0 Little Hunting Park
Little Hunting Park,Week3,Stratford,Week5,208.5 Stratford - 192.5 Little Hunting Park
Little Hunting Park,Week4,Springfield,Week5,336.0 Little Hunting Park - 56.0 Springfield
Lincolnia Park,Week1,Parklawn,Week5,254.0 Parklawn - 143.0 Lincolnia Park
Little Hunting Park,Week2,Hamlet,Week3,330.0 Hamlet - 71.0 Little Hunting Park
Lincolnia Park,Week1,Mansion House,Week5,335.0 Mansion House - 67.0 Lincolnia Park
Lincolnia Park,Week5,Sully Station II,Week4,306.0 Sully Station II - 87.0 Lincolnia Park
Lincolnia Park,Week5,Overlee,Week3,357.0 Overlee - 36.0 Lincolnia Park
Lincolnia Park,Week4,Overlee,Week1,365.0 Overlee - 37.0 Lincolnia Park
Lincolnia Park,Week2,Mansion House,Week1,336.0 Mansion House - 52.0 Lincolnia Park
Lincolnia Park,Week2,Truro,Week4,286.0 Truro - 107.0 Lincolnia Park
Lincolnia Park,Week4,Long Branch,Week4,292.0 Long Branch - 110.0 Lincolnia Park
Little Hunting Park,Week2,Hamlet,Week4,325.0 Hamlet - 77.0 Little Hunting Park
Little Hunting Park,Week4,Greenbriar,Week1,266.0 Greenbriar - 136.0 Little Hunting Park
Little Hunting Park,Week1,Hamlet,Week2,342.0 Hamlet - 60.0 Little Hunting Park
Lincolnia Park,Week1,Truro,Week1,293.0 Truro - 107.0 Lincolnia Park
Little Hunting Park,Week2,Stratford,Week2,208.0 Little Hunting Park - 194.0 Stratford
Lincolnia Park,Week2,Truro,Week5,260.0 Truro - 126.0 Lincolnia Park
Lincolnia Park,Week1,Truro,Week3,278.0 Truro - 122.0 Lincolnia Park
Lincolnia Park,Week2,Truro,Week2,258.0 Truro - 125.0 Lincolnia Park
Lincolnia Park,Week3,Mansion House,Week4,289.0 Mansion House - 98.0 Lincolnia Park
Lincolnia Park,Week1,Mansion House,Week4,308.0 Mansion House - 84.0 Lincolnia Park
Little Hunting Park,Week4,Greenbriar,Week2,274.0 Greenbriar - 128.0 Little Hunting Park
Little Hunting Park,Week3,Hamlet,Week1,325.0 Hamlet - 77.0 Little Hunting Park
Lincolnia Park,Week4,Truro,Week1,277.5 Truro - 121.5 Lincolnia Park
Little Hunting Park,Week3,Stratford,Week3,202.0 Stratford - 200.0 Little Hunting Park
Lincolnia Park,Week4,Mansion House,Week1,330.5 Mansion House - 66.5 Lincolnia Park
Lincolnia Park,Week5,Mansion House,Week1,317.0 Mansion House - 76.0 Lincolnia Park
Little Hunting Park,Week5,Greenbriar,Week1,244.0 Greenbriar - 158.0 Little Hunting Park
Little Hunting Park,Week1,Hamlet,Week1,333.0 Hamlet - 65.0 Little Hunting Park
Lincolnia Park,Week3,Truro,Week5,232.0 Truro - 151.0 Lincolnia Park
Lincolnia Park,Week1,Truro,Week5,270.0 Truro - 119.0 Lincolnia Park
Lincolnia Park,Week4,Mansion House,Week4,302.0 Mansion House - 91.0 Lincolnia Park
Lincolnia Park,Week2,Parklawn,Week2,236.0 Parklawn - 149.0 Lincolnia Park
Little Hunting Park,Week2,Stratford,Week3,212.0 Stratford - 190.0 Little Hunting Park
Little Hunting Park,Week2,Stratford,Week1,201.0 Little Hunting Park - 200.0 Stratford
Lincolnia Park,Week3,Mansion House,Week1,312.0 Mansion House - 76.0 Lincolnia Park
Lincolnia Park,Week3,Truro,Week3,240.0 Truro - 152.0 Lincolnia Park
Lincolnia Park,Week4,Parklawn,Week4,258.0 Parklawn - 140.0 Lincolnia Park
Lincolnia Park,Week4,Overlee,Week2,376.0 Overlee - 26.0 Lincolnia Park
Lincolnia Park,Week3,Mansion House,Week5,321.0 Mansion House - 72.0 Lincolnia Park
Lincolnia Park,Week2,Parklawn,Week1,213.0 Parklawn - 170.0 Lincolnia Park
Little Hunting Park,Week5,Springfield,Week3,324.0 Little Hunting Park - 66.0 Springfield
Lincolnia Park,Week4,Parklawn,Week2,265.0 Parklawn - 133.0 Lincolnia Park
Little Hunting Park,Week1,Stratford,Week1,209.0 Little Hunting Park - 189.0 Stratford
Lincolnia Park,Week1,Mantua,Week1,327.0 Mantua - 62.0 Lincolnia Park
Little Hunting Park,Week4,Stratford,Week4,224.0 Stratford - 178.0 Little Hunting Park
Little Hunting Park,Week4,Stratford,Week3,205.0 Stratford - 197.0 Little Hunting Park
Little Hunting Park,Week5,Greenbriar,Week3,247.0 Greenbriar - 155.0 Little Hunting Park
Lincolnia Park,Week2,Parliament,Week3,300.0 Parliament - 93.0 Lincolnia Park
Little Hunting Park,Week5,Springfield,Week4,320.0 Little Hunting Park - 68.0 Springfield
Little Hunting Park,Week4,Hamlet,Week5,339.0 Hamlet - 63.0 Little Hunting Park
Lincolnia Park,Week4,Parklawn,Week1,223.0 Parklawn - 169.0 Lincolnia Park
Lincolnia Park,Week4,Truro,Week4,275.0 Truro - 123.0 Lincolnia Park
Lincolnia Park,Week1,Parliament,Week5,284.0 Parliament - 100.0 Lincolnia Park
Lincolnia Park,Week5,Truro,Week4,246.0 Truro - 146.0 Lincolnia Park
Little Hunting Park,Week1,Hamlet,Week4,329.0 Hamlet - 73.0 Little Hunting Park
Lincolnia Park,Week4,Truro,Week3,273.0 Truro - 128.0 Lincolnia Park
Little Hunting Park,Week5,Greenbriar,Week2,250.0 Greenbriar - 152.0 Little Hunting Park
Lincolnia Park,Week1,Tuckahoe,Week1,382.0 Tuckahoe - 20.0 Lincolnia Park
Lincolnia Park,Week5,Sully Station II,Week3,319.0 Sully Station II - 74.0 Lincolnia Park
Lincolnia Park,Week2,Mansion House,Week4,319.0 Mansion House - 69.0 Lincolnia Park
Lincolnia Park,Week4,Parklawn,Week3,253.0 Parklawn - 145.0 Lincolnia Park
Little Hunting Park,Week2,Hamlet,Week5,346.0 Hamlet - 56.0 Little Hunting Park
Lincolnia Park,Week5,Mansion House,Week5,322.0 Mansion House - 71.0 Lincolnia Park
Little Hunting Park,Week5,Springfield,Week5,342.0 Little Hunting Park - 42.0 Springfield
Little Hunting Park,Week1,Stratford,Week3,207.0 Stratford - 194.0 Little Hunting Park
Lincolnia Park,Week2,Mansion House,Week3,343.0 Mansion House - 50.0 Lincolnia Park
Lincolnia Park,Week5,Mansion House,Week3,316.0 Mansion House - 77.0 Lincolnia Park
Lincolnia Park,Week5,Mansion House,Week2,299.0 Mansion House - 93.0 Lincolnia Park
Little Hunting Park,Week1,Hayfield Farm,Week3,261.0 Hayfield Farm - 141.0 Little Hunting Park
Little Hunting Park,Week2,Stratford,Week5,219.5 Stratford - 181.5 Little Hunting Park
Lincolnia Park,Week4,Donaldson Run,Week4,350.0 Donaldson Run - 52.0 Lincolnia Park
Lincolnia Park,Week4,Mansion House,Week5,339.0 Mansion House - 63.0 Lincolnia Park
Lincolnia Park,Week1,Mantua,Week4,331.0 Mantua - 71.0 Lincolnia Park
Lincolnia Park,Week4,Dowden Terrace,Week1,314.0 Dowden Terrace - 84.0 Lincolnia Park
Little Hunting Park,Week5,Springfield,Week2,330.0 Little Hunting Park - 57.0 Springfield
Lincolnia Park,Week4,Parklawn,Week5,257.0 Parklawn - 132.0 Lincolnia Park
Lincolnia Park,Week4,Truro,Week2,244.0 Truro - 143.0 Lincolnia Park
Lincolnia Park,Week1,Parliament,Week3,304.0 Parliament - 96.0 Lincolnia Park
Little Hunting Park,Week2,Hayfield Farm,Week4,259.0 Hayfield Farm - 143.0 Little Hunting Park
Little Hunting Park,Week5,Stratford,Week3,240.0 Little Hunting Park - 162.0 Stratford
Lincolnia Park,Week5,Parklawn,Week1,202.0 Lincolnia Park - 181.0 Parklawn
Lincolnia Park,Week5,Truro,Week1,251.0 Truro - 139.0 Lincolnia Park
Lincolnia Park,Week2,Dowden Terrace,Week3,310.0 Dowden Terrace - 83.0 Lincolnia Park
Little Hunting Park,Week3,Hamlet,Week4,323.0 Hamlet - 79.0 Little Hunting Park
Lincolnia Park,Week5,Parklawn,Week4,223.0 Parklawn - 166.0 Lincolnia Park
Little Hunting Park,Week5,Stratford,Week4,224.0 Little Hunting Park - 178.0 Stratford
Lincolnia Park,Week5,Donaldson Run,Week4,337.0 Donaldson Run - 56.0 Lincolnia Park
Little Hunting Park,Week4,Greenbriar,Week5,249.0 Greenbriar - 153.0 Little Hunting Park
Lincolnia Park,Week5,Truro,Week2,212.0 Truro - 170.0 Lincolnia Park
Lincolnia Park,Week1,Mantua,Week3,349.0 Mantua - 53.0 Lincolnia Park
Lincolnia Park,Week1,Parliament,Week4,285.0 Parliament - 104.0 Lincolnia Park
Lincolnia Park,Week5,Truro,Week3,252.0 Truro - 140.0 Lincolnia Park
Lincolnia Park,Week1,Parliament,Week2,277.0 Parliament - 110.0 Lincolnia Park
Lincolnia Park,Week1,Tuckahoe,Week3,384.0 Tuckahoe - 16.0 Lincolnia Park
Little Hunting Park,Week4,Hamlet,Week4,318.0 Hamlet - 84.0 Little Hunting Park
Lincolnia Park,Week2,Tuckahoe,Week2,373.0 Tuckahoe - 20.0 Lincolnia Park
Lincolnia Park,Week2,Mansion House,Week5,347.0 Mansion House - 46.0 Lincolnia Park
Little Hunting Park,Week3,Hayfield Farm,Week2,257.0 Hayfield Farm - 145.0 Little Hunting Park
Lincolnia Park,Week3,Mansion House,Week2,298.0 Mansion House - 89.0 Lincolnia Park
Lincolnia Park,Week3,Dowden Terrace,Week3,274.0 Dowden Terrace - 119.0 Lincolnia Park
Lincolnia Park,Week5,Donaldson Run,Week3,332.0 Donaldson Run - 61.0 Lincolnia Park
Little Hunting Park,Week3,Stratford,Week1,209.0 Little Hunting Park - 193.0 Stratford
Lincolnia Park,Week5,Truro,Week5,237.0 Truro - 151.0 Lincolnia Park
Lincolnia Park,Week5,Parklawn,Week3,208.0 Parklawn - 181.0 Lincolnia Park
Little Hunting Park,Week1,Stratford,Week5,205.0 Stratford - 196.0 Little Hunting Park
Lincolnia Park,Week2,Parliament,Week5,288.0 Parliament - 96.0 Lincolnia Park
Little Hunting Park,Week3,Sully Station,Week4,310.0 Sully Station - 92.0 Little Hunting Park
Lincolnia Park,Week4,Donaldson Run,Week3,351.0 Donaldson Run - 51.0 Lincolnia Park
Lincolnia Park,Week5,Donaldson Run,Week5,344.0 Donaldson Run - 49.0 Lincolnia Park
Lincolnia Park,Week1,Mantua,Week5,355.0 Mantua - 46.0 Lincolnia Park
Lincolnia Park,Week1,Tuckahoe,Week4,387.0 Tuckahoe - 15.0 Lincolnia Park
Little Hunting Park,Week2,Stratford,Week4,217.0 Stratford - 185.0 Little Hunting Park
Lincolnia Park,Week5,Mansion House,Week4,300.0 Mansion House - 92.0 Lincolnia Park
Lincolnia Park,Week2,Parliament,Week4,282.0 Parliament - 105.0 Lincolnia Park
Little Hunting Park,Week4,Hamlet,Week1,323.0 Hamlet - 78.0 Little Hunting Park
Little Hunting Park,Week5,Hamlet,Week4,297.0 Hamlet - 105.0 Little Hunting Park
Little Hunting Park,Week3,Hayfield Farm,Week4,267.0 Hayfield Farm - 135.0 Little Hunting Park
Lincolnia Park,Week3,Dowden Terrace,Week4,292.0 Dowden Terrace - 96.0 Lincolnia Park
Lincolnia Park,Week2,Parliament,Week2,285.0 Parliament - 103.0 Lincolnia Park
Lincolnia Park,Week5,Tuckahoe,Week4,369.0 Tuckahoe - 24.0 Lincolnia Park
Lincolnia Park,Week4,Mansion House,Week3,336.0 Mansion House - 66.0 Lincolnia Park
Lincolnia Park,Week3,Tuckahoe,Week3,362.0 Tuckahoe - 30.0 Lincolnia Park
Little Hunting Park,Week1,Hayfield Farm,Week4,262.0 Hayfield Farm - 140.0 Little Hunting Park
Lincolnia Park,Week1,Dunn Loring,Week5,372.0 Dunn Loring - 30.0 Lincolnia Park
Lincolnia Park,Week3,Parliament,Week2,259.0 Parliament - 128.0 Lincolnia Park
Lincolnia Park,Week3,Mansion House,Week3,311.0 Mansion House - 82.0 Lincolnia Park
Little Hunting Park,Week5,Hamlet,Week3,309.0 Hamlet - 89.0 Little Hunting Park
Little Hunting Park,Week4,Stratford,Week1,204.0 Little Hunting Park - 197.0 Stratford
Lincolnia Park,Week2,Vienna Aquatic,Week1,366.0 Vienna Aquatic - 27.0 Lincolnia Park
Lincolnia Park,Week3,Parliament,Week1,274.0 Parliament - 105.0 Lincolnia Park
Little Hunting Park,Week1,Stratford,Week4,219.0 Stratford - 182.0 Little Hunting Park
Lincolnia Park,Week5,Parklawn,Week2,214.0 Parklawn - 175.0 Lincolnia Park
Lincolnia Park,Week2,Mantua,Week1,324.0 Mantua - 63.0 Lincolnia Park
Little Hunting Park,Week3,Hamlet,Week2,345.0 Hamlet - 57.0 Little Hunting Park
Little Hunting Park,Week3,Hayfield Farm,Week3,264.0 Hayfield Farm - 138.0 Little Hunting Park
Little Hunting Park,Week1,Stratford,Week2,212.0 Little Hunting Park - 189.0 Stratford
Lincolnia Park,Week4,Dowden Terrace,Week4,321.0 Dowden Terrace - 76.0 Lincolnia Park
Lincolnia Park,Week2,Vienna Aquatic,Week4,360.0 Vienna Aquatic - 33.0 Lincolnia Park
Lincolnia Park,Week5,Tuckahoe,Week2,364.0 Tuckahoe - 29.0 Lincolnia Park
Lincolnia Park,Week2,Mantua,Week2,324.0 Mantua - 68.0 Lincolnia Park
Lincolnia Park,Week1,Dunn Loring,Week1,358.0 Dunn Loring - 44.0 Lincolnia Park
Little Hunting Park,Week3,Stratford,Week2,210.0 Little Hunting Park - 192.0 Stratford
Lincolnia Park,Week1,McLean,Week3,355.0 McLean - 42.0 Lincolnia Park
Lincolnia Park,Week3,Tuckahoe,Week2,359.0 Tuckahoe - 34.0 Lincolnia Park
Little Hunting Park,Week1,Sully Station,Week2,309.0 Sully Station - 93.0 Little Hunting Park
Little Hunting Park,Week4,Stratford,Week2,202.0 Little Hunting Park - 200.0 Stratford
Lincolnia Park,Week2,Mantua,Week3,347.0 Mantua - 46.0 Lincolnia Park
Lincolnia Park,Week1,Parliament,Week1,294.0 Parliament - 89.0 Lincolnia Park
Lincolnia Park,Week2,McLean,Week5,354.0 McLean - 39.0 Lincolnia Park
Lincolnia Park,Week2,Vienna Aquatic,Week2,360.0 Vienna Aquatic - 33.0 Lincolnia Park
Lincolnia Park,Week2,Parliament,Week1,298.0 Parliament - 86.0 Lincolnia Park
Lincolnia Park,Week4,Tuckahoe,Week3,379.0 Tuckahoe - 22.0 Lincolnia Park
Lincolnia Park,Week3,Dowden Terrace,Week1,271.0 Dowden Terrace - 117.0 Lincolnia Park
Little Hunting Park,Week1,Hayfield Farm,Week1,251.0 Hayfield Farm - 151.0 Little Hunting Park
Lincolnia Park,Week3,Tuckahoe,Week5,363.0 Tuckahoe - 30.0 Lincolnia Park
Lincolnia Park,Week1,McLean,Week2,359.0 McLean - 43.0 Lincolnia Park
Lincolnia Park,Week4,Mansion House,Week2,323.0 Mansion House - 73.0 Lincolnia Park
Lincolnia Park,Week2,Dowden Terrace,Week4,318.0 Dowden Terrace - 70.0 Lincolnia Park
Lincolnia Park,Week3,Mantua,Week3,329.0 Mantua - 64.0 Lincolnia Park
Lincolnia Park,Week4,Tuckahoe,Week1,377.0 Tuckahoe - 25.0 Lincolnia Park
Lincolnia Park,Week2,Dowden Terrace,Week1,298.5 Dowden Terrace - 90.5 Lincolnia Park
Lincolnia Park,Week1,Dowden Terrace,Week5,327.0 Dowden Terrace - 75.0 Lincolnia Park
Little Hunting Park,Week1,Sully Station,Week1,305.0 Sully Station - 97.0 Little Hunting Park
Little Hunting Park,Week1,Herndon,Week1,261.0 Little Hunting Park - 137.0 Herndon
Little Hunting Park,Week4,Hamlet,Week2,336.0 Hamlet - 66.0 Little Hunting Park
Lincolnia Park,Week1,Mantua,Week2,329.0 Mantua - 69.0 Lincolnia Park
Little Hunting Park,Week5,Hamlet,Week1,299.0 Hamlet - 103.0 Little Hunting Park
Lincolnia Park,Week1,Dunn Loring,Week4,375.0 Dunn Loring - 27.0 Lincolnia Park
Little Hunting Park,Week3,Hamlet,Week5,341.0 Hamlet - 61.0 Little Hunting Park
Lincolnia Park,Week3,Dowden Terrace,Week2,274.0 Dowden Terrace - 119.0 Lincolnia Park
Lincolnia Park,Week3,Tuckahoe,Week1,360.0 Tuckahoe - 33.0 Lincolnia Park
Little Hunting Park,Week2,Hayfield Farm,Week1,256.0 Hayfield Farm - 146.0 Little Hunting Park
Little Hunting Park,Week5,Stratford,Week5,226.0 Little Hunting Park - 174.0 Stratford
Little Hunting Park,Week2,Sully Station,Week3,302.0 Sully Station - 100.0 Little Hunting Park
Lincolnia Park,Week4,Tuckahoe,Week2,381.0 Tuckahoe - 21.0 Lincolnia Park
Lincolnia Park,Week1,Dunn Loring,Week3,378.0 Dunn Loring - 24.0 Lincolnia Park
Lincolnia Park,Week5,Tuckahoe,Week1,361.0 Tuckahoe - 32.0 Lincolnia Park
Lincolnia Park,Week4,Dowden Terrace,Week2,309.5 Dowden Terrace - 92.5 Lincolnia Park
Lincolnia Park,Week4,Donaldson Run,Week5,352.0 Donaldson Run - 50.0 Lincolnia Park
Little Hunting Park,Week1,Sully Station II,Week2,292.0 Sully Station II - 110.0 Little Hunting Park
Lincolnia Park,Week4,Mantua,Week2,325.0 Mantua - 76.0 Lincolnia Park
Little Hunting Park,Week3,Sully Station,Week3,303.0 Sully Station - 99.0 Little Hunting Park
Little Hunting Park,Week4,Hayfield Farm,Week1,258.0 Hayfield Farm - 144.0 Little Hunting Park
Little Hunting Park,Week5,Stratford,Week2,228.0 Little Hunting Park - 174.0 Stratford
Little Hunting Park,Week1,Sully Station II,Week4,277.0 Sully Station II - 125.0 Little Hunting Park
Lincolnia Park,Week1,Dowden Terrace,Week4,320.0 Dowden Terrace - 77.0 Lincolnia Park
Lincolnia Park,Week5,Parklawn,Week5,218.0 Parklawn - 171.0 Lincolnia Park
Lincolnia Park,Week4,Tuckahoe,Week5,377.0 Tuckahoe - 25.0 Lincolnia Park
Lincolnia Park,Week4,Mantua,Week3,354.0 Mantua - 48.0 Lincolnia Park
Lincolnia Park,Week3,Parklawn,Week5,236.0 Parklawn - 153.0 Lincolnia Park
Little Hunting Park,Week4,Hamlet,Week3,333.0 Hamlet - 68.0 Little Hunting Park
Little Hunting Park,Week1,Hayfield Farm,Week5,261.0 Hayfield Farm - 141.0 Little Hunting Park
Lincolnia Park,Week5,Tuckahoe,Week3,362.0 Tuckahoe - 30.0 Lincolnia Park
Little Hunting Park,Week5,Stratford,Week1,239.0 Little Hunting Park - 163.0 Stratford
Little Hunting Park,Week3,Hamlet,Week3,333.0 Hamlet - 69.0 Little Hunting Park
Lincolnia Park,Week2,Tuckahoe,Week4,374.0 Tuckahoe - 19.0 Lincolnia Park
Little Hunting Park,Week1,Sully Station,Week5,313.0 Sully Station - 88.0 Little Hunting Park
Lincolnia Park,Week3,McLean,Week3,332.0 McLean - 56.0 Lincolnia Park
Lincolnia Park,Week1,Dowden Terrace,Week2,305.0 Dowden Terrace - 97.0 Lincolnia Park
Lincolnia Park,Week1,Dowden Terrace,Week3,321.0 Dowden Terrace - 81.0 Lincolnia Park
Little Hunting Park,Week5,Hamlet,Week2,317.0 Hamlet - 84.0 Little Hunting Park
Lincolnia Park,Week5,Tuckahoe,Week5,351.0 Tuckahoe - 42.0 Lincolnia Park
Little Hunting Park,Week5,Hamlet,Week5,317.0 Hamlet - 84.0 Little Hunting Park
Little Hunting Park,Week4,Hayfield Farm,Week4,267.0 Hayfield Farm - 135.0 Little Hunting Park
Lincolnia Park,Week2,Tuckahoe,Week5,366.0 Tuckahoe - 27.0 Lincolnia Park
Lincolnia Park,Week1,McLean,Week4,348.0 McLean - 54.0 Lincolnia Park
Lincolnia Park,Week5,Donaldson Run,Week1,331.0 Donaldson Run - 62.0 Lincolnia Park
Little Hunting Park,Week1,Sully Station,Week4,301.0 Sully Station - 101.0 Little Hunting Park
Lincolnia Park,Week1,Vienna Aquatic,Week3,371.0 Vienna Aquatic - 31.0 Lincolnia Park
Little Hunting Park,Week2,Sully Station,Week4,300.0 Sully Station - 102.0 Little Hunting Park
Little Hunting Park,Week1,Hayfield Farm,Week2,253.0 Hayfield Farm - 149.0 Little Hunting Park
Lincolnia Park,Week5,Mantua,Week2,308.0 Mantua - 81.0 Lincolnia Park
Little Hunting Park,Week2,Sully Station,Week2,296.0 Sully Station - 106.0 Little Hunting Park
Lincolnia Park,Week1,Vienna Aquatic,Week2,356.0 Vienna Aquatic - 46.0 Lincolnia Park
Little Hunting Park,Week2,Sully Station,Week1,305.0 Sully Station - 97.0 Little Hunting Park
Lincolnia Park,Week2,McLean,Week2,346.0 McLean - 47.0 Lincolnia Park
Lincolnia Park,Week3,Mantua,Week1,299.0 Mantua - 85.0 Lincolnia Park
Lincolnia Park,Week1,Dowden Terrace,Week1,301.0 Dowden Terrace - 99.0 Lincolnia Park
Lincolnia Park,Week5,Donaldson Run,Week2,332.0 Donaldson Run - 61.0 Lincolnia Park
Lincolnia Park,Week2,Mantua,Week5,349.0 Mantua - 44.0 Lincolnia Park
Lincolnia Park,Week2,McLean,Week4,344.0 McLean - 49.0 Lincolnia Park
Lincolnia Park,Week2,Dowden Terrace,Week5,328.0 Dowden Terrace - 64.0 Lincolnia Park
Little Hunting Park,Week2,Hayfield Farm,Week2,244.5 Hayfield Farm - 157.5 Little Hunting Park
Little Hunting Park,Week2,Hayfield Farm,Week3,250.0 Hayfield Farm - 152.0 Little Hunting Park
Little Hunting Park,Week2,Sully Station,Week5,304.0 Sully Station - 97.0 Little Hunting Park
Lincolnia Park,Week5,Mantua,Week4,320.0 Mantua - 73.0 Lincolnia Park
Little Hunting Park,Week3,Sully Station,Week2,294.0 Sully Station - 108.0 Little Hunting Park
Lincolnia Park,Week1,Vienna Aquatic,Week1,365.0 Vienna Aquatic - 37.0 Lincolnia Park
Little Hunting Park,Week3,Sully Station,Week1,301.0 Sully Station - 101.0 Little Hunting Park
Lincolnia Park,Week3,Mantua,Week4,310.0 Mantua - 83.0 Lincolnia Park
Lincolnia Park,Week2,Vienna Aquatic,Week3,369.0 Vienna Aquatic - 24.0 Lincolnia Park
Lincolnia Park,Week4,Dowden Terrace,Week3,314.0 Dowden Terrace - 88.0 Lincolnia Park
Lincolnia Park,Week3,Tuckahoe,Week4,367.0 Tuckahoe - 26.0 Lincolnia Park
Lincolnia Park,Week5,Dowden Terrace,Week1,275.0 Dowden Terrace - 113.0 Lincolnia Park
Lincolnia Park,Week3,McLean,Week2,341.0 McLean - 52.0 Lincolnia Park
Little Hunting Park,Week1,Sully Station,Week3,301.0 Sully Station - 100.0 Little Hunting Park
Lincolnia Park,Week1,Vienna Aquatic,Week4,359.0 Vienna Aquatic - 41.0 Lincolnia Park
Lincolnia Park,Week2,Dowden Terrace,Week2,304.0 Dowden Terrace - 89.0 Lincolnia Park
Lincolnia Park,Week3,Dowden Terrace,Week5,303.0 Dowden Terrace - 90.0 Lincolnia Park
Little Hunting Park,Week4,Hayfield Farm,Week2,260.0 Hayfield Farm - 142.0 Little Hunting Park
Little Hunting Park,Week3,Hayfield Farm,Week1,253.0 Hayfield Farm - 149.0 Little Hunting Park
Little Hunting Park,Week2,Hayfield Farm,Week5,252.0 Hayfield Farm - 150.0 Little Hunting Park
Little Hunting Park,Week4,Sully Station,Week4,294.5 Sully Station - 107.5 Little Hunting Park
Lincolnia Park,Week2,Vienna Aquatic,Week5,371.0 Vienna Aquatic - 22.0 Lincolnia Park
Lincolnia Park,Week1,Vienna Aquatic,Week5,371.0 Vienna Aquatic - 26.0 Lincolnia Park
Little Hunting Park,Week5,Sully Station,Week2,264.0 Sully Station - 138.0 Little Hunting Park
Little Hunting Park,Week5,Hayfield Farm,Week2,231.0 Hayfield Farm - 171.0 Little Hunting Park
Little Hunting Park,Week4,Sully Station,Week1,300.0 Sully Station - 102.0 Little Hunting Park
Lincolnia Park,Week2,Vienna Woods,Week5,371.0 Vienna Woods - 21.0 Lincolnia Park
Lincolnia Park,Week5,Dowden Terrace,Week2,275.0 Dowden Terrace - 118.0 Lincolnia Park
Lincolnia Park,Week5,Dowden Terrace,Week3,281.0 Dowden Terrace - 112.0 Lincolnia Park
Lincolnia Park,Week4,Mantua,Week5,349.0 Mantua - 53.0 Lincolnia Park
Lincolnia Park,Week1,Vienna Woods,Week1,357.0 Vienna Woods - 45.0 Lincolnia Park
Little Hunting Park,Week1,Herndon,Week2,274.0 Little Hunting Park - 127.0 Herndon
Lincolnia Park,Week4,Dowden Terrace,Week5,330.0 Dowden Terrace - 72.0 Lincolnia Park
Little Hunting Park,Week5,Sully Station,Week4,279.0 Sully Station - 123.0 Little Hunting Park
Little Hunting Park,Week4,Sully Station,Week3,289.0 Sully Station - 113.0 Little Hunting Park
Lincolnia Park,Week2,McLean,Week1,349.0 McLean - 44.0 Lincolnia Park
Lincolnia Park,Week4,Tuckahoe,Week4,384.0 Tuckahoe - 18.0 Lincolnia Park
Little Hunting Park,Week5,Hayfield Farm,Week1,219.0 Hayfield Farm - 183.0 Little Hunting Park
Little Hunting Park,Week1,Herndon,Week3,281.0 Little Hunting Park - 117.0 Herndon
Little Hunting Park,Week4,Sully Station,Week5,307.0 Sully Station - 95.0 Little Hunting Park
Little Hunting Park,Week3,Sully Station,Week5,316.0 Sully Station - 86.0 Little Hunting Park
Little Hunting Park,Week5,Sully Station,Week3,270.0 Sully Station - 132.0 Little Hunting Park
Lincolnia Park,Week2,Dunn Loring,Week2,363.0 Dunn Loring - 30.0 Lincolnia Park
Little Hunting Park,Week4,Hayfield Farm,Week5,248.0 Hayfield Farm - 154.0 Little Hunting Park
Little Hunting Park,Week5,Sully Station,Week1,271.0 Sully Station - 131.0 Little Hunting Park
Lincolnia Park,Week3,Dunn Loring,Week5,345.0 Dunn Loring - 48.0 Lincolnia Park
Lincolnia Park,Week5,Mantua,Week3,334.0 Mantua - 59.0 Lincolnia Park
Little Hunting Park,Week4,Hayfield Farm,Week3,272.0 Hayfield Farm - 130.0 Little Hunting Park
Little Hunting Park,Week3,Hayfield Farm,Week5,262.0 Hayfield Farm - 140.0 Little Hunting Park
Lincolnia Park,Week5,Dowden Terrace,Week5,308.0 Dowden Terrace - 85.0 Lincolnia Park
Lincolnia Park,Week5,Mantua,Week1,304.0 Mantua - 85.0 Lincolnia Park
Little Hunting Park,Week4,Sully Station,Week2,288.0 Sully Station - 114.0 Little Hunting Park
Little Hunting Park,Week5,Hayfield Farm,Week4,241.0 Hayfield Farm - 161.0 Little Hunting Park
Lincolnia Park,Week3,Dunn Loring,Week3,355.5 Dunn Loring - 37.5 Lincolnia Park
Lincolnia Park,Week3,Mantua,Week5,325.5 Mantua - 66.5 Lincolnia Park
Lincolnia Park,Week3,Vienna Woods,Week4,335.0 Vienna Woods - 53.0 Lincolnia Park
Lincolnia Park,Week4,Mantua,Week4,341.0 Mantua - 61.0 Lincolnia Park
Lincolnia Park,Week5,Dowden Terrace,Week4,291.0 Dowden Terrace - 102.0 Lincolnia Park
Lincolnia Park,Week2,Dunn Loring,Week3,371.0 Dunn Loring - 22.0 Lincolnia Park
Lincolnia Park,Week1,Dunn Loring,Week2,373.0 Dunn Loring - 29.0 Lincolnia Park
Lincolnia Park,Week3,Vienna Woods,Week3,356.0 Vienna Woods - 37.0 Lincolnia Park
Lincolnia Park,Week3,Vienna Aquatic,Week3,352.0 Vienna Aquatic - 41.0 Lincolnia Park
Lincolnia Park,Week1,Mosby Woods,Week2,362.0 Mosby Woods - 39.0 Lincolnia Park
Lincolnia Park,Week3,Mantua,Week2,295.0 Mantua - 94.0 Lincolnia Park
Lincolnia Park,Week5,Vienna Aquatic,Week4,345.0 Vienna Aquatic - 47.0 Lincolnia Park
Lincolnia Park,Week4,Vienna Aquatic,Week1,359.0 Vienna Aquatic - 43.0 Lincolnia Park
Lincolnia Park,Week2,Mantua,Week4,331.0 Mantua - 62.0 Lincolnia Park
Lincolnia Park,Week1,McLean,Week1,357.0 McLean - 45.0 Lincolnia Park
Little Hunting Park,Week5,Hayfield Farm,Week3,240.0 Hayfield Farm - 162.0 Little Hunting Park
Little Hunting Park,Week5,Hayfield Farm,Week5,230.0 Hayfield Farm - 172.0 Little Hunting Park
Lincolnia Park,Week4,McLean,Week2,356.0 McLean - 46.0 Lincolnia Park
Lincolnia Park,Week4,Mantua,Week1,322.0 Mantua - 70.0 Lincolnia Park
Lincolnia Park,Week2,Dunn Loring,Week1,344.0 Dunn Loring - 49.0 Lincolnia Park
Little Hunting Park,Week1,Sully Station II,Week1,277.0 Sully Station II - 125.0 Little Hunting Park
Little Hunting Park,Week1,Sully Station II,Week3,312.0 Sully Station II - 90.0 Little Hunting Park
Lincolnia Park,Week5,Dunn Loring,Week5,357.0 Dunn Loring - 36.0 Lincolnia Park
Lincolnia Park,Week4,Vienna Aquatic,Week5,367.0 Vienna Aquatic - 31.0 Lincolnia Park
Little Hunting Park,Week2,Sully Station II,Week1,279.0 Sully Station II - 122.0 Little Hunting Park
Little Hunting Park,Week5,Sully Station,Week5,285.0 Sully Station - 117.0 Little Hunting Park
Little Hunting Park,Week2,Herndon,Week1,272.0 Little Hunting Park - 127.0 Herndon
Lincolnia Park,Week1,Fair Oaks ,Week2,296.0 Fair Oaks - 106.0 Lincolnia Park
Lincolnia Park,Week1,Fair Oaks ,Week3,316.0 Fair Oaks - 86.0 Lincolnia Park
Lincolnia Park,Week1,McLean,Week5,365.0 McLean - 37.0 Lincolnia Park
Lincolnia Park,Week3,Vienna Aquatic,Week1,343.0 Vienna Aquatic - 50.0 Lincolnia Park
Lincolnia Park,Week1,Vienna Woods,Week2,367.0 Vienna Woods - 35.0 Lincolnia Park
Lincolnia Park,Week4,Dunn Loring,Week1,345.0 Dunn Loring - 57.0 Lincolnia Park
Little Hunting Park,Week2,Sully Station II,Week3,310.0 Sully Station II - 92.0 Little Hunting Park
Little Hunting Park,Week2,Herndon,Week3,264.0 Little Hunting Park - 136.0 Herndon
Lincolnia Park,Week3,Vienna Aquatic,Week5,355.0 Vienna Aquatic - 37.0 Lincolnia Park
Little Hunting Park,Week1,Herndon,Week5,276.0 Little Hunting Park - 125.0 Herndon
Little Hunting Park,Week2,Sully Station II,Week2,294.0 Sully Station II - 107.0 Little Hunting Park
Lincolnia Park,Week3,McLean,Week1,331.5 McLean - 61.5 Lincolnia Park
Little Hunting Park,Week1,Herndon,Week4,263.0 Little Hunting Park - 139.0 Herndon
Lincolnia Park,Week2,McLean,Week3,346.0 McLean - 42.0 Lincolnia Park
Lincolnia Park,Week5,Mantua,Week5,338.0 Mantua - 54.0 Lincolnia Park
Little Hunting Park,Week2,Herndon,Week2,268.0 Little Hunting Park - 132.0 Herndon
Lincolnia Park,Week3,Vienna Aquatic,Week2,334.0 Vienna Aquatic - 59.0 Lincolnia Park
Lincolnia Park,Week4,Vienna Aquatic,Week3,371.0 Vienna Aquatic - 31.0 Lincolnia Park
Lincolnia Park,Week4,Dunn Loring,Week5,362.0 Dunn Loring - 40.0 Lincolnia Park
Lincolnia Park,Week2,Vienna Woods,Week1,356.0 Vienna Woods - 37.0 Lincolnia Park
Lincolnia Park,Week3,Dunn Loring,Week4,355.0 Dunn Loring - 38.0 Lincolnia Park
Lincolnia Park,Week2,Mosby Woods,Week5,358.0 Mosby Woods - 35.0 Lincolnia Park
Lincolnia Park,Week5,McLean,Week5,336.0 McLean - 57.0 Lincolnia Park
Lincolnia Park,Week3,Dunn Loring,Week2,345.0 Dunn Loring - 48.0 Lincolnia Park
Lincolnia Park,Week1,Fair Oaks ,Week5,330.0 Fair Oaks - 72.0 Lincolnia Park
Lincolnia Park,Week1,Vienna Woods,Week4,352.0 Vienna Woods - 45.0 Lincolnia Park
Little Hunting Park,Week2,Sully Station II,Week4,271.0 Sully Station II - 131.0 Little Hunting Park
Lincolnia Park,Week2,Vienna Woods,Week2,362.0 Vienna Woods - 30.0 Lincolnia Park
Little Hunting Park,Week4,Sully Station II,Week1,278.5 Sully Station II - 123.5 Little Hunting Park
Lincolnia Park,Week3,Dunn Loring,Week1,329.0 Dunn Loring - 64.0 Lincolnia Park
Lincolnia Park,Week5,Vienna Aquatic,Week5,353.5 Vienna Aquatic - 38.5 Lincolnia Park
Lincolnia Park,Week5,Vienna Aquatic,Week2,334.0 Vienna Aquatic - 59.0 Lincolnia Park
Lincolnia Park,Week4,McLean,Week4,341.0 McLean - 61.0 Lincolnia Park
Lincolnia Park,Week4,McLean,Week3,351.0 McLean - 46.0 Lincolnia Park
Lincolnia Park,Week5,McLean,Week4,323.0 McLean - 70.0 Lincolnia Park
Little Hunting Park,Week2,Truro,Week4,205.0 Truro - 197.0 Little Hunting Park
Little Hunting Park,Week1,Sully Station II,Week5,312.0 Sully Station II - 90.0 Little Hunting Park
Lincolnia Park,Week2,Fair Oaks ,Week1,317.0 Fair Oaks - 76.0 Lincolnia Park
Little Hunting Park,Week2,Sully Station II,Week5,307.0 Sully Station II - 95.0 Little Hunting Park
Lincolnia Park,Week5,McLean,Week3,335.0 McLean - 58.0 Lincolnia Park
Lincolnia Park,Week4,McLean,Week5,358.0 McLean - 44.0 Lincolnia Park
Little Hunting Park,Week2,Truro,Week1,206.0 Truro - 195.0 Little Hunting Park
Lincolnia Park,Week4,Dunn Loring,Week4,364.0 Dunn Loring - 38.0 Lincolnia Park
Lincolnia Park,Week5,Dunn Loring,Week2,347.0 Dunn Loring - 46.0 Lincolnia Park
Lincolnia Park,Week3,Vienna Woods,Week2,350.0 Vienna Woods - 42.0 Lincolnia Park
Lincolnia Park,Week2,Vienna Woods,Week3,373.0 Vienna Woods - 20.0 Lincolnia Park
Lincolnia Park,Week4,McLean,Week1,344.0 McLean - 53.0 Lincolnia Park
Lincolnia Park,Week5,Vienna Aquatic,Week1,344.0 Vienna Aquatic - 49.0 Lincolnia Park
Little Hunting Park,Week3,Sully Station II,Week4,283.0 Sully Station II - 119.0 Little Hunting Park
Lincolnia Park,Week3,McLean,Week4,326.0 McLean - 67.0 Lincolnia Park
Lincolnia Park,Week5,Dunn Loring,Week4,355.0 Dunn Loring - 38.0 Lincolnia Park
Lincolnia Park,Week3,Vienna Aquatic,Week4,343.0 Vienna Aquatic - 49.0 Lincolnia Park
Lincolnia Park,Week5,McLean,Week2,333.0 McLean - 60.0 Lincolnia Park
Lincolnia Park,Week5,McLean,Week1,331.5 McLean - 61.5 Lincolnia Park
Lincolnia Park,Week1,Vienna Woods,Week3,372.5 Vienna Woods - 29.5 Lincolnia Park
Little Hunting Park,Week3,Truro,Week2,220.0 Little Hunting Park - 182.0 Truro
Little Hunting Park,Week2,Truro,Week3,201.0 Little Hunting Park - 201.0 Truro
Lincolnia Park,Week2,Mosby Woods,Week1,363.0 Mosby Woods - 30.0 Lincolnia Park
Lincolnia Park,Week4,Vienna Aquatic,Week2,360.0 Vienna Aquatic - 42.0 Lincolnia Park
Lincolnia Park,Week1,Vienna Woods,Week5,366.5 Vienna Woods - 35.5 Lincolnia Park
Lincolnia Park,Week1,Fair Oaks ,Week4,303.0 Fair Oaks - 99.0 Lincolnia Park
Lincolnia Park,Week4,Vienna Aquatic,Week4,361.0 Vienna Aquatic - 40.0 Lincolnia Park
Lincolnia Park,Week2,Mosby Woods,Week2,361.0 Mosby Woods - 32.0 Lincolnia Park
Little Hunting Park,Week3,Sully Station II,Week3,304.5 Sully Station II - 97.5 Little Hunting Park
Lincolnia Park,Week1,Fair Oaks ,Week1,314.0 Fair Oaks - 88.0 Lincolnia Park
Little Hunting Park,Week5,Sully Station II,Week3,287.5 Sully Station II - 114.5 Little Hunting Park
Little Hunting Park,Week4,Sully Station II,Week2,291.0 Sully Station II - 111.0 Little Hunting Park
Little Hunting Park,Week3,Truro,Week4,229.0 Truro - 173.0 Little Hunting Park
Little Hunting Park,Week5,Sully Station II,Week4,255.0 Sully Station II - 146.0 Little Hunting Park
Lincolnia Park,Week3,McLean,Week5,344.0 McLean - 49.0 Lincolnia Park
Lincolnia Park,Week4,Dunn Loring,Week2,362.0 Dunn Loring - 40.0 Lincolnia Park
Lincolnia Park,Week2,Mosby Woods,Week3,358.0 Mosby Woods - 35.0 Lincolnia Park
Lincolnia Park,Week2,Dunn Loring,Week4,367.0 Dunn Loring - 26.0 Lincolnia Park
Lincolnia Park,Week2,Dunn Loring,Week5,364.0 Dunn Loring - 29.0 Lincolnia Park
Lincolnia Park,Week2,Vienna Woods,Week4,365.0 Vienna Woods - 23.0 Lincolnia Park
Little Hunting Park,Week3,Truro,Week5,219.0 Truro - 183.0 Little Hunting Park
Little Hunting Park,Week5,Truro,Week1,226.0 Little Hunting Park - 175.0 Truro
Lincolnia Park,Week4,Dunn Loring,Week3,367.0 Dunn Loring - 35.0 Lincolnia Park
Lincolnia Park,Week5,Vienna Aquatic,Week3,354.0 Vienna Aquatic - 39.0 Lincolnia Park
Lincolnia Park,Week3,Vienna Woods,Week1,343.0 Vienna Woods - 50.0 Lincolnia Park
Lincolnia Park,Week1,Mosby Woods,Week1,374.0 Mosby Woods - 28.0 Lincolnia Park
Lincolnia Park,Week5,Dunn Loring,Week3,357.0 Dunn Loring - 36.0 Lincolnia Park
Lincolnia Park,Week5,Dunn Loring,Week1,329.0 Dunn Loring - 64.0 Lincolnia Park
Lincolnia Park,Week4,Vienna Woods,Week5,368.0 Vienna Woods - 34.0 Lincolnia Park
Lincolnia Park,Week4,Vienna Woods,Week1,363.0 Vienna Woods - 39.0 Lincolnia Park
Lincolnia Park,Week4,Vienna Woods,Week4,357.0 Vienna Woods - 40.0 Lincolnia Park
Lincolnia Park,Week5,Vienna Woods,Week5,359.0 Vienna Woods - 34.0 Lincolnia Park
Lincolnia Park,Week1,Dominion Hills,Week3,315.0 Dominion Hills - 87.0 Lincolnia Park
Lincolnia Park,Week5,Dominion Hills,Week2,293.0 Dominion Hills - 100.0 Lincolnia Park
Little Hunting Park,Week4,Sully Station II,Week4,275.0 Sully Station II - 127.0 Little Hunting Park
Lincolnia Park,Week2,Dominion Hills,Week5,325.0 Dominion Hills - 68.0 Lincolnia Park
Lincolnia Park,Week1,Mosby Woods,Week3,360.0 Mosby Woods - 41.0 Lincolnia Park
Lincolnia Park,Week1,Dominion Hills,Week4,332.0 Dominion Hills - 70.0 Lincolnia Park
Lincolnia Park,Week2,Villa Aquatic,Week2,292.0 Villa Aquatic - 101.0 Lincolnia Park
Little Hunting Park,Week1,Truro,Week1,210.0 Truro - 188.0 Little Hunting Park
Little Hunting Park,Week1,Truro,Week5,204.0 Truro - 194.0 Little Hunting Park
Little Hunting Park,Week5,Sully Station II,Week5,292.0 Sully Station II - 110.0 Little Hunting Park
Lincolnia Park,Week5,Vienna Woods,Week4,341.0 Vienna Woods - 52.0 Lincolnia Park
Lincolnia Park,Week4,Mosby Woods,Week2,358.0 Mosby Woods - 43.0 Lincolnia Park
Little Hunting Park,Week1,Truro,Week2,205.0 Little Hunting Park - 193.0 Truro
Lincolnia Park,Week5,Dominion Hills,Week3,277.0 Dominion Hills - 116.0 Lincolnia Park
Lincolnia Park,Week4,Daventry,Week5,218.0 Daventry - 176.0 Lincolnia Park
Little Hunting Park,Week3,Sully Station II,Week5,321.0 Sully Station II - 81.0 Little Hunting Park
Lincolnia Park,Week1,Villa Aquatic,Week3,337.0 Villa Aquatic - 65.0 Lincolnia Park
Lincolnia Park,Week5,Daventry,Week2,204.0 Lincolnia Park - 179.0 Daventry
Lincolnia Park,Week1,Mosby Woods,Week5,359.0 Mosby Woods - 43.0 Lincolnia Park
Lincolnia Park,Week4,Mosby Woods,Week1,359.0 Mosby Woods - 43.0 Lincolnia Park
Lincolnia Park,Week2,Villa Aquatic,Week3,324.0 Villa Aquatic - 69.0 Lincolnia Park
Little Hunting Park,Week4,Sully Station II,Week3,298.0 Sully Station II - 104.0 Little Hunting Park
Lincolnia Park,Week1,Mosby Woods,Week4,353.0 Mosby Woods - 47.0 Lincolnia Park
Lincolnia Park,Week3,Mosby Woods,Week3,339.0 Mosby Woods - 54.0 Lincolnia Park
Lincolnia Park,Week3,Mosby Woods,Week4,331.0 Mosby Woods - 61.0 Lincolnia Park
Lincolnia Park,Week4,Mosby Woods,Week3,349.0 Mosby Woods - 52.0 Lincolnia Park
Little Hunting Park,Week3,Sully Station II,Week2,293.0 Sully Station II - 108.0 Little Hunting Park
Lincolnia Park,Week3,Mosby Woods,Week5,340.0 Mosby Woods - 53.0 Lincolnia Park
Lincolnia Park,Week4,Vienna Woods,Week2,359.0 Vienna Woods - 42.0 Lincolnia Park
Lincolnia Park,Week5,Daventry,Week4,215.5 Lincolnia Park - 174.5 Daventry
Little Hunting Park,Week1,Truro,Week3,208.0 Little Hunting Park - 193.0 Truro
Lincolnia Park,Week4,Mosby Woods,Week5,361.0 Mosby Woods - 41.0 Lincolnia Park
Lincolnia Park,Week2,Highland Park,Week1,319.0 Highland Park - 74.0 Lincolnia Park
Little Hunting Park,Week3,Sully Station II,Week1,274.0 Sully Station II - 127.0 Little Hunting Park
Lincolnia Park,Week3,Mosby Woods,Week1,345.0 Mosby Woods - 48.0 Lincolnia Park
Lincolnia Park,Week3,Villa Aquatic,Week2,260.0 Villa Aquatic - 133.0 Lincolnia Park
Lincolnia Park,Week4,Mosby Woods,Week4,345.0 Mosby Woods - 56.0 Lincolnia Park
Lincolnia Park,Week1,Dominion Hills,Week2,325.0 Dominion Hills - 77.0 Lincolnia Park
Lincolnia Park,Week5,Daventry,Week3,202.0 Lincolnia Park - 185.0 Daventry
Lincolnia Park,Week5,Mosby Woods,Week1,350.0 Mosby Woods - 43.0 Lincolnia Park
Lincolnia Park,Week2,Mosby Woods,Week4,346.5 Mosby Woods - 46.5 Lincolnia Park
Lincolnia Park,Week2,Dominion Hills,Week1,312.0 Dominion Hills - 81.0 Lincolnia Park
Little Hunting Park,Week5,Sully Station II,Week1,263.0 Sully Station II - 137.0 Little Hunting Park
Lincolnia Park,Week1,Villa Aquatic,Week2,306.0 Villa Aquatic - 96.0 Lincolnia Park
Lincolnia Park,Week2,Dominion Hills,Week2,322.0 Dominion Hills - 71.0 Lincolnia Park
Lincolnia Park,Week4,Dominion Hills,Week2,314.0 Dominion Hills - 88.0 Lincolnia Park
Little Hunting Park,Week2,Truro,Week2,221.0 Little Hunting Park - 180.0 Truro
Lincolnia Park,Week5,Vienna Woods,Week1,349.0 Vienna Woods - 44.0 Lincolnia Park
Little Hunting Park,Week1,Truro,Week4,214.0 Truro - 187.0 Little Hunting Park
Lincolnia Park,Week1,Villa Aquatic,Week5,337.0 Villa Aquatic - 65.0 Lincolnia Park
Little Hunting Park,Week5,Sully Station II,Week2,282.0 Sully Station II - 119.0 Little Hunting Park
Lincolnia Park,Week2,Dominion Hills,Week3,304.0 Dominion Hills - 89.0 Lincolnia Park
Lincolnia Park,Week5,Vienna Woods,Week3,357.0 Vienna Woods - 36.0 Lincolnia Park
Little Hunting Park,Week2,Truro,Week5,204.0 Truro - 197.0 Little Hunting Park
Lincolnia Park,Week5,Vienna Woods,Week2,352.0 Vienna Woods - 40.0 Lincolnia Park
Lincolnia Park,Week2,Lincolnia Park,Week3,218.0 Lincolnia Park (LP2) - 164.0 Lincolnia Park (LP1)
Little Hunting Park,Week3,Truro,Week1,213.0 Truro - 189.0 Little Hunting Park
Lincolnia Park,Week5,Daventry,Week1,201.0 Lincolnia Park - 189.0 Daventry
Lincolnia Park,Week3,Vienna Woods,Week5,359.0 Vienna Woods - 34.0 Lincolnia Park
Lincolnia Park,Week4,Dominion Hills,Week4,319.0 Dominion Hills - 83.0 Lincolnia Park
Lincolnia Park,Week4,Highland Park,Week4,324.0 Highland Park - 77.0 Lincolnia Park
Lincolnia Park,Week5,High Point Pool,Week5,306.0 High Point Pool - 87.0 Lincolnia Park
Lincolnia Park,Week4,Lee Graham,Week5,346.0 Lee Graham - 55.0 Lincolnia Park
Lincolnia Park,Week1,Highland Park,Week5,325.0 Highland Park - 77.0 Lincolnia Park
Lincolnia Park,Week3,Lee Graham,Week2,334.0 Lee Graham - 59.0 Lincolnia Park
Lincolnia Park,Week2,Dominion Hills,Week4,317.0 Dominion Hills - 76.0 Lincolnia Park
Lincolnia Park,Week3,Highland Park,Week1,300.0 Highland Park - 93.0 Lincolnia Park
Lincolnia Park,Week1,Villa Aquatic,Week1,311.0 Villa Aquatic - 91.0 Lincolnia Park
Lincolnia Park,Week5,High Point Pool,Week3,310.0 High Point Pool - 83.0 Lincolnia Park
Lincolnia Park,Week2,Villa Aquatic,Week5,322.0 Villa Aquatic - 71.0 Lincolnia Park
Lincolnia Park,Week4,Dominion Hills,Week1,305.0 Dominion Hills - 92.0 Lincolnia Park
Lincolnia Park,Week2,Highland Park,Week2,314.0 Highland Park - 79.0 Lincolnia Park
Little Hunting Park,Week4,Truro,Week2,213.0 Little Hunting Park - 187.0 Truro
Little Hunting Park,Week4,Truro,Week3,204.0 Little Hunting Park - 198.0 Truro
Lincolnia Park,Week2,Villa Aquatic,Week4,311.0 Villa Aquatic - 82.0 Lincolnia Park
Lincolnia Park,Week5,Mosby Woods,Week2,344.0 Mosby Woods - 49.0 Lincolnia Park
Lincolnia Park,Week1,Dominion Hills,Week5,335.0 Dominion Hills - 66.0 Lincolnia Park
Little Hunting Park,Week4,Sully Station II,Week5,311.0 Sully Station II - 91.0 Little Hunting Park
Lincolnia Park,Week3,Villa Aquatic,Week1,275.0 Villa Aquatic - 118.0 Lincolnia Park
Lincolnia Park,Week4,Vienna Woods,Week3,369.0 Vienna Woods - 33.0 Lincolnia Park
Lincolnia Park,Week2,Lincolnia Park,Week2,184.5 Lincolnia Park (LP1) - 184.5 Lincolnia Park (LP2)
Lincolnia Park,Week1,Highland Park,Week1,326.0 Highland Park - 75.0 Lincolnia Park
Little Hunting Park,Week3,Truro,Week3,208.0 Little Hunting Park - 193.0 Truro
Lincolnia Park,Week5,Daventry,Week5,200.5 Daventry - 187.5 Lincolnia Park
Lincolnia Park,Week3,Mosby Woods,Week2,342.0 Mosby Woods - 51.0 Lincolnia Park
Little Hunting Park,Week4,Truro,Week1,207.0 Truro - 194.0 Little Hunting Park
Little Hunting Park,Week4,Truro,Week4,220.0 Truro - 182.0 Little Hunting Park
Lincolnia Park,Week5,Highland Park,Week4,306.0 Highland Park - 87.0 Lincolnia Park
Lincolnia Park,Week4,Daventry,Week3,202.0 Daventry - 196.0 Lincolnia Park
Lincolnia Park,Week2,Lincolnia Park,Week4,195.0 Lincolnia Park (LP2) - 190.0 Lincolnia Park (LP1)
Lincolnia Park,Week1,Villa Aquatic,Week4,331.0 Villa Aquatic - 71.0 Lincolnia Park
Lincolnia Park,Week1,Highland Park,Week2,330.0 Highland Park - 72.0 Lincolnia Park
Lincolnia Park,Week3,Dominion Hills,Week2,288.0 Dominion Hills - 105.0 Lincolnia Park
Lincolnia Park,Week5,Lee Graham,Week2,333.0 Lee Graham - 60.0 Lincolnia Park
Lincolnia Park,Week4,Lee Graham,Week1,346.0 Lee Graham - 55.0 Lincolnia Park
Lincolnia Park,Week3,Dominion Hills,Week1,290.0 Dominion Hills - 103.0 Lincolnia Park
Lincolnia Park,Week5,Lee Graham,Week3,331.0 Lee Graham - 62.0 Lincolnia Park
Little Hunting Park,Week5,Truro,Week2,253.0 Little Hunting Park - 148.0 Truro
Lincolnia Park,Week2,Lee Graham,Week4,334.5 Lee Graham - 58.5 Lincolnia Park
Lincolnia Park,Week4,Dominion Hills,Week5,326.0 Dominion Hills - 76.0 Lincolnia Park
Lincolnia Park,Week2,Villa Aquatic,Week1,288.0 Villa Aquatic - 105.0 Lincolnia Park
Lincolnia Park,Week4,Daventry,Week4,209.0 Daventry - 190.0 Lincolnia Park
Lincolnia Park,Week4,Dominion Hills,Week3,303.0 Dominion Hills - 99.0 Lincolnia Park
Lincolnia Park,Week2,Highland Park,Week4,324.0 Highland Park - 69.0 Lincolnia Park
Lincolnia Park,Week3,Highland Park,Week4,307.0 Highland Park - 86.0 Lincolnia Park
Little Hunting Park,Week5,Truro,Week3,234.0 Little Hunting Park - 168.0 Truro
Lincolnia Park,Week3,Highland Park,Week2,297.0 Highland Park - 96.0 Lincolnia Park
Little Hunting Park,Week3,Tuckahoe,Week3,361.0 Tuckahoe - 41.0 Little Hunting Park
Little Hunting Park,Week4,Truro,Week5,214.0 Truro - 187.0 Little Hunting Park
Lincolnia Park,Week3,Highland Park,Week5,302.5 Highland Park - 90.5 Lincolnia Park
Little Hunting Park,Week5,Tuckahoe,Week3,351.0 Tuckahoe - 51.0 Little Hunting Park
Little Hunting Park,Week5,Tuckahoe,Week2,342.0 Tuckahoe - 60.0 Little Hunting Park
Lincolnia Park,Week3,Lee Graham,Week1,318.0 Lee Graham - 75.0 Lincolnia Park
Lincolnia Park,Week5,Lee Graham,Week5,331.0 Lee Graham - 62.0 Lincolnia Park
Lincolnia Park,Week1,Dominion Hills,Week1,318.0 Dominion Hills - 84.0 Lincolnia Park
Lincolnia Park,Week2,Highland Park,Week5,324.0 Highland Park - 69.0 Lincolnia Park
Lincolnia Park,Week1,Donaldson Run,Week4,357.0 Donaldson Run - 45.0 Lincolnia Park
Lincolnia Park,Week1,Lincolnia Park,Week3,213.0 Lincolnia Park (LP2) - 166.0 Lincolnia Park (LP1)
Lincolnia Park,Week2,Lee Graham,Week3,341.0 Lee Graham - 52.0 Lincolnia Park
Lincolnia Park,Week5,Dominion Hills,Week1,281.0 Dominion Hills - 112.0 Lincolnia Park
Lincolnia Park,Week3,Highland Park,Week3,280.0 Highland Park - 113.0 Lincolnia Park
Lincolnia Park,Week5,High Point Pool,Week4,306.0 High Point Pool - 87.0 Lincolnia Park
Lincolnia Park,Week3,Lee Graham,Week4,318.0 Lee Graham - 75.0 Lincolnia Park
Lincolnia Park,Week1,Lincolnia Park,Week4,193.0 Lincolnia Park (LP1) - 191.0 Lincolnia Park (LP2)
Lincolnia Park,Week3,Highlands Swim,Week5,335.0 Highlands Swim - 58.0 Lincolnia Park
Little Hunting Park,Week2,Tuckahoe,Week2,351.0 Tuckahoe - 51.0 Little Hunting Park
Little Hunting Park,Week5,Tuckahoe,Week4,348.0 Tuckahoe - 54.0 Little Hunting Park
Lincolnia Park,Week5,Highland Park,Week3,271.5 Highland Park - 121.5 Lincolnia Park
Lincolnia Park,Week3,Dominion Hills,Week4,299.0 Dominion Hills - 94.0 Lincolnia Park
Lincolnia Park,Week5,Dominion Hills,Week5,303.0 Dominion Hills - 89.0 Lincolnia Park
Little Hunting Park,Week2,Tuckahoe,Week3,356.0 Tuckahoe - 46.0 Little Hunting Park
Little Hunting Park,Week4,Tuckahoe,Week4,360.0 Tuckahoe - 42.0 Little Hunting Park
Lincolnia Park,Week5,Lee Graham,Week1,322.0 Lee Graham - 71.0 Lincolnia Park
Lincolnia Park,Week2,Donaldson Run,Week2,345.0 Donaldson Run - 47.0 Lincolnia Park
Lincolnia Park,Week2,Highland Park,Week3,305.0 Highland Park - 88.0 Lincolnia Park
Lincolnia Park,Week5,Dominion Hills,Week4,295.0 Dominion Hills - 98.0 Lincolnia Park
Lincolnia Park,Week1,Highlands Swim,Week5,362.0 Highlands Swim - 40.0 Lincolnia Park
Lincolnia Park,Week4,Lee Graham,Week2,347.0 Lee Graham - 55.0 Lincolnia Park
Lincolnia Park,Week4,Highland Park,Week1,322.0 Highland Park - 79.0 Lincolnia Park
Lincolnia Park,Week1,Highland Park,Week3,307.0 Highland Park - 95.0 Lincolnia Park
Little Hunting Park,Week5,Tuckahoe,Week1,340.0 Tuckahoe - 62.0 Little Hunting Park
Lincolnia Park,Week1,Highlands Swim,Week1,364.0 Highlands Swim - 38.0 Lincolnia Park
Lincolnia Park,Week3,Dominion Hills,Week5,306.0 Dominion Hills - 86.0 Lincolnia Park
Lincolnia Park,Week1,Lincolnia Park,Week2,198.0 Lincolnia Park (LP1) - 186.0 Lincolnia Park (LP2)
Lincolnia Park,Week3,Dominion Hills,Week3,283.0 Dominion Hills - 110.0 Lincolnia Park
Little Hunting Park,Week1,Tuckahoe,Week5,354.0 Tuckahoe - 48.0 Little Hunting Park
Lincolnia Park,Week1,Lincolnia Park,Week5,235.0 Lincolnia Park (LP2) - 149.0 Lincolnia Park (LP1)
Lincolnia Park,Week2,Lee Graham,Week5,342.0 Lee Graham - 51.0 Lincolnia Park
Little Hunting Park,Week2,Tuckahoe,Week1,351.0 Tuckahoe - 51.0 Little Hunting Park
Lincolnia Park,Week2,Donaldson Run,Week1,349.0 Donaldson Run - 44.0 Lincolnia Park
Little Hunting Park,Week4,Tuckahoe,Week5,359.0 Tuckahoe - 43.0 Little Hunting Park
Lincolnia Park,Week4,Lee Graham,Week3,342.0 Lee Graham - 60.0 Lincolnia Park
Little Hunting Park,Week3,Tuckahoe,Week4,359.5 Tuckahoe - 42.5 Little Hunting Park
Lincolnia Park,Week1,Lincolnia Park,Week1,189.0 Lincolnia Park (LP1) - 189.0 Lincolnia Park (LP2)
Lincolnia Park,Week1,Donaldson Run,Week3,355.0 Donaldson Run - 47.0 Lincolnia Park
Lincolnia Park,Week5,High Point Pool,Week2,323.0 High Point Pool - 70.0 Lincolnia Park
Lincolnia Park,Week1,Pinecrest,Week5,354.0 Pinecrest - 48.0 Lincolnia Park
Lincolnia Park,Week3,Donaldson Run,Week1,323.0 Donaldson Run - 70.0 Lincolnia Park
Lincolnia Park,Week3,Parliament,Week5,260.0 Parliament - 119.0 Lincolnia Park
Lincolnia Park,Week2,Donaldson Run,Week4,355.0 Donaldson Run - 37.0 Lincolnia Park
Lincolnia Park,Week4,Highland Park,Week2,318.0 Highland Park - 84.0 Lincolnia Park
Little Hunting Park,Week1,Tuckahoe,Week3,361.0 Tuckahoe - 41.0 Little Hunting Park
Lincolnia Park,Week2,Donaldson Run,Week3,352.0 Donaldson Run - 41.0 Lincolnia Park
Lincolnia Park,Week3,Lee Graham,Week3,327.0 Lee Graham - 66.0 Lincolnia Park
Little Hunting Park,Week2,Tuckahoe,Week5,351.0 Tuckahoe - 51.0 Little Hunting Park
Little Hunting Park,Week1,Tuckahoe,Week2,356.0 Tuckahoe - 45.0 Little Hunting Park
Lincolnia Park,Week3,Donaldson Run,Week2,318.0 Donaldson Run - 75.0 Lincolnia Park
Lincolnia Park,Week4,Donaldson Run,Week1,346.0 Donaldson Run - 56.0 Lincolnia Park
Lincolnia Park,Week3,Lee Graham,Week5,329.0 Lee Graham - 64.0 Lincolnia Park
Little Hunting Park,Week3,Tuckahoe,Week2,352.0 Tuckahoe - 50.0 Little Hunting Park
Lincolnia Park,Week1,Little Hunting Park,Week3,253.0 Little Hunting Park - 149.0 Lincolnia Park
Lincolnia Park,Week1,Highlands Swim,Week2,368.0 Highlands Swim - 34.0 Lincolnia Park
Lincolnia Park,Week2,Lincolnia Park,Week1,198.0 Lincolnia Park (LP2) - 186.0 Lincolnia Park (LP1)
Lincolnia Park,Week4,Highland Park,Week3,295.0 Highland Park - 102.0 Lincolnia Park
Lincolnia Park,Week3,Donaldson Run,Week5,344.0 Donaldson Run - 49.0 Lincolnia Park
Lincolnia Park,Week5,Highland Park,Week2,298.0 Highland Park - 95.0 Lincolnia Park
Lincolnia Park,Week4,Highland Park,Week5,320.0 Highland Park - 82.0 Lincolnia Park
Little Hunting Park,Week1,Tuckahoe,Week4,359.0 Tuckahoe - 43.0 Little Hunting Park
Lincolnia Park,Week3,Donaldson Run,Week3,340.0 Donaldson Run - 53.0 Lincolnia Park
Lincolnia Park,Week2,Highlands Swim,Week1,356.0 Highlands Swim - 37.0 Lincolnia Park
Little Hunting Park,Week3,Tuckahoe,Week1,351.0 Tuckahoe - 51.0 Little Hunting Park
Lincolnia Park,Week3,Parliament,Week3,266.0 Parliament - 126.0 Lincolnia Park
Little Hunting Park,Week2,Tuckahoe,Week4,354.0 Tuckahoe - 48.0 Little Hunting Park
Lincolnia Park,Week5,Parliament,Week2,270.0 Parliament - 122.0 Lincolnia Park
Lincolnia Park,Week5,Parliament,Week4,271.0 Parliament - 118.0 Lincolnia Park
Lincolnia Park,Week1,Highland Park,Week4,335.0 Highland Park - 66.0 Lincolnia Park
Lincolnia Park,Week5,Lee Graham,Week4,319.0 Lee Graham - 74.0 Lincolnia Park
Little Hunting Park,Week4,Tuckahoe,Week1,348.0 Tuckahoe - 54.0 Little Hunting Park
Lincolnia Park,Week5,Highland Park,Week1,303.0 Highland Park - 90.0 Lincolnia Park
Lincolnia Park,Week4,Lee Graham,Week4,341.0 Lee Graham - 61.0 Lincolnia Park
Lincolnia Park,Week1,Pinecrest,Week2,355.0 Pinecrest - 47.0 Lincolnia Park
Lincolnia Park,Week5,Lincolnia Park,Week4,233.0 Lincolnia Park (LP1) - 154.0 Lincolnia Park (LP2)
Lincolnia Park,Week2,Pinecrest,Week3,349.0 Pinecrest - 44.0 Lincolnia Park
Lincolnia Park,Week3,Donaldson Run,Week4,340.0 Donaldson Run - 53.0 Lincolnia Park
Lincolnia Park,Week2,Highlands Swim,Week4,358.0 Highlands Swim - 35.0 Lincolnia Park
Little Hunting Park,Week5,Truro,Week4,205.0 Little Hunting Park - 196.0 Truro
Lincolnia Park,Week5,Pinecrest,Week2,329.0 Pinecrest - 64.0 Lincolnia Park
Little Hunting Park,Week3,Tuckahoe,Week5,353.0 Tuckahoe - 49.0 Little Hunting Park
Lincolnia Park,Week4,Lincolnia Park,Week4,186.5 Lincolnia Park (LP1) - 186.5 Lincolnia Park (LP2)
Lincolnia Park,Week2,Pinecrest,Week2,349.0 Pinecrest - 44.0 Lincolnia Park
Lincolnia Park,Week2,Highlands Swim,Week5,357.0 Highlands Swim - 36.0 Lincolnia Park
Lincolnia Park,Week3,Pinecrest,Week3,345.5 Pinecrest - 47.5 Lincolnia Park
Lincolnia Park,Week1,Donaldson Run,Week1,353.0 Donaldson Run - 49.0 Lincolnia Park
Lincolnia Park,Week2,Lincolnia Park,Week5,222.0 Lincolnia Park (LP2) - 165.0 Lincolnia Park (LP1)
Lincolnia Park,Week1,Highlands Swim,Week4,363.0 Highlands Swim - 39.0 Lincolnia Park
Lincolnia Park,Week5,Lincolnia Park,Week3,197.0 Lincolnia Park (LP2) - 185.0 Lincolnia Park (LP1)
Lincolnia Park,Week1,Pinecrest,Week4,359.0 Pinecrest - 43.0 Lincolnia Park
Lincolnia Park,Week3,Highlands Swim,Week1,338.0 Highlands Swim - 55.0 Lincolnia Park
Lincolnia Park,Week4,Parliament,Week2,275.0 Parliament - 113.0 Lincolnia Park
Lincolnia Park,Week1,Little Hunting Park,Week5,265.0 Little Hunting Park - 136.0 Lincolnia Park
Lincolnia Park,Week1,Pinewood Lake,Week3,296.0 Lincolnia Park - 83.0 Pinewood Lake
Lincolnia Park,Week2,Little Hunting Park,Week1,237.0 Little Hunting Park - 151.0 Lincolnia Park
Little Hunting Park,Week5,Truro,Week5,219.0 Little Hunting Park - 182.0 Truro
Lincolnia Park,Week2,Donaldson Run,Week5,362.0 Donaldson Run - 31.0 Lincolnia Park
Little Hunting Park,Week1,Vienna Aquatic,Week1,328.0 Vienna Aquatic - 74.0 Little Hunting Park
Lincolnia Park,Week1,Donaldson Run,Week5,360.0 Donaldson Run - 42.0 Lincolnia Park
Little Hunting Park,Week4,Tuckahoe,Week3,366.0 Tuckahoe - 36.0 Little Hunting Park
Lincolnia Park,Week4,Parliament,Week4,276.0 Parliament - 116.0 Lincolnia Park
Lincolnia Park,Week1,Pinecrest,Week1,354.0 Pinecrest - 48.0 Lincolnia Park
Lincolnia Park,Week2,Highlands Swim,Week3,363.0 Highlands Swim - 30.0 Lincolnia Park
Little Hunting Park,Week4,Tuckahoe,Week2,350.0 Tuckahoe - 52.0 Little Hunting Park
Little Hunting Park,Week1,Tuckahoe,Week1,354.0 Tuckahoe - 48.0 Little Hunting Park
Lincolnia Park,Week1,Donaldson Run,Week2,335.0 Donaldson Run - 67.0 Lincolnia Park
Lincolnia Park,Week1,Highlands Swim,Week3,366.0 Highlands Swim - 36.0 Lincolnia Park
Lincolnia Park,Week3,Highlands Swim,Week3,342.0 Highlands Swim - 51.0 Lincolnia Park
Little Hunting Park,Week5,Vienna Aquatic,Week3,323.0 Vienna Aquatic - 79.0 Little Hunting Park
Lincolnia Park,Week1,Little Hunting Park,Week1,247.0 Little Hunting Park - 154.0 Lincolnia Park
Lincolnia Park,Week4,Lincolnia Park,Week2,195.0 Lincolnia Park (LP1) - 190.0 Lincolnia Park (LP2)
Lincolnia Park,Week3,Little Hunting Park,Week3,212.0 Little Hunting Park - 181.0 Lincolnia Park
Lincolnia Park,Week2,Highlands Swim,Week2,364.0 Highlands Swim - 29.0 Lincolnia Park
Lincolnia Park,Week4,Donaldson Run,Week2,340.0 Donaldson Run - 62.0 Lincolnia Park
Lincolnia Park,Week3,Pinecrest,Week4,336.0 Pinecrest - 57.0 Lincolnia Park
Lincolnia Park,Week5,Parliament,Week3,282.0 Parliament - 110.0 Lincolnia Park
Little Hunting Park,Week4,Vienna Aquatic,Week3,330.0 Vienna Aquatic - 72.0 Little Hunting Park
Lincolnia Park,Week4,Lincolnia Park,Week3,230.0 Lincolnia Park (LP2) - 152.0 Lincolnia Park (LP1)
Little Hunting Park,Week5,Vienna Aquatic,Week2,310.0 Vienna Aquatic - 92.0 Little Hunting Park
Lincolnia Park,Week3,Highlands Swim,Week4,326.0 Highlands Swim - 67.0 Lincolnia Park
Lincolnia Park,Week5,Parliament,Week5,261.0 Parliament - 123.0 Lincolnia Park
Lincolnia Park,Week2,Little Hunting Park,Week4,234.5 Little Hunting Park - 157.5 Lincolnia Park
Lincolnia Park,Week3,Lincolnia Park,Week4,230.0 Lincolnia Park (LP1) - 152.0 Lincolnia Park (LP2)
Lincolnia Park,Week4,Highlands Swim,Week2,361.0 Highlands Swim - 41.0 Lincolnia Park
Lincolnia Park,Week2,Little Hunting Park,Week3,240.0 Little Hunting Park - 149.0 Lincolnia Park
Lincolnia Park,Week5,Highland Park,Week5,296.0 Highland Park - 97.0 Lincolnia Park
Lincolnia Park,Week3,Highlands Swim,Week2,348.0 Highlands Swim - 45.0 Lincolnia Park
Little Hunting Park,Week3,Vienna Aquatic,Week3,341.0 Vienna Aquatic - 61.0 Little Hunting Park
Lincolnia Park,Week1,Pinewood Lake,Week2,287.0 Lincolnia Park - 88.0 Pinewood Lake
Lincolnia Park,Week4,Parliament,Week1,286.0 Parliament - 103.0 Lincolnia Park
Lincolnia Park,Week4,Highlands Swim,Week4,357.0 Highlands Swim - 45.0 Lincolnia Park
Lincolnia Park,Week2,Little Hunting Park,Week2,230.0 Little Hunting Park - 158.0 Lincolnia Park
Little Hunting Park,Week2,Vienna Aquatic,Week2,326.0 Vienna Aquatic - 76.0 Little Hunting Park
Little Hunting Park,Week1,Vienna Woods,Week1,335.0 Vienna Woods - 67.0 Little Hunting Park
Lincolnia Park,Week3,Pinecrest,Week2,332.0 Pinecrest - 61.0 Lincolnia Park
Lincolnia Park,Week5,Lincolnia Park,Week2,222.0 Lincolnia Park (LP1) - 165.0 Lincolnia Park (LP2)
Lincolnia Park,Week1,Little Hunting Park,Week4,246.0 Little Hunting Park - 156.0 Lincolnia Park
Little Hunting Park,Week2,Vienna Aquatic,Week1,339.0 Vienna Aquatic - 63.0 Little Hunting Park
Lincolnia Park,Week2,Hollin Hills,Week1,204.0 Hollin Hills - 185.0 Lincolnia Park
Lincolnia Park,Week5,Parliament,Week1,277.0 Parliament - 107.0 Lincolnia Park
Little Hunting Park,Week2,Vienna Woods,Week4,329.0 Vienna Woods - 73.0 Little Hunting Park
Little Hunting Park,Week2,Vienna Aquatic,Week5,345.0 Vienna Aquatic - 57.0 Little Hunting Park
Lincolnia Park,Week5,Lincolnia Park,Week5,190.0 Lincolnia Park (LP1) - 190.0 Lincolnia Park (LP2)
Lincolnia Park,Week1,Hollin Hills,Week2,201.0 Hollin Hills - 182.0 Lincolnia Park
Little Hunting Park,Week2,Vienna Aquatic,Week4,323.0 Vienna Aquatic - 79.0 Little Hunting Park
Lincolnia Park,Week1,Hollin Hills,Week5,211.0 Hollin Hills - 173.0 Lincolnia Park
Little Hunting Park,Week5,Vienna Aquatic,Week4,308.0 Vienna Aquatic - 93.0 Little Hunting Park
Lincolnia Park,Week4,Parliament,Week5,279.0 Parliament - 110.0 Lincolnia Park
Lincolnia Park,Week1,Little Hunting Park,Week2,238.0 Little Hunting Park - 164.0 Lincolnia Park
Little Hunting Park,Week5,Tuckahoe,Week5,343.0 Tuckahoe - 59.0 Little Hunting Park
Lincolnia Park,Week2,Hollin Hills,Week2,209.0 Hollin Hills - 180.0 Lincolnia Park
Lincolnia Park,Week4,Pinecrest,Week4,361.0 Pinecrest - 41.0 Lincolnia Park
Little Hunting Park,Week1,Vienna Woods,Week3,357.0 Vienna Woods - 44.0 Little Hunting Park
Lincolnia Park,Week4,Pinecrest,Week5,356.0 Pinecrest - 45.0 Lincolnia Park
Lincolnia Park,Week4,Highlands Swim,Week5,357.0 Highlands Swim - 45.0 Lincolnia Park
Lincolnia Park,Week5,Pinecrest,Week3,328.0 Pinecrest - 65.0 Lincolnia Park
Lincolnia Park,Week4,Parliament,Week3,293.0 Parliament - 108.0 Lincolnia Park
Lincolnia Park,Week4,Lincolnia Park,Week5,233.0 Lincolnia Park (LP2) - 154.0 Lincolnia Park (LP1)
Little Hunting Park,Week4,Vienna Aquatic,Week5,341.0 Vienna Aquatic - 61.0 Little Hunting Park
Lincolnia Park,Week3,Lincolnia Park,Week5,197.0 Lincolnia Park (LP1) - 185.0 Lincolnia Park (LP2)
Lincolnia Park,Week1,Pinecrest,Week3,359.0 Pinecrest - 43.0 Lincolnia Park
Lincolnia Park,Week2,Hollin Hills,Week3,217.0 Hollin Hills - 175.0 Lincolnia Park
Little Hunting Park,Week3,Vienna Aquatic,Week2,331.0 Vienna Aquatic - 71.0 Little Hunting Park
Lincolnia Park,Week5,Highlands Swim,Week4,333.0 Highlands Swim - 60.0 Lincolnia Park
Lincolnia Park,Week3,Lincolnia Park,Week2,218.0 Lincolnia Park (LP1) - 164.0 Lincolnia Park (LP2)
Lincolnia Park,Week4,Pinecrest,Week3,361.0 Pinecrest - 41.0 Lincolnia Park
Lincolnia Park,Week2,Pinecrest,Week1,345.0 Pinecrest - 48.0 Lincolnia Park
Lincolnia Park,Week3,Parliament,Week4,268.0 Parliament - 116.0 Lincolnia Park
Lincolnia Park,Week1,Hollin Hills,Week4,211.0 Hollin Hills - 177.0 Lincolnia Park
Lincolnia Park,Week3,Lincolnia Park,Week1,213.0 Lincolnia Park (LP1) - 166.0 Lincolnia Park (LP2)
Little Hunting Park,Week1,Vienna Aquatic,Week5,345.0 Vienna Aquatic - 56.0 Little Hunting Park
Lincolnia Park,Week3,Lincolnia Park,Week3,188.0 Lincolnia Park (LP1) - 188.0 Lincolnia Park (LP2)
Lincolnia Park,Week5,Lincolnia Park,Week1,235.0 Lincolnia Park (LP1) - 149.0 Lincolnia Park (LP2)
Lincolnia Park,Week4,Highlands Swim,Week1,361.0 Highlands Swim - 41.0 Lincolnia Park
Lincolnia Park,Week2,Little Hunting Park,Week5,263.0 Little Hunting Park - 126.0 Lincolnia Park
Lincolnia Park,Week5,Highlands Swim,Week1,340.0 Highlands Swim - 53.0 Lincolnia Park
Little Hunting Park,Week1,Vienna Aquatic,Week4,329.0 Vienna Aquatic - 73.0 Little Hunting Park
Lincolnia Park,Week3,Pinecrest,Week5,329.0 Pinecrest - 63.0 Lincolnia Park
Lincolnia Park,Week2,Pinecrest,Week5,348.0 Pinecrest - 44.0 Lincolnia Park
Little Hunting Park,Week1,Vienna Aquatic,Week3,332.0 Vienna Aquatic - 70.0 Little Hunting Park
Little Hunting Park,Week2,Vienna Aquatic,Week3,341.0 Vienna Aquatic - 61.0 Little Hunting Park
Little Hunting Park,Week3,Vienna Aquatic,Week5,343.0 Vienna Aquatic - 59.0 Little Hunting Park
Lincolnia Park,Week5,Pinecrest,Week5,332.0 Pinecrest - 60.0 Lincolnia Park
Lincolnia Park,Week5,Highlands Swim,Week2,346.0 Highlands Swim - 47.0 Lincolnia Park
Lincolnia Park,Week4,Pinecrest,Week1,333.5 Pinecrest - 68.5 Lincolnia Park
Lincolnia Park,Week5,Pinecrest,Week1,305.0 Pinecrest - 88.0 Lincolnia Park
Little Hunting Park,Week1,Vienna Aquatic,Week2,325.0 Vienna Aquatic - 77.0 Little Hunting Park
Lincolnia Park,Week4,Little Hunting Park,Week5,261.5 Little Hunting Park - 138.5 Lincolnia Park
Lincolnia Park,Week4,Little Hunting Park,Week1,240.0 Little Hunting Park - 158.0 Lincolnia Park
Lincolnia Park,Week1,Greenbriar,Week3,319.0 Greenbriar - 81.0 Lincolnia Park
Lincolnia Park,Week3,Pinecrest,Week1,315.0 Pinecrest - 78.0 Lincolnia Park
Lincolnia Park,Week4,Pinecrest,Week2,355.0 Pinecrest - 47.0 Lincolnia Park
Lincolnia Park,Week5,Highlands Swim,Week3,337.0 Highlands Swim - 56.0 Lincolnia Park
Lincolnia Park,Week2,Hollin Hills,Week4,229.0 Hollin Hills - 161.0 Lincolnia Park
Lincolnia Park,Week4,Little Hunting Park,Week4,255.0 Little Hunting Park - 146.0 Lincolnia Park
Lincolnia Park,Week1,Hollin Hills,Week1,209.0 Hollin Hills - 185.0 Lincolnia Park
Lincolnia Park,Week3,Little Hunting Park,Week1,212.0 Little Hunting Park - 177.0 Lincolnia Park
Lincolnia Park,Week2,Pinecrest,Week4,352.5 Pinecrest - 40.5 Lincolnia Park
Lincolnia Park,Week3,Little Hunting Park,Week2,207.0 Little Hunting Park - 185.0 Lincolnia Park
Lincolnia Park,Week3,Little Hunting Park,Week5,239.0 Little Hunting Park - 154.0 Lincolnia Park
Little Hunting Park,Week4,Vienna Aquatic,Week4,327.0 Vienna Aquatic - 75.0 Little Hunting Park
Lincolnia Park,Week4,Highlands Swim,Week3,358.0 Highlands Swim - 44.0 Lincolnia Park
Lincolnia Park,Week1,Hollin Hills,Week3,232.0 Hollin Hills - 162.0 Lincolnia Park
Little Hunting Park,Week4,Vienna Aquatic,Week1,331.0 Vienna Aquatic - 71.0 Little Hunting Park
Lincolnia Park,Week5,Highlands Swim,Week5,336.0 Highlands Swim - 57.0 Lincolnia Park
Lincolnia Park,Week2,Hollin Hills,Week5,199.0 Hollin Hills - 184.0 Lincolnia Park
Little Hunting Park,Week4,Vienna Aquatic,Week2,327.5 Vienna Aquatic - 74.5 Little Hunting Park
Little Hunting Park,Week5,Vienna Aquatic,Week1,323.0 Vienna Aquatic - 79.0 Little Hunting Park
Lincolnia Park,Week2,Greenbriar,Week4,297.0 Greenbriar - 96.0 Lincolnia Park
Lincolnia Park,Week3,Little Hunting Park,Week4,219.0 Little Hunting Park - 173.0 Lincolnia Park
Lincolnia Park,Week5,Pinecrest,Week4,334.0 Pinecrest - 59.0 Lincolnia Park
Lincolnia Park,Week4,Little Hunting Park,Week3,258.0 Little Hunting Park - 144.0 Lincolnia Park
Little Hunting Park,Week3,Vienna Aquatic,Week1,329.0 Vienna Aquatic - 73.0 Little Hunting Park
Lincolnia Park,Week4,Lincolnia Park,Week1,193.0 Lincolnia Park (LP2) - 191.0 Lincolnia Park (LP1)
Lincolnia Park,Week1,Pinewood Lake,Week4,291.0 Lincolnia Park - 93.0 Pinewood Lake
Lincolnia Park,Week2,Pinewood Lake,Week3,289.0 Lincolnia Park - 88.0 Pinewood Lake
Lincolnia Park,Week3,Greenbriar,Week1,284.0 Greenbriar - 109.0 Lincolnia Park
Lincolnia Park,Week1,Pinewood Lake,Week1,306.0 Lincolnia Park - 70.0 Pinewood Lake
Lincolnia Park,Week1,Pinewood Lake,Week5,289.0 Lincolnia Park - 98.0 Pinewood Lake
Lincolnia Park,Week3,Pinewood Lake,Week5,291.0 Lincolnia Park - 94.0 Pinewood Lake
Lincolnia Park,Week5,Little Hunting Park,Week5,248.0 Little Hunting Park - 145.0 Lincolnia Park
Lincolnia Park,Week5,Little Hunting Park,Week1,229.0 Little Hunting Park - 160.0 Lincolnia Park
Lincolnia Park,Week1,Little Rocky Run,Week1,339.0 Little Rocky Run - 63.0 Lincolnia Park
Lincolnia Park,Week2,Little Rocky Run,Week3,360.0 Little Rocky Run - 33.0 Lincolnia Park
Lincolnia Park,Week2,Little Rocky Run,Week2,345.0 Little Rocky Run - 48.0 Lincolnia Park
Lincolnia Park,Week4,Greenbriar,Week1,312.0 Greenbriar - 90.0 Lincolnia Park
Little Hunting Park,Week5,Vienna Aquatic,Week5,326.0 Vienna Aquatic - 75.0 Little Hunting Park
Lincolnia Park,Week4,Little Hunting Park,Week2,249.0 Little Hunting Park - 152.0 Lincolnia Park
Lincolnia Park,Week5,Greenbriar,Week2,299.0 Greenbriar - 93.0 Lincolnia Park
Lincolnia Park,Week3,Greenbriar,Week4,269.0 Greenbriar - 123.0 Lincolnia Park
Little Hunting Park,Week1,Vienna Woods,Week4,341.0 Vienna Woods - 60.0 Little Hunting Park
Little Hunting Park,Week1,Vienna Woods,Week2,342.0 Vienna Woods - 56.0 Little Hunting Park
Little Hunting Park,Week3,Vienna Aquatic,Week4,336.0 Vienna Aquatic - 66.0 Little Hunting Park
Lincolnia Park,Week3,Greenbriar,Week3,280.0 Greenbriar - 112.0 Lincolnia Park
Lincolnia Park,Week2,Pinewood Lake,Week4,283.0 Lincolnia Park - 95.0 Pinewood Lake
Little Hunting Park,Week2,Vienna Woods,Week1,338.0 Vienna Woods - 64.0 Little Hunting Park
Lincolnia Park,Week5,Greenbriar,Week1,285.0 Greenbriar - 108.0 Lincolnia Park
Lincolnia Park,Week2,Little Rocky Run,Week5,357.0 Little Rocky Run - 31.0 Lincolnia Park
Lincolnia Park,Week5,Great Falls,Week4,272.0 Great Falls - 112.0 Lincolnia Park
Little Hunting Park,Week1,Villa Aquatic,Week1,245.0 Villa Aquatic - 157.0 Little Hunting Park
Little Hunting Park,Week2,Vienna Woods,Week2,331.0 Vienna Woods - 70.0 Little Hunting Park
Lincolnia Park,Week3,Little Rocky Run,Week1,320.0 Little Rocky Run - 73.0 Lincolnia Park
Little Hunting Park,Week5,Vienna Woods,Week1,326.0 Vienna Woods - 76.0 Little Hunting Park
Lincolnia Park,Week1,Hamlet,Week5,377.5 Hamlet - 24.5 Lincolnia Park
Lincolnia Park,Week4,Little Rocky Run,Week1,349.0 Little Rocky Run - 48.0 Lincolnia Park
Lincolnia Park,Week1,Little Rocky Run,Week5,358.0 Little Rocky Run - 39.0 Lincolnia Park
Lincolnia Park,Week2,Pinewood Lake,Week1,293.0 Lincolnia Park - 73.0 Pinewood Lake
Lincolnia Park,Week3,Pinewood Lake,Week4,298.0 Lincolnia Park - 81.0 Pinewood Lake
Lincolnia Park,Week4,Pinewood Lake,Week3,279.0 Lincolnia Park - 89.0 Pinewood Lake
Little Hunting Park,Week4,Vienna Woods,Week4,340.0 Vienna Woods - 62.0 Little Hunting Park
Lincolnia Park,Week5,Great Falls,Week3,281.0 Great Falls - 111.0 Lincolnia Park
Little Hunting Park,Week5,Vienna Woods,Week3,331.0 Vienna Woods - 71.0 Little Hunting Park
Lincolnia Park,Week3,Little Rocky Run,Week4,324.5 Little Rocky Run - 68.5 Lincolnia Park
Lincolnia Park,Week4,Pinewood Lake,Week2,276.0 Lincolnia Park - 91.0 Pinewood Lake
Lincolnia Park,Week2,Little Rocky Run,Week4,351.0 Little Rocky Run - 42.0 Lincolnia Park
Little Hunting Park,Week5,Vienna Woods,Week2,319.0 Vienna Woods - 83.0 Little Hunting Park
Lincolnia Park,Week4,Pinewood Lake,Week5,276.0 Lincolnia Park - 108.0 Pinewood Lake
Lincolnia Park,Week3,Little Rocky Run,Week5,337.0 Little Rocky Run - 51.0 Lincolnia Park
Lincolnia Park,Week5,Little Hunting Park,Week4,223.0 Little Hunting Park - 169.0 Lincolnia Park
Little Hunting Park,Week3,Vienna Woods,Week1,342.0 Vienna Woods - 60.0 Little Hunting Park
Lincolnia Park,Week5,Pinewood Lake,Week2,304.0 Lincolnia Park - 74.0 Pinewood Lake
Lincolnia Park,Week5,Pinewood Lake,Week1,314.0 Lincolnia Park - 62.0 Pinewood Lake
Little Hunting Park,Week1,Vienna Woods,Week5,360.5 Vienna Woods - 40.5 Little Hunting Park
Little Hunting Park,Week2,Vienna Woods,Week3,345.0 Vienna Woods - 57.0 Little Hunting Park
Lincolnia Park,Week5,Pinewood Lake,Week3,301.0 Lincolnia Park - 75.0 Pinewood Lake
Lincolnia Park,Week4,Greenbriar,Week5,311.0 Greenbriar - 91.0 Lincolnia Park
Lincolnia Park,Week5,Great Falls,Week1,264.0 Great Falls - 128.0 Lincolnia Park
Lincolnia Park,Week1,Greenbriar,Week1,319.0 Greenbriar - 83.0 Lincolnia Park
Lincolnia Park,Week2,Hamlet,Week1,351.0 Hamlet - 41.0 Lincolnia Park
Lincolnia Park,Week1,Greenbriar,Week4,314.0 Greenbriar - 87.0 Lincolnia Park
Lincolnia Park,Week1,Greenbriar,Week5,311.0 Greenbriar - 91.0 Lincolnia Park
Little Hunting Park,Week2,Villa Aquatic,Week3,286.0 Villa Aquatic - 116.0 Little Hunting Park
Lincolnia Park,Week1,Langley,Week3,349.0 Langley - 53.0 Lincolnia Park
Lincolnia Park,Week1,Laurel Hill,Week1,234.0 Laurel Hill - 159.0 Lincolnia Park
Lincolnia Park,Week5,Pinewood Lake,Week4,289.0 Lincolnia Park - 92.0 Pinewood Lake
Little Hunting Park,Week5,Vienna Woods,Week4,318.0 Vienna Woods - 84.0 Little Hunting Park
Lincolnia Park,Week5,Greenbriar,Week4,259.0 Greenbriar - 133.0 Lincolnia Park
Lincolnia Park,Week4,Little Rocky Run,Week3,357.0 Little Rocky Run - 44.0 Lincolnia Park
Little Hunting Park,Week3,Villa Aquatic,Week2,257.0 Villa Aquatic - 145.0 Little Hunting Park
Lincolnia Park,Week1,Little Rocky Run,Week4,346.0 Little Rocky Run - 56.0 Lincolnia Park
Lincolnia Park,Week5,Pinewood Lake,Week5,293.0 Lincolnia Park - 91.0 Pinewood Lake
Lincolnia Park,Week2,Greenbriar,Week1,314.0 Greenbriar - 78.0 Lincolnia Park
Little Hunting Park,Week2,Villa Aquatic,Week5,270.0 Villa Aquatic - 132.0 Little Hunting Park
Lincolnia Park,Week5,Little Hunting Park,Week3,231.0 Little Hunting Park - 162.0 Lincolnia Park
Lincolnia Park,Week2,Langley,Week3,331.0 Langley - 61.0 Lincolnia Park
Lincolnia Park,Week4,Little Rocky Run,Week4,349.0 Little Rocky Run - 53.0 Lincolnia Park
Lincolnia Park,Week4,Greenbriar,Week4,305.0 Greenbriar - 97.0 Lincolnia Park
Lincolnia Park,Week5,Langley,Week3,316.0 Langley - 77.0 Lincolnia Park
Little Hunting Park,Week3,Vienna Woods,Week2,345.0 Vienna Woods - 57.0 Little Hunting Park
Lincolnia Park,Week4,Pinewood Lake,Week4,270.0 Lincolnia Park - 104.0 Pinewood Lake
Lincolnia Park,Week2,Pinewood Lake,Week5,276.0 Lincolnia Park - 107.0 Pinewood Lake
Lincolnia Park,Week5,Little Hunting Park,Week2,218.0 Little Hunting Park - 174.0 Lincolnia Park
Lincolnia Park,Week4,Greenbriar,Week3,311.0 Greenbriar - 90.0 Lincolnia Park
Little Hunting Park,Week3,Villa Aquatic,Week1,245.0 Villa Aquatic - 157.0 Little Hunting Park
Lincolnia Park,Week2,Langley,Week4,345.0 Langley - 48.0 Lincolnia Park
Little Hunting Park,Week1,Villa Aquatic,Week3,285.0 Villa Aquatic - 116.0 Little Hunting Park
Lincolnia Park,Week1,Greenbriar,Week2,326.0 Greenbriar - 75.0 Lincolnia Park
Lincolnia Park,Week5,Lakeview,Week4,231.0 Lakeview - 162.0 Lincolnia Park
Lincolnia Park,Week3,Little Rocky Run,Week3,332.0 Little Rocky Run - 61.0 Lincolnia Park
Lincolnia Park,Week3,Pinewood Lake,Week3,306.0 Lincolnia Park - 69.0 Pinewood Lake
Lincolnia Park,Week4,Pinewood Lake,Week1,298.0 Lincolnia Park - 66.0 Pinewood Lake
Lincolnia Park,Week1,Pleasant Valley,Week1,207.0 Lincolnia Park - 194.0 Pleasant Valley
Lincolnia Park,Week3,Pinewood Lake,Week2,292.0 Lincolnia Park - 78.0 Pinewood Lake
Lincolnia Park,Week3,Little Rocky Run,Week2,320.0 Little Rocky Run - 73.0 Lincolnia Park
Lincolnia Park,Week2,Pinewood Lake,Week2,282.0 Lincolnia Park - 84.0 Pinewood Lake
Lincolnia Park,Week3,Pinewood Lake,Week1,316.0 Lincolnia Park - 56.0 Pinewood Lake
Lincolnia Park,Week5,Greenbriar,Week3,284.0 Greenbriar - 108.0 Lincolnia Park
Lincolnia Park,Week1,Little Rocky Run,Week2,340.0 Little Rocky Run - 62.0 Lincolnia Park
Little Hunting Park,Week1,Villa Aquatic,Week5,268.0 Villa Aquatic - 134.0 Little Hunting Park
Lincolnia Park,Week5,Great Falls,Week5,285.0 Great Falls - 107.0 Lincolnia Park
Lincolnia Park,Week4,Greenbriar,Week2,314.0 Greenbriar - 88.0 Lincolnia Park
Lincolnia Park,Week4,Little Rocky Run,Week2,351.0 Little Rocky Run - 51.0 Lincolnia Park
Little Hunting Park,Week1,Villa Aquatic,Week4,277.0 Villa Aquatic - 125.0 Little Hunting Park
Lincolnia Park,Week4,Langley,Week2,336.0 Langley - 65.0 Lincolnia Park
Lincolnia Park,Week2,Pleasant Valley,Week5,209.0 Pleasant Valley - 180.0 Lincolnia Park
Little Hunting Park,Week5,Vienna Woods,Week5,344.0 Vienna Woods - 58.0 Little Hunting Park
Lincolnia Park,Week2,Greenbriar,Week5,303.0 Greenbriar - 86.0 Lincolnia Park
Lincolnia Park,Week2,Little Rocky Run,Week1,337.0 Little Rocky Run - 56.0 Lincolnia Park
Little Hunting Park,Week3,Vienna Woods,Week4,342.0 Vienna Woods - 60.0 Little Hunting Park
Little Hunting Park,Week3,Villa Aquatic,Week3,288.0 Villa Aquatic - 114.0 Little Hunting Park
Little Hunting Park,Week3,Vienna Woods,Week3,354.0 Vienna Woods - 48.0 Little Hunting Park
Lincolnia Park,Week1,Langley,Week5,345.0 Langley - 57.0 Lincolnia Park
Lincolnia Park,Week2,Greenbriar,Week2,315.0 Greenbriar - 78.0 Lincolnia Park
Lincolnia Park,Week5,Great Falls,Week2,262.0 Great Falls - 111.0 Lincolnia Park
Lincolnia Park,Week5,Pleasant Valley,Week4,227.0 Lincolnia Park - 161.0 Pleasant Valley
Lincolnia Park,Week1,Little Rocky Run,Week3,352.0 Little Rocky Run - 49.0 Lincolnia Park
Lincolnia Park,Week4,Lakeview,Week4,251.0 Lakeview - 151.0 Lincolnia Park
Lincolnia Park,Week3,Greenbriar,Week2,288.0 Greenbriar - 104.0 Lincolnia Park
Lincolnia Park,Week3,Langley,Week2,312.0 Langley - 81.0 Lincolnia Park
Lincolnia Park,Week1,Pleasant Valley,Week4,209.0 Lincolnia Park - 183.0 Pleasant Valley
Lincolnia Park,Week1,Poplar Heights,Week2,337.0 Poplar Heights - 60.0 Lincolnia Park
Lincolnia Park,Week4,Lakeview,Week5,229.0 Lakeview - 162.0 Lincolnia Park
Lincolnia Park,Week1,Langley,Week1,346.0 Langley - 56.0 Lincolnia Park
Lincolnia Park,Week2,Greenbriar,Week3,315.0 Greenbriar - 77.0 Lincolnia Park
Little Hunting Park,Week2,Villa Aquatic,Week4,273.0 Villa Aquatic - 129.0 Little Hunting Park
Lincolnia Park,Week4,Pleasant Valley,Week3,252.0 Pleasant Valley - 148.0 Lincolnia Park
Lincolnia Park,Week2,Pleasant Valley,Week4,197.0 Lincolnia Park - 192.0 Pleasant Valley
Lincolnia Park,Week5,Greenbriar,Week5,280.0 Greenbriar - 113.0 Lincolnia Park
Little Hunting Park,Week2,Vienna Woods,Week5,348.0 Vienna Woods - 54.0 Little Hunting Park
Lincolnia Park,Week5,Hamlet,Week5,353.0 Hamlet - 40.0 Lincolnia Park
Little Hunting Park,Week2,Villa Aquatic,Week2,258.0 Villa Aquatic - 144.0 Little Hunting Park
Little Hunting Park,Week2,Villa Aquatic,Week1,237.0 Villa Aquatic - 165.0 Little Hunting Park
Lincolnia Park,Week3,Langley,Week3,324.0 Langley - 69.0 Lincolnia Park
Lincolnia Park,Week3,Greenbriar,Week5,279.0 Greenbriar - 114.0 Lincolnia Park
Lincolnia Park,Week1,Hamlet,Week3,360.0 Hamlet - 42.0 Lincolnia Park
Lincolnia Park,Week1,Pleasant Valley,Week2,219.0 Pleasant Valley - 180.0 Lincolnia Park
Lincolnia Park,Week5,Lakeview,Week3,211.0 Lakeview - 182.0 Lincolnia Park
Lincolnia Park,Week4,Pleasant Valley,Week4,192.0 Pleasant Valley - 190.0 Lincolnia Park
Lincolnia Park,Week5,Lakeview,Week2,197.0 Lakeview - 192.0 Lincolnia Park
Lincolnia Park,Week2,Langley,Week2,333.0 Langley - 59.0 Lincolnia Park
Lincolnia Park,Week1,Hamlet,Week4,362.0 Hamlet - 40.0 Lincolnia Park
Little Hunting Park,Week3,Vienna Woods,Week5,357.0 Vienna Woods - 45.0 Little Hunting Park
Lincolnia Park,Week1,Poplar Heights,Week3,346.0 Poplar Heights - 56.0 Lincolnia Park
Lincolnia Park,Week1,Hamlet,Week1,357.5 Hamlet - 43.5 Lincolnia Park
Lincolnia Park,Week1,Hamlet,Week2,364.0 Hamlet - 38.0 Lincolnia Park
Little Hunting Park,Week4,Vienna Woods,Week3,353.0 Vienna Woods - 49.0 Little Hunting Park
Lincolnia Park,Week2,Pleasant Valley,Week1,202.0 Pleasant Valley - 186.0 Lincolnia Park
Little Hunting Park,Week1,Villa Aquatic,Week2,252.5 Villa Aquatic - 149.5 Little Hunting Park
Lincolnia Park,Week3,Pleasant Valley,Week4,226.0 Lincolnia Park - 162.0 Pleasant Valley
Lincolnia Park,Week2,Langley,Week5,329.0 Langley - 64.0 Lincolnia Park
Lincolnia Park,Week5,Lakeview,Week5,203.0 Lakeview - 177.0 Lincolnia Park
Lincolnia Park,Week5,Lakeview,Week1,199.0 Lincolnia Park - 193.0 Lakeview
Little Hunting Park,Week4,Vienna Woods,Week5,359.0 Vienna Woods - 43.0 Little Hunting Park
Little Hunting Park,Week4,Vienna Woods,Week1,343.0 Vienna Woods - 59.0 Little Hunting Park
Lincolnia Park,Week1,Hayfield Farm,Week3,331.0 Hayfield Farm - 67.0 Lincolnia Park
Lincolnia Park,Week1,Hayfield Farm,Week5,314.0 Hayfield Farm - 88.0 Lincolnia Park
Lincolnia Park,Week1,Langley,Week4,354.0 Langley - 48.0 Lincolnia Park
Lincolnia Park,Week1,Poplar Heights,Week4,339.0 Poplar Heights - 62.0 Lincolnia Park
Lincolnia Park,Week3,Pleasant Valley,Week3,202.0 Pleasant Valley - 190.0 Lincolnia Park
Little Hunting Park,Week4,Vienna Woods,Week2,338.0 Vienna Woods - 63.0 Little Hunting Park
Lincolnia Park,Week1,Hayfield Farm,Week2,331.0 Hayfield Farm - 71.0 Lincolnia Park
Little Hunting Park,Week5,Villa Aquatic,Week2,225.0 Villa Aquatic - 177.0 Little Hunting Park
Lincolnia Park,Week4,Langley,Week1,347.0 Langley - 55.0 Lincolnia Park
Lincolnia Park,Week2,Hamlet,Week3,355.0 Hamlet - 38.0 Lincolnia Park
Lincolnia Park,Week4,Pleasant Valley,Week2,218.0 Pleasant Valley - 180.0 Lincolnia Park
Lincolnia Park,Week4,Pleasant Valley,Week5,216.0 Pleasant Valley - 174.0 Lincolnia Park
Little Hunting Park,Week3,Village West,Week1,201.0 Little Hunting Park - 201.0 Village West
Lincolnia Park,Week1,Langley,Week2,340.0 Langley - 61.0 Lincolnia Park
Little Hunting Park,Week4,Villa Aquatic,Week3,290.0 Villa Aquatic - 112.0 Little Hunting Park
Little Hunting Park,Week4,Village West,Week5,203.0 Little Hunting Park - 198.0 Village West
Little Hunting Park,Week4,Village West,Week2,201.0 Little Hunting Park - 199.0 Village West
Lincolnia Park,Week3,Pleasant Valley,Week1,216.0 Lincolnia Park - 172.0 Pleasant Valley
Lincolnia Park,Week2,Hayfield Farm,Week1,313.0 Hayfield Farm - 80.0 Lincolnia Park
Lincolnia Park,Week4,Poplar Heights,Week1,343.0 Poplar Heights - 58.0 Lincolnia Park
Little Hunting Park,Week1,Village West,Week5,212.0 Village West - 186.0 Little Hunting Park
Lincolnia Park,Week3,Langley,Week1,319.0 Langley - 74.0 Lincolnia Park
Lincolnia Park,Week5,Langley,Week1,325.0 Langley - 68.0 Lincolnia Park
Lincolnia Park,Week5,Pleasant Valley,Week1,211.0 Lincolnia Park - 178.0 Pleasant Valley
Lincolnia Park,Week2,Hayfield Farm,Week4,330.0 Hayfield Farm - 63.0 Lincolnia Park
Lincolnia Park,Week3,Langley,Week4,335.0 Langley - 58.0 Lincolnia Park
Little Hunting Park,Week1,Village West,Week1,214.0 Village West - 184.0 Little Hunting Park
Lincolnia Park,Week2,Pleasant Valley,Week3,238.0 Pleasant Valley - 155.0 Lincolnia Park
Lincolnia Park,Week3,Hamlet,Week1,331.0 Hamlet - 60.0 Lincolnia Park
Little Hunting Park,Week3,Villa Aquatic,Week4,270.0 Villa Aquatic - 132.0 Little Hunting Park
Lincolnia Park,Week3,Langley,Week5,311.0 Langley - 82.0 Lincolnia Park
Lincolnia Park,Week4,Pleasant Valley,Week1,213.0 Pleasant Valley - 185.0 Lincolnia Park
Little Hunting Park,Week5,Villa Aquatic,Week3,259.0 Villa Aquatic - 143.0 Little Hunting Park
Lincolnia Park,Week5,Langley,Week2,311.0 Langley - 82.0 Lincolnia Park
Little Hunting Park,Week3,Village West,Week5,204.0 Village West - 198.0 Little Hunting Park
Lincolnia Park,Week2,Langley,Week1,342.0 Langley - 51.0 Lincolnia Park
Lincolnia Park,Week4,Hamlet,Week2,366.0 Hamlet - 36.0 Lincolnia Park
Lincolnia Park,Week2,Hayfield Farm,Week3,324.0 Hayfield Farm - 69.0 Lincolnia Park
Lincolnia Park,Week2,Poplar Heights,Week1,331.0 Poplar Heights - 61.0 Lincolnia Park
Lincolnia Park,Week4,Langley,Week5,345.0 Langley - 57.0 Lincolnia Park
Little Hunting Park,Week4,Villa Aquatic,Week4,275.0 Villa Aquatic - 127.0 Little Hunting Park
Lincolnia Park,Week5,Hamlet,Week1,334.0 Hamlet - 57.0 Lincolnia Park
Lincolnia Park,Week2,Hayfield Farm,Week2,322.0 Hayfield Farm - 71.0 Lincolnia Park
Lincolnia Park,Week3,Hamlet,Week5,346.0 Hamlet - 47.0 Lincolnia Park
Lincolnia Park,Week4,Langley,Week3,347.0 Langley - 55.0 Lincolnia Park
Lincolnia Park,Week4,Langley,Week4,352.0 Langley - 50.0 Lincolnia Park
Lincolnia Park,Week2,Hamlet,Week5,372.0 Hamlet - 21.0 Lincolnia Park
Lincolnia Park,Week1,Pleasant Valley,Week5,203.0 Pleasant Valley - 197.0 Lincolnia Park
Lincolnia Park,Week1,Pleasant Valley,Week3,237.0 Pleasant Valley - 164.0 Lincolnia Park
Lincolnia Park,Week2,Pleasant Valley,Week2,208.0 Pleasant Valley - 181.0 Lincolnia Park
Lincolnia Park,Week1,Laurel Hill,Week3,253.0 Laurel Hill - 147.0 Lincolnia Park
Lincolnia Park,Week5,Laurel Hill,Week1,210.0 Laurel Hill - 179.0 Lincolnia Park
Lincolnia Park,Week5,Langley,Week4,334.0 Langley - 59.0 Lincolnia Park
Little Hunting Park,Week4,Villa Aquatic,Week5,283.0 Villa Aquatic - 119.0 Little Hunting Park
Lincolnia Park,Week3,Pleasant Valley,Week5,205.0 Lincolnia Park - 183.0 Pleasant Valley
Lincolnia Park,Week5,Pleasant Valley,Week3,209.0 Pleasant Valley - 183.0 Lincolnia Park
Lincolnia Park,Week4,Hamlet,Week4,361.0 Hamlet - 41.0 Lincolnia Park
Little Hunting Park,Week1,Village West,Week3,226.0 Village West - 175.0 Little Hunting Park
Lincolnia Park,Week4,Hamlet,Week1,351.0 Hamlet - 50.0 Lincolnia Park
Lincolnia Park,Week5,Langley,Week5,307.0 Langley - 86.0 Lincolnia Park
Lincolnia Park,Week2,Poplar Heights,Week4,328.0 Poplar Heights - 64.0 Lincolnia Park
Lincolnia Park,Week5,Hamlet,Week3,339.0 Hamlet - 54.0 Lincolnia Park
Lincolnia Park,Week5,Pleasant Valley,Week2,209.0 Lincolnia Park - 179.0 Pleasant Valley
Lincolnia Park,Week5,Pleasant Valley,Week5,206.0 Lincolnia Park - 180.0 Pleasant Valley
Lincolnia Park,Week3,Hamlet,Week2,337.5 Hamlet - 55.5 Lincolnia Park
Little Hunting Park,Week1,Village West,Week2,215.0 Village West - 183.0 Little Hunting Park
Little Hunting Park,Week4,Villa Aquatic,Week1,244.0 Villa Aquatic - 158.0 Little Hunting Park
Lincolnia Park,Week1,Laurel Hill,Week2,214.0 Laurel Hill - 175.0 Lincolnia Park
Lincolnia Park,Week1,Laurel Hill,Week5,279.0 Laurel Hill - 121.0 Lincolnia Park
Little Hunting Park,Week2,Village West,Week3,222.0 Village West - 180.0 Little Hunting Park
Lincolnia Park,Week3,Hamlet,Week3,340.0 Hamlet - 53.0 Lincolnia Park
Lincolnia Park,Week3,Pleasant Valley,Week2,212.0 Lincolnia Park - 176.0 Pleasant Valley
Lincolnia Park,Week4,Hamlet,Week3,358.0 Hamlet - 44.0 Lincolnia Park
Lincolnia Park,Week2,Hamlet,Week4,351.0 Hamlet - 42.0 Lincolnia Park
Little Hunting Park,Week4,Villa Aquatic,Week2,262.0 Villa Aquatic - 140.0 Little Hunting Park
Lincolnia Park,Week2,Laurel Hill,Week3,254.0 Laurel Hill - 136.0 Lincolnia Park
Lincolnia Park,Week4,Laurel Hill,Week4,241.0 Laurel Hill - 161.0 Lincolnia Park
Little Hunting Park,Week5,Villa Aquatic,Week4,238.0 Villa Aquatic - 164.0 Little Hunting Park
Lincolnia Park,Week4,Hamlet,Week5,368.0 Hamlet - 34.0 Lincolnia Park
Lincolnia Park,Week3,Camelot,Week3,227.0 Camelot - 165.0 Lincolnia Park
Lincolnia Park,Week2,Poplar Heights,Week3,336.0 Poplar Heights - 57.0 Lincolnia Park
Lincolnia Park,Week3,Poplar Heights,Week4,310.0 Poplar Heights - 82.0 Lincolnia Park
Lincolnia Park,Week3,Hamlet,Week4,341.0 Hamlet - 52.0 Lincolnia Park
Little Hunting Park,Week5,Villa Aquatic,Week1,212.0 Villa Aquatic - 190.0 Little Hunting Park
Lincolnia Park,Week4,Camelot,Week1,258.0 Camelot - 142.0 Lincolnia Park
Lincolnia Park,Week3,Laurel Hill,Week2,197.0 Laurel Hill - 192.0 Lincolnia Park
Little Hunting Park,Week4,Village West,Week1,201.0 Village West - 200.0 Little Hunting Park
Lincolnia Park,Week3,Poplar Heights,Week2,309.0 Poplar Heights - 80.0 Lincolnia Park
Little Hunting Park,Week2,Village West,Week5,207.0 Village West - 194.0 Little Hunting Park
Lincolnia Park,Week1,Poplar Heights,Week1,330.0 Poplar Heights - 68.0 Lincolnia Park
Lincolnia Park,Week2,Poplar Heights,Week2,332.0 Poplar Heights - 60.0 Lincolnia Park
Lincolnia Park,Week3,Laurel Hill,Week3,219.0 Laurel Hill - 172.0 Lincolnia Park
Little Hunting Park,Week2,Village West,Week4,202.0 Village West - 194.0 Little Hunting Park
Lincolnia Park,Week1,Hayfield Farm,Week1,314.0 Hayfield Farm - 88.0 Lincolnia Park
Lincolnia Park,Week3,Poplar Heights,Week3,315.5 Poplar Heights - 77.5 Lincolnia Park
Lincolnia Park,Week2,Laurel Hill,Week4,241.0 Laurel Hill - 151.0 Lincolnia Park
Lincolnia Park,Week2,Laurel Hill,Week5,258.0 Laurel Hill - 131.0 Lincolnia Park
Little Hunting Park,Week4,Village West,Week3,220.0 Village West - 182.0 Little Hunting Park
Lincolnia Park,Week2,Hamlet,Week2,360.0 Hamlet - 33.0 Lincolnia Park
Lincolnia Park,Week5,Hamlet,Week2,350.0 Hamlet - 43.0 Lincolnia Park
Lincolnia Park,Week2,Lee Graham,Week2,350.0 Lee Graham - 43.0 Lincolnia Park
Lincolnia Park,Week3,Poplar Heights,Week1,303.5 Poplar Heights - 85.5 Lincolnia Park
Lincolnia Park,Week3,Laurel Hill,Week5,227.0 Laurel Hill - 165.0 Lincolnia Park
Lincolnia Park,Week2,Poplar Heights,Week5,333.0 Poplar Heights - 59.0 Lincolnia Park
Lincolnia Park,Week5,Hamlet,Week4,337.0 Hamlet - 56.0 Lincolnia Park
Little Hunting Park,Week5,Villa Aquatic,Week5,240.0 Villa Aquatic - 162.0 Little Hunting Park
Little Hunting Park,Week2,Village West,Week1,202.0 Village West - 198.0 Little Hunting Park
Lincolnia Park,Week5,Laurel Hill,Week5,238.5 Laurel Hill - 153.5 Lincolnia Park
Lincolnia Park,Week2,Camelot,Week5,265.0 Camelot - 126.0 Lincolnia Park
Little Hunting Park,Week3,Village West,Week4,208.0 Little Hunting Park - 189.0 Village West
Lincolnia Park,Week5,Camelot,Week4,235.0 Camelot - 157.0 Lincolnia Park
Lincolnia Park,Week5,Poplar Heights,Week2,313.0 Poplar Heights - 76.0 Lincolnia Park
Little Hunting Park,Week3,Village West,Week3,224.0 Village West - 178.0 Little Hunting Park
Lincolnia Park,Week2,Camelot,Week4,266.0 Camelot - 127.0 Lincolnia Park
Lincolnia Park,Week4,Hayfield Farm,Week5,318.0 Hayfield Farm - 84.0 Lincolnia Park
Lincolnia Park,Week5,Laurel Hill,Week2,196.0 Laurel Hill - 193.0 Lincolnia Park
Lincolnia Park,Week2,Laurel Hill,Week1,233.0 Laurel Hill - 149.0 Lincolnia Park
Lincolnia Park,Week4,Hayfield Farm,Week4,329.0 Hayfield Farm - 73.0 Lincolnia Park
Little Hunting Park,Week3,Village West,Week2,206.0 Little Hunting Park - 196.0 Village West
Lincolnia Park,Week2,Poplar Tree,Week2,305.0 Poplar Tree - 87.0 Lincolnia Park
Lincolnia Park,Week4,Laurel Hill,Week2,226.0 Laurel Hill - 165.0 Lincolnia Park
Lincolnia Park,Week3,Poplar Heights,Week5,317.0 Poplar Heights - 72.0 Lincolnia Park
Lincolnia Park,Week4,Laurel Hill,Week5,259.0 Laurel Hill - 138.0 Lincolnia Park
Lincolnia Park,Week2,Laurel Hill,Week2,228.0 Laurel Hill - 158.0 Lincolnia Park
Lincolnia Park,Week5,Hayfield Farm,Week1,285.0 Hayfield Farm - 108.0 Lincolnia Park
Lincolnia Park,Week5,Hayfield Farm,Week2,281.0 Hayfield Farm - 112.0 Lincolnia Park
Lincolnia Park,Week3,Laurel Hill,Week4,213.0 Laurel Hill - 180.0 Lincolnia Park
Lincolnia Park,Week4,Laurel Hill,Week3,251.0 Laurel Hill - 151.0 Lincolnia Park
Lincolnia Park,Week5,Laurel Hill,Week4,217.0 Laurel Hill - 176.0 Lincolnia Park
Lincolnia Park,Week1,Poplar Tree,Week3,325.0 Poplar Tree - 76.0 Lincolnia Park
Lincolnia Park,Week4,Poplar Heights,Week2,346.0 Poplar Heights - 54.0 Lincolnia Park
Lincolnia Park,Week5,Camelot,Week5,249.0 Camelot - 144.0 Lincolnia Park
Lincolnia Park,Week2,Herndon,Week3,193.0 Lincolnia Park - 190.0 Herndon
Lincolnia Park,Week1,Hayfield Farm,Week4,339.0 Hayfield Farm - 63.0 Lincolnia Park
Little Hunting Park,Week2,Village West,Week2,217.5 Village West - 182.5 Little Hunting Park
Lincolnia Park,Week3,Camelot,Week1,231.0 Camelot - 158.0 Lincolnia Park
Lincolnia Park,Week1,Poplar Heights,Week5,342.0 Poplar Heights - 56.0 Lincolnia Park
Lincolnia Park,Week1,Poplar Tree,Week4,302.0 Poplar Tree - 99.0 Lincolnia Park
Lincolnia Park,Week2,Camelot,Week2,251.0 Camelot - 139.0 Lincolnia Park
Lincolnia Park,Week3,Hayfield Farm,Week5,278.0 Hayfield Farm - 115.0 Lincolnia Park
Lincolnia Park,Week5,Camelot,Week2,228.0 Camelot - 163.0 Lincolnia Park
Lincolnia Park,Week1,Poplar Tree,Week1,318.0 Poplar Tree - 84.0 Lincolnia Park
Lincolnia Park,Week4,Poplar Heights,Week5,337.5 Poplar Heights - 58.5 Lincolnia Park
Little Hunting Park,Week1,Village West,Week4,206.0 Village West - 187.0 Little Hunting Park
Little Hunting Park,Week3,Villa Aquatic,Week5,268.0 Villa Aquatic - 134.0 Little Hunting Park
Lincolnia Park,Week4,Camelot,Week3,266.0 Camelot - 134.0 Lincolnia Park
Lincolnia Park,Week4,Hayfield Farm,Week1,325.0 Hayfield Farm - 77.0 Lincolnia Park
Lincolnia Park,Week3,Herndon,Week4,234.0 Lincolnia Park - 158.0 Herndon
Little Hunting Park,Week4,Village West,Week4,199.0 Little Hunting Park - 197.0 Village West
Little Hunting Park,Week5,Village West,Week1,239.0 Little Hunting Park - 163.0 Village West
Little Hunting Park,Week5,Village West,Week2,224.0 Little Hunting Park - 174.0 Village West
Lincolnia Park,Week2,Poplar Tree,Week3,317.0 Poplar Tree - 72.0 Lincolnia Park
Lincolnia Park,Week1,Poplar Tree,Week5,333.0 Poplar Tree - 69.0 Lincolnia Park
Lincolnia Park,Week2,Fox Hunt,Week5,326.0 Fox Hunt - 66.0 Lincolnia Park
Lincolnia Park,Week4,Forest Hollow,Week4,332.0 Forest Hollow - 70.0 Lincolnia Park
Lincolnia Park,Week3,Laurel Hill,Week1,201.0 Laurel Hill - 188.0 Lincolnia Park
Lincolnia Park,Week1,Lee Graham,Week4,340.0 Lee Graham - 62.0 Lincolnia Park
Lincolnia Park,Week4,Camelot,Week5,275.0 Camelot - 126.0 Lincolnia Park
Lincolnia Park,Week1,Herndon,Week4,217.5 Lincolnia Park - 183.5 Herndon
Lincolnia Park,Week2,Hayfield Farm,Week5,317.0 Hayfield Farm - 76.0 Lincolnia Park
Lincolnia Park,Week3,Camelot,Week5,243.5 Camelot - 149.5 Lincolnia Park
Lincolnia Park,Week1,Canterbury Woods,Week1,257.0 Canterbury Woods - 139.0 Lincolnia Park
Lincolnia Park,Week1,Lee Graham,Week1,343.0 Lee Graham - 58.0 Lincolnia Park
Lincolnia Park,Week4,Forest Hollow,Week3,320.0 Forest Hollow - 82.0 Lincolnia Park
Little Hunting Park,Week5,Village West,Week3,204.0 Little Hunting Park - 197.0 Village West
Lincolnia Park,Week3,Camelot,Week2,222.0 Camelot - 170.0 Lincolnia Park
Lincolnia Park,Week4,Hayfield Farm,Week2,324.0 Hayfield Farm - 78.0 Lincolnia Park
Little Hunting Park,Week5,Village West,Week4,228.0 Little Hunting Park - 169.0 Village West
Lincolnia Park,Week4,Forest Hollow,Week1,324.0 Forest Hollow - 77.0 Lincolnia Park
Lincolnia Park,Week1,Lee Graham,Week2,351.0 Lee Graham - 51.0 Lincolnia Park
Lincolnia Park,Week3,Hayfield Farm,Week2,296.0 Hayfield Farm - 97.0 Lincolnia Park
Lincolnia Park,Week5,Poplar Heights,Week5,314.0 Poplar Heights - 75.0 Lincolnia Park
Lincolnia Park,Week4,Camelot,Week4,267.0 Camelot - 135.0 Lincolnia Park
Lincolnia Park,Week2,Poplar Tree,Week5,337.0 Poplar Tree - 54.0 Lincolnia Park
Lincolnia Park,Week1,Laurel Hill,Week4,239.0 Laurel Hill - 162.0 Lincolnia Park
Lincolnia Park,Week1,Canterbury Woods,Week2,241.0 Canterbury Woods - 160.0 Lincolnia Park
Lincolnia Park,Week3,Forest Hollow,Week4,301.0 Forest Hollow - 92.0 Lincolnia Park
Lincolnia Park,Week5,Poplar Heights,Week1,320.0 Poplar Heights - 69.0 Lincolnia Park
Lincolnia Park,Week2,Herndon,Week1,192.0 Lincolnia Park - 189.0 Herndon
Lincolnia Park,Week3,Fox Hunt,Week1,274.0 Fox Hunt - 118.0 Lincolnia Park
Lincolnia Park,Week5,Poplar Heights,Week3,312.0 Poplar Heights - 81.0 Lincolnia Park
Lincolnia Park,Week5,Laurel Hill,Week3,219.0 Laurel Hill - 172.0 Lincolnia Park
Lincolnia Park,Week4,Poplar Heights,Week3,342.0 Poplar Heights - 60.0 Lincolnia Park
Lincolnia Park,Week1,Herndon,Week5,223.0 Lincolnia Park - 179.0 Herndon
Lincolnia Park,Week1,Canterbury Woods,Week3,274.5 Canterbury Woods - 126.5 Lincolnia Park
Lincolnia Park,Week3,Poplar Tree,Week2,277.0 Poplar Tree - 116.0 Lincolnia Park
Lincolnia Park,Week1,Lee Graham,Week5,351.0 Lee Graham - 50.0 Lincolnia Park
Lincolnia Park,Week3,Camelot,Week4,239.0 Camelot - 153.0 Lincolnia Park
Lincolnia Park,Week2,Camelot,Week3,254.0 Camelot - 137.0 Lincolnia Park
Lincolnia Park,Week4,Poplar Heights,Week4,332.0 Poplar Heights - 70.0 Lincolnia Park
Lincolnia Park,Week4,Laurel Hill,Week1,239.0 Laurel Hill - 157.0 Lincolnia Park
Lincolnia Park,Week5,Hayfield Farm,Week3,306.0 Hayfield Farm - 87.0 Lincolnia Park
Lincolnia Park,Week5,Forest Hollow,Week1,297.0 Forest Hollow - 96.0 Lincolnia Park
Lincolnia Park,Week4,Hayfield Farm,Week3,326.0 Hayfield Farm - 72.0 Lincolnia Park
Lincolnia Park,Week3,Hayfield Farm,Week4,300.0 Hayfield Farm - 93.0 Lincolnia Park
Lincolnia Park,Week2,Poplar Tree,Week4,301.0 Poplar Tree - 87.0 Lincolnia Park
Lincolnia Park,Week2,Lee Graham,Week1,339.0 Lee Graham - 54.0 Lincolnia Park
Lincolnia Park,Week2,Fox Hunt,Week3,312.0 Fox Hunt - 80.0 Lincolnia Park
Lincolnia Park,Week1,Herndon,Week1,201.0 Lincolnia Park - 188.0 Herndon
Lincolnia Park,Week2,Fox Hunt,Week4,311.0 Fox Hunt - 81.0 Lincolnia Park
Lincolnia Park,Week3,Fox Hunt,Week2,281.0 Fox Hunt - 111.0 Lincolnia Park
Lincolnia Park,Week5,Camelot,Week1,225.0 Camelot - 164.0 Lincolnia Park
Lincolnia Park,Week1,Lee Graham,Week3,353.0 Lee Graham - 49.0 Lincolnia Park
Little Hunting Park,Week5,Village West,Week5,224.0 Little Hunting Park - 178.0 Village West
Lincolnia Park,Week4,Fox Hunt,Week2,311.0 Fox Hunt - 87.0 Lincolnia Park
Lincolnia Park,Week5,Camelot,Week3,228.0 Camelot - 164.0 Lincolnia Park
Lincolnia Park,Week2,Ilda Community,Week5,258.0 Ilda Community - 133.0 Lincolnia Park
Lincolnia Park,Week3,Hayfield Farm,Week3,305.0 Hayfield Farm - 88.0 Lincolnia Park
Lincolnia Park,Week4,Bren Mar-Edsall Park,Week1,269.0 Lincolnia Park - 127.0 Bren Mar-Edsall Park
Lincolnia Park,Week2,Canterbury Woods,Week1,253.0 Canterbury Woods - 133.0 Lincolnia Park
Lincolnia Park,Week5,Hunter Mill,Week1,311.0 Hunter Mill - 82.0 Lincolnia Park
Lincolnia Park,Week3,Hayfield Farm,Week1,292.0 Hayfield Farm - 101.0 Lincolnia Park
Lincolnia Park,Week2,Canterbury Woods,Week2,243.0 Canterbury Woods - 148.0 Lincolnia Park
Lincolnia Park,Week5,Fox Hunt,Week3,288.0 Fox Hunt - 105.0 Lincolnia Park
Lincolnia Park,Week5,Fox Hunt,Week5,309.0 Fox Hunt - 84.0 Lincolnia Park
Lincolnia Park,Week1,Ilda Community,Week5,248.0 Ilda Community - 153.0 Lincolnia Park
Lincolnia Park,Week3,Poplar Tree,Week5,311.0 Poplar Tree - 82.0 Lincolnia Park
Lincolnia Park,Week2,Herndon,Week4,198.0 Lincolnia Park - 190.0 Herndon
Lincolnia Park,Week3,Poplar Tree,Week1,302.0 Poplar Tree - 91.0 Lincolnia Park
Lincolnia Park,Week2,Herndon,Week5,197.0 Herndon - 190.0 Lincolnia Park
Lincolnia Park,Week3,Poplar Tree,Week3,293.0 Poplar Tree - 99.0 Lincolnia Park
Lincolnia Park,Week2,Ilda Community,Week4,277.0 Ilda Community - 112.0 Lincolnia Park
Lincolnia Park,Week2,Ilda Community,Week3,239.0 Ilda Community - 145.0 Lincolnia Park
Lincolnia Park,Week5,Forest Hollow,Week2,284.0 Forest Hollow - 109.0 Lincolnia Park
Lincolnia Park,Week5,Ilda Community,Week3,230.0 Ilda Community - 162.0 Lincolnia Park
Lincolnia Park,Week1,Canterbury Woods,Week4,275.0 Canterbury Woods - 126.0 Lincolnia Park
Lincolnia Park,Week1,Fox Hunt,Week2,313.0 Fox Hunt - 84.0 Lincolnia Park
Lincolnia Park,Week5,Hayfield Farm,Week4,303.0 Hayfield Farm - 90.0 Lincolnia Park
Little Hunting Park,Week4,Little Hunting Park,Week4,199.5 Little Hunting Park (LHP1) - 199.5 Little Hunting Park (LHP2)
Lincolnia Park,Week4,Ravensworth Farm,Week2,301.0 Ravensworth Farm - 101.0 Lincolnia Park
Lincolnia Park,Week1,Canterbury Woods,Week5,258.0 Canterbury Woods - 138.0 Lincolnia Park
Lincolnia Park,Week4,Hunter Mill,Week3,333.0 Hunter Mill - 69.0 Lincolnia Park
Lincolnia Park,Week1,Poplar Tree,Week2,306.0 Poplar Tree - 96.0 Lincolnia Park
Lincolnia Park,Week5,Fox Hunt,Week1,286.0 Fox Hunt - 106.0 Lincolnia Park
Lincolnia Park,Week4,Camelot,Week2,252.0 Camelot - 148.0 Lincolnia Park
Lincolnia Park,Week2,Herndon,Week2,194.0 Lincolnia Park - 189.0 Herndon
Lincolnia Park,Week1,Ilda Community,Week3,252.0 Ilda Community - 144.0 Lincolnia Park
Lincolnia Park,Week2,Fox Mill Estates,Week1,269.0 Fox Mill Estates - 123.0 Lincolnia Park
Lincolnia Park,Week5,Poplar Heights,Week4,305.0 Poplar Heights - 87.0 Lincolnia Park
Lincolnia Park,Week1,Herndon,Week3,198.0 Herndon - 198.0 Lincolnia Park
Lincolnia Park,Week1,Fox Mill Estates,Week4,292.0 Fox Mill Estates - 109.0 Lincolnia Park
Lincolnia Park,Week4,Forest Hollow,Week5,331.0 Forest Hollow - 70.0 Lincolnia Park
Lincolnia Park,Week5,Poplar Tree,Week4,267.0 Poplar Tree - 126.0 Lincolnia Park
Little Hunting Park,Week3,Little Rocky Run,Week1,294.0 Little Rocky Run - 108.0 Little Hunting Park
Lincolnia Park,Week3,Poplar Tree,Week4,278.0 Poplar Tree - 115.0 Lincolnia Park
Lincolnia Park,Week5,Bren Mar-Edsall Park,Week2,314.0 Lincolnia Park - 74.0 Bren Mar-Edsall Park
Lincolnia Park,Week4,Ilda Community,Week4,268.0 Ilda Community - 133.0 Lincolnia Park
Lincolnia Park,Week5,Hayfield Farm,Week5,289.0 Hayfield Farm - 104.0 Lincolnia Park
Lincolnia Park,Week2,Poplar Tree,Week1,327.0 Poplar Tree - 62.0 Lincolnia Park
Lincolnia Park,Week1,Herndon,Week2,216.0 Lincolnia Park - 176.0 Herndon
Lincolnia Park,Week5,Bren Mar-Edsall Park,Week4,296.0 Lincolnia Park - 96.0 Bren Mar-Edsall Park
Lincolnia Park,Week1,Kent Gardens,Week2,328.0 Kent Gardens - 70.0 Lincolnia Park
Lincolnia Park,Week1,Fox Hunt,Week3,322.0 Fox Hunt - 79.0 Lincolnia Park
Lincolnia Park,Week1,Fox Hunt,Week1,305.0 Fox Hunt - 95.0 Lincolnia Park
Lincolnia Park,Week2,Ravensworth Farm,Week4,332.0 Ravensworth Farm - 61.0 Lincolnia Park
Lincolnia Park,Week3,Herndon,Week3,230.0 Lincolnia Park - 157.0 Herndon
Lincolnia Park,Week3,Herndon,Week2,225.0 Lincolnia Park - 162.0 Herndon
Little Hunting Park,Week2,Little Rocky Run,Week1,308.0 Little Rocky Run - 94.0 Little Hunting Park
Little Hunting Park,Week1,Little Rocky Run,Week5,334.0 Little Rocky Run - 68.0 Little Hunting Park
Lincolnia Park,Week3,Hiddenbrook,Week4,246.0 Hiddenbrook - 147.0 Lincolnia Park
Lincolnia Park,Week4,Herndon,Week1,197.0 Lincolnia Park - 190.0 Herndon
Lincolnia Park,Week5,Hunter Mill,Week4,317.0 Hunter Mill - 75.0 Lincolnia Park
Lincolnia Park,Week1,Brookfield ,Week4,314.0 Brookfield - 87.0 Lincolnia Park
Little Hunting Park,Week1,Little Rocky Run,Week4,327.0 Little Rocky Run - 75.0 Little Hunting Park
Lincolnia Park,Week5,Forest Hollow,Week5,308.0 Forest Hollow - 85.0 Lincolnia Park
Lincolnia Park,Week1,Ilda Community,Week2,262.0 Ilda Community - 139.0 Lincolnia Park
Lincolnia Park,Week4,Hunter Mill,Week5,338.0 Hunter Mill - 64.0 Lincolnia Park
Lincolnia Park,Week1,Brookfield ,Week1,312.0 Brookfield - 90.0 Lincolnia Park
Lincolnia Park,Week5,Forest Hollow,Week4,310.0 Forest Hollow - 83.0 Lincolnia Park
Lincolnia Park,Week5,Poplar Tree,Week2,288.0 Poplar Tree - 105.0 Lincolnia Park
Little Hunting Park,Week4,Little Hunting Park,Week2,208.0 Little Hunting Park (LHP1) - 192.0 Little Hunting Park (LHP2)
Lincolnia Park,Week2,Ravensworth Farm,Week5,344.5 Ravensworth Farm - 48.5 Lincolnia Park
Lincolnia Park,Week5,Ilda Community,Week1,222.0 Ilda Community - 171.0 Lincolnia Park
Lincolnia Park,Week4,Forest Hollow,Week2,310.0 Forest Hollow - 91.0 Lincolnia Park
Little Hunting Park,Week1,Little Rocky Run,Week1,301.0 Little Rocky Run - 101.0 Little Hunting Park
Lincolnia Park,Week5,Herndon,Week2,226.0 Lincolnia Park - 166.0 Herndon
Lincolnia Park,Week4,Poplar Tree,Week3,321.0 Poplar Tree - 81.0 Lincolnia Park
Little Hunting Park,Week5,Little Hunting Park,Week2,228.0 Little Hunting Park (LHP1) - 169.0 Little Hunting Park (LHP2)
Lincolnia Park,Week5,Hunter Mill,Week3,313.0 Hunter Mill - 80.0 Lincolnia Park
Lincolnia Park,Week4,Herndon,Week2,202.0 Herndon - 190.0 Lincolnia Park
Lincolnia Park,Week2,Bren Mar-Edsall Park,Week3,278.0 Lincolnia Park - 113.0 Bren Mar-Edsall Park
Lincolnia Park,Week2,Ilda Community,Week1,248.0 Ilda Community - 144.0 Lincolnia Park
Lincolnia Park,Week2,Bren Mar-Edsall Park,Week4,260.0 Lincolnia Park - 125.0 Bren Mar-Edsall Park
Little Hunting Park,Week2,Little Rocky Run,Week2,305.0 Little Rocky Run - 97.0 Little Hunting Park
Lincolnia Park,Week2,Bren Mar-Edsall Park,Week5,254.0 Lincolnia Park - 128.0 Bren Mar-Edsall Park
Lincolnia Park,Week3,Ilda Community,Week4,247.0 Ilda Community - 146.0 Lincolnia Park
Little Hunting Park,Week5,Little Hunting Park,Week5,196.0 Little Hunting Park (LHP1) - 196.0 Little Hunting Park (LHP2)
Little Hunting Park,Week3,Little Hunting Park,Week1,213.0 Little Hunting Park (LHP1) - 188.0 Little Hunting Park (LHP2)
Lincolnia Park,Week1,Fox Hunt,Week4,314.0 Fox Hunt - 84.0 Lincolnia Park
Lincolnia Park,Week1,Fox Hunt,Week5,334.0 Fox Hunt - 64.0 Lincolnia Park
Lincolnia Park,Week4,Herndon,Week3,207.0 Herndon - 187.0 Lincolnia Park
Lincolnia Park,Week3,Forest Hollow,Week5,302.0 Forest Hollow - 91.0 Lincolnia Park
Lincolnia Park,Week2,Ravensworth Farm,Week1,334.0 Ravensworth Farm - 59.0 Lincolnia Park
Lincolnia Park,Week1,Ravensworth Farm,Week2,306.0 Ravensworth Farm - 96.0 Lincolnia Park
Little Hunting Park,Week4,Little Hunting Park,Week5,231.0 Little Hunting Park (LHP2) - 167.0 Little Hunting Park (LHP1)
Lincolnia Park,Week2,Brookfield ,Week2,296.0 Brookfield - 97.0 Lincolnia Park
Lincolnia Park,Week5,Poplar Tree,Week5,309.0 Poplar Tree - 84.0 Lincolnia Park
Lincolnia Park,Week3,Ravensworth Farm,Week1,302.0 Ravensworth Farm - 91.0 Lincolnia Park
Lincolnia Park,Week4,Canterbury Woods,Week3,280.0 Canterbury Woods - 122.0 Lincolnia Park
Lincolnia Park,Week1,Ravensworth Farm,Week5,355.0 Ravensworth Farm - 47.0 Lincolnia Park
Lincolnia Park,Week1,Brookfield ,Week3,299.0 Brookfield - 103.0 Lincolnia Park
Lincolnia Park,Week2,Brookfield ,Week4,311.0 Brookfield - 82.0 Lincolnia Park
Lincolnia Park,Week3,Herndon,Week1,224.0 Lincolnia Park - 159.0 Herndon
Lincolnia Park,Week1,Ilda Community,Week4,274.0 Ilda Community - 127.0 Lincolnia Park
Lincolnia Park,Week2,Fox Hunt,Week1,297.0 Fox Hunt - 96.0 Lincolnia Park
Lincolnia Park,Week4,Herndon,Week5,212.0 Herndon - 189.0 Lincolnia Park
Lincolnia Park,Week4,Ilda Community,Week1,254.0 Ilda Community - 148.0 Lincolnia Park
Lincolnia Park,Week5,Hunter Mill,Week2,298.0 Hunter Mill - 95.0 Lincolnia Park
Lincolnia Park,Week2,Ravensworth Farm,Week3,343.5 Ravensworth Farm - 48.5 Lincolnia Park
Lincolnia Park,Week2,Hiddenbrook,Week2,230.0 Hiddenbrook - 149.0 Lincolnia Park
Lincolnia Park,Week4,Poplar Tree,Week1,332.0 Poplar Tree - 70.0 Lincolnia Park
Little Hunting Park,Week4,Little Hunting Park,Week3,207.0 Little Hunting Park (LHP2) - 195.0 Little Hunting Park (LHP1)
Lincolnia Park,Week1,Hiddenbrook,Week3,281.0 Hiddenbrook - 120.0 Lincolnia Park
Lincolnia Park,Week3,Bren Mar-Edsall Park,Week1,301.0 Lincolnia Park - 89.0 Bren Mar-Edsall Park
Lincolnia Park,Week1,Hiddenbrook,Week5,304.0 Hiddenbrook - 98.0 Lincolnia Park
Lincolnia Park,Week3,Fox Hunt,Week5,300.0 Fox Hunt - 93.0 Lincolnia Park
Lincolnia Park,Week4,Canterbury Woods,Week5,278.0 Canterbury Woods - 115.0 Lincolnia Park
Lincolnia Park,Week2,Canterbury Woods,Week5,255.0 Canterbury Woods - 129.0 Lincolnia Park
Little Hunting Park,Week2,Little Hunting Park,Week5,228.0 Little Hunting Park (LHP2) - 169.0 Little Hunting Park (LHP1)
Little Hunting Park,Week1,Little Rocky Run,Week2,307.0 Little Rocky Run - 95.0 Little Hunting Park
Lincolnia Park,Week2,Ravensworth Farm,Week2,313.0 Ravensworth Farm - 80.0 Lincolnia Park
Lincolnia Park,Week4,Fox Hunt,Week3,309.0 Fox Hunt - 87.0 Lincolnia Park
Lincolnia Park,Week4,Herndon,Week4,209.0 Herndon - 192.0 Lincolnia Park
Lincolnia Park,Week3,Fox Hunt,Week4,279.0 Fox Hunt - 114.0 Lincolnia Park
Lincolnia Park,Week1,Hiddenbrook,Week4,294.0 Hiddenbrook - 108.0 Lincolnia Park
Lincolnia Park,Week4,Fox Hunt,Week1,311.0 Fox Hunt - 90.0 Lincolnia Park
Lincolnia Park,Week4,Canterbury Woods,Week2,252.5 Canterbury Woods - 143.5 Lincolnia Park
Little Hunting Park,Week3,Little Hunting Park,Week5,241.0 Little Hunting Park (LHP2) - 159.0 Little Hunting Park (LHP1)
Lincolnia Park,Week3,Ilda Community,Week2,221.0 Ilda Community - 172.0 Lincolnia Park
Lincolnia Park,Week2,Fox Hunt,Week2,314.0 Fox Hunt - 78.0 Lincolnia Park
Lincolnia Park,Week2,Bren Mar-Edsall Park,Week2,284.0 Lincolnia Park - 101.0 Bren Mar-Edsall Park
Lincolnia Park,Week1,Ravensworth Farm,Week4,331.0 Ravensworth Farm - 70.0 Lincolnia Park
Lincolnia Park,Week1,Bren Mar-Edsall Park,Week1,281.0 Lincolnia Park - 116.0 Bren Mar-Edsall Park
Lincolnia Park,Week2,Bren Mar-Edsall Park,Week1,271.0 Lincolnia Park - 115.0 Bren Mar-Edsall Park
Lincolnia Park,Week3,Bren Mar-Edsall Park,Week4,282.0 Lincolnia Park - 106.0 Bren Mar-Edsall Park
Lincolnia Park,Week3,Ravensworth Farm,Week2,269.0 Ravensworth Farm - 124.0 Lincolnia Park
Lincolnia Park,Week4,Hunter Mill,Week4,339.0 Hunter Mill - 63.0 Lincolnia Park
Lincolnia Park,Week5,Canterbury Woods,Week2,223.0 Canterbury Woods - 169.0 Lincolnia Park
Little Hunting Park,Week3,Little Hunting Park,Week2,208.0 Little Hunting Park (LHP1) - 193.0 Little Hunting Park (LHP2)
Lincolnia Park,Week3,Bren Mar-Edsall Park,Week2,297.0 Lincolnia Park - 86.0 Bren Mar-Edsall Park
Lincolnia Park,Week2,Ilda Community,Week2,259.0 Ilda Community - 133.0 Lincolnia Park
Lincolnia Park,Week3,Fox Hunt,Week3,278.0 Fox Hunt - 115.0 Lincolnia Park
Lincolnia Park,Week5,Forest Hollow,Week3,302.0 Forest Hollow - 91.0 Lincolnia Park
Lincolnia Park,Week3,Canterbury Woods,Week5,225.0 Canterbury Woods - 159.0 Lincolnia Park
Lincolnia Park,Week1,Ilda Community,Week1,255.0 Ilda Community - 147.0 Lincolnia Park
Lincolnia Park,Week5,Herndon,Week4,229.0 Lincolnia Park - 163.0 Herndon
Lincolnia Park,Week5,Canterbury Woods,Week3,246.0 Canterbury Woods - 146.0 Lincolnia Park
Lincolnia Park,Week3,Canterbury Woods,Week2,212.0 Canterbury Woods - 180.0 Lincolnia Park
Little Hunting Park,Week5,Little Hunting Park,Week4,231.0 Little Hunting Park (LHP1) - 167.0 Little Hunting Park (LHP2)
Lincolnia Park,Week5,Poplar Tree,Week3,298.0 Poplar Tree - 94.0 Lincolnia Park
Little Hunting Park,Week1,Little Rocky Run,Week3,327.0 Little Rocky Run - 75.0 Little Hunting Park
Lincolnia Park,Week3,Canterbury Woods,Week4,242.0 Canterbury Woods - 151.0 Lincolnia Park
Lincolnia Park,Week1,Bren Mar-Edsall Park,Week3,272.5 Lincolnia Park - 124.5 Bren Mar-Edsall Park
Lincolnia Park,Week5,Hunter Mill,Week5,313.0 Hunter Mill - 80.0 Lincolnia Park
Lincolnia Park,Week3,Hiddenbrook,Week1,250.0 Hiddenbrook - 142.0 Lincolnia Park
Lincolnia Park,Week2,Hiddenbrook,Week5,306.0 Hiddenbrook - 87.0 Lincolnia Park
Lincolnia Park,Week4,Poplar Tree,Week4,301.0 Poplar Tree - 99.0 Lincolnia Park
Lincolnia Park,Week4,Poplar Tree,Week5,337.0 Poplar Tree - 64.0 Lincolnia Park
Lincolnia Park,Week3,Ravensworth Farm,Week3,320.0 Ravensworth Farm - 72.0 Lincolnia Park
Lincolnia Park,Week4,Fox Hunt,Week4,314.0 Fox Hunt - 84.0 Lincolnia Park
Lincolnia Park,Week4,Hiddenbrook,Week2,230.0 Hiddenbrook - 166.0 Lincolnia Park
Little Hunting Park,Week5,Little Hunting Park,Week3,241.0 Little Hunting Park (LHP1) - 159.0 Little Hunting Park (LHP2)
Lincolnia Park,Week4,Ilda Community,Week5,251.0 Ilda Community - 150.0 Lincolnia Park
Lincolnia Park,Week5,Fox Hunt,Week2,292.0 Fox Hunt - 100.0 Lincolnia Park
Lincolnia Park,Week5,Canterbury Woods,Week5,246.0 Canterbury Woods - 143.0 Lincolnia Park
Little Hunting Park,Week3,Little Hunting Park,Week4,207.0 Little Hunting Park (LHP1) - 195.0 Little Hunting Park (LHP2)
Lincolnia Park,Week1,Cardinal Hill,Week2,334.0 Cardinal Hill - 63.0 Lincolnia Park
Lincolnia Park,Week4,Fox Hunt,Week5,323.0 Fox Hunt - 75.0 Lincolnia Park
Lincolnia Park,Week4,Bren Mar-Edsall Park,Week2,286.0 Lincolnia Park - 100.0 Bren Mar-Edsall Park
Lincolnia Park,Week3,Ilda Community,Week3,214.0 Ilda Community - 173.0 Lincolnia Park
Lincolnia Park,Week1,Bren Mar-Edsall Park,Week2,288.0 Lincolnia Park - 96.0 Bren Mar-Edsall Park
Lincolnia Park,Week3,Hiddenbrook,Week2,194.0 Lincolnia Park - 193.0 Hiddenbrook
Lincolnia Park,Week1,Bren Mar-Edsall Park,Week5,261.0 Lincolnia Park - 130.0 Bren Mar-Edsall Park
Lincolnia Park,Week3,Bren Mar-Edsall Park,Week5,283.0 Lincolnia Park - 104.0 Bren Mar-Edsall Park
Lincolnia Park,Week1,Fox Mill Estates,Week3,284.0 Fox Mill Estates - 117.0 Lincolnia Park
Lincolnia Park,Week1,Cardinal Hill,Week5,336.0 Cardinal Hill - 66.0 Lincolnia Park
Lincolnia Park,Week3,Ilda Community,Week1,221.0 Ilda Community - 172.0 Lincolnia Park
Lincolnia Park,Week1,Cardinal Hill,Week3,351.0 Cardinal Hill - 51.0 Lincolnia Park
Lincolnia Park,Week4,Bren Mar-Edsall Park,Week3,279.0 Lincolnia Park - 114.0 Bren Mar-Edsall Park
Little Hunting Park,Week2,Little Rocky Run,Week5,326.5 Little Rocky Run - 75.5 Little Hunting Park
Lincolnia Park,Week4,Ilda Community,Week3,243.0 Ilda Community - 149.0 Lincolnia Park
Lincolnia Park,Week3,Ravensworth Farm,Week4,300.0 Ravensworth Farm - 92.0 Lincolnia Park
Lincolnia Park,Week2,Hiddenbrook,Week1,277.0 Hiddenbrook - 115.0 Lincolnia Park
Lincolnia Park,Week1,Fox Mill Estates,Week1,267.0 Fox Mill Estates - 134.0 Lincolnia Park
Lincolnia Park,Week5,Herndon,Week3,221.0 Lincolnia Park - 170.0 Herndon
Lincolnia Park,Week4,Bren Mar-Edsall Park,Week5,258.0 Lincolnia Park - 129.0 Bren Mar-Edsall Park
Lincolnia Park,Week1,Hiddenbrook,Week2,228.0 Hiddenbrook - 167.0 Lincolnia Park
Little Hunting Park,Week2,Little Rocky Run,Week3,322.0 Little Rocky Run - 80.0 Little Hunting Park
Lincolnia Park,Week3,Herndon,Week5,231.0 Lincolnia Park - 161.0 Herndon
Lincolnia Park,Week1,Ravensworth Farm,Week1,325.0 Ravensworth Farm - 76.0 Lincolnia Park
Lincolnia Park,Week3,Ilda Community,Week5,220.0 Ilda Community - 171.0 Lincolnia Park
Lincolnia Park,Week5,Canterbury Woods,Week4,246.0 Canterbury Woods - 147.0 Lincolnia Park
Lincolnia Park,Week5,Fox Hunt,Week4,298.0 Fox Hunt - 95.0 Lincolnia Park
Little Hunting Park,Week2,Little Rocky Run,Week4,315.0 Little Rocky Run - 87.0 Little Hunting Park
Lincolnia Park,Week1,Cardinal Hill,Week4,339.0 Cardinal Hill - 63.0 Lincolnia Park
Lincolnia Park,Week1,Ravensworth Farm,Week3,347.0 Ravensworth Farm - 55.0 Lincolnia Park
Lincolnia Park,Week3,Ravensworth Farm,Week5,322.0 Ravensworth Farm - 71.0 Lincolnia Park
Lincolnia Park,Week4,Ilda Community,Week2,260.0 Ilda Community - 141.0 Lincolnia Park
Lincolnia Park,Week5,Ilda Community,Week2,225.0 Ilda Community - 168.0 Lincolnia Park
Lincolnia Park,Week3,Bren Mar-Edsall Park,Week3,295.0 Lincolnia Park - 97.0 Bren Mar-Edsall Park
Lincolnia Park,Week1,Cardinal Hill,Week1,359.0 Cardinal Hill - 43.0 Lincolnia Park
Little Hunting Park,Week5,Little Hunting Park,Week1,240.0 Little Hunting Park (LHP1) - 160.0 Little Hunting Park (LHP2)
Lincolnia Park,Week1,Fox Mill Estates,Week2,276.0 Fox Mill Estates - 122.0 Lincolnia Park
Lincolnia Park,Week1,Fox Mill Estates,Week5,288.0 Fox Mill Estates - 114.0 Lincolnia Park
Little Hunting Park,Week4,Little Hunting Park,Week1,224.0 Little Hunting Park (LHP1) - 174.0 Little Hunting Park (LHP2)
Lincolnia Park,Week4,Ravensworth Farm,Week1,327.5 Ravensworth Farm - 73.5 Lincolnia Park
Lincolnia Park,Week2,Hiddenbrook,Week3,292.0 Hiddenbrook - 101.0 Lincolnia Park
Lincolnia Park,Week3,Fox Mill Estates,Week3,260.0 Fox Mill Estates - 132.0 Lincolnia Park
Lincolnia Park,Week4,Kent Gardens,Week3,323.0 Kent Gardens - 77.0 Lincolnia Park
Little Hunting Park,Week3,Little Hunting Park,Week3,200.0 Little Hunting Park (LHP1) - 200.0 Little Hunting Park (LHP2)
Lincolnia Park,Week5,Ilda Community,Week4,247.0 Ilda Community - 146.0 Lincolnia Park
Lincolnia Park,Week5,Bren Mar-Edsall Park,Week5,297.0 Lincolnia Park - 95.0 Bren Mar-Edsall Park
Lincolnia Park,Week5,Riverside Gardens,Week1,333.0 Riverside Gardens - 60.0 Lincolnia Park
Lincolnia Park,Week5,Ilda Community,Week5,220.0 Ilda Community - 171.0 Lincolnia Park
Little Hunting Park,Week5,Little Rocky Run,Week1,272.0 Little Rocky Run - 130.0 Little Hunting Park
Lincolnia Park,Week2,Fox Mill Estates,Week4,310.0 Fox Mill Estates - 82.0 Lincolnia Park
Lincolnia Park,Week1,Bren Mar-Edsall Park,Week4,253.0 Lincolnia Park - 135.0 Bren Mar-Edsall Park
Lincolnia Park,Week2,Cardinal Hill,Week1,360.0 Cardinal Hill - 33.0 Lincolnia Park
Lincolnia Park,Week2,Canterbury Woods,Week4,274.0 Canterbury Woods - 119.0 Lincolnia Park
Lincolnia Park,Week2,Fox Mill Estates,Week3,296.0 Fox Mill Estates - 95.0 Lincolnia Park
Lincolnia Park,Week3,Fox Mill Estates,Week1,223.0 Fox Mill Estates - 169.0 Lincolnia Park
Lincolnia Park,Week2,Cardinal Hill,Week2,337.0 Cardinal Hill - 51.0 Lincolnia Park
Lincolnia Park,Week4,Fox Mill Estates,Week1,249.0 Fox Mill Estates - 153.0 Lincolnia Park
Lincolnia Park,Week2,Hiddenbrook,Week4,285.0 Hiddenbrook - 108.0 Lincolnia Park
Lincolnia Park,Week4,Bren Mar-Edsall Park,Week4,254.0 Lincolnia Park - 133.0 Bren Mar-Edsall Park
Lincolnia Park,Week3,Canterbury Woods,Week1,225.0 Canterbury Woods - 162.0 Lincolnia Park
Lincolnia Park,Week4,Poplar Tree,Week2,316.0 Poplar Tree - 86.0 Lincolnia Park
Little Hunting Park,Week5,Little Rocky Run,Week5,297.0 Little Rocky Run - 105.0 Little Hunting Park
Lincolnia Park,Week1,Kent Gardens,Week5,353.0 Kent Gardens - 48.0 Lincolnia Park
Lincolnia Park,Week5,Herndon,Week5,220.0 Lincolnia Park - 173.0 Herndon
Lincolnia Park,Week1,Riverside Gardens,Week1,350.0 Riverside Gardens - 52.0 Lincolnia Park
Little Hunting Park,Week3,Long Branch,Week2,239.0 Long Branch - 163.0 Little Hunting Park
Lincolnia Park,Week1,Riverside Gardens,Week5,346.0 Riverside Gardens - 56.0 Lincolnia Park
Lincolnia Park,Week5,Poplar Tree,Week1,303.0 Poplar Tree - 90.0 Lincolnia Park
Lincolnia Park,Week1,Kent Gardens,Week1,339.0 Kent Gardens - 59.0 Lincolnia Park
Lincolnia Park,Week3,Canterbury Woods,Week3,238.0 Canterbury Woods - 154.0 Lincolnia Park
Lincolnia Park,Week2,Kent Gardens,Week5,341.0 Kent Gardens - 52.0 Lincolnia Park
Lincolnia Park,Week1,Hiddenbrook,Week1,276.0 Hiddenbrook - 126.0 Lincolnia Park
Lincolnia Park,Week1,Brookfield ,Week2,299.0 Brookfield - 103.0 Lincolnia Park
Lincolnia Park,Week4,Canterbury Woods,Week1,269.0 Canterbury Woods - 128.0 Lincolnia Park
Lincolnia Park,Week5,Kent Gardens,Week1,303.0 Kent Gardens - 86.0 Lincolnia Park
Lincolnia Park,Week3,Hiddenbrook,Week3,251.0 Hiddenbrook - 141.0 Lincolnia Park
Lincolnia Park,Week2,Riverside Gardens,Week2,339.0 Riverside Gardens - 54.0 Lincolnia Park
Lincolnia Park,Week5,Bren Mar-Edsall Park,Week1,297.0 Lincolnia Park - 94.0 Bren Mar-Edsall Park
Lincolnia Park,Week2,Fox Mill Estates,Week5,282.0 Fox Mill Estates - 110.0 Lincolnia Park
Lincolnia Park,Week5,Herndon,Week1,222.0 Lincolnia Park - 165.0 Herndon
Little Hunting Park,Week4,Little Rocky Run,Week5,318.0 Little Rocky Run - 84.0 Little Hunting Park
Lincolnia Park,Week4,Hiddenbrook,Week1,285.0 Hiddenbrook - 116.0 Lincolnia Park
Little Hunting Park,Week1,Long Branch,Week2,226.0 Long Branch - 172.0 Little Hunting Park
Lincolnia Park,Week5,Bren Mar-Edsall Park,Week3,301.0 Lincolnia Park - 90.0 Bren Mar-Edsall Park
Lincolnia Park,Week1,Kent Gardens,Week4,331.5 Kent Gardens - 69.5 Lincolnia Park
Lincolnia Park,Week2,Canterbury Woods,Week3,253.5 Canterbury Woods - 139.5 Lincolnia Park
Lincolnia Park,Week3,Fox Mill Estates,Week5,249.0 Fox Mill Estates - 144.0 Lincolnia Park
Little Hunting Park,Week4,Little Rocky Run,Week1,290.0 Little Rocky Run - 112.0 Little Hunting Park
Lincolnia Park,Week4,Hiddenbrook,Week4,297.0 Hiddenbrook - 105.0 Lincolnia Park
Little Hunting Park,Week5,Little Rocky Run,Week3,303.0 Little Rocky Run - 99.0 Little Hunting Park
Lincolnia Park,Week2,Kent Gardens,Week4,329.0 Kent Gardens - 64.0 Lincolnia Park
Lincolnia Park,Week5,Ravensworth Farm,Week1,299.0 Ravensworth Farm - 94.0 Lincolnia Park
Lincolnia Park,Week4,Canterbury Woods,Week4,290.0 Canterbury Woods - 112.0 Lincolnia Park
Little Hunting Park,Week5,Chesterbrook,Week2,350.0 Chesterbrook - 52.0 Little Hunting Park
Lincolnia Park,Week4,Fox Mill Estates,Week4,291.0 Fox Mill Estates - 111.0 Lincolnia Park
Lincolnia Park,Week2,Brookfield ,Week1,305.0 Brookfield - 88.0 Lincolnia Park
Lincolnia Park,Week2,Cardinal Hill,Week3,356.0 Cardinal Hill - 37.0 Lincolnia Park
Lincolnia Park,Week5,Ravensworth Farm,Week5,323.0 Ravensworth Farm - 70.0 Lincolnia Park
Lincolnia Park,Week4,Fox Mill Estates,Week3,283.0 Fox Mill Estates - 117.0 Lincolnia Park
Little Hunting Park,Week1,Long Branch,Week3,218.0 Long Branch - 183.0 Little Hunting Park
Lincolnia Park,Week5,Hiddenbrook,Week1,261.0 Hiddenbrook - 131.0 Lincolnia Park
Lincolnia Park,Week1,Brookfield ,Week5,309.0 Brookfield - 93.0 Lincolnia Park
Lincolnia Park,Week2,Brookfield ,Week3,291.0 Brookfield - 101.0 Lincolnia Park
Lincolnia Park,Week3,Kent Gardens,Week1,296.0 Kent Gardens - 93.0 Lincolnia Park
Lincolnia Park,Week1,Riverside Gardens,Week3,346.0 Riverside Gardens - 56.0 Lincolnia Park
Lincolnia Park,Week4,Hiddenbrook,Week3,288.0 Hiddenbrook - 114.0 Lincolnia Park
Little Hunting Park,Week1,Chesterbrook,Week5,362.0 Chesterbrook - 39.0 Little Hunting Park
Lincolnia Park,Week2,Riverside Gardens,Week3,344.0 Riverside Gardens - 49.0 Lincolnia Park
Lincolnia Park,Week2,Riverside Gardens,Week4,355.0 Riverside Gardens - 38.0 Lincolnia Park
Little Hunting Park,Week3,Little Rocky Run,Week5,325.0 Little Rocky Run - 77.0 Little Hunting Park
Lincolnia Park,Week5,Fox Mill Estates,Week3,257.0 Fox Mill Estates - 135.0 Lincolnia Park
Lincolnia Park,Week1,Kings Ridge ,Week1,239.0 Kings Ridge - 162.0 Lincolnia Park
Lincolnia Park,Week3,Hiddenbrook,Week5,268.0 Hiddenbrook - 125.0 Lincolnia Park
Lincolnia Park,Week3,Riverside Gardens,Week1,326.0 Riverside Gardens - 67.0 Lincolnia Park
Little Hunting Park,Week3,Long Branch,Week5,249.0 Long Branch - 153.0 Little Hunting Park
Little Hunting Park,Week4,Chesterbrook,Week4,366.0 Chesterbrook - 36.0 Little Hunting Park
Lincolnia Park,Week2,Fox Mill Estates,Week2,286.0 Fox Mill Estates - 107.0 Lincolnia Park
Lincolnia Park,Week1,Broyhill Crest,Week3,239.0 Lincolnia Park - 156.0 Broyhill Crest
Little Hunting Park,Week2,Chesterbrook,Week5,359.5 Chesterbrook - 42.5 Little Hunting Park
Lincolnia Park,Week1,Kings Ridge ,Week4,253.0 Kings Ridge - 148.0 Lincolnia Park
Lincolnia Park,Week5,Fox Mill Estates,Week1,218.0 Fox Mill Estates - 174.0 Lincolnia Park
Lincolnia Park,Week5,Brookfield ,Week1,276.0 Brookfield - 117.0 Lincolnia Park
Lincolnia Park,Week4,Ravensworth Farm,Week5,343.0 Ravensworth Farm - 59.0 Lincolnia Park
Lincolnia Park,Week1,Kings Ridge ,Week2,228.0 Kings Ridge - 169.0 Lincolnia Park
Lincolnia Park,Week3,Brookfield ,Week4,277.0 Brookfield - 115.0 Lincolnia Park
Little Hunting Park,Week5,Long Branch,Week1,204.0 Little Hunting Park - 197.0 Long Branch
Lincolnia Park,Week4,Ravensworth Farm,Week4,323.0 Ravensworth Farm - 74.0 Lincolnia Park
Little Hunting Park,Week3,Chesterbrook,Week4,365.0 Chesterbrook - 37.0 Little Hunting Park
Lincolnia Park,Week5,Hiddenbrook,Week2,201.0 Hiddenbrook - 191.0 Lincolnia Park
Lincolnia Park,Week5,Kent Gardens,Week4,291.0 Kent Gardens - 101.0 Lincolnia Park
Lincolnia Park,Week4,Brookfield ,Week4,312.0 Brookfield - 90.0 Lincolnia Park
Lincolnia Park,Week4,Hiddenbrook,Week5,296.0 Hiddenbrook - 106.0 Lincolnia Park
Lincolnia Park,Week1,Broyhill Crest,Week2,242.0 Lincolnia Park - 155.0 Broyhill Crest
Lincolnia Park,Week3,Fox Mill Estates,Week2,253.0 Fox Mill Estates - 140.0 Lincolnia Park
Little Hunting Park,Week5,Long Branch,Week3,214.0 Little Hunting Park - 184.0 Long Branch
Lincolnia Park,Week5,Fox Mill Estates,Week2,245.0 Fox Mill Estates - 148.0 Lincolnia Park
Little Hunting Park,Week3,Little Rocky Run,Week4,310.0 Little Rocky Run - 92.0 Little Hunting Park
Lincolnia Park,Week5,Canterbury Woods,Week1,235.0 Canterbury Woods - 156.0 Lincolnia Park
Little Hunting Park,Week4,Chesterbrook,Week5,366.0 Chesterbrook - 36.0 Little Hunting Park
Lincolnia Park,Week5,Hiddenbrook,Week3,261.0 Hiddenbrook - 131.0 Lincolnia Park
Little Hunting Park,Week3,Chesterbrook,Week2,368.0 Chesterbrook - 34.0 Little Hunting Park
Little Hunting Park,Week3,Commonwealth,Week1,210.0 Little Hunting Park - 192.0 Commonwealth
Little Hunting Park,Week5,Little Rocky Run,Week2,288.0 Little Rocky Run - 114.0 Little Hunting Park
Lincolnia Park,Week4,Brookfield ,Week2,301.0 Brookfield - 101.0 Lincolnia Park
Lincolnia Park,Week1,Kings Ridge ,Week5,262.0 Kings Ridge - 140.0 Lincolnia Park
Lincolnia Park,Week5,Ravensworth Farm,Week4,303.5 Ravensworth Farm - 88.5 Lincolnia Park
Little Hunting Park,Week2,Long Branch,Week3,211.5 Long Branch - 189.5 Little Hunting Park
Lincolnia Park,Week5,Brookfield ,Week3,260.0 Brookfield - 132.0 Lincolnia Park
Lincolnia Park,Week3,High Point Pool,Week4,304.0 High Point Pool - 89.0 Lincolnia Park
Lincolnia Park,Week3,High Point Pool,Week5,309.0 High Point Pool - 84.0 Lincolnia Park
Little Hunting Park,Week4,Little Rocky Run,Week4,313.0 Little Rocky Run - 89.0 Little Hunting Park
Lincolnia Park,Week3,Riverside Gardens,Week5,328.0 Riverside Gardens - 65.0 Lincolnia Park
Lincolnia Park,Week4,Kent Gardens,Week1,323.5 Kent Gardens - 77.5 Lincolnia Park
Lincolnia Park,Week3,High Point Pool,Week1,293.0 High Point Pool - 100.0 Lincolnia Park
Lincolnia Park,Week4,Kent Gardens,Week5,349.0 Kent Gardens - 53.0 Lincolnia Park
Lincolnia Park,Week2,Riverside Gardens,Week5,348.0 Riverside Gardens - 44.0 Lincolnia Park
Little Hunting Park,Week1,Long Branch,Week4,239.0 Long Branch - 162.0 Little Hunting Park
Lincolnia Park,Week2,High Point Pool,Week5,333.0 High Point Pool - 59.0 Lincolnia Park
Lincolnia Park,Week1,Riverside Gardens,Week2,340.0 Riverside Gardens - 61.0 Lincolnia Park
Lincolnia Park,Week4,Fox Mill Estates,Week5,279.0 Fox Mill Estates - 123.0 Lincolnia Park
Lincolnia Park,Week4,Fox Mill Estates,Week2,273.0 Fox Mill Estates - 125.0 Lincolnia Park
Lincolnia Park,Week2,Brookfield ,Week5,297.0 Brookfield - 96.0 Lincolnia Park
Little Hunting Park,Week1,Commonwealth,Week3,228.0 Commonwealth - 174.0 Little Hunting Park
Little Hunting Park,Week5,Little Rocky Run,Week4,290.0 Little Rocky Run - 112.0 Little Hunting Park
Lincolnia Park,Week3,Fox Mill Estates,Week4,257.0 Fox Mill Estates - 135.0 Lincolnia Park
Lincolnia Park,Week3,Brookfield ,Week1,266.0 Brookfield - 127.0 Lincolnia Park
Lincolnia Park,Week1,Fox Mill Woods,Week2,342.0 Fox Mill Woods - 60.0 Lincolnia Park
Little Hunting Park,Week4,Chesterbrook,Week1,355.0 Chesterbrook - 47.0 Little Hunting Park
Little Hunting Park,Week1,Chesterbrook,Week1,357.0 Chesterbrook - 45.0 Little Hunting Park
Lincolnia Park,Week3,Brookfield ,Week2,266.0 Brookfield - 127.0 Lincolnia Park
Lincolnia Park,Week5,Fox Mill Estates,Week4,263.0 Fox Mill Estates - 129.0 Lincolnia Park
Lincolnia Park,Week1,Riverside Gardens,Week4,351.0 Riverside Gardens - 51.0 Lincolnia Park
Lincolnia Park,Week3,Riverside Gardens,Week3,325.0 Riverside Gardens - 68.0 Lincolnia Park
Lincolnia Park,Week4,High Point Pool,Week2,346.0 High Point Pool - 56.0 Lincolnia Park
Lincolnia Park,Week5,Kent Gardens,Week5,319.0 Kent Gardens - 73.0 Lincolnia Park
Lincolnia Park,Week5,Fox Mill Estates,Week5,256.0 Fox Mill Estates - 137.0 Lincolnia Park
Lincolnia Park,Week4,Kent Gardens,Week2,308.0 Kent Gardens - 93.0 Lincolnia Park
Lincolnia Park,Week2,Kings Ridge ,Week1,246.0 Kings Ridge - 146.0 Lincolnia Park
Little Hunting Park,Week2,Long Branch,Week5,238.0 Long Branch - 163.0 Little Hunting Park
Lincolnia Park,Week3,Brookfield ,Week3,268.0 Brookfield - 124.0 Lincolnia Park
Lincolnia Park,Week3,High Point Pool,Week3,304.0 High Point Pool - 89.0 Lincolnia Park
Lincolnia Park,Week4,High Point Pool,Week4,325.0 High Point Pool - 77.0 Lincolnia Park
Lincolnia Park,Week5,Kent Gardens,Week3,294.0 Kent Gardens - 95.0 Lincolnia Park
Little Hunting Park,Week1,Chesterbrook,Week2,361.0 Chesterbrook - 41.0 Little Hunting Park
Little Hunting Park,Week4,Little Rocky Run,Week3,321.0 Little Rocky Run - 81.0 Little Hunting Park
Lincolnia Park,Week4,High Point Pool,Week1,330.0 High Point Pool - 72.0 Lincolnia Park
Lincolnia Park,Week5,Hiddenbrook,Week4,253.0 Hiddenbrook - 140.0 Lincolnia Park
Lincolnia Park,Week4,Brookfield ,Week5,304.0 Brookfield - 98.0 Lincolnia Park
Little Hunting Park,Week2,Chesterbrook,Week3,364.0 Chesterbrook - 38.0 Little Hunting Park
Lincolnia Park,Week4,Riverside Gardens,Week4,350.0 Riverside Gardens - 52.0 Lincolnia Park
Lincolnia Park,Week1,Fox Mill Woods,Week1,350.0 Fox Mill Woods - 52.0 Lincolnia Park
Little Hunting Park,Week3,Commonwealth,Week3,214.0 Commonwealth - 188.0 Little Hunting Park
Lincolnia Park,Week5,Fox Mill Woods,Week1,328.0 Fox Mill Woods - 65.0 Lincolnia Park
Lincolnia Park,Week4,Brookfield ,Week3,303.0 Brookfield - 98.0 Lincolnia Park
Little Hunting Park,Week1,Chesterbrook,Week4,358.0 Chesterbrook - 44.0 Little Hunting Park
Lincolnia Park,Week5,Ravensworth Farm,Week2,275.0 Ravensworth Farm - 118.0 Lincolnia Park
Lincolnia Park,Week3,High Point Pool,Week2,317.0 High Point Pool - 76.0 Lincolnia Park
Little Hunting Park,Week4,Little Rocky Run,Week2,298.0 Little Rocky Run - 104.0 Little Hunting Park
Lincolnia Park,Week3,Brookfield ,Week5,256.0 Brookfield - 137.0 Lincolnia Park
Lincolnia Park,Week2,Riverside Gardens,Week1,350.0 Riverside Gardens - 43.0 Lincolnia Park
Little Hunting Park,Week1,Long Branch,Week1,222.0 Long Branch - 176.0 Little Hunting Park
Lincolnia Park,Week1,Kings Ridge ,Week3,260.0 Kings Ridge - 140.0 Lincolnia Park
Lincolnia Park,Week5,Kent Gardens,Week2,285.0 Kent Gardens - 104.0 Lincolnia Park
Lincolnia Park,Week4,Brookfield ,Week1,305.0 Brookfield - 97.0 Lincolnia Park
Lincolnia Park,Week4,Fox Mill Woods,Week3,331.0 Fox Mill Woods - 71.0 Lincolnia Park
Lincolnia Park,Week3,Kent Gardens,Week5,315.0 Kent Gardens - 77.0 Lincolnia Park
Lincolnia Park,Week2,Kent Gardens,Week3,321.0 Kent Gardens - 71.0 Lincolnia Park
Little Hunting Park,Week4,Chesterbrook,Week3,368.0 Chesterbrook - 34.0 Little Hunting Park
Little Hunting Park,Week2,Chesterbrook,Week2,362.0 Chesterbrook - 40.0 Little Hunting Park
Lincolnia Park,Week5,High Point Pool,Week1,304.0 High Point Pool - 89.0 Lincolnia Park
Lincolnia Park,Week1,High Point Pool,Week5,338.0 High Point Pool - 64.0 Lincolnia Park
Lincolnia Park,Week3,Riverside Gardens,Week4,338.0 Riverside Gardens - 55.0 Lincolnia Park
Lincolnia Park,Week1,Great Falls,Week4,290.0 Great Falls - 93.0 Lincolnia Park
Lincolnia Park,Week2,Kent Gardens,Week2,313.0 Kent Gardens - 79.0 Lincolnia Park
Lincolnia Park,Week5,Brookfield ,Week5,268.0 Brookfield - 125.0 Lincolnia Park
Lincolnia Park,Week2,Kent Gardens,Week1,329.0 Kent Gardens - 63.0 Lincolnia Park
Lincolnia Park,Week2,Great Falls,Week3,298.0 Great Falls - 90.0 Lincolnia Park
Little Hunting Park,Week3,Little Rocky Run,Week2,300.0 Little Rocky Run - 102.0 Little Hunting Park
Lincolnia Park,Week5,Brookfield ,Week2,270.0 Brookfield - 123.0 Lincolnia Park
Lincolnia Park,Week3,Riverside Gardens,Week2,314.0 Riverside Gardens - 78.0 Lincolnia Park
Little Hunting Park,Week3,Little Rocky Run,Week3,321.0 Little Rocky Run - 81.0 Little Hunting Park
Lincolnia Park,Week4,Riverside Gardens,Week3,340.0 Riverside Gardens - 62.0 Lincolnia Park
Lincolnia Park,Week4,High Point Pool,Week5,332.0 High Point Pool - 70.0 Lincolnia Park
Little Hunting Park,Week2,Long Branch,Week1,211.0 Long Branch - 189.0 Little Hunting Park
Lincolnia Park,Week4,High Point Pool,Week3,333.0 High Point Pool - 69.0 Lincolnia Park
Lincolnia Park,Week1,Great Falls,Week1,281.0 Great Falls - 111.0 Lincolnia Park
Lincolnia Park,Week1,Broyhill Crest,Week1,231.0 Lincolnia Park - 158.0 Broyhill Crest
Lincolnia Park,Week1,High Point Pool,Week1,317.0 High Point Pool - 85.0 Lincolnia Park
Lincolnia Park,Week4,Fox Mill Woods,Week1,345.5 Fox Mill Woods - 56.5 Lincolnia Park
Lincolnia Park,Week5,Brookfield ,Week4,287.0 Brookfield - 105.0 Lincolnia Park
Lincolnia Park,Week5,Ravensworth Farm,Week3,324.0 Ravensworth Farm - 68.0 Lincolnia Park
Little Hunting Park,Week2,Chesterbrook,Week4,361.0 Chesterbrook - 41.0 Little Hunting Park
Little Hunting Park,Week2,Long Branch,Week2,220.0 Long Branch - 181.0 Little Hunting Park
Lincolnia Park,Week1,Kent Gardens,Week3,326.0 Kent Gardens - 71.0 Lincolnia Park
Lincolnia Park,Week3,Kent Gardens,Week2,285.0 Kent Gardens - 104.0 Lincolnia Park
Lincolnia Park,Week4,Riverside Gardens,Week1,344.0 Riverside Gardens - 58.0 Lincolnia Park
Little Hunting Park,Week2,Long Branch,Week4,238.0 Long Branch - 164.0 Little Hunting Park
Lincolnia Park,Week3,Fox Mill Woods,Week5,321.0 Fox Mill Woods - 72.0 Lincolnia Park
Little Hunting Park,Week3,Chesterbrook,Week5,369.0 Chesterbrook - 33.0 Little Hunting Park
Little Hunting Park,Week3,Chesterbrook,Week1,357.0 Chesterbrook - 45.0 Little Hunting Park
Little Hunting Park,Week4,Long Branch,Week1,227.0 Long Branch - 174.0 Little Hunting Park
Little Hunting Park,Week3,Chesterbrook,Week3,369.0 Chesterbrook - 33.0 Little Hunting Park
Little Hunting Park,Week4,Long Branch,Week4,231.0 Long Branch - 171.0 Little Hunting Park
Lincolnia Park,Week3,Great Falls,Week1,255.0 Great Falls - 138.0 Lincolnia Park
Lincolnia Park,Week2,Fox Mill Woods,Week3,333.0 Fox Mill Woods - 60.0 Lincolnia Park
Lincolnia Park,Week1,High Point Pool,Week4,327.0 High Point Pool - 75.0 Lincolnia Park
Little Hunting Park,Week4,Chesterbrook,Week2,362.0 Chesterbrook - 40.0 Little Hunting Park
Lincolnia Park,Week3,Fox Mill Woods,Week4,328.0 Fox Mill Woods - 65.0 Lincolnia Park
Lincolnia Park,Week5,Riverside Gardens,Week3,334.5 Riverside Gardens - 58.5 Lincolnia Park
Little Hunting Park,Week4,Long Branch,Week2,225.0 Long Branch - 176.0 Little Hunting Park
Lincolnia Park,Week5,Kings Ridge ,Week2,198.0 Kings Ridge - 194.0 Lincolnia Park
Little Hunting Park,Week1,Chesterbrook,Week3,371.0 Chesterbrook - 31.0 Little Hunting Park
Lincolnia Park,Week4,Riverside Gardens,Week2,335.0 Riverside Gardens - 67.0 Lincolnia Park
Little Hunting Park,Week1,Long Branch,Week5,245.0 Long Branch - 153.0 Little Hunting Park
Lincolnia Park,Week5,Riverside Gardens,Week4,335.0 Riverside Gardens - 58.0 Lincolnia Park
Lincolnia Park,Week5,Riverside Gardens,Week5,332.0 Riverside Gardens - 61.0 Lincolnia Park
Lincolnia Park,Week2,High Point Pool,Week1,321.0 High Point Pool - 72.0 Lincolnia Park
Lincolnia Park,Week3,Kings Ridge ,Week5,240.0 Kings Ridge - 152.0 Lincolnia Park
Lincolnia Park,Week4,Riverside Gardens,Week5,346.0 Riverside Gardens - 56.0 Lincolnia Park
Little Hunting Park,Week3,Long Branch,Week3,212.0 Long Branch - 190.0 Little Hunting Park
Lincolnia Park,Week2,Great Falls,Week1,282.0 Great Falls - 104.0 Lincolnia Park
Lincolnia Park,Week2,Great Falls,Week5,297.0 Great Falls - 90.0 Lincolnia Park
Lincolnia Park,Week1,High Point Pool,Week3,335.0 High Point Pool - 67.0 Lincolnia Park
Lincolnia Park,Week5,Hiddenbrook,Week5,276.0 Hiddenbrook - 117.0 Lincolnia Park
Lincolnia Park,Week5,Riverside Gardens,Week2,322.0 Riverside Gardens - 70.0 Lincolnia Park
Lincolnia Park,Week1,Lake Braddock,Week5,243.0 Lake Braddock - 154.0 Lincolnia Park
Lincolnia Park,Week2,Fox Mill Woods,Week2,329.0 Fox Mill Woods - 64.0 Lincolnia Park
Little Hunting Park,Week3,Long Branch,Week1,225.0 Long Branch - 177.0 Little Hunting Park
Lincolnia Park,Week4,Kent Gardens,Week4,326.0 Kent Gardens - 76.0 Lincolnia Park
Little Hunting Park,Week5,Chesterbrook,Week1,345.0 Chesterbrook - 57.0 Little Hunting Park
Lincolnia Park,Week2,High Point Pool,Week3,339.0 High Point Pool - 50.0 Lincolnia Park
Little Hunting Park,Week2,Chesterbrook,Week1,354.0 Chesterbrook - 48.0 Little Hunting Park
Lincolnia Park,Week3,Fox Mill Woods,Week1,325.0 Fox Mill Woods - 68.0 Lincolnia Park
Lincolnia Park,Week2,High Point Pool,Week2,343.0 High Point Pool - 50.0 Lincolnia Park
Little Hunting Park,Week4,Long Branch,Week3,206.0 Long Branch - 195.0 Little Hunting Park
Lincolnia Park,Week3,Kent Gardens,Week3,287.0 Kent Gardens - 102.0 Lincolnia Park
Little Hunting Park,Week5,Chesterbrook,Week3,354.0 Chesterbrook - 48.0 Little Hunting Park
Lincolnia Park,Week1,Rolling Forest,Week1,313.0 Rolling Forest - 89.0 Lincolnia Park
Lincolnia Park,Week4,Ravensworth Farm,Week3,341.0 Ravensworth Farm - 60.0 Lincolnia Park
Little Hunting Park,Week3,Long Branch,Week4,241.0 Long Branch - 161.0 Little Hunting Park
Lincolnia Park,Week2,Lake Braddock,Week4,249.0 Lake Braddock - 144.0 Lincolnia Park
Little Hunting Park,Week5,Cardinal Hill,Week5,290.0 Cardinal Hill - 111.0 Little Hunting Park
Lincolnia Park,Week3,Kent Gardens,Week4,292.0 Kent Gardens - 100.0 Lincolnia Park
Lincolnia Park,Week1,High Point Pool,Week2,342.5 High Point Pool - 59.5 Lincolnia Park
Lincolnia Park,Week2,Fox Mill Woods,Week1,342.0 Fox Mill Woods - 51.0 Lincolnia Park
Lincolnia Park,Week2,Lake Braddock,Week2,237.0 Lake Braddock - 154.0 Lincolnia Park
Little Hunting Park,Week5,Long Branch,Week2,205.0 Little Hunting Park - 197.0 Long Branch
Lincolnia Park,Week4,Kings Ridge ,Week3,249.0 Kings Ridge - 152.0 Lincolnia Park
Lincolnia Park,Week1,Rolling Forest,Week2,295.0 Rolling Forest - 107.0 Lincolnia Park
Little Hunting Park,Week1,Mansion House,Week4,245.0 Mansion House - 156.0 Little Hunting Park
Lincolnia Park,Week2,Lake Braddock,Week1,211.0 Lake Braddock - 181.0 Lincolnia Park
Little Hunting Park,Week4,Long Branch,Week5,230.0 Long Branch - 171.0 Little Hunting Park
Little Hunting Park,Week2,Mansion House,Week2,262.0 Mansion House - 139.0 Little Hunting Park
Lincolnia Park,Week3,Fox Mill Woods,Week3,313.0 Fox Mill Woods - 80.0 Lincolnia Park
Lincolnia Park,Week1,Lake Braddock,Week1,214.0 Lake Braddock - 183.0 Lincolnia Park
Lincolnia Park,Week5,Fox Mill Woods,Week4,333.0 Fox Mill Woods - 60.0 Lincolnia Park
Lincolnia Park,Week4,Fox Mill Woods,Week5,343.0 Fox Mill Woods - 59.0 Lincolnia Park
Little Hunting Park,Week5,Chesterbrook,Week4,355.0 Chesterbrook - 47.0 Little Hunting Park
Little Hunting Park,Week1,Commonwealth,Week2,239.0 Commonwealth - 163.0 Little Hunting Park
Lincolnia Park,Week2,Rolling Forest,Week4,304.0 Rolling Forest - 89.0 Lincolnia Park
Lincolnia Park,Week1,Rolling Forest,Week3,316.0 Rolling Forest - 85.0 Lincolnia Park
Little Hunting Park,Week1,Commonwealth,Week4,219.0 Commonwealth - 183.0 Little Hunting Park
Little Hunting Park,Week1,Commonwealth,Week1,206.0 Little Hunting Park - 196.0 Commonwealth
Lincolnia Park,Week2,High Point Pool,Week4,328.0 High Point Pool - 64.0 Lincolnia Park
Lincolnia Park,Week1,Rolling Forest,Week4,314.0 Rolling Forest - 88.0 Lincolnia Park
Lincolnia Park,Week4,Fox Mill Woods,Week4,346.0 Fox Mill Woods - 56.0 Lincolnia Park
Little Hunting Park,Week2,Commonwealth,Week5,223.0 Commonwealth - 179.0 Little Hunting Park
Lincolnia Park,Week3,Rolling Forest,Week1,281.0 Rolling Forest - 112.0 Lincolnia Park
Little Hunting Park,Week4,Mansion House,Week4,254.0 Mansion House - 148.0 Little Hunting Park
Lincolnia Park,Week4,Rolling Forest,Week5,311.0 Rolling Forest - 91.0 Lincolnia Park
Lincolnia Park,Week1,Fox Mill Woods,Week3,337.0 Fox Mill Woods - 65.0 Lincolnia Park
Lincolnia Park,Week4,Kings Ridge ,Week1,246.0 Kings Ridge - 156.0 Lincolnia Park
Little Hunting Park,Week5,Mansion House,Week5,257.5 Mansion House - 144.5 Little Hunting Park
Little Hunting Park,Week2,Commonwealth,Week3,226.0 Commonwealth - 175.0 Little Hunting Park
Little Hunting Park,Week2,Commonwealth,Week2,228.5 Commonwealth - 172.5 Little Hunting Park
Lincolnia Park,Week3,Kings Ridge ,Week4,228.0 Kings Ridge - 164.0 Lincolnia Park
Little Hunting Park,Week2,Commonwealth,Week1,211.0 Little Hunting Park - 189.0 Commonwealth
Lincolnia Park,Week5,Kings Ridge ,Week4,211.0 Kings Ridge - 181.0 Lincolnia Park
Lincolnia Park,Week2,Kings Ridge ,Week4,253.0 Kings Ridge - 140.0 Lincolnia Park
Lincolnia Park,Week3,Kings Ridge ,Week2,196.0 Kings Ridge - 196.0 Lincolnia Park
Lincolnia Park,Week2,Fox Mill Woods,Week5,342.0 Fox Mill Woods - 50.0 Lincolnia Park
Little Hunting Park,Week2,Commonwealth,Week4,212.5 Commonwealth - 188.5 Little Hunting Park
Lincolnia Park,Week4,Rolling Forest,Week1,310.0 Rolling Forest - 92.0 Lincolnia Park
Little Hunting Park,Week5,Mansion House,Week4,220.0 Mansion House - 182.0 Little Hunting Park
Lincolnia Park,Week2,Kings Ridge ,Week3,245.0 Kings Ridge - 144.0 Lincolnia Park
Lincolnia Park,Week5,Fox Mill Woods,Week3,324.0 Fox Mill Woods - 69.0 Lincolnia Park
Lincolnia Park,Week1,Fox Mill Woods,Week4,354.0 Fox Mill Woods - 48.0 Lincolnia Park
Lincolnia Park,Week2,Rolling Forest,Week5,309.0 Rolling Forest - 84.0 Lincolnia Park
Little Hunting Park,Week2,Mansion House,Week1,265.0 Mansion House - 137.0 Little Hunting Park
Little Hunting Park,Week1,Commonwealth,Week5,222.0 Commonwealth - 180.0 Little Hunting Park
Little Hunting Park,Week1,Mantua,Week4,303.0 Mantua - 99.0 Little Hunting Park
Little Hunting Park,Week1,Mansion House,Week2,263.0 Mansion House - 135.0 Little Hunting Park
Little Hunting Park,Week5,Chesterbrook,Week5,356.0 Chesterbrook - 46.0 Little Hunting Park
Lincolnia Park,Week2,Fox Mill Woods,Week4,353.0 Fox Mill Woods - 40.0 Lincolnia Park
Little Hunting Park,Week5,Mansion House,Week1,243.0 Mansion House - 159.0 Little Hunting Park
Lincolnia Park,Week2,Rolling Forest,Week2,281.0 Rolling Forest - 112.0 Lincolnia Park
Lincolnia Park,Week3,Fox Mill Woods,Week2,308.0 Fox Mill Woods - 85.0 Lincolnia Park
Lincolnia Park,Week3,Rolling Forest,Week2,256.0 Rolling Forest - 137.0 Lincolnia Park
Lincolnia Park,Week4,Kings Ridge ,Week2,243.0 Kings Ridge - 154.0 Lincolnia Park
Lincolnia Park,Week4,Rolling Forest,Week4,306.0 Rolling Forest - 96.0 Lincolnia Park
Lincolnia Park,Week5,Rolling Forest,Week2,262.0 Rolling Forest - 131.0 Lincolnia Park
Lincolnia Park,Week4,Kings Ridge ,Week5,261.0 Kings Ridge - 140.0 Lincolnia Park
Lincolnia Park,Week3,Rolling Forest,Week5,282.0 Rolling Forest - 111.0 Lincolnia Park
Little Hunting Park,Week1,Mansion House,Week1,268.0 Mansion House - 133.0 Little Hunting Park
Little Hunting Park,Week3,Commonwealth,Week2,219.0 Commonwealth - 183.0 Little Hunting Park
Little Hunting Park,Week3,Mantua,Week3,327.0 Mantua - 75.0 Little Hunting Park
Lincolnia Park,Week3,Rolling Forest,Week4,272.0 Rolling Forest - 121.0 Lincolnia Park
Lincolnia Park,Week2,Great Falls,Week4,292.5 Great Falls - 90.5 Lincolnia Park
Lincolnia Park,Week5,Kings Ridge ,Week5,230.0 Kings Ridge - 162.0 Lincolnia Park
Lincolnia Park,Week4,Fox Mill Woods,Week2,332.0 Fox Mill Woods - 70.0 Lincolnia Park
Lincolnia Park,Week5,Rolling Forest,Week1,289.0 Rolling Forest - 104.0 Lincolnia Park
Little Hunting Park,Week5,Mansion House,Week3,253.0 Mansion House - 149.0 Little Hunting Park
Lincolnia Park,Week5,Kings Ridge ,Week3,213.0 Kings Ridge - 179.0 Lincolnia Park
Little Hunting Park,Week1,Mantua,Week3,324.0 Mantua - 77.0 Little Hunting Park
Lincolnia Park,Week2,Rolling Forest,Week1,303.0 Rolling Forest - 90.0 Lincolnia Park
Lincolnia Park,Week5,Rolling Forest,Week3,276.0 Rolling Forest - 117.0 Lincolnia Park
Lincolnia Park,Week5,Rolling Forest,Week5,286.0 Rolling Forest - 107.0 Lincolnia Park
Lincolnia Park,Week5,Fox Mill Woods,Week5,332.0 Fox Mill Woods - 61.0 Lincolnia Park
Lincolnia Park,Week4,Kings Ridge ,Week4,258.0 Kings Ridge - 144.0 Lincolnia Park
Lincolnia Park,Week1,Great Falls,Week5,292.0 Great Falls - 96.0 Lincolnia Park
Lincolnia Park,Week5,Fox Mill Woods,Week2,325.0 Fox Mill Woods - 68.0 Lincolnia Park
Little Hunting Park,Week3,Commonwealth,Week4,203.0 Little Hunting Park - 199.0 Commonwealth
Little Hunting Park,Week5,Commonwealth,Week1,230.0 Little Hunting Park - 168.0 Commonwealth
Little Hunting Park,Week3,Commonwealth,Week5,211.0 Commonwealth - 191.0 Little Hunting Park
Little Hunting Park,Week2,Mansion House,Week5,268.0 Mansion House - 134.0 Little Hunting Park
Lincolnia Park,Week1,Great Falls,Week3,310.0 Great Falls - 86.0 Lincolnia Park
Lincolnia Park,Week5,Kings Ridge ,Week1,202.0 Kings Ridge - 190.0 Lincolnia Park
Little Hunting Park,Week1,Cottontail,Week2,238.0 Cottontail - 164.0 Little Hunting Park
Little Hunting Park,Week2,Cottontail,Week2,237.0 Cottontail - 165.0 Little Hunting Park
Lincolnia Park,Week1,Great Falls,Week2,296.0 Great Falls - 86.0 Lincolnia Park
Lincolnia Park,Week2,Kings Ridge ,Week2,240.0 Kings Ridge - 152.0 Lincolnia Park
Lincolnia Park,Week3,Rolling Forest,Week3,285.0 Rolling Forest - 108.0 Lincolnia Park
Lincolnia Park,Week2,Great Falls,Week2,272.0 Great Falls - 102.0 Lincolnia Park
Little Hunting Park,Week2,Mantua,Week5,315.0 Mantua - 87.0 Little Hunting Park
Little Hunting Park,Week2,Mansion House,Week4,232.0 Mansion House - 170.0 Little Hunting Park
Little Hunting Park,Week4,Commonwealth,Week1,210.0 Little Hunting Park - 191.0 Commonwealth
Lincolnia Park,Week1,Fox Mill Woods,Week5,344.0 Fox Mill Woods - 58.0 Lincolnia Park
Lincolnia Park,Week3,Kings Ridge ,Week3,217.0 Kings Ridge - 175.0 Lincolnia Park
Lincolnia Park,Week1,Lake Braddock,Week2,239.0 Lake Braddock - 158.0 Lincolnia Park
Little Hunting Park,Week1,Mantua,Week1,283.0 Mantua - 118.0 Little Hunting Park
Lincolnia Park,Week2,Kings Ridge ,Week5,257.0 Kings Ridge - 136.0 Lincolnia Park
Lincolnia Park,Week5,Rolling Forest,Week4,286.0 Rolling Forest - 107.0 Lincolnia Park
Little Hunting Park,Week2,Cottontail,Week4,236.0 Cottontail - 166.0 Little Hunting Park
Little Hunting Park,Week3,Cottontail,Week3,244.0 Cottontail - 158.0 Little Hunting Park
Little Hunting Park,Week4,Mansion House,Week1,278.0 Mansion House - 124.0 Little Hunting Park
Little Hunting Park,Week4,Commonwealth,Week5,221.0 Commonwealth - 181.0 Little Hunting Park
Little Hunting Park,Week3,Mansion House,Week5,279.0 Mansion House - 123.0 Little Hunting Park
Lincolnia Park,Week3,Great Falls,Week2,258.0 Great Falls - 116.0 Lincolnia Park
Lincolnia Park,Week1,Rolling Forest,Week5,316.0 Rolling Forest - 86.0 Lincolnia Park
Lincolnia Park,Week3,Great Falls,Week4,265.0 Great Falls - 114.0 Lincolnia Park
Little Hunting Park,Week3,Mansion House,Week2,258.0 Mansion House - 144.0 Little Hunting Park
Lincolnia Park,Week4,Great Falls,Week3,303.5 Great Falls - 93.5 Lincolnia Park
Lincolnia Park,Week3,Great Falls,Week3,278.0 Great Falls - 109.0 Lincolnia Park
Little Hunting Park,Week5,Commonwealth,Week4,214.0 Little Hunting Park - 184.0 Commonwealth
Lincolnia Park,Week1,Lake Braddock,Week3,239.0 Lake Braddock - 159.0 Lincolnia Park
Little Hunting Park,Week1,Cottontail,Week1,244.0 Cottontail - 158.0 Little Hunting Park
Little Hunting Park,Week5,Commonwealth,Week3,218.5 Little Hunting Park - 179.5 Commonwealth
Little Hunting Park,Week3,Mansion House,Week3,269.0 Mansion House - 133.0 Little Hunting Park
Lincolnia Park,Week3,Kings Ridge ,Week1,208.0 Kings Ridge - 184.0 Lincolnia Park
Little Hunting Park,Week2,Mansion House,Week3,278.0 Mansion House - 124.0 Little Hunting Park
Lincolnia Park,Week1,Rolling Hills,Week1,291.0 Rolling Hills - 109.0 Lincolnia Park
Lincolnia Park,Week2,Lake Braddock,Week3,243.0 Lake Braddock - 150.0 Lincolnia Park
Lincolnia Park,Week4,Rolling Forest,Week2,291.0 Rolling Forest - 111.0 Lincolnia Park
Lincolnia Park,Week1,Rolling Hills,Week2,288.0 Rolling Hills - 113.0 Lincolnia Park
Lincolnia Park,Week4,Great Falls,Week1,266.0 Great Falls - 127.0 Lincolnia Park
Lincolnia Park,Week1,Lake Braddock,Week4,246.0 Lake Braddock - 152.0 Lincolnia Park
Little Hunting Park,Week1,Cottontail,Week3,242.0 Cottontail - 160.0 Little Hunting Park
Lincolnia Park,Week3,Lakevale Estates,Week5,336.0 Lakevale Estates - 57.0 Lincolnia Park
Lincolnia Park,Week1,Lakevale Estates,Week2,353.0 Lakevale Estates - 49.0 Lincolnia Park
Little Hunting Park,Week1,Cottontail,Week4,235.0 Cottontail - 166.0 Little Hunting Park
Lincolnia Park,Week5,Lake Braddock,Week2,211.0 Lake Braddock - 181.0 Lincolnia Park
Lee Graham,Week5,Waynewood,Week1,258.5 Lee Graham - 143.5 Waynewood
Lincolnia Park,Week4,Great Falls,Week4,282.0 Great Falls - 107.0 Lincolnia Park
Lincolnia Park,Week4,Rolling Forest,Week3,311.0 Rolling Forest - 90.0 Lincolnia Park
Lincolnia Park,Week3,Great Falls,Week5,281.0 Great Falls - 105.0 Lincolnia Park
Lincolnia Park,Week4,Great Falls,Week5,298.0 Great Falls - 94.0 Lincolnia Park
Little Hunting Park,Week4,Mansion House,Week2,265.0 Mansion House - 136.0 Little Hunting Park
Little Hunting Park,Week2,Cottontail,Week1,235.0 Cottontail - 167.0 Little Hunting Park
Little Hunting Park,Week3,Mansion House,Week1,270.0 Mansion House - 132.0 Little Hunting Park
Little Hunting Park,Week2,Cottontail,Week3,226.0 Cottontail - 176.0 Little Hunting Park
Lincolnia Park,Week3,Lake Braddock,Week5,214.5 Lake Braddock - 177.5 Lincolnia Park
Little Hunting Park,Week1,Mansion House,Week3,271.0 Mansion House - 130.0 Little Hunting Park
Lincolnia Park,Week2,Rolling Forest,Week3,298.0 Rolling Forest - 95.0 Lincolnia Park
Little Hunting Park,Week1,Mansion House,Week5,278.0 Mansion House - 124.0 Little Hunting Park
Little Hunting Park,Week5,Long Branch,Week4,206.0 Long Branch - 196.0 Little Hunting Park
Lincolnia Park,Week3,Lake Braddock,Week1,200.0 Lincolnia Park - 189.0 Lake Braddock
Little Hunting Park,Week4,Commonwealth,Week2,229.0 Commonwealth - 173.0 Little Hunting Park
Little Hunting Park,Week3,Mansion House,Week4,251.0 Mansion House - 151.0 Little Hunting Park
Little Hunting Park,Week5,Commonwealth,Week5,203.0 Commonwealth - 198.0 Little Hunting Park
Little Hunting Park,Week4,Commonwealth,Week4,201.0 Little Hunting Park - 200.0 Commonwealth
Lincolnia Park,Week1,Lakevale Estates,Week5,358.0 Lakevale Estates - 44.0 Lincolnia Park
Lincolnia Park,Week2,Lakevale Estates,Week3,335.0 Lakevale Estates - 53.0 Lincolnia Park
Little Hunting Park,Week1,Cottontail,Week5,249.0 Cottontail - 152.0 Little Hunting Park
Lincolnia Park,Week4,Great Falls,Week2,280.0 Great Falls - 103.0 Lincolnia Park
Lincolnia Park,Week3,Lakevale Estates,Week3,321.0 Lakevale Estates - 67.0 Lincolnia Park
Little Hunting Park,Week5,Long Branch,Week5,207.0 Long Branch - 195.0 Little Hunting Park
Little Hunting Park,Week2,Cottontail,Week5,236.0 Cottontail - 166.0 Little Hunting Park
Lincolnia Park,Week5,Lake Braddock,Week4,205.0 Lake Braddock - 188.0 Lincolnia Park
Little Hunting Park,Week4,Mansion House,Week3,283.0 Mansion House - 119.0 Little Hunting Park
Little Hunting Park,Week4,Mansion House,Week5,269.0 Mansion House - 133.0 Little Hunting Park
Lincolnia Park,Week5,Lake Braddock,Week3,217.0 Lake Braddock - 176.0 Lincolnia Park
Little Hunting Park,Week2,Mantua,Week1,276.5 Mantua - 124.5 Little Hunting Park
Little Hunting Park,Week4,Commonwealth,Week3,221.0 Commonwealth - 180.0 Little Hunting Park
Lincolnia Park,Week5,Brandywine,Week5,295.0 Brandywine - 98.0 Lincolnia Park
Little Hunting Park,Week2,Country Club Hills,Week2,231.0 Country Club Hills - 171.0 Little Hunting Park
Lincolnia Park,Week4,Lake Braddock,Week4,243.0 Lake Braddock - 155.0 Lincolnia Park
Lincolnia Park,Week1,Brandywine,Week5,321.0 Brandywine - 81.0 Lincolnia Park
Little Hunting Park,Week1,Mantua,Week5,322.0 Mantua - 79.0 Little Hunting Park
Lincolnia Park,Week1,Lakevale Estates,Week1,347.0 Lakevale Estates - 55.0 Lincolnia Park
Lincolnia Park,Week1,Lakevale Estates,Week4,348.0 Lakevale Estates - 54.0 Lincolnia Park
Little Hunting Park,Week5,Mansion House,Week2,231.0 Mansion House - 171.0 Little Hunting Park
Little Hunting Park,Week1,Mantua,Week2,289.0 Mantua - 112.0 Little Hunting Park
Little Hunting Park,Week3,Cottontail,Week4,229.0 Cottontail - 173.0 Little Hunting Park
Little Hunting Park,Week3,Mantua,Week1,294.5 Mantua - 107.5 Little Hunting Park
Lincolnia Park,Week3,Lake Braddock,Week3,204.0 Lake Braddock - 189.0 Lincolnia Park
Little Hunting Park,Week3,Cottontail,Week1,237.0 Cottontail - 165.0 Little Hunting Park
Little Hunting Park,Week4,Cottontail,Week3,242.0 Cottontail - 160.0 Little Hunting Park
Little Hunting Park,Week5,Country Club Hills,Week1,202.0 Little Hunting Park - 200.0 Country Club Hills
Lincolnia Park,Week3,Lakevale Estates,Week2,327.0 Lakevale Estates - 66.0 Lincolnia Park
Little Hunting Park,Week3,Cottontail,Week5,255.0 Cottontail - 147.0 Little Hunting Park
Lincolnia Park,Week5,Lake Braddock,Week5,216.0 Lake Braddock - 176.0 Lincolnia Park
Lincolnia Park,Week2,Lakevale Estates,Week2,347.0 Lakevale Estates - 46.0 Lincolnia Park
Little Hunting Park,Week5,Commonwealth,Week2,209.0 Commonwealth - 192.0 Little Hunting Park
Lincolnia Park,Week4,Lake Braddock,Week2,245.0 Lake Braddock - 152.0 Lincolnia Park
Little Hunting Park,Week2,Mantua,Week2,287.0 Mantua - 115.0 Little Hunting Park
Lincolnia Park,Week4,Lakevale Estates,Week1,346.0 Lakevale Estates - 51.0 Lincolnia Park
Lincolnia Park,Week3,Brandywine,Week4,279.0 Brandywine - 114.0 Lincolnia Park
Little Hunting Park,Week3,Cottontail,Week2,238.0 Cottontail - 164.0 Little Hunting Park
Lincolnia Park,Week2,Lake Braddock,Week5,247.0 Lake Braddock - 145.0 Lincolnia Park
Little Hunting Park,Week2,Country Club Hills,Week4,237.0 Country Club Hills - 165.0 Little Hunting Park
Lincolnia Park,Week5,Brandywine,Week3,269.0 Brandywine - 124.0 Lincolnia Park
Lincolnia Park,Week5,Arlington Forest,Week5,313.0 Arlington Forest - 80.0 Lincolnia Park
Little Hunting Park,Week4,Country Club Hills,Week4,236.0 Country Club Hills - 166.0 Little Hunting Park
Little Hunting Park,Week2,Mantua,Week3,317.5 Mantua - 84.5 Little Hunting Park
Little Hunting Park,Week4,Country Club Hills,Week1,229.0 Country Club Hills - 173.0 Little Hunting Park
Little Hunting Park,Week3,Mantua,Week2,281.5 Mantua - 120.5 Little Hunting Park
Lincolnia Park,Week2,Brandywine,Week4,300.0 Brandywine - 93.0 Lincolnia Park
Lincolnia Park,Week3,Lakevale Estates,Week4,331.5 Lakevale Estates - 61.5 Lincolnia Park
Lincolnia Park,Week4,Lake Braddock,Week1,226.0 Lake Braddock - 173.0 Lincolnia Park
Little Hunting Park,Week4,Mantua,Week1,291.0 Mantua - 110.0 Little Hunting Park
Little Hunting Park,Week4,Mantua,Week4,292.0 Mantua - 110.0 Little Hunting Park
Little Hunting Park,Week2,Mantua,Week4,298.0 Mantua - 104.0 Little Hunting Park
Little Hunting Park,Week5,Cottontail,Week4,215.0 Cottontail - 187.0 Little Hunting Park
Little Hunting Park,Week4,Mantua,Week3,325.0 Mantua - 77.0 Little Hunting Park
Little Hunting Park,Week2,McLean,Week2,307.5 McLean - 94.5 Little Hunting Park
Lincolnia Park,Week3,Lake Braddock,Week4,215.0 Lake Braddock - 178.0 Lincolnia Park
Lincolnia Park,Week5,Brandywine,Week2,252.0 Brandywine - 141.0 Lincolnia Park
Little Hunting Park,Week3,McLean,Week1,300.0 McLean - 102.0 Little Hunting Park
Little Hunting Park,Week5,Mantua,Week3,291.0 Mantua - 111.0 Little Hunting Park
Little Hunting Park,Week1,Country Club Hills,Week3,234.0 Country Club Hills - 167.0 Little Hunting Park
Little Hunting Park,Week2,McLean,Week1,297.0 McLean - 105.0 Little Hunting Park
Lincolnia Park,Week2,Brandywine,Week1,278.0 Brandywine - 114.0 Lincolnia Park
Lincolnia Park,Week4,Lake Braddock,Week3,248.0 Lake Braddock - 150.0 Lincolnia Park
Little Hunting Park,Week5,Cottontail,Week3,207.0 Cottontail - 195.0 Little Hunting Park
Lincolnia Park,Week5,Brandywine,Week4,275.0 Brandywine - 118.0 Lincolnia Park
Little Hunting Park,Week4,Cottontail,Week5,258.0 Cottontail - 144.0 Little Hunting Park
Lincolnia Park,Week5,Lake Braddock,Week1,208.0 Lincolnia Park - 181.0 Lake Braddock
Little Hunting Park,Week5,Mantua,Week4,263.0 Mantua - 139.0 Little Hunting Park
Little Hunting Park,Week1,McLean,Week2,307.0 McLean - 94.0 Little Hunting Park
Lincolnia Park,Week3,Lake Braddock,Week2,197.0 Lake Braddock - 195.0 Lincolnia Park
Little Hunting Park,Week5,Cottontail,Week1,206.0 Cottontail - 196.0 Little Hunting Park
Lincolnia Park,Week4,Brandywine,Week3,288.0 Brandywine - 109.0 Lincolnia Park
Little Hunting Park,Week2,Country Club Hills,Week5,257.0 Country Club Hills - 145.0 Little Hunting Park
Little Hunting Park,Week4,Cottontail,Week4,242.0 Cottontail - 160.0 Little Hunting Park
Lincolnia Park,Week4,Lake Braddock,Week5,260.0 Lake Braddock - 137.0 Lincolnia Park
Lincolnia Park,Week2,Brandywine,Week2,272.0 Brandywine - 117.0 Lincolnia Park
Lincolnia Park,Week1,Brandywine,Week3,294.0 Brandywine - 108.0 Lincolnia Park
Little Hunting Park,Week1,Country Club Hills,Week1,236.0 Country Club Hills - 166.0 Little Hunting Park
Little Hunting Park,Week2,Country Club Hills,Week3,241.0 Country Club Hills - 161.0 Little Hunting Park
Lincolnia Park,Week1,Brandywine,Week2,270.0 Brandywine - 132.0 Lincolnia Park
Lincolnia Park,Week2,Brandywine,Week3,284.0 Brandywine - 105.0 Lincolnia Park
Lincolnia Park,Week3,Brandywine,Week1,258.0 Brandywine - 135.0 Lincolnia Park
Lincolnia Park,Week2,Lakevale Estates,Week4,351.0 Lakevale Estates - 42.0 Lincolnia Park
Little Hunting Park,Week1,Country Club Hills,Week5,250.0 Country Club Hills - 151.0 Little Hunting Park
Little Hunting Park,Week5,Mantua,Week1,269.5 Mantua - 128.5 Little Hunting Park
Little Hunting Park,Week5,Mantua,Week2,259.0 Mantua - 142.0 Little Hunting Park
Little Hunting Park,Week2,McLean,Week3,297.0 McLean - 104.0 Little Hunting Park
Lincolnia Park,Week3,Brandywine,Week2,252.0 Brandywine - 141.0 Lincolnia Park
Little Hunting Park,Week4,Mantua,Week5,317.0 Mantua - 85.0 Little Hunting Park
Little Hunting Park,Week3,Country Club Hills,Week4,227.0 Country Club Hills - 175.0 Little Hunting Park
Lincolnia Park,Week4,Lakevale Estates,Week2,350.0 Lakevale Estates - 52.0 Lincolnia Park
Lincolnia Park,Week1,Brandywine,Week1,289.0 Brandywine - 113.0 Lincolnia Park
Little Hunting Park,Week3,Country Club Hills,Week2,230.0 Country Club Hills - 172.0 Little Hunting Park
Little Hunting Park,Week3,Mantua,Week4,308.0 Mantua - 94.0 Little Hunting Park
Lincolnia Park,Week4,Lakevale Estates,Week3,341.0 Lakevale Estates - 51.0 Lincolnia Park
Lincolnia Park,Week4,Lakevale Estates,Week5,358.0 Lakevale Estates - 44.0 Lincolnia Park
Lincolnia Park,Week2,Lakevale Estates,Week5,348.0 Lakevale Estates - 45.0 Lincolnia Park
Little Hunting Park,Week4,Cottontail,Week1,240.0 Cottontail - 162.0 Little Hunting Park
Little Hunting Park,Week2,McLean,Week4,302.0 McLean - 100.0 Little Hunting Park
Lincolnia Park,Week3,Brandywine,Week3,265.0 Brandywine - 128.0 Lincolnia Park
Lincolnia Park,Week1,Lakevale Estates,Week3,339.0 Lakevale Estates - 58.0 Lincolnia Park
Little Hunting Park,Week1,McLean,Week1,294.0 McLean - 108.0 Little Hunting Park
Lincolnia Park,Week3,Brandywine,Week5,286.0 Brandywine - 107.0 Lincolnia Park
Little Hunting Park,Week3,Country Club Hills,Week5,257.0 Country Club Hills - 145.0 Little Hunting Park
Lincolnia Park,Week4,Brandywine,Week4,303.0 Brandywine - 99.0 Lincolnia Park
Little Hunting Park,Week5,Cottontail,Week2,214.0 Cottontail - 188.0 Little Hunting Park
Lincolnia Park,Week3,Lakevale Estates,Week1,314.0 Lakevale Estates - 79.0 Lincolnia Park
Lincolnia Park,Week2,Lakevale Estates,Week1,342.0 Lakevale Estates - 51.0 Lincolnia Park
Lincolnia Park,Week4,Lakevale Estates,Week4,358.0 Lakevale Estates - 44.0 Lincolnia Park
Little Hunting Park,Week1,McLean,Week4,302.0 McLean - 100.0 Little Hunting Park
Little Hunting Park,Week1,Country Club Hills,Week4,228.0 Country Club Hills - 174.0 Little Hunting Park
Little Hunting Park,Week4,Country Club Hills,Week3,232.0 Country Club Hills - 170.0 Little Hunting Park
Lee Graham,Week4,Woodley,Week3,336.0 Lee Graham - 66.0 Woodley
Lincolnia Park,Week4,Lakeview,Week1,219.0 Lakeview - 181.0 Lincolnia Park
Little Hunting Park,Week4,Cottontail,Week2,241.0 Cottontail - 161.0 Little Hunting Park
Lee Graham,Week3,Woodley,Week2,339.0 Lee Graham - 63.0 Woodley
Lincolnia Park,Week4,Brandywine,Week1,289.0 Brandywine - 113.0 Lincolnia Park
Lincolnia Park,Week4,Brandywine,Week2,272.0 Brandywine - 130.0 Lincolnia Park
Lee Graham,Week3,Woodley,Week5,327.0 Lee Graham - 75.0 Woodley
Little Hunting Park,Week4,Mantua,Week2,286.0 Mantua - 116.0 Little Hunting Park
Lincolnia Park,Week3,Lakeview,Week5,224.0 Lakeview - 156.0 Lincolnia Park
Lee Graham,Week1,Woodley,Week4,338.0 Lee Graham - 59.0 Woodley
Lincolnia Park,Week1,Lakeview,Week2,243.0 Lakeview - 154.0 Lincolnia Park
Lee Graham,Week2,Woodley,Week2,349.0 Lee Graham - 53.0 Woodley
Little Hunting Park,Week1,McLean,Week5,303.0 McLean - 99.0 Little Hunting Park
Little Hunting Park,Week2,McLean,Week5,309.0 McLean - 93.0 Little Hunting Park
Little Hunting Park,Week5,Mantua,Week5,303.0 Mantua - 99.0 Little Hunting Park
Little Hunting Park,Week2,Country Club Hills,Week1,237.0 Country Club Hills - 165.0 Little Hunting Park
Little Hunting Park,Week2,Mosby Woods,Week4,311.0 Mosby Woods - 91.0 Little Hunting Park
Little Hunting Park,Week1,Country Club Hills,Week2,226.0 Country Club Hills - 176.0 Little Hunting Park
Little Hunting Park,Week4,Country Club Hills,Week2,237.0 Country Club Hills - 165.0 Little Hunting Park
Little Hunting Park,Week3,Country Club Hills,Week1,221.0 Country Club Hills - 181.0 Little Hunting Park
Lincolnia Park,Week1,Annandale,Week3,246.0 Annandale - 150.0 Lincolnia Park
Lee Graham,Week1,Woodley,Week5,324.0 Lee Graham - 78.0 Woodley
Little Hunting Park,Week5,McLean,Week1,289.0 McLean - 113.0 Little Hunting Park
Lincolnia Park,Week1,Lakeview,Week3,246.0 Lakeview - 155.0 Lincolnia Park
Lincolnia Park,Week2,Lakeview,Week3,244.5 Lakeview - 147.5 Lincolnia Park
Lincolnia Park,Week5,Brandywine,Week1,259.0 Brandywine - 134.0 Lincolnia Park
Little Hunting Park,Week3,Mantua,Week5,321.0 Mantua - 81.0 Little Hunting Park
Lee Graham,Week4,Woodley,Week4,330.0 Lee Graham - 72.0 Woodley
Lincolnia Park,Week2,Lakeview,Week4,271.0 Lakeview - 122.0 Lincolnia Park
Lincolnia Park,Week1,Brandywine,Week4,313.0 Brandywine - 89.0 Lincolnia Park
Little Hunting Park,Week1,McLean,Week3,304.0 McLean - 98.0 Little Hunting Park
Lee Graham,Week3,Woodley,Week1,334.0 Lee Graham - 68.0 Woodley
Little Hunting Park,Week3,Country Club Hills,Week3,230.0 Country Club Hills - 172.0 Little Hunting Park
Lincolnia Park,Week2,Annandale,Week4,241.0 Annandale - 152.0 Lincolnia Park
Lee Graham,Week4,Woodley,Week1,330.0 Lee Graham - 72.0 Woodley
Lincolnia Park,Week3,Lakeview,Week4,238.0 Lakeview - 155.0 Lincolnia Park
Little Hunting Park,Week3,McLean,Week2,304.0 McLean - 98.0 Little Hunting Park
Lincolnia Park,Week1,Lakeview,Week1,200.0 Lakeview - 200.0 Lincolnia Park
Lincolnia Park,Week1,Lakeview,Week5,237.0 Lakeview - 150.0 Lincolnia Park
Little Hunting Park,Week5,Cottontail,Week5,225.0 Cottontail - 177.0 Little Hunting Park
Lincolnia Park,Week4,Brandywine,Week5,314.0 Brandywine - 88.0 Lincolnia Park
Lincolnia Park,Week2,Brandywine,Week5,305.0 Brandywine - 87.0 Lincolnia Park
Lincolnia Park,Week5,Lakevale Estates,Week3,326.0 Lakevale Estates - 67.0 Lincolnia Park
Little Hunting Park,Week1,Mosby Woods,Week3,306.0 Mosby Woods - 95.0 Little Hunting Park
Little Hunting Park,Week5,McLean,Week2,294.0 McLean - 107.0 Little Hunting Park
Little Hunting Park,Week3,Crosspointe,Week1,307.0 Crosspointe - 95.0 Little Hunting Park
Little Hunting Park,Week5,Crosspointe,Week5,305.0 Crosspointe - 97.0 Little Hunting Park
Lincolnia Park,Week1,Annandale,Week1,228.0 Annandale - 170.0 Lincolnia Park
Lincolnia Park,Week2,Lakeview,Week1,225.0 Lakeview - 163.0 Lincolnia Park
Lee Graham,Week5,Woodley,Week5,338.0 Lee Graham - 64.0 Woodley
Little Hunting Park,Week4,Country Club Hills,Week5,257.0 Country Club Hills - 145.0 Little Hunting Park
Lincolnia Park,Week4,Lakeview,Week2,220.0 Lakeview - 181.0 Lincolnia Park
Lincolnia Park,Week3,Annandale,Week1,198.0 Annandale - 195.0 Lincolnia Park
Lee Graham,Week5,Woodley,Week4,343.0 Lee Graham - 59.0 Woodley
Little Hunting Park,Week1,Mosby Woods,Week4,306.0 Mosby Woods - 96.0 Little Hunting Park
Little Hunting Park,Week4,McLean,Week5,313.0 McLean - 89.0 Little Hunting Park
Little Hunting Park,Week3,Crosspointe,Week5,322.0 Crosspointe - 80.0 Little Hunting Park
Lincolnia Park,Week5,Lakevale Estates,Week5,328.0 Lakevale Estates - 65.0 Lincolnia Park
Lee Graham,Week5,Woodley,Week1,345.0 Lee Graham - 57.0 Woodley
Little Hunting Park,Week1,Mosby Woods,Week2,311.0 Mosby Woods - 91.0 Little Hunting Park
Little Hunting Park,Week4,Crosspointe,Week2,302.0 Crosspointe - 100.0 Little Hunting Park
Lee Graham,Week4,Woodley,Week2,333.0 Lee Graham - 69.0 Woodley
Lee Graham,Week5,Woodley,Week2,354.0 Lee Graham - 48.0 Woodley
Lee Graham,Week4,Woodley,Week5,326.0 Lee Graham - 76.0 Woodley
Little Hunting Park,Week4,McLean,Week1,298.0 McLean - 104.0 Little Hunting Park
Little Hunting Park,Week2,Crosspointe,Week1,317.0 Crosspointe - 85.0 Little Hunting Park
Lee Graham,Week5,Waynewood,Week2,243.0 Lee Graham - 159.0 Waynewood
Little Hunting Park,Week3,McLean,Week4,308.0 McLean - 94.0 Little Hunting Park
Lincolnia Park,Week1,Annandale,Week4,240.0 Annandale - 160.0 Lincolnia Park
Lincolnia Park,Week4,Annandale,Week1,224.0 Annandale - 164.0 Lincolnia Park
Lee Graham,Week2,Woodley,Week5,338.0 Lee Graham - 64.0 Woodley
Lincolnia Park,Week3,Lakeview,Week2,200.0 Lakeview - 189.0 Lincolnia Park
Little Hunting Park,Week1,Crosspointe,Week4,317.0 Crosspointe - 85.0 Little Hunting Park
Little Hunting Park,Week5,McLean,Week4,286.0 McLean - 116.0 Little Hunting Park
Little Hunting Park,Week3,Mosby Woods,Week3,303.0 Mosby Woods - 99.0 Little Hunting Park
Little Hunting Park,Week2,Mosby Woods,Week3,319.0 Mosby Woods - 83.0 Little Hunting Park
Lincolnia Park,Week4,Annandale,Week3,253.0 Annandale - 138.0 Lincolnia Park
Lincolnia Park,Week2,Lakeview,Week2,238.0 Lakeview - 154.0 Lincolnia Park
Little Hunting Park,Week2,Crosspointe,Week5,330.0 Crosspointe - 72.0 Little Hunting Park
Lincolnia Park,Week2,Annandale,Week3,261.0 Annandale - 127.0 Lincolnia Park
Lee Graham,Week1,Woodley,Week1,330.0 Lee Graham - 72.0 Woodley
Lee Graham,Week5,Waynewood,Week4,236.5 Lee Graham - 165.5 Waynewood
Lincolnia Park,Week5,Lakevale Estates,Week1,316.5 Lakevale Estates - 76.5 Lincolnia Park
Little Hunting Park,Week4,Crosspointe,Week3,306.0 Crosspointe - 96.0 Little Hunting Park
Lincolnia Park,Week3,Annandale,Week5,220.0 Annandale - 173.0 Lincolnia Park
Lincolnia Park,Week2,Annandale,Week1,224.0 Annandale - 169.0 Lincolnia Park
Lee Graham,Week2,Woodley,Week3,352.0 Lee Graham - 50.0 Woodley
Little Hunting Park,Week3,Crosspointe,Week3,304.0 Crosspointe - 98.0 Little Hunting Park
Lee Graham,Week5,Waynewood,Week3,225.0 Lee Graham - 177.0 Waynewood
Lincolnia Park,Week2,Lakeview,Week5,235.0 Lakeview - 147.0 Lincolnia Park
Little Hunting Park,Week3,Mosby Woods,Week2,314.0 Mosby Woods - 88.0 Little Hunting Park
Lee Graham,Week5,Waynewood,Week5,216.0 Lee Graham - 186.0 Waynewood
Little Hunting Park,Week5,Country Club Hills,Week2,221.0 Little Hunting Park - 181.0 Country Club Hills
Lincolnia Park,Week4,Annandale,Week2,251.0 Annandale - 151.0 Lincolnia Park
Lincolnia Park,Week3,Lakeview,Week1,202.0 Lincolnia Park - 190.0 Lakeview
Lincolnia Park,Week5,Lakevale Estates,Week4,334.0 Lakevale Estates - 59.0 Lincolnia Park
Lincolnia Park,Week4,Lakeview,Week3,228.0 Lakeview - 174.0 Lincolnia Park
Little Hunting Park,Week5,Mosby Woods,Week5,288.0 Mosby Woods - 114.0 Little Hunting Park
Lincolnia Park,Week5,Lakevale Estates,Week2,327.0 Lakevale Estates - 66.0 Lincolnia Park
Lincolnia Park,Week4,Annandale,Week4,240.0 Annandale - 161.0 Lincolnia Park
Little Hunting Park,Week1,Mount Vernon Park,Week5,318.0 Mount Vernon Park - 80.0 Little Hunting Park
Little Hunting Park,Week4,Crosspointe,Week4,314.0 Crosspointe - 88.0 Little Hunting Park
Lee Graham,Week2,Woodley,Week1,339.0 Lee Graham - 63.0 Woodley
Little Hunting Park,Week3,Crosspointe,Week4,302.0 Crosspointe - 100.0 Little Hunting Park
Little Hunting Park,Week3,Crosspointe,Week2,294.5 Crosspointe - 107.5 Little Hunting Park
Lincolnia Park,Week3,Annandale,Week2,216.0 Annandale - 177.0 Lincolnia Park
Little Hunting Park,Week4,McLean,Week2,311.0 McLean - 91.0 Little Hunting Park
Little Hunting Park,Week1,Mosby Woods,Week1,317.0 Mosby Woods - 85.0 Little Hunting Park
Little Hunting Park,Week5,Crosspointe,Week1,291.0 Crosspointe - 111.0 Little Hunting Park
Little Hunting Park,Week5,Country Club Hills,Week3,207.0 Little Hunting Park - 195.0 Country Club Hills
Little Hunting Park,Week5,McLean,Week3,290.0 McLean - 108.0 Little Hunting Park
Lee Graham,Week1,Woodley,Week2,335.0 Lee Graham - 67.0 Woodley
Lee Graham,Week3,Woodley,Week3,342.0 Lee Graham - 60.0 Woodley
Lincolnia Park,Week2,Annandale,Week2,239.0 Annandale - 153.0 Lincolnia Park
Lee Graham,Week2,Woodley,Week4,348.0 Lee Graham - 54.0 Woodley
Little Hunting Park,Week3,Mosby Woods,Week5,313.0 Mosby Woods - 89.0 Little Hunting Park
Little Hunting Park,Week1,Crosspointe,Week1,309.0 Crosspointe - 93.0 Little Hunting Park
Little Hunting Park,Week5,McLean,Week5,300.0 McLean - 101.0 Little Hunting Park
Lincolnia Park,Week1,Annandale,Week5,259.5 Annandale - 142.5 Lincolnia Park
Lincolnia Park,Week3,Annandale,Week4,197.0 Lincolnia Park - 195.0 Annandale
Little Hunting Park,Week2,Mosby Woods,Week2,318.0 Mosby Woods - 84.0 Little Hunting Park
Little Hunting Park,Week3,McLean,Week3,304.0 McLean - 98.0 Little Hunting Park
Little Hunting Park,Week1,Crosspointe,Week5,330.0 Crosspointe - 71.0 Little Hunting Park
Lincolnia Park,Week5,Annandale,Week1,208.5 Annandale - 184.5 Lincolnia Park
Lincolnia Park,Week1,Lakeview,Week4,258.0 Lakeview - 143.0 Lincolnia Park
Little Hunting Park,Week2,Crosspointe,Week3,314.0 Crosspointe - 88.0 Little Hunting Park
Lincolnia Park,Week4,Annandale,Week5,250.5 Annandale - 151.5 Lincolnia Park
Little Hunting Park,Week4,Crosspointe,Week1,309.0 Crosspointe - 93.0 Little Hunting Park
Little Hunting Park,Week4,McLean,Week4,308.0 McLean - 94.0 Little Hunting Park
Little Hunting Park,Week2,Crosspointe,Week4,312.0 Crosspointe - 90.0 Little Hunting Park
Little Hunting Park,Week2,Crosspointe,Week2,300.0 Crosspointe - 102.0 Little Hunting Park
Lincolnia Park,Week3,Annandale,Week3,222.0 Annandale - 166.0 Lincolnia Park
Lincolnia Park,Week3,Lakeview,Week3,225.0 Lakeview - 168.0 Lincolnia Park
Lincolnia Park,Week1,Annandale,Week2,242.0 Annandale - 160.0 Lincolnia Park
Lincolnia Park,Week2,Annandale,Week5,264.0 Annandale - 128.0 Lincolnia Park
Lincolnia Park,Week5,Annandale,Week2,230.0 Annandale - 163.0 Lincolnia Park
Lee Graham,Week3,Woodley,Week4,338.0 Lee Graham - 64.0 Woodley
Lincolnia Park,Week5,Annandale,Week3,226.0 Annandale - 167.0 Lincolnia Park
Little Hunting Park,Week3,McLean,Week5,315.0 McLean - 87.0 Little Hunting Park
Lee Graham,Week1,Woodley,Week3,336.0 Lee Graham - 66.0 Woodley
Little Hunting Park,Week4,Crosspointe,Week5,323.0 Crosspointe - 79.0 Little Hunting Park
Little Hunting Park,Week1,Mosby Woods,Week5,313.0 Mosby Woods - 89.0 Little Hunting Park
Little Hunting Park,Week4,Mosby Woods,Week1,323.0 Mosby Woods - 79.0 Little Hunting Park
Lincolnia Park,Week4,Hollin Hills,Week2,205.0 Hollin Hills - 184.0 Lincolnia Park
Lincolnia Park,Week1,Arlington Forest,Week2,308.0 Arlington Forest - 89.0 Lincolnia Park
Little Hunting Park,Week4,Mosby Woods,Week3,312.5 Mosby Woods - 89.5 Little Hunting Park
Little Hunting Park,Week4,McLean,Week3,316.0 McLean - 85.0 Little Hunting Park
Lincolnia Park,Week2,Arlington Forest,Week1,344.0 Arlington Forest - 49.0 Lincolnia Park
Lee Graham,Week5,Woodley,Week3,348.0 Lee Graham - 54.0 Woodley
Little Hunting Park,Week2,Mosby Woods,Week1,329.0 Mosby Woods - 73.0 Little Hunting Park
Little Hunting Park,Week5,Country Club Hills,Week5,220.0 Country Club Hills - 182.0 Little Hunting Park
Little Hunting Park,Week5,Crosspointe,Week3,290.0 Crosspointe - 112.0 Little Hunting Park
Lincolnia Park,Week3,Hollin Hills,Week5,196.0 Hollin Hills - 183.0 Lincolnia Park
Little Hunting Park,Week3,Mosby Woods,Week4,303.0 Mosby Woods - 99.0 Little Hunting Park
Little Hunting Park,Week1,Crosspointe,Week2,307.0 Crosspointe - 95.0 Little Hunting Park
Little Hunting Park,Week4,Mosby Woods,Week4,307.0 Mosby Woods - 95.0 Little Hunting Park
Lincolnia Park,Week1,Hollin Meadows,Week3,323.0 Hollin Meadows - 79.0 Lincolnia Park
Little Hunting Park,Week5,Country Club Hills,Week4,205.0 Little Hunting Park - 197.0 Country Club Hills
Lincolnia Park,Week3,Arlington Forest,Week2,288.0 Arlington Forest - 100.0 Lincolnia Park
Little Hunting Park,Week1,Crosspointe,Week3,310.0 Crosspointe - 92.0 Little Hunting Park
Lincolnia Park,Week3,Hollin Meadows,Week1,285.0 Hollin Meadows - 108.0 Lincolnia Park
Lincolnia Park,Week2,Arlington Forest,Week4,344.0 Arlington Forest - 49.0 Lincolnia Park
Lincolnia Park,Week1,Hollin Meadows,Week2,304.0 Hollin Meadows - 98.0 Lincolnia Park
Little Hunting Park,Week5,Crosspointe,Week2,289.0 Crosspointe - 113.0 Little Hunting Park
Lincolnia Park,Week5,Hollin Hills,Week3,196.0 Lincolnia Park - 192.0 Hollin Hills
Lincolnia Park,Week1,Arlington Forest,Week1,337.0 Arlington Forest - 65.0 Lincolnia Park
Lincolnia Park,Week1,Hollin Meadows,Week1,313.0 Hollin Meadows - 89.0 Lincolnia Park
Little Hunting Park,Week5,Mosby Woods,Week4,272.0 Mosby Woods - 130.0 Little Hunting Park
Little Hunting Park,Week4,Mosby Woods,Week5,312.0 Mosby Woods - 90.0 Little Hunting Park
Lincolnia Park,Week1,Arlington Forest,Week5,334.0 Arlington Forest - 63.0 Lincolnia Park
Lincolnia Park,Week5,Hollin Hills,Week5,201.0 Lincolnia Park - 182.0 Hollin Hills
Lincolnia Park,Week1,Hollin Meadows,Week4,309.0 Hollin Meadows - 93.0 Lincolnia Park
Little Hunting Park,Week1,Daventry,Week1,252.0 Little Hunting Park - 149.0 Daventry
Little Hunting Park,Week5,Crosspointe,Week4,287.0 Crosspointe - 114.0 Little Hunting Park
Lincolnia Park,Week5,Hollin Hills,Week4,198.0 Lincolnia Park - 188.0 Hollin Hills
Lincolnia Park,Week3,Hollin Hills,Week1,205.0 Lincolnia Park - 182.0 Hollin Hills
Little Hunting Park,Week2,Daventry,Week5,219.0 Little Hunting Park - 181.0 Daventry
Lincolnia Park,Week2,Arlington Forest,Week3,324.0 Arlington Forest - 68.0 Lincolnia Park
Little Hunting Park,Week1,Dominion Hills,Week4,281.0 Dominion Hills - 121.0 Little Hunting Park
Lincolnia Park,Week1,Arlington Forest,Week3,311.0 Arlington Forest - 91.0 Lincolnia Park
Lincolnia Park,Week3,Arlington Forest,Week1,308.0 Arlington Forest - 85.0 Lincolnia Park
Lincolnia Park,Week1,Hollin Meadows,Week5,327.0 Hollin Meadows - 74.0 Lincolnia Park
Little Hunting Park,Week5,Mosby Woods,Week2,295.0 Mosby Woods - 106.0 Little Hunting Park
Little Hunting Park,Week5,Mosby Woods,Week1,292.0 Mosby Woods - 109.0 Little Hunting Park
Lincolnia Park,Week5,Annandale,Week5,228.5 Annandale - 164.5 Lincolnia Park
Little Hunting Park,Week1,Daventry,Week4,248.0 Little Hunting Park - 150.0 Daventry
Lincolnia Park,Week3,Arlington Forest,Week4,322.0 Arlington Forest - 71.0 Lincolnia Park
Little Hunting Park,Week1,Daventry,Week2,249.0 Little Hunting Park - 144.0 Daventry
Lincolnia Park,Week4,Hollin Hills,Week5,197.0 Hollin Hills - 190.0 Lincolnia Park
Little Hunting Park,Week2,Mosby Woods,Week5,319.0 Mosby Woods - 83.0 Little Hunting Park
Little Hunting Park,Week4,Daventry,Week2,253.0 Little Hunting Park - 144.0 Daventry
Little Hunting Park,Week2,Daventry,Week1,251.0 Little Hunting Park - 150.0 Daventry
Little Hunting Park,Week5,Mosby Woods,Week3,282.0 Mosby Woods - 119.0 Little Hunting Park
Little Hunting Park,Week4,Mosby Woods,Week2,312.0 Mosby Woods - 90.0 Little Hunting Park
Lincolnia Park,Week4,Hollin Hills,Week3,222.0 Hollin Hills - 174.0 Lincolnia Park
Little Hunting Park,Week1,Mount Vernon Park,Week1,325.0 Mount Vernon Park - 76.0 Little Hunting Park
Little Hunting Park,Week3,Mosby Woods,Week1,309.0 Mosby Woods - 93.0 Little Hunting Park
Lincolnia Park,Week3,Arlington Forest,Week5,297.0 Arlington Forest - 91.0 Lincolnia Park
Lincolnia Park,Week5,Arlington Forest,Week3,288.0 Arlington Forest - 104.0 Lincolnia Park
Little Hunting Park,Week1,Mount Vernon Park,Week4,331.0 Mount Vernon Park - 71.0 Little Hunting Park
Little Hunting Park,Week1,Mount Vernon Park,Week2,330.0 Mount Vernon Park - 72.0 Little Hunting Park
Little Hunting Park,Week1,Daventry,Week3,266.0 Little Hunting Park - 132.0 Daventry
Little Hunting Park,Week2,Daventry,Week4,248.0 Little Hunting Park - 152.0 Daventry
Little Hunting Park,Week2,Dominion Hills,Week4,264.0 Dominion Hills - 137.0 Little Hunting Park
Lincolnia Park,Week3,Commonwealth,Week2,273.0 Commonwealth - 119.0 Lincolnia Park
Lincolnia Park,Week2,Hollin Meadows,Week4,315.0 Hollin Meadows - 78.0 Lincolnia Park
Lincolnia Park,Week5,Hollin Hills,Week1,197.0 Lincolnia Park - 191.0 Hollin Hills
Lincolnia Park,Week4,Arlington Forest,Week4,342.0 Arlington Forest - 60.0 Lincolnia Park
Lincolnia Park,Week4,Arlington Forest,Week2,307.0 Arlington Forest - 90.0 Lincolnia Park
Lincolnia Park,Week5,Hollin Hills,Week2,193.0 Hollin Hills - 191.0 Lincolnia Park
Little Hunting Park,Week2,Dominion Hills,Week5,272.0 Dominion Hills - 130.0 Little Hunting Park
Little Hunting Park,Week3,Mount Vernon Park,Week3,325.0 Mount Vernon Park - 76.0 Little Hunting Park
Little Hunting Park,Week3,Mount Vernon Park,Week4,321.0 Mount Vernon Park - 81.0 Little Hunting Park
Little Hunting Park,Week5,Daventry,Week5,247.0 Little Hunting Park - 151.0 Daventry
Little Hunting Park,Week2,Mount Vernon Park,Week3,324.0 Mount Vernon Park - 78.0 Little Hunting Park
Lincolnia Park,Week3,Hollin Hills,Week3,198.0 Lincolnia Park - 190.0 Hollin Hills
Little Hunting Park,Week3,Daventry,Week5,226.0 Little Hunting Park - 176.0 Daventry
Lincolnia Park,Week1,Arlington Forest,Week4,345.0 Arlington Forest - 57.0 Lincolnia Park
Little Hunting Park,Week2,Dominion Hills,Week2,256.0 Dominion Hills - 146.0 Little Hunting Park
Lincolnia Park,Week4,Arlington Forest,Week1,334.0 Arlington Forest - 63.0 Lincolnia Park
Little Hunting Park,Week2,Mount Vernon Park,Week1,311.0 Mount Vernon Park - 91.0 Little Hunting Park
Lincolnia Park,Week1,Cottontail,Week4,304.0 Cottontail - 98.0 Lincolnia Park
Lincolnia Park,Week5,Hollin Meadows,Week3,292.0 Hollin Meadows - 101.0 Lincolnia Park
Lincolnia Park,Week2,Hollin Meadows,Week1,313.0 Hollin Meadows - 80.0 Lincolnia Park
Little Hunting Park,Week3,Mount Vernon Park,Week5,320.0 Mount Vernon Park - 82.0 Little Hunting Park
Lincolnia Park,Week5,Annandale,Week4,221.0 Annandale - 171.0 Lincolnia Park
Lincolnia Park,Week5,Arlington Forest,Week2,275.0 Arlington Forest - 118.0 Lincolnia Park
Little Hunting Park,Week4,Mount Vernon Park,Week2,311.5 Mount Vernon Park - 90.5 Little Hunting Park
Little Hunting Park,Week1,Daventry,Week5,212.0 Little Hunting Park - 186.0 Daventry
Lincolnia Park,Week2,Arlington Forest,Week2,324.0 Arlington Forest - 63.0 Lincolnia Park
Little Hunting Park,Week3,Daventry,Week4,279.0 Little Hunting Park - 123.0 Daventry
Little Hunting Park,Week2,Dominion Hills,Week1,246.0 Dominion Hills - 156.0 Little Hunting Park
Little Hunting Park,Week1,Mount Vernon Park,Week3,327.0 Mount Vernon Park - 75.0 Little Hunting Park
Lincolnia Park,Week5,Arlington Forest,Week1,315.0 Arlington Forest - 78.0 Lincolnia Park
Lincolnia Park,Week4,Hollin Hills,Week4,213.0 Hollin Hills - 176.0 Lincolnia Park
Lincolnia Park,Week4,Arlington Forest,Week3,312.0 Arlington Forest - 89.0 Lincolnia Park
Lincolnia Park,Week2,Hollin Meadows,Week2,303.0 Hollin Meadows - 89.0 Lincolnia Park
Lincolnia Park,Week4,Arlington Forest,Week5,322.0 Arlington Forest - 75.0 Lincolnia Park
Little Hunting Park,Week4,Daventry,Week3,263.0 Little Hunting Park - 137.0 Daventry
Lincolnia Park,Week4,Hollin Hills,Week1,198.0 Lincolnia Park - 197.0 Hollin Hills
Lincolnia Park,Week3,Hollin Hills,Week2,199.0 Lincolnia Park - 185.0 Hollin Hills
Little Hunting Park,Week4,Mount Vernon Park,Week5,320.0 Mount Vernon Park - 81.0 Little Hunting Park
Little Hunting Park,Week3,Daventry,Week1,264.0 Little Hunting Park - 138.0 Daventry
Little Hunting Park,Week5,Mount Vernon Park,Week3,304.0 Mount Vernon Park - 98.0 Little Hunting Park
Little Hunting Park,Week3,Daventry,Week3,264.0 Little Hunting Park - 136.0 Daventry
Little Hunting Park,Week5,Mount Vernon Park,Week4,298.0 Mount Vernon Park - 104.0 Little Hunting Park
Little Hunting Park,Week2,Daventry,Week2,255.0 Little Hunting Park - 142.0 Daventry
Little Hunting Park,Week4,Mount Vernon Park,Week4,316.0 Mount Vernon Park - 86.0 Little Hunting Park
Lincolnia Park,Week3,Hollin Hills,Week4,194.0 Hollin Hills - 194.0 Lincolnia Park
Little Hunting Park,Week2,Mount Vernon Park,Week5,321.0 Mount Vernon Park - 80.0 Little Hunting Park
Lincolnia Park,Week2,Arlington Forest,Week5,325.0 Arlington Forest - 63.0 Lincolnia Park
Lincolnia Park,Week5,Arlington Forest,Week4,317.0 Arlington Forest - 76.0 Lincolnia Park
Lincolnia Park,Week2,Hollin Meadows,Week3,313.0 Hollin Meadows - 80.0 Lincolnia Park
Lincolnia Park,Week2,Hollin Meadows,Week5,331.0 Hollin Meadows - 61.0 Lincolnia Park
Little Hunting Park,Week5,Mount Vernon Park,Week1,292.0 Mount Vernon Park - 109.0 Little Hunting Park
Lincolnia Park,Week3,Cottontail,Week5,276.0 Cottontail - 117.0 Lincolnia Park
Lincolnia Park,Week4,Cottontail,Week3,288.0 Cottontail - 114.0 Lincolnia Park
Little Hunting Park,Week4,Daventry,Week5,229.0 Little Hunting Park - 171.0 Daventry
Lincolnia Park,Week1,Cottontail,Week3,293.0 Cottontail - 109.0 Lincolnia Park
Lincolnia Park,Week3,Arlington Forest,Week3,283.0 Arlington Forest - 109.0 Lincolnia Park
Lincolnia Park,Week3,Commonwealth,Week4,245.0 Commonwealth - 143.0 Lincolnia Park
Lincolnia Park,Week4,Commonwealth,Week4,270.0 Commonwealth - 128.0 Lincolnia Park
Lincolnia Park,Week3,Hollin Meadows,Week2,267.0 Hollin Meadows - 126.0 Lincolnia Park
Lincolnia Park,Week3,Hollin Meadows,Week3,285.5 Hollin Meadows - 107.5 Lincolnia Park
Little Hunting Park,Week5,Mount Vernon Park,Week5,302.0 Mount Vernon Park - 100.0 Little Hunting Park
Lincolnia Park,Week4,Commonwealth,Week2,303.0 Commonwealth - 97.0 Lincolnia Park
Little Hunting Park,Week3,Mount Vernon Park,Week2,315.0 Mount Vernon Park - 87.0 Little Hunting Park
Little Hunting Park,Week2,Mount Vernon Park,Week2,323.0 Mount Vernon Park - 79.0 Little Hunting Park
Little Hunting Park,Week4,Highland Park,Week1,292.0 Highland Park - 110.0 Little Hunting Park
Lincolnia Park,Week3,Hollin Meadows,Week5,297.0 Hollin Meadows - 96.0 Lincolnia Park
Little Hunting Park,Week1,Dominion Hills,Week2,260.0 Dominion Hills - 142.0 Little Hunting Park
Little Hunting Park,Week1,Highland Park,Week3,251.0 Highland Park - 150.0 Little Hunting Park
Lincolnia Park,Week5,Commonwealth,Week4,246.0 Commonwealth - 141.0 Lincolnia Park
Lincolnia Park,Week4,Commonwealth,Week3,275.0 Commonwealth - 120.0 Lincolnia Park
Lincolnia Park,Week5,Commonwealth,Week2,279.0 Commonwealth - 113.0 Lincolnia Park
Little Hunting Park,Week4,Daventry,Week1,256.0 Little Hunting Park - 145.0 Daventry
Little Hunting Park,Week4,Highland Park,Week4,284.0 Highland Park - 118.0 Little Hunting Park
Lincolnia Park,Week5,Commonwealth,Week3,265.0 Commonwealth - 122.0 Lincolnia Park
Little Hunting Park,Week4,Daventry,Week4,269.0 Little Hunting Park - 131.0 Daventry
Lincolnia Park,Week4,Hollin Meadows,Week3,308.0 Hollin Meadows - 94.0 Lincolnia Park
Lincolnia Park,Week5,Hollin Meadows,Week1,286.0 Hollin Meadows - 107.0 Lincolnia Park
Little Hunting Park,Week1,Dominion Hills,Week3,274.0 Dominion Hills - 128.0 Little Hunting Park
Little Hunting Park,Week5,Highland Park,Week1,257.0 Highland Park - 145.0 Little Hunting Park
Little Hunting Park,Week5,Highland Park,Week3,214.0 Highland Park - 188.0 Little Hunting Park
Lincolnia Park,Week4,Hollin Meadows,Week1,305.0 Hollin Meadows - 97.0 Lincolnia Park
Lincolnia Park,Week4,Hollin Meadows,Week5,319.0 Hollin Meadows - 82.0 Lincolnia Park
Lincolnia Park,Week1,Cottontail,Week1,309.0 Cottontail - 93.0 Lincolnia Park
Little Hunting Park,Week5,Daventry,Week4,281.0 Little Hunting Park - 117.0 Daventry
Little Hunting Park,Week1,Dominion Hills,Week1,254.0 Dominion Hills - 147.0 Little Hunting Park
Little Hunting Park,Week4,Mount Vernon Park,Week1,311.0 Mount Vernon Park - 91.0 Little Hunting Park
Lincolnia Park,Week3,Hollin Meadows,Week4,279.0 Hollin Meadows - 114.0 Lincolnia Park
Lincolnia Park,Week4,Hollin Meadows,Week2,281.0 Hollin Meadows - 121.0 Lincolnia Park
Little Hunting Park,Week4,Mount Vernon Park,Week3,313.0 Mount Vernon Park - 89.0 Little Hunting Park
Little Hunting Park,Week1,Highland Park,Week4,268.0 Highland Park - 134.0 Little Hunting Park
Little Hunting Park,Week1,Highland Park,Week5,280.0 Highland Park - 121.0 Little Hunting Park
Little Hunting Park,Week3,Mount Vernon Park,Week1,320.0 Mount Vernon Park - 82.0 Little Hunting Park
Little Hunting Park,Week2,Daventry,Week3,261.0 Little Hunting Park - 139.0 Daventry
Lincolnia Park,Week5,Commonwealth,Week1,236.0 Commonwealth - 152.0 Lincolnia Park
Little Hunting Park,Week5,Daventry,Week3,277.0 Little Hunting Park - 120.0 Daventry
Little Hunting Park,Week1,Dominion Hills,Week5,275.0 Dominion Hills - 126.0 Little Hunting Park
Lincolnia Park,Week5,Hollin Meadows,Week2,263.0 Hollin Meadows - 130.0 Lincolnia Park
Lincolnia Park,Week3,Commonwealth,Week5,275.0 Commonwealth - 114.0 Lincolnia Park
Little Hunting Park,Week2,Pleasant Valley,Week2,273.0 Little Hunting Park - 123.0 Pleasant Valley
Little Hunting Park,Week5,Highland Park,Week2,234.0 Highland Park - 168.0 Little Hunting Park
Little Hunting Park,Week5,Mount Vernon Park,Week2,292.0 Mount Vernon Park - 110.0 Little Hunting Park
Lincolnia Park,Week4,Hollin Meadows,Week4,312.0 Hollin Meadows - 90.0 Lincolnia Park
Little Hunting Park,Week5,Daventry,Week2,269.0 Little Hunting Park - 128.0 Daventry
Little Hunting Park,Week2,Dominion Hills,Week3,264.0 Dominion Hills - 138.0 Little Hunting Park
Little Hunting Park,Week1,Highlands Swim,Week5,344.0 Highlands Swim - 58.0 Little Hunting Park
Little Hunting Park,Week4,Pinewood Lake,Week2,342.0 Little Hunting Park - 57.0 Pinewood Lake
Lincolnia Park,Week1,Holmes Run Acres,Week2,297.0 Holmes Run Acres - 105.0 Lincolnia Park
Little Hunting Park,Week1,Pleasant Valley,Week3,226.0 Little Hunting Park - 175.0 Pleasant Valley
Little Hunting Park,Week5,Pleasant Valley,Week1,269.0 Little Hunting Park - 128.0 Pleasant Valley
Lincolnia Park,Week5,Hollin Meadows,Week5,299.0 Hollin Meadows - 94.0 Lincolnia Park
Little Hunting Park,Week5,Highland Park,Week4,241.0 Highland Park - 161.0 Little Hunting Park
Lincolnia Park,Week2,Cottontail,Week3,287.0 Cottontail - 106.0 Lincolnia Park
Little Hunting Park,Week3,Pleasant Valley,Week4,278.0 Little Hunting Park - 122.0 Pleasant Valley
Lincolnia Park,Week4,Commonwealth,Week1,259.0 Commonwealth - 131.0 Lincolnia Park
Little Hunting Park,Week2,Mount Vernon Park,Week4,322.0 Mount Vernon Park - 80.0 Little Hunting Park
Little Hunting Park,Week5,Dominion Hills,Week4,239.0 Dominion Hills - 163.0 Little Hunting Park
Little Hunting Park,Week1,Newington Forest,Week1,220.0 Little Hunting Park - 173.0 Newington Forest
Little Hunting Park,Week5,Pinewood Lake,Week4,337.0 Little Hunting Park - 56.0 Pinewood Lake
Little Hunting Park,Week3,Daventry,Week2,254.5 Little Hunting Park - 146.5 Daventry
Little Hunting Park,Week1,North Springfield,Week1,250.0 Little Hunting Park - 99.0 North Springfield
Little Hunting Park,Week1,Pleasant Valley,Week1,245.0 Little Hunting Park - 148.0 Pleasant Valley
Lincolnia Park,Week1,Holmes Run Acres,Week4,307.0 Holmes Run Acres - 94.0 Lincolnia Park
Lincolnia Park,Week1,Holmes Run Acres,Week1,301.0 Holmes Run Acres - 100.0 Lincolnia Park
Little Hunting Park,Week2,Highlands Swim,Week3,331.0 Highlands Swim - 71.0 Little Hunting Park
Little Hunting Park,Week2,Highland Park,Week2,274.0 Highland Park - 128.0 Little Hunting Park
Little Hunting Park,Week5,Daventry,Week1,265.5 Little Hunting Park - 132.5 Daventry
Little Hunting Park,Week1,Newington Forest,Week5,213.0 Newington Forest - 188.0 Little Hunting Park
Lincolnia Park,Week3,Commonwealth,Week1,231.0 Commonwealth - 153.0 Lincolnia Park
Little Hunting Park,Week5,High Point Pool,Week4,290.0 High Point Pool - 112.0 Little Hunting Park
Little Hunting Park,Week3,Pleasant Valley,Week2,276.0 Little Hunting Park - 125.0 Pleasant Valley
Little Hunting Park,Week1,North Springfield,Week4,268.0 Little Hunting Park - 123.0 North Springfield
Lincolnia Park,Week1,Cottontail,Week2,295.0 Cottontail - 107.0 Lincolnia Park
Lincolnia Park,Week1,Cottontail,Week5,312.0 Cottontail - 90.0 Lincolnia Park
Lincolnia Park,Week2,Cottontail,Week2,295.0 Cottontail - 98.0 Lincolnia Park
Little Hunting Park,Week5,High Point Pool,Week3,278.0 High Point Pool - 123.0 Little Hunting Park
Little Hunting Park,Week1,North Springfield,Week5,231.0 Little Hunting Park - 142.0 North Springfield
Lincolnia Park,Week5,Holmes Run Acres,Week3,310.0 Holmes Run Acres - 83.0 Lincolnia Park
Little Hunting Park,Week5,Newington Forest,Week2,250.0 Little Hunting Park - 150.0 Newington Forest
Little Hunting Park,Week3,Highland Park,Week1,291.0 Highland Park - 111.0 Little Hunting Park
Little Hunting Park,Week4,Newington Forest,Week5,202.0 Little Hunting Park - 200.0 Newington Forest
Little Hunting Park,Week1,Pleasant Valley,Week2,266.0 Little Hunting Park - 127.0 Pleasant Valley
Lincolnia Park,Week4,Commonwealth,Week5,291.0 Commonwealth - 109.0 Lincolnia Park
Little Hunting Park,Week3,Donaldson Run,Week5,344.0 Donaldson Run - 58.0 Little Hunting Park
Little Hunting Park,Week1,Newington Forest,Week3,209.0 Little Hunting Park - 192.0 Newington Forest
Little Hunting Park,Week3,Donaldson Run,Week1,317.0 Donaldson Run - 85.0 Little Hunting Park
Little Hunting Park,Week2,Pleasant Valley,Week1,247.5 Little Hunting Park - 149.5 Pleasant Valley
Little Hunting Park,Week3,Newington Forest,Week3,217.0 Little Hunting Park - 185.0 Newington Forest
Lincolnia Park,Week3,Holmes Run Acres,Week2,271.0 Holmes Run Acres - 122.0 Lincolnia Park
Lincolnia Park,Week2,Cottontail,Week4,299.0 Cottontail - 94.0 Lincolnia Park
Lincolnia Park,Week2,Cottontail,Week5,303.0 Cottontail - 90.0 Lincolnia Park
Lincolnia Park,Week2,Holmes Run Acres,Week1,291.0 Holmes Run Acres - 98.0 Lincolnia Park
Little Hunting Park,Week4,Pinewood Lake,Week4,338.0 Little Hunting Park - 61.0 Pinewood Lake
Little Hunting Park,Week1,Highlands Swim,Week1,352.0 Highlands Swim - 50.0 Little Hunting Park
Lincolnia Park,Week3,Holmes Run Acres,Week3,306.0 Holmes Run Acres - 87.0 Lincolnia Park
Lincolnia Park,Week3,Holmes Run Acres,Week4,285.0 Holmes Run Acres - 108.0 Lincolnia Park
Lincolnia Park,Week2,Cottontail,Week1,305.0 Cottontail - 88.0 Lincolnia Park
Little Hunting Park,Week5,Dominion Hills,Week1,226.0 Dominion Hills - 176.0 Little Hunting Park
Little Hunting Park,Week3,Highland Park,Week5,273.5 Highland Park - 128.5 Little Hunting Park
Little Hunting Park,Week4,Dominion Hills,Week1,244.0 Dominion Hills - 158.0 Little Hunting Park
Little Hunting Park,Week3,Highland Park,Week4,280.0 Highland Park - 122.0 Little Hunting Park
Little Hunting Park,Week1,Poplar Heights,Week4,288.0 Poplar Heights - 113.0 Little Hunting Park
Little Hunting Park,Week3,Dominion Hills,Week1,250.0 Dominion Hills - 152.0 Little Hunting Park
Little Hunting Park,Week5,Pinewood Lake,Week5,329.0 Little Hunting Park - 66.0 Pinewood Lake
Little Hunting Park,Week3,Pleasant Valley,Week5,252.0 Little Hunting Park - 149.0 Pleasant Valley
Lincolnia Park,Week2,Holmes Run Acres,Week3,328.0 Holmes Run Acres - 61.0 Lincolnia Park
Little Hunting Park,Week1,Poplar Heights,Week2,291.0 Poplar Heights - 110.0 Little Hunting Park
Lincolnia Park,Week1,Holmes Run Acres,Week3,331.0 Holmes Run Acres - 71.0 Lincolnia Park
Lincolnia Park,Week3,Commonwealth,Week3,264.0 Commonwealth - 124.0 Lincolnia Park
Little Hunting Park,Week5,Dominion Hills,Week3,217.0 Dominion Hills - 185.0 Little Hunting Park
Lincolnia Park,Week4,Holmes Run Acres,Week4,308.0 Holmes Run Acres - 93.0 Lincolnia Park
Lincolnia Park,Week4,Holmes Run Acres,Week5,331.0 Holmes Run Acres - 71.0 Lincolnia Park
Little Hunting Park,Week5,Pinewood Lake,Week1,336.0 Little Hunting Park - 54.0 Pinewood Lake
Lincolnia Park,Week5,Commonwealth,Week5,285.0 Commonwealth - 104.0 Lincolnia Park
Little Hunting Park,Week4,Donaldson Run,Week1,314.0 Donaldson Run - 88.0 Little Hunting Park
Lincolnia Park,Week4,Holmes Run Acres,Week1,301.0 Holmes Run Acres - 101.0 Lincolnia Park
Little Hunting Park,Week5,Newington Forest,Week4,218.0 Little Hunting Park - 183.0 Newington Forest
Little Hunting Park,Week2,Newington Forest,Week1,228.0 Little Hunting Park - 168.0 Newington Forest
Little Hunting Park,Week3,Highland Park,Week2,275.0 Highland Park - 127.0 Little Hunting Park
Little Hunting Park,Week4,Dominion Hills,Week5,274.0 Dominion Hills - 128.0 Little Hunting Park
Little Hunting Park,Week2,Donaldson Run,Week3,321.0 Donaldson Run - 81.0 Little Hunting Park
Lincolnia Park,Week3,Cottontail,Week1,274.0 Cottontail - 119.0 Lincolnia Park
Little Hunting Park,Week4,Dominion Hills,Week3,250.0 Dominion Hills - 152.0 Little Hunting Park
Little Hunting Park,Week3,North Springfield,Week2,248.0 Little Hunting Park - 139.0 North Springfield
Little Hunting Park,Week4,Pinewood Lake,Week5,335.0 Little Hunting Park - 64.0 Pinewood Lake
Little Hunting Park,Week2,Highland Park,Week3,262.0 Highland Park - 140.0 Little Hunting Park
Little Hunting Park,Week1,Highland Park,Week2,272.0 Highland Park - 130.0 Little Hunting Park
Little Hunting Park,Week2,Highland Park,Week4,274.0 Highland Park - 128.0 Little Hunting Park
Little Hunting Park,Week2,Highland Park,Week1,279.0 Highland Park - 123.0 Little Hunting Park
Lincolnia Park,Week3,Cottontail,Week2,271.0 Cottontail - 122.0 Lincolnia Park
Little Hunting Park,Week3,Newington Forest,Week2,227.0 Little Hunting Park - 170.0 Newington Forest
Lincolnia Park,Week3,Cottontail,Week3,258.0 Cottontail - 135.0 Lincolnia Park
Little Hunting Park,Week1,Newington Forest,Week2,227.5 Little Hunting Park - 165.5 Newington Forest
Little Hunting Park,Week5,High Point Pool,Week5,276.0 High Point Pool - 122.0 Little Hunting Park
Little Hunting Park,Week2,Newington Forest,Week3,215.0 Little Hunting Park - 186.0 Newington Forest
Little Hunting Park,Week3,Donaldson Run,Week4,323.0 Donaldson Run - 79.0 Little Hunting Park
Little Hunting Park,Week1,Newington Forest,Week4,202.0 Newington Forest - 199.0 Little Hunting Park
Little Hunting Park,Week2,Donaldson Run,Week1,315.0 Donaldson Run - 87.0 Little Hunting Park
Little Hunting Park,Week5,Pinewood Lake,Week2,340.0 Little Hunting Park - 52.0 Pinewood Lake
Little Hunting Park,Week2,Newington Forest,Week2,236.0 Little Hunting Park - 161.0 Newington Forest
Lincolnia Park,Week1,Holmes Run Acres,Week5,332.0 Holmes Run Acres - 70.0 Lincolnia Park
Little Hunting Park,Week3,Highland Park,Week3,268.0 Highland Park - 134.0 Little Hunting Park
Lincolnia Park,Week5,Cottontail,Week2,260.0 Cottontail - 133.0 Lincolnia Park
Little Hunting Park,Week4,Highland Park,Week2,269.0 Highland Park - 133.0 Little Hunting Park
Lincolnia Park,Week5,Holmes Run Acres,Week1,271.0 Holmes Run Acres - 120.0 Lincolnia Park
Lincolnia Park,Week5,Holmes Run Acres,Week4,277.0 Holmes Run Acres - 115.0 Lincolnia Park
Lincolnia Park,Week3,Cottontail,Week4,268.0 Cottontail - 125.0 Lincolnia Park
Lincolnia Park,Week4,Cottontail,Week2,295.0 Cottontail - 107.0 Lincolnia Park
Little Hunting Park,Week5,Highland Park,Week5,232.0 Highland Park - 170.0 Little Hunting Park
Little Hunting Park,Week2,Donaldson Run,Week2,328.0 Donaldson Run - 74.0 Little Hunting Park
Little Hunting Park,Week3,Newington Forest,Week5,203.0 Newington Forest - 199.0 Little Hunting Park
Little Hunting Park,Week1,Donaldson Run,Week3,314.0 Donaldson Run - 88.0 Little Hunting Park
Lincolnia Park,Week3,Holmes Run Acres,Week1,275.0 Holmes Run Acres - 117.0 Lincolnia Park
Little Hunting Park,Week4,Pinewood Lake,Week1,338.0 Little Hunting Park - 60.0 Pinewood Lake
Little Hunting Park,Week2,Pleasant Valley,Week3,234.0 Little Hunting Park - 166.0 Pleasant Valley
Lincolnia Park,Week4,Cottontail,Week1,313.0 Cottontail - 89.0 Lincolnia Park
Little Hunting Park,Week4,Newington Forest,Week1,233.0 Little Hunting Park - 165.0 Newington Forest
Little Hunting Park,Week4,Highland Park,Week3,259.0 Highland Park - 143.0 Little Hunting Park
Lincolnia Park,Week5,Hollin Meadows,Week4,283.0 Hollin Meadows - 110.0 Lincolnia Park
Lincolnia Park,Week4,Country Club Hills,Week5,306.0 Country Club Hills - 96.0 Lincolnia Park
Little Hunting Park,Week4,Pinewood Lake,Week3,353.0 Little Hunting Park - 45.0 Pinewood Lake
Little Hunting Park,Week2,Highland Park,Week5,280.0 Highland Park - 122.0 Little Hunting Park
Little Hunting Park,Week1,Pleasant Valley,Week4,254.0 Little Hunting Park - 138.0 Pleasant Valley
Lincolnia Park,Week2,Country Club Hills,Week1,282.0 Country Club Hills - 110.0 Lincolnia Park
Little Hunting Park,Week4,Highland Park,Week5,274.0 Highland Park - 128.0 Little Hunting Park
Little Hunting Park,Week3,Donaldson Run,Week2,333.0 Donaldson Run - 69.0 Little Hunting Park
Lincolnia Park,Week1,Country Club Hills,Week4,301.0 Country Club Hills - 101.0 Lincolnia Park
Little Hunting Park,Week2,Donaldson Run,Week4,313.0 Donaldson Run - 89.0 Little Hunting Park
Little Hunting Park,Week4,Newington Forest,Week2,233.0 Little Hunting Park - 165.0 Newington Forest
Lincolnia Park,Week4,Country Club Hills,Week1,287.0 Country Club Hills - 110.0 Lincolnia Park
Little Hunting Park,Week1,Highland Park,Week1,280.0 Highland Park - 121.0 Little Hunting Park
Lincolnia Park,Week4,Holmes Run Acres,Week2,304.0 Holmes Run Acres - 93.0 Lincolnia Park
Little Hunting Park,Week2,Pleasant Valley,Week5,241.0 Little Hunting Park - 156.0 Pleasant Valley
Lincolnia Park,Week2,Holmes Run Acres,Week2,288.5 Holmes Run Acres - 100.5 Lincolnia Park
Lincolnia Park,Week3,Holmes Run Acres,Week5,300.0 Holmes Run Acres - 93.0 Lincolnia Park
Little Hunting Park,Week3,Dominion Hills,Week3,263.0 Dominion Hills - 139.0 Little Hunting Park
Little Hunting Park,Week4,Newington Forest,Week4,212.0 Little Hunting Park - 190.0 Newington Forest
Little Hunting Park,Week3,Newington Forest,Week4,203.0 Newington Forest - 199.0 Little Hunting Park
Little Hunting Park,Week3,Pleasant Valley,Week1,255.0 Little Hunting Park - 146.0 Pleasant Valley
Lincolnia Park,Week2,Holmes Run Acres,Week5,329.0 Holmes Run Acres - 63.0 Lincolnia Park
Little Hunting Park,Week4,Newington Forest,Week3,228.0 Little Hunting Park - 174.0 Newington Forest
Little Hunting Park,Week2,Highlands Swim,Week1,344.0 Highlands Swim - 58.0 Little Hunting Park
Little Hunting Park,Week1,Donaldson Run,Week4,322.0 Donaldson Run - 80.0 Little Hunting Park
Lincolnia Park,Week2,Holmes Run Acres,Week4,306.0 Holmes Run Acres - 83.0 Lincolnia Park
Little Hunting Park,Week1,Pleasant Valley,Week5,251.0 Little Hunting Park - 146.0 Pleasant Valley
Lincolnia Park,Week3,Country Club Hills,Week3,272.0 Country Club Hills - 120.0 Lincolnia Park
Little Hunting Park,Week1,Highlands Swim,Week4,332.0 Highlands Swim - 70.0 Little Hunting Park
Lincolnia Park,Week3,Country Club Hills,Week2,264.0 Country Club Hills - 129.0 Lincolnia Park
Little Hunting Park,Week4,Dominion Hills,Week2,249.0 Dominion Hills - 153.0 Little Hunting Park
Lincolnia Park,Week5,Cottontail,Week4,270.0 Cottontail - 123.0 Lincolnia Park
Little Hunting Park,Week5,Newington Forest,Week3,236.0 Little Hunting Park - 165.0 Newington Forest
Little Hunting Park,Week2,Pleasant Valley,Week4,260.0 Little Hunting Park - 134.0 Pleasant Valley
Little Hunting Park,Week1,Highlands Swim,Week2,352.0 Highlands Swim - 50.0 Little Hunting Park
Little Hunting Park,Week4,Dominion Hills,Week4,268.0 Dominion Hills - 134.0 Little Hunting Park
Little Hunting Park,Week3,Pleasant Valley,Week3,247.0 Little Hunting Park - 155.0 Pleasant Valley
Little Hunting Park,Week2,Newington Forest,Week5,206.0 Little Hunting Park - 196.0 Newington Forest
Little Hunting Park,Week5,Newington Forest,Week1,250.0 Little Hunting Park - 150.0 Newington Forest
Little Hunting Park,Week1,Highlands Swim,Week3,345.0 Highlands Swim - 57.0 Little Hunting Park
Little Hunting Park,Week5,Pinewood Lake,Week3,344.0 Little Hunting Park - 45.0 Pinewood Lake
Little Hunting Park,Week3,Dominion Hills,Week5,283.0 Dominion Hills - 119.0 Little Hunting Park
Lincolnia Park,Week4,Holmes Run Acres,Week3,329.0 Holmes Run Acres - 73.0 Lincolnia Park
Little Hunting Park,Week1,North Springfield,Week2,254.0 Little Hunting Park - 133.0 North Springfield
Little Hunting Park,Week2,Highlands Swim,Week5,334.0 Highlands Swim - 68.0 Little Hunting Park
Lincolnia Park,Week5,Holmes Run Acres,Week2,270.0 Holmes Run Acres - 123.0 Lincolnia Park
Little Hunting Park,Week5,Dominion Hills,Week2,238.0 Dominion Hills - 164.0 Little Hunting Park
Little Hunting Park,Week1,North Springfield,Week3,246.0 Little Hunting Park - 149.0 North Springfield
Lincolnia Park,Week3,Country Club Hills,Week4,261.0 Country Club Hills - 132.0 Lincolnia Park
Little Hunting Park,Week3,Dominion Hills,Week4,274.0 Dominion Hills - 128.0 Little Hunting Park
Little Hunting Park,Week5,Newington Forest,Week5,225.0 Little Hunting Park - 177.0 Newington Forest
Little Hunting Park,Week4,Highlands Swim,Week1,343.0 Highlands Swim - 59.0 Little Hunting Park
Little Hunting Park,Week4,Pleasant Valley,Week1,258.0 Little Hunting Park - 139.0 Pleasant Valley
Little Hunting Park,Week3,Newington Forest,Week1,238.0 Little Hunting Park - 161.0 Newington Forest
Little Hunting Park,Week4,Pleasant Valley,Week2,267.0 Little Hunting Park - 130.0 Pleasant Valley
Little Hunting Park,Week3,Highlands Swim,Week2,349.0 Highlands Swim - 53.0 Little Hunting Park
Lincolnia Park,Week4,Hunt Valley,Week4,358.0 Hunt Valley - 44.0 Lincolnia Park
Lincolnia Park,Week2,Country Club Hills,Week4,287.0 Country Club Hills - 106.0 Lincolnia Park
Lincolnia Park,Week4,Country Club Hills,Week3,288.0 Country Club Hills - 113.0 Lincolnia Park
Little Hunting Park,Week2,North Springfield,Week1,243.0 Little Hunting Park - 103.0 North Springfield
Lincolnia Park,Week1,Hunt Valley,Week2,358.0 Hunt Valley - 44.0 Lincolnia Park
Little Hunting Park,Week5,Pleasant Valley,Week2,280.0 Little Hunting Park - 117.0 Pleasant Valley
Little Hunting Park,Week5,Highlands Swim,Week3,323.0 Highlands Swim - 79.0 Little Hunting Park
Little Hunting Park,Week2,Highlands Swim,Week2,345.0 Highlands Swim - 57.0 Little Hunting Park
Little Hunting Park,Week2,Newington Forest,Week4,201.0 Little Hunting Park - 201.0 Newington Forest
Little Hunting Park,Week1,Donaldson Run,Week2,321.0 Donaldson Run - 81.0 Little Hunting Park
Lincolnia Park,Week5,Hunt Valley,Week4,330.0 Hunt Valley - 63.0 Lincolnia Park
Lincolnia Park,Week2,Country Club Hills,Week2,287.0 Country Club Hills - 105.0 Lincolnia Park
Lincolnia Park,Week1,Hunt Valley,Week4,356.0 Hunt Valley - 46.0 Lincolnia Park
Little Hunting Park,Week4,Pleasant Valley,Week5,256.0 Little Hunting Park - 141.0 Pleasant Valley
Little Hunting Park,Week4,Pleasant Valley,Week4,265.5 Little Hunting Park - 128.5 Pleasant Valley
Lincolnia Park,Week4,Country Club Hills,Week2,296.0 Country Club Hills - 106.0 Lincolnia Park
Little Hunting Park,Week5,Dominion Hills,Week5,254.0 Dominion Hills - 148.0 Little Hunting Park
Lincolnia Park,Week3,Country Club Hills,Week5,284.0 Country Club Hills - 109.0 Lincolnia Park
Lincolnia Park,Week1,Hunt Valley,Week5,360.0 Hunt Valley - 42.0 Lincolnia Park
Little Hunting Park,Week3,Dominion Hills,Week2,261.0 Dominion Hills - 141.0 Little Hunting Park
Little Hunting Park,Week4,Pleasant Valley,Week3,239.0 Little Hunting Park - 162.0 Pleasant Valley
Little Hunting Park,Week3,Highlands Swim,Week5,338.0 Highlands Swim - 64.0 Little Hunting Park
Lincolnia Park,Week5,Cottontail,Week1,274.0 Cottontail - 119.0 Lincolnia Park
Lincolnia Park,Week5,Holmes Run Acres,Week5,303.0 Holmes Run Acres - 90.0 Lincolnia Park
Lee Graham,Week4,Waynewood,Week4,230.0 Lee Graham - 172.0 Waynewood
Lincolnia Park,Week2,Hunt Valley,Week2,342.0 Hunt Valley - 51.0 Lincolnia Park
Little Hunting Park,Week5,Pleasant Valley,Week5,269.0 Little Hunting Park - 122.0 Pleasant Valley
Little Hunting Park,Week1,Donaldson Run,Week5,338.0 Donaldson Run - 64.0 Little Hunting Park
Little Hunting Park,Week2,Donaldson Run,Week5,335.0 Donaldson Run - 67.0 Little Hunting Park
Little Hunting Park,Week5,Pleasant Valley,Week3,268.0 Little Hunting Park - 130.0 Pleasant Valley
Lincolnia Park,Week4,Cottontail,Week4,292.0 Cottontail - 105.0 Lincolnia Park
Little Hunting Park,Week2,North Springfield,Week2,251.0 Little Hunting Park - 134.0 North Springfield
Little Hunting Park,Week1,Donaldson Run,Week1,315.0 Donaldson Run - 87.0 Little Hunting Park
Lincolnia Park,Week5,Cottontail,Week5,274.0 Cottontail - 119.0 Lincolnia Park
Little Hunting Park,Week3,Poplar Heights,Week1,282.0 Poplar Heights - 120.0 Little Hunting Park
Little Hunting Park,Week3,North Springfield,Week1,268.0 Little Hunting Park - 83.0 North Springfield
Lincolnia Park,Week1,Hunter Mill,Week5,338.0 Hunter Mill - 64.0 Lincolnia Park
Lincolnia Park,Week3,Hunter Mill,Week1,291.0 Hunter Mill - 97.0 Lincolnia Park
Little Hunting Park,Week2,North Springfield,Week4,267.0 Little Hunting Park - 119.0 North Springfield
Little Hunting Park,Week5,Pleasant Valley,Week4,283.0 Little Hunting Park - 108.0 Pleasant Valley
Lincolnia Park,Week3,Country Club Hills,Week1,259.0 Country Club Hills - 134.0 Lincolnia Park
Little Hunting Park,Week3,Donaldson Run,Week3,327.0 Donaldson Run - 75.0 Little Hunting Park
Little Hunting Park,Week3,Highlands Swim,Week1,346.0 Highlands Swim - 56.0 Little Hunting Park
Little Hunting Park,Week5,Highlands Swim,Week1,320.0 Highlands Swim - 81.0 Little Hunting Park
Lincolnia Park,Week1,Country Club Hills,Week5,312.0 Country Club Hills - 90.0 Lincolnia Park
Little Hunting Park,Week3,Oakton ,Week4,329.0 Oakton - 73.0 Little Hunting Park
Little Hunting Park,Week1,Poplar Heights,Week1,269.0 Poplar Heights - 132.0 Little Hunting Park
Little Hunting Park,Week2,Poplar Heights,Week1,274.0 Poplar Heights - 128.0 Little Hunting Park
Little Hunting Park,Week1,Hollin Hills,Week2,258.0 Little Hunting Park - 143.0 Hollin Hills
Little Hunting Park,Week4,Annandale,Week3,217.5 Little Hunting Park - 184.5 Annandale
Little Hunting Park,Week2,Arlington Forest,Week2,256.0 Arlington Forest - 146.0 Little Hunting Park
Lincolnia Park,Week4,Cottontail,Week5,303.0 Cottontail - 99.0 Lincolnia Park
Little Hunting Park,Week3,Oakton ,Week2,332.0 Oakton - 70.0 Little Hunting Park
Little Hunting Park,Week1,Poplar Heights,Week3,286.0 Poplar Heights - 116.0 Little Hunting Park
Little Hunting Park,Week3,Annandale,Week5,201.0 Little Hunting Park - 200.0 Annandale
Lincolnia Park,Week5,Hunt Valley,Week3,342.0 Hunt Valley - 51.0 Lincolnia Park
Little Hunting Park,Week2,Hollin Hills,Week2,254.0 Little Hunting Park - 144.0 Hollin Hills
Lincolnia Park,Week4,Country Club Hills,Week4,284.0 Country Club Hills - 118.0 Lincolnia Park
Lincolnia Park,Week4,Hunt Valley,Week5,357.0 Hunt Valley - 45.0 Lincolnia Park
Little Hunting Park,Week5,Annandale,Week1,250.0 Little Hunting Park - 151.0 Annandale
Little Hunting Park,Week2,North Springfield,Week3,246.0 Little Hunting Park - 145.0 North Springfield
Little Hunting Park,Week1,Hollin Hills,Week4,254.0 Little Hunting Park - 144.0 Hollin Hills
Little Hunting Park,Week2,North Springfield,Week5,237.0 Little Hunting Park - 135.0 North Springfield
Lincolnia Park,Week5,Hunt Valley,Week1,322.0 Hunt Valley - 71.0 Lincolnia Park
Little Hunting Park,Week1,Hollin Hills,Week3,264.0 Little Hunting Park - 137.0 Hollin Hills
Little Hunting Park,Week2,Annandale,Week3,209.0 Little Hunting Park - 193.0 Annandale
Little Hunting Park,Week2,Hollin Hills,Week5,253.0 Little Hunting Park - 147.0 Hollin Hills
Lincolnia Park,Week5,Cottontail,Week3,259.0 Cottontail - 134.0 Lincolnia Park
Little Hunting Park,Week4,Annandale,Week1,226.0 Little Hunting Park - 176.0 Annandale
Little Hunting Park,Week5,North Springfield,Week1,270.0 Little Hunting Park - 77.0 North Springfield
Little Hunting Park,Week4,Poplar Heights,Week4,297.0 Poplar Heights - 105.0 Little Hunting Park
Lincolnia Park,Week2,Country Club Hills,Week3,283.5 Country Club Hills - 108.5 Lincolnia Park
Lincolnia Park,Week5,Hunt Valley,Week5,344.5 Hunt Valley - 48.5 Lincolnia Park
Lincolnia Park,Week2,Hunter Mill,Week2,325.0 Hunter Mill - 66.0 Lincolnia Park
Little Hunting Park,Week4,Poplar Heights,Week1,269.5 Poplar Heights - 132.5 Little Hunting Park
Little Hunting Park,Week5,Highlands Swim,Week4,329.0 Highlands Swim - 72.0 Little Hunting Park
Little Hunting Park,Week2,Highlands Swim,Week4,324.0 Highlands Swim - 78.0 Little Hunting Park
Little Hunting Park,Week4,Poplar Heights,Week3,284.0 Poplar Heights - 118.0 Little Hunting Park
Lincolnia Park,Week1,Hunter Mill,Week2,317.0 Hunter Mill - 85.0 Lincolnia Park
Little Hunting Park,Week3,Oakton ,Week5,344.0 Oakton - 58.0 Little Hunting Park
Little Hunting Park,Week2,Arlington Forest,Week5,274.0 Arlington Forest - 128.0 Little Hunting Park
Little Hunting Park,Week5,North Springfield,Week2,258.0 Little Hunting Park - 125.0 North Springfield
Little Hunting Park,Week3,Hollin Hills,Week1,262.0 Little Hunting Park - 140.0 Hollin Hills
Little Hunting Park,Week3,Poplar Heights,Week3,285.0 Poplar Heights - 117.0 Little Hunting Park
Lincolnia Park,Week1,Country Club Hills,Week2,302.0 Country Club Hills - 100.0 Lincolnia Park
Lincolnia Park,Week1,Country Club Hills,Week1,304.0 Country Club Hills - 98.0 Lincolnia Park
Lincolnia Park,Week2,Hunt Valley,Week3,348.0 Hunt Valley - 45.0 Lincolnia Park
Little Hunting Park,Week4,Highlands Swim,Week5,344.0 Highlands Swim - 58.0 Little Hunting Park
Lincolnia Park,Week5,Country Club Hills,Week3,250.0 Country Club Hills - 142.0 Lincolnia Park
Little Hunting Park,Week3,Poplar Heights,Week5,295.0 Poplar Heights - 107.0 Little Hunting Park
Little Hunting Park,Week5,Poplar Heights,Week3,257.0 Poplar Heights - 145.0 Little Hunting Park
Lincolnia Park,Week2,Hunt Valley,Week5,355.0 Hunt Valley - 38.0 Lincolnia Park
Little Hunting Park,Week4,Highlands Swim,Week4,337.0 Highlands Swim - 65.0 Little Hunting Park
Little Hunting Park,Week4,Highlands Swim,Week2,348.0 Highlands Swim - 54.0 Little Hunting Park
Little Hunting Park,Week5,Highlands Swim,Week2,329.0 Highlands Swim - 73.0 Little Hunting Park
Little Hunting Park,Week1,Arlington Forest,Week5,275.0 Arlington Forest - 126.0 Little Hunting Park
Lee Graham,Week4,Waynewood,Week5,213.0 Lee Graham - 189.0 Waynewood
Little Hunting Park,Week1,Oakton ,Week2,332.0 Oakton - 70.0 Little Hunting Park
Little Hunting Park,Week5,Poplar Heights,Week2,262.0 Poplar Heights - 139.0 Little Hunting Park
Lincolnia Park,Week3,Hunt Valley,Week3,326.0 Hunt Valley - 67.0 Lincolnia Park
Little Hunting Park,Week4,Annandale,Week4,224.0 Little Hunting Park - 177.0 Annandale
Little Hunting Park,Week2,Poplar Heights,Week3,280.0 Poplar Heights - 122.0 Little Hunting Park
Little Hunting Park,Week3,Annandale,Week4,229.0 Little Hunting Park - 172.0 Annandale
Little Hunting Park,Week3,Oakton ,Week1,331.0 Oakton - 71.0 Little Hunting Park
Little Hunting Park,Week2,Annandale,Week1,223.0 Little Hunting Park - 179.0 Annandale
Little Hunting Park,Week1,Oakton ,Week3,330.5 Oakton - 71.5 Little Hunting Park
Little Hunting Park,Week1,Arlington Forest,Week2,258.0 Arlington Forest - 144.0 Little Hunting Park
Little Hunting Park,Week1,Hollin Hills,Week1,276.0 Little Hunting Park - 126.0 Hollin Hills
Lincolnia Park,Week3,Hunt Valley,Week4,328.0 Hunt Valley - 65.0 Lincolnia Park
Lincolnia Park,Week2,Hunt Valley,Week1,338.0 Hunt Valley - 55.0 Lincolnia Park
Lincolnia Park,Week1,Country Club Hills,Week3,289.0 Country Club Hills - 111.0 Lincolnia Park
Little Hunting Park,Week2,Annandale,Week4,231.0 Little Hunting Park - 170.0 Annandale
Little Hunting Park,Week4,North Springfield,Week5,233.5 Little Hunting Park - 137.5 North Springfield
Little Hunting Park,Week2,Oakton ,Week3,325.0 Oakton - 77.0 Little Hunting Park
Lincolnia Park,Week5,Country Club Hills,Week1,250.0 Country Club Hills - 143.0 Lincolnia Park
Little Hunting Park,Week3,Highlands Swim,Week3,336.0 Highlands Swim - 66.0 Little Hunting Park
Lincolnia Park,Week2,Hunter Mill,Week4,332.0 Hunter Mill - 61.0 Lincolnia Park
Little Hunting Park,Week5,Poplar Heights,Week1,267.0 Poplar Heights - 135.0 Little Hunting Park
Lincolnia Park,Week2,Country Club Hills,Week5,310.0 Country Club Hills - 82.0 Lincolnia Park
Lincolnia Park,Week1,Daventry,Week2,218.0 Daventry - 178.0 Lincolnia Park
Lincolnia Park,Week2,Crosspointe,Week3,347.0 Crosspointe - 46.0 Lincolnia Park
Little Hunting Park,Week2,Hollin Hills,Week1,264.0 Little Hunting Park - 134.0 Hollin Hills
Lincolnia Park,Week5,Country Club Hills,Week2,250.0 Country Club Hills - 143.0 Lincolnia Park
Little Hunting Park,Week2,Oakton ,Week4,328.0 Oakton - 74.0 Little Hunting Park
Little Hunting Park,Week3,Highlands Swim,Week4,336.0 Highlands Swim - 66.0 Little Hunting Park
Little Hunting Park,Week5,Poplar Heights,Week5,264.0 Poplar Heights - 138.0 Little Hunting Park
Little Hunting Park,Week2,Hollin Hills,Week4,249.0 Little Hunting Park - 148.0 Hollin Hills
Little Hunting Park,Week5,Poplar Heights,Week4,270.0 Poplar Heights - 132.0 Little Hunting Park
Lincolnia Park,Week3,Hunt Valley,Week5,336.0 Hunt Valley - 57.0 Lincolnia Park
Little Hunting Park,Week2,Oakton ,Week5,332.0 Oakton - 70.0 Little Hunting Park
Lincolnia Park,Week4,Hunt Valley,Week2,346.0 Hunt Valley - 56.0 Lincolnia Park
Lincolnia Park,Week3,Crosspointe,Week3,335.0 Crosspointe - 58.0 Lincolnia Park
Lincolnia Park,Week3,Crosspointe,Week2,332.0 Crosspointe - 61.0 Lincolnia Park
Little Hunting Park,Week1,Annandale,Week5,208.0 Little Hunting Park - 194.0 Annandale
Lincolnia Park,Week3,Hunt Valley,Week1,306.0 Hunt Valley - 87.0 Lincolnia Park
Little Hunting Park,Week1,Hollin Hills,Week5,245.0 Little Hunting Park - 156.0 Hollin Hills
Little Hunting Park,Week5,North Springfield,Week5,232.0 Little Hunting Park - 137.0 North Springfield
Little Hunting Park,Week3,Annandale,Week3,209.0 Annandale - 193.0 Little Hunting Park
Little Hunting Park,Week4,Poplar Heights,Week2,287.0 Poplar Heights - 115.0 Little Hunting Park
Lincolnia Park,Week4,Hunt Valley,Week1,337.0 Hunt Valley - 65.0 Lincolnia Park
Lincolnia Park,Week1,Hunt Valley,Week3,354.0 Hunt Valley - 48.0 Lincolnia Park
Lincolnia Park,Week3,Hunt Valley,Week2,321.0 Hunt Valley - 72.0 Lincolnia Park
Lincolnia Park,Week3,Crosspointe,Week4,342.5 Crosspointe - 50.5 Lincolnia Park
Lincolnia Park,Week2,Crosspointe,Week5,360.0 Crosspointe - 32.0 Lincolnia Park
Little Hunting Park,Week2,Annandale,Week2,216.0 Little Hunting Park - 185.0 Annandale
Little Hunting Park,Week5,North Springfield,Week4,279.0 Little Hunting Park - 105.0 North Springfield
Little Hunting Park,Week5,Highlands Swim,Week5,328.0 Highlands Swim - 74.0 Little Hunting Park
Little Hunting Park,Week1,Poplar Tree,Week1,283.0 Poplar Tree - 119.0 Little Hunting Park
Little Hunting Park,Week4,Annandale,Week5,210.0 Little Hunting Park - 192.0 Annandale
Little Hunting Park,Week2,Poplar Heights,Week5,291.0 Poplar Heights - 111.0 Little Hunting Park
Little Hunting Park,Week4,North Springfield,Week1,257.0 Little Hunting Park - 92.0 North Springfield
Little Hunting Park,Week3,Annandale,Week1,219.0 Little Hunting Park - 183.0 Annandale
Little Hunting Park,Week1,Poplar Tree,Week2,268.0 Poplar Tree - 133.0 Little Hunting Park
Little Hunting Park,Week4,North Springfield,Week4,258.0 Little Hunting Park - 131.0 North Springfield
Little Hunting Park,Week1,Oakton ,Week1,329.0 Oakton - 72.0 Little Hunting Park
Lincolnia Park,Week2,Hunt Valley,Week4,345.0 Hunt Valley - 48.0 Lincolnia Park
Little Hunting Park,Week3,Annandale,Week2,218.0 Little Hunting Park - 184.0 Annandale
Lincolnia Park,Week5,Country Club Hills,Week4,245.0 Country Club Hills - 148.0 Lincolnia Park
Little Hunting Park,Week4,North Springfield,Week2,253.0 Little Hunting Park - 134.0 North Springfield
Little Hunting Park,Week5,Annandale,Week4,246.0 Little Hunting Park - 152.0 Annandale
Lincolnia Park,Week1,Crosspointe,Week5,373.0 Crosspointe - 29.0 Lincolnia Park
Little Hunting Park,Week4,Poplar Heights,Week5,295.0 Poplar Heights - 107.0 Little Hunting Park
Little Hunting Park,Week4,Highlands Swim,Week3,344.0 Highlands Swim - 58.0 Little Hunting Park
Little Hunting Park,Week2,Hollin Hills,Week3,260.0 Little Hunting Park - 141.0 Hollin Hills
Lincolnia Park,Week1,Hunt Valley,Week1,345.0 Hunt Valley - 57.0 Lincolnia Park
Little Hunting Park,Week5,Annandale,Week5,225.0 Little Hunting Park - 176.0 Annandale
Little Hunting Park,Week5,Annandale,Week3,224.0 Little Hunting Park - 177.0 Annandale
Little Hunting Park,Week1,Oakton ,Week5,347.5 Oakton - 54.5 Little Hunting Park
Little Hunting Park,Week1,Arlington Forest,Week1,284.0 Arlington Forest - 118.0 Little Hunting Park
Lincolnia Park,Week4,Crosspointe,Week3,357.0 Crosspointe - 45.0 Lincolnia Park
Lincolnia Park,Week5,Hunt Valley,Week2,329.0 Hunt Valley - 64.0 Lincolnia Park
Little Hunting Park,Week1,Hollin Meadows,Week2,242.0 Hollin Meadows - 160.0 Little Hunting Park
Little Hunting Park,Week1,Poplar Tree,Week4,260.0 Poplar Tree - 141.0 Little Hunting Park
Little Hunting Park,Week5,Hollin Hills,Week2,267.0 Little Hunting Park - 133.0 Hollin Hills
Little Hunting Park,Week2,Annandale,Week5,205.0 Little Hunting Park - 197.0 Annandale
Little Hunting Park,Week3,North Springfield,Week3,245.0 Little Hunting Park - 148.0 North Springfield
Little Hunting Park,Week1,Poplar Tree,Week3,286.0 Poplar Tree - 116.0 Little Hunting Park
Lincolnia Park,Week4,Hunt Valley,Week3,349.0 Hunt Valley - 53.0 Lincolnia Park
Lincolnia Park,Week1,Hunter Mill,Week1,332.0 Hunter Mill - 65.0 Lincolnia Park
Little Hunting Park,Week2,Poplar Heights,Week2,287.0 Poplar Heights - 115.0 Little Hunting Park
Little Hunting Park,Week4,North Springfield,Week3,244.0 Little Hunting Park - 151.0 North Springfield
Little Hunting Park,Week1,Hollin Meadows,Week5,269.0 Hollin Meadows - 133.0 Little Hunting Park
Little Hunting Park,Week3,Poplar Heights,Week4,285.0 Poplar Heights - 117.0 Little Hunting Park
Little Hunting Park,Week3,Hollin Hills,Week5,256.5 Little Hunting Park - 145.5 Hollin Hills
Lincolnia Park,Week1,Crosspointe,Week1,359.0 Crosspointe - 43.0 Lincolnia Park
Lincolnia Park,Week4,Crosspointe,Week1,363.0 Crosspointe - 39.0 Lincolnia Park
Little Hunting Park,Week5,North Springfield,Week3,251.0 Little Hunting Park - 137.0 North Springfield
Little Hunting Park,Week4,Herndon,Week3,275.0 Little Hunting Park - 126.0 Herndon
Little Hunting Park,Week2,Ravensworth Farm,Week1,286.0 Ravensworth Farm - 116.0 Little Hunting Park
Little Hunting Park,Week1,Hollin Meadows,Week4,255.0 Hollin Meadows - 147.0 Little Hunting Park
Little Hunting Park,Week3,Herndon,Week4,280.5 Little Hunting Park - 119.5 Herndon
Lincolnia Park,Week5,Crosspointe,Week4,347.0 Crosspointe - 46.0 Lincolnia Park
Little Hunting Park,Week1,Arlington Forest,Week3,238.0 Arlington Forest - 160.0 Little Hunting Park
Lincolnia Park,Week1,Hunter Mill,Week4,341.0 Hunter Mill - 60.0 Lincolnia Park
Lincolnia Park,Week2,Hunter Mill,Week1,317.0 Hunter Mill - 71.0 Lincolnia Park
Little Hunting Park,Week2,Poplar Heights,Week4,282.0 Poplar Heights - 120.0 Little Hunting Park
Little Hunting Park,Week1,Oakton ,Week4,339.0 Oakton - 62.0 Little Hunting Park
Lincolnia Park,Week5,Crosspointe,Week5,345.0 Crosspointe - 48.0 Lincolnia Park
Lincolnia Park,Week2,Hunter Mill,Week3,326.0 Hunter Mill - 67.0 Lincolnia Park
Little Hunting Park,Week3,Poplar Heights,Week2,285.0 Poplar Heights - 117.0 Little Hunting Park
Little Hunting Park,Week2,Oakton ,Week2,324.5 Oakton - 77.5 Little Hunting Park
Little Hunting Park,Week3,Hiddenbrook,Week2,225.0 Little Hunting Park - 172.0 Hiddenbrook
Little Hunting Park,Week5,Hollin Hills,Week4,262.0 Little Hunting Park - 138.0 Hollin Hills
Lincolnia Park,Week4,Crosspointe,Week5,363.0 Crosspointe - 39.0 Lincolnia Park
Little Hunting Park,Week1,Arlington Forest,Week4,278.0 Arlington Forest - 124.0 Little Hunting Park
Little Hunting Park,Week3,Herndon,Week1,271.0 Little Hunting Park - 128.0 Herndon
Little Hunting Park,Week2,Oakton ,Week1,316.0 Oakton - 86.0 Little Hunting Park
Little Hunting Park,Week5,Poplar Tree,Week4,237.0 Poplar Tree - 164.0 Little Hunting Park
Little Hunting Park,Week5,Annandale,Week2,239.0 Little Hunting Park - 159.0 Annandale
Little Hunting Park,Week3,Hollin Hills,Week3,259.0 Little Hunting Park - 143.0 Hollin Hills
Little Hunting Park,Week4,Hollin Meadows,Week1,266.0 Hollin Meadows - 136.0 Little Hunting Park
Lincolnia Park,Week3,Crosspointe,Week5,344.0 Crosspointe - 49.0 Lincolnia Park
Little Hunting Park,Week3,Herndon,Week5,270.0 Little Hunting Park - 130.0 Herndon
Little Hunting Park,Week3,North Springfield,Week5,230.0 Little Hunting Park - 140.0 North Springfield
Little Hunting Park,Week1,Poplar Heights,Week5,294.5 Poplar Heights - 107.5 Little Hunting Park
Little Hunting Park,Week4,Annandale,Week2,229.0 Little Hunting Park - 172.0 Annandale
Lincolnia Park,Week1,Hunter Mill,Week3,341.0 Hunter Mill - 61.0 Lincolnia Park
Lincolnia Park,Week1,Crosspointe,Week4,369.0 Crosspointe - 32.0 Lincolnia Park
Lincolnia Park,Week2,Hunter Mill,Week5,333.0 Hunter Mill - 60.0 Lincolnia Park
Lincolnia Park,Week3,Hunter Mill,Week3,304.5 Hunter Mill - 88.5 Lincolnia Park
Little Hunting Park,Week4,Hiddenbrook,Week1,206.0 Hiddenbrook - 195.0 Little Hunting Park
Little Hunting Park,Week2,Arlington Forest,Week3,240.0 Arlington Forest - 161.0 Little Hunting Park
Little Hunting Park,Week5,Arlington Forest,Week3,218.0 Arlington Forest - 184.0 Little Hunting Park
Lincolnia Park,Week4,Crosspointe,Week4,365.0 Crosspointe - 36.0 Lincolnia Park
Little Hunting Park,Week2,Brandywine,Week1,233.0 Brandywine - 169.0 Little Hunting Park
Lincolnia Park,Week3,Hunter Mill,Week2,292.0 Hunter Mill - 101.0 Lincolnia Park
Lincolnia Park,Week3,Hunter Mill,Week4,320.0 Hunter Mill - 72.0 Lincolnia Park
Little Hunting Park,Week4,Hollin Hills,Week2,254.0 Little Hunting Park - 148.0 Hollin Hills
Little Hunting Park,Week2,Arlington Forest,Week4,274.5 Arlington Forest - 127.5 Little Hunting Park
Little Hunting Park,Week5,Herndon,Week4,283.0 Little Hunting Park - 114.0 Herndon
Little Hunting Park,Week3,North Springfield,Week4,255.0 Little Hunting Park - 132.0 North Springfield
Little Hunting Park,Week4,Hollin Hills,Week4,240.0 Little Hunting Park - 160.0 Hollin Hills
Little Hunting Park,Week3,Hollin Hills,Week2,259.0 Little Hunting Park - 143.0 Hollin Hills
Little Hunting Park,Week1,Hiddenbrook,Week3,225.0 Hiddenbrook - 177.0 Little Hunting Park
Little Hunting Park,Week5,Herndon,Week1,274.0 Little Hunting Park - 121.0 Herndon
Lincolnia Park,Week2,Crosspointe,Week2,350.0 Crosspointe - 43.0 Lincolnia Park
Lincolnia Park,Week4,Hunter Mill,Week2,316.0 Hunter Mill - 85.0 Lincolnia Park
Little Hunting Park,Week4,Poplar Tree,Week2,250.0 Poplar Tree - 152.0 Little Hunting Park
Little Hunting Park,Week3,Poplar Tree,Week1,273.0 Poplar Tree - 128.0 Little Hunting Park
Lincolnia Park,Week3,Crosspointe,Week1,341.0 Crosspointe - 52.0 Lincolnia Park
Little Hunting Park,Week3,Hollin Meadows,Week5,276.0 Hollin Meadows - 126.0 Little Hunting Park
Little Hunting Park,Week2,Herndon,Week5,270.0 Little Hunting Park - 130.0 Herndon
Little Hunting Park,Week4,Arlington Forest,Week2,246.0 Arlington Forest - 156.0 Little Hunting Park
Little Hunting Park,Week2,Arlington Forest,Week1,276.0 Arlington Forest - 126.0 Little Hunting Park
Little Hunting Park,Week3,Oakton ,Week3,326.0 Oakton - 76.0 Little Hunting Park
Little Hunting Park,Week2,Ravensworth Farm,Week3,290.0 Ravensworth Farm - 111.0 Little Hunting Park
Lincolnia Park,Week1,Daventry,Week1,215.0 Daventry - 182.0 Lincolnia Park
Little Hunting Park,Week1,Hollin Meadows,Week1,264.0 Hollin Meadows - 137.0 Little Hunting Park
Little Hunting Park,Week2,Poplar Tree,Week1,272.0 Poplar Tree - 129.0 Little Hunting Park
Little Hunting Park,Week1,Poplar Tree,Week5,298.0 Poplar Tree - 104.0 Little Hunting Park
Little Hunting Park,Week2,Old Keene Mill,Week2,214.0 Old Keene Mill - 188.0 Little Hunting Park
Lincolnia Park,Week3,Hunter Mill,Week5,313.0 Hunter Mill - 80.0 Lincolnia Park
Lincolnia Park,Week1,Crosspointe,Week3,350.0 Crosspointe - 52.0 Lincolnia Park
Lincolnia Park,Week1,Crosspointe,Week2,358.0 Crosspointe - 44.0 Lincolnia Park
Lincolnia Park,Week2,Crosspointe,Week4,360.0 Crosspointe - 32.0 Lincolnia Park
Little Hunting Park,Week2,Hiddenbrook,Week4,221.0 Hiddenbrook - 180.0 Little Hunting Park
Little Hunting Park,Week1,Old Keene Mill,Week2,216.0 Old Keene Mill - 186.0 Little Hunting Park
Little Hunting Park,Week3,Old Keene Mill,Week4,216.0 Old Keene Mill - 185.0 Little Hunting Park
Little Hunting Park,Week3,Old Keene Mill,Week1,208.0 Little Hunting Park - 192.0 Old Keene Mill
Little Hunting Park,Week3,Hollin Meadows,Week4,256.0 Hollin Meadows - 146.0 Little Hunting Park
Little Hunting Park,Week4,Old Keene Mill,Week3,208.0 Old Keene Mill - 194.0 Little Hunting Park
Little Hunting Park,Week4,Poplar Tree,Week5,298.0 Poplar Tree - 104.0 Little Hunting Park
Little Hunting Park,Week3,Arlington Forest,Week3,236.0 Arlington Forest - 166.0 Little Hunting Park
Little Hunting Park,Week3,Hollin Meadows,Week3,270.0 Hollin Meadows - 132.0 Little Hunting Park
Lincolnia Park,Week4,Hunter Mill,Week1,329.0 Hunter Mill - 68.0 Lincolnia Park
Little Hunting Park,Week5,Oakton ,Week1,313.0 Oakton - 89.0 Little Hunting Park
Little Hunting Park,Week2,Hiddenbrook,Week2,228.0 Little Hunting Park - 170.0 Hiddenbrook
Little Hunting Park,Week4,Arlington Forest,Week4,275.0 Arlington Forest - 127.0 Little Hunting Park
Little Hunting Park,Week4,Herndon,Week5,261.0 Little Hunting Park - 140.0 Herndon
Little Hunting Park,Week3,Poplar Tree,Week2,257.0 Poplar Tree - 145.0 Little Hunting Park
Lincolnia Park,Week5,Country Club Hills,Week5,285.0 Country Club Hills - 108.0 Lincolnia Park
Little Hunting Park,Week4,Brandywine,Week2,247.0 Brandywine - 155.0 Little Hunting Park
Little Hunting Park,Week4,Herndon,Week4,279.0 Little Hunting Park - 122.0 Herndon
Little Hunting Park,Week4,Old Keene Mill,Week1,206.0 Little Hunting Park - 196.0 Old Keene Mill
Lincolnia Park,Week5,Crosspointe,Week1,342.0 Crosspointe - 51.0 Lincolnia Park
Little Hunting Park,Week5,Poplar Tree,Week2,240.0 Poplar Tree - 161.0 Little Hunting Park
Little Hunting Park,Week3,Brandywine,Week3,246.5 Brandywine - 154.5 Little Hunting Park
Little Hunting Park,Week5,Oakton ,Week4,321.0 Oakton - 81.0 Little Hunting Park
Little Hunting Park,Week4,Poplar Tree,Week4,261.0 Poplar Tree - 141.0 Little Hunting Park
Little Hunting Park,Week3,Hollin Meadows,Week2,256.0 Hollin Meadows - 146.0 Little Hunting Park
Little Hunting Park,Week3,Old Keene Mill,Week3,210.0 Old Keene Mill - 192.0 Little Hunting Park
Little Hunting Park,Week5,Herndon,Week3,282.0 Little Hunting Park - 118.0 Herndon
Little Hunting Park,Week4,Poplar Tree,Week3,285.0 Poplar Tree - 117.0 Little Hunting Park
Little Hunting Park,Week1,Holmes Run Acres,Week4,275.0 Holmes Run Acres - 126.0 Little Hunting Park
Lincolnia Park,Week4,Crosspointe,Week2,355.0 Crosspointe - 47.0 Lincolnia Park
Little Hunting Park,Week1,Holmes Run Acres,Week2,261.0 Holmes Run Acres - 141.0 Little Hunting Park
Little Hunting Park,Week5,Arlington Forest,Week2,227.0 Arlington Forest - 175.0 Little Hunting Park
Little Hunting Park,Week4,Brandywine,Week3,253.0 Brandywine - 149.0 Little Hunting Park
Little Hunting Park,Week4,Herndon,Week1,263.0 Little Hunting Park - 137.0 Herndon
Little Hunting Park,Week4,Oakton ,Week3,325.0 Oakton - 77.0 Little Hunting Park
Lincolnia Park,Week1,Daventry,Week4,214.0 Daventry - 186.0 Lincolnia Park
Little Hunting Park,Week4,Oakton ,Week4,331.0 Oakton - 71.0 Little Hunting Park
Little Hunting Park,Week2,Poplar Tree,Week5,293.0 Poplar Tree - 109.0 Little Hunting Park
Little Hunting Park,Week1,Brandywine,Week2,238.0 Brandywine - 164.0 Little Hunting Park
Little Hunting Park,Week3,Poplar Tree,Week4,252.0 Poplar Tree - 149.0 Little Hunting Park
Little Hunting Park,Week1,Hiddenbrook,Week1,210.0 Hiddenbrook - 188.0 Little Hunting Park
Little Hunting Park,Week1,Brandywine,Week1,240.0 Brandywine - 162.0 Little Hunting Park
Little Hunting Park,Week5,Hollin Hills,Week1,281.0 Little Hunting Park - 120.0 Hollin Hills
Little Hunting Park,Week2,Poplar Tree,Week3,272.0 Poplar Tree - 129.0 Little Hunting Park
Lincolnia Park,Week2,Crosspointe,Week1,360.0 Crosspointe - 33.0 Lincolnia Park
Little Hunting Park,Week4,Brandywine,Week1,248.0 Brandywine - 154.0 Little Hunting Park
Little Hunting Park,Week3,Hollin Hills,Week4,251.0 Little Hunting Park - 151.0 Hollin Hills
Lincolnia Park,Week2,Daventry,Week5,210.0 Daventry - 176.0 Lincolnia Park
Little Hunting Park,Week5,Hollin Hills,Week5,268.0 Little Hunting Park - 129.0 Hollin Hills
Little Hunting Park,Week3,Herndon,Week2,271.0 Little Hunting Park - 129.0 Herndon
Little Hunting Park,Week2,Poplar Tree,Week4,253.0 Poplar Tree - 148.0 Little Hunting Park
Lincolnia Park,Week5,Crosspointe,Week3,333.0 Crosspointe - 60.0 Lincolnia Park
Lincolnia Park,Week5,Crosspointe,Week2,334.0 Crosspointe - 59.0 Lincolnia Park
Little Hunting Park,Week2,Old Keene Mill,Week4,214.0 Old Keene Mill - 187.0 Little Hunting Park
Little Hunting Park,Week2,Hiddenbrook,Week3,231.0 Hiddenbrook - 170.0 Little Hunting Park
Lincolnia Park,Week2,Daventry,Week3,195.0 Daventry - 193.0 Lincolnia Park
Little Hunting Park,Week4,Hollin Hills,Week3,249.0 Little Hunting Park - 153.0 Hollin Hills
Little Hunting Park,Week5,Oakton ,Week3,300.5 Oakton - 101.5 Little Hunting Park
Little Hunting Park,Week5,Hollin Hills,Week3,267.0 Little Hunting Park - 134.0 Hollin Hills
Little Hunting Park,Week4,Hollin Hills,Week1,254.0 Little Hunting Park - 148.0 Hollin Hills
Little Hunting Park,Week3,Arlington Forest,Week5,274.0 Arlington Forest - 128.0 Little Hunting Park
Little Hunting Park,Week2,Herndon,Week4,270.0 Little Hunting Park - 130.0 Herndon
Little Hunting Park,Week4,Old Keene Mill,Week2,204.0 Old Keene Mill - 198.0 Little Hunting Park
Little Hunting Park,Week1,Ravensworth Farm,Week2,268.0 Ravensworth Farm - 133.0 Little Hunting Park
Little Hunting Park,Week3,Arlington Forest,Week1,282.0 Arlington Forest - 120.0 Little Hunting Park
Little Hunting Park,Week1,Hollin Meadows,Week3,262.0 Hollin Meadows - 139.0 Little Hunting Park
Lincolnia Park,Week2,Daventry,Week1,202.0 Daventry - 188.0 Lincolnia Park
Little Hunting Park,Week5,Herndon,Week5,284.0 Little Hunting Park - 113.0 Herndon
Lincolnia Park,Week3,Daventry,Week4,221.0 Lincolnia Park - 170.0 Daventry
Little Hunting Park,Week3,Poplar Tree,Week5,295.0 Poplar Tree - 107.0 Little Hunting Park
Little Hunting Park,Week1,Old Keene Mill,Week1,207.0 Little Hunting Park - 194.0 Old Keene Mill
Little Hunting Park,Week4,Oakton ,Week2,325.0 Oakton - 77.0 Little Hunting Park
Lincolnia Park,Week3,Daventry,Week3,223.0 Lincolnia Park - 165.0 Daventry
Little Hunting Park,Week3,Hiddenbrook,Week1,209.0 Hiddenbrook - 192.0 Little Hunting Park
Little Hunting Park,Week4,Hollin Hills,Week5,258.0 Little Hunting Park - 143.0 Hollin Hills
Little Hunting Park,Week1,Brandywine,Week4,248.0 Brandywine - 154.0 Little Hunting Park
Little Hunting Park,Week2,Old Keene Mill,Week1,213.0 Little Hunting Park - 188.0 Old Keene Mill
Little Hunting Park,Week3,Hollin Meadows,Week1,273.0 Hollin Meadows - 129.0 Little Hunting Park
Lincolnia Park,Week4,Cardinal Hill,Week1,353.0 Cardinal Hill - 49.0 Lincolnia Park
Lincolnia Park,Week2,Daventry,Week2,205.0 Daventry - 181.0 Lincolnia Park
Little Hunting Park,Week2,Hiddenbrook,Week5,246.0 Hiddenbrook - 156.0 Little Hunting Park
Little Hunting Park,Week5,Herndon,Week2,287.0 Little Hunting Park - 110.0 Herndon
Little Hunting Park,Week4,Herndon,Week2,278.0 Little Hunting Park - 123.0 Herndon
Little Hunting Park,Week1,Ravensworth Farm,Week3,289.0 Ravensworth Farm - 109.0 Little Hunting Park
Little Hunting Park,Week5,Poplar Tree,Week1,244.0 Poplar Tree - 157.0 Little Hunting Park
Little Hunting Park,Week1,Hiddenbrook,Week5,240.0 Hiddenbrook - 161.0 Little Hunting Park
Little Hunting Park,Week4,Arlington Forest,Week3,248.0 Arlington Forest - 153.0 Little Hunting Park
Little Hunting Park,Week5,Poplar Tree,Week3,249.0 Poplar Tree - 152.0 Little Hunting Park
Little Hunting Park,Week4,Poplar Tree,Week1,262.0 Poplar Tree - 140.0 Little Hunting Park
Little Hunting Park,Week3,Poplar Tree,Week3,273.0 Poplar Tree - 128.0 Little Hunting Park
Little Hunting Park,Week1,Old Keene Mill,Week5,214.0 Old Keene Mill - 188.0 Little Hunting Park
Little Hunting Park,Week1,Ravensworth Farm,Week1,292.0 Ravensworth Farm - 109.0 Little Hunting Park
Little Hunting Park,Week2,Hollin Meadows,Week1,257.0 Hollin Meadows - 144.0 Little Hunting Park
Little Hunting Park,Week5,Oakton ,Week2,306.0 Oakton - 96.0 Little Hunting Park
Little Hunting Park,Week3,Arlington Forest,Week2,264.0 Arlington Forest - 138.0 Little Hunting Park
Little Hunting Park,Week3,Herndon,Week3,275.0 Little Hunting Park - 125.0 Herndon
Little Hunting Park,Week4,Oakton ,Week5,329.0 Oakton - 73.0 Little Hunting Park
Little Hunting Park,Week2,Hollin Meadows,Week3,265.0 Hollin Meadows - 136.0 Little Hunting Park
Lincolnia Park,Week3,Daventry,Week1,207.0 Lincolnia Park - 184.0 Daventry
Little Hunting Park,Week5,Arlington Forest,Week1,243.5 Arlington Forest - 158.5 Little Hunting Park
Little Hunting Park,Week2,Hollin Meadows,Week4,264.0 Hollin Meadows - 138.0 Little Hunting Park
Little Hunting Park,Week2,Hollin Meadows,Week5,279.0 Hollin Meadows - 123.0 Little Hunting Park
Lincolnia Park,Week4,Daventry,Week1,204.0 Daventry - 189.0 Lincolnia Park
Little Hunting Park,Week3,Arlington Forest,Week4,280.0 Arlington Forest - 122.0 Little Hunting Park
Little Hunting Park,Week5,Arlington Forest,Week4,258.0 Arlington Forest - 144.0 Little Hunting Park
Little Hunting Park,Week1,Old Keene Mill,Week4,201.0 Little Hunting Park - 201.0 Old Keene Mill
Little Hunting Park,Week1,Hiddenbrook,Week4,221.0 Hiddenbrook - 180.0 Little Hunting Park
Little Hunting Park,Week2,Old Keene Mill,Week3,223.0 Old Keene Mill - 179.0 Little Hunting Park
Little Hunting Park,Week2,Poplar Tree,Week2,254.0 Poplar Tree - 148.0 Little Hunting Park
Lincolnia Park,Week3,Daventry,Week5,197.0 Daventry - 188.0 Lincolnia Park
Lincolnia Park,Week4,Daventry,Week2,208.0 Daventry - 188.0 Lincolnia Park
Little Hunting Park,Week5,Poplar Tree,Week5,275.0 Poplar Tree - 127.0 Little Hunting Park
Lincolnia Park,Week3,Cardinal Hill,Week3,331.0 Cardinal Hill - 62.0 Lincolnia Park
Little Hunting Park,Week2,Hiddenbrook,Week1,218.0 Hiddenbrook - 183.0 Little Hunting Park
Little Hunting Park,Week4,Hollin Meadows,Week3,266.0 Hollin Meadows - 135.0 Little Hunting Park
Little Hunting Park,Week1,Ravensworth Farm,Week5,300.0 Ravensworth Farm - 102.0 Little Hunting Park
Lincolnia Park,Week4,Cardinal Hill,Week4,338.0 Cardinal Hill - 64.0 Lincolnia Park
Little Hunting Park,Week1,Hiddenbrook,Week2,241.0 Little Hunting Park - 159.0 Hiddenbrook
Little Hunting Park,Week4,Arlington Forest,Week1,269.0 Arlington Forest - 133.0 Little Hunting Park
Lincolnia Park,Week1,Daventry,Week5,236.0 Daventry - 158.0 Lincolnia Park
Little Hunting Park,Week3,Old Keene Mill,Week2,212.5 Old Keene Mill - 189.5 Little Hunting Park
Little Hunting Park,Week2,Hollin Meadows,Week2,245.0 Hollin Meadows - 157.0 Little Hunting Park
Little Hunting Park,Week3,Hiddenbrook,Week3,227.0 Hiddenbrook - 175.0 Little Hunting Park
Little Hunting Park,Week4,Hollin Meadows,Week2,255.0 Hollin Meadows - 147.0 Little Hunting Park
Little Hunting Park,Week4,Arlington Forest,Week5,263.0 Arlington Forest - 139.0 Little Hunting Park
Little Hunting Park,Week1,Ravensworth Farm,Week4,285.0 Ravensworth Farm - 117.0 Little Hunting Park
Little Hunting Park,Week1,Brandywine,Week5,274.0 Brandywine - 127.0 Little Hunting Park
Little Hunting Park,Week2,Brandywine,Week2,240.0 Brandywine - 161.0 Little Hunting Park
Lincolnia Park,Week5,Cardinal Hill,Week5,317.0 Cardinal Hill - 75.0 Lincolnia Park
Little Hunting Park,Week4,Oakton ,Week1,322.0 Oakton - 80.0 Little Hunting Park
Lincolnia Park,Week1,Daventry,Week3,215.0 Daventry - 180.0 Lincolnia Park
Little Hunting Park,Week2,Old Keene Mill,Week5,223.0 Old Keene Mill - 178.0 Little Hunting Park
Little Hunting Park,Week1,Old Keene Mill,Week3,215.0 Old Keene Mill - 187.0 Little Hunting Park
Little Hunting Park,Week3,Hiddenbrook,Week4,222.0 Hiddenbrook - 180.0 Little Hunting Park
Little Hunting Park,Week2,Ravensworth Farm,Week2,262.0 Ravensworth Farm - 139.0 Little Hunting Park
Lincolnia Park,Week2,Village West,Week2,238.0 Village West - 154.0 Lincolnia Park
Little Hunting Park,Week4,Hollin Meadows,Week5,273.0 Hollin Meadows - 129.0 Little Hunting Park
Lincolnia Park,Week2,Chesterbrook,Week3,381.0 Chesterbrook - 12.0 Lincolnia Park
Little Hunting Park,Week2,Brandywine,Week3,253.0 Brandywine - 148.0 Little Hunting Park
Little Hunting Park,Week5,Hollin Meadows,Week2,221.0 Hollin Meadows - 180.0 Little Hunting Park
Little Hunting Park,Week3,Ravensworth Farm,Week1,292.0 Ravensworth Farm - 110.0 Little Hunting Park
Little Hunting Park,Week4,Hollin Meadows,Week4,261.0 Hollin Meadows - 141.0 Little Hunting Park
Little Hunting Park,Week3,High Point Pool,Week1,303.0 High Point Pool - 99.0 Little Hunting Park
Little Hunting Park,Week1,Riverside Gardens,Week1,317.0 Riverside Gardens - 85.0 Little Hunting Park
Lincolnia Park,Week2,Chesterbrook,Week2,377.0 Chesterbrook - 16.0 Lincolnia Park
Little Hunting Park,Week3,Old Keene Mill,Week5,222.0 Old Keene Mill - 180.0 Little Hunting Park
Little Hunting Park,Week5,Hollin Meadows,Week3,239.0 Hollin Meadows - 159.0 Little Hunting Park
Little Hunting Park,Week2,Brandywine,Week4,260.0 Brandywine - 142.0 Little Hunting Park
Lincolnia Park,Week3,Daventry,Week2,201.0 Lincolnia Park - 184.0 Daventry
Little Hunting Park,Week1,Brandywine,Week3,252.0 Brandywine - 150.0 Little Hunting Park
Little Hunting Park,Week1,Riverside Gardens,Week3,324.0 Riverside Gardens - 78.0 Little Hunting Park
Little Hunting Park,Week5,Arlington Forest,Week5,259.0 Arlington Forest - 143.0 Little Hunting Park
Little Hunting Park,Week5,Hollin Meadows,Week1,241.0 Hollin Meadows - 161.0 Little Hunting Park
Lincolnia Park,Week3,Cardinal Hill,Week4,316.5 Cardinal Hill - 76.5 Lincolnia Park
Little Hunting Park,Week4,Hiddenbrook,Week5,239.0 Hiddenbrook - 163.0 Little Hunting Park
Lincolnia Park,Week2,Daventry,Week4,201.0 Lincolnia Park - 188.0 Daventry
Lincolnia Park,Week3,Villa Aquatic,Week5,297.0 Villa Aquatic - 96.0 Lincolnia Park
Lincolnia Park,Week1,Chesterbrook,Week4,379.0 Chesterbrook - 23.0 Lincolnia Park
Little Hunting Park,Week5,Hiddenbrook,Week1,208.0 Little Hunting Park - 193.0 Hiddenbrook
Little Hunting Park,Week3,Hiddenbrook,Week5,236.0 Hiddenbrook - 166.0 Little Hunting Park
Little Hunting Park,Week5,Oakton ,Week5,315.0 Oakton - 87.0 Little Hunting Park
Little Hunting Park,Week5,Old Keene Mill,Week5,205.0 Little Hunting Park - 193.0 Old Keene Mill
Lincolnia Park,Week2,Chesterbrook,Week1,371.0 Chesterbrook - 22.0 Lincolnia Park
Little Hunting Park,Week4,Ravensworth Farm,Week1,281.0 Ravensworth Farm - 121.0 Little Hunting Park
Lincolnia Park,Week5,Villa Aquatic,Week2,283.0 Villa Aquatic - 110.0 Lincolnia Park
Little Hunting Park,Week1,Holmes Run Acres,Week3,290.0 Holmes Run Acres - 111.0 Little Hunting Park
Lincolnia Park,Week2,Chesterbrook,Week4,383.0 Chesterbrook - 10.0 Lincolnia Park
Little Hunting Park,Week2,Holmes Run Acres,Week4,262.0 Holmes Run Acres - 139.0 Little Hunting Park
Lincolnia Park,Week5,Villa Aquatic,Week3,311.0 Villa Aquatic - 82.0 Lincolnia Park
Lincolnia Park,Week5,Villa Aquatic,Week1,278.0 Villa Aquatic - 115.0 Lincolnia Park
Little Hunting Park,Week2,Holmes Run Acres,Week3,293.0 Holmes Run Acres - 108.0 Little Hunting Park
Lincolnia Park,Week1,Village West,Week3,272.0 Village West - 128.0 Lincolnia Park
Little Hunting Park,Week4,Orange Hunt,Week4,269.0 Orange Hunt - 133.0 Little Hunting Park
Lincolnia Park,Week1,Village West,Week5,250.0 Village West - 150.0 Lincolnia Park
Little Hunting Park,Week2,Orange Hunt,Week5,282.0 Orange Hunt - 119.0 Little Hunting Park
Lincolnia Park,Week3,Cardinal Hill,Week1,339.0 Cardinal Hill - 54.0 Lincolnia Park
Little Hunting Park,Week4,Ravensworth Farm,Week3,288.0 Ravensworth Farm - 113.0 Little Hunting Park
Little Hunting Park,Week5,Hiddenbrook,Week2,258.0 Little Hunting Park - 139.0 Hiddenbrook
Little Hunting Park,Week3,Orange Hunt,Week1,265.0 Orange Hunt - 137.0 Little Hunting Park
Lincolnia Park,Week4,Cardinal Hill,Week2,325.0 Cardinal Hill - 72.0 Lincolnia Park
Little Hunting Park,Week3,High Point Pool,Week5,286.0 High Point Pool - 116.0 Little Hunting Park
Little Hunting Park,Week4,Bren Mar-Edsall Park,Week5,290.0 Little Hunting Park - 111.0 Bren Mar-Edsall Park
Little Hunting Park,Week5,Ravensworth Farm,Week5,266.0 Ravensworth Farm - 135.0 Little Hunting Park
Little Hunting Park,Week1,High Point Pool,Week4,291.0 High Point Pool - 111.0 Little Hunting Park
Lincolnia Park,Week5,Cardinal Hill,Week2,309.0 Cardinal Hill - 84.0 Lincolnia Park
Lincolnia Park,Week1,Village West,Week4,256.0 Village West - 139.0 Lincolnia Park
Little Hunting Park,Week3,Brandywine,Week4,255.0 Brandywine - 147.0 Little Hunting Park
Lincolnia Park,Week2,Cardinal Hill,Week4,341.0 Cardinal Hill - 52.0 Lincolnia Park
Little Hunting Park,Week2,Orange Hunt,Week3,283.0 Orange Hunt - 119.0 Little Hunting Park
Little Hunting Park,Week3,Riverside Gardens,Week5,328.0 Riverside Gardens - 74.0 Little Hunting Park
Little Hunting Park,Week5,Hollin Meadows,Week4,239.0 Hollin Meadows - 163.0 Little Hunting Park
Little Hunting Park,Week5,Hollin Meadows,Week5,242.0 Hollin Meadows - 160.0 Little Hunting Park
Little Hunting Park,Week2,High Point Pool,Week1,292.0 High Point Pool - 110.0 Little Hunting Park
Little Hunting Park,Week4,Ravensworth Farm,Week5,297.0 Ravensworth Farm - 105.0 Little Hunting Park
Little Hunting Park,Week4,Hiddenbrook,Week4,224.5 Hiddenbrook - 176.5 Little Hunting Park
Little Hunting Park,Week5,Ravensworth Farm,Week2,224.0 Ravensworth Farm - 174.0 Little Hunting Park
Little Hunting Park,Week3,Brandywine,Week2,250.0 Brandywine - 151.0 Little Hunting Park
Little Hunting Park,Week4,Orange Hunt,Week3,273.0 Orange Hunt - 129.0 Little Hunting Park
Lincolnia Park,Week3,Cardinal Hill,Week2,310.0 Cardinal Hill - 78.0 Lincolnia Park
Little Hunting Park,Week1,Holmes Run Acres,Week5,297.0 Holmes Run Acres - 105.0 Little Hunting Park
Little Hunting Park,Week2,Riverside Gardens,Week4,313.0 Riverside Gardens - 89.0 Little Hunting Park
Little Hunting Park,Week3,Brandywine,Week1,245.0 Brandywine - 157.0 Little Hunting Park
Little Hunting Park,Week4,Brandywine,Week4,263.0 Brandywine - 139.0 Little Hunting Park
Little Hunting Park,Week3,Orange Hunt,Week3,264.5 Orange Hunt - 137.5 Little Hunting Park
Lincolnia Park,Week3,Villa Aquatic,Week3,306.0 Villa Aquatic - 87.0 Lincolnia Park
Little Hunting Park,Week2,Brandywine,Week5,279.0 Brandywine - 123.0 Little Hunting Park
Little Hunting Park,Week2,High Point Pool,Week5,268.0 High Point Pool - 133.0 Little Hunting Park
Little Hunting Park,Week2,Orange Hunt,Week1,281.0 Orange Hunt - 121.0 Little Hunting Park
Little Hunting Park,Week1,Holmes Run Acres,Week1,269.0 Holmes Run Acres - 132.0 Little Hunting Park
Little Hunting Park,Week3,Brandywine,Week5,278.0 Brandywine - 124.0 Little Hunting Park
Little Hunting Park,Week5,Brandywine,Week4,239.0 Brandywine - 163.0 Little Hunting Park
Little Hunting Park,Week4,Bren Mar-Edsall Park,Week2,317.0 Little Hunting Park - 84.0 Bren Mar-Edsall Park
Little Hunting Park,Week1,Overlee,Week4,380.5 Overlee - 21.5 Little Hunting Park
Little Hunting Park,Week3,Holmes Run Acres,Week5,301.0 Holmes Run Acres - 101.0 Little Hunting Park
Lincolnia Park,Week5,Villa Aquatic,Week5,307.0 Villa Aquatic - 86.0 Lincolnia Park
Little Hunting Park,Week5,Holmes Run Acres,Week1,229.0 Holmes Run Acres - 172.0 Little Hunting Park
Lincolnia Park,Week4,Village West,Week3,257.0 Village West - 145.0 Lincolnia Park
Little Hunting Park,Week5,Old Keene Mill,Week1,237.5 Little Hunting Park - 162.5 Old Keene Mill
Little Hunting Park,Week4,Orange Hunt,Week2,278.0 Orange Hunt - 124.0 Little Hunting Park
Lincolnia Park,Week5,Cardinal Hill,Week3,330.0 Cardinal Hill - 63.0 Lincolnia Park
Little Hunting Park,Week4,Holmes Run Acres,Week3,292.0 Holmes Run Acres - 110.0 Little Hunting Park
Little Hunting Park,Week4,Riverside Gardens,Week1,309.0 Riverside Gardens - 93.0 Little Hunting Park
Little Hunting Park,Week1,High Point Pool,Week5,285.0 High Point Pool - 116.0 Little Hunting Park
Lincolnia Park,Week3,Village West,Week1,225.0 Village West - 167.0 Lincolnia Park
Little Hunting Park,Week4,Riverside Gardens,Week3,320.0 Riverside Gardens - 82.0 Little Hunting Park
Little Hunting Park,Week4,Hiddenbrook,Week2,228.0 Little Hunting Park - 174.0 Hiddenbrook
Little Hunting Park,Week4,Riverside Gardens,Week2,299.0 Riverside Gardens - 103.0 Little Hunting Park
Little Hunting Park,Week5,High Point Pool,Week2,291.0 High Point Pool - 111.0 Little Hunting Park
Little Hunting Park,Week3,High Point Pool,Week3,300.0 High Point Pool - 101.0 Little Hunting Park
Lincolnia Park,Week4,Cardinal Hill,Week3,345.0 Cardinal Hill - 57.0 Lincolnia Park
Lincolnia Park,Week5,Cardinal Hill,Week4,328.0 Cardinal Hill - 65.0 Lincolnia Park
Little Hunting Park,Week2,Bren Mar-Edsall Park,Week3,312.0 Little Hunting Park - 90.0 Bren Mar-Edsall Park
Little Hunting Park,Week4,Orange Hunt,Week1,268.0 Orange Hunt - 134.0 Little Hunting Park
Lincolnia Park,Week1,Virginia Hills,Week4,238.0 Lincolnia Park - 163.0 Virginia Hills
Lincolnia Park,Week5,Cardinal Hill,Week1,345.0 Cardinal Hill - 48.0 Lincolnia Park
Lincolnia Park,Week3,Village West,Week3,237.0 Village West - 155.0 Lincolnia Park
Little Hunting Park,Week2,High Point Pool,Week4,291.0 High Point Pool - 111.0 Little Hunting Park
Little Hunting Park,Week3,Holmes Run Acres,Week4,273.5 Holmes Run Acres - 127.5 Little Hunting Park
Little Hunting Park,Week5,Holmes Run Acres,Week2,229.0 Holmes Run Acres - 172.0 Little Hunting Park
Little Hunting Park,Week3,Ravensworth Farm,Week4,280.0 Ravensworth Farm - 122.0 Little Hunting Park
Little Hunting Park,Week5,Holmes Run Acres,Week3,271.0 Holmes Run Acres - 130.0 Little Hunting Park
Little Hunting Park,Week1,Bren Mar-Edsall Park,Week2,322.0 Little Hunting Park - 76.0 Bren Mar-Edsall Park
Lincolnia Park,Week4,Villa Aquatic,Week2,296.0 Villa Aquatic - 106.0 Lincolnia Park
Lincolnia Park,Week2,Cardinal Hill,Week5,336.0 Cardinal Hill - 56.0 Lincolnia Park
Little Hunting Park,Week4,Hiddenbrook,Week3,227.0 Hiddenbrook - 174.0 Little Hunting Park
Little Hunting Park,Week1,Bren Mar-Edsall Park,Week1,330.0 Little Hunting Park - 67.0 Bren Mar-Edsall Park
Lincolnia Park,Week1,Virginia Hills,Week2,259.0 Lincolnia Park - 137.0 Virginia Hills
Little Hunting Park,Week1,Bren Mar-Edsall Park,Week4,310.0 Little Hunting Park - 91.0 Bren Mar-Edsall Park
Little Hunting Park,Week5,Old Keene Mill,Week3,209.0 Little Hunting Park - 192.0 Old Keene Mill
Little Hunting Park,Week1,High Point Pool,Week1,287.0 High Point Pool - 115.0 Little Hunting Park
Little Hunting Park,Week5,Hiddenbrook,Week3,201.0 Hiddenbrook - 197.0 Little Hunting Park
Little Hunting Park,Week4,Old Keene Mill,Week5,216.0 Old Keene Mill - 185.0 Little Hunting Park
Little Hunting Park,Week3,Bren Mar-Edsall Park,Week4,316.0 Little Hunting Park - 85.0 Bren Mar-Edsall Park
Little Hunting Park,Week5,Brandywine,Week3,235.0 Brandywine - 166.0 Little Hunting Park
Little Hunting Park,Week5,Ravensworth Farm,Week4,251.0 Ravensworth Farm - 151.0 Little Hunting Park
Little Hunting Park,Week4,Holmes Run Acres,Week5,291.0 Holmes Run Acres - 111.0 Little Hunting Park
Lincolnia Park,Week1,Chesterbrook,Week3,384.0 Chesterbrook - 18.0 Lincolnia Park
Lincolnia Park,Week1,Chesterbrook,Week2,381.0 Chesterbrook - 21.0 Lincolnia Park
Little Hunting Park,Week1,Overlee,Week2,359.0 Overlee - 43.0 Little Hunting Park
Lincolnia Park,Week1,Chesterbrook,Week1,371.0 Chesterbrook - 31.0 Lincolnia Park
Little Hunting Park,Week3,Ravensworth Farm,Week3,286.0 Ravensworth Farm - 116.0 Little Hunting Park
Little Hunting Park,Week2,Ravensworth Farm,Week5,298.0 Ravensworth Farm - 104.0 Little Hunting Park
Little Hunting Park,Week1,Orange Hunt,Week1,285.0 Orange Hunt - 116.0 Little Hunting Park
Little Hunting Park,Week4,Ravensworth Farm,Week2,263.0 Ravensworth Farm - 138.0 Little Hunting Park
Little Hunting Park,Week2,Ravensworth Farm,Week4,286.0 Ravensworth Farm - 116.0 Little Hunting Park
Little Hunting Park,Week4,High Point Pool,Week3,298.0 High Point Pool - 104.0 Little Hunting Park
Little Hunting Park,Week4,High Point Pool,Week4,297.0 High Point Pool - 105.0 Little Hunting Park
Little Hunting Park,Week1,Orange Hunt,Week2,277.0 Orange Hunt - 124.0 Little Hunting Park
Little Hunting Park,Week5,Orange Hunt,Week3,252.0 Orange Hunt - 149.0 Little Hunting Park
Lincolnia Park,Week4,Villa Aquatic,Week1,303.0 Villa Aquatic - 99.0 Lincolnia Park
Little Hunting Park,Week5,Hiddenbrook,Week4,202.0 Hiddenbrook - 196.0 Little Hunting Park
Little Hunting Park,Week1,Riverside Gardens,Week2,310.0 Riverside Gardens - 92.0 Little Hunting Park
Little Hunting Park,Week1,Riverside Gardens,Week4,327.0 Riverside Gardens - 75.0 Little Hunting Park
Lincolnia Park,Week1,Village West,Week1,262.0 Village West - 140.0 Lincolnia Park
Little Hunting Park,Week2,Holmes Run Acres,Week1,254.0 Holmes Run Acres - 147.0 Little Hunting Park
Little Hunting Park,Week2,Bren Mar-Edsall Park,Week4,300.0 Little Hunting Park - 102.0 Bren Mar-Edsall Park
Little Hunting Park,Week5,Brandywine,Week2,235.0 Brandywine - 166.0 Little Hunting Park
Lincolnia Park,Week4,Cardinal Hill,Week5,331.0 Cardinal Hill - 70.0 Lincolnia Park
Little Hunting Park,Week2,High Point Pool,Week2,292.0 High Point Pool - 110.0 Little Hunting Park
Lincolnia Park,Week4,Village West,Week1,241.0 Village West - 160.0 Lincolnia Park
Little Hunting Park,Week3,Ravensworth Farm,Week5,300.0 Ravensworth Farm - 102.0 Little Hunting Park
Lincolnia Park,Week3,Cardinal Hill,Week5,317.0 Cardinal Hill - 75.0 Lincolnia Park
Lincolnia Park,Week4,Villa Aquatic,Week5,322.0 Villa Aquatic - 80.0 Lincolnia Park
Little Hunting Park,Week2,High Point Pool,Week3,284.0 High Point Pool - 117.0 Little Hunting Park
Little Hunting Park,Week2,Bren Mar-Edsall Park,Week2,315.0 Little Hunting Park - 86.0 Bren Mar-Edsall Park
Little Hunting Park,Week4,Brandywine,Week5,277.0 Brandywine - 125.0 Little Hunting Park
Lincolnia Park,Week1,Chesterbrook,Week5,378.0 Chesterbrook - 24.0 Lincolnia Park
Little Hunting Park,Week3,Orange Hunt,Week4,260.0 Orange Hunt - 142.0 Little Hunting Park
Little Hunting Park,Week3,Holmes Run Acres,Week2,258.0 Holmes Run Acres - 143.0 Little Hunting Park
Little Hunting Park,Week5,Holmes Run Acres,Week4,248.0 Holmes Run Acres - 152.0 Little Hunting Park
Little Hunting Park,Week5,Old Keene Mill,Week4,228.0 Little Hunting Park - 172.0 Old Keene Mill
Little Hunting Park,Week1,Bren Mar-Edsall Park,Week3,320.0 Little Hunting Park - 81.0 Bren Mar-Edsall Park
Lincolnia Park,Week5,Villa Aquatic,Week4,295.0 Villa Aquatic - 98.0 Lincolnia Park
Little Hunting Park,Week3,Holmes Run Acres,Week1,266.0 Holmes Run Acres - 135.0 Little Hunting Park
Little Hunting Park,Week4,Holmes Run Acres,Week2,250.0 Holmes Run Acres - 152.0 Little Hunting Park
Little Hunting Park,Week5,Orange Hunt,Week1,251.0 Orange Hunt - 151.0 Little Hunting Park
Little Hunting Park,Week5,Ravensworth Farm,Week3,256.0 Ravensworth Farm - 145.0 Little Hunting Park
Little Hunting Park,Week3,Bren Mar-Edsall Park,Week1,337.0 Little Hunting Park - 64.0 Bren Mar-Edsall Park
Little Hunting Park,Week4,Orange Hunt,Week5,283.0 Orange Hunt - 119.0 Little Hunting Park
Lincolnia Park,Week2,Village West,Week4,246.0 Village West - 141.0 Lincolnia Park
Little Hunting Park,Week2,Bren Mar-Edsall Park,Week1,326.0 Little Hunting Park - 73.0 Bren Mar-Edsall Park
Little Hunting Park,Week1,High Point Pool,Week2,294.0 High Point Pool - 107.0 Little Hunting Park
Little Hunting Park,Week1,Orange Hunt,Week3,285.0 Orange Hunt - 116.0 Little Hunting Park
Little Hunting Park,Week4,High Point Pool,Week2,293.0 High Point Pool - 109.0 Little Hunting Park
Little Hunting Park,Week2,Holmes Run Acres,Week2,252.0 Holmes Run Acres - 149.0 Little Hunting Park
Lincolnia Park,Week3,Villa Aquatic,Week4,290.0 Villa Aquatic - 103.0 Lincolnia Park
Little Hunting Park,Week4,Ravensworth Farm,Week4,287.0 Ravensworth Farm - 115.0 Little Hunting Park
Little Hunting Park,Week5,Holmes Run Acres,Week5,279.0 Holmes Run Acres - 123.0 Little Hunting Park
Little Hunting Park,Week5,Ravensworth Farm,Week1,245.0 Ravensworth Farm - 156.0 Little Hunting Park
Little Hunting Park,Week4,Holmes Run Acres,Week1,241.0 Holmes Run Acres - 161.0 Little Hunting Park
Little Hunting Park,Week3,High Point Pool,Week4,303.0 High Point Pool - 99.0 Little Hunting Park
Little Hunting Park,Week5,Brandywine,Week1,227.0 Brandywine - 175.0 Little Hunting Park
Little Hunting Park,Week3,Holmes Run Acres,Week3,303.0 Holmes Run Acres - 98.0 Little Hunting Park
Lincolnia Park,Week1,Village West,Week2,260.0 Village West - 141.0 Lincolnia Park
Little Hunting Park,Week4,Holmes Run Acres,Week4,267.0 Holmes Run Acres - 135.0 Little Hunting Park
Little Hunting Park,Week2,Riverside Gardens,Week2,299.0 Riverside Gardens - 103.0 Little Hunting Park
Little Hunting Park,Week3,Ravensworth Farm,Week2,272.0 Ravensworth Farm - 130.0 Little Hunting Park
Lincolnia Park,Week2,Village West,Week1,251.0 Village West - 141.0 Lincolnia Park
Little Hunting Park,Week2,Holmes Run Acres,Week5,303.0 Holmes Run Acres - 99.0 Little Hunting Park
Little Hunting Park,Week3,Orange Hunt,Week5,283.0 Orange Hunt - 119.0 Little Hunting Park
Little Hunting Park,Week5,Old Keene Mill,Week2,231.0 Little Hunting Park - 171.0 Old Keene Mill
Little Hunting Park,Week1,Orange Hunt,Week4,276.0 Orange Hunt - 125.0 Little Hunting Park
Little Hunting Park,Week3,Bren Mar-Edsall Park,Week5,309.0 Little Hunting Park - 93.0 Bren Mar-Edsall Park
Little Hunting Park,Week3,High Point Pool,Week2,302.0 High Point Pool - 100.0 Little Hunting Park
Little Hunting Park,Week5,Hiddenbrook,Week5,205.0 Hiddenbrook - 197.0 Little Hunting Park
Little Hunting Park,Week1,High Point Pool,Week3,291.5 High Point Pool - 110.5 Little Hunting Park
Little Hunting Park,Week1,Riverside Gardens,Week5,333.0 Riverside Gardens - 68.0 Little Hunting Park
Lincolnia Park,Week4,Villa Aquatic,Week4,317.0 Villa Aquatic - 85.0 Lincolnia Park
Little Hunting Park,Week2,Riverside Gardens,Week3,312.0 Riverside Gardens - 90.0 Little Hunting Park
Little Hunting Park,Week3,Bren Mar-Edsall Park,Week3,316.0 Little Hunting Park - 86.0 Bren Mar-Edsall Park
Little Hunting Park,Week4,Old Keene Mill,Week4,202.0 Little Hunting Park - 200.0 Old Keene Mill
Lincolnia Park,Week4,Villa Aquatic,Week3,320.0 Villa Aquatic - 82.0 Lincolnia Park
Little Hunting Park,Week4,Bren Mar-Edsall Park,Week4,297.0 Little Hunting Park - 105.0 Bren Mar-Edsall Park
Lincolnia Park,Week4,Village West,Week2,234.0 Village West - 166.0 Lincolnia Park
Little Hunting Park,Week4,Bren Mar-Edsall Park,Week1,318.0 Little Hunting Park - 81.0 Bren Mar-Edsall Park
Little Hunting Park,Week3,Orange Hunt,Week2,274.0 Orange Hunt - 128.0 Little Hunting Park
Little Hunting Park,Week4,Dowden Terrace,Week2,255.0 Dowden Terrace - 147.0 Little Hunting Park
Little Hunting Park,Week2,Riverside Gardens,Week5,325.0 Riverside Gardens - 77.0 Little Hunting Park
Little Hunting Park,Week2,Hunt Valley,Week4,323.0 Hunt Valley - 79.0 Little Hunting Park
Lincolnia Park,Week5,Village West,Week2,222.0 Village West - 170.0 Lincolnia Park
Little Hunting Park,Week3,Riverside Gardens,Week3,320.5 Riverside Gardens - 81.5 Little Hunting Park
Little Hunting Park,Week5,Brandywine,Week5,262.0 Brandywine - 140.0 Little Hunting Park
Little Hunting Park,Week5,High Point Pool,Week1,282.0 High Point Pool - 120.0 Little Hunting Park
Lincolnia Park,Week4,Village West,Week4,234.0 Village West - 161.0 Lincolnia Park
Little Hunting Park,Week3,Bren Mar-Edsall Park,Week2,329.0 Little Hunting Park - 73.0 Bren Mar-Edsall Park
Little Hunting Park,Week4,Bren Mar-Edsall Park,Week3,299.0 Little Hunting Park - 103.0 Bren Mar-Edsall Park
Little Hunting Park,Week4,High Point Pool,Week5,286.0 High Point Pool - 115.0 Little Hunting Park
Little Hunting Park,Week4,Hunt Valley,Week3,323.0 Hunt Valley - 79.0 Little Hunting Park
Little Hunting Park,Week1,Hunter Mill,Week2,271.0 Hunter Mill - 131.0 Little Hunting Park
Little Hunting Park,Week2,Hunt Valley,Week5,336.0 Hunt Valley - 66.0 Little Hunting Park
Little Hunting Park,Week1,Hunt Valley,Week4,322.0 Hunt Valley - 80.0 Little Hunting Park
Lincolnia Park,Week3,Village West,Week5,230.0 Village West - 161.0 Lincolnia Park
Little Hunting Park,Week2,Riverside Gardens,Week1,317.0 Riverside Gardens - 85.0 Little Hunting Park
Little Hunting Park,Week1,Orange Hunt,Week5,283.0 Orange Hunt - 119.0 Little Hunting Park
Lincolnia Park,Week2,Village West,Week3,273.0 Village West - 119.0 Lincolnia Park
Little Hunting Park,Week5,Hunt Valley,Week4,305.0 Hunt Valley - 97.0 Little Hunting Park
Little Hunting Park,Week4,High Point Pool,Week1,294.0 High Point Pool - 108.0 Little Hunting Park
Little Hunting Park,Week3,Riverside Gardens,Week1,315.0 Riverside Gardens - 87.0 Little Hunting Park
Little Hunting Park,Week1,Bren Mar-Edsall Park,Week5,307.0 Little Hunting Park - 94.0 Bren Mar-Edsall Park
Little Hunting Park,Week3,Riverside Gardens,Week2,297.0 Riverside Gardens - 105.0 Little Hunting Park
Little Hunting Park,Week2,Orange Hunt,Week2,281.0 Orange Hunt - 121.0 Little Hunting Park
Little Hunting Park,Week1,Dowden Terrace,Week1,247.0 Dowden Terrace - 146.0 Little Hunting Park
Little Hunting Park,Week2,Orange Hunt,Week4,273.0 Orange Hunt - 129.0 Little Hunting Park
Little Hunting Park,Week5,Orange Hunt,Week2,257.0 Orange Hunt - 145.0 Little Hunting Park
Little Hunting Park,Week1,Overlee,Week3,345.0 Overlee - 57.0 Little Hunting Park
Lincolnia Park,Week4,Village West,Week5,247.0 Village West - 154.0 Lincolnia Park
Little Hunting Park,Week1,Hunt Valley,Week2,320.0 Hunt Valley - 82.0 Little Hunting Park
Little Hunting Park,Week1,Hunter Mill,Week4,286.0 Hunter Mill - 116.0 Little Hunting Park
Little Hunting Park,Week2,Bren Mar-Edsall Park,Week5,303.0 Little Hunting Park - 98.0 Bren Mar-Edsall Park
Little Hunting Park,Week3,Rolling Forest,Week3,249.0 Rolling Forest - 153.0 Little Hunting Park
Little Hunting Park,Week5,Riverside Gardens,Week2,254.0 Riverside Gardens - 148.0 Little Hunting Park
Lincolnia Park,Week3,Village West,Week2,215.0 Village West - 177.0 Lincolnia Park
Little Hunting Park,Week5,Bren Mar-Edsall Park,Week1,311.5 Little Hunting Park - 85.5 Bren Mar-Edsall Park
Little Hunting Park,Week4,Riverside Gardens,Week4,324.0 Riverside Gardens - 78.0 Little Hunting Park
Little Hunting Park,Week4,Dowden Terrace,Week3,264.0 Dowden Terrace - 138.0 Little Hunting Park
Little Hunting Park,Week4,Dowden Terrace,Week5,275.0 Dowden Terrace - 127.0 Little Hunting Park
Little Hunting Park,Week3,Overlee,Week1,353.0 Overlee - 49.0 Little Hunting Park
Little Hunting Park,Week3,Dowden Terrace,Week3,259.0 Dowden Terrace - 143.0 Little Hunting Park
Little Hunting Park,Week5,Orange Hunt,Week4,248.0 Orange Hunt - 153.0 Little Hunting Park
Little Hunting Park,Week2,Hunt Valley,Week1,312.0 Hunt Valley - 90.0 Little Hunting Park
Little Hunting Park,Week3,Brookfield ,Week2,251.0 Brookfield - 151.0 Little Hunting Park
Little Hunting Park,Week2,Dowden Terrace,Week2,256.0 Dowden Terrace - 146.0 Little Hunting Park
Little Hunting Park,Week3,Overlee,Week5,371.0 Overlee - 31.0 Little Hunting Park
Little Hunting Park,Week3,Hunt Valley,Week3,328.0 Hunt Valley - 74.0 Little Hunting Park
Little Hunting Park,Week5,Donaldson Run,Week2,293.0 Donaldson Run - 109.0 Little Hunting Park
Little Hunting Park,Week4,Donaldson Run,Week4,321.0 Donaldson Run - 81.0 Little Hunting Park
Little Hunting Park,Week1,Hunter Mill,Week3,289.0 Hunter Mill - 113.0 Little Hunting Park
Little Hunting Park,Week1,Rolling Forest,Week2,218.0 Rolling Forest - 183.0 Little Hunting Park
Little Hunting Park,Week1,Brookfield ,Week2,243.0 Brookfield - 158.0 Little Hunting Park
Little Hunting Park,Week4,Riverside Gardens,Week5,332.0 Riverside Gardens - 70.0 Little Hunting Park
Little Hunting Park,Week3,Riverside Gardens,Week4,321.0 Riverside Gardens - 81.0 Little Hunting Park
Little Hunting Park,Week5,Donaldson Run,Week4,300.0 Donaldson Run - 102.0 Little Hunting Park
Little Hunting Park,Week1,Overlee,Week1,346.0 Overlee - 56.0 Little Hunting Park
Little Hunting Park,Week5,Brookfield ,Week5,234.0 Brookfield - 168.0 Little Hunting Park
Little Hunting Park,Week4,Donaldson Run,Week5,336.0 Donaldson Run - 66.0 Little Hunting Park
Little Hunting Park,Week3,Hunt Valley,Week4,320.0 Hunt Valley - 82.0 Little Hunting Park
Little Hunting Park,Week5,Brookfield ,Week1,242.0 Brookfield - 160.0 Little Hunting Park
Lincolnia Park,Week3,Village West,Week4,227.0 Village West - 159.0 Lincolnia Park
Lincolnia Park,Week5,Village West,Week3,236.0 Village West - 156.0 Lincolnia Park
Lincolnia Park,Week5,Village West,Week1,238.0 Village West - 154.0 Lincolnia Park
Little Hunting Park,Week3,Overlee,Week2,358.0 Overlee - 44.0 Little Hunting Park
Lincolnia Park,Week5,Village West,Week5,229.0 Village West - 162.0 Lincolnia Park
Little Hunting Park,Week5,Orange Hunt,Week5,255.0 Orange Hunt - 146.0 Little Hunting Park
Little Hunting Park,Week5,Brookfield ,Week4,228.0 Brookfield - 174.0 Little Hunting Park
Lincolnia Park,Week2,Village West,Week5,242.0 Village West - 150.0 Lincolnia Park
Little Hunting Park,Week4,Hunt Valley,Week4,308.0 Hunt Valley - 94.0 Little Hunting Park
Lincolnia Park,Week5,Village West,Week4,226.0 Village West - 160.0 Lincolnia Park
Little Hunting Park,Week5,Overlee,Week5,357.0 Overlee - 45.0 Little Hunting Park
Little Hunting Park,Week5,Rolling Forest,Week4,210.0 Rolling Forest - 192.0 Little Hunting Park
Little Hunting Park,Week3,Rolling Forest,Week1,233.0 Rolling Forest - 169.0 Little Hunting Park
Little Hunting Park,Week2,Rolling Forest,Week2,225.0 Rolling Forest - 177.0 Little Hunting Park
Little Hunting Park,Week3,Brookfield ,Week3,238.0 Brookfield - 164.0 Little Hunting Park
Little Hunting Park,Week5,Bren Mar-Edsall Park,Week4,306.0 Little Hunting Park - 94.0 Bren Mar-Edsall Park
Little Hunting Park,Week2,Dowden Terrace,Week4,266.0 Dowden Terrace - 136.0 Little Hunting Park
Little Hunting Park,Week3,Hunt Valley,Week1,302.0 Hunt Valley - 100.0 Little Hunting Park
Lincolnia Park,Week1,Virginia Hills,Week1,249.0 Lincolnia Park - 152.0 Virginia Hills
Lincolnia Park,Week5,Virginia Hills,Week2,283.0 Lincolnia Park - 107.0 Virginia Hills
Little Hunting Park,Week4,Overlee,Week4,383.0 Overlee - 19.0 Little Hunting Park
Little Hunting Park,Week2,Hunt Valley,Week3,329.0 Hunt Valley - 73.0 Little Hunting Park
Little Hunting Park,Week1,Hunt Valley,Week1,317.0 Hunt Valley - 85.0 Little Hunting Park
Little Hunting Park,Week2,Parklawn,Week4,209.0 Little Hunting Park - 185.0 Parklawn
Little Hunting Park,Week1,Rolling Forest,Week4,237.0 Rolling Forest - 164.0 Little Hunting Park
Little Hunting Park,Week2,Brookfield ,Week1,275.0 Brookfield - 127.0 Little Hunting Park
Lincolnia Park,Week1,Virginia Hills,Week3,242.0 Lincolnia Park - 159.0 Virginia Hills
Little Hunting Park,Week2,Overlee,Week3,349.0 Overlee - 53.0 Little Hunting Park
Little Hunting Park,Week2,Dowden Terrace,Week5,274.0 Dowden Terrace - 128.0 Little Hunting Park
Little Hunting Park,Week5,Donaldson Run,Week1,284.0 Donaldson Run - 118.0 Little Hunting Park
Lincolnia Park,Week2,Virginia Hills,Week2,235.0 Lincolnia Park - 152.0 Virginia Hills
Little Hunting Park,Week1,Rolling Forest,Week1,249.0 Rolling Forest - 152.0 Little Hunting Park
Little Hunting Park,Week4,Hunt Valley,Week1,305.0 Hunt Valley - 97.0 Little Hunting Park
Little Hunting Park,Week1,Dowden Terrace,Week4,266.0 Dowden Terrace - 136.0 Little Hunting Park
Little Hunting Park,Week2,Brookfield ,Week5,249.0 Brookfield - 153.0 Little Hunting Park
Little Hunting Park,Week4,Hunter Mill,Week4,283.0 Hunter Mill - 119.0 Little Hunting Park
Little Hunting Park,Week2,Hunt Valley,Week2,316.0 Hunt Valley - 86.0 Little Hunting Park
Little Hunting Park,Week1,Hunt Valley,Week5,331.0 Hunt Valley - 71.0 Little Hunting Park
Little Hunting Park,Week3,Parklawn,Week3,234.0 Little Hunting Park - 167.0 Parklawn
Lincolnia Park,Week4,Virginia Hills,Week3,224.0 Lincolnia Park - 176.0 Virginia Hills
Little Hunting Park,Week5,Donaldson Run,Week5,320.0 Donaldson Run - 82.0 Little Hunting Park
Little Hunting Park,Week5,Bren Mar-Edsall Park,Week2,319.0 Little Hunting Park - 81.0 Bren Mar-Edsall Park
Little Hunting Park,Week1,Dowden Terrace,Week5,277.0 Dowden Terrace - 125.0 Little Hunting Park
Little Hunting Park,Week2,Parklawn,Week3,228.0 Little Hunting Park - 170.0 Parklawn
Little Hunting Park,Week4,Parklawn,Week2,221.5 Little Hunting Park - 176.5 Parklawn
Little Hunting Park,Week2,Overlee,Week2,362.0 Overlee - 40.0 Little Hunting Park
Lincolnia Park,Week4,Virginia Hills,Week2,254.0 Lincolnia Park - 141.0 Virginia Hills
Little Hunting Park,Week4,Hunt Valley,Week5,329.0 Hunt Valley - 73.0 Little Hunting Park
Little Hunting Park,Week5,Riverside Gardens,Week5,322.5 Riverside Gardens - 79.5 Little Hunting Park
Little Hunting Park,Week1,Brookfield ,Week4,270.0 Brookfield - 132.0 Little Hunting Park
Little Hunting Park,Week2,Rolling Forest,Week1,245.0 Rolling Forest - 157.0 Little Hunting Park
Little Hunting Park,Week1,Dowden Terrace,Week3,263.0 Dowden Terrace - 139.0 Little Hunting Park
Little Hunting Park,Week2,Rolling Forest,Week5,254.0 Rolling Forest - 148.0 Little Hunting Park
Little Hunting Park,Week1,Rolling Forest,Week5,252.0 Rolling Forest - 149.0 Little Hunting Park
Little Hunting Park,Week2,Rolling Forest,Week4,237.0 Rolling Forest - 165.0 Little Hunting Park
Little Hunting Park,Week2,Dowden Terrace,Week1,253.0 Dowden Terrace - 145.0 Little Hunting Park
Little Hunting Park,Week2,Parklawn,Week5,214.0 Little Hunting Park - 184.0 Parklawn
Little Hunting Park,Week1,Brookfield ,Week1,268.0 Brookfield - 134.0 Little Hunting Park
Lincolnia Park,Week2,Virginia Hills,Week4,230.0 Lincolnia Park - 157.0 Virginia Hills
Little Hunting Park,Week3,Brookfield ,Week5,260.0 Brookfield - 142.0 Little Hunting Park
Little Hunting Park,Week5,Hunt Valley,Week1,295.0 Hunt Valley - 107.0 Little Hunting Park
Little Hunting Park,Week5,Riverside Gardens,Week3,285.0 Riverside Gardens - 117.0 Little Hunting Park
Little Hunting Park,Week1,Overlee,Week5,369.0 Overlee - 33.0 Little Hunting Park
Lincolnia Park,Week4,Virginia Hills,Week4,230.0 Lincolnia Park - 169.0 Virginia Hills
Lincolnia Park,Week3,Virginia Hills,Week4,254.0 Lincolnia Park - 137.0 Virginia Hills
Little Hunting Park,Week4,Donaldson Run,Week2,321.0 Donaldson Run - 81.0 Little Hunting Park
Little Hunting Park,Week5,Bren Mar-Edsall Park,Week3,314.0 Little Hunting Park - 88.0 Bren Mar-Edsall Park
Little Hunting Park,Week4,Dowden Terrace,Week1,241.0 Dowden Terrace - 157.0 Little Hunting Park
Little Hunting Park,Week4,Hunt Valley,Week2,311.0 Hunt Valley - 91.0 Little Hunting Park
Little Hunting Park,Week5,Overlee,Week3,329.0 Overlee - 73.0 Little Hunting Park
Little Hunting Park,Week2,Overlee,Week4,379.0 Overlee - 23.0 Little Hunting Park
Little Hunting Park,Week4,Overlee,Week1,351.0 Overlee - 51.0 Little Hunting Park
Little Hunting Park,Week2,Brookfield ,Week2,247.0 Brookfield - 155.0 Little Hunting Park
Little Hunting Park,Week4,Brookfield ,Week2,247.0 Brookfield - 155.0 Little Hunting Park
Little Hunting Park,Week4,Donaldson Run,Week3,327.0 Donaldson Run - 75.0 Little Hunting Park
Lincolnia Park,Week3,Virginia Hills,Week5,249.0 Lincolnia Park - 143.0 Virginia Hills
Lincolnia Park,Week2,Virginia Hills,Week3,230.0 Lincolnia Park - 162.0 Virginia Hills
Lincolnia Park,Week5,Virginia Hills,Week4,255.0 Lincolnia Park - 135.0 Virginia Hills
Little Hunting Park,Week3,Dowden Terrace,Week1,255.0 Dowden Terrace - 146.0 Little Hunting Park
Lincolnia Park,Week5,Virginia Hills,Week3,261.0 Lincolnia Park - 132.0 Virginia Hills
Little Hunting Park,Week5,Bren Mar-Edsall Park,Week5,300.0 Little Hunting Park - 98.0 Bren Mar-Edsall Park
Little Hunting Park,Week5,Hunt Valley,Week5,324.5 Hunt Valley - 77.5 Little Hunting Park
Little Hunting Park,Week3,Rolling Forest,Week2,220.0 Rolling Forest - 182.0 Little Hunting Park
Little Hunting Park,Week3,Brookfield ,Week1,272.0 Brookfield - 130.0 Little Hunting Park
Little Hunting Park,Week3,Dowden Terrace,Week2,257.0 Dowden Terrace - 145.0 Little Hunting Park
Little Hunting Park,Week5,Riverside Gardens,Week4,307.0 Riverside Gardens - 95.0 Little Hunting Park
Little Hunting Park,Week4,Rolling Forest,Week5,255.0 Rolling Forest - 147.0 Little Hunting Park
Little Hunting Park,Week4,Rolling Forest,Week3,246.0 Rolling Forest - 156.0 Little Hunting Park
Little Hunting Park,Week5,Donaldson Run,Week3,294.0 Donaldson Run - 108.0 Little Hunting Park
Lincolnia Park,Week3,Virginia Hills,Week1,274.0 Lincolnia Park - 118.0 Virginia Hills
Little Hunting Park,Week4,Brookfield ,Week3,243.0 Brookfield - 158.0 Little Hunting Park
Little Hunting Park,Week5,Hunt Valley,Week3,309.0 Hunt Valley - 93.0 Little Hunting Park
Little Hunting Park,Week4,Overlee,Week2,356.0 Overlee - 46.0 Little Hunting Park
Little Hunting Park,Week4,Brookfield ,Week4,267.0 Brookfield - 135.0 Little Hunting Park
Little Hunting Park,Week3,Brookfield ,Week4,269.0 Brookfield - 133.0 Little Hunting Park
Little Hunting Park,Week2,Overlee,Week1,358.0 Overlee - 44.0 Little Hunting Park
Little Hunting Park,Week3,Hunt Valley,Week5,334.0 Hunt Valley - 68.0 Little Hunting Park
Little Hunting Park,Week2,Hunter Mill,Week1,279.0 Hunter Mill - 123.0 Little Hunting Park
Little Hunting Park,Week4,Rolling Forest,Week1,245.0 Rolling Forest - 157.0 Little Hunting Park
Little Hunting Park,Week1,Hunt Valley,Week3,326.0 Hunt Valley - 76.0 Little Hunting Park
Little Hunting Park,Week3,Hunt Valley,Week2,319.0 Hunt Valley - 83.0 Little Hunting Park
Little Hunting Park,Week5,Overlee,Week2,344.0 Overlee - 58.0 Little Hunting Park
Little Hunting Park,Week3,Dowden Terrace,Week5,280.5 Dowden Terrace - 121.5 Little Hunting Park
Little Hunting Park,Week2,Dowden Terrace,Week3,267.0 Dowden Terrace - 135.0 Little Hunting Park
Lincolnia Park,Week4,Virginia Hills,Week1,241.0 Lincolnia Park - 157.0 Virginia Hills
Little Hunting Park,Week4,Rolling Forest,Week2,232.0 Rolling Forest - 170.0 Little Hunting Park
Little Hunting Park,Week3,Rolling Forest,Week4,234.0 Rolling Forest - 168.0 Little Hunting Park
Lincolnia Park,Week1,Virginia Hills,Week5,222.0 Lincolnia Park - 179.0 Virginia Hills
Little Hunting Park,Week2,Brookfield ,Week3,243.0 Brookfield - 158.0 Little Hunting Park
Little Hunting Park,Week3,Overlee,Week3,352.5 Overlee - 49.5 Little Hunting Park
Lincolnia Park,Week4,Virginia Hills,Week5,212.0 Lincolnia Park - 190.0 Virginia Hills
Little Hunting Park,Week1,Dowden Terrace,Week2,262.0 Dowden Terrace - 139.0 Little Hunting Park
Little Hunting Park,Week5,Hunt Valley,Week2,295.0 Hunt Valley - 106.0 Little Hunting Park
Little Hunting Park,Week2,Hunter Mill,Week2,275.0 Hunter Mill - 126.0 Little Hunting Park
Lincolnia Park,Week5,Virginia Hills,Week1,269.0 Lincolnia Park - 122.0 Virginia Hills
Little Hunting Park,Week1,Parklawn,Week2,216.0 Little Hunting Park - 177.0 Parklawn
Little Hunting Park,Week1,Parklawn,Week3,221.0 Little Hunting Park - 172.0 Parklawn
Little Hunting Park,Week3,Rolling Forest,Week5,256.0 Rolling Forest - 146.0 Little Hunting Park
Little Hunting Park,Week4,Brookfield ,Week1,270.0 Brookfield - 132.0 Little Hunting Park
Lincolnia Park,Week3,Virginia Hills,Week3,267.0 Lincolnia Park - 126.0 Virginia Hills
Little Hunting Park,Week2,Rolling Forest,Week3,244.0 Rolling Forest - 158.0 Little Hunting Park
Little Hunting Park,Week1,Hunter Mill,Week1,280.0 Hunter Mill - 122.0 Little Hunting Park
Little Hunting Park,Week3,Dowden Terrace,Week4,261.0 Dowden Terrace - 141.0 Little Hunting Park
Little Hunting Park,Week3,Dunn Loring,Week1,276.0 Dunn Loring - 126.0 Little Hunting Park
Little Hunting Park,Week2,Hunter Mill,Week5,288.0 Hunter Mill - 114.0 Little Hunting Park
Lincolnia Park,Week3,Virginia Hills,Week2,286.0 Lincolnia Park - 105.0 Virginia Hills
Little Hunting Park,Week5,Rolling Forest,Week1,207.0 Rolling Forest - 195.0 Little Hunting Park
Little Hunting Park,Week1,Brookfield ,Week3,244.0 Brookfield - 154.0 Little Hunting Park
Little Hunting Park,Week2,Brookfield ,Week4,273.0 Brookfield - 129.0 Little Hunting Park
Little Hunting Park,Week4,Dowden Terrace,Week4,267.0 Dowden Terrace - 135.0 Little Hunting Park
Little Hunting Park,Week5,Overlee,Week4,369.0 Overlee - 33.0 Little Hunting Park
Little Hunting Park,Week1,Rolling Forest,Week3,244.0 Rolling Forest - 158.0 Little Hunting Park
Little Hunting Park,Week4,Brookfield ,Week5,273.0 Brookfield - 129.0 Little Hunting Park
Little Hunting Park,Week2,Overlee,Week5,375.0 Overlee - 27.0 Little Hunting Park
Little Hunting Park,Week2,Hunter Mill,Week4,293.0 Hunter Mill - 108.0 Little Hunting Park
Lincolnia Park,Week2,Virginia Hills,Week5,195.0 Virginia Hills - 193.0 Lincolnia Park
Lincolnia Park,Week1,Virginia Run,Week1,338.0 Virginia Run - 64.0 Lincolnia Park
Little Hunting Park,Week1,Dunn Loring,Week2,321.0 Dunn Loring - 81.0 Little Hunting Park
Little Hunting Park,Week1,Broyhill Crest,Week1,323.0 Little Hunting Park - 77.0 Broyhill Crest
Little Hunting Park,Week1,Parklawn,Week1,252.0 Little Hunting Park - 141.0 Parklawn
Little Hunting Park,Week4,Rolling Forest,Week4,243.0 Rolling Forest - 159.0 Little Hunting Park
Little Hunting Park,Week5,Brookfield ,Week2,215.0 Brookfield - 187.0 Little Hunting Park
Little Hunting Park,Week5,Brookfield ,Week3,222.0 Brookfield - 180.0 Little Hunting Park
Lincolnia Park,Week5,Virginia Hills,Week5,250.0 Lincolnia Park - 141.0 Virginia Hills
Little Hunting Park,Week5,Rolling Forest,Week2,202.0 Rolling Forest - 200.0 Little Hunting Park
Little Hunting Park,Week1,Broyhill Crest,Week2,342.0 Little Hunting Park - 58.0 Broyhill Crest
Little Hunting Park,Week2,Hunter Mill,Week3,294.0 Hunter Mill - 108.0 Little Hunting Park
Little Hunting Park,Week4,Overlee,Week3,353.0 Overlee - 49.0 Little Hunting Park
Little Hunting Park,Week2,Rolling Hills,Week3,212.0 Rolling Hills - 190.0 Little Hunting Park
Little Hunting Park,Week4,Overlee,Week5,375.5 Overlee - 26.5 Little Hunting Park
Little Hunting Park,Week5,Dunn Loring,Week2,301.0 Dunn Loring - 101.0 Little Hunting Park
Lincolnia Park,Week3,Virginia Run,Week3,298.0 Virginia Run - 95.0 Lincolnia Park
Little Hunting Park,Week4,Dunn Loring,Week2,325.0 Dunn Loring - 77.0 Little Hunting Park
Little Hunting Park,Week1,Brookfield ,Week5,250.0 Brookfield - 152.0 Little Hunting Park
Lincolnia Park,Week1,Wakefield Chapel,Week4,376.0 Wakefield Chapel - 26.0 Lincolnia Park
Lincolnia Park,Week2,Virginia Hills,Week1,235.0 Lincolnia Park - 152.0 Virginia Hills
Little Hunting Park,Week5,Dowden Terrace,Week2,222.0 Dowden Terrace - 180.0 Little Hunting Park
Little Hunting Park,Week3,Hunter Mill,Week5,295.0 Hunter Mill - 107.0 Little Hunting Park
Little Hunting Park,Week5,Riverside Gardens,Week1,279.0 Riverside Gardens - 123.0 Little Hunting Park
Little Hunting Park,Week3,Overlee,Week4,383.0 Overlee - 19.0 Little Hunting Park
Little Hunting Park,Week1,Dunn Loring,Week3,323.0 Dunn Loring - 79.0 Little Hunting Park
Little Hunting Park,Week3,Hunter Mill,Week1,286.0 Hunter Mill - 116.0 Little Hunting Park
Little Hunting Park,Week1,Parklawn,Week5,208.0 Little Hunting Park - 185.0 Parklawn
Little Hunting Park,Week3,Hunter Mill,Week3,297.0 Hunter Mill - 105.0 Little Hunting Park
Little Hunting Park,Week3,Hunter Mill,Week4,293.0 Hunter Mill - 109.0 Little Hunting Park
Little Hunting Park,Week5,Rolling Forest,Week3,216.0 Rolling Forest - 186.0 Little Hunting Park
Little Hunting Park,Week4,Dunn Loring,Week5,322.0 Dunn Loring - 80.0 Little Hunting Park
Little Hunting Park,Week5,Rolling Hills,Week2,207.0 Rolling Hills - 195.0 Little Hunting Park
Little Hunting Park,Week2,Dunn Loring,Week2,310.0 Dunn Loring - 92.0 Little Hunting Park
Little Hunting Park,Week5,Overlee,Week1,334.0 Overlee - 68.0 Little Hunting Park
Little Hunting Park,Week3,Rolling Hills,Week4,216.0 Rolling Hills - 185.0 Little Hunting Park
Little Hunting Park,Week1,Parklawn,Week4,198.0 Little Hunting Park - 195.0 Parklawn
Lincolnia Park,Week1,Virginia Run,Week2,333.0 Virginia Run - 69.0 Lincolnia Park
Little Hunting Park,Week5,Dowden Terrace,Week4,242.0 Dowden Terrace - 160.0 Little Hunting Park
Little Hunting Park,Week5,Hunter Mill,Week2,262.0 Hunter Mill - 140.0 Little Hunting Park
Lincolnia Park,Week4,Virginia Run,Week1,335.0 Virginia Run - 67.0 Lincolnia Park
Little Hunting Park,Week4,Hunter Mill,Week1,279.0 Hunter Mill - 123.0 Little Hunting Park
Lincolnia Park,Week2,Virginia Run,Week3,326.0 Virginia Run - 67.0 Lincolnia Park
Lincolnia Park,Week3,Virginia Run,Week5,322.0 Virginia Run - 71.0 Lincolnia Park
Little Hunting Park,Week2,Parklawn,Week2,224.0 Little Hunting Park - 172.0 Parklawn
Little Hunting Park,Week5,Rolling Hills,Week4,207.0 Rolling Hills - 194.0 Little Hunting Park
Little Hunting Park,Week4,Hunter Mill,Week3,279.0 Hunter Mill - 123.0 Little Hunting Park
Little Hunting Park,Week1,Broyhill Crest,Week4,312.0 Little Hunting Park - 88.0 Broyhill Crest
Little Hunting Park,Week4,Broyhill Crest,Week1,309.0 Little Hunting Park - 89.0 Broyhill Crest
Little Hunting Park,Week3,Broyhill Crest,Week5,290.0 Little Hunting Park - 112.0 Broyhill Crest
Little Hunting Park,Week3,Hunter Mill,Week2,275.0 Hunter Mill - 127.0 Little Hunting Park
Little Hunting Park,Week1,Ilda Community,Week3,211.0 Little Hunting Park - 190.0 Ilda Community
Little Hunting Park,Week5,Rolling Hills,Week5,211.0 Little Hunting Park - 191.0 Rolling Hills
Little Hunting Park,Week2,Dunn Loring,Week1,276.5 Dunn Loring - 125.5 Little Hunting Park
Little Hunting Park,Week3,Dunn Loring,Week2,319.0 Dunn Loring - 83.0 Little Hunting Park
Little Hunting Park,Week2,Broyhill Crest,Week2,320.0 Little Hunting Park - 78.0 Broyhill Crest
Little Hunting Park,Week4,Hunter Mill,Week2,269.0 Hunter Mill - 133.0 Little Hunting Park
Little Hunting Park,Week5,Hunter Mill,Week4,279.0 Hunter Mill - 123.0 Little Hunting Park
Little Hunting Park,Week5,Dunn Loring,Week1,246.0 Dunn Loring - 156.0 Little Hunting Park
Little Hunting Park,Week5,Dunn Loring,Week3,308.0 Dunn Loring - 94.0 Little Hunting Park
Little Hunting Park,Week3,Broyhill Crest,Week3,332.0 Little Hunting Park - 68.0 Broyhill Crest
Little Hunting Park,Week3,Parklawn,Week4,216.0 Little Hunting Park - 185.0 Parklawn
Little Hunting Park,Week1,Broyhill Crest,Week5,291.0 Little Hunting Park - 107.0 Broyhill Crest
Little Hunting Park,Week1,Rolling Valley,Week2,231.0 Little Hunting Park - 171.0 Rolling Valley
Little Hunting Park,Week2,Parklawn,Week1,254.0 Little Hunting Park - 138.0 Parklawn
Little Hunting Park,Week4,Rolling Hills,Week5,221.0 Rolling Hills - 181.0 Little Hunting Park
Little Hunting Park,Week3,Parklawn,Week2,227.0 Little Hunting Park - 173.0 Parklawn
Lincolnia Park,Week1,Virginia Run,Week4,343.5 Virginia Run - 58.5 Lincolnia Park
Little Hunting Park,Week1,Fair Oaks ,Week5,293.0 Fair Oaks - 108.0 Little Hunting Park
Lincolnia Park,Week4,Virginia Run,Week2,325.0 Virginia Run - 77.0 Lincolnia Park
Little Hunting Park,Week1,Hunter Mill,Week5,301.0 Hunter Mill - 101.0 Little Hunting Park
Little Hunting Park,Week2,Broyhill Crest,Week1,309.0 Little Hunting Park - 88.0 Broyhill Crest
Little Hunting Park,Week3,Parklawn,Week5,217.0 Little Hunting Park - 184.0 Parklawn
Little Hunting Park,Week1,Rolling Hills,Week3,225.0 Rolling Hills - 176.0 Little Hunting Park
Lincolnia Park,Week3,Virginia Run,Week1,312.0 Virginia Run - 81.0 Lincolnia Park
Little Hunting Park,Week1,Broyhill Crest,Week3,329.0 Little Hunting Park - 68.0 Broyhill Crest
Little Hunting Park,Week1,Rolling Valley,Week4,224.0 Little Hunting Park - 177.0 Rolling Valley
Little Hunting Park,Week3,Parklawn,Week1,251.0 Little Hunting Park - 142.0 Parklawn
Lincolnia Park,Week5,Virginia Run,Week1,314.0 Virginia Run - 79.0 Lincolnia Park
Little Hunting Park,Week2,Burke Station,Week5,208.0 Little Hunting Park - 194.0 Burke Station
Little Hunting Park,Week1,Burke Station,Week5,209.0 Little Hunting Park - 192.0 Burke Station
Little Hunting Park,Week4,Hunter Mill,Week5,288.0 Hunter Mill - 114.0 Little Hunting Park
Little Hunting Park,Week5,Parklawn,Week2,241.0 Little Hunting Park - 159.0 Parklawn
Little Hunting Park,Week5,Rolling Forest,Week5,227.0 Rolling Forest - 175.0 Little Hunting Park
Little Hunting Park,Week2,Dunn Loring,Week4,322.0 Dunn Loring - 80.0 Little Hunting Park
Lincolnia Park,Week1,Virginia Run,Week3,334.0 Virginia Run - 68.0 Lincolnia Park
Little Hunting Park,Week2,Ilda Community,Week1,210.0 Little Hunting Park - 188.0 Ilda Community
Lincolnia Park,Week4,Virginia Run,Week4,336.0 Virginia Run - 66.0 Lincolnia Park
Little Hunting Park,Week1,Parliament,Week4,245.0 Parliament - 157.0 Little Hunting Park
Little Hunting Park,Week2,Rolling Hills,Week5,223.0 Rolling Hills - 179.0 Little Hunting Park
Little Hunting Park,Week1,Ilda Community,Week4,202.0 Ilda Community - 199.0 Little Hunting Park
Little Hunting Park,Week1,Burke Station,Week3,198.0 Little Hunting Park - 194.0 Burke Station
Little Hunting Park,Week4,Parklawn,Week1,253.0 Little Hunting Park - 140.0 Parklawn
Lincolnia Park,Week1,Sleepy Hollow Rec,Week5,274.0 Sleepy Hollow Rec - 124.0 Lincolnia Park
Little Hunting Park,Week1,Dunn Loring,Week1,275.0 Dunn Loring - 127.0 Little Hunting Park
Lincolnia Park,Week1,Sleepy Hollow Rec,Week4,264.0 Sleepy Hollow Rec - 138.0 Lincolnia Park
Lincolnia Park,Week4,Virginia Run,Week3,329.0 Virginia Run - 73.0 Lincolnia Park
Little Hunting Park,Week1,Dunn Loring,Week4,321.0 Dunn Loring - 80.0 Little Hunting Park
Lincolnia Park,Week1,Somerset-Olde Creek,Week1,213.0 Lincolnia Park - 171.0 Somerset-Olde Creek
Little Hunting Park,Week1,Rolling Hills,Week1,224.0 Rolling Hills - 174.0 Little Hunting Park
Little Hunting Park,Week3,Rolling Hills,Week2,238.0 Rolling Hills - 164.0 Little Hunting Park
Lincolnia Park,Week2,Virginia Run,Week2,312.0 Virginia Run - 81.0 Lincolnia Park
Lincolnia Park,Week5,Virginia Run,Week3,297.0 Virginia Run - 96.0 Lincolnia Park
Little Hunting Park,Week2,Rolling Hills,Week4,208.0 Rolling Hills - 190.0 Little Hunting Park
Lincolnia Park,Week3,Sleepy Hollow Rec,Week5,252.0 Sleepy Hollow Rec - 141.0 Lincolnia Park
Little Hunting Park,Week3,Dunn Loring,Week4,328.0 Dunn Loring - 74.0 Little Hunting Park
Little Hunting Park,Week2,Rolling Hills,Week2,228.0 Rolling Hills - 174.0 Little Hunting Park
Little Hunting Park,Week3,Broyhill Crest,Week1,319.0 Little Hunting Park - 81.0 Broyhill Crest
Little Hunting Park,Week2,Ilda Community,Week2,209.0 Little Hunting Park - 192.0 Ilda Community
Little Hunting Park,Week2,Parliament,Week4,245.0 Parliament - 157.0 Little Hunting Park
Little Hunting Park,Week1,Ilda Community,Week1,207.0 Little Hunting Park - 194.0 Ilda Community
Little Hunting Park,Week5,Dowden Terrace,Week3,221.0 Dowden Terrace - 181.0 Little Hunting Park
Little Hunting Park,Week5,Dunn Loring,Week4,300.0 Dunn Loring - 102.0 Little Hunting Park
Little Hunting Park,Week5,Parklawn,Week3,247.5 Little Hunting Park - 152.5 Parklawn
Lincolnia Park,Week2,Sleepy Hollow Rec,Week4,272.0 Sleepy Hollow Rec - 119.0 Lincolnia Park
Lincolnia Park,Week4,Sleepy Hollow Rec,Week1,266.0 Sleepy Hollow Rec - 136.0 Lincolnia Park
Little Hunting Park,Week2,Rolling Hills,Week1,223.0 Rolling Hills - 178.0 Little Hunting Park
Little Hunting Park,Week2,Burke Station,Week1,203.0 Little Hunting Park - 171.0 Burke Station
Little Hunting Park,Week4,Parklawn,Week5,220.0 Little Hunting Park - 178.0 Parklawn
Little Hunting Park,Week4,Broyhill Crest,Week3,328.0 Little Hunting Park - 69.0 Broyhill Crest
Lincolnia Park,Week2,Sleepy Hollow Rec,Week2,277.0 Sleepy Hollow Rec - 116.0 Lincolnia Park
Lincolnia Park,Week2,Virginia Run,Week5,349.0 Virginia Run - 44.0 Lincolnia Park
Little Hunting Park,Week3,Dunn Loring,Week3,320.0 Dunn Loring - 82.0 Little Hunting Park
Little Hunting Park,Week2,Rolling Valley,Week2,231.0 Little Hunting Park - 171.0 Rolling Valley
Little Hunting Park,Week5,Hunter Mill,Week1,254.0 Hunter Mill - 148.0 Little Hunting Park
Little Hunting Park,Week5,Dowden Terrace,Week5,254.0 Dowden Terrace - 147.0 Little Hunting Park
Little Hunting Park,Week3,Parliament,Week2,221.0 Parliament - 181.0 Little Hunting Park
Little Hunting Park,Week2,Burke Station,Week4,230.0 Little Hunting Park - 171.0 Burke Station
Little Hunting Park,Week1,Ilda Community,Week5,213.0 Little Hunting Park - 185.0 Ilda Community
Lincolnia Park,Week3,Virginia Run,Week2,287.0 Virginia Run - 106.0 Lincolnia Park
Little Hunting Park,Week4,Burke Station,Week2,238.0 Little Hunting Park - 159.0 Burke Station
Little Hunting Park,Week1,Rolling Hills,Week4,216.0 Rolling Hills - 177.0 Little Hunting Park
Lincolnia Park,Week1,Virginia Run,Week5,353.0 Virginia Run - 49.0 Lincolnia Park
Little Hunting Park,Week3,Burke Station,Week1,212.0 Little Hunting Park - 166.0 Burke Station
Little Hunting Park,Week3,Dunn Loring,Week5,319.0 Dunn Loring - 83.0 Little Hunting Park
Lincolnia Park,Week5,Sleepy Hollow Rec,Week3,256.0 Sleepy Hollow Rec - 137.0 Lincolnia Park
Little Hunting Park,Week3,Ilda Community,Week2,209.0 Little Hunting Park - 193.0 Ilda Community
Little Hunting Park,Week2,Burke Station,Week2,237.0 Little Hunting Park - 159.0 Burke Station
Little Hunting Park,Week4,Parliament,Week1,264.0 Parliament - 138.0 Little Hunting Park
Little Hunting Park,Week2,Ilda Community,Week5,202.0 Ilda Community - 195.0 Little Hunting Park
Little Hunting Park,Week5,Dowden Terrace,Week1,218.0 Dowden Terrace - 183.0 Little Hunting Park
Little Hunting Park,Week2,Ilda Community,Week4,211.0 Ilda Community - 189.0 Little Hunting Park
Lincolnia Park,Week4,Virginia Run,Week5,352.0 Virginia Run - 50.0 Lincolnia Park
Little Hunting Park,Week5,Hunter Mill,Week3,262.0 Hunter Mill - 140.0 Little Hunting Park
Little Hunting Park,Week3,Ilda Community,Week1,206.0 Little Hunting Park - 196.0 Ilda Community
Little Hunting Park,Week4,Dunn Loring,Week1,291.0 Dunn Loring - 111.0 Little Hunting Park
Little Hunting Park,Week2,Rolling Valley,Week1,267.5 Little Hunting Park - 133.5 Rolling Valley
Little Hunting Park,Week3,Rolling Hills,Week5,215.0 Rolling Hills - 187.0 Little Hunting Park
Lincolnia Park,Week4,Sleepy Hollow Rec,Week2,275.0 Sleepy Hollow Rec - 123.0 Lincolnia Park
Little Hunting Park,Week5,Hunter Mill,Week5,271.0 Hunter Mill - 131.0 Little Hunting Park
Little Hunting Park,Week4,Burke Station,Week3,216.0 Little Hunting Park - 180.0 Burke Station
Little Hunting Park,Week1,Rolling Valley,Week3,233.0 Little Hunting Park - 169.0 Rolling Valley
Little Hunting Park,Week3,Parliament,Week5,255.0 Parliament - 147.0 Little Hunting Park
Little Hunting Park,Week4,Broyhill Crest,Week4,302.0 Little Hunting Park - 96.0 Broyhill Crest
Little Hunting Park,Week4,Burke Station,Week5,211.0 Little Hunting Park - 191.0 Burke Station
Little Hunting Park,Week4,Rolling Hills,Week1,230.0 Rolling Hills - 171.0 Little Hunting Park
Lincolnia Park,Week3,Virginia Run,Week4,314.0 Virginia Run - 79.0 Lincolnia Park
Little Hunting Park,Week4,Parklawn,Week3,235.0 Little Hunting Park - 163.0 Parklawn
Lincolnia Park,Week1,Wakefield Chapel,Week2,377.0 Wakefield Chapel - 25.0 Lincolnia Park
Little Hunting Park,Week4,Parliament,Week2,229.0 Parliament - 173.0 Little Hunting Park
Little Hunting Park,Week2,Dunn Loring,Week5,322.0 Dunn Loring - 80.0 Little Hunting Park
Lincolnia Park,Week2,Virginia Run,Week1,339.0 Virginia Run - 54.0 Lincolnia Park
Lincolnia Park,Week5,Virginia Run,Week2,293.0 Virginia Run - 100.0 Lincolnia Park
Little Hunting Park,Week2,Ilda Community,Week3,212.5 Little Hunting Park - 187.5 Ilda Community
Lincolnia Park,Week3,Sleepy Hollow Rec,Week1,218.5 Sleepy Hollow Rec - 174.5 Lincolnia Park
Little Hunting Park,Week3,Parliament,Week1,257.0 Parliament - 145.0 Little Hunting Park
Little Hunting Park,Week1,Fair Oaks ,Week2,250.0 Fair Oaks - 151.0 Little Hunting Park
Little Hunting Park,Week2,Broyhill Crest,Week5,291.0 Little Hunting Park - 109.0 Broyhill Crest
Lincolnia Park,Week2,Sleepy Hollow Rec,Week1,252.0 Sleepy Hollow Rec - 140.0 Lincolnia Park
Little Hunting Park,Week2,Parliament,Week2,222.0 Parliament - 180.0 Little Hunting Park
Lincolnia Park,Week1,Wakefield Chapel,Week1,371.0 Wakefield Chapel - 31.0 Lincolnia Park
Little Hunting Park,Week1,Dunn Loring,Week5,317.0 Dunn Loring - 84.0 Little Hunting Park
Little Hunting Park,Week2,Dunn Loring,Week3,326.0 Dunn Loring - 76.0 Little Hunting Park
Lincolnia Park,Week5,Sleepy Hollow Rec,Week2,251.0 Sleepy Hollow Rec - 142.0 Lincolnia Park
Little Hunting Park,Week4,Rolling Hills,Week2,241.0 Rolling Hills - 161.0 Little Hunting Park
Lincolnia Park,Week5,Sleepy Hollow Rec,Week4,233.0 Sleepy Hollow Rec - 159.0 Lincolnia Park
Lincolnia Park,Week4,Sleepy Hollow Rec,Week4,270.0 Sleepy Hollow Rec - 132.0 Lincolnia Park
Little Hunting Park,Week5,Parklawn,Week1,264.0 Little Hunting Park - 128.0 Parklawn
Little Hunting Park,Week3,Rolling Hills,Week3,229.0 Rolling Hills - 172.0 Little Hunting Park
Little Hunting Park,Week5,Dunn Loring,Week5,298.0 Dunn Loring - 104.0 Little Hunting Park
Lincolnia Park,Week5,Virginia Run,Week4,318.0 Virginia Run - 75.0 Lincolnia Park
Little Hunting Park,Week1,Rolling Hills,Week5,217.0 Rolling Hills - 184.0 Little Hunting Park
Lincolnia Park,Week2,Somerset-Olde Creek,Week3,227.0 Lincolnia Park - 153.0 Somerset-Olde Creek
Little Hunting Park,Week5,Broyhill Crest,Week4,315.0 Little Hunting Park - 78.0 Broyhill Crest
Little Hunting Park,Week1,Parliament,Week5,259.0 Parliament - 142.0 Little Hunting Park
Lincolnia Park,Week1,Somerset-Olde Creek,Week5,195.0 Lincolnia Park - 194.0 Somerset-Olde Creek
Little Hunting Park,Week1,Ilda Community,Week2,210.0 Little Hunting Park - 191.0 Ilda Community
Little Hunting Park,Week1,Parliament,Week2,227.0 Parliament - 174.0 Little Hunting Park
Little Hunting Park,Week5,Broyhill Crest,Week5,294.0 Little Hunting Park - 104.0 Broyhill Crest
Little Hunting Park,Week4,Parklawn,Week4,200.0 Little Hunting Park - 198.0 Parklawn
Little Hunting Park,Week3,Ilda Community,Week3,206.5 Little Hunting Park - 194.5 Ilda Community
Little Hunting Park,Week1,Rolling Hills,Week2,234.0 Rolling Hills - 167.0 Little Hunting Park
Little Hunting Park,Week3,Ilda Community,Week4,212.0 Ilda Community - 189.0 Little Hunting Park
Little Hunting Park,Week4,Dunn Loring,Week3,329.0 Dunn Loring - 73.0 Little Hunting Park
Little Hunting Park,Week1,Rolling Valley,Week5,215.0 Little Hunting Park - 187.0 Rolling Valley
Lincolnia Park,Week1,Wakefield Chapel,Week3,373.0 Wakefield Chapel - 29.0 Lincolnia Park
Lincolnia Park,Week2,Somerset-Olde Creek,Week2,222.0 Lincolnia Park - 158.0 Somerset-Olde Creek
Lincolnia Park,Week2,Virginia Run,Week4,338.0 Virginia Run - 55.0 Lincolnia Park
Little Hunting Park,Week4,Dunn Loring,Week4,330.0 Dunn Loring - 72.0 Little Hunting Park
Little Hunting Park,Week4,Broyhill Crest,Week2,320.0 Little Hunting Park - 78.0 Broyhill Crest
Little Hunting Park,Week2,Broyhill Crest,Week3,319.0 Little Hunting Park - 77.0 Broyhill Crest
Lincolnia Park,Week5,Virginia Run,Week5,327.5 Virginia Run - 65.5 Lincolnia Park
Little Hunting Park,Week5,Broyhill Crest,Week1,319.0 Little Hunting Park - 72.0 Broyhill Crest
Little Hunting Park,Week2,Kent Gardens,Week5,297.0 Kent Gardens - 105.0 Little Hunting Park
Little Hunting Park,Week5,Ilda Community,Week4,229.0 Little Hunting Park - 172.0 Ilda Community
Little Hunting Park,Week5,Parklawn,Week4,231.0 Little Hunting Park - 170.0 Parklawn
Little Hunting Park,Week1,Fair Oaks ,Week1,279.0 Fair Oaks - 123.0 Little Hunting Park
Lincolnia Park,Week3,Wakefield Chapel,Week1,357.0 Wakefield Chapel - 36.0 Lincolnia Park
Little Hunting Park,Week3,Parliament,Week4,236.0 Parliament - 166.0 Little Hunting Park
Little Hunting Park,Week1,Fair Oaks ,Week3,275.0 Fair Oaks - 127.0 Little Hunting Park
Lincolnia Park,Week5,Somerset-Olde Creek,Week2,250.0 Lincolnia Park - 136.0 Somerset-Olde Creek
Lincolnia Park,Week4,Wakefield Chapel,Week2,370.0 Wakefield Chapel - 32.0 Lincolnia Park
Lincolnia Park,Week4,Sleepy Hollow Rec,Week3,278.0 Sleepy Hollow Rec - 124.0 Lincolnia Park
Little Hunting Park,Week4,Rolling Hills,Week4,224.5 Rolling Hills - 173.5 Little Hunting Park
Little Hunting Park,Week2,Parliament,Week5,258.0 Parliament - 144.0 Little Hunting Park
Little Hunting Park,Week1,Fair Oaks ,Week4,269.0 Fair Oaks - 132.0 Little Hunting Park
Little Hunting Park,Week2,Parliament,Week1,265.0 Parliament - 136.0 Little Hunting Park
Lincolnia Park,Week2,Sleepy Hollow Rec,Week5,285.0 Sleepy Hollow Rec - 108.0 Lincolnia Park
Little Hunting Park,Week4,Kent Gardens,Week1,274.0 Kent Gardens - 128.0 Little Hunting Park
Little Hunting Park,Week3,Rolling Hills,Week1,224.0 Rolling Hills - 178.0 Little Hunting Park
Little Hunting Park,Week5,Ilda Community,Week2,241.0 Little Hunting Park - 161.0 Ilda Community
Little Hunting Park,Week5,Rolling Hills,Week1,210.0 Little Hunting Park - 192.0 Rolling Hills
Little Hunting Park,Week5,Broyhill Crest,Week3,325.0 Little Hunting Park - 67.0 Broyhill Crest
Little Hunting Park,Week1,Fairfax,Week1,314.0 Fairfax - 88.0 Little Hunting Park
Little Hunting Park,Week2,Kent Gardens,Week4,244.0 Kent Gardens - 158.0 Little Hunting Park
Lincolnia Park,Week3,Sleepy Hollow Rec,Week4,235.0 Sleepy Hollow Rec - 158.0 Lincolnia Park
Little Hunting Park,Week4,Parliament,Week3,243.0 Parliament - 159.0 Little Hunting Park
Little Hunting Park,Week5,Broyhill Crest,Week2,324.0 Little Hunting Park - 68.0 Broyhill Crest
Little Hunting Park,Week2,Broyhill Crest,Week4,307.0 Little Hunting Park - 91.0 Broyhill Crest
Little Hunting Park,Week4,Rolling Hills,Week3,226.0 Rolling Hills - 176.0 Little Hunting Park
Lincolnia Park,Week2,Wakefield Chapel,Week5,375.0 Wakefield Chapel - 18.0 Lincolnia Park
Lincolnia Park,Week5,Sleepy Hollow Rec,Week5,254.0 Sleepy Hollow Rec - 139.0 Lincolnia Park
Lincolnia Park,Week5,Sleepy Hollow Rec,Week1,232.0 Sleepy Hollow Rec - 161.0 Lincolnia Park
Little Hunting Park,Week5,Rolling Valley,Week5,229.0 Little Hunting Park - 173.0 Rolling Valley
Little Hunting Park,Week2,Kent Gardens,Week1,270.0 Kent Gardens - 132.0 Little Hunting Park
Little Hunting Park,Week1,Parliament,Week1,272.0 Parliament - 130.0 Little Hunting Park
Little Hunting Park,Week4,Broyhill Crest,Week5,285.0 Little Hunting Park - 115.0 Broyhill Crest
Little Hunting Park,Week4,Rolling Valley,Week1,262.0 Little Hunting Park - 140.0 Rolling Valley
Little Hunting Park,Week3,Broyhill Crest,Week4,315.0 Little Hunting Park - 86.0 Broyhill Crest
Little Hunting Park,Week4,Fair Oaks ,Week4,265.0 Fair Oaks - 137.0 Little Hunting Park
Little Hunting Park,Week5,Fair Oaks ,Week3,252.0 Fair Oaks - 150.0 Little Hunting Park
Little Hunting Park,Week2,Pinecrest,Week1,290.0 Pinecrest - 112.0 Little Hunting Park
Little Hunting Park,Week1,Rolling Valley,Week1,270.0 Little Hunting Park - 131.0 Rolling Valley
Lincolnia Park,Week2,Sleepy Hollow Rec,Week3,283.0 Sleepy Hollow Rec - 110.0 Lincolnia Park
Little Hunting Park,Week2,Fairfax,Week5,335.0 Fairfax - 66.0 Little Hunting Park
Little Hunting Park,Week5,Parklawn,Week5,232.0 Little Hunting Park - 169.0 Parklawn
Lincolnia Park,Week1,Somerset-Olde Creek,Week3,240.0 Lincolnia Park - 147.0 Somerset-Olde Creek
Little Hunting Park,Week4,Fair Oaks ,Week3,283.0 Fair Oaks - 119.0 Little Hunting Park
Little Hunting Park,Week4,Ilda Community,Week3,209.0 Little Hunting Park - 193.0 Ilda Community
Lincolnia Park,Week2,Walden Glen,Week3,294.5 Walden Glen - 97.5 Lincolnia Park
Little Hunting Park,Week1,Rutherford,Week4,213.0 Rutherford - 188.0 Little Hunting Park
Lincolnia Park,Week5,Wakefield Chapel,Week4,356.5 Wakefield Chapel - 36.5 Lincolnia Park
Lincolnia Park,Week3,Sleepy Hollow Rec,Week2,241.0 Sleepy Hollow Rec - 152.0 Lincolnia Park
Little Hunting Park,Week5,Fair Oaks ,Week2,220.0 Fair Oaks - 182.0 Little Hunting Park
Lincolnia Park,Week4,Wakefield Chapel,Week4,372.0 Wakefield Chapel - 30.0 Lincolnia Park
Lincolnia Park,Week5,Wakefield Chapel,Week2,355.0 Wakefield Chapel - 38.0 Lincolnia Park
Little Hunting Park,Week1,Burke Station,Week1,195.0 Little Hunting Park - 175.0 Burke Station
Little Hunting Park,Week1,Burke Station,Week4,236.0 Little Hunting Park - 165.0 Burke Station
Little Hunting Park,Week1,Rutherford,Week1,213.0 Little Hunting Park - 185.0 Rutherford
Little Hunting Park,Week2,Parliament,Week3,249.0 Parliament - 153.0 Little Hunting Park
Lincolnia Park,Week3,Wakefield Chapel,Week5,362.0 Wakefield Chapel - 31.0 Lincolnia Park
Little Hunting Park,Week3,Parliament,Week3,244.5 Parliament - 157.5 Little Hunting Park
Lincolnia Park,Week2,Walden Glen,Week1,252.0 Walden Glen - 131.0 Lincolnia Park
Little Hunting Park,Week3,Rutherford,Week2,224.0 Little Hunting Park - 178.0 Rutherford
Little Hunting Park,Week3,Kent Gardens,Week1,276.0 Kent Gardens - 126.0 Little Hunting Park
Little Hunting Park,Week5,Ilda Community,Week5,237.0 Little Hunting Park - 164.0 Ilda Community
Lincolnia Park,Week2,Wakefield Chapel,Week4,371.0 Wakefield Chapel - 22.0 Lincolnia Park
Little Hunting Park,Week1,Parliament,Week3,255.0 Parliament - 147.0 Little Hunting Park
Little Hunting Park,Week3,Pinecrest,Week5,321.0 Pinecrest - 81.0 Little Hunting Park
Lincolnia Park,Week3,Sleepy Hollow Rec,Week3,249.0 Sleepy Hollow Rec - 144.0 Lincolnia Park
Lincolnia Park,Week4,Sleepy Hollow Rec,Week5,283.0 Sleepy Hollow Rec - 115.0 Lincolnia Park
Little Hunting Park,Week1,Kent Gardens,Week2,244.0 Kent Gardens - 158.0 Little Hunting Park
Little Hunting Park,Week3,Fair Oaks ,Week3,289.0 Fair Oaks - 113.0 Little Hunting Park
Little Hunting Park,Week1,Kent Gardens,Week5,286.0 Kent Gardens - 116.0 Little Hunting Park
Little Hunting Park,Week3,Broyhill Crest,Week2,343.0 Little Hunting Park - 57.0 Broyhill Crest
Little Hunting Park,Week1,Burke Station,Week2,237.0 Little Hunting Park - 156.0 Burke Station
Little Hunting Park,Week5,Rolling Hills,Week3,204.0 Rolling Hills - 198.0 Little Hunting Park
Little Hunting Park,Week2,Fair Oaks ,Week4,269.0 Fair Oaks - 133.0 Little Hunting Park
Little Hunting Park,Week2,Burke Station,Week3,205.0 Little Hunting Park - 190.0 Burke Station
Lincolnia Park,Week3,Somerset-Olde Creek,Week1,236.0 Lincolnia Park - 146.0 Somerset-Olde Creek
Little Hunting Park,Week2,Kent Gardens,Week2,252.0 Kent Gardens - 150.0 Little Hunting Park
Little Hunting Park,Week5,Rolling Valley,Week2,255.0 Little Hunting Park - 147.0 Rolling Valley
Little Hunting Park,Week2,Fair Oaks ,Week1,277.0 Fair Oaks - 125.0 Little Hunting Park
Little Hunting Park,Week2,Fair Oaks ,Week2,243.0 Fair Oaks - 159.0 Little Hunting Park
Lincolnia Park,Week5,Wakefield Chapel,Week3,360.0 Wakefield Chapel - 33.0 Lincolnia Park
Lincolnia Park,Week1,Somerset-Olde Creek,Week2,238.0 Lincolnia Park - 151.0 Somerset-Olde Creek
Lincolnia Park,Week2,Wakefield Chapel,Week1,370.0 Wakefield Chapel - 18.0 Lincolnia Park
Little Hunting Park,Week3,Rolling Valley,Week2,234.0 Little Hunting Park - 168.0 Rolling Valley
Little Hunting Park,Week3,Pinecrest,Week3,332.0 Pinecrest - 70.0 Little Hunting Park
Little Hunting Park,Week4,Parliament,Week4,237.0 Parliament - 165.0 Little Hunting Park
Little Hunting Park,Week1,Pinecrest,Week5,319.0 Pinecrest - 79.0 Little Hunting Park
Lincolnia Park,Week3,Walden Glen,Week4,266.5 Walden Glen - 120.5 Lincolnia Park
Lincolnia Park,Week2,Somerset-Olde Creek,Week5,203.5 Somerset-Olde Creek - 181.5 Lincolnia Park
Little Hunting Park,Week3,Burke Station,Week2,254.0 Little Hunting Park - 147.0 Burke Station
Little Hunting Park,Week2,Kent Gardens,Week3,253.5 Kent Gardens - 148.5 Little Hunting Park
Little Hunting Park,Week4,Ilda Community,Week1,219.0 Little Hunting Park - 183.0 Ilda Community
Little Hunting Park,Week5,Rolling Valley,Week1,284.5 Little Hunting Park - 115.5 Rolling Valley
Little Hunting Park,Week3,Burke Station,Week4,240.0 Little Hunting Park - 162.0 Burke Station
Little Hunting Park,Week3,Burke Station,Week3,211.0 Little Hunting Park - 185.0 Burke Station
Little Hunting Park,Week2,Fair Oaks ,Week3,282.0 Fair Oaks - 120.0 Little Hunting Park
Lincolnia Park,Week3,Wakefield Chapel,Week4,350.5 Wakefield Chapel - 42.5 Lincolnia Park
Little Hunting Park,Week3,Burke Station,Week5,213.0 Little Hunting Park - 188.0 Burke Station
Little Hunting Park,Week3,Kent Gardens,Week2,252.0 Kent Gardens - 150.0 Little Hunting Park
Little Hunting Park,Week3,Kent Gardens,Week3,255.5 Kent Gardens - 146.5 Little Hunting Park
Little Hunting Park,Week3,Fair Oaks ,Week1,287.0 Fair Oaks - 115.0 Little Hunting Park
Lincolnia Park,Week4,Somerset-Olde Creek,Week1,203.0 Lincolnia Park - 181.0 Somerset-Olde Creek
Lincolnia Park,Week2,Walden Glen,Week5,310.0 Walden Glen - 82.0 Lincolnia Park
Little Hunting Park,Week3,Fair Oaks ,Week2,258.0 Fair Oaks - 144.0 Little Hunting Park
Lincolnia Park,Week2,Somerset-Olde Creek,Week4,201.0 Lincolnia Park - 188.0 Somerset-Olde Creek
Little Hunting Park,Week3,Rolling Valley,Week1,274.0 Little Hunting Park - 127.0 Rolling Valley
Lincolnia Park,Week3,Walden Glen,Week5,281.0 Walden Glen - 111.0 Lincolnia Park
Little Hunting Park,Week4,Burke Station,Week4,238.0 Little Hunting Park - 163.0 Burke Station
Lincolnia Park,Week4,Somerset-Olde Creek,Week2,218.0 Lincolnia Park - 171.0 Somerset-Olde Creek
Lincolnia Park,Week3,Walden Glen,Week3,265.0 Walden Glen - 128.0 Lincolnia Park
Little Hunting Park,Week2,Pinecrest,Week2,312.0 Pinecrest - 90.0 Little Hunting Park
Little Hunting Park,Week2,Rolling Valley,Week5,214.0 Little Hunting Park - 188.0 Rolling Valley
Little Hunting Park,Week4,Pinecrest,Week5,331.0 Pinecrest - 70.0 Little Hunting Park
Little Hunting Park,Week5,Burke Station,Week4,244.0 Little Hunting Park - 154.0 Burke Station
Little Hunting Park,Week1,Kent Gardens,Week4,245.0 Kent Gardens - 157.0 Little Hunting Park
Little Hunting Park,Week3,Fair Oaks ,Week4,277.0 Fair Oaks - 125.0 Little Hunting Park
Lincolnia Park,Week3,Somerset-Olde Creek,Week3,247.0 Lincolnia Park - 137.0 Somerset-Olde Creek
Lincolnia Park,Week3,South Run,Week1,244.0 South Run - 139.0 Lincolnia Park
Little Hunting Park,Week3,Pinecrest,Week2,327.0 Pinecrest - 75.0 Little Hunting Park
Little Hunting Park,Week4,Burke Station,Week1,214.0 Little Hunting Park - 161.0 Burke Station
Little Hunting Park,Week5,Ilda Community,Week3,241.0 Little Hunting Park - 160.0 Ilda Community
Little Hunting Park,Week3,Pinecrest,Week4,332.0 Pinecrest - 70.0 Little Hunting Park
Little Hunting Park,Week4,Fair Oaks ,Week1,281.0 Fair Oaks - 121.0 Little Hunting Park
Little Hunting Park,Week3,Rolling Valley,Week4,222.0 Little Hunting Park - 180.0 Rolling Valley
Lincolnia Park,Week5,Wakefield Chapel,Week1,358.0 Wakefield Chapel - 35.0 Lincolnia Park
Little Hunting Park,Week4,Ilda Community,Week5,210.0 Little Hunting Park - 191.0 Ilda Community
Little Hunting Park,Week2,Rolling Valley,Week4,215.0 Little Hunting Park - 187.0 Rolling Valley
Little Hunting Park,Week3,Rolling Valley,Week5,209.0 Little Hunting Park - 193.0 Rolling Valley
Little Hunting Park,Week1,Kent Gardens,Week1,279.0 Kent Gardens - 123.0 Little Hunting Park
Little Hunting Park,Week5,Pinecrest,Week3,318.0 Pinecrest - 84.0 Little Hunting Park
Little Hunting Park,Week1,Fairfax,Week3,331.0 Fairfax - 67.0 Little Hunting Park
Little Hunting Park,Week5,Rolling Valley,Week3,235.0 Little Hunting Park - 166.0 Rolling Valley
Little Hunting Park,Week3,Camelot,Week4,226.0 Camelot - 176.0 Little Hunting Park
Little Hunting Park,Week1,Camelot,Week1,223.0 Camelot - 178.0 Little Hunting Park
Little Hunting Park,Week1,Pinecrest,Week1,304.0 Pinecrest - 98.0 Little Hunting Park
Little Hunting Park,Week1,Fairfax,Week2,324.0 Fairfax - 78.0 Little Hunting Park
Little Hunting Park,Week3,Ilda Community,Week5,205.0 Little Hunting Park - 197.0 Ilda Community
Lincolnia Park,Week2,Wakefield Chapel,Week3,371.0 Wakefield Chapel - 22.0 Lincolnia Park
Little Hunting Park,Week4,Rolling Valley,Week4,217.0 Little Hunting Park - 185.0 Rolling Valley
Little Hunting Park,Week2,Pinecrest,Week4,317.0 Pinecrest - 85.0 Little Hunting Park
Lincolnia Park,Week1,Wakefield Chapel,Week5,382.0 Wakefield Chapel - 20.0 Lincolnia Park
Lincolnia Park,Week3,Somerset-Olde Creek,Week5,210.0 Lincolnia Park - 178.0 Somerset-Olde Creek
Little Hunting Park,Week5,Burke Station,Week2,252.0 Little Hunting Park - 145.0 Burke Station
Lincolnia Park,Week3,Somerset-Olde Creek,Week4,234.0 Lincolnia Park - 153.0 Somerset-Olde Creek
Lincolnia Park,Week3,Wakefield Chapel,Week2,345.0 Wakefield Chapel - 48.0 Lincolnia Park
Little Hunting Park,Week4,Fair Oaks ,Week5,284.0 Fair Oaks - 118.0 Little Hunting Park
Little Hunting Park,Week2,Rutherford,Week1,205.0 Little Hunting Park - 195.0 Rutherford
Lincolnia Park,Week3,Walden Glen,Week1,220.0 Walden Glen - 159.0 Lincolnia Park
Little Hunting Park,Week4,Ilda Community,Week4,211.0 Ilda Community - 191.0 Little Hunting Park
Little Hunting Park,Week3,Kent Gardens,Week4,253.0 Kent Gardens - 149.0 Little Hunting Park
Lincolnia Park,Week4,Somerset-Olde Creek,Week3,221.0 Lincolnia Park - 159.0 Somerset-Olde Creek
Little Hunting Park,Week1,Camelot,Week3,227.0 Camelot - 171.0 Little Hunting Park
Little Hunting Park,Week5,Fair Oaks ,Week4,241.0 Fair Oaks - 161.0 Little Hunting Park
Little Hunting Park,Week4,Rolling Valley,Week2,228.0 Little Hunting Park - 174.0 Rolling Valley
Little Hunting Park,Week1,Kent Gardens,Week3,257.0 Kent Gardens - 145.0 Little Hunting Park
Little Hunting Park,Week2,Fairfax,Week1,312.0 Fairfax - 90.0 Little Hunting Park
Little Hunting Park,Week5,Parliament,Week4,216.0 Parliament - 186.0 Little Hunting Park
Little Hunting Park,Week1,Fairfax,Week4,330.0 Fairfax - 68.0 Little Hunting Park
Little Hunting Park,Week2,Camelot,Week3,222.0 Camelot - 178.0 Little Hunting Park
Little Hunting Park,Week4,Fair Oaks ,Week2,264.0 Fair Oaks - 138.0 Little Hunting Park
Little Hunting Park,Week4,Parliament,Week5,257.0 Parliament - 145.0 Little Hunting Park
Little Hunting Park,Week1,Rutherford,Week2,213.0 Little Hunting Park - 185.0 Rutherford
Little Hunting Park,Week3,Camelot,Week3,213.0 Camelot - 189.0 Little Hunting Park
Lincolnia Park,Week2,Somerset-Olde Creek,Week1,192.0 Lincolnia Park - 183.0 Somerset-Olde Creek
Little Hunting Park,Week5,Ilda Community,Week1,232.0 Little Hunting Park - 170.0 Ilda Community
Lincolnia Park,Week1,Walden Glen,Week4,299.0 Walden Glen - 97.0 Lincolnia Park
Lincolnia Park,Week4,Somerset-Olde Creek,Week4,206.0 Lincolnia Park - 189.0 Somerset-Olde Creek
Little Hunting Park,Week5,Parliament,Week5,226.0 Parliament - 175.0 Little Hunting Park
Little Hunting Park,Week3,Camelot,Week2,214.0 Camelot - 188.0 Little Hunting Park
Little Hunting Park,Week3,Kent Gardens,Week5,298.0 Kent Gardens - 104.0 Little Hunting Park
Lincolnia Park,Week2,Wakefield Chapel,Week2,371.0 Wakefield Chapel - 21.0 Lincolnia Park
Lincolnia Park,Week1,Somerset-Olde Creek,Week4,208.5 Lincolnia Park - 185.5 Somerset-Olde Creek
Little Hunting Park,Week5,Pinecrest,Week2,298.0 Pinecrest - 104.0 Little Hunting Park
Little Hunting Park,Week1,Rutherford,Week5,214.0 Rutherford - 184.0 Little Hunting Park
Little Hunting Park,Week4,Rolling Valley,Week5,207.0 Little Hunting Park - 195.0 Rolling Valley
Little Hunting Park,Week4,Pinecrest,Week3,334.0 Pinecrest - 68.0 Little Hunting Park
Lincolnia Park,Week5,Somerset-Olde Creek,Week1,234.0 Lincolnia Park - 151.0 Somerset-Olde Creek
Little Hunting Park,Week5,Fair Oaks ,Week1,249.0 Fair Oaks - 152.0 Little Hunting Park
Little Hunting Park,Week3,Pinewood Lake,Week1,345.0 Little Hunting Park - 51.0 Pinewood Lake
Little Hunting Park,Week1,Fairfax,Week5,347.0 Fairfax - 51.0 Little Hunting Park
Little Hunting Park,Week4,Camelot,Week4,240.0 Camelot - 162.0 Little Hunting Park
Little Hunting Park,Week2,Rutherford,Week3,201.0 Rutherford - 200.0 Little Hunting Park
Lincolnia Park,Week3,Fair Oaks ,Week3,300.0 Fair Oaks - 93.0 Lincolnia Park
Little Hunting Park,Week4,Ilda Community,Week2,218.0 Little Hunting Park - 184.0 Ilda Community
Little Hunting Park,Week5,Parliament,Week2,201.0 Parliament - 200.0 Little Hunting Park
Little Hunting Park,Week1,Kings Ridge ,Week5,215.0 Kings Ridge - 187.0 Little Hunting Park
Lincolnia Park,Week4,Wakefield Chapel,Week1,381.0 Wakefield Chapel - 21.0 Lincolnia Park
Little Hunting Park,Week3,Rutherford,Week1,229.0 Little Hunting Park - 173.0 Rutherford
Lincolnia Park,Week5,Wakefield Chapel,Week5,370.0 Wakefield Chapel - 23.0 Lincolnia Park
Lincolnia Park,Week4,Somerset-Olde Creek,Week5,207.0 Somerset-Olde Creek - 183.0 Lincolnia Park
Little Hunting Park,Week5,Burke Station,Week5,232.5 Little Hunting Park - 169.5 Burke Station
Little Hunting Park,Week1,Kings Ridge ,Week1,217.0 Little Hunting Park - 184.0 Kings Ridge
Lincolnia Park,Week3,Wakefield Chapel,Week3,360.0 Wakefield Chapel - 33.0 Lincolnia Park
Little Hunting Park,Week2,Fair Oaks ,Week5,290.0 Fair Oaks - 112.0 Little Hunting Park
Lincolnia Park,Week3,Somerset-Olde Creek,Week2,247.0 Lincolnia Park - 135.0 Somerset-Olde Creek
Little Hunting Park,Week5,Burke Station,Week1,223.0 Little Hunting Park - 155.0 Burke Station
Lincolnia Park,Week1,South Run,Week1,268.0 South Run - 124.0 Lincolnia Park
Lincolnia Park,Week4,Wakefield Chapel,Week5,385.0 Wakefield Chapel - 17.0 Lincolnia Park
Little Hunting Park,Week1,Pinecrest,Week4,313.0 Pinecrest - 89.0 Little Hunting Park
Little Hunting Park,Week5,Kent Gardens,Week5,272.0 Kent Gardens - 130.0 Little Hunting Park
Little Hunting Park,Week4,Kings Ridge ,Week2,231.0 Little Hunting Park - 171.0 Kings Ridge
Little Hunting Park,Week2,Fairfax,Week3,327.0 Fairfax - 74.0 Little Hunting Park
Lincolnia Park,Week5,Somerset-Olde Creek,Week4,228.0 Lincolnia Park - 157.0 Somerset-Olde Creek
Little Hunting Park,Week3,Rolling Valley,Week3,227.0 Little Hunting Park - 174.0 Rolling Valley
Lincolnia Park,Week5,Somerset-Olde Creek,Week3,249.0 Lincolnia Park - 140.0 Somerset-Olde Creek
Lincolnia Park,Week5,Fair Oaks ,Week1,295.0 Fair Oaks - 98.0 Lincolnia Park
Lincolnia Park,Week3,Fair Oaks ,Week2,269.0 Fair Oaks - 123.0 Lincolnia Park
Little Hunting Park,Week5,Rolling Valley,Week4,236.0 Little Hunting Park - 166.0 Rolling Valley
Little Hunting Park,Week2,Rolling Valley,Week3,223.0 Little Hunting Park - 179.0 Rolling Valley
Little Hunting Park,Week3,Fair Oaks ,Week5,286.0 Fair Oaks - 116.0 Little Hunting Park
Lincolnia Park,Week4,Wakefield Chapel,Week3,377.0 Wakefield Chapel - 25.0 Lincolnia Park
Little Hunting Park,Week5,Parliament,Week3,215.0 Parliament - 186.0 Little Hunting Park
Little Hunting Park,Week2,Camelot,Week1,219.5 Camelot - 182.5 Little Hunting Park
Lincolnia Park,Week1,Walden Glen,Week1,251.0 Walden Glen - 136.0 Lincolnia Park
Little Hunting Park,Week5,Fair Oaks ,Week5,253.0 Fair Oaks - 149.0 Little Hunting Park
Little Hunting Park,Week2,Kings Ridge ,Week2,217.0 Little Hunting Park - 185.0 Kings Ridge
Lincolnia Park,Week3,Fair Oaks ,Week5,309.0 Fair Oaks - 84.0 Lincolnia Park
Little Hunting Park,Week2,Fairfax,Week2,313.0 Fairfax - 89.0 Little Hunting Park
Little Hunting Park,Week2,Camelot,Week4,226.0 Camelot - 176.0 Little Hunting Park
Lincolnia Park,Week1,South Run,Week2,267.0 South Run - 134.0 Lincolnia Park
Little Hunting Park,Week1,Pinecrest,Week2,323.0 Pinecrest - 78.0 Little Hunting Park
Lincolnia Park,Week1,Walden Glen,Week2,269.0 Walden Glen - 126.0 Lincolnia Park
Little Hunting Park,Week4,Camelot,Week5,222.0 Camelot - 179.0 Little Hunting Park
Lee Graham,Week3,Waynewood,Week2,241.0 Lee Graham - 161.0 Waynewood
Lincolnia Park,Week4,Fair Oaks ,Week5,326.0 Fair Oaks - 76.0 Lincolnia Park
Little Hunting Park,Week1,Rutherford,Week3,212.0 Rutherford - 186.0 Little Hunting Park
Little Hunting Park,Week2,Pinecrest,Week3,321.0 Pinecrest - 81.0 Little Hunting Park
Little Hunting Park,Week4,Fairfax,Week2,327.0 Fairfax - 75.0 Little Hunting Park
Lincolnia Park,Week1,Walden Glen,Week3,302.0 Walden Glen - 96.0 Lincolnia Park
Lincolnia Park,Week1,South Run,Week3,280.0 South Run - 121.0 Lincolnia Park
Little Hunting Park,Week5,Kent Gardens,Week1,247.0 Kent Gardens - 155.0 Little Hunting Park
Lincolnia Park,Week4,Fair Oaks ,Week4,310.0 Fair Oaks - 91.0 Lincolnia Park
Little Hunting Park,Week1,Camelot,Week5,235.0 Camelot - 167.0 Little Hunting Park
Lincolnia Park,Week1,Walden Glen,Week5,314.0 Walden Glen - 87.0 Lincolnia Park
Lee Graham,Week2,Waynewood,Week4,228.0 Lee Graham - 174.0 Waynewood
Lincolnia Park,Week3,Fairfax,Week3,315.0 Fairfax - 77.0 Lincolnia Park
Lincolnia Park,Week5,Somerset-Olde Creek,Week5,212.0 Lincolnia Park - 175.0 Somerset-Olde Creek
Little Hunting Park,Week3,Pinecrest,Week1,311.0 Pinecrest - 91.0 Little Hunting Park
Little Hunting Park,Week1,Kings Ridge ,Week3,226.0 Little Hunting Park - 176.0 Kings Ridge
Lee Graham,Week1,Waynewood,Week4,243.0 Lee Graham - 159.0 Waynewood
Lincolnia Park,Week2,Walden Glen,Week2,282.0 Walden Glen - 105.0 Lincolnia Park
Lincolnia Park,Week4,Fairfax,Week1,330.0 Fairfax - 72.0 Lincolnia Park
Little Hunting Park,Week4,Camelot,Week1,226.0 Camelot - 176.0 Little Hunting Park
Little Hunting Park,Week1,Camelot,Week2,222.0 Camelot - 176.0 Little Hunting Park
Lincolnia Park,Week1,South Run,Week5,289.0 South Run - 113.0 Lincolnia Park
Lincolnia Park,Week1,South Run,Week4,266.0 South Run - 132.0 Lincolnia Park
Little Hunting Park,Week1,Pinecrest,Week3,320.0 Pinecrest - 82.0 Little Hunting Park
Lincolnia Park,Week1,Fairfax,Week4,347.0 Fairfax - 55.0 Lincolnia Park
Lincolnia Park,Week2,South Run,Week1,264.0 South Run - 118.0 Lincolnia Park
Little Hunting Park,Week2,Rutherford,Week2,211.0 Little Hunting Park - 190.0 Rutherford
Little Hunting Park,Week2,Rutherford,Week5,217.0 Rutherford - 184.0 Little Hunting Park
Little Hunting Park,Week2,Fairfax,Week4,319.5 Fairfax - 81.5 Little Hunting Park
Little Hunting Park,Week5,Camelot,Week1,211.0 Camelot - 190.0 Little Hunting Park
Little Hunting Park,Week1,Fairfax Club Estates,Week3,222.0 Fairfax Club Estates - 176.0 Little Hunting Park
Little Hunting Park,Week5,Parliament,Week1,241.0 Parliament - 161.0 Little Hunting Park
Lincolnia Park,Week2,Walden Glen,Week4,295.0 Walden Glen - 92.0 Lincolnia Park
Little Hunting Park,Week2,Kings Ridge ,Week3,219.0 Little Hunting Park - 178.0 Kings Ridge
Little Hunting Park,Week1,Camelot,Week4,234.0 Camelot - 167.0 Little Hunting Park
Little Hunting Park,Week2,Rutherford,Week4,212.5 Rutherford - 189.5 Little Hunting Park
Little Hunting Park,Week3,Fairfax Club Estates,Week1,214.0 Fairfax Club Estates - 188.0 Little Hunting Park
Little Hunting Park,Week4,Kent Gardens,Week4,260.0 Kent Gardens - 142.0 Little Hunting Park
Lee Graham,Week1,Waynewood,Week5,216.0 Lee Graham - 186.0 Waynewood
Little Hunting Park,Week1,Fairfax Club Estates,Week2,213.0 Little Hunting Park - 185.0 Fairfax Club Estates
Lincolnia Park,Week3,Walden Glen,Week2,243.0 Walden Glen - 144.0 Lincolnia Park
Lincolnia Park,Week3,Fairfax,Week1,305.0 Fairfax - 88.0 Lincolnia Park
Little Hunting Park,Week5,Burke Station,Week3,235.0 Little Hunting Park - 162.0 Burke Station
Little Hunting Park,Week4,Kent Gardens,Week5,297.0 Kent Gardens - 105.0 Little Hunting Park
Little Hunting Park,Week4,Pinecrest,Week2,323.0 Pinecrest - 79.0 Little Hunting Park
Lincolnia Park,Week2,South Run,Week2,263.0 South Run - 119.0 Lincolnia Park
Little Hunting Park,Week1,Lake Braddock,Week1,259.0 Little Hunting Park - 142.0 Lake Braddock
Little Hunting Park,Week2,Pinecrest,Week5,306.0 Pinecrest - 95.0 Little Hunting Park
Little Hunting Park,Week3,Shouse Village,Week3,248.0 Shouse Village - 154.0 Little Hunting Park
Little Hunting Park,Week4,Rolling Valley,Week3,227.0 Little Hunting Park - 175.0 Rolling Valley
Lincolnia Park,Week1,Waynewood,Week5,353.0 Waynewood - 49.0 Lincolnia Park
Little Hunting Park,Week2,Camelot,Week2,215.0 Camelot - 186.0 Little Hunting Park
Lincolnia Park,Week5,Walden Glen,Week4,274.0 Walden Glen - 118.0 Lincolnia Park
Lincolnia Park,Week2,South Run,Week4,262.0 South Run - 125.0 Lincolnia Park
Little Hunting Park,Week1,Shouse Village,Week5,272.0 Shouse Village - 130.0 Little Hunting Park
Lincolnia Park,Week4,Fair Oaks ,Week3,315.0 Fair Oaks - 87.0 Lincolnia Park
Little Hunting Park,Week4,Kings Ridge ,Week5,218.0 Kings Ridge - 184.0 Little Hunting Park
Little Hunting Park,Week1,Pinewood Lake,Week1,344.0 Little Hunting Park - 56.0 Pinewood Lake
Little Hunting Park,Week4,Rutherford,Week5,221.0 Rutherford - 180.0 Little Hunting Park
Little Hunting Park,Week1,Fairfax Club Estates,Week4,229.5 Fairfax Club Estates - 168.5 Little Hunting Park
Lincolnia Park,Week3,Waynewood,Week2,316.0 Waynewood - 77.0 Lincolnia Park
Little Hunting Park,Week1,Lake Braddock,Week3,231.0 Little Hunting Park - 170.0 Lake Braddock
Lee Graham,Week3,Waynewood,Week3,221.0 Lee Graham - 181.0 Waynewood
Little Hunting Park,Week3,Fairfax,Week5,338.0 Fairfax - 64.0 Little Hunting Park
Lincolnia Park,Week2,Fairfax,Week5,364.0 Fairfax - 28.0 Lincolnia Park
Little Hunting Park,Week5,Pinecrest,Week5,297.0 Pinecrest - 105.0 Little Hunting Park
Little Hunting Park,Week3,Camelot,Week1,217.0 Camelot - 185.0 Little Hunting Park
Lee Graham,Week3,Waynewood,Week5,221.0 Lee Graham - 181.0 Waynewood
Lincolnia Park,Week5,Fair Oaks ,Week5,305.0 Fair Oaks - 88.0 Lincolnia Park
Little Hunting Park,Week2,Shouse Village,Week1,235.0 Shouse Village - 167.0 Little Hunting Park
Lincolnia Park,Week2,South Run,Week3,281.0 South Run - 110.0 Lincolnia Park
Little Hunting Park,Week3,Fairfax,Week1,318.0 Fairfax - 84.0 Little Hunting Park
Little Hunting Park,Week3,Pinewood Lake,Week2,343.0 Little Hunting Park - 52.0 Pinewood Lake
Little Hunting Park,Week4,Fairfax,Week5,342.0 Fairfax - 59.0 Little Hunting Park
Little Hunting Park,Week4,Camelot,Week2,224.0 Camelot - 177.0 Little Hunting Park
Little Hunting Park,Week4,Pinecrest,Week1,309.0 Pinecrest - 93.0 Little Hunting Park
Little Hunting Park,Week4,Rutherford,Week3,210.0 Rutherford - 191.0 Little Hunting Park
Lincolnia Park,Week5,Fair Oaks ,Week3,299.0 Fair Oaks - 94.0 Lincolnia Park
Little Hunting Park,Week3,Kings Ridge ,Week5,203.0 Kings Ridge - 199.0 Little Hunting Park
Little Hunting Park,Week1,Kings Ridge ,Week4,220.0 Kings Ridge - 182.0 Little Hunting Park
Lincolnia Park,Week5,Waynewood,Week2,313.0 Waynewood - 80.0 Lincolnia Park
Lincolnia Park,Week5,Fair Oaks ,Week4,282.0 Fair Oaks - 111.0 Lincolnia Park
Little Hunting Park,Week5,Pinecrest,Week4,312.0 Pinecrest - 90.0 Little Hunting Park
Lincolnia Park,Week5,Walden Glen,Week2,253.0 Walden Glen - 139.0 Lincolnia Park
Little Hunting Park,Week5,Fairfax,Week3,306.5 Fairfax - 95.5 Little Hunting Park
Little Hunting Park,Week4,Fairfax,Week3,330.0 Fairfax - 71.0 Little Hunting Park
Lee Graham,Week1,Waynewood,Week1,242.5 Lee Graham - 159.5 Waynewood
Little Hunting Park,Week1,Kings Ridge ,Week2,236.0 Little Hunting Park - 166.0 Kings Ridge
Lincolnia Park,Week3,South Run,Week3,249.0 South Run - 143.0 Lincolnia Park
Lincolnia Park,Week3,South Run,Week2,240.0 South Run - 152.0 Lincolnia Park
Lincolnia Park,Week4,Fair Oaks ,Week1,324.0 Fair Oaks - 78.0 Lincolnia Park
Lincolnia Park,Week5,Fair Oaks ,Week2,266.0 Fair Oaks - 127.0 Lincolnia Park
Little Hunting Park,Week3,Camelot,Week5,231.0 Camelot - 171.0 Little Hunting Park
Little Hunting Park,Week5,Kent Gardens,Week4,223.0 Kent Gardens - 178.0 Little Hunting Park
Lincolnia Park,Week1,Waynewood,Week1,327.0 Waynewood - 74.0 Lincolnia Park
Little Hunting Park,Week5,Fairfax,Week4,284.0 Fairfax - 118.0 Little Hunting Park
Little Hunting Park,Week1,Shouse Village,Week1,229.0 Shouse Village - 173.0 Little Hunting Park
Little Hunting Park,Week2,Shouse Village,Week2,235.0 Shouse Village - 167.0 Little Hunting Park
Little Hunting Park,Week2,Camelot,Week5,232.0 Camelot - 169.0 Little Hunting Park
Lincolnia Park,Week4,Waynewood,Week4,332.0 Waynewood - 70.0 Lincolnia Park
Little Hunting Park,Week2,Pinewood Lake,Week1,332.0 Little Hunting Park - 60.0 Pinewood Lake
Lincolnia Park,Week2,South Run,Week5,295.0 South Run - 97.0 Lincolnia Park
Lincolnia Park,Week3,South Run,Week5,264.0 South Run - 129.0 Lincolnia Park
Little Hunting Park,Week4,Camelot,Week3,220.5 Camelot - 179.5 Little Hunting Park
Little Hunting Park,Week2,Shouse Village,Week3,248.0 Shouse Village - 154.0 Little Hunting Park
Lincolnia Park,Week1,Fairfax,Week3,336.0 Fairfax - 66.0 Lincolnia Park
Little Hunting Park,Week1,Shouse Village,Week2,241.0 Shouse Village - 161.0 Little Hunting Park
Little Hunting Park,Week5,Rutherford,Week3,222.5 Little Hunting Park - 179.5 Rutherford
Lincolnia Park,Week4,Rolling Hills,Week5,282.0 Rolling Hills - 120.0 Lincolnia Park
Little Hunting Park,Week2,Kings Ridge ,Week4,212.0 Kings Ridge - 190.0 Little Hunting Park
Little Hunting Park,Week1,Fairfax Club Estates,Week1,208.5 Fairfax Club Estates - 192.5 Little Hunting Park
Lincolnia Park,Week1,Waynewood,Week4,345.0 Waynewood - 57.0 Lincolnia Park
Lincolnia Park,Week5,Walden Glen,Week5,292.0 Walden Glen - 100.0 Lincolnia Park
Lee Graham,Week2,Waynewood,Week3,212.0 Lee Graham - 190.0 Waynewood
Lincolnia Park,Week2,Waynewood,Week5,350.0 Waynewood - 43.0 Lincolnia Park
Little Hunting Park,Week5,Kent Gardens,Week3,219.0 Kent Gardens - 182.0 Little Hunting Park
Lee Graham,Week2,Waynewood,Week5,210.0 Lee Graham - 192.0 Waynewood
Little Hunting Park,Week5,Camelot,Week3,208.0 Little Hunting Park - 190.0 Camelot
Lincolnia Park,Week3,South Run,Week4,232.0 South Run - 160.0 Lincolnia Park
Little Hunting Park,Week5,Camelot,Week5,210.0 Camelot - 188.0 Little Hunting Park
Little Hunting Park,Week1,Pinewood Lake,Week3,353.0 Little Hunting Park - 46.0 Pinewood Lake
Little Hunting Park,Week2,Canterbury Woods,Week2,209.0 Canterbury Woods - 192.0 Little Hunting Park
Little Hunting Park,Week5,Rutherford,Week1,240.0 Little Hunting Park - 162.0 Rutherford
Little Hunting Park,Week3,Fairfax Club Estates,Week5,221.0 Fairfax Club Estates - 179.0 Little Hunting Park
Lincolnia Park,Week4,Walden Glen,Week2,275.0 Walden Glen - 121.0 Lincolnia Park
Little Hunting Park,Week5,Fairfax,Week5,306.5 Fairfax - 95.5 Little Hunting Park
Lincolnia Park,Week1,Fairfax,Week2,346.0 Fairfax - 56.0 Lincolnia Park
Lincolnia Park,Week1,Fairfax,Week5,359.0 Fairfax - 43.0 Lincolnia Park
Lincolnia Park,Week4,South Run,Week2,255.5 South Run - 139.5 Lincolnia Park
Little Hunting Park,Week4,Pinecrest,Week4,320.0 Pinecrest - 82.0 Little Hunting Park
Lincolnia Park,Week4,South Run,Week1,266.0 South Run - 125.0 Lincolnia Park
Lee Graham,Week2,Waynewood,Week2,236.0 Lee Graham - 166.0 Waynewood
Lee Graham,Week3,Waynewood,Week4,239.0 Lee Graham - 163.0 Waynewood
Lincolnia Park,Week4,Fair Oaks ,Week2,293.0 Fair Oaks - 108.0 Lincolnia Park
Lee Graham,Week1,Waynewood,Week3,218.5 Lee Graham - 183.5 Waynewood
Little Hunting Park,Week3,Canterbury Woods,Week2,207.0 Canterbury Woods - 195.0 Little Hunting Park
Little Hunting Park,Week1,Fairfax Club Estates,Week5,210.0 Fairfax Club Estates - 183.0 Little Hunting Park
Little Hunting Park,Week5,Kent Gardens,Week2,228.0 Kent Gardens - 173.0 Little Hunting Park
Little Hunting Park,Week1,Pinewood Lake,Week4,336.0 Little Hunting Park - 63.0 Pinewood Lake
Little Hunting Park,Week1,Shouse Village,Week3,247.0 Shouse Village - 155.0 Little Hunting Park
Little Hunting Park,Week2,Pinewood Lake,Week2,336.0 Little Hunting Park - 58.0 Pinewood Lake
Little Hunting Park,Week5,Pinecrest,Week1,275.5 Pinecrest - 126.5 Little Hunting Park
Little Hunting Park,Week3,Shouse Village,Week4,262.0 Shouse Village - 140.0 Little Hunting Park
Little Hunting Park,Week1,Pinewood Lake,Week5,326.0 Little Hunting Park - 73.0 Pinewood Lake
Little Hunting Park,Week4,Fairfax,Week1,312.0 Fairfax - 90.0 Little Hunting Park
Little Hunting Park,Week3,Canterbury Woods,Week5,216.0 Canterbury Woods - 185.0 Little Hunting Park
Lincolnia Park,Week5,Rolling Hills,Week5,249.5 Rolling Hills - 142.5 Lincolnia Park
Little Hunting Park,Week2,Kings Ridge ,Week1,206.0 Little Hunting Park - 196.0 Kings Ridge
Little Hunting Park,Week3,Kings Ridge ,Week3,227.0 Little Hunting Park - 173.0 Kings Ridge
Lincolnia Park,Week1,Woodley,Week3,234.0 Woodley - 168.0 Lincolnia Park
Lincolnia Park,Week2,Fairfax,Week2,349.0 Fairfax - 44.0 Lincolnia Park
Little Hunting Park,Week1,Cardinal Hill,Week1,304.0 Cardinal Hill - 98.0 Little Hunting Park
Lincolnia Park,Week1,Rolling Valley,Week1,207.0 Lincolnia Park - 195.0 Rolling Valley
Lee Graham,Week1,Waynewood,Week2,233.0 Lee Graham - 169.0 Waynewood
Little Hunting Park,Week3,Rutherford,Week3,210.0 Rutherford - 192.0 Little Hunting Park
Little Hunting Park,Week2,Pinewood Lake,Week3,338.0 Little Hunting Park - 56.0 Pinewood Lake
Little Hunting Park,Week2,Pinewood Lake,Week4,332.0 Little Hunting Park - 63.0 Pinewood Lake
Little Hunting Park,Week1,Shouse Village,Week4,267.0 Shouse Village - 135.0 Little Hunting Park
Lincolnia Park,Week1,Rolling Valley,Week4,231.5 Rolling Valley - 169.5 Lincolnia Park
Little Hunting Park,Week3,Kings Ridge ,Week1,217.5 Little Hunting Park - 184.5 Kings Ridge
Lincolnia Park,Week4,Walden Glen,Week4,290.5 Walden Glen - 104.5 Lincolnia Park
Little Hunting Park,Week5,Fairfax,Week2,293.0 Fairfax - 109.0 Little Hunting Park
Lincolnia Park,Week2,Fair Oaks ,Week4,312.0 Fair Oaks - 81.0 Lincolnia Park
Lincolnia Park,Week2,Fair Oaks ,Week5,329.0 Fair Oaks - 64.0 Lincolnia Park
Little Hunting Park,Week3,Fairfax,Week3,337.0 Fairfax - 65.0 Little Hunting Park
Little Hunting Park,Week2,Canterbury Woods,Week4,248.0 Canterbury Woods - 154.0 Little Hunting Park
Lincolnia Park,Week4,Waynewood,Week5,349.0 Waynewood - 53.0 Lincolnia Park
Lincolnia Park,Week3,Fair Oaks ,Week1,288.0 Fair Oaks - 105.0 Lincolnia Park
Lincolnia Park,Week3,Waynewood,Week3,321.0 Waynewood - 72.0 Lincolnia Park
Little Hunting Park,Week4,Kent Gardens,Week2,252.0 Kent Gardens - 150.0 Little Hunting Park
Lincolnia Park,Week2,Rolling Hills,Week5,275.0 Rolling Hills - 118.0 Lincolnia Park
Little Hunting Park,Week3,Kings Ridge ,Week2,238.0 Little Hunting Park - 164.0 Kings Ridge
Little Hunting Park,Week3,Canterbury Woods,Week4,242.0 Canterbury Woods - 160.0 Little Hunting Park
Little Hunting Park,Week2,Pinewood Lake,Week5,324.0 Little Hunting Park - 71.0 Pinewood Lake
Little Hunting Park,Week3,Canterbury Woods,Week1,217.0 Canterbury Woods - 185.0 Little Hunting Park
Lincolnia Park,Week2,Fair Oaks ,Week2,291.0 Fair Oaks - 100.0 Lincolnia Park
Little Hunting Park,Week4,Rutherford,Week4,231.0 Rutherford - 171.0 Little Hunting Park
Little Hunting Park,Week1,Canterbury Woods,Week2,222.0 Canterbury Woods - 176.0 Little Hunting Park
Little Hunting Park,Week4,Kings Ridge ,Week1,216.0 Little Hunting Park - 186.0 Kings Ridge
Lincolnia Park,Week4,Walden Glen,Week3,294.0 Walden Glen - 104.0 Lincolnia Park
Lincolnia Park,Week2,Waynewood,Week1,330.0 Waynewood - 63.0 Lincolnia Park
Little Hunting Park,Week5,Rutherford,Week5,217.0 Little Hunting Park - 185.0 Rutherford
Lee Graham,Week2,Waynewood,Week1,251.0 Lee Graham - 151.0 Waynewood
Little Hunting Park,Week4,Rutherford,Week1,207.0 Little Hunting Park - 194.0 Rutherford
Little Hunting Park,Week5,Camelot,Week2,203.0 Little Hunting Park - 198.0 Camelot
Lee Graham,Week4,Waynewood,Week1,256.0 Lee Graham - 146.0 Waynewood
Little Hunting Park,Week1,Pinewood Lake,Week2,342.0 Little Hunting Park - 58.0 Pinewood Lake
Lincolnia Park,Week2,Fair Oaks ,Week3,326.0 Fair Oaks - 67.0 Lincolnia Park
Lincolnia Park,Week5,Walden Glen,Week3,277.0 Walden Glen - 116.0 Lincolnia Park
Little Hunting Park,Week5,Fairfax,Week1,268.0 Fairfax - 133.0 Little Hunting Park
Lincolnia Park,Week3,Fair Oaks ,Week4,288.0 Fair Oaks - 105.0 Lincolnia Park
Little Hunting Park,Week4,Kent Gardens,Week3,258.0 Kent Gardens - 144.0 Little Hunting Park
Little Hunting Park,Week5,Canterbury Woods,Week4,222.0 Canterbury Woods - 180.0 Little Hunting Park
Little Hunting Park,Week2,Shouse Village,Week4,263.0 Shouse Village - 138.0 Little Hunting Park
Lincolnia Park,Week2,Rolling Valley,Week4,249.0 Rolling Valley - 143.0 Lincolnia Park
Little Hunting Park,Week2,Fairfax Club Estates,Week1,222.0 Fairfax Club Estates - 178.0 Little Hunting Park
Little Hunting Park,Week3,Fairfax,Week2,325.0 Fairfax - 77.0 Little Hunting Park
Little Hunting Park,Week4,Fairfax,Week4,323.0 Fairfax - 78.0 Little Hunting Park
Little Hunting Park,Week3,Pinewood Lake,Week4,336.0 Little Hunting Park - 59.0 Pinewood Lake
Lincolnia Park,Week5,Rolling Hills,Week3,234.0 Rolling Hills - 154.0 Lincolnia Park
Little Hunting Park,Week3,Kings Ridge ,Week4,212.0 Kings Ridge - 190.0 Little Hunting Park
Lee Graham,Week4,Waynewood,Week2,237.0 Lee Graham - 165.0 Waynewood
Lincolnia Park,Week5,Rolling Hills,Week4,243.0 Rolling Hills - 141.0 Lincolnia Park
Little Hunting Park,Week3,Pinewood Lake,Week5,333.0 Little Hunting Park - 65.0 Pinewood Lake
Lincolnia Park,Week1,Waynewood,Week2,349.0 Waynewood - 53.0 Lincolnia Park
Lee Graham,Week3,Waynewood,Week1,246.5 Lee Graham - 155.5 Waynewood
Lincolnia Park,Week3,Waynewood,Week1,300.0 Waynewood - 93.0 Lincolnia Park
Little Hunting Park,Week5,Canterbury Woods,Week2,205.0 Little Hunting Park - 197.0 Canterbury Woods
Little Hunting Park,Week5,Rutherford,Week4,218.0 Little Hunting Park - 184.0 Rutherford
Lincolnia Park,Week2,Waynewood,Week4,339.0 Waynewood - 53.0 Lincolnia Park
Lincolnia Park,Week2,Rolling Hills,Week4,283.0 Rolling Hills - 104.0 Lincolnia Park
Lincolnia Park,Week2,Fairfax,Week1,336.0 Fairfax - 57.0 Lincolnia Park
Lincolnia Park,Week2,Fairfax,Week3,347.0 Fairfax - 45.0 Lincolnia Park
Little Hunting Park,Week2,Shouse Village,Week5,272.0 Shouse Village - 129.0 Little Hunting Park
Lincolnia Park,Week3,Rolling Valley,Week4,212.0 Rolling Valley - 180.0 Lincolnia Park
Little Hunting Park,Week5,Kings Ridge ,Week2,243.0 Little Hunting Park - 159.0 Kings Ridge
Lincolnia Park,Week2,Rolling Hills,Week3,279.5 Rolling Hills - 105.5 Lincolnia Park
Lincolnia Park,Week1,Rolling Hills,Week5,283.0 Rolling Hills - 118.0 Lincolnia Park
Little Hunting Park,Week5,Kings Ridge ,Week3,228.0 Little Hunting Park - 172.0 Kings Ridge
Little Hunting Park,Week3,Cardinal Hill,Week4,300.0 Cardinal Hill - 102.0 Little Hunting Park
Little Hunting Park,Week3,Pinewood Lake,Week3,351.0 Little Hunting Park - 43.0 Pinewood Lake
Little Hunting Park,Week3,Fairfax Club Estates,Week2,203.0 Little Hunting Park - 198.0 Fairfax Club Estates
Little Hunting Park,Week4,Kings Ridge ,Week3,221.0 Little Hunting Park - 181.0 Kings Ridge
Little Hunting Park,Week5,Canterbury Woods,Week5,210.0 Canterbury Woods - 190.0 Little Hunting Park
Little Hunting Park,Week3,Cardinal Hill,Week2,289.0 Cardinal Hill - 113.0 Little Hunting Park
Lincolnia Park,Week3,Rolling Valley,Week1,230.0 Lincolnia Park - 163.0 Rolling Valley
Lincolnia Park,Week3,Fairfax,Week2,327.0 Fairfax - 66.0 Lincolnia Park
Little Hunting Park,Week2,Fairfax Club Estates,Week4,232.0 Fairfax Club Estates - 169.0 Little Hunting Park
Little Hunting Park,Week3,Shouse Village,Week1,231.0 Shouse Village - 171.0 Little Hunting Park
Lincolnia Park,Week2,Waynewood,Week3,343.0 Waynewood - 50.0 Lincolnia Park
Lee Graham,Week4,Waynewood,Week3,218.0 Lee Graham - 184.0 Waynewood
Little Hunting Park,Week2,Fairfax Club Estates,Week5,209.0 Fairfax Club Estates - 188.0 Little Hunting Park
Little Hunting Park,Week2,Fairfax Club Estates,Week3,220.0 Fairfax Club Estates - 178.0 Little Hunting Park
Little Hunting Park,Week3,Rutherford,Week5,218.0 Rutherford - 184.0 Little Hunting Park
Little Hunting Park,Week5,Rutherford,Week2,247.0 Little Hunting Park - 155.0 Rutherford
Little Hunting Park,Week5,Kings Ridge ,Week4,214.0 Little Hunting Park - 187.0 Kings Ridge
Lincolnia Park,Week2,Fairfax,Week4,347.0 Fairfax - 45.0 Lincolnia Park
Lincolnia Park,Week4,Walden Glen,Week1,257.0 Walden Glen - 135.0 Lincolnia Park
Lincolnia Park,Week1,Fairfax,Week1,338.0 Fairfax - 64.0 Lincolnia Park
Little Hunting Park,Week2,Kings Ridge ,Week5,223.0 Kings Ridge - 179.0 Little Hunting Park
Little Hunting Park,Week5,Canterbury Woods,Week3,217.0 Canterbury Woods - 184.0 Little Hunting Park
Little Hunting Park,Week3,Shouse Village,Week2,232.0 Shouse Village - 170.0 Little Hunting Park
Little Hunting Park,Week4,Kings Ridge ,Week4,202.0 Kings Ridge - 200.0 Little Hunting Park
Lincolnia Park,Week3,Fairfax,Week4,328.0 Fairfax - 64.0 Lincolnia Park
Little Hunting Park,Week2,Fairfax Club Estates,Week2,202.0 Little Hunting Park - 197.0 Fairfax Club Estates
Little Hunting Park,Week5,Kings Ridge ,Week1,247.0 Little Hunting Park - 155.0 Kings Ridge
Lincolnia Park,Week4,Walden Glen,Week5,319.0 Walden Glen - 81.0 Lincolnia Park
Lincolnia Park,Week3,Rolling Hills,Week5,263.0 Rolling Hills - 129.0 Lincolnia Park
Lincolnia Park,Week4,Mount Vernon Park,Week1,341.0 Mount Vernon Park - 61.0 Lincolnia Park
Little Hunting Park,Week3,Fairfax,Week4,323.0 Fairfax - 79.0 Little Hunting Park
Little Hunting Park,Week1,Canterbury Woods,Week4,253.5 Canterbury Woods - 147.5 Little Hunting Park
Lincolnia Park,Week4,Rolling Hills,Week1,281.0 Rolling Hills - 119.0 Lincolnia Park
Lincolnia Park,Week3,Waynewood,Week4,318.0 Waynewood - 75.0 Lincolnia Park
Lincolnia Park,Week5,Fairfax,Week3,329.0 Fairfax - 63.0 Lincolnia Park
Little Hunting Park,Week3,Shouse Village,Week5,275.0 Shouse Village - 127.0 Little Hunting Park
Lincolnia Park,Week3,Fairfax,Week5,346.0 Fairfax - 46.0 Lincolnia Park
Lincolnia Park,Week4,Rolling Hills,Week4,278.0 Rolling Hills - 118.0 Lincolnia Park
Little Hunting Park,Week1,Lake Braddock,Week2,225.0 Little Hunting Park - 176.0 Lake Braddock
Little Hunting Park,Week4,Fairfax Club Estates,Week1,215.0 Fairfax Club Estates - 186.0 Little Hunting Park
Little Hunting Park,Week3,Rutherford,Week4,205.0 Rutherford - 197.0 Little Hunting Park
Lincolnia Park,Week1,Waynewood,Week3,356.5 Waynewood - 45.5 Lincolnia Park
Little Hunting Park,Week1,Canterbury Woods,Week1,229.0 Canterbury Woods - 172.0 Little Hunting Park
Lincolnia Park,Week3,Fairfax Club Estates,Week1,253.0 Fairfax Club Estates - 140.0 Lincolnia Park
Little Hunting Park,Week3,Fairfax Club Estates,Week4,238.0 Fairfax Club Estates - 164.0 Little Hunting Park
Little Hunting Park,Week2,Canterbury Woods,Week3,248.0 Canterbury Woods - 154.0 Little Hunting Park
Little Hunting Park,Week5,Kings Ridge ,Week5,223.0 Little Hunting Park - 178.0 Kings Ridge
Lincolnia Park,Week5,Mosby Woods,Week4,321.0 Mosby Woods - 71.0 Lincolnia Park
Lincolnia Park,Week1,Mount Vernon Park,Week4,351.0 Mount Vernon Park - 51.0 Lincolnia Park
Lincolnia Park,Week5,Walden Glen,Week1,232.0 Walden Glen - 152.0 Lincolnia Park
Lincolnia Park,Week2,Rolling Hills,Week1,285.0 Rolling Hills - 106.0 Lincolnia Park
Little Hunting Park,Week4,Rutherford,Week2,206.0 Little Hunting Park - 195.0 Rutherford
Lincolnia Park,Week3,Mount Vernon Park,Week4,318.0 Mount Vernon Park - 75.0 Lincolnia Park
Little Hunting Park,Week3,Fairfax Club Estates,Week3,220.0 Fairfax Club Estates - 180.0 Little Hunting Park
Little Hunting Park,Week4,Shouse Village,Week1,231.0 Shouse Village - 171.0 Little Hunting Park
Lincolnia Park,Week2,Fairfax Club Estates,Week2,256.0 Fairfax Club Estates - 132.0 Lincolnia Park
Little Hunting Park,Week3,Lake Braddock,Week1,250.0 Little Hunting Park - 152.0 Lake Braddock
Little Hunting Park,Week4,Fairfax Club Estates,Week3,216.0 Fairfax Club Estates - 184.0 Little Hunting Park
Little Hunting Park,Week5,Camelot,Week4,204.0 Camelot - 198.0 Little Hunting Park
Little Hunting Park,Week5,Fairfax Club Estates,Week3,204.0 Little Hunting Park - 193.0 Fairfax Club Estates
Little Hunting Park,Week2,Lake Braddock,Week4,210.0 Little Hunting Park - 192.0 Lake Braddock
Lincolnia Park,Week3,Waynewood,Week5,325.0 Waynewood - 68.0 Lincolnia Park
Lincolnia Park,Week3,Mount Vernon Park,Week3,324.0 Mount Vernon Park - 69.0 Lincolnia Park
Lincolnia Park,Week4,Fairfax Club Estates,Week5,291.5 Fairfax Club Estates - 105.5 Lincolnia Park
Lincolnia Park,Week2,Rolling Hills,Week2,284.0 Rolling Hills - 108.0 Lincolnia Park
Lincolnia Park,Week3,Rolling Hills,Week4,244.0 Rolling Hills - 141.0 Lincolnia Park
Little Hunting Park,Week2,Canterbury Woods,Week1,232.0 Canterbury Woods - 170.0 Little Hunting Park
Lincolnia Park,Week5,Mount Vernon Park,Week2,322.0 Mount Vernon Park - 71.0 Lincolnia Park
Lincolnia Park,Week1,Fairfax Club Estates,Week5,281.0 Fairfax Club Estates - 119.0 Lincolnia Park
Little Hunting Park,Week4,Shouse Village,Week2,231.0 Shouse Village - 171.0 Little Hunting Park
Lincolnia Park,Week2,Mount Vernon Park,Week5,339.0 Mount Vernon Park - 52.0 Lincolnia Park
Lincolnia Park,Week4,Waynewood,Week3,341.0 Waynewood - 61.0 Lincolnia Park
Lincolnia Park,Week4,Waynewood,Week2,330.0 Waynewood - 72.0 Lincolnia Park
Lincolnia Park,Week5,Rolling Hills,Week1,260.0 Rolling Hills - 130.0 Lincolnia Park
Little Hunting Park,Week4,Fairfax Club Estates,Week4,219.0 Fairfax Club Estates - 182.0 Little Hunting Park
Lincolnia Park,Week5,Fairfax,Week5,341.0 Fairfax - 51.0 Lincolnia Park
Little Hunting Park,Week1,Canterbury Woods,Week3,244.0 Canterbury Woods - 157.0 Little Hunting Park
Lincolnia Park,Week2,Mount Vernon Park,Week3,343.0 Mount Vernon Park - 45.0 Lincolnia Park
Little Hunting Park,Week4,Shouse Village,Week3,253.0 Shouse Village - 149.0 Little Hunting Park
Lincolnia Park,Week3,Rolling Hills,Week1,266.0 Rolling Hills - 125.0 Lincolnia Park
Little Hunting Park,Week3,Lake Braddock,Week2,214.0 Little Hunting Park - 188.0 Lake Braddock
Little Hunting Park,Week2,Canterbury Woods,Week5,241.0 Canterbury Woods - 157.0 Little Hunting Park
Little Hunting Park,Week1,Lakevale Estates,Week5,321.0 Lakevale Estates - 81.0 Little Hunting Park
Little Hunting Park,Week4,Fairfax Club Estates,Week2,208.0 Little Hunting Park - 192.0 Fairfax Club Estates
Lincolnia Park,Week2,Waynewood,Week2,345.0 Waynewood - 48.0 Lincolnia Park
Little Hunting Park,Week5,Fairfax Club Estates,Week5,216.0 Little Hunting Park - 183.0 Fairfax Club Estates
Little Hunting Park,Week3,Lake Braddock,Week4,216.0 Little Hunting Park - 186.0 Lake Braddock
Little Hunting Park,Week1,Fairfax Station,Week4,303.0 Fairfax Station - 99.0 Little Hunting Park
Lincolnia Park,Week4,Fairfax Club Estates,Week3,269.0 Fairfax Club Estates - 131.0 Lincolnia Park
Little Hunting Park,Week4,Lake Braddock,Week5,205.0 Lake Braddock - 197.0 Little Hunting Park
Little Hunting Park,Week4,Shouse Village,Week4,263.0 Shouse Village - 139.0 Little Hunting Park
Lincolnia Park,Week2,Newington Forest,Week3,237.0 Newington Forest - 155.0 Lincolnia Park
Little Hunting Park,Week4,Canterbury Woods,Week4,244.0 Canterbury Woods - 158.0 Little Hunting Park
Lincolnia Park,Week4,Rolling Hills,Week3,282.0 Rolling Hills - 113.0 Lincolnia Park
Lincolnia Park,Week5,Waynewood,Week4,313.0 Waynewood - 80.0 Lincolnia Park
Lincolnia Park,Week3,Fairfax Club Estates,Week3,234.0 Fairfax Club Estates - 158.0 Lincolnia Park
Little Hunting Park,Week1,Lakevale Estates,Week4,326.0 Lakevale Estates - 76.0 Little Hunting Park
Little Hunting Park,Week3,Canterbury Woods,Week3,222.0 Canterbury Woods - 180.0 Little Hunting Park
Little Hunting Park,Week4,Canterbury Woods,Week5,227.0 Canterbury Woods - 171.0 Little Hunting Park
Lincolnia Park,Week1,Rolling Hills,Week3,276.0 Rolling Hills - 116.0 Lincolnia Park
Lincolnia Park,Week4,Waynewood,Week1,329.0 Waynewood - 72.0 Lincolnia Park
Little Hunting Park,Week3,Sideburn Run,Week3,276.0 Sideburn Run - 126.0 Little Hunting Park
Little Hunting Park,Week2,Lake Braddock,Week2,224.0 Little Hunting Park - 178.0 Lake Braddock
Lincolnia Park,Week5,Waynewood,Week1,295.0 Waynewood - 98.0 Lincolnia Park
Little Hunting Park,Week4,Lake Braddock,Week2,219.0 Little Hunting Park - 183.0 Lake Braddock
Little Hunting Park,Week5,Fairfax Club Estates,Week1,203.0 Little Hunting Park - 195.0 Fairfax Club Estates
Lincolnia Park,Week5,Waynewood,Week5,333.0 Waynewood - 60.0 Lincolnia Park
Lincolnia Park,Week3,Rolling Hills,Week2,267.0 Rolling Hills - 125.0 Lincolnia Park
Lincolnia Park,Week1,Rolling Hills,Week4,282.0 Rolling Hills - 114.0 Lincolnia Park
Lincolnia Park,Week2,Mount Vernon Park,Week1,339.0 Mount Vernon Park - 54.0 Lincolnia Park
Lincolnia Park,Week2,Newington Forest,Week2,224.0 Newington Forest - 163.0 Lincolnia Park
Little Hunting Park,Week4,Shouse Village,Week5,272.0 Shouse Village - 129.0 Little Hunting Park
Lincolnia Park,Week4,Fairfax Club Estates,Week2,258.0 Fairfax Club Estates - 143.0 Lincolnia Park
Lincolnia Park,Week3,Fairfax Club Estates,Week4,254.0 Fairfax Club Estates - 138.0 Lincolnia Park
Little Hunting Park,Week3,Lakevale Estates,Week2,319.0 Lakevale Estates - 83.0 Little Hunting Park
Lincolnia Park,Week1,Newington Forest,Week4,245.0 Newington Forest - 156.0 Lincolnia Park
Lincolnia Park,Week2,Fairfax Club Estates,Week3,267.0 Fairfax Club Estates - 121.0 Lincolnia Park
Lincolnia Park,Week4,Rolling Hills,Week2,286.0 Rolling Hills - 116.0 Lincolnia Park
Lincolnia Park,Week1,Woodley,Week1,239.0 Woodley - 163.0 Lincolnia Park
Lincolnia Park,Week5,Waynewood,Week3,318.0 Waynewood - 75.0 Lincolnia Park
Lincolnia Park,Week2,Fairfax Club Estates,Week5,278.0 Fairfax Club Estates - 107.0 Lincolnia Park
Little Hunting Park,Week1,Fairfax Station,Week1,314.0 Fairfax Station - 87.0 Little Hunting Park
Little Hunting Park,Week1,Sideburn Run,Week1,271.0 Sideburn Run - 131.0 Little Hunting Park
Lincolnia Park,Week3,Rolling Hills,Week3,249.0 Rolling Hills - 135.0 Lincolnia Park
Little Hunting Park,Week4,Canterbury Woods,Week1,216.0 Canterbury Woods - 186.0 Little Hunting Park
Little Hunting Park,Week5,Fairfax Station,Week2,287.0 Fairfax Station - 115.0 Little Hunting Park
Lincolnia Park,Week2,Newington Forest,Week5,252.0 Newington Forest - 141.0 Lincolnia Park
Little Hunting Park,Week4,Canterbury Woods,Week3,235.0 Canterbury Woods - 167.0 Little Hunting Park
Little Hunting Park,Week5,Shouse Village,Week1,216.0 Shouse Village - 185.0 Little Hunting Park
Little Hunting Park,Week1,Canterbury Woods,Week5,231.0 Canterbury Woods - 162.0 Little Hunting Park
Little Hunting Park,Week1,Fairfax Station,Week2,310.0 Fairfax Station - 91.0 Little Hunting Park
Little Hunting Park,Week1,Sideburn Run,Week3,270.0 Sideburn Run - 131.0 Little Hunting Park
Lincolnia Park,Week4,Fairfax,Week4,343.0 Fairfax - 58.0 Lincolnia Park
Lincolnia Park,Week5,Mosby Woods,Week3,338.0 Mosby Woods - 55.0 Lincolnia Park
Little Hunting Park,Week5,Shouse Village,Week4,244.0 Shouse Village - 157.0 Little Hunting Park
Little Hunting Park,Week5,Canterbury Woods,Week1,204.0 Canterbury Woods - 198.0 Little Hunting Park
Little Hunting Park,Week4,Lake Braddock,Week3,217.0 Little Hunting Park - 184.0 Lake Braddock
Lincolnia Park,Week5,Rolling Hills,Week2,252.0 Rolling Hills - 138.0 Lincolnia Park
Lincolnia Park,Week4,Woodley,Week4,223.0 Woodley - 179.0 Lincolnia Park
Little Hunting Park,Week1,Cardinal Hill,Week2,295.0 Cardinal Hill - 106.0 Little Hunting Park
Lincolnia Park,Week1,Mount Vernon Park,Week2,345.0 Mount Vernon Park - 57.0 Lincolnia Park
Lincolnia Park,Week1,Rolling Valley,Week2,240.0 Rolling Valley - 162.0 Lincolnia Park
Little Hunting Park,Week4,Canterbury Woods,Week2,207.0 Canterbury Woods - 194.0 Little Hunting Park
Little Hunting Park,Week5,Lake Braddock,Week2,251.0 Little Hunting Park - 151.0 Lake Braddock
Little Hunting Park,Week1,Sideburn Run,Week4,268.5 Sideburn Run - 132.5 Little Hunting Park
Little Hunting Park,Week2,Fairfax Station,Week1,313.0 Fairfax Station - 89.0 Little Hunting Park
Lincolnia Park,Week4,Fairfax Club Estates,Week4,291.0 Fairfax Club Estates - 110.0 Lincolnia Park
Little Hunting Park,Week1,Sleepy Hollow B & R,Week2,295.0 Sleepy Hollow B & R - 106.0 Little Hunting Park
Lincolnia Park,Week1,Woodley,Week2,226.0 Woodley - 176.0 Lincolnia Park
Lincolnia Park,Week1,Rolling Valley,Week3,226.0 Rolling Valley - 175.0 Lincolnia Park
Lincolnia Park,Week1,Woodley,Week4,239.0 Woodley - 162.0 Lincolnia Park
Little Hunting Park,Week3,Fairfax Station,Week2,304.0 Fairfax Station - 98.0 Little Hunting Park
Little Hunting Park,Week3,Lake Braddock,Week5,205.0 Little Hunting Park - 197.0 Lake Braddock
Lincolnia Park,Week1,Mount Vernon Park,Week5,340.0 Mount Vernon Park - 62.0 Lincolnia Park
Lincolnia Park,Week1,Mount Vernon Park,Week3,346.0 Mount Vernon Park - 56.0 Lincolnia Park
Lincolnia Park,Week5,Fairfax,Week1,317.0 Fairfax - 76.0 Lincolnia Park
Lincolnia Park,Week4,Woodley,Week1,228.0 Woodley - 174.0 Lincolnia Park
Little Hunting Park,Week2,Lake Braddock,Week1,247.0 Little Hunting Park - 155.0 Lake Braddock
Lincolnia Park,Week3,Fairfax Club Estates,Week5,242.0 Fairfax Club Estates - 147.0 Lincolnia Park
Little Hunting Park,Week2,Lakevale Estates,Week1,309.0 Lakevale Estates - 93.0 Little Hunting Park
Lincolnia Park,Week3,Mount Vernon Park,Week2,319.0 Mount Vernon Park - 74.0 Lincolnia Park
Little Hunting Park,Week1,Cardinal Hill,Week5,294.0 Cardinal Hill - 104.0 Little Hunting Park
Little Hunting Park,Week5,Sideburn Run,Week3,247.0 Sideburn Run - 155.0 Little Hunting Park
Lincolnia Park,Week1,Rolling Valley,Week5,232.0 Rolling Valley - 170.0 Lincolnia Park
Lincolnia Park,Week2,Broyhill Crest,Week5,211.0 Lincolnia Park - 180.0 Broyhill Crest
Lincolnia Park,Week4,Broyhill Crest,Week5,205.0 Lincolnia Park - 191.0 Broyhill Crest
Little Hunting Park,Week1,Cardinal Hill,Week3,314.0 Cardinal Hill - 87.0 Little Hunting Park
Lincolnia Park,Week2,Fairfax Club Estates,Week1,276.0 Fairfax Club Estates - 116.0 Lincolnia Park
Lincolnia Park,Week2,Rolling Valley,Week2,244.5 Rolling Valley - 148.5 Lincolnia Park
Little Hunting Park,Week3,Fairfax Station,Week3,326.0 Fairfax Station - 76.0 Little Hunting Park
Little Hunting Park,Week3,Fairfax Station,Week4,293.0 Fairfax Station - 109.0 Little Hunting Park
Lincolnia Park,Week3,Woodley,Week1,200.5 Lincolnia Park - 192.5 Woodley
Lincolnia Park,Week2,Rolling Valley,Week1,202.0 Lincolnia Park - 187.0 Rolling Valley
Little Hunting Park,Week5,Lake Braddock,Week4,253.0 Little Hunting Park - 149.0 Lake Braddock
Lincolnia Park,Week1,Mount Vernon Park,Week1,341.0 Mount Vernon Park - 61.0 Lincolnia Park
Lincolnia Park,Week5,Broyhill Crest,Week4,261.0 Lincolnia Park - 128.0 Broyhill Crest
Lincolnia Park,Week4,Fairfax,Week3,334.0 Fairfax - 67.0 Lincolnia Park
Little Hunting Park,Week4,Sideburn Run,Week1,284.0 Sideburn Run - 118.0 Little Hunting Park
Lincolnia Park,Week4,Woodley,Week5,225.0 Woodley - 170.0 Lincolnia Park
Little Hunting Park,Week1,Cardinal Hill,Week4,299.0 Cardinal Hill - 103.0 Little Hunting Park
Little Hunting Park,Week1,Fairfax Station,Week3,321.0 Fairfax Station - 81.0 Little Hunting Park
Lincolnia Park,Week2,Mount Vernon Park,Week4,343.5 Mount Vernon Park - 49.5 Lincolnia Park
Little Hunting Park,Week4,Fairfax Station,Week1,304.0 Fairfax Station - 98.0 Little Hunting Park
Little Hunting Park,Week5,Sideburn Run,Week4,235.0 Sideburn Run - 166.0 Little Hunting Park
Little Hunting Park,Week3,Sideburn Run,Week5,297.0 Sideburn Run - 105.0 Little Hunting Park
Little Hunting Park,Week5,Sideburn Run,Week2,228.5 Sideburn Run - 172.5 Little Hunting Park
Lincolnia Park,Week5,Woodley,Week1,208.0 Woodley - 185.0 Lincolnia Park
Lincolnia Park,Week2,Rolling Valley,Week3,229.0 Rolling Valley - 163.0 Lincolnia Park
Lincolnia Park,Week2,Rolling Valley,Week5,229.0 Rolling Valley - 163.0 Lincolnia Park
Little Hunting Park,Week4,Sideburn Run,Week2,268.0 Sideburn Run - 134.0 Little Hunting Park
Lincolnia Park,Week3,Mount Vernon Park,Week1,312.0 Mount Vernon Park - 81.0 Lincolnia Park
Little Hunting Park,Week2,Fairfax Station,Week3,323.0 Fairfax Station - 79.0 Little Hunting Park
Lincolnia Park,Week5,Broyhill Crest,Week2,288.0 Lincolnia Park - 103.0 Broyhill Crest
Lincolnia Park,Week3,Woodley,Week3,200.0 Lincolnia Park - 193.0 Woodley
Lincolnia Park,Week3,Mount Vernon Park,Week5,315.0 Mount Vernon Park - 77.0 Lincolnia Park
Lincolnia Park,Week5,Fairfax,Week2,329.0 Fairfax - 64.0 Lincolnia Park
Little Hunting Park,Week3,Lake Braddock,Week3,222.0 Little Hunting Park - 180.0 Lake Braddock
Lincolnia Park,Week4,Mount Vernon Park,Week3,349.0 Mount Vernon Park - 53.0 Lincolnia Park
Little Hunting Park,Week4,Lake Braddock,Week4,204.0 Lake Braddock - 198.0 Little Hunting Park
Little Hunting Park,Week5,Lake Braddock,Week5,240.0 Little Hunting Park - 161.0 Lake Braddock
Lincolnia Park,Week3,Broyhill Crest,Week2,277.0 Lincolnia Park - 115.0 Broyhill Crest
Little Hunting Park,Week2,Cardinal Hill,Week3,313.0 Cardinal Hill - 89.0 Little Hunting Park
Little Hunting Park,Week2,Cardinal Hill,Week2,292.0 Cardinal Hill - 110.0 Little Hunting Park
Lincolnia Park,Week1,Fairfax Club Estates,Week1,267.0 Fairfax Club Estates - 135.0 Lincolnia Park
Little Hunting Park,Week2,Lakevale Estates,Week2,306.0 Lakevale Estates - 96.0 Little Hunting Park
Lincolnia Park,Week4,Fairfax,Week5,356.0 Fairfax - 45.0 Lincolnia Park
Lincolnia Park,Week4,Broyhill Crest,Week2,260.0 Lincolnia Park - 137.0 Broyhill Crest
Little Hunting Park,Week5,Fairfax Club Estates,Week2,230.0 Little Hunting Park - 167.0 Fairfax Club Estates
Lincolnia Park,Week4,Mount Vernon Park,Week2,351.0 Mount Vernon Park - 51.0 Lincolnia Park
Little Hunting Park,Week5,Lake Braddock,Week1,276.0 Little Hunting Park - 125.0 Lake Braddock
Lincolnia Park,Week3,Rolling Valley,Week2,197.5 Rolling Valley - 195.5 Lincolnia Park
Lincolnia Park,Week4,Woodley,Week3,231.0 Woodley - 171.0 Lincolnia Park
Little Hunting Park,Week3,Sideburn Run,Week1,275.0 Sideburn Run - 127.0 Little Hunting Park
Little Hunting Park,Week3,Cardinal Hill,Week1,306.0 Cardinal Hill - 96.0 Little Hunting Park
Little Hunting Park,Week5,Shouse Village,Week3,232.0 Shouse Village - 169.0 Little Hunting Park
Lincolnia Park,Week2,Rutherford,Week3,267.0 Rutherford - 124.0 Lincolnia Park
Lincolnia Park,Week5,Woodley,Week2,198.0 Woodley - 194.0 Lincolnia Park
Lincolnia Park,Week2,Burke Station,Week2,220.0 Burke Station - 163.0 Lincolnia Park
Lincolnia Park,Week4,Fairfax,Week2,340.0 Fairfax - 62.0 Lincolnia Park
Little Hunting Park,Week4,Fairfax Station,Week5,326.0 Fairfax Station - 76.0 Little Hunting Park
Lincolnia Park,Week2,Mount Vernon Park,Week2,342.0 Mount Vernon Park - 51.0 Lincolnia Park
Little Hunting Park,Week1,Lakevale Estates,Week1,302.0 Lakevale Estates - 100.0 Little Hunting Park
Little Hunting Park,Week4,Fairfax Station,Week4,301.0 Fairfax Station - 101.0 Little Hunting Park
Lincolnia Park,Week3,Rolling Valley,Week3,203.0 Lincolnia Park - 190.0 Rolling Valley
Little Hunting Park,Week2,Cardinal Hill,Week1,307.0 Cardinal Hill - 95.0 Little Hunting Park
Little Hunting Park,Week1,Sleepy Hollow B & R,Week5,307.0 Sleepy Hollow B & R - 95.0 Little Hunting Park
Little Hunting Park,Week2,Cardinal Hill,Week5,295.0 Cardinal Hill - 106.0 Little Hunting Park
Lincolnia Park,Week1,Fairfax Club Estates,Week2,269.0 Fairfax Club Estates - 132.0 Lincolnia Park
Lincolnia Park,Week2,Woodley,Week1,235.0 Woodley - 157.0 Lincolnia Park
Lincolnia Park,Week1,Burke Station,Week5,259.0 Burke Station - 133.0 Lincolnia Park
Little Hunting Park,Week2,Cardinal Hill,Week4,299.0 Cardinal Hill - 103.0 Little Hunting Park
Little Hunting Park,Week4,Fairfax Club Estates,Week5,215.0 Fairfax Club Estates - 183.0 Little Hunting Park
Lincolnia Park,Week5,Mosby Woods,Week5,338.0 Mosby Woods - 55.0 Lincolnia Park
Little Hunting Park,Week3,Cardinal Hill,Week5,300.0 Cardinal Hill - 102.0 Little Hunting Park
Little Hunting Park,Week5,Lake Braddock,Week3,242.0 Little Hunting Park - 156.0 Lake Braddock
Lincolnia Park,Week1,Fairfax Club Estates,Week3,266.0 Fairfax Club Estates - 135.0 Lincolnia Park
Lincolnia Park,Week3,Burke Station,Week1,205.0 Burke Station - 161.0 Lincolnia Park
Little Hunting Park,Week1,Lake Braddock,Week4,220.0 Little Hunting Park - 181.0 Lake Braddock
Little Hunting Park,Week1,Sideburn Run,Week5,269.0 Sideburn Run - 132.0 Little Hunting Park
Lincolnia Park,Week5,Woodley,Week4,213.0 Woodley - 179.0 Lincolnia Park
Lincolnia Park,Week5,Woodley,Week5,212.0 Woodley - 180.0 Lincolnia Park
Lincolnia Park,Week5,Fairfax,Week4,328.0 Fairfax - 64.0 Lincolnia Park
Little Hunting Park,Week5,Fairfax Club Estates,Week4,208.0 Little Hunting Park - 193.0 Fairfax Club Estates
Little Hunting Park,Week2,Fairfax Station,Week2,308.0 Fairfax Station - 94.0 Little Hunting Park
Lincolnia Park,Week2,Rutherford,Week1,243.0 Rutherford - 148.0 Lincolnia Park
Little Hunting Park,Week3,Cardinal Hill,Week3,314.0 Cardinal Hill - 88.0 Little Hunting Park
Little Hunting Park,Week5,Shouse Village,Week5,251.0 Shouse Village - 147.0 Little Hunting Park
Lincolnia Park,Week4,Mount Vernon Park,Week5,346.0 Mount Vernon Park - 55.0 Lincolnia Park
Lincolnia Park,Week2,Burke Station,Week4,222.0 Burke Station - 164.0 Lincolnia Park
Lincolnia Park,Week5,Rolling Valley,Week1,230.0 Lincolnia Park - 163.0 Rolling Valley
Lincolnia Park,Week4,Rolling Valley,Week1,210.0 Lincolnia Park - 192.0 Rolling Valley
Little Hunting Park,Week3,Fairfax Station,Week1,303.0 Fairfax Station - 99.0 Little Hunting Park
Lincolnia Park,Week1,Fairfax Club Estates,Week4,281.0 Fairfax Club Estates - 121.0 Lincolnia Park
Lincolnia Park,Week3,Woodley,Week5,201.0 Woodley - 191.0 Lincolnia Park
Lincolnia Park,Week5,Rolling Valley,Week5,211.0 Rolling Valley - 182.0 Lincolnia Park
Lincolnia Park,Week5,Mount Vernon Park,Week3,313.0 Mount Vernon Park - 80.0 Lincolnia Park
Lincolnia Park,Week3,Rutherford,Week1,201.5 Rutherford - 186.5 Lincolnia Park
Lincolnia Park,Week2,Broyhill Crest,Week1,239.0 Lincolnia Park - 152.0 Broyhill Crest
Little Hunting Park,Week2,Sideburn Run,Week2,265.0 Sideburn Run - 137.0 Little Hunting Park
Little Hunting Park,Week2,Sideburn Run,Week4,267.0 Sideburn Run - 135.0 Little Hunting Park
Little Hunting Park,Week4,Cardinal Hill,Week3,317.0 Cardinal Hill - 85.0 Little Hunting Park
Little Hunting Park,Week3,Fairfax Station,Week5,321.0 Fairfax Station - 81.0 Little Hunting Park
Lincolnia Park,Week4,Fairfax Club Estates,Week1,273.0 Fairfax Club Estates - 124.0 Lincolnia Park
Lincolnia Park,Week4,Mount Vernon Park,Week4,348.0 Mount Vernon Park - 54.0 Lincolnia Park
Little Hunting Park,Week4,Fairfax Station,Week2,306.0 Fairfax Station - 96.0 Little Hunting Park
Lincolnia Park,Week1,Rutherford,Week5,289.0 Rutherford - 111.0 Lincolnia Park
Little Hunting Park,Week4,Cardinal Hill,Week1,307.0 Cardinal Hill - 95.0 Little Hunting Park
Little Hunting Park,Week2,Lake Braddock,Week3,219.5 Little Hunting Park - 181.5 Lake Braddock
Lincolnia Park,Week2,Fairfax Club Estates,Week4,284.0 Fairfax Club Estates - 107.0 Lincolnia Park
Little Hunting Park,Week4,Cardinal Hill,Week4,300.0 Cardinal Hill - 102.0 Little Hunting Park
Little Hunting Park,Week4,Cardinal Hill,Week2,299.0 Cardinal Hill - 103.0 Little Hunting Park
Lincolnia Park,Week5,Mount Vernon Park,Week4,320.0 Mount Vernon Park - 73.0 Lincolnia Park
Little Hunting Park,Week1,Lake Braddock,Week5,213.0 Little Hunting Park - 188.0 Lake Braddock
Lincolnia Park,Week3,Fairfax Club Estates,Week2,232.0 Fairfax Club Estates - 159.0 Lincolnia Park
Little Hunting Park,Week1,Sideburn Run,Week2,251.0 Sideburn Run - 150.0 Little Hunting Park
Little Hunting Park,Week1,Annandale,Week1,233.0 Little Hunting Park - 168.0 Annandale
Lincolnia Park,Week3,Burke Station,Week2,202.0 Burke Station - 178.0 Lincolnia Park
Lincolnia Park,Week5,Mount Vernon Park,Week1,310.0 Mount Vernon Park - 83.0 Lincolnia Park
Little Hunting Park,Week2,Sideburn Run,Week3,259.0 Sideburn Run - 143.0 Little Hunting Park
Little Hunting Park,Week1,Fairfax Station,Week5,325.0 Fairfax Station - 77.0 Little Hunting Park
Lincolnia Park,Week5,Broyhill Crest,Week5,237.0 Lincolnia Park - 151.0 Broyhill Crest
Little Hunting Park,Week1,Lakevale Estates,Week2,313.0 Lakevale Estates - 89.0 Little Hunting Park
Little Hunting Park,Week1,Annandale,Week2,225.0 Little Hunting Park - 176.0 Annandale
Lincolnia Park,Week2,Woodley,Week3,230.0 Woodley - 162.0 Lincolnia Park
Lincolnia Park,Week3,Burke Station,Week4,202.0 Burke Station - 182.0 Lincolnia Park
Lincolnia Park,Week5,Rolling Valley,Week3,202.0 Rolling Valley - 190.0 Lincolnia Park
Lincolnia Park,Week2,Fairfax Station,Week4,353.0 Fairfax Station - 40.0 Lincolnia Park
Little Hunting Park,Week2,Lakevale Estates,Week4,325.0 Lakevale Estates - 77.0 Little Hunting Park
Lincolnia Park,Week3,Fairfax Station,Week3,344.5 Fairfax Station - 48.5 Lincolnia Park
Little Hunting Park,Week1,Annandale,Week3,213.0 Little Hunting Park - 189.0 Annandale
Lincolnia Park,Week1,Newington Forest,Week2,222.0 Newington Forest - 179.0 Lincolnia Park
Lincolnia Park,Week1,Woodley,Week5,234.0 Woodley - 167.0 Lincolnia Park
Little Hunting Park,Week2,Lakevale Estates,Week3,312.0 Lakevale Estates - 90.0 Little Hunting Park
Little Hunting Park,Week1,Lakevale Estates,Week3,312.0 Lakevale Estates - 90.0 Little Hunting Park
Lincolnia Park,Week4,Rutherford,Week1,248.0 Rutherford - 151.0 Lincolnia Park
Lincolnia Park,Week1,Rutherford,Week2,250.0 Rutherford - 148.0 Lincolnia Park
Little Hunting Park,Week2,Sideburn Run,Week5,280.0 Sideburn Run - 122.0 Little Hunting Park
Lincolnia Park,Week3,Woodley,Week4,197.0 Lincolnia Park - 195.0 Woodley
Lincolnia Park,Week5,Fairfax Station,Week4,340.0 Fairfax Station - 53.0 Lincolnia Park
Lincolnia Park,Week1,Newington Forest,Week1,231.0 Newington Forest - 169.0 Lincolnia Park
Little Hunting Park,Week4,Lake Braddock,Week1,250.0 Little Hunting Park - 152.0 Lake Braddock
Little Hunting Park,Week4,Cardinal Hill,Week5,313.0 Cardinal Hill - 88.0 Little Hunting Park
Little Hunting Park,Week4,Sideburn Run,Week3,275.0 Sideburn Run - 127.0 Little Hunting Park
Little Hunting Park,Week5,Cardinal Hill,Week1,285.0 Cardinal Hill - 117.0 Little Hunting Park
Little Hunting Park,Week2,Fairfax Station,Week4,299.0 Fairfax Station - 103.0 Little Hunting Park
Little Hunting Park,Week2,Lake Braddock,Week5,206.0 Little Hunting Park - 196.0 Lake Braddock
Little Hunting Park,Week3,Sideburn Run,Week2,274.0 Sideburn Run - 128.0 Little Hunting Park
Little Hunting Park,Week4,Fairfax Station,Week3,319.0 Fairfax Station - 83.0 Little Hunting Park
Little Hunting Park,Week5,Cardinal Hill,Week2,264.0 Cardinal Hill - 137.0 Little Hunting Park
Lincolnia Park,Week1,Broyhill Crest,Week4,219.0 Lincolnia Park - 175.0 Broyhill Crest
Lincolnia Park,Week3,Woodley,Week2,210.0 Lincolnia Park - 182.0 Woodley
Little Hunting Park,Week5,Cardinal Hill,Week4,280.0 Cardinal Hill - 121.0 Little Hunting Park
Lincolnia Park,Week3,Fairfax Station,Week5,349.5 Fairfax Station - 43.5 Lincolnia Park
Lincolnia Park,Week4,Broyhill Crest,Week3,259.0 Lincolnia Park - 135.0 Broyhill Crest
Little Hunting Park,Week1,Forest Hollow,Week2,263.0 Forest Hollow - 139.0 Little Hunting Park
Lincolnia Park,Week2,Fairfax Station,Week3,368.0 Fairfax Station - 25.0 Lincolnia Park
Little Hunting Park,Week2,Fairfax Station,Week5,328.0 Fairfax Station - 74.0 Little Hunting Park
Little Hunting Park,Week5,Fairfax Station,Week1,290.0 Fairfax Station - 112.0 Little Hunting Park
Little Hunting Park,Week4,Sideburn Run,Week4,276.0 Sideburn Run - 126.0 Little Hunting Park
Little Hunting Park,Week3,Sideburn Run,Week4,281.0 Sideburn Run - 121.0 Little Hunting Park
Lincolnia Park,Week3,Rutherford,Week4,260.0 Rutherford - 129.0 Lincolnia Park
Lincolnia Park,Week5,Mount Vernon Park,Week5,314.0 Mount Vernon Park - 78.0 Lincolnia Park
Lincolnia Park,Week3,Rutherford,Week3,243.0 Rutherford - 148.0 Lincolnia Park
Lincolnia Park,Week4,Burke Station,Week4,228.0 Burke Station - 164.0 Lincolnia Park
Lincolnia Park,Week2,Broyhill Crest,Week3,253.0 Lincolnia Park - 130.0 Broyhill Crest
Little Hunting Park,Week3,Lakevale Estates,Week1,304.0 Lakevale Estates - 98.0 Little Hunting Park
Lincolnia Park,Week1,Newington Forest,Week5,264.0 Newington Forest - 138.0 Lincolnia Park
Little Hunting Park,Week1,Annandale,Week4,242.0 Little Hunting Park - 159.0 Annandale
Lincolnia Park,Week2,Broyhill Crest,Week4,229.0 Lincolnia Park - 162.0 Broyhill Crest
Lincolnia Park,Week3,Rutherford,Week5,256.0 Rutherford - 135.0 Lincolnia Park
Lincolnia Park,Week1,Newington Forest,Week3,236.0 Newington Forest - 165.0 Lincolnia Park
Little Hunting Park,Week5,Cardinal Hill,Week3,292.0 Cardinal Hill - 109.0 Little Hunting Park
Little Hunting Park,Week2,Sideburn Run,Week1,275.0 Sideburn Run - 127.0 Little Hunting Park
Lincolnia Park,Week3,Rolling Valley,Week5,204.0 Rolling Valley - 189.0 Lincolnia Park
Little Hunting Park,Week1,Forest Hollow,Week5,284.0 Forest Hollow - 117.0 Little Hunting Park
Lincolnia Park,Week4,Woodley,Week2,217.0 Woodley - 184.0 Lincolnia Park
Lincolnia Park,Week2,Woodley,Week5,245.0 Woodley - 146.0 Lincolnia Park
Lincolnia Park,Week3,Fairfax Station,Week1,340.0 Fairfax Station - 53.0 Lincolnia Park
Little Hunting Park,Week4,Forest Hollow,Week3,274.0 Forest Hollow - 128.0 Little Hunting Park
Little Hunting Park,Week4,Sideburn Run,Week5,290.0 Sideburn Run - 112.0 Little Hunting Park
Little Hunting Park,Week1,Forest Hollow,Week4,280.0 Forest Hollow - 121.0 Little Hunting Park
Lincolnia Park,Week1,North Springfield,Week1,206.0 Lincolnia Park - 140.0 North Springfield
Lincolnia Park,Week2,Woodley,Week2,226.0 Woodley - 166.0 Lincolnia Park
Little Hunting Park,Week2,Lakevale Estates,Week5,317.0 Lakevale Estates - 85.0 Little Hunting Park
Lincolnia Park,Week2,Newington Forest,Week4,252.0 Newington Forest - 140.0 Lincolnia Park
Lincolnia Park,Week3,Broyhill Crest,Week3,265.0 Lincolnia Park - 121.0 Broyhill Crest
Lincolnia Park,Week4,Fairfax Station,Week1,363.0 Fairfax Station - 39.0 Lincolnia Park
Little Hunting Park,Week5,Shouse Village,Week2,205.0 Shouse Village - 196.0 Little Hunting Park
Lincolnia Park,Week1,Broyhill Crest,Week5,203.0 Lincolnia Park - 191.0 Broyhill Crest
Lincolnia Park,Week2,Broyhill Crest,Week2,256.0 Lincolnia Park - 136.0 Broyhill Crest
Little Hunting Park,Week4,Lakevale Estates,Week4,320.0 Lakevale Estates - 82.0 Little Hunting Park
Lincolnia Park,Week2,Newington Forest,Week1,212.0 Newington Forest - 172.0 Lincolnia Park
Lincolnia Park,Week1,Fairfax Station,Week4,354.0 Fairfax Station - 48.0 Lincolnia Park
Lincolnia Park,Week4,Rolling Valley,Week4,242.0 Rolling Valley - 160.0 Lincolnia Park
Lincolnia Park,Week1,Rutherford,Week4,289.0 Rutherford - 109.0 Lincolnia Park
Lincolnia Park,Week4,Fairfax Station,Week4,356.0 Fairfax Station - 46.0 Lincolnia Park
Lincolnia Park,Week3,North Springfield,Week1,213.0 Lincolnia Park - 125.0 North Springfield
Little Hunting Park,Week4,Lakeview,Week1,250.0 Little Hunting Park - 152.0 Lakeview
Lincolnia Park,Week3,Broyhill Crest,Week4,252.0 Lincolnia Park - 137.0 Broyhill Crest
Little Hunting Park,Week2,Lakeview,Week5,217.0 Little Hunting Park - 176.0 Lakeview
Lincolnia Park,Week5,Woodley,Week3,212.5 Woodley - 180.5 Lincolnia Park
Little Hunting Park,Week3,Lakeview,Week1,241.0 Little Hunting Park - 161.0 Lakeview
Lincolnia Park,Week2,North Springfield,Week3,187.0 Lincolnia Park - 185.0 North Springfield
Lincolnia Park,Week1,Fairfax Station,Week3,357.0 Fairfax Station - 44.0 Lincolnia Park
Lincolnia Park,Week5,Rolling Valley,Week2,207.0 Rolling Valley - 186.0 Lincolnia Park
Little Hunting Park,Week3,Lakeview,Week4,207.5 Lakeview - 194.5 Little Hunting Park
Lincolnia Park,Week3,Broyhill Crest,Week5,236.0 Lincolnia Park - 152.0 Broyhill Crest
Lincolnia Park,Week4,Rolling Valley,Week5,236.0 Rolling Valley - 166.0 Lincolnia Park
Lincolnia Park,Week4,Fairfax Station,Week2,359.0 Fairfax Station - 43.0 Lincolnia Park
Little Hunting Park,Week5,Forest Hollow,Week2,228.0 Forest Hollow - 174.0 Little Hunting Park
Lincolnia Park,Week3,Springboard,Week5,219.0 Springboard - 169.0 Lincolnia Park
Lincolnia Park,Week3,Broyhill Crest,Week1,258.0 Lincolnia Park - 131.0 Broyhill Crest
Little Hunting Park,Week5,Sideburn Run,Week5,248.0 Sideburn Run - 154.0 Little Hunting Park
Lincolnia Park,Week5,South Run,Week4,236.0 South Run - 155.0 Lincolnia Park
Little Hunting Park,Week4,Forest Hollow,Week5,288.0 Forest Hollow - 114.0 Little Hunting Park
Little Hunting Park,Week5,Sideburn Run,Week1,241.0 Sideburn Run - 161.0 Little Hunting Park
Little Hunting Park,Week1,Fox Hunt,Week1,260.0 Fox Hunt - 142.0 Little Hunting Park
Little Hunting Park,Week1,Sleepy Hollow B & R,Week1,280.0 Sleepy Hollow B & R - 122.0 Little Hunting Park
Little Hunting Park,Week5,Forest Hollow,Week3,249.0 Forest Hollow - 152.0 Little Hunting Park
Lincolnia Park,Week2,Woodley,Week4,231.0 Woodley - 161.0 Lincolnia Park
Lincolnia Park,Week1,Fairfax Station,Week2,357.0 Fairfax Station - 45.0 Lincolnia Park
Lincolnia Park,Week4,Rolling Valley,Week3,233.0 Rolling Valley - 168.0 Lincolnia Park
Lincolnia Park,Week3,Newington Forest,Week5,219.0 Newington Forest - 174.0 Lincolnia Park
Lincolnia Park,Week5,Newington Forest,Week4,232.0 Newington Forest - 160.0 Lincolnia Park
Little Hunting Park,Week1,Sleepy Hollow B & R,Week3,295.0 Sleepy Hollow B & R - 107.0 Little Hunting Park
Lincolnia Park,Week3,Newington Forest,Week4,213.0 Newington Forest - 179.0 Lincolnia Park
Lincolnia Park,Week4,Fairfax Station,Week3,355.0 Fairfax Station - 46.0 Lincolnia Park
Lincolnia Park,Week4,Broyhill Crest,Week4,242.0 Lincolnia Park - 154.0 Broyhill Crest
Lincolnia Park,Week4,Broyhill Crest,Week1,238.0 Lincolnia Park - 153.0 Broyhill Crest
Lincolnia Park,Week1,Rutherford,Week3,275.0 Rutherford - 126.0 Lincolnia Park
Lincolnia Park,Week3,Newington Forest,Week3,201.0 Lincolnia Park - 191.0 Newington Forest
Lincolnia Park,Week1,Rutherford,Week1,256.0 Rutherford - 141.0 Lincolnia Park
Lincolnia Park,Week5,Broyhill Crest,Week1,252.0 Lincolnia Park - 136.0 Broyhill Crest
Lincolnia Park,Week5,Springboard,Week2,201.0 Springboard - 183.0 Lincolnia Park
Little Hunting Park,Week3,Lakeview,Week3,218.0 Little Hunting Park - 184.0 Lakeview
Little Hunting Park,Week2,Lakeview,Week4,202.0 Lakeview - 200.0 Little Hunting Park
Little Hunting Park,Week5,Forest Hollow,Week5,253.0 Forest Hollow - 149.0 Little Hunting Park
Little Hunting Park,Week4,Lakeview,Week2,232.0 Little Hunting Park - 170.0 Lakeview
Lincolnia Park,Week5,Rolling Valley,Week4,202.0 Rolling Valley - 190.0 Lincolnia Park
Lincolnia Park,Week4,Newington Forest,Week3,250.0 Newington Forest - 152.0 Lincolnia Park
Lincolnia Park,Week3,Springboard,Week4,214.0 Springboard - 173.0 Lincolnia Park
Little Hunting Park,Week1,Sleepy Hollow Rec,Week4,225.0 Little Hunting Park - 177.0 Sleepy Hollow Rec
Lincolnia Park,Week1,Burke Station,Week2,230.0 Burke Station - 158.0 Lincolnia Park
Lincolnia Park,Week2,North Springfield,Week4,188.0 Lincolnia Park - 183.0 North Springfield
Little Hunting Park,Week3,Sleepy Hollow B & R,Week2,278.0 Sleepy Hollow B & R - 123.0 Little Hunting Park
Lincolnia Park,Week5,Fairfax Station,Week1,346.0 Fairfax Station - 47.0 Lincolnia Park
Lincolnia Park,Week5,Fairfax Club Estates,Week4,259.0 Fairfax Club Estates - 133.0 Lincolnia Park
Little Hunting Park,Week2,Forest Hollow,Week2,255.0 Forest Hollow - 147.0 Little Hunting Park
Little Hunting Park,Week5,Sleepy Hollow B & R,Week4,263.0 Sleepy Hollow B & R - 138.0 Little Hunting Park
Lincolnia Park,Week5,Fairfax Club Estates,Week1,244.0 Fairfax Club Estates - 149.0 Lincolnia Park
Little Hunting Park,Week2,Forest Hollow,Week3,279.0 Forest Hollow - 123.0 Little Hunting Park
Little Hunting Park,Week2,Sleepy Hollow B & R,Week2,278.0 Sleepy Hollow B & R - 124.0 Little Hunting Park
Lincolnia Park,Week4,Springboard,Week1,250.5 Springboard - 142.5 Lincolnia Park
Lincolnia Park,Week5,South Run,Week2,236.0 South Run - 154.0 Lincolnia Park
Lincolnia Park,Week1,Burke Station,Week1,226.0 Burke Station - 151.0 Lincolnia Park
Lincolnia Park,Week2,Rutherford,Week4,298.0 Rutherford - 94.0 Lincolnia Park
Little Hunting Park,Week4,Lakevale Estates,Week5,315.5 Lakevale Estates - 86.5 Little Hunting Park
Little Hunting Park,Week5,Sleepy Hollow B & R,Week2,252.0 Sleepy Hollow B & R - 150.0 Little Hunting Park
Little Hunting Park,Week1,Lakeview,Week2,251.0 Little Hunting Park - 150.0 Lakeview
Lincolnia Park,Week2,Fairfax Station,Week5,368.0 Fairfax Station - 25.0 Lincolnia Park
Lincolnia Park,Week4,Newington Forest,Week2,232.0 Newington Forest - 166.0 Lincolnia Park
Lincolnia Park,Week2,Rutherford,Week2,254.0 Rutherford - 138.0 Lincolnia Park
Lincolnia Park,Week2,Rutherford,Week5,288.0 Rutherford - 104.0 Lincolnia Park
Little Hunting Park,Week4,Lakevale Estates,Week2,313.0 Lakevale Estates - 89.0 Little Hunting Park
Lincolnia Park,Week5,Broyhill Crest,Week3,269.0 Lincolnia Park - 122.0 Broyhill Crest
Lincolnia Park,Week4,Newington Forest,Week5,266.0 Newington Forest - 136.0 Lincolnia Park
Little Hunting Park,Week2,Fox Hunt,Week3,260.0 Fox Hunt - 142.0 Little Hunting Park
Lincolnia Park,Week2,Fairfax Station,Week2,357.0 Fairfax Station - 36.0 Lincolnia Park
Lincolnia Park,Week2,Springboard,Week2,224.0 Springboard - 159.0 Lincolnia Park
Little Hunting Park,Week5,Fairfax Station,Week5,315.0 Fairfax Station - 87.0 Little Hunting Park
Lincolnia Park,Week4,Springboard,Week4,259.0 Springboard - 128.0 Lincolnia Park
Little Hunting Park,Week5,Forest Hollow,Week1,243.0 Forest Hollow - 158.0 Little Hunting Park
Lincolnia Park,Week5,Newington Forest,Week2,204.0 Newington Forest - 184.0 Lincolnia Park
Lincolnia Park,Week1,Burke Station,Week4,235.0 Burke Station - 154.0 Lincolnia Park
Little Hunting Park,Week2,Sleepy Hollow B & R,Week5,302.0 Sleepy Hollow B & R - 99.0 Little Hunting Park
Little Hunting Park,Week1,Lakeview,Week1,247.0 Little Hunting Park - 154.0 Lakeview
Lincolnia Park,Week3,Fairfax Station,Week2,332.0 Fairfax Station - 61.0 Lincolnia Park
Lincolnia Park,Week3,Rutherford,Week2,236.0 Rutherford - 156.0 Lincolnia Park
Lincolnia Park,Week1,Burke Station,Week3,250.0 Burke Station - 132.0 Lincolnia Park
Little Hunting Park,Week4,Lakevale Estates,Week1,310.0 Lakevale Estates - 92.0 Little Hunting Park
Little Hunting Park,Week5,Fairfax Station,Week4,286.0 Fairfax Station - 116.0 Little Hunting Park
Lincolnia Park,Week5,South Run,Week5,261.0 South Run - 132.0 Lincolnia Park
Little Hunting Park,Week2,Sleepy Hollow Rec,Week1,223.0 Little Hunting Park - 179.0 Sleepy Hollow Rec
Little Hunting Park,Week5,Lakevale Estates,Week2,280.0 Lakevale Estates - 121.0 Little Hunting Park
Lincolnia Park,Week4,Springboard,Week3,254.0 Springboard - 143.0 Lincolnia Park
Lincolnia Park,Week1,Fairfax Station,Week5,364.0 Fairfax Station - 38.0 Lincolnia Park
Lincolnia Park,Week1,Springfield,Week3,290.0 Lincolnia Park - 90.0 Springfield
Lincolnia Park,Week2,Burke Station,Week1,215.0 Burke Station - 151.0 Lincolnia Park
Lincolnia Park,Week3,Fairfax Station,Week4,327.5 Fairfax Station - 65.5 Lincolnia Park
Little Hunting Park,Week2,Fox Hunt,Week1,266.0 Fox Hunt - 136.0 Little Hunting Park
Little Hunting Park,Week1,Sleepy Hollow B & R,Week4,295.0 Sleepy Hollow B & R - 107.0 Little Hunting Park
Lincolnia Park,Week5,Rutherford,Week2,227.0 Rutherford - 165.0 Lincolnia Park
Lincolnia Park,Week4,Rolling Valley,Week2,238.0 Rolling Valley - 164.0 Lincolnia Park
Lincolnia Park,Week4,Newington Forest,Week4,260.0 Newington Forest - 136.0 Lincolnia Park
Lincolnia Park,Week2,Burke Station,Week3,236.0 Burke Station - 142.0 Lincolnia Park
Lincolnia Park,Week5,Rutherford,Week5,256.5 Rutherford - 134.5 Lincolnia Park
Little Hunting Park,Week3,Sleepy Hollow B & R,Week1,278.5 Sleepy Hollow B & R - 122.5 Little Hunting Park
Little Hunting Park,Week2,Sleepy Hollow Rec,Week3,201.0 Little Hunting Park - 201.0 Sleepy Hollow Rec
Little Hunting Park,Week2,Fox Hunt,Week2,260.0 Fox Hunt - 141.0 Little Hunting Park
Lincolnia Park,Week5,South Run,Week1,237.0 South Run - 146.0 Lincolnia Park
Lincolnia Park,Week2,Burke Station,Week5,246.0 Burke Station - 140.0 Lincolnia Park
Little Hunting Park,Week2,Sleepy Hollow Rec,Week2,226.0 Little Hunting Park - 176.0 Sleepy Hollow Rec
Little Hunting Park,Week4,Lakevale Estates,Week3,314.5 Lakevale Estates - 87.5 Little Hunting Park
Lincolnia Park,Week5,Fairfax Club Estates,Week2,232.0 Fairfax Club Estates - 159.0 Lincolnia Park
Little Hunting Park,Week2,Forest Hollow,Week1,269.0 Forest Hollow - 133.0 Little Hunting Park
Lincolnia Park,Week2,Fairfax Station,Week1,358.0 Fairfax Station - 35.0 Lincolnia Park
Lincolnia Park,Week3,Burke Station,Week3,212.5 Burke Station - 160.5 Lincolnia Park
Lincolnia Park,Week2,Springboard,Week1,249.0 Springboard - 135.0 Lincolnia Park
Little Hunting Park,Week1,Sleepy Hollow Rec,Week3,208.0 Sleepy Hollow Rec - 194.0 Little Hunting Park
Lincolnia Park,Week3,Newington Forest,Week1,201.0 Lincolnia Park - 187.0 Newington Forest
Lincolnia Park,Week1,Shouse Village,Week2,292.0 Shouse Village - 105.0 Lincolnia Park
Lincolnia Park,Week5,Newington Forest,Week5,237.0 Newington Forest - 156.0 Lincolnia Park
Lincolnia Park,Week1,Springboard,Week2,233.0 Springboard - 159.0 Lincolnia Park
Little Hunting Park,Week3,Forest Hollow,Week4,269.0 Forest Hollow - 133.0 Little Hunting Park
Lincolnia Park,Week5,Fairfax Club Estates,Week5,247.0 Fairfax Club Estates - 142.0 Lincolnia Park
Lincolnia Park,Week2,Shouse Village,Week3,307.0 Shouse Village - 86.0 Lincolnia Park
Little Hunting Park,Week3,Forest Hollow,Week3,274.0 Forest Hollow - 128.0 Little Hunting Park
Lincolnia Park,Week1,North Springfield,Week2,201.0 North Springfield - 184.0 Lincolnia Park
Lincolnia Park,Week5,Rutherford,Week4,246.0 Rutherford - 143.0 Lincolnia Park
Little Hunting Park,Week3,Lakevale Estates,Week5,313.0 Lakevale Estates - 89.0 Little Hunting Park
Little Hunting Park,Week1,Lakeview,Week4,213.0 Lakeview - 189.0 Little Hunting Park
Lincolnia Park,Week3,Burke Station,Week5,227.0 Burke Station - 157.0 Lincolnia Park
Little Hunting Park,Week3,Lakevale Estates,Week3,316.0 Lakevale Estates - 86.0 Little Hunting Park
Lincolnia Park,Week5,Newington Forest,Week3,214.0 Newington Forest - 178.0 Lincolnia Park
Little Hunting Park,Week3,Forest Hollow,Week1,272.0 Forest Hollow - 130.0 Little Hunting Park
Lincolnia Park,Week4,South Run,Week3,280.0 South Run - 119.0 Lincolnia Park
Lincolnia Park,Week4,Shouse Village,Week1,292.0 Shouse Village - 108.0 Lincolnia Park
Little Hunting Park,Week1,Lakeview,Week5,202.0 Little Hunting Park - 191.0 Lakeview
Little Hunting Park,Week5,Fairfax Station,Week3,301.0 Fairfax Station - 101.0 Little Hunting Park
Little Hunting Park,Week1,Lakeview,Week3,228.0 Little Hunting Park - 173.0 Lakeview
Lincolnia Park,Week5,Shouse Village,Week1,256.0 Shouse Village - 136.0 Lincolnia Park
Little Hunting Park,Week3,Forest Hollow,Week2,256.0 Forest Hollow - 146.0 Little Hunting Park
Lincolnia Park,Week2,Springboard,Week3,248.0 Springboard - 139.0 Lincolnia Park
Lincolnia Park,Week1,North Springfield,Week3,205.0 North Springfield - 187.0 Lincolnia Park
Lincolnia Park,Week5,South Run,Week3,247.0 South Run - 145.0 Lincolnia Park
Little Hunting Park,Week2,Sleepy Hollow Rec,Week5,214.5 Sleepy Hollow Rec - 187.5 Little Hunting Park
Lincolnia Park,Week5,Fairfax Station,Week5,353.0 Fairfax Station - 40.0 Lincolnia Park
Little Hunting Park,Week2,Lakeview,Week1,239.0 Little Hunting Park - 163.0 Lakeview
Lincolnia Park,Week1,North Springfield,Week5,200.0 North Springfield - 172.0 Lincolnia Park
Lincolnia Park,Week4,Burke Station,Week2,227.0 Burke Station - 161.0 Lincolnia Park
Little Hunting Park,Week5,Lakevale Estates,Week4,299.0 Lakevale Estates - 103.0 Little Hunting Park
Little Hunting Park,Week5,Sleepy Hollow B & R,Week5,281.0 Sleepy Hollow B & R - 120.0 Little Hunting Park
Lincolnia Park,Week4,Fairfax Station,Week5,364.0 Fairfax Station - 38.0 Lincolnia Park
Lincolnia Park,Week4,Newington Forest,Week1,238.0 Newington Forest - 160.0 Lincolnia Park
Little Hunting Park,Week4,Sleepy Hollow B & R,Week2,295.0 Sleepy Hollow B & R - 107.0 Little Hunting Park
Little Hunting Park,Week2,Sleepy Hollow B & R,Week4,288.0 Sleepy Hollow B & R - 114.0 Little Hunting Park
Little Hunting Park,Week1,Sleepy Hollow Rec,Week5,201.0 Sleepy Hollow Rec - 200.0 Little Hunting Park
Lincolnia Park,Week2,Shouse Village,Week1,292.0 Shouse Village - 100.0 Lincolnia Park
Lincolnia Park,Week3,Newington Forest,Week2,206.0 Lincolnia Park - 183.0 Newington Forest
Lincolnia Park,Week4,Burke Station,Week3,234.0 Burke Station - 152.0 Lincolnia Park
Lincolnia Park,Week5,Fairfax Station,Week3,349.0 Fairfax Station - 44.0 Lincolnia Park
Lincolnia Park,Week4,South Run,Week5,293.0 South Run - 109.0 Lincolnia Park
Lincolnia Park,Week1,Fairfax Station,Week1,363.0 Fairfax Station - 39.0 Lincolnia Park
Lincolnia Park,Week5,Burke Station,Week1,205.0 Burke Station - 161.0 Lincolnia Park
Lincolnia Park,Week1,Springboard,Week1,261.0 Springboard - 132.0 Lincolnia Park
Lincolnia Park,Week5,Fairfax Station,Week2,338.0 Fairfax Station - 55.0 Lincolnia Park
Little Hunting Park,Week2,Lakeview,Week2,240.0 Little Hunting Park - 162.0 Lakeview
Lincolnia Park,Week4,Burke Station,Week5,256.0 Burke Station - 139.0 Lincolnia Park
Lincolnia Park,Week5,Burke Station,Week2,193.0 Burke Station - 192.0 Lincolnia Park
Little Hunting Park,Week3,Forest Hollow,Week5,284.0 Forest Hollow - 118.0 Little Hunting Park
Lincolnia Park,Week1,Sideburn Run,Week2,301.0 Sideburn Run - 101.0 Lincolnia Park
Lincolnia Park,Week2,Shouse Village,Week2,294.0 Shouse Village - 99.0 Lincolnia Park
Lincolnia Park,Week4,Burke Station,Week1,237.0 Burke Station - 137.0 Lincolnia Park
Lincolnia Park,Week1,North Springfield,Week4,194.0 Lincolnia Park - 193.0 North Springfield
Little Hunting Park,Week2,Forest Hollow,Week5,281.0 Forest Hollow - 121.0 Little Hunting Park
Lincolnia Park,Week2,North Springfield,Week1,204.0 Lincolnia Park - 134.0 North Springfield
Lincolnia Park,Week5,Fairfax Club Estates,Week3,239.0 Fairfax Club Estates - 153.0 Lincolnia Park
Little Hunting Park,Week2,Sleepy Hollow Rec,Week4,214.0 Little Hunting Park - 188.0 Sleepy Hollow Rec
Little Hunting Park,Week4,Forest Hollow,Week1,253.0 Forest Hollow - 149.0 Little Hunting Park
Little Hunting Park,Week5,Lakevale Estates,Week1,287.0 Lakevale Estates - 115.0 Little Hunting Park
Lincolnia Park,Week5,Shouse Village,Week4,281.0 Shouse Village - 112.0 Lincolnia Park
Lincolnia Park,Week2,Springboard,Week4,245.0 Springboard - 142.0 Lincolnia Park
Little Hunting Park,Week2,Lakeview,Week3,232.0 Little Hunting Park - 170.0 Lakeview
Lincolnia Park,Week3,Springboard,Week1,212.0 Springboard - 173.0 Lincolnia Park
Lincolnia Park,Week2,North Springfield,Week5,191.0 North Springfield - 171.0 Lincolnia Park
Little Hunting Park,Week4,Sleepy Hollow B & R,Week1,275.0 Sleepy Hollow B & R - 127.0 Little Hunting Park
Lincolnia Park,Week5,Burke Station,Week3,206.0 Burke Station - 172.0 Lincolnia Park
Lincolnia Park,Week1,Forest Hollow,Week5,329.0 Forest Hollow - 72.0 Lincolnia Park
Little Hunting Park,Week1,Forest Hollow,Week1,278.0 Forest Hollow - 124.0 Little Hunting Park
Little Hunting Park,Week1,Forest Hollow,Week3,280.0 Forest Hollow - 122.0 Little Hunting Park
Little Hunting Park,Week3,Lakevale Estates,Week4,329.0 Lakevale Estates - 73.0 Little Hunting Park
Lincolnia Park,Week3,Springboard,Week2,193.0 Springboard - 187.0 Lincolnia Park
Lincolnia Park,Week1,Forest Hollow,Week1,319.0 Forest Hollow - 82.0 Lincolnia Park
Lincolnia Park,Week2,North Springfield,Week2,199.0 North Springfield - 174.0 Lincolnia Park
Lincolnia Park,Week5,Shouse Village,Week2,269.0 Shouse Village - 123.0 Lincolnia Park
Lincolnia Park,Week5,Newington Forest,Week1,196.0 Newington Forest - 191.0 Lincolnia Park
Little Hunting Park,Week3,Sleepy Hollow B & R,Week3,287.0 Sleepy Hollow B & R - 114.0 Little Hunting Park
Lincolnia Park,Week5,Burke Station,Week4,195.0 Burke Station - 194.0 Lincolnia Park
Lincolnia Park,Week1,Forest Hollow,Week3,328.0 Forest Hollow - 74.0 Lincolnia Park
Lincolnia Park,Week2,Springboard,Week5,251.0 Springboard - 138.0 Lincolnia Park
Little Hunting Park,Week2,Forest Hollow,Week4,275.0 Forest Hollow - 127.0 Little Hunting Park
Little Hunting Park,Week3,Sleepy Hollow B & R,Week4,293.0 Sleepy Hollow B & R - 109.0 Little Hunting Park
Lincolnia Park,Week1,Shouse Village,Week5,313.0 Shouse Village - 89.0 Lincolnia Park
Lincolnia Park,Week5,Burke Station,Week5,225.0 Burke Station - 164.0 Lincolnia Park
Little Hunting Park,Week4,Sleepy Hollow B & R,Week4,304.0 Sleepy Hollow B & R - 98.0 Little Hunting Park
Little Hunting Park,Week4,Forest Hollow,Week2,251.0 Forest Hollow - 151.0 Little Hunting Park
Lincolnia Park,Week1,Springboard,Week4,265.0 Springboard - 128.0 Lincolnia Park
Lincolnia Park,Week1,Camelot,Week4,279.0 Camelot - 122.0 Lincolnia Park
Lincolnia Park,Week1,Springboard,Week5,264.0 Springboard - 135.0 Lincolnia Park
Lincolnia Park,Week1,Camelot,Week2,255.0 Camelot - 146.0 Lincolnia Park
Lincolnia Park,Week1,Camelot,Week1,256.0 Camelot - 141.0 Lincolnia Park
Little Hunting Park,Week3,Sleepy Hollow B & R,Week5,298.0 Sleepy Hollow B & R - 103.0 Little Hunting Park
Little Hunting Park,Week5,Lakevale Estates,Week3,292.0 Lakevale Estates - 110.0 Little Hunting Park
Little Hunting Park,Week3,Lakeview,Week2,238.0 Little Hunting Park - 164.0 Lakeview
Little Hunting Park,Week5,Forest Hollow,Week4,252.0 Forest Hollow - 149.0 Little Hunting Park
Little Hunting Park,Week5,Lakevale Estates,Week5,300.0 Lakevale Estates - 102.0 Little Hunting Park
Lincolnia Park,Week2,Forest Hollow,Week2,311.0 Forest Hollow - 82.0 Lincolnia Park
Lincolnia Park,Week1,Oakton ,Week3,358.0 Oakton - 44.0 Lincolnia Park
Lincolnia Park,Week1,Forest Hollow,Week2,309.0 Forest Hollow - 92.0 Lincolnia Park
Little Hunting Park,Week1,Fox Hunt,Week2,265.0 Fox Hunt - 137.0 Little Hunting Park
Lincolnia Park,Week4,South Run,Week4,264.0 South Run - 123.0 Lincolnia Park
Lincolnia Park,Week2,Forest Hollow,Week1,329.0 Forest Hollow - 63.0 Lincolnia Park
Lincolnia Park,Week3,Shouse Village,Week2,267.0 Shouse Village - 125.0 Lincolnia Park
Lincolnia Park,Week1,Forest Hollow,Week4,326.0 Forest Hollow - 76.0 Lincolnia Park
Lincolnia Park,Week3,Springboard,Week3,207.0 Springboard - 178.0 Lincolnia Park
Little Hunting Park,Week4,Forest Hollow,Week4,267.0 Forest Hollow - 135.0 Little Hunting Park
Little Hunting Park,Week4,Sleepy Hollow B & R,Week3,287.0 Sleepy Hollow B & R - 115.0 Little Hunting Park
Lincolnia Park,Week4,Oakton ,Week1,350.0 Oakton - 47.0 Lincolnia Park
Little Hunting Park,Week3,Lakeview,Week5,197.0 Lakeview - 196.0 Little Hunting Park
Lincolnia Park,Week4,Rutherford,Week2,257.0 Rutherford - 140.0 Lincolnia Park
Lincolnia Park,Week2,Shouse Village,Week4,302.0 Shouse Village - 91.0 Lincolnia Park
Lincolnia Park,Week2,Shouse Village,Week5,306.0 Shouse Village - 87.0 Lincolnia Park
Lincolnia Park,Week3,North Springfield,Week2,214.0 Lincolnia Park - 163.0 North Springfield
Lincolnia Park,Week3,Oakton ,Week2,338.0 Oakton - 55.0 Lincolnia Park
Little Hunting Park,Week2,Sleepy Hollow B & R,Week1,284.0 Sleepy Hollow B & R - 118.0 Little Hunting Park
Little Hunting Park,Week1,Fox Hunt,Week5,286.0 Fox Hunt - 116.0 Little Hunting Park
Lincolnia Park,Week3,Shouse Village,Week4,282.0 Shouse Village - 111.0 Lincolnia Park
Lincolnia Park,Week5,Springboard,Week1,224.0 Springboard - 161.0 Lincolnia Park
Little Hunting Park,Week1,Langley,Week1,303.0 Langley - 99.0 Little Hunting Park
Little Hunting Park,Week1,Sleepy Hollow Rec,Week2,231.0 Little Hunting Park - 170.0 Sleepy Hollow Rec
Lincolnia Park,Week5,Rutherford,Week1,213.5 Rutherford - 174.5 Lincolnia Park
Little Hunting Park,Week1,Fox Hunt,Week4,258.0 Fox Hunt - 144.0 Little Hunting Park
Little Hunting Park,Week2,Sleepy Hollow B & R,Week3,287.0 Sleepy Hollow B & R - 114.0 Little Hunting Park
Little Hunting Park,Week5,Sleepy Hollow B & R,Week3,249.0 Sleepy Hollow B & R - 152.0 Little Hunting Park
Lincolnia Park,Week5,North Springfield,Week2,201.0 Lincolnia Park - 175.0 North Springfield
Lincolnia Park,Week4,Springboard,Week5,258.0 Springboard - 139.0 Lincolnia Park
Lincolnia Park,Week1,Oakton ,Week4,359.5 Oakton - 42.5 Lincolnia Park
Little Hunting Park,Week4,Fox Hunt,Week1,247.0 Fox Hunt - 155.0 Little Hunting Park
Lincolnia Park,Week3,Forest Hollow,Week1,300.5 Forest Hollow - 92.5 Lincolnia Park
Little Hunting Park,Week5,Langley,Week1,272.0 Langley - 130.0 Little Hunting Park
Lincolnia Park,Week2,Camelot,Week1,253.0 Camelot - 138.0 Lincolnia Park
Lincolnia Park,Week4,North Springfield,Week3,205.0 Lincolnia Park - 186.0 North Springfield
Little Hunting Park,Week1,Fox Hunt,Week3,264.0 Fox Hunt - 137.0 Little Hunting Park
Lincolnia Park,Week1,Springboard,Week3,264.0 Springboard - 133.0 Lincolnia Park
Lincolnia Park,Week3,Oakton ,Week5,345.0 Oakton - 48.0 Lincolnia Park
Little Hunting Park,Week3,Fox Hunt,Week5,279.0 Fox Hunt - 123.0 Little Hunting Park
Lincolnia Park,Week1,Camelot,Week3,272.0 Camelot - 129.0 Lincolnia Park
Lincolnia Park,Week3,Shouse Village,Week5,271.0 Shouse Village - 122.0 Lincolnia Park
Little Hunting Park,Week4,Lakeview,Week3,218.0 Little Hunting Park - 184.0 Lakeview
Lincolnia Park,Week3,Shouse Village,Week1,266.5 Shouse Village - 125.5 Lincolnia Park
Lincolnia Park,Week2,Forest Hollow,Week4,333.0 Forest Hollow - 59.0 Lincolnia Park
Lincolnia Park,Week3,Forest Hollow,Week3,290.0 Forest Hollow - 103.0 Lincolnia Park
Little Hunting Park,Week5,Sleepy Hollow B & R,Week1,236.5 Sleepy Hollow B & R - 165.5 Little Hunting Park
Little Hunting Park,Week5,Langley,Week4,277.0 Langley - 125.0 Little Hunting Park
Lincolnia Park,Week5,Springboard,Week4,222.0 Springboard - 170.0 Lincolnia Park
Lincolnia Park,Week1,Camelot,Week5,273.5 Camelot - 128.5 Lincolnia Park
Lincolnia Park,Week2,Forest Hollow,Week3,323.0 Forest Hollow - 70.0 Lincolnia Park
Little Hunting Park,Week3,Fox Hunt,Week3,261.0 Fox Hunt - 141.0 Little Hunting Park
Little Hunting Park,Week4,Lakeview,Week5,205.0 Little Hunting Park - 188.0 Lakeview
Lincolnia Park,Week1,Shouse Village,Week4,311.0 Shouse Village - 91.0 Lincolnia Park
Lincolnia Park,Week1,Shouse Village,Week3,316.0 Shouse Village - 85.0 Lincolnia Park
Lincolnia Park,Week2,Forest Hollow,Week5,340.0 Forest Hollow - 52.0 Lincolnia Park
Lincolnia Park,Week1,Oakton ,Week1,354.0 Oakton - 43.0 Lincolnia Park
Lincolnia Park,Week5,Springboard,Week3,232.0 Springboard - 153.0 Lincolnia Park
Lincolnia Park,Week3,North Springfield,Week5,188.0 Lincolnia Park - 175.0 North Springfield
Lincolnia Park,Week3,Forest Hollow,Week2,284.5 Forest Hollow - 108.5 Lincolnia Park
Lincolnia Park,Week4,Springboard,Week2,224.0 Springboard - 168.0 Lincolnia Park
Little Hunting Park,Week4,Langley,Week4,297.0 Langley - 105.0 Little Hunting Park
Little Hunting Park,Week5,Lakeview,Week3,261.0 Little Hunting Park - 141.0 Lakeview
Lincolnia Park,Week4,Shouse Village,Week2,294.0 Shouse Village - 104.0 Lincolnia Park
Little Hunting Park,Week4,Sleepy Hollow B & R,Week5,318.0 Sleepy Hollow B & R - 84.0 Little Hunting Park
Little Hunting Park,Week1,Sleepy Hollow Rec,Week1,236.0 Little Hunting Park - 166.0 Sleepy Hollow Rec
Little Hunting Park,Week2,Langley,Week5,293.0 Langley - 109.0 Little Hunting Park
Little Hunting Park,Week3,Langley,Week1,305.5 Langley - 96.5 Little Hunting Park
Little Hunting Park,Week5,Sleepy Hollow Rec,Week5,224.5 Little Hunting Park - 176.5 Sleepy Hollow Rec
Little Hunting Park,Week3,Sleepy Hollow Rec,Week2,216.0 Little Hunting Park - 186.0 Sleepy Hollow Rec
Little Hunting Park,Week3,Fox Mill Estates,Week2,231.0 Fox Mill Estates - 171.0 Little Hunting Park
Little Hunting Park,Week5,Lakeview,Week5,243.0 Little Hunting Park - 150.0 Lakeview
Little Hunting Park,Week2,Fox Mill Estates,Week1,210.0 Fox Mill Estates - 192.0 Little Hunting Park
Lincolnia Park,Week4,Rutherford,Week5,296.0 Rutherford - 104.0 Lincolnia Park
Lincolnia Park,Week5,Springboard,Week5,235.0 Springboard - 153.0 Lincolnia Park
Lincolnia Park,Week1,Springfield,Week1,272.0 Lincolnia Park - 111.0 Springfield
Little Hunting Park,Week2,Fox Mill Estates,Week3,224.0 Fox Mill Estates - 177.0 Little Hunting Park
Lincolnia Park,Week4,Rutherford,Week3,283.0 Rutherford - 117.0 Lincolnia Park
Lincolnia Park,Week4,North Springfield,Week2,194.0 North Springfield - 190.0 Lincolnia Park
Lincolnia Park,Week4,North Springfield,Week5,200.0 North Springfield - 171.0 Lincolnia Park
Little Hunting Park,Week1,Fox Mill Estates,Week4,241.0 Fox Mill Estates - 161.0 Little Hunting Park
Lincolnia Park,Week3,North Springfield,Week4,215.0 Lincolnia Park - 167.0 North Springfield
Lincolnia Park,Week3,North Springfield,Week3,218.0 Lincolnia Park - 164.0 North Springfield
Lincolnia Park,Week1,Springfield,Week2,285.0 Lincolnia Park - 97.0 Springfield
Little Hunting Park,Week4,Sleepy Hollow Rec,Week3,202.0 Little Hunting Park - 200.0 Sleepy Hollow Rec
Lincolnia Park,Week4,Rutherford,Week4,295.0 Rutherford - 106.0 Lincolnia Park
Little Hunting Park,Week3,Sleepy Hollow Rec,Week4,206.0 Little Hunting Park - 196.0 Sleepy Hollow Rec
Lincolnia Park,Week2,Springfield,Week1,268.0 Lincolnia Park - 104.0 Springfield
Little Hunting Park,Week3,Fox Mill Estates,Week1,227.0 Fox Mill Estates - 175.0 Little Hunting Park
Little Hunting Park,Week4,Fox Hunt,Week3,272.0 Fox Hunt - 130.0 Little Hunting Park
Little Hunting Park,Week3,Fox Hunt,Week1,248.0 Fox Hunt - 154.0 Little Hunting Park
Lincolnia Park,Week4,Shouse Village,Week4,295.0 Shouse Village - 107.0 Lincolnia Park
Little Hunting Park,Week5,Langley,Week2,268.0 Langley - 134.0 Little Hunting Park
Little Hunting Park,Week4,Sleepy Hollow Rec,Week2,219.0 Little Hunting Park - 183.0 Sleepy Hollow Rec
Lincolnia Park,Week3,Springfield,Week4,290.0 Lincolnia Park - 93.0 Springfield
Lincolnia Park,Week4,Springfield,Week5,293.0 Lincolnia Park - 92.0 Springfield
Lincolnia Park,Week5,North Springfield,Week4,221.0 Lincolnia Park - 157.0 North Springfield
Lincolnia Park,Week5,Rutherford,Week3,247.0 Rutherford - 145.0 Lincolnia Park
Little Hunting Park,Week5,Lakeview,Week2,276.0 Little Hunting Park - 126.0 Lakeview
Little Hunting Park,Week2,Fox Mill Estates,Week4,251.0 Fox Mill Estates - 151.0 Little Hunting Park
Lincolnia Park,Week1,Oakton ,Week2,357.0 Oakton - 45.0 Lincolnia Park
Lincolnia Park,Week4,Springfield,Week3,283.0 Lincolnia Park - 94.0 Springfield
Lincolnia Park,Week3,Shouse Village,Week3,281.0 Shouse Village - 111.0 Lincolnia Park
Lincolnia Park,Week2,Oakton ,Week4,365.0 Oakton - 28.0 Lincolnia Park
Lincolnia Park,Week2,Springfield,Week5,292.0 Lincolnia Park - 80.0 Springfield
Little Hunting Park,Week4,Langley,Week2,292.0 Langley - 110.0 Little Hunting Park
Little Hunting Park,Week3,Somerset-Olde Creek,Week2,273.0 Little Hunting Park - 128.0 Somerset-Olde Creek
Lincolnia Park,Week2,Oakton ,Week1,353.0 Oakton - 35.0 Lincolnia Park
Little Hunting Park,Week3,Somerset-Olde Creek,Week4,253.0 Little Hunting Park - 149.0 Somerset-Olde Creek
Lincolnia Park,Week1,Shouse Village,Week1,303.0 Shouse Village - 99.0 Lincolnia Park
Lincolnia Park,Week3,Springfield,Week2,299.0 Lincolnia Park - 78.0 Springfield
Little Hunting Park,Week4,Somerset-Olde Creek,Week3,287.0 Little Hunting Park - 112.0 Somerset-Olde Creek
Little Hunting Park,Week4,Langley,Week1,300.0 Langley - 102.0 Little Hunting Park
Lincolnia Park,Week2,Oakton ,Week3,361.0 Oakton - 32.0 Lincolnia Park
Little Hunting Park,Week5,Sleepy Hollow Rec,Week3,220.0 Little Hunting Park - 182.0 Sleepy Hollow Rec
Lincolnia Park,Week4,Shouse Village,Week5,301.0 Shouse Village - 101.0 Lincolnia Park
Little Hunting Park,Week2,Langley,Week4,307.0 Langley - 95.0 Little Hunting Park
Little Hunting Park,Week2,Fox Mill Estates,Week2,225.0 Fox Mill Estates - 177.0 Little Hunting Park
Little Hunting Park,Week2,Fox Hunt,Week5,280.0 Fox Hunt - 122.0 Little Hunting Park
Little Hunting Park,Week2,Langley,Week2,300.0 Langley - 102.0 Little Hunting Park
Little Hunting Park,Week4,Fox Mill Estates,Week3,239.0 Fox Mill Estates - 162.0 Little Hunting Park
Lincolnia Park,Week1,Sleepy Hollow B & R,Week3,340.0 Sleepy Hollow B & R - 62.0 Lincolnia Park
Little Hunting Park,Week5,Sleepy Hollow Rec,Week2,228.0 Little Hunting Park - 174.0 Sleepy Hollow Rec
Lincolnia Park,Week1,Sideburn Run,Week1,299.0 Sideburn Run - 101.0 Lincolnia Park
Lincolnia Park,Week3,Oakton ,Week1,328.0 Oakton - 60.0 Lincolnia Park
Little Hunting Park,Week5,Lakeview,Week1,264.0 Little Hunting Park - 138.0 Lakeview
Little Hunting Park,Week5,Fox Mill Estates,Week3,216.0 Fox Mill Estates - 186.0 Little Hunting Park
Little Hunting Park,Week1,Somerset-Olde Creek,Week1,259.0 Little Hunting Park - 139.0 Somerset-Olde Creek
Lincolnia Park,Week3,Springfield,Week3,297.0 Lincolnia Park - 75.0 Springfield
Little Hunting Park,Week4,Lakeview,Week4,212.0 Lakeview - 190.0 Little Hunting Park
Lincolnia Park,Week4,North Springfield,Week4,204.0 Lincolnia Park - 181.0 North Springfield
Lincolnia Park,Week1,Stratford,Week4,288.0 Stratford - 112.0 Lincolnia Park
Lincolnia Park,Week1,Oakton ,Week5,362.0 Oakton - 40.0 Lincolnia Park
Lincolnia Park,Week4,Sideburn Run,Week5,316.5 Sideburn Run - 85.5 Lincolnia Park
Lincolnia Park,Week5,Shouse Village,Week5,274.0 Shouse Village - 119.0 Lincolnia Park
Lincolnia Park,Week1,Sleepy Hollow B & R,Week4,340.0 Sleepy Hollow B & R - 62.0 Lincolnia Park
Little Hunting Park,Week3,Sleepy Hollow Rec,Week3,205.0 Sleepy Hollow Rec - 197.0 Little Hunting Park
Lincolnia Park,Week2,Oakton ,Week5,366.0 Oakton - 27.0 Lincolnia Park
Little Hunting Park,Week4,Fox Hunt,Week2,255.0 Fox Hunt - 146.0 Little Hunting Park
Lincolnia Park,Week5,Springfield,Week3,291.0 Lincolnia Park - 81.0 Springfield
Lincolnia Park,Week2,Oakton ,Week2,364.0 Oakton - 29.0 Lincolnia Park
Lincolnia Park,Week4,Springfield,Week2,277.0 Lincolnia Park - 95.0 Springfield
Little Hunting Park,Week5,Sleepy Hollow Rec,Week1,239.0 Little Hunting Park - 163.0 Sleepy Hollow Rec
Little Hunting Park,Week2,Somerset-Olde Creek,Week3,274.0 Little Hunting Park - 124.0 Somerset-Olde Creek
Little Hunting Park,Week2,Langley,Week3,299.0 Langley - 103.0 Little Hunting Park
Lincolnia Park,Week4,North Springfield,Week1,206.0 Lincolnia Park - 138.0 North Springfield
Little Hunting Park,Week3,Sleepy Hollow Rec,Week1,222.0 Little Hunting Park - 180.0 Sleepy Hollow Rec
Lincolnia Park,Week5,North Springfield,Week5,185.0 Lincolnia Park - 177.0 North Springfield
Lincolnia Park,Week5,Shouse Village,Week3,283.0 Shouse Village - 109.0 Lincolnia Park
Little Hunting Park,Week4,Fox Hunt,Week4,250.0 Fox Hunt - 152.0 Little Hunting Park
Lincolnia Park,Week5,Springfield,Week5,309.0 Lincolnia Park - 76.0 Springfield
Lincolnia Park,Week4,Shouse Village,Week3,299.0 Shouse Village - 103.0 Lincolnia Park
Little Hunting Park,Week5,Fox Hunt,Week4,219.0 Fox Hunt - 183.0 Little Hunting Park
Little Hunting Park,Week5,Lakeview,Week4,230.0 Little Hunting Park - 172.0 Lakeview
Lincolnia Park,Week1,Stratford,Week2,262.0 Stratford - 135.0 Lincolnia Park
Little Hunting Park,Week3,Somerset-Olde Creek,Week5,236.5 Little Hunting Park - 164.5 Somerset-Olde Creek
Little Hunting Park,Week2,Langley,Week1,304.0 Langley - 98.0 Little Hunting Park
Little Hunting Park,Week4,Fox Mill Estates,Week5,232.0 Fox Mill Estates - 170.0 Little Hunting Park
Little Hunting Park,Week1,Langley,Week5,295.0 Langley - 107.0 Little Hunting Park
Lincolnia Park,Week1,Sideburn Run,Week4,316.0 Sideburn Run - 86.0 Lincolnia Park
Little Hunting Park,Week4,Somerset-Olde Creek,Week2,279.0 Little Hunting Park - 121.0 Somerset-Olde Creek
Lincolnia Park,Week1,Stratford,Week3,279.0 Stratford - 123.0 Lincolnia Park
Lincolnia Park,Week5,North Springfield,Week3,214.0 Lincolnia Park - 165.0 North Springfield
Little Hunting Park,Week5,Fox Hunt,Week5,246.0 Fox Hunt - 156.0 Little Hunting Park
Lincolnia Park,Week1,Springfield,Week5,299.0 Lincolnia Park - 85.0 Springfield
Little Hunting Park,Week3,Langley,Week4,308.0 Langley - 94.0 Little Hunting Park
Little Hunting Park,Week3,Langley,Week2,293.0 Langley - 109.0 Little Hunting Park
Little Hunting Park,Week5,Fox Hunt,Week2,221.0 Fox Hunt - 177.0 Little Hunting Park
Little Hunting Park,Week1,Fox Mill Estates,Week1,210.0 Fox Mill Estates - 191.0 Little Hunting Park
Little Hunting Park,Week3,Langley,Week3,301.0 Langley - 101.0 Little Hunting Park
Little Hunting Park,Week5,Fox Hunt,Week3,236.0 Fox Hunt - 166.0 Little Hunting Park
Lincolnia Park,Week3,Springfield,Week1,291.0 Lincolnia Park - 90.0 Springfield
Lincolnia Park,Week2,Sideburn Run,Week5,319.0 Sideburn Run - 74.0 Lincolnia Park
Little Hunting Park,Week4,Sleepy Hollow Rec,Week4,215.0 Little Hunting Park - 187.0 Sleepy Hollow Rec
Little Hunting Park,Week1,Somerset-Olde Creek,Week3,281.0 Little Hunting Park - 117.0 Somerset-Olde Creek
Little Hunting Park,Week1,Langley,Week4,301.0 Langley - 101.0 Little Hunting Park
Lincolnia Park,Week1,Stratford,Week1,251.0 Stratford - 149.0 Lincolnia Park
Little Hunting Park,Week3,Sleepy Hollow Rec,Week5,220.0 Sleepy Hollow Rec - 182.0 Little Hunting Park
Lincolnia Park,Week3,Oakton ,Week4,345.0 Oakton - 48.0 Lincolnia Park
Lincolnia Park,Week2,Stratford,Week1,239.5 Stratford - 152.5 Lincolnia Park
Lincolnia Park,Week1,Sleepy Hollow B & R,Week5,352.5 Sleepy Hollow B & R - 48.5 Lincolnia Park
Little Hunting Park,Week1,Langley,Week2,294.0 Langley - 108.0 Little Hunting Park
Lincolnia Park,Week5,North Springfield,Week1,210.0 Lincolnia Park - 129.0 North Springfield
Lincolnia Park,Week4,Sideburn Run,Week3,313.0 Sideburn Run - 89.0 Lincolnia Park
Lincolnia Park,Week2,Sideburn Run,Week2,305.5 Sideburn Run - 87.5 Lincolnia Park
Lincolnia Park,Week3,Oakton ,Week3,335.0 Oakton - 58.0 Lincolnia Park
Lincolnia Park,Week1,Stratford,Week5,275.0 Stratford - 123.0 Lincolnia Park
Little Hunting Park,Week5,Fox Hunt,Week1,206.0 Fox Hunt - 195.0 Little Hunting Park
Lincolnia Park,Week3,Springfield,Week5,311.0 Lincolnia Park - 73.0 Springfield
Lincolnia Park,Week1,Springfield,Week4,266.0 Lincolnia Park - 122.0 Springfield
Little Hunting Park,Week2,Fox Hunt,Week4,250.0 Fox Hunt - 152.0 Little Hunting Park
Lincolnia Park,Week3,Old Keene Mill,Week1,200.0 Old Keene Mill - 192.0 Lincolnia Park
Lincolnia Park,Week1,Old Keene Mill,Week5,250.0 Old Keene Mill - 152.0 Lincolnia Park
Lincolnia Park,Week4,Old Keene Mill,Week5,242.0 Old Keene Mill - 160.0 Lincolnia Park
Little Hunting Park,Week5,Sleepy Hollow Rec,Week4,251.0 Little Hunting Park - 151.0 Sleepy Hollow Rec
Lincolnia Park,Week1,Old Keene Mill,Week4,244.0 Old Keene Mill - 158.0 Lincolnia Park
Little Hunting Park,Week2,Somerset-Olde Creek,Week2,278.0 Little Hunting Park - 121.0 Somerset-Olde Creek
Lincolnia Park,Week5,Springfield,Week1,293.0 Lincolnia Park - 92.0 Springfield
Little Hunting Park,Week3,Fox Hunt,Week2,254.0 Fox Hunt - 148.0 Little Hunting Park
Little Hunting Park,Week3,Langley,Week5,289.0 Langley - 113.0 Little Hunting Park
Lincolnia Park,Week2,Sideburn Run,Week4,319.0 Sideburn Run - 74.0 Lincolnia Park
Lincolnia Park,Week2,Sideburn Run,Week1,299.0 Sideburn Run - 88.0 Lincolnia Park
Little Hunting Park,Week2,Somerset-Olde Creek,Week4,263.0 Little Hunting Park - 138.0 Somerset-Olde Creek
Lincolnia Park,Week5,Springfield,Week2,308.0 Lincolnia Park - 68.0 Springfield
Lincolnia Park,Week5,Sideburn Run,Week1,274.0 Sideburn Run - 118.0 Lincolnia Park
Little Hunting Park,Week5,Langley,Week3,275.0 Langley - 127.0 Little Hunting Park
Little Hunting Park,Week4,Langley,Week3,302.0 Langley - 100.0 Little Hunting Park
Lincolnia Park,Week4,Springfield,Week4,254.0 Lincolnia Park - 130.0 Springfield
Little Hunting Park,Week1,Somerset-Olde Creek,Week2,281.0 Little Hunting Park - 117.0 Somerset-Olde Creek
Lincolnia Park,Week3,Sideburn Run,Week4,285.0 Sideburn Run - 108.0 Lincolnia Park
Little Hunting Park,Week1,Langley,Week3,308.0 Langley - 94.0 Little Hunting Park
Lincolnia Park,Week1,Sideburn Run,Week5,323.0 Sideburn Run - 79.0 Lincolnia Park
Little Hunting Park,Week2,Somerset-Olde Creek,Week5,243.0 Little Hunting Park - 156.0 Somerset-Olde Creek
Little Hunting Park,Week3,Fox Hunt,Week4,249.0 Fox Hunt - 153.0 Little Hunting Park
Little Hunting Park,Week4,Langley,Week5,292.0 Langley - 110.0 Little Hunting Park
Little Hunting Park,Week4,Fox Hunt,Week5,272.0 Fox Hunt - 130.0 Little Hunting Park
Lincolnia Park,Week2,Old Keene Mill,Week4,253.0 Old Keene Mill - 136.0 Lincolnia Park
Little Hunting Park,Week1,Fox Mill Estates,Week2,226.0 Fox Mill Estates - 175.0 Little Hunting Park
Lincolnia Park,Week1,Sleepy Hollow B & R,Week1,328.0 Sleepy Hollow B & R - 74.0 Lincolnia Park
Little Hunting Park,Week1,Lee Graham,Week3,324.0 Lee Graham - 78.0 Little Hunting Park
Lincolnia Park,Week4,Stratford,Week2,255.0 Stratford - 142.0 Lincolnia Park
Lincolnia Park,Week5,Oakton ,Week5,355.0 Oakton - 38.0 Lincolnia Park
Little Hunting Park,Week1,Fox Mill Estates,Week3,226.5 Fox Mill Estates - 171.5 Little Hunting Park
Lincolnia Park,Week1,Sleepy Hollow B & R,Week2,329.0 Sleepy Hollow B & R - 73.0 Lincolnia Park
Lincolnia Park,Week2,Springfield,Week4,270.5 Lincolnia Park - 99.5 Springfield
Little Hunting Park,Week4,Sleepy Hollow Rec,Week5,212.0 Sleepy Hollow Rec - 190.0 Little Hunting Park
Little Hunting Park,Week3,Somerset-Olde Creek,Week1,265.0 Little Hunting Park - 136.0 Somerset-Olde Creek
Lincolnia Park,Week3,Old Keene Mill,Week5,211.0 Old Keene Mill - 182.0 Lincolnia Park
Little Hunting Park,Week3,Fox Mill Estates,Week3,246.0 Fox Mill Estates - 156.0 Little Hunting Park
Little Hunting Park,Week4,Fox Mill Estates,Week1,217.0 Fox Mill Estates - 185.0 Little Hunting Park
Lincolnia Park,Week2,Sully Station,Week2,334.0 Sully Station - 54.0 Lincolnia Park
Lincolnia Park,Week2,Old Keene Mill,Week2,243.0 Old Keene Mill - 149.0 Lincolnia Park
Lincolnia Park,Week3,Old Keene Mill,Week2,210.0 Old Keene Mill - 183.0 Lincolnia Park
Lincolnia Park,Week4,Sideburn Run,Week4,308.0 Sideburn Run - 94.0 Lincolnia Park
Little Hunting Park,Week3,Fox Mill Estates,Week5,239.0 Fox Mill Estates - 163.0 Little Hunting Park
Little Hunting Park,Week3,Fox Mill Estates,Week4,259.0 Fox Mill Estates - 142.0 Little Hunting Park
Lincolnia Park,Week4,Old Keene Mill,Week2,244.0 Old Keene Mill - 158.0 Lincolnia Park
Lincolnia Park,Week3,Old Keene Mill,Week3,217.0 Old Keene Mill - 176.0 Lincolnia Park
Little Hunting Park,Week1,Somerset-Olde Creek,Week4,260.0 Little Hunting Park - 138.0 Somerset-Olde Creek
Little Hunting Park,Week1,Somerset-Olde Creek,Week5,238.0 Little Hunting Park - 160.0 Somerset-Olde Creek
Lincolnia Park,Week5,Oakton ,Week4,349.0 Oakton - 44.0 Lincolnia Park
Lincolnia Park,Week5,Sideburn Run,Week5,298.0 Sideburn Run - 95.0 Lincolnia Park
Little Hunting Park,Week5,Langley,Week5,259.0 Langley - 143.0 Little Hunting Park
Little Hunting Park,Week4,Laurel Hill,Week1,226.5 Little Hunting Park - 175.5 Laurel Hill
Lincolnia Park,Week5,Springfield,Week4,283.0 Lincolnia Park - 103.0 Springfield
Little Hunting Park,Week5,Laurel Hill,Week1,232.0 Little Hunting Park - 166.0 Laurel Hill
Lincolnia Park,Week4,Sideburn Run,Week1,292.0 Sideburn Run - 109.0 Lincolnia Park
Little Hunting Park,Week1,Laurel Hill,Week4,201.0 Laurel Hill - 201.0 Little Hunting Park
Lincolnia Park,Week5,Oakton ,Week3,349.0 Oakton - 44.0 Lincolnia Park
Little Hunting Park,Week2,Somerset-Olde Creek,Week1,256.0 Little Hunting Park - 139.0 Somerset-Olde Creek
Little Hunting Park,Week3,Somerset-Olde Creek,Week3,281.0 Little Hunting Park - 119.0 Somerset-Olde Creek
Lincolnia Park,Week3,Sideburn Run,Week2,266.0 Sideburn Run - 127.0 Lincolnia Park
Lincolnia Park,Week5,Stratford,Week4,251.0 Stratford - 141.0 Lincolnia Park
Little Hunting Park,Week4,Fox Mill Estates,Week4,254.0 Fox Mill Estates - 148.0 Little Hunting Park
Lincolnia Park,Week2,Sideburn Run,Week3,314.0 Sideburn Run - 79.0 Lincolnia Park
Lincolnia Park,Week4,Springfield,Week1,272.0 Lincolnia Park - 117.0 Springfield
Lincolnia Park,Week2,Springfield,Week2,283.0 Lincolnia Park - 85.0 Springfield
Little Hunting Park,Week5,Laurel Hill,Week4,224.0 Little Hunting Park - 174.0 Laurel Hill
Little Hunting Park,Week2,Fox Mill Estates,Week5,237.0 Fox Mill Estates - 165.0 Little Hunting Park
Little Hunting Park,Week2,Laurel Hill,Week5,219.0 Laurel Hill - 181.0 Little Hunting Park
Lincolnia Park,Week2,Springfield,Week3,279.0 Lincolnia Park - 83.0 Springfield
Little Hunting Park,Week4,Sleepy Hollow Rec,Week1,235.0 Little Hunting Park - 167.0 Sleepy Hollow Rec
Little Hunting Park,Week3,Laurel Hill,Week3,199.0 Laurel Hill - 199.0 Little Hunting Park
Lincolnia Park,Week5,Sideburn Run,Week3,281.0 Sideburn Run - 112.0 Lincolnia Park
Little Hunting Park,Week4,Somerset-Olde Creek,Week1,259.0 Little Hunting Park - 141.0 Somerset-Olde Creek
Little Hunting Park,Week1,Fox Mill Estates,Week5,228.0 Fox Mill Estates - 174.0 Little Hunting Park
Little Hunting Park,Week1,South Run,Week4,238.0 South Run - 160.0 Little Hunting Park
Lincolnia Park,Week4,Oakton ,Week2,357.0 Oakton - 45.0 Lincolnia Park
Lincolnia Park,Week3,Stratford,Week5,251.5 Stratford - 137.5 Lincolnia Park
Little Hunting Park,Week5,Fox Mill Estates,Week1,203.0 Little Hunting Park - 199.0 Fox Mill Estates
Lincolnia Park,Week3,Sideburn Run,Week5,297.0 Sideburn Run - 96.0 Lincolnia Park
Lincolnia Park,Week5,Sideburn Run,Week2,276.0 Sideburn Run - 117.0 Lincolnia Park
Lincolnia Park,Week1,Sully Station,Week4,351.0 Sully Station - 51.0 Lincolnia Park
Little Hunting Park,Week5,Laurel Hill,Week3,238.0 Little Hunting Park - 163.0 Laurel Hill
Little Hunting Park,Week4,Fox Mill Estates,Week2,239.0 Fox Mill Estates - 163.0 Little Hunting Park
Little Hunting Park,Week5,Laurel Hill,Week5,209.0 Little Hunting Park - 188.0 Laurel Hill
Little Hunting Park,Week2,South Run,Week2,252.0 South Run - 149.0 Little Hunting Park
Lincolnia Park,Week3,Old Keene Mill,Week4,203.0 Old Keene Mill - 190.0 Lincolnia Park
Lincolnia Park,Week3,Sully Station,Week3,316.0 Sully Station - 77.0 Lincolnia Park
Lincolnia Park,Week4,Oakton ,Week5,364.0 Oakton - 38.0 Lincolnia Park
Little Hunting Park,Week5,Somerset-Olde Creek,Week4,275.0 Little Hunting Park - 126.0 Somerset-Olde Creek
Little Hunting Park,Week1,Laurel Hill,Week2,239.0 Little Hunting Park - 162.0 Laurel Hill
Little Hunting Park,Week4,South Run,Week4,243.0 South Run - 158.0 Little Hunting Park
Little Hunting Park,Week3,Laurel Hill,Week2,231.0 Little Hunting Park - 170.0 Laurel Hill
Lincolnia Park,Week1,Old Keene Mill,Week3,257.0 Old Keene Mill - 145.0 Lincolnia Park
Lincolnia Park,Week3,Sideburn Run,Week1,272.0 Sideburn Run - 120.0 Lincolnia Park
Little Hunting Park,Week5,Fox Mill Estates,Week2,211.0 Fox Mill Estates - 190.0 Little Hunting Park
Lincolnia Park,Week1,Sideburn Run,Week3,313.0 Sideburn Run - 89.0 Lincolnia Park
Lincolnia Park,Week5,Sleepy Hollow B & R,Week2,304.0 Sleepy Hollow B & R - 89.0 Lincolnia Park
Lincolnia Park,Week2,Old Keene Mill,Week1,248.0 Old Keene Mill - 141.0 Lincolnia Park
Lincolnia Park,Week3,Sideburn Run,Week3,287.0 Sideburn Run - 106.0 Lincolnia Park
Little Hunting Park,Week2,South Run,Week1,253.0 South Run - 139.0 Little Hunting Park
Lincolnia Park,Week1,Old Keene Mill,Week2,253.0 Old Keene Mill - 149.0 Lincolnia Park
Lincolnia Park,Week2,Old Keene Mill,Week5,257.0 Old Keene Mill - 135.0 Lincolnia Park
Lincolnia Park,Week2,Stratford,Week2,254.0 Stratford - 134.0 Lincolnia Park
Lincolnia Park,Week2,Sleepy Hollow B & R,Week1,321.0 Sleepy Hollow B & R - 71.0 Lincolnia Park
Little Hunting Park,Week3,Fox Mill Woods,Week2,295.0 Fox Mill Woods - 107.0 Little Hunting Park
Lincolnia Park,Week1,Old Keene Mill,Week1,245.0 Old Keene Mill - 155.0 Lincolnia Park
Little Hunting Park,Week5,South Run,Week3,219.0 South Run - 183.0 Little Hunting Park
Little Hunting Park,Week1,Fox Mill Woods,Week1,303.0 Fox Mill Woods - 98.0 Little Hunting Park
Little Hunting Park,Week2,Fox Mill Woods,Week3,297.0 Fox Mill Woods - 105.0 Little Hunting Park
Little Hunting Park,Week2,Laurel Hill,Week3,211.0 Laurel Hill - 191.0 Little Hunting Park
Lincolnia Park,Week1,Sully Station,Week1,342.0 Sully Station - 55.0 Lincolnia Park
Lincolnia Park,Week4,Stratford,Week4,287.0 Stratford - 114.0 Lincolnia Park
Little Hunting Park,Week2,Laurel Hill,Week4,204.0 Little Hunting Park - 197.0 Laurel Hill
Little Hunting Park,Week1,Lee Graham,Week2,318.0 Lee Graham - 84.0 Little Hunting Park
Lincolnia Park,Week5,Sideburn Run,Week4,282.0 Sideburn Run - 111.0 Lincolnia Park
Lincolnia Park,Week2,Old Keene Mill,Week3,250.0 Old Keene Mill - 142.0 Lincolnia Park
Little Hunting Park,Week1,Fox Mill Woods,Week3,297.0 Fox Mill Woods - 105.0 Little Hunting Park
Lincolnia Park,Week2,Sully Station,Week1,336.0 Sully Station - 55.0 Lincolnia Park
Lincolnia Park,Week2,Stratford,Week3,256.0 Stratford - 137.0 Lincolnia Park
Lincolnia Park,Week4,Sideburn Run,Week2,303.0 Sideburn Run - 99.0 Lincolnia Park
Little Hunting Park,Week1,South Run,Week1,244.0 South Run - 145.0 Little Hunting Park
Little Hunting Park,Week4,Somerset-Olde Creek,Week4,250.0 Little Hunting Park - 151.0 Somerset-Olde Creek
Little Hunting Park,Week5,Fox Mill Estates,Week4,223.5 Fox Mill Estates - 178.5 Little Hunting Park
Little Hunting Park,Week2,Laurel Hill,Week2,240.0 Little Hunting Park - 162.0 Laurel Hill
Little Hunting Park,Week1,Laurel Hill,Week3,206.0 Laurel Hill - 195.0 Little Hunting Park
Little Hunting Park,Week5,South Run,Week4,209.0 South Run - 193.0 Little Hunting Park
Little Hunting Park,Week3,Fox Mill Woods,Week3,286.0 Fox Mill Woods - 116.0 Little Hunting Park
Little Hunting Park,Week4,South Run,Week1,250.0 South Run - 142.0 Little Hunting Park
Lincolnia Park,Week2,Stratford,Week4,273.0 Stratford - 120.0 Lincolnia Park
Lincolnia Park,Week5,Sleepy Hollow B & R,Week3,310.0 Sleepy Hollow B & R - 83.0 Lincolnia Park
Little Hunting Park,Week5,South Run,Week2,207.0 South Run - 195.0 Little Hunting Park
Lincolnia Park,Week3,Stratford,Week1,219.0 Stratford - 173.0 Lincolnia Park
Lincolnia Park,Week2,Sleepy Hollow B & R,Week3,326.5 Sleepy Hollow B & R - 62.5 Lincolnia Park
Lincolnia Park,Week5,Sleepy Hollow B & R,Week1,292.0 Sleepy Hollow B & R - 101.0 Lincolnia Park
Lincolnia Park,Week2,Stratford,Week5,278.0 Stratford - 110.0 Lincolnia Park
Lincolnia Park,Week4,Oakton ,Week3,356.0 Oakton - 41.0 Lincolnia Park
Little Hunting Park,Week3,Laurel Hill,Week5,214.0 Laurel Hill - 186.0 Little Hunting Park
Lincolnia Park,Week2,Sleepy Hollow B & R,Week2,338.0 Sleepy Hollow B & R - 55.0 Lincolnia Park
Little Hunting Park,Week3,Fox Mill Woods,Week4,298.0 Fox Mill Woods - 104.0 Little Hunting Park
Lincolnia Park,Week4,Old Keene Mill,Week3,243.0 Old Keene Mill - 159.0 Lincolnia Park
Little Hunting Park,Week1,South Run,Week3,247.0 South Run - 151.0 Little Hunting Park
Little Hunting Park,Week4,Fox Mill Woods,Week4,313.0 Fox Mill Woods - 89.0 Little Hunting Park
Little Hunting Park,Week2,Fox Mill Woods,Week1,307.0 Fox Mill Woods - 95.0 Little Hunting Park
Lincolnia Park,Week3,Stratford,Week4,261.0 Stratford - 131.0 Lincolnia Park
Lincolnia Park,Week4,Old Keene Mill,Week1,249.0 Old Keene Mill - 152.0 Lincolnia Park
Little Hunting Park,Week4,Laurel Hill,Week4,205.0 Little Hunting Park - 196.0 Laurel Hill
Lincolnia Park,Week5,Oakton ,Week1,339.0 Oakton - 54.0 Lincolnia Park
Little Hunting Park,Week5,Fox Mill Estates,Week5,211.0 Fox Mill Estates - 190.0 Little Hunting Park
Little Hunting Park,Week4,South Run,Week2,236.0 South Run - 165.0 Little Hunting Park
Lincolnia Park,Week4,Sleepy Hollow B & R,Week2,334.0 Sleepy Hollow B & R - 68.0 Lincolnia Park
Little Hunting Park,Week4,Laurel Hill,Week3,214.0 Laurel Hill - 188.0 Little Hunting Park
Lincolnia Park,Week4,Oakton ,Week4,368.0 Oakton - 34.0 Lincolnia Park
Little Hunting Park,Week3,South Run,Week5,268.0 South Run - 134.0 Little Hunting Park
Lincolnia Park,Week4,Stratford,Week3,276.0 Stratford - 126.0 Lincolnia Park
Lincolnia Park,Week1,Sully Station,Week3,343.0 Sully Station - 59.0 Lincolnia Park
Little Hunting Park,Week5,Somerset-Olde Creek,Week1,273.0 Little Hunting Park - 123.0 Somerset-Olde Creek
Little Hunting Park,Week2,Laurel Hill,Week1,229.0 Little Hunting Park - 168.0 Laurel Hill
Little Hunting Park,Week2,Fox Mill Woods,Week4,303.0 Fox Mill Woods - 99.0 Little Hunting Park
Little Hunting Park,Week5,Laurel Hill,Week2,255.0 Little Hunting Park - 145.0 Laurel Hill
Lincolnia Park,Week5,Oakton ,Week2,349.0 Oakton - 44.0 Lincolnia Park
Little Hunting Park,Week3,Laurel Hill,Week1,214.0 Little Hunting Park - 184.0 Laurel Hill
Little Hunting Park,Week3,South Run,Week4,234.0 South Run - 168.0 Little Hunting Park
Little Hunting Park,Week1,Laurel Hill,Week1,228.0 Little Hunting Park - 173.0 Laurel Hill
Lincolnia Park,Week5,Sleepy Hollow B & R,Week5,321.0 Sleepy Hollow B & R - 72.0 Lincolnia Park
Lincolnia Park,Week5,Stratford,Week1,221.0 Stratford - 171.0 Lincolnia Park
Lincolnia Park,Week3,Sleepy Hollow B & R,Week5,312.0 Sleepy Hollow B & R - 81.0 Lincolnia Park
Little Hunting Park,Week5,Fox Mill Woods,Week1,269.5 Fox Mill Woods - 132.5 Little Hunting Park
Little Hunting Park,Week4,Laurel Hill,Week5,217.0 Laurel Hill - 184.0 Little Hunting Park
Lincolnia Park,Week3,Stratford,Week2,231.0 Stratford - 157.0 Lincolnia Park
Lincolnia Park,Week4,Sleepy Hollow B & R,Week1,321.0 Sleepy Hollow B & R - 81.0 Lincolnia Park
Little Hunting Park,Week3,South Run,Week1,248.0 South Run - 145.0 Little Hunting Park
Lincolnia Park,Week4,Old Keene Mill,Week4,243.0 Old Keene Mill - 159.0 Lincolnia Park
Lincolnia Park,Week5,Old Keene Mill,Week1,221.0 Old Keene Mill - 171.0 Lincolnia Park
Little Hunting Park,Week4,Fox Mill Woods,Week5,294.5 Fox Mill Woods - 107.5 Little Hunting Park
Lincolnia Park,Week1,Sleepy Hollow Rec,Week1,257.0 Sleepy Hollow Rec - 145.0 Lincolnia Park
Little Hunting Park,Week4,Fox Mill Woods,Week1,299.0 Fox Mill Woods - 103.0 Little Hunting Park
Lincolnia Park,Week5,Old Keene Mill,Week3,222.0 Old Keene Mill - 171.0 Lincolnia Park
Lincolnia Park,Week4,Stratford,Week1,237.0 Stratford - 158.0 Lincolnia Park
Little Hunting Park,Week5,Fox Mill Woods,Week2,275.0 Fox Mill Woods - 127.0 Little Hunting Park
Lincolnia Park,Week1,Commonwealth,Week5,291.0 Commonwealth - 106.0 Lincolnia Park
Lincolnia Park,Week5,Stratford,Week5,243.0 Stratford - 146.0 Lincolnia Park
Little Hunting Park,Week5,Somerset-Olde Creek,Week5,255.0 Little Hunting Park - 144.0 Somerset-Olde Creek
Lincolnia Park,Week1,Commonwealth,Week2,295.0 Commonwealth - 105.0 Lincolnia Park
Lincolnia Park,Week1,Sleepy Hollow Rec,Week2,274.0 Sleepy Hollow Rec - 124.0 Lincolnia Park
Lincolnia Park,Week2,Commonwealth,Week2,279.0 Commonwealth - 113.0 Lincolnia Park
Little Hunting Park,Week1,Fox Mill Woods,Week5,308.0 Fox Mill Woods - 94.0 Little Hunting Park
Little Hunting Park,Week4,Laurel Hill,Week2,223.0 Little Hunting Park - 179.0 Laurel Hill
Little Hunting Park,Week3,South Run,Week2,241.0 South Run - 161.0 Little Hunting Park
Little Hunting Park,Week3,Laurel Hill,Week4,215.0 Laurel Hill - 186.0 Little Hunting Park
Little Hunting Park,Week1,Laurel Hill,Week5,219.0 Laurel Hill - 183.0 Little Hunting Park
Little Hunting Park,Week4,South Run,Week5,263.0 South Run - 139.0 Little Hunting Park
Lincolnia Park,Week5,Old Keene Mill,Week2,226.0 Old Keene Mill - 167.0 Lincolnia Park
Lincolnia Park,Week3,Stratford,Week3,237.0 Stratford - 156.0 Lincolnia Park
Lincolnia Park,Week5,Old Keene Mill,Week5,225.0 Old Keene Mill - 168.0 Lincolnia Park
Lincolnia Park,Week1,Sully Station,Week2,334.0 Sully Station - 63.0 Lincolnia Park
Lincolnia Park,Week4,Sleepy Hollow B & R,Week5,335.0 Sleepy Hollow B & R - 66.0 Lincolnia Park
Little Hunting Park,Week3,Fox Mill Woods,Week1,291.0 Fox Mill Woods - 111.0 Little Hunting Park
Little Hunting Park,Week1,Lee Graham,Week4,318.0 Lee Graham - 84.0 Little Hunting Park
Lincolnia Park,Week2,Orange Hunt,Week1,313.5 Orange Hunt - 79.5 Lincolnia Park
Little Hunting Park,Week1,Fox Mill Woods,Week2,299.0 Fox Mill Woods - 102.0 Little Hunting Park
Lincolnia Park,Week3,Sleepy Hollow B & R,Week2,311.0 Sleepy Hollow B & R - 82.0 Lincolnia Park
Lincolnia Park,Week5,Old Keene Mill,Week4,221.0 Old Keene Mill - 172.0 Lincolnia Park
Little Hunting Park,Week2,Lee Graham,Week1,308.0 Lee Graham - 94.0 Little Hunting Park
Lincolnia Park,Week2,Sleepy Hollow B & R,Week4,342.0 Sleepy Hollow B & R - 51.0 Lincolnia Park
Lincolnia Park,Week3,Chesterbrook,Week5,361.0 Chesterbrook - 32.0 Lincolnia Park
Lincolnia Park,Week5,Stratford,Week2,233.0 Stratford - 160.0 Lincolnia Park
Lincolnia Park,Week5,Sleepy Hollow B & R,Week4,309.0 Sleepy Hollow B & R - 84.0 Lincolnia Park
Little Hunting Park,Week1,Fox Mill Woods,Week4,309.0 Fox Mill Woods - 93.0 Little Hunting Park
Lincolnia Park,Week5,Stratford,Week3,233.0 Stratford - 160.0 Lincolnia Park
Lincolnia Park,Week1,Sleepy Hollow Rec,Week3,295.0 Sleepy Hollow Rec - 107.0 Lincolnia Park
Lincolnia Park,Week2,Commonwealth,Week5,287.0 Commonwealth - 105.0 Lincolnia Park
Little Hunting Park,Week3,Fox Mill Woods,Week5,303.0 Fox Mill Woods - 99.0 Little Hunting Park
Little Hunting Park,Week4,Somerset-Olde Creek,Week5,241.0 Little Hunting Park - 160.0 Somerset-Olde Creek
Lincolnia Park,Week2,Orange Hunt,Week2,310.0 Orange Hunt - 83.0 Lincolnia Park
Lincolnia Park,Week2,Commonwealth,Week4,261.0 Commonwealth - 129.0 Lincolnia Park
Lincolnia Park,Week4,Stratford,Week5,270.0 Stratford - 126.0 Lincolnia Park
Lincolnia Park,Week1,Sully Station,Week5,349.0 Sully Station - 53.0 Lincolnia Park
Lincolnia Park,Week2,Commonwealth,Week3,268.0 Commonwealth - 122.0 Lincolnia Park
Little Hunting Park,Week1,South Run,Week5,273.0 South Run - 128.0 Little Hunting Park
Little Hunting Park,Week5,Somerset-Olde Creek,Week3,275.0 Little Hunting Park - 121.0 Somerset-Olde Creek
Little Hunting Park,Week1,South Run,Week2,243.0 South Run - 155.0 Little Hunting Park
Little Hunting Park,Week2,Fox Mill Woods,Week2,302.0 Fox Mill Woods - 100.0 Little Hunting Park
Lincolnia Park,Week4,Orange Hunt,Week5,310.0 Orange Hunt - 92.0 Lincolnia Park
Lincolnia Park,Week3,Orange Hunt,Week3,291.0 Orange Hunt - 102.0 Lincolnia Park
Little Hunting Park,Week1,Lee Graham,Week1,316.0 Lee Graham - 86.0 Little Hunting Park
Little Hunting Park,Week1,Lee Graham,Week5,325.0 Lee Graham - 77.0 Little Hunting Park
Little Hunting Park,Week5,Lee Graham,Week4,281.0 Lee Graham - 121.0 Little Hunting Park
Lincolnia Park,Week2,Sully Station,Week4,345.0 Sully Station - 48.0 Lincolnia Park
Lincolnia Park,Week3,Sleepy Hollow B & R,Week1,284.0 Sleepy Hollow B & R - 109.0 Lincolnia Park
Lincolnia Park,Week3,Chesterbrook,Week1,355.0 Chesterbrook - 38.0 Lincolnia Park
Little Hunting Park,Week5,Somerset-Olde Creek,Week2,286.0 Little Hunting Park - 111.0 Somerset-Olde Creek
Lincolnia Park,Week2,Chesterbrook,Week5,377.0 Chesterbrook - 16.0 Lincolnia Park
Little Hunting Park,Week2,South Run,Week3,244.0 South Run - 157.0 Little Hunting Park
Lincolnia Park,Week4,Chesterbrook,Week3,386.0 Chesterbrook - 16.0 Lincolnia Park
Little Hunting Park,Week5,Lee Graham,Week5,304.5 Lee Graham - 97.5 Little Hunting Park
Lincolnia Park,Week4,Sleepy Hollow B & R,Week3,327.0 Sleepy Hollow B & R - 75.0 Lincolnia Park
Lincolnia Park,Week1,Overlee,Week2,383.0 Overlee - 19.0 Lincolnia Park
Little Hunting Park,Week4,Fox Mill Woods,Week3,285.0 Fox Mill Woods - 117.0 Little Hunting Park
Lincolnia Park,Week1,Orange Hunt,Week5,322.0 Orange Hunt - 80.0 Lincolnia Park
Lincolnia Park,Week3,Sleepy Hollow B & R,Week4,312.0 Sleepy Hollow B & R - 81.0 Lincolnia Park
Little Hunting Park,Week4,Fox Mill Woods,Week2,294.0 Fox Mill Woods - 108.0 Little Hunting Park
Lincolnia Park,Week4,Chesterbrook,Week5,384.0 Chesterbrook - 18.0 Lincolnia Park
Little Hunting Park,Week4,South Run,Week3,250.0 South Run - 151.0 Little Hunting Park
Little Hunting Park,Week3,South Run,Week3,238.0 South Run - 164.0 Little Hunting Park
Little Hunting Park,Week2,South Run,Week4,243.0 South Run - 158.0 Little Hunting Park
Little Hunting Park,Week3,Great Falls,Week5,264.0 Great Falls - 138.0 Little Hunting Park
Lincolnia Park,Week2,Sleepy Hollow B & R,Week5,336.0 Sleepy Hollow B & R - 53.0 Lincolnia Park
Lincolnia Park,Week3,Sully Station,Week2,317.0 Sully Station - 71.0 Lincolnia Park
Little Hunting Park,Week1,Lincolnia Park,Week2,237.0 Little Hunting Park - 151.0 Lincolnia Park
Lincolnia Park,Week1,Orange Hunt,Week2,318.0 Orange Hunt - 84.0 Lincolnia Park
Lincolnia Park,Week3,Orange Hunt,Week5,294.0 Orange Hunt - 99.0 Lincolnia Park
Lincolnia Park,Week2,Sully Station,Week5,344.0 Sully Station - 49.0 Lincolnia Park
Little Hunting Park,Week4,Lee Graham,Week5,331.0 Lee Graham - 71.0 Little Hunting Park
Little Hunting Park,Week2,Fox Mill Woods,Week5,299.0 Fox Mill Woods - 103.0 Little Hunting Park
Little Hunting Park,Week2,South Run,Week5,270.0 South Run - 132.0 Little Hunting Park
Lincolnia Park,Week3,Sully Station,Week1,318.0 Sully Station - 71.0 Lincolnia Park
Lincolnia Park,Week3,Chesterbrook,Week3,370.0 Chesterbrook - 23.0 Lincolnia Park
Little Hunting Park,Week3,Lee Graham,Week4,324.0 Lee Graham - 78.0 Little Hunting Park
Lincolnia Park,Week1,Overlee,Week4,391.0 Overlee - 11.0 Lincolnia Park
Lincolnia Park,Week3,Sleepy Hollow B & R,Week3,297.0 Sleepy Hollow B & R - 96.0 Lincolnia Park
Lincolnia Park,Week4,Sleepy Hollow B & R,Week4,339.0 Sleepy Hollow B & R - 63.0 Lincolnia Park
Lincolnia Park,Week4,Orange Hunt,Week3,324.0 Orange Hunt - 78.0 Lincolnia Park
Lincolnia Park,Week2,Sully Station II,Week5,345.0 Sully Station II - 47.0 Lincolnia Park
Little Hunting Park,Week3,Great Falls,Week2,244.0 Great Falls - 140.0 Little Hunting Park
Little Hunting Park,Week2,Lincolnia Park,Week3,207.0 Little Hunting Park - 185.0 Lincolnia Park
Lincolnia Park,Week2,Sully Station II,Week2,331.0 Sully Station II - 58.0 Lincolnia Park
Lincolnia Park,Week4,Chesterbrook,Week2,384.0 Chesterbrook - 18.0 Lincolnia Park
Little Hunting Park,Week5,South Run,Week1,226.0 South Run - 166.0 Little Hunting Park
Little Hunting Park,Week5,Lee Graham,Week2,294.0 Lee Graham - 108.0 Little Hunting Park
Little Hunting Park,Week5,Fox Mill Woods,Week5,271.0 Fox Mill Woods - 131.0 Little Hunting Park
Lincolnia Park,Week2,Sully Station,Week3,349.0 Sully Station - 43.0 Lincolnia Park
Lincolnia Park,Week3,Orange Hunt,Week1,289.0 Orange Hunt - 103.0 Lincolnia Park
Lincolnia Park,Week4,Chesterbrook,Week4,385.0 Chesterbrook - 17.0 Lincolnia Park
Little Hunting Park,Week2,Great Falls,Week2,242.0 Great Falls - 141.0 Little Hunting Park
Long Branch,Week2,Mantua,Week3,316.0 Mantua - 86.0 Long Branch
Long Branch,Week4,Hunt Valley,Week2,316.0 Hunt Valley - 86.0 Long Branch
Little Rocky Run,Week2,Kent Gardens,Week4,272.0 Little Rocky Run - 130.0 Kent Gardens
Little Rocky Run,Week2,Fox Mill Woods,Week4,204.5 Fox Mill Woods - 197.5 Little Rocky Run
Long Branch,Week2,Hunter Mill,Week4,282.0 Hunter Mill - 120.0 Long Branch
Little Rocky Run,Week4,Hiddenbrook,Week4,301.0 Little Rocky Run - 101.0 Hiddenbrook
Little Rocky Run,Week3,Walden Glen,Week2,318.0 Little Rocky Run - 84.0 Walden Glen
Little Rocky Run,Week4,Springfield,Week5,385.0 Little Rocky Run - 17.0 Springfield
Little Rocky Run,Week2,Springfield,Week1,381.0 Little Rocky Run - 21.0 Springfield
Little Rocky Run,Week5,Walden Glen,Week5,303.0 Little Rocky Run - 99.0 Walden Glen
Little Rocky Run,Week3,Hiddenbrook,Week1,316.0 Little Rocky Run - 86.0 Hiddenbrook
Long Branch,Week1,Hunter Mill,Week4,269.0 Hunter Mill - 132.0 Long Branch
Little Rocky Run,Week1,Stratford,Week3,301.0 Little Rocky Run - 101.0 Stratford
Little Rocky Run,Week3,Walden Glen,Week4,318.0 Little Rocky Run - 84.0 Walden Glen
Long Branch,Week2,Hunter Mill,Week5,279.0 Hunter Mill - 123.0 Long Branch
Little Rocky Run,Week4,Walden Glen,Week5,282.0 Little Rocky Run - 120.0 Walden Glen
Long Branch,Week1,Sleepy Hollow Rec,Week1,214.0 Long Branch - 188.0 Sleepy Hollow Rec
Long Branch,Week5,Sleepy Hollow B & R,Week2,251.0 Sleepy Hollow B & R - 151.0 Long Branch
Little Rocky Run,Week5,Hiddenbrook,Week1,322.0 Little Rocky Run - 80.0 Hiddenbrook
Long Branch,Week3,Mantua,Week5,318.5 Mantua - 83.5 Long Branch
Little Rocky Run,Week3,High Point Pool,Week5,233.0 Little Rocky Run - 169.0 High Point Pool
Long Branch,Week1,Sleepy Hollow B & R,Week3,283.0 Sleepy Hollow B & R - 119.0 Long Branch
Little Rocky Run,Week4,Springfield,Week4,388.0 Little Rocky Run - 13.0 Springfield
Little Rocky Run,Week3,Springfield,Week1,390.0 Little Rocky Run - 12.0 Springfield
Little Rocky Run,Week4,Springfield,Week1,389.0 Little Rocky Run - 12.0 Springfield
Little Rocky Run,Week4,Walden Glen,Week3,312.0 Little Rocky Run - 90.0 Walden Glen
Little Rocky Run,Week5,Kent Gardens,Week1,281.0 Little Rocky Run - 121.0 Kent Gardens
Little Rocky Run,Week1,Kent Gardens,Week5,236.0 Little Rocky Run - 166.0 Kent Gardens
Long Branch,Week2,Mantua,Week1,282.0 Mantua - 120.0 Long Branch
Little Rocky Run,Week4,Walden Glen,Week2,306.0 Little Rocky Run - 96.0 Walden Glen
Long Branch,Week5,Hunt Valley,Week4,302.0 Hunt Valley - 100.0 Long Branch
Little Rocky Run,Week5,Pinewood Lake,Week3,382.0 Little Rocky Run - 20.0 Pinewood Lake
Little Rocky Run,Week1,Kent Gardens,Week1,257.0 Little Rocky Run - 145.0 Kent Gardens
Long Branch,Week1,McLean,Week5,315.0 McLean - 87.0 Long Branch
Little Rocky Run,Week1,Waynewood,Week3,203.0 Waynewood - 199.0 Little Rocky Run
Little Rocky Run,Week2,Pleasant Valley,Week4,346.0 Little Rocky Run - 56.0 Pleasant Valley
Long Branch,Week2,Sleepy Hollow B & R,Week1,253.0 Sleepy Hollow B & R - 149.0 Long Branch
Little Rocky Run,Week5,Fox Mill Woods,Week2,248.0 Little Rocky Run - 154.0 Fox Mill Woods
Little Rocky Run,Week2,Pleasant Valley,Week1,332.0 Little Rocky Run - 70.0 Pleasant Valley
Little Rocky Run,Week1,Waynewood,Week2,213.5 Little Rocky Run - 188.5 Waynewood
Little Rocky Run,Week2,Springfield,Week2,379.0 Little Rocky Run - 23.0 Springfield
Long Branch,Week1,Mantua,Week5,310.0 Mantua - 92.0 Long Branch
Long Branch,Week1,Hunter Mill,Week3,274.0 Hunter Mill - 128.0 Long Branch
Little Rocky Run,Week3,Springfield,Week2,389.0 Little Rocky Run - 12.0 Springfield
Little Rocky Run,Week1,Springfield,Week3,375.0 Little Rocky Run - 21.0 Springfield
Little Rocky Run,Week5,Hiddenbrook,Week2,344.0 Little Rocky Run - 53.0 Hiddenbrook
Little Rocky Run,Week3,Walden Glen,Week3,324.0 Little Rocky Run - 78.0 Walden Glen
Long Branch,Week1,Sleepy Hollow B & R,Week1,269.0 Sleepy Hollow B & R - 133.0 Long Branch
Little Rocky Run,Week3,Hiddenbrook,Week5,278.0 Little Rocky Run - 124.0 Hiddenbrook
Little Rocky Run,Week2,Pleasant Valley,Week5,324.0 Little Rocky Run - 78.0 Pleasant Valley
Little Rocky Run,Week5,Hiddenbrook,Week3,309.5 Little Rocky Run - 92.5 Hiddenbrook
Long Branch,Week5,Sideburn Run,Week4,243.0 Sideburn Run - 159.0 Long Branch
Long Branch,Week4,Mantua,Week2,285.0 Mantua - 117.0 Long Branch
Little Rocky Run,Week5,Fox Mill Woods,Week1,235.0 Little Rocky Run - 167.0 Fox Mill Woods
Long Branch,Week3,Mantua,Week3,318.0 Mantua - 84.0 Long Branch
Long Branch,Week3,Mantua,Week2,278.0 Mantua - 124.0 Long Branch
Long Branch,Week1,Mantua,Week1,278.0 Mantua - 119.0 Long Branch
Little Rocky Run,Week1,Pleasant Valley,Week3,328.0 Little Rocky Run - 74.0 Pleasant Valley
Long Branch,Week4,Mantua,Week1,280.0 Mantua - 122.0 Long Branch
Long Branch,Week4,Hunter Mill,Week1,262.0 Hunter Mill - 140.0 Long Branch
Little Rocky Run,Week5,Springfield,Week2,387.0 Little Rocky Run - 10.0 Springfield
Little Rocky Run,Week2,Stratford,Week2,327.0 Little Rocky Run - 75.0 Stratford
Little Rocky Run,Week1,Great Falls,Week1,278.0 Little Rocky Run - 124.0 Great Falls
Little Rocky Run,Week5,Ilda Community,Week3,335.0 Little Rocky Run - 62.0 Ilda Community
Little Rocky Run,Week4,Hiddenbrook,Week2,325.0 Little Rocky Run - 77.0 Hiddenbrook
Little Rocky Run,Week3,Hiddenbrook,Week3,304.0 Little Rocky Run - 98.0 Hiddenbrook
Long Branch,Week4,Hunt Valley,Week4,320.0 Hunt Valley - 82.0 Long Branch
Long Branch,Week2,Sleepy Hollow B & R,Week4,281.0 Sleepy Hollow B & R - 121.0 Long Branch
Little Rocky Run,Week3,Kent Gardens,Week4,282.0 Little Rocky Run - 120.0 Kent Gardens
Long Branch,Week4,Mantua,Week5,315.0 Mantua - 87.0 Long Branch
Long Branch,Week2,Mantua,Week4,283.0 Mantua - 119.0 Long Branch
Long Branch,Week5,Hunt Valley,Week3,313.0 Hunt Valley - 89.0 Long Branch
Little Rocky Run,Week1,Kent Gardens,Week3,256.0 Little Rocky Run - 146.0 Kent Gardens
Little Rocky Run,Week5,Fox Mill Woods,Week4,242.0 Little Rocky Run - 160.0 Fox Mill Woods
Long Branch,Week4,Sleepy Hollow B & R,Week1,260.0 Sleepy Hollow B & R - 142.0 Long Branch
Little Rocky Run,Week2,Waynewood,Week2,211.0 Little Rocky Run - 191.0 Waynewood
Long Branch,Week4,Hunt Valley,Week5,335.0 Hunt Valley - 67.0 Long Branch
Little Rocky Run,Week2,Pleasant Valley,Week2,334.0 Little Rocky Run - 68.0 Pleasant Valley
Long Branch,Week5,Sideburn Run,Week3,244.0 Sideburn Run - 158.0 Long Branch
Little Rocky Run,Week5,Pleasant Valley,Week3,349.0 Little Rocky Run - 53.0 Pleasant Valley
Little Rocky Run,Week4,Pleasant Valley,Week5,336.0 Little Rocky Run - 66.0 Pleasant Valley
Little Rocky Run,Week5,Walden Glen,Week4,315.0 Little Rocky Run - 82.0 Walden Glen
Little Rocky Run,Week3,Pleasant Valley,Week4,354.0 Little Rocky Run - 47.0 Pleasant Valley
Little Rocky Run,Week3,Hiddenbrook,Week4,302.0 Little Rocky Run - 100.0 Hiddenbrook
Little Rocky Run,Week4,Hiddenbrook,Week5,269.0 Little Rocky Run - 133.0 Hiddenbrook
Little Rocky Run,Week2,Kent Gardens,Week1,254.0 Little Rocky Run - 148.0 Kent Gardens
Little Rocky Run,Week3,Springfield,Week4,383.0 Little Rocky Run - 19.0 Springfield
Long Branch,Week1,Sleepy Hollow B & R,Week4,283.0 Sleepy Hollow B & R - 119.0 Long Branch
Little Rocky Run,Week3,Waynewood,Week2,229.0 Little Rocky Run - 173.0 Waynewood
Little Rocky Run,Week2,Kent Gardens,Week5,236.0 Little Rocky Run - 166.0 Kent Gardens
Little Rocky Run,Week1,High Point Pool,Week3,235.0 Little Rocky Run - 167.0 High Point Pool
Long Branch,Week5,Sleepy Hollow B & R,Week1,246.0 Sleepy Hollow B & R - 156.0 Long Branch
Little Rocky Run,Week1,Poplar Heights,Week2,236.0 Little Rocky Run - 166.0 Poplar Heights
Little Rocky Run,Week5,Pleasant Valley,Week2,361.0 Little Rocky Run - 41.0 Pleasant Valley
Little Rocky Run,Week3,Kent Gardens,Week5,242.0 Little Rocky Run - 160.0 Kent Gardens
Long Branch,Week3,Hunter Mill,Week4,291.0 Hunter Mill - 111.0 Long Branch
Little Rocky Run,Week5,Pinewood Lake,Week4,383.0 Little Rocky Run - 19.0 Pinewood Lake
Long Branch,Week1,Hunter Mill,Week1,257.0 Hunter Mill - 140.0 Long Branch
Little Rocky Run,Week5,Ilda Community,Week4,326.5 Little Rocky Run - 75.5 Ilda Community
Long Branch,Week2,Sleepy Hollow B & R,Week5,296.0 Sleepy Hollow B & R - 106.0 Long Branch
Little Rocky Run,Week1,Kent Gardens,Week2,274.0 Little Rocky Run - 128.0 Kent Gardens
Long Branch,Week3,Sleepy Hollow B & R,Week1,270.0 Sleepy Hollow B & R - 132.0 Long Branch
Little Rocky Run,Week2,Springfield,Week3,378.0 Little Rocky Run - 24.0 Springfield
Little Rocky Run,Week5,Walden Glen,Week1,334.0 Little Rocky Run - 63.0 Walden Glen
Long Branch,Week1,Mantua,Week3,311.0 Mantua - 91.0 Long Branch
Long Branch,Week4,Mantua,Week3,315.0 Mantua - 87.0 Long Branch
Long Branch,Week5,Hunt Valley,Week1,295.0 Hunt Valley - 107.0 Long Branch
Little Rocky Run,Week2,High Point Pool,Week1,241.0 Little Rocky Run - 161.0 High Point Pool
Little Rocky Run,Week5,Walden Glen,Week2,319.0 Little Rocky Run - 78.0 Walden Glen
Little Rocky Run,Week4,Pleasant Valley,Week1,350.0 Little Rocky Run - 52.0 Pleasant Valley
Long Branch,Week3,Sleepy Hollow B & R,Week2,288.0 Sleepy Hollow B & R - 114.0 Long Branch
Little Rocky Run,Week2,High Point Pool,Week2,214.0 Little Rocky Run - 188.0 High Point Pool
Little Rocky Run,Week5,Pleasant Valley,Week1,357.5 Little Rocky Run - 44.5 Pleasant Valley
Little Rocky Run,Week2,Kent Gardens,Week2,281.0 Little Rocky Run - 121.0 Kent Gardens
Long Branch,Week1,Hunter Mill,Week5,280.0 Hunter Mill - 122.0 Long Branch
Little Rocky Run,Week1,Springfield,Week4,378.0 Little Rocky Run - 18.0 Springfield
Long Branch,Week4,Sleepy Hollow B & R,Week4,288.0 Sleepy Hollow B & R - 114.0 Long Branch
Little Rocky Run,Week5,Ilda Community,Week1,338.0 Little Rocky Run - 64.0 Ilda Community
Long Branch,Week3,Mantua,Week1,289.0 Mantua - 112.0 Long Branch
Little Rocky Run,Week1,Poplar Heights,Week1,243.0 Little Rocky Run - 159.0 Poplar Heights
Long Branch,Week3,Hunter Mill,Week5,289.0 Hunter Mill - 113.0 Long Branch
Little Rocky Run,Week3,Springfield,Week3,391.0 Little Rocky Run - 11.0 Springfield
Little Rocky Run,Week1,Pleasant Valley,Week5,323.0 Little Rocky Run - 79.0 Pleasant Valley
Long Branch,Week2,Mantua,Week2,277.0 Mantua - 125.0 Long Branch
Long Branch,Week3,Mantua,Week4,298.0 Mantua - 104.0 Long Branch
Long Branch,Week3,Hunter Mill,Week2,273.0 Hunter Mill - 129.0 Long Branch
Little Rocky Run,Week5,Pleasant Valley,Week5,345.0 Little Rocky Run - 57.0 Pleasant Valley
Little Rocky Run,Week5,Walden Glen,Week3,324.0 Little Rocky Run - 78.0 Walden Glen
Long Branch,Week3,Sleepy Hollow B & R,Week5,308.0 Sleepy Hollow B & R - 94.0 Long Branch
Long Branch,Week2,Hunter Mill,Week2,256.0 Hunter Mill - 146.0 Long Branch
Little Rocky Run,Week2,Springfield,Week5,388.0 Little Rocky Run - 14.0 Springfield
Little Rocky Run,Week4,Kent Gardens,Week2,278.0 Little Rocky Run - 124.0 Kent Gardens
Little Rocky Run,Week4,High Point Pool,Week1,235.0 Little Rocky Run - 167.0 High Point Pool
Long Branch,Week4,Sleepy Hollow B & R,Week2,266.0 Sleepy Hollow B & R - 136.0 Long Branch
Little Rocky Run,Week4,High Point Pool,Week2,234.0 Little Rocky Run - 168.0 High Point Pool
Little Rocky Run,Week3,Kent Gardens,Week3,289.0 Little Rocky Run - 113.0 Kent Gardens
Little Rocky Run,Week2,Springfield,Week4,376.0 Little Rocky Run - 26.0 Springfield
Little Rocky Run,Week3,High Point Pool,Week1,247.0 Little Rocky Run - 155.0 High Point Pool
Little Rocky Run,Week4,Walden Glen,Week1,320.0 Little Rocky Run - 82.0 Walden Glen
Little Rocky Run,Week4,Kent Gardens,Week3,271.0 Little Rocky Run - 131.0 Kent Gardens
Little Rocky Run,Week1,Waynewood,Week4,227.0 Little Rocky Run - 175.0 Waynewood
Long Branch,Week4,Mantua,Week4,293.0 Mantua - 109.0 Long Branch
Long Branch,Week5,Sleepy Hollow B & R,Week4,273.0 Sleepy Hollow B & R - 129.0 Long Branch
Little Rocky Run,Week4,High Point Pool,Week4,226.0 Little Rocky Run - 176.0 High Point Pool
Little Rocky Run,Week1,Waynewood,Week5,203.0 Waynewood - 199.0 Little Rocky Run
Long Branch,Week4,Hunter Mill,Week3,273.0 Hunter Mill - 129.0 Long Branch
Long Branch,Week2,Mantua,Week5,314.0 Mantua - 88.0 Long Branch
Little Rocky Run,Week3,Pleasant Valley,Week5,339.0 Little Rocky Run - 63.0 Pleasant Valley
Little Rocky Run,Week2,Waynewood,Week1,227.0 Little Rocky Run - 175.0 Waynewood
Little Rocky Run,Week3,Springfield,Week5,389.0 Little Rocky Run - 13.0 Springfield
Long Branch,Week3,Sleepy Hollow B & R,Week3,283.0 Sleepy Hollow B & R - 119.0 Long Branch
Little Rocky Run,Week5,Springfield,Week5,387.0 Little Rocky Run - 10.0 Springfield
Little Rocky Run,Week4,Waynewood,Week2,224.0 Little Rocky Run - 178.0 Waynewood
Little Rocky Run,Week5,High Point Pool,Week4,238.0 Little Rocky Run - 164.0 High Point Pool
Little Rocky Run,Week5,Springfield,Week1,392.0 Little Rocky Run - 5.0 Springfield
Long Branch,Week4,Hunter Mill,Week5,284.0 Hunter Mill - 118.0 Long Branch
Long Branch,Week5,Hunter Mill,Week3,265.0 Hunter Mill - 137.0 Long Branch
Little Rocky Run,Week4,Kent Gardens,Week5,236.0 Little Rocky Run - 166.0 Kent Gardens
Little Rocky Run,Week5,Springfield,Week3,385.0 Little Rocky Run - 12.0 Springfield
Little Rocky Run,Week4,Springfield,Week3,390.0 Little Rocky Run - 11.0 Springfield
Little Rocky Run,Week2,Waynewood,Week5,203.0 Waynewood - 199.0 Little Rocky Run
Little Rocky Run,Week2,Pleasant Valley,Week3,331.0 Little Rocky Run - 71.0 Pleasant Valley
Long Branch,Week3,Sleepy Hollow B & R,Week4,293.0 Sleepy Hollow B & R - 109.0 Long Branch
Little Rocky Run,Week4,Springfield,Week2,385.0 Little Rocky Run - 16.0 Springfield
Long Branch,Week5,Mantua,Week1,278.0 Mantua - 124.0 Long Branch
Long Branch,Week1,Ilda Community,Week1,214.0 Long Branch - 184.0 Ilda Community
Little Rocky Run,Week3,Kings Ridge ,Week2,339.0 Little Rocky Run - 63.0 Kings Ridge
Little Rocky Run,Week1,Poplar Heights,Week3,237.5 Little Rocky Run - 164.5 Poplar Heights
Little Rocky Run,Week5,High Point Pool,Week5,246.0 Little Rocky Run - 156.0 High Point Pool
Long Branch,Week5,Sideburn Run,Week5,242.0 Sideburn Run - 160.0 Long Branch
Little Rocky Run,Week3,Kings Ridge ,Week4,334.0 Little Rocky Run - 68.0 Kings Ridge
Long Branch,Week1,Kent Gardens,Week2,234.0 Kent Gardens - 168.0 Long Branch
Little Rocky Run,Week4,Waynewood,Week1,227.0 Little Rocky Run - 175.0 Waynewood
Little Rocky Run,Week5,Pleasant Valley,Week4,361.0 Little Rocky Run - 41.0 Pleasant Valley
Little Rocky Run,Week4,Kings Ridge ,Week5,319.0 Little Rocky Run - 83.0 Kings Ridge
Little Rocky Run,Week5,Kent Gardens,Week3,287.0 Little Rocky Run - 115.0 Kent Gardens
Long Branch,Week4,Sleepy Hollow B & R,Week5,295.0 Sleepy Hollow B & R - 107.0 Long Branch
Long Branch,Week5,Mantua,Week5,293.0 Mantua - 109.0 Long Branch
Long Branch,Week1,McLean,Week1,298.0 McLean - 99.0 Long Branch
Long Branch,Week1,Sleepy Hollow B & R,Week5,303.5 Sleepy Hollow B & R - 98.5 Long Branch
Little Rocky Run,Week3,Walden Glen,Week5,295.0 Little Rocky Run - 107.0 Walden Glen
Little Rocky Run,Week5,High Point Pool,Week2,254.0 Little Rocky Run - 148.0 High Point Pool
Little Rocky Run,Week5,Kings Ridge ,Week4,337.0 Little Rocky Run - 65.0 Kings Ridge
Little Rocky Run,Week3,Waynewood,Week3,212.0 Little Rocky Run - 190.0 Waynewood
Little Rocky Run,Week1,Pleasant Valley,Week1,340.0 Little Rocky Run - 62.0 Pleasant Valley
Long Branch,Week1,Ilda Community,Week2,222.0 Long Branch - 179.0 Ilda Community
Little Rocky Run,Week3,Waynewood,Week5,211.0 Little Rocky Run - 191.0 Waynewood
Little Rocky Run,Week4,Pleasant Valley,Week4,355.0 Little Rocky Run - 47.0 Pleasant Valley
Little Rocky Run,Week4,High Point Pool,Week5,227.0 Little Rocky Run - 175.0 High Point Pool
Little Rocky Run,Week1,Lake Braddock,Week4,340.5 Little Rocky Run - 61.5 Lake Braddock
Long Branch,Week2,Sleepy Hollow B & R,Week3,273.0 Sleepy Hollow B & R - 129.0 Long Branch
Long Branch,Week4,Sleepy Hollow B & R,Week3,271.0 Sleepy Hollow B & R - 131.0 Long Branch
Long Branch,Week5,Hunter Mill,Week2,257.0 Hunter Mill - 145.0 Long Branch
Long Branch,Week2,McLean,Week2,303.0 McLean - 99.0 Long Branch
Long Branch,Week5,Mantua,Week2,272.0 Mantua - 130.0 Long Branch
Long Branch,Week1,McLean,Week4,294.0 McLean - 103.0 Long Branch
Little Rocky Run,Week1,Pleasant Valley,Week4,349.0 Little Rocky Run - 48.0 Pleasant Valley
Little Rocky Run,Week1,Highland Park,Week1,230.0 Little Rocky Run - 172.0 Highland Park
Little Rocky Run,Week5,High Point Pool,Week3,258.0 Little Rocky Run - 144.0 High Point Pool
Little Rocky Run,Week1,Springfield,Week2,378.0 Little Rocky Run - 18.0 Springfield
Little Rocky Run,Week3,Pleasant Valley,Week1,351.0 Little Rocky Run - 51.0 Pleasant Valley
Little Rocky Run,Week2,Woodley,Week3,324.0 Little Rocky Run - 78.0 Woodley
Little Rocky Run,Week3,Woodley,Week2,334.0 Little Rocky Run - 68.0 Woodley
Long Branch,Week2,McLean,Week3,300.0 McLean - 102.0 Long Branch
Little Rocky Run,Week1,Stratford,Week5,308.0 Little Rocky Run - 94.0 Stratford
Little Rocky Run,Week4,Pleasant Valley,Week2,351.0 Little Rocky Run - 51.0 Pleasant Valley
Little Rocky Run,Week2,Kings Ridge ,Week2,331.0 Little Rocky Run - 71.0 Kings Ridge
Long Branch,Week2,Sleepy Hollow B & R,Week2,267.0 Sleepy Hollow B & R - 135.0 Long Branch
Little Rocky Run,Week5,High Point Pool,Week1,259.0 Little Rocky Run - 143.0 High Point Pool
Long Branch,Week1,Kent Gardens,Week3,223.0 Kent Gardens - 179.0 Long Branch
Long Branch,Week1,Kent Gardens,Week4,234.0 Kent Gardens - 168.0 Long Branch
Little Rocky Run,Week1,Stratford,Week2,326.0 Little Rocky Run - 76.0 Stratford
Long Branch,Week2,McLean,Week5,311.0 McLean - 91.0 Long Branch
Little Rocky Run,Week1,Kings Ridge ,Week3,310.0 Little Rocky Run - 91.0 Kings Ridge
Long Branch,Week1,Sleepy Hollow B & R,Week2,279.0 Sleepy Hollow B & R - 123.0 Long Branch
Little Rocky Run,Week1,Highland Park,Week2,248.0 Little Rocky Run - 154.0 Highland Park
Little Rocky Run,Week3,Pleasant Valley,Week3,347.0 Little Rocky Run - 55.0 Pleasant Valley
Long Branch,Week3,McLean,Week1,310.0 McLean - 92.0 Long Branch
Little Rocky Run,Week1,Kings Ridge ,Week2,332.0 Little Rocky Run - 70.0 Kings Ridge
Little Rocky Run,Week1,Pleasant Valley,Week2,337.0 Little Rocky Run - 65.0 Pleasant Valley
Little Rocky Run,Week4,Woodley,Week1,333.0 Little Rocky Run - 69.0 Woodley
Long Branch,Week2,Ilda Community,Week2,236.0 Long Branch - 166.0 Ilda Community
Long Branch,Week5,Sleepy Hollow B & R,Week5,282.0 Sleepy Hollow B & R - 120.0 Long Branch
Little Rocky Run,Week3,Pleasant Valley,Week2,359.0 Little Rocky Run - 43.0 Pleasant Valley
Long Branch,Week1,Sleepy Hollow Rec,Week2,215.0 Long Branch - 187.0 Sleepy Hollow Rec
Little Rocky Run,Week4,Stratford,Week1,327.0 Little Rocky Run - 75.0 Stratford
Little Rocky Run,Week5,Kings Ridge ,Week3,331.0 Little Rocky Run - 71.0 Kings Ridge
Long Branch,Week5,Sleepy Hollow B & R,Week3,264.0 Sleepy Hollow B & R - 138.0 Long Branch
Little Rocky Run,Week3,Stratford,Week3,328.5 Little Rocky Run - 73.5 Stratford
Little Rocky Run,Week2,Woodley,Week4,330.0 Little Rocky Run - 72.0 Woodley
Little Rocky Run,Week4,Kings Ridge ,Week4,325.5 Little Rocky Run - 76.5 Kings Ridge
Long Branch,Week3,McLean,Week5,328.0 McLean - 74.0 Long Branch
Little Rocky Run,Week4,Pleasant Valley,Week3,333.0 Little Rocky Run - 69.0 Pleasant Valley
Long Branch,Week4,Ilda Community,Week2,233.0 Long Branch - 169.0 Ilda Community
Little Rocky Run,Week4,Woodley,Week4,335.0 Little Rocky Run - 67.0 Woodley
Long Branch,Week1,Kent Gardens,Week5,263.0 Kent Gardens - 139.0 Long Branch
Long Branch,Week5,Ilda Community,Week2,234.0 Long Branch - 168.0 Ilda Community
Long Branch,Week3,McLean,Week2,312.0 McLean - 90.0 Long Branch
Little Rocky Run,Week1,Sully Station,Week2,205.0 Little Rocky Run - 197.0 Sully Station
Little Rocky Run,Week3,Kings Ridge ,Week3,328.0 Little Rocky Run - 74.0 Kings Ridge
Long Branch,Week2,Sleepy Hollow Rec,Week2,224.0 Long Branch - 178.0 Sleepy Hollow Rec
Long Branch,Week4,McLean,Week1,310.0 McLean - 92.0 Long Branch
Long Branch,Week1,Sleepy Hollow Rec,Week3,209.0 Long Branch - 193.0 Sleepy Hollow Rec
Little Rocky Run,Week1,Woodley,Week3,324.0 Little Rocky Run - 78.0 Woodley
Little Rocky Run,Week1,Sully Station,Week4,208.0 Little Rocky Run - 194.0 Sully Station
Long Branch,Week1,Ilda Community,Week5,217.0 Long Branch - 179.0 Ilda Community
Little Rocky Run,Week1,Kings Ridge ,Week5,305.0 Little Rocky Run - 97.0 Kings Ridge
Little Rocky Run,Week2,Sully Station,Week3,204.0 Sully Station - 198.0 Little Rocky Run
Long Branch,Week1,Sleepy Hollow Rec,Week5,217.0 Long Branch - 185.0 Sleepy Hollow Rec
Long Branch,Week4,Ilda Community,Week1,238.0 Long Branch - 163.0 Ilda Community
Little Rocky Run,Week2,Poplar Tree,Week1,205.0 Poplar Tree - 197.0 Little Rocky Run
Little Rocky Run,Week4,Stratford,Week3,311.0 Little Rocky Run - 91.0 Stratford
Little Rocky Run,Week3,Woodley,Week4,338.0 Little Rocky Run - 64.0 Woodley
Little Rocky Run,Week3,Sully Station,Week4,209.0 Little Rocky Run - 193.0 Sully Station
Little Rocky Run,Week3,Sully Station,Week3,225.0 Little Rocky Run - 177.0 Sully Station
Long Branch,Week5,McLean,Week1,308.0 McLean - 94.0 Long Branch
Little Rocky Run,Week3,Sully Station,Week5,208.0 Sully Station - 194.0 Little Rocky Run
Long Branch,Week4,McLean,Week3,301.0 McLean - 101.0 Long Branch
Little Rocky Run,Week2,Kings Ridge ,Week4,312.0 Little Rocky Run - 90.0 Kings Ridge
Long Branch,Week1,Annandale,Week1,245.0 Long Branch - 152.0 Annandale
Little Rocky Run,Week4,Waynewood,Week4,229.0 Little Rocky Run - 173.0 Waynewood
Little Rocky Run,Week1,Poplar Tree,Week4,233.0 Little Rocky Run - 169.0 Poplar Tree
Long Branch,Week3,Ilda Community,Week3,221.0 Long Branch - 181.0 Ilda Community
Little Rocky Run,Week5,Poplar Heights,Week4,254.0 Little Rocky Run - 148.0 Poplar Heights
Long Branch,Week3,McLean,Week3,311.0 McLean - 90.0 Long Branch
Little Rocky Run,Week2,Poplar Tree,Week4,215.0 Little Rocky Run - 187.0 Poplar Tree
Long Branch,Week4,Ilda Community,Week5,230.0 Long Branch - 171.0 Ilda Community
Little Rocky Run,Week4,Kings Ridge ,Week1,330.0 Little Rocky Run - 72.0 Kings Ridge
Long Branch,Week2,Ilda Community,Week5,233.0 Long Branch - 167.0 Ilda Community
Long Branch,Week2,Sleepy Hollow Rec,Week3,204.0 Long Branch - 198.0 Sleepy Hollow Rec
Long Branch,Week2,Sleepy Hollow Rec,Week5,230.0 Long Branch - 172.0 Sleepy Hollow Rec
Little Rocky Run,Week1,Woodley,Week5,308.0 Little Rocky Run - 89.0 Woodley
Long Branch,Week2,Sleepy Hollow Rec,Week1,218.0 Long Branch - 184.0 Sleepy Hollow Rec
Long Branch,Week4,McLean,Week4,301.0 McLean - 101.0 Long Branch
Little Rocky Run,Week5,Kings Ridge ,Week5,326.0 Little Rocky Run - 76.0 Kings Ridge
Little Rocky Run,Week5,Kings Ridge ,Week2,337.0 Little Rocky Run - 65.0 Kings Ridge
Little Rocky Run,Week1,Kings Ridge ,Week4,316.0 Little Rocky Run - 86.0 Kings Ridge
Long Branch,Week2,Annandale,Week2,249.0 Long Branch - 153.0 Annandale
Little Rocky Run,Week5,Waynewood,Week4,253.0 Little Rocky Run - 149.0 Waynewood
Long Branch,Week3,Sleepy Hollow Rec,Week1,205.0 Long Branch - 197.0 Sleepy Hollow Rec
Long Branch,Week1,Annandale,Week4,234.5 Long Branch - 167.5 Annandale
Little Rocky Run,Week2,Poplar Heights,Week4,217.5 Little Rocky Run - 184.5 Poplar Heights
Little Rocky Run,Week5,Woodley,Week4,351.0 Little Rocky Run - 51.0 Woodley
Little Rocky Run,Week1,Lake Braddock,Week1,349.0 Little Rocky Run - 53.0 Lake Braddock
Long Branch,Week3,Sleepy Hollow Rec,Week2,206.0 Long Branch - 196.0 Sleepy Hollow Rec
Little Rocky Run,Week2,Sully Station,Week5,216.0 Sully Station - 186.0 Little Rocky Run
Long Branch,Week2,McLean,Week4,302.0 McLean - 100.0 Long Branch
Long Branch,Week4,McLean,Week5,317.0 McLean - 85.0 Long Branch
Long Branch,Week3,Sleepy Hollow Rec,Week4,223.0 Long Branch - 179.0 Sleepy Hollow Rec
Little Rocky Run,Week2,Kings Ridge ,Week1,321.0 Little Rocky Run - 81.0 Kings Ridge
Long Branch,Week1,Ilda Community,Week4,204.0 Long Branch - 197.0 Ilda Community
Long Branch,Week3,McLean,Week4,310.0 McLean - 92.0 Long Branch
Little Rocky Run,Week3,Sully Station,Week2,227.0 Little Rocky Run - 175.0 Sully Station
Long Branch,Week3,Ilda Community,Week2,210.0 Long Branch - 192.0 Ilda Community
Little Rocky Run,Week2,Stratford,Week1,323.0 Little Rocky Run - 79.0 Stratford
Little Rocky Run,Week3,Poplar Heights,Week1,255.5 Little Rocky Run - 146.5 Poplar Heights
Long Branch,Week3,Ilda Community,Week1,213.0 Long Branch - 189.0 Ilda Community
Little Rocky Run,Week1,Poplar Tree,Week2,222.0 Little Rocky Run - 180.0 Poplar Tree
Long Branch,Week4,McLean,Week2,309.0 McLean - 93.0 Long Branch
Little Rocky Run,Week4,Poplar Heights,Week1,247.0 Little Rocky Run - 155.0 Poplar Heights
Little Rocky Run,Week5,Stratford,Week4,332.0 Little Rocky Run - 70.0 Stratford
Little Rocky Run,Week4,Woodley,Week3,342.0 Little Rocky Run - 60.0 Woodley
Long Branch,Week1,Kent Gardens,Week1,236.0 Kent Gardens - 166.0 Long Branch
Little Rocky Run,Week5,Waynewood,Week1,254.0 Little Rocky Run - 148.0 Waynewood
Long Branch,Week4,Sleepy Hollow Rec,Week1,228.0 Long Branch - 174.0 Sleepy Hollow Rec
Long Branch,Week3,Sleepy Hollow Rec,Week5,204.0 Long Branch - 198.0 Sleepy Hollow Rec
Little Rocky Run,Week5,Kent Gardens,Week5,255.0 Little Rocky Run - 147.0 Kent Gardens
Little Rocky Run,Week1,Poplar Heights,Week4,244.0 Little Rocky Run - 158.0 Poplar Heights
Little Rocky Run,Week5,Stratford,Week2,341.0 Little Rocky Run - 56.0 Stratford
Little Rocky Run,Week2,Poplar Tree,Week2,217.0 Little Rocky Run - 185.0 Poplar Tree
Long Branch,Week5,Ilda Community,Week5,239.0 Long Branch - 162.0 Ilda Community
Little Rocky Run,Week2,Stratford,Week4,308.0 Little Rocky Run - 94.0 Stratford
Little Rocky Run,Week2,Poplar Heights,Week1,232.0 Little Rocky Run - 170.0 Poplar Heights
Little Rocky Run,Week2,Kings Ridge ,Week5,313.0 Little Rocky Run - 89.0 Kings Ridge
Long Branch,Week4,Ilda Community,Week3,231.0 Long Branch - 171.0 Ilda Community
Little Rocky Run,Week1,Kings Ridge ,Week1,321.0 Little Rocky Run - 81.0 Kings Ridge
Little Rocky Run,Week3,Poplar Heights,Week3,246.0 Little Rocky Run - 156.0 Poplar Heights
Long Branch,Week2,Sleepy Hollow Rec,Week4,231.0 Long Branch - 171.0 Sleepy Hollow Rec
Little Rocky Run,Week1,Sully Station,Week5,213.0 Sully Station - 189.0 Little Rocky Run
Little Rocky Run,Week3,Kings Ridge ,Week1,342.0 Little Rocky Run - 60.0 Kings Ridge
Little Rocky Run,Week2,Poplar Heights,Week2,233.0 Little Rocky Run - 169.0 Poplar Heights
Long Branch,Week5,Ilda Community,Week1,232.0 Long Branch - 170.0 Ilda Community
Little Rocky Run,Week3,Stratford,Week5,334.0 Little Rocky Run - 68.0 Stratford
Little Rocky Run,Week1,Woodley,Week4,322.0 Little Rocky Run - 80.0 Woodley
Little Rocky Run,Week2,Woodley,Week1,324.0 Little Rocky Run - 78.0 Woodley
Little Rocky Run,Week2,Stratford,Week5,313.0 Little Rocky Run - 89.0 Stratford
Little Rocky Run,Week3,Kings Ridge ,Week5,327.0 Little Rocky Run - 75.0 Kings Ridge
Long Branch,Week4,Sleepy Hollow Rec,Week2,229.0 Long Branch - 173.0 Sleepy Hollow Rec
Little Rocky Run,Week4,Woodley,Week5,321.5 Little Rocky Run - 80.5 Woodley
Little Rocky Run,Week4,Kings Ridge ,Week3,330.0 Little Rocky Run - 72.0 Kings Ridge
Long Branch,Week4,Ilda Community,Week4,203.0 Long Branch - 199.0 Ilda Community
Long Branch,Week3,Ilda Community,Week4,204.0 Long Branch - 198.0 Ilda Community
Little Rocky Run,Week3,Woodley,Week1,330.0 Little Rocky Run - 72.0 Woodley
Little Rocky Run,Week2,Kings Ridge ,Week3,318.0 Little Rocky Run - 84.0 Kings Ridge
Long Branch,Week3,Sleepy Hollow Rec,Week3,216.0 Sleepy Hollow Rec - 186.0 Long Branch
Long Branch,Week2,Ilda Community,Week1,223.0 Long Branch - 178.0 Ilda Community
Long Branch,Week1,Sleepy Hollow Rec,Week4,215.0 Long Branch - 187.0 Sleepy Hollow Rec
Little Rocky Run,Week2,Sully Station,Week2,210.0 Little Rocky Run - 192.0 Sully Station
Little Rocky Run,Week4,Poplar Heights,Week5,242.0 Little Rocky Run - 160.0 Poplar Heights
Little Rocky Run,Week5,Poplar Heights,Week2,239.0 Little Rocky Run - 163.0 Poplar Heights
Little Rocky Run,Week2,Lake Braddock,Week3,329.0 Little Rocky Run - 73.0 Lake Braddock
Little Rocky Run,Week4,Stratford,Week4,321.0 Little Rocky Run - 81.0 Stratford
Little Rocky Run,Week4,Stratford,Week2,336.0 Little Rocky Run - 66.0 Stratford
Little Rocky Run,Week5,Stratford,Week1,342.0 Little Rocky Run - 60.0 Stratford
Little Rocky Run,Week5,Waynewood,Week2,238.0 Little Rocky Run - 164.0 Waynewood
Long Branch,Week5,Ilda Community,Week4,227.0 Long Branch - 175.0 Ilda Community
Long Branch,Week3,Ilda Community,Week5,220.0 Long Branch - 182.0 Ilda Community
Little Rocky Run,Week5,Waynewood,Week3,220.5 Little Rocky Run - 181.5 Waynewood
Little Rocky Run,Week1,Woodley,Week2,319.0 Little Rocky Run - 83.0 Woodley
Little Rocky Run,Week3,Woodley,Week5,325.0 Little Rocky Run - 77.0 Woodley
Little Rocky Run,Week5,Waynewood,Week5,230.0 Little Rocky Run - 172.0 Waynewood
Little Rocky Run,Week3,Cottontail,Week2,305.0 Little Rocky Run - 97.0 Cottontail
Little Rocky Run,Week3,Stratford,Week2,340.0 Little Rocky Run - 62.0 Stratford
Long Branch,Week2,Kent Gardens,Week4,214.0 Kent Gardens - 188.0 Long Branch
Little Rocky Run,Week5,Lake Braddock,Week3,356.0 Little Rocky Run - 46.0 Lake Braddock
Little Rocky Run,Week5,Kings Ridge ,Week1,349.0 Little Rocky Run - 53.0 Kings Ridge
Little Rocky Run,Week1,Lake Braddock,Week5,319.0 Little Rocky Run - 83.0 Lake Braddock
Long Branch,Week2,Ilda Community,Week3,239.0 Long Branch - 163.0 Ilda Community
Little Rocky Run,Week5,Poplar Heights,Week1,264.0 Little Rocky Run - 138.0 Poplar Heights
Little Rocky Run,Week2,Poplar Heights,Week3,224.0 Little Rocky Run - 178.0 Poplar Heights
Long Branch,Week2,Kent Gardens,Week2,233.0 Kent Gardens - 169.0 Long Branch
Little Rocky Run,Week3,Woodley,Week3,351.0 Little Rocky Run - 51.0 Woodley
Little Rocky Run,Week4,Stratford,Week5,329.0 Little Rocky Run - 73.0 Stratford
Little Rocky Run,Week4,Poplar Heights,Week3,246.5 Little Rocky Run - 155.5 Poplar Heights
Little Rocky Run,Week3,Poplar Heights,Week4,239.0 Little Rocky Run - 163.0 Poplar Heights
Little Rocky Run,Week1,Lake Braddock,Week2,330.0 Little Rocky Run - 72.0 Lake Braddock
Little Rocky Run,Week2,Woodley,Week5,315.0 Little Rocky Run - 87.0 Woodley
Little Rocky Run,Week4,Woodley,Week2,331.0 Little Rocky Run - 71.0 Woodley
Little Rocky Run,Week2,Woodley,Week2,322.0 Little Rocky Run - 80.0 Woodley
Little Rocky Run,Week2,Poplar Heights,Week5,214.0 Little Rocky Run - 188.0 Poplar Heights
Long Branch,Week4,Sleepy Hollow Rec,Week3,210.0 Long Branch - 192.0 Sleepy Hollow Rec
Little Rocky Run,Week1,Lake Braddock,Week3,323.0 Little Rocky Run - 79.0 Lake Braddock
Little Rocky Run,Week4,Poplar Heights,Week4,242.5 Little Rocky Run - 159.5 Poplar Heights
Little Rocky Run,Week1,Woodley,Week1,319.0 Little Rocky Run - 83.0 Woodley
Little Rocky Run,Week3,Stratford,Week1,332.0 Little Rocky Run - 70.0 Stratford
Little Rocky Run,Week4,Poplar Heights,Week2,241.0 Little Rocky Run - 161.0 Poplar Heights
Little Rocky Run,Week3,Stratford,Week4,320.0 Little Rocky Run - 82.0 Stratford
Long Branch,Week4,Sleepy Hollow Rec,Week4,232.0 Long Branch - 170.0 Sleepy Hollow Rec
Long Branch,Week3,Kent Gardens,Week3,234.0 Kent Gardens - 168.0 Long Branch
Little Rocky Run,Week4,Kings Ridge ,Week2,335.0 Little Rocky Run - 67.0 Kings Ridge
Long Branch,Week5,Ilda Community,Week3,234.0 Long Branch - 168.0 Ilda Community
Long Branch,Week2,Kings Ridge ,Week5,229.0 Long Branch - 173.0 Kings Ridge
Little Rocky Run,Week2,Stratford,Week3,305.0 Little Rocky Run - 97.0 Stratford
Little Rocky Run,Week1,Sully Station,Week1,204.0 Sully Station - 198.0 Little Rocky Run
Little Rocky Run,Week4,Cottontail,Week2,298.0 Little Rocky Run - 104.0 Cottontail
Little Rocky Run,Week4,Lake Braddock,Week5,342.0 Little Rocky Run - 60.0 Lake Braddock
Long Branch,Week2,Ilda Community,Week4,210.0 Long Branch - 192.0 Ilda Community
Little Rocky Run,Week5,Stratford,Week5,337.0 Little Rocky Run - 65.0 Stratford
Little Rocky Run,Week3,Poplar Heights,Week5,243.0 Little Rocky Run - 159.0 Poplar Heights
Little Rocky Run,Week1,Springfield,Week5,380.0 Little Rocky Run - 17.0 Springfield
Little Rocky Run,Week2,Lake Braddock,Week2,332.0 Little Rocky Run - 70.0 Lake Braddock
Little Rocky Run,Week5,Poplar Heights,Week3,253.0 Little Rocky Run - 149.0 Poplar Heights
Long Branch,Week2,Kent Gardens,Week1,238.0 Kent Gardens - 164.0 Long Branch
Little Rocky Run,Week5,Poplar Heights,Week5,244.0 Little Rocky Run - 158.0 Poplar Heights
Little Rocky Run,Week4,Waynewood,Week5,213.0 Little Rocky Run - 189.0 Waynewood
Little Rocky Run,Week2,Lake Braddock,Week1,348.0 Little Rocky Run - 54.0 Lake Braddock
Little Rocky Run,Week1,Sully Station,Week3,203.0 Little Rocky Run - 199.0 Sully Station
Little Rocky Run,Week2,Sully Station,Week1,204.0 Little Rocky Run - 198.0 Sully Station
Long Branch,Week2,Kent Gardens,Week5,260.0 Kent Gardens - 142.0 Long Branch
Little Rocky Run,Week1,Poplar Tree,Week1,202.0 Poplar Tree - 200.0 Little Rocky Run
Little Rocky Run,Week5,Stratford,Week3,334.0 Little Rocky Run - 68.0 Stratford
Little Rocky Run,Week5,Woodley,Week1,339.0 Little Rocky Run - 63.0 Woodley
Little Rocky Run,Week5,Lake Braddock,Week5,351.0 Little Rocky Run - 51.0 Lake Braddock
Little Rocky Run,Week5,Woodley,Week3,351.0 Little Rocky Run - 51.0 Woodley
Little Rocky Run,Week3,Cottontail,Week5,299.0 Little Rocky Run - 103.0 Cottontail
Little Rocky Run,Week3,Poplar Heights,Week2,238.0 Little Rocky Run - 164.0 Poplar Heights
Little Rocky Run,Week1,Lakevale Estates,Week2,203.0 Lakevale Estates - 199.0 Little Rocky Run
Long Branch,Week3,Kings Ridge ,Week3,205.0 Long Branch - 197.0 Kings Ridge
Little Rocky Run,Week5,Lake Braddock,Week4,360.0 Little Rocky Run - 42.0 Lake Braddock
Little Rocky Run,Week5,Woodley,Week2,342.0 Little Rocky Run - 60.0 Woodley
Little Rocky Run,Week2,Sully Station,Week4,202.0 Sully Station - 200.0 Little Rocky Run
Long Branch,Week5,Kent Gardens,Week3,216.0 Kent Gardens - 186.0 Long Branch
Little Rocky Run,Week4,Cottontail,Week4,302.0 Little Rocky Run - 100.0 Cottontail
Little Rocky Run,Week1,Poplar Heights,Week5,223.0 Little Rocky Run - 179.0 Poplar Heights
Little Rocky Run,Week5,Cottontail,Week2,318.0 Little Rocky Run - 84.0 Cottontail
Little Rocky Run,Week1,Poplar Tree,Week3,220.0 Little Rocky Run - 182.0 Poplar Tree
Little Rocky Run,Week3,Sully Station,Week1,208.0 Little Rocky Run - 194.0 Sully Station
Little Rocky Run,Week2,Cottontail,Week3,298.0 Little Rocky Run - 104.0 Cottontail
Little Rocky Run,Week1,Cottontail,Week4,288.0 Little Rocky Run - 109.0 Cottontail
Little Rocky Run,Week1,Cottontail,Week5,282.0 Little Rocky Run - 120.0 Cottontail
Little Rocky Run,Week3,Sully Station II,Week4,272.0 Little Rocky Run - 130.0 Sully Station II
Little Rocky Run,Week5,Commonwealth,Week3,323.0 Little Rocky Run - 79.0 Commonwealth
Little Rocky Run,Week4,Sully Station II,Week1,243.0 Little Rocky Run - 159.0 Sully Station II
Long Branch,Week1,Annandale,Week3,231.0 Long Branch - 161.0 Annandale
Little Rocky Run,Week3,Lake Braddock,Week3,346.0 Little Rocky Run - 56.0 Lake Braddock
Little Rocky Run,Week2,Poplar Tree,Week3,204.0 Poplar Tree - 198.0 Little Rocky Run
Long Branch,Week4,Kent Gardens,Week4,227.0 Kent Gardens - 175.0 Long Branch
Little Rocky Run,Week1,Lakevale Estates,Week4,224.0 Lakevale Estates - 178.0 Little Rocky Run
Long Branch,Week4,Kent Gardens,Week3,226.0 Kent Gardens - 176.0 Long Branch
Little Rocky Run,Week2,Ravensworth Farm,Week4,235.0 Little Rocky Run - 167.0 Ravensworth Farm
Long Branch,Week3,Kent Gardens,Week4,230.0 Kent Gardens - 172.0 Long Branch
Long Branch,Week1,Annandale,Week2,239.0 Long Branch - 163.0 Annandale
Little Rocky Run,Week4,Lake Braddock,Week3,338.0 Little Rocky Run - 64.0 Lake Braddock
Little Rocky Run,Week2,Lakevale Estates,Week1,203.0 Little Rocky Run - 199.0 Lakevale Estates
Little Rocky Run,Week4,Sully Station II,Week3,205.0 Little Rocky Run - 197.0 Sully Station II
Little Rocky Run,Week1,Poplar Tree,Week5,214.0 Little Rocky Run - 188.0 Poplar Tree
Little Rocky Run,Week5,Woodley,Week5,337.0 Little Rocky Run - 65.0 Woodley
Long Branch,Week2,Kings Ridge ,Week2,250.0 Long Branch - 152.0 Kings Ridge
Long Branch,Week1,Annandale,Week5,233.0 Long Branch - 169.0 Annandale
Little Rocky Run,Week2,Ravensworth Farm,Week2,256.0 Little Rocky Run - 146.0 Ravensworth Farm
Little Rocky Run,Week4,Lake Braddock,Week2,348.0 Little Rocky Run - 54.0 Lake Braddock
Little Rocky Run,Week2,Lake Braddock,Week4,336.0 Little Rocky Run - 66.0 Lake Braddock
Long Branch,Week3,Annandale,Week5,225.0 Long Branch - 177.0 Annandale
Long Branch,Week2,Annandale,Week1,240.0 Long Branch - 162.0 Annandale
Little Rocky Run,Week3,Lake Braddock,Week1,361.0 Little Rocky Run - 41.0 Lake Braddock
Little Rocky Run,Week4,Lake Braddock,Week4,355.0 Little Rocky Run - 47.0 Lake Braddock
Little Rocky Run,Week3,Sully Station II,Week1,246.0 Little Rocky Run - 156.0 Sully Station II
Little Rocky Run,Week4,Sully Station,Week1,203.0 Little Rocky Run - 199.0 Sully Station
Long Branch,Week3,Annandale,Week1,228.0 Long Branch - 174.0 Annandale
Long Branch,Week1,Arlington Forest,Week2,244.0 Arlington Forest - 153.0 Long Branch
Little Rocky Run,Week3,Cottontail,Week4,316.0 Little Rocky Run - 86.0 Cottontail
Little Rocky Run,Week3,Cottontail,Week3,314.0 Little Rocky Run - 88.0 Cottontail
Little Rocky Run,Week2,Cottontail,Week2,281.0 Little Rocky Run - 121.0 Cottontail
Little Rocky Run,Week4,Sully Station II,Week5,210.0 Sully Station II - 192.0 Little Rocky Run
Long Branch,Week5,Kent Gardens,Week5,271.0 Kent Gardens - 131.0 Long Branch
Long Branch,Week1,Kings Ridge ,Week3,227.0 Long Branch - 171.0 Kings Ridge
Long Branch,Week4,Annandale,Week5,236.0 Long Branch - 166.0 Annandale
Long Branch,Week4,Kent Gardens,Week5,264.0 Kent Gardens - 138.0 Long Branch
Long Branch,Week1,Kings Ridge ,Week2,250.0 Long Branch - 152.0 Kings Ridge
Little Rocky Run,Week1,Cottontail,Week2,286.0 Little Rocky Run - 116.0 Cottontail
Little Rocky Run,Week4,Sully Station,Week3,222.0 Little Rocky Run - 180.0 Sully Station
Little Rocky Run,Week4,Lake Braddock,Week1,357.0 Little Rocky Run - 45.0 Lake Braddock
Little Rocky Run,Week5,Commonwealth,Week4,325.0 Little Rocky Run - 77.0 Commonwealth
Little Rocky Run,Week4,Commonwealth,Week5,296.0 Little Rocky Run - 106.0 Commonwealth
Long Branch,Week4,Kent Gardens,Week1,244.0 Kent Gardens - 158.0 Long Branch
Little Rocky Run,Week3,Poplar Tree,Week4,232.0 Little Rocky Run - 170.0 Poplar Tree
Long Branch,Week2,Kent Gardens,Week3,220.0 Kent Gardens - 182.0 Long Branch
Little Rocky Run,Week3,Ravensworth Farm,Week4,259.0 Little Rocky Run - 143.0 Ravensworth Farm
Long Branch,Week2,Kings Ridge ,Week3,234.0 Long Branch - 167.0 Kings Ridge
Little Rocky Run,Week4,Sully Station,Week5,208.0 Sully Station - 194.0 Little Rocky Run
Little Rocky Run,Week5,Poplar Tree,Week5,229.0 Little Rocky Run - 173.0 Poplar Tree
Little Rocky Run,Week3,Lake Braddock,Week2,347.0 Little Rocky Run - 55.0 Lake Braddock
Little Rocky Run,Week1,Camelot,Week3,269.0 Little Rocky Run - 133.0 Camelot
Little Rocky Run,Week1,Lakevale Estates,Week1,214.0 Little Rocky Run - 183.0 Lakevale Estates
Little Rocky Run,Week4,Commonwealth,Week2,311.5 Little Rocky Run - 90.5 Commonwealth
Little Rocky Run,Week5,Sully Station,Week3,236.5 Little Rocky Run - 165.5 Sully Station
Long Branch,Week3,Kent Gardens,Week1,249.0 Kent Gardens - 153.0 Long Branch
Little Rocky Run,Week1,Camelot,Week4,276.0 Little Rocky Run - 126.0 Camelot
Little Rocky Run,Week1,Ravensworth Farm,Week4,221.5 Little Rocky Run - 180.5 Ravensworth Farm
Long Branch,Week2,Annandale,Week5,230.0 Long Branch - 172.0 Annandale
Little Rocky Run,Week3,Ravensworth Farm,Week1,269.0 Little Rocky Run - 133.0 Ravensworth Farm
Little Rocky Run,Week3,Poplar Tree,Week2,246.0 Little Rocky Run - 156.0 Poplar Tree
Long Branch,Week5,Annandale,Week1,254.0 Long Branch - 148.0 Annandale
Long Branch,Week3,Annandale,Week4,229.0 Long Branch - 172.0 Annandale
Little Rocky Run,Week1,Sully Station II,Week1,236.0 Little Rocky Run - 166.0 Sully Station II
Little Rocky Run,Week5,Poplar Tree,Week1,236.0 Little Rocky Run - 166.0 Poplar Tree
Little Rocky Run,Week5,Sully Station,Week1,222.0 Little Rocky Run - 180.0 Sully Station
Little Rocky Run,Week2,Camelot,Week1,272.0 Little Rocky Run - 130.0 Camelot
Little Rocky Run,Week4,Poplar Tree,Week5,203.5 Little Rocky Run - 198.5 Poplar Tree
Long Branch,Week1,Kings Ridge ,Week4,221.0 Long Branch - 181.0 Kings Ridge
Little Rocky Run,Week5,Commonwealth,Week5,308.0 Little Rocky Run - 94.0 Commonwealth
Little Rocky Run,Week5,Lake Braddock,Week2,350.0 Little Rocky Run - 52.0 Lake Braddock
Little Rocky Run,Week2,Cottontail,Week1,273.0 Little Rocky Run - 129.0 Cottontail
Long Branch,Week4,Annandale,Week4,241.0 Long Branch - 161.0 Annandale
Long Branch,Week3,Kent Gardens,Week2,246.0 Kent Gardens - 156.0 Long Branch
Little Rocky Run,Week3,Burke Station,Week4,333.0 Little Rocky Run - 69.0 Burke Station
Little Rocky Run,Week3,Lake Braddock,Week4,355.0 Little Rocky Run - 47.0 Lake Braddock
Little Rocky Run,Week5,Lake Braddock,Week1,368.0 Little Rocky Run - 34.0 Lake Braddock
Little Rocky Run,Week2,Ravensworth Farm,Week1,235.0 Little Rocky Run - 167.0 Ravensworth Farm
Little Rocky Run,Week1,Lakevale Estates,Week3,210.0 Lakevale Estates - 187.0 Little Rocky Run
Little Rocky Run,Week3,Burke Station,Week5,321.0 Little Rocky Run - 81.0 Burke Station
Long Branch,Week5,Kent Gardens,Week4,211.0 Kent Gardens - 191.0 Long Branch
Long Branch,Week4,Annandale,Week1,250.0 Long Branch - 152.0 Annandale
Little Rocky Run,Week1,Sully Station II,Week3,211.5 Sully Station II - 190.5 Little Rocky Run
Long Branch,Week5,Kent Gardens,Week1,242.0 Kent Gardens - 160.0 Long Branch
Little Rocky Run,Week1,Lakevale Estates,Week5,230.0 Lakevale Estates - 172.0 Little Rocky Run
Little Rocky Run,Week2,Camelot,Week2,251.0 Little Rocky Run - 151.0 Camelot
Little Rocky Run,Week4,Commonwealth,Week3,322.0 Little Rocky Run - 80.0 Commonwealth
Little Rocky Run,Week1,Sully Station II,Week4,236.0 Little Rocky Run - 166.0 Sully Station II
Little Rocky Run,Week5,Burke Station,Week2,348.5 Little Rocky Run - 48.5 Burke Station
Little Rocky Run,Week3,Ravensworth Farm,Week5,245.0 Little Rocky Run - 157.0 Ravensworth Farm
Little Rocky Run,Week1,Cottontail,Week3,289.0 Little Rocky Run - 113.0 Cottontail
Long Branch,Week3,Annandale,Week2,233.0 Long Branch - 168.0 Annandale
Little Rocky Run,Week3,Poplar Tree,Week5,213.0 Little Rocky Run - 189.0 Poplar Tree
Little Rocky Run,Week4,Commonwealth,Week4,319.0 Little Rocky Run - 83.0 Commonwealth
Little Rocky Run,Week1,Sully Station II,Week2,206.0 Little Rocky Run - 196.0 Sully Station II
Little Rocky Run,Week2,Lake Braddock,Week5,332.0 Little Rocky Run - 70.0 Lake Braddock
Little Rocky Run,Week1,Cottontail,Week1,278.0 Little Rocky Run - 124.0 Cottontail
Little Rocky Run,Week3,Cottontail,Week1,293.0 Little Rocky Run - 109.0 Cottontail
Little Rocky Run,Week3,Lake Braddock,Week5,349.0 Little Rocky Run - 53.0 Lake Braddock
Long Branch,Week1,Arlington Forest,Week4,269.0 Arlington Forest - 133.0 Long Branch
Little Rocky Run,Week5,Poplar Tree,Week3,248.0 Little Rocky Run - 154.0 Poplar Tree
Long Branch,Week1,Kings Ridge ,Week1,221.0 Long Branch - 181.0 Kings Ridge
Little Rocky Run,Week1,Ravensworth Farm,Week3,225.0 Little Rocky Run - 177.0 Ravensworth Farm
Long Branch,Week4,Kent Gardens,Week2,220.0 Kent Gardens - 182.0 Long Branch
Little Rocky Run,Week2,Cottontail,Week5,270.0 Little Rocky Run - 132.0 Cottontail
Little Rocky Run,Week2,Sully Station II,Week5,228.0 Sully Station II - 174.0 Little Rocky Run
Little Rocky Run,Week2,Sully Station II,Week3,209.0 Sully Station II - 193.0 Little Rocky Run
Little Rocky Run,Week5,Burke Station,Week1,311.0 Little Rocky Run - 68.0 Burke Station
Little Rocky Run,Week4,Poplar Tree,Week1,224.0 Little Rocky Run - 178.0 Poplar Tree
Little Rocky Run,Week4,Poplar Tree,Week2,236.0 Little Rocky Run - 166.0 Poplar Tree
Long Branch,Week1,Arlington Forest,Week5,264.0 Arlington Forest - 133.0 Long Branch
Long Branch,Week5,Kent Gardens,Week2,236.0 Kent Gardens - 166.0 Long Branch
Little Rocky Run,Week2,Burke Station,Week5,316.0 Little Rocky Run - 86.0 Burke Station
Long Branch,Week1,Kings Ridge ,Week5,211.0 Long Branch - 191.0 Kings Ridge
Little Rocky Run,Week2,Camelot,Week3,276.0 Little Rocky Run - 126.0 Camelot
Little Rocky Run,Week2,Sully Station II,Week4,247.0 Little Rocky Run - 155.0 Sully Station II
Long Branch,Week1,Arlington Forest,Week3,225.0 Arlington Forest - 176.0 Long Branch
Little Rocky Run,Week2,Sully Station II,Week2,211.0 Little Rocky Run - 191.0 Sully Station II
Long Branch,Week4,Annandale,Week2,245.0 Long Branch - 157.0 Annandale
Little Rocky Run,Week2,Camelot,Week4,278.0 Little Rocky Run - 124.0 Camelot
Long Branch,Week2,Kings Ridge ,Week1,228.0 Long Branch - 174.0 Kings Ridge
Little Rocky Run,Week4,Cottontail,Week5,291.5 Little Rocky Run - 110.5 Cottontail
Long Branch,Week5,Annandale,Week5,252.0 Long Branch - 150.0 Annandale
Long Branch,Week2,Annandale,Week4,241.0 Long Branch - 161.0 Annandale
Little Rocky Run,Week4,Poplar Tree,Week4,243.0 Little Rocky Run - 159.0 Poplar Tree
Little Rocky Run,Week3,Sully Station II,Week2,236.5 Little Rocky Run - 165.5 Sully Station II
Little Rocky Run,Week2,Sully Station II,Week1,224.0 Little Rocky Run - 178.0 Sully Station II
Little Rocky Run,Week2,Cottontail,Week4,282.0 Little Rocky Run - 120.0 Cottontail
Little Rocky Run,Week1,Camelot,Week5,259.0 Little Rocky Run - 143.0 Camelot
Little Rocky Run,Week5,Poplar Tree,Week2,263.0 Little Rocky Run - 139.0 Poplar Tree
Long Branch,Week2,Lake Braddock,Week3,251.0 Long Branch - 151.0 Lake Braddock
Long Branch,Week2,Arlington Forest,Week1,233.0 Arlington Forest - 169.0 Long Branch
Little Rocky Run,Week4,Poplar Tree,Week3,238.0 Little Rocky Run - 164.0 Poplar Tree
Little Rocky Run,Week4,Cottontail,Week3,301.0 Little Rocky Run - 101.0 Cottontail
Long Branch,Week3,Kings Ridge ,Week1,211.0 Long Branch - 191.0 Kings Ridge
Little Rocky Run,Week3,Poplar Tree,Week3,236.0 Little Rocky Run - 166.0 Poplar Tree
Little Rocky Run,Week3,Poplar Tree,Week1,218.5 Little Rocky Run - 183.5 Poplar Tree
Long Branch,Week5,Annandale,Week2,269.0 Long Branch - 133.0 Annandale
Little Rocky Run,Week3,Burke Station,Week1,317.0 Little Rocky Run - 62.0 Burke Station
Little Rocky Run,Week3,Burke Station,Week3,328.0 Little Rocky Run - 69.0 Burke Station
Little Rocky Run,Week5,Cottontail,Week1,306.0 Little Rocky Run - 96.0 Cottontail
Little Rocky Run,Week5,Commonwealth,Week1,331.0 Little Rocky Run - 66.0 Commonwealth
Little Rocky Run,Week4,Burke Station,Week2,357.0 Little Rocky Run - 45.0 Burke Station
Long Branch,Week5,Annandale,Week4,258.0 Long Branch - 144.0 Annandale
Long Branch,Week2,Forest Hollow,Week2,261.0 Forest Hollow - 141.0 Long Branch
Little Rocky Run,Week4,Cottontail,Week1,290.0 Little Rocky Run - 112.0 Cottontail
Long Branch,Week1,Forest Hollow,Week2,260.0 Forest Hollow - 142.0 Long Branch
Long Branch,Week3,Kent Gardens,Week5,274.0 Kent Gardens - 128.0 Long Branch
Little Rocky Run,Week5,Poplar Tree,Week4,243.0 Little Rocky Run - 159.0 Poplar Tree
Little Rocky Run,Week5,Burke Station,Week3,332.0 Little Rocky Run - 60.0 Burke Station
Little Rocky Run,Week2,Poplar Tree,Week5,220.0 Poplar Tree - 182.0 Little Rocky Run
Long Branch,Week5,Annandale,Week3,234.0 Long Branch - 168.0 Annandale
Long Branch,Week1,Lake Braddock,Week1,271.0 Long Branch - 131.0 Lake Braddock
Little Rocky Run,Week4,Sully Station,Week2,229.5 Little Rocky Run - 172.5 Sully Station
Little Rocky Run,Week1,Sully Station II,Week5,222.5 Sully Station II - 179.5 Little Rocky Run
Long Branch,Week3,Kings Ridge ,Week2,230.0 Long Branch - 172.0 Kings Ridge
Little Rocky Run,Week3,Sully Station II,Week3,214.0 Little Rocky Run - 188.0 Sully Station II
Little Rocky Run,Week5,Sully Station,Week2,245.0 Little Rocky Run - 152.0 Sully Station
Long Branch,Week2,Arlington Forest,Week2,220.5 Arlington Forest - 181.5 Long Branch
Long Branch,Week1,Forest Hollow,Week4,261.0 Forest Hollow - 141.0 Long Branch
Little Rocky Run,Week5,Commonwealth,Week2,316.0 Little Rocky Run - 86.0 Commonwealth
Little Rocky Run,Week5,Sully Station,Week5,214.5 Little Rocky Run - 187.5 Sully Station
Little Rocky Run,Week5,Burke Station,Week4,341.0 Little Rocky Run - 56.0 Burke Station
Long Branch,Week2,Kings Ridge ,Week4,232.0 Long Branch - 170.0 Kings Ridge
Little Rocky Run,Week2,Ravensworth Farm,Week3,235.0 Little Rocky Run - 167.0 Ravensworth Farm
Little Rocky Run,Week4,Country Club Hills,Week5,281.0 Little Rocky Run - 121.0 Country Club Hills
Little Rocky Run,Week3,Country Club Hills,Week3,321.0 Little Rocky Run - 81.0 Country Club Hills
Little Rocky Run,Week1,Ravensworth Farm,Week1,242.0 Little Rocky Run - 160.0 Ravensworth Farm
Long Branch,Week2,Forest Hollow,Week5,288.0 Forest Hollow - 114.0 Long Branch
Little Rocky Run,Week4,Sully Station,Week4,205.0 Little Rocky Run - 197.0 Sully Station
Long Branch,Week5,Kings Ridge ,Week3,236.0 Long Branch - 166.0 Kings Ridge
Little Rocky Run,Week5,Sully Station,Week4,232.0 Little Rocky Run - 170.0 Sully Station
Long Branch,Week4,Annandale,Week3,233.0 Long Branch - 169.0 Annandale
Little Rocky Run,Week4,Burke Station,Week5,321.0 Little Rocky Run - 81.0 Burke Station
Little Rocky Run,Week2,Country Club Hills,Week5,259.0 Little Rocky Run - 143.0 Country Club Hills
Long Branch,Week2,Annandale,Week3,225.0 Long Branch - 177.0 Annandale
Long Branch,Week2,Fairfax Station,Week3,291.0 Fairfax Station - 111.0 Long Branch
Little Rocky Run,Week3,Sully Station II,Week5,201.0 Little Rocky Run - 201.0 Sully Station II
Long Branch,Week3,Fairfax Station,Week5,298.0 Fairfax Station - 104.0 Long Branch
Long Branch,Week1,Arlington Forest,Week1,255.0 Arlington Forest - 142.0 Long Branch
Long Branch,Week1,Lake Braddock,Week2,245.0 Long Branch - 157.0 Lake Braddock
Long Branch,Week3,Annandale,Week3,220.0 Long Branch - 182.0 Annandale
Little Rocky Run,Week3,Burke Station,Week2,348.0 Little Rocky Run - 54.0 Burke Station
Little Rocky Run,Week1,Ravensworth Farm,Week5,219.0 Little Rocky Run - 183.0 Ravensworth Farm
Little Rocky Run,Week1,Ravensworth Farm,Week2,260.0 Little Rocky Run - 142.0 Ravensworth Farm
Little Rocky Run,Week4,Country Club Hills,Week3,315.5 Little Rocky Run - 86.5 Country Club Hills
Little Rocky Run,Week5,Burke Station,Week5,334.0 Little Rocky Run - 63.0 Burke Station
Little Rocky Run,Week2,Burke Station,Week4,340.5 Little Rocky Run - 61.5 Burke Station
Long Branch,Week4,Lake Braddock,Week2,262.0 Long Branch - 140.0 Lake Braddock
Little Rocky Run,Week3,Ravensworth Farm,Week3,247.0 Little Rocky Run - 155.0 Ravensworth Farm
Long Branch,Week2,Fairfax Station,Week1,263.0 Fairfax Station - 139.0 Long Branch
Long Branch,Week4,Arlington Forest,Week4,266.0 Arlington Forest - 136.0 Long Branch
Long Branch,Week4,Arlington Forest,Week3,221.0 Arlington Forest - 181.0 Long Branch
Little Rocky Run,Week1,Country Club Hills,Week2,292.0 Little Rocky Run - 110.0 Country Club Hills
Long Branch,Week1,Lake Braddock,Week5,249.0 Long Branch - 153.0 Lake Braddock
Long Branch,Week4,Lake Braddock,Week4,264.0 Long Branch - 138.0 Lake Braddock
Little Rocky Run,Week4,Sully Station II,Week2,226.5 Little Rocky Run - 175.5 Sully Station II
Long Branch,Week4,Kings Ridge ,Week1,256.0 Long Branch - 146.0 Kings Ridge
Little Rocky Run,Week4,Burke Station,Week3,334.0 Little Rocky Run - 62.0 Burke Station
Little Rocky Run,Week2,Ravensworth Farm,Week5,214.0 Little Rocky Run - 188.0 Ravensworth Farm
Little Rocky Run,Week4,Sully Station II,Week4,255.0 Little Rocky Run - 147.0 Sully Station II
Little Rocky Run,Week5,Sully Station II,Week3,226.0 Little Rocky Run - 176.0 Sully Station II
Little Rocky Run,Week1,Crosspointe,Week3,207.0 Crosspointe - 195.0 Little Rocky Run
Little Rocky Run,Week3,Ravensworth Farm,Week2,282.0 Little Rocky Run - 120.0 Ravensworth Farm
Little Rocky Run,Week1,Camelot,Week1,273.0 Little Rocky Run - 129.0 Camelot
Long Branch,Week2,Lake Braddock,Week5,230.0 Long Branch - 172.0 Lake Braddock
Little Rocky Run,Week1,Camelot,Week2,265.0 Little Rocky Run - 137.0 Camelot
Little Rocky Run,Week4,Burke Station,Week1,314.0 Little Rocky Run - 65.0 Burke Station
Little Rocky Run,Week5,Sully Station II,Week4,273.0 Little Rocky Run - 129.0 Sully Station II
Little Rocky Run,Week5,Country Club Hills,Week3,321.0 Little Rocky Run - 81.0 Country Club Hills
Little Rocky Run,Week5,Cottontail,Week4,310.0 Little Rocky Run - 92.0 Cottontail
Little Rocky Run,Week5,Sully Station II,Week2,240.0 Little Rocky Run - 162.0 Sully Station II
Long Branch,Week4,Fairfax Station,Week4,291.5 Fairfax Station - 110.5 Long Branch
Little Rocky Run,Week4,Ravensworth Farm,Week1,254.0 Little Rocky Run - 148.0 Ravensworth Farm
Long Branch,Week3,Kings Ridge ,Week5,202.0 Long Branch - 200.0 Kings Ridge
Long Branch,Week4,Arlington Forest,Week1,257.0 Arlington Forest - 145.0 Long Branch
Long Branch,Week5,Arlington Forest,Week5,260.0 Arlington Forest - 142.0 Long Branch
Long Branch,Week5,Fairfax Station,Week3,295.0 Fairfax Station - 107.0 Long Branch
Long Branch,Week3,Fairfax Station,Week4,276.0 Fairfax Station - 126.0 Long Branch
Long Branch,Week2,Forest Hollow,Week1,261.0 Forest Hollow - 141.0 Long Branch
Little Rocky Run,Week4,Riverside Gardens,Week3,210.0 Little Rocky Run - 192.0 Riverside Gardens
Little Rocky Run,Week4,Ravensworth Farm,Week2,273.0 Little Rocky Run - 129.0 Ravensworth Farm
Little Rocky Run,Week1,Crosspointe,Week5,245.0 Crosspointe - 157.0 Little Rocky Run
Long Branch,Week5,Arlington Forest,Week2,233.0 Arlington Forest - 169.0 Long Branch
Long Branch,Week2,Fairfax Station,Week4,273.0 Fairfax Station - 129.0 Long Branch
Long Branch,Week3,Lake Braddock,Week4,235.0 Long Branch - 167.0 Lake Braddock
Little Rocky Run,Week5,Ravensworth Farm,Week5,251.0 Little Rocky Run - 151.0 Ravensworth Farm
Long Branch,Week5,Arlington Forest,Week1,247.0 Arlington Forest - 155.0 Long Branch
Long Branch,Week5,Fairfax Station,Week5,291.0 Fairfax Station - 111.0 Long Branch
Little Rocky Run,Week1,Country Club Hills,Week5,279.0 Little Rocky Run - 123.0 Country Club Hills
Little Rocky Run,Week1,Crosspointe,Week2,212.0 Little Rocky Run - 190.0 Crosspointe
Little Rocky Run,Week4,Burke Station,Week4,347.0 Little Rocky Run - 55.0 Burke Station
Long Branch,Week3,Lake Braddock,Week3,229.0 Long Branch - 172.0 Lake Braddock
Little Rocky Run,Week1,Truro,Week2,329.0 Little Rocky Run - 73.0 Truro
Little Rocky Run,Week1,Crosspointe,Week4,202.0 Crosspointe - 200.0 Little Rocky Run
Long Branch,Week2,Lake Braddock,Week4,255.0 Long Branch - 147.0 Lake Braddock
Long Branch,Week4,Kings Ridge ,Week2,253.0 Long Branch - 149.0 Kings Ridge
Little Rocky Run,Week4,Country Club Hills,Week1,303.0 Little Rocky Run - 99.0 Country Club Hills
Long Branch,Week2,Fairfax Station,Week2,270.0 Fairfax Station - 132.0 Long Branch
Long Branch,Week5,Fairfax Station,Week2,278.0 Fairfax Station - 124.0 Long Branch
Long Branch,Week4,Fairfax Station,Week2,296.5 Fairfax Station - 105.5 Long Branch
Long Branch,Week4,Brandywine,Week1,216.0 Brandywine - 186.0 Long Branch
Little Rocky Run,Week5,Ravensworth Farm,Week2,288.0 Little Rocky Run - 114.0 Ravensworth Farm
Long Branch,Week3,Arlington Forest,Week2,249.0 Arlington Forest - 153.0 Long Branch
Little Rocky Run,Week3,Riverside Gardens,Week3,217.0 Little Rocky Run - 185.0 Riverside Gardens
Little Rocky Run,Week1,Truro,Week4,299.0 Little Rocky Run - 103.0 Truro
Long Branch,Week4,Kings Ridge ,Week5,222.0 Long Branch - 180.0 Kings Ridge
Little Rocky Run,Week2,Truro,Week3,325.0 Little Rocky Run - 77.0 Truro
Little Rocky Run,Week1,Riverside Gardens,Week2,217.0 Little Rocky Run - 185.0 Riverside Gardens
Long Branch,Week5,Kings Ridge ,Week1,240.0 Long Branch - 162.0 Kings Ridge
Long Branch,Week2,Arlington Forest,Week4,263.5 Arlington Forest - 138.5 Long Branch
Little Rocky Run,Week3,Riverside Gardens,Week1,244.0 Little Rocky Run - 158.0 Riverside Gardens
Little Rocky Run,Week2,Truro,Week1,314.0 Little Rocky Run - 88.0 Truro
Little Rocky Run,Week1,Country Club Hills,Week3,286.0 Little Rocky Run - 116.0 Country Club Hills
Long Branch,Week3,Fairfax Station,Week1,288.0 Fairfax Station - 114.0 Long Branch
Long Branch,Week1,Lake Braddock,Week4,249.0 Long Branch - 153.0 Lake Braddock
Long Branch,Week2,Fairfax Station,Week5,286.0 Fairfax Station - 116.0 Long Branch
Long Branch,Week3,Brandywine,Week3,237.0 Brandywine - 165.0 Long Branch
Little Rocky Run,Week3,Country Club Hills,Week4,308.0 Little Rocky Run - 94.0 Country Club Hills
Little Rocky Run,Week5,Sully Station II,Week5,215.0 Little Rocky Run - 187.0 Sully Station II
Long Branch,Week2,Brandywine,Week5,256.0 Brandywine - 146.0 Long Branch
Little Rocky Run,Week1,Truro,Week3,320.0 Little Rocky Run - 82.0 Truro
Little Rocky Run,Week2,Truro,Week2,331.0 Little Rocky Run - 71.0 Truro
Little Rocky Run,Week3,Country Club Hills,Week1,308.0 Little Rocky Run - 94.0 Country Club Hills
Little Rocky Run,Week1,Rolling Forest,Week1,285.0 Little Rocky Run - 117.0 Rolling Forest
Long Branch,Week3,Arlington Forest,Week3,235.0 Arlington Forest - 167.0 Long Branch
Little Rocky Run,Week2,Country Club Hills,Week4,284.0 Little Rocky Run - 118.0 Country Club Hills
Long Branch,Week3,Fairfax Station,Week3,303.0 Fairfax Station - 99.0 Long Branch
Long Branch,Week4,Kings Ridge ,Week4,232.5 Long Branch - 169.5 Kings Ridge
Little Rocky Run,Week5,Cottontail,Week5,306.0 Little Rocky Run - 96.0 Cottontail
Little Rocky Run,Week5,Riverside Gardens,Week4,225.0 Little Rocky Run - 177.0 Riverside Gardens
Little Rocky Run,Week1,Truro,Week1,324.0 Little Rocky Run - 78.0 Truro
Long Branch,Week3,Kings Ridge ,Week4,204.0 Kings Ridge - 198.0 Long Branch
Long Branch,Week3,Lake Braddock,Week2,228.0 Long Branch - 174.0 Lake Braddock
Long Branch,Week4,Fairfax Station,Week1,288.0 Fairfax Station - 114.0 Long Branch
Little Rocky Run,Week5,Country Club Hills,Week4,316.0 Little Rocky Run - 86.0 Country Club Hills
Long Branch,Week1,Brandywine,Week1,226.0 Brandywine - 176.0 Long Branch
Little Rocky Run,Week2,Country Club Hills,Week1,290.0 Little Rocky Run - 112.0 Country Club Hills
Long Branch,Week3,Fairfax Station,Week2,294.0 Fairfax Station - 108.0 Long Branch
Little Rocky Run,Week2,Truro,Week4,299.0 Little Rocky Run - 103.0 Truro
Long Branch,Week2,Arlington Forest,Week3,215.0 Arlington Forest - 186.0 Long Branch
Little Rocky Run,Week4,Riverside Gardens,Week4,203.0 Riverside Gardens - 199.0 Little Rocky Run
Little Rocky Run,Week5,Sully Station II,Week1,255.0 Little Rocky Run - 147.0 Sully Station II
Little Rocky Run,Week1,Truro,Week5,320.0 Little Rocky Run - 82.0 Truro
Long Branch,Week4,Arlington Forest,Week2,243.5 Arlington Forest - 158.5 Long Branch
Long Branch,Week1,Lake Braddock,Week3,245.0 Long Branch - 157.0 Lake Braddock
Long Branch,Week4,Fairfax Station,Week3,305.0 Fairfax Station - 97.0 Long Branch
Little Rocky Run,Week5,Riverside Gardens,Week2,257.0 Little Rocky Run - 145.0 Riverside Gardens
Long Branch,Week1,Brandywine,Week3,228.0 Brandywine - 169.0 Long Branch
Little Rocky Run,Week2,Riverside Gardens,Week1,221.0 Little Rocky Run - 181.0 Riverside Gardens
Long Branch,Week5,Arlington Forest,Week3,214.0 Arlington Forest - 187.0 Long Branch
Long Branch,Week1,Fairfax Station,Week5,301.0 Fairfax Station - 101.0 Long Branch
Long Branch,Week4,Arlington Forest,Week5,269.0 Arlington Forest - 133.0 Long Branch
Long Branch,Week2,Lake Braddock,Week2,256.0 Long Branch - 146.0 Lake Braddock
Little Rocky Run,Week1,Country Club Hills,Week4,286.5 Little Rocky Run - 115.5 Country Club Hills
Little Rocky Run,Week4,Country Club Hills,Week2,309.0 Little Rocky Run - 93.0 Country Club Hills
Little Rocky Run,Week3,Truro,Week2,347.0 Little Rocky Run - 54.0 Truro
Long Branch,Week2,Brandywine,Week2,231.0 Brandywine - 171.0 Long Branch
Little Rocky Run,Week4,Ravensworth Farm,Week3,242.0 Little Rocky Run - 160.0 Ravensworth Farm
Long Branch,Week2,Lake Braddock,Week1,264.0 Long Branch - 138.0 Lake Braddock
Little Rocky Run,Week5,Cottontail,Week3,320.0 Little Rocky Run - 82.0 Cottontail
Little Rocky Run,Week5,Ravensworth Farm,Week4,260.0 Little Rocky Run - 142.0 Ravensworth Farm
Long Branch,Week2,Brandywine,Week1,218.0 Brandywine - 184.0 Long Branch
Long Branch,Week5,Kings Ridge ,Week5,234.0 Long Branch - 168.0 Kings Ridge
Little Rocky Run,Week2,Country Club Hills,Week3,301.0 Little Rocky Run - 101.0 Country Club Hills
Long Branch,Week5,Fairfax Station,Week4,271.0 Fairfax Station - 131.0 Long Branch
Little Rocky Run,Week3,Truro,Week1,337.0 Little Rocky Run - 65.0 Truro
Little Rocky Run,Week2,Truro,Week5,334.0 Little Rocky Run - 68.0 Truro
Little Rocky Run,Week4,Riverside Gardens,Week1,230.0 Little Rocky Run - 172.0 Riverside Gardens
Little Rocky Run,Week1,Rolling Forest,Week4,292.0 Little Rocky Run - 110.0 Rolling Forest
Long Branch,Week1,Brandywine,Week5,257.0 Brandywine - 145.0 Long Branch
Long Branch,Week4,Kings Ridge ,Week3,231.0 Long Branch - 170.0 Kings Ridge
Long Branch,Week5,Fairfax Station,Week1,270.0 Fairfax Station - 132.0 Long Branch
Long Branch,Week4,Fairfax Station,Week5,313.0 Fairfax Station - 89.0 Long Branch
Long Branch,Week1,Forest Hollow,Week1,269.0 Forest Hollow - 133.0 Long Branch
Little Rocky Run,Week2,Country Club Hills,Week2,302.0 Little Rocky Run - 100.0 Country Club Hills
Little Rocky Run,Week2,Riverside Gardens,Week3,208.0 Little Rocky Run - 194.0 Riverside Gardens
Long Branch,Week5,Kings Ridge ,Week4,241.0 Long Branch - 161.0 Kings Ridge
Long Branch,Week5,Kings Ridge ,Week2,260.0 Long Branch - 142.0 Kings Ridge
Long Branch,Week5,Forest Hollow,Week5,264.0 Forest Hollow - 138.0 Long Branch
Little Rocky Run,Week1,Riverside Gardens,Week3,207.0 Little Rocky Run - 195.0 Riverside Gardens
Long Branch,Week4,Lake Braddock,Week1,292.0 Long Branch - 110.0 Lake Braddock
Long Branch,Week3,Arlington Forest,Week4,284.0 Arlington Forest - 118.0 Long Branch
Long Branch,Week5,Lakevale Estates,Week4,290.0 Lakevale Estates - 112.0 Long Branch
Long Branch,Week3,Lake Braddock,Week1,251.0 Long Branch - 151.0 Lake Braddock
Long Branch,Week2,Arlington Forest,Week5,257.0 Arlington Forest - 145.0 Long Branch
Little Rocky Run,Week1,Country Club Hills,Week1,275.0 Little Rocky Run - 127.0 Country Club Hills
Little Rocky Run,Week5,Country Club Hills,Week5,308.0 Little Rocky Run - 94.0 Country Club Hills
Little Rocky Run,Week3,Riverside Gardens,Week4,205.0 Little Rocky Run - 197.0 Riverside Gardens
Little Rocky Run,Week3,Country Club Hills,Week2,322.0 Little Rocky Run - 80.0 Country Club Hills
Long Branch,Week1,Brandywine,Week4,246.0 Brandywine - 156.0 Long Branch
Little Rocky Run,Week5,Country Club Hills,Week1,319.0 Little Rocky Run - 83.0 Country Club Hills
Long Branch,Week1,Forest Hollow,Week3,270.0 Forest Hollow - 132.0 Long Branch
Long Branch,Week3,Arlington Forest,Week5,268.0 Arlington Forest - 134.0 Long Branch
Little Rocky Run,Week3,Country Club Hills,Week5,296.0 Little Rocky Run - 106.0 Country Club Hills
Little Rocky Run,Week4,Riverside Gardens,Week2,239.0 Little Rocky Run - 163.0 Riverside Gardens
Long Branch,Week3,Lake Braddock,Week5,226.0 Long Branch - 176.0 Lake Braddock
Long Branch,Week4,Forest Hollow,Week3,260.0 Forest Hollow - 142.0 Long Branch
Long Branch,Week3,Arlington Forest,Week1,261.0 Arlington Forest - 141.0 Long Branch
Little Rocky Run,Week2,Riverside Gardens,Week4,207.0 Riverside Gardens - 195.0 Little Rocky Run
Long Branch,Week5,Lake Braddock,Week2,257.0 Long Branch - 145.0 Lake Braddock
Little Rocky Run,Week4,Country Club Hills,Week4,304.0 Little Rocky Run - 98.0 Country Club Hills
Long Branch,Week2,Brandywine,Week3,231.5 Brandywine - 170.5 Long Branch
Little Rocky Run,Week5,Country Club Hills,Week2,328.0 Little Rocky Run - 74.0 Country Club Hills
Little Rocky Run,Week4,Ravensworth Farm,Week5,234.0 Little Rocky Run - 168.0 Ravensworth Farm
Long Branch,Week4,Lakevale Estates,Week3,287.0 Lakevale Estates - 115.0 Long Branch
Little Rocky Run,Week4,Ravensworth Farm,Week4,251.0 Little Rocky Run - 151.0 Ravensworth Farm
Long Branch,Week4,Forest Hollow,Week1,263.0 Forest Hollow - 139.0 Long Branch
Long Branch,Week2,Forest Hollow,Week3,269.0 Forest Hollow - 133.0 Long Branch
Long Branch,Week4,Forest Hollow,Week4,266.0 Forest Hollow - 136.0 Long Branch
Long Branch,Week1,Forest Hollow,Week5,278.0 Forest Hollow - 124.0 Long Branch
Little Rocky Run,Week5,Crosspointe,Week5,215.0 Crosspointe - 187.0 Little Rocky Run
Little Rocky Run,Week1,Riverside Gardens,Week1,202.0 Little Rocky Run - 200.0 Riverside Gardens
Long Branch,Week4,Lake Braddock,Week3,254.0 Long Branch - 148.0 Lake Braddock
Long Branch,Week2,Forest Hollow,Week4,281.0 Forest Hollow - 121.0 Long Branch
Long Branch,Week5,Forest Hollow,Week1,249.0 Forest Hollow - 153.0 Long Branch
Little Rocky Run,Week5,Ravensworth Farm,Week3,256.0 Little Rocky Run - 146.0 Ravensworth Farm
Long Branch,Week5,Arlington Forest,Week4,251.0 Arlington Forest - 151.0 Long Branch
Long Branch,Week5,Lakevale Estates,Week1,269.0 Lakevale Estates - 133.0 Long Branch
Little Rocky Run,Week1,Crosspointe,Week1,205.5 Crosspointe - 196.5 Little Rocky Run
Long Branch,Week2,Brandywine,Week4,234.5 Brandywine - 167.5 Long Branch
Little Rocky Run,Week2,Riverside Gardens,Week5,221.0 Riverside Gardens - 181.0 Little Rocky Run
Long Branch,Week1,Brandywine,Week2,238.0 Brandywine - 164.0 Long Branch
Little Rocky Run,Week4,Crosspointe,Week3,212.0 Crosspointe - 190.0 Little Rocky Run
Long Branch,Week2,Bren Mar-Edsall Park,Week4,314.0 Long Branch - 87.0 Bren Mar-Edsall Park
Little Rocky Run,Week1,Riverside Gardens,Week5,215.0 Riverside Gardens - 187.0 Little Rocky Run
Little Rocky Run,Week2,Crosspointe,Week1,223.0 Crosspointe - 179.0 Little Rocky Run
Long Branch,Week3,Brandywine,Week5,262.5 Brandywine - 139.5 Long Branch
Little Rocky Run,Week3,Crosspointe,Week5,242.5 Crosspointe - 159.5 Little Rocky Run
Long Branch,Week1,Lakevale Estates,Week4,301.0 Lakevale Estates - 101.0 Long Branch
Long Branch,Week3,Brandywine,Week1,235.0 Brandywine - 167.0 Long Branch
Long Branch,Week3,Forest Hollow,Week2,264.0 Forest Hollow - 138.0 Long Branch
Little Rocky Run,Week2,Crosspointe,Week5,243.0 Crosspointe - 159.0 Little Rocky Run
Long Branch,Week4,Lakevale Estates,Week2,280.0 Lakevale Estates - 122.0 Long Branch
Long Branch,Week3,Brandywine,Week2,250.0 Brandywine - 152.0 Long Branch
Little Rocky Run,Week2,Riverside Gardens,Week2,223.0 Little Rocky Run - 179.0 Riverside Gardens
Long Branch,Week4,Fox Hunt,Week1,227.0 Fox Hunt - 175.0 Long Branch
Long Branch,Week5,Forest Hollow,Week2,239.0 Forest Hollow - 163.0 Long Branch
Little Rocky Run,Week3,Riverside Gardens,Week2,248.0 Little Rocky Run - 154.0 Riverside Gardens
Long Branch,Week3,Brandywine,Week4,252.5 Brandywine - 149.5 Long Branch
Long Branch,Week3,Lakevale Estates,Week2,300.0 Lakevale Estates - 102.0 Long Branch
Long Branch,Week5,Lake Braddock,Week4,273.0 Long Branch - 129.0 Lake Braddock
Long Branch,Week1,Lakevale Estates,Week1,282.5 Lakevale Estates - 114.5 Long Branch
Long Branch,Week4,Fox Hunt,Week3,243.0 Fox Hunt - 159.0 Long Branch
Little Rocky Run,Week2,Crosspointe,Week2,202.0 Crosspointe - 200.0 Little Rocky Run
Little Rocky Run,Week1,Riverside Gardens,Week4,202.0 Riverside Gardens - 200.0 Little Rocky Run
Long Branch,Week2,Fox Hunt,Week5,256.0 Fox Hunt - 146.0 Long Branch
Little Rocky Run,Week5,Ravensworth Farm,Week1,271.0 Little Rocky Run - 131.0 Ravensworth Farm
Long Branch,Week5,Lakevale Estates,Week2,283.0 Lakevale Estates - 119.0 Long Branch
Long Branch,Week4,Lake Braddock,Week5,253.0 Long Branch - 149.0 Lake Braddock
Little Rocky Run,Week1,Rolling Forest,Week2,287.0 Little Rocky Run - 115.0 Rolling Forest
Long Branch,Week4,Forest Hollow,Week2,252.0 Forest Hollow - 150.0 Long Branch
Little Rocky Run,Week3,Crosspointe,Week3,208.0 Crosspointe - 194.0 Little Rocky Run
Long Branch,Week3,Bren Mar-Edsall Park,Week4,311.0 Long Branch - 90.0 Bren Mar-Edsall Park
Long Branch,Week1,Fox Hunt,Week1,230.0 Fox Hunt - 172.0 Long Branch
Long Branch,Week2,Lakevale Estates,Week5,308.0 Lakevale Estates - 94.0 Long Branch
Little Rocky Run,Week5,Crosspointe,Week2,226.0 Little Rocky Run - 176.0 Crosspointe
Long Branch,Week2,Lakevale Estates,Week3,296.0 Lakevale Estates - 106.0 Long Branch
Long Branch,Week4,Bren Mar-Edsall Park,Week4,335.0 Long Branch - 67.0 Bren Mar-Edsall Park
Little Rocky Run,Week5,Riverside Gardens,Week5,212.0 Little Rocky Run - 190.0 Riverside Gardens
Long Branch,Week1,Bren Mar-Edsall Park,Week2,327.0 Long Branch - 68.0 Bren Mar-Edsall Park
Little Rocky Run,Week4,Crosspointe,Week5,242.0 Crosspointe - 160.0 Little Rocky Run
Little Rocky Run,Week4,Crosspointe,Week4,202.0 Crosspointe - 200.0 Little Rocky Run
Long Branch,Week4,Lakevale Estates,Week4,307.0 Lakevale Estates - 95.0 Long Branch
Little Rocky Run,Week3,Riverside Gardens,Week5,205.0 Little Rocky Run - 197.0 Riverside Gardens
Long Branch,Week3,Bren Mar-Edsall Park,Week5,306.5 Long Branch - 94.5 Bren Mar-Edsall Park
Long Branch,Week2,Fox Hunt,Week1,225.0 Fox Hunt - 177.0 Long Branch
Long Branch,Week4,Brandywine,Week5,247.0 Brandywine - 155.0 Long Branch
Long Branch,Week3,Lakevale Estates,Week5,313.0 Lakevale Estates - 89.0 Long Branch
Little Rocky Run,Week5,Riverside Gardens,Week1,251.0 Little Rocky Run - 151.0 Riverside Gardens
Long Branch,Week1,Fox Hunt,Week3,245.0 Fox Hunt - 152.0 Long Branch
Long Branch,Week1,Fox Hunt,Week5,270.0 Fox Hunt - 132.0 Long Branch
Long Branch,Week3,Forest Hollow,Week3,278.0 Forest Hollow - 124.0 Long Branch
Long Branch,Week4,Brandywine,Week4,235.0 Brandywine - 167.0 Long Branch
Little Rocky Run,Week5,Riverside Gardens,Week3,230.0 Little Rocky Run - 172.0 Riverside Gardens
Long Branch,Week5,Lake Braddock,Week3,249.0 Long Branch - 153.0 Lake Braddock
Little Rocky Run,Week3,Crosspointe,Week2,217.0 Little Rocky Run - 185.0 Crosspointe
Little Rocky Run,Week4,Riverside Gardens,Week5,203.0 Riverside Gardens - 199.0 Little Rocky Run
Little Rocky Run,Week2,Crosspointe,Week3,223.0 Crosspointe - 179.0 Little Rocky Run
Long Branch,Week1,Lakevale Estates,Week3,280.0 Lakevale Estates - 112.0 Long Branch
Little Rocky Run,Week3,Rolling Forest,Week2,303.0 Little Rocky Run - 99.0 Rolling Forest
Little Rocky Run,Week2,Daventry,Week4,359.0 Little Rocky Run - 43.0 Daventry
Long Branch,Week5,Forest Hollow,Week4,251.0 Forest Hollow - 151.0 Long Branch
Little Rocky Run,Week1,Rolling Forest,Week3,266.0 Little Rocky Run - 136.0 Rolling Forest
Long Branch,Week1,Lakevale Estates,Week2,286.0 Lakevale Estates - 116.0 Long Branch
Long Branch,Week5,Forest Hollow,Week3,246.0 Forest Hollow - 156.0 Long Branch
Long Branch,Week1,Bren Mar-Edsall Park,Week3,317.0 Long Branch - 80.0 Bren Mar-Edsall Park
Little Rocky Run,Week2,Rolling Forest,Week1,276.0 Little Rocky Run - 126.0 Rolling Forest
Long Branch,Week3,Bren Mar-Edsall Park,Week2,329.0 Long Branch - 72.0 Bren Mar-Edsall Park
Long Branch,Week3,Bren Mar-Edsall Park,Week3,312.0 Long Branch - 90.0 Bren Mar-Edsall Park
Little Rocky Run,Week3,Rolling Forest,Week4,308.0 Little Rocky Run - 94.0 Rolling Forest
Long Branch,Week3,Lakevale Estates,Week3,290.0 Lakevale Estates - 112.0 Long Branch
Little Rocky Run,Week4,Crosspointe,Week1,210.0 Crosspointe - 192.0 Little Rocky Run
Long Branch,Week3,Fox Hunt,Week4,247.0 Fox Hunt - 155.0 Long Branch
Little Rocky Run,Week5,Daventry,Week2,365.0 Little Rocky Run - 37.0 Daventry
Little Rocky Run,Week1,Daventry,Week5,327.0 Little Rocky Run - 75.0 Daventry
Long Branch,Week5,Brandywine,Week2,235.0 Brandywine - 167.0 Long Branch
Long Branch,Week3,Forest Hollow,Week5,280.0 Forest Hollow - 122.0 Long Branch
Little Rocky Run,Week5,Crosspointe,Week3,206.0 Little Rocky Run - 196.0 Crosspointe
Long Branch,Week2,Lakevale Estates,Week4,306.0 Lakevale Estates - 96.0 Long Branch
Little Rocky Run,Week3,Rolling Forest,Week3,279.0 Little Rocky Run - 123.0 Rolling Forest
Little Rocky Run,Week2,Rolling Forest,Week5,269.0 Little Rocky Run - 133.0 Rolling Forest
Little Rocky Run,Week2,Rolling Forest,Week3,260.0 Little Rocky Run - 142.0 Rolling Forest
Long Branch,Week4,Bren Mar-Edsall Park,Week1,344.0 Long Branch - 58.0 Bren Mar-Edsall Park
Little Rocky Run,Week5,Crosspointe,Week4,219.0 Little Rocky Run - 183.0 Crosspointe
Long Branch,Week5,Bren Mar-Edsall Park,Week1,346.0 Long Branch - 55.0 Bren Mar-Edsall Park
Long Branch,Week2,Bren Mar-Edsall Park,Week2,327.0 Long Branch - 73.0 Bren Mar-Edsall Park
Long Branch,Week2,Lakevale Estates,Week1,284.0 Lakevale Estates - 118.0 Long Branch
Little Rocky Run,Week2,Rolling Forest,Week2,288.0 Little Rocky Run - 114.0 Rolling Forest
Long Branch,Week2,Fox Hunt,Week2,222.0 Fox Hunt - 180.0 Long Branch
Little Rocky Run,Week2,Rolling Forest,Week4,285.0 Little Rocky Run - 117.0 Rolling Forest
Long Branch,Week2,Fox Hunt,Week3,250.0 Fox Hunt - 152.0 Long Branch
Long Branch,Week1,Lakevale Estates,Week5,306.5 Lakevale Estates - 95.5 Long Branch
Little Rocky Run,Week3,Crosspointe,Week4,205.0 Crosspointe - 197.0 Little Rocky Run
Long Branch,Week4,Forest Hollow,Week5,280.0 Forest Hollow - 122.0 Long Branch
Long Branch,Week2,Bren Mar-Edsall Park,Week3,323.0 Long Branch - 79.0 Bren Mar-Edsall Park
Long Branch,Week1,Bren Mar-Edsall Park,Week4,308.0 Long Branch - 88.0 Bren Mar-Edsall Park
Long Branch,Week3,Fox Hunt,Week2,241.0 Fox Hunt - 160.0 Long Branch
Long Branch,Week2,Lakevale Estates,Week2,293.0 Lakevale Estates - 109.0 Long Branch
Little Rocky Run,Week4,Crosspointe,Week2,216.0 Little Rocky Run - 186.0 Crosspointe
Long Branch,Week3,Forest Hollow,Week1,273.0 Forest Hollow - 129.0 Long Branch
Long Branch,Week5,Lake Braddock,Week1,274.0 Long Branch - 128.0 Lake Braddock
Little Rocky Run,Week4,Daventry,Week3,354.0 Little Rocky Run - 48.0 Daventry
Little Rocky Run,Week3,Rolling Forest,Week5,289.0 Little Rocky Run - 113.0 Rolling Forest
Little Rocky Run,Week2,Crosspointe,Week4,218.0 Crosspointe - 184.0 Little Rocky Run
Little Rocky Run,Week2,Daventry,Week1,355.0 Little Rocky Run - 47.0 Daventry
Little Rocky Run,Week5,Crosspointe,Week1,202.0 Crosspointe - 200.0 Little Rocky Run
Little Rocky Run,Week1,Rolling Forest,Week5,273.0 Little Rocky Run - 129.0 Rolling Forest
Long Branch,Week3,Fox Hunt,Week1,241.0 Fox Hunt - 161.0 Long Branch
Long Branch,Week5,Lake Braddock,Week5,251.0 Long Branch - 151.0 Lake Braddock
Little Rocky Run,Week1,Daventry,Week2,344.0 Little Rocky Run - 58.0 Daventry
Little Rocky Run,Week4,Rolling Forest,Week2,299.0 Little Rocky Run - 103.0 Rolling Forest
Long Branch,Week5,Brandywine,Week5,252.0 Brandywine - 150.0 Long Branch
Long Branch,Week3,Forest Hollow,Week4,282.0 Forest Hollow - 120.0 Long Branch
Long Branch,Week5,Brandywine,Week1,210.0 Brandywine - 192.0 Long Branch
Long Branch,Week4,Lakevale Estates,Week5,317.0 Lakevale Estates - 85.0 Long Branch
Long Branch,Week1,Fox Hunt,Week2,231.0 Fox Hunt - 171.0 Long Branch
Little Rocky Run,Week1,Daventry,Week4,343.0 Little Rocky Run - 59.0 Daventry
Long Branch,Week1,Fox Hunt,Week4,245.0 Fox Hunt - 157.0 Long Branch
Long Branch,Week5,Lakevale Estates,Week3,271.0 Lakevale Estates - 131.0 Long Branch
Long Branch,Week4,Lakevale Estates,Week1,286.0 Lakevale Estates - 116.0 Long Branch
Long Branch,Week3,Lakevale Estates,Week1,288.0 Lakevale Estates - 114.0 Long Branch
Long Branch,Week3,Lakevale Estates,Week4,307.0 Lakevale Estates - 95.0 Long Branch
Long Branch,Week4,Brandywine,Week3,221.0 Brandywine - 181.0 Long Branch
Little Rocky Run,Week4,Rolling Forest,Week3,268.0 Little Rocky Run - 134.0 Rolling Forest
Long Branch,Week2,Bren Mar-Edsall Park,Week5,314.0 Long Branch - 83.0 Bren Mar-Edsall Park
Little Rocky Run,Week4,Rolling Forest,Week1,300.0 Little Rocky Run - 102.0 Rolling Forest
Long Branch,Week2,Fox Hunt,Week4,231.0 Fox Hunt - 171.0 Long Branch
Long Branch,Week1,Bren Mar-Edsall Park,Week1,327.0 Long Branch - 73.0 Bren Mar-Edsall Park
Long Branch,Week5,Fox Mill Estates,Week2,206.0 Long Branch - 196.0 Fox Mill Estates
Long Branch,Week3,Fox Hunt,Week3,262.0 Fox Hunt - 140.0 Long Branch
Long Branch,Week2,Bren Mar-Edsall Park,Week1,318.0 Long Branch - 83.0 Bren Mar-Edsall Park
Long Branch,Week4,Fox Hunt,Week2,231.0 Fox Hunt - 171.0 Long Branch
Little Rocky Run,Week3,Rolling Forest,Week1,300.0 Little Rocky Run - 102.0 Rolling Forest
Little Rocky Run,Week3,Daventry,Week3,356.0 Little Rocky Run - 46.0 Daventry
Little Rocky Run,Week3,Daventry,Week4,363.0 Little Rocky Run - 39.0 Daventry
Long Branch,Week4,Brandywine,Week2,215.0 Brandywine - 187.0 Long Branch
Long Branch,Week3,Fox Hunt,Week5,265.0 Fox Hunt - 137.0 Long Branch
Little Rocky Run,Week4,Daventry,Week2,361.0 Little Rocky Run - 41.0 Daventry
Little Rocky Run,Week3,Daventry,Week1,355.5 Little Rocky Run - 46.5 Daventry
Long Branch,Week1,Bren Mar-Edsall Park,Week5,313.0 Long Branch - 79.0 Bren Mar-Edsall Park
Little Rocky Run,Week3,Daventry,Week5,344.0 Little Rocky Run - 58.0 Daventry
Long Branch,Week5,Lakeview,Week2,284.0 Long Branch - 118.0 Lakeview
Little Rocky Run,Week4,Rolling Forest,Week5,278.0 Little Rocky Run - 124.0 Rolling Forest
Little Rocky Run,Week3,Crosspointe,Week1,210.0 Crosspointe - 192.0 Little Rocky Run
Long Branch,Week1,Langley,Week2,272.0 Langley - 130.0 Long Branch
Long Branch,Week5,Brandywine,Week3,222.0 Brandywine - 180.0 Long Branch
Long Branch,Week2,Fox Mill Estates,Week4,237.0 Fox Mill Estates - 165.0 Long Branch
Little Rocky Run,Week4,Rolling Forest,Week4,304.0 Little Rocky Run - 98.0 Rolling Forest
Little Rocky Run,Week4,Daventry,Week4,357.0 Little Rocky Run - 45.0 Daventry
Long Branch,Week1,Langley,Week5,279.0 Langley - 123.0 Long Branch
Long Branch,Week5,Lakeview,Week4,257.0 Long Branch - 145.0 Lakeview
Long Branch,Week2,Lakeview,Week4,224.0 Long Branch - 178.0 Lakeview
Long Branch,Week3,Bren Mar-Edsall Park,Week1,325.0 Long Branch - 75.0 Bren Mar-Edsall Park
Long Branch,Week4,Fox Hunt,Week4,237.0 Fox Hunt - 165.0 Long Branch
Long Branch,Week1,Lakeview,Week2,260.0 Long Branch - 142.0 Lakeview
Long Branch,Week4,Bren Mar-Edsall Park,Week2,359.0 Long Branch - 43.0 Bren Mar-Edsall Park
Long Branch,Week3,Fox Mill Estates,Week4,246.0 Fox Mill Estates - 156.0 Long Branch
Long Branch,Week5,Brandywine,Week4,237.0 Brandywine - 165.0 Long Branch
Long Branch,Week4,Bren Mar-Edsall Park,Week5,338.0 Long Branch - 64.0 Bren Mar-Edsall Park
Little Rocky Run,Week2,Daventry,Week5,324.0 Little Rocky Run - 78.0 Daventry
Long Branch,Week4,Lakeview,Week4,234.0 Long Branch - 168.0 Lakeview
Long Branch,Week1,Lakeview,Week3,235.0 Long Branch - 167.0 Lakeview
Long Branch,Week1,Brookfield ,Week5,228.0 Brookfield - 174.0 Long Branch
Little Rocky Run,Week1,Daventry,Week3,333.0 Little Rocky Run - 69.0 Daventry
Long Branch,Week4,Fox Mill Estates,Week5,204.0 Fox Mill Estates - 198.0 Long Branch
Long Branch,Week2,Lakeview,Week3,241.0 Long Branch - 161.0 Lakeview
Long Branch,Week3,Fox Mill Estates,Week3,234.0 Fox Mill Estates - 168.0 Long Branch
Long Branch,Week3,Fox Mill Estates,Week5,235.0 Fox Mill Estates - 167.0 Long Branch
Long Branch,Week3,Lakeview,Week3,240.0 Long Branch - 162.0 Lakeview
Little Rocky Run,Week5,Daventry,Week4,366.0 Little Rocky Run - 36.0 Daventry
Little Rocky Run,Week2,Daventry,Week2,357.0 Little Rocky Run - 45.0 Daventry
Long Branch,Week2,Fox Mill Estates,Week2,218.0 Fox Mill Estates - 184.0 Long Branch
Long Branch,Week3,Lakeview,Week1,269.0 Long Branch - 133.0 Lakeview
Long Branch,Week5,Lakevale Estates,Week5,310.5 Lakevale Estates - 91.5 Long Branch
Long Branch,Week4,Lakeview,Week1,265.0 Long Branch - 137.0 Lakeview
Long Branch,Week4,Fox Hunt,Week5,254.0 Fox Hunt - 148.0 Long Branch
Long Branch,Week5,Bren Mar-Edsall Park,Week3,333.0 Long Branch - 69.0 Bren Mar-Edsall Park
Little Rocky Run,Week1,Daventry,Week1,344.0 Little Rocky Run - 53.0 Daventry
Long Branch,Week5,Fox Hunt,Week2,219.0 Fox Hunt - 183.0 Long Branch
Long Branch,Week4,Bren Mar-Edsall Park,Week3,337.0 Long Branch - 65.0 Bren Mar-Edsall Park
Long Branch,Week2,Brookfield ,Week5,221.0 Brookfield - 181.0 Long Branch
Long Branch,Week1,Lakeview,Week5,236.0 Long Branch - 152.0 Lakeview
Long Branch,Week1,Lakeview,Week4,226.0 Long Branch - 171.0 Lakeview
Long Branch,Week5,Brookfield ,Week3,221.0 Brookfield - 180.0 Long Branch
Long Branch,Week1,Fox Mill Estates,Week4,247.0 Fox Mill Estates - 155.0 Long Branch
Long Branch,Week1,Fox Mill Estates,Week3,218.0 Fox Mill Estates - 183.0 Long Branch
Long Branch,Week5,Bren Mar-Edsall Park,Week2,344.0 Long Branch - 57.0 Bren Mar-Edsall Park
Long Branch,Week3,Brookfield ,Week4,253.0 Brookfield - 149.0 Long Branch
Little Rocky Run,Week3,Daventry,Week2,365.0 Little Rocky Run - 37.0 Daventry
Little Rocky Run,Week2,Daventry,Week3,345.0 Little Rocky Run - 57.0 Daventry
Long Branch,Week1,Brookfield ,Week4,246.0 Brookfield - 156.0 Long Branch
Long Branch,Week3,Fox Mill Estates,Week2,229.0 Fox Mill Estates - 173.0 Long Branch
Little Rocky Run,Week4,Daventry,Week1,358.0 Little Rocky Run - 44.0 Daventry
Long Branch,Week1,Brookfield ,Week1,237.0 Brookfield - 165.0 Long Branch
Long Branch,Week5,Lakeview,Week5,274.0 Long Branch - 119.0 Lakeview
Long Branch,Week1,Broyhill Crest,Week1,308.0 Long Branch - 90.0 Broyhill Crest
Long Branch,Week1,Fox Mill Estates,Week2,205.5 Fox Mill Estates - 196.5 Long Branch
Little Rocky Run,Week5,Daventry,Week3,358.0 Little Rocky Run - 44.0 Daventry
Long Branch,Week4,Fox Mill Estates,Week1,229.0 Long Branch - 173.0 Fox Mill Estates
Little Rocky Run,Week5,Daventry,Week1,362.0 Little Rocky Run - 40.0 Daventry
Long Branch,Week4,Lakeview,Week2,265.0 Long Branch - 137.0 Lakeview
Long Branch,Week5,Fox Hunt,Week5,242.0 Fox Hunt - 160.0 Long Branch
Long Branch,Week1,Fox Mill Estates,Week5,228.0 Fox Mill Estates - 174.0 Long Branch
Little Rocky Run,Week5,Daventry,Week5,350.0 Little Rocky Run - 47.0 Daventry
Long Branch,Week2,Lakeview,Week5,242.0 Long Branch - 151.0 Lakeview
Long Branch,Week4,Fox Mill Estates,Week2,202.0 Long Branch - 200.0 Fox Mill Estates
Long Branch,Week4,Brookfield ,Week3,207.0 Brookfield - 195.0 Long Branch
Long Branch,Week1,Fox Mill Estates,Week1,215.0 Long Branch - 187.0 Fox Mill Estates
Little Rocky Run,Week1,Dominion Hills,Week1,279.0 Little Rocky Run - 118.0 Dominion Hills
Long Branch,Week5,Fox Hunt,Week1,220.5 Fox Hunt - 181.5 Long Branch
Long Branch,Week5,Bren Mar-Edsall Park,Week4,326.0 Long Branch - 76.0 Bren Mar-Edsall Park
Long Branch,Week2,Fox Mill Estates,Week3,214.0 Fox Mill Estates - 187.0 Long Branch
Long Branch,Week2,Fox Mill Estates,Week5,230.0 Fox Mill Estates - 172.0 Long Branch
Little Rocky Run,Week1,Dominion Hills,Week3,272.5 Little Rocky Run - 129.5 Dominion Hills
Little Rocky Run,Week1,Dominion Hills,Week2,259.0 Little Rocky Run - 143.0 Dominion Hills
Long Branch,Week2,Brookfield ,Week4,241.0 Brookfield - 161.0 Long Branch
Long Branch,Week2,Lakeview,Week1,262.0 Long Branch - 135.0 Lakeview
Long Branch,Week1,Lakeview,Week1,258.0 Long Branch - 144.0 Lakeview
Long Branch,Week4,Brookfield ,Week1,229.0 Brookfield - 173.0 Long Branch
Little Rocky Run,Week1,Dominion Hills,Week4,256.0 Little Rocky Run - 146.0 Dominion Hills
Long Branch,Week4,Lakeview,Week3,254.0 Long Branch - 148.0 Lakeview
Long Branch,Week3,Lakeview,Week2,262.0 Long Branch - 140.0 Lakeview
Long Branch,Week2,Lakeview,Week2,262.0 Long Branch - 140.0 Lakeview
Long Branch,Week4,Lakeview,Week5,250.0 Long Branch - 143.0 Lakeview
Long Branch,Week2,Brookfield ,Week2,226.0 Brookfield - 176.0 Long Branch
Little Rocky Run,Week1,Dominion Hills,Week5,240.0 Little Rocky Run - 162.0 Dominion Hills
Long Branch,Week3,Brookfield ,Week1,255.0 Brookfield - 147.0 Long Branch
Little Rocky Run,Week4,Daventry,Week5,334.0 Little Rocky Run - 68.0 Daventry
Long Branch,Week3,Fox Mill Estates,Week1,203.0 Fox Mill Estates - 199.0 Long Branch
Long Branch,Week3,Fox Mill Woods,Week4,300.0 Fox Mill Woods - 102.0 Long Branch
Long Branch,Week5,Fox Mill Estates,Week1,228.0 Long Branch - 174.0 Fox Mill Estates
Long Branch,Week3,Lakeview,Week5,244.0 Long Branch - 149.0 Lakeview
Long Branch,Week2,Brookfield ,Week3,227.0 Brookfield - 174.0 Long Branch
Long Branch,Week3,Lakeview,Week4,226.0 Long Branch - 176.0 Lakeview
Long Branch,Week1,Langley,Week4,286.0 Langley - 116.0 Long Branch
Long Branch,Week4,Brookfield ,Week5,219.0 Brookfield - 183.0 Long Branch
Long Branch,Week4,Brookfield ,Week4,232.0 Brookfield - 170.0 Long Branch
Long Branch,Week1,Langley,Week1,288.0 Langley - 114.0 Long Branch
Long Branch,Week4,Fox Mill Estates,Week4,226.0 Fox Mill Estates - 176.0 Long Branch
Long Branch,Week5,Fox Hunt,Week3,229.0 Fox Hunt - 173.0 Long Branch
Long Branch,Week3,Fox Mill Woods,Week5,300.0 Fox Mill Woods - 102.0 Long Branch
Long Branch,Week4,Fox Mill Estates,Week3,207.0 Long Branch - 195.0 Fox Mill Estates
Long Branch,Week5,Lakeview,Week1,283.0 Long Branch - 119.0 Lakeview
Long Branch,Week1,Brookfield ,Week3,223.0 Brookfield - 178.0 Long Branch
Long Branch,Week5,Fox Hunt,Week4,232.0 Fox Hunt - 170.0 Long Branch
Long Branch,Week3,Brookfield ,Week2,241.0 Brookfield - 161.0 Long Branch
Long Branch,Week2,Langley,Week3,284.0 Langley - 118.0 Long Branch
Long Branch,Week1,Langley,Week3,291.0 Langley - 111.0 Long Branch
Long Branch,Week3,Brookfield ,Week5,242.0 Brookfield - 160.0 Long Branch
Long Branch,Week2,Fox Mill Estates,Week1,204.0 Long Branch - 198.0 Fox Mill Estates
Long Branch,Week5,Brookfield ,Week2,217.0 Brookfield - 185.0 Long Branch
Long Branch,Week2,Langley,Week2,286.0 Langley - 116.0 Long Branch
Long Branch,Week2,Fox Mill Woods,Week5,297.0 Fox Mill Woods - 105.0 Long Branch
Long Branch,Week2,Langley,Week1,288.0 Langley - 114.0 Long Branch
Long Branch,Week3,Brookfield ,Week3,247.5 Brookfield - 154.5 Long Branch
Long Branch,Week4,Brookfield ,Week2,222.0 Brookfield - 180.0 Long Branch
Long Branch,Week5,Lakeview,Week3,274.0 Long Branch - 128.0 Lakeview
Long Branch,Week1,Brookfield ,Week2,232.0 Brookfield - 170.0 Long Branch
Long Branch,Week5,Bren Mar-Edsall Park,Week5,333.0 Long Branch - 69.0 Bren Mar-Edsall Park
Long Branch,Week4,Fox Mill Woods,Week3,288.5 Fox Mill Woods - 113.5 Long Branch
Long Branch,Week1,Great Falls,Week1,223.0 Great Falls - 178.0 Long Branch
Long Branch,Week5,Brookfield ,Week1,249.0 Brookfield - 153.0 Long Branch
Long Branch,Week5,Hayfield Farm,Week5,214.0 Hayfield Farm - 188.0 Long Branch
Long Branch,Week5,Fox Mill Estates,Week3,202.0 Long Branch - 199.0 Fox Mill Estates
Long Branch,Week5,Brookfield ,Week5,207.0 Brookfield - 195.0 Long Branch
Long Branch,Week1,Hayfield Farm,Week1,238.0 Hayfield Farm - 164.0 Long Branch
Long Branch,Week3,Hayfield Farm,Week3,260.0 Hayfield Farm - 142.0 Long Branch
Long Branch,Week2,Fox Mill Woods,Week3,291.0 Fox Mill Woods - 111.0 Long Branch
Long Branch,Week2,Brookfield ,Week1,249.0 Brookfield - 153.0 Long Branch
Long Branch,Week2,Fox Mill Woods,Week2,285.0 Fox Mill Woods - 117.0 Long Branch
Long Branch,Week1,Broyhill Crest,Week5,285.0 Long Branch - 111.0 Broyhill Crest
Long Branch,Week5,Hayfield Farm,Week2,234.0 Hayfield Farm - 168.0 Long Branch
Long Branch,Week5,Fox Mill Estates,Week4,225.0 Fox Mill Estates - 177.0 Long Branch
Long Branch,Week4,Fox Mill Woods,Week1,288.0 Fox Mill Woods - 114.0 Long Branch
Long Branch,Week1,Broyhill Crest,Week2,318.0 Long Branch - 82.0 Broyhill Crest
Long Branch,Week2,Herndon,Week2,263.0 Long Branch - 139.0 Herndon
Long Branch,Week2,Hayfield Farm,Week2,241.0 Hayfield Farm - 161.0 Long Branch
Long Branch,Week2,Fox Mill Woods,Week4,292.0 Fox Mill Woods - 110.0 Long Branch
Long Branch,Week3,Broyhill Crest,Week1,309.0 Long Branch - 88.0 Broyhill Crest
Long Branch,Week5,Fox Mill Woods,Week4,279.0 Fox Mill Woods - 123.0 Long Branch
Long Branch,Week4,Fox Mill Woods,Week5,304.0 Fox Mill Woods - 98.0 Long Branch
Long Branch,Week3,Hayfield Farm,Week2,260.0 Hayfield Farm - 142.0 Long Branch
Long Branch,Week1,Broyhill Crest,Week4,297.0 Long Branch - 104.0 Broyhill Crest
Long Branch,Week3,Broyhill Crest,Week4,305.0 Long Branch - 93.0 Broyhill Crest
Long Branch,Week1,Fox Mill Woods,Week3,302.0 Fox Mill Woods - 100.0 Long Branch
Long Branch,Week1,Broyhill Crest,Week3,308.0 Long Branch - 87.0 Broyhill Crest
Long Branch,Week3,Broyhill Crest,Week2,318.0 Long Branch - 80.0 Broyhill Crest
Long Branch,Week2,Fox Mill Woods,Week1,292.0 Fox Mill Woods - 110.0 Long Branch
Long Branch,Week5,Hamlet,Week3,318.0 Hamlet - 84.0 Long Branch
Long Branch,Week2,Hayfield Farm,Week1,225.0 Hayfield Farm - 177.0 Long Branch
Long Branch,Week2,Broyhill Crest,Week5,295.0 Long Branch - 106.0 Broyhill Crest
Long Branch,Week5,Hayfield Farm,Week1,213.0 Hayfield Farm - 189.0 Long Branch
Long Branch,Week1,Hayfield Farm,Week4,244.0 Hayfield Farm - 158.0 Long Branch
Long Branch,Week1,Great Falls,Week3,245.0 Great Falls - 152.0 Long Branch
Long Branch,Week2,Broyhill Crest,Week4,313.0 Long Branch - 89.0 Broyhill Crest
Long Branch,Week5,Brookfield ,Week4,224.0 Brookfield - 178.0 Long Branch
Long Branch,Week5,Fox Mill Woods,Week3,279.0 Fox Mill Woods - 123.0 Long Branch
Long Branch,Week3,Broyhill Crest,Week3,313.0 Long Branch - 85.0 Broyhill Crest
Long Branch,Week2,Herndon,Week4,282.0 Long Branch - 120.0 Herndon
Long Branch,Week4,Hayfield Farm,Week3,251.0 Hayfield Farm - 151.0 Long Branch
Long Branch,Week4,Hayfield Farm,Week2,250.0 Hayfield Farm - 152.0 Long Branch
Long Branch,Week2,Broyhill Crest,Week1,321.0 Long Branch - 80.0 Broyhill Crest
Long Branch,Week1,Fox Mill Woods,Week2,293.0 Fox Mill Woods - 109.0 Long Branch
Long Branch,Week3,Fox Mill Woods,Week1,293.0 Fox Mill Woods - 109.0 Long Branch
Long Branch,Week2,Hayfield Farm,Week4,231.0 Hayfield Farm - 171.0 Long Branch
Long Branch,Week4,Broyhill Crest,Week3,335.0 Long Branch - 67.0 Broyhill Crest
Long Branch,Week1,Hayfield Farm,Week2,256.0 Hayfield Farm - 146.0 Long Branch
Long Branch,Week4,Broyhill Crest,Week1,321.0 Long Branch - 81.0 Broyhill Crest
Long Branch,Week2,Broyhill Crest,Week2,323.0 Long Branch - 79.0 Broyhill Crest
Long Branch,Week1,Hayfield Farm,Week5,235.0 Hayfield Farm - 167.0 Long Branch
Long Branch,Week3,Broyhill Crest,Week5,295.0 Long Branch - 106.0 Broyhill Crest
Long Branch,Week1,Fox Mill Woods,Week1,297.0 Fox Mill Woods - 105.0 Long Branch
Long Branch,Week2,Hayfield Farm,Week5,218.0 Hayfield Farm - 184.0 Long Branch
Long Branch,Week5,Hamlet,Week4,297.0 Hamlet - 105.0 Long Branch
Long Branch,Week5,Fox Mill Woods,Week5,283.0 Fox Mill Woods - 119.0 Long Branch
Long Branch,Week3,Hayfield Farm,Week5,240.0 Hayfield Farm - 162.0 Long Branch
Long Branch,Week4,Broyhill Crest,Week4,316.0 Long Branch - 86.0 Broyhill Crest
Long Branch,Week1,Fox Mill Woods,Week5,297.0 Fox Mill Woods - 105.0 Long Branch
Long Branch,Week2,Hayfield Farm,Week3,247.0 Hayfield Farm - 155.0 Long Branch
Long Branch,Week5,Hamlet,Week2,318.0 Hamlet - 84.0 Long Branch
Long Branch,Week3,Fox Mill Woods,Week2,286.0 Fox Mill Woods - 116.0 Long Branch
Long Branch,Week5,Fox Mill Estates,Week5,208.0 Fox Mill Estates - 194.0 Long Branch
Long Branch,Week1,Fox Mill Woods,Week4,302.0 Fox Mill Woods - 100.0 Long Branch
Long Branch,Week4,Fox Mill Woods,Week4,294.0 Fox Mill Woods - 108.0 Long Branch
Long Branch,Week4,Broyhill Crest,Week2,329.0 Long Branch - 73.0 Broyhill Crest
Long Branch,Week2,Broyhill Crest,Week3,325.0 Long Branch - 76.0 Broyhill Crest
Long Branch,Week3,Hayfield Farm,Week1,232.0 Hayfield Farm - 170.0 Long Branch
Long Branch,Week1,Hayfield Farm,Week3,254.0 Hayfield Farm - 148.0 Long Branch
Long Branch,Week5,Fox Mill Woods,Week2,274.0 Fox Mill Woods - 128.0 Long Branch
Long Branch,Week4,Hayfield Farm,Week1,236.0 Hayfield Farm - 166.0 Long Branch
Long Branch,Week2,Greenbriar,Week1,246.0 Greenbriar - 156.0 Long Branch
Long Branch,Week5,Great Falls,Week4,220.0 Great Falls - 182.0 Long Branch
Long Branch,Week1,Herndon,Week1,274.0 Long Branch - 122.0 Herndon
Long Branch,Week4,Hayfield Farm,Week5,233.0 Hayfield Farm - 169.0 Long Branch
Long Branch,Week2,Great Falls,Week2,222.0 Great Falls - 162.0 Long Branch
Long Branch,Week3,Fox Mill Woods,Week3,290.0 Fox Mill Woods - 112.0 Long Branch
Long Branch,Week3,Hayfield Farm,Week4,258.0 Hayfield Farm - 144.0 Long Branch
Long Branch,Week5,Hamlet,Week5,328.0 Hamlet - 74.0 Long Branch
Long Branch,Week4,Hayfield Farm,Week4,250.0 Hayfield Farm - 152.0 Long Branch
Long Branch,Week1,Great Falls,Week5,244.0 Great Falls - 153.0 Long Branch
Long Branch,Week1,Great Falls,Week4,217.0 Great Falls - 175.0 Long Branch
Long Branch,Week1,Great Falls,Week2,226.0 Great Falls - 158.0 Long Branch
Long Branch,Week2,Great Falls,Week1,222.0 Great Falls - 174.0 Long Branch
Long Branch,Week1,Herndon,Week2,272.0 Long Branch - 125.0 Herndon
Long Branch,Week5,Hayfield Farm,Week4,222.0 Hayfield Farm - 180.0 Long Branch
Long Branch,Week5,Hayfield Farm,Week3,234.0 Hayfield Farm - 168.0 Long Branch
Long Branch,Week4,Fox Mill Woods,Week2,287.0 Fox Mill Woods - 115.0 Long Branch
Long Branch,Week1,Greenbriar,Week3,256.0 Greenbriar - 146.0 Long Branch
Long Branch,Week3,Herndon,Week3,257.0 Long Branch - 145.0 Herndon
Long Branch,Week2,Herndon,Week3,274.0 Long Branch - 127.0 Herndon
Long Branch,Week1,Herndon,Week5,266.0 Long Branch - 136.0 Herndon
Long Branch,Week2,Herndon,Week1,268.5 Long Branch - 132.5 Herndon
Long Branch,Week5,Great Falls,Week1,207.0 Great Falls - 195.0 Long Branch
Long Branch,Week5,Fox Mill Woods,Week1,282.0 Fox Mill Woods - 120.0 Long Branch
Long Branch,Week1,Herndon,Week4,274.0 Long Branch - 128.0 Herndon
Long Branch,Week2,Greenbriar,Week3,261.0 Greenbriar - 141.0 Long Branch
Long Branch,Week5,Great Falls,Week5,235.0 Great Falls - 167.0 Long Branch
Long Branch,Week1,Herndon,Week3,271.0 Long Branch - 125.0 Herndon
Long Branch,Week2,Hiddenbrook,Week1,201.5 Hiddenbrook - 199.5 Long Branch
Long Branch,Week5,Great Falls,Week3,222.0 Great Falls - 180.0 Long Branch
Long Branch,Week1,Greenbriar,Week2,273.0 Greenbriar - 129.0 Long Branch
Long Branch,Week5,Herndon,Week1,281.0 Long Branch - 120.0 Herndon
Long Branch,Week4,Herndon,Week2,278.0 Long Branch - 124.0 Herndon
Long Branch,Week4,Great Falls,Week3,233.0 Great Falls - 169.0 Long Branch
Long Branch,Week2,Greenbriar,Week2,267.0 Greenbriar - 135.0 Long Branch
Long Branch,Week3,Great Falls,Week4,224.0 Great Falls - 177.0 Long Branch
Long Branch,Week3,Greenbriar,Week5,259.0 Greenbriar - 143.0 Long Branch
Long Branch,Week3,Great Falls,Week1,223.0 Great Falls - 177.0 Long Branch
Long Branch,Week3,Herndon,Week4,250.0 Long Branch - 151.0 Herndon
Long Branch,Week4,Greenbriar,Week2,251.0 Greenbriar - 151.0 Long Branch
Long Branch,Week1,Hiddenbrook,Week2,219.0 Long Branch - 178.0 Hiddenbrook
Long Branch,Week2,Greenbriar,Week5,255.0 Greenbriar - 147.0 Long Branch
Long Branch,Week5,Herndon,Week4,290.0 Long Branch - 112.0 Herndon
Long Branch,Week1,Hiddenbrook,Week4,208.0 Hiddenbrook - 194.0 Long Branch
Long Branch,Week2,Great Falls,Week4,222.0 Great Falls - 180.0 Long Branch
Long Branch,Week2,Hiddenbrook,Week2,242.0 Long Branch - 160.0 Hiddenbrook
Long Branch,Week4,Herndon,Week4,289.0 Long Branch - 113.0 Herndon
Long Branch,Week1,Hiddenbrook,Week5,233.0 Hiddenbrook - 169.0 Long Branch
Long Branch,Week3,Herndon,Week2,257.0 Long Branch - 144.0 Herndon
Long Branch,Week4,Great Falls,Week1,218.0 Great Falls - 184.0 Long Branch
Long Branch,Week1,Greenbriar,Week4,243.0 Greenbriar - 159.0 Long Branch
Long Branch,Week5,Herndon,Week5,289.0 Long Branch - 113.0 Herndon
Long Branch,Week3,Herndon,Week1,254.0 Long Branch - 147.0 Herndon
Long Branch,Week5,Great Falls,Week2,217.0 Great Falls - 167.0 Long Branch
Long Branch,Week4,Herndon,Week5,278.0 Long Branch - 124.0 Herndon
Long Branch,Week3,Great Falls,Week3,249.0 Great Falls - 153.0 Long Branch
Long Branch,Week1,Greenbriar,Week1,249.0 Greenbriar - 153.0 Long Branch
Long Branch,Week4,Great Falls,Week4,214.0 Great Falls - 188.0 Long Branch
Long Branch,Week2,Great Falls,Week5,247.0 Great Falls - 155.0 Long Branch
Long Branch,Week5,Herndon,Week2,283.0 Long Branch - 119.0 Herndon
Long Branch,Week1,Hiddenbrook,Week1,204.0 Hiddenbrook - 197.0 Long Branch
Long Branch,Week4,Great Falls,Week5,231.0 Great Falls - 171.0 Long Branch
Long Branch,Week5,Herndon,Week3,287.0 Long Branch - 114.0 Herndon
Long Branch,Week2,Herndon,Week5,273.0 Long Branch - 129.0 Herndon
Long Branch,Week1,Hiddenbrook,Week3,213.0 Hiddenbrook - 189.0 Long Branch
Long Branch,Week4,Great Falls,Week2,216.0 Great Falls - 168.0 Long Branch
Long Branch,Week3,Great Falls,Week5,240.0 Great Falls - 160.0 Long Branch
Long Branch,Week2,Hiddenbrook,Week3,214.0 Hiddenbrook - 188.0 Long Branch
Long Branch,Week3,Great Falls,Week2,228.0 Great Falls - 155.0 Long Branch
Long Branch,Week4,Herndon,Week1,278.0 Long Branch - 124.0 Herndon
Long Branch,Week2,Great Falls,Week3,240.0 Great Falls - 162.0 Long Branch
Long Branch,Week4,Hamlet,Week5,333.0 Hamlet - 69.0 Long Branch
Long Branch,Week1,Greenbriar,Week5,262.5 Greenbriar - 139.5 Long Branch
Long Branch,Week3,Hiddenbrook,Week1,211.0 Hiddenbrook - 191.0 Long Branch
Long Branch,Week3,Hiddenbrook,Week5,241.0 Hiddenbrook - 161.0 Long Branch
Long Branch,Week5,Hamlet,Week1,301.0 Hamlet - 100.0 Long Branch
Long Branch,Week4,Herndon,Week3,276.0 Long Branch - 126.0 Herndon
Long Branch,Week3,Greenbriar,Week4,248.0 Greenbriar - 154.0 Long Branch
Long Branch,Week4,Hamlet,Week3,337.0 Hamlet - 65.0 Long Branch
Long Branch,Week2,Hiddenbrook,Week5,230.0 Hiddenbrook - 172.0 Long Branch
Long Branch,Week3,Greenbriar,Week3,275.0 Greenbriar - 127.0 Long Branch
Long Branch,Week5,Hiddenbrook,Week5,219.0 Hiddenbrook - 183.0 Long Branch
Long Branch,Week3,Greenbriar,Week2,273.0 Greenbriar - 129.0 Long Branch
Long Branch,Week4,Hiddenbrook,Week1,216.0 Long Branch - 186.0 Hiddenbrook
Long Branch,Week4,Greenbriar,Week1,227.5 Greenbriar - 174.5 Long Branch
Long Branch,Week1,Hamlet,Week2,329.0 Hamlet - 73.0 Long Branch
Long Branch,Week3,Herndon,Week5,258.0 Long Branch - 143.0 Herndon
Long Branch,Week2,Greenbriar,Week4,228.0 Greenbriar - 174.0 Long Branch
Long Branch,Week3,Greenbriar,Week1,254.5 Greenbriar - 147.5 Long Branch
Long Branch,Week2,Hiddenbrook,Week4,202.0 Hiddenbrook - 200.0 Long Branch
Long Branch,Week4,Hiddenbrook,Week4,205.0 Hiddenbrook - 197.0 Long Branch
Long Branch,Week5,Hiddenbrook,Week4,217.0 Long Branch - 185.0 Hiddenbrook
Long Branch,Week5,Hiddenbrook,Week2,257.0 Long Branch - 145.0 Hiddenbrook
Long Branch,Week4,High Point Pool,Week2,278.0 High Point Pool - 124.0 Long Branch
Long Branch,Week5,Hiddenbrook,Week1,222.0 Long Branch - 179.0 Hiddenbrook
Long Branch,Week4,Hiddenbrook,Week2,247.0 Long Branch - 155.0 Hiddenbrook
Long Branch,Week4,Greenbriar,Week3,250.0 Greenbriar - 152.0 Long Branch
Long Branch,Week5,Greenbriar,Week1,228.0 Greenbriar - 174.0 Long Branch
Long Branch,Week3,High Point Pool,Week4,280.0 High Point Pool - 122.0 Long Branch
Long Branch,Week1,High Point Pool,Week2,268.0 High Point Pool - 134.0 Long Branch
Long Branch,Week3,Hamlet,Week5,337.0 Hamlet - 65.0 Long Branch
Long Branch,Week5,Greenbriar,Week5,238.0 Greenbriar - 164.0 Long Branch
Long Branch,Week3,Hamlet,Week4,322.0 Hamlet - 80.0 Long Branch
Long Branch,Week3,Hamlet,Week3,330.0 Hamlet - 71.0 Long Branch
Long Branch,Week2,High Point Pool,Week4,274.0 High Point Pool - 128.0 Long Branch
Long Branch,Week2,High Point Pool,Week5,259.0 High Point Pool - 143.0 Long Branch
Long Branch,Week2,Hamlet,Week5,331.0 Hamlet - 71.0 Long Branch
Long Branch,Week2,Hamlet,Week3,329.0 Hamlet - 73.0 Long Branch
Long Branch,Week1,Hamlet,Week3,319.0 Hamlet - 83.0 Long Branch
Long Branch,Week3,High Point Pool,Week2,290.0 High Point Pool - 112.0 Long Branch
Long Branch,Week5,High Point Pool,Week4,262.0 High Point Pool - 140.0 Long Branch
Long Branch,Week4,Hiddenbrook,Week3,210.0 Long Branch - 192.0 Hiddenbrook
Long Branch,Week2,High Point Pool,Week3,272.0 High Point Pool - 130.0 Long Branch
Long Branch,Week1,High Point Pool,Week3,260.0 High Point Pool - 142.0 Long Branch
Long Branch,Week1,High Point Pool,Week4,259.0 High Point Pool - 143.0 Long Branch
Long Branch,Week5,Hiddenbrook,Week3,208.0 Hiddenbrook - 194.0 Long Branch
Long Branch,Week1,Hamlet,Week4,311.5 Hamlet - 90.5 Long Branch
Long Branch,Week2,Hamlet,Week4,308.0 Hamlet - 94.0 Long Branch
Long Branch,Week5,Greenbriar,Week4,222.0 Greenbriar - 180.0 Long Branch
Long Branch,Week1,Hamlet,Week1,314.0 Hamlet - 87.0 Long Branch
Long Branch,Week3,Hiddenbrook,Week3,223.0 Hiddenbrook - 178.0 Long Branch
Long Branch,Week2,Hamlet,Week2,331.0 Hamlet - 71.0 Long Branch
Long Branch,Week5,Greenbriar,Week2,247.0 Greenbriar - 155.0 Long Branch
Long Branch,Week3,Hiddenbrook,Week4,215.0 Hiddenbrook - 186.0 Long Branch
Long Branch,Week2,High Point Pool,Week1,259.0 High Point Pool - 143.0 Long Branch
Long Branch,Week4,Greenbriar,Week4,223.0 Greenbriar - 179.0 Long Branch
Long Branch,Week1,High Point Pool,Week5,253.0 High Point Pool - 149.0 Long Branch
Long Branch,Week2,Hamlet,Week1,318.0 Hamlet - 83.0 Long Branch
Long Branch,Week1,Hamlet,Week5,348.0 Hamlet - 54.0 Long Branch
Long Branch,Week5,Country Club Hills,Week5,226.0 Country Club Hills - 176.0 Long Branch
Long Branch,Week1,Crosspointe,Week2,294.0 Crosspointe - 108.0 Long Branch
Long Branch,Week3,High Point Pool,Week3,285.0 High Point Pool - 117.0 Long Branch
Long Branch,Week3,Hiddenbrook,Week2,216.0 Long Branch - 186.0 Hiddenbrook
Long Branch,Week4,Highland Park,Week5,257.0 Highland Park - 145.0 Long Branch
Long Branch,Week3,Highland Park,Week2,264.0 Highland Park - 138.0 Long Branch
Long Branch,Week4,Hamlet,Week4,308.0 Hamlet - 94.0 Long Branch
Long Branch,Week3,High Point Pool,Week5,271.0 High Point Pool - 130.0 Long Branch
Long Branch,Week3,Crosspointe,Week1,301.0 Crosspointe - 101.0 Long Branch
Long Branch,Week4,High Point Pool,Week5,268.0 High Point Pool - 134.0 Long Branch
Long Branch,Week2,Crosspointe,Week1,289.0 Crosspointe - 113.0 Long Branch
Long Branch,Week4,Hamlet,Week2,326.0 Hamlet - 76.0 Long Branch
Long Branch,Week1,High Point Pool,Week1,259.0 High Point Pool - 143.0 Long Branch
Long Branch,Week1,Highland Park,Week3,238.0 Highland Park - 154.0 Long Branch
Long Branch,Week5,Highland Park,Week1,254.0 Highland Park - 148.0 Long Branch
Long Branch,Week4,Hiddenbrook,Week5,221.0 Hiddenbrook - 181.0 Long Branch
Long Branch,Week2,Highland Park,Week2,255.0 Highland Park - 147.0 Long Branch
Long Branch,Week4,Country Club Hills,Week1,228.0 Country Club Hills - 174.0 Long Branch
Long Branch,Week5,Greenbriar,Week3,242.0 Greenbriar - 160.0 Long Branch
Long Branch,Week2,High Point Pool,Week2,272.0 High Point Pool - 130.0 Long Branch
Long Branch,Week5,High Point Pool,Week3,257.0 High Point Pool - 145.0 Long Branch
Long Branch,Week4,Hamlet,Week1,318.5 Hamlet - 83.5 Long Branch
Long Branch,Week3,High Point Pool,Week1,270.0 High Point Pool - 132.0 Long Branch
Long Branch,Week4,High Point Pool,Week3,270.0 High Point Pool - 132.0 Long Branch
Long Branch,Week4,High Point Pool,Week4,266.0 High Point Pool - 136.0 Long Branch
Long Branch,Week1,Crosspointe,Week3,297.0 Crosspointe - 105.0 Long Branch
Long Branch,Week3,Crosspointe,Week3,295.0 Crosspointe - 107.0 Long Branch
Long Branch,Week4,Highland Park,Week2,249.0 Highland Park - 153.0 Long Branch
Long Branch,Week5,Country Club Hills,Week2,205.0 Country Club Hills - 197.0 Long Branch
Long Branch,Week4,Country Club Hills,Week3,220.0 Country Club Hills - 182.0 Long Branch
Long Branch,Week3,Country Club Hills,Week2,232.0 Country Club Hills - 170.0 Long Branch
Long Branch,Week5,High Point Pool,Week2,272.0 High Point Pool - 130.0 Long Branch
Long Branch,Week2,Crosspointe,Week5,303.0 Crosspointe - 99.0 Long Branch
Long Branch,Week5,Country Club Hills,Week1,212.5 Country Club Hills - 189.5 Long Branch
Long Branch,Week3,Hamlet,Week2,333.0 Hamlet - 69.0 Long Branch
Long Branch,Week3,Country Club Hills,Week3,227.0 Country Club Hills - 175.0 Long Branch
Long Branch,Week5,High Point Pool,Week1,255.0 High Point Pool - 147.0 Long Branch
Long Branch,Week4,Greenbriar,Week5,247.0 Greenbriar - 155.0 Long Branch
Long Branch,Week1,Highland Park,Week2,252.0 Highland Park - 150.0 Long Branch
Long Branch,Week1,Crosspointe,Week5,311.0 Crosspointe - 91.0 Long Branch
Long Branch,Week4,High Point Pool,Week1,253.0 High Point Pool - 149.0 Long Branch
Long Branch,Week3,Hamlet,Week1,322.0 Hamlet - 80.0 Long Branch
Long Branch,Week5,Country Club Hills,Week3,204.0 Country Club Hills - 198.0 Long Branch
Long Branch,Week5,Highland Park,Week2,235.0 Highland Park - 167.0 Long Branch
Long Branch,Week3,Crosspointe,Week5,317.0 Crosspointe - 85.0 Long Branch
Long Branch,Week1,Daventry,Week3,258.0 Long Branch - 143.0 Daventry
Long Branch,Week3,Highland Park,Week4,269.0 Highland Park - 133.0 Long Branch
Long Branch,Week1,Crosspointe,Week1,297.0 Crosspointe - 105.0 Long Branch
Long Branch,Week5,High Point Pool,Week5,252.0 High Point Pool - 150.0 Long Branch
Long Branch,Week2,Crosspointe,Week2,287.0 Crosspointe - 115.0 Long Branch
Long Branch,Week3,Highland Park,Week5,264.0 Highland Park - 138.0 Long Branch
Long Branch,Week1,Highland Park,Week1,262.0 Highland Park - 140.0 Long Branch
Long Branch,Week3,Country Club Hills,Week5,250.0 Country Club Hills - 152.0 Long Branch
Long Branch,Week1,Highland Park,Week5,253.0 Highland Park - 149.0 Long Branch
Long Branch,Week4,Country Club Hills,Week5,243.0 Country Club Hills - 159.0 Long Branch
Long Branch,Week5,Country Club Hills,Week4,213.5 Long Branch - 188.5 Country Club Hills
Long Branch,Week4,Country Club Hills,Week4,220.5 Country Club Hills - 181.5 Long Branch
Long Branch,Week2,Highland Park,Week4,267.0 Highland Park - 135.0 Long Branch
Long Branch,Week2,Crosspointe,Week3,280.0 Crosspointe - 122.0 Long Branch
Long Branch,Week2,Highland Park,Week1,260.0 Highland Park - 142.0 Long Branch
Long Branch,Week3,Country Club Hills,Week4,214.0 Country Club Hills - 188.0 Long Branch
Long Branch,Week3,Highland Park,Week3,255.0 Highland Park - 147.0 Long Branch
Long Branch,Week2,Highland Park,Week5,265.0 Highland Park - 137.0 Long Branch
Long Branch,Week4,Country Club Hills,Week2,213.0 Country Club Hills - 189.0 Long Branch
Long Branch,Week1,Highland Park,Week4,253.5 Highland Park - 148.5 Long Branch
Long Branch,Week1,Crosspointe,Week4,292.0 Crosspointe - 110.0 Long Branch
Long Branch,Week5,Highland Park,Week4,253.0 Highland Park - 149.0 Long Branch
Long Branch,Week4,Highland Park,Week1,262.0 Highland Park - 140.0 Long Branch
Long Branch,Week5,Highland Park,Week3,233.0 Highland Park - 169.0 Long Branch
Long Branch,Week4,Highland Park,Week3,235.0 Highland Park - 167.0 Long Branch
Long Branch,Week2,Crosspointe,Week4,295.0 Crosspointe - 107.0 Long Branch
Long Branch,Week2,Highland Park,Week3,245.0 Highland Park - 157.0 Long Branch
Long Branch,Week5,Crosspointe,Week4,285.0 Crosspointe - 117.0 Long Branch
Long Branch,Week4,Highland Park,Week4,261.0 Highland Park - 141.0 Long Branch
Long Branch,Week3,Crosspointe,Week2,300.0 Crosspointe - 102.0 Long Branch
Long Branch,Week3,Highland Park,Week1,269.0 Highland Park - 133.0 Long Branch
Long Branch,Week2,Hollin Hills,Week2,269.0 Long Branch - 131.0 Hollin Hills
Long Branch,Week2,Highlands Swim,Week5,326.0 Highlands Swim - 76.0 Long Branch
Long Branch,Week5,Crosspointe,Week1,284.0 Crosspointe - 118.0 Long Branch
Long Branch,Week5,Crosspointe,Week3,286.0 Crosspointe - 116.0 Long Branch
Long Branch,Week1,Hollin Hills,Week4,255.0 Long Branch - 139.0 Hollin Hills
Long Branch,Week1,Highlands Swim,Week5,323.0 Highlands Swim - 79.0 Long Branch
Long Branch,Week1,Highlands Swim,Week2,335.0 Highlands Swim - 67.0 Long Branch
Long Branch,Week4,Crosspointe,Week2,291.0 Crosspointe - 111.0 Long Branch
Long Branch,Week4,Daventry,Week5,250.0 Long Branch - 152.0 Daventry
Long Branch,Week5,Crosspointe,Week2,275.0 Crosspointe - 127.0 Long Branch
Long Branch,Week1,Daventry,Week1,267.0 Long Branch - 130.0 Daventry
Long Branch,Week2,Hollin Hills,Week1,279.0 Long Branch - 122.0 Hollin Hills
Long Branch,Week4,Crosspointe,Week5,315.0 Crosspointe - 87.0 Long Branch
Long Branch,Week3,Highlands Swim,Week2,344.0 Highlands Swim - 58.0 Long Branch
Long Branch,Week3,Crosspointe,Week4,298.0 Crosspointe - 104.0 Long Branch
Long Branch,Week4,Crosspointe,Week4,294.0 Crosspointe - 108.0 Long Branch
Long Branch,Week1,Daventry,Week2,259.0 Long Branch - 139.0 Daventry
Long Branch,Week5,Highlands Swim,Week4,318.0 Highlands Swim - 84.0 Long Branch
Long Branch,Week2,Highlands Swim,Week1,321.0 Highlands Swim - 81.0 Long Branch
Long Branch,Week4,Crosspointe,Week3,311.0 Crosspointe - 91.0 Long Branch
Long Branch,Week5,Highland Park,Week5,245.0 Highland Park - 157.0 Long Branch
Long Branch,Week4,Highlands Swim,Week2,339.0 Highlands Swim - 63.0 Long Branch
Long Branch,Week4,Crosspointe,Week1,295.0 Crosspointe - 107.0 Long Branch
Long Branch,Week4,Daventry,Week2,276.0 Long Branch - 125.0 Daventry
Long Branch,Week5,Highlands Swim,Week1,316.0 Highlands Swim - 86.0 Long Branch
Long Branch,Week3,Daventry,Week2,246.0 Long Branch - 154.0 Daventry
Long Branch,Week1,Daventry,Week4,257.0 Long Branch - 144.0 Daventry
Long Branch,Week3,Daventry,Week1,262.0 Long Branch - 139.0 Daventry
Long Branch,Week5,Crosspointe,Week5,304.0 Crosspointe - 98.0 Long Branch
Long Branch,Week4,Daventry,Week1,269.0 Long Branch - 133.0 Daventry
Long Branch,Week1,Highlands Swim,Week1,324.0 Highlands Swim - 78.0 Long Branch
Long Branch,Week2,Daventry,Week4,271.0 Long Branch - 130.0 Daventry
Long Branch,Week5,Daventry,Week1,288.0 Long Branch - 114.0 Daventry
Long Branch,Week3,Daventry,Week3,246.0 Long Branch - 155.0 Daventry
Long Branch,Week3,Highlands Swim,Week3,336.0 Highlands Swim - 66.0 Long Branch
Long Branch,Week4,Highlands Swim,Week5,330.0 Highlands Swim - 72.0 Long Branch
Long Branch,Week5,Daventry,Week3,276.0 Long Branch - 124.0 Daventry
Long Branch,Week4,Highlands Swim,Week1,334.0 Highlands Swim - 68.0 Long Branch
Long Branch,Week5,Daventry,Week2,283.0 Long Branch - 115.0 Daventry
Long Branch,Week2,Daventry,Week3,260.0 Long Branch - 141.0 Daventry
Long Branch,Week5,Highlands Swim,Week3,315.0 Highlands Swim - 87.0 Long Branch
Long Branch,Week3,Daventry,Week5,232.5 Long Branch - 168.5 Daventry
Long Branch,Week3,Highlands Swim,Week4,326.0 Highlands Swim - 76.0 Long Branch
Long Branch,Week4,Daventry,Week3,268.0 Long Branch - 134.0 Daventry
Long Branch,Week2,Daventry,Week5,252.0 Long Branch - 149.0 Daventry
Long Branch,Week1,Hollin Hills,Week2,266.0 Long Branch - 131.0 Hollin Hills
Long Branch,Week4,Highlands Swim,Week4,323.0 Highlands Swim - 79.0 Long Branch
Long Branch,Week2,Highlands Swim,Week4,314.5 Highlands Swim - 87.5 Long Branch
Long Branch,Week3,Daventry,Week4,245.0 Long Branch - 156.0 Daventry
Long Branch,Week1,Hollin Hills,Week3,270.0 Long Branch - 131.0 Hollin Hills
Long Branch,Week1,Daventry,Week5,239.0 Long Branch - 157.0 Daventry
Long Branch,Week3,Highlands Swim,Week1,335.0 Highlands Swim - 67.0 Long Branch
Long Branch,Week1,Hollin Hills,Week1,261.0 Long Branch - 137.0 Hollin Hills
Long Branch,Week5,Daventry,Week5,259.0 Long Branch - 142.0 Daventry
Long Branch,Week2,Daventry,Week2,268.0 Long Branch - 130.0 Daventry
Long Branch,Week2,Highlands Swim,Week3,321.0 Highlands Swim - 81.0 Long Branch
Long Branch,Week2,Highlands Swim,Week2,336.0 Highlands Swim - 66.0 Long Branch
Long Branch,Week3,Highlands Swim,Week5,334.0 Highlands Swim - 68.0 Long Branch
Long Branch,Week2,Daventry,Week1,264.0 Long Branch - 138.0 Daventry
Long Branch,Week4,Highlands Swim,Week3,332.0 Highlands Swim - 70.0 Long Branch
Long Branch,Week5,Daventry,Week4,275.0 Long Branch - 126.0 Daventry
Long Branch,Week1,Highlands Swim,Week3,327.0 Highlands Swim - 75.0 Long Branch
Long Branch,Week4,Daventry,Week4,276.0 Long Branch - 126.0 Daventry
Long Branch,Week5,Highlands Swim,Week2,325.0 Highlands Swim - 77.0 Long Branch
Long Branch,Week5,Highlands Swim,Week5,332.0 Highlands Swim - 70.0 Long Branch
Long Branch,Week1,Highlands Swim,Week4,323.0 Highlands Swim - 79.0 Long Branch
Long Branch,Week1,Dominion Hills,Week4,267.0 Dominion Hills - 134.0 Long Branch
Long Branch,Week2,Hollin Meadows,Week4,242.0 Hollin Meadows - 160.0 Long Branch
Long Branch,Week2,Hollin Hills,Week5,266.0 Long Branch - 136.0 Hollin Hills
Long Branch,Week2,Hollin Hills,Week4,265.0 Long Branch - 134.0 Hollin Hills
Long Branch,Week1,Hollin Meadows,Week1,258.5 Hollin Meadows - 142.5 Long Branch
Long Branch,Week3,Hollin Hills,Week4,267.0 Long Branch - 133.0 Hollin Hills
Long Branch,Week3,Hollin Hills,Week3,283.0 Long Branch - 119.0 Hollin Hills
Long Branch,Week2,Dominion Hills,Week3,228.0 Dominion Hills - 174.0 Long Branch
Long Branch,Week5,Hollin Hills,Week2,290.0 Long Branch - 112.0 Hollin Hills
Long Branch,Week1,Hollin Meadows,Week2,231.0 Hollin Meadows - 171.0 Long Branch
Long Branch,Week4,Hollin Hills,Week2,291.0 Long Branch - 110.0 Hollin Hills
Long Branch,Week4,Dominion Hills,Week2,256.0 Dominion Hills - 146.0 Long Branch
Long Branch,Week1,Hollin Hills,Week5,259.0 Long Branch - 136.0 Hollin Hills
Long Branch,Week1,Dominion Hills,Week1,241.0 Dominion Hills - 156.0 Long Branch
Long Branch,Week5,Hollin Hills,Week1,302.0 Long Branch - 100.0 Hollin Hills
Long Branch,Week1,Hollin Meadows,Week5,264.0 Hollin Meadows - 138.0 Long Branch
Long Branch,Week1,Dominion Hills,Week5,266.0 Dominion Hills - 136.0 Long Branch
Long Branch,Week4,Dominion Hills,Week4,269.0 Dominion Hills - 133.0 Long Branch
Long Branch,Week3,Dominion Hills,Week3,256.0 Dominion Hills - 146.0 Long Branch
Long Branch,Week5,Hollin Hills,Week5,299.0 Long Branch - 103.0 Hollin Hills
Long Branch,Week5,Dominion Hills,Week2,240.0 Dominion Hills - 162.0 Long Branch
Long Branch,Week1,Donaldson Run,Week1,315.0 Donaldson Run - 87.0 Long Branch
Long Branch,Week3,Hollin Meadows,Week2,233.0 Hollin Meadows - 169.0 Long Branch
Long Branch,Week2,Dominion Hills,Week5,261.0 Dominion Hills - 141.0 Long Branch
Long Branch,Week4,Dominion Hills,Week5,270.0 Dominion Hills - 132.0 Long Branch
Long Branch,Week5,Dominion Hills,Week5,256.0 Dominion Hills - 146.0 Long Branch
Long Branch,Week5,Dominion Hills,Week3,230.0 Dominion Hills - 172.0 Long Branch
Long Branch,Week4,Hollin Hills,Week3,272.0 Long Branch - 130.0 Hollin Hills
Long Branch,Week3,Dominion Hills,Week1,257.0 Dominion Hills - 145.0 Long Branch
Long Branch,Week5,Dominion Hills,Week1,222.0 Dominion Hills - 180.0 Long Branch
Long Branch,Week4,Hollin Hills,Week4,282.5 Long Branch - 118.5 Hollin Hills
Long Branch,Week5,Somerset-Olde Creek,Week4,288.0 Long Branch - 113.0 Somerset-Olde Creek
Long Branch,Week2,Dominion Hills,Week1,227.0 Dominion Hills - 175.0 Long Branch
Long Branch,Week3,Hollin Meadows,Week1,255.0 Hollin Meadows - 147.0 Long Branch
Long Branch,Week3,Hollin Meadows,Week3,259.0 Hollin Meadows - 142.0 Long Branch
Long Branch,Week4,Dominion Hills,Week1,240.0 Dominion Hills - 162.0 Long Branch
Long Branch,Week3,Hollin Hills,Week1,277.0 Long Branch - 125.0 Hollin Hills
Long Branch,Week1,Somerset-Olde Creek,Week5,266.0 Long Branch - 133.0 Somerset-Olde Creek
Long Branch,Week2,Dominion Hills,Week4,262.0 Dominion Hills - 140.0 Long Branch
Long Branch,Week2,Dominion Hills,Week2,249.5 Dominion Hills - 152.5 Long Branch
Long Branch,Week3,Donaldson Run,Week1,325.0 Donaldson Run - 77.0 Long Branch
Long Branch,Week2,Hollin Hills,Week3,277.0 Long Branch - 125.0 Hollin Hills
Long Branch,Week5,Hollin Hills,Week4,285.0 Long Branch - 115.0 Hollin Hills
Long Branch,Week5,Hollin Hills,Week3,294.0 Long Branch - 108.0 Hollin Hills
Long Branch,Week3,Somerset-Olde Creek,Week3,286.0 Long Branch - 114.0 Somerset-Olde Creek
Long Branch,Week2,Somerset-Olde Creek,Week1,282.0 Long Branch - 112.0 Somerset-Olde Creek
Long Branch,Week3,Dominion Hills,Week4,279.0 Dominion Hills - 123.0 Long Branch
Long Branch,Week4,Somerset-Olde Creek,Week5,265.0 Long Branch - 137.0 Somerset-Olde Creek
Long Branch,Week1,Dominion Hills,Week2,253.0 Dominion Hills - 149.0 Long Branch
Long Branch,Week4,Donaldson Run,Week3,306.0 Donaldson Run - 96.0 Long Branch
Long Branch,Week3,Hollin Hills,Week5,273.5 Long Branch - 127.5 Hollin Hills
Long Branch,Week4,Dominion Hills,Week3,235.0 Dominion Hills - 167.0 Long Branch
Long Branch,Week1,Dominion Hills,Week3,244.0 Dominion Hills - 158.0 Long Branch
Long Branch,Week4,Hollin Hills,Week1,282.0 Long Branch - 119.0 Hollin Hills
Long Branch,Week1,Hollin Meadows,Week3,259.0 Hollin Meadows - 143.0 Long Branch
Long Branch,Week5,Sleepy Hollow Rec,Week1,237.0 Long Branch - 165.0 Sleepy Hollow Rec
Long Branch,Week4,Somerset-Olde Creek,Week1,287.0 Long Branch - 114.0 Somerset-Olde Creek
Long Branch,Week5,Dominion Hills,Week4,260.0 Dominion Hills - 142.0 Long Branch
Little Rocky Run,Week2,Bren Mar-Edsall Park,Week4,382.0 Little Rocky Run - 20.0 Bren Mar-Edsall Park
Long Branch,Week4,Somerset-Olde Creek,Week3,301.0 Long Branch - 101.0 Somerset-Olde Creek
Long Branch,Week3,Somerset-Olde Creek,Week1,271.0 Long Branch - 129.0 Somerset-Olde Creek
Long Branch,Week2,Hollin Meadows,Week3,245.0 Hollin Meadows - 157.0 Long Branch
Long Branch,Week1,Donaldson Run,Week2,319.0 Donaldson Run - 83.0 Long Branch
Long Branch,Week3,Donaldson Run,Week3,319.0 Donaldson Run - 83.0 Long Branch
Long Branch,Week1,Somerset-Olde Creek,Week2,288.0 Long Branch - 108.0 Somerset-Olde Creek
Long Branch,Week1,Somerset-Olde Creek,Week1,274.0 Long Branch - 117.0 Somerset-Olde Creek
Long Branch,Week2,Donaldson Run,Week2,314.5 Donaldson Run - 87.5 Long Branch
Long Branch,Week2,Holmes Run Acres,Week4,242.0 Holmes Run Acres - 160.0 Long Branch
Long Branch,Week3,Somerset-Olde Creek,Week4,265.0 Long Branch - 137.0 Somerset-Olde Creek
Long Branch,Week5,Hollin Meadows,Week4,248.0 Hollin Meadows - 154.0 Long Branch
Long Branch,Week4,Holmes Run Acres,Week2,221.0 Holmes Run Acres - 181.0 Long Branch
Long Branch,Week1,Hollin Meadows,Week4,254.0 Hollin Meadows - 148.0 Long Branch
Long Branch,Week1,South Run,Week1,244.0 South Run - 148.0 Long Branch
Long Branch,Week3,Somerset-Olde Creek,Week5,257.0 Long Branch - 144.0 Somerset-Olde Creek
Long Branch,Week3,Dominion Hills,Week2,255.0 Dominion Hills - 147.0 Long Branch
Long Branch,Week3,Donaldson Run,Week4,323.0 Donaldson Run - 79.0 Long Branch
Long Branch,Week1,Donaldson Run,Week5,337.0 Donaldson Run - 65.0 Long Branch
Long Branch,Week1,Holmes Run Acres,Week4,247.0 Holmes Run Acres - 155.0 Long Branch
Long Branch,Week4,Hollin Meadows,Week1,269.0 Hollin Meadows - 133.0 Long Branch
Long Branch,Week5,Sleepy Hollow Rec,Week2,236.0 Long Branch - 166.0 Sleepy Hollow Rec
Long Branch,Week1,Donaldson Run,Week4,325.0 Donaldson Run - 77.0 Long Branch
Long Branch,Week5,Sleepy Hollow Rec,Week5,230.0 Long Branch - 172.0 Sleepy Hollow Rec
Long Branch,Week3,Donaldson Run,Week2,322.0 Donaldson Run - 80.0 Long Branch
Long Branch,Week5,Sleepy Hollow Rec,Week4,249.0 Long Branch - 153.0 Sleepy Hollow Rec
Long Branch,Week1,Somerset-Olde Creek,Week4,286.0 Long Branch - 115.0 Somerset-Olde Creek
Long Branch,Week5,Sleepy Hollow Rec,Week3,223.0 Long Branch - 179.0 Sleepy Hollow Rec
Long Branch,Week1,South Run,Week5,261.5 South Run - 140.5 Long Branch
Long Branch,Week2,Donaldson Run,Week3,315.0 Donaldson Run - 87.0 Long Branch
Long Branch,Week3,Holmes Run Acres,Week5,287.0 Holmes Run Acres - 115.0 Long Branch
Long Branch,Week2,Hollin Meadows,Week5,255.0 Hollin Meadows - 147.0 Long Branch
Long Branch,Week2,Hollin Meadows,Week2,238.0 Hollin Meadows - 164.0 Long Branch
Long Branch,Week2,Donaldson Run,Week5,336.0 Donaldson Run - 66.0 Long Branch
Long Branch,Week2,Donaldson Run,Week4,327.0 Donaldson Run - 75.0 Long Branch
Long Branch,Week3,Hollin Hills,Week2,274.0 Long Branch - 127.0 Hollin Hills
Long Branch,Week4,Hollin Hills,Week5,266.0 Long Branch - 136.0 Hollin Hills
Long Branch,Week2,Donaldson Run,Week1,313.0 Donaldson Run - 89.0 Long Branch
Long Branch,Week3,Dominion Hills,Week5,278.0 Dominion Hills - 124.0 Long Branch
Long Branch,Week2,Somerset-Olde Creek,Week3,297.0 Long Branch - 103.0 Somerset-Olde Creek
Long Branch,Week2,Hollin Meadows,Week1,257.0 Hollin Meadows - 145.0 Long Branch
Long Branch,Week2,Holmes Run Acres,Week5,276.0 Holmes Run Acres - 126.0 Long Branch
Long Branch,Week1,Somerset-Olde Creek,Week3,288.0 Long Branch - 101.0 Somerset-Olde Creek
Long Branch,Week2,Somerset-Olde Creek,Week5,250.0 Long Branch - 150.0 Somerset-Olde Creek
Little Rocky Run,Week5,Bren Mar-Edsall Park,Week1,388.0 Little Rocky Run - 14.0 Bren Mar-Edsall Park
Long Branch,Week1,Holmes Run Acres,Week2,245.0 Holmes Run Acres - 152.0 Long Branch
Long Branch,Week2,Holmes Run Acres,Week1,232.0 Holmes Run Acres - 170.0 Long Branch
Little Rocky Run,Week4,Bren Mar-Edsall Park,Week1,388.0 Little Rocky Run - 14.0 Bren Mar-Edsall Park
Little Rocky Run,Week4,Bren Mar-Edsall Park,Week2,392.0 Little Rocky Run - 10.0 Bren Mar-Edsall Park
Long Branch,Week1,Donaldson Run,Week3,321.0 Donaldson Run - 81.0 Long Branch
Little Rocky Run,Week1,Brookfield ,Week2,277.0 Little Rocky Run - 125.0 Brookfield
Long Branch,Week2,Somerset-Olde Creek,Week2,287.0 Long Branch - 114.0 Somerset-Olde Creek
Little Hunting Park,Week5,Virginia Hills,Week1,296.0 Little Hunting Park - 104.0 Virginia Hills
Little Rocky Run,Week4,Bren Mar-Edsall Park,Week5,383.0 Little Rocky Run - 19.0 Bren Mar-Edsall Park
Long Branch,Week3,Donaldson Run,Week5,337.0 Donaldson Run - 65.0 Long Branch
Long Branch,Week3,Holmes Run Acres,Week4,256.5 Holmes Run Acres - 145.5 Long Branch
Long Branch,Week4,Donaldson Run,Week2,310.0 Donaldson Run - 92.0 Long Branch
Long Branch,Week3,Somerset-Olde Creek,Week2,282.0 Long Branch - 119.0 Somerset-Olde Creek
Long Branch,Week5,Donaldson Run,Week4,311.0 Donaldson Run - 91.0 Long Branch
Long Branch,Week5,Donaldson Run,Week5,328.0 Donaldson Run - 74.0 Long Branch
Long Branch,Week4,Donaldson Run,Week1,309.0 Donaldson Run - 93.0 Long Branch
Long Branch,Week4,Sleepy Hollow Rec,Week5,218.0 Long Branch - 184.0 Sleepy Hollow Rec
Long Branch,Week3,Holmes Run Acres,Week2,231.0 Holmes Run Acres - 171.0 Long Branch
Long Branch,Week4,Hollin Meadows,Week5,251.0 Hollin Meadows - 151.0 Long Branch
Long Branch,Week1,Dowden Terrace,Week2,252.0 Dowden Terrace - 150.0 Long Branch
Long Branch,Week2,Somerset-Olde Creek,Week4,275.0 Long Branch - 126.0 Somerset-Olde Creek
Little Rocky Run,Week3,Bren Mar-Edsall Park,Week4,383.0 Little Rocky Run - 18.0 Bren Mar-Edsall Park
Long Branch,Week5,Hollin Meadows,Week2,229.0 Hollin Meadows - 173.0 Long Branch
Long Branch,Week5,Holmes Run Acres,Week3,262.0 Holmes Run Acres - 140.0 Long Branch
Little Rocky Run,Week1,Brookfield ,Week4,262.0 Little Rocky Run - 140.0 Brookfield
Long Branch,Week5,Hollin Meadows,Week5,249.0 Hollin Meadows - 153.0 Long Branch
Long Branch,Week3,Hollin Meadows,Week5,262.5 Hollin Meadows - 139.5 Long Branch
Long Branch,Week4,Hollin Meadows,Week2,231.0 Hollin Meadows - 171.0 Long Branch
Long Branch,Week1,Holmes Run Acres,Week1,230.0 Holmes Run Acres - 172.0 Long Branch
Little Rocky Run,Week5,Bren Mar-Edsall Park,Week3,383.0 Little Rocky Run - 19.0 Bren Mar-Edsall Park
Long Branch,Week5,Somerset-Olde Creek,Week1,287.5 Long Branch - 113.5 Somerset-Olde Creek
Long Branch,Week5,Donaldson Run,Week1,309.0 Donaldson Run - 93.0 Long Branch
Long Branch,Week5,Somerset-Olde Creek,Week5,276.0 Long Branch - 125.0 Somerset-Olde Creek
Long Branch,Week4,Donaldson Run,Week5,322.0 Donaldson Run - 80.0 Long Branch
Long Branch,Week2,Dowden Terrace,Week3,241.0 Dowden Terrace - 161.0 Long Branch
Little Rocky Run,Week3,Bren Mar-Edsall Park,Week2,390.0 Little Rocky Run - 11.0 Bren Mar-Edsall Park
Long Branch,Week1,Holmes Run Acres,Week3,273.0 Holmes Run Acres - 129.0 Long Branch
Long Branch,Week3,Hollin Meadows,Week4,252.0 Hollin Meadows - 150.0 Long Branch
Long Branch,Week5,Somerset-Olde Creek,Week2,305.5 Long Branch - 95.5 Somerset-Olde Creek
Long Branch,Week5,Hollin Meadows,Week1,253.5 Hollin Meadows - 148.5 Long Branch
Long Branch,Week4,Somerset-Olde Creek,Week2,309.0 Long Branch - 93.0 Somerset-Olde Creek
Little Rocky Run,Week2,Bren Mar-Edsall Park,Week5,378.0 Little Rocky Run - 24.0 Bren Mar-Edsall Park
Long Branch,Week4,Somerset-Olde Creek,Week4,286.0 Long Branch - 116.0 Somerset-Olde Creek
Little Rocky Run,Week5,Bren Mar-Edsall Park,Week4,386.0 Little Rocky Run - 11.0 Bren Mar-Edsall Park
Long Branch,Week2,Dowden Terrace,Week1,240.0 Dowden Terrace - 158.0 Long Branch
Long Branch,Week2,Dowden Terrace,Week2,251.0 Dowden Terrace - 151.0 Long Branch
Little Rocky Run,Week2,Bren Mar-Edsall Park,Week3,380.0 Little Rocky Run - 22.0 Bren Mar-Edsall Park
Long Branch,Week1,South Run,Week2,230.0 South Run - 170.0 Long Branch
Little Rocky Run,Week1,Brookfield ,Week3,283.0 Little Rocky Run - 119.0 Brookfield
Long Branch,Week5,Somerset-Olde Creek,Week3,303.5 Long Branch - 97.5 Somerset-Olde Creek
Long Branch,Week2,Dowden Terrace,Week4,248.0 Dowden Terrace - 154.0 Long Branch
Little Rocky Run,Week4,Bren Mar-Edsall Park,Week4,385.0 Little Rocky Run - 17.0 Bren Mar-Edsall Park
Long Branch,Week1,South Run,Week3,241.0 South Run - 160.0 Long Branch
Long Branch,Week2,Dowden Terrace,Week5,263.0 Dowden Terrace - 139.0 Long Branch
Little Rocky Run,Week3,Arlington Forest,Week2,287.0 Little Rocky Run - 115.0 Arlington Forest
Long Branch,Week1,Springboard,Week3,225.0 Long Branch - 173.0 Springboard
Long Branch,Week2,Holmes Run Acres,Week2,219.0 Holmes Run Acres - 183.0 Long Branch
Long Branch,Week3,Dowden Terrace,Week1,234.0 Dowden Terrace - 167.0 Long Branch
Little Rocky Run,Week1,Brandywine,Week1,266.0 Little Rocky Run - 136.0 Brandywine
Long Branch,Week1,Springboard,Week1,237.0 Long Branch - 161.0 Springboard
Little Rocky Run,Week1,Brookfield ,Week1,250.0 Little Rocky Run - 152.0 Brookfield
Long Branch,Week2,South Run,Week4,223.0 South Run - 178.0 Long Branch
Long Branch,Week1,Holmes Run Acres,Week5,275.0 Holmes Run Acres - 127.0 Long Branch
Little Rocky Run,Week2,Bren Mar-Edsall Park,Week1,386.0 Little Rocky Run - 16.0 Bren Mar-Edsall Park
Long Branch,Week3,Dowden Terrace,Week3,249.0 Dowden Terrace - 153.0 Long Branch
Long Branch,Week5,Hollin Meadows,Week3,232.0 Hollin Meadows - 170.0 Long Branch
Long Branch,Week4,Donaldson Run,Week4,318.0 Donaldson Run - 84.0 Long Branch
Long Branch,Week2,Holmes Run Acres,Week3,276.0 Holmes Run Acres - 126.0 Long Branch
Long Branch,Week4,South Run,Week4,209.0 South Run - 193.0 Long Branch
Long Branch,Week3,Dowden Terrace,Week2,255.0 Dowden Terrace - 147.0 Long Branch
Long Branch,Week1,Dowden Terrace,Week5,265.5 Dowden Terrace - 136.5 Long Branch
Long Branch,Week4,Hollin Meadows,Week4,243.0 Hollin Meadows - 159.0 Long Branch
Little Rocky Run,Week5,Bren Mar-Edsall Park,Week5,382.0 Little Rocky Run - 15.0 Bren Mar-Edsall Park
Long Branch,Week4,Holmes Run Acres,Week3,263.0 Holmes Run Acres - 139.0 Long Branch
Long Branch,Week3,Dowden Terrace,Week4,257.0 Dowden Terrace - 145.0 Long Branch
Little Rocky Run,Week4,Bren Mar-Edsall Park,Week3,385.0 Little Rocky Run - 17.0 Bren Mar-Edsall Park
Long Branch,Week1,Dowden Terrace,Week3,244.0 Dowden Terrace - 158.0 Long Branch
Long Branch,Week5,South Run,Week1,227.0 South Run - 165.0 Long Branch
Long Branch,Week5,South Run,Week5,252.0 South Run - 150.0 Long Branch
Long Branch,Week5,Donaldson Run,Week3,303.0 Donaldson Run - 99.0 Long Branch
Little Rocky Run,Week2,Arlington Forest,Week2,257.0 Little Rocky Run - 145.0 Arlington Forest
Little Rocky Run,Week3,Bren Mar-Edsall Park,Week5,382.0 Little Rocky Run - 20.0 Bren Mar-Edsall Park
Long Branch,Week3,Holmes Run Acres,Week1,247.0 Holmes Run Acres - 155.0 Long Branch
Little Rocky Run,Week3,Bren Mar-Edsall Park,Week1,384.0 Little Rocky Run - 18.0 Bren Mar-Edsall Park
Little Rocky Run,Week5,Bren Mar-Edsall Park,Week2,388.0 Little Rocky Run - 9.0 Bren Mar-Edsall Park
Long Branch,Week1,Dowden Terrace,Week1,238.0 Dowden Terrace - 160.0 Long Branch
Little Rocky Run,Week2,Bren Mar-Edsall Park,Week2,390.0 Little Rocky Run - 12.0 Bren Mar-Edsall Park
Long Branch,Week2,South Run,Week3,238.0 South Run - 163.0 Long Branch
Little Rocky Run,Week1,Brookfield ,Week5,266.0 Little Rocky Run - 136.0 Brookfield
Long Branch,Week4,Hollin Meadows,Week3,245.0 Hollin Meadows - 157.0 Long Branch
Long Branch,Week1,Dowden Terrace,Week4,251.0 Dowden Terrace - 146.0 Long Branch
Long Branch,Week4,Holmes Run Acres,Week1,233.0 Holmes Run Acres - 169.0 Long Branch
Long Branch,Week2,South Run,Week1,239.0 South Run - 153.0 Long Branch
Long Branch,Week3,Holmes Run Acres,Week3,271.0 Holmes Run Acres - 131.0 Long Branch
Little Rocky Run,Week2,Brookfield ,Week1,246.0 Little Rocky Run - 156.0 Brookfield
Long Branch,Week1,South Run,Week4,231.0 South Run - 169.0 Long Branch
Long Branch,Week2,Springboard,Week2,255.0 Long Branch - 143.0 Springboard
Long Branch,Week5,Donaldson Run,Week2,314.0 Donaldson Run - 88.0 Long Branch
Long Branch,Week4,Dowden Terrace,Week1,238.0 Dowden Terrace - 163.0 Long Branch
Little Rocky Run,Week3,Arlington Forest,Week5,249.0 Little Rocky Run - 153.0 Arlington Forest
Long Branch,Week3,Dunn Loring,Week1,263.0 Dunn Loring - 139.0 Long Branch
Long Branch,Week4,Holmes Run Acres,Week5,275.0 Holmes Run Acres - 127.0 Long Branch
Little Rocky Run,Week3,Bren Mar-Edsall Park,Week3,380.0 Little Rocky Run - 22.0 Bren Mar-Edsall Park
Long Branch,Week5,Holmes Run Acres,Week2,220.0 Holmes Run Acres - 182.0 Long Branch
Long Branch,Week5,Holmes Run Acres,Week1,229.0 Holmes Run Acres - 173.0 Long Branch
Little Rocky Run,Week1,Arlington Forest,Week4,247.0 Little Rocky Run - 155.0 Arlington Forest
Little Rocky Run,Week4,Arlington Forest,Week2,285.5 Little Rocky Run - 116.5 Arlington Forest
Long Branch,Week4,South Run,Week3,224.0 South Run - 178.0 Long Branch
Long Branch,Week5,Dowden Terrace,Week1,232.0 Dowden Terrace - 166.0 Long Branch
Long Branch,Week1,Hunt Valley,Week2,309.0 Hunt Valley - 93.0 Long Branch
Long Branch,Week2,South Run,Week5,262.5 South Run - 139.5 Long Branch
Long Branch,Week1,Hunt Valley,Week1,300.0 Hunt Valley - 102.0 Long Branch
Long Branch,Week2,Dunn Loring,Week1,268.0 Dunn Loring - 134.0 Long Branch
Long Branch,Week1,Springboard,Week2,249.0 Long Branch - 143.0 Springboard
Little Rocky Run,Week4,Arlington Forest,Week5,241.0 Little Rocky Run - 161.0 Arlington Forest
Little Rocky Run,Week3,Arlington Forest,Week1,279.0 Little Rocky Run - 123.0 Arlington Forest
Long Branch,Week4,South Run,Week5,242.0 South Run - 160.0 Long Branch
Little Rocky Run,Week1,Annandale,Week1,312.0 Little Rocky Run - 85.0 Annandale
Little Rocky Run,Week3,Arlington Forest,Week3,300.0 Little Rocky Run - 102.0 Arlington Forest
Little Rocky Run,Week1,Annandale,Week3,305.0 Little Rocky Run - 92.0 Annandale
Long Branch,Week4,Dowden Terrace,Week2,245.0 Dowden Terrace - 157.0 Long Branch
Long Branch,Week3,South Run,Week4,250.0 South Run - 152.0 Long Branch
Long Branch,Week4,Holmes Run Acres,Week4,243.0 Holmes Run Acres - 159.0 Long Branch
Little Hunting Park,Week4,Woodley,Week2,237.0 Little Hunting Park - 164.0 Woodley
Long Branch,Week3,Dunn Loring,Week5,295.0 Dunn Loring - 107.0 Long Branch
Little Hunting Park,Week3,Woodley,Week2,235.0 Little Hunting Park - 167.0 Woodley
Little Rocky Run,Week4,Arlington Forest,Week3,302.0 Little Rocky Run - 100.0 Arlington Forest
Little Rocky Run,Week1,Brandywine,Week2,237.0 Little Rocky Run - 165.0 Brandywine
Long Branch,Week4,Dunn Loring,Week1,271.0 Dunn Loring - 131.0 Long Branch
Long Branch,Week5,Holmes Run Acres,Week5,271.0 Holmes Run Acres - 131.0 Long Branch
Little Rocky Run,Week1,Brandywine,Week3,244.0 Little Rocky Run - 153.0 Brandywine
Long Branch,Week2,Hunt Valley,Week3,317.0 Hunt Valley - 85.0 Long Branch
Little Rocky Run,Week5,Arlington Forest,Week4,270.0 Little Rocky Run - 132.0 Arlington Forest
Long Branch,Week2,Springboard,Week1,234.5 Long Branch - 163.5 Springboard
Little Hunting Park,Week3,Woodley,Week1,224.0 Little Hunting Park - 178.0 Woodley
Long Branch,Week1,Hunt Valley,Week4,309.0 Hunt Valley - 93.0 Long Branch
Little Hunting Park,Week1,Woodley,Week5,227.0 Little Hunting Park - 171.0 Woodley
Long Branch,Week2,Hunt Valley,Week2,317.0 Hunt Valley - 85.0 Long Branch
Long Branch,Week5,Dowden Terrace,Week4,241.0 Dowden Terrace - 161.0 Long Branch
Little Hunting Park,Week4,Woodley,Week1,226.0 Little Hunting Park - 176.0 Woodley
Long Branch,Week4,South Run,Week2,218.0 South Run - 184.0 Long Branch
Long Branch,Week1,Dunn Loring,Week4,301.0 Dunn Loring - 101.0 Long Branch
Long Branch,Week5,Dowden Terrace,Week3,241.0 Dowden Terrace - 161.0 Long Branch
Long Branch,Week3,South Run,Week3,258.0 South Run - 144.0 Long Branch
Long Branch,Week1,Springboard,Week4,211.0 Long Branch - 179.0 Springboard
Little Rocky Run,Week1,Arlington Forest,Week5,229.0 Little Rocky Run - 173.0 Arlington Forest
Long Branch,Week3,South Run,Week2,242.5 South Run - 159.5 Long Branch
Long Branch,Week2,Dunn Loring,Week4,308.0 Dunn Loring - 94.0 Long Branch
Long Branch,Week5,South Run,Week3,215.0 South Run - 186.0 Long Branch
Little Hunting Park,Week5,Woodley,Week3,254.0 Little Hunting Park - 148.0 Woodley
Long Branch,Week2,Hunt Valley,Week4,313.0 Hunt Valley - 89.0 Long Branch
Little Rocky Run,Week2,Annandale,Week1,323.0 Little Rocky Run - 79.0 Annandale
Little Rocky Run,Week5,Arlington Forest,Week1,290.0 Little Rocky Run - 112.0 Arlington Forest
Long Branch,Week1,Hunt Valley,Week5,324.0 Hunt Valley - 78.0 Long Branch
Long Branch,Week5,Dowden Terrace,Week5,260.5 Dowden Terrace - 141.5 Long Branch
Little Rocky Run,Week5,Arlington Forest,Week3,314.0 Little Rocky Run - 88.0 Arlington Forest
Long Branch,Week3,Hunt Valley,Week2,308.0 Hunt Valley - 94.0 Long Branch
Long Branch,Week2,Dunn Loring,Week5,306.0 Dunn Loring - 96.0 Long Branch
Long Branch,Week2,Dunn Loring,Week3,308.0 Dunn Loring - 94.0 Long Branch
Long Branch,Week2,South Run,Week2,224.0 South Run - 172.0 Long Branch
Long Branch,Week4,Dowden Terrace,Week5,278.0 Dowden Terrace - 124.0 Long Branch
Little Rocky Run,Week1,Brandywine,Week4,244.0 Little Rocky Run - 158.0 Brandywine
Little Hunting Park,Week2,Woodley,Week1,225.0 Little Hunting Park - 177.0 Woodley
Little Rocky Run,Week2,Arlington Forest,Week4,247.0 Little Rocky Run - 155.0 Arlington Forest
Little Rocky Run,Week5,Arlington Forest,Week5,250.0 Little Rocky Run - 147.0 Arlington Forest
Little Hunting Park,Week1,Woodley,Week2,226.0 Little Hunting Park - 172.0 Woodley
Long Branch,Week3,South Run,Week5,281.0 South Run - 121.0 Long Branch
Little Hunting Park,Week3,Woodley,Week4,235.0 Little Hunting Park - 167.0 Woodley
Long Branch,Week3,Hunt Valley,Week5,336.0 Hunt Valley - 66.0 Long Branch
Little Rocky Run,Week4,Arlington Forest,Week4,255.0 Little Rocky Run - 147.0 Arlington Forest
Little Rocky Run,Week2,Arlington Forest,Week1,260.0 Little Rocky Run - 142.0 Arlington Forest
Long Branch,Week2,Hunt Valley,Week1,304.0 Hunt Valley - 98.0 Long Branch
Long Branch,Week4,Dunn Loring,Week2,314.0 Dunn Loring - 88.0 Long Branch
Long Branch,Week5,South Run,Week4,216.0 South Run - 185.0 Long Branch
Long Branch,Week4,Hunt Valley,Week1,301.0 Hunt Valley - 101.0 Long Branch
Little Rocky Run,Week3,Arlington Forest,Week4,254.0 Little Rocky Run - 148.0 Arlington Forest
Little Rocky Run,Week2,Arlington Forest,Week5,234.0 Little Rocky Run - 168.0 Arlington Forest
Long Branch,Week1,Springboard,Week5,222.0 Long Branch - 176.0 Springboard
Long Branch,Week5,South Run,Week2,223.0 South Run - 178.0 Long Branch
Long Branch,Week4,Dowden Terrace,Week3,242.0 Dowden Terrace - 160.0 Long Branch
Little Hunting Park,Week1,Woodley,Week3,219.0 Little Hunting Park - 182.0 Woodley
Long Branch,Week4,Dowden Terrace,Week4,238.0 Dowden Terrace - 164.0 Long Branch
Little Rocky Run,Week5,Arlington Forest,Week2,295.0 Little Rocky Run - 102.0 Arlington Forest
Long Branch,Week3,Hunt Valley,Week4,310.0 Hunt Valley - 92.0 Long Branch
Long Branch,Week3,South Run,Week1,250.0 South Run - 143.0 Long Branch
Little Hunting Park,Week2,Woodley,Week2,231.0 Little Hunting Park - 170.0 Woodley
Long Branch,Week2,Springboard,Week3,233.0 Long Branch - 165.0 Springboard
Little Hunting Park,Week5,Woodley,Week1,250.0 Little Hunting Park - 152.0 Woodley
Long Branch,Week4,South Run,Week1,227.0 South Run - 166.0 Long Branch
Little Hunting Park,Week2,Woodley,Week4,221.0 Little Hunting Park - 181.0 Woodley
Long Branch,Week3,Hunt Valley,Week3,326.0 Hunt Valley - 76.0 Long Branch
Long Branch,Week3,Hunt Valley,Week1,302.0 Hunt Valley - 100.0 Long Branch
Long Branch,Week2,Hunt Valley,Week5,332.0 Hunt Valley - 70.0 Long Branch
Little Hunting Park,Week5,Woodley,Week2,243.0 Little Hunting Park - 159.0 Woodley
Long Branch,Week1,Fair Oaks ,Week2,229.0 Fair Oaks - 173.0 Long Branch
Long Branch,Week4,Springboard,Week1,243.0 Long Branch - 158.0 Springboard
Little Hunting Park,Week3,Woodley,Week3,219.0 Little Hunting Park - 183.0 Woodley
Long Branch,Week5,Dowden Terrace,Week2,241.0 Dowden Terrace - 161.0 Long Branch
Little Hunting Park,Week4,Woodley,Week3,229.0 Little Hunting Park - 173.0 Woodley
Long Branch,Week1,Dunn Loring,Week3,312.0 Dunn Loring - 90.0 Long Branch
Long Branch,Week1,Dunn Loring,Week1,277.0 Dunn Loring - 125.0 Long Branch
Long Branch,Week2,Springboard,Week5,213.0 Long Branch - 185.0 Springboard
Long Branch,Week3,Dowden Terrace,Week5,277.0 Dowden Terrace - 125.0 Long Branch
Long Branch,Week1,Dunn Loring,Week5,307.0 Dunn Loring - 95.0 Long Branch
Little Rocky Run,Week4,Arlington Forest,Week1,273.0 Little Rocky Run - 129.0 Arlington Forest
Long Branch,Week2,Springfield,Week1,334.0 Long Branch - 66.0 Springfield
Long Branch,Week3,Springboard,Week4,205.0 Long Branch - 197.0 Springboard
Little Hunting Park,Week4,Woodley,Week5,213.0 Little Hunting Park - 188.0 Woodley
Long Branch,Week5,Holmes Run Acres,Week4,232.5 Holmes Run Acres - 169.5 Long Branch
Little Hunting Park,Week2,Woodley,Week3,217.0 Little Hunting Park - 184.0 Woodley
Long Branch,Week3,Dunn Loring,Week2,307.0 Dunn Loring - 95.0 Long Branch
Little Hunting Park,Week4,Woodley,Week4,227.0 Little Hunting Park - 175.0 Woodley
Long Branch,Week2,Springfield,Week5,338.0 Long Branch - 60.0 Springfield
Little Hunting Park,Week5,Woodley,Week4,248.0 Little Hunting Park - 154.0 Woodley
Long Branch,Week1,Hunt Valley,Week3,324.0 Hunt Valley - 78.0 Long Branch
Little Rocky Run,Week1,Mount Vernon Park,Week2,206.0 Mount Vernon Park - 196.0 Little Rocky Run
Little Hunting Park,Week3,Woodley,Week5,205.0 Little Hunting Park - 197.0 Woodley
Long Branch,Week2,Springfield,Week2,340.0 Long Branch - 61.0 Springfield
Little Rocky Run,Week2,Arlington Forest,Week3,289.0 Little Rocky Run - 113.0 Arlington Forest
Long Branch,Week1,Dunn Loring,Week2,316.0 Dunn Loring - 86.0 Long Branch
Long Branch,Week2,Dunn Loring,Week2,301.0 Dunn Loring - 101.0 Long Branch
Long Branch,Week3,Springfield,Week5,339.0 Long Branch - 58.0 Springfield
Little Hunting Park,Week2,Woodley,Week5,220.5 Little Hunting Park - 180.5 Woodley
Long Branch,Week2,Springfield,Week4,315.0 Long Branch - 81.0 Springfield
Long Branch,Week4,Springboard,Week2,261.0 Long Branch - 140.0 Springboard
Long Branch,Week2,Springboard,Week4,211.0 Long Branch - 190.0 Springboard
Little Rocky Run,Week3,Mount Vernon Park,Week3,203.0 Mount Vernon Park - 199.0 Little Rocky Run
Little Rocky Run,Week1,Annandale,Week5,298.0 Little Rocky Run - 104.0 Annandale
Little Hunting Park,Week1,Woodley,Week4,238.0 Little Hunting Park - 163.0 Woodley
Long Branch,Week3,Springfield,Week3,332.0 Long Branch - 65.0 Springfield
Little Hunting Park,Week1,Woodley,Week1,224.0 Little Hunting Park - 178.0 Woodley
Little Rocky Run,Week2,Mount Vernon Park,Week3,215.0 Mount Vernon Park - 187.0 Little Rocky Run
Long Branch,Week4,Dunn Loring,Week5,313.0 Dunn Loring - 89.0 Long Branch
Long Branch,Week5,Dunn Loring,Week1,253.0 Dunn Loring - 149.0 Long Branch
Little Rocky Run,Week2,Mount Vernon Park,Week5,241.0 Mount Vernon Park - 161.0 Little Rocky Run
Long Branch,Week3,Springboard,Week3,224.0 Long Branch - 177.0 Springboard
Little Rocky Run,Week2,Mount Vernon Park,Week1,213.0 Mount Vernon Park - 189.0 Little Rocky Run
Little Rocky Run,Week2,Mosby Woods,Week5,201.0 Little Rocky Run - 201.0 Mosby Woods
Little Rocky Run,Week5,Mosby Woods,Week3,223.0 Little Rocky Run - 179.0 Mosby Woods
Long Branch,Week4,Springboard,Week3,235.0 Long Branch - 166.0 Springboard
Long Branch,Week4,Springboard,Week4,226.0 Long Branch - 176.0 Springboard
Little Rocky Run,Week1,Annandale,Week2,317.0 Little Rocky Run - 85.0 Annandale
Long Branch,Week3,Springboard,Week1,229.0 Long Branch - 172.0 Springboard
Little Hunting Park,Week5,Woodley,Week5,232.0 Little Hunting Park - 170.0 Woodley
Long Branch,Week3,Dunn Loring,Week4,308.0 Dunn Loring - 94.0 Long Branch
Long Branch,Week3,Dunn Loring,Week3,318.0 Dunn Loring - 84.0 Long Branch
Long Branch,Week5,Dunn Loring,Week3,303.0 Dunn Loring - 99.0 Long Branch
Little Rocky Run,Week1,Annandale,Week4,331.0 Little Rocky Run - 71.0 Annandale
Little Rocky Run,Week3,Annandale,Week1,342.0 Little Rocky Run - 60.0 Annandale
Little Rocky Run,Week2,Annandale,Week3,325.0 Little Rocky Run - 77.0 Annandale
Long Branch,Week4,Springboard,Week5,229.0 Long Branch - 172.0 Springboard
Long Branch,Week4,Dunn Loring,Week4,312.0 Dunn Loring - 90.0 Long Branch
Little Rocky Run,Week3,Mosby Woods,Week5,210.0 Little Rocky Run - 192.0 Mosby Woods
Long Branch,Week5,Dunn Loring,Week4,288.5 Dunn Loring - 113.5 Long Branch
Long Branch,Week1,Fair Oaks ,Week1,259.0 Fair Oaks - 143.0 Long Branch
Long Branch,Week5,Fair Oaks ,Week3,249.5 Fair Oaks - 152.5 Long Branch
Little Rocky Run,Week3,Mosby Woods,Week3,213.0 Little Rocky Run - 189.0 Mosby Woods
Long Branch,Week1,Fairfax,Week2,303.0 Fairfax - 99.0 Long Branch
Little Rocky Run,Week2,Mosby Woods,Week4,222.0 Little Rocky Run - 180.0 Mosby Woods
Little Rocky Run,Week5,Annandale,Week4,352.0 Little Rocky Run - 50.0 Annandale
Long Branch,Week5,Springboard,Week3,259.0 Long Branch - 139.0 Springboard
Little Rocky Run,Week4,Annandale,Week1,339.0 Little Rocky Run - 63.0 Annandale
Long Branch,Week1,Fair Oaks ,Week4,249.0 Fair Oaks - 153.0 Long Branch
Long Branch,Week5,Springboard,Week4,243.5 Long Branch - 157.5 Springboard
Long Branch,Week3,Springboard,Week2,253.0 Long Branch - 148.0 Springboard
Little Rocky Run,Week5,Mosby Woods,Week1,203.0 Little Rocky Run - 199.0 Mosby Woods
Long Branch,Week3,Springboard,Week5,216.5 Long Branch - 184.5 Springboard
Long Branch,Week1,Springfield,Week4,319.0 Long Branch - 66.0 Springfield
Little Rocky Run,Week4,Mosby Woods,Week4,214.5 Little Rocky Run - 187.5 Mosby Woods
Long Branch,Week5,Fair Oaks ,Week5,249.0 Fair Oaks - 153.0 Long Branch
Long Branch,Week4,Dunn Loring,Week3,314.0 Dunn Loring - 88.0 Long Branch
Long Branch,Week5,Dunn Loring,Week2,301.0 Dunn Loring - 101.0 Long Branch
Long Branch,Week1,Springfield,Week3,330.0 Long Branch - 50.0 Springfield
Little Rocky Run,Week5,Mosby Woods,Week4,238.0 Little Rocky Run - 164.0 Mosby Woods
Little Rocky Run,Week4,Annandale,Week3,335.0 Little Rocky Run - 67.0 Annandale
Little Rocky Run,Week2,Annandale,Week4,338.0 Little Rocky Run - 64.0 Annandale
Little Rocky Run,Week4,Annandale,Week5,330.0 Little Rocky Run - 72.0 Annandale
Long Branch,Week2,Fair Oaks ,Week1,246.0 Fair Oaks - 156.0 Long Branch
Little Rocky Run,Week4,Annandale,Week2,336.0 Little Rocky Run - 66.0 Annandale
Little Rocky Run,Week4,Annandale,Week4,347.0 Little Rocky Run - 55.0 Annandale
Long Branch,Week5,Dunn Loring,Week5,292.0 Dunn Loring - 110.0 Long Branch
Little Rocky Run,Week3,Annandale,Week4,352.0 Little Rocky Run - 50.0 Annandale
Little Rocky Run,Week3,Annandale,Week5,331.0 Little Rocky Run - 71.0 Annandale
Long Branch,Week5,Springboard,Week5,246.0 Long Branch - 152.0 Springboard
Long Branch,Week5,Springboard,Week1,257.0 Long Branch - 141.0 Springboard
Little Rocky Run,Week3,Mosby Woods,Week4,234.0 Little Rocky Run - 168.0 Mosby Woods
Long Branch,Week5,Springboard,Week2,272.0 Long Branch - 126.0 Springboard
Little Rocky Run,Week1,Mount Vernon Park,Week4,207.0 Mount Vernon Park - 195.0 Little Rocky Run
Long Branch,Week1,Fairfax,Week1,279.0 Fairfax - 123.0 Long Branch
Little Rocky Run,Week4,Mosby Woods,Week5,206.0 Mosby Woods - 196.0 Little Rocky Run
Little Rocky Run,Week1,Mount Vernon Park,Week1,210.0 Mount Vernon Park - 192.0 Little Rocky Run
Little Rocky Run,Week3,Mosby Woods,Week2,207.0 Little Rocky Run - 195.0 Mosby Woods
Long Branch,Week1,Springfield,Week2,326.0 Long Branch - 56.0 Springfield
Long Branch,Week1,Springfield,Week1,324.0 Long Branch - 65.0 Springfield
Long Branch,Week5,Fair Oaks ,Week4,241.0 Fair Oaks - 161.0 Long Branch
Little Rocky Run,Week3,Mount Vernon Park,Week1,207.5 Little Rocky Run - 194.5 Mount Vernon Park
Little Rocky Run,Week5,Annandale,Week2,338.0 Little Rocky Run - 64.0 Annandale
Long Branch,Week1,Springfield,Week5,330.0 Long Branch - 54.0 Springfield
Long Branch,Week1,Stratford,Week5,206.0 Long Branch - 196.0 Stratford
Little Rocky Run,Week5,Mosby Woods,Week5,212.0 Little Rocky Run - 190.0 Mosby Woods
Long Branch,Week3,Fair Oaks ,Week5,271.0 Fair Oaks - 131.0 Long Branch
Little Rocky Run,Week1,Arlington Forest,Week3,275.0 Little Rocky Run - 127.0 Arlington Forest
Little Rocky Run,Week1,Mount Vernon Park,Week5,230.0 Mount Vernon Park - 172.0 Little Rocky Run
Little Rocky Run,Week4,Mosby Woods,Week3,209.0 Little Rocky Run - 193.0 Mosby Woods
Long Branch,Week5,Fair Oaks ,Week2,220.0 Fair Oaks - 182.0 Long Branch
Long Branch,Week3,Springfield,Week2,326.0 Long Branch - 69.0 Springfield
Long Branch,Week1,Fair Oaks ,Week3,261.0 Fair Oaks - 141.0 Long Branch
Little Rocky Run,Week4,Mosby Woods,Week1,214.0 Mosby Woods - 188.0 Little Rocky Run
Long Branch,Week1,Fairfax,Week3,293.0 Fairfax - 108.0 Long Branch
Little Rocky Run,Week4,Mosby Woods,Week2,212.0 Mosby Woods - 190.0 Little Rocky Run
Long Branch,Week3,Springfield,Week1,319.0 Long Branch - 77.0 Springfield
Long Branch,Week3,Fair Oaks ,Week1,260.0 Fair Oaks - 142.0 Long Branch
Little Rocky Run,Week1,Arlington Forest,Week2,260.0 Little Rocky Run - 142.0 Arlington Forest
Long Branch,Week3,Springfield,Week4,318.0 Long Branch - 79.0 Springfield
Long Branch,Week2,Fair Oaks ,Week2,222.0 Fair Oaks - 180.0 Long Branch
Little Rocky Run,Week5,Annandale,Week5,327.0 Little Rocky Run - 75.0 Annandale
Little Rocky Run,Week3,Annandale,Week2,343.5 Little Rocky Run - 58.5 Annandale
Little Rocky Run,Week2,Annandale,Week5,312.0 Little Rocky Run - 90.0 Annandale
Little Rocky Run,Week5,Mosby Woods,Week2,205.0 Little Rocky Run - 197.0 Mosby Woods
Little Rocky Run,Week2,Annandale,Week2,320.0 Little Rocky Run - 82.0 Annandale
Long Branch,Week2,Springfield,Week3,334.0 Long Branch - 63.0 Springfield
Little Rocky Run,Week2,Canterbury Woods,Week1,283.0 Little Rocky Run - 119.0 Canterbury Woods
Little Rocky Run,Week1,Mount Vernon Park,Week3,223.0 Mount Vernon Park - 179.0 Little Rocky Run
Little Rocky Run,Week1,Arlington Forest,Week1,249.0 Little Rocky Run - 148.0 Arlington Forest
Long Branch,Week4,Fair Oaks ,Week4,255.0 Fair Oaks - 147.0 Long Branch
Little Rocky Run,Week3,Mount Vernon Park,Week2,212.0 Little Rocky Run - 190.0 Mount Vernon Park
Little Rocky Run,Week5,Annandale,Week1,338.0 Little Rocky Run - 64.0 Annandale
Long Branch,Week4,Fair Oaks ,Week5,275.0 Fair Oaks - 127.0 Long Branch
Long Branch,Week5,Springfield,Week5,355.0 Long Branch - 46.0 Springfield
Long Branch,Week1,Stratford,Week3,206.0 Long Branch - 196.0 Stratford
Little Rocky Run,Week3,Camelot,Week4,294.5 Little Rocky Run - 107.5 Camelot
Long Branch,Week3,Fair Oaks ,Week4,267.0 Fair Oaks - 135.0 Long Branch
Little Rocky Run,Week2,Camelot,Week5,271.0 Little Rocky Run - 131.0 Camelot
Long Branch,Week3,Stratford,Week2,206.0 Long Branch - 196.0 Stratford
Little Rocky Run,Week2,Canterbury Woods,Week5,267.0 Little Rocky Run - 135.0 Canterbury Woods
Long Branch,Week4,Fair Oaks ,Week2,237.0 Fair Oaks - 165.0 Long Branch
Little Rocky Run,Week2,Newington Forest,Week4,305.0 Little Rocky Run - 97.0 Newington Forest
Long Branch,Week5,Springfield,Week4,332.0 Long Branch - 68.0 Springfield
Long Branch,Week2,Fair Oaks ,Week5,261.0 Fair Oaks - 141.0 Long Branch
Little Rocky Run,Week3,Newington Forest,Week2,330.0 Little Rocky Run - 72.0 Newington Forest
Long Branch,Week2,Stratford,Week1,236.0 Long Branch - 165.0 Stratford
Long Branch,Week2,Fair Oaks ,Week3,253.0 Fair Oaks - 149.0 Long Branch
Long Branch,Week4,Springfield,Week1,350.0 Long Branch - 52.0 Springfield
Little Rocky Run,Week4,Camelot,Week2,274.0 Little Rocky Run - 128.0 Camelot
Little Rocky Run,Week5,Annandale,Week3,337.0 Little Rocky Run - 60.0 Annandale
Long Branch,Week4,Fair Oaks ,Week3,261.0 Fair Oaks - 141.0 Long Branch
Little Rocky Run,Week3,Canterbury Woods,Week5,298.0 Little Rocky Run - 104.0 Canterbury Woods
Little Rocky Run,Week2,Canterbury Woods,Week3,268.0 Little Rocky Run - 134.0 Canterbury Woods
Little Rocky Run,Week3,Annandale,Week3,333.0 Little Rocky Run - 69.0 Annandale
Little Rocky Run,Week2,Mount Vernon Park,Week4,215.0 Mount Vernon Park - 187.0 Little Rocky Run
Little Rocky Run,Week4,Camelot,Week1,285.0 Little Rocky Run - 117.0 Camelot
Little Rocky Run,Week3,Mosby Woods,Week1,203.0 Mosby Woods - 199.0 Little Rocky Run
Long Branch,Week4,Springfield,Week2,349.0 Long Branch - 53.0 Springfield
Little Rocky Run,Week2,Mount Vernon Park,Week2,223.0 Mount Vernon Park - 179.0 Little Rocky Run
Little Rocky Run,Week4,Camelot,Week3,281.0 Little Rocky Run - 121.0 Camelot
Little Rocky Run,Week3,Newington Forest,Week4,317.0 Little Rocky Run - 85.0 Newington Forest
Little Rocky Run,Week4,Mount Vernon Park,Week4,206.0 Mount Vernon Park - 196.0 Little Rocky Run
Long Branch,Week4,Springfield,Week5,358.0 Long Branch - 44.0 Springfield
Long Branch,Week3,Fair Oaks ,Week2,241.0 Fair Oaks - 161.0 Long Branch
Little Rocky Run,Week3,Camelot,Week3,286.0 Little Rocky Run - 116.0 Camelot
Long Branch,Week5,Fair Oaks ,Week1,239.0 Fair Oaks - 163.0 Long Branch
Little Rocky Run,Week3,Camelot,Week1,285.0 Little Rocky Run - 117.0 Camelot
Long Branch,Week5,Fairfax,Week1,271.5 Fairfax - 130.5 Long Branch
Long Branch,Week1,Stratford,Week2,211.0 Long Branch - 186.0 Stratford
Long Branch,Week3,Stratford,Week5,202.0 Long Branch - 200.0 Stratford
Long Branch,Week2,Stratford,Week4,216.0 Stratford - 186.0 Long Branch
Long Branch,Week2,Stratford,Week5,210.0 Long Branch - 192.0 Stratford
Little Rocky Run,Week1,Canterbury Woods,Week2,287.0 Little Rocky Run - 115.0 Canterbury Woods
Little Rocky Run,Week1,Newington Forest,Week3,304.0 Little Rocky Run - 98.0 Newington Forest
Long Branch,Week2,Stratford,Week2,206.0 Long Branch - 196.0 Stratford
Long Branch,Week3,Fair Oaks ,Week3,258.0 Fair Oaks - 144.0 Long Branch
Long Branch,Week1,Fair Oaks ,Week5,270.5 Fair Oaks - 131.5 Long Branch
Little Rocky Run,Week3,Camelot,Week2,275.0 Little Rocky Run - 127.0 Camelot
Long Branch,Week3,Stratford,Week4,220.0 Stratford - 182.0 Long Branch
Little Rocky Run,Week4,Mount Vernon Park,Week5,231.0 Mount Vernon Park - 171.0 Little Rocky Run
Little Rocky Run,Week1,Canterbury Woods,Week3,284.0 Little Rocky Run - 118.0 Canterbury Woods
Long Branch,Week2,Fair Oaks ,Week4,256.0 Fair Oaks - 146.0 Long Branch
Little Rocky Run,Week2,Canterbury Woods,Week4,257.0 Little Rocky Run - 145.0 Canterbury Woods
Little Rocky Run,Week4,Newington Forest,Week2,338.0 Little Rocky Run - 64.0 Newington Forest
Little Rocky Run,Week4,Newington Forest,Week4,324.0 Little Rocky Run - 78.0 Newington Forest
Long Branch,Week2,Fairfax,Week2,304.0 Fairfax - 98.0 Long Branch
Little Rocky Run,Week1,Canterbury Woods,Week1,292.0 Little Rocky Run - 110.0 Canterbury Woods
Long Branch,Week1,Stratford,Week4,216.0 Stratford - 186.0 Long Branch
Little Rocky Run,Week5,Camelot,Week5,294.0 Little Rocky Run - 108.0 Camelot
Little Rocky Run,Week5,Mount Vernon Park,Week4,232.0 Little Rocky Run - 170.0 Mount Vernon Park
Long Branch,Week4,Fair Oaks ,Week1,258.0 Fair Oaks - 144.0 Long Branch
Long Branch,Week2,Fairfax,Week3,295.0 Fairfax - 106.0 Long Branch
Little Rocky Run,Week3,Mount Vernon Park,Week4,207.0 Little Rocky Run - 195.0 Mount Vernon Park
Little Rocky Run,Week3,Newington Forest,Week5,311.0 Little Rocky Run - 91.0 Newington Forest
Little Rocky Run,Week3,Newington Forest,Week1,344.0 Little Rocky Run - 58.0 Newington Forest
Long Branch,Week1,Fairfax,Week4,291.0 Fairfax - 110.0 Long Branch
Long Branch,Week4,Springfield,Week4,338.0 Long Branch - 64.0 Springfield
Little Rocky Run,Week1,Newington Forest,Week5,288.0 Little Rocky Run - 114.0 Newington Forest
Long Branch,Week4,Stratford,Week2,218.0 Long Branch - 184.0 Stratford
Long Branch,Week4,Fairfax,Week1,283.0 Fairfax - 119.0 Long Branch
Little Rocky Run,Week3,Canterbury Woods,Week1,310.0 Little Rocky Run - 92.0 Canterbury Woods
Little Rocky Run,Week5,Camelot,Week2,289.0 Little Rocky Run - 113.0 Camelot
Little Rocky Run,Week5,Mount Vernon Park,Week1,225.0 Little Rocky Run - 177.0 Mount Vernon Park
Long Branch,Week5,Mosby Woods,Week3,275.0 Mosby Woods - 127.0 Long Branch
Little Rocky Run,Week4,Mount Vernon Park,Week1,210.0 Little Rocky Run - 192.0 Mount Vernon Park
Long Branch,Week5,Mosby Woods,Week5,261.0 Mosby Woods - 141.0 Long Branch
Little Rocky Run,Week5,Camelot,Week1,297.0 Little Rocky Run - 105.0 Camelot
Long Branch,Week4,Mosby Woods,Week5,276.0 Mosby Woods - 126.0 Long Branch
Long Branch,Week3,Fairfax,Week5,316.0 Fairfax - 86.0 Long Branch
Long Branch,Week4,Fairfax,Week4,285.0 Fairfax - 117.0 Long Branch
Long Branch,Week4,Springfield,Week3,345.0 Long Branch - 56.0 Springfield
Little Rocky Run,Week4,Camelot,Week5,276.0 Little Rocky Run - 126.0 Camelot
Long Branch,Week5,Springfield,Week1,345.0 Long Branch - 55.0 Springfield
Little Rocky Run,Week5,Camelot,Week3,289.0 Little Rocky Run - 113.0 Camelot
Long Branch,Week3,Stratford,Week1,226.0 Long Branch - 176.0 Stratford
Little Rocky Run,Week3,Mount Vernon Park,Week5,217.0 Mount Vernon Park - 185.0 Little Rocky Run
Long Branch,Week4,Stratford,Week3,213.0 Long Branch - 189.0 Stratford
Long Branch,Week1,Fairfax Club Estates,Week3,205.0 Long Branch - 195.0 Fairfax Club Estates
Little Rocky Run,Week5,Mount Vernon Park,Week2,233.0 Little Rocky Run - 169.0 Mount Vernon Park
Little Rocky Run,Week1,Newington Forest,Week2,322.0 Little Rocky Run - 80.0 Newington Forest
Long Branch,Week1,Stratford,Week1,223.0 Long Branch - 168.0 Stratford
Long Branch,Week1,Mosby Woods,Week1,297.0 Mosby Woods - 105.0 Long Branch
Long Branch,Week3,Fairfax,Week1,286.5 Fairfax - 115.5 Long Branch
Long Branch,Week1,Mount Vernon Park,Week2,290.0 Mount Vernon Park - 112.0 Long Branch
Little Rocky Run,Week1,Canterbury Woods,Week5,272.0 Little Rocky Run - 130.0 Canterbury Woods
Little Rocky Run,Week5,Mount Vernon Park,Week3,209.0 Little Rocky Run - 193.0 Mount Vernon Park
Long Branch,Week5,Springfield,Week2,341.0 Long Branch - 58.0 Springfield
Little Rocky Run,Week1,Canterbury Woods,Week4,274.0 Little Rocky Run - 128.0 Canterbury Woods
Long Branch,Week4,Fairfax,Week5,317.0 Fairfax - 85.0 Long Branch
Long Branch,Week4,Fairfax Club Estates,Week3,223.0 Long Branch - 179.0 Fairfax Club Estates
Long Branch,Week5,McLean,Week3,300.0 McLean - 102.0 Long Branch
Long Branch,Week4,Overlee,Week2,351.0 Overlee - 51.0 Long Branch
Little Rocky Run,Week4,Camelot,Week4,279.0 Little Rocky Run - 123.0 Camelot
Little Rocky Run,Week3,Camelot,Week5,284.0 Little Rocky Run - 118.0 Camelot
Long Branch,Week3,Stratford,Week3,208.0 Stratford - 194.0 Long Branch
Little Rocky Run,Week4,Mount Vernon Park,Week2,206.5 Mount Vernon Park - 195.5 Little Rocky Run
Long Branch,Week4,Mosby Woods,Week1,283.0 Mosby Woods - 119.0 Long Branch
Long Branch,Week2,Stratford,Week3,202.0 Stratford - 200.0 Long Branch
Little Rocky Run,Week4,Mount Vernon Park,Week3,210.0 Mount Vernon Park - 192.0 Little Rocky Run
Long Branch,Week5,Fairfax,Week2,280.0 Fairfax - 122.0 Long Branch
Long Branch,Week5,Springfield,Week3,343.0 Long Branch - 54.0 Springfield
Little Rocky Run,Week3,Canterbury Woods,Week3,292.0 Little Rocky Run - 110.0 Canterbury Woods
Long Branch,Week3,Fairfax Club Estates,Week3,201.0 Fairfax Club Estates - 200.0 Long Branch
Little Rocky Run,Week5,Camelot,Week4,301.0 Little Rocky Run - 101.0 Camelot
Little Rocky Run,Week2,Newington Forest,Week1,335.0 Little Rocky Run - 67.0 Newington Forest
Long Branch,Week5,Mosby Woods,Week1,289.0 Mosby Woods - 113.0 Long Branch
Long Branch,Week4,Stratford,Week1,231.0 Long Branch - 171.0 Stratford
Long Branch,Week3,Overlee,Week4,376.0 Overlee - 26.0 Long Branch
Little Rocky Run,Week2,Canterbury Woods,Week2,280.0 Little Rocky Run - 122.0 Canterbury Woods
Long Branch,Week2,Mosby Woods,Week3,283.0 Mosby Woods - 119.0 Long Branch
Long Branch,Week3,Fairfax Club Estates,Week5,206.0 Fairfax Club Estates - 195.0 Long Branch
Little Rocky Run,Week1,Newington Forest,Week4,298.0 Little Rocky Run - 99.0 Newington Forest
Long Branch,Week4,Stratford,Week4,203.0 Stratford - 199.0 Long Branch
Little Rocky Run,Week2,Newington Forest,Week2,320.0 Little Rocky Run - 82.0 Newington Forest
Long Branch,Week1,Mosby Woods,Week3,287.0 Mosby Woods - 115.0 Long Branch
Long Branch,Week4,Parklawn,Week1,245.0 Long Branch - 148.0 Parklawn
Long Branch,Week3,Parklawn,Week2,210.0 Parklawn - 191.0 Long Branch
Long Branch,Week4,Fairfax,Week3,281.0 Fairfax - 121.0 Long Branch
Long Branch,Week5,McLean,Week4,295.0 McLean - 107.0 Long Branch
Little Rocky Run,Week5,Mount Vernon Park,Week5,210.0 Mount Vernon Park - 192.0 Little Rocky Run
Little Rocky Run,Week3,Newington Forest,Week3,325.0 Little Rocky Run - 77.0 Newington Forest
Long Branch,Week5,Stratford,Week2,229.0 Long Branch - 173.0 Stratford
Little Rocky Run,Week3,Canterbury Woods,Week2,306.0 Little Rocky Run - 96.0 Canterbury Woods
Long Branch,Week4,Stratford,Week5,210.0 Long Branch - 192.0 Stratford
Long Branch,Week2,Fairfax,Week4,288.0 Fairfax - 113.0 Long Branch
Long Branch,Week3,Mosby Woods,Week3,289.0 Mosby Woods - 113.0 Long Branch
Long Branch,Week5,Fairfax,Week3,289.0 Fairfax - 112.0 Long Branch
Little Rocky Run,Week4,Canterbury Woods,Week2,306.0 Little Rocky Run - 96.0 Canterbury Woods
Long Branch,Week4,Mosby Woods,Week4,267.0 Mosby Woods - 135.0 Long Branch
Long Branch,Week3,Mosby Woods,Week4,282.0 Mosby Woods - 120.0 Long Branch
Little Rocky Run,Week3,Cardinal Hill,Week5,230.0 Little Rocky Run - 172.0 Cardinal Hill
Long Branch,Week1,Mosby Woods,Week5,284.0 Mosby Woods - 118.0 Long Branch
Long Branch,Week1,Fairfax Club Estates,Week1,208.0 Fairfax Club Estates - 193.0 Long Branch
Long Branch,Week3,Sully Station,Week2,273.0 Sully Station - 129.0 Long Branch
Long Branch,Week3,Fairfax,Week2,303.0 Fairfax - 99.0 Long Branch
Little Rocky Run,Week4,Cardinal Hill,Week2,241.0 Little Rocky Run - 161.0 Cardinal Hill
Long Branch,Week2,Fairfax,Week5,318.0 Fairfax - 83.0 Long Branch
Little Rocky Run,Week2,Newington Forest,Week3,308.0 Little Rocky Run - 94.0 Newington Forest
Little Rocky Run,Week1,Newington Forest,Week1,334.0 Little Rocky Run - 68.0 Newington Forest
Long Branch,Week5,Overlee,Week2,348.5 Overlee - 53.5 Long Branch
Little Rocky Run,Week4,Newington Forest,Week3,337.0 Little Rocky Run - 65.0 Newington Forest
Little Rocky Run,Week2,Newington Forest,Week5,292.0 Little Rocky Run - 110.0 Newington Forest
Long Branch,Week1,Parklawn,Week1,240.0 Long Branch - 152.0 Parklawn
Little Rocky Run,Week5,Canterbury Woods,Week3,307.0 Little Rocky Run - 95.0 Canterbury Woods
Little Rocky Run,Week3,Canterbury Woods,Week4,280.0 Little Rocky Run - 122.0 Canterbury Woods
Long Branch,Week4,Sully Station,Week2,283.0 Sully Station - 119.0 Long Branch
Long Branch,Week4,Parklawn,Week5,223.0 Long Branch - 178.0 Parklawn
Long Branch,Week5,Sully Station,Week5,300.0 Sully Station - 102.0 Long Branch
Long Branch,Week2,Mosby Woods,Week2,285.0 Mosby Woods - 117.0 Long Branch
Little Rocky Run,Week5,Canterbury Woods,Week1,312.0 Little Rocky Run - 85.0 Canterbury Woods
Long Branch,Week2,Parklawn,Week5,209.0 Long Branch - 189.0 Parklawn
Long Branch,Week4,Overlee,Week1,349.0 Overlee - 53.0 Long Branch
Long Branch,Week5,Stratford,Week1,251.0 Long Branch - 150.0 Stratford
Long Branch,Week1,Fairfax,Week5,315.0 Fairfax - 86.0 Long Branch
Long Branch,Week5,Fairfax,Week5,312.0 Fairfax - 89.0 Long Branch
Long Branch,Week5,Sully Station,Week1,281.0 Sully Station - 121.0 Long Branch
Long Branch,Week2,Parklawn,Week4,213.0 Long Branch - 184.0 Parklawn
Little Rocky Run,Week4,Newington Forest,Week1,345.0 Little Rocky Run - 57.0 Newington Forest
Long Branch,Week1,Parklawn,Week2,203.0 Long Branch - 194.0 Parklawn
Long Branch,Week1,Mosby Woods,Week2,290.0 Mosby Woods - 112.0 Long Branch
Long Branch,Week3,Mosby Woods,Week2,299.0 Mosby Woods - 103.0 Long Branch
Long Branch,Week3,Sully Station,Week5,290.0 Sully Station - 112.0 Long Branch
Long Branch,Week4,Overlee,Week4,371.0 Overlee - 31.0 Long Branch
Long Branch,Week5,Overlee,Week1,335.0 Overlee - 67.0 Long Branch
Long Branch,Week2,Mosby Woods,Week4,281.0 Mosby Woods - 121.0 Long Branch
Little Rocky Run,Week4,Canterbury Woods,Week1,297.5 Little Rocky Run - 104.5 Canterbury Woods
Little Rocky Run,Week4,Cardinal Hill,Week3,219.0 Cardinal Hill - 183.0 Little Rocky Run
Little Rocky Run,Week5,Newington Forest,Week4,328.0 Little Rocky Run - 74.0 Newington Forest
Little Rocky Run,Week5,Newington Forest,Week1,355.0 Little Rocky Run - 47.0 Newington Forest
Little Rocky Run,Week3,Cardinal Hill,Week4,236.0 Little Rocky Run - 166.0 Cardinal Hill
Long Branch,Week1,Parklawn,Week4,208.0 Long Branch - 186.0 Parklawn
Long Branch,Week3,Fairfax,Week3,295.0 Fairfax - 107.0 Long Branch
Little Rocky Run,Week4,Canterbury Woods,Week5,276.0 Little Rocky Run - 126.0 Canterbury Woods
Long Branch,Week3,Parklawn,Week1,216.0 Long Branch - 177.0 Parklawn
Long Branch,Week4,Mosby Woods,Week2,274.0 Mosby Woods - 128.0 Long Branch
Long Branch,Week5,Sully Station,Week4,280.0 Sully Station - 122.0 Long Branch
Little Rocky Run,Week5,Newington Forest,Week2,344.0 Little Rocky Run - 58.0 Newington Forest
Long Branch,Week1,Fairfax Club Estates,Week4,202.0 Fairfax Club Estates - 199.0 Long Branch
Little Rocky Run,Week5,Cardinal Hill,Week3,212.0 Little Rocky Run - 190.0 Cardinal Hill
Long Branch,Week2,Mosby Woods,Week1,290.0 Mosby Woods - 112.0 Long Branch
Little Rocky Run,Week4,Newington Forest,Week5,317.0 Little Rocky Run - 85.0 Newington Forest
Long Branch,Week1,Sully Station II,Week5,307.0 Sully Station II - 95.0 Long Branch
Long Branch,Week4,Fairfax,Week2,295.0 Fairfax - 107.0 Long Branch
Long Branch,Week2,Fairfax,Week1,280.0 Fairfax - 122.0 Long Branch
Long Branch,Week3,Fairfax,Week4,289.0 Fairfax - 113.0 Long Branch
Long Branch,Week1,Sully Station,Week2,269.0 Sully Station - 128.0 Long Branch
Long Branch,Week1,Parliament,Week3,247.0 Parliament - 155.0 Long Branch
Long Branch,Week2,Sully Station,Week2,275.0 Sully Station - 127.0 Long Branch
Long Branch,Week5,McLean,Week5,316.0 McLean - 86.0 Long Branch
Long Branch,Week2,Fairfax Club Estates,Week3,213.0 Long Branch - 188.0 Fairfax Club Estates
Long Branch,Week1,Fairfax Club Estates,Week2,209.0 Long Branch - 192.0 Fairfax Club Estates
Long Branch,Week1,Sully Station,Week5,297.0 Sully Station - 104.0 Long Branch
Little Rocky Run,Week1,Oakton ,Week2,224.0 Oakton - 178.0 Little Rocky Run
Little Rocky Run,Week4,North Springfield,Week3,333.0 Little Rocky Run - 64.0 North Springfield
Long Branch,Week4,Overlee,Week3,349.0 Overlee - 53.0 Long Branch
Long Branch,Week5,McLean,Week2,296.0 McLean - 106.0 Long Branch
Long Branch,Week4,Mosby Woods,Week3,276.0 Mosby Woods - 126.0 Long Branch
Long Branch,Week2,Fairfax Club Estates,Week2,217.0 Long Branch - 184.0 Fairfax Club Estates
Little Rocky Run,Week1,North Springfield,Week1,312.0 Little Rocky Run - 38.0 North Springfield
Little Rocky Run,Week4,Canterbury Woods,Week3,282.0 Little Rocky Run - 120.0 Canterbury Woods
Long Branch,Week2,Fairfax Club Estates,Week4,203.0 Fairfax Club Estates - 198.0 Long Branch
Little Rocky Run,Week5,Cardinal Hill,Week1,236.0 Little Rocky Run - 166.0 Cardinal Hill
Long Branch,Week4,Sully Station,Week3,288.0 Sully Station - 114.0 Long Branch
Long Branch,Week2,Parklawn,Week2,203.0 Long Branch - 195.0 Parklawn
Long Branch,Week3,Parklawn,Week4,211.0 Parklawn - 190.0 Long Branch
Long Branch,Week2,Sully Station,Week4,289.0 Sully Station - 113.0 Long Branch
Long Branch,Week5,Overlee,Week5,361.0 Overlee - 41.0 Long Branch
Long Branch,Week2,Mosby Woods,Week5,282.0 Mosby Woods - 120.0 Long Branch
Little Rocky Run,Week1,Cardinal Hill,Week3,202.0 Little Rocky Run - 200.0 Cardinal Hill
Little Rocky Run,Week3,North Springfield,Week4,346.0 Little Rocky Run - 46.0 North Springfield
Long Branch,Week5,Stratford,Week3,221.0 Long Branch - 181.0 Stratford
Long Branch,Week3,Mosby Woods,Week1,298.0 Mosby Woods - 104.0 Long Branch
Little Rocky Run,Week4,North Springfield,Week4,344.0 Little Rocky Run - 48.0 North Springfield
Long Branch,Week5,Stratford,Week5,239.0 Long Branch - 163.0 Stratford
Little Rocky Run,Week5,Canterbury Woods,Week4,288.0 Little Rocky Run - 114.0 Canterbury Woods
Long Branch,Week1,Fairfax Club Estates,Week5,203.0 Fairfax Club Estates - 195.0 Long Branch
Little Rocky Run,Week2,Cardinal Hill,Week2,233.0 Little Rocky Run - 169.0 Cardinal Hill
Long Branch,Week5,Overlee,Week3,333.5 Overlee - 68.5 Long Branch
Long Branch,Week3,Mosby Woods,Week5,286.0 Mosby Woods - 116.0 Long Branch
Long Branch,Week1,Mount Vernon Park,Week1,280.0 Mount Vernon Park - 122.0 Long Branch
Little Hunting Park,Week3,Virginia Run,Week3,279.0 Virginia Run - 123.0 Little Hunting Park
Long Branch,Week1,Sully Station,Week3,279.0 Sully Station - 123.0 Long Branch
Little Hunting Park,Week5,Virginia Run,Week1,256.0 Virginia Run - 146.0 Little Hunting Park
Long Branch,Week5,Stratford,Week4,216.0 Long Branch - 186.0 Stratford
Long Branch,Week5,Mosby Woods,Week4,260.0 Mosby Woods - 142.0 Long Branch
Long Branch,Week1,Sully Station,Week4,280.0 Sully Station - 122.0 Long Branch
Little Hunting Park,Week4,Virginia Run,Week5,310.0 Virginia Run - 92.0 Little Hunting Park
Little Rocky Run,Week3,Broyhill Crest,Week3,386.0 Little Rocky Run - 16.0 Broyhill Crest
Long Branch,Week2,Fairfax Club Estates,Week5,209.5 Long Branch - 188.5 Fairfax Club Estates
Long Branch,Week1,Parklawn,Week3,232.0 Long Branch - 165.0 Parklawn
Little Rocky Run,Week3,North Springfield,Week5,314.0 Little Rocky Run - 60.0 North Springfield
Little Rocky Run,Week5,North Springfield,Week3,344.0 Little Rocky Run - 53.0 North Springfield
Long Branch,Week1,Mosby Woods,Week4,276.0 Mosby Woods - 126.0 Long Branch
Long Branch,Week4,Overlee,Week5,361.0 Overlee - 41.0 Long Branch
Long Branch,Week2,Fairfax Club Estates,Week1,201.0 Fairfax Club Estates - 201.0 Long Branch
Little Rocky Run,Week2,Oakton ,Week1,218.0 Oakton - 184.0 Little Rocky Run
Little Rocky Run,Week5,Canterbury Woods,Week5,291.0 Little Rocky Run - 106.0 Canterbury Woods
Long Branch,Week1,Newington Forest,Week2,215.0 Long Branch - 182.0 Newington Forest
Little Rocky Run,Week4,Canterbury Woods,Week4,266.0 Little Rocky Run - 136.0 Canterbury Woods
Little Rocky Run,Week5,Broyhill Crest,Week3,386.0 Little Rocky Run - 11.0 Broyhill Crest
Long Branch,Week2,Parklawn,Week3,229.0 Long Branch - 169.0 Parklawn
Little Rocky Run,Week2,Cardinal Hill,Week4,205.0 Little Rocky Run - 197.0 Cardinal Hill
Long Branch,Week3,Fairfax Club Estates,Week1,228.0 Fairfax Club Estates - 173.0 Long Branch
Little Rocky Run,Week1,Cardinal Hill,Week2,236.0 Little Rocky Run - 166.0 Cardinal Hill
Little Rocky Run,Week5,Canterbury Woods,Week2,324.0 Little Rocky Run - 78.0 Canterbury Woods
Little Rocky Run,Week2,Cardinal Hill,Week1,215.0 Little Rocky Run - 187.0 Cardinal Hill
Little Hunting Park,Week4,Virginia Run,Week3,278.0 Virginia Run - 124.0 Little Hunting Park
Little Hunting Park,Week4,Virginia Run,Week4,289.0 Virginia Run - 113.0 Little Hunting Park
Long Branch,Week5,Overlee,Week4,367.0 Overlee - 35.0 Long Branch
Long Branch,Week5,Fairfax,Week4,279.0 Fairfax - 122.0 Long Branch
Little Hunting Park,Week5,Virginia Run,Week2,242.0 Virginia Run - 160.0 Little Hunting Park
Little Rocky Run,Week5,North Springfield,Week2,350.0 Little Rocky Run - 38.0 North Springfield
Long Branch,Week3,Fairfax Club Estates,Week4,210.0 Fairfax Club Estates - 192.0 Long Branch
Little Rocky Run,Week1,Oakton ,Week1,201.0 Little Rocky Run - 201.0 Oakton
Long Branch,Week5,Mount Vernon Park,Week5,295.0 Mount Vernon Park - 106.0 Long Branch
Long Branch,Week4,Sully Station,Week4,286.0 Sully Station - 116.0 Long Branch
Long Branch,Week3,Fairfax Club Estates,Week2,220.0 Long Branch - 181.0 Fairfax Club Estates
Long Branch,Week5,Mosby Woods,Week2,274.0 Mosby Woods - 128.0 Long Branch
Long Branch,Week3,Overlee,Week5,369.0 Overlee - 33.0 Long Branch
Long Branch,Week3,Sully Station,Week3,279.0 Sully Station - 123.0 Long Branch
Little Rocky Run,Week1,North Springfield,Week5,311.0 Little Rocky Run - 63.0 North Springfield
Long Branch,Week2,Sully Station,Week1,289.0 Sully Station - 113.0 Long Branch
Little Rocky Run,Week2,North Springfield,Week2,329.0 Little Rocky Run - 59.0 North Springfield
Long Branch,Week2,Sully Station,Week3,285.0 Sully Station - 117.0 Long Branch
Long Branch,Week4,Fairfax Club Estates,Week4,213.0 Long Branch - 189.0 Fairfax Club Estates
Long Branch,Week2,Parklawn,Week1,254.0 Long Branch - 139.0 Parklawn
Little Rocky Run,Week5,Newington Forest,Week3,338.0 Little Rocky Run - 64.0 Newington Forest
Little Rocky Run,Week2,Cardinal Hill,Week5,207.5 Little Rocky Run - 194.5 Cardinal Hill
Little Rocky Run,Week1,Cardinal Hill,Week1,220.0 Little Rocky Run - 182.0 Cardinal Hill
Little Hunting Park,Week5,Virginia Hills,Week5,271.0 Little Hunting Park - 128.0 Virginia Hills
Little Rocky Run,Week3,North Springfield,Week3,334.0 Little Rocky Run - 63.0 North Springfield
Long Branch,Week1,Parklawn,Week5,207.0 Long Branch - 186.0 Parklawn
Long Branch,Week1,Newington Forest,Week5,206.5 Newington Forest - 190.5 Long Branch
Little Rocky Run,Week4,North Springfield,Week1,312.0 Little Rocky Run - 39.0 North Springfield
Long Branch,Week3,Parklawn,Week3,206.0 Long Branch - 195.0 Parklawn
Little Hunting Park,Week5,Virginia Hills,Week4,301.0 Little Hunting Park - 99.0 Virginia Hills
Little Rocky Run,Week5,Broyhill Crest,Week4,387.0 Little Rocky Run - 15.0 Broyhill Crest
Little Rocky Run,Week3,Broyhill Crest,Week5,381.5 Little Rocky Run - 20.5 Broyhill Crest
Little Hunting Park,Week3,Virginia Run,Week1,290.0 Virginia Run - 112.0 Little Hunting Park
Little Rocky Run,Week2,Cardinal Hill,Week3,216.0 Cardinal Hill - 186.0 Little Rocky Run
Long Branch,Week3,Parklawn,Week5,212.0 Parklawn - 189.0 Long Branch
Long Branch,Week1,Sully Station,Week1,290.0 Sully Station - 112.0 Long Branch
Long Branch,Week4,Sully Station,Week1,285.0 Sully Station - 117.0 Long Branch
Little Rocky Run,Week4,Broyhill Crest,Week4,385.0 Little Rocky Run - 17.0 Broyhill Crest
Long Branch,Week4,Fairfax Club Estates,Week1,212.0 Long Branch - 190.0 Fairfax Club Estates
Long Branch,Week2,Mount Vernon Park,Week1,277.0 Mount Vernon Park - 125.0 Long Branch
Little Hunting Park,Week2,Virginia Run,Week2,286.0 Virginia Run - 116.0 Little Hunting Park
Long Branch,Week4,Fairfax Club Estates,Week2,223.0 Long Branch - 179.0 Fairfax Club Estates
Long Branch,Week2,Newington Forest,Week3,229.0 Long Branch - 173.0 Newington Forest
Little Rocky Run,Week4,Broyhill Crest,Week5,383.0 Little Rocky Run - 19.0 Broyhill Crest
Little Rocky Run,Week5,North Springfield,Week4,351.0 Little Rocky Run - 41.0 North Springfield
Little Rocky Run,Week1,Cardinal Hill,Week5,227.0 Little Rocky Run - 175.0 Cardinal Hill
Little Rocky Run,Week4,Broyhill Crest,Week2,391.0 Little Rocky Run - 11.0 Broyhill Crest
Little Rocky Run,Week4,Broyhill Crest,Week1,389.0 Little Rocky Run - 13.0 Broyhill Crest
Long Branch,Week4,Parklawn,Week2,219.0 Long Branch - 182.0 Parklawn
Little Hunting Park,Week3,Virginia Run,Week5,312.0 Virginia Run - 90.0 Little Hunting Park
Little Rocky Run,Week3,Cardinal Hill,Week2,257.0 Little Rocky Run - 145.0 Cardinal Hill
Long Branch,Week5,Fairfax Club Estates,Week2,232.0 Long Branch - 169.0 Fairfax Club Estates
Long Branch,Week4,Mount Vernon Park,Week2,288.0 Mount Vernon Park - 114.0 Long Branch
Long Branch,Week4,Parklawn,Week3,227.0 Long Branch - 174.0 Parklawn
Long Branch,Week4,Sully Station,Week5,293.0 Sully Station - 109.0 Long Branch
Little Rocky Run,Week3,Cardinal Hill,Week1,229.0 Little Rocky Run - 173.0 Cardinal Hill
Little Rocky Run,Week1,Cardinal Hill,Week4,215.0 Little Rocky Run - 187.0 Cardinal Hill
Long Branch,Week5,Fairfax Club Estates,Week3,234.0 Long Branch - 167.0 Fairfax Club Estates
Little Hunting Park,Week1,Virginia Run,Week1,298.0 Virginia Run - 104.0 Little Hunting Park
Little Rocky Run,Week2,Broyhill Crest,Week4,378.0 Little Rocky Run - 24.0 Broyhill Crest
Long Branch,Week5,Fairfax Club Estates,Week1,218.0 Long Branch - 184.0 Fairfax Club Estates
Long Branch,Week3,Mount Vernon Park,Week2,293.0 Mount Vernon Park - 109.0 Long Branch
Long Branch,Week3,Mount Vernon Park,Week3,292.0 Mount Vernon Park - 110.0 Long Branch
Long Branch,Week4,Fairfax Club Estates,Week5,218.0 Long Branch - 183.0 Fairfax Club Estates
Little Rocky Run,Week1,Oakton ,Week3,211.0 Oakton - 186.0 Little Rocky Run
Long Branch,Week3,Sully Station,Week4,279.0 Sully Station - 123.0 Long Branch
Long Branch,Week4,Parklawn,Week4,218.0 Long Branch - 182.0 Parklawn
Long Branch,Week2,Sully Station,Week5,301.0 Sully Station - 101.0 Long Branch
Long Branch,Week1,Mount Vernon Park,Week4,278.0 Mount Vernon Park - 124.0 Long Branch
Little Rocky Run,Week1,North Springfield,Week2,341.0 Little Rocky Run - 47.0 North Springfield
Long Branch,Week3,Sully Station,Week1,289.0 Sully Station - 113.0 Long Branch
Little Hunting Park,Week4,Virginia Run,Week1,295.0 Virginia Run - 107.0 Little Hunting Park
Little Hunting Park,Week3,Virginia Run,Week4,292.0 Virginia Run - 110.0 Little Hunting Park
Little Rocky Run,Week5,Newington Forest,Week5,326.0 Little Rocky Run - 76.0 Newington Forest
Long Branch,Week5,Sully Station,Week3,267.0 Sully Station - 135.0 Long Branch
Long Branch,Week5,Fairfax Club Estates,Week4,205.0 Fairfax Club Estates - 196.0 Long Branch
Long Branch,Week1,Sully Station II,Week1,268.0 Sully Station II - 134.0 Long Branch
Long Branch,Week5,Parklawn,Week3,245.0 Long Branch - 153.0 Parklawn
Little Rocky Run,Week3,Cardinal Hill,Week3,203.0 Little Rocky Run - 199.0 Cardinal Hill
Long Branch,Week5,Parklawn,Week4,218.5 Long Branch - 179.5 Parklawn
Little Rocky Run,Week5,Broyhill Crest,Week1,388.0 Little Rocky Run - 14.0 Broyhill Crest
Little Rocky Run,Week1,Burke Station,Week1,304.0 Little Rocky Run - 75.0 Burke Station
Long Branch,Week5,Sully Station,Week2,266.0 Sully Station - 136.0 Long Branch
Long Branch,Week1,Newington Forest,Week4,202.0 Long Branch - 195.0 Newington Forest
Long Branch,Week2,Mount Vernon Park,Week2,284.0 Mount Vernon Park - 118.0 Long Branch
Little Rocky Run,Week2,North Springfield,Week4,333.0 Little Rocky Run - 59.0 North Springfield
Little Rocky Run,Week2,Broyhill Crest,Week5,367.0 Little Rocky Run - 35.0 Broyhill Crest
Long Branch,Week5,Mount Vernon Park,Week3,284.0 Mount Vernon Park - 118.0 Long Branch
Little Rocky Run,Week2,North Springfield,Week1,315.0 Little Rocky Run - 36.0 North Springfield
Long Branch,Week1,Fairfax Station,Week3,300.0 Fairfax Station - 102.0 Long Branch
Little Rocky Run,Week4,Cardinal Hill,Week1,214.0 Little Rocky Run - 188.0 Cardinal Hill
Little Hunting Park,Week4,Virginia Run,Week2,282.0 Virginia Run - 120.0 Little Hunting Park
Long Branch,Week1,Sully Station II,Week3,296.0 Sully Station II - 106.0 Long Branch
Long Branch,Week1,Sully Station II,Week2,293.0 Sully Station II - 109.0 Long Branch
Little Hunting Park,Week1,Virginia Run,Week5,315.0 Virginia Run - 87.0 Little Hunting Park
Long Branch,Week5,Parklawn,Week1,245.0 Long Branch - 148.0 Parklawn
Little Rocky Run,Week2,North Springfield,Week5,304.0 Little Rocky Run - 70.0 North Springfield
Long Branch,Week5,Mount Vernon Park,Week1,266.0 Mount Vernon Park - 136.0 Long Branch
Little Hunting Park,Week2,Virginia Run,Week4,299.0 Virginia Run - 103.0 Little Hunting Park
Long Branch,Week1,Fairfax Station,Week2,291.0 Fairfax Station - 111.0 Long Branch
Little Rocky Run,Week4,Cardinal Hill,Week4,208.0 Little Rocky Run - 194.0 Cardinal Hill
Little Hunting Park,Week1,Virginia Run,Week2,288.0 Virginia Run - 114.0 Little Hunting Park
Long Branch,Week2,Mount Vernon Park,Week3,296.0 Mount Vernon Park - 101.0 Long Branch
Long Branch,Week5,Parklawn,Week5,220.0 Long Branch - 178.0 Parklawn
Little Hunting Park,Week1,Virginia Run,Week4,297.0 Virginia Run - 105.0 Little Hunting Park
Little Rocky Run,Week5,Broyhill Crest,Week2,389.0 Little Rocky Run - 13.0 Broyhill Crest
Long Branch,Week1,Fairfax Station,Week4,293.0 Fairfax Station - 109.0 Long Branch
Long Branch,Week1,Parliament,Week1,255.0 Parliament - 141.0 Long Branch
Little Rocky Run,Week1,North Springfield,Week3,332.5 Little Rocky Run - 64.5 North Springfield
Little Rocky Run,Week2,North Springfield,Week3,326.0 Little Rocky Run - 71.0 North Springfield
Long Branch,Week5,Fairfax Club Estates,Week5,230.0 Long Branch - 168.0 Fairfax Club Estates
Little Rocky Run,Week4,Cardinal Hill,Week5,211.0 Little Rocky Run - 191.0 Cardinal Hill
Little Rocky Run,Week3,Broyhill Crest,Week4,380.0 Little Rocky Run - 22.0 Broyhill Crest
Little Rocky Run,Week5,Cardinal Hill,Week2,263.0 Little Rocky Run - 134.0 Cardinal Hill
Long Branch,Week5,Parklawn,Week2,226.0 Long Branch - 172.0 Parklawn
Little Rocky Run,Week1,Burke Station,Week3,314.0 Little Rocky Run - 82.0 Burke Station
Little Hunting Park,Week5,Virginia Hills,Week3,295.0 Little Hunting Park - 106.0 Virginia Hills
Little Hunting Park,Week2,Virginia Run,Week5,304.0 Virginia Run - 98.0 Little Hunting Park
Little Hunting Park,Week5,Virginia Hills,Week2,297.0 Little Hunting Park - 100.0 Virginia Hills
Little Rocky Run,Week1,Burke Station,Week4,337.0 Little Rocky Run - 65.0 Burke Station
Little Rocky Run,Week1,Burke Station,Week5,309.0 Little Rocky Run - 93.0 Burke Station
Little Rocky Run,Week1,Burke Station,Week2,338.0 Little Rocky Run - 64.0 Burke Station
Little Rocky Run,Week3,North Springfield,Week1,314.0 Little Rocky Run - 37.0 North Springfield
Long Branch,Week3,Parliament,Week2,227.0 Parliament - 174.0 Long Branch
Little Rocky Run,Week2,Chesterbrook,Week2,304.0 Chesterbrook - 98.0 Little Rocky Run
Long Branch,Week1,Parliament,Week2,222.0 Parliament - 174.0 Long Branch
Little Hunting Park,Week4,Virginia Hills,Week4,289.0 Little Hunting Park - 112.0 Virginia Hills
Long Branch,Week1,Fairfax Station,Week1,283.0 Fairfax Station - 119.0 Long Branch
Long Branch,Week2,Mount Vernon Park,Week4,284.0 Mount Vernon Park - 118.0 Long Branch
Little Rocky Run,Week4,Chesterbrook,Week4,291.0 Chesterbrook - 111.0 Little Rocky Run
Long Branch,Week1,Sully Station II,Week4,257.0 Sully Station II - 145.0 Long Branch
Long Branch,Week3,Mount Vernon Park,Week5,304.0 Mount Vernon Park - 98.0 Long Branch
Long Branch,Week2,Parliament,Week2,237.0 Parliament - 164.0 Long Branch
Long Branch,Week5,Sully Station II,Week3,295.0 Sully Station II - 107.0 Long Branch
Long Branch,Week2,Truro,Week1,205.0 Truro - 196.0 Long Branch
Little Rocky Run,Week3,North Springfield,Week2,341.5 Little Rocky Run - 46.5 North Springfield
Long Branch,Week5,Sully Station II,Week1,256.0 Sully Station II - 146.0 Long Branch
Little Rocky Run,Week5,Chesterbrook,Week5,287.0 Chesterbrook - 115.0 Little Rocky Run
Little Rocky Run,Week1,North Springfield,Week4,341.0 Little Rocky Run - 51.0 North Springfield
Long Branch,Week4,Mount Vernon Park,Week5,304.0 Mount Vernon Park - 98.0 Long Branch
Long Branch,Week4,Parliament,Week2,222.0 Parliament - 180.0 Long Branch
Little Rocky Run,Week1,Commonwealth,Week2,291.5 Little Rocky Run - 110.5 Commonwealth
Long Branch,Week1,Mount Vernon Park,Week5,294.0 Mount Vernon Park - 107.0 Long Branch
Little Rocky Run,Week2,Burke Station,Week2,340.0 Little Rocky Run - 62.0 Burke Station
Long Branch,Week5,Parliament,Week2,222.0 Parliament - 180.0 Long Branch
Long Branch,Week1,Truro,Week5,206.0 Truro - 190.0 Long Branch
Little Rocky Run,Week2,Chesterbrook,Week5,311.0 Chesterbrook - 91.0 Little Rocky Run
Little Hunting Park,Week3,Virginia Run,Week2,284.0 Virginia Run - 118.0 Little Hunting Park
Little Hunting Park,Week4,Virginia Hills,Week5,266.0 Little Hunting Park - 136.0 Virginia Hills
Long Branch,Week4,Mount Vernon Park,Week1,269.0 Mount Vernon Park - 133.0 Long Branch
Little Rocky Run,Week4,North Springfield,Week5,307.0 Little Rocky Run - 67.0 North Springfield
Long Branch,Week4,Parliament,Week5,228.0 Parliament - 174.0 Long Branch
Little Hunting Park,Week1,Virginia Run,Week3,283.0 Virginia Run - 119.0 Little Hunting Park
Long Branch,Week5,Parliament,Week1,242.0 Parliament - 160.0 Long Branch
Little Rocky Run,Week4,Broyhill Crest,Week3,389.0 Little Rocky Run - 13.0 Broyhill Crest
Little Rocky Run,Week5,Cardinal Hill,Week5,234.0 Little Rocky Run - 168.0 Cardinal Hill
Long Branch,Week3,Mount Vernon Park,Week4,287.0 Mount Vernon Park - 115.0 Long Branch
Little Hunting Park,Week2,Virginia Run,Week1,285.0 Virginia Run - 117.0 Little Hunting Park
Little Rocky Run,Week2,Chesterbrook,Week1,299.0 Chesterbrook - 103.0 Little Rocky Run
Long Branch,Week1,Truro,Week1,207.0 Truro - 194.0 Long Branch
Long Branch,Week2,Mount Vernon Park,Week5,294.0 Mount Vernon Park - 107.0 Long Branch
Little Rocky Run,Week4,North Springfield,Week2,342.0 Little Rocky Run - 46.0 North Springfield
Long Branch,Week3,Mount Vernon Park,Week1,277.0 Mount Vernon Park - 125.0 Long Branch
Little Rocky Run,Week5,North Springfield,Week1,319.0 Little Rocky Run - 32.0 North Springfield
Long Branch,Week1,Parliament,Week4,230.0 Parliament - 167.0 Long Branch
Little Rocky Run,Week1,Chesterbrook,Week5,302.0 Chesterbrook - 100.0 Little Rocky Run
Little Rocky Run,Week2,Burke Station,Week1,311.0 Little Rocky Run - 68.0 Burke Station
Long Branch,Week2,Sully Station II,Week2,299.0 Sully Station II - 103.0 Long Branch
Little Rocky Run,Week2,Burke Station,Week3,324.0 Little Rocky Run - 73.0 Burke Station
Little Hunting Park,Week2,Virginia Run,Week3,274.0 Virginia Run - 128.0 Little Hunting Park
Long Branch,Week4,Sully Station II,Week4,276.0 Sully Station II - 126.0 Long Branch
Little Rocky Run,Week5,North Springfield,Week5,319.0 Little Rocky Run - 55.0 North Springfield
Little Rocky Run,Week4,Chesterbrook,Week5,299.0 Chesterbrook - 103.0 Little Rocky Run
Little Rocky Run,Week1,Oakton ,Week4,206.0 Oakton - 196.0 Little Rocky Run
Long Branch,Week2,Truro,Week2,227.0 Long Branch - 174.0 Truro
Long Branch,Week3,Parliament,Week5,250.0 Parliament - 152.0 Long Branch
Little Rocky Run,Week4,Chesterbrook,Week2,295.0 Chesterbrook - 107.0 Little Rocky Run
Long Branch,Week2,Sully Station II,Week5,310.0 Sully Station II - 92.0 Long Branch
Little Rocky Run,Week4,Oakton ,Week4,221.0 Oakton - 181.0 Little Rocky Run
Long Branch,Week5,Sully Station II,Week5,304.0 Sully Station II - 98.0 Long Branch
Little Rocky Run,Week1,Chesterbrook,Week1,289.0 Chesterbrook - 113.0 Little Rocky Run
Little Rocky Run,Week1,Oakton ,Week5,225.0 Oakton - 177.0 Little Rocky Run
Long Branch,Week2,Newington Forest,Week1,227.0 Long Branch - 171.0 Newington Forest
Long Branch,Week5,Mount Vernon Park,Week4,284.0 Mount Vernon Park - 118.0 Long Branch
Little Rocky Run,Week5,Broyhill Crest,Week5,386.0 Little Rocky Run - 16.0 Broyhill Crest
Long Branch,Week5,Mount Vernon Park,Week2,288.0 Mount Vernon Park - 114.0 Long Branch
Long Branch,Week3,Sully Station II,Week5,320.0 Sully Station II - 82.0 Long Branch
Long Branch,Week2,Truro,Week3,221.0 Long Branch - 181.0 Truro
Little Rocky Run,Week2,Old Keene Mill,Week2,296.0 Little Rocky Run - 106.0 Old Keene Mill
Little Rocky Run,Week3,Chesterbrook,Week4,294.0 Chesterbrook - 108.0 Little Rocky Run
Long Branch,Week5,Parliament,Week4,227.0 Parliament - 175.0 Long Branch
Long Branch,Week2,Sully Station II,Week1,274.0 Sully Station II - 128.0 Long Branch
Long Branch,Week5,Parliament,Week3,232.0 Parliament - 170.0 Long Branch
Little Rocky Run,Week3,Chesterbrook,Week3,303.0 Chesterbrook - 99.0 Little Rocky Run
Long Branch,Week1,Newington Forest,Week3,225.0 Long Branch - 176.0 Newington Forest
Little Rocky Run,Week2,Old Keene Mill,Week4,309.0 Little Rocky Run - 93.0 Old Keene Mill
Long Branch,Week2,Parliament,Week5,245.0 Parliament - 157.0 Long Branch
Little Rocky Run,Week2,Chesterbrook,Week4,304.0 Chesterbrook - 98.0 Little Rocky Run
Long Branch,Week1,Newington Forest,Week1,226.5 Long Branch - 170.5 Newington Forest
Long Branch,Week2,Parliament,Week1,255.0 Parliament - 146.0 Long Branch
Little Rocky Run,Week2,Broyhill Crest,Week3,391.0 Little Rocky Run - 11.0 Broyhill Crest
Long Branch,Week3,Parliament,Week4,246.0 Parliament - 156.0 Long Branch
Little Rocky Run,Week3,Broyhill Crest,Week1,385.0 Little Rocky Run - 16.0 Broyhill Crest
Long Branch,Week2,Sully Station II,Week4,252.0 Sully Station II - 150.0 Long Branch
Little Rocky Run,Week4,Chesterbrook,Week1,290.5 Chesterbrook - 111.5 Little Rocky Run
Long Branch,Week4,Mount Vernon Park,Week4,289.0 Mount Vernon Park - 113.0 Long Branch
Little Rocky Run,Week1,Old Keene Mill,Week1,309.0 Little Rocky Run - 93.0 Old Keene Mill
Long Branch,Week5,Sully Station II,Week2,282.0 Sully Station II - 120.0 Long Branch
Little Rocky Run,Week1,Old Keene Mill,Week5,283.0 Little Rocky Run - 119.0 Old Keene Mill
Little Rocky Run,Week3,Chesterbrook,Week1,286.5 Chesterbrook - 115.5 Little Rocky Run
Long Branch,Week1,Parliament,Week5,236.0 Parliament - 161.0 Long Branch
Long Branch,Week1,Mount Vernon Park,Week3,286.0 Mount Vernon Park - 116.0 Long Branch
Little Rocky Run,Week3,Broyhill Crest,Week2,384.0 Little Rocky Run - 18.0 Broyhill Crest
Long Branch,Week4,Mount Vernon Park,Week3,289.0 Mount Vernon Park - 113.0 Long Branch
Little Rocky Run,Week1,Old Keene Mill,Week3,296.0 Little Rocky Run - 106.0 Old Keene Mill
Long Branch,Week3,Parliament,Week3,257.0 Parliament - 145.0 Long Branch
Little Rocky Run,Week5,Chesterbrook,Week1,283.0 Chesterbrook - 119.0 Little Rocky Run
Long Branch,Week1,North Springfield,Week4,261.0 Long Branch - 130.0 North Springfield
Little Rocky Run,Week4,Chesterbrook,Week3,310.0 Chesterbrook - 92.0 Little Rocky Run
Long Branch,Week1,Truro,Week2,232.0 Long Branch - 163.0 Truro
Little Rocky Run,Week2,Oakton ,Week5,233.0 Oakton - 169.0 Little Rocky Run
Long Branch,Week3,Sully Station II,Week2,300.0 Sully Station II - 102.0 Long Branch
Long Branch,Week1,Pinecrest,Week1,268.0 Pinecrest - 134.0 Long Branch
Long Branch,Week4,Parliament,Week1,250.0 Parliament - 152.0 Long Branch
Long Branch,Week2,Newington Forest,Week4,212.0 Long Branch - 190.0 Newington Forest
Little Rocky Run,Week2,Oakton ,Week4,231.0 Oakton - 171.0 Little Rocky Run
Little Rocky Run,Week1,Chesterbrook,Week4,303.0 Chesterbrook - 99.0 Little Rocky Run
Long Branch,Week2,Newington Forest,Week5,202.0 Newington Forest - 200.0 Long Branch
Little Rocky Run,Week2,Old Keene Mill,Week5,285.5 Little Rocky Run - 116.5 Old Keene Mill
Long Branch,Week2,North Springfield,Week2,250.0 Long Branch - 138.0 North Springfield
Long Branch,Week2,Newington Forest,Week2,222.0 Long Branch - 176.0 Newington Forest
Long Branch,Week1,Truro,Week3,217.0 Long Branch - 185.0 Truro
Little Rocky Run,Week3,Old Keene Mill,Week1,324.0 Little Rocky Run - 78.0 Old Keene Mill
Long Branch,Week4,Sully Station II,Week5,318.0 Sully Station II - 84.0 Long Branch
Long Branch,Week4,Parliament,Week4,220.0 Parliament - 182.0 Long Branch
Long Branch,Week5,Parliament,Week5,231.5 Parliament - 170.5 Long Branch
Little Rocky Run,Week5,Chesterbrook,Week4,284.5 Chesterbrook - 117.5 Little Rocky Run
Little Rocky Run,Week5,Chesterbrook,Week3,306.0 Chesterbrook - 96.0 Little Rocky Run
Long Branch,Week5,Sully Station II,Week4,255.0 Sully Station II - 147.0 Long Branch
Long Branch,Week2,Parliament,Week4,241.0 Parliament - 161.0 Long Branch
Little Rocky Run,Week3,Oakton ,Week2,206.0 Little Rocky Run - 196.0 Oakton
Long Branch,Week3,Newington Forest,Week5,202.0 Long Branch - 200.0 Newington Forest
Little Rocky Run,Week3,Oakton ,Week1,226.5 Little Rocky Run - 175.5 Oakton
Little Rocky Run,Week1,Chesterbrook,Week2,307.0 Chesterbrook - 95.0 Little Rocky Run
Little Rocky Run,Week4,Oakton ,Week2,221.5 Oakton - 180.5 Little Rocky Run
Long Branch,Week4,Newington Forest,Week4,225.0 Long Branch - 177.0 Newington Forest
Little Rocky Run,Week3,Truro,Week4,311.0 Little Rocky Run - 91.0 Truro
Little Rocky Run,Week1,Chesterbrook,Week3,312.0 Chesterbrook - 90.0 Little Rocky Run
Little Rocky Run,Week5,Truro,Week3,341.0 Little Rocky Run - 61.0 Truro
Little Rocky Run,Week2,Tuckahoe,Week4,310.0 Tuckahoe - 92.0 Little Rocky Run
Little Rocky Run,Week2,Chesterbrook,Week3,322.0 Chesterbrook - 80.0 Little Rocky Run
Long Branch,Week3,Parliament,Week1,262.0 Parliament - 140.0 Long Branch
Long Branch,Week2,Sully Station II,Week3,307.0 Sully Station II - 95.0 Long Branch
Long Branch,Week3,Sully Station II,Week1,270.0 Sully Station II - 132.0 Long Branch
Long Branch,Week1,Pinecrest,Week2,286.0 Pinecrest - 116.0 Long Branch
Little Rocky Run,Week3,Oakton ,Week5,213.0 Oakton - 189.0 Little Rocky Run
Little Rocky Run,Week3,Tuckahoe,Week3,306.0 Tuckahoe - 96.0 Little Rocky Run
Long Branch,Week3,North Springfield,Week1,255.0 Long Branch - 94.0 North Springfield
Long Branch,Week3,North Springfield,Week3,241.0 Long Branch - 154.0 North Springfield
Little Rocky Run,Week5,Oakton ,Week1,218.0 Little Rocky Run - 179.0 Oakton
Long Branch,Week3,Sully Station II,Week4,275.0 Sully Station II - 127.0 Long Branch
Long Branch,Week3,Newington Forest,Week4,217.5 Long Branch - 184.5 Newington Forest
Little Rocky Run,Week3,Chesterbrook,Week5,291.0 Chesterbrook - 111.0 Little Rocky Run
Long Branch,Week4,Sully Station II,Week1,267.0 Sully Station II - 135.0 Long Branch
Long Branch,Week4,Sully Station II,Week2,296.0 Sully Station II - 106.0 Long Branch
Long Branch,Week4,North Springfield,Week3,262.0 Long Branch - 135.0 North Springfield
Long Branch,Week3,Pinecrest,Week2,307.0 Pinecrest - 95.0 Long Branch
Long Branch,Week4,Parliament,Week3,219.0 Parliament - 183.0 Long Branch
Little Rocky Run,Week4,Oakton ,Week5,229.0 Oakton - 173.0 Little Rocky Run
Long Branch,Week2,Parliament,Week3,249.0 Parliament - 153.0 Long Branch
Little Rocky Run,Week4,Oakton ,Week1,204.0 Little Rocky Run - 198.0 Oakton
Little Rocky Run,Week5,Cardinal Hill,Week4,228.0 Little Rocky Run - 174.0 Cardinal Hill
Little Rocky Run,Week1,Commonwealth,Week4,308.0 Little Rocky Run - 94.0 Commonwealth
Long Branch,Week5,Newington Forest,Week5,217.0 Long Branch - 185.0 Newington Forest
Long Branch,Week2,Truro,Week5,202.0 Long Branch - 199.0 Truro
Little Rocky Run,Week5,Oakton ,Week5,205.0 Little Rocky Run - 197.0 Oakton
Little Rocky Run,Week5,Truro,Week4,323.0 Little Rocky Run - 79.0 Truro
Little Rocky Run,Week2,Tuckahoe,Week2,303.0 Tuckahoe - 99.0 Little Rocky Run
Little Rocky Run,Week4,Truro,Week3,328.0 Little Rocky Run - 74.0 Truro
Little Rocky Run,Week4,Tuckahoe,Week2,296.0 Tuckahoe - 106.0 Little Rocky Run
Long Branch,Week4,Sully Station II,Week3,312.0 Sully Station II - 90.0 Long Branch
Little Rocky Run,Week2,Commonwealth,Week3,302.0 Little Rocky Run - 100.0 Commonwealth
Little Rocky Run,Week1,Commonwealth,Week1,315.0 Little Rocky Run - 87.0 Commonwealth
Long Branch,Week2,Pinewood Lake,Week2,323.0 Long Branch - 72.0 Pinewood Lake
Long Branch,Week2,Truro,Week4,207.0 Truro - 195.0 Long Branch
Little Rocky Run,Week5,Tuckahoe,Week3,307.0 Tuckahoe - 95.0 Little Rocky Run
Little Rocky Run,Week5,Oakton ,Week2,207.0 Little Rocky Run - 195.0 Oakton
Long Branch,Week2,Pinecrest,Week1,277.0 Pinecrest - 125.0 Long Branch
Little Rocky Run,Week5,Oakton ,Week4,212.0 Little Rocky Run - 190.0 Oakton
Little Rocky Run,Week4,Oakton ,Week3,202.0 Little Rocky Run - 200.0 Oakton
Long Branch,Week2,Pinecrest,Week5,281.0 Pinecrest - 120.0 Long Branch
Long Branch,Week4,North Springfield,Week1,264.0 Long Branch - 86.0 North Springfield
Little Rocky Run,Week2,Tuckahoe,Week3,324.0 Tuckahoe - 78.0 Little Rocky Run
Long Branch,Week3,Pinewood Lake,Week1,334.0 Long Branch - 65.0 Pinewood Lake
Long Branch,Week2,North Springfield,Week3,247.0 Long Branch - 150.0 North Springfield
Long Branch,Week5,Pinecrest,Week5,274.0 Pinecrest - 127.0 Long Branch
Long Branch,Week5,Newington Forest,Week3,241.0 Long Branch - 161.0 Newington Forest
Long Branch,Week3,Truro,Week1,220.0 Truro - 182.0 Long Branch
Long Branch,Week3,Newington Forest,Week1,224.5 Long Branch - 176.5 Newington Forest
Little Rocky Run,Week4,Truro,Week4,321.0 Little Rocky Run - 81.0 Truro
Long Branch,Week5,North Springfield,Week1,272.0 Long Branch - 79.0 North Springfield
Long Branch,Week1,Tuckahoe,Week4,355.0 Tuckahoe - 47.0 Long Branch
Little Rocky Run,Week2,Oakton ,Week3,225.0 Oakton - 177.0 Little Rocky Run
Long Branch,Week1,Truro,Week4,205.0 Truro - 197.0 Long Branch
Little Rocky Run,Week2,Tuckahoe,Week1,291.5 Tuckahoe - 110.5 Little Rocky Run
Little Rocky Run,Week2,Commonwealth,Week2,287.0 Little Rocky Run - 115.0 Commonwealth
Little Rocky Run,Week3,Oakton ,Week3,219.0 Little Rocky Run - 183.0 Oakton
Long Branch,Week3,Sully Station II,Week3,305.0 Sully Station II - 97.0 Long Branch
Little Rocky Run,Week5,Chesterbrook,Week2,282.0 Chesterbrook - 120.0 Little Rocky Run
Long Branch,Week2,Pinewood Lake,Week1,329.0 Long Branch - 71.0 Pinewood Lake
Long Branch,Week1,Pinewood Lake,Week2,314.0 Long Branch - 71.0 Pinewood Lake
Long Branch,Week2,North Springfield,Week1,247.0 Long Branch - 103.0 North Springfield
Little Rocky Run,Week1,Commonwealth,Week3,297.0 Little Rocky Run - 105.0 Commonwealth
Little Rocky Run,Week1,Old Keene Mill,Week4,297.0 Little Rocky Run - 105.0 Old Keene Mill
Little Rocky Run,Week3,Chesterbrook,Week2,288.5 Chesterbrook - 113.5 Little Rocky Run
Long Branch,Week3,Tuckahoe,Week5,346.0 Tuckahoe - 56.0 Long Branch
Little Rocky Run,Week2,Commonwealth,Week5,291.0 Little Rocky Run - 111.0 Commonwealth
Little Rocky Run,Week4,Truro,Week5,332.0 Little Rocky Run - 70.0 Truro
Little Rocky Run,Week4,Truro,Week1,327.0 Little Rocky Run - 75.0 Truro
Little Rocky Run,Week1,Tuckahoe,Week1,295.0 Tuckahoe - 107.0 Little Rocky Run
Little Rocky Run,Week3,Oakton ,Week4,203.0 Little Rocky Run - 199.0 Oakton
Long Branch,Week1,Pinewood Lake,Week3,334.0 Long Branch - 56.0 Pinewood Lake
Long Branch,Week1,Tuckahoe,Week2,341.0 Tuckahoe - 61.0 Long Branch
Little Rocky Run,Week5,Oakton ,Week3,217.0 Little Rocky Run - 185.0 Oakton
Little Rocky Run,Week2,Oakton ,Week2,230.0 Oakton - 172.0 Little Rocky Run
Little Rocky Run,Week1,Old Keene Mill,Week2,284.0 Little Rocky Run - 118.0 Old Keene Mill
Long Branch,Week5,Truro,Week2,249.0 Long Branch - 151.0 Truro
Long Branch,Week3,Newington Forest,Week3,226.0 Long Branch - 176.0 Newington Forest
Long Branch,Week1,Tuckahoe,Week1,337.0 Tuckahoe - 65.0 Long Branch
Long Branch,Week4,Newington Forest,Week5,208.0 Long Branch - 194.0 Newington Forest
Little Rocky Run,Week2,Commonwealth,Week4,304.0 Little Rocky Run - 98.0 Commonwealth
Long Branch,Week1,Pinecrest,Week5,285.0 Pinecrest - 116.0 Long Branch
Long Branch,Week4,Newington Forest,Week2,222.0 Long Branch - 179.0 Newington Forest
Little Rocky Run,Week2,Commonwealth,Week1,313.0 Little Rocky Run - 89.0 Commonwealth
Long Branch,Week4,Newington Forest,Week1,247.0 Long Branch - 154.0 Newington Forest
Little Rocky Run,Week2,Old Keene Mill,Week1,314.0 Little Rocky Run - 88.0 Old Keene Mill
Long Branch,Week4,Tuckahoe,Week2,346.0 Tuckahoe - 56.0 Long Branch
Little Rocky Run,Week3,Commonwealth,Week2,303.0 Little Rocky Run - 99.0 Commonwealth
Little Rocky Run,Week3,Commonwealth,Week1,323.0 Little Rocky Run - 79.0 Commonwealth
Long Branch,Week3,Pinecrest,Week3,315.0 Pinecrest - 87.0 Long Branch
Long Branch,Week2,Pinecrest,Week4,304.0 Pinecrest - 98.0 Long Branch
Little Rocky Run,Week4,Tuckahoe,Week4,304.0 Tuckahoe - 98.0 Little Rocky Run
Long Branch,Week4,Pinecrest,Week2,289.0 Pinecrest - 113.0 Long Branch
Little Rocky Run,Week3,Commonwealth,Week4,326.0 Little Rocky Run - 76.0 Commonwealth
Long Branch,Week2,Tuckahoe,Week5,338.0 Tuckahoe - 64.0 Long Branch
Long Branch,Week4,Pinecrest,Week5,292.5 Pinecrest - 109.5 Long Branch
Little Rocky Run,Week3,Tuckahoe,Week1,277.0 Tuckahoe - 125.0 Little Rocky Run
Little Rocky Run,Week3,Truro,Week5,331.0 Little Rocky Run - 71.0 Truro
Long Branch,Week1,North Springfield,Week2,239.0 Long Branch - 148.0 North Springfield
Little Rocky Run,Week2,Mansion House,Week1,248.0 Little Rocky Run - 154.0 Mansion House
Long Branch,Week5,Newington Forest,Week1,261.0 Long Branch - 137.0 Newington Forest
Long Branch,Week5,Pinecrest,Week1,264.5 Pinecrest - 137.5 Long Branch
Little Rocky Run,Week4,Mansion House,Week5,249.0 Little Rocky Run - 153.0 Mansion House
Long Branch,Week1,Tuckahoe,Week3,350.0 Tuckahoe - 52.0 Long Branch
Little Rocky Run,Week4,Commonwealth,Week1,317.0 Little Rocky Run - 85.0 Commonwealth
Long Branch,Week3,Pinecrest,Week4,314.0 Pinecrest - 88.0 Long Branch
Long Branch,Week2,Pinecrest,Week2,289.0 Pinecrest - 113.0 Long Branch
Little Rocky Run,Week1,Commonwealth,Week5,294.0 Little Rocky Run - 108.0 Commonwealth
Long Branch,Week4,Truro,Week4,209.0 Long Branch - 193.0 Truro
Long Branch,Week1,North Springfield,Week1,252.0 Long Branch - 93.0 North Springfield
Long Branch,Week4,Pinecrest,Week1,279.0 Pinecrest - 123.0 Long Branch
Little Rocky Run,Week1,Tuckahoe,Week4,308.0 Tuckahoe - 94.0 Little Rocky Run
Little Rocky Run,Week5,Truro,Week2,355.5 Little Rocky Run - 41.5 Truro
Little Rocky Run,Week3,Commonwealth,Week5,299.0 Little Rocky Run - 103.0 Commonwealth
Little Rocky Run,Week4,Truro,Week2,351.0 Little Rocky Run - 51.0 Truro
Little Rocky Run,Week2,Old Keene Mill,Week3,297.0 Little Rocky Run - 105.0 Old Keene Mill
Long Branch,Week4,Tuckahoe,Week4,357.0 Tuckahoe - 45.0 Long Branch
Little Rocky Run,Week4,Mansion House,Week1,244.0 Little Rocky Run - 158.0 Mansion House
Long Branch,Week1,Tuckahoe,Week5,346.0 Tuckahoe - 56.0 Long Branch
Little Rocky Run,Week3,Commonwealth,Week3,326.0 Little Rocky Run - 76.0 Commonwealth
Long Branch,Week5,Newington Forest,Week4,218.0 Long Branch - 184.0 Newington Forest
Long Branch,Week4,Newington Forest,Week3,232.0 Long Branch - 170.0 Newington Forest
Long Branch,Week3,Pinecrest,Week5,296.0 Pinecrest - 106.0 Long Branch
Long Branch,Week4,Truro,Week5,206.0 Long Branch - 196.0 Truro
Little Rocky Run,Week1,Tuckahoe,Week3,311.0 Tuckahoe - 91.0 Little Rocky Run
Long Branch,Week2,Pinecrest,Week3,298.0 Pinecrest - 104.0 Long Branch
Long Branch,Week2,Tuckahoe,Week2,334.5 Tuckahoe - 67.5 Long Branch
Little Rocky Run,Week1,Mansion House,Week4,272.0 Little Rocky Run - 130.0 Mansion House
Little Rocky Run,Week3,Mansion House,Week3,246.0 Little Rocky Run - 156.0 Mansion House
Long Branch,Week1,Pinecrest,Week3,298.0 Pinecrest - 104.0 Long Branch
Little Rocky Run,Week2,Tuckahoe,Week5,298.0 Tuckahoe - 104.0 Little Rocky Run
Long Branch,Week3,Truro,Week3,203.0 Truro - 199.0 Long Branch
Little Rocky Run,Week2,Mansion House,Week4,272.0 Little Rocky Run - 130.0 Mansion House
Little Rocky Run,Week1,Tuckahoe,Week5,286.0 Tuckahoe - 116.0 Little Rocky Run
Little Rocky Run,Week5,Truro,Week5,343.5 Little Rocky Run - 53.5 Truro
Long Branch,Week1,North Springfield,Week3,246.0 Long Branch - 150.0 North Springfield
Long Branch,Week3,Tuckahoe,Week4,353.5 Tuckahoe - 48.5 Long Branch
Long Branch,Week3,Tuckahoe,Week3,362.0 Tuckahoe - 40.0 Long Branch
Long Branch,Week3,Pinecrest,Week1,290.0 Pinecrest - 112.0 Long Branch
Long Branch,Week1,North Springfield,Week5,235.0 Long Branch - 137.0 North Springfield
Long Branch,Week3,Newington Forest,Week2,215.0 Long Branch - 186.0 Newington Forest
Little Rocky Run,Week1,Mansion House,Week3,231.0 Little Rocky Run - 171.0 Mansion House
Long Branch,Week5,Pinecrest,Week4,291.0 Pinecrest - 111.0 Long Branch
Little Rocky Run,Week3,Truro,Week3,333.0 Little Rocky Run - 69.0 Truro
Little Rocky Run,Week1,Tuckahoe,Week2,296.0 Tuckahoe - 106.0 Little Rocky Run
Long Branch,Week1,Pinecrest,Week4,300.0 Pinecrest - 102.0 Long Branch
Little Rocky Run,Week3,Mansion House,Week4,274.0 Little Rocky Run - 128.0 Mansion House
Long Branch,Week3,North Springfield,Week4,263.0 Long Branch - 128.0 North Springfield
Long Branch,Week2,North Springfield,Week5,233.0 Long Branch - 141.0 North Springfield
Little Hunting Park,Week2,Waynewood,Week1,286.0 Waynewood - 116.0 Little Hunting Park
Little Rocky Run,Week5,Mansion House,Week1,258.0 Little Rocky Run - 139.0 Mansion House
Little Rocky Run,Week3,Tuckahoe,Week2,278.0 Tuckahoe - 124.0 Little Rocky Run
Long Branch,Week5,Pinecrest,Week3,287.0 Pinecrest - 115.0 Long Branch
Long Branch,Week4,Pinecrest,Week3,300.0 Pinecrest - 102.0 Long Branch
Long Branch,Week4,Truro,Week1,213.0 Long Branch - 189.0 Truro
Little Rocky Run,Week1,Mantua,Week1,238.0 Little Rocky Run - 164.0 Mantua
Long Branch,Week4,Truro,Week2,239.0 Long Branch - 163.0 Truro
Long Branch,Week2,North Springfield,Week4,271.0 Long Branch - 121.0 North Springfield
Little Rocky Run,Week5,Truro,Week1,342.0 Little Rocky Run - 60.0 Truro
Little Rocky Run,Week5,Mansion House,Week3,249.0 Little Rocky Run - 153.0 Mansion House
Long Branch,Week3,North Springfield,Week2,248.0 Long Branch - 139.0 North Springfield
Little Rocky Run,Week1,Mansion House,Week1,242.0 Little Rocky Run - 160.0 Mansion House
Long Branch,Week2,Tuckahoe,Week3,352.0 Tuckahoe - 50.0 Long Branch
Long Branch,Week5,Newington Forest,Week2,243.0 Long Branch - 155.0 Newington Forest
Little Hunting Park,Week1,Waynewood,Week3,310.0 Waynewood - 92.0 Little Hunting Park
Long Branch,Week4,North Springfield,Week2,262.0 Long Branch - 126.0 North Springfield
Little Rocky Run,Week1,Mansion House,Week5,244.0 Little Rocky Run - 158.0 Mansion House
Long Branch,Week3,North Springfield,Week5,223.0 Long Branch - 149.0 North Springfield
Long Branch,Week4,Pinecrest,Week4,298.0 Pinecrest - 104.0 Long Branch
Long Branch,Week5,Pinecrest,Week2,281.0 Pinecrest - 121.0 Long Branch
Little Rocky Run,Week3,Tuckahoe,Week5,284.0 Tuckahoe - 118.0 Little Rocky Run
Long Branch,Week3,Truro,Week2,221.5 Long Branch - 179.5 Truro
Little Rocky Run,Week3,Mansion House,Week2,250.0 Little Rocky Run - 152.0 Mansion House
Little Hunting Park,Week1,Waynewood,Week5,312.0 Waynewood - 89.0 Little Hunting Park
Long Branch,Week1,Pinewood Lake,Week4,310.0 Long Branch - 80.0 Pinewood Lake
Little Rocky Run,Week4,Tuckahoe,Week5,289.5 Tuckahoe - 112.5 Little Rocky Run
Little Rocky Run,Week3,Mansion House,Week5,251.0 Little Rocky Run - 151.0 Mansion House
Little Hunting Park,Week4,Waynewood,Week5,319.0 Waynewood - 83.0 Little Hunting Park
Long Branch,Week4,Truro,Week3,220.0 Long Branch - 182.0 Truro
Long Branch,Week5,Truro,Week1,218.0 Long Branch - 183.0 Truro
Long Branch,Week5,Truro,Week4,214.0 Long Branch - 188.0 Truro
Little Rocky Run,Week4,Tuckahoe,Week1,287.0 Tuckahoe - 115.0 Little Rocky Run
Little Rocky Run,Week4,Tuckahoe,Week3,314.0 Tuckahoe - 88.0 Little Rocky Run
Little Hunting Park,Week5,Waynewood,Week2,276.0 Waynewood - 125.0 Little Hunting Park
Little Rocky Run,Week3,Tuckahoe,Week4,293.0 Tuckahoe - 109.0 Little Rocky Run
Little Hunting Park,Week5,Waynewood,Week5,303.0 Waynewood - 99.0 Little Hunting Park
Long Branch,Week3,Truro,Week4,214.0 Truro - 188.0 Long Branch
Long Branch,Week4,North Springfield,Week5,252.0 Long Branch - 122.0 North Springfield
Long Branch,Week1,Pinewood Lake,Week1,321.0 Long Branch - 63.0 Pinewood Lake
Long Branch,Week4,North Springfield,Week4,279.0 Long Branch - 113.0 North Springfield
Little Hunting Park,Week5,Waynewood,Week4,275.0 Waynewood - 126.0 Little Hunting Park
Little Rocky Run,Week5,Long Branch,Week2,310.0 Little Rocky Run - 92.0 Long Branch
Long Branch,Week4,Oakton ,Week4,322.0 Oakton - 80.0 Long Branch
Long Branch,Week3,Truro,Week5,205.0 Truro - 197.0 Long Branch
Little Hunting Park,Week5,Walden Glen,Week5,231.5 Walden Glen - 170.5 Little Hunting Park
Little Rocky Run,Week3,Rolling Hills,Week2,315.0 Little Rocky Run - 87.0 Rolling Hills
Long Branch,Week1,Pinewood Lake,Week5,315.0 Long Branch - 75.0 Pinewood Lake
Little Rocky Run,Week5,Mansion House,Week2,261.0 Little Rocky Run - 136.0 Mansion House
Long Branch,Week5,Oakton ,Week3,306.0 Oakton - 96.0 Long Branch
Little Rocky Run,Week5,Tuckahoe,Week1,260.5 Tuckahoe - 141.5 Little Rocky Run
Little Rocky Run,Week4,Vienna Aquatic,Week3,239.0 Vienna Aquatic - 163.0 Little Rocky Run
Long Branch,Week2,Pinewood Lake,Week5,318.0 Long Branch - 81.0 Pinewood Lake
Long Branch,Week2,Oakton ,Week4,319.0 Oakton - 83.0 Long Branch
Long Branch,Week1,Pleasant Valley,Week2,262.0 Long Branch - 135.0 Pleasant Valley
Little Rocky Run,Week2,Mansion House,Week3,238.0 Little Rocky Run - 164.0 Mansion House
Little Rocky Run,Week3,Vienna Aquatic,Week4,223.0 Vienna Aquatic - 179.0 Little Rocky Run
Little Hunting Park,Week1,Waynewood,Week1,276.0 Waynewood - 126.0 Little Hunting Park
Little Hunting Park,Week5,Waynewood,Week3,293.0 Waynewood - 109.0 Little Hunting Park
Little Rocky Run,Week5,Tuckahoe,Week2,271.0 Tuckahoe - 131.0 Little Rocky Run
Long Branch,Week2,Pinewood Lake,Week3,339.0 Long Branch - 61.0 Pinewood Lake
Little Rocky Run,Week5,Long Branch,Week5,299.0 Little Rocky Run - 103.0 Long Branch
Long Branch,Week5,Truro,Week3,241.0 Long Branch - 161.0 Truro
Long Branch,Week5,Truro,Week5,222.0 Long Branch - 179.0 Truro
Little Hunting Park,Week3,Waynewood,Week4,296.0 Waynewood - 106.0 Little Hunting Park
Little Rocky Run,Week5,Rolling Hills,Week1,311.0 Little Rocky Run - 91.0 Rolling Hills
Long Branch,Week2,Tuckahoe,Week4,352.0 Tuckahoe - 50.0 Long Branch
Long Branch,Week2,Pinewood Lake,Week4,325.0 Long Branch - 74.0 Pinewood Lake
Long Branch,Week5,Oakton ,Week1,286.0 Oakton - 116.0 Long Branch
Little Rocky Run,Week5,Long Branch,Week4,310.5 Little Rocky Run - 91.5 Long Branch
Long Branch,Week5,Oakton ,Week4,306.0 Oakton - 96.0 Long Branch
Little Rocky Run,Week3,Rolling Hills,Week1,306.0 Little Rocky Run - 96.0 Rolling Hills
Little Rocky Run,Week3,Rolling Hills,Week4,314.0 Little Rocky Run - 88.0 Rolling Hills
Little Rocky Run,Week5,Tuckahoe,Week4,285.5 Tuckahoe - 116.5 Little Rocky Run
Little Rocky Run,Week4,Mansion House,Week2,246.0 Little Rocky Run - 156.0 Mansion House
Long Branch,Week4,Tuckahoe,Week1,341.0 Tuckahoe - 61.0 Long Branch
Little Hunting Park,Week3,Waynewood,Week5,317.0 Waynewood - 85.0 Little Hunting Park
Long Branch,Week2,Pleasant Valley,Week4,281.0 Long Branch - 116.0 Pleasant Valley
Long Branch,Week3,Pinewood Lake,Week4,329.0 Long Branch - 70.0 Pinewood Lake
Little Rocky Run,Week4,Vienna Aquatic,Week4,235.0 Vienna Aquatic - 167.0 Little Rocky Run
Little Hunting Park,Week3,Waynewood,Week3,313.0 Waynewood - 89.0 Little Hunting Park
Long Branch,Week1,Oakton ,Week2,314.0 Oakton - 88.0 Long Branch
Long Branch,Week3,Pinewood Lake,Week3,337.0 Long Branch - 61.0 Pinewood Lake
Long Branch,Week2,Tuckahoe,Week1,338.0 Tuckahoe - 64.0 Long Branch
Little Rocky Run,Week5,Mansion House,Week5,248.0 Little Rocky Run - 154.0 Mansion House
Little Rocky Run,Week4,Rolling Hills,Week5,293.0 Little Rocky Run - 109.0 Rolling Hills
Little Rocky Run,Week2,Mansion House,Week2,251.0 Little Rocky Run - 151.0 Mansion House
Little Rocky Run,Week5,Vienna Aquatic,Week1,207.0 Little Rocky Run - 195.0 Vienna Aquatic
Long Branch,Week3,Oakton ,Week4,325.0 Oakton - 77.0 Long Branch
Long Branch,Week3,Tuckahoe,Week2,347.0 Tuckahoe - 55.0 Long Branch
Little Rocky Run,Week2,Rolling Hills,Week4,300.0 Little Rocky Run - 102.0 Rolling Hills
Long Branch,Week3,Oakton ,Week2,317.0 Oakton - 85.0 Long Branch
Little Rocky Run,Week1,Vienna Aquatic,Week1,229.0 Vienna Aquatic - 173.0 Little Rocky Run
Long Branch,Week4,Tuckahoe,Week3,356.0 Tuckahoe - 46.0 Long Branch
Long Branch,Week5,Pinewood Lake,Week5,339.0 Long Branch - 61.0 Pinewood Lake
Little Rocky Run,Week4,Mansion House,Week3,243.0 Little Rocky Run - 159.0 Mansion House
Long Branch,Week5,Pinewood Lake,Week2,343.0 Long Branch - 57.0 Pinewood Lake
Long Branch,Week5,North Springfield,Week2,264.0 Long Branch - 124.0 North Springfield
Little Hunting Park,Week5,Waynewood,Week1,264.0 Waynewood - 138.0 Little Hunting Park
Little Rocky Run,Week1,Rolling Valley,Week1,360.0 Little Rocky Run - 42.0 Rolling Valley
Long Branch,Week5,North Springfield,Week4,283.0 Long Branch - 109.0 North Springfield
Little Hunting Park,Week2,Waynewood,Week2,292.0 Waynewood - 110.0 Little Hunting Park
Little Rocky Run,Week2,Mansion House,Week5,230.0 Little Rocky Run - 172.0 Mansion House
Little Rocky Run,Week4,Rolling Hills,Week1,292.0 Little Rocky Run - 110.0 Rolling Hills
Little Rocky Run,Week5,Vienna Aquatic,Week5,240.0 Vienna Aquatic - 162.0 Little Rocky Run
Long Branch,Week3,Tuckahoe,Week1,331.0 Tuckahoe - 71.0 Long Branch
Little Rocky Run,Week4,Rolling Hills,Week2,295.0 Little Rocky Run - 107.0 Rolling Hills
Little Hunting Park,Week1,Waynewood,Week4,300.0 Waynewood - 101.0 Little Hunting Park
Long Branch,Week4,Tuckahoe,Week5,353.0 Tuckahoe - 49.0 Long Branch
Little Rocky Run,Week4,Mansion House,Week4,270.0 Little Rocky Run - 132.0 Mansion House
Little Rocky Run,Week2,Rolling Hills,Week2,292.0 Little Rocky Run - 110.0 Rolling Hills
Long Branch,Week1,Oakton ,Week4,316.0 Oakton - 86.0 Long Branch
Long Branch,Week5,Pinewood Lake,Week1,345.0 Long Branch - 56.0 Pinewood Lake
Little Rocky Run,Week2,Rolling Hills,Week5,297.0 Little Rocky Run - 105.0 Rolling Hills
Little Rocky Run,Week3,Vienna Aquatic,Week2,214.0 Vienna Aquatic - 188.0 Little Rocky Run
Long Branch,Week2,Oakton ,Week3,316.0 Oakton - 86.0 Long Branch
Little Rocky Run,Week4,Vienna Aquatic,Week5,264.0 Vienna Aquatic - 138.0 Little Rocky Run
Long Branch,Week1,Oakton ,Week3,300.5 Oakton - 96.5 Long Branch
Little Rocky Run,Week2,Rolling Valley,Week1,368.0 Little Rocky Run - 34.0 Rolling Valley
Long Branch,Week1,Pleasant Valley,Week3,237.0 Long Branch - 164.0 Pleasant Valley
Little Hunting Park,Week2,Waynewood,Week4,293.0 Waynewood - 109.0 Little Hunting Park
Little Rocky Run,Week5,Long Branch,Week3,320.0 Little Rocky Run - 82.0 Long Branch
Little Rocky Run,Week1,Vienna Aquatic,Week2,245.0 Vienna Aquatic - 157.0 Little Rocky Run
Long Branch,Week1,Pleasant Valley,Week1,270.0 Long Branch - 128.0 Pleasant Valley
Little Rocky Run,Week2,Vienna Aquatic,Week2,239.0 Vienna Aquatic - 163.0 Little Rocky Run
Little Rocky Run,Week5,Rolling Forest,Week4,312.0 Little Rocky Run - 90.0 Rolling Forest
Little Rocky Run,Week5,Mansion House,Week4,278.0 Little Rocky Run - 119.0 Mansion House
Little Hunting Park,Week4,Waynewood,Week1,277.0 Waynewood - 125.0 Little Hunting Park
Long Branch,Week3,Pleasant Valley,Week2,277.0 Long Branch - 123.0 Pleasant Valley
Long Branch,Week4,Oakton ,Week2,316.0 Oakton - 86.0 Long Branch
Little Hunting Park,Week2,Waynewood,Week5,318.0 Waynewood - 84.0 Little Hunting Park
Little Rocky Run,Week1,Mansion House,Week2,234.0 Little Rocky Run - 168.0 Mansion House
Little Rocky Run,Week3,Vienna Aquatic,Week1,214.0 Vienna Aquatic - 188.0 Little Rocky Run
Long Branch,Week1,Oakton ,Week5,307.0 Oakton - 95.0 Long Branch
Little Rocky Run,Week3,Mansion House,Week1,250.0 Little Rocky Run - 152.0 Mansion House
Little Rocky Run,Week1,Rolling Hills,Week1,302.0 Little Rocky Run - 100.0 Rolling Hills
Long Branch,Week4,Pinewood Lake,Week2,342.0 Long Branch - 58.0 Pinewood Lake
Little Hunting Park,Week2,Waynewood,Week3,310.0 Waynewood - 92.0 Little Hunting Park
Little Hunting Park,Week1,Waynewood,Week2,295.0 Waynewood - 107.0 Little Hunting Park
Little Rocky Run,Week4,Rolling Hills,Week3,290.0 Little Rocky Run - 112.0 Rolling Hills
Little Rocky Run,Week1,Mantua,Week5,219.0 Mantua - 183.0 Little Rocky Run
Little Hunting Park,Week4,Waynewood,Week2,297.0 Waynewood - 105.0 Little Hunting Park
Little Rocky Run,Week3,Mantua,Week1,248.0 Little Rocky Run - 154.0 Mantua
Long Branch,Week1,Pleasant Valley,Week4,273.0 Long Branch - 118.0 Pleasant Valley
Long Branch,Week4,Pinewood Lake,Week1,349.0 Long Branch - 51.0 Pinewood Lake
Little Rocky Run,Week1,McLean,Week1,229.0 McLean - 168.0 Little Rocky Run
Little Rocky Run,Week5,Rolling Hills,Week2,315.0 Little Rocky Run - 87.0 Rolling Hills
Long Branch,Week5,Pinewood Lake,Week4,345.0 Long Branch - 55.0 Pinewood Lake
Little Hunting Park,Week3,Waynewood,Week1,290.0 Waynewood - 112.0 Little Hunting Park
Little Rocky Run,Week1,McLean,Week3,254.0 McLean - 148.0 Little Rocky Run
Long Branch,Week5,Oakton ,Week2,311.0 Oakton - 91.0 Long Branch
Little Rocky Run,Week5,Rolling Hills,Week3,315.0 Little Rocky Run - 82.0 Rolling Hills
Little Rocky Run,Week2,McLean,Week1,224.0 McLean - 178.0 Little Rocky Run
Little Rocky Run,Week5,Rolling Forest,Week1,303.0 Little Rocky Run - 99.0 Rolling Forest
Little Rocky Run,Week3,Vienna Aquatic,Week3,239.0 Vienna Aquatic - 163.0 Little Rocky Run
Long Branch,Week5,Tuckahoe,Week5,338.0 Tuckahoe - 64.0 Long Branch
Long Branch,Week5,Tuckahoe,Week3,362.0 Tuckahoe - 40.0 Long Branch
Long Branch,Week3,Oakton ,Week3,316.0 Oakton - 86.0 Long Branch
Little Rocky Run,Week1,Rolling Hills,Week3,297.0 Little Rocky Run - 105.0 Rolling Hills
Little Rocky Run,Week5,Vienna Aquatic,Week4,211.0 Vienna Aquatic - 191.0 Little Rocky Run
Long Branch,Week5,North Springfield,Week3,258.0 Long Branch - 139.0 North Springfield
Little Rocky Run,Week5,Vienna Aquatic,Week2,204.0 Vienna Aquatic - 198.0 Little Rocky Run
Little Hunting Park,Week3,Waynewood,Week2,305.0 Waynewood - 97.0 Little Hunting Park
Little Rocky Run,Week1,McLean,Week5,260.0 McLean - 142.0 Little Rocky Run
Long Branch,Week4,Oakton ,Week3,314.0 Oakton - 88.0 Long Branch
Long Branch,Week2,Pleasant Valley,Week1,273.0 Long Branch - 125.0 Pleasant Valley
Little Hunting Park,Week4,Waynewood,Week3,309.0 Waynewood - 93.0 Little Hunting Park
Long Branch,Week2,Oakton ,Week5,327.0 Oakton - 75.0 Long Branch
Little Hunting Park,Week4,Waynewood,Week4,294.0 Waynewood - 108.0 Little Hunting Park
Long Branch,Week2,Oakton ,Week1,311.0 Oakton - 91.0 Long Branch
Long Branch,Week2,Pleasant Valley,Week2,278.0 Long Branch - 120.0 Pleasant Valley
Little Rocky Run,Week2,Vienna Aquatic,Week5,273.0 Vienna Aquatic - 129.0 Little Rocky Run
Little Rocky Run,Week1,Vienna Aquatic,Week3,247.0 Vienna Aquatic - 155.0 Little Rocky Run
Long Branch,Week2,Oakton ,Week2,324.0 Oakton - 78.0 Long Branch
Little Rocky Run,Week1,Rolling Hills,Week2,300.0 Little Rocky Run - 102.0 Rolling Hills
Long Branch,Week3,Pinewood Lake,Week5,334.0 Long Branch - 65.0 Pinewood Lake
Little Rocky Run,Week5,Rolling Forest,Week2,300.5 Little Rocky Run - 101.5 Rolling Forest
Little Rocky Run,Week5,Rolling Forest,Week5,302.0 Little Rocky Run - 100.0 Rolling Forest
Little Rocky Run,Week2,Vienna Aquatic,Week1,226.0 Vienna Aquatic - 176.0 Little Rocky Run
Little Rocky Run,Week5,Vienna Aquatic,Week3,217.0 Vienna Aquatic - 185.0 Little Rocky Run
Little Rocky Run,Week2,Vienna Aquatic,Week3,259.0 Vienna Aquatic - 143.0 Little Rocky Run
Little Rocky Run,Week4,Vienna Aquatic,Week1,223.0 Vienna Aquatic - 179.0 Little Rocky Run
Little Rocky Run,Week2,Rolling Hills,Week1,297.0 Little Rocky Run - 105.0 Rolling Hills
Long Branch,Week3,Oakton ,Week1,314.0 Oakton - 88.0 Long Branch
Little Rocky Run,Week1,Vienna Aquatic,Week5,266.0 Vienna Aquatic - 136.0 Little Rocky Run
Long Branch,Week3,Oakton ,Week5,325.0 Oakton - 77.0 Long Branch
Long Branch,Week4,Pinewood Lake,Week4,348.0 Long Branch - 51.0 Pinewood Lake
Little Rocky Run,Week2,Rolling Hills,Week3,288.0 Little Rocky Run - 114.0 Rolling Hills
Little Rocky Run,Week1,Mantua,Week2,241.0 Little Rocky Run - 161.0 Mantua
Little Rocky Run,Week1,Rolling Hills,Week4,305.0 Little Rocky Run - 97.0 Rolling Hills
Long Branch,Week3,Pleasant Valley,Week4,280.0 Long Branch - 116.0 Pleasant Valley
Long Branch,Week2,Pleasant Valley,Week3,250.0 Long Branch - 152.0 Pleasant Valley
Long Branch,Week5,North Springfield,Week5,261.0 Long Branch - 113.0 North Springfield
Long Branch,Week1,Oakton ,Week1,300.0 Oakton - 97.0 Long Branch
Little Rocky Run,Week3,Mantua,Week2,256.0 Little Rocky Run - 146.0 Mantua
Long Branch,Week4,Pinewood Lake,Week3,347.0 Long Branch - 53.0 Pinewood Lake
Little Rocky Run,Week1,Mantua,Week4,209.0 Little Rocky Run - 193.0 Mantua
Little Rocky Run,Week4,Mantua,Week1,238.0 Little Rocky Run - 164.0 Mantua
Long Branch,Week3,Pleasant Valley,Week1,267.0 Long Branch - 133.0 Pleasant Valley
Little Rocky Run,Week4,Mantua,Week5,207.5 Little Rocky Run - 194.5 Mantua
Little Rocky Run,Week3,Vienna Aquatic,Week5,259.0 Vienna Aquatic - 143.0 Little Rocky Run
Little Rocky Run,Week2,Mantua,Week3,209.0 Mantua - 193.0 Little Rocky Run
Long Branch,Week3,Pleasant Valley,Week5,264.0 Long Branch - 134.0 Pleasant Valley
Little Rocky Run,Week2,Mantua,Week4,209.0 Little Rocky Run - 193.0 Mantua
Little Rocky Run,Week5,Rolling Forest,Week3,290.0 Little Rocky Run - 112.0 Rolling Forest
Long Branch,Week5,Tuckahoe,Week1,329.0 Tuckahoe - 73.0 Long Branch
Little Rocky Run,Week1,Vienna Woods,Week1,227.0 Vienna Woods - 175.0 Little Rocky Run
Long Branch,Week4,Oakton ,Week1,304.0 Oakton - 98.0 Long Branch
Long Branch,Week1,Old Keene Mill,Week1,206.0 Old Keene Mill - 196.0 Long Branch
Little Rocky Run,Week5,Rolling Hills,Week4,320.0 Little Rocky Run - 82.0 Rolling Hills
Long Branch,Week3,Old Keene Mill,Week1,208.0 Long Branch - 194.0 Old Keene Mill
Little Rocky Run,Week4,Mantua,Week4,219.0 Little Rocky Run - 183.0 Mantua
Long Branch,Week3,Old Keene Mill,Week5,211.0 Old Keene Mill - 190.0 Long Branch
Long Branch,Week1,Old Keene Mill,Week5,207.0 Old Keene Mill - 195.0 Long Branch
Little Rocky Run,Week2,Vienna Woods,Week4,223.0 Vienna Woods - 179.0 Little Rocky Run
Long Branch,Week5,Tuckahoe,Week4,349.0 Tuckahoe - 53.0 Long Branch
Long Branch,Week5,Pinewood Lake,Week3,346.0 Long Branch - 54.0 Pinewood Lake
Little Rocky Run,Week5,Vienna Woods,Week4,198.5 Little Rocky Run - 198.5 Vienna Woods
Little Rocky Run,Week1,Vienna Aquatic,Week4,236.0 Vienna Aquatic - 166.0 Little Rocky Run
Little Rocky Run,Week4,Vienna Aquatic,Week2,217.0 Vienna Aquatic - 185.0 Little Rocky Run
Little Rocky Run,Week3,Rolling Hills,Week3,308.0 Little Rocky Run - 94.0 Rolling Hills
Long Branch,Week3,Pinewood Lake,Week2,332.0 Long Branch - 66.0 Pinewood Lake
Long Branch,Week4,Oakton ,Week5,323.5 Oakton - 78.5 Long Branch
Little Rocky Run,Week3,Mantua,Week5,220.5 Little Rocky Run - 181.5 Mantua
Little Rocky Run,Week2,Vienna Aquatic,Week4,247.0 Vienna Aquatic - 155.0 Little Rocky Run
Little Rocky Run,Week5,Rolling Hills,Week5,317.0 Little Rocky Run - 85.0 Rolling Hills
Little Rocky Run,Week3,Rolling Hills,Week5,315.0 Little Rocky Run - 87.0 Rolling Hills
Long Branch,Week1,Orange Hunt,Week1,256.0 Orange Hunt - 146.0 Long Branch
Little Rocky Run,Week5,Tuckahoe,Week5,275.0 Tuckahoe - 127.0 Little Rocky Run
Long Branch,Week3,Pleasant Valley,Week3,238.0 Long Branch - 163.0 Pleasant Valley
Long Branch,Week2,Pleasant Valley,Week5,255.0 Long Branch - 145.0 Pleasant Valley
Little Rocky Run,Week5,Mantua,Week2,257.0 Little Rocky Run - 145.0 Mantua
Little Rocky Run,Week1,Rolling Hills,Week5,300.0 Little Rocky Run - 102.0 Rolling Hills
Little Rocky Run,Week3,Mantua,Week3,209.0 Little Rocky Run - 193.0 Mantua
Little Rocky Run,Week4,Rolling Hills,Week4,298.0 Little Rocky Run - 104.0 Rolling Hills
Long Branch,Week4,Pinewood Lake,Week5,341.0 Long Branch - 59.0 Pinewood Lake
Long Branch,Week1,Pleasant Valley,Week5,256.0 Long Branch - 143.0 Pleasant Valley
Long Branch,Week5,Tuckahoe,Week2,336.0 Tuckahoe - 66.0 Long Branch
Little Rocky Run,Week2,Mantua,Week1,222.0 Little Rocky Run - 180.0 Mantua
Long Branch,Week3,Poplar Heights,Week1,257.0 Poplar Heights - 145.0 Long Branch
Long Branch,Week2,Poplar Heights,Week4,263.0 Poplar Heights - 139.0 Long Branch
Long Branch,Week1,Old Keene Mill,Week2,203.5 Long Branch - 198.5 Old Keene Mill
Little Rocky Run,Week1,Villa Aquatic,Week4,261.0 Little Rocky Run - 141.0 Villa Aquatic
Little Rocky Run,Week1,Rolling Valley,Week4,330.0 Little Rocky Run - 72.0 Rolling Valley
Long Branch,Week5,Old Keene Mill,Week4,237.0 Long Branch - 165.0 Old Keene Mill
Little Rocky Run,Week1,Vienna Woods,Week3,240.0 Vienna Woods - 162.0 Little Rocky Run
Little Rocky Run,Week5,Rolling Valley,Week5,354.0 Little Rocky Run - 48.0 Rolling Valley
Little Rocky Run,Week2,Rutherford,Week1,333.0 Little Rocky Run - 69.0 Rutherford
Little Rocky Run,Week3,Mantua,Week4,242.0 Little Rocky Run - 160.0 Mantua
Long Branch,Week4,Old Keene Mill,Week5,208.0 Long Branch - 194.0 Old Keene Mill
Long Branch,Week5,Pleasant Valley,Week4,301.0 Long Branch - 97.0 Pleasant Valley
Little Rocky Run,Week1,Mantua,Week3,213.0 Mantua - 189.0 Little Rocky Run
Little Rocky Run,Week1,Rolling Valley,Week3,330.0 Little Rocky Run - 72.0 Rolling Valley
Little Rocky Run,Week3,Vienna Woods,Week4,204.0 Little Rocky Run - 198.0 Vienna Woods
Long Branch,Week4,Poplar Heights,Week4,266.0 Poplar Heights - 136.0 Long Branch
Little Rocky Run,Week1,Villa Aquatic,Week3,253.0 Little Rocky Run - 149.0 Villa Aquatic
Little Rocky Run,Week2,Mantua,Week5,222.0 Mantua - 180.0 Little Rocky Run
Long Branch,Week2,Old Keene Mill,Week1,233.0 Long Branch - 169.0 Old Keene Mill
Little Rocky Run,Week1,Villa Aquatic,Week2,277.5 Little Rocky Run - 124.5 Villa Aquatic
Long Branch,Week4,Pleasant Valley,Week1,279.0 Long Branch - 122.0 Pleasant Valley
Little Rocky Run,Week5,Mantua,Week3,222.0 Little Rocky Run - 180.0 Mantua
Long Branch,Week3,Old Keene Mill,Week2,204.0 Long Branch - 198.0 Old Keene Mill
Little Rocky Run,Week1,Rolling Valley,Week2,328.0 Little Rocky Run - 74.0 Rolling Valley
Long Branch,Week2,Old Keene Mill,Week3,205.0 Long Branch - 197.0 Old Keene Mill
Little Rocky Run,Week5,Vienna Woods,Week5,248.0 Vienna Woods - 154.0 Little Rocky Run
Little Rocky Run,Week4,Mantua,Week2,247.0 Little Rocky Run - 155.0 Mantua
Little Rocky Run,Week4,Mantua,Week3,206.5 Mantua - 195.5 Little Rocky Run
Little Rocky Run,Week2,Mantua,Week2,219.0 Little Rocky Run - 183.0 Mantua
Little Rocky Run,Week1,Rolling Valley,Week5,329.0 Little Rocky Run - 73.0 Rolling Valley
Long Branch,Week4,Poplar Heights,Week2,262.0 Poplar Heights - 140.0 Long Branch
Little Rocky Run,Week2,Vienna Woods,Week2,241.0 Vienna Woods - 161.0 Little Rocky Run
Long Branch,Week2,Old Keene Mill,Week5,208.0 Old Keene Mill - 194.0 Long Branch
Little Rocky Run,Week5,Rolling Valley,Week2,366.5 Little Rocky Run - 35.5 Rolling Valley
Long Branch,Week5,Poplar Heights,Week4,259.0 Poplar Heights - 143.0 Long Branch
Little Rocky Run,Week3,Rolling Valley,Week3,348.0 Little Rocky Run - 54.0 Rolling Valley
Long Branch,Week1,Poplar Heights,Week2,258.0 Poplar Heights - 144.0 Long Branch
Little Rocky Run,Week5,Mantua,Week5,220.0 Little Rocky Run - 182.0 Mantua
Little Rocky Run,Week5,Rolling Valley,Week4,359.0 Little Rocky Run - 43.0 Rolling Valley
Long Branch,Week1,Poplar Heights,Week4,272.0 Poplar Heights - 130.0 Long Branch
Long Branch,Week5,Old Keene Mill,Week1,231.0 Long Branch - 171.0 Old Keene Mill
Little Rocky Run,Week2,Vienna Woods,Week5,280.0 Vienna Woods - 122.0 Little Rocky Run
Little Rocky Run,Week3,Villa Aquatic,Week2,291.0 Little Rocky Run - 111.0 Villa Aquatic
Long Branch,Week4,Old Keene Mill,Week4,228.0 Long Branch - 174.0 Old Keene Mill
Long Branch,Week5,Old Keene Mill,Week5,204.0 Long Branch - 198.0 Old Keene Mill
Little Rocky Run,Week5,Mantua,Week4,243.0 Little Rocky Run - 159.0 Mantua
Little Rocky Run,Week1,McLean,Week4,230.0 McLean - 172.0 Little Rocky Run
Little Rocky Run,Week4,Rolling Valley,Week3,342.0 Little Rocky Run - 60.0 Rolling Valley
Little Rocky Run,Week2,McLean,Week3,247.0 McLean - 155.0 Little Rocky Run
Little Rocky Run,Week2,Rutherford,Week4,312.0 Little Rocky Run - 90.0 Rutherford
Little Rocky Run,Week3,Rolling Valley,Week5,349.0 Little Rocky Run - 53.0 Rolling Valley
Long Branch,Week1,Poplar Tree,Week1,270.0 Poplar Tree - 132.0 Long Branch
Little Rocky Run,Week3,Vienna Woods,Week1,227.0 Vienna Woods - 175.0 Little Rocky Run
Little Rocky Run,Week5,Mantua,Week1,254.5 Little Rocky Run - 142.5 Mantua
Little Rocky Run,Week2,Rutherford,Week3,314.0 Little Rocky Run - 88.0 Rutherford
Little Rocky Run,Week1,Vienna Woods,Week2,224.0 Vienna Woods - 178.0 Little Rocky Run
Long Branch,Week3,Poplar Heights,Week4,278.0 Poplar Heights - 124.0 Long Branch
Long Branch,Week1,Old Keene Mill,Week3,209.0 Old Keene Mill - 193.0 Long Branch
Long Branch,Week5,Oakton ,Week5,311.5 Oakton - 90.5 Long Branch
Little Rocky Run,Week1,Vienna Woods,Week4,213.0 Vienna Woods - 189.0 Little Rocky Run
Long Branch,Week5,Pleasant Valley,Week2,295.0 Long Branch - 103.0 Pleasant Valley
Long Branch,Week4,Pleasant Valley,Week5,272.0 Long Branch - 130.0 Pleasant Valley
Long Branch,Week4,Old Keene Mill,Week2,221.0 Long Branch - 181.0 Old Keene Mill
Little Rocky Run,Week2,McLean,Week2,250.0 McLean - 152.0 Little Rocky Run
Little Rocky Run,Week3,Vienna Woods,Week3,236.0 Vienna Woods - 166.0 Little Rocky Run
Little Rocky Run,Week2,Vienna Woods,Week1,240.5 Vienna Woods - 161.5 Little Rocky Run
Long Branch,Week3,Orange Hunt,Week4,264.0 Orange Hunt - 138.0 Long Branch
Little Rocky Run,Week1,McLean,Week2,257.0 McLean - 145.0 Little Rocky Run
Little Rocky Run,Week1,Rutherford,Week2,327.0 Little Rocky Run - 75.0 Rutherford
Little Hunting Park,Week1,Wakefield Chapel,Week1,326.0 Wakefield Chapel - 76.0 Little Hunting Park
Long Branch,Week2,Old Keene Mill,Week4,224.0 Long Branch - 178.0 Old Keene Mill
Little Rocky Run,Week2,McLean,Week4,222.0 McLean - 180.0 Little Rocky Run
Little Hunting Park,Week1,Wakefield Chapel,Week3,336.0 Wakefield Chapel - 66.0 Little Hunting Park
Little Rocky Run,Week4,Vienna Woods,Week5,270.5 Vienna Woods - 131.5 Little Rocky Run
Long Branch,Week3,Poplar Heights,Week2,268.0 Poplar Heights - 134.0 Long Branch
Little Rocky Run,Week4,Rolling Valley,Week4,349.0 Little Rocky Run - 53.0 Rolling Valley
Long Branch,Week2,Poplar Heights,Week5,261.5 Poplar Heights - 140.5 Long Branch
Little Rocky Run,Week4,Vienna Woods,Week2,230.0 Vienna Woods - 172.0 Little Rocky Run
Little Rocky Run,Week2,Rolling Valley,Week5,330.5 Little Rocky Run - 71.5 Rolling Valley
Long Branch,Week1,Old Keene Mill,Week4,206.0 Long Branch - 196.0 Old Keene Mill
Long Branch,Week2,Poplar Heights,Week1,248.0 Poplar Heights - 154.0 Long Branch
Long Branch,Week5,Pleasant Valley,Week5,280.0 Long Branch - 121.0 Pleasant Valley
Little Rocky Run,Week5,Vienna Woods,Week1,217.0 Vienna Woods - 185.0 Little Rocky Run
Long Branch,Week3,Old Keene Mill,Week3,202.0 Old Keene Mill - 200.0 Long Branch
Long Branch,Week5,Pleasant Valley,Week1,292.0 Long Branch - 106.0 Pleasant Valley
Long Branch,Week4,Old Keene Mill,Week1,232.0 Long Branch - 170.0 Old Keene Mill
Little Hunting Park,Week5,Virginia Run,Week4,261.0 Virginia Run - 141.0 Little Hunting Park
Little Rocky Run,Week2,Vienna Woods,Week3,248.0 Vienna Woods - 154.0 Little Rocky Run
Little Rocky Run,Week1,Mosby Woods,Week1,213.0 Mosby Woods - 189.0 Little Rocky Run
Long Branch,Week3,Old Keene Mill,Week4,217.0 Long Branch - 185.0 Old Keene Mill
Little Rocky Run,Week2,Rolling Valley,Week4,336.0 Little Rocky Run - 66.0 Rolling Valley
Little Rocky Run,Week4,Vienna Woods,Week3,251.0 Vienna Woods - 151.0 Little Rocky Run
Little Rocky Run,Week2,McLean,Week5,258.0 McLean - 144.0 Little Rocky Run
Little Rocky Run,Week3,Rolling Valley,Week4,355.0 Little Rocky Run - 47.0 Rolling Valley
Little Rocky Run,Week1,Rutherford,Week3,312.0 Little Rocky Run - 90.0 Rutherford
Little Rocky Run,Week4,McLean,Week4,220.0 McLean - 182.0 Little Rocky Run
Little Rocky Run,Week1,Mosby Woods,Week4,219.0 Little Rocky Run - 183.0 Mosby Woods
Little Rocky Run,Week5,McLean,Week1,207.0 McLean - 195.0 Little Rocky Run
Long Branch,Week3,Poplar Heights,Week5,272.0 Poplar Heights - 130.0 Long Branch
Long Branch,Week4,Old Keene Mill,Week3,206.0 Long Branch - 196.0 Old Keene Mill
Little Rocky Run,Week3,Rolling Valley,Week1,366.0 Little Rocky Run - 36.0 Rolling Valley
Little Rocky Run,Week4,Vienna Woods,Week1,238.0 Vienna Woods - 164.0 Little Rocky Run
Little Rocky Run,Week1,Vienna Woods,Week5,269.0 Vienna Woods - 133.0 Little Rocky Run
Long Branch,Week1,Poplar Heights,Week3,266.0 Poplar Heights - 136.0 Long Branch
Little Rocky Run,Week3,Vienna Woods,Week2,214.0 Vienna Woods - 188.0 Little Rocky Run
Long Branch,Week5,Pleasant Valley,Week3,258.0 Long Branch - 144.0 Pleasant Valley
Little Rocky Run,Week3,McLean,Week3,230.0 McLean - 172.0 Little Rocky Run
Long Branch,Week2,Old Keene Mill,Week2,212.0 Long Branch - 190.0 Old Keene Mill
Long Branch,Week4,Pleasant Valley,Week3,248.0 Long Branch - 154.0 Pleasant Valley
Little Rocky Run,Week3,Rolling Valley,Week2,350.0 Little Rocky Run - 52.0 Rolling Valley
Little Rocky Run,Week5,Rolling Valley,Week3,356.5 Little Rocky Run - 45.5 Rolling Valley
Little Hunting Park,Week1,Wakefield Chapel,Week4,324.5 Wakefield Chapel - 77.5 Little Hunting Park
Little Rocky Run,Week3,McLean,Week5,242.5 McLean - 159.5 Little Rocky Run
Long Branch,Week4,Pleasant Valley,Week2,277.0 Long Branch - 124.0 Pleasant Valley
Little Rocky Run,Week1,Rutherford,Week4,302.0 Little Rocky Run - 100.0 Rutherford
Little Rocky Run,Week5,McLean,Week4,201.0 Little Rocky Run - 201.0 McLean
Little Rocky Run,Week4,McLean,Week5,241.5 McLean - 160.5 Little Rocky Run
Long Branch,Week5,Old Keene Mill,Week2,219.0 Long Branch - 183.0 Old Keene Mill
Little Hunting Park,Week3,Wakefield Chapel,Week2,333.0 Wakefield Chapel - 69.0 Little Hunting Park
Little Rocky Run,Week2,Rolling Valley,Week2,342.0 Little Rocky Run - 60.0 Rolling Valley
Long Branch,Week4,Pleasant Valley,Week4,298.0 Long Branch - 103.0 Pleasant Valley
Little Hunting Park,Week4,Wakefield Chapel,Week2,327.0 Wakefield Chapel - 75.0 Little Hunting Park
Little Rocky Run,Week3,Vienna Woods,Week5,263.0 Vienna Woods - 139.0 Little Rocky Run
Long Branch,Week1,Orange Hunt,Week2,266.0 Orange Hunt - 136.0 Long Branch
Little Hunting Park,Week4,Wakefield Chapel,Week3,332.0 Wakefield Chapel - 70.0 Little Hunting Park
Long Branch,Week5,Old Keene Mill,Week3,216.0 Long Branch - 186.0 Old Keene Mill
Little Rocky Run,Week5,Vienna Woods,Week2,205.0 Vienna Woods - 197.0 Little Rocky Run
Little Hunting Park,Week5,Virginia Run,Week5,281.0 Virginia Run - 121.0 Little Hunting Park
Long Branch,Week1,Poplar Heights,Week1,256.0 Poplar Heights - 146.0 Long Branch
Little Rocky Run,Week5,McLean,Week5,216.0 McLean - 186.0 Little Rocky Run
Little Rocky Run,Week1,Rutherford,Week1,330.0 Little Rocky Run - 72.0 Rutherford
Little Rocky Run,Week4,Vienna Woods,Week4,209.0 Vienna Woods - 193.0 Little Rocky Run
Long Branch,Week2,Orange Hunt,Week2,264.0 Orange Hunt - 138.0 Long Branch
Little Hunting Park,Week5,Virginia Run,Week3,238.0 Virginia Run - 163.0 Little Hunting Park
Little Rocky Run,Week2,Villa Aquatic,Week1,272.0 Little Rocky Run - 130.0 Villa Aquatic
Long Branch,Week2,Poplar Heights,Week2,256.0 Poplar Heights - 146.0 Long Branch
Long Branch,Week2,Poplar Heights,Week3,263.0 Poplar Heights - 139.0 Long Branch
Long Branch,Week4,Burke Station,Week4,247.0 Long Branch - 155.0 Burke Station
Long Branch,Week3,Poplar Heights,Week3,275.0 Poplar Heights - 127.0 Long Branch
Little Rocky Run,Week2,Villa Aquatic,Week2,275.0 Little Rocky Run - 127.0 Villa Aquatic
Little Rocky Run,Week5,McLean,Week3,227.0 McLean - 170.0 Little Rocky Run
Long Branch,Week2,Orange Hunt,Week1,267.0 Orange Hunt - 135.0 Long Branch
Little Rocky Run,Week1,Mosby Woods,Week3,213.0 Little Rocky Run - 189.0 Mosby Woods
Little Hunting Park,Week1,Wakefield Chapel,Week5,336.0 Wakefield Chapel - 66.0 Little Hunting Park
Little Rocky Run,Week2,Rolling Valley,Week3,333.0 Little Rocky Run - 69.0 Rolling Valley
Little Rocky Run,Week4,Rolling Valley,Week2,351.0 Little Rocky Run - 51.0 Rolling Valley
Little Hunting Park,Week2,Wakefield Chapel,Week1,326.0 Wakefield Chapel - 76.0 Little Hunting Park
Long Branch,Week4,Poplar Heights,Week1,243.0 Poplar Heights - 159.0 Long Branch
Little Hunting Park,Week1,Wakefield Chapel,Week2,330.0 Wakefield Chapel - 71.0 Little Hunting Park
Little Rocky Run,Week1,Rutherford,Week5,319.0 Little Rocky Run - 83.0 Rutherford
Long Branch,Week2,Orange Hunt,Week4,264.0 Orange Hunt - 138.0 Long Branch
Little Rocky Run,Week1,Villa Aquatic,Week1,277.0 Little Rocky Run - 125.0 Villa Aquatic
Little Rocky Run,Week5,Vienna Woods,Week3,227.0 Vienna Woods - 175.0 Little Rocky Run
Little Rocky Run,Week4,Rolling Valley,Week1,366.0 Little Rocky Run - 36.0 Rolling Valley
Little Hunting Park,Week2,Wakefield Chapel,Week5,342.0 Wakefield Chapel - 60.0 Little Hunting Park
Little Rocky Run,Week1,Villa Aquatic,Week5,269.0 Little Rocky Run - 133.0 Villa Aquatic
Little Hunting Park,Week4,Wakefield Chapel,Week4,315.0 Wakefield Chapel - 87.0 Little Hunting Park
Little Rocky Run,Week4,McLean,Week3,235.0 McLean - 167.0 Little Rocky Run
Little Rocky Run,Week3,McLean,Week4,214.0 McLean - 188.0 Little Rocky Run
Long Branch,Week2,Orange Hunt,Week3,265.0 Orange Hunt - 137.0 Long Branch
Long Branch,Week1,Poplar Heights,Week5,269.0 Poplar Heights - 133.0 Long Branch
Long Branch,Week3,Orange Hunt,Week2,272.0 Orange Hunt - 130.0 Long Branch
Little Rocky Run,Week1,Mosby Woods,Week2,203.0 Little Rocky Run - 199.0 Mosby Woods
Long Branch,Week4,Burke Station,Week3,211.0 Long Branch - 186.0 Burke Station
Little Rocky Run,Week5,Rolling Valley,Week1,370.0 Little Rocky Run - 32.0 Rolling Valley
Long Branch,Week4,Broyhill Crest,Week5,306.0 Long Branch - 96.0 Broyhill Crest
Long Branch,Week3,Burke Station,Week4,229.0 Long Branch - 172.0 Burke Station
Little Rocky Run,Week1,Mosby Woods,Week5,208.0 Mosby Woods - 194.0 Little Rocky Run
Long Branch,Week1,Orange Hunt,Week5,280.0 Orange Hunt - 121.0 Long Branch
Little Rocky Run,Week2,Shouse Village,Week2,286.0 Little Rocky Run - 116.0 Shouse Village
Long Branch,Week4,Poplar Heights,Week5,259.5 Poplar Heights - 142.5 Long Branch
Little Rocky Run,Week4,Rutherford,Week1,348.0 Little Rocky Run - 54.0 Rutherford
Little Rocky Run,Week2,Villa Aquatic,Week4,264.5 Little Rocky Run - 137.5 Villa Aquatic
Little Rocky Run,Week2,Mosby Woods,Week2,203.0 Mosby Woods - 199.0 Little Rocky Run
Little Rocky Run,Week2,Villa Aquatic,Week3,234.0 Little Rocky Run - 168.0 Villa Aquatic
Long Branch,Week5,Poplar Heights,Week2,255.0 Poplar Heights - 147.0 Long Branch
Long Branch,Week1,Burke Station,Week2,227.5 Long Branch - 163.5 Burke Station
Long Branch,Week2,Orange Hunt,Week5,268.0 Orange Hunt - 134.0 Long Branch
Little Rocky Run,Week4,McLean,Week1,222.0 McLean - 180.0 Little Rocky Run
Long Branch,Week3,Orange Hunt,Week1,262.0 Orange Hunt - 140.0 Long Branch
Little Rocky Run,Week4,Rolling Valley,Week5,346.0 Little Rocky Run - 56.0 Rolling Valley
Little Rocky Run,Week2,Rutherford,Week2,319.0 Little Rocky Run - 83.0 Rutherford
Little Hunting Park,Week4,Wakefield Chapel,Week1,331.0 Wakefield Chapel - 71.0 Little Hunting Park
Little Rocky Run,Week2,Mosby Woods,Week1,217.0 Mosby Woods - 185.0 Little Rocky Run
Little Rocky Run,Week3,Shouse Village,Week2,295.0 Little Rocky Run - 107.0 Shouse Village
Long Branch,Week5,Broyhill Crest,Week4,325.0 Long Branch - 77.0 Broyhill Crest
Little Rocky Run,Week2,Mosby Woods,Week3,211.0 Little Rocky Run - 191.0 Mosby Woods
Long Branch,Week4,Poplar Heights,Week3,265.0 Poplar Heights - 137.0 Long Branch
Little Hunting Park,Week2,Wakefield Chapel,Week4,318.0 Wakefield Chapel - 84.0 Little Hunting Park
Little Hunting Park,Week2,Wakefield Chapel,Week2,332.0 Wakefield Chapel - 70.0 Little Hunting Park
Little Rocky Run,Week3,Villa Aquatic,Week1,303.0 Little Rocky Run - 99.0 Villa Aquatic
Little Hunting Park,Week3,Wakefield Chapel,Week3,338.0 Wakefield Chapel - 64.0 Little Hunting Park
Little Rocky Run,Week2,Villa Aquatic,Week5,237.0 Little Rocky Run - 165.0 Villa Aquatic
Long Branch,Week1,Camelot,Week1,218.0 Camelot - 184.0 Long Branch
Long Branch,Week5,Poplar Heights,Week1,238.5 Poplar Heights - 163.5 Long Branch
Long Branch,Week4,Orange Hunt,Week5,264.0 Orange Hunt - 138.0 Long Branch
Long Branch,Week1,Burke Station,Week1,203.0 Long Branch - 171.0 Burke Station
Long Branch,Week3,Orange Hunt,Week3,269.0 Orange Hunt - 133.0 Long Branch
Little Hunting Park,Week4,Wakefield Chapel,Week5,338.0 Wakefield Chapel - 64.0 Little Hunting Park
Long Branch,Week1,Overlee,Week1,346.0 Overlee - 56.0 Long Branch
Long Branch,Week3,Burke Station,Week1,214.5 Long Branch - 163.5 Burke Station
Little Hunting Park,Week5,Wakefield Chapel,Week3,323.0 Wakefield Chapel - 79.0 Little Hunting Park
Long Branch,Week1,Ravensworth Farm,Week3,285.0 Ravensworth Farm - 116.0 Long Branch
Long Branch,Week1,Overlee,Week5,364.0 Overlee - 38.0 Long Branch
Long Branch,Week1,Burke Station,Week3,198.0 Burke Station - 193.0 Long Branch
Little Rocky Run,Week3,Village West,Week4,328.0 Little Rocky Run - 69.0 Village West
Little Rocky Run,Week5,McLean,Week2,224.0 McLean - 178.0 Little Rocky Run
Long Branch,Week1,Orange Hunt,Week3,263.0 Orange Hunt - 139.0 Long Branch
Little Rocky Run,Week4,Villa Aquatic,Week2,288.0 Little Rocky Run - 114.0 Villa Aquatic
Long Branch,Week4,Burke Station,Week5,212.0 Long Branch - 190.0 Burke Station
Little Rocky Run,Week3,McLean,Week2,244.5 McLean - 157.5 Little Rocky Run
Long Branch,Week5,Orange Hunt,Week5,258.0 Orange Hunt - 144.0 Long Branch
Long Branch,Week5,Poplar Heights,Week5,258.5 Poplar Heights - 143.5 Long Branch
Little Rocky Run,Week3,McLean,Week1,205.0 McLean - 197.0 Little Rocky Run
Little Rocky Run,Week3,Rutherford,Week2,353.0 Little Rocky Run - 49.0 Rutherford
Long Branch,Week1,Orange Hunt,Week4,270.0 Orange Hunt - 132.0 Long Branch
Little Rocky Run,Week3,Rutherford,Week1,355.0 Little Rocky Run - 47.0 Rutherford
Little Hunting Park,Week5,Wakefield Chapel,Week1,321.0 Wakefield Chapel - 81.0 Little Hunting Park
Little Rocky Run,Week4,McLean,Week2,248.0 McLean - 154.0 Little Rocky Run
Long Branch,Week2,Poplar Tree,Week5,291.0 Poplar Tree - 111.0 Long Branch
Little Rocky Run,Week3,Lakevale Estates,Week4,202.0 Lakevale Estates - 200.0 Little Rocky Run
Little Hunting Park,Week5,Wakefield Chapel,Week2,320.0 Wakefield Chapel - 82.0 Little Hunting Park
Little Hunting Park,Week3,Wakefield Chapel,Week4,328.0 Wakefield Chapel - 74.0 Little Hunting Park
Long Branch,Week2,Burke Station,Week2,246.0 Long Branch - 152.0 Burke Station
Little Rocky Run,Week4,Villa Aquatic,Week4,277.5 Little Rocky Run - 124.5 Villa Aquatic
Little Rocky Run,Week3,Village West,Week5,332.0 Little Rocky Run - 70.0 Village West
Long Branch,Week5,Poplar Tree,Week4,237.0 Poplar Tree - 165.0 Long Branch
Little Rocky Run,Week2,Village West,Week1,305.0 Little Rocky Run - 97.0 Village West
Long Branch,Week5,Orange Hunt,Week1,244.0 Orange Hunt - 158.0 Long Branch
Little Rocky Run,Week5,Rutherford,Week5,342.0 Little Rocky Run - 60.0 Rutherford
Little Rocky Run,Week4,Shouse Village,Week2,282.0 Little Rocky Run - 120.0 Shouse Village
Long Branch,Week5,Poplar Heights,Week3,257.0 Poplar Heights - 145.0 Long Branch
Long Branch,Week3,Burke Station,Week2,228.0 Long Branch - 172.0 Burke Station
Little Rocky Run,Week1,Shouse Village,Week1,264.0 Little Rocky Run - 138.0 Shouse Village
Long Branch,Week4,Poplar Tree,Week3,282.0 Poplar Tree - 120.0 Long Branch
Little Rocky Run,Week4,Rutherford,Week5,327.0 Little Rocky Run - 75.0 Rutherford
Long Branch,Week5,Poplar Tree,Week3,273.5 Poplar Tree - 128.5 Long Branch
Little Rocky Run,Week3,Lakeview,Week3,337.0 Little Rocky Run - 65.0 Lakeview
Long Branch,Week4,Orange Hunt,Week2,250.0 Orange Hunt - 152.0 Long Branch
Little Rocky Run,Week5,Villa Aquatic,Week5,285.0 Little Rocky Run - 117.0 Villa Aquatic
Long Branch,Week2,Overlee,Week2,360.0 Overlee - 42.0 Long Branch
Little Rocky Run,Week2,Lakeview,Week1,330.0 Little Rocky Run - 72.0 Lakeview
Long Branch,Week5,Burke Station,Week2,255.0 Long Branch - 143.0 Burke Station
Little Rocky Run,Week2,Lakeview,Week3,327.0 Little Rocky Run - 75.0 Lakeview
Long Branch,Week1,Poplar Tree,Week4,253.0 Poplar Tree - 149.0 Long Branch
Little Rocky Run,Week5,Rutherford,Week1,354.0 Little Rocky Run - 48.0 Rutherford
Little Rocky Run,Week5,Villa Aquatic,Week3,285.0 Little Rocky Run - 117.0 Villa Aquatic
Little Rocky Run,Week3,Villa Aquatic,Week3,262.5 Little Rocky Run - 139.5 Villa Aquatic
Long Branch,Week5,Broyhill Crest,Week1,325.0 Long Branch - 77.0 Broyhill Crest
Long Branch,Week4,Orange Hunt,Week3,248.0 Orange Hunt - 154.0 Long Branch
Little Hunting Park,Week2,Wakefield Chapel,Week3,338.0 Wakefield Chapel - 64.0 Little Hunting Park
Long Branch,Week2,Overlee,Week1,348.0 Overlee - 54.0 Long Branch
Long Branch,Week4,Poplar Tree,Week1,283.0 Poplar Tree - 119.0 Long Branch
Little Rocky Run,Week2,Lakeview,Week4,308.0 Little Rocky Run - 94.0 Lakeview
Little Hunting Park,Week3,Wakefield Chapel,Week1,340.0 Wakefield Chapel - 62.0 Little Hunting Park
Little Rocky Run,Week2,Shouse Village,Week3,260.0 Little Rocky Run - 142.0 Shouse Village
Long Branch,Week3,Burke Station,Week3,203.0 Long Branch - 193.0 Burke Station
Little Hunting Park,Week3,Wakefield Chapel,Week5,340.0 Wakefield Chapel - 62.0 Little Hunting Park
Little Rocky Run,Week1,Village West,Week1,317.0 Little Rocky Run - 85.0 Village West
Long Branch,Week1,Ravensworth Farm,Week2,240.0 Ravensworth Farm - 162.0 Long Branch
Long Branch,Week2,Burke Station,Week5,221.0 Long Branch - 181.0 Burke Station
Little Rocky Run,Week2,Lakevale Estates,Week3,208.0 Lakevale Estates - 194.0 Little Rocky Run
Little Rocky Run,Week2,Shouse Village,Week4,257.0 Little Rocky Run - 145.0 Shouse Village
Long Branch,Week5,Broyhill Crest,Week2,346.0 Long Branch - 56.0 Broyhill Crest
Little Rocky Run,Week5,Villa Aquatic,Week2,298.0 Little Rocky Run - 104.0 Villa Aquatic
Little Rocky Run,Week4,Villa Aquatic,Week3,260.0 Little Rocky Run - 142.0 Villa Aquatic
Little Rocky Run,Week3,Rutherford,Week3,336.0 Little Rocky Run - 66.0 Rutherford
Long Branch,Week2,Overlee,Week5,367.0 Overlee - 35.0 Long Branch
Long Branch,Week5,Poplar Tree,Week2,252.0 Poplar Tree - 150.0 Long Branch
Long Branch,Week5,Orange Hunt,Week2,249.0 Orange Hunt - 153.0 Long Branch
Long Branch,Week3,Orange Hunt,Week5,286.5 Orange Hunt - 115.5 Long Branch
Little Rocky Run,Week2,Shouse Village,Week1,276.0 Little Rocky Run - 126.0 Shouse Village
Long Branch,Week4,Poplar Tree,Week4,253.5 Poplar Tree - 148.5 Long Branch
Little Rocky Run,Week1,Village West,Week3,297.0 Little Rocky Run - 105.0 Village West
Long Branch,Week3,Poplar Tree,Week2,274.0 Poplar Tree - 128.0 Long Branch
Long Branch,Week1,Overlee,Week3,343.0 Overlee - 59.0 Long Branch
Little Rocky Run,Week3,Lakevale Estates,Week2,219.0 Little Rocky Run - 183.0 Lakevale Estates
Little Rocky Run,Week1,Lakeview,Week5,317.0 Little Rocky Run - 76.0 Lakeview
Little Rocky Run,Week4,Lakevale Estates,Week4,217.0 Lakevale Estates - 185.0 Little Rocky Run
Little Rocky Run,Week2,Village West,Week3,300.0 Little Rocky Run - 102.0 Village West
Long Branch,Week2,Burke Station,Week1,202.0 Long Branch - 173.0 Burke Station
Little Rocky Run,Week1,Village West,Week4,311.0 Little Rocky Run - 86.0 Village West
Little Rocky Run,Week5,Lakevale Estates,Week3,212.0 Little Rocky Run - 185.0 Lakevale Estates
Little Rocky Run,Week5,Rutherford,Week4,337.0 Little Rocky Run - 65.0 Rutherford
Little Rocky Run,Week2,Village West,Week2,311.0 Little Rocky Run - 91.0 Village West
Little Rocky Run,Week2,Great Falls,Week4,281.0 Little Rocky Run - 121.0 Great Falls
Little Rocky Run,Week2,Lakevale Estates,Week2,204.0 Lakevale Estates - 198.0 Little Rocky Run
Long Branch,Week1,Overlee,Week2,353.5 Overlee - 48.5 Long Branch
Long Branch,Week1,Burke Station,Week5,205.0 Burke Station - 192.0 Long Branch
Long Branch,Week2,Poplar Tree,Week1,274.0 Poplar Tree - 128.0 Long Branch
Long Branch,Week1,Ravensworth Farm,Week4,257.0 Ravensworth Farm - 145.0 Long Branch
Long Branch,Week5,Broyhill Crest,Week3,336.5 Long Branch - 64.5 Broyhill Crest
Little Rocky Run,Week5,Rutherford,Week2,349.0 Little Rocky Run - 53.0 Rutherford
Little Rocky Run,Week4,Rutherford,Week3,322.0 Little Rocky Run - 80.0 Rutherford
Little Rocky Run,Week1,Shouse Village,Week3,269.0 Little Rocky Run - 133.0 Shouse Village
Little Rocky Run,Week2,Great Falls,Week5,250.0 Little Rocky Run - 152.0 Great Falls
Long Branch,Week2,Overlee,Week4,377.0 Overlee - 25.0 Long Branch
Little Rocky Run,Week5,Villa Aquatic,Week1,295.0 Little Rocky Run - 107.0 Villa Aquatic
Long Branch,Week2,Burke Station,Week3,212.0 Long Branch - 184.0 Burke Station
Long Branch,Week3,Burke Station,Week5,201.0 Burke Station - 201.0 Long Branch
Little Rocky Run,Week3,Village West,Week2,331.0 Little Rocky Run - 71.0 Village West
Long Branch,Week2,Burke Station,Week4,243.0 Long Branch - 159.0 Burke Station
Little Rocky Run,Week4,Rutherford,Week2,336.0 Little Rocky Run - 66.0 Rutherford
Little Rocky Run,Week4,Lakevale Estates,Week1,209.0 Little Rocky Run - 193.0 Lakevale Estates
Long Branch,Week2,Poplar Tree,Week4,254.0 Poplar Tree - 148.0 Long Branch
Little Rocky Run,Week2,Lakevale Estates,Week4,228.0 Lakevale Estates - 174.0 Little Rocky Run
Little Rocky Run,Week2,Village West,Week5,309.0 Little Rocky Run - 93.0 Village West
Long Branch,Week4,Burke Station,Week1,215.0 Long Branch - 163.0 Burke Station
Little Rocky Run,Week4,Lakevale Estates,Week3,208.5 Lakevale Estates - 193.5 Little Rocky Run
Long Branch,Week5,Orange Hunt,Week3,250.0 Orange Hunt - 152.0 Long Branch
Little Rocky Run,Week5,Great Falls,Week4,292.0 Little Rocky Run - 105.0 Great Falls
Long Branch,Week1,Burke Station,Week4,236.0 Long Branch - 161.0 Burke Station
Little Rocky Run,Week3,Lakevale Estates,Week1,228.0 Little Rocky Run - 174.0 Lakevale Estates
Long Branch,Week5,Poplar Tree,Week1,269.0 Poplar Tree - 133.0 Long Branch
Little Rocky Run,Week4,Great Falls,Week1,284.0 Little Rocky Run - 118.0 Great Falls
Little Rocky Run,Week3,Village West,Week1,338.0 Little Rocky Run - 64.0 Village West
Long Branch,Week2,Poplar Tree,Week2,267.0 Poplar Tree - 135.0 Long Branch
Little Rocky Run,Week3,Lakevale Estates,Week5,203.0 Little Rocky Run - 199.0 Lakevale Estates
Long Branch,Week1,Poplar Tree,Week3,280.0 Poplar Tree - 122.0 Long Branch
Long Branch,Week5,Broyhill Crest,Week5,309.0 Long Branch - 92.0 Broyhill Crest
Little Rocky Run,Week4,Villa Aquatic,Week1,288.0 Little Rocky Run - 114.0 Villa Aquatic
Little Rocky Run,Week3,Rutherford,Week4,333.0 Little Rocky Run - 69.0 Rutherford
Little Rocky Run,Week2,Greenbriar,Week4,247.0 Little Rocky Run - 155.0 Greenbriar
Little Rocky Run,Week2,Rutherford,Week5,319.0 Little Rocky Run - 83.0 Rutherford
Long Branch,Week2,Overlee,Week3,351.0 Overlee - 51.0 Long Branch
Long Branch,Week4,Burke Station,Week2,238.0 Long Branch - 163.0 Burke Station
Little Rocky Run,Week1,Village West,Week5,315.0 Little Rocky Run - 87.0 Village West
Little Rocky Run,Week3,Greenbriar,Week2,247.0 Little Rocky Run - 155.0 Greenbriar
Long Branch,Week1,Ravensworth Farm,Week5,285.0 Ravensworth Farm - 117.0 Long Branch
Long Branch,Week5,Orange Hunt,Week4,258.0 Orange Hunt - 144.0 Long Branch
Long Branch,Week1,Overlee,Week4,371.0 Overlee - 31.0 Long Branch
Little Rocky Run,Week4,Rutherford,Week4,326.0 Little Rocky Run - 76.0 Rutherford
Long Branch,Week3,Overlee,Week1,362.0 Overlee - 40.0 Long Branch
Little Rocky Run,Week3,Rutherford,Week5,338.0 Little Rocky Run - 64.0 Rutherford
Little Rocky Run,Week1,Shouse Village,Week5,238.5 Little Rocky Run - 163.5 Shouse Village
Little Rocky Run,Week5,Rutherford,Week3,334.0 Little Rocky Run - 68.0 Rutherford
Little Rocky Run,Week3,Villa Aquatic,Week5,269.0 Little Rocky Run - 133.0 Villa Aquatic
Long Branch,Week3,Overlee,Week2,363.0 Overlee - 39.0 Long Branch
Little Rocky Run,Week1,Village West,Week2,314.0 Little Rocky Run - 88.0 Village West
Long Branch,Week4,Orange Hunt,Week4,254.0 Orange Hunt - 148.0 Long Branch
Long Branch,Week2,Camelot,Week4,215.0 Camelot - 187.0 Long Branch
Little Rocky Run,Week4,Villa Aquatic,Week5,260.0 Little Rocky Run - 142.0 Villa Aquatic
Little Rocky Run,Week5,Great Falls,Week2,280.0 Little Rocky Run - 104.0 Great Falls
Long Branch,Week5,Burke Station,Week5,225.0 Long Branch - 177.0 Burke Station
Little Rocky Run,Week1,Lakeview,Week2,343.0 Little Rocky Run - 59.0 Lakeview
Little Rocky Run,Week4,Great Falls,Week3,267.0 Little Rocky Run - 135.0 Great Falls
Little Rocky Run,Week3,Greenbriar,Week5,259.0 Little Rocky Run - 143.0 Greenbriar
Long Branch,Week5,Langley,Week5,270.0 Langley - 132.0 Long Branch
Little Rocky Run,Week2,Shouse Village,Week5,238.0 Little Rocky Run - 164.0 Shouse Village
Long Branch,Week5,Burke Station,Week4,252.0 Long Branch - 150.0 Burke Station
Long Branch,Week5,Poplar Tree,Week5,278.0 Poplar Tree - 124.0 Long Branch
Little Rocky Run,Week5,Lakevale Estates,Week2,230.0 Little Rocky Run - 172.0 Lakevale Estates
Long Branch,Week1,Poplar Tree,Week5,289.0 Poplar Tree - 113.0 Long Branch
Little Rocky Run,Week1,Shouse Village,Week4,251.0 Little Rocky Run - 151.0 Shouse Village
Little Rocky Run,Week3,Villa Aquatic,Week4,281.0 Little Rocky Run - 121.0 Villa Aquatic
Little Rocky Run,Week3,Great Falls,Week2,276.0 Little Rocky Run - 108.0 Great Falls
Little Rocky Run,Week3,Lakevale Estates,Week3,206.0 Little Rocky Run - 196.0 Lakevale Estates
Long Branch,Week4,Poplar Tree,Week2,272.0 Poplar Tree - 130.0 Long Branch
Little Rocky Run,Week3,Great Falls,Week1,301.0 Little Rocky Run - 100.0 Great Falls
Long Branch,Week4,Orange Hunt,Week1,244.0 Orange Hunt - 158.0 Long Branch
Long Branch,Week5,Burke Station,Week1,213.0 Long Branch - 162.0 Burke Station
Little Rocky Run,Week3,Village West,Week3,325.0 Little Rocky Run - 77.0 Village West
Little Rocky Run,Week5,Lakevale Estates,Week5,206.0 Little Rocky Run - 196.0 Lakevale Estates
Long Branch,Week2,Poplar Tree,Week3,276.0 Poplar Tree - 126.0 Long Branch
Little Rocky Run,Week1,Shouse Village,Week2,270.0 Little Rocky Run - 132.0 Shouse Village
Long Branch,Week3,Poplar Tree,Week3,284.0 Poplar Tree - 118.0 Long Branch
Long Branch,Week5,Burke Station,Week3,216.0 Long Branch - 179.0 Burke Station
Little Rocky Run,Week1,Lakeview,Week1,330.0 Little Rocky Run - 72.0 Lakeview
Long Branch,Week3,Overlee,Week3,359.0 Overlee - 43.0 Long Branch
Little Rocky Run,Week1,Virginia Hills,Week5,352.0 Little Rocky Run - 50.0 Virginia Hills
Little Rocky Run,Week1,Greenbriar,Week4,258.0 Little Rocky Run - 144.0 Greenbriar
Long Branch,Week1,Canterbury Woods,Week2,218.0 Long Branch - 183.0 Canterbury Woods
Little Rocky Run,Week4,Great Falls,Week2,264.0 Little Rocky Run - 120.0 Great Falls
Little Rocky Run,Week3,Shouse Village,Week1,278.5 Little Rocky Run - 123.5 Shouse Village
Long Branch,Week1,Laurel Hill,Week5,208.0 Laurel Hill - 189.0 Long Branch
Long Branch,Week2,Langley,Week5,281.0 Langley - 121.0 Long Branch
Little Rocky Run,Week5,Lakevale Estates,Week4,214.0 Little Rocky Run - 188.0 Lakevale Estates
Little Rocky Run,Week2,Lakevale Estates,Week5,227.0 Lakevale Estates - 175.0 Little Rocky Run
Long Branch,Week3,Poplar Tree,Week1,284.0 Poplar Tree - 118.0 Long Branch
Little Rocky Run,Week4,Lakevale Estates,Week5,219.0 Lakevale Estates - 183.0 Little Rocky Run
Little Rocky Run,Week4,Lakevale Estates,Week2,207.0 Little Rocky Run - 195.0 Lakevale Estates
Long Branch,Week3,Laurel Hill,Week3,211.0 Long Branch - 191.0 Laurel Hill
Long Branch,Week3,Langley,Week4,295.0 Langley - 107.0 Long Branch
Long Branch,Week3,Poplar Tree,Week5,302.0 Poplar Tree - 100.0 Long Branch
Little Rocky Run,Week5,Villa Aquatic,Week4,287.0 Little Rocky Run - 115.0 Villa Aquatic
Long Branch,Week5,Camelot,Week4,211.0 Camelot - 191.0 Long Branch
Long Branch,Week3,Poplar Tree,Week4,260.0 Poplar Tree - 142.0 Long Branch
Long Branch,Week4,Poplar Tree,Week5,291.0 Poplar Tree - 111.0 Long Branch
Little Rocky Run,Week3,Shouse Village,Week5,249.0 Little Rocky Run - 153.0 Shouse Village
Long Branch,Week1,Camelot,Week3,210.0 Camelot - 191.0 Long Branch
Little Rocky Run,Week3,Shouse Village,Week3,274.5 Little Rocky Run - 127.5 Shouse Village
Little Rocky Run,Week2,Village West,Week4,311.0 Little Rocky Run - 86.0 Village West
Little Rocky Run,Week3,Great Falls,Week4,275.0 Little Rocky Run - 127.0 Great Falls
Long Branch,Week1,Canterbury Woods,Week3,207.0 Canterbury Woods - 195.0 Long Branch
Little Rocky Run,Week2,Virginia Hills,Week4,382.0 Little Rocky Run - 20.0 Virginia Hills
Little Rocky Run,Week5,Great Falls,Week1,304.0 Little Rocky Run - 98.0 Great Falls
Little Rocky Run,Week5,Great Falls,Week5,263.0 Little Rocky Run - 134.0 Great Falls
Little Rocky Run,Week3,Shouse Village,Week4,269.0 Little Rocky Run - 133.0 Shouse Village
Long Branch,Week1,Poplar Tree,Week2,265.0 Poplar Tree - 137.0 Long Branch
Little Rocky Run,Week5,Lakevale Estates,Week1,242.0 Little Rocky Run - 160.0 Lakevale Estates
Long Branch,Week2,Laurel Hill,Week5,208.0 Long Branch - 194.0 Laurel Hill
Long Branch,Week5,Ravensworth Farm,Week2,237.0 Ravensworth Farm - 165.0 Long Branch
Long Branch,Week2,Camelot,Week2,219.0 Camelot - 182.0 Long Branch
Little Rocky Run,Week1,Greenbriar,Week1,239.0 Little Rocky Run - 163.0 Greenbriar
Long Branch,Week3,Laurel Hill,Week1,238.0 Long Branch - 164.0 Laurel Hill
Little Rocky Run,Week2,Greenbriar,Week2,234.0 Little Rocky Run - 168.0 Greenbriar
Little Rocky Run,Week4,Virginia Hills,Week4,377.0 Little Rocky Run - 25.0 Virginia Hills
Little Rocky Run,Week2,Great Falls,Week2,256.0 Little Rocky Run - 128.0 Great Falls
Little Rocky Run,Week2,Virginia Hills,Week5,357.0 Little Rocky Run - 45.0 Virginia Hills
Little Rocky Run,Week4,Sideburn Run,Week1,257.0 Little Rocky Run - 145.0 Sideburn Run
Long Branch,Week1,Ravensworth Farm,Week1,262.0 Ravensworth Farm - 140.0 Long Branch
Long Branch,Week5,Camelot,Week5,217.0 Camelot - 185.0 Long Branch
Little Rocky Run,Week1,Lakeview,Week4,312.0 Little Rocky Run - 90.0 Lakeview
Little Rocky Run,Week4,Shouse Village,Week1,278.0 Little Rocky Run - 124.0 Shouse Village
Long Branch,Week4,Ravensworth Farm,Week4,262.0 Ravensworth Farm - 140.0 Long Branch
Little Rocky Run,Week1,Greenbriar,Week3,259.0 Little Rocky Run - 143.0 Greenbriar
Little Rocky Run,Week1,Lakeview,Week3,319.0 Little Rocky Run - 83.0 Lakeview
Long Branch,Week2,Langley,Week4,293.0 Langley - 109.0 Long Branch
Long Branch,Week1,Canterbury Woods,Week4,220.0 Canterbury Woods - 182.0 Long Branch
Little Rocky Run,Week4,Great Falls,Week4,272.0 Little Rocky Run - 130.0 Great Falls
Long Branch,Week5,Ravensworth Farm,Week4,266.0 Ravensworth Farm - 136.0 Long Branch
Little Rocky Run,Week5,Shouse Village,Week1,287.0 Little Rocky Run - 115.0 Shouse Village
Long Branch,Week2,Laurel Hill,Week1,246.0 Long Branch - 156.0 Laurel Hill
Long Branch,Week2,Riverside Gardens,Week1,297.0 Riverside Gardens - 105.0 Long Branch
Long Branch,Week3,Camelot,Week4,234.0 Camelot - 168.0 Long Branch
Little Rocky Run,Week3,Sideburn Run,Week1,249.0 Little Rocky Run - 153.0 Sideburn Run
Little Rocky Run,Week2,Lakeview,Week2,343.0 Little Rocky Run - 59.0 Lakeview
Little Rocky Run,Week3,Virginia Hills,Week1,373.0 Little Rocky Run - 29.0 Virginia Hills
Little Rocky Run,Week2,Lakeview,Week5,321.0 Little Rocky Run - 72.0 Lakeview
Little Rocky Run,Week5,Virginia Hills,Week1,375.0 Little Rocky Run - 27.0 Virginia Hills
Long Branch,Week2,Canterbury Woods,Week3,207.0 Canterbury Woods - 195.0 Long Branch
Little Rocky Run,Week5,Shouse Village,Week2,292.0 Little Rocky Run - 110.0 Shouse Village
Little Rocky Run,Week1,Virginia Hills,Week3,365.0 Little Rocky Run - 37.0 Virginia Hills
Long Branch,Week1,Laurel Hill,Week3,205.0 Long Branch - 197.0 Laurel Hill
Little Rocky Run,Week5,Great Falls,Week3,275.0 Little Rocky Run - 122.0 Great Falls
Little Rocky Run,Week2,Langley,Week2,204.0 Langley - 198.0 Little Rocky Run
Long Branch,Week2,Camelot,Week1,220.0 Camelot - 182.0 Long Branch
Little Rocky Run,Week3,Virginia Hills,Week3,377.5 Little Rocky Run - 24.5 Virginia Hills
Long Branch,Week1,Camelot,Week2,216.0 Camelot - 185.0 Long Branch
Little Rocky Run,Week2,Greenbriar,Week5,230.0 Little Rocky Run - 172.0 Greenbriar
Little Rocky Run,Week4,Sideburn Run,Week4,261.0 Little Rocky Run - 141.0 Sideburn Run
Long Branch,Week1,Laurel Hill,Week4,224.0 Long Branch - 178.0 Laurel Hill
Long Branch,Week3,Laurel Hill,Week2,248.0 Long Branch - 153.0 Laurel Hill
Long Branch,Week2,Riverside Gardens,Week5,318.5 Riverside Gardens - 83.5 Long Branch
Little Rocky Run,Week3,Langley,Week1,214.0 Little Rocky Run - 188.0 Langley
Little Rocky Run,Week5,Village West,Week3,324.0 Little Rocky Run - 78.0 Village West
Long Branch,Week3,Camelot,Week3,221.5 Camelot - 179.5 Long Branch
Little Rocky Run,Week3,Lakeview,Week2,360.0 Little Rocky Run - 42.0 Lakeview
Little Rocky Run,Week4,Great Falls,Week5,248.0 Little Rocky Run - 154.0 Great Falls
Long Branch,Week1,Riverside Gardens,Week2,277.5 Riverside Gardens - 124.5 Long Branch
Little Rocky Run,Week2,Broyhill Crest,Week1,370.0 Little Rocky Run - 32.0 Broyhill Crest
Long Branch,Week4,Langley,Week3,287.0 Langley - 115.0 Long Branch
Long Branch,Week5,Ravensworth Farm,Week3,264.0 Ravensworth Farm - 137.0 Long Branch
Little Rocky Run,Week1,Sideburn Run,Week4,233.0 Little Rocky Run - 169.0 Sideburn Run
Little Rocky Run,Week4,Langley,Week2,209.5 Little Rocky Run - 192.5 Langley
Long Branch,Week1,Laurel Hill,Week1,222.0 Long Branch - 179.0 Laurel Hill
Little Rocky Run,Week1,Sideburn Run,Week1,239.0 Little Rocky Run - 163.0 Sideburn Run
Little Rocky Run,Week3,Lakeview,Week1,347.0 Little Rocky Run - 55.0 Lakeview
Little Rocky Run,Week3,Brookfield ,Week1,269.0 Little Rocky Run - 133.0 Brookfield
Long Branch,Week4,Langley,Week5,281.0 Langley - 121.0 Long Branch
Long Branch,Week2,Camelot,Week5,229.0 Camelot - 173.0 Long Branch
Little Rocky Run,Week1,Sideburn Run,Week3,248.0 Little Rocky Run - 154.0 Sideburn Run
Little Rocky Run,Week2,Greenbriar,Week3,245.0 Little Rocky Run - 157.0 Greenbriar
Long Branch,Week3,Camelot,Week1,234.5 Camelot - 167.5 Long Branch
Little Rocky Run,Week2,Broyhill Crest,Week2,381.0 Little Rocky Run - 21.0 Broyhill Crest
Little Rocky Run,Week4,Shouse Village,Week3,264.0 Little Rocky Run - 138.0 Shouse Village
Little Rocky Run,Week3,Virginia Hills,Week5,361.0 Little Rocky Run - 41.0 Virginia Hills
Little Rocky Run,Week4,Village West,Week2,317.0 Little Rocky Run - 85.0 Village West
Long Branch,Week3,Riverside Gardens,Week4,317.0 Riverside Gardens - 85.0 Long Branch
Long Branch,Week4,Ravensworth Farm,Week1,269.0 Ravensworth Farm - 133.0 Long Branch
Long Branch,Week4,Camelot,Week2,205.0 Camelot - 197.0 Long Branch
Little Rocky Run,Week4,Shouse Village,Week4,261.0 Little Rocky Run - 141.0 Shouse Village
Little Rocky Run,Week1,Sideburn Run,Week5,238.0 Little Rocky Run - 164.0 Sideburn Run
Little Rocky Run,Week5,Brookfield ,Week1,291.0 Little Rocky Run - 111.0 Brookfield
Long Branch,Week1,Riverside Gardens,Week4,311.0 Riverside Gardens - 91.0 Long Branch
Little Rocky Run,Week1,Virginia Hills,Week4,370.0 Little Rocky Run - 32.0 Virginia Hills
Little Rocky Run,Week4,Brookfield ,Week3,297.0 Little Rocky Run - 105.0 Brookfield
Long Branch,Week4,Camelot,Week5,221.0 Camelot - 181.0 Long Branch
Little Rocky Run,Week2,Great Falls,Week3,260.0 Little Rocky Run - 142.0 Great Falls
Little Rocky Run,Week4,Brookfield ,Week1,264.0 Little Rocky Run - 138.0 Brookfield
Little Rocky Run,Week1,Langley,Week2,207.0 Little Rocky Run - 195.0 Langley
Long Branch,Week2,Ravensworth Farm,Week1,277.0 Ravensworth Farm - 125.0 Long Branch
Little Rocky Run,Week1,Virginia Hills,Week1,364.0 Little Rocky Run - 38.0 Virginia Hills
Little Rocky Run,Week1,Greenbriar,Week2,232.0 Little Rocky Run - 170.0 Greenbriar
Long Branch,Week3,Langley,Week1,293.0 Langley - 109.0 Long Branch
Little Rocky Run,Week1,Virginia Hills,Week2,369.0 Little Rocky Run - 33.0 Virginia Hills
Long Branch,Week1,Lee Graham,Week1,297.0 Lee Graham - 105.0 Long Branch
Little Rocky Run,Week3,Sideburn Run,Week4,255.0 Little Rocky Run - 147.0 Sideburn Run
Little Rocky Run,Week4,Village West,Week4,309.0 Little Rocky Run - 88.0 Village West
Long Branch,Week3,Langley,Week2,279.0 Langley - 123.0 Long Branch
Long Branch,Week3,Langley,Week5,284.0 Langley - 118.0 Long Branch
Long Branch,Week4,Camelot,Week3,205.0 Long Branch - 197.0 Camelot
Little Rocky Run,Week4,Lakeview,Week1,346.0 Little Rocky Run - 56.0 Lakeview
Little Rocky Run,Week3,Great Falls,Week3,273.0 Little Rocky Run - 129.0 Great Falls
Long Branch,Week2,Ravensworth Farm,Week3,270.0 Ravensworth Farm - 131.0 Long Branch
Long Branch,Week1,Camelot,Week4,227.0 Camelot - 175.0 Long Branch
Little Rocky Run,Week3,Great Falls,Week5,260.5 Little Rocky Run - 141.5 Great Falls
Little Rocky Run,Week5,Lakeview,Week2,365.0 Little Rocky Run - 37.0 Lakeview
Little Rocky Run,Week2,Sideburn Run,Week4,241.0 Little Rocky Run - 161.0 Sideburn Run
Little Rocky Run,Week5,Lakeview,Week4,323.0 Little Rocky Run - 79.0 Lakeview
Long Branch,Week5,Langley,Week2,267.0 Langley - 135.0 Long Branch
Little Rocky Run,Week4,Brookfield ,Week4,256.0 Little Rocky Run - 146.0 Brookfield
Little Rocky Run,Week5,Village West,Week2,339.0 Little Rocky Run - 63.0 Village West
Long Branch,Week3,Camelot,Week2,234.0 Camelot - 168.0 Long Branch
Little Rocky Run,Week4,Village West,Week3,308.0 Little Rocky Run - 94.0 Village West
Little Rocky Run,Week3,Greenbriar,Week1,259.0 Little Rocky Run - 143.0 Greenbriar
Long Branch,Week3,Langley,Week3,291.0 Langley - 111.0 Long Branch
Little Rocky Run,Week1,Greenbriar,Week5,237.0 Little Rocky Run - 165.0 Greenbriar
Little Rocky Run,Week1,Langley,Week3,205.0 Langley - 197.0 Little Rocky Run
Little Rocky Run,Week1,Broyhill Crest,Week5,370.0 Little Rocky Run - 32.0 Broyhill Crest
Long Branch,Week4,Langley,Week4,292.0 Langley - 110.0 Long Branch
Little Rocky Run,Week5,Brookfield ,Week4,282.0 Little Rocky Run - 120.0 Brookfield
Little Rocky Run,Week3,Sideburn Run,Week5,253.0 Little Rocky Run - 149.0 Sideburn Run
Long Branch,Week5,Ravensworth Farm,Week5,270.0 Ravensworth Farm - 132.0 Long Branch
Little Rocky Run,Week3,Sideburn Run,Week3,259.0 Little Rocky Run - 143.0 Sideburn Run
Little Rocky Run,Week1,Broyhill Crest,Week1,381.0 Little Rocky Run - 21.0 Broyhill Crest
Long Branch,Week4,Ravensworth Farm,Week2,238.0 Ravensworth Farm - 164.0 Long Branch
Little Rocky Run,Week4,Lakeview,Week3,330.0 Little Rocky Run - 72.0 Lakeview
Little Rocky Run,Week3,Greenbriar,Week3,264.0 Little Rocky Run - 138.0 Greenbriar
Little Rocky Run,Week1,Langley,Week5,202.0 Langley - 200.0 Little Rocky Run
Little Rocky Run,Week5,Village West,Week1,334.0 Little Rocky Run - 68.0 Village West
Long Branch,Week1,Camelot,Week5,220.0 Camelot - 182.0 Long Branch
Little Rocky Run,Week2,Virginia Hills,Week2,372.5 Little Rocky Run - 29.5 Virginia Hills
Little Rocky Run,Week4,Virginia Hills,Week3,375.0 Little Rocky Run - 27.0 Virginia Hills
Long Branch,Week2,Camelot,Week3,204.0 Camelot - 197.0 Long Branch
Little Rocky Run,Week2,Brookfield ,Week4,249.0 Little Rocky Run - 153.0 Brookfield
Long Branch,Week5,Camelot,Week1,217.0 Camelot - 185.0 Long Branch
Little Rocky Run,Week5,Shouse Village,Week3,268.0 Little Rocky Run - 134.0 Shouse Village
Long Branch,Week3,Ravensworth Farm,Week4,263.0 Ravensworth Farm - 139.0 Long Branch
Long Branch,Week1,Riverside Gardens,Week5,301.0 Riverside Gardens - 101.0 Long Branch
Little Rocky Run,Week2,Greenbriar,Week1,235.0 Little Rocky Run - 167.0 Greenbriar
Long Branch,Week5,Langley,Week1,284.0 Langley - 118.0 Long Branch
Little Rocky Run,Week4,Sideburn Run,Week5,241.0 Little Rocky Run - 161.0 Sideburn Run
Little Rocky Run,Week5,Lakeview,Week3,340.0 Little Rocky Run - 62.0 Lakeview
Long Branch,Week4,Camelot,Week4,211.0 Camelot - 191.0 Long Branch
Little Rocky Run,Week5,Shouse Village,Week4,268.0 Little Rocky Run - 134.0 Shouse Village
Long Branch,Week4,Langley,Week2,279.0 Langley - 123.0 Long Branch
Little Rocky Run,Week2,Sideburn Run,Week3,240.0 Little Rocky Run - 162.0 Sideburn Run
Little Rocky Run,Week3,Brookfield ,Week2,291.0 Little Rocky Run - 111.0 Brookfield
Long Branch,Week5,Langley,Week4,286.0 Langley - 116.0 Long Branch
Little Rocky Run,Week4,Hamlet,Week2,228.0 Hamlet - 174.0 Little Rocky Run
Little Rocky Run,Week4,Greenbriar,Week3,269.0 Little Rocky Run - 133.0 Greenbriar
Little Rocky Run,Week1,Langley,Week1,207.0 Langley - 195.0 Little Rocky Run
Little Rocky Run,Week4,Greenbriar,Week4,271.0 Little Rocky Run - 131.0 Greenbriar
Little Rocky Run,Week5,Shouse Village,Week5,264.0 Little Rocky Run - 138.0 Shouse Village
Little Rocky Run,Week2,Langley,Week4,222.0 Langley - 180.0 Little Rocky Run
Little Rocky Run,Week2,Langley,Week3,210.0 Langley - 192.0 Little Rocky Run
Little Rocky Run,Week4,Village West,Week1,317.0 Little Rocky Run - 85.0 Village West
Little Rocky Run,Week2,Sideburn Run,Week2,256.0 Little Rocky Run - 146.0 Sideburn Run
Long Branch,Week4,Langley,Week1,290.0 Langley - 112.0 Long Branch
Long Branch,Week3,Ravensworth Farm,Week1,277.0 Ravensworth Farm - 125.0 Long Branch
Little Rocky Run,Week4,Hamlet,Week5,235.5 Hamlet - 166.5 Little Rocky Run
Long Branch,Week5,Langley,Week3,286.0 Langley - 116.0 Long Branch
Long Branch,Week4,Camelot,Week1,213.0 Camelot - 189.0 Long Branch
Little Rocky Run,Week2,Virginia Hills,Week1,368.0 Little Rocky Run - 34.0 Virginia Hills
Long Branch,Week5,Camelot,Week2,204.0 Camelot - 197.0 Long Branch
Little Rocky Run,Week1,Broyhill Crest,Week2,380.0 Little Rocky Run - 22.0 Broyhill Crest
Little Rocky Run,Week5,Brookfield ,Week5,284.0 Little Rocky Run - 118.0 Brookfield
Long Branch,Week2,Riverside Gardens,Week2,283.0 Riverside Gardens - 119.0 Long Branch
Little Rocky Run,Week2,Brookfield ,Week2,272.0 Little Rocky Run - 130.0 Brookfield
Little Rocky Run,Week3,Greenbriar,Week4,277.0 Little Rocky Run - 125.0 Greenbriar
Long Branch,Week2,Ravensworth Farm,Week4,262.0 Ravensworth Farm - 140.0 Long Branch
Long Branch,Week2,Ravensworth Farm,Week5,272.0 Ravensworth Farm - 130.0 Long Branch
Long Branch,Week3,Ravensworth Farm,Week3,280.0 Ravensworth Farm - 122.0 Long Branch
Little Rocky Run,Week4,Village West,Week5,315.0 Little Rocky Run - 87.0 Village West
Little Rocky Run,Week5,Village West,Week4,328.0 Little Rocky Run - 69.0 Village West
Little Rocky Run,Week2,Langley,Week1,219.0 Langley - 183.0 Little Rocky Run
Long Branch,Week3,Camelot,Week5,236.0 Camelot - 165.0 Long Branch
Little Rocky Run,Week4,Lakeview,Week2,360.0 Little Rocky Run - 42.0 Lakeview
Little Rocky Run,Week2,Brookfield ,Week5,263.0 Little Rocky Run - 139.0 Brookfield
Long Branch,Week1,Laurel Hill,Week2,254.0 Long Branch - 147.0 Laurel Hill
Little Rocky Run,Week2,Sideburn Run,Week5,238.0 Little Rocky Run - 164.0 Sideburn Run
Little Rocky Run,Week3,Brookfield ,Week3,299.0 Little Rocky Run - 103.0 Brookfield
Little Rocky Run,Week1,Broyhill Crest,Week3,380.0 Little Rocky Run - 22.0 Broyhill Crest
Long Branch,Week3,Ravensworth Farm,Week5,282.5 Ravensworth Farm - 119.5 Long Branch
Little Rocky Run,Week2,Hamlet,Week4,211.0 Hamlet - 191.0 Little Rocky Run
Long Branch,Week2,Laurel Hill,Week2,266.0 Long Branch - 130.0 Laurel Hill
Little Rocky Run,Week2,Hamlet,Week2,242.0 Hamlet - 160.0 Little Rocky Run
Little Rocky Run,Week3,Sideburn Run,Week2,272.0 Little Rocky Run - 130.0 Sideburn Run
Long Branch,Week5,Camelot,Week3,205.0 Long Branch - 196.0 Camelot
Little Rocky Run,Week3,Virginia Hills,Week4,376.0 Little Rocky Run - 26.0 Virginia Hills
Little Rocky Run,Week5,Greenbriar,Week2,251.0 Little Rocky Run - 151.0 Greenbriar
Long Branch,Week2,Laurel Hill,Week3,229.0 Long Branch - 173.0 Laurel Hill
Long Branch,Week1,Canterbury Woods,Week5,202.0 Canterbury Woods - 186.0 Long Branch
Little Rocky Run,Week5,Village West,Week5,333.0 Little Rocky Run - 69.0 Village West
Little Rocky Run,Week3,Dominion Hills,Week4,280.0 Little Rocky Run - 122.0 Dominion Hills
Long Branch,Week1,Canterbury Woods,Week1,213.0 Long Branch - 184.0 Canterbury Woods
Long Branch,Week2,Ravensworth Farm,Week2,254.0 Ravensworth Farm - 148.0 Long Branch
Little Rocky Run,Week5,Lakeview,Week1,353.0 Little Rocky Run - 49.0 Lakeview
Long Branch,Week2,Canterbury Woods,Week1,216.0 Long Branch - 186.0 Canterbury Woods
Little Rocky Run,Week3,Langley,Week3,215.5 Little Rocky Run - 186.5 Langley
Long Branch,Week2,Laurel Hill,Week4,232.0 Long Branch - 170.0 Laurel Hill
Little Rocky Run,Week4,Sideburn Run,Week2,270.0 Little Rocky Run - 132.0 Sideburn Run
Long Branch,Week4,Ravensworth Farm,Week3,268.0 Ravensworth Farm - 134.0 Long Branch
Little Rocky Run,Week2,Donaldson Run,Week2,229.0 Donaldson Run - 173.0 Little Rocky Run
Little Rocky Run,Week2,Brookfield ,Week3,276.0 Little Rocky Run - 126.0 Brookfield
Little Rocky Run,Week4,Virginia Hills,Week2,380.0 Little Rocky Run - 22.0 Virginia Hills
Little Rocky Run,Week3,Langley,Week2,207.0 Little Rocky Run - 195.0 Langley
Little Rocky Run,Week4,Shouse Village,Week5,257.0 Little Rocky Run - 145.0 Shouse Village
Little Rocky Run,Week1,Donaldson Run,Week3,239.0 Donaldson Run - 163.0 Little Rocky Run
Little Rocky Run,Week4,Sideburn Run,Week3,256.0 Little Rocky Run - 146.0 Sideburn Run
Long Branch,Week3,Laurel Hill,Week4,213.0 Long Branch - 188.0 Laurel Hill
Long Branch,Week5,Ravensworth Farm,Week1,261.0 Ravensworth Farm - 141.0 Long Branch
Little Rocky Run,Week5,Greenbriar,Week1,268.0 Little Rocky Run - 134.0 Greenbriar
Little Rocky Run,Week3,Brookfield ,Week5,278.0 Little Rocky Run - 124.0 Brookfield
Little Rocky Run,Week1,Sideburn Run,Week2,249.0 Little Rocky Run - 153.0 Sideburn Run
Little Rocky Run,Week1,Hamlet,Week3,233.0 Hamlet - 169.0 Little Rocky Run
Little Rocky Run,Week2,Langley,Week5,214.0 Langley - 188.0 Little Rocky Run
Long Branch,Week4,Laurel Hill,Week1,241.0 Long Branch - 161.0 Laurel Hill
Little Rocky Run,Week4,Virginia Hills,Week1,371.0 Little Rocky Run - 31.0 Virginia Hills
Little Hunting Park,Week1,Virginia Hills,Week3,300.0 Little Hunting Park - 101.0 Virginia Hills
Little Rocky Run,Week3,Donaldson Run,Week2,216.0 Donaldson Run - 186.0 Little Rocky Run
Long Branch,Week4,Ravensworth Farm,Week5,281.0 Ravensworth Farm - 121.0 Long Branch
Little Hunting Park,Week4,Virginia Hills,Week2,292.0 Little Hunting Park - 108.0 Virginia Hills
Long Branch,Week5,Canterbury Woods,Week4,201.0 Canterbury Woods - 201.0 Long Branch
Little Rocky Run,Week4,Lakeview,Week4,318.0 Little Rocky Run - 84.0 Lakeview
Long Branch,Week2,Canterbury Woods,Week2,218.0 Long Branch - 183.0 Canterbury Woods
Little Rocky Run,Week2,Virginia Hills,Week3,369.0 Little Rocky Run - 33.0 Virginia Hills
Little Rocky Run,Week3,Langley,Week5,217.0 Little Rocky Run - 185.0 Langley
Little Rocky Run,Week3,Virginia Hills,Week2,377.0 Little Rocky Run - 25.0 Virginia Hills
Little Rocky Run,Week2,Donaldson Run,Week3,232.0 Donaldson Run - 170.0 Little Rocky Run
Long Branch,Week1,Riverside Gardens,Week1,311.0 Riverside Gardens - 91.0 Long Branch
Little Rocky Run,Week4,Dominion Hills,Week3,282.0 Little Rocky Run - 120.0 Dominion Hills
Little Rocky Run,Week3,Hamlet,Week2,208.0 Hamlet - 194.0 Little Rocky Run
Little Rocky Run,Week4,Brookfield ,Week5,269.0 Little Rocky Run - 133.0 Brookfield
Little Rocky Run,Week1,Hamlet,Week1,218.0 Hamlet - 184.0 Little Rocky Run
Little Rocky Run,Week3,Brookfield ,Week4,262.0 Little Rocky Run - 140.0 Brookfield
Little Rocky Run,Week3,Dominion Hills,Week1,300.0 Little Rocky Run - 102.0 Dominion Hills
Long Branch,Week3,Ravensworth Farm,Week2,257.0 Ravensworth Farm - 144.0 Long Branch
Little Rocky Run,Week4,Virginia Hills,Week5,355.0 Little Rocky Run - 47.0 Virginia Hills
Long Branch,Week4,Laurel Hill,Week2,265.0 Long Branch - 137.0 Laurel Hill
Little Rocky Run,Week2,Sideburn Run,Week1,235.0 Little Rocky Run - 167.0 Sideburn Run
Long Branch,Week2,Canterbury Woods,Week5,201.0 Long Branch - 197.0 Canterbury Woods
Little Rocky Run,Week5,Sideburn Run,Week1,266.0 Little Rocky Run - 136.0 Sideburn Run
Little Rocky Run,Week3,Hamlet,Week3,212.0 Hamlet - 190.0 Little Rocky Run
Little Rocky Run,Week4,Lakeview,Week5,329.0 Little Rocky Run - 64.0 Lakeview
Long Branch,Week1,Riverside Gardens,Week3,296.0 Riverside Gardens - 106.0 Long Branch
Little Rocky Run,Week2,Hamlet,Week3,252.0 Hamlet - 150.0 Little Rocky Run
Little Rocky Run,Week1,Broyhill Crest,Week4,375.0 Little Rocky Run - 27.0 Broyhill Crest
Little Rocky Run,Week5,Sideburn Run,Week2,296.0 Little Rocky Run - 106.0 Sideburn Run
Long Branch,Week3,Canterbury Woods,Week1,206.0 Long Branch - 196.0 Canterbury Woods
Little Rocky Run,Week4,Virginia Run,Week4,263.0 Little Rocky Run - 139.0 Virginia Run
Little Rocky Run,Week2,Dominion Hills,Week5,239.0 Little Rocky Run - 163.0 Dominion Hills
Little Rocky Run,Week4,Virginia Run,Week5,257.0 Little Rocky Run - 145.0 Virginia Run
Long Branch,Week4,Laurel Hill,Week4,248.0 Long Branch - 154.0 Laurel Hill
Little Rocky Run,Week5,Brookfield ,Week3,303.0 Little Rocky Run - 99.0 Brookfield
Long Branch,Week5,Laurel Hill,Week3,226.0 Long Branch - 176.0 Laurel Hill
Little Rocky Run,Week5,Brookfield ,Week2,298.0 Little Rocky Run - 104.0 Brookfield
Little Rocky Run,Week5,Sideburn Run,Week3,277.0 Little Rocky Run - 125.0 Sideburn Run
Little Hunting Park,Week4,Virginia Hills,Week3,294.0 Little Hunting Park - 108.0 Virginia Hills
Long Branch,Week4,Laurel Hill,Week3,218.0 Long Branch - 184.0 Laurel Hill
Long Branch,Week4,Canterbury Woods,Week4,213.0 Canterbury Woods - 189.0 Long Branch
Little Rocky Run,Week3,Dominion Hills,Week3,294.0 Little Rocky Run - 108.0 Dominion Hills
Long Branch,Week2,Riverside Gardens,Week4,316.0 Riverside Gardens - 86.0 Long Branch
Long Branch,Week2,Cardinal Hill,Week1,299.0 Cardinal Hill - 103.0 Long Branch
Little Rocky Run,Week5,Lakeview,Week5,339.0 Little Rocky Run - 54.0 Lakeview
Little Rocky Run,Week2,Dominion Hills,Week3,274.0 Little Rocky Run - 128.0 Dominion Hills
Little Rocky Run,Week5,Virginia Run,Week4,283.0 Little Rocky Run - 119.0 Virginia Run
Long Branch,Week2,Riverside Gardens,Week3,307.0 Riverside Gardens - 95.0 Long Branch
Little Rocky Run,Week2,Orange Hunt,Week5,207.0 Little Rocky Run - 195.0 Orange Hunt
Little Hunting Park,Week1,Virginia Hills,Week4,302.0 Little Hunting Park - 96.0 Virginia Hills
Little Rocky Run,Week4,Brookfield ,Week2,277.0 Little Rocky Run - 125.0 Brookfield
Little Rocky Run,Week4,Greenbriar,Week2,255.0 Little Rocky Run - 147.0 Greenbriar
Long Branch,Week5,Laurel Hill,Week2,275.0 Long Branch - 127.0 Laurel Hill
Little Rocky Run,Week5,Virginia Hills,Week5,368.0 Little Rocky Run - 34.0 Virginia Hills
Little Rocky Run,Week3,Lakeview,Week4,324.0 Little Rocky Run - 78.0 Lakeview
Little Rocky Run,Week3,Lakeview,Week5,335.0 Little Rocky Run - 58.0 Lakeview
Long Branch,Week5,Canterbury Woods,Week2,224.0 Long Branch - 177.0 Canterbury Woods
Little Rocky Run,Week4,Dominion Hills,Week5,254.0 Little Rocky Run - 148.0 Dominion Hills
Long Branch,Week3,Riverside Gardens,Week2,291.0 Riverside Gardens - 111.0 Long Branch
Little Hunting Park,Week1,Virginia Hills,Week5,278.0 Little Hunting Park - 123.0 Virginia Hills
Long Branch,Week5,Laurel Hill,Week1,263.0 Long Branch - 139.0 Laurel Hill
Little Rocky Run,Week5,Dominion Hills,Week2,290.0 Little Rocky Run - 112.0 Dominion Hills
Little Rocky Run,Week1,Donaldson Run,Week1,224.0 Donaldson Run - 178.0 Little Rocky Run
Little Rocky Run,Week4,Old Keene Mill,Week2,306.0 Little Rocky Run - 96.0 Old Keene Mill
Little Rocky Run,Week5,Dominion Hills,Week1,306.0 Little Rocky Run - 96.0 Dominion Hills
Little Rocky Run,Week5,Virginia Hills,Week3,378.0 Little Rocky Run - 24.0 Virginia Hills
Long Branch,Week3,Riverside Gardens,Week1,306.0 Riverside Gardens - 96.0 Long Branch
Little Rocky Run,Week3,Orange Hunt,Week5,237.0 Little Rocky Run - 165.0 Orange Hunt
Little Rocky Run,Week3,Hamlet,Week1,211.0 Little Rocky Run - 191.0 Hamlet
Long Branch,Week4,Laurel Hill,Week5,220.0 Long Branch - 182.0 Laurel Hill
Long Branch,Week5,Laurel Hill,Week5,213.0 Long Branch - 189.0 Laurel Hill
Long Branch,Week5,Canterbury Woods,Week3,201.5 Long Branch - 200.5 Canterbury Woods
Little Rocky Run,Week1,Wakefield Chapel,Week1,238.0 Wakefield Chapel - 164.0 Little Rocky Run
Little Rocky Run,Week4,Langley,Week1,207.0 Little Rocky Run - 195.0 Langley
Little Rocky Run,Week1,Hamlet,Week2,236.0 Hamlet - 166.0 Little Rocky Run
Little Rocky Run,Week5,Virginia Run,Week3,294.0 Little Rocky Run - 108.0 Virginia Run
Little Rocky Run,Week5,Old Keene Mill,Week1,332.0 Little Rocky Run - 70.0 Old Keene Mill
Long Branch,Week4,Canterbury Woods,Week3,209.0 Long Branch - 193.0 Canterbury Woods
Long Branch,Week3,Riverside Gardens,Week3,309.0 Riverside Gardens - 93.0 Long Branch
Little Rocky Run,Week4,Hamlet,Week1,203.0 Hamlet - 199.0 Little Rocky Run
Long Branch,Week5,Laurel Hill,Week4,253.0 Long Branch - 149.0 Laurel Hill
Little Rocky Run,Week3,Langley,Week4,217.0 Little Rocky Run - 185.0 Langley
Long Branch,Week1,Rolling Forest,Week4,234.0 Rolling Forest - 168.0 Long Branch
Long Branch,Week5,Canterbury Woods,Week5,214.0 Long Branch - 184.0 Canterbury Woods
Little Rocky Run,Week4,Langley,Week3,206.0 Little Rocky Run - 196.0 Langley
Little Hunting Park,Week3,Virginia Hills,Week2,300.0 Little Hunting Park - 100.0 Virginia Hills
Little Rocky Run,Week1,Langley,Week4,215.0 Langley - 187.0 Little Rocky Run
Little Rocky Run,Week3,Hamlet,Week5,231.0 Hamlet - 171.0 Little Rocky Run
Long Branch,Week3,Canterbury Woods,Week4,224.0 Canterbury Woods - 178.0 Long Branch
Little Rocky Run,Week2,Virginia Run,Week4,247.0 Little Rocky Run - 155.0 Virginia Run
Little Rocky Run,Week3,Dominion Hills,Week5,256.0 Little Rocky Run - 146.0 Dominion Hills
Little Rocky Run,Week4,Langley,Week5,220.0 Little Rocky Run - 182.0 Langley
Little Rocky Run,Week1,Orange Hunt,Week5,219.0 Little Rocky Run - 183.0 Orange Hunt
Little Rocky Run,Week3,Old Keene Mill,Week2,307.0 Little Rocky Run - 95.0 Old Keene Mill
Little Rocky Run,Week4,Langley,Week4,206.0 Little Rocky Run - 196.0 Langley
Little Rocky Run,Week4,Laurel Hill,Week3,325.0 Little Rocky Run - 77.0 Laurel Hill
Little Rocky Run,Week4,Virginia Run,Week1,254.0 Little Rocky Run - 148.0 Virginia Run
Little Rocky Run,Week1,Virginia Run,Week5,224.0 Little Rocky Run - 178.0 Virginia Run
Little Rocky Run,Week2,Dominion Hills,Week1,281.0 Little Rocky Run - 121.0 Dominion Hills
Long Branch,Week3,Rolling Forest,Week3,247.0 Rolling Forest - 155.0 Long Branch
Long Branch,Week3,Laurel Hill,Week5,203.0 Laurel Hill - 198.0 Long Branch
Little Hunting Park,Week1,Virginia Hills,Week2,308.0 Little Hunting Park - 90.0 Virginia Hills
Little Rocky Run,Week2,Hamlet,Week1,219.0 Hamlet - 183.0 Little Rocky Run
Little Rocky Run,Week4,Hamlet,Week3,229.0 Hamlet - 173.0 Little Rocky Run
Long Branch,Week2,Rolling Forest,Week2,217.0 Rolling Forest - 185.0 Long Branch
Long Branch,Week4,Cardinal Hill,Week5,277.0 Cardinal Hill - 125.0 Long Branch
Long Branch,Week1,Cardinal Hill,Week3,306.0 Cardinal Hill - 96.0 Long Branch
Little Rocky Run,Week4,Greenbriar,Week5,248.0 Little Rocky Run - 154.0 Greenbriar
Long Branch,Week2,Rolling Forest,Week1,235.0 Rolling Forest - 167.0 Long Branch
Little Rocky Run,Week1,Donaldson Run,Week5,264.0 Donaldson Run - 138.0 Little Rocky Run
Little Hunting Park,Week2,Virginia Hills,Week4,292.0 Little Hunting Park - 108.0 Virginia Hills
Long Branch,Week4,Riverside Gardens,Week2,281.5 Riverside Gardens - 120.5 Long Branch
Little Rocky Run,Week4,Laurel Hill,Week5,300.0 Little Rocky Run - 102.0 Laurel Hill
Little Rocky Run,Week4,Greenbriar,Week1,252.0 Little Rocky Run - 150.0 Greenbriar
Little Rocky Run,Week2,Orange Hunt,Week1,226.5 Little Rocky Run - 175.5 Orange Hunt
Long Branch,Week1,Lee Graham,Week2,313.0 Lee Graham - 89.0 Long Branch
Long Branch,Week1,Cardinal Hill,Week1,284.0 Cardinal Hill - 118.0 Long Branch
Little Rocky Run,Week4,Old Keene Mill,Week1,321.0 Little Rocky Run - 81.0 Old Keene Mill
Little Hunting Park,Week2,Virginia Hills,Week5,265.0 Little Hunting Park - 136.0 Virginia Hills
Little Rocky Run,Week1,Wakefield Chapel,Week4,216.0 Wakefield Chapel - 186.0 Little Rocky Run
Long Branch,Week2,Lee Graham,Week1,297.0 Lee Graham - 105.0 Long Branch
Little Rocky Run,Week4,Dominion Hills,Week1,290.0 Little Rocky Run - 112.0 Dominion Hills
Long Branch,Week3,Canterbury Woods,Week3,213.0 Canterbury Woods - 189.0 Long Branch
Little Rocky Run,Week5,Laurel Hill,Week2,340.0 Little Rocky Run - 62.0 Laurel Hill
Little Rocky Run,Week5,Dominion Hills,Week4,283.0 Little Rocky Run - 119.0 Dominion Hills
Little Rocky Run,Week1,Virginia Run,Week2,252.0 Little Rocky Run - 150.0 Virginia Run
Long Branch,Week2,Rolling Forest,Week4,228.0 Rolling Forest - 174.0 Long Branch
Long Branch,Week1,Lee Graham,Week4,307.0 Lee Graham - 95.0 Long Branch
Little Rocky Run,Week2,Laurel Hill,Week4,314.0 Little Rocky Run - 88.0 Laurel Hill
Long Branch,Week5,Riverside Gardens,Week5,295.0 Riverside Gardens - 107.0 Long Branch
Little Rocky Run,Week1,Virginia Run,Week1,230.0 Little Rocky Run - 172.0 Virginia Run
Long Branch,Week2,Lee Graham,Week5,303.0 Lee Graham - 99.0 Long Branch
Little Rocky Run,Week1,Orange Hunt,Week1,247.0 Little Rocky Run - 155.0 Orange Hunt
Little Hunting Park,Week3,Virginia Hills,Week3,297.0 Little Hunting Park - 105.0 Virginia Hills
Little Rocky Run,Week2,Dominion Hills,Week2,269.0 Little Rocky Run - 133.0 Dominion Hills
Little Rocky Run,Week5,Old Keene Mill,Week5,304.0 Little Rocky Run - 98.0 Old Keene Mill
Little Rocky Run,Week2,Dominion Hills,Week4,241.0 Little Rocky Run - 161.0 Dominion Hills
Little Rocky Run,Week1,Hamlet,Week5,249.0 Hamlet - 153.0 Little Rocky Run
Long Branch,Week3,Lee Graham,Week1,304.0 Lee Graham - 98.0 Long Branch
Little Hunting Park,Week2,Virginia Hills,Week3,291.0 Little Hunting Park - 111.0 Virginia Hills
Little Hunting Park,Week3,Virginia Hills,Week4,290.0 Little Hunting Park - 110.0 Virginia Hills
Little Rocky Run,Week5,Virginia Hills,Week2,378.0 Little Rocky Run - 24.0 Virginia Hills
Long Branch,Week1,Cardinal Hill,Week4,272.0 Cardinal Hill - 130.0 Long Branch
Long Branch,Week5,Riverside Gardens,Week2,269.0 Riverside Gardens - 133.0 Long Branch
Little Rocky Run,Week1,Hamlet,Week4,215.0 Hamlet - 187.0 Little Rocky Run
Little Rocky Run,Week3,Old Keene Mill,Week4,311.0 Little Rocky Run - 91.0 Old Keene Mill
Little Rocky Run,Week4,Dominion Hills,Week2,288.0 Little Rocky Run - 114.0 Dominion Hills
Little Rocky Run,Week4,Laurel Hill,Week1,328.0 Little Rocky Run - 74.0 Laurel Hill
Little Rocky Run,Week1,Laurel Hill,Week1,322.0 Little Rocky Run - 80.0 Laurel Hill
Little Rocky Run,Week4,Old Keene Mill,Week3,305.0 Little Rocky Run - 97.0 Old Keene Mill
Little Rocky Run,Week2,Hamlet,Week5,259.0 Hamlet - 143.0 Little Rocky Run
Long Branch,Week2,Cardinal Hill,Week3,309.0 Cardinal Hill - 93.0 Long Branch
Little Rocky Run,Week1,Virginia Run,Week4,246.0 Little Rocky Run - 156.0 Virginia Run
Little Rocky Run,Week5,Greenbriar,Week3,270.0 Little Rocky Run - 132.0 Greenbriar
Long Branch,Week5,Canterbury Woods,Week1,226.0 Long Branch - 176.0 Canterbury Woods
Long Branch,Week2,Lee Graham,Week3,298.5 Lee Graham - 103.5 Long Branch
Long Branch,Week3,Cardinal Hill,Week3,303.0 Cardinal Hill - 99.0 Long Branch
Long Branch,Week4,Riverside Gardens,Week5,295.0 Riverside Gardens - 107.0 Long Branch
Little Rocky Run,Week1,Orange Hunt,Week2,237.0 Little Rocky Run - 165.0 Orange Hunt
Long Branch,Week2,Lee Graham,Week4,297.0 Lee Graham - 105.0 Long Branch
Little Hunting Park,Week3,Virginia Hills,Week5,254.0 Little Hunting Park - 143.0 Virginia Hills
Little Rocky Run,Week1,Donaldson Run,Week2,237.0 Donaldson Run - 165.0 Little Rocky Run
Little Rocky Run,Week3,Virginia Run,Week1,260.0 Little Rocky Run - 142.0 Virginia Run
Long Branch,Week2,Rolling Forest,Week5,243.0 Rolling Forest - 159.0 Long Branch
Little Rocky Run,Week3,Orange Hunt,Week3,232.0 Little Rocky Run - 170.0 Orange Hunt
Long Branch,Week3,Lee Graham,Week4,308.0 Lee Graham - 94.0 Long Branch
Little Rocky Run,Week5,Greenbriar,Week5,261.0 Little Rocky Run - 141.0 Greenbriar
Little Rocky Run,Week1,Lee Graham,Week5,248.0 Lee Graham - 154.0 Little Rocky Run
Little Hunting Park,Week2,Virginia Hills,Week2,304.0 Little Hunting Park - 94.0 Virginia Hills
Little Rocky Run,Week3,Virginia Run,Week3,271.0 Little Rocky Run - 131.0 Virginia Run
Long Branch,Week3,Canterbury Woods,Week2,201.0 Canterbury Woods - 201.0 Long Branch
Long Branch,Week2,Lee Graham,Week2,306.0 Lee Graham - 96.0 Long Branch
Little Rocky Run,Week2,Virginia Run,Week3,254.0 Little Rocky Run - 148.0 Virginia Run
Little Rocky Run,Week3,Virginia Run,Week2,272.0 Little Rocky Run - 130.0 Virginia Run
Little Rocky Run,Week5,Greenbriar,Week4,268.0 Little Rocky Run - 134.0 Greenbriar
Little Rocky Run,Week2,Orange Hunt,Week3,216.0 Little Rocky Run - 186.0 Orange Hunt
Long Branch,Week3,Canterbury Woods,Week5,207.0 Canterbury Woods - 194.0 Long Branch
Little Rocky Run,Week5,Dominion Hills,Week5,275.0 Little Rocky Run - 127.0 Dominion Hills
Little Rocky Run,Week5,Dominion Hills,Week3,296.0 Little Rocky Run - 106.0 Dominion Hills
Little Rocky Run,Week4,Hamlet,Week4,203.0 Little Rocky Run - 199.0 Hamlet
Long Branch,Week3,Lee Graham,Week5,316.0 Lee Graham - 86.0 Long Branch
Little Rocky Run,Week3,Dominion Hills,Week2,290.0 Little Rocky Run - 112.0 Dominion Hills
Little Rocky Run,Week3,Hamlet,Week4,216.0 Little Rocky Run - 186.0 Hamlet
Little Rocky Run,Week1,Lee Graham,Week2,231.0 Lee Graham - 171.0 Little Rocky Run
Long Branch,Week4,Riverside Gardens,Week1,307.0 Riverside Gardens - 95.0 Long Branch
Long Branch,Week1,Cardinal Hill,Week5,279.0 Cardinal Hill - 122.0 Long Branch
Little Rocky Run,Week3,Laurel Hill,Week4,337.0 Little Rocky Run - 65.0 Laurel Hill
Little Rocky Run,Week5,Old Keene Mill,Week3,315.0 Little Rocky Run - 87.0 Old Keene Mill
Long Branch,Week3,Rolling Forest,Week4,239.0 Rolling Forest - 163.0 Long Branch
Long Branch,Week4,Rolling Forest,Week2,222.0 Rolling Forest - 180.0 Long Branch
Little Rocky Run,Week5,Hamlet,Week1,214.0 Little Rocky Run - 188.0 Hamlet
Little Rocky Run,Week1,Laurel Hill,Week4,317.0 Little Rocky Run - 85.0 Laurel Hill
Little Rocky Run,Week3,Orange Hunt,Week4,250.0 Little Rocky Run - 152.0 Orange Hunt
Long Branch,Week4,Canterbury Woods,Week1,219.0 Long Branch - 183.0 Canterbury Woods
Little Rocky Run,Week5,Virginia Hills,Week4,382.0 Little Rocky Run - 20.0 Virginia Hills
Little Rocky Run,Week3,Virginia Run,Week4,282.0 Little Rocky Run - 120.0 Virginia Run
Little Rocky Run,Week5,Langley,Week2,232.0 Little Rocky Run - 170.0 Langley
Long Branch,Week1,Rolling Forest,Week1,241.0 Rolling Forest - 156.0 Long Branch
Little Rocky Run,Week1,Orange Hunt,Week4,228.0 Little Rocky Run - 174.0 Orange Hunt
Little Rocky Run,Week4,Old Keene Mill,Week4,314.0 Little Rocky Run - 88.0 Old Keene Mill
Little Rocky Run,Week2,Donaldson Run,Week4,240.0 Donaldson Run - 162.0 Little Rocky Run
Long Branch,Week4,Lee Graham,Week5,303.0 Lee Graham - 99.0 Long Branch
Little Rocky Run,Week3,Hayfield Farm,Week5,277.0 Little Rocky Run - 125.0 Hayfield Farm
Little Rocky Run,Week1,Virginia Run,Week3,244.5 Little Rocky Run - 157.5 Virginia Run
Little Hunting Park,Week1,Virginia Hills,Week1,303.0 Little Hunting Park - 95.0 Virginia Hills
Little Rocky Run,Week2,Laurel Hill,Week2,334.0 Little Rocky Run - 68.0 Laurel Hill
Long Branch,Week4,Lee Graham,Week2,306.5 Lee Graham - 95.5 Long Branch
Little Rocky Run,Week1,Donaldson Run,Week4,247.0 Donaldson Run - 155.0 Little Rocky Run
Little Hunting Park,Week3,Virginia Hills,Week1,297.0 Little Hunting Park - 103.0 Virginia Hills
Long Branch,Week4,Canterbury Woods,Week5,207.0 Long Branch - 194.0 Canterbury Woods
Little Rocky Run,Week5,Old Keene Mill,Week2,309.0 Little Rocky Run - 93.0 Old Keene Mill
Little Rocky Run,Week2,Donaldson Run,Week1,226.0 Donaldson Run - 176.0 Little Rocky Run
Long Branch,Week4,Riverside Gardens,Week3,301.0 Riverside Gardens - 101.0 Long Branch
Little Hunting Park,Week2,Virginia Hills,Week1,294.0 Little Hunting Park - 106.0 Virginia Hills
Long Branch,Week1,Rolling Forest,Week5,241.0 Rolling Forest - 161.0 Long Branch
Long Branch,Week2,Cardinal Hill,Week2,275.0 Cardinal Hill - 127.0 Long Branch
Little Rocky Run,Week5,Hayfield Farm,Week1,297.0 Little Rocky Run - 105.0 Hayfield Farm
Little Rocky Run,Week5,Langley,Week4,224.0 Little Rocky Run - 178.0 Langley
Long Branch,Week1,Lee Graham,Week3,305.0 Lee Graham - 97.0 Long Branch
Long Branch,Week4,Lee Graham,Week1,295.0 Lee Graham - 107.0 Long Branch
Long Branch,Week2,Cardinal Hill,Week5,285.0 Cardinal Hill - 116.0 Long Branch
Little Rocky Run,Week4,Dominion Hills,Week4,262.0 Little Rocky Run - 140.0 Dominion Hills
Little Rocky Run,Week3,Virginia Run,Week5,244.0 Little Rocky Run - 158.0 Virginia Run
Little Rocky Run,Week2,Virginia Run,Week5,213.0 Little Rocky Run - 189.0 Virginia Run
Little Rocky Run,Week3,Hollin Meadows,Week2,277.0 Little Rocky Run - 125.0 Hollin Meadows
Long Branch,Week4,Lee Graham,Week3,315.0 Lee Graham - 87.0 Long Branch
Little Rocky Run,Week2,Virginia Run,Week1,227.0 Little Rocky Run - 175.0 Virginia Run
Long Branch,Week4,Rolling Forest,Week4,235.0 Rolling Forest - 167.0 Long Branch
Little Rocky Run,Week5,Hayfield Farm,Week3,276.0 Little Rocky Run - 126.0 Hayfield Farm
Little Rocky Run,Week5,Langley,Week3,225.5 Little Rocky Run - 176.5 Langley
Little Rocky Run,Week1,Hayfield Farm,Week3,237.0 Little Rocky Run - 165.0 Hayfield Farm
Long Branch,Week1,Cardinal Hill,Week2,267.0 Cardinal Hill - 130.0 Long Branch
Little Rocky Run,Week2,Virginia Run,Week2,252.0 Little Rocky Run - 150.0 Virginia Run
Little Rocky Run,Week3,Donaldson Run,Week3,203.0 Little Rocky Run - 199.0 Donaldson Run
Little Rocky Run,Week5,Hamlet,Week3,218.0 Hamlet - 184.0 Little Rocky Run
Little Rocky Run,Week3,Donaldson Run,Week1,207.5 Little Rocky Run - 194.5 Donaldson Run
Long Branch,Week3,Cardinal Hill,Week1,284.0 Cardinal Hill - 118.0 Long Branch
Long Branch,Week3,Lee Graham,Week2,310.5 Lee Graham - 91.5 Long Branch
Little Rocky Run,Week4,Laurel Hill,Week2,334.0 Little Rocky Run - 68.0 Laurel Hill
Little Hunting Park,Week4,Virginia Hills,Week1,292.0 Little Hunting Park - 109.0 Virginia Hills
Little Rocky Run,Week5,Hayfield Farm,Week5,276.0 Little Rocky Run - 126.0 Hayfield Farm
Long Branch,Week4,Lee Graham,Week4,300.0 Lee Graham - 102.0 Long Branch
Little Rocky Run,Week1,Orange Hunt,Week3,231.5 Little Rocky Run - 170.5 Orange Hunt
Long Branch,Week4,Rolling Forest,Week3,244.0 Rolling Forest - 158.0 Long Branch
Little Rocky Run,Week3,Old Keene Mill,Week5,299.0 Little Rocky Run - 103.0 Old Keene Mill
Little Rocky Run,Week5,Old Keene Mill,Week4,328.5 Little Rocky Run - 73.5 Old Keene Mill
Little Rocky Run,Week2,Laurel Hill,Week5,300.0 Little Rocky Run - 102.0 Laurel Hill
Little Rocky Run,Week2,Donaldson Run,Week5,269.0 Donaldson Run - 133.0 Little Rocky Run
Long Branch,Week2,Canterbury Woods,Week4,218.0 Canterbury Woods - 184.0 Long Branch
Little Rocky Run,Week3,Donaldson Run,Week5,238.0 Donaldson Run - 164.0 Little Rocky Run
Little Rocky Run,Week3,Hayfield Farm,Week1,285.0 Little Rocky Run - 117.0 Hayfield Farm
Little Rocky Run,Week1,Laurel Hill,Week2,332.0 Little Rocky Run - 70.0 Laurel Hill
Long Branch,Week4,Canterbury Woods,Week2,229.0 Long Branch - 173.0 Canterbury Woods
Little Rocky Run,Week4,Virginia Run,Week2,262.0 Little Rocky Run - 140.0 Virginia Run
Long Branch,Week5,Riverside Gardens,Week1,287.5 Riverside Gardens - 114.5 Long Branch
Little Rocky Run,Week4,Old Keene Mill,Week5,288.0 Little Rocky Run - 114.0 Old Keene Mill
Long Branch,Week5,Riverside Gardens,Week3,293.0 Riverside Gardens - 109.0 Long Branch
Long Branch,Week1,Lee Graham,Week5,312.0 Lee Graham - 90.0 Long Branch
Long Branch,Week2,Rolling Forest,Week3,239.0 Rolling Forest - 163.0 Long Branch
Little Rocky Run,Week2,Orange Hunt,Week2,220.0 Little Rocky Run - 182.0 Orange Hunt
Long Branch,Week5,Lee Graham,Week1,294.0 Lee Graham - 108.0 Long Branch
Little Rocky Run,Week4,Dowden Terrace,Week1,290.0 Little Rocky Run - 112.0 Dowden Terrace
Little Rocky Run,Week3,Laurel Hill,Week2,342.0 Little Rocky Run - 59.0 Laurel Hill
Long Branch,Week4,Cardinal Hill,Week1,302.0 Cardinal Hill - 100.0 Long Branch
Long Branch,Week3,Lee Graham,Week3,313.0 Lee Graham - 89.0 Long Branch
Little Rocky Run,Week4,Hollin Meadows,Week2,278.0 Little Rocky Run - 124.0 Hollin Meadows
Little Rocky Run,Week2,Orange Hunt,Week4,222.0 Little Rocky Run - 180.0 Orange Hunt
Little Rocky Run,Week4,Hayfield Farm,Week4,269.0 Little Rocky Run - 133.0 Hayfield Farm
Long Branch,Week5,Lee Graham,Week2,300.0 Lee Graham - 102.0 Long Branch
Long Branch,Week3,Cardinal Hill,Week2,277.0 Cardinal Hill - 125.0 Long Branch
Little Rocky Run,Week5,Virginia Run,Week2,286.5 Little Rocky Run - 115.5 Virginia Run
Long Branch,Week3,Rolling Forest,Week1,232.0 Rolling Forest - 170.0 Long Branch
Little Rocky Run,Week2,Laurel Hill,Week3,318.0 Little Rocky Run - 84.0 Laurel Hill
Long Branch,Week3,Cardinal Hill,Week4,291.0 Cardinal Hill - 111.0 Long Branch
Little Rocky Run,Week5,Virginia Run,Week1,277.0 Little Rocky Run - 125.0 Virginia Run
Little Rocky Run,Week4,Virginia Run,Week3,269.0 Little Rocky Run - 133.0 Virginia Run
Little Rocky Run,Week3,Old Keene Mill,Week3,310.0 Little Rocky Run - 92.0 Old Keene Mill
Little Rocky Run,Week1,Laurel Hill,Week3,317.0 Little Rocky Run - 85.0 Laurel Hill
Little Rocky Run,Week5,Hollin Hills,Week3,354.0 Little Rocky Run - 48.0 Hollin Hills
Little Rocky Run,Week4,Donaldson Run,Week4,225.0 Donaldson Run - 177.0 Little Rocky Run
Long Branch,Week3,Cardinal Hill,Week5,288.0 Cardinal Hill - 114.0 Long Branch
Little Rocky Run,Week3,Hayfield Farm,Week4,273.0 Little Rocky Run - 129.0 Hayfield Farm
Little Rocky Run,Week3,Laurel Hill,Week1,334.0 Little Rocky Run - 68.0 Laurel Hill
Little Rocky Run,Week1,Dowden Terrace,Week2,248.0 Little Rocky Run - 154.0 Dowden Terrace
Little Rocky Run,Week5,Hamlet,Week5,217.0 Hamlet - 185.0 Little Rocky Run
Long Branch,Week3,Riverside Gardens,Week5,316.0 Riverside Gardens - 86.0 Long Branch
Long Branch,Week4,Riverside Gardens,Week4,312.0 Riverside Gardens - 90.0 Long Branch
Little Rocky Run,Week2,Fairfax,Week5,234.0 Fairfax - 168.0 Little Rocky Run
Little Rocky Run,Week3,Hollin Meadows,Week5,266.0 Little Rocky Run - 136.0 Hollin Meadows
Little Rocky Run,Week5,Hollin Meadows,Week4,291.0 Little Rocky Run - 111.0 Hollin Meadows
Little Rocky Run,Week3,Fairfax,Week2,225.0 Little Rocky Run - 177.0 Fairfax
Little Rocky Run,Week3,Orange Hunt,Week1,259.0 Little Rocky Run - 143.0 Orange Hunt
Long Branch,Week2,Lincolnia Park,Week5,255.0 Long Branch - 137.0 Lincolnia Park
Little Rocky Run,Week5,Langley,Week1,223.0 Little Rocky Run - 179.0 Langley
Little Rocky Run,Week3,Donaldson Run,Week4,216.0 Donaldson Run - 186.0 Little Rocky Run
Long Branch,Week4,Cardinal Hill,Week4,272.0 Cardinal Hill - 130.0 Long Branch
Little Rocky Run,Week5,Fair Oaks ,Week1,284.0 Little Rocky Run - 118.0 Fair Oaks
Little Rocky Run,Week2,Hayfield Farm,Week2,259.0 Little Rocky Run - 143.0 Hayfield Farm
Long Branch,Week5,Lincolnia Park,Week3,267.0 Long Branch - 125.0 Lincolnia Park
Little Rocky Run,Week5,Virginia Run,Week5,265.0 Little Rocky Run - 137.0 Virginia Run
Little Rocky Run,Week3,Overlee,Week2,279.0 Overlee - 123.0 Little Rocky Run
Little Rocky Run,Week2,Laurel Hill,Week1,318.0 Little Rocky Run - 84.0 Laurel Hill
Little Rocky Run,Week1,Wakefield Chapel,Week3,238.5 Wakefield Chapel - 163.5 Little Rocky Run
Little Rocky Run,Week3,Fairfax,Week5,201.0 Fairfax - 201.0 Little Rocky Run
Long Branch,Week1,Little Hunting Park,Week1,222.0 Long Branch - 176.0 Little Hunting Park
Little Rocky Run,Week4,Hayfield Farm,Week2,270.0 Little Rocky Run - 132.0 Hayfield Farm
Long Branch,Week5,Lee Graham,Week5,301.0 Lee Graham - 101.0 Long Branch
Long Branch,Week1,Rolling Forest,Week3,246.0 Rolling Forest - 156.0 Long Branch
Little Rocky Run,Week1,Wakefield Chapel,Week2,233.5 Wakefield Chapel - 168.5 Little Rocky Run
Long Branch,Week4,Cardinal Hill,Week2,268.0 Cardinal Hill - 134.0 Long Branch
Little Rocky Run,Week2,Hayfield Farm,Week4,244.0 Little Rocky Run - 158.0 Hayfield Farm
Long Branch,Week4,Cardinal Hill,Week3,303.0 Cardinal Hill - 99.0 Long Branch
Little Rocky Run,Week5,Langley,Week5,237.0 Little Rocky Run - 165.0 Langley
Little Rocky Run,Week2,Hollin Meadows,Week5,253.5 Little Rocky Run - 148.5 Hollin Meadows
Little Rocky Run,Week4,Dowden Terrace,Week3,291.0 Little Rocky Run - 111.0 Dowden Terrace
Little Rocky Run,Week1,Overlee,Week1,277.0 Overlee - 125.0 Little Rocky Run
Long Branch,Week1,Rolling Forest,Week2,232.0 Rolling Forest - 170.0 Long Branch
Long Branch,Week5,Riverside Gardens,Week4,309.0 Riverside Gardens - 93.0 Long Branch
Little Rocky Run,Week3,Orange Hunt,Week2,243.0 Little Rocky Run - 159.0 Orange Hunt
Little Rocky Run,Week5,Donaldson Run,Week1,220.0 Little Rocky Run - 182.0 Donaldson Run
Little Rocky Run,Week4,Dowden Terrace,Week4,262.0 Little Rocky Run - 140.0 Dowden Terrace
Little Rocky Run,Week3,Hollin Meadows,Week1,269.0 Little Rocky Run - 133.0 Hollin Meadows
Little Rocky Run,Week1,Overlee,Week2,294.0 Overlee - 108.0 Little Rocky Run
Long Branch,Week4,Chesterbrook,Week5,362.0 Chesterbrook - 40.0 Long Branch
Long Branch,Week3,Rolling Forest,Week2,229.0 Rolling Forest - 173.0 Long Branch
Little Rocky Run,Week3,Laurel Hill,Week3,331.0 Little Rocky Run - 71.0 Laurel Hill
Little Rocky Run,Week2,Dowden Terrace,Week2,260.0 Little Rocky Run - 142.0 Dowden Terrace
Little Rocky Run,Week5,Donaldson Run,Week5,233.0 Donaldson Run - 169.0 Little Rocky Run
Little Rocky Run,Week5,Sleepy Hollow B & R,Week4,258.0 Little Rocky Run - 144.0 Sleepy Hollow B & R
Little Rocky Run,Week4,Fairfax,Week5,212.0 Fairfax - 190.0 Little Rocky Run
Little Rocky Run,Week4,Donaldson Run,Week1,211.0 Donaldson Run - 191.0 Little Rocky Run
Little Rocky Run,Week5,Sleepy Hollow B & R,Week2,258.0 Little Rocky Run - 144.0 Sleepy Hollow B & R
Long Branch,Week4,Chesterbrook,Week4,364.0 Chesterbrook - 38.0 Long Branch
Little Rocky Run,Week4,Overlee,Week4,324.0 Overlee - 78.0 Little Rocky Run
Long Branch,Week3,Rolling Forest,Week5,245.0 Rolling Forest - 157.0 Long Branch
Little Rocky Run,Week2,Fairfax,Week4,214.0 Fairfax - 188.0 Little Rocky Run
Little Rocky Run,Week2,Sleepy Hollow B & R,Week5,219.0 Sleepy Hollow B & R - 183.0 Little Rocky Run
Little Rocky Run,Week1,Sleepy Hollow B & R,Week4,217.0 Little Rocky Run - 185.0 Sleepy Hollow B & R
Long Branch,Week2,Lincolnia Park,Week1,277.0 Long Branch - 124.0 Lincolnia Park
Little Rocky Run,Week4,Overlee,Week1,271.0 Overlee - 131.0 Little Rocky Run
Little Rocky Run,Week3,Laurel Hill,Week5,322.0 Little Rocky Run - 80.0 Laurel Hill
Little Rocky Run,Week5,Hollin Hills,Week2,363.0 Little Rocky Run - 39.0 Hollin Hills
Long Branch,Week1,Lincolnia Park,Week1,271.0 Long Branch - 125.0 Lincolnia Park
Little Rocky Run,Week4,Laurel Hill,Week4,319.0 Little Rocky Run - 83.0 Laurel Hill
Long Branch,Week4,Rolling Forest,Week1,236.0 Rolling Forest - 166.0 Long Branch
Little Rocky Run,Week3,Fair Oaks ,Week3,260.0 Little Rocky Run - 142.0 Fair Oaks
Little Rocky Run,Week1,Laurel Hill,Week5,290.0 Little Rocky Run - 107.0 Laurel Hill
Long Branch,Week4,Lincolnia Park,Week4,292.0 Long Branch - 110.0 Lincolnia Park
Long Branch,Week2,Cardinal Hill,Week4,286.0 Cardinal Hill - 116.0 Long Branch
Little Rocky Run,Week2,Hayfield Farm,Week3,239.0 Little Rocky Run - 163.0 Hayfield Farm
Little Rocky Run,Week2,Hollin Meadows,Week1,244.0 Little Rocky Run - 158.0 Hollin Meadows
Little Rocky Run,Week4,Hollin Hills,Week5,345.0 Little Rocky Run - 57.0 Hollin Hills
Little Rocky Run,Week5,Hollin Hills,Week4,357.5 Little Rocky Run - 44.5 Hollin Hills
Little Rocky Run,Week2,Fairfax,Week3,225.0 Fairfax - 177.0 Little Rocky Run
Little Rocky Run,Week3,Herndon,Week1,366.0 Little Rocky Run - 36.0 Herndon
Little Rocky Run,Week5,Hamlet,Week2,209.0 Hamlet - 193.0 Little Rocky Run
Long Branch,Week1,Rolling Hills,Week5,201.5 Long Branch - 200.5 Rolling Hills
Little Rocky Run,Week1,Hayfield Farm,Week2,252.0 Little Rocky Run - 150.0 Hayfield Farm
Long Branch,Week5,Cardinal Hill,Week1,281.5 Cardinal Hill - 120.5 Long Branch
Long Branch,Week5,Chesterbrook,Week1,351.0 Chesterbrook - 51.0 Long Branch
Long Branch,Week4,Lincolnia Park,Week5,267.0 Long Branch - 126.0 Lincolnia Park
Little Rocky Run,Week5,Donaldson Run,Week4,206.0 Donaldson Run - 196.0 Little Rocky Run
Little Rocky Run,Week1,Sleepy Hollow Rec,Week3,322.0 Little Rocky Run - 80.0 Sleepy Hollow Rec
Little Rocky Run,Week5,Laurel Hill,Week1,329.0 Little Rocky Run - 73.0 Laurel Hill
Long Branch,Week1,Lincolnia Park,Week5,256.0 Long Branch - 136.0 Lincolnia Park
Little Rocky Run,Week5,Overlee,Week3,262.0 Overlee - 140.0 Little Rocky Run
Long Branch,Week3,Lincolnia Park,Week5,261.0 Long Branch - 132.0 Lincolnia Park
Little Rocky Run,Week3,Overlee,Week4,319.0 Overlee - 83.0 Little Rocky Run
Little Rocky Run,Week4,Fair Oaks ,Week1,267.0 Little Rocky Run - 135.0 Fair Oaks
Little Rocky Run,Week5,Laurel Hill,Week3,327.0 Little Rocky Run - 75.0 Laurel Hill
Long Branch,Week2,Rolling Hills,Week1,210.0 Rolling Hills - 191.0 Long Branch
Long Branch,Week1,Chesterbrook,Week4,359.0 Chesterbrook - 43.0 Long Branch
Little Rocky Run,Week5,Laurel Hill,Week4,334.0 Little Rocky Run - 68.0 Laurel Hill
Little Rocky Run,Week5,Overlee,Week1,254.0 Overlee - 148.0 Little Rocky Run
Long Branch,Week4,Rolling Hills,Week4,205.0 Rolling Hills - 196.0 Long Branch
Little Rocky Run,Week1,Hayfield Farm,Week1,263.0 Little Rocky Run - 139.0 Hayfield Farm
Little Rocky Run,Week4,Donaldson Run,Week5,255.0 Donaldson Run - 147.0 Little Rocky Run
Little Rocky Run,Week3,Hayfield Farm,Week2,278.0 Little Rocky Run - 124.0 Hayfield Farm
Little Rocky Run,Week4,Hollin Meadows,Week3,273.0 Little Rocky Run - 129.0 Hollin Meadows
Little Rocky Run,Week1,Fairfax,Week3,228.0 Fairfax - 174.0 Little Rocky Run
Little Rocky Run,Week1,Hayfield Farm,Week4,247.0 Little Rocky Run - 155.0 Hayfield Farm
Little Rocky Run,Week1,Fairfax,Week2,229.0 Fairfax - 173.0 Little Rocky Run
Little Rocky Run,Week4,Donaldson Run,Week3,216.0 Donaldson Run - 186.0 Little Rocky Run
Little Rocky Run,Week1,Hollin Meadows,Week3,252.0 Little Rocky Run - 150.0 Hollin Meadows
Long Branch,Week3,Rolling Hills,Week2,229.0 Rolling Hills - 173.0 Long Branch
Little Rocky Run,Week2,Sleepy Hollow B & R,Week3,211.0 Little Rocky Run - 191.0 Sleepy Hollow B & R
Little Rocky Run,Week1,Hollin Meadows,Week5,253.0 Little Rocky Run - 149.0 Hollin Meadows
Little Rocky Run,Week5,Sideburn Run,Week5,265.0 Little Rocky Run - 137.0 Sideburn Run
Long Branch,Week3,Chesterbrook,Week1,358.0 Chesterbrook - 44.0 Long Branch
Little Rocky Run,Week3,Hayfield Farm,Week3,261.0 Little Rocky Run - 141.0 Hayfield Farm
Little Rocky Run,Week4,Fair Oaks ,Week4,261.0 Little Rocky Run - 141.0 Fair Oaks
Long Branch,Week2,Lincolnia Park,Week2,278.0 Long Branch - 109.0 Lincolnia Park
Little Rocky Run,Week2,Hollin Meadows,Week4,258.0 Little Rocky Run - 144.0 Hollin Meadows
Long Branch,Week1,Lincolnia Park,Week3,246.0 Long Branch - 141.0 Lincolnia Park
Little Rocky Run,Week5,Donaldson Run,Week2,211.0 Donaldson Run - 191.0 Little Rocky Run
Little Rocky Run,Week2,Hollin Meadows,Week2,245.0 Little Rocky Run - 157.0 Hollin Meadows
Little Rocky Run,Week1,Dowden Terrace,Week4,233.0 Little Rocky Run - 169.0 Dowden Terrace
Little Rocky Run,Week1,Sleepy Hollow Rec,Week5,309.0 Little Rocky Run - 93.0 Sleepy Hollow Rec
Little Rocky Run,Week1,Lee Graham,Week1,227.0 Lee Graham - 175.0 Little Rocky Run
Little Rocky Run,Week3,Sleepy Hollow B & R,Week5,220.0 Little Rocky Run - 182.0 Sleepy Hollow B & R
Long Branch,Week3,Little Hunting Park,Week2,211.5 Long Branch - 189.5 Little Hunting Park
Little Rocky Run,Week5,Orange Hunt,Week4,268.0 Little Rocky Run - 134.0 Orange Hunt
Little Rocky Run,Week2,Dowden Terrace,Week1,274.0 Little Rocky Run - 128.0 Dowden Terrace
Little Rocky Run,Week2,Hayfield Farm,Week1,275.0 Little Rocky Run - 127.0 Hayfield Farm
Long Branch,Week2,Chesterbrook,Week4,365.5 Chesterbrook - 36.5 Long Branch
Long Branch,Week2,Rolling Hills,Week4,217.0 Long Branch - 181.0 Rolling Hills
Little Rocky Run,Week1,Overlee,Week4,327.0 Overlee - 75.0 Little Rocky Run
Little Rocky Run,Week1,Sleepy Hollow Rec,Week4,339.0 Little Rocky Run - 63.0 Sleepy Hollow Rec
Long Branch,Week1,Rolling Hills,Week2,218.0 Rolling Hills - 184.0 Long Branch
Little Rocky Run,Week1,Dowden Terrace,Week3,276.0 Little Rocky Run - 126.0 Dowden Terrace
Little Rocky Run,Week3,Hollin Meadows,Week3,270.0 Little Rocky Run - 132.0 Hollin Meadows
Long Branch,Week4,Chesterbrook,Week2,367.0 Chesterbrook - 35.0 Long Branch
Little Rocky Run,Week3,Fairfax,Week3,206.0 Little Rocky Run - 196.0 Fairfax
Little Rocky Run,Week1,Hayfield Farm,Week5,253.0 Little Rocky Run - 149.0 Hayfield Farm
Little Rocky Run,Week1,Lee Graham,Week3,240.0 Lee Graham - 162.0 Little Rocky Run
Little Rocky Run,Week1,Overlee,Week5,323.0 Overlee - 79.0 Little Rocky Run
Little Rocky Run,Week5,Orange Hunt,Week3,259.0 Little Rocky Run - 143.0 Orange Hunt
Little Rocky Run,Week5,Laurel Hill,Week5,311.0 Little Rocky Run - 91.0 Laurel Hill
Long Branch,Week3,Lincolnia Park,Week4,279.0 Long Branch - 122.0 Lincolnia Park
Long Branch,Week3,Rolling Hills,Week3,223.0 Rolling Hills - 179.0 Long Branch
Little Rocky Run,Week5,Fair Oaks ,Week4,269.0 Little Rocky Run - 133.0 Fair Oaks
Long Branch,Week4,Chesterbrook,Week3,374.0 Chesterbrook - 28.0 Long Branch
Little Rocky Run,Week1,Sleepy Hollow B & R,Week3,225.0 Little Rocky Run - 177.0 Sleepy Hollow B & R
Little Rocky Run,Week4,Hollin Meadows,Week4,271.0 Little Rocky Run - 131.0 Hollin Meadows
Little Rocky Run,Week2,Hayfield Farm,Week5,270.0 Little Rocky Run - 132.0 Hayfield Farm
Little Rocky Run,Week4,Hayfield Farm,Week1,288.0 Little Rocky Run - 114.0 Hayfield Farm
Little Rocky Run,Week5,Lee Graham,Week1,205.0 Little Rocky Run - 197.0 Lee Graham
Long Branch,Week1,Rolling Valley,Week2,231.0 Long Branch - 171.0 Rolling Valley
Little Rocky Run,Week5,Hamlet,Week4,222.0 Little Rocky Run - 180.0 Hamlet
Little Rocky Run,Week5,Hollin Hills,Week5,354.0 Little Rocky Run - 43.0 Hollin Hills
Long Branch,Week4,Lincolnia Park,Week1,282.0 Long Branch - 120.0 Lincolnia Park
Little Rocky Run,Week2,Dowden Terrace,Week5,233.0 Little Rocky Run - 169.0 Dowden Terrace
Little Rocky Run,Week4,Hayfield Farm,Week3,248.0 Little Rocky Run - 154.0 Hayfield Farm
Long Branch,Week5,Chesterbrook,Week2,354.0 Chesterbrook - 48.0 Long Branch
Little Rocky Run,Week4,Orange Hunt,Week3,238.0 Little Rocky Run - 164.0 Orange Hunt
Little Rocky Run,Week4,Fair Oaks ,Week5,242.0 Little Rocky Run - 160.0 Fair Oaks
Little Rocky Run,Week5,Lee Graham,Week5,224.0 Lee Graham - 178.0 Little Rocky Run
Little Rocky Run,Week4,Hollin Hills,Week2,352.0 Little Rocky Run - 50.0 Hollin Hills
Little Rocky Run,Week5,Fair Oaks ,Week2,296.0 Little Rocky Run - 106.0 Fair Oaks
Little Rocky Run,Week3,Dowden Terrace,Week1,283.0 Little Rocky Run - 119.0 Dowden Terrace
Long Branch,Week4,Rolling Forest,Week5,250.0 Rolling Forest - 152.0 Long Branch
Little Rocky Run,Week5,Lee Graham,Week2,219.0 Little Rocky Run - 183.0 Lee Graham
Little Rocky Run,Week3,Sleepy Hollow B & R,Week4,234.0 Little Rocky Run - 168.0 Sleepy Hollow B & R
Little Rocky Run,Week3,Sleepy Hollow B & R,Week1,263.0 Little Rocky Run - 139.0 Sleepy Hollow B & R
Little Rocky Run,Week3,Fair Oaks ,Week4,261.0 Little Rocky Run - 141.0 Fair Oaks
Long Branch,Week3,Lincolnia Park,Week2,280.0 Long Branch - 113.0 Lincolnia Park
Long Branch,Week2,Rolling Hills,Week3,213.0 Rolling Hills - 189.0 Long Branch
Little Rocky Run,Week3,Dowden Terrace,Week3,296.0 Little Rocky Run - 106.0 Dowden Terrace
Little Rocky Run,Week1,Fairfax,Week4,222.0 Fairfax - 180.0 Little Rocky Run
Long Branch,Week5,Cardinal Hill,Week4,276.0 Cardinal Hill - 126.0 Long Branch
Little Rocky Run,Week2,Overlee,Week1,283.0 Overlee - 119.0 Little Rocky Run
Long Branch,Week1,Chesterbrook,Week2,354.0 Chesterbrook - 48.0 Long Branch
Little Rocky Run,Week1,Hollin Meadows,Week2,257.0 Little Rocky Run - 145.0 Hollin Meadows
Long Branch,Week5,Lincolnia Park,Week2,294.0 Long Branch - 98.0 Lincolnia Park
Little Rocky Run,Week1,Lee Graham,Week4,235.0 Lee Graham - 167.0 Little Rocky Run
Little Rocky Run,Week2,Overlee,Week2,291.0 Overlee - 111.0 Little Rocky Run
Little Rocky Run,Week2,Sleepy Hollow B & R,Week2,212.0 Little Rocky Run - 190.0 Sleepy Hollow B & R
Long Branch,Week1,Rolling Valley,Week4,227.5 Long Branch - 174.5 Rolling Valley
Little Rocky Run,Week3,Dowden Terrace,Week4,268.0 Little Rocky Run - 134.0 Dowden Terrace
Long Branch,Week4,Rolling Hills,Week1,207.0 Rolling Hills - 195.0 Long Branch
Little Rocky Run,Week1,Hollin Meadows,Week1,241.0 Little Rocky Run - 161.0 Hollin Meadows
Long Branch,Week3,Chesterbrook,Week3,377.0 Chesterbrook - 25.0 Long Branch
Little Rocky Run,Week1,Lincolnia Park,Week4,349.0 Little Rocky Run - 48.0 Lincolnia Park
Little Rocky Run,Week1,Overlee,Week3,270.0 Overlee - 132.0 Little Rocky Run
Little Rocky Run,Week4,Hayfield Farm,Week5,278.0 Little Rocky Run - 124.0 Hayfield Farm
Little Rocky Run,Week4,Sleepy Hollow B & R,Week3,237.0 Little Rocky Run - 165.0 Sleepy Hollow B & R
Little Rocky Run,Week1,Sleepy Hollow B & R,Week5,201.5 Little Rocky Run - 200.5 Sleepy Hollow B & R
Long Branch,Week4,Lincolnia Park,Week3,247.0 Long Branch - 146.0 Lincolnia Park
Little Rocky Run,Week5,Fair Oaks ,Week3,265.0 Little Rocky Run - 137.0 Fair Oaks
Long Branch,Week5,Rolling Forest,Week4,210.0 Rolling Forest - 192.0 Long Branch
Little Rocky Run,Week5,Orange Hunt,Week1,265.0 Little Rocky Run - 137.0 Orange Hunt
Little Rocky Run,Week2,Fairfax,Week1,213.0 Fairfax - 189.0 Little Rocky Run
Long Branch,Week5,Cardinal Hill,Week2,255.0 Cardinal Hill - 147.0 Long Branch
Little Rocky Run,Week5,Hollin Hills,Week1,358.0 Little Rocky Run - 44.0 Hollin Hills
Little Rocky Run,Week1,Dowden Terrace,Week1,259.0 Little Rocky Run - 143.0 Dowden Terrace
Little Rocky Run,Week3,Sleepy Hollow B & R,Week2,245.0 Little Rocky Run - 157.0 Sleepy Hollow B & R
Little Rocky Run,Week5,Hayfield Farm,Week2,292.0 Little Rocky Run - 110.0 Hayfield Farm
Little Rocky Run,Week1,Lincolnia Park,Week3,320.0 Little Rocky Run - 73.0 Lincolnia Park
Little Rocky Run,Week5,Hayfield Farm,Week4,281.0 Little Rocky Run - 121.0 Hayfield Farm
Long Branch,Week3,Chesterbrook,Week2,364.0 Chesterbrook - 38.0 Long Branch
Little Rocky Run,Week4,Lee Graham,Week1,221.0 Lee Graham - 181.0 Little Rocky Run
Little Rocky Run,Week5,Donaldson Run,Week3,208.0 Donaldson Run - 194.0 Little Rocky Run
Little Rocky Run,Week4,Orange Hunt,Week4,251.0 Little Rocky Run - 151.0 Orange Hunt
Little Rocky Run,Week3,Fair Oaks ,Week5,243.0 Little Rocky Run - 159.0 Fair Oaks
Little Rocky Run,Week1,Hollin Meadows,Week4,256.0 Little Rocky Run - 146.0 Hollin Meadows
Long Branch,Week5,Lee Graham,Week3,296.0 Lee Graham - 106.0 Long Branch
Long Branch,Week1,Chesterbrook,Week5,355.0 Chesterbrook - 47.0 Long Branch
Long Branch,Week5,Rolling Forest,Week2,202.0 Rolling Forest - 200.0 Long Branch
Long Branch,Week2,Lincolnia Park,Week3,240.0 Long Branch - 152.0 Lincolnia Park
Little Rocky Run,Week2,Overlee,Week3,274.0 Overlee - 128.0 Little Rocky Run
Little Rocky Run,Week4,Donaldson Run,Week2,231.0 Donaldson Run - 171.0 Little Rocky Run
Little Rocky Run,Week4,Orange Hunt,Week1,247.0 Little Rocky Run - 155.0 Orange Hunt
Little Rocky Run,Week1,Lincolnia Park,Week5,322.0 Little Rocky Run - 71.0 Lincolnia Park
Little Rocky Run,Week4,Sleepy Hollow B & R,Week4,242.5 Little Rocky Run - 159.5 Sleepy Hollow B & R
Long Branch,Week1,Chesterbrook,Week3,370.0 Chesterbrook - 32.0 Long Branch
Little Rocky Run,Week1,Herndon,Week2,343.0 Little Rocky Run - 59.0 Herndon
Long Branch,Week3,Lincolnia Park,Week1,281.0 Long Branch - 120.0 Lincolnia Park
Little Rocky Run,Week1,Fairfax,Week5,224.5 Fairfax - 177.5 Little Rocky Run
Little Rocky Run,Week1,Dowden Terrace,Week5,220.0 Little Rocky Run - 182.0 Dowden Terrace
Little Rocky Run,Week4,Orange Hunt,Week2,234.0 Little Rocky Run - 168.0 Orange Hunt
Little Rocky Run,Week5,Sleepy Hollow B & R,Week1,269.0 Little Rocky Run - 133.0 Sleepy Hollow B & R
Long Branch,Week2,Chesterbrook,Week5,370.0 Chesterbrook - 32.0 Long Branch
Little Rocky Run,Week2,Dowden Terrace,Week4,261.0 Little Rocky Run - 141.0 Dowden Terrace
Little Rocky Run,Week2,Dowden Terrace,Week3,272.0 Little Rocky Run - 130.0 Dowden Terrace
Long Branch,Week2,Lincolnia Park,Week4,275.0 Long Branch - 125.0 Lincolnia Park
Little Rocky Run,Week2,Fairfax,Week2,228.0 Fairfax - 174.0 Little Rocky Run
Little Rocky Run,Week4,Hollin Hills,Week4,360.0 Little Rocky Run - 42.0 Hollin Hills
Little Rocky Run,Week4,Hollin Hills,Week3,352.0 Little Rocky Run - 50.0 Hollin Hills
Long Branch,Week4,Rolling Hills,Week5,204.0 Rolling Hills - 198.0 Long Branch
Long Branch,Week5,Rolling Forest,Week5,219.0 Rolling Forest - 183.0 Long Branch
Long Branch,Week1,Rolling Hills,Week4,200.0 Long Branch - 198.0 Rolling Hills
Little Rocky Run,Week2,Hollin Meadows,Week3,255.0 Little Rocky Run - 147.0 Hollin Meadows
Little Rocky Run,Week5,Sideburn Run,Week4,282.0 Little Rocky Run - 120.0 Sideburn Run
Little Rocky Run,Week4,Fair Oaks ,Week3,260.0 Little Rocky Run - 142.0 Fair Oaks
Long Branch,Week5,Lee Graham,Week4,289.0 Lee Graham - 113.0 Long Branch
Little Rocky Run,Week2,Overlee,Week5,312.0 Overlee - 90.0 Little Rocky Run
Little Rocky Run,Week1,Herndon,Week1,349.0 Little Rocky Run - 53.0 Herndon
Long Branch,Week5,Cardinal Hill,Week3,297.0 Cardinal Hill - 105.0 Long Branch
Little Rocky Run,Week2,Lincolnia Park,Week2,345.0 Little Rocky Run - 48.0 Lincolnia Park
Little Rocky Run,Week1,Herndon,Week3,350.0 Little Rocky Run - 52.0 Herndon
Long Branch,Week1,Lincolnia Park,Week4,270.0 Long Branch - 120.0 Lincolnia Park
Little Rocky Run,Week1,Lincolnia Park,Week2,337.0 Little Rocky Run - 56.0 Lincolnia Park
Little Rocky Run,Week3,Sleepy Hollow B & R,Week3,246.0 Little Rocky Run - 156.0 Sleepy Hollow B & R
Little Rocky Run,Week2,Sleepy Hollow B & R,Week4,213.0 Little Rocky Run - 189.0 Sleepy Hollow B & R
Long Branch,Week5,Rolling Hills,Week1,209.5 Long Branch - 191.5 Rolling Hills
Little Rocky Run,Week4,Hollin Meadows,Week5,261.0 Little Rocky Run - 141.0 Hollin Meadows
Long Branch,Week1,Chesterbrook,Week1,343.0 Chesterbrook - 59.0 Long Branch
Long Branch,Week1,Lincolnia Park,Week2,272.0 Long Branch - 115.0 Lincolnia Park
Long Branch,Week2,Chesterbrook,Week2,360.5 Chesterbrook - 41.5 Long Branch
Little Rocky Run,Week2,Lee Graham,Week1,224.0 Lee Graham - 178.0 Little Rocky Run
Little Rocky Run,Week1,Herndon,Week4,357.5 Little Rocky Run - 44.5 Herndon
Little Rocky Run,Week2,Lincolnia Park,Week3,320.0 Little Rocky Run - 73.0 Lincolnia Park
Little Rocky Run,Week5,Orange Hunt,Week5,243.0 Little Rocky Run - 159.0 Orange Hunt
Long Branch,Week2,Chesterbrook,Week1,356.0 Chesterbrook - 46.0 Long Branch
Little Rocky Run,Week2,Overlee,Week4,327.0 Overlee - 75.0 Little Rocky Run
Little Rocky Run,Week1,Herndon,Week5,352.0 Little Rocky Run - 50.0 Herndon
Little Rocky Run,Week3,Fairfax,Week1,224.0 Little Rocky Run - 178.0 Fairfax
Little Rocky Run,Week3,Dowden Terrace,Week5,248.5 Little Rocky Run - 153.5 Dowden Terrace
Long Branch,Week5,Rolling Forest,Week1,225.0 Rolling Forest - 177.0 Long Branch
Little Rocky Run,Week1,Sleepy Hollow B & R,Week2,231.0 Little Rocky Run - 171.0 Sleepy Hollow B & R
Long Branch,Week4,Lincolnia Park,Week2,296.0 Long Branch - 97.0 Lincolnia Park
Little Rocky Run,Week2,Herndon,Week2,361.0 Little Rocky Run - 41.0 Herndon
Little Rocky Run,Week5,Hollin Meadows,Week1,278.0 Little Rocky Run - 124.0 Hollin Meadows
Little Rocky Run,Week4,Dowden Terrace,Week2,257.0 Little Rocky Run - 145.0 Dowden Terrace
Little Rocky Run,Week4,Hollin Meadows,Week1,262.0 Little Rocky Run - 140.0 Hollin Meadows
Little Rocky Run,Week4,Lee Graham,Week3,226.0 Lee Graham - 176.0 Little Rocky Run
Little Rocky Run,Week2,Herndon,Week1,358.0 Little Rocky Run - 44.0 Herndon
Little Rocky Run,Week3,Overlee,Week1,266.0 Overlee - 136.0 Little Rocky Run
Little Rocky Run,Week1,Fairfax,Week1,203.0 Little Rocky Run - 199.0 Fairfax
Little Rocky Run,Week4,Fair Oaks ,Week2,295.0 Little Rocky Run - 107.0 Fair Oaks
Long Branch,Week3,Lincolnia Park,Week3,240.0 Long Branch - 153.0 Lincolnia Park
Little Rocky Run,Week3,Lee Graham,Week2,210.0 Lee Graham - 192.0 Little Rocky Run
Little Rocky Run,Week3,Hollin Meadows,Week4,273.0 Little Rocky Run - 129.0 Hollin Meadows
Little Rocky Run,Week3,Dowden Terrace,Week2,269.0 Little Rocky Run - 133.0 Dowden Terrace
Little Rocky Run,Week2,Sleepy Hollow B & R,Week1,249.0 Little Rocky Run - 153.0 Sleepy Hollow B & R
Long Branch,Week3,Rolling Hills,Week5,215.0 Rolling Hills - 187.0 Long Branch
Long Branch,Week5,Rolling Forest,Week3,224.0 Rolling Forest - 178.0 Long Branch
Little Rocky Run,Week5,Fair Oaks ,Week5,252.0 Little Rocky Run - 150.0 Fair Oaks
Little Rocky Run,Week3,Overlee,Week3,267.0 Overlee - 135.0 Little Rocky Run
Long Branch,Week2,Rolling Hills,Week2,207.0 Rolling Hills - 195.0 Long Branch
Long Branch,Week5,Lincolnia Park,Week1,301.0 Long Branch - 101.0 Lincolnia Park
Little Rocky Run,Week5,Hollin Meadows,Week3,282.0 Little Rocky Run - 120.0 Hollin Meadows
Little Rocky Run,Week5,Holmes Run Acres,Week1,304.5 Little Rocky Run - 97.5 Holmes Run Acres
Little Rocky Run,Week2,Lee Graham,Week4,226.0 Lee Graham - 176.0 Little Rocky Run
Long Branch,Week3,Chesterbrook,Week5,373.0 Chesterbrook - 29.0 Long Branch
Long Branch,Week1,Rolling Hills,Week3,201.0 Rolling Hills - 196.0 Long Branch
Little Rocky Run,Week3,Fairfax,Week4,220.0 Little Rocky Run - 182.0 Fairfax
Little Rocky Run,Week4,Orange Hunt,Week5,219.0 Little Rocky Run - 183.0 Orange Hunt
Little Rocky Run,Week2,Lee Graham,Week2,230.0 Lee Graham - 172.0 Little Rocky Run
Long Branch,Week2,Chesterbrook,Week3,373.0 Chesterbrook - 29.0 Long Branch
Long Branch,Week5,Lincolnia Park,Week4,296.0 Long Branch - 105.0 Lincolnia Park
Little Rocky Run,Week5,Dowden Terrace,Week1,299.5 Little Rocky Run - 102.5 Dowden Terrace
Little Rocky Run,Week4,Dunn Loring,Week5,228.0 Dunn Loring - 174.0 Little Rocky Run
Little Rocky Run,Week4,Fairfax,Week1,211.0 Little Rocky Run - 191.0 Fairfax
Little Rocky Run,Week4,Fairfax,Week2,206.0 Fairfax - 196.0 Little Rocky Run
Little Rocky Run,Week2,Herndon,Week5,362.5 Little Rocky Run - 39.5 Herndon
Long Branch,Week5,Lincolnia Park,Week5,267.0 Long Branch - 125.0 Lincolnia Park
Long Branch,Week2,Rolling Hills,Week5,208.0 Long Branch - 194.0 Rolling Hills
Little Rocky Run,Week2,Lincolnia Park,Week4,351.0 Little Rocky Run - 51.0 Lincolnia Park
Little Rocky Run,Week1,Sleepy Hollow B & R,Week1,247.0 Little Rocky Run - 155.0 Sleepy Hollow B & R
Little Rocky Run,Week5,Orange Hunt,Week2,257.0 Little Rocky Run - 145.0 Orange Hunt
Little Rocky Run,Week5,Hollin Meadows,Week2,280.0 Little Rocky Run - 122.0 Hollin Meadows
Little Rocky Run,Week2,Herndon,Week4,362.0 Little Rocky Run - 40.0 Herndon
Long Branch,Week4,Chesterbrook,Week1,359.0 Chesterbrook - 43.0 Long Branch
Little Rocky Run,Week2,Herndon,Week3,357.5 Little Rocky Run - 44.5 Herndon
Little Rocky Run,Week4,Sleepy Hollow B & R,Week1,261.0 Little Rocky Run - 141.0 Sleepy Hollow B & R
Long Branch,Week3,Chesterbrook,Week4,375.0 Chesterbrook - 27.0 Long Branch
Little Rocky Run,Week4,Sleepy Hollow B & R,Week2,244.0 Little Rocky Run - 158.0 Sleepy Hollow B & R
Little Rocky Run,Week5,Dowden Terrace,Week2,278.0 Little Rocky Run - 124.0 Dowden Terrace
Little Rocky Run,Week4,Lee Graham,Week4,225.0 Lee Graham - 177.0 Little Rocky Run
Little Rocky Run,Week4,Sleepy Hollow B & R,Week5,205.0 Little Rocky Run - 197.0 Sleepy Hollow B & R
Long Branch,Week1,Little Hunting Park,Week4,227.0 Long Branch - 174.0 Little Hunting Park
Little Rocky Run,Week4,Overlee,Week3,271.0 Overlee - 131.0 Little Rocky Run
Little Rocky Run,Week5,Sleepy Hollow B & R,Week3,259.0 Little Rocky Run - 143.0 Sleepy Hollow B & R
Little Rocky Run,Week4,Fairfax,Week4,203.0 Little Rocky Run - 199.0 Fairfax
Little Rocky Run,Week5,Lee Graham,Week4,202.0 Lee Graham - 200.0 Little Rocky Run
Little Rocky Run,Week3,Overlee,Week5,323.0 Overlee - 79.0 Little Rocky Run
Little Rocky Run,Week4,Overlee,Week2,284.0 Overlee - 118.0 Little Rocky Run
Little Rocky Run,Week3,Herndon,Week3,364.0 Little Rocky Run - 38.0 Herndon
Long Branch,Week1,Rolling Hills,Week1,216.0 Rolling Hills - 185.0 Long Branch
Long Branch,Week1,Little Hunting Park,Week3,225.0 Long Branch - 177.0 Little Hunting Park
Little Rocky Run,Week3,Holmes Run Acres,Week1,294.0 Little Rocky Run - 108.0 Holmes Run Acres
Little Rocky Run,Week5,Herndon,Week2,368.0 Little Rocky Run - 29.0 Herndon
Little Rocky Run,Week5,Sleepy Hollow B & R,Week5,236.0 Little Rocky Run - 166.0 Sleepy Hollow B & R
Long Branch,Week2,Commonwealth,Week2,208.0 Commonwealth - 194.0 Long Branch
Little Rocky Run,Week2,Fairfax Club Estates,Week4,276.0 Little Rocky Run - 126.0 Fairfax Club Estates
Long Branch,Week4,Commonwealth,Week2,204.0 Commonwealth - 198.0 Long Branch
Long Branch,Week3,Rolling Hills,Week4,219.0 Rolling Hills - 182.0 Long Branch
Long Branch,Week2,Little Hunting Park,Week1,226.0 Long Branch - 172.0 Little Hunting Park
Long Branch,Week1,Little Hunting Park,Week2,211.0 Long Branch - 189.0 Little Hunting Park
Little Rocky Run,Week5,Dowden Terrace,Week5,260.0 Little Rocky Run - 142.0 Dowden Terrace
Long Branch,Week4,Rolling Hills,Week2,215.0 Rolling Hills - 187.0 Long Branch
Little Rocky Run,Week5,Herndon,Week3,365.0 Little Rocky Run - 32.0 Herndon
Little Rocky Run,Week4,Overlee,Week5,320.0 Overlee - 82.0 Little Rocky Run
Long Branch,Week5,Cardinal Hill,Week5,272.0 Cardinal Hill - 129.0 Long Branch
Little Rocky Run,Week5,Dunn Loring,Week4,203.0 Little Rocky Run - 199.0 Dunn Loring
Little Rocky Run,Week4,Fairfax,Week3,212.0 Fairfax - 190.0 Little Rocky Run
Little Rocky Run,Week2,Holmes Run Acres,Week2,261.0 Little Rocky Run - 141.0 Holmes Run Acres
Little Rocky Run,Week4,Lee Graham,Week2,216.0 Lee Graham - 186.0 Little Rocky Run
Little Rocky Run,Week3,Dunn Loring,Week2,207.0 Dunn Loring - 195.0 Little Rocky Run
Little Rocky Run,Week1,Hunt Valley,Week1,203.0 Hunt Valley - 199.0 Little Rocky Run
Little Rocky Run,Week2,Dunn Loring,Week5,239.0 Dunn Loring - 163.0 Little Rocky Run
Little Rocky Run,Week4,Herndon,Week4,372.0 Little Rocky Run - 30.0 Herndon
Long Branch,Week4,Rolling Hills,Week3,204.0 Long Branch - 198.0 Rolling Hills
Little Rocky Run,Week4,Herndon,Week2,362.0 Little Rocky Run - 40.0 Herndon
Little Rocky Run,Week3,Dunn Loring,Week5,225.0 Dunn Loring - 177.0 Little Rocky Run
Little Rocky Run,Week1,Sleepy Hollow Rec,Week2,337.0 Little Rocky Run - 65.0 Sleepy Hollow Rec
Little Rocky Run,Week2,Lincolnia Park,Week1,340.0 Little Rocky Run - 62.0 Lincolnia Park
Little Rocky Run,Week1,Dunn Loring,Week4,215.0 Dunn Loring - 187.0 Little Rocky Run
Long Branch,Week2,Little Hunting Park,Week3,239.0 Long Branch - 163.0 Little Hunting Park
Little Rocky Run,Week1,Sleepy Hollow Rec,Week1,329.0 Little Rocky Run - 73.0 Sleepy Hollow Rec
Little Rocky Run,Week1,Hunt Valley,Week4,207.0 Hunt Valley - 195.0 Little Rocky Run
Little Rocky Run,Week3,Fairfax Club Estates,Week3,318.0 Little Rocky Run - 84.0 Fairfax Club Estates
Little Rocky Run,Week1,Hunt Valley,Week5,228.5 Hunt Valley - 173.5 Little Rocky Run
Little Rocky Run,Week1,Holmes Run Acres,Week4,262.0 Little Rocky Run - 140.0 Holmes Run Acres
Long Branch,Week4,Commonwealth,Week4,220.0 Long Branch - 182.0 Commonwealth
Long Branch,Week4,Commonwealth,Week5,208.0 Long Branch - 194.0 Commonwealth
Little Rocky Run,Week5,Overlee,Week5,302.0 Overlee - 100.0 Little Rocky Run
Long Branch,Week2,Little Hunting Park,Week2,220.0 Long Branch - 181.0 Little Hunting Park
Long Branch,Week5,Commonwealth,Week2,201.0 Commonwealth - 201.0 Long Branch
Little Rocky Run,Week4,Fairfax Club Estates,Week5,303.5 Little Rocky Run - 98.5 Fairfax Club Estates
Little Rocky Run,Week1,Holmes Run Acres,Week1,270.5 Little Rocky Run - 131.5 Holmes Run Acres
Little Rocky Run,Week2,Lee Graham,Week3,231.0 Lee Graham - 171.0 Little Rocky Run
Little Rocky Run,Week5,Overlee,Week4,308.0 Overlee - 94.0 Little Rocky Run
Little Rocky Run,Week4,Fairfax Club Estates,Week2,307.0 Little Rocky Run - 95.0 Fairfax Club Estates
Long Branch,Week5,Rolling Hills,Week3,204.0 Long Branch - 198.0 Rolling Hills
Little Rocky Run,Week1,Somerset-Olde Creek,Week3,349.0 Little Rocky Run - 53.0 Somerset-Olde Creek
Long Branch,Week3,Rolling Hills,Week1,228.0 Rolling Hills - 174.0 Long Branch
Little Rocky Run,Week3,Lee Graham,Week1,217.0 Lee Graham - 185.0 Little Rocky Run
Little Rocky Run,Week3,Lee Graham,Week3,203.0 Lee Graham - 199.0 Little Rocky Run
Long Branch,Week1,Little Hunting Park,Week5,204.0 Little Hunting Park - 197.0 Long Branch
Little Rocky Run,Week2,Somerset-Olde Creek,Week2,355.0 Little Rocky Run - 47.0 Somerset-Olde Creek
Little Rocky Run,Week5,Fairfax Club Estates,Week3,320.0 Little Rocky Run - 82.0 Fairfax Club Estates
Little Rocky Run,Week5,Overlee,Week2,259.0 Overlee - 143.0 Little Rocky Run
Long Branch,Week5,Rolling Hills,Week2,210.0 Rolling Hills - 192.0 Long Branch
Little Rocky Run,Week5,Herndon,Week4,363.0 Little Rocky Run - 39.0 Herndon
Little Rocky Run,Week3,Herndon,Week2,365.0 Little Rocky Run - 37.0 Herndon
Little Rocky Run,Week5,Dowden Terrace,Week4,284.0 Little Rocky Run - 113.0 Dowden Terrace
Little Rocky Run,Week1,Parliament,Week3,273.0 Little Rocky Run - 129.0 Parliament
Long Branch,Week1,Rolling Valley,Week1,257.0 Long Branch - 145.0 Rolling Valley
Little Rocky Run,Week2,Holmes Run Acres,Week1,262.0 Little Rocky Run - 140.0 Holmes Run Acres
Long Branch,Week2,Little Hunting Park,Week4,225.0 Long Branch - 176.0 Little Hunting Park
Little Rocky Run,Week2,Fairfax Club Estates,Week2,307.0 Little Rocky Run - 95.0 Fairfax Club Estates
Little Rocky Run,Week3,Lee Graham,Week5,223.0 Lee Graham - 179.0 Little Rocky Run
Little Rocky Run,Week3,Fairfax Club Estates,Week5,310.0 Little Rocky Run - 92.0 Fairfax Club Estates
Little Rocky Run,Week1,Parklawn,Week1,313.0 Little Rocky Run - 80.0 Parklawn
Little Rocky Run,Week3,Dunn Loring,Week1,225.0 Little Rocky Run - 177.0 Dunn Loring
Little Rocky Run,Week4,Lee Graham,Week5,237.0 Lee Graham - 165.0 Little Rocky Run
Little Rocky Run,Week1,Hiddenbrook,Week3,295.0 Little Rocky Run - 107.0 Hiddenbrook
Long Branch,Week1,Cottontail,Week4,218.0 Cottontail - 174.0 Long Branch
Little Rocky Run,Week4,Dunn Loring,Week1,221.0 Little Rocky Run - 181.0 Dunn Loring
Long Branch,Week5,Rolling Hills,Week5,219.5 Long Branch - 182.5 Rolling Hills
Long Branch,Week1,Commonwealth,Week1,223.0 Long Branch - 172.0 Commonwealth
Little Rocky Run,Week3,Lee Graham,Week4,221.0 Lee Graham - 181.0 Little Rocky Run
Long Branch,Week3,Little Hunting Park,Week1,218.0 Long Branch - 183.0 Little Hunting Park
Long Branch,Week5,Rolling Hills,Week4,218.0 Long Branch - 180.0 Rolling Hills
Long Branch,Week2,Cottontail,Week1,224.5 Cottontail - 177.5 Long Branch
Little Rocky Run,Week2,Dunn Loring,Week1,202.0 Dunn Loring - 200.0 Little Rocky Run
Little Rocky Run,Week3,Holmes Run Acres,Week3,251.0 Little Rocky Run - 151.0 Holmes Run Acres
Little Rocky Run,Week2,Parklawn,Week2,323.0 Little Rocky Run - 79.0 Parklawn
Long Branch,Week2,Little Hunting Park,Week5,205.0 Little Hunting Park - 197.0 Long Branch
Little Rocky Run,Week1,Holmes Run Acres,Week3,226.0 Little Rocky Run - 176.0 Holmes Run Acres
Little Rocky Run,Week4,Sleepy Hollow Rec,Week3,330.0 Little Rocky Run - 72.0 Sleepy Hollow Rec
Little Rocky Run,Week1,Hiddenbrook,Week1,299.0 Little Rocky Run - 103.0 Hiddenbrook
Little Rocky Run,Week1,Fairfax Club Estates,Week4,279.0 Little Rocky Run - 123.0 Fairfax Club Estates
Little Rocky Run,Week4,Sleepy Hollow Rec,Week5,321.0 Little Rocky Run - 81.0 Sleepy Hollow Rec
Long Branch,Week3,Commonwealth,Week3,213.0 Commonwealth - 188.0 Long Branch
Little Rocky Run,Week5,Herndon,Week5,370.0 Little Rocky Run - 32.0 Herndon
Little Rocky Run,Week2,Sleepy Hollow Rec,Week3,315.0 Little Rocky Run - 87.0 Sleepy Hollow Rec
Little Rocky Run,Week4,Parklawn,Week2,325.0 Little Rocky Run - 77.0 Parklawn
Little Rocky Run,Week3,Parklawn,Week3,336.0 Little Rocky Run - 66.0 Parklawn
Long Branch,Week3,Little Hunting Park,Week5,214.0 Little Hunting Park - 184.0 Long Branch
Little Rocky Run,Week5,Brandywine,Week5,261.0 Little Rocky Run - 141.0 Brandywine
Little Rocky Run,Week1,Hiddenbrook,Week4,298.0 Little Rocky Run - 104.0 Hiddenbrook
Little Rocky Run,Week4,Dunn Loring,Week3,228.0 Dunn Loring - 174.0 Little Rocky Run
Long Branch,Week2,Rolling Valley,Week3,250.0 Long Branch - 152.0 Rolling Valley
Little Rocky Run,Week5,Sleepy Hollow Rec,Week3,328.5 Little Rocky Run - 73.5 Sleepy Hollow Rec
Long Branch,Week5,Commonwealth,Week4,222.0 Long Branch - 180.0 Commonwealth
Little Rocky Run,Week2,Sleepy Hollow Rec,Week2,340.0 Little Rocky Run - 62.0 Sleepy Hollow Rec
Little Rocky Run,Week3,Holmes Run Acres,Week5,242.0 Little Rocky Run - 160.0 Holmes Run Acres
Long Branch,Week1,Commonwealth,Week3,215.0 Commonwealth - 187.0 Long Branch
Long Branch,Week1,Rutherford,Week4,223.0 Long Branch - 179.0 Rutherford
Little Rocky Run,Week4,Holmes Run Acres,Week4,269.0 Little Rocky Run - 133.0 Holmes Run Acres
Long Branch,Week5,Little Hunting Park,Week1,245.0 Long Branch - 153.0 Little Hunting Park
Little Rocky Run,Week4,Herndon,Week3,370.0 Little Rocky Run - 32.0 Herndon
Long Branch,Week1,Rolling Valley,Week3,238.0 Long Branch - 164.0 Rolling Valley
Little Rocky Run,Week1,Dunn Loring,Week5,223.0 Dunn Loring - 179.0 Little Rocky Run
Little Rocky Run,Week2,Hiddenbrook,Week1,305.0 Little Rocky Run - 97.0 Hiddenbrook
Little Rocky Run,Week3,Brandywine,Week2,269.0 Little Rocky Run - 133.0 Brandywine
Little Rocky Run,Week4,Dowden Terrace,Week5,232.5 Little Rocky Run - 169.5 Dowden Terrace
Little Rocky Run,Week5,Lee Graham,Week3,205.0 Little Rocky Run - 197.0 Lee Graham
Little Rocky Run,Week3,Sleepy Hollow Rec,Week2,341.0 Little Rocky Run - 61.0 Sleepy Hollow Rec
Little Rocky Run,Week5,Fairfax Club Estates,Week5,316.0 Little Rocky Run - 86.0 Fairfax Club Estates
Little Rocky Run,Week3,Holmes Run Acres,Week4,283.0 Little Rocky Run - 119.0 Holmes Run Acres
Little Rocky Run,Week2,Lee Graham,Week5,268.0 Lee Graham - 134.0 Little Rocky Run
Little Rocky Run,Week5,Brandywine,Week3,263.0 Little Rocky Run - 139.0 Brandywine
Little Rocky Run,Week5,Fairfax,Week5,204.0 Little Rocky Run - 198.0 Fairfax
Little Rocky Run,Week1,Parklawn,Week3,318.0 Little Rocky Run - 84.0 Parklawn
Long Branch,Week2,Commonwealth,Week4,221.0 Long Branch - 181.0 Commonwealth
Little Rocky Run,Week5,Fairfax Club Estates,Week4,305.0 Little Rocky Run - 97.0 Fairfax Club Estates
Long Branch,Week3,Little Hunting Park,Week4,206.0 Long Branch - 195.0 Little Hunting Park
Little Rocky Run,Week1,Lincolnia Park,Week1,339.0 Little Rocky Run - 63.0 Lincolnia Park
Little Rocky Run,Week1,Parliament,Week1,250.0 Little Rocky Run - 152.0 Parliament
Long Branch,Week4,Little Hunting Park,Week1,239.0 Long Branch - 162.0 Little Hunting Park
Long Branch,Week4,Little Hunting Park,Week5,206.0 Long Branch - 196.0 Little Hunting Park
Little Rocky Run,Week3,Sleepy Hollow Rec,Week4,347.0 Little Rocky Run - 55.0 Sleepy Hollow Rec
Little Rocky Run,Week2,Dunn Loring,Week4,232.0 Dunn Loring - 170.0 Little Rocky Run
Little Rocky Run,Week3,Dunn Loring,Week4,217.0 Dunn Loring - 185.0 Little Rocky Run
Little Rocky Run,Week2,Brandywine,Week1,269.0 Little Rocky Run - 133.0 Brandywine
Little Rocky Run,Week1,Parklawn,Week4,302.0 Little Rocky Run - 99.0 Parklawn
Long Branch,Week5,Little Hunting Park,Week5,207.0 Long Branch - 195.0 Little Hunting Park
Long Branch,Week2,Rutherford,Week1,251.0 Long Branch - 150.0 Rutherford
Little Rocky Run,Week5,Brandywine,Week1,291.0 Little Rocky Run - 111.0 Brandywine
Little Rocky Run,Week5,Holmes Run Acres,Week3,270.0 Little Rocky Run - 132.0 Holmes Run Acres
Little Rocky Run,Week2,Hiddenbrook,Week2,316.0 Little Rocky Run - 86.0 Hiddenbrook
Long Branch,Week5,Chesterbrook,Week5,361.0 Chesterbrook - 41.0 Long Branch
Little Rocky Run,Week5,Sleepy Hollow Rec,Week4,359.0 Little Rocky Run - 43.0 Sleepy Hollow Rec
Little Rocky Run,Week2,Parklawn,Week3,325.0 Little Rocky Run - 77.0 Parklawn
Little Rocky Run,Week1,Little Hunting Park,Week3,294.0 Little Rocky Run - 108.0 Little Hunting Park
Little Rocky Run,Week4,Brandywine,Week3,248.0 Little Rocky Run - 154.0 Brandywine
Little Rocky Run,Week5,Dunn Loring,Week1,237.0 Little Rocky Run - 165.0 Dunn Loring
Little Rocky Run,Week5,Fairfax,Week2,208.0 Little Rocky Run - 194.0 Fairfax
Little Rocky Run,Week2,Fairfax Club Estates,Week5,299.0 Little Rocky Run - 103.0 Fairfax Club Estates
Long Branch,Week1,Commonwealth,Week4,216.0 Long Branch - 186.0 Commonwealth
Long Branch,Week1,Little Rocky Run,Week1,298.0 Little Rocky Run - 99.0 Long Branch
Little Rocky Run,Week2,Holmes Run Acres,Week3,221.0 Little Rocky Run - 181.0 Holmes Run Acres
Little Rocky Run,Week4,Lincolnia Park,Week4,349.0 Little Rocky Run - 53.0 Lincolnia Park
Long Branch,Week2,Rutherford,Week2,233.0 Long Branch - 168.0 Rutherford
Little Rocky Run,Week2,Fairfax Club Estates,Week3,311.0 Little Rocky Run - 91.0 Fairfax Club Estates
Little Rocky Run,Week5,Lincolnia Park,Week4,355.0 Little Rocky Run - 42.0 Lincolnia Park
Long Branch,Week2,Rutherford,Week3,225.0 Long Branch - 176.0 Rutherford
Little Rocky Run,Week3,Parklawn,Week2,333.0 Little Rocky Run - 69.0 Parklawn
Long Branch,Week3,Commonwealth,Week5,211.0 Commonwealth - 191.0 Long Branch
Little Rocky Run,Week5,Holmes Run Acres,Week4,295.0 Little Rocky Run - 107.0 Holmes Run Acres
Little Rocky Run,Week4,Dunn Loring,Week4,221.0 Dunn Loring - 181.0 Little Rocky Run
Little Rocky Run,Week5,Herndon,Week1,367.0 Little Rocky Run - 30.0 Herndon
Little Rocky Run,Week1,Hiddenbrook,Week2,311.0 Little Rocky Run - 91.0 Hiddenbrook
Little Rocky Run,Week4,Sleepy Hollow Rec,Week4,356.0 Little Rocky Run - 46.0 Sleepy Hollow Rec
Long Branch,Week2,Rolling Valley,Week5,245.0 Long Branch - 157.0 Rolling Valley
Little Rocky Run,Week3,Herndon,Week4,367.0 Little Rocky Run - 35.0 Herndon
Little Rocky Run,Week4,Brandywine,Week2,265.0 Little Rocky Run - 137.0 Brandywine
Little Rocky Run,Week1,Somerset-Olde Creek,Week1,348.0 Little Rocky Run - 53.0 Somerset-Olde Creek
Little Rocky Run,Week2,Holmes Run Acres,Week4,252.0 Little Rocky Run - 150.0 Holmes Run Acres
Long Branch,Week2,Commonwealth,Week1,228.0 Long Branch - 169.0 Commonwealth
Little Rocky Run,Week3,Sleepy Hollow Rec,Week3,317.0 Little Rocky Run - 85.0 Sleepy Hollow Rec
Little Rocky Run,Week1,Somerset-Olde Creek,Week2,349.0 Little Rocky Run - 53.0 Somerset-Olde Creek
Little Rocky Run,Week5,Dunn Loring,Week2,219.0 Little Rocky Run - 183.0 Dunn Loring
Little Rocky Run,Week4,Fairfax Club Estates,Week4,297.0 Little Rocky Run - 105.0 Fairfax Club Estates
Long Branch,Week1,Little Rocky Run,Week2,300.0 Little Rocky Run - 102.0 Long Branch
Little Rocky Run,Week4,Brandywine,Week1,273.0 Little Rocky Run - 129.0 Brandywine
Little Rocky Run,Week1,Little Hunting Park,Week2,308.0 Little Rocky Run - 94.0 Little Hunting Park
Little Rocky Run,Week5,Lincolnia Park,Week3,337.0 Little Rocky Run - 51.0 Lincolnia Park
Little Rocky Run,Week5,Parklawn,Week2,334.0 Little Rocky Run - 68.0 Parklawn
Little Rocky Run,Week2,Holmes Run Acres,Week5,214.0 Little Rocky Run - 188.0 Holmes Run Acres
Long Branch,Week3,Rolling Valley,Week5,231.5 Long Branch - 170.5 Rolling Valley
Little Rocky Run,Week2,Hiddenbrook,Week3,292.0 Little Rocky Run - 110.0 Hiddenbrook
Little Rocky Run,Week3,Parklawn,Week4,313.0 Little Rocky Run - 89.0 Parklawn
Long Branch,Week1,Little Rocky Run,Week4,300.0 Little Rocky Run - 102.0 Long Branch
Long Branch,Week5,Rolling Valley,Week3,261.0 Long Branch - 141.0 Rolling Valley
Little Rocky Run,Week5,Dowden Terrace,Week3,298.0 Little Rocky Run - 104.0 Dowden Terrace
Long Branch,Week5,Little Hunting Park,Week2,238.0 Long Branch - 163.0 Little Hunting Park
Long Branch,Week3,Cottontail,Week5,251.0 Cottontail - 151.0 Long Branch
Little Rocky Run,Week5,Fairfax Club Estates,Week1,314.0 Little Rocky Run - 88.0 Fairfax Club Estates
Little Rocky Run,Week2,Brandywine,Week3,227.0 Little Rocky Run - 175.0 Brandywine
Little Rocky Run,Week3,Herndon,Week5,374.0 Little Rocky Run - 28.0 Herndon
Long Branch,Week4,Commonwealth,Week1,246.0 Long Branch - 156.0 Commonwealth
Little Rocky Run,Week3,Little Hunting Park,Week4,321.0 Little Rocky Run - 81.0 Little Hunting Park
Little Rocky Run,Week5,Hollin Meadows,Week5,274.0 Little Rocky Run - 128.0 Hollin Meadows
Little Rocky Run,Week1,Fairfax Station,Week1,212.0 Fairfax Station - 190.0 Little Rocky Run
Long Branch,Week1,Little Rocky Run,Week5,315.0 Little Rocky Run - 82.0 Long Branch
Long Branch,Week1,Cottontail,Week3,208.0 Cottontail - 194.0 Long Branch
Little Rocky Run,Week1,Holmes Run Acres,Week2,272.0 Little Rocky Run - 130.0 Holmes Run Acres
Little Rocky Run,Week1,Somerset-Olde Creek,Week4,339.0 Little Rocky Run - 63.0 Somerset-Olde Creek
Little Rocky Run,Week4,Herndon,Week1,360.5 Little Rocky Run - 41.5 Herndon
Long Branch,Week1,Commonwealth,Week2,214.0 Commonwealth - 187.0 Long Branch
Little Rocky Run,Week5,Brandywine,Week2,284.0 Little Rocky Run - 118.0 Brandywine
Little Rocky Run,Week2,Dunn Loring,Week2,229.0 Dunn Loring - 173.0 Little Rocky Run
Little Rocky Run,Week4,Sleepy Hollow Rec,Week2,341.0 Little Rocky Run - 61.0 Sleepy Hollow Rec
Little Rocky Run,Week1,Parliament,Week2,273.0 Little Rocky Run - 129.0 Parliament
Little Rocky Run,Week4,Holmes Run Acres,Week2,283.0 Little Rocky Run - 119.0 Holmes Run Acres
Long Branch,Week3,Commonwealth,Week4,206.0 Long Branch - 195.0 Commonwealth
Little Rocky Run,Week4,Little Hunting Park,Week3,310.0 Little Rocky Run - 92.0 Little Hunting Park
Little Rocky Run,Week1,Fairfax Club Estates,Week5,295.0 Little Rocky Run - 107.0 Fairfax Club Estates
Little Rocky Run,Week1,Hiddenbrook,Week5,276.0 Little Rocky Run - 126.0 Hiddenbrook
Little Rocky Run,Week2,Parklawn,Week5,301.0 Little Rocky Run - 101.0 Parklawn
Little Rocky Run,Week4,Lincolnia Park,Week1,346.0 Little Rocky Run - 56.0 Lincolnia Park
Little Rocky Run,Week2,Brandywine,Week2,257.0 Little Rocky Run - 145.0 Brandywine
Little Rocky Run,Week1,Holmes Run Acres,Week5,231.0 Little Rocky Run - 171.0 Holmes Run Acres
Little Rocky Run,Week3,Fairfax Club Estates,Week1,309.0 Little Rocky Run - 93.0 Fairfax Club Estates
Little Rocky Run,Week4,Fairfax Club Estates,Week1,300.0 Little Rocky Run - 102.0 Fairfax Club Estates
Little Rocky Run,Week5,Sleepy Hollow Rec,Week2,349.5 Little Rocky Run - 52.5 Sleepy Hollow Rec
Little Rocky Run,Week4,Little Hunting Park,Week1,327.0 Little Rocky Run - 75.0 Little Hunting Park
Little Rocky Run,Week5,Parklawn,Week1,336.0 Little Rocky Run - 57.0 Parklawn
Little Rocky Run,Week1,Dunn Loring,Week1,209.0 Little Rocky Run - 193.0 Dunn Loring
Long Branch,Week3,Little Hunting Park,Week3,212.0 Long Branch - 190.0 Little Hunting Park
Long Branch,Week1,Rolling Valley,Week5,233.5 Long Branch - 168.5 Rolling Valley
Little Rocky Run,Week4,Brandywine,Week4,262.0 Little Rocky Run - 140.0 Brandywine
Little Rocky Run,Week3,Dunn Loring,Week3,219.0 Dunn Loring - 183.0 Little Rocky Run
Little Rocky Run,Week2,Hiddenbrook,Week4,294.0 Little Rocky Run - 108.0 Hiddenbrook
Long Branch,Week1,Rutherford,Week3,223.0 Long Branch - 178.0 Rutherford
Long Branch,Week2,Rolling Valley,Week1,276.0 Long Branch - 126.0 Rolling Valley
Long Branch,Week5,Little Hunting Park,Week3,249.0 Long Branch - 153.0 Little Hunting Park
Long Branch,Week2,Little Rocky Run,Week2,291.0 Little Rocky Run - 111.0 Long Branch
Little Rocky Run,Week5,Fairfax,Week1,239.5 Little Rocky Run - 162.5 Fairfax
Little Rocky Run,Week4,Lincolnia Park,Week2,351.0 Little Rocky Run - 42.0 Lincolnia Park
Little Rocky Run,Week1,Highland Park,Week5,245.0 Little Rocky Run - 157.0 Highland Park
Little Rocky Run,Week5,Fairfax,Week4,231.0 Little Rocky Run - 171.0 Fairfax
Long Branch,Week2,Commonwealth,Week5,204.0 Long Branch - 198.0 Commonwealth
Little Rocky Run,Week5,Brandywine,Week4,278.0 Little Rocky Run - 124.0 Brandywine
Little Rocky Run,Week3,Fox Hunt,Week1,287.0 Little Rocky Run - 115.0 Fox Hunt
Little Rocky Run,Week1,Dunn Loring,Week3,237.0 Dunn Loring - 165.0 Little Rocky Run
Little Rocky Run,Week1,Fairfax Club Estates,Week1,306.0 Little Rocky Run - 96.0 Fairfax Club Estates
Long Branch,Week5,Rolling Valley,Week1,281.5 Long Branch - 120.5 Rolling Valley
Little Rocky Run,Week5,Lincolnia Park,Week5,335.5 Little Rocky Run - 57.5 Lincolnia Park
Little Rocky Run,Week4,Holmes Run Acres,Week1,282.0 Little Rocky Run - 120.0 Holmes Run Acres
Long Branch,Week3,Rolling Valley,Week2,236.0 Long Branch - 166.0 Rolling Valley
Little Rocky Run,Week4,Holmes Run Acres,Week3,241.0 Little Rocky Run - 161.0 Holmes Run Acres
Long Branch,Week1,Commonwealth,Week5,209.0 Commonwealth - 193.0 Long Branch
Little Rocky Run,Week2,Sleepy Hollow Rec,Week1,331.0 Little Rocky Run - 71.0 Sleepy Hollow Rec
Long Branch,Week2,Commonwealth,Week3,205.0 Commonwealth - 197.0 Long Branch
Long Branch,Week4,Rolling Valley,Week4,246.0 Long Branch - 156.0 Rolling Valley
Little Rocky Run,Week4,Parklawn,Week4,306.0 Little Rocky Run - 96.0 Parklawn
Little Rocky Run,Week3,Brandywine,Week3,245.0 Little Rocky Run - 157.0 Brandywine
Little Rocky Run,Week1,Parklawn,Week5,305.0 Little Rocky Run - 92.0 Parklawn
Little Rocky Run,Week4,Holmes Run Acres,Week5,230.0 Little Rocky Run - 172.0 Holmes Run Acres
Long Branch,Week5,Little Hunting Park,Week4,230.0 Long Branch - 171.0 Little Hunting Park
Little Rocky Run,Week3,Brandywine,Week4,262.0 Little Rocky Run - 140.0 Brandywine
Little Rocky Run,Week2,Dunn Loring,Week3,236.0 Dunn Loring - 166.0 Little Rocky Run
Long Branch,Week2,Little Rocky Run,Week1,289.0 Little Rocky Run - 113.0 Long Branch
Little Rocky Run,Week2,Little Hunting Park,Week2,305.0 Little Rocky Run - 97.0 Little Hunting Park
Little Rocky Run,Week5,Fox Hunt,Week1,300.0 Little Rocky Run - 102.0 Fox Hunt
Little Rocky Run,Week4,Parliament,Week1,256.0 Little Rocky Run - 146.0 Parliament
Little Rocky Run,Week2,Somerset-Olde Creek,Week3,356.0 Little Rocky Run - 46.0 Somerset-Olde Creek
Little Rocky Run,Week1,Somerset-Olde Creek,Week5,331.5 Little Rocky Run - 70.5 Somerset-Olde Creek
Little Rocky Run,Week1,Parklawn,Week2,317.0 Little Rocky Run - 85.0 Parklawn
Little Rocky Run,Week4,Herndon,Week5,369.0 Little Rocky Run - 33.0 Herndon
Little Rocky Run,Week4,Highland Park,Week3,258.0 Little Rocky Run - 144.0 Highland Park
Little Rocky Run,Week1,Dunn Loring,Week2,230.0 Dunn Loring - 172.0 Little Rocky Run
Little Rocky Run,Week2,Sleepy Hollow Rec,Week4,335.5 Little Rocky Run - 66.5 Sleepy Hollow Rec
Little Rocky Run,Week3,Parklawn,Week5,314.0 Little Rocky Run - 88.0 Parklawn
Little Rocky Run,Week3,Lincolnia Park,Week4,357.0 Little Rocky Run - 44.0 Lincolnia Park
Little Rocky Run,Week4,Dunn Loring,Week2,215.0 Dunn Loring - 187.0 Little Rocky Run
Long Branch,Week2,Rolling Valley,Week4,247.0 Long Branch - 155.0 Rolling Valley
Little Rocky Run,Week3,Holmes Run Acres,Week2,299.0 Little Rocky Run - 103.0 Holmes Run Acres
Little Rocky Run,Week3,Sleepy Hollow Rec,Week5,331.0 Little Rocky Run - 71.0 Sleepy Hollow Rec
Little Rocky Run,Week1,Little Hunting Park,Week4,290.0 Little Rocky Run - 112.0 Little Hunting Park
Little Rocky Run,Week1,Brandywine,Week5,232.0 Little Rocky Run - 170.0 Brandywine
Little Rocky Run,Week1,Fairfax Club Estates,Week3,302.0 Little Rocky Run - 100.0 Fairfax Club Estates
Long Branch,Week4,Little Hunting Park,Week2,238.0 Long Branch - 164.0 Little Hunting Park
Little Rocky Run,Week1,Fairfax Club Estates,Week2,305.0 Little Rocky Run - 97.0 Fairfax Club Estates
Little Rocky Run,Week5,Dunn Loring,Week5,203.0 Little Rocky Run - 199.0 Dunn Loring
Long Branch,Week1,Rutherford,Week1,235.0 Long Branch - 165.0 Rutherford
Long Branch,Week3,Rolling Valley,Week4,216.0 Long Branch - 186.0 Rolling Valley
Little Rocky Run,Week1,Highlands Swim,Week1,248.0 Highlands Swim - 154.0 Little Rocky Run
Long Branch,Week3,Commonwealth,Week1,211.0 Long Branch - 190.0 Commonwealth
Little Rocky Run,Week5,Parklawn,Week3,342.0 Little Rocky Run - 60.0 Parklawn
Little Rocky Run,Week1,Fox Hunt,Week2,273.0 Little Rocky Run - 129.0 Fox Hunt
Little Rocky Run,Week1,Little Hunting Park,Week5,272.0 Little Rocky Run - 130.0 Little Hunting Park
Little Rocky Run,Week5,Holmes Run Acres,Week2,299.0 Little Rocky Run - 103.0 Holmes Run Acres
Little Rocky Run,Week5,Fox Hunt,Week3,283.0 Little Rocky Run - 119.0 Fox Hunt
Long Branch,Week5,Chesterbrook,Week3,361.0 Chesterbrook - 41.0 Long Branch
Little Rocky Run,Week1,Bren Mar-Edsall Park,Week2,380.0 Little Rocky Run - 22.0 Bren Mar-Edsall Park
Little Rocky Run,Week1,Bren Mar-Edsall Park,Week1,379.0 Little Rocky Run - 23.0 Bren Mar-Edsall Park
Little Rocky Run,Week5,Holmes Run Acres,Week5,252.0 Little Rocky Run - 150.0 Holmes Run Acres
Long Branch,Week2,Little Rocky Run,Week4,294.5 Little Rocky Run - 107.5 Long Branch
Little Rocky Run,Week5,Sleepy Hollow Rec,Week1,335.0 Little Rocky Run - 67.0 Sleepy Hollow Rec
Little Rocky Run,Week5,Dunn Loring,Week3,216.0 Dunn Loring - 186.0 Little Rocky Run
Little Rocky Run,Week3,Fox Hunt,Week3,264.0 Little Rocky Run - 138.0 Fox Hunt
Little Rocky Run,Week5,Highland Park,Week3,287.0 Little Rocky Run - 115.0 Highland Park
Little Rocky Run,Week5,Fairfax,Week3,203.0 Little Rocky Run - 199.0 Fairfax
Little Rocky Run,Week4,Parklawn,Week3,338.0 Little Rocky Run - 64.0 Parklawn
Little Rocky Run,Week2,Little Hunting Park,Week5,288.0 Little Rocky Run - 114.0 Little Hunting Park
Little Rocky Run,Week1,Bren Mar-Edsall Park,Week3,372.0 Little Rocky Run - 25.0 Bren Mar-Edsall Park
Little Rocky Run,Week4,Sleepy Hollow Rec,Week1,328.0 Little Rocky Run - 74.0 Sleepy Hollow Rec
Little Rocky Run,Week1,Hunt Valley,Week2,208.0 Little Rocky Run - 194.0 Hunt Valley
Long Branch,Week3,Commonwealth,Week2,233.0 Commonwealth - 169.0 Long Branch
Little Rocky Run,Week3,Parklawn,Week1,332.0 Little Rocky Run - 61.0 Parklawn
Little Rocky Run,Week3,Fairfax Club Estates,Week2,322.0 Little Rocky Run - 80.0 Fairfax Club Estates
Long Branch,Week4,Rolling Valley,Week5,250.0 Long Branch - 152.0 Rolling Valley
Little Rocky Run,Week1,Hunt Valley,Week3,209.0 Hunt Valley - 193.0 Little Rocky Run
Little Rocky Run,Week1,Fair Oaks ,Week5,228.0 Little Rocky Run - 174.0 Fair Oaks
Little Rocky Run,Week2,Hunt Valley,Week1,218.5 Hunt Valley - 183.5 Little Rocky Run
Little Rocky Run,Week3,Sleepy Hollow Rec,Week1,331.0 Little Rocky Run - 71.0 Sleepy Hollow Rec
Little Rocky Run,Week1,Bren Mar-Edsall Park,Week4,367.0 Little Rocky Run - 35.0 Bren Mar-Edsall Park
Little Rocky Run,Week1,Fair Oaks ,Week4,240.0 Little Rocky Run - 162.0 Fair Oaks
Little Rocky Run,Week3,Fox Hunt,Week5,261.0 Little Rocky Run - 141.0 Fox Hunt
Little Rocky Run,Week3,Little Hunting Park,Week1,327.0 Little Rocky Run - 75.0 Little Hunting Park
Long Branch,Week4,Commonwealth,Week3,206.0 Commonwealth - 196.0 Long Branch
Little Rocky Run,Week2,Brandywine,Week4,250.0 Little Rocky Run - 152.0 Brandywine
Little Rocky Run,Week2,Sleepy Hollow Rec,Week5,319.0 Little Rocky Run - 83.0 Sleepy Hollow Rec
Long Branch,Week1,Little Rocky Run,Week3,312.0 Little Rocky Run - 90.0 Long Branch
Little Rocky Run,Week3,Fox Hunt,Week4,273.0 Little Rocky Run - 129.0 Fox Hunt
Little Rocky Run,Week2,Highlands Swim,Week4,236.0 Highlands Swim - 166.0 Little Rocky Run
Long Branch,Week5,Chesterbrook,Week4,358.0 Chesterbrook - 44.0 Long Branch
Little Rocky Run,Week5,Highland Park,Week4,288.0 Little Rocky Run - 114.0 Highland Park
Long Branch,Week2,Rolling Valley,Week2,252.0 Long Branch - 150.0 Rolling Valley
Long Branch,Week4,Little Hunting Park,Week4,231.0 Long Branch - 171.0 Little Hunting Park
Little Rocky Run,Week2,Parklawn,Week1,318.0 Little Rocky Run - 75.0 Parklawn
Little Rocky Run,Week1,Fair Oaks ,Week2,269.0 Little Rocky Run - 133.0 Fair Oaks
Little Rocky Run,Week2,Highland Park,Week2,248.0 Little Rocky Run - 154.0 Highland Park
Long Branch,Week4,Little Hunting Park,Week3,241.0 Long Branch - 161.0 Little Hunting Park
Little Rocky Run,Week2,Fairfax Club Estates,Week1,293.0 Little Rocky Run - 109.0 Fairfax Club Estates
Little Rocky Run,Week5,Sleepy Hollow Rec,Week5,335.0 Little Rocky Run - 67.0 Sleepy Hollow Rec
Little Rocky Run,Week4,Parklawn,Week5,312.0 Little Rocky Run - 90.0 Parklawn
Little Rocky Run,Week2,Somerset-Olde Creek,Week4,355.0 Little Rocky Run - 47.0 Somerset-Olde Creek
Long Branch,Week5,Commonwealth,Week1,236.0 Long Branch - 166.0 Commonwealth
Little Rocky Run,Week3,Brandywine,Week1,277.0 Little Rocky Run - 125.0 Brandywine
Long Branch,Week3,Rolling Valley,Week3,235.0 Long Branch - 167.0 Rolling Valley
Long Branch,Week2,Little Rocky Run,Week3,309.0 Little Rocky Run - 93.0 Long Branch
Little Rocky Run,Week1,Highlands Swim,Week3,246.0 Highlands Swim - 156.0 Little Rocky Run
Long Branch,Week4,Rolling Valley,Week1,295.0 Long Branch - 107.0 Rolling Valley
Little Rocky Run,Week2,Parklawn,Week4,294.0 Little Rocky Run - 108.0 Parklawn
Little Rocky Run,Week4,Fairfax Club Estates,Week3,311.0 Little Rocky Run - 91.0 Fairfax Club Estates
Little Rocky Run,Week2,Fair Oaks ,Week3,237.0 Little Rocky Run - 165.0 Fair Oaks
Long Branch,Week5,Rolling Valley,Week4,256.0 Long Branch - 146.0 Rolling Valley
Long Branch,Week5,Commonwealth,Week3,209.0 Long Branch - 193.0 Commonwealth
Little Rocky Run,Week5,Fairfax Club Estates,Week2,318.0 Little Rocky Run - 84.0 Fairfax Club Estates
Little Rocky Run,Week2,Fox Hunt,Week2,262.5 Little Rocky Run - 139.5 Fox Hunt
Long Branch,Week5,Commonwealth,Week5,215.5 Long Branch - 186.5 Commonwealth
Little Rocky Run,Week1,Fox Hunt,Week4,251.5 Little Rocky Run - 150.5 Fox Hunt
Long Branch,Week3,Little Rocky Run,Week1,302.0 Little Rocky Run - 100.0 Long Branch
Little Rocky Run,Week3,Hunt Valley,Week3,212.0 Hunt Valley - 190.0 Little Rocky Run
Little Rocky Run,Week3,Fairfax Club Estates,Week4,305.0 Little Rocky Run - 97.0 Fairfax Club Estates
Long Branch,Week2,Little Rocky Run,Week5,310.0 Little Rocky Run - 92.0 Long Branch
Little Rocky Run,Week3,Highlands Swim,Week2,244.0 Highlands Swim - 158.0 Little Rocky Run
Little Rocky Run,Week4,Fox Hunt,Week2,274.0 Little Rocky Run - 128.0 Fox Hunt
Little Rocky Run,Week4,Brandywine,Week5,237.0 Little Rocky Run - 165.0 Brandywine
Little Rocky Run,Week1,Highlands Swim,Week4,237.0 Highlands Swim - 165.0 Little Rocky Run
Little Rocky Run,Week2,Brandywine,Week5,235.5 Little Rocky Run - 166.5 Brandywine
Little Rocky Run,Week2,Fair Oaks ,Week2,269.0 Little Rocky Run - 133.0 Fair Oaks
Little Rocky Run,Week2,Hunt Valley,Week3,221.0 Hunt Valley - 181.0 Little Rocky Run
Little Rocky Run,Week1,Fair Oaks ,Week1,246.0 Little Rocky Run - 156.0 Fair Oaks
Little Rocky Run,Week4,Parklawn,Week1,325.0 Little Rocky Run - 68.0 Parklawn
Little Rocky Run,Week3,Lincolnia Park,Week3,332.0 Little Rocky Run - 61.0 Lincolnia Park
Little Rocky Run,Week3,Lincolnia Park,Week1,352.0 Little Rocky Run - 49.0 Lincolnia Park
Little Rocky Run,Week2,Lincolnia Park,Week5,332.0 Little Rocky Run - 61.0 Lincolnia Park
Little Rocky Run,Week2,Somerset-Olde Creek,Week1,347.0 Little Rocky Run - 55.0 Somerset-Olde Creek
Little Rocky Run,Week2,Somerset-Olde Creek,Week5,334.0 Little Rocky Run - 68.0 Somerset-Olde Creek
Little Rocky Run,Week5,Hunt Valley,Week1,218.0 Little Rocky Run - 184.0 Hunt Valley
Little Rocky Run,Week5,Parklawn,Week5,325.0 Little Rocky Run - 77.0 Parklawn
Little Rocky Run,Week3,Lincolnia Park,Week5,340.0 Little Rocky Run - 53.0 Lincolnia Park
Little Rocky Run,Week5,Fairfax Station,Week5,219.0 Fairfax Station - 183.0 Little Rocky Run
Little Rocky Run,Week3,Highland Park,Week1,264.0 Little Rocky Run - 138.0 Highland Park
Little Rocky Run,Week2,Fairfax Station,Week2,225.0 Fairfax Station - 177.0 Little Rocky Run
Long Branch,Week1,Long Branch,Week5,213.0 Long Branch (LBR2) - 188.0 Long Branch (LBR1)
Little Rocky Run,Week3,Fairfax Station,Week2,206.5 Fairfax Station - 195.5 Little Rocky Run
Little Rocky Run,Week5,Forest Hollow,Week3,283.0 Little Rocky Run - 119.0 Forest Hollow
Little Rocky Run,Week1,Bren Mar-Edsall Park,Week5,372.0 Little Rocky Run - 25.0 Bren Mar-Edsall Park
Little Rocky Run,Week4,Lincolnia Park,Week3,324.5 Little Rocky Run - 68.5 Lincolnia Park
Little Rocky Run,Week2,Fair Oaks ,Week5,218.0 Little Rocky Run - 184.0 Fair Oaks
Little Rocky Run,Week5,Lincolnia Park,Week1,358.0 Little Rocky Run - 39.0 Lincolnia Park
Little Rocky Run,Week3,Somerset-Olde Creek,Week1,356.5 Little Rocky Run - 44.5 Somerset-Olde Creek
Long Branch,Week1,Cottontail,Week2,221.0 Cottontail - 181.0 Long Branch
Little Rocky Run,Week1,Fox Hunt,Week3,231.0 Little Rocky Run - 166.0 Fox Hunt
Long Branch,Week1,Cottontail,Week1,227.0 Cottontail - 175.0 Long Branch
Little Rocky Run,Week3,Hunter Mill,Week1,244.0 Little Rocky Run - 158.0 Hunter Mill
Long Branch,Week5,Rolling Valley,Week2,263.0 Long Branch - 139.0 Rolling Valley
Little Rocky Run,Week5,Highland Park,Week1,272.0 Little Rocky Run - 130.0 Highland Park
Little Rocky Run,Week1,Parliament,Week4,285.0 Little Rocky Run - 117.0 Parliament
Long Branch,Week1,Cottontail,Week5,235.0 Cottontail - 167.0 Long Branch
Little Rocky Run,Week5,Parklawn,Week4,319.0 Little Rocky Run - 83.0 Parklawn
Long Branch,Week4,Rolling Valley,Week3,263.0 Long Branch - 139.0 Rolling Valley
Little Rocky Run,Week2,Hunter Mill,Week4,208.0 Little Rocky Run - 194.0 Hunter Mill
Little Rocky Run,Week2,Fair Oaks ,Week4,244.0 Little Rocky Run - 158.0 Fair Oaks
Little Rocky Run,Week4,Forest Hollow,Week5,258.0 Little Rocky Run - 144.0 Forest Hollow
Little Rocky Run,Week3,Brandywine,Week5,243.0 Little Rocky Run - 159.0 Brandywine
Long Branch,Week3,Little Rocky Run,Week5,320.0 Little Rocky Run - 82.0 Long Branch
Long Branch,Week3,Little Rocky Run,Week4,311.0 Little Rocky Run - 91.0 Long Branch
Long Branch,Week4,Rolling Valley,Week2,256.0 Long Branch - 146.0 Rolling Valley
Little Rocky Run,Week3,Highland Park,Week3,272.0 Little Rocky Run - 130.0 Highland Park
Little Rocky Run,Week5,Forest Hollow,Week5,277.0 Little Rocky Run - 125.0 Forest Hollow
Little Rocky Run,Week1,Little Hunting Park,Week1,301.0 Little Rocky Run - 101.0 Little Hunting Park
Little Rocky Run,Week4,Highland Park,Week4,262.0 Little Rocky Run - 140.0 Highland Park
Long Branch,Week3,Long Branch,Week2,211.0 Long Branch (LBR2) - 191.0 Long Branch (LBR1)
Little Rocky Run,Week2,South Run,Week3,271.0 Little Rocky Run - 131.0 South Run
Little Rocky Run,Week2,Fox Hunt,Week3,240.0 Little Rocky Run - 162.0 Fox Hunt
Little Rocky Run,Week3,Somerset-Olde Creek,Week2,358.0 Little Rocky Run - 44.0 Somerset-Olde Creek
Little Rocky Run,Week2,Parliament,Week5,259.0 Little Rocky Run - 143.0 Parliament
Little Rocky Run,Week3,Parliament,Week1,273.0 Little Rocky Run - 129.0 Parliament
Little Rocky Run,Week3,Hunter Mill,Week4,235.0 Little Rocky Run - 167.0 Hunter Mill
Little Rocky Run,Week2,Hunt Valley,Week2,210.0 Hunt Valley - 192.0 Little Rocky Run
Little Rocky Run,Week4,Fairfax Station,Week5,243.0 Fairfax Station - 159.0 Little Rocky Run
Long Branch,Week2,Cottontail,Week3,207.0 Cottontail - 195.0 Long Branch
Long Branch,Week3,Rolling Valley,Week1,270.0 Long Branch - 132.0 Rolling Valley
Long Branch,Week1,Rutherford,Week2,231.5 Long Branch - 169.5 Rutherford
Long Branch,Week2,Cottontail,Week5,237.0 Cottontail - 165.0 Long Branch
Little Rocky Run,Week3,Fairfax Station,Week5,244.0 Fairfax Station - 158.0 Little Rocky Run
Little Rocky Run,Week3,Hunt Valley,Week5,208.0 Hunt Valley - 194.0 Little Rocky Run
Long Branch,Week4,Little Rocky Run,Week3,311.0 Little Rocky Run - 91.0 Long Branch
Little Rocky Run,Week3,Fair Oaks ,Week1,273.0 Little Rocky Run - 129.0 Fair Oaks
Little Rocky Run,Week5,Highland Park,Week2,287.0 Little Rocky Run - 115.0 Highland Park
Long Branch,Week2,Cottontail,Week2,216.0 Cottontail - 186.0 Long Branch
Little Rocky Run,Week2,Fair Oaks ,Week1,245.5 Little Rocky Run - 156.5 Fair Oaks
Little Rocky Run,Week2,Parliament,Week4,271.0 Little Rocky Run - 131.0 Parliament
Little Rocky Run,Week5,Lincolnia Park,Week2,357.0 Little Rocky Run - 31.0 Lincolnia Park
Little Rocky Run,Week3,Fairfax Station,Week1,205.0 Little Rocky Run - 197.0 Fairfax Station
Long Branch,Week4,Little Rocky Run,Week1,291.0 Little Rocky Run - 111.0 Long Branch
Long Branch,Week5,Rolling Valley,Week5,262.0 Long Branch - 140.0 Rolling Valley
Little Rocky Run,Week5,Forest Hollow,Week4,273.5 Little Rocky Run - 128.5 Forest Hollow
Little Rocky Run,Week1,Fair Oaks ,Week3,241.0 Little Rocky Run - 161.0 Fair Oaks
Little Rocky Run,Week4,Lincolnia Park,Week5,331.0 Little Rocky Run - 62.0 Lincolnia Park
Little Rocky Run,Week3,South Run,Week1,268.0 Little Rocky Run - 125.0 South Run
Little Rocky Run,Week5,Forest Hollow,Week1,272.0 Little Rocky Run - 130.0 Forest Hollow
Long Branch,Week3,Cottontail,Week3,223.0 Cottontail - 179.0 Long Branch
Little Rocky Run,Week2,Parliament,Week2,270.5 Little Rocky Run - 131.5 Parliament
Little Rocky Run,Week2,Highlands Swim,Week2,256.0 Highlands Swim - 146.0 Little Rocky Run
Little Rocky Run,Week1,Hunter Mill,Week1,217.0 Little Rocky Run - 185.0 Hunter Mill
Little Rocky Run,Week3,Hunt Valley,Week1,205.0 Little Rocky Run - 197.0 Hunt Valley
Long Branch,Week1,Rutherford,Week5,214.0 Long Branch - 187.0 Rutherford
Little Rocky Run,Week2,Hunt Valley,Week4,205.5 Hunt Valley - 196.5 Little Rocky Run
Little Rocky Run,Week1,Highland Park,Week4,238.0 Little Rocky Run - 164.0 Highland Park
Little Rocky Run,Week5,Somerset-Olde Creek,Week2,361.0 Little Rocky Run - 36.0 Somerset-Olde Creek
Little Rocky Run,Week2,Highland Park,Week3,253.0 Little Rocky Run - 149.0 Highland Park
Little Rocky Run,Week2,Little Hunting Park,Week4,298.0 Little Rocky Run - 104.0 Little Hunting Park
Little Rocky Run,Week2,Parliament,Week3,269.0 Little Rocky Run - 133.0 Parliament
Little Rocky Run,Week3,Parliament,Week4,302.5 Little Rocky Run - 99.5 Parliament
Little Rocky Run,Week3,South Run,Week4,288.0 Little Rocky Run - 114.0 South Run
Little Rocky Run,Week3,Somerset-Olde Creek,Week4,368.0 Little Rocky Run - 34.0 Somerset-Olde Creek
Little Rocky Run,Week3,Fox Hunt,Week2,289.0 Little Rocky Run - 113.0 Fox Hunt
Little Rocky Run,Week4,Hunt Valley,Week4,218.0 Hunt Valley - 184.0 Little Rocky Run
Long Branch,Week4,Little Rocky Run,Week5,310.5 Little Rocky Run - 91.5 Long Branch
Little Rocky Run,Week5,Fairfax Station,Week4,227.0 Little Rocky Run - 175.0 Fairfax Station
Little Rocky Run,Week3,Lincolnia Park,Week2,360.0 Little Rocky Run - 33.0 Lincolnia Park
Little Rocky Run,Week1,South Run,Week5,238.0 Little Rocky Run - 164.0 South Run
Long Branch,Week3,Cottontail,Week1,241.0 Cottontail - 161.0 Long Branch
Long Branch,Week5,Little Rocky Run,Week4,286.0 Little Rocky Run - 116.0 Long Branch
Long Branch,Week3,Cottontail,Week2,221.0 Cottontail - 181.0 Long Branch
Little Rocky Run,Week2,Little Hunting Park,Week1,307.0 Little Rocky Run - 95.0 Little Hunting Park
Long Branch,Week2,Shouse Village,Week1,235.0 Shouse Village - 167.0 Long Branch
Little Rocky Run,Week3,Fair Oaks ,Week2,279.0 Little Rocky Run - 123.0 Fair Oaks
Long Branch,Week2,Shouse Village,Week3,229.0 Shouse Village - 173.0 Long Branch
Little Rocky Run,Week4,Fairfax Station,Week2,209.0 Fairfax Station - 193.0 Little Rocky Run
Little Rocky Run,Week4,Fox Hunt,Week3,253.0 Little Rocky Run - 149.0 Fox Hunt
Little Rocky Run,Week1,Fairfax Station,Week4,208.0 Fairfax Station - 194.0 Little Rocky Run
Little Rocky Run,Week1,Fox Hunt,Week1,273.0 Little Rocky Run - 129.0 Fox Hunt
Long Branch,Week1,Long Branch,Week3,205.0 Long Branch (LBR1) - 197.0 Long Branch (LBR2)
Little Rocky Run,Week1,Highlands Swim,Week5,251.0 Highlands Swim - 151.0 Little Rocky Run
Little Rocky Run,Week4,Fox Hunt,Week4,269.0 Little Rocky Run - 133.0 Fox Hunt
Little Rocky Run,Week5,South Run,Week1,259.0 Little Rocky Run - 134.0 South Run
Long Branch,Week2,Shouse Village,Week5,264.0 Shouse Village - 138.0 Long Branch
Little Rocky Run,Week3,Hunt Valley,Week4,201.0 Hunt Valley - 201.0 Little Rocky Run
Little Rocky Run,Week3,Little Hunting Park,Week5,303.0 Little Rocky Run - 99.0 Little Hunting Park
Little Rocky Run,Week3,Fairfax Station,Week3,228.5 Fairfax Station - 173.5 Little Rocky Run
Little Rocky Run,Week3,Parliament,Week3,287.0 Little Rocky Run - 115.0 Parliament
Little Rocky Run,Week4,Hunt Valley,Week3,208.0 Hunt Valley - 194.0 Little Rocky Run
Little Rocky Run,Week4,Fox Hunt,Week1,281.0 Little Rocky Run - 121.0 Fox Hunt
Little Rocky Run,Week1,Fox Hunt,Week5,237.0 Little Rocky Run - 165.0 Fox Hunt
Long Branch,Week2,Long Branch,Week5,223.0 Long Branch (LBR2) - 178.0 Long Branch (LBR1)
Little Rocky Run,Week2,South Run,Week5,238.5 Little Rocky Run - 163.5 South Run
Little Rocky Run,Week1,Fairfax Station,Week5,241.0 Fairfax Station - 161.0 Little Rocky Run
Long Branch,Week4,Rutherford,Week5,221.0 Long Branch - 181.0 Rutherford
Long Branch,Week2,Cottontail,Week4,216.0 Cottontail - 186.0 Long Branch
Little Rocky Run,Week2,Little Hunting Park,Week3,300.0 Little Rocky Run - 102.0 Little Hunting Park
Little Rocky Run,Week3,Highland Park,Week4,269.0 Little Rocky Run - 133.0 Highland Park
Long Branch,Week4,Cottontail,Week2,202.5 Cottontail - 199.5 Long Branch
Little Rocky Run,Week3,Parliament,Week2,299.0 Little Rocky Run - 102.0 Parliament
Little Rocky Run,Week4,Fairfax Station,Week3,233.0 Fairfax Station - 169.0 Little Rocky Run
Long Branch,Week3,Rutherford,Week3,208.0 Long Branch - 194.0 Rutherford
Long Branch,Week5,Long Branch,Week1,213.0 Long Branch (LBR1) - 188.0 Long Branch (LBR2)
Long Branch,Week3,Cottontail,Week4,241.0 Cottontail - 161.0 Long Branch
Little Rocky Run,Week3,Little Hunting Park,Week2,322.0 Little Rocky Run - 80.0 Little Hunting Park
Little Rocky Run,Week3,South Run,Week2,299.0 Little Rocky Run - 103.0 South Run
Little Rocky Run,Week3,Highland Park,Week5,280.0 Little Rocky Run - 122.0 Highland Park
Long Branch,Week3,Shouse Village,Week3,254.0 Shouse Village - 148.0 Long Branch
Little Rocky Run,Week3,Parliament,Week5,288.0 Little Rocky Run - 114.0 Parliament
Long Branch,Week5,Long Branch,Week4,228.0 Long Branch (LBR1) - 174.0 Long Branch (LBR2)
Little Rocky Run,Week5,Hunt Valley,Week2,222.0 Little Rocky Run - 180.0 Hunt Valley
Little Rocky Run,Week2,Highland Park,Week1,238.0 Little Rocky Run - 164.0 Highland Park
Little Rocky Run,Week3,Little Hunting Park,Week3,321.0 Little Rocky Run - 81.0 Little Hunting Park
Long Branch,Week2,Long Branch,Week4,203.0 Long Branch (LBR1) - 199.0 Long Branch (LBR2)
Little Rocky Run,Week5,Forest Hollow,Week2,292.0 Little Rocky Run - 110.0 Forest Hollow
Little Rocky Run,Week2,Fox Hunt,Week1,275.5 Little Rocky Run - 126.5 Fox Hunt
Long Branch,Week5,Rutherford,Week4,238.0 Long Branch - 164.0 Rutherford
Little Rocky Run,Week1,Highland Park,Week3,242.0 Little Rocky Run - 155.0 Highland Park
Long Branch,Week3,Rutherford,Week1,235.0 Long Branch - 167.0 Rutherford
Little Rocky Run,Week3,Highland Park,Week2,278.0 Little Rocky Run - 124.0 Highland Park
Long Branch,Week5,Little Rocky Run,Week3,303.0 Little Rocky Run - 99.0 Long Branch
Long Branch,Week5,Cottontail,Week3,211.0 Long Branch - 191.0 Cottontail
Little Rocky Run,Week4,Somerset-Olde Creek,Week5,338.0 Little Rocky Run - 64.0 Somerset-Olde Creek
Little Rocky Run,Week5,Parliament,Week1,260.5 Little Rocky Run - 136.5 Parliament
Long Branch,Week1,Long Branch,Week2,217.0 Long Branch (LBR1) - 184.0 Long Branch (LBR2)
Little Rocky Run,Week5,Hunt Valley,Week5,213.0 Little Rocky Run - 189.0 Hunt Valley
Little Rocky Run,Week4,Somerset-Olde Creek,Week3,359.0 Little Rocky Run - 43.0 Somerset-Olde Creek
Little Rocky Run,Week2,Little Rocky Run,Week3,241.0 Little Rocky Run (LRR2) - 161.0 Little Rocky Run (LRR1)
Little Rocky Run,Week5,Somerset-Olde Creek,Week5,347.0 Little Rocky Run - 55.0 Somerset-Olde Creek
Long Branch,Week4,Cottontail,Week1,230.0 Cottontail - 172.0 Long Branch
Little Rocky Run,Week4,Forest Hollow,Week1,262.0 Little Rocky Run - 140.0 Forest Hollow
Little Rocky Run,Week4,Highland Park,Week1,250.0 Little Rocky Run - 152.0 Highland Park
Little Rocky Run,Week1,Little Rocky Run,Week4,210.0 Little Rocky Run (LRR2) - 192.0 Little Rocky Run (LRR1)
Little Rocky Run,Week2,Fox Hunt,Week5,239.0 Little Rocky Run - 163.0 Fox Hunt
Little Rocky Run,Week4,Little Hunting Park,Week2,315.0 Little Rocky Run - 87.0 Little Hunting Park
Long Branch,Week4,Cottontail,Week4,210.0 Cottontail - 192.0 Long Branch
Little Rocky Run,Week4,Parliament,Week3,277.0 Little Rocky Run - 125.0 Parliament
Long Branch,Week4,Rutherford,Week4,208.0 Long Branch - 194.0 Rutherford
Long Branch,Week4,Cottontail,Week3,206.0 Long Branch - 196.0 Cottontail
Little Rocky Run,Week4,Hunt Valley,Week1,202.0 Little Rocky Run - 200.0 Hunt Valley
Little Rocky Run,Week1,Fairfax Station,Week2,210.0 Fairfax Station - 192.0 Little Rocky Run
Little Rocky Run,Week5,Fairfax Station,Week1,225.0 Little Rocky Run - 177.0 Fairfax Station
Little Rocky Run,Week3,Forest Hollow,Week5,253.5 Little Rocky Run - 148.5 Forest Hollow
Little Rocky Run,Week1,Parliament,Week5,270.0 Little Rocky Run - 132.0 Parliament
Long Branch,Week2,Long Branch,Week1,217.0 Long Branch (LBR2) - 184.0 Long Branch (LBR1)
Little Rocky Run,Week5,Hunt Valley,Week3,205.0 Little Rocky Run - 197.0 Hunt Valley
Little Rocky Run,Week5,Parliament,Week2,295.0 Little Rocky Run - 102.0 Parliament
Little Rocky Run,Week5,Fox Mill Estates,Week1,312.0 Little Rocky Run - 90.0 Fox Mill Estates
Little Rocky Run,Week2,Fairfax Station,Week5,247.0 Fairfax Station - 155.0 Little Rocky Run
Little Rocky Run,Week1,South Run,Week3,255.0 Little Rocky Run - 147.0 South Run
Little Rocky Run,Week2,Highland Park,Week4,245.0 Little Rocky Run - 157.0 Highland Park
Little Rocky Run,Week1,Hunter Mill,Week4,212.0 Little Rocky Run - 190.0 Hunter Mill
Little Rocky Run,Week2,Hunter Mill,Week3,225.0 Little Rocky Run - 177.0 Hunter Mill
Little Rocky Run,Week4,Fox Hunt,Week5,249.0 Little Rocky Run - 153.0 Fox Hunt
Little Rocky Run,Week4,South Run,Week4,291.0 Little Rocky Run - 111.0 South Run
Little Rocky Run,Week5,Somerset-Olde Creek,Week3,361.0 Little Rocky Run - 36.0 Somerset-Olde Creek
Little Rocky Run,Week2,Pinecrest,Week2,220.0 Pinecrest - 182.0 Little Rocky Run
Little Rocky Run,Week4,Little Hunting Park,Week5,290.0 Little Rocky Run - 112.0 Little Hunting Park
Little Rocky Run,Week2,Parliament,Week1,240.0 Little Rocky Run - 162.0 Parliament
Long Branch,Week5,Cottontail,Week5,225.0 Cottontail - 177.0 Long Branch
Little Rocky Run,Week4,Highland Park,Week5,259.0 Little Rocky Run - 143.0 Highland Park
Little Rocky Run,Week1,Hunter Mill,Week5,203.0 Hunter Mill - 199.0 Little Rocky Run
Little Rocky Run,Week1,Pinecrest,Week3,224.0 Pinecrest - 178.0 Little Rocky Run
Little Rocky Run,Week3,Little Rocky Run,Week2,241.0 Little Rocky Run (LRR1) - 161.0 Little Rocky Run (LRR2)
Long Branch,Week1,Shouse Village,Week3,242.0 Shouse Village - 160.0 Long Branch
Long Branch,Week3,Little Rocky Run,Week2,307.0 Little Rocky Run - 95.0 Long Branch
Long Branch,Week5,Little Rocky Run,Week5,299.0 Little Rocky Run - 103.0 Long Branch
Little Rocky Run,Week5,Fox Hunt,Week2,291.5 Little Rocky Run - 110.5 Fox Hunt
Long Branch,Week1,Shouse Village,Week5,257.0 Shouse Village - 145.0 Long Branch
Long Branch,Week5,Cottontail,Week1,213.0 Cottontail - 189.0 Long Branch
Little Rocky Run,Week4,Highland Park,Week2,274.5 Little Rocky Run - 127.5 Highland Park
Little Rocky Run,Week2,Highland Park,Week5,249.0 Little Rocky Run - 153.0 Highland Park
Little Rocky Run,Week5,Fairfax Station,Week2,215.0 Little Rocky Run - 187.0 Fairfax Station
Little Rocky Run,Week2,Hunter Mill,Week2,220.0 Little Rocky Run - 182.0 Hunter Mill
Little Rocky Run,Week4,Forest Hollow,Week4,255.5 Little Rocky Run - 146.5 Forest Hollow
Little Rocky Run,Week3,Somerset-Olde Creek,Week3,357.0 Little Rocky Run - 44.0 Somerset-Olde Creek
Little Rocky Run,Week2,Little Rocky Run,Week1,202.5 Little Rocky Run (LRR2) - 199.5 Little Rocky Run (LRR1)
Long Branch,Week5,Shouse Village,Week1,227.0 Shouse Village - 175.0 Long Branch
Long Branch,Week2,Long Branch,Week2,198.0 Long Branch (LBR1) - 198.0 Long Branch (LBR2)
Long Branch,Week4,Cottontail,Week5,241.0 Cottontail - 161.0 Long Branch
Little Rocky Run,Week2,Fox Hunt,Week4,265.0 Little Rocky Run - 137.0 Fox Hunt
Little Rocky Run,Week5,Hunt Valley,Week4,209.0 Little Rocky Run - 193.0 Hunt Valley
Little Rocky Run,Week1,Fox Mill Woods,Week1,206.0 Fox Mill Woods - 196.0 Little Rocky Run
Little Rocky Run,Week3,Little Rocky Run,Week5,234.0 Little Rocky Run (LRR2) - 168.0 Little Rocky Run (LRR1)
Little Rocky Run,Week4,Parliament,Week4,285.0 Little Rocky Run - 117.0 Parliament
Little Rocky Run,Week4,Little Rocky Run,Week2,241.0 Little Rocky Run (LRR1) - 161.0 Little Rocky Run (LRR2)
Little Rocky Run,Week1,Pinecrest,Week2,224.0 Pinecrest - 178.0 Little Rocky Run
Long Branch,Week3,Rutherford,Week5,211.0 Long Branch - 191.0 Rutherford
Little Rocky Run,Week1,Fox Mill Estates,Week5,261.0 Little Rocky Run - 141.0 Fox Mill Estates
Little Rocky Run,Week2,Fairfax Station,Week1,224.0 Fairfax Station - 178.0 Little Rocky Run
Little Rocky Run,Week4,Hunt Valley,Week2,203.0 Little Rocky Run - 199.0 Hunt Valley
Long Branch,Week3,Long Branch,Week4,214.0 Long Branch (LBR2) - 188.0 Long Branch (LBR1)
Little Rocky Run,Week5,Little Hunting Park,Week2,326.5 Little Rocky Run - 75.5 Little Hunting Park
Little Rocky Run,Week1,Highlands Swim,Week2,263.0 Highlands Swim - 139.0 Little Rocky Run
Long Branch,Week4,Little Rocky Run,Week4,302.0 Little Rocky Run - 100.0 Long Branch
Little Rocky Run,Week5,Somerset-Olde Creek,Week4,371.0 Little Rocky Run - 31.0 Somerset-Olde Creek
Little Rocky Run,Week2,Fairfax Station,Week4,212.0 Fairfax Station - 190.0 Little Rocky Run
Long Branch,Week4,Long Branch,Week1,207.0 Long Branch (LBR1) - 195.0 Long Branch (LBR2)
Long Branch,Week5,Rutherford,Week2,254.0 Long Branch - 147.0 Rutherford
Little Rocky Run,Week5,Little Rocky Run,Week1,251.0 Little Rocky Run (LRR1) - 151.0 Little Rocky Run (LRR2)
Little Rocky Run,Week1,Fox Mill Estates,Week1,294.0 Little Rocky Run - 108.0 Fox Mill Estates
Little Rocky Run,Week5,Highland Park,Week5,273.0 Little Rocky Run - 129.0 Highland Park
Long Branch,Week1,Country Club Hills,Week3,233.0 Country Club Hills - 169.0 Long Branch
Long Branch,Week1,Shouse Village,Week2,233.0 Shouse Village - 169.0 Long Branch
Little Rocky Run,Week1,Fairfax Station,Week3,219.0 Fairfax Station - 183.0 Little Rocky Run
Little Rocky Run,Week4,Hunt Valley,Week5,211.0 Hunt Valley - 191.0 Little Rocky Run
Little Rocky Run,Week4,Somerset-Olde Creek,Week4,357.0 Little Rocky Run - 45.0 Somerset-Olde Creek
Long Branch,Week1,Country Club Hills,Week5,242.0 Country Club Hills - 160.0 Long Branch
Long Branch,Week3,Rutherford,Week4,203.0 Long Branch - 199.0 Rutherford
Little Rocky Run,Week1,South Run,Week4,257.0 Little Rocky Run - 145.0 South Run
Long Branch,Week5,Cottontail,Week4,204.0 Long Branch - 198.0 Cottontail
Little Rocky Run,Week2,Highlands Swim,Week1,232.0 Highlands Swim - 170.0 Little Rocky Run
Little Rocky Run,Week5,Parliament,Week3,290.0 Little Rocky Run - 112.0 Parliament
Little Rocky Run,Week3,Somerset-Olde Creek,Week5,344.0 Little Rocky Run - 57.0 Somerset-Olde Creek
Little Rocky Run,Week3,Fox Mill Estates,Week4,291.0 Little Rocky Run - 111.0 Fox Mill Estates
Little Rocky Run,Week5,Little Hunting Park,Week5,297.0 Little Rocky Run - 105.0 Little Hunting Park
Little Rocky Run,Week3,Fairfax Station,Week4,206.0 Little Rocky Run - 196.0 Fairfax Station
Little Rocky Run,Week2,Highlands Swim,Week3,239.0 Highlands Swim - 163.0 Little Rocky Run
Little Rocky Run,Week4,Fairfax Station,Week4,203.0 Fairfax Station - 199.0 Little Rocky Run
Long Branch,Week4,Rutherford,Week1,261.0 Long Branch - 141.0 Rutherford
Little Rocky Run,Week2,South Run,Week1,249.0 Little Rocky Run - 144.0 South Run
Long Branch,Week3,Rutherford,Week2,231.0 Long Branch - 171.0 Rutherford
Long Branch,Week1,Long Branch,Week4,207.0 Long Branch (LBR2) - 195.0 Long Branch (LBR1)
Little Rocky Run,Week2,Highlands Swim,Week5,258.0 Highlands Swim - 144.0 Little Rocky Run
Long Branch,Week1,Long Branch,Week1,192.0 Long Branch (LBR1) - 192.0 Long Branch (LBR2)
Little Rocky Run,Week5,Fairfax Station,Week3,206.0 Fairfax Station - 196.0 Little Rocky Run
Little Rocky Run,Week3,Little Rocky Run,Week1,211.0 Little Rocky Run (LRR1) - 191.0 Little Rocky Run (LRR2)
Long Branch,Week2,Rutherford,Week4,227.0 Long Branch - 175.0 Rutherford
Little Rocky Run,Week3,Hunt Valley,Week2,219.0 Little Rocky Run - 183.0 Hunt Valley
Little Rocky Run,Week4,Parliament,Week5,273.0 Little Rocky Run - 129.0 Parliament
Long Branch,Week2,Country Club Hills,Week1,225.0 Country Club Hills - 177.0 Long Branch
Long Branch,Week5,Cottontail,Week2,211.0 Long Branch - 191.0 Cottontail
Little Rocky Run,Week4,Little Rocky Run,Week4,201.0 Little Rocky Run (LRR1) - 201.0 Little Rocky Run (LRR2)
Little Rocky Run,Week3,Fox Mill Estates,Week5,294.0 Little Rocky Run - 108.0 Fox Mill Estates
Little Rocky Run,Week2,Pinecrest,Week3,226.0 Pinecrest - 176.0 Little Rocky Run
Little Rocky Run,Week2,Fairfax Station,Week3,241.0 Fairfax Station - 161.0 Little Rocky Run
Long Branch,Week2,Long Branch,Week3,211.0 Long Branch (LBR1) - 191.0 Long Branch (LBR2)
Long Branch,Week2,Country Club Hills,Week3,221.0 Country Club Hills - 181.0 Long Branch
Little Rocky Run,Week1,Hunter Mill,Week3,215.0 Little Rocky Run - 187.0 Hunter Mill
Long Branch,Week5,Little Rocky Run,Week2,288.0 Little Rocky Run - 114.0 Long Branch
Little Rocky Run,Week4,Somerset-Olde Creek,Week2,361.0 Little Rocky Run - 41.0 Somerset-Olde Creek
Little Rocky Run,Week2,Fox Mill Woods,Week1,204.0 Fox Mill Woods - 198.0 Little Rocky Run
Long Branch,Week2,Country Club Hills,Week2,210.0 Country Club Hills - 192.0 Long Branch
Little Rocky Run,Week2,Hunt Valley,Week5,230.5 Hunt Valley - 171.5 Little Rocky Run
Little Rocky Run,Week3,Highlands Swim,Week1,223.0 Highlands Swim - 179.0 Little Rocky Run
Little Rocky Run,Week1,Pinecrest,Week4,225.0 Pinecrest - 177.0 Little Rocky Run
Little Rocky Run,Week1,Fox Mill Estates,Week2,277.0 Little Rocky Run - 125.0 Fox Mill Estates
Little Rocky Run,Week1,South Run,Week2,268.0 Little Rocky Run - 134.0 South Run
Little Rocky Run,Week2,Hunter Mill,Week1,226.5 Little Rocky Run - 175.5 Hunter Mill
Little Rocky Run,Week3,Hunter Mill,Week2,250.0 Little Rocky Run - 152.0 Hunter Mill
Little Rocky Run,Week1,Forest Hollow,Week2,267.0 Little Rocky Run - 135.0 Forest Hollow
Little Rocky Run,Week3,Hollin Hills,Week5,350.0 Little Rocky Run - 52.0 Hollin Hills
Long Branch,Week1,Country Club Hills,Week2,221.0 Country Club Hills - 181.0 Long Branch
Long Branch,Week5,Little Rocky Run,Week1,278.0 Little Rocky Run - 124.0 Long Branch
Little Rocky Run,Week1,Little Rocky Run,Week5,251.0 Little Rocky Run (LRR2) - 151.0 Little Rocky Run (LRR1)
Long Branch,Week4,Little Rocky Run,Week2,295.0 Little Rocky Run - 107.0 Long Branch
Long Branch,Week5,Rutherford,Week1,262.0 Long Branch - 139.0 Rutherford
Long Branch,Week1,Country Club Hills,Week4,214.0 Country Club Hills - 188.0 Long Branch
Little Rocky Run,Week1,Pinecrest,Week5,217.0 Pinecrest - 185.0 Little Rocky Run
Little Rocky Run,Week2,South Run,Week2,268.5 Little Rocky Run - 133.5 South Run
Little Rocky Run,Week4,Somerset-Olde Creek,Week1,357.0 Little Rocky Run - 45.0 Somerset-Olde Creek
Little Rocky Run,Week4,Fairfax Station,Week1,209.0 Fairfax Station - 193.0 Little Rocky Run
Little Rocky Run,Week2,Hollin Hills,Week2,336.0 Little Rocky Run - 66.0 Hollin Hills
Little Rocky Run,Week2,Pinecrest,Week4,224.0 Pinecrest - 178.0 Little Rocky Run
Long Branch,Week3,Little Rocky Run,Week3,318.0 Little Rocky Run - 84.0 Long Branch
Little Rocky Run,Week1,Hunter Mill,Week2,215.0 Little Rocky Run - 187.0 Hunter Mill
Little Rocky Run,Week2,Fox Mill Estates,Week5,283.0 Little Rocky Run - 119.0 Fox Mill Estates
Little Rocky Run,Week1,Little Rocky Run,Week1,198.5 Little Rocky Run (LRR1) - 198.5 Little Rocky Run (LRR2)
Long Branch,Week4,Rutherford,Week3,228.0 Long Branch - 174.0 Rutherford
Little Rocky Run,Week2,Hunter Mill,Week5,205.0 Little Rocky Run - 197.0 Hunter Mill
Little Rocky Run,Week4,Parliament,Week2,285.0 Little Rocky Run - 117.0 Parliament
Little Rocky Run,Week5,Fox Hunt,Week5,271.5 Little Rocky Run - 130.5 Fox Hunt
Little Rocky Run,Week5,Little Hunting Park,Week1,334.0 Little Rocky Run - 68.0 Little Hunting Park
Little Rocky Run,Week2,Fox Mill Estates,Week4,270.0 Little Rocky Run - 132.0 Fox Mill Estates
Long Branch,Week4,Rutherford,Week2,241.0 Long Branch - 161.0 Rutherford
Long Branch,Week1,Country Club Hills,Week1,226.5 Country Club Hills - 175.5 Long Branch
Little Rocky Run,Week2,Pinecrest,Week5,224.0 Pinecrest - 178.0 Little Rocky Run
Little Rocky Run,Week1,Forest Hollow,Week3,258.0 Little Rocky Run - 144.0 Forest Hollow
Little Rocky Run,Week5,Somerset-Olde Creek,Week1,364.0 Little Rocky Run - 33.0 Somerset-Olde Creek
Little Rocky Run,Week4,Hollin Hills,Week1,351.0 Little Rocky Run - 51.0 Hollin Hills
Little Rocky Run,Week2,Hollin Hills,Week4,339.0 Little Rocky Run - 63.0 Hollin Hills
Long Branch,Week5,Rutherford,Week3,237.0 Long Branch - 164.0 Rutherford
Little Rocky Run,Week1,Forest Hollow,Week5,252.0 Little Rocky Run - 150.0 Forest Hollow
Long Branch,Week3,Long Branch,Week3,200.5 Long Branch (LBR1) - 200.5 Long Branch (LBR2)
Little Rocky Run,Week3,Pinecrest,Week1,214.5 Little Rocky Run - 187.5 Pinecrest
Little Rocky Run,Week5,Highlands Swim,Week5,246.0 Highlands Swim - 156.0 Little Rocky Run
Little Rocky Run,Week2,Pinecrest,Week1,215.0 Pinecrest - 187.0 Little Rocky Run
Little Rocky Run,Week4,Little Rocky Run,Week1,210.0 Little Rocky Run (LRR1) - 192.0 Little Rocky Run (LRR2)
Little Rocky Run,Week5,Fox Mill Estates,Week3,303.0 Little Rocky Run - 99.0 Fox Mill Estates
Little Hunting Park,Week1,Walden Glen,Week4,243.0 Walden Glen - 155.0 Little Hunting Park
Little Rocky Run,Week3,Hunter Mill,Week5,227.0 Little Rocky Run - 175.0 Hunter Mill
Little Rocky Run,Week5,Fox Mill Estates,Week2,298.0 Little Rocky Run - 104.0 Fox Mill Estates
Little Rocky Run,Week3,South Run,Week3,291.0 Little Rocky Run - 111.0 South Run
Little Rocky Run,Week4,Hunter Mill,Week1,238.0 Little Rocky Run - 164.0 Hunter Mill
Little Rocky Run,Week2,Forest Hollow,Week1,248.0 Little Rocky Run - 154.0 Forest Hollow
Long Branch,Week2,Country Club Hills,Week5,230.0 Country Club Hills - 172.0 Long Branch
Little Rocky Run,Week1,South Run,Week1,238.0 Little Rocky Run - 155.0 South Run
Little Rocky Run,Week2,South Run,Week4,256.0 Little Rocky Run - 146.0 South Run
Little Rocky Run,Week3,Hunter Mill,Week3,242.0 Little Rocky Run - 160.0 Hunter Mill
Little Rocky Run,Week3,Hollin Hills,Week3,359.0 Little Rocky Run - 43.0 Hollin Hills
Long Branch,Week3,Long Branch,Week5,229.0 Long Branch (LBR2) - 173.0 Long Branch (LBR1)
Little Rocky Run,Week1,Forest Hollow,Week4,246.0 Little Rocky Run - 156.0 Forest Hollow
Long Branch,Week3,Long Branch,Week1,205.0 Long Branch (LBR2) - 197.0 Long Branch (LBR1)
Long Branch,Week3,Country Club Hills,Week1,233.0 Country Club Hills - 169.0 Long Branch
Long Branch,Week2,Rutherford,Week5,221.0 Long Branch - 180.0 Rutherford
Little Rocky Run,Week3,Hollin Hills,Week1,354.0 Little Rocky Run - 48.0 Hollin Hills
Little Hunting Park,Week1,Walden Glen,Week3,218.0 Walden Glen - 184.0 Little Hunting Park
Little Rocky Run,Week4,Little Hunting Park,Week4,313.0 Little Rocky Run - 89.0 Little Hunting Park
Little Rocky Run,Week3,Pinecrest,Week2,204.5 Little Rocky Run - 197.5 Pinecrest
Long Branch,Week1,Shouse Village,Week4,257.0 Shouse Village - 139.0 Long Branch
Long Branch,Week2,Country Club Hills,Week4,208.0 Country Club Hills - 194.0 Long Branch
Little Rocky Run,Week2,Fox Mill Estates,Week2,271.0 Little Rocky Run - 131.0 Fox Mill Estates
Little Rocky Run,Week4,Little Rocky Run,Week3,208.0 Little Rocky Run (LRR1) - 194.0 Little Rocky Run (LRR2)
Little Rocky Run,Week4,Highlands Swim,Week1,232.0 Highlands Swim - 170.0 Little Rocky Run
Little Rocky Run,Week3,Fox Mill Estates,Week3,296.0 Little Rocky Run - 106.0 Fox Mill Estates
Little Rocky Run,Week4,South Run,Week2,286.0 Little Rocky Run - 116.0 South Run
Little Rocky Run,Week4,Ilda Community,Week3,323.0 Little Rocky Run - 79.0 Ilda Community
Little Rocky Run,Week4,Little Rocky Run,Week5,232.0 Little Rocky Run (LRR2) - 170.0 Little Rocky Run (LRR1)
Little Rocky Run,Week3,Hollin Hills,Week2,352.0 Little Rocky Run - 49.0 Hollin Hills
Little Rocky Run,Week5,Parliament,Week4,303.0 Little Rocky Run - 94.0 Parliament
Little Rocky Run,Week4,South Run,Week1,254.0 Little Rocky Run - 139.0 South Run
Little Rocky Run,Week5,Wakefield Chapel,Week1,210.0 Wakefield Chapel - 192.0 Little Rocky Run
Long Branch,Week1,Shouse Village,Week1,233.0 Shouse Village - 169.0 Long Branch
Little Rocky Run,Week2,Little Rocky Run,Week2,201.0 Little Rocky Run (LRR1) - 201.0 Little Rocky Run (LRR2)
Little Hunting Park,Week2,Walden Glen,Week2,225.0 Walden Glen - 173.0 Little Hunting Park
Little Rocky Run,Week4,Hunter Mill,Week4,237.0 Little Rocky Run - 165.0 Hunter Mill
Little Rocky Run,Week2,Forest Hollow,Week4,252.5 Little Rocky Run - 149.5 Forest Hollow
Little Hunting Park,Week2,Walden Glen,Week4,242.0 Walden Glen - 158.0 Little Hunting Park
Little Rocky Run,Week2,Forest Hollow,Week2,266.0 Little Rocky Run - 136.0 Forest Hollow
Little Rocky Run,Week3,Fox Mill Estates,Week1,319.0 Little Rocky Run - 83.0 Fox Mill Estates
Little Rocky Run,Week4,Fox Mill Estates,Week2,290.0 Little Rocky Run - 112.0 Fox Mill Estates
Little Rocky Run,Week3,Highlands Swim,Week5,247.0 Highlands Swim - 155.0 Little Rocky Run
Long Branch,Week2,Shouse Village,Week2,232.0 Shouse Village - 170.0 Long Branch
Little Hunting Park,Week2,Walden Glen,Week5,270.0 Walden Glen - 130.0 Little Hunting Park
Little Rocky Run,Week2,Forest Hollow,Week3,256.0 Little Rocky Run - 146.0 Forest Hollow
Little Rocky Run,Week3,Ilda Community,Week4,318.0 Little Rocky Run - 84.0 Ilda Community
Long Branch,Week5,Rutherford,Week5,235.0 Long Branch - 166.0 Rutherford
Little Rocky Run,Week5,Parliament,Week5,285.0 Little Rocky Run - 112.0 Parliament
Long Branch,Week4,Long Branch,Week4,201.0 Long Branch (LBR1) - 201.0 Long Branch (LBR2)
Little Rocky Run,Week3,Wakefield Chapel,Week4,216.0 Wakefield Chapel - 186.0 Little Rocky Run
Long Branch,Week4,Long Branch,Week3,214.0 Long Branch (LBR1) - 188.0 Long Branch (LBR2)
Little Rocky Run,Week2,Walden Glen,Week1,312.0 Little Rocky Run - 90.0 Walden Glen
Little Rocky Run,Week1,Pinecrest,Week1,202.0 Little Rocky Run - 200.0 Pinecrest
Little Rocky Run,Week3,South Run,Week5,262.0 Little Rocky Run - 140.0 South Run
Long Branch,Week4,Long Branch,Week2,203.0 Long Branch (LBR2) - 199.0 Long Branch (LBR1)
Little Rocky Run,Week5,Little Rocky Run,Week2,269.0 Little Rocky Run (LRR1) - 133.0 Little Rocky Run (LRR2)
Little Rocky Run,Week2,Forest Hollow,Week5,240.0 Little Rocky Run - 162.0 Forest Hollow
Little Rocky Run,Week3,Pinecrest,Week3,202.0 Little Rocky Run - 200.0 Pinecrest
Little Rocky Run,Week1,Little Rocky Run,Week3,211.0 Little Rocky Run (LRR2) - 191.0 Little Rocky Run (LRR1)
Little Rocky Run,Week3,Walden Glen,Week1,335.0 Little Rocky Run - 67.0 Walden Glen
Long Branch,Week3,Shouse Village,Week2,242.0 Shouse Village - 160.0 Long Branch
Little Rocky Run,Week5,Highlands Swim,Week1,207.0 Highlands Swim - 195.0 Little Rocky Run
Little Rocky Run,Week1,Fox Mill Estates,Week3,278.0 Little Rocky Run - 124.0 Fox Mill Estates
Little Rocky Run,Week2,Springboard,Week3,332.0 Little Rocky Run - 70.0 Springboard
Long Branch,Week3,Shouse Village,Week1,247.0 Shouse Village - 155.0 Long Branch
Little Rocky Run,Week2,Ilda Community,Week1,317.0 Little Rocky Run - 85.0 Ilda Community
Little Rocky Run,Week4,Fox Mill Estates,Week5,287.0 Little Rocky Run - 115.0 Fox Mill Estates
Little Hunting Park,Week3,Walden Glen,Week5,268.0 Walden Glen - 134.0 Little Hunting Park
Little Rocky Run,Week4,Highlands Swim,Week3,241.5 Highlands Swim - 160.5 Little Rocky Run
Little Hunting Park,Week3,Walden Glen,Week4,234.0 Walden Glen - 168.0 Little Hunting Park
Little Hunting Park,Week1,Walden Glen,Week1,208.0 Walden Glen - 193.0 Little Hunting Park
Long Branch,Week5,Long Branch,Week2,223.0 Long Branch (LBR1) - 178.0 Long Branch (LBR2)
Long Branch,Week2,Shouse Village,Week4,262.0 Shouse Village - 140.0 Long Branch
Little Rocky Run,Week4,Pinecrest,Week2,206.5 Pinecrest - 195.5 Little Rocky Run
Little Rocky Run,Week2,Fox Mill Estates,Week1,289.0 Little Rocky Run - 113.0 Fox Mill Estates
Little Rocky Run,Week3,Forest Hollow,Week2,269.0 Little Rocky Run - 133.0 Forest Hollow
Little Rocky Run,Week5,Little Hunting Park,Week3,325.0 Little Rocky Run - 77.0 Little Hunting Park
Little Rocky Run,Week4,South Run,Week3,280.0 Little Rocky Run - 122.0 South Run
Long Branch,Week4,Long Branch,Week5,228.0 Long Branch (LBR2) - 174.0 Long Branch (LBR1)
Long Branch,Week3,Shouse Village,Week5,252.0 Shouse Village - 149.0 Long Branch
Little Rocky Run,Week4,South Run,Week5,256.0 Little Rocky Run - 146.0 South Run
Little Rocky Run,Week3,Little Rocky Run,Week3,201.0 Little Rocky Run (LRR1) - 201.0 Little Rocky Run (LRR2)
Little Rocky Run,Week3,Forest Hollow,Week1,261.0 Little Rocky Run - 141.0 Forest Hollow
Little Rocky Run,Week4,Highlands Swim,Week2,251.0 Highlands Swim - 151.0 Little Rocky Run
Little Rocky Run,Week3,Wakefield Chapel,Week2,218.0 Wakefield Chapel - 184.0 Little Rocky Run
Little Rocky Run,Week2,Wakefield Chapel,Week4,239.0 Wakefield Chapel - 163.0 Little Rocky Run
Little Rocky Run,Week5,Little Rocky Run,Week3,234.0 Little Rocky Run (LRR1) - 168.0 Little Rocky Run (LRR2)
Little Rocky Run,Week3,Pinecrest,Week4,210.0 Pinecrest - 192.0 Little Rocky Run
Little Rocky Run,Week2,Ilda Community,Week4,297.0 Little Rocky Run - 105.0 Ilda Community
Little Rocky Run,Week1,Ilda Community,Week4,296.0 Little Rocky Run - 106.0 Ilda Community
Long Branch,Week5,Long Branch,Week3,229.0 Long Branch (LBR1) - 173.0 Long Branch (LBR2)
Little Rocky Run,Week5,Hunter Mill,Week5,235.0 Little Rocky Run - 167.0 Hunter Mill
Little Rocky Run,Week5,Hunter Mill,Week3,259.0 Little Rocky Run - 143.0 Hunter Mill
Little Rocky Run,Week1,Little Rocky Run,Week2,202.5 Little Rocky Run (LRR1) - 199.5 Little Rocky Run (LRR2)
Little Rocky Run,Week1,Pinewood Lake,Week2,377.0 Little Rocky Run - 17.0 Pinewood Lake
Little Rocky Run,Week5,Little Hunting Park,Week4,318.0 Little Rocky Run - 84.0 Little Hunting Park
Little Rocky Run,Week5,Pinecrest,Week1,220.0 Little Rocky Run - 182.0 Pinecrest
Long Branch,Week5,Long Branch,Week5,200.5 Long Branch (LBR1) - 200.5 Long Branch (LBR2)
Little Rocky Run,Week5,Fox Hunt,Week4,282.0 Little Rocky Run - 120.0 Fox Hunt
Little Rocky Run,Week5,Highlands Swim,Week3,225.0 Highlands Swim - 177.0 Little Rocky Run
Little Hunting Park,Week4,Walden Glen,Week3,214.0 Walden Glen - 188.0 Little Hunting Park
Long Branch,Week3,Mansion House,Week2,244.0 Mansion House - 158.0 Long Branch
Little Rocky Run,Week5,Highlands Swim,Week2,219.0 Highlands Swim - 183.0 Little Rocky Run
Little Rocky Run,Week5,Springboard,Week5,346.0 Little Rocky Run - 56.0 Springboard
Little Rocky Run,Week3,Wakefield Chapel,Week5,247.0 Wakefield Chapel - 155.0 Little Rocky Run
Little Rocky Run,Week1,Fox Mill Estates,Week4,265.0 Little Rocky Run - 137.0 Fox Mill Estates
Little Rocky Run,Week1,Hollin Hills,Week1,341.0 Little Rocky Run - 60.0 Hollin Hills
Long Branch,Week4,Shouse Village,Week3,232.5 Shouse Village - 169.5 Long Branch
Little Rocky Run,Week1,Forest Hollow,Week1,258.0 Little Rocky Run - 144.0 Forest Hollow
Little Rocky Run,Week3,Forest Hollow,Week3,258.0 Little Rocky Run - 144.0 Forest Hollow
Little Rocky Run,Week3,Forest Hollow,Week4,263.5 Little Rocky Run - 138.5 Forest Hollow
Little Rocky Run,Week2,Wakefield Chapel,Week3,254.0 Wakefield Chapel - 148.0 Little Rocky Run
Little Hunting Park,Week5,Walden Glen,Week2,203.0 Walden Glen - 198.0 Little Hunting Park
Little Rocky Run,Week4,Springboard,Week4,342.0 Little Rocky Run - 60.0 Springboard
Long Branch,Week2,Mansion House,Week4,229.0 Mansion House - 173.0 Long Branch
Little Rocky Run,Week4,Hunter Mill,Week3,238.0 Little Rocky Run - 164.0 Hunter Mill
Long Branch,Week4,Shouse Village,Week2,211.0 Shouse Village - 191.0 Long Branch
Long Branch,Week4,Shouse Village,Week1,231.0 Shouse Village - 171.0 Long Branch
Little Rocky Run,Week2,Fox Mill Estates,Week3,277.0 Little Rocky Run - 125.0 Fox Mill Estates
Little Rocky Run,Week5,Springboard,Week2,365.0 Little Rocky Run - 32.0 Springboard
Little Rocky Run,Week3,Wakefield Chapel,Week3,240.0 Wakefield Chapel - 162.0 Little Rocky Run
Little Hunting Park,Week2,Walden Glen,Week1,208.0 Walden Glen - 194.0 Little Hunting Park
Little Rocky Run,Week5,Pinecrest,Week2,206.0 Little Rocky Run - 196.0 Pinecrest
Little Rocky Run,Week1,Ilda Community,Week5,307.0 Little Rocky Run - 94.0 Ilda Community
Little Hunting Park,Week3,Walden Glen,Week1,209.0 Walden Glen - 193.0 Little Hunting Park
Little Rocky Run,Week2,Little Rocky Run,Week4,241.0 Little Rocky Run (LRR2) - 161.0 Little Rocky Run (LRR1)
Little Rocky Run,Week4,Fox Mill Estates,Week3,290.0 Little Rocky Run - 112.0 Fox Mill Estates
Little Rocky Run,Week4,Fox Mill Estates,Week1,315.0 Little Rocky Run - 87.0 Fox Mill Estates
Little Rocky Run,Week4,Forest Hollow,Week2,277.0 Little Rocky Run - 125.0 Forest Hollow
Little Rocky Run,Week3,Ilda Community,Week2,342.0 Little Rocky Run - 60.0 Ilda Community
Little Rocky Run,Week4,Forest Hollow,Week3,261.0 Little Rocky Run - 141.0 Forest Hollow
Little Rocky Run,Week1,Hollin Hills,Week2,336.0 Little Rocky Run - 65.0 Hollin Hills
Little Rocky Run,Week5,Wakefield Chapel,Week3,218.0 Wakefield Chapel - 184.0 Little Rocky Run
Little Rocky Run,Week1,Springfield,Week1,377.0 Little Rocky Run - 24.0 Springfield
Little Rocky Run,Week4,Wakefield Chapel,Week3,251.0 Wakefield Chapel - 151.0 Little Rocky Run
Little Rocky Run,Week3,Fox Mill Estates,Week2,303.0 Little Rocky Run - 99.0 Fox Mill Estates
Long Branch,Week3,Mansion House,Week4,240.0 Mansion House - 162.0 Long Branch
Long Branch,Week3,Shouse Village,Week4,264.0 Shouse Village - 138.0 Long Branch
Little Rocky Run,Week5,South Run,Week3,280.0 Little Rocky Run - 122.0 South Run
Little Rocky Run,Week3,Pinecrest,Week5,217.0 Pinecrest - 185.0 Little Rocky Run
Little Rocky Run,Week5,Highlands Swim,Week4,217.0 Highlands Swim - 185.0 Little Rocky Run
Little Rocky Run,Week4,Long Branch,Week3,311.0 Little Rocky Run - 91.0 Long Branch
Little Rocky Run,Week4,Wakefield Chapel,Week1,237.0 Wakefield Chapel - 165.0 Little Rocky Run
Long Branch,Week4,Shouse Village,Week4,259.0 Shouse Village - 143.0 Long Branch
Little Rocky Run,Week2,Ilda Community,Week5,318.0 Little Rocky Run - 84.0 Ilda Community
Long Branch,Week4,Mansion House,Week1,261.0 Mansion House - 141.0 Long Branch
Little Rocky Run,Week1,Springboard,Week2,350.0 Little Rocky Run - 52.0 Springboard
Little Hunting Park,Week4,Walden Glen,Week2,230.0 Walden Glen - 172.0 Little Hunting Park
Long Branch,Week3,Mansion House,Week3,267.0 Mansion House - 135.0 Long Branch
Little Hunting Park,Week5,Walden Glen,Week3,202.0 Walden Glen - 199.0 Little Hunting Park
Little Rocky Run,Week2,Little Rocky Run,Week5,269.0 Little Rocky Run (LRR2) - 133.0 Little Rocky Run (LRR1)
Long Branch,Week4,Shouse Village,Week5,250.0 Shouse Village - 152.0 Long Branch
Little Rocky Run,Week3,Pinewood Lake,Week2,379.0 Little Rocky Run - 22.0 Pinewood Lake
Little Rocky Run,Week4,Highlands Swim,Week4,239.0 Highlands Swim - 163.0 Little Rocky Run
Little Rocky Run,Week5,Pinecrest,Week4,212.0 Little Rocky Run - 190.0 Pinecrest
Little Rocky Run,Week3,Little Rocky Run,Week4,208.0 Little Rocky Run (LRR2) - 194.0 Little Rocky Run (LRR1)
Little Hunting Park,Week3,Walden Glen,Week3,228.0 Walden Glen - 174.0 Little Hunting Park
Little Rocky Run,Week2,Hollin Hills,Week1,342.0 Little Rocky Run - 60.0 Hollin Hills
Little Rocky Run,Week4,Wakefield Chapel,Week4,224.0 Wakefield Chapel - 178.0 Little Rocky Run
Long Branch,Week1,Mansion House,Week2,247.0 Mansion House - 149.0 Long Branch
Little Hunting Park,Week4,Walden Glen,Week5,265.0 Walden Glen - 136.0 Little Hunting Park
Little Rocky Run,Week2,Pinewood Lake,Week1,376.0 Little Rocky Run - 26.0 Pinewood Lake
Long Branch,Week2,Mansion House,Week2,256.0 Mansion House - 145.0 Long Branch
Long Branch,Week4,Mansion House,Week5,276.0 Mansion House - 126.0 Long Branch
Little Rocky Run,Week3,Springboard,Week4,344.0 Little Rocky Run - 58.0 Springboard
Little Rocky Run,Week3,Springboard,Week5,340.0 Little Rocky Run - 62.0 Springboard
Little Rocky Run,Week2,Long Branch,Week2,291.0 Little Rocky Run - 111.0 Long Branch
Little Rocky Run,Week3,Wakefield Chapel,Week1,226.0 Wakefield Chapel - 176.0 Little Rocky Run
Long Branch,Week3,Sideburn Run,Week2,249.0 Sideburn Run - 153.0 Long Branch
Little Rocky Run,Week4,Long Branch,Week5,286.0 Little Rocky Run - 116.0 Long Branch
Little Rocky Run,Week5,Pinewood Lake,Week5,380.0 Little Rocky Run - 22.0 Pinewood Lake
Little Rocky Run,Week5,Fox Mill Estates,Week4,295.0 Little Rocky Run - 107.0 Fox Mill Estates
Little Rocky Run,Week5,Hunter Mill,Week4,246.0 Little Rocky Run - 156.0 Hunter Mill
Little Hunting Park,Week5,Wakefield Chapel,Week4,310.0 Wakefield Chapel - 92.0 Little Hunting Park
Little Rocky Run,Week3,Ilda Community,Week3,333.0 Little Rocky Run - 69.0 Ilda Community
Little Rocky Run,Week1,Hollin Hills,Week5,337.0 Little Rocky Run - 65.0 Hollin Hills
Long Branch,Week3,Sideburn Run,Week1,262.0 Sideburn Run - 140.0 Long Branch
Little Rocky Run,Week2,Springboard,Week5,325.5 Little Rocky Run - 76.5 Springboard
Little Rocky Run,Week5,Pinewood Lake,Week2,382.0 Little Rocky Run - 15.0 Pinewood Lake
Little Rocky Run,Week1,Hollin Hills,Week3,335.0 Little Rocky Run - 67.0 Hollin Hills
Little Rocky Run,Week1,Springboard,Week4,327.0 Little Rocky Run - 70.0 Springboard
Little Rocky Run,Week5,Pinecrest,Week3,202.0 Pinecrest - 200.0 Little Rocky Run
Little Rocky Run,Week4,Long Branch,Week4,302.0 Little Rocky Run - 100.0 Long Branch
Little Rocky Run,Week5,Wakefield Chapel,Week5,233.0 Wakefield Chapel - 169.0 Little Rocky Run
Little Rocky Run,Week4,Fox Mill Estates,Week4,275.0 Little Rocky Run - 127.0 Fox Mill Estates
Little Rocky Run,Week2,Ilda Community,Week3,311.0 Little Rocky Run - 91.0 Ilda Community
Little Rocky Run,Week2,Hollin Hills,Week5,336.0 Little Rocky Run - 66.0 Hollin Hills
Long Branch,Week3,Mansion House,Week5,267.5 Mansion House - 134.5 Long Branch
Little Rocky Run,Week5,Fox Mill Estates,Week5,293.0 Little Rocky Run - 109.0 Fox Mill Estates
Little Rocky Run,Week1,Walden Glen,Week3,312.0 Little Rocky Run - 90.0 Walden Glen
Long Branch,Week5,Shouse Village,Week2,217.0 Shouse Village - 185.0 Long Branch
Long Branch,Week1,Sideburn Run,Week1,244.0 Sideburn Run - 153.0 Long Branch
Little Rocky Run,Week3,Ilda Community,Week5,332.0 Little Rocky Run - 70.0 Ilda Community
Long Branch,Week4,Mansion House,Week4,240.0 Mansion House - 162.0 Long Branch
Little Rocky Run,Week4,Pinecrest,Week1,202.0 Pinecrest - 200.0 Little Rocky Run
Long Branch,Week2,Mansion House,Week1,267.0 Mansion House - 135.0 Long Branch
Long Branch,Week3,Sideburn Run,Week4,267.0 Sideburn Run - 135.0 Long Branch
Little Rocky Run,Week1,Fox Mill Woods,Week3,207.0 Fox Mill Woods - 195.0 Little Rocky Run
Long Branch,Week4,Mansion House,Week2,245.0 Mansion House - 157.0 Long Branch
Little Rocky Run,Week5,Springboard,Week3,343.0 Little Rocky Run - 59.0 Springboard
Little Rocky Run,Week4,Springboard,Week3,330.0 Little Rocky Run - 72.0 Springboard
Little Rocky Run,Week1,Fox Mill Woods,Week4,204.0 Fox Mill Woods - 198.0 Little Rocky Run
Little Rocky Run,Week1,Walden Glen,Week2,306.0 Little Rocky Run - 95.0 Walden Glen
Little Rocky Run,Week2,Pinewood Lake,Week5,379.0 Little Rocky Run - 23.0 Pinewood Lake
Little Rocky Run,Week3,Highlands Swim,Week4,220.0 Highlands Swim - 182.0 Little Rocky Run
Little Hunting Park,Week1,Walden Glen,Week2,223.0 Walden Glen - 178.0 Little Hunting Park
Little Hunting Park,Week1,Walden Glen,Week5,261.0 Walden Glen - 137.0 Little Hunting Park
Long Branch,Week4,Sideburn Run,Week1,237.0 Sideburn Run - 165.0 Long Branch
Little Rocky Run,Week4,Ilda Community,Week4,315.0 Little Rocky Run - 87.0 Ilda Community
Little Rocky Run,Week2,Walden Glen,Week2,309.0 Little Rocky Run - 93.0 Walden Glen
Little Rocky Run,Week3,Long Branch,Week5,303.0 Little Rocky Run - 99.0 Long Branch
Little Rocky Run,Week1,Ilda Community,Week3,316.0 Little Rocky Run - 86.0 Ilda Community
Little Rocky Run,Week1,Fox Mill Woods,Week2,206.5 Little Rocky Run - 195.5 Fox Mill Woods
Little Rocky Run,Week4,Long Branch,Week1,300.0 Little Rocky Run - 102.0 Long Branch
Little Rocky Run,Week4,Ilda Community,Week1,319.0 Little Rocky Run - 83.0 Ilda Community
Little Hunting Park,Week3,Walden Glen,Week2,233.0 Walden Glen - 169.0 Little Hunting Park
Little Rocky Run,Week1,Springboard,Week5,317.0 Little Rocky Run - 85.0 Springboard
Little Rocky Run,Week1,Pinewood Lake,Week1,370.0 Little Rocky Run - 25.0 Pinewood Lake
Little Hunting Park,Week5,Walden Glen,Week4,213.5 Walden Glen - 188.5 Little Hunting Park
Little Rocky Run,Week3,Highlands Swim,Week3,224.0 Highlands Swim - 178.0 Little Rocky Run
Little Rocky Run,Week5,Wakefield Chapel,Week2,215.0 Little Rocky Run - 187.0 Wakefield Chapel
Little Rocky Run,Week4,Highlands Swim,Week5,271.0 Highlands Swim - 131.0 Little Rocky Run
Little Rocky Run,Week2,Long Branch,Week3,307.0 Little Rocky Run - 95.0 Long Branch
Long Branch,Week4,Sideburn Run,Week2,237.0 Sideburn Run - 165.0 Long Branch
Long Branch,Week2,Mansion House,Week3,284.0 Mansion House - 118.0 Long Branch
Little Rocky Run,Week1,Wakefield Chapel,Week5,257.0 Wakefield Chapel - 145.0 Little Rocky Run
Little Rocky Run,Week5,South Run,Week2,295.0 Little Rocky Run - 107.0 South Run
Little Rocky Run,Week2,Fox Mill Woods,Week2,208.0 Little Rocky Run - 194.0 Fox Mill Woods
Long Branch,Week4,Sideburn Run,Week3,247.0 Sideburn Run - 155.0 Long Branch
Little Rocky Run,Week4,Hunter Mill,Week5,212.0 Little Rocky Run - 190.0 Hunter Mill
Little Rocky Run,Week4,Wakefield Chapel,Week5,266.0 Wakefield Chapel - 136.0 Little Rocky Run
Little Rocky Run,Week3,Fox Mill Woods,Week1,218.0 Little Rocky Run - 184.0 Fox Mill Woods
Little Rocky Run,Week1,Ilda Community,Week1,315.0 Little Rocky Run - 86.0 Ilda Community
Little Rocky Run,Week1,Walden Glen,Week1,315.0 Little Rocky Run - 87.0 Walden Glen
Little Hunting Park,Week4,Walden Glen,Week4,233.0 Walden Glen - 168.0 Little Hunting Park
Little Rocky Run,Week3,Hollin Hills,Week4,355.0 Little Rocky Run - 45.0 Hollin Hills
Little Rocky Run,Week1,Pinewood Lake,Week5,370.0 Little Rocky Run - 24.0 Pinewood Lake
Little Hunting Park,Week2,Walden Glen,Week3,233.0 Walden Glen - 168.0 Little Hunting Park
Little Rocky Run,Week2,Hollin Hills,Week3,338.0 Little Rocky Run - 64.0 Hollin Hills
Long Branch,Week4,Sideburn Run,Week4,251.0 Sideburn Run - 151.0 Long Branch
Little Rocky Run,Week4,Hunter Mill,Week2,247.0 Little Rocky Run - 155.0 Hunter Mill
Little Rocky Run,Week1,Hollin Hills,Week4,343.0 Little Rocky Run - 58.0 Hollin Hills
Little Rocky Run,Week2,Pinewood Lake,Week4,384.0 Little Rocky Run - 18.0 Pinewood Lake
Long Branch,Week5,Mansion House,Week1,257.0 Mansion House - 145.0 Long Branch
Long Branch,Week4,Sideburn Run,Week5,257.0 Sideburn Run - 145.0 Long Branch
Little Rocky Run,Week2,Fox Mill Woods,Week3,201.0 Fox Mill Woods - 201.0 Little Rocky Run
Little Rocky Run,Week1,Long Branch,Week2,289.0 Little Rocky Run - 113.0 Long Branch
Little Rocky Run,Week2,Springboard,Week2,361.0 Little Rocky Run - 41.0 Springboard
Little Rocky Run,Week5,Long Branch,Week1,315.0 Little Rocky Run - 82.0 Long Branch
Long Branch,Week1,Mansion House,Week5,274.0 Mansion House - 128.0 Long Branch
Little Rocky Run,Week1,Springboard,Week1,332.0 Little Rocky Run - 70.0 Springboard
Little Rocky Run,Week1,Pinewood Lake,Week3,381.0 Little Rocky Run - 13.0 Pinewood Lake
Little Rocky Run,Week1,Long Branch,Week3,302.0 Little Rocky Run - 100.0 Long Branch
Little Rocky Run,Week4,Long Branch,Week2,294.5 Little Rocky Run - 107.5 Long Branch
Little Hunting Park,Week5,Walden Glen,Week1,226.0 Little Hunting Park - 176.0 Walden Glen
Little Rocky Run,Week1,Fox Mill Woods,Week5,205.0 Fox Mill Woods - 197.0 Little Rocky Run
Long Branch,Week1,Sideburn Run,Week5,245.0 Sideburn Run - 157.0 Long Branch
Little Rocky Run,Week2,Pinewood Lake,Week2,383.0 Little Rocky Run - 19.0 Pinewood Lake
Little Rocky Run,Week2,Long Branch,Week5,288.0 Little Rocky Run - 114.0 Long Branch
Little Rocky Run,Week5,Hunter Mill,Week2,263.0 Little Rocky Run - 139.0 Hunter Mill
Long Branch,Week5,Hunt Valley,Week5,322.5 Hunt Valley - 79.5 Long Branch
Long Branch,Week5,Sideburn Run,Week1,238.0 Sideburn Run - 164.0 Long Branch
Little Rocky Run,Week1,Walden Glen,Week5,287.0 Little Rocky Run - 115.0 Walden Glen
Long Branch,Week5,Mansion House,Week4,216.0 Mansion House - 186.0 Long Branch
Little Rocky Run,Week1,High Point Pool,Week4,213.0 Little Rocky Run - 189.0 High Point Pool
Little Rocky Run,Week5,Little Rocky Run,Week5,198.5 Little Rocky Run (LRR1) - 198.5 Little Rocky Run (LRR2)
Little Rocky Run,Week4,Pinecrest,Week4,203.0 Pinecrest - 199.0 Little Rocky Run
Little Hunting Park,Week5,Wakefield Chapel,Week5,336.0 Wakefield Chapel - 66.0 Little Hunting Park
Little Rocky Run,Week2,Wakefield Chapel,Week1,251.0 Wakefield Chapel - 151.0 Little Rocky Run
Little Rocky Run,Week4,Fox Mill Woods,Week5,203.0 Little Rocky Run - 199.0 Fox Mill Woods
Long Branch,Week3,Mansion House,Week1,259.0 Mansion House - 143.0 Long Branch
Little Rocky Run,Week4,Springboard,Week1,333.0 Little Rocky Run - 69.0 Springboard
Long Branch,Week5,Mansion House,Week2,231.0 Mansion House - 170.0 Long Branch
Little Rocky Run,Week2,Hiddenbrook,Week5,272.0 Little Rocky Run - 130.0 Hiddenbrook
Little Rocky Run,Week2,Ilda Community,Week2,315.0 Little Rocky Run - 87.0 Ilda Community
Long Branch,Week2,Sideburn Run,Week2,239.5 Sideburn Run - 162.5 Long Branch
Little Rocky Run,Week4,Springboard,Week2,361.0 Little Rocky Run - 41.0 Springboard
Little Rocky Run,Week5,Fox Mill Woods,Week5,214.0 Little Rocky Run - 188.0 Fox Mill Woods
Little Rocky Run,Week3,Pinewood Lake,Week3,382.0 Little Rocky Run - 19.0 Pinewood Lake
Little Rocky Run,Week1,Walden Glen,Week4,300.0 Little Rocky Run - 102.0 Walden Glen
Little Rocky Run,Week5,Springboard,Week1,350.0 Little Rocky Run - 52.0 Springboard
Little Rocky Run,Week1,Long Branch,Week4,291.0 Little Rocky Run - 111.0 Long Branch
Little Rocky Run,Week4,Fox Mill Woods,Week1,201.0 Fox Mill Woods - 201.0 Little Rocky Run
Long Branch,Week5,Mansion House,Week5,264.0 Mansion House - 138.0 Long Branch
Little Rocky Run,Week2,Wakefield Chapel,Week5,269.0 Wakefield Chapel - 133.0 Little Rocky Run
Little Hunting Park,Week4,Walden Glen,Week1,206.0 Walden Glen - 196.0 Little Hunting Park
Little Rocky Run,Week1,Ilda Community,Week2,323.0 Little Rocky Run - 79.0 Ilda Community
Little Rocky Run,Week4,Pinecrest,Week3,212.0 Pinecrest - 190.0 Little Rocky Run
Little Rocky Run,Week1,High Point Pool,Week5,215.0 Little Rocky Run - 187.0 High Point Pool
Little Rocky Run,Week1,Springboard,Week3,328.0 Little Rocky Run - 74.0 Springboard
Little Rocky Run,Week5,Hiddenbrook,Week5,295.0 Little Rocky Run - 107.0 Hiddenbrook
Little Rocky Run,Week5,Hunter Mill,Week1,251.0 Little Rocky Run - 146.0 Hunter Mill
Little Rocky Run,Week3,Long Branch,Week3,318.0 Little Rocky Run - 84.0 Long Branch
Long Branch,Week3,Sideburn Run,Week5,268.0 Sideburn Run - 134.0 Long Branch
Long Branch,Week5,Shouse Village,Week4,245.0 Shouse Village - 157.0 Long Branch
Little Rocky Run,Week4,Pinewood Lake,Week1,381.0 Little Rocky Run - 21.0 Pinewood Lake
Long Branch,Week3,Hunter Mill,Week3,283.0 Hunter Mill - 119.0 Long Branch
Little Rocky Run,Week3,High Point Pool,Week3,244.0 Little Rocky Run - 158.0 High Point Pool
Long Branch,Week2,Mansion House,Week5,272.0 Mansion House - 130.0 Long Branch
Little Rocky Run,Week3,Kent Gardens,Week2,297.0 Little Rocky Run - 105.0 Kent Gardens
Little Rocky Run,Week3,Springboard,Week1,350.0 Little Rocky Run - 52.0 Springboard
Little Rocky Run,Week2,Wakefield Chapel,Week2,239.0 Wakefield Chapel - 163.0 Little Rocky Run
Long Branch,Week5,Hunt Valley,Week2,303.0 Hunt Valley - 99.0 Long Branch
Long Branch,Week1,Mansion House,Week3,265.0 Mansion House - 137.0 Long Branch
Long Branch,Week5,Sideburn Run,Week2,229.0 Sideburn Run - 173.0 Long Branch
Little Rocky Run,Week3,Ilda Community,Week1,328.0 Little Rocky Run - 74.0 Ilda Community
Little Rocky Run,Week2,High Point Pool,Week4,210.5 Little Rocky Run - 191.5 High Point Pool
Little Rocky Run,Week5,Wakefield Chapel,Week4,201.5 Wakefield Chapel - 200.5 Little Rocky Run
Little Rocky Run,Week3,Hiddenbrook,Week2,330.0 Little Rocky Run - 72.0 Hiddenbrook
Little Rocky Run,Week1,Great Falls,Week5,243.0 Little Rocky Run - 159.0 Great Falls
Little Rocky Run,Week2,Springboard,Week1,335.0 Little Rocky Run - 67.0 Springboard
Little Rocky Run,Week3,Pinewood Lake,Week4,382.0 Little Rocky Run - 19.0 Pinewood Lake
Little Rocky Run,Week5,Little Rocky Run,Week4,232.0 Little Rocky Run (LRR1) - 170.0 Little Rocky Run (LRR2)
Long Branch,Week3,Hunter Mill,Week1,277.0 Hunter Mill - 125.0 Long Branch
Little Rocky Run,Week1,Pinewood Lake,Week4,371.0 Little Rocky Run - 23.0 Pinewood Lake
Little Rocky Run,Week2,Long Branch,Week1,300.0 Little Rocky Run - 102.0 Long Branch
Little Rocky Run,Week3,Fox Mill Woods,Week5,221.0 Little Rocky Run - 181.0 Fox Mill Woods
Little Rocky Run,Week2,Great Falls,Week1,273.0 Little Rocky Run - 129.0 Great Falls
Little Rocky Run,Week2,Fox Mill Woods,Week5,214.0 Fox Mill Woods - 188.0 Little Rocky Run
Little Rocky Run,Week4,Ilda Community,Week2,332.0 Little Rocky Run - 70.0 Ilda Community
Long Branch,Week1,Mansion House,Week1,264.0 Mansion House - 133.0 Long Branch
Little Rocky Run,Week2,Springboard,Week4,333.0 Little Rocky Run - 69.0 Springboard
Little Rocky Run,Week4,Wakefield Chapel,Week2,214.0 Wakefield Chapel - 188.0 Little Rocky Run
Long Branch,Week4,Hunter Mill,Week2,258.0 Hunter Mill - 144.0 Long Branch
Little Rocky Run,Week4,High Point Pool,Week3,233.0 Little Rocky Run - 169.0 High Point Pool
Long Branch,Week1,Hunter Mill,Week2,266.0 Hunter Mill - 135.0 Long Branch
Little Rocky Run,Week2,Long Branch,Week4,295.0 Little Rocky Run - 107.0 Long Branch
Little Rocky Run,Week3,Pinewood Lake,Week1,374.0 Little Rocky Run - 27.0 Pinewood Lake
Little Rocky Run,Week2,Walden Glen,Week3,312.0 Little Rocky Run - 90.0 Walden Glen
Little Rocky Run,Week1,Long Branch,Week1,298.0 Little Rocky Run - 99.0 Long Branch
Little Rocky Run,Week5,Kent Gardens,Week4,284.0 Little Rocky Run - 118.0 Kent Gardens
Little Rocky Run,Week4,Fox Mill Woods,Week3,211.0 Little Rocky Run - 191.0 Fox Mill Woods
Little Rocky Run,Week2,Waynewood,Week4,212.0 Little Rocky Run - 190.0 Waynewood
Little Rocky Run,Week5,South Run,Week5,271.0 Little Rocky Run - 131.0 South Run
Long Branch,Week4,Mansion House,Week3,270.0 Mansion House - 132.0 Long Branch
Little Rocky Run,Week5,South Run,Week4,287.0 Little Rocky Run - 115.0 South Run
Little Rocky Run,Week2,High Point Pool,Week3,220.0 Little Rocky Run - 182.0 High Point Pool
Little Rocky Run,Week3,High Point Pool,Week2,236.0 Little Rocky Run - 166.0 High Point Pool
Little Rocky Run,Week1,Long Branch,Week5,278.0 Little Rocky Run - 124.0 Long Branch
Little Rocky Run,Week2,Pinewood Lake,Week3,385.0 Little Rocky Run - 17.0 Pinewood Lake
Long Branch,Week1,Mansion House,Week4,233.0 Mansion House - 164.0 Long Branch
Long Branch,Week5,Hunter Mill,Week1,260.0 Hunter Mill - 142.0 Long Branch
Long Branch,Week5,Shouse Village,Week5,245.0 Shouse Village - 157.0 Long Branch
Little Rocky Run,Week5,Kent Gardens,Week2,294.0 Little Rocky Run - 108.0 Kent Gardens
Long Branch,Week1,Sideburn Run,Week2,236.0 Sideburn Run - 166.0 Long Branch
Little Rocky Run,Week1,Great Falls,Week3,249.0 Little Rocky Run - 153.0 Great Falls
Little Rocky Run,Week4,Kent Gardens,Week4,274.0 Little Rocky Run - 128.0 Kent Gardens
Long Branch,Week5,Mansion House,Week3,261.0 Mansion House - 141.0 Long Branch
Little Rocky Run,Week2,Walden Glen,Week5,280.0 Little Rocky Run - 122.0 Walden Glen
Little Rocky Run,Week2,Walden Glen,Week4,291.0 Little Rocky Run - 111.0 Walden Glen
Little Rocky Run,Week3,Springboard,Week2,359.0 Little Rocky Run - 43.0 Springboard
Little Rocky Run,Week4,Pinewood Lake,Week2,382.0 Little Rocky Run - 19.0 Pinewood Lake
Long Branch,Week5,Shouse Village,Week3,232.0 Shouse Village - 170.0 Long Branch
Long Branch,Week3,Sideburn Run,Week3,265.0 Sideburn Run - 137.0 Long Branch
Little Rocky Run,Week3,Long Branch,Week4,311.0 Little Rocky Run - 91.0 Long Branch
Little Rocky Run,Week4,Fox Mill Woods,Week2,224.0 Little Rocky Run - 178.0 Fox Mill Woods
Little Rocky Run,Week5,Fox Mill Woods,Week3,241.0 Little Rocky Run - 161.0 Fox Mill Woods
Little Rocky Run,Week5,Springfield,Week4,389.0 Little Rocky Run - 8.0 Springfield
Little Rocky Run,Week1,High Point Pool,Week1,229.0 Little Rocky Run - 173.0 High Point Pool
Little Rocky Run,Week3,Waynewood,Week1,245.0 Little Rocky Run - 157.0 Waynewood
Little Rocky Run,Week4,Walden Glen,Week4,301.0 Little Rocky Run - 101.0 Walden Glen
Little Rocky Run,Week3,Pinewood Lake,Week5,374.0 Little Rocky Run - 27.0 Pinewood Lake
Little Rocky Run,Week5,Hiddenbrook,Week4,318.5 Little Rocky Run - 83.5 Hiddenbrook
Long Branch,Week2,Sideburn Run,Week4,249.0 Sideburn Run - 153.0 Long Branch
Little Rocky Run,Week3,Springboard,Week3,349.0 Little Rocky Run - 53.0 Springboard
Long Branch,Week2,Sideburn Run,Week1,252.0 Sideburn Run - 145.0 Long Branch
Little Rocky Run,Week4,Pinecrest,Week5,216.0 Pinecrest - 186.0 Little Rocky Run
Little Rocky Run,Week4,Hiddenbrook,Week1,301.0 Little Rocky Run - 101.0 Hiddenbrook
Little Rocky Run,Week3,Long Branch,Week1,312.0 Little Rocky Run - 90.0 Long Branch
Long Branch,Week5,Mantua,Week3,299.0 Mantua - 103.0 Long Branch
Long Branch,Week5,Mantua,Week4,284.5 Mantua - 117.5 Long Branch
Little Rocky Run,Week5,Ilda Community,Week5,343.0 Little Rocky Run - 59.0 Ilda Community
Little Rocky Run,Week4,Springboard,Week5,323.0 Little Rocky Run - 79.0 Springboard
Little Rocky Run,Week4,Pinewood Lake,Week3,387.0 Little Rocky Run - 14.0 Pinewood Lake
Little Rocky Run,Week4,Fox Mill Woods,Week4,217.0 Little Rocky Run - 185.0 Fox Mill Woods
Long Branch,Week1,McLean,Week3,303.5 McLean - 93.5 Long Branch
Little Rocky Run,Week4,Hiddenbrook,Week3,296.0 Little Rocky Run - 106.0 Hiddenbrook
Little Rocky Run,Week5,Pinecrest,Week5,202.0 Pinecrest - 200.0 Little Rocky Run
Long Branch,Week5,Hunter Mill,Week4,270.0 Hunter Mill - 132.0 Long Branch
Little Rocky Run,Week4,Ilda Community,Week5,327.5 Little Rocky Run - 74.5 Ilda Community
Little Rocky Run,Week5,Springboard,Week4,348.0 Little Rocky Run - 49.0 Springboard
Little Rocky Run,Week2,Kent Gardens,Week3,265.0 Little Rocky Run - 137.0 Kent Gardens
Long Branch,Week5,Hunter Mill,Week5,277.0 Hunter Mill - 125.0 Long Branch
Little Rocky Run,Week4,Kent Gardens,Week1,257.0 Little Rocky Run - 145.0 Kent Gardens
Long Branch,Week1,Mantua,Week4,290.0 Mantua - 112.0 Long Branch
Long Branch,Week2,Sideburn Run,Week3,247.0 Sideburn Run - 155.0 Long Branch
Little Rocky Run,Week3,Long Branch,Week2,309.0 Little Rocky Run - 93.0 Long Branch
Little Rocky Run,Week1,Great Falls,Week2,245.0 Little Rocky Run - 139.0 Great Falls
Little Rocky Run,Week3,Waynewood,Week4,243.0 Little Rocky Run - 159.0 Waynewood
Long Branch,Week4,Hunter Mill,Week4,273.0 Hunter Mill - 129.0 Long Branch
Long Branch,Week1,Ilda Community,Week3,216.0 Long Branch - 180.0 Ilda Community
Little Rocky Run,Week3,Fox Mill Woods,Week2,238.0 Little Rocky Run - 164.0 Fox Mill Woods
Little Rocky Run,Week1,High Point Pool,Week2,208.0 Little Rocky Run - 194.0 High Point Pool
Little Rocky Run,Week1,Stratford,Week1,305.0 Little Rocky Run - 92.0 Stratford
Little Rocky Run,Week2,Waynewood,Week3,213.0 Waynewood - 189.0 Little Rocky Run
Little Rocky Run,Week4,Waynewood,Week3,208.0 Waynewood - 194.0 Little Rocky Run
Little Rocky Run,Week1,Stratford,Week4,309.0 Little Rocky Run - 93.0 Stratford
Long Branch,Week4,Hunt Valley,Week3,329.0 Hunt Valley - 73.0 Long Branch
Little Rocky Run,Week1,Waynewood,Week1,240.5 Little Rocky Run - 161.5 Waynewood
Little Rocky Run,Week4,Pinewood Lake,Week4,383.0 Little Rocky Run - 18.0 Pinewood Lake
Long Branch,Week1,Sideburn Run,Week3,258.0 Sideburn Run - 144.0 Long Branch
Long Branch,Week1,McLean,Week2,309.0 McLean - 93.0 Long Branch
Little Rocky Run,Week5,Ilda Community,Week2,346.0 Little Rocky Run - 56.0 Ilda Community
Little Rocky Run,Week5,Pinewood Lake,Week1,377.0 Little Rocky Run - 20.0 Pinewood Lake
Long Branch,Week2,Sideburn Run,Week5,264.0 Sideburn Run - 138.0 Long Branch
Long Branch,Week2,McLean,Week1,303.0 McLean - 99.0 Long Branch
Little Rocky Run,Week2,High Point Pool,Week5,202.0 High Point Pool - 200.0 Little Rocky Run
Little Rocky Run,Week4,Pinewood Lake,Week5,380.0 Little Rocky Run - 21.0 Pinewood Lake
Little Rocky Run,Week1,Kent Gardens,Week4,268.0 Little Rocky Run - 134.0 Kent Gardens
Long Branch,Week2,Hunter Mill,Week1,261.0 Hunter Mill - 141.0 Long Branch
Long Branch,Week1,Sideburn Run,Week4,247.0 Sideburn Run - 155.0 Long Branch
Little Rocky Run,Week3,Kent Gardens,Week1,270.0 Little Rocky Run - 132.0 Kent Gardens
Little Rocky Run,Week3,High Point Pool,Week4,238.0 Little Rocky Run - 164.0 High Point Pool
Little Rocky Run,Week1,Great Falls,Week4,271.0 Little Rocky Run - 131.0 Great Falls
Long Branch,Week1,Mantua,Week2,280.0 Mantua - 122.0 Long Branch
Little Rocky Run,Week3,Fox Mill Woods,Week3,237.0 Little Rocky Run - 165.0 Fox Mill Woods
Long Branch,Week2,Hunter Mill,Week3,275.5 Hunter Mill - 126.5 Long Branch
Little Rocky Run,Week3,Fox Mill Woods,Week4,220.5 Little Rocky Run - 181.5 Fox Mill Woods
Mansion House,Week3,Canterbury Woods,Week2,278.0 Mansion House - 124.0 Canterbury Woods
Mansion House,Week1,Ravensworth Farm,Week3,213.0 Ravensworth Farm - 189.0 Mansion House
Mansion House,Week4,Canterbury Woods,Week1,237.0 Mansion House - 160.0 Canterbury Woods
Mansion House,Week4,Poplar Tree,Week1,245.0 Poplar Tree - 157.0 Mansion House
Mansion House,Week1,Poplar Tree,Week2,220.0 Poplar Tree - 182.0 Mansion House
Mansion House,Week1,Ravensworth Farm,Week1,207.0 Mansion House - 195.0 Ravensworth Farm
Mantua,Week2,Fox Mill Estates,Week3,256.0 Mantua - 146.0 Fox Mill Estates
Long Branch,Week4,Virginia Hills,Week4,320.0 Long Branch - 82.0 Virginia Hills
Mansion House,Week1,Canterbury Woods,Week4,259.0 Mansion House - 143.0 Canterbury Woods
Mansion House,Week4,Poplar Tree,Week3,228.0 Poplar Tree - 174.0 Mansion House
Mantua,Week3,Mount Vernon Park,Week4,211.0 Mantua - 191.0 Mount Vernon Park
Long Branch,Week3,Virginia Hills,Week3,291.0 Long Branch - 111.0 Virginia Hills
Mantua,Week3,Mount Vernon Park,Week5,218.0 Mount Vernon Park - 184.0 Mantua
Mantua,Week4,Mount Vernon Park,Week1,237.0 Mount Vernon Park - 165.0 Mantua
Long Branch,Week5,Villa Aquatic,Week3,228.0 Villa Aquatic - 174.0 Long Branch
Mantua,Week2,Rutherford,Week4,288.0 Mantua - 113.0 Rutherford
Mantua,Week1,Mount Vernon Park,Week2,215.0 Mount Vernon Park - 187.0 Mantua
Long Branch,Week2,Villa Aquatic,Week4,238.0 Villa Aquatic - 164.0 Long Branch
Mansion House,Week2,Canterbury Woods,Week1,260.0 Mansion House - 137.0 Canterbury Woods
Mantua,Week2,Rutherford,Week2,308.0 Mantua - 94.0 Rutherford
Mantua,Week3,Mount Vernon Park,Week3,212.0 Mount Vernon Park - 190.0 Mantua
Long Branch,Week5,Vienna Woods,Week5,339.0 Vienna Woods - 63.0 Long Branch
Mantua,Week4,Rutherford,Week1,336.0 Mantua - 66.0 Rutherford
Long Branch,Week5,Vienna Woods,Week3,326.5 Vienna Woods - 75.5 Long Branch
Mantua,Week5,Fox Mill Estates,Week1,305.5 Mantua - 96.5 Fox Mill Estates
Mantua,Week5,Fox Mill Estates,Week4,278.0 Mantua - 124.0 Fox Mill Estates
Mantua,Week4,Mosby Woods,Week3,227.0 Mosby Woods - 175.0 Mantua
Mantua,Week4,Fox Mill Estates,Week1,285.0 Mantua - 117.0 Fox Mill Estates
Mansion House,Week2,Canterbury Woods,Week4,249.0 Mansion House - 148.0 Canterbury Woods
Long Branch,Week5,Vienna Woods,Week4,301.0 Vienna Woods - 101.0 Long Branch
Long Branch,Week3,Villa Aquatic,Week2,227.5 Villa Aquatic - 174.5 Long Branch
Mantua,Week4,Rutherford,Week3,317.0 Mantua - 85.0 Rutherford
Mantua,Week3,Mount Vernon Park,Week2,214.0 Mantua - 188.0 Mount Vernon Park
Mantua,Week5,Fox Mill Estates,Week2,276.0 Mantua - 126.0 Fox Mill Estates
Mantua,Week4,Mosby Woods,Week5,214.0 Mosby Woods - 188.0 Mantua
Long Branch,Week3,Virginia Hills,Week4,290.0 Long Branch - 112.0 Virginia Hills
Long Branch,Week1,Virginia Hills,Week4,289.0 Long Branch - 112.0 Virginia Hills
Mantua,Week4,Shouse Village,Week5,219.0 Mantua - 183.0 Shouse Village
Mantua,Week5,Fox Mill Estates,Week3,280.0 Mantua - 122.0 Fox Mill Estates
Mansion House,Week1,Canterbury Woods,Week5,261.0 Mansion House - 135.0 Canterbury Woods
Mansion House,Week2,Ravensworth Farm,Week5,223.0 Ravensworth Farm - 179.0 Mansion House
Long Branch,Week2,Villa Aquatic,Week1,221.0 Villa Aquatic - 181.0 Long Branch
Mantua,Week5,Rutherford,Week5,330.0 Mantua - 72.0 Rutherford
Mantua,Week2,Fox Mill Woods,Week3,218.0 Fox Mill Woods - 184.0 Mantua
Mantua,Week3,Fox Mill Estates,Week4,279.0 Mantua - 123.0 Fox Mill Estates
Mansion House,Week5,Camelot,Week5,263.0 Mansion House - 139.0 Camelot
Mantua,Week2,Shouse Village,Week4,222.5 Mantua - 179.5 Shouse Village
Mantua,Week3,Fox Mill Estates,Week1,308.0 Mantua - 94.0 Fox Mill Estates
Mantua,Week1,Shouse Village,Week5,228.5 Mantua - 172.5 Shouse Village
Mantua,Week1,Mount Vernon Park,Week5,235.0 Mount Vernon Park - 167.0 Mantua
Mantua,Week3,Mount Vernon Park,Week1,208.0 Mantua - 194.0 Mount Vernon Park
Mantua,Week3,Fox Mill Estates,Week2,289.0 Mantua - 113.0 Fox Mill Estates
Mantua,Week3,Fox Mill Estates,Week5,284.0 Mantua - 118.0 Fox Mill Estates
Mansion House,Week5,Poplar Tree,Week3,216.0 Poplar Tree - 186.0 Mansion House
Mansion House,Week5,Poplar Tree,Week2,202.0 Mansion House - 200.0 Poplar Tree
Mantua,Week3,Rutherford,Week4,318.5 Mantua - 83.5 Rutherford
Mansion House,Week2,Ravensworth Farm,Week2,215.0 Mansion House - 187.0 Ravensworth Farm
Mansion House,Week5,Camelot,Week4,260.0 Mansion House - 142.0 Camelot
Mantua,Week4,Mount Vernon Park,Week3,233.0 Mount Vernon Park - 169.0 Mantua
Long Branch,Week1,Virginia Hills,Week1,286.0 Long Branch - 115.0 Virginia Hills
Mansion House,Week3,Canterbury Woods,Week4,257.0 Mansion House - 145.0 Canterbury Woods
Mansion House,Week1,Canterbury Woods,Week3,272.0 Mansion House - 130.0 Canterbury Woods
Mansion House,Week5,Poplar Tree,Week4,208.0 Mansion House - 194.0 Poplar Tree
Mansion House,Week1,Poplar Tree,Week1,215.0 Poplar Tree - 187.0 Mansion House
Mansion House,Week3,Canterbury Woods,Week5,264.0 Mansion House - 137.0 Canterbury Woods
Mansion House,Week5,Camelot,Week3,271.0 Mansion House - 131.0 Camelot
Mantua,Week3,Rutherford,Week1,347.0 Mantua - 55.0 Rutherford
Mantua,Week2,Rutherford,Week3,286.0 Mantua - 116.0 Rutherford
Mantua,Week2,Mount Vernon Park,Week4,229.0 Mount Vernon Park - 173.0 Mantua
Long Branch,Week2,Villa Aquatic,Week5,242.5 Villa Aquatic - 159.5 Long Branch
Long Branch,Week1,Villa Aquatic,Week1,228.0 Villa Aquatic - 174.0 Long Branch
Mantua,Week4,Mount Vernon Park,Week2,226.0 Mount Vernon Park - 176.0 Mantua
Long Branch,Week2,Virginia Hills,Week4,305.0 Long Branch - 96.0 Virginia Hills
Mantua,Week4,Fox Mill Estates,Week3,266.0 Mantua - 136.0 Fox Mill Estates
Mansion House,Week1,Riverside Gardens,Week5,245.0 Riverside Gardens - 157.0 Mansion House
Mantua,Week3,Shouse Village,Week4,253.0 Mantua - 149.0 Shouse Village
Mantua,Week5,Rutherford,Week1,350.0 Mantua - 52.0 Rutherford
Mantua,Week4,Rutherford,Week2,328.0 Mantua - 74.0 Rutherford
Mantua,Week1,Fox Mill Woods,Week3,202.0 Mantua - 200.0 Fox Mill Woods
Mansion House,Week3,Poplar Tree,Week4,208.0 Mansion House - 194.0 Poplar Tree
Mantua,Week2,Rutherford,Week5,283.0 Mantua - 119.0 Rutherford
Mansion House,Week3,Poplar Tree,Week2,203.0 Mansion House - 199.0 Poplar Tree
Long Branch,Week2,Virginia Hills,Week2,298.0 Long Branch - 103.0 Virginia Hills
Mantua,Week2,Rutherford,Week1,319.0 Mantua - 82.0 Rutherford
Mansion House,Week4,Camelot,Week4,245.0 Mansion House - 157.0 Camelot
Mansion House,Week3,Poplar Tree,Week5,220.0 Poplar Tree - 182.0 Mansion House
Mantua,Week3,Mosby Woods,Week1,208.0 Mosby Woods - 194.0 Mantua
Long Branch,Week5,Village West,Week5,239.0 Long Branch - 162.0 Village West
Mantua,Week1,Fox Mill Woods,Week5,231.0 Fox Mill Woods - 171.0 Mantua
Mantua,Week4,Fox Mill Estates,Week4,258.0 Mantua - 144.0 Fox Mill Estates
Long Branch,Week5,Virginia Hills,Week2,312.0 Long Branch - 89.0 Virginia Hills
Long Branch,Week1,Villa Aquatic,Week5,257.0 Villa Aquatic - 145.0 Long Branch
Mansion House,Week1,Canterbury Woods,Week1,278.0 Mansion House - 119.0 Canterbury Woods
Mantua,Week2,Fox Mill Estates,Week2,266.5 Mantua - 135.5 Fox Mill Estates
Long Branch,Week2,Virginia Hills,Week5,288.0 Long Branch - 114.0 Virginia Hills
Mansion House,Week5,Camelot,Week2,257.0 Mansion House - 145.0 Camelot
Long Branch,Week3,Villa Aquatic,Week3,251.0 Villa Aquatic - 151.0 Long Branch
Mantua,Week5,Mosby Woods,Week1,210.0 Mosby Woods - 192.0 Mantua
Mantua,Week4,Mosby Woods,Week1,221.0 Mosby Woods - 181.0 Mantua
Mansion House,Week4,Poplar Tree,Week5,244.0 Poplar Tree - 158.0 Mansion House
Long Branch,Week3,Villa Aquatic,Week5,256.0 Villa Aquatic - 146.0 Long Branch
Mansion House,Week2,Riverside Gardens,Week4,249.0 Riverside Gardens - 153.0 Mansion House
Mantua,Week3,Rutherford,Week5,317.0 Mantua - 85.0 Rutherford
Mantua,Week4,Mount Vernon Park,Week4,219.0 Mount Vernon Park - 183.0 Mantua
Mansion House,Week4,Canterbury Woods,Week2,259.0 Mansion House - 143.0 Canterbury Woods
Mantua,Week4,Fox Mill Estates,Week2,264.0 Mantua - 138.0 Fox Mill Estates
Mantua,Week4,Mount Vernon Park,Week5,242.0 Mount Vernon Park - 160.0 Mantua
Mantua,Week5,Rutherford,Week4,314.0 Mantua - 88.0 Rutherford
Long Branch,Week4,Villa Aquatic,Week3,263.0 Villa Aquatic - 139.0 Long Branch
Mansion House,Week1,Riverside Gardens,Week1,216.0 Riverside Gardens - 186.0 Mansion House
Long Branch,Week4,Virginia Run,Week4,267.0 Virginia Run - 135.0 Long Branch
Mansion House,Week5,Camelot,Week1,253.0 Mansion House - 149.0 Camelot
Mansion House,Week4,Camelot,Week3,233.0 Mansion House - 169.0 Camelot
Mantua,Week4,Rutherford,Week4,299.0 Mantua - 103.0 Rutherford
Mansion House,Week3,Riverside Gardens,Week1,209.0 Riverside Gardens - 193.0 Mansion House
Mantua,Week5,Fox Mill Estates,Week5,287.0 Mantua - 115.0 Fox Mill Estates
Mantua,Week4,Fox Mill Estates,Week5,267.0 Mantua - 135.0 Fox Mill Estates
Long Branch,Week2,Villa Aquatic,Week2,217.0 Villa Aquatic - 185.0 Long Branch
Mansion House,Week2,Canterbury Woods,Week5,254.0 Mansion House - 139.0 Canterbury Woods
Mansion House,Week5,Canterbury Woods,Week5,268.0 Mansion House - 134.0 Canterbury Woods
Mantua,Week3,Rutherford,Week2,337.5 Mantua - 64.5 Rutherford
Mantua,Week5,Mount Vernon Park,Week2,207.0 Mantua - 195.0 Mount Vernon Park
Mantua,Week3,Fox Mill Estates,Week3,286.0 Mantua - 116.0 Fox Mill Estates
Mansion House,Week5,Ravensworth Farm,Week3,205.0 Mansion House - 197.0 Ravensworth Farm
Mansion House,Week4,Canterbury Woods,Week3,248.0 Mansion House - 154.0 Canterbury Woods
Mantua,Week3,Newington Forest,Week1,340.0 Mantua - 61.0 Newington Forest
Long Branch,Week5,Virginia Run,Week4,254.0 Virginia Run - 148.0 Long Branch
Mansion House,Week4,Canterbury Woods,Week4,234.0 Mansion House - 168.0 Canterbury Woods
Long Branch,Week3,Virginia Run,Week5,287.0 Virginia Run - 115.0 Long Branch
Mansion House,Week3,Ravensworth Farm,Week1,218.0 Mansion House - 184.0 Ravensworth Farm
Long Branch,Week5,Villa Aquatic,Week2,212.0 Villa Aquatic - 190.0 Long Branch
Mantua,Week5,Rutherford,Week3,316.0 Mantua - 86.0 Rutherford
Mantua,Week1,Newington Forest,Week4,317.0 Mantua - 85.0 Newington Forest
Long Branch,Week1,Wakefield Chapel,Week3,319.0 Wakefield Chapel - 83.0 Long Branch
Mantua,Week2,Newington Forest,Week4,300.0 Mantua - 97.0 Newington Forest
Mantua,Week2,Fox Mill Estates,Week4,240.0 Mantua - 162.0 Fox Mill Estates
Mantua,Week1,Fox Mill Woods,Week1,226.0 Fox Mill Woods - 176.0 Mantua
Mansion House,Week1,Riverside Gardens,Week3,226.5 Riverside Gardens - 175.5 Mansion House
Mantua,Week1,Shouse Village,Week3,243.0 Mantua - 159.0 Shouse Village
Mantua,Week5,Rutherford,Week2,328.0 Mantua - 74.0 Rutherford
Long Branch,Week1,Villa Aquatic,Week2,238.0 Villa Aquatic - 164.0 Long Branch
Long Branch,Week1,Villa Aquatic,Week4,248.0 Villa Aquatic - 154.0 Long Branch
Long Branch,Week1,Villa Aquatic,Week3,263.0 Villa Aquatic - 139.0 Long Branch
Mansion House,Week3,Canterbury Woods,Week3,266.0 Mansion House - 136.0 Canterbury Woods
Mansion House,Week3,Ravensworth Farm,Week2,238.0 Mansion House - 164.0 Ravensworth Farm
Long Branch,Week2,Virginia Run,Week4,268.0 Virginia Run - 134.0 Long Branch
Mantua,Week2,Newington Forest,Week1,314.0 Mantua - 87.0 Newington Forest
Mansion House,Week2,Ravensworth Farm,Week3,217.0 Ravensworth Farm - 184.0 Mansion House
Long Branch,Week2,Virginia Run,Week1,284.0 Virginia Run - 118.0 Long Branch
Mantua,Week1,Shouse Village,Week4,230.0 Mantua - 172.0 Shouse Village
Mantua,Week2,Fox Mill Estates,Week5,248.0 Mantua - 154.0 Fox Mill Estates
Long Branch,Week3,Villa Aquatic,Week1,235.0 Villa Aquatic - 167.0 Long Branch
Mantua,Week2,Shouse Village,Week3,237.0 Mantua - 165.0 Shouse Village
Mansion House,Week1,Cardinal Hill,Week5,219.0 Cardinal Hill - 183.0 Mansion House
Mantua,Week3,Newington Forest,Week3,336.0 Mantua - 66.0 Newington Forest
Mansion House,Week1,Cardinal Hill,Week1,214.0 Cardinal Hill - 188.0 Mansion House
Long Branch,Week3,Villa Aquatic,Week4,246.0 Villa Aquatic - 156.0 Long Branch
Mansion House,Week2,Canterbury Woods,Week3,262.0 Mansion House - 140.0 Canterbury Woods
Mantua,Week1,Fox Mill Woods,Week4,213.0 Fox Mill Woods - 189.0 Mantua
Mantua,Week1,Newington Forest,Week3,321.0 Mantua - 81.0 Newington Forest
Mantua,Week2,Fox Mill Woods,Week1,224.0 Fox Mill Woods - 178.0 Mantua
Mantua,Week1,Newington Forest,Week5,301.0 Mantua - 101.0 Newington Forest
Long Branch,Week2,Virginia Run,Week2,245.0 Virginia Run - 157.0 Long Branch
Mansion House,Week3,Ravensworth Farm,Week5,208.0 Ravensworth Farm - 194.0 Mansion House
Mantua,Week2,Great Falls,Week5,232.0 Mantua - 170.0 Great Falls
Mansion House,Week5,Canterbury Woods,Week2,287.0 Mansion House - 115.0 Canterbury Woods
Mansion House,Week2,Riverside Gardens,Week2,214.0 Riverside Gardens - 188.0 Mansion House
Long Branch,Week4,Villa Aquatic,Week5,257.0 Villa Aquatic - 145.0 Long Branch
Long Branch,Week1,Wakefield Chapel,Week2,315.0 Wakefield Chapel - 87.0 Long Branch
Mansion House,Week2,Ravensworth Farm,Week4,204.0 Ravensworth Farm - 198.0 Mansion House
Mantua,Week1,Great Falls,Week1,252.0 Mantua - 145.0 Great Falls
Mansion House,Week4,Ravensworth Farm,Week1,215.0 Ravensworth Farm - 187.0 Mansion House
Mantua,Week3,Rutherford,Week3,326.0 Mantua - 76.0 Rutherford
Long Branch,Week4,Virginia Run,Week5,278.0 Virginia Run - 124.0 Long Branch
Mantua,Week2,Shouse Village,Week5,218.0 Mantua - 184.0 Shouse Village
Mansion House,Week3,Canterbury Woods,Week1,273.0 Mansion House - 129.0 Canterbury Woods
Mantua,Week2,Fox Mill Woods,Week4,226.0 Fox Mill Woods - 176.0 Mantua
Mantua,Week5,Fox Mill Woods,Week4,220.0 Mantua - 182.0 Fox Mill Woods
Mantua,Week5,Mount Vernon Park,Week5,210.0 Mount Vernon Park - 192.0 Mantua
Long Branch,Week3,Virginia Run,Week1,286.0 Virginia Run - 116.0 Long Branch
Long Branch,Week4,Villa Aquatic,Week1,219.0 Villa Aquatic - 183.0 Long Branch
Mantua,Week5,Mount Vernon Park,Week4,211.0 Mantua - 191.0 Mount Vernon Park
Mansion House,Week2,Cardinal Hill,Week2,201.0 Cardinal Hill - 196.0 Mansion House
Long Branch,Week2,Virginia Run,Week5,287.0 Virginia Run - 115.0 Long Branch
Long Branch,Week5,Villa Aquatic,Week1,206.0 Long Branch - 196.0 Villa Aquatic
Long Branch,Week4,Villa Aquatic,Week2,226.0 Villa Aquatic - 176.0 Long Branch
Mantua,Week1,Newington Forest,Week2,318.0 Mantua - 82.0 Newington Forest
Mantua,Week2,Shouse Village,Week1,235.0 Mantua - 167.0 Shouse Village
Mansion House,Week2,Ravensworth Farm,Week1,209.0 Mansion House - 193.0 Ravensworth Farm
Mantua,Week3,Fox Mill Woods,Week2,236.0 Mantua - 166.0 Fox Mill Woods
Mantua,Week1,Shouse Village,Week1,233.0 Mantua - 169.0 Shouse Village
Mantua,Week4,Rutherford,Week5,299.0 Mantua - 103.0 Rutherford
Long Branch,Week2,Wakefield Chapel,Week5,326.0 Wakefield Chapel - 76.0 Long Branch
Mansion House,Week1,Riverside Gardens,Week2,212.0 Riverside Gardens - 190.0 Mansion House
Mansion House,Week5,Canterbury Woods,Week3,278.0 Mansion House - 124.0 Canterbury Woods
Long Branch,Week4,Villa Aquatic,Week4,242.0 Villa Aquatic - 160.0 Long Branch
Mantua,Week2,Newington Forest,Week2,304.0 Mantua - 97.0 Newington Forest
Mantua,Week3,Shouse Village,Week1,265.0 Mantua - 137.0 Shouse Village
Long Branch,Week2,Villa Aquatic,Week3,255.0 Villa Aquatic - 147.0 Long Branch
Long Branch,Week4,Virginia Run,Week2,239.0 Virginia Run - 163.0 Long Branch
Mantua,Week3,Shouse Village,Week3,256.0 Mantua - 146.0 Shouse Village
Mantua,Week1,Great Falls,Week5,229.0 Mantua - 166.0 Great Falls
Mansion House,Week3,Cardinal Hill,Week1,217.0 Cardinal Hill - 185.0 Mansion House
Mantua,Week2,Newington Forest,Week3,299.0 Mantua - 103.0 Newington Forest
Long Branch,Week3,Virginia Run,Week4,284.0 Virginia Run - 118.0 Long Branch
Long Branch,Week4,Virginia Run,Week3,260.0 Virginia Run - 142.0 Long Branch
Mansion House,Week4,Ravensworth Farm,Week4,205.0 Ravensworth Farm - 197.0 Mansion House
Mantua,Week4,Great Falls,Week1,255.0 Mantua - 147.0 Great Falls
Mantua,Week1,Shouse Village,Week2,259.0 Mantua - 142.0 Shouse Village
Long Branch,Week4,Virginia Run,Week1,278.0 Virginia Run - 124.0 Long Branch
Mansion House,Week4,Ravensworth Farm,Week3,224.0 Ravensworth Farm - 178.0 Mansion House
Mansion House,Week1,Cardinal Hill,Week4,203.0 Mansion House - 199.0 Cardinal Hill
Mantua,Week4,Fox Mill Woods,Week1,210.0 Fox Mill Woods - 192.0 Mantua
Mantua,Week3,Newington Forest,Week2,339.0 Mantua - 62.0 Newington Forest
Mansion House,Week4,Ravensworth Farm,Week5,233.0 Ravensworth Farm - 169.0 Mansion House
Mantua,Week3,Newington Forest,Week4,329.0 Mantua - 73.0 Newington Forest
Mansion House,Week4,Cardinal Hill,Week1,247.0 Cardinal Hill - 155.0 Mansion House
Mantua,Week2,Shouse Village,Week2,268.0 Mantua - 134.0 Shouse Village
Mantua,Week3,Newington Forest,Week5,329.0 Mantua - 73.0 Newington Forest
Mantua,Week1,Great Falls,Week3,231.0 Mantua - 166.0 Great Falls
Mantua,Week5,Fox Mill Woods,Week5,203.0 Fox Mill Woods - 199.0 Mantua
Mantua,Week2,Newington Forest,Week5,289.0 Mantua - 113.0 Newington Forest
Mantua,Week3,Shouse Village,Week2,288.0 Mantua - 114.0 Shouse Village
Mantua,Week3,Shouse Village,Week5,239.0 Mantua - 163.0 Shouse Village
Mansion House,Week1,Riverside Gardens,Week4,240.0 Riverside Gardens - 162.0 Mansion House
Long Branch,Week1,Virginia Run,Week4,268.0 Virginia Run - 134.0 Long Branch
Mansion House,Week5,Ravensworth Farm,Week1,229.0 Mansion House - 173.0 Ravensworth Farm
Mantua,Week4,Shouse Village,Week3,243.0 Mantua - 159.0 Shouse Village
Mantua,Week1,Great Falls,Week4,253.0 Mantua - 138.0 Great Falls
Mantua,Week2,Great Falls,Week1,257.0 Mantua - 145.0 Great Falls
Mantua,Week2,Great Falls,Week2,221.0 Mantua - 163.0 Great Falls
Mantua,Week1,Newington Forest,Week1,321.0 Mantua - 80.0 Newington Forest
Mansion House,Week1,Cardinal Hill,Week3,223.0 Cardinal Hill - 179.0 Mansion House
Long Branch,Week1,Virginia Run,Week2,259.0 Virginia Run - 138.0 Long Branch
Mantua,Week4,Shouse Village,Week2,274.0 Mantua - 128.0 Shouse Village
Mantua,Week4,Newington Forest,Week2,312.0 Mantua - 90.0 Newington Forest
Mansion House,Week3,Cardinal Hill,Week3,226.0 Cardinal Hill - 176.0 Mansion House
Mansion House,Week2,Cardinal Hill,Week1,234.0 Cardinal Hill - 168.0 Mansion House
Mantua,Week4,Shouse Village,Week1,240.0 Mantua - 162.0 Shouse Village
Mansion House,Week5,Ravensworth Farm,Week2,232.0 Mansion House - 170.0 Ravensworth Farm
Mansion House,Week2,Cardinal Hill,Week4,234.0 Cardinal Hill - 168.0 Mansion House
Long Branch,Week3,Virginia Run,Week2,261.0 Virginia Run - 141.0 Long Branch
Mantua,Week4,Fox Mill Woods,Week3,206.0 Fox Mill Woods - 196.0 Mantua
Mansion House,Week4,Ravensworth Farm,Week2,213.0 Mansion House - 189.0 Ravensworth Farm
Mansion House,Week5,Ravensworth Farm,Week5,204.0 Mansion House - 198.0 Ravensworth Farm
Mansion House,Week2,Cardinal Hill,Week5,233.0 Cardinal Hill - 168.0 Mansion House
Long Branch,Week1,Virginia Run,Week1,283.0 Virginia Run - 119.0 Long Branch
Long Branch,Week2,Virginia Run,Week3,257.0 Virginia Run - 145.0 Long Branch
Mansion House,Week5,Ravensworth Farm,Week4,221.0 Mansion House - 181.0 Ravensworth Farm
Mantua,Week4,Newington Forest,Week1,326.0 Mantua - 76.0 Newington Forest
Mansion House,Week4,Cardinal Hill,Week2,224.0 Cardinal Hill - 173.0 Mansion House
Long Branch,Week5,Virginia Run,Week2,239.0 Virginia Run - 163.0 Long Branch
Long Branch,Week1,Wakefield Chapel,Week1,313.0 Wakefield Chapel - 89.0 Long Branch
Long Branch,Week1,Wakefield Chapel,Week4,314.0 Wakefield Chapel - 88.0 Long Branch
Mantua,Week5,North Springfield,Week5,298.0 Mantua - 76.0 North Springfield
Mantua,Week4,Shouse Village,Week4,229.0 Mantua - 173.0 Shouse Village
Mantua,Week3,Great Falls,Week1,292.0 Mantua - 110.0 Great Falls
Mantua,Week1,Sideburn Run,Week2,249.0 Mantua - 153.0 Sideburn Run
Mantua,Week5,Shouse Village,Week5,237.0 Mantua - 165.0 Shouse Village
Mansion House,Week3,Ravensworth Farm,Week4,220.0 Mansion House - 182.0 Ravensworth Farm
Long Branch,Week5,Virginia Run,Week3,251.0 Virginia Run - 151.0 Long Branch
Mantua,Week3,Fox Mill Woods,Week5,215.0 Mantua - 187.0 Fox Mill Woods
Mantua,Week5,Shouse Village,Week2,286.0 Mantua - 116.0 Shouse Village
Long Branch,Week5,Virginia Run,Week1,271.0 Virginia Run - 131.0 Long Branch
Mantua,Week3,Great Falls,Week2,269.0 Mantua - 115.0 Great Falls
Mansion House,Week2,Riverside Gardens,Week3,239.0 Riverside Gardens - 163.0 Mansion House
Mantua,Week5,Shouse Village,Week3,263.0 Mantua - 139.0 Shouse Village
Mantua,Week5,Mount Vernon Park,Week3,209.5 Mount Vernon Park - 192.5 Mantua
Mantua,Week5,Fox Mill Woods,Week2,230.0 Mantua - 172.0 Fox Mill Woods
Long Branch,Week1,Virginia Run,Week3,271.0 Virginia Run - 131.0 Long Branch
Mantua,Week2,North Springfield,Week2,313.0 Mantua - 75.0 North Springfield
Mansion House,Week3,Ravensworth Farm,Week3,202.0 Mansion House - 200.0 Ravensworth Farm
Mansion House,Week5,Canterbury Woods,Week4,267.0 Mansion House - 135.0 Canterbury Woods
Mantua,Week1,Great Falls,Week2,230.0 Mantua - 153.0 Great Falls
Long Branch,Week3,Virginia Run,Week3,273.0 Virginia Run - 129.0 Long Branch
Mantua,Week5,Shouse Village,Week4,249.0 Mantua - 153.0 Shouse Village
Mansion House,Week2,Riverside Gardens,Week5,251.0 Riverside Gardens - 151.0 Mansion House
Mantua,Week4,North Springfield,Week1,316.0 Mantua - 35.0 North Springfield
Mantua,Week5,Shouse Village,Week1,267.0 Mantua - 135.0 Shouse Village
Mansion House,Week2,Riverside Gardens,Week1,221.0 Riverside Gardens - 181.0 Mansion House
Mantua,Week4,North Springfield,Week2,333.0 Mantua - 55.0 North Springfield
Mansion House,Week2,Cardinal Hill,Week3,259.0 Cardinal Hill - 143.0 Mansion House
Mansion House,Week1,Cardinal Hill,Week2,202.0 Mansion House - 195.0 Cardinal Hill
Mantua,Week1,Sideburn Run,Week1,237.0 Mantua - 165.0 Sideburn Run
Mansion House,Week3,Cardinal Hill,Week4,209.0 Cardinal Hill - 193.0 Mansion House
Mantua,Week5,Newington Forest,Week1,341.0 Mantua - 60.0 Newington Forest
Mantua,Week2,Great Falls,Week3,236.5 Mantua - 165.5 Great Falls
Mantua,Week3,Fox Mill Woods,Week4,221.0 Mantua - 181.0 Fox Mill Woods
Mantua,Week3,Great Falls,Week3,254.0 Mantua - 148.0 Great Falls
Long Branch,Week1,Virginia Run,Week5,286.0 Virginia Run - 116.0 Long Branch
Mantua,Week4,Newington Forest,Week3,316.0 Mantua - 86.0 Newington Forest
Mansion House,Week3,Cardinal Hill,Week5,207.0 Cardinal Hill - 195.0 Mansion House
Mansion House,Week3,Riverside Gardens,Week2,202.0 Mansion House - 200.0 Riverside Gardens
Mansion House,Week3,Rolling Forest,Week3,226.0 Mansion House - 176.0 Rolling Forest
Mansion House,Week3,Cardinal Hill,Week2,226.0 Mansion House - 176.0 Cardinal Hill
Mansion House,Week5,Canterbury Woods,Week1,271.0 Mansion House - 131.0 Canterbury Woods
Mantua,Week1,North Springfield,Week3,311.0 Mantua - 83.0 North Springfield
Mansion House,Week4,Riverside Gardens,Week1,248.0 Riverside Gardens - 154.0 Mansion House
Mantua,Week5,North Springfield,Week3,340.0 Mantua - 57.0 North Springfield
Long Branch,Week5,Virginia Run,Week5,263.0 Virginia Run - 139.0 Long Branch
Mantua,Week3,Fox Mill Woods,Week3,225.0 Mantua - 177.0 Fox Mill Woods
Mantua,Week3,North Springfield,Week2,333.0 Mantua - 55.0 North Springfield
Long Branch,Week4,Wakefield Chapel,Week3,328.0 Wakefield Chapel - 74.0 Long Branch
Mantua,Week2,North Springfield,Week4,325.0 Mantua - 67.0 North Springfield
Mantua,Week5,Fox Mill Woods,Week3,232.0 Mantua - 170.0 Fox Mill Woods
Mantua,Week5,Newington Forest,Week5,329.0 Mantua - 73.0 Newington Forest
Mantua,Week4,Fox Mill Woods,Week5,212.0 Fox Mill Woods - 190.0 Mantua
Long Branch,Week2,Wakefield Chapel,Week3,328.0 Wakefield Chapel - 74.0 Long Branch
Mansion House,Week3,Rolling Forest,Week1,246.0 Mansion House - 156.0 Rolling Forest
Long Branch,Week3,Wakefield Chapel,Week4,328.0 Wakefield Chapel - 74.0 Long Branch
Mansion House,Week2,Rolling Forest,Week4,244.0 Mansion House - 158.0 Rolling Forest
Mantua,Week4,Newington Forest,Week5,297.0 Mantua - 105.0 Newington Forest
Mansion House,Week1,Rolling Forest,Week5,231.0 Mansion House - 171.0 Rolling Forest
Long Branch,Week2,Wakefield Chapel,Week4,314.5 Wakefield Chapel - 87.5 Long Branch
Mansion House,Week4,Riverside Gardens,Week5,252.0 Riverside Gardens - 150.0 Mansion House
Mantua,Week5,Fox Mill Woods,Week1,204.0 Mantua - 198.0 Fox Mill Woods
Mansion House,Week2,Rolling Forest,Week2,240.0 Mansion House - 157.0 Rolling Forest
Mantua,Week4,Fox Mill Woods,Week2,201.0 Fox Mill Woods - 201.0 Mantua
Long Branch,Week3,Wakefield Chapel,Week3,331.0 Wakefield Chapel - 71.0 Long Branch
Mantua,Week3,North Springfield,Week1,318.0 Mantua - 32.0 North Springfield
Mantua,Week5,North Springfield,Week1,318.0 Mantua - 33.0 North Springfield
Long Branch,Week1,Wakefield Chapel,Week5,320.0 Wakefield Chapel - 82.0 Long Branch
Mantua,Week1,North Springfield,Week5,281.0 Mantua - 91.0 North Springfield
Mantua,Week4,Fox Mill Woods,Week4,208.0 Fox Mill Woods - 194.0 Mantua
Mantua,Week4,Great Falls,Week3,236.0 Mantua - 166.0 Great Falls
Mantua,Week2,Great Falls,Week4,254.0 Mantua - 144.0 Great Falls
Mansion House,Week3,Rolling Forest,Week4,246.0 Mansion House - 156.0 Rolling Forest
Mantua,Week4,Newington Forest,Week4,309.0 Mantua - 93.0 Newington Forest
Long Branch,Week2,Wakefield Chapel,Week2,326.0 Wakefield Chapel - 76.0 Long Branch
Mansion House,Week3,Rolling Forest,Week2,268.0 Mansion House - 134.0 Rolling Forest
Mantua,Week4,North Springfield,Week3,325.0 Mantua - 72.0 North Springfield
Mansion House,Week2,Rolling Forest,Week3,216.0 Mansion House - 186.0 Rolling Forest
Mantua,Week3,North Springfield,Week5,308.0 Mantua - 66.0 North Springfield
Mantua,Week2,Fox Mill Woods,Week5,224.0 Fox Mill Woods - 178.0 Mantua
Mansion House,Week5,Riverside Gardens,Week2,203.0 Mansion House - 199.0 Riverside Gardens
Mantua,Week3,North Springfield,Week3,335.0 Mantua - 62.0 North Springfield
Mantua,Week4,Great Falls,Week2,243.0 Mantua - 141.0 Great Falls
Mantua,Week3,Great Falls,Week4,271.0 Mantua - 131.0 Great Falls
Long Branch,Week2,Wakefield Chapel,Week1,323.0 Wakefield Chapel - 74.0 Long Branch
Mantua,Week4,North Springfield,Week4,340.0 Mantua - 52.0 North Springfield
Mantua,Week3,Fox Mill Woods,Week1,209.0 Mantua - 193.0 Fox Mill Woods
Long Branch,Week4,Wakefield Chapel,Week1,321.0 Wakefield Chapel - 81.0 Long Branch
Mansion House,Week1,Rolling Forest,Week1,254.0 Mansion House - 148.0 Rolling Forest
Long Branch,Week3,Wakefield Chapel,Week5,341.0 Wakefield Chapel - 61.0 Long Branch
Long Branch,Week4,Wakefield Chapel,Week4,316.0 Wakefield Chapel - 86.0 Long Branch
Mansion House,Week1,Rolling Forest,Week4,253.0 Mansion House - 149.0 Rolling Forest
Mantua,Week3,Great Falls,Week5,267.0 Mantua - 135.0 Great Falls
Mansion House,Week2,Rolling Forest,Week5,217.0 Mansion House - 185.0 Rolling Forest
Mansion House,Week3,Riverside Gardens,Week4,233.0 Riverside Gardens - 169.0 Mansion House
Long Branch,Week4,Wakefield Chapel,Week5,327.0 Wakefield Chapel - 75.0 Long Branch
Long Branch,Week1,Walden Glen,Week2,218.0 Walden Glen - 175.0 Long Branch
Long Branch,Week5,Wakefield Chapel,Week2,320.0 Wakefield Chapel - 82.0 Long Branch
Mantua,Week1,North Springfield,Week1,290.0 Mantua - 59.0 North Springfield
Long Branch,Week3,Wakefield Chapel,Week1,326.0 Wakefield Chapel - 76.0 Long Branch
Mansion House,Week1,Rolling Forest,Week3,233.0 Mansion House - 169.0 Rolling Forest
Mantua,Week1,North Springfield,Week2,313.0 Mantua - 74.0 North Springfield
Long Branch,Week3,Wakefield Chapel,Week2,326.0 Wakefield Chapel - 76.0 Long Branch
Mansion House,Week2,Rolling Forest,Week1,243.0 Mansion House - 159.0 Rolling Forest
Mantua,Week4,Greenbriar,Week4,236.0 Mantua - 166.0 Greenbriar
Mantua,Week4,Great Falls,Week4,256.0 Mantua - 146.0 Great Falls
Long Branch,Week1,Walden Glen,Week3,206.0 Walden Glen - 195.0 Long Branch
Mantua,Week2,North Springfield,Week1,303.0 Mantua - 47.0 North Springfield
Mantua,Week2,North Springfield,Week5,284.0 Mantua - 89.0 North Springfield
Long Branch,Week5,Wakefield Chapel,Week3,318.0 Wakefield Chapel - 84.0 Long Branch
Mansion House,Week1,Rolling Forest,Week2,259.0 Mansion House - 143.0 Rolling Forest
Mantua,Week2,Greenbriar,Week3,211.0 Mantua - 191.0 Greenbriar
Long Branch,Week5,Wakefield Chapel,Week1,309.0 Wakefield Chapel - 93.0 Long Branch
Long Branch,Week5,Wakefield Chapel,Week4,305.5 Wakefield Chapel - 96.5 Long Branch
Mansion House,Week5,Riverside Gardens,Week5,229.0 Riverside Gardens - 173.0 Mansion House
Mantua,Week1,North Springfield,Week4,309.0 Mantua - 81.0 North Springfield
Mansion House,Week5,Riverside Gardens,Week4,232.0 Riverside Gardens - 170.0 Mansion House
Mantua,Week4,Greenbriar,Week3,216.5 Mantua - 185.5 Greenbriar
Mansion House,Week3,Riverside Gardens,Week3,223.0 Riverside Gardens - 179.0 Mansion House
Mantua,Week3,North Springfield,Week4,342.0 Mantua - 50.0 North Springfield
Mantua,Week1,Greenbriar,Week4,232.0 Mantua - 170.0 Greenbriar
Long Branch,Week5,Wakefield Chapel,Week5,320.0 Wakefield Chapel - 82.0 Long Branch
Mansion House,Week3,Riverside Gardens,Week5,223.0 Riverside Gardens - 179.0 Mansion House
Mantua,Week5,Great Falls,Week1,294.0 Mantua - 108.0 Great Falls
Mansion House,Week5,Riverside Gardens,Week3,224.0 Riverside Gardens - 178.0 Mansion House
Mantua,Week5,North Springfield,Week4,338.0 Mantua - 54.0 North Springfield
Mantua,Week4,Great Falls,Week5,235.0 Mantua - 167.0 Great Falls
Mantua,Week5,Greenbriar,Week2,247.0 Mantua - 155.0 Greenbriar
Mantua,Week5,North Springfield,Week2,348.0 Mantua - 40.0 North Springfield
Mansion House,Week4,Riverside Gardens,Week4,263.0 Riverside Gardens - 139.0 Mansion House
Mansion House,Week4,Riverside Gardens,Week3,254.0 Riverside Gardens - 148.0 Mansion House
Mantua,Week5,Newington Forest,Week2,334.0 Mantua - 67.0 Newington Forest
Mantua,Week4,North Springfield,Week5,304.0 Mantua - 70.0 North Springfield
Mansion House,Week4,Riverside Gardens,Week2,233.0 Riverside Gardens - 169.0 Mansion House
Long Branch,Week1,Walden Glen,Week1,212.0 Long Branch - 185.0 Walden Glen
Long Branch,Week4,Wakefield Chapel,Week2,329.0 Wakefield Chapel - 73.0 Long Branch
Mantua,Week4,Lee Graham,Week5,266.0 Lee Graham - 136.0 Mantua
Mantua,Week3,Greenbriar,Week5,241.0 Mantua - 161.0 Greenbriar
Mantua,Week2,North Springfield,Week3,318.0 Mantua - 78.0 North Springfield
Mantua,Week5,Newington Forest,Week4,331.5 Mantua - 70.5 Newington Forest
Mansion House,Week5,Riverside Gardens,Week1,204.0 Riverside Gardens - 198.0 Mansion House
Mantua,Week5,Newington Forest,Week3,334.0 Mantua - 68.0 Newington Forest
Mantua,Week5,Greenbriar,Week5,244.0 Mantua - 158.0 Greenbriar
Mantua,Week2,Greenbriar,Week5,213.0 Mantua - 189.0 Greenbriar
Mantua,Week3,Greenbriar,Week3,245.0 Mantua - 157.0 Greenbriar
Mantua,Week1,Greenbriar,Week5,220.0 Mantua - 182.0 Greenbriar
Mantua,Week1,Lincolnia Park,Week4,322.0 Mantua - 70.0 Lincolnia Park
Mantua,Week3,Oakton ,Week2,202.5 Oakton - 199.5 Mantua
Mantua,Week2,Greenbriar,Week2,206.5 Greenbriar - 195.5 Mantua
Mantua,Week1,Greenbriar,Week1,203.0 Mantua - 199.0 Greenbriar
Mansion House,Week4,Rolling Forest,Week3,201.0 Mansion House - 201.0 Rolling Forest
Mantua,Week3,Lee Graham,Week3,236.5 Lee Graham - 165.5 Mantua
Mansion House,Week4,Rolling Forest,Week2,244.0 Mansion House - 158.0 Rolling Forest
Mantua,Week5,Great Falls,Week4,280.0 Mantua - 121.0 Great Falls
Mantua,Week4,Greenbriar,Week5,225.0 Mantua - 177.0 Greenbriar
Mantua,Week2,Oakton ,Week2,251.0 Oakton - 151.0 Mantua
Mansion House,Week3,Rolling Forest,Week5,234.0 Mansion House - 168.0 Rolling Forest
Mantua,Week3,Lincolnia Park,Week1,349.0 Mantua - 53.0 Lincolnia Park
Mansion House,Week4,Rolling Forest,Week4,227.0 Mansion House - 175.0 Rolling Forest
Mantua,Week4,Oakton ,Week5,240.0 Oakton - 162.0 Mantua
Mansion House,Week4,Rolling Forest,Week1,217.0 Mansion House - 185.0 Rolling Forest
Mantua,Week2,Lincolnia Park,Week4,325.0 Mantua - 76.0 Lincolnia Park
Mantua,Week3,Oakton ,Week3,214.0 Mantua - 188.0 Oakton
Mantua,Week1,Hamlet,Week4,237.5 Hamlet - 164.5 Mantua
Mansion House,Week4,Rolling Hills,Week5,250.0 Mansion House - 152.0 Rolling Hills
Mansion House,Week3,Rolling Hills,Week4,275.0 Mansion House - 126.0 Rolling Hills
Mantua,Week4,Greenbriar,Week2,206.0 Mantua - 196.0 Greenbriar
Mantua,Week3,Greenbriar,Week4,258.0 Mantua - 144.0 Greenbriar
Mansion House,Week1,Rolling Valley,Week2,311.0 Mansion House - 91.0 Rolling Valley
Mantua,Week3,Greenbriar,Week1,252.0 Mantua - 150.0 Greenbriar
Mantua,Week1,Oakton ,Week4,244.0 Oakton - 158.0 Mantua
Mantua,Week1,Oakton ,Week1,222.0 Oakton - 175.0 Mantua
Mantua,Week1,Oakton ,Week3,241.0 Oakton - 161.0 Mantua
Mantua,Week1,Lincolnia Park,Week3,299.0 Mantua - 85.0 Lincolnia Park
Mantua,Week3,Greenbriar,Week2,231.0 Mantua - 171.0 Greenbriar
Mansion House,Week4,Rolling Hills,Week4,240.0 Mansion House - 161.0 Rolling Hills
Mansion House,Week2,Rolling Hills,Week2,249.0 Mansion House - 153.0 Rolling Hills
Mantua,Week2,Lincolnia Park,Week5,308.0 Mantua - 81.0 Lincolnia Park
Mantua,Week4,Lee Graham,Week2,250.0 Lee Graham - 152.0 Mantua
Mantua,Week4,Lee Graham,Week1,243.0 Lee Graham - 159.0 Mantua
Mantua,Week2,Oakton ,Week5,246.0 Oakton - 156.0 Mantua
Mantua,Week2,Greenbriar,Week1,208.0 Mantua - 194.0 Greenbriar
Mansion House,Week3,Rolling Hills,Week2,265.0 Mansion House - 137.0 Rolling Hills
Mansion House,Week5,Rolling Forest,Week3,223.0 Mansion House - 179.0 Rolling Forest
Mantua,Week3,Oakton ,Week4,208.0 Oakton - 194.0 Mantua
Mantua,Week5,Great Falls,Week5,260.0 Mantua - 142.0 Great Falls
Mantua,Week3,Lee Graham,Week4,227.0 Lee Graham - 175.0 Mantua
Mantua,Week3,Oakton ,Week5,211.0 Oakton - 191.0 Mantua
Mantua,Week5,Oakton ,Week1,207.0 Mantua - 195.0 Oakton
Mantua,Week2,Oakton ,Week4,231.0 Oakton - 171.0 Mantua
Mansion House,Week5,Rolling Forest,Week5,224.0 Mansion House - 178.0 Rolling Forest
Mantua,Week1,Lincolnia Park,Week5,304.0 Mantua - 85.0 Lincolnia Park
Mantua,Week5,Great Falls,Week3,265.0 Mantua - 137.0 Great Falls
Mantua,Week1,Oakton ,Week5,251.0 Oakton - 151.0 Mantua
Mantua,Week4,Greenbriar,Week1,223.0 Mantua - 179.0 Greenbriar
Mantua,Week5,Lee Graham,Week4,221.0 Lee Graham - 181.0 Mantua
Mantua,Week5,Great Falls,Week2,257.5 Mantua - 126.5 Great Falls
Mantua,Week3,Lee Graham,Week5,245.0 Lee Graham - 157.0 Mantua
Mansion House,Week5,Rolling Hills,Week3,282.0 Mansion House - 120.0 Rolling Hills
Mantua,Week1,Little Hunting Park,Week3,294.5 Mantua - 107.5 Little Hunting Park
Mansion House,Week5,Rolling Forest,Week1,238.0 Mansion House - 164.0 Rolling Forest
Mantua,Week2,Greenbriar,Week4,237.0 Mantua - 165.0 Greenbriar
Mantua,Week3,Oakton ,Week1,204.0 Oakton - 198.0 Mantua
Mantua,Week1,Greenbriar,Week3,209.0 Mantua - 193.0 Greenbriar
Mansion House,Week4,Rolling Forest,Week5,202.5 Mansion House - 199.5 Rolling Forest
Mantua,Week5,Greenbriar,Week1,243.0 Mantua - 159.0 Greenbriar
Mantua,Week5,Lee Graham,Week3,242.0 Lee Graham - 160.0 Mantua
Mantua,Week4,Oakton ,Week2,233.0 Oakton - 169.0 Mantua
Mantua,Week4,Lee Graham,Week3,263.0 Lee Graham - 139.0 Mantua
Mantua,Week1,Little Hunting Park,Week5,269.5 Mantua - 128.5 Little Hunting Park
Mansion House,Week5,Rolling Forest,Week4,246.0 Mansion House - 156.0 Rolling Forest
Mantua,Week5,Greenbriar,Week3,254.0 Mantua - 148.0 Greenbriar
Mantua,Week4,Lincolnia Park,Week3,310.0 Mantua - 83.0 Lincolnia Park
Mantua,Week5,Greenbriar,Week4,266.5 Mantua - 135.5 Greenbriar
Mansion House,Week3,Rolling Hills,Week1,267.0 Mansion House - 135.0 Rolling Hills
Mansion House,Week1,Rolling Hills,Week5,275.0 Mansion House - 127.0 Rolling Hills
Mantua,Week1,Oakton ,Week2,247.0 Oakton - 155.0 Mantua
Mantua,Week2,Lincolnia Park,Week2,324.0 Mantua - 68.0 Lincolnia Park
Mantua,Week5,Lee Graham,Week5,254.5 Lee Graham - 147.5 Mantua
Mantua,Week1,Hamlet,Week2,255.5 Hamlet - 146.5 Mantua
Mantua,Week1,Hamlet,Week3,252.0 Hamlet - 149.0 Mantua
Mantua,Week3,Lincolnia Park,Week3,329.0 Mantua - 64.0 Lincolnia Park
Mansion House,Week1,Rolling Hills,Week1,266.0 Mansion House - 136.0 Rolling Hills
Mantua,Week4,Oakton ,Week3,213.0 Oakton - 189.0 Mantua
Mantua,Week4,Oakton ,Week1,219.0 Oakton - 183.0 Mantua
Mantua,Week5,Lee Graham,Week2,224.0 Lee Graham - 178.0 Mantua
Mantua,Week2,Oakton ,Week1,232.0 Oakton - 170.0 Mantua
Mansion House,Week3,Rolling Hills,Week5,283.0 Mansion House - 119.0 Rolling Hills
Mansion House,Week2,Rolling Hills,Week4,253.0 Mansion House - 145.0 Rolling Hills
Mansion House,Week4,Rolling Hills,Week2,236.0 Mansion House - 166.0 Rolling Hills
Mansion House,Week2,Rolling Hills,Week3,252.0 Mansion House - 145.0 Rolling Hills
Mantua,Week5,Lee Graham,Week1,222.0 Lee Graham - 180.0 Mantua
Mantua,Week1,Greenbriar,Week2,201.0 Greenbriar - 201.0 Mantua
Mantua,Week2,Hamlet,Week4,257.0 Hamlet - 145.0 Mantua
Mantua,Week2,Lincolnia Park,Week3,295.0 Mantua - 94.0 Lincolnia Park
Mansion House,Week5,Rolling Hills,Week4,269.0 Mansion House - 133.0 Rolling Hills
Mantua,Week1,Lincolnia Park,Week2,324.0 Mantua - 63.0 Lincolnia Park
Mansion House,Week1,Rolling Valley,Week1,339.0 Mansion House - 63.0 Rolling Valley
Mansion House,Week1,Rolling Hills,Week3,268.0 Mansion House - 129.0 Rolling Hills
Mantua,Week4,Lee Graham,Week4,248.0 Lee Graham - 154.0 Mantua
Mantua,Week2,Hamlet,Week3,274.0 Hamlet - 128.0 Mantua
Mantua,Week2,Oakton ,Week3,233.0 Oakton - 164.0 Mantua
Mantua,Week1,Lincolnia Park,Week1,327.0 Mantua - 62.0 Lincolnia Park
Mantua,Week4,Oakton ,Week4,230.0 Oakton - 172.0 Mantua
Mantua,Week1,Hamlet,Week1,243.0 Hamlet - 159.0 Mantua
Mantua,Week1,Hamlet,Week5,267.0 Hamlet - 135.0 Mantua
Mansion House,Week1,Rolling Hills,Week4,263.0 Mansion House - 138.0 Rolling Hills
Mansion House,Week2,Rolling Hills,Week1,248.0 Mansion House - 153.0 Rolling Hills
Mantua,Week3,Hamlet,Week4,209.0 Hamlet - 193.0 Mantua
Mantua,Week2,Hamlet,Week5,274.0 Hamlet - 128.0 Mantua
Mansion House,Week4,Rolling Hills,Week1,243.0 Mansion House - 159.0 Rolling Hills
Mantua,Week3,Lincolnia Park,Week2,347.0 Mantua - 46.0 Lincolnia Park
Mantua,Week3,Hamlet,Week3,231.0 Hamlet - 171.0 Mantua
Mantua,Week5,Lincolnia Park,Week2,349.0 Mantua - 44.0 Lincolnia Park
Mantua,Week4,Lincolnia Park,Week5,320.0 Mantua - 73.0 Lincolnia Park
Mansion House,Week1,Rolling Hills,Week2,263.0 Mansion House - 139.0 Rolling Hills
Mantua,Week2,Hamlet,Week1,248.0 Hamlet - 154.0 Mantua
Mantua,Week3,Hamlet,Week5,247.0 Hamlet - 155.0 Mantua
Mansion House,Week5,Rolling Forest,Week2,250.0 Mansion House - 152.0 Rolling Forest
Mansion House,Week2,Rolling Hills,Week5,261.0 Mansion House - 141.0 Rolling Hills
Mantua,Week2,Lincolnia Park,Week1,329.0 Mantua - 69.0 Lincolnia Park
Mantua,Week5,Lincolnia Park,Week1,355.0 Mantua - 46.0 Lincolnia Park
Mantua,Week3,Hamlet,Week1,217.0 Hamlet - 185.0 Mantua
Mantua,Week3,Lincolnia Park,Week4,354.0 Mantua - 48.0 Lincolnia Park
Mansion House,Week2,Rolling Valley,Week3,304.0 Mansion House - 98.0 Rolling Valley
Mansion House,Week4,Kent Gardens,Week2,229.0 Mansion House - 173.0 Kent Gardens
Mantua,Week5,Lincolnia Park,Week3,325.5 Mantua - 66.5 Lincolnia Park
Mantua,Week3,Hamlet,Week2,229.0 Hamlet - 173.0 Mantua
Mansion House,Week2,Kings Ridge ,Week2,292.0 Mansion House - 110.0 Kings Ridge
Mansion House,Week2,Rutherford,Week1,284.0 Mansion House - 117.0 Rutherford
Mansion House,Week4,Kent Gardens,Week5,227.0 Kent Gardens - 175.0 Mansion House
Mantua,Week2,Hamlet,Week2,287.0 Hamlet - 115.0 Mantua
Mantua,Week4,Lincolnia Park,Week1,331.0 Mantua - 71.0 Lincolnia Park
Mantua,Week4,Lincolnia Park,Week4,341.0 Mantua - 61.0 Lincolnia Park
Mantua,Week4,Lincolnia Park,Week2,331.0 Mantua - 62.0 Lincolnia Park
Mansion House,Week5,Rolling Hills,Week5,273.0 Mansion House - 129.0 Rolling Hills
Mansion House,Week4,Kent Gardens,Week4,217.5 Mansion House - 184.5 Kent Gardens
Mantua,Week5,Lincolnia Park,Week4,349.0 Mantua - 53.0 Lincolnia Park
Mantua,Week1,Little Hunting Park,Week2,276.5 Mantua - 124.5 Little Hunting Park
Mantua,Week5,Lincolnia Park,Week5,338.0 Mantua - 54.0 Lincolnia Park
Mansion House,Week3,Rolling Hills,Week3,272.0 Mansion House - 130.0 Rolling Hills
Mansion House,Week4,Rolling Hills,Week3,248.0 Mansion House - 149.0 Rolling Hills
Mantua,Week4,Hamlet,Week1,252.5 Hamlet - 149.5 Mantua
Mansion House,Week5,Kent Gardens,Week5,219.0 Mansion House - 183.0 Kent Gardens
Mansion House,Week5,Rolling Hills,Week1,276.0 Mansion House - 126.0 Rolling Hills
Mansion House,Week5,Rolling Hills,Week2,262.0 Mansion House - 140.0 Rolling Hills
Mansion House,Week4,Rolling Valley,Week5,287.0 Mansion House - 115.0 Rolling Valley
Mantua,Week1,Little Hunting Park,Week1,283.0 Mantua - 118.0 Little Hunting Park
Mansion House,Week3,Kent Gardens,Week3,265.0 Mansion House - 137.0 Kent Gardens
Mansion House,Week4,Rolling Valley,Week2,294.0 Mansion House - 108.0 Rolling Valley
Mansion House,Week3,Rolling Valley,Week1,338.0 Mansion House - 64.0 Rolling Valley
Mansion House,Week5,Kent Gardens,Week2,270.0 Mansion House - 132.0 Kent Gardens
Mansion House,Week2,Kent Gardens,Week3,234.0 Mansion House - 168.0 Kent Gardens
Mansion House,Week5,Kent Gardens,Week1,250.0 Mansion House - 152.0 Kent Gardens
Mansion House,Week2,Kent Gardens,Week2,242.0 Mansion House - 160.0 Kent Gardens
Mansion House,Week3,Rolling Valley,Week5,308.5 Mansion House - 93.5 Rolling Valley
Mantua,Week3,Lincolnia Park,Week5,334.0 Mantua - 59.0 Lincolnia Park
Mantua,Week2,Little Hunting Park,Week2,287.0 Mantua - 115.0 Little Hunting Park
Mantua,Week2,Little Hunting Park,Week4,286.0 Mantua - 116.0 Little Hunting Park
Mansion House,Week2,Kent Gardens,Week1,225.0 Mansion House - 177.0 Kent Gardens
Mansion House,Week1,Rolling Valley,Week5,311.0 Mansion House - 91.0 Rolling Valley
Mantua,Week3,Little Hunting Park,Week2,317.5 Mantua - 84.5 Little Hunting Park
Mantua,Week3,Little Hunting Park,Week4,325.0 Mantua - 77.0 Little Hunting Park
Mansion House,Week4,Rolling Valley,Week3,295.0 Mansion House - 107.0 Rolling Valley
Mansion House,Week5,Kent Gardens,Week3,270.0 Mansion House - 132.0 Kent Gardens
Mantua,Week3,Little Hunting Park,Week3,327.0 Mantua - 75.0 Little Hunting Park
Mansion House,Week1,Rolling Valley,Week3,324.0 Mansion House - 78.0 Rolling Valley
Mansion House,Week3,Kent Gardens,Week1,243.0 Mansion House - 159.0 Kent Gardens
Mansion House,Week4,Rolling Valley,Week4,291.0 Mansion House - 111.0 Rolling Valley
Mantua,Week3,Little Hunting Park,Week1,324.0 Mantua - 77.0 Little Hunting Park
Mantua,Week1,Little Hunting Park,Week4,291.0 Mantua - 110.0 Little Hunting Park
Mansion House,Week2,Rolling Valley,Week5,298.0 Mansion House - 104.0 Rolling Valley
Mansion House,Week2,Kent Gardens,Week4,217.0 Mansion House - 185.0 Kent Gardens
Mantua,Week2,Little Hunting Park,Week5,259.0 Mantua - 142.0 Little Hunting Park
Mansion House,Week3,Kent Gardens,Week2,270.0 Mansion House - 132.0 Kent Gardens
Mantua,Week3,Little Hunting Park,Week5,291.0 Mantua - 111.0 Little Hunting Park
Mantua,Week4,Little Hunting Park,Week1,303.0 Mantua - 99.0 Little Hunting Park
Mansion House,Week1,Kings Ridge ,Week3,284.0 Mansion House - 118.0 Kings Ridge
Mansion House,Week5,Rolling Valley,Week3,313.0 Mansion House - 89.0 Rolling Valley
Mansion House,Week4,Kent Gardens,Week3,221.0 Mansion House - 181.0 Kent Gardens
Mansion House,Week3,Rolling Valley,Week4,317.0 Mansion House - 85.0 Rolling Valley
Mantua,Week4,Little Hunting Park,Week2,298.0 Mantua - 104.0 Little Hunting Park
Mansion House,Week3,Rolling Valley,Week3,311.0 Mansion House - 91.0 Rolling Valley
Mansion House,Week4,Rolling Valley,Week1,320.0 Mansion House - 82.0 Rolling Valley
Mansion House,Week1,Kings Ridge ,Week1,296.0 Mansion House - 106.0 Kings Ridge
Mansion House,Week3,Kent Gardens,Week4,262.0 Mansion House - 140.0 Kent Gardens
Mantua,Week2,Little Hunting Park,Week3,281.5 Mantua - 120.5 Little Hunting Park
Mantua,Week5,Little Hunting Park,Week2,315.0 Mantua - 87.0 Little Hunting Park
Mansion House,Week1,Kings Ridge ,Week5,272.5 Mansion House - 129.5 Kings Ridge
Mansion House,Week2,Rolling Valley,Week2,300.0 Mansion House - 102.0 Rolling Valley
Mansion House,Week2,Rolling Valley,Week4,302.0 Mansion House - 100.0 Rolling Valley
Mansion House,Week3,Kent Gardens,Week5,218.0 Mansion House - 184.0 Kent Gardens
Mantua,Week5,Little Hunting Park,Week1,322.0 Mantua - 79.0 Little Hunting Park
Mantua,Week4,Little Hunting Park,Week4,292.0 Mantua - 110.0 Little Hunting Park
Mansion House,Week1,Rutherford,Week1,311.0 Mansion House - 91.0 Rutherford
Mansion House,Week5,Kent Gardens,Week4,262.0 Mansion House - 140.0 Kent Gardens
Mantua,Week4,Little Hunting Park,Week5,263.0 Mantua - 139.0 Little Hunting Park
Mansion House,Week2,Rolling Valley,Week1,331.0 Mansion House - 71.0 Rolling Valley
Mansion House,Week5,Rolling Valley,Week1,337.0 Mansion House - 65.0 Rolling Valley
Mansion House,Week3,Rolling Valley,Week2,312.0 Mansion House - 90.0 Rolling Valley
Mantua,Week4,Little Hunting Park,Week3,308.0 Mantua - 94.0 Little Hunting Park
Mansion House,Week1,Rolling Valley,Week4,313.0 Mansion House - 89.0 Rolling Valley
Mansion House,Week2,Kent Gardens,Week5,203.0 Kent Gardens - 199.0 Mansion House
Mantua,Week5,Little Hunting Park,Week3,321.0 Mantua - 81.0 Little Hunting Park
Mansion House,Week4,Kent Gardens,Week1,211.0 Mansion House - 191.0 Kent Gardens
Mansion House,Week2,Kings Ridge ,Week1,281.0 Mansion House - 121.0 Kings Ridge
Mansion House,Week1,Rutherford,Week4,274.0 Mansion House - 128.0 Rutherford
Mantua,Week5,Little Hunting Park,Week4,317.0 Mantua - 85.0 Little Hunting Park
Mansion House,Week1,Kings Ridge ,Week2,302.0 Mansion House - 100.0 Kings Ridge
Mantua,Week5,Little Hunting Park,Week5,303.0 Mantua - 99.0 Little Hunting Park
Mansion House,Week1,Rutherford,Week2,304.0 Mansion House - 98.0 Rutherford
Mansion House,Week5,Rolling Valley,Week2,311.0 Mansion House - 91.0 Rolling Valley
Mansion House,Week5,Rolling Valley,Week4,316.0 Mansion House - 86.0 Rolling Valley
Mansion House,Week1,Rutherford,Week3,279.0 Mansion House - 123.0 Rutherford
Mansion House,Week1,Kings Ridge ,Week4,281.0 Mansion House - 121.0 Kings Ridge
Mantua,Week5,Highland Park,Week2,261.0 Mantua - 141.0 Highland Park
Mansion House,Week4,Kings Ridge ,Week4,252.5 Mansion House - 149.5 Kings Ridge
Mantua,Week2,Little Hunting Park,Week1,289.0 Mantua - 112.0 Little Hunting Park
Mansion House,Week2,Lake Braddock,Week5,295.5 Mansion House - 106.5 Lake Braddock
Mantua,Week1,Highlands Swim,Week2,282.0 Highlands Swim - 120.0 Mantua
Mansion House,Week2,Kings Ridge ,Week5,250.0 Mansion House - 152.0 Kings Ridge
Mansion House,Week2,Lake Braddock,Week3,303.0 Mansion House - 99.0 Lake Braddock
Mansion House,Week1,Rutherford,Week5,270.0 Mansion House - 132.0 Rutherford
Mantua,Week1,Little Rocky Run,Week1,238.0 Little Rocky Run - 164.0 Mantua
Mantua,Week2,Highlands Swim,Week4,263.0 Highlands Swim - 139.0 Mantua
Mansion House,Week1,Lake Braddock,Week3,316.0 Mansion House - 86.0 Lake Braddock
Mansion House,Week3,Rutherford,Week4,284.0 Mansion House - 118.0 Rutherford
Mantua,Week4,Highlands Swim,Week1,276.0 Highlands Swim - 126.0 Mantua
Mantua,Week3,Highlands Swim,Week4,243.0 Highlands Swim - 159.0 Mantua
Mansion House,Week5,Rolling Valley,Week5,316.0 Mansion House - 86.0 Rolling Valley
Mansion House,Week5,Kings Ridge ,Week2,309.0 Mansion House - 93.0 Kings Ridge
Mansion House,Week4,Rutherford,Week2,292.0 Mansion House - 109.0 Rutherford
Mansion House,Week4,Kings Ridge ,Week2,274.0 Mansion House - 127.0 Kings Ridge
Mansion House,Week5,Kings Ridge ,Week4,289.0 Mansion House - 113.0 Kings Ridge
Mansion House,Week2,Rutherford,Week2,287.0 Mansion House - 114.0 Rutherford
Mansion House,Week4,Lake Braddock,Week3,291.0 Mansion House - 110.0 Lake Braddock
Mansion House,Week2,Rutherford,Week3,261.0 Mansion House - 140.0 Rutherford
Mantua,Week3,Highlands Swim,Week2,266.0 Highlands Swim - 136.0 Mantua
Mansion House,Week3,Lake Braddock,Week1,341.0 Mansion House - 61.0 Lake Braddock
Mansion House,Week4,Rutherford,Week1,292.0 Mansion House - 105.0 Rutherford
Mantua,Week5,Highland Park,Week1,260.0 Mantua - 142.0 Highland Park
Mansion House,Week2,Shouse Village,Week1,226.0 Mansion House - 176.0 Shouse Village
Mansion House,Week3,Kings Ridge ,Week3,292.0 Mansion House - 110.0 Kings Ridge
Mansion House,Week3,Kings Ridge ,Week4,299.0 Mansion House - 103.0 Kings Ridge
Mantua,Week1,Hollin Hills,Week1,339.0 Mantua - 61.0 Hollin Hills
Mantua,Week5,Highlands Swim,Week1,255.0 Highlands Swim - 147.0 Mantua
Mansion House,Week1,Shouse Village,Week2,245.0 Mansion House - 157.0 Shouse Village
Mantua,Week5,Highlands Swim,Week2,254.0 Highlands Swim - 148.0 Mantua
Mansion House,Week4,Dominion Hills,Week5,209.0 Dominion Hills - 188.0 Mansion House
Mantua,Week4,Highlands Swim,Week3,276.0 Highlands Swim - 126.0 Mantua
Mantua,Week2,Highlands Swim,Week2,285.5 Highlands Swim - 116.5 Mantua
Mansion House,Week5,Rutherford,Week2,310.0 Mansion House - 92.0 Rutherford
Mantua,Week3,Highlands Swim,Week1,241.0 Highlands Swim - 161.0 Mantua
Mansion House,Week4,Kings Ridge ,Week3,266.0 Mansion House - 136.0 Kings Ridge
Mansion House,Week4,Kings Ridge ,Week1,273.5 Mansion House - 128.5 Kings Ridge
Mantua,Week5,Highlands Swim,Week3,243.0 Highlands Swim - 159.0 Mantua
Mansion House,Week2,Lake Braddock,Week1,319.0 Mansion House - 83.0 Lake Braddock
Mansion House,Week4,Rutherford,Week4,266.0 Mansion House - 136.0 Rutherford
Mansion House,Week4,Rutherford,Week3,252.0 Mansion House - 150.0 Rutherford
Mansion House,Week5,Kings Ridge ,Week5,278.0 Mansion House - 124.0 Kings Ridge
Mantua,Week4,Highland Park,Week5,254.0 Mantua - 148.0 Highland Park
Mansion House,Week5,Kings Ridge ,Week3,287.0 Mansion House - 114.0 Kings Ridge
Mansion House,Week1,Shouse Village,Week5,207.0 Mansion House - 195.0 Shouse Village
Mansion House,Week3,Rutherford,Week2,306.0 Mansion House - 96.0 Rutherford
Mantua,Week1,Highlands Swim,Week5,281.0 Highlands Swim - 121.0 Mantua
Mansion House,Week1,Lake Braddock,Week1,325.0 Mansion House - 77.0 Lake Braddock
Mantua,Week4,Highlands Swim,Week5,277.0 Highlands Swim - 125.0 Mantua
Mantua,Week2,Highlands Swim,Week1,272.0 Highlands Swim - 130.0 Mantua
Mansion House,Week3,Kings Ridge ,Week1,308.0 Mansion House - 94.0 Kings Ridge
Mansion House,Week4,Rutherford,Week5,254.0 Mansion House - 143.0 Rutherford
Mansion House,Week5,Dominion Hills,Week1,241.0 Mansion House - 161.0 Dominion Hills
Mantua,Week3,Highlands Swim,Week3,243.0 Highlands Swim - 159.0 Mantua
Mansion House,Week1,Lake Braddock,Week5,306.0 Mansion House - 96.0 Lake Braddock
Mansion House,Week1,Shouse Village,Week1,227.0 Mansion House - 175.0 Shouse Village
Mantua,Week5,Highland Park,Week3,267.5 Mantua - 134.5 Highland Park
Mansion House,Week5,Rutherford,Week3,300.0 Mansion House - 102.0 Rutherford
Mantua,Week1,Highlands Swim,Week4,270.0 Highlands Swim - 132.0 Mantua
Mansion House,Week1,Lake Braddock,Week2,310.0 Mansion House - 92.0 Lake Braddock
Mansion House,Week1,Lake Braddock,Week4,318.0 Mansion House - 84.0 Lake Braddock
Mansion House,Week3,Rutherford,Week1,313.5 Mansion House - 88.5 Rutherford
Mansion House,Week1,Parklawn,Week1,281.0 Mansion House - 112.0 Parklawn
Mansion House,Week3,Kings Ridge ,Week2,315.0 Mansion House - 87.0 Kings Ridge
Mansion House,Week1,Shouse Village,Week4,213.0 Mansion House - 189.0 Shouse Village
Mansion House,Week3,Rutherford,Week5,279.0 Mansion House - 123.0 Rutherford
Mansion House,Week5,Rutherford,Week4,288.0 Mansion House - 114.0 Rutherford
Mansion House,Week3,Kings Ridge ,Week5,277.0 Mansion House - 125.0 Kings Ridge
Mantua,Week5,Highland Park,Week4,260.0 Mantua - 142.0 Highland Park
Mansion House,Week3,Dominion Hills,Week5,213.0 Mansion House - 189.0 Dominion Hills
Mantua,Week4,Highlands Swim,Week2,286.5 Highlands Swim - 115.5 Mantua
Mansion House,Week5,Dominion Hills,Week5,217.0 Mansion House - 185.0 Dominion Hills
Mansion House,Week2,Donaldson Run,Week4,261.0 Donaldson Run - 141.0 Mansion House
Mansion House,Week5,Shouse Village,Week5,210.0 Mansion House - 192.0 Shouse Village
Mansion House,Week4,Dominion Hills,Week3,220.0 Mansion House - 182.0 Dominion Hills
Mantua,Week2,Highlands Swim,Week3,267.0 Highlands Swim - 135.0 Mantua
Mansion House,Week4,Dominion Hills,Week2,203.0 Dominion Hills - 199.0 Mansion House
Mansion House,Week1,Sideburn Run,Week3,226.0 Mansion House - 176.0 Sideburn Run
Mansion House,Week4,Dominion Hills,Week4,217.0 Dominion Hills - 185.0 Mansion House
Mansion House,Week4,Kings Ridge ,Week5,241.0 Mansion House - 161.0 Kings Ridge
Mansion House,Week2,Kings Ridge ,Week3,279.0 Mansion House - 123.0 Kings Ridge
Mansion House,Week5,Rutherford,Week1,319.0 Mansion House - 83.0 Rutherford
Mansion House,Week1,Sideburn Run,Week1,225.0 Mansion House - 177.0 Sideburn Run
Mantua,Week2,Highlands Swim,Week5,280.0 Highlands Swim - 122.0 Mantua
Mansion House,Week2,Kings Ridge ,Week4,263.0 Mansion House - 139.0 Kings Ridge
Mantua,Week1,Highlands Swim,Week1,268.0 Highlands Swim - 134.0 Mantua
Mansion House,Week2,Lake Braddock,Week2,305.0 Mansion House - 97.0 Lake Braddock
Mansion House,Week5,Dominion Hills,Week4,207.0 Mansion House - 195.0 Dominion Hills
Mansion House,Week2,Lake Braddock,Week4,299.0 Mansion House - 103.0 Lake Braddock
Mansion House,Week3,Overlee,Week5,322.0 Overlee - 80.0 Mansion House
Mantua,Week1,Highlands Swim,Week3,266.0 Highlands Swim - 136.0 Mantua
Mansion House,Week5,Dominion Hills,Week2,238.0 Mansion House - 164.0 Dominion Hills
Mansion House,Week1,Parklawn,Week5,252.0 Mansion House - 149.0 Parklawn
Mantua,Week4,Highlands Swim,Week4,269.0 Highlands Swim - 133.0 Mantua
Mantua,Week5,Highland Park,Week5,275.0 Mantua - 127.0 Highland Park
Mansion House,Week5,Rutherford,Week5,281.0 Mansion House - 121.0 Rutherford
Mansion House,Week2,Shouse Village,Week2,231.0 Mansion House - 171.0 Shouse Village
Mansion House,Week5,Kings Ridge ,Week1,301.0 Mansion House - 101.0 Kings Ridge
Mansion House,Week4,Parklawn,Week2,247.0 Mansion House - 154.0 Parklawn
Mantua,Week3,Highlands Swim,Week5,262.0 Highlands Swim - 140.0 Mantua
Mansion House,Week1,Donaldson Run,Week5,272.0 Donaldson Run - 130.0 Mansion House
Mansion House,Week3,Rutherford,Week3,287.0 Mansion House - 115.0 Rutherford
Mansion House,Week3,Lake Braddock,Week2,323.0 Mansion House - 79.0 Lake Braddock
Mansion House,Week1,Donaldson Run,Week3,253.0 Donaldson Run - 149.0 Mansion House
Mansion House,Week2,Parklawn,Week3,277.0 Mansion House - 121.0 Parklawn
Mansion House,Week2,Rutherford,Week5,274.0 Mansion House - 127.0 Rutherford
Mansion House,Week3,Shouse Village,Week4,221.0 Mansion House - 181.0 Shouse Village
Mansion House,Week2,Rutherford,Week4,276.0 Mansion House - 126.0 Rutherford
Mansion House,Week3,Lake Braddock,Week4,332.5 Mansion House - 69.5 Lake Braddock
Mantua,Week5,Highlands Swim,Week5,260.0 Highlands Swim - 142.0 Mantua
Mansion House,Week3,Dominion Hills,Week4,208.0 Mansion House - 194.0 Dominion Hills
Mansion House,Week4,Lake Braddock,Week1,308.0 Mansion House - 94.0 Lake Braddock
Mansion House,Week2,Donaldson Run,Week1,251.0 Donaldson Run - 151.0 Mansion House
Mantua,Week5,Highlands Swim,Week4,240.0 Highlands Swim - 162.0 Mantua
Mantua,Week5,Hollin Hills,Week4,361.0 Mantua - 41.0 Hollin Hills
Mansion House,Week3,Lake Braddock,Week3,325.0 Mansion House - 77.0 Lake Braddock
Mansion House,Week4,Lake Braddock,Week2,290.0 Mansion House - 111.0 Lake Braddock
Mansion House,Week4,Overlee,Week3,319.0 Overlee - 83.0 Mansion House
Mansion House,Week5,Overlee,Week1,291.0 Overlee - 111.0 Mansion House
Mansion House,Week1,Parklawn,Week3,282.0 Mansion House - 119.0 Parklawn
Mantua,Week1,Hollin Meadows,Week4,247.0 Mantua - 155.0 Hollin Meadows
Mantua,Week1,Hollin Hills,Week2,332.0 Mantua - 62.0 Hollin Hills
Mansion House,Week1,Donaldson Run,Week1,248.0 Donaldson Run - 154.0 Mansion House
Mansion House,Week2,Donaldson Run,Week2,257.0 Donaldson Run - 145.0 Mansion House
Mansion House,Week4,Overlee,Week5,342.0 Overlee - 60.0 Mansion House
Mansion House,Week1,Shouse Village,Week3,226.0 Mansion House - 176.0 Shouse Village
Mansion House,Week3,Shouse Village,Week2,259.0 Mansion House - 143.0 Shouse Village
Mansion House,Week3,Lake Braddock,Week5,318.0 Mansion House - 84.0 Lake Braddock
Mansion House,Week5,Overlee,Week4,330.0 Overlee - 72.0 Mansion House
Mansion House,Week3,Shouse Village,Week5,217.0 Mansion House - 185.0 Shouse Village
Mantua,Week5,Hollin Hills,Week1,362.0 Mantua - 40.0 Hollin Hills
Mansion House,Week1,Dowden Terrace,Week1,236.0 Mansion House - 165.0 Dowden Terrace
Mansion House,Week5,Overlee,Week3,287.0 Overlee - 115.0 Mansion House
Mansion House,Week3,Parklawn,Week4,258.0 Mansion House - 143.0 Parklawn
Mansion House,Week3,Lakevale Estates,Week5,245.0 Lakevale Estates - 157.0 Mansion House
Mansion House,Week5,Donaldson Run,Week1,243.0 Donaldson Run - 159.0 Mansion House
Mansion House,Week2,Dowden Terrace,Week2,220.0 Mansion House - 182.0 Dowden Terrace
Mansion House,Week2,Parklawn,Week5,265.5 Mansion House - 132.5 Parklawn
Mansion House,Week5,Lake Braddock,Week1,333.5 Mansion House - 68.5 Lake Braddock
Mansion House,Week2,Lakevale Estates,Week4,267.0 Lakevale Estates - 135.0 Mansion House
Mansion House,Week5,Donaldson Run,Week3,256.0 Donaldson Run - 146.0 Mansion House
Mansion House,Week1,Lakevale Estates,Week2,220.0 Lakevale Estates - 182.0 Mansion House
Mansion House,Week1,Parklawn,Week4,256.0 Mansion House - 145.0 Parklawn
Mansion House,Week5,Lake Braddock,Week5,312.0 Mansion House - 90.0 Lake Braddock
Mansion House,Week2,Donaldson Run,Week3,261.0 Donaldson Run - 141.0 Mansion House
Mansion House,Week2,Lakevale Estates,Week2,240.0 Lakevale Estates - 162.0 Mansion House
Mansion House,Week5,Dominion Hills,Week3,238.5 Mansion House - 163.5 Dominion Hills
Mansion House,Week1,Donaldson Run,Week2,251.0 Donaldson Run - 151.0 Mansion House
Mansion House,Week5,Lake Braddock,Week4,313.0 Mansion House - 89.0 Lake Braddock
Mantua,Week5,Hollin Hills,Week2,359.0 Mantua - 42.0 Hollin Hills
Mansion House,Week3,Shouse Village,Week3,232.0 Mansion House - 170.0 Shouse Village
Mantua,Week5,Hollin Hills,Week3,362.0 Mantua - 40.0 Hollin Hills
Mansion House,Week5,Shouse Village,Week1,236.0 Mansion House - 166.0 Shouse Village
Mantua,Week3,Hollin Hills,Week4,365.0 Mantua - 36.0 Hollin Hills
Mansion House,Week2,Parklawn,Week2,258.0 Mansion House - 140.0 Parklawn
Mansion House,Week4,Shouse Village,Week2,225.0 Mansion House - 176.0 Shouse Village
Mansion House,Week2,Lakevale Estates,Week1,238.0 Lakevale Estates - 164.0 Mansion House
Mantua,Week2,Hollin Hills,Week3,332.0 Mantua - 69.0 Hollin Hills
Mansion House,Week3,Parklawn,Week2,266.0 Mansion House - 135.0 Parklawn
Mansion House,Week1,Dowden Terrace,Week3,240.0 Mansion House - 162.0 Dowden Terrace
Mansion House,Week2,Parklawn,Week1,281.0 Mansion House - 107.0 Parklawn
Mansion House,Week3,Parklawn,Week1,295.0 Mansion House - 98.0 Parklawn
Mansion House,Week2,Lakevale Estates,Week3,239.0 Lakevale Estates - 158.0 Mansion House
Mantua,Week1,Hollin Meadows,Week1,230.0 Mantua - 172.0 Hollin Meadows
Mansion House,Week2,Shouse Village,Week5,203.0 Mansion House - 199.0 Shouse Village
Mansion House,Week5,Overlee,Week2,299.0 Overlee - 103.0 Mansion House
Mansion House,Week2,Parklawn,Week4,261.0 Mansion House - 137.0 Parklawn
Mansion House,Week5,Shouse Village,Week2,254.0 Mansion House - 148.0 Shouse Village
Mansion House,Week4,Dominion Hills,Week1,215.5 Mansion House - 186.5 Dominion Hills
Mantua,Week3,Hollin Hills,Week5,359.0 Mantua - 43.0 Hollin Hills
Mansion House,Week2,Shouse Village,Week3,215.5 Mansion House - 186.5 Shouse Village
Mansion House,Week1,Donaldson Run,Week4,254.0 Donaldson Run - 148.0 Mansion House
Mansion House,Week4,Lake Braddock,Week4,294.0 Mansion House - 107.0 Lake Braddock
Mansion House,Week4,Shouse Village,Week4,203.0 Mansion House - 199.0 Shouse Village
Mansion House,Week5,Lakevale Estates,Week2,228.0 Lakevale Estates - 174.0 Mansion House
Mantua,Week2,Hollin Hills,Week1,345.0 Mantua - 56.0 Hollin Hills
Mansion House,Week4,Shouse Village,Week3,210.0 Mansion House - 192.0 Shouse Village
Mansion House,Week2,Lakevale Estates,Week5,260.0 Lakevale Estates - 142.0 Mansion House
Mantua,Week4,Hollin Hills,Week4,346.0 Mantua - 56.0 Hollin Hills
Mantua,Week4,Hollin Hills,Week5,338.0 Mantua - 64.0 Hollin Hills
Mansion House,Week4,Shouse Village,Week1,217.0 Mansion House - 185.0 Shouse Village
Mantua,Week4,Hollin Hills,Week3,345.0 Mantua - 57.0 Hollin Hills
Mansion House,Week4,Donaldson Run,Week3,277.0 Donaldson Run - 125.0 Mansion House
Mansion House,Week3,Shouse Village,Week1,239.0 Mansion House - 163.0 Shouse Village
Mansion House,Week4,Shouse Village,Week5,202.0 Mansion House - 200.0 Shouse Village
Mansion House,Week3,Parklawn,Week5,267.0 Mansion House - 134.0 Parklawn
Mansion House,Week2,Dowden Terrace,Week3,231.0 Mansion House - 171.0 Dowden Terrace
Mansion House,Week2,Shouse Village,Week4,208.0 Mansion House - 194.0 Shouse Village
Mansion House,Week4,Overlee,Week4,343.0 Overlee - 59.0 Mansion House
Mansion House,Week4,Parklawn,Week1,263.0 Mansion House - 130.0 Parklawn
Mantua,Week1,Hollin Meadows,Week2,253.0 Mantua - 149.0 Hollin Meadows
Mansion House,Week4,Donaldson Run,Week2,278.0 Donaldson Run - 124.0 Mansion House
Mansion House,Week4,Overlee,Week1,310.0 Overlee - 92.0 Mansion House
Mantua,Week3,Hollin Hills,Week2,362.0 Mantua - 39.0 Hollin Hills
Mansion House,Week5,Shouse Village,Week3,227.0 Mansion House - 175.0 Shouse Village
Mansion House,Week2,Dowden Terrace,Week1,238.0 Mansion House - 160.0 Dowden Terrace
Mantua,Week4,Hollin Hills,Week2,345.0 Mantua - 57.0 Hollin Hills
Mansion House,Week4,Lakevale Estates,Week2,256.0 Lakevale Estates - 146.0 Mansion House
Mansion House,Week4,Lakevale Estates,Week5,283.0 Lakevale Estates - 119.0 Mansion House
Mansion House,Week3,Donaldson Run,Week4,244.0 Donaldson Run - 158.0 Mansion House
Mansion House,Week5,Overlee,Week5,318.0 Overlee - 84.0 Mansion House
Mansion House,Week2,Dowden Terrace,Week5,210.0 Dowden Terrace - 192.0 Mansion House
Mansion House,Week5,Shouse Village,Week4,219.0 Mansion House - 183.0 Shouse Village
Mansion House,Week1,Lakeview,Week4,280.5 Mansion House - 121.5 Lakeview
Mantua,Week1,Hollin Meadows,Week3,240.0 Mantua - 161.0 Hollin Meadows
Mansion House,Week1,Sideburn Run,Week2,236.0 Mansion House - 166.0 Sideburn Run
Mansion House,Week3,Lakevale Estates,Week3,217.0 Lakevale Estates - 185.0 Mansion House
Mansion House,Week4,Donaldson Run,Week5,293.0 Donaldson Run - 109.0 Mansion House
Mantua,Week2,Hollin Hills,Week2,332.0 Mantua - 66.0 Hollin Hills
Mansion House,Week4,Overlee,Week2,322.0 Overlee - 80.0 Mansion House
Mansion House,Week1,Lakevale Estates,Week1,221.0 Lakevale Estates - 181.0 Mansion House
Mansion House,Week2,Sideburn Run,Week2,233.0 Mansion House - 169.0 Sideburn Run
Mansion House,Week4,Lakevale Estates,Week1,243.0 Lakevale Estates - 159.0 Mansion House
Mansion House,Week2,Lakeview,Week5,274.0 Mansion House - 119.0 Lakeview
Mansion House,Week1,Parklawn,Week2,249.0 Mansion House - 152.0 Parklawn
Mantua,Week1,Hollin Meadows,Week5,233.0 Mantua - 169.0 Hollin Meadows
Mansion House,Week2,Sideburn Run,Week3,216.0 Mansion House - 186.0 Sideburn Run
Mansion House,Week1,Sideburn Run,Week4,234.0 Mansion House - 168.0 Sideburn Run
Mantua,Week1,Hollin Hills,Week3,336.0 Mantua - 64.0 Hollin Hills
Mansion House,Week5,Donaldson Run,Week4,256.0 Donaldson Run - 146.0 Mansion House
Mansion House,Week5,Lake Braddock,Week2,324.0 Mansion House - 78.0 Lake Braddock
Mantua,Week1,Hollin Hills,Week4,338.0 Mantua - 58.0 Hollin Hills
Mansion House,Week4,Dowden Terrace,Week2,205.0 Mansion House - 192.0 Dowden Terrace
Mansion House,Week3,Donaldson Run,Week2,242.0 Donaldson Run - 160.0 Mansion House
Mantua,Week1,Hollin Hills,Week5,332.0 Mantua - 58.0 Hollin Hills
Mansion House,Week2,Sideburn Run,Week5,201.0 Mansion House - 201.0 Sideburn Run
Mansion House,Week1,Sideburn Run,Week5,232.0 Mansion House - 170.0 Sideburn Run
Mansion House,Week3,Parliament,Week5,237.0 Mansion House - 165.0 Parliament
Mansion House,Week3,Overlee,Week4,322.0 Overlee - 80.0 Mansion House
Mansion House,Week3,Parklawn,Week3,281.0 Mansion House - 120.0 Parklawn
Mansion House,Week2,Sideburn Run,Week1,216.0 Mansion House - 186.0 Sideburn Run
Mantua,Week3,Hollin Hills,Week1,362.0 Mantua - 39.0 Hollin Hills
Mansion House,Week4,Lakevale Estates,Week4,280.0 Lakevale Estates - 122.0 Mansion House
Mansion House,Week1,Lakevale Estates,Week3,232.0 Lakevale Estates - 165.0 Mansion House
Mansion House,Week1,Dowden Terrace,Week5,204.0 Mansion House - 198.0 Dowden Terrace
Mansion House,Week3,Lakevale Estates,Week1,208.0 Lakevale Estates - 194.0 Mansion House
Mansion House,Week1,Dowden Terrace,Week2,229.0 Mansion House - 173.0 Dowden Terrace
Mansion House,Week5,Parklawn,Week2,268.0 Mansion House - 134.0 Parklawn
Mansion House,Week3,Lakevale Estates,Week4,239.0 Lakevale Estates - 163.0 Mansion House
Mansion House,Week3,Dowden Terrace,Week4,230.0 Mansion House - 172.0 Dowden Terrace
Mantua,Week5,Hollin Meadows,Week3,259.0 Mantua - 143.0 Hollin Meadows
Mantua,Week4,Hollin Hills,Week1,346.0 Mantua - 56.0 Hollin Hills
Mansion House,Week5,Parklawn,Week1,290.0 Mansion House - 103.0 Parklawn
Mansion House,Week4,Dowden Terrace,Week3,225.0 Mansion House - 177.0 Dowden Terrace
Mansion House,Week1,Lakevale Estates,Week5,256.5 Lakevale Estates - 145.5 Mansion House
Mansion House,Week1,Dowden Terrace,Week4,226.0 Mansion House - 171.0 Dowden Terrace
Mansion House,Week4,Lakevale Estates,Week3,243.0 Lakevale Estates - 154.0 Mansion House
Mansion House,Week3,Donaldson Run,Week3,253.0 Donaldson Run - 149.0 Mansion House
Mansion House,Week1,Parliament,Week4,226.0 Mansion House - 171.0 Parliament
Mansion House,Week1,Lakevale Estates,Week4,252.0 Lakevale Estates - 150.0 Mansion House
Mantua,Week3,Hollin Hills,Week3,365.0 Mantua - 37.0 Hollin Hills
Mansion House,Week5,Lakevale Estates,Week5,251.0 Lakevale Estates - 151.0 Mansion House
Mansion House,Week3,Donaldson Run,Week1,237.0 Donaldson Run - 165.0 Mansion House
Mantua,Week2,Hollin Meadows,Week2,245.0 Mantua - 157.0 Hollin Meadows
Mansion House,Week2,Parliament,Week4,217.0 Mansion House - 180.0 Parliament
Mantua,Week3,Hollin Meadows,Week1,271.0 Mantua - 131.0 Hollin Meadows
Mansion House,Week4,Donaldson Run,Week1,274.0 Donaldson Run - 128.0 Mansion House
Mansion House,Week5,Parklawn,Week4,256.0 Mansion House - 145.0 Parklawn
Mansion House,Week3,Parliament,Week2,230.0 Mansion House - 172.0 Parliament
Mantua,Week2,Hollin Meadows,Week1,225.0 Mantua - 177.0 Hollin Meadows
Mantua,Week2,Hollin Hills,Week5,333.0 Mantua - 64.0 Hollin Hills
Mansion House,Week5,Lakevale Estates,Week1,215.0 Lakevale Estates - 187.0 Mansion House
Mantua,Week2,Hollin Hills,Week4,340.0 Mantua - 61.0 Hollin Hills
Mansion House,Week2,Donaldson Run,Week5,270.0 Donaldson Run - 132.0 Mansion House
Mansion House,Week3,Donaldson Run,Week5,261.0 Donaldson Run - 141.0 Mansion House
Mansion House,Week5,Donaldson Run,Week2,239.0 Donaldson Run - 163.0 Mansion House
Mantua,Week5,Hollin Hills,Week5,352.0 Mantua - 49.0 Hollin Hills
Mantua,Week1,Holmes Run Acres,Week5,204.0 Mantua - 198.0 Holmes Run Acres
Mansion House,Week3,Parliament,Week3,235.0 Mansion House - 167.0 Parliament
Mansion House,Week4,Donaldson Run,Week4,277.0 Donaldson Run - 125.0 Mansion House
Mantua,Week2,Holmes Run Acres,Week3,206.0 Mantua - 196.0 Holmes Run Acres
Mansion House,Week4,Lake Braddock,Week5,286.0 Mansion House - 115.0 Lake Braddock
Mansion House,Week5,Parliament,Week2,250.0 Mansion House - 152.0 Parliament
Mansion House,Week2,Parliament,Week1,206.0 Parliament - 191.0 Mansion House
Mansion House,Week5,Lake Braddock,Week3,321.0 Mansion House - 81.0 Lake Braddock
Mantua,Week2,Hollin Meadows,Week3,233.0 Mantua - 169.0 Hollin Meadows
Mansion House,Week3,Sideburn Run,Week1,239.0 Mansion House - 163.0 Sideburn Run
Mansion House,Week2,Parliament,Week3,212.0 Mansion House - 190.0 Parliament
Mansion House,Week2,Sideburn Run,Week4,213.0 Mansion House - 189.0 Sideburn Run
Mansion House,Week4,Parklawn,Week4,239.0 Mansion House - 162.0 Parklawn
Mansion House,Week3,Lakevale Estates,Week2,226.0 Lakevale Estates - 176.0 Mansion House
Mansion House,Week5,Lakevale Estates,Week3,215.0 Lakevale Estates - 187.0 Mansion House
Mansion House,Week4,Parklawn,Week3,255.0 Mansion House - 146.0 Parklawn
Mansion House,Week2,Parliament,Week2,213.0 Mansion House - 184.0 Parliament
Mansion House,Week1,Lakeview,Week5,292.0 Mansion House - 101.0 Lakeview
Mansion House,Week5,Donaldson Run,Week5,269.0 Donaldson Run - 133.0 Mansion House
Mansion House,Week1,Dunn Loring,Week1,230.0 Dunn Loring - 172.0 Mansion House
Mansion House,Week4,Dowden Terrace,Week1,206.0 Mansion House - 195.0 Dowden Terrace
Mansion House,Week5,Dowden Terrace,Week1,244.0 Mansion House - 158.0 Dowden Terrace
Mansion House,Week1,Lakeview,Week1,326.0 Mansion House - 76.0 Lakeview
Mansion House,Week1,Parliament,Week5,210.0 Mansion House - 187.0 Parliament
Mansion House,Week1,Parliament,Week2,217.0 Mansion House - 180.0 Parliament
Mansion House,Week3,Dowden Terrace,Week2,237.0 Mansion House - 165.0 Dowden Terrace
Mantua,Week4,Hollin Meadows,Week5,233.0 Mantua - 169.0 Hollin Meadows
Mantua,Week2,Hollin Meadows,Week4,245.0 Mantua - 157.0 Hollin Meadows
Mansion House,Week1,Lakeview,Week3,295.5 Mansion House - 106.5 Lakeview
Mantua,Week3,Holmes Run Acres,Week5,229.0 Mantua - 173.0 Holmes Run Acres
Mansion House,Week1,Dunn Loring,Week2,244.0 Dunn Loring - 158.0 Mansion House
Mansion House,Week4,Parliament,Week2,208.0 Mansion House - 185.0 Parliament
Mansion House,Week3,Parliament,Week1,221.0 Mansion House - 181.0 Parliament
Mantua,Week2,Hollin Meadows,Week5,234.0 Mantua - 168.0 Hollin Meadows
Mantua,Week5,Hollin Meadows,Week5,260.0 Mantua - 142.0 Hollin Meadows
Mansion House,Week3,Parliament,Week4,242.0 Mansion House - 160.0 Parliament
Mansion House,Week2,Lakeview,Week1,315.0 Mansion House - 87.0 Lakeview
Mansion House,Week1,Lakeview,Week2,321.0 Mansion House - 81.0 Lakeview
Mansion House,Week5,Hiddenbrook,Week2,307.5 Mansion House - 94.5 Hiddenbrook
Mansion House,Week5,Dowden Terrace,Week4,244.0 Mansion House - 158.0 Dowden Terrace
Mansion House,Week2,Lakeview,Week2,312.5 Mansion House - 89.5 Lakeview
Mansion House,Week1,Hiddenbrook,Week4,262.0 Mansion House - 140.0 Hiddenbrook
Mansion House,Week1,Parliament,Week3,206.5 Mansion House - 195.5 Parliament
Mansion House,Week1,Hiddenbrook,Week1,273.0 Mansion House - 129.0 Hiddenbrook
Mansion House,Week3,Dowden Terrace,Week5,219.0 Mansion House - 183.0 Dowden Terrace
Mansion House,Week5,Lakevale Estates,Week4,233.0 Lakevale Estates - 169.0 Mansion House
Mansion House,Week5,Parklawn,Week5,261.0 Mansion House - 141.0 Parklawn
Mansion House,Week1,High Point Pool,Week2,213.0 High Point Pool - 189.0 Mansion House
Mantua,Week4,Hollin Meadows,Week1,239.0 Mantua - 163.0 Hollin Meadows
Mansion House,Week3,Lakeview,Week1,328.0 Mansion House - 74.0 Lakeview
Mansion House,Week2,Lakeview,Week4,260.0 Mansion House - 142.0 Lakeview
Mansion House,Week2,Dowden Terrace,Week4,210.0 Mansion House - 187.0 Dowden Terrace
Mansion House,Week4,Parklawn,Week5,230.5 Mansion House - 169.5 Parklawn
Mantua,Week2,Holmes Run Acres,Week5,202.0 Mantua - 200.0 Holmes Run Acres
Mansion House,Week4,Parliament,Week4,208.0 Mansion House - 188.0 Parliament
Mansion House,Week2,Lakeview,Week3,285.0 Mansion House - 117.0 Lakeview
Mansion House,Week4,Parliament,Week3,209.0 Mansion House - 193.0 Parliament
Mansion House,Week5,Herndon,Week3,330.0 Mansion House - 72.0 Herndon
Mantua,Week4,Hollin Meadows,Week4,252.0 Mantua - 150.0 Hollin Meadows
Mansion House,Week3,Dowden Terrace,Week1,247.0 Mansion House - 154.0 Dowden Terrace
Mantua,Week2,Holmes Run Acres,Week4,238.0 Mantua - 164.0 Holmes Run Acres
Mansion House,Week5,Dowden Terrace,Week3,255.0 Mansion House - 147.0 Dowden Terrace
Mantua,Week1,Holmes Run Acres,Week3,223.0 Mantua - 179.0 Holmes Run Acres
Mantua,Week1,Holmes Run Acres,Week4,242.0 Mantua - 160.0 Holmes Run Acres
Mansion House,Week5,Lakeview,Week1,326.0 Mansion House - 76.0 Lakeview
Mansion House,Week4,Hiddenbrook,Week4,237.0 Mansion House - 165.0 Hiddenbrook
Mansion House,Week5,Lakeview,Week3,305.0 Mansion House - 97.0 Lakeview
Mansion House,Week1,Dunn Loring,Week4,249.0 Dunn Loring - 153.0 Mansion House
Mantua,Week3,Hollin Meadows,Week4,275.0 Mantua - 127.0 Hollin Meadows
Mansion House,Week3,Dowden Terrace,Week3,257.0 Mansion House - 145.0 Dowden Terrace
Mansion House,Week5,Parliament,Week4,242.0 Mansion House - 160.0 Parliament
Mansion House,Week4,Parliament,Week1,202.0 Parliament - 193.0 Mansion House
Mansion House,Week4,Parliament,Week5,204.0 Mansion House - 191.0 Parliament
Mantua,Week1,Holmes Run Acres,Week2,250.5 Mantua - 151.5 Holmes Run Acres
Mansion House,Week5,Dunn Loring,Week2,239.0 Dunn Loring - 163.0 Mansion House
Mansion House,Week1,Langley,Week3,242.0 Langley - 160.0 Mansion House
Mantua,Week2,Holmes Run Acres,Week1,258.0 Mantua - 144.0 Holmes Run Acres
Mansion House,Week5,Dowden Terrace,Week5,231.0 Mansion House - 171.0 Dowden Terrace
Mantua,Week1,Holmes Run Acres,Week1,256.0 Mantua - 146.0 Holmes Run Acres
Mansion House,Week1,Hiddenbrook,Week3,260.0 Mansion House - 142.0 Hiddenbrook
Mansion House,Week1,Langley,Week1,249.0 Langley - 153.0 Mansion House
Mantua,Week3,Holmes Run Acres,Week2,281.0 Mantua - 121.0 Holmes Run Acres
Mansion House,Week3,Hiddenbrook,Week5,263.0 Mansion House - 139.0 Hiddenbrook
Mansion House,Week5,Parliament,Week1,231.0 Mansion House - 170.0 Parliament
Mantua,Week3,Hollin Meadows,Week2,274.0 Mantua - 128.0 Hollin Meadows
Mansion House,Week4,Lakeview,Week5,275.0 Mansion House - 118.0 Lakeview
Mansion House,Week1,Langley,Week2,233.0 Langley - 169.0 Mansion House
Mansion House,Week1,Parliament,Week1,200.0 Mansion House - 197.0 Parliament
Mansion House,Week4,Dowden Terrace,Week4,204.5 Dowden Terrace - 192.5 Mansion House
Mansion House,Week5,Lakeview,Week2,324.0 Mansion House - 78.0 Lakeview
Mansion House,Week5,Dowden Terrace,Week2,245.0 Mansion House - 157.0 Dowden Terrace
Mansion House,Week4,Dunn Loring,Week3,279.0 Dunn Loring - 123.0 Mansion House
Mansion House,Week5,Herndon,Week5,336.0 Mansion House - 66.0 Herndon
Mansion House,Week5,Parklawn,Week3,276.0 Mansion House - 126.0 Parklawn
Mansion House,Week3,Hiddenbrook,Week1,279.0 Mansion House - 123.0 Hiddenbrook
Mantua,Week5,Hollin Meadows,Week2,279.0 Mantua - 123.0 Hollin Meadows
Mansion House,Week2,Hiddenbrook,Week1,260.0 Mansion House - 141.0 Hiddenbrook
Mansion House,Week3,Hiddenbrook,Week4,287.0 Mansion House - 115.0 Hiddenbrook
Mansion House,Week4,Dowden Terrace,Week5,221.0 Dowden Terrace - 181.0 Mansion House
Mansion House,Week3,Hiddenbrook,Week3,276.0 Mansion House - 126.0 Hiddenbrook
Mansion House,Week3,Lakeview,Week4,282.0 Mansion House - 120.0 Lakeview
Mansion House,Week2,Parliament,Week5,204.0 Mansion House - 193.0 Parliament
Mansion House,Week5,Lakeview,Week5,302.0 Mansion House - 91.0 Lakeview
Mansion House,Week4,Hiddenbrook,Week3,234.0 Mansion House - 168.0 Hiddenbrook
Mansion House,Week4,Hiddenbrook,Week5,226.0 Mansion House - 176.0 Hiddenbrook
Mantua,Week2,Holmes Run Acres,Week2,250.0 Mantua - 152.0 Holmes Run Acres
Mansion House,Week5,Fox Mill Woods,Week5,223.0 Fox Mill Woods - 179.0 Mansion House
Mansion House,Week1,Pinecrest,Week1,229.0 Pinecrest - 173.0 Mansion House
Mansion House,Week1,Langley,Week5,221.0 Langley - 181.0 Mansion House
Mansion House,Week2,Hiddenbrook,Week4,253.0 Mansion House - 144.0 Hiddenbrook
Mansion House,Week1,Pinecrest,Week2,238.0 Pinecrest - 164.0 Mansion House
Long Branch,Week5,Vienna Aquatic,Week2,296.0 Vienna Aquatic - 106.0 Long Branch
Mansion House,Week5,Parliament,Week3,240.0 Mansion House - 162.0 Parliament
Mansion House,Week5,Dunn Loring,Week3,238.0 Dunn Loring - 164.0 Mansion House
Mansion House,Week2,Langley,Week1,243.0 Langley - 159.0 Mansion House
Mansion House,Week2,Fox Mill Woods,Week2,233.0 Fox Mill Woods - 169.0 Mansion House
Mansion House,Week3,Dunn Loring,Week3,246.0 Dunn Loring - 156.0 Mansion House
Mansion House,Week1,Langley,Week4,234.0 Langley - 168.0 Mansion House
Mantua,Week3,Hollin Meadows,Week3,276.0 Mantua - 126.0 Hollin Meadows
Mansion House,Week3,Hiddenbrook,Week2,311.0 Mansion House - 91.0 Hiddenbrook
Mansion House,Week5,Fox Mill Estates,Week5,260.0 Mansion House - 142.0 Fox Mill Estates
Mansion House,Week3,Fox Mill Woods,Week2,221.0 Fox Mill Woods - 181.0 Mansion House
Mansion House,Week2,Fair Oaks ,Week3,204.0 Mansion House - 198.0 Fair Oaks
Mansion House,Week3,Lakeview,Week2,330.0 Mansion House - 72.0 Lakeview
Mansion House,Week2,Fox Mill Woods,Week4,242.0 Fox Mill Woods - 160.0 Mansion House
Mansion House,Week5,Parliament,Week5,240.0 Mansion House - 162.0 Parliament
Mansion House,Week5,Hiddenbrook,Week1,280.0 Mansion House - 122.0 Hiddenbrook
Mansion House,Week3,Dunn Loring,Week2,245.0 Dunn Loring - 157.0 Mansion House
Mansion House,Week5,Mount Vernon Park,Week2,212.0 Mount Vernon Park - 190.0 Mansion House
Mansion House,Week4,Hiddenbrook,Week1,245.0 Mansion House - 157.0 Hiddenbrook
Mantua,Week5,Hollin Meadows,Week1,263.0 Mantua - 139.0 Hollin Meadows
Mansion House,Week4,Dunn Loring,Week1,234.0 Dunn Loring - 168.0 Mansion House
Mansion House,Week2,Langley,Week2,227.0 Langley - 175.0 Mansion House
Mansion House,Week2,Newington Forest,Week4,271.0 Mansion House - 131.0 Newington Forest
Mantua,Week3,Hollin Meadows,Week5,262.0 Mantua - 140.0 Hollin Meadows
Mantua,Week4,Hollin Meadows,Week3,241.0 Mantua - 161.0 Hollin Meadows
Mantua,Week4,Hollin Meadows,Week2,252.0 Mantua - 150.0 Hollin Meadows
Mansion House,Week2,Dunn Loring,Week2,269.0 Dunn Loring - 133.0 Mansion House
Mansion House,Week2,Fox Mill Woods,Week1,245.0 Fox Mill Woods - 157.0 Mansion House
Mantua,Week3,Holmes Run Acres,Week1,284.0 Mantua - 118.0 Holmes Run Acres
Mansion House,Week1,Dunn Loring,Week3,254.0 Dunn Loring - 148.0 Mansion House
Mansion House,Week2,Newington Forest,Week1,294.0 Mansion House - 104.0 Newington Forest
Long Branch,Week4,Vienna Woods,Week3,326.5 Vienna Woods - 75.5 Long Branch
Mansion House,Week1,Newington Forest,Week3,282.0 Mansion House - 120.0 Newington Forest
Mansion House,Week3,Lakeview,Week3,299.0 Mansion House - 103.0 Lakeview
Mansion House,Week5,Herndon,Week4,337.0 Mansion House - 65.0 Herndon
Mansion House,Week4,Lakeview,Week1,296.0 Mansion House - 106.0 Lakeview
Mansion House,Week3,Dunn Loring,Week5,241.0 Dunn Loring - 161.0 Mansion House
Mansion House,Week1,Fox Mill Woods,Week2,238.0 Fox Mill Woods - 164.0 Mansion House
Mansion House,Week2,Fox Mill Woods,Week3,243.0 Fox Mill Woods - 159.0 Mansion House
Mansion House,Week2,Dunn Loring,Week5,256.0 Dunn Loring - 146.0 Mansion House
Mantua,Week5,Hollin Meadows,Week4,274.0 Mantua - 128.0 Hollin Meadows
Mansion House,Week5,Lakeview,Week4,281.0 Mansion House - 121.0 Lakeview
Mantua,Week3,Holmes Run Acres,Week3,247.0 Mantua - 155.0 Holmes Run Acres
Mansion House,Week3,Fox Mill Woods,Week5,217.0 Fox Mill Woods - 185.0 Mansion House
Mansion House,Week2,Hiddenbrook,Week5,255.0 Mansion House - 147.0 Hiddenbrook
Mansion House,Week3,Mount Vernon Park,Week5,237.0 Mount Vernon Park - 165.0 Mansion House
Mansion House,Week1,Newington Forest,Week4,283.0 Mansion House - 119.0 Newington Forest
Mansion House,Week2,Hiddenbrook,Week2,282.0 Mansion House - 110.0 Hiddenbrook
Mansion House,Week5,Hiddenbrook,Week4,270.0 Mansion House - 132.0 Hiddenbrook
Long Branch,Week2,Vienna Woods,Week5,345.0 Vienna Woods - 57.0 Long Branch
Long Branch,Week1,Vienna Woods,Week2,310.0 Vienna Woods - 91.0 Long Branch
Mansion House,Week4,Dunn Loring,Week5,259.0 Dunn Loring - 143.0 Mansion House
Mansion House,Week1,Hiddenbrook,Week5,258.0 Mansion House - 144.0 Hiddenbrook
Mansion House,Week4,Hiddenbrook,Week2,271.0 Mansion House - 126.0 Hiddenbrook
Mantua,Week3,Holmes Run Acres,Week4,274.0 Mantua - 128.0 Holmes Run Acres
Mansion House,Week4,Lakeview,Week2,296.0 Mansion House - 106.0 Lakeview
Long Branch,Week5,Vienna Woods,Week1,309.0 Vienna Woods - 93.0 Long Branch
Mansion House,Week5,Mount Vernon Park,Week4,218.0 Mount Vernon Park - 184.0 Mansion House
Mansion House,Week5,Dunn Loring,Week1,223.5 Dunn Loring - 178.5 Mansion House
Mansion House,Week2,Fox Mill Woods,Week5,253.5 Fox Mill Woods - 148.5 Mansion House
Long Branch,Week1,Vienna Woods,Week1,322.0 Vienna Woods - 80.0 Long Branch
Long Branch,Week2,Vienna Woods,Week2,314.0 Vienna Woods - 87.0 Long Branch
Mansion House,Week5,Fox Mill Estates,Week2,253.0 Mansion House - 149.0 Fox Mill Estates
Mansion House,Week3,Fox Mill Woods,Week1,236.0 Fox Mill Woods - 166.0 Mansion House
Mantua,Week1,Hunt Valley,Week1,216.0 Hunt Valley - 186.0 Mantua
Mantua,Week4,Holmes Run Acres,Week4,242.0 Mantua - 160.0 Holmes Run Acres
Mantua,Week2,Hunt Valley,Week1,235.0 Hunt Valley - 167.0 Mantua
Mansion House,Week1,Hiddenbrook,Week2,296.0 Mansion House - 101.0 Hiddenbrook
Mantua,Week1,Hunt Valley,Week3,237.0 Hunt Valley - 165.0 Mantua
Mansion House,Week1,Fox Mill Woods,Week3,229.5 Fox Mill Woods - 172.5 Mansion House
Mansion House,Week4,Lakeview,Week4,263.0 Mansion House - 139.0 Lakeview
Mansion House,Week2,Hiddenbrook,Week3,255.0 Mansion House - 147.0 Hiddenbrook
Mansion House,Week1,Fair Oaks ,Week1,219.0 Mansion House - 183.0 Fair Oaks
Mansion House,Week3,Langley,Week3,223.0 Langley - 179.0 Mansion House
Long Branch,Week4,Vienna Woods,Week5,345.0 Vienna Woods - 57.0 Long Branch
Mansion House,Week3,Lakeview,Week5,299.0 Mansion House - 94.0 Lakeview
Mansion House,Week5,Mount Vernon Park,Week5,230.0 Mount Vernon Park - 172.0 Mansion House
Mantua,Week4,Hunt Valley,Week4,226.0 Hunt Valley - 176.0 Mantua
Mansion House,Week1,Fox Mill Woods,Week5,238.0 Fox Mill Woods - 164.0 Mansion House
Mansion House,Week5,Hiddenbrook,Week3,275.0 Mansion House - 127.0 Hiddenbrook
Long Branch,Week1,Vienna Woods,Week3,327.0 Vienna Woods - 75.0 Long Branch
Mansion House,Week1,Dunn Loring,Week5,252.0 Dunn Loring - 150.0 Mansion House
Mansion House,Week1,Fair Oaks ,Week2,254.0 Mansion House - 148.0 Fair Oaks
Mansion House,Week4,Lakeview,Week3,275.0 Mansion House - 127.0 Lakeview
Mansion House,Week3,Mount Vernon Park,Week3,211.0 Mount Vernon Park - 191.0 Mansion House
Mansion House,Week1,Newington Forest,Week5,271.0 Mansion House - 131.0 Newington Forest
Mansion House,Week2,Langley,Week3,241.0 Langley - 161.0 Mansion House
Mansion House,Week4,Mount Vernon Park,Week4,248.0 Mount Vernon Park - 154.0 Mansion House
Mansion House,Week4,Fox Mill Woods,Week3,250.0 Fox Mill Woods - 152.0 Mansion House
Long Branch,Week2,Vienna Woods,Week1,321.0 Vienna Woods - 81.0 Long Branch
Mansion House,Week3,Dunn Loring,Week4,238.0 Dunn Loring - 164.0 Mansion House
Mansion House,Week1,Fair Oaks ,Week4,239.5 Mansion House - 162.5 Fair Oaks
Mantua,Week5,Holmes Run Acres,Week2,274.5 Mantua - 127.5 Holmes Run Acres
Mansion House,Week5,High Point Pool,Week1,232.0 Mansion House - 170.0 High Point Pool
Mansion House,Week2,Laurel Hill,Week3,283.5 Mansion House - 118.5 Laurel Hill
Mansion House,Week2,Fair Oaks ,Week2,228.0 Mansion House - 174.0 Fair Oaks
Mansion House,Week1,Laurel Hill,Week2,305.0 Mansion House - 97.0 Laurel Hill
Mansion House,Week2,Laurel Hill,Week1,287.0 Mansion House - 115.0 Laurel Hill
Mansion House,Week5,Fox Mill Woods,Week1,229.0 Fox Mill Woods - 173.0 Mansion House
Mansion House,Week5,Hiddenbrook,Week5,254.0 Mansion House - 148.0 Hiddenbrook
Mantua,Week5,Holmes Run Acres,Week5,224.0 Mantua - 178.0 Holmes Run Acres
Mansion House,Week3,Fox Mill Woods,Week3,218.0 Fox Mill Woods - 184.0 Mansion House
Mansion House,Week3,High Point Pool,Week5,208.0 High Point Pool - 194.0 Mansion House
Mansion House,Week2,Newington Forest,Week3,282.0 Mansion House - 120.0 Newington Forest
Mansion House,Week1,Fox Mill Woods,Week4,240.5 Fox Mill Woods - 161.5 Mansion House
Mansion House,Week4,Fox Mill Woods,Week5,264.0 Fox Mill Woods - 138.0 Mansion House
Long Branch,Week5,Vienna Aquatic,Week4,298.0 Vienna Aquatic - 104.0 Long Branch
Long Branch,Week4,Vienna Woods,Week2,318.0 Vienna Woods - 84.0 Long Branch
Mansion House,Week5,Mount Vernon Park,Week1,213.0 Mount Vernon Park - 189.0 Mansion House
Mansion House,Week2,High Point Pool,Week1,202.0 High Point Pool - 200.0 Mansion House
Long Branch,Week5,Vienna Woods,Week2,304.0 Vienna Woods - 97.0 Long Branch
Mansion House,Week1,Newington Forest,Week2,278.0 Mansion House - 123.0 Newington Forest
Mansion House,Week2,High Point Pool,Week2,229.0 High Point Pool - 173.0 Mansion House
Mansion House,Week1,Fair Oaks ,Week3,223.0 Mansion House - 179.0 Fair Oaks
Mansion House,Week2,Newington Forest,Week2,291.0 Mansion House - 107.0 Newington Forest
Mantua,Week1,Hunt Valley,Week2,222.0 Hunt Valley - 180.0 Mantua
Mansion House,Week2,Laurel Hill,Week5,265.0 Mansion House - 137.0 Laurel Hill
Mansion House,Week2,Langley,Week4,234.0 Langley - 168.0 Mansion House
Mansion House,Week5,Dunn Loring,Week5,243.0 Dunn Loring - 159.0 Mansion House
Long Branch,Week2,Vienna Woods,Week4,306.0 Vienna Woods - 96.0 Long Branch
Mansion House,Week1,Newington Forest,Week1,290.0 Mansion House - 111.0 Newington Forest
Mansion House,Week4,Mount Vernon Park,Week2,252.0 Mount Vernon Park - 150.0 Mansion House
Mansion House,Week2,Fair Oaks ,Week1,208.0 Mansion House - 194.0 Fair Oaks
Mantua,Week5,Holmes Run Acres,Week1,289.0 Mantua - 113.0 Holmes Run Acres
Mansion House,Week1,High Point Pool,Week1,208.0 Mansion House - 194.0 High Point Pool
Long Branch,Week5,Vienna Aquatic,Week5,320.0 Vienna Aquatic - 82.0 Long Branch
Mansion House,Week5,Fox Mill Estates,Week4,243.0 Mansion House - 159.0 Fox Mill Estates
Mantua,Week2,Hunt Valley,Week4,234.0 Hunt Valley - 168.0 Mantua
Mantua,Week5,Holmes Run Acres,Week4,266.0 Mantua - 136.0 Holmes Run Acres
Long Branch,Week4,Woodley,Week1,259.0 Long Branch - 143.0 Woodley
Long Branch,Week3,Vienna Woods,Week5,355.0 Vienna Woods - 47.0 Long Branch
Mansion House,Week4,Mount Vernon Park,Week1,231.0 Mount Vernon Park - 171.0 Mansion House
Mansion House,Week4,Langley,Week2,250.0 Langley - 152.0 Mansion House
Mantua,Week1,Hunt Valley,Week4,227.0 Hunt Valley - 175.0 Mantua
Mansion House,Week5,Newington Forest,Week3,303.0 Mansion House - 99.0 Newington Forest
Mansion House,Week4,High Point Pool,Week4,233.0 High Point Pool - 169.0 Mansion House
Mansion House,Week4,Dunn Loring,Week2,271.0 Dunn Loring - 131.0 Mansion House
Mansion House,Week1,Laurel Hill,Week4,294.0 Mansion House - 108.0 Laurel Hill
Long Branch,Week4,Vienna Woods,Week1,323.0 Vienna Woods - 79.0 Long Branch
Mansion House,Week4,Langley,Week4,254.0 Langley - 148.0 Mansion House
Mansion House,Week3,Dunn Loring,Week1,225.0 Dunn Loring - 177.0 Mansion House
Mansion House,Week2,Dunn Loring,Week3,278.0 Dunn Loring - 124.0 Mansion House
Mansion House,Week5,Fox Mill Estates,Week3,265.0 Mansion House - 137.0 Fox Mill Estates
Long Branch,Week1,Vienna Woods,Week5,342.0 Vienna Woods - 60.0 Long Branch
Mansion House,Week5,Fox Mill Woods,Week2,220.5 Fox Mill Woods - 181.5 Mansion House
Mantua,Week4,Holmes Run Acres,Week1,259.5 Mantua - 142.5 Holmes Run Acres
Mansion House,Week1,Laurel Hill,Week5,279.0 Mansion House - 123.0 Laurel Hill
Mansion House,Week2,Dunn Loring,Week1,242.0 Dunn Loring - 160.0 Mansion House
Mansion House,Week4,Mount Vernon Park,Week3,250.0 Mount Vernon Park - 152.0 Mansion House
Mansion House,Week1,High Point Pool,Week4,210.0 High Point Pool - 192.0 Mansion House
Mansion House,Week1,Highland Park,Week2,208.0 Mansion House - 194.0 Highland Park
Mansion House,Week1,Fox Mill Woods,Week1,242.0 Fox Mill Woods - 160.0 Mansion House
Mansion House,Week3,Newington Forest,Week2,295.0 Mansion House - 106.0 Newington Forest
Mansion House,Week4,Dunn Loring,Week4,262.0 Dunn Loring - 140.0 Mansion House
Mansion House,Week3,Fox Mill Woods,Week4,237.0 Fox Mill Woods - 165.0 Mansion House
Mansion House,Week1,Annandale,Week2,291.0 Mansion House - 111.0 Annandale
Long Branch,Week5,Woodley,Week1,249.0 Long Branch - 153.0 Woodley
Mantua,Week1,Hunt Valley,Week5,234.0 Hunt Valley - 168.0 Mantua
Mansion House,Week2,Laurel Hill,Week2,299.0 Mansion House - 103.0 Laurel Hill
Mansion House,Week1,Annandale,Week5,285.0 Mansion House - 117.0 Annandale
Mansion House,Week2,Highland Park,Week5,205.0 Mansion House - 197.0 Highland Park
Mantua,Week3,Hunt Valley,Week2,209.0 Mantua - 193.0 Hunt Valley
Mansion House,Week5,Fox Mill Woods,Week3,213.0 Fox Mill Woods - 189.0 Mansion House
Mansion House,Week4,Mount Vernon Park,Week5,264.0 Mount Vernon Park - 138.0 Mansion House
Mansion House,Week2,Dunn Loring,Week4,265.0 Dunn Loring - 137.0 Mansion House
Long Branch,Week3,Vienna Woods,Week2,325.0 Vienna Woods - 77.0 Long Branch
Mansion House,Week2,Laurel Hill,Week4,276.0 Mansion House - 126.0 Laurel Hill
Long Branch,Week1,Vienna Woods,Week4,309.0 Vienna Woods - 88.0 Long Branch
Mansion House,Week4,High Point Pool,Week5,233.0 High Point Pool - 169.0 Mansion House
Mansion House,Week1,Laurel Hill,Week1,289.0 Mansion House - 113.0 Laurel Hill
Mansion House,Week2,Fair Oaks ,Week4,220.5 Mansion House - 181.5 Fair Oaks
Long Branch,Week4,Vienna Woods,Week4,307.0 Vienna Woods - 95.0 Long Branch
Mansion House,Week3,Langley,Week1,229.0 Langley - 173.0 Mansion House
Mansion House,Week5,Dunn Loring,Week4,240.0 Dunn Loring - 162.0 Mansion House
Mansion House,Week1,Annandale,Week1,295.5 Mansion House - 106.5 Annandale
Mantua,Week5,Holmes Run Acres,Week3,243.0 Mantua - 159.0 Holmes Run Acres
Mantua,Week4,Holmes Run Acres,Week3,210.0 Mantua - 192.0 Holmes Run Acres
Mansion House,Week4,Fox Mill Woods,Week4,262.0 Fox Mill Woods - 140.0 Mansion House
Mansion House,Week2,Highland Park,Week2,205.0 Mansion House - 197.0 Highland Park
Mansion House,Week4,Newington Forest,Week3,273.0 Mansion House - 129.0 Newington Forest
Long Branch,Week3,Vienna Woods,Week4,319.0 Vienna Woods - 83.0 Long Branch
Mansion House,Week2,Highland Park,Week3,214.0 Mansion House - 188.0 Highland Park
Mansion House,Week1,Fair Oaks ,Week5,210.0 Mansion House - 192.0 Fair Oaks
Long Branch,Week2,Woodley,Week2,241.0 Long Branch - 160.0 Woodley
Mansion House,Week1,High Point Pool,Week3,206.0 High Point Pool - 196.0 Mansion House
Mansion House,Week4,Fox Mill Woods,Week1,272.0 Fox Mill Woods - 130.0 Mansion House
Mansion House,Week3,Mount Vernon Park,Week4,209.0 Mount Vernon Park - 193.0 Mansion House
Mansion House,Week5,Fox Mill Woods,Week4,232.0 Fox Mill Woods - 170.0 Mansion House
Long Branch,Week5,Vienna Aquatic,Week3,303.0 Vienna Aquatic - 99.0 Long Branch
Mantua,Week2,Hunt Valley,Week2,216.5 Hunt Valley - 185.5 Mantua
Mansion House,Week5,Mount Vernon Park,Week3,218.0 Mount Vernon Park - 184.0 Mansion House
Mansion House,Week1,Highland Park,Week3,228.0 Mansion House - 174.0 Highland Park
Mansion House,Week2,Langley,Week5,221.0 Langley - 176.0 Mansion House
Mansion House,Week3,Newington Forest,Week5,286.0 Mansion House - 116.0 Newington Forest
Mansion House,Week5,Great Falls,Week3,234.0 Mansion House - 168.0 Great Falls
Long Branch,Week3,Vienna Woods,Week3,342.0 Vienna Woods - 60.0 Long Branch
Mansion House,Week2,High Point Pool,Week4,218.0 High Point Pool - 184.0 Mansion House
Long Branch,Week3,Woodley,Week4,214.0 Long Branch - 188.0 Woodley
Long Branch,Week3,Woodley,Week3,214.0 Long Branch - 188.0 Woodley
Mantua,Week4,Holmes Run Acres,Week5,204.0 Mantua - 198.0 Holmes Run Acres
Mansion House,Week4,Newington Forest,Week2,279.0 Mansion House - 122.0 Newington Forest
Mansion House,Week5,High Point Pool,Week3,208.0 Mansion House - 194.0 High Point Pool
Mantua,Week4,Holmes Run Acres,Week2,263.0 Mantua - 139.0 Holmes Run Acres
Mansion House,Week3,Highland Park,Week1,209.0 Highland Park - 193.0 Mansion House
Mansion House,Week5,Newington Forest,Week1,303.0 Mansion House - 99.0 Newington Forest
Long Branch,Week2,Vienna Woods,Week3,326.0 Vienna Woods - 76.0 Long Branch
Long Branch,Week2,Woodley,Week4,232.0 Long Branch - 170.0 Woodley
Mansion House,Week2,Fair Oaks ,Week5,205.0 Mansion House - 197.0 Fair Oaks
Mansion House,Week4,North Springfield,Week2,279.0 Mansion House - 109.0 North Springfield
Mantua,Week3,Hunt Valley,Week4,203.0 Hunt Valley - 199.0 Mantua
Long Branch,Week3,Vienna Woods,Week1,326.0 Vienna Woods - 76.0 Long Branch
Mansion House,Week5,Laurel Hill,Week2,324.0 Mansion House - 78.0 Laurel Hill
Mansion House,Week2,Great Falls,Week1,235.0 Mansion House - 167.0 Great Falls
Mansion House,Week5,Langley,Week3,242.0 Langley - 160.0 Mansion House
Mansion House,Week4,Fox Mill Woods,Week2,262.0 Fox Mill Woods - 140.0 Mansion House
Mansion House,Week3,Great Falls,Week1,245.5 Mansion House - 156.5 Great Falls
Mansion House,Week5,Langley,Week2,240.0 Langley - 162.0 Mansion House
Mansion House,Week3,Fair Oaks ,Week2,251.0 Mansion House - 151.0 Fair Oaks
Long Branch,Week4,Woodley,Week5,240.0 Long Branch - 162.0 Woodley
Mantua,Week4,Hunt Valley,Week1,219.0 Hunt Valley - 183.0 Mantua
Mansion House,Week4,Great Falls,Week4,228.0 Mansion House - 167.0 Great Falls
Mansion House,Week4,Newington Forest,Week5,257.0 Mansion House - 145.0 Newington Forest
Long Branch,Week4,Woodley,Week4,250.0 Long Branch - 152.0 Woodley
Mansion House,Week5,Langley,Week1,242.0 Langley - 160.0 Mansion House
Mansion House,Week3,Fair Oaks ,Week3,214.0 Mansion House - 188.0 Fair Oaks
Mansion House,Week3,Fair Oaks ,Week1,226.0 Mansion House - 176.0 Fair Oaks
Mantua,Week3,Hunt Valley,Week5,211.0 Hunt Valley - 191.0 Mantua
Mansion House,Week3,High Point Pool,Week1,205.0 Mansion House - 197.0 High Point Pool
Mansion House,Week4,Fair Oaks ,Week3,201.0 Fair Oaks - 201.0 Mansion House
Mansion House,Week4,Great Falls,Week1,231.0 Mansion House - 167.0 Great Falls
Mantua,Week3,Hunt Valley,Week3,217.5 Hunt Valley - 184.5 Mantua
Mantua,Week4,Hunt Valley,Week2,217.0 Hunt Valley - 185.0 Mantua
Mantua,Week2,Hunt Valley,Week5,260.0 Hunt Valley - 142.0 Mantua
Mansion House,Week5,Great Falls,Week2,241.0 Mansion House - 143.0 Great Falls
Long Branch,Week5,Woodley,Week5,236.5 Long Branch - 164.5 Woodley
Mantua,Week4,Hunt Valley,Week3,233.0 Hunt Valley - 169.0 Mantua
Mansion House,Week3,Fair Oaks ,Week5,207.0 Mansion House - 195.0 Fair Oaks
Mansion House,Week4,Fair Oaks ,Week1,206.0 Fair Oaks - 196.0 Mansion House
Mansion House,Week3,Langley,Week5,209.0 Langley - 193.0 Mansion House
Mansion House,Week5,High Point Pool,Week2,218.0 Mansion House - 184.0 High Point Pool
Mansion House,Week1,North Springfield,Week3,307.5 Mansion House - 88.5 North Springfield
Mansion House,Week2,North Springfield,Week1,277.0 Mansion House - 74.0 North Springfield
Mansion House,Week2,Great Falls,Week5,216.0 Mansion House - 181.0 Great Falls
Mansion House,Week1,Highland Park,Week5,207.0 Mansion House - 195.0 Highland Park
Mansion House,Week1,North Springfield,Week5,288.0 Mansion House - 86.0 North Springfield
Mansion House,Week4,Langley,Week1,247.0 Langley - 155.0 Mansion House
Mansion House,Week1,Annandale,Week3,281.0 Mansion House - 116.0 Annandale
Mansion House,Week4,Fair Oaks ,Week2,230.5 Mansion House - 171.5 Fair Oaks
Long Branch,Week5,Woodley,Week2,251.0 Long Branch - 150.0 Woodley
Mansion House,Week3,Langley,Week4,227.0 Langley - 175.0 Mansion House
Mansion House,Week4,Langley,Week3,252.5 Langley - 149.5 Mansion House
Mansion House,Week2,Highland Park,Week4,215.0 Highland Park - 187.0 Mansion House
Mansion House,Week3,High Point Pool,Week2,214.0 High Point Pool - 188.0 Mansion House
Mansion House,Week4,Fair Oaks ,Week5,223.0 Fair Oaks - 179.0 Mansion House
Mansion House,Week2,Annandale,Week1,289.0 Mansion House - 113.0 Annandale
Mansion House,Week2,North Springfield,Week3,303.0 Mansion House - 94.0 North Springfield
Mansion House,Week2,Annandale,Week2,257.0 Mansion House - 145.0 Annandale
Mansion House,Week1,Laurel Hill,Week3,288.0 Mansion House - 114.0 Laurel Hill
Long Branch,Week5,Woodley,Week4,244.0 Long Branch - 158.0 Woodley
Mansion House,Week1,North Springfield,Week1,291.0 Mansion House - 60.0 North Springfield
Mantua,Week5,Hunt Valley,Week2,217.0 Mantua - 185.0 Hunt Valley
Mansion House,Week2,Great Falls,Week4,221.0 Mansion House - 171.0 Great Falls
Mansion House,Week4,Langley,Week5,242.0 Langley - 160.0 Mansion House
Mansion House,Week4,Fair Oaks ,Week4,203.0 Mansion House - 199.0 Fair Oaks
Long Branch,Week4,Woodley,Week3,249.0 Long Branch - 153.0 Woodley
Mansion House,Week3,Great Falls,Week2,232.0 Mansion House - 152.0 Great Falls
Mansion House,Week2,High Point Pool,Week3,212.0 High Point Pool - 190.0 Mansion House
Mantua,Week3,Hunt Valley,Week1,204.0 Mantua - 198.0 Hunt Valley
Mansion House,Week2,High Point Pool,Week5,227.0 High Point Pool - 175.0 Mansion House
Mansion House,Week3,Fair Oaks ,Week4,237.0 Mansion House - 165.0 Fair Oaks
Mansion House,Week5,Langley,Week4,236.0 Langley - 166.0 Mansion House
Mansion House,Week1,Woodley,Week3,308.0 Mansion House - 94.0 Woodley
Mantua,Week2,Hunt Valley,Week3,257.0 Hunt Valley - 145.0 Mantua
Mansion House,Week4,High Point Pool,Week2,230.0 High Point Pool - 172.0 Mansion House
Mansion House,Week2,Newington Forest,Week5,276.0 Mansion House - 126.0 Newington Forest
Mansion House,Week1,High Point Pool,Week5,207.0 High Point Pool - 195.0 Mansion House
Mansion House,Week1,Annandale,Week4,301.0 Mansion House - 101.0 Annandale
Mansion House,Week3,Waynewood,Week4,218.0 Waynewood - 184.0 Mansion House
Mansion House,Week5,Langley,Week5,227.0 Langley - 175.0 Mansion House
Mansion House,Week1,Great Falls,Week3,217.0 Mansion House - 180.0 Great Falls
Mansion House,Week1,North Springfield,Week4,310.0 Mansion House - 82.0 North Springfield
Mansion House,Week4,Newington Forest,Week4,263.0 Mansion House - 139.0 Newington Forest
Long Branch,Week2,Woodley,Week3,227.0 Long Branch - 175.0 Woodley
Mansion House,Week5,Newington Forest,Week5,277.0 Mansion House - 125.0 Newington Forest
Mansion House,Week1,Great Falls,Week4,232.0 Mansion House - 165.0 Great Falls
Mantua,Week5,Hunt Valley,Week1,205.0 Mantua - 197.0 Hunt Valley
Mantua,Week4,Hunt Valley,Week5,236.0 Hunt Valley - 166.0 Mantua
Mansion House,Week4,Great Falls,Week3,206.0 Great Falls - 191.0 Mansion House
Mansion House,Week3,High Point Pool,Week4,209.0 High Point Pool - 193.0 Mansion House
Mansion House,Week3,Langley,Week2,225.0 Langley - 177.0 Mansion House
Mansion House,Week3,Great Falls,Week5,228.0 Mansion House - 174.0 Great Falls
Long Branch,Week3,Woodley,Week2,226.0 Long Branch - 176.0 Woodley
Mantua,Week5,Hunt Valley,Week5,221.5 Hunt Valley - 180.5 Mantua
Mansion House,Week3,Great Falls,Week4,252.0 Mansion House - 150.0 Great Falls
Mansion House,Week5,Great Falls,Week1,249.0 Mansion House - 153.0 Great Falls
Mansion House,Week4,High Point Pool,Week1,204.0 High Point Pool - 193.0 Mansion House
Mansion House,Week2,Woodley,Week1,306.0 Mansion House - 96.0 Woodley
Mansion House,Week2,Great Falls,Week3,218.0 Mansion House - 179.0 Great Falls
Mansion House,Week2,North Springfield,Week2,299.0 Mansion House - 89.0 North Springfield
Mantua,Week3,Hunter Mill,Week4,211.0 Mantua - 191.0 Hunter Mill
Mansion House,Week4,High Point Pool,Week3,238.0 High Point Pool - 164.0 Mansion House
Mansion House,Week3,High Point Pool,Week3,201.0 High Point Pool - 201.0 Mansion House
Mansion House,Week3,Laurel Hill,Week4,298.0 Mansion House - 104.0 Laurel Hill
Mansion House,Week5,Laurel Hill,Week1,313.0 Mansion House - 89.0 Laurel Hill
Mansion House,Week3,Woodley,Week1,314.0 Mansion House - 88.0 Woodley
Mansion House,Week5,High Point Pool,Week4,213.0 Mansion House - 189.0 High Point Pool
Mansion House,Week3,Laurel Hill,Week3,297.5 Mansion House - 104.5 Laurel Hill
Mansion House,Week5,Waynewood,Week3,224.0 Waynewood - 178.0 Mansion House
Mantua,Week5,Hunter Mill,Week2,233.5 Mantua - 168.5 Hunter Mill
Mansion House,Week3,Newington Forest,Week3,291.0 Mansion House - 111.0 Newington Forest
Long Branch,Week5,Woodley,Week3,254.0 Long Branch - 148.0 Woodley
Mansion House,Week5,Newington Forest,Week2,296.0 Mansion House - 106.0 Newington Forest
Mantua,Week4,Hunter Mill,Week1,213.0 Mantua - 189.0 Hunter Mill
Long Branch,Week3,Woodley,Week1,228.0 Long Branch - 174.0 Woodley
Mansion House,Week4,Newington Forest,Week1,284.5 Mansion House - 116.5 Newington Forest
Mansion House,Week5,Great Falls,Week4,273.0 Mansion House - 129.0 Great Falls
Mansion House,Week1,Highland Park,Week1,207.0 Highland Park - 195.0 Mansion House
Mansion House,Week2,North Springfield,Week4,305.0 Mansion House - 82.0 North Springfield
Mansion House,Week4,Waynewood,Week2,218.0 Waynewood - 184.0 Mansion House
Mansion House,Week5,Great Falls,Week5,239.0 Mansion House - 162.0 Great Falls
Mantua,Week3,Hunter Mill,Week3,227.0 Mantua - 175.0 Hunter Mill
Mansion House,Week4,Laurel Hill,Week5,236.0 Mansion House - 166.0 Laurel Hill
Long Branch,Week3,Woodley,Week5,212.0 Long Branch - 190.0 Woodley
Long Branch,Week2,Woodley,Week5,232.0 Long Branch - 169.0 Woodley
Mansion House,Week3,Laurel Hill,Week2,317.0 Mansion House - 85.0 Laurel Hill
Mansion House,Week4,Laurel Hill,Week2,298.0 Mansion House - 100.0 Laurel Hill
Mansion House,Week2,Woodley,Week3,299.0 Mansion House - 103.0 Woodley
Mantua,Week2,Hunter Mill,Week5,216.0 Hunter Mill - 186.0 Mantua
Mansion House,Week1,Woodley,Week1,316.0 Mansion House - 86.0 Woodley
Mansion House,Week4,Laurel Hill,Week1,271.0 Mansion House - 130.0 Laurel Hill
Mansion House,Week4,Laurel Hill,Week3,258.0 Mansion House - 144.0 Laurel Hill
Mansion House,Week4,Highland Park,Week2,213.0 Highland Park - 189.0 Mansion House
Mansion House,Week2,Greenbriar,Week5,207.0 Mansion House - 195.0 Greenbriar
Mantua,Week2,Hunter Mill,Week4,224.0 Hunter Mill - 178.0 Mantua
Mansion House,Week3,North Springfield,Week2,316.0 Mansion House - 72.0 North Springfield
Mansion House,Week3,Newington Forest,Week1,307.0 Mansion House - 94.0 Newington Forest
Mansion House,Week3,Newington Forest,Week4,285.0 Mansion House - 117.0 Newington Forest
Mansion House,Week3,North Springfield,Week1,300.0 Mansion House - 51.0 North Springfield
Mansion House,Week1,Highland Park,Week4,212.0 Mansion House - 190.0 Highland Park
Mansion House,Week2,Highland Park,Week1,214.0 Highland Park - 188.0 Mansion House
Mansion House,Week3,Laurel Hill,Week5,284.0 Mansion House - 118.0 Laurel Hill
Mansion House,Week2,Greenbriar,Week4,216.0 Mansion House - 186.0 Greenbriar
Mantua,Week2,Hunter Mill,Week1,203.0 Hunter Mill - 199.0 Mantua
Mantua,Week4,Hunter Mill,Week3,217.0 Hunter Mill - 185.0 Mantua
Mansion House,Week2,Lee Graham,Week4,258.0 Lee Graham - 144.0 Mansion House
Mansion House,Week5,Waynewood,Week2,202.0 Waynewood - 200.0 Mansion House
Long Branch,Week4,Woodley,Week2,258.0 Long Branch - 144.0 Woodley
Mansion House,Week1,Greenbriar,Week2,205.5 Greenbriar - 196.5 Mansion House
Mansion House,Week5,High Point Pool,Week5,217.0 Mansion House - 185.0 High Point Pool
Mansion House,Week4,Waynewood,Week5,254.0 Waynewood - 148.0 Mansion House
Mansion House,Week3,Great Falls,Week3,221.0 Mansion House - 181.0 Great Falls
Mansion House,Week1,Woodley,Week5,303.0 Mansion House - 99.0 Woodley
Mansion House,Week2,North Springfield,Week5,265.0 Mansion House - 109.0 North Springfield
Mansion House,Week5,Lee Graham,Week1,227.0 Lee Graham - 175.0 Mansion House
Mantua,Week2,Ilda Community,Week4,282.0 Mantua - 120.0 Ilda Community
Mansion House,Week3,Lee Graham,Week1,239.0 Lee Graham - 163.0 Mansion House
Mansion House,Week1,Great Falls,Week5,212.0 Mansion House - 185.0 Great Falls
Mansion House,Week1,Great Falls,Week2,233.0 Mansion House - 151.0 Great Falls
Mansion House,Week1,Highlands Swim,Week5,283.0 Highlands Swim - 119.0 Mansion House
Mantua,Week3,Hunter Mill,Week5,210.0 Mantua - 192.0 Hunter Mill
Mansion House,Week3,Highlands Swim,Week4,259.0 Highlands Swim - 143.0 Mansion House
Mantua,Week2,Ilda Community,Week2,303.0 Mantua - 99.0 Ilda Community
Mansion House,Week5,Newington Forest,Week4,290.0 Mansion House - 112.0 Newington Forest
Mansion House,Week3,North Springfield,Week4,327.0 Mansion House - 65.0 North Springfield
Mansion House,Week3,North Springfield,Week5,301.0 Mansion House - 73.0 North Springfield
Mantua,Week2,Hunter Mill,Week3,215.0 Hunter Mill - 187.0 Mantua
Mansion House,Week1,Highlands Swim,Week2,290.0 Highlands Swim - 112.0 Mansion House
Mansion House,Week1,Greenbriar,Week3,206.0 Mansion House - 196.0 Greenbriar
Mansion House,Week4,Great Falls,Week5,199.0 Mansion House - 197.0 Great Falls
Mantua,Week3,Hunter Mill,Week2,240.0 Mantua - 162.0 Hunter Mill
Mansion House,Week1,Great Falls,Week1,241.0 Mansion House - 161.0 Great Falls
Mansion House,Week4,Highland Park,Week3,204.0 Highland Park - 198.0 Mansion House
Mansion House,Week4,Laurel Hill,Week4,269.0 Mansion House - 133.0 Laurel Hill
Mansion House,Week5,Woodley,Week1,314.0 Mansion House - 88.0 Woodley
Mansion House,Week2,Highlands Swim,Week4,273.0 Highlands Swim - 129.0 Mansion House
Mansion House,Week3,Waynewood,Week5,225.0 Waynewood - 177.0 Mansion House
Mansion House,Week3,Highlands Swim,Week1,262.0 Highlands Swim - 140.0 Mansion House
Mansion House,Week3,Laurel Hill,Week1,302.0 Mansion House - 100.0 Laurel Hill
Mansion House,Week3,Waynewood,Week3,235.0 Waynewood - 167.0 Mansion House
Mansion House,Week4,Great Falls,Week2,205.0 Mansion House - 179.0 Great Falls
Mansion House,Week3,North Springfield,Week3,319.0 Mansion House - 78.0 North Springfield
Mantua,Week1,Annandale,Week2,295.0 Mantua - 106.0 Annandale
Mansion House,Week4,Lee Graham,Week1,268.0 Lee Graham - 134.0 Mansion House
Mansion House,Week5,Waynewood,Week5,237.0 Waynewood - 165.0 Mansion House
Mansion House,Week1,North Springfield,Week2,304.0 Mansion House - 84.0 North Springfield
Mantua,Week5,Hunter Mill,Week3,229.0 Mantua - 173.0 Hunter Mill
Mansion House,Week5,Woodley,Week4,318.0 Mansion House - 84.0 Woodley
Mansion House,Week2,Lee Graham,Week1,260.0 Lee Graham - 142.0 Mansion House
Mantua,Week5,Hunter Mill,Week5,205.0 Mantua - 197.0 Hunter Mill
Mansion House,Week2,Great Falls,Week2,219.0 Mansion House - 160.0 Great Falls
Mansion House,Week4,Woodley,Week2,287.5 Mansion House - 114.5 Woodley
Mansion House,Week4,North Springfield,Week1,277.0 Mansion House - 73.0 North Springfield
Mansion House,Week1,Lee Graham,Week5,258.0 Lee Graham - 144.0 Mansion House
Mansion House,Week3,Lee Graham,Week4,245.0 Lee Graham - 157.0 Mansion House
Mansion House,Week2,Woodley,Week5,291.0 Mansion House - 110.0 Woodley
Mansion House,Week2,Greenbriar,Week2,216.0 Greenbriar - 186.0 Mansion House
Mansion House,Week4,North Springfield,Week5,264.0 Mansion House - 105.0 North Springfield
Mantua,Week5,Hunter Mill,Week1,227.0 Mantua - 175.0 Hunter Mill
Mansion House,Week3,Highland Park,Week2,220.0 Mansion House - 182.0 Highland Park
Mansion House,Week4,North Springfield,Week4,307.0 Mansion House - 84.0 North Springfield
Mansion House,Week5,Waynewood,Week4,211.0 Waynewood - 191.0 Mansion House
Mansion House,Week5,North Springfield,Week3,319.0 Mansion House - 78.0 North Springfield
Mansion House,Week3,Highlands Swim,Week5,274.0 Highlands Swim - 128.0 Mansion House
Mansion House,Week1,Lee Graham,Week2,254.0 Lee Graham - 148.0 Mansion House
Mansion House,Week5,North Springfield,Week4,326.0 Mansion House - 66.0 North Springfield
Mansion House,Week1,Greenbriar,Week5,222.0 Mansion House - 180.0 Greenbriar
Mansion House,Week5,North Springfield,Week1,299.0 Mansion House - 51.0 North Springfield
Mansion House,Week2,Lee Graham,Week3,268.0 Lee Graham - 134.0 Mansion House
Mansion House,Week4,Lee Graham,Week4,282.0 Lee Graham - 120.0 Mansion House
Mansion House,Week5,North Springfield,Week2,313.5 Mansion House - 74.5 North Springfield
Mansion House,Week5,Laurel Hill,Week5,279.0 Mansion House - 123.0 Laurel Hill
Mantua,Week1,Hunter Mill,Week2,204.0 Hunter Mill - 198.0 Mantua
Mansion House,Week4,Woodley,Week3,281.0 Mansion House - 121.0 Woodley
Mantua,Week1,Ilda Community,Week1,303.0 Mantua - 99.0 Ilda Community
Mansion House,Week2,Greenbriar,Week3,202.0 Greenbriar - 200.0 Mansion House
Mansion House,Week3,Highland Park,Week3,229.0 Mansion House - 173.0 Highland Park
Mansion House,Week1,Greenbriar,Week4,227.0 Mansion House - 175.0 Greenbriar
Mantua,Week1,Hunter Mill,Week1,204.0 Mantua - 193.0 Hunter Mill
Mansion House,Week2,Greenbriar,Week1,210.0 Mansion House - 192.0 Greenbriar
Mansion House,Week2,Highlands Swim,Week3,283.0 Highlands Swim - 119.0 Mansion House
Mansion House,Week1,Greenbriar,Week1,220.0 Mansion House - 182.0 Greenbriar
Mansion House,Week2,Woodley,Week4,298.0 Mansion House - 104.0 Woodley
Mantua,Week5,Hunt Valley,Week3,207.0 Hunt Valley - 195.0 Mantua
Mansion House,Week3,Woodley,Week4,312.0 Mansion House - 90.0 Woodley
Mansion House,Week2,Highlands Swim,Week1,287.5 Highlands Swim - 114.5 Mansion House
Mansion House,Week3,Highlands Swim,Week2,264.0 Highlands Swim - 138.0 Mansion House
Mantua,Week1,Hunter Mill,Week3,211.0 Hunter Mill - 191.0 Mantua
Mansion House,Week4,Waynewood,Week3,239.8 Waynewood - 162.2 Mansion House
Mansion House,Week4,Waynewood,Week4,228.0 Waynewood - 174.0 Mansion House
Mansion House,Week5,Fairfax,Week1,211.0 Fairfax - 191.0 Mansion House
Mansion House,Week4,North Springfield,Week3,281.0 Mansion House - 116.0 North Springfield
Mansion House,Week5,Laurel Hill,Week3,293.0 Mansion House - 109.0 Laurel Hill
Mansion House,Week1,Oakton ,Week1,240.0 Oakton - 157.0 Mansion House
Mansion House,Week3,Highland Park,Week4,214.0 Mansion House - 188.0 Highland Park
Mantua,Week5,Hunt Valley,Week4,203.0 Mantua - 199.0 Hunt Valley
Mantua,Week3,Hunter Mill,Week1,242.0 Mantua - 160.0 Hunter Mill
Mantua,Week1,Hunter Mill,Week4,224.0 Hunter Mill - 178.0 Mantua
Mansion House,Week2,Fairfax,Week4,230.0 Fairfax - 171.0 Mansion House
Mansion House,Week5,Lee Graham,Week2,238.0 Lee Graham - 164.0 Mansion House
Mansion House,Week5,Waynewood,Week1,209.0 Mansion House - 193.0 Waynewood
Mansion House,Week3,Lee Graham,Week2,243.0 Lee Graham - 159.0 Mansion House
Mansion House,Week5,North Springfield,Week5,295.0 Mansion House - 79.0 North Springfield
Mansion House,Week4,Lee Graham,Week5,276.5 Lee Graham - 125.5 Mansion House
Mansion House,Week1,Fairfax,Week4,233.0 Fairfax - 169.0 Mansion House
Mantua,Week2,Hunter Mill,Week2,202.0 Hunter Mill - 200.0 Mantua
Mansion House,Week1,Woodley,Week2,311.5 Mansion House - 90.5 Woodley
Mansion House,Week5,Fair Oaks ,Week5,211.0 Mansion House - 191.0 Fair Oaks
Mansion House,Week3,Highland Park,Week5,215.5 Mansion House - 186.5 Highland Park
Mansion House,Week3,Highlands Swim,Week3,256.0 Highlands Swim - 146.0 Mansion House
Mansion House,Week4,Waynewood,Week1,208.0 Waynewood - 194.0 Mansion House
Mansion House,Week1,Old Keene Mill,Week2,270.0 Mansion House - 132.0 Old Keene Mill
Mansion House,Week5,Highland Park,Week3,232.0 Mansion House - 170.0 Highland Park
Mantua,Week4,Hunter Mill,Week5,230.0 Hunter Mill - 172.0 Mantua
Mantua,Week4,Hunter Mill,Week2,206.0 Mantua - 196.0 Hunter Mill
Mansion House,Week5,Laurel Hill,Week4,300.0 Mansion House - 102.0 Laurel Hill
Mansion House,Week5,Highland Park,Week1,205.0 Mansion House - 197.0 Highland Park
Mansion House,Week1,Lee Graham,Week4,258.0 Lee Graham - 144.0 Mansion House
Mansion House,Week3,Fairfax,Week1,215.0 Fairfax - 187.0 Mansion House
Mansion House,Week5,Highland Park,Week4,209.0 Mansion House - 193.0 Highland Park
Mansion House,Week5,Fair Oaks ,Week1,217.0 Mansion House - 185.0 Fair Oaks
Mansion House,Week5,Highland Park,Week2,215.5 Mansion House - 186.5 Highland Park
Mansion House,Week3,Oakton ,Week4,239.0 Oakton - 163.0 Mansion House
Mansion House,Week1,Old Keene Mill,Week1,281.0 Mansion House - 121.0 Old Keene Mill
Mansion House,Week2,Fairfax,Week3,244.0 Fairfax - 157.0 Mansion House
Mantua,Week4,Hunter Mill,Week4,214.0 Hunter Mill - 188.0 Mantua
Mansion House,Week4,Lee Graham,Week2,273.0 Lee Graham - 129.0 Mansion House
Mansion House,Week3,Fairfax,Week2,221.0 Fairfax - 181.0 Mansion House
Mansion House,Week1,Old Keene Mill,Week4,294.0 Mansion House - 108.0 Old Keene Mill
Mansion House,Week1,Highlands Swim,Week3,279.0 Highlands Swim - 123.0 Mansion House
Mansion House,Week1,Woodley,Week4,319.0 Mansion House - 83.0 Woodley
Mansion House,Week1,Lee Graham,Week1,251.0 Lee Graham - 151.0 Mansion House
Mansion House,Week5,Woodley,Week3,311.0 Mansion House - 91.0 Woodley
Mansion House,Week4,Woodley,Week1,286.0 Mansion House - 116.0 Woodley
Mansion House,Week2,Woodley,Week2,295.0 Mansion House - 106.0 Woodley
Mansion House,Week5,Oakton ,Week2,228.0 Oakton - 174.0 Mansion House
Mansion House,Week2,Lee Graham,Week2,262.0 Lee Graham - 140.0 Mansion House
Mansion House,Week3,Lee Graham,Week3,246.5 Lee Graham - 155.5 Mansion House
Mansion House,Week1,Fairfax,Week5,259.0 Fairfax - 143.0 Mansion House
Mansion House,Week4,Woodley,Week5,284.0 Mansion House - 118.0 Woodley
Mantua,Week5,Hunter Mill,Week4,211.0 Mantua - 191.0 Hunter Mill
Mansion House,Week1,Oakton ,Week3,237.0 Oakton - 165.0 Mansion House
Mansion House,Week4,Highland Park,Week1,231.0 Highland Park - 171.0 Mansion House
Mansion House,Week3,Fairfax,Week4,211.0 Fairfax - 191.0 Mansion House
Mansion House,Week1,Oakton ,Week4,252.0 Oakton - 150.0 Mansion House
Mantua,Week1,Hunter Mill,Week5,216.0 Hunter Mill - 186.0 Mantua
Mansion House,Week3,Woodley,Week5,306.0 Mansion House - 96.0 Woodley
Mansion House,Week1,Lee Graham,Week3,259.0 Lee Graham - 143.0 Mansion House
Mantua,Week1,Ilda Community,Week2,304.0 Mantua - 98.0 Ilda Community
Mansion House,Week4,Highland Park,Week4,233.0 Highland Park - 169.0 Mansion House
Mansion House,Week1,Hollin Hills,Week5,302.5 Mansion House - 94.5 Hollin Hills
Mantua,Week1,Ilda Community,Week4,291.0 Mantua - 111.0 Ilda Community
Mansion House,Week5,Fair Oaks ,Week2,257.0 Mansion House - 145.0 Fair Oaks
Mansion House,Week3,Lee Graham,Week5,248.0 Lee Graham - 154.0 Mansion House
Mansion House,Week5,Highland Park,Week5,211.0 Mansion House - 191.0 Highland Park
Mansion House,Week4,Lee Graham,Week3,287.0 Lee Graham - 115.0 Mansion House
Mansion House,Week4,Woodley,Week4,294.0 Mansion House - 108.0 Woodley
Mansion House,Week5,Woodley,Week2,315.0 Mansion House - 87.0 Woodley
Mantua,Week1,Ilda Community,Week3,302.0 Mantua - 95.0 Ilda Community
Mansion House,Week2,Lee Graham,Week5,268.0 Lee Graham - 134.0 Mansion House
Mansion House,Week5,Fair Oaks ,Week3,226.0 Mansion House - 176.0 Fair Oaks
Mantua,Week1,Ilda Community,Week5,309.0 Mantua - 93.0 Ilda Community
Mansion House,Week3,Fairfax,Week5,249.0 Fairfax - 153.0 Mansion House
Mansion House,Week2,Oakton ,Week4,254.0 Oakton - 148.0 Mansion House
Mantua,Week2,Ilda Community,Week1,301.0 Mantua - 101.0 Ilda Community
Mansion House,Week1,Fairfax,Week3,248.0 Fairfax - 154.0 Mansion House
Mansion House,Week3,Woodley,Week2,314.0 Mansion House - 88.0 Woodley
Mansion House,Week5,Oakton ,Week4,247.0 Oakton - 155.0 Mansion House
Mantua,Week1,Annandale,Week1,297.0 Mantua - 104.0 Annandale
Mantua,Week3,Ilda Community,Week1,327.5 Mantua - 73.5 Ilda Community
Mansion House,Week2,Ilda Community,Week3,268.0 Mansion House - 129.0 Ilda Community
Mansion House,Week1,Highlands Swim,Week1,266.0 Highlands Swim - 136.0 Mansion House
Mansion House,Week2,Oakton ,Week5,266.0 Oakton - 131.0 Mansion House
Mansion House,Week4,Highland Park,Week5,219.0 Highland Park - 183.0 Mansion House
Mansion House,Week3,Oakton ,Week5,241.0 Oakton - 161.0 Mansion House
Mansion House,Week5,Woodley,Week5,308.0 Mansion House - 94.0 Woodley
Mansion House,Week1,Kent Gardens,Week5,217.0 Mansion House - 185.0 Kent Gardens
Mantua,Week2,Ilda Community,Week3,296.0 Mantua - 106.0 Ilda Community
Mansion House,Week2,Highlands Swim,Week2,289.0 Highlands Swim - 113.0 Mansion House
Mansion House,Week3,Woodley,Week3,312.0 Mansion House - 90.0 Woodley
Mansion House,Week1,Oakton ,Week5,248.0 Oakton - 154.0 Mansion House
Mantua,Week4,Ilda Community,Week4,297.5 Mantua - 104.5 Ilda Community
Mansion House,Week5,Fairfax,Week4,211.5 Fairfax - 190.5 Mansion House
Mansion House,Week2,Fairfax,Week1,225.0 Fairfax - 177.0 Mansion House
Mansion House,Week4,Ilda Community,Week4,258.0 Mansion House - 144.0 Ilda Community
Mansion House,Week2,Highlands Swim,Week5,282.0 Highlands Swim - 115.0 Mansion House
Mansion House,Week1,Fairfax,Week2,246.0 Fairfax - 156.0 Mansion House
Mansion House,Week1,Highlands Swim,Week4,270.0 Highlands Swim - 132.0 Mansion House
Mansion House,Week5,Oakton ,Week5,251.0 Oakton - 151.0 Mansion House
Mansion House,Week1,Fairfax,Week1,218.0 Fairfax - 184.0 Mansion House
Mansion House,Week2,Ilda Community,Week4,251.0 Mansion House - 151.0 Ilda Community
Mansion House,Week4,Highlands Swim,Week2,309.0 Highlands Swim - 93.0 Mansion House
Mansion House,Week3,Ilda Community,Week2,298.0 Mansion House - 104.0 Ilda Community
Mantua,Week3,Annandale,Week2,326.0 Mantua - 76.0 Annandale
Mantua,Week1,Annandale,Week3,289.0 Mantua - 108.0 Annandale
Mansion House,Week2,Oakton ,Week3,246.0 Oakton - 156.0 Mansion House
Mantua,Week1,Arlington Forest,Week1,227.0 Mantua - 175.0 Arlington Forest
Mantua,Week4,Annandale,Week2,316.0 Mantua - 86.0 Annandale
Mansion House,Week1,Oakton ,Week2,246.0 Oakton - 156.0 Mansion House
Mansion House,Week2,Oakton ,Week1,250.0 Oakton - 147.0 Mansion House
Mantua,Week5,Ilda Community,Week4,315.0 Mantua - 87.0 Ilda Community
Mantua,Week3,Ilda Community,Week4,328.0 Mantua - 74.0 Ilda Community
Mantua,Week1,Kent Gardens,Week3,255.0 Mantua - 146.0 Kent Gardens
Mansion House,Week4,Oakton ,Week3,257.0 Oakton - 145.0 Mansion House
Mantua,Week5,Ilda Community,Week3,326.0 Mantua - 76.0 Ilda Community
Mansion House,Week4,Highlands Swim,Week1,295.0 Highlands Swim - 107.0 Mansion House
Mansion House,Week2,Fairfax,Week5,267.0 Fairfax - 134.0 Mansion House
Mansion House,Week4,Highlands Swim,Week5,299.0 Highlands Swim - 103.0 Mansion House
Mansion House,Week3,Ilda Community,Week5,291.0 Mansion House - 111.0 Ilda Community
Mansion House,Week2,Fairfax,Week2,246.0 Fairfax - 156.0 Mansion House
Mansion House,Week3,Ilda Community,Week1,299.0 Mansion House - 103.0 Ilda Community
Mansion House,Week5,Highlands Swim,Week1,250.0 Highlands Swim - 152.0 Mansion House
Mansion House,Week3,Fairfax,Week3,227.0 Fairfax - 175.0 Mansion House
Mansion House,Week3,Oakton ,Week2,232.0 Oakton - 170.0 Mansion House
Mantua,Week4,Ilda Community,Week2,317.0 Mantua - 85.0 Ilda Community
Mansion House,Week4,Fairfax,Week4,244.0 Fairfax - 158.0 Mansion House
Mantua,Week1,Kent Gardens,Week1,246.0 Mantua - 155.0 Kent Gardens
Mantua,Week4,Annandale,Week5,310.0 Mantua - 92.0 Annandale
Mantua,Week5,Ilda Community,Week1,326.0 Mantua - 76.0 Ilda Community
Mantua,Week2,Annandale,Week4,307.0 Mantua - 95.0 Annandale
Mansion House,Week5,Ilda Community,Week2,302.0 Mansion House - 100.0 Ilda Community
Mansion House,Week2,Oakton ,Week2,247.0 Oakton - 150.0 Mansion House
Mansion House,Week2,Ilda Community,Week5,269.0 Mansion House - 132.0 Ilda Community
Mantua,Week3,Ilda Community,Week5,331.0 Mantua - 70.0 Ilda Community
Mantua,Week5,Annandale,Week2,327.0 Mantua - 75.0 Annandale
Mansion House,Week5,Highlands Swim,Week2,273.0 Highlands Swim - 129.0 Mansion House
Mansion House,Week4,Fairfax,Week2,247.0 Fairfax - 155.0 Mansion House
Mansion House,Week4,Ilda Community,Week3,271.0 Mansion House - 126.0 Ilda Community
Mansion House,Week1,Hollin Hills,Week1,310.0 Mansion House - 92.0 Hollin Hills
Mantua,Week4,Annandale,Week4,318.0 Mantua - 84.0 Annandale
Mantua,Week5,Ilda Community,Week2,330.0 Mantua - 72.0 Ilda Community
Mansion House,Week3,Oakton ,Week3,230.0 Oakton - 172.0 Mansion House
Mantua,Week2,Annandale,Week1,287.0 Mantua - 115.0 Annandale
Mansion House,Week5,Ilda Community,Week1,288.0 Mansion House - 113.0 Ilda Community
Mansion House,Week5,Highlands Swim,Week3,267.0 Highlands Swim - 135.0 Mansion House
Mansion House,Week4,Highlands Swim,Week3,299.0 Highlands Swim - 103.0 Mansion House
Mansion House,Week4,Oakton ,Week2,257.3 Oakton - 144.7 Mansion House
Mantua,Week5,Ilda Community,Week5,327.0 Mantua - 75.0 Ilda Community
Mansion House,Week5,Highlands Swim,Week4,249.0 Highlands Swim - 153.0 Mansion House
Mansion House,Week3,Ilda Community,Week4,284.0 Mansion House - 118.0 Ilda Community
Mansion House,Week5,Highlands Swim,Week5,273.0 Highlands Swim - 129.0 Mansion House
Mansion House,Week4,Oakton ,Week1,248.0 Oakton - 149.0 Mansion House
Mantua,Week2,Annandale,Week3,279.0 Mantua - 123.0 Annandale
Mansion House,Week4,Oakton ,Week5,256.0 Oakton - 146.0 Mansion House
Mansion House,Week4,Fairfax,Week3,248.0 Fairfax - 154.0 Mansion House
Mansion House,Week3,Oakton ,Week1,221.0 Oakton - 181.0 Mansion House
Mantua,Week5,Annandale,Week1,326.0 Mantua - 76.0 Annandale
Mansion House,Week5,Fair Oaks ,Week4,255.0 Mansion House - 147.0 Fair Oaks
Mansion House,Week4,Fairfax,Week1,237.0 Fairfax - 165.0 Mansion House
Mansion House,Week4,Ilda Community,Week1,261.0 Mansion House - 141.0 Ilda Community
Mansion House,Week4,Fairfax,Week5,280.3 Fairfax - 121.7 Mansion House
Mansion House,Week1,Hollin Hills,Week4,318.0 Mansion House - 84.0 Hollin Hills
Mansion House,Week1,Fairfax Club Estates,Week3,260.0 Mansion House - 142.0 Fairfax Club Estates
Mansion House,Week4,Oakton ,Week4,259.0 Oakton - 143.0 Mansion House
Mantua,Week3,Annandale,Week1,325.0 Mantua - 77.0 Annandale
Mantua,Week1,Kent Gardens,Week5,217.0 Mantua - 185.0 Kent Gardens
Mantua,Week1,Annandale,Week4,298.0 Mantua - 103.0 Annandale
Mantua,Week2,Kent Gardens,Week4,259.0 Mantua - 143.0 Kent Gardens
Mansion House,Week3,Hollin Hills,Week1,321.5 Mansion House - 80.5 Hollin Hills
Mansion House,Week2,Hollin Hills,Week3,298.0 Mansion House - 104.0 Hollin Hills
Mantua,Week3,Ilda Community,Week2,338.0 Mantua - 64.0 Ilda Community
Mansion House,Week2,Old Keene Mill,Week4,273.0 Mansion House - 129.0 Old Keene Mill
Mantua,Week2,Kent Gardens,Week2,258.0 Mantua - 143.0 Kent Gardens
Mantua,Week3,Annandale,Week4,333.0 Mantua - 69.0 Annandale
Mansion House,Week5,Oakton ,Week1,225.0 Oakton - 177.0 Mansion House
Mansion House,Week1,Fairfax Club Estates,Week2,277.0 Mansion House - 125.0 Fairfax Club Estates
Mansion House,Week1,Hollin Hills,Week2,317.0 Mansion House - 85.0 Hollin Hills
Mansion House,Week1,Kent Gardens,Week4,255.0 Mansion House - 147.0 Kent Gardens
Mansion House,Week4,Ilda Community,Week2,266.0 Mansion House - 136.0 Ilda Community
Mansion House,Week1,Fairfax Club Estates,Week5,254.0 Mansion House - 147.0 Fairfax Club Estates
Mansion House,Week1,Hollin Hills,Week3,302.0 Mansion House - 100.0 Hollin Hills
Mansion House,Week2,Fairfax Club Estates,Week1,252.0 Mansion House - 145.0 Fairfax Club Estates
Mansion House,Week4,Fairfax Club Estates,Week5,215.0 Mansion House - 186.0 Fairfax Club Estates
Mantua,Week2,Annandale,Week5,285.0 Mantua - 117.0 Annandale
Mansion House,Week3,Ilda Community,Week3,291.0 Mansion House - 111.0 Ilda Community
Mantua,Week2,Kent Gardens,Week5,202.0 Mantua - 200.0 Kent Gardens
Mantua,Week2,Annandale,Week2,284.0 Mantua - 118.0 Annandale
Mansion House,Week4,Highlands Swim,Week4,302.0 Highlands Swim - 100.0 Mansion House
Mantua,Week2,Kent Gardens,Week1,233.0 Mantua - 168.0 Kent Gardens
Mansion House,Week5,Oakton ,Week3,230.0 Oakton - 172.0 Mansion House
Mansion House,Week2,Hollin Hills,Week1,295.0 Mansion House - 102.0 Hollin Hills
Mansion House,Week5,Ilda Community,Week5,289.0 Mansion House - 112.0 Ilda Community
Mansion House,Week1,Fairfax Club Estates,Week4,251.5 Mansion House - 150.5 Fairfax Club Estates
Mansion House,Week1,Kent Gardens,Week2,263.0 Mansion House - 139.0 Kent Gardens
Mansion House,Week5,Ilda Community,Week4,278.0 Mansion House - 124.0 Ilda Community
Mantua,Week3,Annandale,Week5,322.0 Mantua - 80.0 Annandale
Mansion House,Week1,Old Keene Mill,Week3,276.0 Mansion House - 126.0 Old Keene Mill
Mansion House,Week4,Ilda Community,Week5,268.0 Mansion House - 134.0 Ilda Community
Mansion House,Week4,Old Keene Mill,Week2,236.0 Mansion House - 166.0 Old Keene Mill
Mansion House,Week3,Hollin Hills,Week4,327.0 Mansion House - 74.0 Hollin Hills
Mantua,Week3,Annandale,Week3,317.0 Mantua - 85.0 Annandale
Mansion House,Week1,Kent Gardens,Week1,241.0 Mansion House - 161.0 Kent Gardens
Mansion House,Week5,Old Keene Mill,Week4,292.0 Mansion House - 110.0 Old Keene Mill
Mansion House,Week2,Orange Hunt,Week3,212.0 Orange Hunt - 190.0 Mansion House
Mansion House,Week3,Fairfax Club Estates,Week3,272.0 Mansion House - 130.0 Fairfax Club Estates
Mansion House,Week4,Hollin Hills,Week5,284.0 Mansion House - 111.0 Hollin Hills
Mantua,Week5,Annandale,Week4,332.0 Mantua - 70.0 Annandale
Mantua,Week1,Kent Gardens,Week2,258.0 Mantua - 143.0 Kent Gardens
Mansion House,Week5,Fairfax,Week2,219.0 Fairfax - 183.0 Mansion House
Mantua,Week4,Ilda Community,Week5,304.0 Mantua - 98.0 Ilda Community
Mantua,Week5,Annandale,Week3,309.0 Mantua - 93.0 Annandale
Mansion House,Week4,Hollin Hills,Week2,288.0 Mansion House - 104.0 Hollin Hills
Mantua,Week2,Kent Gardens,Week3,252.0 Mantua - 149.0 Kent Gardens
Mansion House,Week2,Old Keene Mill,Week2,266.0 Mansion House - 136.0 Old Keene Mill
Mantua,Week4,Annandale,Week1,317.0 Mantua - 85.0 Annandale
Mansion House,Week1,Kent Gardens,Week3,258.0 Mansion House - 144.0 Kent Gardens
Mansion House,Week5,Ilda Community,Week3,297.0 Mansion House - 105.0 Ilda Community
Mantua,Week4,Ilda Community,Week1,315.0 Mantua - 87.0 Ilda Community
Mansion House,Week4,Hollin Hills,Week3,293.0 Mansion House - 108.0 Hollin Hills
Mansion House,Week5,Fairfax Club Estates,Week5,260.0 Mansion House - 142.0 Fairfax Club Estates
Mansion House,Week1,Orange Hunt,Week4,211.0 Mansion House - 191.0 Orange Hunt
Mantua,Week3,Kent Gardens,Week1,272.0 Mantua - 130.0 Kent Gardens
Mansion House,Week3,Fairfax Club Estates,Week1,280.0 Mansion House - 122.0 Fairfax Club Estates
Mantua,Week4,Kent Gardens,Week5,225.0 Mantua - 177.0 Kent Gardens
Mansion House,Week3,Hollin Hills,Week5,312.0 Mansion House - 89.0 Hollin Hills
Long Branch,Week2,Village West,Week2,230.0 Long Branch - 171.0 Village West
Mansion House,Week2,Springfield,Week3,352.0 Mansion House - 41.0 Springfield
Mantua,Week4,Ilda Community,Week3,307.0 Mantua - 95.0 Ilda Community
Mantua,Week1,Annandale,Week5,292.0 Mantua - 110.0 Annandale
Mansion House,Week1,Orange Hunt,Week1,219.0 Mansion House - 183.0 Orange Hunt
Mantua,Week2,Arlington Forest,Week3,261.0 Mantua - 141.0 Arlington Forest
Mantua,Week1,Kent Gardens,Week4,256.0 Mantua - 146.0 Kent Gardens
Mantua,Week3,Ilda Community,Week3,334.0 Mantua - 68.0 Ilda Community
Mansion House,Week4,Old Keene Mill,Week1,256.0 Mansion House - 146.0 Old Keene Mill
Mantua,Week2,Ilda Community,Week5,308.0 Mantua - 94.0 Ilda Community
Mansion House,Week4,Fairfax Club Estates,Week1,243.0 Mansion House - 159.0 Fairfax Club Estates
Mansion House,Week3,Hollin Hills,Week2,317.0 Mansion House - 85.0 Hollin Hills
Mansion House,Week2,Fairfax Station,Week2,236.0 Fairfax Station - 166.0 Mansion House
Mansion House,Week5,Hollin Hills,Week2,330.0 Mansion House - 71.0 Hollin Hills
Mantua,Week5,Annandale,Week5,315.0 Mantua - 87.0 Annandale
Mantua,Week1,Brandywine,Week5,217.0 Mantua - 185.0 Brandywine
Long Branch,Week1,Village West,Week2,212.0 Long Branch - 189.0 Village West
Mantua,Week3,Arlington Forest,Week3,297.0 Mantua - 105.0 Arlington Forest
Long Branch,Week5,Village West,Week4,232.0 Long Branch - 164.0 Village West
Long Branch,Week3,Village West,Week2,220.0 Long Branch - 181.0 Village West
Long Branch,Week5,Village West,Week2,242.0 Long Branch - 159.0 Village West
Mantua,Week3,Arlington Forest,Week4,259.0 Mantua - 143.0 Arlington Forest
Mansion House,Week2,Old Keene Mill,Week3,266.0 Mansion House - 136.0 Old Keene Mill
Mansion House,Week5,Hollin Hills,Week1,320.0 Mansion House - 81.0 Hollin Hills
Mansion House,Week3,Fairfax Club Estates,Week2,278.0 Mansion House - 124.0 Fairfax Club Estates
Mansion House,Week2,Orange Hunt,Week1,203.0 Mansion House - 199.0 Orange Hunt
Mansion House,Week1,Springfield,Week1,367.0 Mansion House - 29.0 Springfield
Mantua,Week2,Arlington Forest,Week4,219.0 Mantua - 183.0 Arlington Forest
Mansion House,Week1,Fairfax Station,Week3,245.0 Fairfax Station - 157.0 Mansion House
Mansion House,Week3,Old Keene Mill,Week5,274.0 Mansion House - 128.0 Old Keene Mill
Mansion House,Week5,Fairfax,Week3,224.0 Fairfax - 178.0 Mansion House
Mantua,Week4,Annandale,Week3,307.0 Mantua - 95.0 Annandale
Mansion House,Week2,Fairfax Club Estates,Week4,240.0 Mansion House - 161.0 Fairfax Club Estates
Mansion House,Week2,Hollin Hills,Week4,309.0 Mansion House - 92.0 Hollin Hills
Mantua,Week3,Arlington Forest,Week2,292.0 Mantua - 110.0 Arlington Forest
Long Branch,Week5,Village West,Week3,224.0 Long Branch - 178.0 Village West
Mantua,Week2,Arlington Forest,Week5,207.0 Mantua - 195.0 Arlington Forest
Mansion House,Week5,Hollin Hills,Week3,320.0 Mansion House - 82.0 Hollin Hills
Mansion House,Week3,Orange Hunt,Week4,217.0 Mansion House - 185.0 Orange Hunt
Mansion House,Week5,Old Keene Mill,Week5,276.0 Mansion House - 126.0 Old Keene Mill
Mantua,Week3,Arlington Forest,Week5,239.0 Mantua - 163.0 Arlington Forest
Mansion House,Week4,Springfield,Week3,344.0 Mansion House - 45.0 Springfield
Mantua,Week1,Kings Ridge ,Week4,309.0 Mantua - 93.0 Kings Ridge
Mansion House,Week4,Hollin Hills,Week1,294.0 Mansion House - 107.0 Hollin Hills
Long Branch,Week3,Village West,Week5,222.0 Long Branch - 180.0 Village West
Mansion House,Week3,Hollin Hills,Week3,317.0 Mansion House - 85.0 Hollin Hills
Mansion House,Week5,Springboard,Week3,303.0 Mansion House - 99.0 Springboard
Mantua,Week1,Arlington Forest,Week4,217.0 Mantua - 185.0 Arlington Forest
Mansion House,Week2,Fairfax Club Estates,Week2,264.0 Mansion House - 137.0 Fairfax Club Estates
Mansion House,Week4,Springboard,Week4,266.0 Mansion House - 130.0 Springboard
Mantua,Week4,Arlington Forest,Week1,244.0 Mantua - 158.0 Arlington Forest
Long Branch,Week1,Village West,Week3,222.0 Village West - 180.0 Long Branch
Mansion House,Week5,Springboard,Week2,319.0 Mansion House - 83.0 Springboard
Mansion House,Week1,Springfield,Week4,357.0 Mansion House - 39.0 Springfield
Long Branch,Week5,Villa Aquatic,Week4,220.0 Villa Aquatic - 182.0 Long Branch
Mansion House,Week5,Fairfax,Week5,246.0 Fairfax - 156.0 Mansion House
Mansion House,Week2,Fairfax Club Estates,Week5,237.0 Mansion House - 156.0 Fairfax Club Estates
Mansion House,Week3,Fairfax Club Estates,Week4,261.0 Mansion House - 141.0 Fairfax Club Estates
Long Branch,Week4,Village West,Week1,239.0 Long Branch - 163.0 Village West
Mansion House,Week2,Springfield,Week1,359.0 Mansion House - 36.0 Springfield
Mantua,Week2,Kings Ridge ,Week5,292.5 Mantua - 109.5 Kings Ridge
Mansion House,Week2,Hollin Hills,Week5,285.0 Mansion House - 112.0 Hollin Hills
Mantua,Week5,Kent Gardens,Week4,279.0 Mantua - 123.0 Kent Gardens
Mantua,Week5,Arlington Forest,Week1,267.0 Mantua - 135.0 Arlington Forest
Mansion House,Week5,Hollin Hills,Week5,309.0 Mansion House - 93.0 Hollin Hills
Long Branch,Week1,Village West,Week1,213.0 Long Branch - 187.0 Village West
Mantua,Week3,Kings Ridge ,Week3,327.0 Mantua - 74.0 Kings Ridge
Mansion House,Week3,Orange Hunt,Week5,202.0 Orange Hunt - 200.0 Mansion House
Mansion House,Week5,Old Keene Mill,Week2,274.0 Mansion House - 128.0 Old Keene Mill
Mansion House,Week3,Orange Hunt,Week1,227.0 Mansion House - 175.0 Orange Hunt
Mansion House,Week5,Hollin Hills,Week4,325.0 Mansion House - 75.0 Hollin Hills
Mansion House,Week1,Fairfax Club Estates,Week1,258.0 Mansion House - 144.0 Fairfax Club Estates
Mansion House,Week4,Old Keene Mill,Week5,241.0 Mansion House - 161.0 Old Keene Mill
Mantua,Week4,Kings Ridge ,Week1,319.0 Mantua - 83.0 Kings Ridge
Long Branch,Week1,Village West,Week4,207.0 Long Branch - 189.0 Village West
Mansion House,Week1,Orange Hunt,Week3,204.0 Mansion House - 198.0 Orange Hunt
Mansion House,Week3,Springfield,Week3,367.0 Mansion House - 33.0 Springfield
Mantua,Week1,Brandywine,Week1,251.0 Mantua - 151.0 Brandywine
Mantua,Week4,Kent Gardens,Week3,263.0 Mantua - 139.0 Kent Gardens
Mansion House,Week4,Hollin Hills,Week4,302.0 Mansion House - 95.0 Hollin Hills
Mantua,Week5,Kent Gardens,Week1,272.0 Mantua - 130.0 Kent Gardens
Mansion House,Week3,Springfield,Week1,373.0 Mansion House - 28.0 Springfield
Mansion House,Week2,Hollin Hills,Week2,297.0 Mansion House - 105.0 Hollin Hills
Mantua,Week1,Arlington Forest,Week2,240.0 Mantua - 157.0 Arlington Forest
Mantua,Week5,Kings Ridge ,Week1,340.0 Mantua - 62.0 Kings Ridge
Mansion House,Week4,Fairfax Club Estates,Week4,221.0 Mansion House - 181.0 Fairfax Club Estates
Mantua,Week4,Kings Ridge ,Week3,317.0 Mantua - 85.0 Kings Ridge
Mansion House,Week4,Fairfax Club Estates,Week2,235.0 Mansion House - 167.0 Fairfax Club Estates
Mansion House,Week1,Old Keene Mill,Week5,272.0 Mansion House - 130.0 Old Keene Mill
Long Branch,Week2,Village West,Week3,213.0 Long Branch - 189.0 Village West
Mantua,Week5,Arlington Forest,Week3,289.0 Mantua - 113.0 Arlington Forest
Long Branch,Week5,Villa Aquatic,Week5,222.0 Villa Aquatic - 180.0 Long Branch
Mansion House,Week2,Hamlet,Week2,281.0 Hamlet - 121.0 Mansion House
Mansion House,Week3,Old Keene Mill,Week2,283.0 Mansion House - 119.0 Old Keene Mill
Mansion House,Week4,Fairfax Club Estates,Week3,229.0 Mansion House - 173.0 Fairfax Club Estates
Long Branch,Week4,Village West,Week5,223.0 Long Branch - 179.0 Village West
Mansion House,Week1,Springfield,Week3,362.0 Mansion House - 32.0 Springfield
Mansion House,Week3,Fairfax Club Estates,Week5,261.0 Mansion House - 140.0 Fairfax Club Estates
Mansion House,Week5,Greenbriar,Week3,209.0 Mansion House - 193.0 Greenbriar
Mantua,Week2,Brandywine,Week5,207.0 Mantua - 195.0 Brandywine
Mansion House,Week5,Fairfax Club Estates,Week3,279.0 Mansion House - 123.0 Fairfax Club Estates
Long Branch,Week3,Village West,Week3,204.0 Long Branch - 198.0 Village West
Mansion House,Week2,Old Keene Mill,Week5,265.0 Mansion House - 137.0 Old Keene Mill
Mansion House,Week2,Fairfax Club Estates,Week3,244.0 Mansion House - 157.0 Fairfax Club Estates
Mansion House,Week5,Fairfax Club Estates,Week1,273.0 Mansion House - 129.0 Fairfax Club Estates
Long Branch,Week2,Village West,Week1,222.0 Long Branch - 179.0 Village West
Mantua,Week3,Kent Gardens,Week4,288.0 Mantua - 114.0 Kent Gardens
Mantua,Week3,Kings Ridge ,Week1,344.0 Mantua - 58.0 Kings Ridge
Mantua,Week5,Arlington Forest,Week2,269.0 Mantua - 133.0 Arlington Forest
Mantua,Week1,Arlington Forest,Week3,261.0 Mantua - 141.0 Arlington Forest
Mansion House,Week3,Old Keene Mill,Week3,286.0 Mansion House - 116.0 Old Keene Mill
Mantua,Week5,Kent Gardens,Week5,251.0 Mantua - 151.0 Kent Gardens
Long Branch,Week5,Village West,Week1,238.0 Long Branch - 163.0 Village West
Mansion House,Week3,Springfield,Week4,362.0 Mansion House - 39.0 Springfield
Mansion House,Week3,Greenbriar,Week5,224.0 Mansion House - 178.0 Greenbriar
Mansion House,Week3,Springfield,Week5,377.0 Mansion House - 23.0 Springfield
Mansion House,Week5,Springboard,Week5,296.0 Mansion House - 106.0 Springboard
Mansion House,Week3,Old Keene Mill,Week1,294.0 Mansion House - 108.0 Old Keene Mill
Mansion House,Week4,Old Keene Mill,Week3,238.0 Mansion House - 164.0 Old Keene Mill
Mantua,Week2,Arlington Forest,Week2,238.5 Mantua - 163.5 Arlington Forest
Mansion House,Week1,Stratford,Week5,288.5 Mansion House - 113.5 Stratford
Mantua,Week4,Arlington Forest,Week4,222.0 Mantua - 180.0 Arlington Forest
Mansion House,Week4,Greenbriar,Week2,231.0 Greenbriar - 171.0 Mansion House
Mansion House,Week5,Fairfax Club Estates,Week4,263.0 Mansion House - 139.0 Fairfax Club Estates
Mansion House,Week4,Greenbriar,Week3,226.0 Greenbriar - 176.0 Mansion House
Mansion House,Week5,Springboard,Week1,305.0 Mansion House - 97.0 Springboard
Long Branch,Week4,Village West,Week2,246.0 Long Branch - 156.0 Village West
Mantua,Week5,Kent Gardens,Week3,289.0 Mantua - 113.0 Kent Gardens
Mansion House,Week1,Fairfax Station,Week1,236.0 Fairfax Station - 166.0 Mansion House
Mansion House,Week2,Old Keene Mill,Week1,269.0 Mansion House - 133.0 Old Keene Mill
Mansion House,Week4,Greenbriar,Week1,207.0 Greenbriar - 195.0 Mansion House
Mantua,Week1,Arlington Forest,Week5,205.0 Mantua - 192.0 Arlington Forest
Long Branch,Week4,Village West,Week4,227.0 Long Branch - 170.0 Village West
Mansion House,Week5,Old Keene Mill,Week1,283.0 Mansion House - 119.0 Old Keene Mill
Mansion House,Week4,Springfield,Week1,344.0 Mansion House - 47.0 Springfield
Mantua,Week4,Kent Gardens,Week4,251.5 Mantua - 150.5 Kent Gardens
Long Branch,Week3,Village West,Week4,206.0 Long Branch - 191.0 Village West
Mansion House,Week1,Fairfax Station,Week2,241.0 Fairfax Station - 161.0 Mansion House
Mantua,Week4,Arlington Forest,Week2,252.5 Mantua - 149.5 Arlington Forest
Mansion House,Week3,Greenbriar,Week1,226.0 Mansion House - 176.0 Greenbriar
Mansion House,Week5,Greenbriar,Week1,215.0 Mansion House - 187.0 Greenbriar
Long Branch,Week3,Village West,Week1,219.0 Long Branch - 183.0 Village West
Mantua,Week3,Kent Gardens,Week3,295.0 Mantua - 107.0 Kent Gardens
Mantua,Week5,Arlington Forest,Week4,250.0 Mantua - 152.0 Arlington Forest
Long Branch,Week1,Village West,Week5,212.0 Long Branch - 189.0 Village West
Mansion House,Week5,Greenbriar,Week4,230.0 Mansion House - 172.0 Greenbriar
Mantua,Week3,Kings Ridge ,Week4,324.5 Mantua - 77.5 Kings Ridge
Mansion House,Week3,Springboard,Week5,279.0 Mansion House - 122.0 Springboard
Mansion House,Week4,Hamlet,Week4,278.0 Hamlet - 124.0 Mansion House
Mansion House,Week5,Springboard,Week4,296.0 Mansion House - 106.0 Springboard
Mansion House,Week5,Old Keene Mill,Week3,270.0 Mansion House - 132.0 Old Keene Mill
Mansion House,Week2,Springfield,Week4,352.0 Mansion House - 39.0 Springfield
Mantua,Week3,Kent Gardens,Week2,286.0 Mantua - 116.0 Kent Gardens
Mansion House,Week3,Old Keene Mill,Week4,296.0 Mansion House - 106.0 Old Keene Mill
Mansion House,Week4,Greenbriar,Week5,207.0 Greenbriar - 195.0 Mansion House
Long Branch,Week2,Village West,Week4,227.0 Long Branch - 169.0 Village West
Mantua,Week1,Kings Ridge ,Week1,322.0 Mantua - 80.0 Kings Ridge
Mansion House,Week4,Springboard,Week1,274.0 Mansion House - 126.0 Springboard
Mansion House,Week1,Orange Hunt,Week2,209.0 Mansion House - 193.0 Orange Hunt
Mantua,Week2,Kings Ridge ,Week2,313.0 Mantua - 89.0 Kings Ridge
Mantua,Week4,Arlington Forest,Week5,219.0 Mantua - 183.0 Arlington Forest
Mansion House,Week1,Orange Hunt,Week5,207.0 Orange Hunt - 195.0 Mansion House
Mansion House,Week4,Springboard,Week5,254.0 Mansion House - 147.0 Springboard
Mantua,Week2,Arlington Forest,Week1,231.0 Mantua - 171.0 Arlington Forest
Mantua,Week1,Brandywine,Week2,246.0 Mantua - 156.0 Brandywine
Mansion House,Week3,Hamlet,Week3,248.0 Hamlet - 154.0 Mansion House
Mansion House,Week1,Fairfax Station,Week4,240.0 Fairfax Station - 162.0 Mansion House
Mansion House,Week1,Fairfax Station,Week5,256.0 Fairfax Station - 146.0 Mansion House
Long Branch,Week4,Village West,Week3,209.0 Long Branch - 193.0 Village West
Mansion House,Week2,Fairfax Station,Week3,255.0 Fairfax Station - 147.0 Mansion House
Mansion House,Week5,Fairfax Club Estates,Week2,280.0 Mansion House - 122.0 Fairfax Club Estates
Long Branch,Week2,Village West,Week5,214.0 Long Branch - 187.0 Village West
Mansion House,Week4,Old Keene Mill,Week4,262.0 Mansion House - 140.0 Old Keene Mill
Mantua,Week4,Kent Gardens,Week1,255.0 Mantua - 147.0 Kent Gardens
Mansion House,Week2,Orange Hunt,Week5,225.0 Orange Hunt - 177.0 Mansion House
Mantua,Week2,Kings Ridge ,Week1,321.0 Mantua - 81.0 Kings Ridge
Mansion House,Week3,Orange Hunt,Week2,218.0 Mansion House - 184.0 Orange Hunt
Mansion House,Week2,Orange Hunt,Week2,213.0 Orange Hunt - 189.0 Mansion House
Mantua,Week1,Kings Ridge ,Week3,313.0 Mantua - 89.0 Kings Ridge
Mantua,Week1,Brandywine,Week4,233.0 Mantua - 169.0 Brandywine
Mansion House,Week4,Springboard,Week2,295.0 Mansion House - 101.0 Springboard
Mantua,Week5,Kent Gardens,Week2,284.0 Mantua - 118.0 Kent Gardens
Mansion House,Week3,Hamlet,Week1,243.5 Hamlet - 158.5 Mansion House
Mansion House,Week2,Springfield,Week2,356.0 Mansion House - 40.0 Springfield
Mansion House,Week2,Fairfax Station,Week1,231.0 Fairfax Station - 171.0 Mansion House
Mansion House,Week1,Hamlet,Week1,246.0 Hamlet - 156.0 Mansion House
Mantua,Week5,Arlington Forest,Week5,237.0 Mantua - 165.0 Arlington Forest
Mantua,Week3,Arlington Forest,Week1,281.0 Mantua - 121.0 Arlington Forest
Mansion House,Week2,Forest Hollow,Week4,202.0 Forest Hollow - 200.0 Mansion House
Mantua,Week1,Brandywine,Week3,231.5 Mantua - 170.5 Brandywine
Mansion House,Week1,Springfield,Week2,363.0 Mansion House - 32.0 Springfield
Mansion House,Week5,Hamlet,Week4,253.0 Hamlet - 149.0 Mansion House
Mantua,Week4,Kent Gardens,Week2,261.0 Mantua - 141.0 Kent Gardens
Mansion House,Week2,Fairfax Station,Week4,219.0 Fairfax Station - 183.0 Mansion House
Mansion House,Week4,Springboard,Week3,268.0 Mansion House - 133.0 Springboard
Mansion House,Week3,Greenbriar,Week2,210.0 Mansion House - 192.0 Greenbriar
Mansion House,Week1,Forest Hollow,Week4,202.0 Mansion House - 200.0 Forest Hollow
Mansion House,Week2,Orange Hunt,Week4,211.0 Orange Hunt - 191.0 Mansion House
Mantua,Week2,Brandywine,Week3,228.0 Mantua - 169.0 Brandywine
Mantua,Week2,Kings Ridge ,Week3,302.5 Mantua - 99.5 Kings Ridge
Mansion House,Week4,Springfield,Week2,353.0 Mansion House - 36.0 Springfield
Mansion House,Week5,Orange Hunt,Week5,218.0 Orange Hunt - 184.0 Mansion House
Mantua,Week1,Kings Ridge ,Week5,301.0 Mantua - 101.0 Kings Ridge
Mansion House,Week1,Springfield,Week5,371.5 Mansion House - 24.5 Springfield
Mansion House,Week5,Fairfax Station,Week5,250.0 Fairfax Station - 152.0 Mansion House
Mantua,Week2,Bren Mar-Edsall Park,Week4,361.0 Mantua - 41.0 Bren Mar-Edsall Park
Mansion House,Week1,Hamlet,Week4,259.0 Hamlet - 143.0 Mansion House
Mantua,Week3,Kings Ridge ,Week2,335.0 Mantua - 67.0 Kings Ridge
Mantua,Week2,Brandywine,Week1,248.0 Mantua - 154.0 Brandywine
Mansion House,Week3,Hamlet,Week2,256.0 Hamlet - 146.0 Mansion House
Mansion House,Week2,Overlee,Week2,307.0 Overlee - 95.0 Mansion House
Mansion House,Week3,Forest Hollow,Week3,214.0 Mansion House - 188.0 Forest Hollow
Mansion House,Week4,Greenbriar,Week4,210.0 Mansion House - 192.0 Greenbriar
Mansion House,Week3,Springfield,Week2,368.0 Mansion House - 32.0 Springfield
Mantua,Week1,Kings Ridge ,Week2,321.0 Mantua - 80.0 Kings Ridge
Mansion House,Week4,Springfield,Week4,340.0 Mansion House - 56.0 Springfield
Mansion House,Week1,Forest Hollow,Week5,216.0 Forest Hollow - 186.0 Mansion House
Mansion House,Week3,Orange Hunt,Week3,214.0 Mansion House - 188.0 Orange Hunt
Mansion House,Week4,Fairfax Station,Week4,234.0 Fairfax Station - 168.0 Mansion House
Mantua,Week3,Brandywine,Week3,246.0 Mantua - 156.0 Brandywine
Mansion House,Week5,Fairfax Station,Week1,233.0 Fairfax Station - 169.0 Mansion House
Mansion House,Week3,Overlee,Week2,303.0 Overlee - 99.0 Mansion House
Mansion House,Week3,Greenbriar,Week4,234.0 Mansion House - 168.0 Greenbriar
Mansion House,Week4,Fairfax Station,Week1,254.0 Fairfax Station - 148.0 Mansion House
Mansion House,Week4,Orange Hunt,Week3,218.0 Orange Hunt - 184.0 Mansion House
Mantua,Week4,Arlington Forest,Week3,271.0 Mantua - 131.0 Arlington Forest
Mansion House,Week3,Fairfax Station,Week4,214.0 Fairfax Station - 188.0 Mansion House
Mantua,Week3,Bren Mar-Edsall Park,Week3,382.0 Mantua - 20.0 Bren Mar-Edsall Park
Mantua,Week2,Kings Ridge ,Week4,295.0 Mantua - 107.0 Kings Ridge
Mansion House,Week2,Springfield,Week5,362.0 Mansion House - 29.0 Springfield
Mansion House,Week1,Hamlet,Week3,266.0 Hamlet - 136.0 Mansion House
Mansion House,Week5,Greenbriar,Week2,202.0 Mansion House - 200.0 Greenbriar
Mansion House,Week3,Overlee,Week3,287.0 Overlee - 115.0 Mansion House
Mantua,Week3,Kent Gardens,Week5,251.0 Mantua - 151.0 Kent Gardens
Mantua,Week2,Brandywine,Week4,222.0 Mantua - 180.0 Brandywine
Mansion House,Week4,Springfield,Week5,353.0 Mansion House - 38.0 Springfield
Mantua,Week2,Brandywine,Week2,240.0 Mantua - 162.0 Brandywine
Mansion House,Week1,Stratford,Week2,290.0 Mansion House - 107.0 Stratford
Mansion House,Week1,Hamlet,Week2,264.0 Hamlet - 138.0 Mansion House
Mansion House,Week5,Springfield,Week1,373.0 Mansion House - 28.0 Springfield
Mantua,Week3,Brandywine,Week1,270.0 Mantua - 132.0 Brandywine
Mansion House,Week1,Overlee,Week2,314.0 Overlee - 88.0 Mansion House
Mansion House,Week4,Fairfax Station,Week2,263.0 Fairfax Station - 139.0 Mansion House
Mansion House,Week1,Overlee,Week5,323.0 Overlee - 79.0 Mansion House
Mantua,Week4,Kings Ridge ,Week2,334.0 Mantua - 68.0 Kings Ridge
Mansion House,Week4,Orange Hunt,Week1,209.0 Orange Hunt - 193.0 Mansion House
Mansion House,Week5,Greenbriar,Week5,224.0 Mansion House - 178.0 Greenbriar
Mansion House,Week3,Forest Hollow,Week2,235.0 Mansion House - 167.0 Forest Hollow
Mansion House,Week1,Overlee,Week3,304.0 Overlee - 98.0 Mansion House
Mansion House,Week4,Fairfax Station,Week5,274.0 Fairfax Station - 128.0 Mansion House
Mantua,Week2,Bren Mar-Edsall Park,Week1,366.0 Mantua - 35.0 Bren Mar-Edsall Park
Mansion House,Week4,Orange Hunt,Week5,230.0 Orange Hunt - 172.0 Mansion House
Mantua,Week1,Bren Mar-Edsall Park,Week1,358.0 Mantua - 42.0 Bren Mar-Edsall Park
Mansion House,Week1,Hamlet,Week5,264.0 Hamlet - 138.0 Mansion House
Mantua,Week3,Brandywine,Week4,247.0 Mantua - 155.0 Brandywine
Mansion House,Week5,Springfield,Week4,362.0 Mansion House - 40.0 Springfield
Mantua,Week5,Kings Ridge ,Week4,323.0 Mantua - 79.0 Kings Ridge
Mansion House,Week5,Springfield,Week5,380.0 Mansion House - 20.0 Springfield
Mansion House,Week3,Hamlet,Week4,241.0 Hamlet - 161.0 Mansion House
Mantua,Week1,Lake Braddock,Week4,330.0 Mantua - 71.0 Lake Braddock
Mansion House,Week2,Hamlet,Week1,251.0 Hamlet - 150.0 Mansion House
Mantua,Week4,Kings Ridge ,Week5,298.0 Mantua - 104.0 Kings Ridge
Mantua,Week4,Kings Ridge ,Week4,309.0 Mantua - 93.0 Kings Ridge
Mantua,Week3,Kings Ridge ,Week5,309.0 Mantua - 93.0 Kings Ridge
Mansion House,Week3,Greenbriar,Week3,213.0 Mansion House - 189.0 Greenbriar
Mansion House,Week5,Springfield,Week3,373.0 Mansion House - 29.0 Springfield
Mansion House,Week2,Overlee,Week1,302.0 Overlee - 100.0 Mansion House
Mansion House,Week1,Stratford,Week1,291.0 Mansion House - 110.0 Stratford
Mansion House,Week5,Fairfax Station,Week4,221.0 Fairfax Station - 181.0 Mansion House
Mansion House,Week1,Forest Hollow,Week3,212.0 Forest Hollow - 190.0 Mansion House
Mansion House,Week5,Orange Hunt,Week2,202.0 Mansion House - 200.0 Orange Hunt
Mansion House,Week1,Forest Hollow,Week2,205.0 Mansion House - 197.0 Forest Hollow
Mansion House,Week5,Springfield,Week2,372.0 Mansion House - 29.0 Springfield
Mantua,Week1,Bren Mar-Edsall Park,Week4,349.0 Mantua - 44.0 Bren Mar-Edsall Park
Mansion House,Week1,Stratford,Week4,256.0 Mansion House - 146.0 Stratford
Mansion House,Week4,Fairfax Station,Week3,261.0 Fairfax Station - 141.0 Mansion House
Mantua,Week4,Lake Braddock,Week3,334.0 Mantua - 68.0 Lake Braddock
Mantua,Week3,Brandywine,Week5,230.0 Mantua - 172.0 Brandywine
Mantua,Week1,Bren Mar-Edsall Park,Week5,350.0 Mantua - 45.0 Bren Mar-Edsall Park
Mansion House,Week3,Hamlet,Week5,260.0 Hamlet - 142.0 Mansion House
Mansion House,Week1,Stratford,Week3,282.0 Mansion House - 120.0 Stratford
Mansion House,Week5,Orange Hunt,Week1,215.0 Mansion House - 187.0 Orange Hunt
Mantua,Week4,Lake Braddock,Week4,337.0 Mantua - 65.0 Lake Braddock
Mansion House,Week5,Fairfax Station,Week2,255.0 Fairfax Station - 147.0 Mansion House
Mansion House,Week2,Overlee,Week3,304.0 Overlee - 98.0 Mansion House
Mantua,Week2,Bren Mar-Edsall Park,Week5,355.0 Mantua - 47.0 Bren Mar-Edsall Park
Mansion House,Week2,Hamlet,Week4,256.0 Hamlet - 146.0 Mansion House
Mansion House,Week4,Stratford,Week2,274.0 Mansion House - 123.0 Stratford
Mansion House,Week4,Hamlet,Week1,274.0 Hamlet - 123.0 Mansion House
Mantua,Week4,Lake Braddock,Week1,345.0 Mantua - 57.0 Lake Braddock
Mansion House,Week2,Stratford,Week2,278.0 Mansion House - 119.0 Stratford
Mantua,Week5,Kings Ridge ,Week5,321.0 Mantua - 81.0 Kings Ridge
Mansion House,Week1,Forest Hollow,Week1,209.0 Forest Hollow - 193.0 Mansion House
Mansion House,Week1,Overlee,Week4,321.0 Overlee - 81.0 Mansion House
Mansion House,Week5,Orange Hunt,Week4,206.5 Mansion House - 195.5 Orange Hunt
Mansion House,Week2,Fairfax Station,Week5,263.0 Fairfax Station - 139.0 Mansion House
Mansion House,Week2,Hamlet,Week5,284.0 Hamlet - 118.0 Mansion House
Mantua,Week4,Brandywine,Week3,228.0 Mantua - 174.0 Brandywine
Mantua,Week5,Kings Ridge ,Week3,327.0 Mantua - 75.0 Kings Ridge
Mansion House,Week4,Stratford,Week3,265.0 Mansion House - 137.0 Stratford
Mansion House,Week5,Hamlet,Week2,257.0 Hamlet - 145.0 Mansion House
Mansion House,Week5,Fairfax Station,Week3,253.0 Fairfax Station - 149.0 Mansion House
Mansion House,Week1,Overlee,Week1,300.0 Overlee - 102.0 Mansion House
Mantua,Week1,Bren Mar-Edsall Park,Week3,354.0 Mantua - 47.0 Bren Mar-Edsall Park
Mantua,Week5,Brandywine,Week3,261.0 Mantua - 141.0 Brandywine
Mansion House,Week2,Forest Hollow,Week1,204.5 Mansion House - 197.5 Forest Hollow
Mansion House,Week2,Hamlet,Week3,263.0 Hamlet - 139.0 Mansion House
Mantua,Week4,Lake Braddock,Week2,330.0 Mantua - 72.0 Lake Braddock
Mansion House,Week2,Overlee,Week4,331.0 Overlee - 71.0 Mansion House
Mansion House,Week3,Fairfax Station,Week1,215.0 Fairfax Station - 187.0 Mansion House
Mantua,Week5,Brandywine,Week1,269.0 Mantua - 133.0 Brandywine
Mantua,Week4,Brandywine,Week4,227.0 Mantua - 175.0 Brandywine
Mansion House,Week4,Orange Hunt,Week2,216.0 Orange Hunt - 186.0 Mansion House
Mansion House,Week4,Hamlet,Week3,284.0 Hamlet - 118.0 Mansion House
Mansion House,Week2,Stratford,Week3,253.0 Mansion House - 149.0 Stratford
Mansion House,Week3,Fairfax Station,Week3,240.0 Fairfax Station - 162.0 Mansion House
Mansion House,Week2,Forest Hollow,Week2,220.0 Mansion House - 182.0 Forest Hollow
Mantua,Week5,Kings Ridge ,Week2,340.0 Mantua - 62.0 Kings Ridge
Mansion House,Week4,Orange Hunt,Week4,214.0 Orange Hunt - 188.0 Mansion House
Mansion House,Week3,Fairfax Station,Week2,230.0 Fairfax Station - 172.0 Mansion House
Mantua,Week2,Lake Braddock,Week3,325.0 Mantua - 77.0 Lake Braddock
Mansion House,Week4,Stratford,Week1,277.0 Mansion House - 125.0 Stratford
Mansion House,Week4,Hamlet,Week5,297.0 Hamlet - 105.0 Mansion House
Mantua,Week5,Lake Braddock,Week5,348.0 Mantua - 54.0 Lake Braddock
Mantua,Week5,Lake Braddock,Week4,357.0 Mantua - 45.0 Lake Braddock
Mantua,Week2,Lake Braddock,Week5,310.5 Mantua - 91.5 Lake Braddock
Mansion House,Week5,Orange Hunt,Week3,210.0 Orange Hunt - 192.0 Mansion House
Mansion House,Week5,Hamlet,Week1,248.0 Hamlet - 154.0 Mansion House
Mansion House,Week2,Overlee,Week5,342.0 Overlee - 60.0 Mansion House
Mansion House,Week5,Hamlet,Week3,257.0 Hamlet - 145.0 Mansion House
Mansion House,Week4,Hamlet,Week2,291.0 Hamlet - 111.0 Mansion House
Mansion House,Week3,Stratford,Week5,295.0 Mansion House - 107.0 Stratford
Mansion House,Week4,Stratford,Week4,252.0 Mansion House - 150.0 Stratford
Mansion House,Week3,Stratford,Week4,287.0 Mansion House - 115.0 Stratford
Mantua,Week5,Brandywine,Week2,255.0 Mantua - 147.0 Brandywine
Mantua,Week3,Brandywine,Week2,256.0 Mantua - 146.0 Brandywine
Mantua,Week4,Brandywine,Week5,217.0 Mantua - 185.0 Brandywine
Mansion House,Week5,Forest Hollow,Week2,244.0 Mansion House - 158.0 Forest Hollow
Mantua,Week3,Lake Braddock,Week4,356.0 Mantua - 46.0 Lake Braddock
Mansion House,Week1,Sully Station,Week2,210.0 Sully Station - 187.0 Mansion House
Mansion House,Week2,Hayfield Farm,Week5,228.5 Mansion House - 173.5 Hayfield Farm
Mansion House,Week2,Hayfield Farm,Week4,219.0 Mansion House - 183.0 Hayfield Farm
Mantua,Week4,Brandywine,Week1,246.0 Mantua - 156.0 Brandywine
Mansion House,Week2,Stratford,Week5,261.0 Mansion House - 141.0 Stratford
Mansion House,Week2,Forest Hollow,Week5,207.0 Forest Hollow - 195.0 Mansion House
Mansion House,Week4,Hayfield Farm,Week4,213.0 Mansion House - 189.0 Hayfield Farm
Mansion House,Week4,Hayfield Farm,Week5,215.0 Mansion House - 187.0 Hayfield Farm
Mantua,Week5,Lake Braddock,Week2,346.0 Mantua - 56.0 Lake Braddock
Mansion House,Week3,Overlee,Week1,280.0 Overlee - 122.0 Mansion House
Mansion House,Week3,Fairfax Station,Week5,248.5 Fairfax Station - 153.5 Mansion House
Mansion House,Week1,Sully Station,Week1,231.0 Sully Station - 171.0 Mansion House
Mansion House,Week5,Stratford,Week2,292.0 Mansion House - 110.0 Stratford
Mantua,Week5,Lake Braddock,Week1,362.0 Mantua - 40.0 Lake Braddock
Mansion House,Week4,Hayfield Farm,Week3,223.5 Hayfield Farm - 177.5 Mansion House
Mansion House,Week5,Stratford,Week1,293.0 Mansion House - 109.0 Stratford
Mansion House,Week2,Fox Hunt,Week3,203.0 Fox Hunt - 199.0 Mansion House
Mansion House,Week2,Forest Hollow,Week3,205.0 Forest Hollow - 197.0 Mansion House
Mansion House,Week3,Forest Hollow,Week1,219.0 Mansion House - 183.0 Forest Hollow
Mantua,Week1,Lake Braddock,Week1,337.0 Mantua - 64.0 Lake Braddock
Mansion House,Week5,Stratford,Week5,286.0 Mansion House - 116.0 Stratford
Mantua,Week1,Bren Mar-Edsall Park,Week2,364.0 Mantua - 28.0 Bren Mar-Edsall Park
Mansion House,Week4,Fox Hunt,Week1,208.5 Mansion House - 193.5 Fox Hunt
Mantua,Week5,Brandywine,Week4,245.0 Mantua - 157.0 Brandywine
Mantua,Week5,Lake Braddock,Week3,345.0 Mantua - 57.0 Lake Braddock
Mansion House,Week4,Hayfield Farm,Week2,209.0 Mansion House - 193.0 Hayfield Farm
Mantua,Week4,Lake Braddock,Week5,324.0 Mantua - 78.0 Lake Braddock
Mansion House,Week5,Hayfield Farm,Week1,230.0 Mansion House - 172.0 Hayfield Farm
Long Branch,Week5,Vienna Aquatic,Week1,309.0 Vienna Aquatic - 93.0 Long Branch
Mansion House,Week4,Stratford,Week5,267.0 Mansion House - 135.0 Stratford
Mantua,Week5,Brandywine,Week5,230.0 Mantua - 172.0 Brandywine
Mantua,Week1,Lake Braddock,Week2,316.0 Mantua - 85.0 Lake Braddock
Mantua,Week2,Bren Mar-Edsall Park,Week3,366.0 Mantua - 36.0 Bren Mar-Edsall Park
Mantua,Week2,Bren Mar-Edsall Park,Week2,366.0 Mantua - 35.0 Bren Mar-Edsall Park
Mansion House,Week1,Fox Hunt,Week1,237.0 Mansion House - 165.0 Fox Hunt
Mantua,Week4,Brandywine,Week2,240.0 Mantua - 162.0 Brandywine
Mansion House,Week1,Hayfield Farm,Week4,237.0 Mansion House - 165.0 Hayfield Farm
Mansion House,Week3,Stratford,Week3,282.0 Mansion House - 120.0 Stratford
Mansion House,Week5,Forest Hollow,Week4,220.0 Mansion House - 182.0 Forest Hollow
Mantua,Week3,Bren Mar-Edsall Park,Week2,385.0 Mantua - 17.0 Bren Mar-Edsall Park
Mantua,Week3,Bren Mar-Edsall Park,Week4,379.0 Mantua - 23.0 Bren Mar-Edsall Park
Mansion House,Week1,Fox Hunt,Week3,208.0 Mansion House - 194.0 Fox Hunt
Mantua,Week3,Bren Mar-Edsall Park,Week5,378.0 Mantua - 24.0 Bren Mar-Edsall Park
Mansion House,Week1,Hayfield Farm,Week1,231.0 Mansion House - 171.0 Hayfield Farm
Mansion House,Week1,Hayfield Farm,Week5,238.0 Mansion House - 164.0 Hayfield Farm
Mansion House,Week5,Stratford,Week4,266.0 Mansion House - 136.0 Stratford
Mantua,Week3,Bren Mar-Edsall Park,Week1,382.0 Mantua - 20.0 Bren Mar-Edsall Park
Mantua,Week3,Lake Braddock,Week2,346.0 Mantua - 56.0 Lake Braddock
Mansion House,Week1,Sully Station,Week3,215.0 Sully Station - 187.0 Mansion House
Mansion House,Week3,Forest Hollow,Week4,217.0 Mansion House - 185.0 Forest Hollow
Mantua,Week1,Lake Braddock,Week5,325.0 Mantua - 76.0 Lake Braddock
Mansion House,Week5,Hayfield Farm,Week2,231.5 Mansion House - 170.5 Hayfield Farm
Mantua,Week2,Lake Braddock,Week1,334.0 Mantua - 62.0 Lake Braddock
Mantua,Week2,Lake Braddock,Week2,320.5 Mantua - 81.5 Lake Braddock
Mansion House,Week3,Stratford,Week1,297.0 Mansion House - 104.0 Stratford
Mansion House,Week1,Fox Hunt,Week2,246.0 Mansion House - 156.0 Fox Hunt
Mansion House,Week5,Hayfield Farm,Week4,229.0 Mansion House - 173.0 Hayfield Farm
Mantua,Week2,Lake Braddock,Week4,330.0 Mantua - 72.0 Lake Braddock
Mansion House,Week2,Stratford,Week4,262.0 Mansion House - 140.0 Stratford
Mansion House,Week2,Hayfield Farm,Week1,220.0 Mansion House - 182.0 Hayfield Farm
Mansion House,Week2,Hayfield Farm,Week2,225.0 Mansion House - 177.0 Hayfield Farm
Mansion House,Week4,Sully Station,Week3,223.0 Sully Station - 179.0 Mansion House
Mansion House,Week5,Forest Hollow,Week1,225.5 Mansion House - 176.5 Forest Hollow
Mantua,Week2,Brookfield ,Week3,252.0 Mantua - 150.0 Brookfield
Mansion House,Week3,Hayfield Farm,Week5,233.0 Mansion House - 169.0 Hayfield Farm
Mansion House,Week1,Sully Station II,Week2,258.0 Sully Station II - 144.0 Mansion House
Mantua,Week3,Lake Braddock,Week1,367.0 Mantua - 35.0 Lake Braddock
Mansion House,Week2,Fox Hunt,Week4,226.0 Mansion House - 176.0 Fox Hunt
Mantua,Week1,Lakevale Estates,Week5,252.0 Lakevale Estates - 150.0 Mantua
Mansion House,Week5,Stratford,Week3,281.0 Mansion House - 121.0 Stratford
Mantua,Week4,Bren Mar-Edsall Park,Week4,374.0 Mantua - 28.0 Bren Mar-Edsall Park
Mantua,Week5,Bren Mar-Edsall Park,Week3,377.0 Mantua - 25.0 Bren Mar-Edsall Park
Mantua,Week4,Lakevale Estates,Week5,237.0 Lakevale Estates - 165.0 Mantua
Mantua,Week2,Brookfield ,Week5,243.0 Mantua - 159.0 Brookfield
Mantua,Week3,Brookfield ,Week4,273.0 Mantua - 129.0 Brookfield
Mansion House,Week5,Hayfield Farm,Week3,219.0 Mansion House - 183.0 Hayfield Farm
Mansion House,Week3,Fox Hunt,Week1,243.0 Mansion House - 159.0 Fox Hunt
Mantua,Week1,Lake Braddock,Week3,327.0 Mantua - 73.0 Lake Braddock
Mansion House,Week1,Fox Hunt,Week4,224.0 Mansion House - 178.0 Fox Hunt
Mansion House,Week3,Stratford,Week2,302.0 Mansion House - 100.0 Stratford
Mansion House,Week4,Forest Hollow,Week1,214.0 Forest Hollow - 188.0 Mansion House
Mansion House,Week5,Hamlet,Week5,258.0 Hamlet - 144.0 Mansion House
Mansion House,Week5,Forest Hollow,Week5,218.0 Mansion House - 184.0 Forest Hollow
Mansion House,Week1,Hayfield Farm,Week2,231.5 Mansion House - 170.5 Hayfield Farm
Mantua,Week4,Brookfield ,Week4,251.5 Mantua - 150.5 Brookfield
Mansion House,Week2,Sully Station II,Week2,247.0 Sully Station II - 155.0 Mansion House
Mansion House,Week1,Hayfield Farm,Week3,204.0 Hayfield Farm - 198.0 Mansion House
Mantua,Week3,Lake Braddock,Week3,354.0 Mantua - 48.0 Lake Braddock
Mansion House,Week2,Fox Hunt,Week2,218.0 Mansion House - 179.0 Fox Hunt
Mansion House,Week2,Stratford,Week1,282.0 Mansion House - 119.0 Stratford
Mansion House,Week1,Sully Station II,Week3,269.0 Sully Station II - 133.0 Mansion House
Mantua,Week3,Lakevale Estates,Week3,205.0 Mantua - 197.0 Lakevale Estates
Mantua,Week4,Brookfield ,Week1,234.0 Mantua - 168.0 Brookfield
Mansion House,Week1,Sully Station,Week4,218.0 Sully Station - 184.0 Mansion House
Mantua,Week3,Brookfield ,Week2,280.0 Mantua - 122.0 Brookfield
Mansion House,Week4,Forest Hollow,Week3,216.0 Forest Hollow - 186.0 Mansion House
Mantua,Week3,Lake Braddock,Week5,348.0 Mantua - 54.0 Lake Braddock
Mantua,Week3,Brookfield ,Week5,282.0 Mantua - 120.0 Brookfield
Mantua,Week2,Brookfield ,Week2,241.0 Mantua - 161.0 Brookfield
Mansion House,Week2,Hayfield Farm,Week3,209.0 Hayfield Farm - 193.0 Mansion House
Mansion House,Week3,Sully Station II,Week2,241.0 Sully Station II - 161.0 Mansion House
Mantua,Week1,Lakevale Estates,Week4,250.0 Lakevale Estates - 152.0 Mantua
Mantua,Week5,Lakevale Estates,Week2,216.0 Mantua - 186.0 Lakevale Estates
Mansion House,Week4,Forest Hollow,Week5,220.5 Forest Hollow - 181.5 Mansion House
Mansion House,Week3,Hayfield Farm,Week2,234.0 Mansion House - 168.0 Hayfield Farm
Mansion House,Week3,Sully Station,Week3,205.0 Mansion House - 197.0 Sully Station
Mansion House,Week2,Herndon,Week3,320.0 Mansion House - 76.0 Herndon
Mansion House,Week4,Arlington Forest,Week2,199.0 Arlington Forest - 198.0 Mansion House
Mansion House,Week3,Fox Hunt,Week3,216.0 Mansion House - 186.0 Fox Hunt
Mantua,Week1,Lakevale Estates,Week3,228.0 Lakevale Estates - 169.0 Mantua
Mansion House,Week5,Forest Hollow,Week3,206.0 Mansion House - 196.0 Forest Hollow
Mantua,Week1,Lakeview,Week4,293.5 Mantua - 108.5 Lakeview
Mantua,Week3,Lakevale Estates,Week2,216.0 Mantua - 186.0 Lakevale Estates
Mansion House,Week3,Hayfield Farm,Week4,234.0 Mansion House - 168.0 Hayfield Farm
Mantua,Week5,Lakevale Estates,Week5,213.0 Lakevale Estates - 189.0 Mantua
Mansion House,Week3,Fox Hunt,Week4,237.0 Mansion House - 165.0 Fox Hunt
Mansion House,Week2,Sully Station,Week5,246.0 Sully Station - 156.0 Mansion House
Mansion House,Week4,Sully Station,Week4,234.0 Sully Station - 168.0 Mansion House
Mantua,Week4,Bren Mar-Edsall Park,Week2,381.0 Mantua - 21.0 Bren Mar-Edsall Park
Mansion House,Week4,Forest Hollow,Week2,203.0 Mansion House - 199.0 Forest Hollow
Mansion House,Week5,Arlington Forest,Week2,240.0 Mansion House - 162.0 Arlington Forest
Mansion House,Week2,Sully Station II,Week5,261.0 Sully Station II - 141.0 Mansion House
Mansion House,Week1,Brandywine,Week2,227.0 Mansion House - 175.0 Brandywine
Mansion House,Week3,Hayfield Farm,Week3,203.0 Mansion House - 199.0 Hayfield Farm
Mansion House,Week4,Hayfield Farm,Week1,211.0 Mansion House - 191.0 Hayfield Farm
Mansion House,Week4,Arlington Forest,Week5,219.0 Arlington Forest - 178.0 Mansion House
Mansion House,Week1,Brandywine,Week3,231.0 Mansion House - 170.0 Brandywine
Mantua,Week3,Brookfield ,Week3,300.0 Mantua - 102.0 Brookfield
Mansion House,Week2,Sully Station,Week1,227.5 Sully Station - 174.5 Mansion House
Mansion House,Week4,Arlington Forest,Week1,218.0 Arlington Forest - 184.0 Mansion House
Mansion House,Week3,Hayfield Farm,Week1,235.0 Mansion House - 167.0 Hayfield Farm
Mantua,Week3,Lakevale Estates,Week1,215.0 Mantua - 187.0 Lakevale Estates
Mansion House,Week1,Fox Hunt,Week5,207.0 Mansion House - 195.0 Fox Hunt
Mantua,Week3,Brookfield ,Week1,273.0 Mantua - 129.0 Brookfield
Mantua,Week5,Bren Mar-Edsall Park,Week5,373.0 Mantua - 29.0 Bren Mar-Edsall Park
Mansion House,Week2,Sully Station,Week2,210.0 Sully Station - 187.0 Mansion House
Mansion House,Week4,Forest Hollow,Week4,218.5 Forest Hollow - 183.5 Mansion House
Mansion House,Week3,Fox Hunt,Week2,249.0 Mansion House - 153.0 Fox Hunt
Mansion House,Week5,Arlington Forest,Week1,219.0 Mansion House - 183.0 Arlington Forest
Mantua,Week4,Bren Mar-Edsall Park,Week1,377.0 Mantua - 25.0 Bren Mar-Edsall Park
Mansion House,Week2,Herndon,Week4,325.0 Mansion House - 77.0 Herndon
Mantua,Week4,Brookfield ,Week3,270.0 Mantua - 132.0 Brookfield
Mansion House,Week2,Brandywine,Week2,208.0 Mansion House - 194.0 Brandywine
Mantua,Week3,Lakeview,Week3,342.5 Mantua - 59.5 Lakeview
Mantua,Week1,Lakeview,Week2,328.0 Mantua - 73.0 Lakeview
Mansion House,Week3,Forest Hollow,Week5,205.5 Mansion House - 196.5 Forest Hollow
Mansion House,Week1,Herndon,Week5,310.0 Mansion House - 92.0 Herndon
Mantua,Week1,Brookfield ,Week4,238.0 Mantua - 164.0 Brookfield
Mansion House,Week3,Herndon,Week2,339.0 Mansion House - 63.0 Herndon
Mansion House,Week2,Sully Station,Week4,211.0 Sully Station - 191.0 Mansion House
Mansion House,Week2,Brandywine,Week1,228.0 Mansion House - 174.0 Brandywine
Mantua,Week1,Brookfield ,Week2,253.0 Mantua - 149.0 Brookfield
Mansion House,Week3,Sully Station,Week4,213.0 Sully Station - 189.0 Mansion House
Mantua,Week2,Lakeview,Week2,334.0 Mantua - 67.0 Lakeview
Mansion House,Week2,Brandywine,Week3,206.0 Mansion House - 196.0 Brandywine
Mansion House,Week3,Sully Station,Week1,210.0 Sully Station - 192.0 Mansion House
Mansion House,Week1,Herndon,Week4,318.0 Mansion House - 84.0 Herndon
Mansion House,Week1,Canterbury Woods,Week2,287.0 Mansion House - 115.0 Canterbury Woods
Mansion House,Week3,Fox Hunt,Week5,215.0 Mansion House - 187.0 Fox Hunt
Mantua,Week5,Lakevale Estates,Week4,214.0 Lakevale Estates - 188.0 Mantua
Mantua,Week2,Lakevale Estates,Week3,226.0 Lakevale Estates - 176.0 Mantua
Mantua,Week4,Bren Mar-Edsall Park,Week5,375.0 Mantua - 27.0 Bren Mar-Edsall Park
Mansion House,Week4,Fox Hunt,Week3,212.0 Fox Hunt - 190.0 Mansion House
Mansion House,Week1,Sully Station,Week5,236.0 Sully Station - 166.0 Mansion House
Mansion House,Week5,Arlington Forest,Week3,259.0 Mansion House - 143.0 Arlington Forest
Mansion House,Week3,Sully Station,Week2,207.0 Mansion House - 195.0 Sully Station
Mansion House,Week2,Brandywine,Week4,216.0 Mansion House - 186.0 Brandywine
Mansion House,Week4,Fox Hunt,Week2,216.0 Mansion House - 185.0 Fox Hunt
Mantua,Week3,Lakeview,Week1,355.0 Mantua - 47.0 Lakeview
Mansion House,Week5,Hayfield Farm,Week5,245.0 Mansion House - 157.0 Hayfield Farm
Mansion House,Week5,Arlington Forest,Week4,215.0 Mansion House - 187.0 Arlington Forest
Mansion House,Week5,Sully Station,Week3,203.0 Mansion House - 199.0 Sully Station
Mansion House,Week4,Sully Station,Week1,234.5 Sully Station - 167.5 Mansion House
Mansion House,Week2,Arlington Forest,Week5,210.0 Arlington Forest - 187.0 Mansion House
Mansion House,Week3,Arlington Forest,Week2,249.0 Mansion House - 153.0 Arlington Forest
Mantua,Week5,Bren Mar-Edsall Park,Week2,383.0 Mantua - 19.0 Bren Mar-Edsall Park
Mansion House,Week2,Fox Hunt,Week5,212.0 Fox Hunt - 190.0 Mansion House
Mansion House,Week2,Herndon,Week5,317.0 Mansion House - 85.0 Herndon
Mantua,Week1,Brookfield ,Week5,245.0 Mantua - 157.0 Brookfield
Mansion House,Week3,Herndon,Week4,337.0 Mansion House - 65.0 Herndon
Mantua,Week5,Bren Mar-Edsall Park,Week1,380.0 Mantua - 22.0 Bren Mar-Edsall Park
Mansion House,Week1,Brandywine,Week5,215.0 Mansion House - 187.0 Brandywine
Mantua,Week1,Lakevale Estates,Week1,219.0 Lakevale Estates - 183.0 Mantua
Mantua,Week4,Lakevale Estates,Week1,214.0 Lakevale Estates - 188.0 Mantua
Mantua,Week4,Lakevale Estates,Week3,229.0 Lakevale Estates - 173.0 Mantua
Mantua,Week5,Bren Mar-Edsall Park,Week4,375.0 Mantua - 27.0 Bren Mar-Edsall Park
Mansion House,Week3,Herndon,Week1,337.0 Mansion House - 65.0 Herndon
Mansion House,Week1,Brandywine,Week4,221.0 Mansion House - 181.0 Brandywine
Mansion House,Week4,Fox Hunt,Week4,205.0 Fox Hunt - 196.0 Mansion House
Mansion House,Week2,Herndon,Week1,313.0 Mansion House - 83.0 Herndon
Mantua,Week5,Lakevale Estates,Week1,222.0 Mantua - 180.0 Lakevale Estates
Mansion House,Week2,Fox Hunt,Week1,230.0 Mansion House - 167.0 Fox Hunt
Mansion House,Week2,Sully Station,Week3,212.5 Sully Station - 189.5 Mansion House
Mansion House,Week3,Herndon,Week3,335.0 Mansion House - 67.0 Herndon
Mansion House,Week3,Sully Station,Week5,233.0 Sully Station - 169.0 Mansion House
Mantua,Week1,Brookfield ,Week3,257.0 Mantua - 145.0 Brookfield
Mansion House,Week4,Fox Hunt,Week5,221.0 Fox Hunt - 180.0 Mansion House
Mansion House,Week4,Arlington Forest,Week4,227.0 Arlington Forest - 175.0 Mansion House
Mantua,Week4,Bren Mar-Edsall Park,Week3,379.0 Mantua - 23.0 Bren Mar-Edsall Park
Mansion House,Week1,Herndon,Week3,317.0 Mansion House - 80.0 Herndon
Mantua,Week2,Brookfield ,Week1,237.0 Mantua - 165.0 Brookfield
Mantua,Week1,Broyhill Crest,Week3,359.0 Mantua - 34.0 Broyhill Crest
Mantua,Week1,Lakevale Estates,Week2,220.0 Lakevale Estates - 182.0 Mantua
Mantua,Week2,Lakevale Estates,Week2,228.0 Lakevale Estates - 174.0 Mantua
Mansion House,Week5,Fox Hunt,Week2,245.0 Mansion House - 157.0 Fox Hunt
Mansion House,Week4,Sully Station,Week2,215.0 Sully Station - 182.0 Mansion House
Mansion House,Week5,Arlington Forest,Week5,206.0 Mansion House - 196.0 Arlington Forest
Mansion House,Week5,Sully Station,Week1,214.0 Sully Station - 188.0 Mansion House
Mantua,Week4,Brookfield ,Week2,261.0 Mantua - 141.0 Brookfield
Mantua,Week2,Brookfield ,Week4,232.0 Mantua - 170.0 Brookfield
Mansion House,Week3,Arlington Forest,Week3,261.5 Mansion House - 140.5 Arlington Forest
Mansion House,Week3,Herndon,Week5,339.0 Mansion House - 63.0 Herndon
Mansion House,Week4,Arlington Forest,Week3,230.0 Mansion House - 172.0 Arlington Forest
Mantua,Week2,Lakevale Estates,Week4,256.0 Lakevale Estates - 146.0 Mantua
Mansion House,Week1,Brandywine,Week1,246.0 Mansion House - 156.0 Brandywine
Mansion House,Week4,Herndon,Week3,297.0 Mansion House - 100.0 Herndon
Mansion House,Week5,Sully Station,Week2,209.0 Sully Station - 193.0 Mansion House
Mansion House,Week4,Fox Mill Estates,Week2,225.0 Mansion House - 176.0 Fox Mill Estates
Mansion House,Week5,Fox Hunt,Week1,245.0 Mansion House - 157.0 Fox Hunt
Mantua,Week2,Lakevale Estates,Week1,219.5 Lakevale Estates - 182.5 Mantua
Mantua,Week3,Lakevale Estates,Week4,217.0 Lakevale Estates - 185.0 Mantua
Mantua,Week4,Lakevale Estates,Week2,211.0 Lakevale Estates - 191.0 Mantua
Mansion House,Week2,Arlington Forest,Week4,205.0 Arlington Forest - 197.0 Mansion House
Mansion House,Week1,Fox Mill Estates,Week4,229.0 Mansion House - 173.0 Fox Mill Estates
Mantua,Week1,Brookfield ,Week1,246.0 Mantua - 156.0 Brookfield
Mansion House,Week5,Herndon,Week1,337.0 Mansion House - 65.0 Herndon
Mansion House,Week2,Fox Mill Estates,Week1,266.0 Mansion House - 136.0 Fox Mill Estates
Mansion House,Week4,Sully Station,Week5,250.0 Sully Station - 152.0 Mansion House
Mansion House,Week4,Herndon,Week5,292.0 Mansion House - 110.0 Herndon
Mansion House,Week5,Fox Hunt,Week3,213.0 Mansion House - 189.0 Fox Hunt
Mansion House,Week5,Sully Station,Week4,219.0 Sully Station - 183.0 Mansion House
Mansion House,Week5,Herndon,Week2,340.0 Mansion House - 62.0 Herndon
Mansion House,Week3,Fox Mill Estates,Week1,280.0 Mansion House - 122.0 Fox Mill Estates
Mansion House,Week5,Sully Station,Week5,228.5 Sully Station - 173.5 Mansion House
Mantua,Week4,Brookfield ,Week5,260.0 Mantua - 142.0 Brookfield
Mansion House,Week1,Sully Station II,Week5,276.0 Sully Station II - 126.0 Mansion House
Mantua,Week3,Broyhill Crest,Week5,378.0 Mantua - 24.0 Broyhill Crest
Mansion House,Week2,Herndon,Week2,319.0 Mansion House - 78.0 Herndon
Mansion House,Week1,Fox Mill Estates,Week1,263.0 Mansion House - 139.0 Fox Mill Estates
Mansion House,Week3,Fox Mill Estates,Week4,243.0 Mansion House - 159.0 Fox Mill Estates
Mansion House,Week2,Sully Station II,Week1,215.0 Sully Station II - 187.0 Mansion House
Mansion House,Week1,Sully Station II,Week4,227.0 Sully Station II - 175.0 Mansion House
Mansion House,Week3,Arlington Forest,Week1,228.0 Mansion House - 174.0 Arlington Forest
Mansion House,Week3,Arlington Forest,Week5,213.0 Mansion House - 189.0 Arlington Forest
Mansion House,Week1,Sully Station II,Week1,219.0 Sully Station II - 183.0 Mansion House
Mansion House,Week4,Herndon,Week2,312.0 Mansion House - 84.0 Herndon
Mansion House,Week4,Herndon,Week1,294.0 Mansion House - 102.0 Herndon
Mansion House,Week3,Arlington Forest,Week4,219.0 Mansion House - 183.0 Arlington Forest
Mansion House,Week4,Herndon,Week4,298.0 Mansion House - 104.0 Herndon
Mantua,Week3,Broyhill Crest,Week3,391.0 Mantua - 11.0 Broyhill Crest
Mantua,Week5,Broyhill Crest,Week1,385.0 Mantua - 17.0 Broyhill Crest
Mantua,Week5,Broyhill Crest,Week4,377.0 Mantua - 25.0 Broyhill Crest
Mansion House,Week2,Fox Mill Estates,Week4,221.0 Mansion House - 181.0 Fox Mill Estates
Mantua,Week2,Lakevale Estates,Week5,244.0 Lakevale Estates - 158.0 Mantua
Mantua,Week3,Lakevale Estates,Week5,214.0 Lakevale Estates - 188.0 Mantua
Mansion House,Week3,Fox Mill Estates,Week5,265.0 Mansion House - 137.0 Fox Mill Estates
Mantua,Week5,Lakevale Estates,Week3,205.0 Mantua - 197.0 Lakevale Estates
Mantua,Week4,Lakevale Estates,Week4,241.0 Lakevale Estates - 161.0 Mantua
Mansion House,Week2,Sully Station II,Week3,270.0 Sully Station II - 132.0 Mansion House
Mantua,Week2,Lakeview,Week5,304.0 Mantua - 88.0 Lakeview
Mantua,Week3,Broyhill Crest,Week2,385.0 Mantua - 17.0 Broyhill Crest
Mantua,Week3,Lakeview,Week2,365.0 Mantua - 37.0 Lakeview
Mansion House,Week4,Lincolnia Park,Week1,308.0 Mansion House - 84.0 Lincolnia Park
Mansion House,Week3,Sully Station II,Week3,261.0 Sully Station II - 141.0 Mansion House
Mansion House,Week2,Fox Mill Estates,Week5,241.0 Mansion House - 161.0 Fox Mill Estates
Mantua,Week1,Broyhill Crest,Week1,355.0 Mantua - 37.0 Broyhill Crest
Mantua,Week5,Broyhill Crest,Week2,384.0 Mantua - 18.0 Broyhill Crest
Long Branch,Week4,Walden Glen,Week2,202.5 Long Branch - 198.5 Walden Glen
Mantua,Week2,Lakeview,Week3,321.0 Mantua - 81.0 Lakeview
Mansion House,Week4,Sully Station II,Week1,222.0 Sully Station II - 180.0 Mansion House
Mantua,Week1,Lakeview,Week3,305.0 Mantua - 97.0 Lakeview
Long Branch,Week5,Walden Glen,Week4,210.0 Walden Glen - 191.0 Long Branch
Mantua,Week3,Broyhill Crest,Week1,387.0 Mantua - 15.0 Broyhill Crest
Mansion House,Week4,Fox Mill Estates,Week3,224.0 Mansion House - 178.0 Fox Mill Estates
Mansion House,Week1,Lincolnia Park,Week4,330.5 Mansion House - 66.5 Lincolnia Park
Mantua,Week4,Broyhill Crest,Week2,377.0 Mantua - 25.0 Broyhill Crest
Mansion House,Week2,Sully Station II,Week4,217.0 Sully Station II - 185.0 Mansion House
Mantua,Week2,Lakeview,Week1,330.0 Mantua - 72.0 Lakeview
Mansion House,Week4,Fox Mill Estates,Week5,220.0 Mansion House - 182.0 Fox Mill Estates
Mansion House,Week3,Sully Station II,Week1,209.0 Sully Station II - 193.0 Mansion House
Mansion House,Week4,Fox Mill Estates,Week4,212.0 Mansion House - 190.0 Fox Mill Estates
Mansion House,Week1,Herndon,Week1,323.0 Mansion House - 74.0 Herndon
Mansion House,Week5,Fox Mill Estates,Week1,286.0 Mansion House - 116.0 Fox Mill Estates
Mansion House,Week1,Fox Mill Estates,Week3,240.0 Mansion House - 162.0 Fox Mill Estates
Mantua,Week1,Broyhill Crest,Week2,357.0 Mantua - 39.0 Broyhill Crest
Mantua,Week4,Broyhill Crest,Week5,362.0 Mantua - 40.0 Broyhill Crest
Mantua,Week1,Lakeview,Week5,309.0 Mantua - 83.0 Lakeview
Long Branch,Week1,Waynewood,Week3,286.5 Waynewood - 115.5 Long Branch
Mansion House,Week2,Truro,Week2,282.0 Mansion House - 114.0 Truro
Mansion House,Week2,Fox Mill Estates,Week2,244.0 Mansion House - 158.0 Fox Mill Estates
Mansion House,Week5,Sully Station II,Week3,253.0 Sully Station II - 149.0 Mansion House
Mantua,Week1,Lakeview,Week1,323.0 Mantua - 79.0 Lakeview
Mansion House,Week3,Sully Station II,Week5,250.0 Sully Station II - 152.0 Mansion House
Mantua,Week2,Lakeview,Week4,308.0 Mantua - 94.0 Lakeview
Mansion House,Week5,Fox Hunt,Week5,210.0 Mansion House - 192.0 Fox Hunt
Mansion House,Week1,Herndon,Week2,326.5 Mansion House - 70.5 Herndon
Long Branch,Week1,Walden Glen,Week5,240.0 Walden Glen - 160.0 Long Branch
Mansion House,Week1,Fox Mill Estates,Week5,241.0 Mansion House - 161.0 Fox Mill Estates
Mansion House,Week3,Fox Mill Estates,Week3,255.0 Mansion House - 147.0 Fox Mill Estates
Mantua,Week1,Burke Station,Week1,263.0 Mantua - 115.0 Burke Station
Mansion House,Week2,Fox Mill Estates,Week3,236.0 Mansion House - 165.0 Fox Mill Estates
Long Branch,Week1,Waynewood,Week5,295.0 Waynewood - 107.0 Long Branch
Mansion House,Week3,Sully Station II,Week4,204.0 Mansion House - 198.0 Sully Station II
Mantua,Week3,Lakeview,Week4,342.0 Mantua - 60.0 Lakeview
Mansion House,Week4,Hollin Meadows,Week4,209.0 Mansion House - 193.0 Hollin Meadows
Mansion House,Week3,Lincolnia Park,Week3,311.0 Mansion House - 82.0 Lincolnia Park
Long Branch,Week4,Walden Glen,Week4,214.0 Walden Glen - 188.0 Long Branch
Mantua,Week5,Brookfield ,Week3,285.0 Mantua - 117.0 Brookfield
Mantua,Week1,Langley,Week5,219.0 Langley - 183.0 Mantua
Mansion House,Week4,Sully Station II,Week2,274.0 Sully Station II - 128.0 Mansion House
Long Branch,Week1,Walden Glen,Week4,223.0 Walden Glen - 172.0 Long Branch
Mantua,Week3,Broyhill Crest,Week4,381.0 Mantua - 21.0 Broyhill Crest
Mantua,Week1,Langley,Week3,237.0 Langley - 165.0 Mantua
Long Branch,Week3,Walden Glen,Week4,232.0 Walden Glen - 170.0 Long Branch
Mansion House,Week3,Fox Mill Estates,Week2,262.0 Mansion House - 140.0 Fox Mill Estates
Mantua,Week5,Lakeview,Week1,349.0 Mantua - 53.0 Lakeview
Mansion House,Week3,Hollin Meadows,Week4,218.0 Mansion House - 184.0 Hollin Meadows
Mansion House,Week3,Lincolnia Park,Week2,343.0 Mansion House - 50.0 Lincolnia Park
Mansion House,Week1,Fox Mill Estates,Week2,252.0 Mansion House - 150.0 Fox Mill Estates
Mansion House,Week1,Little Hunting Park,Week1,268.0 Mansion House - 133.0 Little Hunting Park
Mantua,Week2,Langley,Week3,237.0 Langley - 165.0 Mantua
Mansion House,Week2,Hollin Meadows,Week5,207.0 Hollin Meadows - 195.0 Mansion House
Mansion House,Week2,Lincolnia Park,Week5,299.0 Mansion House - 93.0 Lincolnia Park
Mansion House,Week3,Lincolnia Park,Week1,336.0 Mansion House - 66.0 Lincolnia Park
Mantua,Week1,Langley,Week2,227.0 Langley - 175.0 Mantua
Mansion House,Week1,Holmes Run Acres,Week3,207.0 Holmes Run Acres - 195.0 Mansion House
Mansion House,Week2,Truro,Week4,254.0 Mansion House - 148.0 Truro
Mansion House,Week4,Sully Station II,Week3,280.0 Sully Station II - 122.0 Mansion House
Mansion House,Week3,Truro,Week2,297.0 Mansion House - 104.0 Truro
Long Branch,Week1,Waynewood,Week2,268.0 Waynewood - 134.0 Long Branch
Mansion House,Week5,Sully Station II,Week5,260.0 Sully Station II - 142.0 Mansion House
Mantua,Week2,Broyhill Crest,Week3,374.0 Mantua - 27.0 Broyhill Crest
Long Branch,Week5,Walden Glen,Week2,201.5 Walden Glen - 200.5 Long Branch
Mantua,Week2,Broyhill Crest,Week1,364.0 Mantua - 35.0 Broyhill Crest
Mantua,Week1,Burke Station,Week3,300.0 Mantua - 88.0 Burke Station
Mansion House,Week1,Truro,Week3,265.0 Mansion House - 137.0 Truro
Long Branch,Week3,Waynewood,Week2,275.0 Waynewood - 127.0 Long Branch
Mantua,Week4,Broyhill Crest,Week3,385.0 Mantua - 17.0 Broyhill Crest
Mantua,Week1,Langley,Week4,236.0 Langley - 166.0 Mantua
Mantua,Week2,Langley,Week5,226.0 Langley - 176.0 Mantua
Mansion House,Week3,Hollin Meadows,Week5,207.0 Mansion House - 195.0 Hollin Meadows
Mantua,Week5,Brookfield ,Week2,300.0 Mantua - 102.0 Brookfield
Mansion House,Week4,Truro,Week2,264.0 Mansion House - 130.0 Truro
Mansion House,Week1,Hollin Meadows,Week4,232.0 Mansion House - 170.0 Hollin Meadows
Long Branch,Week2,Walden Glen,Week5,247.0 Walden Glen - 154.0 Long Branch
Mansion House,Week1,Hollin Meadows,Week1,212.0 Mansion House - 190.0 Hollin Meadows
Mansion House,Week2,Lincolnia Park,Week1,324.0 Mansion House - 73.0 Lincolnia Park
Mansion House,Week5,Lee Graham,Week3,266.0 Lee Graham - 136.0 Mansion House
Mansion House,Week3,Truro,Week5,271.0 Mansion House - 131.0 Truro
Long Branch,Week3,Waynewood,Week4,284.0 Waynewood - 118.0 Long Branch
Mantua,Week5,Brookfield ,Week4,278.0 Mantua - 124.0 Brookfield
Mansion House,Week1,Lincolnia Park,Week1,338.0 Mansion House - 59.0 Lincolnia Park
Long Branch,Week3,Walden Glen,Week3,209.0 Walden Glen - 193.0 Long Branch
Mansion House,Week4,Fox Mill Estates,Week1,243.0 Mansion House - 154.0 Fox Mill Estates
Mantua,Week5,Lakeview,Week3,341.0 Mantua - 61.0 Lakeview
Mansion House,Week2,Hollin Meadows,Week1,215.5 Mansion House - 186.5 Hollin Meadows
Mantua,Week1,Broyhill Crest,Week4,349.0 Mantua - 47.0 Broyhill Crest
Mansion House,Week4,Lincolnia Park,Week4,302.0 Mansion House - 91.0 Lincolnia Park
Mansion House,Week5,Fox Hunt,Week4,238.0 Mansion House - 164.0 Fox Hunt
Mansion House,Week5,Hollin Meadows,Week5,231.0 Mansion House - 171.0 Hollin Meadows
Long Branch,Week4,Walden Glen,Week1,222.0 Long Branch - 180.0 Walden Glen
Long Branch,Week2,Walden Glen,Week3,202.0 Long Branch - 200.0 Walden Glen
Mantua,Week5,Brookfield ,Week1,274.0 Mantua - 128.0 Brookfield
Mansion House,Week5,Sully Station II,Week4,203.0 Mansion House - 199.0 Sully Station II
Mantua,Week5,Brookfield ,Week5,282.0 Mantua - 120.0 Brookfield
Mantua,Week1,Broyhill Crest,Week5,349.0 Mantua - 50.0 Broyhill Crest
Mantua,Week2,Broyhill Crest,Week4,358.0 Mantua - 42.0 Broyhill Crest
Mantua,Week1,Langley,Week1,238.0 Langley - 164.0 Mantua
Mantua,Week4,Lakeview,Week3,326.0 Mantua - 76.0 Lakeview
Long Branch,Week2,Walden Glen,Week1,207.0 Long Branch - 195.0 Walden Glen
Mantua,Week2,Broyhill Crest,Week2,371.5 Mantua - 28.5 Broyhill Crest
Mantua,Week2,Broyhill Crest,Week5,358.0 Mantua - 43.0 Broyhill Crest
Mansion House,Week1,Truro,Week5,266.0 Mansion House - 131.0 Truro
Long Branch,Week4,Walden Glen,Week5,231.0 Walden Glen - 171.0 Long Branch
Long Branch,Week5,Walden Glen,Week5,224.0 Walden Glen - 177.0 Long Branch
Mantua,Week2,Langley,Week1,243.0 Langley - 159.0 Mantua
Mantua,Week4,Lakeview,Week5,318.0 Mantua - 75.0 Lakeview
Long Branch,Week4,Waynewood,Week4,272.0 Waynewood - 130.0 Long Branch
Mansion House,Week3,Holmes Run Acres,Week2,248.0 Mansion House - 154.0 Holmes Run Acres
Mansion House,Week1,Hollin Meadows,Week5,219.0 Mansion House - 183.0 Hollin Meadows
Mansion House,Week2,Lincolnia Park,Week3,298.0 Mansion House - 89.0 Lincolnia Park
Mantua,Week2,Langley,Week2,235.0 Langley - 167.0 Mantua
Mansion House,Week5,Sully Station II,Week1,203.0 Sully Station II - 199.0 Mansion House
Mantua,Week4,Lakeview,Week1,337.0 Mantua - 65.0 Lakeview
Mansion House,Week3,Hollin Meadows,Week3,228.0 Mansion House - 174.0 Hollin Meadows
Mansion House,Week2,Lincolnia Park,Week4,323.0 Mansion House - 73.0 Lincolnia Park
Mansion House,Week3,Lincolnia Park,Week4,336.0 Mansion House - 66.0 Lincolnia Park
Mansion House,Week5,Sully Station II,Week2,239.5 Sully Station II - 162.5 Mansion House
Mansion House,Week1,Truro,Week1,235.0 Mansion House - 167.0 Truro
Mansion House,Week3,Hollin Meadows,Week2,233.0 Mansion House - 169.0 Hollin Meadows
Mantua,Week5,Lakeview,Week4,338.0 Mantua - 64.0 Lakeview
Mansion House,Week2,Lincolnia Park,Week2,315.0 Mansion House - 72.0 Lincolnia Park
Mansion House,Week5,Hollin Meadows,Week3,231.0 Mansion House - 171.0 Hollin Meadows
Mansion House,Week3,Lincolnia Park,Week5,316.0 Mansion House - 77.0 Lincolnia Park
Mansion House,Week1,Lincolnia Park,Week3,312.0 Mansion House - 76.0 Lincolnia Park
Mansion House,Week2,Truro,Week1,249.0 Mansion House - 152.0 Truro
Mansion House,Week4,Sully Station II,Week4,231.0 Sully Station II - 171.0 Mansion House
Mansion House,Week5,Lee Graham,Week5,258.5 Lee Graham - 143.5 Mansion House
Long Branch,Week1,Waynewood,Week1,268.0 Waynewood - 134.0 Long Branch
Long Branch,Week5,Walden Glen,Week3,218.0 Long Branch - 184.0 Walden Glen
Mantua,Week5,Broyhill Crest,Week3,388.0 Mantua - 14.0 Broyhill Crest
Mantua,Week4,Lakeview,Week2,341.0 Mantua - 61.0 Lakeview
Mansion House,Week2,Hollin Meadows,Week4,213.0 Mansion House - 189.0 Hollin Meadows
Mansion House,Week2,Hollin Meadows,Week3,210.0 Mansion House - 192.0 Hollin Meadows
Mansion House,Week3,Truro,Week3,290.0 Mansion House - 112.0 Truro
Mansion House,Week1,Lincolnia Park,Week2,336.0 Mansion House - 52.0 Lincolnia Park
Long Branch,Week3,Walden Glen,Week5,243.0 Walden Glen - 159.0 Long Branch
Mansion House,Week4,Hollin Meadows,Week1,209.0 Hollin Meadows - 193.0 Mansion House
Mantua,Week3,Langley,Week2,210.0 Mantua - 192.0 Langley
Long Branch,Week2,Walden Glen,Week4,234.0 Walden Glen - 167.0 Long Branch
Mansion House,Week1,Truro,Week4,252.0 Mansion House - 150.0 Truro
Mansion House,Week3,Hollin Meadows,Week1,221.0 Mansion House - 181.0 Hollin Meadows
Mansion House,Week2,Hollin Meadows,Week2,219.0 Mansion House - 183.0 Hollin Meadows
Mantua,Week3,Lakeview,Week5,332.0 Mantua - 61.0 Lakeview
Mantua,Week5,Broyhill Crest,Week5,378.0 Mantua - 24.0 Broyhill Crest
Mansion House,Week5,Lincolnia Park,Week2,347.0 Mansion House - 46.0 Lincolnia Park
Mansion House,Week2,Truro,Week5,255.0 Mansion House - 141.0 Truro
Mantua,Week4,Broyhill Crest,Week4,368.0 Mantua - 34.0 Broyhill Crest
Mansion House,Week1,Lincolnia Park,Week5,317.0 Mansion House - 76.0 Lincolnia Park
Mantua,Week5,Lakeview,Week5,336.0 Mantua - 57.0 Lakeview
Mansion House,Week1,Hollin Meadows,Week3,217.0 Mansion House - 185.0 Hollin Meadows
Long Branch,Week5,Walden Glen,Week1,221.0 Long Branch - 181.0 Walden Glen
Mansion House,Week1,Truro,Week2,280.0 Mansion House - 117.0 Truro
Mansion House,Week5,Lincolnia Park,Week4,339.0 Mansion House - 63.0 Lincolnia Park
Mansion House,Week3,Truro,Week1,268.0 Mansion House - 134.0 Truro
Mantua,Week1,Burke Station,Week2,313.0 Mantua - 80.0 Burke Station
Mansion House,Week5,Lincolnia Park,Week5,322.0 Mansion House - 71.0 Lincolnia Park
Long Branch,Week2,Walden Glen,Week2,218.0 Walden Glen - 183.0 Long Branch
Mansion House,Week1,Hollin Meadows,Week2,241.0 Mansion House - 161.0 Hollin Meadows
Mantua,Week4,Broyhill Crest,Week1,373.5 Mantua - 28.5 Broyhill Crest
Mansion House,Week4,Lincolnia Park,Week2,319.0 Mansion House - 69.0 Lincolnia Park
Mantua,Week5,Lakeview,Week2,363.0 Mantua - 39.0 Lakeview
Mantua,Week4,Lakeview,Week4,312.0 Mantua - 90.0 Lakeview
Mantua,Week1,Burke Station,Week4,306.0 Mantua - 88.0 Burke Station
Mansion House,Week3,Truro,Week4,274.0 Mansion House - 128.0 Truro
Mansion House,Week3,Tuckahoe,Week1,290.5 Tuckahoe - 111.5 Mansion House
Mantua,Week2,Langley,Week4,247.0 Langley - 155.0 Mantua
Long Branch,Week3,Walden Glen,Week1,213.0 Long Branch - 189.0 Walden Glen
Mansion House,Week4,Lincolnia Park,Week5,300.0 Mansion House - 92.0 Lincolnia Park
Mansion House,Week4,Truro,Week1,240.5 Mansion House - 161.5 Truro
Mansion House,Week5,Hollin Meadows,Week2,257.0 Mansion House - 145.0 Hollin Meadows
Mansion House,Week4,Hollin Meadows,Week5,209.0 Hollin Meadows - 193.0 Mansion House
Mantua,Week2,Camelot,Week3,245.0 Mantua - 157.0 Camelot
Long Branch,Week3,Walden Glen,Week2,221.0 Walden Glen - 181.0 Long Branch
Mantua,Week3,Langley,Week1,211.0 Mantua - 191.0 Langley
Mansion House,Week4,Lincolnia Park,Week3,289.0 Mansion House - 98.0 Lincolnia Park
Mantua,Week4,Burke Station,Week3,307.0 Mantua - 90.0 Burke Station
Mantua,Week3,Langley,Week3,208.0 Mantua - 194.0 Langley
Long Branch,Week4,Walden Glen,Week3,202.0 Walden Glen - 200.0 Long Branch
Mansion House,Week5,Lincolnia Park,Week3,321.0 Mansion House - 72.0 Lincolnia Park
Mansion House,Week4,Sully Station II,Week5,282.0 Sully Station II - 120.0 Mansion House
Mantua,Week3,Burke Station,Week1,298.0 Mantua - 80.0 Burke Station
Mansion House,Week4,Hollin Meadows,Week2,210.0 Mansion House - 192.0 Hollin Meadows
Mansion House,Week5,Lee Graham,Week4,248.0 Lee Graham - 154.0 Mansion House
Long Branch,Week2,Waynewood,Week2,281.0 Waynewood - 121.0 Long Branch
Mansion House,Week2,Truro,Week3,259.0 Mansion House - 143.0 Truro
Mantua,Week5,Burke Station,Week3,323.0 Mantua - 73.0 Burke Station
Mansion House,Week5,Hollin Meadows,Week1,230.0 Mansion House - 172.0 Hollin Meadows
Mantua,Week3,Langley,Week4,207.0 Mantua - 195.0 Langley
Mansion House,Week5,Little Hunting Park,Week1,278.0 Mansion House - 124.0 Little Hunting Park
Mantua,Week4,Burke Station,Week5,301.0 Mantua - 101.0 Burke Station
Mansion House,Week3,Little Hunting Park,Week1,271.0 Mansion House - 130.0 Little Hunting Park
Long Branch,Week3,Waynewood,Week3,296.0 Waynewood - 106.0 Long Branch
Mansion House,Week5,Tuckahoe,Week1,287.0 Tuckahoe - 115.0 Mansion House
Mantua,Week4,Burke Station,Week2,330.0 Mantua - 72.0 Burke Station
Long Branch,Week2,Waynewood,Week4,277.0 Waynewood - 125.0 Long Branch
Long Branch,Week2,Waynewood,Week1,262.0 Waynewood - 140.0 Long Branch
Mansion House,Week4,Hollin Meadows,Week3,208.0 Hollin Meadows - 194.0 Mansion House
Mansion House,Week2,Tuckahoe,Week3,323.0 Tuckahoe - 79.0 Mansion House
Mantua,Week1,Camelot,Week1,244.0 Mantua - 157.0 Camelot
Mantua,Week1,Laurel Hill,Week1,284.0 Mantua - 116.0 Laurel Hill
Mansion House,Week4,Little Hunting Park,Week2,232.0 Mansion House - 170.0 Little Hunting Park
Mansion House,Week1,Holmes Run Acres,Week1,236.0 Mansion House - 166.0 Holmes Run Acres
Mansion House,Week3,Little Hunting Park,Week2,278.0 Mansion House - 124.0 Little Hunting Park
Mantua,Week4,Langley,Week2,221.0 Langley - 181.0 Mantua
Mansion House,Week4,Tuckahoe,Week4,329.0 Tuckahoe - 73.0 Mansion House
Long Branch,Week1,Waynewood,Week4,270.0 Waynewood - 132.0 Long Branch
Mansion House,Week5,Hollin Meadows,Week4,245.0 Mansion House - 157.0 Hollin Meadows
Mantua,Week3,Laurel Hill,Week5,293.0 Mantua - 109.0 Laurel Hill
Mantua,Week1,Laurel Hill,Week2,310.5 Mantua - 86.5 Laurel Hill
Mansion House,Week1,Holmes Run Acres,Week2,250.0 Mansion House - 152.0 Holmes Run Acres
Mantua,Week2,Laurel Hill,Week2,311.0 Mantua - 85.0 Laurel Hill
Mansion House,Week2,Tuckahoe,Week1,300.0 Tuckahoe - 102.0 Mansion House
Long Branch,Week3,Waynewood,Week1,269.0 Waynewood - 133.0 Long Branch
Mantua,Week3,Burke Station,Week4,331.0 Mantua - 71.0 Burke Station
Mantua,Week4,Laurel Hill,Week1,307.0 Mantua - 95.0 Laurel Hill
Long Branch,Week2,Waynewood,Week3,291.5 Waynewood - 110.5 Long Branch
Mansion House,Week4,Tuckahoe,Week1,312.0 Tuckahoe - 90.0 Mansion House
Mantua,Week2,Burke Station,Week3,291.0 Mantua - 102.0 Burke Station
Long Branch,Week2,Waynewood,Week5,301.0 Waynewood - 101.0 Long Branch
Mansion House,Week2,Holmes Run Acres,Week1,239.0 Mansion House - 163.0 Holmes Run Acres
Mansion House,Week1,Tuckahoe,Week3,318.0 Tuckahoe - 84.0 Mansion House
Mantua,Week4,Burke Station,Week4,323.0 Mantua - 79.0 Burke Station
Mansion House,Week5,Lincolnia Park,Week1,335.0 Mansion House - 67.0 Lincolnia Park
Mansion House,Week2,Little Hunting Park,Week5,231.0 Mansion House - 171.0 Little Hunting Park
Mantua,Week3,Burke Station,Week3,331.0 Mantua - 66.0 Burke Station
Mansion House,Week1,Holmes Run Acres,Week4,242.0 Mansion House - 160.0 Holmes Run Acres
Mansion House,Week1,Little Hunting Park,Week3,270.0 Mansion House - 132.0 Little Hunting Park
Mansion House,Week3,Tuckahoe,Week4,310.0 Tuckahoe - 92.0 Mansion House
Mansion House,Week2,Little Hunting Park,Week2,262.0 Mansion House - 139.0 Little Hunting Park
Mansion House,Week2,Tuckahoe,Week2,298.0 Tuckahoe - 104.0 Mansion House
Mansion House,Week2,Holmes Run Acres,Week4,233.0 Mansion House - 169.0 Holmes Run Acres
Mansion House,Week1,Little Hunting Park,Week2,265.0 Mansion House - 137.0 Little Hunting Park
Mantua,Week5,Burke Station,Week1,305.0 Mantua - 73.0 Burke Station
Mantua,Week2,Burke Station,Week1,275.0 Mantua - 103.0 Burke Station
Long Branch,Week3,Waynewood,Week5,298.0 Waynewood - 104.0 Long Branch
Mantua,Week3,Burke Station,Week5,320.0 Mantua - 82.0 Burke Station
Mantua,Week4,Burke Station,Week1,287.0 Mantua - 92.0 Burke Station
Mantua,Week2,Burke Station,Week5,288.0 Mantua - 108.0 Burke Station
Mansion House,Week2,Holmes Run Acres,Week2,239.0 Mansion House - 163.0 Holmes Run Acres
Long Branch,Week4,Waynewood,Week2,269.0 Waynewood - 133.0 Long Branch
Long Branch,Week4,Waynewood,Week1,247.0 Waynewood - 155.0 Long Branch
Mansion House,Week1,Holmes Run Acres,Week5,207.0 Holmes Run Acres - 195.0 Mansion House
Mantua,Week5,Langley,Week4,206.0 Langley - 196.0 Mantua
Long Branch,Week5,Waynewood,Week5,287.0 Waynewood - 115.0 Long Branch
Mansion House,Week3,Little Hunting Park,Week5,253.0 Mansion House - 149.0 Little Hunting Park
Mantua,Week5,Burke Station,Week2,336.0 Mantua - 65.0 Burke Station
Mantua,Week3,Laurel Hill,Week1,320.0 Mantua - 82.0 Laurel Hill
Long Branch,Week4,Waynewood,Week3,290.0 Waynewood - 112.0 Long Branch
Mansion House,Week4,Truro,Week5,248.0 Mansion House - 148.0 Truro
Long Branch,Week5,Waynewood,Week4,265.0 Waynewood - 137.0 Long Branch
Mantua,Week2,Laurel Hill,Week3,298.0 Mantua - 104.0 Laurel Hill
Mansion House,Week1,Vienna Aquatic,Week3,254.0 Vienna Aquatic - 148.0 Mansion House
Mansion House,Week3,Tuckahoe,Week5,318.0 Tuckahoe - 84.0 Mansion House
Mansion House,Week4,Tuckahoe,Week2,320.0 Tuckahoe - 82.0 Mansion House
Mansion House,Week3,Holmes Run Acres,Week1,247.0 Mansion House - 155.0 Holmes Run Acres
Mantua,Week3,Laurel Hill,Week2,345.0 Mantua - 57.0 Laurel Hill
Mansion House,Week2,Holmes Run Acres,Week3,205.0 Holmes Run Acres - 197.0 Mansion House
Mantua,Week4,Langley,Week1,245.0 Langley - 157.0 Mantua
Mansion House,Week2,Holmes Run Acres,Week5,216.0 Holmes Run Acres - 186.0 Mansion House
Mantua,Week4,Langley,Week5,208.0 Langley - 194.0 Mantua
Mansion House,Week3,Tuckahoe,Week2,300.0 Tuckahoe - 102.0 Mansion House
Mantua,Week4,Langley,Week4,235.0 Langley - 167.0 Mantua
Mansion House,Week2,Little Hunting Park,Week3,258.0 Mansion House - 144.0 Little Hunting Park
Mansion House,Week3,Little Hunting Park,Week4,283.0 Mansion House - 119.0 Little Hunting Park
Mansion House,Week1,Hunt Valley,Week1,243.0 Hunt Valley - 159.0 Mansion House
Mantua,Week4,Laurel Hill,Week3,309.0 Mantua - 93.0 Laurel Hill
Mantua,Week1,Burke Station,Week5,273.5 Mantua - 122.5 Burke Station
Mansion House,Week5,Truro,Week3,278.0 Mansion House - 124.0 Truro
Mantua,Week3,Laurel Hill,Week4,324.0 Mantua - 78.0 Laurel Hill
Mansion House,Week5,Little Hunting Park,Week4,269.0 Mansion House - 133.0 Little Hunting Park
Long Branch,Week5,Waynewood,Week1,249.0 Waynewood - 153.0 Long Branch
Mantua,Week2,Burke Station,Week2,316.0 Mantua - 84.0 Burke Station
Mansion House,Week4,Little Hunting Park,Week3,251.0 Mansion House - 151.0 Little Hunting Park
Mantua,Week4,Langley,Week3,228.5 Langley - 173.5 Mantua
Mansion House,Week4,Holmes Run Acres,Week4,216.0 Mansion House - 186.0 Holmes Run Acres
Mansion House,Week5,Truro,Week4,270.0 Mansion House - 132.0 Truro
Mansion House,Week1,Tuckahoe,Week5,328.0 Tuckahoe - 74.0 Mansion House
Long Branch,Week4,Waynewood,Week5,300.0 Waynewood - 102.0 Long Branch
Mantua,Week1,Lee Graham,Week4,254.0 Lee Graham - 148.0 Mantua
Long Branch,Week1,Woodley,Week1,237.0 Long Branch - 165.0 Woodley
Mantua,Week2,Burke Station,Week4,304.0 Mantua - 97.0 Burke Station
Mantua,Week5,Burke Station,Week4,336.0 Mantua - 66.0 Burke Station
Mansion House,Week1,Hunt Valley,Week3,271.0 Hunt Valley - 131.0 Mansion House
Mansion House,Week5,Little Hunting Park,Week5,257.5 Mansion House - 144.5 Little Hunting Park
Mansion House,Week4,Little Hunting Park,Week5,220.0 Mansion House - 182.0 Little Hunting Park
Mansion House,Week5,Truro,Week1,257.0 Mansion House - 145.0 Truro
Mansion House,Week3,Holmes Run Acres,Week4,243.0 Mansion House - 159.0 Holmes Run Acres
Long Branch,Week1,Woodley,Week3,225.0 Long Branch - 176.0 Woodley
Long Branch,Week1,Woodley,Week4,234.0 Long Branch - 168.0 Woodley
Mansion House,Week4,Little Hunting Park,Week1,245.0 Mansion House - 156.0 Little Hunting Park
Mantua,Week2,Laurel Hill,Week5,272.0 Mantua - 130.0 Laurel Hill
Mantua,Week4,Laurel Hill,Week5,271.0 Mantua - 131.0 Laurel Hill
Mantua,Week3,Burke Station,Week2,347.0 Mantua - 54.0 Burke Station
Mantua,Week2,Camelot,Week2,244.0 Mantua - 158.0 Camelot
Mantua,Week2,Sideburn Run,Week4,230.0 Mantua - 172.0 Sideburn Run
Mansion House,Week2,Hunt Valley,Week2,242.0 Hunt Valley - 160.0 Mansion House
Mantua,Week1,Camelot,Week5,249.0 Mantua - 152.0 Camelot
Mansion House,Week1,Tuckahoe,Week4,320.0 Tuckahoe - 82.0 Mansion House
Mansion House,Week1,Little Rocky Run,Week2,248.0 Little Rocky Run - 154.0 Mansion House
Long Branch,Week5,Waynewood,Week3,277.0 Waynewood - 125.0 Long Branch
Mansion House,Week2,Tuckahoe,Week5,312.0 Tuckahoe - 90.0 Mansion House
Mansion House,Week3,Holmes Run Acres,Week5,202.0 Mansion House - 200.0 Holmes Run Acres
Mansion House,Week5,Holmes Run Acres,Week4,255.0 Mansion House - 147.0 Holmes Run Acres
Mantua,Week1,Laurel Hill,Week4,294.0 Mantua - 107.0 Laurel Hill
Mantua,Week5,Langley,Week5,208.0 Mantua - 194.0 Langley
Long Branch,Week2,Woodley,Week1,246.0 Long Branch - 156.0 Woodley
Mansion House,Week5,Holmes Run Acres,Week5,208.0 Mansion House - 194.0 Holmes Run Acres
Mansion House,Week4,Holmes Run Acres,Week3,227.0 Holmes Run Acres - 175.0 Mansion House
Mansion House,Week1,Little Rocky Run,Week3,250.0 Little Rocky Run - 152.0 Mansion House
Mansion House,Week1,Little Rocky Run,Week4,244.0 Little Rocky Run - 158.0 Mansion House
Long Branch,Week1,Woodley,Week5,230.0 Long Branch - 166.0 Woodley
Mansion House,Week5,Truro,Week5,279.0 Mansion House - 123.0 Truro
Long Branch,Week5,Waynewood,Week2,266.0 Waynewood - 136.0 Long Branch
Mansion House,Week1,Tuckahoe,Week2,316.0 Tuckahoe - 86.0 Mansion House
Mantua,Week1,Laurel Hill,Week5,274.0 Mantua - 127.0 Laurel Hill
Mansion House,Week1,Hunt Valley,Week5,265.5 Hunt Valley - 136.5 Mansion House
Mansion House,Week3,Little Hunting Park,Week3,269.0 Mansion House - 133.0 Little Hunting Park
Long Branch,Week1,Woodley,Week2,244.0 Long Branch - 157.0 Woodley
Mansion House,Week2,Tuckahoe,Week4,320.0 Tuckahoe - 82.0 Mansion House
Mantua,Week1,Camelot,Week4,246.5 Mantua - 155.5 Camelot
Mantua,Week2,Camelot,Week1,236.0 Mantua - 165.0 Camelot
Mantua,Week1,Camelot,Week2,242.0 Mantua - 160.0 Camelot
Mansion House,Week1,Little Rocky Run,Week1,242.0 Little Rocky Run - 160.0 Mansion House
Mansion House,Week1,Tuckahoe,Week1,311.5 Tuckahoe - 90.5 Mansion House
Mantua,Week1,Laurel Hill,Week3,285.0 Mantua - 116.0 Laurel Hill
Mansion House,Week3,Holmes Run Acres,Week3,206.0 Mansion House - 196.0 Holmes Run Acres
Mantua,Week3,Canterbury Woods,Week2,298.0 Mantua - 104.0 Canterbury Woods
Mansion House,Week1,Little Hunting Park,Week5,243.0 Mansion House - 159.0 Little Hunting Park
Mantua,Week5,Camelot,Week1,263.0 Mantua - 139.0 Camelot
Mantua,Week1,Camelot,Week3,261.0 Mantua - 140.0 Camelot
Mantua,Week5,Burke Station,Week5,311.0 Mantua - 91.0 Burke Station
Mansion House,Week4,Truro,Week3,255.0 Mansion House - 147.0 Truro
Mantua,Week1,Sleepy Hollow B & R,Week3,207.0 Mantua - 195.0 Sleepy Hollow B & R
Mantua,Week5,Langley,Week1,216.0 Langley - 186.0 Mantua
Mansion House,Week3,Tuckahoe,Week3,320.0 Tuckahoe - 82.0 Mansion House
Mantua,Week2,Laurel Hill,Week1,295.0 Mantua - 106.0 Laurel Hill
Mansion House,Week5,Truro,Week2,296.0 Mansion House - 105.0 Truro
Mansion House,Week3,Hunt Valley,Week3,252.0 Hunt Valley - 150.0 Mansion House
Mansion House,Week4,Holmes Run Acres,Week5,228.0 Holmes Run Acres - 174.0 Mansion House
Mansion House,Week4,Little Hunting Park,Week4,254.0 Mansion House - 148.0 Little Hunting Park
Mansion House,Week1,Little Rocky Run,Week5,258.0 Little Rocky Run - 139.0 Mansion House
Mansion House,Week3,Hunt Valley,Week1,230.0 Hunt Valley - 172.0 Mansion House
Mantua,Week3,Sideburn Run,Week4,273.0 Mantua - 129.0 Sideburn Run
Mantua,Week5,Langley,Week2,202.0 Mantua - 200.0 Langley
Mansion House,Week2,Little Hunting Park,Week4,265.0 Mansion House - 136.0 Little Hunting Park
Mansion House,Week1,Little Hunting Park,Week4,278.0 Mansion House - 124.0 Little Hunting Park
Mantua,Week4,Camelot,Week2,236.0 Mantua - 166.0 Camelot
Mansion House,Week2,Little Rocky Run,Week2,251.0 Little Rocky Run - 151.0 Mansion House
Mansion House,Week4,Truro,Week4,242.5 Mansion House - 158.5 Truro
Mantua,Week2,Sleepy Hollow B & R,Week4,204.0 Mantua - 198.0 Sleepy Hollow B & R
Mansion House,Week2,Little Hunting Park,Week1,263.0 Mansion House - 135.0 Little Hunting Park
Mansion House,Week4,Tuckahoe,Week3,332.0 Tuckahoe - 65.0 Mansion House
Mansion House,Week4,Tuckahoe,Week5,329.0 Tuckahoe - 73.0 Mansion House
Mantua,Week1,Canterbury Woods,Week5,245.0 Mantua - 151.0 Canterbury Woods
Mantua,Week2,Canterbury Woods,Week1,268.5 Mantua - 133.5 Canterbury Woods
Mantua,Week5,Langley,Week3,202.0 Langley - 200.0 Mantua
Mantua,Week2,Sideburn Run,Week5,221.0 Mantua - 181.0 Sideburn Run
Mantua,Week3,Langley,Week5,218.0 Mantua - 184.0 Langley
Mantua,Week2,Laurel Hill,Week4,301.0 Mantua - 101.0 Laurel Hill
Mantua,Week1,Sleepy Hollow B & R,Week1,230.0 Mantua - 172.0 Sleepy Hollow B & R
Mansion House,Week3,Hunt Valley,Week4,246.5 Hunt Valley - 155.5 Mansion House
Mansion House,Week2,Hunt Valley,Week3,269.0 Hunt Valley - 133.0 Mansion House
Mantua,Week1,Sideburn Run,Week5,240.0 Mantua - 162.0 Sideburn Run
Mansion House,Week3,Hunt Valley,Week2,227.5 Hunt Valley - 174.5 Mansion House
Mantua,Week5,Laurel Hill,Week1,314.0 Mantua - 88.0 Laurel Hill
Mantua,Week5,Laurel Hill,Week3,320.0 Mantua - 82.0 Laurel Hill
Mantua,Week1,Sleepy Hollow B & R,Week2,210.0 Mantua - 192.0 Sleepy Hollow B & R
Mansion House,Week5,Tuckahoe,Week5,299.0 Tuckahoe - 103.0 Mansion House
Mansion House,Week1,Hunt Valley,Week2,247.0 Hunt Valley - 155.0 Mansion House
Mantua,Week3,Laurel Hill,Week3,323.0 Mantua - 79.0 Laurel Hill
Mansion House,Week5,Little Hunting Park,Week2,268.0 Mansion House - 134.0 Little Hunting Park
Mansion House,Week2,Hunt Valley,Week1,247.0 Hunt Valley - 150.0 Mansion House
Mantua,Week5,Camelot,Week3,272.0 Mantua - 130.0 Camelot
Mantua,Week4,Laurel Hill,Week2,323.0 Mantua - 79.0 Laurel Hill
Mantua,Week2,Camelot,Week5,243.0 Mantua - 159.0 Camelot
Mantua,Week4,Sideburn Run,Week5,237.0 Mantua - 165.0 Sideburn Run
Mansion House,Week2,Little Rocky Run,Week3,250.0 Little Rocky Run - 152.0 Mansion House
Mansion House,Week5,Tuckahoe,Week2,295.0 Tuckahoe - 107.0 Mansion House
Mantua,Week3,Camelot,Week4,282.0 Mantua - 120.0 Camelot
Mantua,Week3,Sleepy Hollow B & R,Week2,249.0 Mantua - 153.0 Sleepy Hollow B & R
Mansion House,Week2,Little Rocky Run,Week4,246.0 Little Rocky Run - 156.0 Mansion House
Mansion House,Week5,Tuckahoe,Week3,313.0 Tuckahoe - 89.0 Mansion House
Mansion House,Week5,Holmes Run Acres,Week1,257.0 Mansion House - 145.0 Holmes Run Acres
Mantua,Week4,Sideburn Run,Week3,222.0 Mantua - 180.0 Sideburn Run
Mansion House,Week5,Tuckahoe,Week4,306.0 Tuckahoe - 96.0 Mansion House
Mansion House,Week4,Holmes Run Acres,Week1,227.0 Mansion House - 175.0 Holmes Run Acres
Mantua,Week3,Canterbury Woods,Week4,280.5 Mantua - 121.5 Canterbury Woods
Mansion House,Week2,Little Rocky Run,Week1,234.0 Little Rocky Run - 168.0 Mansion House
Mantua,Week1,Lee Graham,Week1,252.0 Lee Graham - 150.0 Mantua
Mantua,Week2,Camelot,Week4,245.0 Mantua - 157.0 Camelot
Mantua,Week1,Canterbury Woods,Week1,273.0 Mantua - 124.0 Canterbury Woods
Mansion House,Week5,Holmes Run Acres,Week2,255.0 Mansion House - 147.0 Holmes Run Acres
Mansion House,Week2,Little Rocky Run,Week5,261.0 Little Rocky Run - 136.0 Mansion House
Mansion House,Week1,Vienna Aquatic,Week1,256.0 Vienna Aquatic - 146.0 Mansion House
Mansion House,Week5,Little Hunting Park,Week3,279.0 Mansion House - 123.0 Little Hunting Park
Mantua,Week5,Laurel Hill,Week5,295.0 Mantua - 107.0 Laurel Hill
Mansion House,Week3,Long Branch,Week2,284.0 Mansion House - 118.0 Long Branch
Mantua,Week2,Sideburn Run,Week1,223.0 Mantua - 179.0 Sideburn Run
Mansion House,Week1,Vienna Aquatic,Week2,248.0 Vienna Aquatic - 154.0 Mansion House
Mansion House,Week2,Hunt Valley,Week4,267.0 Hunt Valley - 135.0 Mansion House
Mantua,Week5,Laurel Hill,Week2,336.0 Mantua - 66.0 Laurel Hill
Mansion House,Week2,Long Branch,Week5,231.0 Mansion House - 170.0 Long Branch
Mansion House,Week3,Vienna Aquatic,Week4,244.0 Vienna Aquatic - 158.0 Mansion House
Mantua,Week1,Lee Graham,Week3,273.0 Lee Graham - 129.0 Mantua
Mansion House,Week5,Holmes Run Acres,Week3,218.0 Mansion House - 184.0 Holmes Run Acres
Mantua,Week1,Sideburn Run,Week4,253.0 Mantua - 149.0 Sideburn Run
Mansion House,Week2,Hunt Valley,Week5,269.0 Hunt Valley - 133.0 Mansion House
Mansion House,Week4,Holmes Run Acres,Week2,223.0 Mansion House - 179.0 Holmes Run Acres
Mantua,Week4,Laurel Hill,Week4,306.0 Mantua - 96.0 Laurel Hill
Mantua,Week3,Sideburn Run,Week2,281.0 Mantua - 121.0 Sideburn Run
Mansion House,Week2,Vienna Aquatic,Week5,287.5 Vienna Aquatic - 114.5 Mansion House
Mantua,Week1,Lee Graham,Week2,259.0 Lee Graham - 143.0 Mantua
Mantua,Week1,Sleepy Hollow B & R,Week5,233.0 Sleepy Hollow B & R - 169.0 Mantua
Mantua,Week2,Sideburn Run,Week2,232.0 Mantua - 170.0 Sideburn Run
Mansion House,Week5,Vienna Aquatic,Week2,245.0 Vienna Aquatic - 157.0 Mansion House
Mantua,Week1,Canterbury Woods,Week2,278.0 Mantua - 124.0 Canterbury Woods
Mantua,Week2,Sideburn Run,Week3,223.5 Mantua - 178.5 Sideburn Run
Mansion House,Week1,Long Branch,Week3,259.0 Mansion House - 143.0 Long Branch
Mantua,Week1,Canterbury Woods,Week4,250.0 Mantua - 152.0 Canterbury Woods
Mansion House,Week1,Hunt Valley,Week4,260.0 Hunt Valley - 142.0 Mansion House
Mantua,Week2,Canterbury Woods,Week2,253.0 Mantua - 149.0 Canterbury Woods
Mantua,Week2,Canterbury Woods,Week3,258.0 Mantua - 144.0 Canterbury Woods
Mansion House,Week1,Vienna Woods,Week5,299.0 Vienna Woods - 103.0 Mansion House
Mansion House,Week4,Vienna Aquatic,Week1,266.0 Vienna Aquatic - 136.0 Mansion House
Mansion House,Week3,Little Rocky Run,Week1,231.0 Little Rocky Run - 171.0 Mansion House
Mantua,Week5,Laurel Hill,Week4,322.0 Mantua - 80.0 Laurel Hill
Mantua,Week4,Camelot,Week5,253.0 Mantua - 149.0 Camelot
Mantua,Week2,Lee Graham,Week4,263.0 Lee Graham - 139.0 Mantua
Mansion House,Week5,Vienna Aquatic,Week1,247.0 Vienna Aquatic - 155.0 Mansion House
Mansion House,Week3,Little Rocky Run,Week4,243.0 Little Rocky Run - 159.0 Mansion House
Mantua,Week2,Lee Graham,Week2,258.0 Lee Graham - 144.0 Mantua
Mantua,Week4,Sideburn Run,Week1,229.0 Mantua - 173.0 Sideburn Run
Mantua,Week4,Canterbury Woods,Week3,276.0 Mantua - 126.0 Canterbury Woods
Mantua,Week5,Camelot,Week5,271.0 Mantua - 131.0 Camelot
Mantua,Week1,Lee Graham,Week5,273.5 Lee Graham - 128.5 Mantua
Mantua,Week4,Camelot,Week4,260.0 Mantua - 142.0 Camelot
Mantua,Week3,Sideburn Run,Week1,262.0 Mantua - 140.0 Sideburn Run
Mansion House,Week3,Vienna Aquatic,Week5,279.0 Vienna Aquatic - 123.0 Mansion House
Mansion House,Week4,Long Branch,Week3,240.0 Mansion House - 162.0 Long Branch
Mansion House,Week2,Hunter Mill,Week4,218.0 Hunter Mill - 184.0 Mansion House
Mantua,Week4,Sideburn Run,Week2,243.0 Mantua - 159.0 Sideburn Run
Mantua,Week3,Sideburn Run,Week5,250.5 Mantua - 151.5 Sideburn Run
Mansion House,Week3,Vienna Aquatic,Week3,260.0 Vienna Aquatic - 142.0 Mansion House
Mantua,Week2,Canterbury Woods,Week5,245.0 Mantua - 156.0 Canterbury Woods
Mantua,Week2,Lee Graham,Week5,270.0 Lee Graham - 132.0 Mantua
Mantua,Week1,Sideburn Run,Week3,230.0 Mantua - 172.0 Sideburn Run
Mansion House,Week3,Hunt Valley,Week5,266.0 Hunt Valley - 136.0 Mansion House
Mantua,Week5,Sideburn Run,Week4,254.0 Mantua - 148.0 Sideburn Run
Mantua,Week2,Lee Graham,Week1,253.0 Lee Graham - 144.0 Mantua
Mansion House,Week5,Hunt Valley,Week4,248.0 Hunt Valley - 154.0 Mansion House
Mansion House,Week4,Little Rocky Run,Week1,272.0 Little Rocky Run - 130.0 Mansion House
Mansion House,Week1,Long Branch,Week4,261.0 Mansion House - 141.0 Long Branch
Mantua,Week2,Lee Graham,Week3,265.0 Lee Graham - 137.0 Mantua
Mansion House,Week5,Hunter Mill,Week1,204.0 Mansion House - 198.0 Hunter Mill
Mansion House,Week3,Vienna Aquatic,Week2,245.0 Vienna Aquatic - 157.0 Mansion House
Mansion House,Week3,Long Branch,Week3,267.0 Mansion House - 135.0 Long Branch
Mansion House,Week4,Vienna Aquatic,Week2,263.0 Vienna Aquatic - 139.0 Mansion House
Mantua,Week4,Camelot,Week3,261.0 Mantua - 141.0 Camelot
Mansion House,Week4,Long Branch,Week5,216.0 Mansion House - 186.0 Long Branch
Mansion House,Week4,Hunt Valley,Week5,272.0 Hunt Valley - 130.0 Mansion House
Mansion House,Week1,Hunter Mill,Week2,202.0 Mansion House - 200.0 Hunter Mill
Mansion House,Week4,Hunt Valley,Week3,271.5 Hunt Valley - 130.5 Mansion House
Mansion House,Week4,Vienna Aquatic,Week5,294.0 Vienna Aquatic - 107.0 Mansion House
Mantua,Week4,Sideburn Run,Week4,245.0 Mantua - 157.0 Sideburn Run
Mansion House,Week5,Little Rocky Run,Week4,249.0 Little Rocky Run - 153.0 Mansion House
Mantua,Week3,Lee Graham,Week1,219.0 Lee Graham - 183.0 Mantua
Mantua,Week5,Sideburn Run,Week5,251.0 Mantua - 151.0 Sideburn Run
Mansion House,Week2,Vienna Aquatic,Week4,241.0 Vienna Aquatic - 161.0 Mansion House
Mansion House,Week1,Vienna Woods,Week3,287.0 Vienna Woods - 115.0 Mansion House
Mantua,Week5,Sideburn Run,Week2,269.0 Mantua - 133.0 Sideburn Run
Mansion House,Week5,Hunt Valley,Week3,260.0 Hunt Valley - 142.0 Mansion House
Mantua,Week3,Camelot,Week5,269.0 Mantua - 133.0 Camelot
Mansion House,Week4,Little Rocky Run,Week5,278.0 Little Rocky Run - 119.0 Mansion House
Mantua,Week3,Sideburn Run,Week3,267.0 Mantua - 135.0 Sideburn Run
Mantua,Week3,Lee Graham,Week2,227.0 Lee Graham - 175.0 Mantua
Mantua,Week3,Camelot,Week3,279.0 Mantua - 123.0 Camelot
Mansion House,Week4,Hunter Mill,Week1,227.5 Hunter Mill - 169.5 Mansion House
Mansion House,Week4,Little Rocky Run,Week4,270.0 Little Rocky Run - 132.0 Mansion House
Mantua,Week5,Sideburn Run,Week3,254.0 Mantua - 148.0 Sideburn Run
Mantua,Week5,Camelot,Week4,264.0 Mantua - 138.0 Camelot
Mansion House,Week3,Hunter Mill,Week5,228.0 Hunter Mill - 174.0 Mansion House
Mantua,Week3,Camelot,Week2,262.0 Mantua - 140.0 Camelot
Mantua,Week3,Camelot,Week1,272.0 Mantua - 130.0 Camelot
Mansion House,Week5,Little Rocky Run,Week1,244.0 Little Rocky Run - 158.0 Mansion House
Mansion House,Week1,Vienna Woods,Week4,254.0 Vienna Woods - 143.0 Mansion House
Mansion House,Week5,Little Rocky Run,Week3,251.0 Little Rocky Run - 151.0 Mansion House
Mansion House,Week2,Vienna Aquatic,Week1,259.0 Vienna Aquatic - 143.0 Mansion House
Mansion House,Week4,Hunter Mill,Week2,219.0 Hunter Mill - 183.0 Mansion House
Mansion House,Week1,Vienna Aquatic,Week5,278.0 Vienna Aquatic - 124.0 Mansion House
Mansion House,Week3,Hunter Mill,Week2,205.0 Mansion House - 197.0 Hunter Mill
Mansion House,Week4,Hunt Valley,Week1,246.0 Hunt Valley - 156.0 Mansion House
Mantua,Week5,Sideburn Run,Week1,240.0 Mantua - 162.0 Sideburn Run
Mansion House,Week1,Vienna Aquatic,Week4,252.0 Vienna Aquatic - 150.0 Mansion House
Mansion House,Week4,Little Rocky Run,Week2,272.0 Little Rocky Run - 130.0 Mansion House
Mansion House,Week3,Hunter Mill,Week1,205.0 Mansion House - 197.0 Hunter Mill
Mantua,Week4,Camelot,Week1,247.0 Mantua - 155.0 Camelot
Mansion House,Week4,Vienna Aquatic,Week3,282.0 Vienna Aquatic - 120.0 Mansion House
Mantua,Week3,Canterbury Woods,Week1,304.0 Mantua - 98.0 Canterbury Woods
Mantua,Week5,Sleepy Hollow B & R,Week3,248.0 Mantua - 154.0 Sleepy Hollow B & R
Mantua,Week5,Camelot,Week2,271.0 Mantua - 131.0 Camelot
Mansion House,Week4,Hunt Valley,Week2,257.0 Hunt Valley - 145.0 Mansion House
Mansion House,Week2,Hunter Mill,Week1,201.0 Mansion House - 196.0 Hunter Mill
Mantua,Week1,Sleepy Hollow B & R,Week4,202.0 Sleepy Hollow B & R - 200.0 Mantua
Mansion House,Week3,Little Rocky Run,Week2,238.0 Little Rocky Run - 164.0 Mansion House
Mantua,Week2,Sleepy Hollow B & R,Week1,229.0 Mantua - 173.0 Sleepy Hollow B & R
Mantua,Week3,Sleepy Hollow B & R,Week1,268.0 Mantua - 134.0 Sleepy Hollow B & R
Mansion House,Week5,Little Rocky Run,Week5,248.0 Little Rocky Run - 154.0 Mansion House
Mansion House,Week5,Hunt Valley,Week1,234.0 Hunt Valley - 168.0 Mansion House
Mantua,Week1,Canterbury Woods,Week3,260.0 Mantua - 142.0 Canterbury Woods
Mansion House,Week2,Vienna Aquatic,Week3,273.0 Vienna Aquatic - 129.0 Mansion House
Mantua,Week2,Sleepy Hollow B & R,Week3,202.0 Sleepy Hollow B & R - 200.0 Mantua
Mansion House,Week3,Vienna Aquatic,Week1,246.5 Vienna Aquatic - 155.5 Mansion House
Mantua,Week2,Sleepy Hollow B & R,Week2,207.0 Mantua - 195.0 Sleepy Hollow B & R
Mantua,Week3,Canterbury Woods,Week3,292.0 Mantua - 110.0 Canterbury Woods
Mantua,Week2,Sleepy Hollow B & R,Week5,229.0 Sleepy Hollow B & R - 173.0 Mantua
Mansion House,Week2,Vienna Aquatic,Week2,253.0 Vienna Aquatic - 149.0 Mansion House
Mansion House,Week5,Little Rocky Run,Week2,230.0 Little Rocky Run - 172.0 Mansion House
Mantua,Week2,Canterbury Woods,Week4,241.0 Mantua - 161.0 Canterbury Woods
Mansion House,Week2,Long Branch,Week3,244.0 Mansion House - 158.0 Long Branch
Mansion House,Week1,Vienna Woods,Week1,264.0 Vienna Woods - 138.0 Mansion House
Mansion House,Week4,Little Rocky Run,Week3,274.0 Little Rocky Run - 128.0 Mansion House
Mansion House,Week5,Vienna Aquatic,Week5,288.0 Vienna Aquatic - 114.0 Mansion House
Mansion House,Week1,Long Branch,Week1,264.0 Mansion House - 133.0 Long Branch
Mansion House,Week4,Hunter Mill,Week3,239.0 Hunter Mill - 163.0 Mansion House
Mansion House,Week4,Hunt Valley,Week4,267.0 Hunt Valley - 135.0 Mansion House
Mantua,Week3,Canterbury Woods,Week5,287.0 Mantua - 114.0 Canterbury Woods
Mansion House,Week4,Vienna Aquatic,Week4,272.0 Vienna Aquatic - 130.0 Mansion House
Mansion House,Week5,Vienna Aquatic,Week3,257.0 Vienna Aquatic - 145.0 Mansion House
Mansion House,Week5,Hunt Valley,Week5,258.0 Hunt Valley - 144.0 Mansion House
Mantua,Week4,Canterbury Woods,Week1,284.0 Mantua - 118.0 Canterbury Woods
Mansion House,Week2,Villa Aquatic,Week1,235.0 Mansion House - 167.0 Villa Aquatic
Mansion House,Week1,Long Branch,Week2,267.0 Mansion House - 135.0 Long Branch
Mansion House,Week3,Little Rocky Run,Week5,249.0 Little Rocky Run - 153.0 Mansion House
Mansion House,Week2,Long Branch,Week1,247.0 Mansion House - 149.0 Long Branch
Mantua,Week4,Sleepy Hollow B & R,Week4,204.0 Mantua - 198.0 Sleepy Hollow B & R
Mantua,Week4,Cardinal Hill,Week1,210.0 Cardinal Hill - 192.0 Mantua
Mansion House,Week1,Long Branch,Week5,257.0 Mansion House - 145.0 Long Branch
Mantua,Week4,Cardinal Hill,Week4,210.0 Cardinal Hill - 192.0 Mantua
Mantua,Week4,Canterbury Woods,Week2,280.0 Mantua - 122.0 Canterbury Woods
Mansion House,Week5,Vienna Aquatic,Week4,257.0 Vienna Aquatic - 145.0 Mansion House
Mantua,Week3,Sleepy Hollow B & R,Week4,262.5 Mantua - 139.5 Sleepy Hollow B & R
Mansion House,Week3,Little Rocky Run,Week3,246.0 Little Rocky Run - 156.0 Mansion House
Long Branch,Week4,Vienna Aquatic,Week4,302.0 Vienna Aquatic - 100.0 Long Branch
Mansion House,Week3,Vienna Woods,Week5,284.0 Vienna Woods - 118.0 Mansion House
Mantua,Week3,Sleepy Hollow Rec,Week3,324.0 Mantua - 78.0 Sleepy Hollow Rec
Mantua,Week2,Cardinal Hill,Week5,206.5 Cardinal Hill - 195.5 Mantua
Mansion House,Week2,Vienna Woods,Week1,277.0 Vienna Woods - 120.0 Mansion House
Mantua,Week1,Cardinal Hill,Week3,246.0 Cardinal Hill - 156.0 Mantua
Mansion House,Week2,Hunter Mill,Week3,203.0 Hunter Mill - 199.0 Mansion House
Mantua,Week4,Sleepy Hollow B & R,Week1,228.0 Mantua - 174.0 Sleepy Hollow B & R
Mansion House,Week3,Hunter Mill,Week3,211.0 Hunter Mill - 191.0 Mansion House
Mansion House,Week5,Hunt Valley,Week2,231.0 Hunt Valley - 171.0 Mansion House
Mantua,Week3,Old Keene Mill,Week2,312.0 Mantua - 90.0 Old Keene Mill
Mansion House,Week1,Hunter Mill,Week4,238.0 Hunter Mill - 164.0 Mansion House
Mantua,Week1,Old Keene Mill,Week1,292.0 Mantua - 110.0 Old Keene Mill
Mansion House,Week2,Long Branch,Week2,256.0 Mansion House - 145.0 Long Branch
Mansion House,Week1,Vienna Woods,Week2,259.0 Vienna Woods - 143.0 Mansion House
Mantua,Week2,Sleepy Hollow Rec,Week5,291.0 Mantua - 111.0 Sleepy Hollow Rec
Mansion House,Week2,Hunter Mill,Week2,207.0 Mansion House - 195.0 Hunter Mill
Mansion House,Week2,Long Branch,Week4,245.0 Mansion House - 157.0 Long Branch
Mantua,Week5,Cardinal Hill,Week1,220.0 Mantua - 182.0 Cardinal Hill
Mantua,Week5,Sleepy Hollow B & R,Week1,274.0 Mantua - 128.0 Sleepy Hollow B & R
Mansion House,Week2,Hunter Mill,Week5,226.0 Hunter Mill - 176.0 Mansion House
Mantua,Week2,Sleepy Hollow Rec,Week2,305.0 Mantua - 97.0 Sleepy Hollow Rec
Mansion House,Week3,Long Branch,Week5,261.0 Mansion House - 141.0 Long Branch
Long Branch,Week4,Vienna Aquatic,Week5,318.0 Vienna Aquatic - 84.0 Long Branch
Mantua,Week1,Chesterbrook,Week3,336.0 Chesterbrook - 66.0 Mantua
Mantua,Week3,Sleepy Hollow B & R,Week5,204.5 Mantua - 197.5 Sleepy Hollow B & R
Mantua,Week4,Cardinal Hill,Week3,227.0 Cardinal Hill - 175.0 Mantua
Mantua,Week5,Cardinal Hill,Week5,218.0 Mantua - 184.0 Cardinal Hill
Mantua,Week1,Cardinal Hill,Week4,201.0 Cardinal Hill - 201.0 Mantua
Mansion House,Week4,Vienna Woods,Week3,304.0 Vienna Woods - 98.0 Mansion House
Mantua,Week3,Old Keene Mill,Week1,320.0 Mantua - 82.0 Old Keene Mill
Mansion House,Week3,Long Branch,Week4,270.0 Mansion House - 132.0 Long Branch
Mansion House,Week1,Hunter Mill,Week5,237.0 Hunter Mill - 165.0 Mansion House
Mansion House,Week2,Vienna Woods,Week4,263.0 Vienna Woods - 134.0 Mansion House
Mansion House,Week3,Hunter Mill,Week4,219.0 Hunter Mill - 183.0 Mansion House
Mansion House,Week2,Vienna Woods,Week5,300.0 Vienna Woods - 102.0 Mansion House
Mansion House,Week1,Hunter Mill,Week3,222.0 Hunter Mill - 180.0 Mansion House
Mansion House,Week3,Long Branch,Week1,265.0 Mansion House - 137.0 Long Branch
Mantua,Week4,Old Keene Mill,Week2,287.0 Mantua - 115.0 Old Keene Mill
Mantua,Week3,Sleepy Hollow Rec,Week2,342.0 Mantua - 60.0 Sleepy Hollow Rec
Mantua,Week4,Old Keene Mill,Week5,274.0 Mantua - 128.0 Old Keene Mill
Mantua,Week5,Sleepy Hollow B & R,Week2,244.0 Mantua - 158.0 Sleepy Hollow B & R
Mantua,Week3,Old Keene Mill,Week4,319.0 Mantua - 83.0 Old Keene Mill
Mansion House,Week2,Villa Aquatic,Week2,235.0 Mansion House - 167.0 Villa Aquatic
Mansion House,Week1,Hunter Mill,Week1,212.0 Hunter Mill - 185.0 Mansion House
Mansion House,Week4,Long Branch,Week1,233.0 Mansion House - 164.0 Long Branch
Mantua,Week2,Old Keene Mill,Week5,274.0 Mantua - 128.0 Old Keene Mill
Mansion House,Week3,Villa Aquatic,Week3,219.0 Mansion House - 183.0 Villa Aquatic
Mantua,Week2,Sleepy Hollow Rec,Week1,307.0 Mantua - 95.0 Sleepy Hollow Rec
Mansion House,Week5,Long Branch,Week5,264.0 Mansion House - 138.0 Long Branch
Mantua,Week5,Canterbury Woods,Week4,267.0 Mantua - 135.0 Canterbury Woods
Mansion House,Week4,Hunter Mill,Week5,253.0 Hunter Mill - 149.0 Mansion House
Mansion House,Week3,Vienna Woods,Week3,277.0 Vienna Woods - 125.0 Mansion House
Mantua,Week4,Old Keene Mill,Week1,301.0 Mantua - 101.0 Old Keene Mill
Mantua,Week3,Sleepy Hollow Rec,Week4,341.0 Mantua - 61.0 Sleepy Hollow Rec
Mantua,Week1,Sleepy Hollow Rec,Week3,284.0 Mantua - 118.0 Sleepy Hollow Rec
Mantua,Week4,Canterbury Woods,Week5,260.0 Mantua - 142.0 Canterbury Woods
Mansion House,Week5,Hunter Mill,Week2,221.0 Mansion House - 181.0 Hunter Mill
Mantua,Week4,Sleepy Hollow B & R,Week3,218.0 Mantua - 184.0 Sleepy Hollow B & R
Mantua,Week1,Cardinal Hill,Week5,214.0 Cardinal Hill - 188.0 Mantua
Mantua,Week2,Cardinal Hill,Week1,215.0 Cardinal Hill - 187.0 Mantua
Mansion House,Week5,Hunter Mill,Week3,204.0 Hunter Mill - 198.0 Mansion House
Mantua,Week5,Oakton ,Week3,201.0 Mantua - 201.0 Oakton
Mansion House,Week1,Mansion House,Week1,198.5 Mansion House (MHC1) - 198.5 Mansion House (MHC2)
Mantua,Week2,Sleepy Hollow Rec,Week4,316.0 Mantua - 86.0 Sleepy Hollow Rec
Mantua,Week3,Sleepy Hollow Rec,Week5,326.0 Mantua - 76.0 Sleepy Hollow Rec
Mansion House,Week4,Vienna Woods,Week5,314.0 Vienna Woods - 88.0 Mansion House
Mansion House,Week4,Long Branch,Week2,229.0 Mansion House - 173.0 Long Branch
Mantua,Week1,Sleepy Hollow Rec,Week1,301.0 Mantua - 101.0 Sleepy Hollow Rec
Mantua,Week2,Old Keene Mill,Week2,277.0 Mantua - 125.0 Old Keene Mill
Mantua,Week4,Old Keene Mill,Week4,295.0 Mantua - 107.0 Old Keene Mill
Mansion House,Week2,Mansion House,Week3,219.0 Mansion House (MHC2) - 183.0 Mansion House (MHC1)
Mansion House,Week3,Vienna Woods,Week2,255.0 Vienna Woods - 147.0 Mansion House
Mantua,Week4,Canterbury Woods,Week4,254.0 Mantua - 148.0 Canterbury Woods
Mansion House,Week5,Hunter Mill,Week5,215.0 Hunter Mill - 187.0 Mansion House
Mantua,Week2,Orange Hunt,Week2,203.5 Mantua - 198.5 Orange Hunt
Mansion House,Week1,Ilda Community,Week1,290.5 Mansion House - 111.5 Ilda Community
Mansion House,Week5,Long Branch,Week3,267.5 Mansion House - 134.5 Long Branch
Mansion House,Week4,Villa Aquatic,Week1,212.0 Mansion House - 190.0 Villa Aquatic
Mansion House,Week4,Hunter Mill,Week4,249.0 Hunter Mill - 153.0 Mansion House
Mansion House,Week5,Vienna Woods,Week4,251.0 Vienna Woods - 151.0 Mansion House
Mansion House,Week4,Long Branch,Week4,240.0 Mansion House - 162.0 Long Branch
Mansion House,Week4,Mansion House,Week2,202.0 Mansion House (MHC2) - 195.0 Mansion House (MHC1)
Mantua,Week5,Canterbury Woods,Week3,289.0 Mantua - 113.0 Canterbury Woods
Mansion House,Week1,Ilda Community,Week3,287.0 Mansion House - 110.0 Ilda Community
Mansion House,Week2,Vienna Woods,Week2,266.0 Vienna Woods - 135.0 Mansion House
Mansion House,Week3,Vienna Woods,Week4,242.0 Vienna Woods - 160.0 Mansion House
Mansion House,Week5,Hunter Mill,Week4,223.0 Hunter Mill - 179.0 Mansion House
Mansion House,Week1,Ilda Community,Week5,292.0 Mansion House - 110.0 Ilda Community
Mansion House,Week5,Vienna Woods,Week1,266.0 Vienna Woods - 136.0 Mansion House
Mantua,Week5,Sleepy Hollow B & R,Week4,245.0 Mantua - 157.0 Sleepy Hollow B & R
Mantua,Week3,Old Keene Mill,Week3,314.0 Mantua - 88.0 Old Keene Mill
Mantua,Week5,Canterbury Woods,Week5,272.0 Mantua - 129.0 Canterbury Woods
Mansion House,Week2,Mansion House,Week5,220.0 Mansion House (MHC2) - 182.0 Mansion House (MHC1)
Mantua,Week5,Old Keene Mill,Week4,307.0 Mantua - 95.0 Old Keene Mill
Mantua,Week2,Cardinal Hill,Week3,228.0 Cardinal Hill - 174.0 Mantua
Mansion House,Week5,Mansion House,Week2,220.0 Mansion House (MHC1) - 182.0 Mansion House (MHC2)
Mantua,Week1,Orange Hunt,Week1,227.5 Mantua - 174.5 Orange Hunt
Mansion House,Week5,Long Branch,Week4,276.0 Mansion House - 126.0 Long Branch
Mantua,Week3,Cardinal Hill,Week1,220.0 Mantua - 182.0 Cardinal Hill
Mansion House,Week5,Vienna Woods,Week2,257.0 Vienna Woods - 145.0 Mansion House
Mantua,Week3,Orange Hunt,Week3,254.0 Mantua - 148.0 Orange Hunt
Mantua,Week2,Sleepy Hollow Rec,Week3,283.0 Mantua - 119.0 Sleepy Hollow Rec
Mantua,Week4,Sleepy Hollow Rec,Week1,310.0 Mantua - 92.0 Sleepy Hollow Rec
Mansion House,Week4,Mansion House,Week4,195.5 Mansion House (MHC1) - 195.5 Mansion House (MHC2)
Mantua,Week2,Old Keene Mill,Week4,280.0 Mantua - 122.0 Old Keene Mill
Mantua,Week4,Sleepy Hollow B & R,Week2,207.0 Mantua - 195.0 Sleepy Hollow B & R
Mantua,Week5,Canterbury Woods,Week2,302.0 Mantua - 100.0 Canterbury Woods
Mansion House,Week1,Mansion House,Week2,211.0 Mansion House (MHC1) - 186.0 Mansion House (MHC2)
Mansion House,Week1,Villa Aquatic,Week2,243.0 Mansion House - 159.0 Villa Aquatic
Mansion House,Week1,Ilda Community,Week4,261.0 Mansion House - 141.0 Ilda Community
Mantua,Week3,Sleepy Hollow B & R,Week3,251.0 Mantua - 151.0 Sleepy Hollow B & R
Mantua,Week1,Cardinal Hill,Week2,202.0 Cardinal Hill - 195.0 Mantua
Mansion House,Week5,Vienna Woods,Week3,280.0 Vienna Woods - 122.0 Mansion House
Mantua,Week3,Cardinal Hill,Week2,241.0 Mantua - 161.0 Cardinal Hill
Mansion House,Week1,Mansion House,Week3,216.0 Mansion House (MHC2) - 186.0 Mansion House (MHC1)
Mansion House,Week2,Ilda Community,Week1,278.0 Mansion House - 124.0 Ilda Community
Mansion House,Week5,Vienna Woods,Week5,297.0 Vienna Woods - 105.0 Mansion House
Mantua,Week1,Sleepy Hollow Rec,Week2,306.5 Mantua - 94.5 Sleepy Hollow Rec
Mansion House,Week1,Ilda Community,Week2,291.0 Mansion House - 111.0 Ilda Community
Mantua,Week2,Orange Hunt,Week4,211.0 Mantua - 186.0 Orange Hunt
Mantua,Week2,Cardinal Hill,Week2,202.0 Mantua - 200.0 Cardinal Hill
Mansion House,Week5,Mansion House,Week4,235.0 Mansion House (MHC1) - 167.0 Mansion House (MHC2)
Mantua,Week1,Old Keene Mill,Week2,276.0 Mantua - 126.0 Old Keene Mill
Mansion House,Week3,Mansion House,Week3,201.0 Mansion House (MHC1) - 201.0 Mansion House (MHC2)
Mantua,Week1,Hayfield Farm,Week5,238.5 Mantua - 163.5 Hayfield Farm
Mansion House,Week2,Mansion House,Week4,202.0 Mansion House (MHC1) - 195.0 Mansion House (MHC2)
Mantua,Week5,Sleepy Hollow B & R,Week5,210.0 Mantua - 192.0 Sleepy Hollow B & R
Mantua,Week5,Oakton ,Week4,204.0 Oakton - 198.0 Mantua
Mansion House,Week5,Mansion House,Week5,201.0 Mansion House (MHC1) - 201.0 Mansion House (MHC2)
Mantua,Week1,Old Keene Mill,Week4,286.0 Mantua - 116.0 Old Keene Mill
Mantua,Week5,Canterbury Woods,Week1,301.5 Mantua - 100.5 Canterbury Woods
Mantua,Week1,Sleepy Hollow Rec,Week5,273.0 Mantua - 128.0 Sleepy Hollow Rec
Mantua,Week2,Hayfield Farm,Week3,212.0 Mantua - 190.0 Hayfield Farm
Mansion House,Week2,Ilda Community,Week2,282.5 Mansion House - 119.5 Ilda Community
Mantua,Week1,Sleepy Hollow Rec,Week4,315.0 Mantua - 87.0 Sleepy Hollow Rec
Mansion House,Week1,Villa Aquatic,Week1,245.0 Mansion House - 157.0 Villa Aquatic
Mansion House,Week4,Vienna Woods,Week4,273.0 Vienna Woods - 124.0 Mansion House
Mantua,Week3,Cardinal Hill,Week3,205.0 Cardinal Hill - 197.0 Mantua
Mantua,Week1,Cardinal Hill,Week1,208.0 Cardinal Hill - 194.0 Mantua
Mantua,Week4,Sleepy Hollow B & R,Week5,219.0 Sleepy Hollow B & R - 183.0 Mantua
Mantua,Week1,Old Keene Mill,Week3,277.0 Mantua - 125.0 Old Keene Mill
Mansion House,Week4,Vienna Woods,Week1,282.0 Vienna Woods - 120.0 Mansion House
Mantua,Week3,Hayfield Farm,Week3,257.0 Mantua - 145.0 Hayfield Farm
Mansion House,Week2,Vienna Woods,Week3,283.0 Vienna Woods - 119.0 Mansion House
Mantua,Week3,Cardinal Hill,Week4,232.0 Mantua - 170.0 Cardinal Hill
Mantua,Week4,Cardinal Hill,Week5,207.0 Cardinal Hill - 195.0 Mantua
Mantua,Week5,Sleepy Hollow Rec,Week1,332.0 Mantua - 70.0 Sleepy Hollow Rec
Mantua,Week5,Hamlet,Week2,239.0 Hamlet - 163.0 Mantua
Mantua,Week5,Cardinal Hill,Week2,238.0 Mantua - 164.0 Cardinal Hill
Mantua,Week3,Old Keene Mill,Week5,292.0 Mantua - 110.0 Old Keene Mill
Mantua,Week1,Hayfield Farm,Week3,220.0 Mantua - 181.0 Hayfield Farm
Mantua,Week4,Old Keene Mill,Week3,296.0 Mantua - 106.0 Old Keene Mill
Mantua,Week5,Hamlet,Week4,205.0 Hamlet - 197.0 Mantua
Mansion House,Week3,Vienna Woods,Week1,265.0 Vienna Woods - 137.0 Mansion House
Mansion House,Week5,Long Branch,Week2,272.0 Mansion House - 130.0 Long Branch
Mantua,Week2,Old Keene Mill,Week3,287.0 Mantua - 115.0 Old Keene Mill
Mansion House,Week1,Villa Aquatic,Week4,241.0 Mansion House - 161.0 Villa Aquatic
Mantua,Week5,Hamlet,Week5,255.0 Hamlet - 147.0 Mantua
Mantua,Week2,Somerset-Olde Creek,Week1,332.0 Mantua - 69.0 Somerset-Olde Creek
Mantua,Week5,Cardinal Hill,Week3,206.0 Cardinal Hill - 196.0 Mantua
Mantua,Week3,Cardinal Hill,Week5,216.0 Mantua - 186.0 Cardinal Hill
Mansion House,Week1,Villa Aquatic,Week5,223.0 Mansion House - 179.0 Villa Aquatic
Mantua,Week5,Oakton ,Week2,212.0 Oakton - 190.0 Mantua
Mantua,Week5,Sleepy Hollow Rec,Week4,335.0 Mantua - 67.0 Sleepy Hollow Rec
Mansion House,Week2,Mansion House,Week2,195.5 Mansion House (MHC1) - 195.5 Mansion House (MHC2)
Mantua,Week2,Old Keene Mill,Week1,296.0 Mantua - 106.0 Old Keene Mill
Mansion House,Week1,Villa Aquatic,Week3,216.0 Mansion House - 186.0 Villa Aquatic
Mantua,Week3,Sleepy Hollow Rec,Week1,341.0 Mantua - 61.0 Sleepy Hollow Rec
Mantua,Week5,Oakton ,Week5,215.0 Oakton - 187.0 Mantua
Mantua,Week1,Old Keene Mill,Week5,270.0 Mantua - 131.0 Old Keene Mill
Mansion House,Week3,Mansion House,Week1,216.0 Mansion House (MHC1) - 186.0 Mansion House (MHC2)
Mansion House,Week1,Mansion House,Week4,199.0 Mansion House (MHC2) - 198.0 Mansion House (MHC1)
Mansion House,Week2,Mansion House,Week1,211.0 Mansion House (MHC2) - 186.0 Mansion House (MHC1)
Mantua,Week2,Cardinal Hill,Week4,213.0 Cardinal Hill - 189.0 Mantua
Mantua,Week4,Sleepy Hollow Rec,Week2,319.0 Mantua - 83.0 Sleepy Hollow Rec
Mansion House,Week4,Mansion House,Week1,199.0 Mansion House (MHC1) - 198.0 Mansion House (MHC2)
Mantua,Week4,Hamlet,Week4,235.0 Hamlet - 167.0 Mantua
Mansion House,Week4,Vienna Woods,Week2,284.0 Vienna Woods - 118.0 Mansion House
Mantua,Week2,Somerset-Olde Creek,Week2,332.0 Mantua - 69.0 Somerset-Olde Creek
Mansion House,Week2,Villa Aquatic,Week3,202.0 Mansion House - 200.0 Villa Aquatic
Mantua,Week2,Hayfield Farm,Week5,236.0 Mantua - 166.0 Hayfield Farm
Mantua,Week2,Somerset-Olde Creek,Week3,340.0 Mantua - 62.0 Somerset-Olde Creek
Mantua,Week4,Cardinal Hill,Week2,206.0 Cardinal Hill - 196.0 Mantua
Mantua,Week5,Old Keene Mill,Week2,301.0 Mantua - 101.0 Old Keene Mill
Mansion House,Week5,Long Branch,Week1,274.0 Mansion House - 128.0 Long Branch
Mantua,Week2,Chesterbrook,Week3,338.0 Chesterbrook - 64.0 Mantua
Mansion House,Week3,Villa Aquatic,Week4,240.0 Mansion House - 162.0 Villa Aquatic
Mansion House,Week3,Villa Aquatic,Week2,250.0 Mansion House - 152.0 Villa Aquatic
Mantua,Week4,Hamlet,Week2,260.0 Hamlet - 142.0 Mantua
Mantua,Week3,Somerset-Olde Creek,Week5,342.0 Mantua - 60.0 Somerset-Olde Creek
Mantua,Week1,Commonwealth,Week2,263.0 Mantua - 139.0 Commonwealth
Mantua,Week1,Hayfield Farm,Week2,248.0 Mantua - 154.0 Hayfield Farm
Mansion House,Week2,Villa Aquatic,Week4,214.0 Mansion House - 188.0 Villa Aquatic
Mantua,Week1,Chesterbrook,Week1,301.0 Chesterbrook - 101.0 Mantua
Mantua,Week1,Orange Hunt,Week2,214.0 Mantua - 188.0 Orange Hunt
Mantua,Week5,Hayfield Farm,Week3,257.0 Mantua - 145.0 Hayfield Farm
Mantua,Week5,Old Keene Mill,Week5,287.0 Mantua - 115.0 Old Keene Mill
Mantua,Week5,Sleepy Hollow Rec,Week2,333.0 Mantua - 69.0 Sleepy Hollow Rec
Mansion House,Week3,Villa Aquatic,Week5,240.0 Mansion House - 162.0 Villa Aquatic
Mantua,Week1,Commonwealth,Week4,284.0 Mantua - 116.0 Commonwealth
Mansion House,Week2,Villa Aquatic,Week5,211.0 Mansion House - 191.0 Villa Aquatic
Mansion House,Week4,Mansion House,Week5,235.0 Mansion House (MHC2) - 167.0 Mansion House (MHC1)
Mansion House,Week5,Mansion House,Week1,224.0 Mansion House (MHC1) - 178.0 Mansion House (MHC2)
Mantua,Week2,Hayfield Farm,Week2,231.0 Mantua - 171.0 Hayfield Farm
Mansion House,Week3,Mansion House,Week5,220.0 Mansion House (MHC2) - 182.0 Mansion House (MHC1)
Mansion House,Week3,Villa Aquatic,Week1,256.0 Mansion House - 146.0 Villa Aquatic
Mantua,Week2,Somerset-Olde Creek,Week4,332.0 Mantua - 64.0 Somerset-Olde Creek
Mansion House,Week3,Mansion House,Week2,219.0 Mansion House (MHC1) - 183.0 Mansion House (MHC2)
Mansion House,Week3,Mansion House,Week4,213.0 Mansion House (MHC1) - 189.0 Mansion House (MHC2)
Mantua,Week5,Cardinal Hill,Week4,227.0 Mantua - 175.0 Cardinal Hill
Mantua,Week1,Herndon,Week1,330.0 Mantua - 64.0 Herndon
Mantua,Week1,Chesterbrook,Week2,316.0 Chesterbrook - 86.0 Mantua
Mantua,Week1,Somerset-Olde Creek,Week1,334.0 Mantua - 57.0 Somerset-Olde Creek
Mantua,Week5,Chesterbrook,Week2,302.5 Chesterbrook - 99.5 Mantua
Mantua,Week5,Old Keene Mill,Week3,307.0 Mantua - 95.0 Old Keene Mill
Mantua,Week5,Somerset-Olde Creek,Week4,356.0 Mantua - 46.0 Somerset-Olde Creek
Mansion House,Week4,Mansion House,Week3,213.0 Mansion House (MHC2) - 189.0 Mansion House (MHC1)
Mantua,Week1,Somerset-Olde Creek,Week3,334.0 Mantua - 58.0 Somerset-Olde Creek
Mantua,Week1,Orange Hunt,Week4,225.0 Mantua - 177.0 Orange Hunt
Mantua,Week1,Orange Hunt,Week3,206.0 Orange Hunt - 196.0 Mantua
Mantua,Week1,Herndon,Week4,328.0 Mantua - 73.0 Herndon
Mansion House,Week1,Village West,Week4,281.0 Mansion House - 116.0 Village West
Mantua,Week4,Sleepy Hollow Rec,Week3,301.0 Mantua - 101.0 Sleepy Hollow Rec
Mantua,Week1,Orange Hunt,Week5,208.5 Orange Hunt - 193.5 Mantua
Mantua,Week1,Commonwealth,Week5,265.0 Mantua - 136.0 Commonwealth
Mantua,Week4,Hayfield Farm,Week5,250.0 Mantua - 152.0 Hayfield Farm
Mansion House,Week2,Village West,Week4,268.0 Mansion House - 128.0 Village West
Mantua,Week2,Commonwealth,Week2,256.0 Mantua - 146.0 Commonwealth
Mansion House,Week1,Village West,Week5,285.0 Mansion House - 117.0 Village West
Mantua,Week1,Hayfield Farm,Week1,254.5 Mantua - 147.5 Hayfield Farm
Mantua,Week2,Commonwealth,Week1,291.0 Mantua - 105.0 Commonwealth
Mantua,Week4,Somerset-Olde Creek,Week2,355.0 Mantua - 47.0 Somerset-Olde Creek
Mantua,Week5,Chesterbrook,Week3,329.0 Chesterbrook - 73.0 Mantua
Mansion House,Week4,Villa Aquatic,Week2,215.5 Mansion House - 186.5 Villa Aquatic
Mantua,Week4,Hayfield Farm,Week1,252.0 Mantua - 150.0 Hayfield Farm
Mantua,Week2,Orange Hunt,Week1,227.0 Mantua - 175.0 Orange Hunt
Mantua,Week5,Old Keene Mill,Week1,318.0 Mantua - 84.0 Old Keene Mill
Mansion House,Week5,Mantua,Week1,202.0 Mansion House - 200.0 Mantua
Mansion House,Week1,Mansion House,Week5,224.0 Mansion House (MHC2) - 178.0 Mansion House (MHC1)
Mansion House,Week1,McLean,Week1,260.0 McLean - 142.0 Mansion House
Mantua,Week1,South Run,Week4,250.0 Mantua - 151.0 South Run
Mantua,Week2,Orange Hunt,Week3,207.0 Mantua - 195.0 Orange Hunt
Mantua,Week4,Hayfield Farm,Week4,247.0 Mantua - 155.0 Hayfield Farm
Mantua,Week2,Somerset-Olde Creek,Week5,317.0 Mantua - 84.0 Somerset-Olde Creek
Mansion House,Week5,Mansion House,Week3,220.0 Mansion House (MHC1) - 182.0 Mansion House (MHC2)
Mantua,Week3,Orange Hunt,Week1,244.0 Mantua - 158.0 Orange Hunt
Mansion House,Week1,Village West,Week2,292.0 Mansion House - 110.0 Village West
Mantua,Week3,Chesterbrook,Week4,311.0 Chesterbrook - 91.0 Mantua
Mansion House,Week1,McLean,Week3,276.5 McLean - 120.5 Mansion House
Mantua,Week5,Sleepy Hollow Rec,Week5,317.0 Mantua - 85.0 Sleepy Hollow Rec
Mansion House,Week5,Villa Aquatic,Week3,221.0 Mansion House - 181.0 Villa Aquatic
Mantua,Week2,Orange Hunt,Week5,203.0 Orange Hunt - 199.0 Mantua
Mansion House,Week2,Village West,Week1,283.0 Mansion House - 118.0 Village West
Mantua,Week4,Orange Hunt,Week3,230.0 Mantua - 172.0 Orange Hunt
Mansion House,Week4,Village West,Week4,251.0 Mansion House - 146.0 Village West
Mantua,Week4,Hamlet,Week5,271.0 Hamlet - 131.0 Mantua
Mantua,Week4,Orange Hunt,Week4,210.0 Mantua - 192.0 Orange Hunt
Mantua,Week1,Somerset-Olde Creek,Week5,312.0 Mantua - 85.0 Somerset-Olde Creek
Mantua,Week1,Hayfield Farm,Week4,242.5 Mantua - 159.5 Hayfield Farm
Mansion House,Week1,Mantua,Week1,226.0 Mantua - 171.0 Mansion House
Mantua,Week1,Somerset-Olde Creek,Week2,335.0 Mantua - 59.0 Somerset-Olde Creek
Mantua,Week4,Sleepy Hollow Rec,Week4,318.0 Mantua - 84.0 Sleepy Hollow Rec
Mantua,Week4,Sleepy Hollow Rec,Week5,304.0 Mantua - 98.0 Sleepy Hollow Rec
Mansion House,Week4,Villa Aquatic,Week5,203.0 Mansion House - 199.0 Villa Aquatic
Mantua,Week2,Chesterbrook,Week5,329.0 Chesterbrook - 73.0 Mantua
Mantua,Week5,Hayfield Farm,Week5,271.0 Mantua - 131.0 Hayfield Farm
Mantua,Week4,Chesterbrook,Week2,324.0 Chesterbrook - 78.0 Mantua
Mantua,Week3,Hayfield Farm,Week1,272.0 Mantua - 130.0 Hayfield Farm
Mansion House,Week1,Village West,Week3,272.0 Mansion House - 130.0 Village West
Mantua,Week3,Chesterbrook,Week5,307.0 Chesterbrook - 95.0 Mantua
Mantua,Week5,Orange Hunt,Week5,231.0 Mantua - 171.0 Orange Hunt
Mansion House,Week1,McLean,Week5,285.0 McLean - 117.0 Mansion House
Mansion House,Week4,Mantua,Week1,229.0 Mantua - 167.0 Mansion House
Mantua,Week4,Hamlet,Week3,262.0 Hamlet - 140.0 Mantua
Mansion House,Week5,Villa Aquatic,Week1,249.0 Mansion House - 153.0 Villa Aquatic
Mansion House,Week4,Mantua,Week3,265.0 Mantua - 137.0 Mansion House
Mantua,Week5,Hamlet,Week3,227.0 Hamlet - 175.0 Mantua
Mantua,Week1,Somerset-Olde Creek,Week4,331.5 Mantua - 68.5 Somerset-Olde Creek
Mantua,Week3,Hayfield Farm,Week2,279.0 Mantua - 123.0 Hayfield Farm
Mantua,Week3,Orange Hunt,Week2,248.0 Mantua - 154.0 Orange Hunt
Mantua,Week3,Chesterbrook,Week3,329.0 Chesterbrook - 73.0 Mantua
Mansion House,Week3,Mantua,Week3,244.0 Mantua - 158.0 Mansion House
Mantua,Week4,Chesterbrook,Week3,335.0 Chesterbrook - 67.0 Mantua
Mantua,Week3,Somerset-Olde Creek,Week3,363.0 Mantua - 39.0 Somerset-Olde Creek
Mantua,Week4,Somerset-Olde Creek,Week1,352.0 Mantua - 50.0 Somerset-Olde Creek
Mantua,Week2,Overlee,Week4,353.0 Overlee - 49.0 Mantua
Mantua,Week3,Somerset-Olde Creek,Week4,358.0 Mantua - 44.0 Somerset-Olde Creek
Mansion House,Week5,Mantua,Week5,259.0 Mantua - 143.0 Mansion House
Mantua,Week2,Hayfield Farm,Week1,223.0 Mantua - 179.0 Hayfield Farm
Mantua,Week1,Chesterbrook,Week4,325.5 Chesterbrook - 76.5 Mantua
Mantua,Week3,Chesterbrook,Week1,287.0 Chesterbrook - 115.0 Mantua
Mantua,Week4,Somerset-Olde Creek,Week5,335.0 Mantua - 67.0 Somerset-Olde Creek
Mansion House,Week1,Mantua,Week5,264.0 Mantua - 138.0 Mansion House
Mantua,Week5,Hamlet,Week1,207.0 Hamlet - 195.0 Mantua
Mantua,Week3,Chesterbrook,Week2,306.0 Chesterbrook - 96.0 Mantua
Mansion House,Week4,Mantua,Week2,238.0 Mantua - 164.0 Mansion House
Mansion House,Week1,Mantua,Week2,226.0 Mantua - 176.0 Mansion House
Mansion House,Week4,Village West,Week2,263.0 Mansion House - 139.0 Village West
Mantua,Week1,Overlee,Week2,305.0 Overlee - 97.0 Mantua
Mansion House,Week3,Village West,Week2,295.0 Mansion House - 107.0 Village West
Mantua,Week4,Chesterbrook,Week4,328.5 Chesterbrook - 73.5 Mantua
Mansion House,Week3,Village West,Week4,285.0 Mansion House - 112.0 Village West
Mansion House,Week3,Village West,Week3,274.0 Mansion House - 128.0 Village West
Mantua,Week2,Hayfield Farm,Week4,229.0 Mantua - 173.0 Hayfield Farm
Mansion House,Week5,Mantua,Week2,212.0 Mantua - 190.0 Mansion House
Mantua,Week2,Overlee,Week1,306.5 Overlee - 95.5 Mantua
Mantua,Week3,Somerset-Olde Creek,Week1,356.0 Mantua - 45.0 Somerset-Olde Creek
Mansion House,Week4,Village West,Week5,243.0 Mansion House - 159.0 Village West
Mantua,Week5,Hayfield Farm,Week2,266.0 Mantua - 136.0 Hayfield Farm
Mantua,Week1,Overlee,Week1,302.0 Overlee - 100.0 Mantua
Mantua,Week4,Hayfield Farm,Week3,235.0 Mantua - 167.0 Hayfield Farm
Mantua,Week2,Overlee,Week3,307.0 Overlee - 95.0 Mantua
Mantua,Week2,Overlee,Week5,337.0 Overlee - 65.0 Mantua
Mansion House,Week5,Mantua,Week4,224.0 Mantua - 178.0 Mansion House
Mantua,Week4,Chesterbrook,Week5,325.0 Chesterbrook - 77.0 Mantua
Mantua,Week4,Chesterbrook,Week1,300.0 Chesterbrook - 102.0 Mantua
Mantua,Week5,Sleepy Hollow Rec,Week3,322.0 Mantua - 80.0 Sleepy Hollow Rec
Mantua,Week4,Somerset-Olde Creek,Week3,351.0 Mantua - 51.0 Somerset-Olde Creek
Mansion House,Week2,Village West,Week2,274.0 Mansion House - 127.0 Village West
Mantua,Week1,Overlee,Week3,294.0 Overlee - 108.0 Mantua
Mantua,Week4,Hayfield Farm,Week2,248.0 Mantua - 154.0 Hayfield Farm
Mantua,Week3,Orange Hunt,Week4,256.0 Mantua - 146.0 Orange Hunt
Mantua,Week4,Orange Hunt,Week1,233.0 Mantua - 169.0 Orange Hunt
Mansion House,Week2,Mantua,Week3,252.0 Mantua - 150.0 Mansion House
Mansion House,Week5,Bren Mar-Edsall Park,Week3,361.0 Mansion House - 41.0 Bren Mar-Edsall Park
Mansion House,Week2,Brookfield ,Week5,215.0 Mansion House - 187.0 Brookfield
Mansion House,Week5,Villa Aquatic,Week2,250.0 Mansion House - 152.0 Villa Aquatic
Mansion House,Week2,Village West,Week5,269.0 Mansion House - 132.0 Village West
Mansion House,Week2,Mantua,Week1,227.0 Mantua - 170.0 Mansion House
Mantua,Week3,Orange Hunt,Week5,230.0 Mantua - 172.0 Orange Hunt
Mantua,Week2,Chesterbrook,Week4,323.0 Chesterbrook - 79.0 Mantua
Mantua,Week5,Somerset-Olde Creek,Week1,356.0 Mantua - 46.0 Somerset-Olde Creek
Mantua,Week5,Hayfield Farm,Week4,280.0 Mantua - 122.0 Hayfield Farm
Mantua,Week2,Chesterbrook,Week1,299.0 Chesterbrook - 98.0 Mantua
Mansion House,Week1,Village West,Week1,290.0 Mansion House - 112.0 Village West
Mantua,Week1,Herndon,Week3,331.5 Mantua - 65.5 Herndon
Mantua,Week5,Somerset-Olde Creek,Week2,361.0 Mantua - 41.0 Somerset-Olde Creek
Mantua,Week5,Chesterbrook,Week4,308.5 Chesterbrook - 93.5 Mantua
Mantua,Week5,Chesterbrook,Week1,290.0 Chesterbrook - 112.0 Mantua
Mansion House,Week3,Mantua,Week5,247.0 Mantua - 155.0 Mansion House
Mansion House,Week2,Mantua,Week4,223.0 Mantua - 179.0 Mansion House
Mansion House,Week4,Villa Aquatic,Week3,207.0 Villa Aquatic - 195.0 Mansion House
Mantua,Week5,Hayfield Farm,Week1,270.0 Mantua - 132.0 Hayfield Farm
Mansion House,Week1,Brookfield ,Week1,218.0 Mansion House - 184.0 Brookfield
Mantua,Week4,Somerset-Olde Creek,Week4,345.0 Mantua - 57.0 Somerset-Olde Creek
Mansion House,Week4,Brookfield ,Week1,203.0 Mansion House - 199.0 Brookfield
Mantua,Week1,Overlee,Week5,339.0 Overlee - 63.0 Mantua
Mantua,Week5,Orange Hunt,Week3,250.0 Mantua - 152.0 Orange Hunt
Mantua,Week3,Hayfield Farm,Week4,266.0 Mantua - 136.0 Hayfield Farm
Mansion House,Week3,Mantua,Week2,220.0 Mantua - 182.0 Mansion House
Mantua,Week1,Herndon,Week2,331.0 Mantua - 64.0 Herndon
Mansion House,Week3,Mantua,Week4,223.0 Mantua - 179.0 Mansion House
Mantua,Week5,Orange Hunt,Week2,247.5 Mantua - 154.5 Orange Hunt
Mansion House,Week4,Brookfield ,Week3,214.0 Mansion House - 188.0 Brookfield
Mantua,Week5,Somerset-Olde Creek,Week3,367.0 Mantua - 35.0 Somerset-Olde Creek
Mansion House,Week5,Bren Mar-Edsall Park,Week1,368.0 Mansion House - 34.0 Bren Mar-Edsall Park
Mantua,Week3,Herndon,Week2,354.0 Mantua - 48.0 Herndon
Mansion House,Week4,Villa Aquatic,Week4,202.0 Mansion House - 200.0 Villa Aquatic
Mansion House,Week2,Mantua,Week5,256.0 Mantua - 146.0 Mansion House
Mansion House,Week3,Mantua,Week1,207.0 Mantua - 195.0 Mansion House
Mantua,Week1,Overlee,Week4,346.0 Overlee - 56.0 Mantua
Mantua,Week5,Chesterbrook,Week5,308.0 Chesterbrook - 94.0 Mantua
Mansion House,Week4,Village West,Week3,239.0 Mansion House - 163.0 Village West
Mansion House,Week3,Village West,Week1,294.5 Mansion House - 107.5 Village West
Mantua,Week2,Herndon,Week1,336.0 Mantua - 65.0 Herndon
Mantua,Week1,South Run,Week1,216.0 Mantua - 177.0 South Run
Mantua,Week1,Commonwealth,Week1,292.0 Mantua - 103.0 Commonwealth
Mantua,Week2,Chesterbrook,Week2,326.0 Chesterbrook - 76.0 Mantua
Mansion House,Week3,Village West,Week5,273.0 Mansion House - 129.0 Village West
Mantua,Week4,Orange Hunt,Week2,221.0 Mantua - 181.0 Orange Hunt
Mantua,Week3,Somerset-Olde Creek,Week2,363.0 Mantua - 39.0 Somerset-Olde Creek
Mantua,Week3,Herndon,Week3,361.0 Mantua - 41.0 Herndon
Mansion House,Week4,Mantua,Week4,255.0 Mantua - 147.0 Mansion House
Mansion House,Week3,Bren Mar-Edsall Park,Week1,368.0 Mansion House - 34.0 Bren Mar-Edsall Park
Mantua,Week5,Orange Hunt,Week1,266.5 Mantua - 135.5 Orange Hunt
Mantua,Week1,Chesterbrook,Week5,322.0 Chesterbrook - 80.0 Mantua
Mantua,Week1,Commonwealth,Week3,285.0 Mantua - 114.0 Commonwealth
Mantua,Week3,Hayfield Farm,Week5,276.0 Mantua - 126.0 Hayfield Farm
Mantua,Week5,Somerset-Olde Creek,Week5,343.0 Mantua - 59.0 Somerset-Olde Creek
Mantua,Week1,South Run,Week3,242.0 Mantua - 160.0 South Run
Mansion House,Week2,Village West,Week3,255.0 Mansion House - 147.0 Village West
Mantua,Week1,South Run,Week2,247.0 Mantua - 155.0 South Run
Mansion House,Week3,Brookfield ,Week4,230.0 Mansion House - 172.0 Brookfield
Mantua,Week4,Orange Hunt,Week5,202.5 Mantua - 199.5 Orange Hunt
Mansion House,Week4,Village West,Week1,250.0 Mansion House - 152.0 Village West
Mantua,Week4,Commonwealth,Week3,289.5 Mantua - 112.5 Commonwealth
Mantua,Week2,Overlee,Week2,314.0 Overlee - 88.0 Mantua
Mansion House,Week5,Bren Mar-Edsall Park,Week4,362.0 Mansion House - 40.0 Bren Mar-Edsall Park
Mantua,Week3,South Run,Week3,275.0 Mantua - 127.0 South Run
Mantua,Week5,Herndon,Week4,350.0 Mantua - 52.0 Herndon
Mansion House,Week1,Brookfield ,Week2,229.0 Mansion House - 173.0 Brookfield
Mansion House,Week5,Villa Aquatic,Week5,220.0 Mansion House - 182.0 Villa Aquatic
Mansion House,Week4,Mantua,Week5,273.0 Mantua - 129.0 Mansion House
Mantua,Week1,Cottontail,Week1,258.0 Mantua - 144.0 Cottontail
Mantua,Week5,Herndon,Week2,350.0 Mantua - 52.0 Herndon
Mantua,Week1,Cottontail,Week5,263.0 Mantua - 139.0 Cottontail
Mantua,Week5,Orange Hunt,Week4,252.0 Mantua - 150.0 Orange Hunt
Mansion House,Week1,Mantua,Week4,225.0 Mantua - 177.0 Mansion House
Mantua,Week3,South Run,Week1,240.0 Mantua - 153.0 South Run
Mantua,Week2,South Run,Week3,246.0 Mantua - 156.0 South Run
Mansion House,Week2,Mantua,Week2,227.0 Mantua - 175.0 Mansion House
Mantua,Week2,Parklawn,Week5,281.0 Mantua - 120.0 Parklawn
Mansion House,Week1,Mantua,Week3,257.0 Mantua - 145.0 Mansion House
Mantua,Week5,Commonwealth,Week3,313.0 Mantua - 89.0 Commonwealth
Mansion House,Week3,Bren Mar-Edsall Park,Week4,363.0 Mansion House - 39.0 Bren Mar-Edsall Park
Mantua,Week2,Commonwealth,Week5,259.0 Mantua - 142.0 Commonwealth
Mantua,Week2,Herndon,Week2,333.0 Mantua - 69.0 Herndon
Mansion House,Week1,McLean,Week2,270.0 McLean - 132.0 Mansion House
Mansion House,Week3,Bren Mar-Edsall Park,Week2,375.5 Mansion House - 26.5 Bren Mar-Edsall Park
Mansion House,Week1,Brookfield ,Week3,238.0 Mansion House - 164.0 Brookfield
Mansion House,Week5,Villa Aquatic,Week4,229.0 Mansion House - 173.0 Villa Aquatic
Mantua,Week3,South Run,Week4,275.0 Mantua - 127.0 South Run
Mantua,Week5,Herndon,Week1,355.0 Mantua - 47.0 Herndon
Mansion House,Week1,Virginia Hills,Week1,339.0 Mansion House - 63.0 Virginia Hills
Mantua,Week4,Commonwealth,Week2,276.0 Mantua - 126.0 Commonwealth
Mansion House,Week2,Virginia Hills,Week3,336.0 Mansion House - 66.0 Virginia Hills
Mansion House,Week4,Bren Mar-Edsall Park,Week2,350.0 Mansion House - 43.0 Bren Mar-Edsall Park
Mantua,Week4,South Run,Week4,249.0 Mantua - 153.0 South Run
Mantua,Week2,Parklawn,Week1,310.0 Mantua - 83.0 Parklawn
Mansion House,Week5,Mantua,Week3,264.0 Mantua - 138.0 Mansion House
Mantua,Week1,Hiddenbrook,Week1,296.0 Mantua - 106.0 Hiddenbrook
Mantua,Week5,South Run,Week2,266.0 Mantua - 136.0 South Run
Mantua,Week4,Overlee,Week2,303.0 Overlee - 99.0 Mantua
Mantua,Week4,Commonwealth,Week5,283.0 Mantua - 119.0 Commonwealth
Mantua,Week1,Hiddenbrook,Week5,276.0 Mantua - 126.0 Hiddenbrook
Mantua,Week2,Herndon,Week3,333.0 Mantua - 64.0 Herndon
Mantua,Week1,Springboard,Week1,298.0 Mantua - 101.0 Springboard
Mansion House,Week5,Bren Mar-Edsall Park,Week5,359.0 Mansion House - 43.0 Bren Mar-Edsall Park
Mansion House,Week5,Virginia Hills,Week4,358.0 Mansion House - 44.0 Virginia Hills
Mantua,Week3,Parklawn,Week2,332.0 Mantua - 69.0 Parklawn
Mansion House,Week1,McLean,Week4,265.0 McLean - 137.0 Mansion House
Mantua,Week5,South Run,Week1,238.0 Mantua - 155.0 South Run
Mantua,Week3,Commonwealth,Week3,315.0 Mantua - 87.0 Commonwealth
Mansion House,Week1,Virginia Hills,Week4,335.0 Mansion House - 67.0 Virginia Hills
Mansion House,Week1,Brookfield ,Week5,232.0 Mansion House - 170.0 Brookfield
Mansion House,Week5,Bren Mar-Edsall Park,Week2,375.0 Mansion House - 27.0 Bren Mar-Edsall Park
Mansion House,Week2,McLean,Week1,259.0 McLean - 143.0 Mansion House
Mantua,Week3,Parklawn,Week5,325.0 Mantua - 76.0 Parklawn
Mansion House,Week5,Virginia Hills,Week2,358.0 Mansion House - 44.0 Virginia Hills
Mansion House,Week1,Virginia Run,Week1,213.0 Virginia Run - 189.0 Mansion House
Mantua,Week2,Herndon,Week5,335.0 Mantua - 67.0 Herndon
Mantua,Week1,Hiddenbrook,Week4,282.0 Mantua - 119.0 Hiddenbrook
Mantua,Week3,Overlee,Week1,269.0 Overlee - 133.0 Mantua
Mantua,Week3,Commonwealth,Week1,323.0 Mantua - 79.0 Commonwealth
Mansion House,Week2,Mosby Woods,Week3,244.0 Mosby Woods - 158.0 Mansion House
Mansion House,Week2,Mosby Woods,Week2,247.0 Mosby Woods - 155.0 Mansion House
Mansion House,Week3,Bren Mar-Edsall Park,Week3,365.0 Mansion House - 37.0 Bren Mar-Edsall Park
Mansion House,Week2,McLean,Week5,282.0 McLean - 120.0 Mansion House
Mantua,Week1,Parklawn,Week1,309.0 Mantua - 84.0 Parklawn
Mantua,Week1,South Run,Week5,232.0 Mantua - 170.0 South Run
Mantua,Week5,Cottontail,Week2,300.0 Mantua - 102.0 Cottontail
Mantua,Week4,Herndon,Week2,345.0 Mantua - 57.0 Herndon
Mantua,Week4,South Run,Week5,229.0 Mantua - 173.0 South Run
Mantua,Week5,South Run,Week3,256.0 Mantua - 146.0 South Run
Mansion House,Week1,Virginia Hills,Week5,328.0 Mansion House - 74.0 Virginia Hills
Mantua,Week4,Overlee,Week4,349.0 Overlee - 53.0 Mantua
Mantua,Week1,Cottontail,Week4,266.0 Mantua - 136.0 Cottontail
Mantua,Week2,Herndon,Week4,329.0 Mantua - 73.0 Herndon
Mansion House,Week5,Village West,Week4,285.0 Mansion House - 112.0 Village West
Mantua,Week3,Herndon,Week5,363.0 Mantua - 39.0 Herndon
Mansion House,Week1,Virginia Hills,Week2,341.0 Mansion House - 61.0 Virginia Hills
Mansion House,Week4,McLean,Week5,308.0 McLean - 94.0 Mansion House
Mansion House,Week5,McLean,Week2,268.0 McLean - 134.0 Mansion House
Mantua,Week3,Herndon,Week1,360.0 Mantua - 42.0 Herndon
Mansion House,Week2,Brookfield ,Week2,229.5 Mansion House - 172.5 Brookfield
Mansion House,Week4,Bren Mar-Edsall Park,Week1,342.0 Mansion House - 59.0 Bren Mar-Edsall Park
Mantua,Week4,Parklawn,Week1,323.0 Mantua - 70.0 Parklawn
Mansion House,Week5,McLean,Week4,247.5 McLean - 154.5 Mansion House
Mantua,Week2,South Run,Week4,239.0 Mantua - 163.0 South Run
Mantua,Week3,Cottontail,Week1,294.0 Mantua - 108.0 Cottontail
Mantua,Week2,South Run,Week5,216.0 Mantua - 186.0 South Run
Mantua,Week2,South Run,Week2,243.0 Mantua - 154.0 South Run
Mansion House,Week3,Bren Mar-Edsall Park,Week5,359.0 Mansion House - 43.0 Bren Mar-Edsall Park
Mansion House,Week1,Virginia Run,Week3,220.0 Mansion House - 182.0 Virginia Run
Mantua,Week2,Parklawn,Week2,284.0 Mantua - 117.0 Parklawn
Mantua,Week3,Cottontail,Week4,306.0 Mantua - 96.0 Cottontail
Mansion House,Week2,Virginia Hills,Week1,335.0 Mansion House - 66.0 Virginia Hills
Mansion House,Week1,Mosby Woods,Week1,246.0 Mosby Woods - 156.0 Mansion House
Mansion House,Week2,Brookfield ,Week1,210.0 Mansion House - 192.0 Brookfield
Mansion House,Week4,Bren Mar-Edsall Park,Week4,334.0 Mansion House - 59.0 Bren Mar-Edsall Park
Mantua,Week5,Herndon,Week3,352.0 Mantua - 50.0 Herndon
Mantua,Week4,Cottontail,Week3,284.0 Mantua - 118.0 Cottontail
Mantua,Week5,Overlee,Week3,277.0 Overlee - 125.0 Mantua
Mansion House,Week1,Virginia Hills,Week3,339.0 Mansion House - 63.0 Virginia Hills
Mantua,Week1,Springboard,Week3,299.0 Mantua - 101.0 Springboard
Mansion House,Week1,Brookfield ,Week4,217.5 Mansion House - 184.5 Brookfield
Mantua,Week5,Overlee,Week2,297.0 Overlee - 105.0 Mantua
Mantua,Week1,Hiddenbrook,Week3,289.0 Mantua - 112.0 Hiddenbrook
Mansion House,Week3,McLean,Week2,267.0 McLean - 135.0 Mansion House
Mantua,Week1,Herndon,Week5,325.0 Mantua - 76.0 Herndon
Mansion House,Week1,Mosby Woods,Week5,238.0 Mosby Woods - 164.0 Mansion House
Mansion House,Week1,Mosby Woods,Week2,246.0 Mosby Woods - 156.0 Mansion House
Mantua,Week1,Springboard,Week2,330.0 Mantua - 65.0 Springboard
Mantua,Week4,Commonwealth,Week1,313.0 Mantua - 89.0 Commonwealth
Mantua,Week3,Commonwealth,Week2,284.0 Mantua - 118.0 Commonwealth
Mantua,Week3,Overlee,Week3,273.0 Overlee - 129.0 Mantua
Mansion House,Week5,Village West,Week5,283.0 Mansion House - 119.0 Village West
Mansion House,Week2,Brookfield ,Week4,211.0 Mansion House - 191.0 Brookfield
Mantua,Week2,Commonwealth,Week3,276.0 Mantua - 125.0 Commonwealth
Mansion House,Week5,Virginia Hills,Week1,354.0 Mansion House - 48.0 Virginia Hills
Mantua,Week1,Springboard,Week5,304.0 Mantua - 97.0 Springboard
Mansion House,Week5,McLean,Week5,271.0 McLean - 131.0 Mansion House
Mansion House,Week2,Brookfield ,Week3,229.0 Mansion House - 172.0 Brookfield
Mansion House,Week2,Virginia Hills,Week4,343.0 Mansion House - 58.0 Virginia Hills
Mantua,Week5,South Run,Week5,247.0 Mantua - 155.0 South Run
Mantua,Week3,Herndon,Week4,361.0 Mantua - 41.0 Herndon
Mantua,Week5,Overlee,Week4,340.0 Overlee - 62.0 Mantua
Mantua,Week4,Overlee,Week5,341.0 Overlee - 61.0 Mantua
Mansion House,Week4,Bren Mar-Edsall Park,Week5,336.0 Mansion House - 55.0 Bren Mar-Edsall Park
Mantua,Week2,Cottontail,Week3,274.0 Mantua - 128.0 Cottontail
Mantua,Week4,Cottontail,Week1,271.0 Mantua - 131.0 Cottontail
Mansion House,Week4,Virginia Hills,Week5,320.0 Mansion House - 82.0 Virginia Hills
Mantua,Week1,Parklawn,Week2,280.0 Mantua - 121.0 Parklawn
Mansion House,Week5,McLean,Week3,274.0 McLean - 128.0 Mansion House
Mansion House,Week4,Bren Mar-Edsall Park,Week3,340.0 Mansion House - 61.0 Bren Mar-Edsall Park
Mantua,Week1,Hiddenbrook,Week2,308.0 Mantua - 89.0 Hiddenbrook
Mantua,Week4,Herndon,Week1,348.0 Mantua - 54.0 Herndon
Mantua,Week4,Herndon,Week3,346.0 Mantua - 56.0 Herndon
Mansion House,Week4,Virginia Hills,Week2,337.0 Mansion House - 59.0 Virginia Hills
Mantua,Week2,Cottontail,Week2,275.0 Mantua - 127.0 Cottontail
Mantua,Week4,South Run,Week1,232.0 Mantua - 161.0 South Run
Mantua,Week5,Overlee,Week5,322.0 Overlee - 80.0 Mantua
Mansion House,Week4,Annandale,Week4,279.0 Mansion House - 123.0 Annandale
Mantua,Week4,Herndon,Week5,349.0 Mantua - 53.0 Herndon
Mansion House,Week5,Village West,Week2,287.0 Mansion House - 115.0 Village West
Mansion House,Week3,Brookfield ,Week1,222.0 Mansion House - 180.0 Brookfield
Mantua,Week5,Commonwealth,Week5,294.0 Mantua - 108.0 Commonwealth
Mantua,Week1,Parklawn,Week3,297.0 Mantua - 104.0 Parklawn
Mansion House,Week3,Annandale,Week2,293.5 Mansion House - 108.5 Annandale
Mantua,Week5,Herndon,Week5,357.0 Mantua - 45.0 Herndon
Mantua,Week5,Overlee,Week1,287.0 Overlee - 115.0 Mantua
Mansion House,Week2,Mosby Woods,Week1,253.0 Mosby Woods - 149.0 Mansion House
Mansion House,Week3,Brookfield ,Week2,237.0 Mansion House - 165.0 Brookfield
Mantua,Week5,South Run,Week4,267.0 Mantua - 135.0 South Run
Mansion House,Week4,McLean,Week4,287.0 McLean - 115.0 Mansion House
Mansion House,Week2,Virginia Hills,Week5,315.0 Mansion House - 87.0 Virginia Hills
Mantua,Week5,Commonwealth,Week1,329.0 Mantua - 73.0 Commonwealth
Mantua,Week3,South Run,Week5,256.0 Mantua - 146.0 South Run
Mansion House,Week3,Annandale,Week1,312.0 Mansion House - 90.0 Annandale
Mantua,Week1,Springboard,Week4,306.0 Mantua - 90.0 Springboard
Mantua,Week5,Commonwealth,Week4,321.0 Mantua - 81.0 Commonwealth
Mansion House,Week4,McLean,Week1,287.0 McLean - 115.0 Mansion House
Mansion House,Week3,Virginia Hills,Week3,354.0 Mansion House - 48.0 Virginia Hills
Mansion House,Week3,Brookfield ,Week3,251.0 Mansion House - 151.0 Brookfield
Mantua,Week4,Herndon,Week4,343.0 Mantua - 59.0 Herndon
Mansion House,Week5,Annandale,Week3,299.0 Mansion House - 103.0 Annandale
Mansion House,Week3,McLean,Week5,275.0 McLean - 127.0 Mansion House
Mantua,Week1,Parklawn,Week5,281.0 Mantua - 119.0 Parklawn
Mantua,Week2,Commonwealth,Week4,287.0 Mantua - 109.0 Commonwealth
Mantua,Week1,High Point Pool,Week5,223.0 Mantua - 178.0 High Point Pool
Mantua,Week3,Overlee,Week5,327.5 Overlee - 74.5 Mantua
Mansion House,Week1,Arlington Forest,Week3,245.0 Mansion House - 157.0 Arlington Forest
Mantua,Week4,Overlee,Week3,301.0 Overlee - 101.0 Mantua
Mantua,Week4,Commonwealth,Week4,301.0 Mantua - 101.0 Commonwealth
Mantua,Week5,Hiddenbrook,Week5,295.5 Mantua - 106.5 Hiddenbrook
Mantua,Week3,Commonwealth,Week4,319.0 Mantua - 83.0 Commonwealth
Mantua,Week5,Commonwealth,Week2,293.0 Mantua - 109.0 Commonwealth
Mansion House,Week5,Village West,Week3,274.0 Mansion House - 128.0 Village West
Mantua,Week3,South Run,Week2,267.0 Mantua - 135.0 South Run
Mantua,Week1,Parklawn,Week4,270.0 Mantua - 131.0 Parklawn
Mantua,Week2,High Point Pool,Week2,202.5 Mantua - 199.5 High Point Pool
Mantua,Week2,South Run,Week1,218.0 Mantua - 175.0 South Run
Mansion House,Week2,McLean,Week3,280.0 McLean - 117.0 Mansion House
Mansion House,Week4,Annandale,Week1,273.0 Mansion House - 128.0 Annandale
Mansion House,Week4,McLean,Week3,296.5 McLean - 100.5 Mansion House
Mansion House,Week1,Broyhill Crest,Week1,351.0 Mansion House - 51.0 Broyhill Crest
Mansion House,Week2,Broyhill Crest,Week1,343.0 Mansion House - 54.0 Broyhill Crest
Mantua,Week4,South Run,Week2,257.0 Mantua - 145.0 South Run
Mansion House,Week4,Brookfield ,Week2,212.0 Mansion House - 190.0 Brookfield
Mansion House,Week4,Annandale,Week3,260.0 Mansion House - 137.0 Annandale
Mansion House,Week2,Arlington Forest,Week2,224.0 Mansion House - 173.0 Arlington Forest
Mansion House,Week2,McLean,Week4,262.0 McLean - 140.0 Mansion House
Mansion House,Week3,Virginia Hills,Week5,337.0 Mansion House - 65.0 Virginia Hills
Mansion House,Week3,McLean,Week4,259.5 McLean - 142.5 Mansion House
Mansion House,Week3,Virginia Hills,Week4,352.0 Mansion House - 50.0 Virginia Hills
Mantua,Week3,Commonwealth,Week5,304.0 Mantua - 98.0 Commonwealth
Mantua,Week2,Springboard,Week3,311.0 Mantua - 89.0 Springboard
Mantua,Week3,Overlee,Week2,297.0 Overlee - 105.0 Mantua
Mantua,Week4,South Run,Week3,250.0 Mantua - 152.0 South Run
Mansion House,Week3,Broyhill Crest,Week5,344.0 Mansion House - 58.0 Broyhill Crest
Mansion House,Week3,Virginia Hills,Week2,348.0 Mansion House - 54.0 Virginia Hills
Mansion House,Week3,Brookfield ,Week5,219.5 Mansion House - 182.5 Brookfield
Mantua,Week3,Hiddenbrook,Week1,318.0 Mantua - 84.0 Hiddenbrook
Mantua,Week5,Springboard,Week5,336.0 Mantua - 65.0 Springboard
Mantua,Week4,Overlee,Week1,298.0 Overlee - 104.0 Mantua
Mantua,Week2,Cottontail,Week1,254.5 Mantua - 147.5 Cottontail
Mansion House,Week1,Arlington Forest,Week5,215.0 Arlington Forest - 182.0 Mansion House
Mansion House,Week2,McLean,Week2,275.0 McLean - 127.0 Mansion House
Mantua,Week3,High Point Pool,Week3,228.5 Mantua - 173.5 High Point Pool
Mansion House,Week4,Virginia Hills,Week3,331.0 Mansion House - 71.0 Virginia Hills
Mantua,Week3,Springboard,Week3,341.0 Mantua - 60.0 Springboard
Mantua,Week2,Cottontail,Week4,257.0 Mantua - 145.0 Cottontail
Mantua,Week3,Parklawn,Week1,335.0 Mantua - 58.0 Parklawn
Mantua,Week2,Parklawn,Week3,306.0 Mantua - 95.0 Parklawn
Mansion House,Week4,Virginia Hills,Week1,328.0 Mansion House - 74.0 Virginia Hills
Mantua,Week1,Cottontail,Week3,282.0 Mantua - 120.0 Cottontail
Mansion House,Week5,Broyhill Crest,Week2,373.0 Mansion House - 29.0 Broyhill Crest
Mansion House,Week4,McLean,Week2,303.0 McLean - 99.0 Mansion House
Mantua,Week2,Springboard,Week4,314.0 Mantua - 88.0 Springboard
Mantua,Week3,Overlee,Week4,336.0 Overlee - 66.0 Mantua
Mansion House,Week3,Annandale,Week4,307.0 Mansion House - 95.0 Annandale
Mansion House,Week5,Annandale,Week4,308.0 Mansion House - 94.0 Annandale
Mantua,Week1,Cottontail,Week2,270.0 Mantua - 132.0 Cottontail
Mantua,Week2,Hiddenbrook,Week1,298.0 Mantua - 104.0 Hiddenbrook
Mansion House,Week1,Arlington Forest,Week2,229.5 Mansion House - 167.5 Arlington Forest
Mansion House,Week2,Virginia Hills,Week2,337.0 Mansion House - 64.0 Virginia Hills
Mansion House,Week5,Broyhill Crest,Week4,364.0 Mansion House - 38.0 Broyhill Crest
Mansion House,Week5,McLean,Week1,244.0 McLean - 158.0 Mansion House
Mansion House,Week3,McLean,Week1,251.0 McLean - 151.0 Mansion House
Mantua,Week2,High Point Pool,Week5,212.0 Mantua - 190.0 High Point Pool
Mantua,Week3,Springfield,Week1,387.0 Mantua - 15.0 Springfield
Mansion House,Week1,Broyhill Crest,Week2,360.0 Mansion House - 42.0 Broyhill Crest
Mantua,Week2,Parklawn,Week4,276.0 Mantua - 125.0 Parklawn
Mansion House,Week5,Village West,Week1,287.0 Mansion House - 115.0 Village West
Mansion House,Week3,Virginia Hills,Week1,349.0 Mansion House - 53.0 Virginia Hills
Mansion House,Week2,Broyhill Crest,Week5,335.0 Mansion House - 66.0 Broyhill Crest
Mansion House,Week5,Brookfield ,Week2,254.0 Mansion House - 148.0 Brookfield
Mantua,Week1,Springfield,Week2,360.0 Mantua - 25.0 Springfield
Mantua,Week1,High Point Pool,Week1,235.0 Mantua - 167.0 High Point Pool
Mantua,Week3,Hiddenbrook,Week3,310.0 Mantua - 92.0 Hiddenbrook
Mansion House,Week1,Mosby Woods,Week3,238.0 Mosby Woods - 164.0 Mansion House
Mansion House,Week3,Annandale,Week5,297.0 Mansion House - 105.0 Annandale
Mantua,Week2,Cottontail,Week5,253.0 Mantua - 149.0 Cottontail
Mantua,Week4,Hiddenbrook,Week2,315.0 Mantua - 87.0 Hiddenbrook
Mansion House,Week3,Broyhill Crest,Week2,366.0 Mansion House - 35.0 Broyhill Crest
Mansion House,Week4,Annandale,Week2,264.0 Mansion House - 138.0 Annandale
Mantua,Week5,Hiddenbrook,Week1,320.0 Mantua - 82.0 Hiddenbrook
Mantua,Week3,Parklawn,Week3,338.0 Mantua - 63.0 Parklawn
Mantua,Week4,Springboard,Week2,347.0 Mantua - 55.0 Springboard
Mantua,Week3,Cottontail,Week2,298.0 Mantua - 104.0 Cottontail
Mantua,Week2,Springfield,Week1,365.0 Mantua - 35.0 Springfield
Mansion House,Week2,Arlington Forest,Week1,212.0 Mansion House - 190.0 Arlington Forest
Mantua,Week1,Parliament,Week3,264.0 Mantua - 138.0 Parliament
Mansion House,Week1,Mosby Woods,Week4,225.0 Mosby Woods - 177.0 Mansion House
Mantua,Week3,Parklawn,Week4,315.0 Mantua - 85.0 Parklawn
Mansion House,Week5,Virginia Hills,Week3,358.0 Mansion House - 44.0 Virginia Hills
Mansion House,Week5,Broyhill Crest,Week3,370.0 Mansion House - 32.0 Broyhill Crest
Mansion House,Week2,Mosby Woods,Week4,237.0 Mosby Woods - 165.0 Mansion House
Mantua,Week3,Cottontail,Week3,296.5 Mantua - 105.5 Cottontail
Mansion House,Week5,Virginia Hills,Week5,350.0 Mansion House - 52.0 Virginia Hills
Mantua,Week3,Springfield,Week3,383.0 Mantua - 18.0 Springfield
Mansion House,Week4,Virginia Hills,Week4,335.0 Mansion House - 67.0 Virginia Hills
Mansion House,Week4,Broyhill Crest,Week1,335.0 Mansion House - 63.0 Broyhill Crest
Mantua,Week4,Hiddenbrook,Week5,260.0 Mantua - 142.0 Hiddenbrook
Mansion House,Week3,McLean,Week3,274.0 McLean - 128.0 Mansion House
Mansion House,Week5,Annandale,Week5,298.0 Mansion House - 104.0 Annandale
Mansion House,Week5,Brookfield ,Week1,231.0 Mansion House - 171.0 Brookfield
Mansion House,Week2,Wakefield Chapel,Week2,265.0 Wakefield Chapel - 137.0 Mansion House
Mantua,Week4,Parklawn,Week4,297.0 Mantua - 105.0 Parklawn
Mansion House,Week3,Mosby Woods,Week3,217.0 Mosby Woods - 185.0 Mansion House
Mansion House,Week1,Virginia Run,Week2,223.0 Mansion House - 179.0 Virginia Run
Mansion House,Week2,Arlington Forest,Week3,229.5 Mansion House - 171.5 Arlington Forest
Mansion House,Week4,Annandale,Week5,260.0 Mansion House - 142.0 Annandale
Mantua,Week3,Cottontail,Week5,283.0 Mantua - 119.0 Cottontail
Mansion House,Week3,Mosby Woods,Week1,233.3 Mosby Woods - 168.7 Mansion House
Mantua,Week4,Hiddenbrook,Week1,294.0 Mantua - 108.0 Hiddenbrook
Mantua,Week3,Hiddenbrook,Week5,286.0 Mantua - 116.0 Hiddenbrook
Mantua,Week3,Springboard,Week1,339.0 Mantua - 62.0 Springboard
Mansion House,Week2,Mosby Woods,Week5,244.0 Mosby Woods - 158.0 Mansion House
Mantua,Week3,Hiddenbrook,Week4,292.0 Mantua - 110.0 Hiddenbrook
Mansion House,Week1,Virginia Run,Week5,210.0 Virginia Run - 192.0 Mansion House
Mansion House,Week3,Mosby Woods,Week2,230.0 Mosby Woods - 172.0 Mansion House
Mantua,Week4,Hiddenbrook,Week3,286.0 Mantua - 116.0 Hiddenbrook
Mansion House,Week5,Brookfield ,Week5,234.0 Mansion House - 168.0 Brookfield
Mantua,Week2,Hiddenbrook,Week2,301.0 Mantua - 101.0 Hiddenbrook
Mansion House,Week5,Annandale,Week1,301.0 Mansion House - 101.0 Annandale
Mantua,Week1,Parliament,Week4,262.0 Mantua - 133.0 Parliament
Mansion House,Week5,Annandale,Week2,297.0 Mansion House - 105.0 Annandale
Mantua,Week5,Cottontail,Week1,289.0 Mantua - 113.0 Cottontail
Mantua,Week4,Springboard,Week4,325.0 Mantua - 77.0 Springboard
Mansion House,Week2,Virginia Run,Week1,209.0 Virginia Run - 193.0 Mansion House
Mantua,Week3,Parliament,Week1,272.5 Mantua - 129.5 Parliament
Mantua,Week2,Springboard,Week1,312.0 Mantua - 88.0 Springboard
Mantua,Week4,Parliament,Week4,263.0 Mantua - 139.0 Parliament
Mansion House,Week1,Broyhill Crest,Week4,348.5 Mansion House - 53.5 Broyhill Crest
Mantua,Week4,Cottontail,Week4,286.0 Mantua - 116.0 Cottontail
Mantua,Week4,Cottontail,Week2,281.0 Mantua - 121.0 Cottontail
Mansion House,Week5,Brookfield ,Week4,226.0 Mansion House - 176.0 Brookfield
Mantua,Week4,Cottontail,Week5,255.0 Mantua - 147.0 Cottontail
Mantua,Week2,Springboard,Week2,340.0 Mantua - 55.0 Springboard
Mantua,Week1,Parliament,Week1,242.0 Mantua - 150.0 Parliament
Mantua,Week1,Springfield,Week1,356.0 Mantua - 34.0 Springfield
Mansion House,Week2,Virginia Run,Week5,224.0 Virginia Run - 178.0 Mansion House
Mantua,Week4,Country Club Hills,Week4,286.0 Mantua - 116.0 Country Club Hills
Mantua,Week3,Country Club Hills,Week5,279.0 Mantua - 123.0 Country Club Hills
Mantua,Week5,Parklawn,Week2,311.0 Mantua - 90.0 Parklawn
Mansion House,Week1,Arlington Forest,Week1,225.0 Mansion House - 177.0 Arlington Forest
Mantua,Week1,Parliament,Week5,264.0 Mantua - 128.0 Parliament
Mantua,Week1,Springfield,Week5,366.0 Mantua - 24.0 Springfield
Mantua,Week1,Parliament,Week2,263.0 Mantua - 130.0 Parliament
Mansion House,Week5,Mosby Woods,Week2,253.0 Mosby Woods - 149.0 Mansion House
Mansion House,Week2,Annandale,Week3,260.0 Mansion House - 137.0 Annandale
Mantua,Week4,Hiddenbrook,Week4,269.0 Mantua - 133.0 Hiddenbrook
Mansion House,Week5,Sideburn Run,Week3,239.0 Mansion House - 163.0 Sideburn Run
Mansion House,Week3,Mosby Woods,Week4,204.0 Mosby Woods - 198.0 Mansion House
Mansion House,Week1,Arlington Forest,Week4,210.0 Mansion House - 192.0 Arlington Forest
Mansion House,Week3,Annandale,Week3,291.0 Mansion House - 111.0 Annandale
Mantua,Week4,Parklawn,Week5,310.0 Mantua - 92.0 Parklawn
Mansion House,Week4,Brookfield ,Week4,201.0 Brookfield - 201.0 Mansion House
Mantua,Week5,Hiddenbrook,Week3,315.0 Mantua - 87.0 Hiddenbrook
Mantua,Week4,Country Club Hills,Week1,282.0 Mantua - 120.0 Country Club Hills
Mantua,Week2,Hiddenbrook,Week4,281.0 Mantua - 121.0 Hiddenbrook
Mansion House,Week5,Virginia Run,Week4,212.0 Mansion House - 190.0 Virginia Run
Mansion House,Week4,Broyhill Crest,Week2,344.0 Mansion House - 57.0 Broyhill Crest
Mansion House,Week5,Sideburn Run,Week1,235.0 Mansion House - 167.0 Sideburn Run
Mantua,Week5,Hiddenbrook,Week2,333.0 Mantua - 69.0 Hiddenbrook
Mansion House,Week5,Brookfield ,Week3,249.0 Mansion House - 153.0 Brookfield
Mansion House,Week3,Virginia Run,Week4,229.0 Mansion House - 173.0 Virginia Run
Mansion House,Week5,Mosby Woods,Week1,249.0 Mosby Woods - 153.0 Mansion House
Mansion House,Week3,Sleepy Hollow B & R,Week3,219.0 Mansion House - 183.0 Sleepy Hollow B & R
Mansion House,Week1,Broyhill Crest,Week3,356.0 Mansion House - 41.0 Broyhill Crest
Mantua,Week2,Springboard,Week5,299.0 Mantua - 102.0 Springboard
Mansion House,Week3,Mosby Woods,Week5,228.0 Mosby Woods - 174.0 Mansion House
Mantua,Week2,Springfield,Week2,370.0 Mantua - 27.0 Springfield
Mantua,Week1,Springfield,Week4,356.0 Mantua - 34.0 Springfield
Mansion House,Week4,Sideburn Run,Week1,223.0 Mansion House - 179.0 Sideburn Run
Mansion House,Week4,Brookfield ,Week5,212.0 Mansion House - 190.0 Brookfield
Mantua,Week2,Country Club Hills,Week4,260.0 Mantua - 142.0 Country Club Hills
Mansion House,Week1,Wakefield Chapel,Week5,286.0 Wakefield Chapel - 116.0 Mansion House
Mansion House,Week1,Wakefield Chapel,Week3,287.0 Wakefield Chapel - 115.0 Mansion House
Mantua,Week1,High Point Pool,Week2,204.0 Mantua - 198.0 High Point Pool
Mansion House,Week2,Annandale,Week5,279.0 Mansion House - 123.0 Annandale
Mantua,Week3,Hiddenbrook,Week2,330.0 Mantua - 72.0 Hiddenbrook
Mansion House,Week1,Sleepy Hollow B & R,Week5,231.0 Sleepy Hollow B & R - 171.0 Mansion House
Mantua,Week3,Parliament,Week3,288.0 Mantua - 114.0 Parliament
Mansion House,Week1,Mount Vernon Park,Week2,213.0 Mount Vernon Park - 189.0 Mansion House
Mansion House,Week1,Wakefield Chapel,Week1,279.0 Wakefield Chapel - 123.0 Mansion House
Mansion House,Week2,Annandale,Week4,292.0 Mansion House - 110.0 Annandale
Mansion House,Week5,Sideburn Run,Week2,259.0 Mansion House - 143.0 Sideburn Run
Mansion House,Week4,Virginia Run,Week1,226.5 Virginia Run - 175.5 Mansion House
Mansion House,Week3,Sideburn Run,Week5,234.0 Mansion House - 168.0 Sideburn Run
Mantua,Week4,Country Club Hills,Week5,271.0 Mantua - 131.0 Country Club Hills
Mantua,Week2,Parliament,Week1,232.0 Mantua - 166.0 Parliament
Mantua,Week5,Hiddenbrook,Week4,308.0 Mantua - 94.0 Hiddenbrook
Mantua,Week2,Springfield,Week3,362.0 Mantua - 28.0 Springfield
Mantua,Week3,Springboard,Week5,335.0 Mantua - 66.0 Springboard
Mantua,Week5,Springboard,Week3,344.0 Mantua - 57.0 Springboard
Mansion House,Week1,Mount Vernon Park,Week3,223.0 Mount Vernon Park - 179.0 Mansion House
Mantua,Week4,Parliament,Week1,248.0 Mantua - 154.0 Parliament
Mansion House,Week2,Broyhill Crest,Week4,340.0 Mansion House - 62.0 Broyhill Crest
Mansion House,Week1,Wakefield Chapel,Week2,277.0 Wakefield Chapel - 125.0 Mansion House
Mansion House,Week2,Mount Vernon Park,Week3,234.0 Mount Vernon Park - 168.0 Mansion House
Mantua,Week5,Cottontail,Week3,296.0 Mantua - 106.0 Cottontail
Mantua,Week5,Cottontail,Week4,286.0 Mantua - 116.0 Cottontail
Mansion House,Week2,Broyhill Crest,Week3,355.0 Mansion House - 41.0 Broyhill Crest
Mansion House,Week5,Sideburn Run,Week5,243.0 Mansion House - 159.0 Sideburn Run
Mantua,Week2,Country Club Hills,Week5,253.0 Mantua - 149.0 Country Club Hills
Mansion House,Week5,Mosby Woods,Week4,227.0 Mosby Woods - 175.0 Mansion House
Mansion House,Week2,Mount Vernon Park,Week5,246.0 Mount Vernon Park - 155.0 Mansion House
Mansion House,Week4,Broyhill Crest,Week5,319.0 Mansion House - 82.0 Broyhill Crest
Mansion House,Week2,Virginia Run,Week3,204.5 Mansion House - 197.5 Virginia Run
Mantua,Week1,High Point Pool,Week3,230.0 Mantua - 172.0 High Point Pool
Mantua,Week5,Country Club Hills,Week1,306.0 Mantua - 96.0 Country Club Hills
Mansion House,Week2,Mount Vernon Park,Week4,232.0 Mount Vernon Park - 170.0 Mansion House
Mansion House,Week3,Broyhill Crest,Week4,357.0 Mansion House - 45.0 Broyhill Crest
Mansion House,Week2,Mount Vernon Park,Week2,231.0 Mount Vernon Park - 171.0 Mansion House
Mantua,Week3,Country Club Hills,Week1,318.0 Mantua - 84.0 Country Club Hills
Mansion House,Week4,Sideburn Run,Week2,227.0 Mansion House - 175.0 Sideburn Run
Mantua,Week4,Parliament,Week5,261.0 Mantua - 141.0 Parliament
Mansion House,Week3,Broyhill Crest,Week1,357.0 Mansion House - 44.0 Broyhill Crest
Mantua,Week3,Springboard,Week4,343.0 Mantua - 59.0 Springboard
Mantua,Week2,Hiddenbrook,Week3,282.0 Mantua - 115.0 Hiddenbrook
Mantua,Week5,Springboard,Week1,346.0 Mantua - 55.0 Springboard
Mansion House,Week1,Wakefield Chapel,Week4,265.0 Wakefield Chapel - 137.0 Mansion House
Mansion House,Week1,Virginia Run,Week4,205.0 Mansion House - 197.0 Virginia Run
Mantua,Week1,High Point Pool,Week4,212.0 Mantua - 190.0 High Point Pool
Mansion House,Week4,Broyhill Crest,Week4,343.0 Mansion House - 58.0 Broyhill Crest
Mansion House,Week4,Sleepy Hollow B & R,Week4,221.0 Sleepy Hollow B & R - 181.0 Mansion House
Mantua,Week1,Country Club Hills,Week4,263.0 Mantua - 139.0 Country Club Hills
Mantua,Week4,Springboard,Week1,327.0 Mantua - 75.0 Springboard
Mansion House,Week2,Sleepy Hollow B & R,Week2,210.0 Sleepy Hollow B & R - 192.0 Mansion House
Mantua,Week1,Country Club Hills,Week5,246.0 Mantua - 156.0 Country Club Hills
Mantua,Week4,Springboard,Week3,324.0 Mantua - 78.0 Springboard
Mansion House,Week3,Sleepy Hollow B & R,Week1,236.0 Mansion House - 166.0 Sleepy Hollow B & R
Mansion House,Week2,Broyhill Crest,Week2,345.0 Mansion House - 57.0 Broyhill Crest
Mantua,Week2,Parliament,Week4,258.0 Mantua - 143.0 Parliament
Mantua,Week3,Parliament,Week2,295.0 Mantua - 107.0 Parliament
Mantua,Week2,Hiddenbrook,Week5,257.0 Mantua - 145.0 Hiddenbrook
Mantua,Week4,Stratford,Week5,295.5 Mantua - 106.5 Stratford
Mansion House,Week1,Mount Vernon Park,Week4,207.0 Mount Vernon Park - 195.0 Mansion House
Mansion House,Week2,Wakefield Chapel,Week1,280.0 Wakefield Chapel - 122.0 Mansion House
Mansion House,Week5,Virginia Run,Week3,222.0 Mansion House - 180.0 Virginia Run
Mantua,Week4,Parklawn,Week2,314.0 Mantua - 88.0 Parklawn
Mantua,Week5,Parklawn,Week5,319.0 Mantua - 82.0 Parklawn
Mantua,Week2,Parliament,Week5,254.0 Mantua - 144.0 Parliament
Mansion House,Week1,Broyhill Crest,Week5,339.0 Mansion House - 63.0 Broyhill Crest
Mansion House,Week4,Virginia Run,Week3,208.0 Virginia Run - 194.0 Mansion House
Mansion House,Week3,Broyhill Crest,Week3,365.0 Mansion House - 37.0 Broyhill Crest
Mantua,Week5,Springboard,Week2,363.0 Mantua - 38.0 Springboard
Mantua,Week2,High Point Pool,Week1,220.0 Mantua - 182.0 High Point Pool
Mansion House,Week5,Sleepy Hollow B & R,Week5,232.0 Sleepy Hollow B & R - 170.0 Mansion House
Mansion House,Week2,Virginia Run,Week2,216.0 Mansion House - 186.0 Virginia Run
Mansion House,Week1,Burke Station,Week4,291.0 Mansion House - 106.0 Burke Station
Mantua,Week4,Springboard,Week5,326.0 Mantua - 76.0 Springboard
Mantua,Week3,Springboard,Week2,363.0 Mantua - 38.0 Springboard
Mantua,Week2,High Point Pool,Week3,216.0 Mantua - 186.0 High Point Pool
Mantua,Week3,High Point Pool,Week1,240.0 Mantua - 162.0 High Point Pool
Mantua,Week5,Parklawn,Week1,328.0 Mantua - 65.0 Parklawn
Mansion House,Week5,Broyhill Crest,Week1,359.0 Mansion House - 43.0 Broyhill Crest
Mantua,Week3,Parliament,Week4,294.0 Mantua - 108.0 Parliament
Mantua,Week3,High Point Pool,Week2,213.0 Mantua - 189.0 High Point Pool
Mansion House,Week4,Mosby Woods,Week3,253.0 Mosby Woods - 149.0 Mansion House
Mantua,Week5,Stratford,Week4,304.0 Mantua - 98.0 Stratford
Mantua,Week1,Springfield,Week3,358.0 Mantua - 30.0 Springfield
Mansion House,Week2,Sleepy Hollow B & R,Week5,236.0 Sleepy Hollow B & R - 166.0 Mansion House
Mantua,Week2,High Point Pool,Week4,211.0 Mantua - 191.0 High Point Pool
Mantua,Week5,Cottontail,Week5,274.0 Mantua - 128.0 Cottontail
Mansion House,Week5,Sideburn Run,Week4,243.0 Mansion House - 159.0 Sideburn Run
Mantua,Week3,Country Club Hills,Week2,318.0 Mantua - 84.0 Country Club Hills
Mansion House,Week4,Broyhill Crest,Week3,345.0 Mansion House - 52.0 Broyhill Crest
Mantua,Week1,Country Club Hills,Week1,275.0 Mantua - 127.0 Country Club Hills
Mansion House,Week3,Mount Vernon Park,Week1,211.0 Mount Vernon Park - 191.0 Mansion House
Mantua,Week5,Springboard,Week4,338.0 Mantua - 64.0 Springboard
Mantua,Week2,Parliament,Week2,261.0 Mantua - 141.0 Parliament
Mansion House,Week4,Mosby Woods,Week5,265.0 Mosby Woods - 137.0 Mansion House
Mantua,Week2,Country Club Hills,Week1,270.0 Mantua - 132.0 Country Club Hills
Mansion House,Week5,Mosby Woods,Week3,240.0 Mosby Woods - 162.0 Mansion House
Mansion House,Week3,Sleepy Hollow B & R,Week2,219.0 Mansion House - 183.0 Sleepy Hollow B & R
Mansion House,Week4,Virginia Run,Week4,214.0 Virginia Run - 188.0 Mansion House
Mansion House,Week4,Virginia Run,Week5,225.0 Virginia Run - 177.0 Mansion House
Mantua,Week2,Springfield,Week5,375.0 Mantua - 24.0 Springfield
Mantua,Week3,Country Club Hills,Week4,310.0 Mantua - 92.0 Country Club Hills
Mansion House,Week2,Sleepy Hollow B & R,Week3,206.0 Sleepy Hollow B & R - 196.0 Mansion House
Mansion House,Week3,Virginia Run,Week1,207.0 Mansion House - 195.0 Virginia Run
Mantua,Week5,Stratford,Week3,321.0 Mantua - 81.0 Stratford
Mansion House,Week4,Mosby Woods,Week1,263.0 Mosby Woods - 139.0 Mansion House
Mantua,Week4,Parklawn,Week3,331.0 Mantua - 71.0 Parklawn
Mansion House,Week1,Mount Vernon Park,Week1,217.5 Mount Vernon Park - 184.5 Mansion House
Mantua,Week3,Country Club Hills,Week3,319.0 Mantua - 83.0 Country Club Hills
Mantua,Week4,Parliament,Week2,279.0 Mantua - 123.0 Parliament
Mantua,Week2,Springfield,Week4,365.5 Mantua - 34.5 Springfield
Mantua,Week3,Parliament,Week5,290.0 Mantua - 112.0 Parliament
Mansion House,Week3,Virginia Run,Week2,230.0 Mansion House - 172.0 Virginia Run
Mantua,Week5,Stratford,Week2,314.0 Mantua - 88.0 Stratford
Mansion House,Week3,Virginia Run,Week3,226.0 Mansion House - 176.0 Virginia Run
Mansion House,Week3,Burke Station,Week3,285.0 Mansion House - 112.0 Burke Station
Mantua,Week5,High Point Pool,Week3,250.0 Mantua - 152.0 High Point Pool
Mansion House,Week4,Burke Station,Week4,270.5 Mansion House - 125.5 Burke Station
Mantua,Week5,High Point Pool,Week2,238.0 Mantua - 164.0 High Point Pool
Mantua,Week5,Stratford,Week1,322.0 Mantua - 80.0 Stratford
Mantua,Week1,Country Club Hills,Week3,273.0 Mantua - 129.0 Country Club Hills
Mansion House,Week3,Sideburn Run,Week4,233.0 Mansion House - 169.0 Sideburn Run
Mantua,Week3,Highland Park,Week4,274.0 Mantua - 128.0 Highland Park
Mansion House,Week1,Sleepy Hollow B & R,Week1,222.0 Mansion House - 180.0 Sleepy Hollow B & R
Mansion House,Week3,Mount Vernon Park,Week2,212.5 Mount Vernon Park - 189.5 Mansion House
Mantua,Week4,High Point Pool,Week5,206.0 High Point Pool - 196.0 Mantua
Mansion House,Week1,Mount Vernon Park,Week5,244.0 Mount Vernon Park - 158.0 Mansion House
Mantua,Week3,Springfield,Week2,385.0 Mantua - 17.0 Springfield
Mantua,Week5,High Point Pool,Week1,253.0 Mantua - 149.0 High Point Pool
Mansion House,Week5,Virginia Run,Week1,203.5 Mansion House - 198.5 Virginia Run
Mantua,Week1,Highland Park,Week5,239.0 Mantua - 163.0 Highland Park
Mansion House,Week2,Burke Station,Week5,258.0 Mansion House - 139.0 Burke Station
Mantua,Week1,Country Club Hills,Week2,274.0 Mantua - 128.0 Country Club Hills
Mansion House,Week5,Virginia Run,Week2,211.0 Mansion House - 191.0 Virginia Run
Mantua,Week2,Country Club Hills,Week3,264.0 Mantua - 138.0 Country Club Hills
Mansion House,Week2,Virginia Run,Week4,201.0 Mansion House - 201.0 Virginia Run
Mansion House,Week1,Sleepy Hollow B & R,Week3,207.0 Mansion House - 195.0 Sleepy Hollow B & R
Mantua,Week5,Parklawn,Week3,334.0 Mantua - 67.0 Parklawn
Mansion House,Week3,Sideburn Run,Week3,233.0 Mansion House - 169.0 Sideburn Run
Mantua,Week4,Country Club Hills,Week3,299.0 Mantua - 103.0 Country Club Hills
Mansion House,Week1,Camelot,Week4,246.0 Mansion House - 156.0 Camelot
Mantua,Week2,Parliament,Week3,258.0 Mantua - 144.0 Parliament
Mansion House,Week3,Sideburn Run,Week2,259.0 Mansion House - 143.0 Sideburn Run
Mansion House,Week1,Burke Station,Week3,258.0 Mansion House - 134.0 Burke Station
Mansion House,Week5,Mosby Woods,Week5,224.0 Mosby Woods - 178.0 Mansion House
Mansion House,Week5,Virginia Run,Week5,208.5 Virginia Run - 193.5 Mansion House
Mantua,Week3,Springfield,Week5,387.0 Mantua - 15.0 Springfield
Mantua,Week4,Parliament,Week3,257.0 Mantua - 145.0 Parliament
Mantua,Week2,Stratford,Week4,270.0 Mantua - 132.0 Stratford
Mansion House,Week2,Mount Vernon Park,Week1,223.0 Mount Vernon Park - 174.0 Mansion House
Mantua,Week4,Springfield,Week3,381.0 Mantua - 21.0 Springfield
Mansion House,Week4,Mosby Woods,Week4,252.0 Mosby Woods - 150.0 Mansion House
Mansion House,Week2,Camelot,Week2,241.0 Mansion House - 160.0 Camelot
Mantua,Week5,Springfield,Week2,388.0 Mantua - 13.0 Springfield
Mansion House,Week3,Virginia Run,Week5,208.0 Mansion House - 194.0 Virginia Run
Mantua,Week4,High Point Pool,Week1,221.0 Mantua - 181.0 High Point Pool
Mantua,Week5,Parklawn,Week4,306.0 Mantua - 95.0 Parklawn
Mansion House,Week4,Mosby Woods,Week2,271.0 Mosby Woods - 131.0 Mansion House
Mansion House,Week5,Burke Station,Week5,281.0 Mansion House - 121.0 Burke Station
Mansion House,Week4,Sideburn Run,Week5,216.0 Mansion House - 186.0 Sideburn Run
Mantua,Week4,Country Club Hills,Week2,292.0 Mantua - 110.0 Country Club Hills
Mantua,Week2,Country Club Hills,Week2,276.0 Mantua - 126.0 Country Club Hills
Mansion House,Week4,Sideburn Run,Week4,221.0 Mansion House - 181.0 Sideburn Run
Mansion House,Week2,Sleepy Hollow B & R,Week1,204.0 Mansion House - 198.0 Sleepy Hollow B & R
Mantua,Week3,Springfield,Week4,385.0 Mantua - 17.0 Springfield
Mansion House,Week2,Burke Station,Week2,289.0 Mansion House - 104.0 Burke Station
Mansion House,Week3,Burke Station,Week1,246.0 Mansion House - 132.0 Burke Station
Mantua,Week5,High Point Pool,Week5,248.0 Mantua - 154.0 High Point Pool
Mantua,Week5,Parliament,Week5,281.0 Mantua - 120.0 Parliament
Mantua,Week5,Parliament,Week1,267.0 Mantua - 134.0 Parliament
Mansion House,Week2,Wakefield Chapel,Week3,272.0 Wakefield Chapel - 130.0 Mansion House
Mansion House,Week2,Wakefield Chapel,Week4,264.5 Wakefield Chapel - 137.5 Mansion House
Mantua,Week3,High Point Pool,Week4,235.0 Mantua - 167.0 High Point Pool
Mansion House,Week4,Wakefield Chapel,Week4,279.0 Wakefield Chapel - 123.0 Mansion House
Mantua,Week1,Crosspointe,Week5,238.0 Crosspointe - 164.0 Mantua
Mantua,Week5,Crosspointe,Week4,211.0 Mantua - 191.0 Crosspointe
Mansion House,Week1,Burke Station,Week5,264.0 Mansion House - 133.0 Burke Station
Mantua,Week1,Pinecrest,Week4,232.0 Pinecrest - 170.0 Mantua
Mantua,Week4,Highland Park,Week1,222.0 Mantua - 180.0 Highland Park
Mantua,Week2,Crosspointe,Week2,201.0 Crosspointe - 201.0 Mantua
Mantua,Week2,Highland Park,Week2,208.0 Mantua - 194.0 Highland Park
Mantua,Week2,Highland Park,Week5,224.0 Mantua - 178.0 Highland Park
Mantua,Week4,Stratford,Week1,310.0 Mantua - 92.0 Stratford
Mansion House,Week3,Burke Station,Week2,302.0 Mansion House - 99.0 Burke Station
Mansion House,Week1,Sleepy Hollow B & R,Week4,213.0 Sleepy Hollow B & R - 189.0 Mansion House
Mansion House,Week3,Wakefield Chapel,Week1,262.0 Wakefield Chapel - 140.0 Mansion House
Mantua,Week4,Springfield,Week5,388.0 Mantua - 14.0 Springfield
Mantua,Week4,Stratford,Week2,299.0 Mantua - 103.0 Stratford
Mantua,Week5,High Point Pool,Week4,237.0 Mantua - 165.0 High Point Pool
Mantua,Week5,Parliament,Week2,288.0 Mantua - 114.0 Parliament
Mansion House,Week4,Sideburn Run,Week3,210.0 Mansion House - 192.0 Sideburn Run
Mantua,Week5,Parliament,Week3,287.0 Mantua - 115.0 Parliament
Mansion House,Week1,Sleepy Hollow B & R,Week2,211.0 Mansion House - 191.0 Sleepy Hollow B & R
Mansion House,Week4,Virginia Run,Week2,206.0 Virginia Run - 191.0 Mansion House
Mantua,Week5,Parliament,Week4,287.0 Mantua - 115.0 Parliament
Mantua,Week5,Country Club Hills,Week4,302.0 Mantua - 100.0 Country Club Hills
Mansion House,Week2,Burke Station,Week4,278.0 Mansion House - 119.0 Burke Station
Mansion House,Week2,Sleepy Hollow B & R,Week4,213.0 Sleepy Hollow B & R - 189.0 Mansion House
Mantua,Week2,Stratford,Week1,292.5 Mantua - 109.5 Stratford
Mantua,Week5,Country Club Hills,Week5,292.0 Mantua - 110.0 Country Club Hills
Mantua,Week1,Daventry,Week3,324.0 Mantua - 76.0 Daventry
Mantua,Week4,Highland Park,Week4,238.0 Mantua - 164.0 Highland Park
Mansion House,Week5,Broyhill Crest,Week5,357.0 Mansion House - 45.0 Broyhill Crest
Mantua,Week5,Pinecrest,Week3,211.0 Pinecrest - 191.0 Mantua
Mansion House,Week4,Burke Station,Week1,220.0 Mansion House - 158.0 Burke Station
Mantua,Week1,Crosspointe,Week1,230.0 Crosspointe - 172.0 Mantua
Mantua,Week1,Stratford,Week5,291.0 Mantua - 110.0 Stratford
Mantua,Week2,Pinecrest,Week4,238.0 Pinecrest - 164.0 Mantua
Mansion House,Week3,Walden Glen,Week2,263.0 Mansion House - 139.0 Walden Glen
Mantua,Week3,Crosspointe,Week4,221.5 Mantua - 180.5 Crosspointe
Mantua,Week3,Stratford,Week1,330.0 Mantua - 72.0 Stratford
Mansion House,Week1,Walden Glen,Week4,247.0 Mansion House - 150.0 Walden Glen
Mantua,Week2,Highland Park,Week1,215.0 Mantua - 187.0 Highland Park
Mantua,Week5,Springfield,Week1,383.0 Mantua - 19.0 Springfield
Mantua,Week1,Pinewood Lake,Week3,365.0 Mantua - 26.0 Pinewood Lake
Mantua,Week3,Stratford,Week4,323.0 Mantua - 79.0 Stratford
Mansion House,Week5,Burke Station,Week2,311.0 Mansion House - 91.0 Burke Station
Mantua,Week2,Crosspointe,Week1,218.0 Crosspointe - 184.0 Mantua
Mansion House,Week3,Sleepy Hollow B & R,Week5,214.0 Sleepy Hollow B & R - 188.0 Mansion House
Mansion House,Week4,Sleepy Hollow B & R,Week1,207.0 Sleepy Hollow B & R - 195.0 Mansion House
Mansion House,Week3,Sleepy Hollow B & R,Week4,210.0 Mansion House - 192.0 Sleepy Hollow B & R
Mansion House,Week2,Walden Glen,Week1,265.0 Mansion House - 132.0 Walden Glen
Mansion House,Week4,Burke Station,Week3,252.0 Mansion House - 139.0 Burke Station
Mantua,Week5,Stratford,Week5,314.0 Mantua - 88.0 Stratford
Mantua,Week1,Highland Park,Week3,249.0 Mantua - 153.0 Highland Park
Mansion House,Week4,Wakefield Chapel,Week3,296.5 Wakefield Chapel - 105.5 Mansion House
Mantua,Week4,Crosspointe,Week5,249.0 Crosspointe - 153.0 Mantua
Mantua,Week2,Highland Park,Week3,243.0 Mantua - 159.0 Highland Park
Mantua,Week5,Crosspointe,Week3,210.0 Mantua - 192.0 Crosspointe
Mansion House,Week5,Sleepy Hollow B & R,Week3,202.0 Sleepy Hollow B & R - 200.0 Mansion House
Mansion House,Week5,Burke Station,Week4,302.0 Mansion House - 100.0 Burke Station
Mansion House,Week5,Sleepy Hollow B & R,Week1,225.0 Mansion House - 177.0 Sleepy Hollow B & R
Mantua,Week5,Springfield,Week5,395.0 Mantua - 7.0 Springfield
Mansion House,Week1,Walden Glen,Week3,259.0 Mansion House - 143.0 Walden Glen
Mansion House,Week3,Burke Station,Week4,293.0 Mansion House - 109.0 Burke Station
Mantua,Week1,Pinecrest,Week1,224.0 Pinecrest - 178.0 Mantua
Mansion House,Week3,Walden Glen,Week5,248.0 Mansion House - 154.0 Walden Glen
Mansion House,Week2,Wakefield Chapel,Week5,294.0 Wakefield Chapel - 108.0 Mansion House
Mantua,Week2,Crosspointe,Week3,210.0 Crosspointe - 187.0 Mantua
Mantua,Week1,Pinewood Lake,Week4,360.0 Mantua - 35.0 Pinewood Lake
Mansion House,Week4,Sleepy Hollow B & R,Week5,225.0 Sleepy Hollow B & R - 177.0 Mansion House
Mansion House,Week2,Walden Glen,Week3,251.0 Mansion House - 151.0 Walden Glen
Mantua,Week3,Highland Park,Week1,251.0 Mantua - 151.0 Highland Park
Mantua,Week4,Springfield,Week2,386.0 Mantua - 16.0 Springfield
Mantua,Week4,Pinecrest,Week4,235.0 Pinecrest - 167.0 Mantua
Mansion House,Week1,Camelot,Week2,247.5 Mansion House - 154.5 Camelot
Mantua,Week2,Pinewood Lake,Week2,378.5 Mantua - 13.5 Pinewood Lake
Mansion House,Week4,Sleepy Hollow B & R,Week3,221.0 Sleepy Hollow B & R - 181.0 Mansion House
Mansion House,Week5,Sleepy Hollow B & R,Week2,216.0 Mansion House - 186.0 Sleepy Hollow B & R
Mantua,Week4,Stratford,Week3,310.0 Mantua - 92.0 Stratford
Mantua,Week1,Highland Park,Week1,243.0 Mantua - 159.0 Highland Park
Mantua,Week3,High Point Pool,Week5,235.5 Mantua - 166.5 High Point Pool
Mantua,Week1,Highland Park,Week4,238.5 Mantua - 163.5 Highland Park
Mantua,Week4,High Point Pool,Week4,204.0 High Point Pool - 198.0 Mantua
Mantua,Week2,Stratford,Week3,296.5 Mantua - 105.5 Stratford
Mansion House,Week4,Sleepy Hollow B & R,Week2,210.0 Sleepy Hollow B & R - 192.0 Mansion House
Mansion House,Week4,Wakefield Chapel,Week2,285.0 Wakefield Chapel - 117.0 Mansion House
Mantua,Week2,Crosspointe,Week4,211.0 Crosspointe - 191.0 Mantua
Mansion House,Week5,Burke Station,Week1,257.0 Mansion House - 122.0 Burke Station
Mantua,Week4,Pinecrest,Week1,213.0 Pinecrest - 189.0 Mantua
Mantua,Week1,Stratford,Week2,297.0 Mantua - 100.0 Stratford
Mantua,Week4,Crosspointe,Week1,226.0 Crosspointe - 176.0 Mantua
Mansion House,Week1,Camelot,Week3,264.0 Mansion House - 138.0 Camelot
Mantua,Week1,Pinecrest,Week3,223.0 Pinecrest - 179.0 Mantua
Mantua,Week4,Crosspointe,Week4,212.0 Crosspointe - 190.0 Mantua
Mansion House,Week2,Burke Station,Week3,260.0 Mansion House - 131.0 Burke Station
Mantua,Week5,Pinecrest,Week1,205.0 Pinecrest - 197.0 Mantua
Mansion House,Week1,Camelot,Week5,256.0 Mansion House - 146.0 Camelot
Mantua,Week1,Pinecrest,Week5,221.0 Pinecrest - 181.0 Mantua
Mantua,Week5,Crosspointe,Week1,201.0 Crosspointe - 201.0 Mantua
Mantua,Week5,Springfield,Week3,381.0 Mantua - 19.0 Springfield
Mansion House,Week4,Burke Station,Week2,287.0 Mansion House - 108.0 Burke Station
Mantua,Week4,Springfield,Week1,380.0 Mantua - 22.0 Springfield
Mansion House,Week3,Walden Glen,Week3,279.0 Mansion House - 123.0 Walden Glen
Mantua,Week4,Crosspointe,Week2,201.0 Crosspointe - 201.0 Mantua
Mansion House,Week3,Sleepy Hollow Rec,Week1,286.0 Mansion House - 116.0 Sleepy Hollow Rec
Mantua,Week4,Stratford,Week4,305.0 Mantua - 97.0 Stratford
Mansion House,Week5,Sleepy Hollow B & R,Week4,203.0 Mansion House - 199.0 Sleepy Hollow B & R
Mantua,Week3,Highland Park,Week2,271.0 Mantua - 131.0 Highland Park
Mantua,Week2,Highland Park,Week4,221.0 Mantua - 181.0 Highland Park
Mansion House,Week1,Walden Glen,Week2,245.0 Mansion House - 152.0 Walden Glen
Mansion House,Week1,Sleepy Hollow Rec,Week4,292.0 Mansion House - 110.0 Sleepy Hollow Rec
Mansion House,Week3,Walden Glen,Week1,291.0 Mansion House - 111.0 Walden Glen
Mantua,Week3,Highland Park,Week3,265.0 Mantua - 137.0 Highland Park
Mansion House,Week3,Sleepy Hollow Rec,Week2,302.0 Mansion House - 100.0 Sleepy Hollow Rec
Mantua,Week4,Pinecrest,Week5,235.0 Pinecrest - 167.0 Mantua
Mansion House,Week3,Sleepy Hollow Rec,Week3,272.0 Mansion House - 130.0 Sleepy Hollow Rec
Mantua,Week2,Crosspointe,Week5,247.0 Crosspointe - 155.0 Mantua
Mantua,Week3,Stratford,Week2,323.0 Mantua - 79.0 Stratford
Mantua,Week4,High Point Pool,Week2,214.0 High Point Pool - 188.0 Mantua
Mantua,Week2,Pinecrest,Week1,240.0 Pinecrest - 162.0 Mantua
Mansion House,Week1,Burke Station,Week1,241.0 Mansion House - 137.0 Burke Station
Mansion House,Week1,Burke Station,Week2,277.0 Mansion House - 119.0 Burke Station
Mantua,Week1,Stratford,Week1,298.0 Mantua - 104.0 Stratford
Mansion House,Week5,Wakefield Chapel,Week4,256.0 Wakefield Chapel - 146.0 Mansion House
Mantua,Week2,Stratford,Week2,292.0 Mantua - 110.0 Stratford
Mantua,Week5,Country Club Hills,Week3,310.5 Mantua - 91.5 Country Club Hills
Mantua,Week4,High Point Pool,Week3,217.5 Mantua - 184.5 High Point Pool
Mansion House,Week1,Waynewood,Week1,218.0 Waynewood - 184.0 Mansion House
Mantua,Week5,Pinecrest,Week5,207.0 Pinecrest - 195.0 Mantua
Mantua,Week5,Springfield,Week4,377.0 Mantua - 25.0 Springfield
Mantua,Week1,Crosspointe,Week4,224.0 Crosspointe - 178.0 Mantua
Mansion House,Week3,Wakefield Chapel,Week4,265.0 Wakefield Chapel - 137.0 Mansion House
Mansion House,Week2,Sleepy Hollow Rec,Week2,282.0 Mansion House - 120.0 Sleepy Hollow Rec
Mansion House,Week3,Burke Station,Week5,275.0 Mansion House - 127.0 Burke Station
Mansion House,Week2,Burke Station,Week1,228.0 Mansion House - 147.0 Burke Station
Mantua,Week1,Crosspointe,Week3,216.0 Crosspointe - 186.0 Mantua
Mantua,Week1,Stratford,Week3,295.0 Mantua - 107.0 Stratford
Mantua,Week3,Pinecrest,Week2,206.0 Pinecrest - 196.0 Mantua
Mansion House,Week4,Sleepy Hollow Rec,Week1,261.0 Mansion House - 141.0 Sleepy Hollow Rec
Mansion House,Week4,Burke Station,Week5,247.0 Mansion House - 150.0 Burke Station
Mantua,Week1,Pinewood Lake,Week2,363.5 Mantua - 22.5 Pinewood Lake
Mantua,Week3,Crosspointe,Week2,232.5 Mantua - 169.5 Crosspointe
Mantua,Week5,Pinecrest,Week4,210.0 Pinecrest - 192.0 Mantua
Mantua,Week1,Highland Park,Week2,245.0 Mantua - 157.0 Highland Park
Mantua,Week4,Highland Park,Week2,242.0 Mantua - 160.0 Highland Park
Mansion House,Week2,Walden Glen,Week4,250.0 Mansion House - 146.0 Walden Glen
Mantua,Week5,Country Club Hills,Week2,307.0 Mantua - 95.0 Country Club Hills
Mansion House,Week5,Wakefield Chapel,Week2,266.0 Wakefield Chapel - 136.0 Mansion House
Mansion House,Week2,Sleepy Hollow Rec,Week5,262.5 Mansion House - 139.5 Sleepy Hollow Rec
Mantua,Week3,Highland Park,Week5,276.0 Mantua - 126.0 Highland Park
Mantua,Week4,Springfield,Week4,378.0 Mantua - 24.0 Springfield
Mansion House,Week4,Sleepy Hollow Rec,Week2,263.0 Mansion House - 138.0 Sleepy Hollow Rec
Mansion House,Week5,Burke Station,Week3,293.0 Mansion House - 104.0 Burke Station
Mansion House,Week1,Walden Glen,Week5,244.0 Mansion House - 158.0 Walden Glen
Mansion House,Week5,Sleepy Hollow Rec,Week1,289.0 Mansion House - 113.0 Sleepy Hollow Rec
Mantua,Week5,Dowden Terrace,Week3,281.0 Mantua - 121.0 Dowden Terrace
Mantua,Week3,Crosspointe,Week5,211.0 Crosspointe - 191.0 Mantua
Mansion House,Week3,Wakefield Chapel,Week3,261.0 Wakefield Chapel - 141.0 Mansion House
Mantua,Week4,Dowden Terrace,Week2,250.0 Mantua - 152.0 Dowden Terrace
Mantua,Week3,Crosspointe,Week3,221.0 Mantua - 181.0 Crosspointe
Mantua,Week2,Pinecrest,Week3,246.0 Pinecrest - 156.0 Mantua
Mansion House,Week3,Camelot,Week2,244.0 Mansion House - 158.0 Camelot
Mantua,Week4,Pinecrest,Week3,247.0 Pinecrest - 155.0 Mantua
Mantua,Week3,Stratford,Week5,327.0 Mantua - 75.0 Stratford
Mantua,Week3,Pinecrest,Week1,204.0 Mantua - 198.0 Pinecrest
Mantua,Week4,Pleasant Valley,Week2,343.0 Mantua - 59.0 Pleasant Valley
Mansion House,Week2,Camelot,Week1,243.0 Mansion House - 159.0 Camelot
Mansion House,Week1,Camelot,Week1,240.5 Mansion House - 161.5 Camelot
Mansion House,Week3,Wakefield Chapel,Week2,254.0 Wakefield Chapel - 148.0 Mansion House
Mansion House,Week5,Wakefield Chapel,Week3,276.0 Wakefield Chapel - 126.0 Mansion House
Mansion House,Week3,Sleepy Hollow Rec,Week4,296.0 Mansion House - 106.0 Sleepy Hollow Rec
Mansion House,Week2,Camelot,Week3,262.0 Mansion House - 139.0 Camelot
Mantua,Week1,Stratford,Week4,281.0 Mantua - 121.0 Stratford
Mansion House,Week4,Wakefield Chapel,Week5,304.0 Wakefield Chapel - 98.0 Mansion House
Mantua,Week3,Pinecrest,Week3,219.0 Pinecrest - 183.0 Mantua
Mansion House,Week2,Camelot,Week4,246.0 Mansion House - 156.0 Camelot
Mantua,Week2,Stratford,Week5,277.0 Mantua - 124.0 Stratford
Mantua,Week3,Stratford,Week3,342.0 Mantua - 60.0 Stratford
Mansion House,Week3,Sleepy Hollow Rec,Week5,277.0 Mansion House - 125.0 Sleepy Hollow Rec
Mantua,Week4,Highland Park,Week3,242.0 Mantua - 160.0 Highland Park
Mantua,Week5,Crosspointe,Week2,223.5 Mantua - 178.5 Crosspointe
Mantua,Week1,Crosspointe,Week2,210.0 Crosspointe - 192.0 Mantua
Mantua,Week1,Pinecrest,Week2,213.0 Pinecrest - 189.0 Mantua
Mansion House,Week3,Wakefield Chapel,Week5,280.0 Wakefield Chapel - 122.0 Mansion House
Mantua,Week2,Dunn Loring,Week1,216.0 Dunn Loring - 186.0 Mantua
Mansion House,Week2,Sleepy Hollow Rec,Week3,262.0 Mansion House - 140.0 Sleepy Hollow Rec
Mantua,Week2,Dunn Loring,Week5,248.0 Dunn Loring - 154.0 Mantua
Mantua,Week3,Pinecrest,Week5,203.0 Pinecrest - 199.0 Mantua
Mantua,Week1,Poplar Heights,Week4,221.0 Mantua - 181.0 Poplar Heights
Mantua,Week4,Crosspointe,Week3,218.0 Crosspointe - 184.0 Mantua
Mantua,Week5,Dowden Terrace,Week5,236.5 Mantua - 165.5 Dowden Terrace
Mansion House,Week4,Sleepy Hollow Rec,Week5,256.0 Mansion House - 145.0 Sleepy Hollow Rec
Mantua,Week1,Poplar Heights,Week1,236.0 Mantua - 165.0 Poplar Heights
Mantua,Week3,Poplar Heights,Week3,256.0 Mantua - 146.0 Poplar Heights
Mantua,Week5,Pinecrest,Week2,202.0 Pinecrest - 200.0 Mantua
Mansion House,Week2,Camelot,Week5,237.0 Mansion House - 165.0 Camelot
Mantua,Week5,Dowden Terrace,Week2,273.5 Mantua - 128.5 Dowden Terrace
Mansion House,Week4,Wakefield Chapel,Week1,304.0 Wakefield Chapel - 98.0 Mansion House
Mantua,Week3,Poplar Heights,Week1,264.0 Mantua - 138.0 Poplar Heights
Mansion House,Week5,Sleepy Hollow Rec,Week3,275.0 Mansion House - 127.0 Sleepy Hollow Rec
Mantua,Week1,Daventry,Week2,325.0 Mantua - 74.0 Daventry
Mansion House,Week3,Camelot,Week3,266.0 Mansion House - 136.0 Camelot
Mantua,Week3,Pinecrest,Week4,213.0 Pinecrest - 189.0 Mantua
Mansion House,Week3,Camelot,Week4,260.0 Mansion House - 142.0 Camelot
Mansion House,Week4,Sleepy Hollow Rec,Week3,235.0 Mansion House - 167.0 Sleepy Hollow Rec
Mantua,Week4,Poplar Heights,Week5,225.0 Mantua - 177.0 Poplar Heights
Mansion House,Week4,Sleepy Hollow Rec,Week4,271.0 Mansion House - 131.0 Sleepy Hollow Rec
Mantua,Week2,Pinecrest,Week2,234.0 Pinecrest - 168.0 Mantua
Mansion House,Week3,Camelot,Week5,256.0 Mansion House - 146.0 Camelot
Mansion House,Week5,Wakefield Chapel,Week1,269.0 Wakefield Chapel - 133.0 Mansion House
Mantua,Week5,Crosspointe,Week5,214.0 Crosspointe - 188.0 Mantua
Mantua,Week5,Dowden Terrace,Week4,265.0 Mantua - 137.0 Dowden Terrace
Mantua,Week5,Dowden Terrace,Week1,281.0 Mantua - 120.0 Dowden Terrace
Mansion House,Week5,Sleepy Hollow Rec,Week2,306.5 Mansion House - 95.5 Sleepy Hollow Rec
Mantua,Week1,Daventry,Week1,319.0 Mantua - 81.0 Daventry
Mantua,Week5,Daventry,Week1,365.0 Mantua - 37.0 Daventry
Mansion House,Week5,Wakefield Chapel,Week5,281.0 Wakefield Chapel - 121.0 Mansion House
Mansion House,Week1,Walden Glen,Week1,274.0 Mansion House - 123.0 Walden Glen
Mansion House,Week4,Camelot,Week1,240.0 Mansion House - 162.0 Camelot
Mantua,Week2,Poplar Heights,Week1,224.0 Mantua - 177.0 Poplar Heights
Mantua,Week2,Pinecrest,Week5,247.0 Pinecrest - 150.0 Mantua
Mansion House,Week3,Camelot,Week1,253.0 Mansion House - 149.0 Camelot
Mansion House,Week2,Walden Glen,Week2,240.0 Mansion House - 157.0 Walden Glen
Mantua,Week4,Dowden Terrace,Week3,270.0 Mantua - 132.0 Dowden Terrace
Mantua,Week3,Crosspointe,Week1,202.0 Mantua - 200.0 Crosspointe
Mansion House,Week1,Sleepy Hollow Rec,Week5,276.0 Mansion House - 126.0 Sleepy Hollow Rec
Mantua,Week1,Dunn Loring,Week1,208.0 Dunn Loring - 194.0 Mantua
Mantua,Week4,Pinecrest,Week2,223.0 Pinecrest - 179.0 Mantua
Mantua,Week3,Daventry,Week3,355.0 Mantua - 47.0 Daventry
Mansion House,Week3,Walden Glen,Week4,265.0 Mansion House - 137.0 Walden Glen
Mansion House,Week4,Walden Glen,Week2,222.0 Mansion House - 175.0 Walden Glen
Mantua,Week2,Pinewood Lake,Week4,369.0 Mantua - 26.0 Pinewood Lake
Mantua,Week4,Pleasant Valley,Week1,340.0 Mantua - 62.0 Pleasant Valley
Mantua,Week4,Daventry,Week1,336.0 Mantua - 66.0 Daventry
Mantua,Week2,Pinewood Lake,Week1,370.0 Mantua - 22.0 Pinewood Lake
Mantua,Week2,Poplar Heights,Week4,227.0 Mantua - 175.0 Poplar Heights
Mantua,Week1,Dominion Hills,Week1,256.0 Mantua - 146.0 Dominion Hills
Mantua,Week3,Pleasant Valley,Week5,347.0 Mantua - 55.0 Pleasant Valley
Mantua,Week5,Dunn Loring,Week1,230.0 Mantua - 172.0 Dunn Loring
Mantua,Week1,Daventry,Week4,331.0 Mantua - 70.0 Daventry
Mansion House,Week4,Walden Glen,Week1,248.0 Mansion House - 148.0 Walden Glen
Mansion House,Week4,Camelot,Week2,227.0 Mansion House - 175.0 Camelot
Mantua,Week1,Dunn Loring,Week4,228.0 Dunn Loring - 174.0 Mantua
Mantua,Week3,Dunn Loring,Week4,217.0 Dunn Loring - 185.0 Mantua
Mansion House,Week1,Sleepy Hollow Rec,Week1,284.0 Mansion House - 118.0 Sleepy Hollow Rec
Mansion House,Week2,Walden Glen,Week5,222.0 Mansion House - 179.0 Walden Glen
Mantua,Week1,Dunn Loring,Week5,246.0 Dunn Loring - 156.0 Mantua
Mansion House,Week5,Sleepy Hollow Rec,Week4,300.5 Mansion House - 101.5 Sleepy Hollow Rec
Mansion House,Week5,Sleepy Hollow Rec,Week5,291.0 Mansion House - 111.0 Sleepy Hollow Rec
Mansion House,Week2,Sleepy Hollow Rec,Week4,285.0 Mansion House - 117.0 Sleepy Hollow Rec
Mantua,Week5,Daventry,Week5,343.0 Mantua - 59.0 Daventry
Mantua,Week3,Poplar Heights,Week5,242.0 Mantua - 160.0 Poplar Heights
Mantua,Week1,Pinewood Lake,Week1,361.0 Mantua - 26.0 Pinewood Lake
Mantua,Week1,Pinewood Lake,Week5,358.5 Mantua - 38.5 Pinewood Lake
Mantua,Week2,Dominion Hills,Week4,206.0 Mantua - 191.0 Dominion Hills
Mansion House,Week4,Somerset-Olde Creek,Week4,295.0 Mansion House - 106.0 Somerset-Olde Creek
Mansion House,Week5,Walden Glen,Week1,287.0 Mansion House - 115.0 Walden Glen
Mantua,Week2,Dunn Loring,Week4,241.0 Dunn Loring - 161.0 Mantua
Mantua,Week2,Fair Oaks ,Week3,209.0 Mantua - 193.0 Fair Oaks
Mantua,Week1,Dominion Hills,Week5,214.0 Mantua - 188.0 Dominion Hills
Mansion House,Week4,Walden Glen,Week3,228.0 Mansion House - 173.0 Walden Glen
Mansion House,Week5,Somerset-Olde Creek,Week5,324.0 Mansion House - 78.0 Somerset-Olde Creek
Mantua,Week1,Dunn Loring,Week2,234.0 Dunn Loring - 168.0 Mantua
Mansion House,Week4,Walden Glen,Week4,214.0 Mansion House - 183.0 Walden Glen
Mantua,Week3,Pleasant Valley,Week3,338.0 Mantua - 64.0 Pleasant Valley
Mantua,Week5,Pinewood Lake,Week3,387.0 Mantua - 14.0 Pinewood Lake
Mantua,Week1,Poplar Heights,Week3,218.0 Mantua - 184.0 Poplar Heights
Mantua,Week3,Pinewood Lake,Week3,393.0 Mantua - 8.0 Pinewood Lake
Mantua,Week3,Dowden Terrace,Week5,233.0 Mantua - 169.0 Dowden Terrace
Mantua,Week4,Daventry,Week2,339.0 Mantua - 63.0 Daventry
Mansion House,Week1,Somerset-Olde Creek,Week1,324.0 Mansion House - 73.0 Somerset-Olde Creek
Mansion House,Week5,Walden Glen,Week4,260.5 Mansion House - 141.5 Walden Glen
Mansion House,Week1,Sleepy Hollow Rec,Week3,255.0 Mansion House - 147.0 Sleepy Hollow Rec
Mansion House,Week1,Sleepy Hollow Rec,Week2,287.0 Mansion House - 115.0 Sleepy Hollow Rec
Mansion House,Week4,Walden Glen,Week5,204.0 Walden Glen - 198.0 Mansion House
Mantua,Week4,Poplar Heights,Week3,233.0 Mantua - 169.0 Poplar Heights
Mansion House,Week2,Sleepy Hollow Rec,Week1,284.0 Mansion House - 118.0 Sleepy Hollow Rec
Mantua,Week4,Dowden Terrace,Week5,209.0 Mantua - 193.0 Dowden Terrace
Mansion House,Week3,Somerset-Olde Creek,Week2,336.0 Mansion House - 66.0 Somerset-Olde Creek
Mansion House,Week5,Walden Glen,Week2,262.0 Mansion House - 139.0 Walden Glen
Mantua,Week4,Poplar Heights,Week1,238.0 Mantua - 164.0 Poplar Heights
Mantua,Week1,Fair Oaks ,Week1,213.0 Mantua - 189.0 Fair Oaks
Mantua,Week5,Pleasant Valley,Week2,350.0 Mantua - 51.0 Pleasant Valley
Mantua,Week1,Pleasant Valley,Week2,326.0 Mantua - 74.0 Pleasant Valley
Mantua,Week2,Pleasant Valley,Week2,321.5 Mantua - 79.5 Pleasant Valley
Mantua,Week5,Daventry,Week4,358.0 Mantua - 44.0 Daventry
Mansion House,Week5,Walden Glen,Week3,272.0 Mansion House - 130.0 Walden Glen
Mantua,Week5,Pinewood Lake,Week1,382.0 Mantua - 19.0 Pinewood Lake
Mantua,Week5,Daventry,Week3,349.0 Mantua - 53.0 Daventry
Mantua,Week4,Daventry,Week4,344.0 Mantua - 58.0 Daventry
Mantua,Week5,Pleasant Valley,Week5,346.0 Mantua - 56.0 Pleasant Valley
Mantua,Week4,Pleasant Valley,Week5,329.0 Mantua - 73.0 Pleasant Valley
Mantua,Week2,Dunn Loring,Week3,262.0 Dunn Loring - 140.0 Mantua
Mantua,Week1,Dominion Hills,Week3,258.0 Mantua - 144.0 Dominion Hills
Mantua,Week4,Dowden Terrace,Week1,260.0 Mantua - 142.0 Dowden Terrace
Mantua,Week4,Pleasant Valley,Week3,328.0 Mantua - 74.0 Pleasant Valley
Mantua,Week1,Pleasant Valley,Week1,321.0 Mantua - 79.0 Pleasant Valley
Mantua,Week2,Dominion Hills,Week5,209.0 Dominion Hills - 193.0 Mantua
Mantua,Week2,Poplar Heights,Week3,227.0 Mantua - 175.0 Poplar Heights
Mansion House,Week3,Somerset-Olde Creek,Week4,327.0 Mansion House - 75.0 Somerset-Olde Creek
Mantua,Week1,Pleasant Valley,Week3,315.0 Mantua - 86.0 Pleasant Valley
Mansion House,Week1,Waynewood,Week3,240.0 Waynewood - 162.0 Mansion House
Mansion House,Week5,Somerset-Olde Creek,Week3,340.0 Mansion House - 62.0 Somerset-Olde Creek
Mantua,Week3,Dowden Terrace,Week4,262.0 Mantua - 140.0 Dowden Terrace
Mantua,Week3,Poplar Heights,Week2,242.0 Mantua - 160.0 Poplar Heights
Mansion House,Week2,Waynewood,Week1,214.0 Waynewood - 188.0 Mansion House
Mantua,Week3,Pinewood Lake,Week5,383.0 Mantua - 18.0 Pinewood Lake
Mantua,Week3,Dunn Loring,Week2,217.0 Dunn Loring - 185.0 Mantua
Mansion House,Week5,Walden Glen,Week5,245.0 Mansion House - 157.0 Walden Glen
Mansion House,Week1,Crosspointe,Week4,237.0 Crosspointe - 165.0 Mansion House
Mantua,Week2,Poplar Heights,Week5,204.0 Mantua - 197.0 Poplar Heights
Mantua,Week2,Daventry,Week4,329.0 Mantua - 73.0 Daventry
Mantua,Week1,Dominion Hills,Week2,256.0 Mantua - 146.0 Dominion Hills
Mansion House,Week1,Waynewood,Week2,224.0 Waynewood - 178.0 Mansion House
Mantua,Week5,Pinewood Lake,Week5,377.0 Mantua - 25.0 Pinewood Lake
Mantua,Week2,Dunn Loring,Week2,244.0 Dunn Loring - 158.0 Mantua
Mantua,Week2,Poplar Heights,Week2,220.0 Mantua - 181.0 Poplar Heights
Mantua,Week2,Dominion Hills,Week3,241.0 Mantua - 161.0 Dominion Hills
Mansion House,Week2,Waynewood,Week2,223.0 Waynewood - 179.0 Mansion House
Mansion House,Week2,Somerset-Olde Creek,Week4,315.0 Mansion House - 86.0 Somerset-Olde Creek
Mantua,Week5,Pleasant Valley,Week1,346.0 Mantua - 55.0 Pleasant Valley
Mansion House,Week5,Somerset-Olde Creek,Week4,332.0 Mansion House - 70.0 Somerset-Olde Creek
Mansion House,Week4,Somerset-Olde Creek,Week2,312.0 Mansion House - 79.0 Somerset-Olde Creek
Mantua,Week1,Dunn Loring,Week3,241.0 Dunn Loring - 161.0 Mantua
Mantua,Week1,Pleasant Valley,Week4,327.0 Mantua - 66.0 Pleasant Valley
Mansion House,Week3,Crosspointe,Week3,227.0 Crosspointe - 175.0 Mansion House
Mantua,Week3,Daventry,Week4,361.0 Mantua - 41.0 Daventry
Mansion House,Week2,Waynewood,Week5,246.0 Waynewood - 156.0 Mansion House
Mantua,Week5,Pinewood Lake,Week2,387.0 Mantua - 14.0 Pinewood Lake
Mantua,Week2,Daventry,Week3,320.0 Mantua - 81.0 Daventry
Mansion House,Week2,South Run,Week3,220.0 Mansion House - 181.0 South Run
Mantua,Week4,Dowden Terrace,Week4,242.0 Mantua - 160.0 Dowden Terrace
Mantua,Week3,Pleasant Valley,Week4,358.0 Mantua - 43.0 Pleasant Valley
Mansion House,Week2,Somerset-Olde Creek,Week3,324.0 Mansion House - 72.0 Somerset-Olde Creek
Mansion House,Week4,Crosspointe,Week3,256.0 Crosspointe - 141.0 Mansion House
Mantua,Week1,Daventry,Week5,306.0 Mantua - 90.0 Daventry
Mansion House,Week1,South Run,Week1,213.0 Mansion House - 180.0 South Run
Mantua,Week4,Dunn Loring,Week4,232.5 Dunn Loring - 169.5 Mantua
Mansion House,Week2,Crosspointe,Week1,242.0 Crosspointe - 160.0 Mansion House
Mansion House,Week3,Waynewood,Week2,204.0 Waynewood - 198.0 Mansion House
Mansion House,Week2,Waynewood,Week4,219.0 Waynewood - 183.0 Mansion House
Mantua,Week4,Pleasant Valley,Week4,340.0 Mantua - 62.0 Pleasant Valley
Mansion House,Week1,Somerset-Olde Creek,Week5,313.0 Mansion House - 89.0 Somerset-Olde Creek
Mantua,Week4,Dunn Loring,Week2,236.0 Dunn Loring - 166.0 Mantua
Mantua,Week4,Daventry,Week3,333.0 Mantua - 69.0 Daventry
Mansion House,Week5,Crosspointe,Week1,231.0 Crosspointe - 171.0 Mansion House
Mansion House,Week1,Daventry,Week2,317.0 Mansion House - 84.0 Daventry
Mantua,Week1,Pleasant Valley,Week5,312.0 Mantua - 84.0 Pleasant Valley
Mantua,Week3,Dunn Loring,Week3,222.0 Dunn Loring - 180.0 Mantua
Mantua,Week2,Pleasant Valley,Week4,337.0 Mantua - 58.0 Pleasant Valley
Mansion House,Week3,Waynewood,Week1,202.0 Mansion House - 200.0 Waynewood
Long Branch,Week1,Vienna Aquatic,Week4,302.0 Vienna Aquatic - 100.0 Long Branch
Mantua,Week1,Poplar Heights,Week2,221.0 Mantua - 180.0 Poplar Heights
Mantua,Week2,Pleasant Valley,Week3,318.0 Mantua - 84.0 Pleasant Valley
Mansion House,Week1,Daventry,Week5,300.0 Mansion House - 97.0 Daventry
Mantua,Week4,Poplar Heights,Week2,216.0 Mantua - 186.0 Poplar Heights
Mantua,Week5,Dunn Loring,Week5,210.0 Dunn Loring - 192.0 Mantua
Mansion House,Week1,Somerset-Olde Creek,Week3,335.0 Mansion House - 62.0 Somerset-Olde Creek
Mantua,Week4,Pinewood Lake,Week4,381.0 Mantua - 21.0 Pinewood Lake
Mansion House,Week2,Crosspointe,Week4,238.0 Crosspointe - 164.0 Mansion House
Mantua,Week3,Pinewood Lake,Week2,391.0 Mantua - 10.0 Pinewood Lake
Long Branch,Week2,Vienna Aquatic,Week2,304.0 Vienna Aquatic - 98.0 Long Branch
Mantua,Week2,Pleasant Valley,Week5,320.0 Mantua - 75.0 Pleasant Valley
Mansion House,Week2,Daventry,Week4,315.0 Mansion House - 86.0 Daventry
Mantua,Week1,Poplar Heights,Week5,206.0 Mantua - 195.0 Poplar Heights
Mansion House,Week3,Somerset-Olde Creek,Week5,318.0 Mansion House - 84.0 Somerset-Olde Creek
Mansion House,Week2,Waynewood,Week3,241.0 Waynewood - 161.0 Mansion House
Mantua,Week3,Dunn Loring,Week5,219.0 Dunn Loring - 183.0 Mantua
Mansion House,Week1,Waynewood,Week5,243.0 Waynewood - 159.0 Mansion House
Mansion House,Week4,Crosspointe,Week1,252.0 Crosspointe - 150.0 Mansion House
Mantua,Week5,Pleasant Valley,Week3,335.0 Mantua - 67.0 Pleasant Valley
Mantua,Week3,Daventry,Week1,355.0 Mantua - 47.0 Daventry
Mansion House,Week3,South Run,Week5,226.0 Mansion House - 176.0 South Run
Mantua,Week4,Dunn Loring,Week3,238.0 Dunn Loring - 164.0 Mantua
Mantua,Week2,Daventry,Week5,304.0 Mantua - 98.0 Daventry
Mantua,Week2,Daventry,Week2,322.0 Mantua - 78.0 Daventry
Mantua,Week3,Pinewood Lake,Week1,385.0 Mantua - 16.0 Pinewood Lake
Mantua,Week5,Pinewood Lake,Week4,383.0 Mantua - 19.0 Pinewood Lake
Mantua,Week3,Poplar Heights,Week4,261.0 Mantua - 141.0 Poplar Heights
Mansion House,Week4,Somerset-Olde Creek,Week5,283.0 Mansion House - 115.0 Somerset-Olde Creek
Long Branch,Week2,Vienna Aquatic,Week4,297.0 Vienna Aquatic - 105.0 Long Branch
Mansion House,Week1,Waynewood,Week4,204.0 Waynewood - 198.0 Mansion House
Mantua,Week5,Pleasant Valley,Week4,353.0 Mantua - 48.0 Pleasant Valley
Long Branch,Week3,Vienna Aquatic,Week1,322.0 Vienna Aquatic - 80.0 Long Branch
Mansion House,Week3,Somerset-Olde Creek,Week1,330.0 Mansion House - 72.0 Somerset-Olde Creek
Long Branch,Week1,Vienna Aquatic,Week1,313.0 Vienna Aquatic - 89.0 Long Branch
Mantua,Week2,Daventry,Week1,318.0 Mantua - 84.0 Daventry
Mansion House,Week2,Daventry,Week2,307.0 Mansion House - 91.0 Daventry
Mantua,Week3,Daventry,Week2,359.0 Mantua - 42.0 Daventry
Mantua,Week2,Pinewood Lake,Week5,369.0 Mantua - 26.0 Pinewood Lake
Mantua,Week5,Dunn Loring,Week3,220.0 Dunn Loring - 182.0 Mantua
Mantua,Week5,Dunn Loring,Week2,206.0 Dunn Loring - 196.0 Mantua
Mansion House,Week1,Crosspointe,Week5,263.0 Crosspointe - 139.0 Mansion House
Mansion House,Week3,Crosspointe,Week2,214.0 Crosspointe - 188.0 Mansion House
Long Branch,Week1,Vienna Aquatic,Week2,299.0 Vienna Aquatic - 103.0 Long Branch
Mantua,Week4,Dunn Loring,Week1,211.0 Mantua - 191.0 Dunn Loring
Mantua,Week4,Pinewood Lake,Week2,382.0 Mantua - 20.0 Pinewood Lake
Mantua,Week4,Poplar Heights,Week4,233.0 Mantua - 169.0 Poplar Heights
Mansion House,Week5,Crosspointe,Week2,220.0 Crosspointe - 182.0 Mansion House
Mansion House,Week4,Somerset-Olde Creek,Week3,311.0 Mansion House - 82.0 Somerset-Olde Creek
Mantua,Week2,Poplar Tree,Week4,202.0 Mantua - 200.0 Poplar Tree
Mantua,Week3,Dunn Loring,Week1,230.0 Mantua - 172.0 Dunn Loring
Mantua,Week1,Fair Oaks ,Week3,224.0 Mantua - 178.0 Fair Oaks
Mantua,Week4,Dunn Loring,Week5,237.0 Dunn Loring - 165.0 Mantua
Mansion House,Week2,Somerset-Olde Creek,Week5,307.0 Mansion House - 94.0 Somerset-Olde Creek
Mansion House,Week4,Somerset-Olde Creek,Week1,306.0 Mansion House - 82.0 Somerset-Olde Creek
Mantua,Week2,Dominion Hills,Week2,225.0 Mantua - 177.0 Dominion Hills
Mansion House,Week5,Somerset-Olde Creek,Week2,334.0 Mansion House - 68.0 Somerset-Olde Creek
Mantua,Week1,Fair Oaks ,Week4,244.0 Mantua - 158.0 Fair Oaks
Mantua,Week4,Pinewood Lake,Week5,379.0 Mantua - 23.0 Pinewood Lake
Mantua,Week1,Dominion Hills,Week4,232.0 Mantua - 170.0 Dominion Hills
Mantua,Week4,Daventry,Week5,320.0 Mantua - 82.0 Daventry
Mansion House,Week1,Crosspointe,Week3,242.0 Crosspointe - 160.0 Mansion House
Mantua,Week2,Poplar Tree,Week2,220.0 Mantua - 177.0 Poplar Tree
Mantua,Week5,Dunn Loring,Week4,202.0 Mantua - 200.0 Dunn Loring
Mantua,Week4,Pinewood Lake,Week3,385.0 Mantua - 16.0 Pinewood Lake
Mantua,Week3,Poplar Tree,Week2,233.0 Mantua - 169.0 Poplar Tree
Mantua,Week5,Poplar Tree,Week4,240.0 Mantua - 162.0 Poplar Tree
Mansion House,Week1,Somerset-Olde Creek,Week4,318.0 Mansion House - 84.0 Somerset-Olde Creek
Long Branch,Week4,Vienna Aquatic,Week3,312.0 Vienna Aquatic - 90.0 Long Branch
Mantua,Week2,Pinewood Lake,Week3,375.0 Mantua - 17.0 Pinewood Lake
Mantua,Week3,Pinewood Lake,Week4,385.0 Mantua - 16.0 Pinewood Lake
Mansion House,Week2,Crosspointe,Week2,229.0 Crosspointe - 173.0 Mansion House
Mantua,Week3,Daventry,Week5,339.0 Mantua - 63.0 Daventry
Mantua,Week5,Poplar Heights,Week5,248.0 Mantua - 154.0 Poplar Heights
Mantua,Week2,Dominion Hills,Week1,237.0 Mantua - 165.0 Dominion Hills
Mantua,Week5,Daventry,Week2,357.0 Mantua - 44.0 Daventry
Mansion House,Week5,Somerset-Olde Creek,Week1,341.0 Mansion House - 60.0 Somerset-Olde Creek
Mansion House,Week1,Crosspointe,Week2,237.0 Crosspointe - 165.0 Mansion House
Mantua,Week4,Pinewood Lake,Week1,380.0 Mantua - 22.0 Pinewood Lake
Mansion House,Week2,Somerset-Olde Creek,Week2,321.0 Mansion House - 75.0 Somerset-Olde Creek
Mantua,Week2,Poplar Tree,Week3,203.0 Mantua - 199.0 Poplar Tree
Mantua,Week3,Donaldson Run,Week2,222.0 Donaldson Run - 180.0 Mantua
Mansion House,Week2,Somerset-Olde Creek,Week1,319.0 Mansion House - 77.0 Somerset-Olde Creek
Mantua,Week3,Pleasant Valley,Week1,356.5 Mantua - 44.5 Pleasant Valley
Long Branch,Week1,Vienna Aquatic,Week5,321.0 Vienna Aquatic - 81.0 Long Branch
Mansion House,Week1,Somerset-Olde Creek,Week2,328.0 Mansion House - 69.0 Somerset-Olde Creek
Mantua,Week5,Dominion Hills,Week5,245.0 Mantua - 157.0 Dominion Hills
Mansion House,Week2,Crosspointe,Week5,252.0 Crosspointe - 150.0 Mansion House
Mantua,Week3,Poplar Tree,Week5,209.0 Poplar Tree - 193.0 Mantua
Mantua,Week2,Poplar Tree,Week1,209.0 Poplar Tree - 193.0 Mantua
Mantua,Week2,Fair Oaks ,Week1,221.0 Mantua - 181.0 Fair Oaks
Mantua,Week1,Poplar Tree,Week2,218.0 Mantua - 184.0 Poplar Tree
Mantua,Week2,Pleasant Valley,Week1,325.0 Mantua - 76.0 Pleasant Valley
Mantua,Week1,Fair Oaks ,Week5,208.0 Mantua - 194.0 Fair Oaks
Long Branch,Week3,Vienna Aquatic,Week2,305.0 Vienna Aquatic - 97.0 Long Branch
Mantua,Week3,Pleasant Valley,Week2,355.0 Mantua - 46.0 Pleasant Valley
Mansion House,Week5,Country Club Hills,Week5,241.0 Mansion House - 161.0 Country Club Hills
Long Branch,Week1,Vienna Aquatic,Week3,306.0 Vienna Aquatic - 96.0 Long Branch
Mantua,Week5,Dominion Hills,Week2,269.0 Mantua - 133.0 Dominion Hills
Long Branch,Week2,Vienna Aquatic,Week5,318.0 Vienna Aquatic - 84.0 Long Branch
Mantua,Week1,Fair Oaks ,Week2,250.0 Mantua - 152.0 Fair Oaks
Mansion House,Week3,Crosspointe,Week1,233.0 Crosspointe - 169.0 Mansion House
Mantua,Week1,Donaldson Run,Week4,263.0 Donaldson Run - 139.0 Mantua
Mansion House,Week1,South Run,Week4,238.0 Mansion House - 164.0 South Run
Mantua,Week3,Donaldson Run,Week4,220.0 Donaldson Run - 182.0 Mantua
Mantua,Week3,Fair Oaks ,Week2,281.0 Mantua - 121.0 Fair Oaks
Mansion House,Week2,Crosspointe,Week3,247.0 Crosspointe - 155.0 Mansion House
Mantua,Week4,Fair Oaks ,Week1,241.0 Mantua - 161.0 Fair Oaks
Mantua,Week1,Donaldson Run,Week1,256.0 Donaldson Run - 146.0 Mantua
Mansion House,Week4,Crosspointe,Week4,248.0 Crosspointe - 154.0 Mansion House
Mantua,Week3,Poplar Tree,Week1,226.0 Mantua - 176.0 Poplar Tree
Mantua,Week1,Poplar Tree,Week3,209.0 Poplar Tree - 193.0 Mantua
Mansion House,Week3,Somerset-Olde Creek,Week3,334.0 Mansion House - 68.0 Somerset-Olde Creek
Mantua,Week3,Little Rocky Run,Week4,206.5 Mantua - 195.5 Little Rocky Run
Long Branch,Week3,Vienna Aquatic,Week3,312.0 Vienna Aquatic - 90.0 Long Branch
Mansion House,Week1,South Run,Week2,235.5 Mansion House - 166.5 South Run
Mansion House,Week3,Brandywine,Week5,207.0 Mansion House - 195.0 Brandywine
Mansion House,Week3,Crosspointe,Week5,248.0 Crosspointe - 154.0 Mansion House
Mansion House,Week4,Crosspointe,Week5,280.0 Crosspointe - 122.0 Mansion House
Mansion House,Week1,Bren Mar-Edsall Park,Week3,358.0 Mansion House - 44.0 Bren Mar-Edsall Park
Mansion House,Week3,Crosspointe,Week4,230.0 Crosspointe - 172.0 Mansion House
Mantua,Week2,Fair Oaks ,Week2,234.0 Mantua - 168.0 Fair Oaks
Long Branch,Week4,Vienna Aquatic,Week2,306.0 Vienna Aquatic - 96.0 Long Branch
Mantua,Week3,Fair Oaks ,Week4,272.0 Mantua - 130.0 Fair Oaks
Mantua,Week1,Poplar Tree,Week5,234.0 Poplar Tree - 168.0 Mantua
Mantua,Week2,Long Branch,Week1,280.0 Mantua - 122.0 Long Branch
Mansion House,Week1,Bren Mar-Edsall Park,Week2,365.5 Mansion House - 31.5 Bren Mar-Edsall Park
Mansion House,Week1,South Run,Week3,227.0 Mansion House - 175.0 South Run
Mantua,Week4,Dominion Hills,Week5,224.0 Mantua - 178.0 Dominion Hills
Mansion House,Week5,Brandywine,Week3,226.0 Mansion House - 176.0 Brandywine
Mantua,Week4,Donaldson Run,Week1,236.0 Donaldson Run - 166.0 Mantua
Mantua,Week4,Donaldson Run,Week3,264.0 Donaldson Run - 138.0 Mantua
Mantua,Week2,Poplar Tree,Week5,239.0 Poplar Tree - 163.0 Mantua
Mansion House,Week1,South Run,Week5,220.0 Mansion House - 182.0 South Run
Long Branch,Week3,Vienna Aquatic,Week5,325.0 Vienna Aquatic - 77.0 Long Branch
Mansion House,Week4,Crosspointe,Week2,237.0 Crosspointe - 165.0 Mansion House
Mantua,Week5,Little Rocky Run,Week5,220.0 Little Rocky Run - 182.0 Mantua
Mantua,Week1,Long Branch,Week2,282.0 Mantua - 120.0 Long Branch
Mantua,Week3,Little Rocky Run,Week3,209.0 Little Rocky Run - 193.0 Mantua
Mantua,Week5,Poplar Heights,Week2,240.0 Mantua - 162.0 Poplar Heights
Mantua,Week2,Fair Oaks ,Week5,204.0 Fair Oaks - 198.0 Mantua
Mantua,Week4,Fair Oaks ,Week5,208.5 Mantua - 193.5 Fair Oaks
Mantua,Week2,Long Branch,Week5,272.0 Mantua - 130.0 Long Branch
Mantua,Week5,Poplar Heights,Week4,260.0 Mantua - 142.0 Poplar Heights
Mansion House,Week2,South Run,Week4,228.5 Mansion House - 167.5 South Run
Mansion House,Week2,South Run,Week1,205.0 Mansion House - 187.0 South Run
Long Branch,Week2,Vienna Aquatic,Week1,303.0 Vienna Aquatic - 99.0 Long Branch
Mantua,Week3,Little Rocky Run,Week5,222.0 Little Rocky Run - 180.0 Mantua
Mansion House,Week5,Brandywine,Week1,253.0 Mansion House - 149.0 Brandywine
Mantua,Week3,Dominion Hills,Week3,288.0 Mantua - 114.0 Dominion Hills
Mantua,Week1,Little Rocky Run,Week3,248.0 Little Rocky Run - 154.0 Mantua
Mansion House,Week3,South Run,Week1,226.0 Mansion House - 167.0 South Run
Mantua,Week3,Poplar Tree,Week3,227.0 Mantua - 175.0 Poplar Tree
Mantua,Week4,Poplar Tree,Week3,217.0 Poplar Tree - 185.0 Mantua
Mantua,Week1,Long Branch,Week3,289.0 Mantua - 112.0 Long Branch
Mantua,Week3,Dominion Hills,Week1,286.0 Mantua - 116.0 Dominion Hills
Long Branch,Week2,Vienna Aquatic,Week3,312.0 Vienna Aquatic - 90.0 Long Branch
Mansion House,Week4,Brandywine,Week3,212.0 Mansion House - 185.0 Brandywine
Mantua,Week4,Fair Oaks ,Week3,231.0 Mantua - 171.0 Fair Oaks
Mantua,Week5,Poplar Heights,Week1,259.0 Mantua - 143.0 Poplar Heights
Mansion House,Week2,Bren Mar-Edsall Park,Week1,359.0 Mansion House - 42.0 Bren Mar-Edsall Park
Mantua,Week3,Fair Oaks ,Week5,240.0 Mantua - 162.0 Fair Oaks
Mansion House,Week2,South Run,Week5,201.0 Mansion House - 201.0 South Run
Mansion House,Week5,Crosspointe,Week4,217.0 Crosspointe - 185.0 Mansion House
Mansion House,Week5,Brandywine,Week5,225.0 Mansion House - 177.0 Brandywine
Mantua,Week1,Poplar Tree,Week4,226.0 Mantua - 176.0 Poplar Tree
Long Branch,Week4,Vienna Aquatic,Week1,311.0 Vienna Aquatic - 91.0 Long Branch
Mantua,Week5,Fair Oaks ,Week1,249.0 Mantua - 153.0 Fair Oaks
Mansion House,Week2,South Run,Week2,229.0 Mansion House - 172.0 South Run
Mantua,Week1,Donaldson Run,Week2,260.0 Donaldson Run - 142.0 Mantua
Mantua,Week2,Little Rocky Run,Week2,219.0 Little Rocky Run - 183.0 Mantua
Mantua,Week4,Dominion Hills,Week1,260.0 Mantua - 142.0 Dominion Hills
Long Branch,Week3,Vienna Aquatic,Week4,304.0 Vienna Aquatic - 98.0 Long Branch
Mansion House,Week1,Daventry,Week1,314.0 Mansion House - 88.0 Daventry
Mansion House,Week1,Crosspointe,Week1,246.0 Crosspointe - 156.0 Mansion House
Mantua,Week3,Fair Oaks ,Week3,258.0 Mantua - 144.0 Fair Oaks
Mantua,Week5,Dominion Hills,Week3,288.0 Mantua - 114.0 Dominion Hills
Mansion House,Week5,Crosspointe,Week3,222.5 Crosspointe - 179.5 Mansion House
Mantua,Week4,Poplar Tree,Week5,230.0 Poplar Tree - 172.0 Mantua
Mansion House,Week1,Bren Mar-Edsall Park,Week5,351.0 Mansion House - 46.0 Bren Mar-Edsall Park
Mantua,Week5,Fair Oaks ,Week2,271.0 Mantua - 131.0 Fair Oaks
Mansion House,Week1,Bren Mar-Edsall Park,Week1,355.0 Mansion House - 47.0 Bren Mar-Edsall Park
Mansion House,Week1,Daventry,Week3,321.0 Mansion House - 81.0 Daventry
Mantua,Week5,Fair Oaks ,Week3,248.0 Mantua - 154.0 Fair Oaks
Mansion House,Week4,Brandywine,Week4,209.0 Brandywine - 193.0 Mansion House
Mansion House,Week4,South Run,Week5,214.0 South Run - 188.0 Mansion House
Mantua,Week5,Dominion Hills,Week1,277.0 Mantua - 125.0 Dominion Hills
Mansion House,Week2,Daventry,Week1,305.5 Mansion House - 96.5 Daventry
Mantua,Week1,Poplar Tree,Week1,205.5 Poplar Tree - 196.5 Mantua
Mansion House,Week3,South Run,Week2,243.0 Mansion House - 159.0 South Run
Mantua,Week5,Little Rocky Run,Week3,220.5 Little Rocky Run - 181.5 Mantua
Mantua,Week5,Fair Oaks ,Week5,232.0 Mantua - 170.0 Fair Oaks
Mansion House,Week5,Crosspointe,Week5,252.0 Crosspointe - 150.0 Mansion House
Mansion House,Week3,South Run,Week3,242.5 Mansion House - 159.5 South Run
Mantua,Week4,Little Rocky Run,Week4,219.0 Little Rocky Run - 183.0 Mantua
Mantua,Week5,Fair Oaks ,Week4,261.5 Mantua - 140.5 Fair Oaks
Mantua,Week1,Donaldson Run,Week5,281.0 Donaldson Run - 121.0 Mantua
Mantua,Week5,Poplar Heights,Week3,260.0 Mantua - 142.0 Poplar Heights
Mantua,Week5,Little Rocky Run,Week2,222.0 Mantua - 180.0 Little Rocky Run
Mansion House,Week3,South Run,Week4,249.0 Mansion House - 153.0 South Run
Mansion House,Week1,Bren Mar-Edsall Park,Week4,352.0 Mansion House - 45.0 Bren Mar-Edsall Park
Mansion House,Week1,Daventry,Week4,327.0 Mansion House - 75.0 Daventry
Mantua,Week5,Dominion Hills,Week4,266.0 Mantua - 136.0 Dominion Hills
Mansion House,Week1,Dominion Hills,Week2,220.0 Mansion House - 182.0 Dominion Hills
Mantua,Week3,Dominion Hills,Week2,290.0 Mantua - 112.0 Dominion Hills
Mantua,Week3,Dominion Hills,Week4,265.0 Mantua - 137.0 Dominion Hills
Mansion House,Week2,Daventry,Week3,310.0 Mansion House - 91.0 Daventry
Mansion House,Week3,Dominion Hills,Week1,244.0 Mansion House - 158.0 Dominion Hills
Mantua,Week5,Poplar Tree,Week3,240.0 Mantua - 162.0 Poplar Tree
Mantua,Week4,Fair Oaks ,Week4,238.0 Mantua - 164.0 Fair Oaks
Mansion House,Week4,South Run,Week2,211.0 Mansion House - 191.0 South Run
Mantua,Week1,Little Rocky Run,Week4,238.0 Little Rocky Run - 164.0 Mantua
Mansion House,Week5,South Run,Week5,221.0 Mansion House - 181.0 South Run
Mantua,Week2,Fair Oaks ,Week4,234.0 Mantua - 168.0 Fair Oaks
Mantua,Week4,Fair Oaks ,Week2,259.0 Mantua - 143.0 Fair Oaks
Mansion House,Week2,Bren Mar-Edsall Park,Week4,348.0 Mansion House - 49.0 Bren Mar-Edsall Park
Mantua,Week5,Poplar Tree,Week2,243.0 Mantua - 159.0 Poplar Tree
Mansion House,Week2,Bren Mar-Edsall Park,Week3,348.0 Mansion House - 54.0 Bren Mar-Edsall Park
Mantua,Week5,Poplar Tree,Week1,227.0 Mantua - 175.0 Poplar Tree
Mantua,Week2,Donaldson Run,Week1,245.0 Donaldson Run - 157.0 Mantua
Mantua,Week1,Fairfax,Week2,234.0 Fairfax - 168.0 Mantua
Mantua,Week1,Fairfax,Week1,225.0 Fairfax - 177.0 Mantua
Mantua,Week3,Dominion Hills,Week5,247.0 Mantua - 155.0 Dominion Hills
Mantua,Week4,Little Rocky Run,Week3,242.0 Little Rocky Run - 160.0 Mantua
Mantua,Week4,Little Rocky Run,Week1,209.0 Little Rocky Run - 193.0 Mantua
Mantua,Week4,Dominion Hills,Week3,258.0 Mantua - 144.0 Dominion Hills
Mantua,Week2,Little Rocky Run,Week4,247.0 Little Rocky Run - 155.0 Mantua
Mantua,Week4,Poplar Tree,Week1,203.0 Poplar Tree - 199.0 Mantua
Mantua,Week2,Donaldson Run,Week3,269.0 Donaldson Run - 133.0 Mantua
Mansion House,Week3,Brandywine,Week1,248.5 Mansion House - 153.5 Brandywine
Mansion House,Week4,South Run,Week1,204.0 South Run - 189.0 Mansion House
Mantua,Week4,Poplar Tree,Week4,225.0 Mantua - 177.0 Poplar Tree
Mansion House,Week4,Brandywine,Week5,209.0 Brandywine - 193.0 Mansion House
Mansion House,Week5,South Run,Week4,243.0 Mansion House - 159.0 South Run
Mantua,Week4,Little Rocky Run,Week2,209.0 Little Rocky Run - 193.0 Mantua
Mansion House,Week2,Bren Mar-Edsall Park,Week2,360.0 Mansion House - 36.0 Bren Mar-Edsall Park
Mansion House,Week5,South Run,Week2,237.0 Mansion House - 165.0 South Run
Mansion House,Week5,Daventry,Week2,327.0 Mansion House - 75.0 Daventry
Mantua,Week4,Little Rocky Run,Week5,243.0 Little Rocky Run - 159.0 Mantua
Mantua,Week3,Poplar Tree,Week4,242.0 Mantua - 160.0 Poplar Tree
Mansion House,Week4,Daventry,Week3,303.0 Mansion House - 99.0 Daventry
Mantua,Week1,Fairfax,Week4,220.0 Fairfax - 182.0 Mantua
Mantua,Week3,Fair Oaks ,Week1,252.0 Mantua - 150.0 Fair Oaks
Mansion House,Week2,Dominion Hills,Week1,244.0 Mansion House - 158.0 Dominion Hills
Mantua,Week5,Little Rocky Run,Week1,219.0 Mantua - 183.0 Little Rocky Run
Mansion House,Week3,Brandywine,Week4,231.0 Mansion House - 171.0 Brandywine
Mantua,Week3,Ravensworth Farm,Week2,266.0 Mantua - 136.0 Ravensworth Farm
Mantua,Week2,Donaldson Run,Week4,266.0 Donaldson Run - 136.0 Mantua
Mansion House,Week2,Bren Mar-Edsall Park,Week5,344.0 Mansion House - 53.0 Bren Mar-Edsall Park
Mansion House,Week4,Brandywine,Week1,216.0 Mansion House - 186.0 Brandywine
Mantua,Week5,Fairfax,Week4,203.0 Fairfax - 199.0 Mantua
Mantua,Week1,Little Rocky Run,Week5,254.5 Little Rocky Run - 142.5 Mantua
Mantua,Week1,Little Rocky Run,Week2,222.0 Little Rocky Run - 180.0 Mantua
Mansion House,Week5,South Run,Week3,231.0 Mansion House - 171.0 South Run
Mantua,Week1,Ravensworth Farm,Week1,230.0 Mantua - 172.0 Ravensworth Farm
Mantua,Week4,Dominion Hills,Week2,249.0 Mantua - 153.0 Dominion Hills
Mantua,Week3,Little Rocky Run,Week1,213.0 Mantua - 189.0 Little Rocky Run
Mansion House,Week3,Brandywine,Week3,232.0 Mansion House - 169.0 Brandywine
Mantua,Week5,Poplar Tree,Week5,209.0 Poplar Tree - 193.0 Mantua
Mantua,Week2,Fairfax,Week1,227.0 Fairfax - 175.0 Mantua
Mantua,Week1,Ravensworth Farm,Week2,244.0 Mantua - 157.0 Ravensworth Farm
Mantua,Week2,Fairfax,Week4,222.0 Fairfax - 180.0 Mantua
Mansion House,Week2,Springboard,Week3,284.0 Mansion House - 114.0 Springboard
Mansion House,Week3,Daventry,Week4,328.0 Mansion House - 74.0 Daventry
Mansion House,Week2,Daventry,Week5,285.0 Mansion House - 106.0 Daventry
Mansion House,Week1,Springboard,Week2,313.0 Mansion House - 83.0 Springboard
Mansion House,Week4,South Run,Week3,215.0 Mansion House - 187.0 South Run
Mantua,Week2,Donaldson Run,Week5,278.0 Donaldson Run - 124.0 Mantua
Mantua,Week4,Poplar Tree,Week2,205.0 Mantua - 197.0 Poplar Tree
Mansion House,Week2,Brandywine,Week5,211.0 Brandywine - 191.0 Mansion House
Mansion House,Week5,Daventry,Week3,328.0 Mansion House - 74.0 Daventry
Mantua,Week2,Little Rocky Run,Week3,256.0 Little Rocky Run - 146.0 Mantua
Mansion House,Week3,Dominion Hills,Week3,240.5 Mansion House - 161.5 Dominion Hills
Mansion House,Week1,Springboard,Week5,288.0 Mansion House - 113.0 Springboard
Mantua,Week4,Dominion Hills,Week4,225.0 Mantua - 177.0 Dominion Hills
Mantua,Week1,Donaldson Run,Week3,260.0 Donaldson Run - 142.0 Mantua
Mansion House,Week3,Brandywine,Week2,238.0 Mansion House - 164.0 Brandywine
Mansion House,Week3,Daventry,Week2,321.0 Mansion House - 80.0 Daventry
Mantua,Week2,Ravensworth Farm,Week1,206.0 Mantua - 196.0 Ravensworth Farm
Mantua,Week4,Fairfax,Week3,219.0 Fairfax - 183.0 Mantua
Mansion House,Week3,Daventry,Week3,311.0 Mansion House - 91.0 Daventry
Mansion House,Week2,Springboard,Week5,273.0 Mansion House - 125.0 Springboard
Mantua,Week2,Ravensworth Farm,Week2,231.0 Mantua - 171.0 Ravensworth Farm
Mansion House,Week4,Daventry,Week5,274.0 Mansion House - 123.0 Daventry
Mantua,Week2,Little Rocky Run,Week5,257.0 Little Rocky Run - 145.0 Mantua
Mansion House,Week2,Dominion Hills,Week3,237.0 Mansion House - 165.0 Dominion Hills
Mantua,Week1,Fairfax,Week3,224.0 Fairfax - 178.0 Mantua
Mantua,Week2,Donaldson Run,Week2,263.0 Donaldson Run - 139.0 Mantua
Mansion House,Week2,Springboard,Week4,275.0 Mansion House - 121.0 Springboard
Mansion House,Week4,South Run,Week4,216.0 Mansion House - 185.0 South Run
Mansion House,Week5,Brandywine,Week2,253.0 Mansion House - 149.0 Brandywine
Mantua,Week3,Little Rocky Run,Week2,209.0 Mantua - 193.0 Little Rocky Run
Mansion House,Week5,Brandywine,Week4,234.0 Mansion House - 168.0 Brandywine
Mantua,Week1,Fairfax,Week5,234.0 Fairfax - 168.0 Mantua
Mantua,Week2,Ravensworth Farm,Week4,209.0 Mantua - 193.0 Ravensworth Farm
Mansion House,Week4,Brandywine,Week2,217.0 Mansion House - 185.0 Brandywine
Mantua,Week1,Riverside Gardens,Week1,203.0 Mantua - 199.0 Riverside Gardens
Mantua,Week3,Donaldson Run,Week3,218.0 Donaldson Run - 184.0 Mantua
Mantua,Week3,Donaldson Run,Week1,206.0 Donaldson Run - 196.0 Mantua
Mantua,Week5,Little Rocky Run,Week4,207.5 Little Rocky Run - 194.5 Mantua
Mantua,Week3,Fairfax,Week2,217.0 Fairfax - 185.0 Mantua
Mantua,Week2,Little Rocky Run,Week1,241.0 Little Rocky Run - 161.0 Mantua
Mansion House,Week1,Springboard,Week4,289.0 Mansion House - 108.0 Springboard
Mantua,Week3,Fairfax,Week5,231.0 Fairfax - 171.0 Mantua
Mantua,Week5,Ravensworth Farm,Week1,253.0 Mantua - 149.0 Ravensworth Farm
Mantua,Week1,Ravensworth Farm,Week5,202.0 Mantua - 200.0 Ravensworth Farm
Mantua,Week2,Fairfax,Week3,236.0 Fairfax - 166.0 Mantua
Mansion House,Week4,Daventry,Week4,305.0 Mansion House - 97.0 Daventry
Mantua,Week2,Long Branch,Week4,285.0 Mantua - 117.0 Long Branch
Mansion House,Week1,Springboard,Week1,293.0 Mansion House - 108.0 Springboard
Mantua,Week3,Ravensworth Farm,Week5,228.5 Mantua - 173.5 Ravensworth Farm
Mansion House,Week1,Springboard,Week3,286.0 Mansion House - 115.0 Springboard
Mansion House,Week5,Daventry,Week1,323.0 Mansion House - 79.0 Daventry
Mantua,Week3,Donaldson Run,Week5,254.0 Donaldson Run - 148.0 Mantua
Mantua,Week5,Donaldson Run,Week2,230.0 Donaldson Run - 172.0 Mantua
Mantua,Week2,Dowden Terrace,Week1,242.0 Mantua - 154.0 Dowden Terrace
Mansion House,Week3,Daventry,Week1,323.0 Mansion House - 79.0 Daventry
Mantua,Week1,Ravensworth Farm,Week3,213.0 Mantua - 189.0 Ravensworth Farm
Mansion House,Week3,Daventry,Week5,302.5 Mansion House - 99.5 Daventry
Mantua,Week1,Long Branch,Week1,278.0 Mantua - 119.0 Long Branch
Mantua,Week1,Long Branch,Week5,278.0 Mantua - 124.0 Long Branch
Mantua,Week4,Donaldson Run,Week2,257.0 Donaldson Run - 145.0 Mantua
Mantua,Week2,Long Branch,Week2,277.0 Mantua - 125.0 Long Branch
Mantua,Week2,Long Branch,Week3,278.0 Mantua - 124.0 Long Branch
Mantua,Week1,Dowden Terrace,Week1,262.0 Mantua - 139.0 Dowden Terrace
Mantua,Week2,Ravensworth Farm,Week3,212.0 Ravensworth Farm - 190.0 Mantua
Mantua,Week4,Fairfax,Week2,232.0 Fairfax - 170.0 Mantua
Mansion House,Week5,South Run,Week1,212.0 Mansion House - 181.0 South Run
Mantua,Week2,Fairfax,Week2,233.0 Fairfax - 169.0 Mantua
Mansion House,Week3,Springboard,Week1,295.0 Mansion House - 106.0 Springboard
Mansion House,Week4,Daventry,Week2,298.5 Mansion House - 102.5 Daventry
Mantua,Week1,Dowden Terrace,Week2,248.0 Mantua - 154.0 Dowden Terrace
Mansion House,Week4,Daventry,Week1,311.0 Mansion House - 90.0 Daventry
Mantua,Week5,Fairfax,Week1,234.0 Mantua - 168.0 Fairfax
Mantua,Week2,Ravensworth Farm,Week5,203.0 Mantua - 199.0 Ravensworth Farm
Mantua,Week1,Long Branch,Week4,280.0 Mantua - 122.0 Long Branch
Mansion House,Week5,Daventry,Week4,335.0 Mansion House - 67.0 Daventry
Mantua,Week4,Fairfax,Week5,238.0 Fairfax - 164.0 Mantua
Mansion House,Week2,Springboard,Week1,274.0 Mansion House - 124.0 Springboard
Mansion House,Week2,Springboard,Week2,302.0 Mansion House - 86.0 Springboard
Mantua,Week1,Dowden Terrace,Week5,221.0 Mantua - 181.0 Dowden Terrace
Mantua,Week4,Fairfax Club Estates,Week2,301.0 Mantua - 101.0 Fairfax Club Estates
Mantua,Week2,Dowden Terrace,Week2,236.0 Mantua - 166.0 Dowden Terrace
Mansion House,Week3,Springboard,Week3,289.0 Mansion House - 112.0 Springboard
Mantua,Week3,Dowden Terrace,Week1,283.0 Mantua - 118.0 Dowden Terrace
Mantua,Week3,Long Branch,Week5,299.0 Mantua - 103.0 Long Branch
Mansion House,Week3,Pinecrest,Week2,231.0 Pinecrest - 171.0 Mansion House
Mansion House,Week3,Pinecrest,Week4,227.0 Pinecrest - 175.0 Mansion House
Mantua,Week3,Mansion House,Week4,265.0 Mantua - 137.0 Mansion House
Mansion House,Week3,Dominion Hills,Week2,236.0 Mansion House - 166.0 Dominion Hills
Mantua,Week4,Fairfax,Week4,225.0 Fairfax - 177.0 Mantua
Mantua,Week2,Dowden Terrace,Week3,255.0 Mantua - 147.0 Dowden Terrace
Mantua,Week3,Fairfax Club Estates,Week5,314.0 Mantua - 87.0 Fairfax Club Estates
Mansion House,Week5,Daventry,Week5,305.0 Mansion House - 97.0 Daventry
Mantua,Week3,Ravensworth Farm,Week3,233.5 Mantua - 168.5 Ravensworth Farm
Mantua,Week3,Ravensworth Farm,Week1,261.5 Mantua - 140.5 Ravensworth Farm
Mantua,Week2,Fairfax,Week5,240.5 Fairfax - 161.5 Mantua
Mantua,Week5,Ravensworth Farm,Week3,242.0 Mantua - 160.0 Ravensworth Farm
Mantua,Week1,Ravensworth Farm,Week4,229.0 Mantua - 173.0 Ravensworth Farm
Mantua,Week3,Long Branch,Week2,316.0 Mantua - 86.0 Long Branch
Mansion House,Week1,Pinewood Lake,Week4,355.0 Mansion House - 46.0 Pinewood Lake
Mansion House,Week3,Springboard,Week2,306.0 Mansion House - 95.0 Springboard
Mantua,Week2,Mansion House,Week2,227.0 Mantua - 175.0 Mansion House
Mantua,Week5,Long Branch,Week4,315.0 Mantua - 87.0 Long Branch
Mansion House,Week1,Dominion Hills,Week5,212.0 Dominion Hills - 190.0 Mansion House
Mantua,Week4,Ravensworth Farm,Week3,210.0 Mantua - 192.0 Ravensworth Farm
Mantua,Week1,Fairfax Club Estates,Week2,293.0 Mantua - 108.0 Fairfax Club Estates
Mantua,Week5,Long Branch,Week5,293.0 Mantua - 109.0 Long Branch
Mantua,Week3,Dowden Terrace,Week2,278.0 Mantua - 124.0 Dowden Terrace
Mantua,Week3,Dowden Terrace,Week3,294.0 Mantua - 108.0 Dowden Terrace
Mansion House,Week1,Dominion Hills,Week3,232.0 Mansion House - 170.0 Dominion Hills
Mansion House,Week3,Springboard,Week4,293.0 Mansion House - 109.0 Springboard
Mansion House,Week2,Pinecrest,Week2,238.0 Pinecrest - 164.0 Mansion House
Mantua,Week4,Ravensworth Farm,Week5,215.0 Mantua - 187.0 Ravensworth Farm
Mantua,Week5,Fairfax Club Estates,Week2,328.0 Mantua - 74.0 Fairfax Club Estates
Mansion House,Week1,Dominion Hills,Week4,210.0 Dominion Hills - 192.0 Mansion House
Mansion House,Week2,Dominion Hills,Week2,224.0 Mansion House - 178.0 Dominion Hills
Mantua,Week2,Dowden Terrace,Week4,231.0 Mantua - 171.0 Dowden Terrace
Mantua,Week5,Ravensworth Farm,Week4,250.5 Mantua - 151.5 Ravensworth Farm
Mansion House,Week2,Dominion Hills,Week4,208.0 Dominion Hills - 194.0 Mansion House
Mantua,Week4,Long Branch,Week1,290.0 Mantua - 112.0 Long Branch
Mansion House,Week5,Pinecrest,Week1,222.0 Pinecrest - 180.0 Mansion House
Mansion House,Week2,Pinecrest,Week3,252.0 Pinecrest - 150.0 Mansion House
Mansion House,Week2,Pinecrest,Week1,230.0 Pinecrest - 172.0 Mansion House
Mantua,Week1,Fairfax Club Estates,Week4,273.0 Mantua - 129.0 Fairfax Club Estates
Mansion House,Week1,Dominion Hills,Week1,236.0 Mansion House - 166.0 Dominion Hills
Mantua,Week5,Donaldson Run,Week4,227.0 Donaldson Run - 175.0 Mantua
Mantua,Week5,Fairfax,Week2,207.0 Mantua - 195.0 Fairfax
Mantua,Week5,Long Branch,Week2,314.0 Mantua - 88.0 Long Branch
Mantua,Week5,Fairfax,Week3,201.0 Fairfax - 201.0 Mantua
Mansion House,Week3,Pinecrest,Week3,243.0 Pinecrest - 159.0 Mansion House
Mantua,Week5,Ravensworth Farm,Week2,272.0 Mantua - 130.0 Ravensworth Farm
Mantua,Week1,Fairfax Club Estates,Week5,283.0 Mantua - 118.0 Fairfax Club Estates
Mansion House,Week2,Dominion Hills,Week5,209.0 Mansion House - 193.0 Dominion Hills
Mantua,Week4,Long Branch,Week3,298.0 Mantua - 104.0 Long Branch
Mansion House,Week5,Cottontail,Week5,252.0 Mansion House - 150.0 Cottontail
Mantua,Week4,Riverside Gardens,Week2,207.0 Mantua - 195.0 Riverside Gardens
Mantua,Week2,Riverside Gardens,Week1,209.0 Riverside Gardens - 193.0 Mantua
Mantua,Week3,Fairfax,Week3,224.0 Fairfax - 178.0 Mantua
Mantua,Week5,Donaldson Run,Week5,248.0 Donaldson Run - 154.0 Mantua
Mantua,Week5,Long Branch,Week3,318.5 Mantua - 83.5 Long Branch
Mantua,Week1,Dowden Terrace,Week4,232.0 Mantua - 165.0 Dowden Terrace
Mantua,Week5,Donaldson Run,Week1,216.0 Donaldson Run - 186.0 Mantua
Mantua,Week4,Riverside Gardens,Week4,236.0 Riverside Gardens - 166.0 Mantua
Mantua,Week1,Fairfax Club Estates,Week3,287.0 Mantua - 114.0 Fairfax Club Estates
Mansion House,Week5,Pinecrest,Week3,235.0 Pinecrest - 167.0 Mansion House
Mantua,Week5,Donaldson Run,Week3,233.0 Donaldson Run - 169.0 Mantua
Mansion House,Week1,Pinewood Lake,Week2,361.0 Mansion House - 35.0 Pinewood Lake
Mantua,Week4,Ravensworth Farm,Week4,224.0 Mantua - 178.0 Ravensworth Farm
Mantua,Week4,Ravensworth Farm,Week2,255.5 Mantua - 146.5 Ravensworth Farm
Mantua,Week4,Fairfax,Week1,213.0 Mantua - 189.0 Fairfax
Mantua,Week2,Mansion House,Week4,238.0 Mantua - 164.0 Mansion House
Mansion House,Week2,Pinewood Lake,Week5,340.0 Mansion House - 61.0 Pinewood Lake
Mansion House,Week3,Country Club Hills,Week3,260.0 Mansion House - 142.0 Country Club Hills
Mantua,Week4,Ravensworth Farm,Week1,239.0 Mantua - 163.0 Ravensworth Farm
Mantua,Week2,Fairfax Club Estates,Week1,276.0 Mantua - 126.0 Fairfax Club Estates
Mantua,Week5,Riverside Gardens,Week5,211.0 Riverside Gardens - 191.0 Mantua
Mantua,Week3,Ravensworth Farm,Week4,248.0 Mantua - 154.0 Ravensworth Farm
Mansion House,Week4,Pinecrest,Week1,231.0 Pinecrest - 171.0 Mansion House
Mantua,Week3,Mansion House,Week2,252.0 Mantua - 150.0 Mansion House
Mantua,Week5,Fairfax,Week5,221.0 Fairfax - 181.0 Mantua
Mantua,Week3,Mansion House,Week5,264.0 Mantua - 138.0 Mansion House
Mansion House,Week3,Country Club Hills,Week5,244.0 Mansion House - 158.0 Country Club Hills
Mantua,Week2,Dowden Terrace,Week5,220.0 Mantua - 182.0 Dowden Terrace
Mantua,Week3,Fairfax,Week1,215.0 Mantua - 187.0 Fairfax
Mantua,Week3,Fairfax,Week4,208.0 Fairfax - 194.0 Mantua
Mantua,Week5,Ravensworth Farm,Week5,230.0 Mantua - 172.0 Ravensworth Farm
Mantua,Week1,Dowden Terrace,Week3,259.0 Mantua - 143.0 Dowden Terrace
Mansion House,Week2,Country Club Hills,Week5,216.0 Mansion House - 186.0 Country Club Hills
Mansion House,Week3,Cottontail,Week1,247.5 Mansion House - 154.5 Cottontail
Mansion House,Week1,Country Club Hills,Week5,240.0 Mansion House - 162.0 Country Club Hills
Mantua,Week1,Mansion House,Week1,226.0 Mantua - 171.0 Mansion House
Mantua,Week4,Donaldson Run,Week4,256.0 Donaldson Run - 146.0 Mantua
Mantua,Week2,Mansion House,Week3,220.0 Mantua - 182.0 Mansion House
Mansion House,Week1,Country Club Hills,Week1,248.0 Mansion House - 154.0 Country Club Hills
Mantua,Week1,Mansion House,Week5,202.0 Mansion House - 200.0 Mantua
Mansion House,Week2,Country Club Hills,Week2,240.0 Mansion House - 162.0 Country Club Hills
Mansion House,Week4,Pinewood Lake,Week1,355.0 Mansion House - 31.0 Pinewood Lake
Mantua,Week1,Mansion House,Week2,227.0 Mantua - 170.0 Mansion House
Mansion House,Week3,Pinecrest,Week5,238.0 Pinecrest - 164.0 Mansion House
Mantua,Week4,Donaldson Run,Week5,280.0 Donaldson Run - 122.0 Mantua
Mantua,Week1,Mansion House,Week3,207.0 Mantua - 195.0 Mansion House
Mansion House,Week1,Pinewood Lake,Week3,360.0 Mansion House - 41.0 Pinewood Lake
Mansion House,Week3,Cottontail,Week4,265.0 Mansion House - 137.0 Cottontail
Mansion House,Week4,Cottontail,Week3,242.0 Mansion House - 160.0 Cottontail
Mantua,Week4,Riverside Gardens,Week3,215.0 Riverside Gardens - 187.0 Mantua
Mantua,Week2,Fairfax Club Estates,Week4,283.0 Mantua - 119.0 Fairfax Club Estates
Mantua,Week4,Riverside Gardens,Week1,202.0 Mantua - 200.0 Riverside Gardens
Mantua,Week3,Riverside Gardens,Week2,240.0 Mantua - 162.0 Riverside Gardens
Mantua,Week3,Fairfax Club Estates,Week2,326.0 Mantua - 76.0 Fairfax Club Estates
Mansion House,Week1,Pinecrest,Week4,251.0 Pinecrest - 151.0 Mansion House
Mantua,Week3,Long Branch,Week3,318.0 Mantua - 84.0 Long Branch
Mantua,Week1,Fairfax Club Estates,Week1,281.0 Mantua - 120.0 Fairfax Club Estates
Mantua,Week2,Mansion House,Week1,226.0 Mantua - 176.0 Mansion House
Mantua,Week3,Riverside Gardens,Week4,202.0 Mantua - 200.0 Riverside Gardens
Mantua,Week5,Long Branch,Week1,310.0 Mantua - 92.0 Long Branch
Mansion House,Week1,Pinecrest,Week3,253.0 Pinecrest - 149.0 Mansion House
Mansion House,Week5,Cottontail,Week1,243.0 Mansion House - 159.0 Cottontail
Mansion House,Week4,Cottontail,Week2,248.0 Mansion House - 154.0 Cottontail
Mantua,Week1,Riverside Gardens,Week3,220.0 Riverside Gardens - 182.0 Mantua
Mantua,Week2,Fairfax Club Estates,Week2,298.0 Mantua - 104.0 Fairfax Club Estates
Mansion House,Week1,Pinewood Lake,Week1,358.0 Mansion House - 37.0 Pinewood Lake
Mantua,Week5,Riverside Gardens,Week1,226.0 Mantua - 176.0 Riverside Gardens
Mantua,Week2,Fairfax Club Estates,Week3,297.0 Mantua - 105.0 Fairfax Club Estates
Mansion House,Week5,Pinecrest,Week4,232.0 Pinecrest - 170.0 Mansion House
Mantua,Week3,Fairfax Club Estates,Week3,326.0 Mantua - 76.0 Fairfax Club Estates
Mantua,Week2,Mansion House,Week5,212.0 Mantua - 190.0 Mansion House
Mantua,Week2,Fairfax Club Estates,Week5,293.0 Mantua - 103.0 Fairfax Club Estates
Mansion House,Week3,Cottontail,Week3,270.0 Mansion House - 132.0 Cottontail
Mansion House,Week1,Pinecrest,Week5,249.0 Pinecrest - 153.0 Mansion House
Mantua,Week3,Long Branch,Week1,311.0 Mantua - 91.0 Long Branch
Mansion House,Week4,Cottontail,Week1,232.0 Mansion House - 170.0 Cottontail
Mansion House,Week2,Pinecrest,Week5,256.0 Pinecrest - 145.0 Mansion House
Mantua,Week3,Riverside Gardens,Week5,205.0 Riverside Gardens - 197.0 Mantua
Mantua,Week4,Long Branch,Week2,283.0 Mantua - 119.0 Long Branch
Mantua,Week3,Fairfax Club Estates,Week1,314.0 Mantua - 88.0 Fairfax Club Estates
Mansion House,Week4,Pinecrest,Week2,251.5 Pinecrest - 150.5 Mansion House
Mansion House,Week4,Cottontail,Week5,227.0 Mansion House - 175.0 Cottontail
Mansion House,Week3,Cottontail,Week5,238.0 Mansion House - 164.0 Cottontail
Mantua,Week3,Mansion House,Week1,257.0 Mantua - 145.0 Mansion House
Mansion House,Week2,Cottontail,Week2,247.0 Mansion House - 155.0 Cottontail
Mantua,Week3,Mansion House,Week3,244.0 Mantua - 158.0 Mansion House
Mantua,Week4,Fairfax Club Estates,Week1,293.0 Mantua - 109.0 Fairfax Club Estates
Mantua,Week4,Long Branch,Week5,284.5 Mantua - 117.5 Long Branch
Mansion House,Week4,Pinecrest,Week4,261.0 Pinecrest - 141.0 Mansion House
Mansion House,Week5,Pinecrest,Week5,248.0 Pinecrest - 154.0 Mansion House
Mantua,Week5,Riverside Gardens,Week4,202.0 Mantua - 200.0 Riverside Gardens
Mansion House,Week5,Cottontail,Week2,272.0 Mansion House - 130.0 Cottontail
Mantua,Week2,Riverside Gardens,Week2,203.0 Mantua - 199.0 Riverside Gardens
Mantua,Week2,Riverside Gardens,Week4,246.0 Riverside Gardens - 156.0 Mantua
Mantua,Week3,Fairfax Club Estates,Week4,308.0 Mantua - 94.0 Fairfax Club Estates
Mantua,Week2,Riverside Gardens,Week3,230.0 Riverside Gardens - 172.0 Mantua
Mantua,Week4,Fairfax Club Estates,Week4,280.0 Mantua - 122.0 Fairfax Club Estates
Mansion House,Week5,Pinecrest,Week2,222.0 Pinecrest - 180.0 Mansion House
Mantua,Week3,Long Branch,Week4,315.0 Mantua - 87.0 Long Branch
Mantua,Week4,Fairfax Club Estates,Week3,303.0 Mantua - 99.0 Fairfax Club Estates
Mansion House,Week4,Cottontail,Week4,237.0 Mansion House - 165.0 Cottontail
Mansion House,Week3,Pinecrest,Week1,217.5 Pinecrest - 184.5 Mansion House
Mansion House,Week5,Cottontail,Week3,275.0 Mansion House - 127.0 Cottontail
Mantua,Week4,Long Branch,Week4,293.0 Mantua - 109.0 Long Branch
Mantua,Week5,Riverside Gardens,Week2,237.5 Mantua - 164.5 Riverside Gardens
Mansion House,Week2,Pinecrest,Week4,256.0 Pinecrest - 146.0 Mansion House
Mansion House,Week1,Country Club Hills,Week4,258.0 Mansion House - 144.0 Country Club Hills
Mantua,Week4,Riverside Gardens,Week5,246.0 Riverside Gardens - 156.0 Mantua
Mantua,Week2,Fairfax Station,Week1,206.0 Fairfax Station - 196.0 Mantua
Mansion House,Week2,Cottontail,Week5,230.0 Mansion House - 172.0 Cottontail
Mantua,Week3,Riverside Gardens,Week3,221.0 Mantua - 181.0 Riverside Gardens
Mantua,Week4,Mantua,Week3,239.0 Mantua (M2) - 163.0 Mantua (M1)
Mansion House,Week2,Cottontail,Week3,246.0 Mansion House - 156.0 Cottontail
Mantua,Week2,Fairfax Station,Week4,215.0 Fairfax Station - 187.0 Mantua
Mansion House,Week2,Pinewood Lake,Week4,343.0 Mansion House - 58.0 Pinewood Lake
Mantua,Week1,Mantua,Week5,249.0 Mantua (M2) - 153.0 Mantua (M1)
Mansion House,Week4,Pinecrest,Week3,260.5 Pinecrest - 141.5 Mansion House
Mansion House,Week2,Pinewood Lake,Week2,352.0 Mansion House - 44.0 Pinewood Lake
Mantua,Week3,Riverside Gardens,Week1,231.0 Mantua - 171.0 Riverside Gardens
Mansion House,Week3,Cottontail,Week2,263.0 Mansion House - 139.0 Cottontail
Mansion House,Week5,Cottontail,Week4,261.0 Mansion House - 141.0 Cottontail
Mantua,Week5,Fairfax Club Estates,Week1,312.0 Mantua - 90.0 Fairfax Club Estates
Mantua,Week5,Mansion House,Week1,264.0 Mantua - 138.0 Mansion House
Mantua,Week1,Fairfax Station,Week4,220.0 Fairfax Station - 182.0 Mantua
Mantua,Week4,Fairfax Club Estates,Week5,295.0 Mantua - 107.0 Fairfax Club Estates
Mansion House,Week2,Pinewood Lake,Week3,352.0 Mansion House - 48.0 Pinewood Lake
Mansion House,Week4,Pinecrest,Week5,261.0 Pinecrest - 141.0 Mansion House
Mantua,Week5,Riverside Gardens,Week3,213.0 Mantua - 189.0 Riverside Gardens
Mantua,Week1,Mansion House,Week4,229.0 Mantua - 167.0 Mansion House
Mansion House,Week2,Cottontail,Week4,245.5 Mansion House - 156.5 Cottontail
Mantua,Week1,Riverside Gardens,Week5,233.0 Riverside Gardens - 169.0 Mantua
Mansion House,Week1,Pinewood Lake,Week5,346.0 Mansion House - 55.0 Pinewood Lake
Mantua,Week1,Riverside Gardens,Week4,220.0 Riverside Gardens - 182.0 Mantua
Mantua,Week3,Mantua,Week3,201.0 Mantua (M1) - 201.0 Mantua (M2)
Mantua,Week5,Mantua,Week3,202.0 Mantua (M2) - 200.0 Mantua (M1)
Mansion House,Week1,Country Club Hills,Week2,251.0 Mansion House - 151.0 Country Club Hills
Mantua,Week1,Fairfax Station,Week2,225.0 Fairfax Station - 177.0 Mantua
Mantua,Week2,Riverside Gardens,Week5,243.0 Riverside Gardens - 159.0 Mantua
Mansion House,Week2,Pinewood Lake,Week1,353.0 Mansion House - 43.0 Pinewood Lake
Mantua,Week5,Mansion House,Week5,259.0 Mantua - 143.0 Mansion House
Mantua,Week1,Fairfax Station,Week3,229.0 Fairfax Station - 173.0 Mantua
Mantua,Week5,Mantua,Week1,249.0 Mantua (M1) - 153.0 Mantua (M2)
Mantua,Week1,Riverside Gardens,Week2,204.0 Mantua - 198.0 Riverside Gardens
Mansion House,Week1,Country Club Hills,Week3,256.0 Mansion House - 146.0 Country Club Hills
Mantua,Week2,Fairfax Station,Week3,235.0 Fairfax Station - 167.0 Mantua
Mantua,Week5,Mansion House,Week2,256.0 Mantua - 146.0 Mansion House
Mantua,Week2,Rolling Forest,Week3,212.0 Mantua - 190.0 Rolling Forest
Mansion House,Week2,Country Club Hills,Week3,250.0 Mansion House - 152.0 Country Club Hills
Mantua,Week1,Mantua,Week1,197.0 Mantua (M1) - 197.0 Mantua (M2)
Mantua,Week1,Rolling Forest,Week3,223.0 Mantua - 179.0 Rolling Forest
Mantua,Week2,Rolling Forest,Week4,244.0 Mantua - 158.0 Rolling Forest
Mansion House,Week3,Pinewood Lake,Week3,373.0 Mansion House - 29.0 Pinewood Lake
Mansion House,Week3,Country Club Hills,Week2,260.0 Mansion House - 142.0 Country Club Hills
Mansion House,Week3,Pinewood Lake,Week5,359.0 Mansion House - 43.0 Pinewood Lake
Mansion House,Week3,Country Club Hills,Week1,249.0 Mansion House - 153.0 Country Club Hills
Mansion House,Week3,Pinewood Lake,Week1,369.0 Mansion House - 33.0 Pinewood Lake
Mantua,Week5,Fairfax Club Estates,Week4,304.5 Mantua - 97.5 Fairfax Club Estates
Mantua,Week5,Mansion House,Week4,273.0 Mantua - 129.0 Mansion House
Mansion House,Week1,Pleasant Valley,Week2,316.0 Mansion House - 85.0 Pleasant Valley
Mantua,Week4,Mansion House,Week4,255.0 Mantua - 147.0 Mansion House
Mantua,Week3,Fairfax Station,Week1,216.0 Mantua - 186.0 Fairfax Station
Mansion House,Week3,Country Club Hills,Week4,270.0 Mansion House - 132.0 Country Club Hills
Mantua,Week3,Mantua,Week2,248.0 Mantua (M1) - 154.0 Mantua (M2)
Mansion House,Week2,Country Club Hills,Week4,247.0 Mansion House - 155.0 Country Club Hills
Mantua,Week3,Mantua,Week5,202.0 Mantua (M1) - 200.0 Mantua (M2)
Mansion House,Week2,Country Club Hills,Week1,238.0 Mansion House - 164.0 Country Club Hills
Mansion House,Week4,Pinewood Lake,Week5,347.0 Mansion House - 50.0 Pinewood Lake
Mantua,Week2,Fairfax Station,Week2,220.0 Fairfax Station - 177.0 Mantua
Mantua,Week1,Rolling Forest,Week1,246.0 Mantua - 156.0 Rolling Forest
Mantua,Week1,Fairfax Station,Week1,225.0 Fairfax Station - 177.0 Mantua
Mantua,Week1,Rolling Forest,Week5,230.0 Mantua - 172.0 Rolling Forest
Mantua,Week2,Fairfax Station,Week5,228.0 Fairfax Station - 174.0 Mantua
Mantua,Week2,Rolling Forest,Week5,217.0 Mantua - 185.0 Rolling Forest
Mansion House,Week3,Pinewood Lake,Week2,365.0 Mansion House - 37.0 Pinewood Lake
Mantua,Week1,Fairfax Station,Week5,238.0 Fairfax Station - 164.0 Mantua
Mantua,Week3,Fairfax Station,Week3,209.0 Fairfax Station - 193.0 Mantua
Mansion House,Week1,Pleasant Valley,Week3,308.0 Mansion House - 94.0 Pleasant Valley
Mantua,Week4,Mantua,Week2,218.0 Mantua (M1) - 184.0 Mantua (M2)
Mansion House,Week3,Pinewood Lake,Week4,368.0 Mansion House - 34.0 Pinewood Lake
Mantua,Week3,Fairfax Station,Week4,207.0 Mantua - 195.0 Fairfax Station
Mantua,Week3,Rolling Forest,Week1,289.0 Mantua - 113.0 Rolling Forest
Mansion House,Week4,Country Club Hills,Week2,233.0 Mansion House - 169.0 Country Club Hills
Mantua,Week3,Rolling Forest,Week2,273.0 Mantua - 129.0 Rolling Forest
Mantua,Week4,Fairfax Station,Week1,219.0 Fairfax Station - 183.0 Mantua
Mantua,Week1,Rolling Forest,Week4,254.0 Mantua - 148.0 Rolling Forest
Mantua,Week4,Mansion House,Week2,223.0 Mantua - 179.0 Mansion House
Mansion House,Week5,Country Club Hills,Week3,265.0 Mansion House - 137.0 Country Club Hills
Mantua,Week2,Rolling Forest,Week2,231.0 Mantua - 171.0 Rolling Forest
Mantua,Week4,Mantua,Week1,216.0 Mantua (M1) - 186.0 Mantua (M2)
Mansion House,Week5,Country Club Hills,Week4,263.0 Mansion House - 139.0 Country Club Hills
Mansion House,Week2,Pleasant Valley,Week2,316.0 Mansion House - 82.0 Pleasant Valley
Mansion House,Week5,Pinewood Lake,Week3,376.0 Mansion House - 25.0 Pinewood Lake
Mansion House,Week1,Pleasant Valley,Week4,325.0 Mansion House - 76.0 Pleasant Valley
Mantua,Week2,Rolling Forest,Week1,236.0 Mantua - 166.0 Rolling Forest
Mansion House,Week5,Country Club Hills,Week1,250.0 Mansion House - 152.0 Country Club Hills
Mantua,Week3,Fairfax Station,Week2,206.0 Mantua - 196.0 Fairfax Station
Mantua,Week5,Fairfax Club Estates,Week5,308.0 Mantua - 93.0 Fairfax Club Estates
Mansion House,Week4,Country Club Hills,Week3,236.0 Mansion House - 166.0 Country Club Hills
Mansion House,Week5,Country Club Hills,Week2,269.0 Mansion House - 133.0 Country Club Hills
Mansion House,Week1,Pleasant Valley,Week1,312.0 Mansion House - 89.0 Pleasant Valley
Mantua,Week1,Mantua,Week2,204.0 Mantua (M2) - 197.0 Mantua (M1)
Mantua,Week3,Fairfax Station,Week5,221.0 Fairfax Station - 181.0 Mantua
Mantua,Week4,Mansion House,Week5,224.0 Mantua - 178.0 Mansion House
Mantua,Week2,Mantua,Week3,248.0 Mantua (M2) - 154.0 Mantua (M1)
Mansion House,Week2,Pleasant Valley,Week3,296.0 Mansion House - 106.0 Pleasant Valley
Mantua,Week3,Rolling Forest,Week3,256.0 Mantua - 146.0 Rolling Forest
Mantua,Week2,Forest Hollow,Week4,210.5 Mantua - 191.5 Forest Hollow
Mantua,Week4,Mansion House,Week3,223.0 Mantua - 179.0 Mansion House
Mansion House,Week4,Country Club Hills,Week5,218.0 Mansion House - 184.0 Country Club Hills
Mansion House,Week1,Chesterbrook,Week5,326.0 Chesterbrook - 76.0 Mansion House
Mantua,Week4,Rolling Forest,Week2,245.0 Mantua - 157.0 Rolling Forest
Mantua,Week4,Mantua,Week5,230.0 Mantua (M2) - 172.0 Mantua (M1)
Mansion House,Week1,Pleasant Valley,Week5,319.0 Mansion House - 83.0 Pleasant Valley
Mantua,Week4,Rolling Hills,Week3,274.0 Mantua - 128.0 Rolling Hills
Mantua,Week3,Rolling Forest,Week5,254.0 Mantua - 148.0 Rolling Forest
Mansion House,Week4,Country Club Hills,Week4,233.0 Mansion House - 169.0 Country Club Hills
Mantua,Week5,Fairfax Club Estates,Week3,323.0 Mantua - 79.0 Fairfax Club Estates
Mantua,Week3,Forest Hollow,Week5,244.0 Mantua - 158.0 Forest Hollow
Mantua,Week3,Rolling Forest,Week4,287.0 Mantua - 115.0 Rolling Forest
Mantua,Week4,Forest Hollow,Week2,251.0 Mantua - 151.0 Forest Hollow
Mansion House,Week5,Cardinal Hill,Week1,209.5 Cardinal Hill - 192.5 Mansion House
Mantua,Week2,Mantua,Week2,198.0 Mantua (M1) - 198.0 Mantua (M2)
Mantua,Week1,Mantua,Week4,216.0 Mantua (M2) - 186.0 Mantua (M1)
Mansion House,Week2,Chesterbrook,Week4,310.0 Chesterbrook - 92.0 Mansion House
Mansion House,Week2,Pleasant Valley,Week1,309.0 Mansion House - 89.0 Pleasant Valley
Mansion House,Week2,Pleasant Valley,Week4,317.0 Mansion House - 81.0 Pleasant Valley
Mantua,Week1,Rolling Forest,Week2,239.5 Mantua - 162.5 Rolling Forest
Mansion House,Week5,Pinewood Lake,Week4,368.0 Mansion House - 33.0 Pinewood Lake
Mantua,Week4,Mansion House,Week1,225.0 Mantua - 177.0 Mansion House
Mantua,Week4,Fairfax Station,Week5,239.0 Fairfax Station - 163.0 Mantua
Mantua,Week2,Forest Hollow,Week5,203.0 Mantua - 199.0 Forest Hollow
Mansion House,Week1,Chesterbrook,Week1,313.0 Chesterbrook - 89.0 Mansion House
Mantua,Week4,Forest Hollow,Week4,232.0 Mantua - 170.0 Forest Hollow
Mantua,Week2,Mantua,Week5,259.0 Mantua (M2) - 143.0 Mantua (M1)
Mantua,Week5,Forest Hollow,Week3,260.5 Mantua - 141.5 Forest Hollow
Mansion House,Week3,Pleasant Valley,Week2,329.0 Mansion House - 72.0 Pleasant Valley
Mantua,Week5,Rolling Forest,Week4,296.0 Mantua - 106.0 Rolling Forest
Mansion House,Week4,Country Club Hills,Week1,221.0 Mansion House - 181.0 Country Club Hills
Mantua,Week5,Mansion House,Week3,247.0 Mantua - 155.0 Mansion House
Mansion House,Week3,Pleasant Valley,Week1,323.0 Mansion House - 78.0 Pleasant Valley
Mantua,Week4,Rolling Forest,Week1,252.0 Mantua - 150.0 Rolling Forest
Mantua,Week2,Mantua,Week4,218.0 Mantua (M2) - 184.0 Mantua (M1)
Mansion House,Week5,Chesterbrook,Week1,313.0 Chesterbrook - 89.0 Mansion House
Mansion House,Week2,Pleasant Valley,Week5,306.0 Mansion House - 95.0 Pleasant Valley
Mansion House,Week1,Chesterbrook,Week4,328.0 Chesterbrook - 74.0 Mansion House
Mansion House,Week3,Pleasant Valley,Week5,320.0 Mansion House - 81.0 Pleasant Valley
Mantua,Week4,Rolling Forest,Week4,258.0 Mantua - 144.0 Rolling Forest
Mantua,Week5,Rolling Hills,Week2,314.0 Mantua - 88.0 Rolling Hills
Mansion House,Week3,Pleasant Valley,Week3,316.0 Mansion House - 86.0 Pleasant Valley
Mansion House,Week3,Chesterbrook,Week4,304.0 Chesterbrook - 98.0 Mansion House
Mansion House,Week3,Pleasant Valley,Week4,329.0 Mansion House - 72.0 Pleasant Valley
Mantua,Week1,Forest Hollow,Week1,217.0 Mantua - 185.0 Forest Hollow
Mantua,Week2,Rolling Hills,Week4,274.0 Mantua - 126.0 Rolling Hills
Mantua,Week5,Forest Hollow,Week5,264.0 Mantua - 138.0 Forest Hollow
Mansion House,Week5,Cardinal Hill,Week5,204.0 Cardinal Hill - 198.0 Mansion House
Mantua,Week4,Rolling Forest,Week3,241.0 Mantua - 161.0 Rolling Forest
Mansion House,Week3,Chesterbrook,Week3,324.0 Chesterbrook - 78.0 Mansion House
Mansion House,Week4,Pinewood Lake,Week2,352.0 Mansion House - 40.0 Pinewood Lake
Mansion House,Week5,Pinewood Lake,Week1,369.0 Mansion House - 32.0 Pinewood Lake
Mantua,Week2,Mantua,Week1,204.0 Mantua (M1) - 197.0 Mantua (M2)
Mantua,Week2,Rolling Hills,Week2,270.0 Mantua - 127.0 Rolling Hills
Mansion House,Week1,Chesterbrook,Week2,316.0 Chesterbrook - 86.0 Mansion House
Mantua,Week5,Mantua,Week5,201.0 Mantua (M1) - 201.0 Mantua (M2)
Mantua,Week1,Rolling Hills,Week3,281.0 Mantua - 115.0 Rolling Hills
Mansion House,Week1,Chesterbrook,Week3,336.0 Chesterbrook - 66.0 Mansion House
Mantua,Week1,Forest Hollow,Week5,218.0 Mantua - 184.0 Forest Hollow
Mantua,Week2,Rolling Hills,Week3,271.0 Mantua - 130.0 Rolling Hills
Mantua,Week1,Mantua,Week3,242.0 Mantua (M2) - 160.0 Mantua (M1)
Mantua,Week5,Fairfax Station,Week2,206.0 Mantua - 196.0 Fairfax Station
Mantua,Week3,Mantua,Week1,242.0 Mantua (M1) - 160.0 Mantua (M2)
Mantua,Week5,Mantua,Week2,259.0 Mantua (M1) - 143.0 Mantua (M2)
Mansion House,Week5,Cardinal Hill,Week4,212.0 Mansion House - 190.0 Cardinal Hill
Mansion House,Week4,Pleasant Valley,Week1,304.0 Mansion House - 97.0 Pleasant Valley
Mantua,Week4,Mantua,Week4,201.0 Mantua (M1) - 201.0 Mantua (M2)
Mantua,Week5,Fairfax Station,Week5,223.0 Fairfax Station - 179.0 Mantua
Mantua,Week3,Rolling Hills,Week2,307.0 Mantua - 95.0 Rolling Hills
Mantua,Week1,Forest Hollow,Week4,213.0 Mantua - 189.0 Forest Hollow
Mantua,Week3,Mantua,Week4,239.0 Mantua (M1) - 163.0 Mantua (M2)
Mansion House,Week5,Pinewood Lake,Week5,363.0 Mansion House - 38.0 Pinewood Lake
Mansion House,Week4,Chesterbrook,Week1,325.0 Chesterbrook - 77.0 Mansion House
Mantua,Week1,Forest Hollow,Week2,247.0 Mantua - 155.0 Forest Hollow
Mansion House,Week2,Chesterbrook,Week5,318.0 Chesterbrook - 84.0 Mansion House
Mantua,Week1,Rolling Hills,Week1,274.0 Mantua - 128.0 Rolling Hills
Mansion House,Week4,Pinewood Lake,Week3,352.0 Mansion House - 45.0 Pinewood Lake
Mantua,Week1,Mosby Woods,Week3,224.0 Mosby Woods - 178.0 Mantua
Mantua,Week5,Fairfax Station,Week4,204.0 Mantua - 198.0 Fairfax Station
Mantua,Week1,McLean,Week5,265.0 McLean - 137.0 Mantua
Mantua,Week4,McLean,Week4,234.0 McLean - 168.0 Mantua
Mantua,Week5,Rolling Forest,Week2,275.0 Mantua - 127.0 Rolling Forest
Mantua,Week4,McLean,Week2,254.0 McLean - 148.0 Mantua
Mantua,Week2,Forest Hollow,Week1,229.0 Mantua - 173.0 Forest Hollow
Mantua,Week5,Rolling Forest,Week1,282.0 Mantua - 120.0 Rolling Forest
Mansion House,Week2,Chesterbrook,Week3,330.0 Chesterbrook - 72.0 Mansion House
Mantua,Week1,McLean,Week1,243.0 McLean - 159.0 Mantua
Mansion House,Week3,Chesterbrook,Week1,308.0 Chesterbrook - 94.0 Mansion House
Mantua,Week5,Fairfax Station,Week3,215.0 Fairfax Station - 187.0 Mantua
Mansion House,Week3,Poplar Heights,Week1,220.0 Mansion House - 182.0 Poplar Heights
Mansion House,Week4,Chesterbrook,Week2,333.0 Chesterbrook - 69.0 Mansion House
Mansion House,Week5,Pinewood Lake,Week2,375.0 Mansion House - 26.0 Pinewood Lake
Mansion House,Week2,Chesterbrook,Week2,308.0 Chesterbrook - 94.0 Mansion House
Mansion House,Week4,Chesterbrook,Week4,334.0 Chesterbrook - 68.0 Mansion House
Mansion House,Week4,Pinewood Lake,Week4,347.0 Mansion House - 49.0 Pinewood Lake
Mantua,Week4,Rolling Forest,Week5,238.0 Mantua - 164.0 Rolling Forest
Mantua,Week2,Forest Hollow,Week2,242.0 Mantua - 160.0 Forest Hollow
Mansion House,Week1,Poplar Heights,Week4,203.0 Poplar Heights - 199.0 Mansion House
Mantua,Week1,Forest Hollow,Week3,215.0 Mantua - 187.0 Forest Hollow
Mansion House,Week2,Poplar Heights,Week3,216.0 Poplar Heights - 186.0 Mansion House
Mantua,Week1,Mosby Woods,Week4,209.0 Mosby Woods - 193.0 Mantua
Mantua,Week3,Forest Hollow,Week4,253.0 Mantua - 149.0 Forest Hollow
Mansion House,Week4,Pleasant Valley,Week2,307.0 Mansion House - 94.0 Pleasant Valley
Mantua,Week3,Forest Hollow,Week2,291.0 Mantua - 111.0 Forest Hollow
Mansion House,Week1,Poplar Heights,Week2,203.0 Poplar Heights - 199.0 Mansion House
Mantua,Week3,McLean,Week1,219.5 McLean - 182.5 Mantua
Mansion House,Week5,Poplar Heights,Week2,201.0 Mansion House - 201.0 Poplar Heights
Mansion House,Week3,Chesterbrook,Week5,317.0 Chesterbrook - 85.0 Mansion House
Mantua,Week1,Rolling Hills,Week5,272.0 Mantua - 130.0 Rolling Hills
Mantua,Week2,Forest Hollow,Week3,215.0 Mantua - 187.0 Forest Hollow
Mantua,Week5,Mantua,Week4,230.0 Mantua (M1) - 172.0 Mantua (M2)
Mansion House,Week5,Poplar Heights,Week4,204.0 Poplar Heights - 198.0 Mansion House
Mantua,Week3,Rolling Hills,Week3,307.0 Mantua - 95.0 Rolling Hills
Mansion House,Week2,Chesterbrook,Week1,315.0 Chesterbrook - 87.0 Mansion House
Mansion House,Week4,Poplar Heights,Week4,207.0 Poplar Heights - 195.0 Mansion House
Mantua,Week4,Fairfax Station,Week2,227.0 Fairfax Station - 175.0 Mantua
Mantua,Week4,Fairfax Station,Week3,234.0 Fairfax Station - 168.0 Mantua
Mantua,Week4,McLean,Week3,255.0 McLean - 147.0 Mantua
Mantua,Week1,McLean,Week3,255.0 McLean - 141.0 Mantua
Mantua,Week5,McLean,Week3,237.0 McLean - 165.0 Mantua
Mansion House,Week1,Poplar Heights,Week5,208.0 Poplar Heights - 194.0 Mansion House
Mansion House,Week4,Cardinal Hill,Week4,234.0 Cardinal Hill - 168.0 Mansion House
Mantua,Week1,Rolling Hills,Week4,283.0 Mantua - 117.0 Rolling Hills
Mansion House,Week5,Cardinal Hill,Week3,226.0 Cardinal Hill - 176.0 Mansion House
Mantua,Week5,McLean,Week1,227.0 McLean - 175.0 Mantua
Mantua,Week2,McLean,Week4,239.0 McLean - 163.0 Mantua
Mantua,Week4,Fairfax Station,Week4,231.5 Fairfax Station - 170.5 Mantua
Mantua,Week5,Fairfax Station,Week1,214.0 Mantua - 188.0 Fairfax Station
Mansion House,Week2,Poplar Heights,Week2,205.0 Poplar Heights - 197.0 Mansion House
Mantua,Week2,Rolling Hills,Week5,273.0 Mantua - 129.0 Rolling Hills
Mantua,Week4,Rolling Hills,Week1,286.0 Mantua - 116.0 Rolling Hills
Mantua,Week5,Rolling Forest,Week5,253.0 Mantua - 149.0 Rolling Forest
Mantua,Week1,Rolling Hills,Week2,279.0 Mantua - 123.0 Rolling Hills
Mantua,Week2,Rolling Hills,Week1,277.0 Mantua - 125.0 Rolling Hills
Mantua,Week3,Forest Hollow,Week1,272.0 Mantua - 130.0 Forest Hollow
Mansion House,Week4,Cardinal Hill,Week5,240.0 Cardinal Hill - 162.0 Mansion House
Mansion House,Week4,Cardinal Hill,Week3,247.0 Cardinal Hill - 155.0 Mansion House
Mansion House,Week3,Chesterbrook,Week2,306.0 Chesterbrook - 96.0 Mansion House
Mantua,Week4,Forest Hollow,Week1,234.0 Mantua - 168.0 Forest Hollow
Mansion House,Week3,Commonwealth,Week3,270.0 Mansion House - 132.0 Commonwealth
Mansion House,Week4,Chesterbrook,Week5,334.0 Chesterbrook - 68.0 Mansion House
Mansion House,Week1,Commonwealth,Week2,246.0 Mansion House - 156.0 Commonwealth
Mantua,Week5,Rolling Forest,Week3,264.0 Mantua - 138.0 Rolling Forest
Mantua,Week5,Forest Hollow,Week2,280.0 Mantua - 122.0 Forest Hollow
Mantua,Week5,Rolling Hills,Week1,313.0 Mantua - 89.0 Rolling Hills
Mantua,Week3,McLean,Week5,237.0 McLean - 165.0 Mantua
Mantua,Week5,McLean,Week2,244.0 McLean - 158.0 Mantua
Mansion House,Week2,Poplar Heights,Week4,209.0 Poplar Heights - 193.0 Mansion House
Mantua,Week1,Mosby Woods,Week1,234.5 Mosby Woods - 167.5 Mantua
Mansion House,Week2,Commonwealth,Week3,251.0 Mansion House - 151.0 Commonwealth
Mantua,Week2,McLean,Week2,250.0 McLean - 152.0 Mantua
Mansion House,Week4,Chesterbrook,Week3,341.0 Chesterbrook - 61.0 Mansion House
Mantua,Week4,Rolling Hills,Week4,286.0 Mantua - 116.0 Rolling Hills
Mantua,Week5,Forest Hollow,Week1,276.5 Mantua - 125.5 Forest Hollow
Mansion House,Week4,Pleasant Valley,Week5,292.0 Mansion House - 110.0 Pleasant Valley
Mantua,Week5,McLean,Week4,219.0 McLean - 183.0 Mantua
Mantua,Week3,Forest Hollow,Week3,262.0 Mantua - 140.0 Forest Hollow
Mansion House,Week5,Pleasant Valley,Week3,314.0 Mansion House - 88.0 Pleasant Valley
Mansion House,Week1,Cottontail,Week1,254.0 Mansion House - 148.0 Cottontail
Mansion House,Week5,Cardinal Hill,Week2,215.0 Mansion House - 187.0 Cardinal Hill
Mantua,Week4,Rolling Hills,Week2,283.0 Mantua - 119.0 Rolling Hills
Mantua,Week3,Rolling Hills,Week1,296.0 Mantua - 106.0 Rolling Hills
Mantua,Week4,Forest Hollow,Week5,223.5 Mantua - 178.5 Forest Hollow
Mansion House,Week4,Pleasant Valley,Week3,290.0 Mansion House - 112.0 Pleasant Valley
Mantua,Week1,McLean,Week2,260.5 McLean - 141.5 Mantua
Mantua,Week3,Rolling Hills,Week4,306.0 Mantua - 95.0 Rolling Hills
Mantua,Week3,Rolling Hills,Week5,307.0 Mantua - 95.0 Rolling Hills
Mansion House,Week2,Commonwealth,Week1,281.0 Mansion House - 116.0 Commonwealth
Mansion House,Week3,Poplar Heights,Week2,219.5 Mansion House - 182.5 Poplar Heights
Mantua,Week4,Forest Hollow,Week3,233.0 Mantua - 169.0 Forest Hollow
Mantua,Week5,McLean,Week5,247.0 McLean - 155.0 Mantua
Mansion House,Week2,Poplar Heights,Week1,209.0 Mansion House - 193.0 Poplar Heights
Mantua,Week4,Rolling Hills,Week5,285.0 Mantua - 117.0 Rolling Hills
Mantua,Week5,Forest Hollow,Week4,266.0 Mantua - 136.0 Forest Hollow
Mansion House,Week1,Poplar Heights,Week3,214.0 Poplar Heights - 188.0 Mansion House
Mansion House,Week4,Poplar Heights,Week5,228.0 Poplar Heights - 174.0 Mansion House
Mantua,Week3,McLean,Week3,235.5 McLean - 166.5 Mantua
Mansion House,Week2,Commonwealth,Week5,235.0 Mansion House - 167.0 Commonwealth
Mantua,Week3,Rolling Valley,Week1,370.0 Mantua - 32.0 Rolling Valley
Mantua,Week3,McLean,Week4,214.0 McLean - 188.0 Mantua
Mantua,Week5,Rolling Valley,Week5,340.0 Mantua - 62.0 Rolling Valley
Mansion House,Week4,Commonwealth,Week3,239.0 Mansion House - 162.0 Commonwealth
Mansion House,Week5,Pleasant Valley,Week2,330.0 Mansion House - 72.0 Pleasant Valley
Mantua,Week3,Fox Hunt,Week4,270.0 Mantua - 132.0 Fox Hunt
Mantua,Week2,McLean,Week3,253.0 McLean - 149.0 Mantua
Mantua,Week2,Fox Hunt,Week1,241.0 Mantua - 161.0 Fox Hunt
Mantua,Week4,Rolling Valley,Week5,327.0 Mantua - 75.0 Rolling Valley
Mantua,Week2,McLean,Week5,259.0 McLean - 143.0 Mantua
Mantua,Week5,Fox Hunt,Week3,256.0 Mantua - 146.0 Fox Hunt
Mantua,Week2,McLean,Week1,239.5 McLean - 162.5 Mantua
Mansion House,Week5,Pleasant Valley,Week5,316.0 Mansion House - 86.0 Pleasant Valley
Mantua,Week5,Rolling Valley,Week1,370.0 Mantua - 32.0 Rolling Valley
Mantua,Week2,Fox Hunt,Week2,241.0 Mantua - 161.0 Fox Hunt
Mantua,Week1,Fox Hunt,Week4,234.0 Mantua - 167.0 Fox Hunt
Mansion House,Week4,Commonwealth,Week1,261.0 Mansion House - 136.0 Commonwealth
Mansion House,Week3,Poplar Heights,Week3,202.0 Mansion House - 200.0 Poplar Heights
Mansion House,Week2,Commonwealth,Week2,230.0 Mansion House - 172.0 Commonwealth
Mansion House,Week4,Commonwealth,Week2,221.0 Mansion House - 181.0 Commonwealth
Mansion House,Week5,Pleasant Valley,Week1,322.0 Mansion House - 80.0 Pleasant Valley
Mantua,Week2,Mosby Woods,Week1,237.0 Mosby Woods - 165.0 Mantua
Mantua,Week2,Rolling Valley,Week2,323.0 Mantua - 79.0 Rolling Valley
Mantua,Week3,Mosby Woods,Week4,229.0 Mantua - 173.0 Mosby Woods
Mantua,Week1,McLean,Week4,239.0 McLean - 163.0 Mantua
Mantua,Week2,Rolling Valley,Week1,337.0 Mantua - 65.0 Rolling Valley
Mansion House,Week5,Pleasant Valley,Week4,328.0 Mansion House - 74.0 Pleasant Valley
Mantua,Week1,Fox Mill Estates,Week4,244.0 Mantua - 158.0 Fox Mill Estates
Mantua,Week1,Fox Mill Estates,Week3,247.0 Mantua - 155.0 Fox Mill Estates
Mantua,Week2,Fox Hunt,Week4,242.0 Mantua - 160.0 Fox Hunt
Mantua,Week5,Rolling Valley,Week4,339.0 Mantua - 63.0 Rolling Valley
Mantua,Week2,Fox Hunt,Week3,209.0 Mantua - 188.0 Fox Hunt
Mansion House,Week5,Commonwealth,Week5,261.0 Mansion House - 141.0 Commonwealth
Mantua,Week5,Fox Hunt,Week5,262.0 Mantua - 140.0 Fox Hunt
Mansion House,Week4,Commonwealth,Week5,222.0 Mansion House - 180.0 Commonwealth
Mantua,Week4,McLean,Week1,245.0 McLean - 157.0 Mantua
Mansion House,Week5,Commonwealth,Week4,277.0 Mansion House - 125.0 Commonwealth
Mantua,Week4,Fox Hunt,Week4,264.5 Mantua - 137.5 Fox Hunt
Mansion House,Week5,Chesterbrook,Week3,332.0 Chesterbrook - 70.0 Mansion House
Mansion House,Week4,Poplar Heights,Week2,223.0 Poplar Heights - 179.0 Mansion House
Mantua,Week3,McLean,Week2,238.0 McLean - 164.0 Mantua
Mansion House,Week4,Poplar Heights,Week1,214.0 Poplar Heights - 188.0 Mansion House
Mantua,Week4,McLean,Week5,264.0 McLean - 138.0 Mantua
Mansion House,Week1,Poplar Heights,Week1,223.0 Mansion House - 179.0 Poplar Heights
Mansion House,Week3,Commonwealth,Week5,262.0 Mansion House - 140.0 Commonwealth
Mansion House,Week4,Pleasant Valley,Week4,315.0 Mansion House - 77.0 Pleasant Valley
Mantua,Week5,Mosby Woods,Week4,216.0 Mantua - 186.0 Mosby Woods
Mantua,Week1,Mosby Woods,Week2,240.0 Mosby Woods - 162.0 Mantua
Mantua,Week1,Rutherford,Week5,282.0 Mantua - 120.0 Rutherford
Mantua,Week1,Fox Hunt,Week5,228.0 Mantua - 173.0 Fox Hunt
Mantua,Week5,Rolling Hills,Week4,313.0 Mantua - 88.0 Rolling Hills
Mansion House,Week3,Poplar Heights,Week4,214.0 Poplar Heights - 188.0 Mansion House
Mantua,Week4,Fox Hunt,Week1,271.0 Mantua - 131.0 Fox Hunt
Mansion House,Week2,Poplar Heights,Week5,221.0 Poplar Heights - 181.0 Mansion House
Mansion House,Week3,Poplar Heights,Week5,208.0 Poplar Heights - 194.0 Mansion House
Mansion House,Week5,Commonwealth,Week1,293.0 Mansion House - 109.0 Commonwealth
Mantua,Week1,Rutherford,Week2,313.0 Mantua - 88.0 Rutherford
Mantua,Week1,Rolling Valley,Week3,322.0 Mantua - 80.0 Rolling Valley
Mansion House,Week2,Commonwealth,Week4,261.0 Mansion House - 141.0 Commonwealth
Mantua,Week3,Rolling Valley,Week2,353.0 Mantua - 49.0 Rolling Valley
Mansion House,Week4,Poplar Heights,Week3,220.0 Poplar Heights - 182.0 Mansion House
Mantua,Week1,Mosby Woods,Week5,230.0 Mosby Woods - 172.0 Mantua
Long Branch,Week4,Virginia Hills,Week2,327.0 Long Branch - 75.0 Virginia Hills
Mantua,Week5,Rolling Hills,Week5,304.0 Mantua - 98.0 Rolling Hills
Mantua,Week1,Rolling Valley,Week4,315.0 Mantua - 87.0 Rolling Valley
Mantua,Week1,Rolling Valley,Week2,325.0 Mantua - 77.0 Rolling Valley
Mansion House,Week3,Commonwealth,Week1,289.0 Mansion House - 113.0 Commonwealth
Mansion House,Week5,Chesterbrook,Week4,318.0 Chesterbrook - 84.0 Mansion House
Mantua,Week1,Rolling Valley,Week1,341.5 Mantua - 60.5 Rolling Valley
Mansion House,Week2,Poplar Tree,Week3,223.0 Poplar Tree - 179.0 Mansion House
Mansion House,Week3,Poplar Tree,Week3,218.0 Poplar Tree - 184.0 Mansion House
Mansion House,Week5,Poplar Heights,Week3,203.0 Mansion House - 199.0 Poplar Heights
Mansion House,Week1,Poplar Tree,Week4,202.0 Poplar Tree - 200.0 Mansion House
Mantua,Week3,Fox Hunt,Week2,295.5 Mantua - 106.5 Fox Hunt
Mantua,Week3,Fox Hunt,Week3,260.0 Mantua - 142.0 Fox Hunt
Mantua,Week1,Fox Mill Estates,Week5,248.0 Mantua - 154.0 Fox Mill Estates
Mantua,Week2,Mount Vernon Park,Week5,252.0 Mount Vernon Park - 150.0 Mantua
Mansion House,Week3,Commonwealth,Week2,258.0 Mansion House - 144.0 Commonwealth
Mantua,Week3,Mosby Woods,Week2,202.0 Mosby Woods - 200.0 Mantua
Mantua,Week5,Mosby Woods,Week3,207.0 Mantua - 195.0 Mosby Woods
Mansion House,Week3,Commonwealth,Week4,280.0 Mansion House - 122.0 Commonwealth
Mantua,Week1,Rolling Valley,Week5,316.0 Mantua - 86.0 Rolling Valley
Mantua,Week2,Rolling Valley,Week3,314.0 Mantua - 88.0 Rolling Valley
Mansion House,Week4,Commonwealth,Week4,247.0 Mansion House - 155.0 Commonwealth
Mantua,Week5,Fox Hunt,Week2,283.0 Mantua - 119.0 Fox Hunt
Mantua,Week1,Mount Vernon Park,Week1,224.0 Mount Vernon Park - 178.0 Mantua
Mantua,Week3,Mosby Woods,Week3,220.0 Mantua - 182.0 Mosby Woods
Long Branch,Week3,Virginia Hills,Week2,305.0 Long Branch - 96.0 Virginia Hills
Mantua,Week2,Rolling Valley,Week4,309.0 Mantua - 93.0 Rolling Valley
Mantua,Week1,Fox Hunt,Week3,219.0 Mantua - 183.0 Fox Hunt
Mantua,Week4,Fox Hunt,Week2,258.0 Mantua - 144.0 Fox Hunt
Mantua,Week3,Fox Hunt,Week5,261.0 Mantua - 141.0 Fox Hunt
Mansion House,Week5,Poplar Tree,Week5,231.0 Poplar Tree - 171.0 Mansion House
Mantua,Week2,Mount Vernon Park,Week2,233.0 Mount Vernon Park - 169.0 Mantua
Mansion House,Week1,Commonwealth,Week4,265.0 Mansion House - 137.0 Commonwealth
Mansion House,Week1,Commonwealth,Week5,251.0 Mansion House - 151.0 Commonwealth
Mansion House,Week5,Poplar Heights,Week1,231.0 Mansion House - 171.0 Poplar Heights
Mansion House,Week4,Poplar Tree,Week2,223.0 Poplar Tree - 179.0 Mansion House
Mansion House,Week2,Poplar Tree,Week4,211.0 Poplar Tree - 191.0 Mansion House
Mantua,Week4,Rolling Valley,Week1,360.0 Mantua - 42.0 Rolling Valley
Mantua,Week4,Fox Hunt,Week5,242.0 Mantua - 160.0 Fox Hunt
Mantua,Week2,Mount Vernon Park,Week3,235.0 Mount Vernon Park - 167.0 Mantua
Mansion House,Week1,Ravensworth Farm,Week2,232.0 Mansion House - 170.0 Ravensworth Farm
Mansion House,Week1,Commonwealth,Week3,270.0 Mansion House - 132.0 Commonwealth
Long Branch,Week4,Virginia Hills,Week5,304.0 Long Branch - 98.0 Virginia Hills
Mantua,Week3,Rolling Valley,Week3,347.0 Mantua - 55.0 Rolling Valley
Mantua,Week2,Mount Vernon Park,Week1,235.0 Mount Vernon Park - 167.0 Mantua
Long Branch,Week5,Virginia Hills,Week3,304.0 Long Branch - 98.0 Virginia Hills
Long Branch,Week1,Virginia Hills,Week5,269.0 Long Branch - 133.0 Virginia Hills
Mantua,Week2,Fox Hunt,Week5,213.0 Mantua - 189.0 Fox Hunt
Mansion House,Week5,Chesterbrook,Week5,320.0 Chesterbrook - 82.0 Mansion House
Mansion House,Week1,Commonwealth,Week1,289.0 Mansion House - 108.0 Commonwealth
Mantua,Week1,Mount Vernon Park,Week3,235.0 Mount Vernon Park - 167.0 Mantua
Mansion House,Week5,Poplar Heights,Week5,207.0 Mansion House - 195.0 Poplar Heights
Mantua,Week5,Rolling Hills,Week3,307.0 Mantua - 95.0 Rolling Hills
Mantua,Week2,Rolling Valley,Week5,314.0 Mantua - 88.0 Rolling Valley
Mantua,Week5,Fox Hunt,Week1,289.0 Mantua - 113.0 Fox Hunt
Mantua,Week5,Mosby Woods,Week2,202.0 Mosby Woods - 200.0 Mantua
Mansion House,Week5,Chesterbrook,Week2,314.0 Chesterbrook - 88.0 Mansion House
Long Branch,Week5,Virginia Hills,Week4,313.0 Long Branch - 88.0 Virginia Hills
Mantua,Week1,Fox Mill Estates,Week1,282.0 Mantua - 120.0 Fox Mill Estates
Long Branch,Week4,Virginia Hills,Week3,318.0 Long Branch - 84.0 Virginia Hills
Mansion House,Week5,Commonwealth,Week2,256.0 Mansion House - 146.0 Commonwealth
Mantua,Week4,Mosby Woods,Week2,219.0 Mosby Woods - 183.0 Mantua
Mantua,Week5,Mosby Woods,Week5,211.0 Mantua - 191.0 Mosby Woods
Mantua,Week4,Mosby Woods,Week4,214.0 Mosby Woods - 188.0 Mantua
Mantua,Week4,Fox Hunt,Week3,233.0 Mantua - 169.0 Fox Hunt
Mansion House,Week1,Ravensworth Farm,Week4,210.0 Mansion House - 192.0 Ravensworth Farm
Mansion House,Week5,Commonwealth,Week3,274.0 Mansion House - 128.0 Commonwealth
Mansion House,Week1,Cottontail,Week5,236.0 Mansion House - 166.0 Cottontail
Mansion House,Week4,Poplar Tree,Week4,210.0 Poplar Tree - 192.0 Mansion House
Mantua,Week4,Rolling Valley,Week2,329.0 Mantua - 73.0 Rolling Valley
Long Branch,Week2,Virginia Hills,Week3,303.0 Long Branch - 99.0 Virginia Hills
Mantua,Week4,Rolling Valley,Week3,327.0 Mantua - 75.0 Rolling Valley
Long Branch,Week5,Virginia Hills,Week5,298.0 Long Branch - 104.0 Virginia Hills
Mansion House,Week1,Cottontail,Week3,278.0 Mansion House - 124.0 Cottontail
Mantua,Week5,Fox Hunt,Week4,273.0 Mantua - 129.0 Fox Hunt
Mansion House,Week1,Ravensworth Farm,Week5,226.0 Ravensworth Farm - 176.0 Mansion House
Long Branch,Week3,Virginia Hills,Week5,271.0 Long Branch - 131.0 Virginia Hills
Mantua,Week1,Fox Hunt,Week2,245.0 Mantua - 155.0 Fox Hunt
Mantua,Week5,Mount Vernon Park,Week1,204.0 Mount Vernon Park - 198.0 Mantua
Mansion House,Week2,Poplar Tree,Week1,220.0 Poplar Tree - 182.0 Mansion House
Mansion House,Week1,Poplar Tree,Week3,219.0 Poplar Tree - 183.0 Mansion House
Mantua,Week1,Fox Hunt,Week1,242.0 Mantua - 160.0 Fox Hunt
Mansion House,Week1,Cottontail,Week2,269.0 Mansion House - 133.0 Cottontail
Mantua,Week3,Rolling Valley,Week4,343.0 Mantua - 59.0 Rolling Valley
Mantua,Week4,Rolling Valley,Week4,327.0 Mantua - 75.0 Rolling Valley
Mantua,Week3,Rolling Valley,Week5,343.0 Mantua - 59.0 Rolling Valley
Mantua,Week1,Fox Mill Estates,Week2,249.0 Mantua - 152.0 Fox Mill Estates
Long Branch,Week2,Virginia Hills,Week1,306.0 Long Branch - 95.0 Virginia Hills
Long Branch,Week5,Virginia Hills,Week1,301.0 Long Branch - 100.0 Virginia Hills
Mantua,Week1,Mount Vernon Park,Week4,221.0 Mount Vernon Park - 181.0 Mantua
Mansion House,Week2,Poplar Tree,Week2,213.0 Poplar Tree - 184.0 Mansion House
Mantua,Week3,Fox Hunt,Week1,291.0 Mantua - 111.0 Fox Hunt
Mansion House,Week2,Cottontail,Week1,241.0 Mansion House - 161.0 Cottontail
Mantua,Week5,Rolling Valley,Week3,353.0 Mantua - 49.0 Rolling Valley
Mantua,Week2,Mosby Woods,Week4,213.0 Mosby Woods - 189.0 Mantua
Mantua,Week5,Rolling Valley,Week2,348.0 Mantua - 54.0 Rolling Valley
Mansion House,Week1,Poplar Tree,Week5,231.0 Poplar Tree - 171.0 Mansion House
Mantua,Week2,Mosby Woods,Week3,229.0 Mosby Woods - 168.0 Mantua
Long Branch,Week4,Virginia Hills,Week1,311.0 Long Branch - 91.0 Virginia Hills
Mansion House,Week2,Canterbury Woods,Week2,273.0 Mansion House - 128.0 Canterbury Woods
Mansion House,Week4,Canterbury Woods,Week5,232.0 Mansion House - 164.0 Canterbury Woods
Mantua,Week2,Mosby Woods,Week5,223.0 Mosby Woods - 179.0 Mantua
Mantua,Week1,Fox Mill Woods,Week2,206.0 Fox Mill Woods - 196.0 Mantua
Long Branch,Week3,Virginia Hills,Week1,291.0 Long Branch - 111.0 Virginia Hills
Mantua,Week3,Mosby Woods,Week5,219.0 Mantua - 183.0 Mosby Woods
Long Branch,Week1,Virginia Hills,Week3,292.0 Long Branch - 110.0 Virginia Hills
Mansion House,Week4,Camelot,Week5,227.0 Mansion House - 175.0 Camelot
Mantua,Week1,Rutherford,Week4,282.0 Mantua - 119.0 Rutherford
Mantua,Week2,Fox Mill Woods,Week2,215.0 Fox Mill Woods - 187.0 Mantua
Mantua,Week1,Rutherford,Week1,310.0 Mantua - 91.0 Rutherford
Mantua,Week2,Fox Mill Estates,Week1,283.0 Mantua - 119.0 Fox Mill Estates
Long Branch,Week1,Virginia Hills,Week2,296.0 Long Branch - 104.0 Virginia Hills
Mansion House,Week2,Poplar Tree,Week5,233.0 Poplar Tree - 169.0 Mansion House
Mansion House,Week5,Poplar Tree,Week1,207.0 Poplar Tree - 195.0 Mansion House
Mantua,Week2,Mosby Woods,Week2,232.0 Mosby Woods - 170.0 Mantua
Mantua,Week1,Rutherford,Week3,283.0 Mantua - 119.0 Rutherford
Mansion House,Week1,Cottontail,Week4,258.0 Mansion House - 144.0 Cottontail
Mansion House,Week3,Poplar Tree,Week1,210.0 Poplar Tree - 192.0 Mansion House
Mosby Woods,Week5,Pleasant Valley,Week4,335.0 Mosby Woods - 67.0 Pleasant Valley
McLean,Week3,Walden Glen,Week4,297.0 McLean - 100.0 Walden Glen
Mosby Woods,Week5,Lakevale Estates,Week1,216.0 Mosby Woods - 186.0 Lakevale Estates
Mosby Woods,Week1,Long Branch,Week1,297.0 Mosby Woods - 105.0 Long Branch
McLean,Week3,Mantua,Week5,237.0 McLean - 165.0 Mantua
McLean,Week4,Burke Station,Week4,329.0 McLean - 73.0 Burke Station
McLean,Week3,Mantua,Week3,235.5 McLean - 166.5 Mantua
Mosby Woods,Week1,Poplar Heights,Week1,263.0 Mosby Woods - 139.0 Poplar Heights
McLean,Week4,Camelot,Week1,282.0 McLean - 120.0 Camelot
Mosby Woods,Week3,Lakevale Estates,Week2,205.5 Lakevale Estates - 196.5 Mosby Woods
Mosby Woods,Week5,Little Rocky Run,Week4,206.0 Mosby Woods - 196.0 Little Rocky Run
Mosby Woods,Week3,Hayfield Farm,Week2,250.0 Mosby Woods - 152.0 Hayfield Farm
Mosby Woods,Week1,Hayfield Farm,Week1,263.0 Mosby Woods - 139.0 Hayfield Farm
McLean,Week1,McLean,Week2,242.0 McLean (ML2) - 160.0 McLean (ML1)
Mosby Woods,Week1,Lakeview,Week3,350.0 Mosby Woods - 52.0 Lakeview
Mosby Woods,Week2,Lakevale Estates,Week3,211.0 Mosby Woods - 191.0 Lakevale Estates
Mosby Woods,Week1,Chesterbrook,Week2,284.0 Chesterbrook - 118.0 Mosby Woods
Mosby Woods,Week1,Lakevale Estates,Week1,230.0 Mosby Woods - 172.0 Lakevale Estates
Mosby Woods,Week1,Langley,Week5,214.0 Mosby Woods - 188.0 Langley
McLean,Week1,Mantua,Week4,245.0 McLean - 157.0 Mantua
Mosby Woods,Week2,Lakeview,Week5,346.0 Mosby Woods - 47.0 Lakeview
Mosby Woods,Week2,Cardinal Hill,Week2,261.0 Mosby Woods - 141.0 Cardinal Hill
Mosby Woods,Week1,Hayfield Farm,Week2,254.0 Mosby Woods - 148.0 Hayfield Farm
McLean,Week3,Walden Glen,Week2,292.0 McLean - 105.0 Walden Glen
Mosby Woods,Week2,Long Branch,Week1,290.0 Mosby Woods - 112.0 Long Branch
Mosby Woods,Week1,Lakevale Estates,Week2,204.0 Mosby Woods - 198.0 Lakevale Estates
Mosby Woods,Week5,Lakevale Estates,Week2,202.0 Mosby Woods - 200.0 Lakevale Estates
McLean,Week4,Mantua,Week1,239.0 McLean - 163.0 Mantua
Mosby Woods,Week4,Long Branch,Week4,267.0 Mosby Woods - 135.0 Long Branch
Mosby Woods,Week5,Pleasant Valley,Week5,329.0 Mosby Woods - 73.0 Pleasant Valley
Mosby Woods,Week2,Chesterbrook,Week1,275.0 Chesterbrook - 127.0 Mosby Woods
McLean,Week2,Mantua,Week3,238.0 McLean - 164.0 Mantua
McLean,Week3,McLean,Week5,205.5 McLean (ML2) - 196.5 McLean (ML1)
McLean,Week5,Camelot,Week2,283.0 McLean - 119.0 Camelot
McLean,Week2,Camelot,Week1,299.0 McLean - 103.0 Camelot
McLean,Week2,Walden Glen,Week5,293.0 McLean - 109.0 Walden Glen
McLean,Week3,Camelot,Week2,290.0 McLean - 112.0 Camelot
Mosby Woods,Week5,Lakevale Estates,Week4,219.0 Lakevale Estates - 183.0 Mosby Woods
McLean,Week2,Camelot,Week4,302.0 McLean - 100.0 Camelot
McLean,Week1,Mantua,Week3,219.5 McLean - 182.5 Mantua
Mosby Woods,Week5,Hayfield Farm,Week1,251.0 Mosby Woods - 151.0 Hayfield Farm
Mosby Woods,Week4,Hayfield Farm,Week3,234.0 Mosby Woods - 168.0 Hayfield Farm
Mosby Woods,Week3,Cardinal Hill,Week4,229.0 Mosby Woods - 173.0 Cardinal Hill
McLean,Week3,Camelot,Week3,295.0 McLean - 106.0 Camelot
Mosby Woods,Week2,Hayfield Farm,Week5,273.0 Mosby Woods - 129.0 Hayfield Farm
Mosby Woods,Week5,Hayfield Farm,Week4,263.5 Mosby Woods - 138.5 Hayfield Farm
McLean,Week5,Camelot,Week4,307.0 McLean - 95.0 Camelot
Mosby Woods,Week2,Hayfield Farm,Week1,255.0 Mosby Woods - 147.0 Hayfield Farm
McLean,Week1,Walden Glen,Week1,311.0 McLean - 91.0 Walden Glen
Mosby Woods,Week4,Little Rocky Run,Week3,234.0 Little Rocky Run - 168.0 Mosby Woods
Mosby Woods,Week5,Cardinal Hill,Week3,202.0 Mosby Woods - 200.0 Cardinal Hill
Mosby Woods,Week4,Little Rocky Run,Week4,214.5 Little Rocky Run - 187.5 Mosby Woods
McLean,Week2,Mantua,Week1,260.5 McLean - 141.5 Mantua
McLean,Week4,Camelot,Week5,293.5 McLean - 108.5 Camelot
Mosby Woods,Week4,Lakevale Estates,Week5,241.0 Lakevale Estates - 161.0 Mosby Woods
McLean,Week2,Camelot,Week3,300.0 McLean - 102.0 Camelot
McLean,Week2,McLean,Week1,242.0 McLean (ML1) - 160.0 McLean (ML2)
Mosby Woods,Week2,Cardinal Hill,Week1,212.5 Mosby Woods - 189.5 Cardinal Hill
McLean,Week5,Camelot,Week5,299.0 McLean - 103.0 Camelot
Mosby Woods,Week5,Hayfield Farm,Week3,243.0 Mosby Woods - 159.0 Hayfield Farm
McLean,Week2,Mantua,Week2,250.0 McLean - 152.0 Mantua
Mosby Woods,Week4,Long Branch,Week2,281.0 Mosby Woods - 121.0 Long Branch
McLean,Week3,Camelot,Week5,300.0 McLean - 101.0 Camelot
McLean,Week5,Camelot,Week1,302.0 McLean - 100.0 Camelot
McLean,Week1,Mantua,Week1,243.0 McLean - 159.0 Mantua
Mosby Woods,Week1,Lakeview,Week1,355.0 Mosby Woods - 47.0 Lakeview
Mosby Woods,Week2,Chesterbrook,Week4,293.0 Chesterbrook - 109.0 Mosby Woods
Mosby Woods,Week4,Cardinal Hill,Week5,202.0 Cardinal Hill - 200.0 Mosby Woods
McLean,Week2,Waynewood,Week3,247.0 McLean - 155.0 Waynewood
McLean,Week2,Waynewood,Week1,269.0 McLean - 133.0 Waynewood
McLean,Week1,Walden Glen,Week5,282.0 McLean - 120.0 Walden Glen
Mosby Woods,Week4,Little Rocky Run,Week5,238.0 Little Rocky Run - 164.0 Mosby Woods
McLean,Week2,Camelot,Week2,288.0 McLean - 114.0 Camelot
McLean,Week2,Walden Glen,Week3,322.0 McLean - 80.0 Walden Glen
Mosby Woods,Week5,Lake Braddock,Week4,336.0 Mosby Woods - 66.0 Lake Braddock
Mosby Woods,Week5,Cardinal Hill,Week1,210.0 Mosby Woods - 192.0 Cardinal Hill
Mosby Woods,Week1,Langley,Week1,207.0 Mosby Woods - 195.0 Langley
McLean,Week1,Mantua,Week5,227.0 McLean - 175.0 Mantua
Mosby Woods,Week5,Hayfield Farm,Week2,253.0 Mosby Woods - 149.0 Hayfield Farm
McLean,Week4,Walden Glen,Week4,280.0 McLean - 122.0 Walden Glen
Mosby Woods,Week2,Cardinal Hill,Week5,242.5 Mosby Woods - 159.5 Cardinal Hill
McLean,Week4,Walden Glen,Week2,292.0 McLean - 109.0 Walden Glen
McLean,Week3,McLean,Week4,219.0 McLean (ML1) - 183.0 McLean (ML2)
McLean,Week4,Walden Glen,Week5,276.0 McLean - 126.0 Walden Glen
Mosby Woods,Week4,Hayfield Farm,Week2,247.0 Mosby Woods - 155.0 Hayfield Farm
Mosby Woods,Week1,Cardinal Hill,Week3,219.0 Mosby Woods - 183.0 Cardinal Hill
Mosby Woods,Week2,Hayfield Farm,Week3,248.0 Mosby Woods - 154.0 Hayfield Farm
Mosby Woods,Week4,Hayfield Farm,Week5,254.0 Mosby Woods - 148.0 Hayfield Farm
Mosby Woods,Week1,Chesterbrook,Week5,287.0 Chesterbrook - 115.0 Mosby Woods
McLean,Week1,Waynewood,Week4,260.0 McLean - 142.0 Waynewood
Mosby Woods,Week1,Lakeview,Week5,336.0 Mosby Woods - 57.0 Lakeview
Mosby Woods,Week3,Hayfield Farm,Week4,259.0 Mosby Woods - 143.0 Hayfield Farm
Mosby Woods,Week1,Cardinal Hill,Week5,241.0 Mosby Woods - 161.0 Cardinal Hill
Mosby Woods,Week5,Little Rocky Run,Week5,212.0 Little Rocky Run - 190.0 Mosby Woods
Mosby Woods,Week4,Cardinal Hill,Week4,202.5 Cardinal Hill - 199.5 Mosby Woods
McLean,Week1,Walden Glen,Week2,303.0 McLean - 99.0 Walden Glen
McLean,Week4,Mantua,Week4,234.0 McLean - 168.0 Mantua
Mosby Woods,Week3,Long Branch,Week5,275.0 Mosby Woods - 127.0 Long Branch
Mosby Woods,Week2,Long Branch,Week4,274.0 Mosby Woods - 128.0 Long Branch
McLean,Week2,Walden Glen,Week4,297.0 McLean - 105.0 Walden Glen
McLean,Week1,Canterbury Woods,Week2,302.0 McLean - 100.0 Canterbury Woods
Mosby Woods,Week4,Cardinal Hill,Week1,210.0 Cardinal Hill - 192.0 Mosby Woods
Mosby Woods,Week5,Little Rocky Run,Week1,208.0 Mosby Woods - 194.0 Little Rocky Run
Mosby Woods,Week4,Cardinal Hill,Week3,216.0 Cardinal Hill - 186.0 Mosby Woods
McLean,Week2,Mantua,Week5,244.0 McLean - 158.0 Mantua
Mosby Woods,Week3,Lakeview,Week2,354.0 Mosby Woods - 48.0 Lakeview
Mosby Woods,Week1,Herndon,Week2,352.0 Mosby Woods - 50.0 Herndon
McLean,Week5,Walden Glen,Week1,321.0 McLean - 81.0 Walden Glen
Mosby Woods,Week1,Herndon,Week3,363.0 Mosby Woods - 39.0 Herndon
McLean,Week1,Walden Glen,Week4,300.0 McLean - 102.0 Walden Glen
McLean,Week1,Walden Glen,Week3,321.0 McLean - 81.0 Walden Glen
Mosby Woods,Week5,Cardinal Hill,Week2,247.0 Mosby Woods - 155.0 Cardinal Hill
Mosby Woods,Week4,Little Rocky Run,Week2,222.0 Little Rocky Run - 180.0 Mosby Woods
Mosby Woods,Week2,Langley,Week5,221.0 Mosby Woods - 181.0 Langley
McLean,Week2,Fox Mill Estates,Week2,300.0 McLean - 102.0 Fox Mill Estates
McLean,Week1,Canterbury Woods,Week3,296.0 McLean - 106.0 Canterbury Woods
Mosby Woods,Week5,Little Rocky Run,Week3,210.0 Little Rocky Run - 192.0 Mosby Woods
McLean,Week1,Fox Mill Estates,Week2,298.0 McLean - 104.0 Fox Mill Estates
Mosby Woods,Week1,Cardinal Hill,Week4,237.0 Mosby Woods - 165.0 Cardinal Hill
McLean,Week5,Camelot,Week3,299.0 McLean - 103.0 Camelot
McLean,Week1,Canterbury Woods,Week4,289.0 McLean - 113.0 Canterbury Woods
Mosby Woods,Week4,Lakeview,Week5,336.0 Mosby Woods - 57.0 Lakeview
Mosby Woods,Week2,Herndon,Week5,346.0 Mosby Woods - 56.0 Herndon
Mosby Woods,Week1,Hiddenbrook,Week1,297.0 Mosby Woods - 105.0 Hiddenbrook
Mosby Woods,Week4,Lakeview,Week2,355.0 Mosby Woods - 47.0 Lakeview
McLean,Week1,Canterbury Woods,Week5,294.0 McLean - 108.0 Canterbury Woods
Mosby Woods,Week5,Cardinal Hill,Week4,236.0 Mosby Woods - 166.0 Cardinal Hill
Mosby Woods,Week3,Long Branch,Week1,287.0 Mosby Woods - 115.0 Long Branch
McLean,Week5,Walden Glen,Week3,323.0 McLean - 79.0 Walden Glen
McLean,Week5,Mantua,Week3,237.0 McLean - 165.0 Mantua
McLean,Week2,Walden Glen,Week1,311.0 McLean - 91.0 Walden Glen
McLean,Week5,Mantua,Week5,247.0 McLean - 155.0 Mantua
McLean,Week2,McLean,Week4,209.0 McLean (ML2) - 193.0 McLean (ML1)
Mosby Woods,Week2,Cardinal Hill,Week3,211.0 Mosby Woods - 191.0 Cardinal Hill
Mosby Woods,Week5,Little Rocky Run,Week2,201.0 Little Rocky Run - 201.0 Mosby Woods
Mosby Woods,Week1,Hiddenbrook,Week5,283.0 Mosby Woods - 119.0 Hiddenbrook
Mosby Woods,Week1,Long Branch,Week3,298.0 Mosby Woods - 104.0 Long Branch
Mosby Woods,Week3,Herndon,Week2,348.0 Mosby Woods - 54.0 Herndon
McLean,Week3,Fox Hunt,Week5,270.0 McLean - 132.0 Fox Hunt
Mosby Woods,Week2,Hiddenbrook,Week3,283.0 Mosby Woods - 119.0 Hiddenbrook
Mosby Woods,Week3,Hiddenbrook,Week1,289.0 Mosby Woods - 113.0 Hiddenbrook
McLean,Week4,McLean,Week3,219.0 McLean (ML2) - 183.0 McLean (ML1)
Mosby Woods,Week3,Lakeview,Week1,347.0 Mosby Woods - 55.0 Lakeview
Mosby Woods,Week2,Cardinal Hill,Week4,239.5 Mosby Woods - 162.5 Cardinal Hill
Mosby Woods,Week5,Cardinal Hill,Week5,227.0 Mosby Woods - 175.0 Cardinal Hill
McLean,Week3,McLean,Week2,206.0 McLean (ML1) - 196.0 McLean (ML2)
McLean,Week2,Canterbury Woods,Week1,304.0 McLean - 98.0 Canterbury Woods
McLean,Week4,Camelot,Week3,286.0 McLean - 116.0 Camelot
McLean,Week2,Walden Glen,Week2,307.0 McLean - 95.0 Walden Glen
McLean,Week3,Fox Mill Estates,Week4,287.0 McLean - 115.0 Fox Mill Estates
Mosby Woods,Week1,Langley,Week3,219.5 Mosby Woods - 182.5 Langley
Mosby Woods,Week3,Long Branch,Week2,283.0 Mosby Woods - 119.0 Long Branch
Mosby Woods,Week1,Long Branch,Week2,290.0 Mosby Woods - 112.0 Long Branch
Mosby Woods,Week2,Long Branch,Week3,299.0 Mosby Woods - 103.0 Long Branch
Mosby Woods,Week1,Long Branch,Week4,283.0 Mosby Woods - 119.0 Long Branch
McLean,Week4,Fox Hunt,Week5,252.0 McLean - 150.0 Fox Hunt
Mosby Woods,Week3,Cardinal Hill,Week3,208.0 Mosby Woods - 194.0 Cardinal Hill
Mosby Woods,Week3,Long Branch,Week3,289.0 Mosby Woods - 113.0 Long Branch
Mosby Woods,Week3,Cardinal Hill,Week1,212.0 Mosby Woods - 190.0 Cardinal Hill
Mosby Woods,Week4,Herndon,Week5,338.0 Mosby Woods - 64.0 Herndon
McLean,Week3,Walden Glen,Week5,275.0 McLean - 127.0 Walden Glen
McLean,Week1,Waynewood,Week2,250.0 McLean - 152.0 Waynewood
Mosby Woods,Week2,Lakeview,Week1,362.0 Mosby Woods - 40.0 Lakeview
Mosby Woods,Week4,Cardinal Hill,Week2,222.0 Mosby Woods - 180.0 Cardinal Hill
Mosby Woods,Week3,Herndon,Week1,356.0 Mosby Woods - 46.0 Herndon
Mosby Woods,Week2,Langley,Week3,214.0 Mosby Woods - 188.0 Langley
McLean,Week4,Mantua,Week3,214.0 McLean - 188.0 Mantua
McLean,Week3,Mantua,Week2,253.0 McLean - 149.0 Mantua
McLean,Week5,Mantua,Week1,265.0 McLean - 137.0 Mantua
McLean,Week3,McLean,Week3,198.0 McLean (ML1) - 198.0 McLean (ML2)
McLean,Week5,Walden Glen,Week4,307.0 McLean - 95.0 Walden Glen
McLean,Week1,Waynewood,Week1,262.0 McLean - 140.0 Waynewood
McLean,Week4,Walden Glen,Week1,302.0 McLean - 100.0 Walden Glen
McLean,Week4,Fox Mill Estates,Week1,305.0 McLean - 97.0 Fox Mill Estates
McLean,Week5,Fox Hunt,Week1,298.0 McLean - 104.0 Fox Hunt
McLean,Week1,Fox Mill Estates,Week1,319.0 McLean - 83.0 Fox Mill Estates
Mosby Woods,Week1,Hiddenbrook,Week3,286.0 Mosby Woods - 116.0 Hiddenbrook
McLean,Week2,McLean,Week2,201.0 McLean (ML1) - 201.0 McLean (ML2)
Mosby Woods,Week5,Lakeview,Week3,345.0 Mosby Woods - 57.0 Lakeview
McLean,Week3,Walden Glen,Week3,309.0 McLean - 93.0 Walden Glen
McLean,Week4,Camelot,Week2,275.5 McLean - 126.5 Camelot
McLean,Week2,McLean,Week5,216.0 McLean (ML2) - 186.0 McLean (ML1)
McLean,Week4,Camelot,Week4,286.0 McLean - 116.0 Camelot
Mosby Woods,Week3,Langley,Week1,213.0 Langley - 189.0 Mosby Woods
Mosby Woods,Week1,Long Branch,Week5,289.0 Mosby Woods - 113.0 Long Branch
McLean,Week4,Fox Mill Estates,Week3,291.0 McLean - 111.0 Fox Mill Estates
Mosby Woods,Week3,Cardinal Hill,Week2,240.0 Mosby Woods - 162.0 Cardinal Hill
Mosby Woods,Week4,Herndon,Week2,328.0 Mosby Woods - 74.0 Herndon
McLean,Week1,McLean,Week4,231.0 McLean (ML2) - 171.0 McLean (ML1)
McLean,Week3,Camelot,Week1,299.0 McLean - 103.0 Camelot
McLean,Week1,Canterbury Woods,Week1,296.0 McLean - 106.0 Canterbury Woods
Mosby Woods,Week3,Hiddenbrook,Week3,292.0 Mosby Woods - 105.0 Hiddenbrook
McLean,Week3,Camelot,Week4,300.0 McLean - 102.0 Camelot
Mosby Woods,Week3,Langley,Week2,204.0 Mosby Woods - 198.0 Langley
McLean,Week5,Fox Hunt,Week3,285.0 McLean - 117.0 Fox Hunt
Mosby Woods,Week2,Long Branch,Week5,274.0 Mosby Woods - 128.0 Long Branch
Mosby Woods,Week2,Lakeview,Week4,341.0 Mosby Woods - 61.0 Lakeview
Mosby Woods,Week5,Lakeview,Week2,358.0 Mosby Woods - 44.0 Lakeview
Mosby Woods,Week3,Cardinal Hill,Week5,220.0 Mosby Woods - 182.0 Cardinal Hill
Mosby Woods,Week1,Chesterbrook,Week1,270.0 Chesterbrook - 132.0 Mosby Woods
McLean,Week1,Waynewood,Week3,244.0 McLean - 158.0 Waynewood
McLean,Week3,Mantua,Week4,255.0 McLean - 147.0 Mantua
Mosby Woods,Week3,Hiddenbrook,Week4,285.0 Mosby Woods - 117.0 Hiddenbrook
McLean,Week5,Fox Hunt,Week2,296.0 McLean - 106.0 Fox Hunt
Mosby Woods,Week1,Chesterbrook,Week3,292.0 Chesterbrook - 110.0 Mosby Woods
Mosby Woods,Week3,Long Branch,Week4,276.0 Mosby Woods - 126.0 Long Branch
Mosby Woods,Week2,Lakeview,Week3,351.0 Mosby Woods - 51.0 Lakeview
McLean,Week5,Walden Glen,Week2,305.0 McLean - 97.0 Walden Glen
Mosby Woods,Week2,Herndon,Week1,358.0 Mosby Woods - 44.0 Herndon
McLean,Week3,Fox Hunt,Week1,282.0 McLean - 120.0 Fox Hunt
McLean,Week1,Waynewood,Week5,227.0 McLean - 175.0 Waynewood
Mosby Woods,Week4,Little Rocky Run,Week1,219.0 Little Rocky Run - 183.0 Mosby Woods
Mosby Woods,Week1,Chesterbrook,Week4,281.0 Chesterbrook - 121.0 Mosby Woods
McLean,Week1,Fox Mill Estates,Week5,294.0 McLean - 108.0 Fox Mill Estates
McLean,Week4,Mantua,Week2,239.0 McLean - 163.0 Mantua
McLean,Week1,Fox Mill Estates,Week4,277.0 McLean - 125.0 Fox Mill Estates
Mosby Woods,Week2,Chesterbrook,Week2,287.0 Chesterbrook - 115.0 Mosby Woods
McLean,Week4,Mantua,Week5,219.0 McLean - 183.0 Mantua
Mosby Woods,Week3,Lakeview,Week3,340.0 Mosby Woods - 62.0 Lakeview
Mosby Woods,Week2,Long Branch,Week2,285.0 Mosby Woods - 117.0 Long Branch
Mosby Woods,Week4,Long Branch,Week1,276.0 Mosby Woods - 126.0 Long Branch
McLean,Week5,Mantua,Week4,264.0 McLean - 138.0 Mantua
Mosby Woods,Week2,Herndon,Week4,358.0 Mosby Woods - 44.0 Herndon
Mosby Woods,Week2,Lakeview,Week2,361.0 Mosby Woods - 41.0 Lakeview
Mosby Woods,Week5,Herndon,Week2,350.5 Mosby Woods - 51.5 Herndon
McLean,Week2,Waynewood,Week2,253.0 McLean - 149.0 Waynewood
Mosby Woods,Week1,Mansion House,Week3,233.3 Mosby Woods - 168.7 Mansion House
McLean,Week4,Waynewood,Week4,243.0 McLean - 159.0 Waynewood
Mosby Woods,Week3,Lakeview,Week5,329.0 Mosby Woods - 64.0 Lakeview
McLean,Week5,Mantua,Week2,259.0 McLean - 143.0 Mantua
Mosby Woods,Week2,Chesterbrook,Week3,303.0 Chesterbrook - 99.0 Mosby Woods
Mosby Woods,Week3,Lakeview,Week4,328.0 Mosby Woods - 74.0 Lakeview
McLean,Week4,Fox Hunt,Week2,269.0 McLean - 133.0 Fox Hunt
Mosby Woods,Week4,Lakeview,Week1,349.0 Mosby Woods - 53.0 Lakeview
McLean,Week2,Mantua,Week4,254.0 McLean - 148.0 Mantua
Mosby Woods,Week3,Chesterbrook,Week3,316.0 Chesterbrook - 86.0 Mosby Woods
Mosby Woods,Week4,Lakeview,Week4,335.0 Mosby Woods - 66.0 Lakeview
Mosby Woods,Week3,Chesterbrook,Week1,284.0 Chesterbrook - 113.0 Mosby Woods
McLean,Week1,McLean,Week1,198.5 McLean (ML1) - 198.5 McLean (ML2)
Mosby Woods,Week4,Mansion House,Week2,237.0 Mosby Woods - 165.0 Mansion House
McLean,Week2,Fox Mill Estates,Week1,307.0 McLean - 95.0 Fox Mill Estates
McLean,Week2,Woodley,Week5,322.0 McLean - 80.0 Woodley
McLean,Week1,Woodley,Week1,329.0 McLean - 73.0 Woodley
Mosby Woods,Week5,Mansion House,Week1,238.0 Mosby Woods - 164.0 Mansion House
McLean,Week3,Mantua,Week1,255.0 McLean - 141.0 Mantua
McLean,Week2,Fox Mill Estates,Week3,289.0 McLean - 113.0 Fox Mill Estates
McLean,Week3,Waynewood,Week4,270.0 McLean - 132.0 Waynewood
Mosby Woods,Week5,Long Branch,Week2,282.0 Mosby Woods - 120.0 Long Branch
Mosby Woods,Week5,Lakeview,Week1,359.0 Mosby Woods - 43.0 Lakeview
Mosby Woods,Week4,Long Branch,Week3,282.0 Mosby Woods - 120.0 Long Branch
McLean,Week4,Waynewood,Week1,258.0 McLean - 144.0 Waynewood
McLean,Week2,Fox Mill Estates,Week5,300.0 McLean - 102.0 Fox Mill Estates
Mosby Woods,Week2,Herndon,Week2,356.0 Mosby Woods - 46.0 Herndon
McLean,Week5,Waynewood,Week4,262.0 McLean - 140.0 Waynewood
Mosby Woods,Week4,Chesterbrook,Week1,309.0 Chesterbrook - 93.0 Mosby Woods
McLean,Week1,McLean,Week3,243.0 McLean (ML2) - 159.0 McLean (ML1)
Mosby Woods,Week2,Herndon,Week3,354.0 Mosby Woods - 48.0 Herndon
Mosby Woods,Week3,Herndon,Week5,351.0 Mosby Woods - 51.0 Herndon
Mosby Woods,Week5,Herndon,Week3,355.0 Mosby Woods - 47.0 Herndon
McLean,Week4,Fox Hunt,Week4,274.0 McLean - 128.0 Fox Hunt
Mosby Woods,Week2,Chesterbrook,Week5,283.0 Chesterbrook - 119.0 Mosby Woods
Mosby Woods,Week4,Mansion House,Week5,227.0 Mosby Woods - 175.0 Mansion House
Mosby Woods,Week3,Herndon,Week3,356.0 Mosby Woods - 41.0 Herndon
Mosby Woods,Week3,Chesterbrook,Week5,301.0 Chesterbrook - 101.0 Mosby Woods
McLean,Week3,Fox Mill Estates,Week1,306.0 McLean - 96.0 Fox Mill Estates
Mosby Woods,Week4,Chesterbrook,Week2,313.0 Chesterbrook - 89.0 Mosby Woods
McLean,Week5,Waynewood,Week5,243.0 McLean - 159.0 Waynewood
McLean,Week3,McLean,Week1,243.0 McLean (ML1) - 159.0 McLean (ML2)
Mosby Woods,Week4,Mansion House,Week4,252.0 Mosby Woods - 150.0 Mansion House
Mosby Woods,Week3,Herndon,Week4,354.0 Mosby Woods - 48.0 Herndon
McLean,Week3,Fox Hunt,Week2,284.0 McLean - 117.0 Fox Hunt
McLean,Week5,Fox Hunt,Week4,289.0 McLean - 113.0 Fox Hunt
McLean,Week2,Waynewood,Week4,260.0 McLean - 142.0 Waynewood
McLean,Week1,McLean,Week5,233.0 McLean (ML2) - 169.0 McLean (ML1)
Mosby Woods,Week5,Lakeview,Week4,338.0 Mosby Woods - 64.0 Lakeview
Mosby Woods,Week5,Lakeview,Week5,342.0 Mosby Woods - 51.0 Lakeview
Mosby Woods,Week5,Long Branch,Week5,261.0 Mosby Woods - 141.0 Long Branch
Mosby Woods,Week4,Herndon,Week1,342.0 Mosby Woods - 60.0 Herndon
McLean,Week2,Woodley,Week3,334.0 McLean - 68.0 Woodley
McLean,Week3,Fox Hunt,Week3,275.0 McLean - 127.0 Fox Hunt
Mosby Woods,Week1,Langley,Week4,212.0 Mosby Woods - 190.0 Langley
Mosby Woods,Week5,Chesterbrook,Week2,291.0 Chesterbrook - 111.0 Mosby Woods
Mosby Woods,Week5,Herndon,Week1,360.0 Mosby Woods - 42.0 Herndon
Mosby Woods,Week4,Herndon,Week4,342.0 Mosby Woods - 60.0 Herndon
Mosby Woods,Week5,Chesterbrook,Week1,292.0 Chesterbrook - 110.0 Mosby Woods
Mosby Woods,Week2,Langley,Week1,211.0 Mosby Woods - 191.0 Langley
McLean,Week4,McLean,Week1,231.0 McLean (ML1) - 171.0 McLean (ML2)
McLean,Week4,McLean,Week2,209.0 McLean (ML1) - 193.0 McLean (ML2)
Mosby Woods,Week4,Chesterbrook,Week4,308.0 Chesterbrook - 94.0 Mosby Woods
Mosby Woods,Week5,Chesterbrook,Week3,316.0 Chesterbrook - 86.0 Mosby Woods
McLean,Week5,Fox Hunt,Week5,269.0 McLean - 133.0 Fox Hunt
Mosby Woods,Week1,Mansion House,Week1,246.0 Mosby Woods - 156.0 Mansion House
Mosby Woods,Week1,Mansion House,Week2,253.0 Mosby Woods - 149.0 Mansion House
McLean,Week2,McLean,Week3,206.0 McLean (ML2) - 196.0 McLean (ML1)
Mosby Woods,Week1,Langley,Week2,229.0 Mosby Woods - 173.0 Langley
Mosby Woods,Week4,Long Branch,Week5,260.0 Mosby Woods - 142.0 Long Branch
McLean,Week1,Woodley,Week5,317.0 McLean - 80.0 Woodley
McLean,Week3,Waynewood,Week2,254.0 McLean - 148.0 Waynewood
Mosby Woods,Week4,Chesterbrook,Week5,312.0 Chesterbrook - 90.0 Mosby Woods
Mosby Woods,Week4,Lakeview,Week3,341.0 Mosby Woods - 60.0 Lakeview
McLean,Week1,Mosby Woods,Week3,228.0 McLean - 174.0 Mosby Woods
Mosby Woods,Week2,Langley,Week2,222.0 Mosby Woods - 180.0 Langley
McLean,Week2,Woodley,Week2,327.0 McLean - 75.0 Woodley
McLean,Week4,Fox Hunt,Week3,258.0 McLean - 139.0 Fox Hunt
Mosby Woods,Week5,Herndon,Week4,359.0 Mosby Woods - 43.0 Herndon
McLean,Week3,Fox Hunt,Week4,275.0 McLean - 127.0 Fox Hunt
Mosby Woods,Week4,Herndon,Week3,343.0 Mosby Woods - 59.0 Herndon
Mosby Woods,Week2,Mansion House,Week4,271.0 Mosby Woods - 131.0 Mansion House
McLean,Week3,Woodley,Week3,333.0 McLean - 69.0 Woodley
McLean,Week4,Mosby Woods,Week5,221.5 McLean - 180.5 Mosby Woods
Mosby Woods,Week5,Herndon,Week5,346.0 Mosby Woods - 56.0 Herndon
McLean,Week3,Fair Oaks ,Week4,293.5 McLean - 108.5 Fair Oaks
Mosby Woods,Week2,Langley,Week4,202.0 Mosby Woods - 200.0 Langley
McLean,Week4,Fox Hunt,Week1,277.0 McLean - 125.0 Fox Hunt
McLean,Week1,Fox Mill Estates,Week3,287.0 McLean - 115.0 Fox Mill Estates
Mosby Woods,Week1,Hiddenbrook,Week4,291.0 Mosby Woods - 111.0 Hiddenbrook
McLean,Week2,Waynewood,Week5,245.0 McLean - 157.0 Waynewood
Mosby Woods,Week5,Long Branch,Week3,286.0 Mosby Woods - 116.0 Long Branch
Mosby Woods,Week3,Chesterbrook,Week4,301.0 Chesterbrook - 101.0 Mosby Woods
Mosby Woods,Week2,Mansion House,Week3,230.0 Mosby Woods - 172.0 Mansion House
McLean,Week2,Fair Oaks ,Week4,290.0 McLean - 112.0 Fair Oaks
McLean,Week5,Fair Oaks ,Week4,289.0 McLean - 113.0 Fair Oaks
Mosby Woods,Week2,Laurel Hill,Week4,301.0 Mosby Woods - 101.0 Laurel Hill
Mosby Woods,Week1,Hiddenbrook,Week2,335.0 Mosby Woods - 67.0 Hiddenbrook
McLean,Week4,Waynewood,Week5,215.0 McLean - 187.0 Waynewood
McLean,Week5,Mosby Woods,Week2,237.0 McLean - 165.0 Mosby Woods
Mosby Woods,Week3,Chesterbrook,Week2,300.0 Chesterbrook - 102.0 Mosby Woods
Mosby Woods,Week3,Langley,Week4,206.0 Langley - 196.0 Mosby Woods
McLean,Week3,Fox Mill Estates,Week2,284.0 McLean - 118.0 Fox Mill Estates
Mosby Woods,Week5,Chesterbrook,Week4,300.0 Chesterbrook - 102.0 Mosby Woods
Mosby Woods,Week3,Mansion House,Week4,253.0 Mosby Woods - 149.0 Mansion House
McLean,Week5,McLean,Week3,205.5 McLean (ML1) - 196.5 McLean (ML2)
Mosby Woods,Week3,Hiddenbrook,Week2,331.0 Mosby Woods - 71.0 Hiddenbrook
McLean,Week4,Waynewood,Week3,229.0 McLean - 173.0 Waynewood
McLean,Week2,Fairfax,Week5,214.0 McLean - 188.0 Fairfax
Mosby Woods,Week2,Hiddenbrook,Week2,334.0 Mosby Woods - 68.0 Hiddenbrook
McLean,Week1,Fairfax,Week3,205.0 Fairfax - 197.0 McLean
McLean,Week5,Waynewood,Week1,274.0 McLean - 128.0 Waynewood
Mosby Woods,Week2,Hiddenbrook,Week4,279.0 Mosby Woods - 123.0 Hiddenbrook
Mosby Woods,Week3,Mansion House,Week2,244.0 Mosby Woods - 158.0 Mansion House
Mosby Woods,Week1,Laurel Hill,Week5,296.0 Mosby Woods - 106.0 Laurel Hill
McLean,Week2,Mosby Woods,Week2,231.0 McLean - 171.0 Mosby Woods
Mosby Woods,Week1,Laurel Hill,Week3,304.0 Mosby Woods - 98.0 Laurel Hill
Mosby Woods,Week2,Hiddenbrook,Week1,287.0 Mosby Woods - 115.0 Hiddenbrook
McLean,Week5,McLean,Week4,202.5 McLean (ML2) - 199.5 McLean (ML1)
McLean,Week4,Fox Mill Estates,Week2,293.0 McLean - 109.0 Fox Mill Estates
Mosby Woods,Week2,Laurel Hill,Week1,306.0 Mosby Woods - 96.0 Laurel Hill
McLean,Week4,Fair Oaks ,Week4,270.5 McLean - 131.5 Fair Oaks
McLean,Week4,Waynewood,Week2,245.0 McLean - 157.0 Waynewood
Mosby Woods,Week1,Mansion House,Week4,263.0 Mosby Woods - 139.0 Mansion House
Mosby Woods,Week5,Long Branch,Week1,284.0 Mosby Woods - 118.0 Long Branch
McLean,Week3,Fairfax,Week3,206.0 McLean - 196.0 Fairfax
McLean,Week3,Waynewood,Week3,249.0 McLean - 153.0 Waynewood
McLean,Week4,Fair Oaks ,Week5,259.0 McLean - 143.0 Fair Oaks
Mosby Woods,Week4,Chesterbrook,Week3,333.0 Chesterbrook - 69.0 Mosby Woods
McLean,Week2,Fox Mill Estates,Week4,286.0 McLean - 116.0 Fox Mill Estates
Mosby Woods,Week3,Langley,Week3,206.0 Langley - 196.0 Mosby Woods
McLean,Week3,Fox Mill Estates,Week5,292.0 McLean - 110.0 Fox Mill Estates
McLean,Week3,Mosby Woods,Week5,227.0 McLean - 175.0 Mosby Woods
McLean,Week3,Waynewood,Week1,268.0 McLean - 134.0 Waynewood
McLean,Week1,Mosby Woods,Week2,230.0 McLean - 172.0 Mosby Woods
Mosby Woods,Week2,Hiddenbrook,Week5,280.0 Mosby Woods - 122.0 Hiddenbrook
McLean,Week4,McLean,Week4,195.5 McLean (ML1) - 195.5 McLean (ML2)
McLean,Week3,Fox Mill Estates,Week3,292.0 McLean - 110.0 Fox Mill Estates
Mosby Woods,Week2,Mansion House,Week1,246.0 Mosby Woods - 156.0 Mansion House
McLean,Week1,Fox Mill Woods,Week5,240.0 McLean - 162.0 Fox Mill Woods
Mosby Woods,Week4,Laurel Hill,Week2,325.0 Mosby Woods - 75.0 Laurel Hill
Mosby Woods,Week5,Langley,Week3,207.0 Mosby Woods - 195.0 Langley
McLean,Week5,Fox Mill Estates,Week3,304.0 McLean - 98.0 Fox Mill Estates
Mosby Woods,Week4,High Point Pool,Week4,213.0 Mosby Woods - 189.0 High Point Pool
McLean,Week5,McLean,Week1,233.0 McLean (ML1) - 169.0 McLean (ML2)
Mosby Woods,Week1,Mansion House,Week5,249.0 Mosby Woods - 153.0 Mansion House
Mosby Woods,Week5,High Point Pool,Week1,242.0 Mosby Woods - 160.0 High Point Pool
Mosby Woods,Week2,High Point Pool,Week4,228.0 Mosby Woods - 174.0 High Point Pool
McLean,Week5,Fair Oaks ,Week3,280.0 McLean - 122.0 Fair Oaks
Mosby Woods,Week5,Laurel Hill,Week1,315.0 Mosby Woods - 87.0 Laurel Hill
Mosby Woods,Week1,High Point Pool,Week3,241.0 Mosby Woods - 161.0 High Point Pool
McLean,Week3,Mosby Woods,Week2,223.5 McLean - 178.5 Mosby Woods
McLean,Week3,Fox Mill Woods,Week5,260.0 McLean - 142.0 Fox Mill Woods
Mosby Woods,Week5,Long Branch,Week4,276.0 Mosby Woods - 126.0 Long Branch
McLean,Week3,Mosby Woods,Week1,215.0 McLean - 187.0 Mosby Woods
McLean,Week5,Wakefield Chapel,Week5,222.0 McLean - 180.0 Wakefield Chapel
McLean,Week4,Fair Oaks ,Week2,286.0 McLean - 116.0 Fair Oaks
McLean,Week3,Fair Oaks ,Week1,287.0 McLean - 115.0 Fair Oaks
McLean,Week5,Waynewood,Week2,261.0 McLean - 141.0 Waynewood
McLean,Week1,Woodley,Week2,322.0 McLean - 80.0 Woodley
McLean,Week5,Waynewood,Week3,253.0 McLean - 149.0 Waynewood
McLean,Week5,Fox Mill Woods,Week2,260.0 McLean - 142.0 Fox Mill Woods
Mosby Woods,Week2,Mansion House,Week2,247.0 Mosby Woods - 155.0 Mansion House
Mosby Woods,Week2,Mansion House,Week5,253.0 Mosby Woods - 149.0 Mansion House
Mosby Woods,Week4,Laurel Hill,Week5,285.0 Mosby Woods - 117.0 Laurel Hill
McLean,Week3,Fair Oaks ,Week5,276.5 McLean - 125.5 Fair Oaks
Mosby Woods,Week4,Langley,Week4,211.0 Langley - 191.0 Mosby Woods
Mosby Woods,Week2,High Point Pool,Week1,244.0 Mosby Woods - 158.0 High Point Pool
McLean,Week2,Fairfax,Week2,226.0 McLean - 176.0 Fairfax
McLean,Week5,Fox Mill Estates,Week5,293.0 McLean - 109.0 Fox Mill Estates
McLean,Week3,Fairfax,Week1,233.0 McLean - 169.0 Fairfax
McLean,Week1,Woodley,Week4,328.0 McLean - 74.0 Woodley
McLean,Week4,Fox Mill Woods,Week5,248.0 McLean - 153.0 Fox Mill Woods
McLean,Week1,Woodley,Week3,333.0 McLean - 69.0 Woodley
McLean,Week2,Mosby Woods,Week1,219.0 McLean - 183.0 Mosby Woods
Mosby Woods,Week3,Mansion House,Week1,238.0 Mosby Woods - 164.0 Mansion House
Mosby Woods,Week4,High Point Pool,Week2,217.0 Mosby Woods - 185.0 High Point Pool
Mosby Woods,Week1,High Point Pool,Week5,247.0 Mosby Woods - 155.0 High Point Pool
McLean,Week4,Mosby Woods,Week1,203.0 McLean - 199.0 Mosby Woods
McLean,Week1,Mosby Woods,Week5,229.0 McLean - 173.0 Mosby Woods
Mosby Woods,Week4,Langley,Week5,214.0 Langley - 188.0 Mosby Woods
McLean,Week2,Fair Oaks ,Week5,270.0 McLean - 132.0 Fair Oaks
McLean,Week2,Fox Mill Woods,Week5,247.0 McLean - 155.0 Fox Mill Woods
McLean,Week2,Woodley,Week1,327.0 McLean - 75.0 Woodley
McLean,Week3,Waynewood,Week5,251.0 McLean - 151.0 Waynewood
Mosby Woods,Week4,Mansion House,Week1,225.0 Mosby Woods - 177.0 Mansion House
Mosby Woods,Week5,Langley,Week5,212.0 Mosby Woods - 190.0 Langley
Mosby Woods,Week3,Langley,Week5,205.0 Mosby Woods - 197.0 Langley
Mosby Woods,Week5,High Point Pool,Week3,247.0 Mosby Woods - 155.0 High Point Pool
Mosby Woods,Week4,Mansion House,Week3,204.0 Mosby Woods - 198.0 Mansion House
McLean,Week2,Fair Oaks ,Week3,278.0 McLean - 124.0 Fair Oaks
McLean,Week3,Woodley,Week1,333.0 McLean - 69.0 Woodley
McLean,Week2,Woodley,Week4,324.0 McLean - 78.0 Woodley
McLean,Week1,Fairfax,Week1,229.5 McLean - 172.5 Fairfax
McLean,Week2,Mosby Woods,Week5,239.0 McLean - 163.0 Mosby Woods
McLean,Week5,Fox Mill Estates,Week1,324.0 McLean - 78.0 Fox Mill Estates
McLean,Week1,Fox Mill Woods,Week4,255.0 McLean - 147.0 Fox Mill Woods
McLean,Week1,Mosby Woods,Week4,255.0 McLean - 147.0 Mosby Woods
Mosby Woods,Week5,Hiddenbrook,Week5,278.0 Mosby Woods - 124.0 Hiddenbrook
Mosby Woods,Week3,Mansion House,Week5,240.0 Mosby Woods - 162.0 Mansion House
Mosby Woods,Week3,Laurel Hill,Week3,304.0 Mosby Woods - 98.0 Laurel Hill
Mosby Woods,Week4,Hiddenbrook,Week5,262.0 Mosby Woods - 140.0 Hiddenbrook
Mosby Woods,Week4,Hiddenbrook,Week4,275.0 Mosby Woods - 127.0 Hiddenbrook
Mosby Woods,Week3,Mansion House,Week3,217.0 Mosby Woods - 185.0 Mansion House
McLean,Week2,Fox Mill Woods,Week4,249.0 McLean - 153.0 Fox Mill Woods
McLean,Week5,Fox Mill Estates,Week4,294.0 McLean - 108.0 Fox Mill Estates
Mosby Woods,Week5,Mansion House,Week2,244.0 Mosby Woods - 158.0 Mansion House
McLean,Week1,Fox Mill Woods,Week1,232.0 McLean - 170.0 Fox Mill Woods
McLean,Week2,Fox Mill Woods,Week1,244.0 McLean - 158.0 Fox Mill Woods
Mosby Woods,Week4,Langley,Week2,205.0 Mosby Woods - 197.0 Langley
Mosby Woods,Week3,High Point Pool,Week3,233.0 Mosby Woods - 169.0 High Point Pool
Mosby Woods,Week1,Annandale,Week1,331.0 Mosby Woods - 71.0 Annandale
McLean,Week3,Woodley,Week2,328.0 McLean - 74.0 Woodley
Mosby Woods,Week5,Mansion House,Week4,265.0 Mosby Woods - 137.0 Mansion House
Mosby Woods,Week5,Mansion House,Week3,228.0 Mosby Woods - 174.0 Mansion House
McLean,Week4,Fair Oaks ,Week1,258.0 McLean - 144.0 Fair Oaks
McLean,Week4,Fair Oaks ,Week3,257.0 McLean - 145.0 Fair Oaks
Mosby Woods,Week1,Laurel Hill,Week2,336.0 Mosby Woods - 66.0 Laurel Hill
McLean,Week4,McLean,Week5,202.5 McLean (ML1) - 199.5 McLean (ML2)
McLean,Week5,Fair Oaks ,Week5,276.0 McLean - 126.0 Fair Oaks
McLean,Week5,McLean,Week2,216.0 McLean (ML1) - 186.0 McLean (ML2)
Mosby Woods,Week4,Langley,Week3,216.0 Langley - 186.0 Mosby Woods
Mosby Woods,Week2,Laurel Hill,Week3,299.0 Mosby Woods - 103.0 Laurel Hill
Mosby Woods,Week2,Annandale,Week1,328.0 Mosby Woods - 74.0 Annandale
McLean,Week3,Fair Oaks ,Week3,285.0 McLean - 117.0 Fair Oaks
McLean,Week2,Mosby Woods,Week3,232.0 McLean - 170.0 Mosby Woods
McLean,Week5,McLean,Week5,201.0 McLean (ML1) - 201.0 McLean (ML2)
McLean,Week3,Mosby Woods,Week4,247.0 McLean - 155.0 Mosby Woods
Mosby Woods,Week1,Mantua,Week1,234.5 Mosby Woods - 167.5 Mantua
Mosby Woods,Week5,Mansion House,Week5,224.0 Mosby Woods - 178.0 Mansion House
Mosby Woods,Week1,Laurel Hill,Week4,318.0 Mosby Woods - 84.0 Laurel Hill
McLean,Week5,Woodley,Week2,332.0 McLean - 70.0 Woodley
Mosby Woods,Week2,Annandale,Week5,330.0 Mosby Woods - 72.0 Annandale
Mosby Woods,Week1,Mantua,Week3,208.0 Mosby Woods - 194.0 Mantua
Mosby Woods,Week1,High Point Pool,Week2,225.0 Mosby Woods - 177.0 High Point Pool
Mosby Woods,Week5,Langley,Week1,207.0 Mosby Woods - 195.0 Langley
Mosby Woods,Week4,Hiddenbrook,Week1,285.0 Mosby Woods - 117.0 Hiddenbrook
Mosby Woods,Week3,Annandale,Week3,322.0 Mosby Woods - 80.0 Annandale
Mosby Woods,Week1,Mantua,Week2,237.0 Mosby Woods - 165.0 Mantua
Mosby Woods,Week2,Annandale,Week3,321.0 Mosby Woods - 81.0 Annandale
Mosby Woods,Week5,Langley,Week2,217.0 Mosby Woods - 185.0 Langley
Mosby Woods,Week2,Laurel Hill,Week5,285.0 Mosby Woods - 117.0 Laurel Hill
McLean,Week3,Mosby Woods,Week3,233.0 McLean - 169.0 Mosby Woods
Mosby Woods,Week2,Annandale,Week2,321.0 Mosby Woods - 81.0 Annandale
Mosby Woods,Week3,High Point Pool,Week5,239.0 Mosby Woods - 163.0 High Point Pool
Mosby Woods,Week4,Mantua,Week4,214.0 Mosby Woods - 188.0 Mantua
Mosby Woods,Week5,Langley,Week4,205.0 Langley - 197.0 Mosby Woods
Mosby Woods,Week2,High Point Pool,Week3,251.0 Mosby Woods - 151.0 High Point Pool
Mosby Woods,Week2,Mantua,Week5,202.0 Mosby Woods - 200.0 Mantua
McLean,Week5,Fair Oaks ,Week2,301.5 McLean - 100.5 Fair Oaks
Mosby Woods,Week4,Annandale,Week3,309.0 Mosby Woods - 93.0 Annandale
Mosby Woods,Week1,Laurel Hill,Week1,319.0 Mosby Woods - 83.0 Laurel Hill
McLean,Week3,Fox Mill Woods,Week2,258.0 McLean - 144.0 Fox Mill Woods
McLean,Week5,Mosby Woods,Week1,230.0 McLean - 172.0 Mosby Woods
Mosby Woods,Week5,Annandale,Week1,331.0 Mosby Woods - 71.0 Annandale
Mosby Woods,Week5,Hiddenbrook,Week3,282.5 Mosby Woods - 119.5 Hiddenbrook
Mosby Woods,Week2,Laurel Hill,Week2,337.0 Mosby Woods - 64.0 Laurel Hill
McLean,Week4,Fox Mill Woods,Week1,230.0 McLean - 172.0 Fox Mill Woods
McLean,Week2,Fairfax,Week3,210.0 McLean - 192.0 Fairfax
McLean,Week4,Mosby Woods,Week2,217.0 McLean - 185.0 Mosby Woods
McLean,Week2,Mosby Woods,Week4,252.0 McLean - 150.0 Mosby Woods
Mosby Woods,Week4,Hiddenbrook,Week3,280.0 Mosby Woods - 122.0 Hiddenbrook
McLean,Week3,Fair Oaks ,Week2,298.0 McLean - 104.0 Fair Oaks
McLean,Week4,Mosby Woods,Week4,228.0 McLean - 173.0 Mosby Woods
McLean,Week3,Fox Mill Woods,Week3,257.0 McLean - 145.0 Fox Mill Woods
Mosby Woods,Week2,Mantua,Week1,240.0 Mosby Woods - 162.0 Mantua
McLean,Week1,Fox Mill Woods,Week3,242.0 McLean - 160.0 Fox Mill Woods
McLean,Week1,Fairfax,Week4,223.5 McLean - 178.5 Fairfax
McLean,Week4,Mosby Woods,Week3,220.0 McLean - 182.0 Mosby Woods
McLean,Week1,Mosby Woods,Week1,210.0 McLean - 192.0 Mosby Woods
McLean,Week2,Fox Mill Woods,Week2,262.0 McLean - 140.0 Fox Mill Woods
McLean,Week5,Fair Oaks ,Week1,276.0 McLean - 126.0 Fair Oaks
Mosby Woods,Week1,Mantua,Week4,221.0 Mosby Woods - 181.0 Mantua
McLean,Week1,Fairfax,Week2,207.0 McLean - 195.0 Fairfax
McLean,Week2,Fairfax,Week1,250.0 McLean - 152.0 Fairfax
Mosby Woods,Week4,Langley,Week1,231.0 Langley - 171.0 Mosby Woods
Mosby Woods,Week3,Hiddenbrook,Week5,279.5 Mosby Woods - 122.5 Hiddenbrook
Mosby Woods,Week1,Annandale,Week3,318.0 Mosby Woods - 84.0 Annandale
McLean,Week1,Fox Mill Woods,Week2,238.5 McLean - 163.5 Fox Mill Woods
McLean,Week4,Fox Mill Estates,Week5,290.0 McLean - 112.0 Fox Mill Estates
Mosby Woods,Week4,Hiddenbrook,Week2,323.0 Mosby Woods - 79.0 Hiddenbrook
McLean,Week3,Fox Mill Woods,Week4,257.0 McLean - 145.0 Fox Mill Woods
Mosby Woods,Week2,McLean,Week2,231.0 McLean - 171.0 Mosby Woods
Mosby Woods,Week3,Laurel Hill,Week1,307.0 Mosby Woods - 95.0 Laurel Hill
McLean,Week4,Fox Mill Woods,Week3,236.0 McLean - 166.0 Fox Mill Woods
McLean,Week2,Fairfax,Week4,243.0 McLean - 159.0 Fairfax
Mosby Woods,Week4,Mantua,Week1,209.0 Mosby Woods - 193.0 Mantua
Mosby Woods,Week3,Annandale,Week5,331.0 Mosby Woods - 71.0 Annandale
McLean,Week3,Mount Vernon Park,Week2,239.0 McLean - 163.0 Mount Vernon Park
McLean,Week5,Mount Vernon Park,Week3,242.0 McLean - 160.0 Mount Vernon Park
Mosby Woods,Week5,Hiddenbrook,Week2,331.0 Mosby Woods - 71.0 Hiddenbrook
McLean,Week4,Woodley,Week5,324.0 McLean - 78.0 Woodley
Mosby Woods,Week3,Laurel Hill,Week2,330.0 Mosby Woods - 66.0 Laurel Hill
McLean,Week1,Fairfax,Week5,207.0 McLean - 195.0 Fairfax
Mosby Woods,Week5,Mantua,Week2,223.0 Mosby Woods - 179.0 Mantua
McLean,Week3,Fairfax,Week2,218.0 McLean - 184.0 Fairfax
Mosby Woods,Week1,Annandale,Week4,333.0 Mosby Woods - 69.0 Annandale
Mosby Woods,Week1,High Point Pool,Week4,239.0 Mosby Woods - 163.0 High Point Pool
McLean,Week4,Fox Mill Woods,Week2,240.0 McLean - 162.0 Fox Mill Woods
McLean,Week4,Mount Vernon Park,Week3,216.0 McLean - 186.0 Mount Vernon Park
Mosby Woods,Week5,Hiddenbrook,Week1,298.0 Mosby Woods - 104.0 Hiddenbrook
McLean,Week5,Mount Vernon Park,Week4,248.0 McLean - 154.0 Mount Vernon Park
Mosby Woods,Week3,McLean,Week4,220.0 McLean - 182.0 Mosby Woods
McLean,Week5,Fox Mill Estates,Week2,306.0 McLean - 96.0 Fox Mill Estates
McLean,Week4,Fox Mill Woods,Week4,236.0 McLean - 166.0 Fox Mill Woods
Mosby Woods,Week2,McLean,Week5,237.0 McLean - 165.0 Mosby Woods
McLean,Week2,Fairfax Club Estates,Week3,294.0 McLean - 108.0 Fairfax Club Estates
Mosby Woods,Week4,Laurel Hill,Week1,295.0 Mosby Woods - 107.0 Laurel Hill
Mosby Woods,Week3,Laurel Hill,Week4,311.0 Mosby Woods - 91.0 Laurel Hill
McLean,Week1,Fairfax Club Estates,Week2,316.0 McLean - 86.0 Fairfax Club Estates
McLean,Week3,Fairfax Club Estates,Week4,308.0 McLean - 94.0 Fairfax Club Estates
McLean,Week2,Mount Vernon Park,Week1,231.0 McLean - 171.0 Mount Vernon Park
Mosby Woods,Week2,High Point Pool,Week2,235.0 Mosby Woods - 167.0 High Point Pool
Mosby Woods,Week3,Mantua,Week3,220.0 Mantua - 182.0 Mosby Woods
Mosby Woods,Week5,Hiddenbrook,Week4,282.0 Mosby Woods - 120.0 Hiddenbrook
Mosby Woods,Week3,Laurel Hill,Week5,289.0 Mosby Woods - 113.0 Laurel Hill
McLean,Week3,Woodley,Week5,325.0 McLean - 77.0 Woodley
McLean,Week2,Fox Mill Woods,Week3,256.0 McLean - 146.0 Fox Mill Woods
Mosby Woods,Week4,Annandale,Week4,327.0 Mosby Woods - 75.0 Annandale
Mosby Woods,Week1,High Point Pool,Week1,241.0 Mosby Woods - 161.0 High Point Pool
McLean,Week4,Fox Mill Estates,Week4,273.0 McLean - 129.0 Fox Mill Estates
Mosby Woods,Week4,Laurel Hill,Week3,297.0 Mosby Woods - 105.0 Laurel Hill
Mosby Woods,Week2,High Point Pool,Week5,248.0 Mosby Woods - 154.0 High Point Pool
McLean,Week1,Newington Forest,Week3,320.0 McLean - 82.0 Newington Forest
McLean,Week4,Fairfax,Week3,203.0 McLean - 199.0 Fairfax
McLean,Week5,Woodley,Week3,340.0 McLean - 62.0 Woodley
McLean,Week4,Woodley,Week1,337.0 McLean - 65.0 Woodley
McLean,Week5,Woodley,Week1,337.0 McLean - 65.0 Woodley
Mosby Woods,Week4,Lee Graham,Week4,234.0 Lee Graham - 168.0 Mosby Woods
Mosby Woods,Week1,McLean,Week2,219.0 McLean - 183.0 Mosby Woods
Mosby Woods,Week4,Laurel Hill,Week4,306.0 Mosby Woods - 95.0 Laurel Hill
Mosby Woods,Week4,High Point Pool,Week1,217.0 Mosby Woods - 184.0 High Point Pool
Mosby Woods,Week1,Lee Graham,Week5,205.0 Mosby Woods - 197.0 Lee Graham
Mosby Woods,Week3,McLean,Week1,228.0 McLean - 174.0 Mosby Woods
Mosby Woods,Week1,McLean,Week3,215.0 McLean - 187.0 Mosby Woods
Mosby Woods,Week1,Lee Graham,Week2,209.5 Lee Graham - 192.5 Mosby Woods
Mosby Woods,Week4,High Point Pool,Week3,234.0 Mosby Woods - 168.0 High Point Pool
McLean,Week5,Great Falls,Week2,292.0 McLean - 92.0 Great Falls
McLean,Week5,Fox Mill Woods,Week3,252.5 McLean - 149.5 Fox Mill Woods
McLean,Week4,Great Falls,Week5,268.5 McLean - 133.5 Great Falls
Mosby Woods,Week4,Mantua,Week2,213.0 Mosby Woods - 189.0 Mantua
McLean,Week5,Fox Mill Woods,Week4,263.0 McLean - 139.0 Fox Mill Woods
Mosby Woods,Week2,Lee Graham,Week1,202.0 Lee Graham - 200.0 Mosby Woods
Mosby Woods,Week4,Mantua,Week3,229.0 Mantua - 173.0 Mosby Woods
McLean,Week5,Fairfax,Week4,235.0 McLean - 167.0 Fairfax
Mosby Woods,Week4,Lee Graham,Week5,225.0 Lee Graham - 177.0 Mosby Woods
Mosby Woods,Week3,Mantua,Week1,224.0 Mosby Woods - 178.0 Mantua
McLean,Week5,Fairfax,Week3,217.0 McLean - 185.0 Fairfax
McLean,Week1,Mount Vernon Park,Week1,230.0 McLean - 172.0 Mount Vernon Park
Mosby Woods,Week3,High Point Pool,Week1,237.0 Mosby Woods - 165.0 High Point Pool
McLean,Week4,Woodley,Week2,317.0 McLean - 85.0 Woodley
McLean,Week5,Fairfax,Week2,220.0 McLean - 182.0 Fairfax
McLean,Week5,Fairfax,Week5,228.0 McLean - 174.0 Fairfax
McLean,Week4,Fairfax Club Estates,Week4,286.0 McLean - 116.0 Fairfax Club Estates
McLean,Week3,Fairfax,Week4,244.0 McLean - 158.0 Fairfax
Mosby Woods,Week2,Mantua,Week3,202.0 Mosby Woods - 200.0 Mantua
Mosby Woods,Week4,High Point Pool,Week5,227.5 Mosby Woods - 174.5 High Point Pool
Mosby Woods,Week3,High Point Pool,Week4,221.0 Mosby Woods - 181.0 High Point Pool
Mosby Woods,Week3,Lee Graham,Week4,232.0 Lee Graham - 170.0 Mosby Woods
McLean,Week5,Fox Mill Woods,Week1,246.0 McLean - 156.0 Fox Mill Woods
Mosby Woods,Week3,High Point Pool,Week2,217.0 Mosby Woods - 185.0 High Point Pool
McLean,Week3,Mount Vernon Park,Week3,233.0 McLean - 169.0 Mount Vernon Park
McLean,Week4,Fairfax,Week2,214.5 McLean - 187.5 Fairfax
Mosby Woods,Week3,Mantua,Week4,227.0 Mosby Woods - 175.0 Mantua
McLean,Week5,Woodley,Week4,329.0 McLean - 73.0 Woodley
McLean,Week4,Woodley,Week3,329.0 McLean - 73.0 Woodley
Mosby Woods,Week5,Laurel Hill,Week4,303.0 Mosby Woods - 99.0 Laurel Hill
McLean,Week5,Woodley,Week5,330.0 McLean - 72.0 Woodley
McLean,Week2,Mount Vernon Park,Week2,235.0 McLean - 167.0 Mount Vernon Park
McLean,Week1,Mount Vernon Park,Week3,221.0 McLean - 181.0 Mount Vernon Park
Mosby Woods,Week1,Annandale,Week5,333.0 Mosby Woods - 69.0 Annandale
McLean,Week2,Mount Vernon Park,Week5,221.0 McLean - 181.0 Mount Vernon Park
McLean,Week1,Mount Vernon Park,Week5,208.0 McLean - 194.0 Mount Vernon Park
Mosby Woods,Week5,High Point Pool,Week2,221.0 Mosby Woods - 181.0 High Point Pool
McLean,Week1,Mount Vernon Park,Week2,229.0 McLean - 173.0 Mount Vernon Park
McLean,Week3,Woodley,Week4,331.0 McLean - 71.0 Woodley
McLean,Week3,Fox Mill Woods,Week1,245.0 McLean - 157.0 Fox Mill Woods
McLean,Week1,Mount Vernon Park,Week4,230.0 McLean - 172.0 Mount Vernon Park
McLean,Week4,Great Falls,Week3,276.0 McLean - 126.0 Great Falls
McLean,Week4,Mount Vernon Park,Week2,221.5 McLean - 180.5 Mount Vernon Park
Mosby Woods,Week1,Lincolnia Park,Week1,374.0 Mosby Woods - 28.0 Lincolnia Park
McLean,Week3,Mount Vernon Park,Week5,218.0 McLean - 184.0 Mount Vernon Park
Mosby Woods,Week2,Annandale,Week4,336.0 Mosby Woods - 66.0 Annandale
McLean,Week4,Woodley,Week4,331.0 McLean - 71.0 Woodley
McLean,Week1,Fairfax Club Estates,Week3,306.0 McLean - 96.0 Fairfax Club Estates
McLean,Week3,Mount Vernon Park,Week4,230.0 McLean - 172.0 Mount Vernon Park
McLean,Week1,Great Falls,Week5,281.0 McLean - 121.0 Great Falls
McLean,Week1,Greenbriar,Week1,254.0 McLean - 148.0 Greenbriar
Mosby Woods,Week2,Highland Park,Week3,265.0 Mosby Woods - 137.0 Highland Park
Mosby Woods,Week5,Mantua,Week3,219.0 Mantua - 183.0 Mosby Woods
McLean,Week1,Fairfax Club Estates,Week1,305.0 McLean - 97.0 Fairfax Club Estates
Mosby Woods,Week5,Lee Graham,Week4,215.0 Lee Graham - 187.0 Mosby Woods
Mosby Woods,Week3,Mantua,Week5,207.0 Mantua - 195.0 Mosby Woods
Mosby Woods,Week5,Lee Graham,Week5,217.0 Lee Graham - 185.0 Mosby Woods
Mosby Woods,Week1,Highland Park,Week2,263.0 Mosby Woods - 139.0 Highland Park
Mosby Woods,Week1,Annandale,Week2,329.0 Mosby Woods - 73.0 Annandale
Mosby Woods,Week3,Mantua,Week2,229.0 Mosby Woods - 168.0 Mantua
McLean,Week1,Great Falls,Week2,284.0 McLean - 100.0 Great Falls
McLean,Week2,Fairfax Club Estates,Week1,304.0 McLean - 98.0 Fairfax Club Estates
Mosby Woods,Week1,Highland Park,Week5,258.0 Mosby Woods - 144.0 Highland Park
McLean,Week3,Great Falls,Week3,288.0 McLean - 109.0 Great Falls
McLean,Week4,Mount Vernon Park,Week1,218.0 McLean - 184.0 Mount Vernon Park
McLean,Week4,Mount Vernon Park,Week4,219.0 McLean - 183.0 Mount Vernon Park
McLean,Week4,Great Falls,Week1,286.0 McLean - 116.0 Great Falls
McLean,Week3,Fairfax,Week5,216.0 McLean - 186.0 Fairfax
Mosby Woods,Week2,Mantua,Week2,232.0 Mosby Woods - 170.0 Mantua
Mosby Woods,Week4,Highland Park,Week3,242.0 Mosby Woods - 160.0 Highland Park
McLean,Week2,Greenbriar,Week1,267.0 McLean - 135.0 Greenbriar
Mosby Woods,Week3,Annandale,Week1,335.0 Mosby Woods - 67.0 Annandale
McLean,Week2,Fairfax Club Estates,Week4,295.0 McLean - 107.0 Fairfax Club Estates
Mosby Woods,Week1,Highlands Swim,Week2,219.0 Highlands Swim - 183.0 Mosby Woods
McLean,Week2,Fairfax Club Estates,Week5,300.0 McLean - 101.0 Fairfax Club Estates
McLean,Week2,Greenbriar,Week3,271.0 McLean - 131.0 Greenbriar
Mosby Woods,Week3,Annandale,Week4,336.0 Mosby Woods - 66.0 Annandale
Mosby Woods,Week5,Highland Park,Week2,257.0 Mosby Woods - 145.0 Highland Park
McLean,Week5,Mosby Woods,Week3,251.0 McLean - 151.0 Mosby Woods
McLean,Week5,Mosby Woods,Week5,243.0 McLean - 159.0 Mosby Woods
Mosby Woods,Week5,Laurel Hill,Week5,282.0 Mosby Woods - 120.0 Laurel Hill
Mosby Woods,Week4,Annandale,Week1,320.0 Mosby Woods - 82.0 Annandale
Mosby Woods,Week5,High Point Pool,Week4,230.5 Mosby Woods - 171.5 High Point Pool
Mosby Woods,Week5,Mantua,Week1,230.0 Mosby Woods - 172.0 Mantua
Mosby Woods,Week5,Mantua,Week5,211.0 Mantua - 191.0 Mosby Woods
Mosby Woods,Week1,Lee Graham,Week3,214.0 Lee Graham - 188.0 Mosby Woods
Mosby Woods,Week1,Lee Graham,Week4,207.0 Mosby Woods - 195.0 Lee Graham
Mosby Woods,Week3,Annandale,Week2,330.0 Mosby Woods - 72.0 Annandale
McLean,Week3,Fairfax Club Estates,Week1,297.0 McLean - 104.0 Fairfax Club Estates
Mosby Woods,Week5,Mantua,Week4,214.0 Mosby Woods - 188.0 Mantua
McLean,Week3,Fairfax Club Estates,Week2,310.0 McLean - 91.0 Fairfax Club Estates
Mosby Woods,Week1,Highland Park,Week3,254.0 Mosby Woods - 148.0 Highland Park
McLean,Week5,Fairfax,Week1,243.0 McLean - 159.0 Fairfax
Mosby Woods,Week5,Annandale,Week2,318.5 Mosby Woods - 83.5 Annandale
Mosby Woods,Week5,Laurel Hill,Week3,297.0 Mosby Woods - 105.0 Laurel Hill
Mosby Woods,Week2,Highland Park,Week4,261.0 Mosby Woods - 141.0 Highland Park
Mosby Woods,Week1,McLean,Week1,210.0 McLean - 192.0 Mosby Woods
Mosby Woods,Week4,Annandale,Week2,317.0 Mosby Woods - 85.0 Annandale
Mosby Woods,Week5,Annandale,Week4,331.0 Mosby Woods - 71.0 Annandale
McLean,Week2,Great Falls,Week2,281.0 McLean - 103.0 Great Falls
Mosby Woods,Week2,McLean,Week1,230.0 McLean - 172.0 Mosby Woods
McLean,Week2,Mount Vernon Park,Week4,241.0 McLean - 161.0 Mount Vernon Park
McLean,Week2,Fairfax Club Estates,Week2,314.0 McLean - 88.0 Fairfax Club Estates
McLean,Week3,Great Falls,Week5,280.0 McLean - 116.0 Great Falls
McLean,Week3,Mount Vernon Park,Week1,234.0 McLean - 168.0 Mount Vernon Park
Mosby Woods,Week1,Highlands Swim,Week3,226.0 Highlands Swim - 176.0 Mosby Woods
Mosby Woods,Week3,Lee Graham,Week1,213.0 Lee Graham - 184.0 Mosby Woods
Mosby Woods,Week4,Lee Graham,Week3,229.0 Lee Graham - 173.0 Mosby Woods
Mosby Woods,Week2,Lee Graham,Week4,208.0 Lee Graham - 194.0 Mosby Woods
Mosby Woods,Week2,Lee Graham,Week3,217.0 Lee Graham - 185.0 Mosby Woods
Mosby Woods,Week1,Arlington Forest,Week3,288.0 Mosby Woods - 114.0 Arlington Forest
Mosby Woods,Week3,Highland Park,Week3,247.0 Mosby Woods - 155.0 Highland Park
Mosby Woods,Week4,Mantua,Week5,216.0 Mantua - 186.0 Mosby Woods
McLean,Week2,Greenbriar,Week5,269.0 McLean - 133.0 Greenbriar
Mosby Woods,Week3,Highland Park,Week4,248.0 Mosby Woods - 154.0 Highland Park
Mosby Woods,Week1,Mantua,Week5,210.0 Mosby Woods - 192.0 Mantua
Mosby Woods,Week5,Laurel Hill,Week2,333.0 Mosby Woods - 69.0 Laurel Hill
Mosby Woods,Week1,Highland Park,Week4,255.0 Mosby Woods - 147.0 Highland Park
McLean,Week2,Mount Vernon Park,Week3,233.0 McLean - 169.0 Mount Vernon Park
Mosby Woods,Week4,Annandale,Week5,320.0 Mosby Woods - 82.0 Annandale
Mosby Woods,Week2,Lee Graham,Week5,201.0 Lee Graham - 201.0 Mosby Woods
McLean,Week3,Great Falls,Week2,281.5 McLean - 101.5 Great Falls
Mosby Woods,Week2,Mantua,Week4,219.0 Mosby Woods - 183.0 Mantua
McLean,Week3,Fairfax Club Estates,Week3,306.0 McLean - 95.0 Fairfax Club Estates
McLean,Week4,Fairfax,Week4,225.0 McLean - 177.0 Fairfax
McLean,Week2,Great Falls,Week4,309.0 McLean - 93.0 Great Falls
McLean,Week4,Mount Vernon Park,Week5,203.0 McLean - 199.0 Mount Vernon Park
Mosby Woods,Week5,High Point Pool,Week5,250.0 Mosby Woods - 152.0 High Point Pool
McLean,Week3,Great Falls,Week4,294.0 McLean - 102.0 Great Falls
McLean,Week2,Great Falls,Week3,291.0 McLean - 111.0 Great Falls
McLean,Week5,Mount Vernon Park,Week1,250.0 McLean - 152.0 Mount Vernon Park
McLean,Week5,Mount Vernon Park,Week2,244.0 McLean - 158.0 Mount Vernon Park
Mosby Woods,Week1,McLean,Week4,203.0 McLean - 199.0 Mosby Woods
McLean,Week1,Fairfax Club Estates,Week5,304.0 McLean - 98.0 Fairfax Club Estates
Mosby Woods,Week5,Annandale,Week5,329.0 Mosby Woods - 73.0 Annandale
McLean,Week1,Fairfax Club Estates,Week4,297.0 McLean - 105.0 Fairfax Club Estates
McLean,Week4,Fairfax,Week1,235.0 McLean - 167.0 Fairfax
McLean,Week5,Mosby Woods,Week4,264.0 McLean - 138.0 Mosby Woods
Mosby Woods,Week1,McLean,Week5,230.0 McLean - 172.0 Mosby Woods
McLean,Week3,Greenbriar,Week2,256.0 McLean - 146.0 Greenbriar
Mosby Woods,Week1,Arlington Forest,Week1,273.0 Mosby Woods - 129.0 Arlington Forest
Mosby Woods,Week1,Lee Graham,Week1,208.0 Lee Graham - 194.0 Mosby Woods
McLean,Week1,Newington Forest,Week1,334.0 McLean - 68.0 Newington Forest
Mosby Woods,Week3,McLean,Week2,232.0 McLean - 170.0 Mosby Woods
Mosby Woods,Week5,Lee Graham,Week1,203.0 Lee Graham - 199.0 Mosby Woods
McLean,Week5,Fox Mill Woods,Week5,252.0 McLean - 150.0 Fox Mill Woods
McLean,Week3,Fairfax Club Estates,Week5,296.0 McLean - 106.0 Fairfax Club Estates
Mosby Woods,Week1,Highland Park,Week1,246.0 Mosby Woods - 156.0 Highland Park
McLean,Week4,Fairfax Club Estates,Week2,304.0 McLean - 98.0 Fairfax Club Estates
Mosby Woods,Week2,Arlington Forest,Week1,269.0 Mosby Woods - 133.0 Arlington Forest
Mosby Woods,Week2,McLean,Week3,223.5 McLean - 178.5 Mosby Woods
McLean,Week5,Mount Vernon Park,Week5,231.0 McLean - 171.0 Mount Vernon Park
McLean,Week4,Fairfax,Week5,208.0 Fairfax - 194.0 McLean
Mosby Woods,Week3,Highland Park,Week1,234.0 Mosby Woods - 168.0 Highland Park
Mosby Woods,Week2,McLean,Week4,217.0 McLean - 185.0 Mosby Woods
McLean,Week1,Great Falls,Week1,297.0 McLean - 105.0 Great Falls
Mosby Woods,Week1,Arlington Forest,Week2,297.0 Mosby Woods - 105.0 Arlington Forest
Mosby Woods,Week1,Arlington Forest,Week5,254.0 Mosby Woods - 148.0 Arlington Forest
Mosby Woods,Week2,Lee Graham,Week2,211.0 Lee Graham - 191.0 Mosby Woods
Mosby Woods,Week4,Highland Park,Week2,232.0 Mosby Woods - 170.0 Highland Park
McLean,Week1,Newington Forest,Week2,324.0 McLean - 78.0 Newington Forest
Mosby Woods,Week1,Arlington Forest,Week4,264.0 Mosby Woods - 138.0 Arlington Forest
Mosby Woods,Week4,Lee Graham,Week1,232.0 Lee Graham - 170.0 Mosby Woods
McLean,Week1,Great Falls,Week4,301.0 McLean - 101.0 Great Falls
Mosby Woods,Week2,Highland Park,Week2,259.0 Mosby Woods - 143.0 Highland Park
Mosby Woods,Week5,Highland Park,Week1,233.0 Mosby Woods - 169.0 Highland Park
Mosby Woods,Week3,Lee Graham,Week3,244.0 Lee Graham - 158.0 Mosby Woods
McLean,Week4,Fairfax Club Estates,Week3,287.0 McLean - 115.0 Fairfax Club Estates
McLean,Week5,Fairfax Club Estates,Week1,323.0 McLean - 79.0 Fairfax Club Estates
McLean,Week4,Great Falls,Week2,275.0 McLean - 109.0 Great Falls
Mosby Woods,Week3,Lee Graham,Week2,218.0 Lee Graham - 184.0 Mosby Woods
Mosby Woods,Week3,Mosby Woods,Week4,216.0 Mosby Woods (MW1) - 186.0 Mosby Woods (MW2)
Mosby Woods,Week4,Mosby Woods,Week2,220.0 Mosby Woods (MW2) - 182.0 Mosby Woods (MW1)
Mosby Woods,Week2,Arlington Forest,Week4,260.0 Mosby Woods - 142.0 Arlington Forest
McLean,Week3,Great Falls,Week1,299.0 McLean - 102.0 Great Falls
Mosby Woods,Week4,Highland Park,Week4,236.0 Mosby Woods - 166.0 Highland Park
Mosby Woods,Week3,McLean,Week3,233.0 McLean - 169.0 Mosby Woods
Mosby Woods,Week3,Lee Graham,Week5,219.0 Lee Graham - 183.0 Mosby Woods
Mosby Woods,Week2,Arlington Forest,Week2,286.0 Mosby Woods - 116.0 Arlington Forest
Mosby Woods,Week4,Highland Park,Week5,232.0 Mosby Woods - 170.0 Highland Park
McLean,Week2,Great Falls,Week1,294.0 McLean - 108.0 Great Falls
McLean,Week2,Newington Forest,Week3,327.0 McLean - 75.0 Newington Forest
McLean,Week4,Fairfax Club Estates,Week1,296.0 McLean - 106.0 Fairfax Club Estates
Mosby Woods,Week2,Arlington Forest,Week5,246.0 Mosby Woods - 156.0 Arlington Forest
McLean,Week5,Newington Forest,Week5,312.5 McLean - 89.5 Newington Forest
Mosby Woods,Week4,Lee Graham,Week2,227.0 Lee Graham - 175.0 Mosby Woods
McLean,Week2,Great Falls,Week5,294.0 McLean - 108.0 Great Falls
McLean,Week1,North Springfield,Week5,322.5 McLean - 51.5 North Springfield
Mosby Woods,Week3,Mosby Woods,Week2,202.0 Mosby Woods (MW2) - 200.0 Mosby Woods (MW1)
McLean,Week2,North Springfield,Week2,338.0 McLean - 50.0 North Springfield
McLean,Week5,Newington Forest,Week4,315.0 McLean - 87.0 Newington Forest
McLean,Week5,Fairfax Club Estates,Week4,300.0 McLean - 102.0 Fairfax Club Estates
Mosby Woods,Week2,Mosby Woods,Week5,223.0 Mosby Woods (MW1) - 179.0 Mosby Woods (MW2)
Mosby Woods,Week5,Lee Graham,Week3,215.0 Lee Graham - 187.0 Mosby Woods
McLean,Week4,Fairfax Club Estates,Week5,285.0 McLean - 117.0 Fairfax Club Estates
McLean,Week1,Great Falls,Week3,281.0 McLean - 121.0 Great Falls
Mosby Woods,Week3,Highland Park,Week2,251.0 Mosby Woods - 151.0 Highland Park
Mosby Woods,Week5,Lee Graham,Week2,219.0 Lee Graham - 183.0 Mosby Woods
Mosby Woods,Week2,Arlington Forest,Week3,289.0 Mosby Woods - 113.0 Arlington Forest
McLean,Week3,Fairfax Station,Week2,225.0 McLean - 177.0 Fairfax Station
McLean,Week4,Newington Forest,Week4,312.0 McLean - 90.0 Newington Forest
Mosby Woods,Week4,Mosby Woods,Week1,222.0 Mosby Woods (MW2) - 180.0 Mosby Woods (MW1)
Mosby Woods,Week5,Annandale,Week3,316.0 Mosby Woods - 86.0 Annandale
Mosby Woods,Week3,Mosby Woods,Week1,213.5 Mosby Woods (MW2) - 188.5 Mosby Woods (MW1)
Mosby Woods,Week2,Lincolnia Park,Week1,362.0 Mosby Woods - 39.0 Lincolnia Park
McLean,Week5,Great Falls,Week3,292.0 McLean - 110.0 Great Falls
Mosby Woods,Week2,Mosby Woods,Week1,206.5 Mosby Woods (MW2) - 195.5 Mosby Woods (MW1)
McLean,Week1,Newington Forest,Week5,315.0 McLean - 87.0 Newington Forest
McLean,Week5,Great Falls,Week5,297.0 McLean - 105.0 Great Falls
Mosby Woods,Week1,Lincolnia Park,Week3,345.0 Mosby Woods - 48.0 Lincolnia Park
Mosby Woods,Week3,Lincolnia Park,Week4,349.0 Mosby Woods - 52.0 Lincolnia Park
McLean,Week5,Newington Forest,Week2,328.0 McLean - 73.0 Newington Forest
McLean,Week2,Fairfax Station,Week2,214.0 McLean - 188.0 Fairfax Station
McLean,Week5,Great Falls,Week4,315.0 McLean - 87.0 Great Falls
Mosby Woods,Week1,Mosby Woods,Week1,201.0 Mosby Woods (MW1) - 201.0 Mosby Woods (MW2)
McLean,Week1,North Springfield,Week3,341.0 McLean - 56.0 North Springfield
Mosby Woods,Week3,Lincolnia Park,Week2,358.0 Mosby Woods - 35.0 Lincolnia Park
Mosby Woods,Week5,Lincolnia Park,Week1,359.0 Mosby Woods - 43.0 Lincolnia Park
McLean,Week1,Fairfax Station,Week4,227.0 McLean - 175.0 Fairfax Station
Mosby Woods,Week3,Highland Park,Week5,240.5 Mosby Woods - 161.5 Highland Park
McLean,Week1,Forest Hollow,Week4,262.0 McLean - 140.0 Forest Hollow
McLean,Week3,Newington Forest,Week1,336.0 McLean - 66.0 Newington Forest
McLean,Week1,Greenbriar,Week2,240.0 McLean - 162.0 Greenbriar
McLean,Week1,Fairfax Station,Week1,219.0 McLean - 183.0 Fairfax Station
McLean,Week1,North Springfield,Week2,338.0 McLean - 50.0 North Springfield
Mosby Woods,Week2,Highland Park,Week1,234.0 Mosby Woods - 168.0 Highland Park
Mosby Woods,Week5,Highland Park,Week3,251.0 Mosby Woods - 151.0 Highland Park
McLean,Week1,Greenbriar,Week3,253.0 McLean - 149.0 Greenbriar
Mosby Woods,Week5,Highland Park,Week5,249.5 Mosby Woods - 152.5 Highland Park
Mosby Woods,Week1,Highlands Swim,Week1,217.0 Highlands Swim - 185.0 Mosby Woods
Mosby Woods,Week4,Highland Park,Week1,224.0 Mosby Woods - 178.0 Highland Park
Mosby Woods,Week5,Highland Park,Week4,240.0 Mosby Woods - 162.0 Highland Park
Mosby Woods,Week2,Highland Park,Week5,254.0 Mosby Woods - 148.0 Highland Park
McLean,Week2,Fairfax Station,Week5,208.0 McLean - 194.0 Fairfax Station
McLean,Week5,Fairfax Club Estates,Week3,302.0 McLean - 100.0 Fairfax Club Estates
McLean,Week4,Great Falls,Week4,284.0 McLean - 113.0 Great Falls
McLean,Week1,North Springfield,Week4,351.0 McLean - 41.0 North Springfield
Mosby Woods,Week2,Lincolnia Park,Week3,342.0 Mosby Woods - 51.0 Lincolnia Park
Mosby Woods,Week4,McLean,Week1,255.0 McLean - 147.0 Mosby Woods
McLean,Week5,Great Falls,Week1,310.0 McLean - 92.0 Great Falls
Mosby Woods,Week5,McLean,Week4,221.5 McLean - 180.5 Mosby Woods
Mosby Woods,Week5,Dowden Terrace,Week3,257.0 Mosby Woods - 145.0 Dowden Terrace
McLean,Week1,Greenbriar,Week4,277.0 McLean - 125.0 Greenbriar
Mosby Woods,Week4,Mosby Woods,Week3,216.0 Mosby Woods (MW2) - 186.0 Mosby Woods (MW1)
McLean,Week1,Greenbriar,Week5,260.0 McLean - 142.0 Greenbriar
McLean,Week3,Newington Forest,Week3,327.0 McLean - 75.0 Newington Forest
Mosby Woods,Week4,Dowden Terrace,Week3,250.0 Mosby Woods - 152.0 Dowden Terrace
Mosby Woods,Week4,McLean,Week5,264.0 McLean - 138.0 Mosby Woods
Mosby Woods,Week2,Mosby Woods,Week2,201.0 Mosby Woods (MW1) - 201.0 Mosby Woods (MW2)
McLean,Week1,Newington Forest,Week4,308.0 McLean - 89.0 Newington Forest
Mosby Woods,Week1,Little Hunting Park,Week4,323.0 Mosby Woods - 79.0 Little Hunting Park
Mosby Woods,Week1,Mosby Woods,Week5,223.0 Mosby Woods (MW1) - 179.0 Mosby Woods (MW2)
McLean,Week4,Fairfax Station,Week5,201.5 McLean - 200.5 Fairfax Station
McLean,Week1,Fairfax Station,Week3,202.0 McLean - 200.0 Fairfax Station
Mosby Woods,Week5,Dowden Terrace,Week5,231.0 Mosby Woods - 171.0 Dowden Terrace
Mosby Woods,Week2,Little Hunting Park,Week1,311.0 Mosby Woods - 91.0 Little Hunting Park
Mosby Woods,Week3,McLean,Week5,251.0 McLean - 151.0 Mosby Woods
McLean,Week2,Greenbriar,Week4,286.0 McLean - 116.0 Greenbriar
McLean,Week4,Newington Forest,Week3,323.0 McLean - 79.0 Newington Forest
Mosby Woods,Week4,Lincolnia Park,Week5,321.0 Mosby Woods - 71.0 Lincolnia Park
Mosby Woods,Week2,Little Hunting Park,Week3,314.0 Mosby Woods - 88.0 Little Hunting Park
McLean,Week5,Fairfax Club Estates,Week2,324.0 McLean - 78.0 Fairfax Club Estates
McLean,Week3,Newington Forest,Week4,314.0 McLean - 88.0 Newington Forest
McLean,Week2,Greenbriar,Week2,256.0 McLean - 146.0 Greenbriar
Mosby Woods,Week5,McLean,Week1,229.0 McLean - 173.0 Mosby Woods
Mosby Woods,Week2,Mosby Woods,Week3,202.0 Mosby Woods (MW1) - 200.0 Mosby Woods (MW2)
McLean,Week3,Greenbriar,Week4,280.0 McLean - 122.0 Greenbriar
McLean,Week4,Newington Forest,Week5,301.0 McLean - 96.0 Newington Forest
Mosby Woods,Week1,Dunn Loring,Week2,212.0 Dunn Loring - 190.0 Mosby Woods
McLean,Week4,Fairfax Station,Week2,203.0 Fairfax Station - 199.0 McLean
McLean,Week3,Fairfax Station,Week1,241.0 McLean - 161.0 Fairfax Station
McLean,Week4,Newington Forest,Week1,330.0 McLean - 72.0 Newington Forest
McLean,Week4,Fairfax Station,Week1,210.0 McLean - 192.0 Fairfax Station
McLean,Week3,Newington Forest,Week5,307.0 McLean - 95.0 Newington Forest
Mosby Woods,Week4,McLean,Week2,252.0 McLean - 150.0 Mosby Woods
McLean,Week2,Newington Forest,Week5,314.0 McLean - 88.0 Newington Forest
Mosby Woods,Week4,Dowden Terrace,Week5,209.0 Mosby Woods - 193.0 Dowden Terrace
Mosby Woods,Week3,Little Hunting Park,Week2,319.0 Mosby Woods - 83.0 Little Hunting Park
Mosby Woods,Week2,Mosby Woods,Week4,220.0 Mosby Woods (MW1) - 182.0 Mosby Woods (MW2)
McLean,Week3,Fairfax Station,Week5,224.0 McLean - 178.0 Fairfax Station
Mosby Woods,Week3,Dunn Loring,Week3,221.0 Dunn Loring - 181.0 Mosby Woods
Mosby Woods,Week5,Dowden Terrace,Week4,250.0 Mosby Woods - 152.0 Dowden Terrace
Mosby Woods,Week1,Dunn Loring,Week5,213.0 Dunn Loring - 189.0 Mosby Woods
McLean,Week3,Greenbriar,Week1,266.0 McLean - 136.0 Greenbriar
Mosby Woods,Week3,Little Hunting Park,Week4,312.5 Mosby Woods - 89.5 Little Hunting Park
Mosby Woods,Week2,Little Hunting Park,Week5,295.0 Mosby Woods - 106.0 Little Hunting Park
McLean,Week3,Greenbriar,Week3,268.0 McLean - 134.0 Greenbriar
McLean,Week3,Fairfax Station,Week3,218.0 McLean - 184.0 Fairfax Station
McLean,Week4,Greenbriar,Week4,273.0 McLean - 129.0 Greenbriar
Mosby Woods,Week4,Little Hunting Park,Week1,306.0 Mosby Woods - 96.0 Little Hunting Park
McLean,Week1,Hamlet,Week3,203.0 McLean - 199.0 Hamlet
Mosby Woods,Week2,Dunn Loring,Week2,206.0 Dunn Loring - 196.0 Mosby Woods
Mosby Woods,Week1,Mosby Woods,Week2,206.5 Mosby Woods (MW1) - 195.5 Mosby Woods (MW2)
Mosby Woods,Week2,Lincolnia Park,Week4,358.0 Mosby Woods - 43.0 Lincolnia Park
Mosby Woods,Week4,Lincolnia Park,Week1,353.0 Mosby Woods - 47.0 Lincolnia Park
McLean,Week5,Fairfax Station,Week4,239.0 McLean - 163.0 Fairfax Station
McLean,Week5,Greenbriar,Week5,275.0 McLean - 127.0 Greenbriar
McLean,Week5,Fairfax Club Estates,Week5,309.0 McLean - 93.0 Fairfax Club Estates
Mosby Woods,Week5,McLean,Week2,239.0 McLean - 163.0 Mosby Woods
McLean,Week2,Hamlet,Week2,221.0 McLean - 181.0 Hamlet
McLean,Week2,Newington Forest,Week2,330.0 McLean - 71.0 Newington Forest
Mosby Woods,Week1,Fair Oaks ,Week1,260.0 Mosby Woods - 142.0 Fair Oaks
Mosby Woods,Week4,Dunn Loring,Week3,233.0 Dunn Loring - 169.0 Mosby Woods
Mosby Woods,Week1,Lincolnia Park,Week4,359.0 Mosby Woods - 43.0 Lincolnia Park
McLean,Week2,Fairfax Station,Week4,231.0 McLean - 171.0 Fairfax Station
Mosby Woods,Week5,McLean,Week5,243.0 McLean - 159.0 Mosby Woods
Mosby Woods,Week5,Dowden Terrace,Week1,247.0 Mosby Woods - 155.0 Dowden Terrace
Mosby Woods,Week5,McLean,Week3,227.0 McLean - 175.0 Mosby Woods
Mosby Woods,Week5,Lincolnia Park,Week5,338.0 Mosby Woods - 55.0 Lincolnia Park
Mosby Woods,Week5,Dunn Loring,Week1,216.0 Mosby Woods - 186.0 Dunn Loring
McLean,Week1,Hamlet,Week4,232.0 McLean - 170.0 Hamlet
Mosby Woods,Week4,McLean,Week4,228.0 McLean - 173.0 Mosby Woods
McLean,Week5,Fairfax Station,Week3,218.0 McLean - 184.0 Fairfax Station
Mosby Woods,Week1,Lincolnia Park,Week2,363.0 Mosby Woods - 30.0 Lincolnia Park
McLean,Week2,Newington Forest,Week1,339.0 McLean - 62.0 Newington Forest
Mosby Woods,Week4,McLean,Week3,247.0 McLean - 155.0 Mosby Woods
Mosby Woods,Week1,Mosby Woods,Week4,222.0 Mosby Woods (MW1) - 180.0 Mosby Woods (MW2)
Mosby Woods,Week3,Dunn Loring,Week1,211.0 Mosby Woods - 191.0 Dunn Loring
McLean,Week5,Greenbriar,Week3,275.0 McLean - 127.0 Greenbriar
McLean,Week5,Newington Forest,Week3,326.0 McLean - 76.0 Newington Forest
McLean,Week5,Newington Forest,Week1,337.0 McLean - 65.0 Newington Forest
Mosby Woods,Week3,Lincolnia Park,Week3,339.0 Mosby Woods - 54.0 Lincolnia Park
McLean,Week1,Forest Hollow,Week3,255.0 McLean - 147.0 Forest Hollow
McLean,Week2,Hamlet,Week5,211.0 McLean - 191.0 Hamlet
McLean,Week5,Fairfax Station,Week2,212.0 McLean - 190.0 Fairfax Station
McLean,Week3,Newington Forest,Week2,324.0 McLean - 78.0 Newington Forest
McLean,Week4,Newington Forest,Week2,319.0 McLean - 83.0 Newington Forest
McLean,Week2,North Springfield,Week3,341.0 McLean - 56.0 North Springfield
McLean,Week5,Greenbriar,Week2,261.0 McLean - 141.0 Greenbriar
Mosby Woods,Week3,Mosby Woods,Week3,198.5 Mosby Woods (MW1) - 198.5 Mosby Woods (MW2)
McLean,Week1,Forest Hollow,Week1,252.0 McLean - 150.0 Forest Hollow
Mosby Woods,Week3,Dunn Loring,Week5,220.0 Dunn Loring - 182.0 Mosby Woods
McLean,Week4,Greenbriar,Week1,255.0 McLean - 147.0 Greenbriar
Mosby Woods,Week5,Dunn Loring,Week4,209.0 Dunn Loring - 193.0 Mosby Woods
McLean,Week2,Newington Forest,Week4,319.0 McLean - 83.0 Newington Forest
Mosby Woods,Week1,Little Hunting Park,Week1,317.0 Mosby Woods - 85.0 Little Hunting Park
Mosby Woods,Week4,Dowden Terrace,Week2,239.0 Mosby Woods - 163.0 Dowden Terrace
Mosby Woods,Week4,Dunn Loring,Week2,232.0 Dunn Loring - 170.0 Mosby Woods
Mosby Woods,Week2,Lincolnia Park,Week2,361.0 Mosby Woods - 32.0 Lincolnia Park
McLean,Week4,Greenbriar,Week3,252.0 McLean - 150.0 Greenbriar
Mosby Woods,Week5,Dowden Terrace,Week2,257.0 Mosby Woods - 145.0 Dowden Terrace
McLean,Week2,North Springfield,Week5,314.0 McLean - 59.0 North Springfield
McLean,Week2,Fairfax Station,Week1,232.0 McLean - 170.0 Fairfax Station
Mosby Woods,Week2,Dunn Loring,Week3,206.0 Dunn Loring - 196.0 Mosby Woods
Mosby Woods,Week2,Mount Vernon Park,Week2,224.0 Mosby Woods - 178.0 Mount Vernon Park
McLean,Week1,Fairfax Station,Week5,206.0 McLean - 196.0 Fairfax Station
McLean,Week1,Fairfax Station,Week2,205.0 McLean - 197.0 Fairfax Station
McLean,Week2,North Springfield,Week1,307.0 McLean - 43.0 North Springfield
McLean,Week2,Hamlet,Week1,235.0 McLean - 167.0 Hamlet
McLean,Week5,Greenbriar,Week4,286.0 McLean - 116.0 Greenbriar
Mosby Woods,Week1,Lincolnia Park,Week5,350.0 Mosby Woods - 43.0 Lincolnia Park
Mosby Woods,Week5,Lincolnia Park,Week2,358.0 Mosby Woods - 35.0 Lincolnia Park
McLean,Week1,North Springfield,Week1,315.0 McLean - 36.0 North Springfield
Mosby Woods,Week3,Lincolnia Park,Week5,338.0 Mosby Woods - 55.0 Lincolnia Park
McLean,Week3,Fairfax Station,Week4,234.0 McLean - 168.0 Fairfax Station
McLean,Week3,North Springfield,Week1,303.0 McLean - 47.0 North Springfield
Mosby Woods,Week1,Mosby Woods,Week3,213.5 Mosby Woods (MW1) - 188.5 Mosby Woods (MW2)
Mosby Woods,Week3,Mosby Woods,Week5,209.0 Mosby Woods (MW1) - 193.0 Mosby Woods (MW2)
Mosby Woods,Week5,Mosby Woods,Week2,223.0 Mosby Woods (MW2) - 179.0 Mosby Woods (MW1)
McLean,Week2,North Springfield,Week4,353.0 McLean - 39.0 North Springfield
McLean,Week3,Hamlet,Week2,216.0 McLean - 186.0 Hamlet
Mosby Woods,Week1,Mount Vernon Park,Week3,212.0 Mosby Woods - 190.0 Mount Vernon Park
Mosby Woods,Week3,Lincolnia Park,Week1,360.0 Mosby Woods - 41.0 Lincolnia Park
McLean,Week4,Fairfax Station,Week3,206.0 Fairfax Station - 196.0 McLean
Mosby Woods,Week2,Mount Vernon Park,Week1,217.0 Mosby Woods - 185.0 Mount Vernon Park
McLean,Week5,North Springfield,Week5,321.0 McLean - 52.0 North Springfield
Mosby Woods,Week5,Mosby Woods,Week3,209.0 Mosby Woods (MW2) - 193.0 Mosby Woods (MW1)
McLean,Week5,North Springfield,Week2,345.0 McLean - 43.0 North Springfield
Mantua,Week2,Truro,Week5,273.0 Mantua - 128.0 Truro
McLean,Week2,Hamlet,Week4,247.0 McLean - 155.0 Hamlet
Mosby Woods,Week3,Mount Vernon Park,Week2,211.5 Mosby Woods - 190.5 Mount Vernon Park
McLean,Week5,Fairfax Station,Week1,238.0 McLean - 164.0 Fairfax Station
Mosby Woods,Week1,Dunn Loring,Week3,206.0 Dunn Loring - 196.0 Mosby Woods
Mosby Woods,Week4,Lincolnia Park,Week2,346.5 Mosby Woods - 46.5 Lincolnia Park
Mantua,Week4,Truro,Week1,297.5 Mantua - 104.5 Truro
McLean,Week4,Fairfax Station,Week4,219.0 McLean - 183.0 Fairfax Station
McLean,Week1,Hamlet,Week1,207.0 McLean - 195.0 Hamlet
Mosby Woods,Week1,Dunn Loring,Week1,229.0 Mosby Woods - 173.0 Dunn Loring
McLean,Week1,Hamlet,Week5,218.0 Hamlet - 184.0 McLean
McLean,Week4,North Springfield,Week4,342.0 McLean - 49.0 North Springfield
McLean,Week3,Hamlet,Week3,212.0 McLean - 189.0 Hamlet
Mosby Woods,Week4,Mount Vernon Park,Week5,227.0 Mount Vernon Park - 175.0 Mosby Woods
Mosby Woods,Week2,Lincolnia Park,Week5,344.0 Mosby Woods - 49.0 Lincolnia Park
McLean,Week5,Fairfax Station,Week5,222.0 McLean - 180.0 Fairfax Station
Mantua,Week3,Truro,Week4,316.0 Mantua - 86.0 Truro
McLean,Week2,Fairfax Station,Week3,202.0 McLean - 200.0 Fairfax Station
Mosby Woods,Week3,Dunn Loring,Week2,212.0 Dunn Loring - 190.0 Mosby Woods
Mosby Woods,Week5,Dunn Loring,Week5,219.0 Dunn Loring - 183.0 Mosby Woods
Mosby Woods,Week4,Lincolnia Park,Week4,345.0 Mosby Woods - 56.0 Lincolnia Park
Mosby Woods,Week4,Lincolnia Park,Week3,331.0 Mosby Woods - 61.0 Lincolnia Park
Mosby Woods,Week5,Mosby Woods,Week5,201.0 Mosby Woods (MW1) - 201.0 Mosby Woods (MW2)
Mosby Woods,Week1,Little Hunting Park,Week5,292.0 Mosby Woods - 109.0 Little Hunting Park
McLean,Week5,North Springfield,Week1,320.0 McLean - 31.0 North Springfield
McLean,Week3,Forest Hollow,Week4,282.0 McLean - 120.0 Forest Hollow
Mosby Woods,Week2,Dunn Loring,Week5,204.0 Dunn Loring - 198.0 Mosby Woods
Mosby Woods,Week1,Little Hunting Park,Week2,329.0 Mosby Woods - 73.0 Little Hunting Park
Mantua,Week5,Sully Station II,Week4,252.0 Mantua - 150.0 Sully Station II
Mosby Woods,Week4,Mosby Woods,Week4,200.0 Mosby Woods (MW1) - 200.0 Mosby Woods (MW2)
Mosby Woods,Week4,Fair Oaks ,Week2,252.0 Mosby Woods - 150.0 Fair Oaks
McLean,Week5,Forest Hollow,Week1,278.0 McLean - 124.0 Forest Hollow
McLean,Week3,Hamlet,Week1,224.0 McLean - 178.0 Hamlet
McLean,Week1,Forest Hollow,Week2,266.0 McLean - 136.0 Forest Hollow
Mosby Woods,Week5,Lincolnia Park,Week3,340.0 Mosby Woods - 53.0 Lincolnia Park
Mosby Woods,Week1,Mount Vernon Park,Week1,227.0 Mosby Woods - 175.0 Mount Vernon Park
Mosby Woods,Week2,Little Hunting Park,Week2,318.0 Mosby Woods - 84.0 Little Hunting Park
McLean,Week4,Oakton ,Week5,203.0 Oakton - 199.0 McLean
McLean,Week4,North Springfield,Week1,307.0 McLean - 44.0 North Springfield
McLean,Week2,Forest Hollow,Week3,270.0 McLean - 132.0 Forest Hollow
Mosby Woods,Week1,Little Hunting Park,Week3,309.0 Mosby Woods - 93.0 Little Hunting Park
McLean,Week4,Oakton ,Week2,205.0 Oakton - 197.0 McLean
Mosby Woods,Week1,Dunn Loring,Week4,204.0 Dunn Loring - 198.0 Mosby Woods
McLean,Week4,Greenbriar,Week5,254.0 McLean - 148.0 Greenbriar
McLean,Week4,Greenbriar,Week2,237.0 McLean - 165.0 Greenbriar
Mosby Woods,Week4,Dowden Terrace,Week4,232.0 Mosby Woods - 170.0 Dowden Terrace
McLean,Week3,Oakton ,Week2,215.0 McLean - 187.0 Oakton
McLean,Week3,Forest Hollow,Week3,271.0 McLean - 131.0 Forest Hollow
Mosby Woods,Week5,Lincolnia Park,Week4,361.0 Mosby Woods - 41.0 Lincolnia Park
McLean,Week2,Oakton ,Week3,236.0 McLean - 166.0 Oakton
Mosby Woods,Week1,Mount Vernon Park,Week5,211.0 Mosby Woods - 191.0 Mount Vernon Park
McLean,Week5,Greenbriar,Week1,280.0 McLean - 122.0 Greenbriar
McLean,Week2,Hamlet,Week3,227.0 McLean - 175.0 Hamlet
Mosby Woods,Week5,Mosby Woods,Week1,223.0 Mosby Woods (MW2) - 179.0 Mosby Woods (MW1)
Mantua,Week2,Truro,Week2,298.0 Mantua - 100.0 Truro
Mantua,Week1,Truro,Week1,290.0 Mantua - 112.0 Truro
Mantua,Week5,Sully Station II,Week3,211.0 Sully Station II - 191.0 Mantua
Mosby Woods,Week3,Dunn Loring,Week4,204.0 Dunn Loring - 198.0 Mosby Woods
Mantua,Week5,Truro,Week3,324.0 Mantua - 78.0 Truro
Mosby Woods,Week3,Little Hunting Park,Week1,306.0 Mosby Woods - 95.0 Little Hunting Park
McLean,Week3,North Springfield,Week4,348.0 McLean - 43.0 North Springfield
Mosby Woods,Week2,Mount Vernon Park,Week4,233.0 Mosby Woods - 169.0 Mount Vernon Park
McLean,Week1,Hamlet,Week2,203.0 Hamlet - 199.0 McLean
Mosby Woods,Week5,Dunn Loring,Week3,216.0 Dunn Loring - 186.0 Mosby Woods
McLean,Week4,Forest Hollow,Week1,247.0 McLean - 155.0 Forest Hollow
Mosby Woods,Week3,Mount Vernon Park,Week5,201.0 Mosby Woods - 201.0 Mount Vernon Park
McLean,Week5,Forest Hollow,Week3,275.0 McLean - 127.0 Forest Hollow
Mantua,Week2,Truro,Week3,285.0 Mantua - 117.0 Truro
Mantua,Week1,Truro,Week4,276.0 Mantua - 125.0 Truro
Mosby Woods,Week2,Dunn Loring,Week4,204.0 Mosby Woods - 198.0 Dunn Loring
Mosby Woods,Week3,Mount Vernon Park,Week1,212.0 Mosby Woods - 190.0 Mount Vernon Park
Mosby Woods,Week3,Little Hunting Park,Week3,303.0 Mosby Woods - 99.0 Little Hunting Park
McLean,Week4,Forest Hollow,Week3,249.0 McLean - 153.0 Forest Hollow
Mosby Woods,Week2,Dunn Loring,Week1,227.0 Mosby Woods - 175.0 Dunn Loring
McLean,Week3,Greenbriar,Week5,269.0 McLean - 133.0 Greenbriar
McLean,Week4,Hamlet,Week5,212.0 Hamlet - 190.0 McLean
McLean,Week2,Oakton ,Week1,245.0 McLean - 157.0 Oakton
Mosby Woods,Week4,Mount Vernon Park,Week3,210.0 Mount Vernon Park - 192.0 Mosby Woods
McLean,Week3,Hamlet,Week5,220.0 McLean - 182.0 Hamlet
McLean,Week5,Forest Hollow,Week2,285.0 McLean - 117.0 Forest Hollow
McLean,Week1,Oakton ,Week4,215.0 McLean - 187.0 Oakton
Mantua,Week3,Truro,Week5,328.0 Mantua - 74.0 Truro
Mosby Woods,Week2,Little Hunting Park,Week4,312.0 Mosby Woods - 90.0 Little Hunting Park
Mosby Woods,Week4,Little Hunting Park,Week4,307.0 Mosby Woods - 95.0 Little Hunting Park
McLean,Week3,Hayfield Farm,Week4,308.0 McLean - 94.0 Hayfield Farm
Mantua,Week4,Truro,Week2,315.0 Mantua - 87.0 Truro
Mosby Woods,Week3,Little Hunting Park,Week5,282.0 Mosby Woods - 119.0 Little Hunting Park
Mosby Woods,Week1,Fair Oaks ,Week2,268.0 Mosby Woods - 134.0 Fair Oaks
McLean,Week4,Hamlet,Week3,204.0 Hamlet - 198.0 McLean
McLean,Week4,Oakton ,Week3,209.0 McLean - 193.0 Oakton
McLean,Week5,Forest Hollow,Week4,288.0 McLean - 114.0 Forest Hollow
Mosby Woods,Week4,Dunn Loring,Week4,220.0 Dunn Loring - 182.0 Mosby Woods
Mosby Woods,Week4,Mount Vernon Park,Week4,205.0 Mosby Woods - 197.0 Mount Vernon Park
McLean,Week3,Oakton ,Week5,210.0 McLean - 192.0 Oakton
Mantua,Week3,Truro,Week1,321.0 Mantua - 81.0 Truro
Mantua,Week3,Truro,Week3,332.0 Mantua - 70.0 Truro
McLean,Week3,North Springfield,Week2,340.0 McLean - 47.0 North Springfield
Mantua,Week4,Truro,Week3,310.0 Mantua - 92.0 Truro
Mosby Woods,Week3,Little Rocky Run,Week2,211.0 Little Rocky Run - 191.0 Mosby Woods
McLean,Week1,Fox Hunt,Week2,272.0 McLean - 130.0 Fox Hunt
Mosby Woods,Week3,Newington Forest,Week3,309.0 Mosby Woods - 93.0 Newington Forest
Mosby Woods,Week3,Little Rocky Run,Week3,213.0 Little Rocky Run - 189.0 Mosby Woods
McLean,Week2,Forest Hollow,Week5,276.0 McLean - 126.0 Forest Hollow
Mosby Woods,Week4,Mosby Woods,Week5,211.0 Mosby Woods (MW2) - 191.0 Mosby Woods (MW1)
Mosby Woods,Week1,Little Rocky Run,Week2,217.0 Mosby Woods - 185.0 Little Rocky Run
McLean,Week4,Hayfield Farm,Week5,292.0 McLean - 110.0 Hayfield Farm
McLean,Week1,Fox Hunt,Week3,262.0 McLean - 135.0 Fox Hunt
Mosby Woods,Week2,Mount Vernon Park,Week3,211.5 Mosby Woods - 190.5 Mount Vernon Park
McLean,Week2,Oakton ,Week5,222.0 McLean - 180.0 Oakton
McLean,Week4,North Springfield,Week3,332.0 McLean - 65.0 North Springfield
McLean,Week3,Hayfield Farm,Week1,311.0 McLean - 91.0 Hayfield Farm
Mosby Woods,Week2,Little Rocky Run,Week4,212.0 Mosby Woods - 190.0 Little Rocky Run
McLean,Week4,Forest Hollow,Week4,261.0 McLean - 141.0 Forest Hollow
McLean,Week1,Hayfield Farm,Week3,272.0 McLean - 130.0 Hayfield Farm
Mantua,Week3,Truro,Week2,341.0 Mantua - 61.0 Truro
Mantua,Week4,Truro,Week4,275.0 Mantua - 127.0 Truro
McLean,Week5,North Springfield,Week4,359.0 McLean - 33.0 North Springfield
Mosby Woods,Week4,Dunn Loring,Week1,208.0 Mosby Woods - 194.0 Dunn Loring
Mosby Woods,Week3,Newington Forest,Week5,295.0 Mosby Woods - 107.0 Newington Forest
Mosby Woods,Week4,Dunn Loring,Week5,238.0 Dunn Loring - 164.0 Mosby Woods
Mosby Woods,Week1,Fair Oaks ,Week4,273.0 Mosby Woods - 129.0 Fair Oaks
Mosby Woods,Week5,Dunn Loring,Week2,213.0 Dunn Loring - 189.0 Mosby Woods
Mosby Woods,Week1,Fair Oaks ,Week5,233.0 Mosby Woods - 169.0 Fair Oaks
McLean,Week4,Oakton ,Week1,210.0 McLean - 192.0 Oakton
Mantua,Week5,Truro,Week1,328.0 Mantua - 74.0 Truro
McLean,Week2,Fox Hunt,Week1,291.0 McLean - 111.0 Fox Hunt
McLean,Week4,Hayfield Farm,Week1,297.0 McLean - 105.0 Hayfield Farm
Mosby Woods,Week1,Mount Vernon Park,Week4,231.0 Mosby Woods - 171.0 Mount Vernon Park
McLean,Week4,Hamlet,Week4,226.0 McLean - 175.0 Hamlet
Mosby Woods,Week1,Newington Forest,Week3,319.0 Mosby Woods - 83.0 Newington Forest
Mosby Woods,Week3,Little Rocky Run,Week5,223.0 Little Rocky Run - 179.0 Mosby Woods
McLean,Week1,Forest Hollow,Week5,258.0 McLean - 144.0 Forest Hollow
Mantua,Week1,Truro,Week2,311.0 Mantua - 80.0 Truro
Mosby Woods,Week3,Little Rocky Run,Week4,209.0 Little Rocky Run - 193.0 Mosby Woods
McLean,Week1,Oakton ,Week2,206.0 McLean - 196.0 Oakton
Mantua,Week1,Truro,Week3,284.0 Mantua - 118.0 Truro
Mosby Woods,Week1,Little Rocky Run,Week5,203.0 Little Rocky Run - 199.0 Mosby Woods
Mosby Woods,Week1,Fair Oaks ,Week3,244.0 Mosby Woods - 158.0 Fair Oaks
McLean,Week2,Fox Hunt,Week2,283.0 McLean - 119.0 Fox Hunt
McLean,Week5,Hamlet,Week3,224.0 McLean - 178.0 Hamlet
McLean,Week5,Hamlet,Week1,243.0 McLean - 159.0 Hamlet
Mosby Woods,Week2,Fair Oaks ,Week1,248.0 Mosby Woods - 154.0 Fair Oaks
Mantua,Week5,Sully Station II,Week5,216.0 Sully Station II - 186.0 Mantua
Mosby Woods,Week2,Fair Oaks ,Week4,269.0 Mosby Woods - 133.0 Fair Oaks
McLean,Week3,North Springfield,Week3,340.0 McLean - 56.0 North Springfield
McLean,Week2,Forest Hollow,Week2,288.0 McLean - 114.0 Forest Hollow
Mosby Woods,Week1,Mount Vernon Park,Week2,234.0 Mosby Woods - 168.0 Mount Vernon Park
Mantua,Week5,Truro,Week2,340.0 Mantua - 61.0 Truro
McLean,Week5,Hayfield Farm,Week3,292.0 McLean - 110.0 Hayfield Farm
Mosby Woods,Week4,Mount Vernon Park,Week2,202.0 Mount Vernon Park - 200.0 Mosby Woods
Mosby Woods,Week5,Little Hunting Park,Week4,312.0 Mosby Woods - 90.0 Little Hunting Park
McLean,Week2,Forest Hollow,Week1,275.0 McLean - 127.0 Forest Hollow
Mantua,Week2,Truro,Week1,273.0 Mantua - 129.0 Truro
Mosby Woods,Week5,Mount Vernon Park,Week3,218.5 Mosby Woods - 183.5 Mount Vernon Park
McLean,Week4,North Springfield,Week5,305.0 McLean - 69.0 North Springfield
Mosby Woods,Week4,Little Hunting Park,Week5,272.0 Mosby Woods - 130.0 Little Hunting Park
McLean,Week5,Hamlet,Week4,255.0 McLean - 147.0 Hamlet
McLean,Week5,North Springfield,Week3,350.0 McLean - 47.0 North Springfield
Mosby Woods,Week3,Fair Oaks ,Week1,257.0 Mosby Woods - 145.0 Fair Oaks
McLean,Week1,Oakton ,Week3,216.0 McLean - 181.0 Oakton
Mosby Woods,Week3,Mount Vernon Park,Week4,212.0 Mosby Woods - 190.0 Mount Vernon Park
Mosby Woods,Week4,Little Hunting Park,Week3,303.0 Mosby Woods - 99.0 Little Hunting Park
Mosby Woods,Week1,Little Rocky Run,Week4,214.0 Mosby Woods - 188.0 Little Rocky Run
McLean,Week3,North Springfield,Week5,316.0 McLean - 57.0 North Springfield
Mosby Woods,Week2,Fair Oaks ,Week3,248.0 Mosby Woods - 154.0 Fair Oaks
Mosby Woods,Week3,Mount Vernon Park,Week3,204.0 Mosby Woods - 198.0 Mount Vernon Park
Mosby Woods,Week5,Little Hunting Park,Week2,319.0 Mosby Woods - 83.0 Little Hunting Park
McLean,Week2,Hayfield Farm,Week1,297.0 McLean - 105.0 Hayfield Farm
McLean,Week1,Oakton ,Week1,228.0 McLean - 174.0 Oakton
McLean,Week1,Fox Hunt,Week4,266.0 McLean - 136.0 Fox Hunt
McLean,Week2,Fox Hunt,Week4,289.0 McLean - 113.0 Fox Hunt
Mosby Woods,Week4,Mount Vernon Park,Week1,201.5 Mosby Woods - 200.5 Mount Vernon Park
McLean,Week3,Forest Hollow,Week1,278.0 McLean - 124.0 Forest Hollow
Mosby Woods,Week3,Fair Oaks ,Week5,237.0 Mosby Woods - 165.0 Fair Oaks
McLean,Week2,Hayfield Farm,Week2,297.5 McLean - 104.5 Hayfield Farm
Mosby Woods,Week2,Fair Oaks ,Week5,233.0 Mosby Woods - 169.0 Fair Oaks
McLean,Week4,Forest Hollow,Week5,254.0 McLean - 148.0 Forest Hollow
Mosby Woods,Week5,Mosby Woods,Week4,211.0 Mosby Woods (MW1) - 191.0 Mosby Woods (MW2)
McLean,Week4,Hayfield Farm,Week3,271.0 McLean - 131.0 Hayfield Farm
Mosby Woods,Week5,Mount Vernon Park,Week1,217.0 Mosby Woods - 185.0 Mount Vernon Park
Mosby Woods,Week3,Fair Oaks ,Week3,240.0 Mosby Woods - 162.0 Fair Oaks
Mantua,Week4,Truro,Week5,308.0 Mantua - 94.0 Truro
McLean,Week1,Hayfield Farm,Week5,298.0 McLean - 104.0 Hayfield Farm
Mosby Woods,Week2,Fair Oaks ,Week2,274.0 Mosby Woods - 128.0 Fair Oaks
McLean,Week3,Forest Hollow,Week5,278.0 McLean - 124.0 Forest Hollow
McLean,Week1,Oakton ,Week5,203.0 Oakton - 199.0 McLean
Mantua,Week2,Truro,Week4,268.0 Mantua - 134.0 Truro
Mosby Woods,Week2,Mount Vernon Park,Week5,208.0 Mosby Woods - 194.0 Mount Vernon Park
McLean,Week5,Hamlet,Week5,222.5 McLean - 179.5 Hamlet
Mosby Woods,Week1,Little Rocky Run,Week3,203.0 Mosby Woods - 199.0 Little Rocky Run
McLean,Week4,North Springfield,Week2,331.0 McLean - 57.0 North Springfield
McLean,Week1,Country Club Hills,Week3,301.0 McLean - 101.0 Country Club Hills
Mantua,Week1,Truro,Week5,291.0 Mantua - 104.0 Truro
Mosby Woods,Week1,Little Rocky Run,Week1,213.0 Mosby Woods - 189.0 Little Rocky Run
Mosby Woods,Week3,Fair Oaks ,Week2,275.0 Mosby Woods - 127.0 Fair Oaks
McLean,Week2,Forest Hollow,Week4,282.0 McLean - 120.0 Forest Hollow
McLean,Week3,Cottontail,Week5,312.0 McLean - 90.0 Cottontail
McLean,Week2,Hayfield Farm,Week5,293.0 McLean - 109.0 Hayfield Farm
Mosby Woods,Week4,Fair Oaks ,Week1,227.0 Mosby Woods - 175.0 Fair Oaks
McLean,Week3,Country Club Hills,Week3,315.0 McLean - 87.0 Country Club Hills
McLean,Week4,Forest Hollow,Week2,256.0 McLean - 146.0 Forest Hollow
Mosby Woods,Week2,Little Rocky Run,Week3,207.0 Little Rocky Run - 195.0 Mosby Woods
Mosby Woods,Week4,Fair Oaks ,Week3,214.0 Mosby Woods - 188.0 Fair Oaks
Mosby Woods,Week5,Little Hunting Park,Week1,313.0 Mosby Woods - 89.0 Little Hunting Park
McLean,Week5,Forest Hollow,Week5,282.0 McLean - 120.0 Forest Hollow
Mosby Woods,Week3,Fair Oaks ,Week4,266.0 Mosby Woods - 136.0 Fair Oaks
McLean,Week5,Hamlet,Week2,227.0 McLean - 175.0 Hamlet
McLean,Week1,Fox Hunt,Week5,257.0 McLean - 145.0 Fox Hunt
McLean,Week2,Hayfield Farm,Week4,299.0 McLean - 103.0 Hayfield Farm
McLean,Week4,Hamlet,Week2,212.0 Hamlet - 190.0 McLean
McLean,Week3,Forest Hollow,Week2,282.0 McLean - 120.0 Forest Hollow
Mosby Woods,Week2,Little Rocky Run,Week2,203.0 Mosby Woods - 199.0 Little Rocky Run
McLean,Week3,Oakton ,Week3,223.0 McLean - 179.0 Oakton
McLean,Week4,Country Club Hills,Week4,307.0 McLean - 95.0 Country Club Hills
Mosby Woods,Week2,Little Rocky Run,Week1,203.0 Little Rocky Run - 199.0 Mosby Woods
McLean,Week2,Oakton ,Week2,226.0 McLean - 176.0 Oakton
Mosby Woods,Week5,Mount Vernon Park,Week4,238.0 Mosby Woods - 164.0 Mount Vernon Park
McLean,Week3,Oakton ,Week1,231.0 McLean - 166.0 Oakton
McLean,Week2,Country Club Hills,Week4,310.0 McLean - 92.0 Country Club Hills
Mosby Woods,Week1,Newington Forest,Week5,309.0 Mosby Woods - 93.0 Newington Forest
McLean,Week2,Oakton ,Week4,223.0 McLean - 179.0 Oakton
Mosby Woods,Week5,Mount Vernon Park,Week5,209.0 Mosby Woods - 193.0 Mount Vernon Park
Mosby Woods,Week4,Fair Oaks ,Week4,243.0 Mosby Woods - 159.0 Fair Oaks
McLean,Week2,Fox Hunt,Week5,267.0 McLean - 135.0 Fox Hunt
McLean,Week5,Cottontail,Week2,321.0 McLean - 81.0 Cottontail
McLean,Week2,Country Club Hills,Week3,310.0 McLean - 92.0 Country Club Hills
McLean,Week1,Hayfield Farm,Week4,289.0 McLean - 113.0 Hayfield Farm
Mosby Woods,Week4,Fair Oaks ,Week5,218.0 Mosby Woods - 184.0 Fair Oaks
Mosby Woods,Week2,Newington Forest,Week1,324.0 Mosby Woods - 78.0 Newington Forest
Mosby Woods,Week5,Little Hunting Park,Week5,288.0 Mosby Woods - 114.0 Little Hunting Park
Mosby Woods,Week5,Little Hunting Park,Week3,313.0 Mosby Woods - 89.0 Little Hunting Park
McLean,Week4,Cottontail,Week5,310.0 McLean - 92.0 Cottontail
Mosby Woods,Week5,Fair Oaks ,Week3,237.0 Mosby Woods - 165.0 Fair Oaks
Mosby Woods,Week1,Newington Forest,Week1,333.0 Mosby Woods - 69.0 Newington Forest
McLean,Week2,Fox Hunt,Week3,278.0 McLean - 124.0 Fox Hunt
McLean,Week5,Oakton ,Week2,231.0 McLean - 171.0 Oakton
McLean,Week3,Hamlet,Week4,241.0 McLean - 161.0 Hamlet
McLean,Week4,Hamlet,Week1,211.5 McLean - 190.5 Hamlet
McLean,Week4,Oakton ,Week4,207.0 McLean - 195.0 Oakton
Mosby Woods,Week4,Little Hunting Park,Week2,311.0 Mosby Woods - 91.0 Little Hunting Park
Mosby Woods,Week2,Little Rocky Run,Week5,205.0 Little Rocky Run - 197.0 Mosby Woods
McLean,Week5,Oakton ,Week3,244.0 McLean - 158.0 Oakton
McLean,Week3,Cottontail,Week4,321.0 McLean - 81.0 Cottontail
Mosby Woods,Week5,Mount Vernon Park,Week2,235.0 Mosby Woods - 167.0 Mount Vernon Park
McLean,Week5,Oakton ,Week1,242.0 McLean - 160.0 Oakton
McLean,Week1,Fox Hunt,Week1,277.0 McLean - 125.0 Fox Hunt
Mosby Woods,Week1,Newington Forest,Week2,326.5 Mosby Woods - 75.5 Newington Forest
Mosby Woods,Week2,Newington Forest,Week2,325.0 Mosby Woods - 77.0 Newington Forest
McLean,Week5,Dominion Hills,Week4,295.0 McLean - 107.0 Dominion Hills
McLean,Week1,Country Club Hills,Week2,308.0 McLean - 94.0 Country Club Hills
McLean,Week1,Hayfield Farm,Week1,292.0 McLean - 110.0 Hayfield Farm
Mosby Woods,Week5,Fair Oaks ,Week4,262.0 Mosby Woods - 140.0 Fair Oaks
Mosby Woods,Week5,Fair Oaks ,Week2,254.0 Mosby Woods - 148.0 Fair Oaks
Mosby Woods,Week5,Fair Oaks ,Week1,228.0 Mosby Woods - 174.0 Fair Oaks
Mosby Woods,Week1,Newington Forest,Week4,313.0 Mosby Woods - 89.0 Newington Forest
McLean,Week1,Hayfield Farm,Week2,289.0 McLean - 113.0 Hayfield Farm
Mosby Woods,Week3,Little Rocky Run,Week1,213.0 Little Rocky Run - 189.0 Mosby Woods
McLean,Week3,Oakton ,Week4,219.0 McLean - 183.0 Oakton
McLean,Week4,Donaldson Run,Week5,204.0 Donaldson Run - 198.0 McLean
McLean,Week3,Hayfield Farm,Week5,305.0 McLean - 97.0 Hayfield Farm
McLean,Week5,Cottontail,Week5,316.0 McLean - 86.0 Cottontail
McLean,Week3,Hayfield Farm,Week2,313.0 McLean - 89.0 Hayfield Farm
Mosby Woods,Week2,Newington Forest,Week4,309.0 Mosby Woods - 93.0 Newington Forest
Mosby Woods,Week1,Fairfax,Week1,203.0 Mosby Woods - 199.0 Fairfax
McLean,Week3,Donaldson Run,Week3,220.0 McLean - 182.0 Donaldson Run
Mosby Woods,Week2,Hollin Hills,Week2,334.0 Mosby Woods - 66.0 Hollin Hills
McLean,Week5,Cottontail,Week4,332.0 McLean - 70.0 Cottontail
Mosby Woods,Week1,Fairfax,Week3,205.0 Fairfax - 197.0 Mosby Woods
Mosby Woods,Week5,Highlands Swim,Week5,240.0 Highlands Swim - 162.0 Mosby Woods
Mosby Woods,Week2,Newington Forest,Week5,299.0 Mosby Woods - 103.0 Newington Forest
McLean,Week2,Old Keene Mill,Week1,312.0 McLean - 90.0 Old Keene Mill
McLean,Week4,Donaldson Run,Week3,213.5 McLean - 188.5 Donaldson Run
Mosby Woods,Week5,Fair Oaks ,Week5,233.0 Mosby Woods - 169.0 Fair Oaks
McLean,Week5,Cottontail,Week3,323.0 McLean - 79.0 Cottontail
McLean,Week4,Hayfield Farm,Week2,288.5 McLean - 113.5 Hayfield Farm
Mosby Woods,Week1,Hollin Hills,Week4,332.0 Mosby Woods - 68.0 Hollin Hills
McLean,Week2,Old Keene Mill,Week2,306.0 McLean - 96.0 Old Keene Mill
McLean,Week1,Old Keene Mill,Week1,320.0 McLean - 82.0 Old Keene Mill
Mosby Woods,Week3,Newington Forest,Week1,323.0 Mosby Woods - 78.0 Newington Forest
Mosby Woods,Week3,Newington Forest,Week2,318.0 Mosby Woods - 83.0 Newington Forest
McLean,Week3,Hayfield Farm,Week3,296.0 McLean - 106.0 Hayfield Farm
Mosby Woods,Week4,Highlands Swim,Week5,261.0 Highlands Swim - 141.0 Mosby Woods
Mosby Woods,Week1,Fairfax,Week4,213.5 Mosby Woods - 188.5 Fairfax
McLean,Week1,Country Club Hills,Week4,312.0 McLean - 90.0 Country Club Hills
Mosby Woods,Week1,Fairfax,Week2,204.0 Fairfax - 198.0 Mosby Woods
McLean,Week2,Old Keene Mill,Week4,313.0 McLean - 89.0 Old Keene Mill
McLean,Week2,Hayfield Farm,Week3,279.0 McLean - 123.0 Hayfield Farm
McLean,Week2,Country Club Hills,Week2,308.0 McLean - 94.0 Country Club Hills
McLean,Week3,Donaldson Run,Week4,223.0 McLean - 179.0 Donaldson Run
Mosby Woods,Week1,Hollin Hills,Week1,330.0 Mosby Woods - 71.0 Hollin Hills
Mosby Woods,Week2,Newington Forest,Week3,313.0 Mosby Woods - 89.0 Newington Forest
McLean,Week1,Donaldson Run,Week3,209.0 McLean - 193.0 Donaldson Run
McLean,Week3,Donaldson Run,Week1,230.5 McLean - 171.5 Donaldson Run
McLean,Week1,Old Keene Mill,Week3,313.0 McLean - 89.0 Old Keene Mill
McLean,Week5,Oakton ,Week4,239.0 McLean - 163.0 Oakton
Mosby Woods,Week2,Hollin Hills,Week1,330.0 Mosby Woods - 71.0 Hollin Hills
Mosby Woods,Week3,Highlands Swim,Week1,219.0 Highlands Swim - 183.0 Mosby Woods
Mosby Woods,Week3,Newington Forest,Week4,304.0 Mosby Woods - 93.0 Newington Forest
Mosby Woods,Week4,Highlands Swim,Week1,246.0 Highlands Swim - 156.0 Mosby Woods
McLean,Week5,Dominion Hills,Week3,313.0 McLean - 89.0 Dominion Hills
McLean,Week5,Hayfield Farm,Week2,303.0 McLean - 99.0 Hayfield Farm
Mosby Woods,Week5,Newington Forest,Week2,315.0 Mosby Woods - 87.0 Newington Forest
McLean,Week1,Herndon,Week4,357.0 McLean - 45.0 Herndon
Mosby Woods,Week4,Newington Forest,Week1,319.0 Mosby Woods - 83.0 Newington Forest
McLean,Week2,Donaldson Run,Week3,221.0 McLean - 181.0 Donaldson Run
Mosby Woods,Week2,Fairfax,Week5,210.0 Fairfax - 192.0 Mosby Woods
McLean,Week3,Country Club Hills,Week4,317.0 McLean - 85.0 Country Club Hills
McLean,Week3,Donaldson Run,Week2,209.0 McLean - 193.0 Donaldson Run
McLean,Week4,Hayfield Farm,Week4,292.5 McLean - 109.5 Hayfield Farm
McLean,Week5,Hayfield Farm,Week1,310.0 McLean - 92.0 Hayfield Farm
McLean,Week4,Donaldson Run,Week2,213.0 McLean - 189.0 Donaldson Run
Mosby Woods,Week1,Fairfax,Week5,217.0 Fairfax - 185.0 Mosby Woods
Mosby Woods,Week5,Newington Forest,Week5,294.0 Mosby Woods - 108.0 Newington Forest
McLean,Week2,Old Keene Mill,Week5,296.0 McLean - 106.0 Old Keene Mill
McLean,Week3,Old Keene Mill,Week1,315.0 McLean - 87.0 Old Keene Mill
McLean,Week1,Country Club Hills,Week1,305.0 McLean - 97.0 Country Club Hills
McLean,Week2,Country Club Hills,Week5,284.0 McLean - 118.0 Country Club Hills
McLean,Week1,Old Keene Mill,Week5,309.0 McLean - 93.0 Old Keene Mill
Mosby Woods,Week3,Fairfax,Week1,210.0 Mosby Woods - 192.0 Fairfax
McLean,Week4,Cottontail,Week4,322.5 McLean - 74.5 Cottontail
Mosby Woods,Week3,Fairfax,Week2,213.0 Fairfax - 189.0 Mosby Woods
Mosby Woods,Week5,Highlands Swim,Week1,220.0 Highlands Swim - 182.0 Mosby Woods
Mosby Woods,Week2,Highlands Swim,Week4,236.0 Highlands Swim - 166.0 Mosby Woods
McLean,Week1,Old Keene Mill,Week4,328.0 McLean - 74.0 Old Keene Mill
McLean,Week1,Country Club Hills,Week5,283.0 McLean - 119.0 Country Club Hills
McLean,Week5,Oakton ,Week5,223.0 McLean - 179.0 Oakton
Mosby Woods,Week4,Highlands Swim,Week2,254.0 Highlands Swim - 148.0 Mosby Woods
Mosby Woods,Week1,Highlands Swim,Week5,238.0 Highlands Swim - 164.0 Mosby Woods
Mosby Woods,Week4,Highlands Swim,Week4,265.0 Highlands Swim - 137.0 Mosby Woods
Mosby Woods,Week5,Fairfax,Week5,236.0 Fairfax - 166.0 Mosby Woods
McLean,Week3,Country Club Hills,Week1,324.0 McLean - 78.0 Country Club Hills
McLean,Week4,Cottontail,Week1,308.0 McLean - 94.0 Cottontail
McLean,Week2,Herndon,Week1,356.0 McLean - 45.0 Herndon
McLean,Week5,Cottontail,Week1,317.0 McLean - 85.0 Cottontail
Mosby Woods,Week4,Newington Forest,Week3,308.0 Mosby Woods - 94.0 Newington Forest
McLean,Week2,Donaldson Run,Week2,210.0 McLean - 192.0 Donaldson Run
Mosby Woods,Week2,North Springfield,Week1,312.5 Mosby Woods - 37.5 North Springfield
Mosby Woods,Week1,North Springfield,Week4,338.0 Mosby Woods - 54.0 North Springfield
McLean,Week2,Dowden Terrace,Week3,296.0 McLean - 106.0 Dowden Terrace
McLean,Week1,Donaldson Run,Week1,208.0 McLean - 194.0 Donaldson Run
McLean,Week1,Herndon,Week5,360.0 McLean - 42.0 Herndon
McLean,Week2,Herndon,Week3,357.0 McLean - 45.0 Herndon
Mosby Woods,Week4,Fairfax,Week2,218.0 Fairfax - 184.0 Mosby Woods
McLean,Week1,Old Keene Mill,Week2,315.0 McLean - 87.0 Old Keene Mill
Mosby Woods,Week1,North Springfield,Week5,303.0 Mosby Woods - 71.0 North Springfield
Mosby Woods,Week2,Fairfax,Week2,209.0 Mosby Woods - 193.0 Fairfax
McLean,Week3,Country Club Hills,Week2,322.0 McLean - 80.0 Country Club Hills
Mosby Woods,Week3,Highlands Swim,Week5,249.0 Highlands Swim - 153.0 Mosby Woods
McLean,Week5,Dominion Hills,Week5,284.0 McLean - 118.0 Dominion Hills
Mosby Woods,Week5,Newington Forest,Week3,322.0 Mosby Woods - 80.0 Newington Forest
Mosby Woods,Week4,Highlands Swim,Week3,241.0 Highlands Swim - 161.0 Mosby Woods
Mosby Woods,Week2,Fairfax Club Estates,Week2,300.0 Mosby Woods - 102.0 Fairfax Club Estates
McLean,Week3,Herndon,Week2,355.0 McLean - 41.0 Herndon
McLean,Week2,Old Keene Mill,Week3,297.0 McLean - 105.0 Old Keene Mill
McLean,Week1,Donaldson Run,Week2,204.0 McLean - 198.0 Donaldson Run
McLean,Week3,Old Keene Mill,Week3,312.0 McLean - 90.0 Old Keene Mill
Mosby Woods,Week3,Fairfax,Week4,203.0 Fairfax - 199.0 Mosby Woods
McLean,Week3,Old Keene Mill,Week2,312.0 McLean - 90.0 Old Keene Mill
McLean,Week5,Hayfield Farm,Week4,297.0 McLean - 105.0 Hayfield Farm
Mosby Woods,Week2,Fairfax,Week3,205.0 Fairfax - 197.0 Mosby Woods
Mosby Woods,Week2,Highlands Swim,Week1,221.0 Highlands Swim - 181.0 Mosby Woods
McLean,Week4,Cottontail,Week2,315.0 McLean - 87.0 Cottontail
McLean,Week2,Donaldson Run,Week5,202.0 McLean - 200.0 Donaldson Run
McLean,Week2,Donaldson Run,Week1,234.0 McLean - 168.0 Donaldson Run
McLean,Week5,Dominion Hills,Week1,317.0 McLean - 85.0 Dominion Hills
Mosby Woods,Week5,Fairfax,Week3,220.0 Fairfax - 182.0 Mosby Woods
McLean,Week3,Donaldson Run,Week5,203.0 Donaldson Run - 199.0 McLean
McLean,Week3,Old Keene Mill,Week4,322.0 McLean - 80.0 Old Keene Mill
Mosby Woods,Week1,North Springfield,Week3,328.0 Mosby Woods - 69.0 North Springfield
McLean,Week3,Country Club Hills,Week5,309.0 McLean - 93.0 Country Club Hills
McLean,Week3,Herndon,Week1,357.5 McLean - 37.5 Herndon
McLean,Week4,Herndon,Week4,353.0 McLean - 49.0 Herndon
Mosby Woods,Week4,Fairfax Club Estates,Week3,293.0 Mosby Woods - 109.0 Fairfax Club Estates
Mosby Woods,Week1,North Springfield,Week2,329.0 Mosby Woods - 59.0 North Springfield
Mosby Woods,Week5,Newington Forest,Week1,310.0 Mosby Woods - 92.0 Newington Forest
Mosby Woods,Week4,Fairfax,Week4,210.0 Fairfax - 192.0 Mosby Woods
McLean,Week1,Donaldson Run,Week4,203.0 Donaldson Run - 199.0 McLean
McLean,Week4,Herndon,Week1,356.0 McLean - 46.0 Herndon
McLean,Week4,Herndon,Week5,359.0 McLean - 43.0 Herndon
McLean,Week4,Country Club Hills,Week2,299.0 McLean - 103.0 Country Club Hills
McLean,Week1,Herndon,Week1,353.0 McLean - 49.0 Herndon
Mosby Woods,Week2,North Springfield,Week2,326.0 Mosby Woods - 62.0 North Springfield
McLean,Week2,Country Club Hills,Week1,315.0 McLean - 87.0 Country Club Hills
Mosby Woods,Week1,North Springfield,Week1,315.0 Mosby Woods - 35.0 North Springfield
McLean,Week2,Donaldson Run,Week4,222.0 McLean - 180.0 Donaldson Run
McLean,Week4,Cottontail,Week3,326.0 McLean - 76.0 Cottontail
McLean,Week4,Country Club Hills,Week1,295.0 McLean - 107.0 Country Club Hills
Mosby Woods,Week4,Newington Forest,Week4,302.0 Mosby Woods - 100.0 Newington Forest
Mosby Woods,Week2,Fairfax Club Estates,Week1,293.0 Mosby Woods - 109.0 Fairfax Club Estates
Mosby Woods,Week2,Highlands Swim,Week2,225.0 Highlands Swim - 177.0 Mosby Woods
Mosby Woods,Week2,Highlands Swim,Week5,233.0 Highlands Swim - 169.0 Mosby Woods
McLean,Week3,Herndon,Week5,356.0 McLean - 45.0 Herndon
Mosby Woods,Week5,Highlands Swim,Week4,241.0 Highlands Swim - 161.0 Mosby Woods
Mosby Woods,Week1,Hollin Hills,Week2,324.0 Mosby Woods - 77.0 Hollin Hills
Mosby Woods,Week3,Fairfax Club Estates,Week5,293.0 Mosby Woods - 103.0 Fairfax Club Estates
Mosby Woods,Week2,Highlands Swim,Week3,233.0 Highlands Swim - 169.0 Mosby Woods
Mosby Woods,Week2,Fairfax,Week4,215.0 Mosby Woods - 187.0 Fairfax
Mosby Woods,Week4,Fairfax Club Estates,Week5,284.0 Mosby Woods - 118.0 Fairfax Club Estates
Mosby Woods,Week3,Highlands Swim,Week4,242.0 Highlands Swim - 160.0 Mosby Woods
McLean,Week4,Country Club Hills,Week3,290.0 McLean - 112.0 Country Club Hills
McLean,Week5,Donaldson Run,Week3,237.0 McLean - 165.0 Donaldson Run
McLean,Week5,Donaldson Run,Week2,230.5 McLean - 171.5 Donaldson Run
McLean,Week4,Crosspointe,Week3,214.0 McLean - 188.0 Crosspointe
Mosby Woods,Week4,Newington Forest,Week5,289.0 Mosby Woods - 113.0 Newington Forest
Mosby Woods,Week5,Newington Forest,Week4,314.0 Mosby Woods - 88.0 Newington Forest
McLean,Week3,Crosspointe,Week5,220.0 McLean - 182.0 Crosspointe
Mosby Woods,Week5,Highlands Swim,Week2,240.0 Highlands Swim - 162.0 Mosby Woods
Mosby Woods,Week3,Highlands Swim,Week2,246.0 Highlands Swim - 156.0 Mosby Woods
McLean,Week5,Dominion Hills,Week2,310.0 McLean - 92.0 Dominion Hills
McLean,Week4,Donaldson Run,Week4,217.0 McLean - 185.0 Donaldson Run
McLean,Week4,Herndon,Week2,354.0 McLean - 48.0 Herndon
McLean,Week1,Herndon,Week3,358.0 McLean - 44.0 Herndon
McLean,Week1,Herndon,Week2,353.0 McLean - 49.0 Herndon
McLean,Week4,Crosspointe,Week5,209.5 McLean - 192.5 Crosspointe
Mosby Woods,Week5,North Springfield,Week4,340.0 Mosby Woods - 52.0 North Springfield
Mosby Woods,Week5,Highlands Swim,Week3,232.0 Highlands Swim - 170.0 Mosby Woods
McLean,Week4,Country Club Hills,Week5,289.0 McLean - 113.0 Country Club Hills
McLean,Week5,Herndon,Week2,367.0 McLean - 35.0 Herndon
Mosby Woods,Week5,Fairfax Club Estates,Week2,313.0 Mosby Woods - 89.0 Fairfax Club Estates
McLean,Week3,Herndon,Week3,360.0 McLean - 37.0 Herndon
Mosby Woods,Week4,Newington Forest,Week2,306.5 Mosby Woods - 95.5 Newington Forest
Mosby Woods,Week4,Fairfax,Week5,242.0 Fairfax - 160.0 Mosby Woods
Mosby Woods,Week2,Oakton ,Week2,203.0 Oakton - 199.0 Mosby Woods
Mosby Woods,Week1,Hollin Hills,Week5,324.0 Mosby Woods - 78.0 Hollin Hills
McLean,Week3,Crosspointe,Week1,231.0 McLean - 171.0 Crosspointe
Mosby Woods,Week1,Highlands Swim,Week4,232.0 Highlands Swim - 170.0 Mosby Woods
McLean,Week5,Donaldson Run,Week1,237.0 McLean - 165.0 Donaldson Run
Mosby Woods,Week3,Oakton ,Week4,219.0 Oakton - 183.0 Mosby Woods
Mosby Woods,Week4,Hollin Hills,Week2,330.0 Mosby Woods - 69.0 Hollin Hills
McLean,Week5,Herndon,Week3,374.0 McLean - 28.0 Herndon
Mantua,Week2,Village West,Week3,286.0 Mantua - 116.0 Village West
Mantua,Week2,Village West,Week4,294.0 Mantua - 103.0 Village West
Mosby Woods,Week3,Fairfax,Week5,225.0 Fairfax - 177.0 Mosby Woods
Mosby Woods,Week1,Hollin Hills,Week3,326.0 Mosby Woods - 76.0 Hollin Hills
McLean,Week1,Hiddenbrook,Week2,333.5 McLean - 68.5 Hiddenbrook
Mosby Woods,Week3,Fairfax,Week3,209.0 Fairfax - 193.0 Mosby Woods
McLean,Week5,Donaldson Run,Week4,241.0 McLean - 161.0 Donaldson Run
McLean,Week1,Crosspointe,Week3,224.0 McLean - 178.0 Crosspointe
McLean,Week4,Donaldson Run,Week1,212.0 McLean - 190.0 Donaldson Run
Mosby Woods,Week5,Fairfax,Week4,201.0 Fairfax - 201.0 Mosby Woods
Mantua,Week2,Village West,Week2,297.0 Mantua - 105.0 Village West
Mosby Woods,Week3,Hollin Hills,Week3,340.0 Mosby Woods - 62.0 Hollin Hills
McLean,Week3,Crosspointe,Week4,240.0 McLean - 162.0 Crosspointe
Mosby Woods,Week3,Highlands Swim,Week3,246.5 Highlands Swim - 155.5 Mosby Woods
Mosby Woods,Week3,Oakton ,Week1,203.0 Mosby Woods - 199.0 Oakton
McLean,Week2,Herndon,Week4,362.0 McLean - 40.0 Herndon
Mosby Woods,Week5,North Springfield,Week1,313.0 Mosby Woods - 38.0 North Springfield
Mosby Woods,Week3,Fairfax Club Estates,Week3,298.0 Mosby Woods - 104.0 Fairfax Club Estates
McLean,Week1,Donaldson Run,Week5,224.0 Donaldson Run - 178.0 McLean
McLean,Week5,Country Club Hills,Week5,299.0 McLean - 103.0 Country Club Hills
Mosby Woods,Week4,North Springfield,Week5,294.0 Mosby Woods - 79.0 North Springfield
McLean,Week4,Crosspointe,Week1,214.0 McLean - 188.0 Crosspointe
McLean,Week1,Dowden Terrace,Week1,288.0 McLean - 114.0 Dowden Terrace
Mosby Woods,Week3,Fairfax Club Estates,Week1,295.0 Mosby Woods - 107.0 Fairfax Club Estates
McLean,Week5,Donaldson Run,Week5,203.0 McLean - 199.0 Donaldson Run
McLean,Week1,Hiddenbrook,Week1,311.0 McLean - 91.0 Hiddenbrook
Mosby Woods,Week4,North Springfield,Week3,324.0 Mosby Woods - 73.0 North Springfield
Mosby Woods,Week1,Fairfax Club Estates,Week2,304.0 Mosby Woods - 98.0 Fairfax Club Estates
McLean,Week5,Herndon,Week4,367.0 McLean - 35.0 Herndon
McLean,Week1,Dowden Terrace,Week4,274.0 McLean - 128.0 Dowden Terrace
McLean,Week1,Daventry,Week2,337.0 McLean - 65.0 Daventry
Mosby Woods,Week4,Hollin Hills,Week1,327.0 Mosby Woods - 73.0 Hollin Hills
McLean,Week3,Herndon,Week4,356.0 McLean - 45.0 Herndon
McLean,Week5,Crosspointe,Week5,225.0 McLean - 177.0 Crosspointe
McLean,Week1,Daventry,Week1,341.0 McLean - 56.0 Daventry
Mantua,Week1,Village West,Week4,292.0 Mantua - 105.0 Village West
Mosby Woods,Week1,Hollin Meadows,Week5,248.0 Mosby Woods - 154.0 Hollin Meadows
McLean,Week5,Herndon,Week5,367.0 McLean - 35.0 Herndon
McLean,Week2,Herndon,Week5,358.0 McLean - 44.0 Herndon
Mantua,Week3,Village West,Week4,321.0 Mantua - 76.0 Village West
Mantua,Week5,Village West,Week2,318.0 Mantua - 84.0 Village West
McLean,Week1,Dowden Terrace,Week2,278.0 McLean - 124.0 Dowden Terrace
Mosby Woods,Week5,Hollin Hills,Week2,339.0 Mosby Woods - 63.0 Hollin Hills
Mosby Woods,Week4,Oakton ,Week1,203.0 Oakton - 199.0 Mosby Woods
Mantua,Week2,Virginia Hills,Week5,347.0 Mantua - 55.0 Virginia Hills
McLean,Week2,Dowden Terrace,Week1,302.0 McLean - 99.0 Dowden Terrace
McLean,Week4,Herndon,Week3,354.0 McLean - 48.0 Herndon
McLean,Week2,Crosspointe,Week5,215.0 McLean - 187.0 Crosspointe
Mosby Woods,Week2,North Springfield,Week4,337.0 Mosby Woods - 55.0 North Springfield
McLean,Week1,Crosspointe,Week5,214.0 McLean - 188.0 Crosspointe
McLean,Week1,Dowden Terrace,Week5,259.5 McLean - 142.5 Dowden Terrace
Mosby Woods,Week1,Fairfax Club Estates,Week1,294.0 Mosby Woods - 108.0 Fairfax Club Estates
Mosby Woods,Week4,Fairfax,Week1,211.0 Fairfax - 191.0 Mosby Woods
Mosby Woods,Week4,Fairfax,Week3,231.0 Fairfax - 171.0 Mosby Woods
McLean,Week2,Crosspointe,Week1,227.0 McLean - 175.0 Crosspointe
Mosby Woods,Week3,North Springfield,Week5,299.0 Mosby Woods - 75.0 North Springfield
McLean,Week2,Herndon,Week2,361.0 McLean - 41.0 Herndon
Mantua,Week3,Village West,Week1,319.0 Mantua - 83.0 Village West
Mosby Woods,Week2,Hollin Hills,Week3,341.0 Mosby Woods - 61.0 Hollin Hills
Mosby Woods,Week2,North Springfield,Week5,300.0 Mosby Woods - 74.0 North Springfield
McLean,Week1,Dowden Terrace,Week3,298.0 McLean - 104.0 Dowden Terrace
Mosby Woods,Week2,Fairfax,Week1,215.0 Mosby Woods - 187.0 Fairfax
Mosby Woods,Week1,Oakton ,Week3,207.0 Mosby Woods - 195.0 Oakton
Mosby Woods,Week5,Fairfax,Week2,208.0 Fairfax - 194.0 Mosby Woods
McLean,Week5,Hayfield Farm,Week5,308.0 McLean - 94.0 Hayfield Farm
Mosby Woods,Week5,Hollin Hills,Week5,337.0 Mosby Woods - 65.0 Hollin Hills
Mosby Woods,Week4,Hollin Hills,Week4,336.0 Mosby Woods - 60.0 Hollin Hills
Mosby Woods,Week4,North Springfield,Week2,319.0 Mosby Woods - 69.0 North Springfield
Mosby Woods,Week5,North Springfield,Week3,323.0 Mosby Woods - 74.0 North Springfield
Mantua,Week2,Virginia Hills,Week3,353.0 Mantua - 49.0 Virginia Hills
McLean,Week5,Hiddenbrook,Week3,317.0 McLean - 85.0 Hiddenbrook
McLean,Week3,Dowden Terrace,Week4,295.0 McLean - 102.0 Dowden Terrace
McLean,Week5,Dowden Terrace,Week4,301.0 McLean - 101.0 Dowden Terrace
McLean,Week2,Crosspointe,Week2,244.0 McLean - 158.0 Crosspointe
Mosby Woods,Week1,Fairfax Club Estates,Week4,302.0 Mosby Woods - 100.0 Fairfax Club Estates
McLean,Week4,Dowden Terrace,Week1,295.0 McLean - 107.0 Dowden Terrace
Mosby Woods,Week1,Oakton ,Week5,205.0 Oakton - 197.0 Mosby Woods
Mantua,Week4,Village West,Week1,311.0 Mantua - 91.0 Village West
Mosby Woods,Week3,Hollin Hills,Week1,325.0 Mosby Woods - 76.0 Hollin Hills
Mantua,Week1,Virginia Hills,Week2,352.0 Mantua - 48.0 Virginia Hills
Mosby Woods,Week3,North Springfield,Week3,332.0 Mosby Woods - 65.0 North Springfield
McLean,Week5,Herndon,Week1,364.0 McLean - 38.0 Herndon
Mantua,Week4,Virginia Hills,Week1,367.0 Mantua - 35.0 Virginia Hills
Mosby Woods,Week3,Hollin Hills,Week5,325.0 Mosby Woods - 76.0 Hollin Hills
Mosby Woods,Week1,Fairfax Club Estates,Week3,303.0 Mosby Woods - 99.0 Fairfax Club Estates
Mosby Woods,Week1,Fairfax Club Estates,Week5,298.0 Mosby Woods - 104.0 Fairfax Club Estates
Mosby Woods,Week5,Fairfax,Week1,202.0 Fairfax - 200.0 Mosby Woods
McLean,Week4,Hiddenbrook,Week2,328.0 McLean - 74.0 Hiddenbrook
McLean,Week5,Country Club Hills,Week1,327.0 McLean - 75.0 Country Club Hills
McLean,Week3,Crosspointe,Week2,248.0 McLean - 154.0 Crosspointe
McLean,Week2,Dowden Terrace,Week2,278.0 McLean - 124.0 Dowden Terrace
Mosby Woods,Week2,Hollin Hills,Week5,339.5 Mosby Woods - 62.5 Hollin Hills
Mosby Woods,Week1,Oakton ,Week1,219.0 Mosby Woods - 183.0 Oakton
Mosby Woods,Week3,Fairfax Club Estates,Week2,302.0 Mosby Woods - 100.0 Fairfax Club Estates
McLean,Week1,Crosspointe,Week4,236.0 McLean - 166.0 Crosspointe
McLean,Week1,Hiddenbrook,Week5,298.0 McLean - 104.0 Hiddenbrook
Mosby Woods,Week3,Hollin Meadows,Week4,240.0 Mosby Woods - 162.0 Hollin Meadows
McLean,Week5,Hiddenbrook,Week4,317.5 McLean - 84.5 Hiddenbrook
McLean,Week5,Country Club Hills,Week2,322.0 McLean - 80.0 Country Club Hills
Mosby Woods,Week2,Fairfax Club Estates,Week4,293.0 Mosby Woods - 109.0 Fairfax Club Estates
Mosby Woods,Week2,Oakton ,Week4,211.0 Oakton - 191.0 Mosby Woods
McLean,Week1,Crosspointe,Week2,240.0 McLean - 162.0 Crosspointe
McLean,Week5,Country Club Hills,Week4,327.0 McLean - 75.0 Country Club Hills
Mosby Woods,Week1,Hollin Meadows,Week4,238.0 Mosby Woods - 164.0 Hollin Meadows
McLean,Week4,Dowden Terrace,Week5,260.0 McLean - 142.0 Dowden Terrace
McLean,Week5,Hiddenbrook,Week5,314.0 McLean - 88.0 Hiddenbrook
Mosby Woods,Week2,Fairfax Club Estates,Week5,299.0 Mosby Woods - 103.0 Fairfax Club Estates
Mantua,Week4,Village West,Week5,309.0 Mantua - 93.0 Village West
Mosby Woods,Week3,Fairfax Club Estates,Week4,297.0 Mosby Woods - 105.0 Fairfax Club Estates
McLean,Week2,Hiddenbrook,Week1,314.0 McLean - 88.0 Hiddenbrook
Mosby Woods,Week3,North Springfield,Week2,324.0 Mosby Woods - 64.0 North Springfield
Mosby Woods,Week2,Fairfax Club Estates,Week3,309.0 Mosby Woods - 93.0 Fairfax Club Estates
Mantua,Week5,Village West,Week1,329.0 Mantua - 73.0 Village West
Mosby Woods,Week1,Hollin Meadows,Week3,255.0 Mosby Woods - 147.0 Hollin Meadows
Mosby Woods,Week3,North Springfield,Week1,309.0 Mosby Woods - 41.0 North Springfield
Mantua,Week5,Village West,Week5,323.0 Mantua - 79.0 Village West
Mosby Woods,Week2,North Springfield,Week3,329.0 Mosby Woods - 68.0 North Springfield
McLean,Week3,Dowden Terrace,Week5,283.0 McLean - 119.0 Dowden Terrace
McLean,Week5,Dowden Terrace,Week3,309.0 McLean - 93.0 Dowden Terrace
McLean,Week5,Hiddenbrook,Week1,323.0 McLean - 79.0 Hiddenbrook
Mantua,Week1,Village West,Week5,300.0 Mantua - 102.0 Village West
McLean,Week5,Country Club Hills,Week3,322.5 McLean - 79.5 Country Club Hills
McLean,Week1,Dunn Loring,Week2,222.0 McLean - 180.0 Dunn Loring
Mosby Woods,Week5,Hollin Hills,Week1,337.0 Mosby Woods - 65.0 Hollin Hills
Mantua,Week2,Village West,Week1,293.5 Mantua - 108.5 Village West
McLean,Week2,Hiddenbrook,Week3,305.0 McLean - 97.0 Hiddenbrook
McLean,Week2,Crosspointe,Week3,220.0 McLean - 182.0 Crosspointe
Mosby Woods,Week3,Hollin Meadows,Week5,231.0 Mosby Woods - 171.0 Hollin Meadows
McLean,Week3,Dowden Terrace,Week3,305.5 McLean - 96.5 Dowden Terrace
Mosby Woods,Week3,Hollin Meadows,Week3,251.0 Mosby Woods - 151.0 Hollin Meadows
Mantua,Week2,Virginia Hills,Week2,360.0 Mantua - 42.0 Virginia Hills
McLean,Week4,Dowden Terrace,Week2,278.0 McLean - 124.0 Dowden Terrace
Mosby Woods,Week4,North Springfield,Week4,331.0 Mosby Woods - 60.0 North Springfield
McLean,Week2,Dowden Terrace,Week4,293.0 McLean - 109.0 Dowden Terrace
McLean,Week4,Crosspointe,Week2,227.0 McLean - 175.0 Crosspointe
Mosby Woods,Week1,Oakton ,Week4,209.0 Oakton - 193.0 Mosby Woods
McLean,Week4,Crosspointe,Week4,228.0 McLean - 174.0 Crosspointe
Mantua,Week3,Village West,Week2,316.0 Mantua - 86.0 Village West
Mantua,Week4,Village West,Week4,298.0 Mantua - 99.0 Village West
Mosby Woods,Week4,North Springfield,Week1,310.0 Mosby Woods - 39.0 North Springfield
Mantua,Week4,Village West,Week2,306.0 Mantua - 96.0 Village West
Mosby Woods,Week5,North Springfield,Week2,324.0 Mosby Woods - 64.0 North Springfield
McLean,Week2,Hiddenbrook,Week2,322.0 McLean - 80.0 Hiddenbrook
McLean,Week4,Dowden Terrace,Week3,293.0 McLean - 109.0 Dowden Terrace
McLean,Week3,Hiddenbrook,Week4,308.0 McLean - 93.0 Hiddenbrook
McLean,Week3,Hiddenbrook,Week5,306.0 McLean - 96.0 Hiddenbrook
Mosby Woods,Week5,Fairfax Club Estates,Week3,300.0 Mosby Woods - 102.0 Fairfax Club Estates
McLean,Week5,Dowden Terrace,Week2,298.0 McLean - 104.0 Dowden Terrace
McLean,Week4,Hiddenbrook,Week1,304.0 McLean - 98.0 Hiddenbrook
Mosby Woods,Week4,Fairfax Club Estates,Week1,289.0 Mosby Woods - 113.0 Fairfax Club Estates
Mosby Woods,Week4,Hollin Meadows,Week2,245.0 Mosby Woods - 157.0 Hollin Meadows
McLean,Week1,Crosspointe,Week1,224.0 McLean - 178.0 Crosspointe
Mosby Woods,Week5,Fairfax Club Estates,Week1,292.0 Mosby Woods - 110.0 Fairfax Club Estates
Mosby Woods,Week5,Fairfax Club Estates,Week5,289.5 Mosby Woods - 112.5 Fairfax Club Estates
McLean,Week3,Dowden Terrace,Week1,300.0 McLean - 102.0 Dowden Terrace
McLean,Week3,Hiddenbrook,Week1,317.0 McLean - 85.0 Hiddenbrook
McLean,Week3,Crosspointe,Week3,224.0 McLean - 178.0 Crosspointe
Mosby Woods,Week4,Hollin Meadows,Week1,218.0 Mosby Woods - 184.0 Hollin Meadows
Mantua,Week2,Virginia Hills,Week4,356.0 Mantua - 46.0 Virginia Hills
McLean,Week2,Dowden Terrace,Week5,270.0 McLean - 132.0 Dowden Terrace
McLean,Week2,Crosspointe,Week4,236.0 McLean - 166.0 Crosspointe
Mosby Woods,Week4,Hollin Hills,Week3,323.0 Mosby Woods - 79.0 Hollin Hills
Mosby Woods,Week4,Fairfax Club Estates,Week2,299.0 Mosby Woods - 102.0 Fairfax Club Estates
Mosby Woods,Week5,North Springfield,Week5,304.0 Mosby Woods - 70.0 North Springfield
Mosby Woods,Week3,Hollin Hills,Week2,326.5 Mosby Woods - 73.5 Hollin Hills
Mosby Woods,Week4,Fairfax Club Estates,Week4,287.0 Mosby Woods - 115.0 Fairfax Club Estates
McLean,Week1,Dunn Loring,Week1,242.0 McLean - 160.0 Dunn Loring
McLean,Week1,Hiddenbrook,Week4,304.0 McLean - 98.0 Hiddenbrook
Mantua,Week2,Virginia Hills,Week1,356.0 Mantua - 46.0 Virginia Hills
Mosby Woods,Week1,Hollin Meadows,Week2,258.0 Mosby Woods - 144.0 Hollin Meadows
McLean,Week5,Hiddenbrook,Week2,339.0 McLean - 63.0 Hiddenbrook
McLean,Week1,Dunn Loring,Week5,204.0 McLean - 198.0 Dunn Loring
McLean,Week1,Dunn Loring,Week4,218.0 McLean - 184.0 Dunn Loring
Mosby Woods,Week1,Fairfax Station,Week2,205.0 Mosby Woods - 197.0 Fairfax Station
McLean,Week5,Crosspointe,Week2,252.0 McLean - 150.0 Crosspointe
McLean,Week4,Hiddenbrook,Week3,305.0 McLean - 97.0 Hiddenbrook
Mosby Woods,Week3,North Springfield,Week4,337.0 Mosby Woods - 55.0 North Springfield
Mosby Woods,Week2,Oakton ,Week3,203.0 Oakton - 199.0 Mosby Woods
Mantua,Week3,Village West,Week3,315.0 Mantua - 87.0 Village West
McLean,Week5,Crosspointe,Week4,242.0 McLean - 160.0 Crosspointe
McLean,Week5,Crosspointe,Week1,240.0 McLean - 162.0 Crosspointe
McLean,Week5,Crosspointe,Week3,228.0 McLean - 174.0 Crosspointe
McLean,Week4,Hiddenbrook,Week5,302.0 McLean - 100.0 Hiddenbrook
Mosby Woods,Week3,Hollin Hills,Week4,337.0 Mosby Woods - 63.0 Hollin Hills
Mosby Woods,Week1,Fairfax Station,Week3,226.0 Fairfax Station - 176.0 Mosby Woods
Mosby Woods,Week5,Fairfax Club Estates,Week4,287.0 Mosby Woods - 115.0 Fairfax Club Estates
Mantua,Week2,Village West,Week5,300.0 Mantua - 97.0 Village West
Mantua,Week1,Virginia Hills,Week4,351.0 Mantua - 51.0 Virginia Hills
Mosby Woods,Week2,Oakton ,Week1,214.0 Mosby Woods - 188.0 Oakton
Mosby Woods,Week2,Hollin Meadows,Week3,259.0 Mosby Woods - 143.0 Hollin Meadows
Mosby Woods,Week1,Oakton ,Week2,202.0 Mosby Woods - 200.0 Oakton
Mosby Woods,Week2,Hollin Meadows,Week1,241.0 Mosby Woods - 161.0 Hollin Meadows
Mosby Woods,Week3,Fairfax Station,Week1,206.0 Mosby Woods - 196.0 Fairfax Station
Mosby Woods,Week4,Oakton ,Week5,244.0 Oakton - 158.0 Mosby Woods
Mantua,Week4,Village West,Week3,276.0 Mantua - 126.0 Village West
Mosby Woods,Week3,Oakton ,Week5,226.0 Oakton - 176.0 Mosby Woods
McLean,Week2,Dunn Loring,Week1,253.0 McLean - 149.0 Dunn Loring
Mosby Woods,Week3,Oakton ,Week3,203.0 Oakton - 194.0 Mosby Woods
Mosby Woods,Week5,Hollin Hills,Week3,336.0 Mosby Woods - 66.0 Hollin Hills
Mosby Woods,Week4,Hollin Hills,Week5,323.0 Mosby Woods - 77.0 Hollin Hills
Mosby Woods,Week5,Hollin Hills,Week4,347.0 Mosby Woods - 55.0 Hollin Hills
McLean,Week5,Dowden Terrace,Week5,274.0 McLean - 128.0 Dowden Terrace
Mosby Woods,Week4,Fairfax Station,Week1,206.0 Fairfax Station - 196.0 Mosby Woods
Mosby Woods,Week2,Hollin Hills,Week4,342.0 Mosby Woods - 57.0 Hollin Hills
Mosby Woods,Week1,Fairfax Station,Week5,221.0 Fairfax Station - 181.0 Mosby Woods
Mosby Woods,Week2,Oakton ,Week5,217.5 Oakton - 184.5 Mosby Woods
McLean,Week2,Daventry,Week3,344.0 McLean - 58.0 Daventry
McLean,Week3,Daventry,Week2,342.0 McLean - 59.0 Daventry
McLean,Week3,Hiddenbrook,Week3,307.0 McLean - 94.0 Hiddenbrook
McLean,Week1,Hiddenbrook,Week3,313.0 McLean - 89.0 Hiddenbrook
Mosby Woods,Week3,Fairfax Station,Week5,221.0 Fairfax Station - 181.0 Mosby Woods
McLean,Week4,Daventry,Week2,336.0 McLean - 66.0 Daventry
Mantua,Week5,Village West,Week3,296.0 Mantua - 106.0 Village West
McLean,Week5,Daventry,Week5,333.0 McLean - 69.0 Daventry
Mantua,Week1,Virginia Hills,Week5,336.0 Mantua - 65.0 Virginia Hills
McLean,Week3,Dowden Terrace,Week2,293.0 McLean - 109.0 Dowden Terrace
Mantua,Week5,Village West,Week4,319.0 Mantua - 78.0 Village West
McLean,Week3,Daventry,Week1,339.0 McLean - 62.0 Daventry
McLean,Week2,Dunn Loring,Week3,241.0 McLean - 161.0 Dunn Loring
McLean,Week3,Hiddenbrook,Week2,325.0 McLean - 72.0 Hiddenbrook
Mosby Woods,Week3,Oakton ,Week2,218.0 Oakton - 184.0 Mosby Woods
Mosby Woods,Week2,Fairfax Station,Week4,209.0 Mosby Woods - 193.0 Fairfax Station
McLean,Week2,Hiddenbrook,Week5,303.0 McLean - 99.0 Hiddenbrook
McLean,Week4,Dowden Terrace,Week4,280.0 McLean - 122.0 Dowden Terrace
Mosby Woods,Week3,Fairfax Station,Week3,221.5 Fairfax Station - 180.5 Mosby Woods
McLean,Week2,Hiddenbrook,Week4,307.0 McLean - 95.0 Hiddenbrook
Mosby Woods,Week2,Hollin Meadows,Week4,254.0 Mosby Woods - 148.0 Hollin Meadows
Mantua,Week3,Village West,Week5,329.0 Mantua - 73.0 Village West
McLean,Week1,Dunn Loring,Week3,227.5 McLean - 174.5 Dunn Loring
Mantua,Week3,Virginia Hills,Week1,375.0 Mantua - 27.0 Virginia Hills
Mantua,Week1,Virginia Hills,Week1,351.0 Mantua - 51.0 Virginia Hills
McLean,Week5,Dunn Loring,Week4,229.0 McLean - 173.0 Dunn Loring
Mosby Woods,Week5,Oakton ,Week5,214.0 Oakton - 188.0 Mosby Woods
Mantua,Week3,Virginia Hills,Week3,375.0 Mantua - 27.0 Virginia Hills
Mosby Woods,Week5,Oakton ,Week1,208.5 Mosby Woods - 193.5 Oakton
McLean,Week2,Daventry,Week2,354.0 McLean - 47.0 Daventry
Mosby Woods,Week4,Fairfax Station,Week2,214.0 Fairfax Station - 188.0 Mosby Woods
McLean,Week2,Dunn Loring,Week4,239.0 McLean - 163.0 Dunn Loring
McLean,Week4,Hiddenbrook,Week4,299.0 McLean - 98.0 Hiddenbrook
McLean,Week1,Daventry,Week3,331.0 McLean - 71.0 Daventry
McLean,Week1,Dominion Hills,Week4,274.0 McLean - 128.0 Dominion Hills
Mosby Woods,Week1,Hollin Meadows,Week1,246.0 Mosby Woods - 156.0 Hollin Meadows
Mosby Woods,Week1,Fairfax Station,Week4,204.0 Fairfax Station - 198.0 Mosby Woods
Mosby Woods,Week2,Fairfax Station,Week5,209.0 Fairfax Station - 193.0 Mosby Woods
McLean,Week2,Dunn Loring,Week2,225.5 McLean - 176.5 Dunn Loring
Mosby Woods,Week4,Fairfax Station,Week3,236.0 Fairfax Station - 166.0 Mosby Woods
Mantua,Week3,Virginia Hills,Week4,377.0 Mantua - 25.0 Virginia Hills
Mosby Woods,Week2,Holmes Run Acres,Week2,267.0 Mosby Woods - 135.0 Holmes Run Acres
Mantua,Week3,Virginia Hills,Week2,376.0 Mantua - 26.0 Virginia Hills
Mosby Woods,Week3,Hollin Meadows,Week2,255.0 Mosby Woods - 147.0 Hollin Meadows
McLean,Week5,Daventry,Week3,340.0 McLean - 62.0 Daventry
McLean,Week5,Daventry,Week1,349.0 McLean - 53.0 Daventry
Mantua,Week1,Virginia Hills,Week3,347.0 Mantua - 55.0 Virginia Hills
McLean,Week2,Dunn Loring,Week5,233.0 McLean - 169.0 Dunn Loring
Mosby Woods,Week5,Oakton ,Week2,219.5 Oakton - 182.5 Mosby Woods
Mosby Woods,Week4,Oakton ,Week2,231.0 Oakton - 171.0 Mosby Woods
Mosby Woods,Week3,Hollin Meadows,Week1,226.0 Mosby Woods - 176.0 Hollin Meadows
Mosby Woods,Week2,Hollin Meadows,Week2,261.0 Mosby Woods - 141.0 Hollin Meadows
McLean,Week3,Dominion Hills,Week1,316.0 McLean - 86.0 Dominion Hills
McLean,Week5,Dowden Terrace,Week1,311.0 McLean - 91.0 Dowden Terrace
Mosby Woods,Week4,Fairfax Station,Week4,219.0 Fairfax Station - 183.0 Mosby Woods
McLean,Week1,Fair Oaks ,Week2,286.0 McLean - 116.0 Fair Oaks
Mosby Woods,Week2,Hollin Meadows,Week5,244.0 Mosby Woods - 158.0 Hollin Meadows
Mosby Woods,Week5,Oakton ,Week3,203.0 Mosby Woods - 199.0 Oakton
Mosby Woods,Week2,Fairfax Station,Week1,208.0 Mosby Woods - 194.0 Fairfax Station
Mosby Woods,Week1,Old Keene Mill,Week2,306.0 Mosby Woods - 96.0 Old Keene Mill
McLean,Week3,Dunn Loring,Week5,236.0 McLean - 166.0 Dunn Loring
McLean,Week5,Dunn Loring,Week2,230.0 McLean - 172.0 Dunn Loring
McLean,Week3,Daventry,Week4,354.0 McLean - 47.0 Daventry
Mosby Woods,Week1,Holmes Run Acres,Week4,268.0 Mosby Woods - 134.0 Holmes Run Acres
Mosby Woods,Week2,Old Keene Mill,Week1,314.0 Mosby Woods - 88.0 Old Keene Mill
Mantua,Week4,Virginia Hills,Week4,379.0 Mantua - 23.0 Virginia Hills
Mosby Woods,Week2,Holmes Run Acres,Week4,262.0 Mosby Woods - 140.0 Holmes Run Acres
Mosby Woods,Week3,Holmes Run Acres,Week4,256.5 Mosby Woods - 145.5 Holmes Run Acres
Mosby Woods,Week1,Fairfax Station,Week1,203.0 Fairfax Station - 199.0 Mosby Woods
Mosby Woods,Week2,Old Keene Mill,Week3,293.5 Mosby Woods - 108.5 Old Keene Mill
Mantua,Week5,Virginia Hills,Week1,372.0 Mantua - 30.0 Virginia Hills
Mosby Woods,Week5,Hollin Meadows,Week1,237.0 Mosby Woods - 165.0 Hollin Meadows
Mantua,Week5,Virginia Hills,Week5,365.0 Mantua - 37.0 Virginia Hills
McLean,Week4,Daventry,Week1,341.0 McLean - 61.0 Daventry
Mosby Woods,Week3,Fairfax Station,Week2,203.0 Fairfax Station - 194.0 Mosby Woods
Mosby Woods,Week1,Old Keene Mill,Week5,296.0 Mosby Woods - 106.0 Old Keene Mill
Mosby Woods,Week2,Fairfax Station,Week2,211.0 Mosby Woods - 191.0 Fairfax Station
Mosby Woods,Week1,Old Keene Mill,Week4,305.5 Mosby Woods - 96.5 Old Keene Mill
Mantua,Week5,Virginia Hills,Week4,375.0 Mantua - 27.0 Virginia Hills
McLean,Week4,Dunn Loring,Week2,216.0 McLean - 186.0 Dunn Loring
Mosby Woods,Week4,Oakton ,Week4,226.0 Oakton - 176.0 Mosby Woods
McLean,Week2,Dominion Hills,Week2,311.0 McLean - 91.0 Dominion Hills
McLean,Week4,Dunn Loring,Week5,215.0 McLean - 187.0 Dunn Loring
Mosby Woods,Week2,Fairfax Station,Week3,218.0 Fairfax Station - 184.0 Mosby Woods
McLean,Week2,Daventry,Week1,342.0 McLean - 60.0 Daventry
Mantua,Week3,Virginia Hills,Week5,363.0 Mantua - 39.0 Virginia Hills
Mosby Woods,Week4,Holmes Run Acres,Week3,211.0 Mosby Woods - 191.0 Holmes Run Acres
Mosby Woods,Week3,Holmes Run Acres,Week5,219.0 Mosby Woods - 183.0 Holmes Run Acres
Mosby Woods,Week4,Holmes Run Acres,Week1,239.0 Mosby Woods - 163.0 Holmes Run Acres
McLean,Week2,Dominion Hills,Week5,292.0 McLean - 110.0 Dominion Hills
Mosby Woods,Week2,Old Keene Mill,Week4,309.0 Mosby Woods - 93.0 Old Keene Mill
McLean,Week1,Fair Oaks ,Week3,266.0 McLean - 136.0 Fair Oaks
McLean,Week3,Dunn Loring,Week3,241.0 McLean - 161.0 Dunn Loring
McLean,Week3,Dunn Loring,Week1,260.0 McLean - 142.0 Dunn Loring
Mantua,Week1,Virginia Run,Week1,218.0 Mantua - 184.0 Virginia Run
Mantua,Week1,Virginia Run,Week3,229.0 Mantua - 173.0 Virginia Run
McLean,Week2,Daventry,Week4,352.0 McLean - 50.0 Daventry
McLean,Week1,Dominion Hills,Week2,301.0 McLean - 101.0 Dominion Hills
Mosby Woods,Week4,Oakton ,Week3,223.0 Oakton - 179.0 Mosby Woods
Mosby Woods,Week3,Fairfax Station,Week4,207.0 Fairfax Station - 195.0 Mosby Woods
Mosby Woods,Week1,Forest Hollow,Week1,264.0 Mosby Woods - 138.0 Forest Hollow
Mosby Woods,Week5,Oakton ,Week4,208.0 Oakton - 194.0 Mosby Woods
Mantua,Week5,Virginia Hills,Week3,367.0 Mantua - 35.0 Virginia Hills
Mantua,Week1,Virginia Run,Week5,204.0 Mantua - 198.0 Virginia Run
McLean,Week1,Fair Oaks ,Week1,266.0 McLean - 136.0 Fair Oaks
Mosby Woods,Week1,Hunt Valley,Week1,211.5 Mosby Woods - 190.5 Hunt Valley
Mosby Woods,Week2,Old Keene Mill,Week2,306.0 Mosby Woods - 96.0 Old Keene Mill
Mosby Woods,Week4,Fairfax Station,Week5,236.0 Fairfax Station - 166.0 Mosby Woods
Mosby Woods,Week3,Holmes Run Acres,Week1,241.0 Mosby Woods - 161.0 Holmes Run Acres
Mosby Woods,Week1,Old Keene Mill,Week1,315.0 Mosby Woods - 87.0 Old Keene Mill
Mosby Woods,Week3,Forest Hollow,Week1,260.0 Mosby Woods - 142.0 Forest Hollow
Mosby Woods,Week1,Old Keene Mill,Week3,299.0 Mosby Woods - 103.0 Old Keene Mill
McLean,Week4,Daventry,Week4,354.0 McLean - 48.0 Daventry
McLean,Week1,Daventry,Week4,346.5 McLean - 55.5 Daventry
Mosby Woods,Week1,Holmes Run Acres,Week1,251.0 Mosby Woods - 151.0 Holmes Run Acres
McLean,Week1,Fair Oaks ,Week4,278.0 McLean - 124.0 Fair Oaks
Mosby Woods,Week2,Forest Hollow,Week1,256.0 Mosby Woods - 146.0 Forest Hollow
Mantua,Week4,Virginia Hills,Week2,375.0 Mantua - 27.0 Virginia Hills
Mosby Woods,Week5,Holmes Run Acres,Week1,265.0 Mosby Woods - 137.0 Holmes Run Acres
Mosby Woods,Week4,Forest Hollow,Week5,218.0 Mosby Woods - 184.0 Forest Hollow
Mantua,Week4,Virginia Hills,Week5,361.0 Mantua - 41.0 Virginia Hills
McLean,Week4,Dunn Loring,Week1,242.0 McLean - 160.0 Dunn Loring
McLean,Week1,Daventry,Week5,327.0 McLean - 75.0 Daventry
Mosby Woods,Week5,Fairfax Station,Week4,216.0 Mosby Woods - 186.0 Fairfax Station
McLean,Week4,Dunn Loring,Week3,229.0 McLean - 173.0 Dunn Loring
Mosby Woods,Week5,Holmes Run Acres,Week3,229.0 Mosby Woods - 173.0 Holmes Run Acres
Mosby Woods,Week4,Hollin Meadows,Week4,238.0 Mosby Woods - 164.0 Hollin Meadows
McLean,Week2,Fair Oaks ,Week1,283.0 McLean - 119.0 Fair Oaks
Mantua,Week1,Virginia Run,Week4,232.0 Mantua - 170.0 Virginia Run
McLean,Week1,Fair Oaks ,Week5,258.0 McLean - 144.0 Fair Oaks
McLean,Week3,Dunn Loring,Week4,237.0 McLean - 165.0 Dunn Loring
McLean,Week3,Daventry,Week5,333.0 McLean - 63.0 Daventry
Mosby Woods,Week1,Forest Hollow,Week3,247.0 Mosby Woods - 155.0 Forest Hollow
Mantua,Week2,Virginia Run,Week1,213.0 Mantua - 189.0 Virginia Run
McLean,Week4,Daventry,Week5,334.0 McLean - 67.0 Daventry
McLean,Week5,Dunn Loring,Week1,263.0 McLean - 139.0 Dunn Loring
Mantua,Week1,Virginia Run,Week2,222.0 Mantua - 180.0 Virginia Run
McLean,Week1,Dominion Hills,Week1,308.0 McLean - 89.0 Dominion Hills
Mantua,Week5,Virginia Hills,Week2,382.0 Mantua - 20.0 Virginia Hills
Mosby Woods,Week1,Hunt Valley,Week2,216.0 Mosby Woods - 186.0 Hunt Valley
Mosby Woods,Week4,Forest Hollow,Week3,235.5 Mosby Woods - 166.5 Forest Hollow
McLean,Week2,Daventry,Week5,341.0 McLean - 61.0 Daventry
Mosby Woods,Week5,Hollin Meadows,Week4,249.0 Mosby Woods - 153.0 Hollin Meadows
Mosby Woods,Week5,Fairfax Station,Week1,207.5 Mosby Woods - 194.5 Fairfax Station
McLean,Week4,Daventry,Week3,338.0 McLean - 64.0 Daventry
Mosby Woods,Week3,Forest Hollow,Week3,242.0 Mosby Woods - 160.0 Forest Hollow
Mosby Woods,Week2,Old Keene Mill,Week5,290.0 Mosby Woods - 112.0 Old Keene Mill
Mosby Woods,Week5,Hollin Meadows,Week5,252.0 Mosby Woods - 150.0 Hollin Meadows
McLean,Week4,Dunn Loring,Week4,211.5 McLean - 190.5 Dunn Loring
McLean,Week5,Daventry,Week4,352.0 McLean - 50.0 Daventry
Mantua,Week4,Virginia Hills,Week3,369.0 Mantua - 33.0 Virginia Hills
McLean,Week3,Daventry,Week3,341.0 McLean - 60.0 Daventry
Mosby Woods,Week2,Fox Hunt,Week2,279.0 Mosby Woods - 123.0 Fox Hunt
McLean,Week5,Daventry,Week2,345.0 McLean - 57.0 Daventry
Mosby Woods,Week1,Fox Hunt,Week5,251.0 Mosby Woods - 151.0 Fox Hunt
McLean,Week5,Dunn Loring,Week5,227.0 McLean - 175.0 Dunn Loring
McLean,Week2,Fair Oaks ,Week2,297.0 McLean - 105.0 Fair Oaks
Mosby Woods,Week3,Forest Hollow,Week2,261.5 Mosby Woods - 140.5 Forest Hollow
Mosby Woods,Week4,Hollin Meadows,Week5,228.0 Mosby Woods - 174.0 Hollin Meadows
Mosby Woods,Week5,Hollin Meadows,Week3,245.0 Mosby Woods - 157.0 Hollin Meadows
Mosby Woods,Week1,Holmes Run Acres,Week5,239.0 Mosby Woods - 163.0 Holmes Run Acres
Mosby Woods,Week1,Holmes Run Acres,Week2,256.0 Mosby Woods - 146.0 Holmes Run Acres
Mosby Woods,Week5,Hollin Meadows,Week2,258.0 Mosby Woods - 144.0 Hollin Meadows
Mosby Woods,Week2,Forest Hollow,Week2,254.0 Mosby Woods - 148.0 Forest Hollow
Mosby Woods,Week5,Fairfax Station,Week3,217.0 Fairfax Station - 185.0 Mosby Woods
Mosby Woods,Week2,Holmes Run Acres,Week1,258.0 Mosby Woods - 144.0 Holmes Run Acres
McLean,Week3,Dunn Loring,Week2,239.0 McLean - 163.0 Dunn Loring
McLean,Week1,Dominion Hills,Week3,293.0 McLean - 109.0 Dominion Hills
Mosby Woods,Week5,Fairfax Station,Week2,205.0 Mosby Woods - 197.0 Fairfax Station
Mosby Woods,Week2,Holmes Run Acres,Week3,233.0 Mosby Woods - 169.0 Holmes Run Acres
McLean,Week3,Dominion Hills,Week2,313.0 McLean - 89.0 Dominion Hills
McLean,Week5,Dunn Loring,Week3,242.0 McLean - 160.0 Dunn Loring
Mosby Woods,Week2,Fox Hunt,Week4,276.0 Mosby Woods - 126.0 Fox Hunt
Mosby Woods,Week3,Holmes Run Acres,Week2,257.0 Mosby Woods - 145.0 Holmes Run Acres
Mosby Woods,Week1,Forest Hollow,Week5,243.0 Mosby Woods - 159.0 Forest Hollow
McLean,Week2,Dominion Hills,Week3,313.0 McLean - 89.0 Dominion Hills
Mosby Woods,Week5,Fairfax Station,Week5,215.0 Fairfax Station - 187.0 Mosby Woods
Mosby Woods,Week1,Forest Hollow,Week4,251.0 Mosby Woods - 151.0 Forest Hollow
McLean,Week3,Dominion Hills,Week4,288.0 McLean - 114.0 Dominion Hills
McLean,Week2,Dominion Hills,Week4,294.0 McLean - 108.0 Dominion Hills
McLean,Week1,Dominion Hills,Week5,265.0 McLean - 137.0 Dominion Hills
McLean,Week2,Dominion Hills,Week1,319.0 McLean - 83.0 Dominion Hills
McLean,Week3,Dominion Hills,Week3,311.0 McLean - 91.0 Dominion Hills
Mosby Woods,Week1,Holmes Run Acres,Week3,229.0 Mosby Woods - 173.0 Holmes Run Acres
Mosby Woods,Week2,Forest Hollow,Week3,244.0 Mosby Woods - 158.0 Forest Hollow
Mosby Woods,Week4,Hollin Meadows,Week3,238.0 Mosby Woods - 164.0 Hollin Meadows
Mosby Woods,Week2,Forest Hollow,Week5,234.0 Mosby Woods - 168.0 Forest Hollow
Mosby Woods,Week1,Fox Hunt,Week1,270.0 Mosby Woods - 132.0 Fox Hunt
McLean,Week3,Dominion Hills,Week5,279.0 McLean - 123.0 Dominion Hills
Mosby Woods,Week4,Holmes Run Acres,Week2,259.0 Mosby Woods - 143.0 Holmes Run Acres
Mosby Woods,Week3,Forest Hollow,Week5,232.0 Mosby Woods - 170.0 Forest Hollow
McLean,Week4,Dominion Hills,Week1,294.0 McLean - 108.0 Dominion Hills
Mosby Woods,Week2,Holmes Run Acres,Week5,224.0 Mosby Woods - 178.0 Holmes Run Acres
Mosby Woods,Week5,Holmes Run Acres,Week5,226.0 Mosby Woods - 176.0 Holmes Run Acres
Mosby Woods,Week5,Forest Hollow,Week4,237.0 Mosby Woods - 165.0 Forest Hollow
Mosby Woods,Week5,Forest Hollow,Week5,225.0 Mosby Woods - 177.0 Forest Hollow
McLean,Week4,Dominion Hills,Week4,279.0 McLean - 123.0 Dominion Hills
Mosby Woods,Week3,Holmes Run Acres,Week3,230.0 Mosby Woods - 172.0 Holmes Run Acres
Mosby Woods,Week4,Hunt Valley,Week1,208.0 Hunt Valley - 194.0 Mosby Woods
McLean,Week4,Dominion Hills,Week2,298.5 McLean - 103.5 Dominion Hills
Mosby Woods,Week5,Forest Hollow,Week3,232.0 Mosby Woods - 170.0 Forest Hollow
Mosby Woods,Week4,Holmes Run Acres,Week4,251.0 Mosby Woods - 151.0 Holmes Run Acres
Mosby Woods,Week1,Forest Hollow,Week2,256.5 Mosby Woods - 145.5 Forest Hollow
Mosby Woods,Week3,Hunt Valley,Week1,206.0 Mosby Woods - 196.0 Hunt Valley
Mosby Woods,Week2,Forest Hollow,Week4,239.0 Mosby Woods - 163.0 Forest Hollow
Mosby Woods,Week5,Holmes Run Acres,Week4,260.0 Mosby Woods - 142.0 Holmes Run Acres
Mosby Woods,Week4,Forest Hollow,Week1,244.0 Mosby Woods - 158.0 Forest Hollow
Mosby Woods,Week4,Holmes Run Acres,Week5,207.0 Mosby Woods - 195.0 Holmes Run Acres
Mosby Woods,Week4,Forest Hollow,Week2,233.0 Mosby Woods - 169.0 Forest Hollow
Mosby Woods,Week1,Hunter Mill,Week2,232.0 Mosby Woods - 170.0 Hunter Mill
Mosby Woods,Week5,Forest Hollow,Week2,241.5 Mosby Woods - 160.5 Forest Hollow
Mosby Woods,Week2,Hunt Valley,Week2,210.5 Mosby Woods - 191.5 Hunt Valley
Mosby Woods,Week1,Fox Hunt,Week2,280.0 Mosby Woods - 122.0 Fox Hunt
Mosby Woods,Week5,Forest Hollow,Week1,243.0 Mosby Woods - 159.0 Forest Hollow
Mosby Woods,Week5,Holmes Run Acres,Week2,271.0 Mosby Woods - 131.0 Holmes Run Acres
Mosby Woods,Week1,Hunter Mill,Week4,221.0 Mosby Woods - 181.0 Hunter Mill
Mosby Woods,Week3,Forest Hollow,Week4,240.0 Mosby Woods - 162.0 Forest Hollow
McLean,Week4,Dominion Hills,Week3,304.0 McLean - 98.0 Dominion Hills
Mosby Woods,Week1,Hunter Mill,Week5,208.0 Mosby Woods - 194.0 Hunter Mill
Mosby Woods,Week4,Forest Hollow,Week4,230.5 Mosby Woods - 171.5 Forest Hollow
Mosby Woods,Week3,Hunt Valley,Week2,208.0 Mosby Woods - 194.0 Hunt Valley
McLean,Week4,Dominion Hills,Week5,260.0 McLean - 142.0 Dominion Hills
Mosby Woods,Week2,Hunt Valley,Week3,229.5 Hunt Valley - 172.5 Mosby Woods
Mosby Woods,Week2,Hunter Mill,Week1,233.0 Mosby Woods - 169.0 Hunter Mill
Mosby Woods,Week2,Hunt Valley,Week4,205.0 Hunt Valley - 197.0 Mosby Woods
Mosby Woods,Week3,Hunt Valley,Week3,231.0 Hunt Valley - 171.0 Mosby Woods
Mosby Woods,Week5,Hunt Valley,Week2,204.0 Mosby Woods - 198.0 Hunt Valley
Mosby Woods,Week1,Fox Hunt,Week3,262.0 Mosby Woods - 140.0 Fox Hunt
Mosby Woods,Week1,Fox Mill Estates,Week5,290.0 Mosby Woods - 112.0 Fox Mill Estates
Mosby Woods,Week1,Hunt Valley,Week3,225.5 Hunt Valley - 176.5 Mosby Woods
Mosby Woods,Week2,Fox Hunt,Week3,258.0 Mosby Woods - 144.0 Fox Hunt
Mosby Woods,Week4,Hunt Valley,Week2,214.0 Hunt Valley - 188.0 Mosby Woods
Mosby Woods,Week5,Fox Hunt,Week1,270.0 Mosby Woods - 132.0 Fox Hunt
Mosby Woods,Week3,Fox Hunt,Week4,277.0 Mosby Woods - 125.0 Fox Hunt
Mosby Woods,Week4,Hunt Valley,Week5,246.0 Hunt Valley - 156.0 Mosby Woods
Mosby Woods,Week1,Fox Mill Estates,Week2,297.0 Mosby Woods - 105.0 Fox Mill Estates
Mosby Woods,Week5,Hunt Valley,Week1,203.0 Hunt Valley - 199.0 Mosby Woods
Mosby Woods,Week3,Fox Hunt,Week5,252.0 Mosby Woods - 150.0 Fox Hunt
Mosby Woods,Week5,Fox Hunt,Week5,239.0 Mosby Woods - 163.0 Fox Hunt
Mosby Woods,Week5,Hunt Valley,Week3,232.5 Hunt Valley - 169.5 Mosby Woods
Mosby Woods,Week3,Fox Hunt,Week2,285.0 Mosby Woods - 117.0 Fox Hunt
Mosby Woods,Week2,Fox Mill Estates,Week2,301.0 Mosby Woods - 101.0 Fox Mill Estates
Mosby Woods,Week3,Fox Hunt,Week3,256.0 Mosby Woods - 141.0 Fox Hunt
Mosby Woods,Week2,Fox Hunt,Week1,278.0 Mosby Woods - 124.0 Fox Hunt
Mosby Woods,Week2,Hunt Valley,Week1,205.0 Mosby Woods - 197.0 Hunt Valley
Mosby Woods,Week1,Hunt Valley,Week5,209.0 Hunt Valley - 193.0 Mosby Woods
Mosby Woods,Week4,Hunt Valley,Week4,240.0 Hunt Valley - 162.0 Mosby Woods
Mosby Woods,Week5,Fox Hunt,Week4,273.0 Mosby Woods - 129.0 Fox Hunt
Mosby Woods,Week3,Hunt Valley,Week5,219.5 Hunt Valley - 182.5 Mosby Woods
Mosby Woods,Week2,Fox Hunt,Week5,253.0 Mosby Woods - 149.0 Fox Hunt
Mosby Woods,Week1,Fox Hunt,Week4,267.0 Mosby Woods - 135.0 Fox Hunt
Mosby Woods,Week2,Fox Mill Estates,Week3,293.0 Mosby Woods - 109.0 Fox Mill Estates
Mosby Woods,Week4,Fox Hunt,Week1,254.0 Mosby Woods - 148.0 Fox Hunt
Mosby Woods,Week5,Hunt Valley,Week5,209.0 Hunt Valley - 193.0 Mosby Woods
Mosby Woods,Week1,Hunter Mill,Week1,234.0 Mosby Woods - 168.0 Hunter Mill
Mosby Woods,Week1,Hunt Valley,Week4,209.0 Mosby Woods - 193.0 Hunt Valley
Mosby Woods,Week1,Fox Mill Estates,Week4,281.0 Mosby Woods - 121.0 Fox Mill Estates
Mosby Woods,Week2,Hunt Valley,Week5,206.0 Hunt Valley - 196.0 Mosby Woods
Mosby Woods,Week3,Hunt Valley,Week4,219.0 Hunt Valley - 183.0 Mosby Woods
Mosby Woods,Week4,Fox Hunt,Week5,233.0 Mosby Woods - 169.0 Fox Hunt
Mosby Woods,Week1,Hunter Mill,Week3,217.0 Mosby Woods - 185.0 Hunter Mill
Mosby Woods,Week5,Hunter Mill,Week1,228.0 Mosby Woods - 174.0 Hunter Mill
Mosby Woods,Week1,Fox Mill Estates,Week1,310.0 Mosby Woods - 92.0 Fox Mill Estates
Mosby Woods,Week4,Fox Hunt,Week3,244.0 Mosby Woods - 158.0 Fox Hunt
Mosby Woods,Week1,Fox Mill Estates,Week3,298.0 Mosby Woods - 104.0 Fox Mill Estates
Mosby Woods,Week5,Fox Hunt,Week2,270.0 Mosby Woods - 132.0 Fox Hunt
Mantua,Week3,Virginia Run,Week5,246.5 Mantua - 155.5 Virginia Run
Mosby Woods,Week4,Fox Hunt,Week2,259.0 Mosby Woods - 143.0 Fox Hunt
Mosby Woods,Week2,Fox Mill Estates,Week5,287.0 Mosby Woods - 115.0 Fox Mill Estates
Mosby Woods,Week2,Ilda Community,Week2,333.0 Mosby Woods - 69.0 Ilda Community
Mosby Woods,Week3,Ilda Community,Week2,332.0 Mosby Woods - 70.0 Ilda Community
Mosby Woods,Week2,Fox Mill Estates,Week1,305.0 Mosby Woods - 97.0 Fox Mill Estates
Mosby Woods,Week4,Hunt Valley,Week3,255.0 Hunt Valley - 147.0 Mosby Woods
Mantua,Week2,Virginia Run,Week5,210.0 Virginia Run - 192.0 Mantua
Mosby Woods,Week2,Ilda Community,Week3,325.0 Mosby Woods - 77.0 Ilda Community
Mosby Woods,Week3,Hunter Mill,Week5,202.0 Mosby Woods - 200.0 Hunter Mill
Mantua,Week1,Wakefield Chapel,Week5,274.0 Wakefield Chapel - 128.0 Mantua
Mosby Woods,Week3,Hunter Mill,Week1,229.0 Mosby Woods - 173.0 Hunter Mill
Mosby Woods,Week3,Fox Hunt,Week1,281.0 Mosby Woods - 121.0 Fox Hunt
Mosby Woods,Week5,Fox Hunt,Week3,246.0 Mosby Woods - 156.0 Fox Hunt
Mantua,Week5,Virginia Run,Week5,245.5 Mantua - 156.5 Virginia Run
Mosby Woods,Week4,Hunter Mill,Week1,212.0 Mosby Woods - 190.0 Hunter Mill
Mosby Woods,Week5,Hunt Valley,Week4,208.0 Hunt Valley - 194.0 Mosby Woods
Mosby Woods,Week4,Fox Hunt,Week4,263.0 Mosby Woods - 139.0 Fox Hunt
Mosby Woods,Week1,Ilda Community,Week2,334.0 Mosby Woods - 68.0 Ilda Community
Mosby Woods,Week4,Fox Mill Estates,Week3,282.0 Mosby Woods - 120.0 Fox Mill Estates
Mosby Woods,Week1,Fox Mill Woods,Week3,230.0 Mosby Woods - 172.0 Fox Mill Woods
Mantua,Week2,Virginia Run,Week4,220.0 Mantua - 182.0 Virginia Run
Mosby Woods,Week3,Hunter Mill,Week4,204.0 Mosby Woods - 198.0 Hunter Mill
Mantua,Week4,Virginia Run,Week4,233.0 Mantua - 169.0 Virginia Run
Mantua,Week1,Wakefield Chapel,Week4,248.0 Wakefield Chapel - 154.0 Mantua
Mosby Woods,Week5,Fox Mill Estates,Week2,290.0 Mosby Woods - 112.0 Fox Mill Estates
Mosby Woods,Week4,Fox Mill Woods,Week3,218.0 Mosby Woods - 184.0 Fox Mill Woods
Mosby Woods,Week4,Hunter Mill,Week4,203.5 Mosby Woods - 198.5 Hunter Mill
Mosby Woods,Week5,Hunter Mill,Week4,220.0 Mosby Woods - 182.0 Hunter Mill
Mosby Woods,Week1,Ilda Community,Week3,330.0 Mosby Woods - 72.0 Ilda Community
Mantua,Week2,Virginia Run,Week2,218.0 Mantua - 184.0 Virginia Run
Mosby Woods,Week1,Ilda Community,Week1,325.0 Mosby Woods - 76.0 Ilda Community
Mantua,Week5,Virginia Run,Week2,258.0 Mantua - 144.0 Virginia Run
Mantua,Week4,Virginia Run,Week1,225.0 Mantua - 177.0 Virginia Run
Mantua,Week2,Wakefield Chapel,Week2,264.0 Wakefield Chapel - 138.0 Mantua
Mosby Woods,Week3,Hunter Mill,Week3,210.0 Mosby Woods - 192.0 Hunter Mill
Mantua,Week4,Virginia Run,Week5,205.0 Mantua - 197.0 Virginia Run
Mosby Woods,Week2,Fox Mill Woods,Week1,214.0 Mosby Woods - 188.0 Fox Mill Woods
Mosby Woods,Week2,Hunter Mill,Week2,233.0 Mosby Woods - 169.0 Hunter Mill
Mosby Woods,Week4,Fox Mill Estates,Week1,298.0 Mosby Woods - 104.0 Fox Mill Estates
Mosby Woods,Week5,Hunter Mill,Week3,216.5 Mosby Woods - 185.5 Hunter Mill
Mosby Woods,Week2,Fox Mill Woods,Week4,210.0 Mosby Woods - 192.0 Fox Mill Woods
Mosby Woods,Week2,Hunter Mill,Week5,203.0 Mosby Woods - 199.0 Hunter Mill
Mosby Woods,Week3,Hunter Mill,Week2,225.0 Mosby Woods - 177.0 Hunter Mill
Mantua,Week3,Virginia Run,Week2,279.0 Mantua - 123.0 Virginia Run
Mantua,Week3,Virginia Run,Week4,259.0 Mantua - 143.0 Virginia Run
Mosby Woods,Week3,Fox Mill Estates,Week4,277.0 Mosby Woods - 125.0 Fox Mill Estates
Mosby Woods,Week5,Fox Mill Estates,Week5,280.0 Mosby Woods - 122.0 Fox Mill Estates
Mosby Woods,Week5,Hunter Mill,Week5,202.0 Hunter Mill - 200.0 Mosby Woods
Mosby Woods,Week3,Poplar Heights,Week2,255.0 Mosby Woods - 147.0 Poplar Heights
Mosby Woods,Week5,Fox Mill Woods,Week2,224.0 Mosby Woods - 178.0 Fox Mill Woods
Mosby Woods,Week4,Fox Mill Woods,Week4,205.0 Fox Mill Woods - 197.0 Mosby Woods
Mantua,Week1,Wakefield Chapel,Week1,267.0 Wakefield Chapel - 135.0 Mantua
Mosby Woods,Week5,Hunter Mill,Week2,247.5 Mosby Woods - 154.5 Hunter Mill
Mantua,Week3,Virginia Run,Week1,265.0 Mantua - 137.0 Virginia Run
Mosby Woods,Week1,Poplar Tree,Week4,240.0 Mosby Woods - 162.0 Poplar Tree
Mosby Woods,Week4,Fox Mill Woods,Week1,207.0 Fox Mill Woods - 195.0 Mosby Woods
Mantua,Week1,Wakefield Chapel,Week3,263.0 Wakefield Chapel - 139.0 Mantua
Mosby Woods,Week2,Hunter Mill,Week4,213.0 Mosby Woods - 189.0 Hunter Mill
Mosby Woods,Week1,Poplar Heights,Week4,252.0 Mosby Woods - 150.0 Poplar Heights
Mosby Woods,Week3,Poplar Heights,Week3,240.0 Mosby Woods - 162.0 Poplar Heights
Mosby Woods,Week5,Fox Mill Estates,Week3,283.0 Mosby Woods - 119.0 Fox Mill Estates
McLean,Week4,Sleepy Hollow B & R,Week5,246.0 McLean - 156.0 Sleepy Hollow B & R
McLean,Week5,Sleepy Hollow B & R,Week1,293.0 McLean - 109.0 Sleepy Hollow B & R
Mantua,Week3,Virginia Run,Week3,278.0 Mantua - 124.0 Virginia Run
Mosby Woods,Week4,Poplar Heights,Week1,230.0 Mosby Woods - 172.0 Poplar Heights
Mosby Woods,Week4,Hunter Mill,Week2,210.0 Mosby Woods - 192.0 Hunter Mill
Mosby Woods,Week3,Fox Mill Estates,Week5,282.0 Mosby Woods - 120.0 Fox Mill Estates
Mosby Woods,Week4,Hunter Mill,Week5,218.0 Hunter Mill - 184.0 Mosby Woods
Mosby Woods,Week3,Fox Mill Estates,Week1,304.0 Mosby Woods - 98.0 Fox Mill Estates
Mosby Woods,Week1,Poplar Tree,Week3,240.0 Mosby Woods - 162.0 Poplar Tree
Mosby Woods,Week4,Fox Mill Estates,Week5,275.0 Mosby Woods - 127.0 Fox Mill Estates
McLean,Week1,Sleepy Hollow B & R,Week5,240.0 McLean - 162.0 Sleepy Hollow B & R
Mantua,Week2,Wakefield Chapel,Week1,275.0 Wakefield Chapel - 127.0 Mantua
Mosby Woods,Week1,Fox Mill Woods,Week1,215.0 Mosby Woods - 187.0 Fox Mill Woods
Mantua,Week5,Virginia Run,Week4,249.0 Mantua - 153.0 Virginia Run
Mosby Woods,Week4,Hunter Mill,Week3,209.5 Hunter Mill - 191.5 Mosby Woods
Mantua,Week5,Virginia Run,Week3,265.0 Mantua - 137.0 Virginia Run
Mosby Woods,Week2,Hunter Mill,Week3,215.0 Mosby Woods - 187.0 Hunter Mill
Mosby Woods,Week5,Poplar Heights,Week2,242.0 Mosby Woods - 160.0 Poplar Heights
Mosby Woods,Week1,Ilda Community,Week5,326.0 Mosby Woods - 75.0 Ilda Community
Mantua,Week2,Virginia Run,Week3,220.0 Mantua - 182.0 Virginia Run
Mosby Woods,Week4,Poplar Heights,Week3,222.0 Mosby Woods - 180.0 Poplar Heights
Mosby Woods,Week3,Fox Mill Estates,Week2,289.0 Mosby Woods - 113.0 Fox Mill Estates
Mosby Woods,Week2,Poplar Heights,Week3,246.0 Mosby Woods - 156.0 Poplar Heights
Mosby Woods,Week1,Ilda Community,Week4,314.0 Mosby Woods - 88.0 Ilda Community
Mantua,Week4,Virginia Run,Week2,245.0 Mantua - 157.0 Virginia Run
McLean,Week4,Sleepy Hollow B & R,Week2,262.0 McLean - 140.0 Sleepy Hollow B & R
Mosby Woods,Week2,Ilda Community,Week1,328.0 Mosby Woods - 73.0 Ilda Community
Mantua,Week1,Wakefield Chapel,Week2,255.0 Wakefield Chapel - 147.0 Mantua
Mosby Woods,Week1,Fox Mill Woods,Week4,218.0 Mosby Woods - 184.0 Fox Mill Woods
McLean,Week3,Sleepy Hollow B & R,Week1,279.0 McLean - 123.0 Sleepy Hollow B & R
Mosby Woods,Week2,Fox Mill Estates,Week4,265.0 Mosby Woods - 137.0 Fox Mill Estates
Mosby Woods,Week2,Poplar Heights,Week5,238.0 Mosby Woods - 164.0 Poplar Heights
Mosby Woods,Week3,Poplar Heights,Week1,264.0 Mosby Woods - 138.0 Poplar Heights
Mosby Woods,Week4,Ilda Community,Week2,331.0 Mosby Woods - 71.0 Ilda Community
Mosby Woods,Week2,Ilda Community,Week5,326.0 Mosby Woods - 75.0 Ilda Community
Mosby Woods,Week5,Ilda Community,Week5,328.0 Mosby Woods - 74.0 Ilda Community
McLean,Week2,Sleepy Hollow B & R,Week1,280.0 McLean - 122.0 Sleepy Hollow B & R
McLean,Week1,Sleepy Hollow Rec,Week1,327.0 McLean - 75.0 Sleepy Hollow Rec
Mantua,Week5,Virginia Run,Week1,256.0 Mantua - 146.0 Virginia Run
Mosby Woods,Week5,Fox Mill Estates,Week4,266.0 Mosby Woods - 136.0 Fox Mill Estates
Mosby Woods,Week5,Poplar Heights,Week5,229.0 Mosby Woods - 173.0 Poplar Heights
Mosby Woods,Week5,Ilda Community,Week3,327.0 Mosby Woods - 75.0 Ilda Community
Mosby Woods,Week1,Fox Mill Woods,Week2,231.5 Mosby Woods - 170.5 Fox Mill Woods
Mantua,Week4,Virginia Run,Week3,240.0 Mantua - 162.0 Virginia Run
Mosby Woods,Week1,Poplar Heights,Week5,237.0 Mosby Woods - 165.0 Poplar Heights
Mosby Woods,Week4,Fox Mill Estates,Week2,277.0 Mosby Woods - 125.0 Fox Mill Estates
McLean,Week1,Sleepy Hollow B & R,Week3,263.0 McLean - 139.0 Sleepy Hollow B & R
Mosby Woods,Week5,Poplar Heights,Week1,261.0 Mosby Woods - 141.0 Poplar Heights
McLean,Week2,Sleepy Hollow B & R,Week5,251.0 McLean - 151.0 Sleepy Hollow B & R
McLean,Week3,Sleepy Hollow B & R,Week2,268.0 McLean - 134.0 Sleepy Hollow B & R
Mosby Woods,Week5,Poplar Heights,Week3,241.0 Mosby Woods - 161.0 Poplar Heights
McLean,Week2,Sleepy Hollow B & R,Week2,268.0 McLean - 134.0 Sleepy Hollow B & R
Mosby Woods,Week3,Ilda Community,Week1,326.0 Mosby Woods - 75.0 Ilda Community
Mosby Woods,Week5,Poplar Heights,Week4,226.0 Mosby Woods - 176.0 Poplar Heights
Mosby Woods,Week1,Fox Mill Woods,Week5,227.0 Mosby Woods - 175.0 Fox Mill Woods
Mosby Woods,Week2,Ilda Community,Week4,316.0 Mosby Woods - 86.0 Ilda Community
Mosby Woods,Week4,Fox Mill Estates,Week4,269.0 Mosby Woods - 133.0 Fox Mill Estates
Mosby Woods,Week3,Fox Mill Estates,Week3,287.0 Mosby Woods - 115.0 Fox Mill Estates
Mosby Woods,Week3,Fox Mill Woods,Week4,201.0 Fox Mill Woods - 201.0 Mosby Woods
Mosby Woods,Week3,Ilda Community,Week4,320.0 Mosby Woods - 82.0 Ilda Community
Mosby Woods,Week5,Ilda Community,Week4,312.0 Mosby Woods - 90.0 Ilda Community
McLean,Week3,Sleepy Hollow B & R,Week5,258.0 McLean - 144.0 Sleepy Hollow B & R
Mosby Woods,Week1,Poplar Heights,Week3,254.0 Mosby Woods - 148.0 Poplar Heights
McLean,Week5,Sleepy Hollow B & R,Week5,256.0 McLean - 146.0 Sleepy Hollow B & R
Mosby Woods,Week3,Fox Mill Woods,Week3,219.0 Mosby Woods - 183.0 Fox Mill Woods
Mosby Woods,Week1,Poplar Tree,Week1,226.0 Mosby Woods - 176.0 Poplar Tree
Mosby Woods,Week4,Kent Gardens,Week2,270.0 Mosby Woods - 132.0 Kent Gardens
Mosby Woods,Week2,Kent Gardens,Week3,279.0 Mosby Woods - 123.0 Kent Gardens
Mosby Woods,Week4,Fox Mill Woods,Week2,212.0 Mosby Woods - 190.0 Fox Mill Woods
McLean,Week2,Sleepy Hollow Rec,Week2,336.0 McLean - 66.0 Sleepy Hollow Rec
McLean,Week5,Sleepy Hollow B & R,Week3,289.0 McLean - 113.0 Sleepy Hollow B & R
Mosby Woods,Week2,Poplar Heights,Week1,251.0 Mosby Woods - 151.0 Poplar Heights
McLean,Week4,Sleepy Hollow B & R,Week4,254.0 McLean - 148.0 Sleepy Hollow B & R
Mosby Woods,Week3,Poplar Heights,Week5,231.0 Mosby Woods - 171.0 Poplar Heights
Mosby Woods,Week2,Fox Mill Woods,Week2,230.0 Mosby Woods - 172.0 Fox Mill Woods
Mosby Woods,Week2,Poplar Heights,Week2,251.0 Mosby Woods - 151.0 Poplar Heights
Mosby Woods,Week4,Poplar Heights,Week2,226.0 Mosby Woods - 176.0 Poplar Heights
Mosby Woods,Week3,Fox Mill Woods,Week2,217.0 Mosby Woods - 185.0 Fox Mill Woods
Mosby Woods,Week2,Fox Mill Woods,Week3,231.0 Mosby Woods - 171.0 Fox Mill Woods
Mosby Woods,Week4,Kent Gardens,Week5,205.0 Mosby Woods - 197.0 Kent Gardens
Mosby Woods,Week4,Ilda Community,Week5,322.0 Mosby Woods - 78.0 Ilda Community
Mosby Woods,Week3,Poplar Heights,Week4,232.0 Mosby Woods - 170.0 Poplar Heights
Mosby Woods,Week3,Fox Mill Woods,Week5,204.0 Mosby Woods - 198.0 Fox Mill Woods
Mosby Woods,Week2,Fox Mill Woods,Week5,217.0 Mosby Woods - 185.0 Fox Mill Woods
McLean,Week2,Sleepy Hollow B & R,Week4,263.0 McLean - 139.0 Sleepy Hollow B & R
McLean,Week3,Sleepy Hollow B & R,Week4,268.0 McLean - 134.0 Sleepy Hollow B & R
Mosby Woods,Week4,Poplar Heights,Week4,214.0 Mosby Woods - 188.0 Poplar Heights
Mosby Woods,Week3,Fox Mill Woods,Week1,204.0 Fox Mill Woods - 198.0 Mosby Woods
Mosby Woods,Week1,Kent Gardens,Week3,282.0 Mosby Woods - 120.0 Kent Gardens
Mosby Woods,Week2,Poplar Heights,Week4,242.0 Mosby Woods - 160.0 Poplar Heights
Mosby Woods,Week5,Fox Mill Estates,Week1,304.0 Mosby Woods - 98.0 Fox Mill Estates
Mosby Woods,Week4,Kent Gardens,Week1,240.0 Mosby Woods - 162.0 Kent Gardens
Mosby Woods,Week4,Ilda Community,Week1,314.0 Mosby Woods - 87.0 Ilda Community
McLean,Week2,Sleepy Hollow B & R,Week3,268.5 McLean - 133.5 Sleepy Hollow B & R
McLean,Week2,Sleepy Hollow Rec,Week4,345.0 McLean - 57.0 Sleepy Hollow Rec
McLean,Week1,Sleepy Hollow B & R,Week2,258.0 McLean - 144.0 Sleepy Hollow B & R
Mosby Woods,Week1,Poplar Tree,Week5,231.0 Mosby Woods - 171.0 Poplar Tree
Mosby Woods,Week2,Great Falls,Week3,249.0 Mosby Woods - 153.0 Great Falls
Mosby Woods,Week5,Fox Mill Woods,Week3,230.0 Mosby Woods - 172.0 Fox Mill Woods
Mosby Woods,Week1,Kent Gardens,Week1,260.0 Mosby Woods - 142.0 Kent Gardens
Mosby Woods,Week3,Kent Gardens,Week2,270.0 Mosby Woods - 132.0 Kent Gardens
Mosby Woods,Week5,Poplar Tree,Week1,218.0 Mosby Woods - 184.0 Poplar Tree
Mosby Woods,Week3,Kent Gardens,Week1,255.0 Mosby Woods - 147.0 Kent Gardens
Mosby Woods,Week3,Great Falls,Week1,264.0 Mosby Woods - 137.0 Great Falls
McLean,Week4,Sleepy Hollow B & R,Week3,262.0 McLean - 140.0 Sleepy Hollow B & R
McLean,Week1,Sleepy Hollow B & R,Week4,251.0 McLean - 151.0 Sleepy Hollow B & R
Mosby Woods,Week2,Great Falls,Week1,272.0 Mosby Woods - 129.0 Great Falls
McLean,Week4,Sleepy Hollow B & R,Week1,272.0 McLean - 130.0 Sleepy Hollow B & R
McLean,Week5,Sleepy Hollow B & R,Week2,285.0 McLean - 117.0 Sleepy Hollow B & R
Mosby Woods,Week5,Poplar Tree,Week5,217.0 Mosby Woods - 185.0 Poplar Tree
Mosby Woods,Week1,Kent Gardens,Week2,283.0 Mosby Woods - 119.0 Kent Gardens
McLean,Week3,Sleepy Hollow B & R,Week3,274.0 McLean - 128.0 Sleepy Hollow B & R
Mosby Woods,Week2,Poplar Tree,Week5,226.0 Mosby Woods - 176.0 Poplar Tree
Mosby Woods,Week5,Fox Mill Woods,Week1,206.0 Mosby Woods - 196.0 Fox Mill Woods
Mosby Woods,Week3,Great Falls,Week5,235.0 Mosby Woods - 167.0 Great Falls
Mosby Woods,Week5,Ilda Community,Week2,335.0 Mosby Woods - 67.0 Ilda Community
McLean,Week2,Sleepy Hollow Rec,Week3,329.0 McLean - 73.0 Sleepy Hollow Rec
Mosby Woods,Week1,Poplar Tree,Week2,239.8 Mosby Woods - 162.2 Poplar Tree
Mosby Woods,Week4,Fox Mill Woods,Week5,204.5 Mosby Woods - 196.5 Fox Mill Woods
Mosby Woods,Week4,Poplar Heights,Week5,214.0 Mosby Woods - 188.0 Poplar Heights
Mosby Woods,Week2,Ravensworth Farm,Week3,236.0 Mosby Woods - 166.0 Ravensworth Farm
Mosby Woods,Week1,Ravensworth Farm,Week3,239.0 Mosby Woods - 163.0 Ravensworth Farm
Mosby Woods,Week3,Poplar Tree,Week3,217.0 Mosby Woods - 185.0 Poplar Tree
McLean,Week1,Somerset-Olde Creek,Week4,351.0 McLean - 51.0 Somerset-Olde Creek
Mosby Woods,Week1,Kent Gardens,Week4,289.0 Mosby Woods - 113.0 Kent Gardens
Mosby Woods,Week1,Kent Gardens,Week5,229.0 Mosby Woods - 173.0 Kent Gardens
Mosby Woods,Week5,Poplar Tree,Week4,226.0 Mosby Woods - 176.0 Poplar Tree
Mosby Woods,Week2,Great Falls,Week4,265.0 Mosby Woods - 137.0 Great Falls
Mosby Woods,Week2,Kent Gardens,Week5,235.0 Mosby Woods - 167.0 Kent Gardens
Mosby Woods,Week3,Ilda Community,Week3,329.0 Mosby Woods - 73.0 Ilda Community
McLean,Week1,Sleepy Hollow Rec,Week4,339.0 McLean - 63.0 Sleepy Hollow Rec
Mosby Woods,Week5,Fox Mill Woods,Week5,223.0 Mosby Woods - 179.0 Fox Mill Woods
Mosby Woods,Week1,Ravensworth Farm,Week1,252.0 Mosby Woods - 150.0 Ravensworth Farm
Mosby Woods,Week3,Kent Gardens,Week4,281.0 Mosby Woods - 121.0 Kent Gardens
Mosby Woods,Week1,Ravensworth Farm,Week5,230.0 Mosby Woods - 172.0 Ravensworth Farm
McLean,Week3,Sleepy Hollow Rec,Week2,338.0 McLean - 64.0 Sleepy Hollow Rec
Mosby Woods,Week5,Ilda Community,Week1,327.0 Mosby Woods - 75.0 Ilda Community
Mosby Woods,Week3,Poplar Tree,Week5,215.0 Mosby Woods - 187.0 Poplar Tree
Mosby Woods,Week1,Great Falls,Week2,255.0 Mosby Woods - 129.0 Great Falls
McLean,Week3,Sleepy Hollow Rec,Week4,342.0 McLean - 60.0 Sleepy Hollow Rec
Mosby Woods,Week3,Ilda Community,Week5,324.0 Mosby Woods - 77.0 Ilda Community
McLean,Week5,Sleepy Hollow Rec,Week5,326.0 McLean - 76.0 Sleepy Hollow Rec
Mosby Woods,Week1,Great Falls,Week3,254.0 Mosby Woods - 148.0 Great Falls
Mosby Woods,Week1,Ravensworth Farm,Week4,240.0 Mosby Woods - 162.0 Ravensworth Farm
Mosby Woods,Week4,Ilda Community,Week3,328.0 Mosby Woods - 73.0 Ilda Community
McLean,Week5,Sleepy Hollow B & R,Week4,275.0 McLean - 127.0 Sleepy Hollow B & R
McLean,Week3,Somerset-Olde Creek,Week1,346.0 McLean - 50.0 Somerset-Olde Creek
Mosby Woods,Week4,Great Falls,Week1,258.0 Mosby Woods - 143.0 Great Falls
Mosby Woods,Week2,Ravensworth Farm,Week1,254.0 Mosby Woods - 148.0 Ravensworth Farm
Mosby Woods,Week4,Poplar Tree,Week1,211.0 Mosby Woods - 191.0 Poplar Tree
Mosby Woods,Week3,Great Falls,Week3,244.0 Mosby Woods - 158.0 Great Falls
Mosby Woods,Week4,Ilda Community,Week4,310.0 Mosby Woods - 92.0 Ilda Community
Mosby Woods,Week2,Great Falls,Week2,249.0 Mosby Woods - 135.0 Great Falls
McLean,Week4,Sleepy Hollow Rec,Week2,322.0 McLean - 80.0 Sleepy Hollow Rec
McLean,Week2,Somerset-Olde Creek,Week4,345.0 McLean - 57.0 Somerset-Olde Creek
Mosby Woods,Week2,Kent Gardens,Week2,278.0 Mosby Woods - 124.0 Kent Gardens
Mosby Woods,Week3,Great Falls,Week2,247.0 Mosby Woods - 137.0 Great Falls
Mosby Woods,Week2,Kent Gardens,Week1,254.0 Mosby Woods - 148.0 Kent Gardens
Mosby Woods,Week2,Great Falls,Week5,243.0 Mosby Woods - 159.0 Great Falls
McLean,Week2,Sleepy Hollow Rec,Week1,329.0 McLean - 73.0 Sleepy Hollow Rec
Mosby Woods,Week2,Poplar Tree,Week1,226.0 Mosby Woods - 176.0 Poplar Tree
Mosby Woods,Week3,Poplar Tree,Week2,229.3 Mosby Woods - 167.7 Poplar Tree
Mosby Woods,Week4,Great Falls,Week2,229.0 Mosby Woods - 155.0 Great Falls
McLean,Week1,Sleepy Hollow Rec,Week2,331.0 McLean - 71.0 Sleepy Hollow Rec
Mosby Woods,Week4,Poplar Tree,Week2,219.0 Mosby Woods - 183.0 Poplar Tree
Mosby Woods,Week5,Great Falls,Week1,276.0 Mosby Woods - 126.0 Great Falls
Mosby Woods,Week4,Great Falls,Week5,222.0 Mosby Woods - 178.0 Great Falls
Mosby Woods,Week5,Poplar Tree,Week2,229.0 Mosby Woods - 173.0 Poplar Tree
Mosby Woods,Week3,Kent Gardens,Week3,270.5 Mosby Woods - 131.5 Kent Gardens
Mosby Woods,Week4,Kent Gardens,Week3,266.0 Mosby Woods - 136.0 Kent Gardens
McLean,Week3,Sleepy Hollow Rec,Week3,325.0 McLean - 77.0 Sleepy Hollow Rec
Mosby Woods,Week5,Great Falls,Week2,255.0 Mosby Woods - 129.0 Great Falls
McLean,Week1,Sleepy Hollow Rec,Week3,310.0 McLean - 92.0 Sleepy Hollow Rec
Mosby Woods,Week3,Kings Ridge ,Week1,336.0 Mosby Woods - 66.0 Kings Ridge
McLean,Week2,Sleepy Hollow Rec,Week5,329.0 McLean - 73.0 Sleepy Hollow Rec
Mosby Woods,Week3,Kent Gardens,Week5,229.0 Mosby Woods - 173.0 Kent Gardens
Mosby Woods,Week4,Kent Gardens,Week4,278.0 Mosby Woods - 124.0 Kent Gardens
Mosby Woods,Week1,Great Falls,Week5,253.5 Mosby Woods - 148.5 Great Falls
McLean,Week1,Sleepy Hollow Rec,Week5,319.0 McLean - 83.0 Sleepy Hollow Rec
Mosby Woods,Week2,Poplar Tree,Week2,240.0 Mosby Woods - 162.0 Poplar Tree
Mosby Woods,Week4,Great Falls,Week3,244.0 Mosby Woods - 158.0 Great Falls
Mosby Woods,Week2,Poplar Tree,Week3,235.0 Mosby Woods - 167.0 Poplar Tree
Mosby Woods,Week2,Kent Gardens,Week4,284.0 Mosby Woods - 118.0 Kent Gardens
Mosby Woods,Week4,Poplar Tree,Week5,203.0 Mosby Woods - 199.0 Poplar Tree
McLean,Week4,Sleepy Hollow Rec,Week4,336.0 McLean - 66.0 Sleepy Hollow Rec
Mosby Woods,Week3,Poplar Tree,Week4,230.0 Mosby Woods - 172.0 Poplar Tree
McLean,Week4,Sleepy Hollow Rec,Week5,308.0 McLean - 94.0 Sleepy Hollow Rec
Mosby Woods,Week5,Fox Mill Woods,Week4,215.0 Mosby Woods - 187.0 Fox Mill Woods
Mosby Woods,Week1,Great Falls,Week1,281.0 Mosby Woods - 121.0 Great Falls
Mosby Woods,Week2,Poplar Tree,Week4,231.0 Mosby Woods - 171.0 Poplar Tree
Mosby Woods,Week1,Kings Ridge ,Week5,296.0 Mosby Woods - 106.0 Kings Ridge
Mosby Woods,Week1,Kings Ridge ,Week4,316.0 Mosby Woods - 86.0 Kings Ridge
Mosby Woods,Week1,Great Falls,Week4,269.0 Mosby Woods - 133.0 Great Falls
Mosby Woods,Week2,Kings Ridge ,Week4,308.0 Mosby Woods - 94.0 Kings Ridge
Mantua,Week5,Sully Station,Week5,213.0 Mantua - 189.0 Sully Station
McLean,Week4,Sleepy Hollow Rec,Week1,315.0 McLean - 87.0 Sleepy Hollow Rec
McLean,Week5,Sleepy Hollow Rec,Week3,326.0 McLean - 76.0 Sleepy Hollow Rec
Mosby Woods,Week4,Greenbriar,Week3,220.0 Mosby Woods - 182.0 Greenbriar
Mantua,Week2,Sully Station II,Week1,202.0 Mantua - 200.0 Sully Station II
Mosby Woods,Week2,Ravensworth Farm,Week4,247.5 Mosby Woods - 154.5 Ravensworth Farm
Mosby Woods,Week2,Ravensworth Farm,Week2,267.0 Mosby Woods - 135.0 Ravensworth Farm
Mosby Woods,Week3,Greenbriar,Week5,253.0 Mosby Woods - 149.0 Greenbriar
Mosby Woods,Week4,Great Falls,Week4,254.0 Mosby Woods - 147.0 Great Falls
Mosby Woods,Week1,Greenbriar,Week3,254.0 Mosby Woods - 148.0 Greenbriar
Mosby Woods,Week2,Ravensworth Farm,Week5,231.0 Mosby Woods - 171.0 Ravensworth Farm
McLean,Week3,Sleepy Hollow Rec,Week5,322.0 McLean - 80.0 Sleepy Hollow Rec
Mantua,Week5,Sully Station II,Week2,211.0 Mantua - 191.0 Sully Station II
Mosby Woods,Week5,Kings Ridge ,Week4,304.0 Mosby Woods - 98.0 Kings Ridge
McLean,Week4,Sleepy Hollow Rec,Week3,306.0 McLean - 96.0 Sleepy Hollow Rec
McLean,Week3,Sleepy Hollow Rec,Week1,320.5 McLean - 81.5 Sleepy Hollow Rec
McLean,Week5,Sleepy Hollow Rec,Week4,342.0 McLean - 60.0 Sleepy Hollow Rec
Mosby Woods,Week2,Greenbriar,Week4,261.0 Mosby Woods - 141.0 Greenbriar
Mosby Woods,Week4,Kings Ridge ,Week1,322.0 Mosby Woods - 80.0 Kings Ridge
Mantua,Week4,Sully Station II,Week4,230.0 Mantua - 172.0 Sully Station II
Mosby Woods,Week3,Kings Ridge ,Week3,320.0 Mosby Woods - 81.0 Kings Ridge
Mosby Woods,Week2,Kings Ridge ,Week1,334.0 Mosby Woods - 68.0 Kings Ridge
Mosby Woods,Week5,Kings Ridge ,Week2,332.0 Mosby Woods - 70.0 Kings Ridge
Mosby Woods,Week5,Kent Gardens,Week1,251.0 Mosby Woods - 151.0 Kent Gardens
Mosby Woods,Week3,Great Falls,Week4,252.0 Mosby Woods - 150.0 Great Falls
Mosby Woods,Week5,Poplar Tree,Week3,218.0 Mosby Woods - 184.0 Poplar Tree
Mosby Woods,Week4,Greenbriar,Week4,250.0 Mosby Woods - 152.0 Greenbriar
Mosby Woods,Week4,Poplar Tree,Week3,212.0 Mosby Woods - 190.0 Poplar Tree
Mosby Woods,Week1,Ravensworth Farm,Week2,263.0 Mosby Woods - 139.0 Ravensworth Farm
Mosby Woods,Week2,Kings Ridge ,Week5,307.0 Mosby Woods - 95.0 Kings Ridge
Mosby Woods,Week3,Poplar Tree,Week1,225.0 Mosby Woods - 177.0 Poplar Tree
Mantua,Week3,Sully Station II,Week3,206.0 Sully Station II - 196.0 Mantua
Mosby Woods,Week5,Kent Gardens,Week4,273.0 Mosby Woods - 129.0 Kent Gardens
Mosby Woods,Week4,Poplar Tree,Week4,226.0 Mosby Woods - 176.0 Poplar Tree
Mantua,Week5,Sully Station II,Week1,227.0 Mantua - 175.0 Sully Station II
Mantua,Week4,Sully Station II,Week2,217.0 Sully Station II - 185.0 Mantua
McLean,Week1,Somerset-Olde Creek,Week1,343.0 McLean - 59.0 Somerset-Olde Creek
McLean,Week5,Sleepy Hollow Rec,Week1,330.0 McLean - 72.0 Sleepy Hollow Rec
Mosby Woods,Week3,Ravensworth Farm,Week1,238.0 Mosby Woods - 164.0 Ravensworth Farm
Mosby Woods,Week2,Greenbriar,Week3,252.0 Mosby Woods - 150.0 Greenbriar
Mosby Woods,Week3,Ravensworth Farm,Week4,246.0 Mosby Woods - 156.0 Ravensworth Farm
Mosby Woods,Week1,Greenbriar,Week5,266.0 Mosby Woods - 136.0 Greenbriar
Mantua,Week2,Sully Station II,Week3,247.0 Sully Station II - 155.0 Mantua
Mosby Woods,Week2,Lake Braddock,Week3,337.0 Mosby Woods - 65.0 Lake Braddock
McLean,Week2,Somerset-Olde Creek,Week2,353.0 McLean - 49.0 Somerset-Olde Creek
Mosby Woods,Week5,Great Falls,Week3,253.0 Mosby Woods - 149.0 Great Falls
Mantua,Week1,Sully Station II,Week5,246.5 Sully Station II - 155.5 Mantua
Mosby Woods,Week2,Kings Ridge ,Week2,335.0 Mosby Woods - 67.0 Kings Ridge
McLean,Week1,Somerset-Olde Creek,Week3,348.0 McLean - 54.0 Somerset-Olde Creek
Mantua,Week2,Sully Station II,Week2,219.0 Sully Station II - 183.0 Mantua
Mosby Woods,Week3,Ravensworth Farm,Week2,256.0 Mosby Woods - 146.0 Ravensworth Farm
Mosby Woods,Week1,Lake Braddock,Week5,319.0 Mosby Woods - 83.0 Lake Braddock
McLean,Week1,Somerset-Olde Creek,Week5,344.0 McLean - 58.0 Somerset-Olde Creek
Mosby Woods,Week3,Ravensworth Farm,Week3,232.0 Mosby Woods - 170.0 Ravensworth Farm
Mantua,Week3,Sully Station II,Week4,254.0 Mantua - 148.0 Sully Station II
Mosby Woods,Week5,Greenbriar,Week4,256.0 Mosby Woods - 146.0 Greenbriar
Mosby Woods,Week3,Ravensworth Farm,Week5,220.0 Mosby Woods - 182.0 Ravensworth Farm
Mantua,Week5,Sully Station,Week2,235.0 Mantua - 167.0 Sully Station
Mosby Woods,Week1,Greenbriar,Week4,280.0 Mosby Woods - 122.0 Greenbriar
Mosby Woods,Week4,Kings Ridge ,Week3,315.0 Mosby Woods - 86.0 Kings Ridge
Mantua,Week3,Sully Station II,Week1,228.0 Mantua - 174.0 Sully Station II
McLean,Week5,Sleepy Hollow Rec,Week2,329.0 McLean - 73.0 Sleepy Hollow Rec
McLean,Week1,Somerset-Olde Creek,Week2,350.0 McLean - 52.0 Somerset-Olde Creek
Mosby Woods,Week1,Kings Ridge ,Week3,320.0 Mosby Woods - 81.0 Kings Ridge
Mantua,Week1,Sully Station II,Week4,221.5 Mantua - 180.5 Sully Station II
Mosby Woods,Week2,Kings Ridge ,Week3,319.5 Mosby Woods - 81.5 Kings Ridge
McLean,Week3,Somerset-Olde Creek,Week3,356.0 McLean - 40.0 Somerset-Olde Creek
Mosby Woods,Week1,Greenbriar,Week1,264.0 Mosby Woods - 138.0 Greenbriar
Mosby Woods,Week2,Greenbriar,Week5,263.0 Mosby Woods - 139.0 Greenbriar
Mosby Woods,Week5,Ravensworth Farm,Week4,235.5 Mosby Woods - 166.5 Ravensworth Farm
McLean,Week3,Somerset-Olde Creek,Week2,352.0 McLean - 44.0 Somerset-Olde Creek
Mosby Woods,Week4,Ravensworth Farm,Week1,221.0 Mosby Woods - 181.0 Ravensworth Farm
Mosby Woods,Week4,Greenbriar,Week2,206.0 Mosby Woods - 196.0 Greenbriar
McLean,Week2,Somerset-Olde Creek,Week1,346.0 McLean - 56.0 Somerset-Olde Creek
McLean,Week2,Somerset-Olde Creek,Week5,341.0 McLean - 61.0 Somerset-Olde Creek
McLean,Week2,Somerset-Olde Creek,Week3,347.0 McLean - 55.0 Somerset-Olde Creek
Mosby Woods,Week5,Ravensworth Farm,Week3,233.5 Mosby Woods - 168.5 Ravensworth Farm
Mosby Woods,Week3,Lake Braddock,Week3,335.0 Mosby Woods - 67.0 Lake Braddock
Mosby Woods,Week1,Kings Ridge ,Week2,330.0 Mosby Woods - 72.0 Kings Ridge
Mosby Woods,Week3,Greenbriar,Week2,230.0 Mosby Woods - 172.0 Greenbriar
Mosby Woods,Week3,Greenbriar,Week3,249.0 Mosby Woods - 153.0 Greenbriar
Mosby Woods,Week2,Riverside Gardens,Week5,213.0 Mosby Woods - 189.0 Riverside Gardens
Mosby Woods,Week5,Ravensworth Farm,Week1,229.0 Mosby Woods - 173.0 Ravensworth Farm
Mantua,Week4,Sully Station II,Week1,212.0 Mantua - 190.0 Sully Station II
Mantua,Week5,Sully Station,Week1,208.0 Mantua - 194.0 Sully Station
Mosby Woods,Week3,Lake Braddock,Week4,343.0 Mosby Woods - 59.0 Lake Braddock
Mantua,Week3,Sully Station II,Week5,221.0 Sully Station II - 181.0 Mantua
Mantua,Week4,Sully Station II,Week3,237.0 Sully Station II - 165.0 Mantua
McLean,Week3,Somerset-Olde Creek,Week5,341.0 McLean - 61.0 Somerset-Olde Creek
Mosby Woods,Week4,Kings Ridge ,Week4,306.0 Mosby Woods - 96.0 Kings Ridge
Mosby Woods,Week1,Riverside Gardens,Week2,238.0 Mosby Woods - 164.0 Riverside Gardens
Mosby Woods,Week5,Greenbriar,Week2,206.0 Mosby Woods - 196.0 Greenbriar
McLean,Week3,Somerset-Olde Creek,Week4,342.0 McLean - 60.0 Somerset-Olde Creek
Mantua,Week2,Sully Station II,Week4,203.0 Sully Station II - 199.0 Mantua
Mosby Woods,Week2,Greenbriar,Week1,256.0 Mosby Woods - 146.0 Greenbriar
Mosby Woods,Week3,Riverside Gardens,Week4,213.0 Mosby Woods - 189.0 Riverside Gardens
Mosby Woods,Week1,Kings Ridge ,Week1,339.0 Mosby Woods - 63.0 Kings Ridge
Mantua,Week4,Sully Station II,Week5,236.0 Sully Station II - 166.0 Mantua
Mantua,Week1,Sully Station II,Week2,227.0 Sully Station II - 175.0 Mantua
Mosby Woods,Week5,Kent Gardens,Week2,284.0 Mosby Woods - 118.0 Kent Gardens
McLean,Week5,Somerset-Olde Creek,Week2,363.0 McLean - 39.0 Somerset-Olde Creek
McLean,Week4,Somerset-Olde Creek,Week4,340.0 McLean - 62.0 Somerset-Olde Creek
Mosby Woods,Week5,Great Falls,Week5,244.0 Mosby Woods - 158.0 Great Falls
Mantua,Week1,Sully Station II,Week3,233.0 Sully Station II - 169.0 Mantua
Mosby Woods,Week1,Rolling Forest,Week1,263.0 Mosby Woods - 139.0 Rolling Forest
Mosby Woods,Week5,Kent Gardens,Week5,232.0 Mosby Woods - 170.0 Kent Gardens
Mantua,Week5,Sully Station,Week3,232.0 Mantua - 170.0 Sully Station
Mosby Woods,Week3,Hamlet,Week4,221.0 Hamlet - 181.0 Mosby Woods
Mantua,Week3,Sully Station II,Week2,216.0 Mantua - 186.0 Sully Station II
McLean,Week5,Somerset-Olde Creek,Week5,355.0 McLean - 47.0 Somerset-Olde Creek
Mosby Woods,Week5,Riverside Gardens,Week2,235.0 Mosby Woods - 167.0 Riverside Gardens
Mosby Woods,Week5,Kent Gardens,Week3,279.0 Mosby Woods - 123.0 Kent Gardens
Mosby Woods,Week5,Kings Ridge ,Week1,327.0 Mosby Woods - 75.0 Kings Ridge
Mosby Woods,Week1,Greenbriar,Week2,237.0 Mosby Woods - 165.0 Greenbriar
Mosby Woods,Week4,Riverside Gardens,Week5,218.0 Riverside Gardens - 184.0 Mosby Woods
Mantua,Week5,Sully Station,Week4,224.0 Mantua - 178.0 Sully Station
Mosby Woods,Week3,Kings Ridge ,Week2,335.0 Mosby Woods - 67.0 Kings Ridge
Mosby Woods,Week3,Kings Ridge ,Week4,308.0 Mosby Woods - 94.0 Kings Ridge
Mosby Woods,Week2,Riverside Gardens,Week1,231.5 Mosby Woods - 170.5 Riverside Gardens
Mantua,Week1,Sully Station II,Week1,202.0 Mantua - 200.0 Sully Station II
Mosby Woods,Week4,Ravensworth Farm,Week3,231.0 Mosby Woods - 171.0 Ravensworth Farm
Mantua,Week2,Sully Station II,Week5,249.0 Sully Station II - 153.0 Mantua
Mosby Woods,Week3,Greenbriar,Week4,270.0 Mosby Woods - 132.0 Greenbriar
Mosby Woods,Week3,Kings Ridge ,Week5,309.0 Mosby Woods - 93.0 Kings Ridge
Mosby Woods,Week4,Riverside Gardens,Week2,216.0 Mosby Woods - 186.0 Riverside Gardens
Mosby Woods,Week5,Great Falls,Week4,272.0 Mosby Woods - 130.0 Great Falls
McLean,Week4,Somerset-Olde Creek,Week3,350.0 McLean - 46.0 Somerset-Olde Creek
McLean,Week2,South Run,Week3,294.0 McLean - 108.0 South Run
McLean,Week3,South Run,Week5,268.5 McLean - 133.5 South Run
Mosby Woods,Week5,Riverside Gardens,Week3,210.5 Mosby Woods - 191.5 Riverside Gardens
Mosby Woods,Week2,Riverside Gardens,Week3,216.0 Mosby Woods - 186.0 Riverside Gardens
McLean,Week4,Somerset-Olde Creek,Week5,338.0 McLean - 64.0 Somerset-Olde Creek
Mosby Woods,Week1,Hamlet,Week5,231.0 Hamlet - 171.0 Mosby Woods
Mosby Woods,Week4,Hamlet,Week3,251.0 Hamlet - 151.0 Mosby Woods
Mosby Woods,Week5,Kings Ridge ,Week3,323.0 Mosby Woods - 79.0 Kings Ridge
Mosby Woods,Week2,Greenbriar,Week2,226.0 Mosby Woods - 176.0 Greenbriar
Mosby Woods,Week4,Kings Ridge ,Week2,315.0 Mosby Woods - 87.0 Kings Ridge
McLean,Week2,South Run,Week1,282.0 McLean - 111.0 South Run
McLean,Week1,South Run,Week2,295.0 McLean - 107.0 South Run
Mosby Woods,Week1,Riverside Gardens,Week1,239.0 Mosby Woods - 163.0 Riverside Gardens
Mosby Woods,Week5,Greenbriar,Week1,243.0 Mosby Woods - 159.0 Greenbriar
Mosby Woods,Week5,Greenbriar,Week3,246.0 Mosby Woods - 156.0 Greenbriar
McLean,Week5,South Run,Week4,309.0 McLean - 93.0 South Run
Mosby Woods,Week3,Greenbriar,Week1,259.0 Mosby Woods - 143.0 Greenbriar
Mosby Woods,Week4,Ravensworth Farm,Week5,215.0 Mosby Woods - 187.0 Ravensworth Farm
Mosby Woods,Week2,Lake Braddock,Week2,339.5 Mosby Woods - 62.5 Lake Braddock
Mosby Woods,Week4,Greenbriar,Week1,229.0 Mosby Woods - 173.0 Greenbriar
Mosby Woods,Week2,Hamlet,Week5,235.0 Hamlet - 167.0 Mosby Woods
Mosby Woods,Week1,Lake Braddock,Week2,325.0 Mosby Woods - 77.0 Lake Braddock
Mosby Woods,Week4,Kings Ridge ,Week5,289.0 Mosby Woods - 113.0 Kings Ridge
Mosby Woods,Week1,Lake Braddock,Week1,342.0 Mosby Woods - 60.0 Lake Braddock
McLean,Week3,South Run,Week4,287.0 McLean - 115.0 South Run
McLean,Week1,Springboard,Week1,336.0 McLean - 66.0 Springboard
Mosby Woods,Week1,Riverside Gardens,Week4,221.0 Mosby Woods - 181.0 Riverside Gardens
Mosby Woods,Week1,Lake Braddock,Week4,340.0 Mosby Woods - 62.0 Lake Braddock
Mosby Woods,Week3,Riverside Gardens,Week2,243.0 Mosby Woods - 159.0 Riverside Gardens
McLean,Week4,Somerset-Olde Creek,Week1,338.0 McLean - 64.0 Somerset-Olde Creek
Mosby Woods,Week5,Kings Ridge ,Week5,301.0 Mosby Woods - 101.0 Kings Ridge
Mosby Woods,Week4,Riverside Gardens,Week3,206.0 Riverside Gardens - 196.0 Mosby Woods
McLean,Week4,South Run,Week5,262.0 McLean - 140.0 South Run
McLean,Week1,Springboard,Week5,327.0 McLean - 75.0 Springboard
Mosby Woods,Week5,Riverside Gardens,Week1,221.0 Mosby Woods - 181.0 Riverside Gardens
Mosby Woods,Week1,Hamlet,Week1,203.0 Hamlet - 199.0 Mosby Woods
Mosby Woods,Week4,Greenbriar,Week5,233.0 Mosby Woods - 169.0 Greenbriar
McLean,Week5,Somerset-Olde Creek,Week1,355.0 McLean - 47.0 Somerset-Olde Creek
Mosby Woods,Week2,Riverside Gardens,Week2,236.0 Mosby Woods - 166.0 Riverside Gardens
Mosby Woods,Week1,Hamlet,Week4,204.0 Mosby Woods - 198.0 Hamlet
Mosby Woods,Week3,Hamlet,Week2,229.0 Hamlet - 173.0 Mosby Woods
Mosby Woods,Week2,Hamlet,Week3,207.0 Hamlet - 195.0 Mosby Woods
Mosby Woods,Week1,Riverside Gardens,Week3,222.0 Mosby Woods - 180.0 Riverside Gardens
Mosby Woods,Week2,Hamlet,Week2,214.0 Hamlet - 188.0 Mosby Woods
Mosby Woods,Week3,Hamlet,Week1,214.0 Hamlet - 188.0 Mosby Woods
McLean,Week2,South Run,Week5,278.0 McLean - 124.0 South Run
Mosby Woods,Week3,Hamlet,Week3,226.0 Hamlet - 176.0 Mosby Woods
Mosby Woods,Week3,Riverside Gardens,Week5,208.0 Riverside Gardens - 194.0 Mosby Woods
Mosby Woods,Week4,Lake Braddock,Week2,320.0 Mosby Woods - 82.0 Lake Braddock
Mosby Woods,Week3,Hamlet,Week5,243.0 Hamlet - 159.0 Mosby Woods
McLean,Week5,Somerset-Olde Creek,Week3,359.0 McLean - 43.0 Somerset-Olde Creek
Mosby Woods,Week1,Lake Braddock,Week3,323.0 Mosby Woods - 79.0 Lake Braddock
Mosby Woods,Week2,Lake Braddock,Week5,326.0 Mosby Woods - 76.0 Lake Braddock
Mosby Woods,Week3,Lake Braddock,Week1,341.0 Mosby Woods - 56.0 Lake Braddock
Mosby Woods,Week5,Ravensworth Farm,Week2,244.0 Mosby Woods - 158.0 Ravensworth Farm
McLean,Week2,Springboard,Week1,341.0 McLean - 60.0 Springboard
Mosby Woods,Week2,Lake Braddock,Week1,349.0 Mosby Woods - 53.0 Lake Braddock
Mosby Woods,Week2,Hamlet,Week4,209.0 Mosby Woods - 193.0 Hamlet
Mosby Woods,Week5,Ravensworth Farm,Week5,230.0 Mosby Woods - 172.0 Ravensworth Farm
McLean,Week5,South Run,Week1,286.0 McLean - 107.0 South Run
Mosby Woods,Week3,Lake Braddock,Week5,320.0 Mosby Woods - 82.0 Lake Braddock
Mosby Woods,Week1,Riverside Gardens,Week5,206.0 Mosby Woods - 196.0 Riverside Gardens
Mosby Woods,Week5,Greenbriar,Week5,254.0 Mosby Woods - 148.0 Greenbriar
McLean,Week4,South Run,Week4,298.0 McLean - 104.0 South Run
Mosby Woods,Week4,Ravensworth Farm,Week4,228.0 Mosby Woods - 174.0 Ravensworth Farm
Mosby Woods,Week2,Riverside Gardens,Week4,220.0 Mosby Woods - 182.0 Riverside Gardens
Mosby Woods,Week4,Ravensworth Farm,Week2,235.0 Mosby Woods - 167.0 Ravensworth Farm
Mosby Woods,Week4,Lake Braddock,Week1,326.0 Mosby Woods - 76.0 Lake Braddock
Mosby Woods,Week3,Lake Braddock,Week2,328.0 Mosby Woods - 74.0 Lake Braddock
Mosby Woods,Week2,Lake Braddock,Week4,336.0 Mosby Woods - 66.0 Lake Braddock
McLean,Week4,Somerset-Olde Creek,Week2,340.0 McLean - 61.0 Somerset-Olde Creek
McLean,Week1,South Run,Week3,294.0 McLean - 108.0 South Run
McLean,Week2,South Run,Week2,291.0 McLean - 111.0 South Run
McLean,Week5,Somerset-Olde Creek,Week4,352.0 McLean - 50.0 Somerset-Olde Creek
Mosby Woods,Week1,Hamlet,Week2,214.0 Hamlet - 188.0 Mosby Woods
Mosby Woods,Week1,Rolling Hills,Week3,302.0 Mosby Woods - 100.0 Rolling Hills
Mosby Woods,Week4,Riverside Gardens,Week4,205.0 Riverside Gardens - 197.0 Mosby Woods
Mosby Woods,Week3,Riverside Gardens,Week1,227.0 Mosby Woods - 175.0 Riverside Gardens
McLean,Week2,South Run,Week4,291.0 McLean - 111.0 South Run
Mosby Woods,Week5,Hamlet,Week2,231.0 Hamlet - 171.0 Mosby Woods
Mosby Woods,Week4,Hamlet,Week1,221.0 Hamlet - 181.0 Mosby Woods
McLean,Week1,South Run,Week4,300.0 McLean - 102.0 South Run
Mosby Woods,Week5,Lake Braddock,Week2,334.0 Mosby Woods - 68.0 Lake Braddock
Mosby Woods,Week4,Hamlet,Week5,274.0 Hamlet - 128.0 Mosby Woods
Mosby Woods,Week4,Riverside Gardens,Week1,207.0 Mosby Woods - 195.0 Riverside Gardens
Mosby Woods,Week2,Hamlet,Week1,203.5 Hamlet - 198.5 Mosby Woods
McLean,Week1,South Run,Week1,278.0 McLean - 115.0 South Run
Mosby Woods,Week5,Hamlet,Week1,223.0 Hamlet - 179.0 Mosby Woods
McLean,Week4,South Run,Week2,292.0 McLean - 110.0 South Run
Mosby Woods,Week4,Lake Braddock,Week3,323.0 Mosby Woods - 79.0 Lake Braddock
Mosby Woods,Week4,Hamlet,Week4,224.0 Hamlet - 177.0 Mosby Woods
Mosby Woods,Week1,Rolling Hills,Week1,301.0 Mosby Woods - 101.0 Rolling Hills
McLean,Week3,South Run,Week1,277.0 McLean - 116.0 South Run
Mosby Woods,Week5,Lake Braddock,Week1,341.0 Mosby Woods - 61.0 Lake Braddock
Mosby Woods,Week5,Hamlet,Week4,206.0 Hamlet - 196.0 Mosby Woods
Mosby Woods,Week3,Rolling Forest,Week5,248.0 Mosby Woods - 154.0 Rolling Forest
Mosby Woods,Week5,Riverside Gardens,Week4,212.0 Mosby Woods - 190.0 Riverside Gardens
Mosby Woods,Week4,Lake Braddock,Week5,312.0 Mosby Woods - 90.0 Lake Braddock
Mosby Woods,Week5,Lake Braddock,Week3,332.0 Mosby Woods - 70.0 Lake Braddock
Mosby Woods,Week3,Riverside Gardens,Week3,207.0 Mosby Woods - 195.0 Riverside Gardens
Mosby Woods,Week5,Riverside Gardens,Week5,201.0 Mosby Woods - 201.0 Riverside Gardens
McLean,Week3,South Run,Week3,297.0 McLean - 105.0 South Run
Mosby Woods,Week2,Rolling Forest,Week2,282.0 Mosby Woods - 120.0 Rolling Forest
McLean,Week3,South Run,Week2,289.0 McLean - 113.0 South Run
Mosby Woods,Week4,Hamlet,Week2,256.5 Hamlet - 145.5 Mosby Woods
Mosby Woods,Week4,Lake Braddock,Week4,330.0 Mosby Woods - 72.0 Lake Braddock
McLean,Week4,South Run,Week3,288.0 McLean - 114.0 South Run
McLean,Week1,South Run,Week5,266.0 McLean - 136.0 South Run
Mosby Woods,Week1,Hamlet,Week3,202.0 Mosby Woods - 200.0 Hamlet
McLean,Week4,South Run,Week1,280.0 McLean - 113.0 South Run
Mosby Woods,Week3,Rolling Forest,Week1,263.0 Mosby Woods - 139.0 Rolling Forest
Mosby Woods,Week5,Hamlet,Week5,244.0 Hamlet - 158.0 Mosby Woods
Mosby Woods,Week4,Rolling Forest,Week4,281.0 Mosby Woods - 121.0 Rolling Forest
Mosby Woods,Week3,Rolling Forest,Week4,279.0 Mosby Woods - 123.0 Rolling Forest
McLean,Week5,South Run,Week2,295.0 McLean - 107.0 South Run
Mosby Woods,Week2,Rolling Forest,Week1,262.0 Mosby Woods - 140.0 Rolling Forest
McLean,Week2,Springboard,Week5,333.5 McLean - 67.5 Springboard
Mosby Woods,Week5,Hamlet,Week3,228.0 Hamlet - 174.0 Mosby Woods
McLean,Week1,Springboard,Week4,338.0 McLean - 59.0 Springboard
McLean,Week1,Springboard,Week3,330.0 McLean - 72.0 Springboard
Mosby Woods,Week3,Rolling Forest,Week2,275.0 Mosby Woods - 127.0 Rolling Forest
McLean,Week4,Springboard,Week2,330.0 McLean - 72.0 Springboard
Mosby Woods,Week4,Rolling Forest,Week5,242.0 Mosby Woods - 160.0 Rolling Forest
Mosby Woods,Week1,Rolling Forest,Week4,274.0 Mosby Woods - 128.0 Rolling Forest
McLean,Week2,Springboard,Week2,346.0 McLean - 55.0 Springboard
Mosby Woods,Week4,Rolling Forest,Week3,259.0 Mosby Woods - 143.0 Rolling Forest
Mosby Woods,Week2,Rolling Forest,Week5,259.0 Mosby Woods - 143.0 Rolling Forest
Mosby Woods,Week1,Rolling Hills,Week5,290.0 Mosby Woods - 112.0 Rolling Hills
McLean,Week3,Springboard,Week3,335.0 McLean - 67.0 Springboard
Mosby Woods,Week1,Rolling Forest,Week2,277.0 Mosby Woods - 125.0 Rolling Forest
Mosby Woods,Week3,Rolling Forest,Week3,254.0 Mosby Woods - 148.0 Rolling Forest
McLean,Week5,South Run,Week5,273.0 McLean - 129.0 South Run
McLean,Week4,Springboard,Week4,329.0 McLean - 73.0 Springboard
McLean,Week5,South Run,Week3,295.0 McLean - 107.0 South Run
Mosby Woods,Week1,Rolling Hills,Week4,287.0 Mosby Woods - 115.0 Rolling Hills
McLean,Week3,Springboard,Week1,338.0 McLean - 64.0 Springboard
McLean,Week1,Springboard,Week2,340.0 McLean - 62.0 Springboard
McLean,Week4,Springboard,Week3,325.5 McLean - 76.5 Springboard
Mosby Woods,Week5,Rolling Forest,Week1,268.0 Mosby Woods - 134.0 Rolling Forest
McLean,Week5,Springboard,Week5,337.5 McLean - 64.5 Springboard
McLean,Week1,Springfield,Week3,372.0 McLean - 25.0 Springfield
Mosby Woods,Week5,Rolling Forest,Week3,260.0 Mosby Woods - 142.0 Rolling Forest
Mosby Woods,Week4,Rolling Forest,Week1,262.0 Mosby Woods - 140.0 Rolling Forest
Mosby Woods,Week2,Rolling Forest,Week4,281.0 Mosby Woods - 121.0 Rolling Forest
Mosby Woods,Week2,Rolling Forest,Week3,263.5 Mosby Woods - 138.5 Rolling Forest
McLean,Week1,Springfield,Week2,376.0 McLean - 21.0 Springfield
McLean,Week4,Pinecrest,Week3,211.0 McLean - 191.0 Pinecrest
McLean,Week5,Springboard,Week2,343.0 McLean - 59.0 Springboard
McLean,Week5,Springboard,Week1,344.0 McLean - 58.0 Springboard
Mosby Woods,Week1,Rolling Forest,Week3,263.0 Mosby Woods - 139.0 Rolling Forest
Mosby Woods,Week3,Rolling Valley,Week1,344.0 Mosby Woods - 58.0 Rolling Valley
McLean,Week1,Springfield,Week1,375.0 McLean - 27.0 Springfield
Mosby Woods,Week5,Rolling Forest,Week2,277.5 Mosby Woods - 124.5 Rolling Forest
McLean,Week5,Springboard,Week3,335.0 McLean - 67.0 Springboard
McLean,Week4,Springboard,Week5,321.0 McLean - 80.0 Springboard
McLean,Week5,Springboard,Week4,344.5 McLean - 57.5 Springboard
Mosby Woods,Week3,Rolling Hills,Week4,290.0 Mosby Woods - 111.0 Rolling Hills
McLean,Week4,Springboard,Week1,331.0 McLean - 71.0 Springboard
McLean,Week2,Springboard,Week4,343.0 McLean - 59.0 Springboard
Mosby Woods,Week5,Rolling Forest,Week4,294.0 Mosby Woods - 108.0 Rolling Forest
Mosby Woods,Week1,Rolling Valley,Week1,355.0 Mosby Woods - 47.0 Rolling Valley
Mosby Woods,Week1,Rolling Hills,Week2,283.0 Mosby Woods - 119.0 Rolling Hills
Mosby Woods,Week1,Rolling Forest,Week5,259.0 Mosby Woods - 143.0 Rolling Forest
McLean,Week3,Springboard,Week2,338.0 McLean - 59.0 Springboard
Mosby Woods,Week2,Rolling Valley,Week2,331.0 Mosby Woods - 71.0 Rolling Valley
Mosby Woods,Week5,Rolling Forest,Week5,256.5 Mosby Woods - 145.5 Rolling Forest
McLean,Week2,Springboard,Week3,335.0 McLean - 66.0 Springboard
Mosby Woods,Week4,Rolling Hills,Week5,275.0 Mosby Woods - 127.0 Rolling Hills
Mosby Woods,Week2,Rolling Valley,Week1,351.0 Mosby Woods - 51.0 Rolling Valley
Mosby Woods,Week4,Rolling Forest,Week2,271.0 Mosby Woods - 131.0 Rolling Forest
McLean,Week3,Springboard,Week4,334.0 McLean - 63.0 Springboard
McLean,Week3,Springboard,Week5,317.0 McLean - 85.0 Springboard
McLean,Week1,Springfield,Week4,366.0 McLean - 31.0 Springfield
Mosby Woods,Week2,Rolling Hills,Week4,287.0 Mosby Woods - 115.0 Rolling Hills
Mosby Woods,Week5,Rolling Hills,Week2,272.0 Mosby Woods - 130.0 Rolling Hills
McLean,Week3,Pinewood Lake,Week2,377.0 McLean - 18.0 Pinewood Lake
Mosby Woods,Week1,Rolling Valley,Week2,331.0 Mosby Woods - 71.0 Rolling Valley
McLean,Week5,Pinewood Lake,Week3,378.0 McLean - 22.0 Pinewood Lake
McLean,Week2,Pinewood Lake,Week5,369.0 McLean - 31.0 Pinewood Lake
Mosby Woods,Week4,Rolling Hills,Week1,285.0 Mosby Woods - 116.0 Rolling Hills
McLean,Week4,Pinecrest,Week4,222.0 McLean - 180.0 Pinecrest
McLean,Week2,Pinewood Lake,Week4,376.0 McLean - 24.0 Pinewood Lake
McLean,Week2,Pinewood Lake,Week2,374.0 McLean - 27.0 Pinewood Lake
McLean,Week1,Pinewood Lake,Week3,370.0 McLean - 26.0 Pinewood Lake
Mosby Woods,Week2,Rolling Hills,Week5,280.0 Mosby Woods - 122.0 Rolling Hills
McLean,Week3,Pinewood Lake,Week4,379.0 McLean - 22.0 Pinewood Lake
McLean,Week5,Pinecrest,Week4,247.0 McLean - 155.0 Pinecrest
Mosby Woods,Week4,Rolling Hills,Week3,281.0 Mosby Woods - 121.0 Rolling Hills
McLean,Week3,Pinewood Lake,Week3,380.0 McLean - 19.0 Pinewood Lake
Mosby Woods,Week5,Rolling Hills,Week5,278.0 Mosby Woods - 124.0 Rolling Hills
McLean,Week3,Pinewood Lake,Week1,372.0 McLean - 24.0 Pinewood Lake
Mosby Woods,Week4,Rolling Hills,Week4,287.0 Mosby Woods - 115.0 Rolling Hills
McLean,Week5,Pinecrest,Week1,249.0 McLean - 153.0 Pinecrest
Mosby Woods,Week5,Rolling Hills,Week4,276.0 Mosby Woods - 126.0 Rolling Hills
McLean,Week5,Pinewood Lake,Week1,371.0 McLean - 30.0 Pinewood Lake
Mosby Woods,Week5,Rolling Hills,Week3,282.5 Mosby Woods - 119.5 Rolling Hills
McLean,Week1,Pleasant Valley,Week1,344.0 McLean - 58.0 Pleasant Valley
McLean,Week1,Pinewood Lake,Week1,365.0 McLean - 32.0 Pinewood Lake
Mosby Woods,Week3,Rolling Hills,Week5,294.0 Mosby Woods - 108.0 Rolling Hills
McLean,Week1,Pinewood Lake,Week5,369.0 McLean - 27.0 Pinewood Lake
McLean,Week1,Pinewood Lake,Week2,367.0 McLean - 30.0 Pinewood Lake
Mosby Woods,Week5,Rolling Hills,Week1,288.0 Mosby Woods - 114.0 Rolling Hills
Mosby Woods,Week2,Rolling Hills,Week3,295.0 Mosby Woods - 107.0 Rolling Hills
Mosby Woods,Week3,Rolling Hills,Week2,279.0 Mosby Woods - 118.0 Rolling Hills
Mosby Woods,Week1,Rolling Valley,Week4,330.0 Mosby Woods - 72.0 Rolling Valley
Mosby Woods,Week3,Rolling Hills,Week1,298.0 Mosby Woods - 104.0 Rolling Hills
Mosby Woods,Week4,Rolling Hills,Week2,272.0 Mosby Woods - 130.0 Rolling Hills
Mosby Woods,Week2,Rolling Hills,Week1,294.0 Mosby Woods - 108.0 Rolling Hills
McLean,Week4,Pinewood Lake,Week1,365.0 McLean - 36.0 Pinewood Lake
Mosby Woods,Week3,Rolling Hills,Week3,297.0 Mosby Woods - 105.0 Rolling Hills
McLean,Week5,Pinecrest,Week5,234.0 McLean - 168.0 Pinecrest
McLean,Week4,Pinewood Lake,Week3,373.0 McLean - 29.0 Pinewood Lake
McLean,Week2,Pinewood Lake,Week1,367.0 McLean - 33.0 Pinewood Lake
McLean,Week1,Pinewood Lake,Week4,371.0 McLean - 25.0 Pinewood Lake
Mosby Woods,Week5,Commonwealth,Week5,292.0 Mosby Woods - 110.0 Commonwealth
McLean,Week4,Pinewood Lake,Week4,376.0 McLean - 26.0 Pinewood Lake
McLean,Week3,Pinewood Lake,Week5,375.0 McLean - 26.0 Pinewood Lake
McLean,Week4,Pinewood Lake,Week2,372.0 McLean - 30.0 Pinewood Lake
Mosby Woods,Week2,Commonwealth,Week4,306.0 Mosby Woods - 96.0 Commonwealth
Mosby Woods,Week4,Rolling Valley,Week4,327.0 Mosby Woods - 75.0 Rolling Valley
Mosby Woods,Week1,Rolling Valley,Week3,332.0 Mosby Woods - 70.0 Rolling Valley
Mosby Woods,Week5,Rolling Valley,Week4,335.0 Mosby Woods - 67.0 Rolling Valley
Mosby Woods,Week4,Rutherford,Week1,321.0 Mosby Woods - 81.0 Rutherford
Mosby Woods,Week2,Rolling Valley,Week4,329.0 Mosby Woods - 73.0 Rolling Valley
McLean,Week5,Pinecrest,Week3,242.0 McLean - 160.0 Pinecrest
Mosby Woods,Week4,Rolling Valley,Week1,348.0 Mosby Woods - 53.0 Rolling Valley
Mosby Woods,Week1,Commonwealth,Week3,293.0 Mosby Woods - 109.0 Commonwealth
Mosby Woods,Week2,Rolling Valley,Week5,323.0 Mosby Woods - 79.0 Rolling Valley
Mosby Woods,Week5,Rolling Valley,Week2,335.0 Mosby Woods - 67.0 Rolling Valley
McLean,Week2,Pinewood Lake,Week3,375.0 McLean - 24.0 Pinewood Lake
McLean,Week4,Pinecrest,Week5,214.0 McLean - 188.0 Pinecrest
Mosby Woods,Week1,Rolling Valley,Week5,325.0 Mosby Woods - 77.0 Rolling Valley
Mosby Woods,Week2,Rolling Valley,Week3,332.0 Mosby Woods - 70.0 Rolling Valley
McLean,Week4,Pinewood Lake,Week5,369.0 McLean - 33.0 Pinewood Lake
Mosby Woods,Week2,Rolling Hills,Week2,270.0 Mosby Woods - 132.0 Rolling Hills
McLean,Week5,Pinecrest,Week2,233.5 McLean - 168.5 Pinecrest
Mosby Woods,Week3,Commonwealth,Week4,300.0 Mosby Woods - 97.0 Commonwealth
McLean,Week5,Pinewood Lake,Week2,380.0 McLean - 20.0 Pinewood Lake
Mosby Woods,Week3,Rolling Valley,Week3,326.0 Mosby Woods - 76.0 Rolling Valley
McLean,Week2,Pleasant Valley,Week2,361.0 McLean - 40.0 Pleasant Valley
McLean,Week1,Poplar Heights,Week5,260.0 McLean - 142.0 Poplar Heights
Mosby Woods,Week4,Commonwealth,Week4,290.0 Mosby Woods - 112.0 Commonwealth
Mosby Woods,Week2,Rutherford,Week2,311.0 Mosby Woods - 91.0 Rutherford
Mosby Woods,Week2,Cottontail,Week5,271.0 Mosby Woods - 131.0 Cottontail
McLean,Week3,Pleasant Valley,Week3,349.0 McLean - 52.0 Pleasant Valley
Mosby Woods,Week3,Commonwealth,Week1,307.0 Mosby Woods - 89.0 Commonwealth
Mosby Woods,Week1,Rutherford,Week4,298.0 Mosby Woods - 104.0 Rutherford
McLean,Week5,Pleasant Valley,Week2,367.0 McLean - 35.0 Pleasant Valley
McLean,Week1,Poplar Heights,Week4,268.0 McLean - 134.0 Poplar Heights
Mosby Woods,Week1,Rutherford,Week3,305.0 Mosby Woods - 97.0 Rutherford
Mosby Woods,Week4,Rutherford,Week4,288.0 Mosby Woods - 114.0 Rutherford
Mosby Woods,Week4,Commonwealth,Week5,275.0 Mosby Woods - 127.0 Commonwealth
Mosby Woods,Week5,Chesterbrook,Week5,299.0 Chesterbrook - 103.0 Mosby Woods
Mosby Woods,Week3,Cottontail,Week4,263.0 Mosby Woods - 139.0 Cottontail
McLean,Week3,Pleasant Valley,Week5,350.0 McLean - 48.0 Pleasant Valley
Mosby Woods,Week2,Commonwealth,Week2,289.0 Mosby Woods - 113.0 Commonwealth
Mosby Woods,Week1,Commonwealth,Week2,290.0 Mosby Woods - 112.0 Commonwealth
Mosby Woods,Week3,Rolling Valley,Week5,327.0 Mosby Woods - 75.0 Rolling Valley
McLean,Week5,Pinewood Lake,Week4,377.0 McLean - 23.0 Pinewood Lake
Mosby Woods,Week1,Rutherford,Week2,314.5 Mosby Woods - 87.5 Rutherford
Mosby Woods,Week5,Rolling Valley,Week5,320.0 Mosby Woods - 82.0 Rolling Valley
McLean,Week2,Pleasant Valley,Week3,345.0 McLean - 57.0 Pleasant Valley
McLean,Week2,Pleasant Valley,Week1,357.5 McLean - 43.5 Pleasant Valley
Mosby Woods,Week5,Commonwealth,Week1,305.0 Mosby Woods - 97.0 Commonwealth
Mosby Woods,Week3,Cottontail,Week2,256.0 Mosby Woods - 146.0 Cottontail
McLean,Week5,Pinewood Lake,Week5,373.0 McLean - 28.0 Pinewood Lake
McLean,Week4,Pleasant Valley,Week1,353.0 McLean - 49.0 Pleasant Valley
Mosby Woods,Week3,Rolling Valley,Week2,334.0 Mosby Woods - 68.0 Rolling Valley
Mosby Woods,Week3,Rutherford,Week5,304.0 Mosby Woods - 98.0 Rutherford
Mosby Woods,Week1,Commonwealth,Week4,291.0 Mosby Woods - 111.0 Commonwealth
Mosby Woods,Week1,Commonwealth,Week1,302.0 Mosby Woods - 100.0 Commonwealth
Mosby Woods,Week2,Rutherford,Week4,298.0 Mosby Woods - 104.0 Rutherford
Mosby Woods,Week5,Rolling Valley,Week3,331.0 Mosby Woods - 71.0 Rolling Valley
McLean,Week4,Pleasant Valley,Week3,341.0 McLean - 61.0 Pleasant Valley
Mosby Woods,Week4,Commonwealth,Week2,275.0 Mosby Woods - 127.0 Commonwealth
Mosby Woods,Week3,Rutherford,Week3,300.0 Mosby Woods - 102.0 Rutherford
McLean,Week1,Pleasant Valley,Week3,339.0 McLean - 63.0 Pleasant Valley
Mosby Woods,Week3,Rolling Valley,Week4,334.0 Mosby Woods - 68.0 Rolling Valley
Mosby Woods,Week1,Rutherford,Week1,311.0 Mosby Woods - 91.0 Rutherford
McLean,Week3,Pleasant Valley,Week4,365.0 McLean - 33.0 Pleasant Valley
McLean,Week2,Pleasant Valley,Week4,357.0 McLean - 43.0 Pleasant Valley
Mosby Woods,Week2,Commonwealth,Week5,284.0 Mosby Woods - 118.0 Commonwealth
Mosby Woods,Week2,Rutherford,Week3,306.0 Mosby Woods - 96.0 Rutherford
McLean,Week2,Poplar Heights,Week1,275.0 McLean - 127.0 Poplar Heights
Mosby Woods,Week1,Rutherford,Week5,302.0 Mosby Woods - 100.0 Rutherford
Mosby Woods,Week3,Commonwealth,Week5,290.0 Mosby Woods - 112.0 Commonwealth
Mosby Woods,Week5,Commonwealth,Week4,296.0 Mosby Woods - 106.0 Commonwealth
Mosby Woods,Week4,Rolling Valley,Week2,331.0 Mosby Woods - 71.0 Rolling Valley
McLean,Week3,Pleasant Valley,Week1,355.0 McLean - 46.0 Pleasant Valley
Mosby Woods,Week2,Commonwealth,Week3,303.0 Mosby Woods - 99.0 Commonwealth
McLean,Week1,Pleasant Valley,Week2,351.0 McLean - 51.0 Pleasant Valley
Mosby Woods,Week3,Commonwealth,Week3,296.0 Mosby Woods - 106.0 Commonwealth
Mosby Woods,Week5,Commonwealth,Week3,291.0 Mosby Woods - 111.0 Commonwealth
McLean,Week3,Pleasant Valley,Week2,356.0 McLean - 45.0 Pleasant Valley
Mosby Woods,Week3,Rutherford,Week2,308.5 Mosby Woods - 93.5 Rutherford
McLean,Week5,Pleasant Valley,Week3,357.0 McLean - 45.0 Pleasant Valley
McLean,Week1,Pleasant Valley,Week5,346.0 McLean - 56.0 Pleasant Valley
McLean,Week1,Pleasant Valley,Week4,363.0 McLean - 34.0 Pleasant Valley
Mosby Woods,Week1,Commonwealth,Week5,290.0 Mosby Woods - 112.0 Commonwealth
Mosby Woods,Week4,Rolling Valley,Week5,318.0 Mosby Woods - 84.0 Rolling Valley
Mosby Woods,Week4,Commonwealth,Week3,283.0 Mosby Woods - 118.0 Commonwealth
Mosby Woods,Week5,Rolling Valley,Week1,348.5 Mosby Woods - 53.5 Rolling Valley
Mosby Woods,Week2,Rutherford,Week1,315.0 Mosby Woods - 87.0 Rutherford
Mosby Woods,Week3,Commonwealth,Week2,287.0 Mosby Woods - 115.0 Commonwealth
Mosby Woods,Week2,Rutherford,Week5,297.0 Mosby Woods - 105.0 Rutherford
Mosby Woods,Week2,Commonwealth,Week1,310.0 Mosby Woods - 92.0 Commonwealth
McLean,Week5,Pleasant Valley,Week1,365.0 McLean - 37.0 Pleasant Valley
Mosby Woods,Week3,Rutherford,Week1,317.0 Mosby Woods - 85.0 Rutherford
Mosby Woods,Week5,Commonwealth,Week2,289.0 Mosby Woods - 113.0 Commonwealth
Mosby Woods,Week4,Commonwealth,Week1,286.0 Mosby Woods - 116.0 Commonwealth
Mosby Woods,Week4,Rolling Valley,Week3,319.0 Mosby Woods - 83.0 Rolling Valley
Mosby Woods,Week1,Cottontail,Week4,273.0 Mosby Woods - 129.0 Cottontail
McLean,Week5,Pleasant Valley,Week4,378.0 McLean - 23.0 Pleasant Valley
Mantua,Week1,Walden Glen,Week2,280.0 Mantua - 117.0 Walden Glen
Mosby Woods,Week3,Rutherford,Week4,295.0 Mosby Woods - 107.0 Rutherford
McLean,Week5,Pleasant Valley,Week5,359.0 McLean - 42.0 Pleasant Valley
Mantua,Week1,Walden Glen,Week4,266.0 Mantua - 131.0 Walden Glen
Mosby Woods,Week4,Rutherford,Week2,308.0 Mosby Woods - 94.0 Rutherford
Mosby Woods,Week1,Cottontail,Week5,273.0 Mosby Woods - 129.0 Cottontail
McLean,Week4,Pleasant Valley,Week2,353.0 McLean - 49.0 Pleasant Valley
Mosby Woods,Week1,Shouse Village,Week3,249.0 Mosby Woods - 153.0 Shouse Village
Mosby Woods,Week2,Cottontail,Week3,279.0 Mosby Woods - 123.0 Cottontail
McLean,Week1,Poplar Heights,Week1,262.0 McLean - 140.0 Poplar Heights
Mosby Woods,Week4,Rutherford,Week3,300.0 Mosby Woods - 102.0 Rutherford
McLean,Week2,Pleasant Valley,Week5,352.0 McLean - 49.0 Pleasant Valley
Mosby Woods,Week2,Shouse Village,Week3,246.0 Mosby Woods - 156.0 Shouse Village
McLean,Week4,Pleasant Valley,Week5,342.0 McLean - 60.0 Pleasant Valley
McLean,Week4,Pleasant Valley,Week4,362.0 McLean - 40.0 Pleasant Valley
Mosby Woods,Week2,Shouse Village,Week5,238.0 Mosby Woods - 164.0 Shouse Village
Mosby Woods,Week2,Cottontail,Week1,270.0 Mosby Woods - 132.0 Cottontail
Mosby Woods,Week1,Shouse Village,Week4,238.0 Mosby Woods - 164.0 Shouse Village
Mosby Woods,Week1,Cottontail,Week3,288.0 Mosby Woods - 114.0 Cottontail
Mosby Woods,Week1,Cottontail,Week1,274.0 Mosby Woods - 128.0 Cottontail
Mosby Woods,Week5,Rutherford,Week3,303.0 Mosby Woods - 99.0 Rutherford
Mantua,Week1,Walden Glen,Week5,248.0 Mantua - 154.0 Walden Glen
McLean,Week1,Poplar Heights,Week2,248.0 McLean - 154.0 Poplar Heights
Mosby Woods,Week2,Cottontail,Week2,263.0 Mosby Woods - 139.0 Cottontail
Mantua,Week3,Wakefield Chapel,Week1,252.0 Wakefield Chapel - 150.0 Mantua
Mantua,Week5,Wakefield Chapel,Week1,236.0 Wakefield Chapel - 166.0 Mantua
Mosby Woods,Week3,Cottontail,Week3,273.0 Mosby Woods - 129.0 Cottontail
Mantua,Week3,Wakefield Chapel,Week4,216.0 Wakefield Chapel - 186.0 Mantua
Mosby Woods,Week2,Country Club Hills,Week5,275.0 Mosby Woods - 127.0 Country Club Hills
Mantua,Week5,Woodley,Week4,339.0 Mantua - 63.0 Woodley
McLean,Week3,Poplar Heights,Week3,269.0 McLean - 133.0 Poplar Heights
Mantua,Week2,Walden Glen,Week1,294.0 Mantua - 104.0 Walden Glen
Mosby Woods,Week1,Cottontail,Week2,278.0 Mosby Woods - 124.0 Cottontail
Mosby Woods,Week2,Country Club Hills,Week3,289.0 Mosby Woods - 113.0 Country Club Hills
Mantua,Week4,Sully Station,Week4,207.0 Mantua - 195.0 Sully Station
McLean,Week5,Poplar Heights,Week3,274.0 McLean - 128.0 Poplar Heights
Mantua,Week5,Woodley,Week1,335.0 Mantua - 67.0 Woodley
McLean,Week4,Poplar Heights,Week3,250.0 McLean - 152.0 Poplar Heights
Mantua,Week1,Walden Glen,Week3,282.0 Mantua - 119.0 Walden Glen
Mantua,Week5,Wakefield Chapel,Week4,215.0 Wakefield Chapel - 187.0 Mantua
McLean,Week2,Poplar Heights,Week3,275.0 McLean - 127.0 Poplar Heights
Mosby Woods,Week2,Cottontail,Week4,270.0 Mosby Woods - 132.0 Cottontail
Mosby Woods,Week4,Rutherford,Week5,285.0 Mosby Woods - 117.0 Rutherford
Mosby Woods,Week5,Shouse Village,Week1,249.0 Mosby Woods - 153.0 Shouse Village
McLean,Week1,Annandale,Week2,325.0 McLean - 77.0 Annandale
Mosby Woods,Week3,Shouse Village,Week2,269.0 Mosby Woods - 133.0 Shouse Village
McLean,Week2,Poplar Tree,Week5,246.0 McLean - 156.0 Poplar Tree
Mosby Woods,Week1,Shouse Village,Week5,234.0 Mosby Woods - 168.0 Shouse Village
McLean,Week1,Poplar Heights,Week3,258.0 McLean - 144.0 Poplar Heights
McLean,Week3,Poplar Heights,Week2,260.0 McLean - 142.0 Poplar Heights
Mosby Woods,Week5,Cottontail,Week3,287.0 Mosby Woods - 115.0 Cottontail
Mantua,Week3,Woodley,Week1,339.0 Mantua - 63.0 Woodley
Mosby Woods,Week2,Shouse Village,Week4,229.0 Mosby Woods - 173.0 Shouse Village
McLean,Week2,Annandale,Week5,332.0 McLean - 70.0 Annandale
Mantua,Week2,Walden Glen,Week2,266.0 Mantua - 136.0 Walden Glen
Mosby Woods,Week4,Cottontail,Week2,262.0 Mosby Woods - 140.0 Cottontail
Mosby Woods,Week3,Cottontail,Week1,262.0 Mosby Woods - 140.0 Cottontail
McLean,Week1,Poplar Tree,Week3,248.0 McLean - 154.0 Poplar Tree
Mosby Woods,Week5,Shouse Village,Week3,242.0 Mosby Woods - 160.0 Shouse Village
Mosby Woods,Week3,Shouse Village,Week5,221.0 Mosby Woods - 181.0 Shouse Village
McLean,Week4,Annandale,Week4,344.0 McLean - 58.0 Annandale
McLean,Week1,Poplar Tree,Week5,243.0 McLean - 159.0 Poplar Tree
Mantua,Week5,Woodley,Week3,351.0 Mantua - 51.0 Woodley
Mantua,Week3,Wakefield Chapel,Week3,242.0 Wakefield Chapel - 160.0 Mantua
Mosby Woods,Week3,Country Club Hills,Week2,291.0 Mosby Woods - 111.0 Country Club Hills
Mantua,Week2,Walden Glen,Week3,272.0 Mantua - 130.0 Walden Glen
Mosby Woods,Week2,Sideburn Run,Week2,267.0 Mosby Woods - 135.0 Sideburn Run
Mantua,Week4,Sully Station,Week5,208.0 Sully Station - 194.0 Mantua
Mantua,Week4,Wakefield Chapel,Week1,259.0 Wakefield Chapel - 143.0 Mantua
Mantua,Week5,Wakefield Chapel,Week3,256.0 Wakefield Chapel - 146.0 Mantua
Mosby Woods,Week2,Shouse Village,Week2,275.0 Mosby Woods - 127.0 Shouse Village
Mantua,Week4,Woodley,Week3,325.0 Mantua - 77.0 Woodley
McLean,Week2,Poplar Heights,Week2,263.0 McLean - 139.0 Poplar Heights
Mosby Woods,Week2,Shouse Village,Week1,252.0 Mosby Woods - 150.0 Shouse Village
McLean,Week4,Annandale,Week2,332.0 McLean - 70.0 Annandale
Mosby Woods,Week5,Cottontail,Week2,264.0 Mosby Woods - 138.0 Cottontail
McLean,Week4,Poplar Heights,Week2,252.0 McLean - 150.0 Poplar Heights
Mosby Woods,Week1,Shouse Village,Week2,283.0 Mosby Woods - 119.0 Shouse Village
Mantua,Week4,Woodley,Week1,314.0 Mantua - 88.0 Woodley
McLean,Week1,Poplar Tree,Week4,262.0 McLean - 140.0 Poplar Tree
Mantua,Week4,Wakefield Chapel,Week5,282.0 Wakefield Chapel - 120.0 Mantua
Mosby Woods,Week4,Cottontail,Week5,257.0 Mosby Woods - 145.0 Cottontail
McLean,Week2,Poplar Heights,Week4,280.0 McLean - 122.0 Poplar Heights
Mosby Woods,Week3,Cottontail,Week5,260.0 Mosby Woods - 142.0 Cottontail
Mantua,Week3,Woodley,Week5,334.0 Mantua - 68.0 Woodley
Mosby Woods,Week1,Country Club Hills,Week4,289.0 Mosby Woods - 113.0 Country Club Hills
Mosby Woods,Week3,Sideburn Run,Week3,252.0 Mosby Woods - 150.0 Sideburn Run
McLean,Week4,Poplar Heights,Week5,252.0 McLean - 150.0 Poplar Heights
Mosby Woods,Week1,Sideburn Run,Week4,260.0 Mosby Woods - 142.0 Sideburn Run
McLean,Week2,Annandale,Week3,331.5 McLean - 70.5 Annandale
McLean,Week3,Poplar Heights,Week4,275.0 McLean - 127.0 Poplar Heights
Mosby Woods,Week5,Cottontail,Week1,267.0 Mosby Woods - 135.0 Cottontail
Mantua,Week4,Wakefield Chapel,Week2,250.0 Wakefield Chapel - 152.0 Mantua
Mosby Woods,Week3,Sideburn Run,Week2,256.0 Mosby Woods - 146.0 Sideburn Run
Mantua,Week4,Wakefield Chapel,Week3,264.0 Wakefield Chapel - 138.0 Mantua
Mosby Woods,Week3,Country Club Hills,Week3,278.0 Mosby Woods - 124.0 Country Club Hills
Mosby Woods,Week4,Shouse Village,Week2,261.0 Mosby Woods - 141.0 Shouse Village
Mantua,Week5,Wakefield Chapel,Week2,215.0 Wakefield Chapel - 187.0 Mantua
Mosby Woods,Week5,Rutherford,Week5,293.0 Mosby Woods - 109.0 Rutherford
Mosby Woods,Week5,Rutherford,Week1,318.0 Mosby Woods - 84.0 Rutherford
Mosby Woods,Week1,Country Club Hills,Week3,293.0 Mosby Woods - 109.0 Country Club Hills
Mantua,Week3,Wakefield Chapel,Week5,261.0 Wakefield Chapel - 141.0 Mantua
Mantua,Week3,Woodley,Week4,336.0 Mantua - 66.0 Woodley
Mosby Woods,Week4,Cottontail,Week3,267.0 Mosby Woods - 135.0 Cottontail
Mantua,Week2,Wakefield Chapel,Week4,251.5 Wakefield Chapel - 150.5 Mantua
Mosby Woods,Week5,Cottontail,Week4,262.0 Mosby Woods - 140.0 Cottontail
Mantua,Week3,Woodley,Week2,331.0 Mantua - 71.0 Woodley
Mosby Woods,Week4,Shouse Village,Week3,243.0 Mosby Woods - 159.0 Shouse Village
Mosby Woods,Week4,Cottontail,Week1,262.0 Mosby Woods - 140.0 Cottontail
McLean,Week5,Poplar Heights,Week4,283.0 McLean - 119.0 Poplar Heights
Mantua,Week2,Wakefield Chapel,Week5,283.0 Wakefield Chapel - 119.0 Mantua
Mosby Woods,Week2,Country Club Hills,Week2,298.0 Mosby Woods - 104.0 Country Club Hills
McLean,Week2,Poplar Heights,Week5,261.0 McLean - 141.0 Poplar Heights
Mantua,Week4,Woodley,Week4,317.0 Mantua - 85.0 Woodley
Mosby Woods,Week2,Country Club Hills,Week4,289.0 Mosby Woods - 113.0 Country Club Hills
McLean,Week5,Poplar Heights,Week1,284.0 McLean - 118.0 Poplar Heights
Mantua,Week5,Woodley,Week2,335.0 Mantua - 67.0 Woodley
Mosby Woods,Week1,Shouse Village,Week1,252.0 Mosby Woods - 150.0 Shouse Village
Mantua,Week4,Wakefield Chapel,Week4,239.0 Wakefield Chapel - 163.0 Mantua
McLean,Week3,Poplar Heights,Week5,263.0 McLean - 139.0 Poplar Heights
Mosby Woods,Week5,Rutherford,Week4,283.0 Mosby Woods - 119.0 Rutherford
Mantua,Week2,Wakefield Chapel,Week3,271.0 Wakefield Chapel - 126.0 Mantua
McLean,Week1,Annandale,Week3,324.0 McLean - 73.0 Annandale
McLean,Week3,Poplar Heights,Week1,269.0 McLean - 133.0 Poplar Heights
Mosby Woods,Week1,Country Club Hills,Week2,302.0 Mosby Woods - 100.0 Country Club Hills
McLean,Week1,Highland Park,Week5,275.0 McLean - 127.0 Highland Park
Mosby Woods,Week1,Country Club Hills,Week5,271.0 Mosby Woods - 131.0 Country Club Hills
McLean,Week2,Poplar Tree,Week1,252.0 McLean - 150.0 Poplar Tree
McLean,Week5,Poplar Heights,Week2,275.0 McLean - 127.0 Poplar Heights
Mosby Woods,Week4,Shouse Village,Week1,225.0 Mosby Woods - 177.0 Shouse Village
Mantua,Week4,Woodley,Week5,311.0 Mantua - 91.0 Woodley
Mantua,Week5,Woodley,Week5,323.0 Mantua - 79.0 Woodley
Mosby Woods,Week5,Rutherford,Week2,297.0 Mosby Woods - 105.0 Rutherford
Mosby Woods,Week4,Cottontail,Week4,258.0 Mosby Woods - 144.0 Cottontail
Mosby Woods,Week4,Shouse Village,Week5,207.0 Mosby Woods - 195.0 Shouse Village
Mosby Woods,Week3,Shouse Village,Week3,242.0 Mosby Woods - 160.0 Shouse Village
McLean,Week1,Poplar Tree,Week1,245.0 McLean - 157.0 Poplar Tree
Mantua,Week5,Wakefield Chapel,Week5,253.0 Wakefield Chapel - 149.0 Mantua
Mosby Woods,Week3,Shouse Village,Week1,244.0 Mosby Woods - 158.0 Shouse Village
Mosby Woods,Week1,Country Club Hills,Week1,288.0 Mosby Woods - 114.0 Country Club Hills
Mosby Woods,Week5,Cottontail,Week5,260.5 Mosby Woods - 141.5 Cottontail
Mosby Woods,Week3,Shouse Village,Week4,224.0 Mosby Woods - 178.0 Shouse Village
McLean,Week2,Poplar Tree,Week2,265.0 McLean - 137.0 Poplar Tree
McLean,Week2,Annandale,Week1,338.0 McLean - 64.0 Annandale
McLean,Week3,Springfield,Week3,362.0 McLean - 33.0 Springfield
McLean,Week5,Poplar Heights,Week5,279.0 McLean - 123.0 Poplar Heights
Mosby Woods,Week2,Country Club Hills,Week1,283.0 Mosby Woods - 119.0 Country Club Hills
McLean,Week1,Stratford,Week4,322.0 McLean - 80.0 Stratford
Mantua,Week4,Woodley,Week2,318.0 Mantua - 84.0 Woodley
Mantua,Week1,Walden Glen,Week1,288.0 Mantua - 105.0 Walden Glen
McLean,Week3,High Point Pool,Week4,264.0 McLean - 138.0 High Point Pool
Mantua,Week3,Wakefield Chapel,Week2,219.0 Wakefield Chapel - 183.0 Mantua
McLean,Week1,Annandale,Week5,322.0 McLean - 80.0 Annandale
McLean,Week5,High Point Pool,Week4,259.0 McLean - 143.0 High Point Pool
McLean,Week1,Poplar Tree,Week2,246.5 McLean - 155.5 Poplar Tree
Mosby Woods,Week5,Shouse Village,Week2,264.0 Mosby Woods - 138.0 Shouse Village
McLean,Week1,Highland Park,Week3,276.0 McLean - 121.0 Highland Park
McLean,Week4,Poplar Heights,Week4,263.0 McLean - 139.0 Poplar Heights
McLean,Week1,Annandale,Week1,331.0 McLean - 66.0 Annandale
McLean,Week1,Annandale,Week4,337.0 McLean - 65.0 Annandale
Mosby Woods,Week5,Shouse Village,Week4,224.0 Mosby Woods - 178.0 Shouse Village
Mosby Woods,Week2,Sideburn Run,Week1,254.0 Mosby Woods - 148.0 Sideburn Run
Mantua,Week3,Woodley,Week3,344.0 Mantua - 58.0 Woodley
McLean,Week4,Springfield,Week5,368.0 McLean - 23.0 Springfield
McLean,Week2,High Point Pool,Week2,269.0 McLean - 133.0 High Point Pool
McLean,Week3,Annandale,Week1,337.0 McLean - 65.0 Annandale
McLean,Week4,Poplar Heights,Week1,255.0 McLean - 147.0 Poplar Heights
Mantua,Week5,Vienna Aquatic,Week3,233.0 Vienna Aquatic - 169.0 Mantua
McLean,Week2,Springfield,Week1,373.0 McLean - 28.0 Springfield
Mosby Woods,Week4,Country Club Hills,Week3,289.0 Mosby Woods - 113.0 Country Club Hills
Mosby Woods,Week4,Shouse Village,Week4,212.0 Mosby Woods - 190.0 Shouse Village
McLean,Week2,High Point Pool,Week5,268.0 McLean - 134.0 High Point Pool
McLean,Week2,Annandale,Week4,347.0 McLean - 55.0 Annandale
McLean,Week5,Springfield,Week5,386.0 McLean - 14.0 Springfield
Mosby Woods,Week1,Crosspointe,Week1,208.0 Crosspointe - 194.0 Mosby Woods
McLean,Week4,Springfield,Week3,362.0 McLean - 34.0 Springfield
McLean,Week2,High Point Pool,Week4,258.0 McLean - 144.0 High Point Pool
McLean,Week3,Annandale,Week3,334.0 McLean - 63.0 Annandale
McLean,Week2,Annandale,Week2,341.0 McLean - 61.0 Annandale
McLean,Week2,Springfield,Week3,369.0 McLean - 31.0 Springfield
McLean,Week4,High Point Pool,Week4,249.0 McLean - 153.0 High Point Pool
Mantua,Week5,Vienna Aquatic,Week5,256.0 Vienna Aquatic - 146.0 Mantua
McLean,Week2,Springfield,Week5,380.0 McLean - 20.0 Springfield
McLean,Week2,Poplar Tree,Week3,256.0 McLean - 146.0 Poplar Tree
Mosby Woods,Week3,Country Club Hills,Week5,266.0 Mosby Woods - 136.0 Country Club Hills
McLean,Week1,High Point Pool,Week3,261.0 McLean - 141.0 High Point Pool
McLean,Week3,Annandale,Week2,331.0 McLean - 70.0 Annandale
Mantua,Week1,Vienna Aquatic,Week3,258.0 Vienna Aquatic - 144.0 Mantua
Mosby Woods,Week5,Shouse Village,Week5,226.0 Mosby Woods - 176.0 Shouse Village
Mosby Woods,Week3,Country Club Hills,Week1,285.0 Mosby Woods - 117.0 Country Club Hills
McLean,Week2,Ravensworth Farm,Week4,273.0 McLean - 129.0 Ravensworth Farm
Mantua,Week1,Vienna Aquatic,Week5,274.0 Vienna Aquatic - 127.0 Mantua
Mosby Woods,Week1,Crosspointe,Week5,228.0 Crosspointe - 174.0 Mosby Woods
Mosby Woods,Week1,Sideburn Run,Week3,262.0 Mosby Woods - 140.0 Sideburn Run
Mosby Woods,Week3,Country Club Hills,Week4,295.0 Mosby Woods - 107.0 Country Club Hills
McLean,Week2,Poplar Tree,Week4,269.0 McLean - 133.0 Poplar Tree
McLean,Week3,Ravensworth Farm,Week1,276.0 McLean - 126.0 Ravensworth Farm
McLean,Week1,High Point Pool,Week5,262.0 McLean - 140.0 High Point Pool
McLean,Week3,Annandale,Week5,338.0 McLean - 64.0 Annandale
Mantua,Week2,Vienna Aquatic,Week1,251.0 Vienna Aquatic - 151.0 Mantua
McLean,Week3,Annandale,Week4,348.0 McLean - 53.0 Annandale
Mosby Woods,Week1,Sideburn Run,Week1,259.0 Mosby Woods - 143.0 Sideburn Run
Mosby Woods,Week3,Crosspointe,Week4,202.5 Crosspointe - 199.5 Mosby Woods
McLean,Week4,Springfield,Week4,367.0 McLean - 29.0 Springfield
McLean,Week3,High Point Pool,Week5,269.0 McLean - 132.0 High Point Pool
McLean,Week3,Ravensworth Farm,Week5,270.0 McLean - 132.0 Ravensworth Farm
Mosby Woods,Week5,Country Club Hills,Week4,289.5 Mosby Woods - 112.5 Country Club Hills
Mantua,Week4,Vienna Aquatic,Week3,244.5 Vienna Aquatic - 157.5 Mantua
McLean,Week1,Ravensworth Farm,Week1,266.0 McLean - 136.0 Ravensworth Farm
McLean,Week3,Poplar Tree,Week3,249.0 McLean - 153.0 Poplar Tree
McLean,Week1,High Point Pool,Week1,259.0 McLean - 143.0 High Point Pool
McLean,Week3,High Point Pool,Week3,270.0 McLean - 132.0 High Point Pool
Mosby Woods,Week2,Sideburn Run,Week3,259.0 Mosby Woods - 143.0 Sideburn Run
Mantua,Week2,Vienna Aquatic,Week4,250.0 Vienna Aquatic - 147.0 Mantua
McLean,Week1,Stratford,Week3,331.0 McLean - 71.0 Stratford
Mosby Woods,Week5,Country Club Hills,Week2,294.0 Mosby Woods - 108.0 Country Club Hills
McLean,Week3,Stratford,Week4,339.0 McLean - 63.0 Stratford
McLean,Week2,Ravensworth Farm,Week2,300.0 McLean - 102.0 Ravensworth Farm
Mosby Woods,Week1,Sideburn Run,Week5,246.0 Mosby Woods - 156.0 Sideburn Run
McLean,Week2,High Point Pool,Week3,253.0 McLean - 149.0 High Point Pool
McLean,Week4,Annandale,Week1,330.0 McLean - 72.0 Annandale
Mosby Woods,Week1,Sideburn Run,Week2,267.0 Mosby Woods - 135.0 Sideburn Run
Mantua,Week3,Vienna Aquatic,Week4,210.5 Vienna Aquatic - 191.5 Mantua
McLean,Week4,Stratford,Week1,336.0 McLean - 61.0 Stratford
Mosby Woods,Week5,Sideburn Run,Week1,238.5 Mosby Woods - 163.5 Sideburn Run
McLean,Week3,High Point Pool,Week1,267.0 McLean - 135.0 High Point Pool
Mosby Woods,Week2,Sideburn Run,Week5,259.5 Mosby Woods - 142.5 Sideburn Run
Mosby Woods,Week2,Sideburn Run,Week4,268.0 Mosby Woods - 134.0 Sideburn Run
Mosby Woods,Week4,Crosspointe,Week2,202.0 Crosspointe - 200.0 Mosby Woods
Mosby Woods,Week3,Sideburn Run,Week1,233.0 Mosby Woods - 169.0 Sideburn Run
Mantua,Week4,Vienna Aquatic,Week1,251.0 Vienna Aquatic - 151.0 Mantua
McLean,Week5,Annandale,Week3,334.0 McLean - 68.0 Annandale
Mantua,Week3,Vienna Aquatic,Week5,246.5 Vienna Aquatic - 155.5 Mantua
Mosby Woods,Week3,Crosspointe,Week1,224.0 Crosspointe - 178.0 Mosby Woods
McLean,Week4,Stratford,Week3,333.0 McLean - 69.0 Stratford
McLean,Week5,Arlington Forest,Week1,303.0 McLean - 99.0 Arlington Forest
McLean,Week3,Springfield,Week4,365.0 McLean - 27.0 Springfield
Mantua,Week4,Vienna Aquatic,Week2,245.0 Vienna Aquatic - 157.0 Mantua
McLean,Week2,Ravensworth Farm,Week1,281.5 McLean - 120.5 Ravensworth Farm
McLean,Week1,Ravensworth Farm,Week4,274.0 McLean - 128.0 Ravensworth Farm
McLean,Week4,Ilda Community,Week3,339.0 McLean - 62.0 Ilda Community
Mosby Woods,Week5,Sideburn Run,Week2,257.0 Mosby Woods - 145.0 Sideburn Run
Mosby Woods,Week5,Crosspointe,Week5,236.0 Crosspointe - 166.0 Mosby Woods
McLean,Week3,High Point Pool,Week2,268.0 McLean - 134.0 High Point Pool
McLean,Week5,Annandale,Week5,336.0 McLean - 66.0 Annandale
McLean,Week5,Ilda Community,Week1,337.0 McLean - 65.0 Ilda Community
McLean,Week2,Springfield,Week2,374.0 McLean - 27.0 Springfield
McLean,Week5,Poplar Tree,Week4,271.5 McLean - 130.5 Poplar Tree
Mosby Woods,Week5,Crosspointe,Week3,210.0 Crosspointe - 192.0 Mosby Woods
McLean,Week5,High Point Pool,Week1,263.5 McLean - 138.5 High Point Pool
McLean,Week5,Poplar Tree,Week1,249.0 McLean - 153.0 Poplar Tree
Mantua,Week3,Vienna Aquatic,Week3,230.5 Vienna Aquatic - 171.5 Mantua
McLean,Week4,Annandale,Week3,326.0 McLean - 76.0 Annandale
McLean,Week1,Springfield,Week5,377.0 McLean - 20.0 Springfield
Mosby Woods,Week2,Crosspointe,Week3,204.0 Mosby Woods - 198.0 Crosspointe
McLean,Week4,High Point Pool,Week3,249.0 McLean - 153.0 High Point Pool
Mantua,Week1,Vienna Aquatic,Week4,245.0 Vienna Aquatic - 157.0 Mantua
McLean,Week5,Ilda Community,Week4,330.0 McLean - 72.0 Ilda Community
McLean,Week1,Ravensworth Farm,Week5,259.0 McLean - 143.0 Ravensworth Farm
McLean,Week1,Arlington Forest,Week5,265.0 McLean - 137.0 Arlington Forest
Mosby Woods,Week1,Sleepy Hollow B & R,Week2,260.5 Mosby Woods - 141.5 Sleepy Hollow B & R
McLean,Week3,Springfield,Week5,375.0 McLean - 18.0 Springfield
McLean,Week1,High Point Pool,Week4,240.0 McLean - 162.0 High Point Pool
McLean,Week3,Springfield,Week1,367.0 McLean - 25.0 Springfield
McLean,Week4,Annandale,Week5,328.0 McLean - 74.0 Annandale
Mosby Woods,Week4,Country Club Hills,Week5,253.0 Mosby Woods - 149.0 Country Club Hills
McLean,Week5,High Point Pool,Week2,264.0 McLean - 138.0 High Point Pool
Mosby Woods,Week1,Sleepy Hollow B & R,Week3,235.0 Mosby Woods - 167.0 Sleepy Hollow B & R
Mosby Woods,Week5,Sideburn Run,Week4,253.5 Mosby Woods - 148.5 Sideburn Run
McLean,Week4,Poplar Tree,Week5,235.0 McLean - 167.0 Poplar Tree
McLean,Week4,Springfield,Week1,366.0 McLean - 25.0 Springfield
Mosby Woods,Week3,Crosspointe,Week3,201.5 Crosspointe - 195.5 Mosby Woods
McLean,Week2,Arlington Forest,Week5,281.0 McLean - 121.0 Arlington Forest
McLean,Week3,Springfield,Week2,369.0 McLean - 23.0 Springfield
McLean,Week4,Ravensworth Farm,Week2,300.0 McLean - 102.0 Ravensworth Farm
Mantua,Week2,Vienna Aquatic,Week2,239.0 Vienna Aquatic - 163.0 Mantua
McLean,Week5,Poplar Tree,Week2,255.0 McLean - 147.0 Poplar Tree
McLean,Week4,Poplar Tree,Week1,239.0 McLean - 163.0 Poplar Tree
McLean,Week3,Kent Gardens,Week1,284.0 McLean - 118.0 Kent Gardens
Mantua,Week5,Vienna Aquatic,Week2,224.0 Vienna Aquatic - 178.0 Mantua
McLean,Week4,Springfield,Week2,366.0 McLean - 27.0 Springfield
Mantua,Week4,Vienna Aquatic,Week4,228.0 Vienna Aquatic - 174.0 Mantua
Mosby Woods,Week5,Sideburn Run,Week3,252.0 Mosby Woods - 150.0 Sideburn Run
McLean,Week5,Kent Gardens,Week2,308.0 McLean - 94.0 Kent Gardens
McLean,Week3,Arlington Forest,Week4,282.0 McLean - 120.0 Arlington Forest
McLean,Week1,High Point Pool,Week2,254.5 McLean - 147.5 High Point Pool
McLean,Week4,Kent Gardens,Week5,238.0 McLean - 164.0 Kent Gardens
Mosby Woods,Week4,Country Club Hills,Week2,279.0 Mosby Woods - 123.0 Country Club Hills
McLean,Week5,High Point Pool,Week3,262.5 McLean - 139.5 High Point Pool
McLean,Week2,Kent Gardens,Week2,299.0 McLean - 103.0 Kent Gardens
McLean,Week1,Arlington Forest,Week4,272.0 McLean - 130.0 Arlington Forest
Mantua,Week1,Vienna Aquatic,Week2,245.0 Vienna Aquatic - 157.0 Mantua
Mosby Woods,Week1,Crosspointe,Week3,201.0 Crosspointe - 201.0 Mosby Woods
McLean,Week4,Ilda Community,Week5,330.0 McLean - 72.0 Ilda Community
McLean,Week4,High Point Pool,Week1,252.0 McLean - 150.0 High Point Pool
McLean,Week3,Poplar Tree,Week5,248.0 McLean - 154.0 Poplar Tree
Mosby Woods,Week1,Daventry,Week2,332.0 Mosby Woods - 70.0 Daventry
McLean,Week1,Arlington Forest,Week1,294.0 McLean - 103.0 Arlington Forest
McLean,Week1,Kent Gardens,Week5,258.0 McLean - 144.0 Kent Gardens
McLean,Week4,Poplar Tree,Week2,243.5 McLean - 158.5 Poplar Tree
McLean,Week5,Springfield,Week3,377.0 McLean - 24.0 Springfield
Mosby Woods,Week2,Sleepy Hollow B & R,Week1,270.0 Mosby Woods - 132.0 Sleepy Hollow B & R
McLean,Week5,Annandale,Week4,359.0 McLean - 43.0 Annandale
Mantua,Week5,Vienna Aquatic,Week4,210.0 Vienna Aquatic - 192.0 Mantua
McLean,Week5,Poplar Tree,Week3,260.0 McLean - 142.0 Poplar Tree
Mosby Woods,Week2,Crosspointe,Week4,223.0 Mosby Woods - 179.0 Crosspointe
Mantua,Week3,Vienna Aquatic,Week2,210.0 Vienna Aquatic - 192.0 Mantua
Mosby Woods,Week4,Sideburn Run,Week4,237.0 Mosby Woods - 165.0 Sideburn Run
McLean,Week4,High Point Pool,Week5,244.0 McLean - 158.0 High Point Pool
Mosby Woods,Week1,Sleepy Hollow B & R,Week5,229.0 Mosby Woods - 173.0 Sleepy Hollow B & R
McLean,Week4,Kent Gardens,Week2,295.0 McLean - 107.0 Kent Gardens
McLean,Week2,High Point Pool,Week1,267.0 McLean - 135.0 High Point Pool
McLean,Week3,Arlington Forest,Week1,303.0 McLean - 99.0 Arlington Forest
McLean,Week3,Poplar Tree,Week2,253.5 McLean - 148.5 Poplar Tree
McLean,Week5,Springfield,Week2,381.0 McLean - 19.0 Springfield
Mosby Woods,Week4,Country Club Hills,Week4,286.0 Mosby Woods - 116.0 Country Club Hills
Mantua,Week2,Vienna Aquatic,Week5,277.5 Vienna Aquatic - 124.5 Mantua
McLean,Week2,Arlington Forest,Week4,276.0 McLean - 126.0 Arlington Forest
Mosby Woods,Week4,Sideburn Run,Week1,235.0 Mosby Woods - 167.0 Sideburn Run
Mantua,Week5,Tuckahoe,Week5,295.0 Tuckahoe - 107.0 Mantua
McLean,Week1,Kent Gardens,Week3,301.0 McLean - 101.0 Kent Gardens
McLean,Week5,Springfield,Week1,381.0 McLean - 19.0 Springfield
McLean,Week5,High Point Pool,Week5,268.0 McLean - 134.0 High Point Pool
Mosby Woods,Week5,Country Club Hills,Week3,282.0 Mosby Woods - 120.0 Country Club Hills
Mosby Woods,Week5,Country Club Hills,Week1,283.0 Mosby Woods - 119.0 Country Club Hills
McLean,Week2,Springfield,Week4,371.0 McLean - 30.0 Springfield
McLean,Week4,Poplar Tree,Week3,237.0 McLean - 165.0 Poplar Tree
Mosby Woods,Week5,Country Club Hills,Week5,268.0 Mosby Woods - 134.0 Country Club Hills
Mantua,Week1,Vienna Aquatic,Week1,256.0 Vienna Aquatic - 146.0 Mantua
McLean,Week5,Springfield,Week4,378.0 McLean - 22.0 Springfield
Mosby Woods,Week3,Sideburn Run,Week4,249.0 Mosby Woods - 153.0 Sideburn Run
McLean,Week1,Kings Ridge ,Week5,321.0 McLean - 81.0 Kings Ridge
Mosby Woods,Week4,Sideburn Run,Week2,239.0 Mosby Woods - 163.0 Sideburn Run
Mosby Woods,Week4,Sideburn Run,Week3,235.0 Mosby Woods - 167.0 Sideburn Run
Mantua,Week4,Vienna Aquatic,Week5,280.5 Vienna Aquatic - 121.5 Mantua
McLean,Week5,Ilda Community,Week3,341.0 McLean - 61.0 Ilda Community
Mosby Woods,Week4,Sideburn Run,Week5,221.0 Mosby Woods - 181.0 Sideburn Run
McLean,Week3,Arlington Forest,Week5,286.0 McLean - 111.0 Arlington Forest
McLean,Week1,Ravensworth Farm,Week2,285.0 McLean - 117.0 Ravensworth Farm
Mosby Woods,Week4,Country Club Hills,Week1,277.0 Mosby Woods - 125.0 Country Club Hills
McLean,Week5,Poplar Tree,Week5,242.0 McLean - 160.0 Poplar Tree
McLean,Week1,Stratford,Week5,342.0 McLean - 60.0 Stratford
McLean,Week1,Highland Park,Week2,271.0 McLean - 131.0 Highland Park
Mantua,Week2,Vienna Aquatic,Week3,262.0 Vienna Aquatic - 140.0 Mantua
McLean,Week3,Arlington Forest,Week2,300.0 McLean - 97.0 Arlington Forest
McLean,Week3,Arlington Forest,Week3,313.5 McLean - 88.5 Arlington Forest
McLean,Week3,Kent Gardens,Week4,303.0 McLean - 99.0 Kent Gardens
McLean,Week1,Stratford,Week1,332.0 McLean - 65.0 Stratford
Mosby Woods,Week2,Crosspointe,Week2,201.0 Crosspointe - 201.0 Mosby Woods
McLean,Week1,Arlington Forest,Week2,297.0 McLean - 105.0 Arlington Forest
McLean,Week1,Stratford,Week2,339.0 McLean - 63.0 Stratford
Mantua,Week5,Vienna Aquatic,Week1,223.0 Vienna Aquatic - 179.0 Mantua
McLean,Week1,Highland Park,Week1,259.0 McLean - 143.0 Highland Park
McLean,Week1,Highlands Swim,Week2,223.0 Highlands Swim - 179.0 McLean
McLean,Week4,Ilda Community,Week2,325.0 McLean - 77.0 Ilda Community
McLean,Week5,Kent Gardens,Week3,313.0 McLean - 89.0 Kent Gardens
McLean,Week3,Poplar Tree,Week4,278.0 McLean - 124.0 Poplar Tree
McLean,Week1,Highland Park,Week4,271.0 McLean - 131.0 Highland Park
McLean,Week4,High Point Pool,Week2,243.0 McLean - 159.0 High Point Pool
Mosby Woods,Week2,Crosspointe,Week1,213.0 Crosspointe - 189.0 Mosby Woods
McLean,Week4,Poplar Tree,Week4,258.5 McLean - 143.5 Poplar Tree
Mosby Woods,Week2,Crosspointe,Week5,228.0 Crosspointe - 174.0 Mosby Woods
McLean,Week2,Stratford,Week3,330.0 McLean - 72.0 Stratford
Mosby Woods,Week1,Crosspointe,Week4,208.5 Mosby Woods - 193.5 Crosspointe
Mosby Woods,Week3,Sideburn Run,Week5,246.0 Mosby Woods - 156.0 Sideburn Run
McLean,Week1,Highlands Swim,Week4,218.0 Highlands Swim - 184.0 McLean
Mantua,Week3,Vienna Aquatic,Week1,215.0 Vienna Aquatic - 187.0 Mantua
McLean,Week4,Arlington Forest,Week3,304.0 McLean - 98.0 Arlington Forest
McLean,Week3,Kent Gardens,Week5,257.0 McLean - 145.0 Kent Gardens
McLean,Week1,Highlands Swim,Week1,232.0 Highlands Swim - 170.0 McLean
McLean,Week3,Highland Park,Week4,288.0 McLean - 114.0 Highland Park
Mosby Woods,Week1,Crosspointe,Week2,214.0 Mosby Woods - 188.0 Crosspointe
McLean,Week2,Stratford,Week2,347.5 McLean - 54.5 Stratford
McLean,Week2,Stratford,Week1,333.0 McLean - 69.0 Stratford
Mosby Woods,Week5,Sideburn Run,Week5,239.0 Mosby Woods - 163.0 Sideburn Run
McLean,Week2,Kent Gardens,Week4,292.5 McLean - 109.5 Kent Gardens
McLean,Week5,Annandale,Week2,340.0 McLean - 62.0 Annandale
Mosby Woods,Week1,Sleepy Hollow B & R,Week4,251.0 Mosby Woods - 151.0 Sleepy Hollow B & R
McLean,Week2,Highland Park,Week1,269.0 McLean - 133.0 Highland Park
McLean,Week3,Poplar Tree,Week1,262.0 McLean - 140.0 Poplar Tree
Mosby Woods,Week3,Crosspointe,Week2,206.0 Crosspointe - 196.0 Mosby Woods
McLean,Week1,Ravensworth Farm,Week3,251.0 McLean - 151.0 Ravensworth Farm
McLean,Week2,Ravensworth Farm,Week5,262.0 McLean - 140.0 Ravensworth Farm
McLean,Week3,Kent Gardens,Week2,299.0 McLean - 103.0 Kent Gardens
McLean,Week1,Kent Gardens,Week1,280.0 McLean - 122.0 Kent Gardens
McLean,Week4,Kent Gardens,Week3,286.0 McLean - 116.0 Kent Gardens
Mosby Woods,Week1,Sleepy Hollow B & R,Week1,267.0 Mosby Woods - 135.0 Sleepy Hollow B & R
McLean,Week3,Highland Park,Week1,265.0 McLean - 137.0 Highland Park
McLean,Week2,Arlington Forest,Week3,308.0 McLean - 94.0 Arlington Forest
McLean,Week2,Arlington Forest,Week1,296.0 McLean - 106.0 Arlington Forest
McLean,Week2,Ravensworth Farm,Week3,263.0 McLean - 139.0 Ravensworth Farm
McLean,Week4,Arlington Forest,Week5,264.0 McLean - 138.0 Arlington Forest
McLean,Week2,Stratford,Week4,326.0 McLean - 76.0 Stratford
Mosby Woods,Week4,Crosspointe,Week1,233.5 Crosspointe - 168.5 Mosby Woods
McLean,Week3,Ravensworth Farm,Week2,291.0 McLean - 110.0 Ravensworth Farm
Mosby Woods,Week2,Sleepy Hollow B & R,Week2,262.0 Mosby Woods - 140.0 Sleepy Hollow B & R
McLean,Week2,Stratford,Week5,328.0 McLean - 74.0 Stratford
McLean,Week5,Annandale,Week1,339.0 McLean - 63.0 Annandale
McLean,Week5,Highland Park,Week1,271.0 McLean - 131.0 Highland Park
McLean,Week4,Ilda Community,Week4,314.0 McLean - 88.0 Ilda Community
McLean,Week3,Ravensworth Farm,Week3,269.0 McLean - 133.0 Ravensworth Farm
Mosby Woods,Week3,Crosspointe,Week5,246.0 Crosspointe - 156.0 Mosby Woods
Mosby Woods,Week5,Sleepy Hollow B & R,Week1,251.0 Mosby Woods - 151.0 Sleepy Hollow B & R
Mosby Woods,Week2,Sleepy Hollow B & R,Week3,247.0 Mosby Woods - 155.0 Sleepy Hollow B & R
McLean,Week3,Stratford,Week1,345.0 McLean - 57.0 Stratford
McLean,Week5,Ilda Community,Week2,335.0 McLean - 67.0 Ilda Community
McLean,Week4,Arlington Forest,Week1,285.0 McLean - 117.0 Arlington Forest
McLean,Week5,Ilda Community,Week5,346.0 McLean - 56.0 Ilda Community
McLean,Week4,Arlington Forest,Week2,295.0 McLean - 107.0 Arlington Forest
Mosby Woods,Week4,Crosspointe,Week3,225.0 Crosspointe - 177.0 Mosby Woods
McLean,Week1,Kent Gardens,Week4,304.0 McLean - 98.0 Kent Gardens
McLean,Week3,Stratford,Week3,342.0 McLean - 60.0 Stratford
McLean,Week3,Stratford,Week2,353.0 McLean - 44.0 Stratford
McLean,Week3,Ravensworth Farm,Week4,279.0 McLean - 123.0 Ravensworth Farm
McLean,Week5,Highland Park,Week4,303.0 McLean - 99.0 Highland Park
McLean,Week3,Highlands Swim,Week1,201.0 Highlands Swim - 201.0 McLean
Mosby Woods,Week4,Crosspointe,Week4,218.5 Crosspointe - 183.5 Mosby Woods
McLean,Week3,Stratford,Week5,343.0 McLean - 59.0 Stratford
McLean,Week4,Ravensworth Farm,Week1,272.0 McLean - 130.0 Ravensworth Farm
Mosby Woods,Week1,Sleepy Hollow Rec,Week4,331.0 Mosby Woods - 71.0 Sleepy Hollow Rec
McLean,Week4,Arlington Forest,Week4,270.0 McLean - 132.0 Arlington Forest
McLean,Week3,Highlands Swim,Week2,205.0 Highlands Swim - 197.0 McLean
Mosby Woods,Week4,Crosspointe,Week5,257.0 Crosspointe - 145.0 Mosby Woods
Mosby Woods,Week3,Sleepy Hollow B & R,Week2,255.0 Mosby Woods - 147.0 Sleepy Hollow B & R
Mosby Woods,Week1,Sleepy Hollow Rec,Week5,323.0 Mosby Woods - 79.0 Sleepy Hollow Rec
McLean,Week2,Sully Station,Week4,252.5 McLean - 149.5 Sully Station
McLean,Week4,Ravensworth Farm,Week5,256.0 McLean - 146.0 Ravensworth Farm
McLean,Week4,Stratford,Week2,352.0 McLean - 50.0 Stratford
McLean,Week4,Highland Park,Week1,266.0 McLean - 136.0 Highland Park
McLean,Week1,Brandywine,Week1,278.0 McLean - 124.0 Brandywine
McLean,Week5,Highland Park,Week2,292.5 McLean - 109.5 Highland Park
McLean,Week4,Ravensworth Farm,Week4,274.0 McLean - 128.0 Ravensworth Farm
McLean,Week2,Sully Station,Week2,252.0 McLean - 150.0 Sully Station
Mosby Woods,Week3,Sleepy Hollow Rec,Week1,325.0 Mosby Woods - 77.0 Sleepy Hollow Rec
McLean,Week3,Highlands Swim,Week4,209.0 McLean - 193.0 Highlands Swim
Mosby Woods,Week2,Sleepy Hollow Rec,Week5,325.0 Mosby Woods - 77.0 Sleepy Hollow Rec
McLean,Week3,Kent Gardens,Week3,300.0 McLean - 102.0 Kent Gardens
Mosby Woods,Week5,Crosspointe,Week2,206.0 Crosspointe - 196.0 Mosby Woods
Mosby Woods,Week1,Daventry,Week1,325.0 Mosby Woods - 77.0 Daventry
McLean,Week5,Arlington Forest,Week4,285.0 McLean - 117.0 Arlington Forest
McLean,Week4,Highland Park,Week2,277.5 McLean - 124.5 Highland Park
McLean,Week4,Ravensworth Farm,Week3,247.0 McLean - 155.0 Ravensworth Farm
McLean,Week3,Highlands Swim,Week3,202.0 McLean - 200.0 Highlands Swim
McLean,Week4,Ilda Community,Week1,329.0 McLean - 73.0 Ilda Community
McLean,Week5,Stratford,Week2,357.0 McLean - 45.0 Stratford
McLean,Week1,Riverside Gardens,Week2,245.0 McLean - 157.0 Riverside Gardens
Mosby Woods,Week5,Crosspointe,Week4,204.0 Mosby Woods - 198.0 Crosspointe
McLean,Week5,Arlington Forest,Week2,313.0 McLean - 89.0 Arlington Forest
Mosby Woods,Week5,Crosspointe,Week1,218.0 Crosspointe - 184.0 Mosby Woods
McLean,Week5,Arlington Forest,Week3,321.5 McLean - 80.5 Arlington Forest
McLean,Week1,Arlington Forest,Week3,295.0 McLean - 107.0 Arlington Forest
McLean,Week2,Kent Gardens,Week1,278.0 McLean - 124.0 Kent Gardens
Mosby Woods,Week4,Sleepy Hollow B & R,Week2,239.0 Mosby Woods - 163.0 Sleepy Hollow B & R
Mosby Woods,Week2,Daventry,Week3,335.0 Mosby Woods - 67.0 Daventry
Mosby Woods,Week3,Sleepy Hollow Rec,Week5,312.0 Mosby Woods - 90.0 Sleepy Hollow Rec
McLean,Week2,Arlington Forest,Week2,306.0 McLean - 96.0 Arlington Forest
McLean,Week1,Kent Gardens,Week2,299.0 McLean - 103.0 Kent Gardens
McLean,Week3,Sully Station,Week5,225.0 McLean - 177.0 Sully Station
McLean,Week5,Ravensworth Farm,Week1,285.0 McLean - 117.0 Ravensworth Farm
McLean,Week2,Kent Gardens,Week3,298.0 McLean - 104.0 Kent Gardens
McLean,Week3,Sully Station,Week1,237.0 McLean - 165.0 Sully Station
Mosby Woods,Week4,Daventry,Week1,327.0 Mosby Woods - 75.0 Daventry
Mosby Woods,Week2,Daventry,Week1,331.0 Mosby Woods - 71.0 Daventry
Mosby Woods,Week3,Daventry,Week4,324.0 Mosby Woods - 78.0 Daventry
McLean,Week5,Brandywine,Week3,266.0 McLean - 136.0 Brandywine
McLean,Week4,Highland Park,Week3,271.0 McLean - 126.0 Highland Park
McLean,Week2,Riverside Gardens,Week5,220.5 McLean - 181.5 Riverside Gardens
Mosby Woods,Week5,Daventry,Week3,332.0 Mosby Woods - 70.0 Daventry
Mosby Woods,Week4,Sleepy Hollow B & R,Week3,221.5 Mosby Woods - 180.5 Sleepy Hollow B & R
Mosby Woods,Week4,Sleepy Hollow Rec,Week3,307.0 Mosby Woods - 95.0 Sleepy Hollow Rec
McLean,Week5,Kent Gardens,Week1,285.0 McLean - 117.0 Kent Gardens
Mosby Woods,Week1,Sleepy Hollow Rec,Week1,325.0 Mosby Woods - 77.0 Sleepy Hollow Rec
McLean,Week5,Riverside Gardens,Week3,259.0 McLean - 143.0 Riverside Gardens
McLean,Week4,Kent Gardens,Week4,280.5 McLean - 121.5 Kent Gardens
McLean,Week2,Brandywine,Week1,285.0 McLean - 117.0 Brandywine
McLean,Week3,Sully Station,Week3,244.0 McLean - 158.0 Sully Station
McLean,Week3,Sully Station,Week4,250.0 McLean - 152.0 Sully Station
McLean,Week3,Highland Park,Week3,289.0 McLean - 113.0 Highland Park
McLean,Week5,Kent Gardens,Week4,307.0 McLean - 95.0 Kent Gardens
McLean,Week2,Kent Gardens,Week5,263.0 McLean - 139.0 Kent Gardens
Mosby Woods,Week4,Daventry,Week4,324.0 Mosby Woods - 78.0 Daventry
Mosby Woods,Week1,Sleepy Hollow Rec,Week2,335.0 Mosby Woods - 67.0 Sleepy Hollow Rec
McLean,Week2,Brandywine,Week5,242.5 McLean - 159.5 Brandywine
McLean,Week3,Riverside Gardens,Week4,240.0 McLean - 162.0 Riverside Gardens
McLean,Week2,Brandywine,Week4,273.0 McLean - 129.0 Brandywine
McLean,Week2,Highland Park,Week4,285.0 McLean - 117.0 Highland Park
McLean,Week1,Rolling Forest,Week1,303.5 McLean - 98.5 Rolling Forest
McLean,Week5,Ravensworth Farm,Week4,280.0 McLean - 122.0 Ravensworth Farm
McLean,Week5,Ravensworth Farm,Week3,267.0 McLean - 135.0 Ravensworth Farm
McLean,Week4,Kent Gardens,Week1,252.0 McLean - 150.0 Kent Gardens
McLean,Week3,Brandywine,Week5,243.0 McLean - 159.0 Brandywine
McLean,Week5,Highland Park,Week3,294.0 McLean - 108.0 Highland Park
McLean,Week5,Stratford,Week1,351.5 McLean - 50.5 Stratford
McLean,Week4,Stratford,Week5,336.0 McLean - 66.0 Stratford
McLean,Week4,Stratford,Week4,334.0 McLean - 68.0 Stratford
McLean,Week2,Highland Park,Week2,290.0 McLean - 112.0 Highland Park
Mosby Woods,Week5,Sleepy Hollow B & R,Week4,221.0 Mosby Woods - 181.0 Sleepy Hollow B & R
Mosby Woods,Week4,Sleepy Hollow B & R,Week4,227.0 Mosby Woods - 175.0 Sleepy Hollow B & R
McLean,Week1,Kings Ridge ,Week2,338.0 McLean - 64.0 Kings Ridge
McLean,Week2,Sully Station,Week1,235.0 McLean - 167.0 Sully Station
McLean,Week1,Kings Ridge ,Week3,323.0 McLean - 79.0 Kings Ridge
Mosby Woods,Week5,Daventry,Week1,331.0 Mosby Woods - 71.0 Daventry
McLean,Week2,Highland Park,Week3,282.0 McLean - 120.0 Highland Park
McLean,Week4,Highland Park,Week4,288.0 McLean - 114.0 Highland Park
McLean,Week1,Sully Station,Week3,242.0 McLean - 160.0 Sully Station
McLean,Week3,Highland Park,Week5,290.0 McLean - 112.0 Highland Park
McLean,Week2,Highland Park,Week5,295.0 McLean - 107.0 Highland Park
Mosby Woods,Week4,Daventry,Week2,328.0 Mosby Woods - 74.0 Daventry
McLean,Week1,Sully Station,Week2,233.0 McLean - 169.0 Sully Station
Mosby Woods,Week3,Daventry,Week1,321.0 Mosby Woods - 81.0 Daventry
McLean,Week5,Arlington Forest,Week5,280.0 McLean - 122.0 Arlington Forest
McLean,Week4,Riverside Gardens,Week5,204.0 McLean - 198.0 Riverside Gardens
Mosby Woods,Week3,Sleepy Hollow B & R,Week4,239.0 Mosby Woods - 163.0 Sleepy Hollow B & R
McLean,Week2,Riverside Gardens,Week1,253.0 McLean - 149.0 Riverside Gardens
Mosby Woods,Week4,Sleepy Hollow B & R,Week1,253.0 Mosby Woods - 149.0 Sleepy Hollow B & R
McLean,Week4,Riverside Gardens,Week2,252.0 McLean - 145.0 Riverside Gardens
McLean,Week1,Kings Ridge ,Week1,337.0 McLean - 65.0 Kings Ridge
McLean,Week1,Brandywine,Week4,273.0 McLean - 129.0 Brandywine
McLean,Week2,Riverside Gardens,Week3,248.0 McLean - 154.0 Riverside Gardens
Mosby Woods,Week4,Sleepy Hollow B & R,Week5,220.5 Mosby Woods - 181.5 Sleepy Hollow B & R
McLean,Week5,Kent Gardens,Week5,273.0 McLean - 129.0 Kent Gardens
McLean,Week5,Brandywine,Week1,281.0 McLean - 121.0 Brandywine
Mosby Woods,Week5,Daventry,Week4,328.0 Mosby Woods - 74.0 Daventry
McLean,Week2,Brandywine,Week3,263.0 McLean - 139.0 Brandywine
McLean,Week3,Brandywine,Week2,272.5 McLean - 129.5 Brandywine
Mosby Woods,Week5,Sleepy Hollow B & R,Week2,245.0 Mosby Woods - 157.0 Sleepy Hollow B & R
McLean,Week5,Stratford,Week5,347.0 McLean - 55.0 Stratford
McLean,Week1,Highlands Swim,Week3,218.0 Highlands Swim - 184.0 McLean
McLean,Week5,Kings Ridge ,Week5,339.0 McLean - 63.0 Kings Ridge
McLean,Week1,Brandywine,Week3,253.0 McLean - 144.0 Brandywine
McLean,Week5,Stratford,Week3,348.0 McLean - 54.0 Stratford
McLean,Week2,Rolling Forest,Week4,313.0 McLean - 89.0 Rolling Forest
McLean,Week3,Rolling Forest,Week1,306.0 McLean - 96.0 Rolling Forest
McLean,Week5,Highland Park,Week5,298.0 McLean - 104.0 Highland Park
McLean,Week4,Sully Station,Week1,224.5 McLean - 177.5 Sully Station
Mosby Woods,Week1,Daventry,Week5,316.0 Mosby Woods - 86.0 Daventry
McLean,Week3,Highland Park,Week2,292.0 McLean - 110.0 Highland Park
Mosby Woods,Week5,Sleepy Hollow B & R,Week5,221.0 Mosby Woods - 181.0 Sleepy Hollow B & R
Mosby Woods,Week3,Sleepy Hollow B & R,Week1,268.0 Mosby Woods - 134.0 Sleepy Hollow B & R
McLean,Week2,Kings Ridge ,Week1,338.0 McLean - 64.0 Kings Ridge
Mosby Woods,Week3,Daventry,Week5,304.0 Mosby Woods - 98.0 Daventry
McLean,Week4,Highland Park,Week5,281.0 McLean - 121.0 Highland Park
Mosby Woods,Week1,Sleepy Hollow Rec,Week3,315.0 Mosby Woods - 87.0 Sleepy Hollow Rec
McLean,Week1,Riverside Gardens,Week1,234.0 McLean - 168.0 Riverside Gardens
McLean,Week3,Kings Ridge ,Week4,333.0 McLean - 69.0 Kings Ridge
McLean,Week4,Brandywine,Week3,248.0 McLean - 154.0 Brandywine
Mosby Woods,Week5,Sleepy Hollow B & R,Week3,228.0 Mosby Woods - 174.0 Sleepy Hollow B & R
McLean,Week1,Highlands Swim,Week5,223.0 Highlands Swim - 179.0 McLean
Mosby Woods,Week4,Daventry,Week5,294.0 Mosby Woods - 107.0 Daventry
Mosby Woods,Week3,Sleepy Hollow B & R,Week5,213.0 Mosby Woods - 189.0 Sleepy Hollow B & R
McLean,Week2,Rolling Forest,Week2,303.0 McLean - 99.0 Rolling Forest
McLean,Week5,Brandywine,Week2,275.0 McLean - 127.0 Brandywine
Mosby Woods,Week1,Daventry,Week3,337.0 Mosby Woods - 65.0 Daventry
McLean,Week4,Sully Station,Week2,234.0 McLean - 168.0 Sully Station
Mosby Woods,Week1,Daventry,Week4,334.5 Mosby Woods - 67.5 Daventry
McLean,Week3,Riverside Gardens,Week2,262.5 McLean - 139.5 Riverside Gardens
McLean,Week2,Sully Station,Week3,246.0 McLean - 156.0 Sully Station
McLean,Week1,Kings Ridge ,Week4,333.0 McLean - 69.0 Kings Ridge
McLean,Week3,Brandywine,Week4,274.0 McLean - 128.0 Brandywine
McLean,Week2,Kings Ridge ,Week3,324.0 McLean - 78.0 Kings Ridge
Mosby Woods,Week2,Sleepy Hollow B & R,Week4,255.0 Mosby Woods - 147.0 Sleepy Hollow B & R
McLean,Week1,Riverside Gardens,Week4,216.0 McLean - 186.0 Riverside Gardens
McLean,Week2,Sully Station,Week5,236.0 McLean - 166.0 Sully Station
Mosby Woods,Week3,Sleepy Hollow B & R,Week3,234.5 Mosby Woods - 167.5 Sleepy Hollow B & R
McLean,Week2,Kings Ridge ,Week2,333.0 McLean - 69.0 Kings Ridge
McLean,Week4,Sully Station,Week3,232.0 McLean - 170.0 Sully Station
McLean,Week3,Brandywine,Week1,291.0 McLean - 111.0 Brandywine
McLean,Week2,Highlands Swim,Week3,212.0 McLean - 190.0 Highlands Swim
McLean,Week2,Highlands Swim,Week5,204.0 Highlands Swim - 198.0 McLean
McLean,Week2,Highlands Swim,Week1,205.0 Highlands Swim - 197.0 McLean
McLean,Week3,Bren Mar-Edsall Park,Week4,368.0 McLean - 29.0 Bren Mar-Edsall Park
Mosby Woods,Week2,Daventry,Week4,331.0 Mosby Woods - 71.0 Daventry
Mosby Woods,Week2,Daventry,Week2,336.0 Mosby Woods - 66.0 Daventry
McLean,Week3,Bren Mar-Edsall Park,Week3,374.0 McLean - 28.0 Bren Mar-Edsall Park
McLean,Week1,Sully Station,Week5,217.0 McLean - 185.0 Sully Station
Mosby Woods,Week4,Daventry,Week3,318.0 Mosby Woods - 84.0 Daventry
Mosby Woods,Week5,Daventry,Week5,319.0 Mosby Woods - 83.0 Daventry
McLean,Week1,Sully Station,Week4,241.0 McLean - 161.0 Sully Station
Mosby Woods,Week2,Daventry,Week5,316.0 Mosby Woods - 86.0 Daventry
McLean,Week4,Bren Mar-Edsall Park,Week1,373.0 McLean - 29.0 Bren Mar-Edsall Park
McLean,Week5,Kings Ridge ,Week2,344.0 McLean - 58.0 Kings Ridge
McLean,Week1,Sully Station,Week1,231.0 McLean - 171.0 Sully Station
McLean,Week1,Hollin Hills,Week2,342.0 McLean - 60.0 Hollin Hills
Mosby Woods,Week2,Sleepy Hollow Rec,Week1,337.0 Mosby Woods - 65.0 Sleepy Hollow Rec
McLean,Week3,Riverside Gardens,Week5,218.0 McLean - 184.0 Riverside Gardens
McLean,Week4,Kings Ridge ,Week5,326.5 McLean - 75.5 Kings Ridge
McLean,Week2,Bren Mar-Edsall Park,Week1,378.0 McLean - 23.0 Bren Mar-Edsall Park
Mosby Woods,Week2,Sleepy Hollow B & R,Week5,238.0 Mosby Woods - 164.0 Sleepy Hollow B & R
McLean,Week5,Riverside Gardens,Week1,256.0 McLean - 146.0 Riverside Gardens
McLean,Week5,Ravensworth Farm,Week2,293.0 McLean - 109.0 Ravensworth Farm
McLean,Week5,Stratford,Week4,342.0 McLean - 60.0 Stratford
McLean,Week3,Kings Ridge ,Week2,340.0 McLean - 62.0 Kings Ridge
Mosby Woods,Week2,Sleepy Hollow Rec,Week2,339.0 Mosby Woods - 63.0 Sleepy Hollow Rec
Mosby Woods,Week3,Daventry,Week2,329.0 Mosby Woods - 72.0 Daventry
McLean,Week2,Highlands Swim,Week2,202.0 McLean - 200.0 Highlands Swim
McLean,Week4,Riverside Gardens,Week3,230.0 McLean - 172.0 Riverside Gardens
McLean,Week1,Lake Braddock,Week3,348.0 McLean - 54.0 Lake Braddock
McLean,Week2,Highlands Swim,Week4,208.0 McLean - 194.0 Highlands Swim
McLean,Week4,Kings Ridge ,Week2,330.0 McLean - 72.0 Kings Ridge
McLean,Week1,Lake Braddock,Week2,346.0 McLean - 56.0 Lake Braddock
McLean,Week4,Riverside Gardens,Week1,239.0 McLean - 163.0 Riverside Gardens
McLean,Week5,Highlands Swim,Week1,206.0 McLean - 196.0 Highlands Swim
Mosby Woods,Week2,Sleepy Hollow Rec,Week4,340.0 Mosby Woods - 62.0 Sleepy Hollow Rec
Mosby Woods,Week1,Dominion Hills,Week2,260.0 Mosby Woods - 142.0 Dominion Hills
McLean,Week1,Brandywine,Week5,243.0 McLean - 159.0 Brandywine
McLean,Week1,Sully Station II,Week4,263.0 McLean - 139.0 Sully Station II
McLean,Week1,Riverside Gardens,Week3,226.0 McLean - 176.0 Riverside Gardens
McLean,Week5,Sully Station,Week5,241.0 McLean - 161.0 Sully Station
McLean,Week5,Kings Ridge ,Week3,337.0 McLean - 65.0 Kings Ridge
Mosby Woods,Week3,Daventry,Week3,324.0 Mosby Woods - 78.0 Daventry
McLean,Week5,Kings Ridge ,Week1,337.0 McLean - 65.0 Kings Ridge
McLean,Week4,Highlands Swim,Week3,213.0 Highlands Swim - 189.0 McLean
Mosby Woods,Week3,Sleepy Hollow Rec,Week3,310.5 Mosby Woods - 91.5 Sleepy Hollow Rec
Mosby Woods,Week1,Dominion Hills,Week1,276.0 Mosby Woods - 126.0 Dominion Hills
McLean,Week5,Ravensworth Farm,Week5,273.5 McLean - 128.5 Ravensworth Farm
Mosby Woods,Week3,Sleepy Hollow Rec,Week2,333.0 Mosby Woods - 69.0 Sleepy Hollow Rec
McLean,Week3,Sully Station II,Week3,225.0 McLean - 177.0 Sully Station II
McLean,Week4,Bren Mar-Edsall Park,Week2,372.0 McLean - 29.0 Bren Mar-Edsall Park
Mosby Woods,Week2,Sleepy Hollow Rec,Week3,315.0 Mosby Woods - 87.0 Sleepy Hollow Rec
McLean,Week3,Sully Station,Week2,244.0 McLean - 153.0 Sully Station
McLean,Week2,Riverside Gardens,Week2,263.0 McLean - 139.0 Riverside Gardens
McLean,Week5,Highlands Swim,Week2,202.0 Highlands Swim - 200.0 McLean
McLean,Week4,Brandywine,Week5,221.5 McLean - 180.5 Brandywine
McLean,Week2,Brandywine,Week2,266.0 McLean - 136.0 Brandywine
McLean,Week2,Riverside Gardens,Week4,231.0 McLean - 171.0 Riverside Gardens
McLean,Week1,Brandywine,Week2,263.0 McLean - 139.0 Brandywine
McLean,Week4,Sully Station II,Week1,248.0 McLean - 154.0 Sully Station II
McLean,Week4,Highlands Swim,Week2,212.0 Highlands Swim - 190.0 McLean
McLean,Week2,Sully Station II,Week5,221.0 McLean - 181.0 Sully Station II
Mosby Woods,Week4,Dominion Hills,Week2,242.0 Mosby Woods - 160.0 Dominion Hills
Mosby Woods,Week1,Somerset-Olde Creek,Week1,351.0 Mosby Woods - 50.0 Somerset-Olde Creek
Mosby Woods,Week4,Sleepy Hollow Rec,Week2,312.0 Mosby Woods - 90.0 Sleepy Hollow Rec
McLean,Week2,Hollin Hills,Week5,344.0 McLean - 58.0 Hollin Hills
McLean,Week4,Kings Ridge ,Week1,328.0 McLean - 74.0 Kings Ridge
McLean,Week2,Hollin Hills,Week1,347.0 McLean - 55.0 Hollin Hills
McLean,Week5,Sully Station,Week3,251.0 McLean - 151.0 Sully Station
McLean,Week1,Lake Braddock,Week1,369.0 McLean - 33.0 Lake Braddock
McLean,Week3,Brandywine,Week3,270.0 McLean - 132.0 Brandywine
McLean,Week3,Hollin Hills,Week4,350.0 McLean - 52.0 Hollin Hills
Mosby Woods,Week1,Donaldson Run,Week2,215.0 Donaldson Run - 187.0 Mosby Woods
Mosby Woods,Week4,Somerset-Olde Creek,Week5,327.0 Mosby Woods - 74.0 Somerset-Olde Creek
McLean,Week5,Riverside Gardens,Week2,275.0 McLean - 127.0 Riverside Gardens
McLean,Week5,Sully Station,Week1,251.0 McLean - 151.0 Sully Station
McLean,Week1,Bren Mar-Edsall Park,Week1,382.0 McLean - 20.0 Bren Mar-Edsall Park
Mosby Woods,Week3,Sleepy Hollow Rec,Week4,320.0 Mosby Woods - 82.0 Sleepy Hollow Rec
McLean,Week3,Kings Ridge ,Week1,334.0 McLean - 68.0 Kings Ridge
Mosby Woods,Week3,Dominion Hills,Week1,271.0 Mosby Woods - 131.0 Dominion Hills
McLean,Week4,Riverside Gardens,Week4,220.0 McLean - 182.0 Riverside Gardens
McLean,Week2,Kings Ridge ,Week4,322.0 McLean - 80.0 Kings Ridge
McLean,Week4,Brandywine,Week1,273.0 McLean - 129.0 Brandywine
McLean,Week2,Hollin Hills,Week3,344.0 McLean - 58.0 Hollin Hills
Mosby Woods,Week5,Daventry,Week2,343.5 Mosby Woods - 58.5 Daventry
Mosby Woods,Week1,Dominion Hills,Week5,227.0 Mosby Woods - 175.0 Dominion Hills
McLean,Week2,Sully Station II,Week2,252.0 McLean - 150.0 Sully Station II
McLean,Week5,Brandywine,Week4,276.0 McLean - 126.0 Brandywine
McLean,Week2,Kings Ridge ,Week5,322.0 McLean - 80.0 Kings Ridge
McLean,Week5,Hollin Hills,Week1,358.5 McLean - 43.5 Hollin Hills
McLean,Week3,Riverside Gardens,Week1,252.0 McLean - 150.0 Riverside Gardens
Mosby Woods,Week4,Sleepy Hollow Rec,Week1,303.0 Mosby Woods - 99.0 Sleepy Hollow Rec
McLean,Week1,Riverside Gardens,Week5,210.0 McLean - 192.0 Riverside Gardens
McLean,Week3,Kings Ridge ,Week3,329.0 McLean - 73.0 Kings Ridge
McLean,Week4,Brandywine,Week4,253.0 McLean - 149.0 Brandywine
McLean,Week1,Truro,Week1,321.0 McLean - 81.0 Truro
McLean,Week5,Sully Station II,Week5,222.0 McLean - 180.0 Sully Station II
McLean,Week4,Highlands Swim,Week1,207.0 Highlands Swim - 195.0 McLean
McLean,Week1,Orange Hunt,Week5,235.0 McLean - 167.0 Orange Hunt
McLean,Week5,Riverside Gardens,Week4,255.0 McLean - 147.0 Riverside Gardens
McLean,Week3,Kings Ridge ,Week5,329.0 McLean - 73.0 Kings Ridge
McLean,Week1,Sully Station II,Week2,218.0 McLean - 184.0 Sully Station II
McLean,Week1,Hollin Hills,Week1,339.0 McLean - 63.0 Hollin Hills
Mosby Woods,Week5,Dominion Hills,Week3,262.0 Mosby Woods - 140.0 Dominion Hills
Mosby Woods,Week1,Somerset-Olde Creek,Week5,344.0 Mosby Woods - 58.0 Somerset-Olde Creek
McLean,Week1,Truro,Week4,310.5 McLean - 91.5 Truro
McLean,Week1,Rolling Forest,Week3,293.0 McLean - 109.0 Rolling Forest
McLean,Week1,Bren Mar-Edsall Park,Week2,378.0 McLean - 24.0 Bren Mar-Edsall Park
Mosby Woods,Week4,Dominion Hills,Week1,274.0 Mosby Woods - 128.0 Dominion Hills
McLean,Week5,Kings Ridge ,Week4,336.0 McLean - 66.0 Kings Ridge
McLean,Week5,Riverside Gardens,Week5,235.0 McLean - 167.0 Riverside Gardens
Mosby Woods,Week4,Somerset-Olde Creek,Week2,342.0 Mosby Woods - 59.0 Somerset-Olde Creek
Mosby Woods,Week1,Donaldson Run,Week1,205.0 Donaldson Run - 197.0 Mosby Woods
McLean,Week5,Highlands Swim,Week4,215.0 McLean - 187.0 Highlands Swim
Mosby Woods,Week5,Sleepy Hollow Rec,Week4,335.0 Mosby Woods - 67.0 Sleepy Hollow Rec
McLean,Week4,Hollin Hills,Week5,336.0 McLean - 65.0 Hollin Hills
McLean,Week1,Bren Mar-Edsall Park,Week3,374.0 McLean - 23.0 Bren Mar-Edsall Park
McLean,Week1,Orange Hunt,Week3,243.0 McLean - 159.0 Orange Hunt
McLean,Week5,Old Keene Mill,Week3,322.0 McLean - 80.0 Old Keene Mill
Mosby Woods,Week1,Dominion Hills,Week3,264.0 Mosby Woods - 138.0 Dominion Hills
Mosby Woods,Week3,Somerset-Olde Creek,Week1,345.0 Mosby Woods - 55.0 Somerset-Olde Creek
McLean,Week5,Brandywine,Week5,241.0 McLean - 161.0 Brandywine
Mosby Woods,Week2,Somerset-Olde Creek,Week2,352.0 Mosby Woods - 50.0 Somerset-Olde Creek
Mosby Woods,Week2,Dominion Hills,Week1,270.0 Mosby Woods - 132.0 Dominion Hills
McLean,Week1,Rolling Forest,Week2,302.0 McLean - 100.0 Rolling Forest
McLean,Week3,Riverside Gardens,Week3,249.0 McLean - 153.0 Riverside Gardens
McLean,Week2,Truro,Week1,331.0 McLean - 71.0 Truro
McLean,Week4,Brandywine,Week2,262.0 McLean - 140.0 Brandywine
McLean,Week4,Kings Ridge ,Week3,321.0 McLean - 81.0 Kings Ridge
McLean,Week4,Hollin Hills,Week2,342.0 McLean - 60.0 Hollin Hills
McLean,Week1,Lake Braddock,Week4,351.0 McLean - 51.0 Lake Braddock
McLean,Week1,Bren Mar-Edsall Park,Week5,375.0 McLean - 22.0 Bren Mar-Edsall Park
McLean,Week1,Bren Mar-Edsall Park,Week4,375.0 McLean - 27.0 Bren Mar-Edsall Park
Mosby Woods,Week2,Dominion Hills,Week4,236.0 Mosby Woods - 166.0 Dominion Hills
McLean,Week2,Sully Station II,Week3,235.0 McLean - 167.0 Sully Station II
McLean,Week2,Bren Mar-Edsall Park,Week2,374.0 McLean - 28.0 Bren Mar-Edsall Park
McLean,Week5,Old Keene Mill,Week4,336.0 McLean - 66.0 Old Keene Mill
Mosby Woods,Week3,Dominion Hills,Week3,254.0 Mosby Woods - 148.0 Dominion Hills
McLean,Week4,Kings Ridge ,Week4,323.0 McLean - 79.0 Kings Ridge
McLean,Week5,Old Keene Mill,Week1,332.0 McLean - 70.0 Old Keene Mill
McLean,Week2,Rolling Forest,Week1,310.0 McLean - 92.0 Rolling Forest
Mosby Woods,Week1,Dominion Hills,Week4,240.0 Mosby Woods - 162.0 Dominion Hills
McLean,Week2,Lakevale Estates,Week1,256.0 McLean - 146.0 Lakevale Estates
Mosby Woods,Week3,Dominion Hills,Week2,245.0 Mosby Woods - 157.0 Dominion Hills
Mosby Woods,Week5,Sleepy Hollow Rec,Week2,339.0 Mosby Woods - 63.0 Sleepy Hollow Rec
McLean,Week5,Lake Braddock,Week3,352.0 McLean - 50.0 Lake Braddock
McLean,Week5,Hollin Hills,Week3,366.0 McLean - 36.0 Hollin Hills
McLean,Week1,Hollin Meadows,Week1,266.5 McLean - 135.5 Hollin Meadows
Mosby Woods,Week1,Somerset-Olde Creek,Week2,351.5 Mosby Woods - 50.5 Somerset-Olde Creek
Mosby Woods,Week4,Somerset-Olde Creek,Week3,341.0 Mosby Woods - 58.0 Somerset-Olde Creek
McLean,Week4,Orange Hunt,Week5,225.0 McLean - 177.0 Orange Hunt
McLean,Week3,Hollin Hills,Week2,347.0 McLean - 55.0 Hollin Hills
McLean,Week4,Sully Station,Week4,228.0 McLean - 174.0 Sully Station
McLean,Week3,Sully Station II,Week1,263.0 McLean - 139.0 Sully Station II
McLean,Week1,Rolling Forest,Week4,298.0 McLean - 104.0 Rolling Forest
McLean,Week1,Rolling Forest,Week5,295.0 McLean - 107.0 Rolling Forest
McLean,Week4,Lake Braddock,Week2,342.0 McLean - 60.0 Lake Braddock
McLean,Week2,Sully Station II,Week1,270.5 McLean - 131.5 Sully Station II
McLean,Week2,Bren Mar-Edsall Park,Week4,369.0 McLean - 33.0 Bren Mar-Edsall Park
McLean,Week1,Rolling Hills,Week3,309.0 McLean - 93.0 Rolling Hills
McLean,Week2,Rolling Forest,Week5,295.5 McLean - 106.5 Rolling Forest
McLean,Week3,Lake Braddock,Week1,361.0 McLean - 41.0 Lake Braddock
McLean,Week4,Highlands Swim,Week4,204.0 Highlands Swim - 198.0 McLean
Mosby Woods,Week5,Dominion Hills,Week1,272.0 Mosby Woods - 130.0 Dominion Hills
Mosby Woods,Week4,Sleepy Hollow Rec,Week4,321.0 Mosby Woods - 81.0 Sleepy Hollow Rec
McLean,Week3,Lake Braddock,Week2,350.0 McLean - 52.0 Lake Braddock
McLean,Week3,Bren Mar-Edsall Park,Week1,372.0 McLean - 29.0 Bren Mar-Edsall Park
McLean,Week4,Old Keene Mill,Week3,312.0 McLean - 90.0 Old Keene Mill
McLean,Week3,Rolling Forest,Week5,298.0 McLean - 104.0 Rolling Forest
Mosby Woods,Week3,Somerset-Olde Creek,Week4,349.0 Mosby Woods - 48.0 Somerset-Olde Creek
McLean,Week2,Rolling Forest,Week3,297.0 McLean - 105.0 Rolling Forest
McLean,Week2,Sully Station II,Week4,268.0 McLean - 134.0 Sully Station II
McLean,Week1,Sully Station II,Week5,203.0 Sully Station II - 199.0 McLean
McLean,Week3,Bren Mar-Edsall Park,Week2,371.0 McLean - 26.0 Bren Mar-Edsall Park
McLean,Week3,Sully Station II,Week2,250.0 McLean - 152.0 Sully Station II
McLean,Week4,Rolling Forest,Week2,309.0 McLean - 93.0 Rolling Forest
Mosby Woods,Week3,Somerset-Olde Creek,Week3,349.0 Mosby Woods - 52.0 Somerset-Olde Creek
McLean,Week3,Orange Hunt,Week2,247.0 McLean - 155.0 Orange Hunt
McLean,Week1,Lakevale Estates,Week4,209.0 McLean - 193.0 Lakevale Estates
McLean,Week2,Bren Mar-Edsall Park,Week3,374.0 McLean - 28.0 Bren Mar-Edsall Park
McLean,Week5,Sully Station,Week2,259.0 McLean - 143.0 Sully Station
Mosby Woods,Week3,Somerset-Olde Creek,Week2,340.0 Mosby Woods - 62.0 Somerset-Olde Creek
Mosby Woods,Week4,Dominion Hills,Week5,203.0 Mosby Woods - 199.0 Dominion Hills
McLean,Week5,Highlands Swim,Week5,201.0 Highlands Swim - 201.0 McLean
Mosby Woods,Week4,Dominion Hills,Week3,260.0 Mosby Woods - 142.0 Dominion Hills
McLean,Week5,Old Keene Mill,Week2,322.0 McLean - 80.0 Old Keene Mill
McLean,Week2,Lakevale Estates,Week3,248.0 McLean - 154.0 Lakevale Estates
McLean,Week1,Orange Hunt,Week2,245.0 McLean - 157.0 Orange Hunt
McLean,Week2,Bren Mar-Edsall Park,Week5,369.0 McLean - 33.0 Bren Mar-Edsall Park
McLean,Week3,Highlands Swim,Week5,213.0 Highlands Swim - 189.0 McLean
McLean,Week1,Hollin Hills,Week4,343.0 McLean - 59.0 Hollin Hills
Mosby Woods,Week3,Dominion Hills,Week4,227.0 Mosby Woods - 170.0 Dominion Hills
Mosby Woods,Week2,Somerset-Olde Creek,Week5,342.0 Mosby Woods - 59.0 Somerset-Olde Creek
Mosby Woods,Week5,Sleepy Hollow Rec,Week3,320.0 Mosby Woods - 82.0 Sleepy Hollow Rec
McLean,Week1,Sully Station II,Week1,251.5 McLean - 150.5 Sully Station II
McLean,Week3,Orange Hunt,Week3,234.0 McLean - 168.0 Orange Hunt
McLean,Week5,Highlands Swim,Week3,207.0 McLean - 195.0 Highlands Swim
McLean,Week2,Lake Braddock,Week2,353.0 McLean - 49.0 Lake Braddock
McLean,Week3,Sully Station II,Week5,229.0 McLean - 173.0 Sully Station II
Mosby Woods,Week5,Sleepy Hollow Rec,Week5,321.0 Mosby Woods - 81.0 Sleepy Hollow Rec
McLean,Week1,Hollin Hills,Week3,345.0 McLean - 57.0 Hollin Hills
McLean,Week5,Rolling Forest,Week5,312.0 McLean - 90.0 Rolling Forest
McLean,Week4,Highlands Swim,Week5,222.0 Highlands Swim - 180.0 McLean
Mosby Woods,Week5,Dominion Hills,Week5,226.0 Mosby Woods - 176.0 Dominion Hills
McLean,Week2,Lake Braddock,Week4,354.0 McLean - 48.0 Lake Braddock
Mosby Woods,Week2,Dominion Hills,Week2,247.0 Mosby Woods - 155.0 Dominion Hills
McLean,Week5,Rolling Forest,Week3,299.0 McLean - 103.0 Rolling Forest
McLean,Week1,Hollin Hills,Week5,331.0 McLean - 71.0 Hollin Hills
Mosby Woods,Week1,Somerset-Olde Creek,Week4,353.0 Mosby Woods - 49.0 Somerset-Olde Creek
McLean,Week2,Lake Braddock,Week3,348.0 McLean - 54.0 Lake Braddock
McLean,Week4,Old Keene Mill,Week1,312.0 McLean - 90.0 Old Keene Mill
McLean,Week3,Hollin Hills,Week1,343.0 McLean - 59.0 Hollin Hills
McLean,Week2,Orange Hunt,Week4,252.0 McLean - 150.0 Orange Hunt
McLean,Week2,Orange Hunt,Week3,237.0 McLean - 165.0 Orange Hunt
Mosby Woods,Week3,Dominion Hills,Week5,210.0 Mosby Woods - 192.0 Dominion Hills
Mosby Woods,Week2,Donaldson Run,Week2,215.0 Donaldson Run - 187.0 Mosby Woods
McLean,Week5,Sully Station,Week4,251.0 McLean - 151.0 Sully Station
McLean,Week4,Old Keene Mill,Week2,303.0 McLean - 99.0 Old Keene Mill
Mosby Woods,Week4,Sleepy Hollow Rec,Week5,308.0 Mosby Woods - 94.0 Sleepy Hollow Rec
McLean,Week2,Hollin Hills,Week2,339.0 McLean - 63.0 Hollin Hills
McLean,Week4,Sully Station,Week5,225.0 McLean - 177.0 Sully Station
McLean,Week2,Lake Braddock,Week5,348.0 McLean - 54.0 Lake Braddock
McLean,Week2,Rolling Hills,Week1,311.0 McLean - 91.0 Rolling Hills
McLean,Week2,Orange Hunt,Week2,250.0 McLean - 152.0 Orange Hunt
McLean,Week1,Rolling Hills,Week1,301.0 McLean - 101.0 Rolling Hills
McLean,Week2,Lake Braddock,Week1,370.0 McLean - 32.0 Lake Braddock
Mosby Woods,Week3,Donaldson Run,Week5,256.5 Donaldson Run - 145.5 Mosby Woods
McLean,Week1,Rolling Hills,Week5,312.0 McLean - 90.0 Rolling Hills
Mosby Woods,Week1,Somerset-Olde Creek,Week3,359.0 Mosby Woods - 43.0 Somerset-Olde Creek
McLean,Week3,Sully Station II,Week4,282.0 McLean - 120.0 Sully Station II
McLean,Week3,Bren Mar-Edsall Park,Week5,369.0 McLean - 27.0 Bren Mar-Edsall Park
Mosby Woods,Week5,Sleepy Hollow Rec,Week1,329.0 Mosby Woods - 73.0 Sleepy Hollow Rec
McLean,Week4,Lake Braddock,Week4,352.0 McLean - 50.0 Lake Braddock
McLean,Week3,Lake Braddock,Week5,339.5 McLean - 62.5 Lake Braddock
McLean,Week2,Orange Hunt,Week5,241.0 McLean - 161.0 Orange Hunt
McLean,Week1,Rolling Hills,Week4,315.0 McLean - 87.0 Rolling Hills
McLean,Week4,Sully Station II,Week4,251.0 McLean - 151.0 Sully Station II
McLean,Week2,Rolling Hills,Week2,314.0 McLean - 88.0 Rolling Hills
McLean,Week2,Hollin Hills,Week4,345.0 McLean - 57.0 Hollin Hills
Mosby Woods,Week2,Somerset-Olde Creek,Week1,351.0 Mosby Woods - 49.0 Somerset-Olde Creek
McLean,Week5,Rolling Forest,Week4,314.0 McLean - 88.0 Rolling Forest
McLean,Week3,Hollin Hills,Week5,348.0 McLean - 48.0 Hollin Hills
Mosby Woods,Week3,Somerset-Olde Creek,Week5,340.0 Mosby Woods - 61.0 Somerset-Olde Creek
Mosby Woods,Week2,Dominion Hills,Week5,229.0 Mosby Woods - 173.0 Dominion Hills
McLean,Week4,Lake Braddock,Week3,346.0 McLean - 56.0 Lake Braddock
McLean,Week4,Lake Braddock,Week5,340.0 McLean - 62.0 Lake Braddock
McLean,Week1,Sully Station II,Week3,203.0 McLean - 199.0 Sully Station II
McLean,Week5,Old Keene Mill,Week5,319.0 McLean - 83.0 Old Keene Mill
McLean,Week4,Old Keene Mill,Week4,317.0 McLean - 85.0 Old Keene Mill
McLean,Week4,Sully Station II,Week3,208.0 McLean - 194.0 Sully Station II
McLean,Week4,Rolling Forest,Week5,295.0 McLean - 107.0 Rolling Forest
Mosby Woods,Week2,Somerset-Olde Creek,Week3,353.0 Mosby Woods - 48.0 Somerset-Olde Creek
McLean,Week4,Hollin Hills,Week1,343.0 McLean - 58.0 Hollin Hills
Mosby Woods,Week5,Dominion Hills,Week2,247.0 Mosby Woods - 155.0 Dominion Hills
Mosby Woods,Week2,Dominion Hills,Week3,262.0 Mosby Woods - 140.0 Dominion Hills
Mosby Woods,Week5,Dominion Hills,Week4,237.0 Mosby Woods - 165.0 Dominion Hills
McLean,Week4,Sully Station II,Week2,212.5 McLean - 189.5 Sully Station II
Mosby Woods,Week2,Donaldson Run,Week1,203.0 Mosby Woods - 199.0 Donaldson Run
McLean,Week5,Lake Braddock,Week1,373.0 McLean - 29.0 Lake Braddock
Mosby Woods,Week1,Donaldson Run,Week4,217.0 Donaldson Run - 185.0 Mosby Woods
Mosby Woods,Week4,Dominion Hills,Week4,227.0 Mosby Woods - 175.0 Dominion Hills
McLean,Week1,Lakevale Estates,Week1,237.0 McLean - 160.0 Lakevale Estates
McLean,Week5,Lake Braddock,Week2,367.0 McLean - 35.0 Lake Braddock
Mosby Woods,Week5,Somerset-Olde Creek,Week1,354.0 Mosby Woods - 48.0 Somerset-Olde Creek
McLean,Week5,Sully Station II,Week1,269.0 McLean - 133.0 Sully Station II
McLean,Week5,Hollin Hills,Week5,353.0 McLean - 49.0 Hollin Hills
McLean,Week3,Rolling Forest,Week4,313.0 McLean - 89.0 Rolling Forest
McLean,Week3,Hollin Hills,Week3,355.0 McLean - 47.0 Hollin Hills
McLean,Week4,Old Keene Mill,Week5,295.0 McLean - 107.0 Old Keene Mill
Mosby Woods,Week2,Donaldson Run,Week5,248.0 Donaldson Run - 154.0 Mosby Woods
McLean,Week4,Hollin Hills,Week4,341.0 McLean - 57.0 Hollin Hills
McLean,Week4,Orange Hunt,Week3,230.0 McLean - 172.0 Orange Hunt
McLean,Week5,Lake Braddock,Week4,362.0 McLean - 40.0 Lake Braddock
Mosby Woods,Week4,Somerset-Olde Creek,Week4,340.0 Mosby Woods - 62.0 Somerset-Olde Creek
McLean,Week1,Lake Braddock,Week5,349.0 McLean - 53.0 Lake Braddock
Mosby Woods,Week5,Somerset-Olde Creek,Week2,348.0 Mosby Woods - 54.0 Somerset-Olde Creek
McLean,Week3,Hollin Meadows,Week1,281.0 McLean - 121.0 Hollin Meadows
Mosby Woods,Week2,Somerset-Olde Creek,Week4,356.0 Mosby Woods - 46.0 Somerset-Olde Creek
McLean,Week3,Orange Hunt,Week1,239.0 McLean - 163.0 Orange Hunt
McLean,Week5,Hollin Hills,Week2,362.0 McLean - 40.0 Hollin Hills
McLean,Week4,Rolling Forest,Week4,310.0 McLean - 92.0 Rolling Forest
McLean,Week5,Sully Station II,Week2,235.0 McLean - 167.0 Sully Station II
McLean,Week4,Rolling Forest,Week1,304.0 McLean - 93.0 Rolling Forest
McLean,Week3,Rolling Forest,Week3,303.0 McLean - 99.0 Rolling Forest
McLean,Week5,Sully Station II,Week4,277.5 McLean - 124.5 Sully Station II
McLean,Week4,Orange Hunt,Week1,233.0 McLean - 169.0 Orange Hunt
McLean,Week5,Sully Station II,Week3,238.0 McLean - 164.0 Sully Station II
McLean,Week4,Sully Station II,Week5,201.0 McLean - 201.0 Sully Station II
Mosby Woods,Week4,Somerset-Olde Creek,Week1,332.0 Mosby Woods - 68.0 Somerset-Olde Creek
Mosby Woods,Week3,Donaldson Run,Week3,226.5 Donaldson Run - 175.5 Mosby Woods
McLean,Week4,Hollin Hills,Week3,346.0 McLean - 56.0 Hollin Hills
McLean,Week1,Orange Hunt,Week4,248.0 McLean - 154.0 Orange Hunt
McLean,Week3,Rolling Forest,Week2,309.0 McLean - 93.0 Rolling Forest
McLean,Week1,Lakevale Estates,Week3,233.0 McLean - 164.0 Lakevale Estates
McLean,Week2,Orange Hunt,Week1,256.0 McLean - 146.0 Orange Hunt
McLean,Week3,Lake Braddock,Week4,358.0 McLean - 44.0 Lake Braddock
McLean,Week5,Hollin Hills,Week4,361.0 McLean - 41.0 Hollin Hills
McLean,Week1,Truro,Week5,320.0 McLean - 82.0 Truro
McLean,Week3,Orange Hunt,Week4,248.0 McLean - 154.0 Orange Hunt
McLean,Week1,Holmes Run Acres,Week3,262.0 McLean - 140.0 Holmes Run Acres
Mosby Woods,Week3,Donaldson Run,Week4,235.0 Donaldson Run - 167.0 Mosby Woods
Mosby Woods,Week3,Dowden Terrace,Week4,245.0 Mosby Woods - 157.0 Dowden Terrace
Mosby Woods,Week2,Dowden Terrace,Week1,260.0 Mosby Woods - 142.0 Dowden Terrace
McLean,Week1,Truro,Week3,327.0 McLean - 75.0 Truro
McLean,Week1,Lakevale Estates,Week2,243.0 McLean - 159.0 Lakevale Estates
McLean,Week4,Truro,Week3,335.0 McLean - 67.0 Truro
McLean,Week3,Lake Braddock,Week3,344.0 McLean - 57.0 Lake Braddock
McLean,Week1,Rolling Hills,Week2,300.0 McLean - 102.0 Rolling Hills
McLean,Week2,Rolling Hills,Week3,312.0 McLean - 90.0 Rolling Hills
McLean,Week1,Holmes Run Acres,Week2,290.0 McLean - 112.0 Holmes Run Acres
McLean,Week4,Rolling Forest,Week3,288.0 McLean - 114.0 Rolling Forest
McLean,Week4,Lake Braddock,Week1,364.0 McLean - 38.0 Lake Braddock
Mosby Woods,Week1,Donaldson Run,Week3,210.0 Donaldson Run - 192.0 Mosby Woods
McLean,Week3,Hollin Meadows,Week5,266.5 McLean - 135.5 Hollin Meadows
Mosby Woods,Week2,Dowden Terrace,Week4,250.0 Mosby Woods - 152.0 Dowden Terrace
McLean,Week1,Truro,Week2,326.0 McLean - 76.0 Truro
McLean,Week3,Old Keene Mill,Week5,303.0 McLean - 98.0 Old Keene Mill
McLean,Week5,Lake Braddock,Week5,356.0 McLean - 46.0 Lake Braddock
McLean,Week2,Hollin Meadows,Week1,282.0 McLean - 120.0 Hollin Meadows
McLean,Week3,Truro,Week5,324.0 McLean - 73.0 Truro
McLean,Week4,Orange Hunt,Week4,238.0 McLean - 164.0 Orange Hunt
McLean,Week2,Hollin Meadows,Week2,285.0 McLean - 117.0 Hollin Meadows
Mosby Woods,Week5,Somerset-Olde Creek,Week4,349.0 Mosby Woods - 53.0 Somerset-Olde Creek
McLean,Week5,Rolling Forest,Week2,311.0 McLean - 91.0 Rolling Forest
McLean,Week1,Orange Hunt,Week1,249.0 McLean - 153.0 Orange Hunt
McLean,Week3,Orange Hunt,Week5,232.0 McLean - 170.0 Orange Hunt
McLean,Week4,Orange Hunt,Week2,239.0 McLean - 163.0 Orange Hunt
McLean,Week2,Rolling Hills,Week4,310.0 McLean - 91.0 Rolling Hills
Mosby Woods,Week5,Donaldson Run,Week3,223.0 Donaldson Run - 179.0 Mosby Woods
McLean,Week5,Rolling Forest,Week1,314.0 McLean - 88.0 Rolling Forest
McLean,Week5,Truro,Week2,352.0 McLean - 50.0 Truro
Mantua,Week2,Tuckahoe,Week3,331.0 Tuckahoe - 71.0 Mantua
McLean,Week1,Overlee,Week5,282.0 Overlee - 120.0 McLean
McLean,Week3,Lakevale Estates,Week3,221.0 McLean - 176.0 Lakevale Estates
McLean,Week3,Rolling Hills,Week4,310.0 McLean - 92.0 Rolling Hills
Mantua,Week5,Tuckahoe,Week3,308.0 Tuckahoe - 94.0 Mantua
McLean,Week3,Rolling Valley,Week1,364.0 McLean - 38.0 Rolling Valley
McLean,Week2,Lakevale Estates,Week2,260.5 McLean - 141.5 Lakevale Estates
Mantua,Week4,Tuckahoe,Week1,298.0 Tuckahoe - 104.0 Mantua
McLean,Week1,Hollin Meadows,Week2,270.0 McLean - 132.0 Hollin Meadows
McLean,Week4,Rolling Hills,Week5,311.0 McLean - 91.0 Rolling Hills
Mosby Woods,Week4,Dowden Terrace,Week1,231.0 Mosby Woods - 171.0 Dowden Terrace
McLean,Week1,Lakevale Estates,Week5,217.0 McLean - 185.0 Lakevale Estates
McLean,Week4,Truro,Week1,317.0 McLean - 85.0 Truro
McLean,Week5,Orange Hunt,Week4,254.0 McLean - 148.0 Orange Hunt
Mosby Woods,Week4,Donaldson Run,Week3,238.0 Donaldson Run - 164.0 Mosby Woods
McLean,Week5,Lakevale Estates,Week1,243.0 McLean - 159.0 Lakevale Estates
McLean,Week2,Overlee,Week4,245.0 Overlee - 157.0 McLean
McLean,Week4,Truro,Week5,327.0 McLean - 74.0 Truro
Mosby Woods,Week4,Donaldson Run,Week1,236.0 Donaldson Run - 166.0 Mosby Woods
McLean,Week5,Truro,Week4,325.5 McLean - 76.5 Truro
Mantua,Week2,Tuckahoe,Week4,310.0 Tuckahoe - 92.0 Mantua
McLean,Week5,Hollin Meadows,Week3,280.0 McLean - 122.0 Hollin Meadows
McLean,Week3,Truro,Week3,338.0 McLean - 64.0 Truro
McLean,Week1,Rolling Valley,Week1,368.0 McLean - 34.0 Rolling Valley
Mosby Woods,Week3,Donaldson Run,Week2,217.5 Donaldson Run - 184.5 Mosby Woods
McLean,Week2,Hollin Meadows,Week5,264.0 McLean - 138.0 Hollin Meadows
McLean,Week4,Truro,Week4,314.0 McLean - 88.0 Truro
Mosby Woods,Week4,Donaldson Run,Week4,233.0 Donaldson Run - 169.0 Mosby Woods
McLean,Week5,Orange Hunt,Week5,249.0 McLean - 153.0 Orange Hunt
McLean,Week3,Hollin Meadows,Week3,291.0 McLean - 110.0 Hollin Meadows
McLean,Week3,Lakeview,Week2,354.0 McLean - 48.0 Lakeview
McLean,Week3,Lakeview,Week3,337.0 McLean - 65.0 Lakeview
McLean,Week2,Overlee,Week3,217.0 Overlee - 185.0 McLean
Mantua,Week4,Waynewood,Week2,204.0 Waynewood - 198.0 Mantua
McLean,Week4,Lakevale Estates,Week1,226.0 McLean - 176.0 Lakevale Estates
McLean,Week5,Overlee,Week2,214.0 Overlee - 188.0 McLean
McLean,Week2,Rolling Valley,Week2,340.0 McLean - 62.0 Rolling Valley
Mantua,Week4,Waynewood,Week5,214.0 Waynewood - 188.0 Mantua
McLean,Week4,Hollin Meadows,Week5,251.0 McLean - 151.0 Hollin Meadows
McLean,Week1,Tuckahoe,Week1,228.0 Tuckahoe - 174.0 McLean
Mosby Woods,Week4,Donaldson Run,Week5,268.5 Donaldson Run - 133.5 Mosby Woods
McLean,Week3,Truro,Week4,318.0 McLean - 84.0 Truro
Mosby Woods,Week2,Donaldson Run,Week3,217.0 Donaldson Run - 185.0 Mosby Woods
McLean,Week3,Rolling Hills,Week5,323.0 McLean - 79.0 Rolling Hills
Mantua,Week1,Tuckahoe,Week5,303.0 Tuckahoe - 99.0 Mantua
McLean,Week2,Rolling Hills,Week5,323.5 McLean - 78.5 Rolling Hills
Mantua,Week2,Woodley,Week2,314.5 Mantua - 87.5 Woodley
McLean,Week5,Orange Hunt,Week3,263.0 McLean - 139.0 Orange Hunt
McLean,Week4,Lakevale Estates,Week4,221.0 McLean - 181.0 Lakevale Estates
Mantua,Week3,Tuckahoe,Week1,267.0 Tuckahoe - 135.0 Mantua
McLean,Week2,Rolling Valley,Week5,338.0 McLean - 64.0 Rolling Valley
McLean,Week1,Hollin Meadows,Week4,274.0 McLean - 128.0 Hollin Meadows
Mantua,Week1,Tuckahoe,Week4,324.0 Tuckahoe - 78.0 Mantua
Mosby Woods,Week2,Donaldson Run,Week4,215.5 Donaldson Run - 186.5 Mosby Woods
McLean,Week3,Overlee,Week4,254.0 Overlee - 148.0 McLean
Mantua,Week3,Waynewood,Week1,248.0 Mantua - 154.0 Waynewood
McLean,Week4,Hollin Meadows,Week4,272.0 McLean - 130.0 Hollin Meadows
McLean,Week3,Hollin Meadows,Week4,293.0 McLean - 109.0 Hollin Meadows
McLean,Week2,Truro,Week5,331.0 McLean - 71.0 Truro
Mosby Woods,Week1,Donaldson Run,Week5,239.0 Donaldson Run - 163.0 Mosby Woods
Mantua,Week5,Tuckahoe,Week4,305.0 Tuckahoe - 97.0 Mantua
Mantua,Week5,Waynewood,Week3,212.0 Mantua - 190.0 Waynewood
McLean,Week4,Lakeview,Week3,339.0 McLean - 63.0 Lakeview
McLean,Week2,Truro,Week3,330.5 McLean - 71.5 Truro
McLean,Week3,Lakevale Estates,Week2,242.0 McLean - 160.0 Lakevale Estates
McLean,Week1,Tuckahoe,Week4,256.0 Tuckahoe - 146.0 McLean
McLean,Week1,Overlee,Week2,264.0 Overlee - 138.0 McLean
McLean,Week5,Orange Hunt,Week1,259.0 McLean - 143.0 Orange Hunt
Mantua,Week2,Woodley,Week4,311.0 Mantua - 86.0 Woodley
McLean,Week2,Overlee,Week2,224.0 Overlee - 178.0 McLean
McLean,Week3,Hollin Meadows,Week2,290.5 McLean - 111.5 Hollin Meadows
McLean,Week3,Rolling Hills,Week1,312.0 McLean - 90.0 Rolling Hills
Mantua,Week4,Tuckahoe,Week5,317.0 Tuckahoe - 85.0 Mantua
McLean,Week4,Hollin Meadows,Week3,271.0 McLean - 131.0 Hollin Meadows
Mantua,Week1,Tuckahoe,Week1,284.0 Tuckahoe - 118.0 Mantua
Mosby Woods,Week5,Donaldson Run,Week5,249.0 Donaldson Run - 153.0 Mosby Woods
Mantua,Week4,Tuckahoe,Week2,297.0 Tuckahoe - 105.0 Mantua
Mantua,Week3,Waynewood,Week4,246.0 Mantua - 156.0 Waynewood
McLean,Week5,Truro,Week5,344.0 McLean - 58.0 Truro
McLean,Week2,Truro,Week4,315.0 McLean - 87.0 Truro
McLean,Week3,Rolling Hills,Week2,314.0 McLean - 88.0 Rolling Hills
Mantua,Week2,Woodley,Week3,316.0 Mantua - 86.0 Woodley
Mosby Woods,Week3,Donaldson Run,Week1,214.0 Donaldson Run - 188.0 Mosby Woods
Mantua,Week4,Tuckahoe,Week3,325.0 Tuckahoe - 77.0 Mantua
McLean,Week5,Rolling Hills,Week1,312.0 McLean - 90.0 Rolling Hills
McLean,Week1,Tuckahoe,Week2,263.0 Tuckahoe - 139.0 McLean
McLean,Week3,Rolling Hills,Week3,311.0 McLean - 86.0 Rolling Hills
Mantua,Week1,Woodley,Week5,301.0 Mantua - 101.0 Woodley
McLean,Week4,Rolling Hills,Week3,293.0 McLean - 109.0 Rolling Hills
McLean,Week1,Lakeview,Week4,322.0 McLean - 80.0 Lakeview
McLean,Week4,Hollin Meadows,Week1,273.0 McLean - 129.0 Hollin Meadows
Mosby Woods,Week4,Donaldson Run,Week2,249.0 Donaldson Run - 153.0 Mosby Woods
McLean,Week4,Lakevale Estates,Week5,214.0 McLean - 188.0 Lakevale Estates
McLean,Week1,Overlee,Week3,246.0 Overlee - 156.0 McLean
McLean,Week2,Lakevale Estates,Week5,227.0 McLean - 175.0 Lakevale Estates
Mantua,Week2,Woodley,Week5,302.0 Mantua - 100.0 Woodley
Mosby Woods,Week1,Dowden Terrace,Week1,258.0 Mosby Woods - 144.0 Dowden Terrace
McLean,Week1,Hollin Meadows,Week3,263.0 McLean - 139.0 Hollin Meadows
McLean,Week1,Hollin Meadows,Week5,267.0 McLean - 135.0 Hollin Meadows
Mantua,Week3,Tuckahoe,Week3,310.0 Tuckahoe - 92.0 Mantua
McLean,Week4,Overlee,Week2,245.0 Overlee - 157.0 McLean
Mosby Woods,Week5,Donaldson Run,Week1,206.0 Donaldson Run - 196.0 Mosby Woods
Mantua,Week4,Waynewood,Week3,214.0 Waynewood - 188.0 Mantua
McLean,Week3,Overlee,Week1,223.0 Overlee - 179.0 McLean
Mantua,Week3,Tuckahoe,Week4,308.0 Tuckahoe - 94.0 Mantua
McLean,Week5,Rolling Hills,Week2,330.0 McLean - 72.0 Rolling Hills
Mantua,Week2,Tuckahoe,Week1,286.0 Tuckahoe - 116.0 Mantua
Mosby Woods,Week1,Dowden Terrace,Week2,255.0 Mosby Woods - 147.0 Dowden Terrace
McLean,Week4,Truro,Week2,334.0 McLean - 64.0 Truro
Mosby Woods,Week5,Somerset-Olde Creek,Week3,356.0 Mosby Woods - 46.0 Somerset-Olde Creek
Mosby Woods,Week5,Donaldson Run,Week2,221.0 Donaldson Run - 181.0 Mosby Woods
McLean,Week5,Hollin Meadows,Week1,290.0 McLean - 112.0 Hollin Meadows
McLean,Week5,Lakevale Estates,Week5,248.0 McLean - 154.0 Lakevale Estates
Mantua,Week3,Waynewood,Week5,213.0 Mantua - 189.0 Waynewood
McLean,Week5,Lakevale Estates,Week4,235.0 McLean - 167.0 Lakevale Estates
McLean,Week5,Rolling Hills,Week5,333.0 McLean - 69.0 Rolling Hills
McLean,Week3,Overlee,Week3,224.0 Overlee - 178.0 McLean
Mantua,Week5,Truro,Week5,315.0 Mantua - 87.0 Truro
McLean,Week5,Rolling Hills,Week3,317.0 McLean - 85.0 Rolling Hills
McLean,Week5,Lakevale Estates,Week2,255.0 McLean - 147.0 Lakevale Estates
McLean,Week1,Tuckahoe,Week5,253.0 Tuckahoe - 149.0 McLean
McLean,Week5,Hollin Meadows,Week2,286.0 McLean - 116.0 Hollin Meadows
McLean,Week3,Truro,Week1,325.0 McLean - 77.0 Truro
McLean,Week2,Hollin Meadows,Week3,266.0 McLean - 136.0 Hollin Meadows
McLean,Week4,Overlee,Week5,256.0 Overlee - 146.0 McLean
Mantua,Week1,Woodley,Week3,313.0 Mantua - 89.0 Woodley
Mantua,Week3,Waynewood,Week2,236.0 Mantua - 166.0 Waynewood
McLean,Week5,Hollin Meadows,Week5,264.0 McLean - 138.0 Hollin Meadows
Mantua,Week4,Waynewood,Week1,211.0 Mantua - 191.0 Waynewood
Mantua,Week4,Tuckahoe,Week4,323.0 Tuckahoe - 79.0 Mantua
McLean,Week1,Rolling Valley,Week5,345.0 McLean - 57.0 Rolling Valley
Mantua,Week2,Tuckahoe,Week5,308.0 Tuckahoe - 94.0 Mantua
Mantua,Week3,Tuckahoe,Week5,293.0 Tuckahoe - 109.0 Mantua
McLean,Week2,Overlee,Week5,246.0 Overlee - 156.0 McLean
Mosby Woods,Week2,Dowden Terrace,Week2,264.0 Mosby Woods - 138.0 Dowden Terrace
McLean,Week2,Lakevale Estates,Week4,239.0 McLean - 163.0 Lakevale Estates
McLean,Week1,Lakeview,Week1,350.0 McLean - 52.0 Lakeview
McLean,Week5,Rolling Hills,Week4,319.0 McLean - 83.0 Rolling Hills
McLean,Week2,Lakeview,Week1,357.0 McLean - 45.0 Lakeview
McLean,Week1,Rolling Valley,Week4,347.0 McLean - 55.0 Rolling Valley
McLean,Week1,Rolling Valley,Week2,347.0 McLean - 55.0 Rolling Valley
McLean,Week5,Orange Hunt,Week2,263.0 McLean - 139.0 Orange Hunt
McLean,Week2,Lakeview,Week3,339.0 McLean - 63.0 Lakeview
McLean,Week2,Hollin Meadows,Week4,279.0 McLean - 123.0 Hollin Meadows
McLean,Week5,Hollin Meadows,Week4,291.0 McLean - 111.0 Hollin Meadows
McLean,Week2,Lakeview,Week2,353.0 McLean - 49.0 Lakeview
McLean,Week3,Truro,Week2,333.0 McLean - 64.0 Truro
McLean,Week5,Overlee,Week1,216.0 Overlee - 186.0 McLean
Mantua,Week5,Truro,Week4,302.0 Mantua - 100.0 Truro
McLean,Week2,Tuckahoe,Week1,208.0 Tuckahoe - 194.0 McLean
Mantua,Week1,Waynewood,Week1,207.0 Mantua - 195.0 Waynewood
Mantua,Week5,Waynewood,Week4,248.0 Mantua - 154.0 Waynewood
Mosby Woods,Week1,Dowden Terrace,Week5,227.0 Mosby Woods - 175.0 Dowden Terrace
McLean,Week1,Tuckahoe,Week3,270.0 Tuckahoe - 132.0 McLean
Mantua,Week4,Waynewood,Week4,203.0 Mantua - 199.0 Waynewood
McLean,Week4,Hollin Meadows,Week2,274.0 McLean - 128.0 Hollin Meadows
McLean,Week5,Overlee,Week4,249.0 Overlee - 153.0 McLean
Mosby Woods,Week5,Somerset-Olde Creek,Week5,342.0 Mosby Woods - 60.0 Somerset-Olde Creek
Mosby Woods,Week1,Dowden Terrace,Week4,254.0 Mosby Woods - 148.0 Dowden Terrace
Mosby Woods,Week1,Dowden Terrace,Week3,262.0 Mosby Woods - 140.0 Dowden Terrace
Mosby Woods,Week5,Donaldson Run,Week4,238.0 Donaldson Run - 164.0 Mosby Woods
McLean,Week5,Truro,Week1,339.0 McLean - 63.0 Truro
Mosby Woods,Week2,Dowden Terrace,Week5,233.0 Mosby Woods - 169.0 Dowden Terrace
Mantua,Week5,Walden Glen,Week1,313.0 Mantua - 88.0 Walden Glen
McLean,Week1,Holmes Run Acres,Week5,252.0 McLean - 150.0 Holmes Run Acres
McLean,Week2,Rolling Valley,Week4,343.0 McLean - 59.0 Rolling Valley
McLean,Week4,Lakevale Estates,Week3,223.0 McLean - 179.0 Lakevale Estates
McLean,Week2,Truro,Week2,331.0 McLean - 71.0 Truro
Mantua,Week1,Woodley,Week1,316.0 Mantua - 86.0 Woodley
McLean,Week4,Holmes Run Acres,Week5,245.0 McLean - 157.0 Holmes Run Acres
Mosby Woods,Week3,Dowden Terrace,Week1,252.0 Mosby Woods - 144.0 Dowden Terrace
Mosby Woods,Week3,Dowden Terrace,Week2,254.0 Mosby Woods - 148.0 Dowden Terrace
Mantua,Week1,Woodley,Week4,322.0 Mantua - 80.0 Woodley
Mantua,Week3,Tuckahoe,Week2,281.0 Tuckahoe - 121.0 Mantua
McLean,Week4,Overlee,Week4,257.0 Overlee - 145.0 McLean
Mantua,Week1,Waynewood,Week4,203.0 Mantua - 199.0 Waynewood
McLean,Week4,Rolling Hills,Week1,297.0 McLean - 104.0 Rolling Hills
Mantua,Week4,Walden Glen,Week5,257.0 Mantua - 145.0 Walden Glen
McLean,Week2,Tuckahoe,Week2,222.5 Tuckahoe - 179.5 McLean
McLean,Week2,Lakeview,Week5,322.0 McLean - 71.0 Lakeview
Mantua,Week4,Walden Glen,Week2,282.5 Mantua - 119.5 Walden Glen
Mosby Woods,Week2,Dowden Terrace,Week3,264.0 Mosby Woods - 138.0 Dowden Terrace
Mantua,Week5,Tuckahoe,Week1,272.0 Tuckahoe - 130.0 Mantua
Mantua,Week3,Waynewood,Week3,214.0 Mantua - 188.0 Waynewood
McLean,Week1,Holmes Run Acres,Week1,276.0 McLean - 126.0 Holmes Run Acres
McLean,Week5,Lakevale Estates,Week3,235.0 McLean - 167.0 Lakevale Estates
McLean,Week4,Rolling Hills,Week2,305.0 McLean - 97.0 Rolling Hills
McLean,Week4,Rolling Hills,Week4,303.0 McLean - 99.0 Rolling Hills
Mantua,Week1,Tuckahoe,Week2,289.0 Tuckahoe - 113.0 Mantua
Mantua,Week2,Waynewood,Week1,202.0 Mantua - 200.0 Waynewood
McLean,Week5,Truro,Week3,350.0 McLean - 52.0 Truro
McLean,Week2,Rolling Valley,Week1,363.0 McLean - 39.0 Rolling Valley
McLean,Week2,Vienna Aquatic,Week2,230.5 McLean - 171.5 Vienna Aquatic
McLean,Week1,Parklawn,Week1,322.0 McLean - 71.0 Parklawn
McLean,Week2,Overlee,Week1,212.0 Overlee - 190.0 McLean
Mantua,Week5,Tuckahoe,Week2,278.0 Tuckahoe - 124.0 Mantua
McLean,Week1,Hunt Valley,Week3,207.0 McLean - 195.0 Hunt Valley
McLean,Week3,Lakevale Estates,Week4,234.0 McLean - 168.0 Lakevale Estates
Mantua,Week5,Waynewood,Week2,230.0 Mantua - 172.0 Waynewood
McLean,Week1,Overlee,Week4,287.0 Overlee - 115.0 McLean
Mantua,Week1,Tuckahoe,Week3,325.0 Tuckahoe - 77.0 Mantua
McLean,Week1,Lakeview,Week2,349.0 McLean - 53.0 Lakeview
McLean,Week1,Parklawn,Week3,330.0 McLean - 72.0 Parklawn
Mantua,Week2,Waynewood,Week3,232.0 Waynewood - 170.0 Mantua
McLean,Week4,Tuckahoe,Week1,225.0 Tuckahoe - 177.0 McLean
McLean,Week2,Hunt Valley,Week5,227.0 McLean - 175.0 Hunt Valley
Mosby Woods,Week4,Arlington Forest,Week3,287.0 Mosby Woods - 115.0 Arlington Forest
McLean,Week2,Rolling Valley,Week3,342.0 McLean - 60.0 Rolling Valley
Mantua,Week2,Waynewood,Week2,215.0 Waynewood - 187.0 Mantua
McLean,Week1,Rolling Valley,Week3,340.0 McLean - 62.0 Rolling Valley
McLean,Week3,Lakevale Estates,Week1,240.0 McLean - 162.0 Lakevale Estates
Mosby Woods,Week3,Dowden Terrace,Week5,229.0 Mosby Woods - 173.0 Dowden Terrace
McLean,Week1,Parklawn,Week2,326.0 McLean - 76.0 Parklawn
McLean,Week2,Hunt Valley,Week3,216.0 McLean - 186.0 Hunt Valley
Mantua,Week5,Waynewood,Week1,232.0 Mantua - 170.0 Waynewood
McLean,Week4,Rolling Valley,Week1,362.0 McLean - 40.0 Rolling Valley
McLean,Week2,Vienna Aquatic,Week4,221.0 McLean - 181.0 Vienna Aquatic
McLean,Week3,Holmes Run Acres,Week4,281.0 McLean - 121.0 Holmes Run Acres
Mantua,Week4,Walden Glen,Week1,301.0 Mantua - 101.0 Walden Glen
Mantua,Week2,Tuckahoe,Week2,291.0 Tuckahoe - 111.0 Mantua
Mantua,Week5,Waynewood,Week5,203.0 Mantua - 199.0 Waynewood
Mantua,Week1,Woodley,Week2,315.0 Mantua - 87.0 Woodley
Mosby Woods,Week3,Dowden Terrace,Week3,258.0 Mosby Woods - 144.0 Dowden Terrace
McLean,Week5,Tuckahoe,Week2,232.0 Tuckahoe - 170.0 McLean
McLean,Week1,Lakeview,Week3,342.0 McLean - 60.0 Lakeview
McLean,Week1,Overlee,Week1,251.0 Overlee - 151.0 McLean
Mantua,Week2,Woodley,Week1,308.0 Mantua - 94.0 Woodley
McLean,Week3,Lakevale Estates,Week5,226.0 McLean - 176.0 Lakevale Estates
McLean,Week3,Vienna Aquatic,Week3,213.0 McLean - 189.0 Vienna Aquatic
McLean,Week5,Overlee,Week3,220.0 Overlee - 182.0 McLean
McLean,Week3,Tuckahoe,Week4,240.0 Tuckahoe - 162.0 McLean
McLean,Week3,Overlee,Week5,245.0 Overlee - 157.0 McLean
Mantua,Week1,Waynewood,Week5,227.0 Waynewood - 175.0 Mantua
Mantua,Week3,Walden Glen,Week5,283.0 Mantua - 119.0 Walden Glen
Mosby Woods,Week2,Brandywine,Week5,254.0 Mosby Woods - 148.0 Brandywine
McLean,Week5,Rolling Valley,Week4,353.0 McLean - 49.0 Rolling Valley
McLean,Week1,Holmes Run Acres,Week4,277.0 McLean - 125.0 Holmes Run Acres
McLean,Week2,Lakeview,Week4,318.0 McLean - 84.0 Lakeview
Mantua,Week2,Waynewood,Week5,224.0 Waynewood - 178.0 Mantua
McLean,Week4,Overlee,Week1,237.0 Overlee - 165.0 McLean
McLean,Week3,Overlee,Week2,231.0 Overlee - 171.0 McLean
Mantua,Week3,Walden Glen,Week2,308.0 Mantua - 93.0 Walden Glen
McLean,Week4,Overlee,Week3,225.0 Overlee - 177.0 McLean
McLean,Week3,Holmes Run Acres,Week1,286.0 McLean - 116.0 Holmes Run Acres
Mosby Woods,Week1,Orange Hunt,Week4,262.0 Mosby Woods - 140.0 Orange Hunt
McLean,Week2,Holmes Run Acres,Week5,258.0 McLean - 144.0 Holmes Run Acres
McLean,Week4,Tuckahoe,Week5,234.0 Tuckahoe - 168.0 McLean
McLean,Week5,Rolling Valley,Week2,359.0 McLean - 43.0 Rolling Valley
McLean,Week4,Lakevale Estates,Week2,244.5 McLean - 157.5 Lakevale Estates
McLean,Week2,Holmes Run Acres,Week4,283.0 McLean - 119.0 Holmes Run Acres
McLean,Week5,Tuckahoe,Week1,210.0 Tuckahoe - 192.0 McLean
Mosby Woods,Week2,Orange Hunt,Week3,255.0 Mosby Woods - 147.0 Orange Hunt
Mosby Woods,Week4,Arlington Forest,Week4,250.0 Mosby Woods - 152.0 Arlington Forest
McLean,Week4,Rutherford,Week1,319.0 McLean - 83.0 Rutherford
Mosby Woods,Week5,Arlington Forest,Week5,247.0 Mosby Woods - 155.0 Arlington Forest
McLean,Week1,Lakeview,Week5,329.0 McLean - 64.0 Lakeview
Mosby Woods,Week3,Brandywine,Week3,247.0 Mosby Woods - 150.0 Brandywine
McLean,Week3,Tuckahoe,Week1,208.0 Tuckahoe - 194.0 McLean
McLean,Week4,Rolling Valley,Week4,339.0 McLean - 63.0 Rolling Valley
Mantua,Week3,Walden Glen,Week1,324.0 Mantua - 78.0 Walden Glen
McLean,Week3,Holmes Run Acres,Week2,297.0 McLean - 105.0 Holmes Run Acres
Mosby Woods,Week4,Brandywine,Week1,275.5 Mosby Woods - 126.5 Brandywine
McLean,Week5,Parklawn,Week3,340.0 McLean - 62.0 Parklawn
McLean,Week4,Tuckahoe,Week4,243.5 Tuckahoe - 158.5 McLean
Mantua,Week5,Walden Glen,Week3,301.0 Mantua - 101.0 Walden Glen
McLean,Week3,Rutherford,Week5,338.0 McLean - 64.0 Rutherford
Mosby Woods,Week3,Brandywine,Week5,243.0 Mosby Woods - 159.0 Brandywine
Mosby Woods,Week3,Old Keene Mill,Week2,299.0 Mosby Woods - 103.0 Old Keene Mill
Mosby Woods,Week4,Brandywine,Week4,248.0 Mosby Woods - 154.0 Brandywine
McLean,Week3,Lakeview,Week1,362.0 McLean - 40.0 Lakeview
McLean,Week3,Rolling Valley,Week5,342.0 McLean - 60.0 Rolling Valley
McLean,Week3,Holmes Run Acres,Week5,261.0 McLean - 141.0 Holmes Run Acres
Mosby Woods,Week3,Orange Hunt,Week1,244.0 Mosby Woods - 158.0 Orange Hunt
McLean,Week3,Lakeview,Week4,326.5 McLean - 75.5 Lakeview
McLean,Week5,Overlee,Week5,236.0 Overlee - 166.0 McLean
Mosby Woods,Week3,Orange Hunt,Week2,237.0 Mosby Woods - 165.0 Orange Hunt
McLean,Week4,Lakeview,Week2,350.0 McLean - 52.0 Lakeview
McLean,Week2,Rutherford,Week2,330.0 McLean - 72.0 Rutherford
McLean,Week1,Parklawn,Week5,311.0 McLean - 86.0 Parklawn
Mantua,Week2,Waynewood,Week4,207.0 Mantua - 195.0 Waynewood
Mantua,Week2,Walden Glen,Week4,269.0 Mantua - 128.0 Walden Glen
McLean,Week3,Lakeview,Week5,333.0 McLean - 60.0 Lakeview
McLean,Week3,Tuckahoe,Week2,228.0 Tuckahoe - 174.0 McLean
McLean,Week3,Rolling Valley,Week3,349.0 McLean - 53.0 Rolling Valley
McLean,Week3,Holmes Run Acres,Week3,263.0 McLean - 139.0 Holmes Run Acres
McLean,Week4,Holmes Run Acres,Week3,242.0 McLean - 160.0 Holmes Run Acres
Mosby Woods,Week3,Orange Hunt,Week4,239.0 Mosby Woods - 158.0 Orange Hunt
McLean,Week5,Holmes Run Acres,Week1,292.0 McLean - 110.0 Holmes Run Acres
Mantua,Week5,Walden Glen,Week5,277.0 Mantua - 125.0 Walden Glen
McLean,Week5,Holmes Run Acres,Week2,300.0 McLean - 102.0 Holmes Run Acres
Mosby Woods,Week4,Arlington Forest,Week1,264.0 Mosby Woods - 138.0 Arlington Forest
McLean,Week3,Parklawn,Week3,331.0 McLean - 71.0 Parklawn
Mosby Woods,Week4,Orange Hunt,Week1,239.0 Mosby Woods - 163.0 Orange Hunt
McLean,Week1,Vienna Aquatic,Week3,204.0 Vienna Aquatic - 198.0 McLean
Mosby Woods,Week3,Arlington Forest,Week3,288.0 Mosby Woods - 114.0 Arlington Forest
Mantua,Week2,Walden Glen,Week5,247.0 Mantua - 155.0 Walden Glen
McLean,Week5,Rutherford,Week2,340.0 McLean - 62.0 Rutherford
McLean,Week2,Tuckahoe,Week5,227.0 Tuckahoe - 175.0 McLean
McLean,Week1,Vienna Aquatic,Week2,205.0 McLean - 197.0 Vienna Aquatic
McLean,Week4,Lakeview,Week1,352.0 McLean - 50.0 Lakeview
McLean,Week1,Parliament,Week1,252.0 McLean - 150.0 Parliament
McLean,Week3,Tuckahoe,Week5,226.0 Tuckahoe - 176.0 McLean
Mosby Woods,Week3,Arlington Forest,Week5,233.0 Mosby Woods - 169.0 Arlington Forest
McLean,Week5,Lakeview,Week2,367.0 McLean - 35.0 Lakeview
McLean,Week5,Holmes Run Acres,Week5,262.0 McLean - 140.0 Holmes Run Acres
Mantua,Week3,Walden Glen,Week4,300.0 Mantua - 102.0 Walden Glen
Mosby Woods,Week1,Orange Hunt,Week2,254.0 Mosby Woods - 148.0 Orange Hunt
McLean,Week1,Langley,Week5,252.0 McLean - 150.0 Langley
Mantua,Week4,Walden Glen,Week3,287.0 Mantua - 115.0 Walden Glen
McLean,Week5,Lakeview,Week3,354.0 McLean - 48.0 Lakeview
McLean,Week5,Rolling Valley,Week5,353.0 McLean - 49.0 Rolling Valley
Mosby Woods,Week3,Arlington Forest,Week1,269.0 Mosby Woods - 133.0 Arlington Forest
Mosby Woods,Week4,Arlington Forest,Week2,280.0 Mosby Woods - 122.0 Arlington Forest
Mosby Woods,Week4,Orange Hunt,Week4,226.0 Mosby Woods - 176.0 Orange Hunt
Mosby Woods,Week4,Old Keene Mill,Week2,283.0 Mosby Woods - 119.0 Old Keene Mill
McLean,Week4,Tuckahoe,Week2,233.5 Tuckahoe - 168.5 McLean
McLean,Week1,Rutherford,Week2,322.0 McLean - 80.0 Rutherford
McLean,Week5,Holmes Run Acres,Week4,291.0 McLean - 111.0 Holmes Run Acres
McLean,Week3,Tuckahoe,Week3,239.5 Tuckahoe - 162.5 McLean
McLean,Week5,Rolling Valley,Week3,348.0 McLean - 54.0 Rolling Valley
McLean,Week1,Parliament,Week4,278.0 McLean - 124.0 Parliament
Mantua,Week3,Walden Glen,Week3,303.0 Mantua - 99.0 Walden Glen
McLean,Week5,Holmes Run Acres,Week3,271.0 McLean - 131.0 Holmes Run Acres
McLean,Week2,Parliament,Week1,269.0 McLean - 133.0 Parliament
McLean,Week2,Parliament,Week3,279.0 McLean - 123.0 Parliament
Mosby Woods,Week3,Arlington Forest,Week4,257.0 Mosby Woods - 145.0 Arlington Forest
Mosby Woods,Week5,Arlington Forest,Week4,258.0 Mosby Woods - 144.0 Arlington Forest
McLean,Week2,Langley,Week2,267.0 McLean - 135.0 Langley
Mosby Woods,Week4,Old Keene Mill,Week1,297.0 Mosby Woods - 105.0 Old Keene Mill
McLean,Week2,Holmes Run Acres,Week3,271.0 McLean - 131.0 Holmes Run Acres
McLean,Week2,Parliament,Week2,294.0 McLean - 108.0 Parliament
Mantua,Week5,Walden Glen,Week4,301.0 Mantua - 101.0 Walden Glen
McLean,Week2,Langley,Week1,253.0 McLean - 149.0 Langley
McLean,Week1,Rutherford,Week4,321.0 McLean - 81.0 Rutherford
McLean,Week1,Langley,Week2,248.0 McLean - 154.0 Langley
McLean,Week5,Tuckahoe,Week4,246.5 Tuckahoe - 155.5 McLean
Mosby Woods,Week3,Old Keene Mill,Week1,313.0 Mosby Woods - 89.0 Old Keene Mill
Mantua,Week5,Walden Glen,Week2,298.0 Mantua - 104.0 Walden Glen
McLean,Week4,Holmes Run Acres,Week1,276.0 McLean - 126.0 Holmes Run Acres
McLean,Week2,Parklawn,Week2,327.0 McLean - 74.0 Parklawn
McLean,Week4,Tuckahoe,Week3,245.0 Tuckahoe - 157.0 McLean
Mantua,Week4,Walden Glen,Week4,276.0 Mantua - 126.0 Walden Glen
McLean,Week2,Langley,Week4,249.0 McLean - 153.0 Langley
Mosby Woods,Week5,Old Keene Mill,Week5,290.0 Mosby Woods - 112.0 Old Keene Mill
Mosby Woods,Week2,Orange Hunt,Week1,252.0 Mosby Woods - 150.0 Orange Hunt
Mantua,Week1,Waynewood,Week2,203.0 Waynewood - 199.0 Mantua
Mosby Woods,Week1,Brandywine,Week1,289.0 Mosby Woods - 113.0 Brandywine
McLean,Week2,Tuckahoe,Week3,235.0 Tuckahoe - 167.0 McLean
McLean,Week1,Rutherford,Week3,322.0 McLean - 80.0 Rutherford
McLean,Week3,Rolling Valley,Week2,348.0 McLean - 54.0 Rolling Valley
McLean,Week5,Tuckahoe,Week3,241.0 Tuckahoe - 161.0 McLean
McLean,Week2,Holmes Run Acres,Week1,281.0 McLean - 121.0 Holmes Run Acres
Mantua,Week1,Waynewood,Week3,223.0 Waynewood - 179.0 Mantua
McLean,Week5,Lakeview,Week5,336.0 McLean - 57.0 Lakeview
McLean,Week2,Parklawn,Week3,327.0 McLean - 74.0 Parklawn
Mosby Woods,Week3,Arlington Forest,Week2,284.0 Mosby Woods - 118.0 Arlington Forest
Mosby Woods,Week5,Arlington Forest,Week1,264.0 Mosby Woods - 138.0 Arlington Forest
McLean,Week5,Tuckahoe,Week5,229.5 Tuckahoe - 172.5 McLean
McLean,Week4,Holmes Run Acres,Week2,283.0 McLean - 114.0 Holmes Run Acres
McLean,Week2,Rutherford,Week4,326.0 McLean - 76.0 Rutherford
McLean,Week2,Rutherford,Week5,336.0 McLean - 66.0 Rutherford
McLean,Week5,Parklawn,Week2,332.0 McLean - 70.0 Parklawn
Mosby Woods,Week1,Brandywine,Week2,275.0 Mosby Woods - 127.0 Brandywine
McLean,Week2,Tuckahoe,Week4,234.0 Tuckahoe - 168.0 McLean
McLean,Week4,Lakeview,Week4,321.0 McLean - 76.0 Lakeview
McLean,Week1,Vienna Aquatic,Week4,209.5 McLean - 192.5 Vienna Aquatic
McLean,Week1,Vienna Aquatic,Week5,213.0 Vienna Aquatic - 189.0 McLean
McLean,Week2,Parliament,Week5,281.0 McLean - 121.0 Parliament
Mosby Woods,Week5,Arlington Forest,Week3,288.0 Mosby Woods - 114.0 Arlington Forest
McLean,Week1,Hunt Valley,Week4,213.0 McLean - 189.0 Hunt Valley
McLean,Week1,Hunt Valley,Week2,227.0 McLean - 175.0 Hunt Valley
Mosby Woods,Week1,Brandywine,Week5,260.0 Mosby Woods - 142.0 Brandywine
McLean,Week1,Hunt Valley,Week1,218.0 McLean - 184.0 Hunt Valley
McLean,Week4,Langley,Week3,235.0 McLean - 167.0 Langley
McLean,Week4,Holmes Run Acres,Week4,275.0 McLean - 127.0 Holmes Run Acres
McLean,Week2,Vienna Aquatic,Week1,223.0 McLean - 179.0 Vienna Aquatic
McLean,Week1,Rutherford,Week1,322.0 McLean - 80.0 Rutherford
McLean,Week3,Rutherford,Week3,329.0 McLean - 73.0 Rutherford
Mosby Woods,Week5,Old Keene Mill,Week1,307.0 Mosby Woods - 95.0 Old Keene Mill
Mosby Woods,Week3,Old Keene Mill,Week5,294.0 Mosby Woods - 108.0 Old Keene Mill
McLean,Week1,Parliament,Week3,273.0 McLean - 129.0 Parliament
McLean,Week1,Vienna Aquatic,Week1,205.0 McLean - 197.0 Vienna Aquatic
McLean,Week3,Parklawn,Week2,320.0 McLean - 82.0 Parklawn
McLean,Week2,Chesterbrook,Week1,237.5 Chesterbrook - 164.5 McLean
McLean,Week4,Parklawn,Week5,296.0 McLean - 106.0 Parklawn
McLean,Week2,Holmes Run Acres,Week2,295.0 McLean - 107.0 Holmes Run Acres
McLean,Week5,Rolling Valley,Week1,370.0 McLean - 32.0 Rolling Valley
McLean,Week4,Langley,Week5,253.0 McLean - 149.0 Langley
McLean,Week4,Rolling Valley,Week2,349.0 McLean - 53.0 Rolling Valley
McLean,Week2,Parklawn,Week4,309.0 McLean - 92.0 Parklawn
Mosby Woods,Week3,Old Keene Mill,Week3,294.0 Mosby Woods - 108.0 Old Keene Mill
McLean,Week3,Langley,Week2,265.0 McLean - 137.0 Langley
Mosby Woods,Week1,Brandywine,Week3,267.0 Mosby Woods - 135.0 Brandywine
McLean,Week4,Chesterbrook,Week4,259.0 Chesterbrook - 143.0 McLean
Mosby Woods,Week4,Old Keene Mill,Week3,283.0 Mosby Woods - 119.0 Old Keene Mill
McLean,Week1,Langley,Week3,248.0 McLean - 154.0 Langley
Mosby Woods,Week1,Brandywine,Week4,274.0 Mosby Woods - 128.0 Brandywine
Mosby Woods,Week5,Old Keene Mill,Week2,300.0 Mosby Woods - 102.0 Old Keene Mill
McLean,Week1,Chesterbrook,Week1,261.0 Chesterbrook - 141.0 McLean
McLean,Week3,Rutherford,Week1,333.0 McLean - 69.0 Rutherford
Mosby Woods,Week5,Old Keene Mill,Week3,296.0 Mosby Woods - 106.0 Old Keene Mill
Mosby Woods,Week2,Brandywine,Week1,292.0 Mosby Woods - 110.0 Brandywine
McLean,Week1,Hunt Valley,Week5,209.0 McLean - 193.0 Hunt Valley
McLean,Week2,Vienna Aquatic,Week5,212.0 Vienna Aquatic - 190.0 McLean
McLean,Week3,Chesterbrook,Week2,247.0 Chesterbrook - 155.0 McLean
McLean,Week3,Langley,Week4,251.0 McLean - 151.0 Langley
McLean,Week2,Vienna Aquatic,Week3,213.0 McLean - 189.0 Vienna Aquatic
McLean,Week3,Parklawn,Week5,318.0 McLean - 84.0 Parklawn
McLean,Week2,Hunt Valley,Week1,235.0 McLean - 167.0 Hunt Valley
Mosby Woods,Week4,Old Keene Mill,Week4,293.0 Mosby Woods - 109.0 Old Keene Mill
McLean,Week3,Chesterbrook,Week1,238.0 Chesterbrook - 164.0 McLean
McLean,Week3,Rolling Valley,Week4,345.0 McLean - 57.0 Rolling Valley
McLean,Week3,Chesterbrook,Week4,254.0 Chesterbrook - 148.0 McLean
McLean,Week4,Parklawn,Week1,317.0 McLean - 76.0 Parklawn
McLean,Week2,Hunt Valley,Week2,240.0 McLean - 162.0 Hunt Valley
McLean,Week1,Laurel Hill,Week5,310.0 McLean - 87.0 Laurel Hill
Mantua,Week2,Sully Station,Week4,204.0 Sully Station - 198.0 Mantua
Mosby Woods,Week5,Old Keene Mill,Week4,296.0 Mosby Woods - 106.0 Old Keene Mill
McLean,Week3,Parklawn,Week1,327.0 McLean - 66.0 Parklawn
McLean,Week2,Laurel Hill,Week4,333.0 McLean - 69.0 Laurel Hill
Mosby Woods,Week5,Arlington Forest,Week2,286.0 Mosby Woods - 116.0 Arlington Forest
Mosby Woods,Week4,Arlington Forest,Week5,226.0 Mosby Woods - 176.0 Arlington Forest
McLean,Week3,Vienna Aquatic,Week1,220.0 McLean - 182.0 Vienna Aquatic
McLean,Week1,Rutherford,Week5,333.0 McLean - 69.0 Rutherford
Mantua,Week4,Sully Station,Week3,211.0 Sully Station - 191.0 Mantua
McLean,Week2,Rutherford,Week1,326.0 McLean - 76.0 Rutherford
McLean,Week3,Vienna Aquatic,Week4,219.0 McLean - 183.0 Vienna Aquatic
McLean,Week3,Rutherford,Week2,336.0 McLean - 66.0 Rutherford
McLean,Week4,Chesterbrook,Week5,252.0 Chesterbrook - 150.0 McLean
Mosby Woods,Week4,Old Keene Mill,Week5,267.0 Mosby Woods - 135.0 Old Keene Mill
Mosby Woods,Week1,Orange Hunt,Week5,229.0 Mosby Woods - 173.0 Orange Hunt
McLean,Week5,Hunt Valley,Week3,214.0 McLean - 188.0 Hunt Valley
McLean,Week4,Rolling Valley,Week5,339.0 McLean - 63.0 Rolling Valley
McLean,Week3,Parklawn,Week4,317.0 McLean - 85.0 Parklawn
Mosby Woods,Week1,Orange Hunt,Week3,247.0 Mosby Woods - 155.0 Orange Hunt
McLean,Week1,Hunter Mill,Week3,247.0 McLean - 155.0 Hunter Mill
McLean,Week1,Langley,Week4,238.0 McLean - 164.0 Langley
Mosby Woods,Week3,Brandywine,Week1,282.0 Mosby Woods - 120.0 Brandywine
McLean,Week2,Rutherford,Week3,328.0 McLean - 74.0 Rutherford
McLean,Week3,Hunt Valley,Week3,211.0 McLean - 191.0 Hunt Valley
McLean,Week2,Parklawn,Week1,328.0 McLean - 65.0 Parklawn
McLean,Week2,Hunt Valley,Week4,230.0 McLean - 172.0 Hunt Valley
McLean,Week5,Chesterbrook,Week3,256.5 Chesterbrook - 145.5 McLean
McLean,Week3,Vienna Aquatic,Week2,227.0 McLean - 175.0 Vienna Aquatic
Mantua,Week3,Sully Station,Week2,215.0 Mantua - 187.0 Sully Station
Mosby Woods,Week3,Old Keene Mill,Week4,307.0 Mosby Woods - 95.0 Old Keene Mill
McLean,Week1,Parklawn,Week4,307.0 McLean - 95.0 Parklawn
McLean,Week5,Vienna Aquatic,Week5,211.5 McLean - 190.5 Vienna Aquatic
McLean,Week4,Vienna Aquatic,Week2,211.0 McLean - 191.0 Vienna Aquatic
Mosby Woods,Week1,Orange Hunt,Week1,267.0 Mosby Woods - 135.0 Orange Hunt
McLean,Week4,Chesterbrook,Week1,243.0 Chesterbrook - 159.0 McLean
McLean,Week5,Lakeview,Week4,338.0 McLean - 64.0 Lakeview
Mantua,Week1,Sully Station,Week5,219.0 Sully Station - 183.0 Mantua
McLean,Week4,Rolling Valley,Week3,348.0 McLean - 54.0 Rolling Valley
Mosby Woods,Week2,Brandywine,Week4,267.0 Mosby Woods - 135.0 Brandywine
McLean,Week4,Parklawn,Week2,308.0 McLean - 94.0 Parklawn
McLean,Week3,Hunter Mill,Week2,274.0 McLean - 128.0 Hunter Mill
McLean,Week1,Laurel Hill,Week1,326.0 McLean - 76.0 Laurel Hill
Mosby Woods,Week2,Brandywine,Week2,273.0 Mosby Woods - 129.0 Brandywine
Mosby Woods,Week2,Brandywine,Week3,257.0 Mosby Woods - 145.0 Brandywine
McLean,Week2,Laurel Hill,Week2,353.0 McLean - 49.0 Laurel Hill
McLean,Week5,Chesterbrook,Week1,233.0 Chesterbrook - 169.0 McLean
McLean,Week4,Parklawn,Week3,328.0 McLean - 74.0 Parklawn
McLean,Week4,Chesterbrook,Week2,250.0 Chesterbrook - 152.0 McLean
Mosby Woods,Week2,Orange Hunt,Week5,230.0 Mosby Woods - 172.0 Orange Hunt
Mosby Woods,Week4,Brandywine,Week3,241.0 Mosby Woods - 160.0 Brandywine
McLean,Week4,Hunter Mill,Week1,257.0 McLean - 145.0 Hunter Mill
Mosby Woods,Week2,Orange Hunt,Week4,259.0 Mosby Woods - 143.0 Orange Hunt
McLean,Week3,Langley,Week5,254.0 McLean - 148.0 Langley
Mosby Woods,Week1,Bren Mar-Edsall Park,Week1,378.0 Mosby Woods - 24.0 Bren Mar-Edsall Park
McLean,Week3,Rutherford,Week4,329.0 McLean - 73.0 Rutherford
McLean,Week1,Vienna Woods,Week4,208.0 McLean - 194.0 Vienna Woods
McLean,Week5,Lakeview,Week1,367.0 McLean - 35.0 Lakeview
McLean,Week2,Parklawn,Week5,314.0 McLean - 87.0 Parklawn
McLean,Week3,Laurel Hill,Week5,328.0 McLean - 73.0 Laurel Hill
McLean,Week2,Laurel Hill,Week1,334.0 McLean - 68.0 Laurel Hill
McLean,Week4,Rutherford,Week5,319.0 McLean - 83.0 Rutherford
McLean,Week4,Rutherford,Week3,309.0 McLean - 93.0 Rutherford
Mosby Woods,Week4,Brandywine,Week2,259.0 Mosby Woods - 143.0 Brandywine
McLean,Week4,Parklawn,Week4,300.0 McLean - 102.0 Parklawn
McLean,Week2,Commonwealth,Week4,323.0 McLean - 79.0 Commonwealth
McLean,Week5,Vienna Aquatic,Week3,219.0 McLean - 183.0 Vienna Aquatic
McLean,Week4,Hunt Valley,Week3,208.0 Hunt Valley - 194.0 McLean
McLean,Week5,Vienna Aquatic,Week1,225.0 McLean - 177.0 Vienna Aquatic
McLean,Week1,Commonwealth,Week1,317.0 McLean - 85.0 Commonwealth
McLean,Week4,Lakeview,Week5,324.0 McLean - 64.0 Lakeview
Mantua,Week3,Sully Station,Week4,215.0 Mantua - 187.0 Sully Station
Mosby Woods,Week2,Orange Hunt,Week2,257.0 Mosby Woods - 145.0 Orange Hunt
McLean,Week3,Vienna Woods,Week3,213.0 Vienna Woods - 189.0 McLean
McLean,Week3,Hunt Valley,Week4,230.0 McLean - 172.0 Hunt Valley
McLean,Week3,Hunt Valley,Week2,235.0 McLean - 167.0 Hunt Valley
McLean,Week4,Rutherford,Week2,322.0 McLean - 80.0 Rutherford
McLean,Week5,Parklawn,Week4,321.0 McLean - 81.0 Parklawn
McLean,Week4,Rutherford,Week4,317.0 McLean - 85.0 Rutherford
Mosby Woods,Week3,Orange Hunt,Week3,243.0 Mosby Woods - 159.0 Orange Hunt
Mosby Woods,Week3,Brandywine,Week2,262.0 Mosby Woods - 140.0 Brandywine
McLean,Week5,Parklawn,Week1,338.0 McLean - 55.0 Parklawn
Mosby Woods,Week3,Brandywine,Week4,251.5 Mosby Woods - 150.5 Brandywine
Mantua,Week1,Sully Station,Week1,213.5 Sully Station - 187.5 Mantua
McLean,Week2,Chesterbrook,Week3,260.0 Chesterbrook - 142.0 McLean
McLean,Week2,Vienna Woods,Week2,228.0 McLean - 174.0 Vienna Woods
McLean,Week1,Langley,Week1,240.0 McLean - 162.0 Langley
McLean,Week1,Parliament,Week2,281.0 McLean - 121.0 Parliament
Mosby Woods,Week4,Orange Hunt,Week3,235.5 Mosby Woods - 166.5 Orange Hunt
McLean,Week5,Cardinal Hill,Week5,254.0 McLean - 148.0 Cardinal Hill
Mantua,Week1,Sully Station,Week3,209.0 Sully Station - 193.0 Mantua
Mosby Woods,Week5,Brandywine,Week1,281.0 Mosby Woods - 121.0 Brandywine
McLean,Week4,Hunt Valley,Week5,209.0 Hunt Valley - 193.0 McLean
McLean,Week4,Vienna Woods,Week1,216.0 Vienna Woods - 186.0 McLean
McLean,Week1,Parliament,Week5,267.0 McLean - 135.0 Parliament
McLean,Week1,Chesterbrook,Week3,298.0 Chesterbrook - 104.0 McLean
McLean,Week4,Hunt Valley,Week2,207.0 McLean - 195.0 Hunt Valley
Mosby Woods,Week3,Orange Hunt,Week5,224.0 Mosby Woods - 178.0 Orange Hunt
McLean,Week2,Vienna Woods,Week5,224.0 Vienna Woods - 178.0 McLean
McLean,Week5,Rutherford,Week1,342.0 McLean - 60.0 Rutherford
McLean,Week1,Chesterbrook,Week4,278.0 Chesterbrook - 124.0 McLean
McLean,Week2,Langley,Week5,253.0 McLean - 149.0 Langley
Mosby Woods,Week4,Orange Hunt,Week2,239.0 Mosby Woods - 163.0 Orange Hunt
McLean,Week5,Rutherford,Week3,332.0 McLean - 70.0 Rutherford
Mosby Woods,Week4,Bren Mar-Edsall Park,Week3,360.0 Mosby Woods - 42.0 Bren Mar-Edsall Park
McLean,Week1,Hunter Mill,Week4,242.0 McLean - 160.0 Hunter Mill
Mantua,Week2,Sully Station,Week2,202.0 Mantua - 200.0 Sully Station
McLean,Week2,Langley,Week3,252.5 McLean - 149.5 Langley
Mosby Woods,Week2,Bren Mar-Edsall Park,Week1,375.0 Mosby Woods - 27.0 Bren Mar-Edsall Park
McLean,Week5,Parklawn,Week5,321.0 McLean - 81.0 Parklawn
McLean,Week2,Shouse Village,Week3,289.0 McLean - 113.0 Shouse Village
McLean,Week5,Parliament,Week1,270.0 McLean - 132.0 Parliament
McLean,Week2,Parliament,Week4,286.0 McLean - 116.0 Parliament
McLean,Week3,Chesterbrook,Week3,259.0 Chesterbrook - 143.0 McLean
Mantua,Week1,Sully Station,Week2,202.0 Sully Station - 195.0 Mantua
Mosby Woods,Week5,Orange Hunt,Week3,245.0 Mosby Woods - 157.0 Orange Hunt
McLean,Week4,Vienna Woods,Week4,214.0 McLean - 188.0 Vienna Woods
McLean,Week2,Hunter Mill,Week5,246.0 McLean - 156.0 Hunter Mill
Mantua,Week1,Sully Station,Week4,203.0 Sully Station - 199.0 Mantua
McLean,Week1,Chesterbrook,Week5,286.0 Chesterbrook - 116.0 McLean
McLean,Week4,Chesterbrook,Week3,273.0 Chesterbrook - 129.0 McLean
Mantua,Week3,Sully Station,Week5,205.0 Mantua - 197.0 Sully Station
Mosby Woods,Week2,Bren Mar-Edsall Park,Week3,373.0 Mosby Woods - 29.0 Bren Mar-Edsall Park
McLean,Week3,Langley,Week1,256.0 McLean - 146.0 Langley
Mosby Woods,Week2,Overlee,Week3,268.0 Overlee - 134.0 Mosby Woods
McLean,Week4,Vienna Woods,Week5,224.5 Vienna Woods - 177.5 McLean
McLean,Week2,Shouse Village,Week4,277.0 McLean - 125.0 Shouse Village
Mosby Woods,Week3,Bren Mar-Edsall Park,Week3,365.0 Mosby Woods - 37.0 Bren Mar-Edsall Park
Mosby Woods,Week1,Overlee,Week4,311.0 Overlee - 91.0 Mosby Woods
McLean,Week1,Hunter Mill,Week5,225.0 McLean - 177.0 Hunter Mill
McLean,Week4,Vienna Woods,Week3,218.0 Vienna Woods - 184.0 McLean
McLean,Week3,Parliament,Week3,274.0 McLean - 128.0 Parliament
Mosby Woods,Week5,Brandywine,Week3,251.0 Mosby Woods - 151.0 Brandywine
McLean,Week4,Langley,Week2,251.0 McLean - 151.0 Langley
McLean,Week1,Shouse Village,Week3,280.0 McLean - 122.0 Shouse Village
McLean,Week5,Vienna Woods,Week1,213.0 McLean - 189.0 Vienna Woods
McLean,Week5,Hunt Valley,Week4,236.5 McLean - 165.5 Hunt Valley
Mosby Woods,Week3,Overlee,Week3,268.0 Overlee - 134.0 Mosby Woods
Mantua,Week2,Sully Station,Week5,215.0 Sully Station - 187.0 Mantua
McLean,Week3,Hunter Mill,Week3,274.0 McLean - 128.0 Hunter Mill
McLean,Week2,Chesterbrook,Week2,241.0 Chesterbrook - 161.0 McLean
McLean,Week4,Langley,Week4,239.0 McLean - 163.0 Langley
McLean,Week2,Shouse Village,Week5,268.0 McLean - 134.0 Shouse Village
McLean,Week4,Parliament,Week4,270.0 McLean - 132.0 Parliament
McLean,Week5,Langley,Week2,268.0 McLean - 134.0 Langley
Mosby Woods,Week4,Bren Mar-Edsall Park,Week1,363.0 Mosby Woods - 39.0 Bren Mar-Edsall Park
McLean,Week3,Shouse Village,Week2,299.0 McLean - 103.0 Shouse Village
McLean,Week1,Chesterbrook,Week2,269.0 Chesterbrook - 133.0 McLean
Mosby Woods,Week5,Bren Mar-Edsall Park,Week1,372.0 Mosby Woods - 30.0 Bren Mar-Edsall Park
McLean,Week5,Hunt Valley,Week1,225.0 McLean - 177.0 Hunt Valley
McLean,Week5,Hunt Valley,Week2,233.0 McLean - 169.0 Hunt Valley
McLean,Week2,Chesterbrook,Week4,242.0 Chesterbrook - 160.0 McLean
McLean,Week3,Pinecrest,Week1,241.0 McLean - 161.0 Pinecrest
McLean,Week1,Pinecrest,Week2,222.0 McLean - 180.0 Pinecrest
McLean,Week3,Parliament,Week5,273.0 McLean - 124.0 Parliament
McLean,Week3,Shouse Village,Week5,268.0 McLean - 133.0 Shouse Village
McLean,Week5,Langley,Week1,258.0 McLean - 144.0 Langley
Mantua,Week3,Sully Station,Week1,202.0 Sully Station - 200.0 Mantua
McLean,Week1,Vienna Woods,Week2,206.5 McLean - 195.5 Vienna Woods
McLean,Week1,Shouse Village,Week5,265.0 McLean - 137.0 Shouse Village
McLean,Week1,Hunter Mill,Week2,256.0 McLean - 146.0 Hunter Mill
McLean,Week4,Vienna Aquatic,Week4,209.0 McLean - 193.0 Vienna Aquatic
McLean,Week3,Pinecrest,Week4,246.0 McLean - 156.0 Pinecrest
McLean,Week3,Hunt Valley,Week1,224.0 McLean - 178.0 Hunt Valley
McLean,Week1,Commonwealth,Week3,311.0 McLean - 91.0 Commonwealth
McLean,Week4,Vienna Aquatic,Week1,205.0 McLean - 197.0 Vienna Aquatic
McLean,Week3,Langley,Week3,258.0 McLean - 144.0 Langley
McLean,Week4,Langley,Week1,235.0 McLean - 167.0 Langley
Mosby Woods,Week4,Orange Hunt,Week5,218.0 Mosby Woods - 184.0 Orange Hunt
McLean,Week2,Chesterbrook,Week5,242.0 Chesterbrook - 160.0 McLean
McLean,Week1,Vienna Woods,Week5,244.5 Vienna Woods - 157.5 McLean
Mantua,Week2,Sully Station,Week3,208.0 Sully Station - 194.0 Mantua
Mosby Woods,Week2,Bren Mar-Edsall Park,Week2,374.0 Mosby Woods - 27.0 Bren Mar-Edsall Park
McLean,Week5,Shouse Village,Week3,295.0 McLean - 107.0 Shouse Village
Mosby Woods,Week2,Overlee,Week2,276.0 Overlee - 126.0 Mosby Woods
Mosby Woods,Week3,Overlee,Week5,320.0 Overlee - 82.0 Mosby Woods
Mosby Woods,Week5,Bren Mar-Edsall Park,Week2,376.0 Mosby Woods - 26.0 Bren Mar-Edsall Park
McLean,Week3,Hunt Valley,Week5,223.0 McLean - 179.0 Hunt Valley
McLean,Week1,Commonwealth,Week4,314.0 McLean - 88.0 Commonwealth
Mosby Woods,Week5,Bren Mar-Edsall Park,Week3,368.0 Mosby Woods - 34.0 Bren Mar-Edsall Park
Mosby Woods,Week5,Orange Hunt,Week4,246.0 Mosby Woods - 156.0 Orange Hunt
Mosby Woods,Week5,Orange Hunt,Week2,240.0 Mosby Woods - 162.0 Orange Hunt
McLean,Week2,Vienna Woods,Week3,205.0 McLean - 197.0 Vienna Woods
McLean,Week5,Shouse Village,Week1,318.0 McLean - 84.0 Shouse Village
McLean,Week1,Laurel Hill,Week3,327.0 McLean - 75.0 Laurel Hill
McLean,Week5,Hunt Valley,Week5,224.0 McLean - 178.0 Hunt Valley
McLean,Week2,Pinecrest,Week3,248.0 McLean - 154.0 Pinecrest
McLean,Week3,Chesterbrook,Week5,255.0 Chesterbrook - 147.0 McLean
Mantua,Week2,Sully Station,Week1,216.0 Sully Station - 185.0 Mantua
McLean,Week1,Hunter Mill,Week1,256.0 McLean - 146.0 Hunter Mill
McLean,Week4,Vienna Aquatic,Week3,203.0 Vienna Aquatic - 199.0 McLean
McLean,Week1,Laurel Hill,Week4,332.0 McLean - 70.0 Laurel Hill
Mantua,Week4,Sully Station,Week2,207.0 Mantua - 195.0 Sully Station
Mosby Woods,Week1,Overlee,Week2,279.0 Overlee - 123.0 Mosby Woods
McLean,Week5,Vienna Aquatic,Week2,233.0 McLean - 169.0 Vienna Aquatic
Mantua,Week4,Sully Station,Week1,210.0 Sully Station - 192.0 Mantua
McLean,Week5,Chesterbrook,Week4,253.0 Chesterbrook - 149.0 McLean
McLean,Week5,Chesterbrook,Week2,239.0 Chesterbrook - 163.0 McLean
McLean,Week3,Pinecrest,Week5,239.0 McLean - 163.0 Pinecrest
Mosby Woods,Week1,Overlee,Week1,262.0 Overlee - 140.0 Mosby Woods
McLean,Week5,Langley,Week3,260.0 McLean - 142.0 Langley
Mosby Woods,Week1,Bren Mar-Edsall Park,Week5,368.0 Mosby Woods - 34.0 Bren Mar-Edsall Park
Mosby Woods,Week1,Bren Mar-Edsall Park,Week2,376.0 Mosby Woods - 26.0 Bren Mar-Edsall Park
McLean,Week5,Rutherford,Week4,330.0 McLean - 72.0 Rutherford
Mosby Woods,Week5,Bren Mar-Edsall Park,Week4,365.0 Mosby Woods - 37.0 Bren Mar-Edsall Park
McLean,Week4,Shouse Village,Week2,286.0 McLean - 116.0 Shouse Village
McLean,Week4,Pinecrest,Week1,235.0 McLean - 167.0 Pinecrest
McLean,Week3,Vienna Aquatic,Week5,204.0 McLean - 198.0 Vienna Aquatic
McLean,Week2,Hunter Mill,Week1,272.0 McLean - 130.0 Hunter Mill
McLean,Week5,Langley,Week5,266.0 McLean - 136.0 Langley
McLean,Week2,Sideburn Run,Week4,297.0 McLean - 105.0 Sideburn Run
McLean,Week4,Pinecrest,Week2,220.0 McLean - 182.0 Pinecrest
McLean,Week2,Vienna Woods,Week1,210.0 McLean - 192.0 Vienna Woods
McLean,Week4,Vienna Aquatic,Week5,215.0 Vienna Aquatic - 187.0 McLean
McLean,Week2,Commonwealth,Week1,333.0 McLean - 69.0 Commonwealth
Mosby Woods,Week2,Overlee,Week1,258.0 Overlee - 144.0 Mosby Woods
McLean,Week2,Pinecrest,Week2,242.0 McLean - 160.0 Pinecrest
McLean,Week4,Parliament,Week1,249.0 McLean - 152.0 Parliament
Mosby Woods,Week3,Overlee,Week2,286.0 Overlee - 116.0 Mosby Woods
McLean,Week2,Hunter Mill,Week2,273.0 McLean - 129.0 Hunter Mill
Mosby Woods,Week5,Brandywine,Week4,254.0 Mosby Woods - 148.0 Brandywine
McLean,Week2,Commonwealth,Week2,311.0 McLean - 91.0 Commonwealth
Mosby Woods,Week2,Overlee,Week5,313.0 Overlee - 89.0 Mosby Woods
Mantua,Week1,Vienna Woods,Week4,240.0 Vienna Woods - 157.0 Mantua
Mosby Woods,Week4,Brandywine,Week5,229.0 Mosby Woods - 173.0 Brandywine
McLean,Week2,Laurel Hill,Week5,310.0 McLean - 92.0 Laurel Hill
McLean,Week1,Laurel Hill,Week2,349.0 McLean - 53.0 Laurel Hill
McLean,Week1,Vienna Woods,Week1,217.0 Vienna Woods - 185.0 McLean
McLean,Week4,Hunt Valley,Week4,213.0 McLean - 189.0 Hunt Valley
McLean,Week4,Hunt Valley,Week1,205.0 McLean - 197.0 Hunt Valley
McLean,Week1,Sideburn Run,Week4,279.0 McLean - 123.0 Sideburn Run
McLean,Week5,Vienna Aquatic,Week4,237.0 McLean - 165.0 Vienna Aquatic
Mantua,Week3,Vienna Woods,Week3,264.0 Vienna Woods - 138.0 Mantua
Mosby Woods,Week1,Bren Mar-Edsall Park,Week4,369.0 Mosby Woods - 33.0 Bren Mar-Edsall Park
McLean,Week2,Commonwealth,Week3,335.0 McLean - 67.0 Commonwealth
McLean,Week3,Sideburn Run,Week4,303.0 McLean - 99.0 Sideburn Run
McLean,Week5,Langley,Week4,255.0 McLean - 147.0 Langley
Mantua,Week3,Sully Station,Week3,231.0 Mantua - 171.0 Sully Station
McLean,Week2,Hunter Mill,Week3,265.0 McLean - 137.0 Hunter Mill
McLean,Week5,Chesterbrook,Week5,246.0 Chesterbrook - 156.0 McLean
McLean,Week2,Pinecrest,Week5,239.0 McLean - 163.0 Pinecrest
Mosby Woods,Week4,Overlee,Week2,296.0 Overlee - 106.0 Mosby Woods
Mantua,Week2,Vienna Woods,Week4,254.0 Vienna Woods - 148.0 Mantua
McLean,Week2,Shouse Village,Week1,304.0 McLean - 98.0 Shouse Village
McLean,Week5,Rutherford,Week5,346.0 McLean - 56.0 Rutherford
Mosby Woods,Week5,Brandywine,Week5,241.5 Mosby Woods - 160.5 Brandywine
McLean,Week2,Laurel Hill,Week3,335.0 McLean - 67.0 Laurel Hill
McLean,Week3,Parliament,Week1,248.0 McLean - 149.0 Parliament
Mosby Woods,Week4,Overlee,Week1,290.0 Overlee - 112.0 Mosby Woods
McLean,Week1,Shouse Village,Week1,293.0 McLean - 109.0 Shouse Village
McLean,Week3,Hunter Mill,Week4,255.0 McLean - 147.0 Hunter Mill
McLean,Week3,Laurel Hill,Week3,332.0 McLean - 70.0 Laurel Hill
McLean,Week1,Shouse Village,Week2,304.0 McLean - 98.0 Shouse Village
McLean,Week2,Shouse Village,Week2,295.0 McLean - 107.0 Shouse Village
McLean,Week3,Commonwealth,Week5,306.0 McLean - 96.0 Commonwealth
Mantua,Week4,Vienna Woods,Week3,260.0 Vienna Woods - 142.0 Mantua
Mosby Woods,Week2,Overlee,Week4,328.0 Overlee - 74.0 Mosby Woods
Mantua,Week3,Vienna Woods,Week2,240.0 Vienna Woods - 162.0 Mantua
McLean,Week3,Laurel Hill,Week1,329.0 McLean - 73.0 Laurel Hill
McLean,Week1,Commonwealth,Week5,299.0 McLean - 103.0 Commonwealth
McLean,Week5,Parliament,Week3,281.0 McLean - 121.0 Parliament
McLean,Week4,Parliament,Week5,268.0 McLean - 133.0 Parliament
Mosby Woods,Week5,Orange Hunt,Week1,261.0 Mosby Woods - 141.0 Orange Hunt
Mosby Woods,Week3,Bren Mar-Edsall Park,Week2,373.0 Mosby Woods - 28.0 Bren Mar-Edsall Park
Mantua,Week5,Vienna Woods,Week5,272.0 Vienna Woods - 130.0 Mantua
Mosby Woods,Week4,Overlee,Week3,286.0 Overlee - 116.0 Mosby Woods
Mosby Woods,Week5,Overlee,Week1,274.0 Overlee - 128.0 Mosby Woods
McLean,Week2,Vienna Woods,Week4,221.0 McLean - 181.0 Vienna Woods
McLean,Week4,Sideburn Run,Week2,301.0 McLean - 101.0 Sideburn Run
McLean,Week3,Hunter Mill,Week1,267.0 McLean - 130.0 Hunter Mill
McLean,Week1,Vienna Woods,Week3,208.5 Vienna Woods - 193.5 McLean
McLean,Week3,Laurel Hill,Week2,354.0 McLean - 48.0 Laurel Hill
McLean,Week2,Hunter Mill,Week4,260.0 McLean - 142.0 Hunter Mill
McLean,Week1,Pinecrest,Week4,224.0 McLean - 178.0 Pinecrest
McLean,Week5,Commonwealth,Week5,311.0 McLean - 91.0 Commonwealth
Mantua,Week5,Vienna Woods,Week4,230.0 Vienna Woods - 172.0 Mantua
McLean,Week2,Pinecrest,Week4,249.0 McLean - 153.0 Pinecrest
Mosby Woods,Week3,Bren Mar-Edsall Park,Week1,370.0 Mosby Woods - 32.0 Bren Mar-Edsall Park
McLean,Week3,Vienna Woods,Week2,212.0 McLean - 190.0 Vienna Woods
McLean,Week3,Vienna Woods,Week1,214.0 Vienna Woods - 188.0 McLean
Mosby Woods,Week1,Bren Mar-Edsall Park,Week3,372.0 Mosby Woods - 30.0 Bren Mar-Edsall Park
Mosby Woods,Week2,Bren Mar-Edsall Park,Week4,364.0 Mosby Woods - 37.0 Bren Mar-Edsall Park
McLean,Week1,Commonwealth,Week2,295.0 McLean - 107.0 Commonwealth
McLean,Week3,Laurel Hill,Week4,341.0 McLean - 60.0 Laurel Hill
McLean,Week3,Hunter Mill,Week5,258.0 McLean - 144.0 Hunter Mill
Mosby Woods,Week4,Overlee,Week4,337.0 Overlee - 65.0 Mosby Woods
McLean,Week3,Cottontail,Week2,305.0 McLean - 97.0 Cottontail
Mosby Woods,Week1,Overlee,Week3,269.0 Overlee - 133.0 Mosby Woods
Mantua,Week1,Vienna Woods,Week1,265.0 Vienna Woods - 137.0 Mantua
Mosby Woods,Week1,Overlee,Week5,310.0 Overlee - 92.0 Mosby Woods
McLean,Week5,Commonwealth,Week1,329.0 McLean - 73.0 Commonwealth
Mantua,Week1,Vienna Woods,Week3,281.0 Vienna Woods - 121.0 Mantua
McLean,Week4,Laurel Hill,Week3,322.0 McLean - 80.0 Laurel Hill
Mosby Woods,Week2,Bren Mar-Edsall Park,Week5,366.0 Mosby Woods - 36.0 Bren Mar-Edsall Park
McLean,Week4,Parliament,Week3,269.0 McLean - 132.0 Parliament
McLean,Week4,Hunter Mill,Week2,245.5 McLean - 156.5 Hunter Mill
McLean,Week4,Shouse Village,Week3,279.0 McLean - 123.0 Shouse Village
Mantua,Week2,Vienna Woods,Week2,273.0 Vienna Woods - 129.0 Mantua
McLean,Week5,Shouse Village,Week2,305.0 McLean - 97.0 Shouse Village
McLean,Week2,Ilda Community,Week5,328.0 McLean - 74.0 Ilda Community
McLean,Week3,Vienna Woods,Week4,210.0 McLean - 187.0 Vienna Woods
McLean,Week4,Laurel Hill,Week5,304.0 McLean - 98.0 Laurel Hill
McLean,Week4,Vienna Woods,Week2,210.0 McLean - 192.0 Vienna Woods
McLean,Week3,Parliament,Week2,291.0 McLean - 106.0 Parliament
McLean,Week3,Vienna Woods,Week5,231.0 Vienna Woods - 171.0 McLean
McLean,Week2,Ilda Community,Week4,323.0 McLean - 79.0 Ilda Community
McLean,Week2,Cottontail,Week2,310.0 McLean - 92.0 Cottontail
Mosby Woods,Week3,Bren Mar-Edsall Park,Week5,366.0 Mosby Woods - 36.0 Bren Mar-Edsall Park
McLean,Week5,Laurel Hill,Week3,340.0 McLean - 61.0 Laurel Hill
McLean,Week3,Shouse Village,Week3,288.0 McLean - 114.0 Shouse Village
Mosby Woods,Week5,Brandywine,Week2,271.0 Mosby Woods - 131.0 Brandywine
McLean,Week1,Lee Graham,Week3,206.0 McLean - 196.0 Lee Graham
Mantua,Week2,Vienna Woods,Week1,260.0 Vienna Woods - 142.0 Mantua
McLean,Week5,Laurel Hill,Week5,323.0 McLean - 79.0 Laurel Hill
McLean,Week5,Villa Aquatic,Week2,300.0 McLean - 102.0 Villa Aquatic
McLean,Week3,Pinecrest,Week3,234.0 McLean - 168.0 Pinecrest
Mosby Woods,Week5,Orange Hunt,Week5,223.0 Mosby Woods - 179.0 Orange Hunt
McLean,Week3,Cottontail,Week3,309.0 McLean - 93.0 Cottontail
McLean,Week4,Commonwealth,Week5,301.0 McLean - 101.0 Commonwealth
McLean,Week3,Ilda Community,Week1,324.0 McLean - 78.0 Ilda Community
Mosby Woods,Week4,Bren Mar-Edsall Park,Week4,360.0 Mosby Woods - 41.0 Bren Mar-Edsall Park
Mantua,Week4,Vienna Woods,Week2,259.0 Vienna Woods - 143.0 Mantua
McLean,Week3,Shouse Village,Week1,304.0 McLean - 98.0 Shouse Village
McLean,Week1,Lee Graham,Week4,217.0 McLean - 185.0 Lee Graham
McLean,Week5,Hunter Mill,Week1,281.0 McLean - 121.0 Hunter Mill
McLean,Week4,Laurel Hill,Week4,329.0 McLean - 73.0 Laurel Hill
Mosby Woods,Week4,Bren Mar-Edsall Park,Week5,353.0 Mosby Woods - 47.0 Bren Mar-Edsall Park
McLean,Week3,Parliament,Week4,279.0 McLean - 118.0 Parliament
McLean,Week4,Villa Aquatic,Week5,280.0 McLean - 122.0 Villa Aquatic
Mosby Woods,Week5,Overlee,Week4,308.0 Overlee - 94.0 Mosby Woods
McLean,Week3,Shouse Village,Week4,276.0 McLean - 126.0 Shouse Village
McLean,Week1,Shouse Village,Week4,265.0 McLean - 137.0 Shouse Village
McLean,Week4,Parliament,Week2,276.0 McLean - 125.0 Parliament
McLean,Week5,Shouse Village,Week5,280.0 McLean - 122.0 Shouse Village
McLean,Week3,Ilda Community,Week2,329.0 McLean - 73.0 Ilda Community
Mosby Woods,Week5,Overlee,Week3,264.0 Overlee - 138.0 Mosby Woods
Mantua,Week3,Vienna Woods,Week1,254.0 Vienna Woods - 148.0 Mantua
Mantua,Week3,Vienna Woods,Week5,276.0 Vienna Woods - 126.0 Mantua
McLean,Week1,Villa Aquatic,Week1,283.0 McLean - 119.0 Villa Aquatic
McLean,Week1,Villa Aquatic,Week5,278.0 McLean - 124.0 Villa Aquatic
McLean,Week2,Pinecrest,Week1,251.0 McLean - 151.0 Pinecrest
McLean,Week5,Commonwealth,Week3,323.0 McLean - 79.0 Commonwealth
Mosby Woods,Week4,Bren Mar-Edsall Park,Week2,363.0 Mosby Woods - 37.0 Bren Mar-Edsall Park
Mosby Woods,Week5,Overlee,Week2,282.0 Overlee - 120.0 Mosby Woods
McLean,Week3,Commonwealth,Week2,301.0 McLean - 101.0 Commonwealth
Mosby Woods,Week3,Bren Mar-Edsall Park,Week4,365.0 Mosby Woods - 36.0 Bren Mar-Edsall Park
McLean,Week1,Ilda Community,Week1,320.0 McLean - 82.0 Ilda Community
McLean,Week1,Cottontail,Week4,310.0 McLean - 87.0 Cottontail
Mosby Woods,Week3,Overlee,Week1,263.5 Overlee - 138.5 Mosby Woods
McLean,Week1,Cottontail,Week5,299.0 McLean - 103.0 Cottontail
McLean,Week3,Villa Aquatic,Week3,269.0 McLean - 133.0 Villa Aquatic
McLean,Week1,Pinecrest,Week5,225.0 McLean - 177.0 Pinecrest
McLean,Week3,Ilda Community,Week4,327.0 McLean - 75.0 Ilda Community
Mosby Woods,Week5,Brookfield ,Week3,284.0 Mosby Woods - 118.0 Brookfield
McLean,Week4,Laurel Hill,Week1,319.0 McLean - 83.0 Laurel Hill
Mosby Woods,Week4,Overlee,Week5,332.0 Overlee - 70.0 Mosby Woods
McLean,Week3,Villa Aquatic,Week5,287.0 McLean - 115.0 Villa Aquatic
McLean,Week1,Lee Graham,Week5,207.0 McLean - 195.0 Lee Graham
McLean,Week5,Parliament,Week4,288.0 McLean - 114.0 Parliament
McLean,Week5,Commonwealth,Week2,309.0 McLean - 93.0 Commonwealth
Mantua,Week5,Vienna Woods,Week1,243.0 Vienna Woods - 159.0 Mantua
Mosby Woods,Week1,Broyhill Crest,Week2,381.0 Mosby Woods - 20.0 Broyhill Crest
McLean,Week4,Shouse Village,Week1,299.0 McLean - 103.0 Shouse Village
McLean,Week5,Parliament,Week2,285.0 McLean - 117.0 Parliament
Mosby Woods,Week5,Parklawn,Week1,309.0 Mosby Woods - 84.0 Parklawn
McLean,Week5,Hunter Mill,Week4,253.0 McLean - 149.0 Hunter Mill
McLean,Week1,Lee Graham,Week2,214.5 McLean - 187.5 Lee Graham
McLean,Week1,Pinecrest,Week1,229.0 McLean - 173.0 Pinecrest
McLean,Week5,Vienna Woods,Week2,224.0 McLean - 178.0 Vienna Woods
McLean,Week5,Laurel Hill,Week2,356.0 McLean - 46.0 Laurel Hill
McLean,Week2,Sideburn Run,Week1,290.0 McLean - 112.0 Sideburn Run
McLean,Week3,Ilda Community,Week5,329.0 McLean - 73.0 Ilda Community
Mantua,Week1,Vienna Woods,Week2,267.0 Vienna Woods - 135.0 Mantua
McLean,Week5,Vienna Woods,Week5,213.0 Vienna Woods - 189.0 McLean
Mantua,Week3,Villa Aquatic,Week5,264.0 Mantua - 138.0 Villa Aquatic
McLean,Week4,Shouse Village,Week5,261.0 McLean - 141.0 Shouse Village
Mosby Woods,Week3,Overlee,Week4,329.0 Overlee - 73.0 Mosby Woods
Mantua,Week4,Villa Aquatic,Week3,228.0 Mantua - 174.0 Villa Aquatic
Mosby Woods,Week1,Brookfield ,Week4,254.0 Mosby Woods - 148.0 Brookfield
McLean,Week1,Cottontail,Week1,305.0 McLean - 97.0 Cottontail
McLean,Week3,Ilda Community,Week3,334.0 McLean - 63.0 Ilda Community
Mosby Woods,Week2,Brookfield ,Week5,281.0 Mosby Woods - 121.0 Brookfield
McLean,Week4,Shouse Village,Week4,273.0 McLean - 124.0 Shouse Village
McLean,Week5,Parliament,Week5,283.0 McLean - 119.0 Parliament
Mosby Woods,Week5,Brookfield ,Week4,261.0 Mosby Woods - 141.0 Brookfield
McLean,Week2,Cottontail,Week3,307.0 McLean - 95.0 Cottontail
McLean,Week4,Villa Aquatic,Week1,285.0 McLean - 117.0 Villa Aquatic
Mosby Woods,Week2,Brookfield ,Week4,271.0 Mosby Woods - 131.0 Brookfield
McLean,Week3,Villa Aquatic,Week4,284.0 McLean - 118.0 Villa Aquatic
Mantua,Week2,Villa Aquatic,Week3,224.0 Mantua - 178.0 Villa Aquatic
Mantua,Week4,Villa Aquatic,Week1,272.0 Mantua - 130.0 Villa Aquatic
Mosby Woods,Week1,Parklawn,Week4,289.0 Mosby Woods - 112.0 Parklawn
McLean,Week1,Pinecrest,Week3,226.0 McLean - 176.0 Pinecrest
McLean,Week1,Ilda Community,Week2,327.0 McLean - 75.0 Ilda Community
McLean,Week4,Hunter Mill,Week5,225.0 McLean - 177.0 Hunter Mill
McLean,Week4,Lincolnia Park,Week4,341.0 McLean - 61.0 Lincolnia Park
Mosby Woods,Week1,Parliament,Week1,252.0 Mosby Woods - 150.0 Parliament
Mosby Woods,Week1,Broyhill Crest,Week1,373.0 Mosby Woods - 28.0 Broyhill Crest
McLean,Week2,Villa Aquatic,Week5,289.0 McLean - 113.0 Villa Aquatic
McLean,Week2,Sideburn Run,Week2,292.0 McLean - 110.0 Sideburn Run
Mantua,Week3,Vienna Woods,Week4,231.0 Vienna Woods - 171.0 Mantua
McLean,Week3,Pinecrest,Week2,235.0 McLean - 167.0 Pinecrest
McLean,Week5,Shouse Village,Week4,282.0 McLean - 120.0 Shouse Village
McLean,Week1,Sideburn Run,Week3,296.5 McLean - 105.5 Sideburn Run
McLean,Week4,Commonwealth,Week2,297.0 McLean - 105.0 Commonwealth
McLean,Week1,Lee Graham,Week1,216.0 McLean - 186.0 Lee Graham
McLean,Week5,Laurel Hill,Week1,338.0 McLean - 64.0 Laurel Hill
McLean,Week5,Hunter Mill,Week2,276.0 McLean - 126.0 Hunter Mill
Mosby Woods,Week3,Parklawn,Week2,301.0 Mosby Woods - 100.0 Parklawn
McLean,Week4,Commonwealth,Week4,312.0 McLean - 90.0 Commonwealth
McLean,Week4,Laurel Hill,Week2,346.0 McLean - 55.0 Laurel Hill
McLean,Week4,Hunter Mill,Week3,236.0 McLean - 165.0 Hunter Mill
McLean,Week1,Sideburn Run,Week5,291.0 McLean - 111.0 Sideburn Run
Mosby Woods,Week1,Parklawn,Week1,318.0 Mosby Woods - 75.0 Parklawn
Mosby Woods,Week1,Parliament,Week5,274.0 Mosby Woods - 128.0 Parliament
Mantua,Week5,Vienna Woods,Week3,263.0 Vienna Woods - 139.0 Mantua
McLean,Week3,Lincolnia Park,Week4,351.0 McLean - 46.0 Lincolnia Park
McLean,Week2,Lee Graham,Week1,231.0 McLean - 171.0 Lee Graham
McLean,Week2,Villa Aquatic,Week4,292.5 McLean - 109.5 Villa Aquatic
Mosby Woods,Week4,Parklawn,Week5,282.0 Mosby Woods - 120.0 Parklawn
McLean,Week5,Hunter Mill,Week5,249.0 McLean - 153.0 Hunter Mill
McLean,Week1,Villa Aquatic,Week3,263.0 McLean - 139.0 Villa Aquatic
McLean,Week1,Sideburn Run,Week1,282.0 McLean - 120.0 Sideburn Run
McLean,Week1,Lincolnia Park,Week4,344.0 McLean - 53.0 Lincolnia Park
Mosby Woods,Week4,Brookfield ,Week1,236.0 Mosby Woods - 166.0 Brookfield
McLean,Week2,Sideburn Run,Week3,297.0 McLean - 105.0 Sideburn Run
McLean,Week2,Cottontail,Week5,299.0 McLean - 103.0 Cottontail
McLean,Week2,Lee Graham,Week2,227.0 McLean - 175.0 Lee Graham
McLean,Week1,Sideburn Run,Week2,295.0 McLean - 107.0 Sideburn Run
McLean,Week1,Ilda Community,Week3,325.0 McLean - 77.0 Ilda Community
Mosby Woods,Week1,Brookfield ,Week2,288.0 Mosby Woods - 114.0 Brookfield
McLean,Week3,Cottontail,Week1,309.0 McLean - 93.0 Cottontail
Mosby Woods,Week2,Brookfield ,Week2,284.0 Mosby Woods - 118.0 Brookfield
McLean,Week4,Lincolnia Park,Week5,323.0 McLean - 70.0 Lincolnia Park
McLean,Week5,Laurel Hill,Week4,343.0 McLean - 59.0 Laurel Hill
McLean,Week5,Lincolnia Park,Week1,365.0 McLean - 37.0 Lincolnia Park
McLean,Week4,Villa Aquatic,Week4,279.0 McLean - 123.0 Villa Aquatic
McLean,Week5,Hunter Mill,Week3,264.0 McLean - 138.0 Hunter Mill
McLean,Week5,Lincolnia Park,Week3,344.0 McLean - 49.0 Lincolnia Park
Mosby Woods,Week5,Parklawn,Week5,289.0 Mosby Woods - 113.0 Parklawn
McLean,Week5,Commonwealth,Week4,329.0 McLean - 73.0 Commonwealth
Mantua,Week2,Vienna Woods,Week5,297.5 Vienna Woods - 104.5 Mantua
Mantua,Week2,Vienna Woods,Week3,278.0 Vienna Woods - 124.0 Mantua
McLean,Week1,Villa Aquatic,Week4,275.0 McLean - 127.0 Villa Aquatic
McLean,Week2,Cottontail,Week1,302.0 McLean - 100.0 Cottontail
Mosby Woods,Week2,Brookfield ,Week3,290.0 Mosby Woods - 112.0 Brookfield
Mantua,Week1,Villa Aquatic,Week1,273.0 Mantua - 129.0 Villa Aquatic
McLean,Week2,Lee Graham,Week4,239.0 McLean - 163.0 Lee Graham
Mosby Woods,Week3,Brookfield ,Week5,275.0 Mosby Woods - 127.0 Brookfield
McLean,Week3,Commonwealth,Week1,324.0 McLean - 72.0 Commonwealth
McLean,Week2,Sideburn Run,Week5,297.0 McLean - 105.0 Sideburn Run
McLean,Week2,Commonwealth,Week5,309.0 McLean - 93.0 Commonwealth
McLean,Week2,Ilda Community,Week1,330.0 McLean - 72.0 Ilda Community
McLean,Week1,Villa Aquatic,Week2,285.0 McLean - 117.0 Villa Aquatic
Mosby Woods,Week4,Parklawn,Week2,289.0 Mosby Woods - 113.0 Parklawn
McLean,Week3,Lee Graham,Week4,238.0 McLean - 164.0 Lee Graham
Mosby Woods,Week5,Bren Mar-Edsall Park,Week5,363.0 Mosby Woods - 39.0 Bren Mar-Edsall Park
McLean,Week2,Little Hunting Park,Week4,311.0 McLean - 91.0 Little Hunting Park
McLean,Week1,Ilda Community,Week4,309.5 McLean - 92.5 Ilda Community
Mantua,Week1,Villa Aquatic,Week3,227.0 Mantua - 175.0 Villa Aquatic
Mosby Woods,Week3,Brookfield ,Week1,260.0 Mosby Woods - 142.0 Brookfield
McLean,Week3,Sideburn Run,Week1,300.0 McLean - 102.0 Sideburn Run
Mosby Woods,Week2,Parklawn,Week2,301.0 Mosby Woods - 101.0 Parklawn
Mantua,Week4,Vienna Woods,Week1,255.0 Vienna Woods - 147.0 Mantua
McLean,Week2,Villa Aquatic,Week3,270.0 McLean - 132.0 Villa Aquatic
McLean,Week1,Lincolnia Park,Week5,331.5 McLean - 61.5 Lincolnia Park
McLean,Week4,Hunter Mill,Week4,226.0 McLean - 176.0 Hunter Mill
McLean,Week1,Lincolnia Park,Week2,349.0 McLean - 44.0 Lincolnia Park
McLean,Week4,Commonwealth,Week3,313.0 McLean - 88.0 Commonwealth
Mosby Woods,Week1,Brookfield ,Week5,279.0 Mosby Woods - 123.0 Brookfield
Mantua,Week1,Vienna Woods,Week5,284.0 Vienna Woods - 118.0 Mantua
Mantua,Week4,Vienna Woods,Week4,241.0 Vienna Woods - 161.0 Mantua
McLean,Week2,Little Hunting Park,Week2,307.5 McLean - 94.5 Little Hunting Park
Mosby Woods,Week5,Overlee,Week5,309.0 Overlee - 93.0 Mosby Woods
McLean,Week3,Commonwealth,Week4,323.0 McLean - 78.0 Commonwealth
McLean,Week3,Sideburn Run,Week2,302.0 McLean - 100.0 Sideburn Run
Mosby Woods,Week1,Brookfield ,Week1,261.0 Mosby Woods - 141.0 Brookfield
McLean,Week1,Ilda Community,Week5,332.0 McLean - 70.0 Ilda Community
McLean,Week2,Villa Aquatic,Week1,297.0 McLean - 105.0 Villa Aquatic
McLean,Week4,Lee Graham,Week4,218.0 McLean - 184.0 Lee Graham
McLean,Week1,Little Hunting Park,Week1,294.0 McLean - 108.0 Little Hunting Park
McLean,Week4,Lincolnia Park,Week1,348.0 McLean - 54.0 Lincolnia Park
McLean,Week3,Sideburn Run,Week3,306.0 McLean - 96.0 Sideburn Run
McLean,Week4,Villa Aquatic,Week2,287.0 McLean - 115.0 Villa Aquatic
Mosby Woods,Week2,Parklawn,Week1,317.0 Mosby Woods - 76.0 Parklawn
McLean,Week4,Sideburn Run,Week3,292.0 McLean - 110.0 Sideburn Run
Mosby Woods,Week2,Parklawn,Week3,310.0 Mosby Woods - 92.0 Parklawn
McLean,Week4,Commonwealth,Week1,317.5 McLean - 84.5 Commonwealth
McLean,Week3,Villa Aquatic,Week1,297.0 McLean - 105.0 Villa Aquatic
Mosby Woods,Week1,Brookfield ,Week3,295.0 Mosby Woods - 107.0 Brookfield
Mantua,Week1,Villa Aquatic,Week4,247.0 Mantua - 155.0 Villa Aquatic
McLean,Week3,Sideburn Run,Week5,292.0 McLean - 110.0 Sideburn Run
Mosby Woods,Week2,Parliament,Week2,291.0 Mosby Woods - 110.0 Parliament
Mosby Woods,Week3,Brookfield ,Week4,260.0 Mosby Woods - 142.0 Brookfield
McLean,Week3,Commonwealth,Week3,320.0 McLean - 81.0 Commonwealth
Mosby Woods,Week3,Brookfield ,Week3,278.0 Mosby Woods - 124.0 Brookfield
McLean,Week5,Vienna Woods,Week3,209.0 McLean - 193.0 Vienna Woods
McLean,Week3,Villa Aquatic,Week2,286.0 McLean - 116.0 Villa Aquatic
McLean,Week2,Ilda Community,Week2,328.0 McLean - 74.0 Ilda Community
Mantua,Week5,Vienna Woods,Week2,241.0 Vienna Woods - 161.0 Mantua
McLean,Week1,Little Hunting Park,Week3,300.0 McLean - 102.0 Little Hunting Park
McLean,Week2,Lee Graham,Week5,231.0 McLean - 171.0 Lee Graham
McLean,Week4,Lee Graham,Week1,203.0 Lee Graham - 199.0 McLean
McLean,Week3,Lee Graham,Week2,224.0 McLean - 178.0 Lee Graham
McLean,Week2,Lincolnia Park,Week3,341.0 McLean - 52.0 Lincolnia Park
Mantua,Week4,Vienna Woods,Week5,290.0 Vienna Woods - 112.0 Mantua
McLean,Week4,Sideburn Run,Week1,291.0 McLean - 106.0 Sideburn Run
McLean,Week2,Lincolnia Park,Week5,333.0 McLean - 60.0 Lincolnia Park
McLean,Week2,Ilda Community,Week3,331.0 McLean - 71.0 Ilda Community
McLean,Week1,Cottontail,Week2,307.0 McLean - 95.0 Cottontail
Mosby Woods,Week1,Parliament,Week2,283.0 Mosby Woods - 119.0 Parliament
Mosby Woods,Week4,Brookfield ,Week2,259.0 Mosby Woods - 143.0 Brookfield
Mosby Woods,Week2,Brookfield ,Week1,262.0 Mosby Woods - 140.0 Brookfield
McLean,Week5,Canterbury Woods,Week2,304.0 McLean - 98.0 Canterbury Woods
Mantua,Week1,Villa Aquatic,Week5,219.0 Mantua - 183.0 Villa Aquatic
McLean,Week3,Little Hunting Park,Week5,290.0 McLean - 108.0 Little Hunting Park
Mantua,Week1,Villa Aquatic,Week2,269.0 Mantua - 133.0 Villa Aquatic
Mosby Woods,Week3,Parklawn,Week4,280.0 Mosby Woods - 120.0 Parklawn
McLean,Week4,Little Hunting Park,Week5,286.0 McLean - 116.0 Little Hunting Park
McLean,Week5,Vienna Woods,Week4,231.0 McLean - 171.0 Vienna Woods
McLean,Week5,Sideburn Run,Week3,296.0 McLean - 106.0 Sideburn Run
McLean,Week4,Lincolnia Park,Week2,344.0 McLean - 49.0 Lincolnia Park
Mosby Woods,Week3,Brookfield ,Week2,285.0 Mosby Woods - 117.0 Brookfield
Mosby Woods,Week4,Brookfield ,Week3,277.0 Mosby Woods - 125.0 Brookfield
McLean,Week5,Villa Aquatic,Week1,301.5 McLean - 100.5 Villa Aquatic
Mosby Woods,Week3,Parklawn,Week5,291.0 Mosby Woods - 110.0 Parklawn
McLean,Week2,Villa Aquatic,Week2,299.0 McLean - 103.0 Villa Aquatic
McLean,Week2,Cottontail,Week4,317.0 McLean - 85.0 Cottontail
McLean,Week4,Sideburn Run,Week5,293.0 McLean - 109.0 Sideburn Run
Mosby Woods,Week2,Parklawn,Week5,296.0 Mosby Woods - 106.0 Parklawn
McLean,Week4,Sideburn Run,Week4,299.0 McLean - 103.0 Sideburn Run
McLean,Week5,Sideburn Run,Week1,296.0 McLean - 106.0 Sideburn Run
McLean,Week1,Cardinal Hill,Week1,239.0 McLean - 163.0 Cardinal Hill
McLean,Week5,Lee Graham,Week1,236.0 McLean - 166.0 Lee Graham
McLean,Week3,Lee Graham,Week5,219.0 McLean - 183.0 Lee Graham
McLean,Week1,Cottontail,Week3,310.0 McLean - 92.0 Cottontail
Mantua,Week2,Villa Aquatic,Week1,264.0 Mantua - 138.0 Villa Aquatic
Mantua,Week2,Villa Aquatic,Week2,261.0 Mantua - 141.0 Villa Aquatic
McLean,Week5,Lee Graham,Week2,245.0 McLean - 157.0 Lee Graham
McLean,Week3,Lincolnia Park,Week1,355.0 McLean - 42.0 Lincolnia Park
Mosby Woods,Week3,Parklawn,Week1,311.0 Mosby Woods - 82.0 Parklawn
McLean,Week5,Village West,Week2,323.0 McLean - 79.0 Village West
Mantua,Week2,Villa Aquatic,Week4,242.0 Mantua - 160.0 Villa Aquatic
McLean,Week5,Sideburn Run,Week2,300.0 McLean - 102.0 Sideburn Run
McLean,Week4,Village West,Week1,308.0 McLean - 94.0 Village West
McLean,Week4,Canterbury Woods,Week4,277.0 McLean - 125.0 Canterbury Woods
McLean,Week5,Lee Graham,Week3,229.0 McLean - 173.0 Lee Graham
Mantua,Week2,Villa Aquatic,Week5,231.0 Mantua - 171.0 Villa Aquatic
McLean,Week5,Lee Graham,Week5,231.0 McLean - 171.0 Lee Graham
Mosby Woods,Week5,Brookfield ,Week5,270.0 Mosby Woods - 132.0 Brookfield
McLean,Week4,Lee Graham,Week2,212.0 McLean - 190.0 Lee Graham
McLean,Week5,Canterbury Woods,Week3,297.0 McLean - 105.0 Canterbury Woods
Mantua,Week3,Villa Aquatic,Week1,299.0 Mantua - 103.0 Villa Aquatic
McLean,Week4,Lincolnia Park,Week3,326.0 McLean - 67.0 Lincolnia Park
McLean,Week1,Village West,Week5,313.0 McLean - 89.0 Village West
McLean,Week1,Cardinal Hill,Week3,225.0 McLean - 177.0 Cardinal Hill
McLean,Week5,Sideburn Run,Week4,293.0 McLean - 109.0 Sideburn Run
McLean,Week3,Lincolnia Park,Week2,346.0 McLean - 42.0 Lincolnia Park
McLean,Week1,Sleepy Hollow B & R,Week1,270.0 McLean - 132.0 Sleepy Hollow B & R
McLean,Week5,Sideburn Run,Week5,294.0 McLean - 108.0 Sideburn Run
Mosby Woods,Week5,Brookfield ,Week2,276.0 Mosby Woods - 126.0 Brookfield
McLean,Week3,Lee Graham,Week3,213.0 McLean - 189.0 Lee Graham
Mantua,Week3,Villa Aquatic,Week2,295.0 Mantua - 107.0 Villa Aquatic
Mosby Woods,Week4,Brookfield ,Week4,250.0 Mosby Woods - 152.0 Brookfield
Mosby Woods,Week4,Brookfield ,Week5,265.0 Mosby Woods - 137.0 Brookfield
McLean,Week2,Cardinal Hill,Week5,241.0 McLean - 161.0 Cardinal Hill
McLean,Week2,Lincolnia Park,Week1,359.0 McLean - 43.0 Lincolnia Park
Mosby Woods,Week5,Brookfield ,Week1,265.0 Mosby Woods - 137.0 Brookfield
Mosby Woods,Week1,Parklawn,Week3,320.0 Mosby Woods - 82.0 Parklawn
Mosby Woods,Week3,Parklawn,Week3,315.0 Mosby Woods - 86.0 Parklawn
McLean,Week1,Village West,Week4,309.0 McLean - 88.0 Village West
Mosby Woods,Week1,Parklawn,Week2,309.0 Mosby Woods - 93.0 Parklawn
Mantua,Week3,Villa Aquatic,Week4,279.0 Mantua - 123.0 Villa Aquatic
Mosby Woods,Week4,Parklawn,Week1,309.0 Mosby Woods - 84.0 Parklawn
McLean,Week2,Lincolnia Park,Week4,356.0 McLean - 46.0 Lincolnia Park
McLean,Week5,Villa Aquatic,Week5,298.0 McLean - 104.0 Villa Aquatic
Mosby Woods,Week1,Parklawn,Week5,304.0 Mosby Woods - 98.0 Parklawn
McLean,Week2,Lee Graham,Week3,217.0 McLean - 185.0 Lee Graham
McLean,Week3,Cardinal Hill,Week1,240.0 McLean - 162.0 Cardinal Hill
Mantua,Week3,Villa Aquatic,Week3,258.0 Mantua - 144.0 Villa Aquatic
McLean,Week1,Village West,Week2,306.5 McLean - 95.5 Village West
McLean,Week4,Lee Graham,Week3,222.0 McLean - 180.0 Lee Graham
McLean,Week3,Lincolnia Park,Week3,332.0 McLean - 56.0 Lincolnia Park
McLean,Week4,Villa Aquatic,Week3,259.0 McLean - 143.0 Villa Aquatic
McLean,Week4,Canterbury Woods,Week3,281.0 McLean - 121.0 Canterbury Woods
McLean,Week1,Little Hunting Park,Week4,298.0 McLean - 104.0 Little Hunting Park
McLean,Week3,Canterbury Woods,Week3,294.0 McLean - 108.0 Canterbury Woods
McLean,Week5,Lincolnia Park,Week2,354.0 McLean - 39.0 Lincolnia Park
McLean,Week2,Little Hunting Park,Week3,304.0 McLean - 98.0 Little Hunting Park
McLean,Week1,Lincolnia Park,Week1,357.0 McLean - 45.0 Lincolnia Park
Mosby Woods,Week5,Parklawn,Week2,300.0 Mosby Woods - 102.0 Parklawn
Mosby Woods,Week4,Parklawn,Week3,308.0 Mosby Woods - 94.0 Parklawn
McLean,Week5,Villa Aquatic,Week4,294.0 McLean - 108.0 Villa Aquatic
Mosby Woods,Week4,Parklawn,Week4,271.0 Mosby Woods - 130.0 Parklawn
McLean,Week5,Lincolnia Park,Week4,358.0 McLean - 44.0 Lincolnia Park
Mosby Woods,Week1,Broyhill Crest,Week5,369.0 Mosby Woods - 33.0 Broyhill Crest
Mosby Woods,Week2,Parklawn,Week4,287.0 Mosby Woods - 114.0 Parklawn
Mantua,Week4,Villa Aquatic,Week4,253.0 Mantua - 149.0 Villa Aquatic
Mantua,Week4,Villa Aquatic,Week5,235.0 Mantua - 167.0 Villa Aquatic
Mosby Woods,Week3,Broyhill Crest,Week3,371.0 Mosby Woods - 30.0 Broyhill Crest
McLean,Week5,Lee Graham,Week4,239.0 McLean - 163.0 Lee Graham
McLean,Week2,Cardinal Hill,Week2,264.0 McLean - 138.0 Cardinal Hill
McLean,Week1,Village West,Week1,320.0 McLean - 82.0 Village West
McLean,Week3,Cardinal Hill,Week5,240.0 McLean - 162.0 Cardinal Hill
McLean,Week4,Lee Graham,Week5,223.0 McLean - 179.0 Lee Graham
McLean,Week1,Lincolnia Park,Week3,331.5 McLean - 61.5 Lincolnia Park
Mosby Woods,Week4,Broyhill Crest,Week2,373.0 Mosby Woods - 29.0 Broyhill Crest
McLean,Week1,Village West,Week3,294.0 McLean - 108.0 Village West
Mantua,Week4,Villa Aquatic,Week2,270.0 Mantua - 132.0 Villa Aquatic
McLean,Week3,Canterbury Woods,Week4,287.5 McLean - 114.5 Canterbury Woods
Mosby Woods,Week1,Burke Station,Week1,284.0 Mosby Woods - 95.0 Burke Station
Mantua,Week5,Villa Aquatic,Week4,268.0 Mantua - 134.0 Villa Aquatic
McLean,Week2,Canterbury Woods,Week2,299.5 McLean - 102.5 Canterbury Woods
McLean,Week3,Lincolnia Park,Week5,335.0 McLean - 58.0 Lincolnia Park
McLean,Week2,Cardinal Hill,Week4,247.0 McLean - 155.0 Cardinal Hill
McLean,Week5,Cardinal Hill,Week4,255.0 McLean - 147.0 Cardinal Hill
Mosby Woods,Week3,Broyhill Crest,Week1,366.0 Mosby Woods - 33.0 Broyhill Crest
Mantua,Week5,Villa Aquatic,Week5,262.0 Mantua - 140.0 Villa Aquatic
McLean,Week3,Village West,Week3,294.0 McLean - 108.0 Village West
Mosby Woods,Week2,Parliament,Week1,256.0 Mosby Woods - 146.0 Parliament
McLean,Week1,Little Hunting Park,Week2,297.0 McLean - 105.0 Little Hunting Park
McLean,Week5,Lincolnia Park,Week5,336.0 McLean - 57.0 Lincolnia Park
McLean,Week3,Village West,Week1,309.0 McLean - 93.0 Village West
McLean,Week5,Canterbury Woods,Week5,294.0 McLean - 108.0 Canterbury Woods
Mosby Woods,Week2,Burke Station,Week5,292.0 Mosby Woods - 110.0 Burke Station
Mantua,Week5,Villa Aquatic,Week2,292.5 Mantua - 109.5 Villa Aquatic
Mosby Woods,Week5,Parklawn,Week4,289.0 Mosby Woods - 113.0 Parklawn
Mantua,Week5,Villa Aquatic,Week1,300.0 Mantua - 102.0 Villa Aquatic
Mosby Woods,Week5,Broyhill Crest,Week3,387.0 Mosby Woods - 15.0 Broyhill Crest
McLean,Week2,Village West,Week5,319.0 McLean - 83.0 Village West
McLean,Week4,Canterbury Woods,Week2,293.0 McLean - 109.0 Canterbury Woods
Mosby Woods,Week1,Burke Station,Week4,314.0 Mosby Woods - 88.0 Burke Station
McLean,Week3,Village West,Week2,308.0 McLean - 93.0 Village West
McLean,Week2,Little Hunting Park,Week1,307.0 McLean - 94.0 Little Hunting Park
McLean,Week1,Little Hunting Park,Week5,289.0 McLean - 113.0 Little Hunting Park
Mosby Woods,Week5,Parklawn,Week3,309.0 Mosby Woods - 93.0 Parklawn
McLean,Week3,Village West,Week4,303.0 McLean - 94.0 Village West
Mosby Woods,Week1,Parliament,Week4,282.0 Mosby Woods - 120.0 Parliament
Mantua,Week1,Village West,Week1,301.0 Mantua - 101.0 Village West
McLean,Week3,Lee Graham,Week1,233.0 McLean - 169.0 Lee Graham
Mosby Woods,Week1,Parliament,Week3,265.0 Mosby Woods - 137.0 Parliament
Mosby Woods,Week2,Parliament,Week4,288.0 Mosby Woods - 114.0 Parliament
McLean,Week2,Lincolnia Park,Week2,346.0 McLean - 47.0 Lincolnia Park
Mantua,Week5,Villa Aquatic,Week3,257.5 Mantua - 144.5 Villa Aquatic
Mosby Woods,Week2,Broyhill Crest,Week4,378.0 Mosby Woods - 23.0 Broyhill Crest
McLean,Week2,Village West,Week3,305.0 McLean - 97.0 Village West
Mosby Woods,Week4,Broyhill Crest,Week5,361.0 Mosby Woods - 41.0 Broyhill Crest
McLean,Week2,Canterbury Woods,Week3,298.0 McLean - 104.0 Canterbury Woods
Mosby Woods,Week1,Pinecrest,Week2,213.0 Pinecrest - 189.0 Mosby Woods
McLean,Week2,Little Hunting Park,Week5,294.0 McLean - 107.0 Little Hunting Park
McLean,Week3,Village West,Week5,311.5 McLean - 90.5 Village West
Mantua,Week1,Village West,Week3,286.0 Mantua - 116.0 Village West
McLean,Week3,Canterbury Woods,Week1,297.0 McLean - 100.0 Canterbury Woods
McLean,Week2,Village West,Week1,318.0 McLean - 84.0 Village West
McLean,Week2,Canterbury Woods,Week5,298.0 McLean - 103.0 Canterbury Woods
Mosby Woods,Week3,Burke Station,Week3,297.0 Mosby Woods - 100.0 Burke Station
Mantua,Week1,Village West,Week2,298.0 Mantua - 103.0 Village West
McLean,Week4,Village West,Week2,310.0 McLean - 92.0 Village West
Mosby Woods,Week4,Parliament,Week3,248.0 Mosby Woods - 153.0 Parliament
Mosby Woods,Week1,Broyhill Crest,Week4,380.0 Mosby Woods - 21.0 Broyhill Crest
Mosby Woods,Week5,Broyhill Crest,Week1,376.0 Mosby Woods - 26.0 Broyhill Crest
Mosby Woods,Week3,Broyhill Crest,Week5,359.0 Mosby Woods - 43.0 Broyhill Crest
McLean,Week3,Little Hunting Park,Week1,304.0 McLean - 98.0 Little Hunting Park
Mosby Woods,Week3,Burke Station,Week1,283.5 Mosby Woods - 94.5 Burke Station
McLean,Week2,Canterbury Woods,Week4,288.0 McLean - 114.0 Canterbury Woods
McLean,Week4,Little Hunting Park,Week2,302.0 McLean - 100.0 Little Hunting Park
McLean,Week4,Bren Mar-Edsall Park,Week3,374.0 McLean - 28.0 Bren Mar-Edsall Park
McLean,Week2,Brookfield ,Week1,283.0 McLean - 119.0 Brookfield
Mosby Woods,Week3,Parliament,Week2,266.0 Mosby Woods - 135.0 Parliament
Mosby Woods,Week3,Burke Station,Week2,318.0 Mosby Woods - 83.0 Burke Station
McLean,Week2,Village West,Week4,303.0 McLean - 94.0 Village West
McLean,Week5,Bren Mar-Edsall Park,Week3,381.0 McLean - 21.0 Bren Mar-Edsall Park
Mosby Woods,Week4,Parliament,Week5,237.0 Mosby Woods - 163.0 Parliament
Mosby Woods,Week3,Parliament,Week4,262.0 Mosby Woods - 140.0 Parliament
Mosby Woods,Week1,Pinecrest,Week1,208.5 Mosby Woods - 193.5 Pinecrest
McLean,Week5,Bren Mar-Edsall Park,Week4,378.0 McLean - 24.0 Bren Mar-Edsall Park
McLean,Week4,Little Hunting Park,Week3,308.0 McLean - 94.0 Little Hunting Park
McLean,Week2,Village West,Week2,311.0 McLean - 91.0 Village West
McLean,Week3,Canterbury Woods,Week2,301.0 McLean - 101.0 Canterbury Woods
McLean,Week4,Village West,Week4,289.0 McLean - 108.0 Village West
McLean,Week3,Little Hunting Park,Week4,316.0 McLean - 85.0 Little Hunting Park
McLean,Week4,Canterbury Woods,Week1,290.5 McLean - 111.5 Canterbury Woods
McLean,Week4,Little Hunting Park,Week4,308.0 McLean - 94.0 Little Hunting Park
McLean,Week5,Villa Aquatic,Week3,286.0 McLean - 116.0 Villa Aquatic
McLean,Week3,Canterbury Woods,Week5,292.5 McLean - 104.5 Canterbury Woods
McLean,Week1,Brookfield ,Week1,279.0 McLean - 123.0 Brookfield
Mosby Woods,Week1,Pinecrest,Week5,204.0 Mosby Woods - 198.0 Pinecrest
McLean,Week5,Village West,Week1,328.0 McLean - 74.0 Village West
McLean,Week5,Canterbury Woods,Week1,313.0 McLean - 89.0 Canterbury Woods
McLean,Week4,Village West,Week5,306.0 McLean - 96.0 Village West
McLean,Week1,Cardinal Hill,Week2,243.0 McLean - 159.0 Cardinal Hill
McLean,Week2,Little Rocky Run,Week2,250.0 McLean - 152.0 Little Rocky Run
McLean,Week2,Little Rocky Run,Week4,248.0 McLean - 154.0 Little Rocky Run
McLean,Week3,Little Hunting Park,Week3,304.0 McLean - 98.0 Little Hunting Park
McLean,Week4,Village West,Week3,296.0 McLean - 106.0 Village West
McLean,Week2,Brookfield ,Week2,293.0 McLean - 109.0 Brookfield
Mosby Woods,Week2,Pinecrest,Week3,221.5 Pinecrest - 180.5 Mosby Woods
Mosby Woods,Week2,Pinecrest,Week4,217.0 Pinecrest - 185.0 Mosby Woods
McLean,Week4,Canterbury Woods,Week5,281.0 McLean - 116.0 Canterbury Woods
Mosby Woods,Week2,Broyhill Crest,Week1,374.0 Mosby Woods - 26.0 Broyhill Crest
McLean,Week3,Little Hunting Park,Week2,297.0 McLean - 104.0 Little Hunting Park
Mosby Woods,Week2,Broyhill Crest,Week2,384.0 Mosby Woods - 17.0 Broyhill Crest
McLean,Week5,Village West,Week3,309.0 McLean - 93.0 Village West
Mosby Woods,Week5,Broyhill Crest,Week4,384.0 Mosby Woods - 18.0 Broyhill Crest
McLean,Week2,Brookfield ,Week4,280.0 McLean - 122.0 Brookfield
Mosby Woods,Week2,Pinecrest,Week5,211.0 Pinecrest - 191.0 Mosby Woods
Mosby Woods,Week4,Broyhill Crest,Week3,370.0 Mosby Woods - 32.0 Broyhill Crest
McLean,Week4,Little Hunting Park,Week1,302.0 McLean - 100.0 Little Hunting Park
McLean,Week1,Brookfield ,Week3,285.0 McLean - 117.0 Brookfield
Mosby Woods,Week2,Pinecrest,Week2,222.0 Pinecrest - 180.0 Mosby Woods
McLean,Week5,Canterbury Woods,Week4,298.0 McLean - 104.0 Canterbury Woods
Mosby Woods,Week3,Broyhill Crest,Week4,366.0 Mosby Woods - 35.0 Broyhill Crest
Mosby Woods,Week3,Broyhill Crest,Week2,375.0 Mosby Woods - 25.0 Broyhill Crest
McLean,Week3,Brookfield ,Week4,267.0 McLean - 135.0 Brookfield
Mosby Woods,Week2,Pinecrest,Week1,220.0 Mosby Woods - 182.0 Pinecrest
Mosby Woods,Week3,Parliament,Week5,263.0 Mosby Woods - 139.0 Parliament
McLean,Week2,Little Rocky Run,Week3,244.5 McLean - 157.5 Little Rocky Run
McLean,Week2,Virginia Hills,Week2,365.0 McLean - 37.0 Virginia Hills
McLean,Week3,Cardinal Hill,Week2,255.0 McLean - 142.0 Cardinal Hill
McLean,Week2,Cardinal Hill,Week1,244.0 McLean - 158.0 Cardinal Hill
McLean,Week1,Little Rocky Run,Week4,222.0 McLean - 180.0 Little Rocky Run
McLean,Week4,Brookfield ,Week5,274.0 McLean - 128.0 Brookfield
McLean,Week2,Virginia Hills,Week1,361.0 McLean - 41.0 Virginia Hills
McLean,Week1,Brookfield ,Week4,282.5 McLean - 119.5 Brookfield
McLean,Week1,Cardinal Hill,Week4,231.0 McLean - 171.0 Cardinal Hill
Mosby Woods,Week1,Broyhill Crest,Week3,378.0 Mosby Woods - 23.0 Broyhill Crest
McLean,Week3,Little Rocky Run,Week4,235.0 McLean - 167.0 Little Rocky Run
Mosby Woods,Week4,Broyhill Crest,Week4,372.0 Mosby Woods - 30.0 Broyhill Crest
Mosby Woods,Week3,Pinecrest,Week1,208.0 Pinecrest - 194.0 Mosby Woods
McLean,Week1,Virginia Hills,Week1,364.0 McLean - 38.0 Virginia Hills
McLean,Week1,Virginia Hills,Week4,375.0 McLean - 27.0 Virginia Hills
Mosby Woods,Week2,Broyhill Crest,Week5,369.0 Mosby Woods - 33.0 Broyhill Crest
McLean,Week1,Broyhill Crest,Week4,378.0 McLean - 24.0 Broyhill Crest
McLean,Week3,Little Rocky Run,Week2,247.0 McLean - 155.0 Little Rocky Run
McLean,Week5,Little Hunting Park,Week1,303.0 McLean - 99.0 Little Hunting Park
McLean,Week1,Virginia Hills,Week2,370.5 McLean - 31.5 Virginia Hills
Mosby Woods,Week3,Pinecrest,Week2,218.0 Pinecrest - 184.0 Mosby Woods
Mosby Woods,Week5,Parliament,Week2,286.0 Mosby Woods - 116.0 Parliament
McLean,Week4,Bren Mar-Edsall Park,Week5,372.0 McLean - 29.0 Bren Mar-Edsall Park
McLean,Week4,Little Rocky Run,Week3,214.0 McLean - 188.0 Little Rocky Run
McLean,Week1,Cardinal Hill,Week5,225.5 McLean - 176.5 Cardinal Hill
McLean,Week3,Brookfield ,Week2,280.0 McLean - 122.0 Brookfield
McLean,Week2,Cardinal Hill,Week3,236.0 McLean - 166.0 Cardinal Hill
McLean,Week3,Cardinal Hill,Week3,226.0 McLean - 176.0 Cardinal Hill
McLean,Week5,Village West,Week5,329.0 McLean - 73.0 Village West
Mosby Woods,Week2,Broyhill Crest,Week3,379.0 Mosby Woods - 22.0 Broyhill Crest
Mosby Woods,Week2,Parliament,Week5,281.0 Mosby Woods - 121.0 Parliament
McLean,Week5,Bren Mar-Edsall Park,Week5,378.5 McLean - 23.5 Bren Mar-Edsall Park
Mosby Woods,Week5,Parliament,Week1,244.0 Mosby Woods - 158.0 Parliament
McLean,Week4,Cardinal Hill,Week1,241.0 McLean - 161.0 Cardinal Hill
McLean,Week5,Little Hunting Park,Week3,315.0 McLean - 87.0 Little Hunting Park
McLean,Week1,Little Rocky Run,Week5,207.0 McLean - 195.0 Little Rocky Run
Mosby Woods,Week5,Broyhill Crest,Week5,374.0 Mosby Woods - 28.0 Broyhill Crest
McLean,Week2,Virginia Hills,Week5,360.0 McLean - 42.0 Virginia Hills
McLean,Week2,Little Rocky Run,Week1,257.0 McLean - 145.0 Little Rocky Run
Mosby Woods,Week1,Burke Station,Week5,302.0 Mosby Woods - 100.0 Burke Station
McLean,Week2,Little Rocky Run,Week5,224.0 McLean - 178.0 Little Rocky Run
McLean,Week1,Broyhill Crest,Week1,379.0 McLean - 23.0 Broyhill Crest
Mosby Woods,Week3,Parliament,Week1,237.0 Mosby Woods - 165.0 Parliament
Mosby Woods,Week4,Parliament,Week2,261.0 Mosby Woods - 139.0 Parliament
McLean,Week4,Brookfield ,Week3,268.0 McLean - 134.0 Brookfield
Mosby Woods,Week5,Broyhill Crest,Week2,390.0 Mosby Woods - 12.0 Broyhill Crest
Mosby Woods,Week1,Burke Station,Week2,322.5 Mosby Woods - 79.5 Burke Station
McLean,Week1,Brookfield ,Week5,283.0 McLean - 119.0 Brookfield
McLean,Week5,Little Hunting Park,Week2,309.0 McLean - 93.0 Little Hunting Park
Mosby Woods,Week1,Burke Station,Week3,302.5 Mosby Woods - 93.5 Burke Station
Mosby Woods,Week3,Pinecrest,Week3,222.0 Pinecrest - 180.0 Mosby Woods
McLean,Week1,Virginia Hills,Week3,376.0 McLean - 26.0 Virginia Hills
McLean,Week4,Bren Mar-Edsall Park,Week4,370.0 McLean - 32.0 Bren Mar-Edsall Park
Mosby Woods,Week2,Burke Station,Week1,287.0 Mosby Woods - 92.0 Burke Station
McLean,Week4,Brookfield ,Week4,265.0 McLean - 137.0 Brookfield
Mosby Woods,Week4,Broyhill Crest,Week1,368.0 Mosby Woods - 33.0 Broyhill Crest
McLean,Week2,Virginia Hills,Week4,372.0 McLean - 30.0 Virginia Hills
McLean,Week4,Cardinal Hill,Week3,214.0 McLean - 188.0 Cardinal Hill
Mosby Woods,Week2,Parliament,Week3,283.0 Mosby Woods - 119.0 Parliament
McLean,Week4,Cardinal Hill,Week2,251.0 McLean - 151.0 Cardinal Hill
McLean,Week4,Cardinal Hill,Week4,230.5 McLean - 171.5 Cardinal Hill
McLean,Week1,Little Rocky Run,Week1,229.0 McLean - 168.0 Little Rocky Run
McLean,Week2,Virginia Hills,Week3,370.0 McLean - 32.0 Virginia Hills
Mosby Woods,Week4,Parliament,Week4,261.0 Mosby Woods - 141.0 Parliament
McLean,Week2,Broyhill Crest,Week4,373.0 McLean - 28.0 Broyhill Crest
McLean,Week3,Cardinal Hill,Week4,251.0 McLean - 151.0 Cardinal Hill
McLean,Week1,Virginia Hills,Week5,365.0 McLean - 37.0 Virginia Hills
McLean,Week5,Village West,Week4,311.0 McLean - 86.0 Village West
McLean,Week4,Cardinal Hill,Week5,237.0 McLean - 165.0 Cardinal Hill
Mosby Woods,Week2,Burke Station,Week2,324.0 Mosby Woods - 78.0 Burke Station
McLean,Week3,Virginia Hills,Week2,367.0 McLean - 34.0 Virginia Hills
Mosby Woods,Week3,Burke Station,Week4,307.0 Mosby Woods - 95.0 Burke Station
McLean,Week5,Virginia Hills,Week2,375.0 McLean - 27.0 Virginia Hills
Mosby Woods,Week2,Burke Station,Week4,319.0 Mosby Woods - 83.0 Burke Station
McLean,Week3,Brookfield ,Week5,279.0 McLean - 123.0 Brookfield
McLean,Week3,Virginia Run,Week5,274.0 McLean - 128.0 Virginia Run
Mosby Woods,Week3,Parliament,Week3,264.0 Mosby Woods - 138.0 Parliament
McLean,Week5,Cardinal Hill,Week1,245.0 McLean - 157.0 Cardinal Hill
McLean,Week3,Little Rocky Run,Week1,254.0 McLean - 148.0 Little Rocky Run
McLean,Week3,Little Rocky Run,Week5,227.0 McLean - 170.0 Little Rocky Run
McLean,Week5,Cardinal Hill,Week2,262.0 McLean - 140.0 Cardinal Hill
McLean,Week5,Cardinal Hill,Week3,244.0 McLean - 158.0 Cardinal Hill
Mosby Woods,Week4,Parliament,Week1,225.0 Mosby Woods - 175.0 Parliament
Mosby Woods,Week2,Burke Station,Week3,301.0 Mosby Woods - 96.0 Burke Station
Mosby Woods,Week5,Parliament,Week3,263.0 Mosby Woods - 139.0 Parliament
McLean,Week4,Little Rocky Run,Week4,220.0 McLean - 182.0 Little Rocky Run
McLean,Week1,Virginia Run,Week5,261.0 McLean - 141.0 Virginia Run
McLean,Week2,Virginia Run,Week4,280.0 McLean - 122.0 Virginia Run
McLean,Week3,Little Rocky Run,Week3,230.0 McLean - 172.0 Little Rocky Run
McLean,Week5,Brookfield ,Week3,294.0 McLean - 108.0 Brookfield
McLean,Week5,Bren Mar-Edsall Park,Week2,381.0 McLean - 21.0 Bren Mar-Edsall Park
Mosby Woods,Week1,Pinecrest,Week3,206.0 Pinecrest - 196.0 Mosby Woods
McLean,Week5,Bren Mar-Edsall Park,Week1,387.0 McLean - 15.0 Bren Mar-Edsall Park
McLean,Week4,Little Rocky Run,Week2,222.0 McLean - 180.0 Little Rocky Run
Mosby Woods,Week5,Parliament,Week4,279.0 Mosby Woods - 123.0 Parliament
Mosby Woods,Week4,Pinecrest,Week4,238.0 Pinecrest - 164.0 Mosby Woods
McLean,Week4,Virginia Hills,Week4,369.0 McLean - 33.0 Virginia Hills
Mosby Woods,Week2,Camelot,Week3,286.0 Mosby Woods - 116.0 Camelot
McLean,Week1,Brookfield ,Week2,294.0 McLean - 108.0 Brookfield
Mosby Woods,Week1,Camelot,Week3,273.0 Mosby Woods - 129.0 Camelot
Mosby Woods,Week4,Burke Station,Week3,288.0 Mosby Woods - 108.0 Burke Station
McLean,Week3,Virginia Hills,Week3,368.0 McLean - 34.0 Virginia Hills
McLean,Week4,Little Rocky Run,Week1,230.0 McLean - 172.0 Little Rocky Run
Mosby Woods,Week3,Pinewood Lake,Week4,361.0 Mosby Woods - 34.0 Pinewood Lake
McLean,Week5,Little Hunting Park,Week5,300.0 McLean - 101.0 Little Hunting Park
Mosby Woods,Week5,Camelot,Week3,276.0 Mosby Woods - 126.0 Camelot
Mosby Woods,Week5,Pinecrest,Week5,225.0 Pinecrest - 177.0 Mosby Woods
McLean,Week2,Brookfield ,Week3,296.0 McLean - 106.0 Brookfield
Mosby Woods,Week4,Pinecrest,Week3,220.0 Pinecrest - 182.0 Mosby Woods
McLean,Week1,Broyhill Crest,Week3,376.0 McLean - 26.0 Broyhill Crest
McLean,Week3,Virginia Hills,Week5,363.0 McLean - 39.0 Virginia Hills
Mosby Woods,Week1,Camelot,Week1,282.0 Mosby Woods - 120.0 Camelot
McLean,Week3,Brookfield ,Week1,263.0 McLean - 139.0 Brookfield
McLean,Week4,Brookfield ,Week2,276.0 McLean - 126.0 Brookfield
McLean,Week1,Little Rocky Run,Week2,224.0 McLean - 178.0 Little Rocky Run
McLean,Week4,Brookfield ,Week1,257.0 McLean - 145.0 Brookfield
Mosby Woods,Week1,Pinecrest,Week4,209.0 Pinecrest - 193.0 Mosby Woods
Mosby Woods,Week4,Pinewood Lake,Week3,361.0 Mosby Woods - 36.0 Pinewood Lake
Mosby Woods,Week2,Camelot,Week2,269.0 Mosby Woods - 133.0 Camelot
McLean,Week5,Little Hunting Park,Week4,313.0 McLean - 89.0 Little Hunting Park
McLean,Week4,Virginia Hills,Week3,369.0 McLean - 33.0 Virginia Hills
McLean,Week4,Virginia Hills,Week2,359.0 McLean - 43.0 Virginia Hills
Mosby Woods,Week5,Parliament,Week5,265.5 Mosby Woods - 136.5 Parliament
McLean,Week4,Virginia Run,Week2,270.5 McLean - 126.5 Virginia Run
McLean,Week1,Little Rocky Run,Week3,205.0 McLean - 197.0 Little Rocky Run
McLean,Week1,Long Branch,Week5,308.0 McLean - 94.0 Long Branch
McLean,Week2,Brookfield ,Week5,289.0 McLean - 113.0 Brookfield
McLean,Week5,Virginia Hills,Week4,383.0 McLean - 19.0 Virginia Hills
McLean,Week3,Long Branch,Week5,300.0 McLean - 102.0 Long Branch
Mosby Woods,Week2,Camelot,Week5,290.0 Mosby Woods - 112.0 Camelot
Mosby Woods,Week1,Camelot,Week4,286.0 Mosby Woods - 116.0 Camelot
Mosby Woods,Week3,Pinecrest,Week4,230.0 Pinecrest - 172.0 Mosby Woods
McLean,Week1,Long Branch,Week4,310.0 McLean - 92.0 Long Branch
Mosby Woods,Week3,Burke Station,Week5,283.0 Mosby Woods - 114.0 Burke Station
McLean,Week1,Virginia Run,Week1,259.0 McLean - 143.0 Virginia Run
McLean,Week2,Broyhill Crest,Week1,374.0 McLean - 27.0 Broyhill Crest
McLean,Week5,Little Rocky Run,Week1,260.0 McLean - 142.0 Little Rocky Run
Mosby Woods,Week5,Burke Station,Week2,320.0 Mosby Woods - 82.0 Burke Station
McLean,Week5,Brookfield ,Week4,286.0 McLean - 116.0 Brookfield
Mosby Woods,Week4,Burke Station,Week1,266.0 Mosby Woods - 113.0 Burke Station
Mosby Woods,Week5,Burke Station,Week3,297.0 Mosby Woods - 100.0 Burke Station
McLean,Week5,Virginia Hills,Week5,367.0 McLean - 34.0 Virginia Hills
McLean,Week4,Virginia Hills,Week1,355.0 McLean - 47.0 Virginia Hills
McLean,Week5,Little Rocky Run,Week5,216.0 McLean - 186.0 Little Rocky Run
Mosby Woods,Week4,Pinecrest,Week1,213.0 Pinecrest - 189.0 Mosby Woods
McLean,Week1,Virginia Run,Week3,266.0 McLean - 136.0 Virginia Run
Mosby Woods,Week4,Camelot,Week2,267.0 Mosby Woods - 135.0 Camelot
McLean,Week5,Brookfield ,Week1,275.0 McLean - 127.0 Brookfield
Mosby Woods,Week3,Pinecrest,Week5,228.0 Pinecrest - 169.0 Mosby Woods
Mosby Woods,Week3,Pinewood Lake,Week5,361.0 Mosby Woods - 34.0 Pinewood Lake
McLean,Week1,Broyhill Crest,Week2,380.0 McLean - 22.0 Broyhill Crest
McLean,Week5,Little Rocky Run,Week3,242.5 McLean - 159.5 Little Rocky Run
McLean,Week3,Virginia Run,Week4,279.0 McLean - 123.0 Virginia Run
McLean,Week5,Long Branch,Week3,328.0 McLean - 74.0 Long Branch
Mosby Woods,Week5,Pinecrest,Week4,224.0 Pinecrest - 178.0 Mosby Woods
Mosby Woods,Week1,Camelot,Week2,271.0 Mosby Woods - 131.0 Camelot
Mosby Woods,Week4,Pinecrest,Week2,243.0 Pinecrest - 159.0 Mosby Woods
McLean,Week1,Broyhill Crest,Week5,367.0 McLean - 35.0 Broyhill Crest
McLean,Week4,Long Branch,Week5,295.0 McLean - 107.0 Long Branch
McLean,Week4,Virginia Hills,Week5,357.0 McLean - 45.0 Virginia Hills
McLean,Week3,Virginia Hills,Week1,362.0 McLean - 40.0 Virginia Hills
Mosby Woods,Week5,Pinewood Lake,Week2,379.0 Mosby Woods - 23.0 Pinewood Lake
McLean,Week3,Brookfield ,Week3,280.0 McLean - 122.0 Brookfield
Mosby Woods,Week3,Pinewood Lake,Week1,370.0 Mosby Woods - 25.0 Pinewood Lake
McLean,Week1,Virginia Run,Week4,269.5 McLean - 132.5 Virginia Run
Mosby Woods,Week4,Burke Station,Week2,306.0 Mosby Woods - 96.0 Burke Station
McLean,Week5,Brookfield ,Week2,297.0 McLean - 105.0 Brookfield
McLean,Week5,Brookfield ,Week5,296.0 McLean - 106.0 Brookfield
McLean,Week2,Long Branch,Week5,296.0 McLean - 106.0 Long Branch
McLean,Week1,Long Branch,Week1,298.0 McLean - 99.0 Long Branch
Mosby Woods,Week2,Camelot,Week4,294.0 Mosby Woods - 108.0 Camelot
McLean,Week2,Long Branch,Week1,309.0 McLean - 93.0 Long Branch
Mosby Woods,Week5,Burke Station,Week1,287.0 Mosby Woods - 92.0 Burke Station
McLean,Week2,Broyhill Crest,Week2,380.0 McLean - 21.0 Broyhill Crest
McLean,Week2,Long Branch,Week4,309.0 McLean - 93.0 Long Branch
McLean,Week5,Virginia Hills,Week1,369.5 McLean - 32.5 Virginia Hills
Mosby Woods,Week4,Burke Station,Week4,301.0 Mosby Woods - 101.0 Burke Station
McLean,Week2,Virginia Run,Week3,289.0 McLean - 113.0 Virginia Run
Mosby Woods,Week1,Camelot,Week5,277.0 Mosby Woods - 125.0 Camelot
McLean,Week2,Virginia Run,Week1,266.5 McLean - 135.5 Virginia Run
McLean,Week4,Broyhill Crest,Week3,372.0 McLean - 30.0 Broyhill Crest
Mosby Woods,Week1,Pinewood Lake,Week5,371.0 Mosby Woods - 29.0 Pinewood Lake
McLean,Week2,Broyhill Crest,Week3,380.0 McLean - 21.0 Broyhill Crest
Mosby Woods,Week5,Pinecrest,Week1,205.0 Mosby Woods - 197.0 Pinecrest
McLean,Week3,Long Branch,Week2,300.0 McLean - 102.0 Long Branch
Mosby Woods,Week1,Pinewood Lake,Week2,375.0 Mosby Woods - 25.0 Pinewood Lake
Mosby Woods,Week1,Pinewood Lake,Week3,380.0 Mosby Woods - 20.0 Pinewood Lake
McLean,Week2,Virginia Run,Week2,269.0 McLean - 133.0 Virginia Run
McLean,Week3,Broyhill Crest,Week3,375.0 McLean - 18.0 Broyhill Crest
Mosby Woods,Week1,Pinewood Lake,Week1,376.0 Mosby Woods - 25.0 Pinewood Lake
McLean,Week5,Virginia Hills,Week3,375.0 McLean - 27.0 Virginia Hills
McLean,Week5,Little Rocky Run,Week4,241.5 McLean - 160.5 Little Rocky Run
McLean,Week3,Broyhill Crest,Week4,377.0 McLean - 21.0 Broyhill Crest
McLean,Week1,Long Branch,Week2,303.0 McLean - 99.0 Long Branch
Mosby Woods,Week5,Burke Station,Week4,323.0 Mosby Woods - 79.0 Burke Station
Mosby Woods,Week5,Burke Station,Week5,294.0 Mosby Woods - 108.0 Burke Station
Mosby Woods,Week3,Camelot,Week3,265.0 Mosby Woods - 137.0 Camelot
McLean,Week1,Long Branch,Week3,310.0 McLean - 92.0 Long Branch
McLean,Week3,Virginia Hills,Week4,370.0 McLean - 32.0 Virginia Hills
McLean,Week1,Virginia Run,Week2,269.0 McLean - 133.0 Virginia Run
Mosby Woods,Week5,Pinecrest,Week3,215.0 Pinecrest - 187.0 Mosby Woods
McLean,Week3,Long Branch,Week3,311.0 McLean - 90.0 Long Branch
McLean,Week4,Little Rocky Run,Week5,201.0 Little Rocky Run - 201.0 McLean
Mosby Woods,Week3,Camelot,Week1,272.0 Mosby Woods - 130.0 Camelot
McLean,Week3,Virginia Run,Week1,259.0 McLean - 143.0 Virginia Run
Mosby Woods,Week2,Pinewood Lake,Week1,370.0 Mosby Woods - 30.0 Pinewood Lake
Mosby Woods,Week5,Pinecrest,Week2,220.0 Pinecrest - 182.0 Mosby Woods
McLean,Week2,Virginia Run,Week5,266.0 McLean - 136.0 Virginia Run
McLean,Week1,Burke Station,Week2,339.0 McLean - 63.0 Burke Station
Mosby Woods,Week2,Pinewood Lake,Week4,370.0 Mosby Woods - 27.0 Pinewood Lake
McLean,Week5,Broyhill Crest,Week3,379.0 McLean - 22.0 Broyhill Crest
McLean,Week4,Broyhill Crest,Week5,363.0 McLean - 34.0 Broyhill Crest
McLean,Week4,Long Branch,Week1,294.0 McLean - 103.0 Long Branch
McLean,Week3,Virginia Run,Week3,294.0 McLean - 108.0 Virginia Run
McLean,Week2,Long Branch,Week2,303.0 McLean - 99.0 Long Branch
Mosby Woods,Week2,Camelot,Week1,286.0 Mosby Woods - 116.0 Camelot
Mosby Woods,Week1,Pinewood Lake,Week4,369.0 Mosby Woods - 31.0 Pinewood Lake
Mosby Woods,Week2,Pinewood Lake,Week2,371.0 Mosby Woods - 28.0 Pinewood Lake
Mosby Woods,Week3,Camelot,Week5,267.0 Mosby Woods - 135.0 Camelot
McLean,Week5,Broyhill Crest,Week4,381.0 McLean - 20.0 Broyhill Crest
McLean,Week4,Virginia Run,Week1,252.0 McLean - 150.0 Virginia Run
McLean,Week4,Long Branch,Week2,302.0 McLean - 100.0 Long Branch
McLean,Week3,Virginia Run,Week2,285.0 McLean - 117.0 Virginia Run
Mosby Woods,Week3,Camelot,Week4,275.0 Mosby Woods - 127.0 Camelot
Mosby Woods,Week4,Burke Station,Week5,288.0 Mosby Woods - 114.0 Burke Station
McLean,Week1,Burke Station,Week4,333.0 McLean - 69.0 Burke Station
Mosby Woods,Week3,Camelot,Week2,262.0 Mosby Woods - 140.0 Camelot
McLean,Week4,Broyhill Crest,Week4,374.0 McLean - 28.0 Broyhill Crest
McLean,Week3,Broyhill Crest,Week2,380.0 McLean - 18.0 Broyhill Crest
Mosby Woods,Week4,Pinecrest,Week5,232.0 Pinecrest - 170.0 Mosby Woods
McLean,Week3,Long Branch,Week4,301.0 McLean - 101.0 Long Branch
Mosby Woods,Week4,Pinewood Lake,Week1,360.0 Mosby Woods - 35.0 Pinewood Lake
Mosby Woods,Week4,Pinewood Lake,Week2,359.0 Mosby Woods - 38.0 Pinewood Lake
Mosby Woods,Week2,Pinewood Lake,Week5,371.0 Mosby Woods - 27.0 Pinewood Lake
Mosby Woods,Week5,Camelot,Week1,279.0 Mosby Woods - 123.0 Camelot
McLean,Week5,Broyhill Crest,Week5,379.0 McLean - 23.0 Broyhill Crest
Mosby Woods,Week3,Pinewood Lake,Week3,377.0 Mosby Woods - 18.0 Pinewood Lake
McLean,Week5,Virginia Run,Week4,280.0 McLean - 122.0 Virginia Run
McLean,Week5,Broyhill Crest,Week1,384.0 McLean - 17.0 Broyhill Crest
McLean,Week5,Virginia Run,Week5,271.0 McLean - 131.0 Virginia Run
McLean,Week4,Broyhill Crest,Week1,373.0 McLean - 29.0 Broyhill Crest
McLean,Week5,Little Rocky Run,Week2,258.0 McLean - 144.0 Little Rocky Run
McLean,Week4,Broyhill Crest,Week2,375.0 McLean - 27.0 Broyhill Crest
Mosby Woods,Week4,Pinewood Lake,Week5,360.0 Mosby Woods - 35.0 Pinewood Lake
McLean,Week5,Virginia Run,Week3,283.5 McLean - 118.5 Virginia Run
McLean,Week3,Long Branch,Week1,303.5 McLean - 93.5 Long Branch
McLean,Week4,Virginia Run,Week5,264.0 McLean - 138.0 Virginia Run
McLean,Week5,Long Branch,Week2,311.0 McLean - 91.0 Long Branch
McLean,Week1,Burke Station,Week1,292.0 McLean - 87.0 Burke Station
Mosby Woods,Week4,Camelot,Week1,272.0 Mosby Woods - 130.0 Camelot
McLean,Week4,Long Branch,Week3,310.0 McLean - 92.0 Long Branch
McLean,Week5,Long Branch,Week1,315.0 McLean - 87.0 Long Branch
Mosby Woods,Week2,Pinewood Lake,Week3,376.0 Mosby Woods - 22.0 Pinewood Lake
Mosby Woods,Week4,Camelot,Week4,267.0 Mosby Woods - 135.0 Camelot
McLean,Week4,Long Branch,Week4,301.0 McLean - 101.0 Long Branch
Mosby Woods,Week5,Camelot,Week2,277.0 Mosby Woods - 125.0 Camelot
McLean,Week4,Virginia Run,Week3,275.0 McLean - 127.0 Virginia Run
Mosby Woods,Week4,Camelot,Week3,266.0 Mosby Woods - 136.0 Camelot
McLean,Week1,Wakefield Chapel,Week2,219.0 McLean - 183.0 Wakefield Chapel
McLean,Week1,Wakefield Chapel,Week5,210.0 Wakefield Chapel - 192.0 McLean
Mosby Woods,Week3,Pinewood Lake,Week2,371.0 Mosby Woods - 24.0 Pinewood Lake
McLean,Week2,Long Branch,Week3,312.0 McLean - 90.0 Long Branch
McLean,Week1,Burke Station,Week3,325.0 McLean - 72.0 Burke Station
McLean,Week5,Broyhill Crest,Week2,386.0 McLean - 15.0 Broyhill Crest
Mosby Woods,Week4,Pinewood Lake,Week4,359.0 Mosby Woods - 35.0 Pinewood Lake
Mosby Woods,Week1,Canterbury Woods,Week4,292.0 Mosby Woods - 110.0 Canterbury Woods
McLean,Week3,Wakefield Chapel,Week3,226.0 McLean - 176.0 Wakefield Chapel
Mosby Woods,Week4,Camelot,Week5,271.0 Mosby Woods - 131.0 Camelot
McLean,Week3,Broyhill Crest,Week5,365.0 McLean - 36.0 Broyhill Crest
Mosby Woods,Week2,Pleasant Valley,Week1,327.0 Mosby Woods - 75.0 Pleasant Valley
McLean,Week4,Mansion House,Week4,287.0 McLean - 115.0 Mansion House
Mosby Woods,Week4,Canterbury Woods,Week4,258.0 Mosby Woods - 144.0 Canterbury Woods
McLean,Week4,Wakefield Chapel,Week1,205.0 McLean - 197.0 Wakefield Chapel
McLean,Week5,Mansion House,Week5,271.0 McLean - 131.0 Mansion House
McLean,Week3,Wakefield Chapel,Week1,225.0 McLean - 177.0 Wakefield Chapel
Mosby Woods,Week3,Canterbury Woods,Week4,277.0 Mosby Woods - 125.0 Canterbury Woods
Mosby Woods,Week5,Canterbury Woods,Week1,291.0 Mosby Woods - 111.0 Canterbury Woods
McLean,Week1,Mansion House,Week5,244.0 McLean - 158.0 Mansion House
McLean,Week1,Mansion House,Week2,259.0 McLean - 143.0 Mansion House
Mosby Woods,Week2,Pleasant Valley,Week3,302.0 Mosby Woods - 100.0 Pleasant Valley
McLean,Week2,Broyhill Crest,Week5,364.0 McLean - 38.0 Broyhill Crest
McLean,Week3,Broyhill Crest,Week1,376.0 McLean - 22.0 Broyhill Crest
Mosby Woods,Week4,Pleasant Valley,Week2,333.0 Mosby Woods - 69.0 Pleasant Valley
McLean,Week1,Burke Station,Week5,312.0 McLean - 90.0 Burke Station
Mosby Woods,Week2,Canterbury Woods,Week5,277.0 Mosby Woods - 125.0 Canterbury Woods
Mosby Woods,Week5,Pinewood Lake,Week1,377.0 Mosby Woods - 25.0 Pinewood Lake
Mosby Woods,Week5,Pleasant Valley,Week3,306.0 Mosby Woods - 96.0 Pleasant Valley
McLean,Week4,Burke Station,Week1,288.0 McLean - 91.0 Burke Station
McLean,Week1,Mantua,Week2,239.5 McLean - 162.5 Mantua
McLean,Week2,Wakefield Chapel,Week2,250.0 McLean - 152.0 Wakefield Chapel
McLean,Week4,Mansion House,Week3,259.5 McLean - 142.5 Mansion House
Mosby Woods,Week3,Canterbury Woods,Week3,277.0 Mosby Woods - 125.0 Canterbury Woods
McLean,Week4,Wakefield Chapel,Week2,219.5 McLean - 182.5 Wakefield Chapel
McLean,Week2,Burke Station,Week1,303.0 McLean - 75.0 Burke Station
McLean,Week5,Virginia Run,Week1,269.0 McLean - 133.0 Virginia Run
Mosby Woods,Week1,Canterbury Woods,Week5,288.0 Mosby Woods - 114.0 Canterbury Woods
Mosby Woods,Week1,Canterbury Woods,Week3,290.0 Mosby Woods - 112.0 Canterbury Woods
McLean,Week2,Wakefield Chapel,Week3,220.0 McLean - 182.0 Wakefield Chapel
Mosby Woods,Week2,Canterbury Woods,Week3,291.5 Mosby Woods - 110.5 Canterbury Woods
Mosby Woods,Week5,Pinewood Lake,Week5,371.0 Mosby Woods - 31.0 Pinewood Lake
Mosby Woods,Week5,Camelot,Week5,281.0 Mosby Woods - 121.0 Camelot
Mosby Woods,Week2,Canterbury Woods,Week2,295.0 Mosby Woods - 107.0 Canterbury Woods
McLean,Week4,Wakefield Chapel,Week3,214.0 McLean - 188.0 Wakefield Chapel
Mosby Woods,Week5,Camelot,Week4,280.0 Mosby Woods - 122.0 Camelot
McLean,Week5,Burke Station,Week5,327.0 McLean - 75.0 Burke Station
McLean,Week2,Burke Station,Week4,337.5 McLean - 64.5 Burke Station
Mosby Woods,Week1,Lakevale Estates,Week4,210.0 Lakevale Estates - 192.0 Mosby Woods
McLean,Week1,Camelot,Week5,285.0 McLean - 117.0 Camelot
Mosby Woods,Week1,Pleasant Valley,Week2,332.0 Mosby Woods - 70.0 Pleasant Valley
McLean,Week5,Wakefield Chapel,Week1,229.5 McLean - 172.5 Wakefield Chapel
McLean,Week3,Mansion House,Week3,274.0 McLean - 128.0 Mansion House
McLean,Week4,Mansion House,Week1,265.0 McLean - 137.0 Mansion House
McLean,Week4,Wakefield Chapel,Week5,208.0 McLean - 194.0 Wakefield Chapel
McLean,Week5,Mansion House,Week2,282.0 McLean - 120.0 Mansion House
McLean,Week3,Burke Station,Week1,299.0 McLean - 80.0 Burke Station
Mosby Woods,Week1,Canterbury Woods,Week1,304.0 Mosby Woods - 98.0 Canterbury Woods
McLean,Week5,Virginia Run,Week2,283.0 McLean - 119.0 Virginia Run
Mosby Woods,Week2,Pleasant Valley,Week2,330.0 Mosby Woods - 72.0 Pleasant Valley
McLean,Week5,Mansion House,Week4,308.0 McLean - 94.0 Mansion House
Mosby Woods,Week1,Lakeview,Week2,360.0 Mosby Woods - 42.0 Lakeview
McLean,Week4,Wakefield Chapel,Week4,217.0 McLean - 185.0 Wakefield Chapel
McLean,Week3,Burke Station,Week5,324.0 McLean - 73.0 Burke Station
Mosby Woods,Week4,Lakevale Estates,Week4,246.5 Lakevale Estates - 155.5 Mosby Woods
McLean,Week5,Mansion House,Week3,275.0 McLean - 127.0 Mansion House
McLean,Week5,Burke Station,Week1,306.0 McLean - 73.0 Burke Station
Mosby Woods,Week4,Pleasant Valley,Week1,329.0 Mosby Woods - 73.0 Pleasant Valley
McLean,Week5,Mansion House,Week1,285.0 McLean - 117.0 Mansion House
Mosby Woods,Week5,Lakevale Estates,Week3,203.0 Lakevale Estates - 199.0 Mosby Woods
Mosby Woods,Week3,Pleasant Valley,Week3,316.0 Mosby Woods - 86.0 Pleasant Valley
Mosby Woods,Week1,Poplar Heights,Week2,257.0 Mosby Woods - 145.0 Poplar Heights
McLean,Week2,Camelot,Week5,299.0 McLean - 103.0 Camelot
Mosby Woods,Week4,Pleasant Valley,Week4,328.0 Mosby Woods - 72.0 Pleasant Valley
McLean,Week2,Burke Station,Week5,327.0 McLean - 75.0 Burke Station
Mosby Woods,Week1,Lakevale Estates,Week5,203.0 Lakevale Estates - 199.0 Mosby Woods
McLean,Week2,Mansion House,Week2,275.0 McLean - 127.0 Mansion House
McLean,Week5,Wakefield Chapel,Week2,245.0 McLean - 157.0 Wakefield Chapel
Mosby Woods,Week1,Lakeview,Week4,339.0 Mosby Woods - 63.0 Lakeview
McLean,Week2,Mansion House,Week4,303.0 McLean - 99.0 Mansion House
McLean,Week3,Wakefield Chapel,Week2,239.0 McLean - 163.0 Wakefield Chapel
McLean,Week3,Mansion House,Week5,274.0 McLean - 128.0 Mansion House
Mosby Woods,Week1,Pleasant Valley,Week1,335.0 Mosby Woods - 67.0 Pleasant Valley
McLean,Week3,Burke Station,Week2,348.0 McLean - 48.0 Burke Station
McLean,Week3,Mansion House,Week2,280.0 McLean - 117.0 Mansion House
Mosby Woods,Week5,Canterbury Woods,Week3,284.0 Mosby Woods - 118.0 Canterbury Woods
Mosby Woods,Week4,Canterbury Woods,Week1,286.0 Mosby Woods - 116.0 Canterbury Woods
Mosby Woods,Week5,Pinewood Lake,Week4,376.0 Mosby Woods - 26.0 Pinewood Lake
McLean,Week4,Burke Station,Week5,312.5 McLean - 89.5 Burke Station
McLean,Week3,Wakefield Chapel,Week5,219.0 McLean - 183.0 Wakefield Chapel
Mosby Woods,Week4,Canterbury Woods,Week3,262.0 Mosby Woods - 140.0 Canterbury Woods
Mosby Woods,Week1,Herndon,Week1,358.0 Mosby Woods - 44.0 Herndon
Mosby Woods,Week2,Lakevale Estates,Week4,207.0 Lakevale Estates - 195.0 Mosby Woods
McLean,Week4,Burke Station,Week2,329.0 McLean - 73.0 Burke Station
Mosby Woods,Week1,Pleasant Valley,Week3,322.0 Mosby Woods - 80.0 Pleasant Valley
McLean,Week1,Wakefield Chapel,Week3,205.0 McLean - 197.0 Wakefield Chapel
Mosby Woods,Week1,Canterbury Woods,Week2,299.0 Mosby Woods - 103.0 Canterbury Woods
Mosby Woods,Week3,Canterbury Woods,Week5,278.0 Mosby Woods - 123.0 Canterbury Woods
Mosby Woods,Week3,Canterbury Woods,Week2,300.0 Mosby Woods - 102.0 Canterbury Woods
Mosby Woods,Week3,Lakevale Estates,Week3,204.0 Lakevale Estates - 198.0 Mosby Woods
McLean,Week2,Burke Station,Week2,345.0 McLean - 56.0 Burke Station
Mosby Woods,Week3,Lakevale Estates,Week5,225.0 Lakevale Estates - 177.0 Mosby Woods
Mosby Woods,Week1,Pleasant Valley,Week5,330.0 Mosby Woods - 71.0 Pleasant Valley
Mosby Woods,Week5,Lakevale Estates,Week5,217.0 Lakevale Estates - 185.0 Mosby Woods
McLean,Week1,Wakefield Chapel,Week1,204.0 Wakefield Chapel - 198.0 McLean
Mosby Woods,Week5,Pleasant Valley,Week2,336.5 Mosby Woods - 65.5 Pleasant Valley
Mosby Woods,Week1,Hayfield Farm,Week4,254.0 Mosby Woods - 148.0 Hayfield Farm
Mosby Woods,Week4,Hayfield Farm,Week4,262.0 Mosby Woods - 140.0 Hayfield Farm
McLean,Week2,Mansion House,Week3,267.0 McLean - 135.0 Mansion House
McLean,Week5,Wakefield Chapel,Week3,228.0 McLean - 174.0 Wakefield Chapel
McLean,Week3,Mansion House,Week4,296.5 McLean - 100.5 Mansion House
McLean,Week1,Camelot,Week1,292.0 McLean - 110.0 Camelot
Mosby Woods,Week1,Pleasant Valley,Week4,341.0 Mosby Woods - 60.0 Pleasant Valley
Mosby Woods,Week1,Herndon,Week5,351.0 Mosby Woods - 51.0 Herndon
Mosby Woods,Week2,Canterbury Woods,Week4,291.0 Mosby Woods - 111.0 Canterbury Woods
McLean,Week2,Mansion House,Week1,270.0 McLean - 132.0 Mansion House
McLean,Week5,Burke Station,Week2,351.0 McLean - 51.0 Burke Station
Mosby Woods,Week5,Canterbury Woods,Week2,290.0 Mosby Woods - 112.0 Canterbury Woods
McLean,Week4,Virginia Run,Week4,272.0 McLean - 130.0 Virginia Run
Mosby Woods,Week1,Herndon,Week4,357.0 Mosby Woods - 45.0 Herndon
Mosby Woods,Week2,Pleasant Valley,Week4,332.0 Mosby Woods - 68.0 Pleasant Valley
McLean,Week1,Mansion House,Week4,287.0 McLean - 115.0 Mansion House
McLean,Week5,Burke Station,Week3,328.0 McLean - 69.0 Burke Station
McLean,Week3,Burke Station,Week3,331.0 McLean - 60.0 Burke Station
McLean,Week5,Wakefield Chapel,Week4,241.0 McLean - 161.0 Wakefield Chapel
Mosby Woods,Week3,Lakevale Estates,Week1,223.0 Mosby Woods - 179.0 Lakevale Estates
McLean,Week1,Wakefield Chapel,Week4,209.0 McLean - 193.0 Wakefield Chapel
Mosby Woods,Week5,Canterbury Woods,Week4,279.0 Mosby Woods - 123.0 Canterbury Woods
Mosby Woods,Week1,Lakevale Estates,Week3,216.0 Mosby Woods - 186.0 Lakevale Estates
McLean,Week5,Long Branch,Week5,316.0 McLean - 86.0 Long Branch
McLean,Week1,Mansion House,Week1,260.0 McLean - 142.0 Mansion House
Mosby Woods,Week3,Hayfield Farm,Week5,260.0 Mosby Woods - 142.0 Hayfield Farm
Mosby Woods,Week3,Pleasant Valley,Week1,329.0 Mosby Woods - 72.0 Pleasant Valley
Mosby Woods,Week4,Lakevale Estates,Week1,208.0 Mosby Woods - 194.0 Lakevale Estates
Mosby Woods,Week3,Pleasant Valley,Week5,322.0 Mosby Woods - 73.0 Pleasant Valley
Mosby Woods,Week5,Hayfield Farm,Week5,262.0 Mosby Woods - 140.0 Hayfield Farm
McLean,Week2,Wakefield Chapel,Week5,217.0 McLean - 185.0 Wakefield Chapel
McLean,Week5,Burke Station,Week4,337.0 McLean - 65.0 Burke Station
McLean,Week3,Mansion House,Week1,276.5 McLean - 120.5 Mansion House
McLean,Week5,Long Branch,Week4,317.0 McLean - 85.0 Long Branch
Mosby Woods,Week2,Canterbury Woods,Week1,298.0 Mosby Woods - 104.0 Canterbury Woods
McLean,Week2,Wakefield Chapel,Week1,226.0 McLean - 176.0 Wakefield Chapel
Mosby Woods,Week1,Hayfield Farm,Week5,264.0 Mosby Woods - 138.0 Hayfield Farm
McLean,Week3,Wakefield Chapel,Week4,246.0 McLean - 156.0 Wakefield Chapel
Mosby Woods,Week2,Lakevale Estates,Week2,209.5 Lakevale Estates - 192.5 Mosby Woods
Mosby Woods,Week2,Pleasant Valley,Week5,326.0 Mosby Woods - 74.0 Pleasant Valley
Mosby Woods,Week4,Pleasant Valley,Week5,320.0 Mosby Woods - 77.0 Pleasant Valley
McLean,Week2,Wakefield Chapel,Week4,232.0 McLean - 170.0 Wakefield Chapel
Mosby Woods,Week4,Pleasant Valley,Week3,312.0 Mosby Woods - 90.0 Pleasant Valley
McLean,Week4,Burke Station,Week3,319.0 McLean - 78.0 Burke Station
Mosby Woods,Week3,Lakevale Estates,Week4,222.0 Lakevale Estates - 180.0 Mosby Woods
Mosby Woods,Week5,Canterbury Woods,Week5,277.0 Mosby Woods - 125.0 Canterbury Woods
Mosby Woods,Week1,Cardinal Hill,Week2,254.0 Mosby Woods - 148.0 Cardinal Hill
McLean,Week1,Camelot,Week2,275.0 McLean - 127.0 Camelot
McLean,Week3,Burke Station,Week4,339.0 McLean - 57.0 Burke Station
Mosby Woods,Week4,Lakevale Estates,Week3,228.0 Lakevale Estates - 174.0 Mosby Woods
McLean,Week1,Camelot,Week3,289.0 McLean - 113.0 Camelot
Mosby Woods,Week2,Hayfield Farm,Week4,259.0 Mosby Woods - 143.0 Hayfield Farm
Mosby Woods,Week3,Canterbury Woods,Week1,293.0 Mosby Woods - 109.0 Canterbury Woods
Mosby Woods,Week1,Hayfield Farm,Week3,246.0 Mosby Woods - 156.0 Hayfield Farm
Mosby Woods,Week4,Lakevale Estates,Week2,206.0 Lakevale Estates - 196.0 Mosby Woods
Mosby Woods,Week3,Pleasant Valley,Week2,320.0 Mosby Woods - 81.0 Pleasant Valley
McLean,Week4,Walden Glen,Week3,299.0 McLean - 103.0 Walden Glen
Mosby Woods,Week3,Hayfield Farm,Week3,232.0 Mosby Woods - 170.0 Hayfield Farm
Mosby Woods,Week5,Lake Braddock,Week5,324.0 Mosby Woods - 78.0 Lake Braddock
Mosby Woods,Week1,Cardinal Hill,Week1,215.5 Mosby Woods - 186.5 Cardinal Hill
McLean,Week2,Mansion House,Week5,268.0 McLean - 134.0 Mansion House
Mosby Woods,Week5,Pleasant Valley,Week1,335.0 Mosby Woods - 67.0 Pleasant Valley
McLean,Week3,Walden Glen,Week1,304.0 McLean - 93.0 Walden Glen
McLean,Week1,Mansion House,Week3,251.0 McLean - 151.0 Mansion House
Mosby Woods,Week3,Hayfield Farm,Week1,245.0 Mosby Woods - 157.0 Hayfield Farm
Mosby Woods,Week2,Lakevale Estates,Week1,224.5 Mosby Woods - 177.5 Lakevale Estates
McLean,Week4,Mansion House,Week2,262.0 McLean - 140.0 Mansion House
McLean,Week1,Camelot,Week4,294.0 McLean - 108.0 Camelot
McLean,Week5,Walden Glen,Week5,296.0 McLean - 106.0 Walden Glen
Mosby Woods,Week4,Canterbury Woods,Week5,271.0 Mosby Woods - 131.0 Canterbury Woods
Mosby Woods,Week3,Pleasant Valley,Week4,332.0 Mosby Woods - 62.0 Pleasant Valley
McLean,Week4,Mansion House,Week5,247.5 McLean - 154.5 Mansion House
Mosby Woods,Week4,Canterbury Woods,Week2,278.0 Mosby Woods - 124.0 Canterbury Woods
Mosby Woods,Week4,Hayfield Farm,Week1,239.0 Mosby Woods - 163.0 Hayfield Farm
Mosby Woods,Week5,Pinewood Lake,Week3,384.0 Mosby Woods - 18.0 Pinewood Lake
Mosby Woods,Week2,Hayfield Farm,Week2,257.0 Mosby Woods - 145.0 Hayfield Farm
Mosby Woods,Week2,Lakevale Estates,Week5,219.0 Lakevale Estates - 183.0 Mosby Woods
McLean,Week2,Burke Station,Week3,330.0 McLean - 67.0 Burke Station
Mount Vernon Park,Week4,Little Rocky Run,Week4,206.0 Mount Vernon Park - 196.0 Little Rocky Run
Newington Forest,Week1,Mantua,Week2,314.0 Mantua - 87.0 Newington Forest
Mount Vernon Park,Week3,Pleasant Valley,Week1,347.0 Mount Vernon Park - 55.0 Pleasant Valley
Newington Forest,Week5,Mansion House,Week3,286.0 Mansion House - 116.0 Newington Forest
Mount Vernon Park,Week1,Lakevale Estates,Week2,211.0 Mount Vernon Park - 191.0 Lakevale Estates
Newington Forest,Week3,Fairfax Station,Week3,332.0 Fairfax Station - 70.0 Newington Forest
Mount Vernon Park,Week3,Pleasant Valley,Week4,343.0 Mount Vernon Park - 59.0 Pleasant Valley
Mount Vernon Park,Week5,Pinewood Lake,Week1,360.0 Mount Vernon Park - 36.0 Pinewood Lake
Mount Vernon Park,Week4,Pleasant Valley,Week1,340.0 Mount Vernon Park - 62.0 Pleasant Valley
Newington Forest,Week2,Pinecrest,Week4,335.0 Pinecrest - 67.0 Newington Forest
Newington Forest,Week1,Mansion House,Week4,284.5 Mansion House - 116.5 Newington Forest
Mount Vernon Park,Week1,Long Branch,Week3,277.0 Mount Vernon Park - 125.0 Long Branch
Newington Forest,Week3,Canterbury Woods,Week2,214.0 Canterbury Woods - 188.0 Newington Forest
Mount Vernon Park,Week4,Pleasant Valley,Week5,341.0 Mount Vernon Park - 61.0 Pleasant Valley
Mount Vernon Park,Week5,Little Rocky Run,Week2,241.0 Mount Vernon Park - 161.0 Little Rocky Run
Newington Forest,Week1,Camelot,Week4,263.0 Camelot - 138.0 Newington Forest
Newington Forest,Week3,Fairfax Station,Week5,337.0 Fairfax Station - 65.0 Newington Forest
Newington Forest,Week1,Canterbury Woods,Week2,247.0 Canterbury Woods - 151.0 Newington Forest
Mount Vernon Park,Week2,Lake Braddock,Week2,338.0 Mount Vernon Park - 64.0 Lake Braddock
Newington Forest,Week1,Pinewood Lake,Week3,324.0 Newington Forest - 58.0 Pinewood Lake
Newington Forest,Week5,Camelot,Week5,245.0 Camelot - 157.0 Newington Forest
Mount Vernon Park,Week4,Fairfax,Week2,235.5 Fairfax - 166.5 Mount Vernon Park
Newington Forest,Week2,Mantua,Week5,334.0 Mantua - 67.0 Newington Forest
Newington Forest,Week2,Camelot,Week5,284.0 Camelot - 118.0 Newington Forest
Newington Forest,Week3,Parliament,Week4,270.0 Parliament - 132.0 Newington Forest
Mount Vernon Park,Week5,Fairfax,Week2,216.0 Fairfax - 186.0 Mount Vernon Park
Newington Forest,Week2,Forest Hollow,Week1,287.0 Forest Hollow - 115.0 Newington Forest
Mount Vernon Park,Week3,Lake Braddock,Week5,329.0 Mount Vernon Park - 73.0 Lake Braddock
Newington Forest,Week2,Fairfax Station,Week2,335.0 Fairfax Station - 66.0 Newington Forest
Mount Vernon Park,Week4,Long Branch,Week5,284.0 Mount Vernon Park - 118.0 Long Branch
Newington Forest,Week5,Camelot,Week4,230.0 Camelot - 172.0 Newington Forest
Mount Vernon Park,Week2,Long Branch,Week2,284.0 Mount Vernon Park - 118.0 Long Branch
Newington Forest,Week5,Parliament,Week3,240.0 Parliament - 162.0 Newington Forest
Mount Vernon Park,Week5,Long Branch,Week2,294.0 Mount Vernon Park - 107.0 Long Branch
Newington Forest,Week4,Pinecrest,Week5,313.0 Pinecrest - 84.0 Newington Forest
Newington Forest,Week2,Pinewood Lake,Week5,306.0 Newington Forest - 86.0 Pinewood Lake
Mount Vernon Park,Week5,Pinewood Lake,Week5,363.0 Mount Vernon Park - 39.0 Pinewood Lake
Mount Vernon Park,Week3,Lake Braddock,Week1,346.0 Mount Vernon Park - 56.0 Lake Braddock
Newington Forest,Week4,Parliament,Week1,281.0 Parliament - 120.0 Newington Forest
Newington Forest,Week2,Forest Hollow,Week4,299.0 Forest Hollow - 102.0 Newington Forest
Newington Forest,Week1,Pinecrest,Week1,323.0 Pinecrest - 79.0 Newington Forest
Mount Vernon Park,Week3,Fairfax,Week2,203.0 Fairfax - 199.0 Mount Vernon Park
Newington Forest,Week1,Fairfax Station,Week4,337.0 Fairfax Station - 65.0 Newington Forest
Mount Vernon Park,Week1,Lake Braddock,Week3,322.0 Mount Vernon Park - 80.0 Lake Braddock
Newington Forest,Week2,Fairfax Station,Week5,344.0 Fairfax Station - 58.0 Newington Forest
Newington Forest,Week3,Mantua,Week5,334.0 Mantua - 68.0 Newington Forest
Mount Vernon Park,Week2,Long Branch,Week4,288.0 Mount Vernon Park - 114.0 Long Branch
Mount Vernon Park,Week5,Pleasant Valley,Week4,340.0 Mount Vernon Park - 58.0 Pleasant Valley
Mount Vernon Park,Week3,Fairfax,Week5,237.0 Fairfax - 165.0 Mount Vernon Park
Newington Forest,Week1,Fairfax Station,Week2,339.0 Fairfax Station - 62.0 Newington Forest
Mount Vernon Park,Week4,Lake Braddock,Week3,330.0 Mount Vernon Park - 72.0 Lake Braddock
Newington Forest,Week2,Pinecrest,Week3,336.0 Pinecrest - 66.0 Newington Forest
Mount Vernon Park,Week5,Fairfax,Week1,214.0 Mount Vernon Park - 188.0 Fairfax
Newington Forest,Week4,Parliament,Week4,256.0 Parliament - 146.0 Newington Forest
Newington Forest,Week2,Canterbury Woods,Week2,234.0 Canterbury Woods - 164.0 Newington Forest
Newington Forest,Week4,Mantua,Week2,300.0 Mantua - 97.0 Newington Forest
Newington Forest,Week2,Canterbury Woods,Week5,234.0 Canterbury Woods - 159.0 Newington Forest
Newington Forest,Week3,Mansion House,Week1,282.0 Mansion House - 120.0 Newington Forest
Mount Vernon Park,Week4,Long Branch,Week2,284.0 Mount Vernon Park - 118.0 Long Branch
Newington Forest,Week1,Canterbury Woods,Week4,281.0 Canterbury Woods - 120.0 Newington Forest
Mount Vernon Park,Week1,Fairfax Club Estates,Week1,300.0 Mount Vernon Park - 97.0 Fairfax Club Estates
Newington Forest,Week4,Mansion House,Week4,263.0 Mansion House - 139.0 Newington Forest
Mount Vernon Park,Week1,Lake Braddock,Week4,331.0 Mount Vernon Park - 71.0 Lake Braddock
Mount Vernon Park,Week4,Lake Braddock,Week4,341.0 Mount Vernon Park - 61.0 Lake Braddock
Mount Vernon Park,Week1,Fairfax Club Estates,Week3,300.0 Mount Vernon Park - 102.0 Fairfax Club Estates
Mount Vernon Park,Week5,Little Rocky Run,Week3,217.0 Mount Vernon Park - 185.0 Little Rocky Run
Mount Vernon Park,Week1,Pleasant Valley,Week3,313.0 Mount Vernon Park - 89.0 Pleasant Valley
Newington Forest,Week5,Long Branch,Week1,206.5 Newington Forest - 190.5 Long Branch
Mount Vernon Park,Week3,Fairfax,Week3,207.0 Fairfax - 195.0 Mount Vernon Park
Mount Vernon Park,Week2,Pleasant Valley,Week2,351.0 Mount Vernon Park - 51.0 Pleasant Valley
Mount Vernon Park,Week5,Lake Braddock,Week4,350.0 Mount Vernon Park - 52.0 Lake Braddock
Mount Vernon Park,Week3,Lake Braddock,Week2,334.5 Mount Vernon Park - 67.5 Lake Braddock
Newington Forest,Week3,Camelot,Week4,244.0 Camelot - 158.0 Newington Forest
Mount Vernon Park,Week5,Pinewood Lake,Week3,374.0 Mount Vernon Park - 23.0 Pinewood Lake
Newington Forest,Week3,Camelot,Week2,254.5 Camelot - 147.5 Newington Forest
Mount Vernon Park,Week2,Lake Braddock,Week3,335.0 Mount Vernon Park - 67.0 Lake Braddock
Mount Vernon Park,Week3,Long Branch,Week4,289.0 Mount Vernon Park - 113.0 Long Branch
Mount Vernon Park,Week5,Little Rocky Run,Week5,210.0 Mount Vernon Park - 192.0 Little Rocky Run
Newington Forest,Week5,Fairfax Club Estates,Week5,207.0 Newington Forest - 194.0 Fairfax Club Estates
Newington Forest,Week5,Fairfax Club Estates,Week2,212.0 Newington Forest - 190.0 Fairfax Club Estates
Mount Vernon Park,Week1,Pleasant Valley,Week5,341.0 Mount Vernon Park - 60.0 Pleasant Valley
Mount Vernon Park,Week5,Fairfax,Week4,204.0 Mount Vernon Park - 197.0 Fairfax
Newington Forest,Week5,Fairfax Club Estates,Week3,209.0 Newington Forest - 193.0 Fairfax Club Estates
Mount Vernon Park,Week3,Fairfax,Week4,203.0 Mount Vernon Park - 199.0 Fairfax
Mount Vernon Park,Week1,Lake Braddock,Week5,329.0 Mount Vernon Park - 73.0 Lake Braddock
Newington Forest,Week2,Fairfax Station,Week3,331.0 Fairfax Station - 71.0 Newington Forest
Newington Forest,Week3,Pinecrest,Week1,312.0 Pinecrest - 90.0 Newington Forest
Mount Vernon Park,Week1,Fairfax Club Estates,Week4,284.0 Mount Vernon Park - 118.0 Fairfax Club Estates
Mount Vernon Park,Week5,Fairfax,Week5,217.0 Fairfax - 184.0 Mount Vernon Park
Newington Forest,Week4,Camelot,Week5,259.0 Camelot - 143.0 Newington Forest
Mount Vernon Park,Week2,Pleasant Valley,Week3,329.0 Mount Vernon Park - 73.0 Pleasant Valley
Mount Vernon Park,Week3,Long Branch,Week2,296.0 Mount Vernon Park - 101.0 Long Branch
Newington Forest,Week2,Mansion House,Week5,296.0 Mansion House - 106.0 Newington Forest
Newington Forest,Week3,Parliament,Week1,283.0 Parliament - 117.0 Newington Forest
Newington Forest,Week5,Mantua,Week1,301.0 Mantua - 101.0 Newington Forest
Newington Forest,Week1,Mantua,Week5,341.0 Mantua - 60.0 Newington Forest
Newington Forest,Week4,Canterbury Woods,Week5,228.0 Canterbury Woods - 173.0 Newington Forest
Mount Vernon Park,Week5,Lake Braddock,Week2,337.0 Mount Vernon Park - 65.0 Lake Braddock
Mount Vernon Park,Week5,Long Branch,Week1,294.0 Mount Vernon Park - 107.0 Long Branch
Newington Forest,Week4,Parliament,Week2,246.0 Parliament - 156.0 Newington Forest
Mount Vernon Park,Week5,Fairfax,Week3,200.5 Fairfax - 200.5 Mount Vernon Park
Newington Forest,Week5,Mansion House,Week5,277.0 Mansion House - 125.0 Newington Forest
Newington Forest,Week4,Mansion House,Week5,290.0 Mansion House - 112.0 Newington Forest
Newington Forest,Week4,Fairfax Station,Week2,304.0 Fairfax Station - 93.0 Newington Forest
Mount Vernon Park,Week1,Pleasant Valley,Week4,335.0 Mount Vernon Park - 65.0 Pleasant Valley
Mount Vernon Park,Week1,Pleasant Valley,Week1,337.0 Mount Vernon Park - 64.0 Pleasant Valley
Mount Vernon Park,Week4,Fairfax,Week3,230.0 Fairfax - 172.0 Mount Vernon Park
Mount Vernon Park,Week2,Long Branch,Week5,288.0 Mount Vernon Park - 114.0 Long Branch
Newington Forest,Week3,Canterbury Woods,Week5,227.0 Canterbury Woods - 174.0 Newington Forest
Newington Forest,Week4,Pinecrest,Week4,318.0 Pinecrest - 84.0 Newington Forest
Newington Forest,Week5,Fairfax Station,Week4,288.0 Fairfax Station - 114.0 Newington Forest
Mount Vernon Park,Week2,Lake Braddock,Week5,332.0 Mount Vernon Park - 70.0 Lake Braddock
Newington Forest,Week1,Pinewood Lake,Week2,308.0 Newington Forest - 77.0 Pinewood Lake
Mount Vernon Park,Week4,Long Branch,Week1,278.0 Mount Vernon Park - 124.0 Long Branch
Newington Forest,Week1,Cardinal Hill,Week1,337.5 Cardinal Hill - 64.5 Newington Forest
Newington Forest,Week5,Mansion House,Week1,271.0 Mansion House - 131.0 Newington Forest
Mount Vernon Park,Week2,Pleasant Valley,Week1,348.0 Mount Vernon Park - 54.0 Pleasant Valley
Mount Vernon Park,Week2,Fairfax Club Estates,Week2,318.0 Mount Vernon Park - 84.0 Fairfax Club Estates
Mount Vernon Park,Week3,Long Branch,Week5,284.0 Mount Vernon Park - 118.0 Long Branch
Mount Vernon Park,Week5,Lake Braddock,Week3,345.0 Mount Vernon Park - 57.0 Lake Braddock
Mount Vernon Park,Week3,Long Branch,Week3,292.0 Mount Vernon Park - 110.0 Long Branch
Newington Forest,Week2,Pinewood Lake,Week1,314.0 Newington Forest - 76.0 Pinewood Lake
Newington Forest,Week1,Forest Hollow,Week1,303.0 Forest Hollow - 99.0 Newington Forest
Newington Forest,Week2,Cardinal Hill,Week1,325.0 Cardinal Hill - 77.0 Newington Forest
Newington Forest,Week5,Pinecrest,Week5,302.0 Pinecrest - 100.0 Newington Forest
Mount Vernon Park,Week3,Pleasant Valley,Week3,333.0 Mount Vernon Park - 69.0 Pleasant Valley
Mount Vernon Park,Week4,Lake Braddock,Week5,319.0 Mount Vernon Park - 83.0 Lake Braddock
Newington Forest,Week4,Mansion House,Week2,271.0 Mansion House - 131.0 Newington Forest
Mount Vernon Park,Week3,Pleasant Valley,Week2,356.0 Mount Vernon Park - 46.0 Pleasant Valley
Mount Vernon Park,Week1,Lakevale Estates,Week1,220.0 Mount Vernon Park - 182.0 Lakevale Estates
Newington Forest,Week1,Forest Hollow,Week5,305.0 Forest Hollow - 96.0 Newington Forest
Newington Forest,Week2,Cardinal Hill,Week4,317.5 Cardinal Hill - 84.5 Newington Forest
Newington Forest,Week1,Mantua,Week1,321.0 Mantua - 80.0 Newington Forest
Mount Vernon Park,Week1,Fairfax Club Estates,Week5,294.0 Mount Vernon Park - 102.0 Fairfax Club Estates
Newington Forest,Week1,Forest Hollow,Week2,289.0 Forest Hollow - 113.0 Newington Forest
Newington Forest,Week3,Mantua,Week1,321.0 Mantua - 81.0 Newington Forest
Mount Vernon Park,Week3,Fairfax Club Estates,Week5,302.0 Mount Vernon Park - 100.0 Fairfax Club Estates
Newington Forest,Week2,Mantua,Week1,318.0 Mantua - 82.0 Newington Forest
Mount Vernon Park,Week1,Lakevale Estates,Week3,212.0 Lakevale Estates - 190.0 Mount Vernon Park
Mount Vernon Park,Week2,Fairfax Club Estates,Week3,313.0 Mount Vernon Park - 89.0 Fairfax Club Estates
Newington Forest,Week5,Pinecrest,Week4,311.0 Pinecrest - 91.0 Newington Forest
Mount Vernon Park,Week1,Lakeview,Week3,341.0 Mount Vernon Park - 61.0 Lakeview
Newington Forest,Week5,Mansion House,Week4,257.0 Mansion House - 145.0 Newington Forest
Newington Forest,Week2,Pinewood Lake,Week4,309.0 Newington Forest - 77.0 Pinewood Lake
Mount Vernon Park,Week4,Long Branch,Week3,287.0 Mount Vernon Park - 115.0 Long Branch
Mount Vernon Park,Week3,Fairfax Club Estates,Week3,309.0 Mount Vernon Park - 92.0 Fairfax Club Estates
Newington Forest,Week4,Fairfax Club Estates,Week5,201.0 Fairfax Club Estates - 195.0 Newington Forest
Mount Vernon Park,Week4,Little Rocky Run,Week3,207.0 Little Rocky Run - 195.0 Mount Vernon Park
Mount Vernon Park,Week3,Fairfax Station,Week5,228.0 Fairfax Station - 174.0 Mount Vernon Park
Newington Forest,Week2,Fairfax Station,Week4,335.0 Fairfax Station - 67.0 Newington Forest
Mount Vernon Park,Week4,Fairfax Station,Week4,214.0 Fairfax Station - 188.0 Mount Vernon Park
Newington Forest,Week1,Fairfax Station,Week3,354.0 Fairfax Station - 48.0 Newington Forest
Newington Forest,Week1,Canterbury Woods,Week5,249.0 Canterbury Woods - 144.0 Newington Forest
Newington Forest,Week3,Pinewood Lake,Week1,336.0 Newington Forest - 59.0 Pinewood Lake
Mount Vernon Park,Week1,Pleasant Valley,Week2,353.0 Mount Vernon Park - 48.0 Pleasant Valley
Mount Vernon Park,Week2,Pleasant Valley,Week4,351.0 Mount Vernon Park - 51.0 Pleasant Valley
Newington Forest,Week3,Pinecrest,Week3,326.0 Pinecrest - 76.0 Newington Forest
Newington Forest,Week5,Canterbury Woods,Week5,208.0 Canterbury Woods - 188.0 Newington Forest
Mount Vernon Park,Week4,Lakevale Estates,Week3,220.0 Lakevale Estates - 182.0 Mount Vernon Park
Newington Forest,Week2,Pinewood Lake,Week2,313.0 Newington Forest - 74.0 Pinewood Lake
Newington Forest,Week1,Cardinal Hill,Week2,314.0 Cardinal Hill - 87.0 Newington Forest
Newington Forest,Week2,Cardinal Hill,Week3,340.0 Cardinal Hill - 61.0 Newington Forest
Mount Vernon Park,Week1,Long Branch,Week1,280.0 Mount Vernon Park - 122.0 Long Branch
Mount Vernon Park,Week4,Pleasant Valley,Week4,343.0 Mount Vernon Park - 59.0 Pleasant Valley
Newington Forest,Week2,Canterbury Woods,Week4,262.0 Canterbury Woods - 139.0 Newington Forest
Newington Forest,Week3,Fairfax Station,Week4,320.0 Fairfax Station - 82.0 Newington Forest
Newington Forest,Week2,Canterbury Woods,Week3,268.0 Canterbury Woods - 133.0 Newington Forest
Mount Vernon Park,Week2,Pleasant Valley,Week5,337.0 Mount Vernon Park - 65.0 Pleasant Valley
Mount Vernon Park,Week4,Lakevale Estates,Week5,237.0 Lakevale Estates - 165.0 Mount Vernon Park
Mount Vernon Park,Week5,Little Rocky Run,Week4,231.0 Mount Vernon Park - 171.0 Little Rocky Run
Mount Vernon Park,Week4,Pleasant Valley,Week3,332.0 Mount Vernon Park - 70.0 Pleasant Valley
Mount Vernon Park,Week1,Lakeview,Week4,344.0 Mount Vernon Park - 58.0 Lakeview
Newington Forest,Week5,Fairfax Club Estates,Week1,201.0 Fairfax Club Estates - 201.0 Newington Forest
Newington Forest,Week3,Mantua,Week4,316.0 Mantua - 86.0 Newington Forest
Mount Vernon Park,Week4,Lakevale Estates,Week1,209.0 Mount Vernon Park - 193.0 Lakevale Estates
Newington Forest,Week2,Fairfax Station,Week1,322.0 Fairfax Station - 78.0 Newington Forest
Newington Forest,Week1,Mantua,Week4,326.0 Mantua - 76.0 Newington Forest
Newington Forest,Week3,Mantua,Week2,299.0 Mantua - 103.0 Newington Forest
Mount Vernon Park,Week1,Long Branch,Week4,269.0 Mount Vernon Park - 133.0 Long Branch
Mount Vernon Park,Week4,Pleasant Valley,Week2,358.0 Mount Vernon Park - 44.0 Pleasant Valley
Newington Forest,Week2,Mantua,Week2,304.0 Mantua - 97.0 Newington Forest
Mount Vernon Park,Week1,Long Branch,Week2,277.0 Mount Vernon Park - 125.0 Long Branch
Newington Forest,Week4,Pinecrest,Week1,290.0 Pinecrest - 112.0 Newington Forest
Newington Forest,Week1,Canterbury Woods,Week1,259.0 Canterbury Woods - 141.0 Newington Forest
Mount Vernon Park,Week3,Long Branch,Week1,286.0 Mount Vernon Park - 116.0 Long Branch
Newington Forest,Week3,Pinewood Lake,Week4,328.0 Newington Forest - 69.0 Pinewood Lake
Newington Forest,Week3,Fairfax Station,Week1,317.0 Fairfax Station - 85.0 Newington Forest
Mount Vernon Park,Week5,Little Rocky Run,Week1,230.0 Mount Vernon Park - 172.0 Little Rocky Run
Mount Vernon Park,Week3,Pleasant Valley,Week5,340.0 Mount Vernon Park - 62.0 Pleasant Valley
Newington Forest,Week2,Pinewood Lake,Week3,316.0 Newington Forest - 68.0 Pinewood Lake
Mount Vernon Park,Week4,Fairfax Club Estates,Week1,294.0 Mount Vernon Park - 108.0 Fairfax Club Estates
Mount Vernon Park,Week5,Pinewood Lake,Week4,372.0 Mount Vernon Park - 25.0 Pinewood Lake
Mount Vernon Park,Week1,Lakevale Estates,Week4,226.0 Lakevale Estates - 176.0 Mount Vernon Park
Newington Forest,Week5,Fairfax Club Estates,Week4,205.0 Fairfax Club Estates - 192.0 Newington Forest
Newington Forest,Week3,Mantua,Week3,336.0 Mantua - 66.0 Newington Forest
Mount Vernon Park,Week4,Lakevale Estates,Week2,203.0 Mount Vernon Park - 199.0 Lakevale Estates
Newington Forest,Week3,Cardinal Hill,Week2,314.0 Cardinal Hill - 88.0 Newington Forest
Mount Vernon Park,Week2,Fairfax Club Estates,Week4,288.0 Mount Vernon Park - 114.0 Fairfax Club Estates
Newington Forest,Week2,Mantua,Week3,339.0 Mantua - 62.0 Newington Forest
Mount Vernon Park,Week5,Fairfax Club Estates,Week1,303.5 Mount Vernon Park - 98.5 Fairfax Club Estates
Newington Forest,Week4,Fairfax Station,Week4,305.0 Fairfax Station - 97.0 Newington Forest
Mount Vernon Park,Week5,Fairfax Station,Week2,207.0 Mount Vernon Park - 195.0 Fairfax Station
Newington Forest,Week4,Pinecrest,Week2,320.5 Pinecrest - 81.5 Newington Forest
Mount Vernon Park,Week2,Long Branch,Week3,293.0 Mount Vernon Park - 109.0 Long Branch
Mount Vernon Park,Week5,Pleasant Valley,Week1,334.0 Mount Vernon Park - 64.0 Pleasant Valley
Newington Forest,Week3,Canterbury Woods,Week1,224.0 Canterbury Woods - 178.0 Newington Forest
Mount Vernon Park,Week1,Lakeview,Week2,361.0 Mount Vernon Park - 41.0 Lakeview
Newington Forest,Week5,Pinecrest,Week1,286.0 Pinecrest - 116.0 Newington Forest
Mount Vernon Park,Week1,Lakeview,Week5,339.0 Mount Vernon Park - 54.0 Lakeview
Mount Vernon Park,Week5,Fairfax Club Estates,Week3,310.0 Mount Vernon Park - 91.0 Fairfax Club Estates
Newington Forest,Week4,Canterbury Woods,Week2,212.0 Canterbury Woods - 190.0 Newington Forest
Mount Vernon Park,Week4,Long Branch,Week4,289.0 Mount Vernon Park - 113.0 Long Branch
Mount Vernon Park,Week2,Lakevale Estates,Week3,206.0 Lakevale Estates - 196.0 Mount Vernon Park
Newington Forest,Week4,Canterbury Woods,Week3,252.0 Canterbury Woods - 150.0 Newington Forest
Newington Forest,Week4,Fairfax Station,Week5,324.0 Fairfax Station - 78.0 Newington Forest
Newington Forest,Week4,Canterbury Woods,Week4,239.0 Canterbury Woods - 163.0 Newington Forest
Newington Forest,Week4,Pinecrest,Week3,314.0 Pinecrest - 88.0 Newington Forest
Mount Vernon Park,Week5,Lakevale Estates,Week1,231.0 Mount Vernon Park - 171.0 Lakevale Estates
Newington Forest,Week5,Pinecrest,Week2,314.0 Pinecrest - 88.0 Newington Forest
Mount Vernon Park,Week5,Pleasant Valley,Week2,347.0 Mount Vernon Park - 51.0 Pleasant Valley
Newington Forest,Week2,Mantua,Week4,312.0 Mantua - 90.0 Newington Forest
Newington Forest,Week4,Mantua,Week1,317.0 Mantua - 85.0 Newington Forest
Newington Forest,Week5,Fairfax Station,Week1,280.0 Fairfax Station - 122.0 Newington Forest
Mount Vernon Park,Week3,Mansion House,Week3,211.0 Mount Vernon Park - 191.0 Mansion House
Mount Vernon Park,Week5,Pinewood Lake,Week2,369.0 Mount Vernon Park - 28.0 Pinewood Lake
Mount Vernon Park,Week1,Fairfax Station,Week1,207.0 Fairfax Station - 195.0 Mount Vernon Park
Mount Vernon Park,Week1,Fairfax Station,Week2,209.5 Fairfax Station - 192.5 Mount Vernon Park
Mount Vernon Park,Week1,Fairfax Station,Week3,233.0 Fairfax Station - 169.0 Mount Vernon Park
Newington Forest,Week3,Pinecrest,Week4,323.0 Pinecrest - 79.0 Newington Forest
Mount Vernon Park,Week1,Poplar Heights,Week4,213.0 Mount Vernon Park - 189.0 Poplar Heights
Mount Vernon Park,Week5,Pleasant Valley,Week3,334.0 Mount Vernon Park - 68.0 Pleasant Valley
Mount Vernon Park,Week3,Lakevale Estates,Week2,224.0 Mount Vernon Park - 178.0 Lakevale Estates
Newington Forest,Week1,Canterbury Woods,Week3,290.0 Canterbury Woods - 111.0 Newington Forest
Newington Forest,Week4,Mantua,Week4,309.0 Mantua - 93.0 Newington Forest
Mount Vernon Park,Week3,Lakevale Estates,Week1,229.0 Mount Vernon Park - 173.0 Lakevale Estates
Mount Vernon Park,Week1,Mansion House,Week4,231.0 Mount Vernon Park - 171.0 Mansion House
Newington Forest,Week5,Fairfax Station,Week2,292.0 Fairfax Station - 110.0 Newington Forest
Mount Vernon Park,Week3,Poplar Heights,Week4,224.0 Mount Vernon Park - 178.0 Poplar Heights
Newington Forest,Week4,Mantua,Week5,331.5 Mantua - 70.5 Newington Forest
Mount Vernon Park,Week1,Mansion House,Week5,213.0 Mount Vernon Park - 189.0 Mansion House
Mount Vernon Park,Week4,Mansion House,Week2,232.0 Mount Vernon Park - 170.0 Mansion House
Mount Vernon Park,Week5,Poplar Heights,Week5,228.0 Mount Vernon Park - 174.0 Poplar Heights
Newington Forest,Week1,Pinewood Lake,Week1,306.0 Newington Forest - 76.0 Pinewood Lake
Newington Forest,Week4,Mantua,Week3,329.0 Mantua - 73.0 Newington Forest
Newington Forest,Week3,Canterbury Woods,Week4,245.0 Canterbury Woods - 157.0 Newington Forest
Newington Forest,Week1,Forest Hollow,Week3,303.0 Forest Hollow - 99.0 Newington Forest
Newington Forest,Week5,Camelot,Week3,221.0 Camelot - 181.0 Newington Forest
Mount Vernon Park,Week1,Fairfax Station,Week4,203.0 Fairfax Station - 199.0 Mount Vernon Park
Newington Forest,Week1,Forest Hollow,Week4,300.0 Forest Hollow - 101.0 Newington Forest
Newington Forest,Week5,Mantua,Week5,329.0 Mantua - 73.0 Newington Forest
Newington Forest,Week5,Fairfax Station,Week5,311.0 Fairfax Station - 91.0 Newington Forest
Mount Vernon Park,Week1,Mantua,Week1,224.0 Mount Vernon Park - 178.0 Mantua
Mount Vernon Park,Week3,Mansion House,Week2,234.0 Mount Vernon Park - 168.0 Mansion House
Newington Forest,Week4,Fairfax Station,Week3,325.0 Fairfax Station - 77.0 Newington Forest
Newington Forest,Week5,Mantua,Week2,289.0 Mantua - 113.0 Newington Forest
Newington Forest,Week3,Pinewood Lake,Week5,325.0 Newington Forest - 73.0 Pinewood Lake
Mount Vernon Park,Week3,Lakevale Estates,Week5,227.0 Lakevale Estates - 175.0 Mount Vernon Park
Mount Vernon Park,Week3,Lakevale Estates,Week3,201.0 Lakevale Estates - 201.0 Mount Vernon Park
Mount Vernon Park,Week1,Poplar Heights,Week3,216.0 Mount Vernon Park - 186.0 Poplar Heights
Newington Forest,Week3,Canterbury Woods,Week3,261.0 Canterbury Woods - 141.0 Newington Forest
Newington Forest,Week5,Fairfax Station,Week3,310.0 Fairfax Station - 92.0 Newington Forest
Mount Vernon Park,Week4,Fairfax Club Estates,Week5,300.0 Mount Vernon Park - 102.0 Fairfax Club Estates
Mount Vernon Park,Week2,Fairfax Station,Week1,204.0 Fairfax Station - 198.0 Mount Vernon Park
Mount Vernon Park,Week2,Fairfax Station,Week5,228.0 Fairfax Station - 174.0 Mount Vernon Park
Newington Forest,Week5,Mantua,Week4,297.0 Mantua - 105.0 Newington Forest
Newington Forest,Week3,Pinewood Lake,Week2,331.0 Newington Forest - 65.0 Pinewood Lake
Mount Vernon Park,Week5,Poplar Heights,Week4,244.0 Mount Vernon Park - 158.0 Poplar Heights
Newington Forest,Week5,Pinecrest,Week3,310.0 Pinecrest - 92.0 Newington Forest
Newington Forest,Week2,Canterbury Woods,Week1,245.0 Canterbury Woods - 156.0 Newington Forest
Mount Vernon Park,Week3,Fairfax Station,Week2,204.0 Mount Vernon Park - 198.0 Fairfax Station
Newington Forest,Week4,Pinewood Lake,Week2,322.0 Newington Forest - 65.0 Pinewood Lake
Mount Vernon Park,Week5,Long Branch,Week3,304.0 Mount Vernon Park - 98.0 Long Branch
Mount Vernon Park,Week5,Mansion House,Week1,244.0 Mount Vernon Park - 158.0 Mansion House
Mount Vernon Park,Week2,Mansion House,Week5,212.0 Mount Vernon Park - 190.0 Mansion House
Mount Vernon Park,Week4,Lakevale Estates,Week4,233.0 Lakevale Estates - 169.0 Mount Vernon Park
Newington Forest,Week4,Pinewood Lake,Week1,327.0 Newington Forest - 57.0 Pinewood Lake
Mount Vernon Park,Week4,Poplar Heights,Week4,220.0 Mount Vernon Park - 182.0 Poplar Heights
Newington Forest,Week5,Canterbury Woods,Week1,211.0 Canterbury Woods - 191.0 Newington Forest
Newington Forest,Week2,Forest Hollow,Week2,283.0 Forest Hollow - 119.0 Newington Forest
Newington Forest,Week4,Canterbury Woods,Week1,216.0 Canterbury Woods - 186.0 Newington Forest
Mount Vernon Park,Week1,Poplar Heights,Week1,219.0 Mount Vernon Park - 183.0 Poplar Heights
Mount Vernon Park,Week4,Fairfax Club Estates,Week4,290.0 Mount Vernon Park - 112.0 Fairfax Club Estates
Newington Forest,Week1,McLean,Week2,339.0 McLean - 62.0 Newington Forest
Mount Vernon Park,Week5,Lakevale Estates,Week2,238.0 Mount Vernon Park - 164.0 Lakevale Estates
Mount Vernon Park,Week5,Fairfax Club Estates,Week4,300.0 Mount Vernon Park - 101.0 Fairfax Club Estates
Newington Forest,Week5,Canterbury Woods,Week2,206.0 Newington Forest - 196.0 Canterbury Woods
Newington Forest,Week1,Pinewood Lake,Week5,305.0 Newington Forest - 82.0 Pinewood Lake
Newington Forest,Week4,Forest Hollow,Week3,283.0 Forest Hollow - 119.0 Newington Forest
Mount Vernon Park,Week5,Fairfax Club Estates,Week5,313.0 Mount Vernon Park - 85.0 Fairfax Club Estates
Mount Vernon Park,Week2,Lakevale Estates,Week5,234.0 Lakevale Estates - 168.0 Mount Vernon Park
Newington Forest,Week1,McLean,Week3,336.0 McLean - 66.0 Newington Forest
Mount Vernon Park,Week5,Lakevale Estates,Week3,205.0 Mount Vernon Park - 197.0 Lakevale Estates
Newington Forest,Week2,Forest Hollow,Week3,292.0 Forest Hollow - 110.0 Newington Forest
Mount Vernon Park,Week5,Fairfax Club Estates,Week2,313.0 Mount Vernon Park - 88.0 Fairfax Club Estates
Newington Forest,Week1,McLean,Week4,330.0 McLean - 72.0 Newington Forest
Mount Vernon Park,Week5,Lakevale Estates,Week4,210.0 Lakevale Estates - 192.0 Mount Vernon Park
Mount Vernon Park,Week3,Fairfax Station,Week3,218.0 Fairfax Station - 184.0 Mount Vernon Park
Newington Forest,Week3,Pinecrest,Week5,317.0 Pinecrest - 85.0 Newington Forest
Newington Forest,Week3,Forest Hollow,Week5,296.0 Forest Hollow - 106.0 Newington Forest
Mount Vernon Park,Week2,Mansion House,Week4,252.0 Mount Vernon Park - 150.0 Mansion House
Newington Forest,Week2,Forest Hollow,Week5,298.0 Forest Hollow - 103.0 Newington Forest
Newington Forest,Week1,McLean,Week1,334.0 McLean - 68.0 Newington Forest
Newington Forest,Week5,Canterbury Woods,Week4,227.0 Canterbury Woods - 175.0 Newington Forest
Mount Vernon Park,Week5,Mansion House,Week2,246.0 Mount Vernon Park - 155.0 Mansion House
Mount Vernon Park,Week3,Poplar Heights,Week5,207.0 Mount Vernon Park - 195.0 Poplar Heights
Newington Forest,Week1,Cardinal Hill,Week3,342.5 Cardinal Hill - 58.5 Newington Forest
Newington Forest,Week1,Pinewood Lake,Week4,317.0 Newington Forest - 67.0 Pinewood Lake
Mount Vernon Park,Week4,Poplar Heights,Week5,203.0 Mount Vernon Park - 199.0 Poplar Heights
Newington Forest,Week5,Mantua,Week3,329.0 Mantua - 73.0 Newington Forest
Mount Vernon Park,Week5,Poplar Heights,Week2,243.0 Mount Vernon Park - 159.0 Poplar Heights
Mount Vernon Park,Week4,Mansion House,Week1,207.0 Mount Vernon Park - 195.0 Mansion House
Mount Vernon Park,Week2,Lakevale Estates,Week4,236.0 Lakevale Estates - 166.0 Mount Vernon Park
Newington Forest,Week5,Canterbury Woods,Week3,224.0 Canterbury Woods - 173.0 Newington Forest
Mount Vernon Park,Week5,Lakevale Estates,Week5,212.0 Lakevale Estates - 190.0 Mount Vernon Park
Mount Vernon Park,Week3,Lakevale Estates,Week4,222.0 Lakevale Estates - 180.0 Mount Vernon Park
Mount Vernon Park,Week4,Fairfax Club Estates,Week3,298.0 Mount Vernon Park - 104.0 Fairfax Club Estates
Newington Forest,Week1,Cardinal Hill,Week4,315.0 Cardinal Hill - 87.0 Newington Forest
Newington Forest,Week3,Pinewood Lake,Week3,344.0 Newington Forest - 52.0 Pinewood Lake
Newington Forest,Week4,Pinewood Lake,Week3,333.0 Newington Forest - 51.0 Pinewood Lake
Mount Vernon Park,Week1,Poplar Tree,Week1,201.5 Mount Vernon Park - 200.5 Poplar Tree
Newington Forest,Week5,Forest Hollow,Week3,266.0 Forest Hollow - 136.0 Newington Forest
Newington Forest,Week1,McLean,Week5,337.0 McLean - 65.0 Newington Forest
Mount Vernon Park,Week3,Mantua,Week2,235.0 Mount Vernon Park - 167.0 Mantua
Mount Vernon Park,Week5,Pleasant Valley,Week5,339.0 Mount Vernon Park - 62.0 Pleasant Valley
Mount Vernon Park,Week2,Mantua,Week4,226.0 Mount Vernon Park - 176.0 Mantua
Mosby Woods,Week5,Virginia Run,Week2,254.0 Mosby Woods - 148.0 Virginia Run
Newington Forest,Week2,McLean,Week1,324.0 McLean - 78.0 Newington Forest
Mount Vernon Park,Week2,Mansion House,Week1,213.0 Mount Vernon Park - 189.0 Mansion House
Newington Forest,Week2,Cardinal Hill,Week2,311.0 Cardinal Hill - 89.0 Newington Forest
Newington Forest,Week2,McLean,Week4,319.0 McLean - 83.0 Newington Forest
Mount Vernon Park,Week3,Fairfax Station,Week1,211.0 Mount Vernon Park - 191.0 Fairfax Station
Mosby Woods,Week4,Virginia Run,Week4,231.0 Mosby Woods - 171.0 Virginia Run
Mount Vernon Park,Week1,Mansion House,Week2,223.0 Mount Vernon Park - 174.0 Mansion House
Newington Forest,Week1,Pleasant Valley,Week3,202.0 Newington Forest - 198.0 Pleasant Valley
Newington Forest,Week3,Forest Hollow,Week4,291.0 Forest Hollow - 111.0 Newington Forest
Mount Vernon Park,Week2,Poplar Tree,Week3,213.0 Mount Vernon Park - 189.0 Poplar Tree
Newington Forest,Week1,Cardinal Hill,Week5,318.0 Cardinal Hill - 80.0 Newington Forest
Mount Vernon Park,Week1,Poplar Tree,Week2,225.0 Mount Vernon Park - 172.0 Poplar Tree
Newington Forest,Week2,Pleasant Valley,Week3,203.0 Newington Forest - 197.0 Pleasant Valley
Mount Vernon Park,Week1,Lakeview,Week1,353.0 Mount Vernon Park - 49.0 Lakeview
Mount Vernon Park,Week1,Mansion House,Week1,217.5 Mount Vernon Park - 184.5 Mansion House
Newington Forest,Week1,Fox Hunt,Week2,305.0 Fox Hunt - 97.0 Newington Forest
Newington Forest,Week2,McLean,Week3,324.0 McLean - 78.0 Newington Forest
Mount Vernon Park,Week2,Poplar Heights,Week5,201.0 Mount Vernon Park - 201.0 Poplar Heights
Newington Forest,Week2,Cardinal Hill,Week5,309.0 Cardinal Hill - 89.0 Newington Forest
Mosby Woods,Week3,Wakefield Chapel,Week3,238.0 Wakefield Chapel - 159.0 Mosby Woods
Newington Forest,Week3,Pleasant Valley,Week2,248.0 Newington Forest - 152.0 Pleasant Valley
Mount Vernon Park,Week4,Fairfax Station,Week1,212.0 Fairfax Station - 190.0 Mount Vernon Park
Newington Forest,Week1,Fox Hunt,Week3,296.0 Fox Hunt - 105.0 Newington Forest
Newington Forest,Week2,McLean,Week2,330.0 McLean - 71.0 Newington Forest
Mount Vernon Park,Week2,Fairfax Station,Week3,221.0 Fairfax Station - 181.0 Mount Vernon Park
Newington Forest,Week3,McLean,Week2,327.0 McLean - 75.0 Newington Forest
Mount Vernon Park,Week1,Mansion House,Week3,211.0 Mount Vernon Park - 191.0 Mansion House
Newington Forest,Week4,McLean,Week2,319.0 McLean - 83.0 Newington Forest
Mount Vernon Park,Week2,Fairfax Station,Week4,205.0 Fairfax Station - 197.0 Mount Vernon Park
Newington Forest,Week5,McLean,Week4,301.0 McLean - 96.0 Newington Forest
Mount Vernon Park,Week1,Poplar Heights,Week5,210.5 Poplar Heights - 191.5 Mount Vernon Park
Mount Vernon Park,Week4,Fairfax Station,Week2,209.0 Fairfax Station - 193.0 Mount Vernon Park
Mosby Woods,Week5,Virginia Run,Week1,231.0 Mosby Woods - 171.0 Virginia Run
Mount Vernon Park,Week1,Fairfax Station,Week5,226.5 Fairfax Station - 175.5 Mount Vernon Park
Mount Vernon Park,Week3,Fairfax Station,Week4,210.0 Mount Vernon Park - 192.0 Fairfax Station
Newington Forest,Week4,Pleasant Valley,Week4,266.0 Newington Forest - 124.0 Pleasant Valley
Newington Forest,Week3,Cardinal Hill,Week3,343.0 Cardinal Hill - 59.0 Newington Forest
Newington Forest,Week2,Pleasant Valley,Week2,222.0 Newington Forest - 170.0 Pleasant Valley
Newington Forest,Week4,Forest Hollow,Week5,292.0 Forest Hollow - 110.0 Newington Forest
Mount Vernon Park,Week4,Poplar Heights,Week1,220.0 Mount Vernon Park - 182.0 Poplar Heights
Newington Forest,Week4,Cardinal Hill,Week5,297.0 Cardinal Hill - 105.0 Newington Forest
Newington Forest,Week1,Fox Hunt,Week5,327.5 Fox Hunt - 74.5 Newington Forest
Newington Forest,Week4,McLean,Week4,312.0 McLean - 90.0 Newington Forest
Newington Forest,Week2,Pleasant Valley,Week4,245.0 Newington Forest - 148.0 Pleasant Valley
Mount Vernon Park,Week2,Mansion House,Week2,231.0 Mount Vernon Park - 171.0 Mansion House
Mosby Woods,Week2,Wakefield Chapel,Week1,218.0 Wakefield Chapel - 184.0 Mosby Woods
Newington Forest,Week1,Fox Hunt,Week4,298.0 Fox Hunt - 104.0 Newington Forest
Mosby Woods,Week2,Wakefield Chapel,Week4,211.0 Wakefield Chapel - 191.0 Mosby Woods
Mosby Woods,Week3,Virginia Run,Week1,230.0 Mosby Woods - 172.0 Virginia Run
Mount Vernon Park,Week1,Poplar Tree,Week5,206.0 Mount Vernon Park - 196.0 Poplar Tree
Newington Forest,Week4,Forest Hollow,Week4,281.0 Forest Hollow - 121.0 Newington Forest
Newington Forest,Week3,Cardinal Hill,Week1,327.0 Cardinal Hill - 75.0 Newington Forest
Newington Forest,Week1,Poplar Heights,Week1,285.0 Poplar Heights - 116.0 Newington Forest
Mount Vernon Park,Week1,Poplar Heights,Week2,210.0 Mount Vernon Park - 192.0 Poplar Heights
Newington Forest,Week4,Cardinal Hill,Week1,315.0 Cardinal Hill - 87.0 Newington Forest
Mount Vernon Park,Week4,Fairfax Station,Week5,236.5 Fairfax Station - 165.5 Mount Vernon Park
Newington Forest,Week1,Pleasant Valley,Week5,215.0 Newington Forest - 183.0 Pleasant Valley
Mount Vernon Park,Week5,Long Branch,Week4,304.0 Mount Vernon Park - 98.0 Long Branch
Newington Forest,Week5,Forest Hollow,Week2,260.0 Forest Hollow - 137.0 Newington Forest
Mosby Woods,Week4,Wakefield Chapel,Week2,220.0 Wakefield Chapel - 182.0 Mosby Woods
Mount Vernon Park,Week2,Fairfax Station,Week2,214.0 Fairfax Station - 188.0 Mount Vernon Park
Mount Vernon Park,Week3,Poplar Heights,Week1,232.5 Mount Vernon Park - 169.5 Poplar Heights
Mosby Woods,Week2,Wakefield Chapel,Week3,222.0 Wakefield Chapel - 180.0 Mosby Woods
Newington Forest,Week3,Mosby Woods,Week5,322.0 Mosby Woods - 80.0 Newington Forest
Mount Vernon Park,Week2,Poplar Heights,Week2,202.0 Mount Vernon Park - 200.0 Poplar Heights
Newington Forest,Week4,Pleasant Valley,Week2,248.0 Newington Forest - 153.0 Pleasant Valley
Newington Forest,Week3,Mosby Woods,Week3,309.0 Mosby Woods - 93.0 Newington Forest
Newington Forest,Week1,Chesterbrook,Week1,376.0 Chesterbrook - 26.0 Newington Forest
Newington Forest,Week1,Chesterbrook,Week2,388.0 Chesterbrook - 14.0 Newington Forest
Newington Forest,Week2,Mosby Woods,Week3,318.0 Mosby Woods - 83.0 Newington Forest
Mount Vernon Park,Week5,Fairfax Station,Week1,214.0 Mount Vernon Park - 188.0 Fairfax Station
Mount Vernon Park,Week3,Mansion House,Week1,223.0 Mount Vernon Park - 179.0 Mansion House
Mount Vernon Park,Week4,Poplar Heights,Week2,208.0 Mount Vernon Park - 194.0 Poplar Heights
Newington Forest,Week1,Poplar Heights,Week3,308.0 Poplar Heights - 94.0 Newington Forest
Mount Vernon Park,Week3,Mansion House,Week4,250.0 Mount Vernon Park - 152.0 Mansion House
Mount Vernon Park,Week4,Fairfax Station,Week3,233.0 Fairfax Station - 169.0 Mount Vernon Park
Newington Forest,Week1,Fox Hunt,Week1,290.0 Fox Hunt - 112.0 Newington Forest
Mosby Woods,Week1,Wakefield Chapel,Week3,214.0 Wakefield Chapel - 188.0 Mosby Woods
Mosby Woods,Week3,Virginia Run,Week4,244.0 Mosby Woods - 158.0 Virginia Run
Newington Forest,Week5,Cardinal Hill,Week2,294.0 Cardinal Hill - 108.0 Newington Forest
Newington Forest,Week3,Pleasant Valley,Week5,219.0 Newington Forest - 181.0 Pleasant Valley
Newington Forest,Week5,Cardinal Hill,Week5,286.0 Cardinal Hill - 116.0 Newington Forest
Mount Vernon Park,Week3,Mansion House,Week5,218.0 Mount Vernon Park - 184.0 Mansion House
Newington Forest,Week2,Fox Hunt,Week3,284.0 Fox Hunt - 117.0 Newington Forest
Mount Vernon Park,Week5,Mansion House,Week3,237.0 Mount Vernon Park - 165.0 Mansion House
Newington Forest,Week2,Fox Hunt,Week1,281.0 Fox Hunt - 121.0 Newington Forest
Mosby Woods,Week4,Virginia Run,Week2,243.0 Mosby Woods - 159.0 Virginia Run
Newington Forest,Week1,Chesterbrook,Week3,394.5 Chesterbrook - 7.5 Newington Forest
Mount Vernon Park,Week5,Poplar Heights,Week1,233.0 Mount Vernon Park - 169.0 Poplar Heights
Mount Vernon Park,Week2,Mansion House,Week3,212.5 Mount Vernon Park - 189.5 Mansion House
Newington Forest,Week3,Forest Hollow,Week1,278.0 Forest Hollow - 124.0 Newington Forest
Mount Vernon Park,Week4,Mansion House,Week3,209.0 Mount Vernon Park - 193.0 Mansion House
Newington Forest,Week3,Forest Hollow,Week2,274.0 Forest Hollow - 128.0 Newington Forest
Newington Forest,Week5,Pinewood Lake,Week5,326.0 Newington Forest - 75.0 Pinewood Lake
Newington Forest,Week5,Pinewood Lake,Week4,338.0 Newington Forest - 63.0 Pinewood Lake
Mosby Woods,Week3,Virginia Run,Week2,251.0 Mosby Woods - 151.0 Virginia Run
Newington Forest,Week3,McLean,Week1,320.0 McLean - 82.0 Newington Forest
Mount Vernon Park,Week5,Fairfax Station,Week3,203.0 Fairfax Station - 199.0 Mount Vernon Park
Mount Vernon Park,Week5,Fairfax Station,Week4,220.0 Mount Vernon Park - 182.0 Fairfax Station
Newington Forest,Week3,McLean,Week3,327.0 McLean - 75.0 Newington Forest
Mount Vernon Park,Week2,Poplar Heights,Week4,219.0 Mount Vernon Park - 183.0 Poplar Heights
Newington Forest,Week3,McLean,Week4,323.0 McLean - 79.0 Newington Forest
Newington Forest,Week1,Chesterbrook,Week4,387.0 Chesterbrook - 15.0 Newington Forest
Newington Forest,Week2,Chesterbrook,Week1,374.0 Chesterbrook - 28.0 Newington Forest
Mount Vernon Park,Week2,Poplar Heights,Week1,218.0 Mount Vernon Park - 184.0 Poplar Heights
Newington Forest,Week4,Forest Hollow,Week2,267.0 Forest Hollow - 135.0 Newington Forest
Mount Vernon Park,Week5,Long Branch,Week5,295.0 Mount Vernon Park - 106.0 Long Branch
Newington Forest,Week4,McLean,Week5,315.0 McLean - 87.0 Newington Forest
Newington Forest,Week4,Forest Hollow,Week1,274.0 Forest Hollow - 128.0 Newington Forest
Mount Vernon Park,Week5,Fairfax Station,Week5,218.0 Fairfax Station - 184.0 Mount Vernon Park
Mount Vernon Park,Week2,Forest Hollow,Week4,233.0 Mount Vernon Park - 169.0 Forest Hollow
Newington Forest,Week2,Chesterbrook,Week2,380.0 Chesterbrook - 22.0 Newington Forest
Newington Forest,Week2,Pleasant Valley,Week1,222.0 Newington Forest - 171.0 Pleasant Valley
Newington Forest,Week4,Pleasant Valley,Week5,227.0 Newington Forest - 169.0 Pleasant Valley
Mount Vernon Park,Week4,Mansion House,Week5,218.0 Mount Vernon Park - 184.0 Mansion House
Mount Vernon Park,Week1,Mantua,Week5,204.0 Mount Vernon Park - 198.0 Mantua
Newington Forest,Week3,Forest Hollow,Week3,289.0 Forest Hollow - 113.0 Newington Forest
Newington Forest,Week5,McLean,Week2,314.0 McLean - 88.0 Newington Forest
Mount Vernon Park,Week3,Poplar Heights,Week3,226.0 Mount Vernon Park - 176.0 Poplar Heights
Mosby Woods,Week5,Virginia Run,Week3,258.0 Mosby Woods - 144.0 Virginia Run
Mount Vernon Park,Week4,Forest Hollow,Week2,231.0 Mount Vernon Park - 171.0 Forest Hollow
Mosby Woods,Week5,Virginia Run,Week4,247.0 Mosby Woods - 155.0 Virginia Run
Mount Vernon Park,Week3,Poplar Heights,Week2,228.0 Mount Vernon Park - 174.0 Poplar Heights
Mosby Woods,Week1,Wakefield Chapel,Week1,223.0 Wakefield Chapel - 179.0 Mosby Woods
Newington Forest,Week2,Poplar Heights,Week1,285.0 Poplar Heights - 116.0 Newington Forest
Mount Vernon Park,Week2,Mantua,Week3,214.0 Mantua - 188.0 Mount Vernon Park
Mount Vernon Park,Week4,Mansion House,Week4,248.0 Mount Vernon Park - 154.0 Mansion House
Mount Vernon Park,Week2,Mantua,Week5,207.0 Mantua - 195.0 Mount Vernon Park
Mount Vernon Park,Week2,Poplar Heights,Week3,222.0 Mount Vernon Park - 180.0 Poplar Heights
Mount Vernon Park,Week1,Forest Hollow,Week1,238.0 Mount Vernon Park - 164.0 Forest Hollow
Newington Forest,Week2,Pleasant Valley,Week5,210.0 Newington Forest - 187.0 Pleasant Valley
Mount Vernon Park,Week1,Mantua,Week4,237.0 Mount Vernon Park - 165.0 Mantua
Mount Vernon Park,Week1,Poplar Tree,Week4,227.0 Mount Vernon Park - 175.0 Poplar Tree
Mount Vernon Park,Week3,Forest Hollow,Week1,237.0 Mount Vernon Park - 165.0 Forest Hollow
Newington Forest,Week2,Chesterbrook,Week3,393.0 Chesterbrook - 9.0 Newington Forest
Newington Forest,Week5,Cardinal Hill,Week3,320.0 Cardinal Hill - 82.0 Newington Forest
Mount Vernon Park,Week4,Poplar Heights,Week3,218.0 Mount Vernon Park - 184.0 Poplar Heights
Newington Forest,Week4,Fox Hunt,Week3,274.0 Fox Hunt - 118.0 Newington Forest
Newington Forest,Week1,Mosby Woods,Week4,319.0 Mosby Woods - 83.0 Newington Forest
Mount Vernon Park,Week4,Forest Hollow,Week3,232.0 Mount Vernon Park - 170.0 Forest Hollow
Mount Vernon Park,Week5,Poplar Heights,Week3,237.0 Mount Vernon Park - 165.0 Poplar Heights
Mosby Woods,Week1,Wakefield Chapel,Week5,230.0 Wakefield Chapel - 172.0 Mosby Woods
Mosby Woods,Week5,Virginia Run,Week5,216.5 Mosby Woods - 185.5 Virginia Run
Mount Vernon Park,Week2,Mantua,Week1,215.0 Mount Vernon Park - 187.0 Mantua
Newington Forest,Week4,Cardinal Hill,Week3,333.5 Cardinal Hill - 68.5 Newington Forest
Mount Vernon Park,Week5,Mansion House,Week4,264.0 Mount Vernon Park - 138.0 Mansion House
Newington Forest,Week5,Forest Hollow,Week5,280.0 Forest Hollow - 122.0 Newington Forest
Mount Vernon Park,Week2,Poplar Tree,Week1,204.0 Mount Vernon Park - 198.0 Poplar Tree
Newington Forest,Week5,Pinewood Lake,Week1,338.0 Newington Forest - 56.0 Pinewood Lake
Newington Forest,Week3,Fox Hunt,Week3,280.0 Fox Hunt - 122.0 Newington Forest
Newington Forest,Week2,Chesterbrook,Week4,378.0 Chesterbrook - 24.0 Newington Forest
Newington Forest,Week4,McLean,Week1,308.0 McLean - 89.0 Newington Forest
Newington Forest,Week3,Poplar Heights,Week3,286.0 Poplar Heights - 116.0 Newington Forest
Newington Forest,Week3,Cardinal Hill,Week5,315.0 Cardinal Hill - 87.0 Newington Forest
Newington Forest,Week1,Mosby Woods,Week1,333.0 Mosby Woods - 69.0 Newington Forest
Mosby Woods,Week2,Wakefield Chapel,Week2,211.0 Wakefield Chapel - 191.0 Mosby Woods
Newington Forest,Week2,Fox Hunt,Week2,290.0 Fox Hunt - 112.0 Newington Forest
Mount Vernon Park,Week1,Mantua,Week2,235.0 Mount Vernon Park - 167.0 Mantua
Newington Forest,Week4,Cardinal Hill,Week4,313.0 Cardinal Hill - 89.0 Newington Forest
Mount Vernon Park,Week1,Poplar Tree,Week3,214.0 Mount Vernon Park - 188.0 Poplar Tree
Mount Vernon Park,Week1,Forest Hollow,Week3,240.0 Mount Vernon Park - 162.0 Forest Hollow
Newington Forest,Week5,McLean,Week1,315.0 McLean - 87.0 Newington Forest
Mosby Woods,Week2,Wakefield Chapel,Week5,239.0 Wakefield Chapel - 163.0 Mosby Woods
Mount Vernon Park,Week5,Mansion House,Week5,230.0 Mount Vernon Park - 172.0 Mansion House
Newington Forest,Week3,Pleasant Valley,Week3,213.0 Newington Forest - 188.0 Pleasant Valley
Newington Forest,Week4,Pinewood Lake,Week4,320.0 Newington Forest - 68.0 Pinewood Lake
Newington Forest,Week3,McLean,Week5,326.0 McLean - 76.0 Newington Forest
Mount Vernon Park,Week4,Forest Hollow,Week4,223.0 Mount Vernon Park - 179.0 Forest Hollow
Newington Forest,Week3,Cardinal Hill,Week4,312.0 Cardinal Hill - 90.0 Newington Forest
Newington Forest,Week5,Fox Hunt,Week2,259.0 Fox Hunt - 143.0 Newington Forest
Mosby Woods,Week1,Wakefield Chapel,Week4,203.0 Mosby Woods - 199.0 Wakefield Chapel
Newington Forest,Week5,McLean,Week3,307.0 McLean - 95.0 Newington Forest
Newington Forest,Week5,McLean,Week5,312.5 McLean - 89.5 Newington Forest
Newington Forest,Week2,Chesterbrook,Week5,384.0 Chesterbrook - 17.0 Newington Forest
Mosby Woods,Week3,Virginia Run,Week3,249.0 Mosby Woods - 153.0 Virginia Run
Newington Forest,Week4,Pinewood Lake,Week5,309.0 Newington Forest - 80.0 Pinewood Lake
Newington Forest,Week5,Forest Hollow,Week4,279.0 Forest Hollow - 123.0 Newington Forest
Mount Vernon Park,Week4,Forest Hollow,Week5,223.0 Mount Vernon Park - 179.0 Forest Hollow
Mosby Woods,Week1,Wakefield Chapel,Week2,203.0 Mosby Woods - 199.0 Wakefield Chapel
Mount Vernon Park,Week2,Poplar Tree,Week2,226.0 Mount Vernon Park - 176.0 Poplar Tree
Mount Vernon Park,Week1,Forest Hollow,Week2,240.0 Mount Vernon Park - 162.0 Forest Hollow
Newington Forest,Week3,Pleasant Valley,Week4,250.0 Newington Forest - 150.0 Pleasant Valley
Newington Forest,Week1,Mosby Woods,Week2,324.0 Mosby Woods - 78.0 Newington Forest
Newington Forest,Week5,Forest Hollow,Week1,265.0 Forest Hollow - 137.0 Newington Forest
Mount Vernon Park,Week5,Forest Hollow,Week2,244.0 Mount Vernon Park - 158.0 Forest Hollow
Newington Forest,Week5,Cardinal Hill,Week4,292.0 Cardinal Hill - 110.0 Newington Forest
Newington Forest,Week5,Pinewood Lake,Week2,338.0 Newington Forest - 63.0 Pinewood Lake
Mosby Woods,Week3,Virginia Run,Week5,230.5 Mosby Woods - 171.5 Virginia Run
Mount Vernon Park,Week5,Poplar Tree,Week1,218.0 Mount Vernon Park - 184.0 Poplar Tree
Newington Forest,Week5,Fox Hunt,Week4,263.0 Fox Hunt - 139.0 Newington Forest
Mount Vernon Park,Week2,Mantua,Week2,233.0 Mount Vernon Park - 169.0 Mantua
Newington Forest,Week5,Pinewood Lake,Week3,345.0 Newington Forest - 55.0 Pinewood Lake
Newington Forest,Week3,Chesterbrook,Week1,373.0 Chesterbrook - 29.0 Newington Forest
Mount Vernon Park,Week1,Mantua,Week3,208.0 Mantua - 194.0 Mount Vernon Park
Newington Forest,Week1,Mosby Woods,Week5,310.0 Mosby Woods - 92.0 Newington Forest
Mount Vernon Park,Week2,Poplar Tree,Week4,221.0 Mount Vernon Park - 181.0 Poplar Tree
Newington Forest,Week2,Fox Mill Estates,Week1,224.0 Fox Mill Estates - 176.0 Newington Forest
Mosby Woods,Week4,Virginia Run,Week1,226.5 Mosby Woods - 175.5 Virginia Run
Mount Vernon Park,Week5,Forest Hollow,Week1,246.0 Mount Vernon Park - 156.0 Forest Hollow
Newington Forest,Week2,McLean,Week5,328.0 McLean - 73.0 Newington Forest
Mount Vernon Park,Week2,Ravensworth Farm,Week3,222.0 Mount Vernon Park - 180.0 Ravensworth Farm
Newington Forest,Week1,Chesterbrook,Week5,391.0 Chesterbrook - 10.0 Newington Forest
Mosby Woods,Week4,Virginia Run,Week5,211.5 Mosby Woods - 190.5 Virginia Run
Newington Forest,Week4,Cardinal Hill,Week2,295.0 Cardinal Hill - 107.0 Newington Forest
Mount Vernon Park,Week2,Poplar Tree,Week5,206.0 Mount Vernon Park - 196.0 Poplar Tree
Mosby Woods,Week4,Virginia Run,Week3,238.0 Mosby Woods - 164.0 Virginia Run
Newington Forest,Week1,Pleasant Valley,Week1,212.0 Newington Forest - 181.0 Pleasant Valley
Newington Forest,Week1,Mosby Woods,Week3,323.0 Mosby Woods - 78.0 Newington Forest
Mount Vernon Park,Week3,Mantua,Week1,235.0 Mount Vernon Park - 167.0 Mantua
Mount Vernon Park,Week3,Mantua,Week3,212.0 Mount Vernon Park - 190.0 Mantua
Mosby Woods,Week5,Stratford,Week5,299.0 Mosby Woods - 103.0 Stratford
Newington Forest,Week1,Fox Mill Estates,Week4,260.0 Fox Mill Estates - 141.0 Newington Forest
Newington Forest,Week1,Pleasant Valley,Week2,231.0 Newington Forest - 161.0 Pleasant Valley
Mosby Woods,Week3,Wakefield Chapel,Week1,234.0 Wakefield Chapel - 168.0 Mosby Woods
Newington Forest,Week2,Fox Mill Estates,Week5,266.0 Fox Mill Estates - 136.0 Newington Forest
Mount Vernon Park,Week2,Forest Hollow,Week1,232.0 Mount Vernon Park - 170.0 Forest Hollow
Newington Forest,Week5,Cardinal Hill,Week1,305.0 Cardinal Hill - 97.0 Newington Forest
Mount Vernon Park,Week3,Forest Hollow,Week2,236.5 Mount Vernon Park - 165.5 Forest Hollow
Newington Forest,Week1,Pleasant Valley,Week4,245.0 Newington Forest - 148.0 Pleasant Valley
Newington Forest,Week2,Mosby Woods,Week2,325.0 Mosby Woods - 77.0 Newington Forest
Newington Forest,Week3,Fox Mill Estates,Week1,220.0 Fox Mill Estates - 182.0 Newington Forest
Mount Vernon Park,Week3,Mantua,Week4,233.0 Mount Vernon Park - 169.0 Mantua
Newington Forest,Week2,Mosby Woods,Week4,306.5 Mosby Woods - 95.5 Newington Forest
Mount Vernon Park,Week1,Ravensworth Farm,Week3,226.0 Mount Vernon Park - 176.0 Ravensworth Farm
Mount Vernon Park,Week2,Forest Hollow,Week5,225.0 Mount Vernon Park - 177.0 Forest Hollow
Mosby Woods,Week4,Sully Station,Week2,205.0 Sully Station - 197.0 Mosby Woods
Newington Forest,Week1,Commonwealth,Week5,261.0 Commonwealth - 141.0 Newington Forest
Mosby Woods,Week3,Wakefield Chapel,Week2,226.0 Wakefield Chapel - 176.0 Mosby Woods
Newington Forest,Week1,Fox Mill Estates,Week2,236.0 Fox Mill Estates - 165.0 Newington Forest
Mount Vernon Park,Week4,Mantua,Week3,211.0 Mantua - 191.0 Mount Vernon Park
Newington Forest,Week3,Mosby Woods,Week2,313.0 Mosby Woods - 89.0 Newington Forest
Mount Vernon Park,Week3,Ravensworth Farm,Week4,234.0 Mount Vernon Park - 168.0 Ravensworth Farm
Mount Vernon Park,Week3,Mantua,Week5,209.5 Mount Vernon Park - 192.5 Mantua
Newington Forest,Week3,Pleasant Valley,Week1,239.0 Newington Forest - 162.0 Pleasant Valley
Newington Forest,Week4,Pleasant Valley,Week1,258.0 Newington Forest - 143.0 Pleasant Valley
Newington Forest,Week2,Mosby Woods,Week5,315.0 Mosby Woods - 87.0 Newington Forest
Mount Vernon Park,Week5,Poplar Tree,Week3,215.0 Mount Vernon Park - 187.0 Poplar Tree
Newington Forest,Week4,Fox Mill Estates,Week3,236.0 Fox Mill Estates - 166.0 Newington Forest
Mosby Woods,Week4,Wakefield Chapel,Week3,240.0 Wakefield Chapel - 162.0 Mosby Woods
Newington Forest,Week5,Pleasant Valley,Week3,234.0 Newington Forest - 168.0 Pleasant Valley
Mosby Woods,Week1,Walden Glen,Week5,281.0 Mosby Woods - 121.0 Walden Glen
Newington Forest,Week3,Chesterbrook,Week3,392.5 Chesterbrook - 9.5 Newington Forest
Mount Vernon Park,Week3,Burke Station,Week2,310.0 Mount Vernon Park - 92.0 Burke Station
Mount Vernon Park,Week1,Forest Hollow,Week5,234.0 Mount Vernon Park - 168.0 Forest Hollow
Mosby Woods,Week2,Sully Station,Week2,209.0 Mosby Woods - 193.0 Sully Station
Mosby Woods,Week3,Wakefield Chapel,Week4,226.0 Wakefield Chapel - 176.0 Mosby Woods
Newington Forest,Week4,Chesterbrook,Week1,368.0 Chesterbrook - 29.0 Newington Forest
Newington Forest,Week5,Fox Hunt,Week5,294.0 Fox Hunt - 108.0 Newington Forest
Mount Vernon Park,Week5,Poplar Tree,Week2,235.0 Mount Vernon Park - 167.0 Poplar Tree
Mount Vernon Park,Week1,Forest Hollow,Week4,239.0 Mount Vernon Park - 163.0 Forest Hollow
Mount Vernon Park,Week5,Mantua,Week2,252.0 Mount Vernon Park - 150.0 Mantua
Mosby Woods,Week4,Wakefield Chapel,Week1,237.0 Wakefield Chapel - 165.0 Mosby Woods
Mount Vernon Park,Week2,Burke Station,Week4,316.0 Mount Vernon Park - 86.0 Burke Station
Mount Vernon Park,Week2,Forest Hollow,Week2,238.0 Mount Vernon Park - 164.0 Forest Hollow
Mount Vernon Park,Week1,Ravensworth Farm,Week4,229.0 Mount Vernon Park - 173.0 Ravensworth Farm
Mount Vernon Park,Week4,Ravensworth Farm,Week2,252.0 Mount Vernon Park - 150.0 Ravensworth Farm
Newington Forest,Week3,Commonwealth,Week5,261.0 Commonwealth - 141.0 Newington Forest
Newington Forest,Week3,Mosby Woods,Week4,308.0 Mosby Woods - 94.0 Newington Forest
Newington Forest,Week3,Fox Mill Estates,Week5,261.5 Fox Mill Estates - 140.5 Newington Forest
Newington Forest,Week4,Pleasant Valley,Week3,224.0 Newington Forest - 178.0 Pleasant Valley
Mount Vernon Park,Week5,Burke Station,Week5,299.0 Mount Vernon Park - 103.0 Burke Station
Newington Forest,Week3,Commonwealth,Week1,205.0 Commonwealth - 195.0 Newington Forest
Mount Vernon Park,Week3,Forest Hollow,Week3,243.0 Mount Vernon Park - 159.0 Forest Hollow
Newington Forest,Week3,Mosby Woods,Week1,319.0 Mosby Woods - 83.0 Newington Forest
Mount Vernon Park,Week3,Forest Hollow,Week4,239.0 Mount Vernon Park - 163.0 Forest Hollow
Newington Forest,Week5,Pleasant Valley,Week2,251.0 Newington Forest - 145.0 Pleasant Valley
Mosby Woods,Week1,Sully Station,Week2,202.5 Mosby Woods - 199.5 Sully Station
Mount Vernon Park,Week1,Ravensworth Farm,Week1,245.5 Mount Vernon Park - 156.5 Ravensworth Farm
Newington Forest,Week5,Pleasant Valley,Week4,285.0 Newington Forest - 116.0 Pleasant Valley
Newington Forest,Week2,Mosby Woods,Week1,326.5 Mosby Woods - 75.5 Newington Forest
Newington Forest,Week4,Fox Mill Estates,Week5,240.0 Fox Mill Estates - 162.0 Newington Forest
Mount Vernon Park,Week4,Poplar Tree,Week5,206.0 Poplar Tree - 196.0 Mount Vernon Park
Mosby Woods,Week1,Sully Station,Week4,214.0 Mosby Woods - 188.0 Sully Station
Mount Vernon Park,Week1,Burke Station,Week4,315.0 Mount Vernon Park - 87.0 Burke Station
Mosby Woods,Week5,Sully Station,Week5,211.0 Sully Station - 191.0 Mosby Woods
Newington Forest,Week3,Commonwealth,Week3,250.0 Commonwealth - 152.0 Newington Forest
Newington Forest,Week4,McLean,Week3,314.0 McLean - 88.0 Newington Forest
Mount Vernon Park,Week5,Mantua,Week1,235.0 Mount Vernon Park - 167.0 Mantua
Mosby Woods,Week3,Wakefield Chapel,Week5,252.0 Wakefield Chapel - 150.0 Mosby Woods
Newington Forest,Week4,Fox Hunt,Week4,272.0 Fox Hunt - 130.0 Newington Forest
Mosby Woods,Week5,Sully Station,Week3,207.0 Mosby Woods - 195.0 Sully Station
Mount Vernon Park,Week2,Forest Hollow,Week3,232.0 Mount Vernon Park - 170.0 Forest Hollow
Mount Vernon Park,Week4,Mantua,Week4,219.0 Mount Vernon Park - 183.0 Mantua
Mount Vernon Park,Week3,Burke Station,Week5,300.0 Mount Vernon Park - 101.0 Burke Station
Newington Forest,Week2,Mount Vernon Park,Week4,326.0 Mount Vernon Park - 76.0 Newington Forest
Newington Forest,Week4,Chesterbrook,Week2,381.0 Chesterbrook - 21.0 Newington Forest
Mosby Woods,Week3,Walden Glen,Week2,306.0 Mosby Woods - 95.0 Walden Glen
Newington Forest,Week5,Pleasant Valley,Week5,240.0 Newington Forest - 157.0 Pleasant Valley
Mount Vernon Park,Week5,Mantua,Week4,242.0 Mount Vernon Park - 160.0 Mantua
Newington Forest,Week4,Fox Hunt,Week5,305.5 Fox Hunt - 96.5 Newington Forest
Newington Forest,Week5,Pleasant Valley,Week1,256.0 Newington Forest - 140.0 Pleasant Valley
Mosby Woods,Week1,Sully Station,Week5,213.0 Sully Station - 189.0 Mosby Woods
Mount Vernon Park,Week3,Forest Hollow,Week5,228.0 Mount Vernon Park - 174.0 Forest Hollow
Mount Vernon Park,Week2,Burke Station,Week2,301.0 Mount Vernon Park - 101.0 Burke Station
Mount Vernon Park,Week4,Forest Hollow,Week1,232.0 Mount Vernon Park - 170.0 Forest Hollow
Mosby Woods,Week2,Walden Glen,Week4,295.0 Mosby Woods - 107.0 Walden Glen
Mount Vernon Park,Week1,McLean,Week1,230.0 McLean - 172.0 Mount Vernon Park
Newington Forest,Week3,Fox Mill Estates,Week2,247.0 Fox Mill Estates - 155.0 Newington Forest
Mount Vernon Park,Week4,Poplar Tree,Week2,233.0 Mount Vernon Park - 169.0 Poplar Tree
Newington Forest,Week4,Chesterbrook,Week3,393.0 Chesterbrook - 9.0 Newington Forest
Mount Vernon Park,Week4,Mantua,Week2,229.0 Mount Vernon Park - 173.0 Mantua
Mosby Woods,Week1,Sully Station,Week1,202.0 Mosby Woods - 200.0 Sully Station
Mosby Woods,Week2,Sully Station,Week1,204.0 Mosby Woods - 198.0 Sully Station
Mount Vernon Park,Week5,Mantua,Week5,210.0 Mount Vernon Park - 192.0 Mantua
Newington Forest,Week4,Chesterbrook,Week4,373.0 Chesterbrook - 29.0 Newington Forest
Mosby Woods,Week2,Walden Glen,Week5,279.0 Mosby Woods - 123.0 Walden Glen
Mosby Woods,Week2,Sully Station,Week4,221.0 Mosby Woods - 181.0 Sully Station
Newington Forest,Week1,Poplar Heights,Week2,311.0 Poplar Heights - 90.0 Newington Forest
Mount Vernon Park,Week2,Ravensworth Farm,Week1,237.0 Mount Vernon Park - 165.0 Ravensworth Farm
Newington Forest,Week3,Mount Vernon Park,Week3,319.0 Mount Vernon Park - 83.0 Newington Forest
Mount Vernon Park,Week1,Burke Station,Week5,293.0 Mount Vernon Park - 109.0 Burke Station
Mosby Woods,Week5,Wakefield Chapel,Week4,204.0 Wakefield Chapel - 198.0 Mosby Woods
Mount Vernon Park,Week1,McLean,Week3,234.0 McLean - 168.0 Mount Vernon Park
Newington Forest,Week4,Fox Hunt,Week1,269.0 Fox Hunt - 133.0 Newington Forest
Newington Forest,Week1,Poplar Heights,Week4,310.0 Poplar Heights - 91.0 Newington Forest
Mount Vernon Park,Week4,Burke Station,Week2,314.0 Mount Vernon Park - 88.0 Burke Station
Newington Forest,Week5,Chesterbrook,Week1,363.0 Chesterbrook - 39.0 Newington Forest
Mosby Woods,Week5,Walden Glen,Week2,307.0 Mosby Woods - 95.0 Walden Glen
Mount Vernon Park,Week5,Poplar Tree,Week4,234.0 Mount Vernon Park - 168.0 Poplar Tree
Newington Forest,Week3,Mount Vernon Park,Week5,326.0 Mount Vernon Park - 76.0 Newington Forest
Newington Forest,Week1,Fox Mill Woods,Week1,348.0 Fox Mill Woods - 53.0 Newington Forest
Mount Vernon Park,Week4,Poplar Tree,Week1,206.0 Mount Vernon Park - 196.0 Poplar Tree
Mount Vernon Park,Week5,Broyhill Crest,Week5,376.0 Mount Vernon Park - 25.0 Broyhill Crest
Newington Forest,Week1,Fox Mill Estates,Week1,219.0 Fox Mill Estates - 182.0 Newington Forest
Newington Forest,Week3,Mount Vernon Park,Week1,317.0 Mount Vernon Park - 85.0 Newington Forest
Newington Forest,Week2,Poplar Heights,Week2,297.0 Poplar Heights - 104.0 Newington Forest
Newington Forest,Week2,Poplar Heights,Week5,305.0 Poplar Heights - 97.0 Newington Forest
Mosby Woods,Week5,Walden Glen,Week4,302.0 Mosby Woods - 100.0 Walden Glen
Mosby Woods,Week3,Sully Station,Week5,215.0 Sully Station - 187.0 Mosby Woods
Mount Vernon Park,Week3,Camelot,Week2,268.0 Mount Vernon Park - 134.0 Camelot
Newington Forest,Week2,Poplar Heights,Week3,283.0 Poplar Heights - 119.0 Newington Forest
Newington Forest,Week1,Commonwealth,Week1,213.0 Commonwealth - 187.0 Newington Forest
Newington Forest,Week3,Poplar Heights,Week1,284.0 Poplar Heights - 118.0 Newington Forest
Mount Vernon Park,Week2,McLean,Week2,235.0 McLean - 167.0 Mount Vernon Park
Mount Vernon Park,Week3,Camelot,Week4,272.0 Mount Vernon Park - 130.0 Camelot
Mount Vernon Park,Week4,Burke Station,Week5,291.0 Mount Vernon Park - 111.0 Burke Station
Newington Forest,Week1,Poplar Heights,Week5,314.0 Poplar Heights - 88.0 Newington Forest
Mount Vernon Park,Week2,McLean,Week1,229.0 McLean - 173.0 Mount Vernon Park
Newington Forest,Week3,Fox Hunt,Week4,282.0 Fox Hunt - 120.0 Newington Forest
Mount Vernon Park,Week4,Mantua,Week1,221.0 Mount Vernon Park - 181.0 Mantua
Newington Forest,Week4,Mount Vernon Park,Week2,319.0 Mount Vernon Park - 83.0 Newington Forest
Newington Forest,Week5,Mount Vernon Park,Week2,288.0 Mount Vernon Park - 114.0 Newington Forest
Newington Forest,Week2,Commonwealth,Week1,218.0 Commonwealth - 183.0 Newington Forest
Mount Vernon Park,Week3,Poplar Tree,Week2,230.0 Mount Vernon Park - 172.0 Poplar Tree
Mosby Woods,Week3,Sully Station,Week2,211.0 Mosby Woods - 191.0 Sully Station
Mount Vernon Park,Week1,Ravensworth Farm,Week5,226.0 Mount Vernon Park - 176.0 Ravensworth Farm
Mount Vernon Park,Week2,Camelot,Week5,260.5 Mount Vernon Park - 141.5 Camelot
Mount Vernon Park,Week2,Burke Station,Week1,267.0 Mount Vernon Park - 112.0 Burke Station
Newington Forest,Week3,Fox Hunt,Week2,279.0 Fox Hunt - 123.0 Newington Forest
Mosby Woods,Week4,Wakefield Chapel,Week4,221.0 Wakefield Chapel - 181.0 Mosby Woods
Mount Vernon Park,Week1,McLean,Week4,218.0 McLean - 184.0 Mount Vernon Park
Newington Forest,Week1,Commonwealth,Week2,268.0 Commonwealth - 133.0 Newington Forest
Mount Vernon Park,Week3,Poplar Tree,Week3,215.0 Mount Vernon Park - 187.0 Poplar Tree
Newington Forest,Week5,Chesterbrook,Week5,377.0 Chesterbrook - 25.0 Newington Forest
Mosby Woods,Week4,Sully Station,Week5,221.0 Sully Station - 181.0 Mosby Woods
Mosby Woods,Week5,Wakefield Chapel,Week2,203.0 Wakefield Chapel - 199.0 Mosby Woods
Newington Forest,Week3,Chesterbrook,Week2,385.0 Chesterbrook - 17.0 Newington Forest
Mount Vernon Park,Week3,Poplar Tree,Week4,222.0 Mount Vernon Park - 180.0 Poplar Tree
Newington Forest,Week4,Mosby Woods,Week3,304.0 Mosby Woods - 93.0 Newington Forest
Newington Forest,Week5,Mosby Woods,Week5,294.0 Mosby Woods - 108.0 Newington Forest
Mosby Woods,Week1,Walden Glen,Week4,292.0 Mosby Woods - 110.0 Walden Glen
Newington Forest,Week5,Mount Vernon Park,Week3,298.0 Mount Vernon Park - 104.0 Newington Forest
Mosby Woods,Week4,Sully Station,Week3,202.0 Sully Station - 200.0 Mosby Woods
Newington Forest,Week2,Poplar Heights,Week4,299.0 Poplar Heights - 102.0 Newington Forest
Mosby Woods,Week3,Sully Station,Week3,206.0 Mosby Woods - 196.0 Sully Station
Newington Forest,Week3,Fox Hunt,Week5,313.5 Fox Hunt - 88.5 Newington Forest
Mosby Woods,Week3,Sully Station,Week4,209.0 Mosby Woods - 193.0 Sully Station
Mount Vernon Park,Week2,Ravensworth Farm,Week2,245.0 Mount Vernon Park - 157.0 Ravensworth Farm
Mount Vernon Park,Week2,Camelot,Week1,264.0 Mount Vernon Park - 138.0 Camelot
Mosby Woods,Week1,Walden Glen,Week1,324.0 Mosby Woods - 78.0 Walden Glen
Mosby Woods,Week5,Walden Glen,Week3,315.0 Mosby Woods - 87.0 Walden Glen
Newington Forest,Week2,Fox Mill Estates,Week3,241.0 Fox Mill Estates - 156.0 Newington Forest
Mount Vernon Park,Week1,McLean,Week2,231.0 McLean - 171.0 Mount Vernon Park
Mount Vernon Park,Week4,Mantua,Week5,211.0 Mantua - 191.0 Mount Vernon Park
Newington Forest,Week1,Fox Mill Estates,Week5,258.0 Fox Mill Estates - 144.0 Newington Forest
Newington Forest,Week1,Commonwealth,Week3,268.0 Commonwealth - 133.0 Newington Forest
Mount Vernon Park,Week5,Poplar Tree,Week5,223.0 Mount Vernon Park - 179.0 Poplar Tree
Newington Forest,Week4,Mount Vernon Park,Week5,327.0 Mount Vernon Park - 75.0 Newington Forest
Newington Forest,Week2,Fox Hunt,Week4,291.0 Fox Hunt - 110.0 Newington Forest
Newington Forest,Week5,Poplar Heights,Week5,273.0 Poplar Heights - 129.0 Newington Forest
Mount Vernon Park,Week1,Burke Station,Week1,261.0 Mount Vernon Park - 117.0 Burke Station
Mount Vernon Park,Week1,Burke Station,Week2,302.0 Mount Vernon Park - 99.0 Burke Station
Mount Vernon Park,Week4,Poplar Tree,Week4,228.5 Mount Vernon Park - 173.5 Poplar Tree
Newington Forest,Week3,Chesterbrook,Week4,378.0 Chesterbrook - 24.0 Newington Forest
Newington Forest,Week4,Poplar Heights,Week4,289.0 Poplar Heights - 113.0 Newington Forest
Newington Forest,Week3,Poplar Heights,Week2,301.0 Poplar Heights - 101.0 Newington Forest
Mosby Woods,Week3,Walden Glen,Week4,288.0 Mosby Woods - 109.0 Walden Glen
Newington Forest,Week2,Commonwealth,Week2,257.0 Commonwealth - 144.0 Newington Forest
Newington Forest,Week2,Fox Hunt,Week5,316.0 Fox Hunt - 86.0 Newington Forest
Mosby Woods,Week1,Sully Station,Week3,207.5 Mosby Woods - 194.5 Sully Station
Newington Forest,Week1,Mount Vernon Park,Week5,337.0 Mount Vernon Park - 61.0 Newington Forest
Newington Forest,Week4,Mount Vernon Park,Week3,323.0 Mount Vernon Park - 79.0 Newington Forest
Mosby Woods,Week5,Wakefield Chapel,Week5,232.5 Wakefield Chapel - 169.5 Mosby Woods
Mount Vernon Park,Week2,McLean,Week4,221.5 McLean - 180.5 Mount Vernon Park
Mosby Woods,Week4,Sully Station,Week4,202.0 Mosby Woods - 200.0 Sully Station
Newington Forest,Week3,Fox Hunt,Week1,269.5 Fox Hunt - 132.5 Newington Forest
Mount Vernon Park,Week3,Poplar Tree,Week5,208.0 Mount Vernon Park - 194.0 Poplar Tree
Mount Vernon Park,Week2,McLean,Week3,239.0 McLean - 163.0 Mount Vernon Park
Newington Forest,Week3,Chesterbrook,Week5,390.0 Chesterbrook - 12.0 Newington Forest
Mount Vernon Park,Week1,McLean,Week5,250.0 McLean - 152.0 Mount Vernon Park
Newington Forest,Week4,Mosby Woods,Week1,313.0 Mosby Woods - 89.0 Newington Forest
Newington Forest,Week5,Fox Hunt,Week3,261.0 Fox Hunt - 141.0 Newington Forest
Newington Forest,Week4,Poplar Heights,Week3,277.0 Poplar Heights - 125.0 Newington Forest
Mount Vernon Park,Week3,Burke Station,Week4,327.0 Mount Vernon Park - 75.0 Burke Station
Newington Forest,Week4,Fox Hunt,Week2,272.0 Fox Hunt - 130.0 Newington Forest
Mount Vernon Park,Week2,McLean,Week5,244.0 McLean - 158.0 Mount Vernon Park
Mosby Woods,Week2,Sully Station,Week5,213.0 Sully Station - 189.0 Mosby Woods
Newington Forest,Week4,Mosby Woods,Week4,302.0 Mosby Woods - 100.0 Newington Forest
Mosby Woods,Week4,Walden Glen,Week1,310.0 Mosby Woods - 91.0 Walden Glen
Mount Vernon Park,Week3,Burke Station,Week3,297.0 Mount Vernon Park - 99.0 Burke Station
Mount Vernon Park,Week3,McLean,Week1,221.0 McLean - 181.0 Mount Vernon Park
Newington Forest,Week4,Poplar Heights,Week5,287.0 Poplar Heights - 115.0 Newington Forest
Newington Forest,Week5,Fox Hunt,Week1,254.0 Fox Hunt - 148.0 Newington Forest
Mosby Woods,Week5,Sully Station,Week2,203.5 Sully Station - 198.5 Mosby Woods
Mosby Woods,Week1,Walden Glen,Week2,311.0 Mosby Woods - 90.0 Walden Glen
Mosby Woods,Week5,Sully Station,Week4,202.0 Sully Station - 200.0 Mosby Woods
Newington Forest,Week1,Poplar Tree,Week1,311.0 Poplar Tree - 90.0 Newington Forest
Newington Forest,Week2,Commonwealth,Week3,251.0 Commonwealth - 151.0 Newington Forest
Mount Vernon Park,Week2,Ravensworth Farm,Week5,226.5 Mount Vernon Park - 175.5 Ravensworth Farm
Mount Vernon Park,Week2,Ravensworth Farm,Week4,216.0 Mount Vernon Park - 186.0 Ravensworth Farm
Newington Forest,Week2,Commonwealth,Week5,252.0 Commonwealth - 150.0 Newington Forest
Mosby Woods,Week1,Walden Glen,Week3,314.0 Mosby Woods - 88.0 Walden Glen
Newington Forest,Week5,Mosby Woods,Week2,299.0 Mosby Woods - 103.0 Newington Forest
Mount Vernon Park,Week4,Poplar Tree,Week3,215.0 Mount Vernon Park - 187.0 Poplar Tree
Mount Vernon Park,Week2,Burke Station,Week5,292.0 Mount Vernon Park - 110.0 Burke Station
Mount Vernon Park,Week1,Ravensworth Farm,Week2,250.0 Mount Vernon Park - 152.0 Ravensworth Farm
Newington Forest,Week3,Poplar Heights,Week5,300.0 Poplar Heights - 102.0 Newington Forest
Mount Vernon Park,Week4,McLean,Week1,230.0 McLean - 172.0 Mount Vernon Park
Newington Forest,Week5,Chesterbrook,Week3,384.0 Chesterbrook - 18.0 Newington Forest
Mount Vernon Park,Week3,Ravensworth Farm,Week5,230.0 Mount Vernon Park - 172.0 Ravensworth Farm
Newington Forest,Week4,Chesterbrook,Week5,382.0 Chesterbrook - 20.0 Newington Forest
Newington Forest,Week3,Fox Mill Estates,Week4,265.0 Fox Mill Estates - 137.0 Newington Forest
Mount Vernon Park,Week5,McLean,Week3,218.0 McLean - 184.0 Mount Vernon Park
Mount Vernon Park,Week4,Burke Station,Week3,292.0 Mount Vernon Park - 105.0 Burke Station
Mount Vernon Park,Week5,Burke Station,Week3,305.5 Mount Vernon Park - 90.5 Burke Station
Mount Vernon Park,Week3,Ravensworth Farm,Week2,250.0 Mount Vernon Park - 152.0 Ravensworth Farm
Newington Forest,Week2,Fox Mill Estates,Week2,238.5 Fox Mill Estates - 161.5 Newington Forest
Newington Forest,Week5,Mosby Woods,Week4,289.0 Mosby Woods - 113.0 Newington Forest
Newington Forest,Week1,Mount Vernon Park,Week2,323.0 Mount Vernon Park - 79.0 Newington Forest
Mount Vernon Park,Week5,Burke Station,Week4,325.0 Mount Vernon Park - 77.0 Burke Station
Mosby Woods,Week3,Walden Glen,Week1,323.0 Mosby Woods - 79.0 Walden Glen
Newington Forest,Week1,Poplar Tree,Week2,303.0 Poplar Tree - 98.0 Newington Forest
Mount Vernon Park,Week3,Ravensworth Farm,Week1,237.0 Mount Vernon Park - 165.0 Ravensworth Farm
Mosby Woods,Week2,Walden Glen,Week1,332.0 Mosby Woods - 70.0 Walden Glen
Mosby Woods,Week3,Sully Station,Week1,206.0 Sully Station - 196.0 Mosby Woods
Newington Forest,Week4,Mosby Woods,Week5,314.0 Mosby Woods - 88.0 Newington Forest
Newington Forest,Week3,Fox Mill Estates,Week3,241.5 Fox Mill Estates - 160.5 Newington Forest
Newington Forest,Week5,Chesterbrook,Week2,380.0 Chesterbrook - 22.0 Newington Forest
Mount Vernon Park,Week3,Mosby Woods,Week5,218.5 Mosby Woods - 183.5 Mount Vernon Park
Mount Vernon Park,Week1,Mosby Woods,Week3,212.0 Mosby Woods - 190.0 Mount Vernon Park
Mosby Woods,Week5,Wakefield Chapel,Week3,222.0 Wakefield Chapel - 180.0 Mosby Woods
Newington Forest,Week1,Fox Mill Estates,Week3,235.0 Fox Mill Estates - 163.0 Newington Forest
Mosby Woods,Week4,Walden Glen,Week3,296.0 Mosby Woods - 106.0 Walden Glen
Newington Forest,Week5,Mosby Woods,Week3,295.0 Mosby Woods - 107.0 Newington Forest
Newington Forest,Week1,Commonwealth,Week4,252.0 Commonwealth - 149.0 Newington Forest
Newington Forest,Week2,Fox Mill Estates,Week4,257.0 Fox Mill Estates - 141.0 Newington Forest
Newington Forest,Week3,Poplar Heights,Week4,291.0 Poplar Heights - 111.0 Newington Forest
Newington Forest,Week5,Chesterbrook,Week4,363.0 Chesterbrook - 39.0 Newington Forest
Mosby Woods,Week4,Sully Station,Week1,211.0 Sully Station - 191.0 Mosby Woods
Newington Forest,Week1,Mount Vernon Park,Week4,328.0 Mount Vernon Park - 74.0 Newington Forest
Newington Forest,Week2,Commonwealth,Week4,230.0 Commonwealth - 172.0 Newington Forest
Newington Forest,Week2,Mount Vernon Park,Week1,316.0 Mount Vernon Park - 85.0 Newington Forest
Mount Vernon Park,Week4,Mosby Woods,Week2,233.0 Mosby Woods - 169.0 Mount Vernon Park
Mosby Woods,Week5,Sully Station,Week1,209.0 Sully Station - 193.0 Mosby Woods
Mosby Woods,Week2,Sully Station,Week3,207.0 Mosby Woods - 195.0 Sully Station
Newington Forest,Week4,Fox Mill Estates,Week2,232.0 Fox Mill Estates - 170.0 Newington Forest
Newington Forest,Week5,Poplar Heights,Week1,248.0 Poplar Heights - 154.0 Newington Forest
Newington Forest,Week1,Poplar Tree,Week4,288.0 Poplar Tree - 112.0 Newington Forest
Newington Forest,Week3,Commonwealth,Week2,256.0 Commonwealth - 145.0 Newington Forest
Newington Forest,Week5,Poplar Heights,Week3,261.0 Poplar Heights - 141.0 Newington Forest
Mosby Woods,Week3,Walden Glen,Week5,284.0 Mosby Woods - 118.0 Walden Glen
Mount Vernon Park,Week5,Mantua,Week3,218.0 Mount Vernon Park - 184.0 Mantua
Mount Vernon Park,Week2,Burke Station,Week3,296.0 Mount Vernon Park - 101.0 Burke Station
Mount Vernon Park,Week4,Burke Station,Week1,266.0 Mount Vernon Park - 113.0 Burke Station
Mosby Woods,Week5,Wakefield Chapel,Week1,227.0 Wakefield Chapel - 175.0 Mosby Woods
Mount Vernon Park,Week5,Burke Station,Week2,314.0 Mount Vernon Park - 84.0 Burke Station
Mount Vernon Park,Week3,Poplar Tree,Week1,211.0 Mount Vernon Park - 191.0 Poplar Tree
Mount Vernon Park,Week3,Ravensworth Farm,Week3,244.0 Mount Vernon Park - 158.0 Ravensworth Farm
Mount Vernon Park,Week1,Burke Station,Week3,292.0 Mount Vernon Park - 105.0 Burke Station
Mount Vernon Park,Week3,Burke Station,Week1,274.0 Mount Vernon Park - 105.0 Burke Station
Newington Forest,Week2,Mount Vernon Park,Week2,323.0 Mount Vernon Park - 79.0 Newington Forest
Newington Forest,Week3,Commonwealth,Week4,226.0 Commonwealth - 176.0 Newington Forest
Newington Forest,Week4,Poplar Heights,Week1,272.0 Poplar Heights - 130.0 Newington Forest
Mount Vernon Park,Week4,Riverside Gardens,Week1,202.0 Mount Vernon Park - 200.0 Riverside Gardens
Mount Vernon Park,Week4,McLean,Week2,241.0 McLean - 161.0 Mount Vernon Park
Mount Vernon Park,Week3,Mosby Woods,Week2,211.5 Mosby Woods - 190.5 Mount Vernon Park
Newington Forest,Week4,Fox Mill Estates,Week4,249.0 Fox Mill Estates - 153.0 Newington Forest
Mount Vernon Park,Week3,Riverside Gardens,Week2,240.0 Mount Vernon Park - 162.0 Riverside Gardens
Newington Forest,Week1,Mount Vernon Park,Week3,328.0 Mount Vernon Park - 73.0 Newington Forest
Mount Vernon Park,Week4,Burke Station,Week4,317.0 Mount Vernon Park - 85.0 Burke Station
Newington Forest,Week5,Mosby Woods,Week1,309.0 Mosby Woods - 93.0 Newington Forest
Newington Forest,Week5,Fox Mill Estates,Week1,214.0 Newington Forest - 188.0 Fox Mill Estates
Mosby Woods,Week2,Walden Glen,Week3,308.0 Mosby Woods - 94.0 Walden Glen
Mount Vernon Park,Week4,Ravensworth Farm,Week1,237.0 Mount Vernon Park - 165.0 Ravensworth Farm
Newington Forest,Week1,Poplar Tree,Week5,332.0 Poplar Tree - 70.0 Newington Forest
Mosby Woods,Week4,Wakefield Chapel,Week5,259.0 Wakefield Chapel - 143.0 Mosby Woods
Newington Forest,Week4,Poplar Heights,Week2,287.0 Poplar Heights - 115.0 Newington Forest
Newington Forest,Week4,Fox Mill Estates,Week1,203.0 Newington Forest - 199.0 Fox Mill Estates
Mount Vernon Park,Week5,McLean,Week1,208.0 McLean - 194.0 Mount Vernon Park
Mosby Woods,Week4,Walden Glen,Week2,286.0 Mosby Woods - 114.0 Walden Glen
Newington Forest,Week5,Commonwealth,Week2,227.5 Commonwealth - 174.5 Newington Forest
Mount Vernon Park,Week1,Riverside Gardens,Week3,221.0 Mount Vernon Park - 181.0 Riverside Gardens
Mount Vernon Park,Week1,Camelot,Week1,272.0 Mount Vernon Park - 130.0 Camelot
Newington Forest,Week1,Cottontail,Week5,272.0 Cottontail - 129.0 Newington Forest
Mount Vernon Park,Week4,Ravensworth Farm,Week5,222.0 Mount Vernon Park - 180.0 Ravensworth Farm
Newington Forest,Week5,Fox Mill Estates,Week4,228.0 Fox Mill Estates - 174.0 Newington Forest
Mount Vernon Park,Week1,Riverside Gardens,Week2,232.0 Mount Vernon Park - 170.0 Riverside Gardens
Mount Vernon Park,Week3,McLean,Week5,242.0 McLean - 160.0 Mount Vernon Park
Newington Forest,Week5,Fox Mill Estates,Week2,207.0 Fox Mill Estates - 195.0 Newington Forest
Mount Vernon Park,Week4,McLean,Week3,230.0 McLean - 172.0 Mount Vernon Park
Newington Forest,Week4,Commonwealth,Week2,251.0 Commonwealth - 151.0 Newington Forest
Mount Vernon Park,Week5,Burke Station,Week1,272.0 Mount Vernon Park - 103.0 Burke Station
Newington Forest,Week4,Mosby Woods,Week2,309.0 Mosby Woods - 93.0 Newington Forest
Newington Forest,Week2,Mount Vernon Park,Week3,315.0 Mount Vernon Park - 83.0 Newington Forest
Mosby Woods,Week2,Walden Glen,Week2,308.0 Mosby Woods - 93.0 Walden Glen
Newington Forest,Week1,Poplar Tree,Week3,310.0 Poplar Tree - 91.0 Newington Forest
Newington Forest,Week5,Poplar Heights,Week2,256.0 Poplar Heights - 146.0 Newington Forest
Newington Forest,Week5,Fox Mill Estates,Week3,207.0 Fox Mill Estates - 195.0 Newington Forest
Mount Vernon Park,Week1,Camelot,Week2,275.0 Mount Vernon Park - 127.0 Camelot
Newington Forest,Week1,Mount Vernon Park,Week1,320.0 Mount Vernon Park - 81.0 Newington Forest
Mosby Woods,Week3,Walden Glen,Week3,314.0 Mosby Woods - 88.0 Walden Glen
Newington Forest,Week2,Cottontail,Week2,262.0 Cottontail - 140.0 Newington Forest
Mount Vernon Park,Week5,McLean,Week4,203.0 McLean - 199.0 Mount Vernon Park
Newington Forest,Week2,Poplar Tree,Week1,291.5 Poplar Tree - 109.5 Newington Forest
Mosby Woods,Week4,Walden Glen,Week4,281.5 Mosby Woods - 120.5 Walden Glen
Newington Forest,Week4,Poplar Tree,Week3,268.0 Poplar Tree - 134.0 Newington Forest
Newington Forest,Week5,Commonwealth,Week4,205.0 Commonwealth - 197.0 Newington Forest
Mount Vernon Park,Week4,Riverside Gardens,Week5,225.0 Riverside Gardens - 177.0 Mount Vernon Park
Mount Vernon Park,Week2,Riverside Gardens,Week4,229.0 Riverside Gardens - 173.0 Mount Vernon Park
Newington Forest,Week2,Cottontail,Week3,250.0 Cottontail - 152.0 Newington Forest
Newington Forest,Week2,Mount Vernon Park,Week5,322.0 Mount Vernon Park - 76.0 Newington Forest
Mount Vernon Park,Week3,McLean,Week2,233.0 McLean - 169.0 Mount Vernon Park
Newington Forest,Week1,Fox Mill Woods,Week2,341.0 Fox Mill Woods - 60.0 Newington Forest
Mount Vernon Park,Week2,Camelot,Week2,272.0 Mount Vernon Park - 130.0 Camelot
Newington Forest,Week5,Poplar Heights,Week4,264.0 Poplar Heights - 138.0 Newington Forest
Newington Forest,Week3,Mount Vernon Park,Week2,319.0 Mount Vernon Park - 83.0 Newington Forest
Newington Forest,Week2,Cottontail,Week4,248.0 Cottontail - 153.0 Newington Forest
Mount Vernon Park,Week1,Camelot,Week3,285.0 Mount Vernon Park - 117.0 Camelot
Mount Vernon Park,Week5,Riverside Gardens,Week1,234.0 Mount Vernon Park - 168.0 Riverside Gardens
Mount Vernon Park,Week1,Camelot,Week4,274.0 Mount Vernon Park - 128.0 Camelot
Mount Vernon Park,Week5,Ravensworth Farm,Week5,250.5 Mount Vernon Park - 151.5 Ravensworth Farm
Newington Forest,Week3,Mount Vernon Park,Week4,324.0 Mount Vernon Park - 78.0 Newington Forest
Mosby Woods,Week5,Walden Glen,Week1,326.0 Mosby Woods - 76.0 Walden Glen
Mount Vernon Park,Week5,Riverside Gardens,Week3,235.0 Mount Vernon Park - 167.0 Riverside Gardens
Mount Vernon Park,Week5,McLean,Week5,231.0 McLean - 171.0 Mount Vernon Park
Newington Forest,Week3,Poplar Tree,Week2,280.0 Poplar Tree - 122.0 Newington Forest
Mosby Woods,Week1,Waynewood,Week3,209.0 Mosby Woods - 193.0 Waynewood
Newington Forest,Week4,Commonwealth,Week3,240.0 Commonwealth - 162.0 Newington Forest
Newington Forest,Week1,Ravensworth Farm,Week4,306.0 Ravensworth Farm - 96.0 Newington Forest
Mount Vernon Park,Week4,McLean,Week4,219.0 McLean - 183.0 Mount Vernon Park
Mosby Woods,Week5,Waynewood,Week1,235.0 Mosby Woods - 167.0 Waynewood
Mount Vernon Park,Week3,Camelot,Week1,273.0 Mount Vernon Park - 129.0 Camelot
Mount Vernon Park,Week1,Mosby Woods,Week5,217.0 Mosby Woods - 185.0 Mount Vernon Park
Newington Forest,Week2,Cottontail,Week1,261.0 Cottontail - 141.0 Newington Forest
Mount Vernon Park,Week2,Camelot,Week4,270.0 Mount Vernon Park - 132.0 Camelot
Newington Forest,Week1,Fox Mill Woods,Week5,328.0 Fox Mill Woods - 74.0 Newington Forest
Newington Forest,Week4,Newington Forest,Week3,224.0 Newington Forest (NF1) - 178.0 Newington Forest (NF2)
Mosby Woods,Week4,Walden Glen,Week5,279.0 Mosby Woods - 123.0 Walden Glen
Newington Forest,Week5,Fox Mill Estates,Week5,226.0 Fox Mill Estates - 176.0 Newington Forest
Mosby Woods,Week1,Waynewood,Week5,210.0 Mosby Woods - 192.0 Waynewood
Newington Forest,Week4,Commonwealth,Week1,205.0 Commonwealth - 190.0 Newington Forest
Mount Vernon Park,Week2,Camelot,Week3,266.0 Mount Vernon Park - 136.0 Camelot
Mount Vernon Park,Week1,Mosby Woods,Week1,227.0 Mosby Woods - 175.0 Mount Vernon Park
Mount Vernon Park,Week5,Riverside Gardens,Week2,253.0 Mount Vernon Park - 149.0 Riverside Gardens
Newington Forest,Week2,Poplar Tree,Week2,294.0 Poplar Tree - 106.0 Newington Forest
Newington Forest,Week1,Fox Mill Woods,Week3,334.0 Fox Mill Woods - 68.0 Newington Forest
Newington Forest,Week2,Poplar Tree,Week4,286.0 Poplar Tree - 115.0 Newington Forest
Newington Forest,Week5,Mount Vernon Park,Week1,293.0 Mount Vernon Park - 109.0 Newington Forest
Newington Forest,Week1,Fox Mill Woods,Week4,338.0 Fox Mill Woods - 64.0 Newington Forest
Mosby Woods,Week3,Waynewood,Week1,235.0 Mosby Woods - 167.0 Waynewood
Mount Vernon Park,Week1,Camelot,Week5,259.0 Mount Vernon Park - 143.0 Camelot
Mount Vernon Park,Week4,McLean,Week5,248.0 McLean - 154.0 Mount Vernon Park
Mosby Woods,Week2,Waynewood,Week3,207.5 Waynewood - 194.5 Mosby Woods
Newington Forest,Week4,Mount Vernon Park,Week1,314.0 Mount Vernon Park - 88.0 Newington Forest
Newington Forest,Week1,Cottontail,Week1,258.0 Cottontail - 144.0 Newington Forest
Mount Vernon Park,Week5,Ravensworth Farm,Week4,241.0 Mount Vernon Park - 161.0 Ravensworth Farm
Newington Forest,Week4,Mount Vernon Park,Week4,324.0 Mount Vernon Park - 78.0 Newington Forest
Newington Forest,Week3,Newington Forest,Week4,224.0 Newington Forest (NF2) - 178.0 Newington Forest (NF1)
Mount Vernon Park,Week2,Mosby Woods,Week3,211.5 Mosby Woods - 190.5 Mount Vernon Park
Mount Vernon Park,Week3,Riverside Gardens,Week4,213.0 Riverside Gardens - 189.0 Mount Vernon Park
Mount Vernon Park,Week3,Camelot,Week3,278.0 Mount Vernon Park - 124.0 Camelot
Mount Vernon Park,Week4,Camelot,Week3,273.0 Mount Vernon Park - 129.0 Camelot
Mosby Woods,Week4,Waynewood,Week1,206.0 Mosby Woods - 196.0 Waynewood
Newington Forest,Week3,Cottontail,Week2,260.0 Cottontail - 142.0 Newington Forest
Mount Vernon Park,Week1,Mosby Woods,Week4,201.5 Mosby Woods - 200.5 Mount Vernon Park
Newington Forest,Week2,Cottontail,Week5,270.0 Cottontail - 131.0 Newington Forest
Mosby Woods,Week3,Waynewood,Week3,223.0 Waynewood - 179.0 Mosby Woods
Newington Forest,Week5,Newington Forest,Week5,196.0 Newington Forest (NF1) - 196.0 Newington Forest (NF2)
Newington Forest,Week2,Ravensworth Farm,Week3,313.0 Ravensworth Farm - 85.0 Newington Forest
Newington Forest,Week2,Ravensworth Farm,Week5,326.0 Ravensworth Farm - 76.0 Newington Forest
Newington Forest,Week3,Cottontail,Week3,262.0 Cottontail - 140.0 Newington Forest
Mount Vernon Park,Week1,Mosby Woods,Week2,217.0 Mosby Woods - 185.0 Mount Vernon Park
Newington Forest,Week4,Poplar Tree,Week4,253.0 Poplar Tree - 149.0 Newington Forest
Mount Vernon Park,Week5,Camelot,Week5,273.0 Mount Vernon Park - 129.0 Camelot
Newington Forest,Week5,Newington Forest,Week2,256.0 Newington Forest (NF1) - 145.0 Newington Forest (NF2)
Mount Vernon Park,Week4,Ravensworth Farm,Week3,227.0 Mount Vernon Park - 175.0 Ravensworth Farm
Newington Forest,Week3,Ravensworth Farm,Week3,316.0 Ravensworth Farm - 86.0 Newington Forest
Mount Vernon Park,Week2,Riverside Gardens,Week3,201.0 Mount Vernon Park - 201.0 Riverside Gardens
Mosby Woods,Week1,Woodley,Week2,325.0 Mosby Woods - 77.0 Woodley
Newington Forest,Week3,Cottontail,Week1,260.0 Cottontail - 142.0 Newington Forest
Mount Vernon Park,Week2,Mosby Woods,Week1,234.0 Mosby Woods - 168.0 Mount Vernon Park
Mount Vernon Park,Week3,Canterbury Woods,Week2,297.0 Mount Vernon Park - 105.0 Canterbury Woods
Newington Forest,Week4,Ravensworth Farm,Week3,299.0 Ravensworth Farm - 103.0 Newington Forest
Mount Vernon Park,Week4,Ravensworth Farm,Week4,226.0 Mount Vernon Park - 176.0 Ravensworth Farm
Mosby Woods,Week1,Woodley,Week5,316.0 Mosby Woods - 86.0 Woodley
Mosby Woods,Week2,Woodley,Week2,318.0 Mosby Woods - 84.0 Woodley
Mount Vernon Park,Week2,Canterbury Woods,Week2,285.0 Mount Vernon Park - 117.0 Canterbury Woods
Newington Forest,Week1,Newington Forest,Week1,194.0 Newington Forest (NF1) - 194.0 Newington Forest (NF2)
Mount Vernon Park,Week3,Mosby Woods,Week1,212.0 Mosby Woods - 190.0 Mount Vernon Park
Newington Forest,Week5,Commonwealth,Week1,209.0 Newington Forest - 193.0 Commonwealth
Newington Forest,Week5,Commonwealth,Week5,221.0 Commonwealth - 181.0 Newington Forest
Newington Forest,Week1,Cottontail,Week2,254.0 Cottontail - 148.0 Newington Forest
Mount Vernon Park,Week3,McLean,Week4,216.0 McLean - 186.0 Mount Vernon Park
Mount Vernon Park,Week3,Canterbury Woods,Week1,287.5 Mount Vernon Park - 114.5 Canterbury Woods
Newington Forest,Week2,Newington Forest,Week3,206.0 Newington Forest (NF1) - 193.0 Newington Forest (NF2)
Mount Vernon Park,Week1,Riverside Gardens,Week1,220.0 Mount Vernon Park - 182.0 Riverside Gardens
Newington Forest,Week4,Ravensworth Farm,Week1,283.0 Ravensworth Farm - 119.0 Newington Forest
Mount Vernon Park,Week3,Riverside Gardens,Week1,222.0 Mount Vernon Park - 180.0 Riverside Gardens
Mount Vernon Park,Week3,Riverside Gardens,Week3,215.0 Mount Vernon Park - 187.0 Riverside Gardens
Newington Forest,Week1,North Springfield,Week1,245.0 Newington Forest - 99.0 North Springfield
Mosby Woods,Week2,Woodley,Week5,314.0 Mosby Woods - 88.0 Woodley
Mount Vernon Park,Week2,Mosby Woods,Week4,202.0 Mount Vernon Park - 200.0 Mosby Woods
Newington Forest,Week2,North Springfield,Week1,244.0 Newington Forest - 102.0 North Springfield
Newington Forest,Week1,Ravensworth Farm,Week1,309.5 Ravensworth Farm - 91.5 Newington Forest
Mount Vernon Park,Week2,Mosby Woods,Week2,224.0 Mosby Woods - 178.0 Mount Vernon Park
Newington Forest,Week1,Newington Forest,Week5,263.0 Newington Forest (NF2) - 138.0 Newington Forest (NF1)
Newington Forest,Week4,Ravensworth Farm,Week5,313.0 Ravensworth Farm - 89.0 Newington Forest
Newington Forest,Week3,Newington Forest,Week5,248.0 Newington Forest (NF2) - 154.0 Newington Forest (NF1)
Newington Forest,Week1,Cottontail,Week4,247.0 Cottontail - 154.0 Newington Forest
Mount Vernon Park,Week5,Ravensworth Farm,Week2,264.0 Mount Vernon Park - 138.0 Ravensworth Farm
Mount Vernon Park,Week5,Ravensworth Farm,Week3,242.0 Mount Vernon Park - 159.0 Ravensworth Farm
Newington Forest,Week5,Poplar Tree,Week5,295.5 Poplar Tree - 106.5 Newington Forest
Newington Forest,Week1,Ravensworth Farm,Week3,328.0 Ravensworth Farm - 70.0 Newington Forest
Mount Vernon Park,Week4,Camelot,Week1,276.0 Mount Vernon Park - 126.0 Camelot
Mount Vernon Park,Week4,Mosby Woods,Week1,231.0 Mosby Woods - 171.0 Mount Vernon Park
Mount Vernon Park,Week5,Camelot,Week3,273.0 Mount Vernon Park - 128.0 Camelot
Mosby Woods,Week5,Walden Glen,Week5,293.0 Mosby Woods - 109.0 Walden Glen
Mosby Woods,Week1,Woodley,Week1,326.0 Mosby Woods - 76.0 Woodley
Mount Vernon Park,Week2,Riverside Gardens,Week1,203.0 Mount Vernon Park - 199.0 Riverside Gardens
Newington Forest,Week5,Poplar Tree,Week3,274.0 Poplar Tree - 128.0 Newington Forest
Mosby Woods,Week2,Waynewood,Week1,242.0 Mosby Woods - 160.0 Waynewood
Mount Vernon Park,Week1,Riverside Gardens,Week4,204.5 Mount Vernon Park - 197.5 Riverside Gardens
Newington Forest,Week4,Poplar Tree,Week5,307.0 Poplar Tree - 95.0 Newington Forest
Mosby Woods,Week2,Waynewood,Week4,227.0 Mosby Woods - 175.0 Waynewood
Mount Vernon Park,Week1,Mount Vernon Park,Week2,201.0 Mount Vernon Park (MVP1) - 201.0 Mount Vernon Park (MVP2)
Mount Vernon Park,Week1,Riverside Gardens,Week5,201.0 Mount Vernon Park - 201.0 Riverside Gardens
Mount Vernon Park,Week2,Canterbury Woods,Week1,279.0 Mount Vernon Park - 123.0 Canterbury Woods
Mount Vernon Park,Week1,Canterbury Woods,Week5,267.0 Mount Vernon Park - 134.0 Canterbury Woods
Newington Forest,Week4,Commonwealth,Week4,213.0 Commonwealth - 184.0 Newington Forest
Newington Forest,Week2,Newington Forest,Week5,256.0 Newington Forest (NF2) - 145.0 Newington Forest (NF1)
Mount Vernon Park,Week3,Canterbury Woods,Week3,279.0 Mount Vernon Park - 123.0 Canterbury Woods
Mount Vernon Park,Week5,McLean,Week2,221.0 McLean - 181.0 Mount Vernon Park
Newington Forest,Week4,Commonwealth,Week5,246.0 Commonwealth - 156.0 Newington Forest
Mount Vernon Park,Week2,Canterbury Woods,Week3,262.0 Mount Vernon Park - 140.0 Canterbury Woods
Newington Forest,Week2,North Springfield,Week5,199.0 Newington Forest - 165.0 North Springfield
Mount Vernon Park,Week2,Riverside Gardens,Week2,226.0 Mount Vernon Park - 176.0 Riverside Gardens
Mount Vernon Park,Week3,McLean,Week3,233.0 McLean - 169.0 Mount Vernon Park
Newington Forest,Week2,Poplar Tree,Week5,318.0 Poplar Tree - 84.0 Newington Forest
Newington Forest,Week5,Commonwealth,Week3,226.0 Commonwealth - 176.0 Newington Forest
Newington Forest,Week5,Mount Vernon Park,Week5,309.0 Mount Vernon Park - 93.0 Newington Forest
Newington Forest,Week4,Poplar Tree,Week2,270.0 Poplar Tree - 127.0 Newington Forest
Newington Forest,Week3,Newington Forest,Week1,217.0 Newington Forest (NF1) - 183.0 Newington Forest (NF2)
Mount Vernon Park,Week3,Mosby Woods,Week4,210.0 Mount Vernon Park - 192.0 Mosby Woods
Newington Forest,Week1,Cottontail,Week3,248.0 Cottontail - 154.0 Newington Forest
Mount Vernon Park,Week1,Canterbury Woods,Week1,276.0 Mount Vernon Park - 126.0 Canterbury Woods
Mount Vernon Park,Week5,Camelot,Week1,279.0 Mount Vernon Park - 123.0 Camelot
Mosby Woods,Week2,Woodley,Week4,330.0 Mosby Woods - 72.0 Woodley
Mosby Woods,Week3,Woodley,Week3,322.0 Mosby Woods - 80.0 Woodley
Mount Vernon Park,Week5,Ravensworth Farm,Week1,256.0 Mount Vernon Park - 146.0 Ravensworth Farm
Mount Vernon Park,Week3,Mosby Woods,Week3,204.0 Mosby Woods - 198.0 Mount Vernon Park
Mosby Woods,Week1,Waynewood,Week2,227.0 Mosby Woods - 175.0 Waynewood
Newington Forest,Week5,Mount Vernon Park,Week4,295.0 Mount Vernon Park - 107.0 Newington Forest
Mount Vernon Park,Week2,Mosby Woods,Week5,235.0 Mosby Woods - 167.0 Mount Vernon Park
Mosby Woods,Week2,Waynewood,Week5,213.0 Waynewood - 189.0 Mosby Woods
Newington Forest,Week3,Poplar Tree,Week1,275.0 Poplar Tree - 127.0 Newington Forest
Mount Vernon Park,Week3,Riverside Gardens,Week5,207.0 Mount Vernon Park - 195.0 Riverside Gardens
Newington Forest,Week4,Newington Forest,Week4,195.5 Newington Forest (NF1) - 195.5 Newington Forest (NF2)
Mount Vernon Park,Week1,Canterbury Woods,Week2,292.0 Mount Vernon Park - 110.0 Canterbury Woods
Mount Vernon Park,Week4,Riverside Gardens,Week3,206.0 Mount Vernon Park - 196.0 Riverside Gardens
Mount Vernon Park,Week4,Camelot,Week5,265.0 Mount Vernon Park - 137.0 Camelot
Newington Forest,Week3,Newington Forest,Week2,206.0 Newington Forest (NF2) - 193.0 Newington Forest (NF1)
Mount Vernon Park,Week4,Mount Vernon Park,Week1,205.0 Mount Vernon Park (MVP2) - 197.0 Mount Vernon Park (MVP1)
Mosby Woods,Week1,Waynewood,Week1,244.5 Mosby Woods - 157.5 Waynewood
Mount Vernon Park,Week4,Riverside Gardens,Week2,221.0 Mount Vernon Park - 181.0 Riverside Gardens
Mosby Woods,Week3,Waynewood,Week2,207.0 Mosby Woods - 195.0 Waynewood
Mount Vernon Park,Week2,Mount Vernon Park,Week3,233.0 Mount Vernon Park (MVP2) - 169.0 Mount Vernon Park (MVP1)
Newington Forest,Week3,Poplar Tree,Week5,304.0 Poplar Tree - 98.0 Newington Forest
Mount Vernon Park,Week5,Mosby Woods,Week2,208.0 Mosby Woods - 194.0 Mount Vernon Park
Newington Forest,Week4,Newington Forest,Week2,230.0 Newington Forest (NF1) - 170.0 Newington Forest (NF2)
Newington Forest,Week4,Newington Forest,Week5,221.0 Newington Forest (NF2) - 181.0 Newington Forest (NF1)
Mount Vernon Park,Week4,Camelot,Week4,270.0 Mount Vernon Park - 132.0 Camelot
Mount Vernon Park,Week4,Mount Vernon Park,Week3,233.0 Mount Vernon Park (MVP2) - 169.0 Mount Vernon Park (MVP1)
Mount Vernon Park,Week5,Mosby Woods,Week3,201.0 Mosby Woods - 201.0 Mount Vernon Park
Mosby Woods,Week4,Waynewood,Week4,203.0 Mosby Woods - 199.0 Waynewood
Mount Vernon Park,Week2,Riverside Gardens,Week5,217.0 Riverside Gardens - 185.0 Mount Vernon Park
Newington Forest,Week2,Poplar Tree,Week3,306.0 Poplar Tree - 96.0 Newington Forest
Newington Forest,Week5,Poplar Tree,Week1,271.0 Poplar Tree - 131.0 Newington Forest
Mosby Woods,Week4,Waynewood,Week3,230.0 Waynewood - 172.0 Mosby Woods
Mount Vernon Park,Week3,Camelot,Week5,272.0 Mount Vernon Park - 130.0 Camelot
Newington Forest,Week2,Newington Forest,Week4,230.0 Newington Forest (NF2) - 170.0 Newington Forest (NF1)
Newington Forest,Week3,Poplar Tree,Week4,273.0 Poplar Tree - 129.0 Newington Forest
Mosby Woods,Week1,Waynewood,Week4,229.0 Mosby Woods - 173.0 Waynewood
Newington Forest,Week5,Poplar Tree,Week2,264.0 Poplar Tree - 138.0 Newington Forest
Newington Forest,Week2,Newington Forest,Week1,215.0 Newington Forest (NF1) - 173.0 Newington Forest (NF2)
Mount Vernon Park,Week2,Mount Vernon Park,Week4,205.5 Mount Vernon Park (MVP2) - 196.5 Mount Vernon Park (MVP1)
Newington Forest,Week2,Newington Forest,Week2,191.5 Newington Forest (NF1) - 191.5 Newington Forest (NF2)
Mount Vernon Park,Week5,Camelot,Week4,278.0 Mount Vernon Park - 124.0 Camelot
Mosby Woods,Week3,Waynewood,Week4,212.0 Mosby Woods - 190.0 Waynewood
Mount Vernon Park,Week1,Rolling Hills,Week1,277.0 Mount Vernon Park - 125.0 Rolling Hills
Mount Vernon Park,Week1,Canterbury Woods,Week4,278.0 Mount Vernon Park - 119.0 Canterbury Woods
Mount Vernon Park,Week4,Mosby Woods,Week5,238.0 Mosby Woods - 164.0 Mount Vernon Park
Newington Forest,Week3,Poplar Tree,Week3,296.0 Poplar Tree - 106.0 Newington Forest
Mount Vernon Park,Week4,Mosby Woods,Week4,205.0 Mosby Woods - 197.0 Mount Vernon Park
Newington Forest,Week4,Poplar Tree,Week1,277.0 Poplar Tree - 125.0 Newington Forest
Mount Vernon Park,Week4,Mount Vernon Park,Week5,257.0 Mount Vernon Park (MVP2) - 145.0 Mount Vernon Park (MVP1)
Newington Forest,Week4,Newington Forest,Week1,232.0 Newington Forest (NF1) - 169.0 Newington Forest (NF2)
Mosby Woods,Week3,Waynewood,Week5,215.0 Waynewood - 187.0 Mosby Woods
Newington Forest,Week1,Newington Forest,Week4,232.0 Newington Forest (NF2) - 169.0 Newington Forest (NF1)
Mount Vernon Park,Week1,Canterbury Woods,Week3,276.0 Mount Vernon Park - 126.0 Canterbury Woods
Mount Vernon Park,Week4,Riverside Gardens,Week4,222.0 Riverside Gardens - 180.0 Mount Vernon Park
Mount Vernon Park,Week4,Camelot,Week2,266.0 Mount Vernon Park - 136.0 Camelot
Mount Vernon Park,Week2,Rolling Forest,Week1,277.0 Mount Vernon Park - 125.0 Rolling Forest
Newington Forest,Week5,Poplar Tree,Week4,253.0 Poplar Tree - 149.0 Newington Forest
Mosby Woods,Week2,Waynewood,Week2,224.0 Mosby Woods - 178.0 Waynewood
Mount Vernon Park,Week5,Rolling Forest,Week2,294.0 Mount Vernon Park - 108.0 Rolling Forest
Mount Vernon Park,Week1,Rolling Forest,Week2,274.0 Mount Vernon Park - 123.0 Rolling Forest
Mount Vernon Park,Week2,Canterbury Woods,Week5,264.0 Mount Vernon Park - 138.0 Canterbury Woods
Mount Vernon Park,Week2,Rolling Hills,Week1,287.0 Mount Vernon Park - 115.0 Rolling Hills
Mount Vernon Park,Week4,Brookfield ,Week5,277.0 Mount Vernon Park - 125.0 Brookfield
Mount Vernon Park,Week3,Mount Vernon Park,Week3,198.0 Mount Vernon Park (MVP1) - 198.0 Mount Vernon Park (MVP2)
Newington Forest,Week1,Ravensworth Farm,Week5,334.0 Ravensworth Farm - 68.0 Newington Forest
Mount Vernon Park,Week3,Rolling Forest,Week3,264.0 Mount Vernon Park - 138.0 Rolling Forest
Newington Forest,Week5,Newington Forest,Week3,248.0 Newington Forest (NF1) - 154.0 Newington Forest (NF2)
Mount Vernon Park,Week1,Mount Vernon Park,Week3,212.0 Mount Vernon Park (MVP2) - 190.0 Mount Vernon Park (MVP1)
Mount Vernon Park,Week2,Broyhill Crest,Week3,389.0 Mount Vernon Park - 13.0 Broyhill Crest
Mount Vernon Park,Week5,Rolling Forest,Week3,283.0 Mount Vernon Park - 119.0 Rolling Forest
Mount Vernon Park,Week5,Mount Vernon Park,Week4,257.0 Mount Vernon Park (MVP1) - 145.0 Mount Vernon Park (MVP2)
Mosby Woods,Week5,Waynewood,Week5,209.0 Waynewood - 193.0 Mosby Woods
Newington Forest,Week2,Ravensworth Farm,Week4,306.0 Ravensworth Farm - 96.0 Newington Forest
Newington Forest,Week3,Ravensworth Farm,Week1,298.0 Ravensworth Farm - 104.0 Newington Forest
Mount Vernon Park,Week2,Mount Vernon Park,Week5,248.5 Mount Vernon Park (MVP2) - 153.5 Mount Vernon Park (MVP1)
Mosby Woods,Week4,Waynewood,Week5,237.0 Waynewood - 165.0 Mosby Woods
Mount Vernon Park,Week2,Rolling Forest,Week2,283.0 Mount Vernon Park - 119.0 Rolling Forest
Mount Vernon Park,Week3,Brookfield ,Week1,263.0 Mount Vernon Park - 139.0 Brookfield
Mount Vernon Park,Week2,Canterbury Woods,Week4,284.0 Mount Vernon Park - 118.0 Canterbury Woods
Newington Forest,Week2,Ravensworth Farm,Week1,302.0 Ravensworth Farm - 99.0 Newington Forest
Mount Vernon Park,Week2,Broyhill Crest,Week1,385.0 Mount Vernon Park - 17.0 Broyhill Crest
Mosby Woods,Week1,Woodley,Week3,328.0 Mosby Woods - 74.0 Woodley
Newington Forest,Week1,North Springfield,Week2,221.0 Newington Forest - 162.0 North Springfield
Newington Forest,Week5,Newington Forest,Week4,221.0 Newington Forest (NF1) - 181.0 Newington Forest (NF2)
Newington Forest,Week2,Ravensworth Farm,Week2,281.0 Ravensworth Farm - 120.0 Newington Forest
Mosby Woods,Week5,Waynewood,Week3,217.0 Waynewood - 185.0 Mosby Woods
Mosby Woods,Week5,Waynewood,Week4,209.0 Mosby Woods - 193.0 Waynewood
Mount Vernon Park,Week5,Mosby Woods,Week1,211.0 Mosby Woods - 191.0 Mount Vernon Park
Newington Forest,Week1,Newington Forest,Week3,217.0 Newington Forest (NF2) - 183.0 Newington Forest (NF1)
Mount Vernon Park,Week4,Rolling Forest,Week2,279.0 Mount Vernon Park - 123.0 Rolling Forest
Newington Forest,Week1,Newington Forest,Week2,215.0 Newington Forest (NF2) - 173.0 Newington Forest (NF1)
Mosby Woods,Week4,Waynewood,Week2,205.0 Waynewood - 197.0 Mosby Woods
Newington Forest,Week1,Ravensworth Farm,Week2,280.0 Ravensworth Farm - 121.0 Newington Forest
Newington Forest,Week3,Ravensworth Farm,Week2,281.0 Ravensworth Farm - 121.0 Newington Forest
Mount Vernon Park,Week1,Rolling Forest,Week4,276.0 Mount Vernon Park - 126.0 Rolling Forest
Mount Vernon Park,Week3,Mount Vernon Park,Week4,233.0 Mount Vernon Park (MVP1) - 169.0 Mount Vernon Park (MVP2)
Newington Forest,Week3,Newington Forest,Week3,200.5 Newington Forest (NF1) - 200.5 Newington Forest (NF2)
Mount Vernon Park,Week5,Camelot,Week2,275.0 Mount Vernon Park - 126.0 Camelot
Mosby Woods,Week5,Waynewood,Week2,212.0 Mosby Woods - 190.0 Waynewood
Mount Vernon Park,Week5,Brookfield ,Week1,267.0 Mount Vernon Park - 135.0 Brookfield
Mount Vernon Park,Week1,Rolling Forest,Week3,259.0 Mount Vernon Park - 143.0 Rolling Forest
Newington Forest,Week5,Newington Forest,Week1,263.0 Newington Forest (NF1) - 138.0 Newington Forest (NF2)
Mount Vernon Park,Week5,Mount Vernon Park,Week5,198.0 Mount Vernon Park (MVP1) - 198.0 Mount Vernon Park (MVP2)
Newington Forest,Week3,Ravensworth Farm,Week4,299.0 Ravensworth Farm - 103.0 Newington Forest
Newington Forest,Week2,North Springfield,Week3,216.0 Newington Forest - 177.0 North Springfield
Newington Forest,Week3,Ravensworth Farm,Week5,312.0 Ravensworth Farm - 90.0 Newington Forest
Newington Forest,Week4,Riverside Gardens,Week3,322.0 Riverside Gardens - 80.0 Newington Forest
Newington Forest,Week1,North Springfield,Week4,231.0 Newington Forest - 154.0 North Springfield
Newington Forest,Week4,Ravensworth Farm,Week4,290.0 Ravensworth Farm - 112.0 Newington Forest
Mount Vernon Park,Week3,Rolling Forest,Week2,289.0 Mount Vernon Park - 113.0 Rolling Forest
Mount Vernon Park,Week1,Mount Vernon Park,Week5,234.5 Mount Vernon Park (MVP2) - 167.5 Mount Vernon Park (MVP1)
Mount Vernon Park,Week2,Brookfield ,Week3,267.0 Mount Vernon Park - 135.0 Brookfield
Newington Forest,Week4,Ravensworth Farm,Week2,273.0 Ravensworth Farm - 129.0 Newington Forest
Newington Forest,Week1,North Springfield,Week5,200.0 Newington Forest - 168.0 North Springfield
Mount Vernon Park,Week5,Riverside Gardens,Week4,221.0 Mount Vernon Park - 181.0 Riverside Gardens
Mount Vernon Park,Week4,Mosby Woods,Week3,212.0 Mosby Woods - 190.0 Mount Vernon Park
Mount Vernon Park,Week3,Broyhill Crest,Week3,386.5 Mount Vernon Park - 15.5 Broyhill Crest
Mount Vernon Park,Week3,Rolling Forest,Week1,277.0 Mount Vernon Park - 125.0 Rolling Forest
Mount Vernon Park,Week5,Mosby Woods,Week4,227.0 Mount Vernon Park - 175.0 Mosby Woods
Mount Vernon Park,Week1,Mount Vernon Park,Week4,205.0 Mount Vernon Park (MVP1) - 197.0 Mount Vernon Park (MVP2)
Mount Vernon Park,Week5,Mosby Woods,Week5,209.0 Mosby Woods - 193.0 Mount Vernon Park
Mount Vernon Park,Week3,Brookfield ,Week4,265.0 Mount Vernon Park - 137.0 Brookfield
Mosby Woods,Week1,Woodley,Week4,330.0 Mosby Woods - 72.0 Woodley
Newington Forest,Week1,North Springfield,Week3,210.0 Newington Forest - 177.0 North Springfield
Newington Forest,Week3,Riverside Gardens,Week4,348.5 Riverside Gardens - 53.5 Newington Forest
Newington Forest,Week2,North Springfield,Week4,214.0 Newington Forest - 172.0 North Springfield
Mount Vernon Park,Week2,Brookfield ,Week2,264.0 Mount Vernon Park - 138.0 Brookfield
Mount Vernon Park,Week1,Rolling Forest,Week5,253.0 Mount Vernon Park - 149.0 Rolling Forest
Mosby Woods,Week3,Woodley,Week1,316.5 Mosby Woods - 85.5 Woodley
Mosby Woods,Week2,Woodley,Week3,332.0 Mosby Woods - 70.0 Woodley
Mosby Woods,Week2,Woodley,Week1,320.0 Mosby Woods - 82.0 Woodley
Mount Vernon Park,Week1,Broyhill Crest,Week2,385.0 Mount Vernon Park - 16.0 Broyhill Crest
Mosby Woods,Week3,Woodley,Week4,327.5 Mosby Woods - 69.5 Woodley
Mount Vernon Park,Week2,Rolling Forest,Week3,252.0 Mount Vernon Park - 150.0 Rolling Forest
Mosby Woods,Week3,Woodley,Week2,322.0 Mosby Woods - 80.0 Woodley
Mount Vernon Park,Week1,Rolling Forest,Week1,276.0 Mount Vernon Park - 126.0 Rolling Forest
Newington Forest,Week3,Riverside Gardens,Week5,339.0 Riverside Gardens - 63.0 Newington Forest
Mosby Woods,Week4,Woodley,Week1,313.0 Mosby Woods - 89.0 Woodley
Newington Forest,Week5,North Springfield,Week2,251.0 Newington Forest - 137.0 North Springfield
Newington Forest,Week2,Oakton ,Week1,334.0 Oakton - 67.0 Newington Forest
Mosby Woods,Week3,Woodley,Week5,316.0 Mosby Woods - 86.0 Woodley
Mount Vernon Park,Week5,Brookfield ,Week5,277.0 Mount Vernon Park - 125.0 Brookfield
Mount Vernon Park,Week3,Mount Vernon Park,Week1,212.0 Mount Vernon Park (MVP1) - 190.0 Mount Vernon Park (MVP2)
Newington Forest,Week5,Ravensworth Farm,Week1,272.0 Ravensworth Farm - 130.0 Newington Forest
Mount Vernon Park,Week3,Rolling Forest,Week4,283.0 Mount Vernon Park - 119.0 Rolling Forest
Mount Vernon Park,Week1,Broyhill Crest,Week4,386.0 Mount Vernon Park - 15.0 Broyhill Crest
Mount Vernon Park,Week5,Brookfield ,Week2,284.0 Mount Vernon Park - 118.0 Brookfield
Mosby Woods,Week4,Woodley,Week4,319.0 Mosby Woods - 83.0 Woodley
Mount Vernon Park,Week2,Rolling Forest,Week4,271.0 Mount Vernon Park - 131.0 Rolling Forest
Mount Vernon Park,Week1,Mount Vernon Park,Week1,198.5 Mount Vernon Park (MVP1) - 198.5 Mount Vernon Park (MVP2)
Mount Vernon Park,Week2,Mount Vernon Park,Week1,201.0 Mount Vernon Park (MVP1) - 201.0 Mount Vernon Park (MVP2)
Mount Vernon Park,Week2,Mount Vernon Park,Week2,201.0 Mount Vernon Park (MVP1) - 201.0 Mount Vernon Park (MVP2)
Newington Forest,Week2,North Springfield,Week2,225.5 Newington Forest - 160.5 North Springfield
Newington Forest,Week1,Oakton ,Week4,338.0 Oakton - 63.0 Newington Forest
Mount Vernon Park,Week2,Rolling Forest,Week5,259.0 Mount Vernon Park - 143.0 Rolling Forest
Newington Forest,Week1,Riverside Gardens,Week2,317.0 Riverside Gardens - 85.0 Newington Forest
Mosby Woods,Week4,Woodley,Week3,319.0 Mosby Woods - 83.0 Woodley
Newington Forest,Week4,Riverside Gardens,Week4,335.5 Riverside Gardens - 66.5 Newington Forest
Mount Vernon Park,Week1,Broyhill Crest,Week3,385.0 Mount Vernon Park - 16.0 Broyhill Crest
Mount Vernon Park,Week3,Rolling Forest,Week5,264.5 Mount Vernon Park - 137.5 Rolling Forest
Newington Forest,Week2,Oakton ,Week4,336.0 Oakton - 65.0 Newington Forest
Mount Vernon Park,Week3,Brookfield ,Week2,276.0 Mount Vernon Park - 126.0 Brookfield
Newington Forest,Week4,North Springfield,Week1,250.0 Newington Forest - 99.0 North Springfield
Mount Vernon Park,Week4,Mount Vernon Park,Week4,201.0 Mount Vernon Park (MVP1) - 201.0 Mount Vernon Park (MVP2)
Mount Vernon Park,Week4,Rolling Forest,Week3,266.0 Mount Vernon Park - 136.0 Rolling Forest
Newington Forest,Week5,North Springfield,Week5,218.0 Newington Forest - 156.0 North Springfield
Mount Vernon Park,Week3,Brookfield ,Week5,273.0 Mount Vernon Park - 129.0 Brookfield
Newington Forest,Week3,North Springfield,Week1,243.0 Newington Forest - 104.0 North Springfield
Newington Forest,Week5,Ravensworth Farm,Week5,298.0 Ravensworth Farm - 104.0 Newington Forest
Mount Vernon Park,Week5,Mount Vernon Park,Week1,234.5 Mount Vernon Park (MVP1) - 167.5 Mount Vernon Park (MVP2)
Mount Vernon Park,Week5,Rolling Forest,Week1,287.0 Mount Vernon Park - 115.0 Rolling Forest
Mosby Woods,Week5,Woodley,Week1,316.0 Mosby Woods - 86.0 Woodley
Mount Vernon Park,Week4,Rolling Forest,Week5,260.0 Mount Vernon Park - 142.0 Rolling Forest
Newington Forest,Week3,Riverside Gardens,Week1,337.0 Riverside Gardens - 65.0 Newington Forest
Mount Vernon Park,Week2,Brookfield ,Week5,267.0 Mount Vernon Park - 135.0 Brookfield
Mosby Woods,Week5,Woodley,Week4,321.0 Mosby Woods - 81.0 Woodley
Newington Forest,Week2,Riverside Gardens,Week4,339.0 Riverside Gardens - 63.0 Newington Forest
Mount Vernon Park,Week5,Mount Vernon Park,Week3,234.5 Mount Vernon Park (MVP1) - 167.5 Mount Vernon Park (MVP2)
Mount Vernon Park,Week3,Mount Vernon Park,Week2,233.0 Mount Vernon Park (MVP1) - 169.0 Mount Vernon Park (MVP2)
Mount Vernon Park,Week5,Rolling Forest,Week4,290.0 Mount Vernon Park - 112.0 Rolling Forest
Mount Vernon Park,Week5,Riverside Gardens,Week5,220.0 Mount Vernon Park - 182.0 Riverside Gardens
Newington Forest,Week3,Riverside Gardens,Week2,323.0 Riverside Gardens - 79.0 Newington Forest
Mosby Woods,Week5,Woodley,Week3,325.0 Mosby Woods - 77.0 Woodley
Mount Vernon Park,Week3,Mount Vernon Park,Week5,234.5 Mount Vernon Park (MVP2) - 167.5 Mount Vernon Park (MVP1)
Newington Forest,Week3,Oakton ,Week2,344.0 Oakton - 58.0 Newington Forest
Mount Vernon Park,Week3,Brookfield ,Week3,271.0 Mount Vernon Park - 131.0 Brookfield
Mount Vernon Park,Week4,Brookfield ,Week3,279.0 Mount Vernon Park - 123.0 Brookfield
Mount Vernon Park,Week4,Rolling Forest,Week4,277.0 Mount Vernon Park - 125.0 Rolling Forest
Mount Vernon Park,Week4,Rolling Forest,Week1,274.0 Mount Vernon Park - 128.0 Rolling Forest
Newington Forest,Week4,Riverside Gardens,Week5,326.0 Riverside Gardens - 76.0 Newington Forest
Mosby Woods,Week4,Woodley,Week2,315.0 Mosby Woods - 87.0 Woodley
Mosby Woods,Week5,Woodley,Week2,325.0 Mosby Woods - 77.0 Woodley
Newington Forest,Week5,Riverside Gardens,Week1,303.0 Riverside Gardens - 99.0 Newington Forest
Mosby Woods,Week4,Woodley,Week5,311.0 Mosby Woods - 91.0 Woodley
Mount Vernon Park,Week5,Mount Vernon Park,Week2,248.5 Mount Vernon Park (MVP1) - 153.5 Mount Vernon Park (MVP2)
Newington Forest,Week2,Oakton ,Week5,333.5 Oakton - 68.5 Newington Forest
Mount Vernon Park,Week4,Mount Vernon Park,Week2,205.5 Mount Vernon Park (MVP1) - 196.5 Mount Vernon Park (MVP2)
Newington Forest,Week4,Riverside Gardens,Week1,313.0 Riverside Gardens - 89.0 Newington Forest
Mount Vernon Park,Week5,Newington Forest,Week3,326.0 Mount Vernon Park - 76.0 Newington Forest
Newington Forest,Week3,Oakton ,Week1,337.0 Oakton - 65.0 Newington Forest
Mount Vernon Park,Week4,Brookfield ,Week2,261.0 Mount Vernon Park - 141.0 Brookfield
Newington Forest,Week2,Oakton ,Week2,336.0 Oakton - 66.0 Newington Forest
Mount Vernon Park,Week2,Brookfield ,Week4,250.0 Mount Vernon Park - 152.0 Brookfield
Newington Forest,Week5,Ravensworth Farm,Week3,291.0 Ravensworth Farm - 111.0 Newington Forest
Mount Vernon Park,Week1,Rolling Hills,Week2,266.0 Mount Vernon Park - 136.0 Rolling Hills
Newington Forest,Week5,Ravensworth Farm,Week4,278.0 Ravensworth Farm - 124.0 Newington Forest
Mount Vernon Park,Week1,North Springfield,Week3,324.0 Mount Vernon Park - 73.0 North Springfield
Mount Vernon Park,Week1,Broyhill Crest,Week1,380.0 Mount Vernon Park - 16.0 Broyhill Crest
Newington Forest,Week4,North Springfield,Week3,232.0 Newington Forest - 162.0 North Springfield
Mount Vernon Park,Week1,Broyhill Crest,Week5,375.0 Mount Vernon Park - 27.0 Broyhill Crest
Mount Vernon Park,Week2,Broyhill Crest,Week2,392.0 Mount Vernon Park - 10.0 Broyhill Crest
Newington Forest,Week2,Riverside Gardens,Week1,325.0 Riverside Gardens - 77.0 Newington Forest
Mount Vernon Park,Week1,Rolling Hills,Week4,284.0 Mount Vernon Park - 117.0 Rolling Hills
Mount Vernon Park,Week2,Newington Forest,Week3,319.0 Mount Vernon Park - 83.0 Newington Forest
Newington Forest,Week5,Ravensworth Farm,Week2,265.0 Ravensworth Farm - 137.0 Newington Forest
Newington Forest,Week5,North Springfield,Week3,235.0 Newington Forest - 161.0 North Springfield
Mount Vernon Park,Week5,Rolling Forest,Week5,284.0 Mount Vernon Park - 118.0 Rolling Forest
Mount Vernon Park,Week1,Rolling Hills,Week3,262.0 Mount Vernon Park - 140.0 Rolling Hills
Mount Vernon Park,Week2,Rolling Hills,Week4,296.0 Mount Vernon Park - 106.0 Rolling Hills
Mount Vernon Park,Week4,Brookfield ,Week4,243.0 Mount Vernon Park - 159.0 Brookfield
Mount Vernon Park,Week5,Brookfield ,Week4,266.5 Mount Vernon Park - 135.5 Brookfield
Mount Vernon Park,Week1,Rolling Hills,Week5,279.0 Mount Vernon Park - 123.0 Rolling Hills
Mount Vernon Park,Week5,Brookfield ,Week3,299.0 Mount Vernon Park - 102.0 Brookfield
Newington Forest,Week3,North Springfield,Week4,240.0 Newington Forest - 150.0 North Springfield
Mount Vernon Park,Week1,Newington Forest,Week1,320.0 Mount Vernon Park - 81.0 Newington Forest
Mount Vernon Park,Week4,Brookfield ,Week1,252.0 Mount Vernon Park - 150.0 Brookfield
Mount Vernon Park,Week4,Highlands Swim,Week2,263.0 Highlands Swim - 139.0 Mount Vernon Park
Newington Forest,Week3,North Springfield,Week5,206.0 Newington Forest - 166.0 North Springfield
Mount Vernon Park,Week1,North Springfield,Week2,325.0 Mount Vernon Park - 63.0 North Springfield
Newington Forest,Week3,Riverside Gardens,Week3,341.0 Riverside Gardens - 61.0 Newington Forest
Newington Forest,Week1,Riverside Gardens,Week1,336.0 Riverside Gardens - 66.0 Newington Forest
Newington Forest,Week4,North Springfield,Week4,250.0 Newington Forest - 139.0 North Springfield
Mount Vernon Park,Week4,Newington Forest,Week3,324.0 Mount Vernon Park - 78.0 Newington Forest
Newington Forest,Week1,Oakton ,Week5,350.0 Oakton - 52.0 Newington Forest
Mount Vernon Park,Week3,Newington Forest,Week2,315.0 Mount Vernon Park - 83.0 Newington Forest
Mount Vernon Park,Week3,Rolling Hills,Week5,283.0 Mount Vernon Park - 119.0 Rolling Hills
Mount Vernon Park,Week3,Broyhill Crest,Week1,383.5 Mount Vernon Park - 17.5 Broyhill Crest
Mount Vernon Park,Week2,North Springfield,Week4,343.0 Mount Vernon Park - 49.0 North Springfield
Mount Vernon Park,Week5,Highlands Swim,Week4,221.0 Highlands Swim - 181.0 Mount Vernon Park
Mount Vernon Park,Week2,Highlands Swim,Week4,254.0 Highlands Swim - 148.0 Mount Vernon Park
Newington Forest,Week5,North Springfield,Week4,247.0 Newington Forest - 145.0 North Springfield
Newington Forest,Week4,North Springfield,Week2,240.0 Newington Forest - 147.0 North Springfield
Newington Forest,Week3,North Springfield,Week2,225.0 Newington Forest - 162.0 North Springfield
Mount Vernon Park,Week2,Broyhill Crest,Week4,393.0 Mount Vernon Park - 9.0 Broyhill Crest
Newington Forest,Week2,Riverside Gardens,Week3,326.0 Riverside Gardens - 76.0 Newington Forest
Newington Forest,Week1,Riverside Gardens,Week5,336.0 Riverside Gardens - 65.0 Newington Forest
Newington Forest,Week5,North Springfield,Week1,264.0 Newington Forest - 86.0 North Springfield
Mosby Woods,Week4,Springfield,Week4,362.0 Mosby Woods - 37.0 Springfield
Mount Vernon Park,Week4,Rolling Hills,Week2,264.0 Mount Vernon Park - 138.0 Rolling Hills
Mosby Woods,Week3,Springfield,Week1,380.0 Mosby Woods - 21.0 Springfield
Mount Vernon Park,Week4,Newington Forest,Week4,324.0 Mount Vernon Park - 78.0 Newington Forest
Mount Vernon Park,Week1,Hollin Hills,Week3,333.0 Mount Vernon Park - 69.0 Hollin Hills
Mount Vernon Park,Week2,North Springfield,Week2,331.0 Mount Vernon Park - 57.0 North Springfield
Mount Vernon Park,Week2,Rolling Hills,Week5,285.0 Mount Vernon Park - 117.0 Rolling Hills
Mount Vernon Park,Week3,Broyhill Crest,Week2,385.0 Mount Vernon Park - 16.0 Broyhill Crest
Mount Vernon Park,Week3,Rolling Hills,Week2,270.5 Mount Vernon Park - 131.5 Rolling Hills
Newington Forest,Week2,Riverside Gardens,Week5,337.0 Riverside Gardens - 64.0 Newington Forest
Newington Forest,Week2,Riverside Gardens,Week2,315.0 Riverside Gardens - 87.0 Newington Forest
Mount Vernon Park,Week1,Newington Forest,Week2,316.0 Mount Vernon Park - 85.0 Newington Forest
Mount Vernon Park,Week3,Highlands Swim,Week4,231.0 Highlands Swim - 171.0 Mount Vernon Park
Newington Forest,Week5,Riverside Gardens,Week3,314.0 Riverside Gardens - 88.0 Newington Forest
Newington Forest,Week1,Riverside Gardens,Week4,344.0 Riverside Gardens - 58.0 Newington Forest
Mount Vernon Park,Week2,Rolling Hills,Week3,267.0 Mount Vernon Park - 135.0 Rolling Hills
Mount Vernon Park,Week1,Newington Forest,Week4,314.0 Mount Vernon Park - 88.0 Newington Forest
Mount Vernon Park,Week4,Highlands Swim,Week4,255.0 Highlands Swim - 147.0 Mount Vernon Park
Mosby Woods,Week2,Springfield,Week3,381.0 Mosby Woods - 20.0 Springfield
Mosby Woods,Week2,Springfield,Week4,380.0 Mosby Woods - 21.0 Springfield
Mount Vernon Park,Week4,Broyhill Crest,Week1,394.0 Mount Vernon Park - 8.0 Broyhill Crest
Newington Forest,Week2,Oakton ,Week3,333.0 Oakton - 69.0 Newington Forest
Mount Vernon Park,Week4,Rolling Hills,Week1,288.0 Mount Vernon Park - 114.0 Rolling Hills
Mount Vernon Park,Week3,Highlands Swim,Week2,228.0 Highlands Swim - 174.0 Mount Vernon Park
Newington Forest,Week3,North Springfield,Week3,226.0 Newington Forest - 169.0 North Springfield
Newington Forest,Week5,Rolling Forest,Week5,261.0 Rolling Forest - 141.0 Newington Forest
Mount Vernon Park,Week4,Rolling Hills,Week3,276.5 Mount Vernon Park - 125.5 Rolling Hills
Mount Vernon Park,Week2,Newington Forest,Week1,323.0 Mount Vernon Park - 79.0 Newington Forest
Mosby Woods,Week2,Springfield,Week2,381.0 Mosby Woods - 19.0 Springfield
Mount Vernon Park,Week4,Rolling Hills,Week4,299.0 Mount Vernon Park - 103.0 Rolling Hills
Mount Vernon Park,Week3,Rolling Hills,Week4,298.0 Mount Vernon Park - 104.0 Rolling Hills
Mount Vernon Park,Week4,Broyhill Crest,Week4,397.0 Mount Vernon Park - 5.0 Broyhill Crest
Mount Vernon Park,Week2,Newington Forest,Week4,319.0 Mount Vernon Park - 83.0 Newington Forest
Newington Forest,Week1,Oakton ,Week3,340.0 Oakton - 62.0 Newington Forest
Mosby Woods,Week4,Springfield,Week3,370.0 Mosby Woods - 25.0 Springfield
Mount Vernon Park,Week2,Broyhill Crest,Week5,386.0 Mount Vernon Park - 16.0 Broyhill Crest
Mount Vernon Park,Week3,Highlands Swim,Week3,232.0 Highlands Swim - 170.0 Mount Vernon Park
Newington Forest,Week4,Riverside Gardens,Week2,301.0 Riverside Gardens - 101.0 Newington Forest
Newington Forest,Week1,Oakton ,Week2,348.0 Oakton - 54.0 Newington Forest
Mount Vernon Park,Week1,Newington Forest,Week3,317.0 Mount Vernon Park - 85.0 Newington Forest
Mosby Woods,Week4,Springfield,Week2,364.0 Mosby Woods - 31.0 Springfield
Newington Forest,Week4,North Springfield,Week5,206.0 Newington Forest - 166.0 North Springfield
Mosby Woods,Week1,Springfield,Week1,389.0 Mosby Woods - 11.0 Springfield
Mount Vernon Park,Week3,Broyhill Crest,Week4,388.0 Mount Vernon Park - 14.0 Broyhill Crest
Mount Vernon Park,Week5,Highlands Swim,Week2,216.0 Highlands Swim - 186.0 Mount Vernon Park
Mount Vernon Park,Week1,Hollin Hills,Week2,325.0 Mount Vernon Park - 77.0 Hollin Hills
Newington Forest,Week1,Rolling Forest,Week2,258.0 Rolling Forest - 143.0 Newington Forest
Newington Forest,Week1,Riverside Gardens,Week3,338.0 Riverside Gardens - 64.0 Newington Forest
Mount Vernon Park,Week3,Newington Forest,Week4,323.0 Mount Vernon Park - 79.0 Newington Forest
Newington Forest,Week1,Oakton ,Week1,329.0 Oakton - 72.0 Newington Forest
Mosby Woods,Week5,Springboard,Week3,323.0 Mosby Woods - 79.0 Springboard
Mount Vernon Park,Week2,Newington Forest,Week2,323.0 Mount Vernon Park - 79.0 Newington Forest
Mount Vernon Park,Week4,Rolling Hills,Week5,287.0 Mount Vernon Park - 115.0 Rolling Hills
Mount Vernon Park,Week3,Broyhill Crest,Week5,381.0 Mount Vernon Park - 21.0 Broyhill Crest
Mount Vernon Park,Week4,Broyhill Crest,Week5,387.0 Mount Vernon Park - 15.0 Broyhill Crest
Mount Vernon Park,Week4,Broyhill Crest,Week3,394.0 Mount Vernon Park - 8.0 Broyhill Crest
Mosby Woods,Week1,Springfield,Week2,384.0 Mosby Woods - 15.0 Springfield
Mount Vernon Park,Week5,Broyhill Crest,Week1,383.0 Mount Vernon Park - 19.0 Broyhill Crest
Mount Vernon Park,Week2,Rolling Hills,Week2,265.0 Mount Vernon Park - 137.0 Rolling Hills
Newington Forest,Week2,Old Keene Mill,Week4,233.0 Old Keene Mill - 168.0 Newington Forest
Mosby Woods,Week5,Springboard,Week5,326.0 Mosby Woods - 76.0 Springboard
Mosby Woods,Week2,Springfield,Week5,386.0 Mosby Woods - 14.0 Springfield
Newington Forest,Week4,Rolling Forest,Week2,237.0 Rolling Forest - 165.0 Newington Forest
Mount Vernon Park,Week5,Rolling Hills,Week1,297.0 Mount Vernon Park - 104.0 Rolling Hills
Newington Forest,Week3,Old Keene Mill,Week1,214.0 Old Keene Mill - 188.0 Newington Forest
Newington Forest,Week2,Rolling Forest,Week2,256.0 Rolling Forest - 145.0 Newington Forest
Newington Forest,Week3,Old Keene Mill,Week3,217.0 Old Keene Mill - 185.0 Newington Forest
Mount Vernon Park,Week5,Broyhill Crest,Week3,381.0 Mount Vernon Park - 20.0 Broyhill Crest
Mount Vernon Park,Week4,Highlands Swim,Week1,235.0 Highlands Swim - 167.0 Mount Vernon Park
Mosby Woods,Week1,Springfield,Week3,386.0 Mosby Woods - 15.0 Springfield
Mount Vernon Park,Week5,Rolling Hills,Week2,296.0 Mount Vernon Park - 106.0 Rolling Hills
Mount Vernon Park,Week3,Rolling Hills,Week1,286.0 Mount Vernon Park - 116.0 Rolling Hills
Mount Vernon Park,Week1,Newington Forest,Week5,293.0 Mount Vernon Park - 109.0 Newington Forest
Mount Vernon Park,Week3,Newington Forest,Week1,328.0 Mount Vernon Park - 73.0 Newington Forest
Mount Vernon Park,Week1,Highlands Swim,Week3,248.0 Highlands Swim - 154.0 Mount Vernon Park
Mount Vernon Park,Week5,Broyhill Crest,Week2,381.0 Mount Vernon Park - 21.0 Broyhill Crest
Mount Vernon Park,Week4,Hollin Hills,Week1,339.0 Mount Vernon Park - 63.0 Hollin Hills
Newington Forest,Week4,Rolling Forest,Week4,249.5 Rolling Forest - 152.5 Newington Forest
Mount Vernon Park,Week2,Newington Forest,Week5,288.0 Mount Vernon Park - 114.0 Newington Forest
Mount Vernon Park,Week3,Newington Forest,Week5,298.0 Mount Vernon Park - 104.0 Newington Forest
Mount Vernon Park,Week4,Highlands Swim,Week5,280.0 Highlands Swim - 122.0 Mount Vernon Park
Newington Forest,Week2,Old Keene Mill,Week1,225.0 Old Keene Mill - 172.0 Newington Forest
Mount Vernon Park,Week3,Hollin Hills,Week3,337.0 Mount Vernon Park - 65.0 Hollin Hills
Newington Forest,Week2,Rolling Forest,Week3,295.0 Rolling Forest - 107.0 Newington Forest
Newington Forest,Week4,Old Keene Mill,Week1,202.0 Newington Forest - 200.0 Old Keene Mill
Newington Forest,Week2,Rolling Forest,Week1,268.0 Rolling Forest - 133.0 Newington Forest
Mount Vernon Park,Week4,Broyhill Crest,Week2,393.0 Mount Vernon Park - 9.0 Broyhill Crest
Mount Vernon Park,Week3,Newington Forest,Week3,319.0 Mount Vernon Park - 83.0 Newington Forest
Mosby Woods,Week3,Springfield,Week3,378.0 Mosby Woods - 18.0 Springfield
Newington Forest,Week5,Rolling Forest,Week2,244.0 Rolling Forest - 158.0 Newington Forest
Newington Forest,Week2,Old Keene Mill,Week2,231.0 Old Keene Mill - 171.0 Newington Forest
Newington Forest,Week5,Rolling Forest,Week3,272.0 Rolling Forest - 130.0 Newington Forest
Mount Vernon Park,Week1,Highlands Swim,Week2,248.0 Highlands Swim - 154.0 Mount Vernon Park
Mount Vernon Park,Week1,Highlands Swim,Week4,246.0 Highlands Swim - 156.0 Mount Vernon Park
Mount Vernon Park,Week3,Rolling Hills,Week3,274.0 Mount Vernon Park - 127.0 Rolling Hills
Mount Vernon Park,Week2,Highlands Swim,Week2,256.0 Highlands Swim - 146.0 Mount Vernon Park
Mount Vernon Park,Week4,Newington Forest,Week5,295.0 Mount Vernon Park - 107.0 Newington Forest
Mount Vernon Park,Week5,Rolling Hills,Week5,289.0 Mount Vernon Park - 113.0 Rolling Hills
Mount Vernon Park,Week4,Newington Forest,Week1,328.0 Mount Vernon Park - 74.0 Newington Forest
Mount Vernon Park,Week5,Broyhill Crest,Week4,384.0 Mount Vernon Park - 18.0 Broyhill Crest
Mount Vernon Park,Week5,Rolling Hills,Week4,303.0 Mount Vernon Park - 95.0 Rolling Hills
Mount Vernon Park,Week5,Newington Forest,Week1,337.0 Mount Vernon Park - 61.0 Newington Forest
Mosby Woods,Week2,Springfield,Week1,386.0 Mosby Woods - 14.0 Springfield
Mosby Woods,Week3,Springfield,Week2,373.0 Mosby Woods - 28.0 Springfield
Newington Forest,Week4,Rolling Forest,Week1,254.0 Rolling Forest - 148.0 Newington Forest
Mount Vernon Park,Week5,Rolling Hills,Week3,283.0 Mount Vernon Park - 119.0 Rolling Hills
Mount Vernon Park,Week2,Highlands Swim,Week5,264.0 Highlands Swim - 138.0 Mount Vernon Park
Mosby Woods,Week1,Springfield,Week4,380.0 Mosby Woods - 20.0 Springfield
Newington Forest,Week2,Old Keene Mill,Week3,229.0 Old Keene Mill - 172.0 Newington Forest
Newington Forest,Week5,Riverside Gardens,Week5,318.0 Riverside Gardens - 84.0 Newington Forest
Newington Forest,Week3,Oakton ,Week4,342.0 Oakton - 60.0 Newington Forest
Mount Vernon Park,Week4,Newington Forest,Week2,326.0 Mount Vernon Park - 76.0 Newington Forest
Newington Forest,Week5,Old Keene Mill,Week3,203.0 Newington Forest - 199.0 Old Keene Mill
Mount Vernon Park,Week2,North Springfield,Week3,324.0 Mount Vernon Park - 73.0 North Springfield
Mount Vernon Park,Week5,Highlands Swim,Week5,234.0 Highlands Swim - 168.0 Mount Vernon Park
Newington Forest,Week5,Oakton ,Week4,327.0 Oakton - 75.0 Newington Forest
Mount Vernon Park,Week1,Highlands Swim,Week5,260.0 Highlands Swim - 137.0 Mount Vernon Park
Newington Forest,Week1,Rolling Forest,Week3,297.0 Rolling Forest - 105.0 Newington Forest
Newington Forest,Week5,Rolling Forest,Week4,260.0 Rolling Forest - 142.0 Newington Forest
Newington Forest,Week5,Riverside Gardens,Week4,327.0 Riverside Gardens - 75.0 Newington Forest
Mount Vernon Park,Week3,Highlands Swim,Week5,258.0 Highlands Swim - 144.0 Mount Vernon Park
Newington Forest,Week4,Oakton ,Week4,331.0 Oakton - 71.0 Newington Forest
Newington Forest,Week4,Oakton ,Week3,323.5 Oakton - 68.5 Newington Forest
Mount Vernon Park,Week3,Highlands Swim,Week1,226.0 Highlands Swim - 176.0 Mount Vernon Park
Mount Vernon Park,Week5,Newington Forest,Week5,309.0 Mount Vernon Park - 93.0 Newington Forest
Mount Vernon Park,Week2,Highlands Swim,Week1,237.0 Highlands Swim - 165.0 Mount Vernon Park
Newington Forest,Week5,Oakton ,Week3,319.0 Oakton - 83.0 Newington Forest
Mosby Woods,Week1,Springfield,Week5,392.0 Mosby Woods - 9.0 Springfield
Mount Vernon Park,Week1,North Springfield,Week1,317.0 Mount Vernon Park - 34.0 North Springfield
Newington Forest,Week4,Oakton ,Week5,339.0 Oakton - 63.0 Newington Forest
Newington Forest,Week3,Rolling Forest,Week5,283.0 Rolling Forest - 119.0 Newington Forest
Mosby Woods,Week5,Springfield,Week3,382.0 Mosby Woods - 20.0 Springfield
Mosby Woods,Week4,Springfield,Week1,378.0 Mosby Woods - 16.0 Springfield
Mount Vernon Park,Week2,Highlands Swim,Week3,248.0 Highlands Swim - 154.0 Mount Vernon Park
Mount Vernon Park,Week1,Rolling Valley,Week1,358.0 Mount Vernon Park - 44.0 Rolling Valley
Mosby Woods,Week4,Springfield,Week5,378.0 Mosby Woods - 17.0 Springfield
Mosby Woods,Week5,Springboard,Week4,322.0 Mosby Woods - 80.0 Springboard
Newington Forest,Week4,Oakton ,Week1,332.0 Oakton - 70.0 Newington Forest
Mosby Woods,Week3,Springfield,Week4,371.0 Mosby Woods - 30.0 Springfield
Mosby Woods,Week5,Springfield,Week1,385.0 Mosby Woods - 17.0 Springfield
Newington Forest,Week3,Oakton ,Week3,334.0 Oakton - 68.0 Newington Forest
Mosby Woods,Week3,Springfield,Week5,381.0 Mosby Woods - 18.0 Springfield
Mount Vernon Park,Week5,Newington Forest,Week2,322.0 Mount Vernon Park - 76.0 Newington Forest
Mount Vernon Park,Week5,Newington Forest,Week4,327.0 Mount Vernon Park - 75.0 Newington Forest
Mosby Woods,Week5,Springfield,Week2,381.0 Mosby Woods - 21.0 Springfield
Newington Forest,Week3,Rolling Forest,Week1,271.0 Rolling Forest - 131.0 Newington Forest
Newington Forest,Week5,Riverside Gardens,Week2,298.0 Riverside Gardens - 104.0 Newington Forest
Mount Vernon Park,Week2,North Springfield,Week1,316.0 Mount Vernon Park - 35.0 North Springfield
Newington Forest,Week1,Rolling Forest,Week5,294.0 Rolling Forest - 107.0 Newington Forest
Mount Vernon Park,Week1,North Springfield,Week5,302.0 Mount Vernon Park - 72.0 North Springfield
Newington Forest,Week3,Old Keene Mill,Week5,248.0 Old Keene Mill - 154.0 Newington Forest
Mount Vernon Park,Week4,Highlands Swim,Week3,258.0 Highlands Swim - 144.0 Mount Vernon Park
Mount Vernon Park,Week5,Highlands Swim,Week3,213.5 Highlands Swim - 188.5 Mount Vernon Park
Newington Forest,Week4,Rolling Forest,Week3,280.0 Rolling Forest - 122.0 Newington Forest
Mount Vernon Park,Week5,Highlands Swim,Week1,211.5 Highlands Swim - 190.5 Mount Vernon Park
Mount Vernon Park,Week1,North Springfield,Week4,334.0 Mount Vernon Park - 53.0 North Springfield
Newington Forest,Week5,Oakton ,Week2,335.0 Oakton - 67.0 Newington Forest
Mount Vernon Park,Week3,North Springfield,Week2,331.0 Mount Vernon Park - 57.0 North Springfield
Newington Forest,Week1,Old Keene Mill,Week1,221.0 Old Keene Mill - 178.0 Newington Forest
Newington Forest,Week5,Oakton ,Week5,330.0 Oakton - 72.0 Newington Forest
Mount Vernon Park,Week1,Hollin Hills,Week4,321.5 Mount Vernon Park - 79.5 Hollin Hills
Newington Forest,Week3,Rolling Forest,Week4,273.0 Rolling Forest - 129.0 Newington Forest
Mosby Woods,Week1,Virginia Run,Week3,256.0 Mosby Woods - 146.0 Virginia Run
Mount Vernon Park,Week3,North Springfield,Week3,329.0 Mount Vernon Park - 68.0 North Springfield
Mount Vernon Park,Week2,North Springfield,Week5,310.0 Mount Vernon Park - 64.0 North Springfield
Newington Forest,Week1,Old Keene Mill,Week3,237.0 Old Keene Mill - 165.0 Newington Forest
Mount Vernon Park,Week4,North Springfield,Week1,322.0 Mount Vernon Park - 29.0 North Springfield
Newington Forest,Week1,Rolling Forest,Week1,286.5 Rolling Forest - 114.5 Newington Forest
Mount Vernon Park,Week2,Hollin Hills,Week2,332.0 Mount Vernon Park - 70.0 Hollin Hills
Mount Vernon Park,Week3,North Springfield,Week1,315.0 Mount Vernon Park - 36.0 North Springfield
Newington Forest,Week4,Rolling Forest,Week5,271.0 Rolling Forest - 131.0 Newington Forest
Mount Vernon Park,Week3,North Springfield,Week5,305.0 Mount Vernon Park - 65.0 North Springfield
Newington Forest,Week1,Old Keene Mill,Week2,231.0 Old Keene Mill - 171.0 Newington Forest
Newington Forest,Week3,Rolling Forest,Week2,259.0 Rolling Forest - 143.0 Newington Forest
Newington Forest,Week4,Oakton ,Week2,336.0 Oakton - 66.0 Newington Forest
Newington Forest,Week2,Rolling Forest,Week4,273.0 Rolling Forest - 128.0 Newington Forest
Mosby Woods,Week2,Virginia Hills,Week5,362.0 Mosby Woods - 40.0 Virginia Hills
Mosby Woods,Week4,Virginia Hills,Week2,360.0 Mosby Woods - 42.0 Virginia Hills
Mount Vernon Park,Week2,Hollin Hills,Week1,341.0 Mount Vernon Park - 61.0 Hollin Hills
Mount Vernon Park,Week3,North Springfield,Week4,332.0 Mount Vernon Park - 59.0 North Springfield
Newington Forest,Week3,Rolling Forest,Week3,296.0 Rolling Forest - 106.0 Newington Forest
Mosby Woods,Week1,Virginia Run,Week4,241.5 Mosby Woods - 160.5 Virginia Run
Mount Vernon Park,Week2,Hollin Hills,Week3,334.0 Mount Vernon Park - 68.0 Hollin Hills
Mosby Woods,Week4,Virginia Hills,Week4,363.0 Mosby Woods - 39.0 Virginia Hills
Newington Forest,Week5,Oakton ,Week1,320.0 Oakton - 82.0 Newington Forest
Mount Vernon Park,Week1,Hollin Hills,Week1,335.0 Mount Vernon Park - 62.0 Hollin Hills
Mount Vernon Park,Week1,Hollin Hills,Week5,325.0 Mount Vernon Park - 77.0 Hollin Hills
Newington Forest,Week2,Rolling Forest,Week5,275.0 Rolling Forest - 125.0 Newington Forest
Mount Vernon Park,Week2,Hollin Hills,Week5,333.0 Mount Vernon Park - 69.0 Hollin Hills
Mosby Woods,Week1,Virginia Run,Week2,255.0 Mosby Woods - 147.0 Virginia Run
Mount Vernon Park,Week4,North Springfield,Week2,332.0 Mount Vernon Park - 56.0 North Springfield
Mount Vernon Park,Week4,North Springfield,Week4,344.5 Mount Vernon Park - 47.5 North Springfield
Mount Vernon Park,Week4,North Springfield,Week5,308.0 Mount Vernon Park - 66.0 North Springfield
Newington Forest,Week1,Rolling Forest,Week4,279.0 Rolling Forest - 122.0 Newington Forest
Newington Forest,Week1,Old Keene Mill,Week4,234.0 Old Keene Mill - 167.0 Newington Forest
Newington Forest,Week1,Rolling Hills,Week1,242.0 Rolling Hills - 156.0 Newington Forest
Mount Vernon Park,Week3,Hollin Hills,Week4,334.0 Mount Vernon Park - 68.0 Hollin Hills
Newington Forest,Week2,Old Keene Mill,Week5,254.0 Old Keene Mill - 147.0 Newington Forest
Mosby Woods,Week2,Virginia Run,Week1,233.0 Mosby Woods - 169.0 Virginia Run
Newington Forest,Week1,Rolling Hills,Week5,248.0 Rolling Hills - 153.0 Newington Forest
Mount Vernon Park,Week3,Hollin Hills,Week2,330.0 Mount Vernon Park - 72.0 Hollin Hills
Mount Vernon Park,Week2,Hollin Hills,Week4,330.0 Mount Vernon Park - 72.0 Hollin Hills
Mount Vernon Park,Week4,North Springfield,Week3,327.0 Mount Vernon Park - 70.0 North Springfield
Mount Vernon Park,Week3,Hollin Hills,Week1,337.0 Mount Vernon Park - 65.0 Hollin Hills
Newington Forest,Week3,Oakton ,Week5,339.0 Oakton - 63.0 Newington Forest
Newington Forest,Week3,Old Keene Mill,Week2,223.0 Old Keene Mill - 179.0 Newington Forest
Mount Vernon Park,Week5,North Springfield,Week2,328.0 Mount Vernon Park - 55.0 North Springfield
Newington Forest,Week5,Rolling Forest,Week1,258.0 Rolling Forest - 139.0 Newington Forest
Newington Forest,Week1,Old Keene Mill,Week5,252.0 Old Keene Mill - 150.0 Newington Forest
Mosby Woods,Week2,Virginia Run,Week3,254.0 Mosby Woods - 148.0 Virginia Run
Newington Forest,Week1,Rolling Hills,Week3,247.0 Rolling Hills - 152.0 Newington Forest
Mosby Woods,Week3,Virginia Hills,Week1,368.0 Mosby Woods - 34.0 Virginia Hills
Mount Vernon Park,Week5,North Springfield,Week1,320.0 Mount Vernon Park - 31.0 North Springfield
Mount Vernon Park,Week1,Oakton ,Week3,216.5 Oakton - 185.5 Mount Vernon Park
Newington Forest,Week3,Orange Hunt,Week1,309.0 Orange Hunt - 93.0 Newington Forest
Newington Forest,Week5,Rolling Hills,Week4,200.0 Rolling Hills - 196.0 Newington Forest
Mosby Woods,Week5,Virginia Hills,Week1,370.0 Mosby Woods - 32.0 Virginia Hills
Mount Vernon Park,Week2,Hollin Meadows,Week2,246.5 Mount Vernon Park - 155.5 Hollin Meadows
Mount Vernon Park,Week1,Hollin Meadows,Week2,258.0 Mount Vernon Park - 144.0 Hollin Meadows
Mount Vernon Park,Week2,Hollin Meadows,Week5,233.0 Mount Vernon Park - 169.0 Hollin Meadows
Newington Forest,Week2,Rolling Hills,Week1,237.0 Rolling Hills - 160.0 Newington Forest
Newington Forest,Week1,Orange Hunt,Week3,313.0 Orange Hunt - 88.0 Newington Forest
Newington Forest,Week5,Old Keene Mill,Week2,211.0 Newington Forest - 191.0 Old Keene Mill
Mount Vernon Park,Week2,Hollin Meadows,Week3,249.0 Mount Vernon Park - 153.0 Hollin Meadows
Mosby Woods,Week1,Virginia Run,Week5,239.0 Mosby Woods - 163.0 Virginia Run
Mosby Woods,Week5,Virginia Hills,Week2,371.0 Mosby Woods - 31.0 Virginia Hills
Mosby Woods,Week4,Virginia Hills,Week3,357.5 Mosby Woods - 44.5 Virginia Hills
Newington Forest,Week4,Old Keene Mill,Week5,233.0 Old Keene Mill - 169.0 Newington Forest
Mosby Woods,Week2,Virginia Run,Week4,241.0 Mosby Woods - 161.0 Virginia Run
Newington Forest,Week4,Old Keene Mill,Week4,213.0 Old Keene Mill - 189.0 Newington Forest
Newington Forest,Week2,Rolling Hills,Week5,234.0 Rolling Hills - 167.0 Newington Forest
Mount Vernon Park,Week1,Hollin Meadows,Week4,245.0 Mount Vernon Park - 157.0 Hollin Meadows
Newington Forest,Week1,Rolling Hills,Week2,255.0 Rolling Hills - 145.0 Newington Forest
Mosby Woods,Week2,Virginia Run,Week5,240.0 Mosby Woods - 162.0 Virginia Run
Mount Vernon Park,Week1,Oakton ,Week1,204.5 Oakton - 197.5 Mount Vernon Park
Newington Forest,Week5,Old Keene Mill,Week1,214.0 Newington Forest - 188.0 Old Keene Mill
Mount Vernon Park,Week4,Hollin Hills,Week2,328.0 Mount Vernon Park - 74.0 Hollin Hills
Newington Forest,Week4,Rolling Hills,Week2,214.0 Rolling Hills - 183.0 Newington Forest
Mount Vernon Park,Week1,Hollin Meadows,Week1,243.0 Mount Vernon Park - 159.0 Hollin Meadows
Newington Forest,Week3,Rolling Hills,Week1,232.0 Rolling Hills - 170.0 Newington Forest
Newington Forest,Week4,Old Keene Mill,Week3,207.0 Old Keene Mill - 195.0 Newington Forest
Mosby Woods,Week3,Virginia Hills,Week4,367.0 Mosby Woods - 35.0 Virginia Hills
Mount Vernon Park,Week3,Hollin Hills,Week5,329.0 Mount Vernon Park - 73.0 Hollin Hills
Mosby Woods,Week3,Virginia Hills,Week2,369.0 Mosby Woods - 33.0 Virginia Hills
Mount Vernon Park,Week5,Hollin Hills,Week2,334.0 Mount Vernon Park - 68.0 Hollin Hills
Mount Vernon Park,Week5,North Springfield,Week3,332.0 Mount Vernon Park - 64.0 North Springfield
Mount Vernon Park,Week5,North Springfield,Week4,341.0 Mount Vernon Park - 50.0 North Springfield
Newington Forest,Week4,Old Keene Mill,Week2,206.0 Old Keene Mill - 196.0 Newington Forest
Mosby Woods,Week2,Virginia Run,Week2,242.0 Mosby Woods - 160.0 Virginia Run
Newington Forest,Week3,Old Keene Mill,Week4,233.0 Old Keene Mill - 169.0 Newington Forest
Mosby Woods,Week4,Virginia Hills,Week5,343.0 Mosby Woods - 59.0 Virginia Hills
Newington Forest,Week4,Rolling Hills,Week3,222.0 Rolling Hills - 180.0 Newington Forest
Mount Vernon Park,Week5,North Springfield,Week5,314.0 Mount Vernon Park - 60.0 North Springfield
Mount Vernon Park,Week1,Oakton ,Week2,220.0 Oakton - 177.0 Mount Vernon Park
Newington Forest,Week4,Rolling Hills,Week4,206.0 Rolling Hills - 195.0 Newington Forest
Newington Forest,Week3,Rolling Hills,Week5,220.0 Rolling Hills - 182.0 Newington Forest
Mosby Woods,Week5,Virginia Hills,Week3,373.0 Mosby Woods - 29.0 Virginia Hills
Newington Forest,Week4,Orange Hunt,Week5,298.0 Orange Hunt - 104.0 Newington Forest
Newington Forest,Week3,Rolling Hills,Week2,223.0 Rolling Hills - 179.0 Newington Forest
Newington Forest,Week2,Rolling Hills,Week4,224.0 Rolling Hills - 168.0 Newington Forest
Mount Vernon Park,Week3,Hollin Meadows,Week4,243.0 Mount Vernon Park - 159.0 Hollin Meadows
Newington Forest,Week3,Rolling Hills,Week4,222.0 Rolling Hills - 179.0 Newington Forest
Newington Forest,Week5,Orange Hunt,Week5,298.0 Orange Hunt - 104.0 Newington Forest
Newington Forest,Week5,Orange Hunt,Week1,273.0 Orange Hunt - 129.0 Newington Forest
Newington Forest,Week4,Orange Hunt,Week4,278.0 Orange Hunt - 119.0 Newington Forest
Mount Vernon Park,Week4,Hollin Hills,Week3,332.0 Mount Vernon Park - 70.0 Hollin Hills
Newington Forest,Week3,Orange Hunt,Week5,314.0 Orange Hunt - 87.0 Newington Forest
Newington Forest,Week2,Rolling Hills,Week2,236.0 Rolling Hills - 165.0 Newington Forest
Mosby Woods,Week3,Virginia Hills,Week3,366.0 Mosby Woods - 36.0 Virginia Hills
Mosby Woods,Week4,Virginia Hills,Week1,353.0 Mosby Woods - 49.0 Virginia Hills
Newington Forest,Week4,Orange Hunt,Week2,282.0 Orange Hunt - 120.0 Newington Forest
Mount Vernon Park,Week4,Hollin Hills,Week5,323.5 Mount Vernon Park - 78.5 Hollin Hills
Mount Vernon Park,Week3,Hollin Meadows,Week2,257.0 Mount Vernon Park - 145.0 Hollin Meadows
Newington Forest,Week2,Rolling Hills,Week3,234.0 Rolling Hills - 163.0 Newington Forest
Mount Vernon Park,Week1,Hollin Meadows,Week3,252.0 Mount Vernon Park - 150.0 Hollin Meadows
Mosby Woods,Week3,Virginia Hills,Week5,360.0 Mosby Woods - 42.0 Virginia Hills
Mosby Woods,Week1,Truro,Week1,304.0 Mosby Woods - 98.0 Truro
Newington Forest,Week4,Rolling Hills,Week1,224.0 Rolling Hills - 178.0 Newington Forest
Mosby Woods,Week1,Virginia Run,Week1,246.0 Mosby Woods - 156.0 Virginia Run
Newington Forest,Week1,Overlee,Week1,382.0 Overlee - 20.0 Newington Forest
Mosby Woods,Week5,Virginia Hills,Week5,358.0 Mosby Woods - 44.0 Virginia Hills
Mosby Woods,Week5,Virginia Hills,Week4,371.0 Mosby Woods - 31.0 Virginia Hills
Newington Forest,Week1,Orange Hunt,Week4,305.0 Orange Hunt - 96.0 Newington Forest
Mount Vernon Park,Week3,Hollin Meadows,Week5,242.0 Mount Vernon Park - 160.0 Hollin Meadows
Newington Forest,Week5,Rolling Hills,Week1,222.0 Rolling Hills - 180.0 Newington Forest
Mount Vernon Park,Week4,Hollin Hills,Week4,335.0 Mount Vernon Park - 67.0 Hollin Hills
Mount Vernon Park,Week3,Hollin Meadows,Week3,249.0 Mount Vernon Park - 153.0 Hollin Meadows
Newington Forest,Week4,Rolling Hills,Week5,211.0 Rolling Hills - 191.0 Newington Forest
Mount Vernon Park,Week3,Hollin Meadows,Week1,242.0 Mount Vernon Park - 160.0 Hollin Meadows
Mosby Woods,Week1,Sully Station II,Week3,208.0 Sully Station II - 194.0 Mosby Woods
Mount Vernon Park,Week5,Hollin Hills,Week5,327.0 Mount Vernon Park - 75.0 Hollin Hills
Mount Vernon Park,Week5,Hollin Hills,Week3,331.0 Mount Vernon Park - 71.0 Hollin Hills
Mount Vernon Park,Week1,Hollin Meadows,Week5,228.0 Mount Vernon Park - 174.0 Hollin Meadows
Mount Vernon Park,Week2,Hollin Meadows,Week1,238.0 Mount Vernon Park - 164.0 Hollin Meadows
Newington Forest,Week2,Orange Hunt,Week3,309.0 Orange Hunt - 92.0 Newington Forest
Newington Forest,Week5,Rolling Hills,Week2,212.0 Rolling Hills - 190.0 Newington Forest
Newington Forest,Week5,Old Keene Mill,Week5,213.0 Old Keene Mill - 184.0 Newington Forest
Mosby Woods,Week4,Sully Station II,Week4,206.0 Mosby Woods - 196.0 Sully Station II
Mosby Woods,Week2,Sully Station II,Week4,240.0 Mosby Woods - 162.0 Sully Station II
Mount Vernon Park,Week5,Hollin Hills,Week1,331.0 Mount Vernon Park - 71.0 Hollin Hills
Mosby Woods,Week3,Sully Station II,Week1,214.0 Mosby Woods - 188.0 Sully Station II
Mount Vernon Park,Week5,Hollin Hills,Week4,335.0 Mount Vernon Park - 66.0 Hollin Hills
Newington Forest,Week1,Rolling Hills,Week4,241.0 Rolling Hills - 151.0 Newington Forest
Newington Forest,Week3,Rolling Hills,Week3,219.0 Rolling Hills - 183.0 Newington Forest
Newington Forest,Week1,Orange Hunt,Week1,305.0 Orange Hunt - 96.0 Newington Forest
Newington Forest,Week2,Orange Hunt,Week1,302.0 Orange Hunt - 99.0 Newington Forest
Mosby Woods,Week1,Truro,Week3,312.0 Mosby Woods - 90.0 Truro
Mosby Woods,Week2,Sully Station II,Week1,225.0 Mosby Woods - 177.0 Sully Station II
Mosby Woods,Week1,Sully Station II,Week1,214.0 Mosby Woods - 188.0 Sully Station II
Newington Forest,Week5,Rolling Hills,Week3,218.0 Rolling Hills - 184.0 Newington Forest
Newington Forest,Week3,Orange Hunt,Week3,308.0 Orange Hunt - 94.0 Newington Forest
Newington Forest,Week5,Old Keene Mill,Week4,206.0 Newington Forest - 196.0 Old Keene Mill
Mosby Woods,Week3,Sully Station II,Week4,214.0 Mosby Woods - 188.0 Sully Station II
Mount Vernon Park,Week4,Hamlet,Week5,250.0 Hamlet - 152.0 Mount Vernon Park
Newington Forest,Week1,Overlee,Week5,396.0 Overlee - 6.0 Newington Forest
Newington Forest,Week3,Orange Hunt,Week2,299.0 Orange Hunt - 103.0 Newington Forest
Newington Forest,Week5,Orange Hunt,Week3,294.5 Orange Hunt - 107.5 Newington Forest
Mount Vernon Park,Week1,Hayfield Farm,Week5,264.0 Mount Vernon Park - 138.0 Hayfield Farm
Mosby Woods,Week5,Sully Station II,Week4,234.0 Mosby Woods - 168.0 Sully Station II
Mosby Woods,Week1,Sully Station II,Week5,213.0 Sully Station II - 189.0 Mosby Woods
Newington Forest,Week1,Orange Hunt,Week5,321.0 Orange Hunt - 80.0 Newington Forest
Newington Forest,Week2,Orange Hunt,Week4,304.0 Orange Hunt - 97.0 Newington Forest
Mosby Woods,Week5,Sully Station II,Week2,228.0 Mosby Woods - 174.0 Sully Station II
Newington Forest,Week2,Orange Hunt,Week2,310.0 Orange Hunt - 90.0 Newington Forest
Mosby Woods,Week5,Sully Station II,Week3,207.0 Mosby Woods - 195.0 Sully Station II
Mount Vernon Park,Week5,Hamlet,Week3,222.0 Hamlet - 180.0 Mount Vernon Park
Mosby Woods,Week1,Sully Station II,Week4,231.0 Mosby Woods - 171.0 Sully Station II
Mount Vernon Park,Week4,Hamlet,Week3,252.0 Hamlet - 150.0 Mount Vernon Park
Mosby Woods,Week3,Sully Station II,Week2,205.0 Sully Station II - 197.0 Mosby Woods
Mount Vernon Park,Week1,Hayfield Farm,Week4,250.0 Mount Vernon Park - 152.0 Hayfield Farm
Newington Forest,Week5,Orange Hunt,Week2,274.0 Orange Hunt - 128.0 Newington Forest
Newington Forest,Week5,Orange Hunt,Week4,273.0 Orange Hunt - 129.0 Newington Forest
Mosby Woods,Week4,Sully Station II,Week1,218.0 Mosby Woods - 183.0 Sully Station II
Mosby Woods,Week3,Sully Station II,Week3,223.0 Sully Station II - 179.0 Mosby Woods
Mount Vernon Park,Week3,Hamlet,Week3,236.0 Hamlet - 166.0 Mount Vernon Park
Mount Vernon Park,Week1,Hamlet,Week2,235.0 Hamlet - 167.0 Mount Vernon Park
Newington Forest,Week5,Overlee,Week4,389.0 Overlee - 13.0 Newington Forest
Mount Vernon Park,Week1,Hamlet,Week3,234.0 Hamlet - 168.0 Mount Vernon Park
Mount Vernon Park,Week2,Hayfield Farm,Week3,249.0 Mount Vernon Park - 153.0 Hayfield Farm
Newington Forest,Week1,Parklawn,Week3,200.0 Parklawn - 193.0 Newington Forest
Mount Vernon Park,Week2,Hamlet,Week2,238.0 Hamlet - 164.0 Mount Vernon Park
Mount Vernon Park,Week3,Hamlet,Week5,258.0 Hamlet - 144.0 Mount Vernon Park
Mosby Woods,Week2,Sully Station II,Week2,215.0 Mosby Woods - 187.0 Sully Station II
Newington Forest,Week2,Orange Hunt,Week5,308.0 Orange Hunt - 93.0 Newington Forest
Mosby Woods,Week1,Sully Station II,Week2,219.0 Mosby Woods - 183.0 Sully Station II
Mosby Woods,Week2,Sully Station II,Week3,203.0 Sully Station II - 199.0 Mosby Woods
Newington Forest,Week4,Orange Hunt,Week3,293.0 Orange Hunt - 109.0 Newington Forest
Mount Vernon Park,Week2,Hollin Meadows,Week4,242.0 Mount Vernon Park - 160.0 Hollin Meadows
Newington Forest,Week4,Orange Hunt,Week1,296.0 Orange Hunt - 106.0 Newington Forest
Mount Vernon Park,Week2,Hayfield Farm,Week2,260.0 Mount Vernon Park - 142.0 Hayfield Farm
Mosby Woods,Week2,Sully Station II,Week5,207.0 Sully Station II - 195.0 Mosby Woods
Newington Forest,Week3,Orange Hunt,Week4,285.0 Orange Hunt - 117.0 Newington Forest
Mount Vernon Park,Week4,Hamlet,Week1,227.0 Hamlet - 175.0 Mount Vernon Park
Mosby Woods,Week4,Sully Station II,Week2,210.5 Sully Station II - 191.5 Mosby Woods
Mosby Woods,Week3,Sully Station II,Week5,218.0 Sully Station II - 184.0 Mosby Woods
Newington Forest,Week1,Orange Hunt,Week2,305.0 Orange Hunt - 96.0 Newington Forest
Mount Vernon Park,Week1,Hamlet,Week4,201.0 Hamlet - 201.0 Mount Vernon Park
Mount Vernon Park,Week1,Hamlet,Week5,257.0 Hamlet - 145.0 Mount Vernon Park
Mount Vernon Park,Week2,Hamlet,Week5,255.0 Hamlet - 147.0 Mount Vernon Park
Mount Vernon Park,Week1,Hamlet,Week1,219.0 Hamlet - 183.0 Mount Vernon Park
Newington Forest,Week1,Overlee,Week4,393.0 Overlee - 9.0 Newington Forest
Newington Forest,Week2,Overlee,Week5,387.0 Overlee - 15.0 Newington Forest
Mosby Woods,Week3,Truro,Week1,291.0 Mosby Woods - 111.0 Truro
Mosby Woods,Week2,Truro,Week5,296.0 Mosby Woods - 106.0 Truro
Newington Forest,Week2,Overlee,Week2,383.5 Overlee - 18.5 Newington Forest
Mount Vernon Park,Week2,Hamlet,Week3,246.0 Hamlet - 156.0 Mount Vernon Park
Mosby Woods,Week4,Sully Station II,Week5,241.0 Sully Station II - 161.0 Mosby Woods
Mosby Woods,Week5,Village West,Week5,292.0 Mosby Woods - 110.0 Village West
Mosby Woods,Week3,Village West,Week1,305.0 Mosby Woods - 97.0 Village West
Mosby Woods,Week2,Virginia Hills,Week1,367.0 Mosby Woods - 35.0 Virginia Hills
Mount Vernon Park,Week2,Hamlet,Week4,202.0 Mount Vernon Park - 200.0 Hamlet
Mosby Woods,Week4,Sully Station II,Week3,233.0 Sully Station II - 169.0 Mosby Woods
Mount Vernon Park,Week4,Hamlet,Week2,243.0 Hamlet - 159.0 Mount Vernon Park
Newington Forest,Week4,Overlee,Week4,393.0 Overlee - 9.0 Newington Forest
Mosby Woods,Week3,Truro,Week2,316.0 Mosby Woods - 86.0 Truro
Newington Forest,Week3,Overlee,Week3,375.0 Overlee - 27.0 Newington Forest
Newington Forest,Week2,Parklawn,Week1,216.0 Newington Forest - 175.0 Parklawn
Mosby Woods,Week2,Virginia Hills,Week3,373.0 Mosby Woods - 29.0 Virginia Hills
Mount Vernon Park,Week3,Hamlet,Week2,242.0 Hamlet - 160.0 Mount Vernon Park
Mosby Woods,Week3,Village West,Week4,304.0 Mosby Woods - 93.0 Village West
Mosby Woods,Week5,Sully Station II,Week5,213.0 Sully Station II - 189.0 Mosby Woods
Newington Forest,Week3,Overlee,Week1,377.0 Overlee - 25.0 Newington Forest
Mount Vernon Park,Week3,Hayfield Farm,Week5,270.0 Mount Vernon Park - 132.0 Hayfield Farm
Mosby Woods,Week5,Sully Station II,Week1,235.0 Mosby Woods - 167.0 Sully Station II
Newington Forest,Week3,Overlee,Week5,389.0 Overlee - 13.0 Newington Forest
Mosby Woods,Week1,Truro,Week2,322.0 Mosby Woods - 79.0 Truro
Newington Forest,Week3,Overlee,Week2,384.0 Overlee - 18.0 Newington Forest
Mosby Woods,Week3,Truro,Week4,288.0 Mosby Woods - 114.0 Truro
Newington Forest,Week1,Overlee,Week3,380.0 Overlee - 22.0 Newington Forest
Mosby Woods,Week5,Truro,Week3,318.0 Mosby Woods - 84.0 Truro
Newington Forest,Week2,Overlee,Week4,391.0 Overlee - 11.0 Newington Forest
Mount Vernon Park,Week4,Hamlet,Week4,210.0 Hamlet - 192.0 Mount Vernon Park
Mosby Woods,Week4,Village West,Week1,315.5 Mosby Woods - 86.5 Village West
Newington Forest,Week5,Overlee,Week1,365.0 Overlee - 37.0 Newington Forest
Mount Vernon Park,Week3,Hamlet,Week4,206.5 Mount Vernon Park - 195.5 Hamlet
Mosby Woods,Week5,Village West,Week2,312.0 Mosby Woods - 90.0 Village West
Mosby Woods,Week4,Truro,Week2,310.0 Mosby Woods - 87.0 Truro
Mosby Woods,Week3,Village West,Week2,305.0 Mosby Woods - 97.0 Village West
Newington Forest,Week2,Overlee,Week3,373.0 Overlee - 29.0 Newington Forest
Mount Vernon Park,Week5,Hamlet,Week1,207.0 Mount Vernon Park - 194.0 Hamlet
Mosby Woods,Week2,Virginia Hills,Week4,376.0 Mosby Woods - 26.0 Virginia Hills
Newington Forest,Week2,Overlee,Week1,379.0 Overlee - 23.0 Newington Forest
Newington Forest,Week5,Overlee,Week2,372.0 Overlee - 30.0 Newington Forest
Mosby Woods,Week1,Truro,Week4,297.0 Mosby Woods - 105.0 Truro
Mosby Woods,Week5,Truro,Week1,297.0 Mosby Woods - 105.0 Truro
Mosby Woods,Week2,Truro,Week1,309.0 Mosby Woods - 93.0 Truro
Mount Vernon Park,Week5,Hamlet,Week2,206.0 Hamlet - 196.0 Mount Vernon Park
Mosby Woods,Week3,Truro,Week3,314.0 Mosby Woods - 88.0 Truro
Mosby Woods,Week4,Village West,Week5,289.0 Mosby Woods - 113.0 Village West
Mosby Woods,Week3,Village West,Week3,290.0 Mosby Woods - 112.0 Village West
Mount Vernon Park,Week2,Hamlet,Week1,226.0 Hamlet - 176.0 Mount Vernon Park
Mount Vernon Park,Week3,Hamlet,Week1,222.0 Hamlet - 180.0 Mount Vernon Park
Mosby Woods,Week2,Truro,Week4,298.0 Mosby Woods - 104.0 Truro
Mosby Woods,Week5,Truro,Week4,296.5 Mosby Woods - 105.5 Truro
Mosby Woods,Week2,Village West,Week4,306.0 Mosby Woods - 91.0 Village West
Mosby Woods,Week1,Virginia Hills,Week5,354.0 Mosby Woods - 48.0 Virginia Hills
Mount Vernon Park,Week2,Hayfield Farm,Week4,254.0 Mount Vernon Park - 148.0 Hayfield Farm
Mosby Woods,Week5,Tuckahoe,Week5,299.0 Tuckahoe - 103.0 Mosby Woods
Mosby Woods,Week1,Tuckahoe,Week1,265.0 Tuckahoe - 137.0 Mosby Woods
Newington Forest,Week4,Overlee,Week5,386.0 Overlee - 16.0 Newington Forest
Newington Forest,Week4,Overlee,Week2,384.0 Overlee - 18.0 Newington Forest
Mosby Woods,Week5,Village West,Week3,283.0 Mosby Woods - 119.0 Village West
Mosby Woods,Week1,Virginia Hills,Week1,368.0 Mosby Woods - 34.0 Virginia Hills
Mosby Woods,Week2,Tuckahoe,Week4,309.0 Tuckahoe - 93.0 Mosby Woods
Mosby Woods,Week1,Virginia Hills,Week3,373.0 Mosby Woods - 29.0 Virginia Hills
Mount Vernon Park,Week5,Hamlet,Week4,220.0 Mount Vernon Park - 182.0 Hamlet
Mosby Woods,Week5,Village West,Week1,306.0 Mosby Woods - 96.0 Village West
Mount Vernon Park,Week5,Hamlet,Week5,223.0 Hamlet - 179.0 Mount Vernon Park
Mount Vernon Park,Week3,Hayfield Farm,Week1,258.0 Mount Vernon Park - 144.0 Hayfield Farm
Mosby Woods,Week5,Tuckahoe,Week1,270.5 Tuckahoe - 131.5 Mosby Woods
Newington Forest,Week1,Parklawn,Week1,209.0 Newington Forest - 182.0 Parklawn
Mount Vernon Park,Week2,Hayfield Farm,Week1,253.0 Mount Vernon Park - 149.0 Hayfield Farm
Mount Vernon Park,Week1,Hayfield Farm,Week2,251.0 Mount Vernon Park - 151.0 Hayfield Farm
Newington Forest,Week5,Overlee,Week5,385.0 Overlee - 17.0 Newington Forest
Mosby Woods,Week4,Truro,Week5,286.0 Mosby Woods - 115.0 Truro
Mount Vernon Park,Week1,Hayfield Farm,Week1,259.0 Mount Vernon Park - 143.0 Hayfield Farm
Mosby Woods,Week3,Truro,Week5,288.0 Mosby Woods - 114.0 Truro
Mount Vernon Park,Week1,Hayfield Farm,Week3,238.0 Mount Vernon Park - 164.0 Hayfield Farm
Newington Forest,Week5,Overlee,Week3,374.0 Overlee - 28.0 Newington Forest
Mosby Woods,Week2,Tuckahoe,Week3,304.5 Tuckahoe - 97.5 Mosby Woods
Mosby Woods,Week1,Virginia Hills,Week2,371.0 Mosby Woods - 31.0 Virginia Hills
Mount Vernon Park,Week2,Hayfield Farm,Week5,263.0 Mount Vernon Park - 139.0 Hayfield Farm
Mosby Woods,Week1,Tuckahoe,Week3,301.0 Tuckahoe - 101.0 Mosby Woods
Newington Forest,Week3,Overlee,Week4,395.0 Overlee - 7.0 Newington Forest
Newington Forest,Week1,Overlee,Week2,387.0 Overlee - 15.0 Newington Forest
Mosby Woods,Week2,Village West,Week5,287.0 Mosby Woods - 115.0 Village West
Newington Forest,Week4,Overlee,Week1,378.0 Overlee - 24.0 Newington Forest
Mosby Woods,Week4,Truro,Week3,311.0 Mosby Woods - 91.0 Truro
Mosby Woods,Week4,Truro,Week1,281.0 Mosby Woods - 121.0 Truro
Mount Vernon Park,Week3,Hayfield Farm,Week2,266.0 Mount Vernon Park - 136.0 Hayfield Farm
Mosby Woods,Week1,Vienna Aquatic,Week2,230.0 Vienna Aquatic - 172.0 Mosby Woods
Mosby Woods,Week4,Village West,Week3,279.0 Mosby Woods - 123.0 Village West
Mosby Woods,Week2,Virginia Hills,Week2,371.0 Mosby Woods - 31.0 Virginia Hills
Mosby Woods,Week5,Truro,Week5,297.0 Mosby Woods - 105.0 Truro
Mosby Woods,Week1,Vienna Aquatic,Week1,226.0 Vienna Aquatic - 176.0 Mosby Woods
Newington Forest,Week4,Overlee,Week3,375.0 Overlee - 27.0 Newington Forest
Mosby Woods,Week2,Truro,Week3,321.0 Mosby Woods - 81.0 Truro
Mount Vernon Park,Week1,Herndon,Week3,345.0 Mount Vernon Park - 57.0 Herndon
Mount Vernon Park,Week2,Herndon,Week2,346.0 Mount Vernon Park - 56.0 Herndon
Mosby Woods,Week5,Village West,Week4,308.0 Mosby Woods - 89.0 Village West
Mosby Woods,Week4,Tuckahoe,Week2,308.0 Tuckahoe - 94.0 Mosby Woods
Newington Forest,Week3,Parklawn,Week1,220.0 Newington Forest - 172.0 Parklawn
Mount Vernon Park,Week1,Herndon,Week2,338.0 Mount Vernon Park - 64.0 Herndon
Newington Forest,Week5,Parklawn,Week2,229.0 Newington Forest - 172.0 Parklawn
Mosby Woods,Week4,Truro,Week4,299.0 Mosby Woods - 103.0 Truro
Newington Forest,Week1,Parklawn,Week4,213.0 Parklawn - 176.0 Newington Forest
Mosby Woods,Week5,Truro,Week2,320.0 Mosby Woods - 82.0 Truro
Mount Vernon Park,Week2,Herndon,Week1,349.0 Mount Vernon Park - 53.0 Herndon
Mosby Woods,Week3,Tuckahoe,Week3,317.0 Tuckahoe - 85.0 Mosby Woods
Mount Vernon Park,Week3,Hayfield Farm,Week3,257.0 Mount Vernon Park - 145.0 Hayfield Farm
Newington Forest,Week1,Parklawn,Week5,227.0 Parklawn - 166.0 Newington Forest
Newington Forest,Week1,Parklawn,Week2,226.5 Parklawn - 163.5 Newington Forest
Mosby Woods,Week2,Truro,Week2,331.0 Mosby Woods - 70.0 Truro
Mosby Woods,Week3,Vienna Aquatic,Week1,248.0 Vienna Aquatic - 154.0 Mosby Woods
Mosby Woods,Week4,Village West,Week2,315.0 Mosby Woods - 87.0 Village West
Mount Vernon Park,Week3,Hayfield Farm,Week4,260.0 Mount Vernon Park - 142.0 Hayfield Farm
Mosby Woods,Week1,Truro,Week5,297.0 Mosby Woods - 105.0 Truro
Mosby Woods,Week3,Vienna Aquatic,Week4,241.0 Vienna Aquatic - 156.0 Mosby Woods
Mosby Woods,Week2,Tuckahoe,Week5,294.0 Tuckahoe - 108.0 Mosby Woods
Mosby Woods,Week3,Village West,Week5,295.0 Mosby Woods - 102.0 Village West
Mosby Woods,Week3,Tuckahoe,Week5,304.5 Tuckahoe - 97.5 Mosby Woods
Newington Forest,Week2,Parklawn,Week4,202.0 Parklawn - 187.0 Newington Forest
Newington Forest,Week4,Parklawn,Week1,229.0 Newington Forest - 164.0 Parklawn
Mosby Woods,Week4,Village West,Week4,304.0 Mosby Woods - 92.0 Village West
Mosby Woods,Week4,Tuckahoe,Week5,333.0 Tuckahoe - 69.0 Mosby Woods
Mount Vernon Park,Week4,Hayfield Farm,Week4,250.0 Mount Vernon Park - 152.0 Hayfield Farm
Mosby Woods,Week1,Virginia Hills,Week4,371.0 Mosby Woods - 31.0 Virginia Hills
Mosby Woods,Week1,Tuckahoe,Week2,268.0 Tuckahoe - 134.0 Mosby Woods
Mosby Woods,Week3,Tuckahoe,Week4,320.0 Tuckahoe - 82.0 Mosby Woods
Mosby Woods,Week3,Tuckahoe,Week2,293.5 Tuckahoe - 108.5 Mosby Woods
Mosby Woods,Week1,Tuckahoe,Week5,295.0 Tuckahoe - 107.0 Mosby Woods
Mosby Woods,Week4,Tuckahoe,Week1,293.0 Tuckahoe - 109.0 Mosby Woods
Newington Forest,Week4,Parklawn,Week3,220.0 Newington Forest - 181.0 Parklawn
Mount Vernon Park,Week3,Herndon,Week2,339.0 Mount Vernon Park - 62.0 Herndon
Newington Forest,Week2,Parklawn,Week5,217.0 Parklawn - 176.0 Newington Forest
Mount Vernon Park,Week3,Herndon,Week1,342.0 Mount Vernon Park - 59.0 Herndon
Mosby Woods,Week4,Tuckahoe,Week4,327.0 Tuckahoe - 75.0 Mosby Woods
Mount Vernon Park,Week3,Herndon,Week3,351.0 Mount Vernon Park - 50.0 Herndon
Mount Vernon Park,Week2,Herndon,Week4,357.0 Mount Vernon Park - 45.0 Herndon
Mount Vernon Park,Week3,Herndon,Week4,353.0 Mount Vernon Park - 48.0 Herndon
Newington Forest,Week5,Parklawn,Week4,220.0 Newington Forest - 175.0 Parklawn
Newington Forest,Week2,Parklawn,Week3,197.0 Newington Forest - 195.0 Parklawn
Mosby Woods,Week4,Tuckahoe,Week3,323.0 Tuckahoe - 79.0 Mosby Woods
Mount Vernon Park,Week2,Herndon,Week5,363.0 Mount Vernon Park - 39.0 Herndon
Newington Forest,Week5,Parklawn,Week3,247.0 Newington Forest - 154.0 Parklawn
Mosby Woods,Week2,Tuckahoe,Week1,258.0 Tuckahoe - 144.0 Mosby Woods
Mosby Woods,Week2,Tuckahoe,Week2,283.0 Tuckahoe - 119.0 Mosby Woods
Mount Vernon Park,Week5,Hayfield Farm,Week5,292.0 Mount Vernon Park - 110.0 Hayfield Farm
Newington Forest,Week1,Parliament,Week1,289.0 Parliament - 110.0 Newington Forest
Mount Vernon Park,Week5,Hayfield Farm,Week4,278.0 Mount Vernon Park - 124.0 Hayfield Farm
Newington Forest,Week4,Parklawn,Week5,204.5 Newington Forest - 191.5 Parklawn
Newington Forest,Week3,Parklawn,Week2,201.0 Newington Forest - 199.0 Parklawn
Mount Vernon Park,Week4,Hayfield Farm,Week1,261.0 Mount Vernon Park - 141.0 Hayfield Farm
Mount Vernon Park,Week4,Hayfield Farm,Week3,250.0 Mount Vernon Park - 152.0 Hayfield Farm
Mount Vernon Park,Week4,Hayfield Farm,Week5,268.0 Mount Vernon Park - 134.0 Hayfield Farm
Newington Forest,Week5,Parklawn,Week1,254.0 Newington Forest - 139.0 Parklawn
Newington Forest,Week2,Parklawn,Week2,209.0 Parklawn - 183.0 Newington Forest
Mosby Woods,Week5,Tuckahoe,Week2,283.0 Tuckahoe - 119.0 Mosby Woods
Mount Vernon Park,Week1,Herndon,Week5,352.0 Mount Vernon Park - 50.0 Herndon
Mount Vernon Park,Week5,Hayfield Farm,Week1,274.0 Mount Vernon Park - 128.0 Hayfield Farm
Mosby Woods,Week3,Tuckahoe,Week1,281.0 Tuckahoe - 121.0 Mosby Woods
Mosby Woods,Week2,Vienna Aquatic,Week2,225.0 Vienna Aquatic - 177.0 Mosby Woods
Mosby Woods,Week1,Stratford,Week1,302.0 Mosby Woods - 100.0 Stratford
Newington Forest,Week3,Parklawn,Week4,205.0 Newington Forest - 192.0 Parklawn
Mosby Woods,Week2,Vienna Aquatic,Week3,225.5 Vienna Aquatic - 176.5 Mosby Woods
Mount Vernon Park,Week2,Herndon,Week3,351.0 Mount Vernon Park - 51.0 Herndon
Mosby Woods,Week5,Springfield,Week5,390.0 Mosby Woods - 12.0 Springfield
Mount Vernon Park,Week1,Herndon,Week4,346.0 Mount Vernon Park - 56.0 Herndon
Mount Vernon Park,Week3,Hiddenbrook,Week3,290.0 Mount Vernon Park - 112.0 Hiddenbrook
Mosby Woods,Week2,Vienna Aquatic,Week5,258.0 Vienna Aquatic - 144.0 Mosby Woods
Mosby Woods,Week5,Tuckahoe,Week4,300.0 Tuckahoe - 102.0 Mosby Woods
Mount Vernon Park,Week5,Hayfield Farm,Week2,272.0 Mount Vernon Park - 130.0 Hayfield Farm
Mosby Woods,Week2,Vienna Aquatic,Week1,230.0 Vienna Aquatic - 172.0 Mosby Woods
Mount Vernon Park,Week4,Hayfield Farm,Week2,254.5 Mount Vernon Park - 147.5 Hayfield Farm
Mosby Woods,Week1,Vienna Aquatic,Week5,256.0 Vienna Aquatic - 146.0 Mosby Woods
Newington Forest,Week1,Parliament,Week4,275.0 Parliament - 127.0 Newington Forest
Mosby Woods,Week2,Stratford,Week1,299.0 Mosby Woods - 103.0 Stratford
Mosby Woods,Week1,Vienna Aquatic,Week4,234.0 Vienna Aquatic - 168.0 Mosby Woods
Mosby Woods,Week2,Stratford,Week3,301.5 Mosby Woods - 100.5 Stratford
Newington Forest,Week5,Parklawn,Week5,224.0 Newington Forest - 172.0 Parklawn
Newington Forest,Week1,Parliament,Week3,277.0 Parliament - 125.0 Newington Forest
Mount Vernon Park,Week1,Herndon,Week1,337.0 Mount Vernon Park - 65.0 Herndon
Mosby Woods,Week1,Stratford,Week5,294.0 Mosby Woods - 108.0 Stratford
Newington Forest,Week4,Parklawn,Week2,210.0 Newington Forest - 191.0 Parklawn
Newington Forest,Week1,Parliament,Week2,263.0 Parliament - 138.0 Newington Forest
Mount Vernon Park,Week2,Hiddenbrook,Week4,293.0 Mount Vernon Park - 109.0 Hiddenbrook
Mount Vernon Park,Week5,Hayfield Farm,Week3,265.0 Mount Vernon Park - 132.0 Hayfield Farm
Mount Vernon Park,Week4,Herndon,Week2,346.0 Mount Vernon Park - 56.0 Herndon
Newington Forest,Week3,Parklawn,Week3,214.5 Newington Forest - 186.5 Parklawn
Newington Forest,Week3,Parklawn,Week5,201.0 Newington Forest - 200.0 Parklawn
Mosby Woods,Week3,Vienna Aquatic,Week3,247.0 Vienna Aquatic - 155.0 Mosby Woods
Mosby Woods,Week1,Tuckahoe,Week4,301.0 Tuckahoe - 101.0 Mosby Woods
Newington Forest,Week4,Parklawn,Week4,205.0 Newington Forest - 195.0 Parklawn
Mosby Woods,Week1,Vienna Aquatic,Week3,227.0 Vienna Aquatic - 175.0 Mosby Woods
Mosby Woods,Week2,Vienna Aquatic,Week4,225.0 Vienna Aquatic - 177.0 Mosby Woods
Mosby Woods,Week5,Tuckahoe,Week3,302.0 Tuckahoe - 100.0 Mosby Woods
Mosby Woods,Week4,Stratford,Week3,284.0 Mosby Woods - 118.0 Stratford
Mosby Woods,Week3,Stratford,Week2,306.0 Mosby Woods - 96.0 Stratford
Mosby Woods,Week3,Vienna Aquatic,Week2,242.0 Vienna Aquatic - 160.0 Mosby Woods
Mosby Woods,Week2,Stratford,Week5,305.0 Mosby Woods - 97.0 Stratford
Mosby Woods,Week4,Vienna Aquatic,Week3,248.0 Vienna Aquatic - 154.0 Mosby Woods
Mount Vernon Park,Week4,Hiddenbrook,Week2,337.0 Mount Vernon Park - 65.0 Hiddenbrook
Mount Vernon Park,Week5,Hiddenbrook,Week1,298.0 Mount Vernon Park - 103.0 Hiddenbrook
Mosby Woods,Week3,Vienna Aquatic,Week5,266.5 Vienna Aquatic - 135.5 Mosby Woods
Mount Vernon Park,Week5,Herndon,Week4,357.0 Mount Vernon Park - 45.0 Herndon
Mosby Woods,Week4,Stratford,Week1,306.0 Mosby Woods - 94.0 Stratford
Mosby Woods,Week4,Vienna Aquatic,Week4,260.0 Vienna Aquatic - 142.0 Mosby Woods
Mosby Woods,Week4,Stratford,Week5,299.5 Mosby Woods - 102.5 Stratford
Mount Vernon Park,Week5,Herndon,Week5,362.0 Mount Vernon Park - 40.0 Herndon
Mount Vernon Park,Week4,Herndon,Week3,353.0 Mount Vernon Park - 49.0 Herndon
Mosby Woods,Week3,Stratford,Week4,290.0 Mosby Woods - 112.0 Stratford
Mosby Woods,Week1,Stratford,Week2,308.0 Mosby Woods - 94.0 Stratford
Mount Vernon Park,Week5,Hiddenbrook,Week4,296.0 Mount Vernon Park - 106.0 Hiddenbrook
Mosby Woods,Week1,Vienna Woods,Week5,254.0 Vienna Woods - 148.0 Mosby Woods
Mount Vernon Park,Week1,Hiddenbrook,Week1,287.0 Mount Vernon Park - 115.0 Hiddenbrook
Mosby Woods,Week5,Vienna Aquatic,Week1,223.5 Vienna Aquatic - 178.5 Mosby Woods
Mosby Woods,Week5,Vienna Aquatic,Week4,231.0 Vienna Aquatic - 171.0 Mosby Woods
Mosby Woods,Week1,Stratford,Week4,295.0 Mosby Woods - 107.0 Stratford
Mosby Woods,Week1,Vienna Woods,Week1,219.0 Vienna Woods - 183.0 Mosby Woods
Mosby Woods,Week1,Vienna Woods,Week2,214.0 Vienna Woods - 188.0 Mosby Woods
Mount Vernon Park,Week3,Herndon,Week5,353.0 Mount Vernon Park - 48.0 Herndon
Mosby Woods,Week5,Springfield,Week4,379.0 Mosby Woods - 23.0 Springfield
Mosby Woods,Week5,Vienna Aquatic,Week2,234.0 Vienna Aquatic - 168.0 Mosby Woods
Mount Vernon Park,Week5,Herndon,Week3,357.0 Mount Vernon Park - 44.0 Herndon
Mount Vernon Park,Week4,Herndon,Week4,353.0 Mount Vernon Park - 49.0 Herndon
Mosby Woods,Week5,Stratford,Week1,315.0 Mosby Woods - 87.0 Stratford
Mosby Woods,Week1,Stratford,Week3,304.0 Mosby Woods - 98.0 Stratford
Mosby Woods,Week4,Vienna Aquatic,Week5,285.5 Vienna Aquatic - 116.5 Mosby Woods
Mount Vernon Park,Week2,Hiddenbrook,Week1,287.5 Mount Vernon Park - 114.5 Hiddenbrook
Mount Vernon Park,Week5,Herndon,Week1,355.5 Mount Vernon Park - 45.5 Herndon
Mosby Woods,Week4,Vienna Aquatic,Week2,254.0 Vienna Aquatic - 148.0 Mosby Woods
Mosby Woods,Week5,Stratford,Week2,313.0 Mosby Woods - 89.0 Stratford
Mount Vernon Park,Week4,Herndon,Week5,357.0 Mount Vernon Park - 45.0 Herndon
Mosby Woods,Week3,Stratford,Week3,295.0 Mosby Woods - 107.0 Stratford
Mount Vernon Park,Week1,Hiddenbrook,Week2,332.0 Mount Vernon Park - 65.0 Hiddenbrook
Mount Vernon Park,Week5,Herndon,Week2,351.0 Mount Vernon Park - 51.0 Herndon
Mosby Woods,Week2,Stratford,Week2,315.0 Mosby Woods - 87.0 Stratford
Mosby Woods,Week4,Vienna Aquatic,Week1,246.5 Vienna Aquatic - 155.5 Mosby Woods
Mosby Woods,Week5,Vienna Aquatic,Week5,262.0 Vienna Aquatic - 140.0 Mosby Woods
Mosby Woods,Week5,Stratford,Week4,292.0 Mosby Woods - 110.0 Stratford
Mosby Woods,Week5,Vienna Aquatic,Week3,246.0 Vienna Aquatic - 156.0 Mosby Woods
Mosby Woods,Week1,Vienna Woods,Week3,236.0 Vienna Woods - 166.0 Mosby Woods
Mosby Woods,Week5,Stratford,Week3,305.0 Mosby Woods - 97.0 Stratford
Mosby Woods,Week3,Stratford,Week5,299.0 Mosby Woods - 103.0 Stratford
Mount Vernon Park,Week4,Herndon,Week1,347.5 Mount Vernon Park - 54.5 Herndon
Mount Vernon Park,Week1,Hiddenbrook,Week3,287.0 Mount Vernon Park - 115.0 Hiddenbrook
Mosby Woods,Week2,Vienna Woods,Week1,235.0 Vienna Woods - 167.0 Mosby Woods
Mount Vernon Park,Week1,Hiddenbrook,Week4,291.0 Mount Vernon Park - 106.0 Hiddenbrook
Mosby Woods,Week1,Vienna Woods,Week4,202.0 Vienna Woods - 200.0 Mosby Woods
Mosby Woods,Week2,Stratford,Week4,293.0 Mosby Woods - 109.0 Stratford
Mosby Woods,Week4,Stratford,Week2,300.0 Mosby Woods - 102.0 Stratford
Mount Vernon Park,Week1,Hiddenbrook,Week5,276.0 Mount Vernon Park - 126.0 Hiddenbrook
Mount Vernon Park,Week3,Village West,Week1,324.0 Mount Vernon Park - 78.0 Village West
Mount Vernon Park,Week1,Virginia Hills,Week1,362.0 Mount Vernon Park - 40.0 Virginia Hills
Mount Vernon Park,Week4,Hiddenbrook,Week1,289.0 Mount Vernon Park - 113.0 Hiddenbrook
Mosby Woods,Week3,Stratford,Week1,296.0 Mosby Woods - 106.0 Stratford
Mount Vernon Park,Week5,Hiddenbrook,Week2,342.0 Mount Vernon Park - 54.0 Hiddenbrook
Mount Vernon Park,Week5,High Point Pool,Week4,239.0 Mount Vernon Park - 163.0 High Point Pool
Mount Vernon Park,Week3,Hiddenbrook,Week4,293.0 Mount Vernon Park - 109.0 Hiddenbrook
Mount Vernon Park,Week2,Hiddenbrook,Week2,324.0 Mount Vernon Park - 78.0 Hiddenbrook
Mount Vernon Park,Week1,Village West,Week5,308.5 Mount Vernon Park - 93.5 Village West
Mount Vernon Park,Week1,Village West,Week1,317.0 Mount Vernon Park - 85.0 Village West
Mount Vernon Park,Week2,Hiddenbrook,Week3,281.0 Mount Vernon Park - 121.0 Hiddenbrook
Mount Vernon Park,Week5,Hiddenbrook,Week5,289.5 Mount Vernon Park - 112.5 Hiddenbrook
Mount Vernon Park,Week5,Village West,Week1,331.5 Mount Vernon Park - 69.5 Village West
Mount Vernon Park,Week3,Hiddenbrook,Week2,332.5 Mount Vernon Park - 68.5 Hiddenbrook
Mount Vernon Park,Week1,Village West,Week2,317.0 Mount Vernon Park - 85.0 Village West
Mount Vernon Park,Week4,Villa Aquatic,Week4,256.0 Mount Vernon Park - 146.0 Villa Aquatic
Mount Vernon Park,Week2,Village West,Week1,310.0 Mount Vernon Park - 92.0 Village West
Mount Vernon Park,Week2,High Point Pool,Week5,221.0 Mount Vernon Park - 181.0 High Point Pool
Mount Vernon Park,Week3,Hiddenbrook,Week5,289.0 Mount Vernon Park - 113.0 Hiddenbrook
Mosby Woods,Week4,Stratford,Week4,282.0 Mosby Woods - 120.0 Stratford
Mount Vernon Park,Week1,Highland Park,Week2,266.0 Mount Vernon Park - 136.0 Highland Park
Mount Vernon Park,Week4,High Point Pool,Week2,203.0 Mount Vernon Park - 199.0 High Point Pool
Mount Vernon Park,Week3,Hiddenbrook,Week1,286.0 Mount Vernon Park - 115.0 Hiddenbrook
Mount Vernon Park,Week4,High Point Pool,Week1,210.0 Mount Vernon Park - 192.0 High Point Pool
Mount Vernon Park,Week2,Hiddenbrook,Week5,265.0 Mount Vernon Park - 137.0 Hiddenbrook
Mount Vernon Park,Week3,Villa Aquatic,Week5,251.0 Mount Vernon Park - 151.0 Villa Aquatic
Mount Vernon Park,Week1,High Point Pool,Week1,205.0 Mount Vernon Park - 197.0 High Point Pool
Mount Vernon Park,Week1,High Point Pool,Week2,204.0 Mount Vernon Park - 198.0 High Point Pool
Mount Vernon Park,Week4,Hiddenbrook,Week5,272.0 Mount Vernon Park - 130.0 Hiddenbrook
Mount Vernon Park,Week5,Villa Aquatic,Week3,248.0 Mount Vernon Park - 154.0 Villa Aquatic
Mount Vernon Park,Week4,Villa Aquatic,Week3,230.0 Mount Vernon Park - 172.0 Villa Aquatic
Mount Vernon Park,Week4,High Point Pool,Week3,217.0 Mount Vernon Park - 185.0 High Point Pool
Mount Vernon Park,Week4,High Point Pool,Week4,214.5 Mount Vernon Park - 187.5 High Point Pool
Mount Vernon Park,Week2,Village West,Week5,296.0 Mount Vernon Park - 106.0 Village West
Mount Vernon Park,Week4,Hiddenbrook,Week4,287.0 Mount Vernon Park - 115.0 Hiddenbrook
Mount Vernon Park,Week3,High Point Pool,Week3,226.0 Mount Vernon Park - 176.0 High Point Pool
Mount Vernon Park,Week1,Virginia Hills,Week3,367.0 Mount Vernon Park - 35.0 Virginia Hills
Mount Vernon Park,Week5,Villa Aquatic,Week4,266.0 Mount Vernon Park - 136.0 Villa Aquatic
Mount Vernon Park,Week5,High Point Pool,Week1,249.0 Mount Vernon Park - 153.0 High Point Pool
Mount Vernon Park,Week4,Hiddenbrook,Week3,277.0 Mount Vernon Park - 125.0 Hiddenbrook
Mount Vernon Park,Week3,High Point Pool,Week1,226.0 Mount Vernon Park - 176.0 High Point Pool
Mount Vernon Park,Week1,Highland Park,Week3,272.0 Mount Vernon Park - 130.0 Highland Park
Mount Vernon Park,Week5,Hiddenbrook,Week3,305.0 Mount Vernon Park - 97.0 Hiddenbrook
Mount Vernon Park,Week3,Village West,Week5,310.0 Mount Vernon Park - 92.0 Village West
Mount Vernon Park,Week5,High Point Pool,Week3,244.0 Mount Vernon Park - 158.0 High Point Pool
Mount Vernon Park,Week4,Villa Aquatic,Week2,262.0 Mount Vernon Park - 140.0 Villa Aquatic
Mount Vernon Park,Week5,Villa Aquatic,Week5,256.0 Mount Vernon Park - 146.0 Villa Aquatic
Mount Vernon Park,Week3,High Point Pool,Week5,225.0 Mount Vernon Park - 177.0 High Point Pool
Mount Vernon Park,Week3,High Point Pool,Week4,222.5 Mount Vernon Park - 179.5 High Point Pool
Mount Vernon Park,Week1,High Point Pool,Week3,215.0 Mount Vernon Park - 187.0 High Point Pool
Mount Vernon Park,Week5,High Point Pool,Week5,246.0 Mount Vernon Park - 156.0 High Point Pool
Mount Vernon Park,Week5,Highland Park,Week3,275.0 Mount Vernon Park - 127.0 Highland Park
Mount Vernon Park,Week3,High Point Pool,Week2,218.0 Mount Vernon Park - 184.0 High Point Pool
Mount Vernon Park,Week1,Village West,Week3,301.0 Mount Vernon Park - 101.0 Village West
Mount Vernon Park,Week4,Village West,Week4,316.0 Mount Vernon Park - 81.0 Village West
Mount Vernon Park,Week5,High Point Pool,Week2,226.0 Mount Vernon Park - 176.0 High Point Pool
Mount Vernon Park,Week2,High Point Pool,Week1,213.0 Mount Vernon Park - 189.0 High Point Pool
Mount Vernon Park,Week1,Village West,Week4,312.0 Mount Vernon Park - 85.0 Village West
Mount Vernon Park,Week4,Villa Aquatic,Week5,245.0 Mount Vernon Park - 157.0 Villa Aquatic
Mount Vernon Park,Week1,High Point Pool,Week4,204.0 Mount Vernon Park - 198.0 High Point Pool
Mount Vernon Park,Week3,Village West,Week3,300.0 Mount Vernon Park - 102.0 Village West
Mount Vernon Park,Week4,Village West,Week3,303.0 Mount Vernon Park - 99.0 Village West
Mount Vernon Park,Week2,High Point Pool,Week3,225.5 Mount Vernon Park - 176.5 High Point Pool
Mount Vernon Park,Week5,Villa Aquatic,Week2,282.0 Mount Vernon Park - 120.0 Villa Aquatic
Mount Vernon Park,Week4,Villa Aquatic,Week1,260.0 Mount Vernon Park - 142.0 Villa Aquatic
Mount Vernon Park,Week1,High Point Pool,Week5,219.0 Mount Vernon Park - 183.0 High Point Pool
Mount Vernon Park,Week2,High Point Pool,Week2,201.0 High Point Pool - 201.0 Mount Vernon Park
Mount Vernon Park,Week5,Villa Aquatic,Week1,279.0 Mount Vernon Park - 123.0 Villa Aquatic
Mount Vernon Park,Week4,High Point Pool,Week5,218.0 Mount Vernon Park - 184.0 High Point Pool
Mount Vernon Park,Week4,Village West,Week1,318.0 Mount Vernon Park - 84.0 Village West
Mount Vernon Park,Week3,Village West,Week2,322.0 Mount Vernon Park - 80.0 Village West
Mount Vernon Park,Week3,Villa Aquatic,Week4,262.0 Mount Vernon Park - 140.0 Villa Aquatic
Mount Vernon Park,Week2,Village West,Week2,312.0 Mount Vernon Park - 90.0 Village West
Mount Vernon Park,Week1,Highland Park,Week1,260.0 Mount Vernon Park - 142.0 Highland Park
Mount Vernon Park,Week2,Village West,Week4,304.0 Mount Vernon Park - 93.0 Village West
Mount Vernon Park,Week2,High Point Pool,Week4,221.5 Mount Vernon Park - 180.5 High Point Pool
Mount Vernon Park,Week2,Village West,Week3,304.0 Mount Vernon Park - 98.0 Village West
Mount Vernon Park,Week5,Highland Park,Week5,265.0 Mount Vernon Park - 137.0 Highland Park
Mount Vernon Park,Week2,Virginia Hills,Week5,365.0 Mount Vernon Park - 37.0 Virginia Hills
Mount Vernon Park,Week5,Village West,Week5,326.0 Mount Vernon Park - 75.0 Village West
Mount Vernon Park,Week3,Highland Park,Week1,258.5 Mount Vernon Park - 143.5 Highland Park
Mount Vernon Park,Week2,Highland Park,Week3,253.0 Mount Vernon Park - 149.0 Highland Park
Mount Vernon Park,Week2,Highland Park,Week1,247.0 Mount Vernon Park - 155.0 Highland Park
Mount Vernon Park,Week5,Village West,Week4,322.0 Mount Vernon Park - 74.0 Village West
Mount Vernon Park,Week4,Highland Park,Week2,263.0 Mount Vernon Park - 139.0 Highland Park
Mount Vernon Park,Week2,Highland Park,Week5,253.0 Mount Vernon Park - 149.0 Highland Park
Mount Vernon Park,Week4,Village West,Week2,319.0 Mount Vernon Park - 83.0 Village West
Mount Vernon Park,Week2,Virginia Hills,Week3,379.0 Mount Vernon Park - 23.0 Virginia Hills
Mount Vernon Park,Week3,Highland Park,Week5,257.0 Mount Vernon Park - 145.0 Highland Park
Mount Vernon Park,Week3,Highland Park,Week4,267.0 Mount Vernon Park - 135.0 Highland Park
Mount Vernon Park,Week3,Virginia Hills,Week1,369.0 Mount Vernon Park - 32.0 Virginia Hills
Mount Vernon Park,Week5,Village West,Week2,332.0 Mount Vernon Park - 69.0 Village West
Mount Vernon Park,Week3,Village West,Week4,321.0 Mount Vernon Park - 76.0 Village West
Mount Vernon Park,Week5,Highland Park,Week4,272.0 Mount Vernon Park - 130.0 Highland Park
Mount Vernon Park,Week4,Highland Park,Week1,246.0 Mount Vernon Park - 156.0 Highland Park
Mount Vernon Park,Week4,Highland Park,Week3,262.0 Mount Vernon Park - 140.0 Highland Park
Mount Vernon Park,Week4,Village West,Week5,307.0 Mount Vernon Park - 95.0 Village West
Mount Vernon Park,Week1,Virginia Hills,Week2,373.0 Mount Vernon Park - 29.0 Virginia Hills
Mount Vernon Park,Week5,Village West,Week3,311.0 Mount Vernon Park - 91.0 Village West
Mount Vernon Park,Week1,Highlands Swim,Week1,236.0 Highlands Swim - 166.0 Mount Vernon Park
Mount Vernon Park,Week5,Virginia Hills,Week1,367.0 Mount Vernon Park - 34.0 Virginia Hills
Mount Vernon Park,Week1,Highland Park,Week5,254.0 Mount Vernon Park - 148.0 Highland Park
Mount Vernon Park,Week3,Highland Park,Week2,276.0 Mount Vernon Park - 126.0 Highland Park
Mount Vernon Park,Week4,Virginia Hills,Week2,371.0 Mount Vernon Park - 31.0 Virginia Hills
Mount Vernon Park,Week4,Highland Park,Week5,258.0 Mount Vernon Park - 144.0 Highland Park
Mount Vernon Park,Week4,Virginia Hills,Week5,366.0 Mount Vernon Park - 36.0 Virginia Hills
Mount Vernon Park,Week2,Highland Park,Week2,259.0 Mount Vernon Park - 143.0 Highland Park
Mount Vernon Park,Week4,Virginia Hills,Week4,372.0 Mount Vernon Park - 30.0 Virginia Hills
Mount Vernon Park,Week4,Highland Park,Week4,257.0 Mount Vernon Park - 145.0 Highland Park
Mount Vernon Park,Week1,Virginia Run,Week5,229.0 Mount Vernon Park - 173.0 Virginia Run
Newington Forest,Week3,Hiddenbrook,Week5,258.0 Hiddenbrook - 144.0 Newington Forest
Mount Vernon Park,Week2,Highland Park,Week4,256.0 Mount Vernon Park - 146.0 Highland Park
Mount Vernon Park,Week1,Virginia Hills,Week4,366.0 Mount Vernon Park - 36.0 Virginia Hills
Mount Vernon Park,Week4,Virginia Hills,Week1,374.0 Mount Vernon Park - 28.0 Virginia Hills
Mount Vernon Park,Week1,Highland Park,Week4,252.0 Mount Vernon Park - 150.0 Highland Park
Newington Forest,Week2,Herndon,Week4,238.0 Newington Forest - 160.0 Herndon
Mount Vernon Park,Week2,Virginia Hills,Week4,368.0 Mount Vernon Park - 34.0 Virginia Hills
Mount Vernon Park,Week5,Highland Park,Week2,274.0 Mount Vernon Park - 128.0 Highland Park
Mount Vernon Park,Week3,Virginia Hills,Week5,362.0 Mount Vernon Park - 36.0 Virginia Hills
Newington Forest,Week3,Herndon,Week3,250.0 Newington Forest - 152.0 Herndon
Newington Forest,Week4,Herndon,Week2,255.0 Newington Forest - 147.0 Herndon
Mount Vernon Park,Week1,Virginia Run,Week1,233.0 Mount Vernon Park - 169.0 Virginia Run
Mount Vernon Park,Week5,Virginia Hills,Week3,376.0 Mount Vernon Park - 26.0 Virginia Hills
Mosby Woods,Week5,South Run,Week1,250.0 Mosby Woods - 143.0 South Run
Newington Forest,Week5,Herndon,Week1,258.0 Newington Forest - 143.0 Herndon
Mount Vernon Park,Week5,Virginia Hills,Week2,370.0 Mount Vernon Park - 31.0 Virginia Hills
Mount Vernon Park,Week4,Virginia Hills,Week3,376.0 Mount Vernon Park - 26.0 Virginia Hills
Mount Vernon Park,Week2,Virginia Hills,Week1,371.0 Mount Vernon Park - 31.0 Virginia Hills
Mount Vernon Park,Week2,Virginia Hills,Week2,373.0 Mount Vernon Park - 29.0 Virginia Hills
Newington Forest,Week2,Hiddenbrook,Week5,253.0 Hiddenbrook - 147.0 Newington Forest
Newington Forest,Week3,Hiddenbrook,Week2,210.0 Newington Forest - 191.0 Hiddenbrook
Mount Vernon Park,Week1,Virginia Hills,Week5,350.0 Mount Vernon Park - 52.0 Virginia Hills
Newington Forest,Week1,Hiddenbrook,Week5,258.0 Hiddenbrook - 143.0 Newington Forest
Mount Vernon Park,Week1,Virginia Run,Week2,255.5 Mount Vernon Park - 146.5 Virginia Run
Mount Vernon Park,Week4,Virginia Run,Week2,254.0 Mount Vernon Park - 148.0 Virginia Run
Newington Forest,Week2,Herndon,Week5,241.0 Newington Forest - 156.0 Herndon
Mount Vernon Park,Week3,Virginia Hills,Week2,368.0 Mount Vernon Park - 33.0 Virginia Hills
Mount Vernon Park,Week3,Highland Park,Week3,271.0 Mount Vernon Park - 131.0 Highland Park
Newington Forest,Week5,Herndon,Week4,264.0 Newington Forest - 138.0 Herndon
Mount Vernon Park,Week5,Virginia Hills,Week4,373.0 Mount Vernon Park - 28.0 Virginia Hills
Mount Vernon Park,Week5,Virginia Hills,Week5,363.0 Mount Vernon Park - 39.0 Virginia Hills
Mount Vernon Park,Week3,Virginia Hills,Week4,373.0 Mount Vernon Park - 28.0 Virginia Hills
Mount Vernon Park,Week3,Virginia Hills,Week3,374.0 Mount Vernon Park - 28.0 Virginia Hills
Mount Vernon Park,Week5,Highland Park,Week1,265.5 Mount Vernon Park - 136.5 Highland Park
Newington Forest,Week4,Hiddenbrook,Week1,225.0 Hiddenbrook - 177.0 Newington Forest
Newington Forest,Week5,Herndon,Week2,253.0 Newington Forest - 149.0 Herndon
Newington Forest,Week5,Herndon,Week5,270.0 Newington Forest - 132.0 Herndon
Mount Vernon Park,Week5,Virginia Run,Week2,272.0 Mount Vernon Park - 130.0 Virginia Run
Mount Vernon Park,Week3,Virginia Run,Week3,263.0 Mount Vernon Park - 139.0 Virginia Run
Newington Forest,Week4,Hiddenbrook,Week4,223.0 Hiddenbrook - 179.0 Newington Forest
Newington Forest,Week2,Hiddenbrook,Week3,229.0 Hiddenbrook - 173.0 Newington Forest
Newington Forest,Week4,Herndon,Week5,267.0 Newington Forest - 135.0 Herndon
Mount Vernon Park,Week4,Virginia Run,Week5,226.0 Mount Vernon Park - 176.0 Virginia Run
Newington Forest,Week1,Hiddenbrook,Week1,238.0 Hiddenbrook - 159.0 Newington Forest
Mount Vernon Park,Week2,Virginia Run,Week5,223.0 Mount Vernon Park - 179.0 Virginia Run
Mount Vernon Park,Week2,Wakefield Chapel,Week3,230.0 Wakefield Chapel - 172.0 Mount Vernon Park
Mount Vernon Park,Week3,Virginia Run,Week2,269.0 Mount Vernon Park - 133.0 Virginia Run
Mount Vernon Park,Week2,Virginia Run,Week4,226.0 Mount Vernon Park - 176.0 Virginia Run
Newington Forest,Week3,Herndon,Week2,255.0 Newington Forest - 147.0 Herndon
Mount Vernon Park,Week2,Virginia Run,Week2,249.0 Mount Vernon Park - 153.0 Virginia Run
Newington Forest,Week4,Hiddenbrook,Week3,225.0 Hiddenbrook - 172.0 Newington Forest
Mount Vernon Park,Week2,Virginia Run,Week1,217.0 Mount Vernon Park - 185.0 Virginia Run
Newington Forest,Week3,Herndon,Week4,255.0 Newington Forest - 147.0 Herndon
Newington Forest,Week1,High Point Pool,Week1,299.0 High Point Pool - 103.0 Newington Forest
Newington Forest,Week2,Hiddenbrook,Week1,232.0 Hiddenbrook - 162.0 Newington Forest
Mount Vernon Park,Week1,Wakefield Chapel,Week1,244.0 Wakefield Chapel - 158.0 Mount Vernon Park
Mount Vernon Park,Week3,Virginia Run,Week4,251.0 Mount Vernon Park - 151.0 Virginia Run
Mount Vernon Park,Week2,Virginia Run,Week3,247.0 Mount Vernon Park - 155.0 Virginia Run
Newington Forest,Week2,Hiddenbrook,Week2,205.0 Newington Forest - 191.0 Hiddenbrook
Newington Forest,Week4,Herndon,Week3,266.0 Newington Forest - 130.0 Herndon
Mount Vernon Park,Week4,Virginia Run,Week4,238.0 Mount Vernon Park - 164.0 Virginia Run
Mount Vernon Park,Week1,Virginia Run,Week4,239.5 Mount Vernon Park - 162.5 Virginia Run
Newington Forest,Week3,Herndon,Week5,259.0 Newington Forest - 143.0 Herndon
Newington Forest,Week3,Herndon,Week1,246.0 Newington Forest - 156.0 Herndon
Mount Vernon Park,Week2,Wakefield Chapel,Week1,240.0 Wakefield Chapel - 162.0 Mount Vernon Park
Mount Vernon Park,Week3,Virginia Run,Week5,244.0 Mount Vernon Park - 158.0 Virginia Run
Newington Forest,Week5,Herndon,Week3,279.0 Newington Forest - 123.0 Herndon
Mount Vernon Park,Week5,Virginia Run,Week1,253.0 Mount Vernon Park - 149.0 Virginia Run
Newington Forest,Week4,Herndon,Week1,254.0 Newington Forest - 144.0 Herndon
Mount Vernon Park,Week4,Crosspointe,Week4,229.0 Crosspointe - 173.0 Mount Vernon Park
Newington Forest,Week1,Hiddenbrook,Week2,198.0 Hiddenbrook - 197.0 Newington Forest
Mount Vernon Park,Week3,Virginia Run,Week1,243.0 Mount Vernon Park - 159.0 Virginia Run
Mount Vernon Park,Week1,Wakefield Chapel,Week4,222.0 Wakefield Chapel - 180.0 Mount Vernon Park
Mount Vernon Park,Week1,Virginia Run,Week3,251.0 Mount Vernon Park - 151.0 Virginia Run
Mount Vernon Park,Week5,Virginia Run,Week3,263.5 Mount Vernon Park - 138.5 Virginia Run
Mount Vernon Park,Week1,Wakefield Chapel,Week3,223.0 Wakefield Chapel - 179.0 Mount Vernon Park
Mount Vernon Park,Week3,Crosspointe,Week1,226.0 Crosspointe - 176.0 Mount Vernon Park
Mount Vernon Park,Week4,Country Club Hills,Week4,289.0 Mount Vernon Park - 113.0 Country Club Hills
Newington Forest,Week3,Hiddenbrook,Week4,230.0 Hiddenbrook - 172.0 Newington Forest
Newington Forest,Week3,Hiddenbrook,Week1,234.0 Hiddenbrook - 168.0 Newington Forest
Newington Forest,Week1,Hiddenbrook,Week4,242.0 Hiddenbrook - 159.0 Newington Forest
Newington Forest,Week1,Hiddenbrook,Week3,238.0 Hiddenbrook - 164.0 Newington Forest
Newington Forest,Week2,Hiddenbrook,Week4,242.0 Hiddenbrook - 159.0 Newington Forest
Mount Vernon Park,Week4,Virginia Run,Week1,228.0 Mount Vernon Park - 174.0 Virginia Run
Mount Vernon Park,Week5,Virginia Run,Week5,252.0 Mount Vernon Park - 150.0 Virginia Run
Newington Forest,Week4,Herndon,Week4,261.0 Newington Forest - 141.0 Herndon
Mount Vernon Park,Week4,Crosspointe,Week1,232.0 Crosspointe - 170.0 Mount Vernon Park
Mount Vernon Park,Week4,Virginia Run,Week3,249.0 Mount Vernon Park - 153.0 Virginia Run
Mount Vernon Park,Week1,Wakefield Chapel,Week2,237.0 Wakefield Chapel - 165.0 Mount Vernon Park
Mount Vernon Park,Week1,Crosspointe,Week5,241.0 Crosspointe - 161.0 Mount Vernon Park
Mount Vernon Park,Week5,Country Club Hills,Week5,288.0 Mount Vernon Park - 114.0 Country Club Hills
Mount Vernon Park,Week2,Wakefield Chapel,Week2,217.0 Wakefield Chapel - 185.0 Mount Vernon Park
Mount Vernon Park,Week5,Country Club Hills,Week1,287.0 Mount Vernon Park - 115.0 Country Club Hills
Mount Vernon Park,Week1,Daventry,Week1,323.0 Mount Vernon Park - 79.0 Daventry
Mount Vernon Park,Week5,Country Club Hills,Week3,296.0 Mount Vernon Park - 106.0 Country Club Hills
Newington Forest,Week5,Hiddenbrook,Week3,214.0 Hiddenbrook - 188.0 Newington Forest
Newington Forest,Week3,Hiddenbrook,Week3,238.5 Hiddenbrook - 163.5 Newington Forest
Mount Vernon Park,Week1,Crosspointe,Week2,217.5 Crosspointe - 184.5 Mount Vernon Park
Mount Vernon Park,Week3,Walden Glen,Week4,281.0 Mount Vernon Park - 121.0 Walden Glen
Mount Vernon Park,Week1,Crosspointe,Week1,227.0 Crosspointe - 175.0 Mount Vernon Park
Mount Vernon Park,Week5,Crosspointe,Week3,201.0 Crosspointe - 196.0 Mount Vernon Park
Mount Vernon Park,Week1,Walden Glen,Week4,287.0 Mount Vernon Park - 115.0 Walden Glen
Newington Forest,Week4,Hiddenbrook,Week5,244.0 Hiddenbrook - 158.0 Newington Forest
Newington Forest,Week2,High Point Pool,Week2,318.0 High Point Pool - 83.0 Newington Forest
Newington Forest,Week5,Hiddenbrook,Week5,226.5 Hiddenbrook - 175.5 Newington Forest
Newington Forest,Week4,High Point Pool,Week3,298.0 High Point Pool - 104.0 Newington Forest
Mount Vernon Park,Week3,Wakefield Chapel,Week1,224.0 Wakefield Chapel - 173.0 Mount Vernon Park
Mount Vernon Park,Week5,Virginia Run,Week4,259.0 Mount Vernon Park - 143.0 Virginia Run
Mount Vernon Park,Week2,Crosspointe,Week4,227.0 Crosspointe - 175.0 Mount Vernon Park
Newington Forest,Week3,High Point Pool,Week4,301.0 High Point Pool - 101.0 Newington Forest
Mount Vernon Park,Week4,Wakefield Chapel,Week3,218.0 Wakefield Chapel - 184.0 Mount Vernon Park
Newington Forest,Week3,High Point Pool,Week3,297.0 High Point Pool - 105.0 Newington Forest
Newington Forest,Week4,Hiddenbrook,Week2,220.0 Newington Forest - 181.0 Hiddenbrook
Mount Vernon Park,Week2,Crosspointe,Week1,221.0 Crosspointe - 181.0 Mount Vernon Park
Newington Forest,Week5,Hiddenbrook,Week1,204.0 Newington Forest - 198.0 Hiddenbrook
Mount Vernon Park,Week1,Crosspointe,Week4,229.5 Crosspointe - 172.5 Mount Vernon Park
Mount Vernon Park,Week3,Wakefield Chapel,Week2,216.5 Wakefield Chapel - 185.5 Mount Vernon Park
Mount Vernon Park,Week1,Wakefield Chapel,Week5,243.0 Wakefield Chapel - 159.0 Mount Vernon Park
Mount Vernon Park,Week2,Walden Glen,Week2,299.0 Mount Vernon Park - 103.0 Walden Glen
Newington Forest,Week5,Hiddenbrook,Week4,220.0 Hiddenbrook - 182.0 Newington Forest
Mount Vernon Park,Week3,Walden Glen,Week3,313.0 Mount Vernon Park - 89.0 Walden Glen
Mount Vernon Park,Week2,Walden Glen,Week4,272.0 Mount Vernon Park - 130.0 Walden Glen
Mount Vernon Park,Week4,Country Club Hills,Week5,275.0 Mount Vernon Park - 127.0 Country Club Hills
Mount Vernon Park,Week1,Daventry,Week3,334.0 Mount Vernon Park - 68.0 Daventry
Mount Vernon Park,Week5,Country Club Hills,Week4,302.0 Mount Vernon Park - 100.0 Country Club Hills
Mount Vernon Park,Week1,Walden Glen,Week3,310.0 Mount Vernon Park - 92.0 Walden Glen
Mount Vernon Park,Week1,Crosspointe,Week3,231.0 Crosspointe - 171.0 Mount Vernon Park
Mount Vernon Park,Week5,Country Club Hills,Week2,300.0 Mount Vernon Park - 102.0 Country Club Hills
Newington Forest,Week1,High Point Pool,Week5,304.0 High Point Pool - 97.0 Newington Forest
Newington Forest,Week4,High Point Pool,Week4,291.0 High Point Pool - 111.0 Newington Forest
Mount Vernon Park,Week2,Wakefield Chapel,Week4,206.0 Wakefield Chapel - 196.0 Mount Vernon Park
Newington Forest,Week5,Hiddenbrook,Week2,228.0 Newington Forest - 174.0 Hiddenbrook
Mount Vernon Park,Week4,Walden Glen,Week1,313.0 Mount Vernon Park - 89.0 Walden Glen
Newington Forest,Week1,High Point Pool,Week4,307.0 High Point Pool - 95.0 Newington Forest
Mount Vernon Park,Week3,Wakefield Chapel,Week4,205.0 Wakefield Chapel - 197.0 Mount Vernon Park
Mount Vernon Park,Week3,Crosspointe,Week2,201.0 Crosspointe - 201.0 Mount Vernon Park
Mount Vernon Park,Week4,Wakefield Chapel,Week2,220.5 Wakefield Chapel - 181.5 Mount Vernon Park
Mount Vernon Park,Week5,Crosspointe,Week1,201.0 Crosspointe - 201.0 Mount Vernon Park
Mount Vernon Park,Week1,Walden Glen,Week2,298.0 Mount Vernon Park - 104.0 Walden Glen
Mount Vernon Park,Week3,Wakefield Chapel,Week3,216.0 Wakefield Chapel - 186.0 Mount Vernon Park
Newington Forest,Week4,High Point Pool,Week5,290.0 High Point Pool - 112.0 Newington Forest
Newington Forest,Week3,High Point Pool,Week1,294.0 High Point Pool - 108.0 Newington Forest
Mount Vernon Park,Week2,Crosspointe,Week3,227.0 Crosspointe - 175.0 Mount Vernon Park
Newington Forest,Week3,High Point Pool,Week2,308.0 High Point Pool - 94.0 Newington Forest
Newington Forest,Week2,High Point Pool,Week5,304.0 High Point Pool - 96.0 Newington Forest
Newington Forest,Week3,High Point Pool,Week5,295.0 High Point Pool - 107.0 Newington Forest
Mount Vernon Park,Week2,Wakefield Chapel,Week5,246.0 Wakefield Chapel - 156.0 Mount Vernon Park
Newington Forest,Week2,High Point Pool,Week1,303.0 High Point Pool - 99.0 Newington Forest
Newington Forest,Week1,High Point Pool,Week2,314.0 High Point Pool - 87.0 Newington Forest
Mount Vernon Park,Week3,Crosspointe,Week4,212.0 Crosspointe - 190.0 Mount Vernon Park
Mount Vernon Park,Week2,Crosspointe,Week2,211.0 Crosspointe - 191.0 Mount Vernon Park
Mount Vernon Park,Week5,Wakefield Chapel,Week3,213.0 Wakefield Chapel - 189.0 Mount Vernon Park
Mount Vernon Park,Week3,Crosspointe,Week5,232.0 Crosspointe - 170.0 Mount Vernon Park
Mount Vernon Park,Week3,Crosspointe,Week3,206.0 Crosspointe - 196.0 Mount Vernon Park
Newington Forest,Week2,High Point Pool,Week4,308.0 High Point Pool - 93.0 Newington Forest
Newington Forest,Week1,High Point Pool,Week3,309.0 High Point Pool - 92.0 Newington Forest
Mount Vernon Park,Week4,Crosspointe,Week2,213.0 Crosspointe - 189.0 Mount Vernon Park
Mount Vernon Park,Week2,Crosspointe,Week5,255.0 Crosspointe - 147.0 Mount Vernon Park
Mount Vernon Park,Week4,Wakefield Chapel,Week1,232.0 Wakefield Chapel - 170.0 Mount Vernon Park
Mount Vernon Park,Week1,Walden Glen,Week5,268.0 Mount Vernon Park - 134.0 Walden Glen
Newington Forest,Week2,High Point Pool,Week3,304.5 High Point Pool - 97.5 Newington Forest
Mount Vernon Park,Week5,Wakefield Chapel,Week4,203.0 Mount Vernon Park - 199.0 Wakefield Chapel
Mount Vernon Park,Week4,Crosspointe,Week5,246.0 Crosspointe - 156.0 Mount Vernon Park
Mount Vernon Park,Week5,Wakefield Chapel,Week2,205.0 Mount Vernon Park - 197.0 Wakefield Chapel
Mount Vernon Park,Week4,Crosspointe,Week3,218.0 Crosspointe - 184.0 Mount Vernon Park
Mount Vernon Park,Week4,Wakefield Chapel,Week5,250.0 Wakefield Chapel - 152.0 Mount Vernon Park
Mount Vernon Park,Week4,Wakefield Chapel,Week4,217.0 Wakefield Chapel - 185.0 Mount Vernon Park
Newington Forest,Week1,Highland Park,Week3,278.0 Highland Park - 123.0 Newington Forest
Mount Vernon Park,Week1,Daventry,Week2,329.0 Mount Vernon Park - 72.0 Daventry
Newington Forest,Week5,High Point Pool,Week2,299.0 High Point Pool - 103.0 Newington Forest
Mount Vernon Park,Week1,Walden Glen,Week1,317.0 Mount Vernon Park - 85.0 Walden Glen
Mount Vernon Park,Week2,Walden Glen,Week1,318.0 Mount Vernon Park - 84.0 Walden Glen
Newington Forest,Week5,High Point Pool,Week1,275.0 High Point Pool - 127.0 Newington Forest
Mount Vernon Park,Week5,Wakefield Chapel,Week1,215.0 Wakefield Chapel - 187.0 Mount Vernon Park
Mount Vernon Park,Week2,Walden Glen,Week5,260.5 Mount Vernon Park - 141.5 Walden Glen
Newington Forest,Week4,High Point Pool,Week1,292.0 High Point Pool - 110.0 Newington Forest
Newington Forest,Week2,Highland Park,Week1,302.0 Highland Park - 99.0 Newington Forest
Newington Forest,Week4,Highland Park,Week2,270.0 Highland Park - 132.0 Newington Forest
Mount Vernon Park,Week5,Wakefield Chapel,Week5,222.0 Wakefield Chapel - 180.0 Mount Vernon Park
Mount Vernon Park,Week5,Crosspointe,Week2,221.0 Mount Vernon Park - 181.0 Crosspointe
Mount Vernon Park,Week2,Walden Glen,Week3,301.0 Mount Vernon Park - 101.0 Walden Glen
Mount Vernon Park,Week5,Crosspointe,Week4,202.0 Mount Vernon Park - 200.0 Crosspointe
Mount Vernon Park,Week3,Daventry,Week3,338.0 Mount Vernon Park - 63.0 Daventry
Mount Vernon Park,Week1,Dominion Hills,Week1,278.0 Mount Vernon Park - 124.0 Dominion Hills
Mount Vernon Park,Week2,Dominion Hills,Week1,277.5 Mount Vernon Park - 124.5 Dominion Hills
Newington Forest,Week4,High Point Pool,Week2,307.0 High Point Pool - 95.0 Newington Forest
Mount Vernon Park,Week3,Wakefield Chapel,Week5,224.0 Wakefield Chapel - 178.0 Mount Vernon Park
Newington Forest,Week5,Highland Park,Week1,277.0 Highland Park - 125.0 Newington Forest
Mount Vernon Park,Week5,Crosspointe,Week5,227.0 Crosspointe - 175.0 Mount Vernon Park
Mount Vernon Park,Week1,Daventry,Week4,333.0 Mount Vernon Park - 69.0 Daventry
Newington Forest,Week1,Highlands Swim,Week3,359.0 Highlands Swim - 43.0 Newington Forest
Mount Vernon Park,Week1,Dominion Hills,Week4,250.0 Mount Vernon Park - 152.0 Dominion Hills
Newington Forest,Week5,High Point Pool,Week4,273.0 High Point Pool - 129.0 Newington Forest
Mount Vernon Park,Week3,Walden Glen,Week1,310.0 Mount Vernon Park - 92.0 Walden Glen
Mount Vernon Park,Week3,Daventry,Week2,336.0 Mount Vernon Park - 66.0 Daventry
Mount Vernon Park,Week2,Sleepy Hollow Rec,Week3,300.0 Mount Vernon Park - 102.0 Sleepy Hollow Rec
Newington Forest,Week1,Highland Park,Week4,299.0 Highland Park - 103.0 Newington Forest
Mount Vernon Park,Week3,Sleepy Hollow Rec,Week1,310.0 Mount Vernon Park - 92.0 Sleepy Hollow Rec
Newington Forest,Week2,Highland Park,Week5,289.0 Highland Park - 112.0 Newington Forest
Mount Vernon Park,Week5,Sleepy Hollow Rec,Week1,314.0 Mount Vernon Park - 88.0 Sleepy Hollow Rec
Mount Vernon Park,Week5,Sleepy Hollow Rec,Week4,330.0 Mount Vernon Park - 72.0 Sleepy Hollow Rec
Newington Forest,Week3,Highland Park,Week1,297.0 Highland Park - 105.0 Newington Forest
Mount Vernon Park,Week5,Daventry,Week1,339.0 Mount Vernon Park - 63.0 Daventry
Mount Vernon Park,Week2,Daventry,Week2,345.0 Mount Vernon Park - 57.0 Daventry
Mount Vernon Park,Week4,Daventry,Week1,334.0 Mount Vernon Park - 68.0 Daventry
Mount Vernon Park,Week3,Daventry,Week4,343.0 Mount Vernon Park - 59.0 Daventry
Mount Vernon Park,Week5,Daventry,Week3,340.0 Mount Vernon Park - 56.0 Daventry
Newington Forest,Week1,Highland Park,Week5,298.0 Highland Park - 103.0 Newington Forest
Mount Vernon Park,Week5,Sleepy Hollow Rec,Week3,310.0 Mount Vernon Park - 92.0 Sleepy Hollow Rec
Mount Vernon Park,Week3,Daventry,Week5,317.0 Mount Vernon Park - 85.0 Daventry
Mount Vernon Park,Week4,Daventry,Week3,337.0 Mount Vernon Park - 65.0 Daventry
Mount Vernon Park,Week1,Dominion Hills,Week5,237.0 Mount Vernon Park - 165.0 Dominion Hills
Mount Vernon Park,Week3,Somerset-Olde Creek,Week5,331.0 Mount Vernon Park - 71.0 Somerset-Olde Creek
Newington Forest,Week5,High Point Pool,Week5,272.0 High Point Pool - 130.0 Newington Forest
Newington Forest,Week4,Highland Park,Week5,270.0 Highland Park - 132.0 Newington Forest
Newington Forest,Week3,Highlands Swim,Week2,370.0 Highlands Swim - 32.0 Newington Forest
Newington Forest,Week3,Highland Park,Week4,287.0 Highland Park - 115.0 Newington Forest
Mount Vernon Park,Week3,Daventry,Week1,335.0 Mount Vernon Park - 67.0 Daventry
Newington Forest,Week4,Highland Park,Week4,285.0 Highland Park - 117.0 Newington Forest
Mount Vernon Park,Week4,Daventry,Week4,343.0 Mount Vernon Park - 59.0 Daventry
Newington Forest,Week3,Highland Park,Week3,266.0 Highland Park - 136.0 Newington Forest
Newington Forest,Week3,Highland Park,Week2,284.0 Highland Park - 118.0 Newington Forest
Mount Vernon Park,Week2,Sleepy Hollow Rec,Week1,295.0 Mount Vernon Park - 107.0 Sleepy Hollow Rec
Mount Vernon Park,Week4,Sleepy Hollow Rec,Week1,311.0 Mount Vernon Park - 91.0 Sleepy Hollow Rec
Mount Vernon Park,Week3,Walden Glen,Week5,263.0 Mount Vernon Park - 139.0 Walden Glen
Mount Vernon Park,Week2,Sleepy Hollow Rec,Week5,304.0 Mount Vernon Park - 98.0 Sleepy Hollow Rec
Newington Forest,Week2,Highlands Swim,Week2,360.0 Highlands Swim - 42.0 Newington Forest
Mount Vernon Park,Week3,Sleepy Hollow Rec,Week3,305.0 Mount Vernon Park - 97.0 Sleepy Hollow Rec
Mount Vernon Park,Week2,Sleepy Hollow Rec,Week2,314.0 Mount Vernon Park - 88.0 Sleepy Hollow Rec
Newington Forest,Week4,Highlands Swim,Week1,357.5 Highlands Swim - 44.5 Newington Forest
Mount Vernon Park,Week4,Daventry,Week5,308.0 Mount Vernon Park - 94.0 Daventry
Mount Vernon Park,Week3,Walden Glen,Week2,298.0 Mount Vernon Park - 104.0 Walden Glen
Mount Vernon Park,Week1,Dominion Hills,Week2,265.0 Mount Vernon Park - 137.0 Dominion Hills
Mount Vernon Park,Week4,Sleepy Hollow Rec,Week5,320.0 Mount Vernon Park - 82.0 Sleepy Hollow Rec
Mount Vernon Park,Week2,Daventry,Week3,339.0 Mount Vernon Park - 62.0 Daventry
Newington Forest,Week2,Highland Park,Week3,271.0 Highland Park - 130.0 Newington Forest
Mount Vernon Park,Week2,Sleepy Hollow Rec,Week4,314.0 Mount Vernon Park - 88.0 Sleepy Hollow Rec
Newington Forest,Week2,Highland Park,Week4,293.0 Highland Park - 109.0 Newington Forest
Newington Forest,Week1,Highland Park,Week2,292.0 Highland Park - 110.0 Newington Forest
Mount Vernon Park,Week2,Somerset-Olde Creek,Week2,355.0 Mount Vernon Park - 47.0 Somerset-Olde Creek
Mount Vernon Park,Week2,Daventry,Week5,311.0 Mount Vernon Park - 91.0 Daventry
Mount Vernon Park,Week1,Daventry,Week5,301.0 Mount Vernon Park - 96.0 Daventry
Newington Forest,Week5,High Point Pool,Week3,273.0 High Point Pool - 129.0 Newington Forest
Mount Vernon Park,Week4,Sleepy Hollow Rec,Week4,333.0 Mount Vernon Park - 69.0 Sleepy Hollow Rec
Mount Vernon Park,Week1,Somerset-Olde Creek,Week5,317.0 Mount Vernon Park - 85.0 Somerset-Olde Creek
Mount Vernon Park,Week2,Somerset-Olde Creek,Week3,357.0 Mount Vernon Park - 45.0 Somerset-Olde Creek
Mount Vernon Park,Week5,Daventry,Week2,338.0 Mount Vernon Park - 60.0 Daventry
Mount Vernon Park,Week5,Daventry,Week5,317.0 Mount Vernon Park - 84.0 Daventry
Newington Forest,Week1,Highland Park,Week1,308.0 Highland Park - 93.0 Newington Forest
Newington Forest,Week5,Highland Park,Week2,273.5 Highland Park - 128.5 Newington Forest
Newington Forest,Week4,Highland Park,Week1,298.0 Highland Park - 104.0 Newington Forest
Newington Forest,Week4,Highland Park,Week3,264.0 Highland Park - 133.0 Newington Forest
Mount Vernon Park,Week4,Daventry,Week2,329.0 Mount Vernon Park - 73.0 Daventry
Mount Vernon Park,Week3,Somerset-Olde Creek,Week4,345.0 Mount Vernon Park - 57.0 Somerset-Olde Creek
Newington Forest,Week3,Highland Park,Week5,289.0 Highland Park - 113.0 Newington Forest
Newington Forest,Week5,Highland Park,Week3,260.0 Highland Park - 137.0 Newington Forest
Mount Vernon Park,Week2,Daventry,Week4,338.0 Mount Vernon Park - 64.0 Daventry
Mount Vernon Park,Week5,Somerset-Olde Creek,Week3,353.0 Mount Vernon Park - 48.0 Somerset-Olde Creek
Mount Vernon Park,Week2,Daventry,Week1,335.0 Mount Vernon Park - 67.0 Daventry
Newington Forest,Week2,Highland Park,Week2,300.0 Highland Park - 102.0 Newington Forest
Mount Vernon Park,Week1,Dominion Hills,Week3,278.0 Mount Vernon Park - 124.0 Dominion Hills
Mount Vernon Park,Week4,Somerset-Olde Creek,Week4,345.0 Mount Vernon Park - 57.0 Somerset-Olde Creek
Mount Vernon Park,Week2,Dominion Hills,Week2,257.0 Mount Vernon Park - 145.0 Dominion Hills
Mount Vernon Park,Week3,Sleepy Hollow Rec,Week4,326.0 Mount Vernon Park - 76.0 Sleepy Hollow Rec
Mount Vernon Park,Week3,Somerset-Olde Creek,Week1,341.0 Mount Vernon Park - 56.0 Somerset-Olde Creek
Mount Vernon Park,Week5,Daventry,Week4,348.0 Mount Vernon Park - 53.0 Daventry
Newington Forest,Week5,Highland Park,Week4,270.0 Highland Park - 132.0 Newington Forest
Mount Vernon Park,Week2,Donaldson Run,Week1,226.0 Donaldson Run - 176.0 Mount Vernon Park
Mount Vernon Park,Week3,Dominion Hills,Week5,232.5 Mount Vernon Park - 169.5 Dominion Hills
Mount Vernon Park,Week4,Sleepy Hollow Rec,Week2,318.0 Mount Vernon Park - 84.0 Sleepy Hollow Rec
Newington Forest,Week5,Highland Park,Week5,273.0 Highland Park - 129.0 Newington Forest
Newington Forest,Week1,Highlands Swim,Week4,345.0 Highlands Swim - 57.0 Newington Forest
Mount Vernon Park,Week3,Sleepy Hollow Rec,Week5,313.0 Mount Vernon Park - 89.0 Sleepy Hollow Rec
Newington Forest,Week1,Highlands Swim,Week5,353.0 Highlands Swim - 49.0 Newington Forest
Mount Vernon Park,Week5,Sleepy Hollow Rec,Week5,327.0 Mount Vernon Park - 75.0 Sleepy Hollow Rec
Newington Forest,Week1,Highlands Swim,Week1,358.0 Highlands Swim - 44.0 Newington Forest
Newington Forest,Week1,Highlands Swim,Week2,362.0 Highlands Swim - 40.0 Newington Forest
Mount Vernon Park,Week1,Somerset-Olde Creek,Week1,336.0 Mount Vernon Park - 66.0 Somerset-Olde Creek
Mount Vernon Park,Week4,Sleepy Hollow Rec,Week3,309.0 Mount Vernon Park - 93.0 Sleepy Hollow Rec
Mount Vernon Park,Week5,Dominion Hills,Week5,244.0 Mount Vernon Park - 158.0 Dominion Hills
Mount Vernon Park,Week3,Sleepy Hollow Rec,Week2,321.0 Mount Vernon Park - 81.0 Sleepy Hollow Rec
Mount Vernon Park,Week5,Sleepy Hollow Rec,Week2,314.0 Mount Vernon Park - 88.0 Sleepy Hollow Rec
Newington Forest,Week2,Highlands Swim,Week3,345.0 Highlands Swim - 57.0 Newington Forest
Mount Vernon Park,Week4,Dominion Hills,Week1,264.0 Mount Vernon Park - 138.0 Dominion Hills
Mount Vernon Park,Week4,Dominion Hills,Week3,267.0 Mount Vernon Park - 135.0 Dominion Hills
Mount Vernon Park,Week3,Dominion Hills,Week2,261.0 Mount Vernon Park - 141.0 Dominion Hills
Mount Vernon Park,Week4,Donaldson Run,Week1,227.0 Donaldson Run - 175.0 Mount Vernon Park
Mount Vernon Park,Week1,Sleepy Hollow Rec,Week5,301.0 Mount Vernon Park - 101.0 Sleepy Hollow Rec
Newington Forest,Week2,Highlands Swim,Week1,357.0 Highlands Swim - 45.0 Newington Forest
Mount Vernon Park,Week1,Donaldson Run,Week2,207.0 Donaldson Run - 195.0 Mount Vernon Park
Mount Vernon Park,Week1,Somerset-Olde Creek,Week4,336.0 Mount Vernon Park - 66.0 Somerset-Olde Creek
Newington Forest,Week2,Highlands Swim,Week4,342.0 Highlands Swim - 60.0 Newington Forest
Mount Vernon Park,Week1,Donaldson Run,Week1,209.0 Donaldson Run - 193.0 Mount Vernon Park
Newington Forest,Week5,Highlands Swim,Week3,341.0 Highlands Swim - 61.0 Newington Forest
Mosby Woods,Week5,Springboard,Week2,345.0 Mosby Woods - 57.0 Springboard
Mount Vernon Park,Week2,Somerset-Olde Creek,Week4,348.0 Mount Vernon Park - 54.0 Somerset-Olde Creek
Mount Vernon Park,Week4,Somerset-Olde Creek,Week3,348.0 Mount Vernon Park - 54.0 Somerset-Olde Creek
Newington Forest,Week5,Highlands Swim,Week1,342.0 Highlands Swim - 60.0 Newington Forest
Newington Forest,Week3,Highlands Swim,Week1,362.0 Highlands Swim - 40.0 Newington Forest
Mosby Woods,Week3,Springboard,Week4,301.0 Mosby Woods - 101.0 Springboard
Mount Vernon Park,Week2,Somerset-Olde Creek,Week1,349.0 Mount Vernon Park - 53.0 Somerset-Olde Creek
Mount Vernon Park,Week3,Dominion Hills,Week4,251.0 Mount Vernon Park - 151.0 Dominion Hills
Mount Vernon Park,Week4,Dominion Hills,Week4,239.0 Mount Vernon Park - 163.0 Dominion Hills
Mosby Woods,Week1,Springboard,Week1,317.0 Mosby Woods - 85.0 Springboard
Mount Vernon Park,Week2,Donaldson Run,Week5,255.0 Donaldson Run - 147.0 Mount Vernon Park
Mosby Woods,Week1,Springboard,Week5,309.0 Mosby Woods - 93.0 Springboard
Mosby Woods,Week5,South Run,Week3,271.0 Mosby Woods - 131.0 South Run
Mount Vernon Park,Week1,Somerset-Olde Creek,Week3,337.0 Mount Vernon Park - 65.0 Somerset-Olde Creek
Newington Forest,Week5,Highlands Swim,Week2,351.0 Highlands Swim - 51.0 Newington Forest
Mosby Woods,Week2,Springboard,Week5,320.0 Mosby Woods - 82.0 Springboard
Newington Forest,Week3,Highlands Swim,Week4,348.5 Highlands Swim - 53.5 Newington Forest
Mount Vernon Park,Week4,Somerset-Olde Creek,Week2,356.0 Mount Vernon Park - 46.0 Somerset-Olde Creek
Mount Vernon Park,Week3,Donaldson Run,Week3,209.0 Donaldson Run - 193.0 Mount Vernon Park
Newington Forest,Week3,Highlands Swim,Week3,359.0 Highlands Swim - 43.0 Newington Forest
Mount Vernon Park,Week4,Dominion Hills,Week2,251.0 Mount Vernon Park - 151.0 Dominion Hills
Mosby Woods,Week5,South Run,Week4,274.0 Mosby Woods - 128.0 South Run
Mount Vernon Park,Week2,Dominion Hills,Week5,230.0 Mount Vernon Park - 172.0 Dominion Hills
Mount Vernon Park,Week3,Somerset-Olde Creek,Week3,346.0 Mount Vernon Park - 55.0 Somerset-Olde Creek
Mosby Woods,Week5,Springboard,Week1,329.0 Mosby Woods - 73.0 Springboard
Mount Vernon Park,Week2,Dominion Hills,Week3,266.0 Mount Vernon Park - 136.0 Dominion Hills
Mount Vernon Park,Week1,Somerset-Olde Creek,Week2,340.0 Mount Vernon Park - 62.0 Somerset-Olde Creek
Newington Forest,Week2,Highlands Swim,Week5,343.0 Highlands Swim - 59.0 Newington Forest
Newington Forest,Week5,Highlands Swim,Week4,333.0 Highlands Swim - 69.0 Newington Forest
Mount Vernon Park,Week2,Dominion Hills,Week4,246.0 Mount Vernon Park - 156.0 Dominion Hills
Mount Vernon Park,Week3,Somerset-Olde Creek,Week2,353.0 Mount Vernon Park - 49.0 Somerset-Olde Creek
Newington Forest,Week1,Hollin Hills,Week1,233.0 Newington Forest - 165.0 Hollin Hills
Mount Vernon Park,Week1,Donaldson Run,Week3,209.0 Donaldson Run - 193.0 Mount Vernon Park
Mosby Woods,Week2,Springboard,Week3,316.0 Mosby Woods - 86.0 Springboard
Mount Vernon Park,Week5,Dominion Hills,Week2,270.0 Mount Vernon Park - 132.0 Dominion Hills
Newington Forest,Week3,Highlands Swim,Week5,351.0 Highlands Swim - 51.0 Newington Forest
Mosby Woods,Week5,South Run,Week5,254.0 Mosby Woods - 148.0 South Run
Mount Vernon Park,Week4,Somerset-Olde Creek,Week1,343.0 Mount Vernon Park - 59.0 Somerset-Olde Creek
Mount Vernon Park,Week2,Somerset-Olde Creek,Week5,340.0 Mount Vernon Park - 62.0 Somerset-Olde Creek
Mosby Woods,Week2,Springboard,Week4,302.0 Mosby Woods - 100.0 Springboard
Mount Vernon Park,Week5,Somerset-Olde Creek,Week1,341.0 Mount Vernon Park - 60.0 Somerset-Olde Creek
Mount Vernon Park,Week1,South Run,Week4,279.5 Mount Vernon Park - 117.5 South Run
Mount Vernon Park,Week4,Somerset-Olde Creek,Week5,332.0 Mount Vernon Park - 70.0 Somerset-Olde Creek
Mount Vernon Park,Week2,South Run,Week1,245.0 Mount Vernon Park - 148.0 South Run
Mount Vernon Park,Week1,Donaldson Run,Week4,223.0 Donaldson Run - 179.0 Mount Vernon Park
Mosby Woods,Week1,Springboard,Week3,318.0 Mosby Woods - 84.0 Springboard
Newington Forest,Week2,Hollin Hills,Week4,233.0 Newington Forest - 160.0 Hollin Hills
Mount Vernon Park,Week5,Dominion Hills,Week3,296.0 Mount Vernon Park - 106.0 Dominion Hills
Newington Forest,Week2,Hollin Hills,Week5,209.0 Newington Forest - 191.0 Hollin Hills
Newington Forest,Week2,Hollin Hills,Week3,208.0 Hollin Hills - 192.0 Newington Forest
Newington Forest,Week1,Hollin Hills,Week2,221.0 Newington Forest - 175.0 Hollin Hills
Mount Vernon Park,Week3,Dominion Hills,Week1,273.0 Mount Vernon Park - 129.0 Dominion Hills
Mosby Woods,Week3,Springboard,Week5,312.0 Mosby Woods - 89.0 Springboard
Mosby Woods,Week4,Springboard,Week1,317.0 Mosby Woods - 85.0 Springboard
Mosby Woods,Week3,Springboard,Week2,339.0 Mosby Woods - 57.0 Springboard
Newington Forest,Week1,Hollin Hills,Week3,202.0 Newington Forest - 198.0 Hollin Hills
Mount Vernon Park,Week2,South Run,Week3,264.0 Mount Vernon Park - 138.0 South Run
Mosby Woods,Week3,Springboard,Week1,319.5 Mosby Woods - 81.5 Springboard
Mosby Woods,Week1,Springboard,Week2,337.0 Mosby Woods - 65.0 Springboard
Mosby Woods,Week1,Springboard,Week4,304.0 Mosby Woods - 98.0 Springboard
Newington Forest,Week4,Highlands Swim,Week4,347.0 Highlands Swim - 55.0 Newington Forest
Mount Vernon Park,Week5,Dominion Hills,Week4,264.5 Mount Vernon Park - 137.5 Dominion Hills
Mount Vernon Park,Week5,Dominion Hills,Week1,279.5 Mount Vernon Park - 122.5 Dominion Hills
Mount Vernon Park,Week3,Dominion Hills,Week3,279.0 Mount Vernon Park - 123.0 Dominion Hills
Newington Forest,Week2,Hollin Hills,Week2,221.0 Newington Forest - 175.0 Hollin Hills
Mount Vernon Park,Week5,Somerset-Olde Creek,Week4,346.0 Mount Vernon Park - 55.0 Somerset-Olde Creek
Mount Vernon Park,Week1,Donaldson Run,Week5,238.5 Donaldson Run - 163.5 Mount Vernon Park
Mosby Woods,Week2,Springboard,Week1,325.0 Mosby Woods - 77.0 Springboard
Mount Vernon Park,Week5,Somerset-Olde Creek,Week2,352.0 Mount Vernon Park - 49.0 Somerset-Olde Creek
Newington Forest,Week1,Hollin Hills,Week4,223.0 Newington Forest - 171.0 Hollin Hills
Mount Vernon Park,Week4,Dominion Hills,Week5,221.0 Mount Vernon Park - 181.0 Dominion Hills
Mount Vernon Park,Week2,South Run,Week4,282.0 Mount Vernon Park - 120.0 South Run
Mount Vernon Park,Week2,South Run,Week5,255.0 Mount Vernon Park - 147.0 South Run
Mount Vernon Park,Week3,South Run,Week4,292.0 Mount Vernon Park - 110.0 South Run
Mosby Woods,Week5,South Run,Week2,280.0 Mosby Woods - 122.0 South Run
Mosby Woods,Week4,Springboard,Week4,301.0 Mosby Woods - 101.0 Springboard
Newington Forest,Week3,Hollin Hills,Week1,248.0 Newington Forest - 150.0 Hollin Hills
Mount Vernon Park,Week2,Donaldson Run,Week3,216.0 Donaldson Run - 186.0 Mount Vernon Park
Newington Forest,Week4,Highlands Swim,Week5,346.5 Highlands Swim - 55.5 Newington Forest
Newington Forest,Week4,Highlands Swim,Week3,357.0 Highlands Swim - 45.0 Newington Forest
Mount Vernon Park,Week3,South Run,Week1,267.0 Mount Vernon Park - 126.0 South Run
Mosby Woods,Week4,Springboard,Week3,312.0 Mosby Woods - 90.0 Springboard
Mount Vernon Park,Week2,Donaldson Run,Week4,232.0 Donaldson Run - 170.0 Mount Vernon Park
Mosby Woods,Week3,Springboard,Week3,320.0 Mosby Woods - 81.0 Springboard
Newington Forest,Week1,Hollin Hills,Week5,212.0 Newington Forest - 187.0 Hollin Hills
Mount Vernon Park,Week3,Donaldson Run,Week2,213.0 Mount Vernon Park - 189.0 Donaldson Run
Mount Vernon Park,Week3,Donaldson Run,Week4,205.5 Donaldson Run - 196.5 Mount Vernon Park
Mount Vernon Park,Week1,South Run,Week1,240.0 Mount Vernon Park - 153.0 South Run
Newington Forest,Week5,Highlands Swim,Week5,342.0 Highlands Swim - 60.0 Newington Forest
Mosby Woods,Week4,Springboard,Week2,334.0 Mosby Woods - 68.0 Springboard
Mount Vernon Park,Week1,South Run,Week3,270.0 Mount Vernon Park - 132.0 South Run
Mount Vernon Park,Week2,Donaldson Run,Week2,219.0 Donaldson Run - 183.0 Mount Vernon Park
Mount Vernon Park,Week3,South Run,Week2,283.0 Mount Vernon Park - 114.0 South Run
Mount Vernon Park,Week3,Donaldson Run,Week1,204.0 Donaldson Run - 198.0 Mount Vernon Park
Mosby Woods,Week2,Springboard,Week2,348.0 Mosby Woods - 54.0 Springboard
Newington Forest,Week4,Highlands Swim,Week2,365.0 Highlands Swim - 37.0 Newington Forest
Mount Vernon Park,Week5,South Run,Week5,271.0 Mount Vernon Park - 131.0 South Run
Mosby Woods,Week4,Springboard,Week5,308.0 Mosby Woods - 93.0 Springboard
Mount Vernon Park,Week4,South Run,Week2,255.0 Mount Vernon Park - 147.0 South Run
Mount Vernon Park,Week1,South Run,Week5,260.0 Mount Vernon Park - 142.0 South Run
Newington Forest,Week3,Hollin Meadows,Week2,267.0 Hollin Meadows - 135.0 Newington Forest
Mount Vernon Park,Week1,Dowden Terrace,Week4,229.0 Mount Vernon Park - 173.0 Dowden Terrace
Mount Vernon Park,Week4,Donaldson Run,Week3,228.0 Donaldson Run - 174.0 Mount Vernon Park
Newington Forest,Week1,Hollin Meadows,Week1,290.0 Hollin Meadows - 110.0 Newington Forest
Mount Vernon Park,Week3,South Run,Week3,279.0 Mount Vernon Park - 123.0 South Run
Newington Forest,Week5,Hollin Hills,Week1,254.0 Newington Forest - 147.0 Hollin Hills
Mount Vernon Park,Week4,Dowden Terrace,Week4,227.5 Mount Vernon Park - 174.5 Dowden Terrace
Mount Vernon Park,Week4,Dowden Terrace,Week5,210.0 Mount Vernon Park - 192.0 Dowden Terrace
Newington Forest,Week3,Hollin Meadows,Week3,298.0 Hollin Meadows - 104.0 Newington Forest
Mount Vernon Park,Week3,Donaldson Run,Week5,217.0 Donaldson Run - 185.0 Mount Vernon Park
Mount Vernon Park,Week1,Dowden Terrace,Week3,244.0 Mount Vernon Park - 158.0 Dowden Terrace
Mount Vernon Park,Week4,South Run,Week1,240.0 Mount Vernon Park - 153.0 South Run
Newington Forest,Week3,Hollin Meadows,Week1,290.0 Hollin Meadows - 111.0 Newington Forest
Mount Vernon Park,Week2,South Run,Week2,258.0 Mount Vernon Park - 144.0 South Run
Mount Vernon Park,Week4,Donaldson Run,Week5,254.0 Donaldson Run - 148.0 Mount Vernon Park
Mount Vernon Park,Week1,Springboard,Week5,320.0 Mount Vernon Park - 81.0 Springboard
Newington Forest,Week2,Hollin Hills,Week1,228.5 Newington Forest - 168.5 Hollin Hills
Mount Vernon Park,Week3,South Run,Week5,258.0 Mount Vernon Park - 144.0 South Run
Mount Vernon Park,Week4,Springboard,Week5,310.0 Mount Vernon Park - 92.0 Springboard
Mount Vernon Park,Week3,Springboard,Week2,353.0 Mount Vernon Park - 49.0 Springboard
Newington Forest,Week1,Hollin Meadows,Week2,276.0 Hollin Meadows - 126.0 Newington Forest
Newington Forest,Week4,Hollin Meadows,Week4,281.0 Hollin Meadows - 121.0 Newington Forest
Mount Vernon Park,Week1,South Run,Week2,269.0 Mount Vernon Park - 133.0 South Run
Newington Forest,Week4,Hollin Hills,Week4,242.0 Newington Forest - 158.0 Hollin Hills
Mount Vernon Park,Week5,Somerset-Olde Creek,Week5,338.0 Mount Vernon Park - 63.0 Somerset-Olde Creek
Mount Vernon Park,Week3,Dowden Terrace,Week5,205.0 Mount Vernon Park - 197.0 Dowden Terrace
Newington Forest,Week3,Hollin Hills,Week4,233.0 Newington Forest - 165.0 Hollin Hills
Mount Vernon Park,Week5,Dowden Terrace,Week1,266.5 Mount Vernon Park - 131.5 Dowden Terrace
Newington Forest,Week5,Hollin Hills,Week5,235.0 Newington Forest - 167.0 Hollin Hills
Newington Forest,Week5,Hollin Meadows,Week1,247.0 Hollin Meadows - 155.0 Newington Forest
Mount Vernon Park,Week3,Dowden Terrace,Week2,254.0 Mount Vernon Park - 148.0 Dowden Terrace
Mount Vernon Park,Week5,Donaldson Run,Week1,212.0 Mount Vernon Park - 190.0 Donaldson Run
Mosby Woods,Week4,South Run,Week4,266.0 Mosby Woods - 136.0 South Run
Mount Vernon Park,Week2,Springboard,Week5,316.0 Mount Vernon Park - 86.0 Springboard
Newington Forest,Week4,Hollin Hills,Week2,248.0 Newington Forest - 152.0 Hollin Hills
Mount Vernon Park,Week4,South Run,Week3,271.0 Mount Vernon Park - 131.0 South Run
Mount Vernon Park,Week4,Donaldson Run,Week2,225.0 Donaldson Run - 177.0 Mount Vernon Park
Newington Forest,Week2,Hollin Meadows,Week5,297.0 Hollin Meadows - 105.0 Newington Forest
Mount Vernon Park,Week5,Donaldson Run,Week3,209.0 Mount Vernon Park - 193.0 Donaldson Run
Mount Vernon Park,Week1,Dowden Terrace,Week5,202.0 Mount Vernon Park - 200.0 Dowden Terrace
Mount Vernon Park,Week1,Springboard,Week1,330.0 Mount Vernon Park - 71.0 Springboard
Mount Vernon Park,Week3,Dowden Terrace,Week3,255.0 Mount Vernon Park - 147.0 Dowden Terrace
Mount Vernon Park,Week2,Dowden Terrace,Week2,241.0 Mount Vernon Park - 161.0 Dowden Terrace
Mount Vernon Park,Week3,Dowden Terrace,Week1,248.0 Mount Vernon Park - 154.0 Dowden Terrace
Mount Vernon Park,Week2,Springboard,Week3,335.0 Mount Vernon Park - 67.0 Springboard
Mount Vernon Park,Week2,Dowden Terrace,Week3,243.0 Mount Vernon Park - 159.0 Dowden Terrace
Newington Forest,Week5,Hollin Hills,Week2,259.0 Newington Forest - 142.0 Hollin Hills
Mount Vernon Park,Week4,Springboard,Week3,329.0 Mount Vernon Park - 73.0 Springboard
Newington Forest,Week5,Hollin Hills,Week4,261.0 Newington Forest - 140.0 Hollin Hills
Mount Vernon Park,Week3,Dowden Terrace,Week4,237.0 Mount Vernon Park - 165.0 Dowden Terrace
Mount Vernon Park,Week1,Springfield,Week3,373.0 Mount Vernon Park - 27.0 Springfield
Mosby Woods,Week4,South Run,Week5,232.0 Mosby Woods - 170.0 South Run
Newington Forest,Week4,Hollin Hills,Week1,247.0 Newington Forest - 154.0 Hollin Hills
Mount Vernon Park,Week1,Springfield,Week5,379.0 Mount Vernon Park - 15.0 Springfield
Mount Vernon Park,Week2,Dowden Terrace,Week5,211.5 Mount Vernon Park - 190.5 Dowden Terrace
Newington Forest,Week3,Hollin Hills,Week2,231.0 Newington Forest - 166.0 Hollin Hills
Mount Vernon Park,Week1,Dowden Terrace,Week1,244.0 Mount Vernon Park - 157.0 Dowden Terrace
Mount Vernon Park,Week4,Dowden Terrace,Week3,249.5 Mount Vernon Park - 152.5 Dowden Terrace
Mount Vernon Park,Week2,Springboard,Week1,334.5 Mount Vernon Park - 67.5 Springboard
Newington Forest,Week1,Hollin Meadows,Week5,298.0 Hollin Meadows - 104.0 Newington Forest
Newington Forest,Week2,Hollin Meadows,Week3,295.0 Hollin Meadows - 106.0 Newington Forest
Mount Vernon Park,Week2,Springfield,Week2,383.0 Mount Vernon Park - 19.0 Springfield
Mount Vernon Park,Week4,Dowden Terrace,Week1,249.0 Mount Vernon Park - 153.0 Dowden Terrace
Mount Vernon Park,Week5,Springboard,Week1,334.0 Mount Vernon Park - 64.0 Springboard
Mount Vernon Park,Week4,Springboard,Week1,322.0 Mount Vernon Park - 80.0 Springboard
Mount Vernon Park,Week5,South Run,Week1,275.0 Mount Vernon Park - 117.0 South Run
Newington Forest,Week4,Hollin Hills,Week3,235.0 Newington Forest - 167.0 Hollin Hills
Mount Vernon Park,Week2,Dowden Terrace,Week4,229.0 Mount Vernon Park - 173.0 Dowden Terrace
Newington Forest,Week3,Hollin Hills,Week5,225.0 Newington Forest - 174.0 Hollin Hills
Newington Forest,Week1,Hollin Meadows,Week3,296.0 Hollin Meadows - 105.0 Newington Forest
Mount Vernon Park,Week5,South Run,Week2,293.0 Mount Vernon Park - 108.0 South Run
Newington Forest,Week4,Hollin Hills,Week5,231.0 Newington Forest - 169.0 Hollin Hills
Newington Forest,Week3,Hollin Hills,Week3,207.0 Newington Forest - 194.0 Hollin Hills
Newington Forest,Week1,Hollin Meadows,Week4,301.0 Hollin Meadows - 101.0 Newington Forest
Newington Forest,Week3,Hollin Meadows,Week4,297.0 Hollin Meadows - 105.0 Newington Forest
Mount Vernon Park,Week4,Donaldson Run,Week4,235.0 Donaldson Run - 167.0 Mount Vernon Park
Mount Vernon Park,Week5,South Run,Week4,301.0 Mount Vernon Park - 100.0 South Run
Mount Vernon Park,Week3,Springboard,Week4,306.0 Mount Vernon Park - 96.0 Springboard
Mount Vernon Park,Week3,Springboard,Week5,318.0 Mount Vernon Park - 84.0 Springboard
Newington Forest,Week5,Hollin Hills,Week3,245.0 Newington Forest - 157.0 Hollin Hills
Mount Vernon Park,Week4,Dowden Terrace,Week2,247.0 Mount Vernon Park - 155.0 Dowden Terrace
Mount Vernon Park,Week2,Springboard,Week2,355.0 Mount Vernon Park - 47.0 Springboard
Mount Vernon Park,Week5,Donaldson Run,Week2,229.0 Mount Vernon Park - 173.0 Donaldson Run
Newington Forest,Week2,Hollin Meadows,Week1,278.0 Hollin Meadows - 122.0 Newington Forest
Mount Vernon Park,Week4,South Run,Week5,247.0 Mount Vernon Park - 155.0 South Run
Mount Vernon Park,Week5,Donaldson Run,Week4,204.0 Donaldson Run - 198.0 Mount Vernon Park
Mount Vernon Park,Week5,Donaldson Run,Week5,219.0 Donaldson Run - 183.0 Mount Vernon Park
Mount Vernon Park,Week1,Springboard,Week2,352.0 Mount Vernon Park - 44.0 Springboard
Mount Vernon Park,Week3,Dunn Loring,Week5,214.0 Dunn Loring - 188.0 Mount Vernon Park
Newington Forest,Week2,Hollin Meadows,Week4,297.0 Hollin Meadows - 105.0 Newington Forest
Newington Forest,Week3,Hollin Meadows,Week5,290.0 Hollin Meadows - 112.0 Newington Forest
Newington Forest,Week2,Hollin Meadows,Week2,275.0 Hollin Meadows - 127.0 Newington Forest
Mount Vernon Park,Week1,Springboard,Week3,332.0 Mount Vernon Park - 69.0 Springboard
Mount Vernon Park,Week2,Dowden Terrace,Week1,248.0 Mount Vernon Park - 154.0 Dowden Terrace
Mount Vernon Park,Week1,Dowden Terrace,Week2,242.0 Mount Vernon Park - 160.0 Dowden Terrace
Mount Vernon Park,Week3,Springboard,Week1,331.0 Mount Vernon Park - 71.0 Springboard
Mount Vernon Park,Week5,Dunn Loring,Week2,210.0 Mount Vernon Park - 192.0 Dunn Loring
Newington Forest,Week3,Fox Mill Woods,Week3,324.0 Fox Mill Woods - 78.0 Newington Forest
Mount Vernon Park,Week2,Dunn Loring,Week4,212.0 Dunn Loring - 190.0 Mount Vernon Park
Mount Vernon Park,Week1,Springboard,Week4,324.0 Mount Vernon Park - 78.0 Springboard
Newington Forest,Week5,Fox Mill Woods,Week2,311.0 Fox Mill Woods - 91.0 Newington Forest
Mount Vernon Park,Week2,Springboard,Week4,315.0 Mount Vernon Park - 87.0 Springboard
Mount Vernon Park,Week3,Canterbury Woods,Week4,281.0 Mount Vernon Park - 121.0 Canterbury Woods
Mount Vernon Park,Week3,Cardinal Hill,Week3,220.0 Cardinal Hill - 182.0 Mount Vernon Park
Newington Forest,Week5,Fox Mill Woods,Week5,308.0 Fox Mill Woods - 94.0 Newington Forest
Newington Forest,Week2,Great Falls,Week5,268.0 Great Falls - 134.0 Newington Forest
Mount Vernon Park,Week1,Dunn Loring,Week2,215.0 Dunn Loring - 187.0 Mount Vernon Park
Mount Vernon Park,Week3,Dunn Loring,Week4,209.0 Dunn Loring - 193.0 Mount Vernon Park
Mount Vernon Park,Week4,Dunn Loring,Week5,221.0 Dunn Loring - 181.0 Mount Vernon Park
Mount Vernon Park,Week4,Springboard,Week2,344.0 Mount Vernon Park - 58.0 Springboard
Mount Vernon Park,Week3,Cardinal Hill,Week4,224.0 Mount Vernon Park - 178.0 Cardinal Hill
Mount Vernon Park,Week5,South Run,Week3,286.0 Mount Vernon Park - 115.0 South Run
Mount Vernon Park,Week4,Dunn Loring,Week4,215.0 Dunn Loring - 187.0 Mount Vernon Park
Newington Forest,Week2,Great Falls,Week3,268.0 Great Falls - 134.0 Newington Forest
Newington Forest,Week5,Holmes Run Acres,Week2,241.0 Holmes Run Acres - 156.0 Newington Forest
Mount Vernon Park,Week4,South Run,Week4,280.0 Mount Vernon Park - 122.0 South Run
Mount Vernon Park,Week4,Cardinal Hill,Week1,203.0 Cardinal Hill - 199.0 Mount Vernon Park
Newington Forest,Week4,Hollin Meadows,Week1,266.0 Hollin Meadows - 136.0 Newington Forest
Mount Vernon Park,Week1,Fair Oaks ,Week4,248.0 Mount Vernon Park - 154.0 Fair Oaks
Mount Vernon Park,Week4,Canterbury Woods,Week2,293.0 Mount Vernon Park - 109.0 Canterbury Woods
Newington Forest,Week4,Hollin Meadows,Week5,275.0 Hollin Meadows - 127.0 Newington Forest
Newington Forest,Week1,Holmes Run Acres,Week5,313.0 Holmes Run Acres - 89.0 Newington Forest
Newington Forest,Week4,Hollin Meadows,Week2,244.0 Hollin Meadows - 158.0 Newington Forest
Newington Forest,Week2,Fox Mill Woods,Week3,324.0 Fox Mill Woods - 78.0 Newington Forest
Newington Forest,Week4,Hollin Meadows,Week3,278.0 Hollin Meadows - 124.0 Newington Forest
Newington Forest,Week2,Fox Mill Woods,Week1,336.0 Fox Mill Woods - 65.0 Newington Forest
Mount Vernon Park,Week1,Dunn Loring,Week3,215.0 Dunn Loring - 187.0 Mount Vernon Park
Mount Vernon Park,Week4,Canterbury Woods,Week3,272.0 Mount Vernon Park - 130.0 Canterbury Woods
Newington Forest,Week3,Holmes Run Acres,Week5,301.0 Holmes Run Acres - 101.0 Newington Forest
Newington Forest,Week4,Cottontail,Week2,251.0 Cottontail - 151.0 Newington Forest
Mount Vernon Park,Week5,Springboard,Week3,338.0 Mount Vernon Park - 55.0 Springboard
Mount Vernon Park,Week3,Springboard,Week3,337.0 Mount Vernon Park - 65.0 Springboard
Mount Vernon Park,Week4,Canterbury Woods,Week4,274.0 Mount Vernon Park - 128.0 Canterbury Woods
Newington Forest,Week4,Holmes Run Acres,Week2,241.0 Holmes Run Acres - 161.0 Newington Forest
Newington Forest,Week3,Holmes Run Acres,Week1,249.0 Holmes Run Acres - 153.0 Newington Forest
Newington Forest,Week3,Fox Mill Woods,Week1,329.0 Fox Mill Woods - 73.0 Newington Forest
Mount Vernon Park,Week4,Springboard,Week4,305.0 Mount Vernon Park - 97.0 Springboard
Mount Vernon Park,Week2,Fair Oaks ,Week2,265.0 Mount Vernon Park - 137.0 Fair Oaks
Newington Forest,Week4,Fox Mill Woods,Week1,318.0 Fox Mill Woods - 84.0 Newington Forest
Mount Vernon Park,Week4,Canterbury Woods,Week5,260.0 Mount Vernon Park - 142.0 Canterbury Woods
Newington Forest,Week4,Country Club Hills,Week3,230.0 Country Club Hills - 172.0 Newington Forest
Newington Forest,Week3,Holmes Run Acres,Week4,268.0 Holmes Run Acres - 134.0 Newington Forest
Newington Forest,Week5,Holmes Run Acres,Week4,247.0 Holmes Run Acres - 155.0 Newington Forest
Newington Forest,Week5,Holmes Run Acres,Week5,296.0 Holmes Run Acres - 106.0 Newington Forest
Mount Vernon Park,Week2,Cardinal Hill,Week1,206.0 Mount Vernon Park - 196.0 Cardinal Hill
Mount Vernon Park,Week1,Springfield,Week1,381.0 Mount Vernon Park - 19.0 Springfield
Mount Vernon Park,Week5,Springboard,Week2,348.0 Mount Vernon Park - 50.0 Springboard
Newington Forest,Week1,Great Falls,Week4,249.0 Great Falls - 152.0 Newington Forest
Newington Forest,Week1,Country Club Hills,Week3,265.0 Country Club Hills - 136.0 Newington Forest
Newington Forest,Week1,Holmes Run Acres,Week2,278.0 Holmes Run Acres - 123.0 Newington Forest
Mount Vernon Park,Week1,Springfield,Week2,368.0 Mount Vernon Park - 31.0 Springfield
Mount Vernon Park,Week2,Dunn Loring,Week5,227.0 Dunn Loring - 175.0 Mount Vernon Park
Newington Forest,Week2,Fox Mill Woods,Week5,322.0 Fox Mill Woods - 80.0 Newington Forest
Mount Vernon Park,Week1,Dunn Loring,Week4,204.0 Dunn Loring - 198.0 Mount Vernon Park
Newington Forest,Week5,Hollin Meadows,Week5,254.0 Hollin Meadows - 148.0 Newington Forest
Mount Vernon Park,Week5,Canterbury Woods,Week1,277.0 Mount Vernon Park - 125.0 Canterbury Woods
Mount Vernon Park,Week5,Canterbury Woods,Week2,299.0 Mount Vernon Park - 102.0 Canterbury Woods
Mount Vernon Park,Week5,Springboard,Week5,323.0 Mount Vernon Park - 75.0 Springboard
Mount Vernon Park,Week3,Dunn Loring,Week1,213.0 Mount Vernon Park - 189.0 Dunn Loring
Mount Vernon Park,Week5,Springboard,Week4,322.0 Mount Vernon Park - 79.0 Springboard
Newington Forest,Week1,Country Club Hills,Week2,273.0 Country Club Hills - 129.0 Newington Forest
Newington Forest,Week1,Great Falls,Week5,267.0 Great Falls - 135.0 Newington Forest
Newington Forest,Week4,Country Club Hills,Week1,229.0 Country Club Hills - 173.0 Newington Forest
Mount Vernon Park,Week2,Dunn Loring,Week2,222.0 Dunn Loring - 180.0 Mount Vernon Park
Mount Vernon Park,Week1,Cardinal Hill,Week2,235.0 Mount Vernon Park - 167.0 Cardinal Hill
Newington Forest,Week2,Great Falls,Week2,260.0 Great Falls - 124.0 Newington Forest
Mount Vernon Park,Week1,Cardinal Hill,Week1,202.0 Cardinal Hill - 200.0 Mount Vernon Park
Mount Vernon Park,Week5,Dowden Terrace,Week4,252.0 Mount Vernon Park - 150.0 Dowden Terrace
Mount Vernon Park,Week1,Cardinal Hill,Week5,205.0 Cardinal Hill - 197.0 Mount Vernon Park
Mount Vernon Park,Week1,Springfield,Week4,372.0 Mount Vernon Park - 23.0 Springfield
Newington Forest,Week4,Country Club Hills,Week5,260.0 Country Club Hills - 142.0 Newington Forest
Newington Forest,Week2,Fox Mill Woods,Week4,331.0 Fox Mill Woods - 71.0 Newington Forest
Mount Vernon Park,Week5,Canterbury Woods,Week3,285.0 Mount Vernon Park - 117.0 Canterbury Woods
Mount Vernon Park,Week2,Cardinal Hill,Week2,221.0 Mount Vernon Park - 181.0 Cardinal Hill
Newington Forest,Week5,Fox Mill Woods,Week3,310.0 Fox Mill Woods - 92.0 Newington Forest
Mount Vernon Park,Week3,Springfield,Week3,373.0 Mount Vernon Park - 24.0 Springfield
Mount Vernon Park,Week3,Springfield,Week4,369.0 Mount Vernon Park - 23.0 Springfield
Newington Forest,Week2,Holmes Run Acres,Week5,307.0 Holmes Run Acres - 95.0 Newington Forest
Mount Vernon Park,Week3,Dunn Loring,Week3,220.0 Dunn Loring - 182.0 Mount Vernon Park
Newington Forest,Week1,Country Club Hills,Week4,281.0 Country Club Hills - 121.0 Newington Forest
Newington Forest,Week2,Holmes Run Acres,Week3,311.0 Holmes Run Acres - 90.0 Newington Forest
Newington Forest,Week5,Cottontail,Week2,230.0 Cottontail - 172.0 Newington Forest
Mount Vernon Park,Week5,Dowden Terrace,Week5,238.0 Mount Vernon Park - 164.0 Dowden Terrace
Newington Forest,Week3,Fox Mill Woods,Week5,319.0 Fox Mill Woods - 83.0 Newington Forest
Newington Forest,Week4,Cottontail,Week4,235.0 Cottontail - 162.0 Newington Forest
Newington Forest,Week3,Fox Mill Woods,Week2,332.0 Fox Mill Woods - 70.0 Newington Forest
Mount Vernon Park,Week3,Dunn Loring,Week2,214.0 Dunn Loring - 188.0 Mount Vernon Park
Mount Vernon Park,Week4,Springfield,Week4,378.0 Mount Vernon Park - 24.0 Springfield
Newington Forest,Week1,Holmes Run Acres,Week3,309.0 Holmes Run Acres - 91.0 Newington Forest
Mount Vernon Park,Week2,Springfield,Week1,392.0 Mount Vernon Park - 9.0 Springfield
Mount Vernon Park,Week1,Dunn Loring,Week1,213.0 Mount Vernon Park - 189.0 Dunn Loring
Newington Forest,Week3,Cottontail,Week4,254.0 Cottontail - 148.0 Newington Forest
Mount Vernon Park,Week2,Cardinal Hill,Week4,208.0 Mount Vernon Park - 194.0 Cardinal Hill
Newington Forest,Week2,Holmes Run Acres,Week1,259.5 Holmes Run Acres - 140.5 Newington Forest
Mount Vernon Park,Week2,Cardinal Hill,Week5,213.0 Mount Vernon Park - 189.0 Cardinal Hill
Newington Forest,Week4,Fox Mill Woods,Week3,307.0 Fox Mill Woods - 95.0 Newington Forest
Newington Forest,Week5,Holmes Run Acres,Week1,238.0 Holmes Run Acres - 164.0 Newington Forest
Mount Vernon Park,Week3,Cardinal Hill,Week1,209.0 Mount Vernon Park - 193.0 Cardinal Hill
Newington Forest,Week4,Cottontail,Week1,247.0 Cottontail - 155.0 Newington Forest
Mount Vernon Park,Week5,Dowden Terrace,Week3,272.0 Mount Vernon Park - 130.0 Dowden Terrace
Newington Forest,Week2,Great Falls,Week1,245.0 Great Falls - 157.0 Newington Forest
Mount Vernon Park,Week2,Springfield,Week4,381.0 Mount Vernon Park - 21.0 Springfield
Mount Vernon Park,Week1,Dunn Loring,Week5,219.0 Dunn Loring - 183.0 Mount Vernon Park
Newington Forest,Week3,Holmes Run Acres,Week2,261.0 Holmes Run Acres - 141.0 Newington Forest
Mount Vernon Park,Week3,Canterbury Woods,Week5,269.0 Mount Vernon Park - 133.0 Canterbury Woods
Mount Vernon Park,Week2,Dunn Loring,Week3,228.0 Dunn Loring - 174.0 Mount Vernon Park
Newington Forest,Week1,Great Falls,Week3,269.0 Great Falls - 133.0 Newington Forest
Newington Forest,Week4,Cottontail,Week5,254.0 Cottontail - 148.0 Newington Forest
Newington Forest,Week4,Fox Mill Woods,Week4,321.0 Fox Mill Woods - 81.0 Newington Forest
Newington Forest,Week2,Holmes Run Acres,Week2,266.0 Holmes Run Acres - 135.0 Newington Forest
Newington Forest,Week4,Fox Mill Woods,Week2,316.0 Fox Mill Woods - 86.0 Newington Forest
Newington Forest,Week3,Fox Mill Woods,Week4,335.0 Fox Mill Woods - 67.0 Newington Forest
Mount Vernon Park,Week5,Springfield,Week2,370.0 Mount Vernon Park - 25.0 Springfield
Mount Vernon Park,Week3,Springfield,Week2,367.0 Mount Vernon Park - 30.0 Springfield
Newington Forest,Week5,Fox Mill Woods,Week4,318.0 Fox Mill Woods - 84.0 Newington Forest
Mount Vernon Park,Week1,Cardinal Hill,Week4,203.0 Mount Vernon Park - 199.0 Cardinal Hill
Mount Vernon Park,Week5,Dowden Terrace,Week2,267.0 Mount Vernon Park - 135.0 Dowden Terrace
Newington Forest,Week2,Country Club Hills,Week4,263.0 Country Club Hills - 139.0 Newington Forest
Mount Vernon Park,Week1,Stratford,Week1,324.0 Mount Vernon Park - 77.0 Stratford
Mount Vernon Park,Week5,Dunn Loring,Week1,222.0 Mount Vernon Park - 180.0 Dunn Loring
Newington Forest,Week5,Fox Mill Woods,Week1,316.0 Fox Mill Woods - 86.0 Newington Forest
Newington Forest,Week5,Cottontail,Week5,238.0 Cottontail - 164.0 Newington Forest
Newington Forest,Week4,Holmes Run Acres,Week1,235.0 Holmes Run Acres - 167.0 Newington Forest
Mount Vernon Park,Week5,Canterbury Woods,Week4,281.0 Mount Vernon Park - 121.0 Canterbury Woods
Mount Vernon Park,Week5,Canterbury Woods,Week5,269.0 Mount Vernon Park - 129.0 Canterbury Woods
Newington Forest,Week2,Country Club Hills,Week1,268.5 Country Club Hills - 133.5 Newington Forest
Mount Vernon Park,Week4,Canterbury Woods,Week1,281.0 Mount Vernon Park - 121.0 Canterbury Woods
Mount Vernon Park,Week4,Dunn Loring,Week1,206.0 Mount Vernon Park - 196.0 Dunn Loring
Newington Forest,Week1,Holmes Run Acres,Week1,280.0 Holmes Run Acres - 120.0 Newington Forest
Newington Forest,Week4,Holmes Run Acres,Week3,284.0 Holmes Run Acres - 118.0 Newington Forest
Newington Forest,Week1,Great Falls,Week2,264.0 Great Falls - 119.0 Newington Forest
Mount Vernon Park,Week4,Springfield,Week2,375.0 Mount Vernon Park - 27.0 Springfield
Newington Forest,Week2,Country Club Hills,Week2,263.0 Country Club Hills - 138.0 Newington Forest
Mount Vernon Park,Week2,Dunn Loring,Week1,208.0 Mount Vernon Park - 194.0 Dunn Loring
Mount Vernon Park,Week1,Cardinal Hill,Week3,229.0 Cardinal Hill - 173.0 Mount Vernon Park
Mount Vernon Park,Week2,Springfield,Week3,383.0 Mount Vernon Park - 19.0 Springfield
Mount Vernon Park,Week4,Dunn Loring,Week3,226.5 Dunn Loring - 175.5 Mount Vernon Park
Newington Forest,Week3,Holmes Run Acres,Week3,286.0 Holmes Run Acres - 116.0 Newington Forest
Mount Vernon Park,Week1,Stratford,Week5,305.0 Mount Vernon Park - 97.0 Stratford
Newington Forest,Week3,Country Club Hills,Week1,262.0 Country Club Hills - 140.0 Newington Forest
Newington Forest,Week2,Holmes Run Acres,Week4,271.0 Holmes Run Acres - 130.0 Newington Forest
Mount Vernon Park,Week2,Cardinal Hill,Week3,229.0 Cardinal Hill - 173.0 Mount Vernon Park
Mount Vernon Park,Week5,Dunn Loring,Week4,218.0 Mount Vernon Park - 184.0 Dunn Loring
Newington Forest,Week3,Country Club Hills,Week2,249.0 Country Club Hills - 153.0 Newington Forest
Newington Forest,Week2,Country Club Hills,Week5,287.0 Country Club Hills - 114.0 Newington Forest
Newington Forest,Week3,Cottontail,Week5,270.0 Cottontail - 132.0 Newington Forest
Mount Vernon Park,Week3,Springfield,Week5,380.0 Mount Vernon Park - 18.0 Springfield
Newington Forest,Week1,Greenbriar,Week4,272.0 Greenbriar - 129.0 Newington Forest
Newington Forest,Week2,Fox Mill Woods,Week2,337.0 Fox Mill Woods - 64.0 Newington Forest
Newington Forest,Week5,Hollin Meadows,Week4,255.5 Hollin Meadows - 146.5 Newington Forest
Mount Vernon Park,Week1,Stratford,Week3,295.0 Mount Vernon Park - 107.0 Stratford
Newington Forest,Week1,Holmes Run Acres,Week4,287.0 Holmes Run Acres - 113.0 Newington Forest
Newington Forest,Week4,Fox Mill Woods,Week5,313.0 Fox Mill Woods - 89.0 Newington Forest
Mount Vernon Park,Week2,Chesterbrook,Week5,325.0 Chesterbrook - 77.0 Mount Vernon Park
Mount Vernon Park,Week1,Fair Oaks ,Week1,247.0 Mount Vernon Park - 155.0 Fair Oaks
Newington Forest,Week2,Country Club Hills,Week3,254.0 Country Club Hills - 147.0 Newington Forest
Newington Forest,Week1,Great Falls,Week1,254.0 Great Falls - 147.0 Newington Forest
Mount Vernon Park,Week5,Dunn Loring,Week3,205.0 Dunn Loring - 197.0 Mount Vernon Park
Newington Forest,Week4,Holmes Run Acres,Week4,241.0 Holmes Run Acres - 161.0 Newington Forest
Newington Forest,Week2,Great Falls,Week4,247.5 Great Falls - 154.5 Newington Forest
Newington Forest,Week3,Country Club Hills,Week3,247.0 Country Club Hills - 155.0 Newington Forest
Mount Vernon Park,Week3,Cardinal Hill,Week2,231.0 Mount Vernon Park - 171.0 Cardinal Hill
Mount Vernon Park,Week3,Cardinal Hill,Week5,212.0 Mount Vernon Park - 190.0 Cardinal Hill
Newington Forest,Week5,Hollin Meadows,Week2,233.5 Hollin Meadows - 168.5 Newington Forest
Mount Vernon Park,Week4,Dunn Loring,Week2,215.5 Dunn Loring - 186.5 Mount Vernon Park
Mount Vernon Park,Week2,Springfield,Week5,389.0 Mount Vernon Park - 12.0 Springfield
Newington Forest,Week5,Hollin Meadows,Week3,257.0 Hollin Meadows - 145.0 Newington Forest
Mount Vernon Park,Week4,Springfield,Week1,391.0 Mount Vernon Park - 11.0 Springfield
Mount Vernon Park,Week2,Chesterbrook,Week1,311.0 Chesterbrook - 91.0 Mount Vernon Park
Mount Vernon Park,Week5,Dunn Loring,Week5,211.0 Mount Vernon Park - 191.0 Dunn Loring
Newington Forest,Week3,Country Club Hills,Week4,255.0 Country Club Hills - 147.0 Newington Forest
Mount Vernon Park,Week3,Springfield,Week1,380.0 Mount Vernon Park - 17.0 Springfield
Newington Forest,Week2,Greenbriar,Week1,294.0 Greenbriar - 107.0 Newington Forest
Mount Vernon Park,Week5,Springfield,Week1,378.0 Mount Vernon Park - 17.0 Springfield
Newington Forest,Week3,Greenbriar,Week3,289.0 Greenbriar - 113.0 Newington Forest
Mount Vernon Park,Week2,Fair Oaks ,Week1,248.0 Mount Vernon Park - 154.0 Fair Oaks
Mount Vernon Park,Week5,Springfield,Week4,369.0 Mount Vernon Park - 26.0 Springfield
Mount Vernon Park,Week1,Fair Oaks ,Week5,233.0 Mount Vernon Park - 169.0 Fair Oaks
Newington Forest,Week3,Greenbriar,Week1,286.0 Greenbriar - 116.0 Newington Forest
Mount Vernon Park,Week4,Chesterbrook,Week3,331.0 Chesterbrook - 71.0 Mount Vernon Park
Newington Forest,Week5,Cottontail,Week1,239.0 Cottontail - 163.0 Newington Forest
Newington Forest,Week4,Holmes Run Acres,Week5,304.0 Holmes Run Acres - 98.0 Newington Forest
Newington Forest,Week5,Hunt Valley,Week1,308.0 Hunt Valley - 94.0 Newington Forest
Newington Forest,Week5,Cottontail,Week4,228.0 Cottontail - 169.0 Newington Forest
Mount Vernon Park,Week3,Chesterbrook,Week5,310.0 Chesterbrook - 92.0 Mount Vernon Park
Newington Forest,Week4,Greenbriar,Week1,270.0 Greenbriar - 132.0 Newington Forest
Mount Vernon Park,Week1,Fair Oaks ,Week2,266.0 Mount Vernon Park - 136.0 Fair Oaks
Newington Forest,Week4,Cottontail,Week3,250.0 Cottontail - 152.0 Newington Forest
Mount Vernon Park,Week5,Cardinal Hill,Week5,234.0 Mount Vernon Park - 167.0 Cardinal Hill
Mount Vernon Park,Week2,Stratford,Week2,299.0 Mount Vernon Park - 103.0 Stratford
Mount Vernon Park,Week1,Fair Oaks ,Week3,245.0 Mount Vernon Park - 157.0 Fair Oaks
Mount Vernon Park,Week4,Springfield,Week3,379.0 Mount Vernon Park - 23.0 Springfield
Newington Forest,Week5,Cottontail,Week3,221.0 Cottontail - 181.0 Newington Forest
Newington Forest,Week5,Holmes Run Acres,Week3,284.0 Holmes Run Acres - 118.0 Newington Forest
Mount Vernon Park,Week5,Cardinal Hill,Week1,225.0 Mount Vernon Park - 177.0 Cardinal Hill
Newington Forest,Week4,Hunt Valley,Week2,333.0 Hunt Valley - 69.0 Newington Forest
Newington Forest,Week4,Country Club Hills,Week4,236.0 Country Club Hills - 166.0 Newington Forest
Mount Vernon Park,Week5,Springfield,Week5,379.0 Mount Vernon Park - 16.0 Springfield
Newington Forest,Week3,Country Club Hills,Week5,272.0 Country Club Hills - 130.0 Newington Forest
Mount Vernon Park,Week5,Springfield,Week3,375.0 Mount Vernon Park - 17.0 Springfield
Newington Forest,Week2,Greenbriar,Week4,264.0 Greenbriar - 137.0 Newington Forest
Newington Forest,Week5,Great Falls,Week4,230.0 Great Falls - 167.0 Newington Forest
Newington Forest,Week1,Crosspointe,Week2,312.5 Crosspointe - 89.5 Newington Forest
Mount Vernon Park,Week1,Chesterbrook,Week4,298.0 Chesterbrook - 104.0 Mount Vernon Park
Mount Vernon Park,Week1,Stratford,Week2,304.0 Mount Vernon Park - 98.0 Stratford
Newington Forest,Week1,Country Club Hills,Week5,283.0 Country Club Hills - 118.0 Newington Forest
Newington Forest,Week4,Hunt Valley,Week4,331.0 Hunt Valley - 71.0 Newington Forest
Newington Forest,Week4,Country Club Hills,Week2,222.0 Country Club Hills - 180.0 Newington Forest
Newington Forest,Week2,Crosspointe,Week5,334.0 Crosspointe - 67.0 Newington Forest
Mount Vernon Park,Week3,Fair Oaks ,Week2,268.0 Mount Vernon Park - 134.0 Fair Oaks
Mount Vernon Park,Week5,Chesterbrook,Week4,297.0 Chesterbrook - 105.0 Mount Vernon Park
Mount Vernon Park,Week1,Chesterbrook,Week1,296.5 Chesterbrook - 105.5 Mount Vernon Park
Newington Forest,Week2,Greenbriar,Week2,296.0 Greenbriar - 106.0 Newington Forest
Mount Vernon Park,Week1,Fairfax,Week3,218.0 Fairfax - 184.0 Mount Vernon Park
Mount Vernon Park,Week5,Fair Oaks ,Week4,270.0 Mount Vernon Park - 132.0 Fair Oaks
Mount Vernon Park,Week3,Chesterbrook,Week1,294.0 Chesterbrook - 108.0 Mount Vernon Park
Mount Vernon Park,Week2,Fairfax,Week2,230.0 Fairfax - 172.0 Mount Vernon Park
Newington Forest,Week3,Hunt Valley,Week4,330.0 Hunt Valley - 72.0 Newington Forest
Newington Forest,Week1,Country Club Hills,Week1,279.0 Country Club Hills - 123.0 Newington Forest
Mount Vernon Park,Week2,Stratford,Week1,308.0 Mount Vernon Park - 94.0 Stratford
Mount Vernon Park,Week1,Fairfax,Week1,207.0 Fairfax - 195.0 Mount Vernon Park
Mount Vernon Park,Week4,Springfield,Week5,389.0 Mount Vernon Park - 12.0 Springfield
Mount Vernon Park,Week3,Fair Oaks ,Week1,250.0 Mount Vernon Park - 152.0 Fair Oaks
Newington Forest,Week3,Hunt Valley,Week3,349.0 Hunt Valley - 53.0 Newington Forest
Mount Vernon Park,Week2,Sully Station,Week1,204.0 Sully Station - 198.0 Mount Vernon Park
Mount Vernon Park,Week3,Chesterbrook,Week3,319.0 Chesterbrook - 83.0 Mount Vernon Park
Mount Vernon Park,Week1,Sully Station,Week3,209.5 Sully Station - 192.5 Mount Vernon Park
Mount Vernon Park,Week4,Cardinal Hill,Week4,208.0 Mount Vernon Park - 194.0 Cardinal Hill
Mount Vernon Park,Week2,Fairfax,Week4,217.0 Fairfax - 185.0 Mount Vernon Park
Newington Forest,Week3,Greenbriar,Week5,279.0 Greenbriar - 123.0 Newington Forest
Newington Forest,Week4,Great Falls,Week4,245.0 Great Falls - 156.0 Newington Forest
Newington Forest,Week3,Great Falls,Week4,249.0 Great Falls - 152.0 Newington Forest
Newington Forest,Week2,Hunt Valley,Week1,331.0 Hunt Valley - 71.0 Newington Forest
Newington Forest,Week2,Greenbriar,Week3,303.0 Greenbriar - 98.0 Newington Forest
Newington Forest,Week2,Hunt Valley,Week5,347.0 Hunt Valley - 55.0 Newington Forest
Mount Vernon Park,Week1,Stratford,Week4,286.0 Mount Vernon Park - 116.0 Stratford
Mount Vernon Park,Week4,Cardinal Hill,Week5,203.0 Mount Vernon Park - 199.0 Cardinal Hill
Mount Vernon Park,Week5,Cardinal Hill,Week3,205.0 Mount Vernon Park - 197.0 Cardinal Hill
Newington Forest,Week1,Hunt Valley,Week1,341.0 Hunt Valley - 61.0 Newington Forest
Newington Forest,Week3,Hunt Valley,Week2,340.0 Hunt Valley - 62.0 Newington Forest
Newington Forest,Week1,Crosspointe,Week1,339.0 Crosspointe - 63.0 Newington Forest
Newington Forest,Week3,Crosspointe,Week4,308.0 Crosspointe - 94.0 Newington Forest
Mount Vernon Park,Week3,Stratford,Week3,305.0 Mount Vernon Park - 97.0 Stratford
Newington Forest,Week4,Crosspointe,Week1,307.0 Crosspointe - 95.0 Newington Forest
Mount Vernon Park,Week5,Cardinal Hill,Week4,230.0 Mount Vernon Park - 172.0 Cardinal Hill
Mount Vernon Park,Week2,Stratford,Week5,301.0 Mount Vernon Park - 101.0 Stratford
Mount Vernon Park,Week2,Sully Station,Week3,204.0 Sully Station - 198.0 Mount Vernon Park
Mount Vernon Park,Week4,Cardinal Hill,Week3,218.0 Cardinal Hill - 184.0 Mount Vernon Park
Newington Forest,Week5,Great Falls,Week3,247.0 Great Falls - 155.0 Newington Forest
Newington Forest,Week1,Greenbriar,Week2,296.0 Greenbriar - 106.0 Newington Forest
Mount Vernon Park,Week4,Fair Oaks ,Week5,234.0 Mount Vernon Park - 168.0 Fair Oaks
Mount Vernon Park,Week4,Fair Oaks ,Week1,247.0 Mount Vernon Park - 155.0 Fair Oaks
Newington Forest,Week3,Hunter Mill,Week5,316.0 Hunter Mill - 86.0 Newington Forest
Mount Vernon Park,Week3,Stratford,Week4,288.5 Mount Vernon Park - 113.5 Stratford
Newington Forest,Week2,Hunter Mill,Week2,311.0 Hunter Mill - 90.0 Newington Forest
Mount Vernon Park,Week4,Cardinal Hill,Week2,222.0 Mount Vernon Park - 180.0 Cardinal Hill
Newington Forest,Week4,Great Falls,Week5,264.0 Great Falls - 136.0 Newington Forest
Mount Vernon Park,Week2,Fairfax,Week5,250.0 Fairfax - 152.0 Mount Vernon Park
Newington Forest,Week2,Crosspointe,Week4,307.0 Crosspointe - 95.0 Newington Forest
Mount Vernon Park,Week3,Sully Station,Week2,205.0 Mount Vernon Park - 197.0 Sully Station
Mount Vernon Park,Week2,Fair Oaks ,Week3,239.0 Mount Vernon Park - 163.0 Fair Oaks
Newington Forest,Week4,Great Falls,Week1,238.0 Great Falls - 164.0 Newington Forest
Mount Vernon Park,Week4,Fair Oaks ,Week2,269.0 Mount Vernon Park - 133.0 Fair Oaks
Newington Forest,Week3,Great Falls,Week3,278.0 Great Falls - 124.0 Newington Forest
Newington Forest,Week4,Great Falls,Week3,262.0 Great Falls - 140.0 Newington Forest
Mount Vernon Park,Week5,Fair Oaks ,Week5,235.0 Mount Vernon Park - 167.0 Fair Oaks
Newington Forest,Week3,Hunter Mill,Week3,317.0 Hunter Mill - 85.0 Newington Forest
Newington Forest,Week4,Hunt Valley,Week1,336.0 Hunt Valley - 66.0 Newington Forest
Mount Vernon Park,Week2,Chesterbrook,Week2,310.0 Chesterbrook - 92.0 Mount Vernon Park
Newington Forest,Week2,Crosspointe,Week2,299.0 Crosspointe - 103.0 Newington Forest
Mount Vernon Park,Week3,Chesterbrook,Week2,295.0 Chesterbrook - 107.0 Mount Vernon Park
Newington Forest,Week2,Hunter Mill,Week4,319.0 Hunter Mill - 82.0 Newington Forest
Newington Forest,Week1,Greenbriar,Week1,289.5 Greenbriar - 111.5 Newington Forest
Mount Vernon Park,Week4,Stratford,Week5,306.0 Mount Vernon Park - 96.0 Stratford
Newington Forest,Week2,Crosspointe,Week1,325.0 Crosspointe - 77.0 Newington Forest
Newington Forest,Week3,Great Falls,Week2,258.0 Great Falls - 126.0 Newington Forest
Mount Vernon Park,Week1,Chesterbrook,Week3,326.0 Chesterbrook - 76.0 Mount Vernon Park
Newington Forest,Week1,Greenbriar,Week3,297.0 Greenbriar - 105.0 Newington Forest
Newington Forest,Week4,Crosspointe,Week3,311.0 Crosspointe - 86.0 Newington Forest
Newington Forest,Week1,Hunt Valley,Week2,351.0 Hunt Valley - 51.0 Newington Forest
Mount Vernon Park,Week3,Stratford,Week1,327.0 Mount Vernon Park - 75.0 Stratford
Newington Forest,Week5,Crosspointe,Week2,273.0 Crosspointe - 129.0 Newington Forest
Newington Forest,Week5,Great Falls,Week1,231.0 Great Falls - 171.0 Newington Forest
Mount Vernon Park,Week2,Fair Oaks ,Week4,253.0 Mount Vernon Park - 149.0 Fair Oaks
Mount Vernon Park,Week5,Cardinal Hill,Week2,241.0 Mount Vernon Park - 161.0 Cardinal Hill
Mount Vernon Park,Week5,Fair Oaks ,Week1,254.0 Mount Vernon Park - 148.0 Fair Oaks
Mount Vernon Park,Week4,Sully Station,Week4,201.0 Mount Vernon Park - 201.0 Sully Station
Newington Forest,Week2,Hunt Valley,Week4,339.0 Hunt Valley - 63.0 Newington Forest
Mount Vernon Park,Week1,Chesterbrook,Week2,306.0 Chesterbrook - 96.0 Mount Vernon Park
Mount Vernon Park,Week3,Fair Oaks ,Week3,243.0 Mount Vernon Park - 159.0 Fair Oaks
Newington Forest,Week1,Hunt Valley,Week3,367.0 Hunt Valley - 35.0 Newington Forest
Newington Forest,Week1,Hunter Mill,Week1,332.0 Hunter Mill - 70.0 Newington Forest
Mount Vernon Park,Week4,Sully Station,Week1,210.0 Sully Station - 192.0 Mount Vernon Park
Newington Forest,Week5,Crosspointe,Week3,291.0 Crosspointe - 111.0 Newington Forest
Mount Vernon Park,Week2,Fair Oaks ,Week5,238.0 Mount Vernon Park - 164.0 Fair Oaks
Mount Vernon Park,Week2,Chesterbrook,Week3,329.0 Chesterbrook - 73.0 Mount Vernon Park
Mount Vernon Park,Week4,Chesterbrook,Week1,309.0 Chesterbrook - 93.0 Mount Vernon Park
Newington Forest,Week1,Greenbriar,Week5,302.0 Greenbriar - 98.0 Newington Forest
Mount Vernon Park,Week5,Stratford,Week5,318.0 Mount Vernon Park - 84.0 Stratford
Newington Forest,Week4,Crosspointe,Week4,301.0 Crosspointe - 101.0 Newington Forest
Newington Forest,Week4,Great Falls,Week2,245.0 Great Falls - 139.0 Newington Forest
Newington Forest,Week1,Hunt Valley,Week4,349.0 Hunt Valley - 53.0 Newington Forest
Newington Forest,Week2,Hunter Mill,Week3,328.0 Hunter Mill - 74.0 Newington Forest
Mount Vernon Park,Week4,Fair Oaks ,Week3,247.0 Mount Vernon Park - 155.0 Fair Oaks
Mount Vernon Park,Week5,Fair Oaks ,Week2,273.0 Mount Vernon Park - 129.0 Fair Oaks
Newington Forest,Week3,Crosspointe,Week3,308.0 Crosspointe - 94.0 Newington Forest
Mount Vernon Park,Week4,Chesterbrook,Week4,311.5 Chesterbrook - 90.5 Mount Vernon Park
Newington Forest,Week3,Great Falls,Week1,247.0 Great Falls - 155.0 Newington Forest
Mount Vernon Park,Week2,Chesterbrook,Week4,306.0 Chesterbrook - 96.0 Mount Vernon Park
Newington Forest,Week2,Hunt Valley,Week2,335.0 Hunt Valley - 67.0 Newington Forest
Mount Vernon Park,Week1,Fairfax,Week2,219.0 Fairfax - 183.0 Mount Vernon Park
Mount Vernon Park,Week4,Fair Oaks ,Week4,256.0 Mount Vernon Park - 146.0 Fair Oaks
Newington Forest,Week5,Great Falls,Week5,254.0 Great Falls - 148.0 Newington Forest
Newington Forest,Week5,Country Club Hills,Week5,247.0 Country Club Hills - 155.0 Newington Forest
Mount Vernon Park,Week5,Stratford,Week4,310.0 Mount Vernon Park - 92.0 Stratford
Mount Vernon Park,Week3,Fair Oaks ,Week5,234.0 Mount Vernon Park - 168.0 Fair Oaks
Newington Forest,Week5,Crosspointe,Week4,282.0 Crosspointe - 120.0 Newington Forest
Newington Forest,Week1,Crosspointe,Week4,328.0 Crosspointe - 74.0 Newington Forest
Mount Vernon Park,Week3,Stratford,Week2,306.0 Mount Vernon Park - 96.0 Stratford
Mount Vernon Park,Week3,Fair Oaks ,Week4,264.0 Mount Vernon Park - 138.0 Fair Oaks
Newington Forest,Week3,Hunt Valley,Week1,335.0 Hunt Valley - 67.0 Newington Forest
Mount Vernon Park,Week4,Stratford,Week4,286.0 Mount Vernon Park - 116.0 Stratford
Newington Forest,Week5,Country Club Hills,Week4,223.0 Country Club Hills - 174.0 Newington Forest
Mount Vernon Park,Week5,Stratford,Week2,314.0 Mount Vernon Park - 88.0 Stratford
Mount Vernon Park,Week4,Chesterbrook,Week2,317.0 Chesterbrook - 85.0 Mount Vernon Park
Mount Vernon Park,Week1,Sully Station,Week1,206.0 Sully Station - 196.0 Mount Vernon Park
Newington Forest,Week5,Great Falls,Week2,233.5 Great Falls - 150.5 Newington Forest
Newington Forest,Week3,Hunt Valley,Week5,350.0 Hunt Valley - 52.0 Newington Forest
Newington Forest,Week2,Greenbriar,Week5,294.0 Greenbriar - 104.0 Newington Forest
Newington Forest,Week1,Hunter Mill,Week3,336.0 Hunter Mill - 66.0 Newington Forest
Newington Forest,Week3,Great Falls,Week5,271.0 Great Falls - 131.0 Newington Forest
Mount Vernon Park,Week1,Sully Station,Week4,203.0 Mount Vernon Park - 199.0 Sully Station
Newington Forest,Week1,Crosspointe,Week3,333.0 Crosspointe - 69.0 Newington Forest
Newington Forest,Week2,Hunt Valley,Week3,353.0 Hunt Valley - 49.0 Newington Forest
Mount Vernon Park,Week1,Chesterbrook,Week5,310.0 Chesterbrook - 92.0 Mount Vernon Park
Newington Forest,Week5,Country Club Hills,Week3,226.0 Country Club Hills - 176.0 Newington Forest
Mount Vernon Park,Week1,Fairfax,Week4,214.0 Fairfax - 188.0 Mount Vernon Park
Mount Vernon Park,Week3,Chesterbrook,Week4,301.0 Chesterbrook - 101.0 Mount Vernon Park
Mount Vernon Park,Week4,Chesterbrook,Week5,320.0 Chesterbrook - 82.0 Mount Vernon Park
Newington Forest,Week1,Hunt Valley,Week5,363.0 Hunt Valley - 39.0 Newington Forest
Newington Forest,Week4,Greenbriar,Week2,292.0 Greenbriar - 110.0 Newington Forest
Newington Forest,Week5,Hunt Valley,Week2,315.0 Hunt Valley - 87.0 Newington Forest
Newington Forest,Week3,Greenbriar,Week4,268.0 Greenbriar - 134.0 Newington Forest
Mount Vernon Park,Week2,Fairfax,Week3,228.5 Fairfax - 173.5 Mount Vernon Park
Newington Forest,Week4,Hunt Valley,Week5,349.0 Hunt Valley - 53.0 Newington Forest
Mount Vernon Park,Week5,Chesterbrook,Week5,299.0 Chesterbrook - 103.0 Mount Vernon Park
Newington Forest,Week4,Crosspointe,Week5,312.0 Crosspointe - 90.0 Newington Forest
Mount Vernon Park,Week1,Commonwealth,Week1,288.0 Mount Vernon Park - 114.0 Commonwealth
Newington Forest,Week2,Crosspointe,Week3,314.0 Crosspointe - 88.0 Newington Forest
Newington Forest,Week5,Country Club Hills,Week1,233.0 Country Club Hills - 169.0 Newington Forest
Newington Forest,Week4,Hunt Valley,Week3,344.0 Hunt Valley - 58.0 Newington Forest
Mount Vernon Park,Week3,Stratford,Week5,311.0 Mount Vernon Park - 91.0 Stratford
Mount Vernon Park,Week2,Stratford,Week4,288.0 Mount Vernon Park - 114.0 Stratford
Mount Vernon Park,Week1,Fairfax,Week5,235.0 Fairfax - 167.0 Mount Vernon Park
Mount Vernon Park,Week5,Chesterbrook,Week1,279.0 Chesterbrook - 123.0 Mount Vernon Park
Newington Forest,Week3,Crosspointe,Week1,312.0 Crosspointe - 90.0 Newington Forest
Newington Forest,Week3,Crosspointe,Week2,303.0 Crosspointe - 99.0 Newington Forest
Newington Forest,Week4,Greenbriar,Week4,249.0 Greenbriar - 153.0 Newington Forest
Mount Vernon Park,Week2,Fairfax,Week1,214.0 Fairfax - 188.0 Mount Vernon Park
Newington Forest,Week3,Greenbriar,Week2,295.0 Greenbriar - 107.0 Newington Forest
Mount Vernon Park,Week4,Stratford,Week1,320.0 Mount Vernon Park - 82.0 Stratford
Mount Vernon Park,Week5,Chesterbrook,Week3,307.0 Chesterbrook - 95.0 Mount Vernon Park
Mount Vernon Park,Week5,Fair Oaks ,Week3,249.0 Mount Vernon Park - 153.0 Fair Oaks
Mount Vernon Park,Week5,Chesterbrook,Week2,298.0 Chesterbrook - 104.0 Mount Vernon Park
Newington Forest,Week5,Hunt Valley,Week4,317.0 Hunt Valley - 85.0 Newington Forest
Mount Vernon Park,Week1,Commonwealth,Week2,270.0 Mount Vernon Park - 132.0 Commonwealth
Newington Forest,Week5,Hunt Valley,Week3,322.0 Hunt Valley - 80.0 Newington Forest
Mount Vernon Park,Week2,Stratford,Week3,296.0 Mount Vernon Park - 106.0 Stratford
Mount Vernon Park,Week3,Country Club Hills,Week2,299.0 Mount Vernon Park - 103.0 Country Club Hills
Mount Vernon Park,Week4,Stratford,Week2,300.0 Mount Vernon Park - 102.0 Stratford
Mount Vernon Park,Week4,Stratford,Week3,297.0 Mount Vernon Park - 105.0 Stratford
Newington Forest,Week4,Greenbriar,Week3,270.5 Greenbriar - 131.5 Newington Forest
Mount Vernon Park,Week1,Sully Station,Week2,210.0 Mount Vernon Park - 192.0 Sully Station
Newington Forest,Week5,Hamlet,Week1,330.0 Hamlet - 72.0 Newington Forest
Newington Forest,Week5,Hunt Valley,Week5,334.5 Hunt Valley - 67.5 Newington Forest
Newington Forest,Week1,Hunter Mill,Week2,320.0 Hunter Mill - 81.0 Newington Forest
Mount Vernon Park,Week3,Country Club Hills,Week3,290.0 Mount Vernon Park - 112.0 Country Club Hills
Newington Forest,Week5,Country Club Hills,Week2,220.0 Country Club Hills - 182.0 Newington Forest
Mount Vernon Park,Week4,Commonwealth,Week4,292.0 Mount Vernon Park - 110.0 Commonwealth
Newington Forest,Week1,Hunter Mill,Week4,326.0 Hunter Mill - 75.0 Newington Forest
Mount Vernon Park,Week1,Cottontail,Week5,272.0 Mount Vernon Park - 130.0 Cottontail
Newington Forest,Week5,Crosspointe,Week5,308.0 Crosspointe - 94.0 Newington Forest
Newington Forest,Week4,Hamlet,Week4,335.0 Hamlet - 67.0 Newington Forest
Mount Vernon Park,Week1,Country Club Hills,Week1,272.0 Mount Vernon Park - 130.0 Country Club Hills
Mount Vernon Park,Week3,Commonwealth,Week2,272.0 Mount Vernon Park - 130.0 Commonwealth
Mount Vernon Park,Week4,Rolling Valley,Week4,336.0 Mount Vernon Park - 66.0 Rolling Valley
Mount Vernon Park,Week3,Country Club Hills,Week4,293.5 Mount Vernon Park - 108.5 Country Club Hills
Newington Forest,Week1,Crosspointe,Week5,343.0 Crosspointe - 58.0 Newington Forest
Mount Vernon Park,Week5,Commonwealth,Week4,295.0 Mount Vernon Park - 107.0 Commonwealth
Mount Vernon Park,Week1,Country Club Hills,Week2,285.0 Mount Vernon Park - 117.0 Country Club Hills
Mount Vernon Park,Week5,Stratford,Week3,308.0 Mount Vernon Park - 94.0 Stratford
Newington Forest,Week1,Hamlet,Week3,361.5 Hamlet - 39.5 Newington Forest
Mount Vernon Park,Week5,Stratford,Week1,324.0 Mount Vernon Park - 77.0 Stratford
Newington Forest,Week3,Crosspointe,Week5,329.0 Crosspointe - 73.0 Newington Forest
Newington Forest,Week3,Hamlet,Week1,355.0 Hamlet - 47.0 Newington Forest
Newington Forest,Week1,Hunter Mill,Week5,333.0 Hunter Mill - 69.0 Newington Forest
Newington Forest,Week3,Hunter Mill,Week4,311.5 Hunter Mill - 89.5 Newington Forest
Newington Forest,Week4,Hunter Mill,Week4,305.0 Hunter Mill - 97.0 Newington Forest
Mount Vernon Park,Week5,Cottontail,Week1,288.0 Mount Vernon Park - 114.0 Cottontail
Newington Forest,Week2,Hunter Mill,Week5,325.0 Hunter Mill - 77.0 Newington Forest
Mount Vernon Park,Week2,Cottontail,Week2,292.0 Mount Vernon Park - 110.0 Cottontail
Newington Forest,Week3,Hunter Mill,Week1,322.0 Hunter Mill - 80.0 Newington Forest
Newington Forest,Week5,Greenbriar,Week2,285.0 Greenbriar - 117.0 Newington Forest
Newington Forest,Week3,Hunter Mill,Week2,295.5 Hunter Mill - 105.5 Newington Forest
Mount Vernon Park,Week3,Commonwealth,Week4,291.0 Mount Vernon Park - 111.0 Commonwealth
Mount Vernon Park,Week2,Sully Station,Week5,224.5 Sully Station - 177.5 Mount Vernon Park
Newington Forest,Week2,Hunter Mill,Week1,326.0 Hunter Mill - 76.0 Newington Forest
Mount Vernon Park,Week3,Commonwealth,Week1,290.0 Mount Vernon Park - 107.0 Commonwealth
Mount Vernon Park,Week1,Rutherford,Week3,303.0 Mount Vernon Park - 99.0 Rutherford
Mount Vernon Park,Week2,Sully Station,Week2,210.0 Sully Station - 192.0 Mount Vernon Park
Mount Vernon Park,Week4,Country Club Hills,Week3,291.0 Mount Vernon Park - 111.0 Country Club Hills
Newington Forest,Week5,Hamlet,Week4,326.0 Hamlet - 76.0 Newington Forest
Newington Forest,Week5,Hamlet,Week2,349.0 Hamlet - 53.0 Newington Forest
Mount Vernon Park,Week3,Country Club Hills,Week5,275.0 Mount Vernon Park - 127.0 Country Club Hills
Mount Vernon Park,Week4,Country Club Hills,Week1,287.0 Mount Vernon Park - 115.0 Country Club Hills
Mount Vernon Park,Week4,Commonwealth,Week2,277.0 Mount Vernon Park - 125.0 Commonwealth
Newington Forest,Week5,Hamlet,Week5,345.0 Hamlet - 57.0 Newington Forest
Newington Forest,Week4,Crosspointe,Week2,298.0 Crosspointe - 104.0 Newington Forest
Newington Forest,Week1,Daventry,Week1,227.0 Newington Forest - 172.0 Daventry
Mount Vernon Park,Week1,Rutherford,Week5,281.0 Mount Vernon Park - 121.0 Rutherford
Mount Vernon Park,Week1,Sully Station,Week5,227.0 Sully Station - 175.0 Mount Vernon Park
Mount Vernon Park,Week4,Country Club Hills,Week2,299.0 Mount Vernon Park - 103.0 Country Club Hills
Newington Forest,Week5,Crosspointe,Week1,292.0 Crosspointe - 110.0 Newington Forest
Mount Vernon Park,Week1,Rolling Valley,Week5,326.0 Mount Vernon Park - 76.0 Rolling Valley
Mount Vernon Park,Week5,Rolling Valley,Week5,342.0 Mount Vernon Park - 60.0 Rolling Valley
Mount Vernon Park,Week2,Cottontail,Week5,272.5 Mount Vernon Park - 129.5 Cottontail
Newington Forest,Week3,Hamlet,Week4,342.0 Hamlet - 60.0 Newington Forest
Newington Forest,Week1,Daventry,Week2,213.0 Newington Forest - 179.0 Daventry
Mount Vernon Park,Week3,Sully Station,Week3,202.0 Sully Station - 200.0 Mount Vernon Park
Mount Vernon Park,Week2,Sully Station,Week4,202.0 Mount Vernon Park - 200.0 Sully Station
Mount Vernon Park,Week2,Waynewood,Week5,201.0 Mount Vernon Park - 201.0 Waynewood
Mount Vernon Park,Week3,Sully Station,Week1,201.0 Mount Vernon Park - 201.0 Sully Station
Mount Vernon Park,Week2,Rolling Valley,Week1,367.0 Mount Vernon Park - 35.0 Rolling Valley
Mount Vernon Park,Week2,Country Club Hills,Week1,273.0 Mount Vernon Park - 129.0 Country Club Hills
Newington Forest,Week1,Hamlet,Week4,349.0 Hamlet - 53.0 Newington Forest
Mount Vernon Park,Week2,Country Club Hills,Week2,282.0 Mount Vernon Park - 120.0 Country Club Hills
Mount Vernon Park,Week3,Sully Station,Week4,210.0 Mount Vernon Park - 192.0 Sully Station
Mount Vernon Park,Week3,Commonwealth,Week3,281.0 Mount Vernon Park - 121.0 Commonwealth
Mount Vernon Park,Week2,Waynewood,Week1,220.0 Mount Vernon Park - 182.0 Waynewood
Mount Vernon Park,Week1,Rolling Valley,Week2,340.0 Mount Vernon Park - 62.0 Rolling Valley
Newington Forest,Week5,Greenbriar,Week5,269.0 Greenbriar - 133.0 Newington Forest
Mount Vernon Park,Week4,Sully Station,Week2,205.0 Sully Station - 197.0 Mount Vernon Park
Mount Vernon Park,Week3,Sully Station,Week5,215.0 Sully Station - 187.0 Mount Vernon Park
Mount Vernon Park,Week4,Walden Glen,Week3,293.0 Mount Vernon Park - 109.0 Walden Glen
Newington Forest,Week3,Hamlet,Week3,346.0 Hamlet - 56.0 Newington Forest
Mount Vernon Park,Week4,Waynewood,Week3,223.0 Waynewood - 179.0 Mount Vernon Park
Newington Forest,Week5,Hunter Mill,Week1,296.0 Hunter Mill - 106.0 Newington Forest
Newington Forest,Week1,Hamlet,Week1,358.0 Hamlet - 40.0 Newington Forest
Mount Vernon Park,Week5,Cottontail,Week5,297.0 Mount Vernon Park - 105.0 Cottontail
Newington Forest,Week5,Hunter Mill,Week3,298.0 Hunter Mill - 104.0 Newington Forest
Newington Forest,Week1,Ilda Community,Week2,235.0 Ilda Community - 165.0 Newington Forest
Mount Vernon Park,Week2,Commonwealth,Week3,289.0 Mount Vernon Park - 113.0 Commonwealth
Mount Vernon Park,Week3,Waynewood,Week4,219.0 Mount Vernon Park - 183.0 Waynewood
Mount Vernon Park,Week4,Commonwealth,Week5,276.0 Mount Vernon Park - 126.0 Commonwealth
Mount Vernon Park,Week1,Country Club Hills,Week3,285.5 Mount Vernon Park - 116.5 Country Club Hills
Mount Vernon Park,Week2,Rolling Valley,Week3,337.0 Mount Vernon Park - 65.0 Rolling Valley
Newington Forest,Week2,Hamlet,Week3,352.0 Hamlet - 49.0 Newington Forest
Mount Vernon Park,Week5,Commonwealth,Week2,286.0 Mount Vernon Park - 116.0 Commonwealth
Newington Forest,Week5,Hunter Mill,Week4,299.0 Hunter Mill - 103.0 Newington Forest
Mount Vernon Park,Week4,Waynewood,Week2,211.0 Waynewood - 191.0 Mount Vernon Park
Newington Forest,Week5,Greenbriar,Week4,244.0 Greenbriar - 158.0 Newington Forest
Mount Vernon Park,Week2,Rolling Valley,Week2,336.0 Mount Vernon Park - 66.0 Rolling Valley
Mount Vernon Park,Week5,Cottontail,Week3,321.0 Mount Vernon Park - 81.0 Cottontail
Mount Vernon Park,Week3,Rolling Valley,Week4,336.0 Mount Vernon Park - 66.0 Rolling Valley
Mount Vernon Park,Week4,Sully Station II,Week1,223.0 Mount Vernon Park - 179.0 Sully Station II
Mount Vernon Park,Week2,Rolling Valley,Week5,331.0 Mount Vernon Park - 71.0 Rolling Valley
Mount Vernon Park,Week2,Commonwealth,Week2,269.0 Mount Vernon Park - 133.0 Commonwealth
Newington Forest,Week1,Ilda Community,Week5,235.5 Ilda Community - 158.5 Newington Forest
Mount Vernon Park,Week4,Sully Station,Week3,209.5 Sully Station - 192.5 Mount Vernon Park
Mount Vernon Park,Week2,Country Club Hills,Week5,261.0 Mount Vernon Park - 141.0 Country Club Hills
Mount Vernon Park,Week5,Walden Glen,Week5,283.0 Mount Vernon Park - 118.0 Walden Glen
Mount Vernon Park,Week3,Commonwealth,Week5,278.0 Mount Vernon Park - 124.0 Commonwealth
Mount Vernon Park,Week1,Commonwealth,Week3,282.0 Mount Vernon Park - 120.0 Commonwealth
Mount Vernon Park,Week4,Rolling Valley,Week2,347.0 Mount Vernon Park - 55.0 Rolling Valley
Mount Vernon Park,Week5,Commonwealth,Week1,295.0 Mount Vernon Park - 102.0 Commonwealth
Mount Vernon Park,Week4,Rolling Valley,Week1,370.0 Mount Vernon Park - 32.0 Rolling Valley
Mount Vernon Park,Week5,Waynewood,Week5,214.0 Mount Vernon Park - 188.0 Waynewood
Newington Forest,Week4,Hunter Mill,Week2,288.0 Hunter Mill - 114.0 Newington Forest
Mount Vernon Park,Week3,Rolling Valley,Week5,334.0 Mount Vernon Park - 68.0 Rolling Valley
Mount Vernon Park,Week4,Commonwealth,Week1,294.5 Mount Vernon Park - 107.5 Commonwealth
Mount Vernon Park,Week5,Cottontail,Week4,301.0 Mount Vernon Park - 101.0 Cottontail
Mount Vernon Park,Week2,Waynewood,Week2,204.5 Mount Vernon Park - 197.5 Waynewood
Mount Vernon Park,Week4,Sully Station II,Week4,228.0 Mount Vernon Park - 174.0 Sully Station II
Newington Forest,Week2,Hamlet,Week4,350.0 Hamlet - 52.0 Newington Forest
Mount Vernon Park,Week4,Sully Station II,Week2,202.0 Sully Station II - 200.0 Mount Vernon Park
Mount Vernon Park,Week4,Sully Station II,Week3,230.0 Sully Station II - 172.0 Mount Vernon Park
Mount Vernon Park,Week2,Sully Station II,Week4,217.0 Mount Vernon Park - 185.0 Sully Station II
Mount Vernon Park,Week2,Country Club Hills,Week3,285.0 Mount Vernon Park - 117.0 Country Club Hills
Newington Forest,Week2,Ilda Community,Week1,212.0 Ilda Community - 185.0 Newington Forest
Mount Vernon Park,Week5,Cottontail,Week2,303.0 Mount Vernon Park - 99.0 Cottontail
Mount Vernon Park,Week1,Country Club Hills,Week4,293.0 Mount Vernon Park - 109.0 Country Club Hills
Newington Forest,Week2,Hamlet,Week5,353.0 Hamlet - 49.0 Newington Forest
Mount Vernon Park,Week4,Rolling Valley,Week5,331.0 Mount Vernon Park - 71.0 Rolling Valley
Mount Vernon Park,Week5,Waynewood,Week3,220.0 Mount Vernon Park - 182.0 Waynewood
Newington Forest,Week2,Hamlet,Week1,351.0 Hamlet - 47.0 Newington Forest
Newington Forest,Week5,Hunter Mill,Week5,309.5 Hunter Mill - 92.5 Newington Forest
Newington Forest,Week4,Hunter Mill,Week5,317.0 Hunter Mill - 85.0 Newington Forest
Mount Vernon Park,Week3,Country Club Hills,Week1,280.5 Mount Vernon Park - 121.5 Country Club Hills
Mount Vernon Park,Week5,Sully Station,Week3,218.0 Mount Vernon Park - 184.0 Sully Station
Newington Forest,Week1,Hamlet,Week5,367.0 Hamlet - 35.0 Newington Forest
Newington Forest,Week2,Ilda Community,Week4,227.0 Ilda Community - 173.0 Newington Forest
Mount Vernon Park,Week4,Walden Glen,Week2,295.0 Mount Vernon Park - 107.0 Walden Glen
Mount Vernon Park,Week1,Cottontail,Week1,277.0 Mount Vernon Park - 125.0 Cottontail
Mount Vernon Park,Week1,Waynewood,Week4,210.0 Mount Vernon Park - 192.0 Waynewood
Newington Forest,Week5,Greenbriar,Week3,273.0 Greenbriar - 129.0 Newington Forest
Mount Vernon Park,Week5,Walden Glen,Week2,311.0 Mount Vernon Park - 91.0 Walden Glen
Newington Forest,Week3,Hamlet,Week2,363.0 Hamlet - 39.0 Newington Forest
Newington Forest,Week3,Ilda Community,Week2,229.0 Ilda Community - 172.0 Newington Forest
Mount Vernon Park,Week1,Commonwealth,Week5,268.0 Mount Vernon Park - 134.0 Commonwealth
Newington Forest,Week4,Greenbriar,Week5,273.0 Greenbriar - 129.0 Newington Forest
Mount Vernon Park,Week5,Commonwealth,Week3,296.0 Mount Vernon Park - 106.0 Commonwealth
Mount Vernon Park,Week2,Country Club Hills,Week4,283.0 Mount Vernon Park - 119.0 Country Club Hills
Newington Forest,Week2,Hamlet,Week2,361.0 Hamlet - 41.0 Newington Forest
Mount Vernon Park,Week1,Rolling Valley,Week4,329.0 Mount Vernon Park - 73.0 Rolling Valley
Newington Forest,Week1,Hamlet,Week2,365.5 Hamlet - 36.5 Newington Forest
Mount Vernon Park,Week3,Rolling Valley,Week2,342.0 Mount Vernon Park - 60.0 Rolling Valley
Mount Vernon Park,Week1,Waynewood,Week3,213.0 Waynewood - 189.0 Mount Vernon Park
Mount Vernon Park,Week5,Sully Station II,Week1,248.0 Mount Vernon Park - 154.0 Sully Station II
Mount Vernon Park,Week2,Commonwealth,Week1,293.0 Mount Vernon Park - 109.0 Commonwealth
Mount Vernon Park,Week5,Sully Station,Week4,220.0 Mount Vernon Park - 182.0 Sully Station
Mount Vernon Park,Week5,Commonwealth,Week5,287.0 Mount Vernon Park - 115.0 Commonwealth
Mount Vernon Park,Week4,Sully Station II,Week5,227.0 Sully Station II - 175.0 Mount Vernon Park
Mount Vernon Park,Week1,Rutherford,Week1,319.0 Mount Vernon Park - 83.0 Rutherford
Mount Vernon Park,Week2,Commonwealth,Week5,271.0 Mount Vernon Park - 131.0 Commonwealth
Mount Vernon Park,Week2,Sully Station II,Week5,244.0 Sully Station II - 158.0 Mount Vernon Park
Newington Forest,Week2,Ilda Community,Week5,225.0 Ilda Community - 168.0 Newington Forest
Mount Vernon Park,Week1,Rolling Valley,Week3,328.0 Mount Vernon Park - 74.0 Rolling Valley
Newington Forest,Week5,Greenbriar,Week1,271.0 Greenbriar - 131.0 Newington Forest
Mount Vernon Park,Week5,Rolling Valley,Week1,371.0 Mount Vernon Park - 31.0 Rolling Valley
Mount Vernon Park,Week5,Waynewood,Week2,222.0 Mount Vernon Park - 180.0 Waynewood
Newington Forest,Week5,Hunter Mill,Week2,279.0 Hunter Mill - 123.0 Newington Forest
Newington Forest,Week4,Hunter Mill,Week1,311.0 Hunter Mill - 91.0 Newington Forest
Newington Forest,Week2,Ilda Community,Week2,221.0 Ilda Community - 179.0 Newington Forest
Mount Vernon Park,Week5,Rolling Valley,Week2,346.0 Mount Vernon Park - 51.0 Rolling Valley
Mount Vernon Park,Week2,Waynewood,Week4,219.0 Mount Vernon Park - 183.0 Waynewood
Mount Vernon Park,Week1,Commonwealth,Week4,270.0 Mount Vernon Park - 132.0 Commonwealth
Mount Vernon Park,Week5,Rolling Valley,Week4,335.0 Mount Vernon Park - 67.0 Rolling Valley
Mount Vernon Park,Week1,Waynewood,Week2,211.0 Mount Vernon Park - 191.0 Waynewood
Mount Vernon Park,Week1,Country Club Hills,Week5,274.0 Mount Vernon Park - 128.0 Country Club Hills
Mount Vernon Park,Week1,Sully Station II,Week3,219.5 Sully Station II - 182.5 Mount Vernon Park
Mount Vernon Park,Week3,Waynewood,Week2,214.5 Mount Vernon Park - 187.5 Waynewood
Mount Vernon Park,Week4,Sully Station,Week5,221.0 Sully Station - 181.0 Mount Vernon Park
Mount Vernon Park,Week2,Sully Station II,Week1,218.0 Mount Vernon Park - 184.0 Sully Station II
Newington Forest,Week5,Hamlet,Week3,337.0 Hamlet - 65.0 Newington Forest
Mount Vernon Park,Week1,Cottontail,Week2,287.0 Mount Vernon Park - 115.0 Cottontail
Mount Vernon Park,Week2,Sully Station II,Week2,213.0 Sully Station II - 189.0 Mount Vernon Park
Mount Vernon Park,Week5,Rolling Valley,Week3,351.0 Mount Vernon Park - 51.0 Rolling Valley
Newington Forest,Week3,Ilda Community,Week4,228.0 Ilda Community - 173.0 Newington Forest
Mount Vernon Park,Week5,Walden Glen,Week3,323.0 Mount Vernon Park - 79.0 Walden Glen
Mount Vernon Park,Week4,Rolling Valley,Week3,336.0 Mount Vernon Park - 66.0 Rolling Valley
Mount Vernon Park,Week3,Waynewood,Week1,228.0 Mount Vernon Park - 174.0 Waynewood
Mount Vernon Park,Week3,Rolling Valley,Week1,369.0 Mount Vernon Park - 33.0 Rolling Valley
Mount Vernon Park,Week4,Commonwealth,Week3,284.0 Mount Vernon Park - 118.0 Commonwealth
Newington Forest,Week2,Ilda Community,Week3,225.0 Ilda Community - 175.0 Newington Forest
Mount Vernon Park,Week5,Walden Glen,Week1,329.0 Mount Vernon Park - 73.0 Walden Glen
Newington Forest,Week4,Hamlet,Week3,339.0 Hamlet - 63.0 Newington Forest
Mount Vernon Park,Week1,Waynewood,Week1,216.0 Mount Vernon Park - 186.0 Waynewood
Newington Forest,Week3,Hamlet,Week5,346.5 Hamlet - 55.5 Newington Forest
Mount Vernon Park,Week2,Commonwealth,Week4,286.0 Mount Vernon Park - 116.0 Commonwealth
Mount Vernon Park,Week5,Sully Station,Week2,212.0 Mount Vernon Park - 190.0 Sully Station
Mount Vernon Park,Week3,Rolling Valley,Week3,329.0 Mount Vernon Park - 72.0 Rolling Valley
Newington Forest,Week1,Ilda Community,Week3,229.0 Ilda Community - 170.0 Newington Forest
Mount Vernon Park,Week1,Sully Station II,Week5,228.5 Sully Station II - 173.5 Mount Vernon Park
Mount Vernon Park,Week2,Rolling Valley,Week4,324.0 Mount Vernon Park - 78.0 Rolling Valley
Newington Forest,Week4,Hamlet,Week1,343.0 Hamlet - 59.0 Newington Forest
Newington Forest,Week4,Hamlet,Week5,341.0 Hamlet - 61.0 Newington Forest
Newington Forest,Week3,Ilda Community,Week1,212.0 Ilda Community - 186.0 Newington Forest
Mount Vernon Park,Week1,Cottontail,Week4,292.0 Mount Vernon Park - 110.0 Cottontail
Newington Forest,Week4,Hamlet,Week2,354.0 Hamlet - 48.0 Newington Forest
Mount Vernon Park,Week1,Cottontail,Week3,300.0 Mount Vernon Park - 102.0 Cottontail
Mount Vernon Park,Week5,Sully Station,Week5,206.0 Mount Vernon Park - 196.0 Sully Station
Newington Forest,Week3,Ilda Community,Week3,222.0 Ilda Community - 179.0 Newington Forest
Mount Vernon Park,Week5,Walden Glen,Week4,297.5 Mount Vernon Park - 103.5 Walden Glen
Newington Forest,Week5,Hayfield Farm,Week5,235.0 Hayfield Farm - 167.0 Newington Forest
Mount Vernon Park,Week3,Sully Station II,Week2,206.0 Sully Station II - 196.0 Mount Vernon Park
Mount Vernon Park,Week5,Oakton ,Week4,202.0 Mount Vernon Park - 200.0 Oakton
Mount Vernon Park,Week1,Oakton ,Week5,233.0 Oakton - 164.0 Mount Vernon Park
Mount Vernon Park,Week1,Sully Station II,Week4,228.5 Mount Vernon Park - 173.5 Sully Station II
Newington Forest,Week4,Hunter Mill,Week3,314.0 Hunter Mill - 88.0 Newington Forest
Mount Vernon Park,Week1,Rutherford,Week4,292.0 Mount Vernon Park - 110.0 Rutherford
Newington Forest,Week1,Ilda Community,Week1,227.0 Ilda Community - 170.0 Newington Forest
Mount Vernon Park,Week2,Waynewood,Week3,212.0 Waynewood - 190.0 Mount Vernon Park
Mount Vernon Park,Week4,Walden Glen,Week5,264.0 Mount Vernon Park - 138.0 Walden Glen
Mount Vernon Park,Week4,Walden Glen,Week4,268.0 Mount Vernon Park - 134.0 Walden Glen
Mount Vernon Park,Week2,Cottontail,Week3,298.0 Mount Vernon Park - 104.0 Cottontail
Mount Vernon Park,Week5,Sully Station,Week1,218.5 Mount Vernon Park - 183.5 Sully Station
Mount Vernon Park,Week2,Cottontail,Week4,279.0 Mount Vernon Park - 123.0 Cottontail
Mount Vernon Park,Week2,Cottontail,Week1,272.0 Mount Vernon Park - 130.0 Cottontail
Mount Vernon Park,Week3,Cottontail,Week2,290.0 Mount Vernon Park - 112.0 Cottontail
Newington Forest,Week1,Ilda Community,Week4,253.0 Ilda Community - 146.0 Newington Forest
Mount Vernon Park,Week1,Rutherford,Week2,305.0 Mount Vernon Park - 97.0 Rutherford
Newington Forest,Week1,Herndon,Week3,224.0 Newington Forest - 171.0 Herndon
Newington Forest,Week5,Hayfield Farm,Week2,250.0 Hayfield Farm - 152.0 Newington Forest
Newington Forest,Week1,Kent Gardens,Week3,276.0 Kent Gardens - 126.0 Newington Forest
Mount Vernon Park,Week5,Rutherford,Week4,304.0 Mount Vernon Park - 98.0 Rutherford
Mount Vernon Park,Week2,Oakton ,Week3,217.0 Oakton - 185.0 Mount Vernon Park
Mount Vernon Park,Week5,Waynewood,Week1,233.0 Mount Vernon Park - 169.0 Waynewood
Mount Vernon Park,Week3,Sully Station II,Week3,226.0 Sully Station II - 176.0 Mount Vernon Park
Mount Vernon Park,Week3,Oakton ,Week1,203.0 Oakton - 199.0 Mount Vernon Park
Mount Vernon Park,Week3,Waynewood,Week5,207.0 Waynewood - 195.0 Mount Vernon Park
Newington Forest,Week2,Hayfield Farm,Week1,271.0 Hayfield Farm - 131.0 Newington Forest
Newington Forest,Week3,Hayfield Farm,Week2,280.0 Hayfield Farm - 122.0 Newington Forest
Newington Forest,Week1,Herndon,Week5,237.0 Newington Forest - 161.0 Herndon
Mount Vernon Park,Week3,Cottontail,Week5,288.0 Mount Vernon Park - 114.0 Cottontail
Mount Vernon Park,Week1,Old Keene Mill,Week2,301.0 Mount Vernon Park - 101.0 Old Keene Mill
Mount Vernon Park,Week2,Old Keene Mill,Week4,311.0 Mount Vernon Park - 91.0 Old Keene Mill
Mount Vernon Park,Week4,Cottontail,Week1,273.0 Mount Vernon Park - 129.0 Cottontail
Mount Vernon Park,Week5,Rutherford,Week3,305.0 Mount Vernon Park - 96.0 Rutherford
Mount Vernon Park,Week4,Cottontail,Week4,282.5 Mount Vernon Park - 119.5 Cottontail
Newington Forest,Week3,Kent Gardens,Week2,266.0 Kent Gardens - 136.0 Newington Forest
Mount Vernon Park,Week1,Shouse Village,Week2,258.0 Mount Vernon Park - 144.0 Shouse Village
Mount Vernon Park,Week3,Oakton ,Week3,220.0 Oakton - 182.0 Mount Vernon Park
Newington Forest,Week3,Kent Gardens,Week3,260.0 Kent Gardens - 142.0 Newington Forest
Mount Vernon Park,Week2,Rutherford,Week1,322.0 Mount Vernon Park - 80.0 Rutherford
Newington Forest,Week2,Kent Gardens,Week4,287.0 Kent Gardens - 115.0 Newington Forest
Mount Vernon Park,Week3,Sully Station II,Week1,227.0 Mount Vernon Park - 175.0 Sully Station II
Mount Vernon Park,Week2,Old Keene Mill,Week3,293.0 Mount Vernon Park - 109.0 Old Keene Mill
Mount Vernon Park,Week3,Rutherford,Week5,287.0 Mount Vernon Park - 115.0 Rutherford
Mount Vernon Park,Week4,Cottontail,Week3,300.0 Mount Vernon Park - 102.0 Cottontail
Mount Vernon Park,Week3,Cottontail,Week1,279.5 Mount Vernon Park - 122.5 Cottontail
Mount Vernon Park,Week4,Waynewood,Week4,216.0 Mount Vernon Park - 186.0 Waynewood
Mount Vernon Park,Week3,Old Keene Mill,Week1,315.0 Mount Vernon Park - 86.0 Old Keene Mill
Newington Forest,Week4,Ilda Community,Week2,210.0 Newington Forest - 192.0 Ilda Community
Mount Vernon Park,Week2,Sully Station II,Week3,237.0 Sully Station II - 165.0 Mount Vernon Park
Newington Forest,Week3,Hayfield Farm,Week5,279.0 Hayfield Farm - 123.0 Newington Forest
Mount Vernon Park,Week1,Shouse Village,Week1,248.0 Mount Vernon Park - 154.0 Shouse Village
Mount Vernon Park,Week4,Waynewood,Week1,222.0 Mount Vernon Park - 180.0 Waynewood
Newington Forest,Week3,Ilda Community,Week5,215.5 Ilda Community - 182.5 Newington Forest
Mount Vernon Park,Week3,Waynewood,Week3,202.0 Mount Vernon Park - 200.0 Waynewood
Newington Forest,Week2,Hayfield Farm,Week4,300.0 Hayfield Farm - 102.0 Newington Forest
Mount Vernon Park,Week3,Sully Station II,Week4,240.0 Mount Vernon Park - 162.0 Sully Station II
Mount Vernon Park,Week4,Oakton ,Week1,215.0 Oakton - 187.0 Mount Vernon Park
Mount Vernon Park,Week1,Sully Station II,Week2,209.0 Mount Vernon Park - 193.0 Sully Station II
Mount Vernon Park,Week3,Cottontail,Week3,305.0 Mount Vernon Park - 97.0 Cottontail
Newington Forest,Week4,Kent Gardens,Week2,243.0 Kent Gardens - 159.0 Newington Forest
Mount Vernon Park,Week3,Rutherford,Week3,307.0 Mount Vernon Park - 95.0 Rutherford
Mount Vernon Park,Week1,Sully Station II,Week1,225.0 Mount Vernon Park - 177.0 Sully Station II
Mount Vernon Park,Week1,Waynewood,Week5,204.0 Mount Vernon Park - 198.0 Waynewood
Newington Forest,Week4,Ilda Community,Week1,203.0 Newington Forest - 198.0 Ilda Community
Mount Vernon Park,Week5,Oakton ,Week3,209.5 Oakton - 192.5 Mount Vernon Park
Newington Forest,Week2,Hayfield Farm,Week3,291.0 Hayfield Farm - 111.0 Newington Forest
Mount Vernon Park,Week3,Sully Station II,Week5,221.0 Sully Station II - 181.0 Mount Vernon Park
Newington Forest,Week5,Hayfield Farm,Week1,248.0 Hayfield Farm - 154.0 Newington Forest
Mount Vernon Park,Week5,Waynewood,Week4,241.0 Mount Vernon Park - 161.0 Waynewood
Newington Forest,Week4,Ilda Community,Week4,209.0 Ilda Community - 193.0 Newington Forest
Mount Vernon Park,Week4,Cottontail,Week5,278.0 Mount Vernon Park - 124.0 Cottontail
Newington Forest,Week5,Rolling Valley,Week3,239.0 Newington Forest - 158.0 Rolling Valley
Mount Vernon Park,Week5,Woodley,Week1,346.0 Mount Vernon Park - 56.0 Woodley
Newington Forest,Week1,Hayfield Farm,Week2,290.0 Hayfield Farm - 112.0 Newington Forest
Mount Vernon Park,Week1,Truro,Week1,294.0 Mount Vernon Park - 108.0 Truro
Mount Vernon Park,Week2,Rutherford,Week2,304.0 Mount Vernon Park - 98.0 Rutherford
Newington Forest,Week5,Ilda Community,Week3,220.0 Newington Forest - 182.0 Ilda Community
Mount Vernon Park,Week2,Woodley,Week3,338.0 Mount Vernon Park - 64.0 Woodley
Mount Vernon Park,Week3,Cottontail,Week4,297.0 Mount Vernon Park - 105.0 Cottontail
Newington Forest,Week1,Annandale,Week2,221.0 Annandale - 180.0 Newington Forest
Newington Forest,Week1,Kent Gardens,Week1,289.0 Kent Gardens - 113.0 Newington Forest
Newington Forest,Week1,Hayfield Farm,Week5,279.0 Hayfield Farm - 123.0 Newington Forest
Mount Vernon Park,Week5,Sully Station II,Week5,201.0 Mount Vernon Park - 201.0 Sully Station II
Mount Vernon Park,Week3,Old Keene Mill,Week4,326.0 Mount Vernon Park - 76.0 Old Keene Mill
Mount Vernon Park,Week2,Shouse Village,Week2,258.0 Mount Vernon Park - 144.0 Shouse Village
Mount Vernon Park,Week4,Waynewood,Week5,222.0 Waynewood - 180.0 Mount Vernon Park
Mount Vernon Park,Week4,Cottontail,Week2,286.0 Mount Vernon Park - 116.0 Cottontail
Mount Vernon Park,Week4,Old Keene Mill,Week2,307.0 Mount Vernon Park - 95.0 Old Keene Mill
Newington Forest,Week5,Ilda Community,Week5,222.0 Newington Forest - 179.0 Ilda Community
Mount Vernon Park,Week2,Old Keene Mill,Week2,304.0 Mount Vernon Park - 98.0 Old Keene Mill
Mount Vernon Park,Week1,Shouse Village,Week3,249.0 Mount Vernon Park - 153.0 Shouse Village
Newington Forest,Week1,Hayfield Farm,Week1,274.0 Hayfield Farm - 128.0 Newington Forest
Mount Vernon Park,Week5,Truro,Week2,330.0 Mount Vernon Park - 71.0 Truro
Mount Vernon Park,Week3,Truro,Week1,310.0 Mount Vernon Park - 92.0 Truro
Mount Vernon Park,Week2,Shouse Village,Week1,237.0 Mount Vernon Park - 165.0 Shouse Village
Newington Forest,Week1,Hayfield Farm,Week4,300.0 Hayfield Farm - 102.0 Newington Forest
Mount Vernon Park,Week1,Shouse Village,Week4,233.0 Mount Vernon Park - 169.0 Shouse Village
Mount Vernon Park,Week4,Truro,Week1,303.0 Mount Vernon Park - 99.0 Truro
Newington Forest,Week1,Kent Gardens,Week4,281.0 Kent Gardens - 121.0 Newington Forest
Newington Forest,Week3,Rolling Valley,Week5,213.0 Newington Forest - 189.0 Rolling Valley
Newington Forest,Week3,Hayfield Farm,Week3,285.0 Hayfield Farm - 117.0 Newington Forest
Mount Vernon Park,Week1,Old Keene Mill,Week1,312.0 Mount Vernon Park - 90.0 Old Keene Mill
Mount Vernon Park,Week2,Woodley,Week5,324.0 Mount Vernon Park - 78.0 Woodley
Newington Forest,Week2,Kent Gardens,Week1,300.0 Kent Gardens - 102.0 Newington Forest
Newington Forest,Week3,Hayfield Farm,Week4,297.0 Hayfield Farm - 105.0 Newington Forest
Newington Forest,Week1,Rolling Valley,Week5,220.0 Rolling Valley - 182.0 Newington Forest
Mount Vernon Park,Week1,Truro,Week2,316.0 Mount Vernon Park - 85.0 Truro
Newington Forest,Week5,Ilda Community,Week4,210.0 Newington Forest - 192.0 Ilda Community
Mount Vernon Park,Week3,Rutherford,Week4,298.0 Mount Vernon Park - 104.0 Rutherford
Mount Vernon Park,Week4,Rutherford,Week1,331.0 Mount Vernon Park - 71.0 Rutherford
Newington Forest,Week2,Hayfield Farm,Week2,278.0 Hayfield Farm - 124.0 Newington Forest
Mount Vernon Park,Week3,Truro,Week3,318.0 Mount Vernon Park - 83.0 Truro
Mount Vernon Park,Week4,Truro,Week2,314.0 Mount Vernon Park - 88.0 Truro
Mount Vernon Park,Week3,Woodley,Week3,337.5 Mount Vernon Park - 64.5 Woodley
Mount Vernon Park,Week2,Oakton ,Week4,223.0 Oakton - 179.0 Mount Vernon Park
Newington Forest,Week1,Annandale,Week5,208.0 Annandale - 193.0 Newington Forest
Mount Vernon Park,Week2,Oakton ,Week1,218.5 Oakton - 183.5 Mount Vernon Park
Mount Vernon Park,Week5,Oakton ,Week2,215.5 Oakton - 186.5 Mount Vernon Park
Newington Forest,Week4,Rolling Valley,Week3,228.0 Newington Forest - 174.0 Rolling Valley
Mount Vernon Park,Week3,Shouse Village,Week3,262.0 Mount Vernon Park - 140.0 Shouse Village
Mount Vernon Park,Week3,Shouse Village,Week2,269.0 Mount Vernon Park - 133.0 Shouse Village
Mount Vernon Park,Week2,Oakton ,Week5,233.0 Oakton - 169.0 Mount Vernon Park
Newington Forest,Week1,Hayfield Farm,Week3,296.0 Hayfield Farm - 106.0 Newington Forest
Newington Forest,Week4,Hayfield Farm,Week1,251.0 Hayfield Farm - 151.0 Newington Forest
Mount Vernon Park,Week3,Woodley,Week4,340.0 Mount Vernon Park - 62.0 Woodley
Newington Forest,Week2,Rutherford,Week2,216.0 Rutherford - 182.0 Newington Forest
Newington Forest,Week3,Rolling Valley,Week2,208.0 Newington Forest - 194.0 Rolling Valley
Newington Forest,Week3,Kent Gardens,Week4,273.0 Kent Gardens - 129.0 Newington Forest
Newington Forest,Week4,Hayfield Farm,Week3,269.0 Hayfield Farm - 133.0 Newington Forest
Mount Vernon Park,Week3,Oakton ,Week2,228.0 Oakton - 174.0 Mount Vernon Park
Mount Vernon Park,Week4,Truro,Week3,310.0 Mount Vernon Park - 92.0 Truro
Mount Vernon Park,Week2,Truro,Week5,304.0 Mount Vernon Park - 98.0 Truro
Newington Forest,Week4,Rolling Valley,Week5,211.0 Newington Forest - 191.0 Rolling Valley
Mount Vernon Park,Week4,Woodley,Week3,339.5 Mount Vernon Park - 62.5 Woodley
Mount Vernon Park,Week4,Woodley,Week1,339.0 Mount Vernon Park - 63.0 Woodley
Mount Vernon Park,Week4,Truro,Week4,294.5 Mount Vernon Park - 107.5 Truro
Mount Vernon Park,Week5,Sully Station II,Week4,257.0 Mount Vernon Park - 145.0 Sully Station II
Mount Vernon Park,Week4,Rutherford,Week2,299.0 Mount Vernon Park - 103.0 Rutherford
Mount Vernon Park,Week5,Sully Station II,Week2,219.0 Mount Vernon Park - 183.0 Sully Station II
Mount Vernon Park,Week4,Rutherford,Week3,304.0 Mount Vernon Park - 98.0 Rutherford
Mount Vernon Park,Week4,Oakton ,Week4,229.0 Oakton - 173.0 Mount Vernon Park
Mount Vernon Park,Week3,Rutherford,Week2,305.0 Mount Vernon Park - 97.0 Rutherford
Newington Forest,Week3,Kent Gardens,Week5,300.0 Kent Gardens - 102.0 Newington Forest
Mount Vernon Park,Week2,Rutherford,Week3,306.0 Mount Vernon Park - 96.0 Rutherford
Newington Forest,Week3,Hayfield Farm,Week1,266.0 Hayfield Farm - 136.0 Newington Forest
Newington Forest,Week1,Kent Gardens,Week5,307.0 Kent Gardens - 95.0 Newington Forest
Newington Forest,Week4,Rolling Valley,Week4,208.0 Newington Forest - 194.0 Rolling Valley
Newington Forest,Week2,Kent Gardens,Week3,276.0 Kent Gardens - 126.0 Newington Forest
Newington Forest,Week2,Hayfield Farm,Week5,279.0 Hayfield Farm - 123.0 Newington Forest
Mount Vernon Park,Week4,Oakton ,Week5,235.0 Oakton - 167.0 Mount Vernon Park
Newington Forest,Week3,Kent Gardens,Week1,282.0 Kent Gardens - 120.0 Newington Forest
Mount Vernon Park,Week4,Oakton ,Week3,227.0 Oakton - 175.0 Mount Vernon Park
Mount Vernon Park,Week2,Rutherford,Week5,291.0 Mount Vernon Park - 111.0 Rutherford
Newington Forest,Week2,Rolling Valley,Week2,216.0 Newington Forest - 185.0 Rolling Valley
Mount Vernon Park,Week2,Woodley,Week2,344.0 Mount Vernon Park - 58.0 Woodley
Mount Vernon Park,Week3,Woodley,Week5,330.0 Mount Vernon Park - 72.0 Woodley
Mount Vernon Park,Week2,Woodley,Week1,333.0 Mount Vernon Park - 69.0 Woodley
Newington Forest,Week5,Ilda Community,Week1,219.0 Newington Forest - 182.0 Ilda Community
Newington Forest,Week5,Hayfield Farm,Week3,259.0 Hayfield Farm - 143.0 Newington Forest
Mount Vernon Park,Week1,Oakton ,Week4,228.0 Oakton - 174.0 Mount Vernon Park
Newington Forest,Week1,Rutherford,Week3,233.0 Rutherford - 165.0 Newington Forest
Newington Forest,Week3,Rolling Valley,Week1,243.0 Newington Forest - 159.0 Rolling Valley
Mount Vernon Park,Week5,Truro,Week1,322.0 Mount Vernon Park - 79.0 Truro
Newington Forest,Week4,Hayfield Farm,Week5,256.0 Hayfield Farm - 146.0 Newington Forest
Newington Forest,Week2,Kent Gardens,Week5,315.0 Kent Gardens - 87.0 Newington Forest
Newington Forest,Week4,Hayfield Farm,Week4,264.0 Hayfield Farm - 138.0 Newington Forest
Mount Vernon Park,Week5,Woodley,Week3,337.5 Mount Vernon Park - 64.5 Woodley
Newington Forest,Week5,Hayfield Farm,Week4,259.0 Hayfield Farm - 143.0 Newington Forest
Mount Vernon Park,Week3,Truro,Week4,307.0 Mount Vernon Park - 95.0 Truro
Newington Forest,Week5,Rolling Valley,Week5,233.5 Newington Forest - 168.5 Rolling Valley
Newington Forest,Week1,Herndon,Week1,235.0 Newington Forest - 158.0 Herndon
Mount Vernon Park,Week1,Woodley,Week2,333.0 Mount Vernon Park - 69.0 Woodley
Mount Vernon Park,Week1,Truro,Week5,299.0 Mount Vernon Park - 103.0 Truro
Newington Forest,Week1,Annandale,Week1,210.0 Annandale - 191.0 Newington Forest
Newington Forest,Week5,Rolling Valley,Week2,235.0 Newington Forest - 167.0 Rolling Valley
Mount Vernon Park,Week5,Oakton ,Week1,207.0 Mount Vernon Park - 195.0 Oakton
Mount Vernon Park,Week2,Oakton ,Week2,237.0 Oakton - 165.0 Mount Vernon Park
Newington Forest,Week4,Rolling Valley,Week2,228.0 Newington Forest - 174.0 Rolling Valley
Mount Vernon Park,Week2,Truro,Week4,311.0 Mount Vernon Park - 91.0 Truro
Mount Vernon Park,Week3,Oakton ,Week5,217.0 Oakton - 185.0 Mount Vernon Park
Mount Vernon Park,Week5,Rutherford,Week2,312.0 Mount Vernon Park - 89.0 Rutherford
Mount Vernon Park,Week3,Oakton ,Week4,211.0 Oakton - 191.0 Mount Vernon Park
Mount Vernon Park,Week3,Rutherford,Week1,329.0 Mount Vernon Park - 73.0 Rutherford
Mount Vernon Park,Week3,Truro,Week2,324.0 Mount Vernon Park - 78.0 Truro
Mount Vernon Park,Week4,Oakton ,Week2,239.5 Oakton - 162.5 Mount Vernon Park
Newington Forest,Week4,Hayfield Farm,Week2,261.0 Hayfield Farm - 141.0 Newington Forest
Mount Vernon Park,Week4,Rutherford,Week5,283.0 Mount Vernon Park - 119.0 Rutherford
Mount Vernon Park,Week5,Woodley,Week4,336.0 Mount Vernon Park - 66.0 Woodley
Newington Forest,Week2,Rolling Valley,Week1,228.0 Newington Forest - 172.0 Rolling Valley
Newington Forest,Week4,Ilda Community,Week5,212.0 Newington Forest - 189.0 Ilda Community
Newington Forest,Week2,Kent Gardens,Week2,282.0 Kent Gardens - 120.0 Newington Forest
Newington Forest,Week4,Ilda Community,Week3,203.0 Newington Forest - 199.0 Ilda Community
Newington Forest,Week1,Kent Gardens,Week2,283.0 Kent Gardens - 119.0 Newington Forest
Mount Vernon Park,Week4,Rutherford,Week4,295.0 Mount Vernon Park - 107.0 Rutherford
Mount Vernon Park,Week2,Woodley,Week4,332.0 Mount Vernon Park - 70.0 Woodley
Mount Vernon Park,Week5,Rutherford,Week1,328.0 Mount Vernon Park - 73.0 Rutherford
Mount Vernon Park,Week2,Rutherford,Week4,298.0 Mount Vernon Park - 104.0 Rutherford
Mount Vernon Park,Week3,Truro,Week5,312.0 Mount Vernon Park - 90.0 Truro
Mount Vernon Park,Week2,Truro,Week1,307.0 Mount Vernon Park - 95.0 Truro
Newington Forest,Week3,Kings Ridge ,Week3,217.5 Kings Ridge - 180.5 Newington Forest
Mount Vernon Park,Week2,Truro,Week3,319.0 Mount Vernon Park - 83.0 Truro
Newington Forest,Week1,Rolling Valley,Week2,205.0 Rolling Valley - 197.0 Newington Forest
Mount Vernon Park,Week1,Shouse Village,Week5,225.0 Mount Vernon Park - 177.0 Shouse Village
Newington Forest,Week2,Herndon,Week1,240.0 Newington Forest - 152.0 Herndon
Mount Vernon Park,Week1,Old Keene Mill,Week3,298.0 Mount Vernon Park - 104.0 Old Keene Mill
Mount Vernon Park,Week2,Shouse Village,Week3,246.0 Mount Vernon Park - 156.0 Shouse Village
Mount Vernon Park,Week1,Woodley,Week5,315.0 Mount Vernon Park - 87.0 Woodley
Newington Forest,Week2,Rolling Valley,Week4,214.5 Rolling Valley - 185.5 Newington Forest
Mount Vernon Park,Week1,Old Keene Mill,Week4,311.0 Mount Vernon Park - 91.0 Old Keene Mill
Newington Forest,Week3,Kings Ridge ,Week5,225.0 Kings Ridge - 177.0 Newington Forest
Newington Forest,Week5,Ilda Community,Week2,217.0 Newington Forest - 185.0 Ilda Community
Newington Forest,Week1,Herndon,Week4,223.0 Newington Forest - 176.0 Herndon
Newington Forest,Week1,Herndon,Week2,224.0 Newington Forest - 174.0 Herndon
Newington Forest,Week2,Rolling Valley,Week3,200.0 Rolling Valley - 198.0 Newington Forest
Mount Vernon Park,Week1,Woodley,Week3,329.0 Mount Vernon Park - 73.0 Woodley
Newington Forest,Week4,Kent Gardens,Week1,256.0 Kent Gardens - 146.0 Newington Forest
Mount Vernon Park,Week5,Oakton ,Week5,206.5 Oakton - 195.5 Mount Vernon Park
Mount Vernon Park,Week5,Rutherford,Week5,287.0 Mount Vernon Park - 114.0 Rutherford
Mount Vernon Park,Week3,Woodley,Week1,339.0 Mount Vernon Park - 63.0 Woodley
Newington Forest,Week2,Herndon,Week2,236.0 Newington Forest - 161.0 Herndon
Mount Vernon Park,Week1,Truro,Week3,312.0 Mount Vernon Park - 90.0 Truro
Mount Vernon Park,Week5,Sully Station II,Week3,204.0 Sully Station II - 198.0 Mount Vernon Park
Newington Forest,Week5,Rolling Hills,Week5,207.0 Rolling Hills - 195.0 Newington Forest
Mount Vernon Park,Week3,Woodley,Week2,346.0 Mount Vernon Park - 56.0 Woodley
Newington Forest,Week5,Daventry,Week5,232.0 Newington Forest - 170.0 Daventry
Mount Vernon Park,Week1,Woodley,Week1,329.0 Mount Vernon Park - 73.0 Woodley
Mount Vernon Park,Week3,Old Keene Mill,Week3,306.0 Mount Vernon Park - 96.0 Old Keene Mill
Newington Forest,Week3,Daventry,Week5,206.0 Newington Forest - 196.0 Daventry
Newington Forest,Week5,Kent Gardens,Week2,249.0 Kent Gardens - 153.0 Newington Forest
Mount Vernon Park,Week2,Shouse Village,Week5,233.0 Mount Vernon Park - 169.0 Shouse Village
Mount Vernon Park,Week5,Woodley,Week2,340.0 Mount Vernon Park - 61.0 Woodley
Newington Forest,Week1,Kings Ridge ,Week4,237.0 Kings Ridge - 165.0 Newington Forest
Mount Vernon Park,Week3,Shouse Village,Week1,244.0 Mount Vernon Park - 158.0 Shouse Village
Newington Forest,Week1,Rolling Valley,Week4,209.0 Rolling Valley - 192.0 Newington Forest
Newington Forest,Week2,Kings Ridge ,Week5,242.0 Kings Ridge - 160.0 Newington Forest
Newington Forest,Week2,Rolling Valley,Week5,201.0 Newington Forest - 201.0 Rolling Valley
Mount Vernon Park,Week1,Truro,Week4,300.0 Mount Vernon Park - 102.0 Truro
Mount Vernon Park,Week2,Old Keene Mill,Week5,289.0 Mount Vernon Park - 113.0 Old Keene Mill
Newington Forest,Week5,Kent Gardens,Week4,254.0 Kent Gardens - 148.0 Newington Forest
Newington Forest,Week2,Daventry,Week5,208.0 Newington Forest - 189.0 Daventry
Mount Vernon Park,Week3,Shouse Village,Week4,247.0 Mount Vernon Park - 155.0 Shouse Village
Newington Forest,Week4,Daventry,Week2,245.0 Newington Forest - 156.0 Daventry
Mount Vernon Park,Week2,Truro,Week2,318.0 Mount Vernon Park - 84.0 Truro
Mount Vernon Park,Week2,Shouse Village,Week4,236.0 Mount Vernon Park - 166.0 Shouse Village
Mount Vernon Park,Week1,Woodley,Week4,328.0 Mount Vernon Park - 74.0 Woodley
Mount Vernon Park,Week2,Old Keene Mill,Week1,324.0 Mount Vernon Park - 78.0 Old Keene Mill
Mount Vernon Park,Week4,Truro,Week5,300.0 Mount Vernon Park - 102.0 Truro
Mount Vernon Park,Week4,Tuckahoe,Week5,324.0 Tuckahoe - 78.0 Mount Vernon Park
Mount Vernon Park,Week1,Old Keene Mill,Week5,299.0 Mount Vernon Park - 103.0 Old Keene Mill
Mount Vernon Park,Week3,Old Keene Mill,Week2,313.0 Mount Vernon Park - 89.0 Old Keene Mill
Mount Vernon Park,Week3,Shouse Village,Week5,231.0 Mount Vernon Park - 171.0 Shouse Village
Newington Forest,Week4,Rolling Valley,Week1,262.0 Newington Forest - 140.0 Rolling Valley
Mount Vernon Park,Week4,Woodley,Week5,331.0 Mount Vernon Park - 71.0 Woodley
Newington Forest,Week2,Herndon,Week3,231.0 Newington Forest - 163.0 Herndon
Newington Forest,Week1,Rolling Valley,Week1,235.0 Newington Forest - 165.0 Rolling Valley
Newington Forest,Week2,Kings Ridge ,Week3,227.0 Kings Ridge - 167.0 Newington Forest
Newington Forest,Week5,Annandale,Week4,247.0 Newington Forest - 155.0 Annandale
Mount Vernon Park,Week5,Shouse Village,Week5,256.0 Mount Vernon Park - 146.0 Shouse Village
Newington Forest,Week2,Dominion Hills,Week3,282.0 Dominion Hills - 120.0 Newington Forest
Newington Forest,Week1,Annandale,Week4,208.0 Newington Forest - 192.0 Annandale
Newington Forest,Week3,Kings Ridge ,Week2,207.0 Kings Ridge - 195.0 Newington Forest
Mount Vernon Park,Week5,Old Keene Mill,Week3,314.0 Mount Vernon Park - 88.0 Old Keene Mill
Newington Forest,Week1,Rolling Valley,Week3,202.0 Newington Forest - 198.0 Rolling Valley
Mount Vernon Park,Week1,Tuckahoe,Week2,295.0 Tuckahoe - 107.0 Mount Vernon Park
Mount Vernon Park,Week4,Woodley,Week2,335.5 Mount Vernon Park - 66.5 Woodley
Mount Vernon Park,Week4,Old Keene Mill,Week1,316.0 Mount Vernon Park - 86.0 Old Keene Mill
Mount Vernon Park,Week5,Woodley,Week5,328.0 Mount Vernon Park - 73.0 Woodley
Mount Vernon Park,Week3,Orange Hunt,Week1,257.0 Mount Vernon Park - 145.0 Orange Hunt
Newington Forest,Week3,Daventry,Week3,227.0 Newington Forest - 175.0 Daventry
Newington Forest,Week3,Kings Ridge ,Week4,215.0 Kings Ridge - 187.0 Newington Forest
Newington Forest,Week3,Rolling Valley,Week3,221.0 Newington Forest - 181.0 Rolling Valley
Newington Forest,Week1,Lake Braddock,Week1,223.0 Newington Forest - 178.0 Lake Braddock
Mount Vernon Park,Week4,Woodley,Week4,338.0 Mount Vernon Park - 64.0 Woodley
Mount Vernon Park,Week2,Sideburn Run,Week1,238.0 Mount Vernon Park - 164.0 Sideburn Run
Newington Forest,Week3,Kings Ridge ,Week1,207.0 Kings Ridge - 195.0 Newington Forest
Mount Vernon Park,Week4,Shouse Village,Week3,242.0 Mount Vernon Park - 160.0 Shouse Village
Mount Vernon Park,Week2,Tuckahoe,Week1,301.0 Tuckahoe - 101.0 Mount Vernon Park
Mount Vernon Park,Week1,Orange Hunt,Week1,258.5 Mount Vernon Park - 143.5 Orange Hunt
Mount Vernon Park,Week4,Sideburn Run,Week4,249.0 Mount Vernon Park - 153.0 Sideburn Run
Newington Forest,Week5,Daventry,Week3,254.0 Newington Forest - 148.0 Daventry
Newington Forest,Week3,Daventry,Week1,224.0 Newington Forest - 178.0 Daventry
Newington Forest,Week5,Kings Ridge ,Week5,209.0 Newington Forest - 193.0 Kings Ridge
Newington Forest,Week2,Dominion Hills,Week5,323.0 Dominion Hills - 78.0 Newington Forest
Mount Vernon Park,Week1,Tuckahoe,Week3,334.0 Tuckahoe - 68.0 Mount Vernon Park
Mount Vernon Park,Week5,Truro,Week5,322.0 Mount Vernon Park - 79.0 Truro
Newington Forest,Week1,Rutherford,Week2,232.0 Rutherford - 166.0 Newington Forest
Mount Vernon Park,Week3,Tuckahoe,Week1,280.0 Tuckahoe - 122.0 Mount Vernon Park
Newington Forest,Week1,Annandale,Week3,229.0 Annandale - 173.0 Newington Forest
Newington Forest,Week3,Rolling Valley,Week4,202.0 Rolling Valley - 200.0 Newington Forest
Mount Vernon Park,Week3,Tuckahoe,Week4,317.0 Tuckahoe - 85.0 Mount Vernon Park
Newington Forest,Week5,Daventry,Week1,253.0 Newington Forest - 149.0 Daventry
Mount Vernon Park,Week3,Old Keene Mill,Week5,300.0 Mount Vernon Park - 102.0 Old Keene Mill
Mount Vernon Park,Week1,Orange Hunt,Week2,237.0 Mount Vernon Park - 165.0 Orange Hunt
Newington Forest,Week5,Rolling Valley,Week1,278.0 Newington Forest - 124.0 Rolling Valley
Mount Vernon Park,Week3,Sideburn Run,Week1,237.0 Mount Vernon Park - 160.0 Sideburn Run
Mount Vernon Park,Week4,Shouse Village,Week1,241.0 Mount Vernon Park - 161.0 Shouse Village
Newington Forest,Week1,Rutherford,Week1,207.0 Rutherford - 190.0 Newington Forest
Mount Vernon Park,Week2,Orange Hunt,Week4,236.0 Mount Vernon Park - 166.0 Orange Hunt
Mount Vernon Park,Week1,Sideburn Run,Week3,231.0 Mount Vernon Park - 171.0 Sideburn Run
Newington Forest,Week5,Rolling Valley,Week4,226.0 Newington Forest - 176.0 Rolling Valley
Newington Forest,Week1,Lake Braddock,Week2,202.0 Lake Braddock - 199.0 Newington Forest
Newington Forest,Week5,Kent Gardens,Week3,249.0 Kent Gardens - 153.0 Newington Forest
Newington Forest,Week1,Arlington Forest,Week4,312.0 Arlington Forest - 90.0 Newington Forest
Newington Forest,Week1,Daventry,Week5,211.0 Daventry - 186.0 Newington Forest
Newington Forest,Week1,Rutherford,Week4,242.0 Rutherford - 159.0 Newington Forest
Newington Forest,Week1,Lake Braddock,Week3,203.0 Lake Braddock - 198.0 Newington Forest
Mount Vernon Park,Week3,Tuckahoe,Week5,314.0 Tuckahoe - 88.0 Mount Vernon Park
Mount Vernon Park,Week2,Tuckahoe,Week3,328.5 Tuckahoe - 73.5 Mount Vernon Park
Newington Forest,Week2,Arlington Forest,Week3,261.0 Arlington Forest - 137.0 Newington Forest
Mount Vernon Park,Week2,Sideburn Run,Week4,240.0 Mount Vernon Park - 162.0 Sideburn Run
Newington Forest,Week2,Daventry,Week1,222.0 Newington Forest - 178.0 Daventry
Mount Vernon Park,Week3,Orange Hunt,Week2,246.0 Mount Vernon Park - 156.0 Orange Hunt
Mount Vernon Park,Week3,Sideburn Run,Week5,239.0 Mount Vernon Park - 163.0 Sideburn Run
Newington Forest,Week1,Dominion Hills,Week1,288.0 Dominion Hills - 113.0 Newington Forest
Newington Forest,Week1,Rutherford,Week5,243.0 Rutherford - 155.0 Newington Forest
Mount Vernon Park,Week2,Tuckahoe,Week5,324.0 Tuckahoe - 78.0 Mount Vernon Park
Mount Vernon Park,Week2,Orange Hunt,Week3,228.0 Mount Vernon Park - 174.0 Orange Hunt
Newington Forest,Week2,Arlington Forest,Week1,294.0 Arlington Forest - 108.0 Newington Forest
Newington Forest,Week2,Rutherford,Week1,205.0 Newington Forest - 192.0 Rutherford
Newington Forest,Week1,Arlington Forest,Week3,263.0 Arlington Forest - 135.0 Newington Forest
Newington Forest,Week5,Kent Gardens,Week5,286.0 Kent Gardens - 116.0 Newington Forest
Mount Vernon Park,Week2,Tuckahoe,Week2,301.5 Tuckahoe - 100.5 Mount Vernon Park
Newington Forest,Week3,Daventry,Week2,226.0 Newington Forest - 175.0 Daventry
Mount Vernon Park,Week4,Old Keene Mill,Week4,320.0 Mount Vernon Park - 82.0 Old Keene Mill
Newington Forest,Week2,Rutherford,Week3,221.0 Rutherford - 177.0 Newington Forest
Mount Vernon Park,Week5,Shouse Village,Week3,269.5 Mount Vernon Park - 132.5 Shouse Village
Mount Vernon Park,Week4,Tuckahoe,Week2,303.0 Tuckahoe - 99.0 Mount Vernon Park
Newington Forest,Week4,Dominion Hills,Week5,315.0 Dominion Hills - 87.0 Newington Forest
Newington Forest,Week1,Arlington Forest,Week2,286.0 Arlington Forest - 116.0 Newington Forest
Newington Forest,Week3,Dominion Hills,Week2,298.0 Dominion Hills - 104.0 Newington Forest
Mount Vernon Park,Week1,Tuckahoe,Week1,290.0 Tuckahoe - 112.0 Mount Vernon Park
Newington Forest,Week4,Kent Gardens,Week4,255.0 Kent Gardens - 147.0 Newington Forest
Mount Vernon Park,Week4,Shouse Village,Week5,239.0 Mount Vernon Park - 163.0 Shouse Village
Mount Vernon Park,Week1,Orange Hunt,Week5,229.0 Mount Vernon Park - 173.0 Orange Hunt
Newington Forest,Week1,Arlington Forest,Week1,312.0 Arlington Forest - 90.0 Newington Forest
Newington Forest,Week1,Kings Ridge ,Week2,213.0 Kings Ridge - 189.0 Newington Forest
Mount Vernon Park,Week3,Orange Hunt,Week4,256.0 Mount Vernon Park - 146.0 Orange Hunt
Mount Vernon Park,Week3,Tuckahoe,Week3,315.0 Tuckahoe - 87.0 Mount Vernon Park
Mount Vernon Park,Week2,Orange Hunt,Week1,239.0 Mount Vernon Park - 163.0 Orange Hunt
Newington Forest,Week3,Shouse Village,Week1,235.5 Shouse Village - 166.5 Newington Forest
Newington Forest,Week4,Daventry,Week1,241.5 Newington Forest - 155.5 Daventry
Newington Forest,Week2,Kings Ridge ,Week2,211.0 Kings Ridge - 190.0 Newington Forest
Mosby Woods,Week4,Villa Aquatic,Week3,240.5 Mosby Woods - 161.5 Villa Aquatic
Mount Vernon Park,Week4,Tuckahoe,Week1,301.0 Tuckahoe - 101.0 Mount Vernon Park
Newington Forest,Week4,Dominion Hills,Week4,301.0 Dominion Hills - 96.0 Newington Forest
Newington Forest,Week3,Arlington Forest,Week4,293.0 Arlington Forest - 109.0 Newington Forest
Mount Vernon Park,Week3,Orange Hunt,Week3,240.0 Mount Vernon Park - 162.0 Orange Hunt
Newington Forest,Week2,Annandale,Week3,231.0 Annandale - 171.0 Newington Forest
Newington Forest,Week1,Kings Ridge ,Week1,226.0 Kings Ridge - 175.0 Newington Forest
Mount Vernon Park,Week1,Sideburn Run,Week2,245.0 Mount Vernon Park - 157.0 Sideburn Run
Mount Vernon Park,Week5,Shouse Village,Week4,254.0 Mount Vernon Park - 148.0 Shouse Village
Newington Forest,Week1,Shouse Village,Week3,263.0 Shouse Village - 139.0 Newington Forest
Newington Forest,Week5,Kent Gardens,Week1,262.0 Kent Gardens - 140.0 Newington Forest
Mount Vernon Park,Week5,Shouse Village,Week1,253.0 Mount Vernon Park - 149.0 Shouse Village
Newington Forest,Week2,Rutherford,Week5,231.0 Rutherford - 167.0 Newington Forest
Mosby Woods,Week3,Villa Aquatic,Week4,261.0 Mosby Woods - 141.0 Villa Aquatic
Mount Vernon Park,Week3,Tuckahoe,Week2,289.0 Tuckahoe - 113.0 Mount Vernon Park
Mount Vernon Park,Week5,Old Keene Mill,Week4,334.0 Mount Vernon Park - 68.0 Old Keene Mill
Newington Forest,Week2,Shouse Village,Week2,245.0 Shouse Village - 157.0 Newington Forest
Mount Vernon Park,Week1,Sideburn Run,Week1,228.0 Mount Vernon Park - 174.0 Sideburn Run
Newington Forest,Week4,Arlington Forest,Week1,264.0 Arlington Forest - 133.0 Newington Forest
Newington Forest,Week4,Kent Gardens,Week3,245.0 Kent Gardens - 157.0 Newington Forest
Mount Vernon Park,Week3,Orange Hunt,Week5,220.0 Mount Vernon Park - 182.0 Orange Hunt
Mount Vernon Park,Week2,Tuckahoe,Week4,319.0 Tuckahoe - 83.0 Mount Vernon Park
Newington Forest,Week1,Kings Ridge ,Week5,241.0 Kings Ridge - 161.0 Newington Forest
Mosby Woods,Week1,Village West,Week4,309.0 Mosby Woods - 88.0 Village West
Mosby Woods,Week5,Villa Aquatic,Week2,267.0 Mosby Woods - 135.0 Villa Aquatic
Mount Vernon Park,Week4,Orange Hunt,Week1,237.0 Mount Vernon Park - 165.0 Orange Hunt
Newington Forest,Week5,Rutherford,Week3,202.0 Newington Forest - 195.0 Rutherford
Newington Forest,Week3,Annandale,Week3,203.0 Annandale - 199.0 Newington Forest
Newington Forest,Week4,Kent Gardens,Week5,291.0 Kent Gardens - 111.0 Newington Forest
Newington Forest,Week4,Annandale,Week3,211.0 Newington Forest - 186.0 Annandale
Mosby Woods,Week1,Village West,Week3,292.5 Mosby Woods - 109.5 Village West
Mount Vernon Park,Week5,Truro,Week3,330.0 Mount Vernon Park - 72.0 Truro
Mount Vernon Park,Week1,Sideburn Run,Week4,243.0 Mount Vernon Park - 159.0 Sideburn Run
Mount Vernon Park,Week2,Sideburn Run,Week3,246.0 Mount Vernon Park - 156.0 Sideburn Run
Mosby Woods,Week5,Villa Aquatic,Week1,285.0 Mosby Woods - 117.0 Villa Aquatic
Newington Forest,Week2,Annandale,Week2,217.0 Annandale - 183.0 Newington Forest
Mount Vernon Park,Week4,Old Keene Mill,Week5,299.0 Mount Vernon Park - 103.0 Old Keene Mill
Newington Forest,Week4,Daventry,Week4,252.0 Newington Forest - 150.0 Daventry
Newington Forest,Week5,Daventry,Week2,261.0 Newington Forest - 140.0 Daventry
Newington Forest,Week4,Rutherford,Week2,223.0 Newington Forest - 179.0 Rutherford
Newington Forest,Week1,Daventry,Week4,214.0 Newington Forest - 182.0 Daventry
Mount Vernon Park,Week2,Sideburn Run,Week2,259.0 Mount Vernon Park - 143.0 Sideburn Run
Newington Forest,Week4,Daventry,Week5,228.0 Newington Forest - 174.0 Daventry
Newington Forest,Week1,Kings Ridge ,Week3,223.0 Kings Ridge - 173.0 Newington Forest
Newington Forest,Week1,Shouse Village,Week1,256.0 Shouse Village - 146.0 Newington Forest
Mount Vernon Park,Week4,Tuckahoe,Week3,328.0 Tuckahoe - 74.0 Mount Vernon Park
Mount Vernon Park,Week5,Shouse Village,Week2,273.0 Mount Vernon Park - 129.0 Shouse Village
Mount Vernon Park,Week1,Tuckahoe,Week4,324.0 Tuckahoe - 78.0 Mount Vernon Park
Mount Vernon Park,Week2,Orange Hunt,Week2,225.0 Mount Vernon Park - 177.0 Orange Hunt
Newington Forest,Week4,Annandale,Week2,226.0 Newington Forest - 176.0 Annandale
Mosby Woods,Week5,Villa Aquatic,Week3,249.0 Mosby Woods - 153.0 Villa Aquatic
Newington Forest,Week2,Dominion Hills,Week2,295.0 Dominion Hills - 107.0 Newington Forest
Newington Forest,Week4,Rutherford,Week4,204.0 Newington Forest - 198.0 Rutherford
Newington Forest,Week2,Kings Ridge ,Week1,207.0 Kings Ridge - 194.0 Newington Forest
Newington Forest,Week4,Rutherford,Week5,207.0 Newington Forest - 195.0 Rutherford
Mount Vernon Park,Week1,Brandywine,Week1,265.0 Mount Vernon Park - 137.0 Brandywine
Mosby Woods,Week1,Village West,Week5,291.0 Mosby Woods - 111.0 Village West
Mount Vernon Park,Week2,Holmes Run Acres,Week2,269.0 Mount Vernon Park - 133.0 Holmes Run Acres
Newington Forest,Week3,Rutherford,Week2,203.0 Rutherford - 199.0 Newington Forest
Newington Forest,Week2,Daventry,Week2,224.0 Newington Forest - 168.0 Daventry
Newington Forest,Week2,Annandale,Week5,206.0 Annandale - 192.0 Newington Forest
Mount Vernon Park,Week2,Sideburn Run,Week5,233.0 Mount Vernon Park - 169.0 Sideburn Run
Newington Forest,Week1,Daventry,Week3,207.0 Newington Forest - 185.0 Daventry
Mount Vernon Park,Week4,Tuckahoe,Week4,334.0 Tuckahoe - 68.0 Mount Vernon Park
Mount Vernon Park,Week1,Sideburn Run,Week5,238.0 Mount Vernon Park - 164.0 Sideburn Run
Mount Vernon Park,Week5,Old Keene Mill,Week2,318.0 Mount Vernon Park - 84.0 Old Keene Mill
Newington Forest,Week4,Kings Ridge ,Week2,220.0 Newington Forest - 182.0 Kings Ridge
Mount Vernon Park,Week4,Orange Hunt,Week2,226.0 Mount Vernon Park - 176.0 Orange Hunt
Newington Forest,Week2,Kings Ridge ,Week4,235.0 Kings Ridge - 167.0 Newington Forest
Newington Forest,Week3,Rutherford,Week5,217.0 Rutherford - 185.0 Newington Forest
Mount Vernon Park,Week1,Tuckahoe,Week5,315.0 Tuckahoe - 87.0 Mount Vernon Park
Mosby Woods,Week2,Village West,Week1,307.0 Mosby Woods - 95.0 Village West
Newington Forest,Week3,Annandale,Week2,201.0 Annandale - 201.0 Newington Forest
Mount Vernon Park,Week5,Old Keene Mill,Week5,307.0 Mount Vernon Park - 95.0 Old Keene Mill
Mount Vernon Park,Week1,Holmes Run Acres,Week2,258.0 Mount Vernon Park - 144.0 Holmes Run Acres
Mount Vernon Park,Week5,Hollin Meadows,Week2,272.0 Mount Vernon Park - 125.0 Hollin Meadows
Mount Vernon Park,Week3,Sideburn Run,Week2,264.0 Mount Vernon Park - 138.0 Sideburn Run
Newington Forest,Week3,Annandale,Week4,217.0 Newington Forest - 185.0 Annandale
Mount Vernon Park,Week5,Truro,Week4,315.5 Mount Vernon Park - 86.5 Truro
Mount Vernon Park,Week3,Holmes Run Acres,Week3,228.0 Mount Vernon Park - 174.0 Holmes Run Acres
Mosby Woods,Week4,Villa Aquatic,Week1,267.0 Mosby Woods - 135.0 Villa Aquatic
Mosby Woods,Week3,Villa Aquatic,Week1,285.0 Mosby Woods - 117.0 Villa Aquatic
Mount Vernon Park,Week5,Tuckahoe,Week2,276.0 Tuckahoe - 126.0 Mount Vernon Park
Newington Forest,Week5,Kings Ridge ,Week3,217.0 Newington Forest - 184.0 Kings Ridge
Mount Vernon Park,Week3,Holmes Run Acres,Week5,228.0 Mount Vernon Park - 174.0 Holmes Run Acres
Mount Vernon Park,Week3,Brandywine,Week1,274.0 Mount Vernon Park - 128.0 Brandywine
Mount Vernon Park,Week2,Orange Hunt,Week5,213.0 Mount Vernon Park - 189.0 Orange Hunt
Newington Forest,Week2,Daventry,Week4,226.0 Newington Forest - 171.0 Daventry
Newington Forest,Week5,Daventry,Week4,257.0 Newington Forest - 145.0 Daventry
Newington Forest,Week5,Annandale,Week2,229.0 Newington Forest - 173.0 Annandale
Mount Vernon Park,Week2,Brandywine,Week2,259.0 Mount Vernon Park - 143.0 Brandywine
Mosby Woods,Week2,Village West,Week3,294.0 Mosby Woods - 108.0 Village West
Newington Forest,Week3,Rutherford,Week3,214.0 Rutherford - 188.0 Newington Forest
Mount Vernon Park,Week4,Shouse Village,Week4,239.0 Mount Vernon Park - 163.0 Shouse Village
Newington Forest,Week3,Daventry,Week4,239.0 Newington Forest - 163.0 Daventry
Newington Forest,Week2,Daventry,Week3,211.0 Newington Forest - 183.0 Daventry
Newington Forest,Week4,Kings Ridge ,Week5,204.0 Kings Ridge - 198.0 Newington Forest
Mount Vernon Park,Week4,Brandywine,Week3,241.0 Mount Vernon Park - 161.0 Brandywine
Mount Vernon Park,Week3,Sideburn Run,Week3,252.0 Mount Vernon Park - 150.0 Sideburn Run
Mosby Woods,Week2,Village West,Week2,307.0 Mosby Woods - 95.0 Village West
Newington Forest,Week4,Rutherford,Week3,206.0 Newington Forest - 196.0 Rutherford
Mount Vernon Park,Week1,Orange Hunt,Week4,247.0 Mount Vernon Park - 155.0 Orange Hunt
Mount Vernon Park,Week3,Sideburn Run,Week4,254.0 Mount Vernon Park - 148.0 Sideburn Run
Newington Forest,Week4,Kings Ridge ,Week4,211.0 Kings Ridge - 191.0 Newington Forest
Mount Vernon Park,Week5,Tuckahoe,Week1,273.0 Tuckahoe - 129.0 Mount Vernon Park
Newington Forest,Week5,Annandale,Week1,237.0 Newington Forest - 165.0 Annandale
Mount Vernon Park,Week4,Hollin Meadows,Week1,225.0 Mount Vernon Park - 177.0 Hollin Meadows
Mount Vernon Park,Week5,Tuckahoe,Week4,298.0 Tuckahoe - 104.0 Mount Vernon Park
Mosby Woods,Week1,South Run,Week3,268.0 Mosby Woods - 134.0 South Run
Newington Forest,Week4,Annandale,Week5,217.0 Newington Forest - 185.0 Annandale
Mount Vernon Park,Week4,Old Keene Mill,Week3,302.0 Mount Vernon Park - 100.0 Old Keene Mill
Newington Forest,Week4,Rutherford,Week1,229.0 Newington Forest - 173.0 Rutherford
Mount Vernon Park,Week3,Brandywine,Week3,248.0 Mount Vernon Park - 154.0 Brandywine
Newington Forest,Week4,Kings Ridge ,Week3,209.0 Newington Forest - 192.0 Kings Ridge
Newington Forest,Week2,Annandale,Week1,208.0 Annandale - 192.0 Newington Forest
Mount Vernon Park,Week1,Vienna Aquatic,Week1,243.0 Vienna Aquatic - 159.0 Mount Vernon Park
Newington Forest,Week4,Daventry,Week3,256.0 Newington Forest - 146.0 Daventry
Mosby Woods,Week2,South Run,Week4,281.0 Mosby Woods - 121.0 South Run
Mosby Woods,Week3,South Run,Week5,251.0 Mosby Woods - 151.0 South Run
Mount Vernon Park,Week1,Bren Mar-Edsall Park,Week2,370.0 Mount Vernon Park - 32.0 Bren Mar-Edsall Park
Newington Forest,Week5,Rutherford,Week1,242.0 Newington Forest - 160.0 Rutherford
Newington Forest,Week3,Annandale,Week1,203.0 Newington Forest - 199.0 Annandale
Newington Forest,Week3,Annandale,Week5,211.0 Annandale - 191.0 Newington Forest
Newington Forest,Week5,Rutherford,Week5,214.0 Newington Forest - 188.0 Rutherford
Newington Forest,Week1,Dominion Hills,Week3,302.0 Dominion Hills - 100.0 Newington Forest
Mosby Woods,Week3,Villa Aquatic,Week5,258.0 Mosby Woods - 144.0 Villa Aquatic
Mount Vernon Park,Week2,Brandywine,Week5,225.5 Mount Vernon Park - 176.5 Brandywine
Mount Vernon Park,Week5,Old Keene Mill,Week1,330.0 Mount Vernon Park - 72.0 Old Keene Mill
Mount Vernon Park,Week3,Holmes Run Acres,Week1,261.0 Mount Vernon Park - 141.0 Holmes Run Acres
Mount Vernon Park,Week1,Orange Hunt,Week3,241.0 Mount Vernon Park - 161.0 Orange Hunt
Newington Forest,Week5,Kings Ridge ,Week1,216.0 Newington Forest - 181.0 Kings Ridge
Mount Vernon Park,Week4,Sideburn Run,Week1,238.0 Mount Vernon Park - 164.0 Sideburn Run
Mount Vernon Park,Week4,Lakeview,Week4,335.0 Mount Vernon Park - 67.0 Lakeview
Mount Vernon Park,Week4,Holmes Run Acres,Week5,208.0 Mount Vernon Park - 194.0 Holmes Run Acres
Mount Vernon Park,Week5,Arlington Forest,Week1,266.0 Mount Vernon Park - 136.0 Arlington Forest
Mount Vernon Park,Week4,Sideburn Run,Week2,255.0 Mount Vernon Park - 147.0 Sideburn Run
Mosby Woods,Week3,Villa Aquatic,Week2,271.0 Mosby Woods - 131.0 Villa Aquatic
Mosby Woods,Week2,Villa Aquatic,Week4,262.0 Mosby Woods - 140.0 Villa Aquatic
Mount Vernon Park,Week1,Holmes Run Acres,Week4,251.0 Mount Vernon Park - 151.0 Holmes Run Acres
Mount Vernon Park,Week3,Lakeview,Week1,358.0 Mount Vernon Park - 39.0 Lakeview
Newington Forest,Week5,Rutherford,Week4,201.0 Rutherford - 196.0 Newington Forest
Mount Vernon Park,Week1,Vienna Aquatic,Week2,239.0 Vienna Aquatic - 163.0 Mount Vernon Park
Mount Vernon Park,Week4,Holmes Run Acres,Week4,251.0 Mount Vernon Park - 151.0 Holmes Run Acres
Newington Forest,Week1,Dominion Hills,Week5,326.0 Dominion Hills - 75.0 Newington Forest
Newington Forest,Week4,Kings Ridge ,Week1,211.0 Newington Forest - 191.0 Kings Ridge
Newington Forest,Week3,Rutherford,Week4,224.0 Rutherford - 178.0 Newington Forest
Mount Vernon Park,Week1,Vienna Aquatic,Week5,270.0 Vienna Aquatic - 132.0 Mount Vernon Park
Newington Forest,Week5,Kings Ridge ,Week2,236.0 Newington Forest - 166.0 Kings Ridge
Newington Forest,Week1,Dominion Hills,Week4,324.0 Dominion Hills - 77.0 Newington Forest
Newington Forest,Week4,Annandale,Week1,225.5 Newington Forest - 171.5 Annandale
Mount Vernon Park,Week1,Vienna Aquatic,Week4,231.0 Vienna Aquatic - 171.0 Mount Vernon Park
Mosby Woods,Week4,Villa Aquatic,Week4,250.0 Mosby Woods - 152.0 Villa Aquatic
Mount Vernon Park,Week4,Shouse Village,Week2,265.5 Mount Vernon Park - 136.5 Shouse Village
Mount Vernon Park,Week4,Sideburn Run,Week3,238.0 Mount Vernon Park - 164.0 Sideburn Run
Mount Vernon Park,Week5,Brandywine,Week5,243.0 Mount Vernon Park - 159.0 Brandywine
Mosby Woods,Week2,South Run,Week3,270.0 Mosby Woods - 132.0 South Run
Newington Forest,Week4,Annandale,Week4,239.0 Newington Forest - 163.0 Annandale
Newington Forest,Week1,Lakevale Estates,Week3,333.0 Lakevale Estates - 69.0 Newington Forest
Mosby Woods,Week3,Villa Aquatic,Week3,249.0 Mosby Woods - 153.0 Villa Aquatic
Mount Vernon Park,Week5,Arlington Forest,Week4,263.0 Mount Vernon Park - 139.0 Arlington Forest
Newington Forest,Week2,Dominion Hills,Week1,274.0 Dominion Hills - 127.0 Newington Forest
Mosby Woods,Week4,Villa Aquatic,Week5,248.0 Mosby Woods - 154.0 Villa Aquatic
Mosby Woods,Week2,South Run,Week5,265.0 Mosby Woods - 137.0 South Run
Newington Forest,Week1,Shouse Village,Week2,257.0 Shouse Village - 145.0 Newington Forest
Newington Forest,Week5,Kings Ridge ,Week4,211.0 Newington Forest - 191.0 Kings Ridge
Mount Vernon Park,Week2,Holmes Run Acres,Week4,256.0 Mount Vernon Park - 146.0 Holmes Run Acres
Mount Vernon Park,Week5,Arlington Forest,Week3,302.0 Mount Vernon Park - 99.0 Arlington Forest
Mount Vernon Park,Week5,Sideburn Run,Week4,275.0 Mount Vernon Park - 127.0 Sideburn Run
Mount Vernon Park,Week1,Sleepy Hollow B & R,Week3,225.0 Mount Vernon Park - 177.0 Sleepy Hollow B & R
Mount Vernon Park,Week1,Hunt Valley,Week2,205.0 Hunt Valley - 197.0 Mount Vernon Park
Mount Vernon Park,Week1,Vienna Aquatic,Week3,261.0 Vienna Aquatic - 141.0 Mount Vernon Park
Mount Vernon Park,Week2,Vienna Aquatic,Week3,249.0 Vienna Aquatic - 153.0 Mount Vernon Park
Newington Forest,Week1,Shouse Village,Week4,291.0 Shouse Village - 110.0 Newington Forest
Newington Forest,Week5,Rutherford,Week2,228.0 Newington Forest - 174.0 Rutherford
Newington Forest,Week5,Lake Braddock,Week5,242.0 Newington Forest - 160.0 Lake Braddock
Mount Vernon Park,Week2,Langley,Week3,201.0 Langley - 201.0 Mount Vernon Park
Newington Forest,Week1,Dominion Hills,Week2,313.0 Dominion Hills - 89.0 Newington Forest
Newington Forest,Week5,Annandale,Week3,228.0 Newington Forest - 174.0 Annandale
Mount Vernon Park,Week5,Lakeview,Week3,347.0 Mount Vernon Park - 55.0 Lakeview
Mount Vernon Park,Week1,Brandywine,Week4,243.0 Mount Vernon Park - 159.0 Brandywine
Mosby Woods,Week1,Village West,Week1,314.0 Mosby Woods - 88.0 Village West
Mosby Woods,Week1,South Run,Week4,283.0 Mosby Woods - 119.0 South Run
Mount Vernon Park,Week1,Brandywine,Week2,256.0 Mount Vernon Park - 146.0 Brandywine
Newington Forest,Week1,Arlington Forest,Week5,307.0 Arlington Forest - 94.0 Newington Forest
Newington Forest,Week5,Lake Braddock,Week4,246.0 Newington Forest - 156.0 Lake Braddock
Mount Vernon Park,Week5,Tuckahoe,Week3,315.0 Tuckahoe - 87.0 Mount Vernon Park
Mosby Woods,Week5,Villa Aquatic,Week4,259.0 Mosby Woods - 143.0 Villa Aquatic
Newington Forest,Week2,Dominion Hills,Week4,310.0 Dominion Hills - 91.0 Newington Forest
Mount Vernon Park,Week1,Hunt Valley,Week4,219.0 Hunt Valley - 183.0 Mount Vernon Park
Mount Vernon Park,Week4,Sleepy Hollow B & R,Week2,230.0 Mount Vernon Park - 172.0 Sleepy Hollow B & R
Newington Forest,Week2,Lakevale Estates,Week1,327.0 Lakevale Estates - 75.0 Newington Forest
Newington Forest,Week2,Annandale,Week4,213.0 Newington Forest - 184.0 Annandale
Newington Forest,Week5,Annandale,Week5,219.5 Newington Forest - 182.5 Annandale
Mount Vernon Park,Week5,Holmes Run Acres,Week4,264.0 Mount Vernon Park - 138.0 Holmes Run Acres
Newington Forest,Week3,Dominion Hills,Week3,292.0 Dominion Hills - 110.0 Newington Forest
Mount Vernon Park,Week3,Langley,Week1,205.0 Langley - 197.0 Mount Vernon Park
Newington Forest,Week1,Shouse Village,Week5,274.0 Shouse Village - 128.0 Newington Forest
Mount Vernon Park,Week2,Brandywine,Week1,266.0 Mount Vernon Park - 136.0 Brandywine
Mount Vernon Park,Week2,Sleepy Hollow B & R,Week2,228.0 Mount Vernon Park - 174.0 Sleepy Hollow B & R
Newington Forest,Week2,Arlington Forest,Week2,258.0 Arlington Forest - 144.0 Newington Forest
Newington Forest,Week2,Shouse Village,Week1,253.0 Shouse Village - 149.0 Newington Forest
Mount Vernon Park,Week5,Hollin Meadows,Week4,262.0 Mount Vernon Park - 140.0 Hollin Meadows
Mount Vernon Park,Week4,Hollin Meadows,Week2,248.0 Mount Vernon Park - 154.0 Hollin Meadows
Mosby Woods,Week4,Villa Aquatic,Week2,253.0 Mosby Woods - 149.0 Villa Aquatic
Mount Vernon Park,Week2,Vienna Aquatic,Week5,276.0 Vienna Aquatic - 126.0 Mount Vernon Park
Mount Vernon Park,Week5,Sideburn Run,Week3,267.0 Mount Vernon Park - 135.0 Sideburn Run
Mount Vernon Park,Week1,Langley,Week2,206.0 Langley - 196.0 Mount Vernon Park
Mount Vernon Park,Week2,Vienna Aquatic,Week2,244.0 Vienna Aquatic - 158.0 Mount Vernon Park
Newington Forest,Week3,Lake Braddock,Week5,204.0 Newington Forest - 198.0 Lake Braddock
Mount Vernon Park,Week5,Sideburn Run,Week1,268.0 Mount Vernon Park - 134.0 Sideburn Run
Newington Forest,Week3,Rutherford,Week1,219.0 Newington Forest - 182.0 Rutherford
Newington Forest,Week3,Dominion Hills,Week1,271.0 Dominion Hills - 131.0 Newington Forest
Mount Vernon Park,Week1,Langley,Week4,218.0 Langley - 184.0 Mount Vernon Park
Mount Vernon Park,Week1,Langley,Week3,214.0 Langley - 188.0 Mount Vernon Park
Mount Vernon Park,Week5,Arlington Forest,Week2,277.0 Mount Vernon Park - 125.0 Arlington Forest
Newington Forest,Week2,Shouse Village,Week3,266.0 Shouse Village - 136.0 Newington Forest
Mount Vernon Park,Week3,Lakeview,Week2,363.0 Mount Vernon Park - 39.0 Lakeview
Mount Vernon Park,Week1,Holmes Run Acres,Week5,223.0 Mount Vernon Park - 179.0 Holmes Run Acres
Newington Forest,Week4,Lake Braddock,Week3,246.0 Newington Forest - 156.0 Lake Braddock
Mount Vernon Park,Week2,Sleepy Hollow B & R,Week3,219.0 Mount Vernon Park - 183.0 Sleepy Hollow B & R
Mount Vernon Park,Week5,Lakeview,Week1,352.0 Mount Vernon Park - 50.0 Lakeview
Mount Vernon Park,Week3,Sleepy Hollow B & R,Week2,244.5 Mount Vernon Park - 156.5 Sleepy Hollow B & R
Mount Vernon Park,Week1,Sleepy Hollow Rec,Week2,323.0 Mount Vernon Park - 79.0 Sleepy Hollow Rec
Mount Vernon Park,Week3,Brandywine,Week2,268.0 Mount Vernon Park - 134.0 Brandywine
Mosby Woods,Week1,South Run,Week5,264.0 Mosby Woods - 138.0 South Run
Newington Forest,Week4,Dominion Hills,Week2,280.0 Dominion Hills - 122.0 Newington Forest
Newington Forest,Week3,Arlington Forest,Week2,268.0 Arlington Forest - 134.0 Newington Forest
Newington Forest,Week2,Lakevale Estates,Week3,335.0 Lakevale Estates - 67.0 Newington Forest
Newington Forest,Week2,Shouse Village,Week5,281.0 Shouse Village - 121.0 Newington Forest
Newington Forest,Week3,Lake Braddock,Week2,217.0 Newington Forest - 185.0 Lake Braddock
Mosby Woods,Week1,Village West,Week2,307.0 Mosby Woods - 95.0 Village West
Mount Vernon Park,Week5,Tuckahoe,Week5,297.0 Tuckahoe - 105.0 Mount Vernon Park
Mosby Woods,Week2,South Run,Week2,272.0 Mosby Woods - 130.0 South Run
Mount Vernon Park,Week2,Brandywine,Week4,244.0 Mount Vernon Park - 158.0 Brandywine
Newington Forest,Week4,Dominion Hills,Week1,260.0 Dominion Hills - 137.0 Newington Forest
Newington Forest,Week2,Arlington Forest,Week4,296.0 Arlington Forest - 106.0 Newington Forest
Newington Forest,Week3,Dominion Hills,Week5,310.0 Dominion Hills - 92.0 Newington Forest
Newington Forest,Week2,Shouse Village,Week4,283.0 Shouse Village - 118.0 Newington Forest
Mosby Woods,Week2,Villa Aquatic,Week5,262.0 Mosby Woods - 140.0 Villa Aquatic
Mosby Woods,Week1,South Run,Week2,273.0 Mosby Woods - 129.0 South Run
Mount Vernon Park,Week1,Vienna Woods,Week3,245.0 Vienna Woods - 157.0 Mount Vernon Park
Mount Vernon Park,Week5,Hollin Meadows,Week1,257.0 Mount Vernon Park - 145.0 Hollin Meadows
Newington Forest,Week2,Rutherford,Week4,234.0 Rutherford - 167.0 Newington Forest
Newington Forest,Week2,Arlington Forest,Week5,298.0 Arlington Forest - 103.0 Newington Forest
Mount Vernon Park,Week1,Brandywine,Week3,239.0 Mount Vernon Park - 162.0 Brandywine
Mosby Woods,Week5,Villa Aquatic,Week5,248.0 Mosby Woods - 154.0 Villa Aquatic
Mosby Woods,Week2,Villa Aquatic,Week3,252.5 Mosby Woods - 149.5 Villa Aquatic
Newington Forest,Week3,Dominion Hills,Week4,304.0 Dominion Hills - 97.0 Newington Forest
Mount Vernon Park,Week3,Langley,Week5,206.0 Mount Vernon Park - 196.0 Langley
Mount Vernon Park,Week2,Vienna Aquatic,Week4,245.0 Vienna Aquatic - 157.0 Mount Vernon Park
Newington Forest,Week3,Arlington Forest,Week1,292.0 Arlington Forest - 110.0 Newington Forest
Mount Vernon Park,Week2,Vienna Aquatic,Week1,250.5 Vienna Aquatic - 151.5 Mount Vernon Park
Mount Vernon Park,Week2,Holmes Run Acres,Week1,248.0 Mount Vernon Park - 154.0 Holmes Run Acres
Newington Forest,Week2,Lake Braddock,Week4,207.0 Newington Forest - 194.0 Lake Braddock
Mount Vernon Park,Week5,Hollin Meadows,Week5,255.0 Mount Vernon Park - 147.0 Hollin Meadows
Mount Vernon Park,Week3,Sleepy Hollow B & R,Week3,234.0 Mount Vernon Park - 168.0 Sleepy Hollow B & R
Newington Forest,Week3,Shouse Village,Week2,232.0 Shouse Village - 170.0 Newington Forest
Mount Vernon Park,Week1,Sleepy Hollow B & R,Week2,232.0 Mount Vernon Park - 170.0 Sleepy Hollow B & R
Mount Vernon Park,Week3,Brandywine,Week4,244.0 Mount Vernon Park - 158.0 Brandywine
Mount Vernon Park,Week2,Vienna Woods,Week4,237.0 Vienna Woods - 165.0 Mount Vernon Park
Mount Vernon Park,Week2,Lakeview,Week2,368.0 Mount Vernon Park - 34.0 Lakeview
Mount Vernon Park,Week3,Holmes Run Acres,Week4,261.0 Mount Vernon Park - 141.0 Holmes Run Acres
Mount Vernon Park,Week4,Vienna Aquatic,Week1,255.0 Vienna Aquatic - 147.0 Mount Vernon Park
Mount Vernon Park,Week2,Lakeview,Week3,344.0 Mount Vernon Park - 58.0 Lakeview
Mount Vernon Park,Week2,Holmes Run Acres,Week5,212.0 Mount Vernon Park - 190.0 Holmes Run Acres
Mosby Woods,Week2,South Run,Week1,244.0 Mosby Woods - 149.0 South Run
Mount Vernon Park,Week2,Lakeview,Week4,341.0 Mount Vernon Park - 61.0 Lakeview
Mount Vernon Park,Week5,Vienna Aquatic,Week3,233.0 Vienna Aquatic - 169.0 Mount Vernon Park
Newington Forest,Week3,Arlington Forest,Week5,293.0 Arlington Forest - 109.0 Newington Forest
Mount Vernon Park,Week4,Sideburn Run,Week5,233.0 Mount Vernon Park - 169.0 Sideburn Run
Mount Vernon Park,Week4,Brandywine,Week2,267.0 Mount Vernon Park - 135.0 Brandywine
Newington Forest,Week3,Arlington Forest,Week3,264.0 Arlington Forest - 138.0 Newington Forest
Newington Forest,Week3,Lake Braddock,Week1,236.0 Newington Forest - 166.0 Lake Braddock
Newington Forest,Week2,Lake Braddock,Week2,213.5 Newington Forest - 186.5 Lake Braddock
Newington Forest,Week5,Dominion Hills,Week4,292.0 Dominion Hills - 110.0 Newington Forest
Mosby Woods,Week3,South Run,Week1,235.5 Mosby Woods - 157.5 South Run
Newington Forest,Week4,Dominion Hills,Week3,271.0 Dominion Hills - 131.0 Newington Forest
Newington Forest,Week3,Shouse Village,Week3,256.0 Shouse Village - 146.0 Newington Forest
Mount Vernon Park,Week2,Brandywine,Week3,237.0 Mount Vernon Park - 165.0 Brandywine
Newington Forest,Week1,Lake Braddock,Week4,202.0 Newington Forest - 199.0 Lake Braddock
Newington Forest,Week2,Lake Braddock,Week3,201.0 Lake Braddock - 199.0 Newington Forest
Mount Vernon Park,Week4,Arlington Forest,Week4,240.0 Mount Vernon Park - 162.0 Arlington Forest
Newington Forest,Week5,Arlington Forest,Week2,238.0 Arlington Forest - 164.0 Newington Forest
Mount Vernon Park,Week4,Lakeview,Week2,370.0 Mount Vernon Park - 32.0 Lakeview
Mosby Woods,Week3,South Run,Week2,257.0 Mosby Woods - 139.0 South Run
Newington Forest,Week2,Brandywine,Week4,283.0 Brandywine - 119.0 Newington Forest
Mount Vernon Park,Week3,Lakeview,Week4,338.0 Mount Vernon Park - 64.0 Lakeview
Mount Vernon Park,Week4,Sleepy Hollow B & R,Week4,220.0 Mount Vernon Park - 182.0 Sleepy Hollow B & R
Newington Forest,Week3,Lee Graham,Week1,329.0 Lee Graham - 73.0 Newington Forest
Newington Forest,Week1,Donaldson Run,Week3,345.0 Donaldson Run - 57.0 Newington Forest
Mount Vernon Park,Week4,Lakeview,Week1,356.5 Mount Vernon Park - 45.5 Lakeview
Newington Forest,Week1,Lake Braddock,Week5,212.0 Lake Braddock - 189.0 Newington Forest
Mount Vernon Park,Week1,Sleepy Hollow Rec,Week4,314.0 Mount Vernon Park - 88.0 Sleepy Hollow Rec
Mount Vernon Park,Week5,Sleepy Hollow B & R,Week1,263.0 Mount Vernon Park - 139.0 Sleepy Hollow B & R
Newington Forest,Week3,Brandywine,Week1,258.0 Brandywine - 144.0 Newington Forest
Newington Forest,Week2,Lake Braddock,Week5,201.0 Lake Braddock - 200.0 Newington Forest
Mosby Woods,Week3,South Run,Week3,250.0 Mosby Woods - 152.0 South Run
Mount Vernon Park,Week1,Vienna Woods,Week5,274.0 Vienna Woods - 128.0 Mount Vernon Park
Newington Forest,Week2,Donaldson Run,Week5,349.0 Donaldson Run - 53.0 Newington Forest
Mount Vernon Park,Week4,Hollin Meadows,Week4,236.0 Mount Vernon Park - 166.0 Hollin Meadows
Mount Vernon Park,Week5,Arlington Forest,Week5,243.0 Mount Vernon Park - 159.0 Arlington Forest
Newington Forest,Week2,Donaldson Run,Week1,333.0 Donaldson Run - 69.0 Newington Forest
Mount Vernon Park,Week4,Holmes Run Acres,Week2,266.0 Mount Vernon Park - 136.0 Holmes Run Acres
Mount Vernon Park,Week4,Hollin Meadows,Week3,251.0 Mount Vernon Park - 151.0 Hollin Meadows
Newington Forest,Week2,Donaldson Run,Week2,334.0 Donaldson Run - 68.0 Newington Forest
Newington Forest,Week4,Shouse Village,Week1,227.0 Shouse Village - 175.0 Newington Forest
Mount Vernon Park,Week1,Vienna Woods,Week4,228.0 Vienna Woods - 174.0 Mount Vernon Park
Mount Vernon Park,Week1,Brandywine,Week5,231.5 Mount Vernon Park - 170.5 Brandywine
Mount Vernon Park,Week1,Vienna Woods,Week2,231.0 Vienna Woods - 171.0 Mount Vernon Park
Mount Vernon Park,Week4,Lakeview,Week3,347.0 Mount Vernon Park - 55.0 Lakeview
Mount Vernon Park,Week5,Hollin Meadows,Week3,275.0 Mount Vernon Park - 127.0 Hollin Meadows
Mount Vernon Park,Week1,Sleepy Hollow Rec,Week3,303.0 Mount Vernon Park - 99.0 Sleepy Hollow Rec
Newington Forest,Week1,Brandywine,Week5,298.0 Brandywine - 103.0 Newington Forest
Mount Vernon Park,Week4,Vienna Aquatic,Week3,257.5 Vienna Aquatic - 144.5 Mount Vernon Park
Newington Forest,Week4,Brandywine,Week3,255.0 Brandywine - 137.0 Newington Forest
Newington Forest,Week3,Donaldson Run,Week2,345.0 Donaldson Run - 57.0 Newington Forest
Mount Vernon Park,Week5,Sideburn Run,Week5,260.0 Mount Vernon Park - 142.0 Sideburn Run
Mount Vernon Park,Week4,Hollin Meadows,Week5,232.0 Mount Vernon Park - 170.0 Hollin Meadows
Newington Forest,Week3,Lee Graham,Week3,354.0 Lee Graham - 48.0 Newington Forest
Newington Forest,Week4,Lake Braddock,Week1,253.0 Newington Forest - 143.0 Lake Braddock
Newington Forest,Week3,Shouse Village,Week5,275.0 Shouse Village - 127.0 Newington Forest
Mosby Woods,Week1,South Run,Week1,249.0 Mosby Woods - 144.0 South Run
Newington Forest,Week4,Lee Graham,Week5,342.0 Lee Graham - 60.0 Newington Forest
Mount Vernon Park,Week3,Brandywine,Week5,230.0 Mount Vernon Park - 172.0 Brandywine
Newington Forest,Week4,Lake Braddock,Week2,241.0 Newington Forest - 161.0 Lake Braddock
Newington Forest,Week4,Shouse Village,Week4,271.0 Shouse Village - 131.0 Newington Forest
Newington Forest,Week5,Shouse Village,Week2,218.0 Shouse Village - 184.0 Newington Forest
Mount Vernon Park,Week1,Holmes Run Acres,Week1,248.0 Mount Vernon Park - 154.0 Holmes Run Acres
Newington Forest,Week1,Donaldson Run,Week2,341.0 Donaldson Run - 61.0 Newington Forest
Mount Vernon Park,Week2,Sleepy Hollow B & R,Week4,214.5 Mount Vernon Park - 187.5 Sleepy Hollow B & R
Mosby Woods,Week3,South Run,Week4,264.0 Mosby Woods - 137.0 South Run
Mount Vernon Park,Week4,Lakeview,Week5,342.0 Mount Vernon Park - 51.0 Lakeview
Newington Forest,Week3,Lake Braddock,Week3,214.0 Newington Forest - 188.0 Lake Braddock
Newington Forest,Week3,Brandywine,Week3,261.0 Brandywine - 141.0 Newington Forest
Newington Forest,Week4,Brandywine,Week4,264.0 Brandywine - 138.0 Newington Forest
Mount Vernon Park,Week4,Arlington Forest,Week3,276.0 Mount Vernon Park - 126.0 Arlington Forest
Mount Vernon Park,Week5,Vienna Woods,Week2,208.0 Vienna Woods - 193.0 Mount Vernon Park
Mount Vernon Park,Week2,Vienna Woods,Week1,238.0 Vienna Woods - 164.0 Mount Vernon Park
Newington Forest,Week3,Lee Graham,Week5,351.0 Lee Graham - 51.0 Newington Forest
Newington Forest,Week5,Lee Graham,Week2,330.0 Lee Graham - 72.0 Newington Forest
Newington Forest,Week5,Shouse Village,Week1,229.0 Shouse Village - 173.0 Newington Forest
Mount Vernon Park,Week2,Lakeview,Week1,354.0 Mount Vernon Park - 48.0 Lakeview
Newington Forest,Week3,Brandywine,Week4,264.0 Brandywine - 138.0 Newington Forest
Mount Vernon Park,Week5,Lakeview,Week4,338.0 Mount Vernon Park - 64.0 Lakeview
Newington Forest,Week2,Lake Braddock,Week1,233.0 Newington Forest - 167.0 Lake Braddock
Mount Vernon Park,Week1,Langley,Week1,221.0 Langley - 181.0 Mount Vernon Park
Mount Vernon Park,Week1,Holmes Run Acres,Week3,231.0 Mount Vernon Park - 171.0 Holmes Run Acres
Newington Forest,Week5,Dominion Hills,Week2,270.5 Dominion Hills - 131.5 Newington Forest
Mount Vernon Park,Week4,Brandywine,Week1,271.0 Mount Vernon Park - 131.0 Brandywine
Mount Vernon Park,Week5,Sideburn Run,Week2,284.0 Mount Vernon Park - 118.0 Sideburn Run
Mount Vernon Park,Week3,Holmes Run Acres,Week2,277.0 Mount Vernon Park - 125.0 Holmes Run Acres
Mosby Woods,Week4,South Run,Week1,220.0 Mosby Woods - 173.0 South Run
Mount Vernon Park,Week4,Arlington Forest,Week5,212.0 Mount Vernon Park - 190.0 Arlington Forest
Mount Vernon Park,Week4,Vienna Woods,Week3,248.0 Vienna Woods - 154.0 Mount Vernon Park
Newington Forest,Week2,Donaldson Run,Week3,341.0 Donaldson Run - 61.0 Newington Forest
Mount Vernon Park,Week4,Vienna Woods,Week4,233.5 Vienna Woods - 168.5 Mount Vernon Park
Mount Vernon Park,Week5,Vienna Woods,Week1,216.0 Vienna Woods - 186.0 Mount Vernon Park
Mount Vernon Park,Week1,Sleepy Hollow B & R,Week1,232.0 Mount Vernon Park - 170.0 Sleepy Hollow B & R
Newington Forest,Week5,Shouse Village,Week5,264.0 Shouse Village - 138.0 Newington Forest
Mount Vernon Park,Week4,Brandywine,Week5,237.0 Mount Vernon Park - 165.0 Brandywine
Mount Vernon Park,Week3,Sleepy Hollow B & R,Week4,228.0 Mount Vernon Park - 174.0 Sleepy Hollow B & R
Newington Forest,Week3,Donaldson Run,Week1,342.0 Donaldson Run - 60.0 Newington Forest
Mount Vernon Park,Week4,Brandywine,Week4,252.0 Mount Vernon Park - 150.0 Brandywine
Mount Vernon Park,Week4,Holmes Run Acres,Week3,225.0 Mount Vernon Park - 177.0 Holmes Run Acres
Newington Forest,Week4,Lake Braddock,Week4,245.0 Newington Forest - 157.0 Lake Braddock
Newington Forest,Week3,Lake Braddock,Week4,215.0 Newington Forest - 187.0 Lake Braddock
Mount Vernon Park,Week2,Holmes Run Acres,Week3,233.0 Mount Vernon Park - 169.0 Holmes Run Acres
Mount Vernon Park,Week5,Brandywine,Week1,276.0 Mount Vernon Park - 121.0 Brandywine
Mount Vernon Park,Week3,Lakeview,Week3,341.5 Mount Vernon Park - 60.5 Lakeview
Newington Forest,Week3,Donaldson Run,Week3,339.0 Donaldson Run - 63.0 Newington Forest
Newington Forest,Week3,Brandywine,Week5,287.0 Brandywine - 115.0 Newington Forest
Newington Forest,Week4,Lee Graham,Week3,347.5 Lee Graham - 54.5 Newington Forest
Mosby Woods,Week4,South Run,Week3,244.0 Mosby Woods - 158.0 South Run
Mount Vernon Park,Week1,Sleepy Hollow B & R,Week4,225.0 Mount Vernon Park - 177.0 Sleepy Hollow B & R
Mount Vernon Park,Week3,Lakeview,Week5,344.0 Mount Vernon Park - 49.0 Lakeview
Newington Forest,Week5,Lee Graham,Week4,331.0 Lee Graham - 71.0 Newington Forest
Newington Forest,Week5,Arlington Forest,Week3,227.0 Arlington Forest - 175.0 Newington Forest
Mount Vernon Park,Week2,Vienna Woods,Week3,256.0 Vienna Woods - 146.0 Mount Vernon Park
Mosby Woods,Week4,South Run,Week2,251.0 Mosby Woods - 151.0 South Run
Newington Forest,Week4,Lee Graham,Week2,339.0 Lee Graham - 63.0 Newington Forest
Newington Forest,Week2,Brandywine,Week2,249.0 Brandywine - 152.0 Newington Forest
Mount Vernon Park,Week5,Brandywine,Week4,269.0 Mount Vernon Park - 133.0 Brandywine
Mount Vernon Park,Week5,Holmes Run Acres,Week3,245.0 Mount Vernon Park - 157.0 Holmes Run Acres
Newington Forest,Week4,Arlington Forest,Week5,285.0 Arlington Forest - 117.0 Newington Forest
Mount Vernon Park,Week2,Langley,Week1,222.0 Langley - 180.0 Mount Vernon Park
Mount Vernon Park,Week1,Langley,Week5,209.0 Langley - 188.0 Mount Vernon Park
Mount Vernon Park,Week4,Sleepy Hollow B & R,Week1,243.0 Mount Vernon Park - 159.0 Sleepy Hollow B & R
Mount Vernon Park,Week4,Holmes Run Acres,Week1,241.0 Mount Vernon Park - 161.0 Holmes Run Acres
Mount Vernon Park,Week5,Holmes Run Acres,Week1,271.0 Mount Vernon Park - 131.0 Holmes Run Acres
Mount Vernon Park,Week4,Sleepy Hollow B & R,Week5,204.0 Mount Vernon Park - 198.0 Sleepy Hollow B & R
Newington Forest,Week4,Donaldson Run,Week1,334.0 Donaldson Run - 68.0 Newington Forest
Newington Forest,Week5,Lake Braddock,Week2,252.0 Newington Forest - 150.0 Lake Braddock
Newington Forest,Week5,Lake Braddock,Week3,244.0 Newington Forest - 158.0 Lake Braddock
Mount Vernon Park,Week1,Fox Hunt,Week2,259.0 Mount Vernon Park - 138.0 Fox Hunt
Mount Vernon Park,Week2,Sleepy Hollow B & R,Week1,230.0 Mount Vernon Park - 172.0 Sleepy Hollow B & R
Newington Forest,Week1,Donaldson Run,Week4,341.0 Donaldson Run - 61.0 Newington Forest
Newington Forest,Week4,Shouse Village,Week5,267.0 Shouse Village - 135.0 Newington Forest
Mount Vernon Park,Week5,Brandywine,Week2,280.5 Mount Vernon Park - 121.5 Brandywine
Mount Vernon Park,Week2,Lakeview,Week5,338.0 Mount Vernon Park - 55.0 Lakeview
Mount Vernon Park,Week5,Brandywine,Week3,257.0 Mount Vernon Park - 145.0 Brandywine
Newington Forest,Week4,Lee Graham,Week1,327.0 Lee Graham - 70.0 Newington Forest
Mount Vernon Park,Week4,Vienna Aquatic,Week4,252.0 Vienna Aquatic - 150.0 Mount Vernon Park
Newington Forest,Week1,Lakevale Estates,Week1,322.0 Lakevale Estates - 80.0 Newington Forest
Newington Forest,Week5,Laurel Hill,Week3,204.0 Newington Forest - 198.0 Laurel Hill
Mount Vernon Park,Week5,Holmes Run Acres,Week2,285.5 Mount Vernon Park - 116.5 Holmes Run Acres
Newington Forest,Week2,Lee Graham,Week3,350.0 Lee Graham - 51.0 Newington Forest
Newington Forest,Week4,Arlington Forest,Week3,251.0 Arlington Forest - 151.0 Newington Forest
Mount Vernon Park,Week4,Vienna Aquatic,Week2,248.0 Vienna Aquatic - 154.0 Mount Vernon Park
Newington Forest,Week5,Lake Braddock,Week1,281.0 Newington Forest - 121.0 Lake Braddock
Mount Vernon Park,Week5,Lakeview,Week2,363.0 Mount Vernon Park - 39.0 Lakeview
Newington Forest,Week3,Donaldson Run,Week4,349.0 Donaldson Run - 53.0 Newington Forest
Newington Forest,Week5,Dominion Hills,Week1,257.0 Dominion Hills - 145.0 Newington Forest
Mount Vernon Park,Week4,Vienna Aquatic,Week5,280.0 Vienna Aquatic - 122.0 Mount Vernon Park
Newington Forest,Week4,Arlington Forest,Week4,286.0 Arlington Forest - 116.0 Newington Forest
Mount Vernon Park,Week3,Sleepy Hollow B & R,Week1,251.0 Mount Vernon Park - 150.0 Sleepy Hollow B & R
Newington Forest,Week5,Laurel Hill,Week2,246.0 Newington Forest - 151.0 Laurel Hill
Newington Forest,Week5,Dominion Hills,Week3,262.0 Dominion Hills - 140.0 Newington Forest
Newington Forest,Week1,Brandywine,Week3,272.0 Brandywine - 129.0 Newington Forest
Mount Vernon Park,Week5,Holmes Run Acres,Week5,231.0 Mount Vernon Park - 166.0 Holmes Run Acres
Newington Forest,Week1,Lee Graham,Week3,350.0 Lee Graham - 52.0 Newington Forest
Mount Vernon Park,Week2,Langley,Week4,213.0 Langley - 189.0 Mount Vernon Park
Mount Vernon Park,Week5,Vienna Aquatic,Week1,236.0 Vienna Aquatic - 166.0 Mount Vernon Park
Mount Vernon Park,Week3,Vienna Aquatic,Week1,231.0 Vienna Aquatic - 171.0 Mount Vernon Park
Mount Vernon Park,Week1,Sleepy Hollow B & R,Week5,211.0 Mount Vernon Park - 191.0 Sleepy Hollow B & R
Newington Forest,Week4,Lake Braddock,Week5,234.0 Newington Forest - 168.0 Lake Braddock
Mount Vernon Park,Week5,Lakeview,Week5,346.0 Mount Vernon Park - 47.0 Lakeview
Mount Vernon Park,Week2,Sleepy Hollow B & R,Week5,201.0 Mount Vernon Park - 201.0 Sleepy Hollow B & R
Mount Vernon Park,Week2,Langley,Week2,212.5 Mount Vernon Park - 189.5 Langley
Mount Vernon Park,Week4,Bren Mar-Edsall Park,Week4,375.0 Mount Vernon Park - 27.0 Bren Mar-Edsall Park
Mount Vernon Park,Week3,Vienna Aquatic,Week5,266.0 Vienna Aquatic - 136.0 Mount Vernon Park
Newington Forest,Week5,Dominion Hills,Week5,306.0 Dominion Hills - 96.0 Newington Forest
Newington Forest,Week4,Laurel Hill,Week5,216.0 Laurel Hill - 181.0 Newington Forest
Newington Forest,Week5,Arlington Forest,Week5,278.0 Arlington Forest - 124.0 Newington Forest
Newington Forest,Week1,Donaldson Run,Week1,349.0 Donaldson Run - 53.0 Newington Forest
Newington Forest,Week1,Lakevale Estates,Week2,331.0 Lakevale Estates - 71.0 Newington Forest
Mount Vernon Park,Week3,Fox Hunt,Week2,265.0 Mount Vernon Park - 137.0 Fox Hunt
Newington Forest,Week1,Brandywine,Week2,269.0 Brandywine - 132.0 Newington Forest
Mount Vernon Park,Week3,Fox Hunt,Week3,252.0 Mount Vernon Park - 150.0 Fox Hunt
Mount Vernon Park,Week5,Bren Mar-Edsall Park,Week3,372.0 Mount Vernon Park - 30.0 Bren Mar-Edsall Park
Mount Vernon Park,Week1,Fox Mill Estates,Week1,326.0 Mount Vernon Park - 76.0 Fox Mill Estates
Mount Vernon Park,Week1,Hunt Valley,Week3,233.0 Hunt Valley - 169.0 Mount Vernon Park
Mount Vernon Park,Week5,Forest Hollow,Week3,248.0 Mount Vernon Park - 154.0 Forest Hollow
Newington Forest,Week1,Lakevale Estates,Week5,346.0 Lakevale Estates - 56.0 Newington Forest
Newington Forest,Week1,Lakevale Estates,Week4,340.0 Lakevale Estates - 62.0 Newington Forest
Mount Vernon Park,Week1,Hunt Valley,Week1,207.5 Hunt Valley - 189.5 Mount Vernon Park
Newington Forest,Week1,Lee Graham,Week4,345.0 Lee Graham - 57.0 Newington Forest
Mount Vernon Park,Week3,Bren Mar-Edsall Park,Week2,370.0 Mount Vernon Park - 32.0 Bren Mar-Edsall Park
Newington Forest,Week1,Donaldson Run,Week5,352.0 Donaldson Run - 50.0 Newington Forest
Mount Vernon Park,Week2,Langley,Week5,204.0 Mount Vernon Park - 198.0 Langley
Mount Vernon Park,Week3,Vienna Aquatic,Week3,243.0 Vienna Aquatic - 159.0 Mount Vernon Park
Mount Vernon Park,Week4,Sleepy Hollow B & R,Week3,221.0 Mount Vernon Park - 181.0 Sleepy Hollow B & R
Mount Vernon Park,Week1,Bren Mar-Edsall Park,Week1,375.5 Mount Vernon Park - 26.5 Bren Mar-Edsall Park
Mount Vernon Park,Week3,Sleepy Hollow B & R,Week5,218.0 Mount Vernon Park - 184.0 Sleepy Hollow B & R
Mount Vernon Park,Week2,Hunt Valley,Week2,209.0 Hunt Valley - 193.0 Mount Vernon Park
Newington Forest,Week1,Brandywine,Week4,280.0 Brandywine - 122.0 Newington Forest
Mount Vernon Park,Week3,Langley,Week2,219.0 Mount Vernon Park - 183.0 Langley
Newington Forest,Week4,Arlington Forest,Week2,254.0 Arlington Forest - 148.0 Newington Forest
Mount Vernon Park,Week3,Vienna Aquatic,Week2,226.0 Vienna Aquatic - 176.0 Mount Vernon Park
Newington Forest,Week2,Donaldson Run,Week4,337.0 Donaldson Run - 64.0 Newington Forest
Mount Vernon Park,Week1,Fox Mill Estates,Week3,288.0 Mount Vernon Park - 114.0 Fox Mill Estates
Mount Vernon Park,Week3,Vienna Aquatic,Week4,229.0 Vienna Aquatic - 173.0 Mount Vernon Park
Mount Vernon Park,Week2,Bren Mar-Edsall Park,Week3,378.0 Mount Vernon Park - 24.0 Bren Mar-Edsall Park
Mount Vernon Park,Week5,Vienna Aquatic,Week4,214.0 Vienna Aquatic - 188.0 Mount Vernon Park
Newington Forest,Week2,Brandywine,Week1,257.0 Brandywine - 144.0 Newington Forest
Mount Vernon Park,Week5,Sleepy Hollow B & R,Week2,255.5 Mount Vernon Park - 146.5 Sleepy Hollow B & R
Newington Forest,Week5,Laurel Hill,Week5,208.0 Laurel Hill - 194.0 Newington Forest
Mount Vernon Park,Week1,Bren Mar-Edsall Park,Week4,370.0 Mount Vernon Park - 32.0 Bren Mar-Edsall Park
Newington Forest,Week4,Lakevale Estates,Week4,335.5 Lakevale Estates - 66.5 Newington Forest
Newington Forest,Week3,Donaldson Run,Week5,359.0 Donaldson Run - 43.0 Newington Forest
Mount Vernon Park,Week3,Hunt Valley,Week5,223.0 Hunt Valley - 179.0 Mount Vernon Park
Newington Forest,Week3,Shouse Village,Week4,276.0 Shouse Village - 125.0 Newington Forest
Newington Forest,Week1,Lee Graham,Week2,352.0 Lee Graham - 50.0 Newington Forest
Newington Forest,Week3,Dowden Terrace,Week1,260.0 Dowden Terrace - 141.0 Newington Forest
Mount Vernon Park,Week2,Hunt Valley,Week5,246.5 Hunt Valley - 155.5 Mount Vernon Park
Newington Forest,Week2,Lakevale Estates,Week2,333.0 Lakevale Estates - 69.0 Newington Forest
Mount Vernon Park,Week5,Bren Mar-Edsall Park,Week2,372.0 Mount Vernon Park - 29.0 Bren Mar-Edsall Park
Mount Vernon Park,Week3,Langley,Week3,203.0 Mount Vernon Park - 199.0 Langley
Mount Vernon Park,Week1,Fox Mill Estates,Week5,294.0 Mount Vernon Park - 108.0 Fox Mill Estates
Mount Vernon Park,Week5,Sleepy Hollow B & R,Week3,232.0 Mount Vernon Park - 170.0 Sleepy Hollow B & R
Mount Vernon Park,Week5,Forest Hollow,Week4,241.0 Mount Vernon Park - 161.0 Forest Hollow
Newington Forest,Week2,Brandywine,Week5,304.0 Brandywine - 97.0 Newington Forest
Mount Vernon Park,Week5,Vienna Aquatic,Week2,217.0 Vienna Aquatic - 185.0 Mount Vernon Park
Mount Vernon Park,Week5,Vienna Aquatic,Week5,253.0 Vienna Aquatic - 149.0 Mount Vernon Park
Mount Vernon Park,Week1,Fox Hunt,Week4,265.0 Mount Vernon Park - 137.0 Fox Hunt
Mount Vernon Park,Week3,Bren Mar-Edsall Park,Week4,374.0 Mount Vernon Park - 27.0 Bren Mar-Edsall Park
Newington Forest,Week4,Laurel Hill,Week3,204.0 Laurel Hill - 197.0 Newington Forest
Newington Forest,Week3,Dowden Terrace,Week4,266.0 Dowden Terrace - 136.0 Newington Forest
Mount Vernon Park,Week5,Sleepy Hollow B & R,Week5,233.0 Mount Vernon Park - 169.0 Sleepy Hollow B & R
Mount Vernon Park,Week5,Sleepy Hollow B & R,Week4,235.5 Mount Vernon Park - 166.5 Sleepy Hollow B & R
Newington Forest,Week5,Lakevale Estates,Week1,306.0 Lakevale Estates - 96.0 Newington Forest
Mount Vernon Park,Week2,Bren Mar-Edsall Park,Week4,374.0 Mount Vernon Park - 28.0 Bren Mar-Edsall Park
Mount Vernon Park,Week2,Laurel Hill,Week2,325.0 Mount Vernon Park - 77.0 Laurel Hill
Newington Forest,Week3,Brandywine,Week2,254.0 Brandywine - 148.0 Newington Forest
Mount Vernon Park,Week4,Hunt Valley,Week5,233.0 Hunt Valley - 169.0 Mount Vernon Park
Newington Forest,Week5,Lakevale Estates,Week4,321.0 Lakevale Estates - 81.0 Newington Forest
Mount Vernon Park,Week2,Bren Mar-Edsall Park,Week2,375.0 Mount Vernon Park - 27.0 Bren Mar-Edsall Park
Mount Vernon Park,Week1,Vienna Woods,Week1,238.0 Vienna Woods - 159.0 Mount Vernon Park
Newington Forest,Week2,Lee Graham,Week2,347.0 Lee Graham - 55.0 Newington Forest
Newington Forest,Week5,Arlington Forest,Week4,267.0 Arlington Forest - 135.0 Newington Forest
Mount Vernon Park,Week5,Hunt Valley,Week3,203.0 Hunt Valley - 199.0 Mount Vernon Park
Mount Vernon Park,Week2,Fox Hunt,Week2,272.0 Mount Vernon Park - 130.0 Fox Hunt
Mount Vernon Park,Week4,Hunt Valley,Week3,229.5 Hunt Valley - 172.5 Mount Vernon Park
Newington Forest,Week4,Dowden Terrace,Week1,239.0 Dowden Terrace - 157.0 Newington Forest
Newington Forest,Week4,Donaldson Run,Week3,334.0 Donaldson Run - 68.0 Newington Forest
Mount Vernon Park,Week3,Langley,Week4,205.0 Mount Vernon Park - 197.0 Langley
Newington Forest,Week3,Lakevale Estates,Week1,321.0 Lakevale Estates - 81.0 Newington Forest
Mount Vernon Park,Week4,Laurel Hill,Week2,322.0 Mount Vernon Park - 80.0 Laurel Hill
Mount Vernon Park,Week4,Laurel Hill,Week3,299.0 Mount Vernon Park - 103.0 Laurel Hill
Mount Vernon Park,Week1,Sleepy Hollow Rec,Week1,308.0 Mount Vernon Park - 94.0 Sleepy Hollow Rec
Mount Vernon Park,Week1,Fox Hunt,Week1,262.5 Mount Vernon Park - 134.5 Fox Hunt
Mount Vernon Park,Week5,Hunt Valley,Week1,207.0 Mount Vernon Park - 195.0 Hunt Valley
Newington Forest,Week3,Lakevale Estates,Week3,334.0 Lakevale Estates - 68.0 Newington Forest
Newington Forest,Week1,Brandywine,Week1,278.0 Brandywine - 124.0 Newington Forest
Newington Forest,Week2,Lee Graham,Week5,350.0 Lee Graham - 52.0 Newington Forest
Mount Vernon Park,Week3,Bren Mar-Edsall Park,Week1,378.0 Mount Vernon Park - 24.0 Bren Mar-Edsall Park
Mount Vernon Park,Week3,Vienna Woods,Week4,217.0 Vienna Woods - 185.0 Mount Vernon Park
Mount Vernon Park,Week4,Overlee,Week2,295.0 Overlee - 107.0 Mount Vernon Park
Newington Forest,Week4,Lakevale Estates,Week2,319.5 Lakevale Estates - 82.5 Newington Forest
Mount Vernon Park,Week3,Hunt Valley,Week1,201.0 Hunt Valley - 201.0 Mount Vernon Park
Newington Forest,Week2,Brandywine,Week3,269.0 Brandywine - 133.0 Newington Forest
Newington Forest,Week4,Shouse Village,Week2,219.0 Shouse Village - 183.0 Newington Forest
Newington Forest,Week1,Lee Graham,Week1,342.0 Lee Graham - 60.0 Newington Forest
Newington Forest,Week5,Dowden Terrace,Week2,232.0 Dowden Terrace - 165.0 Newington Forest
Newington Forest,Week5,Arlington Forest,Week1,258.0 Arlington Forest - 144.0 Newington Forest
Newington Forest,Week4,Shouse Village,Week3,251.0 Shouse Village - 151.0 Newington Forest
Mount Vernon Park,Week2,Vienna Woods,Week2,243.0 Vienna Woods - 159.0 Mount Vernon Park
Mount Vernon Park,Week2,Overlee,Week4,331.0 Overlee - 71.0 Mount Vernon Park
Mount Vernon Park,Week3,Vienna Woods,Week2,233.0 Vienna Woods - 169.0 Mount Vernon Park
Newington Forest,Week4,Laurel Hill,Week4,209.0 Laurel Hill - 193.0 Newington Forest
Newington Forest,Week2,Lakeview,Week2,207.0 Newington Forest - 194.0 Lakeview
Mount Vernon Park,Week2,Hunt Valley,Week4,214.5 Hunt Valley - 187.5 Mount Vernon Park
Newington Forest,Week5,Shouse Village,Week3,235.0 Shouse Village - 167.0 Newington Forest
Mount Vernon Park,Week4,Langley,Week3,204.0 Mount Vernon Park - 198.0 Langley
Mount Vernon Park,Week1,Fox Hunt,Week5,234.0 Mount Vernon Park - 168.0 Fox Hunt
Newington Forest,Week1,Lee Graham,Week5,350.0 Lee Graham - 52.0 Newington Forest
Newington Forest,Week2,Lakeview,Week3,212.0 Lakeview - 188.0 Newington Forest
Newington Forest,Week4,Brandywine,Week1,251.0 Brandywine - 151.0 Newington Forest
Mount Vernon Park,Week5,Hunt Valley,Week5,208.0 Hunt Valley - 194.0 Mount Vernon Park
Newington Forest,Week5,Dowden Terrace,Week4,249.0 Dowden Terrace - 153.0 Newington Forest
Mount Vernon Park,Week3,Overlee,Week1,278.0 Overlee - 124.0 Mount Vernon Park
Mount Vernon Park,Week3,Fox Hunt,Week4,263.0 Mount Vernon Park - 139.0 Fox Hunt
Newington Forest,Week3,Lakevale Estates,Week4,342.0 Lakevale Estates - 60.0 Newington Forest
Newington Forest,Week5,Laurel Hill,Week1,233.0 Newington Forest - 169.0 Laurel Hill
Mount Vernon Park,Week3,Laurel Hill,Week3,301.0 Mount Vernon Park - 97.0 Laurel Hill
Mount Vernon Park,Week3,Overlee,Week4,327.0 Overlee - 75.0 Mount Vernon Park
Mount Vernon Park,Week3,Vienna Woods,Week1,226.0 Vienna Woods - 176.0 Mount Vernon Park
Newington Forest,Week4,Donaldson Run,Week4,340.0 Donaldson Run - 62.0 Newington Forest
Mount Vernon Park,Week3,Bren Mar-Edsall Park,Week5,360.0 Mount Vernon Park - 37.0 Bren Mar-Edsall Park
Mount Vernon Park,Week4,Fox Hunt,Week4,246.0 Mount Vernon Park - 156.0 Fox Hunt
Mount Vernon Park,Week2,Fox Hunt,Week5,225.0 Mount Vernon Park - 177.0 Fox Hunt
Mount Vernon Park,Week4,Bren Mar-Edsall Park,Week2,376.0 Mount Vernon Park - 26.0 Bren Mar-Edsall Park
Newington Forest,Week5,Shouse Village,Week4,257.0 Shouse Village - 140.0 Newington Forest
Newington Forest,Week5,Donaldson Run,Week5,334.0 Donaldson Run - 63.0 Newington Forest
Mount Vernon Park,Week5,Bren Mar-Edsall Park,Week5,369.0 Mount Vernon Park - 33.0 Bren Mar-Edsall Park
Mount Vernon Park,Week5,Langley,Week1,211.0 Mount Vernon Park - 191.0 Langley
Newington Forest,Week4,Bren Mar-Edsall Park,Week2,304.0 Newington Forest - 98.0 Bren Mar-Edsall Park
Mount Vernon Park,Week4,Langley,Week5,203.0 Langley - 199.0 Mount Vernon Park
Mount Vernon Park,Week4,Fox Hunt,Week5,227.0 Mount Vernon Park - 175.0 Fox Hunt
Mount Vernon Park,Week3,Hunt Valley,Week2,215.0 Mount Vernon Park - 187.0 Hunt Valley
Mount Vernon Park,Week5,Langley,Week3,218.0 Mount Vernon Park - 184.0 Langley
Newington Forest,Week3,Lakevale Estates,Week2,324.0 Lakevale Estates - 78.0 Newington Forest
Newington Forest,Week2,Lee Graham,Week1,335.0 Lee Graham - 67.0 Newington Forest
Newington Forest,Week5,Laurel Hill,Week4,209.0 Newington Forest - 193.0 Laurel Hill
Newington Forest,Week4,Dowden Terrace,Week5,280.0 Dowden Terrace - 122.0 Newington Forest
Mount Vernon Park,Week4,Bren Mar-Edsall Park,Week5,368.0 Mount Vernon Park - 34.0 Bren Mar-Edsall Park
Newington Forest,Week2,Lakeview,Week4,226.0 Lakeview - 175.0 Newington Forest
Mount Vernon Park,Week3,Vienna Woods,Week3,239.0 Vienna Woods - 163.0 Mount Vernon Park
Mount Vernon Park,Week4,Fox Hunt,Week1,255.0 Mount Vernon Park - 147.0 Fox Hunt
Mount Vernon Park,Week2,Overlee,Week3,294.0 Overlee - 108.0 Mount Vernon Park
Newington Forest,Week4,Dowden Terrace,Week3,243.0 Dowden Terrace - 159.0 Newington Forest
Mount Vernon Park,Week4,Langley,Week4,211.0 Langley - 191.0 Mount Vernon Park
Mount Vernon Park,Week2,Overlee,Week2,300.0 Overlee - 102.0 Mount Vernon Park
Mount Vernon Park,Week2,Hunt Valley,Week1,216.0 Hunt Valley - 186.0 Mount Vernon Park
Newington Forest,Week2,Lee Graham,Week4,351.0 Lee Graham - 51.0 Newington Forest
Mount Vernon Park,Week1,Brookfield ,Week1,251.0 Mount Vernon Park - 151.0 Brookfield
Mount Vernon Park,Week4,Hunt Valley,Week1,209.0 Hunt Valley - 193.0 Mount Vernon Park
Mount Vernon Park,Week4,Vienna Woods,Week1,233.0 Vienna Woods - 169.0 Mount Vernon Park
Newington Forest,Week4,Brandywine,Week2,253.0 Brandywine - 149.0 Newington Forest
Newington Forest,Week5,Bren Mar-Edsall Park,Week1,322.0 Newington Forest - 80.0 Bren Mar-Edsall Park
Newington Forest,Week3,Lee Graham,Week2,343.0 Lee Graham - 59.0 Newington Forest
Mount Vernon Park,Week4,Vienna Woods,Week5,271.0 Vienna Woods - 131.0 Mount Vernon Park
Newington Forest,Week3,Lakeview,Week1,222.0 Newington Forest - 180.0 Lakeview
Mount Vernon Park,Week5,Overlee,Week2,268.0 Overlee - 134.0 Mount Vernon Park
Mount Vernon Park,Week5,Bren Mar-Edsall Park,Week4,370.0 Mount Vernon Park - 32.0 Bren Mar-Edsall Park
Mount Vernon Park,Week1,Brookfield ,Week2,279.0 Mount Vernon Park - 123.0 Brookfield
Newington Forest,Week5,Brandywine,Week4,241.0 Brandywine - 161.0 Newington Forest
Mount Vernon Park,Week3,Hunt Valley,Week3,223.0 Hunt Valley - 179.0 Mount Vernon Park
Mount Vernon Park,Week4,Fox Hunt,Week2,261.0 Mount Vernon Park - 141.0 Fox Hunt
Mount Vernon Park,Week1,Hunt Valley,Week5,231.0 Hunt Valley - 171.0 Mount Vernon Park
Mount Vernon Park,Week2,Vienna Woods,Week5,274.0 Vienna Woods - 128.0 Mount Vernon Park
Mount Vernon Park,Week1,Laurel Hill,Week2,316.0 Mount Vernon Park - 86.0 Laurel Hill
Mount Vernon Park,Week5,Fox Hunt,Week1,280.0 Mount Vernon Park - 122.0 Fox Hunt
Newington Forest,Week3,Lakeview,Week3,206.0 Lakeview - 196.0 Newington Forest
Mount Vernon Park,Week3,Vienna Woods,Week5,250.0 Vienna Woods - 152.0 Mount Vernon Park
Mount Vernon Park,Week1,Bren Mar-Edsall Park,Week5,364.0 Mount Vernon Park - 38.0 Bren Mar-Edsall Park
Mount Vernon Park,Week4,Vienna Woods,Week2,239.0 Vienna Woods - 163.0 Mount Vernon Park
Newington Forest,Week2,Dowden Terrace,Week5,294.0 Dowden Terrace - 108.0 Newington Forest
Newington Forest,Week3,Lakeview,Week5,205.0 Lakeview - 188.0 Newington Forest
Mount Vernon Park,Week1,Laurel Hill,Week5,280.0 Mount Vernon Park - 122.0 Laurel Hill
Newington Forest,Week1,Dowden Terrace,Week5,309.0 Dowden Terrace - 93.0 Newington Forest
Mount Vernon Park,Week5,Overlee,Week4,316.0 Overlee - 86.0 Mount Vernon Park
Newington Forest,Week5,Donaldson Run,Week4,319.0 Donaldson Run - 83.0 Newington Forest
Mount Vernon Park,Week1,Parklawn,Week3,302.0 Mount Vernon Park - 99.0 Parklawn
Mount Vernon Park,Week1,Brookfield ,Week3,272.0 Mount Vernon Park - 130.0 Brookfield
Mount Vernon Park,Week5,Fox Hunt,Week2,276.0 Mount Vernon Park - 126.0 Fox Hunt
Newington Forest,Week5,Bren Mar-Edsall Park,Week4,306.0 Newington Forest - 96.0 Bren Mar-Edsall Park
Newington Forest,Week1,Bren Mar-Edsall Park,Week1,300.0 Newington Forest - 97.0 Bren Mar-Edsall Park
Newington Forest,Week4,Lee Graham,Week4,328.5 Lee Graham - 73.5 Newington Forest
Mount Vernon Park,Week3,Hunt Valley,Week4,202.0 Mount Vernon Park - 200.0 Hunt Valley
Newington Forest,Week2,Dowden Terrace,Week4,271.0 Dowden Terrace - 131.0 Newington Forest
Mount Vernon Park,Week5,Fox Hunt,Week3,256.0 Mount Vernon Park - 146.0 Fox Hunt
Mount Vernon Park,Week1,Laurel Hill,Week4,304.0 Mount Vernon Park - 98.0 Laurel Hill
Mount Vernon Park,Week1,Parklawn,Week1,304.0 Mount Vernon Park - 84.0 Parklawn
Newington Forest,Week3,Lee Graham,Week4,337.0 Lee Graham - 65.0 Newington Forest
Newington Forest,Week1,Bren Mar-Edsall Park,Week4,278.5 Newington Forest - 120.5 Bren Mar-Edsall Park
Mount Vernon Park,Week4,Orange Hunt,Week4,253.0 Mount Vernon Park - 149.0 Orange Hunt
Newington Forest,Week4,Lakevale Estates,Week3,321.0 Lakevale Estates - 76.0 Newington Forest
Mosby Woods,Week3,Vienna Woods,Week5,277.0 Vienna Woods - 125.0 Mosby Woods
Mosby Woods,Week1,Villa Aquatic,Week5,263.0 Mosby Woods - 139.0 Villa Aquatic
Mount Vernon Park,Week2,Fox Hunt,Week1,269.0 Mount Vernon Park - 133.0 Fox Hunt
Mount Vernon Park,Week5,Forest Hollow,Week5,238.0 Mount Vernon Park - 164.0 Forest Hollow
Mount Vernon Park,Week1,Brookfield ,Week4,261.0 Mount Vernon Park - 141.0 Brookfield
Mount Vernon Park,Week2,Laurel Hill,Week5,279.0 Mount Vernon Park - 123.0 Laurel Hill
Newington Forest,Week3,Lakeview,Week2,215.0 Newington Forest - 187.0 Lakeview
Newington Forest,Week3,Lakeview,Week4,216.0 Lakeview - 186.0 Newington Forest
Mount Vernon Park,Week4,Hunt Valley,Week2,203.0 Hunt Valley - 199.0 Mount Vernon Park
Newington Forest,Week5,Lee Graham,Week3,328.0 Lee Graham - 74.0 Newington Forest
Mount Vernon Park,Week1,Laurel Hill,Week3,296.0 Mount Vernon Park - 106.0 Laurel Hill
Mount Vernon Park,Week2,Villa Aquatic,Week2,264.0 Mount Vernon Park - 138.0 Villa Aquatic
Newington Forest,Week5,Lee Graham,Week1,316.0 Lee Graham - 86.0 Newington Forest
Mount Vernon Park,Week5,Vienna Woods,Week5,249.0 Vienna Woods - 153.0 Mount Vernon Park
Mount Vernon Park,Week2,Laurel Hill,Week3,301.0 Mount Vernon Park - 101.0 Laurel Hill
Newington Forest,Week5,Brandywine,Week3,260.0 Brandywine - 142.0 Newington Forest
Newington Forest,Week2,Dowden Terrace,Week1,257.0 Dowden Terrace - 136.0 Newington Forest
Mount Vernon Park,Week5,Orange Hunt,Week4,258.0 Mount Vernon Park - 144.0 Orange Hunt
Newington Forest,Week1,Bren Mar-Edsall Park,Week5,285.0 Newington Forest - 116.0 Bren Mar-Edsall Park
Newington Forest,Week2,Lakeview,Week5,213.0 Lakeview - 179.0 Newington Forest
Mount Vernon Park,Week4,Hunt Valley,Week4,210.0 Hunt Valley - 192.0 Mount Vernon Park
Mount Vernon Park,Week2,Brookfield ,Week1,249.0 Mount Vernon Park - 153.0 Brookfield
Mount Vernon Park,Week1,Overlee,Week2,292.5 Overlee - 109.5 Mount Vernon Park
Mount Vernon Park,Week4,Fox Hunt,Week3,243.0 Mount Vernon Park - 159.0 Fox Hunt
Newington Forest,Week1,Dowden Terrace,Week2,283.0 Dowden Terrace - 118.0 Newington Forest
Newington Forest,Week5,Lincolnia Park,Week3,219.0 Newington Forest - 174.0 Lincolnia Park
Newington Forest,Week5,Lee Graham,Week5,331.0 Lee Graham - 71.0 Newington Forest
Mount Vernon Park,Week5,Orange Hunt,Week3,249.0 Mount Vernon Park - 153.0 Orange Hunt
Mount Vernon Park,Week2,Bren Mar-Edsall Park,Week5,373.0 Mount Vernon Park - 29.0 Bren Mar-Edsall Park
Mount Vernon Park,Week2,Villa Aquatic,Week5,252.0 Mount Vernon Park - 150.0 Villa Aquatic
Mosby Woods,Week1,Villa Aquatic,Week1,287.0 Mosby Woods - 115.0 Villa Aquatic
Newington Forest,Week2,Bren Mar-Edsall Park,Week1,294.0 Newington Forest - 104.0 Bren Mar-Edsall Park
Mount Vernon Park,Week4,Langley,Week1,218.0 Langley - 184.0 Mount Vernon Park
Mount Vernon Park,Week1,Brookfield ,Week5,264.0 Mount Vernon Park - 138.0 Brookfield
Newington Forest,Week4,Donaldson Run,Week2,336.5 Donaldson Run - 65.5 Newington Forest
Mount Vernon Park,Week2,Villa Aquatic,Week3,236.0 Mount Vernon Park - 166.0 Villa Aquatic
Mount Vernon Park,Week5,Hunt Valley,Week2,223.0 Mount Vernon Park - 179.0 Hunt Valley
Mount Vernon Park,Week5,Hunt Valley,Week4,208.0 Mount Vernon Park - 194.0 Hunt Valley
Mount Vernon Park,Week2,Laurel Hill,Week4,305.0 Mount Vernon Park - 97.0 Laurel Hill
Mount Vernon Park,Week1,Hunter Mill,Week2,228.0 Mount Vernon Park - 174.0 Hunter Mill
Newington Forest,Week2,Bren Mar-Edsall Park,Week2,288.0 Newington Forest - 109.0 Bren Mar-Edsall Park
Mosby Woods,Week3,Vienna Woods,Week3,244.0 Vienna Woods - 158.0 Mosby Woods
Mosby Woods,Week3,Vienna Woods,Week1,240.0 Vienna Woods - 162.0 Mosby Woods
Newington Forest,Week2,Bren Mar-Edsall Park,Week4,265.0 Newington Forest - 132.0 Bren Mar-Edsall Park
Mount Vernon Park,Week4,Langley,Week2,212.0 Mount Vernon Park - 190.0 Langley
Newington Forest,Week1,Lakeview,Week4,215.0 Lakeview - 187.0 Newington Forest
Newington Forest,Week2,Lincolnia Park,Week5,204.0 Newington Forest - 184.0 Lincolnia Park
Newington Forest,Week1,Dowden Terrace,Week4,282.5 Dowden Terrace - 119.5 Newington Forest
Newington Forest,Week1,Lakeview,Week5,200.0 Lakeview - 193.0 Newington Forest
Mount Vernon Park,Week2,Fox Hunt,Week4,259.0 Mount Vernon Park - 143.0 Fox Hunt
Mount Vernon Park,Week1,Bren Mar-Edsall Park,Week3,365.0 Mount Vernon Park - 37.0 Bren Mar-Edsall Park
Mount Vernon Park,Week3,Villa Aquatic,Week2,262.0 Mount Vernon Park - 140.0 Villa Aquatic
Mount Vernon Park,Week4,Orange Hunt,Week5,222.0 Mount Vernon Park - 180.0 Orange Hunt
Mount Vernon Park,Week2,Fox Hunt,Week3,247.0 Mount Vernon Park - 155.0 Fox Hunt
Mount Vernon Park,Week3,Villa Aquatic,Week1,267.0 Mount Vernon Park - 135.0 Villa Aquatic
Newington Forest,Week4,Donaldson Run,Week5,353.0 Donaldson Run - 49.0 Newington Forest
Newington Forest,Week1,Lincolnia Park,Week1,231.0 Newington Forest - 169.0 Lincolnia Park
Mount Vernon Park,Week4,Orange Hunt,Week3,215.0 Mount Vernon Park - 187.0 Orange Hunt
Mount Vernon Park,Week4,Bren Mar-Edsall Park,Week1,378.0 Mount Vernon Park - 24.0 Bren Mar-Edsall Park
Newington Forest,Week3,Dowden Terrace,Week2,260.0 Dowden Terrace - 142.0 Newington Forest
Mount Vernon Park,Week1,Fox Hunt,Week3,261.0 Mount Vernon Park - 141.0 Fox Hunt
Mount Vernon Park,Week1,Hunter Mill,Week3,215.0 Mount Vernon Park - 187.0 Hunter Mill
Newington Forest,Week5,Donaldson Run,Week1,321.0 Donaldson Run - 81.0 Newington Forest
Mosby Woods,Week3,Vienna Woods,Week2,235.0 Vienna Woods - 167.0 Mosby Woods
Mount Vernon Park,Week3,Fox Hunt,Week1,265.0 Mount Vernon Park - 137.0 Fox Hunt
Newington Forest,Week4,Lakeview,Week1,244.0 Newington Forest - 158.0 Lakeview
Newington Forest,Week5,Lakevale Estates,Week2,308.0 Lakevale Estates - 94.0 Newington Forest
Mount Vernon Park,Week3,Laurel Hill,Week4,312.0 Mount Vernon Park - 89.0 Laurel Hill
Mount Vernon Park,Week3,Laurel Hill,Week2,333.0 Mount Vernon Park - 63.0 Laurel Hill
Mount Vernon Park,Week1,Overlee,Week3,277.0 Overlee - 125.0 Mount Vernon Park
Newington Forest,Week4,Bren Mar-Edsall Park,Week1,310.0 Newington Forest - 92.0 Bren Mar-Edsall Park
Mount Vernon Park,Week1,Hunter Mill,Week1,223.0 Mount Vernon Park - 179.0 Hunter Mill
Mount Vernon Park,Week2,Villa Aquatic,Week4,266.0 Mount Vernon Park - 136.0 Villa Aquatic
Mosby Woods,Week5,Vienna Woods,Week2,235.0 Vienna Woods - 167.0 Mosby Woods
Mount Vernon Park,Week2,Hunt Valley,Week3,227.0 Hunt Valley - 175.0 Mount Vernon Park
Newington Forest,Week3,Lincolnia Park,Week2,237.0 Newington Forest - 155.0 Lincolnia Park
Newington Forest,Week5,Donaldson Run,Week3,316.0 Donaldson Run - 86.0 Newington Forest
Mount Vernon Park,Week3,Bren Mar-Edsall Park,Week3,370.0 Mount Vernon Park - 32.0 Bren Mar-Edsall Park
Newington Forest,Week3,Bren Mar-Edsall Park,Week3,292.0 Newington Forest - 110.0 Bren Mar-Edsall Park
Mount Vernon Park,Week4,Bren Mar-Edsall Park,Week3,372.0 Mount Vernon Park - 30.0 Bren Mar-Edsall Park
Mount Vernon Park,Week3,Fox Hunt,Week5,232.0 Mount Vernon Park - 170.0 Fox Hunt
Mount Vernon Park,Week2,Villa Aquatic,Week1,260.0 Mount Vernon Park - 142.0 Villa Aquatic
Mount Vernon Park,Week1,Hunter Mill,Week4,216.0 Mount Vernon Park - 186.0 Hunter Mill
Mount Vernon Park,Week1,Ilda Community,Week5,309.0 Mount Vernon Park - 93.0 Ilda Community
Mount Vernon Park,Week1,Overlee,Week1,279.5 Overlee - 122.5 Mount Vernon Park
Mosby Woods,Week2,Villa Aquatic,Week1,288.0 Mosby Woods - 114.0 Villa Aquatic
Newington Forest,Week1,Dowden Terrace,Week3,278.0 Dowden Terrace - 124.0 Newington Forest
Newington Forest,Week4,Lakeview,Week2,246.0 Newington Forest - 156.0 Lakeview
Newington Forest,Week4,Lincolnia Park,Week1,245.0 Newington Forest - 156.0 Lincolnia Park
Newington Forest,Week3,Lincolnia Park,Week5,214.0 Newington Forest - 178.0 Lincolnia Park
Mount Vernon Park,Week1,Overlee,Week4,333.0 Overlee - 69.0 Mount Vernon Park
Mount Vernon Park,Week5,Fox Hunt,Week4,253.0 Mount Vernon Park - 149.0 Fox Hunt
Mount Vernon Park,Week3,Laurel Hill,Week5,286.0 Mount Vernon Park - 115.0 Laurel Hill
Newington Forest,Week3,Bren Mar-Edsall Park,Week5,290.0 Newington Forest - 112.0 Bren Mar-Edsall Park
Mount Vernon Park,Week1,Villa Aquatic,Week3,238.0 Mount Vernon Park - 164.0 Villa Aquatic
Mount Vernon Park,Week2,Bren Mar-Edsall Park,Week1,380.0 Mount Vernon Park - 22.0 Bren Mar-Edsall Park
Newington Forest,Week3,Lakevale Estates,Week5,333.0 Lakevale Estates - 69.0 Newington Forest
Mount Vernon Park,Week2,Ilda Community,Week2,326.0 Mount Vernon Park - 76.0 Ilda Community
Mount Vernon Park,Week2,Laurel Hill,Week1,321.0 Mount Vernon Park - 81.0 Laurel Hill
Newington Forest,Week2,Lincolnia Park,Week4,232.0 Newington Forest - 166.0 Lincolnia Park
Newington Forest,Week5,Donaldson Run,Week2,307.0 Donaldson Run - 95.0 Newington Forest
Mount Vernon Park,Week5,Bren Mar-Edsall Park,Week1,374.0 Mount Vernon Park - 27.0 Bren Mar-Edsall Park
Mosby Woods,Week4,Vienna Woods,Week1,248.0 Vienna Woods - 154.0 Mosby Woods
Mount Vernon Park,Week1,Fox Mill Estates,Week2,295.0 Mount Vernon Park - 107.0 Fox Mill Estates
Mount Vernon Park,Week5,Langley,Week5,230.0 Mount Vernon Park - 172.0 Langley
Mount Vernon Park,Week2,Overlee,Week1,286.0 Overlee - 116.0 Mount Vernon Park
Newington Forest,Week2,Dowden Terrace,Week2,266.0 Dowden Terrace - 135.0 Newington Forest
Mount Vernon Park,Week5,Fox Hunt,Week5,244.0 Mount Vernon Park - 158.0 Fox Hunt
Mount Vernon Park,Week5,Hunter Mill,Week4,225.0 Mount Vernon Park - 177.0 Hunter Mill
Mount Vernon Park,Week1,Villa Aquatic,Week5,243.0 Mount Vernon Park - 159.0 Villa Aquatic
Newington Forest,Week5,Brandywine,Week2,232.0 Brandywine - 170.0 Newington Forest
Mount Vernon Park,Week3,Laurel Hill,Week1,316.0 Mount Vernon Park - 86.0 Laurel Hill
Mount Vernon Park,Week1,Villa Aquatic,Week1,263.0 Mount Vernon Park - 139.0 Villa Aquatic
Newington Forest,Week1,Bren Mar-Edsall Park,Week3,279.0 Newington Forest - 121.0 Bren Mar-Edsall Park
Newington Forest,Week4,Lakevale Estates,Week1,320.0 Lakevale Estates - 77.0 Newington Forest
Newington Forest,Week2,Lakevale Estates,Week4,344.0 Lakevale Estates - 58.0 Newington Forest
Newington Forest,Week5,Brandywine,Week5,268.0 Brandywine - 134.0 Newington Forest
Newington Forest,Week1,Bren Mar-Edsall Park,Week2,296.0 Newington Forest - 102.0 Bren Mar-Edsall Park
Mount Vernon Park,Week5,Orange Hunt,Week5,240.0 Mount Vernon Park - 162.0 Orange Hunt
Mosby Woods,Week2,Villa Aquatic,Week2,277.5 Mosby Woods - 124.5 Villa Aquatic
Newington Forest,Week2,Dowden Terrace,Week3,258.0 Dowden Terrace - 144.0 Newington Forest
Mount Vernon Park,Week4,Annandale,Week2,326.0 Mount Vernon Park - 76.0 Annandale
Mount Vernon Park,Week5,Vienna Woods,Week3,213.0 Vienna Woods - 189.0 Mount Vernon Park
Newington Forest,Week1,Dowden Terrace,Week1,276.0 Dowden Terrace - 117.0 Newington Forest
Mosby Woods,Week2,Vienna Woods,Week2,226.0 Vienna Woods - 176.0 Mosby Woods
Newington Forest,Week4,Lincolnia Park,Week3,213.0 Newington Forest - 179.0 Lincolnia Park
Mount Vernon Park,Week1,Fox Mill Estates,Week4,277.0 Mount Vernon Park - 125.0 Fox Mill Estates
Mount Vernon Park,Week5,Orange Hunt,Week2,251.0 Mount Vernon Park - 151.0 Orange Hunt
Mount Vernon Park,Week5,Langley,Week2,237.0 Mount Vernon Park - 165.0 Langley
Newington Forest,Week4,Lincolnia Park,Week5,232.0 Newington Forest - 160.0 Lincolnia Park
Mount Vernon Park,Week5,Orange Hunt,Week1,251.5 Mount Vernon Park - 150.5 Orange Hunt
Mount Vernon Park,Week3,Annandale,Week3,329.0 Mount Vernon Park - 73.0 Annandale
Newington Forest,Week2,Lakevale Estates,Week5,330.0 Lakevale Estates - 72.0 Newington Forest
Mount Vernon Park,Week5,Hunter Mill,Week3,223.0 Mount Vernon Park - 179.0 Hunter Mill
Mount Vernon Park,Week3,Villa Aquatic,Week3,242.0 Mount Vernon Park - 160.0 Villa Aquatic
Mount Vernon Park,Week1,Arlington Forest,Week2,269.0 Mount Vernon Park - 133.0 Arlington Forest
Mosby Woods,Week4,Vienna Woods,Week2,242.0 Vienna Woods - 160.0 Mosby Woods
Newington Forest,Week4,Lincolnia Park,Week2,252.0 Newington Forest - 140.0 Lincolnia Park
Newington Forest,Week1,Little Hunting Park,Week3,238.0 Little Hunting Park - 161.0 Newington Forest
Newington Forest,Week3,Dowden Terrace,Week3,257.0 Dowden Terrace - 145.0 Newington Forest
Mosby Woods,Week2,Vienna Woods,Week3,231.0 Vienna Woods - 171.0 Mosby Woods
Mount Vernon Park,Week5,Vienna Woods,Week4,201.5 Mount Vernon Park - 200.5 Vienna Woods
Mount Vernon Park,Week1,Villa Aquatic,Week2,265.0 Mount Vernon Park - 137.0 Villa Aquatic
Mount Vernon Park,Week5,Langley,Week4,223.0 Mount Vernon Park - 179.0 Langley
Newington Forest,Week5,Brandywine,Week1,238.0 Brandywine - 164.0 Newington Forest
Mount Vernon Park,Week1,Laurel Hill,Week1,314.0 Mount Vernon Park - 88.0 Laurel Hill
Mount Vernon Park,Week5,Annandale,Week2,324.0 Mount Vernon Park - 78.0 Annandale
Newington Forest,Week1,Little Hunting Park,Week4,233.0 Little Hunting Park - 165.0 Newington Forest
Mount Vernon Park,Week2,Overlee,Week5,330.0 Overlee - 72.0 Mount Vernon Park
Newington Forest,Week3,Dowden Terrace,Week5,291.0 Dowden Terrace - 111.0 Newington Forest
Mosby Woods,Week3,Vienna Woods,Week4,216.0 Vienna Woods - 186.0 Mosby Woods
Mount Vernon Park,Week5,Fox Mill Estates,Week3,307.0 Mount Vernon Park - 94.0 Fox Mill Estates
Mount Vernon Park,Week3,Hunter Mill,Week4,218.0 Mount Vernon Park - 184.0 Hunter Mill
Newington Forest,Week4,Lakevale Estates,Week5,333.0 Lakevale Estates - 69.0 Newington Forest
Newington Forest,Week3,Bren Mar-Edsall Park,Week4,289.5 Newington Forest - 112.5 Bren Mar-Edsall Park
Newington Forest,Week5,Lakevale Estates,Week5,321.0 Lakevale Estates - 81.0 Newington Forest
Mount Vernon Park,Week3,Overlee,Week2,292.0 Overlee - 110.0 Mount Vernon Park
Mount Vernon Park,Week1,Arlington Forest,Week5,211.0 Mount Vernon Park - 191.0 Arlington Forest
Mount Vernon Park,Week1,Fox Mill Woods,Week5,211.0 Mount Vernon Park - 191.0 Fox Mill Woods
Mount Vernon Park,Week2,Hunter Mill,Week3,204.0 Hunter Mill - 198.0 Mount Vernon Park
Mount Vernon Park,Week3,Fox Mill Estates,Week1,326.0 Mount Vernon Park - 76.0 Fox Mill Estates
Newington Forest,Week5,Lakevale Estates,Week3,319.0 Lakevale Estates - 83.0 Newington Forest
Newington Forest,Week2,Lincolnia Park,Week3,206.0 Lincolnia Park - 183.0 Newington Forest
Newington Forest,Week3,Bren Mar-Edsall Park,Week1,304.0 Newington Forest - 98.0 Bren Mar-Edsall Park
Mount Vernon Park,Week2,Fox Mill Estates,Week5,287.0 Mount Vernon Park - 115.0 Fox Mill Estates
Mount Vernon Park,Week4,Lee Graham,Week2,226.0 Lee Graham - 176.0 Mount Vernon Park
Mount Vernon Park,Week1,Villa Aquatic,Week4,259.0 Mount Vernon Park - 143.0 Villa Aquatic
Mount Vernon Park,Week1,Overlee,Week5,327.0 Overlee - 75.0 Mount Vernon Park
Mosby Woods,Week2,Vienna Woods,Week5,263.0 Vienna Woods - 139.0 Mosby Woods
Mount Vernon Park,Week1,Annandale,Week4,321.0 Mount Vernon Park - 81.0 Annandale
Newington Forest,Week3,Lincolnia Park,Week1,236.0 Newington Forest - 165.0 Lincolnia Park
Newington Forest,Week1,Lincolnia Park,Week4,238.0 Newington Forest - 160.0 Lincolnia Park
Newington Forest,Week4,Dowden Terrace,Week4,261.0 Dowden Terrace - 141.0 Newington Forest
Newington Forest,Week1,Lakeview,Week3,203.0 Lakeview - 198.0 Newington Forest
Mosby Woods,Week4,Vienna Woods,Week5,276.0 Vienna Woods - 126.0 Mosby Woods
Newington Forest,Week4,Bren Mar-Edsall Park,Week5,301.5 Newington Forest - 94.5 Bren Mar-Edsall Park
Mount Vernon Park,Week3,Overlee,Week5,323.0 Overlee - 79.0 Mount Vernon Park
Newington Forest,Week1,Lakeview,Week2,210.0 Newington Forest - 191.0 Lakeview
Mount Vernon Park,Week3,Lee Graham,Week2,206.0 Lee Graham - 196.0 Mount Vernon Park
Newington Forest,Week2,Little Hunting Park,Week1,227.5 Little Hunting Park - 165.5 Newington Forest
Newington Forest,Week4,Brandywine,Week5,281.0 Brandywine - 121.0 Newington Forest
Mount Vernon Park,Week4,Laurel Hill,Week4,306.0 Mount Vernon Park - 96.0 Laurel Hill
Mount Vernon Park,Week1,Fox Mill Woods,Week2,221.0 Mount Vernon Park - 181.0 Fox Mill Woods
Mount Vernon Park,Week4,Hunter Mill,Week2,208.0 Mount Vernon Park - 194.0 Hunter Mill
Newington Forest,Week4,Dowden Terrace,Week2,248.0 Dowden Terrace - 154.0 Newington Forest
Mount Vernon Park,Week2,Hunter Mill,Week5,204.0 Mount Vernon Park - 198.0 Hunter Mill
Mount Vernon Park,Week3,Overlee,Week3,274.0 Overlee - 128.0 Mount Vernon Park
Mount Vernon Park,Week4,Laurel Hill,Week1,314.0 Mount Vernon Park - 88.0 Laurel Hill
Newington Forest,Week1,Lakeview,Week1,206.0 Newington Forest - 195.0 Lakeview
Mount Vernon Park,Week3,Hunter Mill,Week1,226.0 Mount Vernon Park - 176.0 Hunter Mill
Mount Vernon Park,Week1,Ilda Community,Week4,298.0 Mount Vernon Park - 104.0 Ilda Community
Mosby Woods,Week5,Woodley,Week5,305.5 Mosby Woods - 96.5 Woodley
Mount Vernon Park,Week1,Fox Mill Woods,Week3,216.0 Mount Vernon Park - 186.0 Fox Mill Woods
Newington Forest,Week5,Dowden Terrace,Week1,235.0 Dowden Terrace - 166.0 Newington Forest
Newington Forest,Week4,Bren Mar-Edsall Park,Week4,293.0 Newington Forest - 109.0 Bren Mar-Edsall Park
Mount Vernon Park,Week1,Annandale,Week1,317.0 Mount Vernon Park - 85.0 Annandale
Mosby Woods,Week4,Vienna Woods,Week3,261.0 Vienna Woods - 141.0 Mosby Woods
Mount Vernon Park,Week1,Lee Graham,Week1,203.5 Lee Graham - 198.5 Mount Vernon Park
Newington Forest,Week2,Lakeview,Week1,211.0 Newington Forest - 190.0 Lakeview
Mount Vernon Park,Week3,Fox Mill Woods,Week1,207.0 Mount Vernon Park - 195.0 Fox Mill Woods
Mount Vernon Park,Week4,Overlee,Week5,331.0 Overlee - 71.0 Mount Vernon Park
Mosby Woods,Week5,Vienna Woods,Week1,236.0 Vienna Woods - 166.0 Mosby Woods
Mount Vernon Park,Week4,Overlee,Week3,287.0 Overlee - 115.0 Mount Vernon Park
Mount Vernon Park,Week2,Hunter Mill,Week2,223.0 Mount Vernon Park - 179.0 Hunter Mill
Mount Vernon Park,Week2,Annandale,Week2,327.0 Mount Vernon Park - 75.0 Annandale
Mosby Woods,Week5,Vienna Woods,Week4,214.0 Vienna Woods - 188.0 Mosby Woods
Newington Forest,Week2,Lincolnia Park,Week2,224.0 Newington Forest - 163.0 Lincolnia Park
Mount Vernon Park,Week4,Fox Mill Estates,Week2,303.0 Mount Vernon Park - 99.0 Fox Mill Estates
Mount Vernon Park,Week4,Overlee,Week1,283.0 Overlee - 119.0 Mount Vernon Park
Newington Forest,Week3,Langley,Week1,315.0 Langley - 87.0 Newington Forest
Newington Forest,Week5,Dowden Terrace,Week3,238.0 Dowden Terrace - 164.0 Newington Forest
Mount Vernon Park,Week1,Annandale,Week3,312.0 Mount Vernon Park - 90.0 Annandale
Newington Forest,Week5,Dunn Loring,Week2,323.0 Dunn Loring - 79.0 Newington Forest
Mount Vernon Park,Week2,Hunter Mill,Week4,208.0 Mount Vernon Park - 194.0 Hunter Mill
Mount Vernon Park,Week5,Fox Mill Estates,Week2,307.0 Mount Vernon Park - 95.0 Fox Mill Estates
Mount Vernon Park,Week3,Lee Graham,Week1,202.0 Lee Graham - 200.0 Mount Vernon Park
Mount Vernon Park,Week3,Annandale,Week5,323.0 Mount Vernon Park - 78.0 Annandale
Newington Forest,Week3,Lincolnia Park,Week3,201.0 Lincolnia Park - 191.0 Newington Forest
Newington Forest,Week4,Dunn Loring,Week3,330.0 Dunn Loring - 72.0 Newington Forest
Newington Forest,Week4,Bren Mar-Edsall Park,Week3,299.0 Newington Forest - 98.0 Bren Mar-Edsall Park
Mount Vernon Park,Week1,Ilda Community,Week3,321.0 Mount Vernon Park - 81.0 Ilda Community
Newington Forest,Week3,Bren Mar-Edsall Park,Week2,302.0 Newington Forest - 100.0 Bren Mar-Edsall Park
Mount Vernon Park,Week4,Overlee,Week4,337.0 Overlee - 65.0 Mount Vernon Park
Mosby Woods,Week5,Vienna Woods,Week3,235.0 Vienna Woods - 167.0 Mosby Woods
Newington Forest,Week2,Bren Mar-Edsall Park,Week5,279.0 Newington Forest - 121.0 Bren Mar-Edsall Park
Newington Forest,Week5,Lakeview,Week5,220.0 Newington Forest - 168.0 Lakeview
Newington Forest,Week1,Lincolnia Park,Week5,196.0 Newington Forest - 191.0 Lincolnia Park
Mount Vernon Park,Week2,Hunter Mill,Week1,224.0 Mount Vernon Park - 178.0 Hunter Mill
Mount Vernon Park,Week2,Fox Mill Woods,Week1,204.0 Fox Mill Woods - 198.0 Mount Vernon Park
Newington Forest,Week1,Lincolnia Park,Week2,212.0 Newington Forest - 172.0 Lincolnia Park
Mount Vernon Park,Week3,Lee Graham,Week5,206.0 Lee Graham - 196.0 Mount Vernon Park
Newington Forest,Week4,Lakeview,Week5,215.0 Newington Forest - 178.0 Lakeview
Mount Vernon Park,Week1,Annandale,Week5,317.0 Mount Vernon Park - 85.0 Annandale
Mount Vernon Park,Week1,Lee Graham,Week3,217.0 Lee Graham - 185.0 Mount Vernon Park
Newington Forest,Week2,Bren Mar-Edsall Park,Week3,275.0 Newington Forest - 126.0 Bren Mar-Edsall Park
Mount Vernon Park,Week5,Overlee,Week1,265.0 Overlee - 137.0 Mount Vernon Park
Mosby Woods,Week4,Vienna Woods,Week4,232.0 Vienna Woods - 170.0 Mosby Woods
Newington Forest,Week3,Dunn Loring,Week4,346.0 Dunn Loring - 56.0 Newington Forest
Mount Vernon Park,Week4,Lee Graham,Week4,225.0 Lee Graham - 177.0 Mount Vernon Park
Newington Forest,Week5,Bren Mar-Edsall Park,Week2,322.0 Newington Forest - 80.0 Bren Mar-Edsall Park
Mount Vernon Park,Week3,Lee Graham,Week4,211.0 Lee Graham - 191.0 Mount Vernon Park
Newington Forest,Week3,Lincolnia Park,Week4,250.0 Newington Forest - 152.0 Lincolnia Park
Newington Forest,Week5,Dunn Loring,Week5,315.0 Dunn Loring - 87.0 Newington Forest
Mount Vernon Park,Week5,Overlee,Week3,275.0 Overlee - 127.0 Mount Vernon Park
Mount Vernon Park,Week3,Fox Mill Estates,Week2,302.0 Mount Vernon Park - 100.0 Fox Mill Estates
Mount Vernon Park,Week4,Fox Mill Estates,Week4,284.0 Mount Vernon Park - 118.0 Fox Mill Estates
Mosby Woods,Week1,Villa Aquatic,Week2,273.0 Mosby Woods - 129.0 Villa Aquatic
Newington Forest,Week5,Bren Mar-Edsall Park,Week3,310.0 Newington Forest - 92.0 Bren Mar-Edsall Park
Mount Vernon Park,Week3,Annandale,Week1,327.0 Mount Vernon Park - 75.0 Annandale
Newington Forest,Week4,Langley,Week5,300.0 Langley - 102.0 Newington Forest
Mosby Woods,Week5,Vienna Woods,Week5,265.0 Vienna Woods - 137.0 Mosby Woods
Newington Forest,Week1,Dunn Loring,Week1,318.0 Dunn Loring - 84.0 Newington Forest
Mount Vernon Park,Week3,Hunter Mill,Week5,205.0 Mount Vernon Park - 197.0 Hunter Mill
Newington Forest,Week5,Lincolnia Park,Week2,252.0 Newington Forest - 141.0 Lincolnia Park
Mount Vernon Park,Week4,Hunter Mill,Week1,219.5 Mount Vernon Park - 182.5 Hunter Mill
Newington Forest,Week1,Fair Oaks ,Week1,306.0 Fair Oaks - 96.0 Newington Forest
Newington Forest,Week5,Lakeview,Week2,244.0 Newington Forest - 158.0 Lakeview
Mount Vernon Park,Week3,Fox Mill Estates,Week5,300.0 Mount Vernon Park - 102.0 Fox Mill Estates
Mount Vernon Park,Week2,Annandale,Week5,323.0 Mount Vernon Park - 79.0 Annandale
Mosby Woods,Week1,Villa Aquatic,Week3,250.0 Mosby Woods - 152.0 Villa Aquatic
Mount Vernon Park,Week5,Overlee,Week5,311.0 Overlee - 91.0 Mount Vernon Park
Mount Vernon Park,Week3,Annandale,Week4,332.0 Mount Vernon Park - 69.0 Annandale
Mount Vernon Park,Week4,Hunter Mill,Week3,212.0 Mount Vernon Park - 190.0 Hunter Mill
Newington Forest,Week2,Dunn Loring,Week3,347.0 Dunn Loring - 55.0 Newington Forest
Mount Vernon Park,Week4,Laurel Hill,Week5,293.0 Mount Vernon Park - 109.0 Laurel Hill
Mount Vernon Park,Week5,Lee Graham,Week4,208.0 Mount Vernon Park - 194.0 Lee Graham
Newington Forest,Week1,Lincolnia Park,Week3,201.0 Lincolnia Park - 187.0 Newington Forest
Mount Vernon Park,Week2,Annandale,Week3,321.0 Mount Vernon Park - 81.0 Annandale
Newington Forest,Week4,Langley,Week1,313.0 Langley - 89.0 Newington Forest
Mosby Woods,Week1,Villa Aquatic,Week4,266.0 Mosby Woods - 136.0 Villa Aquatic
Newington Forest,Week4,Langley,Week3,312.0 Langley - 90.0 Newington Forest
Mount Vernon Park,Week4,Lee Graham,Week1,222.0 Lee Graham - 180.0 Mount Vernon Park
Mount Vernon Park,Week3,Parklawn,Week5,288.0 Mount Vernon Park - 114.0 Parklawn
Newington Forest,Week1,Brookfield ,Week5,267.0 Brookfield - 135.0 Newington Forest
Newington Forest,Week5,Brookfield ,Week1,253.0 Brookfield - 149.0 Newington Forest
Newington Forest,Week2,Lincolnia Park,Week1,222.0 Newington Forest - 179.0 Lincolnia Park
Mount Vernon Park,Week3,Annandale,Week2,325.0 Mount Vernon Park - 77.0 Annandale
Newington Forest,Week4,Lincolnia Park,Week4,260.0 Newington Forest - 136.0 Lincolnia Park
Newington Forest,Week1,Fair Oaks ,Week4,316.0 Fair Oaks - 85.0 Newington Forest
Mount Vernon Park,Week2,Fox Mill Estates,Week2,285.0 Mount Vernon Park - 117.0 Fox Mill Estates
Newington Forest,Week3,Brookfield ,Week2,262.0 Brookfield - 140.0 Newington Forest
Mount Vernon Park,Week1,Parklawn,Week2,283.0 Mount Vernon Park - 118.0 Parklawn
Mount Vernon Park,Week4,Parklawn,Week2,292.0 Mount Vernon Park - 110.0 Parklawn
Newington Forest,Week1,Brookfield ,Week3,266.0 Brookfield - 132.0 Newington Forest
Mount Vernon Park,Week4,Hunter Mill,Week5,201.0 Hunter Mill - 201.0 Mount Vernon Park
Mosby Woods,Week2,Vienna Woods,Week4,202.0 Vienna Woods - 200.0 Mosby Woods
Mount Vernon Park,Week4,Fox Mill Estates,Week3,294.0 Mount Vernon Park - 108.0 Fox Mill Estates
Mount Vernon Park,Week3,Hunter Mill,Week2,226.0 Mount Vernon Park - 176.0 Hunter Mill
Newington Forest,Week5,Lincolnia Park,Week1,264.0 Newington Forest - 138.0 Lincolnia Park
Mount Vernon Park,Week1,Hunter Mill,Week5,203.5 Hunter Mill - 198.5 Mount Vernon Park
Newington Forest,Week5,Langley,Week5,289.0 Langley - 113.0 Newington Forest
Newington Forest,Week1,Fair Oaks ,Week3,312.0 Fair Oaks - 90.0 Newington Forest
Mount Vernon Park,Week4,Annandale,Week3,329.5 Mount Vernon Park - 72.5 Annandale
Newington Forest,Week2,Langley,Week5,310.0 Langley - 92.0 Newington Forest
Mount Vernon Park,Week4,Lee Graham,Week5,227.0 Lee Graham - 175.0 Mount Vernon Park
Mount Vernon Park,Week3,Parklawn,Week1,320.0 Mount Vernon Park - 73.0 Parklawn
Mount Vernon Park,Week2,Fox Mill Estates,Week3,282.0 Mount Vernon Park - 120.0 Fox Mill Estates
Mount Vernon Park,Week4,Fox Mill Estates,Week5,289.0 Mount Vernon Park - 113.0 Fox Mill Estates
Newington Forest,Week1,Little Hunting Park,Week2,228.0 Little Hunting Park - 168.0 Newington Forest
Mount Vernon Park,Week5,Hunter Mill,Week1,232.0 Mount Vernon Park - 170.0 Hunter Mill
Newington Forest,Week4,Langley,Week4,312.0 Langley - 90.0 Newington Forest
Mount Vernon Park,Week2,Lincolnia Park,Week3,319.0 Mount Vernon Park - 74.0 Lincolnia Park
Mount Vernon Park,Week5,Hunter Mill,Week5,230.0 Mount Vernon Park - 172.0 Hunter Mill
Mount Vernon Park,Week1,Parliament,Week1,226.5 Mount Vernon Park - 175.5 Parliament
Newington Forest,Week5,Dowden Terrace,Week5,272.0 Dowden Terrace - 130.0 Newington Forest
Mount Vernon Park,Week4,Annandale,Week5,326.0 Mount Vernon Park - 76.0 Annandale
Newington Forest,Week1,Fair Oaks ,Week5,327.0 Fair Oaks - 74.0 Newington Forest
Newington Forest,Week3,Brookfield ,Week4,275.0 Brookfield - 127.0 Newington Forest
Newington Forest,Week3,Dunn Loring,Week5,341.0 Dunn Loring - 61.0 Newington Forest
Mount Vernon Park,Week4,Parklawn,Week4,273.5 Mount Vernon Park - 128.5 Parklawn
Mount Vernon Park,Week4,Parklawn,Week5,279.5 Mount Vernon Park - 122.5 Parklawn
Newington Forest,Week2,Langley,Week1,321.0 Langley - 81.0 Newington Forest
Mount Vernon Park,Week1,Lincolnia Park,Week4,341.0 Mount Vernon Park - 61.0 Lincolnia Park
Mount Vernon Park,Week5,Annandale,Week3,328.0 Mount Vernon Park - 74.0 Annandale
Newington Forest,Week5,Lincolnia Park,Week5,237.0 Newington Forest - 156.0 Lincolnia Park
Newington Forest,Week3,Langley,Week3,316.0 Langley - 86.0 Newington Forest
Mount Vernon Park,Week2,Annandale,Week1,328.0 Mount Vernon Park - 74.0 Annandale
Newington Forest,Week3,Langley,Week2,310.0 Langley - 92.0 Newington Forest
Mount Vernon Park,Week1,Ilda Community,Week1,299.0 Mount Vernon Park - 103.0 Ilda Community
Newington Forest,Week5,Lincolnia Park,Week4,266.0 Newington Forest - 136.0 Lincolnia Park
Mount Vernon Park,Week3,Fox Mill Estates,Week4,292.0 Mount Vernon Park - 109.0 Fox Mill Estates
Newington Forest,Week1,Little Hunting Park,Week1,220.0 Little Hunting Park - 173.0 Newington Forest
Newington Forest,Week2,Dunn Loring,Week5,346.0 Dunn Loring - 54.0 Newington Forest
Mount Vernon Park,Week1,Lee Graham,Week2,209.0 Lee Graham - 193.0 Mount Vernon Park
Mount Vernon Park,Week3,Hunter Mill,Week3,215.0 Mount Vernon Park - 187.0 Hunter Mill
Mount Vernon Park,Week5,Fox Mill Estates,Week1,331.0 Mount Vernon Park - 71.0 Fox Mill Estates
Mount Vernon Park,Week5,Hunter Mill,Week2,234.0 Mount Vernon Park - 168.0 Hunter Mill
Newington Forest,Week1,Brookfield ,Week2,270.0 Brookfield - 131.0 Newington Forest
Mount Vernon Park,Week4,Fox Mill Estates,Week1,317.0 Mount Vernon Park - 85.0 Fox Mill Estates
Mount Vernon Park,Week1,Lee Graham,Week4,227.0 Lee Graham - 175.0 Mount Vernon Park
Newington Forest,Week3,Dunn Loring,Week1,292.0 Dunn Loring - 110.0 Newington Forest
Newington Forest,Week2,Langley,Week2,310.0 Langley - 91.0 Newington Forest
Mount Vernon Park,Week4,Annandale,Week1,326.0 Mount Vernon Park - 76.0 Annandale
Newington Forest,Week4,Brookfield ,Week4,267.0 Brookfield - 135.0 Newington Forest
Newington Forest,Week1,Broyhill Crest,Week5,241.5 Newington Forest - 156.5 Broyhill Crest
Mount Vernon Park,Week5,Annandale,Week1,332.0 Mount Vernon Park - 65.0 Annandale
Mount Vernon Park,Week2,Fox Mill Estates,Week4,279.0 Mount Vernon Park - 123.0 Fox Mill Estates
Mount Vernon Park,Week1,Parliament,Week2,266.0 Mount Vernon Park - 136.0 Parliament
Mount Vernon Park,Week1,Lee Graham,Week5,234.0 Lee Graham - 168.0 Mount Vernon Park
Mount Vernon Park,Week5,Parklawn,Week1,327.0 Mount Vernon Park - 61.0 Parklawn
Mount Vernon Park,Week1,Fox Mill Woods,Week4,212.5 Mount Vernon Park - 189.5 Fox Mill Woods
Newington Forest,Week2,Little Rocky Run,Week1,322.0 Little Rocky Run - 80.0 Newington Forest
Mount Vernon Park,Week1,Annandale,Week2,316.0 Mount Vernon Park - 86.0 Annandale
Mount Vernon Park,Week1,Ilda Community,Week2,323.0 Mount Vernon Park - 79.0 Ilda Community
Mount Vernon Park,Week1,Parklawn,Week4,277.0 Mount Vernon Park - 124.0 Parklawn
Newington Forest,Week2,Brookfield ,Week1,292.0 Brookfield - 110.0 Newington Forest
Newington Forest,Week4,Lakeview,Week3,219.0 Newington Forest - 183.0 Lakeview
Newington Forest,Week1,Brookfield ,Week4,287.0 Brookfield - 115.0 Newington Forest
Mount Vernon Park,Week2,Lee Graham,Week1,218.0 Lee Graham - 184.0 Mount Vernon Park
Newington Forest,Week4,Dunn Loring,Week2,329.0 Dunn Loring - 73.0 Newington Forest
Mount Vernon Park,Week5,Fox Mill Estates,Week4,296.0 Mount Vernon Park - 106.0 Fox Mill Estates
Mount Vernon Park,Week4,Hunter Mill,Week4,214.0 Mount Vernon Park - 188.0 Hunter Mill
Newington Forest,Week1,Dunn Loring,Week5,348.0 Dunn Loring - 53.0 Newington Forest
Mount Vernon Park,Week5,Laurel Hill,Week3,317.0 Mount Vernon Park - 85.0 Laurel Hill
Newington Forest,Week3,Little Hunting Park,Week4,228.0 Little Hunting Park - 174.0 Newington Forest
Mount Vernon Park,Week2,Annandale,Week4,335.0 Mount Vernon Park - 67.0 Annandale
Newington Forest,Week1,Little Hunting Park,Week5,250.0 Little Hunting Park - 150.0 Newington Forest
Newington Forest,Week1,Broyhill Crest,Week1,271.0 Newington Forest - 128.0 Broyhill Crest
Mount Vernon Park,Week5,Annandale,Week4,336.0 Mount Vernon Park - 66.0 Annandale
Newington Forest,Week5,Langley,Week1,305.0 Langley - 97.0 Newington Forest
Newington Forest,Week3,Dunn Loring,Week2,341.0 Dunn Loring - 61.0 Newington Forest
Mount Vernon Park,Week1,Parliament,Week3,258.0 Mount Vernon Park - 144.0 Parliament
Mount Vernon Park,Week5,Laurel Hill,Week5,294.0 Mount Vernon Park - 108.0 Laurel Hill
Mount Vernon Park,Week4,Annandale,Week4,329.0 Mount Vernon Park - 73.0 Annandale
Newington Forest,Week2,Little Hunting Park,Week5,250.0 Little Hunting Park - 150.0 Newington Forest
Newington Forest,Week4,Dunn Loring,Week5,329.0 Dunn Loring - 73.0 Newington Forest
Newington Forest,Week4,Dunn Loring,Week4,336.0 Dunn Loring - 66.0 Newington Forest
Mount Vernon Park,Week1,Arlington Forest,Week3,273.0 Mount Vernon Park - 129.0 Arlington Forest
Mount Vernon Park,Week2,Ilda Community,Week1,320.0 Mount Vernon Park - 82.0 Ilda Community
Newington Forest,Week5,Brookfield ,Week5,225.0 Brookfield - 172.0 Newington Forest
Newington Forest,Week2,Dunn Loring,Week4,350.0 Dunn Loring - 51.0 Newington Forest
Newington Forest,Week3,Little Hunting Park,Week3,217.0 Little Hunting Park - 185.0 Newington Forest
Mount Vernon Park,Week2,Lee Graham,Week2,214.0 Lee Graham - 188.0 Mount Vernon Park
Mount Vernon Park,Week5,Laurel Hill,Week1,325.0 Mount Vernon Park - 71.0 Laurel Hill
Mount Vernon Park,Week3,Ilda Community,Week1,314.0 Mount Vernon Park - 88.0 Ilda Community
Mount Vernon Park,Week3,Parklawn,Week3,315.0 Mount Vernon Park - 87.0 Parklawn
Mount Vernon Park,Week3,Ilda Community,Week5,319.0 Mount Vernon Park - 83.0 Ilda Community
Newington Forest,Week1,Langley,Week2,311.5 Langley - 90.5 Newington Forest
Mount Vernon Park,Week5,Laurel Hill,Week2,339.0 Mount Vernon Park - 63.0 Laurel Hill
Newington Forest,Week1,Langley,Week3,324.0 Langley - 78.0 Newington Forest
Mount Vernon Park,Week2,Parklawn,Week3,299.0 Mount Vernon Park - 103.0 Parklawn
Newington Forest,Week3,Brookfield ,Week3,261.0 Brookfield - 141.0 Newington Forest
Mount Vernon Park,Week4,Ilda Community,Week5,326.0 Mount Vernon Park - 76.0 Ilda Community
Mount Vernon Park,Week5,Annandale,Week5,324.0 Mount Vernon Park - 78.0 Annandale
Newington Forest,Week5,Brookfield ,Week3,228.0 Brookfield - 174.0 Newington Forest
Mount Vernon Park,Week2,Fox Mill Estates,Week1,316.0 Mount Vernon Park - 86.0 Fox Mill Estates
Newington Forest,Week4,Lakeview,Week4,206.0 Newington Forest - 196.0 Lakeview
Mount Vernon Park,Week2,Parklawn,Week4,272.0 Mount Vernon Park - 130.0 Parklawn
Newington Forest,Week2,Broyhill Crest,Week1,264.0 Newington Forest - 132.0 Broyhill Crest
Mount Vernon Park,Week2,Fox Mill Woods,Week2,217.0 Mount Vernon Park - 185.0 Fox Mill Woods
Mount Vernon Park,Week2,Parliament,Week1,210.0 Mount Vernon Park - 192.0 Parliament
Newington Forest,Week5,Little Hunting Park,Week3,203.0 Newington Forest - 199.0 Little Hunting Park
Mount Vernon Park,Week1,Arlington Forest,Week1,250.5 Mount Vernon Park - 151.5 Arlington Forest
Mount Vernon Park,Week1,Fox Mill Woods,Week1,205.0 Fox Mill Woods - 197.0 Mount Vernon Park
Mount Vernon Park,Week3,Fox Mill Estates,Week3,300.0 Mount Vernon Park - 102.0 Fox Mill Estates
Newington Forest,Week4,Little Hunting Park,Week1,202.0 Newington Forest - 199.0 Little Hunting Park
Newington Forest,Week5,Lakeview,Week1,247.0 Newington Forest - 155.0 Lakeview
Mount Vernon Park,Week3,Parklawn,Week2,289.0 Mount Vernon Park - 113.0 Parklawn
Mount Vernon Park,Week5,Fox Mill Estates,Week5,321.0 Mount Vernon Park - 81.0 Fox Mill Estates
Newington Forest,Week4,Brookfield ,Week1,281.0 Brookfield - 121.0 Newington Forest
Newington Forest,Week2,Brookfield ,Week4,282.0 Brookfield - 120.0 Newington Forest
Mount Vernon Park,Week2,Kent Gardens,Week5,206.0 Mount Vernon Park - 196.0 Kent Gardens
Newington Forest,Week3,Little Hunting Park,Week5,236.0 Little Hunting Park - 165.0 Newington Forest
Mount Vernon Park,Week2,Kent Gardens,Week2,263.0 Mount Vernon Park - 139.0 Kent Gardens
Mount Vernon Park,Week2,Parklawn,Week1,313.0 Mount Vernon Park - 80.0 Parklawn
Newington Forest,Week2,Dunn Loring,Week1,315.0 Dunn Loring - 87.0 Newington Forest
Newington Forest,Week1,Langley,Week4,327.0 Langley - 75.0 Newington Forest
Mount Vernon Park,Week4,Ilda Community,Week1,313.0 Mount Vernon Park - 89.0 Ilda Community
Newington Forest,Week1,Dunn Loring,Week3,352.0 Dunn Loring - 50.0 Newington Forest
Newington Forest,Week4,Dunn Loring,Week1,285.0 Dunn Loring - 117.0 Newington Forest
Mount Vernon Park,Week2,Parklawn,Week5,286.0 Mount Vernon Park - 116.0 Parklawn
Mount Vernon Park,Week4,Parklawn,Week1,322.5 Mount Vernon Park - 70.5 Parklawn
Newington Forest,Week3,Brookfield ,Week5,263.5 Brookfield - 138.5 Newington Forest
Newington Forest,Week5,Bren Mar-Edsall Park,Week5,314.0 Newington Forest - 83.0 Bren Mar-Edsall Park
Newington Forest,Week1,Little Rocky Run,Week5,355.0 Little Rocky Run - 47.0 Newington Forest
Newington Forest,Week1,Brookfield ,Week1,306.0 Brookfield - 96.0 Newington Forest
Mount Vernon Park,Week5,Laurel Hill,Week4,318.0 Mount Vernon Park - 84.0 Laurel Hill
Mount Vernon Park,Week2,Fox Mill Woods,Week3,217.0 Mount Vernon Park - 185.0 Fox Mill Woods
Mount Vernon Park,Week3,Kent Gardens,Week4,257.5 Mount Vernon Park - 144.5 Kent Gardens
Mount Vernon Park,Week2,Lee Graham,Week5,219.0 Lee Graham - 183.0 Mount Vernon Park
Mount Vernon Park,Week2,Arlington Forest,Week3,266.0 Mount Vernon Park - 136.0 Arlington Forest
Mount Vernon Park,Week2,Arlington Forest,Week5,219.0 Mount Vernon Park - 183.0 Arlington Forest
Mount Vernon Park,Week4,Fox Mill Woods,Week4,202.0 Mount Vernon Park - 200.0 Fox Mill Woods
Newington Forest,Week4,Little Hunting Park,Week2,201.0 Little Hunting Park - 201.0 Newington Forest
Newington Forest,Week1,Dunn Loring,Week4,361.0 Dunn Loring - 40.0 Newington Forest
Mount Vernon Park,Week2,Lee Graham,Week4,230.0 Lee Graham - 172.0 Mount Vernon Park
Mount Vernon Park,Week2,Arlington Forest,Week2,268.0 Mount Vernon Park - 134.0 Arlington Forest
Newington Forest,Week5,Lakeview,Week3,229.0 Newington Forest - 173.0 Lakeview
Newington Forest,Week5,Little Hunting Park,Week5,225.0 Little Hunting Park - 177.0 Newington Forest
Mount Vernon Park,Week2,Fox Mill Woods,Week4,212.0 Mount Vernon Park - 190.0 Fox Mill Woods
Mount Vernon Park,Week2,Lee Graham,Week3,221.0 Lee Graham - 181.0 Mount Vernon Park
Newington Forest,Week2,Dunn Loring,Week2,352.0 Dunn Loring - 50.0 Newington Forest
Mount Vernon Park,Week1,Kent Gardens,Week2,254.0 Mount Vernon Park - 148.0 Kent Gardens
Mount Vernon Park,Week1,Arlington Forest,Week4,238.0 Mount Vernon Park - 164.0 Arlington Forest
Newington Forest,Week5,Lakeview,Week4,207.0 Newington Forest - 190.0 Lakeview
Newington Forest,Week1,Langley,Week5,312.0 Langley - 90.0 Newington Forest
Mount Vernon Park,Week2,Fox Mill Woods,Week5,218.0 Mount Vernon Park - 184.0 Fox Mill Woods
Newington Forest,Week2,Langley,Week4,319.0 Langley - 82.0 Newington Forest
Mount Vernon Park,Week1,Great Falls,Week2,252.0 Mount Vernon Park - 127.0 Great Falls
Mount Vernon Park,Week2,Arlington Forest,Week4,240.0 Mount Vernon Park - 162.0 Arlington Forest
Mount Vernon Park,Week4,Parklawn,Week3,299.0 Mount Vernon Park - 103.0 Parklawn
Mount Vernon Park,Week3,Kent Gardens,Week3,250.0 Mount Vernon Park - 152.0 Kent Gardens
Mount Vernon Park,Week3,Lee Graham,Week3,207.0 Lee Graham - 195.0 Mount Vernon Park
Mount Vernon Park,Week2,Ilda Community,Week5,323.0 Mount Vernon Park - 79.0 Ilda Community
Newington Forest,Week1,Langley,Week1,327.0 Langley - 75.0 Newington Forest
Mount Vernon Park,Week3,Arlington Forest,Week5,219.0 Mount Vernon Park - 183.0 Arlington Forest
Newington Forest,Week3,Dunn Loring,Week3,340.0 Dunn Loring - 62.0 Newington Forest
Newington Forest,Week2,Little Hunting Park,Week2,236.0 Little Hunting Park - 161.0 Newington Forest
Mount Vernon Park,Week2,Great Falls,Week5,224.0 Mount Vernon Park - 177.0 Great Falls
Mount Vernon Park,Week5,Parklawn,Week4,284.0 Mount Vernon Park - 114.0 Parklawn
Newington Forest,Week2,Little Hunting Park,Week4,233.0 Little Hunting Park - 165.0 Newington Forest
Newington Forest,Week1,Dunn Loring,Week2,356.0 Dunn Loring - 46.0 Newington Forest
Mount Vernon Park,Week5,Lee Graham,Week1,210.0 Mount Vernon Park - 192.0 Lee Graham
Mount Vernon Park,Week3,Arlington Forest,Week1,251.5 Mount Vernon Park - 150.5 Arlington Forest
Mount Vernon Park,Week4,Lee Graham,Week3,230.0 Lee Graham - 172.0 Mount Vernon Park
Mount Vernon Park,Week5,Fox Mill Woods,Week5,237.0 Mount Vernon Park - 165.0 Fox Mill Woods
Newington Forest,Week2,Langley,Week3,319.0 Langley - 83.0 Newington Forest
Newington Forest,Week5,Dunn Loring,Week1,288.0 Dunn Loring - 109.0 Newington Forest
Mount Vernon Park,Week1,Parliament,Week4,266.0 Mount Vernon Park - 136.0 Parliament
Newington Forest,Week4,Little Rocky Run,Week1,298.0 Little Rocky Run - 99.0 Newington Forest
Newington Forest,Week2,Brookfield ,Week2,273.0 Brookfield - 128.0 Newington Forest
Newington Forest,Week3,Brookfield ,Week1,291.0 Brookfield - 111.0 Newington Forest
Mount Vernon Park,Week2,Arlington Forest,Week1,252.0 Mount Vernon Park - 150.0 Arlington Forest
Newington Forest,Week5,Little Hunting Park,Week4,202.0 Little Hunting Park - 200.0 Newington Forest
Mount Vernon Park,Week2,Kent Gardens,Week4,253.0 Mount Vernon Park - 149.0 Kent Gardens
Mount Vernon Park,Week5,Lee Graham,Week3,208.0 Lee Graham - 194.0 Mount Vernon Park
Mount Vernon Park,Week5,Fox Mill Woods,Week3,237.0 Mount Vernon Park - 165.0 Fox Mill Woods
Mount Vernon Park,Week1,Parklawn,Week5,276.0 Mount Vernon Park - 125.0 Parklawn
Newington Forest,Week4,Langley,Week2,308.0 Langley - 94.0 Newington Forest
Newington Forest,Week3,Langley,Week5,305.0 Langley - 97.0 Newington Forest
Newington Forest,Week1,Fair Oaks ,Week2,285.0 Fair Oaks - 116.0 Newington Forest
Mount Vernon Park,Week5,Lee Graham,Week5,203.0 Mount Vernon Park - 199.0 Lee Graham
Mount Vernon Park,Week2,Parklawn,Week2,286.0 Mount Vernon Park - 116.0 Parklawn
Mount Vernon Park,Week4,Arlington Forest,Week2,272.0 Mount Vernon Park - 130.0 Arlington Forest
Mount Vernon Park,Week3,Kent Gardens,Week1,237.0 Mount Vernon Park - 165.0 Kent Gardens
Newington Forest,Week5,Dunn Loring,Week4,333.0 Dunn Loring - 69.0 Newington Forest
Newington Forest,Week3,Little Hunting Park,Week2,215.0 Little Hunting Park - 186.0 Newington Forest
Newington Forest,Week5,Dunn Loring,Week3,325.0 Dunn Loring - 77.0 Newington Forest
Mount Vernon Park,Week2,Great Falls,Week1,271.0 Mount Vernon Park - 131.0 Great Falls
Mount Vernon Park,Week5,Fox Mill Woods,Week1,213.0 Mount Vernon Park - 189.0 Fox Mill Woods
Mount Vernon Park,Week4,Arlington Forest,Week1,257.0 Mount Vernon Park - 145.0 Arlington Forest
Newington Forest,Week5,Langley,Week2,296.0 Langley - 106.0 Newington Forest
Newington Forest,Week1,Little Rocky Run,Week1,334.0 Little Rocky Run - 68.0 Newington Forest
Mount Vernon Park,Week1,Kent Gardens,Week4,251.0 Mount Vernon Park - 151.0 Kent Gardens
Newington Forest,Week2,Brookfield ,Week3,266.0 Brookfield - 132.0 Newington Forest
Newington Forest,Week4,Brookfield ,Week2,251.0 Brookfield - 151.0 Newington Forest
Newington Forest,Week3,Langley,Week4,310.0 Langley - 92.0 Newington Forest
Newington Forest,Week2,Brookfield ,Week5,262.0 Brookfield - 139.0 Newington Forest
Mount Vernon Park,Week1,Parliament,Week5,241.0 Mount Vernon Park - 161.0 Parliament
Mount Vernon Park,Week1,Lincolnia Park,Week2,339.0 Mount Vernon Park - 54.0 Lincolnia Park
Newington Forest,Week4,Brookfield ,Week3,252.0 Brookfield - 150.0 Newington Forest
Newington Forest,Week5,Little Rocky Run,Week1,288.0 Little Rocky Run - 114.0 Newington Forest
Mount Vernon Park,Week3,Parklawn,Week4,277.0 Mount Vernon Park - 125.0 Parklawn
Newington Forest,Week2,Fair Oaks ,Week4,298.0 Fair Oaks - 103.0 Newington Forest
Mount Vernon Park,Week3,Arlington Forest,Week2,270.0 Mount Vernon Park - 132.0 Arlington Forest
Mount Vernon Park,Week3,Kent Gardens,Week5,211.0 Mount Vernon Park - 191.0 Kent Gardens
Mount Vernon Park,Week5,Lee Graham,Week2,222.0 Mount Vernon Park - 180.0 Lee Graham
Newington Forest,Week1,Broyhill Crest,Week2,291.0 Newington Forest - 109.0 Broyhill Crest
Mount Vernon Park,Week4,Great Falls,Week4,277.5 Mount Vernon Park - 124.5 Great Falls
Newington Forest,Week4,Brookfield ,Week5,256.0 Brookfield - 146.0 Newington Forest
Mount Vernon Park,Week5,Parklawn,Week2,295.0 Mount Vernon Park - 103.0 Parklawn
Newington Forest,Week1,Broyhill Crest,Week3,281.0 Newington Forest - 116.0 Broyhill Crest
Newington Forest,Week5,Langley,Week4,306.0 Langley - 96.0 Newington Forest
Mount Vernon Park,Week1,Lincolnia Park,Week3,312.0 Mount Vernon Park - 81.0 Lincolnia Park
Newington Forest,Week4,Little Hunting Park,Week5,218.0 Little Hunting Park - 183.0 Newington Forest
Newington Forest,Week1,Laurel Hill,Week2,214.0 Newington Forest - 185.0 Laurel Hill
Newington Forest,Week2,Fairfax,Week4,337.0 Fairfax - 61.0 Newington Forest
Newington Forest,Week5,Langley,Week3,304.0 Langley - 98.0 Newington Forest
Newington Forest,Week2,Fair Oaks ,Week1,302.0 Fair Oaks - 100.0 Newington Forest
Newington Forest,Week2,Little Hunting Park,Week3,227.0 Little Hunting Park - 170.0 Newington Forest
Mount Vernon Park,Week3,Arlington Forest,Week4,242.0 Mount Vernon Park - 160.0 Arlington Forest
Newington Forest,Week3,Fair Oaks ,Week4,270.0 Fair Oaks - 132.0 Newington Forest
Mount Vernon Park,Week3,Great Falls,Week1,289.0 Mount Vernon Park - 108.0 Great Falls
Newington Forest,Week1,Little Rocky Run,Week2,335.0 Little Rocky Run - 67.0 Newington Forest
Mount Vernon Park,Week1,Lincolnia Park,Week5,310.0 Mount Vernon Park - 83.0 Lincolnia Park
Mount Vernon Park,Week5,Parklawn,Week3,325.0 Mount Vernon Park - 73.0 Parklawn
Newington Forest,Week1,Broyhill Crest,Week4,270.0 Newington Forest - 131.0 Broyhill Crest
Mount Vernon Park,Week4,Kent Gardens,Week1,232.0 Mount Vernon Park - 170.0 Kent Gardens
Mount Vernon Park,Week4,Fox Mill Woods,Week1,202.0 Mount Vernon Park - 200.0 Fox Mill Woods
Mount Vernon Park,Week5,Great Falls,Week1,300.0 Mount Vernon Park - 102.0 Great Falls
Newington Forest,Week2,Fair Oaks ,Week2,277.0 Fair Oaks - 124.0 Newington Forest
Mount Vernon Park,Week3,Arlington Forest,Week3,284.0 Mount Vernon Park - 118.0 Arlington Forest
Mount Vernon Park,Week2,Lincolnia Park,Week2,342.0 Mount Vernon Park - 51.0 Lincolnia Park
Mount Vernon Park,Week2,Great Falls,Week3,243.0 Mount Vernon Park - 159.0 Great Falls
Mount Vernon Park,Week2,Pinecrest,Week3,239.0 Pinecrest - 163.0 Mount Vernon Park
Newington Forest,Week5,Brookfield ,Week2,234.0 Brookfield - 168.0 Newington Forest
Mount Vernon Park,Week4,Ilda Community,Week2,330.0 Mount Vernon Park - 72.0 Ilda Community
Mount Vernon Park,Week1,Lincolnia Park,Week1,341.0 Mount Vernon Park - 61.0 Lincolnia Park
Mount Vernon Park,Week2,Lincolnia Park,Week1,345.0 Mount Vernon Park - 57.0 Lincolnia Park
Newington Forest,Week4,Little Hunting Park,Week3,203.0 Newington Forest - 199.0 Little Hunting Park
Newington Forest,Week1,Laurel Hill,Week5,237.0 Laurel Hill - 162.0 Newington Forest
Mount Vernon Park,Week5,Parliament,Week4,283.0 Mount Vernon Park - 119.0 Parliament
Mount Vernon Park,Week5,Parklawn,Week5,285.0 Mount Vernon Park - 113.0 Parklawn
Mount Vernon Park,Week5,Ilda Community,Week4,311.0 Mount Vernon Park - 91.0 Ilda Community
Newington Forest,Week3,Little Hunting Park,Week1,209.0 Little Hunting Park - 192.0 Newington Forest
Newington Forest,Week2,Laurel Hill,Week1,213.0 Laurel Hill - 186.0 Newington Forest
Mount Vernon Park,Week2,Ilda Community,Week3,326.0 Mount Vernon Park - 76.0 Ilda Community
Mount Vernon Park,Week2,Ilda Community,Week4,294.0 Mount Vernon Park - 108.0 Ilda Community
Mount Vernon Park,Week3,Lincolnia Park,Week4,349.0 Mount Vernon Park - 53.0 Lincolnia Park
Newington Forest,Week3,Laurel Hill,Week1,208.0 Laurel Hill - 192.0 Newington Forest
Mount Vernon Park,Week5,Fox Mill Woods,Week2,233.0 Mount Vernon Park - 169.0 Fox Mill Woods
Newington Forest,Week5,Little Hunting Park,Week1,213.0 Newington Forest - 188.0 Little Hunting Park
Mount Vernon Park,Week1,Kent Gardens,Week5,211.0 Mount Vernon Park - 191.0 Kent Gardens
Mount Vernon Park,Week3,Ilda Community,Week2,337.0 Mount Vernon Park - 65.0 Ilda Community
Newington Forest,Week5,Fair Oaks ,Week4,253.0 Fair Oaks - 149.0 Newington Forest
Newington Forest,Week2,Laurel Hill,Week4,224.0 Laurel Hill - 174.0 Newington Forest
Mount Vernon Park,Week5,Great Falls,Week2,279.0 Mount Vernon Park - 105.0 Great Falls
Mount Vernon Park,Week1,Pinecrest,Week5,224.0 Pinecrest - 178.0 Mount Vernon Park
Newington Forest,Week3,Fair Oaks ,Week3,303.0 Fair Oaks - 99.0 Newington Forest
Newington Forest,Week2,Broyhill Crest,Week2,282.0 Newington Forest - 115.0 Broyhill Crest
Mount Vernon Park,Week2,Parliament,Week2,251.0 Mount Vernon Park - 151.0 Parliament
Newington Forest,Week2,Broyhill Crest,Week3,277.0 Newington Forest - 120.0 Broyhill Crest
Newington Forest,Week5,Little Hunting Park,Week2,206.0 Little Hunting Park - 196.0 Newington Forest
Mount Vernon Park,Week5,Lincolnia Park,Week5,314.0 Mount Vernon Park - 78.0 Lincolnia Park
Mount Vernon Park,Week1,Greenbriar,Week1,239.0 Mount Vernon Park - 163.0 Greenbriar
Mount Vernon Park,Week1,Little Hunting Park,Week2,311.0 Mount Vernon Park - 91.0 Little Hunting Park
Mount Vernon Park,Week5,Ilda Community,Week5,328.0 Mount Vernon Park - 73.0 Ilda Community
Newington Forest,Week1,Laurel Hill,Week1,205.0 Laurel Hill - 192.0 Newington Forest
Newington Forest,Week4,Little Hunting Park,Week4,212.0 Little Hunting Park - 190.0 Newington Forest
Newington Forest,Week3,Fair Oaks ,Week5,314.0 Fair Oaks - 88.0 Newington Forest
Newington Forest,Week5,Brookfield ,Week4,248.0 Brookfield - 154.0 Newington Forest
Mount Vernon Park,Week2,Pinecrest,Week5,223.0 Pinecrest - 179.0 Mount Vernon Park
Newington Forest,Week2,Little Rocky Run,Week3,330.0 Little Rocky Run - 72.0 Newington Forest
Newington Forest,Week3,Broyhill Crest,Week5,274.0 Newington Forest - 128.0 Broyhill Crest
Mount Vernon Park,Week5,Ilda Community,Week1,327.0 Mount Vernon Park - 70.0 Ilda Community
Newington Forest,Week2,Laurel Hill,Week2,203.0 Newington Forest - 194.0 Laurel Hill
Mount Vernon Park,Week4,Lincolnia Park,Week4,348.0 Mount Vernon Park - 54.0 Lincolnia Park
Mount Vernon Park,Week2,Parliament,Week5,239.0 Mount Vernon Park - 163.0 Parliament
Newington Forest,Week5,Fair Oaks ,Week3,275.0 Fair Oaks - 127.0 Newington Forest
Mount Vernon Park,Week5,Ilda Community,Week3,324.5 Mount Vernon Park - 77.5 Ilda Community
Mount Vernon Park,Week3,Ilda Community,Week4,307.0 Mount Vernon Park - 95.0 Ilda Community
Newington Forest,Week2,Laurel Hill,Week5,237.0 Laurel Hill - 161.0 Newington Forest
Newington Forest,Week1,Fairfax,Week1,332.0 Fairfax - 70.0 Newington Forest
Mount Vernon Park,Week4,Ilda Community,Week3,324.0 Mount Vernon Park - 78.0 Ilda Community
Mount Vernon Park,Week4,Lincolnia Park,Week5,320.0 Mount Vernon Park - 73.0 Lincolnia Park
Newington Forest,Week3,Laurel Hill,Week4,219.0 Laurel Hill - 183.0 Newington Forest
Newington Forest,Week2,Fair Oaks ,Week5,315.0 Fair Oaks - 86.0 Newington Forest
Newington Forest,Week2,Little Rocky Run,Week4,338.0 Little Rocky Run - 64.0 Newington Forest
Mount Vernon Park,Week3,Parliament,Week1,226.0 Mount Vernon Park - 176.0 Parliament
Newington Forest,Week2,Burke Station,Week5,221.0 Burke Station - 176.0 Newington Forest
Newington Forest,Week3,Laurel Hill,Week2,215.0 Newington Forest - 187.0 Laurel Hill
Newington Forest,Week4,Broyhill Crest,Week2,311.0 Newington Forest - 90.0 Broyhill Crest
Newington Forest,Week4,Broyhill Crest,Week3,311.0 Newington Forest - 90.0 Broyhill Crest
Mount Vernon Park,Week3,Parliament,Week3,261.0 Mount Vernon Park - 141.0 Parliament
Newington Forest,Week3,Laurel Hill,Week3,225.0 Laurel Hill - 176.0 Newington Forest
Newington Forest,Week1,Little Rocky Run,Week4,345.0 Little Rocky Run - 57.0 Newington Forest
Newington Forest,Week1,Fairfax,Week5,359.0 Fairfax - 39.0 Newington Forest
Mount Vernon Park,Week4,Fox Mill Woods,Week3,210.0 Mount Vernon Park - 192.0 Fox Mill Woods
Mount Vernon Park,Week1,Great Falls,Week1,276.0 Mount Vernon Park - 126.0 Great Falls
Mount Vernon Park,Week4,Lincolnia Park,Week1,351.0 Mount Vernon Park - 51.0 Lincolnia Park
Mount Vernon Park,Week2,Little Hunting Park,Week2,323.0 Mount Vernon Park - 79.0 Little Hunting Park
Mount Vernon Park,Week3,Fox Mill Woods,Week2,219.0 Mount Vernon Park - 183.0 Fox Mill Woods
Newington Forest,Week1,Little Rocky Run,Week3,344.0 Little Rocky Run - 58.0 Newington Forest
Mount Vernon Park,Week3,Parliament,Week2,254.0 Mount Vernon Park - 148.0 Parliament
Newington Forest,Week1,Fairfax,Week4,337.0 Fairfax - 61.0 Newington Forest
Mount Vernon Park,Week1,Great Falls,Week4,253.0 Mount Vernon Park - 144.0 Great Falls
Mount Vernon Park,Week4,Fox Mill Woods,Week2,208.0 Mount Vernon Park - 194.0 Fox Mill Woods
Newington Forest,Week3,Laurel Hill,Week5,230.0 Laurel Hill - 172.0 Newington Forest
Newington Forest,Week1,Laurel Hill,Week3,231.0 Laurel Hill - 166.0 Newington Forest
Newington Forest,Week3,Little Rocky Run,Week5,338.0 Little Rocky Run - 64.0 Newington Forest
Mount Vernon Park,Week5,Lincolnia Park,Week1,340.0 Mount Vernon Park - 62.0 Lincolnia Park
Newington Forest,Week3,Burke Station,Week3,201.0 Newington Forest - 195.0 Burke Station
Newington Forest,Week3,Little Rocky Run,Week1,304.0 Little Rocky Run - 98.0 Newington Forest
Newington Forest,Week2,Broyhill Crest,Week5,252.0 Newington Forest - 145.0 Broyhill Crest
Newington Forest,Week5,Broyhill Crest,Week4,298.0 Newington Forest - 104.0 Broyhill Crest
Mount Vernon Park,Week3,Parliament,Week5,245.0 Mount Vernon Park - 157.0 Parliament
Mount Vernon Park,Week4,Parliament,Week4,269.0 Mount Vernon Park - 133.0 Parliament
Newington Forest,Week2,Fairfax,Week1,331.0 Fairfax - 71.0 Newington Forest
Newington Forest,Week3,Little Rocky Run,Week3,325.0 Little Rocky Run - 77.0 Newington Forest
Newington Forest,Week5,Fair Oaks ,Week2,238.0 Fair Oaks - 164.0 Newington Forest
Mount Vernon Park,Week1,Great Falls,Week5,240.0 Mount Vernon Park - 162.0 Great Falls
Newington Forest,Week3,Burke Station,Week5,220.0 Burke Station - 182.0 Newington Forest
Mount Vernon Park,Week4,Ilda Community,Week4,301.0 Mount Vernon Park - 101.0 Ilda Community
Mount Vernon Park,Week2,Great Falls,Week2,248.0 Mount Vernon Park - 136.0 Great Falls
Mount Vernon Park,Week4,Great Falls,Week2,243.0 Mount Vernon Park - 141.0 Great Falls
Mount Vernon Park,Week5,Lincolnia Park,Week4,346.0 Mount Vernon Park - 55.0 Lincolnia Park
Mount Vernon Park,Week3,Lincolnia Park,Week3,324.0 Mount Vernon Park - 69.0 Lincolnia Park
Mount Vernon Park,Week5,Ilda Community,Week2,328.0 Mount Vernon Park - 74.0 Ilda Community
Mount Vernon Park,Week3,Ilda Community,Week3,327.0 Mount Vernon Park - 75.0 Ilda Community
Mount Vernon Park,Week3,Fox Mill Woods,Week4,216.0 Mount Vernon Park - 186.0 Fox Mill Woods
Newington Forest,Week3,Little Rocky Run,Week2,308.0 Little Rocky Run - 94.0 Newington Forest
Mount Vernon Park,Week5,Parliament,Week5,264.0 Mount Vernon Park - 138.0 Parliament
Newington Forest,Week3,Fair Oaks ,Week2,268.0 Fair Oaks - 134.0 Newington Forest
Newington Forest,Week2,Laurel Hill,Week3,240.0 Laurel Hill - 152.0 Newington Forest
Mount Vernon Park,Week5,Parliament,Week1,234.0 Mount Vernon Park - 168.0 Parliament
Newington Forest,Week1,Burke Station,Week5,230.0 Burke Station - 170.0 Newington Forest
Mount Vernon Park,Week1,Little Hunting Park,Week3,320.0 Mount Vernon Park - 82.0 Little Hunting Park
Newington Forest,Week3,Little Rocky Run,Week4,337.0 Little Rocky Run - 65.0 Newington Forest
Newington Forest,Week4,Laurel Hill,Week2,223.0 Newington Forest - 173.0 Laurel Hill
Mount Vernon Park,Week5,Lincolnia Park,Week2,339.0 Mount Vernon Park - 52.0 Lincolnia Park
Newington Forest,Week2,Fairfax,Week2,339.0 Fairfax - 63.0 Newington Forest
Mount Vernon Park,Week5,Fox Mill Woods,Week4,238.0 Mount Vernon Park - 164.0 Fox Mill Woods
Mount Vernon Park,Week5,Parliament,Week2,269.0 Mount Vernon Park - 133.0 Parliament
Mount Vernon Park,Week2,Kent Gardens,Week1,234.0 Mount Vernon Park - 168.0 Kent Gardens
Mount Vernon Park,Week1,Kent Gardens,Week1,241.0 Mount Vernon Park - 161.0 Kent Gardens
Newington Forest,Week4,Fair Oaks ,Week3,286.0 Fair Oaks - 116.0 Newington Forest
Newington Forest,Week4,Laurel Hill,Week1,214.5 Newington Forest - 186.5 Laurel Hill
Mount Vernon Park,Week1,Kent Gardens,Week3,255.0 Mount Vernon Park - 147.0 Kent Gardens
Mount Vernon Park,Week1,Little Hunting Park,Week5,292.0 Mount Vernon Park - 109.0 Little Hunting Park
Mount Vernon Park,Week3,Fox Mill Woods,Week3,220.0 Mount Vernon Park - 182.0 Fox Mill Woods
Mount Vernon Park,Week2,Parliament,Week3,246.0 Mount Vernon Park - 156.0 Parliament
Mount Vernon Park,Week2,Little Hunting Park,Week1,330.0 Mount Vernon Park - 72.0 Little Hunting Park
Mount Vernon Park,Week4,Parliament,Week5,240.0 Mount Vernon Park - 162.0 Parliament
Newington Forest,Week4,Little Rocky Run,Week3,317.0 Little Rocky Run - 85.0 Newington Forest
Newington Forest,Week1,Laurel Hill,Week4,222.0 Laurel Hill - 179.0 Newington Forest
Newington Forest,Week2,Burke Station,Week3,204.0 Burke Station - 188.0 Newington Forest
Newington Forest,Week1,Fairfax,Week2,343.0 Fairfax - 59.0 Newington Forest
Newington Forest,Week1,Burke Station,Week1,194.0 Burke Station - 175.0 Newington Forest
Newington Forest,Week5,Fair Oaks ,Week5,275.0 Fair Oaks - 127.0 Newington Forest
Newington Forest,Week2,Little Rocky Run,Week2,320.0 Little Rocky Run - 82.0 Newington Forest
Newington Forest,Week1,Burke Station,Week2,206.0 Newington Forest - 186.0 Burke Station
Mount Vernon Park,Week4,Kent Gardens,Week2,266.0 Mount Vernon Park - 136.0 Kent Gardens
Mount Vernon Park,Week3,Lincolnia Park,Week2,343.0 Mount Vernon Park - 45.0 Lincolnia Park
Mount Vernon Park,Week1,Pinecrest,Week1,210.0 Mount Vernon Park - 192.0 Pinecrest
Mount Vernon Park,Week3,Kent Gardens,Week2,268.0 Mount Vernon Park - 134.0 Kent Gardens
Newington Forest,Week3,Broyhill Crest,Week3,306.0 Newington Forest - 95.0 Broyhill Crest
Newington Forest,Week5,Fair Oaks ,Week1,275.0 Fair Oaks - 127.0 Newington Forest
Newington Forest,Week4,Little Rocky Run,Week4,324.0 Little Rocky Run - 78.0 Newington Forest
Mount Vernon Park,Week3,Fox Mill Woods,Week5,209.0 Mount Vernon Park - 193.0 Fox Mill Woods
Mount Vernon Park,Week3,Lincolnia Park,Week5,313.0 Mount Vernon Park - 80.0 Lincolnia Park
Mount Vernon Park,Week4,Fox Mill Woods,Week5,211.0 Mount Vernon Park - 191.0 Fox Mill Woods
Mount Vernon Park,Week2,Kent Gardens,Week3,258.0 Mount Vernon Park - 144.0 Kent Gardens
Mount Vernon Park,Week1,Little Hunting Park,Week4,311.0 Mount Vernon Park - 91.0 Little Hunting Park
Newington Forest,Week5,Broyhill Crest,Week3,322.0 Newington Forest - 80.0 Broyhill Crest
Newington Forest,Week4,Little Rocky Run,Week2,305.0 Little Rocky Run - 97.0 Newington Forest
Newington Forest,Week5,Broyhill Crest,Week2,309.0 Newington Forest - 93.0 Broyhill Crest
Newington Forest,Week2,Little Rocky Run,Week5,344.0 Little Rocky Run - 58.0 Newington Forest
Mount Vernon Park,Week2,Parliament,Week4,260.0 Mount Vernon Park - 142.0 Parliament
Mount Vernon Park,Week1,Great Falls,Week3,243.0 Mount Vernon Park - 159.0 Great Falls
Mount Vernon Park,Week4,Kent Gardens,Week4,256.0 Mount Vernon Park - 146.0 Kent Gardens
Mount Vernon Park,Week2,Pinecrest,Week1,207.0 Mount Vernon Park - 195.0 Pinecrest
Newington Forest,Week2,Fair Oaks ,Week3,310.0 Fair Oaks - 92.0 Newington Forest
Newington Forest,Week1,Fairfax,Week3,341.0 Fairfax - 57.0 Newington Forest
Mount Vernon Park,Week4,Lincolnia Park,Week3,318.0 Mount Vernon Park - 75.0 Lincolnia Park
Newington Forest,Week4,Fair Oaks ,Week1,275.0 Fair Oaks - 127.0 Newington Forest
Mount Vernon Park,Week2,Lincolnia Park,Week4,351.0 Mount Vernon Park - 51.0 Lincolnia Park
Mount Vernon Park,Week4,Parliament,Week2,255.0 Mount Vernon Park - 147.0 Parliament
Mount Vernon Park,Week3,Lincolnia Park,Week1,346.0 Mount Vernon Park - 56.0 Lincolnia Park
Newington Forest,Week4,Fair Oaks ,Week2,236.5 Fair Oaks - 164.5 Newington Forest
Newington Forest,Week5,Little Rocky Run,Week5,326.0 Little Rocky Run - 76.0 Newington Forest
Mount Vernon Park,Week4,Kent Gardens,Week3,251.0 Mount Vernon Park - 151.0 Kent Gardens
Mount Vernon Park,Week1,Pinecrest,Week4,226.0 Pinecrest - 176.0 Mount Vernon Park
Mount Vernon Park,Week2,Great Falls,Week4,266.0 Mount Vernon Park - 136.0 Great Falls
Newington Forest,Week4,Fair Oaks ,Week4,271.0 Fair Oaks - 130.0 Newington Forest
Mount Vernon Park,Week5,Kings Ridge ,Week2,318.0 Mount Vernon Park - 84.0 Kings Ridge
Newington Forest,Week4,Broyhill Crest,Week4,301.0 Newington Forest - 100.0 Broyhill Crest
Newington Forest,Week5,Broyhill Crest,Week5,284.0 Newington Forest - 113.0 Broyhill Crest
Newington Forest,Week4,Broyhill Crest,Week5,293.0 Newington Forest - 109.0 Broyhill Crest
Mount Vernon Park,Week3,Great Falls,Week5,256.0 Mount Vernon Park - 146.0 Great Falls
Mount Vernon Park,Week3,Great Falls,Week4,273.0 Mount Vernon Park - 129.0 Great Falls
Newington Forest,Week5,Little Rocky Run,Week2,292.0 Little Rocky Run - 110.0 Newington Forest
Mount Vernon Park,Week4,Lincolnia Park,Week2,343.5 Mount Vernon Park - 49.5 Lincolnia Park
Mount Vernon Park,Week1,Pinecrest,Week2,223.0 Pinecrest - 179.0 Mount Vernon Park
Mount Vernon Park,Week3,Great Falls,Week3,256.5 Mount Vernon Park - 145.5 Great Falls
Newington Forest,Week4,Little Rocky Run,Week5,328.0 Little Rocky Run - 74.0 Newington Forest
Mount Vernon Park,Week2,Kings Ridge ,Week5,288.0 Mount Vernon Park - 114.0 Kings Ridge
Mount Vernon Park,Week5,Kent Gardens,Week4,260.0 Mount Vernon Park - 142.0 Kent Gardens
Newington Forest,Week1,Burke Station,Week3,222.0 Burke Station - 169.0 Newington Forest
Mount Vernon Park,Week2,Little Rocky Run,Week3,212.0 Little Rocky Run - 190.0 Mount Vernon Park
Mount Vernon Park,Week4,Great Falls,Week3,253.0 Mount Vernon Park - 149.0 Great Falls
Mount Vernon Park,Week5,Kent Gardens,Week1,254.0 Mount Vernon Park - 148.0 Kent Gardens
Newington Forest,Week5,Broyhill Crest,Week1,302.0 Newington Forest - 95.0 Broyhill Crest
Newington Forest,Week2,Burke Station,Week2,214.0 Newington Forest - 178.0 Burke Station
Newington Forest,Week1,Long Branch,Week1,226.5 Long Branch - 170.5 Newington Forest
Newington Forest,Week3,Long Branch,Week4,232.0 Long Branch - 170.0 Newington Forest
Newington Forest,Week2,Fairfax Club Estates,Week5,219.0 Fairfax Club Estates - 173.0 Newington Forest
Mount Vernon Park,Week1,Pinecrest,Week3,239.0 Pinecrest - 163.0 Mount Vernon Park
Mount Vernon Park,Week5,Parliament,Week3,276.0 Mount Vernon Park - 126.0 Parliament
Mount Vernon Park,Week4,Kings Ridge ,Week2,315.0 Mount Vernon Park - 87.0 Kings Ridge
Mount Vernon Park,Week2,Kings Ridge ,Week4,287.0 Mount Vernon Park - 115.0 Kings Ridge
Newington Forest,Week1,Long Branch,Week4,247.0 Long Branch - 154.0 Newington Forest
Mount Vernon Park,Week2,Lincolnia Park,Week5,322.0 Mount Vernon Park - 71.0 Lincolnia Park
Mount Vernon Park,Week5,Lincolnia Park,Week3,315.0 Mount Vernon Park - 77.0 Lincolnia Park
Newington Forest,Week2,Broyhill Crest,Week4,272.0 Newington Forest - 129.0 Broyhill Crest
Mount Vernon Park,Week1,Little Hunting Park,Week1,325.0 Mount Vernon Park - 76.0 Little Hunting Park
Mount Vernon Park,Week5,Great Falls,Week3,278.0 Mount Vernon Park - 124.0 Great Falls
Mount Vernon Park,Week4,Great Falls,Week5,242.0 Mount Vernon Park - 160.0 Great Falls
Newington Forest,Week1,Long Branch,Week3,224.5 Long Branch - 176.5 Newington Forest
Mount Vernon Park,Week2,Pinecrest,Week2,220.0 Pinecrest - 182.0 Mount Vernon Park
Newington Forest,Week4,Fair Oaks ,Week5,292.0 Fair Oaks - 110.0 Newington Forest
Newington Forest,Week1,Long Branch,Week2,227.0 Long Branch - 171.0 Newington Forest
Newington Forest,Week2,Burke Station,Week1,191.0 Burke Station - 178.0 Newington Forest
Mount Vernon Park,Week1,Lake Braddock,Week1,330.0 Mount Vernon Park - 72.0 Lake Braddock
Newington Forest,Week3,Broyhill Crest,Week2,306.0 Newington Forest - 94.0 Broyhill Crest
Newington Forest,Week3,Fair Oaks ,Week1,294.0 Fair Oaks - 108.0 Newington Forest
Mount Vernon Park,Week3,Great Falls,Week2,266.0 Mount Vernon Park - 118.0 Great Falls
Mount Vernon Park,Week4,Parliament,Week3,260.0 Mount Vernon Park - 142.0 Parliament
Mount Vernon Park,Week4,Great Falls,Week1,272.0 Mount Vernon Park - 130.0 Great Falls
Mount Vernon Park,Week5,Great Falls,Week4,285.0 Mount Vernon Park - 117.0 Great Falls
Mount Vernon Park,Week3,Kings Ridge ,Week5,301.0 Mount Vernon Park - 101.0 Kings Ridge
Newington Forest,Week4,Fairfax,Week3,334.0 Fairfax - 68.0 Newington Forest
Newington Forest,Week1,Fairfax Club Estates,Week3,226.0 Fairfax Club Estates - 169.0 Newington Forest
Newington Forest,Week2,Long Branch,Week2,222.0 Long Branch - 176.0 Newington Forest
Mount Vernon Park,Week3,Parliament,Week4,269.0 Mount Vernon Park - 133.0 Parliament
Mount Vernon Park,Week3,Kings Ridge ,Week1,309.0 Mount Vernon Park - 93.0 Kings Ridge
Mount Vernon Park,Week2,Little Hunting Park,Week3,315.0 Mount Vernon Park - 87.0 Little Hunting Park
Mount Vernon Park,Week4,Parliament,Week1,217.5 Mount Vernon Park - 184.5 Parliament
Newington Forest,Week2,Fairfax,Week3,340.0 Fairfax - 58.0 Newington Forest
Mount Vernon Park,Week3,Kings Ridge ,Week2,315.0 Mount Vernon Park - 87.0 Kings Ridge
Mount Vernon Park,Week4,Little Hunting Park,Week5,298.0 Mount Vernon Park - 104.0 Little Hunting Park
Newington Forest,Week4,Long Branch,Week3,217.5 Long Branch - 184.5 Newington Forest
Mount Vernon Park,Week2,Kings Ridge ,Week1,305.0 Mount Vernon Park - 97.0 Kings Ridge
Mount Vernon Park,Week3,Little Hunting Park,Week4,313.0 Mount Vernon Park - 89.0 Little Hunting Park
Mount Vernon Park,Week4,Little Hunting Park,Week3,321.0 Mount Vernon Park - 81.0 Little Hunting Park
Newington Forest,Week3,Broyhill Crest,Week4,290.0 Newington Forest - 111.0 Broyhill Crest
Mount Vernon Park,Week4,Little Hunting Park,Week2,322.0 Mount Vernon Park - 80.0 Little Hunting Park
Mount Vernon Park,Week1,Pinewood Lake,Week4,363.0 Mount Vernon Park - 38.0 Pinewood Lake
Newington Forest,Week1,Fairfax Club Estates,Week2,223.0 Fairfax Club Estates - 174.0 Newington Forest
Mount Vernon Park,Week4,Pinecrest,Week3,243.0 Pinecrest - 159.0 Mount Vernon Park
Newington Forest,Week5,Fairfax,Week4,323.0 Fairfax - 79.0 Newington Forest
Mount Vernon Park,Week2,Pinewood Lake,Week4,371.0 Mount Vernon Park - 30.0 Pinewood Lake
Newington Forest,Week4,Long Branch,Week2,212.0 Long Branch - 190.0 Newington Forest
Newington Forest,Week3,Broyhill Crest,Week1,292.0 Newington Forest - 107.0 Broyhill Crest
Mount Vernon Park,Week2,Pinecrest,Week4,209.0 Pinecrest - 193.0 Mount Vernon Park
Mount Vernon Park,Week5,Great Falls,Week5,282.0 Mount Vernon Park - 120.0 Great Falls
Newington Forest,Week1,Fairfax Club Estates,Week5,228.0 Fairfax Club Estates - 164.0 Newington Forest
Newington Forest,Week4,Broyhill Crest,Week1,308.0 Newington Forest - 93.0 Broyhill Crest
Mount Vernon Park,Week2,Greenbriar,Week4,260.0 Mount Vernon Park - 142.0 Greenbriar
Newington Forest,Week2,Long Branch,Week5,243.0 Long Branch - 155.0 Newington Forest
Mount Vernon Park,Week1,Greenbriar,Week3,241.0 Mount Vernon Park - 161.0 Greenbriar
Newington Forest,Week3,Long Branch,Week5,241.0 Long Branch - 161.0 Newington Forest
Mount Vernon Park,Week4,Kings Ridge ,Week3,303.0 Mount Vernon Park - 99.0 Kings Ridge
Newington Forest,Week3,Fairfax,Week3,341.0 Fairfax - 61.0 Newington Forest
Newington Forest,Week3,Burke Station,Week2,218.0 Newington Forest - 182.0 Burke Station
Mount Vernon Park,Week1,Greenbriar,Week2,223.0 Mount Vernon Park - 179.0 Greenbriar
Newington Forest,Week3,Fairfax,Week5,351.0 Fairfax - 51.0 Newington Forest
Mount Vernon Park,Week2,Little Hunting Park,Week4,311.5 Mount Vernon Park - 90.5 Little Hunting Park
Mount Vernon Park,Week4,Little Hunting Park,Week4,316.0 Mount Vernon Park - 86.0 Little Hunting Park
Newington Forest,Week3,Long Branch,Week3,226.0 Long Branch - 176.0 Newington Forest
Newington Forest,Week3,Long Branch,Week2,229.0 Long Branch - 173.0 Newington Forest
Mount Vernon Park,Week4,Greenbriar,Week5,244.0 Mount Vernon Park - 158.0 Greenbriar
Mount Vernon Park,Week1,Kings Ridge ,Week5,292.0 Mount Vernon Park - 110.0 Kings Ridge
Mount Vernon Park,Week1,Little Rocky Run,Week4,210.0 Little Rocky Run - 192.0 Mount Vernon Park
Newington Forest,Week4,Fairfax,Week1,316.5 Fairfax - 85.5 Newington Forest
Newington Forest,Week3,Burke Station,Week4,228.0 Newington Forest - 174.0 Burke Station
Mount Vernon Park,Week3,Kings Ridge ,Week4,299.0 Mount Vernon Park - 103.0 Kings Ridge
Newington Forest,Week4,Fairfax Club Estates,Week4,221.0 Fairfax Club Estates - 181.0 Newington Forest
Mount Vernon Park,Week4,Greenbriar,Week1,229.0 Mount Vernon Park - 173.0 Greenbriar
Mount Vernon Park,Week2,Pinewood Lake,Week1,367.0 Mount Vernon Park - 34.0 Pinewood Lake
Newington Forest,Week4,Fairfax Club Estates,Week2,212.0 Newington Forest - 190.0 Fairfax Club Estates
Newington Forest,Week1,Burke Station,Week4,202.0 Newington Forest - 199.0 Burke Station
Mount Vernon Park,Week4,Little Rocky Run,Week2,215.0 Mount Vernon Park - 187.0 Little Rocky Run
Mount Vernon Park,Week3,Pinecrest,Week1,205.0 Mount Vernon Park - 197.0 Pinecrest
Mount Vernon Park,Week4,Pinecrest,Week5,225.0 Pinecrest - 177.0 Mount Vernon Park
Mount Vernon Park,Week1,Pinewood Lake,Week3,372.0 Mount Vernon Park - 29.0 Pinewood Lake
Newington Forest,Week5,Little Rocky Run,Week4,317.0 Little Rocky Run - 85.0 Newington Forest
Mount Vernon Park,Week1,Greenbriar,Week4,253.0 Mount Vernon Park - 149.0 Greenbriar
Mount Vernon Park,Week1,Little Rocky Run,Week2,213.0 Mount Vernon Park - 189.0 Little Rocky Run
Newington Forest,Week3,Burke Station,Week1,192.0 Burke Station - 185.0 Newington Forest
Mount Vernon Park,Week2,Pinewood Lake,Week2,372.0 Mount Vernon Park - 29.0 Pinewood Lake
Newington Forest,Week4,Long Branch,Week5,218.0 Long Branch - 184.0 Newington Forest
Mount Vernon Park,Week4,Kings Ridge ,Week5,286.0 Mount Vernon Park - 116.0 Kings Ridge
Newington Forest,Week2,Burke Station,Week4,209.0 Newington Forest - 191.0 Burke Station
Mount Vernon Park,Week1,Kings Ridge ,Week1,305.0 Mount Vernon Park - 97.0 Kings Ridge
Newington Forest,Week1,Long Branch,Week5,261.0 Long Branch - 137.0 Newington Forest
Mount Vernon Park,Week4,Kent Gardens,Week5,203.0 Kent Gardens - 199.0 Mount Vernon Park
Mount Vernon Park,Week4,Greenbriar,Week2,213.0 Mount Vernon Park - 189.0 Greenbriar
Mount Vernon Park,Week5,Kent Gardens,Week3,260.0 Mount Vernon Park - 142.0 Kent Gardens
Newington Forest,Week3,Long Branch,Week1,225.0 Long Branch - 176.0 Newington Forest
Newington Forest,Week2,Camelot,Week1,260.0 Camelot - 141.0 Newington Forest
Newington Forest,Week5,Fairfax,Week3,319.0 Fairfax - 83.0 Newington Forest
Mount Vernon Park,Week1,Kings Ridge ,Week2,304.0 Mount Vernon Park - 98.0 Kings Ridge
Mount Vernon Park,Week1,Little Rocky Run,Week3,207.5 Little Rocky Run - 194.5 Mount Vernon Park
Newington Forest,Week5,Burke Station,Week3,225.0 Newington Forest - 172.0 Burke Station
Mount Vernon Park,Week5,Greenbriar,Week1,254.0 Mount Vernon Park - 148.0 Greenbriar
Newington Forest,Week2,Long Branch,Week1,215.0 Long Branch - 182.0 Newington Forest
Mount Vernon Park,Week2,Pinewood Lake,Week3,383.0 Mount Vernon Park - 18.0 Pinewood Lake
Newington Forest,Week1,Camelot,Week2,260.0 Camelot - 137.0 Newington Forest
Newington Forest,Week1,Fairfax Club Estates,Week4,246.5 Fairfax Club Estates - 151.5 Newington Forest
Mount Vernon Park,Week3,Pinewood Lake,Week2,367.0 Mount Vernon Park - 24.0 Pinewood Lake
Mount Vernon Park,Week3,Little Rocky Run,Week2,215.0 Mount Vernon Park - 187.0 Little Rocky Run
Newington Forest,Week2,Long Branch,Week3,215.0 Long Branch - 186.0 Newington Forest
Newington Forest,Week4,Burke Station,Week5,212.0 Burke Station - 185.0 Newington Forest
Mount Vernon Park,Week2,Greenbriar,Week2,220.5 Mount Vernon Park - 181.5 Greenbriar
Newington Forest,Week4,Fairfax,Week4,330.0 Fairfax - 72.0 Newington Forest
Newington Forest,Week2,Long Branch,Week4,222.0 Long Branch - 179.0 Newington Forest
Mount Vernon Park,Week3,Greenbriar,Week2,216.0 Mount Vernon Park - 186.0 Greenbriar
Mount Vernon Park,Week4,Greenbriar,Week3,227.0 Mount Vernon Park - 175.0 Greenbriar
Mount Vernon Park,Week5,Little Hunting Park,Week1,318.0 Mount Vernon Park - 80.0 Little Hunting Park
Newington Forest,Week4,Long Branch,Week1,202.0 Long Branch - 195.0 Newington Forest
Newington Forest,Week3,Camelot,Week1,252.0 Camelot - 150.0 Newington Forest
Newington Forest,Week5,Burke Station,Week2,258.0 Newington Forest - 143.0 Burke Station
Mount Vernon Park,Week5,Kent Gardens,Week2,267.0 Mount Vernon Park - 135.0 Kent Gardens
Newington Forest,Week5,Parliament,Week1,258.0 Parliament - 144.0 Newington Forest
Mount Vernon Park,Week5,Greenbriar,Week2,232.0 Mount Vernon Park - 170.0 Greenbriar
Mount Vernon Park,Week3,Little Hunting Park,Week1,327.0 Mount Vernon Park - 75.0 Little Hunting Park
Mount Vernon Park,Week3,Pinecrest,Week2,230.0 Pinecrest - 172.0 Mount Vernon Park
Mount Vernon Park,Week3,Kings Ridge ,Week3,307.0 Mount Vernon Park - 94.0 Kings Ridge
Mount Vernon Park,Week1,Greenbriar,Week5,238.0 Mount Vernon Park - 164.0 Greenbriar
Mount Vernon Park,Week1,Kings Ridge ,Week3,303.0 Mount Vernon Park - 99.0 Kings Ridge
Newington Forest,Week2,Parliament,Week5,276.0 Parliament - 125.0 Newington Forest
Newington Forest,Week3,Fairfax,Week4,342.0 Fairfax - 60.0 Newington Forest
Mount Vernon Park,Week3,Little Hunting Park,Week3,325.0 Mount Vernon Park - 76.0 Little Hunting Park
Mount Vernon Park,Week4,Pinewood Lake,Week2,376.0 Mount Vernon Park - 26.0 Pinewood Lake
Mount Vernon Park,Week1,Kings Ridge ,Week4,285.0 Mount Vernon Park - 117.0 Kings Ridge
Newington Forest,Week4,Fairfax,Week5,337.0 Fairfax - 65.0 Newington Forest
Newington Forest,Week5,Fairfax,Week1,310.0 Fairfax - 92.0 Newington Forest
Mount Vernon Park,Week3,Pinewood Lake,Week1,359.0 Mount Vernon Park - 41.0 Pinewood Lake
Newington Forest,Week5,Little Rocky Run,Week3,311.0 Little Rocky Run - 91.0 Newington Forest
Newington Forest,Week2,Parliament,Week1,291.0 Parliament - 110.0 Newington Forest
Mount Vernon Park,Week4,Pinewood Lake,Week3,381.0 Mount Vernon Park - 21.0 Pinewood Lake
Mount Vernon Park,Week4,Little Hunting Park,Week1,331.0 Mount Vernon Park - 71.0 Little Hunting Park
Mount Vernon Park,Week5,Little Hunting Park,Week4,320.0 Mount Vernon Park - 81.0 Little Hunting Park
Newington Forest,Week2,Mansion House,Week4,279.0 Mansion House - 122.0 Newington Forest
Newington Forest,Week1,Parliament,Week5,278.5 Parliament - 121.5 Newington Forest
Newington Forest,Week4,Parliament,Week5,265.0 Parliament - 136.0 Newington Forest
Mount Vernon Park,Week5,Greenbriar,Week3,245.0 Mount Vernon Park - 157.0 Greenbriar
Newington Forest,Week4,Long Branch,Week4,225.0 Long Branch - 177.0 Newington Forest
Newington Forest,Week2,Fairfax Club Estates,Week4,235.0 Fairfax Club Estates - 163.0 Newington Forest
Mount Vernon Park,Week2,Kings Ridge ,Week3,297.0 Mount Vernon Park - 105.0 Kings Ridge
Mount Vernon Park,Week2,Little Hunting Park,Week5,292.0 Mount Vernon Park - 110.0 Little Hunting Park
Mount Vernon Park,Week5,Pinecrest,Week1,205.0 Mount Vernon Park - 197.0 Pinecrest
Mount Vernon Park,Week5,Kent Gardens,Week5,232.0 Mount Vernon Park - 170.0 Kent Gardens
Newington Forest,Week2,Camelot,Week2,266.0 Camelot - 132.0 Newington Forest
Mount Vernon Park,Week2,Kings Ridge ,Week2,304.0 Mount Vernon Park - 98.0 Kings Ridge
Newington Forest,Week4,Camelot,Week2,242.0 Camelot - 160.0 Newington Forest
Newington Forest,Week3,Camelot,Week3,256.0 Camelot - 146.0 Newington Forest
Newington Forest,Week2,Fairfax Club Estates,Week1,226.0 Fairfax Club Estates - 173.0 Newington Forest
Mount Vernon Park,Week4,Pinecrest,Week4,220.0 Pinecrest - 182.0 Mount Vernon Park
Mount Vernon Park,Week2,Greenbriar,Week1,243.0 Mount Vernon Park - 159.0 Greenbriar
Mount Vernon Park,Week3,Greenbriar,Week4,262.0 Mount Vernon Park - 140.0 Greenbriar
Newington Forest,Week1,Fairfax Club Estates,Week1,241.0 Fairfax Club Estates - 159.0 Newington Forest
Newington Forest,Week4,Fairfax,Week2,328.0 Fairfax - 74.0 Newington Forest
Newington Forest,Week3,Fairfax,Week1,318.0 Fairfax - 84.0 Newington Forest
Mount Vernon Park,Week2,Greenbriar,Week3,240.0 Mount Vernon Park - 162.0 Greenbriar
Mount Vernon Park,Week5,Kings Ridge ,Week1,326.0 Mount Vernon Park - 76.0 Kings Ridge
Newington Forest,Week4,Camelot,Week3,233.0 Camelot - 169.0 Newington Forest
Newington Forest,Week2,Parliament,Week2,275.0 Parliament - 126.0 Newington Forest
Newington Forest,Week5,Fairfax,Week2,320.0 Fairfax - 82.0 Newington Forest
Mount Vernon Park,Week2,Greenbriar,Week5,247.0 Mount Vernon Park - 155.0 Greenbriar
Newington Forest,Week2,Mansion House,Week3,295.0 Mansion House - 106.0 Newington Forest
Mount Vernon Park,Week3,Little Hunting Park,Week5,304.0 Mount Vernon Park - 98.0 Little Hunting Park
Mount Vernon Park,Week5,Kings Ridge ,Week3,312.0 Mount Vernon Park - 90.0 Kings Ridge
Mount Vernon Park,Week5,Little Hunting Park,Week2,321.0 Mount Vernon Park - 80.0 Little Hunting Park
Newington Forest,Week4,Burke Station,Week4,229.0 Newington Forest - 173.0 Burke Station
Mount Vernon Park,Week5,Greenbriar,Week4,266.0 Mount Vernon Park - 136.0 Greenbriar
Mount Vernon Park,Week3,Little Hunting Park,Week2,324.0 Mount Vernon Park - 78.0 Little Hunting Park
Newington Forest,Week1,Mansion House,Week1,290.0 Mansion House - 111.0 Newington Forest
Mount Vernon Park,Week3,Greenbriar,Week1,249.0 Mount Vernon Park - 153.0 Greenbriar
Newington Forest,Week3,Parliament,Week2,261.0 Parliament - 141.0 Newington Forest
Mount Vernon Park,Week3,Pinecrest,Week3,231.0 Pinecrest - 171.0 Mount Vernon Park
Newington Forest,Week5,Long Branch,Week5,217.0 Long Branch - 185.0 Newington Forest
Newington Forest,Week3,Pinecrest,Week2,325.0 Pinecrest - 77.0 Newington Forest
Mount Vernon Park,Week4,Pinecrest,Week2,228.0 Pinecrest - 174.0 Mount Vernon Park
Mount Vernon Park,Week4,Kings Ridge ,Week1,320.0 Mount Vernon Park - 82.0 Kings Ridge
Newington Forest,Week4,Camelot,Week4,233.0 Camelot - 169.0 Newington Forest
Mount Vernon Park,Week5,Little Hunting Park,Week3,320.0 Mount Vernon Park - 82.0 Little Hunting Park
Mount Vernon Park,Week1,Little Rocky Run,Week5,225.0 Little Rocky Run - 177.0 Mount Vernon Park
Mount Vernon Park,Week5,Pinecrest,Week2,207.0 Pinecrest - 195.0 Mount Vernon Park
Mount Vernon Park,Week5,Pinecrest,Week3,209.0 Pinecrest - 193.0 Mount Vernon Park
Newington Forest,Week5,Fairfax,Week5,338.0 Fairfax - 64.0 Newington Forest
Newington Forest,Week2,Pinecrest,Week5,324.0 Pinecrest - 74.0 Newington Forest
Newington Forest,Week1,Camelot,Week1,256.0 Camelot - 145.0 Newington Forest
Newington Forest,Week4,Mansion House,Week1,283.0 Mansion House - 119.0 Newington Forest
Mount Vernon Park,Week4,Kings Ridge ,Week4,299.0 Mount Vernon Park - 103.0 Kings Ridge
Newington Forest,Week2,Mansion House,Week1,278.0 Mansion House - 123.0 Newington Forest
Mount Vernon Park,Week3,Pinecrest,Week5,207.0 Pinecrest - 195.0 Mount Vernon Park
Newington Forest,Week2,Parliament,Week4,267.0 Parliament - 135.0 Newington Forest
Mount Vernon Park,Week5,Kings Ridge ,Week4,298.0 Mount Vernon Park - 104.0 Kings Ridge
Newington Forest,Week2,Fairfax Club Estates,Week2,216.0 Fairfax Club Estates - 181.0 Newington Forest
Newington Forest,Week3,Fairfax,Week2,336.5 Fairfax - 65.5 Newington Forest
Newington Forest,Week2,Fairfax,Week5,352.0 Fairfax - 46.0 Newington Forest
Newington Forest,Week5,Parliament,Week2,240.0 Parliament - 162.0 Newington Forest
Mount Vernon Park,Week3,Greenbriar,Week5,241.0 Mount Vernon Park - 160.0 Greenbriar
Newington Forest,Week4,Burke Station,Week1,203.0 Newington Forest - 175.0 Burke Station
Newington Forest,Week5,Mansion House,Week2,276.0 Mansion House - 126.0 Newington Forest
Mount Vernon Park,Week2,Little Rocky Run,Week1,206.0 Mount Vernon Park - 196.0 Little Rocky Run
Newington Forest,Week3,Mansion House,Week4,273.0 Mansion House - 129.0 Newington Forest
Newington Forest,Week3,Mansion House,Week2,282.0 Mansion House - 120.0 Newington Forest
Mount Vernon Park,Week2,Little Rocky Run,Week4,206.5 Mount Vernon Park - 195.5 Little Rocky Run
Mount Vernon Park,Week1,Little Rocky Run,Week1,210.0 Mount Vernon Park - 192.0 Little Rocky Run
Mount Vernon Park,Week5,Lake Braddock,Week1,346.0 Mount Vernon Park - 56.0 Lake Braddock
Mount Vernon Park,Week5,Little Hunting Park,Week5,302.0 Mount Vernon Park - 100.0 Little Hunting Park
Newington Forest,Week3,Mansion House,Week5,303.0 Mansion House - 99.0 Newington Forest
Mount Vernon Park,Week5,Lake Braddock,Week5,333.0 Mount Vernon Park - 69.0 Lake Braddock
Mount Vernon Park,Week3,Pinecrest,Week4,211.0 Pinecrest - 191.0 Mount Vernon Park
Newington Forest,Week5,Camelot,Week1,228.0 Camelot - 174.0 Newington Forest
Mount Vernon Park,Week5,Pinecrest,Week4,210.0 Mount Vernon Park - 192.0 Pinecrest
Newington Forest,Week3,Parliament,Week5,281.0 Parliament - 120.0 Newington Forest
Mount Vernon Park,Week5,Kings Ridge ,Week5,304.0 Mount Vernon Park - 98.0 Kings Ridge
Mount Vernon Park,Week4,Greenbriar,Week4,259.0 Mount Vernon Park - 143.0 Greenbriar
Mount Vernon Park,Week4,Pinecrest,Week1,211.0 Pinecrest - 191.0 Mount Vernon Park
Newington Forest,Week5,Camelot,Week2,236.0 Camelot - 166.0 Newington Forest
Mount Vernon Park,Week2,Little Rocky Run,Week2,223.0 Mount Vernon Park - 179.0 Little Rocky Run
Mount Vernon Park,Week1,Pinewood Lake,Week1,359.0 Mount Vernon Park - 42.0 Pinewood Lake
Mount Vernon Park,Week2,Lake Braddock,Week1,340.0 Mount Vernon Park - 62.0 Lake Braddock
Mount Vernon Park,Week3,Greenbriar,Week3,239.0 Mount Vernon Park - 163.0 Greenbriar
Newington Forest,Week3,Fairfax Club Estates,Week1,219.0 Fairfax Club Estates - 182.0 Newington Forest
Newington Forest,Week5,Burke Station,Week4,252.0 Newington Forest - 150.0 Burke Station
Mount Vernon Park,Week1,Fairfax Club Estates,Week2,309.0 Mount Vernon Park - 93.0 Fairfax Club Estates
Newington Forest,Week3,Parliament,Week3,267.0 Parliament - 135.0 Newington Forest
Mount Vernon Park,Week5,Pinecrest,Week5,208.0 Pinecrest - 193.0 Mount Vernon Park
Newington Forest,Week2,Fairfax Club Estates,Week3,221.0 Fairfax Club Estates - 172.0 Newington Forest
Mount Vernon Park,Week5,Greenbriar,Week5,255.0 Mount Vernon Park - 147.0 Greenbriar
Newington Forest,Week3,Fairfax Club Estates,Week2,206.0 Fairfax Club Estates - 196.0 Newington Forest
Newington Forest,Week4,Parliament,Week3,262.0 Parliament - 140.0 Newington Forest
Newington Forest,Week1,Mansion House,Week5,303.0 Mansion House - 99.0 Newington Forest
Newington Forest,Week4,Burke Station,Week2,232.0 Newington Forest - 169.0 Burke Station
Newington Forest,Week1,Camelot,Week3,256.0 Camelot - 142.0 Newington Forest
Mount Vernon Park,Week4,Fairfax,Week4,214.0 Fairfax - 188.0 Mount Vernon Park
Mount Vernon Park,Week4,Lake Braddock,Week2,334.0 Mount Vernon Park - 68.0 Lake Braddock
Newington Forest,Week3,Fairfax Club Estates,Week5,210.0 Fairfax Club Estates - 191.0 Newington Forest
Newington Forest,Week3,Mansion House,Week3,291.0 Mansion House - 111.0 Newington Forest
Mount Vernon Park,Week2,Little Rocky Run,Week5,233.0 Little Rocky Run - 169.0 Mount Vernon Park
Newington Forest,Week1,Pinecrest,Week2,334.0 Pinecrest - 67.0 Newington Forest
Newington Forest,Week1,Pinecrest,Week4,338.0 Pinecrest - 64.0 Newington Forest
Mount Vernon Park,Week1,Pinewood Lake,Week2,367.0 Mount Vernon Park - 34.0 Pinewood Lake
Newington Forest,Week4,Mansion House,Week3,285.0 Mansion House - 117.0 Newington Forest
Mount Vernon Park,Week2,Pinewood Lake,Week5,369.0 Mount Vernon Park - 32.0 Pinewood Lake
Newington Forest,Week1,Mantua,Week3,340.0 Mantua - 61.0 Newington Forest
Mount Vernon Park,Week4,Lake Braddock,Week1,348.0 Mount Vernon Park - 54.0 Lake Braddock
Newington Forest,Week3,Fairfax Club Estates,Week4,238.0 Fairfax Club Estates - 164.0 Newington Forest
Newington Forest,Week3,Fairfax Club Estates,Week3,218.0 Fairfax Club Estates - 183.0 Newington Forest
Newington Forest,Week5,Burke Station,Week5,218.0 Newington Forest - 184.0 Burke Station
Mount Vernon Park,Week3,Little Rocky Run,Week5,209.0 Little Rocky Run - 193.0 Mount Vernon Park
Mount Vernon Park,Week1,Pinewood Lake,Week5,363.0 Mount Vernon Park - 38.0 Pinewood Lake
Mount Vernon Park,Week3,Little Rocky Run,Week3,203.0 Mount Vernon Park - 199.0 Little Rocky Run
Mount Vernon Park,Week2,Fairfax Club Estates,Week1,305.0 Mount Vernon Park - 97.0 Fairfax Club Estates
Newington Forest,Week5,Burke Station,Week1,211.0 Newington Forest - 167.0 Burke Station
Newington Forest,Week5,Parliament,Week4,234.0 Parliament - 168.0 Newington Forest
Mount Vernon Park,Week3,Fairfax Club Estates,Week4,295.0 Mount Vernon Park - 107.0 Fairfax Club Estates
Mount Vernon Park,Week2,Lake Braddock,Week4,351.0 Mount Vernon Park - 51.0 Lake Braddock
Newington Forest,Week4,Fairfax Club Estates,Week3,202.0 Fairfax Club Estates - 200.0 Newington Forest
Newington Forest,Week5,Long Branch,Week2,202.0 Newington Forest - 200.0 Long Branch
Mount Vernon Park,Week3,Fairfax Club Estates,Week1,308.0 Mount Vernon Park - 94.0 Fairfax Club Estates
Mount Vernon Park,Week3,Pinewood Lake,Week4,369.0 Mount Vernon Park - 27.0 Pinewood Lake
Newington Forest,Week5,Long Branch,Week3,202.0 Long Branch - 200.0 Newington Forest
Mount Vernon Park,Week4,Little Rocky Run,Week1,207.0 Mount Vernon Park - 195.0 Little Rocky Run
Newington Forest,Week3,Camelot,Week5,263.0 Camelot - 139.0 Newington Forest
Mount Vernon Park,Week3,Little Rocky Run,Week4,210.0 Mount Vernon Park - 192.0 Little Rocky Run
Mount Vernon Park,Week3,Little Rocky Run,Week1,223.0 Mount Vernon Park - 179.0 Little Rocky Run
Newington Forest,Week4,Fairfax Club Estates,Week1,207.0 Fairfax Club Estates - 195.0 Newington Forest
Mount Vernon Park,Week2,Fairfax Club Estates,Week5,313.0 Mount Vernon Park - 89.0 Fairfax Club Estates
Mount Vernon Park,Week1,Lakevale Estates,Week5,233.0 Lakevale Estates - 169.0 Mount Vernon Park
Newington Forest,Week2,Pinecrest,Week1,313.0 Pinecrest - 88.0 Newington Forest
Mount Vernon Park,Week4,Fairfax Club Estates,Week2,303.0 Mount Vernon Park - 99.0 Fairfax Club Estates
Newington Forest,Week1,Pinecrest,Week3,331.0 Pinecrest - 71.0 Newington Forest
Mount Vernon Park,Week3,Pinewood Lake,Week3,372.0 Mount Vernon Park - 24.0 Pinewood Lake
Newington Forest,Week4,Camelot,Week1,245.0 Camelot - 157.0 Newington Forest
Mount Vernon Park,Week4,Pinewood Lake,Week4,375.0 Mount Vernon Park - 27.0 Pinewood Lake
Mount Vernon Park,Week3,Fairfax,Week1,210.0 Mount Vernon Park - 192.0 Fairfax
Newington Forest,Week2,Parliament,Week3,260.0 Parliament - 142.0 Newington Forest
Mount Vernon Park,Week3,Fairfax Club Estates,Week2,313.0 Mount Vernon Park - 89.0 Fairfax Club Estates
Mount Vernon Park,Week3,Lake Braddock,Week3,334.0 Mount Vernon Park - 68.0 Lake Braddock
Mount Vernon Park,Week2,Lakevale Estates,Week2,212.0 Mount Vernon Park - 190.0 Lakevale Estates
Mount Vernon Park,Week4,Little Rocky Run,Week5,232.0 Little Rocky Run - 170.0 Mount Vernon Park
Newington Forest,Week2,Camelot,Week3,260.0 Camelot - 138.0 Newington Forest
Newington Forest,Week1,Mansion House,Week3,307.0 Mansion House - 94.0 Newington Forest
Mount Vernon Park,Week3,Lake Braddock,Week4,344.0 Mount Vernon Park - 58.0 Lake Braddock
Newington Forest,Week3,Fairfax Station,Week2,320.0 Fairfax Station - 82.0 Newington Forest
Newington Forest,Week1,Pinecrest,Week5,329.0 Pinecrest - 69.0 Newington Forest
Mount Vernon Park,Week4,Pinewood Lake,Week1,370.0 Mount Vernon Park - 32.0 Pinewood Lake
Newington Forest,Week5,Parliament,Week5,242.0 Parliament - 160.0 Newington Forest
Newington Forest,Week1,Mansion House,Week2,294.0 Mansion House - 104.0 Newington Forest
Newington Forest,Week1,Fairfax Station,Week5,351.0 Fairfax Station - 51.0 Newington Forest
Mount Vernon Park,Week2,Lakevale Estates,Week1,206.0 Mount Vernon Park - 196.0 Lakevale Estates
Newington Forest,Week1,Camelot,Week5,276.0 Camelot - 126.0 Newington Forest
Mount Vernon Park,Week4,Pinewood Lake,Week5,371.0 Mount Vernon Park - 31.0 Pinewood Lake
Newington Forest,Week2,Pinecrest,Week2,334.0 Pinecrest - 66.0 Newington Forest
Mount Vernon Park,Week4,Fairfax,Week5,243.0 Fairfax - 159.0 Mount Vernon Park
Newington Forest,Week4,Fairfax Station,Week1,296.0 Fairfax Station - 106.0 Newington Forest
Newington Forest,Week2,Mansion House,Week2,291.0 Mansion House - 107.0 Newington Forest
Newington Forest,Week1,Fairfax Station,Week1,335.0 Fairfax Station - 66.0 Newington Forest
Mount Vernon Park,Week1,Lake Braddock,Week2,329.0 Mount Vernon Park - 73.0 Lake Braddock
Newington Forest,Week2,Camelot,Week4,264.0 Camelot - 136.0 Newington Forest
Newington Forest,Week5,Long Branch,Week4,208.0 Long Branch - 194.0 Newington Forest
Mount Vernon Park,Week1,Long Branch,Week5,266.0 Mount Vernon Park - 136.0 Long Branch
Mount Vernon Park,Week3,Pinewood Lake,Week5,366.0 Mount Vernon Park - 33.0 Pinewood Lake
Newington Forest,Week4,Burke Station,Week3,210.0 Newington Forest - 185.0 Burke Station
Mount Vernon Park,Week4,Fairfax,Week1,212.0 Fairfax - 190.0 Mount Vernon Park
Mount Vernon Park,Week2,Long Branch,Week1,290.0 Mount Vernon Park - 112.0 Long Branch
North Springfield,Week1,Springfield,Week1,177.0 North Springfield - 142.0 Springfield
North Springfield,Week4,Hunt Valley,Week3,346.0 Hunt Valley - 46.0 North Springfield
North Springfield,Week5,Parklawn,Week4,231.0 Parklawn - 139.0 North Springfield
North Springfield,Week4,Parklawn,Week5,258.0 Parklawn - 133.0 North Springfield
North Springfield,Week4,Cottontail,Week5,306.0 Cottontail - 86.0 North Springfield
Oakton ,Week3,Fox Mill Woods,Week2,229.0 Oakton - 173.0 Fox Mill Woods
North Springfield,Week3,Fox Mill Estates,Week1,251.0 Fox Mill Estates - 145.0 North Springfield
North Springfield,Week3,Springfield,Week2,275.0 North Springfield - 84.0 Springfield
Oakton ,Week2,Pleasant Valley,Week5,347.0 Oakton - 55.0 Pleasant Valley
North Springfield,Week1,Parliament,Week1,268.0 Parliament - 77.0 North Springfield
North Springfield,Week4,Parklawn,Week2,257.0 Parklawn - 130.0 North Springfield
Oakton ,Week3,Pinewood Lake,Week3,387.0 Oakton - 5.0 Pinewood Lake
North Springfield,Week4,Parklawn,Week3,254.0 Parklawn - 136.0 North Springfield
North Springfield,Week3,Country Club Hills,Week2,274.0 Country Club Hills - 122.0 North Springfield
North Springfield,Week4,Fox Mill Estates,Week1,272.0 Fox Mill Estates - 119.0 North Springfield
North Springfield,Week1,Springfield,Week3,202.0 North Springfield - 109.0 Springfield
North Springfield,Week1,Parliament,Week4,275.0 Parliament - 74.0 North Springfield
Oakton ,Week3,Pinewood Lake,Week5,371.0 Oakton - 21.0 Pinewood Lake
North Springfield,Week5,Hunt Valley,Week4,308.0 Hunt Valley - 66.0 North Springfield
North Springfield,Week4,Cottontail,Week4,294.0 Cottontail - 98.0 North Springfield
North Springfield,Week5,Springfield,Week3,251.0 North Springfield - 80.0 Springfield
North Springfield,Week1,Springfield,Week5,210.0 North Springfield - 113.0 Springfield
North Springfield,Week3,Springfield,Week4,250.0 North Springfield - 119.0 Springfield
North Springfield,Week2,Country Club Hills,Week3,282.0 Country Club Hills - 106.0 North Springfield
Oakton ,Week3,Pleasant Valley,Week1,342.0 Oakton - 60.0 Pleasant Valley
North Springfield,Week2,Country Club Hills,Week4,286.0 Country Club Hills - 102.0 North Springfield
North Springfield,Week1,Hunter Mill,Week4,307.0 Hunter Mill - 40.0 North Springfield
North Springfield,Week5,Cottontail,Week1,251.0 Cottontail - 123.0 North Springfield
Oakton ,Week3,Pinecrest,Week4,203.0 Oakton - 199.0 Pinecrest
Oakton ,Week3,Pinewood Lake,Week2,381.0 Oakton - 11.0 Pinewood Lake
North Springfield,Week3,Parklawn,Week4,239.0 Parklawn - 154.0 North Springfield
North Springfield,Week1,Country Club Hills,Week3,278.0 Country Club Hills - 73.0 North Springfield
Oakton ,Week5,Pinewood Lake,Week4,386.0 Oakton - 15.0 Pinewood Lake
North Springfield,Week2,Springfield,Week4,245.0 North Springfield - 119.0 Springfield
North Springfield,Week1,Country Club Hills,Week5,289.0 Country Club Hills - 61.0 North Springfield
North Springfield,Week1,Country Club Hills,Week1,280.0 Country Club Hills - 71.0 North Springfield
North Springfield,Week4,Hunt Valley,Week4,344.0 Hunt Valley - 48.0 North Springfield
North Springfield,Week3,Springfield,Week1,275.0 North Springfield - 92.0 Springfield
North Springfield,Week5,Overlee,Week2,343.0 Overlee - 31.0 North Springfield
North Springfield,Week2,Hunter Mill,Week3,337.0 Hunter Mill - 50.0 North Springfield
North Springfield,Week5,Cottontail,Week5,264.0 Cottontail - 110.0 North Springfield
North Springfield,Week2,Parklawn,Week2,237.0 Parklawn - 147.0 North Springfield
North Springfield,Week3,Parklawn,Week2,222.5 Parklawn - 168.5 North Springfield
Oakton ,Week3,Fox Mill Woods,Week4,228.0 Oakton - 174.0 Fox Mill Woods
Oakton ,Week1,Great Falls,Week5,226.0 Oakton - 171.0 Great Falls
North Springfield,Week1,Hunter Mill,Week5,316.0 Hunter Mill - 35.0 North Springfield
Oakton ,Week4,Pinewood Lake,Week4,385.0 Oakton - 17.0 Pinewood Lake
Oakton ,Week5,Fox Mill Woods,Week5,235.0 Oakton - 167.0 Fox Mill Woods
North Springfield,Week4,Cottontail,Week3,285.0 Cottontail - 107.0 North Springfield
Oakton ,Week2,Great Falls,Week1,277.0 Oakton - 125.0 Great Falls
North Springfield,Week5,Overlee,Week4,351.0 Overlee - 23.0 North Springfield
North Springfield,Week2,Fox Mill Estates,Week1,267.0 Fox Mill Estates - 121.0 North Springfield
North Springfield,Week5,Springfield,Week1,244.0 North Springfield - 96.0 Springfield
North Springfield,Week4,Hunt Valley,Week2,350.0 Hunt Valley - 42.0 North Springfield
North Springfield,Week1,Hunter Mill,Week1,307.0 Hunter Mill - 43.0 North Springfield
North Springfield,Week5,Springboard,Week2,188.5 Springboard - 183.5 North Springfield
Oakton ,Week2,Fox Mill Woods,Week4,232.0 Oakton - 170.0 Fox Mill Woods
North Springfield,Week2,Country Club Hills,Week5,299.0 Country Club Hills - 89.0 North Springfield
Oakton ,Week4,Pinewood Lake,Week2,386.0 Oakton - 16.0 Pinewood Lake
North Springfield,Week1,Springfield,Week2,190.0 North Springfield - 128.0 Springfield
North Springfield,Week2,Ilda Community,Week2,233.5 Ilda Community - 153.5 North Springfield
North Springfield,Week1,Hunter Mill,Week3,307.0 Hunter Mill - 43.0 North Springfield
North Springfield,Week5,Cottontail,Week3,243.0 Cottontail - 131.0 North Springfield
Oakton ,Week2,Great Falls,Week2,261.0 Oakton - 118.0 Great Falls
North Springfield,Week1,Parklawn,Week2,246.0 Parklawn - 99.0 North Springfield
North Springfield,Week5,Hunt Valley,Week1,298.0 Hunt Valley - 76.0 North Springfield
North Springfield,Week2,Springfield,Week5,270.0 North Springfield - 92.0 Springfield
Oakton ,Week5,Fox Mill Woods,Week1,232.0 Oakton - 170.0 Fox Mill Woods
North Springfield,Week4,Cottontail,Week1,294.0 Cottontail - 97.0 North Springfield
Oakton ,Week3,Fox Mill Woods,Week5,218.0 Oakton - 184.0 Fox Mill Woods
North Springfield,Week4,Springfield,Week1,240.0 North Springfield - 115.0 Springfield
Oakton ,Week4,Fox Mill Woods,Week5,218.0 Oakton - 184.0 Fox Mill Woods
Oakton ,Week1,Pleasant Valley,Week5,342.0 Oakton - 60.0 Pleasant Valley
North Springfield,Week2,Country Club Hills,Week1,279.0 Country Club Hills - 109.0 North Springfield
North Springfield,Week1,Parliament,Week3,274.0 Parliament - 76.0 North Springfield
North Springfield,Week2,Parklawn,Week4,249.0 Parklawn - 133.0 North Springfield
North Springfield,Week5,Hunt Valley,Week5,313.0 Hunt Valley - 61.0 North Springfield
Oakton ,Week3,Pleasant Valley,Week2,348.0 Oakton - 54.0 Pleasant Valley
North Springfield,Week4,Hunt Valley,Week5,358.0 Hunt Valley - 34.0 North Springfield
North Springfield,Week5,Hunt Valley,Week2,306.0 Hunt Valley - 68.0 North Springfield
North Springfield,Week1,Fox Mill Woods,Week3,312.0 Fox Mill Woods - 39.0 North Springfield
North Springfield,Week1,Parklawn,Week4,254.0 Parklawn - 86.0 North Springfield
North Springfield,Week3,Springfield,Week3,271.0 North Springfield - 84.0 Springfield
Oakton ,Week5,Fox Mill Woods,Week4,250.0 Oakton - 152.0 Fox Mill Woods
Oakton ,Week4,Fox Mill Woods,Week2,230.0 Oakton - 172.0 Fox Mill Woods
North Springfield,Week5,Springboard,Week4,215.0 Springboard - 158.0 North Springfield
North Springfield,Week2,Hunter Mill,Week5,340.5 Hunter Mill - 47.5 North Springfield
North Springfield,Week1,Ilda Community,Week2,268.0 Ilda Community - 78.0 North Springfield
Oakton ,Week3,Pinecrest,Week2,202.5 Pinecrest - 199.5 Oakton
Oakton ,Week4,Pleasant Valley,Week3,350.0 Oakton - 52.0 Pleasant Valley
North Springfield,Week2,Country Club Hills,Week2,288.0 Country Club Hills - 100.0 North Springfield
North Springfield,Week5,Overlee,Week3,335.0 Overlee - 39.0 North Springfield
Oakton ,Week1,Great Falls,Week1,272.0 Oakton - 130.0 Great Falls
Oakton ,Week4,Pinecrest,Week2,215.0 Oakton - 187.0 Pinecrest
Oakton ,Week2,Great Falls,Week3,255.0 Oakton - 147.0 Great Falls
North Springfield,Week4,Fox Mill Estates,Week5,291.0 Fox Mill Estates - 100.0 North Springfield
North Springfield,Week2,Springfield,Week1,258.0 North Springfield - 101.0 Springfield
North Springfield,Week1,Parliament,Week5,273.0 Parliament - 76.0 North Springfield
North Springfield,Week3,Country Club Hills,Week3,259.0 Country Club Hills - 137.0 North Springfield
North Springfield,Week5,Fox Mill Estates,Week2,255.0 Fox Mill Estates - 118.0 North Springfield
Oakton ,Week2,Pleasant Valley,Week2,358.0 Oakton - 44.0 Pleasant Valley
North Springfield,Week3,Hunter Mill,Week1,332.0 Hunter Mill - 65.0 North Springfield
North Springfield,Week2,Pinecrest,Week1,311.0 Pinecrest - 77.0 North Springfield
Oakton ,Week5,Fox Mill Woods,Week2,241.0 Oakton - 161.0 Fox Mill Woods
Oakton ,Week5,Pinewood Lake,Week2,385.0 Oakton - 16.0 Pinewood Lake
North Springfield,Week2,Hunter Mill,Week1,332.0 Hunter Mill - 56.0 North Springfield
Oakton ,Week4,Fox Mill Woods,Week3,232.0 Oakton - 170.0 Fox Mill Woods
North Springfield,Week1,Country Club Hills,Week4,272.0 Country Club Hills - 79.0 North Springfield
Oakton ,Week2,Fox Mill Woods,Week5,236.0 Oakton - 166.0 Fox Mill Woods
Oakton ,Week3,Pleasant Valley,Week4,347.0 Oakton - 45.0 Pleasant Valley
Oakton ,Week3,Fox Mill Woods,Week1,209.0 Oakton - 193.0 Fox Mill Woods
North Springfield,Week4,Country Club Hills,Week1,287.5 Country Club Hills - 103.5 North Springfield
Oakton ,Week1,Pleasant Valley,Week2,352.0 Oakton - 49.0 Pleasant Valley
North Springfield,Week5,Fox Hunt,Week5,282.0 Fox Hunt - 92.0 North Springfield
North Springfield,Week1,Pinecrest,Week5,314.0 Pinecrest - 37.0 North Springfield
Oakton ,Week3,Fox Mill Woods,Week3,229.0 Oakton - 173.0 Fox Mill Woods
North Springfield,Week2,Pinecrest,Week2,330.0 Pinecrest - 58.0 North Springfield
North Springfield,Week2,Springfield,Week2,258.0 North Springfield - 99.0 Springfield
North Springfield,Week4,Springfield,Week2,240.0 North Springfield - 111.0 Springfield
North Springfield,Week3,Springfield,Week5,279.0 North Springfield - 92.0 Springfield
North Springfield,Week2,Fox Mill Estates,Week4,308.0 Fox Mill Estates - 80.0 North Springfield
North Springfield,Week2,Hunter Mill,Week2,322.0 Hunter Mill - 64.0 North Springfield
North Springfield,Week3,Parliament,Week1,274.0 Parliament - 119.0 North Springfield
North Springfield,Week3,Fox Mill Estates,Week3,286.0 Fox Mill Estates - 110.0 North Springfield
Oakton ,Week2,Pleasant Valley,Week4,360.0 Oakton - 42.0 Pleasant Valley
Oakton ,Week4,Fox Mill Woods,Week1,216.0 Oakton - 186.0 Fox Mill Woods
North Springfield,Week4,Country Club Hills,Week2,300.0 Country Club Hills - 91.0 North Springfield
North Springfield,Week3,Fox Mill Estates,Week4,298.0 Fox Mill Estates - 98.0 North Springfield
Oakton ,Week4,Pleasant Valley,Week1,361.0 Oakton - 40.0 Pleasant Valley
Oakton ,Week5,Fox Mill Woods,Week3,240.0 Oakton - 162.0 Fox Mill Woods
North Springfield,Week2,Fox Mill Estates,Week3,287.0 Fox Mill Estates - 101.0 North Springfield
North Springfield,Week4,Springfield,Week4,235.0 North Springfield - 123.0 Springfield
Oakton ,Week1,Great Falls,Week2,260.0 Oakton - 124.0 Great Falls
North Springfield,Week4,Parliament,Week5,274.0 Parliament - 116.0 North Springfield
North Springfield,Week2,Pinecrest,Week3,333.0 Pinecrest - 55.0 North Springfield
Oakton ,Week4,Fox Mill Woods,Week4,235.0 Oakton - 167.0 Fox Mill Woods
North Springfield,Week3,Fox Mill Estates,Week5,281.0 Fox Mill Estates - 115.0 North Springfield
North Springfield,Week2,Springfield,Week3,265.0 North Springfield - 89.0 Springfield
North Springfield,Week4,Springfield,Week3,247.0 North Springfield - 102.0 Springfield
North Springfield,Week5,Hunter Mill,Week1,302.0 Hunter Mill - 72.0 North Springfield
Oakton ,Week1,Great Falls,Week4,242.0 Oakton - 155.0 Great Falls
Oakton ,Week1,Pleasant Valley,Week4,354.0 Oakton - 47.0 Pleasant Valley
North Springfield,Week4,Hunter Mill,Week5,343.0 Hunter Mill - 49.0 North Springfield
North Springfield,Week1,Crosspointe,Week2,309.0 Crosspointe - 41.0 North Springfield
North Springfield,Week1,Pinecrest,Week2,311.0 Pinecrest - 40.0 North Springfield
North Springfield,Week2,Fox Mill Estates,Week5,291.0 Fox Mill Estates - 97.0 North Springfield
North Springfield,Week5,Springboard,Week3,228.0 Springboard - 145.0 North Springfield
North Springfield,Week3,Hunter Mill,Week4,340.0 Hunter Mill - 57.0 North Springfield
North Springfield,Week4,Hunter Mill,Week4,339.0 Hunter Mill - 52.0 North Springfield
North Springfield,Week5,Springboard,Week1,231.0 Springboard - 142.0 North Springfield
North Springfield,Week4,Country Club Hills,Week3,287.0 Country Club Hills - 104.0 North Springfield
Oakton ,Week3,Pleasant Valley,Week3,338.0 Oakton - 64.0 Pleasant Valley
North Springfield,Week4,Country Club Hills,Week4,300.0 Country Club Hills - 92.0 North Springfield
North Springfield,Week2,Crosspointe,Week5,338.0 Crosspointe - 50.0 North Springfield
Oakton ,Week1,Pleasant Valley,Week1,360.0 Oakton - 41.0 Pleasant Valley
Oakton ,Week4,Pleasant Valley,Week2,358.0 Oakton - 43.0 Pleasant Valley
North Springfield,Week4,Hunter Mill,Week2,319.0 Hunter Mill - 69.0 North Springfield
North Springfield,Week1,Pinecrest,Week3,323.0 Pinecrest - 28.0 North Springfield
Oakton ,Week3,Pinewood Lake,Week4,375.0 Oakton - 17.0 Pinewood Lake
North Springfield,Week3,Country Club Hills,Week5,291.0 Country Club Hills - 105.0 North Springfield
North Springfield,Week5,Springboard,Week5,223.0 Springboard - 151.0 North Springfield
Oakton ,Week4,Commonwealth,Week5,308.0 Oakton - 94.0 Commonwealth
Oakton ,Week1,Pleasant Valley,Week3,339.0 Oakton - 63.0 Pleasant Valley
North Springfield,Week1,Ilda Community,Week4,273.0 Ilda Community - 73.0 North Springfield
North Springfield,Week4,Parliament,Week3,275.0 Parliament - 116.0 North Springfield
North Springfield,Week2,Stratford,Week2,259.0 Stratford - 129.0 North Springfield
Oakton ,Week4,Pinewood Lake,Week3,391.0 Oakton - 11.0 Pinewood Lake
North Springfield,Week4,Parliament,Week1,277.0 Parliament - 111.0 North Springfield
North Springfield,Week2,Parliament,Week4,273.0 Parliament - 115.0 North Springfield
North Springfield,Week5,Hunter Mill,Week2,294.0 Hunter Mill - 78.0 North Springfield
North Springfield,Week5,Springfield,Week2,249.0 North Springfield - 90.0 Springfield
North Springfield,Week1,Fox Mill Estates,Week3,283.0 Fox Mill Estates - 68.0 North Springfield
North Springfield,Week3,Parliament,Week4,261.0 Parliament - 135.0 North Springfield
Oakton ,Week2,Pleasant Valley,Week3,348.0 Oakton - 54.0 Pleasant Valley
North Springfield,Week1,Springfield,Week4,177.0 North Springfield - 151.0 Springfield
North Springfield,Week5,Springfield,Week4,245.0 North Springfield - 104.0 Springfield
North Springfield,Week5,Fox Mill Estates,Week1,255.0 Fox Mill Estates - 113.0 North Springfield
North Springfield,Week1,Ilda Community,Week1,253.0 Ilda Community - 89.0 North Springfield
Oakton ,Week5,Commonwealth,Week5,302.0 Oakton - 100.0 Commonwealth
North Springfield,Week1,Ilda Community,Week3,251.0 Ilda Community - 95.0 North Springfield
North Springfield,Week1,Crosspointe,Week3,315.0 Crosspointe - 35.0 North Springfield
Oakton ,Week5,Pinewood Lake,Week5,377.0 Oakton - 24.0 Pinewood Lake
North Springfield,Week3,Crosspointe,Week4,329.0 Crosspointe - 67.0 North Springfield
North Springfield,Week4,Fox Mill Estates,Week2,280.0 Fox Mill Estates - 111.0 North Springfield
Oakton ,Week1,Cottontail,Week3,298.5 Oakton - 103.5 Cottontail
Oakton ,Week4,Commonwealth,Week4,323.0 Oakton - 79.0 Commonwealth
North Springfield,Week5,Hunter Mill,Week4,311.0 Hunter Mill - 62.0 North Springfield
North Springfield,Week4,Fox Mill Estates,Week4,306.0 Fox Mill Estates - 84.0 North Springfield
North Springfield,Week2,Crosspointe,Week1,337.0 Crosspointe - 51.0 North Springfield
North Springfield,Week1,Pinecrest,Week4,317.0 Pinecrest - 34.0 North Springfield
North Springfield,Week3,Crosspointe,Week5,334.0 Crosspointe - 62.0 North Springfield
North Springfield,Week5,Fox Mill Estates,Week4,273.0 Fox Mill Estates - 97.0 North Springfield
North Springfield,Week4,Springfield,Week5,260.0 North Springfield - 86.0 Springfield
Oakton ,Week1,Commonwealth,Week1,314.0 Oakton - 83.0 Commonwealth
Oakton ,Week2,Commonwealth,Week5,306.0 Oakton - 96.0 Commonwealth
North Springfield,Week3,Crosspointe,Week2,320.0 Crosspointe - 76.0 North Springfield
North Springfield,Week1,Ilda Community,Week5,251.0 Ilda Community - 89.0 North Springfield
North Springfield,Week5,Country Club Hills,Week3,242.0 Country Club Hills - 132.0 North Springfield
North Springfield,Week2,Ilda Community,Week1,216.0 Ilda Community - 163.0 North Springfield
North Springfield,Week2,Stratford,Week1,234.0 Stratford - 153.0 North Springfield
North Springfield,Week2,Stratford,Week3,265.0 Stratford - 123.0 North Springfield
North Springfield,Week5,Parliament,Week4,252.5 Parliament - 121.5 North Springfield
North Springfield,Week4,Ilda Community,Week3,225.0 Ilda Community - 161.0 North Springfield
North Springfield,Week4,Crosspointe,Week2,324.0 Crosspointe - 67.0 North Springfield
Oakton ,Week3,Commonwealth,Week2,290.0 Oakton - 112.0 Commonwealth
Oakton ,Week5,Pinewood Lake,Week1,379.0 Oakton - 22.0 Pinewood Lake
Oakton ,Week4,Pinewood Lake,Week5,385.0 Oakton - 17.0 Pinewood Lake
Oakton ,Week2,Commonwealth,Week4,320.0 Oakton - 82.0 Commonwealth
North Springfield,Week5,Fox Mill Estates,Week3,259.0 Fox Mill Estates - 114.0 North Springfield
North Springfield,Week5,Parliament,Week1,255.0 Parliament - 117.0 North Springfield
Oakton ,Week3,Pleasant Valley,Week5,334.0 Oakton - 63.0 Pleasant Valley
North Springfield,Week5,Fox Mill Estates,Week5,259.0 Fox Mill Estates - 115.0 North Springfield
North Springfield,Week4,Ilda Community,Week5,249.0 Ilda Community - 137.0 North Springfield
North Springfield,Week3,Fox Mill Estates,Week2,260.0 Fox Mill Estates - 137.0 North Springfield
North Springfield,Week1,Stratford,Week1,239.0 Stratford - 110.0 North Springfield
Oakton ,Week4,Pleasant Valley,Week4,352.0 Oakton - 49.0 Pleasant Valley
North Springfield,Week1,Fox Mill Estates,Week1,275.0 Fox Mill Estates - 76.0 North Springfield
North Springfield,Week1,Fox Mill Woods,Week1,316.0 Fox Mill Woods - 35.0 North Springfield
Oakton ,Week5,Pinewood Lake,Week3,388.0 Oakton - 13.0 Pinewood Lake
North Springfield,Week1,Fox Mill Estates,Week5,282.0 Fox Mill Estates - 69.0 North Springfield
Oakton ,Week4,Pleasant Valley,Week5,338.0 Oakton - 64.0 Pleasant Valley
North Springfield,Week2,Parliament,Week3,274.0 Parliament - 114.0 North Springfield
North Springfield,Week5,Ilda Community,Week1,210.0 Ilda Community - 160.0 North Springfield
Oakton ,Week1,Commonwealth,Week2,297.0 Oakton - 105.0 Commonwealth
North Springfield,Week3,Ilda Community,Week3,234.0 Ilda Community - 158.0 North Springfield
North Springfield,Week3,Crosspointe,Week1,339.0 Crosspointe - 58.0 North Springfield
North Springfield,Week3,Stratford,Week3,252.0 Stratford - 145.0 North Springfield
North Springfield,Week4,Crosspointe,Week4,332.0 Crosspointe - 59.0 North Springfield
North Springfield,Week3,Parliament,Week2,256.0 Parliament - 140.0 North Springfield
Oakton ,Week2,Pleasant Valley,Week1,355.0 Oakton - 47.0 Pleasant Valley
North Springfield,Week4,Parliament,Week2,270.0 Parliament - 117.0 North Springfield
North Springfield,Week2,Parliament,Week2,262.0 Parliament - 125.0 North Springfield
North Springfield,Week4,Crosspointe,Week3,330.0 Crosspointe - 62.0 North Springfield
North Springfield,Week2,Stratford,Week5,268.0 Stratford - 119.0 North Springfield
Oakton ,Week5,Chesterbrook,Week2,285.5 Chesterbrook - 116.5 Oakton
Oakton ,Week3,Commonwealth,Week3,299.0 Oakton - 103.0 Commonwealth
North Springfield,Week3,Stratford,Week2,254.0 Stratford - 143.0 North Springfield
North Springfield,Week5,Ilda Community,Week3,213.0 Ilda Community - 159.0 North Springfield
North Springfield,Week3,Crosspointe,Week3,316.0 Crosspointe - 81.0 North Springfield
Oakton ,Week5,Pleasant Valley,Week2,364.0 Oakton - 38.0 Pleasant Valley
North Springfield,Week3,Stratford,Week4,263.0 Stratford - 134.0 North Springfield
Oakton ,Week3,Commonwealth,Week1,305.5 Oakton - 91.5 Commonwealth
North Springfield,Week1,Pinecrest,Week1,307.0 Pinecrest - 44.0 North Springfield
Oakton ,Week5,Chesterbrook,Week3,308.5 Chesterbrook - 93.5 Oakton
North Springfield,Week1,Fox Mill Estates,Week4,294.0 Fox Mill Estates - 57.0 North Springfield
North Springfield,Week1,Stratford,Week3,262.0 Stratford - 88.0 North Springfield
North Springfield,Week4,Stratford,Week1,252.0 Stratford - 138.0 North Springfield
Oakton ,Week2,Commonwealth,Week1,316.0 Oakton - 86.0 Commonwealth
North Springfield,Week3,Fox Mill Woods,Week3,325.0 Fox Mill Woods - 72.0 North Springfield
Oakton ,Week5,Chesterbrook,Week5,289.0 Chesterbrook - 113.0 Oakton
Oakton ,Week2,Commonwealth,Week2,297.5 Oakton - 104.5 Commonwealth
Oakton ,Week5,Pleasant Valley,Week3,355.0 Oakton - 47.0 Pleasant Valley
Oakton ,Week5,Pleasant Valley,Week4,356.0 Oakton - 46.0 Pleasant Valley
Oakton ,Week5,Commonwealth,Week1,318.0 Oakton - 84.0 Commonwealth
Oakton ,Week4,Commonwealth,Week1,321.0 Oakton - 81.0 Commonwealth
North Springfield,Week2,Crosspointe,Week3,326.0 Crosspointe - 57.0 North Springfield
North Springfield,Week3,Parliament,Week5,260.0 Parliament - 132.0 North Springfield
North Springfield,Week1,Fox Mill Estates,Week2,277.0 Fox Mill Estates - 73.0 North Springfield
North Springfield,Week5,Springfield,Week5,262.0 North Springfield - 78.0 Springfield
North Springfield,Week5,Country Club Hills,Week4,246.0 Country Club Hills - 128.0 North Springfield
North Springfield,Week1,Crosspointe,Week5,320.0 Crosspointe - 30.0 North Springfield
North Springfield,Week1,Kent Gardens,Week1,292.0 Kent Gardens - 59.0 North Springfield
North Springfield,Week4,Fox Mill Estates,Week3,292.0 Fox Mill Estates - 99.0 North Springfield
North Springfield,Week5,Ilda Community,Week4,226.0 Ilda Community - 146.0 North Springfield
North Springfield,Week4,Fox Mill Woods,Week2,329.0 Fox Mill Woods - 63.0 North Springfield
Oakton ,Week5,Poplar Heights,Week4,265.0 Oakton - 137.0 Poplar Heights
North Springfield,Week4,Crosspointe,Week1,341.0 Crosspointe - 51.0 North Springfield
Oakton ,Week2,Commonwealth,Week3,310.0 Oakton - 92.0 Commonwealth
North Springfield,Week2,Fox Mill Estates,Week2,277.0 Fox Mill Estates - 111.0 North Springfield
North Springfield,Week3,Ilda Community,Week2,234.0 Ilda Community - 161.0 North Springfield
North Springfield,Week5,Parliament,Week5,249.0 Parliament - 124.0 North Springfield
North Springfield,Week5,Ilda Community,Week2,208.0 Ilda Community - 164.0 North Springfield
North Springfield,Week5,Parliament,Week2,233.0 Parliament - 140.0 North Springfield
North Springfield,Week1,Stratford,Week5,267.0 Stratford - 84.0 North Springfield
North Springfield,Week5,Country Club Hills,Week5,261.0 Country Club Hills - 113.0 North Springfield
North Springfield,Week4,Crosspointe,Week5,345.0 Crosspointe - 46.0 North Springfield
North Springfield,Week1,Fox Mill Woods,Week2,319.0 Fox Mill Woods - 31.0 North Springfield
Oakton ,Week2,Poplar Heights,Week1,274.0 Oakton - 128.0 Poplar Heights
North Springfield,Week1,Stratford,Week2,265.0 Stratford - 85.0 North Springfield
North Springfield,Week3,Parliament,Week3,265.0 Parliament - 132.0 North Springfield
Oakton ,Week5,Chesterbrook,Week4,285.5 Chesterbrook - 116.5 Oakton
North Springfield,Week4,Ilda Community,Week1,246.0 Ilda Community - 141.0 North Springfield
North Springfield,Week5,Parliament,Week3,246.0 Parliament - 128.0 North Springfield
North Springfield,Week4,Parliament,Week4,272.0 Parliament - 119.0 North Springfield
North Springfield,Week3,Ilda Community,Week5,246.0 Ilda Community - 149.0 North Springfield
North Springfield,Week2,Parliament,Week5,275.0 Parliament - 112.0 North Springfield
North Springfield,Week1,Stratford,Week4,273.0 Stratford - 78.0 North Springfield
Oakton ,Week5,Pleasant Valley,Week1,362.0 Oakton - 40.0 Pleasant Valley
Oakton ,Week3,Poplar Heights,Week5,245.0 Oakton - 157.0 Poplar Heights
North Springfield,Week3,Ilda Community,Week4,245.0 Ilda Community - 147.0 North Springfield
North Springfield,Week3,Stratford,Week5,259.0 Stratford - 133.0 North Springfield
North Springfield,Week2,Crosspointe,Week2,322.0 Crosspointe - 66.0 North Springfield
North Springfield,Week3,Fox Mill Woods,Week5,331.0 Fox Mill Woods - 65.0 North Springfield
Oakton ,Week1,Poplar Tree,Week4,244.0 Oakton - 158.0 Poplar Tree
North Springfield,Week4,Fox Mill Woods,Week5,333.5 Fox Mill Woods - 56.5 North Springfield
North Springfield,Week2,Great Falls,Week3,298.0 Great Falls - 90.0 North Springfield
North Springfield,Week1,Crosspointe,Week4,319.0 Crosspointe - 32.0 North Springfield
Oakton ,Week1,Commonwealth,Week3,308.0 Oakton - 94.0 Commonwealth
North Springfield,Week5,Pinecrest,Week5,301.0 Pinecrest - 73.0 North Springfield
North Springfield,Week1,Crosspointe,Week1,318.0 Crosspointe - 33.0 North Springfield
North Springfield,Week3,Pinewood Lake,Week2,264.0 North Springfield - 89.0 Pinewood Lake
North Springfield,Week1,Kent Gardens,Week2,288.0 Kent Gardens - 63.0 North Springfield
Oakton ,Week1,Poplar Heights,Week1,245.0 Oakton - 157.0 Poplar Heights
North Springfield,Week2,Crosspointe,Week4,329.0 Crosspointe - 59.0 North Springfield
North Springfield,Week2,Stratford,Week4,279.0 Stratford - 109.0 North Springfield
North Springfield,Week3,Stratford,Week1,239.0 Stratford - 157.0 North Springfield
Oakton ,Week5,Poplar Heights,Week1,275.0 Oakton - 127.0 Poplar Heights
Oakton ,Week1,Commonwealth,Week5,297.0 Oakton - 105.0 Commonwealth
North Springfield,Week2,Great Falls,Week5,282.0 Great Falls - 99.0 North Springfield
North Springfield,Week3,Pinecrest,Week2,329.0 Pinecrest - 68.0 North Springfield
North Springfield,Week1,Kent Gardens,Week3,273.0 Kent Gardens - 78.0 North Springfield
North Springfield,Week2,Ilda Community,Week4,241.0 Ilda Community - 145.0 North Springfield
North Springfield,Week3,Fox Mill Woods,Week2,323.0 Fox Mill Woods - 74.0 North Springfield
North Springfield,Week5,Fox Mill Woods,Week4,321.0 Fox Mill Woods - 53.0 North Springfield
North Springfield,Week4,Pinecrest,Week2,331.0 Pinecrest - 61.0 North Springfield
North Springfield,Week2,Pinewood Lake,Week2,249.0 North Springfield - 98.0 Pinewood Lake
North Springfield,Week4,Ilda Community,Week4,262.0 Ilda Community - 124.0 North Springfield
Oakton ,Week1,Poplar Tree,Week1,232.0 Oakton - 170.0 Poplar Tree
Oakton ,Week3,Commonwealth,Week4,315.0 Oakton - 82.0 Commonwealth
North Springfield,Week4,Stratford,Week2,279.0 Stratford - 113.0 North Springfield
North Springfield,Week3,Pinecrest,Week5,337.0 Pinecrest - 60.0 North Springfield
Oakton ,Week4,Commonwealth,Week3,310.0 Oakton - 92.0 Commonwealth
Oakton ,Week3,Poplar Heights,Week1,260.0 Oakton - 142.0 Poplar Heights
Oakton ,Week5,Poplar Heights,Week2,264.0 Oakton - 138.0 Poplar Heights
Oakton ,Week4,Commonwealth,Week2,293.0 Oakton - 109.0 Commonwealth
North Springfield,Week2,Fox Mill Woods,Week4,342.0 Fox Mill Woods - 46.0 North Springfield
North Springfield,Week2,Fox Mill Woods,Week2,335.0 Fox Mill Woods - 53.0 North Springfield
Oakton ,Week1,Poplar Heights,Week4,242.0 Oakton - 160.0 Poplar Heights
North Springfield,Week2,Ilda Community,Week3,231.0 Ilda Community - 155.0 North Springfield
North Springfield,Week1,Pinewood Lake,Week1,206.0 North Springfield - 93.0 Pinewood Lake
North Springfield,Week1,Kent Gardens,Week4,280.0 Kent Gardens - 71.0 North Springfield
North Springfield,Week2,Ilda Community,Week5,236.0 Ilda Community - 148.0 North Springfield
North Springfield,Week5,Fox Mill Woods,Week3,295.0 Fox Mill Woods - 79.0 North Springfield
Oakton ,Week3,Commonwealth,Week5,295.0 Oakton - 107.0 Commonwealth
Oakton ,Week1,Commonwealth,Week4,321.0 Oakton - 81.0 Commonwealth
North Springfield,Week3,Ilda Community,Week1,219.0 Ilda Community - 176.0 North Springfield
Oakton ,Week1,Poplar Heights,Week3,248.0 Oakton - 154.0 Poplar Heights
North Springfield,Week1,Great Falls,Week2,277.0 Great Falls - 62.0 North Springfield
North Springfield,Week1,Great Falls,Week1,276.0 Great Falls - 67.0 North Springfield
North Springfield,Week2,Pinewood Lake,Week1,258.0 North Springfield - 86.0 Pinewood Lake
North Springfield,Week1,Highland Park,Week5,294.0 Highland Park - 57.0 North Springfield
North Springfield,Week4,Pinecrest,Week4,342.0 Pinecrest - 50.0 North Springfield
Oakton ,Week5,Pleasant Valley,Week5,349.0 Oakton - 53.0 Pleasant Valley
Oakton ,Week5,Commonwealth,Week4,327.0 Oakton - 75.0 Commonwealth
Oakton ,Week2,Poplar Heights,Week4,261.0 Oakton - 141.0 Poplar Heights
Oakton ,Week5,Commonwealth,Week3,313.0 Oakton - 89.0 Commonwealth
Oakton ,Week1,Cottontail,Week1,286.0 Oakton - 116.0 Cottontail
North Springfield,Week1,Pinewood Lake,Week3,202.0 North Springfield - 85.0 Pinewood Lake
North Springfield,Week1,Great Falls,Week4,272.0 Great Falls - 74.0 North Springfield
North Springfield,Week1,Pinewood Lake,Week2,199.0 North Springfield - 99.0 Pinewood Lake
North Springfield,Week2,Highland Park,Week5,306.0 Highland Park - 82.0 North Springfield
North Springfield,Week5,Pinecrest,Week2,298.5 Pinecrest - 74.5 North Springfield
North Springfield,Week1,Pinewood Lake,Week4,193.0 North Springfield - 100.0 Pinewood Lake
North Springfield,Week5,High Point Pool,Week3,303.0 High Point Pool - 71.0 North Springfield
Oakton ,Week3,Cottontail,Week3,294.0 Oakton - 108.0 Cottontail
Oakton ,Week3,Poplar Heights,Week3,255.0 Oakton - 147.0 Poplar Heights
North Springfield,Week3,Highland Park,Week1,305.5 Highland Park - 91.5 North Springfield
Oakton ,Week4,Poplar Heights,Week2,270.0 Oakton - 132.0 Poplar Heights
North Springfield,Week2,Highland Park,Week4,310.0 Highland Park - 78.0 North Springfield
Oakton ,Week1,Country Club Hills,Week5,297.0 Oakton - 105.0 Country Club Hills
Oakton ,Week4,Poplar Heights,Week1,271.0 Oakton - 131.0 Poplar Heights
Oakton ,Week5,Commonwealth,Week2,300.0 Oakton - 102.0 Commonwealth
North Springfield,Week5,Pinecrest,Week1,290.0 Pinecrest - 83.0 North Springfield
Oakton ,Week4,Poplar Heights,Week3,256.0 Oakton - 146.0 Poplar Heights
North Springfield,Week1,Fox Mill Woods,Week4,323.0 Fox Mill Woods - 28.0 North Springfield
Oakton ,Week3,Poplar Heights,Week4,253.0 Oakton - 149.0 Poplar Heights
Oakton ,Week2,Cottontail,Week5,282.5 Oakton - 119.5 Cottontail
North Springfield,Week5,High Point Pool,Week5,287.0 High Point Pool - 84.0 North Springfield
North Springfield,Week2,Fox Mill Woods,Week3,327.0 Fox Mill Woods - 61.0 North Springfield
North Springfield,Week2,Great Falls,Week2,278.0 Great Falls - 90.0 North Springfield
North Springfield,Week2,Great Falls,Week1,268.0 Great Falls - 116.0 North Springfield
Oakton ,Week1,Poplar Heights,Week5,221.0 Oakton - 181.0 Poplar Heights
North Springfield,Week2,Highland Park,Week3,285.0 Highland Park - 103.0 North Springfield
North Springfield,Week1,Great Falls,Week5,283.0 Great Falls - 62.0 North Springfield
Oakton ,Week1,Country Club Hills,Week1,306.0 Oakton - 96.0 Country Club Hills
North Springfield,Week5,Fox Mill Woods,Week2,300.0 Fox Mill Woods - 74.0 North Springfield
Oakton ,Week1,Country Club Hills,Week3,320.0 Oakton - 82.0 Country Club Hills
Oakton ,Week2,Poplar Heights,Week5,249.0 Oakton - 153.0 Poplar Heights
North Springfield,Week3,Pinecrest,Week4,331.0 Pinecrest - 66.0 North Springfield
North Springfield,Week2,Pinecrest,Week4,334.0 Pinecrest - 54.0 North Springfield
North Springfield,Week4,Fox Mill Woods,Week3,331.0 Fox Mill Woods - 61.0 North Springfield
Oakton ,Week3,Cottontail,Week4,288.0 Oakton - 109.0 Cottontail
North Springfield,Week3,High Point Pool,Week5,316.0 High Point Pool - 79.0 North Springfield
Oakton ,Week1,Poplar Heights,Week2,240.0 Oakton - 162.0 Poplar Heights
Oakton ,Week1,Cottontail,Week4,277.0 Oakton - 125.0 Cottontail
North Springfield,Week1,Pinewood Lake,Week5,196.0 North Springfield - 105.0 Pinewood Lake
Oakton ,Week1,Cottontail,Week2,294.0 Oakton - 108.0 Cottontail
North Springfield,Week4,Ilda Community,Week2,245.0 Ilda Community - 145.0 North Springfield
North Springfield,Week4,Pinecrest,Week5,338.0 Pinecrest - 54.0 North Springfield
North Springfield,Week5,Ilda Community,Week5,214.0 Ilda Community - 154.0 North Springfield
North Springfield,Week5,Fox Mill Woods,Week5,312.0 Fox Mill Woods - 62.0 North Springfield
North Springfield,Week5,High Point Pool,Week2,300.0 High Point Pool - 73.0 North Springfield
Oakton ,Week3,Poplar Heights,Week2,259.0 Oakton - 143.0 Poplar Heights
North Springfield,Week4,Pinecrest,Week1,331.0 Pinecrest - 61.0 North Springfield
Oakton ,Week5,Cottontail,Week2,307.0 Oakton - 95.0 Cottontail
North Springfield,Week1,Great Falls,Week3,296.0 Great Falls - 53.0 North Springfield
North Springfield,Week1,Highland Park,Week4,298.0 Highland Park - 53.0 North Springfield
North Springfield,Week5,Pinecrest,Week3,310.0 Pinecrest - 64.0 North Springfield
Oakton ,Week4,Poplar Heights,Week4,263.0 Oakton - 139.0 Poplar Heights
North Springfield,Week1,Fox Mill Woods,Week5,314.0 Fox Mill Woods - 37.0 North Springfield
Oakton ,Week4,Poplar Heights,Week5,243.5 Oakton - 158.5 Poplar Heights
North Springfield,Week4,High Point Pool,Week5,328.0 High Point Pool - 62.0 North Springfield
North Springfield,Week2,Fox Mill Woods,Week5,332.0 Fox Mill Woods - 56.0 North Springfield
North Springfield,Week2,Highland Park,Week1,313.0 Highland Park - 75.0 North Springfield
Oakton ,Week2,Poplar Heights,Week2,260.0 Oakton - 142.0 Poplar Heights
Oakton ,Week2,Poplar Heights,Week3,272.0 Oakton - 130.0 Poplar Heights
North Springfield,Week2,Pinewood Lake,Week4,238.0 North Springfield - 109.0 Pinewood Lake
North Springfield,Week2,Fox Mill Woods,Week1,322.0 Fox Mill Woods - 66.0 North Springfield
Oakton ,Week1,Cottontail,Week5,265.0 Oakton - 137.0 Cottontail
North Springfield,Week2,Pinewood Lake,Week3,255.0 North Springfield - 84.0 Pinewood Lake
Oakton ,Week3,Cottontail,Week2,296.0 Oakton - 106.0 Cottontail
North Springfield,Week3,Highland Park,Week2,294.0 Highland Park - 103.0 North Springfield
North Springfield,Week4,Fox Mill Woods,Week1,334.0 Fox Mill Woods - 58.0 North Springfield
North Springfield,Week3,Pinecrest,Week1,307.0 Pinecrest - 90.0 North Springfield
Oakton ,Week5,Poplar Heights,Week5,246.0 Oakton - 156.0 Poplar Heights
North Springfield,Week1,Highland Park,Week3,295.0 Highland Park - 56.0 North Springfield
Oakton ,Week1,Poplar Tree,Week2,253.0 Oakton - 149.0 Poplar Tree
North Springfield,Week4,Pinecrest,Week3,345.0 Pinecrest - 47.0 North Springfield
North Springfield,Week4,High Point Pool,Week4,336.0 High Point Pool - 54.0 North Springfield
North Springfield,Week3,Fox Mill Woods,Week4,337.0 Fox Mill Woods - 60.0 North Springfield
Oakton ,Week4,Cottontail,Week5,278.0 Oakton - 124.0 Cottontail
North Springfield,Week4,High Point Pool,Week3,328.0 High Point Pool - 60.0 North Springfield
Oakton ,Week1,Poplar Tree,Week3,243.0 Oakton - 159.0 Poplar Tree
North Springfield,Week3,Fox Mill Woods,Week1,321.0 Fox Mill Woods - 76.0 North Springfield
Oakton ,Week5,Cottontail,Week5,282.0 Oakton - 120.0 Cottontail
Oakton ,Week5,Poplar Heights,Week3,273.0 Oakton - 129.0 Poplar Heights
North Springfield,Week5,High Point Pool,Week4,304.0 High Point Pool - 69.0 North Springfield
Oakton ,Week2,Cottontail,Week4,296.0 Oakton - 106.0 Cottontail
North Springfield,Week3,Pinecrest,Week3,333.0 Pinecrest - 64.0 North Springfield
Oakton ,Week2,Cottontail,Week1,300.0 Oakton - 102.0 Cottontail
North Springfield,Week2,Pinecrest,Week5,332.0 Pinecrest - 56.0 North Springfield
Oakton ,Week3,Cottontail,Week1,294.0 Oakton - 108.0 Cottontail
North Springfield,Week5,Pinecrest,Week4,305.0 Pinecrest - 69.0 North Springfield
North Springfield,Week2,Arlington Forest,Week2,305.0 Arlington Forest - 83.0 North Springfield
North Springfield,Week3,Great Falls,Week2,264.0 Great Falls - 110.0 North Springfield
North Springfield,Week5,Annandale,Week5,221.0 Annandale - 148.0 North Springfield
North Springfield,Week5,Fox Mill Woods,Week1,299.0 Fox Mill Woods - 75.0 North Springfield
Oakton ,Week2,Poplar Tree,Week1,252.0 Oakton - 150.0 Poplar Tree
North Springfield,Week4,High Point Pool,Week1,317.0 High Point Pool - 75.0 North Springfield
North Springfield,Week4,High Point Pool,Week2,332.0 High Point Pool - 60.0 North Springfield
North Springfield,Week1,Highland Park,Week2,296.0 Highland Park - 55.0 North Springfield
Oakton ,Week1,Ravensworth Farm,Week2,261.0 Oakton - 141.0 Ravensworth Farm
North Springfield,Week2,Annandale,Week3,252.0 Annandale - 136.0 North Springfield
North Springfield,Week5,Pinewood Lake,Week1,253.0 North Springfield - 78.0 Pinewood Lake
North Springfield,Week1,Highland Park,Week1,299.0 Highland Park - 52.0 North Springfield
Oakton ,Week2,Poplar Tree,Week5,224.0 Oakton - 178.0 Poplar Tree
Oakton ,Week4,Cottontail,Week1,305.0 Oakton - 97.0 Cottontail
North Springfield,Week4,Fox Mill Woods,Week4,344.0 Fox Mill Woods - 48.0 North Springfield
North Springfield,Week3,Great Falls,Week1,252.0 Great Falls - 138.0 North Springfield
North Springfield,Week2,Great Falls,Week4,275.0 Great Falls - 110.0 North Springfield
Oakton ,Week3,Cottontail,Week5,272.0 Oakton - 130.0 Cottontail
North Springfield,Week2,Highland Park,Week2,305.0 Highland Park - 83.0 North Springfield
Oakton ,Week5,Poplar Tree,Week2,258.0 Oakton - 139.0 Poplar Tree
North Springfield,Week5,Pinewood Lake,Week3,249.0 North Springfield - 72.0 Pinewood Lake
Oakton ,Week4,Cottontail,Week2,311.0 Oakton - 91.0 Cottontail
Oakton ,Week2,Cottontail,Week3,311.0 Oakton - 91.0 Cottontail
Oakton ,Week1,Ravensworth Farm,Week1,242.0 Oakton - 160.0 Ravensworth Farm
North Springfield,Week2,Arlington Forest,Week5,309.0 Arlington Forest - 79.0 North Springfield
North Springfield,Week2,Pinewood Lake,Week5,245.0 North Springfield - 112.0 Pinewood Lake
North Springfield,Week3,Pinewood Lake,Week1,275.0 North Springfield - 74.0 Pinewood Lake
North Springfield,Week2,Arlington Forest,Week1,323.0 Arlington Forest - 65.0 North Springfield
North Springfield,Week2,Annandale,Week4,228.0 Annandale - 159.0 North Springfield
North Springfield,Week3,Annandale,Week5,255.0 Annandale - 141.0 North Springfield
North Springfield,Week3,Great Falls,Week4,269.0 Great Falls - 122.0 North Springfield
Oakton ,Week5,Cottontail,Week3,316.0 Oakton - 86.0 Cottontail
Oakton ,Week4,Poplar Tree,Week3,239.0 Oakton - 163.0 Poplar Tree
North Springfield,Week5,High Point Pool,Week1,280.0 High Point Pool - 87.0 North Springfield
North Springfield,Week4,Greenbriar,Week3,324.0 Greenbriar - 67.0 North Springfield
Oakton ,Week1,Country Club Hills,Week2,304.0 Oakton - 98.0 Country Club Hills
North Springfield,Week3,Pinewood Lake,Week3,273.0 North Springfield - 72.0 Pinewood Lake
North Springfield,Week2,Pleasant Valley,Week2,199.0 Pleasant Valley - 184.0 North Springfield
North Springfield,Week4,Pleasant Valley,Week2,209.0 Pleasant Valley - 180.0 North Springfield
North Springfield,Week3,Annandale,Week2,248.0 Annandale - 146.0 North Springfield
North Springfield,Week2,Pleasant Valley,Week3,219.0 Pleasant Valley - 166.0 North Springfield
North Springfield,Week4,Pinewood Lake,Week3,241.0 North Springfield - 107.0 Pinewood Lake
Oakton ,Week2,Poplar Tree,Week2,258.0 Oakton - 139.0 Poplar Tree
Oakton ,Week5,Poplar Tree,Week4,254.0 Oakton - 148.0 Poplar Tree
North Springfield,Week4,Annandale,Week2,271.0 Annandale - 119.0 North Springfield
North Springfield,Week5,Annandale,Week2,227.0 Annandale - 145.0 North Springfield
Oakton ,Week2,Cottontail,Week2,306.0 Oakton - 96.0 Cottontail
North Springfield,Week3,Greenbriar,Week4,284.0 Greenbriar - 113.0 North Springfield
Oakton ,Week5,Cottontail,Week1,312.0 Oakton - 90.0 Cottontail
North Springfield,Week2,Greenbriar,Week4,290.0 Greenbriar - 98.0 North Springfield
North Springfield,Week1,Pleasant Valley,Week2,218.0 Pleasant Valley - 125.0 North Springfield
Oakton ,Week2,Ravensworth Farm,Week4,255.0 Oakton - 147.0 Ravensworth Farm
North Springfield,Week3,Great Falls,Week3,294.0 Great Falls - 103.0 North Springfield
North Springfield,Week4,Great Falls,Week4,278.0 Great Falls - 105.0 North Springfield
North Springfield,Week1,Greenbriar,Week3,295.0 Greenbriar - 56.0 North Springfield
Oakton ,Week4,Poplar Tree,Week1,244.0 Oakton - 158.0 Poplar Tree
Oakton ,Week4,Poplar Tree,Week5,218.0 Oakton - 184.0 Poplar Tree
North Springfield,Week2,Greenbriar,Week5,303.0 Greenbriar - 84.0 North Springfield
North Springfield,Week2,Annandale,Week5,243.0 Annandale - 144.0 North Springfield
North Springfield,Week3,Greenbriar,Week3,308.0 Greenbriar - 87.0 North Springfield
Oakton ,Week4,Poplar Tree,Week2,252.0 Oakton - 150.0 Poplar Tree
North Springfield,Week2,Pleasant Valley,Week1,203.0 Pleasant Valley - 182.0 North Springfield
North Springfield,Week3,Annandale,Week3,254.0 Annandale - 143.0 North Springfield
North Springfield,Week4,Annandale,Week1,252.0 Annandale - 138.0 North Springfield
Oakton ,Week4,Cottontail,Week4,300.0 Oakton - 102.0 Cottontail
Oakton ,Week5,Poplar Tree,Week3,249.0 Oakton - 153.0 Poplar Tree
Oakton ,Week2,Country Club Hills,Week2,326.0 Oakton - 76.0 Country Club Hills
Oakton ,Week4,Cottontail,Week3,311.0 Oakton - 91.0 Cottontail
North Springfield,Week2,Annandale,Week2,238.0 Annandale - 149.0 North Springfield
North Springfield,Week3,Pleasant Valley,Week1,199.0 Pleasant Valley - 194.0 North Springfield
Oakton ,Week3,Poplar Tree,Week5,217.0 Oakton - 185.0 Poplar Tree
North Springfield,Week4,Great Falls,Week1,268.0 Great Falls - 117.0 North Springfield
Oakton ,Week2,Country Club Hills,Week3,331.0 Oakton - 71.0 Country Club Hills
North Springfield,Week1,Pleasant Valley,Week3,232.0 Pleasant Valley - 113.0 North Springfield
North Springfield,Week3,Pinewood Lake,Week5,262.0 North Springfield - 100.0 Pinewood Lake
Oakton ,Week5,Cottontail,Week4,308.0 Oakton - 94.0 Cottontail
Oakton ,Week2,Country Club Hills,Week5,302.0 Oakton - 100.0 Country Club Hills
Oakton ,Week3,Ravensworth Farm,Week3,248.0 Oakton - 154.0 Ravensworth Farm
Oakton ,Week2,Country Club Hills,Week4,316.0 Oakton - 86.0 Country Club Hills
North Springfield,Week3,Pleasant Valley,Week2,204.0 North Springfield - 190.0 Pleasant Valley
North Springfield,Week5,Pinewood Lake,Week4,242.0 North Springfield - 89.0 Pinewood Lake
North Springfield,Week1,Arlington Forest,Week3,285.0 Arlington Forest - 66.0 North Springfield
Oakton ,Week5,Poplar Tree,Week1,243.0 Oakton - 159.0 Poplar Tree
Oakton ,Week2,Country Club Hills,Week1,322.0 Oakton - 80.0 Country Club Hills
North Springfield,Week5,Great Falls,Week4,259.0 Great Falls - 113.0 North Springfield
North Springfield,Week2,Annandale,Week1,219.0 Annandale - 164.0 North Springfield
North Springfield,Week4,Great Falls,Week2,282.0 Great Falls - 84.0 North Springfield
North Springfield,Week5,Annandale,Week3,234.0 Annandale - 140.0 North Springfield
North Springfield,Week2,Pleasant Valley,Week5,188.0 Pleasant Valley - 186.0 North Springfield
North Springfield,Week4,Annandale,Week3,278.0 Annandale - 114.0 North Springfield
North Springfield,Week5,Great Falls,Week2,263.0 Great Falls - 101.0 North Springfield
Oakton ,Week3,Crosspointe,Week2,212.0 Oakton - 190.0 Crosspointe
North Springfield,Week1,Arlington Forest,Week1,313.0 Arlington Forest - 38.0 North Springfield
North Springfield,Week2,Pleasant Valley,Week4,200.0 North Springfield - 180.0 Pleasant Valley
Oakton ,Week1,Country Club Hills,Week4,307.0 Oakton - 95.0 Country Club Hills
Oakton ,Week3,Poplar Tree,Week2,250.0 Oakton - 147.0 Poplar Tree
North Springfield,Week4,Great Falls,Week3,310.0 Great Falls - 81.0 North Springfield
Oakton ,Week1,Ravensworth Farm,Week3,232.0 Oakton - 170.0 Ravensworth Farm
Oakton ,Week3,Poplar Tree,Week3,236.5 Oakton - 165.5 Poplar Tree
North Springfield,Week1,Pleasant Valley,Week5,189.0 Pleasant Valley - 143.0 North Springfield
Oakton ,Week2,Crosspointe,Week4,208.0 Oakton - 194.0 Crosspointe
North Springfield,Week3,Great Falls,Week5,272.0 Great Falls - 120.0 North Springfield
North Springfield,Week1,Arlington Forest,Week5,301.0 Arlington Forest - 49.0 North Springfield
North Springfield,Week3,Pinewood Lake,Week4,270.0 North Springfield - 84.0 Pinewood Lake
Oakton ,Week3,Country Club Hills,Week5,287.0 Oakton - 115.0 Country Club Hills
Oakton ,Week3,Country Club Hills,Week3,305.0 Oakton - 97.0 Country Club Hills
North Springfield,Week4,Annandale,Week4,259.0 Annandale - 131.0 North Springfield
Oakton ,Week1,Ravensworth Farm,Week5,226.0 Oakton - 176.0 Ravensworth Farm
North Springfield,Week5,Annandale,Week1,214.0 Annandale - 159.0 North Springfield
North Springfield,Week3,Annandale,Week4,230.0 Annandale - 165.0 North Springfield
North Springfield,Week1,Greenbriar,Week1,293.0 Greenbriar - 58.0 North Springfield
Oakton ,Week2,Poplar Tree,Week4,263.0 Oakton - 139.0 Poplar Tree
North Springfield,Week1,Pleasant Valley,Week4,193.0 Pleasant Valley - 145.0 North Springfield
North Springfield,Week3,Pleasant Valley,Week4,210.0 North Springfield - 179.0 Pleasant Valley
Oakton ,Week2,Ravensworth Farm,Week3,254.0 Oakton - 148.0 Ravensworth Farm
North Springfield,Week5,Great Falls,Week5,258.0 Great Falls - 112.0 North Springfield
North Springfield,Week1,Greenbriar,Week5,291.5 Greenbriar - 59.5 North Springfield
North Springfield,Week3,Pleasant Valley,Week3,217.0 Pleasant Valley - 177.0 North Springfield
North Springfield,Week2,Greenbriar,Week3,317.0 Greenbriar - 71.0 North Springfield
North Springfield,Week5,Great Falls,Week3,272.0 Great Falls - 101.0 North Springfield
Oakton ,Week3,Country Club Hills,Week4,304.0 Oakton - 98.0 Country Club Hills
Oakton ,Week4,Country Club Hills,Week4,312.5 Oakton - 89.5 Country Club Hills
Oakton ,Week4,Country Club Hills,Week2,312.0 Oakton - 90.0 Country Club Hills
North Springfield,Week3,Pleasant Valley,Week5,197.0 Pleasant Valley - 189.0 North Springfield
Oakton ,Week3,Poplar Tree,Week1,241.0 Oakton - 161.0 Poplar Tree
North Springfield,Week4,Annandale,Week5,269.0 Annandale - 120.0 North Springfield
Oakton ,Week1,Poplar Tree,Week5,207.0 Oakton - 195.0 Poplar Tree
North Springfield,Week3,Annandale,Week1,228.0 Annandale - 168.0 North Springfield
North Springfield,Week3,Greenbriar,Week2,312.0 Greenbriar - 83.0 North Springfield
North Springfield,Week5,Fairfax Station,Week4,307.0 Fairfax Station - 67.0 North Springfield
North Springfield,Week2,Greenbriar,Week2,315.0 Greenbriar - 72.0 North Springfield
North Springfield,Week4,Fairfax Station,Week3,349.0 Fairfax Station - 43.0 North Springfield
North Springfield,Week5,Annandale,Week4,212.0 Annandale - 157.0 North Springfield
North Springfield,Week5,Pinewood Lake,Week5,246.0 North Springfield - 91.0 Pinewood Lake
Oakton ,Week5,Country Club Hills,Week2,316.0 Oakton - 86.0 Country Club Hills
North Springfield,Week5,Fairfax Station,Week3,319.0 Fairfax Station - 55.0 North Springfield
Oakton ,Week3,Country Club Hills,Week2,310.0 Oakton - 92.0 Country Club Hills
Oakton ,Week2,Poplar Tree,Week3,255.0 Oakton - 147.0 Poplar Tree
Oakton ,Week2,Ravensworth Farm,Week2,284.0 Oakton - 118.0 Ravensworth Farm
Oakton ,Week5,Poplar Tree,Week5,233.0 Oakton - 169.0 Poplar Tree
Oakton ,Week1,Crosspointe,Week3,207.0 Crosspointe - 195.0 Oakton
North Springfield,Week1,Arlington Forest,Week4,302.0 Arlington Forest - 49.0 North Springfield
North Springfield,Week3,Arlington Forest,Week2,297.0 Arlington Forest - 98.0 North Springfield
North Springfield,Week4,Pinewood Lake,Week1,256.0 North Springfield - 94.0 Pinewood Lake
North Springfield,Week5,Great Falls,Week1,240.0 Great Falls - 131.0 North Springfield
North Springfield,Week5,Arlington Forest,Week3,260.0 Arlington Forest - 114.0 North Springfield
North Springfield,Week1,Greenbriar,Week2,291.0 Greenbriar - 56.0 North Springfield
Oakton ,Week5,Country Club Hills,Week4,319.0 Oakton - 83.0 Country Club Hills
Oakton ,Week1,Ravensworth Farm,Week4,236.0 Oakton - 166.0 Ravensworth Farm
Oakton ,Week1,Crosspointe,Week4,207.0 Crosspointe - 195.0 Oakton
Oakton ,Week2,Ravensworth Farm,Week1,271.0 Oakton - 131.0 Ravensworth Farm
North Springfield,Week5,Pinewood Lake,Week2,242.0 North Springfield - 91.0 Pinewood Lake
North Springfield,Week4,Pinewood Lake,Week5,235.0 North Springfield - 121.0 Pinewood Lake
Oakton ,Week5,Country Club Hills,Week5,305.0 Oakton - 97.0 Country Club Hills
Oakton ,Week3,Ravensworth Farm,Week1,242.0 Oakton - 160.0 Ravensworth Farm
Oakton ,Week5,Country Club Hills,Week3,321.0 Oakton - 81.0 Country Club Hills
North Springfield,Week4,Pleasant Valley,Week1,217.0 Pleasant Valley - 173.0 North Springfield
North Springfield,Week3,Fairfax Station,Week3,334.0 Fairfax Station - 63.0 North Springfield
North Springfield,Week2,Arlington Forest,Week4,320.0 Arlington Forest - 68.0 North Springfield
North Springfield,Week3,Greenbriar,Week1,311.0 Greenbriar - 85.0 North Springfield
North Springfield,Week4,Pinewood Lake,Week2,235.0 North Springfield - 123.0 Pinewood Lake
North Springfield,Week1,Pleasant Valley,Week1,206.0 Pleasant Valley - 140.0 North Springfield
North Springfield,Week1,Greenbriar,Week4,289.0 Greenbriar - 62.0 North Springfield
North Springfield,Week4,Great Falls,Week5,288.5 Great Falls - 96.5 North Springfield
North Springfield,Week1,Arlington Forest,Week2,303.0 Arlington Forest - 48.0 North Springfield
North Springfield,Week4,Pinewood Lake,Week4,242.0 North Springfield - 109.0 Pinewood Lake
Oakton ,Week4,Poplar Tree,Week4,256.0 Oakton - 146.0 Poplar Tree
North Springfield,Week2,Arlington Forest,Week3,290.0 Arlington Forest - 98.0 North Springfield
Oakton ,Week3,Poplar Tree,Week4,239.0 Oakton - 163.0 Poplar Tree
North Springfield,Week5,Arlington Forest,Week5,285.0 Arlington Forest - 88.0 North Springfield
North Springfield,Week2,Greenbriar,Week1,306.0 Greenbriar - 82.0 North Springfield
Oakton ,Week4,Country Club Hills,Week1,313.0 Oakton - 89.0 Country Club Hills
North Springfield,Week4,Pleasant Valley,Week5,221.0 Pleasant Valley - 158.0 North Springfield
North Springfield,Week4,Pleasant Valley,Week4,205.0 Pleasant Valley - 178.0 North Springfield
North Springfield,Week3,Brandywine,Week5,309.0 Brandywine - 87.0 North Springfield
North Springfield,Week4,Greenbriar,Week2,319.0 Greenbriar - 72.0 North Springfield
North Springfield,Week2,Forest Hollow,Week3,303.0 Forest Hollow - 85.0 North Springfield
Oakton ,Week3,Ravensworth Farm,Week2,275.0 Oakton - 127.0 Ravensworth Farm
North Springfield,Week3,Fairfax Station,Week4,333.0 Fairfax Station - 64.0 North Springfield
Oakton ,Week1,Crosspointe,Week5,231.0 Crosspointe - 171.0 Oakton
Oakton ,Week4,Country Club Hills,Week3,319.0 Oakton - 83.0 Country Club Hills
Oakton ,Week3,Riverside Gardens,Week5,202.0 Oakton - 200.0 Riverside Gardens
Oakton ,Week2,Riverside Gardens,Week2,253.0 Oakton - 149.0 Riverside Gardens
North Springfield,Week3,Fairfax Station,Week2,335.0 Fairfax Station - 62.0 North Springfield
North Springfield,Week5,Pleasant Valley,Week1,195.0 North Springfield - 177.0 Pleasant Valley
North Springfield,Week4,Pleasant Valley,Week3,234.0 Pleasant Valley - 156.0 North Springfield
Oakton ,Week4,Country Club Hills,Week5,294.0 Oakton - 108.0 Country Club Hills
Oakton ,Week2,Ravensworth Farm,Week5,254.0 Oakton - 148.0 Ravensworth Farm
North Springfield,Week3,Arlington Forest,Week1,311.0 Arlington Forest - 86.0 North Springfield
Oakton ,Week5,Country Club Hills,Week1,319.0 Oakton - 83.0 Country Club Hills
Oakton ,Week3,Riverside Gardens,Week3,212.0 Oakton - 190.0 Riverside Gardens
North Springfield,Week4,Arlington Forest,Week4,329.0 Arlington Forest - 62.0 North Springfield
North Springfield,Week4,Greenbriar,Week1,319.0 Greenbriar - 72.0 North Springfield
North Springfield,Week4,Greenbriar,Week4,295.0 Greenbriar - 97.0 North Springfield
North Springfield,Week3,Greenbriar,Week5,296.0 Greenbriar - 96.0 North Springfield
North Springfield,Week2,Hamlet,Week5,351.0 Hamlet - 37.0 North Springfield
North Springfield,Week1,Brandywine,Week2,278.0 Brandywine - 72.0 North Springfield
North Springfield,Week4,Forest Hollow,Week1,306.0 Forest Hollow - 85.0 North Springfield
Oakton ,Week4,Ravensworth Farm,Week2,278.0 Oakton - 124.0 Ravensworth Farm
North Springfield,Week2,Brandywine,Week1,288.0 Brandywine - 95.0 North Springfield
Oakton ,Week4,Ravensworth Farm,Week1,269.0 Oakton - 133.0 Ravensworth Farm
North Springfield,Week1,Poplar Heights,Week2,298.0 Poplar Heights - 53.0 North Springfield
North Springfield,Week1,Hamlet,Week4,310.0 Hamlet - 41.0 North Springfield
Oakton ,Week2,Crosspointe,Week3,201.0 Crosspointe - 201.0 Oakton
Oakton ,Week3,Ravensworth Farm,Week4,238.0 Oakton - 164.0 Ravensworth Farm
North Springfield,Week5,Pleasant Valley,Week2,195.0 North Springfield - 176.0 Pleasant Valley
Oakton ,Week2,Crosspointe,Week2,229.0 Oakton - 173.0 Crosspointe
North Springfield,Week5,Poplar Heights,Week1,275.0 Poplar Heights - 99.0 North Springfield
North Springfield,Week3,Hamlet,Week5,354.0 Hamlet - 43.0 North Springfield
Oakton ,Week3,Country Club Hills,Week1,306.0 Oakton - 96.0 Country Club Hills
North Springfield,Week4,Greenbriar,Week5,305.0 Greenbriar - 82.0 North Springfield
North Springfield,Week3,Poplar Heights,Week1,294.0 Poplar Heights - 102.0 North Springfield
North Springfield,Week2,Brandywine,Week4,302.0 Brandywine - 86.0 North Springfield
Oakton ,Week2,Riverside Gardens,Week5,202.0 Oakton - 200.0 Riverside Gardens
North Springfield,Week5,Fairfax Station,Week5,320.0 Fairfax Station - 54.0 North Springfield
North Springfield,Week3,Hamlet,Week4,328.0 Hamlet - 69.0 North Springfield
North Springfield,Week2,Forest Hollow,Week2,287.0 Forest Hollow - 101.0 North Springfield
Oakton ,Week4,Ravensworth Farm,Week3,246.0 Oakton - 156.0 Ravensworth Farm
North Springfield,Week1,Poplar Tree,Week1,294.0 Poplar Tree - 55.0 North Springfield
North Springfield,Week4,Arlington Forest,Week3,306.0 Arlington Forest - 86.0 North Springfield
North Springfield,Week5,Arlington Forest,Week2,280.0 Arlington Forest - 94.0 North Springfield
North Springfield,Week5,Greenbriar,Week3,276.0 Greenbriar - 97.0 North Springfield
North Springfield,Week2,Forest Hollow,Week4,312.0 Forest Hollow - 76.0 North Springfield
North Springfield,Week2,Forest Hollow,Week1,300.0 Forest Hollow - 88.0 North Springfield
North Springfield,Week3,Brandywine,Week1,283.0 Brandywine - 113.0 North Springfield
North Springfield,Week4,Forest Hollow,Week2,299.0 Forest Hollow - 92.0 North Springfield
Oakton ,Week2,Crosspointe,Week1,208.0 Oakton - 194.0 Crosspointe
North Springfield,Week5,Pleasant Valley,Week5,187.0 North Springfield - 172.0 Pleasant Valley
Oakton ,Week5,Riverside Gardens,Week1,238.0 Oakton - 164.0 Riverside Gardens
North Springfield,Week2,Hamlet,Week1,342.0 Hamlet - 46.0 North Springfield
Oakton ,Week2,Daventry,Week1,365.0 Oakton - 37.0 Daventry
North Springfield,Week4,Poplar Heights,Week3,320.0 Poplar Heights - 72.0 North Springfield
North Springfield,Week5,Fairfax Station,Week1,303.0 Fairfax Station - 70.0 North Springfield
North Springfield,Week3,Brandywine,Week2,269.0 Brandywine - 124.0 North Springfield
North Springfield,Week4,Poplar Heights,Week2,320.0 Poplar Heights - 72.0 North Springfield
North Springfield,Week2,Poplar Heights,Week2,311.0 Poplar Heights - 77.0 North Springfield
North Springfield,Week3,Arlington Forest,Week5,309.0 Arlington Forest - 88.0 North Springfield
Oakton ,Week4,Crosspointe,Week3,201.0 Crosspointe - 201.0 Oakton
Oakton ,Week4,Ravensworth Farm,Week4,248.0 Oakton - 154.0 Ravensworth Farm
North Springfield,Week1,Forest Hollow,Week4,292.0 Forest Hollow - 59.0 North Springfield
North Springfield,Week5,Pleasant Valley,Week4,201.0 North Springfield - 161.0 Pleasant Valley
North Springfield,Week5,Poplar Heights,Week2,278.0 Poplar Heights - 96.0 North Springfield
North Springfield,Week1,Forest Hollow,Week3,289.0 Forest Hollow - 62.0 North Springfield
Oakton ,Week5,Riverside Gardens,Week5,215.0 Oakton - 187.0 Riverside Gardens
North Springfield,Week5,Fairfax Station,Week2,307.0 Fairfax Station - 67.0 North Springfield
North Springfield,Week1,Brandywine,Week3,278.0 Brandywine - 72.0 North Springfield
North Springfield,Week3,Arlington Forest,Week4,311.0 Arlington Forest - 85.0 North Springfield
North Springfield,Week3,Arlington Forest,Week3,283.0 Arlington Forest - 114.0 North Springfield
Oakton ,Week5,Crosspointe,Week4,204.0 Crosspointe - 198.0 Oakton
North Springfield,Week1,Forest Hollow,Week2,276.0 Forest Hollow - 74.0 North Springfield
North Springfield,Week2,Hamlet,Week3,348.0 Hamlet - 39.0 North Springfield
Oakton ,Week2,Riverside Gardens,Week3,232.0 Oakton - 170.0 Riverside Gardens
North Springfield,Week1,Hamlet,Week3,319.0 Hamlet - 30.0 North Springfield
Oakton ,Week5,Ravensworth Farm,Week2,288.0 Oakton - 114.0 Ravensworth Farm
Oakton ,Week1,Crosspointe,Week1,203.0 Oakton - 199.0 Crosspointe
Oakton ,Week3,Ravensworth Farm,Week5,232.0 Oakton - 170.0 Ravensworth Farm
North Springfield,Week3,Hamlet,Week2,346.0 Hamlet - 51.0 North Springfield
Oakton ,Week4,Daventry,Week2,358.0 Oakton - 43.0 Daventry
North Springfield,Week3,Hamlet,Week1,342.0 Hamlet - 55.0 North Springfield
North Springfield,Week4,Brandywine,Week4,307.0 Brandywine - 85.0 North Springfield
Oakton ,Week2,Crosspointe,Week5,223.0 Crosspointe - 179.0 Oakton
North Springfield,Week4,Brandywine,Week3,286.0 Brandywine - 101.0 North Springfield
North Springfield,Week1,Hamlet,Week5,328.0 Hamlet - 23.0 North Springfield
Oakton ,Week3,Crosspointe,Week1,210.0 Crosspointe - 192.0 Oakton
Oakton ,Week1,Riverside Gardens,Week1,221.5 Oakton - 180.5 Riverside Gardens
North Springfield,Week1,Forest Hollow,Week1,288.0 Forest Hollow - 61.0 North Springfield
North Springfield,Week3,Fairfax Station,Week5,346.0 Fairfax Station - 51.0 North Springfield
North Springfield,Week1,Poplar Heights,Week1,293.0 Poplar Heights - 58.0 North Springfield
North Springfield,Week1,Poplar Tree,Week2,279.0 Poplar Tree - 72.0 North Springfield
Oakton ,Week3,Daventry,Week1,349.5 Oakton - 47.5 Daventry
North Springfield,Week5,Hamlet,Week2,319.5 Hamlet - 54.5 North Springfield
Oakton ,Week1,Crosspointe,Week2,203.0 Oakton - 199.0 Crosspointe
North Springfield,Week5,Greenbriar,Week5,273.0 Greenbriar - 97.0 North Springfield
Oakton ,Week3,Riverside Gardens,Week2,254.0 Oakton - 148.0 Riverside Gardens
North Springfield,Week4,Arlington Forest,Week2,315.0 Arlington Forest - 76.0 North Springfield
North Springfield,Week3,Fairfax Station,Week1,325.0 Fairfax Station - 72.0 North Springfield
North Springfield,Week1,Poplar Heights,Week5,307.0 Poplar Heights - 43.0 North Springfield
North Springfield,Week4,Fairfax Station,Week1,338.0 Fairfax Station - 54.0 North Springfield
North Springfield,Week2,Brandywine,Week5,304.0 Brandywine - 84.0 North Springfield
Oakton ,Week5,Ravensworth Farm,Week5,251.0 Oakton - 151.0 Ravensworth Farm
Oakton ,Week3,Riverside Gardens,Week1,226.5 Oakton - 175.5 Riverside Gardens
Oakton ,Week1,Daventry,Week1,353.0 Oakton - 49.0 Daventry
Oakton ,Week5,Ravensworth Farm,Week3,262.0 Oakton - 140.0 Ravensworth Farm
North Springfield,Week3,Brandywine,Week3,277.0 Brandywine - 114.0 North Springfield
North Springfield,Week4,Fairfax Station,Week5,356.0 Fairfax Station - 36.0 North Springfield
Oakton ,Week5,Crosspointe,Week5,217.0 Crosspointe - 185.0 Oakton
Oakton ,Week1,Daventry,Week4,359.5 Oakton - 42.5 Daventry
Oakton ,Week1,Daventry,Week2,355.0 Oakton - 46.0 Daventry
North Springfield,Week2,Poplar Heights,Week4,324.5 Poplar Heights - 63.5 North Springfield
North Springfield,Week2,Forest Hollow,Week5,312.0 Forest Hollow - 76.0 North Springfield
North Springfield,Week4,Hamlet,Week1,355.0 Hamlet - 37.0 North Springfield
North Springfield,Week2,Poplar Heights,Week1,309.0 Poplar Heights - 79.0 North Springfield
North Springfield,Week4,Fairfax Station,Week2,338.0 Fairfax Station - 54.0 North Springfield
North Springfield,Week1,Hayfield Farm,Week2,300.0 Hayfield Farm - 51.0 North Springfield
North Springfield,Week5,Pleasant Valley,Week3,191.0 Pleasant Valley - 181.0 North Springfield
North Springfield,Week2,Hamlet,Week4,335.0 Hamlet - 53.0 North Springfield
North Springfield,Week3,Brandywine,Week4,306.0 Brandywine - 91.0 North Springfield
North Springfield,Week2,Brandywine,Week3,285.0 Brandywine - 102.0 North Springfield
North Springfield,Week4,Hamlet,Week3,353.0 Hamlet - 38.0 North Springfield
North Springfield,Week4,Arlington Forest,Week5,321.0 Arlington Forest - 71.0 North Springfield
Oakton ,Week5,Ravensworth Farm,Week1,277.0 Oakton - 125.0 Ravensworth Farm
Oakton ,Week3,Daventry,Week2,356.0 Oakton - 46.0 Daventry
North Springfield,Week4,Poplar Heights,Week1,308.0 Poplar Heights - 83.0 North Springfield
North Springfield,Week1,Hamlet,Week1,318.0 Hamlet - 32.0 North Springfield
Oakton ,Week2,Daventry,Week2,365.0 Oakton - 37.0 Daventry
North Springfield,Week3,Forest Hollow,Week2,287.0 Forest Hollow - 110.0 North Springfield
Oakton ,Week5,Ravensworth Farm,Week4,262.0 Oakton - 140.0 Ravensworth Farm
North Springfield,Week5,Greenbriar,Week4,265.0 Greenbriar - 109.0 North Springfield
Oakton ,Week4,Ravensworth Farm,Week5,239.0 Oakton - 163.0 Ravensworth Farm
North Springfield,Week1,Forest Hollow,Week5,299.0 Forest Hollow - 52.0 North Springfield
North Springfield,Week3,Poplar Heights,Week3,304.0 Poplar Heights - 93.0 North Springfield
North Springfield,Week2,Poplar Heights,Week3,317.0 Poplar Heights - 71.0 North Springfield
Oakton ,Week1,Riverside Gardens,Week2,236.0 Oakton - 166.0 Riverside Gardens
North Springfield,Week3,Forest Hollow,Week1,296.0 Forest Hollow - 100.0 North Springfield
North Springfield,Week5,Hamlet,Week1,312.0 Hamlet - 56.0 North Springfield
Newington Forest,Week2,Sleepy Hollow Rec,Week5,256.0 Sleepy Hollow Rec - 144.0 Newington Forest
Oakton ,Week4,Crosspointe,Week1,203.0 Oakton - 199.0 Crosspointe
North Springfield,Week4,Fairfax Station,Week4,334.0 Fairfax Station - 58.0 North Springfield
North Springfield,Week5,Arlington Forest,Week4,290.0 Arlington Forest - 84.0 North Springfield
Oakton ,Week5,Crosspointe,Week3,209.0 Oakton - 193.0 Crosspointe
North Springfield,Week5,Arlington Forest,Week1,295.0 Arlington Forest - 79.0 North Springfield
North Springfield,Week4,Arlington Forest,Week1,325.0 Arlington Forest - 67.0 North Springfield
North Springfield,Week2,Poplar Heights,Week5,325.0 Poplar Heights - 63.0 North Springfield
Oakton ,Week3,Crosspointe,Week4,203.0 Crosspointe - 199.0 Oakton
North Springfield,Week3,Poplar Heights,Week2,293.0 Poplar Heights - 102.0 North Springfield
North Springfield,Week5,Greenbriar,Week2,281.0 Greenbriar - 89.0 North Springfield
Oakton ,Week1,Riverside Gardens,Week5,207.5 Riverside Gardens - 194.5 Oakton
North Springfield,Week4,Brandywine,Week1,291.0 Brandywine - 100.0 North Springfield
North Springfield,Week1,Brandywine,Week1,284.0 Brandywine - 67.0 North Springfield
North Springfield,Week1,Brandywine,Week5,294.0 Brandywine - 57.0 North Springfield
North Springfield,Week4,Brandywine,Week2,283.0 Brandywine - 105.0 North Springfield
North Springfield,Week3,Poplar Heights,Week4,318.0 Poplar Heights - 78.0 North Springfield
North Springfield,Week3,Forest Hollow,Week4,308.0 Forest Hollow - 88.0 North Springfield
Newington Forest,Week1,Sleepy Hollow Rec,Week5,246.0 Sleepy Hollow Rec - 155.0 Newington Forest
North Springfield,Week5,Greenbriar,Week1,282.0 Greenbriar - 92.0 North Springfield
North Springfield,Week3,Forest Hollow,Week3,298.0 Forest Hollow - 99.0 North Springfield
Oakton ,Week1,Riverside Gardens,Week4,203.0 Riverside Gardens - 199.0 Oakton
North Springfield,Week1,Poplar Heights,Week3,306.0 Poplar Heights - 44.0 North Springfield
North Springfield,Week2,Hamlet,Week2,354.5 Hamlet - 33.5 North Springfield
North Springfield,Week4,Hamlet,Week4,336.0 Hamlet - 55.0 North Springfield
Oakton ,Week3,Crosspointe,Week3,208.0 Crosspointe - 189.0 Oakton
North Springfield,Week4,Poplar Heights,Week4,325.0 Poplar Heights - 66.0 North Springfield
Oakton ,Week2,Riverside Gardens,Week1,245.0 Oakton - 157.0 Riverside Gardens
Newington Forest,Week4,Sleepy Hollow Rec,Week2,209.0 Sleepy Hollow Rec - 193.0 Newington Forest
Oakton ,Week3,Daventry,Week5,329.0 Oakton - 73.0 Daventry
Oakton ,Week4,Crosspointe,Week2,216.0 Oakton - 186.0 Crosspointe
Oakton ,Week1,Riverside Gardens,Week3,213.5 Oakton - 188.5 Riverside Gardens
Newington Forest,Week1,Sleepy Hollow Rec,Week1,227.0 Sleepy Hollow Rec - 175.0 Newington Forest
North Springfield,Week5,Forest Hollow,Week4,268.0 Forest Hollow - 106.0 North Springfield
North Springfield,Week1,Brandywine,Week4,289.0 Brandywine - 61.0 North Springfield
North Springfield,Week1,Poplar Heights,Week4,303.5 Poplar Heights - 46.5 North Springfield
Newington Forest,Week5,Sleepy Hollow Rec,Week2,206.0 Newington Forest - 196.0 Sleepy Hollow Rec
North Springfield,Week4,Fox Hunt,Week3,304.0 Fox Hunt - 87.0 North Springfield
Newington Forest,Week5,Sleepy Hollow B & R,Week5,313.0 Sleepy Hollow B & R - 89.0 Newington Forest
Oakton ,Week4,Crosspointe,Week5,224.0 Crosspointe - 178.0 Oakton
North Springfield,Week4,Hamlet,Week2,361.0 Hamlet - 31.0 North Springfield
North Springfield,Week2,Brandywine,Week2,280.0 Brandywine - 107.0 North Springfield
North Springfield,Week4,Poplar Heights,Week5,324.0 Poplar Heights - 68.0 North Springfield
North Springfield,Week4,Forest Hollow,Week3,317.0 Forest Hollow - 75.0 North Springfield
Oakton ,Week3,Riverside Gardens,Week4,208.0 Riverside Gardens - 194.0 Oakton
Oakton ,Week1,Daventry,Week5,338.0 Oakton - 59.0 Daventry
Oakton ,Week4,Riverside Gardens,Week1,244.0 Oakton - 158.0 Riverside Gardens
North Springfield,Week3,Hamlet,Week3,344.0 Hamlet - 52.0 North Springfield
North Springfield,Week3,Poplar Heights,Week5,310.0 Poplar Heights - 86.0 North Springfield
North Springfield,Week3,Forest Hollow,Week5,312.0 Forest Hollow - 84.0 North Springfield
Newington Forest,Week1,Sleepy Hollow Rec,Week4,227.0 Sleepy Hollow Rec - 174.0 Newington Forest
North Springfield,Week1,Hamlet,Week2,325.0 Hamlet - 26.0 North Springfield
North Springfield,Week3,Fox Hunt,Week4,286.0 Fox Hunt - 110.0 North Springfield
Oakton ,Week3,Crosspointe,Week5,224.0 Crosspointe - 178.0 Oakton
Oakton ,Week4,Riverside Gardens,Week2,257.5 Oakton - 144.5 Riverside Gardens
North Springfield,Week4,Bren Mar-Edsall Park,Week3,211.0 North Springfield - 176.0 Bren Mar-Edsall Park
Oakton ,Week2,Riverside Gardens,Week4,206.0 Oakton - 196.0 Riverside Gardens
Newington Forest,Week2,Sleepy Hollow Rec,Week2,246.0 Sleepy Hollow Rec - 155.0 Newington Forest
Oakton ,Week1,Daventry,Week3,349.0 Oakton - 53.0 Daventry
North Springfield,Week5,Poplar Heights,Week4,292.0 Poplar Heights - 81.0 North Springfield
North Springfield,Week3,Bren Mar-Edsall Park,Week5,227.0 North Springfield - 163.0 Bren Mar-Edsall Park
North Springfield,Week2,Poplar Tree,Week5,319.0 Poplar Tree - 68.0 North Springfield
North Springfield,Week2,Bren Mar-Edsall Park,Week1,248.0 North Springfield - 133.0 Bren Mar-Edsall Park
North Springfield,Week5,Forest Hollow,Week2,255.0 Forest Hollow - 119.0 North Springfield
North Springfield,Week5,Brandywine,Week1,273.0 Brandywine - 100.0 North Springfield
North Springfield,Week5,Poplar Heights,Week3,285.0 Poplar Heights - 88.0 North Springfield
Oakton ,Week4,Riverside Gardens,Week5,201.0 Oakton - 201.0 Riverside Gardens
Newington Forest,Week3,Sleepy Hollow Rec,Week1,220.0 Sleepy Hollow Rec - 182.0 Newington Forest
North Springfield,Week5,Hamlet,Week4,306.0 Hamlet - 68.0 North Springfield
Oakton ,Week4,Crosspointe,Week4,202.0 Crosspointe - 200.0 Oakton
Oakton ,Week4,Riverside Gardens,Week3,231.0 Oakton - 171.0 Riverside Gardens
North Springfield,Week5,Fox Hunt,Week1,262.0 Fox Hunt - 112.0 North Springfield
North Springfield,Week5,Fox Hunt,Week3,260.0 Fox Hunt - 114.0 North Springfield
Newington Forest,Week4,Sleepy Hollow Rec,Week1,208.0 Sleepy Hollow Rec - 194.0 Newington Forest
North Springfield,Week5,Hamlet,Week5,323.0 Hamlet - 51.0 North Springfield
North Springfield,Week3,Fox Hunt,Week5,312.0 Fox Hunt - 84.0 North Springfield
Oakton ,Week2,Daventry,Week3,364.0 Oakton - 38.0 Daventry
North Springfield,Week5,Poplar Heights,Week5,286.0 Poplar Heights - 87.0 North Springfield
Newington Forest,Week4,Sleepy Hollow Rec,Week3,238.5 Sleepy Hollow Rec - 163.5 Newington Forest
Oakton ,Week4,Riverside Gardens,Week4,201.5 Riverside Gardens - 200.5 Oakton
Oakton ,Week5,Crosspointe,Week1,212.0 Oakton - 190.0 Crosspointe
North Springfield,Week4,Hamlet,Week5,349.0 Hamlet - 43.0 North Springfield
North Springfield,Week1,Hayfield Farm,Week1,285.0 Hayfield Farm - 66.0 North Springfield
Newington Forest,Week1,Sleepy Hollow Rec,Week3,245.0 Sleepy Hollow Rec - 157.0 Newington Forest
North Springfield,Week3,Fox Hunt,Week3,294.0 Fox Hunt - 102.0 North Springfield
Oakton ,Week5,Riverside Gardens,Week4,212.0 Oakton - 190.0 Riverside Gardens
Newington Forest,Week2,Sleepy Hollow Rec,Week3,262.0 Sleepy Hollow Rec - 139.0 Newington Forest
North Springfield,Week1,Herndon,Week3,207.0 Herndon - 142.0 North Springfield
Oakton ,Week1,Rolling Forest,Week1,277.0 Oakton - 125.0 Rolling Forest
North Springfield,Week3,Fox Hunt,Week1,281.0 Fox Hunt - 115.0 North Springfield
North Springfield,Week4,Poplar Tree,Week3,309.0 Poplar Tree - 79.0 North Springfield
North Springfield,Week1,Bren Mar-Edsall Park,Week1,184.0 North Springfield - 155.0 Bren Mar-Edsall Park
North Springfield,Week4,Hayfield Farm,Week5,307.0 Hayfield Farm - 85.0 North Springfield
North Springfield,Week1,Herndon,Week1,188.0 Herndon - 147.0 North Springfield
Oakton ,Week2,Daventry,Week4,371.0 Oakton - 31.0 Daventry
North Springfield,Week1,Brookfield ,Week3,294.0 Brookfield - 57.0 North Springfield
Oakton ,Week5,Riverside Gardens,Week2,261.0 Oakton - 141.0 Riverside Gardens
Oakton ,Week5,Crosspointe,Week2,220.0 Oakton - 182.0 Crosspointe
North Springfield,Week3,Poplar Tree,Week5,322.0 Poplar Tree - 73.0 North Springfield
North Springfield,Week1,Bren Mar-Edsall Park,Week3,179.0 North Springfield - 168.0 Bren Mar-Edsall Park
North Springfield,Week1,Brookfield ,Week1,303.0 Brookfield - 48.0 North Springfield
North Springfield,Week5,Hamlet,Week3,319.0 Hamlet - 53.0 North Springfield
Oakton ,Week3,Daventry,Week3,351.0 Oakton - 51.0 Daventry
North Springfield,Week5,Bren Mar-Edsall Park,Week4,212.0 North Springfield - 152.0 Bren Mar-Edsall Park
North Springfield,Week4,Forest Hollow,Week5,322.0 Forest Hollow - 69.0 North Springfield
North Springfield,Week2,Poplar Tree,Week1,307.0 Poplar Tree - 79.0 North Springfield
Newington Forest,Week2,Sleepy Hollow Rec,Week4,234.0 Sleepy Hollow Rec - 167.0 Newington Forest
Oakton ,Week5,Riverside Gardens,Week3,233.0 Oakton - 169.0 Riverside Gardens
North Springfield,Week5,Fox Hunt,Week4,258.0 Fox Hunt - 115.0 North Springfield
North Springfield,Week1,Poplar Tree,Week3,299.0 Poplar Tree - 52.0 North Springfield
Oakton ,Week2,Daventry,Week5,340.0 Oakton - 57.0 Daventry
Newington Forest,Week5,Sleepy Hollow B & R,Week3,287.0 Sleepy Hollow B & R - 115.0 Newington Forest
North Springfield,Week2,Herndon,Week1,194.0 North Springfield - 182.0 Herndon
Oakton ,Week3,Rolling Forest,Week4,281.0 Oakton - 121.0 Rolling Forest
Oakton ,Week4,Daventry,Week1,358.0 Oakton - 44.0 Daventry
North Springfield,Week2,Hayfield Farm,Week2,297.0 Hayfield Farm - 91.0 North Springfield
North Springfield,Week4,Brandywine,Week5,305.0 Brandywine - 86.0 North Springfield
Newington Forest,Week4,Sleepy Hollow Rec,Week4,203.0 Sleepy Hollow Rec - 199.0 Newington Forest
Newington Forest,Week2,Sleepy Hollow Rec,Week1,239.0 Sleepy Hollow Rec - 163.0 Newington Forest
Newington Forest,Week3,Sleepy Hollow Rec,Week5,242.0 Sleepy Hollow Rec - 160.0 Newington Forest
North Springfield,Week3,Poplar Tree,Week2,282.0 Poplar Tree - 114.0 North Springfield
North Springfield,Week1,Fox Hunt,Week3,281.0 Fox Hunt - 69.0 North Springfield
North Springfield,Week1,Bren Mar-Edsall Park,Week2,196.0 North Springfield - 150.0 Bren Mar-Edsall Park
North Springfield,Week2,Hayfield Farm,Week1,293.0 Hayfield Farm - 95.0 North Springfield
Oakton ,Week4,Daventry,Week3,355.0 Oakton - 47.0 Daventry
North Springfield,Week3,Poplar Tree,Week1,293.0 Poplar Tree - 99.0 North Springfield
Oakton ,Week4,Rolling Forest,Week1,282.0 Oakton - 120.0 Rolling Forest
Newington Forest,Week5,Sleepy Hollow B & R,Week4,302.0 Sleepy Hollow B & R - 100.0 Newington Forest
North Springfield,Week5,Poplar Tree,Week1,273.0 Poplar Tree - 98.0 North Springfield
Oakton ,Week4,Daventry,Week5,342.0 Oakton - 60.0 Daventry
North Springfield,Week4,Poplar Tree,Week1,312.0 Poplar Tree - 75.0 North Springfield
Newington Forest,Week3,Sleepy Hollow Rec,Week3,246.0 Sleepy Hollow Rec - 156.0 Newington Forest
Oakton ,Week5,Rolling Forest,Week5,283.0 Oakton - 119.0 Rolling Forest
Oakton ,Week3,Daventry,Week4,364.0 Oakton - 38.0 Daventry
North Springfield,Week5,Poplar Tree,Week2,255.0 Poplar Tree - 118.0 North Springfield
North Springfield,Week1,Fox Hunt,Week5,302.0 Fox Hunt - 48.0 North Springfield
North Springfield,Week5,Brandywine,Week2,261.0 Brandywine - 111.0 North Springfield
Oakton ,Week5,Daventry,Week1,363.0 Oakton - 39.0 Daventry
North Springfield,Week1,Hayfield Farm,Week4,289.0 Hayfield Farm - 62.0 North Springfield
Oakton ,Week4,Daventry,Week4,373.0 Oakton - 29.0 Daventry
North Springfield,Week3,Poplar Tree,Week4,294.0 Poplar Tree - 98.0 North Springfield
North Springfield,Week5,Brandywine,Week5,273.0 Brandywine - 101.0 North Springfield
North Springfield,Week3,Bren Mar-Edsall Park,Week1,262.0 North Springfield - 125.0 Bren Mar-Edsall Park
North Springfield,Week1,Hayfield Farm,Week5,289.0 Hayfield Farm - 62.0 North Springfield
Newington Forest,Week3,Sleepy Hollow Rec,Week4,222.0 Sleepy Hollow Rec - 180.0 Newington Forest
North Springfield,Week5,Hayfield Farm,Week3,285.0 Hayfield Farm - 89.0 North Springfield
Oakton ,Week2,Rolling Forest,Week2,285.0 Oakton - 112.0 Rolling Forest
Newington Forest,Week1,Sleepy Hollow Rec,Week2,225.0 Sleepy Hollow Rec - 176.0 Newington Forest
Oakton ,Week2,Rolling Forest,Week1,290.0 Oakton - 112.0 Rolling Forest
North Springfield,Week3,Poplar Tree,Week3,305.0 Poplar Tree - 88.0 North Springfield
North Springfield,Week4,Forest Hollow,Week4,316.0 Forest Hollow - 75.0 North Springfield
North Springfield,Week1,Bren Mar-Edsall Park,Week4,174.0 Bren Mar-Edsall Park - 167.0 North Springfield
North Springfield,Week2,Herndon,Week4,198.0 Herndon - 185.0 North Springfield
North Springfield,Week5,Forest Hollow,Week1,260.0 Forest Hollow - 113.0 North Springfield
North Springfield,Week2,Fox Hunt,Week4,288.0 Fox Hunt - 100.0 North Springfield
Oakton ,Week5,Daventry,Week2,370.0 Oakton - 32.0 Daventry
North Springfield,Week5,Forest Hollow,Week5,280.0 Forest Hollow - 94.0 North Springfield
North Springfield,Week1,Bren Mar-Edsall Park,Week5,173.0 Bren Mar-Edsall Park - 168.0 North Springfield
Newington Forest,Week5,Sleepy Hollow Rec,Week3,224.0 Sleepy Hollow Rec - 178.0 Newington Forest
North Springfield,Week3,Herndon,Week4,197.0 North Springfield - 193.0 Herndon
Oakton ,Week4,Rolling Forest,Week2,289.5 Oakton - 112.5 Rolling Forest
North Springfield,Week1,Fox Hunt,Week2,288.0 Fox Hunt - 61.0 North Springfield
Oakton ,Week3,Rolling Forest,Week1,268.0 Oakton - 134.0 Rolling Forest
North Springfield,Week2,Bren Mar-Edsall Park,Week5,227.0 North Springfield - 155.0 Bren Mar-Edsall Park
Newington Forest,Week5,Sleepy Hollow Rec,Week1,206.0 Newington Forest - 191.0 Sleepy Hollow Rec
Oakton ,Week2,Rolling Forest,Week3,275.0 Oakton - 127.0 Rolling Forest
North Springfield,Week2,Poplar Tree,Week3,312.0 Poplar Tree - 75.0 North Springfield
North Springfield,Week3,Hayfield Farm,Week4,288.0 Hayfield Farm - 109.0 North Springfield
Oakton ,Week5,Daventry,Week4,374.0 Oakton - 28.0 Daventry
North Springfield,Week2,Bren Mar-Edsall Park,Week4,222.0 North Springfield - 162.0 Bren Mar-Edsall Park
North Springfield,Week2,Fox Hunt,Week2,294.0 Fox Hunt - 93.0 North Springfield
North Springfield,Week4,Poplar Tree,Week4,299.0 Poplar Tree - 88.0 North Springfield
North Springfield,Week1,Fox Hunt,Week1,287.0 Fox Hunt - 63.0 North Springfield
North Springfield,Week2,Hayfield Farm,Week5,307.0 Hayfield Farm - 81.0 North Springfield
Oakton ,Week3,Rolling Forest,Week5,263.0 Oakton - 139.0 Rolling Forest
North Springfield,Week1,Hayfield Farm,Week3,297.0 Hayfield Farm - 53.0 North Springfield
North Springfield,Week5,Poplar Tree,Week3,277.0 Poplar Tree - 97.0 North Springfield
North Springfield,Week5,Poplar Tree,Week5,285.0 Poplar Tree - 88.0 North Springfield
Newington Forest,Week4,Sleepy Hollow Rec,Week5,212.0 Sleepy Hollow Rec - 190.0 Newington Forest
Oakton ,Week5,Daventry,Week3,359.0 Oakton - 43.0 Daventry
North Springfield,Week5,Forest Hollow,Week3,265.0 Forest Hollow - 109.0 North Springfield
North Springfield,Week3,Bren Mar-Edsall Park,Week2,263.0 North Springfield - 130.0 Bren Mar-Edsall Park
Oakton ,Week2,Dominion Hills,Week2,282.0 Oakton - 120.0 Dominion Hills
North Springfield,Week5,Hayfield Farm,Week5,274.0 Hayfield Farm - 100.0 North Springfield
North Springfield,Week5,Hayfield Farm,Week1,260.0 Hayfield Farm - 114.0 North Springfield
North Springfield,Week4,Bren Mar-Edsall Park,Week1,237.0 North Springfield - 144.0 Bren Mar-Edsall Park
Newington Forest,Week3,Sleepy Hollow Rec,Week2,222.0 Sleepy Hollow Rec - 180.0 Newington Forest
Oakton ,Week4,Dominion Hills,Week4,250.0 Oakton - 152.0 Dominion Hills
North Springfield,Week5,Poplar Tree,Week4,254.0 Poplar Tree - 119.0 North Springfield
North Springfield,Week3,Fox Hunt,Week2,289.0 Fox Hunt - 106.0 North Springfield
North Springfield,Week2,Fox Hunt,Week5,314.5 Fox Hunt - 73.5 North Springfield
Oakton ,Week2,Dominion Hills,Week3,298.0 Oakton - 104.0 Dominion Hills
North Springfield,Week2,Fox Hunt,Week1,283.0 Fox Hunt - 105.0 North Springfield
North Springfield,Week3,Bren Mar-Edsall Park,Week3,236.0 North Springfield - 156.0 Bren Mar-Edsall Park
Oakton ,Week1,Rolling Forest,Week5,264.0 Oakton - 138.0 Rolling Forest
Oakton ,Week3,Rolling Forest,Week2,270.5 Oakton - 131.5 Rolling Forest
North Springfield,Week4,Poplar Tree,Week5,330.0 Poplar Tree - 60.0 North Springfield
North Springfield,Week5,Hayfield Farm,Week4,265.0 Hayfield Farm - 109.0 North Springfield
Oakton ,Week1,Rolling Forest,Week4,291.0 Oakton - 111.0 Rolling Forest
North Springfield,Week3,Bren Mar-Edsall Park,Week4,232.0 North Springfield - 157.0 Bren Mar-Edsall Park
Oakton ,Week1,Donaldson Run,Week3,216.0 Donaldson Run - 186.0 Oakton
North Springfield,Week5,Brandywine,Week4,271.0 Brandywine - 103.0 North Springfield
North Springfield,Week2,Poplar Tree,Week2,291.0 Poplar Tree - 97.0 North Springfield
North Springfield,Week2,Bren Mar-Edsall Park,Week2,252.0 North Springfield - 135.0 Bren Mar-Edsall Park
North Springfield,Week3,Hayfield Farm,Week1,287.0 Hayfield Farm - 110.0 North Springfield
North Springfield,Week2,Fox Hunt,Week3,305.0 Fox Hunt - 83.0 North Springfield
Oakton ,Week5,Rolling Forest,Week3,283.0 Oakton - 119.0 Rolling Forest
Oakton ,Week3,Dominion Hills,Week3,272.0 Oakton - 130.0 Dominion Hills
North Springfield,Week1,Fox Hunt,Week4,283.0 Fox Hunt - 66.0 North Springfield
Oakton ,Week5,Rolling Forest,Week2,297.0 Oakton - 100.0 Rolling Forest
North Springfield,Week4,Poplar Tree,Week2,299.0 Poplar Tree - 87.0 North Springfield
Oakton ,Week1,Donaldson Run,Week1,210.0 Donaldson Run - 192.0 Oakton
North Springfield,Week5,Bren Mar-Edsall Park,Week3,224.0 North Springfield - 148.0 Bren Mar-Edsall Park
North Springfield,Week4,Hayfield Farm,Week3,308.0 Hayfield Farm - 82.0 North Springfield
Oakton ,Week1,Dominion Hills,Week4,238.0 Oakton - 164.0 Dominion Hills
Oakton ,Week2,Dominion Hills,Week4,257.0 Oakton - 145.0 Dominion Hills
Oakton ,Week4,Rolling Forest,Week3,273.0 Oakton - 129.0 Rolling Forest
North Springfield,Week4,Bren Mar-Edsall Park,Week4,205.0 North Springfield - 177.0 Bren Mar-Edsall Park
North Springfield,Week4,Hayfield Farm,Week1,304.0 Hayfield Farm - 88.0 North Springfield
Oakton ,Week5,Rolling Forest,Week4,305.0 Oakton - 97.0 Rolling Forest
Oakton ,Week1,Rolling Forest,Week3,270.0 Oakton - 132.0 Rolling Forest
North Springfield,Week4,Fox Hunt,Week2,293.0 Fox Hunt - 91.0 North Springfield
North Springfield,Week5,Fox Hunt,Week2,262.0 Fox Hunt - 111.0 North Springfield
North Springfield,Week2,Dowden Terrace,Week4,286.0 Dowden Terrace - 102.0 North Springfield
North Springfield,Week2,Poplar Tree,Week4,285.0 Poplar Tree - 101.0 North Springfield
Oakton ,Week3,Dominion Hills,Week1,277.0 Oakton - 120.0 Dominion Hills
North Springfield,Week5,Bren Mar-Edsall Park,Week2,252.0 North Springfield - 120.0 Bren Mar-Edsall Park
Oakton ,Week2,Dominion Hills,Week5,251.0 Oakton - 151.0 Dominion Hills
North Springfield,Week4,Fox Hunt,Week5,317.0 Fox Hunt - 73.0 North Springfield
North Springfield,Week5,Donaldson Run,Week3,321.0 Donaldson Run - 53.0 North Springfield
North Springfield,Week5,Brandywine,Week3,254.0 Brandywine - 114.0 North Springfield
North Springfield,Week4,Hayfield Farm,Week4,299.0 Hayfield Farm - 93.0 North Springfield
North Springfield,Week4,Fox Hunt,Week1,293.0 Fox Hunt - 94.0 North Springfield
Oakton ,Week2,Rolling Forest,Week4,292.0 Oakton - 110.0 Rolling Forest
North Springfield,Week1,Poplar Tree,Week5,295.0 Poplar Tree - 54.0 North Springfield
North Springfield,Week2,Bren Mar-Edsall Park,Week3,235.0 North Springfield - 151.0 Bren Mar-Edsall Park
Oakton ,Week1,Dominion Hills,Week1,286.0 Oakton - 116.0 Dominion Hills
North Springfield,Week5,Donaldson Run,Week5,323.0 Donaldson Run - 51.0 North Springfield
Oakton ,Week5,Rolling Forest,Week1,294.0 Oakton - 108.0 Rolling Forest
North Springfield,Week4,Bren Mar-Edsall Park,Week5,206.0 North Springfield - 179.0 Bren Mar-Edsall Park
North Springfield,Week3,Hayfield Farm,Week5,296.0 Hayfield Farm - 101.0 North Springfield
North Springfield,Week2,Hayfield Farm,Week3,297.0 Hayfield Farm - 86.0 North Springfield
Oakton ,Week2,Rolling Forest,Week5,276.0 Oakton - 126.0 Rolling Forest
North Springfield,Week4,Fox Hunt,Week4,301.0 Fox Hunt - 89.0 North Springfield
Oakton ,Week3,Rolling Forest,Week3,260.0 Oakton - 142.0 Rolling Forest
North Springfield,Week3,Hayfield Farm,Week3,293.0 Hayfield Farm - 104.0 North Springfield
North Springfield,Week4,Bren Mar-Edsall Park,Week2,244.0 North Springfield - 140.0 Bren Mar-Edsall Park
Oakton ,Week4,Dominion Hills,Week2,281.0 Oakton - 121.0 Dominion Hills
North Springfield,Week4,Hayfield Farm,Week2,311.0 Hayfield Farm - 81.0 North Springfield
Oakton ,Week4,Rolling Forest,Week4,301.0 Oakton - 101.0 Rolling Forest
North Springfield,Week1,Poplar Tree,Week4,281.0 Poplar Tree - 69.0 North Springfield
Oakton ,Week1,Dominion Hills,Week3,287.0 Oakton - 115.0 Dominion Hills
Oakton ,Week4,Dominion Hills,Week3,291.5 Oakton - 110.5 Dominion Hills
North Springfield,Week3,Hayfield Farm,Week2,290.0 Hayfield Farm - 107.0 North Springfield
North Springfield,Week2,Hayfield Farm,Week4,297.0 Hayfield Farm - 91.0 North Springfield
Oakton ,Week5,Daventry,Week5,348.0 Oakton - 49.0 Daventry
North Springfield,Week5,Bren Mar-Edsall Park,Week1,232.0 North Springfield - 131.0 Bren Mar-Edsall Park
Oakton ,Week4,Rolling Forest,Week5,275.0 Oakton - 127.0 Rolling Forest
North Springfield,Week3,Donaldson Run,Week2,335.0 Donaldson Run - 61.0 North Springfield
North Springfield,Week1,Herndon,Week4,215.0 Herndon - 132.0 North Springfield
North Springfield,Week5,Bren Mar-Edsall Park,Week5,218.0 North Springfield - 142.0 Bren Mar-Edsall Park
North Springfield,Week3,Donaldson Run,Week4,345.0 Donaldson Run - 51.0 North Springfield
North Springfield,Week1,Dowden Terrace,Week4,285.0 Dowden Terrace - 66.0 North Springfield
North Springfield,Week5,Hayfield Farm,Week2,280.0 Hayfield Farm - 94.0 North Springfield
North Springfield,Week2,Herndon,Week2,191.0 Herndon - 190.0 North Springfield
Oakton ,Week4,Dominion Hills,Week5,250.0 Oakton - 152.0 Dominion Hills
North Springfield,Week1,Brookfield ,Week5,296.5 Brookfield - 54.5 North Springfield
North Springfield,Week1,Brookfield ,Week2,293.0 Brookfield - 58.0 North Springfield
Oakton ,Week1,Rolling Forest,Week2,288.0 Oakton - 114.0 Rolling Forest
North Springfield,Week2,Brookfield ,Week1,309.0 Brookfield - 79.0 North Springfield
North Springfield,Week4,Donaldson Run,Week2,350.0 Donaldson Run - 41.0 North Springfield
North Springfield,Week2,Herndon,Week3,195.0 North Springfield - 190.0 Herndon
North Springfield,Week1,Dowden Terrace,Week3,291.0 Dowden Terrace - 60.0 North Springfield
Oakton ,Week5,Dominion Hills,Week1,306.0 Oakton - 96.0 Dominion Hills
North Springfield,Week1,Herndon,Week2,200.0 Herndon - 140.0 North Springfield
Oakton ,Week5,Dominion Hills,Week2,293.0 Oakton - 109.0 Dominion Hills
North Springfield,Week1,Herndon,Week5,209.0 Herndon - 133.0 North Springfield
Oakton ,Week3,Dominion Hills,Week2,267.0 Oakton - 135.0 Dominion Hills
North Springfield,Week4,Donaldson Run,Week3,358.0 Donaldson Run - 34.0 North Springfield
North Springfield,Week1,Brookfield ,Week4,306.0 Brookfield - 45.0 North Springfield
Oakton ,Week4,Dominion Hills,Week1,293.0 Oakton - 109.0 Dominion Hills
Oakton ,Week3,Dominion Hills,Week5,241.5 Oakton - 160.5 Dominion Hills
North Springfield,Week2,Brookfield ,Week3,299.0 Brookfield - 89.0 North Springfield
North Springfield,Week4,Herndon,Week4,222.0 Herndon - 162.0 North Springfield
North Springfield,Week3,Donaldson Run,Week3,345.0 Donaldson Run - 52.0 North Springfield
Oakton ,Week5,Dominion Hills,Week3,305.0 Oakton - 97.0 Dominion Hills
Oakton ,Week5,Dominion Hills,Week4,273.0 Oakton - 129.0 Dominion Hills
North Springfield,Week1,Hiddenbrook,Week4,267.0 Hiddenbrook - 83.0 North Springfield
North Springfield,Week4,Donaldson Run,Week1,357.0 Donaldson Run - 35.0 North Springfield
Oakton ,Week2,Dominion Hills,Week1,293.0 Oakton - 109.0 Dominion Hills
Oakton ,Week5,Dominion Hills,Week5,258.0 Oakton - 144.0 Dominion Hills
North Springfield,Week3,Brookfield ,Week2,286.0 Brookfield - 111.0 North Springfield
North Springfield,Week5,Donaldson Run,Week2,315.0 Donaldson Run - 59.0 North Springfield
North Springfield,Week4,Donaldson Run,Week5,358.0 Donaldson Run - 34.0 North Springfield
North Springfield,Week4,Herndon,Week5,219.0 Herndon - 164.0 North Springfield
North Springfield,Week1,Dowden Terrace,Week1,275.0 Dowden Terrace - 75.0 North Springfield
Oakton ,Week1,Dominion Hills,Week2,276.0 Oakton - 126.0 Dominion Hills
North Springfield,Week2,Brookfield ,Week2,301.0 Brookfield - 87.0 North Springfield
North Springfield,Week5,Donaldson Run,Week4,319.0 Donaldson Run - 54.0 North Springfield
Oakton ,Week3,Dominion Hills,Week4,243.5 Oakton - 153.5 Dominion Hills
North Springfield,Week2,Brookfield ,Week4,304.0 Brookfield - 84.0 North Springfield
North Springfield,Week2,Brookfield ,Week5,294.0 Brookfield - 94.0 North Springfield
North Springfield,Week3,Hiddenbrook,Week3,263.0 Hiddenbrook - 133.0 North Springfield
North Springfield,Week3,Herndon,Week2,212.0 North Springfield - 175.0 Herndon
North Springfield,Week1,Dowden Terrace,Week2,276.0 Dowden Terrace - 75.0 North Springfield
North Springfield,Week3,Herndon,Week3,211.0 North Springfield - 180.0 Herndon
North Springfield,Week2,Herndon,Week5,193.5 Herndon - 188.5 North Springfield
North Springfield,Week3,Herndon,Week1,204.0 North Springfield - 175.0 Herndon
Oakton ,Week1,Donaldson Run,Week2,219.0 Donaldson Run - 183.0 Oakton
Oakton ,Week1,Dominion Hills,Week5,238.0 Oakton - 164.0 Dominion Hills
North Springfield,Week3,Brookfield ,Week1,307.0 Brookfield - 90.0 North Springfield
North Springfield,Week3,Donaldson Run,Week1,336.0 Donaldson Run - 61.0 North Springfield
North Springfield,Week2,Hiddenbrook,Week1,261.0 Hiddenbrook - 127.0 North Springfield
Oakton ,Week4,Donaldson Run,Week2,202.0 Donaldson Run - 200.0 Oakton
Oakton ,Week1,Dowden Terrace,Week5,240.0 Oakton - 162.0 Dowden Terrace
Oakton ,Week3,Donaldson Run,Week3,214.0 Donaldson Run - 188.0 Oakton
North Springfield,Week5,Herndon,Week1,201.0 North Springfield - 157.0 Herndon
Oakton ,Week4,Donaldson Run,Week1,207.0 Donaldson Run - 195.0 Oakton
North Springfield,Week3,Dowden Terrace,Week5,306.0 Dowden Terrace - 90.0 North Springfield
North Springfield,Week5,Herndon,Week5,191.0 North Springfield - 173.0 Herndon
North Springfield,Week2,Hiddenbrook,Week5,284.0 Hiddenbrook - 104.0 North Springfield
North Springfield,Week5,Herndon,Week4,192.0 North Springfield - 174.0 Herndon
North Springfield,Week1,Dowden Terrace,Week5,298.0 Dowden Terrace - 53.0 North Springfield
North Springfield,Week3,Hiddenbrook,Week5,276.0 Hiddenbrook - 120.0 North Springfield
North Springfield,Week1,Dunn Loring,Week4,313.0 Dunn Loring - 37.0 North Springfield
Oakton ,Week2,Dowden Terrace,Week4,266.0 Oakton - 136.0 Dowden Terrace
North Springfield,Week5,Herndon,Week3,199.0 North Springfield - 168.0 Herndon
North Springfield,Week2,Donaldson Run,Week5,348.0 Donaldson Run - 40.0 North Springfield
North Springfield,Week4,Dowden Terrace,Week3,294.0 Dowden Terrace - 98.0 North Springfield
North Springfield,Week4,Dowden Terrace,Week5,317.0 Dowden Terrace - 74.0 North Springfield
North Springfield,Week1,Hiddenbrook,Week5,288.0 Hiddenbrook - 63.0 North Springfield
North Springfield,Week2,Dowden Terrace,Week3,274.0 Dowden Terrace - 114.0 North Springfield
North Springfield,Week2,Dowden Terrace,Week5,304.0 Dowden Terrace - 84.0 North Springfield
Oakton ,Week1,Dowden Terrace,Week1,268.0 Oakton - 133.0 Dowden Terrace
North Springfield,Week5,Donaldson Run,Week1,313.0 Donaldson Run - 61.0 North Springfield
North Springfield,Week3,Hiddenbrook,Week1,247.0 Hiddenbrook - 150.0 North Springfield
North Springfield,Week3,Donaldson Run,Week5,350.0 Donaldson Run - 47.0 North Springfield
Oakton ,Week1,Dowden Terrace,Week2,267.0 Oakton - 135.0 Dowden Terrace
North Springfield,Week1,Hiddenbrook,Week3,268.0 Hiddenbrook - 82.0 North Springfield
North Springfield,Week4,Herndon,Week3,204.0 Herndon - 178.0 North Springfield
North Springfield,Week3,Dunn Loring,Week1,323.0 Dunn Loring - 74.0 North Springfield
Oakton ,Week3,Dowden Terrace,Week1,271.0 Oakton - 126.0 Dowden Terrace
Oakton ,Week3,Donaldson Run,Week5,246.0 Donaldson Run - 156.0 Oakton
Oakton ,Week4,Donaldson Run,Week3,204.0 Donaldson Run - 198.0 Oakton
North Springfield,Week4,Herndon,Week2,209.0 Herndon - 172.0 North Springfield
North Springfield,Week2,Dowden Terrace,Week2,284.0 Dowden Terrace - 104.0 North Springfield
Oakton ,Week2,Dowden Terrace,Week1,298.0 Oakton - 104.0 Dowden Terrace
North Springfield,Week3,Dowden Terrace,Week2,286.0 Dowden Terrace - 111.0 North Springfield
Oakton ,Week5,Donaldson Run,Week5,232.0 Donaldson Run - 170.0 Oakton
North Springfield,Week1,Hiddenbrook,Week2,238.0 Hiddenbrook - 111.0 North Springfield
Oakton ,Week5,Donaldson Run,Week3,212.0 Oakton - 190.0 Donaldson Run
North Springfield,Week2,Dowden Terrace,Week1,285.0 Dowden Terrace - 102.0 North Springfield
North Springfield,Week4,Donaldson Run,Week4,355.0 Donaldson Run - 36.0 North Springfield
North Springfield,Week4,Hiddenbrook,Week1,276.0 Hiddenbrook - 115.0 North Springfield
North Springfield,Week5,Herndon,Week2,196.0 North Springfield - 165.0 Herndon
Oakton ,Week2,Donaldson Run,Week1,216.0 Oakton - 186.0 Donaldson Run
Oakton ,Week3,Dowden Terrace,Week2,278.0 Oakton - 124.0 Dowden Terrace
North Springfield,Week1,Hiddenbrook,Week1,260.0 Hiddenbrook - 91.0 North Springfield
North Springfield,Week5,Dunn Loring,Week3,315.5 Dunn Loring - 58.5 North Springfield
North Springfield,Week3,Hiddenbrook,Week2,213.0 Hiddenbrook - 173.0 North Springfield
North Springfield,Week2,Hiddenbrook,Week2,226.0 Hiddenbrook - 151.0 North Springfield
Oakton ,Week5,Donaldson Run,Week2,212.0 Oakton - 190.0 Donaldson Run
North Springfield,Week1,Dunn Loring,Week2,312.0 Dunn Loring - 39.0 North Springfield
North Springfield,Week1,Dunn Loring,Week5,313.0 Dunn Loring - 38.0 North Springfield
North Springfield,Week4,Herndon,Week1,193.0 Herndon - 185.0 North Springfield
North Springfield,Week2,Hiddenbrook,Week3,271.0 Hiddenbrook - 116.0 North Springfield
Oakton ,Week2,Donaldson Run,Week2,212.0 Donaldson Run - 190.0 Oakton
North Springfield,Week2,Hiddenbrook,Week4,280.0 Hiddenbrook - 107.0 North Springfield
North Springfield,Week2,Dunn Loring,Week4,351.0 Dunn Loring - 37.0 North Springfield
Oakton ,Week1,Donaldson Run,Week4,220.0 Donaldson Run - 182.0 Oakton
North Springfield,Week5,Dunn Loring,Week2,310.0 Dunn Loring - 64.0 North Springfield
North Springfield,Week3,Herndon,Week5,195.0 North Springfield - 193.0 Herndon
North Springfield,Week3,Dowden Terrace,Week1,281.0 Dowden Terrace - 114.0 North Springfield
Oakton ,Week3,Donaldson Run,Week1,205.0 Donaldson Run - 197.0 Oakton
Oakton ,Week2,Donaldson Run,Week5,247.0 Donaldson Run - 155.0 Oakton
Oakton ,Week1,Donaldson Run,Week5,260.0 Donaldson Run - 142.0 Oakton
North Springfield,Week4,Dunn Loring,Week5,349.0 Dunn Loring - 43.0 North Springfield
Oakton ,Week4,Donaldson Run,Week4,214.0 Donaldson Run - 188.0 Oakton
North Springfield,Week3,Hiddenbrook,Week4,264.0 Hiddenbrook - 132.0 North Springfield
Oakton ,Week3,Mantua,Week5,201.0 Mantua - 201.0 Oakton
North Springfield,Week5,Dowden Terrace,Week4,266.0 Dowden Terrace - 108.0 North Springfield
North Springfield,Week3,Dunn Loring,Week4,342.0 Dunn Loring - 54.0 North Springfield
Oakton ,Week5,Donaldson Run,Week1,221.0 Oakton - 181.0 Donaldson Run
North Springfield,Week1,Dunn Loring,Week1,299.0 Dunn Loring - 52.0 North Springfield
North Springfield,Week4,Dowden Terrace,Week1,289.0 Dowden Terrace - 103.0 North Springfield
Oakton ,Week4,Mansion House,Week2,254.0 Oakton - 148.0 Mansion House
Oakton ,Week3,Mantua,Week4,213.0 Oakton - 189.0 Mantua
North Springfield,Week4,Dowden Terrace,Week4,301.0 Dowden Terrace - 91.0 North Springfield
North Springfield,Week4,Hiddenbrook,Week5,294.0 Hiddenbrook - 98.0 North Springfield
Oakton ,Week4,Mantua,Week3,208.0 Oakton - 194.0 Mantua
Oakton ,Week1,Dowden Terrace,Week3,261.0 Oakton - 141.0 Dowden Terrace
North Springfield,Week4,Hiddenbrook,Week3,276.0 Hiddenbrook - 115.0 North Springfield
Oakton ,Week2,Mantua,Week4,233.0 Oakton - 169.0 Mantua
North Springfield,Week2,High Point Pool,Week3,327.0 High Point Pool - 60.0 North Springfield
Oakton ,Week2,Donaldson Run,Week3,203.0 Oakton - 199.0 Donaldson Run
North Springfield,Week5,Dowden Terrace,Week1,267.0 Dowden Terrace - 107.0 North Springfield
North Springfield,Week4,Dowden Terrace,Week2,302.0 Dowden Terrace - 90.0 North Springfield
North Springfield,Week3,Dowden Terrace,Week3,278.0 Dowden Terrace - 119.0 North Springfield
Oakton ,Week3,Donaldson Run,Week4,217.0 Donaldson Run - 185.0 Oakton
North Springfield,Week3,Dowden Terrace,Week4,289.0 Dowden Terrace - 107.0 North Springfield
Oakton ,Week4,Donaldson Run,Week5,236.0 Donaldson Run - 166.0 Oakton
North Springfield,Week2,High Point Pool,Week4,330.0 High Point Pool - 58.0 North Springfield
Oakton ,Week1,Mantua,Week4,219.0 Oakton - 183.0 Mantua
Oakton ,Week3,Donaldson Run,Week2,205.5 Donaldson Run - 196.5 Oakton
Oakton ,Week5,Donaldson Run,Week4,210.0 Oakton - 192.0 Donaldson Run
Oakton ,Week5,Mantua,Week4,240.0 Oakton - 162.0 Mantua
Oakton ,Week5,Mansion House,Week4,256.0 Oakton - 146.0 Mansion House
Oakton ,Week4,Mansion House,Week4,259.0 Oakton - 143.0 Mansion House
North Springfield,Week2,High Point Pool,Week5,326.0 High Point Pool - 61.0 North Springfield
North Springfield,Week1,High Point Pool,Week4,306.0 High Point Pool - 45.0 North Springfield
Oakton ,Week2,Donaldson Run,Week4,221.0 Donaldson Run - 181.0 Oakton
North Springfield,Week3,High Point Pool,Week1,300.5 High Point Pool - 96.5 North Springfield
North Springfield,Week2,High Point Pool,Week2,330.0 High Point Pool - 58.0 North Springfield
North Springfield,Week3,Dunn Loring,Week2,339.0 Dunn Loring - 58.0 North Springfield
North Springfield,Week1,High Point Pool,Week3,306.0 High Point Pool - 45.0 North Springfield
North Springfield,Week1,Dunn Loring,Week3,316.0 Dunn Loring - 35.0 North Springfield
North Springfield,Week3,Dunn Loring,Week3,348.0 Dunn Loring - 49.0 North Springfield
North Springfield,Week3,High Point Pool,Week4,319.0 High Point Pool - 77.0 North Springfield
Oakton ,Week5,Mansion House,Week2,266.0 Oakton - 131.0 Mansion House
North Springfield,Week5,Hiddenbrook,Week2,204.0 Hiddenbrook - 164.0 North Springfield
Oakton ,Week1,Mantua,Week3,204.0 Oakton - 198.0 Mantua
North Springfield,Week5,Dowden Terrace,Week3,265.0 Dowden Terrace - 109.0 North Springfield
North Springfield,Week2,Dunn Loring,Week1,327.0 Dunn Loring - 61.0 North Springfield
Oakton ,Week1,Mantua,Week2,232.0 Oakton - 170.0 Mantua
North Springfield,Week5,Hiddenbrook,Week3,249.0 Hiddenbrook - 124.0 North Springfield
Oakton ,Week5,Dowden Terrace,Week1,300.0 Oakton - 102.0 Dowden Terrace
Oakton ,Week4,Dunn Loring,Week2,202.0 Oakton - 200.0 Dunn Loring
Oakton ,Week2,Mantua,Week3,202.5 Oakton - 199.5 Mantua
Oakton ,Week2,Dowden Terrace,Week5,250.0 Oakton - 152.0 Dowden Terrace
Oakton ,Week5,Mansion House,Week5,251.0 Oakton - 151.0 Mansion House
North Springfield,Week3,Dunn Loring,Week5,351.0 Dunn Loring - 46.0 North Springfield
Oakton ,Week1,Dowden Terrace,Week4,255.0 Oakton - 142.0 Dowden Terrace
North Springfield,Week1,High Point Pool,Week1,295.0 High Point Pool - 54.0 North Springfield
Oakton ,Week2,Dowden Terrace,Week2,284.5 Oakton - 117.5 Dowden Terrace
North Springfield,Week5,Hiddenbrook,Week4,241.0 Hiddenbrook - 132.0 North Springfield
North Springfield,Week4,Hiddenbrook,Week4,279.0 Hiddenbrook - 107.0 North Springfield
North Springfield,Week4,Hiddenbrook,Week2,220.0 Hiddenbrook - 156.0 North Springfield
North Springfield,Week3,High Point Pool,Week3,311.0 High Point Pool - 82.0 North Springfield
Oakton ,Week1,Dunn Loring,Week5,205.0 Dunn Loring - 197.0 Oakton
Oakton ,Week3,Dunn Loring,Week2,212.5 Dunn Loring - 189.5 Oakton
Oakton ,Week4,Dowden Terrace,Week5,238.0 Oakton - 164.0 Dowden Terrace
Oakton ,Week2,Dowden Terrace,Week3,292.0 Oakton - 110.0 Dowden Terrace
North Springfield,Week3,High Point Pool,Week2,326.0 High Point Pool - 71.0 North Springfield
North Springfield,Week2,Dunn Loring,Week3,355.0 Dunn Loring - 33.0 North Springfield
North Springfield,Week2,Dunn Loring,Week5,352.0 Dunn Loring - 36.0 North Springfield
Oakton ,Week2,Mantua,Week2,251.0 Oakton - 151.0 Mantua
Oakton ,Week1,Mantua,Week5,207.0 Mantua - 195.0 Oakton
Oakton ,Week2,Mantua,Week5,212.0 Oakton - 190.0 Mantua
Oakton ,Week5,Mansion House,Week3,241.0 Oakton - 161.0 Mansion House
Oakton ,Week3,Dowden Terrace,Week3,284.0 Oakton - 118.0 Dowden Terrace
North Springfield,Week5,Dowden Terrace,Week2,263.0 Dowden Terrace - 106.0 North Springfield
Oakton ,Week1,Mantua,Week1,222.0 Oakton - 175.0 Mantua
North Springfield,Week5,Hiddenbrook,Week1,225.0 Hiddenbrook - 145.0 North Springfield
North Springfield,Week2,Dunn Loring,Week2,342.0 Dunn Loring - 46.0 North Springfield
North Springfield,Week5,Dowden Terrace,Week5,284.0 Dowden Terrace - 90.0 North Springfield
North Springfield,Week4,Dunn Loring,Week2,345.0 Dunn Loring - 47.0 North Springfield
North Springfield,Week5,Hiddenbrook,Week5,238.0 Hiddenbrook - 135.0 North Springfield
Oakton ,Week1,Dunn Loring,Week3,221.0 Dunn Loring - 181.0 Oakton
Oakton ,Week4,Mansion House,Week3,239.0 Oakton - 163.0 Mansion House
North Springfield,Week5,Fair Oaks ,Week2,268.0 Fair Oaks - 105.0 North Springfield
North Springfield,Week4,Dunn Loring,Week1,325.0 Dunn Loring - 67.0 North Springfield
Oakton ,Week5,Dowden Terrace,Week2,300.0 Oakton - 102.0 Dowden Terrace
Oakton ,Week3,Mantua,Week3,214.0 Mantua - 188.0 Oakton
North Springfield,Week5,Dunn Loring,Week4,303.0 Dunn Loring - 71.0 North Springfield
Oakton ,Week4,Dowden Terrace,Week2,293.0 Oakton - 109.0 Dowden Terrace
Oakton ,Week2,Mantua,Week1,247.0 Oakton - 155.0 Mantua
North Springfield,Week4,Dunn Loring,Week3,350.0 Dunn Loring - 42.0 North Springfield
North Springfield,Week5,Dunn Loring,Week1,286.5 Dunn Loring - 87.5 North Springfield
Oakton ,Week4,Mansion House,Week1,252.0 Oakton - 150.0 Mansion House
North Springfield,Week1,High Point Pool,Week2,305.0 High Point Pool - 44.0 North Springfield
Oakton ,Week3,Mantua,Week2,233.0 Oakton - 164.0 Mantua
North Springfield,Week1,High Point Pool,Week5,297.0 High Point Pool - 52.0 North Springfield
North Springfield,Week4,Dunn Loring,Week4,343.0 Dunn Loring - 49.0 North Springfield
Oakton ,Week4,Mansion House,Week5,247.0 Oakton - 155.0 Mansion House
Oakton ,Week3,Dowden Terrace,Week4,253.0 Oakton - 149.0 Dowden Terrace
Oakton ,Week4,Dowden Terrace,Week1,286.0 Oakton - 115.0 Dowden Terrace
North Springfield,Week2,High Point Pool,Week1,307.0 High Point Pool - 81.0 North Springfield
Oakton ,Week1,Dunn Loring,Week2,203.0 Dunn Loring - 199.0 Oakton
Oakton ,Week3,Dowden Terrace,Week5,245.0 Oakton - 157.0 Dowden Terrace
Oakton ,Week5,Mansion House,Week1,248.0 Oakton - 154.0 Mansion House
Oakton ,Week2,Dunn Loring,Week1,238.0 Oakton - 164.0 Dunn Loring
Oakton ,Week4,Dowden Terrace,Week4,259.0 Oakton - 143.0 Dowden Terrace
Oakton ,Week3,Mantua,Week1,241.0 Oakton - 161.0 Mantua
North Springfield,Week2,Fairfax,Week2,323.0 Fairfax - 65.0 North Springfield
Oakton ,Week2,Dunn Loring,Week3,205.0 Oakton - 197.0 Dunn Loring
North Springfield,Week4,Fair Oaks ,Week5,320.0 Fair Oaks - 72.0 North Springfield
Oakton ,Week2,Dunn Loring,Week4,216.0 Oakton - 186.0 Dunn Loring
Oakton ,Week2,McLean,Week4,205.0 Oakton - 197.0 McLean
North Springfield,Week3,Fair Oaks ,Week5,322.0 Fair Oaks - 75.0 North Springfield
North Springfield,Week4,Fair Oaks ,Week4,319.0 Fair Oaks - 71.0 North Springfield
Oakton ,Week4,Mantua,Week5,204.0 Oakton - 198.0 Mantua
Oakton ,Week5,Mantua,Week3,211.0 Oakton - 191.0 Mantua
Oakton ,Week2,Dunn Loring,Week5,208.0 Oakton - 194.0 Dunn Loring
Oakton ,Week1,Dunn Loring,Week4,214.0 Oakton - 188.0 Dunn Loring
North Springfield,Week5,Fair Oaks ,Week5,285.0 Fair Oaks - 89.0 North Springfield
Oakton ,Week4,Dowden Terrace,Week3,293.0 Oakton - 109.0 Dowden Terrace
Oakton ,Week5,Mantua,Week1,251.0 Oakton - 151.0 Mantua
Oakton ,Week5,Dowden Terrace,Week4,266.0 Oakton - 136.0 Dowden Terrace
North Springfield,Week5,Fair Oaks ,Week4,282.0 Fair Oaks - 87.0 North Springfield
Oakton ,Week5,Mantua,Week2,246.0 Oakton - 156.0 Mantua
Oakton ,Week4,Mantua,Week4,230.0 Oakton - 172.0 Mantua
Oakton ,Week4,Mantua,Week2,231.0 Oakton - 171.0 Mantua
Oakton ,Week1,Dunn Loring,Week1,227.0 Oakton - 175.0 Dunn Loring
Oakton ,Week3,McLean,Week4,209.0 McLean - 193.0 Oakton
North Springfield,Week1,Fair Oaks ,Week4,292.0 Fair Oaks - 54.0 North Springfield
North Springfield,Week2,Fair Oaks ,Week3,317.0 Fair Oaks - 71.0 North Springfield
North Springfield,Week4,Fair Oaks ,Week2,294.0 Fair Oaks - 96.0 North Springfield
Oakton ,Week5,McLean,Week1,203.0 Oakton - 199.0 McLean
Oakton ,Week4,Mantua,Week1,244.0 Oakton - 158.0 Mantua
North Springfield,Week3,Fair Oaks ,Week4,307.0 Fair Oaks - 88.0 North Springfield
Oakton ,Week2,Dunn Loring,Week2,209.0 Oakton - 193.0 Dunn Loring
Oakton ,Week5,Dowden Terrace,Week3,297.0 Oakton - 105.0 Dowden Terrace
North Springfield,Week2,Fair Oaks ,Week1,307.0 Fair Oaks - 81.0 North Springfield
Oakton ,Week4,McLean,Week3,219.0 McLean - 183.0 Oakton
Oakton ,Week3,Fair Oaks ,Week2,287.0 Oakton - 115.0 Fair Oaks
North Springfield,Week1,Fair Oaks ,Week3,303.0 Fair Oaks - 47.0 North Springfield
Oakton ,Week2,McLean,Week2,226.0 McLean - 176.0 Oakton
North Springfield,Week5,Dunn Loring,Week5,320.0 Dunn Loring - 53.0 North Springfield
North Springfield,Week1,Fair Oaks ,Week5,305.0 Fair Oaks - 46.0 North Springfield
Oakton ,Week2,Fair Oaks ,Week3,270.0 Oakton - 132.0 Fair Oaks
Oakton ,Week5,McLean,Week5,223.0 McLean - 179.0 Oakton
Oakton ,Week5,McLean,Week4,203.0 Oakton - 199.0 McLean
Oakton ,Week1,McLean,Week3,231.0 McLean - 166.0 Oakton
Oakton ,Week4,Fair Oaks ,Week2,296.0 Oakton - 106.0 Fair Oaks
Oakton ,Week1,McLean,Week5,242.0 McLean - 160.0 Oakton
North Springfield,Week4,Fair Oaks ,Week3,319.0 Fair Oaks - 73.0 North Springfield
Oakton ,Week2,Fair Oaks ,Week4,291.0 Oakton - 111.0 Fair Oaks
North Springfield,Week2,Fair Oaks ,Week4,309.0 Fair Oaks - 77.0 North Springfield
Oakton ,Week2,McLean,Week3,215.0 McLean - 187.0 Oakton
Oakton ,Week3,Dunn Loring,Week1,232.0 Oakton - 170.0 Dunn Loring
North Springfield,Week3,Fair Oaks ,Week2,280.0 Fair Oaks - 114.0 North Springfield
Oakton ,Week5,McLean,Week3,210.0 McLean - 192.0 Oakton
North Springfield,Week1,Fair Oaks ,Week2,284.0 Fair Oaks - 65.0 North Springfield
Oakton ,Week3,Dunn Loring,Week3,220.0 Dunn Loring - 182.0 Oakton
North Springfield,Week2,Fair Oaks ,Week2,288.0 Fair Oaks - 99.0 North Springfield
North Springfield,Week3,Fair Oaks ,Week1,312.0 Fair Oaks - 85.0 North Springfield
Oakton ,Week1,McLean,Week4,210.0 McLean - 192.0 Oakton
Oakton ,Week5,Dunn Loring,Week1,235.5 Oakton - 166.5 Dunn Loring
Oakton ,Week1,Fair Oaks ,Week1,281.0 Oakton - 121.0 Fair Oaks
Oakton ,Week5,Fair Oaks ,Week4,288.0 Oakton - 114.0 Fair Oaks
Oakton ,Week3,Dunn Loring,Week4,207.0 Oakton - 195.0 Dunn Loring
Oakton ,Week1,Mosby Woods,Week4,203.0 Oakton - 199.0 Mosby Woods
Oakton ,Week5,Dowden Terrace,Week5,264.0 Oakton - 138.0 Dowden Terrace
North Springfield,Week1,Fair Oaks ,Week1,288.0 Fair Oaks - 63.0 North Springfield
Oakton ,Week3,Dunn Loring,Week5,204.0 Dunn Loring - 198.0 Oakton
Oakton ,Week4,Dunn Loring,Week1,233.0 Oakton - 169.0 Dunn Loring
Oakton ,Week2,McLean,Week5,231.0 McLean - 171.0 Oakton
North Springfield,Week2,Fair Oaks ,Week5,322.0 Fair Oaks - 66.0 North Springfield
Oakton ,Week4,McLean,Week5,239.0 McLean - 163.0 Oakton
North Springfield,Week3,Fair Oaks ,Week3,327.0 Fair Oaks - 70.0 North Springfield
Oakton ,Week2,Fair Oaks ,Week1,285.0 Oakton - 117.0 Fair Oaks
Oakton ,Week5,Dunn Loring,Week5,218.0 Oakton - 184.0 Dunn Loring
Oakton ,Week1,Mosby Woods,Week1,219.0 Mosby Woods - 183.0 Oakton
North Springfield,Week4,Fair Oaks ,Week1,313.0 Fair Oaks - 78.0 North Springfield
Oakton ,Week3,McLean,Week5,244.0 McLean - 158.0 Oakton
Oakton ,Week4,McLean,Week4,207.0 McLean - 195.0 Oakton
Oakton ,Week1,Fair Oaks ,Week3,265.0 Oakton - 137.0 Fair Oaks
North Springfield,Week1,Fairfax,Week3,315.0 Fairfax - 35.0 North Springfield
North Springfield,Week5,Fair Oaks ,Week3,284.0 Fair Oaks - 90.0 North Springfield
Oakton ,Week1,Mosby Woods,Week3,203.0 Mosby Woods - 199.0 Oakton
Oakton ,Week5,Dunn Loring,Week3,201.0 Dunn Loring - 201.0 Oakton
Oakton ,Week4,Fair Oaks ,Week3,272.0 Oakton - 130.0 Fair Oaks
North Springfield,Week5,Fair Oaks ,Week1,289.0 Fair Oaks - 85.0 North Springfield
Oakton ,Week2,McLean,Week1,206.0 McLean - 196.0 Oakton
Oakton ,Week1,Fair Oaks ,Week5,256.0 Oakton - 146.0 Fair Oaks
North Springfield,Week3,Fairfax,Week5,339.0 Fairfax - 58.0 North Springfield
Oakton ,Week3,McLean,Week1,216.0 McLean - 181.0 Oakton
Oakton ,Week3,McLean,Week3,223.0 McLean - 179.0 Oakton
Oakton ,Week3,Fair Oaks ,Week1,257.0 Oakton - 145.0 Fair Oaks
North Springfield,Week1,Fairfax,Week4,316.0 Fairfax - 35.0 North Springfield
Oakton ,Week3,McLean,Week2,236.0 McLean - 166.0 Oakton
North Springfield,Week1,Fairfax,Week5,320.0 Fairfax - 31.0 North Springfield
Oakton ,Week1,Fair Oaks ,Week4,276.0 Oakton - 126.0 Fair Oaks
North Springfield,Week2,Fairfax,Week1,310.0 Fairfax - 78.0 North Springfield
North Springfield,Week1,Fairfax,Week2,310.0 Fairfax - 41.0 North Springfield
Oakton ,Week4,Dunn Loring,Week3,203.0 Oakton - 199.0 Dunn Loring
Oakton ,Week1,McLean,Week1,228.0 McLean - 174.0 Oakton
Oakton ,Week5,Mantua,Week5,215.0 Oakton - 187.0 Mantua
Oakton ,Week1,McLean,Week2,245.0 McLean - 157.0 Oakton
North Springfield,Week1,Fairfax,Week1,303.0 Fairfax - 48.0 North Springfield
Oakton ,Week3,Fair Oaks ,Week5,241.0 Oakton - 161.0 Fair Oaks
North Springfield,Week4,Fairfax,Week5,346.5 Fairfax - 45.5 North Springfield
Oakton ,Week4,Dunn Loring,Week5,208.0 Oakton - 194.0 Dunn Loring
Oakton ,Week3,Fair Oaks ,Week4,279.0 Oakton - 123.0 Fair Oaks
North Springfield,Week4,Fairfax,Week1,330.0 Fairfax - 62.0 North Springfield
North Springfield,Week3,Fairfax Club Estates,Week1,255.0 Fairfax Club Estates - 140.0 North Springfield
Oakton ,Week5,Mosby Woods,Week2,217.5 Oakton - 184.5 Mosby Woods
Oakton ,Week2,Fair Oaks ,Week5,265.0 Oakton - 137.0 Fair Oaks
North Springfield,Week3,Fairfax,Week1,311.0 Fairfax - 86.0 North Springfield
Oakton ,Week1,Mosby Woods,Week2,214.0 Mosby Woods - 188.0 Oakton
Oakton ,Week5,McLean,Week2,222.0 McLean - 180.0 Oakton
Oakton ,Week4,McLean,Week1,215.0 McLean - 187.0 Oakton
North Springfield,Week2,Fairfax,Week4,326.0 Fairfax - 62.0 North Springfield
North Springfield,Week1,Fairfax Club Estates,Week1,266.0 Fairfax Club Estates - 79.0 North Springfield
Oakton ,Week2,Mount Vernon Park,Week1,220.0 Oakton - 177.0 Mount Vernon Park
Oakton ,Week4,Dunn Loring,Week4,220.0 Oakton - 182.0 Dunn Loring
Oakton ,Week3,Fair Oaks ,Week3,250.0 Oakton - 152.0 Fair Oaks
Oakton ,Week4,Fair Oaks ,Week5,264.0 Oakton - 138.0 Fair Oaks
Oakton ,Week4,Mosby Woods,Week1,209.0 Oakton - 193.0 Mosby Woods
Oakton ,Week2,Mount Vernon Park,Week3,228.0 Oakton - 174.0 Mount Vernon Park
Oakton ,Week5,Dunn Loring,Week2,203.0 Oakton - 199.0 Dunn Loring
Oakton ,Week3,Mosby Woods,Week1,207.0 Mosby Woods - 195.0 Oakton
Oakton ,Week4,McLean,Week2,223.0 McLean - 179.0 Oakton
North Springfield,Week5,Fairfax,Week1,285.0 Fairfax - 89.0 North Springfield
Oakton ,Week2,Fair Oaks ,Week2,292.0 Oakton - 110.0 Fair Oaks
Oakton ,Week2,Mosby Woods,Week5,219.5 Oakton - 182.5 Mosby Woods
North Springfield,Week2,Fairfax,Week5,340.0 Fairfax - 48.0 North Springfield
Oakton ,Week5,Dunn Loring,Week4,233.0 Oakton - 169.0 Dunn Loring
Oakton ,Week4,Fair Oaks ,Week4,286.0 Oakton - 116.0 Fair Oaks
North Springfield,Week3,Fairfax,Week3,332.0 Fairfax - 65.0 North Springfield
North Springfield,Week2,Fairfax,Week3,338.0 Fairfax - 50.0 North Springfield
Oakton ,Week1,Fair Oaks ,Week2,289.0 Oakton - 113.0 Fair Oaks
Oakton ,Week5,Fair Oaks ,Week1,280.0 Oakton - 122.0 Fair Oaks
Oakton ,Week5,Mosby Woods,Week1,205.0 Oakton - 197.0 Mosby Woods
Oakton ,Week5,Mosby Woods,Week4,244.0 Oakton - 158.0 Mosby Woods
Oakton ,Week5,Fair Oaks ,Week3,278.0 Oakton - 124.0 Fair Oaks
Oakton ,Week1,Mount Vernon Park,Week2,218.5 Oakton - 183.5 Mount Vernon Park
Oakton ,Week1,Fairfax Club Estates,Week1,299.0 Oakton - 103.0 Fairfax Club Estates
North Springfield,Week1,Fairfax Club Estates,Week2,259.0 Fairfax Club Estates - 86.0 North Springfield
Oakton ,Week4,Fair Oaks ,Week1,282.0 Oakton - 120.0 Fair Oaks
North Springfield,Week2,Fairfax Club Estates,Week1,262.0 Fairfax Club Estates - 124.0 North Springfield
Oakton ,Week3,Mosby Woods,Week4,223.0 Oakton - 179.0 Mosby Woods
Oakton ,Week4,Mosby Woods,Week5,208.0 Oakton - 194.0 Mosby Woods
Oakton ,Week3,Mosby Woods,Week5,203.0 Mosby Woods - 199.0 Oakton
North Springfield,Week3,Fairfax,Week4,327.0 Fairfax - 70.0 North Springfield
North Springfield,Week2,Fairfax Club Estates,Week4,283.0 Fairfax Club Estates - 105.0 North Springfield
Oakton ,Week2,Fairfax,Week4,226.0 Oakton - 176.0 Fairfax
North Springfield,Week1,Fairfax Club Estates,Week5,256.0 Fairfax Club Estates - 92.0 North Springfield
North Springfield,Week1,Fairfax Club Estates,Week4,268.0 Fairfax Club Estates - 81.0 North Springfield
North Springfield,Week1,Fairfax Club Estates,Week3,272.0 Fairfax Club Estates - 74.0 North Springfield
Oakton ,Week4,Fairfax,Week3,204.0 Oakton - 198.0 Fairfax
Oakton ,Week5,Mosby Woods,Week3,226.0 Oakton - 176.0 Mosby Woods
North Springfield,Week4,Fairfax,Week3,340.0 Fairfax - 52.0 North Springfield
North Springfield,Week5,Fairfax,Week2,295.0 Fairfax - 79.0 North Springfield
Oakton ,Week2,Fairfax Club Estates,Week4,310.0 Oakton - 92.0 Fairfax Club Estates
Oakton ,Week1,Mount Vernon Park,Week1,204.5 Oakton - 197.5 Mount Vernon Park
North Springfield,Week2,Fairfax Club Estates,Week2,248.0 Fairfax Club Estates - 137.0 North Springfield
Oakton ,Week1,Fairfax,Week1,222.0 Oakton - 180.0 Fairfax
Oakton ,Week2,Mosby Woods,Week1,202.0 Mosby Woods - 200.0 Oakton
Oakton ,Week5,Fair Oaks ,Week5,275.0 Oakton - 127.0 Fair Oaks
Oakton ,Week4,Mosby Woods,Week4,226.0 Oakton - 176.0 Mosby Woods
Oakton ,Week1,Fairfax Club Estates,Week4,304.0 Oakton - 98.0 Fairfax Club Estates
Oakton ,Week3,Mosby Woods,Week3,203.0 Oakton - 194.0 Mosby Woods
North Springfield,Week4,Fairfax,Week2,335.0 Fairfax - 57.0 North Springfield
Oakton ,Week3,Mosby Woods,Week2,203.0 Oakton - 199.0 Mosby Woods
North Springfield,Week2,Fairfax Club Estates,Week3,268.0 Fairfax Club Estates - 117.0 North Springfield
Oakton ,Week5,Mosby Woods,Week5,214.0 Oakton - 188.0 Mosby Woods
Oakton ,Week5,Fair Oaks ,Week2,298.0 Oakton - 104.0 Fair Oaks
North Springfield,Week5,Fairfax,Week3,296.0 Fairfax - 78.0 North Springfield
Oakton ,Week2,Mosby Woods,Week2,203.0 Oakton - 199.0 Mosby Woods
North Springfield,Week5,Fairfax,Week4,298.0 Fairfax - 76.0 North Springfield
Oakton ,Week1,Fairfax Club Estates,Week2,317.0 Oakton - 85.0 Fairfax Club Estates
Oakton ,Week1,Fairfax,Week2,214.0 Fairfax - 188.0 Oakton
Oakton ,Week4,Fairfax,Week2,221.5 Oakton - 180.5 Fairfax
North Springfield,Week5,Fairfax,Week5,309.0 Fairfax - 65.0 North Springfield
Oakton ,Week5,Fairfax,Week1,226.5 Oakton - 175.5 Fairfax
Oakton ,Week2,Fairfax,Week5,209.0 Fairfax - 193.0 Oakton
Oakton ,Week2,Fairfax,Week1,234.0 Oakton - 168.0 Fairfax
Oakton ,Week4,Fairfax,Week4,226.0 Oakton - 176.0 Fairfax
Oakton ,Week1,Mount Vernon Park,Week4,215.0 Oakton - 187.0 Mount Vernon Park
Oakton ,Week5,Mount Vernon Park,Week1,233.0 Oakton - 164.0 Mount Vernon Park
Oakton ,Week1,Mount Vernon Park,Week3,203.0 Oakton - 199.0 Mount Vernon Park
Oakton ,Week4,Fairfax,Week5,209.0 Fairfax - 193.0 Oakton
Oakton ,Week1,Mount Vernon Park,Week5,207.0 Mount Vernon Park - 195.0 Oakton
Oakton ,Week4,Mosby Woods,Week3,219.0 Oakton - 183.0 Mosby Woods
Oakton ,Week2,Mount Vernon Park,Week2,237.0 Oakton - 165.0 Mount Vernon Park
North Springfield,Week3,Fairfax Club Estates,Week2,238.0 Fairfax Club Estates - 154.0 North Springfield
North Springfield,Week2,Fairfax Club Estates,Week5,266.0 Fairfax Club Estates - 120.0 North Springfield
Oakton ,Week1,Fairfax,Week4,208.0 Oakton - 194.0 Fairfax
North Springfield,Week1,Fairfax Station,Week1,311.0 Fairfax Station - 40.0 North Springfield
North Springfield,Week4,Fairfax,Week4,334.0 Fairfax - 58.0 North Springfield
Oakton ,Week2,Mosby Woods,Week3,218.0 Oakton - 184.0 Mosby Woods
Oakton ,Week2,Mosby Woods,Week4,231.0 Oakton - 171.0 Mosby Woods
North Springfield,Week5,Fairfax Club Estates,Week3,243.0 Fairfax Club Estates - 125.0 North Springfield
North Springfield,Week1,Fairfax Station,Week4,316.0 Fairfax Station - 34.0 North Springfield
Oakton ,Week1,Mosby Woods,Week5,208.5 Mosby Woods - 193.5 Oakton
North Springfield,Week3,Fairfax,Week2,325.0 Fairfax - 72.0 North Springfield
North Springfield,Week1,Fairfax Station,Week5,324.0 Fairfax Station - 27.0 North Springfield
Oakton ,Week2,Fairfax,Week3,203.0 Oakton - 199.0 Fairfax
Oakton ,Week1,Fairfax,Week5,224.5 Fairfax - 177.5 Oakton
Oakton ,Week3,Fairfax,Week4,209.0 Oakton - 193.0 Fairfax
North Springfield,Week5,Fairfax Club Estates,Week4,253.0 Fairfax Club Estates - 120.0 North Springfield
Oakton ,Week4,Mosby Woods,Week2,211.0 Oakton - 191.0 Mosby Woods
Oakton ,Week3,Fairfax,Week1,225.0 Oakton - 177.0 Fairfax
Oakton ,Week2,Newington Forest,Week3,344.0 Oakton - 58.0 Newington Forest
North Springfield,Week2,Fairfax Station,Week2,334.0 Fairfax Station - 54.0 North Springfield
Oakton ,Week3,Fairfax,Week5,229.5 Fairfax - 172.5 Oakton
Oakton ,Week5,Fairfax,Week2,209.0 Oakton - 193.0 Fairfax
North Springfield,Week2,Fairfax Station,Week1,331.0 Fairfax Station - 57.0 North Springfield
Oakton ,Week4,Fairfax,Week1,221.0 Oakton - 181.0 Fairfax
Oakton ,Week4,Mount Vernon Park,Week3,211.0 Oakton - 191.0 Mount Vernon Park
Oakton ,Week3,Newington Forest,Week4,323.5 Oakton - 68.5 Newington Forest
Oakton ,Week1,Fairfax,Week3,209.0 Fairfax - 193.0 Oakton
North Springfield,Week1,Fairfax Station,Week2,319.0 Fairfax Station - 32.0 North Springfield
Oakton ,Week3,Fairfax,Week3,206.0 Fairfax - 196.0 Oakton
North Springfield,Week3,Fairfax Club Estates,Week4,271.0 Fairfax Club Estates - 124.0 North Springfield
North Springfield,Week4,Fairfax Club Estates,Week3,276.0 Fairfax Club Estates - 109.0 North Springfield
Oakton ,Week1,Newington Forest,Week5,320.0 Oakton - 82.0 Newington Forest
Oakton ,Week3,Fairfax,Week2,212.0 Fairfax - 190.0 Oakton
Oakton ,Week1,Newington Forest,Week4,332.0 Oakton - 70.0 Newington Forest
Oakton ,Week3,Newington Forest,Week5,319.0 Oakton - 83.0 Newington Forest
Oakton ,Week3,Newington Forest,Week2,333.0 Oakton - 69.0 Newington Forest
Oakton ,Week2,Fairfax,Week2,217.0 Oakton - 185.0 Fairfax
Oakton ,Week5,Fairfax,Week5,207.0 Fairfax - 195.0 Oakton
North Springfield,Week5,Fairfax Club Estates,Week5,245.0 Fairfax Club Estates - 127.0 North Springfield
Oakton ,Week2,Newington Forest,Week4,336.0 Oakton - 66.0 Newington Forest
Newington Forest,Week2,Stratford,Week4,237.0 Stratford - 164.0 Newington Forest
North Springfield,Week2,Fairfax Station,Week5,347.0 Fairfax Station - 41.0 North Springfield
North Springfield,Week2,Fairfax Station,Week4,332.0 Fairfax Station - 56.0 North Springfield
Oakton ,Week5,Fairfax,Week4,235.0 Oakton - 167.0 Fairfax
Oakton ,Week1,Newington Forest,Week3,337.0 Oakton - 65.0 Newington Forest
North Springfield,Week2,Fairfax Station,Week3,348.0 Fairfax Station - 40.0 North Springfield
North Springfield,Week5,Fairfax Club Estates,Week2,226.0 Fairfax Club Estates - 143.0 North Springfield
North Springfield,Week4,Fairfax Club Estates,Week1,266.0 Fairfax Club Estates - 117.0 North Springfield
Newington Forest,Week4,Stratford,Week1,203.5 Newington Forest - 193.5 Stratford
Oakton ,Week4,Newington Forest,Week3,342.0 Oakton - 60.0 Newington Forest
North Springfield,Week4,Fairfax Club Estates,Week5,284.0 Fairfax Club Estates - 99.0 North Springfield
North Springfield,Week4,Fairfax Club Estates,Week4,295.0 Fairfax Club Estates - 95.0 North Springfield
Oakton ,Week2,Fairfax Club Estates,Week1,312.0 Oakton - 85.0 Fairfax Club Estates
Oakton ,Week4,Mount Vernon Park,Week4,229.0 Oakton - 173.0 Mount Vernon Park
Oakton ,Week4,Fairfax Club Estates,Week3,324.0 Oakton - 78.0 Fairfax Club Estates
North Springfield,Week5,Fairfax Club Estates,Week1,240.0 Fairfax Club Estates - 130.0 North Springfield
Oakton ,Week1,Fairfax Club Estates,Week5,315.0 Oakton - 86.0 Fairfax Club Estates
Oakton ,Week5,Mount Vernon Park,Week2,233.0 Oakton - 169.0 Mount Vernon Park
Oakton ,Week3,Mount Vernon Park,Week5,209.5 Oakton - 192.5 Mount Vernon Park
Oakton ,Week1,Fairfax Club Estates,Week3,307.0 Oakton - 95.0 Fairfax Club Estates
Oakton ,Week2,Fairfax Club Estates,Week3,323.0 Oakton - 79.0 Fairfax Club Estates
Newington Forest,Week3,Stratford,Week4,232.0 Stratford - 170.0 Newington Forest
North Springfield,Week3,Fairfax Club Estates,Week5,260.0 Fairfax Club Estates - 132.0 North Springfield
Oakton ,Week4,Mount Vernon Park,Week1,228.0 Oakton - 174.0 Mount Vernon Park
Oakton ,Week5,Fairfax Club Estates,Week2,335.0 Oakton - 67.0 Fairfax Club Estates
Newington Forest,Week5,Stratford,Week1,220.0 Newington Forest - 172.0 Stratford
Oakton ,Week3,Mount Vernon Park,Week3,220.0 Oakton - 182.0 Mount Vernon Park
North Springfield,Week1,Fairfax Station,Week3,320.0 Fairfax Station - 30.0 North Springfield
Newington Forest,Week1,Sully Station,Week1,330.0 Sully Station - 72.0 Newington Forest
Oakton ,Week2,Fairfax Club Estates,Week2,324.0 Oakton - 78.0 Fairfax Club Estates
Oakton ,Week4,Mount Vernon Park,Week5,202.0 Mount Vernon Park - 200.0 Oakton
Oakton ,Week2,Mount Vernon Park,Week4,239.5 Oakton - 162.5 Mount Vernon Park
Oakton ,Week5,Fairfax,Week3,207.0 Oakton - 195.0 Fairfax
North Springfield,Week4,Fairfax Club Estates,Week2,264.0 Fairfax Club Estates - 122.0 North Springfield
Newington Forest,Week1,Sully Station,Week2,320.0 Sully Station - 82.0 Newington Forest
Newington Forest,Week5,Stratford,Week2,213.0 Newington Forest - 189.0 Stratford
Newington Forest,Week4,Stratford,Week3,218.0 Stratford - 184.0 Newington Forest
Oakton ,Week3,Fairfax Station,Week1,228.0 Oakton - 174.0 Fairfax Station
Oakton ,Week5,Mount Vernon Park,Week5,206.5 Oakton - 195.5 Mount Vernon Park
North Springfield,Week3,Fairfax Club Estates,Week3,255.0 Fairfax Club Estates - 137.0 North Springfield
Newington Forest,Week3,Stratford,Week5,246.0 Stratford - 156.0 Newington Forest
Newington Forest,Week2,Stratford,Week5,243.0 Stratford - 158.0 Newington Forest
Oakton ,Week2,Mount Vernon Park,Week5,215.5 Oakton - 186.5 Mount Vernon Park
Oakton ,Week3,Mount Vernon Park,Week4,227.0 Oakton - 175.0 Mount Vernon Park
Newington Forest,Week2,Stratford,Week2,231.0 Stratford - 170.0 Newington Forest
Oakton ,Week2,Fairfax Station,Week4,227.0 Oakton - 175.0 Fairfax Station
Oakton ,Week5,Mount Vernon Park,Week4,235.0 Oakton - 167.0 Mount Vernon Park
Newington Forest,Week3,Stratford,Week1,209.0 Stratford - 193.0 Newington Forest
Oakton ,Week3,Fairfax Club Estates,Week1,304.0 Oakton - 98.0 Fairfax Club Estates
North Springfield,Week2,Mosby Woods,Week5,324.0 Mosby Woods - 64.0 North Springfield
North Springfield,Week3,Mosby Woods,Week5,323.0 Mosby Woods - 74.0 North Springfield
Newington Forest,Week1,Stratford,Week5,247.0 Stratford - 153.0 Newington Forest
Newington Forest,Week1,Sully Station,Week4,330.0 Sully Station - 72.0 Newington Forest
Oakton ,Week3,Fairfax Club Estates,Week4,300.0 Oakton - 102.0 Fairfax Club Estates
Oakton ,Week4,Mount Vernon Park,Week2,223.0 Oakton - 179.0 Mount Vernon Park
Newington Forest,Week4,Stratford,Week2,218.0 Stratford - 184.0 Newington Forest
Oakton ,Week3,Fairfax Station,Week3,201.5 Oakton - 200.5 Fairfax Station
Oakton ,Week5,Fairfax Club Estates,Week1,325.0 Oakton - 72.0 Fairfax Club Estates
Oakton ,Week3,Mount Vernon Park,Week2,217.0 Oakton - 185.0 Mount Vernon Park
Oakton ,Week3,Fairfax Club Estates,Week2,314.0 Oakton - 88.0 Fairfax Club Estates
Newington Forest,Week5,Stratford,Week3,214.0 Stratford - 188.0 Newington Forest
Newington Forest,Week1,Stratford,Week4,259.0 Stratford - 142.0 Newington Forest
Newington Forest,Week1,Sully Station,Week3,333.0 Sully Station - 68.0 Newington Forest
Oakton ,Week2,Newington Forest,Week2,336.0 Oakton - 66.0 Newington Forest
Newington Forest,Week4,Stratford,Week4,228.0 Stratford - 174.0 Newington Forest
Newington Forest,Week3,Stratford,Week3,230.0 Stratford - 172.0 Newington Forest
Oakton ,Week4,Fairfax Club Estates,Week5,317.0 Oakton - 84.0 Fairfax Club Estates
Oakton ,Week1,Newington Forest,Week1,329.0 Oakton - 72.0 Newington Forest
Oakton ,Week1,Fairfax Station,Week3,213.0 Fairfax Station - 189.0 Oakton
Oakton ,Week2,Newington Forest,Week1,348.0 Oakton - 54.0 Newington Forest
Newington Forest,Week4,Stratford,Week5,228.0 Stratford - 174.0 Newington Forest
Oakton ,Week4,Fairfax Club Estates,Week2,331.0 Oakton - 71.0 Fairfax Club Estates
Oakton ,Week5,Mount Vernon Park,Week3,217.0 Oakton - 185.0 Mount Vernon Park
Oakton ,Week3,Fairfax Club Estates,Week3,308.0 Oakton - 94.0 Fairfax Club Estates
Oakton ,Week1,Newington Forest,Week2,334.0 Oakton - 67.0 Newington Forest
Oakton ,Week2,Fairfax Club Estates,Week5,325.0 Oakton - 72.0 Fairfax Club Estates
Oakton ,Week3,Mount Vernon Park,Week1,216.5 Oakton - 185.5 Mount Vernon Park
North Springfield,Week1,Mount Vernon Park,Week5,320.0 Mount Vernon Park - 31.0 North Springfield
North Springfield,Week3,Mosby Woods,Week1,328.0 Mosby Woods - 69.0 North Springfield
Oakton ,Week2,Fairfax Station,Week3,202.0 Oakton - 200.0 Fairfax Station
Oakton ,Week5,Fairfax Club Estates,Week5,332.0 Oakton - 65.0 Fairfax Club Estates
Oakton ,Week5,North Springfield,Week2,332.0 Oakton - 56.0 North Springfield
North Springfield,Week3,Mount Vernon Park,Week2,324.0 Mount Vernon Park - 73.0 North Springfield
Oakton ,Week3,Newington Forest,Week3,334.0 Oakton - 68.0 Newington Forest
Oakton ,Week3,Newington Forest,Week1,340.0 Oakton - 62.0 Newington Forest
Oakton ,Week4,Fairfax Club Estates,Week1,311.0 Oakton - 91.0 Fairfax Club Estates
Newington Forest,Week5,Stratford,Week5,215.0 Stratford - 187.0 Newington Forest
Oakton ,Week4,Fairfax Club Estates,Week4,311.0 Oakton - 91.0 Fairfax Club Estates
North Springfield,Week1,Mount Vernon Park,Week3,315.0 Mount Vernon Park - 36.0 North Springfield
Oakton ,Week5,Fairfax Club Estates,Week4,320.0 Oakton - 82.0 Fairfax Club Estates
Oakton ,Week2,Newington Forest,Week5,335.0 Oakton - 67.0 Newington Forest
Oakton ,Week4,Newington Forest,Week1,338.0 Oakton - 63.0 Newington Forest
North Springfield,Week2,Mount Vernon Park,Week3,331.0 Mount Vernon Park - 57.0 North Springfield
North Springfield,Week4,Mosby Woods,Week5,340.0 Mosby Woods - 52.0 North Springfield
Oakton ,Week4,Newington Forest,Week2,336.0 Oakton - 65.0 Newington Forest
Newington Forest,Week5,Stratford,Week4,222.0 Stratford - 180.0 Newington Forest
Oakton ,Week3,Fairfax Club Estates,Week5,312.0 Oakton - 85.0 Fairfax Club Estates
Oakton ,Week5,Newington Forest,Week4,339.0 Oakton - 63.0 Newington Forest
Oakton ,Week5,Fairfax Club Estates,Week3,331.0 Oakton - 71.0 Fairfax Club Estates
Newington Forest,Week2,Stratford,Week1,207.0 Stratford - 191.0 Newington Forest
Newington Forest,Week3,Stratford,Week2,224.5 Stratford - 177.5 Newington Forest
North Springfield,Week2,Mosby Woods,Week4,319.0 Mosby Woods - 69.0 North Springfield
North Springfield,Week5,Mosby Woods,Week1,303.0 Mosby Woods - 71.0 North Springfield
Oakton ,Week2,North Springfield,Week3,327.0 Oakton - 70.0 North Springfield
Oakton ,Week1,Fairfax Station,Week5,213.0 Fairfax Station - 189.0 Oakton
Newington Forest,Week2,Stratford,Week3,233.0 Stratford - 168.0 Newington Forest
Oakton ,Week3,Fairfax Station,Week4,216.0 Oakton - 186.0 Fairfax Station
Oakton ,Week5,Newington Forest,Week3,339.0 Oakton - 63.0 Newington Forest
North Springfield,Week4,Mosby Woods,Week4,331.0 Mosby Woods - 60.0 North Springfield
Oakton ,Week1,Fairfax Station,Week1,223.0 Oakton - 179.0 Fairfax Station
Oakton ,Week2,Fairfax Station,Week1,236.0 Oakton - 166.0 Fairfax Station
North Springfield,Week4,Mosby Woods,Week3,337.0 Mosby Woods - 55.0 North Springfield
Oakton ,Week1,Fairfax Station,Week4,213.0 Oakton - 189.0 Fairfax Station
Oakton ,Week4,Newington Forest,Week5,327.0 Oakton - 75.0 Newington Forest
North Springfield,Week2,Mosby Woods,Week1,329.0 Mosby Woods - 59.0 North Springfield
North Springfield,Week1,Mount Vernon Park,Week4,322.0 Mount Vernon Park - 29.0 North Springfield
Oakton ,Week1,Fairfax Station,Week2,211.0 Oakton - 191.0 Fairfax Station
North Springfield,Week1,Mosby Woods,Week3,309.0 Mosby Woods - 41.0 North Springfield
North Springfield,Week2,Mosby Woods,Week2,326.0 Mosby Woods - 62.0 North Springfield
North Springfield,Week1,Mosby Woods,Week5,313.0 Mosby Woods - 38.0 North Springfield
Oakton ,Week3,North Springfield,Week5,302.0 Oakton - 72.0 North Springfield
Oakton ,Week2,North Springfield,Week4,334.0 Oakton - 52.0 North Springfield
Oakton ,Week2,Fairfax Station,Week2,223.5 Oakton - 178.5 Fairfax Station
Oakton ,Week3,North Springfield,Week1,312.0 Oakton - 39.0 North Springfield
Oakton ,Week4,Fairfax Station,Week1,229.0 Oakton - 173.0 Fairfax Station
Oakton ,Week4,Forest Hollow,Week2,288.0 Oakton - 114.0 Forest Hollow
North Springfield,Week5,Mosby Woods,Week4,294.0 Mosby Woods - 79.0 North Springfield
Oakton ,Week5,Newington Forest,Week5,330.0 Oakton - 72.0 Newington Forest
Oakton ,Week5,Newington Forest,Week2,333.5 Oakton - 68.5 Newington Forest
Oakton ,Week1,North Springfield,Week5,303.0 Oakton - 71.0 North Springfield
Oakton ,Week2,North Springfield,Week1,308.0 Oakton - 43.0 North Springfield
Oakton ,Week4,Newington Forest,Week4,331.0 Oakton - 71.0 Newington Forest
North Springfield,Week2,Mosby Woods,Week3,324.0 Mosby Woods - 64.0 North Springfield
Oakton ,Week2,North Springfield,Week5,299.0 Oakton - 75.0 North Springfield
Oakton ,Week5,Fairfax Station,Week2,240.0 Oakton - 162.0 Fairfax Station
Oakton ,Week1,North Springfield,Week1,305.0 Oakton - 46.0 North Springfield
North Springfield,Week3,Mosby Woods,Week2,329.0 Mosby Woods - 68.0 North Springfield
Oakton ,Week3,North Springfield,Week3,327.0 Oakton - 70.0 North Springfield
Oakton ,Week3,Fairfax Station,Week2,213.0 Oakton - 184.0 Fairfax Station
North Springfield,Week3,Mosby Woods,Week4,324.0 Mosby Woods - 73.0 North Springfield
North Springfield,Week4,Mosby Woods,Week2,337.0 Mosby Woods - 55.0 North Springfield
North Springfield,Week5,Mosby Woods,Week3,299.0 Mosby Woods - 75.0 North Springfield
Oakton ,Week5,Fairfax Station,Week3,206.0 Oakton - 196.0 Fairfax Station
Oakton ,Week3,Fairfax Station,Week5,210.5 Fairfax Station - 191.5 Oakton
Oakton ,Week2,Fairfax Station,Week5,209.0 Fairfax Station - 193.0 Oakton
North Springfield,Week5,Mosby Woods,Week2,300.0 Mosby Woods - 74.0 North Springfield
Oakton ,Week5,North Springfield,Week1,311.0 Oakton - 39.0 North Springfield
Oakton ,Week5,Newington Forest,Week1,350.0 Oakton - 52.0 Newington Forest
Oakton ,Week4,Forest Hollow,Week3,265.0 Oakton - 137.0 Forest Hollow
North Springfield,Week2,Mount Vernon Park,Week5,328.0 Mount Vernon Park - 55.0 North Springfield
Oakton ,Week4,North Springfield,Week3,334.0 Oakton - 62.0 North Springfield
Oakton ,Week5,Fairfax Station,Week1,254.0 Oakton - 148.0 Fairfax Station
North Springfield,Week2,Mount Vernon Park,Week2,331.0 Mount Vernon Park - 57.0 North Springfield
Oakton ,Week4,Fairfax Station,Week3,212.0 Fairfax Station - 190.0 Oakton
Oakton ,Week2,Forest Hollow,Week3,261.0 Oakton - 141.0 Forest Hollow
North Springfield,Week2,Mount Vernon Park,Week4,332.0 Mount Vernon Park - 56.0 North Springfield
Oakton ,Week2,Forest Hollow,Week1,273.0 Oakton - 129.0 Forest Hollow
Oakton ,Week2,North Springfield,Week2,326.0 Oakton - 62.0 North Springfield
Oakton ,Week1,North Springfield,Week4,336.0 Oakton - 56.0 North Springfield
North Springfield,Week4,Mosby Woods,Week1,338.0 Mosby Woods - 54.0 North Springfield
Oakton ,Week4,Fairfax Station,Week2,235.0 Oakton - 167.0 Fairfax Station
Oakton ,Week2,Forest Hollow,Week2,278.0 Oakton - 124.0 Forest Hollow
Oakton ,Week5,Fairfax Station,Week4,234.0 Oakton - 168.0 Fairfax Station
Oakton ,Week1,North Springfield,Week3,337.0 Oakton - 60.0 North Springfield
Oakton ,Week3,North Springfield,Week2,328.0 Oakton - 60.0 North Springfield
North Springfield,Week1,Mount Vernon Park,Week1,317.0 Mount Vernon Park - 34.0 North Springfield
Oakton ,Week3,North Springfield,Week4,339.0 Oakton - 53.0 North Springfield
Oakton ,Week5,Fairfax Station,Week5,204.5 Oakton - 197.5 Fairfax Station
Oakton ,Week4,North Springfield,Week1,314.0 Oakton - 37.0 North Springfield
North Springfield,Week5,Mosby Woods,Week5,304.0 Mosby Woods - 70.0 North Springfield
North Springfield,Week3,Mosby Woods,Week3,332.0 Mosby Woods - 65.0 North Springfield
North Springfield,Week1,Mosby Woods,Week4,310.0 Mosby Woods - 39.0 North Springfield
North Springfield,Week2,Mount Vernon Park,Week1,325.0 Mount Vernon Park - 63.0 North Springfield
Oakton ,Week4,North Springfield,Week2,333.0 Oakton - 55.0 North Springfield
North Springfield,Week1,Mount Vernon Park,Week2,316.0 Mount Vernon Park - 35.0 North Springfield
Oakton ,Week1,Forest Hollow,Week2,264.0 Oakton - 138.0 Forest Hollow
Oakton ,Week1,North Springfield,Week2,331.0 Oakton - 57.0 North Springfield
North Springfield,Week1,Newington Forest,Week5,264.0 Newington Forest - 86.0 North Springfield
Oakton ,Week1,Oakton ,Week4,216.0 Oakton  (OAK2) - 186.0 Oakton  (OAK1)
North Springfield,Week3,Newington Forest,Week1,210.0 Newington Forest - 177.0 North Springfield
Oakton ,Week1,Forest Hollow,Week5,237.0 Oakton - 165.0 Forest Hollow
North Springfield,Week2,Newington Forest,Week3,225.0 Newington Forest - 162.0 North Springfield
Oakton ,Week3,Forest Hollow,Week2,262.0 Oakton - 140.0 Forest Hollow
Oakton ,Week1,Forest Hollow,Week4,243.0 Oakton - 159.0 Forest Hollow
Oakton ,Week2,Forest Hollow,Week5,255.0 Oakton - 147.0 Forest Hollow
Oakton ,Week4,Oakton ,Week5,213.0 Oakton  (OAK2) - 189.0 Oakton  (OAK1)
Oakton ,Week4,Fairfax Station,Week4,222.0 Oakton - 180.0 Fairfax Station
Oakton ,Week4,Fairfax Station,Week5,211.0 Fairfax Station - 191.0 Oakton
Oakton ,Week5,North Springfield,Week4,336.0 Oakton - 51.0 North Springfield
North Springfield,Week4,Mount Vernon Park,Week4,344.5 Mount Vernon Park - 47.5 North Springfield
Oakton ,Week4,North Springfield,Week4,342.0 Oakton - 50.0 North Springfield
Oakton ,Week1,Old Keene Mill,Week5,292.0 Oakton - 110.0 Old Keene Mill
Oakton ,Week1,Old Keene Mill,Week3,310.0 Oakton - 92.0 Old Keene Mill
Oakton ,Week3,Forest Hollow,Week3,252.0 Oakton - 150.0 Forest Hollow
North Springfield,Week3,Mount Vernon Park,Week1,324.0 Mount Vernon Park - 73.0 North Springfield
Oakton ,Week3,Forest Hollow,Week1,247.0 Oakton - 155.0 Forest Hollow
North Springfield,Week3,Mount Vernon Park,Week4,327.0 Mount Vernon Park - 70.0 North Springfield
Oakton ,Week4,North Springfield,Week5,306.0 Oakton - 68.0 North Springfield
North Springfield,Week5,Mount Vernon Park,Week1,302.0 Mount Vernon Park - 72.0 North Springfield
North Springfield,Week3,Mount Vernon Park,Week5,332.0 Mount Vernon Park - 64.0 North Springfield
Oakton ,Week1,Forest Hollow,Week1,264.0 Oakton - 138.0 Forest Hollow
Oakton ,Week1,Forest Hollow,Week3,259.0 Oakton - 143.0 Forest Hollow
Oakton ,Week1,Oakton ,Week3,204.5 Oakton  (OAK2) - 197.5 Oakton  (OAK1)
Oakton ,Week3,Oakton ,Week5,202.0 Oakton  (OAK2) - 200.0 Oakton  (OAK1)
North Springfield,Week2,Newington Forest,Week4,240.0 Newington Forest - 147.0 North Springfield
Oakton ,Week3,Oakton ,Week2,226.0 Oakton  (OAK2) - 176.0 Oakton  (OAK1)
North Springfield,Week3,Newington Forest,Week4,232.0 Newington Forest - 162.0 North Springfield
Oakton ,Week2,Fox Hunt,Week5,255.0 Oakton - 147.0 Fox Hunt
North Springfield,Week4,Mount Vernon Park,Week5,341.0 Mount Vernon Park - 50.0 North Springfield
North Springfield,Week3,Newington Forest,Week2,216.0 Newington Forest - 177.0 North Springfield
North Springfield,Week3,Newington Forest,Week3,226.0 Newington Forest - 169.0 North Springfield
North Springfield,Week5,Mount Vernon Park,Week3,305.0 Mount Vernon Park - 65.0 North Springfield
Oakton ,Week3,Fox Hunt,Week3,257.0 Oakton - 135.0 Fox Hunt
North Springfield,Week4,Mount Vernon Park,Week3,332.0 Mount Vernon Park - 59.0 North Springfield
Oakton ,Week4,Fox Hunt,Week1,303.0 Oakton - 99.0 Fox Hunt
Oakton ,Week2,Oakton ,Week3,226.0 Oakton  (OAK1) - 176.0 Oakton  (OAK2)
Oakton ,Week3,Forest Hollow,Week4,249.0 Oakton - 153.0 Forest Hollow
North Springfield,Week3,Mount Vernon Park,Week3,329.0 Mount Vernon Park - 68.0 North Springfield
Oakton ,Week2,Oakton ,Week2,198.5 Oakton  (OAK1) - 198.5 Oakton  (OAK2)
Oakton ,Week3,Fox Hunt,Week2,287.0 Oakton - 115.0 Fox Hunt
Oakton ,Week5,North Springfield,Week3,334.0 Oakton - 63.0 North Springfield
Oakton ,Week5,Oakton ,Week1,231.0 Oakton  (OAK1) - 171.0 Oakton  (OAK2)
North Springfield,Week4,Mount Vernon Park,Week1,334.0 Mount Vernon Park - 53.0 North Springfield
North Springfield,Week5,Mount Vernon Park,Week2,310.0 Mount Vernon Park - 64.0 North Springfield
Oakton ,Week4,Oakton ,Week2,212.0 Oakton  (OAK1) - 190.0 Oakton  (OAK2)
North Springfield,Week4,Newington Forest,Week1,231.0 Newington Forest - 154.0 North Springfield
Oakton ,Week2,Oakton ,Week4,212.0 Oakton  (OAK2) - 190.0 Oakton  (OAK1)
North Springfield,Week3,Newington Forest,Week5,235.0 Newington Forest - 161.0 North Springfield
North Springfield,Week4,Mount Vernon Park,Week2,343.0 Mount Vernon Park - 49.0 North Springfield
North Springfield,Week5,Mount Vernon Park,Week5,314.0 Mount Vernon Park - 60.0 North Springfield
Oakton ,Week1,Old Keene Mill,Week2,304.0 Oakton - 98.0 Old Keene Mill
Oakton ,Week2,Forest Hollow,Week4,257.0 Oakton - 145.0 Forest Hollow
Oakton ,Week4,Forest Hollow,Week1,266.0 Oakton - 136.0 Forest Hollow
Oakton ,Week3,Oakton ,Week4,202.0 Oakton  (OAK1) - 200.0 Oakton  (OAK2)
Oakton ,Week5,Oakton ,Week3,202.0 Oakton  (OAK1) - 200.0 Oakton  (OAK2)
Oakton ,Week3,Forest Hollow,Week5,240.0 Oakton - 162.0 Forest Hollow
Oakton ,Week1,Fox Hunt,Week1,284.0 Oakton - 118.0 Fox Hunt
North Springfield,Week5,Mount Vernon Park,Week4,308.0 Mount Vernon Park - 66.0 North Springfield
Oakton ,Week1,Oakton ,Week1,198.5 Oakton  (OAK1) - 198.5 Oakton  (OAK2)
Oakton ,Week5,Forest Hollow,Week2,277.0 Oakton - 125.0 Forest Hollow
Oakton ,Week2,Oakton ,Week1,240.0 Oakton  (OAK1) - 162.0 Oakton  (OAK2)
Oakton ,Week4,Oakton ,Week3,202.0 Oakton  (OAK2) - 200.0 Oakton  (OAK1)
North Springfield,Week1,Newington Forest,Week2,244.0 Newington Forest - 102.0 North Springfield
Oakton ,Week4,Fox Hunt,Week3,272.0 Oakton - 130.0 Fox Hunt
Oakton ,Week3,Fox Hunt,Week1,282.0 Oakton - 120.0 Fox Hunt
Oakton ,Week1,Oakton ,Week2,240.0 Oakton  (OAK2) - 162.0 Oakton  (OAK1)
Oakton ,Week4,Fox Hunt,Week2,303.5 Oakton - 98.5 Fox Hunt
Oakton ,Week2,Fox Hunt,Week2,297.0 Oakton - 100.0 Fox Hunt
Oakton ,Week1,Oakton ,Week5,231.0 Oakton  (OAK2) - 171.0 Oakton  (OAK1)
Oakton ,Week3,Oakton ,Week1,204.5 Oakton  (OAK1) - 197.5 Oakton  (OAK2)
North Springfield,Week2,Newington Forest,Week1,221.0 Newington Forest - 162.0 North Springfield
Newington Forest,Week4,Wakefield Chapel,Week1,344.0 Wakefield Chapel - 58.0 Newington Forest
Newington Forest,Week5,Sideburn Run,Week1,250.0 Sideburn Run - 147.0 Newington Forest
Oakton ,Week4,Oakton ,Week1,216.0 Oakton  (OAK1) - 186.0 Oakton  (OAK2)
Oakton ,Week5,Oakton ,Week2,199.0 Oakton  (OAK2) - 198.0 Oakton  (OAK1)
Oakton ,Week2,Fox Hunt,Week1,296.0 Oakton - 101.0 Fox Hunt
Oakton ,Week5,Forest Hollow,Week3,266.0 Oakton - 136.0 Forest Hollow
Oakton ,Week2,Fox Hunt,Week4,282.0 Oakton - 120.0 Fox Hunt
North Springfield,Week2,Newington Forest,Week5,251.0 Newington Forest - 137.0 North Springfield
Newington Forest,Week2,Wakefield Chapel,Week5,355.0 Wakefield Chapel - 47.0 Newington Forest
Oakton ,Week4,Oakton ,Week4,201.0 Oakton  (OAK1) - 201.0 Oakton  (OAK2)
North Springfield,Week2,Newington Forest,Week2,225.5 Newington Forest - 160.5 North Springfield
Oakton ,Week4,Forest Hollow,Week5,259.0 Oakton - 143.0 Forest Hollow
North Springfield,Week1,Newington Forest,Week4,250.0 Newington Forest - 99.0 North Springfield
Oakton ,Week5,Forest Hollow,Week4,259.0 Oakton - 143.0 Forest Hollow
Oakton ,Week2,Fox Hunt,Week3,271.0 Oakton - 131.0 Fox Hunt
Oakton ,Week3,Oakton ,Week3,196.0 Oakton  (OAK1) - 196.0 Oakton  (OAK2)
Oakton ,Week4,Fox Hunt,Week4,273.0 Oakton - 129.0 Fox Hunt
Newington Forest,Week3,Wakefield Chapel,Week4,333.0 Wakefield Chapel - 69.0 Newington Forest
Oakton ,Week5,North Springfield,Week5,304.0 Oakton - 70.0 North Springfield
North Springfield,Week1,Newington Forest,Week3,243.0 Newington Forest - 104.0 North Springfield
North Springfield,Week5,Kent Gardens,Week5,297.0 Kent Gardens - 77.0 North Springfield
Newington Forest,Week3,Wakefield Chapel,Week2,344.0 Wakefield Chapel - 58.0 Newington Forest
Newington Forest,Week1,Wakefield Chapel,Week5,362.0 Wakefield Chapel - 40.0 Newington Forest
Oakton ,Week2,Oakton ,Week5,199.0 Oakton  (OAK1) - 198.0 Oakton  (OAK2)
North Springfield,Week1,Newington Forest,Week1,245.0 Newington Forest - 99.0 North Springfield
Oakton ,Week5,Forest Hollow,Week1,275.0 Oakton - 127.0 Forest Hollow
North Springfield,Week3,Kent Gardens,Week5,315.0 Kent Gardens - 82.0 North Springfield
Newington Forest,Week4,Virginia Run,Week2,281.0 Virginia Run - 121.0 Newington Forest
Oakton ,Week5,Lakevale Estates,Week1,239.0 Oakton - 163.0 Lakevale Estates
Oakton ,Week1,Fox Hunt,Week2,288.0 Oakton - 114.0 Fox Hunt
North Springfield,Week3,Kent Gardens,Week1,301.0 Kent Gardens - 95.0 North Springfield
Newington Forest,Week4,Wakefield Chapel,Week3,343.0 Wakefield Chapel - 54.0 Newington Forest
Oakton ,Week4,Forest Hollow,Week4,267.0 Oakton - 135.0 Forest Hollow
Newington Forest,Week5,Wakefield Chapel,Week5,347.0 Wakefield Chapel - 55.0 Newington Forest
Oakton ,Week1,Fox Hunt,Week4,268.5 Oakton - 133.5 Fox Hunt
Oakton ,Week1,Old Keene Mill,Week4,316.0 Oakton - 86.0 Old Keene Mill
Oakton ,Week5,Oakton ,Week5,198.5 Oakton  (OAK1) - 198.5 Oakton  (OAK2)
Oakton ,Week3,Fox Hunt,Week5,243.0 Oakton - 159.0 Fox Hunt
Oakton ,Week2,Old Keene Mill,Week1,319.0 Oakton - 83.0 Old Keene Mill
Newington Forest,Week1,Walden Glen,Week3,253.0 Walden Glen - 148.0 Newington Forest
North Springfield,Week4,Kent Gardens,Week1,309.0 Kent Gardens - 82.0 North Springfield
Newington Forest,Week5,Wakefield Chapel,Week1,331.5 Wakefield Chapel - 70.5 Newington Forest
Oakton ,Week3,Fox Hunt,Week4,268.0 Oakton - 134.0 Fox Hunt
Oakton ,Week1,Fox Hunt,Week3,272.0 Oakton - 130.0 Fox Hunt
Newington Forest,Week5,Wakefield Chapel,Week3,336.0 Wakefield Chapel - 66.0 Newington Forest
Oakton ,Week5,Oakton ,Week4,213.0 Oakton  (OAK1) - 189.0 Oakton  (OAK2)
North Springfield,Week5,Kent Gardens,Week4,262.5 Kent Gardens - 111.5 North Springfield
Oakton ,Week1,Old Keene Mill,Week1,311.0 Oakton - 91.0 Old Keene Mill
Newington Forest,Week4,Wakefield Chapel,Week4,333.0 Wakefield Chapel - 69.0 Newington Forest
Oakton ,Week5,Lakevale Estates,Week3,215.0 Oakton - 187.0 Lakevale Estates
Oakton ,Week2,Old Keene Mill,Week2,313.0 Oakton - 89.0 Old Keene Mill
Oakton ,Week5,Forest Hollow,Week5,258.0 Oakton - 144.0 Forest Hollow
North Springfield,Week2,Kent Gardens,Week5,326.0 Kent Gardens - 62.0 North Springfield
North Springfield,Week1,Kings Ridge ,Week5,256.0 Kings Ridge - 93.0 North Springfield
North Springfield,Week1,Kings Ridge ,Week3,245.0 Kings Ridge - 97.0 North Springfield
North Springfield,Week5,Kings Ridge ,Week1,216.0 Kings Ridge - 158.0 North Springfield
Newington Forest,Week4,Virginia Run,Week3,289.5 Virginia Run - 112.5 Newington Forest
Oakton ,Week1,Brookfield ,Week1,257.0 Oakton - 145.0 Brookfield
Oakton ,Week2,Lakevale Estates,Week3,219.0 Oakton - 183.0 Lakevale Estates
Oakton ,Week4,Great Falls,Week2,265.0 Oakton - 119.0 Great Falls
Oakton ,Week2,Lakevale Estates,Week2,232.0 Oakton - 170.0 Lakevale Estates
North Springfield,Week3,Kent Gardens,Week2,276.0 Kent Gardens - 120.0 North Springfield
North Springfield,Week1,Kent Gardens,Week5,300.0 Kent Gardens - 51.0 North Springfield
Oakton ,Week4,Bren Mar-Edsall Park,Week3,383.0 Oakton - 19.0 Bren Mar-Edsall Park
Oakton ,Week3,Great Falls,Week3,259.0 Oakton - 143.0 Great Falls
Oakton ,Week5,Lake Braddock,Week1,377.0 Oakton - 25.0 Lake Braddock
North Springfield,Week2,Kent Gardens,Week2,283.0 Kent Gardens - 105.0 North Springfield
Newington Forest,Week5,Virginia Run,Week5,288.0 Virginia Run - 114.0 Newington Forest
Oakton ,Week3,Lakevale Estates,Week4,215.0 Lakevale Estates - 187.0 Oakton
North Springfield,Week3,Kent Gardens,Week3,267.0 Kent Gardens - 129.0 North Springfield
Newington Forest,Week5,Virginia Run,Week3,266.0 Virginia Run - 136.0 Newington Forest
North Springfield,Week2,Kent Gardens,Week1,304.0 Kent Gardens - 84.0 North Springfield
North Springfield,Week4,Kent Gardens,Week2,294.5 Kent Gardens - 97.5 North Springfield
Oakton ,Week1,Lakevale Estates,Week1,205.5 Oakton - 196.5 Lakevale Estates
Oakton ,Week1,Fox Hunt,Week5,255.0 Oakton - 147.0 Fox Hunt
Oakton ,Week1,Lakevale Estates,Week4,223.0 Lakevale Estates - 179.0 Oakton
Oakton ,Week5,Lake Braddock,Week4,369.0 Oakton - 33.0 Lake Braddock
Oakton ,Week2,Lakevale Estates,Week1,231.0 Oakton - 171.0 Lakevale Estates
Oakton ,Week2,Lakevale Estates,Week5,201.0 Lakevale Estates - 201.0 Oakton
North Springfield,Week1,Kings Ridge ,Week2,231.0 Kings Ridge - 117.0 North Springfield
Newington Forest,Week2,Wakefield Chapel,Week4,334.0 Wakefield Chapel - 68.0 Newington Forest
Newington Forest,Week1,Wakefield Chapel,Week3,360.0 Wakefield Chapel - 42.0 Newington Forest
North Springfield,Week5,Kent Gardens,Week2,271.0 Kent Gardens - 103.0 North Springfield
Oakton ,Week1,Greenbriar,Week1,243.0 Oakton - 159.0 Greenbriar
North Springfield,Week3,Kent Gardens,Week4,291.0 Kent Gardens - 106.0 North Springfield
Newington Forest,Week4,Virginia Run,Week5,313.0 Virginia Run - 89.0 Newington Forest
Newington Forest,Week5,Virginia Run,Week2,268.0 Virginia Run - 129.0 Newington Forest
North Springfield,Week4,Kent Gardens,Week3,284.0 Kent Gardens - 108.0 North Springfield
Newington Forest,Week5,Virginia Run,Week4,278.0 Virginia Run - 124.0 Newington Forest
Newington Forest,Week2,Wakefield Chapel,Week1,347.0 Wakefield Chapel - 55.0 Newington Forest
Newington Forest,Week4,Virginia Run,Week4,293.0 Virginia Run - 109.0 Newington Forest
Newington Forest,Week2,Wakefield Chapel,Week3,349.0 Wakefield Chapel - 53.0 Newington Forest
Oakton ,Week3,Lakevale Estates,Week5,205.0 Lakevale Estates - 197.0 Oakton
Newington Forest,Week5,Virginia Run,Week1,279.0 Virginia Run - 123.0 Newington Forest
North Springfield,Week2,Kings Ridge ,Week2,223.0 Kings Ridge - 164.0 North Springfield
Oakton ,Week5,Bren Mar-Edsall Park,Week4,384.0 Oakton - 18.0 Bren Mar-Edsall Park
Oakton ,Week1,Lakevale Estates,Week5,221.0 Lakevale Estates - 181.0 Oakton
Oakton ,Week1,Brookfield ,Week4,262.0 Oakton - 140.0 Brookfield
Oakton ,Week3,Lakevale Estates,Week1,214.0 Oakton - 183.0 Lakevale Estates
Newington Forest,Week1,Wakefield Chapel,Week4,349.0 Wakefield Chapel - 53.0 Newington Forest
Oakton ,Week5,Great Falls,Week2,274.0 Oakton - 105.0 Great Falls
Oakton ,Week3,Greenbriar,Week5,245.0 Oakton - 157.0 Greenbriar
Newington Forest,Week1,Wakefield Chapel,Week2,361.0 Wakefield Chapel - 40.0 Newington Forest
North Springfield,Week3,Kings Ridge ,Week1,225.0 Kings Ridge - 170.0 North Springfield
Newington Forest,Week1,Wakefield Chapel,Week1,352.0 Wakefield Chapel - 50.0 Newington Forest
Oakton ,Week5,Lake Braddock,Week3,361.0 Oakton - 41.0 Lake Braddock
Oakton ,Week1,Lakevale Estates,Week3,207.0 Lakevale Estates - 190.0 Oakton
North Springfield,Week5,Kent Gardens,Week1,286.0 Kent Gardens - 88.0 North Springfield
Oakton ,Week3,Brookfield ,Week2,286.0 Oakton - 116.0 Brookfield
Oakton ,Week3,Brookfield ,Week1,272.0 Oakton - 130.0 Brookfield
Oakton ,Week2,Great Falls,Week5,253.0 Oakton - 149.0 Great Falls
North Springfield,Week4,Kent Gardens,Week4,301.0 Kent Gardens - 91.0 North Springfield
Oakton ,Week3,Great Falls,Week1,272.0 Oakton - 130.0 Great Falls
North Springfield,Week2,Kent Gardens,Week4,280.0 Kent Gardens - 108.0 North Springfield
Oakton ,Week2,Greenbriar,Week3,264.0 Oakton - 138.0 Greenbriar
North Springfield,Week2,Kent Gardens,Week3,278.0 Kent Gardens - 110.0 North Springfield
Oakton ,Week2,Brookfield ,Week1,268.0 Oakton - 134.0 Brookfield
Oakton ,Week5,Bren Mar-Edsall Park,Week1,386.0 Oakton - 16.0 Bren Mar-Edsall Park
Oakton ,Week3,Lakevale Estates,Week2,220.0 Oakton - 182.0 Lakevale Estates
Oakton ,Week3,Lakevale Estates,Week3,212.0 Oakton - 185.0 Lakevale Estates
Newington Forest,Week2,Wakefield Chapel,Week2,344.0 Wakefield Chapel - 57.0 Newington Forest
Newington Forest,Week3,Wakefield Chapel,Week1,342.0 Wakefield Chapel - 60.0 Newington Forest
Oakton ,Week4,Great Falls,Week5,241.0 Oakton - 160.0 Great Falls
Oakton ,Week2,Brookfield ,Week2,287.0 Oakton - 115.0 Brookfield
North Springfield,Week5,Kent Gardens,Week3,253.0 Kent Gardens - 121.0 North Springfield
Oakton ,Week2,Lakevale Estates,Week4,205.5 Oakton - 196.5 Lakevale Estates
Oakton ,Week2,Bren Mar-Edsall Park,Week3,382.0 Oakton - 20.0 Bren Mar-Edsall Park
Newington Forest,Week4,Wakefield Chapel,Week5,353.0 Wakefield Chapel - 49.0 Newington Forest
Oakton ,Week4,Bren Mar-Edsall Park,Week4,380.0 Oakton - 22.0 Bren Mar-Edsall Park
Oakton ,Week1,Greenbriar,Week3,254.0 Oakton - 148.0 Greenbriar
Oakton ,Week1,Bren Mar-Edsall Park,Week5,375.5 Oakton - 21.5 Bren Mar-Edsall Park
Newington Forest,Week5,Wakefield Chapel,Week2,333.0 Wakefield Chapel - 69.0 Newington Forest
North Springfield,Week3,Kings Ridge ,Week4,242.0 Kings Ridge - 155.0 North Springfield
Oakton ,Week1,Lakevale Estates,Week2,203.0 Oakton - 199.0 Lakevale Estates
North Springfield,Week4,Kent Gardens,Week5,337.0 Kent Gardens - 55.0 North Springfield
Oakton ,Week5,Lake Braddock,Week2,351.0 Oakton - 51.0 Lake Braddock
Newington Forest,Week3,Wakefield Chapel,Week5,360.0 Wakefield Chapel - 42.0 Newington Forest
North Springfield,Week2,Kings Ridge ,Week3,240.0 Kings Ridge - 143.0 North Springfield
Oakton ,Week4,Brookfield ,Week2,289.0 Oakton - 113.0 Brookfield
Oakton ,Week5,Great Falls,Week1,292.0 Oakton - 110.0 Great Falls
North Springfield,Week3,Kings Ridge ,Week2,232.0 Kings Ridge - 163.0 North Springfield
Oakton ,Week4,Lakevale Estates,Week1,222.0 Oakton - 180.0 Lakevale Estates
Oakton ,Week4,Lakevale Estates,Week2,230.0 Oakton - 172.0 Lakevale Estates
Newington Forest,Week3,Wakefield Chapel,Week3,349.0 Wakefield Chapel - 53.0 Newington Forest
Oakton ,Week5,Great Falls,Week4,281.0 Oakton - 116.0 Great Falls
Oakton ,Week4,Great Falls,Week4,283.0 Oakton - 119.0 Great Falls
Oakton ,Week5,Great Falls,Week5,248.0 Oakton - 154.0 Great Falls
Oakton ,Week2,Brookfield ,Week3,298.0 Oakton - 104.0 Brookfield
Oakton ,Week3,Bren Mar-Edsall Park,Week2,380.0 Oakton - 22.0 Bren Mar-Edsall Park
Newington Forest,Week5,Wakefield Chapel,Week4,327.0 Wakefield Chapel - 75.0 Newington Forest
Oakton ,Week4,Lakevale Estates,Week3,210.0 Oakton - 192.0 Lakevale Estates
Oakton ,Week4,Lakevale Estates,Week4,212.0 Lakevale Estates - 190.0 Oakton
Oakton ,Week1,Greenbriar,Week2,235.0 Oakton - 167.0 Greenbriar
North Springfield,Week1,Kings Ridge ,Week1,257.0 Kings Ridge - 93.0 North Springfield
Newington Forest,Week4,Wakefield Chapel,Week2,345.0 Wakefield Chapel - 57.0 Newington Forest
Oakton ,Week3,Bren Mar-Edsall Park,Week3,378.0 Oakton - 19.0 Bren Mar-Edsall Park
Oakton ,Week5,Lakevale Estates,Week2,239.0 Oakton - 163.0 Lakevale Estates
Newington Forest,Week3,Walden Glen,Week1,239.0 Walden Glen - 162.0 Newington Forest
North Springfield,Week1,Kings Ridge ,Week4,257.0 Kings Ridge - 94.0 North Springfield
Oakton ,Week4,Lakeview,Week5,334.0 Oakton - 59.0 Lakeview
Oakton ,Week4,Bren Mar-Edsall Park,Week1,384.0 Oakton - 18.0 Bren Mar-Edsall Park
Oakton ,Week3,Great Falls,Week4,277.0 Oakton - 125.0 Great Falls
Oakton ,Week5,Lakeview,Week3,340.0 Oakton - 62.0 Lakeview
North Springfield,Week2,Kings Ridge ,Week1,239.0 Kings Ridge - 149.0 North Springfield
Oakton ,Week2,Bren Mar-Edsall Park,Week2,383.0 Oakton - 19.0 Bren Mar-Edsall Park
Oakton ,Week1,Greenbriar,Week5,237.0 Oakton - 165.0 Greenbriar
Oakton ,Week2,Lakeview,Week4,334.0 Oakton - 68.0 Lakeview
North Springfield,Week2,Kings Ridge ,Week4,256.0 Kings Ridge - 132.0 North Springfield
Oakton ,Week2,Greenbriar,Week1,257.0 Oakton - 145.0 Greenbriar
Newington Forest,Week1,Walden Glen,Week2,248.0 Walden Glen - 148.0 Newington Forest
Oakton ,Week1,Greenbriar,Week4,261.0 Oakton - 141.0 Greenbriar
Oakton ,Week2,Greenbriar,Week2,249.0 Oakton - 153.0 Greenbriar
Oakton ,Week5,Lake Braddock,Week5,351.0 Oakton - 51.0 Lake Braddock
Oakton ,Week2,Greenbriar,Week5,263.0 Oakton - 139.0 Greenbriar
Newington Forest,Week1,Walden Glen,Week4,265.0 Walden Glen - 132.0 Newington Forest
Oakton ,Week5,Bren Mar-Edsall Park,Week2,388.0 Oakton - 14.0 Bren Mar-Edsall Park
Oakton ,Week4,Lakevale Estates,Week5,212.0 Lakevale Estates - 190.0 Oakton
Oakton ,Week3,Great Falls,Week2,246.0 Oakton - 138.0 Great Falls
Oakton ,Week3,Lakeview,Week5,326.0 Oakton - 67.0 Lakeview
Newington Forest,Week1,Walden Glen,Week1,234.0 Walden Glen - 166.0 Newington Forest
Newington Forest,Week1,Waynewood,Week5,333.0 Waynewood - 68.0 Newington Forest
North Springfield,Week4,Kings Ridge ,Week3,242.0 Kings Ridge - 141.0 North Springfield
North Springfield,Week3,Kings Ridge ,Week5,262.0 Kings Ridge - 134.0 North Springfield
Oakton ,Week3,Bren Mar-Edsall Park,Week1,375.0 Oakton - 27.0 Bren Mar-Edsall Park
Oakton ,Week2,Greenbriar,Week4,289.0 Oakton - 113.0 Greenbriar
North Springfield,Week4,Kings Ridge ,Week1,242.0 Kings Ridge - 148.0 North Springfield
Newington Forest,Week1,Waynewood,Week4,308.0 Waynewood - 93.0 Newington Forest
Newington Forest,Week3,Walden Glen,Week3,257.0 Walden Glen - 144.0 Newington Forest
North Springfield,Week4,Kings Ridge ,Week2,235.0 Kings Ridge - 155.0 North Springfield
Oakton ,Week5,Lakevale Estates,Week5,205.0 Lakevale Estates - 197.0 Oakton
North Springfield,Week2,Kings Ridge ,Week5,252.0 Kings Ridge - 135.0 North Springfield
North Springfield,Week3,Kings Ridge ,Week3,227.0 Kings Ridge - 165.0 North Springfield
Oakton ,Week5,Bren Mar-Edsall Park,Week3,386.0 Oakton - 16.0 Bren Mar-Edsall Park
Oakton ,Week2,Bren Mar-Edsall Park,Week4,381.0 Oakton - 21.0 Bren Mar-Edsall Park
Newington Forest,Week5,Walden Glen,Week2,214.0 Walden Glen - 187.0 Newington Forest
Oakton ,Week2,Bren Mar-Edsall Park,Week1,380.0 Oakton - 22.0 Bren Mar-Edsall Park
North Springfield,Week3,Lake Braddock,Week2,213.0 Lake Braddock - 182.0 North Springfield
Oakton ,Week4,Bren Mar-Edsall Park,Week2,381.0 Oakton - 21.0 Bren Mar-Edsall Park
Oakton ,Week4,Lakeview,Week3,344.0 Oakton - 58.0 Lakeview
Newington Forest,Week3,Walden Glen,Week4,249.0 Walden Glen - 152.0 Newington Forest
Newington Forest,Week1,Walden Glen,Week5,278.0 Walden Glen - 119.0 Newington Forest
Newington Forest,Week4,Walden Glen,Week5,248.0 Walden Glen - 154.0 Newington Forest
Oakton ,Week3,Great Falls,Week5,248.0 Oakton - 154.0 Great Falls
Oakton ,Week5,Bren Mar-Edsall Park,Week5,384.0 Oakton - 18.0 Bren Mar-Edsall Park
Newington Forest,Week3,Walden Glen,Week2,243.0 Walden Glen - 155.0 Newington Forest
Oakton ,Week5,Lakevale Estates,Week4,210.0 Lakevale Estates - 192.0 Oakton
Newington Forest,Week2,Walden Glen,Week4,264.0 Walden Glen - 133.0 Newington Forest
North Springfield,Week4,Kings Ridge ,Week4,261.0 Kings Ridge - 131.0 North Springfield
Newington Forest,Week5,Springboard,Week1,215.0 Newington Forest - 186.0 Springboard
Oakton ,Week5,Lakeview,Week5,326.0 Oakton - 67.0 Lakeview
Oakton ,Week4,Bren Mar-Edsall Park,Week5,376.0 Oakton - 26.0 Bren Mar-Edsall Park
Oakton ,Week3,Bren Mar-Edsall Park,Week5,370.0 Oakton - 27.0 Bren Mar-Edsall Park
Newington Forest,Week1,Springfield,Week3,303.0 Newington Forest - 74.0 Springfield
Oakton ,Week1,Lakeview,Week5,333.0 Oakton - 60.0 Lakeview
North Springfield,Week1,Lake Braddock,Week3,240.0 Lake Braddock - 109.0 North Springfield
Oakton ,Week3,Bren Mar-Edsall Park,Week4,376.0 Oakton - 26.0 Bren Mar-Edsall Park
Oakton ,Week5,Great Falls,Week3,277.0 Oakton - 125.0 Great Falls
North Springfield,Week4,Kings Ridge ,Week5,273.0 Kings Ridge - 119.0 North Springfield
Oakton ,Week4,Great Falls,Week3,263.0 Oakton - 139.0 Great Falls
Oakton ,Week2,Langley,Week2,232.0 Oakton - 170.0 Langley
Oakton ,Week2,Bren Mar-Edsall Park,Week5,376.0 Oakton - 26.0 Bren Mar-Edsall Park
Newington Forest,Week2,Walden Glen,Week3,264.0 Walden Glen - 136.0 Newington Forest
Oakton ,Week4,Lakeview,Week1,356.5 Oakton - 45.5 Lakeview
Oakton ,Week4,Great Falls,Week1,287.0 Oakton - 115.0 Great Falls
Oakton ,Week2,Great Falls,Week4,270.0 Oakton - 127.0 Great Falls
North Springfield,Week3,Lake Braddock,Week1,205.0 Lake Braddock - 190.0 North Springfield
Newington Forest,Week4,Walden Glen,Week4,234.0 Walden Glen - 163.0 Newington Forest
Newington Forest,Week1,Springboard,Week4,207.0 Springboard - 190.0 Newington Forest
Oakton ,Week1,Brookfield ,Week2,284.0 Oakton - 118.0 Brookfield
North Springfield,Week4,Lake Braddock,Week1,231.0 Lake Braddock - 160.0 North Springfield
North Springfield,Week2,Lake Braddock,Week1,216.0 Lake Braddock - 171.0 North Springfield
Oakton ,Week2,Brookfield ,Week4,268.0 Oakton - 134.0 Brookfield
Oakton ,Week3,Greenbriar,Week4,269.0 Oakton - 133.0 Greenbriar
Newington Forest,Week4,Springboard,Week3,203.0 Springboard - 198.0 Newington Forest
Oakton ,Week3,Greenbriar,Week3,245.0 Oakton - 157.0 Greenbriar
Newington Forest,Week5,Springboard,Week2,239.0 Newington Forest - 162.0 Springboard
Oakton ,Week5,Lakeview,Week1,354.0 Oakton - 48.0 Lakeview
Newington Forest,Week2,Walden Glen,Week2,258.0 Walden Glen - 139.0 Newington Forest
Oakton ,Week2,Lakeview,Week2,364.0 Oakton - 38.0 Lakeview
Newington Forest,Week5,Springboard,Week3,210.0 Newington Forest - 191.0 Springboard
Newington Forest,Week1,Springboard,Week2,205.0 Newington Forest - 187.0 Springboard
Oakton ,Week5,Greenbriar,Week4,279.0 Oakton - 123.0 Greenbriar
Newington Forest,Week5,Walden Glen,Week3,227.0 Walden Glen - 175.0 Newington Forest
Oakton ,Week3,Greenbriar,Week1,248.0 Oakton - 154.0 Greenbriar
North Springfield,Week3,Lake Braddock,Week4,221.0 Lake Braddock - 176.0 North Springfield
North Springfield,Week1,Lake Braddock,Week1,226.0 Lake Braddock - 123.0 North Springfield
North Springfield,Week3,Lake Braddock,Week5,228.0 Lake Braddock - 167.0 North Springfield
Newington Forest,Week2,Walden Glen,Week1,243.0 Walden Glen - 158.0 Newington Forest
Oakton ,Week1,Brookfield ,Week3,289.0 Oakton - 113.0 Brookfield
Oakton ,Week1,Lakeview,Week3,336.0 Oakton - 66.0 Lakeview
Oakton ,Week1,Brookfield ,Week5,278.0 Oakton - 124.0 Brookfield
Newington Forest,Week3,Walden Glen,Week5,269.0 Walden Glen - 132.0 Newington Forest
Oakton ,Week1,Lakeview,Week4,338.5 Oakton - 63.5 Lakeview
Oakton ,Week3,Lakeview,Week4,325.0 Oakton - 77.0 Lakeview
Oakton ,Week3,Greenbriar,Week2,237.0 Oakton - 165.0 Greenbriar
North Springfield,Week2,Lake Braddock,Week3,227.0 Lake Braddock - 160.0 North Springfield
North Springfield,Week2,Lake Braddock,Week4,211.0 Lake Braddock - 177.0 North Springfield
Oakton ,Week2,Lakeview,Week3,339.0 Oakton - 63.0 Lakeview
Newington Forest,Week5,Walden Glen,Week5,243.0 Walden Glen - 159.0 Newington Forest
North Springfield,Week4,Lake Braddock,Week2,237.0 Lake Braddock - 152.0 North Springfield
Oakton ,Week4,Brookfield ,Week3,296.0 Oakton - 106.0 Brookfield
Oakton ,Week3,Hamlet,Week2,217.5 Hamlet - 184.5 Oakton
Newington Forest,Week1,Waynewood,Week1,282.0 Waynewood - 120.0 Newington Forest
Newington Forest,Week4,Walden Glen,Week1,215.0 Walden Glen - 186.0 Newington Forest
Oakton ,Week1,Broyhill Crest,Week4,387.0 Oakton - 15.0 Broyhill Crest
Oakton ,Week5,Hamlet,Week2,214.0 Hamlet - 188.0 Oakton
Oakton ,Week2,Hamlet,Week1,211.0 Oakton - 191.0 Hamlet
Newington Forest,Week2,Springboard,Week2,209.0 Newington Forest - 183.0 Springboard
North Springfield,Week1,Lake Braddock,Week5,251.0 Lake Braddock - 98.0 North Springfield
Oakton ,Week3,Lakeview,Week2,358.0 Oakton - 44.0 Lakeview
North Springfield,Week1,Lake Braddock,Week2,238.0 Lake Braddock - 110.0 North Springfield
Oakton ,Week4,Hamlet,Week5,221.0 Hamlet - 181.0 Oakton
Newington Forest,Week4,Springboard,Week1,208.0 Newington Forest - 193.0 Springboard
Newington Forest,Week2,Springboard,Week4,217.0 Springboard - 180.0 Newington Forest
Newington Forest,Week4,Walden Glen,Week3,242.0 Walden Glen - 160.0 Newington Forest
Newington Forest,Week5,Walden Glen,Week4,230.0 Walden Glen - 172.0 Newington Forest
Newington Forest,Week3,Springboard,Week2,216.0 Newington Forest - 184.0 Springboard
Newington Forest,Week3,Springboard,Week4,207.0 Springboard - 194.0 Newington Forest
Oakton ,Week3,Brookfield ,Week4,271.0 Oakton - 131.0 Brookfield
Oakton ,Week3,Brookfield ,Week3,290.0 Oakton - 112.0 Brookfield
Oakton ,Week2,Lakeview,Week1,357.0 Oakton - 45.0 Lakeview
Oakton ,Week4,Brookfield ,Week1,275.0 Oakton - 127.0 Brookfield
Oakton ,Week1,Hamlet,Week1,203.0 Oakton - 199.0 Hamlet
Oakton ,Week2,Lakeview,Week5,329.5 Oakton - 63.5 Lakeview
Newington Forest,Week2,Walden Glen,Week5,269.0 Walden Glen - 128.0 Newington Forest
Newington Forest,Week4,Springboard,Week4,202.0 Springboard - 195.0 Newington Forest
Oakton ,Week1,Hamlet,Week3,217.0 Hamlet - 185.0 Oakton
Newington Forest,Week5,Walden Glen,Week1,206.0 Walden Glen - 196.0 Newington Forest
Oakton ,Week3,Lakeview,Week1,345.0 Oakton - 57.0 Lakeview
Oakton ,Week4,Greenbriar,Week5,244.0 Oakton - 158.0 Greenbriar
Oakton ,Week2,Brookfield ,Week5,279.0 Oakton - 123.0 Brookfield
North Springfield,Week5,Kings Ridge ,Week4,223.0 Kings Ridge - 151.0 North Springfield
Oakton ,Week4,Lakeview,Week4,351.5 Oakton - 50.5 Lakeview
Oakton ,Week3,Brookfield ,Week5,275.0 Oakton - 127.0 Brookfield
North Springfield,Week5,Kings Ridge ,Week5,231.0 Kings Ridge - 143.0 North Springfield
Newington Forest,Week5,Springboard,Week5,202.0 Newington Forest - 199.0 Springboard
Oakton ,Week1,Lakeview,Week2,360.0 Oakton - 42.0 Lakeview
Oakton ,Week3,Broyhill Crest,Week1,382.0 Oakton - 20.0 Broyhill Crest
Oakton ,Week2,Broyhill Crest,Week2,390.0 Oakton - 12.0 Broyhill Crest
Oakton ,Week4,Lakeview,Week2,369.0 Oakton - 33.0 Lakeview
Newington Forest,Week1,Woodley,Week1,220.0 Woodley - 182.0 Newington Forest
Oakton ,Week3,Hamlet,Week1,202.0 Hamlet - 200.0 Oakton
Oakton ,Week5,Brookfield ,Week4,282.0 Oakton - 120.0 Brookfield
Oakton ,Week4,Greenbriar,Week3,253.0 Oakton - 149.0 Greenbriar
Newington Forest,Week1,Waynewood,Week2,315.0 Waynewood - 87.0 Newington Forest
Oakton ,Week5,Greenbriar,Week3,270.0 Oakton - 132.0 Greenbriar
Newington Forest,Week3,Waynewood,Week3,317.0 Waynewood - 85.0 Newington Forest
Newington Forest,Week1,Springboard,Week5,210.0 Springboard - 183.0 Newington Forest
Oakton ,Week1,Lakeview,Week1,351.0 Oakton - 51.0 Lakeview
Newington Forest,Week1,Springboard,Week3,197.0 Newington Forest - 196.0 Springboard
Oakton ,Week5,Lakeview,Week2,365.0 Oakton - 37.0 Lakeview
Newington Forest,Week1,Waynewood,Week3,329.0 Waynewood - 73.0 Newington Forest
North Springfield,Week5,Kings Ridge ,Week2,197.0 Kings Ridge - 175.0 North Springfield
North Springfield,Week2,Lake Braddock,Week2,224.0 Lake Braddock - 163.0 North Springfield
Newington Forest,Week2,Springboard,Week1,202.0 Springboard - 190.0 Newington Forest
Oakton ,Week2,Broyhill Crest,Week4,386.0 Oakton - 16.0 Broyhill Crest
North Springfield,Week3,Lake Braddock,Week3,223.0 Lake Braddock - 173.0 North Springfield
Newington Forest,Week3,Springboard,Week5,215.0 Springboard - 186.0 Newington Forest
Oakton ,Week3,Lakeview,Week3,333.0 Oakton - 69.0 Lakeview
Newington Forest,Week1,Springfield,Week1,290.0 Newington Forest - 97.0 Springfield
Oakton ,Week3,Hamlet,Week3,217.0 Hamlet - 185.0 Oakton
Oakton ,Week1,Broyhill Crest,Week5,381.0 Oakton - 21.0 Broyhill Crest
North Springfield,Week2,Lake Braddock,Week5,238.0 Lake Braddock - 149.0 North Springfield
Newington Forest,Week4,Walden Glen,Week2,233.0 Walden Glen - 168.0 Newington Forest
North Springfield,Week5,Kings Ridge ,Week3,204.0 Kings Ridge - 162.0 North Springfield
Oakton ,Week2,Hamlet,Week2,211.0 Hamlet - 191.0 Oakton
Newington Forest,Week2,Springboard,Week5,222.0 Springboard - 171.0 Newington Forest
North Springfield,Week4,Lake Braddock,Week3,246.0 Lake Braddock - 144.0 North Springfield
North Springfield,Week1,Lakevale Estates,Week1,319.0 Lakevale Estates - 32.0 North Springfield
Oakton ,Week5,Lakeview,Week4,336.0 Oakton - 66.0 Lakeview
Oakton ,Week5,Brookfield ,Week2,297.0 Oakton - 105.0 Brookfield
Newington Forest,Week3,Springboard,Week3,211.0 Springboard - 190.0 Newington Forest
Oakton ,Week5,Brookfield ,Week5,293.0 Oakton - 109.0 Brookfield
Oakton ,Week1,Langley,Week1,203.0 Oakton - 199.0 Langley
Newington Forest,Week2,Woodley,Week3,216.0 Woodley - 184.0 Newington Forest
Oakton ,Week1,Langley,Week3,202.5 Langley - 199.5 Oakton
Oakton ,Week1,Hamlet,Week4,205.0 Oakton - 197.0 Hamlet
North Springfield,Week2,Lakevale Estates,Week1,340.0 Lakevale Estates - 48.0 North Springfield
Oakton ,Week4,Hamlet,Week2,218.5 Hamlet - 183.5 Oakton
North Springfield,Week3,Lakevale Estates,Week4,341.0 Lakevale Estates - 56.0 North Springfield
Oakton ,Week2,Hamlet,Week3,203.5 Oakton - 198.5 Hamlet
Newington Forest,Week4,Springboard,Week5,208.0 Springboard - 193.0 Newington Forest
Newington Forest,Week4,Springboard,Week2,232.0 Newington Forest - 164.0 Springboard
Oakton ,Week3,Hamlet,Week5,242.0 Hamlet - 160.0 Oakton
Oakton ,Week2,Broyhill Crest,Week3,389.0 Oakton - 13.0 Broyhill Crest
North Springfield,Week1,Lake Braddock,Week4,240.0 Lake Braddock - 109.0 North Springfield
Newington Forest,Week5,Waynewood,Week3,295.0 Waynewood - 107.0 Newington Forest
Oakton ,Week3,Hamlet,Week4,206.0 Oakton - 196.0 Hamlet
Oakton ,Week4,Brookfield ,Week4,281.0 Oakton - 121.0 Brookfield
Oakton ,Week1,Langley,Week2,212.0 Oakton - 190.0 Langley
Newington Forest,Week4,Waynewood,Week5,301.5 Waynewood - 100.5 Newington Forest
Newington Forest,Week3,Springboard,Week1,205.0 Springboard - 196.0 Newington Forest
Newington Forest,Week3,Waynewood,Week5,316.0 Waynewood - 86.0 Newington Forest
Oakton ,Week3,Broyhill Crest,Week2,388.0 Oakton - 14.0 Broyhill Crest
Oakton ,Week1,Langley,Week4,203.0 Oakton - 199.0 Langley
Oakton ,Week4,Greenbriar,Week2,241.0 Oakton - 161.0 Greenbriar
Newington Forest,Week4,Waynewood,Week2,293.0 Waynewood - 109.0 Newington Forest
Oakton ,Week2,Langley,Week1,224.0 Oakton - 178.0 Langley
Oakton ,Week2,Hamlet,Week5,220.0 Hamlet - 182.0 Oakton
Oakton ,Week4,Brookfield ,Week5,280.0 Oakton - 122.0 Brookfield
Newington Forest,Week3,Woodley,Week5,221.0 Woodley - 181.0 Newington Forest
Oakton ,Week4,Broyhill Crest,Week2,394.0 Oakton - 8.0 Broyhill Crest
Oakton ,Week2,Langley,Week4,225.0 Oakton - 177.0 Langley
Oakton ,Week4,Hamlet,Week3,206.5 Hamlet - 195.5 Oakton
Newington Forest,Week3,Woodley,Week1,217.0 Woodley - 185.0 Newington Forest
Newington Forest,Week2,Springboard,Week3,211.0 Springboard - 181.0 Newington Forest
North Springfield,Week5,Lakevale Estates,Week2,314.0 Lakevale Estates - 60.0 North Springfield
Oakton ,Week5,Greenbriar,Week1,268.0 Oakton - 134.0 Greenbriar
Oakton ,Week1,Langley,Week5,213.5 Oakton - 188.5 Langley
Newington Forest,Week5,Waynewood,Week5,295.0 Waynewood - 107.0 Newington Forest
Newington Forest,Week5,Waynewood,Week2,278.0 Waynewood - 124.0 Newington Forest
Oakton ,Week4,Hamlet,Week4,213.0 Oakton - 189.0 Hamlet
North Springfield,Week5,Lake Braddock,Week2,190.0 Lake Braddock - 182.0 North Springfield
North Springfield,Week2,Lakevale Estates,Week5,330.0 Lakevale Estates - 58.0 North Springfield
Oakton ,Week3,Laurel Hill,Week3,320.0 Oakton - 82.0 Laurel Hill
North Springfield,Week1,Lakevale Estates,Week2,320.0 Lakevale Estates - 31.0 North Springfield
North Springfield,Week5,Lake Braddock,Week1,188.0 Lake Braddock - 183.0 North Springfield
Newington Forest,Week3,Woodley,Week3,209.0 Woodley - 192.0 Newington Forest
Oakton ,Week4,Langley,Week1,211.0 Oakton - 191.0 Langley
Oakton ,Week3,Broyhill Crest,Week5,374.0 Oakton - 28.0 Broyhill Crest
Oakton ,Week4,Broyhill Crest,Week1,389.0 Oakton - 13.0 Broyhill Crest
Newington Forest,Week4,Springfield,Week2,320.0 Newington Forest - 69.0 Springfield
Oakton ,Week5,Langley,Week1,216.0 Oakton - 186.0 Langley
North Springfield,Week5,Lake Braddock,Week4,203.0 Lake Braddock - 171.0 North Springfield
Newington Forest,Week4,Springfield,Week1,318.0 Newington Forest - 78.0 Springfield
Oakton ,Week3,Broyhill Crest,Week4,377.0 Oakton - 25.0 Broyhill Crest
North Springfield,Week2,Lakevale Estates,Week2,339.0 Lakevale Estates - 49.0 North Springfield
Newington Forest,Week1,Springboard,Week1,197.0 Newington Forest - 195.0 Springboard
Newington Forest,Week2,Waynewood,Week5,329.0 Waynewood - 72.0 Newington Forest
Newington Forest,Week1,Springfield,Week2,303.0 Newington Forest - 79.0 Springfield
Newington Forest,Week5,Springboard,Week4,209.0 Newington Forest - 193.0 Springboard
Oakton ,Week4,Broyhill Crest,Week3,394.0 Oakton - 8.0 Broyhill Crest
Oakton ,Week2,Langley,Week3,219.0 Oakton - 183.0 Langley
Oakton ,Week4,Hamlet,Week1,202.5 Oakton - 199.5 Hamlet
Oakton ,Week4,Greenbriar,Week4,278.0 Oakton - 124.0 Greenbriar
Oakton ,Week5,Brookfield ,Week3,312.0 Oakton - 90.0 Brookfield
North Springfield,Week5,Lake Braddock,Week5,211.0 Lake Braddock - 162.0 North Springfield
Oakton ,Week1,Broyhill Crest,Week2,391.0 Oakton - 11.0 Broyhill Crest
North Springfield,Week3,Lakevale Estates,Week5,329.0 Lakevale Estates - 68.0 North Springfield
Oakton ,Week1,Laurel Hill,Week2,335.0 Oakton - 67.0 Laurel Hill
Oakton ,Week3,Langley,Week4,202.0 Oakton - 200.0 Langley
North Springfield,Week4,Lakevale Estates,Week2,338.0 Lakevale Estates - 54.0 North Springfield
Oakton ,Week3,Langley,Week2,217.0 Oakton - 185.0 Langley
Oakton ,Week2,Broyhill Crest,Week5,378.0 Oakton - 24.0 Broyhill Crest
Newington Forest,Week1,Springfield,Week4,280.0 Newington Forest - 107.0 Springfield
North Springfield,Week4,Lake Braddock,Week5,240.0 Lake Braddock - 150.0 North Springfield
North Springfield,Week4,Lakevale Estates,Week1,333.0 Lakevale Estates - 59.0 North Springfield
Oakton ,Week4,Greenbriar,Week1,257.0 Oakton - 145.0 Greenbriar
Oakton ,Week1,Hamlet,Week2,221.0 Hamlet - 181.0 Oakton
Newington Forest,Week4,Waynewood,Week3,315.0 Waynewood - 87.0 Newington Forest
Oakton ,Week5,Greenbriar,Week2,245.0 Oakton - 157.0 Greenbriar
Newington Forest,Week3,Springfield,Week4,306.0 Newington Forest - 93.0 Springfield
Newington Forest,Week1,Stratford,Week3,254.0 Stratford - 147.0 Newington Forest
Oakton ,Week1,Hamlet,Week5,231.0 Hamlet - 171.0 Oakton
Oakton ,Week5,Greenbriar,Week5,266.5 Oakton - 135.5 Greenbriar
Newington Forest,Week5,Springfield,Week3,329.0 Newington Forest - 66.0 Springfield
Oakton ,Week3,Broyhill Crest,Week3,387.0 Oakton - 15.0 Broyhill Crest
Oakton ,Week2,Langley,Week5,227.0 Oakton - 170.0 Langley
Oakton ,Week5,Brookfield ,Week1,289.0 Oakton - 113.0 Brookfield
Newington Forest,Week5,Springfield,Week1,323.0 Newington Forest - 74.0 Springfield
Newington Forest,Week2,Woodley,Week1,219.0 Woodley - 183.0 Newington Forest
Newington Forest,Week5,Waynewood,Week4,288.5 Waynewood - 113.5 Newington Forest
Oakton ,Week1,Broyhill Crest,Week1,386.0 Oakton - 16.0 Broyhill Crest
Newington Forest,Week2,Waynewood,Week3,323.0 Waynewood - 79.0 Newington Forest
Oakton ,Week5,Langley,Week2,229.0 Oakton - 173.0 Langley
Newington Forest,Week3,Waynewood,Week2,301.0 Waynewood - 101.0 Newington Forest
Newington Forest,Week3,Springfield,Week5,331.0 Newington Forest - 67.0 Springfield
North Springfield,Week4,Lakevale Estates,Week5,336.0 Lakevale Estates - 56.0 North Springfield
Newington Forest,Week1,Woodley,Week2,213.0 Woodley - 185.0 Newington Forest
North Springfield,Week4,Lakevale Estates,Week3,337.0 Lakevale Estates - 55.0 North Springfield
North Springfield,Week3,Lakevale Estates,Week2,333.0 Lakevale Estates - 64.0 North Springfield
Oakton ,Week2,Broyhill Crest,Week1,384.0 Oakton - 13.0 Broyhill Crest
Oakton ,Week5,Broyhill Crest,Week5,378.0 Oakton - 24.0 Broyhill Crest
Oakton ,Week4,Langley,Week2,224.0 Oakton - 178.0 Langley
Newington Forest,Week5,Springfield,Week4,315.0 Newington Forest - 82.0 Springfield
Oakton ,Week1,Broyhill Crest,Week3,390.0 Oakton - 7.0 Broyhill Crest
Oakton ,Week5,Burke Station,Week2,354.0 Oakton - 48.0 Burke Station
Oakton ,Week5,Hamlet,Week1,210.0 Oakton - 192.0 Hamlet
Oakton ,Week4,Langley,Week3,212.0 Oakton - 190.0 Langley
Newington Forest,Week4,Waynewood,Week1,271.0 Waynewood - 131.0 Newington Forest
Oakton ,Week4,Hayfield Farm,Week1,274.0 Oakton - 128.0 Hayfield Farm
Oakton ,Week2,Hamlet,Week4,204.0 Oakton - 198.0 Hamlet
Oakton ,Week3,Langley,Week1,211.0 Oakton - 191.0 Langley
Newington Forest,Week4,Springfield,Week3,311.0 Newington Forest - 74.0 Springfield
Oakton ,Week4,Hayfield Farm,Week5,282.0 Oakton - 120.0 Hayfield Farm
Newington Forest,Week5,Waynewood,Week1,250.0 Waynewood - 152.0 Newington Forest
Oakton ,Week5,Langley,Week4,220.0 Oakton - 182.0 Langley
Oakton ,Week2,Hayfield Farm,Week2,274.0 Oakton - 128.0 Hayfield Farm
North Springfield,Week3,Lakevale Estates,Week1,339.0 Lakevale Estates - 58.0 North Springfield
Oakton ,Week4,Burke Station,Week5,312.0 Oakton - 90.0 Burke Station
Newington Forest,Week2,Waynewood,Week1,284.0 Waynewood - 118.0 Newington Forest
Newington Forest,Week2,Springfield,Week2,305.0 Newington Forest - 79.0 Springfield
Newington Forest,Week1,Springfield,Week5,299.0 Newington Forest - 89.0 Springfield
Newington Forest,Week2,Waynewood,Week2,309.0 Waynewood - 93.0 Newington Forest
Oakton ,Week2,Laurel Hill,Week1,321.0 Oakton - 81.0 Laurel Hill
North Springfield,Week1,Lakevale Estates,Week5,314.0 Lakevale Estates - 37.0 North Springfield
Oakton ,Week3,Burke Station,Week2,336.0 Oakton - 66.0 Burke Station
Newington Forest,Week1,Woodley,Week4,201.0 Newington Forest - 200.0 Woodley
North Springfield,Week1,Lakevale Estates,Week4,318.0 Lakevale Estates - 33.0 North Springfield
Newington Forest,Week2,Springfield,Week3,300.0 Newington Forest - 80.0 Springfield
Oakton ,Week1,Burke Station,Week1,289.0 Oakton - 89.0 Burke Station
Oakton ,Week1,Herndon,Week5,359.0 Oakton - 43.0 Herndon
Oakton ,Week5,Broyhill Crest,Week1,384.0 Oakton - 13.0 Broyhill Crest
Oakton ,Week5,Langley,Week5,230.0 Oakton - 167.0 Langley
Oakton ,Week5,Broyhill Crest,Week2,393.0 Oakton - 9.0 Broyhill Crest
Newington Forest,Week5,Springfield,Week5,329.0 Newington Forest - 68.0 Springfield
Newington Forest,Week3,Waynewood,Week1,272.0 Waynewood - 130.0 Newington Forest
Oakton ,Week5,Hayfield Farm,Week2,278.0 Oakton - 124.0 Hayfield Farm
Oakton ,Week3,Langley,Week5,216.0 Oakton - 186.0 Langley
Oakton ,Week2,Burke Station,Week1,306.0 Oakton - 73.0 Burke Station
North Springfield,Week1,Lakevale Estates,Week3,314.0 Lakevale Estates - 37.0 North Springfield
Oakton ,Week1,Herndon,Week3,354.0 Oakton - 43.0 Herndon
Oakton ,Week1,Hayfield Farm,Week4,269.0 Oakton - 133.0 Hayfield Farm
Newington Forest,Week4,Springfield,Week5,326.0 Newington Forest - 67.0 Springfield
Newington Forest,Week2,Springfield,Week4,285.0 Newington Forest - 102.0 Springfield
Newington Forest,Week1,Stratford,Week1,202.0 Stratford - 196.0 Newington Forest
Newington Forest,Week1,Woodley,Week3,215.0 Woodley - 185.0 Newington Forest
Newington Forest,Week3,Waynewood,Week4,297.0 Waynewood - 105.0 Newington Forest
Oakton ,Week2,Laurel Hill,Week2,348.0 Oakton - 54.0 Laurel Hill
Oakton ,Week5,Hayfield Farm,Week5,288.0 Oakton - 114.0 Hayfield Farm
Oakton ,Week2,Burke Station,Week5,319.0 Oakton - 83.0 Burke Station
Oakton ,Week1,Hayfield Farm,Week2,269.0 Oakton - 133.0 Hayfield Farm
Newington Forest,Week4,Waynewood,Week4,291.0 Waynewood - 111.0 Newington Forest
Oakton ,Week1,Laurel Hill,Week5,289.0 Oakton - 113.0 Laurel Hill
Oakton ,Week5,Langley,Week3,226.0 Oakton - 176.0 Langley
North Springfield,Week5,Lake Braddock,Week3,200.0 Lake Braddock - 172.0 North Springfield
North Springfield,Week2,Lakevale Estates,Week3,334.0 Lakevale Estates - 54.0 North Springfield
North Springfield,Week5,Lakevale Estates,Week1,307.0 Lakevale Estates - 67.0 North Springfield
North Springfield,Week4,Lake Braddock,Week4,240.0 Lake Braddock - 151.0 North Springfield
Newington Forest,Week1,Woodley,Week5,216.0 Woodley - 182.0 Newington Forest
Oakton ,Week1,Laurel Hill,Week1,312.0 Oakton - 90.0 Laurel Hill
Newington Forest,Week2,Springfield,Week5,315.0 Newington Forest - 72.0 Springfield
Newington Forest,Week5,Springfield,Week2,334.0 Newington Forest - 57.0 Springfield
Oakton ,Week2,Laurel Hill,Week3,325.0 Oakton - 77.0 Laurel Hill
Newington Forest,Week2,Waynewood,Week4,305.0 Waynewood - 96.0 Newington Forest
Oakton ,Week1,Burke Station,Week3,323.0 Oakton - 69.0 Burke Station
Oakton ,Week1,Burke Station,Week2,335.0 Oakton - 61.0 Burke Station
Oakton ,Week2,Laurel Hill,Week5,303.0 Oakton - 99.0 Laurel Hill
North Springfield,Week5,Sully Station,Week2,270.0 Sully Station - 104.0 North Springfield
Oakton ,Week1,Hayfield Farm,Week1,271.0 Oakton - 131.0 Hayfield Farm
North Springfield,Week3,Lakevale Estates,Week3,334.0 Lakevale Estates - 63.0 North Springfield
North Springfield,Week4,Lakevale Estates,Week4,347.0 Lakevale Estates - 45.0 North Springfield
North Springfield,Week1,Sully Station,Week1,302.5 Sully Station - 47.5 North Springfield
Oakton ,Week2,Laurel Hill,Week4,319.0 Oakton - 83.0 Laurel Hill
North Springfield,Week3,Sully Station,Week3,309.0 Sully Station - 87.0 North Springfield
Oakton ,Week3,Burke Station,Week1,306.0 Oakton - 73.0 Burke Station
Oakton ,Week3,Hayfield Farm,Week2,267.0 Oakton - 135.0 Hayfield Farm
Newington Forest,Week3,Woodley,Week2,202.0 Newington Forest - 200.0 Woodley
North Springfield,Week2,Lakevale Estates,Week4,336.0 Lakevale Estates - 52.0 North Springfield
Newington Forest,Week1,Stratford,Week2,234.0 Stratford - 167.0 Newington Forest
Oakton ,Week1,Laurel Hill,Week4,311.0 Oakton - 91.0 Laurel Hill
North Springfield,Week2,Sully Station,Week1,318.0 Sully Station - 69.0 North Springfield
Oakton ,Week1,Burke Station,Week4,332.0 Oakton - 65.0 Burke Station
Newington Forest,Week2,Woodley,Week2,210.5 Woodley - 187.5 Newington Forest
Oakton ,Week2,Hayfield Farm,Week1,283.0 Oakton - 119.0 Hayfield Farm
Oakton ,Week3,Laurel Hill,Week1,319.0 Oakton - 83.0 Laurel Hill
Newington Forest,Week3,Springfield,Week1,315.0 Newington Forest - 83.0 Springfield
Newington Forest,Week2,Springfield,Week1,297.0 Newington Forest - 89.0 Springfield
North Springfield,Week5,Lakeview,Week4,209.0 Lakeview - 163.0 North Springfield
Oakton ,Week5,Hamlet,Week3,201.0 Hamlet - 201.0 Oakton
Newington Forest,Week2,Woodley,Week4,206.0 Woodley - 195.0 Newington Forest
North Springfield,Week1,Lakeview,Week2,245.0 Lakeview - 105.0 North Springfield
Oakton ,Week3,Burke Station,Week4,322.0 Oakton - 80.0 Burke Station
Newington Forest,Week3,Springfield,Week2,320.0 Newington Forest - 76.0 Springfield
Newington Forest,Week2,Woodley,Week5,221.0 Woodley - 177.0 Newington Forest
Oakton ,Week1,Hayfield Farm,Week5,272.0 Oakton - 130.0 Hayfield Farm
Oakton ,Week1,Burke Station,Week5,317.0 Oakton - 80.0 Burke Station
Oakton ,Week4,Broyhill Crest,Week4,394.0 Oakton - 8.0 Broyhill Crest
Newington Forest,Week3,Woodley,Week4,210.0 Woodley - 192.0 Newington Forest
Newington Forest,Week4,Woodley,Week3,203.0 Newington Forest - 199.0 Woodley
Oakton ,Week2,Hayfield Farm,Week5,277.0 Oakton - 125.0 Hayfield Farm
Oakton ,Week4,Langley,Week4,211.0 Oakton - 191.0 Langley
Newington Forest,Week4,Springfield,Week4,298.0 Newington Forest - 94.0 Springfield
Newington Forest,Week4,Woodley,Week4,201.0 Newington Forest - 196.0 Woodley
Oakton ,Week1,Laurel Hill,Week3,309.0 Oakton - 93.0 Laurel Hill
North Springfield,Week2,Lakeview,Week3,220.0 Lakeview - 167.0 North Springfield
Oakton ,Week3,Burke Station,Week3,321.0 Oakton - 76.0 Burke Station
Oakton ,Week3,Hayfield Farm,Week1,269.0 Oakton - 133.0 Hayfield Farm
North Springfield,Week2,Sully Station,Week2,296.0 Sully Station - 92.0 North Springfield
Oakton ,Week3,Langley,Week3,210.0 Oakton - 192.0 Langley
North Springfield,Week1,Langley,Week1,317.0 Langley - 34.0 North Springfield
Oakton ,Week1,Hayfield Farm,Week3,248.0 Oakton - 154.0 Hayfield Farm
North Springfield,Week5,Stratford,Week1,202.0 Stratford - 170.0 North Springfield
Oakton ,Week2,Burke Station,Week4,329.0 Oakton - 73.0 Burke Station
Oakton ,Week3,Hayfield Farm,Week3,247.0 Oakton - 155.0 Hayfield Farm
North Springfield,Week2,Sully Station,Week5,318.0 Sully Station - 69.0 North Springfield
North Springfield,Week5,Stratford,Week4,255.0 Stratford - 119.0 North Springfield
North Springfield,Week5,Stratford,Week2,231.0 Stratford - 142.0 North Springfield
Newington Forest,Week4,Woodley,Week1,206.0 Woodley - 196.0 Newington Forest
Oakton ,Week3,Laurel Hill,Week2,340.0 Oakton - 57.0 Laurel Hill
North Springfield,Week3,Lakeview,Week4,244.5 Lakeview - 152.5 North Springfield
Oakton ,Week4,Langley,Week5,233.0 Oakton - 169.0 Langley
North Springfield,Week1,Lakeview,Week3,249.0 Lakeview - 101.0 North Springfield
Newington Forest,Week4,Woodley,Week5,214.5 Woodley - 182.5 Newington Forest
Newington Forest,Week3,Springfield,Week3,319.0 Newington Forest - 77.0 Springfield
North Springfield,Week1,Annandale,Week3,251.0 Annandale - 100.0 North Springfield
Oakton ,Week3,Burke Station,Week5,305.0 Oakton - 92.0 Burke Station
Oakton ,Week5,Hamlet,Week4,215.0 Oakton - 187.0 Hamlet
Oakton ,Week3,Lee Graham,Week2,224.0 Lee Graham - 178.0 Oakton
North Springfield,Week3,Lakeview,Week2,220.0 Lakeview - 176.0 North Springfield
Oakton ,Week4,Burke Station,Week1,307.0 Oakton - 71.0 Burke Station
North Springfield,Week4,Sully Station,Week2,307.0 Sully Station - 85.0 North Springfield
Newington Forest,Week5,Woodley,Week3,220.0 Newington Forest - 182.0 Woodley
Oakton ,Week3,Lee Graham,Week5,228.0 Lee Graham - 174.0 Oakton
Oakton ,Week2,Hayfield Farm,Week3,263.0 Oakton - 139.0 Hayfield Farm
North Springfield,Week4,Stratford,Week5,281.0 Stratford - 107.0 North Springfield
North Springfield,Week5,Stratford,Week5,234.0 Stratford - 140.0 North Springfield
North Springfield,Week1,Annandale,Week2,254.0 Annandale - 96.0 North Springfield
North Springfield,Week2,Lakeview,Week1,201.0 Lakeview - 185.0 North Springfield
Oakton ,Week3,Hayfield Farm,Week4,263.0 Oakton - 139.0 Hayfield Farm
North Springfield,Week3,Sully Station,Week5,308.0 Sully Station - 88.0 North Springfield
North Springfield,Week3,Lakeview,Week3,222.0 Lakeview - 174.0 North Springfield
North Springfield,Week5,Lakevale Estates,Week3,312.0 Lakevale Estates - 62.0 North Springfield
Newington Forest,Week5,Woodley,Week5,205.0 Newington Forest - 197.0 Woodley
Oakton ,Week3,Lee Graham,Week4,226.0 Lee Graham - 176.0 Oakton
North Springfield,Week4,Sully Station,Week1,322.0 Sully Station - 69.0 North Springfield
Oakton ,Week2,Lee Graham,Week4,214.0 Lee Graham - 188.0 Oakton
Newington Forest,Week5,Woodley,Week1,217.0 Newington Forest - 185.0 Woodley
Oakton ,Week2,Burke Station,Week3,330.0 Oakton - 67.0 Burke Station
North Springfield,Week1,Lakeview,Week5,250.5 Lakeview - 91.5 North Springfield
North Springfield,Week4,Lakeview,Week1,232.0 Lakeview - 160.0 North Springfield
Oakton ,Week4,Hayfield Farm,Week3,259.0 Oakton - 143.0 Hayfield Farm
Oakton ,Week2,Lee Graham,Week2,210.0 Lee Graham - 192.0 Oakton
Oakton ,Week4,Burke Station,Week2,346.0 Oakton - 55.0 Burke Station
North Springfield,Week5,Lakevale Estates,Week4,322.0 Lakevale Estates - 52.0 North Springfield
Oakton ,Week1,Lee Graham,Week1,225.0 Lee Graham - 177.0 Oakton
Oakton ,Week5,Hamlet,Week5,224.0 Hamlet - 178.0 Oakton
Oakton ,Week4,Hayfield Farm,Week2,275.5 Oakton - 126.5 Hayfield Farm
North Springfield,Week1,Sully Station,Week2,282.0 Sully Station - 69.0 North Springfield
Newington Forest,Week4,Woodley,Week2,210.0 Newington Forest - 192.0 Woodley
Oakton ,Week5,Broyhill Crest,Week3,393.0 Oakton - 9.0 Broyhill Crest
Newington Forest,Week5,Woodley,Week4,229.0 Newington Forest - 173.0 Woodley
Oakton ,Week4,Burke Station,Week3,334.0 Oakton - 63.0 Burke Station
Oakton ,Week4,Burke Station,Week4,337.0 Oakton - 65.0 Burke Station
Oakton ,Week3,Hayfield Farm,Week5,271.0 Oakton - 131.0 Hayfield Farm
Oakton ,Week1,Lee Graham,Week4,225.0 Lee Graham - 177.0 Oakton
Oakton ,Week5,Lee Graham,Week2,213.0 Lee Graham - 189.0 Oakton
Oakton ,Week5,Hayfield Farm,Week1,293.0 Oakton - 109.0 Hayfield Farm
North Springfield,Week4,Lakeview,Week2,236.0 Lakeview - 156.0 North Springfield
North Springfield,Week1,Annandale,Week4,241.0 Annandale - 108.0 North Springfield
Oakton ,Week5,Burke Station,Week1,314.0 Oakton - 65.0 Burke Station
Oakton ,Week5,Lee Graham,Week3,212.0 Lee Graham - 190.0 Oakton
North Springfield,Week3,Lakeview,Week1,198.0 North Springfield - 197.0 Lakeview
North Springfield,Week4,Sully Station,Week5,325.0 Sully Station - 66.0 North Springfield
North Springfield,Week3,Lakeview,Week5,224.0 Lakeview - 162.0 North Springfield
North Springfield,Week4,Sully Station,Week3,317.0 Sully Station - 73.0 North Springfield
North Springfield,Week3,Sully Station,Week2,297.0 Sully Station - 99.0 North Springfield
Oakton ,Week2,Hayfield Farm,Week4,271.5 Oakton - 130.5 Hayfield Farm
North Springfield,Week1,Lakeview,Week4,253.0 Lakeview - 97.0 North Springfield
Oakton ,Week4,Lee Graham,Week1,206.0 Lee Graham - 196.0 Oakton
Newington Forest,Week5,Woodley,Week2,231.0 Newington Forest - 171.0 Woodley
North Springfield,Week1,Sully Station,Week3,294.0 Sully Station - 56.0 North Springfield
Oakton ,Week2,Burke Station,Week2,340.0 Oakton - 62.0 Burke Station
North Springfield,Week1,Annandale,Week1,246.0 Annandale - 104.0 North Springfield
Oakton ,Week4,Lee Graham,Week4,211.0 Lee Graham - 191.0 Oakton
Oakton ,Week4,Lee Graham,Week5,215.0 Lee Graham - 187.0 Oakton
Oakton ,Week4,Hayfield Farm,Week4,265.0 Oakton - 137.0 Hayfield Farm
Oakton ,Week5,Broyhill Crest,Week4,386.0 Oakton - 16.0 Broyhill Crest
Oakton ,Week4,Broyhill Crest,Week5,391.0 Oakton - 11.0 Broyhill Crest
North Springfield,Week5,Sully Station,Week1,287.0 Sully Station - 86.0 North Springfield
Oakton ,Week5,Hayfield Farm,Week4,282.0 Oakton - 120.0 Hayfield Farm
North Springfield,Week3,Sully Station,Week1,316.0 Sully Station - 78.0 North Springfield
North Springfield,Week1,Annandale,Week5,257.0 Annandale - 93.0 North Springfield
North Springfield,Week2,Lakeview,Week2,220.0 Lakeview - 167.0 North Springfield
Oakton ,Week3,Camelot,Week1,279.0 Oakton - 123.0 Camelot
Oakton ,Week5,Hayfield Farm,Week3,266.0 Oakton - 136.0 Hayfield Farm
North Springfield,Week4,Lakeview,Week3,250.0 Lakeview - 141.0 North Springfield
Oakton ,Week1,Canterbury Woods,Week1,310.0 Oakton - 87.0 Canterbury Woods
North Springfield,Week1,Sully Station,Week4,310.0 Sully Station - 41.0 North Springfield
Oakton ,Week1,Lee Graham,Week5,242.5 Lee Graham - 159.5 Oakton
North Springfield,Week1,Sully Station,Week5,297.0 Sully Station - 50.0 North Springfield
North Springfield,Week5,Lakevale Estates,Week5,311.0 Lakevale Estates - 63.0 North Springfield
Oakton ,Week4,Laurel Hill,Week5,306.0 Oakton - 96.0 Laurel Hill
Oakton ,Week2,Lee Graham,Week1,209.0 Lee Graham - 193.0 Oakton
North Springfield,Week2,Lakeview,Week5,219.0 Lakeview - 159.0 North Springfield
Oakton ,Week4,Camelot,Week2,273.0 Oakton - 129.0 Camelot
North Springfield,Week4,Stratford,Week4,289.0 Stratford - 103.0 North Springfield
Oakton ,Week4,Camelot,Week4,284.0 Oakton - 118.0 Camelot
Oakton ,Week1,Canterbury Woods,Week3,295.0 Oakton - 107.0 Canterbury Woods
Oakton ,Week5,Camelot,Week4,301.0 Oakton - 101.0 Camelot
North Springfield,Week5,Lakeview,Week2,188.0 North Springfield - 186.0 Lakeview
Oakton ,Week4,Laurel Hill,Week1,329.0 Oakton - 73.0 Laurel Hill
Oakton ,Week2,Herndon,Week2,363.0 Oakton - 39.0 Herndon
North Springfield,Week5,Stratford,Week3,230.0 Stratford - 143.0 North Springfield
North Springfield,Week4,Lakeview,Week5,244.0 Lakeview - 138.0 North Springfield
North Springfield,Week4,Lakeview,Week4,257.0 Lakeview - 135.0 North Springfield
Oakton ,Week1,Lee Graham,Week2,225.0 Lee Graham - 177.0 Oakton
Oakton ,Week1,Herndon,Week1,352.0 Oakton - 45.0 Herndon
Oakton ,Week5,Herndon,Week3,372.0 Oakton - 30.0 Herndon
Oakton ,Week4,Laurel Hill,Week2,345.0 Oakton - 57.0 Laurel Hill
Oakton ,Week1,Herndon,Week2,354.0 Oakton - 43.0 Herndon
Oakton ,Week2,Camelot,Week3,290.0 Oakton - 112.0 Camelot
North Springfield,Week4,Stratford,Week3,272.0 Stratford - 120.0 North Springfield
Oakton ,Week1,Hiddenbrook,Week2,337.0 Oakton - 60.0 Hiddenbrook
Oakton ,Week1,Herndon,Week4,350.0 Oakton - 52.0 Herndon
Oakton ,Week3,Laurel Hill,Week4,310.0 Oakton - 92.0 Laurel Hill
North Springfield,Week1,Langley,Week3,314.0 Langley - 36.0 North Springfield
Oakton ,Week4,Herndon,Week3,366.0 Oakton - 36.0 Herndon
North Springfield,Week1,Sully Station II,Week3,311.0 Sully Station II - 40.0 North Springfield
Oakton ,Week4,Camelot,Week3,289.0 Oakton - 113.0 Camelot
North Springfield,Week2,Lakeview,Week4,232.0 Lakeview - 155.0 North Springfield
Oakton ,Week4,Herndon,Week1,371.0 Oakton - 31.0 Herndon
North Springfield,Week1,Truro,Week1,253.0 Truro - 96.0 North Springfield
Oakton ,Week4,Camelot,Week5,287.0 Oakton - 115.0 Camelot
North Springfield,Week5,Lakeview,Week5,195.0 Lakeview - 169.0 North Springfield
Oakton ,Week5,Herndon,Week1,373.0 Oakton - 29.0 Herndon
North Springfield,Week1,Sully Station II,Week2,308.0 Sully Station II - 42.0 North Springfield
North Springfield,Week1,Langley,Week2,310.0 Langley - 41.0 North Springfield
Oakton ,Week1,Canterbury Woods,Week5,291.0 Oakton - 105.0 Canterbury Woods
North Springfield,Week4,Sully Station,Week4,331.0 Sully Station - 61.0 North Springfield
Oakton ,Week2,Camelot,Week1,289.0 Oakton - 113.0 Camelot
Oakton ,Week2,Camelot,Week5,290.0 Oakton - 112.0 Camelot
Oakton ,Week2,Herndon,Week3,363.0 Oakton - 39.0 Herndon
Oakton ,Week5,Laurel Hill,Week3,320.0 Oakton - 82.0 Laurel Hill
North Springfield,Week3,Sully Station,Week4,313.0 Sully Station - 84.0 North Springfield
Oakton ,Week4,Herndon,Week4,362.0 Oakton - 40.0 Herndon
North Springfield,Week5,Lakeview,Week1,194.0 North Springfield - 180.0 Lakeview
Oakton ,Week1,Canterbury Woods,Week4,287.0 Oakton - 115.0 Canterbury Woods
North Springfield,Week2,Sully Station,Week4,328.0 Sully Station - 60.0 North Springfield
Oakton ,Week5,Laurel Hill,Week5,306.0 Oakton - 96.0 Laurel Hill
North Springfield,Week5,Lakeview,Week3,196.0 Lakeview - 176.0 North Springfield
Oakton ,Week3,Herndon,Week1,362.0 Oakton - 40.0 Herndon
Oakton ,Week1,Hiddenbrook,Week3,301.5 Oakton - 100.5 Hiddenbrook
Oakton ,Week5,Burke Station,Week4,337.0 Oakton - 65.0 Burke Station
North Springfield,Week2,Sully Station,Week3,317.0 Sully Station - 70.0 North Springfield
Oakton ,Week4,Laurel Hill,Week4,322.5 Oakton - 79.5 Laurel Hill
Oakton ,Week5,Laurel Hill,Week4,322.0 Oakton - 80.0 Laurel Hill
North Springfield,Week5,Sully Station II,Week4,293.0 Sully Station II - 80.0 North Springfield
Oakton ,Week3,Laurel Hill,Week5,287.0 Oakton - 110.0 Laurel Hill
North Springfield,Week1,Langley,Week4,306.0 Langley - 45.0 North Springfield
North Springfield,Week1,Lakeview,Week1,228.0 Lakeview - 122.0 North Springfield
Oakton ,Week4,Laurel Hill,Week3,332.0 Oakton - 70.0 Laurel Hill
North Springfield,Week3,Sully Station II,Week4,310.0 Sully Station II - 85.0 North Springfield
Oakton ,Week2,Camelot,Week4,294.0 Oakton - 108.0 Camelot
Oakton ,Week4,Herndon,Week2,364.0 Oakton - 38.0 Herndon
Oakton ,Week3,Camelot,Week5,284.0 Oakton - 118.0 Camelot
Oakton ,Week1,Lee Graham,Week3,239.0 Lee Graham - 163.0 Oakton
Oakton ,Week5,Herndon,Week4,367.0 Oakton - 35.0 Herndon
Oakton ,Week5,Laurel Hill,Week1,329.0 Oakton - 73.0 Laurel Hill
Oakton ,Week2,Hiddenbrook,Week5,301.0 Oakton - 101.0 Hiddenbrook
Oakton ,Week5,Herndon,Week5,368.0 Oakton - 34.0 Herndon
North Springfield,Week2,Sully Station II,Week3,336.0 Sully Station II - 52.0 North Springfield
Oakton ,Week3,Herndon,Week3,348.0 Oakton - 49.0 Herndon
North Springfield,Week1,Sully Station II,Week5,316.0 Sully Station II - 35.0 North Springfield
Oakton ,Week3,Camelot,Week2,279.0 Oakton - 123.0 Camelot
Oakton ,Week5,Laurel Hill,Week2,346.0 Oakton - 56.0 Laurel Hill
Newington Forest,Week4,Sideburn Run,Week4,275.0 Sideburn Run - 127.0 Newington Forest
Oakton ,Week2,Lee Graham,Week3,221.0 Lee Graham - 181.0 Oakton
North Springfield,Week2,Langley,Week2,325.0 Langley - 63.0 North Springfield
Oakton ,Week3,Camelot,Week4,279.0 Oakton - 123.0 Camelot
North Springfield,Week2,Langley,Week1,336.0 Langley - 52.0 North Springfield
Oakton ,Week5,Herndon,Week2,365.0 Oakton - 37.0 Herndon
North Springfield,Week3,Sully Station II,Week2,331.0 Sully Station II - 62.0 North Springfield
North Springfield,Week1,Langley,Week5,305.0 Langley - 46.0 North Springfield
Oakton ,Week3,Lee Graham,Week1,223.0 Lee Graham - 174.0 Oakton
Oakton ,Week3,Lee Graham,Week3,227.0 Lee Graham - 175.0 Oakton
Oakton ,Week1,Camelot,Week3,275.0 Oakton - 127.0 Camelot
North Springfield,Week2,Langley,Week5,326.0 Langley - 62.0 North Springfield
North Springfield,Week5,Langley,Week1,318.0 Langley - 56.0 North Springfield
North Springfield,Week3,Langley,Week3,323.0 Langley - 73.0 North Springfield
Oakton ,Week5,Burke Station,Week3,337.0 Oakton - 60.0 Burke Station
Oakton ,Week3,Hiddenbrook,Week1,310.0 Oakton - 92.0 Hiddenbrook
Oakton ,Week2,Lee Graham,Week5,223.0 Lee Graham - 179.0 Oakton
Oakton ,Week5,Burke Station,Week5,328.0 Oakton - 74.0 Burke Station
North Springfield,Week5,Sully Station,Week3,283.0 Sully Station - 90.0 North Springfield
North Springfield,Week5,Sully Station,Week4,281.0 Sully Station - 93.0 North Springfield
North Springfield,Week3,Sully Station II,Week3,335.0 Sully Station II - 61.0 North Springfield
Oakton ,Week3,Herndon,Week4,354.0 Oakton - 48.0 Herndon
North Springfield,Week3,Sully Station II,Week5,342.0 Sully Station II - 54.0 North Springfield
Oakton ,Week1,Camelot,Week5,285.0 Oakton - 117.0 Camelot
North Springfield,Week5,Brookfield ,Week1,278.0 Brookfield - 96.0 North Springfield
Oakton ,Week5,Lee Graham,Week5,221.0 Lee Graham - 181.0 Oakton
Oakton ,Week1,Lincolnia Park,Week1,354.0 Oakton - 43.0 Lincolnia Park
Oakton ,Week4,Camelot,Week1,274.0 Oakton - 128.0 Camelot
North Springfield,Week1,Sully Station II,Week4,299.0 Sully Station II - 51.0 North Springfield
Oakton ,Week1,Camelot,Week4,285.0 Oakton - 117.0 Camelot
North Springfield,Week4,Sully Station II,Week1,318.0 Sully Station II - 69.0 North Springfield
Oakton ,Week5,Lee Graham,Week1,205.0 Lee Graham - 197.0 Oakton
Newington Forest,Week4,Sideburn Run,Week5,279.0 Sideburn Run - 123.0 Newington Forest
North Springfield,Week1,Laurel Hill,Week1,245.0 Laurel Hill - 99.0 North Springfield
Oakton ,Week2,Camelot,Week2,287.0 Oakton - 115.0 Camelot
Oakton ,Week2,Hiddenbrook,Week1,320.0 Oakton - 82.0 Hiddenbrook
Oakton ,Week3,Herndon,Week2,356.0 Oakton - 46.0 Herndon
Oakton ,Week4,Lee Graham,Week2,206.0 Lee Graham - 196.0 Oakton
Oakton ,Week1,Camelot,Week2,272.0 Oakton - 130.0 Camelot
North Springfield,Week3,Laurel Hill,Week4,230.0 Laurel Hill - 165.0 North Springfield
North Springfield,Week2,Sully Station II,Week1,312.0 Sully Station II - 74.0 North Springfield
North Springfield,Week5,Langley,Week2,303.0 Langley - 70.0 North Springfield
Oakton ,Week2,Hiddenbrook,Week4,308.0 Oakton - 89.0 Hiddenbrook
Oakton ,Week1,Hiddenbrook,Week4,301.0 Oakton - 101.0 Hiddenbrook
North Springfield,Week2,Laurel Hill,Week2,207.0 Laurel Hill - 178.0 North Springfield
North Springfield,Week2,Sully Station II,Week2,335.0 Sully Station II - 52.0 North Springfield
North Springfield,Week2,Laurel Hill,Week1,224.0 Laurel Hill - 152.0 North Springfield
Oakton ,Week4,Lee Graham,Week3,226.0 Lee Graham - 176.0 Oakton
Oakton ,Week1,Little Hunting Park,Week4,322.0 Oakton - 80.0 Little Hunting Park
Oakton ,Week2,Herndon,Week1,368.0 Oakton - 34.0 Herndon
Oakton ,Week5,Camelot,Week2,287.0 Oakton - 115.0 Camelot
North Springfield,Week3,Langley,Week2,320.0 Langley - 76.0 North Springfield
North Springfield,Week2,Langley,Week3,337.0 Langley - 51.0 North Springfield
North Springfield,Week3,Brookfield ,Week5,292.0 Brookfield - 105.0 North Springfield
North Springfield,Week4,Langley,Week5,327.0 Langley - 60.0 North Springfield
Oakton ,Week2,Herndon,Week4,357.0 Oakton - 45.0 Herndon
Oakton ,Week2,Herndon,Week5,362.0 Oakton - 40.0 Herndon
Oakton ,Week3,Camelot,Week3,283.0 Oakton - 119.0 Camelot
Oakton ,Week5,Camelot,Week1,285.0 Oakton - 117.0 Camelot
Oakton ,Week5,Camelot,Week5,292.0 Oakton - 110.0 Camelot
North Springfield,Week4,Sully Station II,Week3,342.5 Sully Station II - 48.5 North Springfield
North Springfield,Week3,Langley,Week1,332.0 Langley - 65.0 North Springfield
Oakton ,Week2,Lincolnia Park,Week3,338.0 Oakton - 55.0 Lincolnia Park
North Springfield,Week2,Sully Station II,Week5,338.0 Sully Station II - 50.0 North Springfield
Oakton ,Week4,Lincolnia Park,Week4,368.0 Oakton - 34.0 Lincolnia Park
North Springfield,Week5,Brookfield ,Week5,267.0 Brookfield - 106.0 North Springfield
Oakton ,Week1,Hiddenbrook,Week5,289.0 Oakton - 113.0 Hiddenbrook
North Springfield,Week4,Sully Station II,Week2,331.0 Sully Station II - 56.0 North Springfield
Oakton ,Week2,Lincolnia Park,Week5,349.0 Oakton - 44.0 Lincolnia Park
North Springfield,Week1,Broyhill Crest,Week1,178.0 Broyhill Crest - 155.0 North Springfield
North Springfield,Week4,Sully Station II,Week4,319.0 Sully Station II - 71.0 North Springfield
North Springfield,Week4,Laurel Hill,Week3,256.0 Laurel Hill - 130.0 North Springfield
Oakton ,Week4,Herndon,Week5,371.0 Oakton - 31.0 Herndon
North Springfield,Week3,Sully Station II,Week1,315.0 Sully Station II - 77.0 North Springfield
North Springfield,Week4,Laurel Hill,Week1,226.0 Laurel Hill - 154.0 North Springfield
Oakton ,Week1,Camelot,Week1,276.0 Oakton - 126.0 Camelot
Oakton ,Week3,Herndon,Week5,354.0 Oakton - 48.0 Herndon
Oakton ,Week5,Camelot,Week3,301.0 Oakton - 101.0 Camelot
Oakton ,Week1,Little Hunting Park,Week1,329.0 Oakton - 72.0 Little Hunting Park
North Springfield,Week4,Broyhill Crest,Week1,195.0 North Springfield - 176.0 Broyhill Crest
North Springfield,Week4,Brookfield ,Week2,311.0 Brookfield - 81.0 North Springfield
Oakton ,Week3,Canterbury Woods,Week4,287.0 Oakton - 115.0 Canterbury Woods
North Springfield,Week2,Broyhill Crest,Week2,230.0 North Springfield - 149.0 Broyhill Crest
North Springfield,Week5,Brookfield ,Week2,274.0 Brookfield - 100.0 North Springfield
North Springfield,Week3,Brookfield ,Week4,288.0 Brookfield - 109.0 North Springfield
North Springfield,Week3,Langley,Week4,325.0 Langley - 71.0 North Springfield
Oakton ,Week1,Canterbury Woods,Week2,310.0 Oakton - 92.0 Canterbury Woods
North Springfield,Week4,Langley,Week3,330.0 Langley - 61.0 North Springfield
North Springfield,Week5,Brookfield ,Week3,269.0 Brookfield - 105.0 North Springfield
Oakton ,Week3,High Point Pool,Week3,240.0 Oakton - 162.0 High Point Pool
Oakton ,Week2,Canterbury Woods,Week2,325.0 Oakton - 77.0 Canterbury Woods
North Springfield,Week2,Sully Station II,Week4,314.0 Sully Station II - 73.0 North Springfield
Oakton ,Week5,Canterbury Woods,Week3,318.0 Oakton - 84.0 Canterbury Woods
North Springfield,Week5,Sully Station,Week5,280.0 Sully Station - 93.0 North Springfield
Oakton ,Week3,Cardinal Hill,Week1,233.0 Oakton - 169.0 Cardinal Hill
Oakton ,Week4,Lincolnia Park,Week2,365.0 Oakton - 28.0 Lincolnia Park
North Springfield,Week4,Langley,Week2,331.0 Langley - 60.0 North Springfield
North Springfield,Week5,Langley,Week3,306.0 Langley - 67.0 North Springfield
North Springfield,Week4,Sully Station II,Week5,347.0 Sully Station II - 44.0 North Springfield
North Springfield,Week4,Langley,Week1,337.0 Langley - 55.0 North Springfield
North Springfield,Week5,Sully Station II,Week2,305.0 Sully Station II - 69.0 North Springfield
Oakton ,Week2,Hiddenbrook,Week2,340.0 Oakton - 57.0 Hiddenbrook
Oakton ,Week3,Lincolnia Park,Week1,358.0 Oakton - 44.0 Lincolnia Park
Oakton ,Week2,Lincolnia Park,Week4,357.0 Oakton - 45.0 Lincolnia Park
North Springfield,Week1,Sully Station II,Week1,295.0 Sully Station II - 54.0 North Springfield
North Springfield,Week4,Brookfield ,Week1,318.0 Brookfield - 74.0 North Springfield
Oakton ,Week1,Lincolnia Park,Week5,339.0 Oakton - 54.0 Lincolnia Park
Oakton ,Week2,High Point Pool,Week3,238.0 Oakton - 164.0 High Point Pool
Oakton ,Week2,Canterbury Woods,Week1,324.0 Oakton - 78.0 Canterbury Woods
Oakton ,Week1,Lincolnia Park,Week2,353.0 Oakton - 35.0 Lincolnia Park
North Springfield,Week5,Sully Station II,Week1,285.0 Sully Station II - 87.0 North Springfield
Oakton ,Week1,Hiddenbrook,Week1,312.0 Oakton - 90.0 Hiddenbrook
Oakton ,Week2,Hiddenbrook,Week3,311.5 Oakton - 90.5 Hiddenbrook
Oakton ,Week4,Lincolnia Park,Week1,359.5 Oakton - 42.5 Lincolnia Park
Oakton ,Week3,High Point Pool,Week4,236.0 Oakton - 166.0 High Point Pool
North Springfield,Week1,Laurel Hill,Week4,259.0 Laurel Hill - 90.0 North Springfield
Oakton ,Week2,Lincolnia Park,Week1,357.0 Oakton - 45.0 Lincolnia Park
North Springfield,Week4,Brookfield ,Week4,313.0 Brookfield - 79.0 North Springfield
North Springfield,Week1,Broyhill Crest,Week5,207.0 Broyhill Crest - 136.0 North Springfield
North Springfield,Week5,Sully Station II,Week3,315.0 Sully Station II - 58.0 North Springfield
North Springfield,Week5,Langley,Week5,299.0 Langley - 75.0 North Springfield
North Springfield,Week5,Sully Station II,Week5,317.0 Sully Station II - 57.0 North Springfield
North Springfield,Week1,Truro,Week2,245.0 Truro - 103.0 North Springfield
North Springfield,Week1,Truro,Week3,263.0 Truro - 87.0 North Springfield
Oakton ,Week3,Canterbury Woods,Week5,291.0 Oakton - 111.0 Canterbury Woods
Oakton ,Week1,Lincolnia Park,Week3,328.0 Oakton - 60.0 Lincolnia Park
North Springfield,Week2,Langley,Week4,333.0 Langley - 55.0 North Springfield
Oakton ,Week3,Hiddenbrook,Week5,294.0 Oakton - 108.0 Hiddenbrook
Oakton ,Week3,Lincolnia Park,Week2,361.0 Oakton - 32.0 Lincolnia Park
North Springfield,Week1,Broyhill Crest,Week4,194.0 Broyhill Crest - 148.0 North Springfield
North Springfield,Week4,Langley,Week4,330.0 Langley - 62.0 North Springfield
North Springfield,Week2,Laurel Hill,Week3,263.0 Laurel Hill - 124.0 North Springfield
North Springfield,Week2,Broyhill Crest,Week4,219.0 North Springfield - 163.0 Broyhill Crest
Oakton ,Week4,Hiddenbrook,Week2,340.0 Oakton - 62.0 Hiddenbrook
Oakton ,Week3,Hiddenbrook,Week4,305.0 Oakton - 97.0 Hiddenbrook
North Springfield,Week1,Laurel Hill,Week5,271.0 Laurel Hill - 76.0 North Springfield
Oakton ,Week3,Canterbury Woods,Week3,313.5 Oakton - 88.5 Canterbury Woods
North Springfield,Week4,Brookfield ,Week5,305.0 Brookfield - 87.0 North Springfield
Oakton ,Week1,Lincolnia Park,Week4,350.0 Oakton - 47.0 Lincolnia Park
Oakton ,Week3,Hiddenbrook,Week3,301.0 Oakton - 96.0 Hiddenbrook
North Springfield,Week2,Broyhill Crest,Week3,212.0 North Springfield - 171.0 Broyhill Crest
Oakton ,Week1,Cardinal Hill,Week5,222.0 Oakton - 180.0 Cardinal Hill
North Springfield,Week2,Broyhill Crest,Week1,215.0 North Springfield - 162.0 Broyhill Crest
Oakton ,Week5,Canterbury Woods,Week4,298.0 Oakton - 99.0 Canterbury Woods
Oakton ,Week5,Lee Graham,Week4,202.0 Oakton - 200.0 Lee Graham
Oakton ,Week3,Canterbury Woods,Week2,314.0 Oakton - 88.0 Canterbury Woods
Oakton ,Week3,High Point Pool,Week1,244.0 Oakton - 158.0 High Point Pool
North Springfield,Week1,Truro,Week4,285.0 Truro - 64.0 North Springfield
Oakton ,Week2,Canterbury Woods,Week5,306.0 Oakton - 96.0 Canterbury Woods
North Springfield,Week2,Broyhill Crest,Week5,196.0 North Springfield - 189.0 Broyhill Crest
Oakton ,Week2,Lincolnia Park,Week2,364.0 Oakton - 29.0 Lincolnia Park
North Springfield,Week1,Truro,Week5,260.0 Truro - 89.0 North Springfield
North Springfield,Week5,Langley,Week4,302.0 Langley - 71.0 North Springfield
Oakton ,Week4,Hiddenbrook,Week3,317.0 Oakton - 85.0 Hiddenbrook
Oakton ,Week3,Lincolnia Park,Week5,349.0 Oakton - 44.0 Lincolnia Park
Oakton ,Week1,Cardinal Hill,Week1,212.0 Cardinal Hill - 190.0 Oakton
Oakton ,Week4,Hiddenbrook,Week1,321.0 Oakton - 81.0 Hiddenbrook
Oakton ,Week2,Canterbury Woods,Week4,299.0 Oakton - 98.0 Canterbury Woods
North Springfield,Week2,Laurel Hill,Week4,258.0 Laurel Hill - 128.0 North Springfield
North Springfield,Week1,Laurel Hill,Week3,270.0 Laurel Hill - 80.0 North Springfield
North Springfield,Week5,Truro,Week1,224.0 Truro - 149.0 North Springfield
Oakton ,Week2,Canterbury Woods,Week3,329.0 Oakton - 73.0 Canterbury Woods
North Springfield,Week2,Truro,Week1,245.0 Truro - 142.0 North Springfield
North Springfield,Week1,Broyhill Crest,Week3,186.0 Broyhill Crest - 160.0 North Springfield
North Springfield,Week3,Langley,Week5,323.0 Langley - 74.0 North Springfield
Oakton ,Week4,Lincolnia Park,Week5,349.0 Oakton - 44.0 Lincolnia Park
Oakton ,Week5,Canterbury Woods,Week1,330.0 Oakton - 72.0 Canterbury Woods
North Springfield,Week3,Broyhill Crest,Week1,230.0 North Springfield - 157.0 Broyhill Crest
Oakton ,Week5,Lincolnia Park,Week1,362.0 Oakton - 40.0 Lincolnia Park
Oakton ,Week4,Hiddenbrook,Week5,302.0 Oakton - 100.0 Hiddenbrook
North Springfield,Week3,Truro,Week3,249.0 Truro - 146.0 North Springfield
Oakton ,Week4,Hiddenbrook,Week4,307.0 Oakton - 95.0 Hiddenbrook
Oakton ,Week1,High Point Pool,Week2,228.0 Oakton - 174.0 High Point Pool
Oakton ,Week4,Lincolnia Park,Week3,345.0 Oakton - 48.0 Lincolnia Park
North Springfield,Week1,Tuckahoe,Week1,337.0 Tuckahoe - 14.0 North Springfield
North Springfield,Week3,Broyhill Crest,Week5,199.0 North Springfield - 195.0 Broyhill Crest
North Springfield,Week3,Broyhill Crest,Week2,228.0 North Springfield - 161.0 Broyhill Crest
Oakton ,Week3,Lincolnia Park,Week3,335.0 Oakton - 58.0 Lincolnia Park
North Springfield,Week1,Laurel Hill,Week2,222.0 Laurel Hill - 122.0 North Springfield
North Springfield,Week2,Truro,Week5,263.0 Truro - 124.0 North Springfield
Oakton ,Week4,Canterbury Woods,Week5,299.0 Oakton - 102.0 Canterbury Woods
North Springfield,Week5,Laurel Hill,Week5,233.0 Laurel Hill - 134.0 North Springfield
Oakton ,Week1,High Point Pool,Week1,232.0 Oakton - 170.0 High Point Pool
Oakton ,Week4,Canterbury Woods,Week4,309.0 Oakton - 93.0 Canterbury Woods
North Springfield,Week2,Burke Station,Week1,207.0 Burke Station - 154.0 North Springfield
North Springfield,Week4,Tuckahoe,Week2,377.0 Tuckahoe - 15.0 North Springfield
North Springfield,Week2,Tuckahoe,Week2,368.0 Tuckahoe - 20.0 North Springfield
North Springfield,Week3,Brookfield ,Week3,283.0 Brookfield - 114.0 North Springfield
North Springfield,Week2,Laurel Hill,Week5,275.0 Laurel Hill - 108.0 North Springfield
North Springfield,Week3,Tuckahoe,Week3,371.0 Tuckahoe - 26.0 North Springfield
North Springfield,Week4,Truro,Week5,284.0 Truro - 105.0 North Springfield
North Springfield,Week4,Brookfield ,Week3,303.0 Brookfield - 89.0 North Springfield
Oakton ,Week4,Canterbury Woods,Week1,321.0 Oakton - 81.0 Canterbury Woods
North Springfield,Week3,Broyhill Crest,Week4,217.0 North Springfield - 172.0 Broyhill Crest
North Springfield,Week3,Broyhill Crest,Week3,218.0 North Springfield - 171.0 Broyhill Crest
North Springfield,Week5,Brookfield ,Week4,281.0 Brookfield - 93.0 North Springfield
Oakton ,Week3,Lincolnia Park,Week4,356.0 Oakton - 41.0 Lincolnia Park
Oakton ,Week5,Lincolnia Park,Week5,355.0 Oakton - 38.0 Lincolnia Park
Oakton ,Week1,Cardinal Hill,Week3,219.0 Cardinal Hill - 183.0 Oakton
Oakton ,Week3,Canterbury Woods,Week1,308.0 Oakton - 94.0 Canterbury Woods
Oakton ,Week2,High Point Pool,Week4,238.0 Oakton - 164.0 High Point Pool
North Springfield,Week3,Laurel Hill,Week5,246.0 Laurel Hill - 145.0 North Springfield
North Springfield,Week3,Laurel Hill,Week3,234.0 Laurel Hill - 160.0 North Springfield
Oakton ,Week1,Little Hunting Park,Week2,316.0 Oakton - 86.0 Little Hunting Park
North Springfield,Week1,Broyhill Crest,Week2,173.0 Broyhill Crest - 166.0 North Springfield
Oakton ,Week5,Lincolnia Park,Week4,364.0 Oakton - 38.0 Lincolnia Park
Oakton ,Week5,Hiddenbrook,Week4,320.0 Oakton - 77.0 Hiddenbrook
North Springfield,Week4,Laurel Hill,Week2,225.0 Laurel Hill - 159.0 North Springfield
Oakton ,Week3,Hiddenbrook,Week2,335.0 Oakton - 67.0 Hiddenbrook
Oakton ,Week5,Lincolnia Park,Week3,345.0 Oakton - 48.0 Lincolnia Park
North Springfield,Week3,Laurel Hill,Week1,209.0 Laurel Hill - 177.0 North Springfield
North Springfield,Week3,Laurel Hill,Week2,205.0 Laurel Hill - 187.0 North Springfield
Oakton ,Week5,Hiddenbrook,Week3,320.0 Oakton - 82.0 Hiddenbrook
Oakton ,Week5,Canterbury Woods,Week5,311.0 Oakton - 91.0 Canterbury Woods
Oakton ,Week4,Canterbury Woods,Week2,316.0 Oakton - 86.0 Canterbury Woods
North Springfield,Week5,Truro,Week2,214.0 Truro - 159.0 North Springfield
Oakton ,Week5,Lincolnia Park,Week2,366.0 Oakton - 27.0 Lincolnia Park
North Springfield,Week2,Tuckahoe,Week1,365.0 Tuckahoe - 23.0 North Springfield
Oakton ,Week3,High Point Pool,Week2,238.0 Oakton - 164.0 High Point Pool
Oakton ,Week1,High Point Pool,Week3,232.0 Oakton - 170.0 High Point Pool
Oakton ,Week5,Hiddenbrook,Week2,357.0 Oakton - 40.0 Hiddenbrook
Oakton ,Week1,Cardinal Hill,Week4,222.5 Oakton - 179.5 Cardinal Hill
North Springfield,Week3,Burke Station,Week1,207.0 Burke Station - 163.0 North Springfield
Oakton ,Week5,Little Hunting Park,Week3,344.0 Oakton - 58.0 Little Hunting Park
North Springfield,Week1,Lee Graham,Week1,307.0 Lee Graham - 44.0 North Springfield
Oakton ,Week1,Cardinal Hill,Week2,219.0 Oakton - 178.0 Cardinal Hill
North Springfield,Week2,Truro,Week3,256.0 Truro - 131.0 North Springfield
North Springfield,Week2,Lee Graham,Week2,338.0 Lee Graham - 50.0 North Springfield
North Springfield,Week4,Burke Station,Week3,246.0 Burke Station - 142.0 North Springfield
Oakton ,Week2,Little Hunting Park,Week5,306.0 Oakton - 96.0 Little Hunting Park
North Springfield,Week1,Burke Station,Week3,246.0 Burke Station - 94.0 North Springfield
Oakton ,Week5,Hiddenbrook,Week1,329.0 Oakton - 73.0 Hiddenbrook
Oakton ,Week5,Little Hunting Park,Week1,347.5 Oakton - 54.5 Little Hunting Park
Oakton ,Week1,High Point Pool,Week5,242.0 Oakton - 160.0 High Point Pool
North Springfield,Week3,Truro,Week4,264.0 Truro - 133.0 North Springfield
Oakton ,Week2,Cardinal Hill,Week1,233.0 Oakton - 169.0 Cardinal Hill
Oakton ,Week5,Hiddenbrook,Week5,309.0 Oakton - 93.0 Hiddenbrook
Oakton ,Week4,Canterbury Woods,Week3,328.0 Oakton - 74.0 Canterbury Woods
North Springfield,Week3,Burke Station,Week4,209.0 Burke Station - 183.0 North Springfield
North Springfield,Week3,Truro,Week1,242.0 Truro - 152.0 North Springfield
North Springfield,Week4,Tuckahoe,Week1,373.0 Tuckahoe - 19.0 North Springfield
Oakton ,Week1,Little Hunting Park,Week3,331.0 Oakton - 71.0 Little Hunting Park
North Springfield,Week3,Truro,Week2,235.0 Truro - 157.0 North Springfield
Oakton ,Week3,Little Hunting Park,Week5,300.5 Oakton - 101.5 Little Hunting Park
North Springfield,Week4,Lee Graham,Week1,344.0 Lee Graham - 48.0 North Springfield
North Springfield,Week4,Lee Graham,Week2,344.0 Lee Graham - 48.0 North Springfield
Oakton ,Week5,Canterbury Woods,Week2,323.0 Oakton - 79.0 Canterbury Woods
Oakton ,Week2,High Point Pool,Week1,247.0 Oakton - 155.0 High Point Pool
North Springfield,Week4,Truro,Week2,253.0 Truro - 134.0 North Springfield
Oakton ,Week2,Little Rocky Run,Week1,224.0 Oakton - 178.0 Little Rocky Run
North Springfield,Week5,Laurel Hill,Week2,195.0 Laurel Hill - 172.0 North Springfield
North Springfield,Week3,Burke Station,Week3,230.0 Burke Station - 157.0 North Springfield
North Springfield,Week5,Burke Station,Week2,186.0 North Springfield - 184.0 Burke Station
Oakton ,Week3,Little Rocky Run,Week1,211.0 Oakton - 186.0 Little Rocky Run
North Springfield,Week5,Burke Station,Week5,215.0 Burke Station - 154.0 North Springfield
North Springfield,Week4,Truro,Week1,268.0 Truro - 123.0 North Springfield
North Springfield,Week5,Laurel Hill,Week3,232.0 Laurel Hill - 133.0 North Springfield
Oakton ,Week2,High Point Pool,Week2,238.0 Oakton - 164.0 High Point Pool
North Springfield,Week4,Burke Station,Week4,236.5 Burke Station - 150.5 North Springfield
Oakton ,Week1,Highland Park,Week2,268.0 Oakton - 134.0 Highland Park
Oakton ,Week2,Cardinal Hill,Week2,255.0 Oakton - 147.0 Cardinal Hill
North Springfield,Week4,Truro,Week3,272.0 Truro - 118.0 North Springfield
North Springfield,Week1,Lee Graham,Week5,318.0 Lee Graham - 33.0 North Springfield
Oakton ,Week4,Little Hunting Park,Week5,321.0 Oakton - 81.0 Little Hunting Park
North Springfield,Week4,Lee Graham,Week3,348.0 Lee Graham - 44.0 North Springfield
Oakton ,Week1,Chesterbrook,Week1,288.0 Chesterbrook - 114.0 Oakton
North Springfield,Week3,Burke Station,Week5,225.0 Burke Station - 169.0 North Springfield
Oakton ,Week2,Cardinal Hill,Week4,239.0 Oakton - 163.0 Cardinal Hill
Oakton ,Week2,High Point Pool,Week5,253.0 Oakton - 149.0 High Point Pool
North Springfield,Week1,Tuckahoe,Week4,339.0 Tuckahoe - 11.0 North Springfield
North Springfield,Week4,Lee Graham,Week5,353.0 Lee Graham - 39.0 North Springfield
Oakton ,Week3,Little Hunting Park,Week4,325.0 Oakton - 77.0 Little Hunting Park
Oakton ,Week1,Little Rocky Run,Week1,201.0 Little Rocky Run - 201.0 Oakton
North Springfield,Week5,Truro,Week3,228.0 Truro - 141.0 North Springfield
Oakton ,Week2,Little Rocky Run,Week2,230.0 Oakton - 172.0 Little Rocky Run
North Springfield,Week5,Burke Station,Week4,194.0 Burke Station - 174.0 North Springfield
North Springfield,Week4,Lee Graham,Week4,346.0 Lee Graham - 46.0 North Springfield
Oakton ,Week1,High Point Pool,Week4,229.0 Oakton - 173.0 High Point Pool
Oakton ,Week2,Cardinal Hill,Week3,220.0 Oakton - 182.0 Cardinal Hill
Oakton ,Week2,Cardinal Hill,Week5,236.0 Oakton - 166.0 Cardinal Hill
Oakton ,Week5,High Point Pool,Week2,239.5 Oakton - 162.5 High Point Pool
North Springfield,Week1,Tuckahoe,Week5,337.0 Tuckahoe - 14.0 North Springfield
Oakton ,Week4,Little Hunting Park,Week3,329.0 Oakton - 73.0 Little Hunting Park
North Springfield,Week1,Burke Station,Week1,205.0 Burke Station - 116.0 North Springfield
Oakton ,Week2,Highland Park,Week2,275.0 Oakton - 127.0 Highland Park
Oakton ,Week4,Highland Park,Week4,254.0 Oakton - 148.0 Highland Park
North Springfield,Week2,Truro,Week2,235.0 Truro - 151.0 North Springfield
Oakton ,Week3,Cardinal Hill,Week4,234.0 Oakton - 168.0 Cardinal Hill
Oakton ,Week4,Cardinal Hill,Week4,240.0 Oakton - 162.0 Cardinal Hill
Oakton ,Week4,Cardinal Hill,Week3,205.0 Cardinal Hill - 197.0 Oakton
Oakton ,Week1,Little Hunting Park,Week5,313.0 Oakton - 89.0 Little Hunting Park
North Springfield,Week1,Lee Graham,Week3,312.0 Lee Graham - 39.0 North Springfield
North Springfield,Week2,Truro,Week4,276.0 Truro - 112.0 North Springfield
Oakton ,Week1,Chesterbrook,Week2,309.0 Chesterbrook - 93.0 Oakton
Oakton ,Week2,Highland Park,Week3,283.0 Oakton - 119.0 Highland Park
North Springfield,Week5,Lee Graham,Week1,312.0 Lee Graham - 62.0 North Springfield
North Springfield,Week2,Burke Station,Week4,220.0 Burke Station - 165.0 North Springfield
Oakton ,Week4,Chesterbrook,Week3,318.0 Chesterbrook - 84.0 Oakton
Oakton ,Week5,High Point Pool,Week3,252.0 Oakton - 150.0 High Point Pool
North Springfield,Week5,Truro,Week5,238.0 Truro - 135.0 North Springfield
North Springfield,Week1,Tuckahoe,Week3,337.0 Tuckahoe - 14.0 North Springfield
Oakton ,Week2,Chesterbrook,Week5,279.0 Chesterbrook - 123.0 Oakton
North Springfield,Week1,Burke Station,Week4,244.0 Burke Station - 98.0 North Springfield
North Springfield,Week1,Lee Graham,Week2,318.0 Lee Graham - 32.0 North Springfield
North Springfield,Week3,Truro,Week5,250.5 Truro - 145.5 North Springfield
North Springfield,Week3,Lee Graham,Week3,341.0 Lee Graham - 56.0 North Springfield
North Springfield,Week4,Broyhill Crest,Week4,194.0 Broyhill Crest - 190.0 North Springfield
Oakton ,Week4,Little Hunting Park,Week4,331.0 Oakton - 71.0 Little Hunting Park
Oakton ,Week2,Little Hunting Park,Week2,324.5 Oakton - 77.5 Little Hunting Park
Oakton ,Week5,High Point Pool,Week1,249.0 Oakton - 153.0 High Point Pool
Oakton ,Week1,Chesterbrook,Week5,305.0 Chesterbrook - 97.0 Oakton
Oakton ,Week4,Little Hunting Park,Week2,328.0 Oakton - 74.0 Little Hunting Park
Oakton ,Week5,Highland Park,Week2,284.0 Oakton - 118.0 Highland Park
North Springfield,Week2,Burke Station,Week2,198.0 Burke Station - 185.0 North Springfield
North Springfield,Week1,Lee Graham,Week4,318.0 Lee Graham - 32.0 North Springfield
Oakton ,Week3,Little Hunting Park,Week2,325.0 Oakton - 77.0 Little Hunting Park
North Springfield,Week3,Lee Graham,Week1,333.0 Lee Graham - 64.0 North Springfield
Oakton ,Week3,Highland Park,Week5,262.0 Oakton - 140.0 Highland Park
North Springfield,Week1,Burke Station,Week5,257.0 Burke Station - 92.0 North Springfield
North Springfield,Week4,Truro,Week4,293.0 Truro - 98.0 North Springfield
North Springfield,Week1,Tuckahoe,Week2,336.0 Tuckahoe - 15.0 North Springfield
Oakton ,Week3,Chesterbrook,Week1,289.0 Chesterbrook - 108.0 Oakton
North Springfield,Week5,Laurel Hill,Week1,215.0 Laurel Hill - 155.0 North Springfield
Oakton ,Week3,High Point Pool,Week5,253.0 Oakton - 149.0 High Point Pool
Oakton ,Week5,Highland Park,Week4,263.0 Oakton - 139.0 Highland Park
North Springfield,Week5,Laurel Hill,Week4,228.0 Laurel Hill - 140.0 North Springfield
North Springfield,Week4,Broyhill Crest,Week3,213.0 North Springfield - 171.0 Broyhill Crest
Oakton ,Week5,Cardinal Hill,Week4,248.5 Oakton - 153.5 Cardinal Hill
Oakton ,Week2,Little Hunting Park,Week4,325.0 Oakton - 77.0 Little Hunting Park
North Springfield,Week2,Tuckahoe,Week3,367.0 Tuckahoe - 21.0 North Springfield
North Springfield,Week4,Laurel Hill,Week4,260.0 Laurel Hill - 129.0 North Springfield
North Springfield,Week2,Lee Graham,Week3,342.0 Lee Graham - 46.0 North Springfield
North Springfield,Week2,Burke Station,Week5,233.0 Burke Station - 154.0 North Springfield
North Springfield,Week5,Broyhill Crest,Week3,211.0 North Springfield - 158.0 Broyhill Crest
Oakton ,Week5,Cardinal Hill,Week2,255.5 Oakton - 146.5 Cardinal Hill
North Springfield,Week2,Tuckahoe,Week5,368.0 Tuckahoe - 20.0 North Springfield
Oakton ,Week4,High Point Pool,Week4,256.0 Oakton - 146.0 High Point Pool
Oakton ,Week1,Little Rocky Run,Week3,226.5 Little Rocky Run - 175.5 Oakton
Oakton ,Week1,Little Rocky Run,Week4,204.0 Little Rocky Run - 198.0 Oakton
North Springfield,Week2,Tuckahoe,Week4,372.0 Tuckahoe - 16.0 North Springfield
Oakton ,Week3,Little Hunting Park,Week3,326.0 Oakton - 76.0 Little Hunting Park
North Springfield,Week4,Broyhill Crest,Week5,210.0 Broyhill Crest - 178.0 North Springfield
North Springfield,Week2,Lee Graham,Week4,339.0 Lee Graham - 49.0 North Springfield
Oakton ,Week5,Little Hunting Park,Week5,315.0 Oakton - 87.0 Little Hunting Park
North Springfield,Week5,Broyhill Crest,Week4,215.0 North Springfield - 153.0 Broyhill Crest
Oakton ,Week5,Cardinal Hill,Week3,218.0 Oakton - 184.0 Cardinal Hill
Oakton ,Week5,Highland Park,Week5,289.0 Oakton - 113.0 Highland Park
North Springfield,Week5,Truro,Week4,257.0 Truro - 116.0 North Springfield
North Springfield,Week4,Broyhill Crest,Week2,220.0 North Springfield - 159.0 Broyhill Crest
Oakton ,Week4,High Point Pool,Week3,246.0 Oakton - 156.0 High Point Pool
Oakton ,Week4,Cardinal Hill,Week1,231.0 Oakton - 171.0 Cardinal Hill
North Springfield,Week2,Lee Graham,Week1,335.0 Lee Graham - 53.0 North Springfield
North Springfield,Week3,Tuckahoe,Week1,356.0 Tuckahoe - 41.0 North Springfield
North Springfield,Week4,Laurel Hill,Week5,268.0 Laurel Hill - 117.0 North Springfield
Oakton ,Week2,Little Rocky Run,Week3,206.0 Little Rocky Run - 196.0 Oakton
North Springfield,Week3,Tuckahoe,Week4,375.0 Tuckahoe - 22.0 North Springfield
North Springfield,Week3,Lee Graham,Week4,339.0 Lee Graham - 58.0 North Springfield
North Springfield,Week1,Burke Station,Week2,210.0 Burke Station - 130.0 North Springfield
North Springfield,Week3,Tuckahoe,Week5,368.0 Tuckahoe - 29.0 North Springfield
Oakton ,Week4,Little Hunting Park,Week1,339.0 Oakton - 62.0 Little Hunting Park
Oakton ,Week2,Chesterbrook,Week3,308.0 Chesterbrook - 94.0 Oakton
Oakton ,Week2,Little Hunting Park,Week3,332.0 Oakton - 70.0 Little Hunting Park
Oakton ,Week5,High Point Pool,Week4,245.0 Oakton - 157.0 High Point Pool
Oakton ,Week1,Little Rocky Run,Week2,218.0 Oakton - 184.0 Little Rocky Run
Oakton ,Week3,Chesterbrook,Week3,314.0 Chesterbrook - 88.0 Oakton
Oakton ,Week4,High Point Pool,Week2,250.0 Oakton - 152.0 High Point Pool
North Springfield,Week5,Broyhill Crest,Week2,223.0 North Springfield - 137.0 Broyhill Crest
Oakton ,Week1,Highland Park,Week5,261.0 Oakton - 141.0 Highland Park
North Springfield,Week2,Lee Graham,Week5,341.0 Lee Graham - 47.0 North Springfield
North Springfield,Week5,Broyhill Crest,Week5,199.0 North Springfield - 168.0 Broyhill Crest
Oakton ,Week5,Cardinal Hill,Week1,232.0 Oakton - 170.0 Cardinal Hill
North Springfield,Week5,Broyhill Crest,Week1,212.0 North Springfield - 147.0 Broyhill Crest
North Springfield,Week3,Tuckahoe,Week2,372.0 Tuckahoe - 25.0 North Springfield
Oakton ,Week2,Little Hunting Park,Week1,332.0 Oakton - 70.0 Little Hunting Park
North Springfield,Week3,Lee Graham,Week5,348.0 Lee Graham - 49.0 North Springfield
Oakton ,Week2,Highland Park,Week1,254.0 Oakton - 148.0 Highland Park
North Springfield,Week5,Tuckahoe,Week5,358.0 Tuckahoe - 15.0 North Springfield
Oakton ,Week1,Chesterbrook,Week4,302.0 Chesterbrook - 100.0 Oakton
North Springfield,Week3,Lee Graham,Week2,341.0 Lee Graham - 56.0 North Springfield
Oakton ,Week2,Highland Park,Week4,258.0 Oakton - 144.0 Highland Park
Oakton ,Week3,Cardinal Hill,Week3,202.0 Oakton - 200.0 Cardinal Hill
North Springfield,Week4,Burke Station,Week1,234.0 Burke Station - 133.0 North Springfield
North Springfield,Week2,Burke Station,Week3,236.0 Burke Station - 145.0 North Springfield
North Springfield,Week4,Burke Station,Week5,240.0 Burke Station - 149.0 North Springfield
Oakton ,Week4,Cardinal Hill,Week5,231.0 Oakton - 171.0 Cardinal Hill
Oakton ,Week5,Little Hunting Park,Week2,332.0 Oakton - 70.0 Little Hunting Park
Oakton ,Week2,Highland Park,Week5,277.0 Oakton - 125.0 Highland Park
Oakton ,Week2,Chesterbrook,Week1,272.5 Chesterbrook - 129.5 Oakton
North Springfield,Week3,Burke Station,Week2,200.0 Burke Station - 192.0 North Springfield
North Springfield,Week1,Vienna Aquatic,Week1,331.0 Vienna Aquatic - 19.0 North Springfield
Oakton ,Week4,Chesterbrook,Week2,302.0 Chesterbrook - 100.0 Oakton
Oakton ,Week4,High Point Pool,Week5,254.0 Oakton - 148.0 High Point Pool
North Springfield,Week4,Vienna Aquatic,Week2,359.0 Vienna Aquatic - 33.0 North Springfield
Oakton ,Week1,Little Rocky Run,Week5,218.0 Little Rocky Run - 179.0 Oakton
North Springfield,Week2,Vienna Aquatic,Week2,344.0 Vienna Aquatic - 44.0 North Springfield
North Springfield,Week5,Lee Graham,Week3,322.0 Lee Graham - 51.0 North Springfield
Oakton ,Week3,Little Hunting Park,Week1,330.5 Oakton - 71.5 Little Hunting Park
Oakton ,Week4,Cardinal Hill,Week2,239.0 Oakton - 163.0 Cardinal Hill
North Springfield,Week3,Vienna Aquatic,Week5,368.0 Vienna Aquatic - 29.0 North Springfield
Oakton ,Week5,Little Hunting Park,Week4,329.0 Oakton - 73.0 Little Hunting Park
Oakton ,Week1,Highland Park,Week4,246.0 Oakton - 156.0 Highland Park
Oakton ,Week2,Little Rocky Run,Week5,207.0 Little Rocky Run - 195.0 Oakton
North Springfield,Week4,Lincolnia Park,Week3,215.0 Lincolnia Park - 167.0 North Springfield
Oakton ,Week1,Highland Park,Week1,255.0 Oakton - 147.0 Highland Park
Oakton ,Week2,Chesterbrook,Week2,293.0 Chesterbrook - 109.0 Oakton
North Springfield,Week5,Burke Station,Week1,188.0 Burke Station - 161.0 North Springfield
North Springfield,Week5,Burke Station,Week3,211.0 Burke Station - 157.0 North Springfield
North Springfield,Week4,Burke Station,Week2,219.0 Burke Station - 169.0 North Springfield
Oakton ,Week3,Little Rocky Run,Week2,225.0 Oakton - 177.0 Little Rocky Run
North Springfield,Week5,Lincolnia Park,Week4,200.0 North Springfield - 171.0 Lincolnia Park
North Springfield,Week3,Lincolnia Park,Week2,187.0 Lincolnia Park - 185.0 North Springfield
North Springfield,Week1,Lincolnia Park,Week2,204.0 Lincolnia Park - 134.0 North Springfield
Oakton ,Week3,Chesterbrook,Week2,305.0 Chesterbrook - 97.0 Oakton
North Springfield,Week4,Vienna Aquatic,Week1,347.0 Vienna Aquatic - 45.0 North Springfield
Oakton ,Week5,High Point Pool,Week5,253.0 Oakton - 149.0 High Point Pool
North Springfield,Week1,Vienna Aquatic,Week5,325.0 Vienna Aquatic - 25.0 North Springfield
Oakton ,Week3,Highland Park,Week1,239.0 Oakton - 163.0 Highland Park
North Springfield,Week5,Lincolnia Park,Week2,191.0 North Springfield - 171.0 Lincolnia Park
North Springfield,Week4,Vienna Aquatic,Week3,360.0 Vienna Aquatic - 31.0 North Springfield
Oakton ,Week2,Little Rocky Run,Week4,221.5 Oakton - 180.5 Little Rocky Run
Oakton ,Week5,Cardinal Hill,Week5,239.0 Oakton - 163.0 Cardinal Hill
Oakton ,Week1,Long Branch,Week1,300.0 Oakton - 97.0 Long Branch
Oakton ,Week1,Highland Park,Week3,266.5 Oakton - 135.5 Highland Park
Oakton ,Week1,Chesterbrook,Week3,313.0 Chesterbrook - 89.0 Oakton
Oakton ,Week2,Long Branch,Week2,324.0 Oakton - 78.0 Long Branch
North Springfield,Week2,Camelot,Week4,266.0 Camelot - 122.0 North Springfield
North Springfield,Week3,Lincolnia Park,Week5,214.0 Lincolnia Park - 165.0 North Springfield
North Springfield,Week1,Riverside Gardens,Week4,315.0 Riverside Gardens - 36.0 North Springfield
North Springfield,Week5,Ravensworth Farm,Week5,301.0 Ravensworth Farm - 73.0 North Springfield
North Springfield,Week4,Camelot,Week3,278.0 Camelot - 112.0 North Springfield
North Springfield,Week3,Lincolnia Park,Week3,218.0 Lincolnia Park - 164.0 North Springfield
North Springfield,Week4,Vienna Aquatic,Week4,358.0 Vienna Aquatic - 34.0 North Springfield
North Springfield,Week1,Camelot,Week1,289.0 Camelot - 61.0 North Springfield
Oakton ,Week3,Cardinal Hill,Week2,238.0 Oakton - 164.0 Cardinal Hill
Oakton ,Week4,High Point Pool,Week1,248.0 Oakton - 154.0 High Point Pool
Oakton ,Week3,Cardinal Hill,Week5,239.0 Oakton - 163.0 Cardinal Hill
North Springfield,Week1,Little Hunting Park,Week4,257.0 Little Hunting Park - 92.0 North Springfield
Oakton ,Week5,Little Rocky Run,Week3,213.0 Oakton - 189.0 Little Rocky Run
North Springfield,Week1,Canterbury Woods,Week5,267.0 Canterbury Woods - 78.0 North Springfield
Oakton ,Week3,Highland Park,Week2,264.0 Oakton - 138.0 Highland Park
North Springfield,Week1,Riverside Gardens,Week2,304.0 Riverside Gardens - 47.0 North Springfield
North Springfield,Week5,Tuckahoe,Week2,349.0 Tuckahoe - 25.0 North Springfield
North Springfield,Week4,Vienna Aquatic,Week5,365.0 Vienna Aquatic - 26.0 North Springfield
Oakton ,Week3,Long Branch,Week2,316.0 Oakton - 86.0 Long Branch
North Springfield,Week2,Little Hunting Park,Week2,251.0 Little Hunting Park - 134.0 North Springfield
Oakton ,Week3,Highland Park,Week3,263.0 Oakton - 134.0 Highland Park
North Springfield,Week5,Tuckahoe,Week3,348.0 Tuckahoe - 21.0 North Springfield
North Springfield,Week2,Ravensworth Farm,Week5,317.0 Ravensworth Farm - 71.0 North Springfield
North Springfield,Week1,Ravensworth Farm,Week1,296.0 Ravensworth Farm - 55.0 North Springfield
Oakton ,Week3,Chesterbrook,Week4,294.0 Chesterbrook - 108.0 Oakton
North Springfield,Week1,Vienna Aquatic,Week3,329.0 Vienna Aquatic - 22.0 North Springfield
North Springfield,Week1,Ravensworth Farm,Week4,290.0 Ravensworth Farm - 60.0 North Springfield
North Springfield,Week3,Vienna Aquatic,Week1,351.0 Vienna Aquatic - 46.0 North Springfield
North Springfield,Week2,Camelot,Week5,281.0 Camelot - 105.0 North Springfield
Oakton ,Week2,Chesterbrook,Week4,279.0 Chesterbrook - 123.0 Oakton
North Springfield,Week3,Vienna Aquatic,Week3,353.0 Vienna Aquatic - 44.0 North Springfield
North Springfield,Week2,Ravensworth Farm,Week4,308.0 Ravensworth Farm - 80.0 North Springfield
Oakton ,Week4,Chesterbrook,Week4,295.0 Chesterbrook - 107.0 Oakton
Oakton ,Week4,Highland Park,Week2,264.0 Oakton - 138.0 Highland Park
Oakton ,Week2,Long Branch,Week1,314.0 Oakton - 88.0 Long Branch
North Springfield,Week2,Lincolnia Park,Week5,201.0 Lincolnia Park - 175.0 North Springfield
Oakton ,Week3,Chesterbrook,Week5,289.0 Chesterbrook - 113.0 Oakton
North Springfield,Week2,Camelot,Week2,260.0 Camelot - 126.0 North Springfield
North Springfield,Week1,Lincolnia Park,Week5,210.0 Lincolnia Park - 129.0 North Springfield
North Springfield,Week4,Camelot,Week4,275.0 Camelot - 117.0 North Springfield
Oakton ,Week3,Little Rocky Run,Week5,217.0 Little Rocky Run - 185.0 Oakton
Oakton ,Week4,Chesterbrook,Week1,291.0 Chesterbrook - 111.0 Oakton
Oakton ,Week4,Long Branch,Week2,319.0 Oakton - 83.0 Long Branch
North Springfield,Week5,Camelot,Week5,258.0 Camelot - 114.0 North Springfield
North Springfield,Week4,Tuckahoe,Week3,382.0 Tuckahoe - 10.0 North Springfield
North Springfield,Week4,Lincolnia Park,Week4,204.0 Lincolnia Park - 181.0 North Springfield
North Springfield,Week3,Ravensworth Farm,Week2,274.0 Ravensworth Farm - 119.0 North Springfield
Oakton ,Week4,Highland Park,Week5,265.0 Oakton - 137.0 Highland Park
North Springfield,Week5,Lincolnia Park,Week1,200.0 North Springfield - 172.0 Lincolnia Park
Oakton ,Week3,Highland Park,Week4,245.0 Oakton - 157.0 Highland Park
North Springfield,Week2,Ravensworth Farm,Week3,319.0 Ravensworth Farm - 69.0 North Springfield
North Springfield,Week2,Camelot,Week3,272.0 Camelot - 115.0 North Springfield
Oakton ,Week4,Highland Park,Week3,279.0 Oakton - 123.0 Highland Park
Oakton ,Week4,Highland Park,Week1,257.0 Oakton - 145.0 Highland Park
Oakton ,Week4,Long Branch,Week1,316.0 Oakton - 86.0 Long Branch
North Springfield,Week1,Little Hunting Park,Week5,270.0 Little Hunting Park - 77.0 North Springfield
Oakton ,Week5,Little Rocky Run,Week2,233.0 Oakton - 169.0 Little Rocky Run
North Springfield,Week2,Vienna Aquatic,Week3,352.0 Vienna Aquatic - 36.0 North Springfield
Oakton ,Week5,Little Rocky Run,Week4,229.0 Oakton - 173.0 Little Rocky Run
North Springfield,Week3,Ravensworth Farm,Week5,315.0 Ravensworth Farm - 82.0 North Springfield
North Springfield,Week3,Ravensworth Farm,Week4,293.0 Ravensworth Farm - 104.0 North Springfield
North Springfield,Week1,Camelot,Week5,287.0 Camelot - 62.0 North Springfield
North Springfield,Week3,Ravensworth Farm,Week1,305.0 Ravensworth Farm - 92.0 North Springfield
Oakton ,Week1,Highlands Swim,Week1,248.0 Highlands Swim - 154.0 Oakton
North Springfield,Week3,Ravensworth Farm,Week3,307.0 Ravensworth Farm - 90.0 North Springfield
North Springfield,Week4,Village West,Week1,245.0 Village West - 146.0 North Springfield
Oakton ,Week3,Highlands Swim,Week5,259.0 Highlands Swim - 143.0 Oakton
Oakton ,Week4,Little Rocky Run,Week4,221.0 Oakton - 181.0 Little Rocky Run
North Springfield,Week4,Camelot,Week1,283.0 Camelot - 107.0 North Springfield
North Springfield,Week1,Camelot,Week2,263.0 Camelot - 84.0 North Springfield
North Springfield,Week5,Lee Graham,Week2,318.0 Lee Graham - 56.0 North Springfield
North Springfield,Week1,Camelot,Week4,278.0 Camelot - 73.0 North Springfield
North Springfield,Week1,Vienna Aquatic,Week2,324.0 Vienna Aquatic - 27.0 North Springfield
Oakton ,Week4,Little Rocky Run,Week3,203.0 Little Rocky Run - 199.0 Oakton
Oakton ,Week4,Chesterbrook,Week5,298.0 Chesterbrook - 104.0 Oakton
North Springfield,Week1,Virginia Hills,Week3,214.0 Virginia Hills - 134.0 North Springfield
Oakton ,Week4,Highlands Swim,Week2,249.0 Highlands Swim - 153.0 Oakton
North Springfield,Week1,Ravensworth Farm,Week2,278.0 Ravensworth Farm - 66.0 North Springfield
North Springfield,Week1,Lincolnia Park,Week3,213.0 Lincolnia Park - 125.0 North Springfield
Oakton ,Week5,Highland Park,Week3,288.0 Oakton - 114.0 Highland Park
North Springfield,Week1,Lincolnia Park,Week4,206.0 Lincolnia Park - 138.0 North Springfield
Oakton ,Week5,Chesterbrook,Week1,275.0 Chesterbrook - 127.0 Oakton
North Springfield,Week3,Camelot,Week5,284.0 Camelot - 110.0 North Springfield
North Springfield,Week5,Tuckahoe,Week4,352.0 Tuckahoe - 22.0 North Springfield
North Springfield,Week2,Lincolnia Park,Week4,194.0 North Springfield - 190.0 Lincolnia Park
North Springfield,Week1,Virginia Hills,Week5,233.0 Virginia Hills - 116.0 North Springfield
Oakton ,Week3,Highlands Swim,Week3,245.0 Highlands Swim - 157.0 Oakton
Oakton ,Week5,Highland Park,Week1,267.0 Oakton - 135.0 Highland Park
North Springfield,Week5,Tuckahoe,Week1,342.0 Tuckahoe - 31.0 North Springfield
North Springfield,Week1,Vienna Aquatic,Week4,321.0 Vienna Aquatic - 30.0 North Springfield
North Springfield,Week4,Tuckahoe,Week4,377.0 Tuckahoe - 15.0 North Springfield
North Springfield,Week1,Lincolnia Park,Week1,206.0 Lincolnia Park - 140.0 North Springfield
Oakton ,Week4,Little Rocky Run,Week5,212.0 Little Rocky Run - 190.0 Oakton
Oakton ,Week3,Little Rocky Run,Week3,219.0 Little Rocky Run - 183.0 Oakton
North Springfield,Week3,Village West,Week2,233.0 Village West - 162.0 North Springfield
Oakton ,Week2,Highlands Swim,Week4,240.0 Highlands Swim - 162.0 Oakton
Newington Forest,Week1,Vienna Woods,Week1,356.0 Vienna Woods - 46.0 Newington Forest
North Springfield,Week1,Ravensworth Farm,Week3,298.0 Ravensworth Farm - 52.0 North Springfield
North Springfield,Week5,Lee Graham,Week5,325.0 Lee Graham - 49.0 North Springfield
North Springfield,Week4,Camelot,Week5,287.0 Camelot - 102.0 North Springfield
North Springfield,Week3,Lincolnia Park,Week4,205.0 Lincolnia Park - 186.0 North Springfield
Newington Forest,Week5,Vienna Aquatic,Week3,325.0 Vienna Aquatic - 77.0 Newington Forest
North Springfield,Week4,Virginia Hills,Week1,191.0 North Springfield - 188.0 Virginia Hills
Oakton ,Week2,Long Branch,Week4,316.0 Oakton - 86.0 Long Branch
North Springfield,Week1,Camelot,Week3,283.0 Camelot - 67.0 North Springfield
Newington Forest,Week3,Vienna Aquatic,Week5,351.0 Vienna Aquatic - 51.0 Newington Forest
Oakton ,Week1,Long Branch,Week3,314.0 Oakton - 88.0 Long Branch
Oakton ,Week2,Hollin Hills,Week2,358.0 Oakton - 44.0 Hollin Hills
North Springfield,Week2,Virginia Hills,Week2,220.0 North Springfield - 160.0 Virginia Hills
North Springfield,Week3,Village West,Week5,236.0 Village West - 161.0 North Springfield
North Springfield,Week2,Vienna Aquatic,Week1,353.0 Vienna Aquatic - 35.0 North Springfield
North Springfield,Week4,Lincolnia Park,Week1,194.0 Lincolnia Park - 193.0 North Springfield
North Springfield,Week2,Vienna Aquatic,Week4,344.0 Vienna Aquatic - 44.0 North Springfield
Oakton ,Week5,Highlands Swim,Week3,229.0 Highlands Swim - 173.0 Oakton
North Springfield,Week2,Lincolnia Park,Week3,214.0 Lincolnia Park - 163.0 North Springfield
Oakton ,Week1,Long Branch,Week5,286.0 Oakton - 116.0 Long Branch
North Springfield,Week5,Camelot,Week1,261.0 Camelot - 112.0 North Springfield
North Springfield,Week2,Ravensworth Farm,Week2,285.0 Ravensworth Farm - 100.0 North Springfield
Newington Forest,Week3,Vienna Aquatic,Week2,337.0 Vienna Aquatic - 65.0 Newington Forest
North Springfield,Week4,Tuckahoe,Week5,373.0 Tuckahoe - 19.0 North Springfield
North Springfield,Week4,Ravensworth Farm,Week3,318.0 Ravensworth Farm - 74.0 North Springfield
North Springfield,Week3,Camelot,Week1,274.0 Camelot - 120.0 North Springfield
North Springfield,Week4,Ravensworth Farm,Week4,320.0 Ravensworth Farm - 72.0 North Springfield
North Springfield,Week4,Camelot,Week2,273.0 Camelot - 116.0 North Springfield
North Springfield,Week5,Lee Graham,Week4,320.0 Lee Graham - 53.0 North Springfield
Oakton ,Week5,Long Branch,Week5,311.5 Oakton - 90.5 Long Branch
North Springfield,Week3,Vienna Aquatic,Week2,348.0 Vienna Aquatic - 49.0 North Springfield
North Springfield,Week2,Vienna Aquatic,Week5,361.0 Vienna Aquatic - 27.0 North Springfield
Oakton ,Week5,Little Rocky Run,Week1,225.0 Oakton - 177.0 Little Rocky Run
North Springfield,Week4,Ravensworth Farm,Week1,313.0 Ravensworth Farm - 79.0 North Springfield
North Springfield,Week4,Virginia Hills,Week4,213.0 North Springfield - 168.0 Virginia Hills
Oakton ,Week5,Little Rocky Run,Week5,205.0 Little Rocky Run - 197.0 Oakton
North Springfield,Week3,Village West,Week4,240.0 Village West - 152.0 North Springfield
North Springfield,Week3,Village West,Week1,231.0 Village West - 165.0 North Springfield
Newington Forest,Week1,Vienna Woods,Week3,371.0 Vienna Woods - 30.0 Newington Forest
North Springfield,Week5,Village West,Week4,230.0 Village West - 137.0 North Springfield
Oakton ,Week2,Long Branch,Week5,311.0 Oakton - 91.0 Long Branch
North Springfield,Week5,Ravensworth Farm,Week1,277.0 Ravensworth Farm - 97.0 North Springfield
North Springfield,Week1,Vienna Woods,Week4,304.0 Vienna Woods - 47.0 North Springfield
North Springfield,Week3,Lincolnia Park,Week1,205.0 North Springfield - 187.0 Lincolnia Park
North Springfield,Week2,Lincolnia Park,Week2,199.0 North Springfield - 174.0 Lincolnia Park
North Springfield,Week3,Camelot,Week4,267.0 Camelot - 130.0 North Springfield
Oakton ,Week4,Little Rocky Run,Week1,206.0 Oakton - 196.0 Little Rocky Run
Oakton ,Week3,Highlands Swim,Week2,260.0 Highlands Swim - 142.0 Oakton
Newington Forest,Week2,Vienna Woods,Week4,338.0 Vienna Woods - 63.0 Newington Forest
North Springfield,Week2,Camelot,Week1,273.0 Camelot - 114.0 North Springfield
Newington Forest,Week2,Vienna Woods,Week2,345.0 Vienna Woods - 53.0 Newington Forest
Oakton ,Week2,Highlands Swim,Week2,247.0 Highlands Swim - 155.0 Oakton
North Springfield,Week5,Ravensworth Farm,Week2,251.0 Ravensworth Farm - 117.0 North Springfield
North Springfield,Week2,Ravensworth Farm,Week1,304.0 Ravensworth Farm - 84.0 North Springfield
Newington Forest,Week5,Vienna Aquatic,Week4,317.0 Vienna Aquatic - 85.0 Newington Forest
North Springfield,Week2,Lincolnia Park,Week1,201.0 North Springfield - 184.0 Lincolnia Park
North Springfield,Week3,Camelot,Week2,262.0 Camelot - 129.0 North Springfield
Oakton ,Week5,Highlands Swim,Week5,243.0 Highlands Swim - 154.0 Oakton
Oakton ,Week1,Hollin Hills,Week1,356.0 Oakton - 46.0 Hollin Hills
North Springfield,Week3,Vienna Aquatic,Week4,343.0 Vienna Aquatic - 54.0 North Springfield
North Springfield,Week5,Camelot,Week4,244.0 Camelot - 129.0 North Springfield
North Springfield,Week5,Lincolnia Park,Week5,185.0 Lincolnia Park - 177.0 North Springfield
North Springfield,Week5,Vienna Aquatic,Week1,326.0 Vienna Aquatic - 47.0 North Springfield
North Springfield,Week3,Village West,Week3,247.0 Village West - 149.0 North Springfield
North Springfield,Week1,Little Hunting Park,Week1,250.0 Little Hunting Park - 99.0 North Springfield
Oakton ,Week5,Highlands Swim,Week2,236.0 Highlands Swim - 166.0 Oakton
North Springfield,Week3,Camelot,Week3,275.0 Camelot - 119.0 North Springfield
North Springfield,Week3,Vienna Woods,Week2,346.0 Vienna Woods - 51.0 North Springfield
North Springfield,Week2,Vienna Woods,Week2,348.0 Vienna Woods - 40.0 North Springfield
North Springfield,Week4,Ravensworth Farm,Week5,328.0 Ravensworth Farm - 64.0 North Springfield
North Springfield,Week5,Ravensworth Farm,Week3,281.0 Ravensworth Farm - 92.0 North Springfield
North Springfield,Week5,Village West,Week2,226.0 Village West - 146.0 North Springfield
North Springfield,Week3,Virginia Hills,Week1,225.0 North Springfield - 163.0 Virginia Hills
Newington Forest,Week3,Vienna Aquatic,Week4,345.0 Vienna Aquatic - 57.0 Newington Forest
Oakton ,Week1,Highlands Swim,Week2,259.5 Highlands Swim - 142.5 Oakton
Newington Forest,Week2,Vienna Aquatic,Week5,363.0 Vienna Aquatic - 38.0 Newington Forest
Oakton ,Week4,Highlands Swim,Week3,247.0 Highlands Swim - 155.0 Oakton
North Springfield,Week5,Lincolnia Park,Week3,188.0 Lincolnia Park - 175.0 North Springfield
North Springfield,Week4,Village West,Week2,258.0 Village West - 132.0 North Springfield
North Springfield,Week4,Ravensworth Farm,Week2,300.0 Ravensworth Farm - 89.0 North Springfield
Oakton ,Week1,Long Branch,Week2,311.0 Oakton - 91.0 Long Branch
Oakton ,Week4,Little Rocky Run,Week2,231.0 Oakton - 171.0 Little Rocky Run
Newington Forest,Week1,Vienna Woods,Week5,373.0 Vienna Woods - 28.0 Newington Forest
Oakton ,Week3,Little Rocky Run,Week4,202.0 Little Rocky Run - 200.0 Oakton
North Springfield,Week1,Ravensworth Farm,Week5,307.0 Ravensworth Farm - 44.0 North Springfield
Newington Forest,Week5,Vienna Aquatic,Week2,305.0 Vienna Aquatic - 97.0 Newington Forest
North Springfield,Week5,Camelot,Week3,250.0 Camelot - 123.0 North Springfield
North Springfield,Week1,Canterbury Woods,Week1,247.0 Canterbury Woods - 102.0 North Springfield
Oakton ,Week1,Long Branch,Week4,304.0 Oakton - 98.0 Long Branch
Oakton ,Week1,Hollin Hills,Week2,351.0 Oakton - 51.0 Hollin Hills
North Springfield,Week5,Vienna Woods,Week3,317.0 Vienna Woods - 56.0 North Springfield
North Springfield,Week5,Camelot,Week2,242.0 Camelot - 130.0 North Springfield
North Springfield,Week1,Virginia Hills,Week2,184.0 Virginia Hills - 155.0 North Springfield
North Springfield,Week4,Lincolnia Park,Week2,188.0 Lincolnia Park - 183.0 North Springfield
Oakton ,Week5,Highlands Swim,Week1,228.0 Highlands Swim - 174.0 Oakton
North Springfield,Week3,Vienna Woods,Week5,353.0 Vienna Woods - 43.0 North Springfield
Newington Forest,Week3,Vienna Aquatic,Week3,342.0 Vienna Aquatic - 60.0 Newington Forest
North Springfield,Week5,Ravensworth Farm,Week4,277.0 Ravensworth Farm - 97.0 North Springfield
North Springfield,Week4,Lincolnia Park,Week5,221.0 Lincolnia Park - 157.0 North Springfield
Newington Forest,Week4,Vienna Aquatic,Week4,331.5 Vienna Aquatic - 65.5 Newington Forest
North Springfield,Week1,Riverside Gardens,Week3,310.0 Riverside Gardens - 41.0 North Springfield
Oakton ,Week3,Long Branch,Week1,300.5 Oakton - 96.5 Long Branch
North Springfield,Week5,Vienna Woods,Week1,311.0 Vienna Woods - 63.0 North Springfield
Oakton ,Week1,Hollin Hills,Week3,359.0 Oakton - 43.0 Hollin Hills
Oakton ,Week3,Long Branch,Week3,316.0 Oakton - 86.0 Long Branch
North Springfield,Week4,Village West,Week4,258.0 Village West - 129.0 North Springfield
Oakton ,Week3,Long Branch,Week4,314.0 Oakton - 88.0 Long Branch
North Springfield,Week2,Riverside Gardens,Week4,331.0 Riverside Gardens - 57.0 North Springfield
North Springfield,Week1,Little Hunting Park,Week3,268.0 Little Hunting Park - 83.0 North Springfield
Newington Forest,Week4,Vienna Aquatic,Week3,344.0 Vienna Aquatic - 58.0 Newington Forest
North Springfield,Week2,Little Hunting Park,Week1,254.0 Little Hunting Park - 133.0 North Springfield
North Springfield,Week1,Riverside Gardens,Week1,315.0 Riverside Gardens - 36.0 North Springfield
North Springfield,Week1,Canterbury Woods,Week2,255.0 Canterbury Woods - 95.0 North Springfield
North Springfield,Week1,Canterbury Woods,Week4,285.0 Canterbury Woods - 65.0 North Springfield
Oakton ,Week2,Long Branch,Week3,317.0 Oakton - 85.0 Long Branch
Oakton ,Week1,Highlands Swim,Week4,261.0 Highlands Swim - 141.0 Oakton
North Springfield,Week2,Virginia Hills,Week3,210.0 North Springfield - 177.0 Virginia Hills
North Springfield,Week2,Village West,Week5,254.0 Village West - 133.0 North Springfield
North Springfield,Week2,Vienna Woods,Week1,344.0 Vienna Woods - 44.0 North Springfield
Oakton ,Week1,Highlands Swim,Week3,256.0 Highlands Swim - 146.0 Oakton
Newington Forest,Week4,Vienna Aquatic,Week1,331.0 Vienna Aquatic - 71.0 Newington Forest
Oakton ,Week5,Highlands Swim,Week4,223.7 Highlands Swim - 178.3 Oakton
North Springfield,Week1,Little Hunting Park,Week2,243.0 Little Hunting Park - 103.0 North Springfield
North Springfield,Week1,Canterbury Woods,Week3,265.0 Canterbury Woods - 85.0 North Springfield
North Springfield,Week1,Vienna Woods,Week1,311.0 Vienna Woods - 39.0 North Springfield
North Springfield,Week3,Vienna Woods,Week3,352.0 Vienna Woods - 45.0 North Springfield
North Springfield,Week4,Village West,Week3,263.0 Village West - 128.0 North Springfield
North Springfield,Week2,Little Rocky Run,Week2,329.0 Little Rocky Run - 59.0 North Springfield
North Springfield,Week3,Virginia Hills,Week2,232.0 North Springfield - 155.0 Virginia Hills
North Springfield,Week2,Canterbury Woods,Week3,278.0 Canterbury Woods - 109.0 North Springfield
Oakton ,Week4,Long Branch,Week3,325.0 Oakton - 77.0 Long Branch
Newington Forest,Week3,Vienna Aquatic,Week1,337.0 Vienna Aquatic - 65.0 Newington Forest
North Springfield,Week5,Riverside Gardens,Week2,286.0 Riverside Gardens - 88.0 North Springfield
Oakton ,Week4,Long Branch,Week4,322.0 Oakton - 80.0 Long Branch
North Springfield,Week2,Canterbury Woods,Week2,257.0 Canterbury Woods - 130.0 North Springfield
North Springfield,Week2,Vienna Woods,Week5,356.5 Vienna Woods - 31.5 North Springfield
North Springfield,Week5,Vienna Aquatic,Week4,323.0 Vienna Aquatic - 51.0 North Springfield
North Springfield,Week5,Little Hunting Park,Week2,237.0 Little Hunting Park - 135.0 North Springfield
North Springfield,Week5,Vienna Aquatic,Week5,337.0 Vienna Aquatic - 37.0 North Springfield
Newington Forest,Week4,Vienna Aquatic,Week5,350.0 Vienna Aquatic - 52.0 Newington Forest
North Springfield,Week4,Vienna Woods,Week4,342.0 Vienna Woods - 50.0 North Springfield
North Springfield,Week2,Canterbury Woods,Week5,259.0 Canterbury Woods - 126.0 North Springfield
North Springfield,Week5,Village West,Week3,244.0 Village West - 129.0 North Springfield
North Springfield,Week4,Riverside Gardens,Week2,331.0 Riverside Gardens - 61.0 North Springfield
Oakton ,Week2,Hollin Hills,Week1,353.0 Oakton - 44.0 Hollin Hills
Oakton ,Week1,Hollin Hills,Week4,357.0 Oakton - 45.0 Hollin Hills
North Springfield,Week3,Virginia Hills,Week4,226.0 North Springfield - 165.0 Virginia Hills
North Springfield,Week2,Little Rocky Run,Week4,342.0 Little Rocky Run - 46.0 North Springfield
North Springfield,Week3,Virginia Hills,Week5,204.0 Virginia Hills - 187.0 North Springfield
North Springfield,Week1,Little Rocky Run,Week2,315.0 Little Rocky Run - 36.0 North Springfield
North Springfield,Week2,Canterbury Woods,Week4,275.0 Canterbury Woods - 112.0 North Springfield
Oakton ,Week2,Highlands Swim,Week3,232.0 Highlands Swim - 170.0 Oakton
Newington Forest,Week5,Vienna Aquatic,Week5,335.0 Vienna Aquatic - 67.0 Newington Forest
North Springfield,Week1,Rolling Forest,Week2,280.0 Rolling Forest - 70.0 North Springfield
Oakton ,Week3,Long Branch,Week5,306.0 Oakton - 96.0 Long Branch
Newington Forest,Week1,Vienna Woods,Week4,343.0 Vienna Woods - 58.0 Newington Forest
Newington Forest,Week2,Vienna Aquatic,Week4,347.5 Vienna Aquatic - 54.5 Newington Forest
Oakton ,Week4,Long Branch,Week5,306.0 Oakton - 96.0 Long Branch
North Springfield,Week2,Riverside Gardens,Week1,328.0 Riverside Gardens - 60.0 North Springfield
Oakton ,Week2,Highlands Swim,Week1,234.0 Highlands Swim - 168.0 Oakton
North Springfield,Week1,Virginia Hills,Week1,190.0 Virginia Hills - 155.0 North Springfield
North Springfield,Week3,Little Hunting Park,Week4,244.0 Little Hunting Park - 151.0 North Springfield
Oakton ,Week1,Mansion House,Week4,248.0 Oakton - 149.0 Mansion House
Oakton ,Week2,Highlands Swim,Week5,250.0 Highlands Swim - 147.0 Oakton
North Springfield,Week3,Little Hunting Park,Week3,245.0 Little Hunting Park - 148.0 North Springfield
North Springfield,Week4,Village West,Week5,252.0 Village West - 140.0 North Springfield
North Springfield,Week4,Riverside Gardens,Week3,339.0 Riverside Gardens - 53.0 North Springfield
North Springfield,Week3,Canterbury Woods,Week1,245.0 Canterbury Woods - 146.0 North Springfield
Oakton ,Week3,Highlands Swim,Week4,250.0 Highlands Swim - 152.0 Oakton
North Springfield,Week3,Canterbury Woods,Week4,277.0 Canterbury Woods - 119.0 North Springfield
North Springfield,Week3,Rolling Forest,Week4,288.0 Rolling Forest - 108.0 North Springfield
North Springfield,Week1,Virginia Hills,Week4,199.0 Virginia Hills - 149.0 North Springfield
Oakton ,Week4,Highlands Swim,Week1,246.0 Highlands Swim - 156.0 Oakton
Oakton ,Week3,Highlands Swim,Week1,244.0 Highlands Swim - 158.0 Oakton
Newington Forest,Week2,Vienna Woods,Week3,363.0 Vienna Woods - 38.0 Newington Forest
Oakton ,Week1,Highlands Swim,Week5,266.0 Highlands Swim - 136.0 Oakton
North Springfield,Week4,Canterbury Woods,Week1,262.0 Canterbury Woods - 127.0 North Springfield
Newington Forest,Week1,Vienna Woods,Week2,357.0 Vienna Woods - 41.0 Newington Forest
Oakton ,Week5,Long Branch,Week4,323.5 Oakton - 78.5 Long Branch
North Springfield,Week4,Vienna Woods,Week3,357.0 Vienna Woods - 35.0 North Springfield
Oakton ,Week5,Long Branch,Week3,325.0 Oakton - 77.0 Long Branch
North Springfield,Week5,Village West,Week1,218.0 Village West - 155.0 North Springfield
North Springfield,Week3,Canterbury Woods,Week2,260.0 Canterbury Woods - 135.0 North Springfield
North Springfield,Week3,Little Hunting Park,Week2,246.0 Little Hunting Park - 145.0 North Springfield
North Springfield,Week3,Little Hunting Park,Week5,251.0 Little Hunting Park - 137.0 North Springfield
Newington Forest,Week2,Vienna Woods,Week1,349.0 Vienna Woods - 53.0 Newington Forest
North Springfield,Week3,Villa Aquatic,Week2,284.0 Villa Aquatic - 113.0 North Springfield
Oakton ,Week5,Long Branch,Week1,307.0 Oakton - 95.0 Long Branch
North Springfield,Week2,Vienna Woods,Week4,340.0 Vienna Woods - 48.0 North Springfield
Newington Forest,Week5,Vienna Aquatic,Week1,320.0 Vienna Aquatic - 82.0 Newington Forest
North Springfield,Week3,Canterbury Woods,Week3,275.0 Canterbury Woods - 121.0 North Springfield
North Springfield,Week5,Little Hunting Park,Week5,232.0 Little Hunting Park - 137.0 North Springfield
Oakton ,Week1,Mansion House,Week5,225.0 Oakton - 177.0 Mansion House
North Springfield,Week4,Riverside Gardens,Week1,340.0 Riverside Gardens - 52.0 North Springfield
North Springfield,Week4,Vienna Woods,Week1,341.0 Vienna Woods - 46.0 North Springfield
North Springfield,Week5,Vienna Aquatic,Week3,326.5 Vienna Aquatic - 47.5 North Springfield
North Springfield,Week1,Rolling Forest,Week3,288.0 Rolling Forest - 63.0 North Springfield
North Springfield,Week5,Village West,Week5,229.0 Village West - 145.0 North Springfield
North Springfield,Week3,Rolling Forest,Week1,287.0 Rolling Forest - 110.0 North Springfield
North Springfield,Week4,Little Hunting Park,Week1,268.0 Little Hunting Park - 123.0 North Springfield
North Springfield,Week2,Virginia Hills,Week5,202.5 Virginia Hills - 184.5 North Springfield
Oakton ,Week5,Long Branch,Week2,327.0 Oakton - 75.0 Long Branch
North Springfield,Week4,Canterbury Woods,Week4,285.0 Canterbury Woods - 102.0 North Springfield
North Springfield,Week1,Little Rocky Run,Week4,312.0 Little Rocky Run - 39.0 North Springfield
North Springfield,Week1,Little Rocky Run,Week1,312.0 Little Rocky Run - 38.0 North Springfield
North Springfield,Week3,Rolling Forest,Week2,285.0 Rolling Forest - 112.0 North Springfield
North Springfield,Week4,Canterbury Woods,Week2,264.0 Canterbury Woods - 127.0 North Springfield
North Springfield,Week2,Riverside Gardens,Week2,314.0 Riverside Gardens - 74.0 North Springfield
North Springfield,Week4,Canterbury Woods,Week3,285.0 Canterbury Woods - 106.0 North Springfield
North Springfield,Week2,Riverside Gardens,Week5,334.0 Riverside Gardens - 54.0 North Springfield
North Springfield,Week2,Virginia Hills,Week4,209.0 North Springfield - 176.0 Virginia Hills
North Springfield,Week2,Virginia Hills,Week1,219.0 North Springfield - 164.0 Virginia Hills
Oakton ,Week1,Hollin Hills,Week5,348.5 Oakton - 48.5 Hollin Hills
Oakton ,Week4,Highlands Swim,Week5,249.0 Highlands Swim - 153.0 Oakton
North Springfield,Week2,Riverside Gardens,Week3,324.5 Riverside Gardens - 63.5 North Springfield
Oakton ,Week4,Highlands Swim,Week4,227.0 Highlands Swim - 175.0 Oakton
North Springfield,Week2,Canterbury Woods,Week1,253.0 Canterbury Woods - 133.0 North Springfield
North Springfield,Week5,Vienna Aquatic,Week2,328.0 Vienna Aquatic - 46.0 North Springfield
Newington Forest,Week4,Vienna Aquatic,Week2,330.0 Vienna Aquatic - 72.0 Newington Forest
Oakton ,Week2,Mansion House,Week3,232.0 Oakton - 170.0 Mansion House
North Springfield,Week3,Virginia Hills,Week3,223.0 North Springfield - 172.0 Virginia Hills
North Springfield,Week2,Little Hunting Park,Week4,253.0 Little Hunting Park - 134.0 North Springfield
North Springfield,Week3,Vienna Woods,Week4,332.0 Vienna Woods - 65.0 North Springfield
Oakton ,Week3,Mansion House,Week2,246.0 Oakton - 156.0 Mansion House
Oakton ,Week2,Mansion House,Week2,247.0 Oakton - 150.0 Mansion House
North Springfield,Week2,Vienna Woods,Week3,352.0 Vienna Woods - 36.0 North Springfield
North Springfield,Week4,Vienna Woods,Week2,350.0 Vienna Woods - 42.0 North Springfield
North Springfield,Week4,Vienna Woods,Week5,352.0 Vienna Woods - 39.0 North Springfield
North Springfield,Week3,Canterbury Woods,Week5,257.0 Canterbury Woods - 137.0 North Springfield
Oakton ,Week1,Mansion House,Week1,240.0 Oakton - 157.0 Mansion House
North Springfield,Week1,Virginia Run,Week5,314.0 Virginia Run - 37.0 North Springfield
North Springfield,Week1,Vienna Woods,Week5,318.0 Vienna Woods - 33.0 North Springfield
North Springfield,Week4,Riverside Gardens,Week4,340.0 Riverside Gardens - 52.0 North Springfield
Oakton ,Week3,Mansion House,Week1,237.0 Oakton - 165.0 Mansion House
North Springfield,Week5,Little Hunting Park,Week4,233.5 Little Hunting Park - 137.5 North Springfield
North Springfield,Week3,Little Hunting Park,Week1,246.0 Little Hunting Park - 149.0 North Springfield
North Springfield,Week1,Little Rocky Run,Week5,319.0 Little Rocky Run - 32.0 North Springfield
Oakton ,Week4,Hollin Hills,Week1,368.0 Oakton - 34.0 Hollin Hills
North Springfield,Week3,Vienna Woods,Week1,339.0 Vienna Woods - 58.0 North Springfield
Oakton ,Week3,Hollin Meadows,Week2,275.0 Oakton - 127.0 Hollin Meadows
North Springfield,Week4,Little Hunting Park,Week4,258.0 Little Hunting Park - 131.0 North Springfield
Oakton ,Week1,Mansion House,Week2,250.0 Oakton - 147.0 Mansion House
North Springfield,Week5,Virginia Hills,Week1,213.0 North Springfield - 152.0 Virginia Hills
North Springfield,Week2,Little Rocky Run,Week5,350.0 Little Rocky Run - 38.0 North Springfield
North Springfield,Week1,Vienna Woods,Week2,312.0 Vienna Woods - 39.0 North Springfield
North Springfield,Week4,Virginia Hills,Week2,193.0 North Springfield - 185.0 Virginia Hills
North Springfield,Week3,Riverside Gardens,Week2,322.0 Riverside Gardens - 75.0 North Springfield
Oakton ,Week2,Mansion House,Week5,228.0 Oakton - 174.0 Mansion House
North Springfield,Week3,Riverside Gardens,Week3,331.0 Riverside Gardens - 66.0 North Springfield
North Springfield,Week4,Virginia Hills,Week3,203.0 North Springfield - 187.0 Virginia Hills
North Springfield,Week5,Riverside Gardens,Week5,298.0 Riverside Gardens - 76.0 North Springfield
Oakton ,Week2,Hollin Meadows,Week1,270.0 Oakton - 132.0 Hollin Meadows
North Springfield,Week3,Riverside Gardens,Week4,332.0 Riverside Gardens - 65.0 North Springfield
North Springfield,Week1,Vienna Woods,Week3,320.0 Vienna Woods - 30.0 North Springfield
North Springfield,Week4,Virginia Run,Week5,342.0 Virginia Run - 50.0 North Springfield
Oakton ,Week3,Hollin Hills,Week1,353.5 Oakton - 48.5 Hollin Hills
Oakton ,Week1,Hollin Meadows,Week5,255.0 Oakton - 147.0 Hollin Meadows
North Springfield,Week2,Little Hunting Park,Week5,258.0 Little Hunting Park - 125.0 North Springfield
Oakton ,Week5,Hollin Hills,Week1,359.0 Oakton - 37.0 Hollin Hills
Oakton ,Week3,Mansion House,Week3,230.0 Oakton - 172.0 Mansion House
Oakton ,Week3,Hollin Meadows,Week4,263.0 Oakton - 139.0 Hollin Meadows
North Springfield,Week5,Virginia Run,Week2,272.0 Virginia Run - 97.0 North Springfield
North Springfield,Week1,Villa Aquatic,Week5,298.0 Villa Aquatic - 53.0 North Springfield
North Springfield,Week1,Riverside Gardens,Week5,311.0 Riverside Gardens - 40.0 North Springfield
North Springfield,Week5,Vienna Woods,Week4,302.0 Vienna Woods - 72.0 North Springfield
Oakton ,Week2,Mansion House,Week1,246.0 Oakton - 156.0 Mansion House
North Springfield,Week2,Virginia Run,Week5,339.0 Virginia Run - 49.0 North Springfield
North Springfield,Week5,Riverside Gardens,Week4,304.0 Riverside Gardens - 70.0 North Springfield
Oakton ,Week3,Hollin Hills,Week2,348.0 Oakton - 54.0 Hollin Hills
North Springfield,Week3,Riverside Gardens,Week5,338.0 Riverside Gardens - 58.0 North Springfield
North Springfield,Week3,Virginia Run,Week2,293.0 Virginia Run - 104.0 North Springfield
North Springfield,Week1,Rolling Forest,Week1,290.0 Rolling Forest - 61.0 North Springfield
Oakton ,Week1,Mansion House,Week3,221.0 Oakton - 181.0 Mansion House
North Springfield,Week2,Virginia Run,Week1,330.0 Virginia Run - 58.0 North Springfield
North Springfield,Week1,Little Rocky Run,Week3,314.0 Little Rocky Run - 37.0 North Springfield
North Springfield,Week4,Little Hunting Park,Week5,279.0 Little Hunting Park - 105.0 North Springfield
Oakton ,Week2,Mansion House,Week4,257.3 Oakton - 144.7 Mansion House
Oakton ,Week3,Hollin Hills,Week5,347.0 Oakton - 55.0 Hollin Hills
North Springfield,Week1,Virginia Run,Week3,300.0 Virginia Run - 50.0 North Springfield
North Springfield,Week5,Virginia Hills,Week2,213.0 North Springfield - 144.0 Virginia Hills
North Springfield,Week4,Virginia Hills,Week5,208.0 Virginia Hills - 175.0 North Springfield
North Springfield,Week5,Little Hunting Park,Week1,231.0 Little Hunting Park - 142.0 North Springfield
North Springfield,Week4,Little Hunting Park,Week2,267.0 Little Hunting Park - 119.0 North Springfield
North Springfield,Week1,Villa Aquatic,Week4,297.0 Villa Aquatic - 54.0 North Springfield
North Springfield,Week1,Rolling Forest,Week5,285.0 Rolling Forest - 66.0 North Springfield
Oakton ,Week1,Hollin Meadows,Week1,253.0 Oakton - 149.0 Hollin Meadows
North Springfield,Week1,Villa Aquatic,Week2,284.0 Villa Aquatic - 66.0 North Springfield
Oakton ,Week3,Mansion House,Week5,230.0 Oakton - 172.0 Mansion House
North Springfield,Week5,Riverside Gardens,Week1,294.0 Riverside Gardens - 80.0 North Springfield
North Springfield,Week1,Villa Aquatic,Week3,298.0 Villa Aquatic - 53.0 North Springfield
Oakton ,Week3,Mansion House,Week4,257.0 Oakton - 145.0 Mansion House
North Springfield,Week1,Villa Aquatic,Week1,279.0 Villa Aquatic - 71.0 North Springfield
Oakton ,Week4,Hollin Hills,Week3,363.0 Oakton - 39.0 Hollin Hills
North Springfield,Week2,Little Rocky Run,Week1,341.0 Little Rocky Run - 47.0 North Springfield
North Springfield,Week5,Vienna Woods,Week2,317.0 Vienna Woods - 57.0 North Springfield
North Springfield,Week1,Rolling Forest,Week4,288.0 Rolling Forest - 63.0 North Springfield
North Springfield,Week2,Little Hunting Park,Week3,248.0 Little Hunting Park - 139.0 North Springfield
Oakton ,Week2,Hollin Hills,Week5,352.0 Oakton - 50.0 Hollin Hills
Oakton ,Week3,Hollin Meadows,Week3,279.0 Oakton - 123.0 Hollin Meadows
North Springfield,Week2,Villa Aquatic,Week3,313.0 Villa Aquatic - 75.0 North Springfield
North Springfield,Week1,Virginia Run,Week2,294.0 Virginia Run - 57.0 North Springfield
North Springfield,Week4,Riverside Gardens,Week5,342.0 Riverside Gardens - 49.0 North Springfield
North Springfield,Week2,Villa Aquatic,Week1,274.0 Villa Aquatic - 114.0 North Springfield
North Springfield,Week2,Villa Aquatic,Week5,317.5 Villa Aquatic - 70.5 North Springfield
Oakton ,Week4,Hollin Hills,Week4,364.0 Oakton - 38.0 Hollin Hills
North Springfield,Week4,Little Hunting Park,Week3,255.0 Little Hunting Park - 132.0 North Springfield
North Springfield,Week2,Virginia Run,Week3,317.0 Virginia Run - 71.0 North Springfield
North Springfield,Week5,Vienna Woods,Week5,323.0 Vienna Woods - 51.0 North Springfield
North Springfield,Week5,Virginia Run,Week1,290.0 Virginia Run - 84.0 North Springfield
Oakton ,Week4,Hollin Hills,Week2,370.0 Oakton - 32.0 Hollin Hills
Oakton ,Week2,Hollin Hills,Week3,352.0 Oakton - 50.0 Hollin Hills
North Springfield,Week5,Little Hunting Park,Week3,230.0 Little Hunting Park - 140.0 North Springfield
North Springfield,Week2,Rolling Forest,Week3,297.0 Rolling Forest - 91.0 North Springfield
North Springfield,Week2,Rolling Forest,Week1,298.0 Rolling Forest - 90.0 North Springfield
North Springfield,Week2,Villa Aquatic,Week2,293.0 Villa Aquatic - 95.0 North Springfield
North Springfield,Week5,Virginia Run,Week3,290.0 Virginia Run - 84.0 North Springfield
North Springfield,Week1,Long Branch,Week4,264.0 Long Branch - 86.0 North Springfield
North Springfield,Week2,Villa Aquatic,Week4,306.0 Villa Aquatic - 82.0 North Springfield
North Springfield,Week2,Long Branch,Week1,239.0 Long Branch - 148.0 North Springfield
North Springfield,Week3,Riverside Gardens,Week1,334.0 Riverside Gardens - 63.0 North Springfield
North Springfield,Week5,Riverside Gardens,Week3,295.0 Riverside Gardens - 79.0 North Springfield
North Springfield,Week2,Rolling Forest,Week2,284.0 Rolling Forest - 104.0 North Springfield
North Springfield,Week4,Little Rocky Run,Week2,333.0 Little Rocky Run - 59.0 North Springfield
Oakton ,Week2,Hollin Hills,Week4,358.0 Oakton - 44.0 Hollin Hills
Oakton ,Week4,Hollin Hills,Week5,358.0 Oakton - 44.0 Hollin Hills
North Springfield,Week2,Little Rocky Run,Week3,341.5 Little Rocky Run - 46.5 North Springfield
North Springfield,Week4,Virginia Run,Week3,325.0 Virginia Run - 67.0 North Springfield
North Springfield,Week2,Rolling Forest,Week5,291.0 Rolling Forest - 97.0 North Springfield
North Springfield,Week3,Villa Aquatic,Week1,278.0 Villa Aquatic - 119.0 North Springfield
North Springfield,Week2,Virginia Run,Week2,311.0 Virginia Run - 77.0 North Springfield
North Springfield,Week2,Rolling Forest,Week4,291.0 Rolling Forest - 97.0 North Springfield
North Springfield,Week5,Virginia Hills,Week3,221.0 North Springfield - 150.0 Virginia Hills
Oakton ,Week5,Hollin Hills,Week2,353.5 Oakton - 47.5 Hollin Hills
North Springfield,Week1,Virginia Run,Week1,307.5 Virginia Run - 43.5 North Springfield
Newington Forest,Week2,Sully Station,Week4,330.0 Sully Station - 72.0 Newington Forest
Oakton ,Week5,Hollin Hills,Week4,363.0 Oakton - 38.0 Hollin Hills
North Springfield,Week5,Villa Aquatic,Week3,283.0 Villa Aquatic - 91.0 North Springfield
North Springfield,Week5,Rolling Forest,Week1,268.0 Rolling Forest - 106.0 North Springfield
North Springfield,Week3,Little Rocky Run,Week2,326.0 Little Rocky Run - 71.0 North Springfield
North Springfield,Week3,Little Rocky Run,Week3,334.0 Little Rocky Run - 63.0 North Springfield
Newington Forest,Week3,Sully Station,Week1,315.0 Sully Station - 87.0 Newington Forest
Oakton ,Week5,Hollin Hills,Week5,354.0 Oakton - 48.0 Hollin Hills
North Springfield,Week2,Virginia Run,Week4,331.0 Virginia Run - 57.0 North Springfield
Newington Forest,Week5,Sully Station,Week4,303.0 Sully Station - 99.0 Newington Forest
North Springfield,Week3,Little Rocky Run,Week1,332.5 Little Rocky Run - 64.5 North Springfield
North Springfield,Week1,Virginia Run,Week4,307.0 Virginia Run - 44.0 North Springfield
North Springfield,Week1,Rolling Hills,Week5,262.0 Rolling Hills - 88.0 North Springfield
North Springfield,Week5,Virginia Hills,Week4,209.0 North Springfield - 157.0 Virginia Hills
North Springfield,Week3,Rolling Forest,Week3,305.0 Rolling Forest - 92.0 North Springfield
Newington Forest,Week3,Sully Station,Week4,319.0 Sully Station - 83.0 Newington Forest
Oakton ,Week3,Hollin Hills,Week4,353.0 Oakton - 49.0 Hollin Hills
North Springfield,Week5,Little Rocky Run,Week5,319.0 Little Rocky Run - 55.0 North Springfield
North Springfield,Week4,Villa Aquatic,Week5,307.0 Villa Aquatic - 85.0 North Springfield
North Springfield,Week4,Little Rocky Run,Week1,341.0 Little Rocky Run - 51.0 North Springfield
Newington Forest,Week4,Sully Station,Week1,305.0 Sully Station - 97.0 Newington Forest
Oakton ,Week1,Hollin Meadows,Week3,278.0 Oakton - 124.0 Hollin Meadows
Oakton ,Week1,Hollin Meadows,Week2,268.0 Oakton - 134.0 Hollin Meadows
North Springfield,Week5,Villa Aquatic,Week1,255.0 Villa Aquatic - 118.0 North Springfield
North Springfield,Week2,Long Branch,Week3,248.0 Long Branch - 139.0 North Springfield
North Springfield,Week4,Villa Aquatic,Week3,320.0 Villa Aquatic - 72.0 North Springfield
North Springfield,Week3,Villa Aquatic,Week3,316.0 Villa Aquatic - 81.0 North Springfield
Newington Forest,Week4,Sully Station,Week3,298.0 Sully Station - 104.0 Newington Forest
North Springfield,Week5,Rolling Forest,Week2,252.0 Rolling Forest - 122.0 North Springfield
North Springfield,Week3,Virginia Run,Week3,301.0 Virginia Run - 96.0 North Springfield
North Springfield,Week3,Little Rocky Run,Week5,344.0 Little Rocky Run - 53.0 North Springfield
Oakton ,Week5,Hollin Hills,Week3,359.0 Oakton - 43.0 Hollin Hills
Oakton ,Week3,Hollin Hills,Week3,348.0 Oakton - 54.0 Hollin Hills
Newington Forest,Week2,Sully Station,Week1,324.0 Sully Station - 78.0 Newington Forest
Oakton ,Week2,Hollin Meadows,Week3,283.0 Oakton - 119.0 Hollin Meadows
Newington Forest,Week4,Sully Station,Week5,309.0 Sully Station - 93.0 Newington Forest
North Springfield,Week3,Virginia Run,Week4,317.5 Virginia Run - 79.5 North Springfield
North Springfield,Week5,Little Rocky Run,Week3,314.0 Little Rocky Run - 60.0 North Springfield
Newington Forest,Week5,Somerset-Olde Creek,Week1,281.0 Newington Forest - 120.0 Somerset-Olde Creek
Oakton ,Week1,Hollin Meadows,Week4,261.0 Oakton - 141.0 Hollin Meadows
North Springfield,Week1,Rolling Hills,Week1,265.0 Rolling Hills - 86.0 North Springfield
Newington Forest,Week3,Sully Station,Week5,325.0 Sully Station - 76.0 Newington Forest
North Springfield,Week2,Rolling Hills,Week1,268.5 Rolling Hills - 119.5 North Springfield
Newington Forest,Week2,Somerset-Olde Creek,Week5,212.0 Newington Forest - 184.0 Somerset-Olde Creek
North Springfield,Week5,Virginia Hills,Week5,189.0 North Springfield - 175.0 Virginia Hills
North Springfield,Week5,Villa Aquatic,Week2,270.0 Villa Aquatic - 104.0 North Springfield
North Springfield,Week3,Virginia Run,Week1,304.0 Virginia Run - 92.0 North Springfield
North Springfield,Week4,Virginia Run,Week1,325.0 Virginia Run - 67.0 North Springfield
Newington Forest,Week1,Sully Station II,Week1,315.0 Sully Station II - 86.0 Newington Forest
North Springfield,Week3,Villa Aquatic,Week5,306.0 Villa Aquatic - 91.0 North Springfield
Oakton ,Week2,Hollin Meadows,Week2,283.0 Oakton - 119.0 Hollin Meadows
Oakton ,Week2,Hollin Meadows,Week4,279.0 Oakton - 123.0 Hollin Meadows
North Springfield,Week5,Long Branch,Week4,252.0 Long Branch - 122.0 North Springfield
North Springfield,Week1,Long Branch,Week3,255.0 Long Branch - 94.0 North Springfield
Newington Forest,Week5,Somerset-Olde Creek,Week3,271.0 Newington Forest - 121.0 Somerset-Olde Creek
North Springfield,Week1,Village West,Week3,271.0 Village West - 79.0 North Springfield
North Springfield,Week1,Rolling Hills,Week3,262.0 Rolling Hills - 88.0 North Springfield
Newington Forest,Week5,Sully Station,Week1,303.0 Sully Station - 99.0 Newington Forest
North Springfield,Week3,Villa Aquatic,Week4,307.0 Villa Aquatic - 90.0 North Springfield
North Springfield,Week3,Little Rocky Run,Week4,333.0 Little Rocky Run - 64.0 North Springfield
North Springfield,Week2,Rolling Hills,Week5,262.0 Rolling Hills - 126.0 North Springfield
North Springfield,Week3,Rolling Hills,Week5,258.0 Rolling Hills - 138.0 North Springfield
Newington Forest,Week5,Somerset-Olde Creek,Week4,269.0 Newington Forest - 133.0 Somerset-Olde Creek
North Springfield,Week3,Virginia Run,Week5,326.0 Virginia Run - 71.0 North Springfield
North Springfield,Week4,Villa Aquatic,Week1,290.0 Villa Aquatic - 102.0 North Springfield
North Springfield,Week4,Rolling Forest,Week3,301.0 Rolling Forest - 91.0 North Springfield
Newington Forest,Week2,Somerset-Olde Creek,Week3,238.0 Newington Forest - 155.0 Somerset-Olde Creek
North Springfield,Week4,Rolling Hills,Week1,276.0 Rolling Hills - 110.0 North Springfield
North Springfield,Week1,Village West,Week4,252.0 Village West - 91.0 North Springfield
North Springfield,Week4,Wakefield Chapel,Week2,349.0 Wakefield Chapel - 42.0 North Springfield
North Springfield,Week1,Rolling Valley,Week1,225.0 Rolling Valley - 125.0 North Springfield
Newington Forest,Week5,Sully Station,Week5,309.0 Sully Station - 93.0 Newington Forest
Newington Forest,Week3,Somerset-Olde Creek,Week1,252.0 Newington Forest - 146.0 Somerset-Olde Creek
North Springfield,Week4,Long Branch,Week2,271.0 Long Branch - 121.0 North Springfield
North Springfield,Week4,Rolling Forest,Week4,292.0 Rolling Forest - 100.0 North Springfield
Oakton ,Week2,Hollin Meadows,Week5,270.0 Oakton - 132.0 Hollin Meadows
North Springfield,Week4,Virginia Run,Week4,335.0 Virginia Run - 57.0 North Springfield
Newington Forest,Week1,Sully Station II,Week2,337.0 Sully Station II - 64.0 Newington Forest
North Springfield,Week4,Little Rocky Run,Week3,346.0 Little Rocky Run - 46.0 North Springfield
North Springfield,Week4,Little Rocky Run,Week4,344.0 Little Rocky Run - 48.0 North Springfield
North Springfield,Week2,Village West,Week1,245.0 Village West - 142.0 North Springfield
Newington Forest,Week5,Somerset-Olde Creek,Week2,285.0 Newington Forest - 112.0 Somerset-Olde Creek
North Springfield,Week4,Little Rocky Run,Week5,351.0 Little Rocky Run - 41.0 North Springfield
Oakton ,Week3,Hollin Meadows,Week1,256.0 Oakton - 146.0 Hollin Meadows
North Springfield,Week1,Village West,Week2,261.0 Village West - 88.0 North Springfield
North Springfield,Week2,Village West,Week2,246.0 Village West - 140.0 North Springfield
Oakton ,Week3,Holmes Run Acres,Week2,286.0 Oakton - 116.0 Holmes Run Acres
Newington Forest,Week2,Somerset-Olde Creek,Week4,243.5 Newington Forest - 154.5 Somerset-Olde Creek
Oakton ,Week5,Hollin Meadows,Week1,275.0 Oakton - 127.0 Hollin Meadows
Newington Forest,Week1,Sully Station II,Week3,345.0 Sully Station II - 57.0 Newington Forest
Newington Forest,Week3,Sully Station,Week2,306.7 Sully Station - 95.3 Newington Forest
North Springfield,Week4,Virginia Run,Week2,319.0 Virginia Run - 73.0 North Springfield
North Springfield,Week2,Wakefield Chapel,Week4,344.0 Wakefield Chapel - 44.0 North Springfield
Oakton ,Week4,Holmes Run Acres,Week2,303.0 Oakton - 99.0 Holmes Run Acres
North Springfield,Week5,Villa Aquatic,Week5,276.0 Villa Aquatic - 98.0 North Springfield
Newington Forest,Week1,Sully Station II,Week4,314.0 Sully Station II - 88.0 Newington Forest
Newington Forest,Week1,Vienna Aquatic,Week3,351.0 Vienna Aquatic - 51.0 Newington Forest
North Springfield,Week3,Long Branch,Week2,247.0 Long Branch - 150.0 North Springfield
Newington Forest,Week4,Sully Station,Week2,301.0 Sully Station - 101.0 Newington Forest
North Springfield,Week5,Rolling Forest,Week3,277.0 Rolling Forest - 97.0 North Springfield
Newington Forest,Week1,Somerset-Olde Creek,Week3,239.0 Newington Forest - 155.0 Somerset-Olde Creek
North Springfield,Week1,Wakefield Chapel,Week1,313.0 Wakefield Chapel - 38.0 North Springfield
North Springfield,Week5,Rolling Forest,Week4,256.0 Rolling Forest - 118.0 North Springfield
North Springfield,Week1,Walden Glen,Week2,268.0 Walden Glen - 72.0 North Springfield
North Springfield,Week2,Village West,Week3,260.5 Village West - 126.5 North Springfield
North Springfield,Week3,Wakefield Chapel,Week2,345.0 Wakefield Chapel - 51.0 North Springfield
North Springfield,Week4,Long Branch,Week1,261.0 Long Branch - 130.0 North Springfield
Newington Forest,Week5,Sully Station,Week2,289.5 Sully Station - 112.5 Newington Forest
North Springfield,Week4,Villa Aquatic,Week4,310.0 Villa Aquatic - 82.0 North Springfield
Newington Forest,Week1,Somerset-Olde Creek,Week5,214.0 Newington Forest - 180.0 Somerset-Olde Creek
Newington Forest,Week5,Sully Station,Week3,305.0 Sully Station - 97.0 Newington Forest
Newington Forest,Week1,Somerset-Olde Creek,Week4,238.0 Newington Forest - 159.0 Somerset-Olde Creek
North Springfield,Week3,Long Branch,Week3,241.0 Long Branch - 154.0 North Springfield
Newington Forest,Week1,Somerset-Olde Creek,Week1,239.0 Newington Forest - 153.0 Somerset-Olde Creek
North Springfield,Week1,Rolling Valley,Week5,263.0 Rolling Valley - 88.0 North Springfield
North Springfield,Week2,Village West,Week4,253.0 Village West - 130.0 North Springfield
Oakton ,Week4,Hollin Meadows,Week1,259.0 Oakton - 143.0 Hollin Meadows
Oakton ,Week5,Hollin Meadows,Week2,284.0 Oakton - 118.0 Hollin Meadows
North Springfield,Week5,Rolling Hills,Week5,239.0 Rolling Hills - 134.0 North Springfield
Oakton ,Week5,Hollin Meadows,Week5,282.0 Oakton - 120.0 Hollin Meadows
Newington Forest,Week1,Somerset-Olde Creek,Week2,264.0 Newington Forest - 131.0 Somerset-Olde Creek
Newington Forest,Week1,Vienna Aquatic,Week4,349.0 Vienna Aquatic - 53.0 Newington Forest
Newington Forest,Week5,Tuckahoe,Week1,351.0 Tuckahoe - 51.0 Newington Forest
Newington Forest,Week1,Vienna Aquatic,Week2,341.0 Vienna Aquatic - 61.0 Newington Forest
North Springfield,Week5,Little Rocky Run,Week4,307.0 Little Rocky Run - 67.0 North Springfield
North Springfield,Week4,Wakefield Chapel,Week5,357.0 Wakefield Chapel - 35.0 North Springfield
Newington Forest,Week2,Tuckahoe,Week4,376.0 Tuckahoe - 26.0 Newington Forest
Oakton ,Week1,Holmes Run Acres,Week5,220.0 Oakton - 182.0 Holmes Run Acres
North Springfield,Week2,Wakefield Chapel,Week1,338.0 Wakefield Chapel - 50.0 North Springfield
North Springfield,Week4,Wakefield Chapel,Week3,352.0 Wakefield Chapel - 40.0 North Springfield
North Springfield,Week5,Rolling Forest,Week5,280.0 Rolling Forest - 93.0 North Springfield
North Springfield,Week5,Virginia Run,Week5,298.0 Virginia Run - 76.0 North Springfield
Newington Forest,Week2,Somerset-Olde Creek,Week1,236.0 Newington Forest - 157.0 Somerset-Olde Creek
Oakton ,Week4,Hollin Meadows,Week2,278.0 Oakton - 124.0 Hollin Meadows
Newington Forest,Week5,Sleepy Hollow Rec,Week4,216.0 Newington Forest - 186.0 Sleepy Hollow Rec
Newington Forest,Week2,Sully Station,Week2,309.0 Sully Station - 93.0 Newington Forest
North Springfield,Week5,Villa Aquatic,Week4,278.0 Villa Aquatic - 96.0 North Springfield
North Springfield,Week1,Village West,Week5,251.0 Village West - 100.0 North Springfield
North Springfield,Week4,Rolling Forest,Week5,305.0 Rolling Forest - 87.0 North Springfield
North Springfield,Week5,Little Rocky Run,Week1,311.0 Little Rocky Run - 63.0 North Springfield
Newington Forest,Week2,Sully Station,Week5,325.0 Sully Station - 75.0 Newington Forest
Newington Forest,Week4,Sully Station,Week4,312.0 Sully Station - 90.0 Newington Forest
North Springfield,Week1,Rolling Hills,Week4,259.0 Rolling Hills - 90.0 North Springfield
North Springfield,Week3,Wakefield Chapel,Week1,342.0 Wakefield Chapel - 55.0 North Springfield
Oakton ,Week2,Holmes Run Acres,Week3,258.0 Oakton - 144.0 Holmes Run Acres
Newington Forest,Week3,Tuckahoe,Week2,365.0 Tuckahoe - 37.0 Newington Forest
Newington Forest,Week1,Sully Station,Week5,336.0 Sully Station - 64.0 Newington Forest
North Springfield,Week1,Long Branch,Week2,247.0 Long Branch - 103.0 North Springfield
Newington Forest,Week1,Vienna Aquatic,Week5,359.0 Vienna Aquatic - 42.0 Newington Forest
Newington Forest,Week2,Somerset-Olde Creek,Week2,262.0 Newington Forest - 135.0 Somerset-Olde Creek
North Springfield,Week4,Long Branch,Week3,263.0 Long Branch - 128.0 North Springfield
Newington Forest,Week3,Somerset-Olde Creek,Week3,264.0 Newington Forest - 137.0 Somerset-Olde Creek
North Springfield,Week3,Rutherford,Week2,241.0 Rutherford - 156.0 North Springfield
North Springfield,Week1,Wakefield Chapel,Week4,316.0 Wakefield Chapel - 34.0 North Springfield
North Springfield,Week3,Rolling Forest,Week5,297.0 Rolling Forest - 99.0 North Springfield
Newington Forest,Week3,Somerset-Olde Creek,Week2,282.0 Newington Forest - 120.0 Somerset-Olde Creek
North Springfield,Week1,Village West,Week1,254.0 Village West - 93.0 North Springfield
North Springfield,Week5,Little Rocky Run,Week2,304.0 Little Rocky Run - 70.0 North Springfield
North Springfield,Week1,Long Branch,Week1,252.0 Long Branch - 93.0 North Springfield
Oakton ,Week2,Holmes Run Acres,Week5,235.0 Oakton - 167.0 Holmes Run Acres
North Springfield,Week4,Rolling Forest,Week2,286.0 Rolling Forest - 101.0 North Springfield
Newington Forest,Week4,Tuckahoe,Week2,361.0 Tuckahoe - 41.0 Newington Forest
Oakton ,Week2,Holmes Run Acres,Week1,292.0 Oakton - 110.0 Holmes Run Acres
North Springfield,Week4,Villa Aquatic,Week2,303.0 Villa Aquatic - 88.0 North Springfield
Newington Forest,Week1,Sully Station II,Week5,351.0 Sully Station II - 51.0 Newington Forest
Newington Forest,Week2,Vienna Aquatic,Week3,352.0 Vienna Aquatic - 50.0 Newington Forest
North Springfield,Week4,Rolling Forest,Week1,294.0 Rolling Forest - 98.0 North Springfield
North Springfield,Week1,Rolling Hills,Week2,258.0 Rolling Hills - 92.0 North Springfield
North Springfield,Week1,Rutherford,Week4,264.0 Rutherford - 86.0 North Springfield
Newington Forest,Week2,Vienna Aquatic,Week2,348.0 Vienna Aquatic - 54.0 Newington Forest
Newington Forest,Week3,Sully Station,Week3,307.0 Sully Station - 95.0 Newington Forest
North Springfield,Week1,Wakefield Chapel,Week5,325.0 Wakefield Chapel - 25.0 North Springfield
North Springfield,Week2,Rolling Hills,Week2,265.0 Rolling Hills - 122.0 North Springfield
Newington Forest,Week4,Somerset-Olde Creek,Week1,263.0 Newington Forest - 138.0 Somerset-Olde Creek
North Springfield,Week2,Long Branch,Week2,250.0 Long Branch - 138.0 North Springfield
North Springfield,Week3,Long Branch,Week5,258.0 Long Branch - 139.0 North Springfield
North Springfield,Week2,Long Branch,Week4,262.0 Long Branch - 126.0 North Springfield
North Springfield,Week5,Wakefield Chapel,Week4,320.0 Wakefield Chapel - 53.0 North Springfield
Newington Forest,Week2,Vienna Aquatic,Week1,353.0 Vienna Aquatic - 49.0 Newington Forest
North Springfield,Week2,Rolling Hills,Week4,259.0 Rolling Hills - 127.0 North Springfield
Oakton ,Week3,Holmes Run Acres,Week3,240.0 Oakton - 162.0 Holmes Run Acres
North Springfield,Week2,Shouse Village,Week1,289.0 Shouse Village - 97.0 North Springfield
North Springfield,Week4,Rutherford,Week5,261.0 Rutherford - 131.0 North Springfield
Newington Forest,Week2,Sully Station,Week3,318.0 Sully Station - 83.0 Newington Forest
Newington Forest,Week4,South Run,Week5,276.0 South Run - 126.0 Newington Forest
Newington Forest,Week3,Somerset-Olde Creek,Week5,228.0 Newington Forest - 173.0 Somerset-Olde Creek
Newington Forest,Week2,Tuckahoe,Week5,363.0 Tuckahoe - 38.0 Newington Forest
North Springfield,Week3,Wakefield Chapel,Week5,361.0 Wakefield Chapel - 36.0 North Springfield
Oakton ,Week2,Holmes Run Acres,Week2,289.5 Oakton - 112.5 Holmes Run Acres
North Springfield,Week3,Rutherford,Week5,253.0 Rutherford - 143.0 North Springfield
Newington Forest,Week4,Somerset-Olde Creek,Week2,287.0 Newington Forest - 115.0 Somerset-Olde Creek
North Springfield,Week1,Long Branch,Week5,272.0 Long Branch - 79.0 North Springfield
Oakton ,Week3,Hollin Meadows,Week5,260.0 Oakton - 142.0 Hollin Meadows
Newington Forest,Week5,Sully Station II,Week2,317.0 Sully Station II - 85.0 Newington Forest
Oakton ,Week1,Holmes Run Acres,Week2,275.0 Oakton - 127.0 Holmes Run Acres
North Springfield,Week5,Rutherford,Week1,217.0 Rutherford - 151.0 North Springfield
Oakton ,Week3,Holmes Run Acres,Week4,269.0 Oakton - 133.0 Holmes Run Acres
Newington Forest,Week2,South Run,Week2,236.0 South Run - 162.0 Newington Forest
Newington Forest,Week4,Tuckahoe,Week4,363.0 Tuckahoe - 39.0 Newington Forest
Newington Forest,Week1,Truro,Week1,237.0 Truro - 161.0 Newington Forest
Newington Forest,Week2,Tuckahoe,Week3,373.5 Tuckahoe - 28.5 Newington Forest
North Springfield,Week1,Wakefield Chapel,Week3,323.0 Wakefield Chapel - 28.0 North Springfield
Newington Forest,Week2,South Run,Week4,242.0 South Run - 156.0 Newington Forest
North Springfield,Week3,Rolling Hills,Week2,257.0 Rolling Hills - 136.0 North Springfield
North Springfield,Week2,Rutherford,Week4,269.0 Rutherford - 119.0 North Springfield
North Springfield,Week1,Walden Glen,Week1,261.0 Walden Glen - 88.0 North Springfield
North Springfield,Week4,Long Branch,Week5,283.0 Long Branch - 109.0 North Springfield
Newington Forest,Week5,Sleepy Hollow Rec,Week5,203.0 Newington Forest - 199.0 Sleepy Hollow Rec
North Springfield,Week3,Rolling Hills,Week3,260.0 Rolling Hills - 131.0 North Springfield
North Springfield,Week5,Rutherford,Week3,229.0 Rutherford - 145.0 North Springfield
North Springfield,Week5,Wakefield Chapel,Week3,318.0 Wakefield Chapel - 56.0 North Springfield
Oakton ,Week2,Hunt Valley,Week3,208.5 Hunt Valley - 193.5 Oakton
North Springfield,Week2,Rolling Hills,Week3,269.0 Rolling Hills - 118.0 North Springfield
Oakton ,Week3,Holmes Run Acres,Week1,279.0 Oakton - 123.0 Holmes Run Acres
North Springfield,Week4,Long Branch,Week4,279.0 Long Branch - 113.0 North Springfield
North Springfield,Week3,Long Branch,Week4,262.0 Long Branch - 135.0 North Springfield
Newington Forest,Week4,Somerset-Olde Creek,Week4,258.0 Newington Forest - 139.0 Somerset-Olde Creek
North Springfield,Week3,Wakefield Chapel,Week4,352.0 Wakefield Chapel - 45.0 North Springfield
Newington Forest,Week3,Somerset-Olde Creek,Week4,258.0 Newington Forest - 144.0 Somerset-Olde Creek
Newington Forest,Week3,Sully Station II,Week3,329.0 Sully Station II - 73.0 Newington Forest
Newington Forest,Week3,Tuckahoe,Week5,359.0 Tuckahoe - 43.0 Newington Forest
Newington Forest,Week4,South Run,Week2,250.0 South Run - 145.0 Newington Forest
Newington Forest,Week3,Tuckahoe,Week1,357.0 Tuckahoe - 45.0 Newington Forest
Newington Forest,Week3,South Run,Week5,287.0 South Run - 115.0 Newington Forest
North Springfield,Week2,Long Branch,Week5,264.0 Long Branch - 124.0 North Springfield
Newington Forest,Week4,Somerset-Olde Creek,Week3,268.0 Newington Forest - 134.0 Somerset-Olde Creek
Newington Forest,Week5,South Run,Week4,228.0 South Run - 174.0 Newington Forest
North Springfield,Week1,Wakefield Chapel,Week2,319.0 Wakefield Chapel - 31.0 North Springfield
North Springfield,Week4,Wakefield Chapel,Week4,355.0 Wakefield Chapel - 37.0 North Springfield
North Springfield,Week4,Rolling Hills,Week2,284.0 Rolling Hills - 103.0 North Springfield
Newington Forest,Week2,Truro,Week1,232.0 Truro - 166.0 Newington Forest
Newington Forest,Week1,Vienna Aquatic,Week1,347.0 Vienna Aquatic - 55.0 Newington Forest
North Springfield,Week5,Long Branch,Week2,233.0 Long Branch - 141.0 North Springfield
Newington Forest,Week4,Somerset-Olde Creek,Week5,241.0 Newington Forest - 161.0 Somerset-Olde Creek
Newington Forest,Week5,South Run,Week3,233.0 South Run - 169.0 Newington Forest
North Springfield,Week1,Shouse Village,Week4,302.0 Shouse Village - 45.0 North Springfield
North Springfield,Week3,Wakefield Chapel,Week3,351.0 Wakefield Chapel - 46.0 North Springfield
North Springfield,Week3,Rolling Hills,Week1,259.0 Rolling Hills - 136.0 North Springfield
North Springfield,Week4,Rolling Hills,Week3,285.0 Rolling Hills - 103.0 North Springfield
North Springfield,Week3,Rutherford,Week4,253.0 Rutherford - 143.0 North Springfield
North Springfield,Week2,Rutherford,Week3,247.0 Rutherford - 141.0 North Springfield
Newington Forest,Week1,Truro,Week5,230.0 Truro - 168.0 Newington Forest
Oakton ,Week4,Holmes Run Acres,Week3,244.0 Oakton - 158.0 Holmes Run Acres
Newington Forest,Week1,Truro,Week4,241.0 Truro - 160.0 Newington Forest
North Springfield,Week5,Wakefield Chapel,Week1,309.0 Wakefield Chapel - 65.0 North Springfield
North Springfield,Week5,Long Branch,Week3,223.0 Long Branch - 149.0 North Springfield
Newington Forest,Week5,Tuckahoe,Week2,352.0 Tuckahoe - 50.0 Newington Forest
North Springfield,Week4,Rutherford,Week3,262.0 Rutherford - 130.0 North Springfield
Newington Forest,Week4,South Run,Week1,247.0 South Run - 146.0 Newington Forest
Oakton ,Week1,Holmes Run Acres,Week1,272.0 Oakton - 130.0 Holmes Run Acres
North Springfield,Week3,Long Branch,Week1,246.0 Long Branch - 150.0 North Springfield
Newington Forest,Week5,Tuckahoe,Week4,367.0 Tuckahoe - 35.0 Newington Forest
Newington Forest,Week2,Sully Station II,Week5,338.0 Sully Station II - 64.0 Newington Forest
Oakton ,Week4,Hollin Meadows,Week3,280.5 Oakton - 121.5 Hollin Meadows
North Springfield,Week4,Rolling Hills,Week4,286.0 Rolling Hills - 104.0 North Springfield
Oakton ,Week4,Hollin Meadows,Week4,274.0 Oakton - 128.0 Hollin Meadows
Newington Forest,Week3,South Run,Week3,262.0 South Run - 140.0 Newington Forest
Newington Forest,Week4,Tuckahoe,Week5,360.0 Tuckahoe - 42.0 Newington Forest
North Springfield,Week5,Long Branch,Week1,235.0 Long Branch - 137.0 North Springfield
Newington Forest,Week3,Tuckahoe,Week4,362.0 Tuckahoe - 40.0 Newington Forest
Newington Forest,Week1,Truro,Week3,221.0 Truro - 178.0 Newington Forest
North Springfield,Week5,Virginia Run,Week4,290.0 Virginia Run - 84.0 North Springfield
Oakton ,Week5,Hollin Meadows,Week4,286.0 Oakton - 116.0 Hollin Meadows
North Springfield,Week2,Rutherford,Week2,238.0 Rutherford - 150.0 North Springfield
North Springfield,Week3,Rolling Hills,Week4,251.0 Rolling Hills - 140.0 North Springfield
North Springfield,Week2,Rutherford,Week1,233.0 Rutherford - 154.0 North Springfield
Newington Forest,Week5,South Run,Week5,263.0 South Run - 139.0 Newington Forest
Newington Forest,Week1,South Run,Week4,258.0 South Run - 139.0 Newington Forest
Oakton ,Week5,Hollin Meadows,Week3,290.0 Oakton - 112.0 Hollin Meadows
North Springfield,Week5,Rolling Hills,Week3,249.0 Rolling Hills - 121.0 North Springfield
North Springfield,Week1,Shouse Village,Week2,278.0 Shouse Village - 71.0 North Springfield
Newington Forest,Week5,Tuckahoe,Week3,365.0 Tuckahoe - 37.0 Newington Forest
Oakton ,Week1,Holmes Run Acres,Week3,233.0 Oakton - 169.0 Holmes Run Acres
North Springfield,Week2,Wakefield Chapel,Week2,351.0 Wakefield Chapel - 37.0 North Springfield
North Springfield,Week5,Rolling Hills,Week1,243.0 Rolling Hills - 129.0 North Springfield
North Springfield,Week5,Rolling Hills,Week2,246.0 Rolling Hills - 127.0 North Springfield
Newington Forest,Week2,Sully Station II,Week3,340.0 Sully Station II - 61.0 Newington Forest
Newington Forest,Week3,Tuckahoe,Week3,368.0 Tuckahoe - 34.0 Newington Forest
Newington Forest,Week4,Tuckahoe,Week1,356.0 Tuckahoe - 46.0 Newington Forest
North Springfield,Week2,Wakefield Chapel,Week3,349.0 Wakefield Chapel - 39.0 North Springfield
Newington Forest,Week2,South Run,Week5,286.0 South Run - 115.0 Newington Forest
North Springfield,Week4,Mansion House,Week4,307.0 Mansion House - 84.0 North Springfield
Oakton ,Week4,Hollin Meadows,Week5,266.5 Oakton - 135.5 Hollin Meadows
Newington Forest,Week4,Sully Station II,Week3,324.0 Sully Station II - 78.0 Newington Forest
Newington Forest,Week3,Sully Station II,Week2,323.0 Sully Station II - 79.0 Newington Forest
North Springfield,Week2,Wakefield Chapel,Week5,354.0 Wakefield Chapel - 34.0 North Springfield
North Springfield,Week1,Mansion House,Week2,277.0 Mansion House - 74.0 North Springfield
North Springfield,Week4,Shouse Village,Week5,320.0 Shouse Village - 70.0 North Springfield
North Springfield,Week3,Mansion House,Week4,281.0 Mansion House - 116.0 North Springfield
North Springfield,Week3,Mansion House,Week2,303.0 Mansion House - 94.0 North Springfield
Newington Forest,Week4,South Run,Week4,235.0 South Run - 165.0 Newington Forest
North Springfield,Week4,Rolling Hills,Week5,282.0 Rolling Hills - 109.0 North Springfield
Newington Forest,Week3,Sully Station II,Week1,314.0 Sully Station II - 88.0 Newington Forest
North Springfield,Week5,Rolling Hills,Week4,243.0 Rolling Hills - 130.0 North Springfield
North Springfield,Week5,Wakefield Chapel,Week2,315.0 Wakefield Chapel - 59.0 North Springfield
North Springfield,Week4,Rutherford,Week1,250.0 Rutherford - 141.0 North Springfield
North Springfield,Week5,Rutherford,Week4,241.0 Rutherford - 133.0 North Springfield
Newington Forest,Week4,Sully Station II,Week4,289.0 Sully Station II - 113.0 Newington Forest
Oakton ,Week4,Holmes Run Acres,Week4,286.5 Oakton - 115.5 Holmes Run Acres
North Springfield,Week4,Wakefield Chapel,Week1,347.5 Wakefield Chapel - 44.5 North Springfield
Oakton ,Week4,Holmes Run Acres,Week1,297.0 Oakton - 105.0 Holmes Run Acres
North Springfield,Week4,Mansion House,Week5,326.0 Mansion House - 66.0 North Springfield
North Springfield,Week1,Rolling Valley,Week2,249.0 Rolling Valley - 101.0 North Springfield
Oakton ,Week1,Holmes Run Acres,Week4,263.0 Oakton - 139.0 Holmes Run Acres
Newington Forest,Week4,Sully Station II,Week2,321.0 Sully Station II - 81.0 Newington Forest
Newington Forest,Week2,Sully Station II,Week4,307.0 Sully Station II - 95.0 Newington Forest
North Springfield,Week5,Wakefield Chapel,Week5,329.0 Wakefield Chapel - 45.0 North Springfield
North Springfield,Week5,Rutherford,Week2,232.0 Rutherford - 142.0 North Springfield
North Springfield,Week4,Rutherford,Week2,248.0 Rutherford - 143.0 North Springfield
North Springfield,Week5,Walden Glen,Week5,255.0 Walden Glen - 118.0 North Springfield
Newington Forest,Week1,South Run,Week2,252.0 South Run - 144.0 Newington Forest
Newington Forest,Week3,South Run,Week1,255.0 South Run - 138.0 Newington Forest
North Springfield,Week1,Shouse Village,Week1,280.0 Shouse Village - 69.0 North Springfield
North Springfield,Week1,Rolling Valley,Week3,250.0 Rolling Valley - 100.0 North Springfield
North Springfield,Week5,Mansion House,Week3,301.0 Mansion House - 73.0 North Springfield
Oakton ,Week2,Holmes Run Acres,Week4,282.0 Oakton - 120.0 Holmes Run Acres
North Springfield,Week1,Waynewood,Week3,314.0 Waynewood - 37.0 North Springfield
North Springfield,Week1,Rolling Valley,Week4,258.0 Rolling Valley - 92.0 North Springfield
Newington Forest,Week4,Sully Station II,Week1,304.0 Sully Station II - 98.0 Newington Forest
North Springfield,Week2,Mansion House,Week2,299.0 Mansion House - 89.0 North Springfield
Newington Forest,Week4,Tuckahoe,Week3,366.0 Tuckahoe - 36.0 Newington Forest
North Springfield,Week5,Mansion House,Week2,265.0 Mansion House - 109.0 North Springfield
Newington Forest,Week5,Tuckahoe,Week5,355.0 Tuckahoe - 47.0 Newington Forest
Newington Forest,Week4,South Run,Week3,259.5 South Run - 142.5 Newington Forest
Oakton ,Week3,Holmes Run Acres,Week5,230.0 Oakton - 172.0 Holmes Run Acres
Newington Forest,Week2,South Run,Week1,239.0 South Run - 150.0 Newington Forest
North Springfield,Week2,Rolling Valley,Week4,239.0 Rolling Valley - 149.0 North Springfield
North Springfield,Week5,Long Branch,Week5,261.0 Long Branch - 113.0 North Springfield
Newington Forest,Week1,South Run,Week1,256.0 South Run - 133.0 Newington Forest
North Springfield,Week2,Walden Glen,Week5,292.0 Walden Glen - 95.0 North Springfield
Oakton ,Week1,Hunt Valley,Week1,211.0 Oakton - 191.0 Hunt Valley
North Springfield,Week2,Rolling Valley,Week5,243.0 Rolling Valley - 145.0 North Springfield
North Springfield,Week4,Walden Glen,Week3,286.0 Walden Glen - 103.0 North Springfield
North Springfield,Week5,Mansion House,Week4,264.0 Mansion House - 105.0 North Springfield
Oakton ,Week5,Holmes Run Acres,Week1,307.0 Oakton - 95.0 Holmes Run Acres
North Springfield,Week5,Rutherford,Week5,220.0 Rutherford - 149.0 North Springfield
North Springfield,Week4,Rolling Valley,Week1,217.0 Rolling Valley - 171.0 North Springfield
Newington Forest,Week5,South Run,Week1,222.0 South Run - 166.0 Newington Forest
Newington Forest,Week1,Truro,Week2,216.0 Truro - 181.0 Newington Forest
Newington Forest,Week2,Sully Station II,Week2,329.0 Sully Station II - 73.0 Newington Forest
North Springfield,Week5,Crosspointe,Week3,304.0 Crosspointe - 65.0 North Springfield
Newington Forest,Week3,South Run,Week4,242.0 South Run - 159.0 Newington Forest
North Springfield,Week1,Mansion House,Week1,291.0 Mansion House - 60.0 North Springfield
North Springfield,Week2,Waynewood,Week4,336.0 Waynewood - 52.0 North Springfield
Newington Forest,Week5,Sully Station II,Week1,291.0 Sully Station II - 111.0 Newington Forest
North Springfield,Week3,Rutherford,Week3,238.0 Rutherford - 157.0 North Springfield
Newington Forest,Week4,Sully Station II,Week5,330.0 Sully Station II - 72.0 Newington Forest
Oakton ,Week5,Holmes Run Acres,Week3,265.0 Oakton - 137.0 Holmes Run Acres
North Springfield,Week2,Rutherford,Week5,252.0 Rutherford - 136.0 North Springfield
North Springfield,Week1,Rutherford,Week5,250.0 Rutherford - 101.0 North Springfield
North Springfield,Week1,Waynewood,Week2,308.0 Waynewood - 42.0 North Springfield
Newington Forest,Week5,South Run,Week2,224.0 South Run - 173.0 Newington Forest
North Springfield,Week4,Daventry,Week5,238.0 Daventry - 141.0 North Springfield
North Springfield,Week3,Rutherford,Week1,227.0 Rutherford - 168.0 North Springfield
North Springfield,Week2,Mansion House,Week4,279.0 Mansion House - 109.0 North Springfield
Newington Forest,Week5,Sully Station II,Week3,325.5 Sully Station II - 76.5 Newington Forest
North Springfield,Week2,Mansion House,Week1,304.0 Mansion House - 84.0 North Springfield
Newington Forest,Week5,Somerset-Olde Creek,Week5,246.0 Newington Forest - 156.0 Somerset-Olde Creek
Oakton ,Week4,Holmes Run Acres,Week5,226.0 Oakton - 176.0 Holmes Run Acres
Newington Forest,Week1,Sideburn Run,Week5,289.0 Sideburn Run - 112.0 Newington Forest
North Springfield,Week5,Rolling Valley,Week1,194.0 Rolling Valley - 178.0 North Springfield
North Springfield,Week4,Walden Glen,Week2,279.0 Walden Glen - 107.0 North Springfield
North Springfield,Week1,Mansion House,Week3,300.0 Mansion House - 51.0 North Springfield
North Springfield,Week5,Rolling Valley,Week3,204.0 Rolling Valley - 166.0 North Springfield
Oakton ,Week5,Holmes Run Acres,Week2,302.0 Oakton - 100.0 Holmes Run Acres
North Springfield,Week1,Shouse Village,Week5,293.0 Shouse Village - 56.0 North Springfield
Newington Forest,Week1,South Run,Week3,261.0 South Run - 137.0 Newington Forest
North Springfield,Week1,Daventry,Week4,208.0 Daventry - 136.0 North Springfield
Newington Forest,Week2,South Run,Week3,247.0 South Run - 151.0 Newington Forest
North Springfield,Week2,Mansion House,Week3,316.0 Mansion House - 72.0 North Springfield
Newington Forest,Week3,Sideburn Run,Week2,275.0 Sideburn Run - 127.0 Newington Forest
North Springfield,Week2,Mansion House,Week5,313.5 Mansion House - 74.5 North Springfield
North Springfield,Week4,Walden Glen,Week4,283.0 Walden Glen - 108.0 North Springfield
North Springfield,Week1,Shouse Village,Week3,290.0 Shouse Village - 61.0 North Springfield
Newington Forest,Week3,South Run,Week2,257.0 South Run - 144.0 Newington Forest
North Springfield,Week4,Walden Glen,Week5,306.0 Walden Glen - 85.0 North Springfield
Oakton ,Week5,Holmes Run Acres,Week5,258.0 Oakton - 144.0 Holmes Run Acres
Newington Forest,Week5,Sully Station II,Week4,293.0 Sully Station II - 109.0 Newington Forest
North Springfield,Week5,Crosspointe,Week4,302.0 Crosspointe - 72.0 North Springfield
North Springfield,Week2,Walden Glen,Week1,250.0 Walden Glen - 137.0 North Springfield
North Springfield,Week1,Rutherford,Week1,246.0 Rutherford - 101.0 North Springfield
North Springfield,Week2,Daventry,Week2,215.0 Daventry - 168.0 North Springfield
Newington Forest,Week1,South Run,Week5,288.0 South Run - 113.0 Newington Forest
North Springfield,Week3,Rolling Valley,Week4,229.0 Rolling Valley - 167.0 North Springfield
Newington Forest,Week4,Sideburn Run,Week1,283.0 Sideburn Run - 119.0 Newington Forest
Oakton ,Week1,Hunt Valley,Week2,201.0 Hunt Valley - 201.0 Oakton
North Springfield,Week4,Rutherford,Week4,270.0 Rutherford - 122.0 North Springfield
North Springfield,Week3,Mansion House,Week1,307.5 Mansion House - 88.5 North Springfield
North Springfield,Week5,Rolling Valley,Week4,216.0 Rolling Valley - 157.0 North Springfield
Oakton ,Week1,Hunt Valley,Week3,220.5 Hunt Valley - 181.5 Oakton
Newington Forest,Week2,Sully Station II,Week1,317.0 Sully Station II - 85.0 Newington Forest
North Springfield,Week1,Daventry,Week5,220.0 Daventry - 125.0 North Springfield
Newington Forest,Week3,Sully Station II,Week4,299.0 Sully Station II - 103.0 Newington Forest
Oakton ,Week1,Hunt Valley,Week4,204.0 Hunt Valley - 198.0 Oakton
Newington Forest,Week2,Sideburn Run,Week1,270.0 Sideburn Run - 132.0 Newington Forest
North Springfield,Week2,Rolling Valley,Week1,212.0 Rolling Valley - 175.0 North Springfield
North Springfield,Week3,Daventry,Week2,194.0 Daventry - 194.0 North Springfield
North Springfield,Week2,Shouse Village,Week5,306.0 Shouse Village - 81.0 North Springfield
North Springfield,Week4,Mansion House,Week1,310.0 Mansion House - 82.0 North Springfield
North Springfield,Week1,Mansion House,Week5,299.0 Mansion House - 51.0 North Springfield
North Springfield,Week3,Daventry,Week5,202.0 Daventry - 188.0 North Springfield
North Springfield,Week1,Walden Glen,Week4,272.0 Walden Glen - 75.0 North Springfield
North Springfield,Week3,Mansion House,Week5,319.0 Mansion House - 78.0 North Springfield
Newington Forest,Week3,Truro,Week2,222.0 Truro - 179.0 Newington Forest
North Springfield,Week3,Rolling Valley,Week2,229.0 Rolling Valley - 168.0 North Springfield
Oakton ,Week5,Holmes Run Acres,Week4,292.0 Oakton - 110.0 Holmes Run Acres
North Springfield,Week2,Walden Glen,Week3,274.0 Walden Glen - 113.0 North Springfield
North Springfield,Week3,Shouse Village,Week1,288.0 Shouse Village - 107.0 North Springfield
North Springfield,Week3,Walden Glen,Week1,233.0 Walden Glen - 159.0 North Springfield
North Springfield,Week5,Rolling Valley,Week5,221.0 Rolling Valley - 153.0 North Springfield
North Springfield,Week2,Shouse Village,Week4,307.0 Shouse Village - 80.0 North Springfield
Newington Forest,Week2,Truro,Week2,219.0 Truro - 178.0 Newington Forest
North Springfield,Week2,Shouse Village,Week2,289.0 Shouse Village - 99.0 North Springfield
North Springfield,Week5,Walden Glen,Week1,220.0 Walden Glen - 153.0 North Springfield
North Springfield,Week1,Rutherford,Week2,255.0 Rutherford - 94.0 North Springfield
North Springfield,Week4,Mansion House,Week2,305.0 Mansion House - 82.0 North Springfield
North Springfield,Week1,Daventry,Week1,217.0 Daventry - 126.0 North Springfield
Newington Forest,Week3,Sully Station II,Week5,336.0 Sully Station II - 66.0 Newington Forest
North Springfield,Week2,Rolling Valley,Week2,231.0 Rolling Valley - 152.0 North Springfield
Newington Forest,Week5,Truro,Week3,214.0 Newington Forest - 188.0 Truro
Newington Forest,Week2,Sideburn Run,Week4,281.0 Sideburn Run - 120.0 Newington Forest
Newington Forest,Week5,Sully Station II,Week5,335.0 Sully Station II - 67.0 Newington Forest
Newington Forest,Week1,Sideburn Run,Week2,272.0 Sideburn Run - 129.0 Newington Forest
Oakton ,Week2,Hunt Valley,Week1,214.0 Oakton - 183.0 Hunt Valley
North Springfield,Week1,Dominion Hills,Week1,287.0 Dominion Hills - 64.0 North Springfield
Oakton ,Week1,Hunt Valley,Week5,214.0 Hunt Valley - 188.0 Oakton
North Springfield,Week1,Daventry,Week2,204.0 Daventry - 141.0 North Springfield
Newington Forest,Week3,Sideburn Run,Week4,284.0 Sideburn Run - 118.0 Newington Forest
North Springfield,Week1,Waynewood,Week5,319.0 Waynewood - 32.0 North Springfield
North Springfield,Week3,Walden Glen,Week4,249.0 Walden Glen - 147.0 North Springfield
North Springfield,Week3,Shouse Village,Week2,287.5 Shouse Village - 109.5 North Springfield
North Springfield,Week3,Mantua,Week1,311.0 Mantua - 83.0 North Springfield
North Springfield,Week3,Mansion House,Week3,319.0 Mansion House - 78.0 North Springfield
North Springfield,Week3,Rolling Valley,Week1,204.0 Rolling Valley - 188.0 North Springfield
Newington Forest,Week3,Truro,Week3,226.0 Truro - 176.0 Newington Forest
Oakton ,Week3,Hunt Valley,Week1,203.0 Hunt Valley - 199.0 Oakton
Newington Forest,Week4,Truro,Week5,211.0 Truro - 191.0 Newington Forest
North Springfield,Week1,Rutherford,Week3,255.0 Rutherford - 94.0 North Springfield
North Springfield,Week2,Dominion Hills,Week2,309.0 Dominion Hills - 79.0 North Springfield
North Springfield,Week4,Rolling Valley,Week5,259.0 Rolling Valley - 132.0 North Springfield
North Springfield,Week5,Mansion House,Week1,288.0 Mansion House - 86.0 North Springfield
North Springfield,Week2,Daventry,Week4,208.0 Daventry - 175.0 North Springfield
North Springfield,Week1,Mansion House,Week4,277.0 Mansion House - 73.0 North Springfield
North Springfield,Week3,Shouse Village,Week4,301.0 Shouse Village - 96.0 North Springfield
Oakton ,Week2,Hunt Valley,Week2,217.0 Oakton - 185.0 Hunt Valley
Newington Forest,Week4,Sideburn Run,Week3,281.0 Sideburn Run - 121.0 Newington Forest
North Springfield,Week5,Crosspointe,Week5,313.0 Crosspointe - 61.0 North Springfield
Oakton ,Week3,Hunt Valley,Week5,213.0 Hunt Valley - 189.0 Oakton
Oakton ,Week3,Hunt Valley,Week4,211.0 Oakton - 191.0 Hunt Valley
North Springfield,Week2,Shouse Village,Week3,296.0 Shouse Village - 92.0 North Springfield
Newington Forest,Week5,Truro,Week4,202.0 Newington Forest - 200.0 Truro
North Springfield,Week4,Shouse Village,Week1,296.0 Shouse Village - 95.0 North Springfield
North Springfield,Week5,Rolling Valley,Week2,208.0 Rolling Valley - 165.0 North Springfield
Oakton ,Week2,Hunt Valley,Week5,205.0 Hunt Valley - 197.0 Oakton
North Springfield,Week4,Shouse Village,Week2,302.0 Shouse Village - 89.0 North Springfield
North Springfield,Week2,Walden Glen,Week4,277.0 Walden Glen - 110.0 North Springfield
Newington Forest,Week4,Sideburn Run,Week2,267.0 Sideburn Run - 135.0 Newington Forest
North Springfield,Week3,Shouse Village,Week3,289.0 Shouse Village - 108.0 North Springfield
North Springfield,Week3,Daventry,Week4,200.0 North Springfield - 189.0 Daventry
North Springfield,Week3,Rolling Valley,Week3,221.0 Rolling Valley - 172.0 North Springfield
Newington Forest,Week4,Truro,Week1,217.0 Truro - 185.0 Newington Forest
North Springfield,Week4,Mansion House,Week3,327.0 Mansion House - 65.0 North Springfield
North Springfield,Week2,Walden Glen,Week2,262.0 Walden Glen - 121.0 North Springfield
North Springfield,Week4,Walden Glen,Week1,247.0 Walden Glen - 144.0 North Springfield
Newington Forest,Week4,Truro,Week4,216.0 Truro - 186.0 Newington Forest
North Springfield,Week1,Walden Glen,Week5,283.0 Walden Glen - 64.0 North Springfield
Oakton ,Week4,Hunt Valley,Week5,208.0 Hunt Valley - 194.0 Oakton
North Springfield,Week1,Mantua,Week5,318.0 Mantua - 33.0 North Springfield
North Springfield,Week4,Mantua,Week1,309.0 Mantua - 81.0 North Springfield
Newington Forest,Week3,Sideburn Run,Week1,282.0 Sideburn Run - 120.0 Newington Forest
North Springfield,Week3,Shouse Village,Week5,299.0 Shouse Village - 96.0 North Springfield
Newington Forest,Week1,Sideburn Run,Week1,274.0 Sideburn Run - 128.0 Newington Forest
North Springfield,Week4,Shouse Village,Week4,311.0 Shouse Village - 80.0 North Springfield
North Springfield,Week2,Rolling Valley,Week3,229.0 Rolling Valley - 158.0 North Springfield
Newington Forest,Week5,Truro,Week5,209.0 Newington Forest - 193.0 Truro
North Springfield,Week2,Mantua,Week2,313.0 Mantua - 75.0 North Springfield
Newington Forest,Week1,Tuckahoe,Week1,372.0 Tuckahoe - 30.0 Newington Forest
North Springfield,Week1,Daventry,Week3,202.0 Daventry - 136.0 North Springfield
Oakton ,Week4,Hunt Valley,Week2,223.0 Oakton - 179.0 Hunt Valley
Oakton ,Week4,Hunt Valley,Week4,212.0 Oakton - 190.0 Hunt Valley
North Springfield,Week3,Walden Glen,Week5,287.0 Walden Glen - 109.0 North Springfield
Newington Forest,Week2,Truro,Week3,228.0 Truro - 169.0 Newington Forest
North Springfield,Week3,Walden Glen,Week3,256.0 Walden Glen - 139.0 North Springfield
Oakton ,Week4,Hunt Valley,Week3,205.0 Hunt Valley - 197.0 Oakton
North Springfield,Week3,Mantua,Week5,340.0 Mantua - 57.0 North Springfield
North Springfield,Week4,Shouse Village,Week3,306.0 Shouse Village - 85.0 North Springfield
North Springfield,Week1,Walden Glen,Week3,278.0 Walden Glen - 68.0 North Springfield
North Springfield,Week2,Daventry,Week5,224.0 Daventry - 158.0 North Springfield
North Springfield,Week4,Rolling Valley,Week2,245.0 Rolling Valley - 147.0 North Springfield
North Springfield,Week4,Daventry,Week1,224.0 Daventry - 159.0 North Springfield
North Springfield,Week4,Rolling Valley,Week4,250.0 Rolling Valley - 141.0 North Springfield
Newington Forest,Week3,Sideburn Run,Week5,291.0 Sideburn Run - 111.0 Newington Forest
Oakton ,Week3,Old Keene Mill,Week4,305.0 Oakton - 97.0 Old Keene Mill
Oakton ,Week2,Hunt Valley,Week4,220.0 Oakton - 182.0 Hunt Valley
North Springfield,Week1,Sideburn Run,Week4,293.0 Sideburn Run - 58.0 North Springfield
North Springfield,Week4,Rolling Valley,Week3,241.0 Rolling Valley - 149.0 North Springfield
North Springfield,Week1,Sideburn Run,Week3,296.0 Sideburn Run - 55.0 North Springfield
North Springfield,Week5,Newington Forest,Week5,218.0 Newington Forest - 156.0 North Springfield
North Springfield,Week2,Daventry,Week3,192.0 Daventry - 182.0 North Springfield
Oakton ,Week2,Old Keene Mill,Week5,296.0 Oakton - 106.0 Old Keene Mill
North Springfield,Week3,Rolling Valley,Week5,234.0 Rolling Valley - 161.0 North Springfield
North Springfield,Week2,McLean,Week2,338.0 McLean - 50.0 North Springfield
Oakton ,Week5,Hunt Valley,Week2,223.0 Oakton - 179.0 Hunt Valley
Newington Forest,Week3,Sideburn Run,Week3,286.0 Sideburn Run - 116.0 Newington Forest
Oakton ,Week5,Hunt Valley,Week3,207.0 Hunt Valley - 195.0 Oakton
North Springfield,Week4,Newington Forest,Week2,214.0 Newington Forest - 172.0 North Springfield
North Springfield,Week5,Walden Glen,Week2,237.0 Walden Glen - 131.0 North Springfield
Oakton ,Week5,Hunt Valley,Week1,227.0 Oakton - 170.0 Hunt Valley
Oakton ,Week5,Old Keene Mill,Week5,314.0 Oakton - 88.0 Old Keene Mill
North Springfield,Week2,Sideburn Run,Week1,291.0 Sideburn Run - 97.0 North Springfield
North Springfield,Week4,Daventry,Week2,225.0 Daventry - 159.0 North Springfield
North Springfield,Week3,Daventry,Week3,208.0 North Springfield - 177.0 Daventry
Newington Forest,Week1,Tuckahoe,Week4,379.5 Tuckahoe - 22.5 Newington Forest
Newington Forest,Week2,Sideburn Run,Week5,298.0 Sideburn Run - 103.0 Newington Forest
North Springfield,Week5,Walden Glen,Week3,237.0 Walden Glen - 135.0 North Springfield
Newington Forest,Week4,Truro,Week3,202.0 Newington Forest - 200.0 Truro
North Springfield,Week2,Mantua,Week4,333.0 Mantua - 55.0 North Springfield
North Springfield,Week1,McLean,Week5,320.0 McLean - 31.0 North Springfield
Oakton ,Week3,Old Keene Mill,Week3,301.0 Oakton - 101.0 Old Keene Mill
Newington Forest,Week1,Tuckahoe,Week2,377.0 Tuckahoe - 24.0 Newington Forest
Oakton ,Week3,Old Keene Mill,Week2,302.0 Oakton - 100.0 Old Keene Mill
North Springfield,Week1,Sideburn Run,Week1,286.0 Sideburn Run - 65.0 North Springfield
North Springfield,Week4,Daventry,Week4,219.0 Daventry - 167.0 North Springfield
North Springfield,Week5,Walden Glen,Week4,237.0 Walden Glen - 136.0 North Springfield
Newington Forest,Week1,Tuckahoe,Week5,374.0 Tuckahoe - 28.0 Newington Forest
North Springfield,Week3,Walden Glen,Week2,258.0 Walden Glen - 136.0 North Springfield
North Springfield,Week5,Daventry,Week1,190.0 North Springfield - 178.0 Daventry
Oakton ,Week5,Hunt Valley,Week4,219.0 Oakton - 183.0 Hunt Valley
Newington Forest,Week2,Sideburn Run,Week3,289.0 Sideburn Run - 112.0 Newington Forest
North Springfield,Week1,North Springfield,Week3,209.0 North Springfield (NS2) - 122.0 North Springfield (NS1)
Oakton ,Week4,Old Keene Mill,Week5,303.0 Oakton - 99.0 Old Keene Mill
North Springfield,Week2,Waynewood,Week2,321.0 Waynewood - 66.0 North Springfield
Newington Forest,Week1,Tuckahoe,Week3,377.0 Tuckahoe - 25.0 Newington Forest
Newington Forest,Week4,Truro,Week2,208.0 Newington Forest - 192.0 Truro
North Springfield,Week4,North Springfield,Week2,188.0 North Springfield (NS2) - 180.0 North Springfield (NS1)
Newington Forest,Week1,Sideburn Run,Week3,280.0 Sideburn Run - 121.0 Newington Forest
North Springfield,Week1,Mantua,Week4,316.0 Mantua - 35.0 North Springfield
Oakton ,Week1,Hunter Mill,Week1,236.0 Oakton - 161.0 Hunter Mill
North Springfield,Week4,Daventry,Week3,206.0 Daventry - 179.0 North Springfield
North Springfield,Week2,Mantua,Week1,313.0 Mantua - 74.0 North Springfield
North Springfield,Week4,Newington Forest,Week5,247.0 Newington Forest - 145.0 North Springfield
Oakton ,Week2,Orange Hunt,Week5,242.0 Oakton - 160.0 Orange Hunt
Newington Forest,Week1,Sideburn Run,Week4,284.0 Sideburn Run - 117.0 Newington Forest
North Springfield,Week5,Shouse Village,Week1,258.0 Shouse Village - 115.0 North Springfield
North Springfield,Week5,Crosspointe,Week2,295.0 Crosspointe - 79.0 North Springfield
North Springfield,Week3,Mantua,Week2,318.0 Mantua - 78.0 North Springfield
North Springfield,Week5,Shouse Village,Week4,281.0 Shouse Village - 92.0 North Springfield
North Springfield,Week1,Waynewood,Week4,310.0 Waynewood - 41.0 North Springfield
Oakton ,Week3,Hunt Valley,Week2,214.5 Oakton - 187.5 Hunt Valley
Newington Forest,Week5,Truro,Week1,212.0 Truro - 190.0 Newington Forest
Newington Forest,Week2,Tuckahoe,Week1,365.0 Tuckahoe - 36.0 Newington Forest
Oakton ,Week1,Hunter Mill,Week2,237.0 Oakton - 165.0 Hunter Mill
Newington Forest,Week2,Sideburn Run,Week2,272.0 Sideburn Run - 129.0 Newington Forest
North Springfield,Week4,Mantua,Week2,325.0 Mantua - 67.0 North Springfield
North Springfield,Week1,Waynewood,Week1,310.5 Waynewood - 40.5 North Springfield
Oakton ,Week2,Old Keene Mill,Week3,309.0 Oakton - 93.0 Old Keene Mill
North Springfield,Week3,Mantua,Week3,335.0 Mantua - 62.0 North Springfield
Oakton ,Week4,Old Keene Mill,Week4,313.0 Oakton - 89.0 Old Keene Mill
North Springfield,Week5,North Springfield,Week1,213.0 North Springfield (NS1) - 114.0 North Springfield (NS2)
Newington Forest,Week2,Tuckahoe,Week2,371.0 Tuckahoe - 30.0 Newington Forest
North Springfield,Week2,Waynewood,Week1,310.0 Waynewood - 78.0 North Springfield
North Springfield,Week1,Sideburn Run,Week5,299.0 Sideburn Run - 52.0 North Springfield
Oakton ,Week1,Orange Hunt,Week4,237.0 Oakton - 165.0 Orange Hunt
North Springfield,Week5,Crosspointe,Week1,306.5 Crosspointe - 67.5 North Springfield
North Springfield,Week5,Shouse Village,Week3,266.0 Shouse Village - 108.0 North Springfield
Newington Forest,Week2,Sleepy Hollow B & R,Week3,314.0 Sleepy Hollow B & R - 88.0 Newington Forest
Newington Forest,Week5,Sideburn Run,Week5,258.0 Sideburn Run - 144.0 Newington Forest
North Springfield,Week2,Mantua,Week5,348.0 Mantua - 40.0 North Springfield
Newington Forest,Week3,Truro,Week1,234.0 Truro - 168.0 Newington Forest
North Springfield,Week3,Sideburn Run,Week1,290.5 Sideburn Run - 105.5 North Springfield
North Springfield,Week1,Mantua,Week1,290.0 Mantua - 59.0 North Springfield
Oakton ,Week5,Old Keene Mill,Week2,319.0 Oakton - 83.0 Old Keene Mill
North Springfield,Week5,Shouse Village,Week2,265.0 Shouse Village - 109.0 North Springfield
Oakton ,Week5,Hunt Valley,Week5,204.0 Oakton - 198.0 Hunt Valley
North Springfield,Week4,Newington Forest,Week4,250.0 Newington Forest - 139.0 North Springfield
North Springfield,Week2,Waynewood,Week5,344.0 Waynewood - 44.0 North Springfield
Newington Forest,Week2,Truro,Week4,232.0 Truro - 168.0 Newington Forest
North Springfield,Week3,Waynewood,Week1,307.0 Waynewood - 90.0 North Springfield
Newington Forest,Week2,Sleepy Hollow B & R,Week5,334.0 Sleepy Hollow B & R - 67.0 Newington Forest
Oakton ,Week4,Hunt Valley,Week1,217.0 Oakton - 185.0 Hunt Valley
North Springfield,Week5,Daventry,Week3,184.0 North Springfield - 177.0 Daventry
Oakton ,Week1,Hunter Mill,Week3,230.5 Oakton - 171.5 Hunter Mill
Newington Forest,Week2,Truro,Week5,233.0 Truro - 165.0 Newington Forest
North Springfield,Week2,Waynewood,Week3,346.5 Waynewood - 41.5 North Springfield
North Springfield,Week4,North Springfield,Week3,219.0 North Springfield (NS2) - 152.0 North Springfield (NS1)
North Springfield,Week4,Mantua,Week4,340.0 Mantua - 52.0 North Springfield
Oakton ,Week2,Old Keene Mill,Week4,315.0 Oakton - 87.0 Old Keene Mill
North Springfield,Week3,Sideburn Run,Week2,285.0 Sideburn Run - 112.0 North Springfield
North Springfield,Week2,Daventry,Week1,197.0 Daventry - 187.0 North Springfield
North Springfield,Week1,North Springfield,Week1,156.5 North Springfield (NS1) - 156.5 North Springfield (NS2)
North Springfield,Week3,Daventry,Week1,201.0 Daventry - 188.0 North Springfield
Oakton ,Week4,Old Keene Mill,Week3,317.0 Oakton - 85.0 Old Keene Mill
North Springfield,Week5,Daventry,Week2,190.0 North Springfield - 179.0 Daventry
North Springfield,Week1,Dominion Hills,Week2,295.0 Dominion Hills - 56.0 North Springfield
Newington Forest,Week3,Truro,Week5,237.0 Truro - 165.0 Newington Forest
Newington Forest,Week3,Sleepy Hollow B & R,Week2,316.0 Sleepy Hollow B & R - 86.0 Newington Forest
North Springfield,Week1,Dominion Hills,Week3,297.0 Dominion Hills - 53.0 North Springfield
North Springfield,Week2,North Springfield,Week2,183.5 North Springfield (NS1) - 183.5 North Springfield (NS2)
North Springfield,Week4,Mantua,Week3,342.0 Mantua - 50.0 North Springfield
Oakton ,Week2,Orange Hunt,Week3,255.0 Oakton - 147.0 Orange Hunt
North Springfield,Week2,Sideburn Run,Week3,303.0 Sideburn Run - 85.0 North Springfield
North Springfield,Week1,Highlands Swim,Week1,326.0 Highlands Swim - 25.0 North Springfield
North Springfield,Week3,Sideburn Run,Week5,303.0 Sideburn Run - 94.0 North Springfield
North Springfield,Week5,Newington Forest,Week3,206.0 Newington Forest - 166.0 North Springfield
North Springfield,Week2,Highlands Swim,Week1,343.0 Highlands Swim - 45.0 North Springfield
Newington Forest,Week5,Truro,Week2,207.0 Newington Forest - 195.0 Truro
North Springfield,Week5,Mansion House,Week5,295.0 Mansion House - 79.0 North Springfield
North Springfield,Week3,Waynewood,Week2,328.0 Waynewood - 68.0 North Springfield
Oakton ,Week2,Orange Hunt,Week2,246.0 Oakton - 156.0 Orange Hunt
North Springfield,Week5,Daventry,Week4,184.5 North Springfield - 182.5 Daventry
North Springfield,Week3,Sideburn Run,Week4,300.0 Sideburn Run - 97.0 North Springfield
Newington Forest,Week4,Sleepy Hollow B & R,Week2,304.0 Sleepy Hollow B & R - 98.0 Newington Forest
Oakton ,Week5,Old Keene Mill,Week3,323.0 Oakton - 79.0 Old Keene Mill
North Springfield,Week3,Highland Park,Week5,301.0 Highland Park - 96.0 North Springfield
North Springfield,Week2,Woodley,Week4,242.0 Woodley - 146.0 North Springfield
Newington Forest,Week3,Truro,Week4,229.0 Truro - 173.0 Newington Forest
Oakton ,Week4,Hunter Mill,Week1,247.0 Oakton - 155.0 Hunter Mill
Newington Forest,Week1,Sleepy Hollow B & R,Week1,307.0 Sleepy Hollow B & R - 94.0 Newington Forest
North Springfield,Week2,Sideburn Run,Week5,305.0 Sideburn Run - 83.0 North Springfield
North Springfield,Week2,North Springfield,Week4,188.0 North Springfield (NS1) - 180.0 North Springfield (NS2)
Oakton ,Week3,Hunt Valley,Week3,218.0 Hunt Valley - 184.0 Oakton
Newington Forest,Week3,Sleepy Hollow B & R,Week5,340.0 Sleepy Hollow B & R - 62.0 Newington Forest
Oakton ,Week3,Hunter Mill,Week1,252.0 Oakton - 150.0 Hunter Mill
North Springfield,Week4,Waynewood,Week3,346.5 Waynewood - 45.5 North Springfield
North Springfield,Week1,Oakton ,Week3,312.0 Oakton - 39.0 North Springfield
North Springfield,Week4,Mantua,Week5,338.0 Mantua - 54.0 North Springfield
Oakton ,Week2,Ilda Community,Week4,327.0 Oakton - 75.0 Ilda Community
North Springfield,Week1,Mantua,Week2,303.0 Mantua - 47.0 North Springfield
Oakton ,Week5,Hunter Mill,Week2,249.0 Oakton - 153.0 Hunter Mill
North Springfield,Week2,Dominion Hills,Week1,298.0 Dominion Hills - 90.0 North Springfield
Newington Forest,Week1,Virginia Hills,Week1,262.0 Newington Forest - 134.0 Virginia Hills
North Springfield,Week1,Dominion Hills,Week4,292.0 Dominion Hills - 54.0 North Springfield
North Springfield,Week3,North Springfield,Week4,219.0 North Springfield (NS1) - 152.0 North Springfield (NS2)
North Springfield,Week3,Woodley,Week1,235.0 Woodley - 161.0 North Springfield
North Springfield,Week1,Dominion Hills,Week5,296.0 Dominion Hills - 54.0 North Springfield
Newington Forest,Week1,Sleepy Hollow B & R,Week3,333.0 Sleepy Hollow B & R - 68.0 Newington Forest
North Springfield,Week4,North Springfield,Week1,191.0 North Springfield (NS1) - 135.0 North Springfield (NS2)
Oakton ,Week5,Hunter Mill,Week1,265.0 Oakton - 137.0 Hunter Mill
Oakton ,Week2,Orange Hunt,Week1,269.0 Oakton - 133.0 Orange Hunt
North Springfield,Week3,Highlands Swim,Week3,350.0 Highlands Swim - 47.0 North Springfield
North Springfield,Week5,Waynewood,Week1,297.0 Waynewood - 77.0 North Springfield
Oakton ,Week4,Old Keene Mill,Week1,322.0 Oakton - 80.0 Old Keene Mill
Newington Forest,Week4,Sleepy Hollow B & R,Week3,305.0 Sleepy Hollow B & R - 97.0 Newington Forest
Newington Forest,Week3,Village West,Week2,223.0 Village West - 179.0 Newington Forest
North Springfield,Week5,Mantua,Week1,281.0 Mantua - 91.0 North Springfield
North Springfield,Week5,Highland Park,Week1,275.0 Highland Park - 99.0 North Springfield
North Springfield,Week4,Sideburn Run,Week1,298.0 Sideburn Run - 93.0 North Springfield
North Springfield,Week4,Sideburn Run,Week2,304.0 Sideburn Run - 88.0 North Springfield
North Springfield,Week5,Mantua,Week2,284.0 Mantua - 89.0 North Springfield
North Springfield,Week5,Mantua,Week5,298.0 Mantua - 76.0 North Springfield
North Springfield,Week5,Daventry,Week5,203.0 Daventry - 166.0 North Springfield
Oakton ,Week2,Orange Hunt,Week4,254.0 Oakton - 148.0 Orange Hunt
North Springfield,Week3,Woodley,Week3,241.0 Woodley - 155.0 North Springfield
Newington Forest,Week5,Sideburn Run,Week2,237.0 Sideburn Run - 165.0 Newington Forest
North Springfield,Week4,Highlands Swim,Week4,346.0 Highlands Swim - 46.0 North Springfield
Newington Forest,Week1,Virginia Hills,Week3,269.0 Newington Forest - 132.0 Virginia Hills
North Springfield,Week1,Sideburn Run,Week2,290.0 Sideburn Run - 61.0 North Springfield
North Springfield,Week5,Newington Forest,Week2,199.0 Newington Forest - 165.0 North Springfield
Oakton ,Week3,Orange Hunt,Week3,246.0 Oakton - 156.0 Orange Hunt
North Springfield,Week5,Highland Park,Week2,270.0 Highland Park - 104.0 North Springfield
North Springfield,Week5,Waynewood,Week2,306.0 Waynewood - 67.0 North Springfield
Newington Forest,Week4,Sleepy Hollow B & R,Week4,315.0 Sleepy Hollow B & R - 87.0 Newington Forest
North Springfield,Week3,North Springfield,Week2,212.0 North Springfield (NS1) - 157.0 North Springfield (NS2)
North Springfield,Week2,Sideburn Run,Week4,307.0 Sideburn Run - 81.0 North Springfield
Oakton ,Week3,Hunter Mill,Week2,235.0 Oakton - 167.0 Hunter Mill
North Springfield,Week2,Highlands Swim,Week2,351.0 Highlands Swim - 37.0 North Springfield
North Springfield,Week3,Sideburn Run,Week3,310.0 Sideburn Run - 87.0 North Springfield
Newington Forest,Week2,Sleepy Hollow B & R,Week1,297.0 Sleepy Hollow B & R - 101.0 Newington Forest
North Springfield,Week5,Shouse Village,Week5,282.0 Shouse Village - 91.0 North Springfield
Oakton ,Week2,Ilda Community,Week1,331.0 Oakton - 71.0 Ilda Community
Oakton ,Week4,Orange Hunt,Week5,230.0 Oakton - 172.0 Orange Hunt
North Springfield,Week1,North Springfield,Week4,191.0 North Springfield (NS2) - 135.0 North Springfield (NS1)
North Springfield,Week5,Mantua,Week4,304.0 Mantua - 70.0 North Springfield
North Springfield,Week5,Highland Park,Week4,269.0 Highland Park - 105.0 North Springfield
North Springfield,Week3,Waynewood,Week3,337.0 Waynewood - 60.0 North Springfield
Newington Forest,Week3,Village West,Week5,230.0 Village West - 172.0 Newington Forest
North Springfield,Week2,Donaldson Run,Week1,341.0 Donaldson Run - 47.0 North Springfield
Oakton ,Week3,Old Keene Mill,Week5,291.0 Oakton - 111.0 Old Keene Mill
North Springfield,Week2,Donaldson Run,Week3,346.0 Donaldson Run - 42.0 North Springfield
Newington Forest,Week1,Sleepy Hollow B & R,Week2,315.0 Sleepy Hollow B & R - 85.0 Newington Forest
North Springfield,Week1,Highlands Swim,Week2,330.0 Highlands Swim - 21.0 North Springfield
Newington Forest,Week3,Sleepy Hollow B & R,Week1,305.0 Sleepy Hollow B & R - 97.0 Newington Forest
Oakton ,Week1,Orange Hunt,Week1,255.0 Oakton - 147.0 Orange Hunt
Newington Forest,Week2,Virginia Hills,Week1,264.0 Newington Forest - 130.0 Virginia Hills
Newington Forest,Week3,Village West,Week3,246.0 Village West - 156.0 Newington Forest
Oakton ,Week2,Hunter Mill,Week5,222.0 Oakton - 180.0 Hunter Mill
North Springfield,Week1,Mantua,Week3,318.0 Mantua - 32.0 North Springfield
North Springfield,Week1,Woodley,Week5,250.0 Woodley - 99.0 North Springfield
North Springfield,Week1,McLean,Week1,315.0 McLean - 36.0 North Springfield
North Springfield,Week2,Donaldson Run,Week2,341.0 Donaldson Run - 47.0 North Springfield
North Springfield,Week2,North Springfield,Week1,195.0 North Springfield (NS1) - 136.0 North Springfield (NS2)
North Springfield,Week5,Woodley,Week2,231.0 Woodley - 143.0 North Springfield
Oakton ,Week3,Ilda Community,Week3,323.0 Oakton - 79.0 Ilda Community
North Springfield,Week2,Sideburn Run,Week2,287.0 Sideburn Run - 101.0 North Springfield
North Springfield,Week3,Mantua,Week4,325.0 Mantua - 72.0 North Springfield
North Springfield,Week5,Sideburn Run,Week5,277.0 Sideburn Run - 97.0 North Springfield
Newington Forest,Week2,Virginia Hills,Week2,281.0 Newington Forest - 112.0 Virginia Hills
North Springfield,Week2,Sleepy Hollow B & R,Week5,329.0 Sleepy Hollow B & R - 58.0 North Springfield
North Springfield,Week4,Dominion Hills,Week4,310.0 Dominion Hills - 81.0 North Springfield
North Springfield,Week4,Highlands Swim,Week1,348.0 Highlands Swim - 44.0 North Springfield
Newington Forest,Week1,Virginia Hills,Week4,248.0 Newington Forest - 148.0 Virginia Hills
Oakton ,Week3,Old Keene Mill,Week1,305.0 Oakton - 97.0 Old Keene Mill
North Springfield,Week4,Waynewood,Week2,342.0 Waynewood - 49.0 North Springfield
North Springfield,Week1,North Springfield,Week2,195.0 North Springfield (NS2) - 136.0 North Springfield (NS1)
North Springfield,Week3,Highland Park,Week3,283.0 Highland Park - 114.0 North Springfield
Oakton ,Week2,Overlee,Week4,315.5 Overlee - 86.5 Oakton
North Springfield,Week2,North Springfield,Week5,206.0 North Springfield (NS2) - 145.0 North Springfield (NS1)
North Springfield,Week2,Mantua,Week3,333.0 Mantua - 55.0 North Springfield
North Springfield,Week1,Woodley,Week3,248.0 Woodley - 99.0 North Springfield
Oakton ,Week1,Ilda Community,Week5,341.0 Oakton - 61.0 Ilda Community
Newington Forest,Week5,Village West,Week1,215.0 Newington Forest - 187.0 Village West
North Springfield,Week3,Sleepy Hollow B & R,Week3,318.0 Sleepy Hollow B & R - 75.0 North Springfield
North Springfield,Week5,Newington Forest,Week1,200.0 Newington Forest - 168.0 North Springfield
North Springfield,Week2,Donaldson Run,Week4,349.0 Donaldson Run - 39.0 North Springfield
Newington Forest,Week5,Sleepy Hollow B & R,Week1,270.0 Sleepy Hollow B & R - 132.0 Newington Forest
North Springfield,Week5,Mantua,Week3,308.0 Mantua - 66.0 North Springfield
Oakton ,Week1,Hunter Mill,Week4,215.0 Oakton - 187.0 Hunter Mill
Newington Forest,Week1,Sleepy Hollow B & R,Week5,346.0 Sleepy Hollow B & R - 55.0 Newington Forest
North Springfield,Week3,Waynewood,Week4,323.0 Waynewood - 73.0 North Springfield
North Springfield,Week1,Donaldson Run,Week1,323.0 Donaldson Run - 28.0 North Springfield
Oakton ,Week1,Ilda Community,Week4,319.0 Oakton - 83.0 Ilda Community
North Springfield,Week1,North Springfield,Week5,213.0 North Springfield (NS2) - 114.0 North Springfield (NS1)
Oakton ,Week5,Old Keene Mill,Week4,326.0 Oakton - 76.0 Old Keene Mill
North Springfield,Week4,Waynewood,Week5,347.0 Waynewood - 45.0 North Springfield
North Springfield,Week2,Highlands Swim,Week5,346.0 Highlands Swim - 42.0 North Springfield
Newington Forest,Week4,Sleepy Hollow B & R,Week5,333.0 Sleepy Hollow B & R - 69.0 Newington Forest
North Springfield,Week5,Waynewood,Week3,318.0 Waynewood - 56.0 North Springfield
Newington Forest,Week3,Sleepy Hollow B & R,Week3,322.0 Sleepy Hollow B & R - 80.0 Newington Forest
North Springfield,Week4,Waynewood,Week4,338.0 Waynewood - 53.0 North Springfield
Newington Forest,Week1,Village West,Week4,240.0 Village West - 153.0 Newington Forest
Oakton ,Week1,Orange Hunt,Week2,237.0 Oakton - 165.0 Orange Hunt
North Springfield,Week4,Highlands Swim,Week2,356.0 Highlands Swim - 36.0 North Springfield
Oakton ,Week2,Hunter Mill,Week3,247.5 Oakton - 154.5 Hunter Mill
North Springfield,Week2,McLean,Week1,338.0 McLean - 50.0 North Springfield
Newington Forest,Week3,Sleepy Hollow B & R,Week4,319.5 Sleepy Hollow B & R - 82.5 Newington Forest
North Springfield,Week4,Sleepy Hollow B & R,Week1,313.0 Sleepy Hollow B & R - 77.0 North Springfield
North Springfield,Week5,Highland Park,Week5,268.0 Highland Park - 106.0 North Springfield
Newington Forest,Week2,Village West,Week5,222.0 Village West - 176.0 Newington Forest
Newington Forest,Week1,Village West,Week3,246.0 Village West - 155.0 Newington Forest
North Springfield,Week3,North Springfield,Week3,183.0 North Springfield (NS1) - 183.0 North Springfield (NS2)
Oakton ,Week4,Old Keene Mill,Week2,311.0 Oakton - 91.0 Old Keene Mill
Newington Forest,Week4,Village West,Week4,220.0 Village West - 177.0 Newington Forest
North Springfield,Week1,McLean,Week3,303.0 McLean - 47.0 North Springfield
North Springfield,Week1,McLean,Week2,307.0 McLean - 43.0 North Springfield
Oakton ,Week3,Orange Hunt,Week2,234.0 Oakton - 168.0 Orange Hunt
North Springfield,Week4,Sideburn Run,Week4,319.0 Sideburn Run - 73.0 North Springfield
North Springfield,Week4,Highland Park,Week5,318.0 Highland Park - 74.0 North Springfield
North Springfield,Week2,Sleepy Hollow B & R,Week3,324.0 Sleepy Hollow B & R - 63.0 North Springfield
Newington Forest,Week2,Sleepy Hollow B & R,Week4,326.0 Sleepy Hollow B & R - 76.0 Newington Forest
North Springfield,Week3,Highlands Swim,Week5,346.0 Highlands Swim - 51.0 North Springfield
North Springfield,Week2,North Springfield,Week3,212.0 North Springfield (NS2) - 157.0 North Springfield (NS1)
Oakton ,Week2,Hunter Mill,Week1,262.5 Oakton - 139.5 Hunter Mill
Oakton ,Week1,Orange Hunt,Week3,235.0 Oakton - 167.0 Orange Hunt
North Springfield,Week1,McLean,Week4,307.0 McLean - 44.0 North Springfield
North Springfield,Week2,Dominion Hills,Week3,294.0 Dominion Hills - 94.0 North Springfield
North Springfield,Week5,Dominion Hills,Week5,291.0 Dominion Hills - 78.0 North Springfield
North Springfield,Week5,Sideburn Run,Week4,277.0 Sideburn Run - 97.0 North Springfield
North Springfield,Week2,Dominion Hills,Week5,318.0 Dominion Hills - 70.0 North Springfield
North Springfield,Week3,North Springfield,Week1,209.0 North Springfield (NS1) - 122.0 North Springfield (NS2)
North Springfield,Week4,Newington Forest,Week3,240.0 Newington Forest - 150.0 North Springfield
Oakton ,Week2,Hunter Mill,Week2,251.0 Oakton - 151.0 Hunter Mill
Newington Forest,Week4,Sleepy Hollow B & R,Week1,280.0 Sleepy Hollow B & R - 122.0 Newington Forest
North Springfield,Week2,Woodley,Week3,241.0 Woodley - 146.0 North Springfield
Oakton ,Week3,Hunter Mill,Week3,232.0 Oakton - 170.0 Hunter Mill
North Springfield,Week1,Donaldson Run,Week2,317.0 Donaldson Run - 34.0 North Springfield
Newington Forest,Week2,Village West,Week2,221.0 Village West - 177.0 Newington Forest
North Springfield,Week3,Highlands Swim,Week2,359.0 Highlands Swim - 38.0 North Springfield
Oakton ,Week4,Hunter Mill,Week4,244.0 Oakton - 158.0 Hunter Mill
Newington Forest,Week2,Village West,Week4,234.5 Village West - 158.5 Newington Forest
North Springfield,Week4,Sideburn Run,Week5,322.0 Sideburn Run - 70.0 North Springfield
North Springfield,Week3,Dominion Hills,Week5,309.0 Dominion Hills - 88.0 North Springfield
Newington Forest,Week2,Village West,Week1,229.0 Village West - 168.0 Newington Forest
North Springfield,Week5,Sideburn Run,Week1,270.0 Sideburn Run - 104.0 North Springfield
North Springfield,Week5,Waynewood,Week4,304.5 Waynewood - 69.5 North Springfield
Oakton ,Week5,Hunter Mill,Week3,243.5 Oakton - 158.5 Hunter Mill
North Springfield,Week4,Waynewood,Week1,334.0 Waynewood - 58.0 North Springfield
Newington Forest,Week5,Sleepy Hollow B & R,Week2,285.0 Sleepy Hollow B & R - 117.0 Newington Forest
Oakton ,Week4,Hunter Mill,Week5,221.0 Oakton - 181.0 Hunter Mill
Oakton ,Week1,Orange Hunt,Week5,234.0 Oakton - 168.0 Orange Hunt
Newington Forest,Week2,Sleepy Hollow B & R,Week2,304.0 Sleepy Hollow B & R - 93.0 Newington Forest
Oakton ,Week5,Old Keene Mill,Week1,320.0 Oakton - 82.0 Old Keene Mill
North Springfield,Week4,Dominion Hills,Week2,309.0 Dominion Hills - 83.0 North Springfield
North Springfield,Week4,Highland Park,Week2,325.0 Highland Park - 67.0 North Springfield
North Springfield,Week3,McLean,Week3,340.0 McLean - 56.0 North Springfield
North Springfield,Week2,McLean,Week4,331.0 McLean - 57.0 North Springfield
North Springfield,Week3,North Springfield,Week5,182.0 North Springfield (NS2) - 178.0 North Springfield (NS1)
North Springfield,Week3,Highland Park,Week4,301.0 Highland Park - 96.0 North Springfield
North Springfield,Week5,Waynewood,Week5,322.0 Waynewood - 52.0 North Springfield
Oakton ,Week3,Orange Hunt,Week1,271.0 Oakton - 131.0 Orange Hunt
North Springfield,Week2,McLean,Week5,345.0 McLean - 43.0 North Springfield
Newington Forest,Week5,Sideburn Run,Week3,251.0 Sideburn Run - 151.0 Newington Forest
North Springfield,Week5,Newington Forest,Week4,206.0 Newington Forest - 166.0 North Springfield
North Springfield,Week3,Dominion Hills,Week3,294.0 Dominion Hills - 103.0 North Springfield
North Springfield,Week4,McLean,Week1,351.0 McLean - 41.0 North Springfield
North Springfield,Week3,Woodley,Week4,235.0 Woodley - 161.0 North Springfield
North Springfield,Week3,Sleepy Hollow B & R,Week1,307.0 Sleepy Hollow B & R - 89.0 North Springfield
North Springfield,Week3,Waynewood,Week5,343.0 Waynewood - 54.0 North Springfield
North Springfield,Week2,Sleepy Hollow B & R,Week1,314.0 Sleepy Hollow B & R - 74.0 North Springfield
Newington Forest,Week2,Village West,Week3,237.5 Village West - 162.5 Newington Forest
Oakton ,Week4,Hunter Mill,Week3,239.0 Oakton - 163.0 Hunter Mill
North Springfield,Week5,North Springfield,Week2,206.0 North Springfield (NS1) - 145.0 North Springfield (NS2)
North Springfield,Week5,North Springfield,Week3,182.0 North Springfield (NS1) - 178.0 North Springfield (NS2)
North Springfield,Week2,Sleepy Hollow Rec,Week1,247.0 Sleepy Hollow Rec - 141.0 North Springfield
North Springfield,Week5,Dominion Hills,Week3,272.0 Dominion Hills - 102.0 North Springfield
North Springfield,Week5,Sideburn Run,Week3,274.0 Sideburn Run - 100.0 North Springfield
Oakton ,Week5,Hunter Mill,Week5,235.5 Oakton - 166.5 Hunter Mill
Oakton ,Week3,Orange Hunt,Week4,244.0 Oakton - 153.0 Orange Hunt
Newington Forest,Week1,Sleepy Hollow B & R,Week4,324.0 Sleepy Hollow B & R - 78.0 Newington Forest
North Springfield,Week4,North Springfield,Week4,176.0 North Springfield (NS1) - 176.0 North Springfield (NS2)
Oakton ,Week3,Hunter Mill,Week5,210.0 Oakton - 192.0 Hunter Mill
Oakton ,Week5,Hunter Mill,Week4,251.0 Oakton - 151.0 Hunter Mill
North Springfield,Week1,Woodley,Week4,247.0 Woodley - 103.0 North Springfield
Newington Forest,Week5,Sideburn Run,Week4,247.0 Sideburn Run - 155.0 Newington Forest
Newington Forest,Week4,Village West,Week1,215.0 Village West - 187.0 Newington Forest
North Springfield,Week3,McLean,Week4,332.0 McLean - 65.0 North Springfield
Oakton ,Week4,Orange Hunt,Week1,263.0 Oakton - 139.0 Orange Hunt
Oakton ,Week3,Orange Hunt,Week5,218.0 Oakton - 184.0 Orange Hunt
North Springfield,Week4,Highland Park,Week1,329.0 Highland Park - 63.0 North Springfield
Newington Forest,Week4,Village West,Week3,231.0 Village West - 171.0 Newington Forest
North Springfield,Week4,Highland Park,Week3,308.0 Highland Park - 84.0 North Springfield
North Springfield,Week4,McLean,Week2,353.0 McLean - 39.0 North Springfield
North Springfield,Week4,Dominion Hills,Week5,326.0 Dominion Hills - 66.0 North Springfield
North Springfield,Week4,Woodley,Week2,253.0 Woodley - 138.0 North Springfield
North Springfield,Week4,North Springfield,Week5,192.0 North Springfield (NS2) - 156.0 North Springfield (NS1)
North Springfield,Week5,Highland Park,Week3,272.0 Highland Park - 102.0 North Springfield
North Springfield,Week1,Donaldson Run,Week3,321.0 Donaldson Run - 30.0 North Springfield
Oakton ,Week5,Orange Hunt,Week1,273.0 Oakton - 129.0 Orange Hunt
North Springfield,Week1,Highlands Swim,Week4,328.0 Highlands Swim - 23.0 North Springfield
North Springfield,Week1,Woodley,Week1,257.0 Woodley - 94.0 North Springfield
North Springfield,Week1,Oakton ,Week2,308.0 Oakton - 43.0 North Springfield
Newington Forest,Week5,Village West,Week4,201.0 Village West - 196.0 Newington Forest
North Springfield,Week2,McLean,Week3,340.0 McLean - 47.0 North Springfield
Newington Forest,Week4,Village West,Week2,209.0 Village West - 193.0 Newington Forest
North Springfield,Week5,Sleepy Hollow B & R,Week5,290.0 Sleepy Hollow B & R - 82.0 North Springfield
North Springfield,Week5,Dominion Hills,Week4,286.0 Dominion Hills - 86.0 North Springfield
Oakton ,Week1,Hunter Mill,Week5,215.0 Oakton - 187.0 Hunter Mill
Oakton ,Week4,Orange Hunt,Week4,252.0 Oakton - 150.0 Orange Hunt
Oakton ,Week4,Orange Hunt,Week3,247.0 Oakton - 155.0 Orange Hunt
North Springfield,Week4,McLean,Week4,342.0 McLean - 49.0 North Springfield
North Springfield,Week1,Sleepy Hollow B & R,Week1,308.0 Sleepy Hollow B & R - 43.0 North Springfield
North Springfield,Week4,Woodley,Week3,259.0 Woodley - 131.0 North Springfield
Newington Forest,Week5,Village West,Week3,218.0 Village West - 184.0 Newington Forest
Oakton ,Week4,Hunter Mill,Week2,249.0 Oakton - 153.0 Hunter Mill
North Springfield,Week1,Highlands Swim,Week5,332.0 Highlands Swim - 19.0 North Springfield
North Springfield,Week5,North Springfield,Week4,192.0 North Springfield (NS1) - 156.0 North Springfield (NS2)
North Springfield,Week1,Highlands Swim,Week3,328.0 Highlands Swim - 22.0 North Springfield
North Springfield,Week1,Woodley,Week2,239.0 Woodley - 111.0 North Springfield
North Springfield,Week4,McLean,Week3,348.0 McLean - 43.0 North Springfield
North Springfield,Week1,Sleepy Hollow B & R,Week2,307.0 Sleepy Hollow B & R - 44.0 North Springfield
North Springfield,Week4,Dominion Hills,Week3,295.0 Dominion Hills - 97.0 North Springfield
North Springfield,Week5,Sideburn Run,Week2,259.0 Sideburn Run - 115.0 North Springfield
North Springfield,Week1,Oakton ,Week1,305.0 Oakton - 46.0 North Springfield
Oakton ,Week3,Hunter Mill,Week4,245.0 Oakton - 157.0 Hunter Mill
Oakton ,Week2,Hunter Mill,Week4,238.0 Oakton - 164.0 Hunter Mill
North Springfield,Week4,McLean,Week5,359.0 McLean - 33.0 North Springfield
North Springfield,Week4,Dominion Hills,Week1,301.0 Dominion Hills - 91.0 North Springfield
Newington Forest,Week5,Village West,Week2,208.0 Newington Forest - 194.0 Village West
Oakton ,Week4,Orange Hunt,Week2,235.5 Oakton - 166.5 Orange Hunt
North Springfield,Week2,Woodley,Week1,257.0 Woodley - 131.0 North Springfield
North Springfield,Week4,Highland Park,Week4,330.0 Highland Park - 62.0 North Springfield
North Springfield,Week5,North Springfield,Week5,168.5 North Springfield (NS1) - 168.5 North Springfield (NS2)
Newington Forest,Week3,Village West,Week4,233.0 Village West - 164.0 Newington Forest
Oakton ,Week5,Orange Hunt,Week2,254.0 Oakton - 148.0 Orange Hunt
North Springfield,Week3,Dominion Hills,Week1,292.0 Dominion Hills - 105.0 North Springfield
North Springfield,Week5,McLean,Week1,322.5 McLean - 51.5 North Springfield
North Springfield,Week3,Dominion Hills,Week2,295.0 Dominion Hills - 102.0 North Springfield
Oakton ,Week5,Orange Hunt,Week3,248.5 Oakton - 153.5 Orange Hunt
North Springfield,Week3,Dominion Hills,Week4,300.0 Dominion Hills - 97.0 North Springfield
Newington Forest,Week3,Village West,Week1,220.0 Village West - 181.0 Newington Forest
North Springfield,Week3,Highlands Swim,Week1,347.0 Highlands Swim - 50.0 North Springfield
North Springfield,Week4,Sleepy Hollow B & R,Week5,323.0 Sleepy Hollow B & R - 65.0 North Springfield
North Springfield,Week3,Woodley,Week2,242.0 Woodley - 155.0 North Springfield
North Springfield,Week2,Oakton ,Week5,332.0 Oakton - 56.0 North Springfield
Oakton ,Week1,Ilda Community,Week2,337.5 Oakton - 64.5 Ilda Community
North Springfield,Week5,Oakton ,Week3,302.0 Oakton - 72.0 North Springfield
Newington Forest,Week1,Village West,Week5,237.0 Village West - 161.0 Newington Forest
North Springfield,Week1,Donaldson Run,Week4,322.0 Donaldson Run - 29.0 North Springfield
North Springfield,Week5,McLean,Week3,316.0 McLean - 57.0 North Springfield
North Springfield,Week2,Highlands Swim,Week4,346.0 Highlands Swim - 42.0 North Springfield
North Springfield,Week5,McLean,Week2,314.0 McLean - 59.0 North Springfield
North Springfield,Week2,Woodley,Week2,243.0 Woodley - 145.0 North Springfield
North Springfield,Week5,McLean,Week5,321.0 McLean - 52.0 North Springfield
Oakton ,Week1,Ilda Community,Week1,324.0 Oakton - 78.0 Ilda Community
North Springfield,Week5,Dominion Hills,Week2,279.0 Dominion Hills - 95.0 North Springfield
Newington Forest,Week5,Village West,Week5,204.0 Newington Forest - 198.0 Village West
North Springfield,Week5,Sleepy Hollow B & R,Week4,299.0 Sleepy Hollow B & R - 75.0 North Springfield
North Springfield,Week5,Oakton ,Week2,299.0 Oakton - 75.0 North Springfield
North Springfield,Week2,Highlands Swim,Week3,343.0 Highlands Swim - 45.0 North Springfield
Oakton ,Week5,Orange Hunt,Week4,263.0 Oakton - 139.0 Orange Hunt
North Springfield,Week1,Sleepy Hollow B & R,Week3,310.0 Sleepy Hollow B & R - 40.0 North Springfield
Oakton ,Week5,Orange Hunt,Week5,238.0 Oakton - 164.0 Orange Hunt
Oakton ,Week1,Ilda Community,Week3,331.0 Oakton - 66.0 Ilda Community
North Springfield,Week2,Woodley,Week5,252.0 Woodley - 136.0 North Springfield
North Springfield,Week1,Old Keene Mill,Week4,269.0 Old Keene Mill - 81.0 North Springfield
Oakton ,Week1,Overlee,Week2,284.0 Overlee - 118.0 Oakton
Oakton ,Week2,Ilda Community,Week3,334.0 Oakton - 68.0 Ilda Community
North Springfield,Week2,Dominion Hills,Week4,308.0 Dominion Hills - 79.0 North Springfield
North Springfield,Week1,Donaldson Run,Week5,324.0 Donaldson Run - 26.0 North Springfield
North Springfield,Week5,Dominion Hills,Week1,265.0 Dominion Hills - 109.0 North Springfield
North Springfield,Week3,Oakton ,Week3,327.0 Oakton - 70.0 North Springfield
North Springfield,Week4,Woodley,Week1,259.0 Woodley - 132.0 North Springfield
North Springfield,Week3,McLean,Week5,350.0 McLean - 47.0 North Springfield
North Springfield,Week2,Sleepy Hollow B & R,Week2,320.0 Sleepy Hollow B & R - 68.0 North Springfield
North Springfield,Week4,Woodley,Week4,251.0 Woodley - 140.0 North Springfield
North Springfield,Week3,Oakton ,Week5,334.0 Oakton - 63.0 North Springfield
North Springfield,Week1,Old Keene Mill,Week5,270.0 Old Keene Mill - 80.0 North Springfield
Oakton ,Week2,Ilda Community,Week5,339.0 Oakton - 63.0 Ilda Community
Newington Forest,Week4,Village West,Week5,214.0 Village West - 183.0 Newington Forest
North Springfield,Week3,McLean,Week1,341.0 McLean - 56.0 North Springfield
North Springfield,Week4,Woodley,Week5,265.0 Woodley - 126.0 North Springfield
North Springfield,Week1,Hollin Hills,Week2,176.0 Hollin Hills - 159.0 North Springfield
Oakton ,Week3,Ilda Community,Week1,322.0 Oakton - 80.0 Ilda Community
North Springfield,Week1,Sleepy Hollow B & R,Week5,306.0 Sleepy Hollow B & R - 43.0 North Springfield
Oakton ,Week1,Overlee,Week1,263.0 Overlee - 139.0 Oakton
North Springfield,Week4,Highlands Swim,Week3,344.0 Highlands Swim - 48.0 North Springfield
Oakton ,Week1,Overlee,Week5,313.0 Overlee - 89.0 Oakton
North Springfield,Week5,Sleepy Hollow B & R,Week1,285.0 Sleepy Hollow B & R - 85.0 North Springfield
Newington Forest,Week2,Virginia Run,Week2,297.5 Virginia Run - 104.5 Newington Forest
North Springfield,Week1,Sleepy Hollow Rec,Week1,267.0 Sleepy Hollow Rec - 84.0 North Springfield
Newington Forest,Week1,Virginia Hills,Week2,272.0 Newington Forest - 122.0 Virginia Hills
North Springfield,Week5,Hollin Hills,Week1,214.0 North Springfield - 153.0 Hollin Hills
North Springfield,Week3,Highlands Swim,Week4,353.0 Highlands Swim - 44.0 North Springfield
Oakton ,Week2,Ilda Community,Week2,343.0 Oakton - 59.0 Ilda Community
Newington Forest,Week1,Virginia Hills,Week5,247.0 Newington Forest - 149.0 Virginia Hills
North Springfield,Week1,Mosby Woods,Week1,315.0 Mosby Woods - 35.0 North Springfield
North Springfield,Week3,Woodley,Week5,236.0 Woodley - 160.0 North Springfield
North Springfield,Week1,Mosby Woods,Week2,312.5 Mosby Woods - 37.5 North Springfield
North Springfield,Week5,Cardinal Hill,Week2,277.0 Cardinal Hill - 96.0 North Springfield
North Springfield,Week2,Hollin Hills,Week3,220.0 Hollin Hills - 165.0 North Springfield
North Springfield,Week5,McLean,Week4,305.0 McLean - 69.0 North Springfield
North Springfield,Week4,Sideburn Run,Week3,312.0 Sideburn Run - 80.0 North Springfield
Newington Forest,Week3,Virginia Run,Week2,300.0 Virginia Run - 102.0 Newington Forest
North Springfield,Week4,Cardinal Hill,Week4,338.0 Cardinal Hill - 54.0 North Springfield
North Springfield,Week3,Hollin Hills,Week4,201.0 North Springfield - 191.0 Hollin Hills
North Springfield,Week4,Oakton ,Week3,339.0 Oakton - 53.0 North Springfield
North Springfield,Week5,Oakton ,Week4,306.0 Oakton - 68.0 North Springfield
North Springfield,Week1,Oakton ,Week4,314.0 Oakton - 37.0 North Springfield
Oakton ,Week2,Overlee,Week1,262.0 Overlee - 140.0 Oakton
Oakton ,Week2,Overlee,Week2,274.0 Overlee - 128.0 Oakton
North Springfield,Week3,Sleepy Hollow B & R,Week2,308.0 Sleepy Hollow B & R - 89.0 North Springfield
North Springfield,Week1,Sleepy Hollow B & R,Week4,310.0 Sleepy Hollow B & R - 41.0 North Springfield
North Springfield,Week4,Cardinal Hill,Week2,326.0 Cardinal Hill - 66.0 North Springfield
North Springfield,Week4,Oakton ,Week2,334.0 Oakton - 52.0 North Springfield
Oakton ,Week3,Ilda Community,Week2,337.0 Oakton - 65.0 Ilda Community
North Springfield,Week2,Sleepy Hollow B & R,Week4,330.0 Sleepy Hollow B & R - 58.0 North Springfield
Oakton ,Week3,Kent Gardens,Week2,295.0 Oakton - 107.0 Kent Gardens
North Springfield,Week1,Hollin Hills,Week5,195.0 Hollin Hills - 140.0 North Springfield
Oakton ,Week1,Overlee,Week4,328.0 Overlee - 74.0 Oakton
North Springfield,Week5,Woodley,Week1,214.0 Woodley - 160.0 North Springfield
Newington Forest,Week2,Virginia Hills,Week3,267.5 Newington Forest - 132.5 Virginia Hills
Oakton ,Week3,Ilda Community,Week5,326.0 Oakton - 76.0 Ilda Community
Oakton ,Week2,Overlee,Week3,266.0 Overlee - 136.0 Oakton
North Springfield,Week3,McLean,Week2,341.0 McLean - 56.0 North Springfield
North Springfield,Week2,Cardinal Hill,Week1,338.0 Cardinal Hill - 50.0 North Springfield
North Springfield,Week5,Woodley,Week5,228.0 Woodley - 145.0 North Springfield
Newington Forest,Week2,Virginia Run,Week5,327.0 Virginia Run - 75.0 Newington Forest
North Springfield,Week5,Hollin Hills,Week3,189.0 Hollin Hills - 183.0 North Springfield
North Springfield,Week3,Oakton ,Week4,334.0 Oakton - 62.0 North Springfield
Oakton ,Week5,Annandale,Week3,338.0 Oakton - 64.0 Annandale
Oakton ,Week4,Annandale,Week2,337.0 Oakton - 65.0 Annandale
North Springfield,Week1,Hollin Hills,Week3,213.0 Hollin Hills - 131.0 North Springfield
Oakton ,Week1,Overlee,Week3,282.0 Overlee - 120.0 Oakton
Oakton ,Week5,Ilda Community,Week2,339.0 Oakton - 63.0 Ilda Community
North Springfield,Week1,Cardinal Hill,Week3,314.0 Cardinal Hill - 37.0 North Springfield
Newington Forest,Week3,Virginia Hills,Week2,296.0 Newington Forest - 105.0 Virginia Hills
Oakton ,Week4,Ilda Community,Week1,324.0 Oakton - 78.0 Ilda Community
Newington Forest,Week3,Virginia Hills,Week4,268.0 Newington Forest - 134.0 Virginia Hills
North Springfield,Week3,Sleepy Hollow B & R,Week4,322.0 Sleepy Hollow B & R - 75.0 North Springfield
Oakton ,Week3,Annandale,Week2,327.0 Oakton - 75.0 Annandale
Oakton ,Week3,Kent Gardens,Week1,262.0 Oakton - 140.0 Kent Gardens
North Springfield,Week3,Oakton ,Week2,327.0 Oakton - 70.0 North Springfield
North Springfield,Week4,Sleepy Hollow B & R,Week2,319.0 Sleepy Hollow B & R - 72.0 North Springfield
Newington Forest,Week2,Virginia Hills,Week4,257.0 Newington Forest - 137.0 Virginia Hills
North Springfield,Week5,Highlands Swim,Week4,334.0 Highlands Swim - 40.0 North Springfield
North Springfield,Week3,Sleepy Hollow B & R,Week5,323.0 Sleepy Hollow B & R - 69.0 North Springfield
North Springfield,Week5,Cardinal Hill,Week1,303.0 Cardinal Hill - 71.0 North Springfield
Oakton ,Week3,Overlee,Week2,281.0 Overlee - 121.0 Oakton
North Springfield,Week5,Oakton ,Week5,304.0 Oakton - 70.0 North Springfield
Oakton ,Week3,Overlee,Week3,282.0 Overlee - 120.0 Oakton
North Springfield,Week4,Highlands Swim,Week5,353.0 Highlands Swim - 34.0 North Springfield
Oakton ,Week2,Annandale,Week2,337.0 Oakton - 65.0 Annandale
North Springfield,Week5,Sleepy Hollow B & R,Week3,293.5 Sleepy Hollow B & R - 80.5 North Springfield
Newington Forest,Week3,Virginia Hills,Week3,277.0 Newington Forest - 125.0 Virginia Hills
Oakton ,Week2,Kent Gardens,Week1,278.0 Oakton - 124.0 Kent Gardens
Newington Forest,Week4,Virginia Hills,Week1,286.0 Newington Forest - 115.0 Virginia Hills
Oakton ,Week3,Kent Gardens,Week4,276.0 Oakton - 126.0 Kent Gardens
North Springfield,Week1,Chesterbrook,Week2,341.0 Chesterbrook - 10.0 North Springfield
North Springfield,Week1,Cardinal Hill,Week4,309.0 Cardinal Hill - 42.0 North Springfield
North Springfield,Week1,Old Keene Mill,Week1,273.0 Old Keene Mill - 77.0 North Springfield
Oakton ,Week3,Overlee,Week1,275.0 Overlee - 127.0 Oakton
Oakton ,Week1,Annandale,Week2,329.0 Oakton - 73.0 Annandale
North Springfield,Week5,Woodley,Week3,225.0 Woodley - 148.0 North Springfield
North Springfield,Week5,Highlands Swim,Week3,326.0 Highlands Swim - 48.0 North Springfield
North Springfield,Week1,Chesterbrook,Week5,341.0 Chesterbrook - 10.0 North Springfield
North Springfield,Week4,Sleepy Hollow B & R,Week3,325.0 Sleepy Hollow B & R - 63.0 North Springfield
North Springfield,Week1,Old Keene Mill,Week3,271.0 Old Keene Mill - 78.0 North Springfield
Newington Forest,Week4,Virginia Hills,Week2,291.0 Newington Forest - 110.0 Virginia Hills
Oakton ,Week4,Overlee,Week3,285.0 Overlee - 117.0 Oakton
Newington Forest,Week4,Virginia Hills,Week5,268.0 Newington Forest - 133.0 Virginia Hills
North Springfield,Week4,Oakton ,Week4,342.0 Oakton - 50.0 North Springfield
Oakton ,Week4,Overlee,Week1,273.0 Overlee - 129.0 Oakton
Oakton ,Week2,Kent Gardens,Week5,252.0 Oakton - 150.0 Kent Gardens
Oakton ,Week3,Overlee,Week4,325.0 Overlee - 77.0 Oakton
North Springfield,Week2,Oakton ,Week2,326.0 Oakton - 62.0 North Springfield
North Springfield,Week2,Hollin Hills,Week1,218.0 North Springfield - 163.0 Hollin Hills
North Springfield,Week5,Woodley,Week4,219.0 Woodley - 154.0 North Springfield
Newington Forest,Week4,Virginia Hills,Week4,278.0 Newington Forest - 123.0 Virginia Hills
North Springfield,Week3,Cardinal Hill,Week2,310.0 Cardinal Hill - 87.0 North Springfield
Newington Forest,Week1,Virginia Run,Week1,319.0 Virginia Run - 83.0 Newington Forest
Oakton ,Week4,Ilda Community,Week5,332.5 Oakton - 69.5 Ilda Community
Oakton ,Week3,Overlee,Week5,314.0 Overlee - 88.0 Oakton
Oakton ,Week1,Arlington Forest,Week1,277.0 Oakton - 125.0 Arlington Forest
North Springfield,Week1,Sleepy Hollow Rec,Week2,257.0 Sleepy Hollow Rec - 91.0 North Springfield
North Springfield,Week1,Sleepy Hollow Rec,Week3,269.0 Sleepy Hollow Rec - 81.0 North Springfield
North Springfield,Week5,Canterbury Woods,Week3,256.0 Canterbury Woods - 117.0 North Springfield
North Springfield,Week5,Canterbury Woods,Week1,234.0 Canterbury Woods - 139.0 North Springfield
North Springfield,Week1,Hollin Hills,Week4,190.0 Hollin Hills - 145.0 North Springfield
Oakton ,Week3,Kent Gardens,Week5,239.0 Oakton - 163.0 Kent Gardens
North Springfield,Week3,Hollin Hills,Week2,224.0 North Springfield - 167.0 Hollin Hills
North Springfield,Week5,Sleepy Hollow B & R,Week2,284.0 Sleepy Hollow B & R - 86.0 North Springfield
Oakton ,Week3,Annandale,Week4,335.0 Oakton - 67.0 Annandale
Oakton ,Week2,Annandale,Week1,338.0 Oakton - 64.0 Annandale
North Springfield,Week3,Hollin Hills,Week3,199.0 Hollin Hills - 196.0 North Springfield
Oakton ,Week4,Overlee,Week2,284.0 Overlee - 118.0 Oakton
Oakton ,Week4,Kent Gardens,Week1,276.0 Oakton - 126.0 Kent Gardens
North Springfield,Week4,Oakton ,Week5,336.0 Oakton - 51.0 North Springfield
North Springfield,Week3,Cardinal Hill,Week5,313.0 Cardinal Hill - 84.0 North Springfield
North Springfield,Week1,Oakton ,Week5,311.0 Oakton - 39.0 North Springfield
North Springfield,Week5,Oakton ,Week1,303.0 Oakton - 71.0 North Springfield
North Springfield,Week4,Sleepy Hollow B & R,Week4,326.0 Sleepy Hollow B & R - 66.0 North Springfield
Oakton ,Week4,Kent Gardens,Week2,290.5 Oakton - 111.5 Kent Gardens
North Springfield,Week1,Cardinal Hill,Week1,312.0 Cardinal Hill - 38.0 North Springfield
North Springfield,Week5,Highlands Swim,Week1,318.0 Highlands Swim - 56.0 North Springfield
North Springfield,Week3,Hollin Hills,Week5,202.0 North Springfield - 187.0 Hollin Hills
Oakton ,Week3,Annandale,Week3,315.5 Oakton - 81.5 Annandale
Newington Forest,Week1,Virginia Run,Week2,305.0 Virginia Run - 97.0 Newington Forest
Newington Forest,Week5,Virginia Hills,Week1,290.0 Newington Forest - 112.0 Virginia Hills
North Springfield,Week3,Hollin Hills,Week1,229.0 North Springfield - 162.0 Hollin Hills
North Springfield,Week5,Sleepy Hollow Rec,Week2,224.0 Sleepy Hollow Rec - 149.0 North Springfield
Oakton ,Week5,Overlee,Week1,251.0 Overlee - 151.0 Oakton
North Springfield,Week2,Cardinal Hill,Week4,332.0 Cardinal Hill - 56.0 North Springfield
Oakton ,Week4,Ilda Community,Week2,336.0 Oakton - 66.0 Ilda Community
Oakton ,Week1,Annandale,Week3,324.0 Oakton - 73.0 Annandale
Oakton ,Week4,Overlee,Week5,322.0 Overlee - 80.0 Oakton
North Springfield,Week2,Cardinal Hill,Week5,317.0 Cardinal Hill - 71.0 North Springfield
Oakton ,Week2,Overlee,Week5,309.0 Overlee - 93.0 Oakton
Oakton ,Week2,Annandale,Week3,328.0 Oakton - 74.0 Annandale
North Springfield,Week4,Hollin Hills,Week1,189.0 North Springfield - 188.0 Hollin Hills
North Springfield,Week5,Canterbury Woods,Week5,239.0 Canterbury Woods - 131.0 North Springfield
North Springfield,Week2,Hollin Hills,Week2,203.0 North Springfield - 177.0 Hollin Hills
North Springfield,Week1,Sleepy Hollow Rec,Week5,274.0 Sleepy Hollow Rec - 76.0 North Springfield
Oakton ,Week4,Ilda Community,Week3,327.0 Oakton - 75.0 Ilda Community
North Springfield,Week1,Sleepy Hollow Rec,Week4,260.0 Sleepy Hollow Rec - 89.0 North Springfield
Oakton ,Week3,Annandale,Week1,330.0 Oakton - 67.0 Annandale
North Springfield,Week4,Sleepy Hollow Rec,Week5,278.0 Sleepy Hollow Rec - 113.0 North Springfield
Oakton ,Week1,Kent Gardens,Week1,252.0 Oakton - 150.0 Kent Gardens
North Springfield,Week2,Oakton ,Week4,333.0 Oakton - 55.0 North Springfield
Oakton ,Week1,Annandale,Week5,323.0 Oakton - 79.0 Annandale
Oakton ,Week1,Kent Gardens,Week3,286.0 Oakton - 116.0 Kent Gardens
Oakton ,Week4,Overlee,Week4,326.0 Overlee - 76.0 Oakton
Newington Forest,Week5,Virginia Hills,Week2,305.0 Newington Forest - 97.0 Virginia Hills
North Springfield,Week1,Old Keene Mill,Week2,267.0 Old Keene Mill - 81.0 North Springfield
Newington Forest,Week1,Virginia Run,Week3,315.5 Virginia Run - 86.5 Newington Forest
Newington Forest,Week1,Virginia Run,Week4,326.0 Virginia Run - 76.0 Newington Forest
North Springfield,Week4,Oakton ,Week1,336.0 Oakton - 56.0 North Springfield
Oakton ,Week4,Ilda Community,Week4,321.0 Oakton - 81.0 Ilda Community
North Springfield,Week1,Somerset-Olde Creek,Week2,180.0 Somerset-Olde Creek - 162.0 North Springfield
Oakton ,Week2,Kent Gardens,Week3,300.0 Oakton - 102.0 Kent Gardens
North Springfield,Week2,Cardinal Hill,Week2,314.0 Cardinal Hill - 74.0 North Springfield
North Springfield,Week3,Oakton ,Week1,337.0 Oakton - 60.0 North Springfield
Newington Forest,Week2,Virginia Run,Week1,309.0 Virginia Run - 93.0 Newington Forest
Oakton ,Week2,Parklawn,Week5,326.0 Oakton - 76.0 Parklawn
North Springfield,Week4,Canterbury Woods,Week5,278.0 Canterbury Woods - 113.0 North Springfield
North Springfield,Week2,Oakton ,Week1,331.0 Oakton - 57.0 North Springfield
North Springfield,Week5,Canterbury Woods,Week4,258.0 Canterbury Woods - 115.0 North Springfield
Newington Forest,Week4,Virginia Hills,Week3,287.0 Newington Forest - 114.0 Virginia Hills
North Springfield,Week3,Sleepy Hollow Rec,Week5,265.0 Sleepy Hollow Rec - 132.0 North Springfield
North Springfield,Week4,Hollin Hills,Week2,197.0 Hollin Hills - 186.0 North Springfield
North Springfield,Week2,Oakton ,Week3,328.0 Oakton - 60.0 North Springfield
Oakton ,Week5,Parklawn,Week1,336.0 Oakton - 52.0 Parklawn
North Springfield,Week2,Hollin Hills,Week5,201.0 North Springfield - 178.0 Hollin Hills
Oakton ,Week3,Annandale,Week5,318.0 Oakton - 84.0 Annandale
Newington Forest,Week1,Virginia Run,Week5,327.5 Virginia Run - 74.5 Newington Forest
North Springfield,Week4,Hollin Hills,Week3,222.0 Hollin Hills - 166.0 North Springfield
Oakton ,Week5,Overlee,Week5,301.5 Overlee - 100.5 Oakton
North Springfield,Week4,Old Keene Mill,Week2,261.0 Old Keene Mill - 130.0 North Springfield
Oakton ,Week1,Annandale,Week4,336.0 Oakton - 66.0 Annandale
Oakton ,Week5,Ilda Community,Week3,334.0 Oakton - 68.0 Ilda Community
North Springfield,Week1,Cardinal Hill,Week5,300.0 Cardinal Hill - 50.0 North Springfield
North Springfield,Week4,Hollin Hills,Week4,212.0 Hollin Hills - 163.0 North Springfield
Oakton ,Week5,Overlee,Week4,308.0 Overlee - 94.0 Oakton
North Springfield,Week2,Sleepy Hollow Rec,Week5,260.0 Sleepy Hollow Rec - 128.0 North Springfield
Oakton ,Week1,Annandale,Week1,330.0 Oakton - 72.0 Annandale
Oakton ,Week3,Ilda Community,Week4,315.0 Oakton - 87.0 Ilda Community
Newington Forest,Week5,Virginia Hills,Week3,296.0 Newington Forest - 106.0 Virginia Hills
North Springfield,Week2,Somerset-Olde Creek,Week1,203.0 North Springfield - 175.0 Somerset-Olde Creek
Oakton ,Week4,Annandale,Week5,333.5 Oakton - 68.5 Annandale
Oakton ,Week3,Parklawn,Week5,307.0 Oakton - 90.0 Parklawn
North Springfield,Week1,Somerset-Olde Creek,Week4,205.0 Somerset-Olde Creek - 141.0 North Springfield
Oakton ,Week5,Ilda Community,Week4,327.0 Oakton - 75.0 Ilda Community
Oakton ,Week4,Annandale,Week3,333.0 Oakton - 69.0 Annandale
North Springfield,Week1,Hollin Hills,Week1,183.0 Hollin Hills - 153.0 North Springfield
North Springfield,Week3,Cardinal Hill,Week3,335.0 Cardinal Hill - 62.0 North Springfield
North Springfield,Week1,Somerset-Olde Creek,Week5,199.0 Somerset-Olde Creek - 140.0 North Springfield
North Springfield,Week5,Highlands Swim,Week5,327.5 Highlands Swim - 46.5 North Springfield
Oakton ,Week4,Annandale,Week1,338.0 Oakton - 64.0 Annandale
Oakton ,Week3,Parklawn,Week4,306.0 Oakton - 96.0 Parklawn
North Springfield,Week4,Cardinal Hill,Week1,346.0 Cardinal Hill - 46.0 North Springfield
North Springfield,Week4,Old Keene Mill,Week4,263.0 Old Keene Mill - 125.0 North Springfield
Oakton ,Week5,Overlee,Week3,263.0 Overlee - 139.0 Oakton
Newington Forest,Week3,Virginia Hills,Week1,280.0 Newington Forest - 122.0 Virginia Hills
North Springfield,Week3,Cardinal Hill,Week4,330.0 Cardinal Hill - 67.0 North Springfield
Oakton ,Week5,Ilda Community,Week5,339.0 Oakton - 62.0 Ilda Community
Newington Forest,Week5,Virginia Hills,Week4,292.0 Newington Forest - 110.0 Virginia Hills
Oakton ,Week5,Ilda Community,Week1,324.0 Oakton - 77.0 Ilda Community
Newington Forest,Week3,Virginia Hills,Week5,255.0 Newington Forest - 146.0 Virginia Hills
Oakton ,Week2,Annandale,Week5,326.0 Oakton - 76.0 Annandale
North Springfield,Week5,Old Keene Mill,Week4,226.0 Old Keene Mill - 147.0 North Springfield
North Springfield,Week2,Orange Hunt,Week5,312.0 Orange Hunt - 74.0 North Springfield
North Springfield,Week1,Somerset-Olde Creek,Week3,175.0 Somerset-Olde Creek - 162.0 North Springfield
North Springfield,Week4,Sleepy Hollow Rec,Week2,257.0 Sleepy Hollow Rec - 134.0 North Springfield
North Springfield,Week5,Highlands Swim,Week2,332.0 Highlands Swim - 42.0 North Springfield
Oakton ,Week1,Parklawn,Week2,312.0 Oakton - 89.0 Parklawn
North Springfield,Week4,Hollin Hills,Week5,214.0 Hollin Hills - 167.0 North Springfield
North Springfield,Week2,Cardinal Hill,Week3,336.0 Cardinal Hill - 52.0 North Springfield
North Springfield,Week5,Old Keene Mill,Week1,234.0 Old Keene Mill - 136.0 North Springfield
Oakton ,Week1,Kent Gardens,Week2,275.0 Oakton - 127.0 Kent Gardens
Oakton ,Week1,Kent Gardens,Week4,273.0 Oakton - 129.0 Kent Gardens
North Springfield,Week5,Hollin Hills,Week5,198.0 North Springfield - 166.0 Hollin Hills
North Springfield,Week1,Hollin Meadows,Week1,296.0 Hollin Meadows - 51.0 North Springfield
North Springfield,Week3,Sleepy Hollow Rec,Week4,246.0 Sleepy Hollow Rec - 146.0 North Springfield
Oakton ,Week4,Parklawn,Week3,333.0 Oakton - 68.0 Parklawn
North Springfield,Week3,Old Keene Mill,Week3,257.0 Old Keene Mill - 139.0 North Springfield
North Springfield,Week3,Old Keene Mill,Week1,231.0 Old Keene Mill - 162.0 North Springfield
North Springfield,Week5,Hollin Hills,Week4,194.0 North Springfield - 173.0 Hollin Hills
Oakton ,Week1,Parklawn,Week1,323.0 Oakton - 70.0 Parklawn
North Springfield,Week1,Orange Hunt,Week5,296.0 Orange Hunt - 47.0 North Springfield
North Springfield,Week1,Orange Hunt,Week4,292.0 Orange Hunt - 58.0 North Springfield
North Springfield,Week5,Hollin Hills,Week2,205.0 North Springfield - 156.0 Hollin Hills
Newington Forest,Week2,Virginia Run,Week3,310.0 Virginia Run - 92.0 Newington Forest
North Springfield,Week2,Hollin Hills,Week4,194.0 North Springfield - 187.0 Hollin Hills
North Springfield,Week2,Sleepy Hollow Rec,Week4,243.0 Sleepy Hollow Rec - 144.0 North Springfield
Oakton ,Week1,Kent Gardens,Week5,226.0 Oakton - 176.0 Kent Gardens
Oakton ,Week2,Annandale,Week4,341.0 Oakton - 61.0 Annandale
Oakton ,Week2,Kent Gardens,Week4,293.0 Oakton - 109.0 Kent Gardens
Newington Forest,Week3,Virginia Run,Week1,301.0 Virginia Run - 101.0 Newington Forest
North Springfield,Week2,Sleepy Hollow Rec,Week3,264.0 Sleepy Hollow Rec - 124.0 North Springfield
North Springfield,Week3,Cardinal Hill,Week1,336.0 Cardinal Hill - 61.0 North Springfield
Oakton ,Week2,Kent Gardens,Week2,296.0 Oakton - 106.0 Kent Gardens
North Springfield,Week4,Cardinal Hill,Week5,334.0 Cardinal Hill - 58.0 North Springfield
Newington Forest,Week5,Virginia Hills,Week5,280.0 Newington Forest - 117.0 Virginia Hills
Oakton ,Week4,Parklawn,Week4,311.0 Oakton - 90.0 Parklawn
Newington Forest,Week2,Virginia Hills,Week5,234.0 Newington Forest - 158.0 Virginia Hills
Oakton ,Week4,Annandale,Week4,343.0 Oakton - 59.0 Annandale
North Springfield,Week3,Orange Hunt,Week2,282.0 Orange Hunt - 115.0 North Springfield
Oakton ,Week5,Annandale,Week2,345.0 Oakton - 57.0 Annandale
North Springfield,Week1,Cardinal Hill,Week2,295.0 Cardinal Hill - 55.0 North Springfield
Newington Forest,Week2,Virginia Run,Week4,316.0 Virginia Run - 86.0 Newington Forest
Oakton ,Week5,Annandale,Week1,340.0 Oakton - 62.0 Annandale
North Springfield,Week4,Cardinal Hill,Week3,347.0 Cardinal Hill - 45.0 North Springfield
Oakton ,Week4,Parklawn,Week5,320.0 Oakton - 81.0 Parklawn
Oakton ,Week5,Annandale,Week4,339.0 Oakton - 63.0 Annandale
North Springfield,Week3,Sleepy Hollow Rec,Week1,240.0 Sleepy Hollow Rec - 155.0 North Springfield
North Springfield,Week5,Canterbury Woods,Week2,243.0 Canterbury Woods - 130.0 North Springfield
Oakton ,Week2,Parklawn,Week2,331.0 Oakton - 71.0 Parklawn
North Springfield,Week2,Orange Hunt,Week1,288.0 Orange Hunt - 100.0 North Springfield
North Springfield,Week4,Sleepy Hollow Rec,Week3,275.0 Sleepy Hollow Rec - 117.0 North Springfield
North Springfield,Week3,Hollin Meadows,Week3,300.0 Hollin Meadows - 96.0 North Springfield
Oakton ,Week4,Kings Ridge ,Week5,319.0 Oakton - 83.0 Kings Ridge
North Springfield,Week5,Old Keene Mill,Week5,248.0 Old Keene Mill - 124.0 North Springfield
North Springfield,Week5,Cardinal Hill,Week5,297.0 Cardinal Hill - 77.0 North Springfield
Oakton ,Week1,Kings Ridge ,Week2,336.0 Oakton - 66.0 Kings Ridge
Oakton ,Week3,Arlington Forest,Week2,289.0 Oakton - 113.0 Arlington Forest
North Springfield,Week4,Sleepy Hollow Rec,Week1,261.0 Sleepy Hollow Rec - 130.0 North Springfield
North Springfield,Week5,Hollin Meadows,Week1,294.0 Hollin Meadows - 79.0 North Springfield
North Springfield,Week4,Sleepy Hollow Rec,Week4,256.0 Sleepy Hollow Rec - 134.0 North Springfield
Newington Forest,Week4,Virginia Run,Week1,287.0 Virginia Run - 115.0 Newington Forest
North Springfield,Week5,Cardinal Hill,Week4,295.0 Cardinal Hill - 79.0 North Springfield
Oakton ,Week5,Overlee,Week2,274.0 Overlee - 128.0 Oakton
Newington Forest,Week3,Virginia Run,Week3,301.0 Virginia Run - 101.0 Newington Forest
Newington Forest,Week3,Virginia Run,Week5,317.0 Virginia Run - 85.0 Newington Forest
Oakton ,Week3,Parklawn,Week2,313.0 Oakton - 89.0 Parklawn
North Springfield,Week2,Hollin Meadows,Week5,332.0 Hollin Meadows - 56.0 North Springfield
Oakton ,Week4,Kent Gardens,Week4,285.0 Oakton - 117.0 Kent Gardens
North Springfield,Week2,Sleepy Hollow Rec,Week2,257.0 Sleepy Hollow Rec - 131.0 North Springfield
North Springfield,Week4,Old Keene Mill,Week1,254.0 Old Keene Mill - 133.0 North Springfield
Oakton ,Week5,Arlington Forest,Week2,303.0 Oakton - 99.0 Arlington Forest
Oakton ,Week5,Annandale,Week5,337.0 Oakton - 65.0 Annandale
Oakton ,Week3,Kent Gardens,Week3,294.0 Oakton - 108.0 Kent Gardens
Oakton ,Week4,Arlington Forest,Week2,290.0 Oakton - 112.0 Arlington Forest
North Springfield,Week5,Cardinal Hill,Week3,305.0 Cardinal Hill - 69.0 North Springfield
Oakton ,Week1,Parklawn,Week5,313.0 Oakton - 88.0 Parklawn
Newington Forest,Week3,Virginia Run,Week4,312.0 Virginia Run - 90.0 Newington Forest
North Springfield,Week3,Sleepy Hollow Rec,Week3,256.0 Sleepy Hollow Rec - 141.0 North Springfield
Oakton ,Week1,Kings Ridge ,Week5,319.0 Oakton - 83.0 Kings Ridge
North Springfield,Week2,Old Keene Mill,Week1,256.0 Old Keene Mill - 131.0 North Springfield
North Springfield,Week5,Chesterbrook,Week1,343.0 Chesterbrook - 31.0 North Springfield
Oakton ,Week2,Parklawn,Week4,325.0 Oakton - 77.0 Parklawn
Oakton ,Week2,Arlington Forest,Week3,322.0 Oakton - 80.0 Arlington Forest
North Springfield,Week1,Holmes Run Acres,Week3,299.0 Holmes Run Acres - 52.0 North Springfield
Newington Forest,Week1,Villa Aquatic,Week1,277.0 Villa Aquatic - 125.0 Newington Forest
Oakton ,Week1,Brandywine,Week5,244.0 Oakton - 158.0 Brandywine
Oakton ,Week5,Kent Gardens,Week2,296.0 Oakton - 106.0 Kent Gardens
North Springfield,Week5,Old Keene Mill,Week2,248.0 Old Keene Mill - 124.0 North Springfield
Oakton ,Week4,Arlington Forest,Week3,315.0 Oakton - 87.0 Arlington Forest
North Springfield,Week5,Hollin Meadows,Week2,281.0 Hollin Meadows - 93.0 North Springfield
North Springfield,Week5,Sleepy Hollow Rec,Week4,227.0 Sleepy Hollow Rec - 146.0 North Springfield
North Springfield,Week1,Holmes Run Acres,Week1,278.0 Holmes Run Acres - 71.0 North Springfield
North Springfield,Week1,Chesterbrook,Week1,336.0 Chesterbrook - 15.0 North Springfield
North Springfield,Week1,Chesterbrook,Week3,343.0 Chesterbrook - 8.0 North Springfield
North Springfield,Week5,Sleepy Hollow Rec,Week3,245.0 Sleepy Hollow Rec - 128.0 North Springfield
North Springfield,Week2,Old Keene Mill,Week2,276.0 Old Keene Mill - 112.0 North Springfield
Oakton ,Week4,Kings Ridge ,Week4,321.0 Oakton - 81.0 Kings Ridge
Oakton ,Week2,Arlington Forest,Week2,317.0 Oakton - 85.0 Arlington Forest
Oakton ,Week4,Parklawn,Week2,324.0 Oakton - 77.0 Parklawn
North Springfield,Week1,Chesterbrook,Week4,340.0 Chesterbrook - 10.0 North Springfield
North Springfield,Week1,Orange Hunt,Week1,293.0 Orange Hunt - 57.0 North Springfield
North Springfield,Week5,Sleepy Hollow Rec,Week5,248.0 Sleepy Hollow Rec - 125.0 North Springfield
North Springfield,Week1,Holmes Run Acres,Week5,301.0 Holmes Run Acres - 50.0 North Springfield
Oakton ,Week5,Parklawn,Week3,338.0 Oakton - 64.0 Parklawn
Newington Forest,Week3,Villa Aquatic,Week3,309.0 Villa Aquatic - 93.0 Newington Forest
Oakton ,Week1,Kings Ridge ,Week3,325.0 Oakton - 77.0 Kings Ridge
Newington Forest,Week2,Villa Aquatic,Week2,264.0 Villa Aquatic - 138.0 Newington Forest
Oakton ,Week1,Parklawn,Week4,310.0 Oakton - 91.0 Parklawn
Oakton ,Week1,Parklawn,Week3,321.5 Oakton - 79.5 Parklawn
Newington Forest,Week4,Vienna Woods,Week2,352.0 Vienna Woods - 50.0 Newington Forest
Oakton ,Week5,Kings Ridge ,Week2,336.0 Oakton - 66.0 Kings Ridge
North Springfield,Week2,Orange Hunt,Week2,295.0 Orange Hunt - 93.0 North Springfield
North Springfield,Week3,Old Keene Mill,Week2,256.0 Old Keene Mill - 140.0 North Springfield
North Springfield,Week1,Commonwealth,Week2,250.0 Commonwealth - 96.0 North Springfield
North Springfield,Week3,Holmes Run Acres,Week3,295.0 Holmes Run Acres - 97.0 North Springfield
North Springfield,Week5,Sleepy Hollow Rec,Week1,227.0 Sleepy Hollow Rec - 147.0 North Springfield
Oakton ,Week5,Arlington Forest,Week1,292.0 Oakton - 110.0 Arlington Forest
Oakton ,Week3,Parklawn,Week3,332.0 Oakton - 70.0 Parklawn
Oakton ,Week2,Arlington Forest,Week5,269.0 Oakton - 133.0 Arlington Forest
Newington Forest,Week3,Vienna Woods,Week5,372.0 Vienna Woods - 30.0 Newington Forest
North Springfield,Week1,Orange Hunt,Week3,300.0 Orange Hunt - 49.0 North Springfield
North Springfield,Week3,Sleepy Hollow Rec,Week2,244.0 Sleepy Hollow Rec - 153.0 North Springfield
North Springfield,Week2,Old Keene Mill,Week3,277.0 Old Keene Mill - 111.0 North Springfield
North Springfield,Week2,Holmes Run Acres,Week2,276.0 Holmes Run Acres - 111.0 North Springfield
North Springfield,Week4,Hollin Meadows,Week5,329.0 Hollin Meadows - 62.0 North Springfield
Oakton ,Week2,Parliament,Week1,267.0 Oakton - 135.0 Parliament
North Springfield,Week2,Holmes Run Acres,Week1,274.0 Holmes Run Acres - 112.0 North Springfield
North Springfield,Week2,Hollin Meadows,Week3,316.0 Hollin Meadows - 71.0 North Springfield
Newington Forest,Week1,Villa Aquatic,Week2,272.0 Villa Aquatic - 130.0 Newington Forest
North Springfield,Week4,Somerset-Olde Creek,Week5,214.0 Somerset-Olde Creek - 166.0 North Springfield
Oakton ,Week3,Kings Ridge ,Week1,338.0 Oakton - 64.0 Kings Ridge
North Springfield,Week1,Somerset-Olde Creek,Week1,184.0 Somerset-Olde Creek - 150.0 North Springfield
North Springfield,Week1,Commonwealth,Week4,236.0 Commonwealth - 109.0 North Springfield
Oakton ,Week3,Arlington Forest,Week3,310.0 Oakton - 92.0 Arlington Forest
Newington Forest,Week4,Vienna Woods,Week3,364.0 Vienna Woods - 38.0 Newington Forest
Oakton ,Week4,Parklawn,Week1,336.0 Oakton - 57.0 Parklawn
Oakton ,Week5,Kent Gardens,Week1,284.0 Oakton - 118.0 Kent Gardens
Newington Forest,Week3,Vienna Woods,Week2,356.0 Vienna Woods - 46.0 Newington Forest
North Springfield,Week1,South Run,Week2,248.0 South Run - 96.0 North Springfield
North Springfield,Week2,Orange Hunt,Week3,298.0 Orange Hunt - 90.0 North Springfield
Oakton ,Week1,Brandywine,Week1,277.0 Oakton - 125.0 Brandywine
North Springfield,Week2,Commonwealth,Week2,265.0 Commonwealth - 121.0 North Springfield
North Springfield,Week4,Chesterbrook,Week3,382.0 Chesterbrook - 10.0 North Springfield
Oakton ,Week1,Brandywine,Week2,261.0 Oakton - 141.0 Brandywine
Oakton ,Week2,Kings Ridge ,Week4,327.0 Oakton - 75.0 Kings Ridge
North Springfield,Week2,Commonwealth,Week3,260.0 Commonwealth - 124.0 North Springfield
Newington Forest,Week4,Vienna Woods,Week1,349.0 Vienna Woods - 53.0 Newington Forest
Oakton ,Week3,Kings Ridge ,Week4,312.0 Oakton - 90.0 Kings Ridge
Oakton ,Week2,Parklawn,Week3,340.0 Oakton - 62.0 Parklawn
North Springfield,Week3,Old Keene Mill,Week4,248.0 Old Keene Mill - 145.0 North Springfield
North Springfield,Week3,South Run,Week1,262.0 South Run - 125.0 North Springfield
North Springfield,Week2,Chesterbrook,Week3,380.0 Chesterbrook - 8.0 North Springfield
Oakton ,Week1,Parliament,Week1,252.0 Oakton - 145.0 Parliament
North Springfield,Week3,Hollin Meadows,Week4,301.0 Hollin Meadows - 96.0 North Springfield
North Springfield,Week2,Somerset-Olde Creek,Week5,200.0 Somerset-Olde Creek - 182.0 North Springfield
North Springfield,Week3,Somerset-Olde Creek,Week5,194.0 Somerset-Olde Creek - 191.0 North Springfield
Oakton ,Week3,Arlington Forest,Week1,273.0 Oakton - 124.0 Arlington Forest
Oakton ,Week2,Parklawn,Week1,334.0 Oakton - 54.0 Parklawn
Oakton ,Week5,Kent Gardens,Week5,245.0 Oakton - 157.0 Kent Gardens
Oakton ,Week1,Brandywine,Week3,256.0 Oakton - 146.0 Brandywine
North Springfield,Week2,Chesterbrook,Week4,366.0 Chesterbrook - 22.0 North Springfield
Oakton ,Week3,Kings Ridge ,Week5,315.0 Oakton - 87.0 Kings Ridge
Oakton ,Week1,Pinecrest,Week1,218.0 Oakton - 184.0 Pinecrest
Newington Forest,Week3,Vienna Woods,Week3,368.0 Vienna Woods - 34.0 Newington Forest
North Springfield,Week4,Hollin Meadows,Week1,326.0 Hollin Meadows - 65.0 North Springfield
North Springfield,Week2,Orange Hunt,Week4,305.0 Orange Hunt - 83.0 North Springfield
North Springfield,Week3,Hollin Meadows,Week2,280.0 Hollin Meadows - 116.0 North Springfield
Oakton ,Week3,Parklawn,Week1,328.0 Oakton - 65.0 Parklawn
Newington Forest,Week5,Vienna Woods,Week4,317.0 Vienna Woods - 85.0 Newington Forest
North Springfield,Week5,Chesterbrook,Week2,350.0 Chesterbrook - 24.0 North Springfield
North Springfield,Week2,Chesterbrook,Week1,365.0 Chesterbrook - 23.0 North Springfield
Newington Forest,Week5,Vienna Woods,Week3,359.0 Vienna Woods - 43.0 Newington Forest
Oakton ,Week2,Arlington Forest,Week1,294.0 Oakton - 108.0 Arlington Forest
North Springfield,Week2,Old Keene Mill,Week5,280.0 Old Keene Mill - 107.0 North Springfield
North Springfield,Week3,Hollin Meadows,Week1,301.0 Hollin Meadows - 96.0 North Springfield
North Springfield,Week2,Old Keene Mill,Week4,262.0 Old Keene Mill - 125.0 North Springfield
Oakton ,Week4,Kings Ridge ,Week1,344.0 Oakton - 58.0 Kings Ridge
North Springfield,Week5,Somerset-Olde Creek,Week4,188.0 North Springfield - 184.0 Somerset-Olde Creek
Newington Forest,Week2,Vienna Woods,Week5,368.0 Vienna Woods - 33.0 Newington Forest
Oakton ,Week2,Kings Ridge ,Week1,346.0 Oakton - 56.0 Kings Ridge
North Springfield,Week4,Old Keene Mill,Week3,272.0 Old Keene Mill - 119.0 North Springfield
North Springfield,Week4,Hollin Meadows,Week3,323.0 Hollin Meadows - 68.0 North Springfield
Oakton ,Week5,Arlington Forest,Week3,317.5 Oakton - 84.5 Arlington Forest
North Springfield,Week3,Chesterbrook,Week2,380.0 Chesterbrook - 17.0 North Springfield
Newington Forest,Week1,Villa Aquatic,Week5,311.0 Villa Aquatic - 91.0 Newington Forest
North Springfield,Week4,Hollin Meadows,Week2,319.0 Hollin Meadows - 72.0 North Springfield
North Springfield,Week5,Somerset-Olde Creek,Week1,195.0 North Springfield - 165.0 Somerset-Olde Creek
North Springfield,Week3,Chesterbrook,Week1,368.5 Chesterbrook - 28.5 North Springfield
North Springfield,Week4,Chesterbrook,Week4,377.0 Chesterbrook - 15.0 North Springfield
North Springfield,Week3,Old Keene Mill,Week5,264.0 Old Keene Mill - 131.0 North Springfield
North Springfield,Week4,Old Keene Mill,Week5,284.0 Old Keene Mill - 106.0 North Springfield
North Springfield,Week5,Old Keene Mill,Week3,241.0 Old Keene Mill - 131.0 North Springfield
North Springfield,Week3,Somerset-Olde Creek,Week3,226.0 North Springfield - 158.0 Somerset-Olde Creek
Newington Forest,Week3,Vienna Woods,Week1,353.0 Vienna Woods - 49.0 Newington Forest
North Springfield,Week3,Somerset-Olde Creek,Week1,206.0 North Springfield - 177.0 Somerset-Olde Creek
Oakton ,Week1,Brandywine,Week4,265.0 Oakton - 137.0 Brandywine
Oakton ,Week3,Brandywine,Week3,250.0 Oakton - 142.0 Brandywine
Oakton ,Week2,Parliament,Week2,294.0 Oakton - 108.0 Parliament
Oakton ,Week2,Parliament,Week4,292.0 Oakton - 110.0 Parliament
Oakton ,Week5,Parklawn,Week5,325.0 Oakton - 77.0 Parklawn
Oakton ,Week5,Parliament,Week2,298.0 Oakton - 104.0 Parliament
Oakton ,Week5,Kent Gardens,Week4,293.0 Oakton - 109.0 Kent Gardens
North Springfield,Week4,Somerset-Olde Creek,Week1,196.0 Somerset-Olde Creek - 177.0 North Springfield
Oakton ,Week2,Kings Ridge ,Week3,321.0 Oakton - 81.0 Kings Ridge
North Springfield,Week3,Chesterbrook,Week3,387.0 Chesterbrook - 10.0 North Springfield
Oakton ,Week4,Kings Ridge ,Week3,324.0 Oakton - 78.0 Kings Ridge
Oakton ,Week1,Arlington Forest,Week3,291.0 Oakton - 111.0 Arlington Forest
North Springfield,Week2,Hollin Meadows,Week1,311.0 Hollin Meadows - 76.0 North Springfield
North Springfield,Week1,Hollin Meadows,Week2,299.0 Hollin Meadows - 52.0 North Springfield
Newington Forest,Week4,Vienna Woods,Week4,341.0 Vienna Woods - 61.0 Newington Forest
North Springfield,Week1,Hollin Meadows,Week4,302.0 Hollin Meadows - 49.0 North Springfield
Oakton ,Week2,Arlington Forest,Week4,276.5 Oakton - 125.5 Arlington Forest
North Springfield,Week2,Hollin Meadows,Week4,308.0 Hollin Meadows - 80.0 North Springfield
Oakton ,Week3,Kings Ridge ,Week2,329.0 Oakton - 73.0 Kings Ridge
Oakton ,Week1,Parliament,Week4,286.0 Oakton - 111.0 Parliament
North Springfield,Week4,Hollin Meadows,Week4,322.0 Hollin Meadows - 70.0 North Springfield
Oakton ,Week1,Arlington Forest,Week2,282.0 Oakton - 115.0 Arlington Forest
North Springfield,Week2,Somerset-Olde Creek,Week4,195.0 North Springfield - 191.0 Somerset-Olde Creek
Oakton ,Week4,Kent Gardens,Week5,245.0 Oakton - 157.0 Kent Gardens
Oakton ,Week1,Arlington Forest,Week4,258.0 Oakton - 144.0 Arlington Forest
North Springfield,Week3,Orange Hunt,Week1,277.0 Orange Hunt - 120.0 North Springfield
Oakton ,Week2,Kings Ridge ,Week2,333.5 Oakton - 68.5 Kings Ridge
North Springfield,Week3,Somerset-Olde Creek,Week4,204.0 North Springfield - 186.0 Somerset-Olde Creek
Oakton ,Week1,Kings Ridge ,Week4,325.0 Oakton - 77.0 Kings Ridge
North Springfield,Week5,Orange Hunt,Week5,282.0 Orange Hunt - 87.0 North Springfield
North Springfield,Week1,South Run,Week5,280.0 South Run - 71.0 North Springfield
Oakton ,Week5,Kent Gardens,Week3,292.0 Oakton - 110.0 Kent Gardens
North Springfield,Week1,Hollin Meadows,Week5,307.0 Hollin Meadows - 43.0 North Springfield
North Springfield,Week2,Overlee,Week4,380.0 Overlee - 8.0 North Springfield
Newington Forest,Week4,Vienna Woods,Week5,373.0 Vienna Woods - 29.0 Newington Forest
North Springfield,Week2,Hollin Meadows,Week2,300.0 Hollin Meadows - 83.0 North Springfield
North Springfield,Week3,Overlee,Week1,361.0 Overlee - 36.0 North Springfield
Oakton ,Week3,Arlington Forest,Week4,263.0 Oakton - 139.0 Arlington Forest
North Springfield,Week1,Commonwealth,Week1,220.0 Commonwealth - 119.0 North Springfield
North Springfield,Week1,Orange Hunt,Week2,295.5 Orange Hunt - 53.5 North Springfield
North Springfield,Week1,Commonwealth,Week3,248.0 Commonwealth - 96.0 North Springfield
Oakton ,Week5,Parliament,Week4,302.0 Oakton - 100.0 Parliament
Oakton ,Week4,Parliament,Week4,290.0 Oakton - 112.0 Parliament
Newington Forest,Week1,Villa Aquatic,Week3,310.0 Villa Aquatic - 91.0 Newington Forest
North Springfield,Week3,Chesterbrook,Week4,371.0 Chesterbrook - 26.0 North Springfield
North Springfield,Week1,South Run,Week4,250.0 South Run - 94.0 North Springfield
Newington Forest,Week5,Vienna Woods,Week5,357.0 Vienna Woods - 45.0 Newington Forest
Newington Forest,Week3,Vienna Woods,Week4,340.0 Vienna Woods - 62.0 Newington Forest
Newington Forest,Week5,Vienna Woods,Week2,335.0 Vienna Woods - 67.0 Newington Forest
North Springfield,Week5,Chesterbrook,Week4,347.0 Chesterbrook - 27.0 North Springfield
North Springfield,Week1,Commonwealth,Week5,266.0 Commonwealth - 84.0 North Springfield
Oakton ,Week3,Parliament,Week3,287.0 Oakton - 115.0 Parliament
Oakton ,Week3,Arlington Forest,Week5,243.0 Oakton - 159.0 Arlington Forest
Oakton ,Week3,Parliament,Week5,280.0 Oakton - 122.0 Parliament
Oakton ,Week4,Arlington Forest,Week1,286.0 Oakton - 116.0 Arlington Forest
Newington Forest,Week2,Villa Aquatic,Week3,308.0 Villa Aquatic - 93.0 Newington Forest
North Springfield,Week4,Overlee,Week2,367.0 Overlee - 25.0 North Springfield
North Springfield,Week2,South Run,Week2,251.0 South Run - 131.0 North Springfield
North Springfield,Week3,Orange Hunt,Week5,304.0 Orange Hunt - 90.0 North Springfield
Oakton ,Week4,Parliament,Week3,294.0 Oakton - 108.0 Parliament
Oakton ,Week1,Arlington Forest,Week5,253.0 Oakton - 144.0 Arlington Forest
North Springfield,Week2,Commonwealth,Week1,213.0 Commonwealth - 161.0 North Springfield
Oakton ,Week4,Arlington Forest,Week4,263.0 Oakton - 139.0 Arlington Forest
Newington Forest,Week5,Vienna Woods,Week1,340.0 Vienna Woods - 57.0 Newington Forest
North Springfield,Week4,Orange Hunt,Week5,308.0 Orange Hunt - 81.0 North Springfield
North Springfield,Week2,South Run,Week4,260.0 South Run - 123.0 North Springfield
North Springfield,Week5,Hollin Meadows,Week3,285.0 Hollin Meadows - 88.0 North Springfield
Oakton ,Week4,Parliament,Week5,284.5 Oakton - 117.5 Parliament
North Springfield,Week1,South Run,Week1,263.0 South Run - 77.0 North Springfield
North Springfield,Week3,Hollin Meadows,Week5,320.0 Hollin Meadows - 75.0 North Springfield
North Springfield,Week2,South Run,Week1,271.0 South Run - 108.0 North Springfield
North Springfield,Week1,Hollin Meadows,Week3,288.0 Hollin Meadows - 62.0 North Springfield
North Springfield,Week3,Chesterbrook,Week5,380.0 Chesterbrook - 17.0 North Springfield
Oakton ,Week3,Kings Ridge ,Week3,329.0 Oakton - 73.0 Kings Ridge
Oakton ,Week4,Arlington Forest,Week5,242.0 Oakton - 160.0 Arlington Forest
Newington Forest,Week2,Villa Aquatic,Week1,259.0 Villa Aquatic - 142.0 Newington Forest
Oakton ,Week1,Kings Ridge ,Week1,335.0 Oakton - 67.0 Kings Ridge
Newington Forest,Week1,Villa Aquatic,Week4,299.0 Villa Aquatic - 103.0 Newington Forest
Oakton ,Week2,Kings Ridge ,Week5,315.0 Oakton - 87.0 Kings Ridge
Oakton ,Week1,Parliament,Week3,292.0 Oakton - 110.0 Parliament
North Springfield,Week2,Chesterbrook,Week5,376.0 Chesterbrook - 12.0 North Springfield
Oakton ,Week4,Kent Gardens,Week3,294.0 Oakton - 108.0 Kent Gardens
Oakton ,Week5,Kings Ridge ,Week1,343.0 Oakton - 59.0 Kings Ridge
Oakton ,Week5,Arlington Forest,Week5,266.0 Oakton - 136.0 Arlington Forest
North Springfield,Week5,Hollin Meadows,Week4,287.5 Hollin Meadows - 86.5 North Springfield
North Springfield,Week4,Overlee,Week3,367.0 Overlee - 25.0 North Springfield
North Springfield,Week5,Chesterbrook,Week3,358.0 Chesterbrook - 16.0 North Springfield
Oakton ,Week2,Brandywine,Week1,291.0 Oakton - 111.0 Brandywine
Newington Forest,Week2,Villa Aquatic,Week4,293.0 Villa Aquatic - 109.0 Newington Forest
Oakton ,Week1,Parliament,Week2,278.0 Oakton - 119.0 Parliament
North Springfield,Week2,South Run,Week5,287.0 South Run - 101.0 North Springfield
Oakton ,Week3,Parliament,Week2,289.0 Oakton - 113.0 Parliament
Newington Forest,Week2,Villa Aquatic,Week5,300.0 Villa Aquatic - 102.0 Newington Forest
Oakton ,Week5,Arlington Forest,Week4,287.0 Oakton - 115.0 Arlington Forest
Oakton ,Week4,Kings Ridge ,Week2,331.0 Oakton - 71.0 Kings Ridge
North Springfield,Week4,Chesterbrook,Week2,375.0 Chesterbrook - 17.0 North Springfield
North Springfield,Week5,Hollin Meadows,Week5,294.5 Hollin Meadows - 79.5 North Springfield
Newington Forest,Week3,Villa Aquatic,Week2,263.0 Villa Aquatic - 139.0 Newington Forest
Oakton ,Week2,Brandywine,Week2,274.0 Oakton - 128.0 Brandywine
North Springfield,Week4,Chesterbrook,Week1,366.0 Chesterbrook - 26.0 North Springfield
North Springfield,Week5,Somerset-Olde Creek,Week5,185.0 North Springfield - 183.0 Somerset-Olde Creek
Newington Forest,Week3,Villa Aquatic,Week1,273.0 Villa Aquatic - 129.0 Newington Forest
North Springfield,Week1,Overlee,Week5,339.0 Overlee - 12.0 North Springfield
Oakton ,Week1,Lake Braddock,Week4,353.5 Oakton - 48.5 Lake Braddock
Oakton ,Week2,Parliament,Week5,291.0 Oakton - 111.0 Parliament
North Springfield,Week1,Holmes Run Acres,Week4,291.0 Holmes Run Acres - 60.0 North Springfield
Oakton ,Week5,Kings Ridge ,Week5,325.0 Oakton - 77.0 Kings Ridge
North Springfield,Week5,Orange Hunt,Week2,255.0 Orange Hunt - 117.0 North Springfield
North Springfield,Week4,Overlee,Week4,377.0 Overlee - 15.0 North Springfield
North Springfield,Week2,Somerset-Olde Creek,Week2,213.0 North Springfield - 169.0 Somerset-Olde Creek
North Springfield,Week1,Holmes Run Acres,Week2,289.0 Holmes Run Acres - 61.0 North Springfield
North Springfield,Week2,Chesterbrook,Week2,374.0 Chesterbrook - 14.0 North Springfield
North Springfield,Week4,Somerset-Olde Creek,Week2,193.0 Somerset-Olde Creek - 188.0 North Springfield
Oakton ,Week5,Brandywine,Week1,295.0 Oakton - 107.0 Brandywine
North Springfield,Week3,Orange Hunt,Week4,291.0 Orange Hunt - 105.0 North Springfield
North Springfield,Week2,Somerset-Olde Creek,Week3,216.0 North Springfield - 165.0 Somerset-Olde Creek
North Springfield,Week2,Holmes Run Acres,Week4,286.0 Holmes Run Acres - 101.0 North Springfield
Oakton ,Week2,Parliament,Week3,304.0 Oakton - 98.0 Parliament
North Springfield,Week5,Chesterbrook,Week5,349.0 Chesterbrook - 25.0 North Springfield
Oakton ,Week1,Lake Braddock,Week3,349.0 Oakton - 53.0 Lake Braddock
North Springfield,Week2,Holmes Run Acres,Week3,310.0 Holmes Run Acres - 77.0 North Springfield
North Springfield,Week4,Somerset-Olde Creek,Week4,217.0 Somerset-Olde Creek - 168.0 North Springfield
North Springfield,Week5,Commonwealth,Week4,218.0 Commonwealth - 153.0 North Springfield
Oakton ,Week3,Parliament,Week1,266.0 Oakton - 136.0 Parliament
Oakton ,Week2,Brandywine,Week4,278.0 Oakton - 124.0 Brandywine
North Springfield,Week5,Orange Hunt,Week1,251.0 Orange Hunt - 122.0 North Springfield
North Springfield,Week4,Chesterbrook,Week5,376.0 Chesterbrook - 16.0 North Springfield
Oakton ,Week2,Brandywine,Week5,268.0 Oakton - 134.0 Brandywine
Newington Forest,Week3,Villa Aquatic,Week5,301.0 Villa Aquatic - 101.0 Newington Forest
North Springfield,Week5,Somerset-Olde Creek,Week2,206.0 North Springfield - 158.0 Somerset-Olde Creek
North Springfield,Week5,Commonwealth,Week2,226.0 Commonwealth - 146.0 North Springfield
North Springfield,Week3,Orange Hunt,Week3,288.0 Orange Hunt - 109.0 North Springfield
North Springfield,Week3,Holmes Run Acres,Week1,268.0 Holmes Run Acres - 123.0 North Springfield
North Springfield,Week4,Somerset-Olde Creek,Week3,196.0 North Springfield - 180.0 Somerset-Olde Creek
North Springfield,Week3,Holmes Run Acres,Week2,266.0 Holmes Run Acres - 127.0 North Springfield
Oakton ,Week3,Brandywine,Week4,255.0 Oakton - 147.0 Brandywine
Oakton ,Week1,Parliament,Week5,281.0 Oakton - 116.0 Parliament
Oakton ,Week4,Brandywine,Week5,264.5 Oakton - 137.5 Brandywine
Newington Forest,Week3,Villa Aquatic,Week4,289.0 Villa Aquatic - 113.0 Newington Forest
Newington Forest,Week4,Villa Aquatic,Week2,251.0 Villa Aquatic - 151.0 Newington Forest
North Springfield,Week4,Orange Hunt,Week1,292.0 Orange Hunt - 100.0 North Springfield
Oakton ,Week4,Parliament,Week1,262.0 Oakton - 140.0 Parliament
Oakton ,Week2,Lake Braddock,Week5,352.0 Oakton - 50.0 Lake Braddock
Oakton ,Week2,Lake Braddock,Week3,355.0 Oakton - 47.0 Lake Braddock
North Springfield,Week4,Orange Hunt,Week4,297.0 Orange Hunt - 94.0 North Springfield
Oakton ,Week1,Lake Braddock,Week2,337.0 Oakton - 65.0 Lake Braddock
North Springfield,Week2,Holmes Run Acres,Week5,309.0 Holmes Run Acres - 74.0 North Springfield
Newington Forest,Week4,Villa Aquatic,Week1,243.0 Villa Aquatic - 159.0 Newington Forest
Oakton ,Week5,Fox Hunt,Week1,295.0 Oakton - 102.0 Fox Hunt
North Springfield,Week3,Somerset-Olde Creek,Week2,220.0 North Springfield - 164.0 Somerset-Olde Creek
North Springfield,Week4,Commonwealth,Week5,269.0 Commonwealth - 123.0 North Springfield
Oakton ,Week4,Fox Mill Estates,Week3,293.5 Oakton - 108.5 Fox Mill Estates
Oakton ,Week5,Parklawn,Week4,322.0 Oakton - 79.0 Parklawn
Oakton ,Week5,Parklawn,Week2,328.0 Oakton - 74.0 Parklawn
Oakton ,Week4,Brandywine,Week1,287.0 Oakton - 115.0 Brandywine
North Springfield,Week4,Holmes Run Acres,Week1,275.0 Holmes Run Acres - 108.0 North Springfield
North Springfield,Week3,Hunt Valley,Week2,325.0 Hunt Valley - 72.0 North Springfield
Oakton ,Week3,Lake Braddock,Week3,349.0 Oakton - 53.0 Lake Braddock
Oakton ,Week5,Fox Hunt,Week2,300.5 Oakton - 96.5 Fox Hunt
Newington Forest,Week4,Villa Aquatic,Week5,287.0 Villa Aquatic - 115.0 Newington Forest
North Springfield,Week1,South Run,Week3,270.0 South Run - 80.0 North Springfield
North Springfield,Week1,Cottontail,Week2,277.0 Cottontail - 74.0 North Springfield
Newington Forest,Week4,Villa Aquatic,Week3,290.0 Villa Aquatic - 112.0 Newington Forest
Oakton ,Week1,Lake Braddock,Week1,358.0 Oakton - 44.0 Lake Braddock
Oakton ,Week5,Parliament,Week1,280.0 Oakton - 122.0 Parliament
North Springfield,Week3,Cottontail,Week3,274.0 Cottontail - 122.0 North Springfield
Newington Forest,Week4,Villa Aquatic,Week4,272.0 Villa Aquatic - 130.0 Newington Forest
Oakton ,Week4,Fox Mill Estates,Week2,294.0 Oakton - 108.0 Fox Mill Estates
North Springfield,Week5,Somerset-Olde Creek,Week3,214.0 North Springfield - 150.0 Somerset-Olde Creek
Oakton ,Week4,Parliament,Week2,297.0 Oakton - 105.0 Parliament
Oakton ,Week3,Parliament,Week4,284.0 Oakton - 118.0 Parliament
Oakton ,Week3,Lake Braddock,Week1,362.0 Oakton - 35.0 Lake Braddock
North Springfield,Week3,Cottontail,Week5,279.0 Cottontail - 118.0 North Springfield
North Springfield,Week5,Orange Hunt,Week4,275.0 Orange Hunt - 99.0 North Springfield
North Springfield,Week1,Overlee,Week3,335.0 Overlee - 16.0 North Springfield
Oakton ,Week3,Fox Mill Estates,Week2,293.0 Oakton - 109.0 Fox Mill Estates
North Springfield,Week5,Orange Hunt,Week3,263.0 Orange Hunt - 110.0 North Springfield
Oakton ,Week1,Fox Mill Estates,Week3,272.0 Oakton - 130.0 Fox Mill Estates
Oakton ,Week4,Brandywine,Week4,261.0 Oakton - 141.0 Brandywine
North Springfield,Week5,Holmes Run Acres,Week5,291.0 Holmes Run Acres - 83.0 North Springfield
North Springfield,Week2,South Run,Week3,276.0 South Run - 111.0 North Springfield
Oakton ,Week1,Bren Mar-Edsall Park,Week4,383.0 Oakton - 14.0 Bren Mar-Edsall Park
North Springfield,Week4,South Run,Week1,281.0 South Run - 101.0 North Springfield
North Springfield,Week4,Commonwealth,Week1,220.5 Commonwealth - 162.5 North Springfield
Oakton ,Week3,Brandywine,Week1,269.0 Oakton - 133.0 Brandywine
North Springfield,Week3,Springboard,Week3,241.0 Springboard - 153.0 North Springfield
Oakton ,Week1,Lake Braddock,Week5,344.0 Oakton - 58.0 Lake Braddock
Oakton ,Week5,Fox Mill Estates,Week4,294.0 Oakton - 108.0 Fox Mill Estates
Newington Forest,Week5,Villa Aquatic,Week1,243.0 Villa Aquatic - 159.0 Newington Forest
Oakton ,Week2,Lake Braddock,Week1,369.0 Oakton - 33.0 Lake Braddock
Oakton ,Week5,Parliament,Week5,285.0 Oakton - 117.0 Parliament
Oakton ,Week5,Parliament,Week3,305.0 Oakton - 97.0 Parliament
North Springfield,Week3,Holmes Run Acres,Week4,283.0 Holmes Run Acres - 110.0 North Springfield
Newington Forest,Week5,Villa Aquatic,Week3,281.0 Villa Aquatic - 121.0 Newington Forest
Oakton ,Week3,Lake Braddock,Week2,340.0 Oakton - 62.0 Lake Braddock
Newington Forest,Week5,Villa Aquatic,Week2,240.0 Villa Aquatic - 162.0 Newington Forest
North Springfield,Week4,Orange Hunt,Week3,293.0 Orange Hunt - 99.0 North Springfield
North Springfield,Week2,Cottontail,Week3,278.0 Cottontail - 110.0 North Springfield
Oakton ,Week3,Brandywine,Week2,259.0 Oakton - 143.0 Brandywine
North Springfield,Week2,Cottontail,Week1,272.0 Cottontail - 116.0 North Springfield
Oakton ,Week1,Pinecrest,Week3,215.0 Pinecrest - 187.0 Oakton
Oakton ,Week1,Fox Mill Estates,Week1,300.0 Oakton - 102.0 Fox Mill Estates
North Springfield,Week1,Overlee,Week4,339.0 Overlee - 12.0 North Springfield
Newington Forest,Week5,Villa Aquatic,Week4,265.0 Villa Aquatic - 137.0 Newington Forest
Oakton ,Week2,Brandywine,Week3,265.0 Oakton - 137.0 Brandywine
Oakton ,Week3,Lake Braddock,Week4,360.0 Oakton - 42.0 Lake Braddock
North Springfield,Week3,Springboard,Week5,246.0 Springboard - 149.0 North Springfield
North Springfield,Week2,Overlee,Week1,360.0 Overlee - 28.0 North Springfield
Oakton ,Week1,Pinecrest,Week2,203.0 Pinecrest - 199.0 Oakton
Oakton ,Week4,Fox Mill Estates,Week1,314.0 Oakton - 88.0 Fox Mill Estates
North Springfield,Week2,Hunt Valley,Week2,331.5 Hunt Valley - 56.5 North Springfield
North Springfield,Week3,Holmes Run Acres,Week5,307.0 Holmes Run Acres - 88.0 North Springfield
North Springfield,Week3,Commonwealth,Week4,229.0 Commonwealth - 159.0 North Springfield
Newington Forest,Week5,Villa Aquatic,Week5,279.0 Villa Aquatic - 123.0 Newington Forest
North Springfield,Week1,Hunt Valley,Week1,315.0 Hunt Valley - 36.0 North Springfield
Oakton ,Week2,Pinecrest,Week4,215.0 Oakton - 187.0 Pinecrest
Oakton ,Week1,Pinecrest,Week4,211.0 Pinecrest - 191.0 Oakton
North Springfield,Week4,Commonwealth,Week4,260.0 Commonwealth - 128.0 North Springfield
Oakton ,Week5,Kings Ridge ,Week4,333.0 Oakton - 69.0 Kings Ridge
North Springfield,Week3,Cottontail,Week2,266.0 Cottontail - 131.0 North Springfield
North Springfield,Week1,Cottontail,Week3,280.0 Cottontail - 70.0 North Springfield
North Springfield,Week2,Cottontail,Week4,281.0 Cottontail - 107.0 North Springfield
Oakton ,Week4,Lake Braddock,Week1,366.0 Oakton - 36.0 Lake Braddock
Oakton ,Week5,Fox Mill Estates,Week5,302.0 Oakton - 100.0 Fox Mill Estates
Newington Forest,Week1,Village West,Week1,229.0 Village West - 168.0 Newington Forest
Oakton ,Week5,Brandywine,Week4,270.0 Oakton - 132.0 Brandywine
Oakton ,Week4,Lake Braddock,Week5,354.0 Oakton - 48.0 Lake Braddock
North Springfield,Week1,Springboard,Week3,256.0 Springboard - 93.0 North Springfield
Newington Forest,Week1,Village West,Week2,238.0 Village West - 160.0 Newington Forest
Oakton ,Week1,Fox Mill Woods,Week5,211.0 Oakton - 191.0 Fox Mill Woods
North Springfield,Week5,Holmes Run Acres,Week3,280.0 Holmes Run Acres - 94.0 North Springfield
North Springfield,Week2,Overlee,Week3,357.0 Overlee - 31.0 North Springfield
North Springfield,Week4,South Run,Week2,268.0 South Run - 117.0 North Springfield
Oakton ,Week1,Pinecrest,Week5,201.5 Pinecrest - 200.5 Oakton
North Springfield,Week2,Overlee,Week2,368.0 Overlee - 20.0 North Springfield
Oakton ,Week4,Brandywine,Week2,265.0 Oakton - 137.0 Brandywine
North Springfield,Week1,Hunt Valley,Week5,324.0 Hunt Valley - 27.0 North Springfield
Oakton ,Week2,Fox Mill Estates,Week4,287.0 Oakton - 115.0 Fox Mill Estates
Oakton ,Week5,Brandywine,Week3,256.0 Oakton - 146.0 Brandywine
Oakton ,Week4,Lake Braddock,Week3,354.0 Oakton - 48.0 Lake Braddock
Oakton ,Week5,Brandywine,Week5,262.0 Oakton - 140.0 Brandywine
North Springfield,Week4,South Run,Week4,254.0 South Run - 125.0 North Springfield
North Springfield,Week5,South Run,Week2,233.0 South Run - 135.0 North Springfield
North Springfield,Week4,Orange Hunt,Week2,288.0 Orange Hunt - 104.0 North Springfield
Oakton ,Week2,Pinecrest,Week3,202.0 Pinecrest - 200.0 Oakton
Oakton ,Week4,Lake Braddock,Week4,365.0 Oakton - 37.0 Lake Braddock
Oakton ,Week5,Fox Hunt,Week4,283.0 Oakton - 119.0 Fox Hunt
North Springfield,Week5,Holmes Run Acres,Week2,256.0 Holmes Run Acres - 116.0 North Springfield
Oakton ,Week2,Fox Mill Woods,Week2,250.0 Oakton - 152.0 Fox Mill Woods
North Springfield,Week1,Overlee,Week2,334.0 Overlee - 17.0 North Springfield
North Springfield,Week1,Overlee,Week1,329.0 Overlee - 22.0 North Springfield
Oakton ,Week3,Brandywine,Week5,240.0 Oakton - 162.0 Brandywine
North Springfield,Week3,South Run,Week2,245.0 South Run - 143.0 North Springfield
North Springfield,Week4,Holmes Run Acres,Week2,281.0 Holmes Run Acres - 107.0 North Springfield
North Springfield,Week1,Springboard,Week2,218.0 Springboard - 128.0 North Springfield
North Springfield,Week3,Hunt Valley,Week3,337.0 Hunt Valley - 60.0 North Springfield
Oakton ,Week4,Brandywine,Week3,263.0 Oakton - 139.0 Brandywine
Oakton ,Week5,Fox Hunt,Week3,281.0 Oakton - 121.0 Fox Hunt
Oakton ,Week2,Pinecrest,Week5,222.5 Oakton - 179.5 Pinecrest
Oakton ,Week5,Fox Hunt,Week5,273.0 Oakton - 129.0 Fox Hunt
North Springfield,Week3,South Run,Week3,267.0 South Run - 129.0 North Springfield
Oakton ,Week1,Bren Mar-Edsall Park,Week1,380.0 Oakton - 22.0 Bren Mar-Edsall Park
Oakton ,Week1,Bren Mar-Edsall Park,Week2,381.0 Oakton - 16.0 Bren Mar-Edsall Park
Oakton ,Week5,Pinecrest,Week5,210.0 Oakton - 192.0 Pinecrest
North Springfield,Week5,Commonwealth,Week5,231.0 Commonwealth - 143.0 North Springfield
North Springfield,Week2,Overlee,Week5,374.0 Overlee - 14.0 North Springfield
Oakton ,Week5,Kings Ridge ,Week3,323.0 Oakton - 78.0 Kings Ridge
North Springfield,Week3,Overlee,Week2,366.0 Overlee - 31.0 North Springfield
Oakton ,Week2,Lake Braddock,Week4,362.0 Oakton - 40.0 Lake Braddock
North Springfield,Week3,Hunt Valley,Week5,342.0 Hunt Valley - 55.0 North Springfield
Oakton ,Week3,Lake Braddock,Week5,347.0 Oakton - 55.0 Lake Braddock
North Springfield,Week1,Springboard,Week1,254.0 Springboard - 94.0 North Springfield
Oakton ,Week2,Fox Mill Estates,Week2,292.0 Oakton - 110.0 Fox Mill Estates
North Springfield,Week3,Commonwealth,Week1,220.0 Commonwealth - 167.0 North Springfield
North Springfield,Week2,Commonwealth,Week4,241.0 Commonwealth - 142.0 North Springfield
North Springfield,Week3,Overlee,Week4,384.0 Overlee - 13.0 North Springfield
Oakton ,Week2,Pinecrest,Week2,217.0 Oakton - 185.0 Pinecrest
North Springfield,Week3,Overlee,Week3,370.0 Overlee - 27.0 North Springfield
Oakton ,Week2,Pinecrest,Week1,231.0 Oakton - 171.0 Pinecrest
North Springfield,Week2,Commonwealth,Week5,257.0 Commonwealth - 131.0 North Springfield
North Springfield,Week1,Hunt Valley,Week3,322.0 Hunt Valley - 28.0 North Springfield
North Springfield,Week3,Hunt Valley,Week4,338.0 Hunt Valley - 59.0 North Springfield
Oakton ,Week4,Pinecrest,Week4,208.0 Oakton - 194.0 Pinecrest
North Springfield,Week4,Holmes Run Acres,Week3,311.0 Holmes Run Acres - 76.0 North Springfield
North Springfield,Week4,South Run,Week5,286.0 South Run - 105.0 North Springfield
Oakton ,Week2,Lake Braddock,Week2,346.0 Oakton - 56.0 Lake Braddock
Oakton ,Week5,Brandywine,Week2,268.0 Oakton - 134.0 Brandywine
Oakton ,Week2,Fox Mill Estates,Week1,312.0 Oakton - 90.0 Fox Mill Estates
North Springfield,Week5,South Run,Week1,249.0 South Run - 115.0 North Springfield
North Springfield,Week2,Cottontail,Week2,265.0 Cottontail - 123.0 North Springfield
Oakton ,Week4,Fox Hunt,Week5,264.0 Oakton - 138.0 Fox Hunt
Oakton ,Week5,Pinecrest,Week1,228.0 Oakton - 174.0 Pinecrest
Oakton ,Week1,Fox Mill Estates,Week5,280.0 Oakton - 122.0 Fox Mill Estates
North Springfield,Week1,Springboard,Week5,246.0 Springboard - 103.0 North Springfield
Oakton ,Week4,Lake Braddock,Week2,344.0 Oakton - 58.0 Lake Braddock
North Springfield,Week4,Overlee,Week1,360.0 Overlee - 32.0 North Springfield
North Springfield,Week4,Holmes Run Acres,Week4,285.0 Holmes Run Acres - 99.0 North Springfield
Oakton ,Week4,Pinecrest,Week1,227.0 Oakton - 175.0 Pinecrest
North Springfield,Week3,Overlee,Week5,381.0 Overlee - 16.0 North Springfield
Oakton ,Week1,Fox Mill Estates,Week4,269.0 Oakton - 133.0 Fox Mill Estates
Oakton ,Week1,Bren Mar-Edsall Park,Week3,382.0 Oakton - 20.0 Bren Mar-Edsall Park
North Springfield,Week2,Parklawn,Week5,245.0 Parklawn - 142.0 North Springfield
North Springfield,Week1,Cottontail,Week5,292.0 Cottontail - 59.0 North Springfield
North Springfield,Week1,Hunt Valley,Week4,321.0 Hunt Valley - 29.0 North Springfield
Oakton ,Week3,Fox Mill Estates,Week4,286.0 Oakton - 116.0 Fox Mill Estates
North Springfield,Week2,Parklawn,Week1,195.0 Parklawn - 176.0 North Springfield
Oakton ,Week2,Pinewood Lake,Week2,386.0 Oakton - 16.0 Pinewood Lake
North Springfield,Week4,South Run,Week3,284.0 South Run - 107.0 North Springfield
Oakton ,Week4,Pinewood Lake,Week1,380.0 Oakton - 21.0 Pinewood Lake
North Springfield,Week2,Cottontail,Week5,281.0 Cottontail - 107.0 North Springfield
North Springfield,Week3,Commonwealth,Week5,247.0 Commonwealth - 148.0 North Springfield
North Springfield,Week1,Hunt Valley,Week2,316.0 Hunt Valley - 34.0 North Springfield
North Springfield,Week1,Springboard,Week4,237.0 Springboard - 109.0 North Springfield
North Springfield,Week4,Commonwealth,Week3,267.0 Commonwealth - 120.0 North Springfield
North Springfield,Week5,Holmes Run Acres,Week1,257.0 Holmes Run Acres - 114.0 North Springfield
North Springfield,Week3,Commonwealth,Week3,249.0 Commonwealth - 140.0 North Springfield
North Springfield,Week2,Springboard,Week1,239.0 Springboard - 147.0 North Springfield
Oakton ,Week3,Pinewood Lake,Week1,375.0 Oakton - 17.0 Pinewood Lake
North Springfield,Week3,Cottontail,Week1,280.0 Cottontail - 117.0 North Springfield
North Springfield,Week3,Parklawn,Week3,227.0 Parklawn - 168.0 North Springfield
North Springfield,Week4,Overlee,Week5,375.0 Overlee - 17.0 North Springfield
Oakton ,Week5,Pinecrest,Week3,213.0 Oakton - 189.0 Pinecrest
Oakton ,Week1,Fox Mill Estates,Week2,283.0 Oakton - 119.0 Fox Mill Estates
Oakton ,Week2,Fox Mill Estates,Week5,297.0 Oakton - 105.0 Fox Mill Estates
North Springfield,Week3,Commonwealth,Week2,253.0 Commonwealth - 142.0 North Springfield
North Springfield,Week5,Commonwealth,Week3,237.0 Commonwealth - 134.0 North Springfield
North Springfield,Week4,Holmes Run Acres,Week5,310.0 Holmes Run Acres - 80.0 North Springfield
Oakton ,Week3,Fox Mill Estates,Week1,303.0 Oakton - 99.0 Fox Mill Estates
North Springfield,Week4,Commonwealth,Week2,271.0 Commonwealth - 118.0 North Springfield
North Springfield,Week2,Springboard,Week3,241.0 Springboard - 141.0 North Springfield
North Springfield,Week2,Springboard,Week4,239.0 Springboard - 148.0 North Springfield
Oakton ,Week4,Pinecrest,Week5,202.0 Pinecrest - 200.0 Oakton
North Springfield,Week5,Parklawn,Week3,219.0 Parklawn - 153.0 North Springfield
North Springfield,Week2,Springboard,Week2,219.0 Springboard - 167.0 North Springfield
Oakton ,Week5,Pinecrest,Week4,207.0 Oakton - 195.0 Pinecrest
North Springfield,Week5,Holmes Run Acres,Week4,269.0 Holmes Run Acres - 104.0 North Springfield
Oakton ,Week2,Fox Mill Estates,Week3,304.0 Oakton - 98.0 Fox Mill Estates
North Springfield,Week2,Hunt Valley,Week3,340.0 Hunt Valley - 48.0 North Springfield
Oakton ,Week3,Fox Mill Estates,Week5,290.0 Oakton - 112.0 Fox Mill Estates
North Springfield,Week5,South Run,Week5,258.0 South Run - 116.0 North Springfield
North Springfield,Week4,Parklawn,Week4,258.0 Parklawn - 130.0 North Springfield
Oakton ,Week1,Pinewood Lake,Week2,388.0 Oakton - 9.0 Pinewood Lake
North Springfield,Week1,Parliament,Week2,257.0 Parliament - 89.0 North Springfield
North Springfield,Week5,Parklawn,Week5,226.0 Parklawn - 148.0 North Springfield
Oakton ,Week4,Fox Mill Estates,Week4,286.0 Oakton - 116.0 Fox Mill Estates
North Springfield,Week3,Springboard,Week1,242.0 Springboard - 149.0 North Springfield
North Springfield,Week2,Hunt Valley,Week5,353.0 Hunt Valley - 35.0 North Springfield
North Springfield,Week5,Commonwealth,Week1,203.0 Commonwealth - 162.0 North Springfield
North Springfield,Week2,Hunt Valley,Week4,335.0 Hunt Valley - 53.0 North Springfield
North Springfield,Week5,Parklawn,Week2,218.0 Parklawn - 154.0 North Springfield
Oakton ,Week3,Fox Mill Estates,Week3,295.0 Oakton - 107.0 Fox Mill Estates
North Springfield,Week5,South Run,Week4,229.0 South Run - 139.0 North Springfield
Oakton ,Week1,Pinewood Lake,Week1,378.0 Oakton - 19.0 Pinewood Lake
North Springfield,Week2,Hunt Valley,Week1,331.0 Hunt Valley - 57.0 North Springfield
North Springfield,Week1,Cottontail,Week1,276.0 Cottontail - 75.0 North Springfield
Oakton ,Week4,Fox Mill Estates,Week5,288.0 Oakton - 114.0 Fox Mill Estates
North Springfield,Week2,Parliament,Week1,272.0 Parliament - 114.0 North Springfield
North Springfield,Week1,Cottontail,Week4,283.0 Cottontail - 68.0 North Springfield
Oakton ,Week4,Pinecrest,Week3,206.0 Pinecrest - 196.0 Oakton
Oakton ,Week3,Pinecrest,Week3,203.0 Oakton - 199.0 Pinecrest
North Springfield,Week5,Overlee,Week1,337.0 Overlee - 37.0 North Springfield
North Springfield,Week5,South Run,Week3,248.0 South Run - 125.0 North Springfield
Oakton ,Week5,Fox Mill Estates,Week2,302.0 Oakton - 100.0 Fox Mill Estates
North Springfield,Week3,South Run,Week5,283.0 South Run - 112.0 North Springfield
North Springfield,Week1,Parklawn,Week3,239.0 Parklawn - 108.0 North Springfield
North Springfield,Week5,Hunt Valley,Week3,311.0 Hunt Valley - 63.0 North Springfield
North Springfield,Week3,Hunt Valley,Week1,335.0 Hunt Valley - 62.0 North Springfield
North Springfield,Week4,Parklawn,Week1,220.0 Parklawn - 156.0 North Springfield
North Springfield,Week3,Cottontail,Week4,269.0 Cottontail - 128.0 North Springfield
North Springfield,Week3,Hunter Mill,Week2,319.0 Hunter Mill - 76.0 North Springfield
North Springfield,Week2,Springboard,Week5,246.0 Springboard - 141.0 North Springfield
North Springfield,Week3,South Run,Week4,252.0 South Run - 138.0 North Springfield
Oakton ,Week2,Pinewood Lake,Week1,383.0 Oakton - 19.0 Pinewood Lake
North Springfield,Week4,Hunt Valley,Week1,337.0 Hunt Valley - 50.0 North Springfield
North Springfield,Week2,Hunter Mill,Week4,334.0 Hunter Mill - 53.0 North Springfield
Oakton ,Week2,Pinewood Lake,Week4,382.0 Oakton - 20.0 Pinewood Lake
Oakton ,Week1,Pinewood Lake,Week3,386.0 Oakton - 16.0 Pinewood Lake
Oakton ,Week5,Fox Mill Estates,Week3,302.0 Oakton - 100.0 Fox Mill Estates
North Springfield,Week3,Country Club Hills,Week4,276.0 Country Club Hills - 121.0 North Springfield
Oakton ,Week5,Fox Mill Estates,Week1,322.0 Oakton - 80.0 Fox Mill Estates
North Springfield,Week1,Country Club Hills,Week2,288.0 Country Club Hills - 62.0 North Springfield
North Springfield,Week1,Parklawn,Week1,212.0 Parklawn - 123.0 North Springfield
Oakton ,Week2,Fox Mill Woods,Week1,219.0 Oakton - 183.0 Fox Mill Woods
North Springfield,Week2,Parklawn,Week3,233.0 Parklawn - 154.0 North Springfield
North Springfield,Week4,Springboard,Week4,242.0 Springboard - 148.0 North Springfield
North Springfield,Week3,Springboard,Week4,243.0 Springboard - 154.0 North Springfield
North Springfield,Week4,Springboard,Week1,236.0 Springboard - 151.0 North Springfield
Oakton ,Week2,Pinewood Lake,Week5,380.0 Oakton - 22.0 Pinewood Lake
North Springfield,Week4,Springboard,Week3,245.0 Springboard - 146.0 North Springfield
Oakton ,Week2,Pinewood Lake,Week3,387.0 Oakton - 15.0 Pinewood Lake
North Springfield,Week3,Hunter Mill,Week3,335.5 Hunter Mill - 60.5 North Springfield
North Springfield,Week5,Country Club Hills,Week1,243.0 Country Club Hills - 131.0 North Springfield
Oakton ,Week1,Fox Mill Woods,Week2,221.0 Oakton - 181.0 Fox Mill Woods
North Springfield,Week3,Parklawn,Week1,198.0 Parklawn - 187.0 North Springfield
North Springfield,Week4,Country Club Hills,Week5,311.0 Country Club Hills - 80.0 North Springfield
Oakton ,Week1,Fox Mill Woods,Week4,216.0 Oakton - 186.0 Fox Mill Woods
Oakton ,Week1,Fox Mill Woods,Week1,202.0 Fox Mill Woods - 200.0 Oakton
Oakton ,Week1,Pinewood Lake,Week4,383.0 Oakton - 19.0 Pinewood Lake
North Springfield,Week3,Parklawn,Week5,236.0 Parklawn - 160.0 North Springfield
North Springfield,Week1,Parklawn,Week5,247.0 Parklawn - 101.0 North Springfield
North Springfield,Week3,Country Club Hills,Week1,273.0 Country Club Hills - 123.0 North Springfield
North Springfield,Week5,Cottontail,Week2,248.0 Cottontail - 126.0 North Springfield
Oakton ,Week1,Fox Mill Woods,Week3,230.0 Oakton - 172.0 Fox Mill Woods
North Springfield,Week4,Springboard,Week2,218.0 Springboard - 164.0 North Springfield
North Springfield,Week4,Hunter Mill,Week3,335.0 Hunter Mill - 54.0 North Springfield
North Springfield,Week1,Hunter Mill,Week2,295.5 Hunter Mill - 50.5 North Springfield
Oakton ,Week3,Pinecrest,Week1,223.0 Oakton - 179.0 Pinecrest
North Springfield,Week5,Parklawn,Week1,191.0 Parklawn - 170.0 North Springfield
North Springfield,Week3,Springboard,Week2,211.0 Springboard - 184.0 North Springfield
North Springfield,Week3,Hunter Mill,Week5,341.0 Hunter Mill - 56.0 North Springfield
Oakton ,Week1,Pinewood Lake,Week5,380.0 Oakton - 22.0 Pinewood Lake
North Springfield,Week4,Hunter Mill,Week1,333.0 Hunter Mill - 59.0 North Springfield
North Springfield,Week4,Cottontail,Week2,291.0 Cottontail - 101.0 North Springfield
Oakton ,Week1,Great Falls,Week3,246.0 Oakton - 151.0 Great Falls
North Springfield,Week5,Hunter Mill,Week5,315.0 Hunter Mill - 59.0 North Springfield
North Springfield,Week4,Springboard,Week5,264.0 Springboard - 127.0 North Springfield
North Springfield,Week5,Cottontail,Week4,252.0 Cottontail - 122.0 North Springfield
North Springfield,Week5,Hunter Mill,Week3,310.0 Hunter Mill - 63.0 North Springfield
Oakton ,Week5,Pinecrest,Week2,206.0 Oakton - 196.0 Pinecrest
Oakton ,Week2,Fox Mill Woods,Week3,246.0 Oakton - 156.0 Fox Mill Woods
Oakton ,Week3,Pinecrest,Week5,200.0 Oakton - 197.0 Pinecrest
North Springfield,Week5,Overlee,Week5,345.0 Overlee - 29.0 North Springfield
North Springfield,Week5,Country Club Hills,Week2,253.0 Country Club Hills - 120.0 North Springfield
Oakton ,Week3,Sideburn Run,Week2,266.5 Oakton - 135.5 Sideburn Run
Old Keene Mill,Week4,Dunn Loring,Week1,284.0 Dunn Loring - 118.0 Old Keene Mill
Orange Hunt,Week5,Fox Mill Estates,Week1,271.0 Orange Hunt - 131.0 Fox Mill Estates
Orange Hunt,Week4,Fox Mill Estates,Week4,236.0 Orange Hunt - 166.0 Fox Mill Estates
Old Keene Mill,Week5,Dunn Loring,Week1,255.0 Dunn Loring - 142.0 Old Keene Mill
Orange Hunt,Week2,Commonwealth,Week5,260.0 Orange Hunt - 142.0 Commonwealth
Old Keene Mill,Week5,Poplar Tree,Week4,237.0 Poplar Tree - 165.0 Old Keene Mill
Orange Hunt,Week2,Laurel Hill,Week3,264.0 Orange Hunt - 137.0 Laurel Hill
Oakton ,Week3,Sideburn Run,Week5,238.0 Oakton - 164.0 Sideburn Run
Old Keene Mill,Week3,Ravensworth Farm,Week4,270.0 Ravensworth Farm - 132.0 Old Keene Mill
Orange Hunt,Week3,Laurel Hill,Week1,282.0 Orange Hunt - 120.0 Laurel Hill
Orange Hunt,Week2,Laurel Hill,Week2,298.0 Orange Hunt - 104.0 Laurel Hill
Old Keene Mill,Week3,Dunn Loring,Week3,317.0 Dunn Loring - 85.0 Old Keene Mill
Orange Hunt,Week2,Lee Graham,Week3,249.0 Lee Graham - 153.0 Orange Hunt
Orange Hunt,Week2,Laurel Hill,Week1,274.0 Orange Hunt - 128.0 Laurel Hill
Orange Hunt,Week2,Fox Mill Woods,Week5,228.0 Fox Mill Woods - 174.0 Orange Hunt
Orange Hunt,Week1,Lincolnia Park,Week1,312.0 Orange Hunt - 89.0 Lincolnia Park
Old Keene Mill,Week5,Dunn Loring,Week2,294.0 Dunn Loring - 108.0 Old Keene Mill
Orange Hunt,Week4,Chesterbrook,Week5,329.0 Chesterbrook - 73.0 Orange Hunt
Orange Hunt,Week4,Chesterbrook,Week3,338.0 Chesterbrook - 64.0 Orange Hunt
Oakton ,Week3,Sideburn Run,Week3,253.0 Oakton - 149.0 Sideburn Run
Old Keene Mill,Week5,Dunn Loring,Week5,300.5 Dunn Loring - 101.5 Old Keene Mill
Old Keene Mill,Week3,Fair Oaks ,Week4,271.0 Fair Oaks - 131.0 Old Keene Mill
Orange Hunt,Week3,Fox Mill Woods,Week3,219.5 Fox Mill Woods - 182.5 Orange Hunt
Orange Hunt,Week4,Lee Graham,Week5,265.0 Lee Graham - 137.0 Orange Hunt
Orange Hunt,Week3,Laurel Hill,Week2,305.0 Orange Hunt - 97.0 Laurel Hill
Old Keene Mill,Week3,Dunn Loring,Week1,284.0 Dunn Loring - 118.0 Old Keene Mill
Old Keene Mill,Week1,Fair Oaks ,Week1,273.0 Fair Oaks - 129.0 Old Keene Mill
Orange Hunt,Week5,Fox Mill Woods,Week1,213.0 Fox Mill Woods - 189.0 Orange Hunt
Old Keene Mill,Week1,Ravensworth Farm,Week3,286.0 Ravensworth Farm - 116.0 Old Keene Mill
Old Keene Mill,Week4,Ravensworth Farm,Week4,288.0 Ravensworth Farm - 114.0 Old Keene Mill
Old Keene Mill,Week4,Ravensworth Farm,Week2,261.0 Ravensworth Farm - 141.0 Old Keene Mill
Orange Hunt,Week1,Lincolnia Park,Week3,289.0 Orange Hunt - 103.0 Lincolnia Park
Old Keene Mill,Week5,Dunn Loring,Week3,297.0 Dunn Loring - 105.0 Old Keene Mill
Orange Hunt,Week3,Fox Mill Estates,Week5,255.0 Orange Hunt - 147.0 Fox Mill Estates
Orange Hunt,Week5,Langley,Week5,206.0 Langley - 196.0 Orange Hunt
Orange Hunt,Week1,Laurel Hill,Week1,274.5 Orange Hunt - 127.5 Laurel Hill
Old Keene Mill,Week4,Dunn Loring,Week5,327.0 Dunn Loring - 75.0 Old Keene Mill
Old Keene Mill,Week2,Ravensworth Farm,Week4,274.0 Ravensworth Farm - 128.0 Old Keene Mill
Old Keene Mill,Week3,Ravensworth Farm,Week3,271.0 Ravensworth Farm - 131.0 Old Keene Mill
Oakton ,Week1,Sideburn Run,Week2,261.0 Oakton - 141.0 Sideburn Run
Orange Hunt,Week3,Commonwealth,Week2,257.0 Orange Hunt - 145.0 Commonwealth
Orange Hunt,Week5,Chesterbrook,Week1,299.0 Chesterbrook - 103.0 Orange Hunt
Orange Hunt,Week3,Fox Mill Estates,Week2,249.0 Orange Hunt - 153.0 Fox Mill Estates
Orange Hunt,Week5,Lee Graham,Week2,244.5 Lee Graham - 157.5 Orange Hunt
Orange Hunt,Week2,Fox Mill Woods,Week1,237.0 Fox Mill Woods - 165.0 Orange Hunt
Oakton ,Week4,Sideburn Run,Week5,245.0 Oakton - 157.0 Sideburn Run
Orange Hunt,Week5,Fox Mill Woods,Week2,209.0 Orange Hunt - 193.0 Fox Mill Woods
Orange Hunt,Week2,Commonwealth,Week4,269.0 Orange Hunt - 133.0 Commonwealth
Orange Hunt,Week2,Commonwealth,Week3,252.0 Orange Hunt - 150.0 Commonwealth
Orange Hunt,Week4,Laurel Hill,Week2,295.0 Orange Hunt - 102.0 Laurel Hill
Orange Hunt,Week4,Laurel Hill,Week3,269.0 Orange Hunt - 133.0 Laurel Hill
Old Keene Mill,Week1,Ravensworth Farm,Week2,259.0 Ravensworth Farm - 143.0 Old Keene Mill
Orange Hunt,Week1,Laurel Hill,Week3,262.0 Orange Hunt - 140.0 Laurel Hill
Orange Hunt,Week4,Commonwealth,Week4,252.0 Orange Hunt - 145.0 Commonwealth
Orange Hunt,Week1,Laurel Hill,Week4,262.0 Orange Hunt - 140.0 Laurel Hill
Old Keene Mill,Week4,Ravensworth Farm,Week3,283.0 Ravensworth Farm - 119.0 Old Keene Mill
Orange Hunt,Week5,Lee Graham,Week1,226.0 Lee Graham - 176.0 Orange Hunt
Orange Hunt,Week3,Fox Mill Woods,Week5,229.0 Fox Mill Woods - 173.0 Orange Hunt
Orange Hunt,Week3,Lee Graham,Week5,253.0 Lee Graham - 149.0 Orange Hunt
Orange Hunt,Week4,Lee Graham,Week4,245.0 Lee Graham - 157.0 Orange Hunt
Orange Hunt,Week5,Laurel Hill,Week2,304.0 Orange Hunt - 98.0 Laurel Hill
Orange Hunt,Week3,Fox Mill Woods,Week1,237.0 Fox Mill Woods - 165.0 Orange Hunt
Orange Hunt,Week1,Lee Graham,Week3,266.0 Lee Graham - 136.0 Orange Hunt
Orange Hunt,Week4,Lee Graham,Week3,257.0 Lee Graham - 145.0 Orange Hunt
Old Keene Mill,Week3,Ravensworth Farm,Week1,272.0 Ravensworth Farm - 130.0 Old Keene Mill
Orange Hunt,Week2,Laurel Hill,Week4,260.0 Orange Hunt - 142.0 Laurel Hill
Orange Hunt,Week5,Chesterbrook,Week5,323.0 Chesterbrook - 79.0 Orange Hunt
Orange Hunt,Week3,Laurel Hill,Week5,250.0 Orange Hunt - 152.0 Laurel Hill
Old Keene Mill,Week5,Dunn Loring,Week4,300.0 Dunn Loring - 102.0 Old Keene Mill
Orange Hunt,Week5,Chesterbrook,Week3,328.5 Chesterbrook - 73.5 Orange Hunt
Orange Hunt,Week2,Commonwealth,Week2,253.0 Orange Hunt - 149.0 Commonwealth
Orange Hunt,Week3,Commonwealth,Week1,277.0 Orange Hunt - 125.0 Commonwealth
Old Keene Mill,Week3,Fair Oaks ,Week3,280.0 Fair Oaks - 122.0 Old Keene Mill
Old Keene Mill,Week3,Dunn Loring,Week2,316.0 Dunn Loring - 86.0 Old Keene Mill
Old Keene Mill,Week4,Ravensworth Farm,Week1,281.0 Ravensworth Farm - 121.0 Old Keene Mill
Orange Hunt,Week4,Chesterbrook,Week4,324.0 Chesterbrook - 78.0 Orange Hunt
Oakton ,Week4,Sideburn Run,Week3,251.0 Oakton - 151.0 Sideburn Run
Orange Hunt,Week5,Laurel Hill,Week4,281.0 Orange Hunt - 121.0 Laurel Hill
Orange Hunt,Week1,Commonwealth,Week3,243.0 Orange Hunt - 159.0 Commonwealth
Orange Hunt,Week2,Fox Mill Woods,Week3,227.0 Fox Mill Woods - 175.0 Orange Hunt
Orange Hunt,Week1,Laurel Hill,Week2,291.0 Orange Hunt - 111.0 Laurel Hill
Orange Hunt,Week5,Fox Mill Estates,Week5,259.5 Orange Hunt - 142.5 Fox Mill Estates
Orange Hunt,Week3,Lee Graham,Week3,260.0 Lee Graham - 142.0 Orange Hunt
Old Keene Mill,Week5,Ravensworth Farm,Week4,253.0 Ravensworth Farm - 149.0 Old Keene Mill
Orange Hunt,Week4,Fox Mill Estates,Week2,242.0 Orange Hunt - 160.0 Fox Mill Estates
Orange Hunt,Week1,Lincolnia Park,Week4,315.0 Orange Hunt - 87.0 Lincolnia Park
Orange Hunt,Week5,Langley,Week3,212.0 Langley - 190.0 Orange Hunt
Orange Hunt,Week1,Commonwealth,Week2,232.5 Orange Hunt - 169.5 Commonwealth
Orange Hunt,Week4,Fox Mill Estates,Week3,248.0 Orange Hunt - 154.0 Fox Mill Estates
Old Keene Mill,Week1,Ravensworth Farm,Week1,281.0 Ravensworth Farm - 121.0 Old Keene Mill
Orange Hunt,Week2,Lee Graham,Week5,264.0 Lee Graham - 138.0 Orange Hunt
Old Keene Mill,Week1,Ravensworth Farm,Week5,292.0 Ravensworth Farm - 110.0 Old Keene Mill
Old Keene Mill,Week4,Dunn Loring,Week4,319.0 Dunn Loring - 83.0 Old Keene Mill
Old Keene Mill,Week2,Ravensworth Farm,Week5,273.0 Ravensworth Farm - 129.0 Old Keene Mill
Orange Hunt,Week1,Lee Graham,Week4,259.0 Lee Graham - 143.0 Orange Hunt
Orange Hunt,Week1,Fox Mill Woods,Week3,228.0 Fox Mill Woods - 174.0 Orange Hunt
Orange Hunt,Week1,Lincolnia Park,Week2,313.5 Orange Hunt - 79.5 Lincolnia Park
Old Keene Mill,Week1,Fair Oaks ,Week3,294.0 Fair Oaks - 108.0 Old Keene Mill
Orange Hunt,Week2,Commonwealth,Week1,269.0 Orange Hunt - 133.0 Commonwealth
Old Keene Mill,Week1,Ravensworth Farm,Week4,279.0 Ravensworth Farm - 123.0 Old Keene Mill
Old Keene Mill,Week3,Dunn Loring,Week5,322.0 Dunn Loring - 80.0 Old Keene Mill
Orange Hunt,Week5,Lee Graham,Week3,234.0 Lee Graham - 168.0 Orange Hunt
Orange Hunt,Week2,Cottontail,Week2,247.0 Orange Hunt - 155.0 Cottontail
Orange Hunt,Week1,Fox Mill Woods,Week1,236.0 Fox Mill Woods - 166.0 Orange Hunt
Old Keene Mill,Week2,Fair Oaks ,Week3,286.0 Fair Oaks - 116.0 Old Keene Mill
Orange Hunt,Week3,Commonwealth,Week4,276.0 Orange Hunt - 126.0 Commonwealth
Old Keene Mill,Week2,Ravensworth Farm,Week2,251.0 Ravensworth Farm - 151.0 Old Keene Mill
Orange Hunt,Week2,Cottontail,Week5,228.0 Orange Hunt - 174.0 Cottontail
Old Keene Mill,Week2,Ravensworth Farm,Week1,274.0 Ravensworth Farm - 128.0 Old Keene Mill
Old Keene Mill,Week2,Fair Oaks ,Week4,276.0 Fair Oaks - 126.0 Old Keene Mill
Orange Hunt,Week5,Lee Graham,Week4,241.0 Lee Graham - 161.0 Orange Hunt
Orange Hunt,Week2,Laurel Hill,Week5,247.0 Orange Hunt - 155.0 Laurel Hill
Orange Hunt,Week4,Laurel Hill,Week1,281.0 Orange Hunt - 120.0 Laurel Hill
Orange Hunt,Week1,Little Hunting Park,Week3,265.0 Orange Hunt - 137.0 Little Hunting Park
Orange Hunt,Week4,Fox Mill Woods,Week1,236.0 Fox Mill Woods - 166.0 Orange Hunt
Orange Hunt,Week1,Lincolnia Park,Week5,295.0 Orange Hunt - 97.0 Lincolnia Park
Orange Hunt,Week5,Fox Mill Woods,Week3,204.0 Fox Mill Woods - 198.0 Orange Hunt
Orange Hunt,Week3,Fox Mill Woods,Week2,220.0 Fox Mill Woods - 182.0 Orange Hunt
Orange Hunt,Week4,Laurel Hill,Week4,281.0 Orange Hunt - 121.0 Laurel Hill
Orange Hunt,Week1,Commonwealth,Week5,266.0 Orange Hunt - 136.0 Commonwealth
Old Keene Mill,Week5,Poplar Tree,Week3,265.0 Poplar Tree - 137.0 Old Keene Mill
Old Keene Mill,Week3,Fair Oaks ,Week2,232.0 Fair Oaks - 170.0 Old Keene Mill
Old Keene Mill,Week5,Fair Oaks ,Week4,243.0 Fair Oaks - 159.0 Old Keene Mill
Old Keene Mill,Week4,Ravensworth Farm,Week5,297.0 Ravensworth Farm - 105.0 Old Keene Mill
Orange Hunt,Week4,Lincolnia Park,Week3,282.0 Orange Hunt - 110.0 Lincolnia Park
Orange Hunt,Week4,Laurel Hill,Week5,264.0 Orange Hunt - 138.0 Laurel Hill
Orange Hunt,Week3,Little Hunting Park,Week1,285.0 Orange Hunt - 116.0 Little Hunting Park
Old Keene Mill,Week3,Fair Oaks ,Week1,259.0 Fair Oaks - 143.0 Old Keene Mill
Old Keene Mill,Week3,Ravensworth Farm,Week2,255.0 Ravensworth Farm - 147.0 Old Keene Mill
Orange Hunt,Week1,Cottontail,Week4,217.0 Orange Hunt - 185.0 Cottontail
Orange Hunt,Week1,Fox Mill Woods,Week5,231.0 Fox Mill Woods - 171.0 Orange Hunt
Old Keene Mill,Week5,Poplar Tree,Week5,285.0 Poplar Tree - 117.0 Old Keene Mill
Orange Hunt,Week2,Lincolnia Park,Week3,289.0 Orange Hunt - 104.0 Lincolnia Park
Old Keene Mill,Week2,Fairfax,Week5,311.0 Fairfax - 91.0 Old Keene Mill
Orange Hunt,Week5,Fox Mill Estates,Week3,266.0 Orange Hunt - 136.0 Fox Mill Estates
Orange Hunt,Week1,Commonwealth,Week1,263.0 Orange Hunt - 139.0 Commonwealth
Orange Hunt,Week1,Fox Mill Woods,Week4,251.5 Fox Mill Woods - 150.5 Orange Hunt
Old Keene Mill,Week2,Fairfax,Week3,303.0 Fairfax - 99.0 Old Keene Mill
Orange Hunt,Week3,Laurel Hill,Week3,265.0 Orange Hunt - 137.0 Laurel Hill
Orange Hunt,Week2,Little Hunting Park,Week2,281.0 Orange Hunt - 121.0 Little Hunting Park
Orange Hunt,Week1,Laurel Hill,Week5,244.0 Orange Hunt - 158.0 Laurel Hill
Orange Hunt,Week5,Commonwealth,Week5,275.0 Orange Hunt - 127.0 Commonwealth
Orange Hunt,Week5,Laurel Hill,Week1,285.0 Orange Hunt - 115.0 Laurel Hill
Old Keene Mill,Week5,Ravensworth Farm,Week2,225.0 Ravensworth Farm - 176.0 Old Keene Mill
Orange Hunt,Week5,Fox Mill Estates,Week4,253.0 Orange Hunt - 149.0 Fox Mill Estates
Old Keene Mill,Week3,Ravensworth Farm,Week5,270.0 Ravensworth Farm - 132.0 Old Keene Mill
Orange Hunt,Week5,Lincolnia Park,Week5,300.0 Orange Hunt - 93.0 Lincolnia Park
Old Keene Mill,Week5,Fair Oaks ,Week1,246.0 Fair Oaks - 156.0 Old Keene Mill
Orange Hunt,Week5,Laurel Hill,Week3,282.0 Orange Hunt - 120.0 Laurel Hill
Orange Hunt,Week5,Commonwealth,Week4,284.0 Orange Hunt - 118.0 Commonwealth
Orange Hunt,Week2,Lincolnia Park,Week4,313.0 Orange Hunt - 89.0 Lincolnia Park
Orange Hunt,Week3,Commonwealth,Week3,261.0 Orange Hunt - 141.0 Commonwealth
Orange Hunt,Week5,Lincolnia Park,Week3,294.0 Orange Hunt - 99.0 Lincolnia Park
Orange Hunt,Week4,Herndon,Week2,309.0 Orange Hunt - 93.0 Herndon
Orange Hunt,Week2,Fox Mill Woods,Week2,217.0 Fox Mill Woods - 185.0 Orange Hunt
Orange Hunt,Week3,Laurel Hill,Week4,264.0 Orange Hunt - 138.0 Laurel Hill
Orange Hunt,Week4,Lincolnia Park,Week5,281.0 Orange Hunt - 111.0 Lincolnia Park
Orange Hunt,Week3,Cottontail,Week2,238.0 Orange Hunt - 164.0 Cottontail
Orange Hunt,Week2,Hiddenbrook,Week4,242.0 Orange Hunt - 160.0 Hiddenbrook
Old Keene Mill,Week4,Fair Oaks ,Week5,299.0 Fair Oaks - 103.0 Old Keene Mill
Old Keene Mill,Week2,Riverside Gardens,Week5,312.0 Riverside Gardens - 90.0 Old Keene Mill
Orange Hunt,Week4,Commonwealth,Week3,250.0 Orange Hunt - 152.0 Commonwealth
Old Keene Mill,Week2,Riverside Gardens,Week4,309.0 Riverside Gardens - 93.0 Old Keene Mill
Orange Hunt,Week3,Fox Mill Woods,Week4,232.0 Fox Mill Woods - 170.0 Orange Hunt
Old Keene Mill,Week4,Fair Oaks ,Week4,285.0 Fair Oaks - 117.0 Old Keene Mill
Orange Hunt,Week1,Commonwealth,Week4,263.0 Orange Hunt - 139.0 Commonwealth
Old Keene Mill,Week4,Fairfax,Week2,307.0 Fairfax - 95.0 Old Keene Mill
Orange Hunt,Week5,Lincolnia Park,Week2,315.0 Orange Hunt - 77.0 Lincolnia Park
Old Keene Mill,Week5,Riverside Gardens,Week2,287.0 Riverside Gardens - 115.0 Old Keene Mill
Old Keene Mill,Week1,Fairfax,Week3,316.5 Fairfax - 85.5 Old Keene Mill
Orange Hunt,Week5,Chesterbrook,Week4,305.0 Chesterbrook - 97.0 Orange Hunt
Orange Hunt,Week4,Commonwealth,Week1,268.0 Orange Hunt - 129.0 Commonwealth
Orange Hunt,Week4,Commonwealth,Week5,244.0 Orange Hunt - 158.0 Commonwealth
Orange Hunt,Week1,Fox Mill Woods,Week2,227.0 Fox Mill Woods - 175.0 Orange Hunt
Orange Hunt,Week4,Fox Mill Woods,Week3,228.0 Fox Mill Woods - 174.0 Orange Hunt
Old Keene Mill,Week2,Rolling Forest,Week4,233.0 Rolling Forest - 169.0 Old Keene Mill
Old Keene Mill,Week1,Fairfax,Week4,315.0 Fairfax - 87.0 Old Keene Mill
Orange Hunt,Week2,Little Hunting Park,Week1,277.0 Orange Hunt - 124.0 Little Hunting Park
Orange Hunt,Week1,Cottontail,Week1,214.0 Orange Hunt - 188.0 Cottontail
Orange Hunt,Week2,Hiddenbrook,Week5,236.0 Orange Hunt - 166.0 Hiddenbrook
Old Keene Mill,Week1,Fairfax,Week2,319.0 Fairfax - 83.0 Old Keene Mill
Orange Hunt,Week3,Lincolnia Park,Week3,291.0 Orange Hunt - 102.0 Lincolnia Park
Old Keene Mill,Week1,Riverside Gardens,Week2,301.0 Riverside Gardens - 101.0 Old Keene Mill
Old Keene Mill,Week5,Ravensworth Farm,Week5,248.0 Ravensworth Farm - 154.0 Old Keene Mill
Old Keene Mill,Week1,Rolling Forest,Week4,235.0 Rolling Forest - 167.0 Old Keene Mill
Orange Hunt,Week1,Little Hunting Park,Week1,285.0 Orange Hunt - 116.0 Little Hunting Park
Old Keene Mill,Week3,Fairfax,Week3,299.0 Fairfax - 103.0 Old Keene Mill
Orange Hunt,Week2,Hiddenbrook,Week2,281.0 Orange Hunt - 121.0 Hiddenbrook
Orange Hunt,Week1,Hiddenbrook,Week3,260.0 Orange Hunt - 142.0 Hiddenbrook
Old Keene Mill,Week4,Fairfax,Week4,306.0 Fairfax - 96.0 Old Keene Mill
Orange Hunt,Week5,Herndon,Week2,314.0 Orange Hunt - 87.0 Herndon
Orange Hunt,Week2,Fox Mill Woods,Week4,236.0 Fox Mill Woods - 166.0 Orange Hunt
Orange Hunt,Week4,Fox Mill Woods,Week2,226.0 Fox Mill Woods - 176.0 Orange Hunt
Orange Hunt,Week5,Chesterbrook,Week2,315.0 Chesterbrook - 87.0 Orange Hunt
Orange Hunt,Week3,Hiddenbrook,Week5,238.0 Orange Hunt - 164.0 Hiddenbrook
Orange Hunt,Week5,Fox Mill Estates,Week2,258.0 Orange Hunt - 144.0 Fox Mill Estates
Orange Hunt,Week4,Great Falls,Week2,197.0 Orange Hunt - 187.0 Great Falls
Old Keene Mill,Week5,Fairfax,Week2,299.0 Fairfax - 103.0 Old Keene Mill
Orange Hunt,Week1,Greenbriar,Week1,209.5 Greenbriar - 192.5 Orange Hunt
Old Keene Mill,Week1,Riverside Gardens,Week3,315.0 Riverside Gardens - 87.0 Old Keene Mill
Orange Hunt,Week1,Hiddenbrook,Week2,287.0 Orange Hunt - 115.0 Hiddenbrook
Old Keene Mill,Week1,Rolling Forest,Week3,264.0 Rolling Forest - 138.0 Old Keene Mill
Orange Hunt,Week4,Fox Mill Woods,Week4,241.0 Fox Mill Woods - 161.0 Orange Hunt
Old Keene Mill,Week4,Fair Oaks ,Week2,254.0 Fair Oaks - 148.0 Old Keene Mill
Old Keene Mill,Week3,Riverside Gardens,Week1,294.0 Riverside Gardens - 108.0 Old Keene Mill
Orange Hunt,Week3,Little Hunting Park,Week2,283.0 Orange Hunt - 119.0 Little Hunting Park
Orange Hunt,Week3,Commonwealth,Week5,268.0 Orange Hunt - 134.0 Commonwealth
Orange Hunt,Week2,Little Hunting Park,Week4,278.0 Orange Hunt - 124.0 Little Hunting Park
Orange Hunt,Week4,Hiddenbrook,Week2,276.0 Orange Hunt - 125.0 Hiddenbrook
Orange Hunt,Week5,Commonwealth,Week3,266.0 Orange Hunt - 136.0 Commonwealth
Old Keene Mill,Week5,Fairfax,Week3,294.0 Fairfax - 108.0 Old Keene Mill
Orange Hunt,Week3,Hiddenbrook,Week4,257.0 Orange Hunt - 145.0 Hiddenbrook
Orange Hunt,Week2,Lincolnia Park,Week5,292.0 Orange Hunt - 101.0 Lincolnia Park
Orange Hunt,Week3,Great Falls,Week4,237.0 Orange Hunt - 165.0 Great Falls
Orange Hunt,Week3,Hiddenbrook,Week1,254.0 Orange Hunt - 148.0 Hiddenbrook
Orange Hunt,Week5,Commonwealth,Week2,269.0 Orange Hunt - 132.0 Commonwealth
Old Keene Mill,Week4,Riverside Gardens,Week2,294.0 Riverside Gardens - 108.0 Old Keene Mill
Orange Hunt,Week1,Little Hunting Park,Week2,281.0 Orange Hunt - 121.0 Little Hunting Park
Orange Hunt,Week4,Fox Mill Woods,Week5,239.0 Fox Mill Woods - 163.0 Orange Hunt
Old Keene Mill,Week3,Riverside Gardens,Week3,309.0 Riverside Gardens - 93.0 Old Keene Mill
Orange Hunt,Week1,Cottontail,Week2,216.0 Orange Hunt - 186.0 Cottontail
Orange Hunt,Week3,Lincolnia Park,Week2,323.0 Orange Hunt - 70.0 Lincolnia Park
Orange Hunt,Week5,Hiddenbrook,Week5,240.0 Orange Hunt - 162.0 Hiddenbrook
Old Keene Mill,Week5,Fair Oaks ,Week5,278.0 Fair Oaks - 124.0 Old Keene Mill
Old Keene Mill,Week2,Fairfax,Week4,299.0 Fairfax - 103.0 Old Keene Mill
Old Keene Mill,Week4,Fairfax,Week5,320.0 Fairfax - 82.0 Old Keene Mill
Orange Hunt,Week5,Great Falls,Week1,248.0 Orange Hunt - 154.0 Great Falls
Orange Hunt,Week3,Herndon,Week4,317.0 Orange Hunt - 85.0 Herndon
Orange Hunt,Week2,Lincolnia Park,Week2,310.0 Orange Hunt - 83.0 Lincolnia Park
Orange Hunt,Week4,Commonwealth,Week2,250.0 Orange Hunt - 152.0 Commonwealth
Old Keene Mill,Week2,Riverside Gardens,Week1,300.0 Riverside Gardens - 102.0 Old Keene Mill
Orange Hunt,Week2,Hiddenbrook,Week3,256.0 Orange Hunt - 146.0 Hiddenbrook
Old Keene Mill,Week3,Riverside Gardens,Week4,311.0 Riverside Gardens - 91.0 Old Keene Mill
Orange Hunt,Week3,Lincolnia Park,Week1,326.0 Orange Hunt - 76.0 Lincolnia Park
Old Keene Mill,Week3,Riverside Gardens,Week2,286.0 Riverside Gardens - 116.0 Old Keene Mill
Orange Hunt,Week1,Greenbriar,Week3,214.0 Greenbriar - 188.0 Orange Hunt
Old Keene Mill,Week1,Riverside Gardens,Week5,330.0 Riverside Gardens - 72.0 Old Keene Mill
Orange Hunt,Week1,Hiddenbrook,Week5,227.0 Orange Hunt - 175.0 Hiddenbrook
Orange Hunt,Week4,Lincolnia Park,Week4,302.0 Orange Hunt - 100.0 Lincolnia Park
Old Keene Mill,Week1,Rolling Forest,Week2,232.0 Rolling Forest - 170.0 Old Keene Mill
Orange Hunt,Week4,Lincolnia Park,Week1,305.0 Orange Hunt - 96.0 Lincolnia Park
Orange Hunt,Week1,Cottontail,Week3,238.0 Orange Hunt - 164.0 Cottontail
Old Keene Mill,Week4,Fair Oaks ,Week1,273.0 Fair Oaks - 129.0 Old Keene Mill
Orange Hunt,Week5,Fox Mill Woods,Week4,215.0 Fox Mill Woods - 187.0 Orange Hunt
Orange Hunt,Week3,Hiddenbrook,Week3,263.0 Orange Hunt - 139.0 Hiddenbrook
Orange Hunt,Week1,Cottontail,Week5,221.0 Orange Hunt - 181.0 Cottontail
Orange Hunt,Week4,Great Falls,Week4,228.0 Orange Hunt - 173.0 Great Falls
Old Keene Mill,Week4,Fairfax,Week1,289.0 Fairfax - 113.0 Old Keene Mill
Orange Hunt,Week2,Cottontail,Week1,229.0 Orange Hunt - 173.0 Cottontail
Orange Hunt,Week5,Fox Mill Woods,Week5,213.0 Fox Mill Woods - 189.0 Orange Hunt
Old Keene Mill,Week5,Riverside Gardens,Week1,297.0 Riverside Gardens - 105.0 Old Keene Mill
Orange Hunt,Week3,Lincolnia Park,Week4,324.0 Orange Hunt - 78.0 Lincolnia Park
Old Keene Mill,Week5,Fair Oaks ,Week3,260.0 Fair Oaks - 142.0 Old Keene Mill
Old Keene Mill,Week5,Fair Oaks ,Week2,211.0 Fair Oaks - 191.0 Old Keene Mill
Orange Hunt,Week2,Cottontail,Week3,239.0 Orange Hunt - 163.0 Cottontail
Old Keene Mill,Week2,Riverside Gardens,Week3,304.0 Riverside Gardens - 98.0 Old Keene Mill
Orange Hunt,Week1,Great Falls,Week3,214.0 Great Falls - 188.0 Orange Hunt
Orange Hunt,Week4,Herndon,Week1,313.0 Orange Hunt - 89.0 Herndon
Orange Hunt,Week1,Great Falls,Week4,221.0 Orange Hunt - 180.0 Great Falls
Orange Hunt,Week3,Great Falls,Week2,197.0 Great Falls - 187.0 Orange Hunt
Old Keene Mill,Week2,Rolling Forest,Week2,227.0 Rolling Forest - 175.0 Old Keene Mill
Orange Hunt,Week3,Cottontail,Week1,229.0 Orange Hunt - 173.0 Cottontail
Orange Hunt,Week2,Great Falls,Week1,233.0 Orange Hunt - 169.0 Great Falls
Orange Hunt,Week5,Lincolnia Park,Week4,310.0 Orange Hunt - 92.0 Lincolnia Park
Old Keene Mill,Week1,Fairfax,Week1,289.0 Fairfax - 113.0 Old Keene Mill
Orange Hunt,Week5,Herndon,Week1,328.0 Orange Hunt - 74.0 Herndon
Orange Hunt,Week5,Herndon,Week3,325.0 Orange Hunt - 77.0 Herndon
Orange Hunt,Week5,Herndon,Week5,319.0 Orange Hunt - 83.0 Herndon
Orange Hunt,Week2,Great Falls,Week3,220.0 Orange Hunt - 182.0 Great Falls
Old Keene Mill,Week4,Riverside Gardens,Week4,327.0 Riverside Gardens - 75.0 Old Keene Mill
Orange Hunt,Week3,Lincolnia Park,Week5,302.0 Orange Hunt - 91.0 Lincolnia Park
Orange Hunt,Week1,Little Hunting Park,Week4,268.0 Orange Hunt - 134.0 Little Hunting Park
Old Keene Mill,Week4,Fair Oaks ,Week3,283.5 Fair Oaks - 118.5 Old Keene Mill
Orange Hunt,Week3,Cottontail,Week3,237.0 Orange Hunt - 165.0 Cottontail
Orange Hunt,Week4,Lincolnia Park,Week2,306.0 Orange Hunt - 86.0 Lincolnia Park
Orange Hunt,Week4,Herndon,Week4,318.0 Orange Hunt - 84.0 Herndon
Orange Hunt,Week5,Commonwealth,Week1,285.0 Orange Hunt - 116.0 Commonwealth
Orange Hunt,Week2,Cottontail,Week4,246.0 Orange Hunt - 156.0 Cottontail
Orange Hunt,Week5,Lincolnia Park,Week1,322.0 Orange Hunt - 80.0 Lincolnia Park
Old Keene Mill,Week2,Fairfax,Week2,307.0 Fairfax - 95.0 Old Keene Mill
Old Keene Mill,Week4,Riverside Gardens,Week1,307.0 Riverside Gardens - 95.0 Old Keene Mill
Old Keene Mill,Week2,Fairfax,Week1,280.0 Fairfax - 122.0 Old Keene Mill
Old Keene Mill,Week5,Fairfax,Week1,287.0 Fairfax - 115.0 Old Keene Mill
Orange Hunt,Week3,Herndon,Week5,317.0 Orange Hunt - 85.0 Herndon
Old Keene Mill,Week1,Riverside Gardens,Week4,325.0 Riverside Gardens - 77.0 Old Keene Mill
Orange Hunt,Week3,Cottontail,Week4,237.0 Orange Hunt - 165.0 Cottontail
Old Keene Mill,Week5,Riverside Gardens,Week3,299.0 Riverside Gardens - 103.0 Old Keene Mill
Old Keene Mill,Week3,Riverside Gardens,Week5,318.0 Riverside Gardens - 84.0 Old Keene Mill
Old Keene Mill,Week3,Fairfax,Week5,323.0 Fairfax - 79.0 Old Keene Mill
Orange Hunt,Week2,Little Hunting Park,Week3,274.0 Orange Hunt - 128.0 Little Hunting Park
Old Keene Mill,Week3,Fairfax,Week2,297.0 Fairfax - 105.0 Old Keene Mill
Orange Hunt,Week1,Hiddenbrook,Week1,241.0 Orange Hunt - 161.0 Hiddenbrook
Orange Hunt,Week2,Hiddenbrook,Week1,249.0 Orange Hunt - 153.0 Hiddenbrook
Orange Hunt,Week3,Great Falls,Week1,219.0 Orange Hunt - 183.0 Great Falls
Orange Hunt,Week2,Little Hunting Park,Week5,257.0 Orange Hunt - 145.0 Little Hunting Park
Orange Hunt,Week1,Great Falls,Week1,212.0 Orange Hunt - 190.0 Great Falls
Orange Hunt,Week1,Little Hunting Park,Week5,251.0 Orange Hunt - 151.0 Little Hunting Park
Orange Hunt,Week2,Great Falls,Week2,206.0 Orange Hunt - 178.0 Great Falls
Orange Hunt,Week1,Little Rocky Run,Week1,247.0 Little Rocky Run - 155.0 Orange Hunt
Old Keene Mill,Week4,Riverside Gardens,Week5,323.0 Riverside Gardens - 79.0 Old Keene Mill
Orange Hunt,Week5,Herndon,Week4,322.0 Orange Hunt - 80.0 Herndon
Old Keene Mill,Week4,Fairfax,Week3,305.0 Fairfax - 97.0 Old Keene Mill
Orange Hunt,Week2,Great Falls,Week4,236.0 Orange Hunt - 166.0 Great Falls
Old Keene Mill,Week1,Fairfax,Week5,333.5 Fairfax - 68.5 Old Keene Mill
Old Keene Mill,Week2,Riverside Gardens,Week2,294.0 Riverside Gardens - 108.0 Old Keene Mill
Old Keene Mill,Week3,Fairfax,Week1,271.0 Fairfax - 131.0 Old Keene Mill
Old Keene Mill,Week3,Fairfax,Week4,294.0 Fairfax - 108.0 Old Keene Mill
Old Keene Mill,Week5,Riverside Gardens,Week5,317.0 Riverside Gardens - 85.0 Old Keene Mill
Orange Hunt,Week4,Little Hunting Park,Week1,276.0 Orange Hunt - 125.0 Little Hunting Park
Orange Hunt,Week4,Herndon,Week3,309.0 Orange Hunt - 88.0 Herndon
Orange Hunt,Week1,Hiddenbrook,Week4,249.0 Orange Hunt - 153.0 Hiddenbrook
Orange Hunt,Week3,Great Falls,Week5,207.0 Orange Hunt - 195.0 Great Falls
Orange Hunt,Week4,Little Hunting Park,Week3,260.0 Orange Hunt - 142.0 Little Hunting Park
Old Keene Mill,Week4,Riverside Gardens,Week3,318.0 Riverside Gardens - 84.0 Old Keene Mill
Orange Hunt,Week2,Great Falls,Week5,207.0 Orange Hunt - 195.0 Great Falls
Orange Hunt,Week4,Herndon,Week5,315.0 Orange Hunt - 87.0 Herndon
Orange Hunt,Week4,Great Falls,Week1,215.0 Orange Hunt - 187.0 Great Falls
Orange Hunt,Week3,Little Hunting Park,Week5,252.0 Orange Hunt - 149.0 Little Hunting Park
Orange Hunt,Week4,Great Falls,Week3,209.0 Orange Hunt - 193.0 Great Falls
Oakton ,Week3,Virginia Hills,Week3,361.0 Oakton - 41.0 Virginia Hills
Orange Hunt,Week3,Hiddenbrook,Week2,282.0 Orange Hunt - 120.0 Hiddenbrook
Orange Hunt,Week4,Hiddenbrook,Week1,251.0 Orange Hunt - 151.0 Hiddenbrook
Old Keene Mill,Week2,Rolling Forest,Week5,247.0 Rolling Forest - 155.0 Old Keene Mill
Old Keene Mill,Week2,Rolling Forest,Week3,244.0 Rolling Forest - 158.0 Old Keene Mill
Orange Hunt,Week4,Hiddenbrook,Week4,237.0 Orange Hunt - 165.0 Hiddenbrook
Orange Hunt,Week1,Great Falls,Week2,193.0 Orange Hunt - 191.0 Great Falls
Orange Hunt,Week5,Hiddenbrook,Week1,262.0 Orange Hunt - 140.0 Hiddenbrook
Old Keene Mill,Week2,Rolling Forest,Week1,229.0 Rolling Forest - 173.0 Old Keene Mill
Old Keene Mill,Week5,Country Club Hills,Week5,234.0 Country Club Hills - 168.0 Old Keene Mill
Old Keene Mill,Week4,Country Club Hills,Week5,267.0 Country Club Hills - 135.0 Old Keene Mill
Orange Hunt,Week5,Little Hunting Park,Week2,282.0 Orange Hunt - 119.0 Little Hunting Park
Old Keene Mill,Week5,Country Club Hills,Week4,211.0 Country Club Hills - 186.0 Old Keene Mill
Orange Hunt,Week2,Little Rocky Run,Week5,257.0 Little Rocky Run - 145.0 Orange Hunt
Oakton ,Week5,Village West,Week2,338.0 Oakton - 64.0 Village West
Orange Hunt,Week5,Hiddenbrook,Week3,267.0 Orange Hunt - 135.0 Hiddenbrook
Old Keene Mill,Week1,Rolling Forest,Week5,249.0 Rolling Forest - 153.0 Old Keene Mill
Oakton ,Week4,Village West,Week3,320.0 Oakton - 82.0 Village West
Orange Hunt,Week5,Hiddenbrook,Week2,292.5 Orange Hunt - 108.5 Hiddenbrook
Old Keene Mill,Week3,Country Club Hills,Week1,236.0 Country Club Hills - 166.0 Old Keene Mill
Old Keene Mill,Week1,Rolling Forest,Week1,246.0 Rolling Forest - 156.0 Old Keene Mill
Orange Hunt,Week3,Great Falls,Week3,215.0 Orange Hunt - 187.0 Great Falls
Old Keene Mill,Week5,Riverside Gardens,Week4,304.0 Riverside Gardens - 98.0 Old Keene Mill
Orange Hunt,Week4,Great Falls,Week5,206.0 Great Falls - 195.0 Orange Hunt
Old Keene Mill,Week2,Country Club Hills,Week4,227.0 Country Club Hills - 175.0 Old Keene Mill
Orange Hunt,Week5,Little Hunting Park,Week4,283.0 Orange Hunt - 119.0 Little Hunting Park
Orange Hunt,Week1,Great Falls,Week5,207.0 Great Falls - 195.0 Orange Hunt
Orange Hunt,Week5,Great Falls,Week2,211.0 Orange Hunt - 173.0 Great Falls
Orange Hunt,Week3,Little Hunting Park,Week4,273.0 Orange Hunt - 129.0 Little Hunting Park
Orange Hunt,Week5,Little Hunting Park,Week3,283.0 Orange Hunt - 119.0 Little Hunting Park
Oakton ,Week4,Village West,Week5,330.0 Oakton - 72.0 Village West
Orange Hunt,Week4,Greenbriar,Week5,204.0 Greenbriar - 198.0 Orange Hunt
Old Keene Mill,Week1,Crosspointe,Week2,290.0 Crosspointe - 112.0 Old Keene Mill
Oakton ,Week5,Virginia Hills,Week1,372.0 Oakton - 30.0 Virginia Hills
Orange Hunt,Week4,Hiddenbrook,Week3,248.0 Orange Hunt - 149.0 Hiddenbrook
Old Keene Mill,Week3,Country Club Hills,Week2,225.0 Country Club Hills - 177.0 Old Keene Mill
Old Keene Mill,Week2,Country Club Hills,Week5,255.0 Country Club Hills - 147.0 Old Keene Mill
Orange Hunt,Week2,Little Rocky Run,Week1,237.0 Little Rocky Run - 165.0 Orange Hunt
Orange Hunt,Week1,Little Rocky Run,Week5,265.0 Little Rocky Run - 137.0 Orange Hunt
Orange Hunt,Week4,Hiddenbrook,Week5,229.0 Orange Hunt - 173.0 Hiddenbrook
Old Keene Mill,Week3,Rolling Forest,Week4,230.0 Rolling Forest - 172.0 Old Keene Mill
Orange Hunt,Week1,Little Rocky Run,Week3,259.0 Little Rocky Run - 143.0 Orange Hunt
Oakton ,Week2,Virginia Hills,Week4,368.0 Oakton - 34.0 Virginia Hills
Old Keene Mill,Week5,Country Club Hills,Week2,211.0 Country Club Hills - 191.0 Old Keene Mill
Oakton ,Week3,Virginia Hills,Week2,371.0 Oakton - 31.0 Virginia Hills
Old Keene Mill,Week3,Country Club Hills,Week3,231.0 Country Club Hills - 171.0 Old Keene Mill
Orange Hunt,Week5,Hiddenbrook,Week4,256.0 Orange Hunt - 146.0 Hiddenbrook
Orange Hunt,Week5,Great Falls,Week3,225.0 Orange Hunt - 177.0 Great Falls
Orange Hunt,Week5,Great Falls,Week4,242.0 Orange Hunt - 160.0 Great Falls
Oakton ,Week2,Virginia Hills,Week2,377.0 Oakton - 25.0 Virginia Hills
Orange Hunt,Week2,Little Rocky Run,Week4,234.0 Little Rocky Run - 168.0 Orange Hunt
Orange Hunt,Week1,Greenbriar,Week2,224.0 Greenbriar - 178.0 Orange Hunt
Orange Hunt,Week1,Little Rocky Run,Week4,247.0 Little Rocky Run - 155.0 Orange Hunt
Orange Hunt,Week4,Little Hunting Park,Week5,248.0 Orange Hunt - 153.0 Little Hunting Park
Old Keene Mill,Week3,Rolling Forest,Week1,239.0 Rolling Forest - 163.0 Old Keene Mill
Oakton ,Week1,Virginia Hills,Week2,371.0 Oakton - 31.0 Virginia Hills
Old Keene Mill,Week3,Rolling Hills,Week2,223.0 Rolling Hills - 179.0 Old Keene Mill
Orange Hunt,Week2,High Point Pool,Week4,217.0 High Point Pool - 185.0 Orange Hunt
Old Keene Mill,Week4,Country Club Hills,Week2,235.0 Country Club Hills - 167.0 Old Keene Mill
Orange Hunt,Week1,High Point Pool,Week5,215.0 High Point Pool - 187.0 Orange Hunt
Orange Hunt,Week5,Great Falls,Week5,221.0 Orange Hunt - 181.0 Great Falls
Old Keene Mill,Week1,Rolling Hills,Week5,232.0 Rolling Hills - 170.0 Old Keene Mill
Old Keene Mill,Week5,Rolling Forest,Week1,218.0 Rolling Forest - 184.0 Old Keene Mill
Orange Hunt,Week1,High Point Pool,Week3,207.0 High Point Pool - 195.0 Orange Hunt
Old Keene Mill,Week1,Crosspointe,Week1,322.0 Crosspointe - 80.0 Old Keene Mill
Orange Hunt,Week2,Hamlet,Week2,274.0 Hamlet - 128.0 Orange Hunt
Old Keene Mill,Week4,Rolling Forest,Week3,246.0 Rolling Forest - 156.0 Old Keene Mill
Orange Hunt,Week3,Greenbriar,Week1,213.0 Orange Hunt - 189.0 Greenbriar
Old Keene Mill,Week4,Rolling Forest,Week4,247.0 Rolling Forest - 155.0 Old Keene Mill
Old Keene Mill,Week1,Crosspointe,Week4,316.0 Crosspointe - 86.0 Old Keene Mill
Orange Hunt,Week1,High Point Pool,Week2,228.0 High Point Pool - 174.0 Orange Hunt
Orange Hunt,Week5,Little Rocky Run,Week3,237.0 Little Rocky Run - 165.0 Orange Hunt
Orange Hunt,Week3,Greenbriar,Week3,210.0 Orange Hunt - 192.0 Greenbriar
Old Keene Mill,Week5,Country Club Hills,Week3,217.0 Country Club Hills - 185.0 Old Keene Mill
Orange Hunt,Week3,Little Rocky Run,Week1,231.5 Little Rocky Run - 170.5 Orange Hunt
Oakton ,Week4,Village West,Week2,331.0 Oakton - 71.0 Village West
Orange Hunt,Week3,Little Hunting Park,Week3,264.5 Orange Hunt - 137.5 Little Hunting Park
Orange Hunt,Week3,High Point Pool,Week1,202.0 Orange Hunt - 200.0 High Point Pool
Orange Hunt,Week4,Little Hunting Park,Week2,273.0 Orange Hunt - 129.0 Little Hunting Park
Orange Hunt,Week2,High Point Pool,Week3,207.0 High Point Pool - 195.0 Orange Hunt
Oakton ,Week5,Village West,Week3,326.0 Oakton - 76.0 Village West
Orange Hunt,Week2,Little Rocky Run,Week2,220.0 Little Rocky Run - 182.0 Orange Hunt
Old Keene Mill,Week5,Rolling Forest,Week2,203.0 Rolling Forest - 199.0 Old Keene Mill
Old Keene Mill,Week2,Rolling Hills,Week4,217.0 Rolling Hills - 185.0 Old Keene Mill
Orange Hunt,Week2,Greenbriar,Week4,220.0 Orange Hunt - 182.0 Greenbriar
Oakton ,Week4,Virginia Hills,Week5,366.0 Oakton - 36.0 Virginia Hills
Oakton ,Week4,Virginia Hills,Week2,381.0 Oakton - 21.0 Virginia Hills
Orange Hunt,Week5,Greenbriar,Week3,218.0 Orange Hunt - 184.0 Greenbriar
Old Keene Mill,Week3,Country Club Hills,Week4,227.0 Country Club Hills - 175.0 Old Keene Mill
Oakton ,Week3,Virginia Hills,Week1,371.0 Oakton - 31.0 Virginia Hills
Old Keene Mill,Week1,Crosspointe,Week5,338.0 Crosspointe - 64.0 Old Keene Mill
Oakton ,Week4,Village West,Week1,326.0 Oakton - 76.0 Village West
Old Keene Mill,Week4,Country Club Hills,Week1,240.0 Country Club Hills - 162.0 Old Keene Mill
Orange Hunt,Week5,Little Rocky Run,Week4,219.0 Little Rocky Run - 183.0 Orange Hunt
Old Keene Mill,Week5,Rolling Forest,Week5,228.0 Rolling Forest - 174.0 Old Keene Mill
Oakton ,Week1,Virginia Run,Week5,237.0 Oakton - 165.0 Virginia Run
Old Keene Mill,Week1,Rolling Hills,Week4,231.0 Rolling Hills - 170.0 Old Keene Mill
Orange Hunt,Week1,High Point Pool,Week4,220.0 High Point Pool - 182.0 Orange Hunt
Orange Hunt,Week2,Hamlet,Week5,266.5 Hamlet - 135.5 Orange Hunt
Orange Hunt,Week2,High Point Pool,Week5,209.0 High Point Pool - 193.0 Orange Hunt
Oakton ,Week1,Virginia Hills,Week1,373.0 Oakton - 29.0 Virginia Hills
Oakton ,Week5,Village West,Week4,334.0 Oakton - 63.0 Village West
Old Keene Mill,Week2,Crosspointe,Week1,312.0 Crosspointe - 90.0 Old Keene Mill
Old Keene Mill,Week5,Rolling Hills,Week1,208.0 Rolling Hills - 194.0 Old Keene Mill
Oakton ,Week5,Village West,Week5,336.0 Oakton - 66.0 Village West
Oakton ,Week5,Village West,Week1,336.0 Oakton - 66.0 Village West
Old Keene Mill,Week2,Rolling Hills,Week5,219.0 Rolling Hills - 183.0 Old Keene Mill
Orange Hunt,Week4,High Point Pool,Week5,212.0 High Point Pool - 190.0 Orange Hunt
Old Keene Mill,Week1,Crosspointe,Week3,310.0 Crosspointe - 92.0 Old Keene Mill
Old Keene Mill,Week4,Rolling Forest,Week5,253.0 Rolling Forest - 149.0 Old Keene Mill
Orange Hunt,Week2,Greenbriar,Week2,223.0 Greenbriar - 179.0 Orange Hunt
Orange Hunt,Week5,High Point Pool,Week2,201.5 Orange Hunt - 200.5 High Point Pool
Oakton ,Week2,Wakefield Chapel,Week2,211.0 Wakefield Chapel - 191.0 Oakton
Orange Hunt,Week2,High Point Pool,Week1,214.0 High Point Pool - 188.0 Orange Hunt
Orange Hunt,Week4,Greenbriar,Week3,208.5 Orange Hunt - 193.5 Greenbriar
Orange Hunt,Week3,High Point Pool,Week2,208.0 High Point Pool - 194.0 Orange Hunt
Orange Hunt,Week2,Greenbriar,Week3,202.0 Orange Hunt - 200.0 Greenbriar
Old Keene Mill,Week5,Country Club Hills,Week1,224.0 Country Club Hills - 178.0 Old Keene Mill
Orange Hunt,Week4,Little Rocky Run,Week2,222.0 Little Rocky Run - 180.0 Orange Hunt
Oakton ,Week5,Wakefield Chapel,Week3,232.0 Wakefield Chapel - 170.0 Oakton
Orange Hunt,Week4,Little Rocky Run,Week5,268.0 Little Rocky Run - 134.0 Orange Hunt
Orange Hunt,Week5,Greenbriar,Week5,222.5 Orange Hunt - 179.5 Greenbriar
Orange Hunt,Week2,Long Branch,Week4,250.0 Orange Hunt - 152.0 Long Branch
Oakton ,Week2,Wakefield Chapel,Week4,209.0 Oakton - 193.0 Wakefield Chapel
Oakton ,Week4,Wakefield Chapel,Week2,235.0 Wakefield Chapel - 167.0 Oakton
Orange Hunt,Week3,Hamlet,Week2,275.0 Hamlet - 127.0 Orange Hunt
Old Keene Mill,Week5,Rolling Hills,Week4,201.0 Rolling Hills - 196.0 Old Keene Mill
Orange Hunt,Week1,Little Rocky Run,Week2,226.5 Little Rocky Run - 175.5 Orange Hunt
Orange Hunt,Week3,High Point Pool,Week4,208.0 High Point Pool - 194.0 Orange Hunt
Oakton ,Week4,Wakefield Chapel,Week3,245.0 Wakefield Chapel - 157.0 Oakton
Old Keene Mill,Week3,Country Club Hills,Week5,265.0 Country Club Hills - 137.0 Old Keene Mill
Old Keene Mill,Week3,Rolling Forest,Week2,218.0 Rolling Forest - 184.0 Old Keene Mill
Old Keene Mill,Week4,Rolling Hills,Week5,232.0 Rolling Hills - 170.0 Old Keene Mill
Orange Hunt,Week4,High Point Pool,Week4,228.0 High Point Pool - 174.0 Orange Hunt
Oakton ,Week4,Wakefield Chapel,Week4,214.0 Wakefield Chapel - 188.0 Oakton
Old Keene Mill,Week1,Rolling Hills,Week2,249.0 Rolling Hills - 153.0 Old Keene Mill
Oakton ,Week1,Wakefield Chapel,Week5,253.0 Wakefield Chapel - 149.0 Oakton
Orange Hunt,Week3,Greenbriar,Week4,223.0 Orange Hunt - 179.0 Greenbriar
Orange Hunt,Week5,Little Hunting Park,Week5,255.0 Orange Hunt - 146.0 Little Hunting Park
Orange Hunt,Week5,Little Hunting Park,Week1,283.0 Orange Hunt - 119.0 Little Hunting Park
Old Keene Mill,Week4,Country Club Hills,Week4,229.0 Country Club Hills - 173.0 Old Keene Mill
Orange Hunt,Week3,Greenbriar,Week5,210.0 Orange Hunt - 192.0 Greenbriar
Orange Hunt,Week5,High Point Pool,Week1,202.5 High Point Pool - 199.5 Orange Hunt
Orange Hunt,Week4,Little Hunting Park,Week4,269.0 Orange Hunt - 133.0 Little Hunting Park
Orange Hunt,Week1,Hamlet,Week2,266.0 Hamlet - 136.0 Orange Hunt
Old Keene Mill,Week1,Rolling Hills,Week1,230.0 Rolling Hills - 172.0 Old Keene Mill
Orange Hunt,Week1,Hamlet,Week5,277.0 Hamlet - 125.0 Orange Hunt
Oakton ,Week2,Walden Glen,Week4,294.0 Oakton - 108.0 Walden Glen
Orange Hunt,Week1,Hamlet,Week3,263.0 Hamlet - 139.0 Orange Hunt
Orange Hunt,Week4,Little Rocky Run,Week3,250.0 Little Rocky Run - 152.0 Orange Hunt
Oakton ,Week2,Virginia Hills,Week1,370.0 Oakton - 32.0 Virginia Hills
Orange Hunt,Week1,High Point Pool,Week1,215.0 High Point Pool - 187.0 Orange Hunt
Oakton ,Week3,Wakefield Chapel,Week3,224.0 Wakefield Chapel - 173.0 Oakton
Oakton ,Week3,Wakefield Chapel,Week1,237.0 Wakefield Chapel - 165.0 Oakton
Orange Hunt,Week2,Little Rocky Run,Week3,243.0 Little Rocky Run - 159.0 Orange Hunt
Oakton ,Week1,Virginia Hills,Week5,361.0 Oakton - 41.0 Virginia Hills
Oakton ,Week2,Virginia Hills,Week3,376.0 Oakton - 26.0 Virginia Hills
Orange Hunt,Week5,High Point Pool,Week3,213.0 Orange Hunt - 189.0 High Point Pool
Oakton ,Week4,Village West,Week4,325.0 Oakton - 72.0 Village West
Orange Hunt,Week4,High Point Pool,Week1,214.0 High Point Pool - 188.0 Orange Hunt
Old Keene Mill,Week4,Country Club Hills,Week3,233.0 Country Club Hills - 169.0 Old Keene Mill
Old Keene Mill,Week1,Rolling Valley,Week2,216.0 Old Keene Mill - 186.0 Rolling Valley
Oakton ,Week1,Virginia Hills,Week3,374.0 Oakton - 28.0 Virginia Hills
Orange Hunt,Week4,Little Rocky Run,Week4,251.0 Little Rocky Run - 151.0 Orange Hunt
Oakton ,Week3,Virginia Hills,Week5,353.0 Oakton - 49.0 Virginia Hills
Orange Hunt,Week2,Greenbriar,Week1,208.0 Orange Hunt - 194.0 Greenbriar
Oakton ,Week3,Wakefield Chapel,Week4,207.0 Oakton - 195.0 Wakefield Chapel
Orange Hunt,Week2,Long Branch,Week1,266.0 Orange Hunt - 136.0 Long Branch
Orange Hunt,Week1,Highland Park,Week1,209.0 Highland Park - 193.0 Orange Hunt
Oakton ,Week4,Virginia Hills,Week1,373.0 Oakton - 29.0 Virginia Hills
Old Keene Mill,Week4,Rolling Forest,Week2,232.5 Rolling Forest - 169.5 Old Keene Mill
Oakton ,Week1,Walden Glen,Week5,274.0 Oakton - 128.0 Walden Glen
Oakton ,Week1,Virginia Hills,Week4,371.0 Oakton - 31.0 Virginia Hills
Oakton ,Week2,Virginia Hills,Week5,359.0 Oakton - 43.0 Virginia Hills
Orange Hunt,Week4,High Point Pool,Week2,220.0 High Point Pool - 182.0 Orange Hunt
Orange Hunt,Week5,High Point Pool,Week4,202.0 High Point Pool - 200.0 Orange Hunt
Oakton ,Week5,Wakefield Chapel,Week1,238.0 Wakefield Chapel - 164.0 Oakton
Old Keene Mill,Week3,Rolling Forest,Week3,239.0 Rolling Forest - 163.0 Old Keene Mill
Old Keene Mill,Week1,Rolling Hills,Week3,239.0 Rolling Hills - 162.0 Old Keene Mill
Orange Hunt,Week1,Long Branch,Week5,244.0 Orange Hunt - 158.0 Long Branch
Orange Hunt,Week4,Greenbriar,Week1,206.0 Greenbriar - 196.0 Orange Hunt
Orange Hunt,Week4,Little Rocky Run,Week1,228.0 Little Rocky Run - 174.0 Orange Hunt
Orange Hunt,Week2,High Point Pool,Week2,214.0 High Point Pool - 188.0 Orange Hunt
Orange Hunt,Week5,High Point Pool,Week5,203.0 Orange Hunt - 199.0 High Point Pool
Oakton ,Week5,Wakefield Chapel,Week2,210.0 Wakefield Chapel - 192.0 Oakton
Orange Hunt,Week2,Greenbriar,Week5,203.0 Orange Hunt - 199.0 Greenbriar
Orange Hunt,Week5,Greenbriar,Week1,218.0 Orange Hunt - 184.0 Greenbriar
Oakton ,Week3,Virginia Hills,Week4,366.0 Oakton - 36.0 Virginia Hills
Old Keene Mill,Week3,Rolling Hills,Week1,225.0 Rolling Hills - 177.0 Old Keene Mill
Old Keene Mill,Week2,Rolling Hills,Week3,234.0 Rolling Hills - 168.0 Old Keene Mill
Oakton ,Week4,Wakefield Chapel,Week5,247.0 Wakefield Chapel - 155.0 Oakton
Orange Hunt,Week4,Greenbriar,Week2,222.0 Greenbriar - 180.0 Orange Hunt
Orange Hunt,Week3,Little Rocky Run,Week4,238.0 Little Rocky Run - 164.0 Orange Hunt
Old Keene Mill,Week2,Rolling Hills,Week1,213.5 Rolling Hills - 188.5 Old Keene Mill
Orange Hunt,Week3,Greenbriar,Week2,213.0 Greenbriar - 189.0 Orange Hunt
Orange Hunt,Week5,Little Rocky Run,Week2,207.0 Little Rocky Run - 195.0 Orange Hunt
Old Keene Mill,Week4,Rolling Forest,Week1,251.0 Rolling Forest - 151.0 Old Keene Mill
Oakton ,Week4,Virginia Hills,Week3,381.0 Oakton - 21.0 Virginia Hills
Orange Hunt,Week3,High Point Pool,Week3,201.0 High Point Pool - 201.0 Orange Hunt
Oakton ,Week2,Wakefield Chapel,Week1,219.0 Wakefield Chapel - 183.0 Oakton
Oakton ,Week4,Virginia Hills,Week4,374.0 Oakton - 28.0 Virginia Hills
Orange Hunt,Week1,Greenbriar,Week5,205.0 Greenbriar - 197.0 Orange Hunt
Orange Hunt,Week2,Long Branch,Week3,272.0 Orange Hunt - 130.0 Long Branch
Orange Hunt,Week4,Highland Park,Week2,214.0 Orange Hunt - 188.0 Highland Park
Orange Hunt,Week4,Greenbriar,Week4,229.5 Orange Hunt - 172.5 Greenbriar
Old Keene Mill,Week3,Rolling Forest,Week5,243.0 Rolling Forest - 159.0 Old Keene Mill
Oakton ,Week5,Walden Glen,Week4,313.0 Oakton - 89.0 Walden Glen
Orange Hunt,Week1,Long Branch,Week4,244.0 Orange Hunt - 158.0 Long Branch
Orange Hunt,Week3,Long Branch,Week1,263.0 Orange Hunt - 139.0 Long Branch
Orange Hunt,Week3,High Point Pool,Week5,206.0 High Point Pool - 196.0 Orange Hunt
Orange Hunt,Week1,Greenbriar,Week4,211.0 Orange Hunt - 191.0 Greenbriar
Oakton ,Week1,Virginia Run,Week1,254.5 Oakton - 147.5 Virginia Run
Orange Hunt,Week1,Long Branch,Week2,267.0 Orange Hunt - 135.0 Long Branch
Orange Hunt,Week5,Greenbriar,Week4,234.0 Orange Hunt - 168.0 Greenbriar
Oakton ,Week5,Virginia Hills,Week2,381.0 Oakton - 21.0 Virginia Hills
Old Keene Mill,Week5,Rolling Forest,Week4,227.0 Rolling Forest - 175.0 Old Keene Mill
Orange Hunt,Week3,Little Rocky Run,Week2,216.0 Little Rocky Run - 186.0 Orange Hunt
Oakton ,Week1,Walden Glen,Week2,296.0 Oakton - 101.0 Walden Glen
Old Keene Mill,Week2,Rolling Hills,Week2,215.0 Rolling Hills - 187.0 Old Keene Mill
Orange Hunt,Week5,Greenbriar,Week2,206.0 Orange Hunt - 195.0 Greenbriar
Old Keene Mill,Week5,Rolling Forest,Week3,240.0 Rolling Forest - 162.0 Old Keene Mill
Orange Hunt,Week1,Highland Park,Week2,211.0 Orange Hunt - 191.0 Highland Park
Orange Hunt,Week4,High Point Pool,Week3,214.0 High Point Pool - 188.0 Orange Hunt
Oakton ,Week5,Virginia Hills,Week4,368.0 Oakton - 34.0 Virginia Hills
Oakton ,Week1,Walden Glen,Week1,313.0 Oakton - 84.0 Walden Glen
Oakton ,Week5,Virginia Hills,Week5,363.0 Oakton - 39.0 Virginia Hills
Orange Hunt,Week2,Highland Park,Week5,213.0 Orange Hunt - 189.0 Highland Park
Old Keene Mill,Week3,Rolling Hills,Week5,223.0 Rolling Hills - 179.0 Old Keene Mill
Orange Hunt,Week2,Long Branch,Week2,264.0 Orange Hunt - 138.0 Long Branch
Oakton ,Week4,Walden Glen,Week3,296.0 Oakton - 106.0 Walden Glen
Oakton ,Week4,Wakefield Chapel,Week1,246.0 Wakefield Chapel - 156.0 Oakton
Orange Hunt,Week3,Hamlet,Week1,249.0 Hamlet - 153.0 Orange Hunt
Old Keene Mill,Week4,Rolling Hills,Week1,228.0 Rolling Hills - 174.0 Old Keene Mill
Orange Hunt,Week5,Little Rocky Run,Week1,219.0 Little Rocky Run - 183.0 Orange Hunt
Orange Hunt,Week1,Highland Park,Week3,211.0 Orange Hunt - 191.0 Highland Park
Orange Hunt,Week1,Highlands Swim,Week5,287.0 Highlands Swim - 115.0 Orange Hunt
Orange Hunt,Week5,Little Rocky Run,Week5,243.0 Little Rocky Run - 159.0 Orange Hunt
Oakton ,Week2,Wakefield Chapel,Week5,236.0 Wakefield Chapel - 166.0 Oakton
Orange Hunt,Week1,Highlands Swim,Week1,293.0 Highlands Swim - 109.0 Orange Hunt
Orange Hunt,Week5,Highland Park,Week4,221.0 Orange Hunt - 181.0 Highland Park
Orange Hunt,Week3,Little Rocky Run,Week5,259.0 Little Rocky Run - 143.0 Orange Hunt
Oakton ,Week1,Virginia Run,Week2,268.0 Oakton - 134.0 Virginia Run
Orange Hunt,Week2,Long Branch,Week5,249.0 Orange Hunt - 153.0 Long Branch
Orange Hunt,Week2,Hamlet,Week3,262.0 Hamlet - 140.0 Orange Hunt
Oakton ,Week3,Wakefield Chapel,Week2,209.0 Wakefield Chapel - 193.0 Oakton
Oakton ,Week2,Virginia Run,Week4,278.0 Oakton - 124.0 Virginia Run
Oakton ,Week1,Virginia Run,Week4,255.0 Oakton - 147.0 Virginia Run
Oakton ,Week5,Virginia Hills,Week3,379.0 Oakton - 23.0 Virginia Hills
Oakton ,Week1,Walden Glen,Week3,283.0 Oakton - 119.0 Walden Glen
Orange Hunt,Week2,Hamlet,Week4,248.0 Hamlet - 154.0 Orange Hunt
Orange Hunt,Week5,Highland Park,Week3,228.5 Orange Hunt - 173.5 Highland Park
Oakton ,Week3,Virginia Run,Week3,257.0 Oakton - 145.0 Virginia Run
Old Keene Mill,Week3,Rolling Hills,Week3,235.0 Rolling Hills - 167.0 Old Keene Mill
Old Keene Mill,Week3,Rolling Hills,Week4,227.0 Rolling Hills - 175.0 Old Keene Mill
Old Keene Mill,Week4,Rolling Hills,Week3,240.0 Rolling Hills - 162.0 Old Keene Mill
Orange Hunt,Week3,Little Rocky Run,Week3,232.0 Little Rocky Run - 170.0 Orange Hunt
Old Keene Mill,Week4,Rolling Hills,Week2,235.0 Rolling Hills - 167.0 Old Keene Mill
Oakton ,Week5,Wakefield Chapel,Week5,247.0 Wakefield Chapel - 155.0 Oakton
Oakton ,Week2,Wakefield Chapel,Week3,215.0 Wakefield Chapel - 187.0 Oakton
Oakton ,Week1,Virginia Run,Week3,261.0 Oakton - 141.0 Virginia Run
Orange Hunt,Week1,Hamlet,Week4,245.0 Hamlet - 157.0 Orange Hunt
Orange Hunt,Week2,Hamlet,Week1,244.0 Hamlet - 158.0 Orange Hunt
Orange Hunt,Week1,Hamlet,Week1,263.0 Hamlet - 139.0 Orange Hunt
Orange Hunt,Week1,Long Branch,Week3,262.0 Orange Hunt - 140.0 Long Branch
Old Keene Mill,Week4,Rolling Hills,Week4,233.0 Rolling Hills - 169.0 Old Keene Mill
Orange Hunt,Week4,Hamlet,Week5,275.0 Hamlet - 127.0 Orange Hunt
Old Keene Mill,Week5,Rolling Hills,Week3,219.0 Rolling Hills - 183.0 Old Keene Mill
Oakton ,Week2,Virginia Run,Week1,265.0 Oakton - 137.0 Virginia Run
Oakton ,Week3,Virginia Run,Week2,274.0 Oakton - 128.0 Virginia Run
Orange Hunt,Week3,Hamlet,Week4,245.0 Hamlet - 157.0 Orange Hunt
Orange Hunt,Week5,Highland Park,Week2,226.0 Orange Hunt - 176.0 Highland Park
Old Keene Mill,Week1,Rolling Valley,Week1,233.0 Old Keene Mill - 168.0 Rolling Valley
Orange Hunt,Week2,Highland Park,Week1,214.0 Highland Park - 188.0 Orange Hunt
Orange Hunt,Week5,Hamlet,Week3,250.0 Hamlet - 152.0 Orange Hunt
Orange Hunt,Week1,Long Branch,Week1,256.0 Orange Hunt - 146.0 Long Branch
Oakton ,Week2,Walden Glen,Week2,303.0 Oakton - 99.0 Walden Glen
Oakton ,Week3,Virginia Run,Week5,236.0 Oakton - 166.0 Virginia Run
Old Keene Mill,Week5,Rolling Hills,Week5,215.0 Rolling Hills - 187.0 Old Keene Mill
Oakton ,Week2,Walden Glen,Week3,306.0 Oakton - 96.0 Walden Glen
Oakton ,Week2,Virginia Run,Week5,249.0 Oakton - 153.0 Virginia Run
Orange Hunt,Week1,Highland Park,Week5,203.0 Orange Hunt - 199.0 Highland Park
Old Keene Mill,Week5,Rolling Hills,Week2,218.0 Rolling Hills - 184.0 Old Keene Mill
Oakton ,Week3,Virginia Run,Week4,261.0 Oakton - 141.0 Virginia Run
Oakton ,Week1,Walden Glen,Week4,282.0 Oakton - 115.0 Walden Glen
Oakton ,Week5,Wakefield Chapel,Week4,201.5 Oakton - 200.5 Wakefield Chapel
Oakton ,Week3,Virginia Run,Week1,246.0 Oakton - 156.0 Virginia Run
Oakton ,Week2,Walden Glen,Week1,317.0 Oakton - 85.0 Walden Glen
Orange Hunt,Week1,Highlands Swim,Week2,288.0 Highlands Swim - 114.0 Orange Hunt
Orange Hunt,Week2,Highlands Swim,Week4,275.0 Highlands Swim - 127.0 Orange Hunt
Orange Hunt,Week4,Hamlet,Week2,275.0 Hamlet - 127.0 Orange Hunt
Oakton ,Week3,Wakefield Chapel,Week5,238.0 Wakefield Chapel - 164.0 Oakton
Orange Hunt,Week3,Long Branch,Week3,269.0 Orange Hunt - 133.0 Long Branch
Old Keene Mill,Week1,Rolling Valley,Week4,212.0 Old Keene Mill - 190.0 Rolling Valley
Orange Hunt,Week5,Hamlet,Week1,237.5 Hamlet - 164.5 Orange Hunt
Orange Hunt,Week5,Long Branch,Week1,280.0 Orange Hunt - 121.0 Long Branch
Orange Hunt,Week2,Highland Park,Week4,205.0 Highland Park - 197.0 Orange Hunt
Orange Hunt,Week4,Long Branch,Week1,270.0 Orange Hunt - 132.0 Long Branch
Orange Hunt,Week4,Long Branch,Week3,264.0 Orange Hunt - 138.0 Long Branch
Orange Hunt,Week3,Highland Park,Week2,203.0 Orange Hunt - 199.0 Highland Park
Orange Hunt,Week2,Hayfield Farm,Week1,206.0 Orange Hunt - 196.0 Hayfield Farm
Orange Hunt,Week4,Highlands Swim,Week5,291.0 Highlands Swim - 111.0 Orange Hunt
Orange Hunt,Week5,Long Branch,Week2,268.0 Orange Hunt - 134.0 Long Branch
Old Keene Mill,Week2,Rolling Valley,Week1,252.0 Old Keene Mill - 150.0 Rolling Valley
Orange Hunt,Week4,Long Branch,Week2,264.0 Orange Hunt - 138.0 Long Branch
Orange Hunt,Week1,Hayfield Farm,Week4,202.0 Hayfield Farm - 200.0 Orange Hunt
Oakton ,Week3,Walden Glen,Week1,311.5 Oakton - 90.5 Walden Glen
Orange Hunt,Week1,Hayfield Farm,Week2,202.0 Orange Hunt - 200.0 Hayfield Farm
Orange Hunt,Week3,Highland Park,Week4,205.0 Highland Park - 197.0 Orange Hunt
Orange Hunt,Week3,Highlands Swim,Week4,275.0 Highlands Swim - 127.0 Orange Hunt
Oakton ,Week5,Virginia Run,Week1,262.0 Oakton - 140.0 Virginia Run
Orange Hunt,Week4,Hamlet,Week4,252.0 Hamlet - 150.0 Orange Hunt
Oakton ,Week3,Walden Glen,Week2,292.0 Oakton - 110.0 Walden Glen
Oakton ,Week2,Virginia Run,Week2,289.0 Oakton - 113.0 Virginia Run
Oakton ,Week5,Virginia Run,Week3,268.0 Oakton - 134.0 Virginia Run
Orange Hunt,Week5,Long Branch,Week5,258.0 Orange Hunt - 144.0 Long Branch
Oakton ,Week2,Walden Glen,Week5,302.0 Oakton - 100.0 Walden Glen
Old Keene Mill,Week2,Rolling Valley,Week3,209.0 Old Keene Mill - 193.0 Rolling Valley
Old Keene Mill,Week1,Rolling Valley,Week5,206.0 Old Keene Mill - 196.0 Rolling Valley
Oakton ,Week4,Virginia Run,Week4,269.0 Oakton - 133.0 Virginia Run
Oakton ,Week3,Walden Glen,Week3,290.0 Oakton - 112.0 Walden Glen
Old Keene Mill,Week2,Rolling Valley,Week2,229.0 Old Keene Mill - 173.0 Rolling Valley
Orange Hunt,Week4,Highlands Swim,Week3,275.0 Highlands Swim - 127.0 Orange Hunt
Orange Hunt,Week5,Long Branch,Week4,264.0 Orange Hunt - 138.0 Long Branch
Orange Hunt,Week3,Hayfield Farm,Week1,221.5 Orange Hunt - 180.5 Hayfield Farm
Old Keene Mill,Week1,Rolling Valley,Week3,214.0 Old Keene Mill - 187.0 Rolling Valley
Oakton ,Week3,Walden Glen,Week4,286.5 Oakton - 110.5 Walden Glen
Orange Hunt,Week4,Highland Park,Week1,213.0 Highland Park - 189.0 Orange Hunt
Orange Hunt,Week5,Long Branch,Week3,286.5 Orange Hunt - 115.5 Long Branch
Orange Hunt,Week3,Hayfield Farm,Week5,218.0 Orange Hunt - 184.0 Hayfield Farm
Oakton ,Week3,Walden Glen,Week5,280.0 Oakton - 122.0 Walden Glen
Oakton ,Week5,Virginia Run,Week4,276.0 Oakton - 126.0 Virginia Run
Orange Hunt,Week2,Hayfield Farm,Week3,215.0 Orange Hunt - 187.0 Hayfield Farm
Orange Hunt,Week1,Mansion House,Week1,219.0 Mansion House - 183.0 Orange Hunt
Oakton ,Week5,Virginia Run,Week2,283.0 Oakton - 119.0 Virginia Run
Orange Hunt,Week2,Hayfield Farm,Week5,221.0 Orange Hunt - 181.0 Hayfield Farm
Oakton ,Week4,Virginia Run,Week1,256.0 Oakton - 146.0 Virginia Run
Oakton ,Week4,Walden Glen,Week4,285.0 Oakton - 117.0 Walden Glen
Orange Hunt,Week3,Long Branch,Week2,265.0 Orange Hunt - 137.0 Long Branch
Orange Hunt,Week2,Mansion House,Week1,209.0 Mansion House - 193.0 Orange Hunt
Oakton ,Week2,Virginia Run,Week3,267.0 Oakton - 135.0 Virginia Run
Oakton ,Week1,Wakefield Chapel,Week1,254.0 Wakefield Chapel - 148.0 Oakton
Orange Hunt,Week2,Hayfield Farm,Week4,208.0 Orange Hunt - 194.0 Hayfield Farm
Oakton ,Week5,Walden Glen,Week3,309.5 Oakton - 92.5 Walden Glen
Orange Hunt,Week3,Long Branch,Week4,248.0 Orange Hunt - 154.0 Long Branch
Oakton ,Week4,Walden Glen,Week1,328.0 Oakton - 74.0 Walden Glen
Orange Hunt,Week1,Hayfield Farm,Week3,204.0 Orange Hunt - 198.0 Hayfield Farm
Oakton ,Week4,Virginia Run,Week2,281.0 Oakton - 121.0 Virginia Run
Orange Hunt,Week3,Highland Park,Week1,216.0 Highland Park - 186.0 Orange Hunt
Orange Hunt,Week4,Long Branch,Week4,254.0 Orange Hunt - 148.0 Long Branch
Oakton ,Week5,Walden Glen,Week1,323.0 Oakton - 79.0 Walden Glen
Orange Hunt,Week4,Highland Park,Week3,215.5 Orange Hunt - 186.5 Highland Park
Orange Hunt,Week4,Highland Park,Week5,215.0 Orange Hunt - 187.0 Highland Park
Orange Hunt,Week5,Highland Park,Week1,204.0 Orange Hunt - 198.0 Highland Park
Orange Hunt,Week5,Hamlet,Week5,273.0 Hamlet - 129.0 Orange Hunt
Oakton ,Week4,Walden Glen,Week2,313.0 Oakton - 89.0 Walden Glen
Oakton ,Week4,Walden Glen,Week5,286.0 Oakton - 116.0 Walden Glen
Oakton ,Week5,Virginia Run,Week5,260.0 Oakton - 142.0 Virginia Run
Orange Hunt,Week3,Highland Park,Week3,222.0 Orange Hunt - 180.0 Highland Park
Oakton ,Week4,Virginia Run,Week3,261.0 Oakton - 141.0 Virginia Run
Orange Hunt,Week3,Long Branch,Week5,250.0 Orange Hunt - 152.0 Long Branch
Orange Hunt,Week4,Hamlet,Week1,249.0 Hamlet - 153.0 Orange Hunt
Orange Hunt,Week2,Highland Park,Week2,205.0 Orange Hunt - 197.0 Highland Park
Orange Hunt,Week4,Long Branch,Week5,258.0 Orange Hunt - 144.0 Long Branch
Oakton ,Week1,Wakefield Chapel,Week4,205.0 Wakefield Chapel - 197.0 Oakton
Orange Hunt,Week5,Highland Park,Week5,227.0 Orange Hunt - 175.0 Highland Park
Oakton ,Week1,Waynewood,Week5,208.0 Oakton - 194.0 Waynewood
Orange Hunt,Week1,Herndon,Week2,313.0 Orange Hunt - 89.0 Herndon
Orange Hunt,Week1,Highland Park,Week4,202.0 Highland Park - 200.0 Orange Hunt
Oakton ,Week1,Wakefield Chapel,Week3,230.0 Wakefield Chapel - 172.0 Oakton
Orange Hunt,Week4,Highland Park,Week4,204.0 Highland Park - 198.0 Orange Hunt
Orange Hunt,Week3,Mansion House,Week2,212.0 Orange Hunt - 190.0 Mansion House
Oakton ,Week2,Waynewood,Week1,243.0 Oakton - 159.0 Waynewood
Oakton ,Week4,Villa Aquatic,Week2,304.0 Oakton - 98.0 Villa Aquatic
Orange Hunt,Week3,Mansion House,Week1,204.0 Mansion House - 198.0 Orange Hunt
Orange Hunt,Week1,Herndon,Week3,319.0 Orange Hunt - 83.0 Herndon
Orange Hunt,Week1,Highlands Swim,Week4,279.0 Highlands Swim - 123.0 Orange Hunt
Oakton ,Week4,Virginia Run,Week5,248.0 Oakton - 154.0 Virginia Run
Orange Hunt,Week3,Highland Park,Week5,209.0 Orange Hunt - 193.0 Highland Park
Orange Hunt,Week1,Mantua,Week5,266.5 Mantua - 135.5 Orange Hunt
Oakton ,Week2,Waynewood,Week3,219.5 Oakton - 182.5 Waynewood
Orange Hunt,Week1,Mantua,Week2,227.0 Mantua - 175.0 Orange Hunt
Oakton ,Week3,Villa Aquatic,Week2,294.0 Oakton - 108.0 Villa Aquatic
Oakton ,Week1,Waynewood,Week4,230.0 Oakton - 172.0 Waynewood
Orange Hunt,Week4,Hamlet,Week3,265.0 Hamlet - 137.0 Orange Hunt
Orange Hunt,Week5,Mansion House,Week2,225.0 Orange Hunt - 177.0 Mansion House
Orange Hunt,Week3,Hayfield Farm,Week2,218.0 Orange Hunt - 184.0 Hayfield Farm
Orange Hunt,Week3,Hamlet,Week3,258.0 Hamlet - 144.0 Orange Hunt
Orange Hunt,Week2,Highlands Swim,Week2,279.5 Highlands Swim - 122.5 Orange Hunt
Orange Hunt,Week5,Hamlet,Week2,254.0 Hamlet - 148.0 Orange Hunt
Orange Hunt,Week4,Mansion House,Week4,214.0 Orange Hunt - 188.0 Mansion House
Oakton ,Week5,Walden Glen,Week2,314.0 Oakton - 87.0 Walden Glen
Orange Hunt,Week4,Mansion House,Week1,211.0 Mansion House - 191.0 Orange Hunt
Oakton ,Week2,Villa Aquatic,Week1,309.0 Oakton - 93.0 Villa Aquatic
Orange Hunt,Week2,Highland Park,Week3,218.0 Orange Hunt - 184.0 Highland Park
Orange Hunt,Week3,Hayfield Farm,Week4,209.0 Orange Hunt - 193.0 Hayfield Farm
Oakton ,Week1,Wakefield Chapel,Week2,225.0 Wakefield Chapel - 177.0 Oakton
Orange Hunt,Week4,Hayfield Farm,Week1,217.0 Orange Hunt - 185.0 Hayfield Farm
Orange Hunt,Week1,Highlands Swim,Week3,285.0 Highlands Swim - 117.0 Orange Hunt
Oakton ,Week1,Waynewood,Week1,228.5 Oakton - 173.5 Waynewood
Oakton ,Week1,Waynewood,Week3,203.0 Waynewood - 199.0 Oakton
Orange Hunt,Week4,Mantua,Week1,225.0 Mantua - 177.0 Orange Hunt
Orange Hunt,Week5,Hayfield Farm,Week5,225.0 Orange Hunt - 177.0 Hayfield Farm
Orange Hunt,Week2,Hayfield Farm,Week2,219.0 Orange Hunt - 183.0 Hayfield Farm
Orange Hunt,Week2,Mantua,Week4,221.0 Mantua - 181.0 Orange Hunt
Orange Hunt,Week2,Mantua,Week1,214.0 Mantua - 188.0 Orange Hunt
Orange Hunt,Week1,Hayfield Farm,Week1,202.0 Hayfield Farm - 200.0 Orange Hunt
Orange Hunt,Week3,Mantua,Week1,206.0 Orange Hunt - 196.0 Mantua
Orange Hunt,Week3,Highlands Swim,Week5,284.0 Highlands Swim - 118.0 Orange Hunt
Oakton ,Week2,Waynewood,Week4,241.0 Oakton - 161.0 Waynewood
Oakton ,Week2,Village West,Week1,326.0 Oakton - 76.0 Village West
Orange Hunt,Week2,Highlands Swim,Week1,279.0 Highlands Swim - 123.0 Orange Hunt
Oakton ,Week2,Villa Aquatic,Week4,290.0 Oakton - 112.0 Villa Aquatic
Oakton ,Week2,Waynewood,Week2,231.0 Oakton - 171.0 Waynewood
Orange Hunt,Week1,Mantua,Week1,227.5 Mantua - 174.5 Orange Hunt
Orange Hunt,Week2,Highlands Swim,Week3,279.0 Highlands Swim - 123.0 Orange Hunt
Oakton ,Week3,Waynewood,Week4,237.0 Oakton - 165.0 Waynewood
Orange Hunt,Week3,Highlands Swim,Week1,278.0 Highlands Swim - 124.0 Orange Hunt
Oakton ,Week5,Vienna Woods,Week5,245.0 Vienna Woods - 157.0 Oakton
Oakton ,Week3,Waynewood,Week2,229.0 Oakton - 173.0 Waynewood
Orange Hunt,Week5,Hayfield Farm,Week2,227.0 Orange Hunt - 175.0 Hayfield Farm
Oakton ,Week5,Walden Glen,Week5,304.0 Oakton - 98.0 Walden Glen
Oakton ,Week2,Waynewood,Week5,225.0 Oakton - 177.0 Waynewood
Orange Hunt,Week3,Hamlet,Week5,273.0 Hamlet - 129.0 Orange Hunt
Oakton ,Week5,Villa Aquatic,Week3,284.0 Oakton - 118.0 Villa Aquatic
Oakton ,Week4,Villa Aquatic,Week1,302.0 Oakton - 100.0 Villa Aquatic
Orange Hunt,Week5,Hamlet,Week4,231.5 Hamlet - 170.5 Orange Hunt
Oakton ,Week3,Waynewood,Week3,214.0 Oakton - 188.0 Waynewood
Orange Hunt,Week3,Highlands Swim,Week2,280.0 Highlands Swim - 122.0 Orange Hunt
Orange Hunt,Week5,Mansion House,Week5,218.0 Orange Hunt - 184.0 Mansion House
Oakton ,Week1,Villa Aquatic,Week5,259.0 Oakton - 143.0 Villa Aquatic
Orange Hunt,Week2,Highlands Swim,Week5,282.0 Highlands Swim - 120.0 Orange Hunt
Orange Hunt,Week1,Mansion House,Week5,215.0 Mansion House - 187.0 Orange Hunt
Orange Hunt,Week1,Herndon,Week5,320.0 Orange Hunt - 82.0 Herndon
Orange Hunt,Week2,Mansion House,Week5,202.0 Mansion House - 200.0 Orange Hunt
Oakton ,Week4,Waynewood,Week3,208.0 Oakton - 194.0 Waynewood
Orange Hunt,Week3,Highlands Swim,Week3,266.0 Highlands Swim - 136.0 Orange Hunt
Oakton ,Week5,Vienna Woods,Week3,215.0 Vienna Woods - 187.0 Oakton
Orange Hunt,Week2,Mansion House,Week2,213.0 Orange Hunt - 189.0 Mansion House
Orange Hunt,Week2,Mansion House,Week4,216.0 Orange Hunt - 186.0 Mansion House
Oakton ,Week3,Waynewood,Week5,215.0 Oakton - 187.0 Waynewood
Orange Hunt,Week2,Herndon,Week4,305.0 Orange Hunt - 97.0 Herndon
Orange Hunt,Week4,Highlands Swim,Week1,286.0 Highlands Swim - 116.0 Orange Hunt
Orange Hunt,Week4,Highlands Swim,Week2,277.0 Highlands Swim - 125.0 Orange Hunt
Orange Hunt,Week1,Hollin Hills,Week1,319.0 Orange Hunt - 83.0 Hollin Hills
Orange Hunt,Week4,Highlands Swim,Week4,271.0 Highlands Swim - 131.0 Orange Hunt
Orange Hunt,Week5,Highlands Swim,Week5,277.0 Highlands Swim - 125.0 Orange Hunt
Orange Hunt,Week4,Mansion House,Week2,211.0 Orange Hunt - 191.0 Mansion House
Oakton ,Week2,Villa Aquatic,Week5,279.0 Oakton - 123.0 Villa Aquatic
Orange Hunt,Week3,Mansion House,Week4,218.0 Orange Hunt - 184.0 Mansion House
Orange Hunt,Week1,Hayfield Farm,Week5,207.0 Orange Hunt - 195.0 Hayfield Farm
Oakton ,Week1,Waynewood,Week2,221.0 Oakton - 181.0 Waynewood
Oakton ,Week4,Waynewood,Week1,251.0 Oakton - 151.0 Waynewood
Oakton ,Week3,Waynewood,Week1,239.0 Oakton - 163.0 Waynewood
Orange Hunt,Week5,Hayfield Farm,Week3,216.0 Orange Hunt - 186.0 Hayfield Farm
Orange Hunt,Week3,Hayfield Farm,Week3,215.0 Orange Hunt - 187.0 Hayfield Farm
Oakton ,Week5,Villa Aquatic,Week4,299.0 Oakton - 103.0 Villa Aquatic
Oakton ,Week2,Village West,Week3,309.0 Oakton - 93.0 Village West
Orange Hunt,Week2,Herndon,Week3,315.0 Orange Hunt - 87.0 Herndon
Oakton ,Week4,Waynewood,Week2,235.0 Oakton - 167.0 Waynewood
Oakton ,Week2,Villa Aquatic,Week2,297.0 Oakton - 105.0 Villa Aquatic
Oakton ,Week5,Villa Aquatic,Week1,308.0 Oakton - 94.0 Villa Aquatic
Orange Hunt,Week1,Mansion House,Week3,227.0 Mansion House - 175.0 Orange Hunt
Oakton ,Week1,Village West,Week5,317.0 Oakton - 85.0 Village West
Orange Hunt,Week2,Hollin Hills,Week3,298.0 Orange Hunt - 104.0 Hollin Hills
Orange Hunt,Week5,Hayfield Farm,Week1,218.0 Orange Hunt - 184.0 Hayfield Farm
Orange Hunt,Week1,Mansion House,Week4,209.0 Orange Hunt - 193.0 Mansion House
Orange Hunt,Week4,Mansion House,Week3,217.0 Mansion House - 185.0 Orange Hunt
Orange Hunt,Week2,Hollin Hills,Week2,303.0 Orange Hunt - 98.0 Hollin Hills
Orange Hunt,Week5,Mansion House,Week1,207.0 Orange Hunt - 195.0 Mansion House
Oakton ,Week1,Villa Aquatic,Week1,301.0 Oakton - 101.0 Villa Aquatic
Oakton ,Week1,Villa Aquatic,Week4,274.0 Oakton - 128.0 Villa Aquatic
Orange Hunt,Week3,Herndon,Week1,324.0 Orange Hunt - 78.0 Herndon
Orange Hunt,Week2,Hollin Hills,Week4,314.0 Orange Hunt - 86.0 Hollin Hills
Oakton ,Week3,Woodley,Week5,331.0 Oakton - 66.0 Woodley
Oakton ,Week2,Woodley,Week2,350.0 Oakton - 52.0 Woodley
Orange Hunt,Week4,Hayfield Farm,Week2,210.0 Orange Hunt - 192.0 Hayfield Farm
Orange Hunt,Week2,Mansion House,Week3,218.0 Mansion House - 184.0 Orange Hunt
Oakton ,Week2,Woodley,Week5,342.0 Oakton - 60.0 Woodley
Oakton ,Week1,Woodley,Week2,346.0 Oakton - 56.0 Woodley
Orange Hunt,Week3,Mansion House,Week3,214.0 Mansion House - 188.0 Orange Hunt
Orange Hunt,Week1,Hollin Hills,Week2,314.0 Orange Hunt - 87.0 Hollin Hills
Oakton ,Week3,Villa Aquatic,Week1,305.0 Oakton - 97.0 Villa Aquatic
Orange Hunt,Week1,Hollin Hills,Week4,319.0 Orange Hunt - 83.0 Hollin Hills
Orange Hunt,Week3,Herndon,Week2,320.0 Orange Hunt - 82.0 Herndon
Oakton ,Week2,Villa Aquatic,Week3,281.0 Oakton - 121.0 Villa Aquatic
Oakton ,Week5,Vienna Woods,Week4,203.0 Oakton - 199.0 Vienna Woods
Orange Hunt,Week3,Herndon,Week3,328.0 Orange Hunt - 74.0 Herndon
Oakton ,Week1,Villa Aquatic,Week3,247.0 Oakton - 155.0 Villa Aquatic
Orange Hunt,Week4,Hayfield Farm,Week4,206.0 Orange Hunt - 196.0 Hayfield Farm
Orange Hunt,Week1,Herndon,Week4,312.0 Orange Hunt - 90.0 Herndon
Orange Hunt,Week2,Hollin Hills,Week5,305.0 Orange Hunt - 97.0 Hollin Hills
Orange Hunt,Week5,Highlands Swim,Week4,262.0 Highlands Swim - 140.0 Orange Hunt
Oakton ,Week4,Woodley,Week2,351.0 Oakton - 51.0 Woodley
Orange Hunt,Week3,Mansion House,Week5,210.0 Orange Hunt - 192.0 Mansion House
Orange Hunt,Week5,Hayfield Farm,Week4,230.0 Orange Hunt - 172.0 Hayfield Farm
Oakton ,Week3,Woodley,Week2,348.0 Oakton - 54.0 Woodley
Oakton ,Week3,Villa Aquatic,Week4,275.0 Oakton - 127.0 Villa Aquatic
Orange Hunt,Week3,Hollin Hills,Week1,316.0 Orange Hunt - 85.0 Hollin Hills
Oakton ,Week4,Woodley,Week5,333.0 Oakton - 69.0 Woodley
Orange Hunt,Week1,Mansion House,Week2,203.0 Mansion House - 199.0 Orange Hunt
Oakton ,Week3,Villa Aquatic,Week5,255.0 Oakton - 147.0 Villa Aquatic
Orange Hunt,Week2,Herndon,Week5,307.0 Orange Hunt - 95.0 Herndon
Oakton ,Week5,Villa Aquatic,Week2,311.0 Oakton - 91.0 Villa Aquatic
Orange Hunt,Week5,Mansion House,Week4,230.0 Orange Hunt - 172.0 Mansion House
Oakton ,Week3,Villa Aquatic,Week3,268.0 Oakton - 134.0 Villa Aquatic
Orange Hunt,Week2,Herndon,Week1,315.0 Orange Hunt - 87.0 Herndon
Orange Hunt,Week5,Highlands Swim,Week2,274.0 Highlands Swim - 128.0 Orange Hunt
Oakton ,Week4,Woodley,Week4,356.0 Oakton - 46.0 Woodley
Orange Hunt,Week3,Hollin Hills,Week3,301.0 Orange Hunt - 101.0 Hollin Hills
Oakton ,Week5,Woodley,Week4,362.0 Oakton - 40.0 Woodley
Orange Hunt,Week4,Hayfield Farm,Week3,206.0 Orange Hunt - 196.0 Hayfield Farm
Orange Hunt,Week1,Mantua,Week3,244.0 Mantua - 158.0 Orange Hunt
Oakton ,Week4,Villa Aquatic,Week3,277.0 Oakton - 125.0 Villa Aquatic
Oakton ,Week1,Woodley,Week3,348.0 Oakton - 54.0 Woodley
Orange Hunt,Week1,Hollin Hills,Week5,308.0 Orange Hunt - 93.0 Hollin Hills
Orange Hunt,Week1,Mantua,Week4,233.0 Mantua - 169.0 Orange Hunt
Orange Hunt,Week3,Hollin Hills,Week4,321.0 Orange Hunt - 80.0 Hollin Hills
Oakton ,Week1,Villa Aquatic,Week2,280.0 Oakton - 122.0 Villa Aquatic
Orange Hunt,Week5,Mansion House,Week3,202.0 Orange Hunt - 200.0 Mansion House
Oakton ,Week4,Villa Aquatic,Week5,276.0 Oakton - 126.0 Villa Aquatic
Orange Hunt,Week4,Hayfield Farm,Week5,218.0 Orange Hunt - 184.0 Hayfield Farm
Orange Hunt,Week3,Hollin Hills,Week2,313.0 Orange Hunt - 88.0 Hollin Hills
Oakton ,Week2,Woodley,Week4,355.0 Oakton - 47.0 Woodley
Oakton ,Week2,Woodley,Week1,341.0 Oakton - 61.0 Woodley
Orange Hunt,Week2,Herndon,Week2,305.0 Orange Hunt - 97.0 Herndon
Orange Hunt,Week5,Highlands Swim,Week1,265.0 Highlands Swim - 137.0 Orange Hunt
Oakton ,Week5,Waynewood,Week2,253.5 Oakton - 148.5 Waynewood
Orange Hunt,Week4,Mansion House,Week5,206.5 Mansion House - 195.5 Orange Hunt
Orange Hunt,Week1,Herndon,Week1,322.0 Orange Hunt - 80.0 Herndon
Orange Hunt,Week2,Mantua,Week2,203.5 Mantua - 198.5 Orange Hunt
Oakton ,Week3,Woodley,Week1,332.0 Oakton - 70.0 Woodley
Orange Hunt,Week2,Hollin Hills,Week1,316.0 Orange Hunt - 85.0 Hollin Hills
Orange Hunt,Week3,Mantua,Week2,207.0 Mantua - 195.0 Orange Hunt
Orange Hunt,Week4,Hollin Hills,Week1,308.0 Orange Hunt - 93.0 Hollin Hills
Old Keene Mill,Week2,Annandale,Week2,225.0 Old Keene Mill - 177.0 Annandale
Oakton ,Week5,Woodley,Week1,344.0 Oakton - 58.0 Woodley
Oakton ,Week1,Village West,Week4,317.0 Oakton - 80.0 Village West
Orange Hunt,Week2,Mantua,Week5,247.5 Mantua - 154.5 Orange Hunt
Orange Hunt,Week3,Hollin Meadows,Week1,214.0 Orange Hunt - 188.0 Hollin Meadows
Oakton ,Week1,Village West,Week1,326.0 Oakton - 76.0 Village West
Oakton ,Week3,Woodley,Week3,351.0 Oakton - 51.0 Woodley
Oakton ,Week4,Villa Aquatic,Week4,292.0 Oakton - 110.0 Villa Aquatic
Orange Hunt,Week3,Hollin Hills,Week5,317.0 Orange Hunt - 85.0 Hollin Hills
Old Keene Mill,Week2,Annandale,Week5,213.0 Old Keene Mill - 189.0 Annandale
Orange Hunt,Week3,Mantua,Week5,250.0 Mantua - 152.0 Orange Hunt
Orange Hunt,Week3,Mantua,Week3,254.0 Mantua - 148.0 Orange Hunt
Oakton ,Week5,Waynewood,Week5,239.0 Oakton - 163.0 Waynewood
Oakton ,Week1,Village West,Week3,311.0 Oakton - 91.0 Village West
Orange Hunt,Week1,Hollin Hills,Week3,299.0 Orange Hunt - 103.0 Hollin Hills
Oakton ,Week5,Villa Aquatic,Week5,282.0 Oakton - 120.0 Villa Aquatic
Orange Hunt,Week3,Mantua,Week4,230.0 Mantua - 172.0 Orange Hunt
Oakton ,Week5,Waynewood,Week3,236.0 Oakton - 166.0 Waynewood
Orange Hunt,Week5,Mantua,Week3,230.0 Mantua - 172.0 Orange Hunt
Orange Hunt,Week5,Mantua,Week4,202.5 Mantua - 199.5 Orange Hunt
Orange Hunt,Week2,Mantua,Week3,248.0 Mantua - 154.0 Orange Hunt
Oakton ,Week2,Village West,Week2,331.0 Oakton - 71.0 Village West
Orange Hunt,Week2,Hollin Meadows,Week2,232.0 Orange Hunt - 170.0 Hollin Meadows
Oakton ,Week1,Village West,Week2,328.0 Oakton - 74.0 Village West
Oakton ,Week4,Waynewood,Week4,248.0 Oakton - 154.0 Waynewood
Oakton ,Week2,Village West,Week4,322.5 Oakton - 74.5 Village West
Orange Hunt,Week5,Highlands Swim,Week3,260.0 Highlands Swim - 142.0 Orange Hunt
Oakton ,Week1,Woodley,Week5,338.5 Oakton - 63.5 Woodley
Orange Hunt,Week3,Hollin Meadows,Week2,224.0 Orange Hunt - 178.0 Hollin Meadows
Orange Hunt,Week2,McLean,Week1,245.0 McLean - 157.0 Orange Hunt
Oakton ,Week3,Woodley,Week4,352.0 Oakton - 45.0 Woodley
Orange Hunt,Week4,Mantua,Week3,256.0 Mantua - 146.0 Orange Hunt
Old Keene Mill,Week3,Vienna Aquatic,Week5,350.0 Vienna Aquatic - 52.0 Old Keene Mill
Oakton ,Week1,Woodley,Week4,344.0 Oakton - 58.0 Woodley
Orange Hunt,Week5,Hollin Meadows,Week1,216.0 Orange Hunt - 185.0 Hollin Meadows
Oakton ,Week5,Waynewood,Week4,262.0 Oakton - 140.0 Waynewood
Orange Hunt,Week5,Mantua,Week2,203.0 Orange Hunt - 199.0 Mantua
Oakton ,Week3,Village West,Week1,323.5 Oakton - 78.5 Village West
Oakton ,Week3,Village West,Week3,302.0 Oakton - 100.0 Village West
Orange Hunt,Week1,McLean,Week3,239.0 McLean - 163.0 Orange Hunt
Orange Hunt,Week5,Hollin Hills,Week2,310.0 Orange Hunt - 88.0 Hollin Hills
Orange Hunt,Week2,McLean,Week2,250.0 McLean - 152.0 Orange Hunt
Orange Hunt,Week3,Hollin Meadows,Week5,206.0 Orange Hunt - 196.0 Hollin Meadows
Oakton ,Week4,Woodley,Week3,356.0 Oakton - 46.0 Woodley
Orange Hunt,Week4,Hollin Meadows,Week4,214.0 Orange Hunt - 188.0 Hollin Meadows
Orange Hunt,Week2,Hollin Meadows,Week4,220.0 Orange Hunt - 182.0 Hollin Meadows
Orange Hunt,Week2,McLean,Week4,239.0 McLean - 163.0 Orange Hunt
Orange Hunt,Week2,McLean,Week5,263.0 McLean - 139.0 Orange Hunt
Oakton ,Week5,Waynewood,Week1,262.0 Oakton - 140.0 Waynewood
Orange Hunt,Week2,Hollin Meadows,Week5,206.0 Orange Hunt - 196.0 Hollin Meadows
Oakton ,Week2,Village West,Week5,319.0 Oakton - 83.0 Village West
Orange Hunt,Week5,Hollin Hills,Week4,331.0 Orange Hunt - 67.0 Hollin Hills
Old Keene Mill,Week3,Vienna Aquatic,Week3,341.0 Vienna Aquatic - 61.0 Old Keene Mill
Oakton ,Week4,Woodley,Week1,339.0 Oakton - 63.0 Woodley
Oakton ,Week4,Waynewood,Week5,232.0 Oakton - 170.0 Waynewood
Orange Hunt,Week4,Mantua,Week4,210.0 Mantua - 192.0 Orange Hunt
Orange Hunt,Week5,Hollin Hills,Week3,306.0 Orange Hunt - 95.0 Hollin Hills
Orange Hunt,Week1,McLean,Week2,256.0 McLean - 146.0 Orange Hunt
Orange Hunt,Week4,Hollin Hills,Week4,314.0 Orange Hunt - 87.0 Hollin Hills
Oakton ,Week1,Woodley,Week1,332.0 Oakton - 70.0 Woodley
Old Keene Mill,Week4,Vienna Aquatic,Week1,336.0 Vienna Aquatic - 66.0 Old Keene Mill
Oakton ,Week3,Village West,Week2,327.0 Oakton - 75.0 Village West
Oakton ,Week3,Village West,Week5,321.0 Oakton - 76.0 Village West
Oakton ,Week3,Village West,Week4,320.0 Oakton - 77.0 Village West
Orange Hunt,Week3,McLean,Week2,237.0 McLean - 165.0 Orange Hunt
Oakton ,Week2,Woodley,Week3,355.0 Oakton - 47.0 Woodley
Old Keene Mill,Week1,Annandale,Week4,214.0 Old Keene Mill - 187.0 Annandale
Oakton ,Week5,Woodley,Week2,356.0 Oakton - 46.0 Woodley
Orange Hunt,Week4,Mantua,Week5,252.0 Mantua - 150.0 Orange Hunt
Old Keene Mill,Week2,Vienna Woods,Week1,320.0 Vienna Woods - 82.0 Old Keene Mill
Oakton ,Week5,Woodley,Week5,343.0 Oakton - 59.0 Woodley
Old Keene Mill,Week5,Vienna Aquatic,Week3,329.0 Vienna Aquatic - 73.0 Old Keene Mill
Orange Hunt,Week3,McLean,Week5,263.0 McLean - 139.0 Orange Hunt
Orange Hunt,Week1,Hollin Meadows,Week1,203.0 Orange Hunt - 199.0 Hollin Meadows
Orange Hunt,Week2,Hollin Meadows,Week1,214.0 Orange Hunt - 188.0 Hollin Meadows
Old Keene Mill,Week1,Annandale,Week2,221.0 Old Keene Mill - 181.0 Annandale
Old Keene Mill,Week3,Vienna Aquatic,Week1,324.0 Vienna Aquatic - 78.0 Old Keene Mill
Orange Hunt,Week1,Hollin Meadows,Week4,205.0 Orange Hunt - 197.0 Hollin Meadows
Old Keene Mill,Week2,Vienna Woods,Week2,326.0 Vienna Woods - 76.0 Old Keene Mill
Oakton ,Week5,Woodley,Week3,368.0 Oakton - 34.0 Woodley
Orange Hunt,Week4,Hollin Meadows,Week3,207.0 Orange Hunt - 195.0 Hollin Meadows
Orange Hunt,Week1,McLean,Week4,233.0 McLean - 169.0 Orange Hunt
Old Keene Mill,Week5,Vienna Aquatic,Week5,333.0 Vienna Aquatic - 69.0 Old Keene Mill
Old Keene Mill,Week1,Annandale,Week5,213.0 Old Keene Mill - 188.0 Annandale
Old Keene Mill,Week5,Vienna Aquatic,Week4,314.0 Vienna Aquatic - 88.0 Old Keene Mill
Orange Hunt,Week2,Holmes Run Acres,Week2,219.0 Orange Hunt - 183.0 Holmes Run Acres
Orange Hunt,Week4,Mantua,Week2,211.0 Mantua - 186.0 Orange Hunt
Orange Hunt,Week1,McLean,Week5,259.0 McLean - 143.0 Orange Hunt
Old Keene Mill,Week1,Annandale,Week1,221.0 Old Keene Mill - 181.0 Annandale
Old Keene Mill,Week2,Vienna Aquatic,Week5,350.0 Vienna Aquatic - 52.0 Old Keene Mill
Orange Hunt,Week5,Hollin Hills,Week5,311.0 Orange Hunt - 90.0 Hollin Hills
Old Keene Mill,Week3,Vienna Woods,Week1,323.0 Vienna Woods - 79.0 Old Keene Mill
Orange Hunt,Week1,Hollin Meadows,Week3,213.0 Orange Hunt - 189.0 Hollin Meadows
Orange Hunt,Week4,Hollin Meadows,Week5,215.0 Orange Hunt - 187.0 Hollin Meadows
Old Keene Mill,Week2,Annandale,Week1,225.0 Old Keene Mill - 177.0 Annandale
Orange Hunt,Week3,McLean,Week3,234.0 McLean - 168.0 Orange Hunt
Orange Hunt,Week3,McLean,Week4,230.0 McLean - 172.0 Orange Hunt
Orange Hunt,Week5,McLean,Week1,235.0 McLean - 167.0 Orange Hunt
Old Keene Mill,Week3,Vienna Aquatic,Week2,335.0 Vienna Aquatic - 67.0 Old Keene Mill
Orange Hunt,Week3,Mosby Woods,Week2,255.0 Mosby Woods - 147.0 Orange Hunt
Orange Hunt,Week1,Hollin Meadows,Week5,213.0 Hollin Meadows - 189.0 Orange Hunt
Old Keene Mill,Week3,Annandale,Week1,240.0 Old Keene Mill - 162.0 Annandale
Orange Hunt,Week3,McLean,Week1,243.0 McLean - 159.0 Orange Hunt
Orange Hunt,Week2,McLean,Week3,247.0 McLean - 155.0 Orange Hunt
Orange Hunt,Week2,Hollin Meadows,Week3,218.0 Orange Hunt - 184.0 Hollin Meadows
Orange Hunt,Week5,Mantua,Week1,208.5 Orange Hunt - 193.5 Mantua
Old Keene Mill,Week1,Vienna Woods,Week3,351.0 Vienna Woods - 51.0 Old Keene Mill
Orange Hunt,Week4,Hollin Hills,Week2,311.0 Orange Hunt - 89.0 Hollin Hills
Orange Hunt,Week5,Mantua,Week5,231.0 Mantua - 171.0 Orange Hunt
Orange Hunt,Week3,Hollin Meadows,Week3,223.0 Orange Hunt - 179.0 Hollin Meadows
Orange Hunt,Week5,McLean,Week3,232.0 McLean - 170.0 Orange Hunt
Old Keene Mill,Week2,Annandale,Week4,222.0 Old Keene Mill - 180.0 Annandale
Orange Hunt,Week1,Hollin Meadows,Week2,231.0 Orange Hunt - 171.0 Hollin Meadows
Old Keene Mill,Week1,Vienna Woods,Week1,329.0 Vienna Woods - 73.0 Old Keene Mill
Old Keene Mill,Week4,Vienna Aquatic,Week5,351.0 Vienna Aquatic - 51.0 Old Keene Mill
Orange Hunt,Week3,Hollin Meadows,Week4,220.0 Orange Hunt - 182.0 Hollin Meadows
Old Keene Mill,Week1,Vienna Woods,Week2,329.5 Vienna Woods - 72.5 Old Keene Mill
Old Keene Mill,Week2,Annandale,Week3,202.0 Annandale - 200.0 Old Keene Mill
Orange Hunt,Week1,McLean,Week1,249.0 McLean - 153.0 Orange Hunt
Old Keene Mill,Week2,Vienna Aquatic,Week4,330.0 Vienna Aquatic - 72.0 Old Keene Mill
Orange Hunt,Week2,Mosby Woods,Week3,237.0 Mosby Woods - 165.0 Orange Hunt
Old Keene Mill,Week4,Vienna Aquatic,Week4,340.0 Vienna Aquatic - 62.0 Old Keene Mill
Orange Hunt,Week4,Hollin Hills,Week3,299.0 Orange Hunt - 103.0 Hollin Hills
Old Keene Mill,Week1,Annandale,Week3,204.0 Annandale - 198.0 Old Keene Mill
Orange Hunt,Week5,Hollin Hills,Week1,320.0 Orange Hunt - 78.0 Hollin Hills
Old Keene Mill,Week4,Vienna Aquatic,Week2,328.0 Vienna Aquatic - 74.0 Old Keene Mill
Orange Hunt,Week1,Mosby Woods,Week1,267.0 Mosby Woods - 135.0 Orange Hunt
Old Keene Mill,Week2,Vienna Aquatic,Week2,338.0 Vienna Aquatic - 64.0 Old Keene Mill
Orange Hunt,Week4,Hollin Hills,Week5,296.0 Orange Hunt - 105.0 Hollin Hills
Old Keene Mill,Week1,Vienna Woods,Week5,355.0 Vienna Woods - 47.0 Old Keene Mill
Old Keene Mill,Week2,Vienna Aquatic,Week1,339.0 Vienna Aquatic - 63.0 Old Keene Mill
Orange Hunt,Week5,Mosby Woods,Week2,230.0 Mosby Woods - 172.0 Orange Hunt
Orange Hunt,Week5,Hollin Meadows,Week5,217.0 Orange Hunt - 185.0 Hollin Meadows
Orange Hunt,Week1,Mount Vernon Park,Week3,257.0 Mount Vernon Park - 145.0 Orange Hunt
Orange Hunt,Week2,Mosby Woods,Week4,239.0 Mosby Woods - 163.0 Orange Hunt
Orange Hunt,Week1,Holmes Run Acres,Week2,222.0 Orange Hunt - 180.0 Holmes Run Acres
Orange Hunt,Week1,Holmes Run Acres,Week1,224.0 Orange Hunt - 178.0 Holmes Run Acres
Orange Hunt,Week4,Hollin Meadows,Week1,210.0 Orange Hunt - 192.0 Hollin Meadows
Orange Hunt,Week1,Mosby Woods,Week4,239.0 Mosby Woods - 163.0 Orange Hunt
Old Keene Mill,Week5,Vienna Woods,Week4,309.0 Vienna Woods - 93.0 Old Keene Mill
Orange Hunt,Week5,Hollin Meadows,Week2,231.0 Orange Hunt - 171.0 Hollin Meadows
Orange Hunt,Week4,Mosby Woods,Week3,239.0 Mosby Woods - 158.0 Orange Hunt
Orange Hunt,Week1,Mosby Woods,Week2,252.0 Mosby Woods - 150.0 Orange Hunt
Orange Hunt,Week3,Mosby Woods,Week4,235.5 Mosby Woods - 166.5 Orange Hunt
Orange Hunt,Week4,McLean,Week3,248.0 McLean - 154.0 Orange Hunt
Old Keene Mill,Week2,Vienna Woods,Week3,340.0 Vienna Woods - 62.0 Old Keene Mill
Orange Hunt,Week1,Holmes Run Acres,Week4,205.0 Orange Hunt - 197.0 Holmes Run Acres
Old Keene Mill,Week2,Vienna Aquatic,Week3,335.0 Vienna Aquatic - 67.0 Old Keene Mill
Old Keene Mill,Week4,Vienna Aquatic,Week3,339.0 Vienna Aquatic - 63.0 Old Keene Mill
Orange Hunt,Week1,Holmes Run Acres,Week3,207.0 Holmes Run Acres - 195.0 Orange Hunt
Old Keene Mill,Week3,Vienna Aquatic,Week4,330.0 Vienna Aquatic - 72.0 Old Keene Mill
Orange Hunt,Week2,Holmes Run Acres,Week1,212.0 Orange Hunt - 190.0 Holmes Run Acres
Orange Hunt,Week3,Mosby Woods,Week5,245.0 Mosby Woods - 157.0 Orange Hunt
Old Keene Mill,Week4,Vienna Woods,Week2,331.5 Vienna Woods - 70.5 Old Keene Mill
Orange Hunt,Week5,McLean,Week4,225.0 McLean - 177.0 Orange Hunt
Orange Hunt,Week5,Mosby Woods,Week1,229.0 Mosby Woods - 173.0 Orange Hunt
Old Keene Mill,Week5,Vienna Aquatic,Week1,316.5 Vienna Aquatic - 85.5 Old Keene Mill
Orange Hunt,Week5,Hollin Meadows,Week4,232.0 Orange Hunt - 170.0 Hollin Meadows
Orange Hunt,Week4,Hollin Meadows,Week2,228.0 Orange Hunt - 174.0 Hollin Meadows
Orange Hunt,Week5,Hollin Meadows,Week3,225.0 Orange Hunt - 177.0 Hollin Meadows
Orange Hunt,Week4,McLean,Week5,254.0 McLean - 148.0 Orange Hunt
Old Keene Mill,Week2,Vienna Woods,Week5,351.0 Vienna Woods - 51.0 Old Keene Mill
Orange Hunt,Week2,Holmes Run Acres,Week5,217.0 Holmes Run Acres - 185.0 Orange Hunt
Old Keene Mill,Week5,Vienna Aquatic,Week2,330.0 Vienna Aquatic - 72.0 Old Keene Mill
Old Keene Mill,Week1,Vienna Woods,Week4,331.0 Vienna Woods - 71.0 Old Keene Mill
Orange Hunt,Week1,Holmes Run Acres,Week5,228.0 Holmes Run Acres - 174.0 Orange Hunt
Old Keene Mill,Week3,Vienna Woods,Week2,323.0 Vienna Woods - 79.0 Old Keene Mill
Old Keene Mill,Week4,Vienna Woods,Week3,343.0 Vienna Woods - 59.0 Old Keene Mill
Old Keene Mill,Week5,Vienna Woods,Week1,307.0 Vienna Woods - 90.0 Old Keene Mill
Old Keene Mill,Week4,Vienna Woods,Week4,321.0 Vienna Woods - 81.0 Old Keene Mill
Orange Hunt,Week3,Holmes Run Acres,Week4,219.0 Orange Hunt - 183.0 Holmes Run Acres
Orange Hunt,Week4,McLean,Week2,252.0 McLean - 150.0 Orange Hunt
Orange Hunt,Week2,Mosby Woods,Week2,257.0 Mosby Woods - 145.0 Orange Hunt
Orange Hunt,Week3,Holmes Run Acres,Week2,237.0 Orange Hunt - 165.0 Holmes Run Acres
Orange Hunt,Week4,Holmes Run Acres,Week5,208.0 Holmes Run Acres - 194.0 Orange Hunt
Old Keene Mill,Week5,Vienna Woods,Week3,317.0 Vienna Woods - 85.0 Old Keene Mill
Old Keene Mill,Week5,Vienna Woods,Week2,316.0 Vienna Woods - 86.0 Old Keene Mill
Orange Hunt,Week2,Mosby Woods,Week5,240.0 Mosby Woods - 162.0 Orange Hunt
Orange Hunt,Week5,Holmes Run Acres,Week1,230.0 Orange Hunt - 172.0 Holmes Run Acres
Orange Hunt,Week5,McLean,Week5,249.0 McLean - 153.0 Orange Hunt
Old Keene Mill,Week2,Vienna Woods,Week4,318.0 Vienna Woods - 84.0 Old Keene Mill
Orange Hunt,Week1,Mosby Woods,Week3,244.0 Mosby Woods - 158.0 Orange Hunt
Old Keene Mill,Week4,Vienna Woods,Week1,327.0 Vienna Woods - 75.0 Old Keene Mill
Orange Hunt,Week4,Holmes Run Acres,Week1,219.0 Orange Hunt - 183.0 Holmes Run Acres
Orange Hunt,Week5,McLean,Week2,241.0 McLean - 161.0 Orange Hunt
Orange Hunt,Week3,Mosby Woods,Week1,247.0 Mosby Woods - 155.0 Orange Hunt
Orange Hunt,Week4,Holmes Run Acres,Week3,210.0 Holmes Run Acres - 192.0 Orange Hunt
Orange Hunt,Week4,McLean,Week1,248.0 McLean - 154.0 Orange Hunt
Old Keene Mill,Week3,Vienna Woods,Week5,339.0 Vienna Woods - 63.0 Old Keene Mill
Orange Hunt,Week4,McLean,Week4,238.0 McLean - 164.0 Orange Hunt
Orange Hunt,Week2,Mosby Woods,Week1,254.0 Mosby Woods - 148.0 Orange Hunt
Orange Hunt,Week2,Holmes Run Acres,Week3,216.0 Holmes Run Acres - 186.0 Orange Hunt
Orange Hunt,Week5,Holmes Run Acres,Week2,240.0 Orange Hunt - 162.0 Holmes Run Acres
Orange Hunt,Week3,Holmes Run Acres,Week3,215.0 Holmes Run Acres - 187.0 Orange Hunt
Orange Hunt,Week2,Holmes Run Acres,Week4,214.0 Orange Hunt - 188.0 Holmes Run Acres
Old Keene Mill,Week3,Vienna Woods,Week4,309.0 Vienna Woods - 93.0 Old Keene Mill
Old Keene Mill,Week4,Vienna Woods,Week5,350.0 Vienna Woods - 52.0 Old Keene Mill
Orange Hunt,Week5,Holmes Run Acres,Week3,203.0 Holmes Run Acres - 199.0 Orange Hunt
Orange Hunt,Week4,Holmes Run Acres,Week4,211.0 Orange Hunt - 191.0 Holmes Run Acres
Old Keene Mill,Week1,Villa Aquatic,Week2,250.0 Villa Aquatic - 152.0 Old Keene Mill
Old Keene Mill,Week5,Vienna Woods,Week5,335.0 Vienna Woods - 67.0 Old Keene Mill
Orange Hunt,Week4,Holmes Run Acres,Week2,225.0 Orange Hunt - 177.0 Holmes Run Acres
Orange Hunt,Week1,Mount Vernon Park,Week1,258.5 Mount Vernon Park - 143.5 Orange Hunt
Orange Hunt,Week1,Mosby Woods,Week5,261.0 Mosby Woods - 141.0 Orange Hunt
Old Keene Mill,Week3,Villa Aquatic,Week3,266.0 Villa Aquatic - 136.0 Old Keene Mill
Orange Hunt,Week3,Holmes Run Acres,Week1,217.0 Orange Hunt - 185.0 Holmes Run Acres
Old Keene Mill,Week1,Villa Aquatic,Week4,262.0 Villa Aquatic - 140.0 Old Keene Mill
Orange Hunt,Week5,Mosby Woods,Week3,224.0 Mosby Woods - 178.0 Orange Hunt
Orange Hunt,Week4,Mosby Woods,Week2,259.0 Mosby Woods - 143.0 Orange Hunt
Old Keene Mill,Week2,Villa Aquatic,Week1,228.0 Villa Aquatic - 174.0 Old Keene Mill
Old Keene Mill,Week3,Vienna Woods,Week3,330.0 Vienna Woods - 72.0 Old Keene Mill
Orange Hunt,Week1,Hunt Valley,Week1,267.0 Hunt Valley - 135.0 Orange Hunt
Orange Hunt,Week5,Holmes Run Acres,Week4,237.0 Orange Hunt - 165.0 Holmes Run Acres
Orange Hunt,Week1,Hunt Valley,Week3,288.0 Hunt Valley - 114.0 Orange Hunt
Orange Hunt,Week4,Mosby Woods,Week4,226.0 Mosby Woods - 176.0 Orange Hunt
Orange Hunt,Week4,Mosby Woods,Week1,262.0 Mosby Woods - 140.0 Orange Hunt
Orange Hunt,Week3,Holmes Run Acres,Week5,217.0 Holmes Run Acres - 185.0 Orange Hunt
Old Keene Mill,Week1,Villa Aquatic,Week3,280.5 Villa Aquatic - 121.5 Old Keene Mill
Orange Hunt,Week1,Hunt Valley,Week4,269.0 Hunt Valley - 133.0 Orange Hunt
Orange Hunt,Week4,Mosby Woods,Week5,246.0 Mosby Woods - 156.0 Orange Hunt
Old Keene Mill,Week1,Villa Aquatic,Week5,252.0 Villa Aquatic - 150.0 Old Keene Mill
Old Keene Mill,Week2,Villa Aquatic,Week5,249.0 Villa Aquatic - 153.0 Old Keene Mill
Orange Hunt,Week5,Holmes Run Acres,Week5,209.0 Holmes Run Acres - 193.0 Orange Hunt
Orange Hunt,Week3,Mosby Woods,Week3,243.0 Mosby Woods - 159.0 Orange Hunt
Orange Hunt,Week5,Mosby Woods,Week4,218.0 Mosby Woods - 184.0 Orange Hunt
Old Keene Mill,Week3,Villa Aquatic,Week2,230.0 Villa Aquatic - 172.0 Old Keene Mill
Orange Hunt,Week1,Hunt Valley,Week2,258.0 Hunt Valley - 144.0 Orange Hunt
Orange Hunt,Week1,Mount Vernon Park,Week2,239.0 Mount Vernon Park - 163.0 Orange Hunt
Orange Hunt,Week5,Mosby Woods,Week5,223.0 Mosby Woods - 179.0 Orange Hunt
Old Keene Mill,Week4,Villa Aquatic,Week1,225.0 Villa Aquatic - 177.0 Old Keene Mill
Orange Hunt,Week5,Hunt Valley,Week3,251.0 Hunt Valley - 151.0 Orange Hunt
Old Keene Mill,Week1,Village West,Week5,204.0 Old Keene Mill - 198.0 Village West
Old Keene Mill,Week2,Villa Aquatic,Week4,244.5 Villa Aquatic - 157.5 Old Keene Mill
Orange Hunt,Week1,Hunt Valley,Week5,291.0 Hunt Valley - 111.0 Orange Hunt
Orange Hunt,Week4,Hunt Valley,Week1,257.0 Hunt Valley - 145.0 Orange Hunt
Old Keene Mill,Week4,Villa Aquatic,Week2,235.0 Villa Aquatic - 167.0 Old Keene Mill
Orange Hunt,Week4,Mount Vernon Park,Week5,258.0 Mount Vernon Park - 144.0 Orange Hunt
Orange Hunt,Week4,Mount Vernon Park,Week2,236.0 Mount Vernon Park - 166.0 Orange Hunt
Orange Hunt,Week1,Newington Forest,Week4,296.0 Orange Hunt - 106.0 Newington Forest
Orange Hunt,Week1,Newington Forest,Week2,302.0 Orange Hunt - 99.0 Newington Forest
Orange Hunt,Week2,Hunter Mill,Week2,212.0 Hunter Mill - 190.0 Orange Hunt
Orange Hunt,Week5,Mount Vernon Park,Week5,240.0 Mount Vernon Park - 162.0 Orange Hunt
Old Keene Mill,Week3,Villa Aquatic,Week1,216.0 Villa Aquatic - 186.0 Old Keene Mill
Old Keene Mill,Week3,Villa Aquatic,Week5,259.0 Villa Aquatic - 143.0 Old Keene Mill
Orange Hunt,Week5,Mount Vernon Park,Week4,222.0 Mount Vernon Park - 180.0 Orange Hunt
Old Keene Mill,Week1,Villa Aquatic,Week1,239.0 Villa Aquatic - 163.0 Old Keene Mill
Orange Hunt,Week1,Hunter Mill,Week2,220.0 Hunter Mill - 182.0 Orange Hunt
Old Keene Mill,Week2,Villa Aquatic,Week2,235.0 Villa Aquatic - 167.0 Old Keene Mill
Orange Hunt,Week2,Hunt Valley,Week3,273.0 Hunt Valley - 129.0 Orange Hunt
Orange Hunt,Week3,Hunt Valley,Week4,259.0 Hunt Valley - 143.0 Orange Hunt
Orange Hunt,Week4,Mount Vernon Park,Week1,247.0 Mount Vernon Park - 155.0 Orange Hunt
Orange Hunt,Week2,Hunt Valley,Week1,246.0 Hunt Valley - 156.0 Orange Hunt
Orange Hunt,Week2,Mount Vernon Park,Week4,226.0 Mount Vernon Park - 176.0 Orange Hunt
Orange Hunt,Week4,Hunt Valley,Week5,268.0 Hunt Valley - 134.0 Orange Hunt
Orange Hunt,Week3,Hunter Mill,Week2,218.0 Hunter Mill - 184.0 Orange Hunt
Old Keene Mill,Week2,Villa Aquatic,Week3,258.0 Villa Aquatic - 144.0 Old Keene Mill
Orange Hunt,Week5,Hunt Valley,Week4,251.0 Hunt Valley - 151.0 Orange Hunt
Orange Hunt,Week1,Mount Vernon Park,Week5,251.5 Mount Vernon Park - 150.5 Orange Hunt
Orange Hunt,Week3,Mount Vernon Park,Week4,215.0 Mount Vernon Park - 187.0 Orange Hunt
Orange Hunt,Week5,Mount Vernon Park,Week3,220.0 Mount Vernon Park - 182.0 Orange Hunt
Old Keene Mill,Week4,Villa Aquatic,Week4,255.0 Villa Aquatic - 147.0 Old Keene Mill
Orange Hunt,Week2,Mount Vernon Park,Week5,251.0 Mount Vernon Park - 151.0 Orange Hunt
Old Keene Mill,Week4,Villa Aquatic,Week3,270.0 Villa Aquatic - 132.0 Old Keene Mill
Orange Hunt,Week3,Hunt Valley,Week2,243.0 Hunt Valley - 159.0 Orange Hunt
Old Keene Mill,Week3,Villa Aquatic,Week4,251.0 Villa Aquatic - 151.0 Old Keene Mill
Old Keene Mill,Week4,Village West,Week2,216.0 Old Keene Mill - 186.0 Village West
Orange Hunt,Week2,Hunter Mill,Week1,207.0 Hunter Mill - 195.0 Orange Hunt
Orange Hunt,Week1,Hunter Mill,Week3,244.0 Hunter Mill - 158.0 Orange Hunt
Old Keene Mill,Week3,Kent Gardens,Week2,236.0 Kent Gardens - 166.0 Old Keene Mill
Orange Hunt,Week5,Hunt Valley,Week5,251.0 Hunt Valley - 151.0 Orange Hunt
Orange Hunt,Week2,Mount Vernon Park,Week3,246.0 Mount Vernon Park - 156.0 Orange Hunt
Old Keene Mill,Week1,Kent Gardens,Week3,245.0 Kent Gardens - 157.0 Old Keene Mill
Old Keene Mill,Week2,Kent Gardens,Week5,268.0 Kent Gardens - 134.0 Old Keene Mill
Old Keene Mill,Week4,Villa Aquatic,Week5,247.0 Villa Aquatic - 155.0 Old Keene Mill
Orange Hunt,Week3,Parliament,Week1,242.0 Orange Hunt - 160.0 Parliament
Orange Hunt,Week1,Pinecrest,Week4,256.0 Pinecrest - 146.0 Orange Hunt
Old Keene Mill,Week3,Village West,Week3,212.0 Old Keene Mill - 190.0 Village West
Old Keene Mill,Week4,Ilda Community,Week2,226.0 Old Keene Mill - 176.0 Ilda Community
Old Keene Mill,Week2,Village West,Week2,214.0 Old Keene Mill - 188.0 Village West
Orange Hunt,Week4,Parliament,Week4,247.0 Orange Hunt - 155.0 Parliament
Orange Hunt,Week1,Hunter Mill,Week4,223.0 Hunter Mill - 179.0 Orange Hunt
Orange Hunt,Week1,Newington Forest,Week1,305.0 Orange Hunt - 96.0 Newington Forest
Old Keene Mill,Week5,Villa Aquatic,Week5,234.0 Villa Aquatic - 168.0 Old Keene Mill
Orange Hunt,Week5,Parliament,Week1,241.0 Orange Hunt - 160.0 Parliament
Orange Hunt,Week4,Hunt Valley,Week2,257.0 Hunt Valley - 145.0 Orange Hunt
Orange Hunt,Week1,Hunter Mill,Week1,215.0 Hunter Mill - 187.0 Orange Hunt
Orange Hunt,Week3,Mount Vernon Park,Week5,249.0 Mount Vernon Park - 153.0 Orange Hunt
Old Keene Mill,Week4,Village West,Week4,201.0 Old Keene Mill - 196.0 Village West
Orange Hunt,Week1,Mount Vernon Park,Week4,237.0 Mount Vernon Park - 165.0 Orange Hunt
Orange Hunt,Week5,Mount Vernon Park,Week2,213.0 Mount Vernon Park - 189.0 Orange Hunt
Old Keene Mill,Week5,Village West,Week5,224.0 Old Keene Mill - 178.0 Village West
Orange Hunt,Week2,Mount Vernon Park,Week1,237.0 Mount Vernon Park - 165.0 Orange Hunt
Orange Hunt,Week2,Parliament,Week4,264.0 Orange Hunt - 138.0 Parliament
Old Keene Mill,Week2,Kent Gardens,Week1,260.0 Kent Gardens - 142.0 Old Keene Mill
Orange Hunt,Week3,Mount Vernon Park,Week3,240.0 Mount Vernon Park - 162.0 Orange Hunt
Old Keene Mill,Week3,Village West,Week2,220.0 Old Keene Mill - 182.0 Village West
Orange Hunt,Week2,Hunt Valley,Week2,242.0 Hunt Valley - 160.0 Orange Hunt
Old Keene Mill,Week5,Villa Aquatic,Week1,212.0 Villa Aquatic - 190.0 Old Keene Mill
Orange Hunt,Week4,Mount Vernon Park,Week3,256.0 Mount Vernon Park - 146.0 Orange Hunt
Old Keene Mill,Week2,Village West,Week5,214.0 Old Keene Mill - 188.0 Village West
Old Keene Mill,Week4,Kent Gardens,Week4,265.0 Kent Gardens - 137.0 Old Keene Mill
Old Keene Mill,Week2,Village West,Week4,207.0 Old Keene Mill - 190.0 Village West
Orange Hunt,Week5,Parliament,Week5,254.0 Orange Hunt - 148.0 Parliament
Old Keene Mill,Week5,Ilda Community,Week1,233.0 Old Keene Mill - 169.0 Ilda Community
Orange Hunt,Week5,Mount Vernon Park,Week1,229.0 Mount Vernon Park - 173.0 Orange Hunt
Orange Hunt,Week1,Pinecrest,Week2,251.0 Pinecrest - 151.0 Orange Hunt
Orange Hunt,Week5,Hunt Valley,Week1,221.0 Hunt Valley - 181.0 Orange Hunt
Orange Hunt,Week5,Hunt Valley,Week2,223.0 Hunt Valley - 179.0 Orange Hunt
Orange Hunt,Week4,Parliament,Week2,249.0 Orange Hunt - 153.0 Parliament
Old Keene Mill,Week3,Village West,Week4,210.0 Old Keene Mill - 187.0 Village West
Old Keene Mill,Week4,Kent Gardens,Week1,285.0 Kent Gardens - 117.0 Old Keene Mill
Orange Hunt,Week4,Hunt Valley,Week3,267.0 Hunt Valley - 135.0 Orange Hunt
Orange Hunt,Week4,Hunt Valley,Week4,250.0 Hunt Valley - 152.0 Orange Hunt
Old Keene Mill,Week5,Ilda Community,Week2,211.0 Old Keene Mill - 191.0 Ilda Community
Orange Hunt,Week4,Mount Vernon Park,Week4,253.0 Mount Vernon Park - 149.0 Orange Hunt
Orange Hunt,Week3,Pinecrest,Week3,243.0 Pinecrest - 159.0 Orange Hunt
Old Keene Mill,Week5,Kent Gardens,Week5,266.0 Kent Gardens - 136.0 Old Keene Mill
Orange Hunt,Week1,Pinecrest,Week1,230.0 Pinecrest - 172.0 Orange Hunt
Old Keene Mill,Week4,Ilda Community,Week5,205.0 Old Keene Mill - 196.0 Ilda Community
Orange Hunt,Week2,Hunt Valley,Week4,259.0 Hunt Valley - 143.0 Orange Hunt
Orange Hunt,Week3,Mount Vernon Park,Week2,228.0 Mount Vernon Park - 174.0 Orange Hunt
Orange Hunt,Week4,Parliament,Week3,250.5 Orange Hunt - 151.5 Parliament
Orange Hunt,Week1,Newington Forest,Week3,309.0 Orange Hunt - 93.0 Newington Forest
Old Keene Mill,Week1,Kings Ridge ,Week3,207.0 Old Keene Mill - 192.0 Kings Ridge
Orange Hunt,Week3,Mount Vernon Park,Week1,241.0 Mount Vernon Park - 161.0 Orange Hunt
Old Keene Mill,Week4,Village West,Week1,203.0 Old Keene Mill - 199.0 Village West
Old Keene Mill,Week4,Village West,Week3,204.0 Village West - 198.0 Old Keene Mill
Orange Hunt,Week2,Mount Vernon Park,Week2,225.0 Mount Vernon Park - 177.0 Orange Hunt
Orange Hunt,Week3,Hunt Valley,Week3,266.0 Hunt Valley - 136.0 Orange Hunt
Orange Hunt,Week2,Pinecrest,Week3,251.0 Pinecrest - 151.0 Orange Hunt
Orange Hunt,Week3,Newington Forest,Week3,308.0 Orange Hunt - 94.0 Newington Forest
Orange Hunt,Week2,Hunter Mill,Week4,220.0 Hunter Mill - 182.0 Orange Hunt
Old Keene Mill,Week5,Kent Gardens,Week3,224.0 Kent Gardens - 178.0 Old Keene Mill
Orange Hunt,Week2,Hunter Mill,Week5,238.0 Hunter Mill - 164.0 Orange Hunt
Orange Hunt,Week3,Hunt Valley,Week5,263.0 Hunt Valley - 139.0 Orange Hunt
Old Keene Mill,Week1,Kings Ridge ,Week2,233.0 Old Keene Mill - 169.0 Kings Ridge
Old Keene Mill,Week1,Kent Gardens,Week2,257.0 Kent Gardens - 145.0 Old Keene Mill
Orange Hunt,Week3,Hunter Mill,Week1,213.0 Hunter Mill - 189.0 Orange Hunt
Old Keene Mill,Week2,Village West,Week3,210.0 Village West - 192.0 Old Keene Mill
Orange Hunt,Week3,Newington Forest,Week2,309.0 Orange Hunt - 92.0 Newington Forest
Old Keene Mill,Week2,Village West,Week1,213.0 Old Keene Mill - 189.0 Village West
Orange Hunt,Week2,Pinecrest,Week4,248.0 Pinecrest - 154.0 Orange Hunt
Orange Hunt,Week3,Parliament,Week4,252.0 Orange Hunt - 150.0 Parliament
Old Keene Mill,Week5,Villa Aquatic,Week2,202.0 Villa Aquatic - 200.0 Old Keene Mill
Orange Hunt,Week2,North Springfield,Week1,295.5 Orange Hunt - 53.5 North Springfield
Orange Hunt,Week4,Newington Forest,Week4,278.0 Orange Hunt - 119.0 Newington Forest
Orange Hunt,Week4,Newington Forest,Week5,273.0 Orange Hunt - 129.0 Newington Forest
Orange Hunt,Week4,Parliament,Week1,224.0 Orange Hunt - 177.0 Parliament
Old Keene Mill,Week5,Kent Gardens,Week2,232.0 Kent Gardens - 170.0 Old Keene Mill
Old Keene Mill,Week2,Kent Gardens,Week4,250.0 Kent Gardens - 152.0 Old Keene Mill
Orange Hunt,Week3,Parliament,Week5,241.0 Orange Hunt - 161.0 Parliament
Old Keene Mill,Week4,Ilda Community,Week3,213.0 Old Keene Mill - 188.0 Ilda Community
Orange Hunt,Week2,Hunter Mill,Week3,238.0 Hunter Mill - 164.0 Orange Hunt
Orange Hunt,Week5,Parliament,Week3,270.0 Orange Hunt - 132.0 Parliament
Old Keene Mill,Week5,Villa Aquatic,Week3,240.0 Villa Aquatic - 162.0 Old Keene Mill
Orange Hunt,Week1,Newington Forest,Week5,273.0 Orange Hunt - 129.0 Newington Forest
Orange Hunt,Week2,Pinecrest,Week1,238.0 Pinecrest - 164.0 Orange Hunt
Orange Hunt,Week2,Hunt Valley,Week5,262.0 Hunt Valley - 140.0 Orange Hunt
Orange Hunt,Week1,Hunter Mill,Week5,238.0 Hunter Mill - 164.0 Orange Hunt
Old Keene Mill,Week1,Kent Gardens,Week4,254.0 Kent Gardens - 148.0 Old Keene Mill
Orange Hunt,Week5,Newington Forest,Week4,298.0 Orange Hunt - 104.0 Newington Forest
Orange Hunt,Week3,Hunt Valley,Week1,248.0 Hunt Valley - 154.0 Orange Hunt
Old Keene Mill,Week5,Villa Aquatic,Week4,236.0 Villa Aquatic - 166.0 Old Keene Mill
Orange Hunt,Week2,Pinecrest,Week2,256.0 Pinecrest - 146.0 Orange Hunt
Old Keene Mill,Week1,Village West,Week3,213.0 Village West - 189.0 Old Keene Mill
Old Keene Mill,Week5,Village West,Week1,230.0 Old Keene Mill - 172.0 Village West
Old Keene Mill,Week1,Village West,Week1,206.0 Old Keene Mill - 196.0 Village West
Old Keene Mill,Week3,Village West,Week5,222.0 Old Keene Mill - 180.0 Village West
Old Keene Mill,Week2,Kent Gardens,Week2,242.0 Kent Gardens - 160.0 Old Keene Mill
Orange Hunt,Week4,Newington Forest,Week2,304.0 Orange Hunt - 97.0 Newington Forest
Old Keene Mill,Week4,Ilda Community,Week1,212.0 Old Keene Mill - 189.0 Ilda Community
Orange Hunt,Week5,Newington Forest,Week1,321.0 Orange Hunt - 80.0 Newington Forest
Old Keene Mill,Week4,Ilda Community,Week4,210.0 Ilda Community - 191.0 Old Keene Mill
Orange Hunt,Week2,Pinecrest,Week5,249.0 Pinecrest - 153.0 Orange Hunt
Old Keene Mill,Week4,Village West,Week5,217.0 Old Keene Mill - 185.0 Village West
Old Keene Mill,Week5,Ilda Community,Week4,216.0 Old Keene Mill - 186.0 Ilda Community
Orange Hunt,Week4,Parliament,Week5,234.0 Orange Hunt - 167.0 Parliament
Orange Hunt,Week3,Newington Forest,Week4,293.0 Orange Hunt - 109.0 Newington Forest
Old Keene Mill,Week1,Kent Gardens,Week1,263.0 Kent Gardens - 139.0 Old Keene Mill
Old Keene Mill,Week3,Village West,Week1,220.0 Old Keene Mill - 182.0 Village West
Orange Hunt,Week2,Ilda Community,Week4,255.0 Orange Hunt - 147.0 Ilda Community
Orange Hunt,Week3,Pinecrest,Week2,250.0 Pinecrest - 152.0 Orange Hunt
Orange Hunt,Week4,Hunter Mill,Week2,217.0 Hunter Mill - 185.0 Orange Hunt
Orange Hunt,Week1,Ilda Community,Week5,268.0 Orange Hunt - 134.0 Ilda Community
Orange Hunt,Week1,North Springfield,Week3,277.0 Orange Hunt - 120.0 North Springfield
Orange Hunt,Week4,Ilda Community,Week2,289.0 Orange Hunt - 113.0 Ilda Community
Orange Hunt,Week4,North Springfield,Week2,305.0 Orange Hunt - 83.0 North Springfield
Old Keene Mill,Week1,Kent Gardens,Week5,296.0 Kent Gardens - 106.0 Old Keene Mill
Orange Hunt,Week3,Hunter Mill,Week4,219.0 Hunter Mill - 183.0 Orange Hunt
Orange Hunt,Week3,Pinecrest,Week4,234.0 Pinecrest - 168.0 Orange Hunt
Orange Hunt,Week5,Hunter Mill,Week1,208.0 Orange Hunt - 194.0 Hunter Mill
Old Keene Mill,Week5,Village West,Week3,212.0 Old Keene Mill - 190.0 Village West
Old Keene Mill,Week1,Village West,Week4,206.0 Village West - 191.0 Old Keene Mill
Orange Hunt,Week2,Newington Forest,Week4,282.0 Orange Hunt - 120.0 Newington Forest
Orange Hunt,Week2,Parliament,Week5,240.0 Orange Hunt - 162.0 Parliament
Old Keene Mill,Week1,Village West,Week2,206.0 Old Keene Mill - 196.0 Village West
Orange Hunt,Week3,Parliament,Week3,259.5 Orange Hunt - 142.5 Parliament
Old Keene Mill,Week5,Ilda Community,Week5,223.0 Old Keene Mill - 179.0 Ilda Community
Old Keene Mill,Week3,Kent Gardens,Week3,228.0 Kent Gardens - 174.0 Old Keene Mill
Orange Hunt,Week2,Newington Forest,Week2,310.0 Orange Hunt - 90.0 Newington Forest
Old Keene Mill,Week5,Ilda Community,Week3,230.0 Old Keene Mill - 172.0 Ilda Community
Orange Hunt,Week5,Hunter Mill,Week2,201.0 Hunter Mill - 200.0 Orange Hunt
Old Keene Mill,Week3,Virginia Hills,Week3,296.0 Old Keene Mill - 106.0 Virginia Hills
Orange Hunt,Week5,Newington Forest,Week5,298.0 Orange Hunt - 104.0 Newington Forest
Old Keene Mill,Week3,Kent Gardens,Week5,279.0 Kent Gardens - 123.0 Old Keene Mill
Orange Hunt,Week1,Pinecrest,Week5,246.0 Pinecrest - 156.0 Orange Hunt
Orange Hunt,Week1,North Springfield,Week1,293.0 Orange Hunt - 57.0 North Springfield
Orange Hunt,Week2,Newington Forest,Week1,305.0 Orange Hunt - 96.0 Newington Forest
Orange Hunt,Week1,Pinecrest,Week3,257.0 Pinecrest - 145.0 Orange Hunt
Old Keene Mill,Week1,Virginia Hills,Week3,285.0 Old Keene Mill - 117.0 Virginia Hills
Orange Hunt,Week3,Ilda Community,Week3,289.0 Orange Hunt - 113.0 Ilda Community
Orange Hunt,Week1,North Springfield,Week5,251.0 Orange Hunt - 122.0 North Springfield
Old Keene Mill,Week3,Kent Gardens,Week1,266.0 Kent Gardens - 136.0 Old Keene Mill
Orange Hunt,Week3,Ilda Community,Week1,297.0 Orange Hunt - 104.0 Ilda Community
Orange Hunt,Week2,Newington Forest,Week3,299.0 Orange Hunt - 103.0 Newington Forest
Orange Hunt,Week4,Hunter Mill,Week1,211.0 Hunter Mill - 191.0 Orange Hunt
Orange Hunt,Week4,Hunter Mill,Week3,229.0 Hunter Mill - 173.0 Orange Hunt
Old Keene Mill,Week2,Kent Gardens,Week3,240.0 Kent Gardens - 162.0 Old Keene Mill
Orange Hunt,Week1,Pinewood Lake,Week1,368.0 Orange Hunt - 32.0 Pinewood Lake
Orange Hunt,Week4,Hunter Mill,Week4,230.0 Hunter Mill - 172.0 Orange Hunt
Old Keene Mill,Week1,Virginia Hills,Week5,255.0 Old Keene Mill - 142.0 Virginia Hills
Orange Hunt,Week3,Parliament,Week2,251.0 Orange Hunt - 151.0 Parliament
Old Keene Mill,Week5,Village West,Week2,232.0 Old Keene Mill - 169.0 Village West
Orange Hunt,Week5,Parliament,Week2,269.0 Orange Hunt - 133.0 Parliament
Old Keene Mill,Week5,Village West,Week4,222.0 Old Keene Mill - 175.0 Village West
Orange Hunt,Week3,Newington Forest,Week5,294.5 Orange Hunt - 107.5 Newington Forest
Old Keene Mill,Week1,Virginia Hills,Week2,311.0 Old Keene Mill - 89.0 Virginia Hills
Old Keene Mill,Week3,Kent Gardens,Week4,239.0 Kent Gardens - 163.0 Old Keene Mill
Orange Hunt,Week5,Parliament,Week4,268.0 Orange Hunt - 134.0 Parliament
Orange Hunt,Week1,North Springfield,Week4,292.0 Orange Hunt - 100.0 North Springfield
Old Keene Mill,Week4,Kent Gardens,Week2,263.0 Kent Gardens - 139.0 Old Keene Mill
Orange Hunt,Week4,Pinewood Lake,Week5,352.0 Orange Hunt - 43.0 Pinewood Lake
Old Keene Mill,Week4,Kent Gardens,Week3,253.0 Kent Gardens - 149.0 Old Keene Mill
Orange Hunt,Week5,Pinecrest,Week5,223.0 Pinecrest - 179.0 Orange Hunt
Old Keene Mill,Week5,Kent Gardens,Week4,242.0 Kent Gardens - 160.0 Old Keene Mill
Orange Hunt,Week3,Hunter Mill,Week5,232.0 Hunter Mill - 170.0 Orange Hunt
Old Keene Mill,Week2,Virginia Hills,Week5,257.0 Old Keene Mill - 145.0 Virginia Hills
Orange Hunt,Week2,Newington Forest,Week5,274.0 Orange Hunt - 128.0 Newington Forest
Orange Hunt,Week5,Hunter Mill,Week3,217.0 Hunter Mill - 185.0 Orange Hunt
Orange Hunt,Week1,Ilda Community,Week2,297.0 Orange Hunt - 105.0 Ilda Community
Orange Hunt,Week2,Ilda Community,Week3,291.0 Orange Hunt - 111.0 Ilda Community
Old Keene Mill,Week5,Kent Gardens,Week1,251.0 Kent Gardens - 151.0 Old Keene Mill
Old Keene Mill,Week3,Virginia Hills,Week5,273.0 Old Keene Mill - 128.0 Virginia Hills
Orange Hunt,Week4,Newington Forest,Week1,305.0 Orange Hunt - 96.0 Newington Forest
Orange Hunt,Week2,Ilda Community,Week2,296.0 Orange Hunt - 106.0 Ilda Community
Orange Hunt,Week3,Ilda Community,Week4,270.0 Orange Hunt - 132.0 Ilda Community
Orange Hunt,Week4,Newington Forest,Week3,285.0 Orange Hunt - 117.0 Newington Forest
Orange Hunt,Week5,Newington Forest,Week2,308.0 Orange Hunt - 93.0 Newington Forest
Old Keene Mill,Week1,Virginia Hills,Week1,278.0 Old Keene Mill - 122.0 Virginia Hills
Orange Hunt,Week2,North Springfield,Week2,295.0 Orange Hunt - 93.0 North Springfield
Old Keene Mill,Week3,Virginia Hills,Week1,295.0 Old Keene Mill - 107.0 Virginia Hills
Old Keene Mill,Week2,Virginia Hills,Week4,300.0 Old Keene Mill - 102.0 Virginia Hills
Old Keene Mill,Week4,Virginia Hills,Week1,290.0 Old Keene Mill - 111.0 Virginia Hills
Orange Hunt,Week5,Pinecrest,Week3,236.0 Pinecrest - 166.0 Orange Hunt
Orange Hunt,Week3,Newington Forest,Week1,313.0 Orange Hunt - 88.0 Newington Forest
Old Keene Mill,Week1,Kings Ridge ,Week5,216.0 Kings Ridge - 186.0 Old Keene Mill
Orange Hunt,Week5,Pinewood Lake,Week1,359.0 Orange Hunt - 33.0 Pinewood Lake
Orange Hunt,Week5,Pinecrest,Week1,220.0 Pinecrest - 182.0 Orange Hunt
Orange Hunt,Week3,Pinecrest,Week1,227.0 Pinecrest - 175.0 Orange Hunt
Orange Hunt,Week4,Pinecrest,Week5,251.0 Pinecrest - 146.0 Orange Hunt
Orange Hunt,Week4,Hunter Mill,Week5,241.0 Hunter Mill - 161.0 Orange Hunt
Old Keene Mill,Week4,Kent Gardens,Week5,300.0 Kent Gardens - 102.0 Old Keene Mill
Orange Hunt,Week3,Pinewood Lake,Week4,364.0 Orange Hunt - 35.0 Pinewood Lake
Orange Hunt,Week3,Ilda Community,Week5,287.0 Orange Hunt - 114.0 Ilda Community
Old Keene Mill,Week1,Kings Ridge ,Week1,213.0 Old Keene Mill - 189.0 Kings Ridge
Old Keene Mill,Week5,Virginia Hills,Week2,319.0 Old Keene Mill - 82.0 Virginia Hills
Orange Hunt,Week2,North Springfield,Week3,282.0 Orange Hunt - 115.0 North Springfield
Old Keene Mill,Week4,Virginia Hills,Week2,307.0 Old Keene Mill - 94.0 Virginia Hills
Orange Hunt,Week3,Hunter Mill,Week3,240.0 Hunter Mill - 162.0 Orange Hunt
Orange Hunt,Week2,North Springfield,Week4,288.0 Orange Hunt - 104.0 North Springfield
Old Keene Mill,Week4,Virginia Hills,Week4,303.0 Old Keene Mill - 98.0 Virginia Hills
Old Keene Mill,Week2,Kings Ridge ,Week4,218.0 Old Keene Mill - 184.0 Kings Ridge
Orange Hunt,Week5,Pinewood Lake,Week2,360.0 Orange Hunt - 33.0 Pinewood Lake
Orange Hunt,Week3,Ilda Community,Week2,291.0 Orange Hunt - 111.0 Ilda Community
Orange Hunt,Week1,Ilda Community,Week1,296.0 Orange Hunt - 106.0 Ilda Community
Orange Hunt,Week5,Pinecrest,Week2,235.0 Pinecrest - 167.0 Orange Hunt
Old Keene Mill,Week4,Kings Ridge ,Week1,225.0 Old Keene Mill - 177.0 Kings Ridge
Old Keene Mill,Week5,Virginia Hills,Week3,312.0 Old Keene Mill - 90.0 Virginia Hills
Orange Hunt,Week2,Ilda Community,Week5,284.5 Orange Hunt - 116.5 Ilda Community
Orange Hunt,Week4,Pinecrest,Week2,255.0 Pinecrest - 147.0 Orange Hunt
Old Keene Mill,Week4,Virginia Hills,Week3,293.0 Old Keene Mill - 109.0 Virginia Hills
Old Keene Mill,Week4,Kings Ridge ,Week3,221.0 Old Keene Mill - 179.0 Kings Ridge
Orange Hunt,Week1,North Springfield,Week2,288.0 Orange Hunt - 100.0 North Springfield
Orange Hunt,Week3,North Springfield,Week1,300.0 Orange Hunt - 49.0 North Springfield
Old Keene Mill,Week2,Kings Ridge ,Week1,229.0 Old Keene Mill - 173.0 Kings Ridge
Old Keene Mill,Week5,Virginia Hills,Week1,300.0 Old Keene Mill - 102.0 Virginia Hills
Orange Hunt,Week5,Newington Forest,Week3,314.0 Orange Hunt - 87.0 Newington Forest
Orange Hunt,Week2,North Springfield,Week5,255.0 Orange Hunt - 117.0 North Springfield
Orange Hunt,Week4,Pinecrest,Week4,253.0 Pinecrest - 149.0 Orange Hunt
Orange Hunt,Week2,Ilda Community,Week1,294.5 Orange Hunt - 106.5 Ilda Community
Orange Hunt,Week5,Hunter Mill,Week4,208.0 Hunter Mill - 193.0 Orange Hunt
Old Keene Mill,Week2,Virginia Hills,Week2,308.0 Old Keene Mill - 93.0 Virginia Hills
Orange Hunt,Week1,Pinewood Lake,Week4,356.0 Orange Hunt - 45.0 Pinewood Lake
Old Keene Mill,Week2,Kings Ridge ,Week5,205.0 Kings Ridge - 197.0 Old Keene Mill
Orange Hunt,Week2,Pinewood Lake,Week2,373.0 Orange Hunt - 25.0 Pinewood Lake
Old Keene Mill,Week3,Kings Ridge ,Week2,230.0 Old Keene Mill - 172.0 Kings Ridge
Old Keene Mill,Week5,Virginia Hills,Week4,319.0 Old Keene Mill - 83.0 Virginia Hills
Orange Hunt,Week4,Ilda Community,Week4,266.0 Orange Hunt - 136.0 Ilda Community
Orange Hunt,Week2,Oakton ,Week3,234.0 Oakton - 168.0 Orange Hunt
Orange Hunt,Week1,Ilda Community,Week4,264.0 Orange Hunt - 138.0 Ilda Community
Orange Hunt,Week3,North Springfield,Week3,288.0 Orange Hunt - 109.0 North Springfield
Old Keene Mill,Week5,Kings Ridge ,Week1,238.0 Old Keene Mill - 159.0 Kings Ridge
Old Keene Mill,Week1,Virginia Run,Week3,280.0 Virginia Run - 122.0 Old Keene Mill
Orange Hunt,Week4,Ilda Community,Week3,285.0 Orange Hunt - 117.0 Ilda Community
Orange Hunt,Week4,Ilda Community,Week1,294.0 Orange Hunt - 107.0 Ilda Community
Orange Hunt,Week5,North Springfield,Week3,304.0 Orange Hunt - 90.0 North Springfield
Orange Hunt,Week2,Pinewood Lake,Week5,359.0 Orange Hunt - 40.0 Pinewood Lake
Orange Hunt,Week5,Hunter Mill,Week5,225.0 Hunter Mill - 177.0 Orange Hunt
Old Keene Mill,Week5,Kings Ridge ,Week2,237.0 Old Keene Mill - 165.0 Kings Ridge
Orange Hunt,Week4,North Springfield,Week1,292.0 Orange Hunt - 58.0 North Springfield
Old Keene Mill,Week2,Virginia Run,Week1,296.0 Virginia Run - 106.0 Old Keene Mill
Old Keene Mill,Week3,Kings Ridge ,Week4,213.0 Old Keene Mill - 189.0 Kings Ridge
Old Keene Mill,Week1,Virginia Run,Week2,281.0 Virginia Run - 121.0 Old Keene Mill
Orange Hunt,Week3,North Springfield,Week2,298.0 Orange Hunt - 90.0 North Springfield
Old Keene Mill,Week4,Kings Ridge ,Week4,203.0 Kings Ridge - 199.0 Old Keene Mill
Orange Hunt,Week2,Pinewood Lake,Week4,359.0 Orange Hunt - 39.0 Pinewood Lake
Orange Hunt,Week1,Ilda Community,Week3,277.0 Orange Hunt - 125.0 Ilda Community
Orange Hunt,Week3,Pinecrest,Week5,235.0 Pinecrest - 167.0 Orange Hunt
Old Keene Mill,Week1,Virginia Run,Week1,306.0 Virginia Run - 96.0 Old Keene Mill
Old Keene Mill,Week4,Kings Ridge ,Week2,222.0 Old Keene Mill - 180.0 Kings Ridge
Old Keene Mill,Week5,Kings Ridge ,Week3,226.0 Old Keene Mill - 176.0 Kings Ridge
Orange Hunt,Week1,Pinewood Lake,Week2,370.0 Orange Hunt - 30.0 Pinewood Lake
Old Keene Mill,Week1,Virginia Hills,Week4,289.0 Old Keene Mill - 111.0 Virginia Hills
Orange Hunt,Week3,Pinewood Lake,Week3,378.0 Orange Hunt - 21.0 Pinewood Lake
Orange Hunt,Week1,Pinewood Lake,Week5,352.0 Orange Hunt - 49.0 Pinewood Lake
Old Keene Mill,Week5,Virginia Hills,Week5,281.0 Old Keene Mill - 115.0 Virginia Hills
Orange Hunt,Week3,North Springfield,Week5,263.0 Orange Hunt - 110.0 North Springfield
Orange Hunt,Week3,North Springfield,Week4,293.0 Orange Hunt - 99.0 North Springfield
Old Keene Mill,Week3,Kings Ridge ,Week3,221.0 Old Keene Mill - 180.0 Kings Ridge
Orange Hunt,Week4,Pinecrest,Week1,248.0 Pinecrest - 154.0 Orange Hunt
Old Keene Mill,Week2,Virginia Run,Week3,276.0 Virginia Run - 126.0 Old Keene Mill
Orange Hunt,Week2,Oakton ,Week4,235.5 Oakton - 166.5 Orange Hunt
Orange Hunt,Week3,Kent Gardens,Week1,215.0 Orange Hunt - 187.0 Kent Gardens
Orange Hunt,Week3,Pinewood Lake,Week5,360.0 Orange Hunt - 39.0 Pinewood Lake
Orange Hunt,Week4,Kent Gardens,Week2,236.0 Orange Hunt - 166.0 Kent Gardens
Old Keene Mill,Week3,Kings Ridge ,Week5,208.0 Old Keene Mill - 194.0 Kings Ridge
Orange Hunt,Week4,Pinecrest,Week3,250.0 Pinecrest - 152.0 Orange Hunt
Old Keene Mill,Week1,Lake Braddock,Week1,253.0 Old Keene Mill - 149.0 Lake Braddock
Old Keene Mill,Week4,Virginia Hills,Week5,259.0 Old Keene Mill - 141.0 Virginia Hills
Oakton ,Week4,Springboard,Week4,327.0 Oakton - 75.0 Springboard
Orange Hunt,Week1,Pinewood Lake,Week3,368.0 Orange Hunt - 32.0 Pinewood Lake
Orange Hunt,Week2,Kent Gardens,Week1,219.0 Orange Hunt - 183.0 Kent Gardens
Orange Hunt,Week5,Ilda Community,Week3,301.0 Orange Hunt - 100.0 Ilda Community
Old Keene Mill,Week1,Lake Braddock,Week2,220.0 Old Keene Mill - 182.0 Lake Braddock
Old Keene Mill,Week3,Virginia Hills,Week4,309.0 Old Keene Mill - 93.0 Virginia Hills
Old Keene Mill,Week5,Kings Ridge ,Week5,216.0 Old Keene Mill - 186.0 Kings Ridge
Old Keene Mill,Week2,Virginia Hills,Week1,284.0 Old Keene Mill - 118.0 Virginia Hills
Old Keene Mill,Week4,Kings Ridge ,Week5,206.0 Old Keene Mill - 196.0 Kings Ridge
Old Keene Mill,Week3,Virginia Hills,Week2,306.0 Old Keene Mill - 96.0 Virginia Hills
Orange Hunt,Week3,Oakton ,Week1,235.0 Oakton - 167.0 Orange Hunt
Oakton ,Week5,Springboard,Week1,355.0 Oakton - 47.0 Springboard
Oakton ,Week4,Springboard,Week1,340.0 Oakton - 61.0 Springboard
Orange Hunt,Week2,Pinewood Lake,Week1,366.0 Orange Hunt - 33.0 Pinewood Lake
Old Keene Mill,Week2,Virginia Hills,Week3,309.0 Old Keene Mill - 93.0 Virginia Hills
Old Keene Mill,Week5,Kings Ridge ,Week4,227.0 Old Keene Mill - 175.0 Kings Ridge
Orange Hunt,Week3,Oakton ,Week3,246.0 Oakton - 156.0 Orange Hunt
Orange Hunt,Week3,Oakton ,Week2,255.0 Oakton - 147.0 Orange Hunt
Orange Hunt,Week3,Kent Gardens,Week2,225.0 Orange Hunt - 177.0 Kent Gardens
Oakton ,Week3,Springboard,Week2,364.5 Oakton - 32.5 Springboard
Orange Hunt,Week1,Oakton ,Week2,269.0 Oakton - 133.0 Orange Hunt
Orange Hunt,Week5,Kent Gardens,Week3,245.0 Orange Hunt - 157.0 Kent Gardens
Orange Hunt,Week5,North Springfield,Week5,282.0 Orange Hunt - 87.0 North Springfield
Orange Hunt,Week5,Pinecrest,Week4,227.0 Pinecrest - 175.0 Orange Hunt
Orange Hunt,Week4,Pinewood Lake,Week1,362.0 Orange Hunt - 31.0 Pinewood Lake
Orange Hunt,Week1,Kent Gardens,Week5,226.0 Kent Gardens - 176.0 Orange Hunt
Oakton ,Week4,Springboard,Week5,337.0 Oakton - 64.0 Springboard
Old Keene Mill,Week2,Kings Ridge ,Week2,233.0 Old Keene Mill - 169.0 Kings Ridge
Orange Hunt,Week5,North Springfield,Week2,312.0 Orange Hunt - 74.0 North Springfield
Old Keene Mill,Week2,Virginia Run,Week2,267.0 Virginia Run - 135.0 Old Keene Mill
Old Keene Mill,Week1,Kings Ridge ,Week4,203.0 Kings Ridge - 199.0 Old Keene Mill
Old Keene Mill,Week2,Virginia Run,Week4,283.0 Virginia Run - 119.0 Old Keene Mill
Orange Hunt,Week1,Oakton ,Week3,271.0 Oakton - 131.0 Orange Hunt
Orange Hunt,Week3,Oakton ,Week5,248.5 Oakton - 153.5 Orange Hunt
Old Keene Mill,Week1,Virginia Run,Week4,296.0 Virginia Run - 106.0 Old Keene Mill
Oakton ,Week2,Springboard,Week3,339.5 Oakton - 62.5 Springboard
Orange Hunt,Week2,Pinewood Lake,Week3,372.0 Orange Hunt - 26.0 Pinewood Lake
Old Keene Mill,Week2,Kings Ridge ,Week3,223.0 Old Keene Mill - 178.0 Kings Ridge
Orange Hunt,Week3,Pinewood Lake,Week1,367.0 Orange Hunt - 32.0 Pinewood Lake
Orange Hunt,Week5,Ilda Community,Week5,303.0 Orange Hunt - 95.0 Ilda Community
Oakton ,Week3,Springboard,Week1,349.0 Oakton - 53.0 Springboard
Orange Hunt,Week2,Oakton ,Week2,246.0 Oakton - 156.0 Orange Hunt
Orange Hunt,Week1,Kent Gardens,Week3,230.0 Orange Hunt - 172.0 Kent Gardens
Orange Hunt,Week4,Pinewood Lake,Week3,365.0 Orange Hunt - 28.0 Pinewood Lake
Old Keene Mill,Week1,Lake Braddock,Week3,218.0 Old Keene Mill - 184.0 Lake Braddock
Orange Hunt,Week1,Kent Gardens,Week2,234.0 Orange Hunt - 168.0 Kent Gardens
Orange Hunt,Week4,Pinewood Lake,Week2,361.0 Orange Hunt - 32.0 Pinewood Lake
Orange Hunt,Week5,North Springfield,Week1,296.0 Orange Hunt - 47.0 North Springfield
Oakton ,Week2,Sleepy Hollow B & R,Week2,271.0 Oakton - 131.0 Sleepy Hollow B & R
Oakton ,Week4,Springboard,Week2,366.0 Oakton - 35.0 Springboard
Oakton ,Week5,Springboard,Week4,348.0 Oakton - 54.0 Springboard
Oakton ,Week1,Sleepy Hollow B & R,Week3,250.0 Oakton - 152.0 Sleepy Hollow B & R
Old Keene Mill,Week1,Virginia Run,Week5,311.0 Virginia Run - 91.0 Old Keene Mill
Oakton ,Week2,Sleepy Hollow B & R,Week1,289.0 Oakton - 113.0 Sleepy Hollow B & R
Old Keene Mill,Week1,Wakefield Chapel,Week3,330.0 Wakefield Chapel - 72.0 Old Keene Mill
Oakton ,Week5,Springboard,Week3,351.0 Oakton - 51.0 Springboard
Orange Hunt,Week2,Kent Gardens,Week2,233.0 Orange Hunt - 169.0 Kent Gardens
Old Keene Mill,Week1,Lake Braddock,Week4,226.0 Old Keene Mill - 176.0 Lake Braddock
Orange Hunt,Week3,Kent Gardens,Week4,228.0 Orange Hunt - 174.0 Kent Gardens
Orange Hunt,Week4,Oakton ,Week3,244.0 Oakton - 153.0 Orange Hunt
Orange Hunt,Week5,Kent Gardens,Week1,222.0 Orange Hunt - 180.0 Kent Gardens
Oakton ,Week1,Springfield,Week1,388.0 Oakton - 9.0 Springfield
Old Keene Mill,Week3,Kings Ridge ,Week1,238.0 Old Keene Mill - 164.0 Kings Ridge
Oakton ,Week5,Sleepy Hollow B & R,Week2,260.0 Oakton - 142.0 Sleepy Hollow B & R
Oakton ,Week1,Sleepy Hollow Rec,Week4,334.0 Oakton - 68.0 Sleepy Hollow Rec
Orange Hunt,Week4,Pinewood Lake,Week4,358.0 Orange Hunt - 36.0 Pinewood Lake
Oakton ,Week5,Springboard,Week5,350.0 Oakton - 52.0 Springboard
Old Keene Mill,Week1,Lakevale Estates,Week3,310.0 Lakevale Estates - 92.0 Old Keene Mill
Orange Hunt,Week2,Kent Gardens,Week4,236.0 Orange Hunt - 166.0 Kent Gardens
Orange Hunt,Week1,Oakton ,Week5,273.0 Oakton - 129.0 Orange Hunt
Old Keene Mill,Week2,Wakefield Chapel,Week2,331.0 Wakefield Chapel - 71.0 Old Keene Mill
Old Keene Mill,Week5,Lake Braddock,Week5,250.0 Old Keene Mill - 152.0 Lake Braddock
Oakton ,Week3,Sleepy Hollow B & R,Week3,235.0 Oakton - 167.0 Sleepy Hollow B & R
Old Keene Mill,Week4,Virginia Run,Week3,293.0 Virginia Run - 109.0 Old Keene Mill
Old Keene Mill,Week4,Virginia Run,Week2,271.0 Virginia Run - 131.0 Old Keene Mill
Orange Hunt,Week3,Pleasant Valley,Week3,287.0 Orange Hunt - 115.0 Pleasant Valley
Oakton ,Week3,Sleepy Hollow B & R,Week4,255.0 Oakton - 147.0 Sleepy Hollow B & R
Old Keene Mill,Week4,Lake Braddock,Week5,225.0 Old Keene Mill - 177.0 Lake Braddock
Orange Hunt,Week4,Oakton ,Week2,254.0 Oakton - 148.0 Orange Hunt
Orange Hunt,Week2,Kings Ridge ,Week1,282.0 Orange Hunt - 120.0 Kings Ridge
Orange Hunt,Week2,Pleasant Valley,Week4,312.0 Orange Hunt - 89.0 Pleasant Valley
Old Keene Mill,Week3,Wakefield Chapel,Week4,323.0 Wakefield Chapel - 79.0 Old Keene Mill
Orange Hunt,Week4,Oakton ,Week1,237.0 Oakton - 165.0 Orange Hunt
Orange Hunt,Week1,Oakton ,Week4,263.0 Oakton - 139.0 Orange Hunt
Old Keene Mill,Week4,Virginia Run,Week4,297.0 Virginia Run - 105.0 Old Keene Mill
Orange Hunt,Week3,Pinewood Lake,Week2,374.0 Orange Hunt - 25.0 Pinewood Lake
Orange Hunt,Week4,Kent Gardens,Week4,239.0 Orange Hunt - 163.0 Kent Gardens
Orange Hunt,Week1,Pleasant Valley,Week2,308.0 Orange Hunt - 93.0 Pleasant Valley
Oakton ,Week2,Springboard,Week4,336.0 Oakton - 66.0 Springboard
Oakton ,Week1,Springfield,Week4,379.0 Oakton - 18.0 Springfield
Oakton ,Week2,Springfield,Week1,386.0 Oakton - 16.0 Springfield
Old Keene Mill,Week3,Virginia Run,Week1,293.0 Virginia Run - 109.0 Old Keene Mill
Orange Hunt,Week4,North Springfield,Week5,275.0 Orange Hunt - 99.0 North Springfield
Old Keene Mill,Week2,Lakevale Estates,Week3,302.0 Lakevale Estates - 100.0 Old Keene Mill
Old Keene Mill,Week3,Lake Braddock,Week5,226.0 Old Keene Mill - 176.0 Lake Braddock
Orange Hunt,Week5,North Springfield,Week4,308.0 Orange Hunt - 81.0 North Springfield
Old Keene Mill,Week3,Virginia Run,Week3,276.0 Virginia Run - 126.0 Old Keene Mill
Orange Hunt,Week1,Kent Gardens,Week1,214.0 Orange Hunt - 188.0 Kent Gardens
Oakton ,Week3,Springboard,Week5,330.0 Oakton - 72.0 Springboard
Orange Hunt,Week3,Oakton ,Week4,247.0 Oakton - 155.0 Orange Hunt
Old Keene Mill,Week5,Virginia Run,Week5,280.0 Virginia Run - 122.0 Old Keene Mill
Orange Hunt,Week2,Pleasant Valley,Week1,289.0 Orange Hunt - 112.0 Pleasant Valley
Old Keene Mill,Week5,Lake Braddock,Week3,249.0 Old Keene Mill - 152.0 Lake Braddock
Old Keene Mill,Week4,Lake Braddock,Week4,240.0 Old Keene Mill - 162.0 Lake Braddock
Orange Hunt,Week1,Poplar Heights,Week2,222.0 Poplar Heights - 180.0 Orange Hunt
Oakton ,Week5,Sleepy Hollow B & R,Week1,283.0 Oakton - 119.0 Sleepy Hollow B & R
Orange Hunt,Week5,Ilda Community,Week4,294.0 Orange Hunt - 107.0 Ilda Community
Oakton ,Week4,Springboard,Week3,336.5 Oakton - 64.5 Springboard
Orange Hunt,Week1,Oakton ,Week1,255.0 Oakton - 147.0 Orange Hunt
Orange Hunt,Week2,Oakton ,Week1,237.0 Oakton - 165.0 Orange Hunt
Orange Hunt,Week5,Kent Gardens,Week2,248.0 Orange Hunt - 154.0 Kent Gardens
Oakton ,Week5,Springboard,Week2,368.0 Oakton - 29.0 Springboard
Oakton ,Week2,Springboard,Week5,336.0 Oakton - 66.0 Springboard
Orange Hunt,Week4,Pleasant Valley,Week3,288.0 Orange Hunt - 114.0 Pleasant Valley
Oakton ,Week4,Sleepy Hollow B & R,Week2,255.0 Oakton - 147.0 Sleepy Hollow B & R
Orange Hunt,Week5,Ilda Community,Week1,314.0 Orange Hunt - 84.0 Ilda Community
Old Keene Mill,Week5,Virginia Run,Week1,289.0 Virginia Run - 113.0 Old Keene Mill
Old Keene Mill,Week5,Virginia Run,Week2,252.5 Virginia Run - 149.5 Old Keene Mill
Old Keene Mill,Week1,Lakevale Estates,Week5,310.0 Lakevale Estates - 92.0 Old Keene Mill
Oakton ,Week1,Springfield,Week3,379.0 Oakton - 17.0 Springfield
Oakton ,Week3,Sleepy Hollow B & R,Week1,265.0 Oakton - 137.0 Sleepy Hollow B & R
Oakton ,Week2,Sleepy Hollow B & R,Week5,234.0 Oakton - 168.0 Sleepy Hollow B & R
Orange Hunt,Week1,Pleasant Valley,Week1,305.0 Orange Hunt - 96.0 Pleasant Valley
Orange Hunt,Week4,Kent Gardens,Week1,229.0 Orange Hunt - 173.0 Kent Gardens
Oakton ,Week5,Sleepy Hollow B & R,Week5,239.0 Oakton - 163.0 Sleepy Hollow B & R
Orange Hunt,Week5,Pleasant Valley,Week1,300.0 Orange Hunt - 102.0 Pleasant Valley
Orange Hunt,Week1,Old Keene Mill,Week1,264.0 Orange Hunt - 138.0 Old Keene Mill
Old Keene Mill,Week2,Wakefield Chapel,Week5,335.0 Wakefield Chapel - 67.0 Old Keene Mill
Oakton ,Week1,Sleepy Hollow Rec,Week1,324.0 Oakton - 78.0 Sleepy Hollow Rec
Orange Hunt,Week4,North Springfield,Week3,291.0 Orange Hunt - 105.0 North Springfield
Orange Hunt,Week2,Oakton ,Week5,254.0 Oakton - 148.0 Orange Hunt
Orange Hunt,Week3,Kent Gardens,Week3,224.0 Orange Hunt - 178.0 Kent Gardens
Orange Hunt,Week5,Ilda Community,Week2,307.0 Orange Hunt - 94.0 Ilda Community
Old Keene Mill,Week3,Wakefield Chapel,Week1,324.0 Wakefield Chapel - 78.0 Old Keene Mill
Old Keene Mill,Week5,Lake Braddock,Week2,252.0 Old Keene Mill - 150.0 Lake Braddock
Old Keene Mill,Week2,Lakevale Estates,Week2,302.0 Lakevale Estates - 100.0 Old Keene Mill
Orange Hunt,Week2,Poplar Heights,Week1,214.0 Orange Hunt - 188.0 Poplar Heights
Oakton ,Week3,Sleepy Hollow Rec,Week4,342.0 Oakton - 60.0 Sleepy Hollow Rec
Orange Hunt,Week5,Pleasant Valley,Week4,320.0 Orange Hunt - 81.0 Pleasant Valley
Oakton ,Week1,Sleepy Hollow B & R,Week1,284.0 Oakton - 118.0 Sleepy Hollow B & R
Orange Hunt,Week4,Pleasant Valley,Week1,294.0 Orange Hunt - 107.0 Pleasant Valley
Orange Hunt,Week3,Pleasant Valley,Week5,288.0 Orange Hunt - 113.0 Pleasant Valley
Orange Hunt,Week4,Ilda Community,Week5,286.0 Orange Hunt - 115.0 Ilda Community
Orange Hunt,Week2,Poplar Heights,Week3,206.0 Orange Hunt - 196.0 Poplar Heights
Oakton ,Week3,Springboard,Week3,337.0 Oakton - 65.0 Springboard
Oakton ,Week1,Springfield,Week5,387.0 Oakton - 10.0 Springfield
Orange Hunt,Week4,North Springfield,Week4,297.0 Orange Hunt - 94.0 North Springfield
Old Keene Mill,Week1,Lake Braddock,Week5,216.0 Old Keene Mill - 186.0 Lake Braddock
Orange Hunt,Week1,Kent Gardens,Week4,224.0 Orange Hunt - 178.0 Kent Gardens
Old Keene Mill,Week4,Virginia Run,Week5,311.0 Virginia Run - 91.0 Old Keene Mill
Oakton ,Week1,Springfield,Week2,379.0 Oakton - 18.0 Springfield
Old Keene Mill,Week4,Lake Braddock,Week1,267.0 Old Keene Mill - 135.0 Lake Braddock
Oakton ,Week3,Sleepy Hollow Rec,Week2,328.5 Oakton - 73.5 Sleepy Hollow Rec
Old Keene Mill,Week3,Virginia Run,Week4,287.0 Virginia Run - 115.0 Old Keene Mill
Orange Hunt,Week2,Kent Gardens,Week3,236.0 Orange Hunt - 166.0 Kent Gardens
Old Keene Mill,Week2,Lake Braddock,Week5,233.0 Old Keene Mill - 169.0 Lake Braddock
Oakton ,Week3,Sleepy Hollow B & R,Week2,248.0 Oakton - 154.0 Sleepy Hollow B & R
Oakton ,Week2,Springboard,Week1,348.0 Oakton - 54.0 Springboard
Old Keene Mill,Week4,Wakefield Chapel,Week3,340.0 Wakefield Chapel - 62.0 Old Keene Mill
Oakton ,Week2,Springboard,Week2,370.0 Oakton - 27.0 Springboard
Orange Hunt,Week3,Kent Gardens,Week5,216.0 Kent Gardens - 186.0 Orange Hunt
Orange Hunt,Week2,Pleasant Valley,Week2,307.0 Orange Hunt - 94.0 Pleasant Valley
Oakton ,Week4,Sleepy Hollow B & R,Week4,261.0 Oakton - 141.0 Sleepy Hollow B & R
Old Keene Mill,Week1,Lakevale Estates,Week1,301.0 Lakevale Estates - 101.0 Old Keene Mill
Orange Hunt,Week1,Pleasant Valley,Week3,285.0 Orange Hunt - 117.0 Pleasant Valley
Orange Hunt,Week2,Kent Gardens,Week5,213.0 Kent Gardens - 189.0 Orange Hunt
Old Keene Mill,Week5,Lake Braddock,Week4,258.0 Old Keene Mill - 144.0 Lake Braddock
Old Keene Mill,Week3,Lakevale Estates,Week2,300.5 Lakevale Estates - 101.5 Old Keene Mill
Oakton ,Week3,Springboard,Week4,335.0 Oakton - 62.0 Springboard
Oakton ,Week4,Sleepy Hollow B & R,Week5,212.0 Oakton - 190.0 Sleepy Hollow B & R
Orange Hunt,Week5,Pinewood Lake,Week5,356.0 Orange Hunt - 38.0 Pinewood Lake
Oakton ,Week3,Sleepy Hollow Rec,Week1,328.0 Oakton - 74.0 Sleepy Hollow Rec
Orange Hunt,Week4,Kent Gardens,Week5,206.0 Kent Gardens - 196.0 Orange Hunt
Orange Hunt,Week4,Kent Gardens,Week3,236.0 Orange Hunt - 166.0 Kent Gardens
Orange Hunt,Week2,Old Keene Mill,Week1,264.0 Orange Hunt - 138.0 Old Keene Mill
Oakton ,Week1,Sleepy Hollow B & R,Week5,215.0 Oakton - 187.0 Sleepy Hollow B & R
Old Keene Mill,Week2,Wakefield Chapel,Week1,324.0 Wakefield Chapel - 78.0 Old Keene Mill
Old Keene Mill,Week5,Lakevale Estates,Week1,287.0 Lakevale Estates - 115.0 Old Keene Mill
Orange Hunt,Week4,Oakton ,Week4,252.0 Oakton - 150.0 Orange Hunt
Orange Hunt,Week2,Old Keene Mill,Week5,250.0 Orange Hunt - 152.0 Old Keene Mill
Orange Hunt,Week5,Oakton ,Week5,238.0 Oakton - 164.0 Orange Hunt
Orange Hunt,Week5,Kent Gardens,Week4,240.0 Orange Hunt - 162.0 Kent Gardens
Old Keene Mill,Week4,Virginia Run,Week1,298.0 Virginia Run - 104.0 Old Keene Mill
Old Keene Mill,Week5,Virginia Run,Week4,261.0 Virginia Run - 141.0 Old Keene Mill
Orange Hunt,Week1,Pleasant Valley,Week4,316.0 Orange Hunt - 85.0 Pleasant Valley
Orange Hunt,Week1,Pleasant Valley,Week5,300.0 Orange Hunt - 102.0 Pleasant Valley
Oakton ,Week4,Sleepy Hollow B & R,Week3,248.0 Oakton - 154.0 Sleepy Hollow B & R
Old Keene Mill,Week1,Wakefield Chapel,Week2,331.0 Wakefield Chapel - 71.0 Old Keene Mill
Old Keene Mill,Week2,Lake Braddock,Week1,267.0 Old Keene Mill - 135.0 Lake Braddock
Orange Hunt,Week2,Old Keene Mill,Week4,239.0 Orange Hunt - 163.0 Old Keene Mill
Orange Hunt,Week1,Old Keene Mill,Week3,248.0 Orange Hunt - 154.0 Old Keene Mill
Old Keene Mill,Week2,Lake Braddock,Week2,235.0 Old Keene Mill - 167.0 Lake Braddock
Old Keene Mill,Week4,Lake Braddock,Week3,227.0 Old Keene Mill - 175.0 Lake Braddock
Oakton ,Week1,Sleepy Hollow B & R,Week4,249.5 Oakton - 152.5 Sleepy Hollow B & R
Old Keene Mill,Week5,Virginia Run,Week3,254.0 Virginia Run - 148.0 Old Keene Mill
Orange Hunt,Week5,Oakton ,Week1,234.0 Oakton - 168.0 Orange Hunt
Oakton ,Week5,Sleepy Hollow B & R,Week3,270.0 Oakton - 132.0 Sleepy Hollow B & R
Old Keene Mill,Week3,Lake Braddock,Week1,266.0 Old Keene Mill - 136.0 Lake Braddock
Orange Hunt,Week1,Kings Ridge ,Week1,271.0 Orange Hunt - 131.0 Kings Ridge
Old Keene Mill,Week2,Virginia Run,Week5,291.0 Virginia Run - 111.0 Old Keene Mill
Orange Hunt,Week3,Kings Ridge ,Week3,270.5 Orange Hunt - 130.5 Kings Ridge
Orange Hunt,Week4,Oakton ,Week5,263.0 Oakton - 139.0 Orange Hunt
Orange Hunt,Week3,Pleasant Valley,Week1,294.0 Orange Hunt - 107.0 Pleasant Valley
Orange Hunt,Week3,Pleasant Valley,Week2,293.0 Orange Hunt - 108.0 Pleasant Valley
Orange Hunt,Week4,Old Keene Mill,Week5,249.0 Orange Hunt - 153.0 Old Keene Mill
Orange Hunt,Week2,Old Keene Mill,Week3,245.0 Orange Hunt - 157.0 Old Keene Mill
Orange Hunt,Week5,Pinewood Lake,Week4,361.0 Orange Hunt - 32.0 Pinewood Lake
Orange Hunt,Week1,Lake Braddock,Week1,312.0 Orange Hunt - 90.0 Lake Braddock
Orange Hunt,Week3,Old Keene Mill,Week2,253.0 Orange Hunt - 149.0 Old Keene Mill
Old Keene Mill,Week2,Lake Braddock,Week4,237.0 Old Keene Mill - 165.0 Lake Braddock
Orange Hunt,Week1,Kings Ridge ,Week5,249.0 Orange Hunt - 153.0 Kings Ridge
Orange Hunt,Week1,Lake Braddock,Week3,299.0 Orange Hunt - 103.0 Lake Braddock
Old Keene Mill,Week1,Wakefield Chapel,Week4,325.0 Wakefield Chapel - 77.0 Old Keene Mill
Oakton ,Week1,Sleepy Hollow Rec,Week2,326.5 Oakton - 75.5 Sleepy Hollow Rec
Old Keene Mill,Week3,Lake Braddock,Week3,231.0 Old Keene Mill - 171.0 Lake Braddock
Oakton ,Week2,Sleepy Hollow B & R,Week4,265.0 Oakton - 137.0 Sleepy Hollow B & R
Orange Hunt,Week1,Kings Ridge ,Week2,283.0 Orange Hunt - 119.0 Kings Ridge
Old Keene Mill,Week2,Lake Braddock,Week3,232.0 Old Keene Mill - 170.0 Lake Braddock
Orange Hunt,Week2,Pleasant Valley,Week3,284.0 Orange Hunt - 118.0 Pleasant Valley
Old Keene Mill,Week1,Wakefield Chapel,Week1,329.0 Wakefield Chapel - 73.0 Old Keene Mill
Orange Hunt,Week4,Pleasant Valley,Week4,312.0 Orange Hunt - 83.0 Pleasant Valley
Old Keene Mill,Week3,Virginia Run,Week2,264.0 Virginia Run - 138.0 Old Keene Mill
Oakton ,Week2,Sleepy Hollow B & R,Week3,273.5 Oakton - 128.5 Sleepy Hollow B & R
Orange Hunt,Week3,Pleasant Valley,Week4,309.0 Orange Hunt - 91.0 Pleasant Valley
Oakton ,Week1,Sleepy Hollow B & R,Week2,250.0 Oakton - 152.0 Sleepy Hollow B & R
Old Keene Mill,Week3,Virginia Run,Week5,292.0 Virginia Run - 110.0 Old Keene Mill
Orange Hunt,Week5,Pleasant Valley,Week5,295.0 Orange Hunt - 106.0 Pleasant Valley
Orange Hunt,Week2,Pleasant Valley,Week5,285.0 Orange Hunt - 117.0 Pleasant Valley
Orange Hunt,Week5,Old Keene Mill,Week5,252.0 Orange Hunt - 150.0 Old Keene Mill
Orange Hunt,Week1,Kings Ridge ,Week3,262.0 Orange Hunt - 140.0 Kings Ridge
Orange Hunt,Week2,Orange Hunt,Week2,201.0 Orange Hunt (OH1) - 201.0 Orange Hunt (OH2)
Orange Hunt,Week1,Old Keene Mill,Week5,239.0 Orange Hunt - 163.0 Old Keene Mill
Orange Hunt,Week4,Kings Ridge ,Week4,270.0 Orange Hunt - 132.0 Kings Ridge
Orange Hunt,Week5,Kings Ridge ,Week3,293.0 Orange Hunt - 105.0 Kings Ridge
Old Keene Mill,Week2,Wakefield Chapel,Week3,327.0 Wakefield Chapel - 75.0 Old Keene Mill
Oakton ,Week3,Sleepy Hollow B & R,Week5,208.0 Oakton - 194.0 Sleepy Hollow B & R
Old Keene Mill,Week1,Lakevale Estates,Week2,309.0 Lakevale Estates - 93.0 Old Keene Mill
Orange Hunt,Week5,Oakton ,Week3,218.0 Oakton - 184.0 Orange Hunt
Oakton ,Week5,Sleepy Hollow B & R,Week4,273.0 Oakton - 129.0 Sleepy Hollow B & R
Oakton ,Week1,Sleepy Hollow Rec,Week3,312.0 Oakton - 90.0 Sleepy Hollow Rec
Orange Hunt,Week5,Kent Gardens,Week5,204.0 Orange Hunt - 198.0 Kent Gardens
Orange Hunt,Week1,Poplar Heights,Week1,209.0 Poplar Heights - 193.0 Orange Hunt
Oakton ,Week2,Sleepy Hollow Rec,Week1,331.0 Oakton - 71.0 Sleepy Hollow Rec
Old Keene Mill,Week5,Lake Braddock,Week1,272.0 Old Keene Mill - 130.0 Lake Braddock
Orange Hunt,Week4,Old Keene Mill,Week3,257.0 Orange Hunt - 145.0 Old Keene Mill
Old Keene Mill,Week4,Lake Braddock,Week2,215.0 Old Keene Mill - 187.0 Lake Braddock
Old Keene Mill,Week1,Wakefield Chapel,Week5,333.0 Wakefield Chapel - 69.0 Old Keene Mill
Old Keene Mill,Week3,Wakefield Chapel,Week3,332.0 Wakefield Chapel - 70.0 Old Keene Mill
Old Keene Mill,Week3,Lake Braddock,Week2,232.0 Old Keene Mill - 170.0 Lake Braddock
Orange Hunt,Week4,Old Keene Mill,Week1,276.0 Orange Hunt - 126.0 Old Keene Mill
Old Keene Mill,Week3,Lake Braddock,Week4,251.0 Old Keene Mill - 151.0 Lake Braddock
Orange Hunt,Week4,Pleasant Valley,Week5,290.0 Orange Hunt - 106.0 Pleasant Valley
Orange Hunt,Week1,Kings Ridge ,Week4,247.0 Orange Hunt - 155.0 Kings Ridge
Old Keene Mill,Week3,Wakefield Chapel,Week2,325.0 Wakefield Chapel - 77.0 Old Keene Mill
Old Keene Mill,Week2,Wakefield Chapel,Week4,315.0 Wakefield Chapel - 87.0 Old Keene Mill
Oakton ,Week4,Sleepy Hollow B & R,Week1,275.0 Oakton - 127.0 Sleepy Hollow B & R
Orange Hunt,Week5,Pinewood Lake,Week3,369.0 Orange Hunt - 24.0 Pinewood Lake
Old Keene Mill,Week3,Wakefield Chapel,Week5,336.0 Wakefield Chapel - 66.0 Old Keene Mill
Orange Hunt,Week4,Pleasant Valley,Week2,301.0 Orange Hunt - 100.0 Pleasant Valley
Orange Hunt,Week2,Old Keene Mill,Week2,243.0 Orange Hunt - 159.0 Old Keene Mill
Old Keene Mill,Week5,McLean,Week4,295.0 McLean - 107.0 Old Keene Mill
Orange Hunt,Week1,Old Keene Mill,Week2,244.0 Orange Hunt - 158.0 Old Keene Mill
Oakton ,Week1,Sleepy Hollow Rec,Week5,324.0 Oakton - 78.0 Sleepy Hollow Rec
Old Keene Mill,Week3,Mosby Woods,Week1,299.0 Mosby Woods - 103.0 Old Keene Mill
Orange Hunt,Week1,Lake Braddock,Week4,299.0 Orange Hunt - 103.0 Lake Braddock
Old Keene Mill,Week3,Lakevale Estates,Week3,307.0 Lakevale Estates - 95.0 Old Keene Mill
Orange Hunt,Week4,Old Keene Mill,Week2,255.0 Orange Hunt - 147.0 Old Keene Mill
Orange Hunt,Week4,Kings Ridge ,Week3,278.0 Orange Hunt - 123.0 Kings Ridge
Oakton ,Week2,Sleepy Hollow Rec,Week3,321.0 Oakton - 81.0 Sleepy Hollow Rec
Orange Hunt,Week1,Lake Braddock,Week5,283.0 Orange Hunt - 119.0 Lake Braddock
Oakton ,Week2,Sleepy Hollow Rec,Week2,335.0 Oakton - 67.0 Sleepy Hollow Rec
Old Keene Mill,Week5,Wakefield Chapel,Week3,309.0 Wakefield Chapel - 93.0 Old Keene Mill
Oakton ,Week2,Sleepy Hollow Rec,Week4,345.0 Oakton - 57.0 Sleepy Hollow Rec
Old Keene Mill,Week1,Mosby Woods,Week2,314.0 Mosby Woods - 88.0 Old Keene Mill
Old Keene Mill,Week1,Walden Glen,Week4,241.0 Walden Glen - 161.0 Old Keene Mill
Old Keene Mill,Week1,Lakevale Estates,Week4,325.0 Lakevale Estates - 77.0 Old Keene Mill
Orange Hunt,Week1,Poplar Heights,Week5,229.0 Poplar Heights - 173.0 Orange Hunt
Orange Hunt,Week2,Kings Ridge ,Week3,268.0 Orange Hunt - 133.0 Kings Ridge
Old Keene Mill,Week2,Lakevale Estates,Week4,316.0 Lakevale Estates - 86.0 Old Keene Mill
Oakton ,Week3,Sleepy Hollow Rec,Week3,310.0 Oakton - 92.0 Sleepy Hollow Rec
Old Keene Mill,Week5,Wakefield Chapel,Week2,307.0 Wakefield Chapel - 95.0 Old Keene Mill
Old Keene Mill,Week5,McLean,Week2,296.0 McLean - 106.0 Old Keene Mill
Orange Hunt,Week5,Pleasant Valley,Week3,295.0 Orange Hunt - 106.0 Pleasant Valley
Orange Hunt,Week3,Old Keene Mill,Week4,252.0 Orange Hunt - 150.0 Old Keene Mill
Orange Hunt,Week5,Pleasant Valley,Week2,314.0 Orange Hunt - 87.0 Pleasant Valley
Old Keene Mill,Week2,Lakevale Estates,Week5,310.0 Lakevale Estates - 92.0 Old Keene Mill
Old Keene Mill,Week4,Wakefield Chapel,Week1,336.0 Wakefield Chapel - 66.0 Old Keene Mill
Orange Hunt,Week2,Lake Braddock,Week2,281.0 Orange Hunt - 121.0 Lake Braddock
Old Keene Mill,Week2,Lakevale Estates,Week1,293.0 Lakevale Estates - 109.0 Old Keene Mill
Orange Hunt,Week1,Poplar Heights,Week3,216.0 Poplar Heights - 186.0 Orange Hunt
Old Keene Mill,Week5,McLean,Week5,319.0 McLean - 83.0 Old Keene Mill
Orange Hunt,Week5,Old Keene Mill,Week3,269.0 Orange Hunt - 133.0 Old Keene Mill
Old Keene Mill,Week1,Walden Glen,Week5,257.0 Walden Glen - 145.0 Old Keene Mill
Old Keene Mill,Week3,Lakevale Estates,Week4,315.0 Lakevale Estates - 87.0 Old Keene Mill
Orange Hunt,Week5,Poplar Heights,Week4,212.0 Orange Hunt - 190.0 Poplar Heights
Old Keene Mill,Week4,Mosby Woods,Week5,296.0 Mosby Woods - 106.0 Old Keene Mill
Orange Hunt,Week5,Kings Ridge ,Week4,283.0 Orange Hunt - 119.0 Kings Ridge
Old Keene Mill,Week4,Lakevale Estates,Week2,313.0 Lakevale Estates - 89.0 Old Keene Mill
Old Keene Mill,Week1,Walden Glen,Week2,224.0 Walden Glen - 177.0 Old Keene Mill
Oakton ,Week3,Sleepy Hollow Rec,Week5,324.0 Oakton - 78.0 Sleepy Hollow Rec
Orange Hunt,Week3,Kings Ridge ,Week2,297.0 Orange Hunt - 105.0 Kings Ridge
Oakton ,Week4,Sleepy Hollow Rec,Week1,334.0 Oakton - 68.0 Sleepy Hollow Rec
Old Keene Mill,Week2,Mosby Woods,Week4,283.0 Mosby Woods - 119.0 Old Keene Mill
Oakton ,Week2,Sleepy Hollow Rec,Week5,330.5 Oakton - 71.5 Sleepy Hollow Rec
Old Keene Mill,Week4,Walden Glen,Week4,232.0 Walden Glen - 170.0 Old Keene Mill
Oakton ,Week4,Sleepy Hollow Rec,Week3,321.0 Oakton - 81.0 Sleepy Hollow Rec
Orange Hunt,Week2,Poplar Heights,Week2,208.0 Poplar Heights - 194.0 Orange Hunt
Old Keene Mill,Week2,Mosby Woods,Week5,300.0 Mosby Woods - 102.0 Old Keene Mill
Orange Hunt,Week2,Lake Braddock,Week3,291.0 Orange Hunt - 111.0 Lake Braddock
Orange Hunt,Week1,Poplar Heights,Week4,221.0 Poplar Heights - 181.0 Orange Hunt
Orange Hunt,Week5,Kings Ridge ,Week1,302.0 Orange Hunt - 100.0 Kings Ridge
Old Keene Mill,Week3,Lakevale Estates,Week1,299.0 Lakevale Estates - 103.0 Old Keene Mill
Old Keene Mill,Week4,Wakefield Chapel,Week2,334.0 Wakefield Chapel - 68.0 Old Keene Mill
Orange Hunt,Week2,Kings Ridge ,Week5,264.0 Orange Hunt - 138.0 Kings Ridge
Oakton ,Week2,Sully Station II,Week5,218.0 Sully Station II - 184.0 Oakton
Old Keene Mill,Week4,Lakevale Estates,Week3,310.0 Lakevale Estates - 92.0 Old Keene Mill
Oakton ,Week4,Sleepy Hollow Rec,Week5,330.0 Oakton - 72.0 Sleepy Hollow Rec
Orange Hunt,Week5,Oakton ,Week4,230.0 Oakton - 172.0 Orange Hunt
Orange Hunt,Week5,Old Keene Mill,Week2,266.0 Orange Hunt - 136.0 Old Keene Mill
Orange Hunt,Week3,Poplar Heights,Week3,201.0 Orange Hunt - 201.0 Poplar Heights
Oakton ,Week4,Sully Station II,Week5,209.0 Sully Station II - 193.0 Oakton
Orange Hunt,Week5,Oakton ,Week2,242.0 Oakton - 160.0 Orange Hunt
Orange Hunt,Week5,Old Keene Mill,Week4,261.0 Orange Hunt - 141.0 Old Keene Mill
Old Keene Mill,Week3,Walden Glen,Week3,209.0 Old Keene Mill - 193.0 Walden Glen
Old Keene Mill,Week3,Lakevale Estates,Week5,307.0 Lakevale Estates - 95.0 Old Keene Mill
Old Keene Mill,Week1,Mosby Woods,Week5,307.0 Mosby Woods - 95.0 Old Keene Mill
Old Keene Mill,Week4,Lakevale Estates,Week4,329.0 Lakevale Estates - 73.0 Old Keene Mill
Oakton ,Week4,Sully Station II,Week4,241.0 Oakton - 161.0 Sully Station II
Oakton ,Week2,Truro,Week4,316.0 Oakton - 86.0 Truro
Orange Hunt,Week3,Kings Ridge ,Week4,263.0 Orange Hunt - 139.0 Kings Ridge
Old Keene Mill,Week2,Walden Glen,Week3,203.0 Walden Glen - 199.0 Old Keene Mill
Oakton ,Week3,Sully Station II,Week4,236.0 Oakton - 166.0 Sully Station II
Old Keene Mill,Week1,Walden Glen,Week1,209.0 Old Keene Mill - 192.0 Walden Glen
Old Keene Mill,Week4,Lakevale Estates,Week5,310.0 Lakevale Estates - 92.0 Old Keene Mill
Old Keene Mill,Week4,Walden Glen,Week2,211.0 Walden Glen - 190.0 Old Keene Mill
Orange Hunt,Week2,Kings Ridge ,Week2,287.0 Orange Hunt - 115.0 Kings Ridge
Oakton ,Week5,Sleepy Hollow Rec,Week2,344.0 Oakton - 58.0 Sleepy Hollow Rec
Orange Hunt,Week3,Old Keene Mill,Week1,267.0 Orange Hunt - 135.0 Old Keene Mill
Orange Hunt,Week4,Kings Ridge ,Week1,284.0 Orange Hunt - 118.0 Kings Ridge
Oakton ,Week4,Sleepy Hollow Rec,Week2,336.0 Oakton - 66.0 Sleepy Hollow Rec
Orange Hunt,Week3,Poplar Heights,Week2,209.0 Orange Hunt - 193.0 Poplar Heights
Old Keene Mill,Week4,Lakevale Estates,Week1,315.0 Lakevale Estates - 87.0 Old Keene Mill
Old Keene Mill,Week3,Mosby Woods,Week5,296.0 Mosby Woods - 106.0 Old Keene Mill
Oakton ,Week4,Sully Station II,Week1,233.0 Oakton - 169.0 Sully Station II
Orange Hunt,Week1,Orange Hunt,Week3,212.0 Orange Hunt (OH2) - 190.0 Orange Hunt (OH1)
Orange Hunt,Week1,Orange Hunt,Week1,201.0 Orange Hunt (OH1) - 201.0 Orange Hunt (OH2)
Orange Hunt,Week5,Poplar Heights,Week5,205.0 Orange Hunt - 197.0 Poplar Heights
Old Keene Mill,Week4,Walden Glen,Week3,212.0 Walden Glen - 190.0 Old Keene Mill
Old Keene Mill,Week3,McLean,Week4,312.0 McLean - 90.0 Old Keene Mill
Old Keene Mill,Week3,Walden Glen,Week2,203.0 Walden Glen - 198.0 Old Keene Mill
Oakton ,Week5,Sleepy Hollow Rec,Week1,341.0 Oakton - 61.0 Sleepy Hollow Rec
Oakton ,Week5,Sleepy Hollow Rec,Week3,336.0 Oakton - 66.0 Sleepy Hollow Rec
Old Keene Mill,Week5,McLean,Week1,309.0 McLean - 93.0 Old Keene Mill
Old Keene Mill,Week4,Mosby Woods,Week4,293.0 Mosby Woods - 109.0 Old Keene Mill
Old Keene Mill,Week5,Lakevale Estates,Week3,297.0 Lakevale Estates - 105.0 Old Keene Mill
Orange Hunt,Week1,Old Keene Mill,Week4,243.0 Orange Hunt - 159.0 Old Keene Mill
Orange Hunt,Week4,Kings Ridge ,Week2,290.0 Orange Hunt - 112.0 Kings Ridge
Old Keene Mill,Week4,Mosby Woods,Week1,305.5 Mosby Woods - 96.5 Old Keene Mill
Orange Hunt,Week2,Kings Ridge ,Week4,258.0 Orange Hunt - 144.0 Kings Ridge
Old Keene Mill,Week1,Lakeview,Week2,230.0 Old Keene Mill - 172.0 Lakeview
Old Keene Mill,Week2,Walden Glen,Week5,239.5 Walden Glen - 162.5 Old Keene Mill
Old Keene Mill,Week1,Mount Vernon Park,Week4,316.0 Mount Vernon Park - 86.0 Old Keene Mill
Orange Hunt,Week5,Old Keene Mill,Week1,293.0 Orange Hunt - 109.0 Old Keene Mill
Oakton ,Week5,Sleepy Hollow Rec,Week4,352.0 Oakton - 50.0 Sleepy Hollow Rec
Oakton ,Week1,Somerset-Olde Creek,Week2,357.0 Oakton - 40.0 Somerset-Olde Creek
Orange Hunt,Week5,Kings Ridge ,Week5,281.0 Orange Hunt - 121.0 Kings Ridge
Orange Hunt,Week2,Orange Hunt,Week1,229.5 Orange Hunt (OH1) - 172.5 Orange Hunt (OH2)
Oakton ,Week5,Sleepy Hollow Rec,Week5,333.0 Oakton - 69.0 Sleepy Hollow Rec
Oakton ,Week4,Sully Station II,Week3,218.0 Oakton - 184.0 Sully Station II
Old Keene Mill,Week4,Walden Glen,Week5,249.0 Walden Glen - 153.0 Old Keene Mill
Old Keene Mill,Week3,McLean,Week5,322.0 McLean - 80.0 Old Keene Mill
Old Keene Mill,Week1,Lakeview,Week1,240.0 Old Keene Mill - 162.0 Lakeview
Orange Hunt,Week5,Poplar Heights,Week3,214.0 Orange Hunt - 188.0 Poplar Heights
Old Keene Mill,Week2,Lakeview,Week1,253.0 Old Keene Mill - 149.0 Lakeview
Orange Hunt,Week4,Kings Ridge ,Week5,264.0 Orange Hunt - 138.0 Kings Ridge
Oakton ,Week1,Truro,Week3,319.0 Oakton - 83.0 Truro
Old Keene Mill,Week4,McLean,Week1,328.0 McLean - 74.0 Old Keene Mill
Oakton ,Week1,Somerset-Olde Creek,Week1,346.0 Oakton - 51.0 Somerset-Olde Creek
Old Keene Mill,Week1,Lakeview,Week3,205.0 Old Keene Mill - 197.0 Lakeview
Old Keene Mill,Week5,Walden Glen,Week1,230.0 Old Keene Mill - 172.0 Walden Glen
Orange Hunt,Week5,Kings Ridge ,Week2,301.0 Orange Hunt - 101.0 Kings Ridge
Oakton ,Week1,Truro,Week2,333.5 Oakton - 63.5 Truro
Old Keene Mill,Week1,Walden Glen,Week3,217.0 Walden Glen - 185.0 Old Keene Mill
Orange Hunt,Week2,Poplar Heights,Week4,203.0 Orange Hunt - 199.0 Poplar Heights
Orange Hunt,Week1,Orange Hunt,Week4,212.0 Orange Hunt (OH2) - 190.0 Orange Hunt (OH1)
Orange Hunt,Week4,Poplar Heights,Week4,208.0 Poplar Heights - 194.0 Orange Hunt
Orange Hunt,Week1,Orange Hunt,Week5,238.0 Orange Hunt (OH2) - 164.0 Orange Hunt (OH1)
Old Keene Mill,Week4,McLean,Week4,317.0 McLean - 85.0 Old Keene Mill
Oakton ,Week2,Truro,Week2,333.0 Oakton - 69.0 Truro
Oakton ,Week4,Truro,Week5,316.0 Oakton - 86.0 Truro
Old Keene Mill,Week5,Walden Glen,Week2,203.0 Old Keene Mill - 199.0 Walden Glen
Oakton ,Week1,Truro,Week1,312.0 Oakton - 90.0 Truro
Oakton ,Week1,Somerset-Olde Creek,Week3,354.5 Oakton - 42.5 Somerset-Olde Creek
Old Keene Mill,Week5,Lakevale Estates,Week5,305.0 Lakevale Estates - 97.0 Old Keene Mill
Orange Hunt,Week3,Old Keene Mill,Week3,253.0 Orange Hunt - 149.0 Old Keene Mill
Old Keene Mill,Week5,McLean,Week3,303.0 McLean - 98.0 Old Keene Mill
Orange Hunt,Week4,Poplar Heights,Week5,214.0 Poplar Heights - 188.0 Orange Hunt
Orange Hunt,Week2,Lake Braddock,Week5,271.0 Orange Hunt - 131.0 Lake Braddock
Old Keene Mill,Week4,McLean,Week2,313.0 McLean - 89.0 Old Keene Mill
Old Keene Mill,Week1,Mosby Woods,Week4,297.0 Mosby Woods - 105.0 Old Keene Mill
Old Keene Mill,Week3,Lakeview,Week2,254.0 Old Keene Mill - 148.0 Lakeview
Old Keene Mill,Week1,Lakeview,Week4,203.0 Lakeview - 199.0 Old Keene Mill
Old Keene Mill,Week3,Lakeview,Week1,257.0 Old Keene Mill - 145.0 Lakeview
Orange Hunt,Week2,Lake Braddock,Week1,313.0 Orange Hunt - 89.0 Lake Braddock
Old Keene Mill,Week1,Mosby Woods,Week3,313.0 Mosby Woods - 89.0 Old Keene Mill
Orange Hunt,Week1,Lake Braddock,Week2,288.0 Orange Hunt - 114.0 Lake Braddock
Old Keene Mill,Week5,Wakefield Chapel,Week1,314.0 Wakefield Chapel - 88.0 Old Keene Mill
Orange Hunt,Week3,Kings Ridge ,Week5,264.5 Orange Hunt - 137.5 Kings Ridge
Oakton ,Week4,Sully Station II,Week2,217.0 Oakton - 185.0 Sully Station II
Oakton ,Week5,Sully Station II,Week5,202.0 Oakton - 200.0 Sully Station II
Old Keene Mill,Week4,Wakefield Chapel,Week5,340.0 Wakefield Chapel - 62.0 Old Keene Mill
Old Keene Mill,Week4,McLean,Week3,322.0 McLean - 80.0 Old Keene Mill
Oakton ,Week3,Truro,Week4,306.0 Oakton - 96.0 Truro
Old Keene Mill,Week3,Walden Glen,Week1,222.0 Old Keene Mill - 180.0 Walden Glen
Orange Hunt,Week4,Old Keene Mill,Week4,252.0 Orange Hunt - 150.0 Old Keene Mill
Orange Hunt,Week3,Kings Ridge ,Week1,288.0 Orange Hunt - 114.0 Kings Ridge
Old Keene Mill,Week2,Lakeview,Week5,212.0 Old Keene Mill - 181.0 Lakeview
Orange Hunt,Week3,Old Keene Mill,Week5,251.0 Orange Hunt - 151.0 Old Keene Mill
Orange Hunt,Week2,Orange Hunt,Week3,212.5 Orange Hunt (OH1) - 189.5 Orange Hunt (OH2)
Oakton ,Week3,Sully Station II,Week1,226.0 Oakton - 176.0 Sully Station II
Orange Hunt,Week1,Orange Hunt,Week2,229.5 Orange Hunt (OH2) - 172.5 Orange Hunt (OH1)
Old Keene Mill,Week3,Lakeview,Week3,237.0 Old Keene Mill - 165.0 Lakeview
Old Keene Mill,Week2,Walden Glen,Week4,220.0 Walden Glen - 182.0 Old Keene Mill
Orange Hunt,Week5,Lake Braddock,Week1,328.0 Orange Hunt - 74.0 Lake Braddock
Orange Hunt,Week2,Orange Hunt,Week4,210.0 Orange Hunt (OH1) - 192.0 Orange Hunt (OH2)
Oakton ,Week4,Sleepy Hollow Rec,Week4,344.0 Oakton - 58.0 Sleepy Hollow Rec
Orange Hunt,Week1,Lakevale Estates,Week5,258.0 Lakevale Estates - 144.0 Orange Hunt
Oakton ,Week4,Truro,Week1,325.0 Oakton - 77.0 Truro
Old Keene Mill,Week5,Wakefield Chapel,Week5,323.0 Wakefield Chapel - 79.0 Old Keene Mill
Old Keene Mill,Week4,McLean,Week5,336.0 McLean - 66.0 Old Keene Mill
Old Keene Mill,Week4,Walden Glen,Week1,230.0 Old Keene Mill - 172.0 Walden Glen
Old Keene Mill,Week2,Mosby Woods,Week2,306.0 Mosby Woods - 96.0 Old Keene Mill
Orange Hunt,Week2,Poplar Heights,Week5,219.0 Poplar Heights - 183.0 Orange Hunt
Orange Hunt,Week3,Lake Braddock,Week3,298.0 Orange Hunt - 104.0 Lake Braddock
Oakton ,Week3,Sully Station II,Week3,206.0 Sully Station II - 196.0 Oakton
Oakton ,Week3,Sully Station II,Week2,205.0 Sully Station II - 197.0 Oakton
Orange Hunt,Week5,Lake Braddock,Week5,292.0 Orange Hunt - 110.0 Lake Braddock
Old Keene Mill,Week3,Walden Glen,Week4,224.0 Walden Glen - 178.0 Old Keene Mill
Orange Hunt,Week3,Poplar Heights,Week5,214.0 Poplar Heights - 188.0 Orange Hunt
Orange Hunt,Week3,Orange Hunt,Week2,212.5 Orange Hunt (OH2) - 189.5 Orange Hunt (OH1)
Old Keene Mill,Week5,Lakevale Estates,Week4,311.0 Lakevale Estates - 91.0 Old Keene Mill
Old Keene Mill,Week1,Mosby Woods,Week1,315.0 Mosby Woods - 87.0 Old Keene Mill
Old Keene Mill,Week5,Wakefield Chapel,Week4,309.0 Wakefield Chapel - 93.0 Old Keene Mill
Old Keene Mill,Week2,Mosby Woods,Week3,299.0 Mosby Woods - 103.0 Old Keene Mill
Orange Hunt,Week3,Orange Hunt,Week3,201.0 Orange Hunt (OH1) - 201.0 Orange Hunt (OH2)
Old Keene Mill,Week4,Wakefield Chapel,Week4,323.0 Wakefield Chapel - 79.0 Old Keene Mill
Oakton ,Week1,Truro,Week4,313.0 Oakton - 89.0 Truro
Orange Hunt,Week2,Orange Hunt,Week5,228.0 Orange Hunt (OH2) - 174.0 Orange Hunt (OH1)
Old Keene Mill,Week5,Lakevale Estates,Week2,281.0 Lakevale Estates - 121.0 Old Keene Mill
Old Keene Mill,Week2,Lakeview,Week2,244.0 Old Keene Mill - 158.0 Lakeview
Oakton ,Week5,Sully Station II,Week3,223.0 Oakton - 179.0 Sully Station II
Old Keene Mill,Week2,Mosby Woods,Week1,306.0 Mosby Woods - 96.0 Old Keene Mill
Orange Hunt,Week2,Lakevale Estates,Week4,242.5 Lakevale Estates - 159.5 Orange Hunt
Old Keene Mill,Week2,Lakeview,Week3,226.0 Old Keene Mill - 176.0 Lakeview
Orange Hunt,Week4,Lake Braddock,Week5,289.0 Orange Hunt - 113.0 Lake Braddock
Orange Hunt,Week3,Orange Hunt,Week4,206.0 Orange Hunt (OH2) - 196.0 Orange Hunt (OH1)
Orange Hunt,Week3,Orange Hunt,Week5,253.5 Orange Hunt (OH2) - 148.5 Orange Hunt (OH1)
Old Keene Mill,Week2,Lakeview,Week4,210.0 Old Keene Mill - 192.0 Lakeview
Oakton ,Week1,Truro,Week5,313.0 Oakton - 84.0 Truro
Orange Hunt,Week4,Orange Hunt,Week1,212.0 Orange Hunt (OH1) - 190.0 Orange Hunt (OH2)
Orange Hunt,Week3,Poplar Heights,Week4,205.0 Orange Hunt - 197.0 Poplar Heights
Orange Hunt,Week4,Orange Hunt,Week2,210.0 Orange Hunt (OH2) - 192.0 Orange Hunt (OH1)
Old Keene Mill,Week3,Lakeview,Week5,233.0 Old Keene Mill - 160.0 Lakeview
Old Keene Mill,Week3,Mosby Woods,Week2,293.5 Mosby Woods - 108.5 Old Keene Mill
Orange Hunt,Week4,Lake Braddock,Week1,314.0 Orange Hunt - 83.0 Lake Braddock
Old Keene Mill,Week4,Lakeview,Week1,247.0 Old Keene Mill - 155.0 Lakeview
Old Keene Mill,Week3,Mosby Woods,Week3,294.0 Mosby Woods - 108.0 Old Keene Mill
Old Keene Mill,Week4,Mosby Woods,Week3,307.0 Mosby Woods - 95.0 Old Keene Mill
Orange Hunt,Week1,Lakevale Estates,Week4,259.0 Lakevale Estates - 143.0 Orange Hunt
Orange Hunt,Week4,Poplar Heights,Week1,203.0 Poplar Heights - 199.0 Orange Hunt
Orange Hunt,Week3,Poplar Heights,Week1,209.0 Orange Hunt - 193.0 Poplar Heights
Old Keene Mill,Week2,Walden Glen,Week1,225.0 Old Keene Mill - 177.0 Walden Glen
Old Keene Mill,Week4,Lakeview,Week2,248.0 Old Keene Mill - 154.0 Lakeview
Orange Hunt,Week4,Lakevale Estates,Week1,224.0 Lakevale Estates - 178.0 Orange Hunt
Old Keene Mill,Week4,Mosby Woods,Week2,309.0 Mosby Woods - 93.0 Old Keene Mill
Oakton ,Week2,Truro,Week1,316.0 Oakton - 86.0 Truro
Oakton ,Week3,Truro,Week2,331.0 Oakton - 71.0 Truro
Orange Hunt,Week3,Lake Braddock,Week1,323.0 Orange Hunt - 79.0 Lake Braddock
Old Keene Mill,Week4,Sleepy Hollow Rec,Week1,202.0 Sleepy Hollow Rec - 200.0 Old Keene Mill
Old Keene Mill,Week3,Lakeview,Week4,213.0 Old Keene Mill - 189.0 Lakeview
Oakton ,Week3,Sully Station II,Week5,234.0 Sully Station II - 168.0 Oakton
Old Keene Mill,Week2,Walden Glen,Week2,207.0 Walden Glen - 194.0 Old Keene Mill
Orange Hunt,Week4,Orange Hunt,Week3,206.0 Orange Hunt (OH1) - 196.0 Orange Hunt (OH2)
Orange Hunt,Week5,Poplar Heights,Week1,225.0 Orange Hunt - 177.0 Poplar Heights
Old Keene Mill,Week5,Sleepy Hollow Rec,Week5,216.0 Old Keene Mill - 186.0 Sleepy Hollow Rec
Orange Hunt,Week3,Orange Hunt,Week1,212.0 Orange Hunt (OH1) - 190.0 Orange Hunt (OH2)
Old Keene Mill,Week3,Mosby Woods,Week4,283.0 Mosby Woods - 119.0 Old Keene Mill
Old Keene Mill,Week3,Walden Glen,Week5,246.0 Walden Glen - 156.0 Old Keene Mill
Oakton ,Week5,Sully Station II,Week4,257.0 Oakton - 145.0 Sully Station II
Orange Hunt,Week5,Poplar Heights,Week2,214.0 Orange Hunt - 188.0 Poplar Heights
Orange Hunt,Week5,Lakevale Estates,Week2,210.0 Lakevale Estates - 192.0 Orange Hunt
Oakton ,Week2,Truro,Week3,325.5 Oakton - 76.5 Truro
Orange Hunt,Week5,Lakevale Estates,Week5,226.0 Lakevale Estates - 176.0 Orange Hunt
Old Keene Mill,Week4,Sleepy Hollow Rec,Week3,209.0 Sleepy Hollow Rec - 193.0 Old Keene Mill
Old Keene Mill,Week1,Hollin Hills,Week4,253.0 Old Keene Mill - 147.0 Hollin Hills
Orange Hunt,Week4,Poplar Heights,Week3,208.0 Poplar Heights - 194.0 Orange Hunt
Old Keene Mill,Week5,Mosby Woods,Week4,267.0 Mosby Woods - 135.0 Old Keene Mill
Old Keene Mill,Week4,Highlands Swim,Week5,348.0 Highlands Swim - 54.0 Old Keene Mill
Old Keene Mill,Week1,Lakeview,Week5,198.0 Old Keene Mill - 195.0 Lakeview
Old Keene Mill,Week5,Sleepy Hollow Rec,Week1,224.0 Old Keene Mill - 173.0 Sleepy Hollow Rec
Orange Hunt,Week4,Lakevale Estates,Week5,248.5 Lakevale Estates - 153.5 Orange Hunt
Orange Hunt,Week4,Poplar Heights,Week2,210.0 Poplar Heights - 192.0 Orange Hunt
Orange Hunt,Week4,Orange Hunt,Week4,198.5 Orange Hunt (OH1) - 198.5 Orange Hunt (OH2)
Orange Hunt,Week1,Lakevale Estates,Week1,240.0 Lakevale Estates - 162.0 Orange Hunt
Oakton ,Week5,Sully Station II,Week2,231.0 Oakton - 171.0 Sully Station II
Old Keene Mill,Week4,Lakeview,Week3,224.0 Old Keene Mill - 178.0 Lakeview
Oakton ,Week5,Sully Station II,Week1,252.0 Oakton - 150.0 Sully Station II
Oakton ,Week3,Truro,Week5,315.0 Oakton - 87.0 Truro
Old Keene Mill,Week5,Mosby Woods,Week3,294.0 Mosby Woods - 108.0 Old Keene Mill
Old Keene Mill,Week5,Mosby Woods,Week1,296.0 Mosby Woods - 106.0 Old Keene Mill
Old Keene Mill,Week4,Highlands Swim,Week4,335.0 Highlands Swim - 67.0 Old Keene Mill
Old Keene Mill,Week3,Sleepy Hollow Rec,Week5,206.0 Sleepy Hollow Rec - 196.0 Old Keene Mill
Old Keene Mill,Week4,Holmes Run Acres,Week3,289.0 Holmes Run Acres - 112.0 Old Keene Mill
Old Keene Mill,Week5,Mosby Woods,Week2,290.0 Mosby Woods - 112.0 Old Keene Mill
Orange Hunt,Week4,Lake Braddock,Week3,293.0 Orange Hunt - 109.0 Lake Braddock
Old Keene Mill,Week3,Holmes Run Acres,Week1,236.0 Holmes Run Acres - 166.0 Old Keene Mill
Oakton ,Week3,Truro,Week1,309.0 Oakton - 93.0 Truro
Old Keene Mill,Week1,Mount Vernon Park,Week3,315.0 Mount Vernon Park - 86.0 Old Keene Mill
Old Keene Mill,Week5,Sleepy Hollow Rec,Week4,224.0 Old Keene Mill - 178.0 Sleepy Hollow Rec
Old Keene Mill,Week5,Sleepy Hollow Rec,Week3,207.0 Old Keene Mill - 195.0 Sleepy Hollow Rec
Old Keene Mill,Week2,Holmes Run Acres,Week2,237.0 Holmes Run Acres - 165.0 Old Keene Mill
Old Keene Mill,Week1,Somerset-Olde Creek,Week2,264.0 Old Keene Mill - 137.0 Somerset-Olde Creek
Orange Hunt,Week4,Lake Braddock,Week2,291.0 Orange Hunt - 111.0 Lake Braddock
Old Keene Mill,Week1,Mount Vernon Park,Week1,312.0 Mount Vernon Park - 90.0 Old Keene Mill
Old Keene Mill,Week5,Holmes Run Acres,Week3,267.0 Holmes Run Acres - 135.0 Old Keene Mill
Oakton ,Week3,Truro,Week3,313.0 Oakton - 89.0 Truro
Orange Hunt,Week3,Lake Braddock,Week2,292.0 Orange Hunt - 110.0 Lake Braddock
Old Keene Mill,Week2,Mount Vernon Park,Week3,313.0 Mount Vernon Park - 89.0 Old Keene Mill
Orange Hunt,Week1,Lakevale Estates,Week2,241.0 Lakevale Estates - 161.0 Orange Hunt
Oakton ,Week4,Truro,Week2,337.5 Oakton - 64.5 Truro
Old Keene Mill,Week4,Somerset-Olde Creek,Week4,257.0 Old Keene Mill - 145.0 Somerset-Olde Creek
Old Keene Mill,Week5,Mosby Woods,Week5,290.0 Mosby Woods - 112.0 Old Keene Mill
Old Keene Mill,Week2,Mount Vernon Park,Week5,318.0 Mount Vernon Park - 84.0 Old Keene Mill
Old Keene Mill,Week5,Holmes Run Acres,Week2,234.0 Holmes Run Acres - 168.0 Old Keene Mill
Old Keene Mill,Week3,Hunt Valley,Week1,309.0 Hunt Valley - 93.0 Old Keene Mill
Orange Hunt,Week4,Lake Braddock,Week4,303.0 Orange Hunt - 99.0 Lake Braddock
Oakton ,Week2,Truro,Week5,312.0 Oakton - 90.0 Truro
Old Keene Mill,Week5,Highlands Swim,Week2,316.0 Highlands Swim - 86.0 Old Keene Mill
Old Keene Mill,Week1,Mount Vernon Park,Week2,324.0 Mount Vernon Park - 78.0 Old Keene Mill
Old Keene Mill,Week3,Somerset-Olde Creek,Week5,261.0 Old Keene Mill - 141.0 Somerset-Olde Creek
Old Keene Mill,Week2,Somerset-Olde Creek,Week3,282.0 Old Keene Mill - 120.0 Somerset-Olde Creek
Oakton ,Week4,Truro,Week4,301.0 Oakton - 101.0 Truro
Old Keene Mill,Week1,Hunt Valley,Week4,336.0 Hunt Valley - 66.0 Old Keene Mill
Old Keene Mill,Week2,Somerset-Olde Creek,Week1,267.0 Old Keene Mill - 134.0 Somerset-Olde Creek
Orange Hunt,Week3,Lakevale Estates,Week1,227.0 Lakevale Estates - 175.0 Orange Hunt
Old Keene Mill,Week3,Hunt Valley,Week3,327.0 Hunt Valley - 75.0 Old Keene Mill
Old Keene Mill,Week4,Highlands Swim,Week1,324.0 Highlands Swim - 78.0 Old Keene Mill
Old Keene Mill,Week2,Somerset-Olde Creek,Week5,251.0 Old Keene Mill - 151.0 Somerset-Olde Creek
Old Keene Mill,Week2,Mount Vernon Park,Week1,301.0 Mount Vernon Park - 101.0 Old Keene Mill
Old Keene Mill,Week3,Holmes Run Acres,Week5,275.0 Holmes Run Acres - 127.0 Old Keene Mill
Orange Hunt,Week3,Lakevale Estates,Week2,230.0 Lakevale Estates - 172.0 Orange Hunt
Oakton ,Week4,Truro,Week3,321.0 Oakton - 81.0 Truro
Oakton ,Week3,Tuckahoe,Week4,294.0 Tuckahoe - 108.0 Oakton
Orange Hunt,Week5,Lake Braddock,Week4,313.0 Orange Hunt - 89.0 Lake Braddock
Old Keene Mill,Week5,Highlands Swim,Week5,325.0 Highlands Swim - 77.0 Old Keene Mill
Old Keene Mill,Week2,Holmes Run Acres,Week5,274.0 Holmes Run Acres - 128.0 Old Keene Mill
Old Keene Mill,Week1,Hollin Hills,Week3,250.0 Old Keene Mill - 152.0 Hollin Hills
Old Keene Mill,Week1,Hollin Hills,Week2,257.0 Old Keene Mill - 142.0 Hollin Hills
Old Keene Mill,Week3,Somerset-Olde Creek,Week2,287.0 Old Keene Mill - 115.0 Somerset-Olde Creek
Orange Hunt,Week1,Lakevale Estates,Week3,242.0 Lakevale Estates - 160.0 Orange Hunt
Old Keene Mill,Week3,Mount Vernon Park,Week2,293.0 Mount Vernon Park - 109.0 Old Keene Mill
Old Keene Mill,Week1,Hunt Valley,Week5,340.5 Hunt Valley - 61.5 Old Keene Mill
Old Keene Mill,Week2,Hollin Hills,Week1,270.0 Old Keene Mill - 131.0 Hollin Hills
Old Keene Mill,Week1,Hunt Valley,Week2,327.0 Hunt Valley - 75.0 Old Keene Mill
Orange Hunt,Week5,Lake Braddock,Week2,307.0 Orange Hunt - 95.0 Lake Braddock
Old Keene Mill,Week2,Somerset-Olde Creek,Week2,274.0 Old Keene Mill - 128.0 Somerset-Olde Creek
Old Keene Mill,Week2,Hollin Hills,Week5,245.0 Old Keene Mill - 157.0 Hollin Hills
Old Keene Mill,Week3,Hollin Hills,Week4,250.0 Old Keene Mill - 151.0 Hollin Hills
Old Keene Mill,Week3,Sleepy Hollow Rec,Week3,203.0 Sleepy Hollow Rec - 199.0 Old Keene Mill
Old Keene Mill,Week3,Mount Vernon Park,Week3,306.0 Mount Vernon Park - 96.0 Old Keene Mill
Old Keene Mill,Week4,Hollin Hills,Week4,248.0 Old Keene Mill - 153.0 Hollin Hills
Old Keene Mill,Week4,Hunt Valley,Week3,330.0 Hunt Valley - 72.0 Old Keene Mill
Old Keene Mill,Week1,Hunt Valley,Week1,328.5 Hunt Valley - 73.5 Old Keene Mill
Orange Hunt,Week3,Lake Braddock,Week4,299.0 Orange Hunt - 103.0 Lake Braddock
Oakton ,Week3,Tuckahoe,Week3,298.0 Tuckahoe - 104.0 Oakton
Old Keene Mill,Week3,Mount Vernon Park,Week1,298.0 Mount Vernon Park - 104.0 Old Keene Mill
Old Keene Mill,Week4,Mount Vernon Park,Week3,326.0 Mount Vernon Park - 76.0 Old Keene Mill
Old Keene Mill,Week4,Mount Vernon Park,Week2,311.0 Mount Vernon Park - 91.0 Old Keene Mill
Oakton ,Week4,Tuckahoe,Week2,281.0 Tuckahoe - 121.0 Oakton
Old Keene Mill,Week4,Sleepy Hollow Rec,Week5,210.0 Sleepy Hollow Rec - 192.0 Old Keene Mill
Old Keene Mill,Week5,Hollin Hills,Week3,261.5 Old Keene Mill - 140.5 Hollin Hills
Old Keene Mill,Week4,Somerset-Olde Creek,Week5,250.0 Old Keene Mill - 151.0 Somerset-Olde Creek
Old Keene Mill,Week3,Mount Vernon Park,Week5,314.0 Mount Vernon Park - 88.0 Old Keene Mill
Oakton ,Week4,Tuckahoe,Week1,282.5 Tuckahoe - 119.5 Oakton
Old Keene Mill,Week3,Hollin Hills,Week2,266.0 Old Keene Mill - 135.0 Hollin Hills
Old Keene Mill,Week4,Holmes Run Acres,Week1,250.0 Holmes Run Acres - 151.0 Old Keene Mill
Oakton ,Week2,Tuckahoe,Week3,297.0 Tuckahoe - 105.0 Oakton
Orange Hunt,Week2,Lake Braddock,Week4,297.0 Orange Hunt - 105.0 Lake Braddock
Oakton ,Week1,Tuckahoe,Week3,307.0 Tuckahoe - 95.0 Oakton
Orange Hunt,Week3,Lake Braddock,Week5,289.0 Orange Hunt - 113.0 Lake Braddock
Old Keene Mill,Week3,Hollin Hills,Week1,274.0 Old Keene Mill - 127.0 Hollin Hills
Old Keene Mill,Week5,Sleepy Hollow Rec,Week2,224.0 Old Keene Mill - 178.0 Sleepy Hollow Rec
Old Keene Mill,Week4,Mount Vernon Park,Week5,334.0 Mount Vernon Park - 68.0 Old Keene Mill
Old Keene Mill,Week5,Hollin Hills,Week4,255.0 Old Keene Mill - 147.0 Hollin Hills
Old Keene Mill,Week3,Holmes Run Acres,Week3,280.0 Holmes Run Acres - 122.0 Old Keene Mill
Orange Hunt,Week5,Lake Braddock,Week3,309.0 Orange Hunt - 93.0 Lake Braddock
Oakton ,Week1,Tuckahoe,Week5,303.0 Tuckahoe - 99.0 Oakton
Old Keene Mill,Week2,Holmes Run Acres,Week1,234.0 Holmes Run Acres - 168.0 Old Keene Mill
Old Keene Mill,Week5,Mount Vernon Park,Week2,289.0 Mount Vernon Park - 113.0 Old Keene Mill
Old Keene Mill,Week1,Somerset-Olde Creek,Week4,252.0 Old Keene Mill - 150.0 Somerset-Olde Creek
Oakton ,Week5,Truro,Week3,332.0 Oakton - 70.0 Truro
Oakton ,Week4,Tuckahoe,Week3,305.0 Tuckahoe - 97.0 Oakton
Old Keene Mill,Week1,Holmes Run Acres,Week4,266.0 Holmes Run Acres - 135.0 Old Keene Mill
Old Keene Mill,Week2,Mount Vernon Park,Week4,307.0 Mount Vernon Park - 95.0 Old Keene Mill
Orange Hunt,Week2,Lakevale Estates,Week3,226.0 Lakevale Estates - 176.0 Orange Hunt
Old Keene Mill,Week4,Highlands Swim,Week2,339.0 Highlands Swim - 63.0 Old Keene Mill
Old Keene Mill,Week5,Mount Vernon Park,Week4,299.0 Mount Vernon Park - 103.0 Old Keene Mill
Orange Hunt,Week3,Lakevale Estates,Week3,225.0 Lakevale Estates - 177.0 Orange Hunt
Old Keene Mill,Week3,Somerset-Olde Creek,Week3,290.0 Old Keene Mill - 112.0 Somerset-Olde Creek
Oakton ,Week3,Tuckahoe,Week1,280.0 Tuckahoe - 122.0 Oakton
Orange Hunt,Week3,Lakevale Estates,Week4,252.0 Lakevale Estates - 150.0 Orange Hunt
Old Keene Mill,Week3,Holmes Run Acres,Week2,240.0 Holmes Run Acres - 162.0 Old Keene Mill
Old Keene Mill,Week4,Sleepy Hollow Rec,Week2,203.0 Sleepy Hollow Rec - 199.0 Old Keene Mill
Old Keene Mill,Week2,Holmes Run Acres,Week4,245.0 Holmes Run Acres - 157.0 Old Keene Mill
Old Keene Mill,Week4,Hollin Hills,Week1,265.0 Old Keene Mill - 136.0 Hollin Hills
Old Keene Mill,Week5,Mount Vernon Park,Week1,299.0 Mount Vernon Park - 103.0 Old Keene Mill
Oakton ,Week4,Tuckahoe,Week5,294.0 Tuckahoe - 108.0 Oakton
Orange Hunt,Week2,Lakevale Estates,Week2,228.0 Lakevale Estates - 174.0 Orange Hunt
Orange Hunt,Week2,Lakevale Estates,Week1,226.0 Lakevale Estates - 176.0 Orange Hunt
Old Keene Mill,Week1,Mount Vernon Park,Week5,330.0 Mount Vernon Park - 72.0 Old Keene Mill
Old Keene Mill,Week3,Sleepy Hollow Rec,Week2,208.0 Old Keene Mill - 194.0 Sleepy Hollow Rec
Old Keene Mill,Week3,Highlands Swim,Week5,328.0 Highlands Swim - 74.0 Old Keene Mill
Old Keene Mill,Week2,Holmes Run Acres,Week3,278.0 Holmes Run Acres - 124.0 Old Keene Mill
Old Keene Mill,Week5,Highlands Swim,Week4,315.0 Highlands Swim - 87.0 Old Keene Mill
Old Keene Mill,Week1,Somerset-Olde Creek,Week1,263.0 Old Keene Mill - 136.0 Somerset-Olde Creek
Oakton ,Week5,Tuckahoe,Week1,277.0 Tuckahoe - 125.0 Oakton
Old Keene Mill,Week5,Highlands Swim,Week1,315.0 Highlands Swim - 87.0 Old Keene Mill
Old Keene Mill,Week2,Hollin Hills,Week3,254.0 Old Keene Mill - 148.0 Hollin Hills
Old Keene Mill,Week5,Mount Vernon Park,Week5,307.0 Mount Vernon Park - 95.0 Old Keene Mill
Oakton ,Week4,Tuckahoe,Week4,305.0 Tuckahoe - 97.0 Oakton
Old Keene Mill,Week4,Holmes Run Acres,Week5,294.0 Holmes Run Acres - 108.0 Old Keene Mill
Old Keene Mill,Week3,Somerset-Olde Creek,Week4,262.0 Old Keene Mill - 140.0 Somerset-Olde Creek
Oakton ,Week5,Tuckahoe,Week2,264.0 Tuckahoe - 138.0 Oakton
Orange Hunt,Week3,Lakevale Estates,Week5,249.0 Lakevale Estates - 153.0 Orange Hunt
Old Keene Mill,Week4,Somerset-Olde Creek,Week1,267.0 Old Keene Mill - 133.0 Somerset-Olde Creek
Old Keene Mill,Week4,Hollin Hills,Week2,267.0 Old Keene Mill - 134.0 Hollin Hills
Oakton ,Week5,Rolling Hills,Week1,321.0 Oakton - 81.0 Rolling Hills
Oakton ,Week2,Tuckahoe,Week2,267.0 Tuckahoe - 135.0 Oakton
Oakton ,Week5,Tuckahoe,Week3,298.0 Tuckahoe - 104.0 Oakton
Old Keene Mill,Week1,Hunt Valley,Week3,340.0 Hunt Valley - 62.0 Old Keene Mill
Old Keene Mill,Week3,Sleepy Hollow Rec,Week4,220.0 Old Keene Mill - 182.0 Sleepy Hollow Rec
Orange Hunt,Week2,Lakevale Estates,Week5,245.0 Lakevale Estates - 157.0 Orange Hunt
Old Keene Mill,Week5,Holmes Run Acres,Week1,234.0 Holmes Run Acres - 168.0 Old Keene Mill
Orange Hunt,Week4,Lakevale Estates,Week3,226.0 Lakevale Estates - 176.0 Orange Hunt
Old Keene Mill,Week4,Hollin Hills,Week3,256.0 Old Keene Mill - 146.0 Hollin Hills
Old Keene Mill,Week2,Mount Vernon Park,Week2,304.0 Mount Vernon Park - 98.0 Old Keene Mill
Old Keene Mill,Week4,Somerset-Olde Creek,Week3,279.0 Old Keene Mill - 122.0 Somerset-Olde Creek
Orange Hunt,Week4,Lakevale Estates,Week2,223.0 Lakevale Estates - 179.0 Orange Hunt
Old Keene Mill,Week1,Newington Forest,Week1,221.0 Old Keene Mill - 178.0 Newington Forest
Old Keene Mill,Week3,Somerset-Olde Creek,Week1,282.0 Old Keene Mill - 119.0 Somerset-Olde Creek
Orange Hunt,Week4,Lakevale Estates,Week4,247.0 Lakevale Estates - 155.0 Orange Hunt
Old Keene Mill,Week1,Hollin Hills,Week1,266.0 Old Keene Mill - 135.0 Hollin Hills
Oakton ,Week2,Tuckahoe,Week1,277.0 Tuckahoe - 125.0 Oakton
Old Keene Mill,Week3,Holmes Run Acres,Week4,243.0 Holmes Run Acres - 159.0 Old Keene Mill
Old Keene Mill,Week4,Mount Vernon Park,Week1,311.0 Mount Vernon Park - 91.0 Old Keene Mill
Old Keene Mill,Week4,Sleepy Hollow Rec,Week4,220.0 Old Keene Mill - 182.0 Sleepy Hollow Rec
Old Keene Mill,Week5,Mount Vernon Park,Week3,300.0 Mount Vernon Park - 102.0 Old Keene Mill
Old Keene Mill,Week4,Holmes Run Acres,Week2,259.0 Holmes Run Acres - 142.0 Old Keene Mill
Orange Hunt,Week1,Lakeview,Week2,308.0 Orange Hunt - 94.0 Lakeview
Old Keene Mill,Week1,Newington Forest,Week2,225.0 Old Keene Mill - 172.0 Newington Forest
Old Keene Mill,Week1,North Springfield,Week1,273.0 Old Keene Mill - 77.0 North Springfield
Orange Hunt,Week5,Lakevale Estates,Week3,212.0 Lakevale Estates - 190.0 Orange Hunt
Old Keene Mill,Week5,Holmes Run Acres,Week4,243.0 Holmes Run Acres - 159.0 Old Keene Mill
Orange Hunt,Week5,Lakevale Estates,Week1,206.0 Lakevale Estates - 196.0 Orange Hunt
Old Keene Mill,Week4,Holmes Run Acres,Week4,266.0 Holmes Run Acres - 135.0 Old Keene Mill
Oakton ,Week5,Truro,Week1,328.0 Oakton - 74.0 Truro
Oakton ,Week1,Tuckahoe,Week1,290.0 Tuckahoe - 112.0 Oakton
Old Keene Mill,Week4,Mount Vernon Park,Week4,320.0 Mount Vernon Park - 82.0 Old Keene Mill
Old Keene Mill,Week1,Somerset-Olde Creek,Week5,242.0 Old Keene Mill - 158.0 Somerset-Olde Creek
Old Keene Mill,Week1,Holmes Run Acres,Week5,285.0 Holmes Run Acres - 117.0 Old Keene Mill
Old Keene Mill,Week2,Somerset-Olde Creek,Week4,263.0 Old Keene Mill - 139.0 Somerset-Olde Creek
Old Keene Mill,Week2,South Run,Week2,220.0 South Run - 182.0 Old Keene Mill
Old Keene Mill,Week5,Holmes Run Acres,Week5,261.0 Holmes Run Acres - 141.0 Old Keene Mill
Old Keene Mill,Week2,Hunt Valley,Week3,321.0 Hunt Valley - 81.0 Old Keene Mill
Old Keene Mill,Week2,Hunt Valley,Week4,322.0 Hunt Valley - 80.0 Old Keene Mill
Oakton ,Week1,Tuckahoe,Week4,308.0 Tuckahoe - 94.0 Oakton
Orange Hunt,Week5,Lakevale Estates,Week4,228.0 Lakevale Estates - 174.0 Orange Hunt
Old Keene Mill,Week1,North Springfield,Week3,231.0 Old Keene Mill - 162.0 North Springfield
Old Keene Mill,Week5,Hollin Hills,Week2,266.0 Old Keene Mill - 136.0 Hollin Hills
Old Keene Mill,Week3,Mount Vernon Park,Week4,302.0 Mount Vernon Park - 100.0 Old Keene Mill
Oakton ,Week5,Truro,Week2,337.0 Oakton - 65.0 Truro
Old Keene Mill,Week1,Hollin Hills,Week5,249.0 Old Keene Mill - 152.0 Hollin Hills
Old Keene Mill,Week1,Somerset-Olde Creek,Week3,277.0 Old Keene Mill - 122.0 Somerset-Olde Creek
Orange Hunt,Week1,Lakeview,Week1,312.0 Orange Hunt - 90.0 Lakeview
Oakton ,Week1,Tuckahoe,Week2,278.0 Tuckahoe - 124.0 Oakton
Old Keene Mill,Week4,Highlands Swim,Week3,336.0 Highlands Swim - 66.0 Old Keene Mill
Oakton ,Week2,Tuckahoe,Week4,293.0 Tuckahoe - 109.0 Oakton
Old Keene Mill,Week4,Hollin Hills,Week5,251.0 Old Keene Mill - 150.0 Hollin Hills
Old Keene Mill,Week2,South Run,Week1,227.0 South Run - 166.0 Old Keene Mill
Old Keene Mill,Week5,Highlands Swim,Week3,309.0 Highlands Swim - 93.0 Old Keene Mill
Old Keene Mill,Week2,Hollin Hills,Week2,262.0 Old Keene Mill - 139.0 Hollin Hills
Oakton ,Week2,Vienna Aquatic,Week3,215.0 Vienna Aquatic - 187.0 Oakton
Old Keene Mill,Week2,Hunt Valley,Week2,317.0 Hunt Valley - 85.0 Old Keene Mill
Old Keene Mill,Week2,Newington Forest,Week5,211.0 Newington Forest - 191.0 Old Keene Mill
Old Keene Mill,Week1,North Springfield,Week4,254.0 Old Keene Mill - 133.0 North Springfield
Old Keene Mill,Week3,Hollin Meadows,Week1,269.0 Hollin Meadows - 133.0 Old Keene Mill
Orange Hunt,Week2,Lakeview,Week2,317.0 Orange Hunt - 85.0 Lakeview
Orange Hunt,Week2,Lakeview,Week1,312.0 Orange Hunt - 90.0 Lakeview
Orange Hunt,Week1,Lakeview,Week5,279.0 Orange Hunt - 114.0 Lakeview
Old Keene Mill,Week2,Hollin Hills,Week4,252.0 Old Keene Mill - 149.0 Hollin Hills
Old Keene Mill,Week2,Hollin Meadows,Week5,288.0 Hollin Meadows - 114.0 Old Keene Mill
Orange Hunt,Week1,Lakeview,Week3,294.5 Orange Hunt - 107.5 Lakeview
Oakton ,Week5,Truro,Week4,314.0 Oakton - 88.0 Truro
Old Keene Mill,Week3,Hunt Valley,Week2,315.0 Hunt Valley - 87.0 Old Keene Mill
Old Keene Mill,Week1,South Run,Week4,247.0 South Run - 154.0 Old Keene Mill
Old Keene Mill,Week3,Hunt Valley,Week4,332.0 Hunt Valley - 70.0 Old Keene Mill
Oakton ,Week3,Tuckahoe,Week5,294.0 Tuckahoe - 108.0 Oakton
Old Keene Mill,Week1,South Run,Week2,238.0 South Run - 163.0 Old Keene Mill
Old Keene Mill,Week3,South Run,Week3,233.0 South Run - 169.0 Old Keene Mill
Old Keene Mill,Week3,Hunt Valley,Week5,343.0 Hunt Valley - 59.0 Old Keene Mill
Oakton ,Week2,Tuckahoe,Week5,283.0 Tuckahoe - 119.0 Oakton
Old Keene Mill,Week3,Hollin Hills,Week3,274.0 Old Keene Mill - 128.0 Hollin Hills
Old Keene Mill,Week3,Hollin Hills,Week5,258.0 Old Keene Mill - 144.0 Hollin Hills
Old Keene Mill,Week5,South Run,Week1,207.5 South Run - 180.5 Old Keene Mill
Old Keene Mill,Week4,Somerset-Olde Creek,Week2,275.0 Old Keene Mill - 126.0 Somerset-Olde Creek
Old Keene Mill,Week1,South Run,Week1,239.0 South Run - 154.0 Old Keene Mill
Orange Hunt,Week1,Lakeview,Week4,278.0 Orange Hunt - 124.0 Lakeview
Oakton ,Week3,Tuckahoe,Week2,279.0 Tuckahoe - 123.0 Oakton
Old Keene Mill,Week2,Hunt Valley,Week1,306.0 Hunt Valley - 96.0 Old Keene Mill
Oakton ,Week5,Truro,Week5,325.0 Oakton - 77.0 Truro
Old Keene Mill,Week2,North Springfield,Week1,267.0 Old Keene Mill - 81.0 North Springfield
Old Keene Mill,Week3,Newington Forest,Week3,217.0 Old Keene Mill - 185.0 Newington Forest
Old Keene Mill,Week3,Newington Forest,Week4,207.0 Old Keene Mill - 195.0 Newington Forest
Orange Hunt,Week2,Lakeview,Week3,308.0 Orange Hunt - 94.0 Lakeview
Old Keene Mill,Week2,Newington Forest,Week1,231.0 Old Keene Mill - 171.0 Newington Forest
Old Keene Mill,Week2,Hunt Valley,Week5,329.0 Hunt Valley - 73.0 Old Keene Mill
Old Keene Mill,Week5,South Run,Week2,202.0 South Run - 195.0 Old Keene Mill
Old Keene Mill,Week3,Newington Forest,Week5,203.0 Newington Forest - 199.0 Old Keene Mill
Old Keene Mill,Week5,Newington Forest,Week2,254.0 Old Keene Mill - 147.0 Newington Forest
Old Keene Mill,Week5,Newington Forest,Week1,252.0 Old Keene Mill - 150.0 Newington Forest
Old Keene Mill,Week5,South Run,Week3,221.0 South Run - 181.0 Old Keene Mill
Old Keene Mill,Week1,Hollin Meadows,Week5,302.0 Hollin Meadows - 100.0 Old Keene Mill
Old Keene Mill,Week1,Newington Forest,Week4,202.0 Newington Forest - 200.0 Old Keene Mill
Old Keene Mill,Week4,Hunt Valley,Week2,315.0 Hunt Valley - 87.0 Old Keene Mill
Old Keene Mill,Week4,South Run,Week2,214.0 South Run - 188.0 Old Keene Mill
Old Keene Mill,Week5,Hollin Hills,Week1,268.0 Old Keene Mill - 134.0 Hollin Hills
Old Keene Mill,Week4,Hunt Valley,Week1,310.0 Hunt Valley - 92.0 Old Keene Mill
Old Keene Mill,Week2,Hollin Meadows,Week1,260.0 Hollin Meadows - 142.0 Old Keene Mill
Oakton ,Week4,Vienna Aquatic,Week3,222.0 Vienna Aquatic - 180.0 Oakton
Old Keene Mill,Week5,Newington Forest,Week3,248.0 Old Keene Mill - 154.0 Newington Forest
Oakton ,Week3,Vienna Aquatic,Week4,210.0 Vienna Aquatic - 187.0 Oakton
Old Keene Mill,Week5,Somerset-Olde Creek,Week5,258.0 Old Keene Mill - 144.0 Somerset-Olde Creek
Old Keene Mill,Week1,Hunter Mill,Week5,311.0 Hunter Mill - 91.0 Old Keene Mill
Oakton ,Week1,Vienna Aquatic,Week1,218.0 Vienna Aquatic - 184.0 Oakton
Orange Hunt,Week2,Lakeview,Week4,283.5 Orange Hunt - 118.5 Lakeview
Old Keene Mill,Week4,Newington Forest,Week4,213.0 Old Keene Mill - 189.0 Newington Forest
Old Keene Mill,Week5,Hunt Valley,Week5,311.0 Hunt Valley - 91.0 Old Keene Mill
Oakton ,Week2,Vienna Aquatic,Week2,204.0 Oakton - 198.0 Vienna Aquatic
Old Keene Mill,Week5,Hollin Meadows,Week4,235.0 Hollin Meadows - 167.0 Old Keene Mill
Oakton ,Week2,Vienna Aquatic,Week1,216.0 Vienna Aquatic - 186.0 Oakton
Old Keene Mill,Week1,South Run,Week3,256.0 South Run - 146.0 Old Keene Mill
Old Keene Mill,Week2,Hunter Mill,Week1,291.0 Hunter Mill - 111.0 Old Keene Mill
Oakton ,Week1,Vienna Aquatic,Week5,257.0 Vienna Aquatic - 145.0 Oakton
Old Keene Mill,Week4,Hollin Meadows,Week1,284.0 Hollin Meadows - 118.0 Old Keene Mill
Old Keene Mill,Week1,Hunter Mill,Week2,287.0 Hunter Mill - 115.0 Old Keene Mill
Old Keene Mill,Week4,Newington Forest,Week3,233.0 Old Keene Mill - 169.0 Newington Forest
Old Keene Mill,Week2,Hollin Meadows,Week3,268.0 Hollin Meadows - 134.0 Old Keene Mill
Old Keene Mill,Week5,Somerset-Olde Creek,Week3,286.0 Old Keene Mill - 110.0 Somerset-Olde Creek
Oakton ,Week4,Vienna Aquatic,Week2,206.0 Vienna Aquatic - 196.0 Oakton
Old Keene Mill,Week5,Newington Forest,Week4,233.0 Old Keene Mill - 169.0 Newington Forest
Oakton ,Week3,Vienna Aquatic,Week3,224.0 Vienna Aquatic - 178.0 Oakton
Old Keene Mill,Week5,South Run,Week4,202.0 South Run - 200.0 Old Keene Mill
Oakton ,Week5,Tuckahoe,Week4,289.0 Tuckahoe - 113.0 Oakton
Old Keene Mill,Week4,Hollin Meadows,Week3,280.0 Hollin Meadows - 122.0 Old Keene Mill
Oakton ,Week3,Vienna Aquatic,Week2,216.0 Vienna Aquatic - 186.0 Oakton
Oakton ,Week1,Vienna Aquatic,Week2,221.0 Vienna Aquatic - 181.0 Oakton
Old Keene Mill,Week3,Hunter Mill,Week5,313.0 Hunter Mill - 89.0 Old Keene Mill
Old Keene Mill,Week2,South Run,Week3,227.0 South Run - 175.0 Old Keene Mill
Old Keene Mill,Week5,Somerset-Olde Creek,Week1,271.0 Old Keene Mill - 130.0 Somerset-Olde Creek
Old Keene Mill,Week1,Hunter Mill,Week3,304.0 Hunter Mill - 98.0 Old Keene Mill
Old Keene Mill,Week2,Newington Forest,Week4,206.0 Old Keene Mill - 196.0 Newington Forest
Old Keene Mill,Week2,Hollin Meadows,Week2,249.0 Hollin Meadows - 153.0 Old Keene Mill
Old Keene Mill,Week3,Hunter Mill,Week3,297.0 Hunter Mill - 105.0 Old Keene Mill
Old Keene Mill,Week4,Newington Forest,Week1,234.0 Old Keene Mill - 167.0 Newington Forest
Old Keene Mill,Week4,South Run,Week3,245.0 South Run - 157.0 Old Keene Mill
Old Keene Mill,Week1,Hollin Meadows,Week2,267.5 Hollin Meadows - 134.5 Old Keene Mill
Old Keene Mill,Week1,Hollin Meadows,Week4,283.0 Hollin Meadows - 119.0 Old Keene Mill
Old Keene Mill,Week2,Hunter Mill,Week4,303.0 Hunter Mill - 99.0 Old Keene Mill
Old Keene Mill,Week4,Hollin Meadows,Week4,293.0 Hollin Meadows - 109.0 Old Keene Mill
Old Keene Mill,Week2,Newington Forest,Week3,223.0 Old Keene Mill - 179.0 Newington Forest
Old Keene Mill,Week3,South Run,Week2,222.0 South Run - 180.0 Old Keene Mill
Old Keene Mill,Week5,South Run,Week5,227.0 South Run - 175.0 Old Keene Mill
Old Keene Mill,Week5,Hollin Meadows,Week5,257.0 Hollin Meadows - 145.0 Old Keene Mill
Old Keene Mill,Week2,South Run,Week5,238.0 South Run - 164.0 Old Keene Mill
Old Keene Mill,Week3,Hunter Mill,Week4,296.0 Hunter Mill - 106.0 Old Keene Mill
Old Keene Mill,Week2,Hunter Mill,Week3,295.0 Hunter Mill - 107.0 Old Keene Mill
Old Keene Mill,Week3,Hollin Meadows,Week4,274.0 Hollin Meadows - 128.0 Old Keene Mill
Old Keene Mill,Week3,Newington Forest,Week1,237.0 Old Keene Mill - 165.0 Newington Forest
Oakton ,Week3,Vienna Aquatic,Week1,219.0 Vienna Aquatic - 183.0 Oakton
Old Keene Mill,Week2,Newington Forest,Week2,231.0 Old Keene Mill - 171.0 Newington Forest
Old Keene Mill,Week3,Hollin Meadows,Week5,290.0 Hollin Meadows - 112.0 Old Keene Mill
Old Keene Mill,Week4,Newington Forest,Week2,233.0 Old Keene Mill - 168.0 Newington Forest
Old Keene Mill,Week2,Hunter Mill,Week2,275.0 Hunter Mill - 127.0 Old Keene Mill
Old Keene Mill,Week2,South Run,Week4,217.0 South Run - 185.0 Old Keene Mill
Oakton ,Week1,Vienna Woods,Week3,246.5 Vienna Woods - 155.5 Oakton
Old Keene Mill,Week4,South Run,Week1,239.0 South Run - 154.0 Old Keene Mill
Old Keene Mill,Week4,Hunt Valley,Week4,333.0 Hunt Valley - 69.0 Old Keene Mill
Old Keene Mill,Week1,Hunter Mill,Week4,304.0 Hunter Mill - 98.0 Old Keene Mill
Old Keene Mill,Week5,Hunt Valley,Week3,297.0 Hunt Valley - 105.0 Old Keene Mill
Old Keene Mill,Week5,Hollin Meadows,Week2,213.0 Hollin Meadows - 189.0 Old Keene Mill
Old Keene Mill,Week3,Hunter Mill,Week1,286.0 Hunter Mill - 116.0 Old Keene Mill
Oakton ,Week3,Vienna Aquatic,Week5,256.5 Vienna Aquatic - 145.5 Oakton
Oakton ,Week3,Vienna Woods,Week4,213.0 Vienna Woods - 189.0 Oakton
Old Keene Mill,Week2,Hunter Mill,Week5,297.0 Hunter Mill - 105.0 Old Keene Mill
Old Keene Mill,Week4,Hunter Mill,Week1,296.0 Hunter Mill - 106.0 Old Keene Mill
Oakton ,Week1,Vienna Aquatic,Week3,236.0 Vienna Aquatic - 166.0 Oakton
Old Keene Mill,Week1,North Springfield,Week2,256.0 Old Keene Mill - 131.0 North Springfield
Old Keene Mill,Week1,Hollin Meadows,Week3,276.0 Hollin Meadows - 126.0 Old Keene Mill
Old Keene Mill,Week1,South Run,Week5,266.0 South Run - 136.0 Old Keene Mill
Oakton ,Week4,Vienna Aquatic,Week4,203.0 Oakton - 199.0 Vienna Aquatic
Oakton ,Week5,Vienna Aquatic,Week3,217.0 Vienna Aquatic - 185.0 Oakton
Old Keene Mill,Week5,Newington Forest,Week5,213.0 Old Keene Mill - 184.0 Newington Forest
Old Keene Mill,Week5,Somerset-Olde Creek,Week4,257.0 Old Keene Mill - 145.0 Somerset-Olde Creek
Old Keene Mill,Week5,Hollin Meadows,Week3,236.0 Hollin Meadows - 165.0 Old Keene Mill
Old Keene Mill,Week4,South Run,Week4,229.0 South Run - 173.0 Old Keene Mill
Old Keene Mill,Week1,Newington Forest,Week5,214.0 Newington Forest - 188.0 Old Keene Mill
Oakton ,Week1,Vienna Woods,Week5,273.0 Vienna Woods - 129.0 Oakton
Old Keene Mill,Week3,South Run,Week1,228.0 South Run - 165.0 Old Keene Mill
Oakton ,Week5,Vienna Aquatic,Week4,202.0 Oakton - 200.0 Vienna Aquatic
Old Keene Mill,Week4,Newington Forest,Week5,206.0 Newington Forest - 196.0 Old Keene Mill
Old Keene Mill,Week5,Hollin Hills,Week5,259.0 Old Keene Mill - 142.0 Hollin Hills
Old Keene Mill,Week5,Somerset-Olde Creek,Week2,271.0 Old Keene Mill - 125.0 Somerset-Olde Creek
Old Keene Mill,Week4,Hollin Meadows,Week5,303.0 Hollin Meadows - 99.0 Old Keene Mill
Old Keene Mill,Week1,Newington Forest,Week3,214.0 Old Keene Mill - 188.0 Newington Forest
Old Keene Mill,Week3,Hollin Meadows,Week2,265.0 Hollin Meadows - 137.0 Old Keene Mill
Old Keene Mill,Week3,Newington Forest,Week2,229.0 Old Keene Mill - 172.0 Newington Forest
Old Keene Mill,Week2,North Springfield,Week4,261.0 Old Keene Mill - 130.0 North Springfield
Old Keene Mill,Week3,North Springfield,Week1,271.0 Old Keene Mill - 78.0 North Springfield
Oakton ,Week5,Vienna Aquatic,Week1,206.0 Vienna Aquatic - 196.0 Oakton
Old Keene Mill,Week2,North Springfield,Week2,276.0 Old Keene Mill - 112.0 North Springfield
Old Keene Mill,Week2,Springboard,Week3,204.0 Springboard - 198.0 Old Keene Mill
Old Keene Mill,Week4,Hollin Meadows,Week2,270.0 Hollin Meadows - 132.0 Old Keene Mill
Old Keene Mill,Week4,Hunt Valley,Week5,337.0 Hunt Valley - 65.0 Old Keene Mill
Old Keene Mill,Week3,Hollin Meadows,Week3,276.0 Hollin Meadows - 126.0 Old Keene Mill
Old Keene Mill,Week2,Oakton ,Week2,313.0 Oakton - 89.0 Old Keene Mill
Old Keene Mill,Week5,Springboard,Week4,210.5 Old Keene Mill - 191.5 Springboard
Oakton ,Week2,Vienna Woods,Week2,229.0 Vienna Woods - 173.0 Oakton
Old Keene Mill,Week5,Hunt Valley,Week2,303.0 Hunt Valley - 99.0 Old Keene Mill
Old Keene Mill,Week4,Hunter Mill,Week2,286.0 Hunter Mill - 116.0 Old Keene Mill
Old Keene Mill,Week5,Hunt Valley,Week1,291.0 Hunt Valley - 111.0 Old Keene Mill
Oakton ,Week5,Tuckahoe,Week5,278.0 Tuckahoe - 124.0 Oakton
Old Keene Mill,Week5,Springboard,Week5,208.0 Old Keene Mill - 194.0 Springboard
Old Keene Mill,Week3,South Run,Week4,230.0 South Run - 172.0 Old Keene Mill
Old Keene Mill,Week3,Hunter Mill,Week2,277.0 Hunter Mill - 125.0 Old Keene Mill
Oakton ,Week2,Vienna Aquatic,Week5,247.0 Vienna Aquatic - 155.0 Oakton
Old Keene Mill,Week4,South Run,Week5,243.0 South Run - 159.0 Old Keene Mill
Old Keene Mill,Week1,Holmes Run Acres,Week1,259.0 Holmes Run Acres - 142.0 Old Keene Mill
Old Keene Mill,Week5,North Springfield,Week4,284.0 Old Keene Mill - 106.0 North Springfield
Oakton ,Week2,Vienna Woods,Week4,201.5 Vienna Woods - 200.5 Oakton
Oakton ,Week1,Vienna Aquatic,Week4,222.0 Vienna Aquatic - 180.0 Oakton
Old Keene Mill,Week1,Hollin Meadows,Week1,281.0 Hollin Meadows - 121.0 Old Keene Mill
Old Keene Mill,Week5,Hollin Meadows,Week1,240.0 Hollin Meadows - 162.0 Old Keene Mill
Old Keene Mill,Week2,Hollin Meadows,Week4,270.0 Hollin Meadows - 132.0 Old Keene Mill
Old Keene Mill,Week1,Oakton ,Week1,311.0 Oakton - 91.0 Old Keene Mill
Old Keene Mill,Week1,North Springfield,Week5,234.0 Old Keene Mill - 136.0 North Springfield
Old Keene Mill,Week3,South Run,Week5,234.5 South Run - 167.5 Old Keene Mill
Old Keene Mill,Week1,Hunter Mill,Week1,284.0 Hunter Mill - 118.0 Old Keene Mill
Old Keene Mill,Week5,Hunt Valley,Week4,304.0 Hunt Valley - 98.0 Old Keene Mill
Old Keene Mill,Week1,Oakton ,Week3,305.0 Oakton - 97.0 Old Keene Mill
Old Keene Mill,Week1,Holmes Run Acres,Week2,261.0 Holmes Run Acres - 140.0 Old Keene Mill
Old Keene Mill,Week1,Holmes Run Acres,Week3,285.0 Holmes Run Acres - 116.0 Old Keene Mill
Old Keene Mill,Week1,Hayfield Farm,Week3,274.0 Hayfield Farm - 128.0 Old Keene Mill
Old Keene Mill,Week5,Springboard,Week2,241.0 Old Keene Mill - 161.0 Springboard
Old Keene Mill,Week3,North Springfield,Week2,277.0 Old Keene Mill - 111.0 North Springfield
Oakton ,Week2,Vienna Woods,Week5,261.5 Vienna Woods - 140.5 Oakton
Old Keene Mill,Week3,North Springfield,Week3,257.0 Old Keene Mill - 139.0 North Springfield
Old Keene Mill,Week5,Hunter Mill,Week5,295.0 Hunter Mill - 107.0 Old Keene Mill
Old Keene Mill,Week2,Hayfield Farm,Week2,264.0 Hayfield Farm - 138.0 Old Keene Mill
Old Keene Mill,Week4,Hunter Mill,Week5,309.0 Hunter Mill - 93.0 Old Keene Mill
Old Keene Mill,Week3,Hayfield Farm,Week4,258.0 Hayfield Farm - 144.0 Old Keene Mill
Old Keene Mill,Week2,Ilda Community,Week2,209.0 Old Keene Mill - 193.0 Ilda Community
Oakton ,Week2,Vienna Aquatic,Week4,205.0 Vienna Aquatic - 197.0 Oakton
Oakton ,Week1,Vienna Woods,Week2,234.0 Vienna Woods - 168.0 Oakton
Old Keene Mill,Week5,Springboard,Week3,207.0 Old Keene Mill - 195.0 Springboard
Old Keene Mill,Week1,Hayfield Farm,Week4,273.0 Hayfield Farm - 129.0 Old Keene Mill
Old Keene Mill,Week2,Ilda Community,Week4,203.0 Ilda Community - 199.0 Old Keene Mill
Old Keene Mill,Week2,Springboard,Week5,205.0 Springboard - 197.0 Old Keene Mill
Oakton ,Week4,Vienna Aquatic,Week1,214.0 Vienna Aquatic - 188.0 Oakton
Old Keene Mill,Week4,Springboard,Week5,224.0 Springboard - 178.0 Old Keene Mill
Old Keene Mill,Week1,Springboard,Week3,225.0 Springboard - 176.0 Old Keene Mill
Old Keene Mill,Week5,Hunter Mill,Week2,271.0 Hunter Mill - 131.0 Old Keene Mill
Old Keene Mill,Week1,Ilda Community,Week4,208.0 Ilda Community - 193.0 Old Keene Mill
Old Keene Mill,Week2,Springboard,Week2,243.0 Old Keene Mill - 159.0 Springboard
Old Keene Mill,Week2,North Springfield,Week3,256.0 Old Keene Mill - 140.0 North Springfield
Old Keene Mill,Week4,Oakton ,Week1,316.0 Oakton - 86.0 Old Keene Mill
Oakton ,Week1,Vienna Woods,Week1,252.0 Vienna Woods - 150.0 Oakton
Old Keene Mill,Week4,Hayfield Farm,Week1,274.0 Hayfield Farm - 128.0 Old Keene Mill
Old Keene Mill,Week3,Springboard,Week1,232.5 Old Keene Mill - 169.5 Springboard
Oakton ,Week5,Vienna Aquatic,Week2,203.0 Oakton - 199.0 Vienna Aquatic
Old Keene Mill,Week2,North Springfield,Week5,248.0 Old Keene Mill - 124.0 North Springfield
Old Keene Mill,Week1,Oakton ,Week5,320.0 Oakton - 82.0 Old Keene Mill
Old Keene Mill,Week2,Springfield,Week2,341.0 Old Keene Mill - 57.0 Springfield
Old Keene Mill,Week5,North Springfield,Week3,264.0 Old Keene Mill - 131.0 North Springfield
Old Keene Mill,Week5,Hamlet,Week5,332.0 Hamlet - 70.0 Old Keene Mill
Old Keene Mill,Week4,Hamlet,Week4,313.0 Hamlet - 89.0 Old Keene Mill
Oakton ,Week3,Vienna Woods,Week3,226.0 Vienna Woods - 176.0 Oakton
Old Keene Mill,Week4,Hunter Mill,Week4,309.0 Hunter Mill - 93.0 Old Keene Mill
Old Keene Mill,Week2,Ilda Community,Week5,204.5 Old Keene Mill - 196.5 Ilda Community
Old Keene Mill,Week4,Hamlet,Week2,329.0 Hamlet - 73.0 Old Keene Mill
Old Keene Mill,Week5,Hamlet,Week1,307.0 Hamlet - 95.0 Old Keene Mill
Oakton ,Week5,Vienna Aquatic,Week5,246.0 Vienna Aquatic - 156.0 Oakton
Oakton ,Week4,Vienna Aquatic,Week5,248.0 Vienna Aquatic - 154.0 Oakton
Old Keene Mill,Week2,Springfield,Week3,341.0 Old Keene Mill - 57.0 Springfield
Oakton ,Week2,Vienna Woods,Week3,223.0 Vienna Woods - 179.0 Oakton
Old Keene Mill,Week4,North Springfield,Week2,262.0 Old Keene Mill - 125.0 North Springfield
Old Keene Mill,Week3,Springfield,Week2,336.0 Old Keene Mill - 63.0 Springfield
Old Keene Mill,Week3,Springboard,Week2,250.0 Old Keene Mill - 152.0 Springboard
Old Keene Mill,Week3,Ilda Community,Week1,232.0 Old Keene Mill - 169.0 Ilda Community
Old Keene Mill,Week2,Ilda Community,Week3,224.0 Old Keene Mill - 178.0 Ilda Community
Old Keene Mill,Week1,Springboard,Week4,209.0 Springboard - 193.0 Old Keene Mill
Old Keene Mill,Week1,Hayfield Farm,Week5,263.0 Hayfield Farm - 139.0 Old Keene Mill
Old Keene Mill,Week1,Ilda Community,Week3,210.0 Old Keene Mill - 191.0 Ilda Community
Old Keene Mill,Week2,Oakton ,Week1,304.0 Oakton - 98.0 Old Keene Mill
Old Keene Mill,Week2,Oakton ,Week3,302.0 Oakton - 100.0 Old Keene Mill
Old Keene Mill,Week3,Ilda Community,Week2,222.0 Old Keene Mill - 180.0 Ilda Community
Old Keene Mill,Week1,Oakton ,Week4,322.0 Oakton - 80.0 Old Keene Mill
Old Keene Mill,Week4,Hayfield Farm,Week5,263.0 Hayfield Farm - 139.0 Old Keene Mill
Old Keene Mill,Week2,Hayfield Farm,Week4,263.0 Hayfield Farm - 139.0 Old Keene Mill
Old Keene Mill,Week5,North Springfield,Week2,280.0 Old Keene Mill - 107.0 North Springfield
Old Keene Mill,Week5,Hunter Mill,Week3,296.0 Hunter Mill - 106.0 Old Keene Mill
Oakton ,Week1,Vienna Woods,Week4,222.0 Vienna Woods - 175.0 Oakton
Old Keene Mill,Week4,Springboard,Week4,223.5 Springboard - 178.5 Old Keene Mill
Oakton ,Week3,Vienna Woods,Week2,232.0 Vienna Woods - 170.0 Oakton
Oakton ,Week2,Vienna Woods,Week1,231.0 Vienna Woods - 166.0 Oakton
Oakton ,Week3,Vienna Woods,Week1,235.5 Vienna Woods - 166.5 Oakton
Old Keene Mill,Week3,Springboard,Week4,208.0 Old Keene Mill - 194.0 Springboard
Old Keene Mill,Week1,Oakton ,Week2,319.0 Oakton - 83.0 Old Keene Mill
Old Keene Mill,Week3,Annandale,Week2,233.0 Old Keene Mill - 169.0 Annandale
Old Keene Mill,Week1,Springboard,Week1,215.0 Springboard - 185.0 Old Keene Mill
Old Keene Mill,Week5,Hamlet,Week2,315.0 Hamlet - 87.0 Old Keene Mill
Oakton ,Week4,Vienna Woods,Week3,221.5 Vienna Woods - 180.5 Oakton
Old Keene Mill,Week2,Springboard,Week1,209.0 Old Keene Mill - 193.0 Springboard
Old Keene Mill,Week5,North Springfield,Week5,248.0 Old Keene Mill - 124.0 North Springfield
Oakton ,Week4,Vienna Woods,Week2,224.0 Vienna Woods - 178.0 Oakton
Old Keene Mill,Week3,Hayfield Farm,Week2,259.0 Hayfield Farm - 143.0 Old Keene Mill
Oakton ,Week4,Vienna Woods,Week4,211.5 Vienna Woods - 190.5 Oakton
Old Keene Mill,Week5,Hunter Mill,Week1,273.0 Hunter Mill - 129.0 Old Keene Mill
Old Keene Mill,Week3,Ilda Community,Week5,214.0 Old Keene Mill - 187.0 Ilda Community
Old Keene Mill,Week3,Springboard,Week3,217.0 Old Keene Mill - 185.0 Springboard
Old Keene Mill,Week4,Springboard,Week1,207.0 Springboard - 194.0 Old Keene Mill
Old Keene Mill,Week3,Ilda Community,Week4,206.0 Old Keene Mill - 196.0 Ilda Community
Old Keene Mill,Week5,North Springfield,Week1,270.0 Old Keene Mill - 80.0 North Springfield
Old Keene Mill,Week3,North Springfield,Week5,241.0 Old Keene Mill - 131.0 North Springfield
Old Keene Mill,Week2,Hayfield Farm,Week3,263.0 Hayfield Farm - 139.0 Old Keene Mill
Old Keene Mill,Week3,Hayfield Farm,Week1,263.0 Hayfield Farm - 139.0 Old Keene Mill
Old Keene Mill,Week4,Springboard,Week2,233.0 Old Keene Mill - 169.0 Springboard
Old Keene Mill,Week1,Ilda Community,Week2,204.0 Old Keene Mill - 198.0 Ilda Community
Oakton ,Week4,Vienna Woods,Week1,244.5 Vienna Woods - 157.5 Oakton
Old Keene Mill,Week1,Ilda Community,Week1,213.0 Old Keene Mill - 188.0 Ilda Community
Old Keene Mill,Week2,Hayfield Farm,Week1,253.0 Hayfield Farm - 149.0 Old Keene Mill
Old Keene Mill,Week3,North Springfield,Week4,272.0 Old Keene Mill - 119.0 North Springfield
Old Keene Mill,Week4,North Springfield,Week1,269.0 Old Keene Mill - 81.0 North Springfield
Old Keene Mill,Week5,Annandale,Week5,240.0 Old Keene Mill - 162.0 Annandale
Oakton ,Week4,Vienna Woods,Week5,266.0 Vienna Woods - 136.0 Oakton
Old Keene Mill,Week2,Arlington Forest,Week2,251.0 Arlington Forest - 151.0 Old Keene Mill
Old Keene Mill,Week2,Ilda Community,Week1,227.0 Old Keene Mill - 174.0 Ilda Community
Old Keene Mill,Week3,Springboard,Week5,208.0 Old Keene Mill - 194.0 Springboard
Old Keene Mill,Week3,Hayfield Farm,Week3,265.0 Hayfield Farm - 137.0 Old Keene Mill
Old Keene Mill,Week1,Ilda Community,Week5,202.0 Ilda Community - 199.0 Old Keene Mill
Old Keene Mill,Week4,North Springfield,Week5,226.0 Old Keene Mill - 147.0 North Springfield
Oakton ,Week3,Vienna Woods,Week5,271.0 Vienna Woods - 131.0 Oakton
Old Keene Mill,Week5,Springboard,Week1,227.5 Old Keene Mill - 174.5 Springboard
Oakton ,Week5,Vienna Woods,Week2,206.0 Vienna Woods - 196.0 Oakton
Old Keene Mill,Week3,Annandale,Week5,218.0 Old Keene Mill - 184.0 Annandale
Old Keene Mill,Week3,Arlington Forest,Week2,243.0 Arlington Forest - 159.0 Old Keene Mill
Old Keene Mill,Week1,Hayfield Farm,Week1,267.0 Hayfield Farm - 135.0 Old Keene Mill
Old Keene Mill,Week1,Springboard,Week2,228.0 Old Keene Mill - 173.0 Springboard
Old Keene Mill,Week4,Springboard,Week3,211.0 Springboard - 191.0 Old Keene Mill
Old Keene Mill,Week2,Springboard,Week4,204.0 Springboard - 198.0 Old Keene Mill
Old Keene Mill,Week1,Springboard,Week5,226.0 Springboard - 175.0 Old Keene Mill
Old Keene Mill,Week3,Hamlet,Week4,294.0 Hamlet - 108.0 Old Keene Mill
Old Keene Mill,Week4,North Springfield,Week4,263.0 Old Keene Mill - 125.0 North Springfield
Old Keene Mill,Week5,Hunter Mill,Week4,282.0 Hunter Mill - 120.0 Old Keene Mill
Oakton ,Week5,Vienna Woods,Week1,214.0 Vienna Woods - 183.0 Oakton
Old Keene Mill,Week4,Annandale,Week3,202.0 Annandale - 200.0 Old Keene Mill
Old Keene Mill,Week4,Annandale,Week4,228.0 Old Keene Mill - 174.0 Annandale
Old Keene Mill,Week1,Broyhill Crest,Week3,288.0 Old Keene Mill - 112.0 Broyhill Crest
Old Keene Mill,Week1,Hayfield Farm,Week2,268.0 Hayfield Farm - 134.0 Old Keene Mill
Old Keene Mill,Week5,Hamlet,Week3,307.0 Hamlet - 94.0 Old Keene Mill
Old Keene Mill,Week3,Ilda Community,Week3,226.0 Old Keene Mill - 176.0 Ilda Community
Old Keene Mill,Week1,Arlington Forest,Week3,255.0 Arlington Forest - 147.0 Old Keene Mill
Old Keene Mill,Week4,North Springfield,Week3,248.0 Old Keene Mill - 145.0 North Springfield
Old Keene Mill,Week2,Arlington Forest,Week5,277.0 Arlington Forest - 125.0 Old Keene Mill
Old Keene Mill,Week3,Oakton ,Week2,309.0 Oakton - 93.0 Old Keene Mill
Old Keene Mill,Week4,Broyhill Crest,Week3,290.0 Old Keene Mill - 110.0 Broyhill Crest
Old Keene Mill,Week5,Hamlet,Week4,296.0 Hamlet - 106.0 Old Keene Mill
Old Keene Mill,Week3,Oakton ,Week3,301.0 Oakton - 101.0 Old Keene Mill
Old Keene Mill,Week4,Hamlet,Week3,328.0 Hamlet - 74.0 Old Keene Mill
Old Keene Mill,Week3,Oakton ,Week1,310.0 Oakton - 92.0 Old Keene Mill
Old Keene Mill,Week4,Hunter Mill,Week3,299.0 Hunter Mill - 103.0 Old Keene Mill
Old Keene Mill,Week1,Springfield,Week1,321.5 Old Keene Mill - 69.5 Springfield
Old Keene Mill,Week1,Springfield,Week3,324.0 Old Keene Mill - 66.0 Springfield
Old Keene Mill,Week3,Arlington Forest,Week3,239.0 Arlington Forest - 163.0 Old Keene Mill
Old Keene Mill,Week3,Hayfield Farm,Week5,252.0 Hayfield Farm - 150.0 Old Keene Mill
Old Keene Mill,Week4,Annandale,Week5,217.0 Old Keene Mill - 185.0 Annandale
Old Keene Mill,Week2,Oakton ,Week5,319.0 Oakton - 83.0 Old Keene Mill
Old Keene Mill,Week5,Broyhill Crest,Week4,288.0 Old Keene Mill - 110.0 Broyhill Crest
Old Keene Mill,Week4,Hamlet,Week5,334.0 Hamlet - 68.0 Old Keene Mill
Old Keene Mill,Week1,Broyhill Crest,Week2,295.0 Old Keene Mill - 105.0 Broyhill Crest
Old Keene Mill,Week4,Hamlet,Week1,314.0 Hamlet - 88.0 Old Keene Mill
Old Keene Mill,Week3,Broyhill Crest,Week1,303.0 Old Keene Mill - 98.0 Broyhill Crest
Old Keene Mill,Week1,Springfield,Week5,337.0 Old Keene Mill - 54.0 Springfield
Old Keene Mill,Week4,Hayfield Farm,Week3,280.0 Hayfield Farm - 122.0 Old Keene Mill
Old Keene Mill,Week2,Springfield,Week1,337.0 Old Keene Mill - 60.0 Springfield
Old Keene Mill,Week5,Arlington Forest,Week2,238.0 Arlington Forest - 164.0 Old Keene Mill
Old Keene Mill,Week3,Oakton ,Week5,323.0 Oakton - 79.0 Old Keene Mill
Old Keene Mill,Week1,Broyhill Crest,Week1,293.0 Old Keene Mill - 106.0 Broyhill Crest
Old Keene Mill,Week2,Broyhill Crest,Week5,272.0 Old Keene Mill - 130.0 Broyhill Crest
Old Keene Mill,Week1,Old Keene Mill,Week1,200.0 Old Keene Mill (OKM1) - 200.0 Old Keene Mill (OKM2)
Old Keene Mill,Week3,Hamlet,Week5,326.0 Hamlet - 76.0 Old Keene Mill
Old Keene Mill,Week1,Brandywine,Week2,248.0 Brandywine - 153.0 Old Keene Mill
Old Keene Mill,Week2,Springfield,Week5,353.0 Old Keene Mill - 45.0 Springfield
Old Keene Mill,Week2,Hayfield Farm,Week5,253.0 Hayfield Farm - 149.0 Old Keene Mill
Old Keene Mill,Week1,Springfield,Week2,321.0 Old Keene Mill - 70.0 Springfield
Old Keene Mill,Week5,Arlington Forest,Week4,256.0 Arlington Forest - 146.0 Old Keene Mill
Old Keene Mill,Week2,Springfield,Week4,334.0 Old Keene Mill - 64.0 Springfield
Old Keene Mill,Week5,Broyhill Crest,Week3,295.0 Old Keene Mill - 103.0 Broyhill Crest
Old Keene Mill,Week5,Annandale,Week4,241.0 Old Keene Mill - 160.0 Annandale
Old Keene Mill,Week3,Oakton ,Week4,317.0 Oakton - 85.0 Old Keene Mill
Old Keene Mill,Week2,Oakton ,Week4,311.0 Oakton - 91.0 Old Keene Mill
Old Keene Mill,Week3,Old Keene Mill,Week1,240.0 Old Keene Mill (OKM1) - 162.0 Old Keene Mill (OKM2)
Old Keene Mill,Week1,Burke Station,Week3,213.0 Burke Station - 183.0 Old Keene Mill
Old Keene Mill,Week2,Arlington Forest,Week1,260.0 Arlington Forest - 142.0 Old Keene Mill
Old Keene Mill,Week1,Old Keene Mill,Week2,220.0 Old Keene Mill (OKM2) - 182.0 Old Keene Mill (OKM1)
Old Keene Mill,Week3,Springfield,Week1,336.0 Old Keene Mill - 62.0 Springfield
Old Keene Mill,Week4,Hayfield Farm,Week2,275.0 Hayfield Farm - 127.0 Old Keene Mill
Old Keene Mill,Week3,Arlington Forest,Week1,258.0 Arlington Forest - 144.0 Old Keene Mill
Old Keene Mill,Week4,Brookfield ,Week5,251.0 Brookfield - 151.0 Old Keene Mill
Old Keene Mill,Week4,Annandale,Week1,221.0 Old Keene Mill - 181.0 Annandale
Old Keene Mill,Week1,Springfield,Week4,321.0 Old Keene Mill - 71.0 Springfield
Old Keene Mill,Week5,Brookfield ,Week3,225.0 Brookfield - 177.0 Old Keene Mill
Old Keene Mill,Week1,Stratford,Week4,249.0 Stratford - 153.0 Old Keene Mill
Old Keene Mill,Week5,Brookfield ,Week1,240.0 Brookfield - 162.0 Old Keene Mill
Old Keene Mill,Week3,Springfield,Week4,325.0 Old Keene Mill - 74.0 Springfield
Old Keene Mill,Week4,Herndon,Week1,288.0 Old Keene Mill - 113.0 Herndon
Old Keene Mill,Week5,Hayfield Farm,Week2,234.0 Hayfield Farm - 168.0 Old Keene Mill
Old Keene Mill,Week1,Herndon,Week1,279.5 Old Keene Mill - 120.5 Herndon
Old Keene Mill,Week4,Annandale,Week2,222.0 Old Keene Mill - 180.0 Annandale
Old Keene Mill,Week4,Arlington Forest,Week2,262.0 Arlington Forest - 140.0 Old Keene Mill
Old Keene Mill,Week4,Oakton ,Week3,305.0 Oakton - 97.0 Old Keene Mill
Old Keene Mill,Week5,Herndon,Week2,284.0 Old Keene Mill - 117.0 Herndon
Old Keene Mill,Week5,Oakton ,Week3,291.0 Oakton - 111.0 Old Keene Mill
Old Keene Mill,Week2,Old Keene Mill,Week2,200.5 Old Keene Mill (OKM1) - 200.5 Old Keene Mill (OKM2)
Old Keene Mill,Week3,Herndon,Week4,272.0 Old Keene Mill - 130.0 Herndon
Old Keene Mill,Week4,Springfield,Week2,329.0 Old Keene Mill - 66.0 Springfield
Old Keene Mill,Week2,Old Keene Mill,Week5,239.0 Old Keene Mill (OKM2) - 163.0 Old Keene Mill (OKM1)
Old Keene Mill,Week3,Annandale,Week4,232.0 Old Keene Mill - 170.0 Annandale
Old Keene Mill,Week3,Annandale,Week3,213.0 Old Keene Mill - 189.0 Annandale
Old Keene Mill,Week5,Brookfield ,Week4,237.0 Brookfield - 165.0 Old Keene Mill
Old Keene Mill,Week5,Brookfield ,Week2,217.0 Brookfield - 185.0 Old Keene Mill
Old Keene Mill,Week5,Annandale,Week2,237.0 Old Keene Mill - 164.0 Annandale
Old Keene Mill,Week5,Brookfield ,Week5,234.0 Brookfield - 163.0 Old Keene Mill
Old Keene Mill,Week2,Broyhill Crest,Week3,295.0 Old Keene Mill - 107.0 Broyhill Crest
Old Keene Mill,Week2,Stratford,Week3,209.0 Stratford - 193.0 Old Keene Mill
Old Keene Mill,Week2,Stratford,Week1,204.0 Stratford - 197.0 Old Keene Mill
Old Keene Mill,Week2,Old Keene Mill,Week4,216.0 Old Keene Mill (OKM1) - 186.0 Old Keene Mill (OKM2)
Old Keene Mill,Week4,Hayfield Farm,Week4,264.0 Hayfield Farm - 138.0 Old Keene Mill
Old Keene Mill,Week1,Old Keene Mill,Week4,205.0 Old Keene Mill (OKM2) - 196.0 Old Keene Mill (OKM1)
Old Keene Mill,Week2,Stratford,Week4,224.0 Stratford - 178.0 Old Keene Mill
Old Keene Mill,Week5,Springfield,Week2,330.0 Old Keene Mill - 61.0 Springfield
Old Keene Mill,Week2,Broyhill Crest,Week1,301.0 Old Keene Mill - 101.0 Broyhill Crest
Old Keene Mill,Week1,Herndon,Week2,258.0 Old Keene Mill - 142.0 Herndon
Old Keene Mill,Week5,Hayfield Farm,Week5,224.0 Hayfield Farm - 178.0 Old Keene Mill
Old Keene Mill,Week4,Broyhill Crest,Week1,301.0 Old Keene Mill - 99.0 Broyhill Crest
Old Keene Mill,Week3,Broyhill Crest,Week3,297.0 Old Keene Mill - 104.0 Broyhill Crest
Old Keene Mill,Week5,Springfield,Week1,325.0 Old Keene Mill - 70.0 Springfield
Old Keene Mill,Week4,Oakton ,Week2,315.0 Oakton - 87.0 Old Keene Mill
Old Keene Mill,Week5,Oakton ,Week1,292.0 Oakton - 110.0 Old Keene Mill
Old Keene Mill,Week2,Broyhill Crest,Week4,282.0 Old Keene Mill - 120.0 Broyhill Crest
Old Keene Mill,Week2,Stratford,Week5,227.0 Stratford - 175.0 Old Keene Mill
Old Keene Mill,Week4,Springfield,Week5,341.0 Old Keene Mill - 51.0 Springfield
Old Keene Mill,Week5,Hayfield Farm,Week4,240.0 Hayfield Farm - 162.0 Old Keene Mill
Old Keene Mill,Week1,Arlington Forest,Week5,284.0 Arlington Forest - 118.0 Old Keene Mill
Old Keene Mill,Week4,Old Keene Mill,Week2,216.0 Old Keene Mill (OKM2) - 186.0 Old Keene Mill (OKM1)
Old Keene Mill,Week1,Arlington Forest,Week2,260.0 Arlington Forest - 142.0 Old Keene Mill
Old Keene Mill,Week2,Orange Hunt,Week1,244.0 Orange Hunt - 158.0 Old Keene Mill
Old Keene Mill,Week5,Hayfield Farm,Week3,249.0 Hayfield Farm - 153.0 Old Keene Mill
Old Keene Mill,Week5,Hayfield Farm,Week1,231.0 Hayfield Farm - 171.0 Old Keene Mill
Old Keene Mill,Week1,Orange Hunt,Week4,276.0 Orange Hunt - 126.0 Old Keene Mill
Old Keene Mill,Week4,Herndon,Week3,278.0 Old Keene Mill - 123.0 Herndon
Old Keene Mill,Week5,Herndon,Week4,279.0 Old Keene Mill - 122.0 Herndon
Old Keene Mill,Week3,Broyhill Crest,Week2,295.0 Old Keene Mill - 106.0 Broyhill Crest
Old Keene Mill,Week3,Old Keene Mill,Week3,201.0 Old Keene Mill (OKM1) - 201.0 Old Keene Mill (OKM2)
Old Keene Mill,Week3,Springfield,Week3,342.0 Old Keene Mill - 57.0 Springfield
Old Keene Mill,Week5,Annandale,Week1,246.0 Old Keene Mill - 156.0 Annandale
Old Keene Mill,Week1,Arlington Forest,Week1,275.0 Arlington Forest - 127.0 Old Keene Mill
Old Keene Mill,Week5,Old Keene Mill,Week1,237.0 Old Keene Mill (OKM1) - 165.0 Old Keene Mill (OKM2)
Old Keene Mill,Week3,Broyhill Crest,Week5,274.0 Old Keene Mill - 128.0 Broyhill Crest
Old Keene Mill,Week1,Arlington Forest,Week4,289.0 Arlington Forest - 113.0 Old Keene Mill
Old Keene Mill,Week5,Annandale,Week3,219.0 Old Keene Mill - 183.0 Annandale
Old Keene Mill,Week2,Herndon,Week2,279.0 Old Keene Mill - 123.0 Herndon
Old Keene Mill,Week3,Broyhill Crest,Week4,269.0 Old Keene Mill - 132.0 Broyhill Crest
Old Keene Mill,Week3,Herndon,Week2,268.0 Old Keene Mill - 134.0 Herndon
Old Keene Mill,Week3,Stratford,Week4,229.0 Stratford - 173.0 Old Keene Mill
Old Keene Mill,Week3,Arlington Forest,Week5,281.0 Arlington Forest - 121.0 Old Keene Mill
Old Keene Mill,Week3,Arlington Forest,Week4,277.0 Arlington Forest - 125.0 Old Keene Mill
Old Keene Mill,Week4,Springfield,Week3,336.0 Old Keene Mill - 59.0 Springfield
Old Keene Mill,Week4,Old Keene Mill,Week4,200.5 Old Keene Mill (OKM1) - 200.5 Old Keene Mill (OKM2)
Old Keene Mill,Week3,Stratford,Week2,209.0 Stratford - 193.0 Old Keene Mill
Old Keene Mill,Week4,Herndon,Week4,272.0 Old Keene Mill - 129.0 Herndon
Old Keene Mill,Week4,Broyhill Crest,Week2,296.0 Old Keene Mill - 104.0 Broyhill Crest
Old Keene Mill,Week4,Arlington Forest,Week3,246.0 Arlington Forest - 156.0 Old Keene Mill
Old Keene Mill,Week2,Arlington Forest,Week4,277.0 Arlington Forest - 125.0 Old Keene Mill
Old Keene Mill,Week2,Broyhill Crest,Week2,296.0 Old Keene Mill - 106.0 Broyhill Crest
Old Keene Mill,Week4,Broyhill Crest,Week5,280.0 Old Keene Mill - 122.0 Broyhill Crest
Old Keene Mill,Week3,Stratford,Week1,202.0 Old Keene Mill - 200.0 Stratford
Old Keene Mill,Week4,Arlington Forest,Week1,274.0 Arlington Forest - 128.0 Old Keene Mill
Old Keene Mill,Week1,Old Keene Mill,Week3,240.0 Old Keene Mill (OKM2) - 162.0 Old Keene Mill (OKM1)
Old Keene Mill,Week4,Oakton ,Week4,313.0 Oakton - 89.0 Old Keene Mill
Old Keene Mill,Week2,Arlington Forest,Week3,246.0 Arlington Forest - 156.0 Old Keene Mill
Old Keene Mill,Week1,Stratford,Week3,234.0 Stratford - 168.0 Old Keene Mill
Old Keene Mill,Week1,Herndon,Week3,267.0 Old Keene Mill - 133.0 Herndon
Old Keene Mill,Week4,Arlington Forest,Week4,285.0 Arlington Forest - 117.0 Old Keene Mill
Old Keene Mill,Week5,Herndon,Week1,294.0 Old Keene Mill - 106.0 Herndon
Old Keene Mill,Week4,Brookfield ,Week4,268.0 Brookfield - 134.0 Old Keene Mill
Old Keene Mill,Week5,Oakton ,Week4,303.0 Oakton - 99.0 Old Keene Mill
Old Keene Mill,Week1,Broyhill Crest,Week5,265.0 Old Keene Mill - 137.0 Broyhill Crest
Old Keene Mill,Week1,Stratford,Week5,238.0 Stratford - 163.0 Old Keene Mill
Old Keene Mill,Week3,Stratford,Week3,230.0 Stratford - 172.0 Old Keene Mill
Old Keene Mill,Week3,Herndon,Week3,274.5 Old Keene Mill - 127.5 Herndon
Old Keene Mill,Week2,Stratford,Week2,203.0 Old Keene Mill - 199.0 Stratford
Old Keene Mill,Week2,Old Keene Mill,Week3,221.0 Old Keene Mill (OKM2) - 181.0 Old Keene Mill (OKM1)
Old Keene Mill,Week2,Old Keene Mill,Week1,220.0 Old Keene Mill (OKM1) - 182.0 Old Keene Mill (OKM2)
Old Keene Mill,Week1,Broyhill Crest,Week4,274.0 Old Keene Mill - 127.0 Broyhill Crest
Old Keene Mill,Week5,Oakton ,Week2,296.0 Oakton - 106.0 Old Keene Mill
Old Keene Mill,Week4,Herndon,Week5,271.0 Old Keene Mill - 130.0 Herndon
Old Keene Mill,Week4,Old Keene Mill,Week3,239.0 Old Keene Mill (OKM2) - 163.0 Old Keene Mill (OKM1)
Old Keene Mill,Week4,Arlington Forest,Week5,292.0 Arlington Forest - 110.0 Old Keene Mill
Old Keene Mill,Week5,Oakton ,Week5,314.0 Oakton - 88.0 Old Keene Mill
Old Keene Mill,Week5,Broyhill Crest,Week5,275.0 Old Keene Mill - 126.0 Broyhill Crest
Old Keene Mill,Week1,Herndon,Week5,264.0 Old Keene Mill - 136.0 Herndon
Old Keene Mill,Week5,Broyhill Crest,Week1,299.0 Old Keene Mill - 94.0 Broyhill Crest
Orange Hunt,Week4,Cottontail,Week3,243.0 Orange Hunt - 159.0 Cottontail
Old Keene Mill,Week1,Burke Station,Week2,229.0 Old Keene Mill - 172.0 Burke Station
Old Keene Mill,Week1,Brandywine,Week1,247.0 Brandywine - 155.0 Old Keene Mill
Old Keene Mill,Week3,Old Keene Mill,Week2,221.0 Old Keene Mill (OKM1) - 181.0 Old Keene Mill (OKM2)
Old Keene Mill,Week4,Springfield,Week4,326.0 Old Keene Mill - 69.0 Springfield
Old Keene Mill,Week3,Herndon,Week5,276.0 Old Keene Mill - 126.0 Herndon
Old Keene Mill,Week3,Springfield,Week5,348.0 Old Keene Mill - 49.0 Springfield
Old Keene Mill,Week1,Old Keene Mill,Week5,237.0 Old Keene Mill (OKM2) - 165.0 Old Keene Mill (OKM1)
Old Keene Mill,Week4,Herndon,Week2,266.0 Old Keene Mill - 135.0 Herndon
Old Keene Mill,Week5,Arlington Forest,Week1,254.0 Arlington Forest - 148.0 Old Keene Mill
Old Keene Mill,Week4,Broyhill Crest,Week4,287.0 Old Keene Mill - 114.0 Broyhill Crest
Old Keene Mill,Week5,Arlington Forest,Week5,259.0 Arlington Forest - 143.0 Old Keene Mill
Old Keene Mill,Week3,Herndon,Week1,291.0 Old Keene Mill - 111.0 Herndon
Old Keene Mill,Week2,Brandywine,Week5,264.0 Brandywine - 138.0 Old Keene Mill
Old Keene Mill,Week5,Springfield,Week4,321.0 Old Keene Mill - 75.0 Springfield
Old Keene Mill,Week5,Broyhill Crest,Week2,296.0 Old Keene Mill - 102.0 Broyhill Crest
Old Keene Mill,Week4,Springfield,Week1,336.0 Old Keene Mill - 56.0 Springfield
Old Keene Mill,Week2,Herndon,Week1,285.0 Old Keene Mill - 112.0 Herndon
Old Keene Mill,Week1,Burke Station,Week1,190.0 Burke Station - 188.0 Old Keene Mill
Old Keene Mill,Week5,Arlington Forest,Week3,229.0 Arlington Forest - 173.0 Old Keene Mill
Old Keene Mill,Week1,Stratford,Week2,221.0 Stratford - 181.0 Old Keene Mill
Old Keene Mill,Week1,Stratford,Week1,212.0 Stratford - 189.0 Old Keene Mill
Old Keene Mill,Week4,Oakton ,Week5,326.0 Oakton - 76.0 Old Keene Mill
Old Keene Mill,Week1,Herndon,Week4,260.0 Old Keene Mill - 140.0 Herndon
Orange Hunt,Week1,Country Club Hills,Week2,239.5 Orange Hunt - 162.5 Country Club Hills
Old Keene Mill,Week3,Old Keene Mill,Week5,215.0 Old Keene Mill (OKM2) - 187.0 Old Keene Mill (OKM1)
Old Keene Mill,Week5,Springfield,Week5,339.0 Old Keene Mill - 56.0 Springfield
Old Keene Mill,Week5,Old Keene Mill,Week4,235.0 Old Keene Mill (OKM1) - 167.0 Old Keene Mill (OKM2)
Old Keene Mill,Week5,Burke Station,Week1,195.0 Old Keene Mill - 184.0 Burke Station
Orange Hunt,Week4,Cottontail,Week4,245.0 Orange Hunt - 157.0 Cottontail
Old Keene Mill,Week3,Brandywine,Week1,243.0 Brandywine - 159.0 Old Keene Mill
Old Keene Mill,Week3,Brandywine,Week2,248.0 Brandywine - 154.0 Old Keene Mill
Old Keene Mill,Week2,Herndon,Week4,273.0 Old Keene Mill - 129.0 Herndon
Old Keene Mill,Week5,Old Keene Mill,Week3,215.0 Old Keene Mill (OKM1) - 187.0 Old Keene Mill (OKM2)
Orange Hunt,Week2,Country Club Hills,Week4,237.0 Orange Hunt - 165.0 Country Club Hills
Old Keene Mill,Week1,Camelot,Week2,249.0 Camelot - 153.0 Old Keene Mill
Old Keene Mill,Week1,Brandywine,Week5,286.0 Brandywine - 116.0 Old Keene Mill
Old Keene Mill,Week4,Stratford,Week1,210.5 Stratford - 190.5 Old Keene Mill
Old Keene Mill,Week1,Camelot,Week1,240.0 Camelot - 162.0 Old Keene Mill
Old Keene Mill,Week4,Burke Station,Week2,227.0 Old Keene Mill - 175.0 Burke Station
Old Keene Mill,Week3,Burke Station,Week2,233.0 Old Keene Mill - 169.0 Burke Station
Old Keene Mill,Week5,Old Keene Mill,Week2,239.0 Old Keene Mill (OKM1) - 163.0 Old Keene Mill (OKM2)
Orange Hunt,Week3,Cottontail,Week5,235.0 Orange Hunt - 167.0 Cottontail
Old Keene Mill,Week2,Herndon,Week5,272.5 Old Keene Mill - 128.5 Herndon
Orange Hunt,Week3,Country Club Hills,Week2,253.0 Orange Hunt - 149.0 Country Club Hills
Orange Hunt,Week4,Cottontail,Week1,234.5 Orange Hunt - 167.5 Cottontail
Old Keene Mill,Week2,Herndon,Week3,278.0 Old Keene Mill - 124.0 Herndon
Old Keene Mill,Week4,Brandywine,Week2,260.0 Brandywine - 141.0 Old Keene Mill
Old Keene Mill,Week1,Sully Station,Week3,308.0 Sully Station - 94.0 Old Keene Mill
Old Keene Mill,Week5,Herndon,Week3,286.0 Old Keene Mill - 116.0 Herndon
Old Keene Mill,Week5,Springfield,Week3,340.0 Old Keene Mill - 59.0 Springfield
Old Keene Mill,Week5,Old Keene Mill,Week5,198.0 Old Keene Mill (OKM1) - 198.0 Old Keene Mill (OKM2)
Old Keene Mill,Week5,Herndon,Week5,279.0 Old Keene Mill - 122.0 Herndon
Old Keene Mill,Week3,Brandywine,Week4,273.0 Brandywine - 129.0 Old Keene Mill
Old Keene Mill,Week3,Sully Station,Week5,305.0 Sully Station - 97.0 Old Keene Mill
Old Keene Mill,Week1,Orange Hunt,Week1,264.0 Orange Hunt - 138.0 Old Keene Mill
Old Keene Mill,Week5,Burke Station,Week5,210.0 Old Keene Mill - 192.0 Burke Station
Old Keene Mill,Week2,Brandywine,Week2,248.0 Brandywine - 154.0 Old Keene Mill
Old Keene Mill,Week4,Brandywine,Week3,267.0 Brandywine - 133.0 Old Keene Mill
Old Keene Mill,Week1,Camelot,Week4,243.0 Camelot - 159.0 Old Keene Mill
Old Keene Mill,Week5,Brandywine,Week4,258.0 Brandywine - 144.0 Old Keene Mill
Orange Hunt,Week2,Country Club Hills,Week1,239.0 Orange Hunt - 163.0 Country Club Hills
Orange Hunt,Week1,Crosspointe,Week2,261.0 Crosspointe - 141.0 Orange Hunt
Old Keene Mill,Week5,Burke Station,Week2,237.5 Old Keene Mill - 163.5 Burke Station
Old Keene Mill,Week5,Hiddenbrook,Week3,211.0 Hiddenbrook - 190.0 Old Keene Mill
Old Keene Mill,Week1,Orange Hunt,Week2,264.0 Orange Hunt - 138.0 Old Keene Mill
Old Keene Mill,Week3,Burke Station,Week4,215.0 Old Keene Mill - 187.0 Burke Station
Old Keene Mill,Week4,Old Keene Mill,Week5,235.0 Old Keene Mill (OKM2) - 167.0 Old Keene Mill (OKM1)
Old Keene Mill,Week4,Brandywine,Week4,288.0 Brandywine - 114.0 Old Keene Mill
Old Keene Mill,Week5,Stratford,Week1,225.0 Old Keene Mill - 172.0 Stratford
Old Keene Mill,Week1,Hiddenbrook,Week2,217.0 Old Keene Mill - 180.0 Hiddenbrook
Old Keene Mill,Week1,Hiddenbrook,Week3,235.0 Hiddenbrook - 167.0 Old Keene Mill
Old Keene Mill,Week1,Camelot,Week5,252.0 Camelot - 150.0 Old Keene Mill
Orange Hunt,Week5,Cottontail,Week2,254.0 Orange Hunt - 148.0 Cottontail
Old Keene Mill,Week2,Burke Station,Week2,238.5 Old Keene Mill - 163.5 Burke Station
Old Keene Mill,Week1,Orange Hunt,Week3,267.0 Orange Hunt - 135.0 Old Keene Mill
Orange Hunt,Week2,Country Club Hills,Week2,237.5 Orange Hunt - 164.5 Country Club Hills
Old Keene Mill,Week1,Orange Hunt,Week5,293.0 Orange Hunt - 109.0 Old Keene Mill
Orange Hunt,Week4,Country Club Hills,Week5,212.0 Orange Hunt - 190.0 Country Club Hills
Old Keene Mill,Week5,Stratford,Week5,203.5 Old Keene Mill - 198.5 Stratford
Old Keene Mill,Week4,Stratford,Week4,243.0 Stratford - 159.0 Old Keene Mill
Old Keene Mill,Week1,Hiddenbrook,Week1,225.0 Hiddenbrook - 176.0 Old Keene Mill
Old Keene Mill,Week3,Sully Station,Week2,283.0 Sully Station - 119.0 Old Keene Mill
Old Keene Mill,Week3,Old Keene Mill,Week4,239.0 Old Keene Mill (OKM1) - 163.0 Old Keene Mill (OKM2)
Old Keene Mill,Week2,Brandywine,Week4,265.0 Brandywine - 137.0 Old Keene Mill
Old Keene Mill,Week3,Sully Station,Week1,304.0 Sully Station - 98.0 Old Keene Mill
Orange Hunt,Week3,Country Club Hills,Week1,252.0 Orange Hunt - 150.0 Country Club Hills
Old Keene Mill,Week4,Burke Station,Week5,215.0 Burke Station - 187.0 Old Keene Mill
Old Keene Mill,Week2,Hiddenbrook,Week3,227.0 Hiddenbrook - 175.0 Old Keene Mill
Old Keene Mill,Week5,Brandywine,Week1,229.0 Brandywine - 173.0 Old Keene Mill
Old Keene Mill,Week2,Brandywine,Week3,246.0 Brandywine - 155.0 Old Keene Mill
Old Keene Mill,Week3,Hiddenbrook,Week1,212.0 Hiddenbrook - 190.0 Old Keene Mill
Old Keene Mill,Week4,Sully Station,Week5,314.0 Sully Station - 88.0 Old Keene Mill
Old Keene Mill,Week4,Old Keene Mill,Week1,205.0 Old Keene Mill (OKM1) - 196.0 Old Keene Mill (OKM2)
Old Keene Mill,Week5,Brandywine,Week5,267.0 Brandywine - 135.0 Old Keene Mill
Old Keene Mill,Week2,High Point Pool,Week1,268.0 High Point Pool - 134.0 Old Keene Mill
Orange Hunt,Week4,Country Club Hills,Week4,238.0 Orange Hunt - 164.0 Country Club Hills
Old Keene Mill,Week4,Stratford,Week2,218.0 Stratford - 184.0 Old Keene Mill
Old Keene Mill,Week4,Brandywine,Week5,283.0 Brandywine - 119.0 Old Keene Mill
Old Keene Mill,Week1,Sully Station,Week2,317.0 Sully Station - 85.0 Old Keene Mill
Old Keene Mill,Week3,Sully Station,Week3,296.0 Sully Station - 106.0 Old Keene Mill
Orange Hunt,Week5,Cottontail,Week3,253.0 Orange Hunt - 149.0 Cottontail
Old Keene Mill,Week3,Orange Hunt,Week5,269.0 Orange Hunt - 133.0 Old Keene Mill
Old Keene Mill,Week1,Hiddenbrook,Week5,265.0 Hiddenbrook - 137.0 Old Keene Mill
Old Keene Mill,Week2,High Point Pool,Week5,275.0 High Point Pool - 126.0 Old Keene Mill
Old Keene Mill,Week2,Orange Hunt,Week3,253.0 Orange Hunt - 149.0 Old Keene Mill
Old Keene Mill,Week2,Camelot,Week2,232.0 Camelot - 169.0 Old Keene Mill
Old Keene Mill,Week1,Burke Station,Week4,214.0 Old Keene Mill - 188.0 Burke Station
Old Keene Mill,Week5,Orange Hunt,Week1,239.0 Orange Hunt - 163.0 Old Keene Mill
Orange Hunt,Week1,Country Club Hills,Week3,235.0 Orange Hunt - 167.0 Country Club Hills
Old Keene Mill,Week1,Sully Station,Week4,317.0 Sully Station - 85.0 Old Keene Mill
Old Keene Mill,Week2,High Point Pool,Week2,288.0 High Point Pool - 114.0 Old Keene Mill
Old Keene Mill,Week2,Brandywine,Week1,235.0 Brandywine - 167.0 Old Keene Mill
Old Keene Mill,Week2,Camelot,Week1,233.0 Camelot - 169.0 Old Keene Mill
Old Keene Mill,Week4,Burke Station,Week1,190.0 Old Keene Mill - 189.0 Burke Station
Orange Hunt,Week5,Cottontail,Week5,232.0 Orange Hunt - 170.0 Cottontail
Old Keene Mill,Week2,Orange Hunt,Week4,255.0 Orange Hunt - 147.0 Old Keene Mill
Old Keene Mill,Week5,Brandywine,Week3,241.0 Brandywine - 161.0 Old Keene Mill
Orange Hunt,Week5,Cottontail,Week4,251.0 Orange Hunt - 151.0 Cottontail
Old Keene Mill,Week1,Camelot,Week3,243.0 Camelot - 159.0 Old Keene Mill
Old Keene Mill,Week2,Sully Station,Week3,287.0 Sully Station - 115.0 Old Keene Mill
Old Keene Mill,Week3,Orange Hunt,Week4,257.0 Orange Hunt - 145.0 Old Keene Mill
Old Keene Mill,Week5,Brandywine,Week2,232.0 Brandywine - 170.0 Old Keene Mill
Old Keene Mill,Week2,Orange Hunt,Week5,266.0 Orange Hunt - 136.0 Old Keene Mill
Old Keene Mill,Week3,Hiddenbrook,Week4,227.0 Hiddenbrook - 175.0 Old Keene Mill
Orange Hunt,Week4,Cottontail,Week2,245.0 Orange Hunt - 157.0 Cottontail
Old Keene Mill,Week2,Hiddenbrook,Week2,230.0 Old Keene Mill - 171.0 Hiddenbrook
Old Keene Mill,Week1,Brandywine,Week3,256.0 Brandywine - 144.0 Old Keene Mill
Old Keene Mill,Week2,Burke Station,Week1,200.0 Old Keene Mill - 179.0 Burke Station
Old Keene Mill,Week2,Burke Station,Week5,207.0 Old Keene Mill - 195.0 Burke Station
Old Keene Mill,Week3,Burke Station,Week3,199.0 Burke Station - 198.0 Old Keene Mill
Old Keene Mill,Week4,Sully Station,Week2,305.0 Sully Station - 97.0 Old Keene Mill
Old Keene Mill,Week3,Sully Station,Week4,299.0 Sully Station - 103.0 Old Keene Mill
Old Keene Mill,Week1,Burke Station,Week5,202.0 Burke Station - 199.0 Old Keene Mill
Old Keene Mill,Week3,Burke Station,Week5,202.0 Old Keene Mill - 200.0 Burke Station
Old Keene Mill,Week1,Brandywine,Week4,276.0 Brandywine - 126.0 Old Keene Mill
Old Keene Mill,Week4,Stratford,Week5,237.0 Stratford - 164.0 Old Keene Mill
Old Keene Mill,Week4,Orange Hunt,Week1,243.0 Orange Hunt - 159.0 Old Keene Mill
Old Keene Mill,Week5,Hiddenbrook,Week4,203.0 Old Keene Mill - 198.0 Hiddenbrook
Old Keene Mill,Week2,Hiddenbrook,Week4,229.0 Hiddenbrook - 173.0 Old Keene Mill
Old Keene Mill,Week2,Orange Hunt,Week2,243.0 Orange Hunt - 159.0 Old Keene Mill
Orange Hunt,Week2,Country Club Hills,Week3,242.0 Orange Hunt - 160.0 Country Club Hills
Old Keene Mill,Week4,Brandywine,Week1,253.0 Brandywine - 149.0 Old Keene Mill
Orange Hunt,Week1,Country Club Hills,Week5,210.0 Orange Hunt - 192.0 Country Club Hills
Old Keene Mill,Week1,Sully Station,Week5,315.0 Sully Station - 87.0 Old Keene Mill
Old Keene Mill,Week5,Orange Hunt,Week2,250.0 Orange Hunt - 152.0 Old Keene Mill
Old Keene Mill,Week4,Sully Station,Week1,308.0 Sully Station - 94.0 Old Keene Mill
Old Keene Mill,Week3,Brandywine,Week5,268.0 Brandywine - 134.0 Old Keene Mill
Old Keene Mill,Week4,Stratford,Week3,220.0 Stratford - 182.0 Old Keene Mill
Old Keene Mill,Week4,Hiddenbrook,Week5,270.0 Hiddenbrook - 132.0 Old Keene Mill
Orange Hunt,Week3,Country Club Hills,Week3,259.0 Orange Hunt - 143.0 Country Club Hills
Old Keene Mill,Week5,Hiddenbrook,Week2,256.0 Old Keene Mill - 145.0 Hiddenbrook
Old Keene Mill,Week4,Hiddenbrook,Week1,221.0 Hiddenbrook - 181.0 Old Keene Mill
Old Keene Mill,Week5,Orange Hunt,Week4,249.0 Orange Hunt - 153.0 Old Keene Mill
Orange Hunt,Week1,Country Club Hills,Week1,246.0 Orange Hunt - 156.0 Country Club Hills
Orange Hunt,Week3,Country Club Hills,Week5,230.0 Orange Hunt - 172.0 Country Club Hills
Old Keene Mill,Week4,Orange Hunt,Week3,252.0 Orange Hunt - 150.0 Old Keene Mill
Old Keene Mill,Week3,Brandywine,Week3,253.0 Brandywine - 149.0 Old Keene Mill
Old Keene Mill,Week2,Bren Mar-Edsall Park,Week2,317.0 Old Keene Mill - 85.0 Bren Mar-Edsall Park
Old Keene Mill,Week2,Hiddenbrook,Week1,221.0 Hiddenbrook - 181.0 Old Keene Mill
Old Keene Mill,Week2,Sully Station,Week1,300.0 Sully Station - 102.0 Old Keene Mill
Old Keene Mill,Week5,Hiddenbrook,Week5,233.0 Hiddenbrook - 169.0 Old Keene Mill
Old Keene Mill,Week3,Hiddenbrook,Week3,230.0 Hiddenbrook - 172.0 Old Keene Mill
Old Keene Mill,Week4,Bren Mar-Edsall Park,Week2,320.0 Old Keene Mill - 82.0 Bren Mar-Edsall Park
Old Keene Mill,Week3,Orange Hunt,Week2,245.0 Orange Hunt - 157.0 Old Keene Mill
Orange Hunt,Week4,Cottontail,Week5,230.5 Orange Hunt - 171.5 Cottontail
Old Keene Mill,Week4,Burke Station,Week3,201.0 Burke Station - 196.0 Old Keene Mill
Old Keene Mill,Week1,Bren Mar-Edsall Park,Week4,298.0 Old Keene Mill - 102.0 Bren Mar-Edsall Park
Old Keene Mill,Week2,Sully Station,Week4,296.0 Sully Station - 106.0 Old Keene Mill
Old Keene Mill,Week2,Sully Station,Week2,294.0 Sully Station - 108.0 Old Keene Mill
Old Keene Mill,Week3,Orange Hunt,Week3,253.0 Orange Hunt - 149.0 Old Keene Mill
Old Keene Mill,Week3,Hiddenbrook,Week2,235.0 Old Keene Mill - 166.0 Hiddenbrook
Old Keene Mill,Week2,Burke Station,Week3,200.0 Old Keene Mill - 196.0 Burke Station
Old Keene Mill,Week3,Burke Station,Week1,192.0 Old Keene Mill - 187.0 Burke Station
Orange Hunt,Week5,Cottontail,Week1,249.0 Orange Hunt - 153.0 Cottontail
Old Keene Mill,Week5,Stratford,Week2,208.0 Old Keene Mill - 194.0 Stratford
Old Keene Mill,Week2,Burke Station,Week4,229.0 Old Keene Mill - 173.0 Burke Station
Old Keene Mill,Week4,Bren Mar-Edsall Park,Week5,296.0 Old Keene Mill - 106.0 Bren Mar-Edsall Park
Old Keene Mill,Week2,Bren Mar-Edsall Park,Week5,304.0 Old Keene Mill - 98.0 Bren Mar-Edsall Park
Orange Hunt,Week1,Country Club Hills,Week4,230.0 Orange Hunt - 172.0 Country Club Hills
Old Keene Mill,Week4,Burke Station,Week4,206.0 Old Keene Mill - 196.0 Burke Station
Orange Hunt,Week2,Country Club Hills,Week5,218.0 Orange Hunt - 184.0 Country Club Hills
Orange Hunt,Week5,Country Club Hills,Week1,253.0 Orange Hunt - 149.0 Country Club Hills
Old Keene Mill,Week3,Hiddenbrook,Week5,263.5 Hiddenbrook - 138.5 Old Keene Mill
Old Keene Mill,Week5,Orange Hunt,Week5,252.0 Orange Hunt - 150.0 Old Keene Mill
Old Keene Mill,Week3,Stratford,Week5,233.0 Stratford - 169.0 Old Keene Mill
Old Keene Mill,Week1,Overlee,Week4,382.0 Overlee - 20.0 Old Keene Mill
Old Keene Mill,Week4,Bren Mar-Edsall Park,Week4,296.0 Old Keene Mill - 106.0 Bren Mar-Edsall Park
Old Keene Mill,Week1,Hiddenbrook,Week4,224.0 Hiddenbrook - 178.0 Old Keene Mill
Orange Hunt,Week4,Country Club Hills,Week1,233.5 Orange Hunt - 168.5 Country Club Hills
Old Keene Mill,Week5,Burke Station,Week3,204.5 Old Keene Mill - 192.5 Burke Station
Old Keene Mill,Week1,Overlee,Week1,356.0 Overlee - 46.0 Old Keene Mill
Old Keene Mill,Week1,Sully Station,Week1,319.0 Sully Station - 83.0 Old Keene Mill
Old Keene Mill,Week1,Overlee,Week2,371.0 Overlee - 31.0 Old Keene Mill
Old Keene Mill,Week2,Brookfield ,Week3,235.0 Brookfield - 167.0 Old Keene Mill
Old Keene Mill,Week1,Brookfield ,Week4,272.0 Brookfield - 130.0 Old Keene Mill
Old Keene Mill,Week4,Sully Station,Week4,315.0 Sully Station - 87.0 Old Keene Mill
Orange Hunt,Week5,Country Club Hills,Week2,252.0 Orange Hunt - 150.0 Country Club Hills
Old Keene Mill,Week1,High Point Pool,Week2,302.0 High Point Pool - 100.0 Old Keene Mill
Old Keene Mill,Week1,Overlee,Week5,375.0 Overlee - 27.0 Old Keene Mill
Old Keene Mill,Week5,Orange Hunt,Week3,251.0 Orange Hunt - 151.0 Old Keene Mill
Old Keene Mill,Week3,Orange Hunt,Week1,248.0 Orange Hunt - 154.0 Old Keene Mill
Orange Hunt,Week5,Country Club Hills,Week4,258.0 Orange Hunt - 144.0 Country Club Hills
Old Keene Mill,Week5,Camelot,Week5,225.0 Camelot - 176.0 Old Keene Mill
Old Keene Mill,Week2,Hiddenbrook,Week5,260.0 Hiddenbrook - 142.0 Old Keene Mill
Old Keene Mill,Week1,Brookfield ,Week2,263.0 Brookfield - 139.0 Old Keene Mill
Old Keene Mill,Week2,Brookfield ,Week1,268.0 Brookfield - 134.0 Old Keene Mill
Old Keene Mill,Week2,Brookfield ,Week5,262.0 Brookfield - 140.0 Old Keene Mill
Old Keene Mill,Week1,High Point Pool,Week1,289.0 High Point Pool - 113.0 Old Keene Mill
Old Keene Mill,Week5,Burke Station,Week4,231.0 Old Keene Mill - 170.0 Burke Station
Orange Hunt,Week3,Country Club Hills,Week4,254.0 Orange Hunt - 148.0 Country Club Hills
Orange Hunt,Week5,Country Club Hills,Week3,258.0 Orange Hunt - 144.0 Country Club Hills
Old Keene Mill,Week5,Stratford,Week3,203.0 Stratford - 199.0 Old Keene Mill
Old Keene Mill,Week1,Canterbury Woods,Week2,225.0 Canterbury Woods - 177.0 Old Keene Mill
Old Keene Mill,Week3,Brookfield ,Week2,227.0 Brookfield - 175.0 Old Keene Mill
Old Keene Mill,Week5,Stratford,Week4,205.0 Stratford - 197.0 Old Keene Mill
Old Keene Mill,Week4,Orange Hunt,Week4,252.0 Orange Hunt - 150.0 Old Keene Mill
Old Keene Mill,Week4,Camelot,Week4,228.0 Camelot - 174.0 Old Keene Mill
Old Keene Mill,Week4,Sully Station,Week3,313.0 Sully Station - 89.0 Old Keene Mill
Old Keene Mill,Week1,High Point Pool,Week4,296.0 High Point Pool - 106.0 Old Keene Mill
Old Keene Mill,Week1,Overlee,Week3,359.0 Overlee - 43.0 Old Keene Mill
Old Keene Mill,Week1,High Point Pool,Week3,297.0 High Point Pool - 104.0 Old Keene Mill
Old Keene Mill,Week2,Sully Station,Week5,304.0 Sully Station - 98.0 Old Keene Mill
Orange Hunt,Week4,Country Club Hills,Week3,243.0 Orange Hunt - 159.0 Country Club Hills
Old Keene Mill,Week4,Camelot,Week1,238.0 Camelot - 164.0 Old Keene Mill
Old Keene Mill,Week2,Camelot,Week4,235.0 Camelot - 167.0 Old Keene Mill
Orange Hunt,Week5,Country Club Hills,Week5,237.0 Orange Hunt - 165.0 Country Club Hills
Old Keene Mill,Week5,Camelot,Week2,235.0 Camelot - 167.0 Old Keene Mill
Old Keene Mill,Week2,Bren Mar-Edsall Park,Week1,324.0 Old Keene Mill - 77.0 Bren Mar-Edsall Park
Old Keene Mill,Week4,Orange Hunt,Week2,239.0 Orange Hunt - 163.0 Old Keene Mill
Old Keene Mill,Week4,Lakeview,Week5,217.0 Old Keene Mill - 176.0 Lakeview
Old Keene Mill,Week3,Bren Mar-Edsall Park,Week3,318.0 Old Keene Mill - 84.0 Bren Mar-Edsall Park
Orange Hunt,Week4,Country Club Hills,Week2,243.0 Orange Hunt - 159.0 Country Club Hills
Old Keene Mill,Week5,Camelot,Week3,225.0 Camelot - 176.0 Old Keene Mill
Orange Hunt,Week2,Crosspointe,Week4,257.0 Crosspointe - 145.0 Orange Hunt
Old Keene Mill,Week3,Brookfield ,Week5,251.0 Brookfield - 151.0 Old Keene Mill
Old Keene Mill,Week4,Lakeview,Week4,222.0 Old Keene Mill - 180.0 Lakeview
Old Keene Mill,Week4,Hiddenbrook,Week2,219.0 Old Keene Mill - 179.0 Hiddenbrook
Old Keene Mill,Week4,Hiddenbrook,Week3,236.0 Hiddenbrook - 166.0 Old Keene Mill
Old Keene Mill,Week4,Camelot,Week2,236.0 Camelot - 166.0 Old Keene Mill
Old Keene Mill,Week4,Sully Station II,Week3,322.0 Sully Station II - 80.0 Old Keene Mill
Old Keene Mill,Week3,Camelot,Week2,227.0 Camelot - 175.0 Old Keene Mill
Old Keene Mill,Week4,Orange Hunt,Week5,261.0 Orange Hunt - 141.0 Old Keene Mill
Orange Hunt,Week2,Crosspointe,Week2,242.0 Crosspointe - 160.0 Orange Hunt
Old Keene Mill,Week5,Sully Station II,Week5,314.0 Sully Station II - 88.0 Old Keene Mill
Old Keene Mill,Week4,Camelot,Week3,227.0 Camelot - 175.0 Old Keene Mill
Old Keene Mill,Week1,High Point Pool,Week5,283.0 High Point Pool - 119.0 Old Keene Mill
Orange Hunt,Week1,Crosspointe,Week5,273.0 Crosspointe - 129.0 Orange Hunt
Old Keene Mill,Week1,Sully Station II,Week5,336.0 Sully Station II - 66.0 Old Keene Mill
Old Keene Mill,Week2,Sully Station II,Week4,275.0 Sully Station II - 127.0 Old Keene Mill
Old Keene Mill,Week4,Bren Mar-Edsall Park,Week3,301.0 Old Keene Mill - 101.0 Bren Mar-Edsall Park
Orange Hunt,Week1,Crosspointe,Week1,273.0 Crosspointe - 129.0 Orange Hunt
Old Keene Mill,Week1,Langley,Week2,297.0 Langley - 105.0 Old Keene Mill
Old Keene Mill,Week5,Hiddenbrook,Week1,218.0 Old Keene Mill - 184.0 Hiddenbrook
Old Keene Mill,Week5,Bren Mar-Edsall Park,Week4,302.0 Old Keene Mill - 100.0 Bren Mar-Edsall Park
Oakton ,Week4,Rolling Hills,Week4,308.0 Oakton - 93.0 Rolling Hills
Old Keene Mill,Week4,Hiddenbrook,Week4,235.0 Hiddenbrook - 167.0 Old Keene Mill
Old Keene Mill,Week1,Sully Station II,Week2,312.0 Sully Station II - 89.0 Old Keene Mill
Old Keene Mill,Week2,Sully Station II,Week5,308.0 Sully Station II - 94.0 Old Keene Mill
Old Keene Mill,Week3,Camelot,Week3,224.0 Camelot - 178.0 Old Keene Mill
Old Keene Mill,Week4,Canterbury Woods,Week1,202.0 Canterbury Woods - 200.0 Old Keene Mill
Old Keene Mill,Week2,High Point Pool,Week3,289.0 High Point Pool - 113.0 Old Keene Mill
Old Keene Mill,Week5,Lakeview,Week4,222.0 Old Keene Mill - 180.0 Lakeview
Old Keene Mill,Week5,Sully Station,Week5,284.0 Sully Station - 118.0 Old Keene Mill
Orange Hunt,Week4,Crosspointe,Week2,244.0 Crosspointe - 158.0 Orange Hunt
Old Keene Mill,Week3,Bren Mar-Edsall Park,Week2,336.0 Old Keene Mill - 66.0 Bren Mar-Edsall Park
Oakton ,Week4,Rolling Hills,Week5,313.0 Oakton - 89.0 Rolling Hills
Old Keene Mill,Week5,Bren Mar-Edsall Park,Week3,312.5 Old Keene Mill - 89.5 Bren Mar-Edsall Park
Old Keene Mill,Week5,High Point Pool,Week2,284.0 High Point Pool - 118.0 Old Keene Mill
Old Keene Mill,Week2,High Point Pool,Week4,287.0 High Point Pool - 115.0 Old Keene Mill
Old Keene Mill,Week4,Bren Mar-Edsall Park,Week1,318.0 Old Keene Mill - 83.0 Bren Mar-Edsall Park
Old Keene Mill,Week5,Sully Station,Week1,283.0 Sully Station - 119.0 Old Keene Mill
Old Keene Mill,Week1,Bren Mar-Edsall Park,Week3,299.0 Old Keene Mill - 103.0 Bren Mar-Edsall Park
Orange Hunt,Week4,Crosspointe,Week5,282.0 Crosspointe - 120.0 Orange Hunt
Old Keene Mill,Week5,Langley,Week5,288.0 Langley - 114.0 Old Keene Mill
Old Keene Mill,Week5,Camelot,Week4,223.0 Camelot - 179.0 Old Keene Mill
Old Keene Mill,Week1,Canterbury Woods,Week4,238.0 Canterbury Woods - 164.0 Old Keene Mill
Old Keene Mill,Week3,Highland Park,Week2,270.0 Highland Park - 132.0 Old Keene Mill
Old Keene Mill,Week2,Bren Mar-Edsall Park,Week3,305.0 Old Keene Mill - 97.0 Bren Mar-Edsall Park
Old Keene Mill,Week5,Langley,Week1,296.0 Langley - 106.0 Old Keene Mill
Old Keene Mill,Week3,Langley,Week4,306.0 Langley - 96.0 Old Keene Mill
Old Keene Mill,Week5,High Point Pool,Week5,263.0 High Point Pool - 138.0 Old Keene Mill
Orange Hunt,Week5,Crosspointe,Week1,238.0 Crosspointe - 164.0 Orange Hunt
Old Keene Mill,Week2,Bren Mar-Edsall Park,Week4,302.0 Old Keene Mill - 100.0 Bren Mar-Edsall Park
Orange Hunt,Week4,Crosspointe,Week4,253.0 Crosspointe - 149.0 Orange Hunt
Old Keene Mill,Week5,Sully Station II,Week2,287.0 Sully Station II - 115.0 Old Keene Mill
Orange Hunt,Week3,Crosspointe,Week3,244.0 Crosspointe - 158.0 Orange Hunt
Old Keene Mill,Week1,Laurel Hill,Week2,238.0 Old Keene Mill - 162.0 Laurel Hill
Old Keene Mill,Week3,Highland Park,Week4,269.0 Highland Park - 133.0 Old Keene Mill
Old Keene Mill,Week1,Canterbury Woods,Week5,224.0 Canterbury Woods - 177.0 Old Keene Mill
Old Keene Mill,Week1,Langley,Week5,296.0 Langley - 106.0 Old Keene Mill
Old Keene Mill,Week2,Sully Station II,Week2,297.0 Sully Station II - 105.0 Old Keene Mill
Old Keene Mill,Week1,Canterbury Woods,Week1,216.0 Canterbury Woods - 186.0 Old Keene Mill
Old Keene Mill,Week5,Sully Station,Week2,274.0 Sully Station - 128.0 Old Keene Mill
Old Keene Mill,Week1,Sully Station II,Week4,286.0 Sully Station II - 116.0 Old Keene Mill
Old Keene Mill,Week3,Langley,Week3,308.0 Langley - 94.0 Old Keene Mill
Old Keene Mill,Week3,Camelot,Week4,230.0 Camelot - 172.0 Old Keene Mill
Old Keene Mill,Week5,Sully Station,Week3,280.0 Sully Station - 122.0 Old Keene Mill
Old Keene Mill,Week5,Sully Station,Week4,279.0 Sully Station - 123.0 Old Keene Mill
Orange Hunt,Week5,Crosspointe,Week3,238.0 Crosspointe - 164.0 Orange Hunt
Old Keene Mill,Week3,Bren Mar-Edsall Park,Week1,334.0 Old Keene Mill - 67.0 Bren Mar-Edsall Park
Old Keene Mill,Week2,Camelot,Week5,236.0 Camelot - 166.0 Old Keene Mill
Old Keene Mill,Week1,Bren Mar-Edsall Park,Week2,313.0 Old Keene Mill - 88.0 Bren Mar-Edsall Park
Old Keene Mill,Week4,Highland Park,Week1,287.0 Highland Park - 115.0 Old Keene Mill
Old Keene Mill,Week1,Highland Park,Week2,273.0 Highland Park - 129.0 Old Keene Mill
Old Keene Mill,Week3,Langley,Week1,316.0 Langley - 86.0 Old Keene Mill
Old Keene Mill,Week2,Langley,Week2,297.5 Langley - 104.5 Old Keene Mill
Orange Hunt,Week3,Crosspointe,Week2,227.0 Crosspointe - 175.0 Orange Hunt
Old Keene Mill,Week1,Highland Park,Week4,280.0 Highland Park - 122.0 Old Keene Mill
Orange Hunt,Week1,Daventry,Week1,299.0 Orange Hunt - 103.0 Daventry
Old Keene Mill,Week3,Langley,Week5,287.0 Langley - 115.0 Old Keene Mill
Old Keene Mill,Week4,High Point Pool,Week5,292.0 High Point Pool - 110.0 Old Keene Mill
Old Keene Mill,Week3,Canterbury Woods,Week1,210.0 Old Keene Mill - 192.0 Canterbury Woods
Orange Hunt,Week5,Crosspointe,Week5,251.0 Crosspointe - 151.0 Orange Hunt
Old Keene Mill,Week2,Sully Station II,Week1,266.0 Sully Station II - 136.0 Old Keene Mill
Orange Hunt,Week5,Crosspointe,Week4,222.0 Crosspointe - 180.0 Orange Hunt
Old Keene Mill,Week1,Canterbury Woods,Week3,233.0 Canterbury Woods - 169.0 Old Keene Mill
Old Keene Mill,Week1,Bren Mar-Edsall Park,Week1,316.5 Old Keene Mill - 84.5 Bren Mar-Edsall Park
Old Keene Mill,Week3,Bren Mar-Edsall Park,Week4,304.0 Old Keene Mill - 98.0 Bren Mar-Edsall Park
Old Keene Mill,Week2,Sully Station II,Week3,314.5 Sully Station II - 87.5 Old Keene Mill
Old Keene Mill,Week1,Highland Park,Week5,282.0 Highland Park - 120.0 Old Keene Mill
Old Keene Mill,Week1,Laurel Hill,Week4,230.0 Old Keene Mill - 171.0 Laurel Hill
Old Keene Mill,Week5,Lakeview,Week5,224.5 Old Keene Mill - 168.5 Lakeview
Old Keene Mill,Week1,Bren Mar-Edsall Park,Week5,294.0 Old Keene Mill - 108.0 Bren Mar-Edsall Park
Old Keene Mill,Week3,Canterbury Woods,Week3,217.0 Canterbury Woods - 185.0 Old Keene Mill
Orange Hunt,Week5,Crosspointe,Week2,224.0 Crosspointe - 178.0 Orange Hunt
Old Keene Mill,Week5,Lakeview,Week3,226.0 Old Keene Mill - 176.0 Lakeview
Old Keene Mill,Week3,Sully Station II,Week2,302.0 Sully Station II - 100.0 Old Keene Mill
Old Keene Mill,Week1,Brookfield ,Week1,279.0 Brookfield - 123.0 Old Keene Mill
Old Keene Mill,Week1,Langley,Week4,309.0 Langley - 93.0 Old Keene Mill
Orange Hunt,Week1,Crosspointe,Week4,265.0 Crosspointe - 137.0 Orange Hunt
Old Keene Mill,Week3,Sully Station II,Week4,283.0 Sully Station II - 119.0 Old Keene Mill
Old Keene Mill,Week1,Sully Station II,Week3,334.0 Sully Station II - 68.0 Old Keene Mill
Orange Hunt,Week2,Crosspointe,Week1,262.0 Crosspointe - 140.0 Orange Hunt
Old Keene Mill,Week1,Langley,Week3,309.0 Langley - 93.0 Old Keene Mill
Old Keene Mill,Week3,High Point Pool,Week5,276.0 High Point Pool - 126.0 Old Keene Mill
Old Keene Mill,Week5,Bren Mar-Edsall Park,Week2,321.0 Old Keene Mill - 81.0 Bren Mar-Edsall Park
Old Keene Mill,Week3,Sully Station II,Week5,306.0 Sully Station II - 96.0 Old Keene Mill
Old Keene Mill,Week5,Bren Mar-Edsall Park,Week1,330.0 Old Keene Mill - 71.0 Bren Mar-Edsall Park
Old Keene Mill,Week3,High Point Pool,Week2,295.0 High Point Pool - 107.0 Old Keene Mill
Old Keene Mill,Week3,High Point Pool,Week4,296.0 High Point Pool - 106.0 Old Keene Mill
Old Keene Mill,Week3,Bren Mar-Edsall Park,Week5,308.0 Old Keene Mill - 94.0 Bren Mar-Edsall Park
Old Keene Mill,Week4,High Point Pool,Week1,288.5 High Point Pool - 113.5 Old Keene Mill
Old Keene Mill,Week3,Camelot,Week5,241.0 Camelot - 161.0 Old Keene Mill
Orange Hunt,Week1,Daventry,Week2,303.0 Orange Hunt - 98.0 Daventry
Orange Hunt,Week3,Crosspointe,Week5,265.0 Crosspointe - 137.0 Orange Hunt
Old Keene Mill,Week3,Sully Station II,Week1,272.0 Sully Station II - 130.0 Old Keene Mill
Old Keene Mill,Week2,Camelot,Week3,233.0 Camelot - 169.0 Old Keene Mill
Old Keene Mill,Week4,Sully Station II,Week5,327.0 Sully Station II - 75.0 Old Keene Mill
Old Keene Mill,Week4,Langley,Week4,316.0 Langley - 86.0 Old Keene Mill
Old Keene Mill,Week2,Langley,Week1,313.0 Langley - 89.0 Old Keene Mill
Old Keene Mill,Week5,Camelot,Week1,220.0 Camelot - 182.0 Old Keene Mill
Old Keene Mill,Week3,Canterbury Woods,Week5,222.0 Canterbury Woods - 180.0 Old Keene Mill
Old Keene Mill,Week4,High Point Pool,Week2,296.0 High Point Pool - 106.0 Old Keene Mill
Old Keene Mill,Week5,Bren Mar-Edsall Park,Week5,304.0 Old Keene Mill - 92.0 Bren Mar-Edsall Park
Old Keene Mill,Week3,High Point Pool,Week1,276.0 High Point Pool - 126.0 Old Keene Mill
Orange Hunt,Week1,Daventry,Week3,303.0 Orange Hunt - 99.0 Daventry
Old Keene Mill,Week2,Cardinal Hill,Week3,311.0 Cardinal Hill - 91.0 Old Keene Mill
Orange Hunt,Week1,Crosspointe,Week3,256.0 Crosspointe - 146.0 Orange Hunt
Old Keene Mill,Week5,Langley,Week2,291.0 Langley - 111.0 Old Keene Mill
Orange Hunt,Week2,Crosspointe,Week5,267.5 Crosspointe - 134.5 Orange Hunt
Old Keene Mill,Week3,Brookfield ,Week1,272.0 Brookfield - 130.0 Old Keene Mill
Old Keene Mill,Week5,Sully Station II,Week3,305.0 Sully Station II - 97.0 Old Keene Mill
Old Keene Mill,Week3,Brookfield ,Week3,245.0 Brookfield - 157.0 Old Keene Mill
Orange Hunt,Week3,Crosspointe,Week1,244.0 Crosspointe - 158.0 Orange Hunt
Old Keene Mill,Week4,Langley,Week2,308.0 Langley - 94.0 Old Keene Mill
Old Keene Mill,Week4,Sully Station II,Week4,298.0 Sully Station II - 104.0 Old Keene Mill
Old Keene Mill,Week4,Langley,Week3,313.0 Langley - 89.0 Old Keene Mill
Old Keene Mill,Week1,Brookfield ,Week3,264.0 Brookfield - 138.0 Old Keene Mill
Old Keene Mill,Week3,Camelot,Week1,232.0 Camelot - 170.0 Old Keene Mill
Old Keene Mill,Week2,Rutherford,Week3,208.0 Rutherford - 194.0 Old Keene Mill
Old Keene Mill,Week4,Camelot,Week5,232.0 Camelot - 170.0 Old Keene Mill
Old Keene Mill,Week1,Highland Park,Week1,277.0 Highland Park - 125.0 Old Keene Mill
Old Keene Mill,Week1,Brookfield ,Week5,271.0 Brookfield - 131.0 Old Keene Mill
Old Keene Mill,Week5,High Point Pool,Week4,267.0 High Point Pool - 135.0 Old Keene Mill
Old Keene Mill,Week2,Canterbury Woods,Week3,213.0 Canterbury Woods - 189.0 Old Keene Mill
Old Keene Mill,Week3,Sully Station II,Week3,314.0 Sully Station II - 88.0 Old Keene Mill
Old Keene Mill,Week5,Canterbury Woods,Week3,214.0 Canterbury Woods - 183.0 Old Keene Mill
Orange Hunt,Week3,Crosspointe,Week4,239.0 Crosspointe - 163.0 Orange Hunt
Old Keene Mill,Week2,Brookfield ,Week2,238.0 Brookfield - 164.0 Old Keene Mill
Old Keene Mill,Week5,High Point Pool,Week3,274.0 High Point Pool - 128.0 Old Keene Mill
Old Keene Mill,Week4,High Point Pool,Week4,311.0 High Point Pool - 91.0 Old Keene Mill
Old Keene Mill,Week2,Canterbury Woods,Week5,221.0 Canterbury Woods - 181.0 Old Keene Mill
Old Keene Mill,Week5,Lakeview,Week2,247.0 Old Keene Mill - 155.0 Lakeview
Old Keene Mill,Week2,Brookfield ,Week4,262.0 Brookfield - 140.0 Old Keene Mill
Old Keene Mill,Week4,High Point Pool,Week3,306.0 High Point Pool - 95.0 Old Keene Mill
Old Keene Mill,Week3,Canterbury Woods,Week2,208.0 Canterbury Woods - 194.0 Old Keene Mill
Old Keene Mill,Week4,Rolling Valley,Week2,228.0 Old Keene Mill - 174.0 Rolling Valley
Old Keene Mill,Week5,Sully Station II,Week1,258.0 Sully Station II - 144.0 Old Keene Mill
Old Keene Mill,Week1,Sully Station II,Week1,279.0 Sully Station II - 122.0 Old Keene Mill
Old Keene Mill,Week4,Langley,Week1,320.0 Langley - 82.0 Old Keene Mill
Old Keene Mill,Week5,Lakeview,Week1,254.0 Old Keene Mill - 148.0 Lakeview
Orange Hunt,Week4,Crosspointe,Week1,262.0 Crosspointe - 140.0 Orange Hunt
Orange Hunt,Week2,Crosspointe,Week3,260.5 Crosspointe - 141.5 Orange Hunt
Old Keene Mill,Week1,Highland Park,Week3,273.0 Highland Park - 129.0 Old Keene Mill
Old Keene Mill,Week1,Langley,Week1,307.0 Langley - 95.0 Old Keene Mill
Old Keene Mill,Week2,Highland Park,Week1,268.0 Highland Park - 134.0 Old Keene Mill
Old Keene Mill,Week3,High Point Pool,Week3,285.0 High Point Pool - 117.0 Old Keene Mill
Old Keene Mill,Week4,Brookfield ,Week3,256.0 Brookfield - 146.0 Old Keene Mill
Old Keene Mill,Week5,Waynewood,Week3,302.0 Waynewood - 100.0 Old Keene Mill
Orange Hunt,Week4,Crosspointe,Week3,257.0 Crosspointe - 140.0 Orange Hunt
Old Keene Mill,Week4,Canterbury Woods,Week4,217.0 Canterbury Woods - 185.0 Old Keene Mill
Old Keene Mill,Week5,Sully Station II,Week4,269.0 Sully Station II - 133.0 Old Keene Mill
Old Keene Mill,Week2,Langley,Week5,296.0 Langley - 106.0 Old Keene Mill
Old Keene Mill,Week1,Truro,Week3,208.0 Truro - 193.0 Old Keene Mill
Old Keene Mill,Week2,Highland Park,Week4,257.0 Highland Park - 145.0 Old Keene Mill
Old Keene Mill,Week2,Waynewood,Week3,313.0 Waynewood - 89.0 Old Keene Mill
Old Keene Mill,Week2,Highland Park,Week2,256.0 Highland Park - 146.0 Old Keene Mill
Old Keene Mill,Week3,Rolling Valley,Week4,215.0 Old Keene Mill - 187.0 Rolling Valley
Old Keene Mill,Week5,Rolling Valley,Week4,229.0 Old Keene Mill - 173.0 Rolling Valley
Old Keene Mill,Week2,Langley,Week3,304.0 Langley - 98.0 Old Keene Mill
Old Keene Mill,Week3,Langley,Week2,287.0 Langley - 115.0 Old Keene Mill
Old Keene Mill,Week4,Sully Station II,Week1,289.0 Sully Station II - 112.0 Old Keene Mill
Old Keene Mill,Week4,Brookfield ,Week2,255.0 Brookfield - 147.0 Old Keene Mill
Old Keene Mill,Week2,Canterbury Woods,Week1,202.0 Old Keene Mill - 200.0 Canterbury Woods
Old Keene Mill,Week5,Canterbury Woods,Week4,215.0 Canterbury Woods - 187.0 Old Keene Mill
Old Keene Mill,Week4,Waynewood,Week2,310.0 Waynewood - 92.0 Old Keene Mill
Old Keene Mill,Week4,Canterbury Woods,Week2,204.0 Canterbury Woods - 198.0 Old Keene Mill
Old Keene Mill,Week4,Sully Station II,Week2,309.0 Sully Station II - 92.0 Old Keene Mill
Old Keene Mill,Week3,Rolling Valley,Week2,243.0 Old Keene Mill - 159.0 Rolling Valley
Old Keene Mill,Week1,Truro,Week2,207.0 Old Keene Mill - 194.0 Truro
Old Keene Mill,Week5,Rolling Valley,Week5,232.0 Old Keene Mill - 170.0 Rolling Valley
Old Keene Mill,Week4,Brookfield ,Week1,271.0 Brookfield - 131.0 Old Keene Mill
Old Keene Mill,Week5,Canterbury Woods,Week5,201.0 Canterbury Woods - 201.0 Old Keene Mill
Old Keene Mill,Week3,Brookfield ,Week4,250.0 Brookfield - 152.0 Old Keene Mill
Old Keene Mill,Week2,Rutherford,Week1,216.0 Old Keene Mill - 186.0 Rutherford
Old Keene Mill,Week1,Cardinal Hill,Week1,319.0 Cardinal Hill - 83.0 Old Keene Mill
Old Keene Mill,Week5,Langley,Week4,292.0 Langley - 110.0 Old Keene Mill
Old Keene Mill,Week2,Langley,Week4,299.0 Langley - 103.0 Old Keene Mill
Old Keene Mill,Week2,Waynewood,Week1,266.0 Waynewood - 136.0 Old Keene Mill
Old Keene Mill,Week1,Waynewood,Week2,308.0 Waynewood - 94.0 Old Keene Mill
Old Keene Mill,Week2,Waynewood,Week5,314.0 Waynewood - 88.0 Old Keene Mill
Old Keene Mill,Week2,Canterbury Woods,Week4,216.0 Canterbury Woods - 186.0 Old Keene Mill
Old Keene Mill,Week3,Highland Park,Week3,256.0 Highland Park - 146.0 Old Keene Mill
Old Keene Mill,Week5,Truro,Week5,206.0 Old Keene Mill - 196.0 Truro
Old Keene Mill,Week4,Rutherford,Week4,216.0 Rutherford - 186.0 Old Keene Mill
Old Keene Mill,Week1,Truro,Week1,213.0 Truro - 189.0 Old Keene Mill
Old Keene Mill,Week5,Waynewood,Week1,263.0 Waynewood - 139.0 Old Keene Mill
Old Keene Mill,Week5,Langley,Week3,287.0 Langley - 115.0 Old Keene Mill
Old Keene Mill,Week3,Canterbury Woods,Week4,220.0 Canterbury Woods - 182.0 Old Keene Mill
Old Keene Mill,Week1,Laurel Hill,Week1,242.0 Old Keene Mill - 156.0 Laurel Hill
Old Keene Mill,Week1,Rutherford,Week5,209.0 Rutherford - 193.0 Old Keene Mill
Old Keene Mill,Week3,Rolling Valley,Week5,222.0 Old Keene Mill - 180.0 Rolling Valley
Old Keene Mill,Week5,Rutherford,Week1,220.0 Old Keene Mill - 182.0 Rutherford
Old Keene Mill,Week2,Canterbury Woods,Week2,209.0 Canterbury Woods - 193.0 Old Keene Mill
Old Keene Mill,Week1,Laurel Hill,Week3,206.0 Laurel Hill - 192.0 Old Keene Mill
Old Keene Mill,Week2,Highland Park,Week3,247.0 Highland Park - 155.0 Old Keene Mill
Old Keene Mill,Week4,Langley,Week5,296.0 Langley - 106.0 Old Keene Mill
Old Keene Mill,Week2,Highland Park,Week5,264.0 Highland Park - 138.0 Old Keene Mill
Old Keene Mill,Week5,Truro,Week3,219.0 Old Keene Mill - 183.0 Truro
Old Keene Mill,Week5,Waynewood,Week4,284.0 Waynewood - 118.0 Old Keene Mill
Old Keene Mill,Week4,Waynewood,Week4,306.0 Waynewood - 96.0 Old Keene Mill
Old Keene Mill,Week4,Rolling Valley,Week5,209.0 Old Keene Mill - 193.0 Rolling Valley
Old Keene Mill,Week4,Canterbury Woods,Week5,225.0 Canterbury Woods - 177.0 Old Keene Mill
Old Keene Mill,Week3,Highland Park,Week1,271.5 Highland Park - 130.5 Old Keene Mill
Old Keene Mill,Week3,Truro,Week1,214.5 Old Keene Mill - 187.5 Truro
Old Keene Mill,Week2,Tuckahoe,Week3,364.0 Tuckahoe - 38.0 Old Keene Mill
Old Keene Mill,Week5,High Point Pool,Week1,260.0 High Point Pool - 142.0 Old Keene Mill
Old Keene Mill,Week2,Rutherford,Week4,209.0 Rutherford - 193.0 Old Keene Mill
Old Keene Mill,Week3,Truro,Week3,226.0 Old Keene Mill - 176.0 Truro
Old Keene Mill,Week5,Canterbury Woods,Week2,204.0 Canterbury Woods - 198.0 Old Keene Mill
Old Keene Mill,Week5,Highland Park,Week1,255.0 Highland Park - 147.0 Old Keene Mill
Old Keene Mill,Week1,Cardinal Hill,Week2,297.0 Cardinal Hill - 105.0 Old Keene Mill
Old Keene Mill,Week4,Canterbury Woods,Week3,216.0 Canterbury Woods - 186.0 Old Keene Mill
Old Keene Mill,Week3,Highland Park,Week5,270.5 Highland Park - 131.5 Old Keene Mill
Old Keene Mill,Week2,Lee Graham,Week2,320.0 Lee Graham - 82.0 Old Keene Mill
Old Keene Mill,Week1,Lee Graham,Week3,338.0 Lee Graham - 64.0 Old Keene Mill
Old Keene Mill,Week2,Cardinal Hill,Week1,300.0 Cardinal Hill - 102.0 Old Keene Mill
Old Keene Mill,Week4,Rolling Valley,Week3,212.0 Old Keene Mill - 190.0 Rolling Valley
Old Keene Mill,Week5,Waynewood,Week2,279.0 Waynewood - 123.0 Old Keene Mill
Old Keene Mill,Week1,Waynewood,Week3,324.0 Waynewood - 78.0 Old Keene Mill
Old Keene Mill,Week1,Lee Graham,Week4,323.0 Lee Graham - 79.0 Old Keene Mill
Old Keene Mill,Week2,Woodley,Week1,210.0 Old Keene Mill - 192.0 Woodley
Old Keene Mill,Week2,Waynewood,Week4,297.0 Waynewood - 105.0 Old Keene Mill
Old Keene Mill,Week2,Rolling Valley,Week4,218.0 Old Keene Mill - 184.0 Rolling Valley
Old Keene Mill,Week1,Rutherford,Week4,218.0 Rutherford - 184.0 Old Keene Mill
Old Keene Mill,Week1,Cardinal Hill,Week3,322.0 Cardinal Hill - 80.0 Old Keene Mill
Old Keene Mill,Week4,Highland Park,Week4,281.0 Highland Park - 121.0 Old Keene Mill
Old Keene Mill,Week4,Highland Park,Week2,269.0 Highland Park - 133.0 Old Keene Mill
Old Keene Mill,Week4,Truro,Week4,231.5 Truro - 170.5 Old Keene Mill
Old Keene Mill,Week2,Highlands Swim,Week1,317.0 Highlands Swim - 85.0 Old Keene Mill
Old Keene Mill,Week5,Rolling Valley,Week3,248.0 Old Keene Mill - 149.0 Rolling Valley
Old Keene Mill,Week4,Laurel Hill,Week5,212.0 Laurel Hill - 189.0 Old Keene Mill
Old Keene Mill,Week2,Cardinal Hill,Week2,277.0 Cardinal Hill - 125.0 Old Keene Mill
Old Keene Mill,Week3,Waynewood,Week1,271.0 Waynewood - 131.0 Old Keene Mill
Old Keene Mill,Week3,Rolling Valley,Week1,267.0 Old Keene Mill - 135.0 Rolling Valley
Old Keene Mill,Week5,Truro,Week4,203.5 Old Keene Mill - 198.5 Truro
Old Keene Mill,Week2,Truro,Week1,212.0 Old Keene Mill - 190.0 Truro
Old Keene Mill,Week2,Woodley,Week5,204.0 Woodley - 198.0 Old Keene Mill
Old Keene Mill,Week3,Truro,Week5,201.0 Old Keene Mill - 201.0 Truro
Old Keene Mill,Week4,Truro,Week3,202.0 Truro - 200.0 Old Keene Mill
Old Keene Mill,Week3,Laurel Hill,Week3,224.0 Old Keene Mill - 177.0 Laurel Hill
Old Keene Mill,Week2,Highlands Swim,Week2,331.0 Highlands Swim - 71.0 Old Keene Mill
Old Keene Mill,Week4,Laurel Hill,Week1,227.0 Old Keene Mill - 171.0 Laurel Hill
Old Keene Mill,Week3,Rolling Valley,Week3,235.0 Old Keene Mill - 167.0 Rolling Valley
Old Keene Mill,Week4,Rolling Valley,Week4,220.0 Old Keene Mill - 182.0 Rolling Valley
Old Keene Mill,Week1,Cardinal Hill,Week5,309.0 Cardinal Hill - 93.0 Old Keene Mill
Old Keene Mill,Week2,Highlands Swim,Week5,330.0 Highlands Swim - 72.0 Old Keene Mill
Old Keene Mill,Week5,Canterbury Woods,Week1,203.0 Old Keene Mill - 199.0 Canterbury Woods
Old Keene Mill,Week5,Truro,Week2,222.0 Old Keene Mill - 180.0 Truro
Old Keene Mill,Week1,Highlands Swim,Week1,328.0 Highlands Swim - 74.0 Old Keene Mill
Old Keene Mill,Week2,Cardinal Hill,Week4,287.0 Cardinal Hill - 115.0 Old Keene Mill
Old Keene Mill,Week2,Laurel Hill,Week2,242.0 Old Keene Mill - 160.0 Laurel Hill
Old Keene Mill,Week4,Truro,Week5,213.0 Truro - 189.0 Old Keene Mill
Old Keene Mill,Week4,Waynewood,Week3,326.0 Waynewood - 76.0 Old Keene Mill
Old Keene Mill,Week5,Walden Glen,Week3,205.0 Old Keene Mill - 197.0 Walden Glen
Old Keene Mill,Week2,Highlands Swim,Week4,321.0 Highlands Swim - 81.0 Old Keene Mill
Old Keene Mill,Week4,Truro,Week1,202.0 Old Keene Mill - 200.0 Truro
Old Keene Mill,Week3,Waynewood,Week2,310.0 Waynewood - 92.0 Old Keene Mill
Old Keene Mill,Week5,Rolling Valley,Week2,252.0 Old Keene Mill - 150.0 Rolling Valley
Old Keene Mill,Week1,Rutherford,Week2,211.0 Old Keene Mill - 191.0 Rutherford
Old Keene Mill,Week4,Laurel Hill,Week3,207.0 Old Keene Mill - 194.0 Laurel Hill
Old Keene Mill,Week1,Cardinal Hill,Week4,310.0 Cardinal Hill - 92.0 Old Keene Mill
Old Keene Mill,Week3,Highlands Swim,Week3,318.0 Highlands Swim - 84.0 Old Keene Mill
Old Keene Mill,Week3,Waynewood,Week3,317.0 Waynewood - 85.0 Old Keene Mill
Old Keene Mill,Week2,Cardinal Hill,Week5,291.0 Cardinal Hill - 111.0 Old Keene Mill
Old Keene Mill,Week1,Laurel Hill,Week5,207.0 Laurel Hill - 193.0 Old Keene Mill
Old Keene Mill,Week5,Highland Park,Week2,237.0 Highland Park - 165.0 Old Keene Mill
Old Keene Mill,Week3,Laurel Hill,Week1,254.0 Old Keene Mill - 147.0 Laurel Hill
Old Keene Mill,Week4,Waynewood,Week1,282.0 Waynewood - 120.0 Old Keene Mill
Old Keene Mill,Week1,Tuckahoe,Week5,369.0 Tuckahoe - 33.0 Old Keene Mill
Old Keene Mill,Week3,Highlands Swim,Week2,312.0 Highlands Swim - 90.0 Old Keene Mill
Old Keene Mill,Week1,Rutherford,Week1,211.0 Old Keene Mill - 191.0 Rutherford
Old Keene Mill,Week1,Tuckahoe,Week2,377.0 Tuckahoe - 25.0 Old Keene Mill
Old Keene Mill,Week2,Tuckahoe,Week2,364.0 Tuckahoe - 38.0 Old Keene Mill
Old Keene Mill,Week5,Laurel Hill,Week1,261.5 Old Keene Mill - 139.5 Laurel Hill
Old Keene Mill,Week4,Rolling Valley,Week1,246.0 Old Keene Mill - 155.0 Rolling Valley
Old Keene Mill,Week3,Cardinal Hill,Week3,311.0 Cardinal Hill - 91.0 Old Keene Mill
Old Keene Mill,Week5,Rolling Valley,Week1,262.0 Old Keene Mill - 140.0 Rolling Valley
Old Keene Mill,Week2,Truro,Week4,217.0 Truro - 185.0 Old Keene Mill
Old Keene Mill,Week5,Highland Park,Week3,243.0 Highland Park - 159.0 Old Keene Mill
Old Keene Mill,Week2,Laurel Hill,Week1,244.0 Old Keene Mill - 157.0 Laurel Hill
Old Keene Mill,Week3,Cardinal Hill,Week5,295.0 Cardinal Hill - 107.0 Old Keene Mill
Old Keene Mill,Week3,Cardinal Hill,Week2,279.0 Cardinal Hill - 123.0 Old Keene Mill
Old Keene Mill,Week1,Waynewood,Week5,327.0 Waynewood - 75.0 Old Keene Mill
Old Keene Mill,Week1,Rutherford,Week3,216.0 Rutherford - 186.0 Old Keene Mill
Old Keene Mill,Week3,Truro,Week4,217.0 Truro - 185.0 Old Keene Mill
Old Keene Mill,Week2,Laurel Hill,Week3,209.0 Old Keene Mill - 193.0 Laurel Hill
Old Keene Mill,Week2,Rutherford,Week2,222.0 Old Keene Mill - 180.0 Rutherford
Old Keene Mill,Week1,Truro,Week4,237.0 Truro - 165.0 Old Keene Mill
Old Keene Mill,Week5,Walden Glen,Week4,224.0 Walden Glen - 178.0 Old Keene Mill
Old Keene Mill,Week5,Walden Glen,Week5,227.5 Walden Glen - 174.5 Old Keene Mill
Old Keene Mill,Week1,Truro,Week5,216.0 Truro - 186.0 Old Keene Mill
Old Keene Mill,Week3,Highlands Swim,Week1,303.0 Highlands Swim - 99.0 Old Keene Mill
Old Keene Mill,Week2,Laurel Hill,Week5,203.0 Laurel Hill - 199.0 Old Keene Mill
Old Keene Mill,Week2,Highlands Swim,Week3,332.0 Highlands Swim - 70.0 Old Keene Mill
Old Keene Mill,Week2,Rolling Valley,Week5,213.0 Old Keene Mill - 189.0 Rolling Valley
Old Keene Mill,Week4,Highland Park,Week5,276.0 Highland Park - 126.0 Old Keene Mill
Old Keene Mill,Week3,Truro,Week2,216.0 Old Keene Mill - 186.0 Truro
Old Keene Mill,Week3,Waynewood,Week4,299.0 Waynewood - 103.0 Old Keene Mill
Old Keene Mill,Week3,Highlands Swim,Week4,319.0 Highlands Swim - 83.0 Old Keene Mill
Old Keene Mill,Week2,Rutherford,Week5,204.0 Old Keene Mill - 198.0 Rutherford
Old Keene Mill,Week2,Laurel Hill,Week4,221.0 Old Keene Mill - 181.0 Laurel Hill
Old Keene Mill,Week3,Cardinal Hill,Week1,311.0 Cardinal Hill - 91.0 Old Keene Mill
Old Keene Mill,Week3,Laurel Hill,Week5,203.0 Old Keene Mill - 199.0 Laurel Hill
Old Keene Mill,Week4,Cardinal Hill,Week1,311.0 Cardinal Hill - 91.0 Old Keene Mill
Old Keene Mill,Week1,Waynewood,Week4,305.0 Waynewood - 97.0 Old Keene Mill
Old Keene Mill,Week3,Cardinal Hill,Week4,306.0 Cardinal Hill - 96.0 Old Keene Mill
Old Keene Mill,Week1,Woodley,Week1,206.0 Woodley - 196.0 Old Keene Mill
Old Keene Mill,Week5,Highland Park,Week4,253.0 Highland Park - 149.0 Old Keene Mill
Old Keene Mill,Week4,Highland Park,Week3,252.0 Highland Park - 150.0 Old Keene Mill
Old Keene Mill,Week4,Waynewood,Week5,332.0 Waynewood - 70.0 Old Keene Mill
Old Keene Mill,Week2,Truro,Week5,205.0 Truro - 197.0 Old Keene Mill
Old Keene Mill,Week1,Waynewood,Week1,291.0 Waynewood - 111.0 Old Keene Mill
Old Keene Mill,Week3,Rutherford,Week2,213.0 Old Keene Mill - 189.0 Rutherford
Old Keene Mill,Week3,Waynewood,Week5,321.0 Waynewood - 81.0 Old Keene Mill
Old Keene Mill,Week4,Cardinal Hill,Week2,289.0 Cardinal Hill - 113.0 Old Keene Mill
Old Keene Mill,Week4,Cardinal Hill,Week4,307.0 Cardinal Hill - 95.0 Old Keene Mill
Old Keene Mill,Week3,Rutherford,Week3,212.0 Rutherford - 190.0 Old Keene Mill
Old Keene Mill,Week4,Laurel Hill,Week4,209.0 Old Keene Mill - 193.0 Laurel Hill
Old Keene Mill,Week4,Cardinal Hill,Week5,300.0 Cardinal Hill - 102.0 Old Keene Mill
Old Keene Mill,Week3,Rutherford,Week1,216.0 Old Keene Mill - 186.0 Rutherford
Old Keene Mill,Week1,Tuckahoe,Week1,358.0 Tuckahoe - 44.0 Old Keene Mill
Old Keene Mill,Week5,Great Falls,Week3,248.0 Great Falls - 154.0 Old Keene Mill
Old Keene Mill,Week4,Great Falls,Week4,262.0 Great Falls - 140.0 Old Keene Mill
Old Keene Mill,Week5,Cardinal Hill,Week1,286.0 Cardinal Hill - 116.0 Old Keene Mill
Old Keene Mill,Week5,Waynewood,Week5,316.0 Waynewood - 86.0 Old Keene Mill
Old Keene Mill,Week4,Cardinal Hill,Week3,322.0 Cardinal Hill - 80.0 Old Keene Mill
Old Keene Mill,Week4,Great Falls,Week1,250.0 Great Falls - 152.0 Old Keene Mill
Old Keene Mill,Week3,Great Falls,Week4,241.0 Great Falls - 161.0 Old Keene Mill
Old Keene Mill,Week1,Highlands Swim,Week4,336.0 Highlands Swim - 66.0 Old Keene Mill
Old Keene Mill,Week1,Highlands Swim,Week2,343.0 Highlands Swim - 59.0 Old Keene Mill
Old Keene Mill,Week4,Rutherford,Week1,214.0 Old Keene Mill - 188.0 Rutherford
Old Keene Mill,Week5,Laurel Hill,Week3,222.0 Old Keene Mill - 179.0 Laurel Hill
Old Keene Mill,Week2,Truro,Week3,204.0 Old Keene Mill - 198.0 Truro
Old Keene Mill,Week4,Laurel Hill,Week2,241.0 Old Keene Mill - 161.0 Laurel Hill
Old Keene Mill,Week3,Laurel Hill,Week4,231.0 Old Keene Mill - 171.0 Laurel Hill
Old Keene Mill,Week2,Waynewood,Week2,300.0 Waynewood - 102.0 Old Keene Mill
Old Keene Mill,Week5,Laurel Hill,Week2,264.0 Old Keene Mill - 133.0 Laurel Hill
Old Keene Mill,Week5,Highland Park,Week5,245.0 Highland Park - 157.0 Old Keene Mill
Old Keene Mill,Week4,Truro,Week2,210.0 Old Keene Mill - 192.0 Truro
Old Keene Mill,Week3,Rutherford,Week4,207.0 Rutherford - 195.0 Old Keene Mill
Old Keene Mill,Week1,Greenbriar,Week4,254.5 Greenbriar - 147.5 Old Keene Mill
Old Keene Mill,Week2,Truro,Week2,214.0 Old Keene Mill - 188.0 Truro
Old Keene Mill,Week1,Chesterbrook,Week4,378.0 Chesterbrook - 24.0 Old Keene Mill
Old Keene Mill,Week4,Chesterbrook,Week4,370.0 Chesterbrook - 32.0 Old Keene Mill
Old Keene Mill,Week5,Rutherford,Week5,209.0 Old Keene Mill - 193.0 Rutherford
Old Keene Mill,Week1,Great Falls,Week1,245.0 Great Falls - 156.0 Old Keene Mill
Old Keene Mill,Week5,Laurel Hill,Week5,213.0 Old Keene Mill - 188.0 Laurel Hill
Old Keene Mill,Week1,Woodley,Week2,204.0 Old Keene Mill - 198.0 Woodley
Old Keene Mill,Week5,Cardinal Hill,Week4,283.0 Cardinal Hill - 119.0 Old Keene Mill
Old Keene Mill,Week1,Lee Graham,Week5,338.0 Lee Graham - 64.0 Old Keene Mill
Old Keene Mill,Week5,Truro,Week1,225.0 Old Keene Mill - 177.0 Truro
Old Keene Mill,Week1,Greenbriar,Week1,274.0 Greenbriar - 128.0 Old Keene Mill
Old Keene Mill,Week3,Laurel Hill,Week2,248.0 Old Keene Mill - 154.0 Laurel Hill
Old Keene Mill,Week2,Woodley,Week2,221.0 Old Keene Mill - 181.0 Woodley
Old Keene Mill,Week1,Lee Graham,Week1,317.0 Lee Graham - 85.0 Old Keene Mill
Orange Hunt,Week5,Daventry,Week3,314.0 Orange Hunt - 88.0 Daventry
Old Keene Mill,Week2,Lee Graham,Week1,293.0 Lee Graham - 109.0 Old Keene Mill
Old Keene Mill,Week1,Woodley,Week4,203.0 Old Keene Mill - 199.0 Woodley
Old Keene Mill,Week2,Chesterbrook,Week5,370.0 Chesterbrook - 32.0 Old Keene Mill
Old Keene Mill,Week1,Highlands Swim,Week3,334.0 Highlands Swim - 68.0 Old Keene Mill
Old Keene Mill,Week2,Tuckahoe,Week4,367.0 Tuckahoe - 35.0 Old Keene Mill
Old Keene Mill,Week1,Great Falls,Week4,241.0 Great Falls - 160.0 Old Keene Mill
Old Keene Mill,Week4,Rutherford,Week5,214.0 Rutherford - 188.0 Old Keene Mill
Orange Hunt,Week3,Daventry,Week4,316.0 Orange Hunt - 86.0 Daventry
Old Keene Mill,Week4,Rutherford,Week2,220.0 Old Keene Mill - 182.0 Rutherford
Old Keene Mill,Week4,Rutherford,Week3,209.0 Rutherford - 193.0 Old Keene Mill
Old Keene Mill,Week1,Chesterbrook,Week3,379.0 Chesterbrook - 23.0 Old Keene Mill
Old Keene Mill,Week1,Tuckahoe,Week3,372.0 Tuckahoe - 30.0 Old Keene Mill
Old Keene Mill,Week2,Tuckahoe,Week1,354.0 Tuckahoe - 48.0 Old Keene Mill
Old Keene Mill,Week3,Rutherford,Week5,202.0 Rutherford - 200.0 Old Keene Mill
Old Keene Mill,Week1,Highlands Swim,Week5,341.0 Highlands Swim - 61.0 Old Keene Mill
Old Keene Mill,Week1,Tuckahoe,Week4,370.0 Tuckahoe - 32.0 Old Keene Mill
Old Keene Mill,Week1,Woodley,Week5,204.0 Woodley - 198.0 Old Keene Mill
Old Keene Mill,Week1,Great Falls,Week5,255.0 Great Falls - 147.0 Old Keene Mill
Old Keene Mill,Week1,Greenbriar,Week2,280.0 Greenbriar - 122.0 Old Keene Mill
Old Keene Mill,Week2,Shouse Village,Week2,241.0 Shouse Village - 161.0 Old Keene Mill
Old Keene Mill,Week5,Laurel Hill,Week4,251.0 Old Keene Mill - 150.0 Laurel Hill
Old Keene Mill,Week1,Shouse Village,Week1,260.0 Shouse Village - 142.0 Old Keene Mill
Old Keene Mill,Week2,Woodley,Week4,218.0 Old Keene Mill - 184.0 Woodley
Old Keene Mill,Week3,Tuckahoe,Week2,366.0 Tuckahoe - 36.0 Old Keene Mill
Old Keene Mill,Week2,Chesterbrook,Week3,375.0 Chesterbrook - 27.0 Old Keene Mill
Old Keene Mill,Week1,Woodley,Week3,202.0 Old Keene Mill - 200.0 Woodley
Old Keene Mill,Week1,Shouse Village,Week5,271.0 Shouse Village - 131.0 Old Keene Mill
Old Keene Mill,Week3,Tuckahoe,Week1,355.0 Tuckahoe - 47.0 Old Keene Mill
Orange Hunt,Week1,Dominion Hills,Week3,216.0 Orange Hunt - 186.0 Dominion Hills
Old Keene Mill,Week3,Tuckahoe,Week4,375.0 Tuckahoe - 27.0 Old Keene Mill
Old Keene Mill,Week5,Great Falls,Week2,204.0 Great Falls - 179.0 Old Keene Mill
Old Keene Mill,Week5,Chesterbrook,Week5,361.0 Chesterbrook - 41.0 Old Keene Mill
Old Keene Mill,Week1,Lincolnia Park,Week3,200.0 Old Keene Mill - 192.0 Lincolnia Park
Orange Hunt,Week4,Daventry,Week3,306.0 Orange Hunt - 95.0 Daventry
Old Keene Mill,Week4,Great Falls,Week2,239.0 Great Falls - 145.0 Old Keene Mill
Old Keene Mill,Week2,Lee Graham,Week5,323.0 Lee Graham - 79.0 Old Keene Mill
Old Keene Mill,Week5,Woodley,Week2,233.0 Old Keene Mill - 169.0 Woodley
Orange Hunt,Week2,Daventry,Week1,297.0 Orange Hunt - 105.0 Daventry
Old Keene Mill,Week2,Woodley,Week3,211.0 Old Keene Mill - 191.0 Woodley
Old Keene Mill,Week3,Woodley,Week3,219.0 Old Keene Mill - 183.0 Woodley
Old Keene Mill,Week2,Shouse Village,Week3,262.0 Shouse Village - 140.0 Old Keene Mill
Old Keene Mill,Week4,Tuckahoe,Week3,377.0 Tuckahoe - 25.0 Old Keene Mill
Old Keene Mill,Week2,Lee Graham,Week3,326.0 Lee Graham - 76.0 Old Keene Mill
Orange Hunt,Week5,Daventry,Week2,321.0 Orange Hunt - 81.0 Daventry
Orange Hunt,Week3,Daventry,Week3,305.0 Orange Hunt - 97.0 Daventry
Old Keene Mill,Week3,Great Falls,Week3,277.0 Great Falls - 125.0 Old Keene Mill
Old Keene Mill,Week5,Chesterbrook,Week3,371.0 Chesterbrook - 31.0 Old Keene Mill
Old Keene Mill,Week3,Chesterbrook,Week1,356.0 Chesterbrook - 46.0 Old Keene Mill
Old Keene Mill,Week1,Lee Graham,Week2,332.0 Lee Graham - 70.0 Old Keene Mill
Old Keene Mill,Week2,Great Falls,Week1,235.0 Great Falls - 167.0 Old Keene Mill
Old Keene Mill,Week4,Shouse Village,Week3,275.0 Shouse Village - 127.0 Old Keene Mill
Old Keene Mill,Week4,Tuckahoe,Week2,375.0 Tuckahoe - 27.0 Old Keene Mill
Old Keene Mill,Week2,Great Falls,Week2,227.0 Great Falls - 157.0 Old Keene Mill
Old Keene Mill,Week3,Shouse Village,Week1,251.0 Shouse Village - 151.0 Old Keene Mill
Old Keene Mill,Week2,Commonwealth,Week3,205.0 Old Keene Mill - 197.0 Commonwealth
Old Keene Mill,Week3,Lee Graham,Week2,325.0 Lee Graham - 77.0 Old Keene Mill
Old Keene Mill,Week4,Chesterbrook,Week3,375.0 Chesterbrook - 27.0 Old Keene Mill
Old Keene Mill,Week2,Great Falls,Week3,268.0 Great Falls - 134.0 Old Keene Mill
Old Keene Mill,Week5,Cardinal Hill,Week2,277.0 Cardinal Hill - 125.0 Old Keene Mill
Old Keene Mill,Week5,Lee Graham,Week2,311.0 Lee Graham - 91.0 Old Keene Mill
Orange Hunt,Week3,Dominion Hills,Week4,203.0 Orange Hunt - 199.0 Dominion Hills
Old Keene Mill,Week4,Tuckahoe,Week1,364.0 Tuckahoe - 38.0 Old Keene Mill
Orange Hunt,Week1,Daventry,Week4,306.0 Orange Hunt - 96.0 Daventry
Orange Hunt,Week2,Daventry,Week4,306.0 Orange Hunt - 96.0 Daventry
Orange Hunt,Week2,Dominion Hills,Week5,211.0 Dominion Hills - 191.0 Orange Hunt
Old Keene Mill,Week2,Chesterbrook,Week2,372.0 Chesterbrook - 30.0 Old Keene Mill
Old Keene Mill,Week3,Tuckahoe,Week5,362.0 Tuckahoe - 40.0 Old Keene Mill
Old Keene Mill,Week5,Woodley,Week5,213.0 Old Keene Mill - 189.0 Woodley
Old Keene Mill,Week3,Greenbriar,Week5,250.0 Greenbriar - 152.0 Old Keene Mill
Old Keene Mill,Week4,Tuckahoe,Week4,380.0 Tuckahoe - 22.0 Old Keene Mill
Orange Hunt,Week1,Annandale,Week1,286.0 Orange Hunt - 116.0 Annandale
Old Keene Mill,Week5,Woodley,Week4,216.0 Old Keene Mill - 186.0 Woodley
Old Keene Mill,Week3,Woodley,Week2,216.0 Old Keene Mill - 186.0 Woodley
Old Keene Mill,Week3,Chesterbrook,Week4,369.0 Chesterbrook - 33.0 Old Keene Mill
Old Keene Mill,Week1,Lincolnia Park,Week2,248.0 Old Keene Mill - 141.0 Lincolnia Park
Old Keene Mill,Week4,Woodley,Week1,207.0 Old Keene Mill - 195.0 Woodley
Old Keene Mill,Week5,Lee Graham,Week4,300.0 Lee Graham - 102.0 Old Keene Mill
Old Keene Mill,Week4,Tuckahoe,Week5,375.0 Tuckahoe - 27.0 Old Keene Mill
Orange Hunt,Week4,Daventry,Week4,307.0 Orange Hunt - 95.0 Daventry
Old Keene Mill,Week4,Great Falls,Week5,283.0 Great Falls - 118.0 Old Keene Mill
Old Keene Mill,Week5,Tuckahoe,Week5,356.0 Tuckahoe - 46.0 Old Keene Mill
Old Keene Mill,Week3,Shouse Village,Week5,263.5 Shouse Village - 138.5 Old Keene Mill
Old Keene Mill,Week3,Shouse Village,Week4,274.0 Shouse Village - 128.0 Old Keene Mill
Old Keene Mill,Week3,Great Falls,Week1,229.0 Great Falls - 173.0 Old Keene Mill
Old Keene Mill,Week4,Shouse Village,Week1,265.0 Shouse Village - 137.0 Old Keene Mill
Old Keene Mill,Week3,Lincolnia Park,Week1,257.0 Old Keene Mill - 145.0 Lincolnia Park
Orange Hunt,Week1,Annandale,Week3,270.0 Orange Hunt - 132.0 Annandale
Orange Hunt,Week4,Dominion Hills,Week4,204.5 Dominion Hills - 192.5 Orange Hunt
Old Keene Mill,Week5,Chesterbrook,Week4,365.0 Chesterbrook - 37.0 Old Keene Mill
Old Keene Mill,Week4,Woodley,Week4,214.0 Old Keene Mill - 188.0 Woodley
Old Keene Mill,Week5,Rutherford,Week4,203.0 Old Keene Mill - 194.0 Rutherford
Old Keene Mill,Week4,Woodley,Week5,211.0 Woodley - 191.0 Old Keene Mill
Old Keene Mill,Week2,Great Falls,Week4,241.0 Great Falls - 161.0 Old Keene Mill
Old Keene Mill,Week5,Tuckahoe,Week4,364.0 Tuckahoe - 38.0 Old Keene Mill
Orange Hunt,Week1,Daventry,Week5,280.0 Orange Hunt - 122.0 Daventry
Orange Hunt,Week3,Daventry,Week1,299.0 Orange Hunt - 103.0 Daventry
Old Keene Mill,Week3,Shouse Village,Week3,263.0 Shouse Village - 139.0 Old Keene Mill
Old Keene Mill,Week3,Great Falls,Week5,266.0 Great Falls - 135.0 Old Keene Mill
Old Keene Mill,Week3,Tuckahoe,Week3,368.5 Tuckahoe - 33.5 Old Keene Mill
Old Keene Mill,Week1,Vienna Aquatic,Week1,351.0 Vienna Aquatic - 51.0 Old Keene Mill
Old Keene Mill,Week4,Commonwealth,Week1,234.0 Old Keene Mill - 168.0 Commonwealth
Orange Hunt,Week2,Daventry,Week5,289.0 Orange Hunt - 113.0 Daventry
Old Keene Mill,Week2,Lincolnia Park,Week2,243.0 Old Keene Mill - 149.0 Lincolnia Park
Orange Hunt,Week4,Dominion Hills,Week1,225.0 Orange Hunt - 177.0 Dominion Hills
Old Keene Mill,Week4,Chesterbrook,Week1,358.0 Chesterbrook - 44.0 Old Keene Mill
Old Keene Mill,Week2,Great Falls,Week5,261.0 Great Falls - 140.0 Old Keene Mill
Old Keene Mill,Week3,Woodley,Week1,225.0 Old Keene Mill - 177.0 Woodley
Old Keene Mill,Week2,Shouse Village,Week1,251.0 Shouse Village - 151.0 Old Keene Mill
Old Keene Mill,Week5,Fox Mill Woods,Week5,290.0 Fox Mill Woods - 112.0 Old Keene Mill
Old Keene Mill,Week4,Lee Graham,Week2,334.0 Lee Graham - 68.0 Old Keene Mill
Old Keene Mill,Week5,Shouse Village,Week2,243.0 Shouse Village - 159.0 Old Keene Mill
Old Keene Mill,Week5,Woodley,Week1,245.0 Old Keene Mill - 157.0 Woodley
Old Keene Mill,Week4,Lincolnia Park,Week5,221.0 Old Keene Mill - 172.0 Lincolnia Park
Old Keene Mill,Week2,Lincolnia Park,Week5,226.0 Old Keene Mill - 167.0 Lincolnia Park
Old Keene Mill,Week3,Commonwealth,Week2,205.0 Commonwealth - 197.0 Old Keene Mill
Old Keene Mill,Week4,Shouse Village,Week5,284.0 Shouse Village - 118.0 Old Keene Mill
Old Keene Mill,Week5,Tuckahoe,Week2,352.0 Tuckahoe - 50.0 Old Keene Mill
Old Keene Mill,Week2,Chesterbrook,Week4,366.5 Chesterbrook - 35.5 Old Keene Mill
Old Keene Mill,Week5,Tuckahoe,Week1,341.0 Tuckahoe - 61.0 Old Keene Mill
Old Keene Mill,Week4,Lincolnia Park,Week1,244.0 Old Keene Mill - 158.0 Lincolnia Park
Old Keene Mill,Week5,Great Falls,Week1,215.0 Great Falls - 186.0 Old Keene Mill
Orange Hunt,Week3,Daventry,Week2,306.0 Orange Hunt - 95.0 Daventry
Old Keene Mill,Week5,Rutherford,Week2,219.0 Old Keene Mill - 183.0 Rutherford
Orange Hunt,Week1,Annandale,Week5,272.0 Orange Hunt - 130.0 Annandale
Old Keene Mill,Week3,Lee Graham,Week3,314.0 Lee Graham - 88.0 Old Keene Mill
Old Keene Mill,Week4,Shouse Village,Week2,251.0 Shouse Village - 151.0 Old Keene Mill
Old Keene Mill,Week1,Lincolnia Park,Week1,245.0 Old Keene Mill - 155.0 Lincolnia Park
Old Keene Mill,Week4,Great Falls,Week3,293.0 Great Falls - 109.0 Old Keene Mill
Old Keene Mill,Week2,Tuckahoe,Week5,359.0 Tuckahoe - 43.0 Old Keene Mill
Old Keene Mill,Week5,Tuckahoe,Week3,367.0 Tuckahoe - 35.0 Old Keene Mill
Orange Hunt,Week1,Annandale,Week4,287.0 Orange Hunt - 115.0 Annandale
Orange Hunt,Week4,Daventry,Week2,308.0 Orange Hunt - 93.0 Daventry
Old Keene Mill,Week1,Chesterbrook,Week1,360.0 Chesterbrook - 42.0 Old Keene Mill
Old Keene Mill,Week5,Cardinal Hill,Week3,300.0 Cardinal Hill - 102.0 Old Keene Mill
Old Keene Mill,Week1,Great Falls,Week3,282.0 Great Falls - 120.0 Old Keene Mill
Orange Hunt,Week4,Daventry,Week5,280.0 Orange Hunt - 122.0 Daventry
Old Keene Mill,Week3,Great Falls,Week2,228.0 Great Falls - 156.0 Old Keene Mill
Old Keene Mill,Week1,Vienna Aquatic,Week2,345.0 Vienna Aquatic - 57.0 Old Keene Mill
Old Keene Mill,Week2,Shouse Village,Week4,270.0 Shouse Village - 132.0 Old Keene Mill
Old Keene Mill,Week1,Chesterbrook,Week2,375.0 Chesterbrook - 27.0 Old Keene Mill
Old Keene Mill,Week1,Great Falls,Week2,251.0 Great Falls - 133.0 Old Keene Mill
Old Keene Mill,Week2,Shouse Village,Week5,261.0 Shouse Village - 141.0 Old Keene Mill
Orange Hunt,Week2,Annandale,Week4,288.0 Orange Hunt - 114.0 Annandale
Old Keene Mill,Week1,Vienna Aquatic,Week3,350.0 Vienna Aquatic - 52.0 Old Keene Mill
Old Keene Mill,Week3,Chesterbrook,Week5,369.0 Chesterbrook - 33.0 Old Keene Mill
Orange Hunt,Week1,Dominion Hills,Week4,208.0 Dominion Hills - 194.0 Orange Hunt
Orange Hunt,Week2,Annandale,Week2,279.0 Orange Hunt - 123.0 Annandale
Old Keene Mill,Week3,Lincolnia Park,Week3,217.0 Old Keene Mill - 176.0 Lincolnia Park
Old Keene Mill,Week3,Lee Graham,Week4,313.0 Lee Graham - 89.0 Old Keene Mill
Old Keene Mill,Week1,Shouse Village,Week4,280.0 Shouse Village - 122.0 Old Keene Mill
Old Keene Mill,Week5,Cardinal Hill,Week5,281.0 Cardinal Hill - 121.0 Old Keene Mill
Old Keene Mill,Week5,Great Falls,Week5,234.0 Great Falls - 166.0 Old Keene Mill
Old Keene Mill,Week1,Chesterbrook,Week5,378.0 Chesterbrook - 24.0 Old Keene Mill
Old Keene Mill,Week1,Vienna Aquatic,Week5,360.0 Vienna Aquatic - 42.0 Old Keene Mill
Orange Hunt,Week3,Annandale,Week1,291.0 Orange Hunt - 111.0 Annandale
Old Keene Mill,Week2,Lee Graham,Week4,315.0 Lee Graham - 87.0 Old Keene Mill
Old Keene Mill,Week1,Vienna Aquatic,Week4,337.0 Vienna Aquatic - 65.0 Old Keene Mill
Old Keene Mill,Week4,Lee Graham,Week5,334.0 Lee Graham - 68.0 Old Keene Mill
Old Keene Mill,Week3,Shouse Village,Week2,234.0 Shouse Village - 168.0 Old Keene Mill
Old Keene Mill,Week4,Woodley,Week3,214.0 Old Keene Mill - 188.0 Woodley
Old Keene Mill,Week1,Greenbriar,Week3,278.0 Greenbriar - 124.0 Old Keene Mill
Orange Hunt,Week1,Dominion Hills,Week5,224.0 Dominion Hills - 178.0 Orange Hunt
Old Keene Mill,Week5,Great Falls,Week4,224.0 Great Falls - 177.0 Old Keene Mill
Orange Hunt,Week3,Daventry,Week5,288.0 Orange Hunt - 114.0 Daventry
Old Keene Mill,Week1,Shouse Village,Week3,270.0 Shouse Village - 132.0 Old Keene Mill
Old Keene Mill,Week4,Woodley,Week2,210.0 Old Keene Mill - 192.0 Woodley
Old Keene Mill,Week4,Chesterbrook,Week5,376.0 Chesterbrook - 26.0 Old Keene Mill
Old Keene Mill,Week4,Lee Graham,Week1,311.0 Lee Graham - 91.0 Old Keene Mill
Orange Hunt,Week2,Annandale,Week5,271.0 Orange Hunt - 131.0 Annandale
Old Keene Mill,Week4,Chesterbrook,Week2,373.0 Chesterbrook - 29.0 Old Keene Mill
Old Keene Mill,Week3,Woodley,Week5,208.0 Old Keene Mill - 194.0 Woodley
Orange Hunt,Week2,Annandale,Week3,266.5 Orange Hunt - 135.5 Annandale
Orange Hunt,Week2,Daventry,Week3,303.0 Orange Hunt - 98.0 Daventry
Old Keene Mill,Week3,Chesterbrook,Week2,371.5 Chesterbrook - 30.5 Old Keene Mill
Old Keene Mill,Week1,Shouse Village,Week2,250.0 Shouse Village - 152.0 Old Keene Mill
Old Keene Mill,Week3,Lee Graham,Week5,314.0 Lee Graham - 88.0 Old Keene Mill
Old Keene Mill,Week2,Greenbriar,Week2,268.0 Greenbriar - 134.0 Old Keene Mill
Old Keene Mill,Week2,Greenbriar,Week3,252.0 Greenbriar - 150.0 Old Keene Mill
Orange Hunt,Week4,Daventry,Week1,296.0 Orange Hunt - 106.0 Daventry
Old Keene Mill,Week2,Chesterbrook,Week1,357.0 Chesterbrook - 45.0 Old Keene Mill
Old Keene Mill,Week3,Lee Graham,Week1,302.0 Lee Graham - 100.0 Old Keene Mill
Old Keene Mill,Week2,Greenbriar,Week1,264.0 Greenbriar - 138.0 Old Keene Mill
Orange Hunt,Week2,Daventry,Week2,306.0 Orange Hunt - 95.0 Daventry
Old Keene Mill,Week4,Shouse Village,Week4,293.0 Shouse Village - 109.0 Old Keene Mill
Orange Hunt,Week5,Daventry,Week1,313.0 Orange Hunt - 89.0 Daventry
Old Keene Mill,Week5,Rutherford,Week3,202.0 Old Keene Mill - 195.0 Rutherford
Old Keene Mill,Week3,Woodley,Week4,218.0 Old Keene Mill - 184.0 Woodley
Old Keene Mill,Week4,Lee Graham,Week4,330.0 Lee Graham - 72.0 Old Keene Mill
Old Keene Mill,Week3,Greenbriar,Week2,267.0 Greenbriar - 135.0 Old Keene Mill
Old Keene Mill,Week5,Chesterbrook,Week1,348.0 Chesterbrook - 54.0 Old Keene Mill
Orange Hunt,Week2,Dominion Hills,Week1,226.0 Orange Hunt - 176.0 Dominion Hills
Old Keene Mill,Week1,Commonwealth,Week4,203.0 Old Keene Mill - 199.0 Commonwealth
Orange Hunt,Week3,Annandale,Week5,281.0 Orange Hunt - 121.0 Annandale
Orange Hunt,Week2,Annandale,Week1,287.0 Orange Hunt - 115.0 Annandale
Orange Hunt,Week1,Dominion Hills,Week1,210.0 Orange Hunt - 192.0 Dominion Hills
Old Keene Mill,Week3,Chesterbrook,Week3,374.0 Chesterbrook - 28.0 Old Keene Mill
Old Keene Mill,Week5,Sideburn Run,Week2,230.0 Sideburn Run - 172.0 Old Keene Mill
Old Keene Mill,Week1,Commonwealth,Week1,221.0 Old Keene Mill - 180.0 Commonwealth
Orange Hunt,Week1,Dominion Hills,Week2,208.0 Dominion Hills - 194.0 Orange Hunt
Old Keene Mill,Week1,Sideburn Run,Week3,271.0 Sideburn Run - 131.0 Old Keene Mill
Old Keene Mill,Week2,Greenbriar,Week5,252.0 Greenbriar - 150.0 Old Keene Mill
Old Keene Mill,Week5,Lee Graham,Week1,303.0 Lee Graham - 99.0 Old Keene Mill
Old Keene Mill,Week5,Lee Graham,Week3,305.0 Lee Graham - 97.0 Old Keene Mill
Old Keene Mill,Week4,Lee Graham,Week3,330.0 Lee Graham - 72.0 Old Keene Mill
Old Keene Mill,Week4,Sideburn Run,Week4,266.0 Sideburn Run - 136.0 Old Keene Mill
Old Keene Mill,Week5,Chesterbrook,Week2,359.0 Chesterbrook - 43.0 Old Keene Mill
Old Keene Mill,Week5,Woodley,Week3,234.0 Old Keene Mill - 168.0 Woodley
Oakton ,Week3,Shouse Village,Week2,286.0 Oakton - 116.0 Shouse Village
Oakton ,Week2,Shouse Village,Week3,269.0 Oakton - 133.0 Shouse Village
Orange Hunt,Week1,Annandale,Week2,286.0 Orange Hunt - 116.0 Annandale
Orange Hunt,Week5,Daventry,Week5,300.0 Orange Hunt - 102.0 Daventry
Old Keene Mill,Week5,Lee Graham,Week5,313.0 Lee Graham - 89.0 Old Keene Mill
Old Keene Mill,Week5,Sideburn Run,Week5,252.0 Sideburn Run - 150.0 Old Keene Mill
Old Keene Mill,Week2,Greenbriar,Week4,237.0 Greenbriar - 165.0 Old Keene Mill
Orange Hunt,Week5,Daventry,Week4,318.0 Orange Hunt - 84.0 Daventry
Old Keene Mill,Week5,Shouse Village,Week1,240.0 Shouse Village - 162.0 Old Keene Mill
Old Keene Mill,Week3,Greenbriar,Week1,263.0 Greenbriar - 139.0 Old Keene Mill
Oakton ,Week3,Shouse Village,Week3,259.0 Oakton - 143.0 Shouse Village
Oakton ,Week2,Shouse Village,Week1,268.0 Oakton - 134.0 Shouse Village
Old Keene Mill,Week2,Lincolnia Park,Week4,244.0 Old Keene Mill - 158.0 Lincolnia Park
Orange Hunt,Week3,Dominion Hills,Week1,223.0 Orange Hunt - 179.0 Dominion Hills
Old Keene Mill,Week1,Sideburn Run,Week5,279.0 Sideburn Run - 123.0 Old Keene Mill
Old Keene Mill,Week4,Greenbriar,Week2,280.0 Greenbriar - 122.0 Old Keene Mill
Old Keene Mill,Week3,Greenbriar,Week3,259.0 Greenbriar - 143.0 Old Keene Mill
Oakton ,Week5,Rutherford,Week5,318.0 Oakton - 84.0 Rutherford
Old Keene Mill,Week3,Greenbriar,Week4,245.0 Greenbriar - 157.0 Old Keene Mill
Old Keene Mill,Week1,Lincolnia Park,Week5,221.0 Old Keene Mill - 171.0 Lincolnia Park
Orange Hunt,Week2,Dominion Hills,Week3,231.0 Orange Hunt - 171.0 Dominion Hills
Orange Hunt,Week2,Dominion Hills,Week2,213.0 Orange Hunt - 189.0 Dominion Hills
Oakton ,Week1,Shouse Village,Week5,234.0 Oakton - 168.0 Shouse Village
Old Keene Mill,Week5,Shouse Village,Week5,240.0 Shouse Village - 161.0 Old Keene Mill
Old Keene Mill,Week2,Commonwealth,Week1,240.0 Old Keene Mill - 162.0 Commonwealth
Old Keene Mill,Week1,Lincolnia Park,Week4,249.0 Old Keene Mill - 152.0 Lincolnia Park
Old Keene Mill,Week1,Sleepy Hollow B & R,Week4,302.0 Sleepy Hollow B & R - 100.0 Old Keene Mill
Old Keene Mill,Week1,Commonwealth,Week3,219.0 Commonwealth - 183.0 Old Keene Mill
Orange Hunt,Week3,Arlington Forest,Week4,207.0 Orange Hunt - 195.0 Arlington Forest
Old Keene Mill,Week2,Lincolnia Park,Week3,210.0 Old Keene Mill - 183.0 Lincolnia Park
Old Keene Mill,Week1,Commonwealth,Week2,213.0 Commonwealth - 189.0 Old Keene Mill
Old Keene Mill,Week1,Commonwealth,Week5,207.0 Old Keene Mill - 195.0 Commonwealth
Old Keene Mill,Week1,Sideburn Run,Week4,266.0 Sideburn Run - 136.0 Old Keene Mill
Oakton ,Week1,Shouse Village,Week1,257.0 Oakton - 145.0 Shouse Village
Old Keene Mill,Week2,Lincolnia Park,Week1,253.0 Old Keene Mill - 149.0 Lincolnia Park
Orange Hunt,Week4,Annandale,Week3,269.0 Orange Hunt - 133.0 Annandale
Old Keene Mill,Week4,Sideburn Run,Week2,268.0 Sideburn Run - 134.0 Old Keene Mill
Old Keene Mill,Week4,Greenbriar,Week4,249.0 Greenbriar - 153.0 Old Keene Mill
Orange Hunt,Week3,Annandale,Week2,286.0 Orange Hunt - 116.0 Annandale
Orange Hunt,Week1,Arlington Forest,Week2,232.0 Orange Hunt - 170.0 Arlington Forest
Old Keene Mill,Week1,Greenbriar,Week5,261.0 Greenbriar - 139.0 Old Keene Mill
Oakton ,Week1,Shouse Village,Week2,274.0 Oakton - 128.0 Shouse Village
Orange Hunt,Week2,Dominion Hills,Week4,206.0 Orange Hunt - 196.0 Dominion Hills
Old Keene Mill,Week1,Hamlet,Week2,333.0 Hamlet - 69.0 Old Keene Mill
Oakton ,Week3,Shouse Village,Week4,245.0 Oakton - 157.0 Shouse Village
Oakton ,Week3,Shouse Village,Week1,270.0 Oakton - 132.0 Shouse Village
Old Keene Mill,Week2,Commonwealth,Week2,204.5 Old Keene Mill - 197.5 Commonwealth
Old Keene Mill,Week4,Lincolnia Park,Week2,253.0 Old Keene Mill - 136.0 Lincolnia Park
Orange Hunt,Week5,Annandale,Week4,304.0 Orange Hunt - 98.0 Annandale
Old Keene Mill,Week3,Sideburn Run,Week2,262.0 Sideburn Run - 140.0 Old Keene Mill
Orange Hunt,Week4,Arlington Forest,Week2,218.0 Orange Hunt - 184.0 Arlington Forest
Orange Hunt,Week3,Dominion Hills,Week2,209.0 Orange Hunt - 193.0 Dominion Hills
Old Keene Mill,Week3,Commonwealth,Week3,209.0 Old Keene Mill - 193.0 Commonwealth
Orange Hunt,Week2,Arlington Forest,Week5,211.0 Orange Hunt - 191.0 Arlington Forest
Orange Hunt,Week4,Arlington Forest,Week4,204.0 Arlington Forest - 198.0 Orange Hunt
Old Keene Mill,Week2,Sideburn Run,Week3,263.0 Sideburn Run - 139.0 Old Keene Mill
Orange Hunt,Week3,Dominion Hills,Week5,220.0 Dominion Hills - 182.0 Orange Hunt
Oakton ,Week3,Shouse Village,Week5,240.0 Oakton - 162.0 Shouse Village
Old Keene Mill,Week3,Sideburn Run,Week1,253.0 Sideburn Run - 149.0 Old Keene Mill
Old Keene Mill,Week1,Hamlet,Week1,325.0 Hamlet - 77.0 Old Keene Mill
Old Keene Mill,Week2,Commonwealth,Week5,203.0 Old Keene Mill - 199.0 Commonwealth
Oakton ,Week2,Shouse Village,Week2,291.0 Oakton - 111.0 Shouse Village
Old Keene Mill,Week4,Greenbriar,Week5,261.0 Greenbriar - 140.0 Old Keene Mill
Orange Hunt,Week4,Dominion Hills,Week3,216.0 Orange Hunt - 186.0 Dominion Hills
Old Keene Mill,Week3,Sideburn Run,Week3,268.0 Sideburn Run - 134.0 Old Keene Mill
Orange Hunt,Week4,Dominion Hills,Week2,202.0 Orange Hunt - 200.0 Dominion Hills
Old Keene Mill,Week2,Commonwealth,Week4,208.0 Old Keene Mill - 194.0 Commonwealth
Old Keene Mill,Week3,Lincolnia Park,Week2,250.0 Old Keene Mill - 142.0 Lincolnia Park
Orange Hunt,Week3,Dominion Hills,Week3,222.0 Orange Hunt - 180.0 Dominion Hills
Old Keene Mill,Week3,Commonwealth,Week1,242.0 Old Keene Mill - 160.0 Commonwealth
Old Keene Mill,Week5,Greenbriar,Week4,232.0 Greenbriar - 170.0 Old Keene Mill
Orange Hunt,Week4,Annandale,Week5,264.0 Orange Hunt - 138.0 Annandale
Old Keene Mill,Week5,Greenbriar,Week2,260.0 Greenbriar - 142.0 Old Keene Mill
Old Keene Mill,Week4,Lincolnia Park,Week4,243.0 Old Keene Mill - 159.0 Lincolnia Park
Oakton ,Week4,Shouse Village,Week1,256.0 Oakton - 146.0 Shouse Village
Old Keene Mill,Week3,Commonwealth,Week5,203.0 Old Keene Mill - 199.0 Commonwealth
Old Keene Mill,Week2,Sideburn Run,Week4,256.0 Sideburn Run - 146.0 Old Keene Mill
Old Keene Mill,Week3,Lincolnia Park,Week5,222.0 Old Keene Mill - 171.0 Lincolnia Park
Old Keene Mill,Week4,Lincolnia Park,Week3,203.0 Old Keene Mill - 190.0 Lincolnia Park
Oakton ,Week4,Shouse Village,Week3,259.0 Oakton - 143.0 Shouse Village
Old Keene Mill,Week2,Hamlet,Week2,326.5 Hamlet - 75.5 Old Keene Mill
Old Keene Mill,Week1,Hamlet,Week4,314.0 Hamlet - 88.0 Old Keene Mill
Old Keene Mill,Week4,Sideburn Run,Week1,271.0 Sideburn Run - 131.0 Old Keene Mill
Old Keene Mill,Week5,Lincolnia Park,Week2,257.0 Old Keene Mill - 135.0 Lincolnia Park
Old Keene Mill,Week5,Lincolnia Park,Week5,225.0 Old Keene Mill - 168.0 Lincolnia Park
Oakton ,Week4,Shouse Village,Week4,240.0 Oakton - 162.0 Shouse Village
Old Keene Mill,Week5,Commonwealth,Week4,207.0 Old Keene Mill - 194.0 Commonwealth
Orange Hunt,Week4,Annandale,Week1,277.0 Orange Hunt - 125.0 Annandale
Old Keene Mill,Week3,Sideburn Run,Week5,270.0 Sideburn Run - 132.0 Old Keene Mill
Orange Hunt,Week3,Annandale,Week3,277.0 Orange Hunt - 125.0 Annandale
Old Keene Mill,Week1,Little Hunting Park,Week5,237.5 Little Hunting Park - 162.5 Old Keene Mill
Orange Hunt,Week5,Dominion Hills,Week5,203.0 Orange Hunt - 199.0 Dominion Hills
Orange Hunt,Week4,Annandale,Week4,292.0 Orange Hunt - 110.0 Annandale
Old Keene Mill,Week2,Sideburn Run,Week1,259.0 Sideburn Run - 143.0 Old Keene Mill
Old Keene Mill,Week5,Greenbriar,Week5,253.0 Greenbriar - 149.0 Old Keene Mill
Oakton ,Week2,Shouse Village,Week4,266.0 Oakton - 136.0 Shouse Village
Orange Hunt,Week1,Arlington Forest,Week1,205.0 Orange Hunt - 197.0 Arlington Forest
Old Keene Mill,Week1,Little Hunting Park,Week4,206.0 Little Hunting Park - 196.0 Old Keene Mill
Old Keene Mill,Week3,Lincolnia Park,Week4,243.0 Old Keene Mill - 159.0 Lincolnia Park
Old Keene Mill,Week3,Sideburn Run,Week4,259.0 Sideburn Run - 143.0 Old Keene Mill
Orange Hunt,Week1,Donaldson Run,Week1,273.0 Donaldson Run - 129.0 Orange Hunt
Orange Hunt,Week1,Arlington Forest,Week3,238.0 Orange Hunt - 164.0 Arlington Forest
Orange Hunt,Week5,Dominion Hills,Week3,236.0 Orange Hunt - 166.0 Dominion Hills
Orange Hunt,Week5,Dominion Hills,Week1,247.0 Orange Hunt - 155.0 Dominion Hills
Old Keene Mill,Week1,Hamlet,Week5,336.0 Hamlet - 66.0 Old Keene Mill
Orange Hunt,Week1,Donaldson Run,Week5,312.0 Donaldson Run - 90.0 Orange Hunt
Old Keene Mill,Week5,Commonwealth,Week2,203.0 Old Keene Mill - 199.0 Commonwealth
Old Keene Mill,Week3,Commonwealth,Week4,208.0 Old Keene Mill - 194.0 Commonwealth
Old Keene Mill,Week4,Greenbriar,Week1,279.5 Greenbriar - 122.5 Old Keene Mill
Old Keene Mill,Week5,Commonwealth,Week1,233.0 Old Keene Mill - 168.0 Commonwealth
Oakton ,Week4,Shouse Village,Week2,284.0 Oakton - 118.0 Shouse Village
Old Keene Mill,Week5,Shouse Village,Week3,256.0 Shouse Village - 146.0 Old Keene Mill
Old Keene Mill,Week1,Cottontail,Week5,269.0 Cottontail - 133.0 Old Keene Mill
Orange Hunt,Week2,Donaldson Run,Week5,273.0 Donaldson Run - 129.0 Orange Hunt
Old Keene Mill,Week1,Sideburn Run,Week2,262.0 Sideburn Run - 140.0 Old Keene Mill
Old Keene Mill,Week2,Little Hunting Park,Week5,231.0 Little Hunting Park - 171.0 Old Keene Mill
Orange Hunt,Week3,Arlington Forest,Week2,235.0 Orange Hunt - 167.0 Arlington Forest
Orange Hunt,Week5,Dominion Hills,Week4,225.0 Orange Hunt - 176.0 Dominion Hills
Oakton ,Week1,Shouse Village,Week4,247.0 Oakton - 155.0 Shouse Village
Oakton ,Week5,Shouse Village,Week3,264.0 Oakton - 138.0 Shouse Village
Old Keene Mill,Week1,Little Hunting Park,Week1,207.0 Little Hunting Park - 194.0 Old Keene Mill
Orange Hunt,Week3,Arlington Forest,Week1,214.0 Orange Hunt - 188.0 Arlington Forest
Orange Hunt,Week4,Annandale,Week2,283.0 Orange Hunt - 119.0 Annandale
Old Keene Mill,Week4,Commonwealth,Week2,204.0 Commonwealth - 198.0 Old Keene Mill
Orange Hunt,Week2,Donaldson Run,Week3,265.0 Donaldson Run - 137.0 Orange Hunt
Old Keene Mill,Week1,Cottontail,Week2,253.0 Cottontail - 149.0 Old Keene Mill
Oakton ,Week4,Shouse Village,Week5,230.0 Oakton - 172.0 Shouse Village
Old Keene Mill,Week2,Hamlet,Week4,294.0 Hamlet - 108.0 Old Keene Mill
Old Keene Mill,Week5,Shouse Village,Week4,256.0 Shouse Village - 146.0 Old Keene Mill
Old Keene Mill,Week2,Sideburn Run,Week2,253.0 Sideburn Run - 149.0 Old Keene Mill
Old Keene Mill,Week1,Cottontail,Week1,256.0 Cottontail - 146.0 Old Keene Mill
Old Keene Mill,Week2,Hamlet,Week1,315.0 Hamlet - 87.0 Old Keene Mill
Orange Hunt,Week2,Donaldson Run,Week1,250.0 Donaldson Run - 152.0 Orange Hunt
Old Keene Mill,Week1,Sideburn Run,Week1,260.0 Sideburn Run - 142.0 Old Keene Mill
Old Keene Mill,Week3,Little Hunting Park,Week2,223.0 Old Keene Mill - 179.0 Little Hunting Park
Old Keene Mill,Week2,Hamlet,Week3,318.0 Hamlet - 84.0 Old Keene Mill
Old Keene Mill,Week2,Hamlet,Week5,329.0 Hamlet - 73.0 Old Keene Mill
Oakton ,Week5,Shouse Village,Week2,301.0 Oakton - 101.0 Shouse Village
Orange Hunt,Week2,Arlington Forest,Week2,236.0 Orange Hunt - 166.0 Arlington Forest
Old Keene Mill,Week1,Little Hunting Park,Week3,208.0 Little Hunting Park - 192.0 Old Keene Mill
Old Keene Mill,Week1,Cottontail,Week3,245.0 Cottontail - 157.0 Old Keene Mill
Oakton ,Week5,Shouse Village,Week4,258.0 Oakton - 144.0 Shouse Village
Orange Hunt,Week1,Arlington Forest,Week4,201.0 Arlington Forest - 201.0 Orange Hunt
Orange Hunt,Week2,Donaldson Run,Week4,254.0 Donaldson Run - 148.0 Orange Hunt
Old Keene Mill,Week2,Cottontail,Week3,237.0 Cottontail - 165.0 Old Keene Mill
Orange Hunt,Week3,Donaldson Run,Week2,259.0 Donaldson Run - 143.0 Orange Hunt
Oakton ,Week5,South Run,Week1,256.0 Oakton - 137.0 South Run
Orange Hunt,Week1,Arlington Forest,Week5,202.0 Orange Hunt - 200.0 Arlington Forest
Oakton ,Week5,Rutherford,Week4,336.0 Oakton - 66.0 Rutherford
Oakton ,Week5,Shouse Village,Week1,272.0 Oakton - 130.0 Shouse Village
Old Keene Mill,Week2,Sideburn Run,Week5,258.0 Sideburn Run - 144.0 Old Keene Mill
Old Keene Mill,Week2,Cottontail,Week1,240.0 Cottontail - 162.0 Old Keene Mill
Old Keene Mill,Week4,Commonwealth,Week3,205.0 Old Keene Mill - 197.0 Commonwealth
Old Keene Mill,Week2,Little Hunting Park,Week2,214.0 Old Keene Mill - 188.0 Little Hunting Park
Old Keene Mill,Week2,Little Hunting Park,Week4,204.0 Old Keene Mill - 198.0 Little Hunting Park
Oakton ,Week2,South Run,Week5,249.5 Oakton - 152.5 South Run
Oakton ,Week2,Shouse Village,Week5,238.0 Oakton - 164.0 Shouse Village
Orange Hunt,Week5,Annandale,Week1,297.0 Orange Hunt - 105.0 Annandale
Old Keene Mill,Week4,Greenbriar,Week3,271.0 Greenbriar - 131.0 Old Keene Mill
Old Keene Mill,Week3,Hamlet,Week1,316.0 Hamlet - 86.0 Old Keene Mill
Old Keene Mill,Week5,Sideburn Run,Week1,243.0 Sideburn Run - 159.0 Old Keene Mill
Orange Hunt,Week3,Donaldson Run,Week1,255.0 Donaldson Run - 147.0 Orange Hunt
Orange Hunt,Week1,Donaldson Run,Week4,282.0 Donaldson Run - 120.0 Orange Hunt
Old Keene Mill,Week4,Sideburn Run,Week5,285.0 Sideburn Run - 117.0 Old Keene Mill
Old Keene Mill,Week5,Lincolnia Park,Week4,242.0 Old Keene Mill - 160.0 Lincolnia Park
Oakton ,Week3,South Run,Week5,247.0 Oakton - 155.0 South Run
Old Keene Mill,Week2,Cottontail,Week2,234.0 Cottontail - 168.0 Old Keene Mill
Old Keene Mill,Week5,Greenbriar,Week1,257.0 Greenbriar - 145.0 Old Keene Mill
Orange Hunt,Week4,Dominion Hills,Week5,213.0 Dominion Hills - 189.0 Orange Hunt
Orange Hunt,Week3,Arlington Forest,Week5,213.0 Orange Hunt - 189.0 Arlington Forest
Old Keene Mill,Week2,Little Hunting Park,Week3,212.5 Old Keene Mill - 189.5 Little Hunting Park
Orange Hunt,Week3,Arlington Forest,Week3,253.0 Orange Hunt - 149.0 Arlington Forest
Old Keene Mill,Week5,Sideburn Run,Week3,255.0 Sideburn Run - 147.0 Old Keene Mill
Oakton ,Week1,Shouse Village,Week3,255.0 Oakton - 147.0 Shouse Village
Old Keene Mill,Week3,Hamlet,Week3,319.0 Hamlet - 83.0 Old Keene Mill
Old Keene Mill,Week3,Hamlet,Week2,322.0 Hamlet - 80.0 Old Keene Mill
Old Keene Mill,Week4,Sideburn Run,Week3,287.0 Sideburn Run - 115.0 Old Keene Mill
Old Keene Mill,Week1,Little Hunting Park,Week2,213.0 Little Hunting Park - 188.0 Old Keene Mill
Oakton ,Week2,South Run,Week2,275.0 Oakton - 127.0 South Run
Old Keene Mill,Week1,Fairfax Club Estates,Week5,220.0 Fairfax Club Estates - 180.0 Old Keene Mill
Old Keene Mill,Week4,Little Hunting Park,Week1,201.0 Little Hunting Park - 201.0 Old Keene Mill
Old Keene Mill,Week3,Little Hunting Park,Week5,209.0 Little Hunting Park - 192.0 Old Keene Mill
Old Keene Mill,Week5,Sideburn Run,Week4,242.0 Sideburn Run - 160.0 Old Keene Mill
Old Keene Mill,Week5,Greenbriar,Week3,263.0 Greenbriar - 139.0 Old Keene Mill
Orange Hunt,Week3,Donaldson Run,Week3,269.0 Donaldson Run - 133.0 Orange Hunt
Old Keene Mill,Week1,Cottontail,Week4,248.0 Cottontail - 154.0 Old Keene Mill
Old Keene Mill,Week4,Commonwealth,Week5,202.0 Commonwealth - 200.0 Old Keene Mill
Old Keene Mill,Week5,Commonwealth,Week5,210.0 Old Keene Mill - 192.0 Commonwealth
Old Keene Mill,Week2,Cottontail,Week4,238.0 Cottontail - 164.0 Old Keene Mill
Old Keene Mill,Week2,Cottontail,Week5,245.0 Cottontail - 157.0 Old Keene Mill
Orange Hunt,Week5,Annandale,Week2,295.0 Orange Hunt - 107.0 Annandale
Old Keene Mill,Week1,Sleepy Hollow B & R,Week1,272.0 Sleepy Hollow B & R - 129.0 Old Keene Mill
Orange Hunt,Week5,Annandale,Week3,283.0 Orange Hunt - 119.0 Annandale
Old Keene Mill,Week1,Fairfax Station,Week1,313.0 Fairfax Station - 89.0 Old Keene Mill
Orange Hunt,Week4,Donaldson Run,Week1,253.0 Donaldson Run - 149.0 Orange Hunt
Oakton ,Week4,South Run,Week4,281.0 Oakton - 121.0 South Run
Orange Hunt,Week3,Donaldson Run,Week5,285.0 Donaldson Run - 117.0 Orange Hunt
Old Keene Mill,Week5,Fairfax Club Estates,Week1,208.0 Fairfax Club Estates - 193.0 Old Keene Mill
Oakton ,Week1,Springboard,Week1,335.0 Oakton - 66.0 Springboard
Old Keene Mill,Week3,Little Hunting Park,Week4,208.0 Old Keene Mill - 194.0 Little Hunting Park
Orange Hunt,Week3,Annandale,Week4,300.0 Orange Hunt - 102.0 Annandale
Orange Hunt,Week2,Arlington Forest,Week1,212.0 Orange Hunt - 190.0 Arlington Forest
Old Keene Mill,Week1,Hamlet,Week3,329.0 Hamlet - 73.0 Old Keene Mill
Orange Hunt,Week5,Annandale,Week5,284.0 Orange Hunt - 118.0 Annandale
Oakton ,Week5,South Run,Week5,270.0 Oakton - 132.0 South Run
Orange Hunt,Week3,Donaldson Run,Week4,261.0 Donaldson Run - 141.0 Orange Hunt
Old Keene Mill,Week1,Sleepy Hollow B & R,Week3,301.0 Sleepy Hollow B & R - 100.0 Old Keene Mill
Orange Hunt,Week4,Donaldson Run,Week2,258.0 Donaldson Run - 144.0 Orange Hunt
Old Keene Mill,Week4,Little Hunting Park,Week2,214.0 Old Keene Mill - 187.0 Little Hunting Park
Old Keene Mill,Week1,Sleepy Hollow B & R,Week2,290.0 Sleepy Hollow B & R - 111.0 Old Keene Mill
Oakton ,Week5,South Run,Week2,298.0 Oakton - 104.0 South Run
Oakton ,Week1,Springboard,Week3,333.0 Oakton - 68.0 Springboard
Old Keene Mill,Week4,Sleepy Hollow B & R,Week3,288.0 Sleepy Hollow B & R - 113.0 Old Keene Mill
Old Keene Mill,Week1,Country Club Hills,Week5,272.0 Country Club Hills - 130.0 Old Keene Mill
Orange Hunt,Week2,Arlington Forest,Week3,238.0 Orange Hunt - 164.0 Arlington Forest
Oakton ,Week1,Springboard,Week2,356.0 Oakton - 40.0 Springboard
Old Keene Mill,Week3,Little Hunting Park,Week1,215.0 Old Keene Mill - 187.0 Little Hunting Park
Old Keene Mill,Week3,Little Hunting Park,Week3,210.0 Old Keene Mill - 192.0 Little Hunting Park
Old Keene Mill,Week5,Sleepy Hollow B & R,Week4,272.0 Sleepy Hollow B & R - 130.0 Old Keene Mill
Orange Hunt,Week1,Donaldson Run,Week3,284.0 Donaldson Run - 118.0 Orange Hunt
Old Keene Mill,Week5,Commonwealth,Week3,203.0 Old Keene Mill - 198.0 Commonwealth
Old Keene Mill,Week4,Commonwealth,Week4,215.0 Old Keene Mill - 187.0 Commonwealth
Old Keene Mill,Week3,Sleepy Hollow B & R,Week4,281.0 Sleepy Hollow B & R - 121.0 Old Keene Mill
Old Keene Mill,Week3,Cottontail,Week4,244.0 Cottontail - 158.0 Old Keene Mill
Old Keene Mill,Week4,Little Hunting Park,Week3,216.0 Old Keene Mill - 185.0 Little Hunting Park
Oakton ,Week4,South Run,Week1,244.0 Oakton - 149.0 South Run
Old Keene Mill,Week1,Fairfax Club Estates,Week1,220.0 Fairfax Club Estates - 182.0 Old Keene Mill
Old Keene Mill,Week3,Cottontail,Week3,237.0 Cottontail - 165.0 Old Keene Mill
Old Keene Mill,Week1,Fairfax Club Estates,Week2,207.0 Fairfax Club Estates - 194.0 Old Keene Mill
Orange Hunt,Week4,Arlington Forest,Week3,232.0 Orange Hunt - 170.0 Arlington Forest
Old Keene Mill,Week4,Fairfax Club Estates,Week3,208.0 Fairfax Club Estates - 193.0 Old Keene Mill
Old Keene Mill,Week4,Little Hunting Park,Week4,202.0 Little Hunting Park - 200.0 Old Keene Mill
Old Keene Mill,Week4,Fairfax Club Estates,Week2,205.0 Old Keene Mill - 196.0 Fairfax Club Estates
Old Keene Mill,Week4,Sleepy Hollow B & R,Week1,266.0 Sleepy Hollow B & R - 136.0 Old Keene Mill
Old Keene Mill,Week5,Lincolnia Park,Week1,250.0 Old Keene Mill - 152.0 Lincolnia Park
Oakton ,Week1,Springboard,Week5,308.0 Oakton - 93.0 Springboard
Orange Hunt,Week1,Donaldson Run,Week2,271.0 Donaldson Run - 131.0 Orange Hunt
Orange Hunt,Week5,Dominion Hills,Week2,229.0 Orange Hunt - 173.0 Dominion Hills
Orange Hunt,Week4,Arlington Forest,Week1,213.0 Orange Hunt - 189.0 Arlington Forest
Orange Hunt,Week2,Arlington Forest,Week4,202.0 Arlington Forest - 200.0 Orange Hunt
Orange Hunt,Week2,Donaldson Run,Week2,249.0 Donaldson Run - 153.0 Orange Hunt
Old Keene Mill,Week2,Sleepy Hollow Rec,Week1,215.0 Old Keene Mill - 187.0 Sleepy Hollow Rec
Oakton ,Week1,Springboard,Week4,317.0 Oakton - 80.0 Springboard
Orange Hunt,Week5,Brandywine,Week3,234.0 Orange Hunt - 168.0 Brandywine
Old Keene Mill,Week4,Cottontail,Week4,248.0 Cottontail - 154.0 Old Keene Mill
Old Keene Mill,Week5,Fairfax,Week5,319.0 Fairfax - 83.0 Old Keene Mill
Old Keene Mill,Week3,Little Rocky Run,Week5,315.0 Little Rocky Run - 87.0 Old Keene Mill
Oakton ,Week3,South Run,Week4,272.0 Oakton - 130.0 South Run
Old Keene Mill,Week2,Fairfax Club Estates,Week3,204.0 Old Keene Mill - 198.0 Fairfax Club Estates
Old Keene Mill,Week4,Cottontail,Week5,275.0 Cottontail - 127.0 Old Keene Mill
Old Keene Mill,Week5,Cottontail,Week5,227.5 Cottontail - 174.5 Old Keene Mill
Old Keene Mill,Week3,Sleepy Hollow B & R,Week2,264.0 Sleepy Hollow B & R - 138.0 Old Keene Mill
Oakton ,Week3,South Run,Week3,262.0 Oakton - 140.0 South Run
Old Keene Mill,Week5,Lincolnia Park,Week3,211.0 Old Keene Mill - 182.0 Lincolnia Park
Orange Hunt,Week2,Brandywine,Week3,210.0 Orange Hunt - 192.0 Brandywine
Old Keene Mill,Week2,Sleepy Hollow Rec,Week3,209.0 Old Keene Mill - 193.0 Sleepy Hollow Rec
Orange Hunt,Week1,Dowden Terrace,Week5,211.0 Dowden Terrace - 191.0 Orange Hunt
Old Keene Mill,Week5,Little Hunting Park,Week1,214.0 Old Keene Mill - 188.0 Little Hunting Park
Orange Hunt,Week1,Brandywine,Week1,231.0 Orange Hunt - 171.0 Brandywine
Old Keene Mill,Week4,Little Hunting Park,Week5,228.0 Little Hunting Park - 172.0 Old Keene Mill
Old Keene Mill,Week1,Sleepy Hollow Rec,Week3,222.0 Sleepy Hollow Rec - 180.0 Old Keene Mill
Old Keene Mill,Week2,Sleepy Hollow Rec,Week4,213.0 Old Keene Mill - 189.0 Sleepy Hollow Rec
Old Keene Mill,Week5,Cottontail,Week3,214.0 Cottontail - 188.0 Old Keene Mill
Old Keene Mill,Week2,Fairfax Club Estates,Week5,204.5 Fairfax Club Estates - 197.5 Old Keene Mill
Orange Hunt,Week4,Brandywine,Week2,233.0 Orange Hunt - 169.0 Brandywine
Old Keene Mill,Week3,Fairfax Club Estates,Week4,222.0 Fairfax Club Estates - 180.0 Old Keene Mill
Oakton ,Week5,South Run,Week4,303.0 Oakton - 94.0 South Run
Old Keene Mill,Week2,Little Hunting Park,Week1,216.0 Old Keene Mill - 186.0 Little Hunting Park
Orange Hunt,Week4,Donaldson Run,Week3,261.0 Donaldson Run - 141.0 Orange Hunt
Old Keene Mill,Week5,Fairfax,Week4,291.0 Fairfax - 111.0 Old Keene Mill
Orange Hunt,Week2,Dowden Terrace,Week5,216.0 Dowden Terrace - 186.0 Orange Hunt
Oakton ,Week2,South Run,Week1,243.0 Oakton - 150.0 South Run
Orange Hunt,Week4,Dowden Terrace,Week2,223.0 Orange Hunt - 179.0 Dowden Terrace
Orange Hunt,Week5,Brandywine,Week5,204.0 Orange Hunt - 198.0 Brandywine
Old Keene Mill,Week1,Country Club Hills,Week1,249.0 Country Club Hills - 153.0 Old Keene Mill
Orange Hunt,Week2,Dowden Terrace,Week4,214.0 Orange Hunt - 188.0 Dowden Terrace
Oakton ,Week5,South Run,Week3,290.0 Oakton - 112.0 South Run
Old Keene Mill,Week2,Sleepy Hollow B & R,Week2,266.0 Sleepy Hollow B & R - 136.0 Old Keene Mill
Orange Hunt,Week1,Brandywine,Week4,207.0 Orange Hunt - 195.0 Brandywine
Old Keene Mill,Week5,Sleepy Hollow B & R,Week3,259.0 Sleepy Hollow B & R - 143.0 Old Keene Mill
Old Keene Mill,Week1,Country Club Hills,Week4,246.0 Country Club Hills - 156.0 Old Keene Mill
Orange Hunt,Week2,Brandywine,Week4,203.0 Orange Hunt - 199.0 Brandywine
Orange Hunt,Week5,Arlington Forest,Week4,225.0 Orange Hunt - 177.0 Arlington Forest
Orange Hunt,Week5,Donaldson Run,Week1,233.0 Donaldson Run - 169.0 Orange Hunt
Orange Hunt,Week5,Donaldson Run,Week2,243.0 Donaldson Run - 159.0 Orange Hunt
Old Keene Mill,Week4,Fairfax Club Estates,Week5,228.0 Fairfax Club Estates - 173.0 Old Keene Mill
Orange Hunt,Week5,Dowden Terrace,Week5,204.0 Orange Hunt - 198.0 Dowden Terrace
Old Keene Mill,Week3,Sleepy Hollow B & R,Week3,282.0 Sleepy Hollow B & R - 120.0 Old Keene Mill
Oakton ,Week3,South Run,Week2,260.0 Oakton - 137.0 South Run
Oakton ,Week2,South Run,Week4,283.0 Oakton - 114.0 South Run
Orange Hunt,Week3,Dowden Terrace,Week4,214.0 Orange Hunt - 188.0 Dowden Terrace
Old Keene Mill,Week5,Fairfax Club Estates,Week2,209.0 Old Keene Mill - 192.0 Fairfax Club Estates
Old Keene Mill,Week5,Little Hunting Park,Week4,216.0 Old Keene Mill - 185.0 Little Hunting Park
Old Keene Mill,Week4,Fairfax Club Estates,Week4,235.0 Fairfax Club Estates - 167.0 Old Keene Mill
Old Keene Mill,Week1,Country Club Hills,Week2,257.0 Country Club Hills - 145.0 Old Keene Mill
Old Keene Mill,Week4,Sleepy Hollow B & R,Week4,296.0 Sleepy Hollow B & R - 106.0 Old Keene Mill
Old Keene Mill,Week5,Fairfax Club Estates,Week3,209.0 Old Keene Mill - 192.0 Fairfax Club Estates
Old Keene Mill,Week2,Little Rocky Run,Week5,309.0 Little Rocky Run - 93.0 Old Keene Mill
Oakton ,Week3,South Run,Week1,238.0 Oakton - 155.0 South Run
Old Keene Mill,Week5,Little Rocky Run,Week4,288.0 Little Rocky Run - 114.0 Old Keene Mill
Old Keene Mill,Week1,Little Rocky Run,Week1,309.0 Little Rocky Run - 93.0 Old Keene Mill
Old Keene Mill,Week2,Little Rocky Run,Week4,306.0 Little Rocky Run - 96.0 Old Keene Mill
Old Keene Mill,Week4,Cottontail,Week3,264.5 Cottontail - 137.5 Old Keene Mill
Orange Hunt,Week2,Brandywine,Week1,232.0 Orange Hunt - 170.0 Brandywine
Oakton ,Week2,South Run,Week3,276.0 Oakton - 126.0 South Run
Old Keene Mill,Week1,Sleepy Hollow Rec,Week5,216.0 Sleepy Hollow Rec - 186.0 Old Keene Mill
Old Keene Mill,Week3,Fairfax Club Estates,Week1,210.0 Fairfax Club Estates - 192.0 Old Keene Mill
Old Keene Mill,Week1,Country Club Hills,Week3,256.5 Country Club Hills - 145.5 Old Keene Mill
Orange Hunt,Week4,Arlington Forest,Week5,202.0 Orange Hunt - 200.0 Arlington Forest
Orange Hunt,Week5,Donaldson Run,Week3,261.0 Donaldson Run - 141.0 Orange Hunt
Oakton ,Week1,South Run,Week5,248.0 Oakton - 154.0 South Run
Old Keene Mill,Week4,Fairfax Club Estates,Week1,217.0 Fairfax Club Estates - 185.0 Old Keene Mill
Old Keene Mill,Week3,Fairfax Club Estates,Week2,210.0 Old Keene Mill - 192.0 Fairfax Club Estates
Orange Hunt,Week4,Dowden Terrace,Week5,217.0 Dowden Terrace - 185.0 Orange Hunt
Orange Hunt,Week5,Arlington Forest,Week3,253.0 Orange Hunt - 149.0 Arlington Forest
Old Keene Mill,Week4,Sleepy Hollow B & R,Week5,315.0 Sleepy Hollow B & R - 86.0 Old Keene Mill
Old Keene Mill,Week5,Sleepy Hollow B & R,Week1,241.0 Sleepy Hollow B & R - 161.0 Old Keene Mill
Old Keene Mill,Week1,Little Rocky Run,Week3,324.0 Little Rocky Run - 78.0 Old Keene Mill
Old Keene Mill,Week5,Fairfax Club Estates,Week5,201.0 Fairfax Club Estates - 201.0 Old Keene Mill
Oakton ,Week4,South Run,Week5,258.0 Oakton - 144.0 South Run
Old Keene Mill,Week3,Cottontail,Week1,248.0 Cottontail - 154.0 Old Keene Mill
Old Keene Mill,Week1,Little Rocky Run,Week5,332.0 Little Rocky Run - 70.0 Old Keene Mill
Old Keene Mill,Week3,Cottontail,Week2,237.0 Cottontail - 165.0 Old Keene Mill
Orange Hunt,Week1,Brandywine,Week5,202.0 Brandywine - 200.0 Orange Hunt
Orange Hunt,Week1,Brandywine,Week3,207.0 Orange Hunt - 195.0 Brandywine
Old Keene Mill,Week5,Little Hunting Park,Week2,223.0 Old Keene Mill - 178.0 Little Hunting Park
Orange Hunt,Week5,Arlington Forest,Week2,246.0 Orange Hunt - 156.0 Arlington Forest
Old Keene Mill,Week3,Fairfax Club Estates,Week3,205.0 Old Keene Mill - 197.0 Fairfax Club Estates
Old Keene Mill,Week2,Country Club Hills,Week2,234.0 Country Club Hills - 168.0 Old Keene Mill
Old Keene Mill,Week4,Cottontail,Week1,258.0 Cottontail - 144.0 Old Keene Mill
Old Keene Mill,Week3,Little Rocky Run,Week1,296.0 Little Rocky Run - 106.0 Old Keene Mill
Old Keene Mill,Week2,Country Club Hills,Week1,241.0 Country Club Hills - 161.0 Old Keene Mill
Old Keene Mill,Week2,Sleepy Hollow Rec,Week5,203.0 Old Keene Mill - 199.0 Sleepy Hollow Rec
Oakton ,Week4,South Run,Week3,271.0 Oakton - 131.0 South Run
Old Keene Mill,Week3,Sleepy Hollow B & R,Week1,258.0 Sleepy Hollow B & R - 144.0 Old Keene Mill
Orange Hunt,Week1,Dowden Terrace,Week4,206.0 Orange Hunt - 196.0 Dowden Terrace
Orange Hunt,Week2,Dowden Terrace,Week3,210.0 Orange Hunt - 192.0 Dowden Terrace
Old Keene Mill,Week3,Sleepy Hollow Rec,Week1,213.0 Old Keene Mill - 189.0 Sleepy Hollow Rec
Old Keene Mill,Week3,Fairfax Club Estates,Week5,203.0 Old Keene Mill - 199.0 Fairfax Club Estates
Orange Hunt,Week1,Dunn Loring,Week5,261.0 Dunn Loring - 141.0 Orange Hunt
Orange Hunt,Week3,Dowden Terrace,Week5,202.0 Dowden Terrace - 200.0 Orange Hunt
Oakton ,Week4,South Run,Week2,279.0 Oakton - 123.0 South Run
Orange Hunt,Week5,Arlington Forest,Week1,235.0 Orange Hunt - 167.0 Arlington Forest
Old Keene Mill,Week3,Little Rocky Run,Week2,297.0 Little Rocky Run - 105.0 Old Keene Mill
Old Keene Mill,Week1,Fairfax Club Estates,Week4,224.5 Fairfax Club Estates - 177.5 Old Keene Mill
Orange Hunt,Week1,Brandywine,Week2,236.0 Orange Hunt - 166.0 Brandywine
Orange Hunt,Week2,Brandywine,Week5,205.0 Brandywine - 197.0 Orange Hunt
Old Keene Mill,Week4,Cottontail,Week2,269.0 Cottontail - 133.0 Old Keene Mill
Orange Hunt,Week3,Brandywine,Week4,217.0 Orange Hunt - 185.0 Brandywine
Old Keene Mill,Week1,Sleepy Hollow B & R,Week5,316.0 Sleepy Hollow B & R - 85.0 Old Keene Mill
Old Keene Mill,Week5,Cottontail,Week2,224.5 Cottontail - 177.5 Old Keene Mill
Old Keene Mill,Week5,Cottontail,Week4,215.0 Cottontail - 187.0 Old Keene Mill
Old Keene Mill,Week2,Fairfax Club Estates,Week2,222.0 Old Keene Mill - 180.0 Fairfax Club Estates
Old Keene Mill,Week3,Sleepy Hollow B & R,Week5,293.0 Sleepy Hollow B & R - 109.0 Old Keene Mill
Old Keene Mill,Week2,Little Rocky Run,Week1,284.0 Little Rocky Run - 118.0 Old Keene Mill
Old Keene Mill,Week2,Sleepy Hollow B & R,Week1,266.0 Sleepy Hollow B & R - 136.0 Old Keene Mill
Old Keene Mill,Week3,Little Rocky Run,Week3,310.0 Little Rocky Run - 92.0 Old Keene Mill
Old Keene Mill,Week2,Country Club Hills,Week3,231.0 Country Club Hills - 171.0 Old Keene Mill
Orange Hunt,Week4,Brandywine,Week4,205.0 Orange Hunt - 197.0 Brandywine
Orange Hunt,Week3,Brandywine,Week1,241.0 Orange Hunt - 161.0 Brandywine
Orange Hunt,Week2,Brandywine,Week2,232.0 Orange Hunt - 170.0 Brandywine
Orange Hunt,Week5,Dowden Terrace,Week2,239.0 Orange Hunt - 163.0 Dowden Terrace
Orange Hunt,Week4,Donaldson Run,Week5,276.0 Donaldson Run - 126.0 Orange Hunt
Old Keene Mill,Week3,Little Rocky Run,Week4,305.0 Little Rocky Run - 97.0 Old Keene Mill
Old Keene Mill,Week2,Fairfax Club Estates,Week1,204.0 Old Keene Mill - 198.0 Fairfax Club Estates
Old Keene Mill,Week4,Little Rocky Run,Week2,309.0 Little Rocky Run - 93.0 Old Keene Mill
Old Keene Mill,Week5,Cottontail,Week1,219.0 Cottontail - 183.0 Old Keene Mill
Orange Hunt,Week2,Dowden Terrace,Week1,230.0 Orange Hunt - 171.0 Dowden Terrace
Old Keene Mill,Week2,Sleepy Hollow B & R,Week4,285.0 Sleepy Hollow B & R - 117.0 Old Keene Mill
Orange Hunt,Week4,Donaldson Run,Week4,265.0 Donaldson Run - 137.0 Orange Hunt
Old Keene Mill,Week1,Fairfax Club Estates,Week3,220.5 Fairfax Club Estates - 179.5 Old Keene Mill
Old Keene Mill,Week4,Sleepy Hollow B & R,Week2,270.5 Sleepy Hollow B & R - 131.5 Old Keene Mill
Old Keene Mill,Week5,Little Hunting Park,Week3,222.0 Old Keene Mill - 180.0 Little Hunting Park
Old Keene Mill,Week2,Fairfax Club Estates,Week4,221.0 Fairfax Club Estates - 181.0 Old Keene Mill
Old Keene Mill,Week3,Cottontail,Week5,260.0 Cottontail - 142.0 Old Keene Mill
Old Keene Mill,Week5,Sleepy Hollow B & R,Week2,255.0 Sleepy Hollow B & R - 147.0 Old Keene Mill
Orange Hunt,Week3,Dowden Terrace,Week3,233.0 Orange Hunt - 169.0 Dowden Terrace
Orange Hunt,Week5,Donaldson Run,Week5,264.0 Donaldson Run - 138.0 Orange Hunt
Old Keene Mill,Week5,Fairfax Club Estates,Week4,201.0 Old Keene Mill - 196.0 Fairfax Club Estates
Orange Hunt,Week1,Dowden Terrace,Week1,224.0 Orange Hunt - 177.0 Dowden Terrace
Old Keene Mill,Week1,Sleepy Hollow Rec,Week2,203.0 Old Keene Mill - 199.0 Sleepy Hollow Rec
Old Keene Mill,Week2,Little Rocky Run,Week3,307.0 Little Rocky Run - 95.0 Old Keene Mill
Orange Hunt,Week4,Brandywine,Week5,214.0 Brandywine - 188.0 Orange Hunt
Orange Hunt,Week3,Dowden Terrace,Week2,230.0 Orange Hunt - 172.0 Dowden Terrace
Orange Hunt,Week5,Brandywine,Week2,247.0 Orange Hunt - 155.0 Brandywine
Old Keene Mill,Week3,Fairfax Station,Week1,301.0 Fairfax Station - 101.0 Old Keene Mill
Orange Hunt,Week1,Dowden Terrace,Week2,208.0 Orange Hunt - 194.0 Dowden Terrace
Old Keene Mill,Week5,Sleepy Hollow B & R,Week5,279.0 Sleepy Hollow B & R - 123.0 Old Keene Mill
Old Keene Mill,Week1,Sleepy Hollow Rec,Week1,206.0 Old Keene Mill - 196.0 Sleepy Hollow Rec
Orange Hunt,Week1,Dowden Terrace,Week3,217.0 Orange Hunt - 185.0 Dowden Terrace
Old Keene Mill,Week4,Little Rocky Run,Week4,314.0 Little Rocky Run - 88.0 Old Keene Mill
Orange Hunt,Week5,Donaldson Run,Week4,234.0 Donaldson Run - 168.0 Orange Hunt
Orange Hunt,Week3,Brandywine,Week2,232.0 Orange Hunt - 170.0 Brandywine
Old Keene Mill,Week1,Sleepy Hollow Rec,Week4,202.0 Sleepy Hollow Rec - 200.0 Old Keene Mill
Old Keene Mill,Week2,Sleepy Hollow B & R,Week3,286.0 Sleepy Hollow B & R - 116.0 Old Keene Mill
Old Keene Mill,Week4,Fairfax Station,Week5,349.0 Fairfax Station - 53.0 Old Keene Mill
Old Keene Mill,Week1,Little Rocky Run,Week4,321.0 Little Rocky Run - 81.0 Old Keene Mill
Oakton ,Week1,Stratford,Week1,322.0 Oakton - 80.0 Stratford
Old Keene Mill,Week5,Fairfax Station,Week2,297.0 Fairfax Station - 105.0 Old Keene Mill
Oakton ,Week4,Springfield,Week3,384.0 Oakton - 16.0 Springfield
Orange Hunt,Week5,Arlington Forest,Week5,221.0 Orange Hunt - 181.0 Arlington Forest
Old Keene Mill,Week3,Fairfax Station,Week5,342.0 Fairfax Station - 60.0 Old Keene Mill
Orange Hunt,Week3,Dowden Terrace,Week1,247.0 Orange Hunt - 154.0 Dowden Terrace
Old Keene Mill,Week2,Sleepy Hollow B & R,Week5,301.0 Sleepy Hollow B & R - 101.0 Old Keene Mill
Oakton ,Week5,Springfield,Week2,387.0 Oakton - 15.0 Springfield
Old Keene Mill,Week5,Little Rocky Run,Week1,283.0 Little Rocky Run - 119.0 Old Keene Mill
Old Keene Mill,Week4,Little Rocky Run,Week5,328.5 Little Rocky Run - 73.5 Old Keene Mill
Orange Hunt,Week3,Brandywine,Week3,220.0 Orange Hunt - 182.0 Brandywine
Old Keene Mill,Week4,Little Rocky Run,Week3,311.0 Little Rocky Run - 91.0 Old Keene Mill
Orange Hunt,Week4,Brandywine,Week3,200.5 Orange Hunt - 196.5 Brandywine
Old Keene Mill,Week3,Fairfax Station,Week4,296.0 Fairfax Station - 106.0 Old Keene Mill
Old Keene Mill,Week2,Overlee,Week4,372.0 Overlee - 30.0 Old Keene Mill
Orange Hunt,Week4,Dowden Terrace,Week3,227.0 Orange Hunt - 175.0 Dowden Terrace
Orange Hunt,Week1,Bren Mar-Edsall Park,Week5,340.0 Orange Hunt - 62.0 Bren Mar-Edsall Park
Oakton ,Week1,Stratford,Week4,314.0 Oakton - 88.0 Stratford
Orange Hunt,Week5,Brandywine,Week1,239.0 Orange Hunt - 163.0 Brandywine
Old Keene Mill,Week5,Fairfax Station,Week1,286.0 Fairfax Station - 116.0 Old Keene Mill
Oakton ,Week4,Springfield,Week5,396.0 Oakton - 5.0 Springfield
Oakton ,Week2,Stratford,Week1,326.0 Oakton - 76.0 Stratford
Old Keene Mill,Week4,Little Rocky Run,Week1,297.0 Little Rocky Run - 105.0 Old Keene Mill
Old Keene Mill,Week5,Little Rocky Run,Week3,299.0 Little Rocky Run - 103.0 Old Keene Mill
Old Keene Mill,Week4,Overlee,Week1,355.0 Overlee - 47.0 Old Keene Mill
Orange Hunt,Week4,Brandywine,Week1,230.0 Orange Hunt - 172.0 Brandywine
Old Keene Mill,Week5,Overlee,Week5,363.0 Overlee - 39.0 Old Keene Mill
Old Keene Mill,Week2,Fairfax Station,Week1,306.0 Fairfax Station - 96.0 Old Keene Mill
Orange Hunt,Week4,Dowden Terrace,Week1,226.0 Orange Hunt - 170.0 Dowden Terrace
Orange Hunt,Week4,Dowden Terrace,Week4,209.0 Orange Hunt - 193.0 Dowden Terrace
Orange Hunt,Week2,Dowden Terrace,Week2,213.0 Orange Hunt - 189.0 Dowden Terrace
Orange Hunt,Week3,Brandywine,Week5,205.0 Brandywine - 197.0 Orange Hunt
Oakton ,Week2,Springfield,Week4,385.0 Oakton - 12.0 Springfield
Old Keene Mill,Week2,Sleepy Hollow Rec,Week2,209.5 Old Keene Mill - 192.5 Sleepy Hollow Rec
Oakton ,Week1,Stratford,Week3,324.0 Oakton - 78.0 Stratford
Orange Hunt,Week5,Brandywine,Week4,225.5 Orange Hunt - 176.5 Brandywine
Old Keene Mill,Week4,Fairfax Station,Week2,323.0 Fairfax Station - 79.0 Old Keene Mill
Old Keene Mill,Week1,Little Rocky Run,Week2,314.0 Little Rocky Run - 88.0 Old Keene Mill
Old Keene Mill,Week5,Little Hunting Park,Week5,205.0 Little Hunting Park - 193.0 Old Keene Mill
Old Keene Mill,Week5,Fairfax Station,Week4,287.5 Fairfax Station - 114.5 Old Keene Mill
Orange Hunt,Week5,Dowden Terrace,Week1,240.0 Orange Hunt - 162.0 Dowden Terrace
Old Keene Mill,Week2,Little Rocky Run,Week2,296.0 Little Rocky Run - 106.0 Old Keene Mill
Old Keene Mill,Week1,Fairfax Station,Week2,329.0 Fairfax Station - 73.0 Old Keene Mill
Old Keene Mill,Week5,Little Rocky Run,Week5,304.0 Little Rocky Run - 98.0 Old Keene Mill
Old Keene Mill,Week1,Fairfax Station,Week3,342.0 Fairfax Station - 60.0 Old Keene Mill
Old Keene Mill,Week3,Overlee,Week5,375.0 Overlee - 27.0 Old Keene Mill
Old Keene Mill,Week2,Overlee,Week5,365.0 Overlee - 37.0 Old Keene Mill
Old Keene Mill,Week1,Fairfax Station,Week4,318.0 Fairfax Station - 84.0 Old Keene Mill
Orange Hunt,Week1,Dunn Loring,Week1,220.0 Dunn Loring - 182.0 Orange Hunt
Old Keene Mill,Week1,Forest Hollow,Week2,256.0 Forest Hollow - 146.0 Old Keene Mill
Orange Hunt,Week1,Bren Mar-Edsall Park,Week4,334.0 Orange Hunt - 68.0 Bren Mar-Edsall Park
Old Keene Mill,Week3,Overlee,Week3,336.0 Overlee - 66.0 Old Keene Mill
Oakton ,Week2,Springfield,Week5,390.0 Oakton - 7.0 Springfield
Oakton ,Week5,Springfield,Week5,392.0 Oakton - 5.0 Springfield
Oakton ,Week1,Stratford,Week5,326.0 Oakton - 76.0 Stratford
Orange Hunt,Week4,Bren Mar-Edsall Park,Week1,343.0 Orange Hunt - 59.0 Bren Mar-Edsall Park
Old Keene Mill,Week5,Overlee,Week3,334.0 Overlee - 68.0 Old Keene Mill
Orange Hunt,Week5,Dowden Terrace,Week3,236.5 Orange Hunt - 165.5 Dowden Terrace
Old Keene Mill,Week2,Forest Hollow,Week1,257.5 Forest Hollow - 144.5 Old Keene Mill
Old Keene Mill,Week5,Little Rocky Run,Week2,285.5 Little Rocky Run - 116.5 Old Keene Mill
Old Keene Mill,Week1,Fairfax Station,Week5,345.0 Fairfax Station - 57.0 Old Keene Mill
Orange Hunt,Week5,Dowden Terrace,Week4,220.0 Orange Hunt - 182.0 Dowden Terrace
Old Keene Mill,Week2,Long Branch,Week4,221.0 Long Branch - 181.0 Old Keene Mill
Orange Hunt,Week1,Brookfield ,Week3,240.0 Orange Hunt - 162.0 Brookfield
Old Keene Mill,Week5,Overlee,Week4,371.0 Overlee - 31.0 Old Keene Mill
Old Keene Mill,Week4,Overlee,Week3,348.0 Overlee - 54.0 Old Keene Mill
Old Keene Mill,Week3,Long Branch,Week1,209.0 Old Keene Mill - 193.0 Long Branch
Old Keene Mill,Week5,Fairfax Station,Week5,315.0 Fairfax Station - 87.0 Old Keene Mill
Oakton ,Week2,Stratford,Week2,327.0 Oakton - 75.0 Stratford
Orange Hunt,Week1,Dunn Loring,Week4,254.0 Dunn Loring - 148.0 Orange Hunt
Old Keene Mill,Week3,Long Branch,Week2,205.0 Long Branch - 197.0 Old Keene Mill
Orange Hunt,Week1,Dunn Loring,Week3,262.0 Dunn Loring - 140.0 Orange Hunt
Oakton ,Week4,Springfield,Week2,385.0 Oakton - 16.0 Springfield
Orange Hunt,Week1,Dunn Loring,Week2,258.0 Dunn Loring - 144.0 Orange Hunt
Orange Hunt,Week1,Brookfield ,Week4,210.0 Brookfield - 192.0 Orange Hunt
Orange Hunt,Week5,Bren Mar-Edsall Park,Week3,350.0 Orange Hunt - 52.0 Bren Mar-Edsall Park
Old Keene Mill,Week1,Mansion House,Week4,256.0 Mansion House - 146.0 Old Keene Mill
Orange Hunt,Week1,Brookfield ,Week1,218.0 Orange Hunt - 184.0 Brookfield
Old Keene Mill,Week5,Overlee,Week1,326.0 Overlee - 76.0 Old Keene Mill
Old Keene Mill,Week2,Long Branch,Week1,203.5 Long Branch - 198.5 Old Keene Mill
Old Keene Mill,Week2,Fairfax Station,Week4,309.0 Fairfax Station - 93.0 Old Keene Mill
Oakton ,Week2,Springfield,Week3,378.0 Oakton - 24.0 Springfield
Orange Hunt,Week4,Bren Mar-Edsall Park,Week4,332.0 Orange Hunt - 70.0 Bren Mar-Edsall Park
Old Keene Mill,Week4,Long Branch,Week4,228.0 Long Branch - 174.0 Old Keene Mill
Old Keene Mill,Week2,Overlee,Week1,343.0 Overlee - 59.0 Old Keene Mill
Orange Hunt,Week1,Fair Oaks ,Week4,212.0 Orange Hunt - 190.0 Fair Oaks
Orange Hunt,Week1,Fair Oaks ,Week5,212.0 Fair Oaks - 190.0 Orange Hunt
Old Keene Mill,Week4,Parklawn,Week4,211.0 Parklawn - 190.0 Old Keene Mill
Old Keene Mill,Week1,Parklawn,Week2,203.0 Parklawn - 197.0 Old Keene Mill
Oakton ,Week3,Springfield,Week2,381.0 Oakton - 16.0 Springfield
Oakton ,Week3,Springfield,Week5,388.0 Oakton - 9.0 Springfield
Oakton ,Week5,Springfield,Week3,382.0 Oakton - 20.0 Springfield
Oakton ,Week3,Springfield,Week4,384.0 Oakton - 13.0 Springfield
Orange Hunt,Week1,Fair Oaks ,Week3,215.0 Fair Oaks - 187.0 Orange Hunt
Oakton ,Week3,Springfield,Week1,387.0 Oakton - 15.0 Springfield
Old Keene Mill,Week4,Long Branch,Week5,237.0 Long Branch - 165.0 Old Keene Mill
Orange Hunt,Week3,Bren Mar-Edsall Park,Week5,339.0 Orange Hunt - 63.0 Bren Mar-Edsall Park
Orange Hunt,Week1,Bren Mar-Edsall Park,Week1,346.0 Orange Hunt - 55.0 Bren Mar-Edsall Park
Orange Hunt,Week3,Bren Mar-Edsall Park,Week1,347.0 Orange Hunt - 54.0 Bren Mar-Edsall Park
Old Keene Mill,Week2,Fairfax Station,Week2,319.0 Fairfax Station - 83.0 Old Keene Mill
Old Keene Mill,Week3,Fairfax Station,Week2,298.0 Fairfax Station - 104.0 Old Keene Mill
Old Keene Mill,Week2,Long Branch,Week2,212.0 Long Branch - 190.0 Old Keene Mill
Old Keene Mill,Week2,Parklawn,Week5,207.0 Parklawn - 195.0 Old Keene Mill
Orange Hunt,Week4,Bren Mar-Edsall Park,Week3,334.0 Orange Hunt - 68.0 Bren Mar-Edsall Park
Old Keene Mill,Week2,Parklawn,Week3,221.0 Old Keene Mill - 181.0 Parklawn
Old Keene Mill,Week2,Mansion House,Week4,236.0 Mansion House - 166.0 Old Keene Mill
Orange Hunt,Week3,Dunn Loring,Week3,252.0 Dunn Loring - 150.0 Orange Hunt
Old Keene Mill,Week4,Fairfax Station,Week1,308.0 Fairfax Station - 94.0 Old Keene Mill
Old Keene Mill,Week2,Mansion House,Week2,266.0 Mansion House - 136.0 Old Keene Mill
Old Keene Mill,Week4,Fairfax Station,Week4,318.0 Fairfax Station - 84.0 Old Keene Mill
Orange Hunt,Week3,Dunn Loring,Week2,248.0 Dunn Loring - 154.0 Orange Hunt
Old Keene Mill,Week2,Parklawn,Week1,239.0 Old Keene Mill - 153.0 Parklawn
Oakton ,Week4,Springfield,Week4,387.0 Oakton - 15.0 Springfield
Old Keene Mill,Week2,Fairfax Station,Week5,339.0 Fairfax Station - 63.0 Old Keene Mill
Old Keene Mill,Week3,Long Branch,Week5,216.0 Long Branch - 186.0 Old Keene Mill
Old Keene Mill,Week3,Parklawn,Week5,204.0 Old Keene Mill - 198.0 Parklawn
Oakton ,Week5,Springfield,Week4,390.0 Oakton - 7.0 Springfield
Old Keene Mill,Week1,Forest Hollow,Week3,281.0 Forest Hollow - 121.0 Old Keene Mill
Old Keene Mill,Week1,Long Branch,Week3,208.0 Long Branch - 194.0 Old Keene Mill
Old Keene Mill,Week5,Fairfax Station,Week3,315.0 Fairfax Station - 87.0 Old Keene Mill
Orange Hunt,Week4,Dunn Loring,Week3,261.0 Dunn Loring - 141.0 Orange Hunt
Orange Hunt,Week1,Fair Oaks ,Week1,207.0 Fair Oaks - 195.0 Orange Hunt
Oakton ,Week3,Springfield,Week3,378.0 Oakton - 14.0 Springfield
Old Keene Mill,Week2,Overlee,Week3,346.0 Overlee - 56.0 Old Keene Mill
Old Keene Mill,Week2,Fairfax Station,Week3,334.0 Fairfax Station - 68.0 Old Keene Mill
Old Keene Mill,Week5,Long Branch,Week1,207.0 Old Keene Mill - 195.0 Long Branch
Old Keene Mill,Week1,Forest Hollow,Week4,273.0 Forest Hollow - 129.0 Old Keene Mill
Orange Hunt,Week3,Bren Mar-Edsall Park,Week2,359.0 Orange Hunt - 43.0 Bren Mar-Edsall Park
Oakton ,Week5,Springfield,Week1,391.0 Oakton - 11.0 Springfield
Orange Hunt,Week3,Dunn Loring,Week4,252.0 Dunn Loring - 150.0 Orange Hunt
Old Keene Mill,Week3,Overlee,Week2,356.0 Overlee - 46.0 Old Keene Mill
Orange Hunt,Week4,Bren Mar-Edsall Park,Week5,337.0 Orange Hunt - 65.0 Bren Mar-Edsall Park
Old Keene Mill,Week4,Overlee,Week2,366.0 Overlee - 36.0 Old Keene Mill
Orange Hunt,Week2,Brookfield ,Week3,232.0 Orange Hunt - 170.0 Brookfield
Orange Hunt,Week2,Fair Oaks ,Week1,204.0 Orange Hunt - 198.0 Fair Oaks
Orange Hunt,Week2,Dunn Loring,Week4,247.0 Dunn Loring - 155.0 Orange Hunt
Orange Hunt,Week1,Brookfield ,Week5,220.0 Orange Hunt - 182.0 Brookfield
Old Keene Mill,Week1,Mansion House,Week2,269.0 Mansion House - 133.0 Old Keene Mill
Old Keene Mill,Week3,Fairfax Station,Week3,316.0 Fairfax Station - 86.0 Old Keene Mill
Old Keene Mill,Week1,Long Branch,Week5,231.0 Long Branch - 171.0 Old Keene Mill
Orange Hunt,Week1,Bren Mar-Edsall Park,Week2,362.0 Orange Hunt - 40.0 Bren Mar-Edsall Park
Oakton ,Week4,Springfield,Week1,388.0 Oakton - 13.0 Springfield
Oakton ,Week2,Springfield,Week2,381.0 Oakton - 21.0 Springfield
Orange Hunt,Week5,Dunn Loring,Week2,235.0 Dunn Loring - 167.0 Orange Hunt
Orange Hunt,Week5,Bren Mar-Edsall Park,Week2,361.0 Orange Hunt - 41.0 Bren Mar-Edsall Park
Old Keene Mill,Week4,Overlee,Week5,377.0 Overlee - 25.0 Old Keene Mill
Orange Hunt,Week4,Dunn Loring,Week2,255.0 Dunn Loring - 147.0 Orange Hunt
Oakton ,Week1,Stratford,Week2,320.0 Oakton - 77.0 Stratford
Old Keene Mill,Week1,Forest Hollow,Week1,282.0 Forest Hollow - 120.0 Old Keene Mill
Old Keene Mill,Week3,Long Branch,Week3,202.0 Old Keene Mill - 200.0 Long Branch
Old Keene Mill,Week4,Fairfax Station,Week3,334.0 Fairfax Station - 68.0 Old Keene Mill
Old Keene Mill,Week5,Long Branch,Week4,208.0 Long Branch - 194.0 Old Keene Mill
Old Keene Mill,Week5,Long Branch,Week3,211.0 Old Keene Mill - 190.0 Long Branch
Old Keene Mill,Week4,Long Branch,Week1,206.0 Long Branch - 196.0 Old Keene Mill
Old Keene Mill,Week2,Forest Hollow,Week2,248.0 Forest Hollow - 154.0 Old Keene Mill
Orange Hunt,Week5,Dunn Loring,Week4,237.0 Dunn Loring - 165.0 Orange Hunt
Orange Hunt,Week5,Dunn Loring,Week1,209.0 Orange Hunt - 193.0 Dunn Loring
Old Keene Mill,Week3,Overlee,Week1,337.0 Overlee - 65.0 Old Keene Mill
Orange Hunt,Week2,Dunn Loring,Week1,221.0 Dunn Loring - 181.0 Orange Hunt
Old Keene Mill,Week2,Forest Hollow,Week5,264.0 Forest Hollow - 138.0 Old Keene Mill
Old Keene Mill,Week1,Parklawn,Week1,229.0 Old Keene Mill - 164.0 Parklawn
Orange Hunt,Week4,Dunn Loring,Week5,257.0 Dunn Loring - 145.0 Orange Hunt
Orange Hunt,Week5,Bren Mar-Edsall Park,Week1,357.0 Orange Hunt - 41.0 Bren Mar-Edsall Park
Old Keene Mill,Week2,Parklawn,Week2,211.0 Old Keene Mill - 191.0 Parklawn
Old Keene Mill,Week3,Overlee,Week4,376.0 Overlee - 26.0 Old Keene Mill
Old Keene Mill,Week2,Long Branch,Week3,204.0 Long Branch - 198.0 Old Keene Mill
Old Keene Mill,Week1,Long Branch,Week1,206.0 Old Keene Mill - 196.0 Long Branch
Orange Hunt,Week2,Bren Mar-Edsall Park,Week2,360.0 Orange Hunt - 42.0 Bren Mar-Edsall Park
Orange Hunt,Week1,Bren Mar-Edsall Park,Week3,339.0 Orange Hunt - 63.0 Bren Mar-Edsall Park
Orange Hunt,Week3,Bren Mar-Edsall Park,Week4,330.0 Orange Hunt - 72.0 Bren Mar-Edsall Park
Orange Hunt,Week2,Bren Mar-Edsall Park,Week3,330.0 Orange Hunt - 72.0 Bren Mar-Edsall Park
Old Keene Mill,Week2,Forest Hollow,Week4,268.5 Forest Hollow - 133.5 Old Keene Mill
Old Keene Mill,Week1,Parklawn,Week4,203.0 Parklawn - 197.0 Old Keene Mill
Old Keene Mill,Week1,Forest Hollow,Week5,271.0 Forest Hollow - 131.0 Old Keene Mill
Orange Hunt,Week5,Bren Mar-Edsall Park,Week5,340.0 Orange Hunt - 61.0 Bren Mar-Edsall Park
Orange Hunt,Week5,Dunn Loring,Week3,237.0 Dunn Loring - 165.0 Orange Hunt
Old Keene Mill,Week5,Overlee,Week2,337.0 Overlee - 65.0 Old Keene Mill
Old Keene Mill,Week2,Overlee,Week2,358.0 Overlee - 44.0 Old Keene Mill
Orange Hunt,Week3,Bren Mar-Edsall Park,Week3,340.0 Orange Hunt - 62.0 Bren Mar-Edsall Park
Old Keene Mill,Week2,Forest Hollow,Week3,264.0 Forest Hollow - 138.0 Old Keene Mill
Orange Hunt,Week3,Dunn Loring,Week5,255.0 Dunn Loring - 147.0 Orange Hunt
Old Keene Mill,Week5,Long Branch,Week2,208.0 Old Keene Mill - 194.0 Long Branch
Old Keene Mill,Week3,Parklawn,Week2,215.0 Old Keene Mill - 187.0 Parklawn
Old Keene Mill,Week1,Long Branch,Week2,233.0 Long Branch - 169.0 Old Keene Mill
Old Keene Mill,Week3,Parklawn,Week4,201.0 Old Keene Mill - 200.0 Parklawn
Orange Hunt,Week4,Bren Mar-Edsall Park,Week2,352.0 Orange Hunt - 50.0 Bren Mar-Edsall Park
Orange Hunt,Week2,Bren Mar-Edsall Park,Week5,325.0 Orange Hunt - 77.0 Bren Mar-Edsall Park
Old Keene Mill,Week3,Forest Hollow,Week2,254.0 Forest Hollow - 148.0 Old Keene Mill
Oakton ,Week1,Rolling Hills,Week3,300.5 Oakton - 96.5 Rolling Hills
Orange Hunt,Week4,Dunn Loring,Week1,213.5 Dunn Loring - 188.5 Orange Hunt
Old Keene Mill,Week4,Long Branch,Week3,217.0 Long Branch - 185.0 Old Keene Mill
Orange Hunt,Week2,Dunn Loring,Week3,251.0 Dunn Loring - 151.0 Orange Hunt
Old Keene Mill,Week4,Forest Hollow,Week1,269.0 Forest Hollow - 133.0 Old Keene Mill
Old Keene Mill,Week4,Forest Hollow,Week2,245.0 Forest Hollow - 157.0 Old Keene Mill
Oakton ,Week3,Rolling Hills,Week3,300.0 Oakton - 102.0 Rolling Hills
Oakton ,Week4,Rolling Hills,Week1,322.0 Oakton - 80.0 Rolling Hills
Old Keene Mill,Week4,Overlee,Week4,381.0 Overlee - 21.0 Old Keene Mill
Orange Hunt,Week2,Bren Mar-Edsall Park,Week1,349.0 Orange Hunt - 52.0 Bren Mar-Edsall Park
Old Keene Mill,Week3,Long Branch,Week4,206.0 Long Branch - 196.0 Old Keene Mill
Old Keene Mill,Week1,Fox Hunt,Week4,272.0 Fox Hunt - 130.0 Old Keene Mill
Orange Hunt,Week5,Bren Mar-Edsall Park,Week4,344.0 Orange Hunt - 57.0 Bren Mar-Edsall Park
Old Keene Mill,Week3,Parklawn,Week3,221.0 Old Keene Mill - 181.0 Parklawn
Orange Hunt,Week3,Dunn Loring,Week1,224.0 Dunn Loring - 178.0 Orange Hunt
Old Keene Mill,Week2,Long Branch,Week5,219.0 Long Branch - 183.0 Old Keene Mill
Oakton ,Week2,Rolling Hills,Week1,310.0 Oakton - 92.0 Rolling Hills
Old Keene Mill,Week1,Mansion House,Week1,281.0 Mansion House - 121.0 Old Keene Mill
Orange Hunt,Week2,Bren Mar-Edsall Park,Week4,327.0 Orange Hunt - 75.0 Bren Mar-Edsall Park
Orange Hunt,Week2,Dunn Loring,Week2,261.0 Dunn Loring - 141.0 Orange Hunt
Old Keene Mill,Week3,Parklawn,Week1,243.0 Old Keene Mill - 150.0 Parklawn
Old Keene Mill,Week3,Forest Hollow,Week1,257.0 Forest Hollow - 145.0 Old Keene Mill
Old Keene Mill,Week1,Long Branch,Week4,232.0 Long Branch - 170.0 Old Keene Mill
Old Keene Mill,Week4,Parklawn,Week1,234.0 Old Keene Mill - 159.0 Parklawn
Orange Hunt,Week2,Dunn Loring,Week5,240.0 Dunn Loring - 162.0 Orange Hunt
Old Keene Mill,Week1,Fox Hunt,Week3,287.0 Fox Hunt - 115.0 Old Keene Mill
Old Keene Mill,Week4,Long Branch,Week2,224.0 Long Branch - 178.0 Old Keene Mill
Old Keene Mill,Week5,Forest Hollow,Week3,253.0 Forest Hollow - 149.0 Old Keene Mill
Old Keene Mill,Week2,Parklawn,Week4,202.0 Parklawn - 199.0 Old Keene Mill
Old Keene Mill,Week5,Forest Hollow,Week4,260.0 Forest Hollow - 142.0 Old Keene Mill
Oakton ,Week1,Rolling Hills,Week1,297.0 Oakton - 105.0 Rolling Hills
Orange Hunt,Week2,Fairfax,Week1,232.0 Fairfax - 170.0 Orange Hunt
Old Keene Mill,Week4,Fox Hunt,Week3,253.0 Fox Hunt - 149.0 Old Keene Mill
Orange Hunt,Week4,Dunn Loring,Week4,254.0 Dunn Loring - 148.0 Orange Hunt
Old Keene Mill,Week3,Forest Hollow,Week5,265.0 Forest Hollow - 137.0 Old Keene Mill
Orange Hunt,Week5,Fair Oaks ,Week3,205.0 Orange Hunt - 197.0 Fair Oaks
Old Keene Mill,Week3,Fox Hunt,Week1,220.5 Fox Hunt - 181.5 Old Keene Mill
Orange Hunt,Week2,Fair Oaks ,Week5,215.0 Fair Oaks - 187.0 Orange Hunt
Orange Hunt,Week4,Brookfield ,Week1,207.0 Orange Hunt - 195.0 Brookfield
Old Keene Mill,Week1,Mansion House,Week3,294.0 Mansion House - 108.0 Old Keene Mill
Oakton ,Week3,Rolling Hills,Week4,301.0 Oakton - 101.0 Rolling Hills
Orange Hunt,Week2,Brookfield ,Week1,204.0 Brookfield - 198.0 Orange Hunt
Old Keene Mill,Week2,Mansion House,Week3,283.0 Mansion House - 119.0 Old Keene Mill
Orange Hunt,Week2,Brookfield ,Week2,229.0 Orange Hunt - 173.0 Brookfield
Orange Hunt,Week2,Broyhill Crest,Week1,351.0 Orange Hunt - 51.0 Broyhill Crest
Orange Hunt,Week3,Brookfield ,Week5,214.0 Orange Hunt - 188.0 Brookfield
Old Keene Mill,Week1,Parklawn,Week5,216.0 Parklawn - 185.0 Old Keene Mill
Orange Hunt,Week1,Brookfield ,Week2,227.0 Orange Hunt - 175.0 Brookfield
Old Keene Mill,Week2,Mansion House,Week1,270.0 Mansion House - 132.0 Old Keene Mill
Old Keene Mill,Week1,Parklawn,Week3,202.0 Old Keene Mill - 199.0 Parklawn
Old Keene Mill,Week4,Parklawn,Week3,209.0 Old Keene Mill - 193.0 Parklawn
Old Keene Mill,Week2,Mansion House,Week5,274.0 Mansion House - 128.0 Old Keene Mill
Old Keene Mill,Week4,Parklawn,Week2,205.0 Old Keene Mill - 196.0 Parklawn
Orange Hunt,Week1,Fair Oaks ,Week2,217.0 Orange Hunt - 185.0 Fair Oaks
Old Keene Mill,Week1,Fox Hunt,Week1,258.0 Fox Hunt - 144.0 Old Keene Mill
Orange Hunt,Week5,Dunn Loring,Week5,241.5 Dunn Loring - 160.5 Orange Hunt
Old Keene Mill,Week4,Parklawn,Week5,210.0 Parklawn - 192.0 Old Keene Mill
Old Keene Mill,Week5,Long Branch,Week5,204.0 Long Branch - 198.0 Old Keene Mill
Old Keene Mill,Week5,Parklawn,Week4,212.0 Old Keene Mill - 185.0 Parklawn
Orange Hunt,Week1,Broyhill Crest,Week3,355.0 Orange Hunt - 47.0 Broyhill Crest
Old Keene Mill,Week1,Parliament,Week5,253.0 Parliament - 148.0 Old Keene Mill
Orange Hunt,Week5,Brookfield ,Week5,239.0 Orange Hunt - 163.0 Brookfield
Old Keene Mill,Week1,Parliament,Week4,249.0 Parliament - 153.0 Old Keene Mill
Orange Hunt,Week2,Fair Oaks ,Week3,210.0 Fair Oaks - 192.0 Orange Hunt
Oakton ,Week2,Rolling Hills,Week3,316.0 Oakton - 86.0 Rolling Hills
Orange Hunt,Week3,Fairfax,Week5,268.0 Fairfax - 134.0 Orange Hunt
Old Keene Mill,Week1,Mansion House,Week5,283.0 Mansion House - 119.0 Old Keene Mill
Orange Hunt,Week1,Broyhill Crest,Week4,350.0 Orange Hunt - 52.0 Broyhill Crest
Old Keene Mill,Week3,Mansion House,Week3,286.0 Mansion House - 116.0 Old Keene Mill
Oakton ,Week2,Rolling Hills,Week4,312.0 Oakton - 90.0 Rolling Hills
Oakton ,Week3,Rolling Hills,Week1,311.0 Oakton - 91.0 Rolling Hills
Old Keene Mill,Week5,Parklawn,Week2,222.0 Old Keene Mill - 180.0 Parklawn
Orange Hunt,Week3,Brookfield ,Week1,213.0 Orange Hunt - 189.0 Brookfield
Orange Hunt,Week1,Fairfax,Week2,262.0 Fairfax - 140.0 Orange Hunt
Orange Hunt,Week2,Fair Oaks ,Week2,224.0 Orange Hunt - 178.0 Fair Oaks
Oakton ,Week2,Rolling Hills,Week5,314.0 Oakton - 88.0 Rolling Hills
Old Keene Mill,Week1,Fox Mill Estates,Week1,226.0 Fox Mill Estates - 176.0 Old Keene Mill
Orange Hunt,Week5,Brookfield ,Week2,250.0 Orange Hunt - 152.0 Brookfield
Old Keene Mill,Week1,Fox Hunt,Week5,294.0 Fox Hunt - 108.0 Old Keene Mill
Orange Hunt,Week5,Fair Oaks ,Week5,202.0 Orange Hunt - 200.0 Fair Oaks
Old Keene Mill,Week2,Parliament,Week2,226.0 Parliament - 176.0 Old Keene Mill
Old Keene Mill,Week3,Fox Hunt,Week2,244.0 Fox Hunt - 158.0 Old Keene Mill
Oakton ,Week1,Rolling Hills,Week5,304.0 Oakton - 98.0 Rolling Hills
Oakton ,Week3,Rolling Hills,Week5,301.0 Oakton - 101.0 Rolling Hills
Old Keene Mill,Week4,Mansion House,Week5,292.0 Mansion House - 110.0 Old Keene Mill
Old Keene Mill,Week4,Mansion House,Week2,273.0 Mansion House - 129.0 Old Keene Mill
Orange Hunt,Week5,Brookfield ,Week1,226.0 Orange Hunt - 176.0 Brookfield
Old Keene Mill,Week3,Fox Hunt,Week3,255.0 Fox Hunt - 147.0 Old Keene Mill
Old Keene Mill,Week2,Fox Hunt,Week2,239.0 Fox Hunt - 163.0 Old Keene Mill
Old Keene Mill,Week2,Parliament,Week1,240.0 Parliament - 162.0 Old Keene Mill
Old Keene Mill,Week5,Mansion House,Week4,241.0 Mansion House - 161.0 Old Keene Mill
Orange Hunt,Week3,Fair Oaks ,Week1,216.0 Orange Hunt - 186.0 Fair Oaks
Old Keene Mill,Week5,Mansion House,Week5,276.0 Mansion House - 126.0 Old Keene Mill
Old Keene Mill,Week3,Forest Hollow,Week3,263.0 Forest Hollow - 139.0 Old Keene Mill
Old Keene Mill,Week3,Parliament,Week2,227.0 Parliament - 175.0 Old Keene Mill
Old Keene Mill,Week1,Parliament,Week2,250.0 Parliament - 151.0 Old Keene Mill
Old Keene Mill,Week3,Mansion House,Week2,266.0 Mansion House - 136.0 Old Keene Mill
Orange Hunt,Week2,Broyhill Crest,Week4,337.0 Orange Hunt - 65.0 Broyhill Crest
Orange Hunt,Week5,Fair Oaks ,Week1,216.0 Orange Hunt - 186.0 Fair Oaks
Oakton ,Week4,Rolling Hills,Week2,314.0 Oakton - 88.0 Rolling Hills
Oakton ,Week2,Rolling Hills,Week2,311.0 Oakton - 91.0 Rolling Hills
Orange Hunt,Week5,Fair Oaks ,Week2,239.0 Orange Hunt - 163.0 Fair Oaks
Old Keene Mill,Week3,Parliament,Week3,236.0 Parliament - 166.0 Old Keene Mill
Orange Hunt,Week3,Fair Oaks ,Week2,231.0 Orange Hunt - 171.0 Fair Oaks
Old Keene Mill,Week2,Mantua,Week1,276.0 Mantua - 126.0 Old Keene Mill
Old Keene Mill,Week2,Parliament,Week4,239.0 Parliament - 163.0 Old Keene Mill
Old Keene Mill,Week1,Parliament,Week1,262.0 Parliament - 139.0 Old Keene Mill
Orange Hunt,Week4,Brookfield ,Week5,213.0 Orange Hunt - 189.0 Brookfield
Orange Hunt,Week1,Broyhill Crest,Week5,334.0 Orange Hunt - 68.0 Broyhill Crest
Orange Hunt,Week2,Brookfield ,Week4,201.0 Brookfield - 201.0 Orange Hunt
Old Keene Mill,Week5,Forest Hollow,Week2,231.0 Forest Hollow - 166.0 Old Keene Mill
Orange Hunt,Week2,Broyhill Crest,Week3,352.0 Orange Hunt - 50.0 Broyhill Crest
Orange Hunt,Week4,Fair Oaks ,Week1,206.0 Orange Hunt - 196.0 Fair Oaks
Old Keene Mill,Week4,Forest Hollow,Week5,276.0 Forest Hollow - 126.0 Old Keene Mill
Orange Hunt,Week2,Fair Oaks ,Week4,206.0 Orange Hunt - 196.0 Fair Oaks
Old Keene Mill,Week2,Mantua,Week2,277.0 Mantua - 125.0 Old Keene Mill
Old Keene Mill,Week3,Fox Hunt,Week4,245.0 Fox Hunt - 157.0 Old Keene Mill
Old Keene Mill,Week3,Mantua,Week5,307.0 Mantua - 95.0 Old Keene Mill
Old Keene Mill,Week3,Fox Hunt,Week5,263.0 Fox Hunt - 139.0 Old Keene Mill
Old Keene Mill,Week2,Fox Hunt,Week3,265.0 Fox Hunt - 137.0 Old Keene Mill
Old Keene Mill,Week4,Mantua,Week5,307.0 Mantua - 95.0 Old Keene Mill
Old Keene Mill,Week5,Forest Hollow,Week5,261.0 Forest Hollow - 141.0 Old Keene Mill
Oakton ,Week3,Rolling Hills,Week2,292.0 Oakton - 105.0 Rolling Hills
Orange Hunt,Week3,Brookfield ,Week4,210.0 Orange Hunt - 192.0 Brookfield
Orange Hunt,Week1,Fairfax,Week3,259.0 Fairfax - 143.0 Orange Hunt
Old Keene Mill,Week1,Mantua,Week4,301.0 Mantua - 101.0 Old Keene Mill
Orange Hunt,Week1,Fairfax,Week5,270.0 Fairfax - 132.0 Orange Hunt
Old Keene Mill,Week3,Forest Hollow,Week4,262.0 Forest Hollow - 140.0 Old Keene Mill
Old Keene Mill,Week4,Mansion House,Week3,296.0 Mansion House - 106.0 Old Keene Mill
Old Keene Mill,Week3,Parliament,Week5,238.0 Parliament - 164.0 Old Keene Mill
Orange Hunt,Week4,Brookfield ,Week2,228.0 Orange Hunt - 174.0 Brookfield
Old Keene Mill,Week1,Mantua,Week3,320.0 Mantua - 82.0 Old Keene Mill
Old Keene Mill,Week5,Parklawn,Week3,223.0 Old Keene Mill - 179.0 Parklawn
Orange Hunt,Week3,Fair Oaks ,Week3,202.0 Fair Oaks - 200.0 Orange Hunt
Oakton ,Week1,Rolling Hills,Week4,302.0 Oakton - 99.0 Rolling Hills
Old Keene Mill,Week3,Parliament,Week4,229.0 Parliament - 173.0 Old Keene Mill
Old Keene Mill,Week4,Fox Hunt,Week1,239.0 Fox Hunt - 163.0 Old Keene Mill
Orange Hunt,Week3,Brookfield ,Week3,248.0 Orange Hunt - 154.0 Brookfield
Orange Hunt,Week1,Broyhill Crest,Week1,352.0 Orange Hunt - 50.0 Broyhill Crest
Old Keene Mill,Week4,Parliament,Week2,217.0 Parliament - 185.0 Old Keene Mill
Orange Hunt,Week4,Brookfield ,Week3,230.0 Orange Hunt - 172.0 Brookfield
Old Keene Mill,Week2,Fox Hunt,Week5,267.0 Fox Hunt - 135.0 Old Keene Mill
Oakton ,Week2,Sully Station,Week5,203.0 Oakton - 199.0 Sully Station
Orange Hunt,Week1,Fairfax,Week4,241.5 Fairfax - 160.5 Orange Hunt
Orange Hunt,Week3,Fair Oaks ,Week5,206.0 Fair Oaks - 196.0 Orange Hunt
Old Keene Mill,Week5,Forest Hollow,Week1,248.0 Forest Hollow - 154.0 Old Keene Mill
Orange Hunt,Week2,Brookfield ,Week5,213.0 Orange Hunt - 189.0 Brookfield
Old Keene Mill,Week3,Mansion House,Week5,270.0 Mansion House - 132.0 Old Keene Mill
Oakton ,Week4,Sully Station,Week5,213.0 Sully Station - 189.0 Oakton
Orange Hunt,Week2,Fairfax,Week2,250.0 Fairfax - 152.0 Orange Hunt
Orange Hunt,Week5,Brookfield ,Week4,227.0 Orange Hunt - 175.0 Brookfield
Oakton ,Week4,Rolling Hills,Week3,310.5 Oakton - 91.5 Rolling Hills
Old Keene Mill,Week4,Forest Hollow,Week3,263.0 Forest Hollow - 139.0 Old Keene Mill
Old Keene Mill,Week3,Mansion House,Week4,238.0 Mansion House - 164.0 Old Keene Mill
Old Keene Mill,Week4,Parliament,Week3,239.0 Parliament - 163.0 Old Keene Mill
Oakton ,Week1,Rolling Hills,Week2,295.0 Oakton - 107.0 Rolling Hills
Old Keene Mill,Week3,Mantua,Week4,296.0 Mantua - 106.0 Old Keene Mill
Old Keene Mill,Week5,Parklawn,Week5,200.0 Old Keene Mill - 197.0 Parklawn
Old Keene Mill,Week4,Parliament,Week1,233.0 Parliament - 169.0 Old Keene Mill
Old Keene Mill,Week3,Crosspointe,Week3,298.0 Crosspointe - 104.0 Old Keene Mill
Old Keene Mill,Week4,Mansion House,Week1,294.0 Mansion House - 108.0 Old Keene Mill
Old Keene Mill,Week3,Mansion House,Week1,276.0 Mansion House - 126.0 Old Keene Mill
Old Keene Mill,Week5,Crosspointe,Week5,307.0 Crosspointe - 95.0 Old Keene Mill
Old Keene Mill,Week1,Daventry,Week2,236.0 Old Keene Mill - 165.0 Daventry
Orange Hunt,Week1,Fairfax,Week1,238.0 Fairfax - 164.0 Orange Hunt
Orange Hunt,Week5,Fair Oaks ,Week4,227.0 Orange Hunt - 174.0 Fair Oaks
Orange Hunt,Week2,Broyhill Crest,Week5,331.0 Orange Hunt - 71.0 Broyhill Crest
Old Keene Mill,Week1,Fox Hunt,Week2,257.0 Fox Hunt - 145.0 Old Keene Mill
Old Keene Mill,Week1,Parliament,Week3,253.0 Parliament - 149.0 Old Keene Mill
Orange Hunt,Week5,Brookfield ,Week3,259.0 Orange Hunt - 143.0 Brookfield
Old Keene Mill,Week2,Parliament,Week3,237.5 Parliament - 164.5 Old Keene Mill
Oakton ,Week1,Sully Station II,Week3,201.0 Oakton - 201.0 Sully Station II
Old Keene Mill,Week1,Daventry,Week1,236.0 Old Keene Mill - 166.0 Daventry
Oakton ,Week2,Sully Station II,Week4,247.5 Oakton - 154.5 Sully Station II
Oakton ,Week5,Sully Station,Week2,225.5 Oakton - 176.5 Sully Station
Old Keene Mill,Week5,Parklawn,Week1,240.0 Old Keene Mill - 153.0 Parklawn
Orange Hunt,Week4,Brookfield ,Week4,205.0 Brookfield - 197.0 Orange Hunt
Old Keene Mill,Week4,Forest Hollow,Week4,271.0 Forest Hollow - 131.0 Old Keene Mill
Orange Hunt,Week4,Fair Oaks ,Week2,221.0 Orange Hunt - 181.0 Fair Oaks
Oakton ,Week1,Sully Station II,Week4,232.0 Oakton - 170.0 Sully Station II
Orange Hunt,Week1,Broyhill Crest,Week2,358.0 Orange Hunt - 44.0 Broyhill Crest
Old Keene Mill,Week2,Fox Hunt,Week1,229.0 Fox Hunt - 173.0 Old Keene Mill
Old Keene Mill,Week2,Fox Hunt,Week4,253.0 Fox Hunt - 149.0 Old Keene Mill
Old Keene Mill,Week1,Mantua,Week5,318.0 Mantua - 84.0 Old Keene Mill
Orange Hunt,Week3,Fair Oaks ,Week4,218.0 Orange Hunt - 184.0 Fair Oaks
Orange Hunt,Week3,Brookfield ,Week2,234.0 Orange Hunt - 168.0 Brookfield
Oakton ,Week2,Sully Station II,Week2,223.0 Oakton - 179.0 Sully Station II
Orange Hunt,Week4,Fair Oaks ,Week3,212.0 Fair Oaks - 190.0 Orange Hunt
Old Keene Mill,Week2,Mantua,Week5,301.0 Mantua - 101.0 Old Keene Mill
Orange Hunt,Week4,Fair Oaks ,Week5,213.0 Fair Oaks - 189.0 Orange Hunt
Old Keene Mill,Week5,Crosspointe,Week3,294.0 Crosspointe - 108.0 Old Keene Mill
Old Keene Mill,Week5,Mansion House,Week2,265.0 Mansion House - 137.0 Old Keene Mill
Old Keene Mill,Week4,Fox Hunt,Week2,247.0 Fox Hunt - 155.0 Old Keene Mill
Old Keene Mill,Week2,Parliament,Week5,242.0 Parliament - 160.0 Old Keene Mill
Old Keene Mill,Week3,Crosspointe,Week5,325.0 Crosspointe - 77.0 Old Keene Mill
Oakton ,Week1,Sully Station II,Week5,224.0 Sully Station II - 178.0 Oakton
Old Keene Mill,Week1,Pinecrest,Week2,314.0 Pinecrest - 88.0 Old Keene Mill
Old Keene Mill,Week3,Pinecrest,Week4,320.0 Pinecrest - 82.0 Old Keene Mill
Orange Hunt,Week3,Broyhill Crest,Week1,359.0 Orange Hunt - 42.0 Broyhill Crest
Old Keene Mill,Week3,Mantua,Week2,287.0 Mantua - 115.0 Old Keene Mill
Oakton ,Week5,Sully Station,Week3,222.0 Oakton - 180.0 Sully Station
Orange Hunt,Week2,Fairfax,Week5,266.0 Fairfax - 136.0 Orange Hunt
Oakton ,Week3,Sully Station,Week4,208.5 Oakton - 193.5 Sully Station
Orange Hunt,Week3,Fairfax,Week1,236.0 Fairfax - 166.0 Orange Hunt
Old Keene Mill,Week3,Mantua,Week3,314.0 Mantua - 88.0 Old Keene Mill
Old Keene Mill,Week3,Pinecrest,Week5,318.0 Pinecrest - 84.0 Old Keene Mill
Old Keene Mill,Week4,Crosspointe,Week3,320.0 Crosspointe - 82.0 Old Keene Mill
Old Keene Mill,Week3,Parliament,Week1,238.0 Parliament - 164.0 Old Keene Mill
Oakton ,Week1,Sully Station II,Week2,203.0 Sully Station II - 199.0 Oakton
Old Keene Mill,Week2,Daventry,Week2,249.0 Old Keene Mill - 153.0 Daventry
Old Keene Mill,Week4,Fox Hunt,Week4,252.0 Fox Hunt - 150.0 Old Keene Mill
Old Keene Mill,Week4,Mansion House,Week4,262.0 Mansion House - 140.0 Old Keene Mill
Orange Hunt,Week3,Broyhill Crest,Week4,345.0 Orange Hunt - 56.0 Broyhill Crest
Orange Hunt,Week4,Fair Oaks ,Week4,214.0 Orange Hunt - 188.0 Fair Oaks
Orange Hunt,Week3,Broyhill Crest,Week2,359.5 Orange Hunt - 41.5 Broyhill Crest
Orange Hunt,Week3,Fairfax,Week2,260.0 Fairfax - 142.0 Orange Hunt
Old Keene Mill,Week5,Fox Hunt,Week1,230.0 Fox Hunt - 172.0 Old Keene Mill
Old Keene Mill,Week3,Mantua,Week1,277.0 Mantua - 125.0 Old Keene Mill
Old Keene Mill,Week2,Crosspointe,Week3,303.0 Crosspointe - 99.0 Old Keene Mill
Old Keene Mill,Week5,Fox Hunt,Week2,235.0 Fox Hunt - 166.0 Old Keene Mill
Old Keene Mill,Week4,Parliament,Week4,230.0 Parliament - 172.0 Old Keene Mill
Old Keene Mill,Week3,Daventry,Week2,248.0 Old Keene Mill - 154.0 Daventry
Orange Hunt,Week3,Broyhill Crest,Week3,359.0 Orange Hunt - 42.0 Broyhill Crest
Old Keene Mill,Week5,Mansion House,Week3,274.0 Mansion House - 128.0 Old Keene Mill
Old Keene Mill,Week4,Fox Hunt,Week5,281.0 Fox Hunt - 121.0 Old Keene Mill
Old Keene Mill,Week5,Fox Hunt,Week3,251.0 Fox Hunt - 151.0 Old Keene Mill
Orange Hunt,Week1,Fairfax Club Estates,Week1,256.0 Orange Hunt - 146.0 Fairfax Club Estates
Old Keene Mill,Week2,Daventry,Week5,230.0 Old Keene Mill - 172.0 Daventry
Orange Hunt,Week4,Broyhill Crest,Week1,339.0 Orange Hunt - 62.0 Broyhill Crest
Oakton ,Week3,Sully Station,Week3,212.5 Oakton - 189.5 Sully Station
Old Keene Mill,Week5,Parliament,Week2,224.0 Parliament - 178.0 Old Keene Mill
Orange Hunt,Week2,Fairfax,Week3,255.0 Fairfax - 147.0 Orange Hunt
Old Keene Mill,Week4,Mantua,Week1,286.0 Mantua - 116.0 Old Keene Mill
Old Keene Mill,Week5,Crosspointe,Week1,302.0 Crosspointe - 100.0 Old Keene Mill
Orange Hunt,Week3,Fairfax,Week3,254.0 Fairfax - 148.0 Orange Hunt
Old Keene Mill,Week2,Pinecrest,Week3,322.0 Pinecrest - 80.0 Old Keene Mill
Orange Hunt,Week3,Fairfax,Week4,248.0 Fairfax - 154.0 Orange Hunt
Old Keene Mill,Week2,Daventry,Week3,274.0 Old Keene Mill - 127.0 Daventry
Old Keene Mill,Week1,Mantua,Week2,296.0 Mantua - 106.0 Old Keene Mill
Old Keene Mill,Week1,Mantua,Week1,292.0 Mantua - 110.0 Old Keene Mill
Orange Hunt,Week2,Broyhill Crest,Week2,356.0 Orange Hunt - 46.0 Broyhill Crest
Old Keene Mill,Week3,Fox Mill Estates,Week2,228.5 Fox Mill Estates - 173.5 Old Keene Mill
Orange Hunt,Week4,Broyhill Crest,Week2,349.0 Orange Hunt - 52.0 Broyhill Crest
Orange Hunt,Week5,Broyhill Crest,Week4,345.0 Orange Hunt - 56.0 Broyhill Crest
Old Keene Mill,Week3,Pinecrest,Week2,315.0 Pinecrest - 87.0 Old Keene Mill
Old Keene Mill,Week5,Mansion House,Week1,272.0 Mansion House - 130.0 Old Keene Mill
Old Keene Mill,Week4,Pinecrest,Week5,323.0 Pinecrest - 79.0 Old Keene Mill
Orange Hunt,Week2,Fairfax,Week4,238.0 Fairfax - 164.0 Orange Hunt
Old Keene Mill,Week3,Fox Mill Estates,Week3,228.5 Fox Mill Estates - 173.5 Old Keene Mill
Old Keene Mill,Week1,Daventry,Week4,232.0 Old Keene Mill - 170.0 Daventry
Oakton ,Week2,Sully Station,Week4,217.0 Oakton - 185.0 Sully Station
Oakton ,Week5,Sully Station,Week1,203.0 Oakton - 199.0 Sully Station
Old Keene Mill,Week5,Fox Hunt,Week4,246.0 Fox Hunt - 156.0 Old Keene Mill
Old Keene Mill,Week5,Fox Hunt,Week5,257.0 Fox Hunt - 145.0 Old Keene Mill
Orange Hunt,Week5,Broyhill Crest,Week1,351.0 Orange Hunt - 49.0 Broyhill Crest
Oakton ,Week3,Sully Station,Week5,204.0 Oakton - 198.0 Sully Station
Oakton ,Week3,Sully Station,Week1,202.0 Oakton - 200.0 Sully Station
Old Keene Mill,Week1,Fox Mill Estates,Week5,259.0 Fox Mill Estates - 143.0 Old Keene Mill
Oakton ,Week3,Sully Station,Week2,207.0 Oakton - 195.0 Sully Station
Old Keene Mill,Week5,Daventry,Week3,272.0 Old Keene Mill - 129.0 Daventry
Orange Hunt,Week5,Burke Station,Week1,278.0 Orange Hunt - 100.0 Burke Station
Old Keene Mill,Week2,Fox Mill Estates,Week4,256.0 Fox Mill Estates - 146.0 Old Keene Mill
Oakton ,Week2,Sully Station II,Week1,237.0 Oakton - 165.0 Sully Station II
Old Keene Mill,Week2,Pinecrest,Week2,314.0 Pinecrest - 88.0 Old Keene Mill
Orange Hunt,Week2,Fairfax Club Estates,Week4,259.0 Orange Hunt - 143.0 Fairfax Club Estates
Oakton ,Week2,Sully Station II,Week3,209.0 Oakton - 193.0 Sully Station II
Old Keene Mill,Week2,Mantua,Week3,312.0 Mantua - 90.0 Old Keene Mill
Old Keene Mill,Week1,Pinewood Lake,Week5,318.0 Old Keene Mill - 77.0 Pinewood Lake
Orange Hunt,Week4,Burke Station,Week3,270.0 Orange Hunt - 126.0 Burke Station
Old Keene Mill,Week1,Fox Mill Estates,Week4,264.0 Fox Mill Estates - 137.0 Old Keene Mill
Old Keene Mill,Week2,Mantua,Week4,287.0 Mantua - 115.0 Old Keene Mill
Old Keene Mill,Week4,Fox Mill Estates,Week2,232.0 Fox Mill Estates - 170.0 Old Keene Mill
Old Keene Mill,Week4,Mantua,Week2,280.0 Mantua - 122.0 Old Keene Mill
Oakton ,Week5,Sully Station,Week4,223.0 Oakton - 179.0 Sully Station
Old Keene Mill,Week4,Crosspointe,Week2,299.0 Crosspointe - 103.0 Old Keene Mill
Old Keene Mill,Week4,Pinecrest,Week4,341.0 Pinecrest - 61.0 Old Keene Mill
Old Keene Mill,Week1,Pinewood Lake,Week1,331.0 Old Keene Mill - 61.0 Pinewood Lake
Orange Hunt,Week5,Burke Station,Week3,287.5 Orange Hunt - 108.5 Burke Station
Orange Hunt,Week1,Burke Station,Week2,303.0 Orange Hunt - 98.0 Burke Station
Orange Hunt,Week4,Fairfax,Week4,229.0 Fairfax - 173.0 Orange Hunt
Old Keene Mill,Week5,Crosspointe,Week4,286.0 Crosspointe - 116.0 Old Keene Mill
Old Keene Mill,Week4,Mantua,Week3,319.0 Mantua - 83.0 Old Keene Mill
Orange Hunt,Week5,Fairfax,Week5,257.0 Fairfax - 145.0 Orange Hunt
Orange Hunt,Week3,Burke Station,Week1,277.0 Orange Hunt - 101.0 Burke Station
Old Keene Mill,Week3,Crosspointe,Week1,318.0 Crosspointe - 84.0 Old Keene Mill
Oakton ,Week5,Sully Station,Week5,209.0 Sully Station - 193.0 Oakton
Old Keene Mill,Week5,Mantua,Week2,274.0 Mantua - 128.0 Old Keene Mill
Old Keene Mill,Week2,Pinewood Lake,Week2,329.0 Old Keene Mill - 69.0 Pinewood Lake
Old Keene Mill,Week4,Crosspointe,Week1,324.5 Crosspointe - 77.5 Old Keene Mill
Old Keene Mill,Week4,Fox Mill Estates,Week3,239.0 Fox Mill Estates - 163.0 Old Keene Mill
Old Keene Mill,Week4,Fox Mill Estates,Week1,220.0 Fox Mill Estates - 182.0 Old Keene Mill
Orange Hunt,Week2,Fairfax Club Estates,Week1,278.0 Orange Hunt - 124.0 Fairfax Club Estates
Old Keene Mill,Week4,Mantua,Week4,295.0 Mantua - 107.0 Old Keene Mill
Orange Hunt,Week2,Fairfax Club Estates,Week5,266.0 Orange Hunt - 135.0 Fairfax Club Estates
Orange Hunt,Week5,Broyhill Crest,Week2,356.0 Orange Hunt - 45.0 Broyhill Crest
Oakton ,Week4,Sully Station,Week4,219.0 Oakton - 183.0 Sully Station
Orange Hunt,Week5,Burke Station,Week5,280.0 Orange Hunt - 122.0 Burke Station
Old Keene Mill,Week1,McLean,Week2,312.0 McLean - 90.0 Old Keene Mill
Orange Hunt,Week3,Broyhill Crest,Week5,334.0 Orange Hunt - 68.0 Broyhill Crest
Old Keene Mill,Week3,Crosspointe,Week2,295.0 Crosspointe - 107.0 Old Keene Mill
Old Keene Mill,Week5,Fox Mill Estates,Week3,221.0 Fox Mill Estates - 181.0 Old Keene Mill
Orange Hunt,Week4,Fairfax,Week5,248.0 Fairfax - 154.0 Orange Hunt
Orange Hunt,Week5,Fairfax,Week1,212.0 Fairfax - 190.0 Orange Hunt
Orange Hunt,Week1,Burke Station,Week4,290.0 Orange Hunt - 112.0 Burke Station
Oakton ,Week4,Sully Station,Week1,204.0 Sully Station - 198.0 Oakton
Old Keene Mill,Week3,Crosspointe,Week4,298.0 Crosspointe - 104.0 Old Keene Mill
Oakton ,Week4,Sully Station,Week3,216.0 Oakton - 186.0 Sully Station
Old Keene Mill,Week2,Crosspointe,Week2,292.0 Crosspointe - 110.0 Old Keene Mill
Old Keene Mill,Week4,Fox Mill Estates,Week4,255.0 Fox Mill Estates - 147.0 Old Keene Mill
Old Keene Mill,Week5,Mantua,Week3,292.0 Mantua - 110.0 Old Keene Mill
Old Keene Mill,Week5,Parliament,Week4,230.0 Parliament - 172.0 Old Keene Mill
Old Keene Mill,Week5,Crosspointe,Week2,274.0 Crosspointe - 128.0 Old Keene Mill
Orange Hunt,Week4,Fairfax,Week2,239.0 Fairfax - 163.0 Orange Hunt
Old Keene Mill,Week5,Fox Mill Estates,Week2,206.0 Fox Mill Estates - 196.0 Old Keene Mill
Old Keene Mill,Week3,Pinecrest,Week3,318.0 Pinecrest - 84.0 Old Keene Mill
Old Keene Mill,Week5,Mantua,Week4,274.0 Mantua - 128.0 Old Keene Mill
Old Keene Mill,Week1,McLean,Week1,320.0 McLean - 82.0 Old Keene Mill
Orange Hunt,Week2,Burke Station,Week3,272.0 Orange Hunt - 125.0 Burke Station
Old Keene Mill,Week5,Pinecrest,Week4,305.0 Pinecrest - 97.0 Old Keene Mill
Oakton ,Week1,Sully Station II,Week1,219.0 Oakton - 183.0 Sully Station II
Old Keene Mill,Week2,Pinecrest,Week5,313.5 Pinecrest - 88.5 Old Keene Mill
Old Keene Mill,Week4,Crosspointe,Week4,307.0 Crosspointe - 95.0 Old Keene Mill
Old Keene Mill,Week1,Pinewood Lake,Week2,324.0 Old Keene Mill - 68.0 Pinewood Lake
Old Keene Mill,Week5,Fox Mill Estates,Week5,212.0 Fox Mill Estates - 190.0 Old Keene Mill
Oakton ,Week4,Sully Station,Week2,232.0 Oakton - 170.0 Sully Station
Orange Hunt,Week4,Fairfax,Week1,224.0 Fairfax - 178.0 Orange Hunt
Orange Hunt,Week4,Broyhill Crest,Week5,331.0 Orange Hunt - 71.0 Broyhill Crest
Oakton ,Week3,Rutherford,Week1,334.0 Oakton - 68.0 Rutherford
Orange Hunt,Week2,Fairfax Club Estates,Week3,279.0 Orange Hunt - 123.0 Fairfax Club Estates
Orange Hunt,Week2,Burke Station,Week5,265.0 Orange Hunt - 137.0 Burke Station
Old Keene Mill,Week5,Parliament,Week1,239.0 Parliament - 163.0 Old Keene Mill
Old Keene Mill,Week1,McLean,Week3,315.0 McLean - 87.0 Old Keene Mill
Old Keene Mill,Week1,Fox Mill Woods,Week1,303.0 Fox Mill Woods - 99.0 Old Keene Mill
Orange Hunt,Week5,Fairfax,Week3,237.0 Fairfax - 165.0 Orange Hunt
Old Keene Mill,Week2,Fox Mill Estates,Week3,243.0 Fox Mill Estates - 159.0 Old Keene Mill
Old Keene Mill,Week1,Pinecrest,Week5,311.0 Pinecrest - 91.0 Old Keene Mill
Old Keene Mill,Week2,Fox Mill Estates,Week5,251.0 Fox Mill Estates - 151.0 Old Keene Mill
Orange Hunt,Week3,Burke Station,Week2,310.0 Orange Hunt - 91.0 Burke Station
Old Keene Mill,Week2,McLean,Week3,312.0 McLean - 90.0 Old Keene Mill
Old Keene Mill,Week2,Crosspointe,Week5,321.0 Crosspointe - 81.0 Old Keene Mill
Orange Hunt,Week3,Fairfax Club Estates,Week2,274.0 Orange Hunt - 128.0 Fairfax Club Estates
Oakton ,Week3,Rutherford,Week2,326.0 Oakton - 76.0 Rutherford
Orange Hunt,Week5,Broyhill Crest,Week5,338.0 Orange Hunt - 63.0 Broyhill Crest
Old Keene Mill,Week2,Fox Mill Estates,Week2,244.0 Fox Mill Estates - 158.0 Old Keene Mill
Old Keene Mill,Week2,Pinecrest,Week1,304.0 Pinecrest - 98.0 Old Keene Mill
Orange Hunt,Week1,Fairfax Club Estates,Week3,277.0 Orange Hunt - 125.0 Fairfax Club Estates
Old Keene Mill,Week1,Pinecrest,Week3,327.0 Pinecrest - 75.0 Old Keene Mill
Old Keene Mill,Week2,Fox Mill Estates,Week1,216.5 Fox Mill Estates - 185.5 Old Keene Mill
Old Keene Mill,Week4,Crosspointe,Week5,327.0 Crosspointe - 75.0 Old Keene Mill
Old Keene Mill,Week2,McLean,Week1,315.0 McLean - 87.0 Old Keene Mill
Old Keene Mill,Week2,McLean,Week2,306.0 McLean - 96.0 Old Keene Mill
Orange Hunt,Week3,Fairfax Club Estates,Week3,280.0 Orange Hunt - 122.0 Fairfax Club Estates
Old Keene Mill,Week2,Crosspointe,Week4,309.0 Crosspointe - 93.0 Old Keene Mill
Oakton ,Week5,Rolling Valley,Week3,357.5 Oakton - 44.5 Rolling Valley
Old Keene Mill,Week1,Pinecrest,Week1,308.0 Pinecrest - 94.0 Old Keene Mill
Old Keene Mill,Week1,Daventry,Week3,250.0 Old Keene Mill - 150.0 Daventry
Old Keene Mill,Week2,Daventry,Week1,245.0 Old Keene Mill - 157.0 Daventry
Old Keene Mill,Week1,McLean,Week4,312.0 McLean - 90.0 Old Keene Mill
Orange Hunt,Week1,Burke Station,Week1,265.0 Orange Hunt - 113.0 Burke Station
Old Keene Mill,Week4,Parliament,Week5,241.0 Parliament - 161.0 Old Keene Mill
Old Keene Mill,Week5,Mantua,Week5,287.0 Mantua - 115.0 Old Keene Mill
Orange Hunt,Week4,Burke Station,Week1,258.0 Orange Hunt - 120.0 Burke Station
Old Keene Mill,Week1,Fox Mill Estates,Week2,239.0 Fox Mill Estates - 163.0 Old Keene Mill
Orange Hunt,Week2,Fairfax Club Estates,Week2,286.0 Orange Hunt - 116.0 Fairfax Club Estates
Orange Hunt,Week4,Fairfax Club Estates,Week4,263.5 Orange Hunt - 138.5 Fairfax Club Estates
Orange Hunt,Week1,Burke Station,Week3,274.0 Orange Hunt - 122.0 Burke Station
Orange Hunt,Week4,Broyhill Crest,Week3,348.0 Orange Hunt - 53.0 Broyhill Crest
Old Keene Mill,Week5,Fox Mill Estates,Week4,230.0 Fox Mill Estates - 172.0 Old Keene Mill
Old Keene Mill,Week5,Parliament,Week5,230.0 Parliament - 172.0 Old Keene Mill
Old Keene Mill,Week1,Fox Mill Estates,Week3,255.0 Fox Mill Estates - 147.0 Old Keene Mill
Oakton ,Week2,Rutherford,Week3,332.0 Oakton - 70.0 Rutherford
Orange Hunt,Week1,Fairfax Club Estates,Week2,275.0 Orange Hunt - 127.0 Fairfax Club Estates
Orange Hunt,Week1,Fairfax Club Estates,Week5,263.0 Orange Hunt - 138.0 Fairfax Club Estates
Orange Hunt,Week4,Broyhill Crest,Week4,332.0 Orange Hunt - 69.0 Broyhill Crest
Oakton ,Week1,Rutherford,Week3,315.0 Oakton - 87.0 Rutherford
Old Keene Mill,Week4,Fox Mill Estates,Week5,243.0 Fox Mill Estates - 159.0 Old Keene Mill
Orange Hunt,Week3,Fairfax Club Estates,Week5,279.0 Orange Hunt - 122.0 Fairfax Club Estates
Old Keene Mill,Week3,McLean,Week1,313.0 McLean - 89.0 Old Keene Mill
Old Keene Mill,Week3,Daventry,Week3,273.0 Old Keene Mill - 129.0 Daventry
Old Keene Mill,Week3,Daventry,Week1,243.0 Old Keene Mill - 159.0 Daventry
Old Keene Mill,Week3,McLean,Week2,297.0 McLean - 105.0 Old Keene Mill
Oakton ,Week4,Rutherford,Week2,348.0 Oakton - 54.0 Rutherford
Old Keene Mill,Week5,Fox Mill Estates,Week1,219.0 Old Keene Mill - 183.0 Fox Mill Estates
Orange Hunt,Week3,Burke Station,Week3,282.0 Orange Hunt - 115.0 Burke Station
Old Keene Mill,Week2,Pinecrest,Week4,319.0 Pinecrest - 83.0 Old Keene Mill
Old Keene Mill,Week2,Daventry,Week4,251.0 Old Keene Mill - 150.0 Daventry
Old Keene Mill,Week3,Pinecrest,Week1,300.0 Pinecrest - 102.0 Old Keene Mill
Oakton ,Week5,Rolling Valley,Week5,341.0 Oakton - 61.0 Rolling Valley
Old Keene Mill,Week1,McLean,Week5,332.0 McLean - 70.0 Old Keene Mill
Old Keene Mill,Week3,Daventry,Week4,255.0 Old Keene Mill - 147.0 Daventry
Old Keene Mill,Week5,Parliament,Week3,235.0 Parliament - 167.0 Old Keene Mill
Old Keene Mill,Week2,McLean,Week5,322.0 McLean - 80.0 Old Keene Mill
Old Keene Mill,Week1,Daventry,Week5,214.0 Old Keene Mill - 188.0 Daventry
Oakton ,Week3,Rutherford,Week5,297.5 Oakton - 104.5 Rutherford
Old Keene Mill,Week4,Daventry,Week4,248.0 Old Keene Mill - 154.0 Daventry
Oakton ,Week2,Rutherford,Week1,347.0 Oakton - 55.0 Rutherford
Old Keene Mill,Week5,Pinecrest,Week1,279.0 Pinecrest - 123.0 Old Keene Mill
Orange Hunt,Week1,Burke Station,Week5,261.0 Orange Hunt - 141.0 Burke Station
Orange Hunt,Week3,Burke Station,Week4,293.0 Orange Hunt - 109.0 Burke Station
Old Keene Mill,Week3,Fox Mill Estates,Week4,250.0 Fox Mill Estates - 152.0 Old Keene Mill
Old Keene Mill,Week4,Pinecrest,Week2,325.0 Pinecrest - 77.0 Old Keene Mill
Orange Hunt,Week5,Broyhill Crest,Week3,354.0 Orange Hunt - 47.0 Broyhill Crest
Orange Hunt,Week4,Fairfax,Week3,240.0 Fairfax - 162.0 Orange Hunt
Old Keene Mill,Week4,Pinecrest,Week3,338.0 Pinecrest - 64.0 Old Keene Mill
Old Keene Mill,Week1,Pinecrest,Week4,324.0 Pinecrest - 78.0 Old Keene Mill
Orange Hunt,Week3,Burke Station,Week5,274.0 Orange Hunt - 128.0 Burke Station
Oakton ,Week3,Rutherford,Week4,304.0 Oakton - 98.0 Rutherford
Old Keene Mill,Week4,Fox Mill Woods,Week4,307.0 Fox Mill Woods - 95.0 Old Keene Mill
Old Keene Mill,Week3,Fox Mill Estates,Week5,232.5 Fox Mill Estates - 169.5 Old Keene Mill
Old Keene Mill,Week5,Mantua,Week1,270.0 Mantua - 131.0 Old Keene Mill
Old Keene Mill,Week3,McLean,Week3,312.0 McLean - 90.0 Old Keene Mill
Old Keene Mill,Week4,Pinecrest,Week1,319.0 Pinecrest - 83.0 Old Keene Mill
Old Keene Mill,Week4,Daventry,Week3,272.0 Old Keene Mill - 130.0 Daventry
Oakton ,Week4,Rutherford,Week4,321.0 Oakton - 81.0 Rutherford
Orange Hunt,Week4,Fairfax Club Estates,Week3,288.0 Orange Hunt - 114.0 Fairfax Club Estates
Orange Hunt,Week3,Fairfax Club Estates,Week4,258.0 Orange Hunt - 144.0 Fairfax Club Estates
Oakton ,Week5,Rutherford,Week1,346.0 Oakton - 56.0 Rutherford
Old Keene Mill,Week3,Fox Mill Estates,Week1,211.0 Fox Mill Estates - 191.0 Old Keene Mill
Old Keene Mill,Week4,Daventry,Week2,247.0 Old Keene Mill - 155.0 Daventry
Orange Hunt,Week5,Fairfax,Week2,235.0 Fairfax - 167.0 Orange Hunt
Old Keene Mill,Week4,Fox Mill Woods,Week1,288.5 Fox Mill Woods - 113.5 Old Keene Mill
Old Keene Mill,Week3,Daventry,Week5,234.0 Old Keene Mill - 168.0 Daventry
Oakton ,Week4,Rutherford,Week1,350.0 Oakton - 52.0 Rutherford
Old Keene Mill,Week2,McLean,Week4,303.0 McLean - 99.0 Old Keene Mill
Orange Hunt,Week4,Fairfax Club Estates,Week1,267.0 Orange Hunt - 135.0 Fairfax Club Estates
Old Keene Mill,Week5,Daventry,Week2,252.0 Old Keene Mill - 149.0 Daventry
Old Keene Mill,Week1,Pinewood Lake,Week3,330.0 Old Keene Mill - 61.0 Pinewood Lake
Orange Hunt,Week4,Fairfax Club Estates,Week2,275.0 Orange Hunt - 127.0 Fairfax Club Estates
Orange Hunt,Week2,Burke Station,Week4,291.0 Orange Hunt - 111.0 Burke Station
Oakton ,Week2,Rutherford,Week4,329.0 Oakton - 73.0 Rutherford
Old Keene Mill,Week4,Fox Mill Woods,Week5,311.0 Fox Mill Woods - 91.0 Old Keene Mill
Oakton ,Week1,Rutherford,Week4,316.0 Oakton - 86.0 Rutherford
Old Keene Mill,Week5,Pinecrest,Week3,313.0 Pinecrest - 89.0 Old Keene Mill
Old Keene Mill,Week1,Fox Mill Woods,Week2,303.0 Fox Mill Woods - 99.0 Old Keene Mill
Orange Hunt,Week2,Burke Station,Week2,303.0 Orange Hunt - 98.0 Burke Station
Orange Hunt,Week3,Fairfax Club Estates,Week1,272.0 Orange Hunt - 130.0 Fairfax Club Estates
Orange Hunt,Week5,Fairfax,Week4,218.0 Fairfax - 184.0 Orange Hunt
Orange Hunt,Week1,Fairfax Club Estates,Week4,257.0 Orange Hunt - 145.0 Fairfax Club Estates
Oakton ,Week1,Rutherford,Week1,337.0 Oakton - 65.0 Rutherford
Old Keene Mill,Week5,Pinecrest,Week2,298.0 Pinecrest - 104.0 Old Keene Mill
Oakton ,Week1,Rutherford,Week2,329.0 Oakton - 73.0 Rutherford
Old Keene Mill,Week2,Fox Mill Woods,Week1,290.0 Fox Mill Woods - 112.0 Old Keene Mill
Old Keene Mill,Week5,Daventry,Week1,252.0 Old Keene Mill - 149.0 Daventry
Orange Hunt,Week4,Burke Station,Week2,298.0 Orange Hunt - 103.0 Burke Station
Orange Hunt,Week2,Burke Station,Week1,266.0 Orange Hunt - 112.0 Burke Station
Old Keene Mill,Week5,Fox Mill Woods,Week1,273.0 Fox Mill Woods - 129.0 Old Keene Mill
Orange Hunt,Week4,Fairfax Club Estates,Week5,266.0 Orange Hunt - 130.0 Fairfax Club Estates
Old Keene Mill,Week1,Dominion Hills,Week3,267.0 Dominion Hills - 135.0 Old Keene Mill
Oakton ,Week4,Rutherford,Week5,313.0 Oakton - 89.0 Rutherford
Oakton ,Week3,Stratford,Week4,301.0 Oakton - 101.0 Stratford
Old Keene Mill,Week3,Fox Mill Woods,Week1,280.0 Fox Mill Woods - 122.0 Old Keene Mill
Oakton ,Week4,Stratford,Week4,299.0 Oakton - 103.0 Stratford
Old Keene Mill,Week1,Pinewood Lake,Week4,318.0 Old Keene Mill - 74.0 Pinewood Lake
Old Keene Mill,Week4,Daventry,Week5,226.0 Old Keene Mill - 176.0 Daventry
Old Keene Mill,Week4,Daventry,Week1,245.0 Old Keene Mill - 157.0 Daventry
Old Keene Mill,Week5,Pinecrest,Week5,309.0 Pinecrest - 93.0 Old Keene Mill
Old Keene Mill,Week1,Dominion Hills,Week1,259.0 Dominion Hills - 143.0 Old Keene Mill
Orange Hunt,Week4,Burke Station,Week4,286.0 Orange Hunt - 116.0 Burke Station
Orange Hunt,Week5,Burke Station,Week2,313.0 Orange Hunt - 88.0 Burke Station
Oakton ,Week4,Rutherford,Week3,326.0 Oakton - 76.0 Rutherford
Old Keene Mill,Week3,Fox Mill Woods,Week2,287.0 Fox Mill Woods - 115.0 Old Keene Mill
Oakton ,Week1,Sully Station,Week1,206.0 Oakton - 196.0 Sully Station
Old Keene Mill,Week1,Fox Mill Woods,Week4,305.0 Fox Mill Woods - 97.0 Old Keene Mill
Old Keene Mill,Week4,Fox Mill Woods,Week2,296.0 Fox Mill Woods - 106.0 Old Keene Mill
Old Keene Mill,Week2,Dominion Hills,Week2,261.5 Dominion Hills - 140.5 Old Keene Mill
Old Keene Mill,Week5,Pinewood Lake,Week2,337.0 Old Keene Mill - 62.0 Pinewood Lake
Orange Hunt,Week2,Fairfax Station,Week4,249.0 Fairfax Station - 153.0 Orange Hunt
Orange Hunt,Week5,Fairfax Club Estates,Week5,287.0 Orange Hunt - 115.0 Fairfax Club Estates
Oakton ,Week5,Stratford,Week1,328.0 Oakton - 74.0 Stratford
Old Keene Mill,Week1,Dominion Hills,Week5,286.0 Dominion Hills - 116.0 Old Keene Mill
Orange Hunt,Week4,Burke Station,Week5,258.0 Orange Hunt - 139.0 Burke Station
Orange Hunt,Week2,Camelot,Week5,230.0 Orange Hunt - 172.0 Camelot
Orange Hunt,Week3,Fairfax Station,Week4,238.0 Fairfax Station - 164.0 Orange Hunt
Oakton ,Week5,Stratford,Week5,331.0 Oakton - 71.0 Stratford
Old Keene Mill,Week2,Dominion Hills,Week3,264.0 Dominion Hills - 138.0 Old Keene Mill
Oakton ,Week5,Rolling Valley,Week4,344.0 Oakton - 58.0 Rolling Valley
Old Keene Mill,Week3,Pinewood Lake,Week4,330.0 Old Keene Mill - 69.0 Pinewood Lake
Oakton ,Week5,Stratford,Week4,315.0 Oakton - 87.0 Stratford
Old Keene Mill,Week4,Pinewood Lake,Week4,324.0 Old Keene Mill - 74.0 Pinewood Lake
Oakton ,Week4,Stratford,Week1,320.0 Oakton - 82.0 Stratford
Orange Hunt,Week3,Camelot,Week3,236.0 Orange Hunt - 166.0 Camelot
Old Keene Mill,Week5,Fox Mill Woods,Week3,265.0 Fox Mill Woods - 137.0 Old Keene Mill
Orange Hunt,Week1,Fairfax Station,Week5,267.0 Fairfax Station - 135.0 Orange Hunt
Old Keene Mill,Week5,Fox Mill Woods,Week4,285.0 Fox Mill Woods - 117.0 Old Keene Mill
Oakton ,Week2,Rutherford,Week2,340.0 Oakton - 62.0 Rutherford
Old Keene Mill,Week5,Daventry,Week4,255.0 Old Keene Mill - 146.0 Daventry
Old Keene Mill,Week2,Pinewood Lake,Week5,325.0 Old Keene Mill - 74.0 Pinewood Lake
Orange Hunt,Week5,Camelot,Week5,247.0 Orange Hunt - 155.0 Camelot
Orange Hunt,Week5,Burke Station,Week4,298.0 Orange Hunt - 103.0 Burke Station
Oakton ,Week5,Rutherford,Week2,341.0 Oakton - 61.0 Rutherford
Old Keene Mill,Week2,Dominion Hills,Week1,257.0 Dominion Hills - 145.0 Old Keene Mill
Old Keene Mill,Week2,Pinewood Lake,Week1,331.0 Old Keene Mill - 66.0 Pinewood Lake
Oakton ,Week3,Rutherford,Week3,308.0 Oakton - 94.0 Rutherford
Orange Hunt,Week1,Fairfax Station,Week4,253.0 Fairfax Station - 149.0 Orange Hunt
Orange Hunt,Week1,Canterbury Woods,Week1,245.5 Orange Hunt - 156.5 Canterbury Woods
Orange Hunt,Week5,Fairfax Club Estates,Week2,289.0 Orange Hunt - 113.0 Fairfax Club Estates
Oakton ,Week2,Rutherford,Week5,322.0 Oakton - 80.0 Rutherford
Old Keene Mill,Week3,Fox Mill Woods,Week3,282.0 Fox Mill Woods - 120.0 Old Keene Mill
Old Keene Mill,Week2,Dominion Hills,Week5,274.0 Dominion Hills - 128.0 Old Keene Mill
Old Keene Mill,Week2,Pinewood Lake,Week4,331.0 Old Keene Mill - 67.0 Pinewood Lake
Old Keene Mill,Week5,Pinewood Lake,Week3,344.0 Old Keene Mill - 54.0 Pinewood Lake
Old Keene Mill,Week1,Pleasant Valley,Week2,229.0 Old Keene Mill - 172.0 Pleasant Valley
Old Keene Mill,Week2,Fox Mill Woods,Week5,297.5 Fox Mill Woods - 104.5 Old Keene Mill
Oakton ,Week4,Stratford,Week2,317.0 Oakton - 85.0 Stratford
Orange Hunt,Week5,Fairfax Club Estates,Week3,297.0 Orange Hunt - 104.0 Fairfax Club Estates
Old Keene Mill,Week1,Fox Mill Woods,Week5,303.0 Fox Mill Woods - 99.0 Old Keene Mill
Oakton ,Week1,Sully Station,Week4,219.0 Oakton - 183.0 Sully Station
Oakton ,Week1,Sully Station,Week3,213.0 Oakton - 189.0 Sully Station
Old Keene Mill,Week5,Daventry,Week5,235.0 Old Keene Mill - 166.0 Daventry
Oakton ,Week5,Rutherford,Week3,336.0 Oakton - 66.0 Rutherford
Orange Hunt,Week5,Fairfax Station,Week5,252.0 Fairfax Station - 150.0 Orange Hunt
Orange Hunt,Week5,Fairfax Club Estates,Week4,280.0 Orange Hunt - 122.0 Fairfax Club Estates
Oakton ,Week4,Stratford,Week3,320.0 Oakton - 82.0 Stratford
Old Keene Mill,Week3,Dominion Hills,Week1,250.0 Dominion Hills - 152.0 Old Keene Mill
Oakton ,Week1,Sully Station,Week2,206.0 Oakton - 191.0 Sully Station
Old Keene Mill,Week1,Pleasant Valley,Week3,213.0 Old Keene Mill - 189.0 Pleasant Valley
Oakton ,Week1,Rutherford,Week5,317.0 Oakton - 85.0 Rutherford
Orange Hunt,Week3,Camelot,Week5,232.0 Orange Hunt - 170.0 Camelot
Orange Hunt,Week1,Fairfax Station,Week3,272.0 Fairfax Station - 130.0 Orange Hunt
Old Keene Mill,Week3,Dominion Hills,Week4,267.0 Dominion Hills - 135.0 Old Keene Mill
Old Keene Mill,Week1,Fox Mill Woods,Week3,294.0 Fox Mill Woods - 108.0 Old Keene Mill
Old Keene Mill,Week1,Dominion Hills,Week4,280.0 Dominion Hills - 122.0 Old Keene Mill
Orange Hunt,Week4,Camelot,Week2,228.0 Orange Hunt - 174.0 Camelot
Orange Hunt,Week1,Canterbury Woods,Week3,234.0 Orange Hunt - 168.0 Canterbury Woods
Old Keene Mill,Week5,Fox Mill Woods,Week2,272.0 Fox Mill Woods - 130.0 Old Keene Mill
Old Keene Mill,Week5,Pinewood Lake,Week4,337.0 Old Keene Mill - 63.0 Pinewood Lake
Old Keene Mill,Week3,Fox Mill Woods,Week4,288.0 Fox Mill Woods - 114.0 Old Keene Mill
Orange Hunt,Week1,Camelot,Week4,225.0 Orange Hunt - 177.0 Camelot
Orange Hunt,Week1,Fairfax Station,Week1,251.0 Fairfax Station - 151.0 Orange Hunt
Old Keene Mill,Week4,Fox Mill Woods,Week3,289.0 Fox Mill Woods - 113.0 Old Keene Mill
Old Keene Mill,Week3,Dominion Hills,Week2,254.0 Dominion Hills - 148.0 Old Keene Mill
Orange Hunt,Week2,Forest Hollow,Week4,203.0 Forest Hollow - 199.0 Orange Hunt
Oakton ,Week1,Sully Station,Week5,217.0 Sully Station - 185.0 Oakton
Orange Hunt,Week2,Camelot,Week3,229.0 Orange Hunt - 173.0 Camelot
Orange Hunt,Week4,Fairfax Station,Week2,250.0 Fairfax Station - 147.0 Orange Hunt
Old Keene Mill,Week3,Pinewood Lake,Week5,324.0 Old Keene Mill - 76.0 Pinewood Lake
Orange Hunt,Week1,Camelot,Week5,219.5 Orange Hunt - 182.5 Camelot
Old Keene Mill,Week2,Fox Mill Woods,Week3,290.0 Fox Mill Woods - 112.0 Old Keene Mill
Orange Hunt,Week3,Fairfax Station,Week1,229.0 Fairfax Station - 173.0 Orange Hunt
Old Keene Mill,Week4,Dominion Hills,Week3,282.0 Dominion Hills - 120.0 Old Keene Mill
Old Keene Mill,Week4,Pinewood Lake,Week5,318.0 Old Keene Mill - 81.0 Pinewood Lake
Old Keene Mill,Week3,Dominion Hills,Week5,275.0 Dominion Hills - 127.0 Old Keene Mill
Oakton ,Week2,Sully Station,Week1,209.0 Oakton - 193.0 Sully Station
Old Keene Mill,Week2,Pleasant Valley,Week1,244.0 Old Keene Mill - 158.0 Pleasant Valley
Old Keene Mill,Week3,Fox Mill Woods,Week5,282.0 Fox Mill Woods - 120.0 Old Keene Mill
Orange Hunt,Week1,Camelot,Week3,235.0 Orange Hunt - 167.0 Camelot
Old Keene Mill,Week1,Dominion Hills,Week2,280.0 Dominion Hills - 122.0 Old Keene Mill
Oakton ,Week2,Sully Station,Week3,224.0 Oakton - 178.0 Sully Station
Old Keene Mill,Week2,Fox Mill Woods,Week4,300.0 Fox Mill Woods - 102.0 Old Keene Mill
Oakton ,Week2,Stratford,Week4,319.0 Oakton - 83.0 Stratford
Orange Hunt,Week3,Fairfax Station,Week2,243.0 Fairfax Station - 159.0 Orange Hunt
Old Keene Mill,Week1,Pleasant Valley,Week5,233.0 Old Keene Mill - 168.0 Pleasant Valley
Orange Hunt,Week5,Fairfax Station,Week4,232.0 Fairfax Station - 170.0 Orange Hunt
Orange Hunt,Week4,Camelot,Week3,233.0 Orange Hunt - 169.0 Camelot
Orange Hunt,Week1,Camelot,Week2,231.0 Orange Hunt - 171.0 Camelot
Old Keene Mill,Week5,Pinewood Lake,Week5,328.0 Old Keene Mill - 73.0 Pinewood Lake
Old Keene Mill,Week4,Dominion Hills,Week1,263.0 Dominion Hills - 139.0 Old Keene Mill
Oakton ,Week2,Sully Station,Week2,227.0 Oakton - 175.0 Sully Station
Old Keene Mill,Week3,Dominion Hills,Week3,271.0 Dominion Hills - 131.0 Old Keene Mill
Orange Hunt,Week4,Fairfax Station,Week5,275.0 Fairfax Station - 127.0 Orange Hunt
Old Keene Mill,Week2,Fox Mill Woods,Week2,299.0 Fox Mill Woods - 103.0 Old Keene Mill
Oakton ,Week2,Stratford,Week3,331.0 Oakton - 71.0 Stratford
Oakton ,Week3,Stratford,Week5,307.0 Oakton - 95.0 Stratford
Orange Hunt,Week1,Overlee,Week5,356.0 Overlee - 46.0 Orange Hunt
Orange Hunt,Week2,Camelot,Week1,233.0 Orange Hunt - 169.0 Camelot
Orange Hunt,Week3,Camelot,Week2,231.0 Orange Hunt - 171.0 Camelot
Orange Hunt,Week5,Orange Hunt,Week2,228.0 Orange Hunt (OH1) - 174.0 Orange Hunt (OH2)
Old Keene Mill,Week2,Pinewood Lake,Week3,330.0 Old Keene Mill - 64.0 Pinewood Lake
Oakton ,Week2,Stratford,Week5,328.0 Oakton - 74.0 Stratford
Orange Hunt,Week5,Orange Hunt,Week3,253.5 Orange Hunt (OH1) - 148.5 Orange Hunt (OH2)
Orange Hunt,Week2,Fairfax Station,Week5,267.0 Fairfax Station - 135.0 Orange Hunt
Orange Hunt,Week5,Fairfax Club Estates,Week1,286.5 Orange Hunt - 114.5 Fairfax Club Estates
Orange Hunt,Week2,Camelot,Week2,226.0 Orange Hunt - 176.0 Camelot
Orange Hunt,Week1,Forest Hollow,Week4,210.0 Forest Hollow - 192.0 Orange Hunt
Old Keene Mill,Week3,Pinewood Lake,Week3,340.0 Old Keene Mill - 59.0 Pinewood Lake
Old Keene Mill,Week4,Dominion Hills,Week5,292.0 Dominion Hills - 110.0 Old Keene Mill
Orange Hunt,Week2,Fairfax Station,Week2,253.0 Fairfax Station - 149.0 Orange Hunt
Old Keene Mill,Week4,Pinewood Lake,Week1,327.0 Old Keene Mill - 70.0 Pinewood Lake
Orange Hunt,Week3,Camelot,Week4,223.0 Orange Hunt - 179.0 Camelot
Oakton ,Week3,Stratford,Week1,316.0 Oakton - 81.0 Stratford
Old Keene Mill,Week4,Dominion Hills,Week2,273.0 Dominion Hills - 129.0 Old Keene Mill
Orange Hunt,Week3,Camelot,Week1,239.0 Orange Hunt - 163.0 Camelot
Orange Hunt,Week1,Overlee,Week4,363.0 Overlee - 39.0 Orange Hunt
Old Keene Mill,Week3,Donaldson Run,Week5,334.0 Donaldson Run - 68.0 Old Keene Mill
Orange Hunt,Week2,Overlee,Week4,353.0 Overlee - 49.0 Orange Hunt
Old Keene Mill,Week1,Pleasant Valley,Week1,239.0 Old Keene Mill - 162.0 Pleasant Valley
Orange Hunt,Week4,Camelot,Week1,230.0 Orange Hunt - 172.0 Camelot
Orange Hunt,Week3,Fairfax Station,Week5,261.0 Fairfax Station - 141.0 Orange Hunt
Old Keene Mill,Week2,Dominion Hills,Week4,265.0 Dominion Hills - 137.0 Old Keene Mill
Old Keene Mill,Week2,Pleasant Valley,Week2,244.0 Old Keene Mill - 158.0 Pleasant Valley
Oakton ,Week5,Stratford,Week3,329.0 Oakton - 73.0 Stratford
Old Keene Mill,Week2,Pleasant Valley,Week3,228.0 Old Keene Mill - 174.0 Pleasant Valley
Old Keene Mill,Week4,Dominion Hills,Week4,286.0 Dominion Hills - 116.0 Old Keene Mill
Oakton ,Week4,Stratford,Week5,313.0 Oakton - 89.0 Stratford
Orange Hunt,Week5,Fairfax Station,Week2,233.0 Fairfax Station - 169.0 Orange Hunt
Orange Hunt,Week4,Camelot,Week5,236.0 Orange Hunt - 166.0 Camelot
Old Keene Mill,Week5,Donaldson Run,Week4,301.0 Donaldson Run - 101.0 Old Keene Mill
Orange Hunt,Week5,Fairfax Station,Week1,222.0 Fairfax Station - 180.0 Orange Hunt
Orange Hunt,Week2,Fairfax Station,Week3,266.0 Fairfax Station - 136.0 Orange Hunt
Oakton ,Week3,Stratford,Week3,326.0 Oakton - 76.0 Stratford
Oakton ,Week3,Stratford,Week2,320.0 Oakton - 82.0 Stratford
Old Keene Mill,Week3,Pinewood Lake,Week1,330.0 Old Keene Mill - 69.0 Pinewood Lake
Old Keene Mill,Week4,Pinewood Lake,Week3,339.0 Old Keene Mill - 60.0 Pinewood Lake
Orange Hunt,Week4,Camelot,Week4,222.0 Orange Hunt - 180.0 Camelot
Orange Hunt,Week3,Overlee,Week3,313.0 Overlee - 89.0 Orange Hunt
Orange Hunt,Week5,Orange Hunt,Week4,219.0 Orange Hunt (OH1) - 183.0 Orange Hunt (OH2)
Old Keene Mill,Week5,Pinewood Lake,Week1,341.0 Old Keene Mill - 54.0 Pinewood Lake
Orange Hunt,Week1,Camelot,Week1,226.0 Orange Hunt - 176.0 Camelot
Orange Hunt,Week5,Camelot,Week2,238.0 Orange Hunt - 164.0 Camelot
Old Keene Mill,Week3,Pinewood Lake,Week2,336.0 Old Keene Mill - 63.0 Pinewood Lake
Orange Hunt,Week1,Canterbury Woods,Week2,250.0 Orange Hunt - 152.0 Canterbury Woods
Orange Hunt,Week5,Camelot,Week3,244.0 Orange Hunt - 158.0 Camelot
Old Keene Mill,Week3,Donaldson Run,Week3,329.0 Donaldson Run - 73.0 Old Keene Mill
Old Keene Mill,Week5,Dominion Hills,Week5,252.0 Dominion Hills - 150.0 Old Keene Mill
Old Keene Mill,Week4,Donaldson Run,Week4,327.0 Donaldson Run - 75.0 Old Keene Mill
Old Keene Mill,Week1,Donaldson Run,Week2,330.0 Donaldson Run - 72.0 Old Keene Mill
Orange Hunt,Week2,Overlee,Week1,314.0 Overlee - 88.0 Orange Hunt
Orange Hunt,Week2,Parklawn,Week1,295.0 Orange Hunt - 98.0 Parklawn
Orange Hunt,Week4,Overlee,Week1,317.0 Overlee - 85.0 Orange Hunt
Old Keene Mill,Week1,Pleasant Valley,Week4,248.0 Old Keene Mill - 151.0 Pleasant Valley
Old Keene Mill,Week1,Donaldson Run,Week1,327.0 Donaldson Run - 75.0 Old Keene Mill
Orange Hunt,Week1,Fairfax Station,Week2,258.0 Fairfax Station - 144.0 Orange Hunt
Orange Hunt,Week4,Fairfax Station,Week1,246.0 Fairfax Station - 156.0 Orange Hunt
Old Keene Mill,Week4,Pinewood Lake,Week2,332.0 Old Keene Mill - 67.0 Pinewood Lake
Orange Hunt,Week1,Parklawn,Week4,266.0 Orange Hunt - 135.0 Parklawn
Oakton ,Week5,Stratford,Week2,329.0 Oakton - 73.0 Stratford
Old Keene Mill,Week4,Pleasant Valley,Week2,244.0 Old Keene Mill - 158.0 Pleasant Valley
Oakton ,Week3,Rolling Valley,Week2,338.0 Oakton - 64.0 Rolling Valley
Orange Hunt,Week1,Forest Hollow,Week5,219.0 Forest Hollow - 183.0 Orange Hunt
Orange Hunt,Week3,Overlee,Week1,313.0 Overlee - 89.0 Orange Hunt
Orange Hunt,Week2,Fairfax Station,Week1,247.0 Fairfax Station - 155.0 Orange Hunt
Orange Hunt,Week5,Camelot,Week1,246.5 Orange Hunt - 155.5 Camelot
Orange Hunt,Week1,Overlee,Week2,332.0 Overlee - 70.0 Orange Hunt
Oakton ,Week2,Rolling Valley,Week5,338.0 Oakton - 64.0 Rolling Valley
Old Keene Mill,Week5,Pleasant Valley,Week2,254.0 Old Keene Mill - 142.0 Pleasant Valley
Orange Hunt,Week5,Fairfax Station,Week3,256.0 Fairfax Station - 146.0 Orange Hunt
Orange Hunt,Week4,Overlee,Week5,344.0 Overlee - 58.0 Orange Hunt
Old Keene Mill,Week2,Poplar Heights,Week1,256.0 Poplar Heights - 146.0 Old Keene Mill
Orange Hunt,Week5,Orange Hunt,Week5,200.0 Orange Hunt (OH1) - 200.0 Orange Hunt (OH2)
Old Keene Mill,Week5,Donaldson Run,Week3,295.0 Donaldson Run - 107.0 Old Keene Mill
Old Keene Mill,Week4,Pleasant Valley,Week4,240.0 Old Keene Mill - 161.0 Pleasant Valley
Oakton ,Week5,Rolling Hills,Week2,314.0 Oakton - 88.0 Rolling Hills
Old Keene Mill,Week1,Donaldson Run,Week4,330.0 Donaldson Run - 72.0 Old Keene Mill
Orange Hunt,Week2,Overlee,Week5,342.0 Overlee - 60.0 Orange Hunt
Oakton ,Week2,Somerset-Olde Creek,Week1,359.0 Oakton - 43.0 Somerset-Olde Creek
Old Keene Mill,Week1,Poplar Heights,Week4,297.0 Poplar Heights - 105.0 Old Keene Mill
Oakton ,Week2,Rolling Valley,Week1,364.0 Oakton - 38.0 Rolling Valley
Orange Hunt,Week5,Camelot,Week4,240.0 Orange Hunt - 162.0 Camelot
Orange Hunt,Week5,Canterbury Woods,Week5,259.0 Orange Hunt - 142.0 Canterbury Woods
Old Keene Mill,Week1,Donaldson Run,Week5,340.0 Donaldson Run - 62.0 Old Keene Mill
Old Keene Mill,Week2,Donaldson Run,Week4,328.0 Donaldson Run - 74.0 Old Keene Mill
Orange Hunt,Week3,Fairfax Station,Week3,266.0 Fairfax Station - 136.0 Orange Hunt
Orange Hunt,Week2,Camelot,Week4,227.5 Orange Hunt - 174.5 Camelot
Oakton ,Week5,Somerset-Olde Creek,Week1,358.0 Oakton - 43.0 Somerset-Olde Creek
Old Keene Mill,Week5,Dominion Hills,Week1,235.0 Dominion Hills - 167.0 Old Keene Mill
Oakton ,Week2,Somerset-Olde Creek,Week5,348.0 Oakton - 54.0 Somerset-Olde Creek
Oakton ,Week4,Rolling Valley,Week2,344.0 Oakton - 58.0 Rolling Valley
Orange Hunt,Week2,Forest Hollow,Week1,207.0 Orange Hunt - 195.0 Forest Hollow
Orange Hunt,Week1,Forest Hollow,Week1,207.0 Forest Hollow - 195.0 Orange Hunt
Oakton ,Week3,Somerset-Olde Creek,Week4,351.0 Oakton - 46.0 Somerset-Olde Creek
Old Keene Mill,Week1,Poplar Heights,Week5,296.0 Poplar Heights - 106.0 Old Keene Mill
Oakton ,Week3,Rolling Valley,Week4,334.0 Oakton - 68.0 Rolling Valley
Orange Hunt,Week4,Overlee,Week2,323.5 Overlee - 78.5 Orange Hunt
Orange Hunt,Week2,Canterbury Woods,Week2,254.0 Orange Hunt - 148.0 Canterbury Woods
Oakton ,Week5,Somerset-Olde Creek,Week2,366.0 Oakton - 36.0 Somerset-Olde Creek
Orange Hunt,Week1,Forest Hollow,Week3,224.0 Forest Hollow - 178.0 Orange Hunt
Orange Hunt,Week3,Overlee,Week5,345.0 Overlee - 57.0 Orange Hunt
Orange Hunt,Week2,Forest Hollow,Week3,210.0 Forest Hollow - 192.0 Orange Hunt
Oakton ,Week2,Somerset-Olde Creek,Week4,356.0 Oakton - 46.0 Somerset-Olde Creek
Oakton ,Week3,Somerset-Olde Creek,Week3,358.0 Oakton - 44.0 Somerset-Olde Creek
Old Keene Mill,Week2,Donaldson Run,Week3,320.0 Donaldson Run - 82.0 Old Keene Mill
Old Keene Mill,Week4,Donaldson Run,Week3,320.0 Donaldson Run - 82.0 Old Keene Mill
Orange Hunt,Week3,Cardinal Hill,Week1,227.0 Cardinal Hill - 175.0 Orange Hunt
Orange Hunt,Week4,Overlee,Week3,312.0 Overlee - 90.0 Orange Hunt
Oakton ,Week4,Rolling Valley,Week3,351.0 Oakton - 51.0 Rolling Valley
Old Keene Mill,Week2,Donaldson Run,Week5,336.0 Donaldson Run - 66.0 Old Keene Mill
Old Keene Mill,Week5,Pleasant Valley,Week5,243.0 Old Keene Mill - 150.0 Pleasant Valley
Old Keene Mill,Week5,Dominion Hills,Week2,240.0 Dominion Hills - 162.0 Old Keene Mill
Orange Hunt,Week2,Cardinal Hill,Week3,248.0 Cardinal Hill - 154.0 Orange Hunt
Orange Hunt,Week4,Orange Hunt,Week5,219.0 Orange Hunt (OH2) - 183.0 Orange Hunt (OH1)
Oakton ,Week4,Rolling Valley,Week4,344.0 Oakton - 58.0 Rolling Valley
Oakton ,Week5,Rolling Hills,Week3,322.0 Oakton - 80.0 Rolling Hills
Orange Hunt,Week1,Canterbury Woods,Week5,241.0 Orange Hunt - 160.0 Canterbury Woods
Old Keene Mill,Week1,Donaldson Run,Week3,335.0 Donaldson Run - 67.0 Old Keene Mill
Orange Hunt,Week4,Overlee,Week4,358.0 Overlee - 44.0 Orange Hunt
Orange Hunt,Week4,Canterbury Woods,Week4,230.0 Orange Hunt - 172.0 Canterbury Woods
Oakton ,Week1,Rolling Valley,Week3,350.0 Oakton - 52.0 Rolling Valley
Oakton ,Week1,Somerset-Olde Creek,Week4,349.5 Oakton - 52.5 Somerset-Olde Creek
Old Keene Mill,Week3,Poplar Heights,Week5,280.0 Poplar Heights - 122.0 Old Keene Mill
Orange Hunt,Week2,Canterbury Woods,Week4,235.0 Orange Hunt - 167.0 Canterbury Woods
Old Keene Mill,Week3,Poplar Heights,Week1,254.0 Poplar Heights - 148.0 Old Keene Mill
Orange Hunt,Week4,Fairfax Station,Week4,263.0 Fairfax Station - 139.0 Orange Hunt
Orange Hunt,Week4,Fairfax Station,Week3,272.0 Fairfax Station - 130.0 Orange Hunt
Old Keene Mill,Week4,Pleasant Valley,Week5,230.0 Old Keene Mill - 169.0 Pleasant Valley
Orange Hunt,Week1,Canterbury Woods,Week4,228.0 Orange Hunt - 174.0 Canterbury Woods
Old Keene Mill,Week3,Donaldson Run,Week1,313.0 Donaldson Run - 89.0 Old Keene Mill
Orange Hunt,Week2,Forest Hollow,Week2,204.0 Orange Hunt - 198.0 Forest Hollow
Orange Hunt,Week3,Forest Hollow,Week4,213.0 Orange Hunt - 189.0 Forest Hollow
Old Keene Mill,Week3,Donaldson Run,Week4,324.0 Donaldson Run - 78.0 Old Keene Mill
Oakton ,Week2,Rolling Valley,Week4,346.0 Oakton - 56.0 Rolling Valley
Oakton ,Week1,South Run,Week1,241.0 Oakton - 152.0 South Run
Orange Hunt,Week3,Overlee,Week4,353.0 Overlee - 49.0 Orange Hunt
Orange Hunt,Week1,Forest Hollow,Week2,203.0 Forest Hollow - 199.0 Orange Hunt
Old Keene Mill,Week4,Pleasant Valley,Week1,230.0 Old Keene Mill - 172.0 Pleasant Valley
Orange Hunt,Week3,Canterbury Woods,Week4,247.0 Orange Hunt - 155.0 Canterbury Woods
Oakton ,Week2,Rolling Valley,Week3,349.0 Oakton - 53.0 Rolling Valley
Orange Hunt,Week5,Canterbury Woods,Week3,259.0 Orange Hunt - 143.0 Canterbury Woods
Oakton ,Week5,Rolling Hills,Week4,319.0 Oakton - 83.0 Rolling Hills
Old Keene Mill,Week5,Dominion Hills,Week4,251.0 Dominion Hills - 151.0 Old Keene Mill
Old Keene Mill,Week3,Poplar Heights,Week4,271.0 Poplar Heights - 131.0 Old Keene Mill
Oakton ,Week4,Rolling Valley,Week5,333.0 Oakton - 69.0 Rolling Valley
Orange Hunt,Week1,Overlee,Week1,329.0 Overlee - 73.0 Orange Hunt
Orange Hunt,Week1,Overlee,Week3,320.0 Overlee - 82.0 Orange Hunt
Oakton ,Week5,Somerset-Olde Creek,Week4,365.0 Oakton - 37.0 Somerset-Olde Creek
Old Keene Mill,Week2,Pleasant Valley,Week4,251.0 Old Keene Mill - 151.0 Pleasant Valley
Orange Hunt,Week5,Canterbury Woods,Week1,273.0 Orange Hunt - 129.0 Canterbury Woods
Old Keene Mill,Week3,Donaldson Run,Week2,316.0 Donaldson Run - 86.0 Old Keene Mill
Orange Hunt,Week3,Forest Hollow,Week3,202.0 Orange Hunt - 200.0 Forest Hollow
Old Keene Mill,Week2,Poplar Heights,Week5,276.0 Poplar Heights - 126.0 Old Keene Mill
Oakton ,Week1,South Run,Week2,274.0 Oakton - 128.0 South Run
Oakton ,Week5,Somerset-Olde Creek,Week3,358.0 Oakton - 44.0 Somerset-Olde Creek
Oakton ,Week5,Somerset-Olde Creek,Week5,350.0 Oakton - 52.0 Somerset-Olde Creek
Orange Hunt,Week5,Orange Hunt,Week1,238.0 Orange Hunt (OH1) - 164.0 Orange Hunt (OH2)
Old Keene Mill,Week5,Poplar Heights,Week4,262.0 Poplar Heights - 140.0 Old Keene Mill
Orange Hunt,Week4,Forest Hollow,Week2,206.0 Orange Hunt - 196.0 Forest Hollow
Old Keene Mill,Week4,Donaldson Run,Week1,306.0 Donaldson Run - 96.0 Old Keene Mill
Old Keene Mill,Week4,Donaldson Run,Week5,352.0 Donaldson Run - 50.0 Old Keene Mill
Oakton ,Week3,Somerset-Olde Creek,Week2,359.0 Oakton - 43.0 Somerset-Olde Creek
Orange Hunt,Week1,Fox Hunt,Week2,216.0 Orange Hunt - 186.0 Fox Hunt
Oakton ,Week5,Rolling Hills,Week5,321.0 Oakton - 81.0 Rolling Hills
Orange Hunt,Week4,Forest Hollow,Week5,221.0 Forest Hollow - 181.0 Orange Hunt
Old Keene Mill,Week3,Pleasant Valley,Week4,245.0 Old Keene Mill - 156.0 Pleasant Valley
Orange Hunt,Week2,Overlee,Week2,329.0 Overlee - 73.0 Orange Hunt
Orange Hunt,Week1,Cardinal Hill,Week3,263.0 Cardinal Hill - 139.0 Orange Hunt
Oakton ,Week1,South Run,Week3,268.0 Oakton - 134.0 South Run
Oakton ,Week1,South Run,Week4,279.0 Oakton - 123.0 South Run
Old Keene Mill,Week3,Pleasant Valley,Week1,239.0 Old Keene Mill - 163.0 Pleasant Valley
Oakton ,Week1,Rolling Valley,Week2,347.5 Oakton - 54.5 Rolling Valley
Old Keene Mill,Week5,Dominion Hills,Week3,243.0 Dominion Hills - 159.0 Old Keene Mill
Orange Hunt,Week5,Canterbury Woods,Week4,252.0 Orange Hunt - 150.0 Canterbury Woods
Orange Hunt,Week5,Overlee,Week1,289.0 Overlee - 113.0 Orange Hunt
Old Keene Mill,Week2,Pleasant Valley,Week5,236.0 Old Keene Mill - 166.0 Pleasant Valley
Oakton ,Week5,Rolling Valley,Week1,365.0 Oakton - 37.0 Rolling Valley
Orange Hunt,Week2,Overlee,Week3,319.0 Overlee - 83.0 Orange Hunt
Orange Hunt,Week1,Fox Hunt,Week3,201.0 Fox Hunt - 201.0 Orange Hunt
Orange Hunt,Week1,Cardinal Hill,Week1,249.0 Cardinal Hill - 153.0 Orange Hunt
Orange Hunt,Week5,Overlee,Week3,297.5 Overlee - 104.5 Orange Hunt
Old Keene Mill,Week4,Donaldson Run,Week2,323.0 Donaldson Run - 79.0 Old Keene Mill
Orange Hunt,Week5,Forest Hollow,Week1,225.0 Orange Hunt - 177.0 Forest Hollow
Orange Hunt,Week1,Cardinal Hill,Week2,215.0 Cardinal Hill - 187.0 Orange Hunt
Old Keene Mill,Week2,Donaldson Run,Week2,316.5 Donaldson Run - 85.5 Old Keene Mill
Orange Hunt,Week5,Overlee,Week2,310.0 Overlee - 92.0 Orange Hunt
Oakton ,Week2,Somerset-Olde Creek,Week2,362.0 Oakton - 40.0 Somerset-Olde Creek
Oakton ,Week5,Rolling Valley,Week2,347.0 Oakton - 55.0 Rolling Valley
Old Keene Mill,Week5,Pleasant Valley,Week3,235.0 Old Keene Mill - 166.0 Pleasant Valley
Orange Hunt,Week1,Fox Hunt,Week4,207.0 Orange Hunt - 195.0 Fox Hunt
Oakton ,Week3,Rolling Valley,Week5,333.0 Oakton - 69.0 Rolling Valley
Orange Hunt,Week2,Canterbury Woods,Week5,239.0 Orange Hunt - 162.0 Canterbury Woods
Old Keene Mill,Week4,Pleasant Valley,Week3,224.0 Old Keene Mill - 178.0 Pleasant Valley
Orange Hunt,Week5,Forest Hollow,Week3,220.0 Orange Hunt - 182.0 Forest Hollow
Oakton ,Week2,Somerset-Olde Creek,Week3,361.0 Oakton - 41.0 Somerset-Olde Creek
Old Keene Mill,Week1,Dowden Terrace,Week1,242.0 Dowden Terrace - 159.0 Old Keene Mill
Oakton ,Week2,Rolling Valley,Week2,345.0 Oakton - 57.0 Rolling Valley
Old Keene Mill,Week3,Dowden Terrace,Week1,234.0 Dowden Terrace - 168.0 Old Keene Mill
Old Keene Mill,Week3,Pleasant Valley,Week3,223.0 Old Keene Mill - 179.0 Pleasant Valley
Oakton ,Week1,Somerset-Olde Creek,Week5,333.0 Oakton - 69.0 Somerset-Olde Creek
Old Keene Mill,Week5,Pleasant Valley,Week1,251.0 Old Keene Mill - 145.0 Pleasant Valley
Orange Hunt,Week2,Canterbury Woods,Week3,233.0 Orange Hunt - 169.0 Canterbury Woods
Oakton ,Week3,Somerset-Olde Creek,Week1,353.0 Oakton - 49.0 Somerset-Olde Creek
Orange Hunt,Week1,Parklawn,Week2,289.0 Orange Hunt - 112.0 Parklawn
Oakton ,Week1,Rolling Valley,Week1,363.0 Oakton - 39.0 Rolling Valley
Old Keene Mill,Week5,Donaldson Run,Week1,286.0 Donaldson Run - 116.0 Old Keene Mill
Old Keene Mill,Week5,Donaldson Run,Week2,291.0 Donaldson Run - 111.0 Old Keene Mill
Orange Hunt,Week3,Overlee,Week2,322.0 Overlee - 80.0 Orange Hunt
Orange Hunt,Week5,Overlee,Week4,350.0 Overlee - 52.0 Orange Hunt
Orange Hunt,Week3,Forest Hollow,Week5,203.0 Orange Hunt - 199.0 Forest Hollow
Oakton ,Week3,Rolling Valley,Week3,343.0 Oakton - 59.0 Rolling Valley
Orange Hunt,Week5,Overlee,Week5,330.0 Overlee - 72.0 Orange Hunt
Orange Hunt,Week1,Parklawn,Week1,293.0 Orange Hunt - 100.0 Parklawn
Orange Hunt,Week4,Canterbury Woods,Week2,250.0 Orange Hunt - 152.0 Canterbury Woods
Oakton ,Week3,Somerset-Olde Creek,Week5,340.0 Oakton - 62.0 Somerset-Olde Creek
Old Keene Mill,Week5,Pleasant Valley,Week4,259.0 Old Keene Mill - 139.0 Pleasant Valley
Oakton ,Week4,Somerset-Olde Creek,Week1,356.0 Oakton - 46.0 Somerset-Olde Creek
Oakton ,Week3,Rolling Valley,Week1,357.0 Oakton - 45.0 Rolling Valley
Orange Hunt,Week1,Fox Hunt,Week5,222.0 Fox Hunt - 180.0 Orange Hunt
Orange Hunt,Week2,Fox Hunt,Week1,232.0 Orange Hunt - 170.0 Fox Hunt
Orange Hunt,Week3,Canterbury Woods,Week1,261.0 Orange Hunt - 141.0 Canterbury Woods
Oakton ,Week4,Somerset-Olde Creek,Week2,364.0 Oakton - 38.0 Somerset-Olde Creek
Oakton ,Week4,Rolling Valley,Week1,361.0 Oakton - 41.0 Rolling Valley
Old Keene Mill,Week2,Donaldson Run,Week1,305.0 Donaldson Run - 97.0 Old Keene Mill
Orange Hunt,Week3,Canterbury Woods,Week2,263.0 Orange Hunt - 139.0 Canterbury Woods
Orange Hunt,Week3,Canterbury Woods,Week3,250.0 Orange Hunt - 152.0 Canterbury Woods
Old Keene Mill,Week3,Pleasant Valley,Week2,240.0 Old Keene Mill - 162.0 Pleasant Valley
Orange Hunt,Week4,Forest Hollow,Week4,202.0 Forest Hollow - 200.0 Orange Hunt
Old Keene Mill,Week2,Poplar Heights,Week4,274.0 Poplar Heights - 128.0 Old Keene Mill
Orange Hunt,Week4,Canterbury Woods,Week5,238.0 Orange Hunt - 163.0 Canterbury Woods
Old Keene Mill,Week2,Poplar Heights,Week2,277.0 Poplar Heights - 125.0 Old Keene Mill
Orange Hunt,Week2,Fox Hunt,Week2,237.0 Orange Hunt - 165.0 Fox Hunt
Orange Hunt,Week2,Fox Hunt,Week3,210.0 Orange Hunt - 192.0 Fox Hunt
Old Keene Mill,Week2,Dowden Terrace,Week4,254.0 Dowden Terrace - 148.0 Old Keene Mill
Oakton ,Week1,Rolling Valley,Week4,340.0 Oakton - 62.0 Rolling Valley
Orange Hunt,Week3,Canterbury Woods,Week5,251.0 Orange Hunt - 150.0 Canterbury Woods
Orange Hunt,Week5,Forest Hollow,Week4,216.0 Orange Hunt - 186.0 Forest Hollow
Old Keene Mill,Week1,Dunn Loring,Week1,292.0 Dunn Loring - 110.0 Old Keene Mill
Oakton ,Week4,Somerset-Olde Creek,Week4,358.0 Oakton - 44.0 Somerset-Olde Creek
Old Keene Mill,Week3,Pleasant Valley,Week5,236.0 Old Keene Mill - 165.0 Pleasant Valley
Orange Hunt,Week2,Langley,Week1,238.0 Langley - 164.0 Orange Hunt
Orange Hunt,Week4,Canterbury Woods,Week1,252.0 Orange Hunt - 150.0 Canterbury Woods
Orange Hunt,Week4,Forest Hollow,Week1,205.0 Forest Hollow - 197.0 Orange Hunt
Oakton ,Week4,Somerset-Olde Creek,Week3,361.0 Oakton - 41.0 Somerset-Olde Creek
Orange Hunt,Week1,Parklawn,Week3,288.0 Orange Hunt - 113.0 Parklawn
Old Keene Mill,Week1,Poplar Heights,Week2,276.0 Poplar Heights - 126.0 Old Keene Mill
Old Keene Mill,Week1,Dowden Terrace,Week4,261.0 Dowden Terrace - 141.0 Old Keene Mill
Oakton ,Week4,Somerset-Olde Creek,Week5,351.0 Oakton - 51.0 Somerset-Olde Creek
Orange Hunt,Week1,Parklawn,Week5,260.0 Orange Hunt - 141.0 Parklawn
Old Keene Mill,Week3,Dowden Terrace,Week2,248.0 Dowden Terrace - 154.0 Old Keene Mill
Orange Hunt,Week2,Parklawn,Week5,261.5 Orange Hunt - 139.5 Parklawn
Orange Hunt,Week1,Parliament,Week3,259.0 Orange Hunt - 143.0 Parliament
Orange Hunt,Week2,Canterbury Woods,Week1,244.0 Orange Hunt - 158.0 Canterbury Woods
Old Keene Mill,Week1,Poplar Heights,Week1,271.0 Poplar Heights - 131.0 Old Keene Mill
Old Keene Mill,Week4,Dowden Terrace,Week5,281.0 Dowden Terrace - 121.0 Old Keene Mill
Oakton ,Week1,Rolling Valley,Week5,343.0 Oakton - 59.0 Rolling Valley
Old Keene Mill,Week1,Poplar Heights,Week3,279.5 Poplar Heights - 122.5 Old Keene Mill
Orange Hunt,Week4,Canterbury Woods,Week3,227.0 Orange Hunt - 175.0 Canterbury Woods
Orange Hunt,Week5,Forest Hollow,Week2,220.0 Orange Hunt - 182.0 Forest Hollow
Orange Hunt,Week2,Parklawn,Week3,292.0 Orange Hunt - 109.0 Parklawn
Orange Hunt,Week5,Lakeview,Week5,287.0 Orange Hunt - 106.0 Lakeview
Orange Hunt,Week2,Cardinal Hill,Week2,225.0 Cardinal Hill - 177.0 Orange Hunt
Orange Hunt,Week5,Canterbury Woods,Week2,264.0 Orange Hunt - 138.0 Canterbury Woods
Orange Hunt,Week5,Parklawn,Week2,292.0 Orange Hunt - 109.0 Parklawn
Orange Hunt,Week3,Parklawn,Week2,290.0 Orange Hunt - 111.0 Parklawn
Orange Hunt,Week1,Cardinal Hill,Week4,227.0 Cardinal Hill - 175.0 Orange Hunt
Orange Hunt,Week1,Fox Hunt,Week1,224.0 Orange Hunt - 178.0 Fox Hunt
Orange Hunt,Week2,Fox Hunt,Week4,236.0 Orange Hunt - 166.0 Fox Hunt
Old Keene Mill,Week2,Dowden Terrace,Week3,239.0 Dowden Terrace - 163.0 Old Keene Mill
Orange Hunt,Week5,Parklawn,Week4,292.0 Orange Hunt - 106.0 Parklawn
Old Keene Mill,Week3,Dowden Terrace,Week5,268.0 Dowden Terrace - 134.0 Old Keene Mill
Orange Hunt,Week4,Lakeview,Week1,305.0 Orange Hunt - 97.0 Lakeview
Old Keene Mill,Week2,Poplar Heights,Week3,270.0 Poplar Heights - 132.0 Old Keene Mill
Old Keene Mill,Week4,Poplar Heights,Week1,265.0 Poplar Heights - 137.0 Old Keene Mill
Orange Hunt,Week3,Forest Hollow,Week1,209.0 Orange Hunt - 193.0 Forest Hollow
Old Keene Mill,Week5,Dowden Terrace,Week4,243.0 Dowden Terrace - 159.0 Old Keene Mill
Orange Hunt,Week5,Lakeview,Week2,323.0 Orange Hunt - 79.0 Lakeview
Orange Hunt,Week2,Parliament,Week3,263.0 Orange Hunt - 139.0 Parliament
Orange Hunt,Week3,Lakeview,Week5,275.0 Orange Hunt - 118.0 Lakeview
Orange Hunt,Week1,Cardinal Hill,Week5,224.5 Cardinal Hill - 177.5 Orange Hunt
Old Keene Mill,Week3,Poplar Heights,Week2,265.0 Poplar Heights - 137.0 Old Keene Mill
Orange Hunt,Week2,Parliament,Week2,262.0 Orange Hunt - 140.0 Parliament
Orange Hunt,Week2,Cardinal Hill,Week1,238.0 Cardinal Hill - 164.0 Orange Hunt
Old Keene Mill,Week3,Poplar Heights,Week3,265.0 Poplar Heights - 137.0 Old Keene Mill
Orange Hunt,Week5,Forest Hollow,Week5,214.0 Orange Hunt - 188.0 Forest Hollow
Orange Hunt,Week4,Parklawn,Week2,269.0 Orange Hunt - 132.0 Parklawn
Orange Hunt,Week3,Forest Hollow,Week2,221.0 Orange Hunt - 181.0 Forest Hollow
Orange Hunt,Week3,Langley,Week3,231.0 Langley - 171.0 Orange Hunt
Old Keene Mill,Week4,Dowden Terrace,Week4,265.0 Dowden Terrace - 137.0 Old Keene Mill
Old Keene Mill,Week4,Poplar Heights,Week2,285.0 Poplar Heights - 117.0 Old Keene Mill
Old Keene Mill,Week2,Dunn Loring,Week1,271.0 Dunn Loring - 131.0 Old Keene Mill
Old Keene Mill,Week5,Dowden Terrace,Week5,251.0 Dowden Terrace - 151.0 Old Keene Mill
Orange Hunt,Week1,Parliament,Week2,258.0 Orange Hunt - 144.0 Parliament
Old Keene Mill,Week4,Dowden Terrace,Week2,257.0 Dowden Terrace - 145.0 Old Keene Mill
Old Keene Mill,Week2,Dunn Loring,Week3,312.0 Dunn Loring - 90.0 Old Keene Mill
Orange Hunt,Week2,Forest Hollow,Week5,218.0 Forest Hollow - 184.0 Orange Hunt
Old Keene Mill,Week4,Poplar Heights,Week3,284.0 Poplar Heights - 118.0 Old Keene Mill
Old Keene Mill,Week2,Dunn Loring,Week2,301.0 Dunn Loring - 101.0 Old Keene Mill
Orange Hunt,Week1,Langley,Week4,235.0 Langley - 167.0 Orange Hunt
Orange Hunt,Week5,Lakeview,Week1,318.0 Orange Hunt - 84.0 Lakeview
Orange Hunt,Week2,Parklawn,Week2,282.0 Orange Hunt - 119.0 Parklawn
Orange Hunt,Week1,Langley,Week5,228.0 Langley - 174.0 Orange Hunt
Old Keene Mill,Week2,Dunn Loring,Week4,311.0 Dunn Loring - 91.0 Old Keene Mill
Orange Hunt,Week2,Fox Mill Estates,Week5,249.0 Orange Hunt - 153.0 Fox Mill Estates
Orange Hunt,Week3,Cardinal Hill,Week3,236.5 Cardinal Hill - 165.5 Orange Hunt
Orange Hunt,Week4,Cardinal Hill,Week4,223.0 Cardinal Hill - 179.0 Orange Hunt
Orange Hunt,Week4,Forest Hollow,Week3,208.0 Forest Hollow - 194.0 Orange Hunt
Orange Hunt,Week1,Parliament,Week1,222.0 Orange Hunt - 179.0 Parliament
Orange Hunt,Week3,Lakeview,Week1,313.0 Orange Hunt - 89.0 Lakeview
Orange Hunt,Week3,Parklawn,Week3,299.0 Orange Hunt - 102.0 Parklawn
Old Keene Mill,Week4,Poplar Heights,Week4,289.0 Poplar Heights - 113.0 Old Keene Mill
Orange Hunt,Week2,Cardinal Hill,Week4,222.5 Cardinal Hill - 179.5 Orange Hunt
Old Keene Mill,Week5,Poplar Heights,Week3,262.0 Poplar Heights - 140.0 Old Keene Mill
Orange Hunt,Week4,Fox Hunt,Week4,206.0 Orange Hunt - 196.0 Fox Hunt
Orange Hunt,Week3,Fox Hunt,Week2,244.0 Orange Hunt - 158.0 Fox Hunt
Old Keene Mill,Week2,Dowden Terrace,Week5,265.0 Dowden Terrace - 137.0 Old Keene Mill
Orange Hunt,Week1,Langley,Week3,236.0 Langley - 166.0 Orange Hunt
Old Keene Mill,Week4,Dowden Terrace,Week1,246.0 Dowden Terrace - 156.0 Old Keene Mill
Orange Hunt,Week4,Cardinal Hill,Week2,209.0 Cardinal Hill - 193.0 Orange Hunt
Orange Hunt,Week2,Cardinal Hill,Week5,214.0 Cardinal Hill - 188.0 Orange Hunt
Old Keene Mill,Week5,Poplar Heights,Week1,260.0 Poplar Heights - 142.0 Old Keene Mill
Old Keene Mill,Week5,Poplar Heights,Week2,277.0 Poplar Heights - 125.0 Old Keene Mill
Old Keene Mill,Week4,Poplar Heights,Week5,290.0 Poplar Heights - 112.0 Old Keene Mill
Orange Hunt,Week4,Lakeview,Week5,279.0 Orange Hunt - 114.0 Lakeview
Orange Hunt,Week4,Fox Hunt,Week5,222.0 Fox Hunt - 180.0 Orange Hunt
Orange Hunt,Week4,Cardinal Hill,Week1,227.0 Cardinal Hill - 175.0 Orange Hunt
Orange Hunt,Week1,Parliament,Week5,238.0 Orange Hunt - 163.0 Parliament
Orange Hunt,Week1,Parliament,Week4,245.0 Orange Hunt - 157.0 Parliament
Old Keene Mill,Week2,Poplar Tree,Week1,277.0 Poplar Tree - 124.0 Old Keene Mill
Orange Hunt,Week4,Fox Mill Estates,Week1,255.0 Orange Hunt - 147.0 Fox Mill Estates
Orange Hunt,Week3,Lakeview,Week4,281.0 Orange Hunt - 121.0 Lakeview
Orange Hunt,Week1,Fox Mill Estates,Week1,261.0 Orange Hunt - 141.0 Fox Mill Estates
Orange Hunt,Week1,Chesterbrook,Week2,335.0 Chesterbrook - 67.0 Orange Hunt
Old Keene Mill,Week1,Dowden Terrace,Week2,253.0 Dowden Terrace - 149.0 Old Keene Mill
Orange Hunt,Week4,Langley,Week1,247.0 Langley - 155.0 Orange Hunt
Orange Hunt,Week4,Lakeview,Week3,294.0 Orange Hunt - 108.0 Lakeview
Old Keene Mill,Week2,Poplar Tree,Week2,262.0 Poplar Tree - 140.0 Old Keene Mill
Orange Hunt,Week5,Langley,Week4,214.0 Langley - 188.0 Orange Hunt
Old Keene Mill,Week1,Poplar Tree,Week5,303.5 Poplar Tree - 98.5 Old Keene Mill
Orange Hunt,Week4,Parklawn,Week1,286.0 Orange Hunt - 107.0 Parklawn
Orange Hunt,Week1,Fox Mill Estates,Week4,216.0 Orange Hunt - 186.0 Fox Mill Estates
Orange Hunt,Week5,Cardinal Hill,Week5,203.0 Cardinal Hill - 199.0 Orange Hunt
Old Keene Mill,Week5,Donaldson Run,Week5,315.0 Donaldson Run - 82.0 Old Keene Mill
Orange Hunt,Week4,Langley,Week2,229.0 Langley - 173.0 Orange Hunt
Orange Hunt,Week2,Parliament,Week1,227.0 Orange Hunt - 175.0 Parliament
Orange Hunt,Week5,Fox Hunt,Week5,229.0 Orange Hunt - 173.0 Fox Hunt
Orange Hunt,Week3,Parklawn,Week5,270.0 Orange Hunt - 131.0 Parklawn
Old Keene Mill,Week1,Poplar Tree,Week1,287.0 Poplar Tree - 114.0 Old Keene Mill
Orange Hunt,Week2,Chesterbrook,Week2,325.0 Chesterbrook - 77.0 Orange Hunt
Old Keene Mill,Week1,Poplar Tree,Week3,294.0 Poplar Tree - 107.0 Old Keene Mill
Orange Hunt,Week2,Chesterbrook,Week4,310.0 Chesterbrook - 92.0 Orange Hunt
Old Keene Mill,Week4,Dowden Terrace,Week3,252.0 Dowden Terrace - 150.0 Old Keene Mill
Orange Hunt,Week3,Cardinal Hill,Week5,213.0 Cardinal Hill - 189.0 Orange Hunt
Orange Hunt,Week3,Parklawn,Week4,281.0 Orange Hunt - 119.0 Parklawn
Old Keene Mill,Week1,Dowden Terrace,Week3,244.0 Dowden Terrace - 158.0 Old Keene Mill
Old Keene Mill,Week2,Dowden Terrace,Week1,234.0 Dowden Terrace - 168.0 Old Keene Mill
Orange Hunt,Week3,Fox Hunt,Week5,211.0 Fox Hunt - 191.0 Orange Hunt
Orange Hunt,Week3,Parklawn,Week1,304.0 Orange Hunt - 89.0 Parklawn
Orange Hunt,Week2,Fox Hunt,Week5,209.0 Fox Hunt - 193.0 Orange Hunt
Orange Hunt,Week5,Cardinal Hill,Week3,226.0 Cardinal Hill - 176.0 Orange Hunt
Oakton ,Week1,Sideburn Run,Week5,248.0 Oakton - 154.0 Sideburn Run
Oakton ,Week5,Sideburn Run,Week2,280.5 Oakton - 121.5 Sideburn Run
Orange Hunt,Week5,Cardinal Hill,Week1,227.0 Cardinal Hill - 175.0 Orange Hunt
Oakton ,Week1,Sideburn Run,Week4,263.0 Oakton - 139.0 Sideburn Run
Orange Hunt,Week4,Lakeview,Week2,312.0 Orange Hunt - 90.0 Lakeview
Oakton ,Week5,Sideburn Run,Week3,269.0 Oakton - 133.0 Sideburn Run
Old Keene Mill,Week2,Dowden Terrace,Week2,245.0 Dowden Terrace - 157.0 Old Keene Mill
Orange Hunt,Week1,Chesterbrook,Week5,332.0 Chesterbrook - 70.0 Orange Hunt
Orange Hunt,Week4,Parklawn,Week5,256.0 Orange Hunt - 145.0 Parklawn
Orange Hunt,Week2,Fox Mill Estates,Week2,241.0 Orange Hunt - 161.0 Fox Mill Estates
Orange Hunt,Week5,Parklawn,Week1,304.0 Orange Hunt - 88.0 Parklawn
Old Keene Mill,Week2,Poplar Tree,Week5,292.0 Poplar Tree - 110.0 Old Keene Mill
Old Keene Mill,Week3,Dowden Terrace,Week3,232.0 Dowden Terrace - 170.0 Old Keene Mill
Old Keene Mill,Week3,Poplar Tree,Week5,285.0 Poplar Tree - 117.0 Old Keene Mill
Orange Hunt,Week3,Lakeview,Week3,297.0 Orange Hunt - 105.0 Lakeview
Orange Hunt,Week5,Fox Hunt,Week4,253.0 Orange Hunt - 149.0 Fox Hunt
Old Keene Mill,Week5,Dowden Terrace,Week1,230.0 Dowden Terrace - 172.0 Old Keene Mill
Orange Hunt,Week2,Lakeview,Week5,283.0 Orange Hunt - 110.0 Lakeview
Orange Hunt,Week1,Langley,Week1,227.5 Langley - 174.5 Orange Hunt
Orange Hunt,Week5,Lakeview,Week4,294.0 Orange Hunt - 108.0 Lakeview
Old Keene Mill,Week3,Poplar Tree,Week3,277.0 Poplar Tree - 125.0 Old Keene Mill
Orange Hunt,Week2,Fox Mill Estates,Week3,247.0 Orange Hunt - 155.0 Fox Mill Estates
Old Keene Mill,Week2,Poplar Tree,Week3,274.0 Poplar Tree - 128.0 Old Keene Mill
Old Keene Mill,Week3,Poplar Tree,Week2,257.0 Poplar Tree - 145.0 Old Keene Mill
Orange Hunt,Week4,Parklawn,Week3,281.0 Orange Hunt - 120.0 Parklawn
Orange Hunt,Week2,Parklawn,Week4,263.0 Orange Hunt - 137.0 Parklawn
Orange Hunt,Week5,Parklawn,Week3,312.0 Orange Hunt - 90.0 Parklawn
Orange Hunt,Week1,Chesterbrook,Week4,329.0 Chesterbrook - 73.0 Orange Hunt
Old Keene Mill,Week5,Dowden Terrace,Week3,230.0 Dowden Terrace - 172.0 Old Keene Mill
Old Keene Mill,Week1,Dowden Terrace,Week5,280.0 Dowden Terrace - 122.0 Old Keene Mill
Orange Hunt,Week5,Cardinal Hill,Week4,205.0 Cardinal Hill - 197.0 Orange Hunt
Orange Hunt,Week2,Fox Mill Estates,Week4,236.0 Orange Hunt - 166.0 Fox Mill Estates
Orange Hunt,Week5,Laurel Hill,Week5,272.0 Orange Hunt - 130.0 Laurel Hill
Old Keene Mill,Week4,Poplar Tree,Week4,268.0 Poplar Tree - 133.0 Old Keene Mill
Old Keene Mill,Week1,Dunn Loring,Week3,319.0 Dunn Loring - 83.0 Old Keene Mill
Orange Hunt,Week4,Cardinal Hill,Week3,253.0 Cardinal Hill - 149.0 Orange Hunt
Oakton ,Week2,Sideburn Run,Week1,258.5 Oakton - 143.5 Sideburn Run
Orange Hunt,Week1,Lee Graham,Week1,260.0 Lee Graham - 142.0 Orange Hunt
Orange Hunt,Week2,Chesterbrook,Week1,306.0 Chesterbrook - 96.0 Orange Hunt
Orange Hunt,Week5,Lakeview,Week3,302.0 Orange Hunt - 100.0 Lakeview
Oakton ,Week5,Shouse Village,Week5,240.0 Oakton - 162.0 Shouse Village
Old Keene Mill,Week4,Poplar Tree,Week2,263.5 Poplar Tree - 138.5 Old Keene Mill
Old Keene Mill,Week1,Poplar Tree,Week4,276.0 Poplar Tree - 125.0 Old Keene Mill
Orange Hunt,Week1,Lee Graham,Week5,279.0 Lee Graham - 123.0 Orange Hunt
Old Keene Mill,Week5,Poplar Heights,Week5,269.0 Poplar Heights - 133.0 Old Keene Mill
Orange Hunt,Week2,Chesterbrook,Week3,343.0 Chesterbrook - 59.0 Orange Hunt
Orange Hunt,Week3,Fox Hunt,Week3,205.0 Orange Hunt - 197.0 Fox Hunt
Orange Hunt,Week3,Fox Hunt,Week4,224.0 Orange Hunt - 178.0 Fox Hunt
Orange Hunt,Week5,Parklawn,Week5,284.0 Orange Hunt - 118.0 Parklawn
Old Keene Mill,Week4,Poplar Tree,Week1,281.0 Poplar Tree - 120.0 Old Keene Mill
Orange Hunt,Week2,Langley,Week2,221.0 Langley - 181.0 Orange Hunt
Old Keene Mill,Week3,Dowden Terrace,Week4,244.0 Dowden Terrace - 158.0 Old Keene Mill
Orange Hunt,Week3,Chesterbrook,Week1,302.0 Chesterbrook - 100.0 Orange Hunt
Orange Hunt,Week5,Fox Hunt,Week2,261.0 Orange Hunt - 141.0 Fox Hunt
Orange Hunt,Week3,Lakeview,Week2,318.5 Orange Hunt - 83.5 Lakeview
Orange Hunt,Week1,Langley,Week2,222.0 Langley - 180.0 Orange Hunt
Oakton ,Week5,Sideburn Run,Week4,270.0 Oakton - 132.0 Sideburn Run
Orange Hunt,Week3,Cardinal Hill,Week2,202.0 Cardinal Hill - 200.0 Orange Hunt
Orange Hunt,Week4,Parklawn,Week4,259.0 Orange Hunt - 141.0 Parklawn
Orange Hunt,Week4,Lakeview,Week4,273.0 Orange Hunt - 129.0 Lakeview
Old Keene Mill,Week1,Dunn Loring,Week5,325.0 Dunn Loring - 77.0 Old Keene Mill
Orange Hunt,Week3,Cardinal Hill,Week4,219.0 Cardinal Hill - 183.0 Orange Hunt
Orange Hunt,Week4,Fox Hunt,Week3,201.0 Orange Hunt - 196.0 Fox Hunt
Oakton ,Week5,Sideburn Run,Week1,263.0 Oakton - 139.0 Sideburn Run
Old Keene Mill,Week1,Dunn Loring,Week2,316.0 Dunn Loring - 86.0 Old Keene Mill
Oakton ,Week4,Sideburn Run,Week1,250.0 Oakton - 152.0 Sideburn Run
Orange Hunt,Week4,Fox Mill Estates,Week5,246.0 Orange Hunt - 156.0 Fox Mill Estates
Old Keene Mill,Week5,Dowden Terrace,Week2,239.0 Dowden Terrace - 158.0 Old Keene Mill
Old Keene Mill,Week3,Poplar Tree,Week1,271.0 Poplar Tree - 131.0 Old Keene Mill
Orange Hunt,Week3,Langley,Week1,231.0 Langley - 171.0 Orange Hunt
Orange Hunt,Week3,Lee Graham,Week2,257.0 Lee Graham - 145.0 Orange Hunt
Oakton ,Week2,Sideburn Run,Week3,268.0 Oakton - 134.0 Sideburn Run
Orange Hunt,Week3,Chesterbrook,Week3,340.0 Chesterbrook - 62.0 Orange Hunt
Orange Hunt,Week3,Chesterbrook,Week4,314.0 Chesterbrook - 88.0 Orange Hunt
Orange Hunt,Week3,Langley,Week2,214.0 Langley - 188.0 Orange Hunt
Orange Hunt,Week2,Lee Graham,Week4,254.0 Lee Graham - 148.0 Orange Hunt
Orange Hunt,Week2,Langley,Week3,238.0 Langley - 164.0 Orange Hunt
Orange Hunt,Week2,Chesterbrook,Week5,327.0 Chesterbrook - 75.0 Orange Hunt
Orange Hunt,Week2,Langley,Week5,234.0 Langley - 168.0 Orange Hunt
Orange Hunt,Week3,Chesterbrook,Week2,322.0 Chesterbrook - 80.0 Orange Hunt
Old Keene Mill,Week1,Fair Oaks ,Week4,283.0 Fair Oaks - 119.0 Old Keene Mill
Oakton ,Week5,Sideburn Run,Week5,250.0 Oakton - 152.0 Sideburn Run
Oakton ,Week2,Sideburn Run,Week4,264.5 Oakton - 137.5 Sideburn Run
Orange Hunt,Week2,Lincolnia Park,Week1,318.0 Orange Hunt - 84.0 Lincolnia Park
Orange Hunt,Week2,Langley,Week4,244.0 Langley - 158.0 Orange Hunt
Old Keene Mill,Week5,Poplar Tree,Week1,264.0 Poplar Tree - 138.0 Old Keene Mill
Old Keene Mill,Week1,Fair Oaks ,Week2,250.0 Fair Oaks - 152.0 Old Keene Mill
Orange Hunt,Week1,Fox Mill Estates,Week3,248.0 Orange Hunt - 154.0 Fox Mill Estates
Old Keene Mill,Week1,Dunn Loring,Week4,322.5 Dunn Loring - 79.5 Old Keene Mill
Old Keene Mill,Week1,Poplar Tree,Week2,275.0 Poplar Tree - 127.0 Old Keene Mill
Orange Hunt,Week5,Fox Hunt,Week1,269.0 Orange Hunt - 133.0 Fox Hunt
Old Keene Mill,Week4,Poplar Tree,Week5,294.0 Poplar Tree - 108.0 Old Keene Mill
Old Keene Mill,Week2,Fair Oaks ,Week1,264.0 Fair Oaks - 138.0 Old Keene Mill
Old Keene Mill,Week2,Fair Oaks ,Week2,242.0 Fair Oaks - 160.0 Old Keene Mill
Oakton ,Week2,Sideburn Run,Week5,253.0 Oakton - 149.0 Sideburn Run
Orange Hunt,Week5,Lee Graham,Week5,243.0 Lee Graham - 159.0 Orange Hunt
Old Keene Mill,Week4,Poplar Tree,Week3,282.0 Poplar Tree - 119.0 Old Keene Mill
Orange Hunt,Week1,Fox Mill Estates,Week5,234.0 Orange Hunt - 168.0 Fox Mill Estates
Orange Hunt,Week4,Fox Hunt,Week2,220.0 Orange Hunt - 182.0 Fox Hunt
Orange Hunt,Week3,Fox Hunt,Week1,236.0 Orange Hunt - 166.0 Fox Hunt
Old Keene Mill,Week5,Poplar Tree,Week2,245.0 Poplar Tree - 157.0 Old Keene Mill
Oakton ,Week2,Sideburn Run,Week2,281.0 Oakton - 121.0 Sideburn Run
Old Keene Mill,Week2,Dunn Loring,Week5,316.5 Dunn Loring - 85.5 Old Keene Mill
Oakton ,Week3,Sideburn Run,Week1,257.0 Oakton - 145.0 Sideburn Run
Orange Hunt,Week1,Fox Mill Estates,Week2,246.0 Orange Hunt - 156.0 Fox Mill Estates
Old Keene Mill,Week3,Dunn Loring,Week4,313.0 Dunn Loring - 89.0 Old Keene Mill
Orange Hunt,Week5,Fox Hunt,Week3,238.0 Orange Hunt - 164.0 Fox Hunt
Old Keene Mill,Week4,Dunn Loring,Week3,321.0 Dunn Loring - 81.0 Old Keene Mill
Orange Hunt,Week3,Chesterbrook,Week5,319.5 Chesterbrook - 82.5 Orange Hunt
Orange Hunt,Week4,Cardinal Hill,Week5,217.0 Cardinal Hill - 185.0 Orange Hunt
Orange Hunt,Week3,Lee Graham,Week4,253.0 Lee Graham - 149.0 Orange Hunt
Old Keene Mill,Week3,Fair Oaks ,Week5,274.0 Fair Oaks - 128.0 Old Keene Mill
Orange Hunt,Week4,Chesterbrook,Week2,327.0 Chesterbrook - 75.0 Orange Hunt
Old Keene Mill,Week3,Poplar Tree,Week4,267.0 Poplar Tree - 135.0 Old Keene Mill
Orange Hunt,Week2,Fox Mill Estates,Week1,264.0 Orange Hunt - 138.0 Fox Mill Estates
Orange Hunt,Week4,Chesterbrook,Week1,318.0 Chesterbrook - 79.0 Orange Hunt
Oakton ,Week3,Sideburn Run,Week4,258.0 Oakton - 144.0 Sideburn Run
Orange Hunt,Week4,Langley,Week3,244.0 Langley - 158.0 Orange Hunt
Orange Hunt,Week1,Lee Graham,Week2,270.0 Lee Graham - 132.0 Orange Hunt
Orange Hunt,Week4,Langley,Week4,252.0 Langley - 150.0 Orange Hunt
Orange Hunt,Week4,Langley,Week5,229.0 Langley - 173.0 Orange Hunt
Orange Hunt,Week3,Langley,Week5,223.0 Langley - 179.0 Orange Hunt
Oakton ,Week1,Sideburn Run,Week1,250.0 Oakton - 152.0 Sideburn Run
Orange Hunt,Week1,Chesterbrook,Week3,347.0 Chesterbrook - 55.0 Orange Hunt
Old Keene Mill,Week2,Poplar Tree,Week4,259.0 Poplar Tree - 143.0 Old Keene Mill
Orange Hunt,Week4,Lee Graham,Week1,250.0 Lee Graham - 147.0 Orange Hunt
Old Keene Mill,Week5,Ravensworth Farm,Week1,268.0 Ravensworth Farm - 134.0 Old Keene Mill
Orange Hunt,Week2,Lee Graham,Week2,256.0 Lee Graham - 146.0 Orange Hunt
Orange Hunt,Week4,Fox Hunt,Week1,232.0 Orange Hunt - 170.0 Fox Hunt
Oakton ,Week4,Sideburn Run,Week2,272.0 Oakton - 130.0 Sideburn Run
Orange Hunt,Week3,Fox Mill Estates,Week1,270.0 Orange Hunt - 132.0 Fox Mill Estates
Orange Hunt,Week4,Lee Graham,Week2,256.0 Lee Graham - 146.0 Orange Hunt
Orange Hunt,Week3,Fox Mill Estates,Week4,238.0 Orange Hunt - 164.0 Fox Mill Estates
Old Keene Mill,Week2,Ravensworth Farm,Week3,276.0 Ravensworth Farm - 126.0 Old Keene Mill
Orange Hunt,Week3,Fox Mill Estates,Week3,260.0 Orange Hunt - 142.0 Fox Mill Estates
Orange Hunt,Week3,Langley,Week4,231.0 Langley - 171.0 Orange Hunt
Orange Hunt,Week5,Langley,Week1,225.0 Langley - 177.0 Orange Hunt
Old Keene Mill,Week2,Fair Oaks ,Week5,297.0 Fair Oaks - 105.0 Old Keene Mill
Old Keene Mill,Week4,Dunn Loring,Week2,325.0 Dunn Loring - 77.0 Old Keene Mill
Orange Hunt,Week3,Lee Graham,Week1,245.0 Lee Graham - 157.0 Orange Hunt
Oakton ,Week4,Sideburn Run,Week4,268.0 Oakton - 134.0 Sideburn Run
Orange Hunt,Week1,Chesterbrook,Week1,313.0 Chesterbrook - 89.0 Orange Hunt
Oakton ,Week1,Sideburn Run,Week3,248.0 Oakton - 154.0 Sideburn Run
Orange Hunt,Week5,Langley,Week2,210.0 Langley - 192.0 Orange Hunt
Old Keene Mill,Week1,Fair Oaks ,Week5,294.0 Fair Oaks - 108.0 Old Keene Mill
Old Keene Mill,Week1,Riverside Gardens,Week1,306.0 Riverside Gardens - 96.0 Old Keene Mill
Orange Hunt,Week2,Lee Graham,Week1,236.0 Lee Graham - 166.0 Orange Hunt
Old Keene Mill,Week5,Ravensworth Farm,Week3,250.0 Ravensworth Farm - 152.0 Old Keene Mill
Orange Hunt,Week5,Cardinal Hill,Week2,208.0 Orange Hunt - 194.0 Cardinal Hill
Orange Hunt,Week5,Rolling Hills,Week1,269.0 Orange Hunt - 133.0 Rolling Hills
Overlee,Week4,Newington Forest,Week3,395.0 Overlee - 7.0 Newington Forest
Orange Hunt,Week3,Rolling Hills,Week5,256.5 Orange Hunt - 145.5 Rolling Hills
Overlee,Week1,North Springfield,Week4,360.0 Overlee - 32.0 North Springfield
Overlee,Week2,Sideburn Run,Week4,332.0 Overlee - 70.0 Sideburn Run
Overlee,Week5,Sideburn Run,Week2,352.0 Overlee - 50.0 Sideburn Run
Orange Hunt,Week2,Rolling Hills,Week5,248.0 Orange Hunt - 154.0 Rolling Hills
Orange Hunt,Week4,Wakefield Chapel,Week5,278.0 Wakefield Chapel - 124.0 Orange Hunt
Parklawn,Week3,Dowden Terrace,Week2,271.0 Dowden Terrace - 130.0 Parklawn
Orange Hunt,Week4,Rolling Hills,Week2,244.0 Orange Hunt - 153.0 Rolling Hills
Orange Hunt,Week4,Rolling Hills,Week5,250.0 Orange Hunt - 152.0 Rolling Hills
Parklawn,Week5,Dowden Terrace,Week3,259.0 Dowden Terrace - 143.0 Parklawn
Orange Hunt,Week2,Rolling Hills,Week3,241.0 Orange Hunt - 161.0 Rolling Hills
Orange Hunt,Week3,Rolling Hills,Week1,266.0 Orange Hunt - 136.0 Rolling Hills
Parklawn,Week2,Dunn Loring,Week2,333.0 Dunn Loring - 69.0 Parklawn
Orange Hunt,Week3,Rolling Hills,Week2,247.0 Orange Hunt - 155.0 Rolling Hills
Overlee,Week2,Sleepy Hollow B & R,Week4,327.0 Overlee - 75.0 Sleepy Hollow B & R
Orange Hunt,Week4,Walden Glen,Week5,227.0 Orange Hunt - 175.0 Walden Glen
Orange Hunt,Week3,Walden Glen,Week5,237.0 Orange Hunt - 165.0 Walden Glen
Orange Hunt,Week1,Rolling Hills,Week3,232.0 Orange Hunt - 170.0 Rolling Hills
Overlee,Week4,Newington Forest,Week1,393.0 Overlee - 9.0 Newington Forest
Parklawn,Week1,Dunn Loring,Week1,321.0 Dunn Loring - 72.0 Parklawn
Parklawn,Week5,Dowden Terrace,Week1,251.0 Dowden Terrace - 142.0 Parklawn
Overlee,Week1,North Springfield,Week2,360.0 Overlee - 28.0 North Springfield
Orange Hunt,Week3,Walden Glen,Week3,254.0 Orange Hunt - 148.0 Walden Glen
Overlee,Week2,North Springfield,Week1,334.0 Overlee - 17.0 North Springfield
Overlee,Week2,Sideburn Run,Week1,313.0 Overlee - 89.0 Sideburn Run
Overlee,Week4,North Springfield,Week4,377.0 Overlee - 15.0 North Springfield
Orange Hunt,Week2,Walden Glen,Week5,232.0 Orange Hunt - 170.0 Walden Glen
Overlee,Week3,Sleepy Hollow B & R,Week1,323.0 Overlee - 79.0 Sleepy Hollow B & R
Overlee,Week5,Sleepy Hollow B & R,Week1,359.0 Overlee - 43.0 Sleepy Hollow B & R
Orange Hunt,Week1,Waynewood,Week3,258.0 Waynewood - 144.0 Orange Hunt
Orange Hunt,Week5,Rolling Hills,Week5,262.0 Orange Hunt - 140.0 Rolling Hills
Orange Hunt,Week3,Rolling Hills,Week3,251.0 Orange Hunt - 151.0 Rolling Hills
Overlee,Week3,Newington Forest,Week2,373.0 Overlee - 29.0 Newington Forest
Parklawn,Week4,Dowden Terrace,Week1,238.0 Dowden Terrace - 155.0 Parklawn
Overlee,Week4,Sleepy Hollow B & R,Week1,372.0 Overlee - 30.0 Sleepy Hollow B & R
Orange Hunt,Week2,Walden Glen,Week4,253.0 Orange Hunt - 149.0 Walden Glen
Orange Hunt,Week3,Rolling Hills,Week4,250.0 Orange Hunt - 151.0 Rolling Hills
Orange Hunt,Week5,Rolling Hills,Week2,258.0 Orange Hunt - 144.0 Rolling Hills
Overlee,Week5,Sleepy Hollow B & R,Week4,351.0 Overlee - 51.0 Sleepy Hollow B & R
Orange Hunt,Week3,Walden Glen,Week1,294.0 Orange Hunt - 108.0 Walden Glen
Overlee,Week2,Sleepy Hollow B & R,Week5,307.0 Overlee - 95.0 Sleepy Hollow B & R
Overlee,Week4,Sleepy Hollow B & R,Week3,356.0 Overlee - 46.0 Sleepy Hollow B & R
Parklawn,Week2,Dowden Terrace,Week5,285.0 Dowden Terrace - 117.0 Parklawn
Parklawn,Week4,Dowden Terrace,Week4,251.0 Dowden Terrace - 151.0 Parklawn
Orange Hunt,Week4,Rolling Hills,Week4,251.0 Orange Hunt - 150.0 Rolling Hills
Parklawn,Week1,Dunn Loring,Week3,353.0 Dunn Loring - 40.0 Parklawn
Overlee,Week1,Sleepy Hollow Rec,Week1,366.0 Overlee - 36.0 Sleepy Hollow Rec
Overlee,Week1,Sleepy Hollow B & R,Week2,303.0 Overlee - 99.0 Sleepy Hollow B & R
Parklawn,Week1,Dunn Loring,Week4,352.5 Dunn Loring - 40.5 Parklawn
Orange Hunt,Week5,Walden Glen,Week2,276.0 Orange Hunt - 122.0 Walden Glen
Overlee,Week3,North Springfield,Week3,370.0 Overlee - 27.0 North Springfield
Overlee,Week4,Sideburn Run,Week5,341.0 Overlee - 61.0 Sideburn Run
Overlee,Week4,Newington Forest,Week4,393.0 Overlee - 9.0 Newington Forest
Orange Hunt,Week2,Walden Glen,Week3,241.0 Orange Hunt - 161.0 Walden Glen
Overlee,Week1,North Springfield,Week5,337.0 Overlee - 37.0 North Springfield
Parklawn,Week2,Dowden Terrace,Week4,278.0 Dowden Terrace - 124.0 Parklawn
Orange Hunt,Week3,Wakefield Chapel,Week4,240.0 Wakefield Chapel - 162.0 Orange Hunt
Overlee,Week3,Newington Forest,Week4,375.0 Overlee - 27.0 Newington Forest
Parklawn,Week3,Dunn Loring,Week2,340.0 Dunn Loring - 62.0 Parklawn
Overlee,Week4,Newington Forest,Week5,389.0 Overlee - 13.0 Newington Forest
Orange Hunt,Week4,Walden Glen,Week2,267.0 Orange Hunt - 134.0 Walden Glen
Orange Hunt,Week5,Walden Glen,Week5,256.0 Orange Hunt - 145.0 Walden Glen
Orange Hunt,Week2,Rolling Hills,Week2,254.0 Orange Hunt - 148.0 Rolling Hills
Overlee,Week1,Sleepy Hollow B & R,Week4,309.0 Overlee - 93.0 Sleepy Hollow B & R
Parklawn,Week3,Dowden Terrace,Week1,268.0 Dowden Terrace - 125.0 Parklawn
Parklawn,Week4,Dowden Terrace,Week5,278.0 Dowden Terrace - 124.0 Parklawn
Overlee,Week2,North Springfield,Week4,367.0 Overlee - 25.0 North Springfield
Parklawn,Week2,Dowden Terrace,Week3,264.0 Dowden Terrace - 138.0 Parklawn
Overlee,Week4,Newington Forest,Week2,391.0 Overlee - 11.0 Newington Forest
Orange Hunt,Week4,Rolling Hills,Week1,253.0 Orange Hunt - 149.0 Rolling Hills
Orange Hunt,Week4,Rolling Hills,Week3,249.0 Orange Hunt - 153.0 Rolling Hills
Overlee,Week3,Sideburn Run,Week2,326.0 Overlee - 76.0 Sideburn Run
Orange Hunt,Week5,Wakefield Chapel,Week1,257.0 Wakefield Chapel - 145.0 Orange Hunt
Overlee,Week5,Sideburn Run,Week4,351.0 Overlee - 51.0 Sideburn Run
Orange Hunt,Week5,Walden Glen,Week4,271.0 Orange Hunt - 130.0 Walden Glen
Parklawn,Week2,Dunn Loring,Week1,311.0 Dunn Loring - 91.0 Parklawn
Orange Hunt,Week1,Walden Glen,Week1,285.0 Orange Hunt - 116.0 Walden Glen
Parklawn,Week4,Dowden Terrace,Week2,248.0 Dowden Terrace - 148.0 Parklawn
Orange Hunt,Week1,Waynewood,Week2,227.0 Waynewood - 175.0 Orange Hunt
Overlee,Week3,Newington Forest,Week1,380.0 Overlee - 22.0 Newington Forest
Overlee,Week5,Newington Forest,Week4,386.0 Overlee - 16.0 Newington Forest
Overlee,Week1,North Springfield,Week3,361.0 Overlee - 36.0 North Springfield
Overlee,Week2,Sleepy Hollow B & R,Week3,331.0 Overlee - 71.0 Sleepy Hollow B & R
Orange Hunt,Week3,Walden Glen,Week2,264.0 Orange Hunt - 137.0 Walden Glen
Orange Hunt,Week5,Rolling Hills,Week3,254.0 Orange Hunt - 148.0 Rolling Hills
Parklawn,Week3,Dowden Terrace,Week5,295.0 Dowden Terrace - 107.0 Parklawn
Overlee,Week5,Newington Forest,Week3,389.0 Overlee - 13.0 Newington Forest
Parklawn,Week5,Dowden Terrace,Week5,270.0 Dowden Terrace - 132.0 Parklawn
Overlee,Week2,Newington Forest,Week5,372.0 Overlee - 30.0 Newington Forest
Overlee,Week1,Sleepy Hollow B & R,Week1,324.0 Overlee - 78.0 Sleepy Hollow B & R
Overlee,Week1,Sleepy Hollow B & R,Week3,312.0 Overlee - 90.0 Sleepy Hollow B & R
Parklawn,Week3,Dunn Loring,Week1,306.0 Dunn Loring - 96.0 Parklawn
Overlee,Week1,Sleepy Hollow B & R,Week5,274.0 Overlee - 128.0 Sleepy Hollow B & R
Orange Hunt,Week2,Walden Glen,Week2,267.0 Orange Hunt - 134.0 Walden Glen
Overlee,Week1,North Springfield,Week1,329.0 Overlee - 22.0 North Springfield
Orange Hunt,Week5,Walden Glen,Week3,271.0 Orange Hunt - 130.0 Walden Glen
Orange Hunt,Week1,Rolling Hills,Week2,236.0 Orange Hunt - 166.0 Rolling Hills
Orange Hunt,Week5,Rolling Hills,Week4,266.0 Orange Hunt - 136.0 Rolling Hills
Overlee,Week3,Sleepy Hollow B & R,Week4,310.0 Overlee - 92.0 Sleepy Hollow B & R
Orange Hunt,Week1,Rolling Hills,Week5,243.0 Orange Hunt - 159.0 Rolling Hills
Overlee,Week1,Oakton ,Week3,275.0 Overlee - 127.0 Oakton
Parklawn,Week2,Dowden Terrace,Week2,260.0 Dowden Terrace - 141.0 Parklawn
Orange Hunt,Week5,Rolling Forest,Week5,230.0 Orange Hunt - 172.0 Rolling Forest
Orange Hunt,Week1,Waynewood,Week5,234.5 Waynewood - 167.5 Orange Hunt
Overlee,Week4,Sleepy Hollow B & R,Week4,354.0 Overlee - 48.0 Sleepy Hollow B & R
Orange Hunt,Week1,Waynewood,Week4,225.0 Waynewood - 177.0 Orange Hunt
Parklawn,Week3,Dowden Terrace,Week3,275.5 Dowden Terrace - 126.5 Parklawn
Orange Hunt,Week1,Rolling Hills,Week4,246.0 Orange Hunt - 155.0 Rolling Hills
Parklawn,Week5,Dowden Terrace,Week2,241.0 Dowden Terrace - 155.0 Parklawn
Overlee,Week3,Oakton ,Week3,282.0 Overlee - 120.0 Oakton
Parklawn,Week2,Dunn Loring,Week5,338.5 Dunn Loring - 62.5 Parklawn
Overlee,Week3,North Springfield,Week1,335.0 Overlee - 16.0 North Springfield
Overlee,Week3,Sleepy Hollow B & R,Week2,300.0 Overlee - 102.0 Sleepy Hollow B & R
Overlee,Week2,North Springfield,Week3,366.0 Overlee - 31.0 North Springfield
Orange Hunt,Week2,Rolling Hills,Week1,262.0 Orange Hunt - 140.0 Rolling Hills
Parklawn,Week2,Dunn Loring,Week4,338.0 Dunn Loring - 63.0 Parklawn
Overlee,Week5,North Springfield,Week1,339.0 Overlee - 12.0 North Springfield
Overlee,Week3,Sleepy Hollow B & R,Week3,315.0 Overlee - 87.0 Sleepy Hollow B & R
Parklawn,Week3,Dowden Terrace,Week4,280.0 Dowden Terrace - 122.0 Parklawn
Orange Hunt,Week1,Waynewood,Week1,226.0 Waynewood - 176.0 Orange Hunt
Overlee,Week5,Newington Forest,Week5,385.0 Overlee - 17.0 Newington Forest
Parklawn,Week2,Dunn Loring,Week3,342.0 Dunn Loring - 60.0 Parklawn
Overlee,Week5,Newington Forest,Week2,387.0 Overlee - 15.0 Newington Forest
Overlee,Week5,Sleepy Hollow B & R,Week2,344.0 Overlee - 58.0 Sleepy Hollow B & R
Overlee,Week2,Sleepy Hollow B & R,Week2,319.0 Overlee - 83.0 Sleepy Hollow B & R
Parklawn,Week4,Dowden Terrace,Week3,253.0 Dowden Terrace - 149.0 Parklawn
Overlee,Week4,Sleepy Hollow B & R,Week2,355.0 Overlee - 47.0 Sleepy Hollow B & R
Overlee,Week4,Sleepy Hollow B & R,Week5,344.0 Overlee - 58.0 Sleepy Hollow B & R
Parklawn,Week1,Dunn Loring,Week5,342.0 Dunn Loring - 51.0 Parklawn
Overlee,Week5,Sleepy Hollow B & R,Week3,346.0 Overlee - 56.0 Sleepy Hollow B & R
Overlee,Week5,North Springfield,Week3,381.0 Overlee - 16.0 North Springfield
Orange Hunt,Week5,Walden Glen,Week1,296.0 Orange Hunt - 106.0 Walden Glen
Orange Hunt,Week2,Waynewood,Week1,210.5 Waynewood - 191.5 Orange Hunt
Parklawn,Week1,Dunn Loring,Week2,347.0 Dunn Loring - 46.0 Parklawn
Overlee,Week5,North Springfield,Week2,374.0 Overlee - 14.0 North Springfield
Overlee,Week4,North Springfield,Week3,384.0 Overlee - 13.0 North Springfield
Orange Hunt,Week5,Truro,Week2,288.0 Orange Hunt - 114.0 Truro
Overlee,Week1,Sleepy Hollow Rec,Week4,365.0 Overlee - 37.0 Sleepy Hollow Rec
Orange Hunt,Week1,Rolling Hills,Week1,243.0 Orange Hunt - 159.0 Rolling Hills
Parklawn,Week5,Dowden Terrace,Week4,264.0 Dowden Terrace - 138.0 Parklawn
Orange Hunt,Week4,Walden Glen,Week4,247.0 Orange Hunt - 150.0 Walden Glen
Orange Hunt,Week2,Rolling Hills,Week4,251.0 Orange Hunt - 150.0 Rolling Hills
Overlee,Week5,Sleepy Hollow B & R,Week5,331.0 Overlee - 71.0 Sleepy Hollow B & R
Overlee,Week1,Dunn Loring,Week2,268.0 Overlee - 134.0 Dunn Loring
Overlee,Week2,Sleepy Hollow Rec,Week2,376.0 Overlee - 26.0 Sleepy Hollow Rec
Parklawn,Week3,Dunn Loring,Week3,349.0 Dunn Loring - 53.0 Parklawn
Overlee,Week1,Dunn Loring,Week4,279.0 Overlee - 123.0 Dunn Loring
Overlee,Week5,North Springfield,Week4,375.0 Overlee - 17.0 North Springfield
Overlee,Week1,Sleepy Hollow Rec,Week5,344.0 Overlee - 58.0 Sleepy Hollow Rec
Overlee,Week3,Oakton ,Week4,285.0 Overlee - 117.0 Oakton
Orange Hunt,Week2,Truro,Week1,264.0 Orange Hunt - 138.0 Truro
Overlee,Week4,North Springfield,Week2,380.0 Overlee - 8.0 North Springfield
Parklawn,Week4,Dunn Loring,Week1,279.0 Dunn Loring - 118.0 Parklawn
Overlee,Week3,Sleepy Hollow Rec,Week1,360.0 Overlee - 42.0 Sleepy Hollow Rec
Overlee,Week2,Oakton ,Week2,274.0 Overlee - 128.0 Oakton
Overlee,Week2,Dunn Loring,Week3,275.0 Overlee - 127.0 Dunn Loring
Overlee,Week2,Dowden Terrace,Week4,320.0 Overlee - 82.0 Dowden Terrace
Overlee,Week4,Sleepy Hollow Rec,Week1,384.0 Overlee - 18.0 Sleepy Hollow Rec
Overlee,Week2,Oakton ,Week4,284.0 Overlee - 118.0 Oakton
Parklawn,Week5,Dunn Loring,Week3,333.0 Dunn Loring - 69.0 Parklawn
Overlee,Week2,Sleepy Hollow Rec,Week5,356.0 Overlee - 46.0 Sleepy Hollow Rec
Overlee,Week5,Dowden Terrace,Week5,340.0 Overlee - 62.0 Dowden Terrace
Orange Hunt,Week4,Truro,Week5,267.0 Orange Hunt - 135.0 Truro
Orange Hunt,Week5,Sully Station II,Week4,207.0 Orange Hunt - 195.0 Sully Station II
Overlee,Week4,North Springfield,Week1,339.0 Overlee - 12.0 North Springfield
Overlee,Week3,Dowden Terrace,Week2,326.0 Overlee - 76.0 Dowden Terrace
Overlee,Week2,Sleepy Hollow Rec,Week1,369.0 Overlee - 33.0 Sleepy Hollow Rec
Overlee,Week3,North Springfield,Week5,335.0 Overlee - 39.0 North Springfield
Overlee,Week3,North Springfield,Week4,367.0 Overlee - 25.0 North Springfield
Overlee,Week3,Sleepy Hollow Rec,Week2,362.0 Overlee - 40.0 Sleepy Hollow Rec
Overlee,Week2,Dunn Loring,Week1,301.0 Overlee - 101.0 Dunn Loring
Overlee,Week2,North Springfield,Week5,343.0 Overlee - 31.0 North Springfield
Orange Hunt,Week4,Sully Station II,Week4,208.0 Sully Station II - 194.0 Orange Hunt
Parklawn,Week5,Dunn Loring,Week2,321.0 Dunn Loring - 81.0 Parklawn
Parklawn,Week4,Dunn Loring,Week4,320.0 Dunn Loring - 80.0 Parklawn
Parklawn,Week4,Dunn Loring,Week3,329.0 Dunn Loring - 73.0 Parklawn
Overlee,Week4,Dowden Terrace,Week4,339.0 Overlee - 63.0 Dowden Terrace
Parklawn,Week4,Dunn Loring,Week2,312.0 Dunn Loring - 90.0 Parklawn
Overlee,Week4,Dowden Terrace,Week2,356.0 Overlee - 46.0 Dowden Terrace
Parklawn,Week1,Fair Oaks ,Week1,301.0 Fair Oaks - 92.0 Parklawn
Parklawn,Week2,Annandale,Week5,203.0 Parklawn - 199.0 Annandale
Overlee,Week2,Sleepy Hollow Rec,Week3,365.0 Overlee - 37.0 Sleepy Hollow Rec
Overlee,Week2,Sleepy Hollow Rec,Week4,382.0 Overlee - 20.0 Sleepy Hollow Rec
Overlee,Week1,Oakton ,Week2,262.0 Overlee - 140.0 Oakton
Orange Hunt,Week5,Sully Station II,Week1,203.0 Sully Station II - 199.0 Orange Hunt
Overlee,Week4,Sleepy Hollow Rec,Week3,381.0 Overlee - 21.0 Sleepy Hollow Rec
Overlee,Week3,North Springfield,Week2,357.0 Overlee - 31.0 North Springfield
Overlee,Week2,Dunn Loring,Week5,263.0 Overlee - 139.0 Dunn Loring
Overlee,Week1,Oakton ,Week4,273.0 Overlee - 129.0 Oakton
Orange Hunt,Week5,Sully Station II,Week2,212.0 Sully Station II - 190.0 Orange Hunt
Parklawn,Week5,Annandale,Week4,227.0 Parklawn - 174.0 Annandale
Parklawn,Week5,Dunn Loring,Week5,323.0 Dunn Loring - 78.0 Parklawn
Overlee,Week4,Sleepy Hollow Rec,Week2,385.0 Overlee - 17.0 Sleepy Hollow Rec
Parklawn,Week3,Dunn Loring,Week4,344.0 Dunn Loring - 57.0 Parklawn
Orange Hunt,Week5,Sully Station II,Week3,251.0 Sully Station II - 151.0 Orange Hunt
Overlee,Week1,Dowden Terrace,Week1,328.0 Overlee - 74.0 Dowden Terrace
Parklawn,Week5,Dunn Loring,Week4,333.0 Dunn Loring - 68.0 Parklawn
Overlee,Week1,Sleepy Hollow Rec,Week3,349.0 Overlee - 53.0 Sleepy Hollow Rec
Overlee,Week3,Dowden Terrace,Week4,316.0 Overlee - 86.0 Dowden Terrace
Parklawn,Week4,Dunn Loring,Week5,322.0 Dunn Loring - 79.0 Parklawn
Parklawn,Week3,Dunn Loring,Week5,338.0 Dunn Loring - 63.0 Parklawn
Parklawn,Week5,Annandale,Week1,222.0 Parklawn - 173.0 Annandale
Overlee,Week2,Dowden Terrace,Week1,338.0 Overlee - 64.0 Dowden Terrace
Orange Hunt,Week1,Truro,Week3,259.0 Orange Hunt - 143.0 Truro
Overlee,Week2,Oakton ,Week1,284.0 Overlee - 118.0 Oakton
Orange Hunt,Week4,Sully Station II,Week5,256.0 Sully Station II - 146.0 Orange Hunt
Overlee,Week3,Sleepy Hollow Rec,Week3,342.0 Overlee - 60.0 Sleepy Hollow Rec
Parklawn,Week5,Dunn Loring,Week1,301.0 Dunn Loring - 96.0 Parklawn
Overlee,Week2,Dowden Terrace,Week3,340.0 Overlee - 62.0 Dowden Terrace
Parklawn,Week1,Arlington Forest,Week5,291.0 Arlington Forest - 102.0 Parklawn
Overlee,Week3,Sleepy Hollow Rec,Week5,339.0 Overlee - 63.0 Sleepy Hollow Rec
Overlee,Week1,Dowden Terrace,Week5,284.0 Overlee - 118.0 Dowden Terrace
Parklawn,Week5,Annandale,Week5,216.0 Parklawn - 186.0 Annandale
Orange Hunt,Week3,Truro,Week2,292.0 Orange Hunt - 110.0 Truro
Overlee,Week2,Oakton ,Week3,281.0 Overlee - 121.0 Oakton
Parklawn,Week2,Annandale,Week4,213.0 Parklawn - 188.0 Annandale
Overlee,Week3,Dowden Terrace,Week5,304.0 Overlee - 98.0 Dowden Terrace
Parklawn,Week4,Annandale,Week4,234.0 Parklawn - 166.0 Annandale
Overlee,Week4,Dowden Terrace,Week5,333.0 Overlee - 69.0 Dowden Terrace
Orange Hunt,Week3,Truro,Week5,263.0 Orange Hunt - 139.0 Truro
Orange Hunt,Week4,Sully Station II,Week3,255.0 Sully Station II - 147.0 Orange Hunt
Overlee,Week5,Sleepy Hollow Rec,Week5,377.0 Overlee - 25.0 Sleepy Hollow Rec
Orange Hunt,Week1,Truro,Week5,251.0 Orange Hunt - 151.0 Truro
Overlee,Week1,Sleepy Hollow Rec,Week2,368.5 Overlee - 33.5 Sleepy Hollow Rec
Overlee,Week5,Somerset-Olde Creek,Week1,386.0 Overlee - 16.0 Somerset-Olde Creek
Overlee,Week3,Oakton ,Week2,266.0 Overlee - 136.0 Oakton
Parklawn,Week5,Annandale,Week2,218.0 Parklawn - 183.0 Annandale
Parklawn,Week1,Fair Oaks ,Week2,273.0 Fair Oaks - 120.0 Parklawn
Overlee,Week4,North Springfield,Week5,351.0 Overlee - 23.0 North Springfield
Parklawn,Week3,Annandale,Week4,215.0 Parklawn - 186.0 Annandale
Overlee,Week3,Dowden Terrace,Week3,331.0 Overlee - 71.0 Dowden Terrace
Overlee,Week4,Dowden Terrace,Week1,362.0 Overlee - 40.0 Dowden Terrace
Parklawn,Week1,Arlington Forest,Week3,278.0 Arlington Forest - 115.0 Parklawn
Overlee,Week4,Somerset-Olde Creek,Week4,389.0 Overlee - 13.0 Somerset-Olde Creek
Overlee,Week3,Oakton ,Week1,282.0 Overlee - 120.0 Oakton
Overlee,Week2,Oakton ,Week5,274.0 Overlee - 128.0 Oakton
Orange Hunt,Week1,Truro,Week2,290.0 Orange Hunt - 111.0 Truro
Parklawn,Week1,Fair Oaks ,Week3,302.0 Fair Oaks - 91.0 Parklawn
Orange Hunt,Week2,Truro,Week3,267.0 Orange Hunt - 135.0 Truro
Overlee,Week5,North Springfield,Week5,345.0 Overlee - 29.0 North Springfield
Overlee,Week5,Somerset-Olde Creek,Week3,385.0 Overlee - 17.0 Somerset-Olde Creek
Overlee,Week5,Dowden Terrace,Week2,351.0 Overlee - 51.0 Dowden Terrace
Overlee,Week3,Sleepy Hollow Rec,Week4,364.0 Overlee - 38.0 Sleepy Hollow Rec
Overlee,Week3,Dowden Terrace,Week1,332.0 Overlee - 70.0 Dowden Terrace
Parklawn,Week3,Annandale,Week3,212.0 Annandale - 190.0 Parklawn
Orange Hunt,Week5,Sully Station II,Week5,235.0 Sully Station II - 167.0 Orange Hunt
Overlee,Week1,Dowden Terrace,Week4,313.0 Overlee - 89.0 Dowden Terrace
Overlee,Week1,Oakton ,Week1,263.0 Overlee - 139.0 Oakton
Orange Hunt,Week4,Truro,Week2,288.0 Orange Hunt - 113.0 Truro
Overlee,Week1,Oakton ,Week5,251.0 Overlee - 151.0 Oakton
Orange Hunt,Week3,Truro,Week4,260.0 Orange Hunt - 142.0 Truro
Overlee,Week3,Somerset-Olde Creek,Week2,383.0 Overlee - 19.0 Somerset-Olde Creek
Overlee,Week5,Dowden Terrace,Week1,355.0 Overlee - 47.0 Dowden Terrace
Parklawn,Week3,Arlington Forest,Week3,249.0 Arlington Forest - 149.0 Parklawn
Parklawn,Week2,Arlington Forest,Week2,269.0 Arlington Forest - 133.0 Parklawn
Overlee,Week3,Somerset-Olde Creek,Week4,379.0 Overlee - 23.0 Somerset-Olde Creek
Orange Hunt,Week1,Truro,Week4,258.0 Orange Hunt - 144.0 Truro
Overlee,Week5,Sleepy Hollow Rec,Week2,388.0 Overlee - 14.0 Sleepy Hollow Rec
Overlee,Week4,Oakton ,Week4,326.0 Overlee - 76.0 Oakton
Overlee,Week4,Oakton ,Week1,328.0 Overlee - 74.0 Oakton
Overlee,Week1,Dowden Terrace,Week2,324.0 Overlee - 78.0 Dowden Terrace
Orange Hunt,Week3,Truro,Week1,270.0 Orange Hunt - 132.0 Truro
Parklawn,Week4,Arlington Forest,Week4,268.0 Arlington Forest - 134.0 Parklawn
Overlee,Week1,Dowden Terrace,Week3,324.0 Overlee - 78.0 Dowden Terrace
Overlee,Week3,Oakton ,Week5,263.0 Overlee - 139.0 Oakton
Overlee,Week2,Somerset-Olde Creek,Week2,386.0 Overlee - 16.0 Somerset-Olde Creek
Overlee,Week4,Oakton ,Week2,315.5 Overlee - 86.5 Oakton
Parklawn,Week3,Arlington Forest,Week5,287.0 Arlington Forest - 114.0 Parklawn
Overlee,Week5,Dowden Terrace,Week3,349.0 Overlee - 53.0 Dowden Terrace
Parklawn,Week2,Arlington Forest,Week5,284.0 Arlington Forest - 117.0 Parklawn
Overlee,Week1,Somerset-Olde Creek,Week2,383.0 Overlee - 19.0 Somerset-Olde Creek
Orange Hunt,Week2,Truro,Week2,286.0 Orange Hunt - 115.0 Truro
Overlee,Week2,Dowden Terrace,Week5,310.5 Overlee - 91.5 Dowden Terrace
Overlee,Week2,Dowden Terrace,Week2,334.0 Overlee - 68.0 Dowden Terrace
Orange Hunt,Week1,Truro,Week1,263.0 Orange Hunt - 139.0 Truro
Overlee,Week4,Oakton ,Week5,308.0 Overlee - 94.0 Oakton
Overlee,Week4,Sleepy Hollow Rec,Week4,391.0 Overlee - 11.0 Sleepy Hollow Rec
Overlee,Week4,Somerset-Olde Creek,Week2,392.0 Overlee - 10.0 Somerset-Olde Creek
Overlee,Week4,Dowden Terrace,Week3,359.0 Overlee - 43.0 Dowden Terrace
Orange Hunt,Week4,Truro,Week1,270.0 Orange Hunt - 132.0 Truro
Overlee,Week2,Somerset-Olde Creek,Week5,375.0 Overlee - 27.0 Somerset-Olde Creek
Orange Hunt,Week4,Truro,Week3,262.0 Orange Hunt - 140.0 Truro
Parklawn,Week4,Annandale,Week3,218.0 Parklawn - 184.0 Annandale
Orange Hunt,Week3,Truro,Week3,269.0 Orange Hunt - 133.0 Truro
Orange Hunt,Week2,Truro,Week4,258.0 Orange Hunt - 144.0 Truro
Overlee,Week4,Somerset-Olde Creek,Week1,389.0 Overlee - 13.0 Somerset-Olde Creek
Parklawn,Week5,Arlington Forest,Week2,245.0 Arlington Forest - 157.0 Parklawn
Overlee,Week5,Oakton ,Week1,313.0 Overlee - 89.0 Oakton
Overlee,Week1,Dunn Loring,Week5,254.0 Overlee - 148.0 Dunn Loring
Parklawn,Week4,Annandale,Week2,219.0 Parklawn - 182.0 Annandale
Overlee,Week2,Old Keene Mill,Week1,371.0 Overlee - 31.0 Old Keene Mill
Overlee,Week1,Dunn Loring,Week1,297.5 Overlee - 104.5 Dunn Loring
Overlee,Week1,Dunn Loring,Week3,267.0 Overlee - 135.0 Dunn Loring
Overlee,Week5,Sleepy Hollow Rec,Week1,388.0 Overlee - 14.0 Sleepy Hollow Rec
Overlee,Week5,Oakton ,Week3,314.0 Overlee - 88.0 Oakton
Overlee,Week3,Old Keene Mill,Week3,336.0 Overlee - 66.0 Old Keene Mill
Orange Hunt,Week4,Truro,Week4,247.0 Orange Hunt - 155.0 Truro
Parklawn,Week2,Arlington Forest,Week4,281.5 Arlington Forest - 120.5 Parklawn
Overlee,Week5,Dowden Terrace,Week4,340.0 Overlee - 62.0 Dowden Terrace
Orange Hunt,Week2,Truro,Week5,253.0 Orange Hunt - 149.0 Truro
Parklawn,Week3,Arlington Forest,Week1,294.0 Arlington Forest - 108.0 Parklawn
Overlee,Week4,Oakton ,Week3,325.0 Overlee - 77.0 Oakton
Overlee,Week2,Somerset-Olde Creek,Week3,383.0 Overlee - 19.0 Somerset-Olde Creek
Overlee,Week5,Oakton ,Week2,309.0 Overlee - 93.0 Oakton
Parklawn,Week3,Annandale,Week1,218.0 Parklawn - 183.0 Annandale
Overlee,Week1,Somerset-Olde Creek,Week3,381.0 Overlee - 21.0 Somerset-Olde Creek
Parklawn,Week4,Arlington Forest,Week2,240.0 Arlington Forest - 162.0 Parklawn
Parklawn,Week4,Annandale,Week1,222.0 Parklawn - 179.0 Annandale
Overlee,Week2,Dunn Loring,Week2,285.0 Overlee - 117.0 Dunn Loring
Overlee,Week1,Orange Hunt,Week3,313.0 Overlee - 89.0 Orange Hunt
Orange Hunt,Week5,Truro,Week1,274.0 Orange Hunt - 128.0 Truro
Overlee,Week5,Sleepy Hollow Rec,Week4,395.0 Overlee - 7.0 Sleepy Hollow Rec
Overlee,Week5,Old Keene Mill,Week5,363.0 Overlee - 39.0 Old Keene Mill
Overlee,Week2,Somerset-Olde Creek,Week1,383.0 Overlee - 19.0 Somerset-Olde Creek
Orange Hunt,Week4,Tuckahoe,Week3,335.0 Tuckahoe - 67.0 Orange Hunt
Overlee,Week2,Dunn Loring,Week4,292.0 Overlee - 110.0 Dunn Loring
Parklawn,Week5,Annandale,Week3,210.0 Parklawn - 187.0 Annandale
Overlee,Week1,Old Keene Mill,Week1,356.0 Overlee - 46.0 Old Keene Mill
Overlee,Week4,Dunn Loring,Week4,323.0 Overlee - 79.0 Dunn Loring
Parklawn,Week3,Annandale,Week2,202.0 Parklawn - 199.0 Annandale
Overlee,Week3,Somerset-Olde Creek,Week1,379.0 Overlee - 23.0 Somerset-Olde Creek
Overlee,Week1,Old Keene Mill,Week5,326.0 Overlee - 76.0 Old Keene Mill
Orange Hunt,Week3,Tuckahoe,Week5,308.0 Tuckahoe - 94.0 Orange Hunt
Overlee,Week4,Dunn Loring,Week3,303.0 Overlee - 99.0 Dunn Loring
Parklawn,Week4,Annandale,Week5,224.0 Parklawn - 178.0 Annandale
Overlee,Week1,Fair Oaks ,Week3,299.0 Overlee - 103.0 Fair Oaks
Overlee,Week4,Somerset-Olde Creek,Week3,390.0 Overlee - 12.0 Somerset-Olde Creek
Parklawn,Week1,Arlington Forest,Week2,289.0 Arlington Forest - 104.0 Parklawn
Overlee,Week2,Somerset-Olde Creek,Week4,383.0 Overlee - 19.0 Somerset-Olde Creek
Overlee,Week1,Old Keene Mill,Week3,337.0 Overlee - 65.0 Old Keene Mill
Overlee,Week5,Sleepy Hollow Rec,Week3,382.0 Overlee - 20.0 Sleepy Hollow Rec
Orange Hunt,Week5,Truro,Week5,267.0 Orange Hunt - 135.0 Truro
Overlee,Week3,Dunn Loring,Week5,248.0 Overlee - 154.0 Dunn Loring
Overlee,Week3,Old Keene Mill,Week5,334.0 Overlee - 68.0 Old Keene Mill
Overlee,Week3,Dunn Loring,Week4,279.0 Overlee - 123.0 Dunn Loring
Parklawn,Week3,Annandale,Week5,208.0 Annandale - 194.0 Parklawn
Overlee,Week1,Somerset-Olde Creek,Week4,378.0 Overlee - 24.0 Somerset-Olde Creek
Parklawn,Week1,Arlington Forest,Week4,307.0 Arlington Forest - 86.0 Parklawn
Orange Hunt,Week1,Virginia Hills,Week1,330.0 Orange Hunt - 72.0 Virginia Hills
Overlee,Week1,Old Keene Mill,Week2,343.0 Overlee - 59.0 Old Keene Mill
Overlee,Week1,Old Keene Mill,Week4,355.0 Overlee - 47.0 Old Keene Mill
Orange Hunt,Week3,Tuckahoe,Week3,324.0 Tuckahoe - 78.0 Orange Hunt
Overlee,Week4,Dunn Loring,Week2,315.0 Overlee - 87.0 Dunn Loring
Orange Hunt,Week1,Vienna Aquatic,Week1,271.0 Vienna Aquatic - 131.0 Orange Hunt
Orange Hunt,Week2,Tuckahoe,Week3,320.0 Tuckahoe - 82.0 Orange Hunt
Orange Hunt,Week5,Tuckahoe,Week3,314.0 Tuckahoe - 88.0 Orange Hunt
Orange Hunt,Week1,Tuckahoe,Week4,334.0 Tuckahoe - 68.0 Orange Hunt
Overlee,Week2,Old Keene Mill,Week5,337.0 Overlee - 65.0 Old Keene Mill
Parklawn,Week1,Arlington Forest,Week1,303.0 Arlington Forest - 90.0 Parklawn
Parklawn,Week2,Arlington Forest,Week3,246.0 Arlington Forest - 152.0 Parklawn
Overlee,Week5,Oakton ,Week4,322.0 Overlee - 80.0 Oakton
Orange Hunt,Week3,Virginia Hills,Week2,336.0 Orange Hunt - 66.0 Virginia Hills
Overlee,Week2,Old Keene Mill,Week4,366.0 Overlee - 36.0 Old Keene Mill
Orange Hunt,Week4,Virginia Hills,Week1,324.0 Orange Hunt - 78.0 Virginia Hills
Overlee,Week5,Dunn Loring,Week5,289.0 Overlee - 113.0 Dunn Loring
Orange Hunt,Week2,Tuckahoe,Week4,325.0 Tuckahoe - 77.0 Orange Hunt
Overlee,Week3,Dunn Loring,Week1,289.0 Overlee - 113.0 Dunn Loring
Parklawn,Week4,Arlington Forest,Week5,271.0 Arlington Forest - 130.0 Parklawn
Overlee,Week1,Somerset-Olde Creek,Week5,370.0 Overlee - 32.0 Somerset-Olde Creek
Overlee,Week4,Sleepy Hollow Rec,Week5,378.0 Overlee - 24.0 Sleepy Hollow Rec
Orange Hunt,Week3,Virginia Hills,Week5,312.5 Orange Hunt - 89.5 Virginia Hills
Parklawn,Week4,Arlington Forest,Week3,222.0 Arlington Forest - 176.0 Parklawn
Orange Hunt,Week5,Village West,Week5,275.0 Orange Hunt - 127.0 Village West
Overlee,Week1,Orange Hunt,Week1,329.0 Overlee - 73.0 Orange Hunt
Orange Hunt,Week2,Tuckahoe,Week1,304.0 Tuckahoe - 98.0 Orange Hunt
Overlee,Week4,Somerset-Olde Creek,Week5,389.0 Overlee - 13.0 Somerset-Olde Creek
Parklawn,Week4,Arlington Forest,Week1,261.0 Arlington Forest - 141.0 Parklawn
Orange Hunt,Week4,Tuckahoe,Week1,308.0 Tuckahoe - 94.0 Orange Hunt
Orange Hunt,Week5,Truro,Week4,270.0 Orange Hunt - 132.0 Truro
Overlee,Week1,Fair Oaks ,Week1,314.0 Overlee - 88.0 Fair Oaks
Overlee,Week5,Somerset-Olde Creek,Week5,384.0 Overlee - 18.0 Somerset-Olde Creek
Orange Hunt,Week5,Virginia Hills,Week1,337.0 Orange Hunt - 65.0 Virginia Hills
Overlee,Week2,Old Keene Mill,Week2,358.0 Overlee - 44.0 Old Keene Mill
Orange Hunt,Week1,Virginia Hills,Week4,333.0 Orange Hunt - 69.0 Virginia Hills
Overlee,Week3,Somerset-Olde Creek,Week5,373.0 Overlee - 29.0 Somerset-Olde Creek
Overlee,Week5,Somerset-Olde Creek,Week2,392.0 Overlee - 10.0 Somerset-Olde Creek
Overlee,Week1,Fair Oaks ,Week5,291.0 Overlee - 111.0 Fair Oaks
Orange Hunt,Week3,Tuckahoe,Week1,305.0 Tuckahoe - 97.0 Orange Hunt
Overlee,Week3,Old Keene Mill,Week2,346.0 Overlee - 56.0 Old Keene Mill
Orange Hunt,Week3,Virginia Hills,Week3,328.0 Orange Hunt - 74.0 Virginia Hills
Parklawn,Week1,Brandywine,Week1,266.0 Brandywine - 122.0 Parklawn
Overlee,Week5,Dunn Loring,Week4,319.0 Overlee - 83.0 Dunn Loring
Overlee,Week3,Fair Oaks ,Week1,307.0 Overlee - 95.0 Fair Oaks
Orange Hunt,Week5,Tuckahoe,Week1,296.0 Tuckahoe - 106.0 Orange Hunt
Parklawn,Week2,Arlington Forest,Week1,280.0 Arlington Forest - 122.0 Parklawn
Parklawn,Week5,Arlington Forest,Week1,266.0 Arlington Forest - 131.0 Parklawn
Orange Hunt,Week2,Virginia Hills,Week5,308.0 Orange Hunt - 93.0 Virginia Hills
Overlee,Week5,Old Keene Mill,Week4,377.0 Overlee - 25.0 Old Keene Mill
Parklawn,Week3,Arlington Forest,Week4,301.0 Arlington Forest - 101.0 Parklawn
Orange Hunt,Week1,Virginia Hills,Week5,312.0 Orange Hunt - 90.0 Virginia Hills
Overlee,Week3,Fair Oaks ,Week2,329.0 Overlee - 73.0 Fair Oaks
Overlee,Week1,South Run,Week4,333.0 Overlee - 69.0 South Run
Overlee,Week5,Oakton ,Week5,301.5 Overlee - 100.5 Oakton
Orange Hunt,Week4,Virginia Hills,Week4,333.0 Orange Hunt - 69.0 Virginia Hills
Parklawn,Week5,Arlington Forest,Week5,273.0 Arlington Forest - 128.0 Parklawn
Overlee,Week1,Fair Oaks ,Week2,324.0 Overlee - 78.0 Fair Oaks
Overlee,Week1,Somerset-Olde Creek,Week1,381.0 Overlee - 21.0 Somerset-Olde Creek
Overlee,Week4,Old Keene Mill,Week4,381.0 Overlee - 21.0 Old Keene Mill
Overlee,Week3,Fair Oaks ,Week3,306.0 Overlee - 96.0 Fair Oaks
Overlee,Week3,Somerset-Olde Creek,Week3,382.0 Overlee - 20.0 Somerset-Olde Creek
Orange Hunt,Week1,Vienna Aquatic,Week2,270.0 Vienna Aquatic - 132.0 Orange Hunt
Orange Hunt,Week5,Virginia Hills,Week3,336.0 Orange Hunt - 66.0 Virginia Hills
Overlee,Week4,Dunn Loring,Week1,328.0 Overlee - 74.0 Dunn Loring
Parklawn,Week3,Arlington Forest,Week2,272.0 Arlington Forest - 130.0 Parklawn
Overlee,Week3,Old Keene Mill,Week4,348.0 Overlee - 54.0 Old Keene Mill
Overlee,Week4,Old Keene Mill,Week1,382.0 Overlee - 20.0 Old Keene Mill
Overlee,Week3,Fair Oaks ,Week4,321.0 Overlee - 81.0 Fair Oaks
Overlee,Week2,South Run,Week2,326.0 Overlee - 76.0 South Run
Overlee,Week1,South Run,Week5,313.0 Overlee - 89.0 South Run
Orange Hunt,Week5,Tuckahoe,Week4,321.0 Tuckahoe - 81.0 Orange Hunt
Overlee,Week3,Old Keene Mill,Week1,359.0 Overlee - 43.0 Old Keene Mill
Orange Hunt,Week4,Tuckahoe,Week2,301.0 Tuckahoe - 101.0 Orange Hunt
Parklawn,Week5,Arlington Forest,Week4,279.0 Arlington Forest - 123.0 Parklawn
Overlee,Week5,Dunn Loring,Week1,316.0 Overlee - 86.0 Dunn Loring
Orange Hunt,Week2,Tuckahoe,Week2,303.0 Tuckahoe - 99.0 Orange Hunt
Overlee,Week1,South Run,Week3,329.0 Overlee - 73.0 South Run
Overlee,Week2,South Run,Week4,338.0 Overlee - 64.0 South Run
Parklawn,Week1,Brandywine,Week4,289.0 Brandywine - 104.0 Parklawn
Orange Hunt,Week3,Virginia Run,Week4,205.0 Orange Hunt - 197.0 Virginia Run
Orange Hunt,Week3,Virginia Run,Week1,213.0 Virginia Run - 189.0 Orange Hunt
Orange Hunt,Week1,Tuckahoe,Week1,306.0 Tuckahoe - 96.0 Orange Hunt
Orange Hunt,Week1,Tuckahoe,Week5,328.0 Tuckahoe - 74.0 Orange Hunt
Overlee,Week4,Old Keene Mill,Week2,372.0 Overlee - 30.0 Old Keene Mill
Overlee,Week3,South Run,Week3,334.0 Overlee - 68.0 South Run
Parklawn,Week3,Brandywine,Week1,255.0 Brandywine - 147.0 Parklawn
Overlee,Week2,Fair Oaks ,Week1,329.0 Overlee - 73.0 Fair Oaks
Overlee,Week4,Old Keene Mill,Week5,371.0 Overlee - 31.0 Old Keene Mill
Orange Hunt,Week5,Truro,Week3,282.0 Orange Hunt - 120.0 Truro
Orange Hunt,Week1,Virginia Run,Week4,224.0 Virginia Run - 178.0 Orange Hunt
Parklawn,Week3,Brandywine,Week4,271.0 Brandywine - 131.0 Parklawn
Overlee,Week2,South Run,Week5,328.0 Overlee - 74.0 South Run
Overlee,Week5,Dunn Loring,Week3,299.0 Overlee - 103.0 Dunn Loring
Orange Hunt,Week2,Virginia Run,Week5,230.0 Virginia Run - 172.0 Orange Hunt
Orange Hunt,Week1,Virginia Run,Week1,222.0 Virginia Run - 180.0 Orange Hunt
Overlee,Week2,South Run,Week3,334.0 Overlee - 68.0 South Run
Orange Hunt,Week1,Tuckahoe,Week2,305.0 Tuckahoe - 97.0 Orange Hunt
Overlee,Week5,Old Keene Mill,Week2,365.0 Overlee - 37.0 Old Keene Mill
Overlee,Week5,Old Keene Mill,Week3,375.0 Overlee - 27.0 Old Keene Mill
Parklawn,Week1,Brandywine,Week3,276.0 Brandywine - 117.0 Parklawn
Overlee,Week3,South Run,Week4,343.0 Overlee - 59.0 South Run
Parklawn,Week1,Brandywine,Week5,298.0 Brandywine - 95.0 Parklawn
Orange Hunt,Week1,Tuckahoe,Week3,334.0 Tuckahoe - 68.0 Orange Hunt
Overlee,Week1,Fair Oaks ,Week4,313.0 Overlee - 89.0 Fair Oaks
Overlee,Week3,Dunn Loring,Week2,262.0 Overlee - 140.0 Dunn Loring
Overlee,Week2,Old Keene Mill,Week3,356.0 Overlee - 46.0 Old Keene Mill
Overlee,Week1,South Run,Week2,330.0 Overlee - 72.0 South Run
Parklawn,Week2,Brandywine,Week3,250.0 Brandywine - 151.0 Parklawn
Overlee,Week4,Dunn Loring,Week5,294.0 Overlee - 108.0 Dunn Loring
Overlee,Week5,Old Keene Mill,Week1,375.0 Overlee - 27.0 Old Keene Mill
Orange Hunt,Week2,Virginia Hills,Week2,319.0 Orange Hunt - 83.0 Virginia Hills
Orange Hunt,Week1,Virginia Run,Week2,214.0 Virginia Run - 188.0 Orange Hunt
Orange Hunt,Week3,Tuckahoe,Week2,296.0 Tuckahoe - 106.0 Orange Hunt
Overlee,Week3,South Run,Week5,310.0 Overlee - 92.0 South Run
Overlee,Week2,Orange Hunt,Week1,332.0 Overlee - 70.0 Orange Hunt
Orange Hunt,Week5,Virginia Hills,Week5,310.0 Orange Hunt - 92.0 Virginia Hills
Parklawn,Week3,Brandywine,Week3,254.0 Brandywine - 148.0 Parklawn
Overlee,Week3,Dunn Loring,Week3,260.0 Overlee - 142.0 Dunn Loring
Overlee,Week4,Old Keene Mill,Week3,376.0 Overlee - 26.0 Old Keene Mill
Overlee,Week4,South Run,Week2,361.0 Overlee - 41.0 South Run
Orange Hunt,Week5,Tuckahoe,Week2,294.0 Tuckahoe - 108.0 Orange Hunt
Overlee,Week2,Orange Hunt,Week5,310.0 Overlee - 92.0 Orange Hunt
Parklawn,Week4,Brandywine,Week1,232.0 Brandywine - 170.0 Parklawn
Overlee,Week2,Fair Oaks ,Week2,338.0 Overlee - 64.0 Fair Oaks
Overlee,Week1,Orange Hunt,Week2,314.0 Overlee - 88.0 Orange Hunt
Parklawn,Week2,Brandywine,Week4,267.0 Brandywine - 135.0 Parklawn
Overlee,Week2,Orange Hunt,Week4,323.5 Overlee - 78.5 Orange Hunt
Orange Hunt,Week2,Virginia Hills,Week3,312.0 Orange Hunt - 90.0 Virginia Hills
Parklawn,Week2,Brandywine,Week2,239.0 Brandywine - 162.0 Parklawn
Orange Hunt,Week3,Tuckahoe,Week4,323.0 Tuckahoe - 79.0 Orange Hunt
Orange Hunt,Week1,Virginia Hills,Week2,335.0 Orange Hunt - 67.0 Virginia Hills
Overlee,Week3,South Run,Week2,336.0 Overlee - 66.0 South Run
Orange Hunt,Week5,Tuckahoe,Week5,311.0 Tuckahoe - 91.0 Orange Hunt
Orange Hunt,Week4,Tuckahoe,Week4,327.0 Tuckahoe - 75.0 Orange Hunt
Overlee,Week3,South Run,Week1,318.0 Overlee - 75.0 South Run
Parklawn,Week2,Brandywine,Week5,272.0 Brandywine - 129.0 Parklawn
Orange Hunt,Week3,Virginia Run,Week3,201.0 Orange Hunt - 201.0 Virginia Run
Orange Hunt,Week4,Tuckahoe,Week5,321.0 Tuckahoe - 81.0 Orange Hunt
Overlee,Week5,Dunn Loring,Week2,309.0 Overlee - 93.0 Dunn Loring
Overlee,Week2,Fair Oaks ,Week3,323.0 Overlee - 79.0 Fair Oaks
Overlee,Week5,Somerset-Olde Creek,Week4,390.0 Overlee - 12.0 Somerset-Olde Creek
Overlee,Week2,South Run,Week1,316.5 Overlee - 76.5 South Run
Parklawn,Week1,Brandywine,Week2,265.0 Brandywine - 128.0 Parklawn
Overlee,Week2,Fair Oaks ,Week5,313.0 Overlee - 89.0 Fair Oaks
Overlee,Week2,Fair Oaks ,Week4,329.0 Overlee - 73.0 Fair Oaks
Orange Hunt,Week2,Tuckahoe,Week5,321.0 Tuckahoe - 81.0 Orange Hunt
Overlee,Week3,Orange Hunt,Week1,320.0 Overlee - 82.0 Orange Hunt
Orange Hunt,Week1,Vienna Aquatic,Week3,297.0 Vienna Aquatic - 105.0 Orange Hunt
Orange Hunt,Week2,Virginia Hills,Week4,327.0 Orange Hunt - 75.0 Virginia Hills
Parklawn,Week4,Brandywine,Week3,238.0 Brandywine - 163.0 Parklawn
Orange Hunt,Week2,Vienna Aquatic,Week1,264.0 Vienna Aquatic - 138.0 Orange Hunt
Overlee,Week2,Orange Hunt,Week2,329.0 Overlee - 73.0 Orange Hunt
Overlee,Week3,Orange Hunt,Week2,319.0 Overlee - 83.0 Orange Hunt
Orange Hunt,Week2,Virginia Hills,Week1,317.0 Orange Hunt - 85.0 Virginia Hills
Orange Hunt,Week3,Virginia Hills,Week4,334.0 Orange Hunt - 68.0 Virginia Hills
Overlee,Week1,Fairfax,Week4,271.0 Overlee - 131.0 Fairfax
Orange Hunt,Week1,Vienna Aquatic,Week5,294.0 Vienna Aquatic - 108.0 Orange Hunt
Overlee,Week5,Fair Oaks ,Week5,346.5 Overlee - 55.5 Fair Oaks
Parklawn,Week3,Brandywine,Week5,285.5 Brandywine - 115.5 Parklawn
Overlee,Week1,South Run,Week1,312.0 Overlee - 81.0 South Run
Overlee,Week4,South Run,Week5,354.0 Overlee - 48.0 South Run
Overlee,Week4,South Run,Week1,341.0 Overlee - 52.0 South Run
Overlee,Week3,Orange Hunt,Week4,312.0 Overlee - 90.0 Orange Hunt
Orange Hunt,Week4,Virginia Hills,Week5,315.0 Orange Hunt - 87.0 Virginia Hills
Overlee,Week2,Orange Hunt,Week3,322.0 Overlee - 80.0 Orange Hunt
Overlee,Week3,Fair Oaks ,Week5,291.0 Overlee - 111.0 Fair Oaks
Overlee,Week4,South Run,Week4,363.0 Overlee - 39.0 South Run
Overlee,Week2,Fairfax,Week2,275.0 Overlee - 127.0 Fairfax
Parklawn,Week4,Brandywine,Week4,254.0 Brandywine - 147.0 Parklawn
Overlee,Week4,Fair Oaks ,Week3,348.0 Overlee - 54.0 Fair Oaks
Orange Hunt,Week4,Vienna Aquatic,Week4,272.0 Vienna Aquatic - 125.0 Orange Hunt
Orange Hunt,Week4,Vienna Aquatic,Week1,272.0 Vienna Aquatic - 130.0 Orange Hunt
Overlee,Week5,South Run,Week1,333.0 Overlee - 60.0 South Run
Orange Hunt,Week4,Virginia Hills,Week2,330.0 Orange Hunt - 72.0 Virginia Hills
Parklawn,Week2,Brandywine,Week1,244.0 Brandywine - 158.0 Parklawn
Overlee,Week3,Orange Hunt,Week3,313.0 Overlee - 89.0 Orange Hunt
Parklawn,Week3,Brandywine,Week2,245.0 Brandywine - 157.0 Parklawn
Parklawn,Week4,Brandywine,Week2,227.0 Brandywine - 175.0 Parklawn
Orange Hunt,Week3,Virginia Hills,Week1,328.0 Orange Hunt - 74.0 Virginia Hills
Overlee,Week2,Fairfax,Week4,293.0 Overlee - 109.0 Fairfax
Overlee,Week1,Orange Hunt,Week4,317.0 Overlee - 85.0 Orange Hunt
Overlee,Week4,South Run,Week3,363.0 Overlee - 39.0 South Run
Orange Hunt,Week1,Vienna Aquatic,Week4,263.0 Vienna Aquatic - 139.0 Orange Hunt
Orange Hunt,Week1,Virginia Hills,Week3,324.0 Orange Hunt - 78.0 Virginia Hills
Orange Hunt,Week2,Vienna Aquatic,Week4,271.0 Vienna Aquatic - 131.0 Orange Hunt
Parklawn,Week4,Brandywine,Week5,265.0 Brandywine - 136.0 Parklawn
Parklawn,Week5,Arlington Forest,Week3,227.0 Arlington Forest - 171.0 Parklawn
Parklawn,Week5,Brandywine,Week2,229.0 Brandywine - 173.0 Parklawn
Overlee,Week4,Orange Hunt,Week3,353.0 Overlee - 49.0 Orange Hunt
Orange Hunt,Week5,Virginia Hills,Week4,335.0 Orange Hunt - 67.0 Virginia Hills
Orange Hunt,Week5,Vienna Aquatic,Week4,243.0 Vienna Aquatic - 159.0 Orange Hunt
Overlee,Week4,Orange Hunt,Week1,363.0 Overlee - 39.0 Orange Hunt
Overlee,Week3,Orange Hunt,Week5,297.5 Overlee - 104.5 Orange Hunt
Overlee,Week3,Fairfax,Week2,265.0 Overlee - 137.0 Fairfax
Orange Hunt,Week2,Vienna Woods,Week4,266.0 Vienna Woods - 136.0 Orange Hunt
Orange Hunt,Week2,Vienna Woods,Week1,269.0 Vienna Woods - 133.0 Orange Hunt
Overlee,Week1,Fairfax,Week5,252.0 Overlee - 150.0 Fairfax
Orange Hunt,Week1,Vienna Woods,Week2,282.0 Vienna Woods - 120.0 Orange Hunt
Parklawn,Week5,Brandywine,Week1,232.0 Brandywine - 170.0 Parklawn
Overlee,Week1,Orange Hunt,Week5,289.0 Overlee - 113.0 Orange Hunt
Orange Hunt,Week2,Virginia Run,Week1,213.0 Virginia Run - 189.0 Orange Hunt
Orange Hunt,Week4,Virginia Hills,Week3,320.0 Orange Hunt - 82.0 Virginia Hills
Overlee,Week4,Fairfax,Week5,311.0 Overlee - 91.0 Fairfax
Overlee,Week5,Fairfax,Week2,296.0 Overlee - 106.0 Fairfax
Orange Hunt,Week1,Virginia Run,Week5,236.0 Virginia Run - 166.0 Orange Hunt
Overlee,Week1,Sully Station,Week4,271.0 Overlee - 131.0 Sully Station
Orange Hunt,Week3,Virginia Run,Week2,204.0 Orange Hunt - 198.0 Virginia Run
Overlee,Week2,Sully Station,Week1,261.0 Overlee - 141.0 Sully Station
Orange Hunt,Week1,Vienna Woods,Week4,268.0 Vienna Woods - 134.0 Orange Hunt
Overlee,Week5,Fairfax,Week5,305.0 Overlee - 97.0 Fairfax
Overlee,Week2,Sully Station,Week3,281.0 Overlee - 121.0 Sully Station
Orange Hunt,Week3,Vienna Woods,Week4,251.0 Vienna Woods - 151.0 Orange Hunt
Overlee,Week4,Sully Station,Week3,314.0 Overlee - 88.0 Sully Station
Overlee,Week5,Fair Oaks ,Week4,365.0 Overlee - 37.0 Fair Oaks
Orange Hunt,Week2,Virginia Run,Week2,203.0 Orange Hunt - 199.0 Virginia Run
Orange Hunt,Week4,Vienna Woods,Week3,290.0 Vienna Woods - 112.0 Orange Hunt
Overlee,Week5,Fairfax,Week3,298.0 Overlee - 104.0 Fairfax
Orange Hunt,Week4,Virginia Run,Week1,213.0 Virginia Run - 189.0 Orange Hunt
Orange Hunt,Week2,Virginia Run,Week3,203.5 Virginia Run - 198.5 Orange Hunt
Overlee,Week4,Orange Hunt,Week5,350.0 Overlee - 52.0 Orange Hunt
Overlee,Week3,Fairfax,Week1,279.0 Overlee - 123.0 Fairfax
Overlee,Week5,Fair Oaks ,Week3,348.0 Overlee - 54.0 Fair Oaks
Overlee,Week4,Orange Hunt,Week4,358.0 Overlee - 44.0 Orange Hunt
Overlee,Week3,Fairfax,Week5,268.0 Overlee - 134.0 Fairfax
Orange Hunt,Week4,Virginia Run,Week5,221.0 Virginia Run - 181.0 Orange Hunt
Overlee,Week3,Sully Station,Week2,279.0 Overlee - 123.0 Sully Station
Orange Hunt,Week4,Vienna Woods,Week1,273.0 Vienna Woods - 129.0 Orange Hunt
Overlee,Week1,Sully Station,Week1,244.0 Overlee - 158.0 Sully Station
Overlee,Week4,Orange Hunt,Week2,353.0 Overlee - 49.0 Orange Hunt
Overlee,Week1,Fairfax,Week1,284.0 Overlee - 118.0 Fairfax
Overlee,Week5,Stratford,Week2,374.0 Overlee - 28.0 Stratford
Overlee,Week1,Fairfax Club Estates,Week2,357.0 Overlee - 45.0 Fairfax Club Estates
Overlee,Week3,Stratford,Week3,359.0 Overlee - 43.0 Stratford
Orange Hunt,Week5,Virginia Hills,Week2,342.0 Orange Hunt - 59.0 Virginia Hills
Orange Hunt,Week2,Vienna Aquatic,Week5,297.0 Vienna Aquatic - 105.0 Orange Hunt
Orange Hunt,Week3,Vienna Aquatic,Week2,244.0 Vienna Aquatic - 158.0 Orange Hunt
Orange Hunt,Week2,Vienna Aquatic,Week2,259.0 Vienna Aquatic - 143.0 Orange Hunt
Orange Hunt,Week2,Vienna Woods,Week2,274.0 Vienna Woods - 128.0 Orange Hunt
Overlee,Week4,Fair Oaks ,Week1,351.0 Overlee - 51.0 Fair Oaks
Overlee,Week4,Sully Station,Week5,285.0 Overlee - 117.0 Sully Station
Orange Hunt,Week3,Virginia Run,Week5,227.0 Virginia Run - 175.0 Orange Hunt
Orange Hunt,Week5,Vienna Aquatic,Week1,248.0 Vienna Aquatic - 154.0 Orange Hunt
Orange Hunt,Week4,Virginia Run,Week2,204.0 Orange Hunt - 198.0 Virginia Run
Orange Hunt,Week1,Virginia Run,Week3,212.0 Virginia Run - 190.0 Orange Hunt
Orange Hunt,Week2,Virginia Run,Week4,216.0 Virginia Run - 186.0 Orange Hunt
Orange Hunt,Week1,Vienna Woods,Week5,299.0 Vienna Woods - 103.0 Orange Hunt
Orange Hunt,Week5,Virginia Run,Week1,213.0 Orange Hunt - 189.0 Virginia Run
Overlee,Week4,Stratford,Week3,377.0 Overlee - 25.0 Stratford
Orange Hunt,Week4,Virginia Run,Week4,202.0 Orange Hunt - 200.0 Virginia Run
Orange Hunt,Week5,Virginia Run,Week5,217.0 Orange Hunt - 185.0 Virginia Run
Overlee,Week4,Sully Station,Week2,318.0 Overlee - 84.0 Sully Station
Overlee,Week3,Sully Station,Week3,274.5 Overlee - 127.5 Sully Station
Orange Hunt,Week5,Vienna Aquatic,Week3,267.0 Vienna Aquatic - 135.0 Orange Hunt
Overlee,Week1,Sully Station,Week2,262.0 Overlee - 140.0 Sully Station
Overlee,Week4,Stratford,Week4,372.0 Overlee - 30.0 Stratford
Overlee,Week2,Fairfax,Week3,276.0 Overlee - 126.0 Fairfax
Orange Hunt,Week1,Wakefield Chapel,Week2,249.0 Wakefield Chapel - 153.0 Orange Hunt
Orange Hunt,Week1,Vienna Woods,Week1,279.0 Vienna Woods - 123.0 Orange Hunt
Overlee,Week4,Stratford,Week5,380.0 Overlee - 22.0 Stratford
Overlee,Week4,Fair Oaks ,Week4,366.0 Overlee - 36.0 Fair Oaks
Orange Hunt,Week4,Vienna Aquatic,Week2,267.0 Vienna Aquatic - 135.0 Orange Hunt
Overlee,Week3,Fairfax,Week3,255.0 Overlee - 147.0 Fairfax
Orange Hunt,Week5,Virginia Run,Week3,224.0 Orange Hunt - 178.0 Virginia Run
Overlee,Week1,Fairfax,Week2,256.0 Overlee - 146.0 Fairfax
Overlee,Week4,Fair Oaks ,Week5,346.5 Overlee - 55.5 Fair Oaks
Orange Hunt,Week1,Wakefield Chapel,Week5,274.0 Wakefield Chapel - 128.0 Orange Hunt
Overlee,Week3,Stratford,Week1,362.0 Overlee - 40.0 Stratford
Orange Hunt,Week3,Vienna Aquatic,Week5,299.0 Vienna Aquatic - 103.0 Orange Hunt
Overlee,Week5,Fair Oaks ,Week1,353.0 Overlee - 49.0 Fair Oaks
Overlee,Week3,Stratford,Week5,362.0 Overlee - 40.0 Stratford
Orange Hunt,Week3,Vienna Aquatic,Week3,272.0 Vienna Aquatic - 130.0 Orange Hunt
Orange Hunt,Week5,Virginia Run,Week4,225.0 Orange Hunt - 177.0 Virginia Run
Overlee,Week1,Fairfax,Week3,262.0 Overlee - 140.0 Fairfax
Overlee,Week5,Fair Oaks ,Week2,368.0 Overlee - 34.0 Fair Oaks
Orange Hunt,Week3,Vienna Woods,Week3,278.0 Vienna Woods - 124.0 Orange Hunt
Orange Hunt,Week4,Virginia Run,Week3,202.0 Virginia Run - 200.0 Orange Hunt
Orange Hunt,Week4,Vienna Aquatic,Week5,298.0 Vienna Aquatic - 104.0 Orange Hunt
Overlee,Week2,Fairfax,Week1,293.0 Overlee - 109.0 Fairfax
Overlee,Week4,Stratford,Week1,382.0 Overlee - 20.0 Stratford
Overlee,Week4,Fair Oaks ,Week2,369.0 Overlee - 33.0 Fair Oaks
Overlee,Week5,Stratford,Week1,379.0 Overlee - 23.0 Stratford
Orange Hunt,Week1,Wakefield Chapel,Week4,250.0 Wakefield Chapel - 152.0 Orange Hunt
Orange Hunt,Week2,Vienna Aquatic,Week3,285.0 Vienna Aquatic - 117.0 Orange Hunt
Orange Hunt,Week3,Vienna Aquatic,Week4,266.0 Vienna Aquatic - 136.0 Orange Hunt
Orange Hunt,Week5,Virginia Run,Week2,218.0 Orange Hunt - 184.0 Virginia Run
Overlee,Week3,Stratford,Week2,355.0 Overlee - 47.0 Stratford
Orange Hunt,Week5,Vienna Aquatic,Week5,277.0 Vienna Aquatic - 125.0 Orange Hunt
Overlee,Week5,Stratford,Week3,381.0 Overlee - 21.0 Stratford
Overlee,Week4,Stratford,Week2,365.5 Overlee - 36.5 Stratford
Orange Hunt,Week3,Wakefield Chapel,Week1,264.0 Wakefield Chapel - 138.0 Orange Hunt
Overlee,Week3,Stratford,Week4,350.5 Overlee - 51.5 Stratford
Overlee,Week4,Fairfax,Week4,326.0 Overlee - 76.0 Fairfax
Orange Hunt,Week4,Vienna Aquatic,Week3,289.0 Vienna Aquatic - 113.0 Orange Hunt
Orange Hunt,Week1,Wakefield Chapel,Week3,260.0 Wakefield Chapel - 142.0 Orange Hunt
Overlee,Week4,Fairfax,Week3,316.0 Overlee - 86.0 Fairfax
Orange Hunt,Week5,Vienna Aquatic,Week2,249.0 Vienna Aquatic - 153.0 Orange Hunt
Overlee,Week3,Fairfax,Week4,275.0 Overlee - 127.0 Fairfax
Orange Hunt,Week2,Wakefield Chapel,Week2,247.5 Wakefield Chapel - 154.5 Orange Hunt
Orange Hunt,Week1,Wakefield Chapel,Week1,274.0 Wakefield Chapel - 128.0 Orange Hunt
Overlee,Week4,Fairfax,Week1,323.0 Overlee - 79.0 Fairfax
Orange Hunt,Week2,Wakefield Chapel,Week3,248.0 Wakefield Chapel - 154.0 Orange Hunt
Orange Hunt,Week3,Vienna Aquatic,Week1,260.0 Vienna Aquatic - 142.0 Orange Hunt
Overlee,Week5,Stratford,Week4,371.0 Overlee - 31.0 Stratford
Orange Hunt,Week1,Vienna Woods,Week3,284.0 Vienna Woods - 118.0 Orange Hunt
Overlee,Week2,Fairfax,Week5,269.0 Overlee - 133.0 Fairfax
Orange Hunt,Week2,Wakefield Chapel,Week1,260.5 Wakefield Chapel - 141.5 Orange Hunt
Overlee,Week1,Fairfax Club Estates,Week1,348.0 Overlee - 54.0 Fairfax Club Estates
Overlee,Week2,Fairfax Club Estates,Week3,359.0 Overlee - 43.0 Fairfax Club Estates
Overlee,Week2,Fairfax Club Estates,Week4,352.0 Overlee - 50.0 Fairfax Club Estates
Orange Hunt,Week3,Wakefield Chapel,Week3,250.0 Wakefield Chapel - 152.0 Orange Hunt
Orange Hunt,Week4,Villa Aquatic,Week3,208.0 Orange Hunt - 194.0 Villa Aquatic
Orange Hunt,Week2,Vienna Woods,Week3,282.0 Vienna Woods - 120.0 Orange Hunt
Overlee,Week1,Fairfax Club Estates,Week4,346.0 Overlee - 56.0 Fairfax Club Estates
Overlee,Week5,Stratford,Week5,378.0 Overlee - 24.0 Stratford
Overlee,Week2,Sully Station,Week4,289.5 Overlee - 112.5 Sully Station
Overlee,Week1,Fairfax Club Estates,Week5,351.0 Overlee - 51.0 Fairfax Club Estates
Orange Hunt,Week4,Vienna Woods,Week5,303.0 Vienna Woods - 99.0 Orange Hunt
Orange Hunt,Week3,Vienna Woods,Week5,291.0 Vienna Woods - 111.0 Orange Hunt
Orange Hunt,Week2,Vienna Woods,Week5,307.0 Vienna Woods - 95.0 Orange Hunt
Orange Hunt,Week2,Wakefield Chapel,Week5,273.0 Wakefield Chapel - 129.0 Orange Hunt
Overlee,Week1,Sully Station,Week3,260.0 Overlee - 142.0 Sully Station
Overlee,Week4,Fairfax,Week2,309.0 Overlee - 93.0 Fairfax
Overlee,Week2,Sully Station,Week2,286.0 Overlee - 116.0 Sully Station
Orange Hunt,Week3,Vienna Woods,Week2,272.0 Vienna Woods - 130.0 Orange Hunt
Overlee,Week3,Fairfax Club Estates,Week4,342.0 Overlee - 60.0 Fairfax Club Estates
Overlee,Week2,Sully Station,Week5,247.0 Overlee - 155.0 Sully Station
Orange Hunt,Week5,Vienna Woods,Week2,278.0 Vienna Woods - 124.0 Orange Hunt
Orange Hunt,Week1,Rolling Valley,Week5,278.0 Orange Hunt - 124.0 Rolling Valley
Orange Hunt,Week3,Wakefield Chapel,Week2,243.0 Wakefield Chapel - 159.0 Orange Hunt
Overlee,Week3,Sully Station,Week5,254.0 Overlee - 148.0 Sully Station
Orange Hunt,Week2,Village West,Week3,265.0 Orange Hunt - 137.0 Village West
Orange Hunt,Week4,Vienna Woods,Week2,282.0 Vienna Woods - 120.0 Orange Hunt
Overlee,Week5,Fairfax,Week4,324.0 Overlee - 78.0 Fairfax
Orange Hunt,Week4,Vienna Woods,Week4,281.0 Vienna Woods - 121.0 Orange Hunt
Orange Hunt,Week2,Village West,Week5,259.0 Orange Hunt - 143.0 Village West
Orange Hunt,Week3,Rolling Valley,Week1,309.0 Orange Hunt - 93.0 Rolling Valley
Orange Hunt,Week3,Vienna Woods,Week1,262.0 Vienna Woods - 140.0 Orange Hunt
Overlee,Week1,Sully Station,Week5,236.0 Overlee - 166.0 Sully Station
Overlee,Week3,Sully Station,Week1,260.0 Overlee - 142.0 Sully Station
Orange Hunt,Week2,Wakefield Chapel,Week4,248.0 Wakefield Chapel - 154.0 Orange Hunt
Overlee,Week5,Fairfax,Week1,309.0 Overlee - 93.0 Fairfax
Orange Hunt,Week4,Villa Aquatic,Week2,226.0 Orange Hunt - 176.0 Villa Aquatic
Overlee,Week4,Fairfax Club Estates,Week2,378.0 Overlee - 24.0 Fairfax Club Estates
Orange Hunt,Week5,Rolling Valley,Week2,304.0 Orange Hunt - 98.0 Rolling Valley
Overlee,Week3,Sully Station,Week4,276.0 Overlee - 126.0 Sully Station
Orange Hunt,Week4,Rolling Valley,Week4,294.0 Orange Hunt - 108.0 Rolling Valley
Overlee,Week4,Sully Station,Week4,328.0 Overlee - 74.0 Sully Station
Orange Hunt,Week4,Rolling Valley,Week3,285.0 Orange Hunt - 117.0 Rolling Valley
Overlee,Week3,Fairfax Club Estates,Week1,352.0 Overlee - 50.0 Fairfax Club Estates
Overlee,Week3,Sully Station II,Week4,315.0 Overlee - 87.0 Sully Station II
Orange Hunt,Week5,Vienna Woods,Week1,255.0 Vienna Woods - 147.0 Orange Hunt
Overlee,Week3,Fairfax Club Estates,Week2,352.0 Overlee - 50.0 Fairfax Club Estates
Overlee,Week4,Fairfax Club Estates,Week4,368.0 Overlee - 34.0 Fairfax Club Estates
Orange Hunt,Week1,Villa Aquatic,Week2,222.0 Orange Hunt - 180.0 Villa Aquatic
Overlee,Week5,Sully Station,Week5,276.0 Overlee - 126.0 Sully Station
Orange Hunt,Week1,Villa Aquatic,Week3,224.0 Villa Aquatic - 178.0 Orange Hunt
Orange Hunt,Week3,Rolling Valley,Week4,297.0 Orange Hunt - 105.0 Rolling Valley
Overlee,Week3,Fairfax Club Estates,Week3,349.0 Overlee - 53.0 Fairfax Club Estates
Orange Hunt,Week5,Vienna Woods,Week4,250.0 Vienna Woods - 152.0 Orange Hunt
Orange Hunt,Week2,Villa Aquatic,Week5,212.0 Orange Hunt - 190.0 Villa Aquatic
Overlee,Week5,Fairfax Club Estates,Week2,372.0 Overlee - 30.0 Fairfax Club Estates
Orange Hunt,Week2,Rolling Valley,Week3,292.0 Orange Hunt - 110.0 Rolling Valley
Orange Hunt,Week3,Villa Aquatic,Week3,205.0 Orange Hunt - 197.0 Villa Aquatic
Overlee,Week4,Sully Station,Week1,301.0 Overlee - 101.0 Sully Station
Orange Hunt,Week1,Villa Aquatic,Week4,213.0 Orange Hunt - 189.0 Villa Aquatic
Orange Hunt,Week3,Villa Aquatic,Week2,238.0 Orange Hunt - 164.0 Villa Aquatic
Orange Hunt,Week2,Rolling Valley,Week5,278.0 Orange Hunt - 124.0 Rolling Valley
Overlee,Week3,Fairfax Club Estates,Week5,349.0 Overlee - 53.0 Fairfax Club Estates
Orange Hunt,Week5,Vienna Woods,Week3,272.5 Vienna Woods - 129.5 Orange Hunt
Orange Hunt,Week5,Vienna Woods,Week5,288.0 Vienna Woods - 114.0 Orange Hunt
Orange Hunt,Week3,Villa Aquatic,Week4,223.0 Orange Hunt - 179.0 Villa Aquatic
Orange Hunt,Week4,Rolling Valley,Week5,285.0 Orange Hunt - 117.0 Rolling Valley
Overlee,Week3,Sully Station II,Week1,302.0 Overlee - 100.0 Sully Station II
Orange Hunt,Week3,Rolling Valley,Week3,293.0 Orange Hunt - 109.0 Rolling Valley
Orange Hunt,Week3,Villa Aquatic,Week5,213.0 Orange Hunt - 189.0 Villa Aquatic
Overlee,Week2,Sully Station II,Week2,303.0 Overlee - 99.0 Sully Station II
Overlee,Week5,Sully Station,Week4,318.0 Overlee - 84.0 Sully Station
Orange Hunt,Week1,Villa Aquatic,Week1,228.0 Orange Hunt - 174.0 Villa Aquatic
Orange Hunt,Week2,Villa Aquatic,Week3,219.0 Orange Hunt - 183.0 Villa Aquatic
Orange Hunt,Week4,Rolling Valley,Week1,307.0 Orange Hunt - 95.0 Rolling Valley
Orange Hunt,Week2,Villa Aquatic,Week2,235.0 Orange Hunt - 167.0 Villa Aquatic
Overlee,Week3,Sully Station II,Week3,271.0 Overlee - 131.0 Sully Station II
Orange Hunt,Week3,Villa Aquatic,Week1,247.0 Orange Hunt - 155.0 Villa Aquatic
Overlee,Week4,Fairfax Club Estates,Week5,372.0 Overlee - 30.0 Fairfax Club Estates
Overlee,Week1,Fairfax Club Estates,Week3,352.0 Overlee - 50.0 Fairfax Club Estates
Orange Hunt,Week5,Rolling Valley,Week1,318.0 Orange Hunt - 84.0 Rolling Valley
Overlee,Week1,Fairfax Station,Week2,266.0 Overlee - 136.0 Fairfax Station
Orange Hunt,Week4,Rolling Valley,Week2,288.0 Orange Hunt - 114.0 Rolling Valley
Orange Hunt,Week2,Villa Aquatic,Week4,233.0 Orange Hunt - 169.0 Villa Aquatic
Orange Hunt,Week4,Villa Aquatic,Week4,226.0 Orange Hunt - 176.0 Villa Aquatic
Orange Hunt,Week1,Villa Aquatic,Week5,201.0 Orange Hunt - 201.0 Villa Aquatic
Orange Hunt,Week2,Rolling Valley,Week1,318.0 Orange Hunt - 84.0 Rolling Valley
Overlee,Week1,Sully Station II,Week3,268.0 Overlee - 134.0 Sully Station II
Overlee,Week3,Sully Station II,Week2,292.0 Overlee - 110.0 Sully Station II
Orange Hunt,Week5,Villa Aquatic,Week1,260.0 Orange Hunt - 142.0 Villa Aquatic
Orange Hunt,Week2,Rutherford,Week5,255.0 Orange Hunt - 147.0 Rutherford
Overlee,Week5,Fairfax Club Estates,Week1,368.0 Overlee - 34.0 Fairfax Club Estates
Overlee,Week4,Sully Station II,Week1,341.5 Overlee - 60.5 Sully Station II
Overlee,Week3,Sully Station II,Week5,275.0 Overlee - 127.0 Sully Station II
Overlee,Week5,Fairfax Club Estates,Week5,362.0 Overlee - 40.0 Fairfax Club Estates
Orange Hunt,Week4,Villa Aquatic,Week1,239.0 Orange Hunt - 163.0 Villa Aquatic
Orange Hunt,Week2,Villa Aquatic,Week1,245.0 Orange Hunt - 157.0 Villa Aquatic
Overlee,Week5,Fairfax Club Estates,Week3,363.0 Overlee - 39.0 Fairfax Club Estates
Overlee,Week1,Sully Station II,Week4,313.0 Overlee - 89.0 Sully Station II
Orange Hunt,Week2,Rolling Valley,Week2,299.0 Orange Hunt - 103.0 Rolling Valley
Orange Hunt,Week1,Rutherford,Week2,272.0 Orange Hunt - 130.0 Rutherford
Orange Hunt,Week1,Rutherford,Week4,257.0 Orange Hunt - 145.0 Rutherford
Orange Hunt,Week1,Village West,Week2,273.5 Orange Hunt - 128.5 Village West
Overlee,Week1,Fairfax Station,Week1,264.0 Overlee - 138.0 Fairfax Station
Overlee,Week2,Fairfax Club Estates,Week2,357.0 Overlee - 45.0 Fairfax Club Estates
Orange Hunt,Week5,Villa Aquatic,Week5,249.0 Orange Hunt - 153.0 Villa Aquatic
Overlee,Week2,Fairfax Club Estates,Week5,355.0 Overlee - 47.0 Fairfax Club Estates
Overlee,Week5,Sully Station II,Week2,325.0 Overlee - 77.0 Sully Station II
Orange Hunt,Week4,Riverside Gardens,Week5,228.0 Riverside Gardens - 174.0 Orange Hunt
Overlee,Week3,Fairfax Station,Week3,254.0 Overlee - 148.0 Fairfax Station
Overlee,Week5,Sully Station II,Week1,338.0 Overlee - 64.0 Sully Station II
Overlee,Week5,Fairfax Club Estates,Week4,365.0 Overlee - 37.0 Fairfax Club Estates
Overlee,Week4,Sully Station II,Week5,316.0 Overlee - 86.0 Sully Station II
Orange Hunt,Week1,Village West,Week1,276.0 Orange Hunt - 126.0 Village West
Orange Hunt,Week1,Rolling Valley,Week2,296.0 Orange Hunt - 106.0 Rolling Valley
Overlee,Week5,Sully Station II,Week3,322.0 Overlee - 80.0 Sully Station II
Overlee,Week4,Sully Station II,Week2,332.0 Overlee - 70.0 Sully Station II
Orange Hunt,Week1,Riverside Gardens,Week1,232.0 Riverside Gardens - 170.0 Orange Hunt
Orange Hunt,Week2,Rolling Valley,Week4,290.0 Orange Hunt - 112.0 Rolling Valley
Orange Hunt,Week5,Villa Aquatic,Week4,250.0 Orange Hunt - 152.0 Villa Aquatic
Orange Hunt,Week1,Rolling Valley,Week4,289.0 Orange Hunt - 113.0 Rolling Valley
Overlee,Week2,Fairfax Club Estates,Week1,346.0 Overlee - 56.0 Fairfax Club Estates
Orange Hunt,Week1,Rolling Valley,Week1,314.0 Orange Hunt - 88.0 Rolling Valley
Overlee,Week5,Fairfax Station,Week5,277.0 Overlee - 125.0 Fairfax Station
Overlee,Week2,Sully Station II,Week4,320.0 Overlee - 82.0 Sully Station II
Overlee,Week4,Fairfax Club Estates,Week3,371.0 Overlee - 31.0 Fairfax Club Estates
Overlee,Week4,Sully Station II,Week3,325.0 Overlee - 77.0 Sully Station II
Orange Hunt,Week1,Rolling Valley,Week3,279.0 Orange Hunt - 123.0 Rolling Valley
Orange Hunt,Week1,Village West,Week4,268.0 Orange Hunt - 129.0 Village West
Orange Hunt,Week1,Village West,Week5,250.5 Orange Hunt - 151.5 Village West
Orange Hunt,Week4,Villa Aquatic,Week5,209.0 Orange Hunt - 193.0 Villa Aquatic
Overlee,Week4,Sully Station II,Week4,346.0 Overlee - 56.0 Sully Station II
Orange Hunt,Week5,Villa Aquatic,Week2,256.0 Orange Hunt - 146.0 Villa Aquatic
Orange Hunt,Week5,Rolling Valley,Week4,300.0 Orange Hunt - 102.0 Rolling Valley
Overlee,Week2,Sully Station II,Week3,279.5 Overlee - 122.5 Sully Station II
Orange Hunt,Week1,Village West,Week3,252.0 Orange Hunt - 150.0 Village West
Overlee,Week4,Fairfax Club Estates,Week1,372.0 Overlee - 30.0 Fairfax Club Estates
Orange Hunt,Week5,Villa Aquatic,Week3,233.0 Orange Hunt - 169.0 Villa Aquatic
Orange Hunt,Week5,Rolling Valley,Week5,287.0 Orange Hunt - 115.0 Rolling Valley
Overlee,Week1,Fairfax Station,Week3,235.0 Overlee - 167.0 Fairfax Station
Orange Hunt,Week5,Rolling Valley,Week3,298.0 Orange Hunt - 104.0 Rolling Valley
Orange Hunt,Week2,Village West,Week4,266.0 Orange Hunt - 131.0 Village West
Orange Hunt,Week2,Village West,Week2,269.0 Orange Hunt - 133.0 Village West
Orange Hunt,Week2,Rutherford,Week1,284.0 Orange Hunt - 118.0 Rutherford
Overlee,Week3,Fairfax Station,Week1,267.0 Overlee - 135.0 Fairfax Station
Orange Hunt,Week3,Village West,Week1,282.0 Orange Hunt - 120.0 Village West
Orange Hunt,Week3,Rolling Valley,Week5,281.0 Orange Hunt - 121.0 Rolling Valley
Overlee,Week5,Sully Station,Week1,286.0 Overlee - 116.0 Sully Station
Orange Hunt,Week3,Rolling Valley,Week2,295.0 Orange Hunt - 107.0 Rolling Valley
Orange Hunt,Week3,Village West,Week3,260.0 Orange Hunt - 142.0 Village West
Orange Hunt,Week5,Ravensworth Farm,Week3,219.0 Orange Hunt - 183.0 Ravensworth Farm
Overlee,Week2,Fairfax Station,Week5,256.0 Overlee - 146.0 Fairfax Station
Orange Hunt,Week1,Riverside Gardens,Week3,247.0 Riverside Gardens - 155.0 Orange Hunt
Orange Hunt,Week5,Riverside Gardens,Week3,203.0 Riverside Gardens - 199.0 Orange Hunt
Overlee,Week2,Fairfax Station,Week4,281.5 Overlee - 120.5 Fairfax Station
Orange Hunt,Week1,Rutherford,Week3,269.0 Orange Hunt - 133.0 Rutherford
Orange Hunt,Week4,Riverside Gardens,Week4,238.0 Riverside Gardens - 164.0 Orange Hunt
Orange Hunt,Week4,Riverside Gardens,Week2,201.0 Orange Hunt - 201.0 Riverside Gardens
Overlee,Week1,Sully Station II,Week1,293.0 Overlee - 109.0 Sully Station II
Orange Hunt,Week3,Village West,Week4,271.0 Orange Hunt - 126.0 Village West
Orange Hunt,Week4,Riverside Gardens,Week3,215.0 Riverside Gardens - 187.0 Orange Hunt
Overlee,Week2,Sully Station II,Week1,307.0 Overlee - 95.0 Sully Station II
Overlee,Week1,Sully Station II,Week2,289.0 Overlee - 113.0 Sully Station II
Orange Hunt,Week2,Rutherford,Week2,294.0 Orange Hunt - 108.0 Rutherford
Overlee,Week1,Fairfax Station,Week5,239.0 Overlee - 163.0 Fairfax Station
Orange Hunt,Week5,Riverside Gardens,Week2,222.5 Orange Hunt - 179.5 Riverside Gardens
Orange Hunt,Week3,Rutherford,Week4,270.0 Orange Hunt - 132.0 Rutherford
Overlee,Week5,Sully Station,Week3,307.5 Overlee - 94.5 Sully Station
Overlee,Week3,Fairfax Station,Week5,251.0 Overlee - 151.0 Fairfax Station
Overlee,Week5,Sully Station II,Week4,347.0 Overlee - 55.0 Sully Station II
Orange Hunt,Week4,Village West,Week1,278.0 Orange Hunt - 124.0 Village West
Orange Hunt,Week1,Riverside Gardens,Week4,256.0 Riverside Gardens - 146.0 Orange Hunt
Orange Hunt,Week4,Rutherford,Week3,262.0 Orange Hunt - 140.0 Rutherford
Orange Hunt,Week2,Village West,Week1,283.0 Orange Hunt - 119.0 Village West
Orange Hunt,Week3,Village West,Week2,273.0 Orange Hunt - 129.0 Village West
Overlee,Week4,Fairfax Station,Week2,314.0 Overlee - 88.0 Fairfax Station
Overlee,Week2,Fairfax Station,Week2,282.0 Overlee - 120.0 Fairfax Station
Overlee,Week5,Sully Station,Week2,309.0 Overlee - 93.0 Sully Station
Overlee,Week1,Sully Station II,Week5,279.0 Overlee - 123.0 Sully Station II
Overlee,Week2,Sully Station II,Week5,286.0 Overlee - 116.0 Sully Station II
Orange Hunt,Week4,Village West,Week2,276.0 Orange Hunt - 126.0 Village West
Orange Hunt,Week2,Riverside Gardens,Week2,204.0 Orange Hunt - 198.0 Riverside Gardens
Orange Hunt,Week4,Rutherford,Week2,284.0 Orange Hunt - 118.0 Rutherford
Overlee,Week4,Fairfax Station,Week4,316.0 Overlee - 86.0 Fairfax Station
Overlee,Week2,Truro,Week2,380.0 Overlee - 22.0 Truro
Orange Hunt,Week1,Rutherford,Week5,260.0 Orange Hunt - 142.0 Rutherford
Overlee,Week3,Truro,Week5,354.0 Overlee - 48.0 Truro
Overlee,Week3,Fairfax Station,Week2,269.0 Overlee - 133.0 Fairfax Station
Orange Hunt,Week5,Ravensworth Farm,Week5,215.0 Ravensworth Farm - 187.0 Orange Hunt
Orange Hunt,Week2,Rutherford,Week3,268.5 Orange Hunt - 133.5 Rutherford
Orange Hunt,Week3,Riverside Gardens,Week2,208.0 Orange Hunt - 194.0 Riverside Gardens
Orange Hunt,Week3,Village West,Week5,264.0 Orange Hunt - 138.0 Village West
Orange Hunt,Week4,Village West,Week3,269.0 Orange Hunt - 133.0 Village West
Overlee,Week1,Fairfax Station,Week4,257.0 Overlee - 145.0 Fairfax Station
Orange Hunt,Week4,Village West,Week5,272.0 Orange Hunt - 125.0 Village West
Overlee,Week5,Fairfax Station,Week4,306.0 Overlee - 96.0 Fairfax Station
Orange Hunt,Week4,Rutherford,Week4,265.0 Orange Hunt - 137.0 Rutherford
Overlee,Week2,Fairfax Station,Week3,259.5 Overlee - 142.5 Fairfax Station
Orange Hunt,Week2,Riverside Gardens,Week4,229.5 Riverside Gardens - 172.5 Orange Hunt
Overlee,Week1,Truro,Week3,359.0 Overlee - 43.0 Truro
Orange Hunt,Week3,Rutherford,Week3,253.0 Orange Hunt - 149.0 Rutherford
Orange Hunt,Week4,Rutherford,Week1,291.0 Orange Hunt - 111.0 Rutherford
Overlee,Week1,Tuckahoe,Week1,213.0 Tuckahoe - 189.0 Overlee
Orange Hunt,Week4,Rutherford,Week5,257.0 Orange Hunt - 145.0 Rutherford
Overlee,Week5,Sully Station II,Week5,308.0 Overlee - 94.0 Sully Station II
Overlee,Week4,Forest Hollow,Week1,360.5 Overlee - 41.5 Forest Hollow
Orange Hunt,Week5,Rutherford,Week1,306.0 Orange Hunt - 95.0 Rutherford
Orange Hunt,Week5,Village West,Week1,291.0 Orange Hunt - 110.0 Village West
Orange Hunt,Week4,Sleepy Hollow Rec,Week4,280.5 Orange Hunt - 121.5 Sleepy Hollow Rec
Orange Hunt,Week4,Village West,Week4,270.0 Orange Hunt - 127.0 Village West
Orange Hunt,Week2,Riverside Gardens,Week3,216.0 Riverside Gardens - 186.0 Orange Hunt
Overlee,Week3,Truro,Week4,351.0 Overlee - 51.0 Truro
Orange Hunt,Week2,Rutherford,Week4,272.0 Orange Hunt - 130.0 Rutherford
Orange Hunt,Week2,Riverside Gardens,Week5,237.0 Riverside Gardens - 165.0 Orange Hunt
Orange Hunt,Week5,Village West,Week3,275.0 Orange Hunt - 127.0 Village West
Overlee,Week5,Forest Hollow,Week3,352.0 Overlee - 50.0 Forest Hollow
Overlee,Week1,Truro,Week1,360.0 Overlee - 42.0 Truro
Orange Hunt,Week5,Village West,Week4,282.0 Orange Hunt - 115.0 Village West
Overlee,Week5,Fairfax Station,Week2,316.0 Overlee - 86.0 Fairfax Station
Overlee,Week3,Truro,Week2,366.0 Overlee - 36.0 Truro
Overlee,Week2,Truro,Week3,368.0 Overlee - 34.0 Truro
Orange Hunt,Week3,Rutherford,Week5,267.0 Orange Hunt - 135.0 Rutherford
Overlee,Week5,Fairfax Station,Week1,301.0 Overlee - 101.0 Fairfax Station
Orange Hunt,Week3,Rutherford,Week2,281.0 Orange Hunt - 121.0 Rutherford
Orange Hunt,Week2,Riverside Gardens,Week1,208.0 Riverside Gardens - 194.0 Orange Hunt
Overlee,Week1,Truro,Week5,353.0 Overlee - 49.0 Truro
Orange Hunt,Week3,Rutherford,Week1,291.0 Orange Hunt - 111.0 Rutherford
Orange Hunt,Week5,Riverside Gardens,Week1,208.0 Orange Hunt - 194.0 Riverside Gardens
Overlee,Week5,Fairfax Station,Week3,284.0 Overlee - 118.0 Fairfax Station
Orange Hunt,Week1,Rutherford,Week1,275.0 Orange Hunt - 127.0 Rutherford
Orange Hunt,Week3,Riverside Gardens,Week4,227.0 Riverside Gardens - 175.0 Orange Hunt
Overlee,Week1,Truro,Week4,353.0 Overlee - 49.0 Truro
Orange Hunt,Week5,Village West,Week2,294.0 Orange Hunt - 108.0 Village West
Orange Hunt,Week1,Riverside Gardens,Week2,218.0 Riverside Gardens - 184.0 Orange Hunt
Orange Hunt,Week4,Riverside Gardens,Week1,211.0 Riverside Gardens - 191.0 Orange Hunt
Orange Hunt,Week1,Riverside Gardens,Week5,252.5 Riverside Gardens - 149.5 Orange Hunt
Overlee,Week2,Forest Hollow,Week4,323.0 Overlee - 79.0 Forest Hollow
Overlee,Week3,Fairfax Station,Week4,280.0 Overlee - 122.0 Fairfax Station
Overlee,Week2,Truro,Week4,364.0 Overlee - 38.0 Truro
Overlee,Week4,Fairfax Station,Week5,297.0 Overlee - 105.0 Fairfax Station
Orange Hunt,Week5,Sleepy Hollow Rec,Week3,271.0 Orange Hunt - 131.0 Sleepy Hollow Rec
Overlee,Week3,Forest Hollow,Week5,294.0 Overlee - 108.0 Forest Hollow
Overlee,Week2,Truro,Week5,360.0 Overlee - 42.0 Truro
Overlee,Week1,Forest Hollow,Week5,295.0 Overlee - 107.0 Forest Hollow
Orange Hunt,Week5,Sleepy Hollow Rec,Week1,309.0 Orange Hunt - 93.0 Sleepy Hollow Rec
Overlee,Week4,Truro,Week2,380.0 Overlee - 22.0 Truro
Orange Hunt,Week5,Sleepy Hollow Rec,Week2,296.0 Orange Hunt - 106.0 Sleepy Hollow Rec
Orange Hunt,Week5,Ravensworth Farm,Week4,206.0 Orange Hunt - 196.0 Ravensworth Farm
Orange Hunt,Week5,Rutherford,Week3,275.0 Orange Hunt - 127.0 Rutherford
Overlee,Week3,Truro,Week1,362.0 Overlee - 40.0 Truro
Orange Hunt,Week3,Riverside Gardens,Week1,214.0 Riverside Gardens - 188.0 Orange Hunt
Overlee,Week4,Fairfax Station,Week1,312.0 Overlee - 90.0 Fairfax Station
Overlee,Week4,Truro,Week3,384.0 Overlee - 18.0 Truro
Orange Hunt,Week4,Sleepy Hollow Rec,Week2,278.0 Orange Hunt - 124.0 Sleepy Hollow Rec
Orange Hunt,Week5,Rutherford,Week4,277.0 Orange Hunt - 125.0 Rutherford
Orange Hunt,Week5,Rutherford,Week2,295.0 Orange Hunt - 107.0 Rutherford
Orange Hunt,Week3,Riverside Gardens,Week3,213.5 Riverside Gardens - 188.5 Orange Hunt
Overlee,Week5,Truro,Week2,384.0 Overlee - 18.0 Truro
Overlee,Week1,Fox Hunt,Week1,340.0 Overlee - 62.0 Fox Hunt
Orange Hunt,Week1,Shouse Village,Week3,208.0 Orange Hunt - 194.0 Shouse Village
Orange Hunt,Week4,Sleepy Hollow Rec,Week5,257.0 Orange Hunt - 145.0 Sleepy Hollow Rec
Overlee,Week4,Fairfax Station,Week3,299.0 Overlee - 103.0 Fairfax Station
Overlee,Week5,Truro,Week3,382.0 Overlee - 20.0 Truro
Orange Hunt,Week5,Rutherford,Week5,281.0 Orange Hunt - 121.0 Rutherford
Orange Hunt,Week5,Sleepy Hollow Rec,Week4,300.0 Orange Hunt - 102.0 Sleepy Hollow Rec
Orange Hunt,Week4,Sleepy Hollow Rec,Week3,258.0 Orange Hunt - 144.0 Sleepy Hollow Rec
Overlee,Week1,Forest Hollow,Week4,298.5 Overlee - 103.5 Forest Hollow
Overlee,Week4,Truro,Week5,371.0 Overlee - 31.0 Truro
Overlee,Week1,Forest Hollow,Week2,317.0 Overlee - 85.0 Forest Hollow
Overlee,Week2,Fairfax Station,Week1,287.0 Overlee - 115.0 Fairfax Station
Overlee,Week2,Truro,Week1,358.0 Overlee - 44.0 Truro
Orange Hunt,Week1,Shouse Village,Week1,208.0 Orange Hunt - 194.0 Shouse Village
Overlee,Week1,Truro,Week2,363.0 Overlee - 39.0 Truro
Overlee,Week1,Forest Hollow,Week3,309.0 Overlee - 93.0 Forest Hollow
Orange Hunt,Week1,Somerset-Olde Creek,Week1,318.0 Orange Hunt - 84.0 Somerset-Olde Creek
Orange Hunt,Week3,Riverside Gardens,Week5,240.0 Riverside Gardens - 162.0 Orange Hunt
Orange Hunt,Week1,Shouse Village,Week2,242.5 Orange Hunt - 159.5 Shouse Village
Overlee,Week3,Forest Hollow,Week3,322.0 Overlee - 80.0 Forest Hollow
Orange Hunt,Week5,Sleepy Hollow Rec,Week5,272.5 Orange Hunt - 129.5 Sleepy Hollow Rec
Orange Hunt,Week5,Shouse Village,Week1,235.0 Orange Hunt - 167.0 Shouse Village
Orange Hunt,Week1,Somerset-Olde Creek,Week4,322.0 Orange Hunt - 80.0 Somerset-Olde Creek
Overlee,Week5,Truro,Week1,380.0 Overlee - 22.0 Truro
Overlee,Week5,Forest Hollow,Week4,348.0 Overlee - 54.0 Forest Hollow
Orange Hunt,Week1,Somerset-Olde Creek,Week2,324.0 Orange Hunt - 78.0 Somerset-Olde Creek
Orange Hunt,Week2,Shouse Village,Week2,237.0 Orange Hunt - 165.0 Shouse Village
Overlee,Week2,Forest Hollow,Week5,321.0 Overlee - 81.0 Forest Hollow
Orange Hunt,Week3,Sleepy Hollow Rec,Week5,268.0 Orange Hunt - 134.0 Sleepy Hollow Rec
Overlee,Week5,Forest Hollow,Week2,361.0 Overlee - 41.0 Forest Hollow
Overlee,Week3,Tuckahoe,Week3,257.5 Tuckahoe - 144.5 Overlee
Orange Hunt,Week3,Sleepy Hollow Rec,Week1,310.0 Orange Hunt - 92.0 Sleepy Hollow Rec
Overlee,Week3,Forest Hollow,Week2,326.0 Overlee - 76.0 Forest Hollow
Orange Hunt,Week1,Somerset-Olde Creek,Week3,325.0 Orange Hunt - 77.0 Somerset-Olde Creek
Overlee,Week3,Truro,Week3,362.0 Overlee - 40.0 Truro
Overlee,Week5,Truro,Week5,373.0 Overlee - 29.0 Truro
Orange Hunt,Week3,Shouse Village,Week5,207.0 Shouse Village - 195.0 Orange Hunt
Overlee,Week3,Fox Hunt,Week3,318.0 Overlee - 84.0 Fox Hunt
Overlee,Week1,Tuckahoe,Week3,262.0 Tuckahoe - 140.0 Overlee
Orange Hunt,Week5,Shouse Village,Week5,207.0 Orange Hunt - 195.0 Shouse Village
Overlee,Week5,Truro,Week4,368.0 Overlee - 34.0 Truro
Orange Hunt,Week1,Somerset-Olde Creek,Week5,308.0 Orange Hunt - 94.0 Somerset-Olde Creek
Overlee,Week3,Tuckahoe,Week2,207.0 Tuckahoe - 195.0 Overlee
Overlee,Week2,Forest Hollow,Week1,328.0 Overlee - 74.0 Forest Hollow
Overlee,Week1,Vienna Aquatic,Week3,232.0 Overlee - 170.0 Vienna Aquatic
Orange Hunt,Week2,Sleepy Hollow Rec,Week5,256.0 Orange Hunt - 146.0 Sleepy Hollow Rec
Overlee,Week4,Forest Hollow,Week3,363.0 Overlee - 39.0 Forest Hollow
Overlee,Week3,Forest Hollow,Week4,305.0 Overlee - 97.0 Forest Hollow
Orange Hunt,Week2,Sideburn Run,Week2,218.0 Orange Hunt - 184.0 Sideburn Run
Orange Hunt,Week3,Sleepy Hollow Rec,Week3,271.0 Orange Hunt - 131.0 Sleepy Hollow Rec
Orange Hunt,Week2,Sideburn Run,Week1,215.0 Orange Hunt - 187.0 Sideburn Run
Orange Hunt,Week4,Sleepy Hollow Rec,Week1,289.0 Orange Hunt - 113.0 Sleepy Hollow Rec
Overlee,Week2,Forest Hollow,Week3,330.5 Overlee - 71.5 Forest Hollow
Orange Hunt,Week3,Sleepy Hollow Rec,Week2,281.0 Orange Hunt - 121.0 Sleepy Hollow Rec
Orange Hunt,Week1,Sideburn Run,Week5,216.0 Sideburn Run - 186.0 Orange Hunt
Overlee,Week1,Tuckahoe,Week5,230.0 Tuckahoe - 172.0 Overlee
Overlee,Week1,Vienna Aquatic,Week5,210.5 Overlee - 191.5 Vienna Aquatic
Overlee,Week3,Forest Hollow,Week1,314.0 Overlee - 88.0 Forest Hollow
Overlee,Week1,Forest Hollow,Week1,307.0 Overlee - 95.0 Forest Hollow
Overlee,Week5,Forest Hollow,Week1,344.0 Overlee - 58.0 Forest Hollow
Overlee,Week2,Vienna Aquatic,Week3,260.0 Overlee - 142.0 Vienna Aquatic
Orange Hunt,Week2,Sideburn Run,Week5,207.0 Orange Hunt - 195.0 Sideburn Run
Orange Hunt,Week2,Somerset-Olde Creek,Week3,325.0 Orange Hunt - 77.0 Somerset-Olde Creek
Overlee,Week4,Forest Hollow,Week4,357.0 Overlee - 45.0 Forest Hollow
Orange Hunt,Week2,Sideburn Run,Week4,222.0 Orange Hunt - 180.0 Sideburn Run
Overlee,Week2,Tuckahoe,Week2,204.0 Tuckahoe - 198.0 Overlee
Orange Hunt,Week3,Shouse Village,Week1,227.0 Orange Hunt - 175.0 Shouse Village
Overlee,Week5,Tuckahoe,Week2,233.0 Overlee - 169.0 Tuckahoe
Orange Hunt,Week2,Somerset-Olde Creek,Week1,320.0 Orange Hunt - 81.0 Somerset-Olde Creek
Overlee,Week2,Forest Hollow,Week2,336.0 Overlee - 66.0 Forest Hollow
Orange Hunt,Week2,Somerset-Olde Creek,Week2,320.0 Orange Hunt - 82.0 Somerset-Olde Creek
Orange Hunt,Week2,Sleepy Hollow Rec,Week3,266.0 Orange Hunt - 136.0 Sleepy Hollow Rec
Orange Hunt,Week3,Shouse Village,Week3,215.0 Orange Hunt - 187.0 Shouse Village
Orange Hunt,Week1,Sideburn Run,Week2,201.0 Orange Hunt - 201.0 Sideburn Run
Orange Hunt,Week5,Shouse Village,Week2,256.0 Orange Hunt - 146.0 Shouse Village
Overlee,Week3,Tuckahoe,Week5,217.0 Tuckahoe - 185.0 Overlee
Orange Hunt,Week2,Shouse Village,Week1,207.0 Orange Hunt - 195.0 Shouse Village
Orange Hunt,Week4,Shouse Village,Week1,218.0 Orange Hunt - 184.0 Shouse Village
Orange Hunt,Week4,Shouse Village,Week2,243.0 Orange Hunt - 159.0 Shouse Village
Orange Hunt,Week2,Shouse Village,Week5,213.0 Shouse Village - 189.0 Orange Hunt
Overlee,Week4,Forest Hollow,Week5,353.0 Overlee - 49.0 Forest Hollow
Overlee,Week1,Fox Hunt,Week2,329.0 Overlee - 73.0 Fox Hunt
Orange Hunt,Week4,Shouse Village,Week4,203.0 Orange Hunt - 199.0 Shouse Village
Orange Hunt,Week2,Sideburn Run,Week3,227.5 Orange Hunt - 174.5 Sideburn Run
Overlee,Week1,Fox Hunt,Week5,321.0 Overlee - 81.0 Fox Hunt
Overlee,Week1,Fox Hunt,Week3,324.0 Overlee - 78.0 Fox Hunt
Overlee,Week2,Fox Hunt,Week2,341.0 Overlee - 61.0 Fox Hunt
Overlee,Week3,Tuckahoe,Week1,201.5 Overlee - 200.5 Tuckahoe
Overlee,Week4,Truro,Week1,374.0 Overlee - 28.0 Truro
Orange Hunt,Week3,Sleepy Hollow Rec,Week4,285.0 Orange Hunt - 117.0 Sleepy Hollow Rec
Orange Hunt,Week2,Shouse Village,Week4,207.0 Shouse Village - 195.0 Orange Hunt
Overlee,Week5,Tuckahoe,Week3,214.0 Tuckahoe - 188.0 Overlee
Overlee,Week2,Fox Hunt,Week3,338.0 Overlee - 64.0 Fox Hunt
Overlee,Week1,Fox Hunt,Week4,326.0 Overlee - 76.0 Fox Hunt
Overlee,Week4,Tuckahoe,Week3,216.0 Overlee - 186.0 Tuckahoe
Overlee,Week2,Tuckahoe,Week5,220.0 Tuckahoe - 182.0 Overlee
Overlee,Week2,Tuckahoe,Week4,249.0 Tuckahoe - 153.0 Overlee
Overlee,Week2,Tuckahoe,Week1,214.0 Overlee - 188.0 Tuckahoe
Overlee,Week4,Tuckahoe,Week1,265.0 Overlee - 137.0 Tuckahoe
Overlee,Week2,Fox Hunt,Week1,349.0 Overlee - 53.0 Fox Hunt
Overlee,Week2,Fox Hunt,Week4,342.0 Overlee - 60.0 Fox Hunt
Orange Hunt,Week3,Shouse Village,Week2,238.0 Orange Hunt - 164.0 Shouse Village
Overlee,Week3,Fox Hunt,Week2,328.0 Overlee - 74.0 Fox Hunt
Overlee,Week2,Fox Hunt,Week5,340.0 Overlee - 62.0 Fox Hunt
Overlee,Week4,Tuckahoe,Week2,267.0 Overlee - 135.0 Tuckahoe
Overlee,Week3,Fox Hunt,Week1,337.0 Overlee - 65.0 Fox Hunt
Orange Hunt,Week5,Shouse Village,Week4,207.0 Orange Hunt - 194.0 Shouse Village
Orange Hunt,Week4,Shouse Village,Week5,209.0 Shouse Village - 193.0 Orange Hunt
Orange Hunt,Week1,Shouse Village,Week4,203.5 Shouse Village - 198.5 Orange Hunt
Overlee,Week5,Tuckahoe,Week1,241.0 Overlee - 161.0 Tuckahoe
Overlee,Week5,Forest Hollow,Week5,340.0 Overlee - 62.0 Forest Hollow
Orange Hunt,Week1,Sideburn Run,Week1,207.0 Sideburn Run - 195.0 Orange Hunt
Orange Hunt,Week2,Shouse Village,Week3,205.0 Orange Hunt - 197.0 Shouse Village
Orange Hunt,Week2,Sleepy Hollow Rec,Week4,269.0 Orange Hunt - 133.0 Sleepy Hollow Rec
Overlee,Week4,Truro,Week4,370.0 Overlee - 32.0 Truro
Orange Hunt,Week1,Shouse Village,Week5,213.0 Shouse Village - 189.0 Orange Hunt
Overlee,Week1,Tuckahoe,Week4,249.0 Tuckahoe - 153.0 Overlee
Overlee,Week4,Forest Hollow,Week2,362.0 Overlee - 40.0 Forest Hollow
Overlee,Week2,Tuckahoe,Week3,249.0 Tuckahoe - 153.0 Overlee
Overlee,Week1,Tuckahoe,Week2,220.0 Tuckahoe - 182.0 Overlee
Overlee,Week5,Tuckahoe,Week5,202.0 Tuckahoe - 200.0 Overlee
Overlee,Week1,Vienna Aquatic,Week4,251.0 Overlee - 151.0 Vienna Aquatic
Overlee,Week3,Fox Hunt,Week5,319.0 Overlee - 83.0 Fox Hunt
Orange Hunt,Week5,Shouse Village,Week3,219.0 Orange Hunt - 183.0 Shouse Village
Orange Hunt,Week4,Shouse Village,Week3,219.0 Orange Hunt - 183.0 Shouse Village
Orange Hunt,Week1,Sideburn Run,Week3,204.0 Sideburn Run - 198.0 Orange Hunt
Orange Hunt,Week3,Shouse Village,Week4,202.0 Shouse Village - 200.0 Orange Hunt
Overlee,Week5,Tuckahoe,Week4,210.0 Tuckahoe - 192.0 Overlee
Overlee,Week4,Tuckahoe,Week5,236.0 Overlee - 166.0 Tuckahoe
Orange Hunt,Week3,Sideburn Run,Week4,217.0 Orange Hunt - 185.0 Sideburn Run
Overlee,Week4,Fox Hunt,Week4,366.0 Overlee - 36.0 Fox Hunt
Overlee,Week4,Fox Hunt,Week2,373.0 Overlee - 29.0 Fox Hunt
Overlee,Week2,Fox Mill Estates,Week1,352.0 Overlee - 50.0 Fox Mill Estates
Overlee,Week1,Vienna Aquatic,Week2,239.0 Overlee - 163.0 Vienna Aquatic
Overlee,Week1,Vienna Aquatic,Week1,239.0 Overlee - 163.0 Vienna Aquatic
Orange Hunt,Week3,Sideburn Run,Week1,220.0 Orange Hunt - 182.0 Sideburn Run
Overlee,Week2,Fox Mill Estates,Week2,338.5 Overlee - 63.5 Fox Mill Estates
Overlee,Week3,Fox Hunt,Week4,326.0 Overlee - 76.0 Fox Hunt
Orange Hunt,Week1,Sideburn Run,Week4,205.0 Sideburn Run - 197.0 Orange Hunt
Overlee,Week3,Tuckahoe,Week4,252.0 Tuckahoe - 150.0 Overlee
Overlee,Week4,Tuckahoe,Week4,205.0 Overlee - 197.0 Tuckahoe
Overlee,Week4,Fox Hunt,Week1,379.0 Overlee - 23.0 Fox Hunt
Overlee,Week3,Fox Mill Estates,Week1,340.0 Overlee - 62.0 Fox Mill Estates
Overlee,Week5,Fox Hunt,Week1,370.0 Overlee - 32.0 Fox Hunt
Orange Hunt,Week3,Sideburn Run,Week3,211.0 Orange Hunt - 191.0 Sideburn Run
Overlee,Week1,Fox Mill Estates,Week1,335.0 Overlee - 67.0 Fox Mill Estates
Overlee,Week2,Vienna Woods,Week2,264.0 Overlee - 138.0 Vienna Woods
Orange Hunt,Week5,Sideburn Run,Week2,238.0 Orange Hunt - 164.0 Sideburn Run
Overlee,Week2,Vienna Aquatic,Week5,219.0 Overlee - 183.0 Vienna Aquatic
Orange Hunt,Week4,Sideburn Run,Week5,207.0 Orange Hunt - 195.0 Sideburn Run
Overlee,Week2,Fox Mill Estates,Week3,352.0 Overlee - 50.0 Fox Mill Estates
Overlee,Week3,Vienna Aquatic,Week1,245.0 Overlee - 157.0 Vienna Aquatic
Overlee,Week4,Fox Hunt,Week3,361.5 Overlee - 40.5 Fox Hunt
Overlee,Week2,Vienna Aquatic,Week1,267.0 Overlee - 135.0 Vienna Aquatic
Overlee,Week3,Fox Mill Estates,Week4,310.0 Overlee - 92.0 Fox Mill Estates
Overlee,Week2,Vienna Aquatic,Week2,260.0 Overlee - 142.0 Vienna Aquatic
Overlee,Week5,Fox Hunt,Week2,363.0 Overlee - 39.0 Fox Hunt
Orange Hunt,Week1,Sleepy Hollow B & R,Week4,223.0 Sleepy Hollow B & R - 179.0 Orange Hunt
Orange Hunt,Week4,Sideburn Run,Week1,207.0 Orange Hunt - 195.0 Sideburn Run
Orange Hunt,Week5,Sideburn Run,Week4,232.0 Orange Hunt - 170.0 Sideburn Run
Overlee,Week1,Fox Mill Estates,Week3,327.0 Overlee - 75.0 Fox Mill Estates
Orange Hunt,Week4,Sideburn Run,Week2,217.0 Orange Hunt - 185.0 Sideburn Run
Overlee,Week3,Vienna Aquatic,Week3,244.0 Overlee - 158.0 Vienna Aquatic
Overlee,Week3,Vienna Aquatic,Week2,243.0 Overlee - 159.0 Vienna Aquatic
Overlee,Week4,Vienna Woods,Week3,303.0 Overlee - 99.0 Vienna Woods
Overlee,Week1,Fox Mill Estates,Week4,309.0 Overlee - 93.0 Fox Mill Estates
Orange Hunt,Week1,Sleepy Hollow B & R,Week2,235.0 Sleepy Hollow B & R - 167.0 Orange Hunt
Orange Hunt,Week5,Sideburn Run,Week1,229.0 Orange Hunt - 173.0 Sideburn Run
Orange Hunt,Week1,Sleepy Hollow B & R,Week5,247.0 Sleepy Hollow B & R - 155.0 Orange Hunt
Overlee,Week2,Fox Mill Estates,Week4,319.0 Overlee - 83.0 Fox Mill Estates
Orange Hunt,Week4,Sideburn Run,Week3,217.0 Orange Hunt - 185.0 Sideburn Run
Overlee,Week5,Vienna Aquatic,Week5,239.0 Overlee - 163.0 Vienna Aquatic
Overlee,Week3,Fox Mill Estates,Week2,335.0 Overlee - 67.0 Fox Mill Estates
Overlee,Week2,Vienna Aquatic,Week4,256.0 Overlee - 146.0 Vienna Aquatic
Orange Hunt,Week4,Sideburn Run,Week4,213.0 Orange Hunt - 189.0 Sideburn Run
Overlee,Week4,Vienna Woods,Week1,302.0 Overlee - 100.0 Vienna Woods
Orange Hunt,Week5,Sideburn Run,Week3,229.0 Orange Hunt - 173.0 Sideburn Run
Overlee,Week5,Fox Hunt,Week5,354.0 Overlee - 48.0 Fox Hunt
Overlee,Week2,Vienna Woods,Week5,229.0 Overlee - 173.0 Vienna Woods
Overlee,Week5,Vienna Aquatic,Week4,289.0 Overlee - 113.0 Vienna Aquatic
Overlee,Week3,Vienna Woods,Week1,232.0 Overlee - 170.0 Vienna Woods
Overlee,Week2,Vienna Woods,Week4,283.0 Overlee - 119.0 Vienna Woods
Orange Hunt,Week1,Sleepy Hollow B & R,Week1,205.0 Sleepy Hollow B & R - 197.0 Orange Hunt
Overlee,Week4,Vienna Aquatic,Week2,299.0 Overlee - 103.0 Vienna Aquatic
Overlee,Week5,Vienna Aquatic,Week2,292.5 Overlee - 109.5 Vienna Aquatic
Overlee,Week1,Fox Mill Estates,Week5,324.0 Overlee - 78.0 Fox Mill Estates
Overlee,Week2,Vienna Woods,Week3,254.0 Overlee - 148.0 Vienna Woods
Overlee,Week5,Fox Hunt,Week3,355.0 Overlee - 47.0 Fox Hunt
Overlee,Week3,Vienna Aquatic,Week4,255.0 Overlee - 147.0 Vienna Aquatic
Overlee,Week3,Vienna Woods,Week4,250.0 Overlee - 152.0 Vienna Woods
Orange Hunt,Week2,Sleepy Hollow B & R,Week1,234.5 Orange Hunt - 167.5 Sleepy Hollow B & R
Overlee,Week4,Vienna Aquatic,Week4,303.0 Overlee - 99.0 Vienna Aquatic
Overlee,Week1,Villa Aquatic,Week5,318.0 Overlee - 84.0 Villa Aquatic
Overlee,Week4,Vienna Woods,Week2,300.0 Overlee - 102.0 Vienna Woods
Overlee,Week3,Vienna Woods,Week2,239.5 Overlee - 162.5 Vienna Woods
Overlee,Week1,Vienna Woods,Week5,203.0 Overlee - 199.0 Vienna Woods
Overlee,Week1,Vienna Woods,Week3,232.0 Overlee - 170.0 Vienna Woods
Overlee,Week3,Vienna Woods,Week5,211.0 Vienna Woods - 191.0 Overlee
Overlee,Week1,Vienna Woods,Week1,231.0 Overlee - 171.0 Vienna Woods
Overlee,Week1,Vienna Woods,Week4,250.0 Overlee - 152.0 Vienna Woods
Orange Hunt,Week1,Sleepy Hollow B & R,Week3,235.0 Sleepy Hollow B & R - 167.0 Orange Hunt
Overlee,Week3,Fox Mill Estates,Week3,331.0 Overlee - 71.0 Fox Mill Estates
Overlee,Week1,Fox Mill Estates,Week2,326.0 Overlee - 76.0 Fox Mill Estates
Overlee,Week2,Fox Mill Estates,Week5,343.5 Overlee - 58.5 Fox Mill Estates
Overlee,Week5,Vienna Aquatic,Week3,290.0 Overlee - 112.0 Vienna Aquatic
Overlee,Week1,Vienna Woods,Week2,251.5 Overlee - 150.5 Vienna Woods
Overlee,Week4,Fox Hunt,Week5,359.0 Overlee - 43.0 Fox Hunt
Orange Hunt,Week5,Sideburn Run,Week5,219.0 Orange Hunt - 183.0 Sideburn Run
Overlee,Week5,Vienna Aquatic,Week1,294.0 Overlee - 108.0 Vienna Aquatic
Overlee,Week4,Vienna Aquatic,Week1,313.0 Overlee - 89.0 Vienna Aquatic
Orange Hunt,Week3,Sideburn Run,Week2,221.0 Orange Hunt - 181.0 Sideburn Run
Orange Hunt,Week3,Sideburn Run,Week5,202.0 Orange Hunt - 200.0 Sideburn Run
Overlee,Week4,Vienna Woods,Week4,313.0 Overlee - 89.0 Vienna Woods
Overlee,Week3,Vienna Aquatic,Week5,222.5 Overlee - 179.5 Vienna Aquatic
Overlee,Week3,Fox Mill Estates,Week5,322.0 Overlee - 80.0 Fox Mill Estates
Overlee,Week4,Vienna Aquatic,Week3,309.0 Overlee - 93.0 Vienna Aquatic
Overlee,Week4,Vienna Aquatic,Week5,259.5 Overlee - 142.5 Vienna Aquatic
Overlee,Week2,Vienna Woods,Week1,248.0 Overlee - 154.0 Vienna Woods
Overlee,Week4,Villa Aquatic,Week1,370.0 Overlee - 32.0 Villa Aquatic
Overlee,Week5,Fox Hunt,Week4,357.0 Overlee - 45.0 Fox Hunt
Overlee,Week3,Vienna Woods,Week3,234.0 Overlee - 168.0 Vienna Woods
Parklawn,Week2,Mansion House,Week3,266.0 Mansion House - 135.0 Parklawn
Overlee,Week2,Villa Aquatic,Week4,348.0 Overlee - 54.0 Villa Aquatic
Parklawn,Week2,Mansion House,Week2,258.0 Mansion House - 140.0 Parklawn
Overlee,Week3,Villa Aquatic,Week1,339.0 Overlee - 63.0 Villa Aquatic
Parklawn,Week4,Mansion House,Week2,261.0 Mansion House - 137.0 Parklawn
Overlee,Week4,Villa Aquatic,Week5,361.0 Overlee - 41.0 Villa Aquatic
Overlee,Week5,Cardinal Hill,Week3,302.5 Overlee - 99.5 Cardinal Hill
Parklawn,Week2,Mansion House,Week1,249.0 Mansion House - 152.0 Parklawn
Overlee,Week5,Vienna Woods,Week3,288.0 Overlee - 114.0 Vienna Woods
Parklawn,Week1,Mansion House,Week5,290.0 Mansion House - 103.0 Parklawn
Parklawn,Week1,Mantua,Week1,309.0 Mantua - 84.0 Parklawn
Overlee,Week5,Vienna Woods,Week4,302.0 Overlee - 100.0 Vienna Woods
Parklawn,Week3,Mansion House,Week4,255.0 Mansion House - 146.0 Parklawn
Overlee,Week3,Villa Aquatic,Week5,327.0 Overlee - 75.0 Villa Aquatic
Overlee,Week1,Villa Aquatic,Week2,332.0 Overlee - 70.0 Villa Aquatic
Overlee,Week2,Chesterbrook,Week5,234.0 Chesterbrook - 168.0 Overlee
Overlee,Week5,Cardinal Hill,Week5,314.0 Overlee - 88.0 Cardinal Hill
Parklawn,Week2,Mansion House,Week5,268.0 Mansion House - 134.0 Parklawn
Overlee,Week5,Vienna Woods,Week1,297.0 Overlee - 105.0 Vienna Woods
Overlee,Week1,Villa Aquatic,Week1,345.0 Overlee - 57.0 Villa Aquatic
Parklawn,Week1,Mantua,Week2,310.0 Mantua - 83.0 Parklawn
Overlee,Week5,Villa Aquatic,Week1,366.0 Overlee - 36.0 Villa Aquatic
Parklawn,Week3,Mansion House,Week5,276.0 Mansion House - 126.0 Parklawn
Overlee,Week3,Cardinal Hill,Week1,266.0 Overlee - 136.0 Cardinal Hill
Overlee,Week4,Cardinal Hill,Week5,330.0 Overlee - 72.0 Cardinal Hill
Parklawn,Week5,Mansion House,Week3,267.0 Mansion House - 134.0 Parklawn
Parklawn,Week4,Mansion House,Week4,239.0 Mansion House - 162.0 Parklawn
Overlee,Week2,Villa Aquatic,Week1,355.0 Overlee - 47.0 Villa Aquatic
Overlee,Week5,Cardinal Hill,Week1,305.0 Overlee - 97.0 Cardinal Hill
Overlee,Week4,Villa Aquatic,Week4,362.0 Overlee - 40.0 Villa Aquatic
Parklawn,Week1,Mansion House,Week4,263.0 Mansion House - 130.0 Parklawn
Parklawn,Week5,Mansion House,Week2,265.5 Mansion House - 132.5 Parklawn
Overlee,Week4,Villa Aquatic,Week2,355.0 Overlee - 47.0 Villa Aquatic
Overlee,Week2,Chesterbrook,Week1,201.0 Chesterbrook - 201.0 Overlee
Parklawn,Week3,Mantua,Week1,297.0 Mantua - 104.0 Parklawn
Parklawn,Week1,Mansion House,Week1,281.0 Mansion House - 112.0 Parklawn
Overlee,Week5,Vienna Woods,Week5,268.5 Overlee - 133.5 Vienna Woods
Overlee,Week3,Villa Aquatic,Week3,318.0 Overlee - 84.0 Villa Aquatic
Overlee,Week1,Villa Aquatic,Week4,330.0 Overlee - 72.0 Villa Aquatic
Parklawn,Week1,Mansion House,Week2,281.0 Mansion House - 107.0 Parklawn
Overlee,Week3,Villa Aquatic,Week4,333.0 Overlee - 69.0 Villa Aquatic
Parklawn,Week3,Mansion House,Week1,282.0 Mansion House - 119.0 Parklawn
Overlee,Week3,Cardinal Hill,Week3,254.0 Overlee - 148.0 Cardinal Hill
Overlee,Week3,Cardinal Hill,Week5,269.0 Overlee - 133.0 Cardinal Hill
Overlee,Week1,Villa Aquatic,Week3,319.0 Overlee - 83.0 Villa Aquatic
Parklawn,Week5,Mansion House,Week4,230.5 Mansion House - 169.5 Parklawn
Overlee,Week2,Villa Aquatic,Week3,323.0 Overlee - 79.0 Villa Aquatic
Overlee,Week5,Cardinal Hill,Week4,326.0 Overlee - 76.0 Cardinal Hill
Overlee,Week4,Cardinal Hill,Week1,319.0 Overlee - 83.0 Cardinal Hill
Overlee,Week1,Chesterbrook,Week2,241.0 Chesterbrook - 161.0 Overlee
Overlee,Week3,Cardinal Hill,Week4,273.0 Overlee - 129.0 Cardinal Hill
Overlee,Week4,Cardinal Hill,Week2,356.0 Overlee - 46.0 Cardinal Hill
Overlee,Week4,Villa Aquatic,Week3,358.0 Overlee - 44.0 Villa Aquatic
Parklawn,Week3,Mansion House,Week3,281.0 Mansion House - 120.0 Parklawn
Overlee,Week2,Villa Aquatic,Week2,349.0 Overlee - 53.0 Villa Aquatic
Overlee,Week4,Cardinal Hill,Week3,305.0 Overlee - 97.0 Cardinal Hill
Overlee,Week1,Chesterbrook,Week5,258.0 Chesterbrook - 144.0 Overlee
Overlee,Week1,Village West,Week2,371.0 Overlee - 31.0 Village West
Parklawn,Week1,Mantua,Week3,335.0 Mantua - 58.0 Parklawn
Parklawn,Week4,Mansion House,Week3,258.0 Mansion House - 143.0 Parklawn
Orange Hunt,Week1,Sleepy Hollow Rec,Week5,258.0 Orange Hunt - 144.0 Sleepy Hollow Rec
Parklawn,Week1,Mansion House,Week3,295.0 Mansion House - 98.0 Parklawn
Overlee,Week5,Chesterbrook,Week5,210.5 Overlee - 191.5 Chesterbrook
Overlee,Week5,Cardinal Hill,Week2,341.0 Overlee - 61.0 Cardinal Hill
Parklawn,Week4,Mansion House,Week1,256.0 Mansion House - 145.0 Parklawn
Overlee,Week1,Chesterbrook,Week3,287.0 Chesterbrook - 115.0 Overlee
Parklawn,Week4,Mansion House,Week5,256.0 Mansion House - 145.0 Parklawn
Overlee,Week2,Chesterbrook,Week3,261.0 Chesterbrook - 141.0 Overlee
Parklawn,Week1,Mantua,Week5,328.0 Mantua - 65.0 Parklawn
Overlee,Week1,Commonwealth,Week4,354.0 Overlee - 48.0 Commonwealth
Parklawn,Week1,Mantua,Week4,323.0 Mantua - 70.0 Parklawn
Overlee,Week3,Cardinal Hill,Week2,297.0 Overlee - 105.0 Cardinal Hill
Parklawn,Week2,Mansion House,Week4,247.0 Mansion House - 154.0 Parklawn
Overlee,Week5,Villa Aquatic,Week3,355.5 Overlee - 46.5 Villa Aquatic
Overlee,Week5,Villa Aquatic,Week2,357.0 Overlee - 45.0 Villa Aquatic
Overlee,Week4,Vienna Woods,Week5,281.0 Overlee - 121.0 Vienna Woods
Overlee,Week4,Cardinal Hill,Week4,327.0 Overlee - 75.0 Cardinal Hill
Overlee,Week2,Villa Aquatic,Week5,341.0 Overlee - 61.0 Villa Aquatic
Overlee,Week2,Village West,Week3,370.0 Overlee - 32.0 Village West
Overlee,Week5,Villa Aquatic,Week4,367.0 Overlee - 35.0 Villa Aquatic
Parklawn,Week2,Mantua,Week1,280.0 Mantua - 121.0 Parklawn
Overlee,Week5,Vienna Woods,Week2,299.5 Overlee - 102.5 Vienna Woods
Overlee,Week4,Village West,Week1,385.5 Overlee - 16.5 Village West
Overlee,Week1,Chesterbrook,Week4,253.0 Chesterbrook - 149.0 Overlee
Orange Hunt,Week1,Sleepy Hollow Rec,Week2,273.0 Orange Hunt - 129.0 Sleepy Hollow Rec
Overlee,Week1,Village West,Week1,366.0 Overlee - 36.0 Village West
Overlee,Week1,Chesterbrook,Week1,222.0 Chesterbrook - 180.0 Overlee
Parklawn,Week5,Mansion House,Week1,252.0 Mansion House - 149.0 Parklawn
Orange Hunt,Week5,Sleepy Hollow B & R,Week4,228.0 Orange Hunt - 174.0 Sleepy Hollow B & R
Overlee,Week5,Villa Aquatic,Week5,356.0 Overlee - 46.0 Villa Aquatic
Overlee,Week3,Villa Aquatic,Week2,330.0 Overlee - 72.0 Villa Aquatic
Parklawn,Week2,Mantua,Week2,284.0 Mantua - 117.0 Parklawn
Parklawn,Week5,Mansion House,Week5,261.0 Mansion House - 141.0 Parklawn
Overlee,Week2,Village West,Week5,373.0 Overlee - 29.0 Village West
Parklawn,Week3,Mansion House,Week2,277.0 Mansion House - 121.0 Parklawn
Overlee,Week2,Chesterbrook,Week2,223.0 Chesterbrook - 179.0 Overlee
Overlee,Week2,Commonwealth,Week4,364.0 Overlee - 38.0 Commonwealth
Overlee,Week2,Chesterbrook,Week4,222.0 Chesterbrook - 180.0 Overlee
Parklawn,Week2,Mantua,Week3,332.0 Mantua - 69.0 Parklawn
Orange Hunt,Week2,Sleepy Hollow Rec,Week1,293.0 Orange Hunt - 109.0 Sleepy Hollow Rec
Overlee,Week2,Commonwealth,Week2,350.0 Overlee - 52.0 Commonwealth
Overlee,Week4,Village West,Week2,393.0 Overlee - 9.0 Village West
Overlee,Week3,Chesterbrook,Week3,271.0 Chesterbrook - 131.0 Overlee
Overlee,Week4,Village West,Week3,387.0 Overlee - 15.0 Village West
Orange Hunt,Week5,Sleepy Hollow B & R,Week5,216.0 Sleepy Hollow B & R - 186.0 Orange Hunt
Overlee,Week1,Virginia Hills,Week4,391.0 Overlee - 11.0 Virginia Hills
Overlee,Week4,Chesterbrook,Week3,220.0 Overlee - 182.0 Chesterbrook
Parklawn,Week2,Mantua,Week4,314.0 Mantua - 88.0 Parklawn
Orange Hunt,Week2,Sleepy Hollow Rec,Week2,272.0 Orange Hunt - 130.0 Sleepy Hollow Rec
Overlee,Week3,Village West,Week1,365.0 Overlee - 37.0 Village West
Orange Hunt,Week2,Sleepy Hollow B & R,Week4,218.0 Sleepy Hollow B & R - 184.0 Orange Hunt
Overlee,Week5,Village West,Week5,383.0 Overlee - 19.0 Village West
Parklawn,Week1,McLean,Week2,328.0 McLean - 65.0 Parklawn
Orange Hunt,Week5,Sleepy Hollow B & R,Week2,220.0 Orange Hunt - 182.0 Sleepy Hollow B & R
Parklawn,Week2,Mantua,Week5,311.0 Mantua - 90.0 Parklawn
Overlee,Week4,Commonwealth,Week4,383.0 Overlee - 19.0 Commonwealth
Orange Hunt,Week3,Sleepy Hollow B & R,Week3,204.0 Sleepy Hollow B & R - 198.0 Orange Hunt
Overlee,Week2,Virginia Hills,Week1,395.0 Overlee - 7.0 Virginia Hills
Parklawn,Week3,Mantua,Week5,334.0 Mantua - 67.0 Parklawn
Overlee,Week5,Chesterbrook,Week2,239.0 Overlee - 163.0 Chesterbrook
Parklawn,Week1,McLean,Week4,317.0 McLean - 76.0 Parklawn
Orange Hunt,Week4,Sleepy Hollow B & R,Week3,216.0 Sleepy Hollow B & R - 186.0 Orange Hunt
Orange Hunt,Week5,South Run,Week3,241.0 Orange Hunt - 161.0 South Run
Orange Hunt,Week5,South Run,Week1,213.0 Orange Hunt - 180.0 South Run
Parklawn,Week2,McLean,Week2,327.0 McLean - 74.0 Parklawn
Parklawn,Week2,McLean,Week3,320.0 McLean - 82.0 Parklawn
Orange Hunt,Week2,South Run,Week5,214.0 Orange Hunt - 188.0 South Run
Orange Hunt,Week4,Sleepy Hollow B & R,Week5,235.0 Sleepy Hollow B & R - 167.0 Orange Hunt
Overlee,Week3,Chesterbrook,Week1,214.0 Chesterbrook - 188.0 Overlee
Orange Hunt,Week5,South Run,Week4,242.0 Orange Hunt - 160.0 South Run
Overlee,Week5,Village West,Week4,379.0 Overlee - 18.0 Village West
Overlee,Week2,Village West,Week2,374.0 Overlee - 28.0 Village West
Overlee,Week3,Chesterbrook,Week5,257.0 Chesterbrook - 145.0 Overlee
Overlee,Week3,Village West,Week4,365.0 Overlee - 32.0 Village West
Orange Hunt,Week4,Sleepy Hollow B & R,Week2,210.0 Sleepy Hollow B & R - 192.0 Orange Hunt
Overlee,Week4,Village West,Week4,384.0 Overlee - 13.0 Village West
Orange Hunt,Week2,Sleepy Hollow B & R,Week2,211.0 Sleepy Hollow B & R - 191.0 Orange Hunt
Overlee,Week3,Virginia Hills,Week4,396.0 Overlee - 6.0 Virginia Hills
Parklawn,Week2,McLean,Week4,308.0 McLean - 94.0 Parklawn
Orange Hunt,Week2,Springboard,Week3,289.0 Orange Hunt - 112.0 Springboard
Overlee,Week5,Chesterbrook,Week3,204.5 Overlee - 197.5 Chesterbrook
Overlee,Week3,Chesterbrook,Week4,252.0 Chesterbrook - 150.0 Overlee
Overlee,Week4,Chesterbrook,Week2,250.0 Overlee - 152.0 Chesterbrook
Parklawn,Week4,Mantua,Week5,306.0 Mantua - 95.0 Parklawn
Overlee,Week3,Virginia Hills,Week2,399.0 Overlee - 3.0 Virginia Hills
Orange Hunt,Week2,Springboard,Week4,285.0 Orange Hunt - 117.0 Springboard
Parklawn,Week1,McLean,Week1,322.0 McLean - 71.0 Parklawn
Orange Hunt,Week3,Sleepy Hollow B & R,Week5,238.5 Sleepy Hollow B & R - 163.5 Orange Hunt
Orange Hunt,Week1,Sleepy Hollow Rec,Week1,284.0 Orange Hunt - 118.0 Sleepy Hollow Rec
Overlee,Week4,Chesterbrook,Week1,261.0 Overlee - 141.0 Chesterbrook
Parklawn,Week2,McLean,Week5,332.0 McLean - 70.0 Parklawn
Overlee,Week3,Commonwealth,Week1,347.0 Overlee - 55.0 Commonwealth
Parklawn,Week4,Mantua,Week4,297.0 Mantua - 105.0 Parklawn
Orange Hunt,Week4,Sleepy Hollow B & R,Week1,213.0 Orange Hunt - 189.0 Sleepy Hollow B & R
Orange Hunt,Week3,Sleepy Hollow B & R,Week4,212.0 Sleepy Hollow B & R - 190.0 Orange Hunt
Orange Hunt,Week2,Springboard,Week2,307.0 Orange Hunt - 94.0 Springboard
Overlee,Week2,Virginia Hills,Week5,391.0 Overlee - 11.0 Virginia Hills
Overlee,Week5,Chesterbrook,Week4,210.0 Overlee - 192.0 Chesterbrook
Orange Hunt,Week2,Sleepy Hollow B & R,Week5,234.0 Sleepy Hollow B & R - 168.0 Orange Hunt
Overlee,Week3,Chesterbrook,Week2,235.0 Chesterbrook - 167.0 Overlee
Parklawn,Week3,McLean,Week3,331.0 McLean - 71.0 Parklawn
Overlee,Week3,Village West,Week3,361.0 Overlee - 41.0 Village West
Overlee,Week2,Village West,Week4,369.0 Overlee - 28.0 Village West
Orange Hunt,Week3,South Run,Week2,237.0 Orange Hunt - 165.0 South Run
Parklawn,Week3,Mantua,Week3,338.0 Mantua - 63.0 Parklawn
Orange Hunt,Week3,Sleepy Hollow B & R,Week2,211.0 Sleepy Hollow B & R - 191.0 Orange Hunt
Orange Hunt,Week1,Sleepy Hollow Rec,Week4,272.0 Orange Hunt - 130.0 Sleepy Hollow Rec
Parklawn,Week3,McLean,Week4,328.0 McLean - 74.0 Parklawn
Orange Hunt,Week1,Sleepy Hollow Rec,Week3,261.0 Orange Hunt - 141.0 Sleepy Hollow Rec
Orange Hunt,Week2,Springboard,Week5,285.0 Orange Hunt - 116.0 Springboard
Orange Hunt,Week1,Springboard,Week2,311.0 Orange Hunt - 90.0 Springboard
Overlee,Week2,Commonwealth,Week1,358.0 Overlee - 44.0 Commonwealth
Overlee,Week2,Virginia Hills,Week2,398.0 Overlee - 4.0 Virginia Hills
Parklawn,Week1,McLean,Week5,338.0 McLean - 55.0 Parklawn
Parklawn,Week3,McLean,Week1,330.0 McLean - 72.0 Parklawn
Overlee,Week1,Village West,Week4,364.0 Overlee - 33.0 Village West
Parklawn,Week2,McLean,Week1,326.0 McLean - 76.0 Parklawn
Overlee,Week5,Village West,Week3,380.0 Overlee - 22.0 Village West
Orange Hunt,Week4,South Run,Week2,239.0 Orange Hunt - 158.0 South Run
Overlee,Week4,Chesterbrook,Week5,224.0 Overlee - 178.0 Chesterbrook
Parklawn,Week3,McLean,Week2,327.0 McLean - 74.0 Parklawn
Parklawn,Week4,Mantua,Week1,270.0 Mantua - 131.0 Parklawn
Overlee,Week3,Village West,Week2,376.0 Overlee - 26.0 Village West
Orange Hunt,Week3,South Run,Week5,209.0 Orange Hunt - 193.0 South Run
Orange Hunt,Week4,South Run,Week5,218.0 Orange Hunt - 184.0 South Run
Orange Hunt,Week3,Sleepy Hollow B & R,Week1,224.0 Orange Hunt - 178.0 Sleepy Hollow B & R
Overlee,Week1,Commonwealth,Week5,339.0 Overlee - 63.0 Commonwealth
Overlee,Week4,Chesterbrook,Week4,236.0 Overlee - 166.0 Chesterbrook
Overlee,Week3,Village West,Week5,361.0 Overlee - 41.0 Village West
Overlee,Week3,Commonwealth,Week2,342.0 Overlee - 60.0 Commonwealth
Orange Hunt,Week5,Sleepy Hollow B & R,Week1,231.0 Orange Hunt - 171.0 Sleepy Hollow B & R
Overlee,Week4,Virginia Hills,Week4,401.0 Overlee - 1.0 Virginia Hills
Overlee,Week5,Chesterbrook,Week1,242.0 Overlee - 160.0 Chesterbrook
Orange Hunt,Week4,Sleepy Hollow B & R,Week4,217.0 Sleepy Hollow B & R - 185.0 Orange Hunt
Orange Hunt,Week5,South Run,Week2,234.0 Orange Hunt - 168.0 South Run
Parklawn,Week3,Mantua,Week4,331.0 Mantua - 71.0 Parklawn
Overlee,Week1,Village West,Week5,359.0 Overlee - 43.0 Village West
Orange Hunt,Week2,Sleepy Hollow B & R,Week3,206.5 Sleepy Hollow B & R - 195.5 Orange Hunt
Orange Hunt,Week5,South Run,Week5,217.0 Orange Hunt - 185.0 South Run
Overlee,Week1,Commonwealth,Week1,347.0 Overlee - 55.0 Commonwealth
Orange Hunt,Week3,South Run,Week1,207.0 Orange Hunt - 186.0 South Run
Overlee,Week2,Langley,Week1,273.0 Overlee - 129.0 Langley
Overlee,Week2,Village West,Week1,368.0 Overlee - 34.0 Village West
Overlee,Week1,Commonwealth,Week2,341.0 Overlee - 61.0 Commonwealth
Orange Hunt,Week1,Springboard,Week3,268.0 Orange Hunt - 133.0 Springboard
Orange Hunt,Week1,Springboard,Week4,275.0 Orange Hunt - 127.0 Springboard
Orange Hunt,Week3,Rolling Forest,Week3,203.0 Rolling Forest - 199.0 Orange Hunt
Overlee,Week1,Village West,Week3,357.5 Overlee - 44.5 Village West
Overlee,Week1,Commonwealth,Week3,353.0 Overlee - 49.0 Commonwealth
Overlee,Week5,Village West,Week1,381.0 Overlee - 21.0 Village West
Orange Hunt,Week1,Springboard,Week5,271.0 Orange Hunt - 130.0 Springboard
Parklawn,Week5,Mantua,Week1,281.0 Mantua - 119.0 Parklawn
Overlee,Week2,Commonwealth,Week5,353.0 Overlee - 49.0 Commonwealth
Overlee,Week4,Village West,Week5,385.0 Overlee - 17.0 Village West
Orange Hunt,Week5,Sleepy Hollow B & R,Week3,213.0 Orange Hunt - 189.0 Sleepy Hollow B & R
Parklawn,Week4,Mantua,Week3,315.0 Mantua - 85.0 Parklawn
Orange Hunt,Week4,South Run,Week3,238.0 Orange Hunt - 164.0 South Run
Parklawn,Week4,Mantua,Week2,276.0 Mantua - 125.0 Parklawn
Orange Hunt,Week5,Rolling Forest,Week3,222.0 Orange Hunt - 180.0 Rolling Forest
Parklawn,Week3,Mantua,Week2,306.0 Mantua - 95.0 Parklawn
Overlee,Week2,Commonwealth,Week3,365.5 Overlee - 36.5 Commonwealth
Orange Hunt,Week3,South Run,Week4,239.5 Orange Hunt - 162.5 South Run
Orange Hunt,Week5,Rolling Forest,Week4,243.0 Orange Hunt - 159.0 Rolling Forest
Orange Hunt,Week4,Rolling Forest,Week5,206.0 Orange Hunt - 196.0 Rolling Forest
Overlee,Week5,Lakeview,Week3,387.0 Overlee - 15.0 Lakeview
Orange Hunt,Week5,Rolling Forest,Week2,245.5 Orange Hunt - 156.5 Rolling Forest
Orange Hunt,Week1,Springboard,Week1,291.0 Orange Hunt - 110.0 Springboard
Overlee,Week1,Virginia Hills,Week3,382.0 Overlee - 20.0 Virginia Hills
Overlee,Week4,Commonwealth,Week1,378.0 Overlee - 24.0 Commonwealth
Overlee,Week4,Langley,Week2,313.0 Overlee - 89.0 Langley
Overlee,Week4,Lakeview,Week1,391.0 Overlee - 11.0 Lakeview
Orange Hunt,Week1,Rolling Forest,Week2,214.5 Orange Hunt - 187.5 Rolling Forest
Overlee,Week5,Lakeview,Week4,387.0 Overlee - 15.0 Lakeview
Overlee,Week3,Commonwealth,Week4,359.0 Overlee - 43.0 Commonwealth
Parklawn,Week5,Mantua,Week2,281.0 Mantua - 120.0 Parklawn
Overlee,Week3,Commonwealth,Week3,354.0 Overlee - 48.0 Commonwealth
Overlee,Week5,Village West,Week2,385.0 Overlee - 17.0 Village West
Overlee,Week4,Commonwealth,Week2,379.0 Overlee - 23.0 Commonwealth
Parklawn,Week5,Mantua,Week4,310.0 Mantua - 92.0 Parklawn
Parklawn,Week1,McLean,Week3,327.0 McLean - 66.0 Parklawn
Overlee,Week1,Virginia Hills,Week2,396.0 Overlee - 6.0 Virginia Hills
Parklawn,Week5,Mantua,Week5,319.0 Mantua - 82.0 Parklawn
Overlee,Week4,Langley,Week4,305.0 Overlee - 97.0 Langley
Orange Hunt,Week2,Springboard,Week1,290.0 Orange Hunt - 111.0 Springboard
Orange Hunt,Week4,South Run,Week1,218.0 Orange Hunt - 175.0 South Run
Overlee,Week3,Langley,Week4,277.0 Overlee - 125.0 Langley
Overlee,Week4,Commonwealth,Week3,382.0 Overlee - 20.0 Commonwealth
Orange Hunt,Week3,South Run,Week3,219.0 Orange Hunt - 183.0 South Run
Overlee,Week1,Virginia Hills,Week1,394.0 Overlee - 8.0 Virginia Hills
Overlee,Week1,Virginia Hills,Week5,375.0 Overlee - 27.0 Virginia Hills
Orange Hunt,Week3,Rolling Forest,Week2,226.0 Orange Hunt - 176.0 Rolling Forest
Parklawn,Week5,Mantua,Week3,325.0 Mantua - 76.0 Parklawn
Overlee,Week3,Commonwealth,Week5,337.0 Overlee - 65.0 Commonwealth
Parklawn,Week4,Mosby Woods,Week3,280.0 Mosby Woods - 120.0 Parklawn
Overlee,Week3,Langley,Week3,269.0 Overlee - 133.0 Langley
Overlee,Week4,Lakeview,Week5,383.0 Overlee - 10.0 Lakeview
Orange Hunt,Week4,South Run,Week4,228.0 Orange Hunt - 174.0 South Run
Overlee,Week5,Commonwealth,Week1,378.0 Overlee - 24.0 Commonwealth
Orange Hunt,Week2,Rolling Forest,Week1,217.0 Orange Hunt - 185.0 Rolling Forest
Parklawn,Week5,McLean,Week4,296.0 McLean - 106.0 Parklawn
Overlee,Week4,Commonwealth,Week5,359.0 Overlee - 43.0 Commonwealth
Overlee,Week2,Virginia Hills,Week3,392.0 Overlee - 10.0 Virginia Hills
Parklawn,Week2,Hamlet,Week2,339.0 Hamlet - 63.0 Parklawn
Parklawn,Week3,Hamlet,Week3,346.0 Hamlet - 55.0 Parklawn
Overlee,Week5,Commonwealth,Week2,368.0 Overlee - 34.0 Commonwealth
Overlee,Week5,Commonwealth,Week3,381.0 Overlee - 21.0 Commonwealth
Overlee,Week3,Cottontail,Week5,332.0 Overlee - 70.0 Cottontail
Parklawn,Week5,McLean,Week1,311.0 McLean - 86.0 Parklawn
Overlee,Week2,Virginia Hills,Week4,396.0 Overlee - 6.0 Virginia Hills
Overlee,Week5,Commonwealth,Week4,379.0 Overlee - 23.0 Commonwealth
Overlee,Week2,Cottontail,Week4,342.0 Overlee - 60.0 Cottontail
Orange Hunt,Week4,Rolling Forest,Week4,220.0 Orange Hunt - 182.0 Rolling Forest
Overlee,Week4,Lakeview,Week2,400.0 Overlee - 2.0 Lakeview
Overlee,Week3,Virginia Hills,Week1,398.5 Overlee - 3.5 Virginia Hills
Parklawn,Week3,Mosby Woods,Week4,308.0 Mosby Woods - 94.0 Parklawn
Orange Hunt,Week5,Riverside Gardens,Week5,225.0 Riverside Gardens - 177.0 Orange Hunt
Parklawn,Week4,Hamlet,Week3,326.0 Hamlet - 75.0 Parklawn
Overlee,Week3,Virginia Hills,Week3,397.0 Overlee - 5.0 Virginia Hills
Orange Hunt,Week2,Rolling Forest,Week2,223.0 Orange Hunt - 179.0 Rolling Forest
Overlee,Week4,Virginia Hills,Week1,402.0 Overlee - 0.0 Virginia Hills
Overlee,Week5,Lakeview,Week5,383.0 Overlee - 10.0 Lakeview
Parklawn,Week4,McLean,Week2,309.0 McLean - 92.0 Parklawn
Overlee,Week1,Langley,Week5,279.0 Overlee - 123.0 Langley
Parklawn,Week3,Mosby Woods,Week1,320.0 Mosby Woods - 82.0 Parklawn
Overlee,Week4,Langley,Week1,312.0 Overlee - 90.0 Langley
Overlee,Week1,Cottontail,Week5,330.0 Overlee - 72.0 Cottontail
Overlee,Week3,Virginia Hills,Week5,384.0 Overlee - 18.0 Virginia Hills
Orange Hunt,Week3,Rolling Forest,Week4,222.0 Orange Hunt - 180.0 Rolling Forest
Overlee,Week1,Langley,Week4,280.0 Overlee - 122.0 Langley
Orange Hunt,Week5,Riverside Gardens,Week4,208.0 Riverside Gardens - 194.0 Orange Hunt
Overlee,Week5,Langley,Week1,315.0 Overlee - 87.0 Langley
Parklawn,Week4,Hamlet,Week4,309.0 Hamlet - 93.0 Parklawn
Parklawn,Week1,Mosby Woods,Week1,318.0 Mosby Woods - 75.0 Parklawn
Orange Hunt,Week2,Rolling Forest,Week5,206.0 Orange Hunt - 196.0 Rolling Forest
Parklawn,Week1,Hamlet,Week4,334.0 Hamlet - 59.0 Parklawn
Overlee,Week4,Virginia Hills,Week3,401.0 Overlee - 1.0 Virginia Hills
Parklawn,Week5,Hamlet,Week2,343.0 Hamlet - 59.0 Parklawn
Orange Hunt,Week1,Rolling Forest,Week1,203.0 Orange Hunt - 199.0 Rolling Forest
Overlee,Week4,Virginia Hills,Week2,402.0 Overlee - 0.0 Virginia Hills
Parklawn,Week5,Mosby Woods,Week1,304.0 Mosby Woods - 98.0 Parklawn
Parklawn,Week1,Hamlet,Week3,344.0 Hamlet - 49.0 Parklawn
Overlee,Week3,Virginia Run,Week3,308.5 Overlee - 93.5 Virginia Run
Overlee,Week5,Cottontail,Week5,362.0 Overlee - 40.0 Cottontail
Orange Hunt,Week5,Rolling Forest,Week1,235.0 Orange Hunt - 167.0 Rolling Forest
Orange Hunt,Week2,Rolling Forest,Week4,205.0 Orange Hunt - 197.0 Rolling Forest
Parklawn,Week5,Greenbriar,Week3,272.0 Greenbriar - 130.0 Parklawn
Parklawn,Week5,Greenbriar,Week5,260.0 Greenbriar - 142.0 Parklawn
Parklawn,Week3,Mosby Woods,Week5,309.0 Mosby Woods - 93.0 Parklawn
Overlee,Week2,Virginia Run,Week1,321.0 Overlee - 81.0 Virginia Run
Overlee,Week5,Lakeview,Week1,392.0 Overlee - 10.0 Lakeview
Overlee,Week2,Virginia Run,Week5,322.0 Overlee - 80.0 Virginia Run
Overlee,Week3,Cottontail,Week2,351.0 Overlee - 51.0 Cottontail
Orange Hunt,Week4,Rolling Forest,Week1,223.0 Orange Hunt - 179.0 Rolling Forest
Overlee,Week3,Virginia Run,Week2,322.0 Overlee - 80.0 Virginia Run
Orange Hunt,Week1,Rolling Forest,Week3,204.0 Rolling Forest - 198.0 Orange Hunt
Overlee,Week1,Laurel Hill,Week5,326.5 Overlee - 75.5 Laurel Hill
Parklawn,Week3,Mosby Woods,Week3,315.0 Mosby Woods - 86.0 Parklawn
Parklawn,Week2,Mosby Woods,Week4,289.0 Mosby Woods - 113.0 Parklawn
Overlee,Week5,Cottontail,Week3,366.0 Overlee - 36.0 Cottontail
Parklawn,Week1,Mosby Woods,Week2,317.0 Mosby Woods - 76.0 Parklawn
Overlee,Week2,Laurel Hill,Week3,353.0 Overlee - 49.0 Laurel Hill
Parklawn,Week4,McLean,Week5,321.0 McLean - 81.0 Parklawn
Parklawn,Week1,Hamlet,Week1,338.0 Hamlet - 55.0 Parklawn
Overlee,Week2,Virginia Run,Week3,339.5 Overlee - 62.5 Virginia Run
Overlee,Week4,Cottontail,Week4,368.0 Overlee - 34.0 Cottontail
Orange Hunt,Week2,Rolling Forest,Week3,202.0 Orange Hunt - 200.0 Rolling Forest
Orange Hunt,Week3,Rolling Forest,Week1,215.0 Orange Hunt - 187.0 Rolling Forest
Parklawn,Week4,Mosby Woods,Week1,289.0 Mosby Woods - 112.0 Parklawn
Overlee,Week1,Cottontail,Week3,342.0 Overlee - 60.0 Cottontail
Overlee,Week2,Cottontail,Week1,345.0 Overlee - 57.0 Cottontail
Orange Hunt,Week1,Rolling Forest,Week5,207.0 Rolling Forest - 195.0 Orange Hunt
Overlee,Week5,Virginia Hills,Week5,396.0 Overlee - 6.0 Virginia Hills
Parklawn,Week5,McLean,Week3,318.0 McLean - 84.0 Parklawn
Parklawn,Week4,Hamlet,Week5,356.0 Hamlet - 46.0 Parklawn
Parklawn,Week2,Mosby Woods,Week1,309.0 Mosby Woods - 93.0 Parklawn
Overlee,Week5,Virginia Hills,Week3,401.0 Overlee - 1.0 Virginia Hills
Parklawn,Week3,Hamlet,Week1,334.0 Hamlet - 64.0 Parklawn
Parklawn,Week5,Hamlet,Week1,325.0 Hamlet - 73.0 Parklawn
Parklawn,Week4,Hamlet,Week2,337.0 Hamlet - 65.0 Parklawn
Parklawn,Week3,Hamlet,Week5,355.0 Hamlet - 47.0 Parklawn
Overlee,Week3,Langley,Week2,289.0 Overlee - 113.0 Langley
Overlee,Week3,Lakeview,Week5,368.0 Overlee - 25.0 Lakeview
Orange Hunt,Week4,Rolling Forest,Week2,240.0 Orange Hunt - 162.0 Rolling Forest
Overlee,Week4,Lakeview,Week4,389.0 Overlee - 13.0 Lakeview
Overlee,Week1,Virginia Run,Week4,311.0 Overlee - 91.0 Virginia Run
Overlee,Week5,Cottontail,Week2,361.0 Overlee - 41.0 Cottontail
Overlee,Week1,Langley,Week3,275.0 Overlee - 127.0 Langley
Overlee,Week4,Lakeview,Week3,389.0 Overlee - 13.0 Lakeview
Overlee,Week4,Cottontail,Week3,377.0 Overlee - 25.0 Cottontail
Overlee,Week2,Langley,Week2,294.0 Overlee - 108.0 Langley
Overlee,Week2,Virginia Run,Week2,334.0 Overlee - 68.0 Virginia Run
Parklawn,Week2,Mosby Woods,Week2,301.0 Mosby Woods - 101.0 Parklawn
Orange Hunt,Week1,Rolling Forest,Week4,212.0 Orange Hunt - 190.0 Rolling Forest
Parklawn,Week5,McLean,Week2,314.0 McLean - 87.0 Parklawn
Overlee,Week2,Langley,Week5,281.0 Overlee - 121.0 Langley
Overlee,Week3,Country Club Hills,Week4,349.0 Overlee - 53.0 Country Club Hills
Parklawn,Week1,Hamlet,Week2,350.0 Hamlet - 43.0 Parklawn
Overlee,Week5,Virginia Hills,Week1,402.0 Overlee - 0.0 Virginia Hills
Parklawn,Week1,Hamlet,Week5,356.0 Hamlet - 37.0 Parklawn
Overlee,Week3,Virginia Run,Week5,301.0 Overlee - 101.0 Virginia Run
Overlee,Week1,Virginia Run,Week2,313.0 Overlee - 89.0 Virginia Run
Parklawn,Week1,Mosby Woods,Week5,309.0 Mosby Woods - 84.0 Parklawn
Overlee,Week3,Langley,Week5,275.0 Overlee - 127.0 Langley
Parklawn,Week3,McLean,Week5,340.0 McLean - 62.0 Parklawn
Overlee,Week1,Country Club Hills,Week3,356.0 Overlee - 46.0 Country Club Hills
Overlee,Week4,Virginia Hills,Week5,397.0 Overlee - 5.0 Virginia Hills
Overlee,Week1,Langley,Week1,274.0 Overlee - 128.0 Langley
Parklawn,Week2,Hamlet,Week5,346.0 Hamlet - 56.0 Parklawn
Overlee,Week2,Country Club Hills,Week3,363.0 Overlee - 39.0 Country Club Hills
Parklawn,Week4,Hamlet,Week1,316.0 Hamlet - 82.0 Parklawn
Overlee,Week2,Langley,Week3,286.0 Overlee - 116.0 Langley
Overlee,Week2,Langley,Week4,282.0 Overlee - 120.0 Langley
Parklawn,Week4,McLean,Week1,307.0 McLean - 95.0 Parklawn
Parklawn,Week2,Mosby Woods,Week5,300.0 Mosby Woods - 102.0 Parklawn
Parklawn,Week4,McLean,Week3,317.0 McLean - 85.0 Parklawn
Parklawn,Week5,McLean,Week5,321.0 McLean - 81.0 Parklawn
Overlee,Week2,Country Club Hills,Week1,363.0 Overlee - 39.0 Country Club Hills
Overlee,Week5,Lakeview,Week2,395.0 Overlee - 7.0 Lakeview
Overlee,Week1,Cottontail,Week2,350.0 Overlee - 52.0 Cottontail
Overlee,Week2,Country Club Hills,Week4,369.0 Overlee - 33.0 Country Club Hills
Overlee,Week5,Virginia Hills,Week4,401.0 Overlee - 1.0 Virginia Hills
Orange Hunt,Week3,Rolling Forest,Week5,211.0 Orange Hunt - 191.0 Rolling Forest
Parklawn,Week3,Hayfield Farm,Week1,265.0 Hayfield Farm - 137.0 Parklawn
Overlee,Week4,Cottontail,Week5,362.0 Overlee - 40.0 Cottontail
Parklawn,Week2,Hayfield Farm,Week5,236.0 Hayfield Farm - 166.0 Parklawn
Overlee,Week1,Virginia Run,Week1,300.0 Overlee - 102.0 Virginia Run
Orange Hunt,Week4,Rolling Forest,Week3,211.0 Rolling Forest - 191.0 Orange Hunt
Overlee,Week3,Langley,Week1,264.0 Overlee - 138.0 Langley
Overlee,Week1,Langley,Week2,292.0 Overlee - 110.0 Langley
Parklawn,Week2,Hamlet,Week1,326.0 Hamlet - 72.0 Parklawn
Overlee,Week3,Virginia Run,Week1,309.0 Overlee - 93.0 Virginia Run
Parklawn,Week5,Greenbriar,Week2,273.0 Greenbriar - 129.0 Parklawn
Parklawn,Week2,Hamlet,Week3,333.0 Hamlet - 68.0 Parklawn
Overlee,Week3,Country Club Hills,Week2,359.0 Overlee - 43.0 Country Club Hills
Overlee,Week2,Virginia Run,Week4,334.0 Overlee - 68.0 Virginia Run
Overlee,Week1,Virginia Run,Week3,318.0 Overlee - 84.0 Virginia Run
Parklawn,Week2,Mosby Woods,Week3,301.0 Mosby Woods - 100.0 Parklawn
Overlee,Week4,Langley,Week3,311.0 Overlee - 91.0 Langley
Parklawn,Week1,Mosby Woods,Week3,311.0 Mosby Woods - 82.0 Parklawn
Overlee,Week2,Cottontail,Week5,344.0 Overlee - 58.0 Cottontail
Parklawn,Week2,Hamlet,Week4,328.0 Hamlet - 74.0 Parklawn
Overlee,Week2,Cottontail,Week3,356.0 Overlee - 46.0 Cottontail
Overlee,Week1,Virginia Run,Week5,307.0 Overlee - 95.0 Virginia Run
Overlee,Week1,Cottontail,Week4,341.0 Overlee - 61.0 Cottontail
Overlee,Week5,Langley,Week3,311.0 Overlee - 91.0 Langley
Parklawn,Week5,Greenbriar,Week4,252.0 Greenbriar - 149.0 Parklawn
Overlee,Week5,Langley,Week2,310.0 Overlee - 92.0 Langley
Parklawn,Week3,Hamlet,Week2,351.0 Hamlet - 51.0 Parklawn
Parklawn,Week3,Hamlet,Week4,329.0 Hamlet - 73.0 Parklawn
Overlee,Week5,Virginia Hills,Week2,402.0 Overlee - 0.0 Virginia Hills
Parklawn,Week1,Mosby Woods,Week4,309.0 Mosby Woods - 84.0 Parklawn
Parklawn,Week3,Mosby Woods,Week2,310.0 Mosby Woods - 92.0 Parklawn
Parklawn,Week4,Mosby Woods,Week2,287.0 Mosby Woods - 114.0 Parklawn
Overlee,Week2,Cottontail,Week2,350.0 Overlee - 52.0 Cottontail
Overlee,Week4,Virginia Run,Week1,355.0 Overlee - 47.0 Virginia Run
Overlee,Week5,Langley,Week4,319.0 Overlee - 83.0 Langley
Overlee,Week5,Commonwealth,Week5,364.0 Overlee - 38.0 Commonwealth
Overlee,Week4,Langley,Week5,309.0 Overlee - 93.0 Langley
Parklawn,Week4,McLean,Week4,300.0 McLean - 102.0 Parklawn
Overlee,Week1,Cottontail,Week1,341.0 Overlee - 61.0 Cottontail
Overlee,Week3,Virginia Run,Week4,314.0 Overlee - 88.0 Virginia Run
Overlee,Week3,Wakefield Chapel,Week4,259.0 Overlee - 143.0 Wakefield Chapel
Parklawn,Week1,Hayfield Farm,Week3,291.0 Hayfield Farm - 97.0 Parklawn
Overlee,Week3,Wakefield Chapel,Week2,271.0 Overlee - 131.0 Wakefield Chapel
Overlee,Week1,Laurel Hill,Week1,335.0 Overlee - 67.0 Laurel Hill
Parklawn,Week1,Mount Vernon Park,Week3,320.0 Mount Vernon Park - 73.0 Parklawn
Parklawn,Week3,Mount Vernon Park,Week2,299.0 Mount Vernon Park - 103.0 Parklawn
Overlee,Week5,Langley,Week5,318.0 Overlee - 84.0 Langley
Overlee,Week1,Laurel Hill,Week3,344.0 Overlee - 58.0 Laurel Hill
Parklawn,Week1,Hayfield Farm,Week5,273.5 Hayfield Farm - 119.5 Parklawn
Parklawn,Week5,Hamlet,Week3,330.0 Hamlet - 71.0 Parklawn
Overlee,Week4,Cottontail,Week2,366.0 Overlee - 36.0 Cottontail
Parklawn,Week2,Mount Vernon Park,Week4,292.0 Mount Vernon Park - 110.0 Parklawn
Overlee,Week2,Wakefield Chapel,Week4,280.0 Overlee - 122.0 Wakefield Chapel
Parklawn,Week4,Mount Vernon Park,Week4,273.5 Mount Vernon Park - 128.5 Parklawn
Overlee,Week4,Virginia Run,Week3,364.0 Overlee - 38.0 Virginia Run
Overlee,Week1,Wakefield Chapel,Week5,244.0 Overlee - 158.0 Wakefield Chapel
Parklawn,Week1,Herndon,Week2,215.0 Parklawn - 177.0 Herndon
Overlee,Week3,Cottontail,Week1,338.0 Overlee - 64.0 Cottontail
Parklawn,Week2,Hayfield Farm,Week4,262.0 Hayfield Farm - 140.0 Parklawn
Overlee,Week5,Virginia Run,Week1,352.5 Overlee - 49.5 Virginia Run
Parklawn,Week4,Mosby Woods,Week5,289.0 Mosby Woods - 113.0 Parklawn
Overlee,Week3,Cottontail,Week4,340.0 Overlee - 62.0 Cottontail
Parklawn,Week4,Mosby Woods,Week4,271.0 Mosby Woods - 130.0 Parklawn
Overlee,Week5,Cottontail,Week1,353.0 Overlee - 49.0 Cottontail
Parklawn,Week5,Mosby Woods,Week2,296.0 Mosby Woods - 106.0 Parklawn
Overlee,Week4,Wakefield Chapel,Week1,304.0 Overlee - 98.0 Wakefield Chapel
Overlee,Week3,Cottontail,Week3,343.0 Overlee - 59.0 Cottontail
Overlee,Week1,Laurel Hill,Week2,363.0 Overlee - 39.0 Laurel Hill
Overlee,Week2,Laurel Hill,Week1,354.0 Overlee - 48.0 Laurel Hill
Parklawn,Week3,Hayfield Farm,Week2,272.0 Hayfield Farm - 130.0 Parklawn
Overlee,Week1,Laurel Hill,Week4,353.0 Overlee - 49.0 Laurel Hill
Overlee,Week4,Cottontail,Week1,361.0 Overlee - 41.0 Cottontail
Parklawn,Week1,Mount Vernon Park,Week5,327.0 Mount Vernon Park - 61.0 Parklawn
Parklawn,Week2,Hayfield Farm,Week2,254.0 Hayfield Farm - 148.0 Parklawn
Overlee,Week5,Virginia Run,Week3,360.0 Overlee - 42.0 Virginia Run
Overlee,Week5,Wakefield Chapel,Week1,293.0 Overlee - 109.0 Wakefield Chapel
Parklawn,Week4,Hayfield Farm,Week1,238.0 Hayfield Farm - 164.0 Parklawn
Overlee,Week4,Laurel Hill,Week1,367.0 Overlee - 35.0 Laurel Hill
Overlee,Week5,Wakefield Chapel,Week5,279.0 Overlee - 123.0 Wakefield Chapel
Parklawn,Week2,Hayfield Farm,Week1,254.0 Hayfield Farm - 148.0 Parklawn
Overlee,Week1,Wakefield Chapel,Week3,260.5 Overlee - 141.5 Wakefield Chapel
Parklawn,Week1,Hayfield Farm,Week4,286.0 Hayfield Farm - 107.0 Parklawn
Overlee,Week1,Country Club Hills,Week4,357.0 Overlee - 45.0 Country Club Hills
Overlee,Week3,Laurel Hill,Week3,345.0 Overlee - 57.0 Laurel Hill
Overlee,Week1,Wakefield Chapel,Week2,266.0 Overlee - 136.0 Wakefield Chapel
Parklawn,Week5,Hamlet,Week4,321.0 Hamlet - 81.0 Parklawn
Parklawn,Week3,Mount Vernon Park,Week1,302.0 Mount Vernon Park - 99.0 Parklawn
Overlee,Week5,Laurel Hill,Week1,365.0 Overlee - 37.0 Laurel Hill
Parklawn,Week2,Mount Vernon Park,Week5,295.0 Mount Vernon Park - 103.0 Parklawn
Overlee,Week3,Wakefield Chapel,Week5,248.0 Overlee - 154.0 Wakefield Chapel
Overlee,Week4,Laurel Hill,Week4,377.0 Overlee - 25.0 Laurel Hill
Parklawn,Week5,Mount Vernon Park,Week2,286.0 Mount Vernon Park - 116.0 Parklawn
Overlee,Week3,Laurel Hill,Week2,359.0 Overlee - 43.0 Laurel Hill
Overlee,Week1,Country Club Hills,Week1,359.0 Overlee - 43.0 Country Club Hills
Overlee,Week3,Country Club Hills,Week3,362.0 Overlee - 40.0 Country Club Hills
Overlee,Week4,Laurel Hill,Week3,371.0 Overlee - 31.0 Laurel Hill
Parklawn,Week5,Mount Vernon Park,Week4,279.5 Mount Vernon Park - 122.5 Parklawn
Overlee,Week2,Country Club Hills,Week5,348.0 Overlee - 54.0 Country Club Hills
Parklawn,Week5,Mount Vernon Park,Week3,288.0 Mount Vernon Park - 114.0 Parklawn
Parklawn,Week1,Hayfield Farm,Week2,287.0 Hayfield Farm - 106.0 Parklawn
Overlee,Week1,Country Club Hills,Week2,353.0 Overlee - 49.0 Country Club Hills
Overlee,Week5,Virginia Run,Week4,354.0 Overlee - 48.0 Virginia Run
Overlee,Week1,Wakefield Chapel,Week1,246.0 Overlee - 156.0 Wakefield Chapel
Overlee,Week2,Laurel Hill,Week2,369.0 Overlee - 33.0 Laurel Hill
Overlee,Week5,Cottontail,Week4,361.0 Overlee - 41.0 Cottontail
Overlee,Week2,Country Club Hills,Week2,362.0 Overlee - 40.0 Country Club Hills
Parklawn,Week1,Mount Vernon Park,Week1,304.0 Mount Vernon Park - 84.0 Parklawn
Overlee,Week2,Laurel Hill,Week5,344.0 Overlee - 58.0 Laurel Hill
Parklawn,Week1,Newington Forest,Week1,209.0 Newington Forest - 182.0 Parklawn
Overlee,Week4,Laurel Hill,Week2,383.0 Overlee - 19.0 Laurel Hill
Parklawn,Week1,Hayfield Farm,Week1,268.0 Hayfield Farm - 125.0 Parklawn
Parklawn,Week2,Hayfield Farm,Week3,272.0 Hayfield Farm - 130.0 Parklawn
Parklawn,Week2,Mount Vernon Park,Week2,286.0 Mount Vernon Park - 116.0 Parklawn
Overlee,Week1,Country Club Hills,Week5,340.0 Overlee - 62.0 Country Club Hills
Parklawn,Week3,Hayfield Farm,Week3,290.0 Hayfield Farm - 112.0 Parklawn
Overlee,Week3,Country Club Hills,Week1,357.5 Overlee - 44.5 Country Club Hills
Parklawn,Week5,Hamlet,Week5,349.0 Hamlet - 53.0 Parklawn
Overlee,Week3,Laurel Hill,Week4,358.0 Overlee - 44.0 Laurel Hill
Overlee,Week4,Virginia Run,Week4,352.0 Overlee - 50.0 Virginia Run
Overlee,Week5,Country Club Hills,Week3,374.0 Overlee - 28.0 Country Club Hills
Overlee,Week5,Laurel Hill,Week2,385.0 Overlee - 17.0 Laurel Hill
Parklawn,Week4,Mount Vernon Park,Week5,284.0 Mount Vernon Park - 114.0 Parklawn
Parklawn,Week5,Hayfield Farm,Week1,243.0 Hayfield Farm - 159.0 Parklawn
Overlee,Week4,Country Club Hills,Week5,369.0 Overlee - 33.0 Country Club Hills
Overlee,Week1,Wakefield Chapel,Week4,262.0 Overlee - 140.0 Wakefield Chapel
Overlee,Week4,Virginia Run,Week5,352.0 Overlee - 50.0 Virginia Run
Parklawn,Week5,Mosby Woods,Week3,291.0 Mosby Woods - 110.0 Parklawn
Overlee,Week5,Laurel Hill,Week4,368.0 Overlee - 34.0 Laurel Hill
Parklawn,Week5,Mount Vernon Park,Week5,285.0 Mount Vernon Park - 113.0 Parklawn
Parklawn,Week4,Hayfield Farm,Week4,257.0 Hayfield Farm - 145.0 Parklawn
Overlee,Week5,Country Club Hills,Week2,373.0 Overlee - 29.0 Country Club Hills
Parklawn,Week4,Mount Vernon Park,Week3,277.0 Mount Vernon Park - 125.0 Parklawn
Overlee,Week4,Country Club Hills,Week3,375.0 Overlee - 27.0 Country Club Hills
Parklawn,Week4,Hayfield Farm,Week2,253.0 Hayfield Farm - 149.0 Parklawn
Parklawn,Week4,Hayfield Farm,Week5,246.0 Hayfield Farm - 156.0 Parklawn
Overlee,Week5,Laurel Hill,Week3,370.0 Overlee - 32.0 Laurel Hill
Overlee,Week4,Virginia Run,Week2,360.0 Overlee - 42.0 Virginia Run
Overlee,Week4,Country Club Hills,Week2,372.0 Overlee - 30.0 Country Club Hills
Overlee,Week2,Wakefield Chapel,Week5,239.0 Overlee - 163.0 Wakefield Chapel
Overlee,Week2,Laurel Hill,Week4,362.0 Overlee - 40.0 Laurel Hill
Overlee,Week1,Lee Graham,Week2,249.0 Overlee - 153.0 Lee Graham
Parklawn,Week1,Herndon,Week1,209.0 Parklawn - 177.0 Herndon
Overlee,Week2,Wakefield Chapel,Week2,280.0 Overlee - 122.0 Wakefield Chapel
Overlee,Week1,Crosspointe,Week1,244.0 Overlee - 158.0 Crosspointe
Overlee,Week4,Country Club Hills,Week4,382.0 Overlee - 20.0 Country Club Hills
Overlee,Week1,Lee Graham,Week3,236.0 Overlee - 166.0 Lee Graham
Parklawn,Week1,Mount Vernon Park,Week4,322.5 Mount Vernon Park - 70.5 Parklawn
Parklawn,Week5,Mosby Woods,Week4,282.0 Mosby Woods - 120.0 Parklawn
Overlee,Week5,Laurel Hill,Week5,355.0 Overlee - 47.0 Laurel Hill
Overlee,Week1,Crosspointe,Week3,266.0 Overlee - 136.0 Crosspointe
Overlee,Week2,Wakefield Chapel,Week3,252.0 Overlee - 150.0 Wakefield Chapel
Parklawn,Week1,Mount Vernon Park,Week2,313.0 Mount Vernon Park - 80.0 Parklawn
Parklawn,Week5,Mosby Woods,Week5,289.0 Mosby Woods - 113.0 Parklawn
Overlee,Week2,Crosspointe,Week1,257.0 Overlee - 145.0 Crosspointe
Overlee,Week5,Virginia Run,Week5,344.0 Overlee - 58.0 Virginia Run
Overlee,Week2,Wakefield Chapel,Week1,253.0 Overlee - 149.0 Wakefield Chapel
Overlee,Week1,Lee Graham,Week1,250.0 Overlee - 152.0 Lee Graham
Parklawn,Week3,Hayfield Farm,Week5,269.0 Hayfield Farm - 133.0 Parklawn
Overlee,Week4,Country Club Hills,Week1,371.0 Overlee - 31.0 Country Club Hills
Parklawn,Week1,Herndon,Week3,210.0 Parklawn - 182.0 Herndon
Overlee,Week5,Country Club Hills,Week5,364.0 Overlee - 38.0 Country Club Hills
Parklawn,Week2,Mount Vernon Park,Week1,283.0 Mount Vernon Park - 118.0 Parklawn
Overlee,Week3,Wakefield Chapel,Week1,250.0 Overlee - 152.0 Wakefield Chapel
Overlee,Week3,Laurel Hill,Week5,336.0 Overlee - 66.0 Laurel Hill
Parklawn,Week3,Hayfield Farm,Week4,280.0 Hayfield Farm - 122.0 Parklawn
Parklawn,Week1,Newington Forest,Week2,216.0 Newington Forest - 175.0 Parklawn
Orange Hunt,Week5,Poplar Tree,Week1,210.5 Orange Hunt - 191.5 Poplar Tree
Overlee,Week4,Laurel Hill,Week5,365.0 Overlee - 37.0 Laurel Hill
Parklawn,Week5,Hayfield Farm,Week5,238.0 Hayfield Farm - 164.0 Parklawn
Parklawn,Week1,Newington Forest,Week3,220.0 Newington Forest - 172.0 Parklawn
Parklawn,Week5,Hayfield Farm,Week4,259.0 Hayfield Farm - 143.0 Parklawn
Overlee,Week5,Virginia Run,Week2,359.0 Overlee - 43.0 Virginia Run
Parklawn,Week2,Herndon,Week2,251.0 Parklawn - 148.0 Herndon
Parklawn,Week1,Herndon,Week4,207.0 Parklawn - 185.0 Herndon
Overlee,Week3,Crosspointe,Week3,267.0 Overlee - 135.0 Crosspointe
Overlee,Week1,Lincolnia Park,Week4,365.0 Overlee - 37.0 Lincolnia Park
Parklawn,Week5,Hayfield Farm,Week2,249.0 Hayfield Farm - 153.0 Parklawn
Overlee,Week5,Lee Graham,Week5,279.0 Overlee - 123.0 Lee Graham
Overlee,Week3,Wakefield Chapel,Week3,258.0 Overlee - 144.0 Wakefield Chapel
Overlee,Week5,Walden Glen,Week1,378.0 Overlee - 24.0 Walden Glen
Overlee,Week5,Wakefield Chapel,Week4,285.0 Overlee - 117.0 Wakefield Chapel
Parklawn,Week1,Herndon,Week5,211.0 Parklawn - 179.0 Herndon
Overlee,Week4,Wakefield Chapel,Week5,296.0 Overlee - 106.0 Wakefield Chapel
Overlee,Week3,Laurel Hill,Week1,328.0 Overlee - 74.0 Laurel Hill
Parklawn,Week4,Mount Vernon Park,Week1,277.0 Mount Vernon Park - 124.0 Parklawn
Overlee,Week4,Wakefield Chapel,Week4,309.0 Overlee - 93.0 Wakefield Chapel
Overlee,Week5,Country Club Hills,Week1,373.0 Overlee - 29.0 Country Club Hills
Overlee,Week3,Crosspointe,Week1,259.0 Overlee - 143.0 Crosspointe
Overlee,Week1,Lincolnia Park,Week2,360.5 Overlee - 32.5 Lincolnia Park
Overlee,Week5,Wakefield Chapel,Week3,300.0 Overlee - 102.0 Wakefield Chapel
Parklawn,Week2,Herndon,Week1,255.0 Parklawn - 140.0 Herndon
Parklawn,Week4,Newington Forest,Week2,202.0 Parklawn - 187.0 Newington Forest
Overlee,Week2,Lincolnia Park,Week3,370.0 Overlee - 23.0 Lincolnia Park
Overlee,Week4,Wakefield Chapel,Week3,313.0 Overlee - 89.0 Wakefield Chapel
Overlee,Week2,Crosspointe,Week5,250.0 Overlee - 152.0 Crosspointe
Overlee,Week4,Lee Graham,Week3,313.0 Overlee - 89.0 Lee Graham
Overlee,Week5,Country Club Hills,Week4,379.0 Overlee - 23.0 Country Club Hills
Parklawn,Week2,Herndon,Week3,257.0 Parklawn - 139.0 Herndon
Overlee,Week2,Crosspointe,Week2,293.0 Overlee - 109.0 Crosspointe
Overlee,Week5,Wakefield Chapel,Week2,309.0 Overlee - 93.0 Wakefield Chapel
Overlee,Week5,Lee Graham,Week2,302.0 Overlee - 100.0 Lee Graham
Overlee,Week3,Crosspointe,Week2,277.5 Overlee - 124.5 Crosspointe
Parklawn,Week3,Mount Vernon Park,Week3,315.0 Mount Vernon Park - 87.0 Parklawn
Parklawn,Week4,Mount Vernon Park,Week2,272.0 Mount Vernon Park - 130.0 Parklawn
Overlee,Week2,Walden Glen,Week4,355.0 Overlee - 47.0 Walden Glen
Overlee,Week3,Lee Graham,Week5,224.0 Overlee - 178.0 Lee Graham
Overlee,Week3,Lee Graham,Week1,264.0 Overlee - 138.0 Lee Graham
Parklawn,Week2,Mount Vernon Park,Week3,289.0 Mount Vernon Park - 113.0 Parklawn
Overlee,Week3,Country Club Hills,Week5,340.0 Overlee - 62.0 Country Club Hills
Parklawn,Week3,Mount Vernon Park,Week5,325.0 Mount Vernon Park - 73.0 Parklawn
Parklawn,Week5,Mount Vernon Park,Week1,276.0 Mount Vernon Park - 125.0 Parklawn
Parklawn,Week4,Newington Forest,Week5,220.0 Newington Forest - 175.0 Parklawn
Overlee,Week2,Lee Graham,Week1,272.0 Overlee - 130.0 Lee Graham
Parklawn,Week3,Mount Vernon Park,Week4,299.0 Mount Vernon Park - 103.0 Parklawn
Overlee,Week4,Wakefield Chapel,Week2,311.0 Overlee - 91.0 Wakefield Chapel
Parklawn,Week4,Hayfield Farm,Week3,260.0 Hayfield Farm - 142.0 Parklawn
Overlee,Week1,Crosspointe,Week5,232.0 Overlee - 170.0 Crosspointe
Parklawn,Week2,Herndon,Week4,248.0 Parklawn - 152.0 Herndon
Parklawn,Week5,Hayfield Farm,Week3,260.0 Hayfield Farm - 141.0 Parklawn
Parklawn,Week3,Hiddenbrook,Week3,229.5 Hiddenbrook - 172.5 Parklawn
Overlee,Week1,Waynewood,Week1,275.0 Overlee - 127.0 Waynewood
Overlee,Week1,Crosspointe,Week4,249.0 Overlee - 153.0 Crosspointe
Parklawn,Week1,North Springfield,Week5,191.0 Parklawn - 170.0 North Springfield
Parklawn,Week3,Hiddenbrook,Week4,238.0 Hiddenbrook - 163.0 Parklawn
Overlee,Week2,Crosspointe,Week4,265.0 Overlee - 137.0 Crosspointe
Parklawn,Week2,Hiddenbrook,Week2,202.0 Parklawn - 194.0 Hiddenbrook
Parklawn,Week2,Herndon,Week5,252.0 Parklawn - 147.0 Herndon
Overlee,Week2,Lee Graham,Week2,266.5 Overlee - 135.5 Lee Graham
Overlee,Week2,Lee Graham,Week4,273.0 Overlee - 129.0 Lee Graham
Overlee,Week1,Waynewood,Week2,275.0 Overlee - 127.0 Waynewood
Parklawn,Week1,Newington Forest,Week4,229.0 Newington Forest - 164.0 Parklawn
Overlee,Week1,Waynewood,Week3,254.0 Overlee - 148.0 Waynewood
Overlee,Week2,Crosspointe,Week3,283.0 Overlee - 119.0 Crosspointe
Overlee,Week1,Crosspointe,Week2,277.0 Overlee - 125.0 Crosspointe
Parklawn,Week1,North Springfield,Week1,212.0 Parklawn - 123.0 North Springfield
Overlee,Week5,Walden Glen,Week4,374.0 Overlee - 28.0 Walden Glen
Parklawn,Week1,North Springfield,Week3,198.0 Parklawn - 187.0 North Springfield
Overlee,Week2,Lee Graham,Week3,263.0 Overlee - 139.0 Lee Graham
Overlee,Week1,Lee Graham,Week4,252.0 Overlee - 150.0 Lee Graham
Parklawn,Week3,Hiddenbrook,Week1,203.0 Parklawn - 195.0 Hiddenbrook
Overlee,Week2,Lee Graham,Week5,247.0 Overlee - 155.0 Lee Graham
Overlee,Week3,Walden Glen,Week1,360.0 Overlee - 42.0 Walden Glen
Overlee,Week3,Daventry,Week1,382.0 Overlee - 20.0 Daventry
Overlee,Week3,Walden Glen,Week4,338.0 Overlee - 64.0 Walden Glen
Overlee,Week5,Lee Graham,Week3,294.0 Overlee - 108.0 Lee Graham
Overlee,Week3,Lincolnia Park,Week2,366.0 Overlee - 27.0 Lincolnia Park
Parklawn,Week2,North Springfield,Week4,257.0 Parklawn - 130.0 North Springfield
Overlee,Week4,Lee Graham,Week1,310.0 Overlee - 92.0 Lee Graham
Overlee,Week4,Walden Glen,Week5,367.0 Overlee - 35.0 Walden Glen
Parklawn,Week2,Newington Forest,Week4,210.0 Newington Forest - 191.0 Parklawn
Overlee,Week5,Lee Graham,Week4,303.5 Overlee - 98.5 Lee Graham
Overlee,Week1,Daventry,Week4,374.0 Overlee - 28.0 Daventry
Overlee,Week1,Daventry,Week5,368.0 Overlee - 34.0 Daventry
Overlee,Week1,Waynewood,Week5,266.0 Overlee - 136.0 Waynewood
Parklawn,Week2,North Springfield,Week2,237.0 Parklawn - 147.0 North Springfield
Parklawn,Week2,Hiddenbrook,Week5,244.0 Hiddenbrook - 157.0 Parklawn
Overlee,Week4,Daventry,Week3,383.0 Overlee - 19.0 Daventry
Overlee,Week1,Waynewood,Week4,297.0 Overlee - 105.0 Waynewood
Overlee,Week3,Crosspointe,Week5,232.0 Overlee - 170.0 Crosspointe
Parklawn,Week2,Hiddenbrook,Week4,237.0 Hiddenbrook - 164.0 Parklawn
Parklawn,Week5,Herndon,Week1,263.0 Parklawn - 134.0 Herndon
Parklawn,Week3,North Springfield,Week1,239.0 Parklawn - 108.0 North Springfield
Overlee,Week1,Lincolnia Park,Week5,352.0 Overlee - 41.0 Lincolnia Park
Parklawn,Week3,North Springfield,Week3,227.0 Parklawn - 168.0 North Springfield
Parklawn,Week3,North Springfield,Week5,219.0 Parklawn - 153.0 North Springfield
Parklawn,Week5,Herndon,Week5,265.0 Parklawn - 136.0 Herndon
Overlee,Week4,Daventry,Week4,392.0 Overlee - 10.0 Daventry
Parklawn,Week3,Herndon,Week2,245.0 Parklawn - 156.0 Herndon
Parklawn,Week4,Newington Forest,Week1,213.0 Parklawn - 176.0 Newington Forest
Parklawn,Week4,Herndon,Week3,259.5 Parklawn - 138.5 Herndon
Overlee,Week1,Walden Glen,Week3,353.0 Overlee - 49.0 Walden Glen
Overlee,Week3,Daventry,Week5,370.0 Overlee - 32.0 Daventry
Overlee,Week3,Lee Graham,Week4,250.0 Overlee - 152.0 Lee Graham
Overlee,Week5,Walden Glen,Week2,374.0 Overlee - 28.0 Walden Glen
Overlee,Week4,Walden Glen,Week2,376.5 Overlee - 25.5 Walden Glen
Overlee,Week3,Lee Graham,Week3,242.0 Overlee - 160.0 Lee Graham
Overlee,Week4,Lee Graham,Week2,325.0 Overlee - 77.0 Lee Graham
Parklawn,Week3,Herndon,Week1,256.0 Parklawn - 142.0 Herndon
Parklawn,Week1,Hiddenbrook,Week1,237.0 Hiddenbrook - 156.0 Parklawn
Parklawn,Week5,Newington Forest,Week1,227.0 Parklawn - 166.0 Newington Forest
Parklawn,Week5,Herndon,Week4,258.0 Parklawn - 144.0 Herndon
Parklawn,Week4,Herndon,Week4,256.0 Parklawn - 146.0 Herndon
Overlee,Week4,Lee Graham,Week5,296.0 Overlee - 106.0 Lee Graham
Parklawn,Week3,Newington Forest,Week5,247.0 Newington Forest - 154.0 Parklawn
Overlee,Week4,Walden Glen,Week4,374.0 Overlee - 28.0 Walden Glen
Overlee,Week3,Walden Glen,Week2,354.0 Overlee - 48.0 Walden Glen
Parklawn,Week2,Newington Forest,Week2,209.0 Parklawn - 183.0 Newington Forest
Parklawn,Week2,Newington Forest,Week1,226.5 Parklawn - 163.5 Newington Forest
Parklawn,Week3,Herndon,Week5,245.0 Parklawn - 156.0 Herndon
Overlee,Week1,Walden Glen,Week1,361.5 Overlee - 40.5 Walden Glen
Parklawn,Week5,Newington Forest,Week3,201.0 Newington Forest - 200.0 Parklawn
Overlee,Week4,Lee Graham,Week4,311.0 Overlee - 91.0 Lee Graham
Overlee,Week1,Lincolnia Park,Week1,374.0 Overlee - 28.0 Lincolnia Park
Overlee,Week5,Lee Graham,Week1,302.0 Overlee - 100.0 Lee Graham
Parklawn,Week4,Herndon,Week2,260.0 Parklawn - 141.0 Herndon
Overlee,Week3,Lee Graham,Week2,253.0 Overlee - 149.0 Lee Graham
Parklawn,Week3,Newington Forest,Week1,200.0 Parklawn - 193.0 Newington Forest
Overlee,Week2,Walden Glen,Week3,363.0 Overlee - 39.0 Walden Glen
Overlee,Week1,Walden Glen,Week5,336.0 Overlee - 66.0 Walden Glen
Overlee,Week1,Lee Graham,Week5,236.0 Overlee - 166.0 Lee Graham
Parklawn,Week2,Newington Forest,Week5,229.0 Newington Forest - 172.0 Parklawn
Overlee,Week5,Crosspointe,Week1,287.0 Overlee - 115.0 Crosspointe
Overlee,Week1,Lincolnia Park,Week3,354.5 Overlee - 38.5 Lincolnia Park
Overlee,Week2,Walden Glen,Week5,353.0 Overlee - 49.0 Walden Glen
Overlee,Week3,Walden Glen,Week3,358.0 Overlee - 44.0 Walden Glen
Overlee,Week5,Crosspointe,Week4,294.5 Overlee - 107.5 Crosspointe
Overlee,Week4,Crosspointe,Week4,310.0 Overlee - 92.0 Crosspointe
Parklawn,Week4,Newington Forest,Week3,205.0 Newington Forest - 192.0 Parklawn
Overlee,Week2,Daventry,Week3,375.0 Overlee - 27.0 Daventry
Overlee,Week3,Daventry,Week3,370.0 Overlee - 32.0 Daventry
Parklawn,Week5,Herndon,Week2,253.0 Parklawn - 147.0 Herndon
Parklawn,Week3,Newington Forest,Week4,220.0 Newington Forest - 181.0 Parklawn
Overlee,Week1,Daventry,Week3,375.0 Overlee - 27.0 Daventry
Parklawn,Week5,Herndon,Week3,270.0 Parklawn - 128.0 Herndon
Parklawn,Week4,Herndon,Week5,260.0 Parklawn - 140.0 Herndon
Overlee,Week2,Daventry,Week4,382.0 Overlee - 20.0 Daventry
Overlee,Week1,Walden Glen,Week2,351.0 Overlee - 51.0 Walden Glen
Overlee,Week3,Daventry,Week4,382.0 Overlee - 20.0 Daventry
Overlee,Week4,Daventry,Week2,389.0 Overlee - 13.0 Daventry
Overlee,Week1,Walden Glen,Week4,342.0 Overlee - 60.0 Walden Glen
Overlee,Week4,Crosspointe,Week5,292.0 Overlee - 110.0 Crosspointe
Parklawn,Week1,Newington Forest,Week5,254.0 Newington Forest - 139.0 Parklawn
Overlee,Week4,Walden Glen,Week3,383.0 Overlee - 19.0 Walden Glen
Overlee,Week2,Lincolnia Park,Week2,372.0 Overlee - 21.0 Lincolnia Park
Overlee,Week4,Crosspointe,Week3,310.0 Overlee - 92.0 Crosspointe
Parklawn,Week5,Newington Forest,Week4,204.5 Newington Forest - 191.5 Parklawn
Parklawn,Week4,Herndon,Week1,271.0 Parklawn - 125.0 Herndon
Parklawn,Week1,Hiddenbrook,Week2,211.0 Hiddenbrook - 170.0 Parklawn
Overlee,Week3,Lincolnia Park,Week1,380.0 Overlee - 22.0 Lincolnia Park
Parklawn,Week1,Hiddenbrook,Week4,253.0 Hiddenbrook - 135.0 Parklawn
Parklawn,Week4,Little Hunting Park,Week2,209.0 Little Hunting Park - 185.0 Parklawn
Overlee,Week2,Lincolnia Park,Week1,383.0 Overlee - 19.0 Lincolnia Park
Parklawn,Week2,Newington Forest,Week3,201.0 Newington Forest - 199.0 Parklawn
Parklawn,Week3,Newington Forest,Week3,214.5 Newington Forest - 186.5 Parklawn
Overlee,Week4,Crosspointe,Week1,307.0 Overlee - 95.0 Crosspointe
Overlee,Week4,Walden Glen,Week1,385.0 Overlee - 17.0 Walden Glen
Overlee,Week2,Walden Glen,Week2,365.0 Overlee - 37.0 Walden Glen
Overlee,Week1,Daventry,Week2,373.0 Overlee - 29.0 Daventry
Parklawn,Week3,Little Hunting Park,Week4,235.0 Little Hunting Park - 163.0 Parklawn
Parklawn,Week1,Hiddenbrook,Week3,256.0 Hiddenbrook - 137.0 Parklawn
Overlee,Week5,Lincolnia Park,Week3,377.0 Overlee - 16.0 Lincolnia Park
Overlee,Week4,Waynewood,Week1,329.0 Overlee - 73.0 Waynewood
Overlee,Week2,Walden Glen,Week1,370.0 Overlee - 32.0 Walden Glen
Parklawn,Week3,Little Hunting Park,Week2,228.0 Little Hunting Park - 170.0 Parklawn
Parklawn,Week2,Little Rocky Run,Week1,317.0 Little Rocky Run - 85.0 Parklawn
Overlee,Week2,Little Hunting Park,Week2,362.0 Overlee - 40.0 Little Hunting Park
Overlee,Week3,Lincolnia Park,Week5,357.0 Overlee - 36.0 Lincolnia Park
Parklawn,Week1,Little Rocky Run,Week5,336.0 Little Rocky Run - 57.0 Parklawn
Overlee,Week1,Little Hunting Park,Week5,334.0 Overlee - 68.0 Little Hunting Park
Parklawn,Week1,North Springfield,Week2,195.0 Parklawn - 176.0 North Springfield
Overlee,Week5,Crosspointe,Week5,277.0 Overlee - 125.0 Crosspointe
Parklawn,Week5,Newington Forest,Week2,217.0 Parklawn - 176.0 Newington Forest
Parklawn,Week3,Hiddenbrook,Week2,213.0 Parklawn - 187.0 Hiddenbrook
Parklawn,Week2,Little Rocky Run,Week2,323.0 Little Rocky Run - 79.0 Parklawn
Overlee,Week5,Walden Glen,Week3,369.0 Overlee - 33.0 Walden Glen
Parklawn,Week2,Hiddenbrook,Week3,222.0 Hiddenbrook - 180.0 Parklawn
Parklawn,Week3,Little Rocky Run,Week5,342.0 Little Rocky Run - 60.0 Parklawn
Parklawn,Week3,Herndon,Week4,248.0 Parklawn - 154.0 Herndon
Overlee,Week3,Crosspointe,Week4,252.0 Overlee - 150.0 Crosspointe
Overlee,Week5,Walden Glen,Week5,360.0 Overlee - 42.0 Walden Glen
Parklawn,Week3,Newington Forest,Week2,197.0 Newington Forest - 195.0 Parklawn
Parklawn,Week2,Hiddenbrook,Week1,218.0 Hiddenbrook - 180.0 Parklawn
Parklawn,Week1,Hiddenbrook,Week5,283.0 Hiddenbrook - 110.0 Parklawn
Parklawn,Week5,Newington Forest,Week5,224.0 Newington Forest - 172.0 Parklawn
Overlee,Week2,Daventry,Week2,380.0 Overlee - 22.0 Daventry
Overlee,Week1,Little Hunting Park,Week2,358.0 Overlee - 44.0 Little Hunting Park
Overlee,Week2,Daventry,Week5,371.0 Overlee - 31.0 Daventry
Parklawn,Week3,Herndon,Week3,254.0 Parklawn - 144.0 Herndon
Overlee,Week1,Little Hunting Park,Week1,346.0 Overlee - 56.0 Little Hunting Park
Parklawn,Week4,Newington Forest,Week4,205.0 Newington Forest - 195.0 Parklawn
Overlee,Week5,Crosspointe,Week2,306.0 Overlee - 96.0 Crosspointe
Overlee,Week3,Walden Glen,Week5,341.0 Overlee - 61.0 Walden Glen
Parklawn,Week5,Hiddenbrook,Week3,226.0 Hiddenbrook - 176.0 Parklawn
Parklawn,Week4,Hiddenbrook,Week5,217.0 Hiddenbrook - 184.0 Parklawn
Parklawn,Week5,Little Rocky Run,Week2,301.0 Little Rocky Run - 101.0 Parklawn
Overlee,Week3,Waynewood,Week5,264.0 Overlee - 138.0 Waynewood
Overlee,Week5,Lincolnia Park,Week4,391.0 Overlee - 11.0 Lincolnia Park
Parklawn,Week3,North Springfield,Week2,233.0 Parklawn - 154.0 North Springfield
Parklawn,Week3,North Springfield,Week4,254.0 Parklawn - 136.0 North Springfield
Parklawn,Week2,High Point Pool,Week2,286.0 High Point Pool - 115.0 Parklawn
Parklawn,Week1,Little Rocky Run,Week4,325.0 Little Rocky Run - 68.0 Parklawn
Overlee,Week2,Waynewood,Week3,262.0 Overlee - 140.0 Waynewood
Overlee,Week3,Waynewood,Week1,279.0 Overlee - 123.0 Waynewood
Overlee,Week1,Daventry,Week1,377.0 Overlee - 25.0 Daventry
Parklawn,Week2,Little Rocky Run,Week3,333.0 Little Rocky Run - 69.0 Parklawn
Parklawn,Week1,North Springfield,Week4,220.0 Parklawn - 156.0 North Springfield
Overlee,Week4,Waynewood,Week3,306.0 Overlee - 96.0 Waynewood
Overlee,Week5,Daventry,Week5,380.0 Overlee - 22.0 Daventry
Overlee,Week5,Lincolnia Park,Week1,389.0 Overlee - 13.0 Lincolnia Park
Overlee,Week4,Daventry,Week1,387.0 Overlee - 15.0 Daventry
Overlee,Week5,Waynewood,Week2,317.0 Overlee - 85.0 Waynewood
Parklawn,Week1,Oakton ,Week4,336.0 Oakton - 57.0 Parklawn
Parklawn,Week2,North Springfield,Week1,246.0 Parklawn - 99.0 North Springfield
Overlee,Week2,Daventry,Week1,380.0 Overlee - 22.0 Daventry
Overlee,Week3,Waynewood,Week2,290.0 Overlee - 112.0 Waynewood
Parklawn,Week3,Little Hunting Park,Week5,247.5 Little Hunting Park - 152.5 Parklawn
Overlee,Week2,Lincolnia Park,Week5,363.0 Overlee - 30.0 Lincolnia Park
Overlee,Week4,Crosspointe,Week2,313.0 Overlee - 89.0 Crosspointe
Parklawn,Week4,High Point Pool,Week2,282.5 High Point Pool - 117.5 Parklawn
Overlee,Week2,Woodley,Week3,384.0 Overlee - 18.0 Woodley
Parklawn,Week2,Little Rocky Run,Week4,325.0 Little Rocky Run - 77.0 Parklawn
Overlee,Week2,Little Hunting Park,Week4,356.0 Overlee - 46.0 Little Hunting Park
Parklawn,Week4,Hiddenbrook,Week1,208.0 Parklawn - 190.0 Hiddenbrook
Overlee,Week3,Daventry,Week2,372.0 Overlee - 30.0 Daventry
Parklawn,Week2,North Springfield,Week5,218.0 Parklawn - 154.0 North Springfield
Parklawn,Week2,Oakton ,Week3,313.0 Oakton - 89.0 Parklawn
Overlee,Week4,Lincolnia Park,Week1,391.0 Overlee - 11.0 Lincolnia Park
Parklawn,Week5,Little Hunting Park,Week3,217.0 Little Hunting Park - 184.0 Parklawn
Overlee,Week2,Lincolnia Park,Week4,376.0 Overlee - 26.0 Lincolnia Park
Overlee,Week2,Little Hunting Park,Week3,358.0 Overlee - 44.0 Little Hunting Park
Parklawn,Week3,High Point Pool,Week2,307.0 High Point Pool - 94.0 Parklawn
Parklawn,Week4,Little Hunting Park,Week1,198.0 Little Hunting Park - 195.0 Parklawn
Parklawn,Week5,Little Hunting Park,Week5,232.0 Little Hunting Park - 169.0 Parklawn
Parklawn,Week2,North Springfield,Week3,222.5 Parklawn - 168.5 North Springfield
Overlee,Week4,Dominion Hills,Week4,372.5 Overlee - 29.5 Dominion Hills
Overlee,Week3,Waynewood,Week4,293.0 Overlee - 109.0 Waynewood
Parklawn,Week3,High Point Pool,Week5,303.0 High Point Pool - 98.0 Parklawn
Overlee,Week5,Crosspointe,Week3,294.0 Overlee - 108.0 Crosspointe
Overlee,Week3,Little Hunting Park,Week4,353.0 Overlee - 49.0 Little Hunting Park
Overlee,Week4,Little Hunting Park,Week1,380.5 Overlee - 21.5 Little Hunting Park
Parklawn,Week1,Long Branch,Week2,254.0 Long Branch - 139.0 Parklawn
Overlee,Week2,Woodley,Week2,376.0 Overlee - 26.0 Woodley
Overlee,Week1,Dominion Hills,Week2,332.5 Overlee - 69.5 Dominion Hills
Overlee,Week2,Waynewood,Week2,298.0 Overlee - 104.0 Waynewood
Overlee,Week5,Dominion Hills,Week5,355.0 Overlee - 47.0 Dominion Hills
Overlee,Week5,Dominion Hills,Week1,379.0 Overlee - 23.0 Dominion Hills
Parklawn,Week1,Oakton ,Week1,323.0 Oakton - 70.0 Parklawn
Parklawn,Week3,Little Rocky Run,Week4,338.0 Little Rocky Run - 64.0 Parklawn
Overlee,Week5,Dominion Hills,Week3,367.0 Overlee - 35.0 Dominion Hills
Parklawn,Week1,High Point Pool,Week5,302.0 High Point Pool - 90.0 Parklawn
Parklawn,Week3,High Point Pool,Week4,298.0 High Point Pool - 104.0 Parklawn
Parklawn,Week1,Long Branch,Week4,245.0 Long Branch - 148.0 Parklawn
Overlee,Week5,Waynewood,Week5,299.0 Overlee - 103.0 Waynewood
Parklawn,Week1,High Point Pool,Week3,301.0 High Point Pool - 92.0 Parklawn
Parklawn,Week3,High Point Pool,Week1,291.5 High Point Pool - 110.5 Parklawn
Overlee,Week4,Little Hunting Park,Week2,379.0 Overlee - 23.0 Little Hunting Park
Parklawn,Week1,Oakton ,Week3,328.0 Oakton - 65.0 Parklawn
Parklawn,Week1,Oakton ,Week2,334.0 Oakton - 54.0 Parklawn
Parklawn,Week3,Little Rocky Run,Week1,318.0 Little Rocky Run - 84.0 Parklawn
Overlee,Week4,Lincolnia Park,Week5,377.5 Overlee - 15.5 Lincolnia Park
Parklawn,Week4,Hiddenbrook,Week2,233.0 Parklawn - 168.0 Hiddenbrook
Overlee,Week3,Waynewood,Week3,259.0 Overlee - 143.0 Waynewood
Overlee,Week4,Lincolnia Park,Week4,391.0 Overlee - 11.0 Lincolnia Park
Parklawn,Week4,Little Hunting Park,Week4,200.0 Little Hunting Park - 198.0 Parklawn
Overlee,Week1,Dominion Hills,Week3,345.0 Overlee - 57.0 Dominion Hills
Parklawn,Week3,Oakton ,Week5,338.0 Oakton - 64.0 Parklawn
Overlee,Week1,Woodley,Week3,379.0 Overlee - 23.0 Woodley
Overlee,Week2,Dominion Hills,Week2,343.0 Overlee - 59.0 Dominion Hills
Parklawn,Week1,High Point Pool,Week1,295.0 High Point Pool - 98.0 Parklawn
Parklawn,Week4,North Springfield,Week2,249.0 Parklawn - 133.0 North Springfield
Overlee,Week3,Dominion Hills,Week2,332.0 Overlee - 70.0 Dominion Hills
Parklawn,Week5,Little Hunting Park,Week4,220.0 Little Hunting Park - 178.0 Parklawn
Overlee,Week3,Little Hunting Park,Week5,329.0 Overlee - 73.0 Little Hunting Park
Parklawn,Week4,Little Hunting Park,Week3,216.0 Little Hunting Park - 185.0 Parklawn
Overlee,Week5,Daventry,Week2,384.0 Overlee - 18.0 Daventry
Parklawn,Week5,Little Hunting Park,Week1,208.0 Little Hunting Park - 185.0 Parklawn
Overlee,Week2,Dominion Hills,Week5,323.0 Overlee - 79.0 Dominion Hills
Parklawn,Week4,North Springfield,Week3,239.0 Parklawn - 154.0 North Springfield
Parklawn,Week2,Oakton ,Week5,328.0 Oakton - 74.0 Parklawn
Overlee,Week1,Woodley,Week2,371.0 Overlee - 31.0 Woodley
Parklawn,Week1,High Point Pool,Week4,302.0 High Point Pool - 91.0 Parklawn
Parklawn,Week3,Oakton ,Week4,333.0 Oakton - 68.0 Parklawn
Parklawn,Week5,High Point Pool,Week4,269.0 High Point Pool - 133.0 Parklawn
Overlee,Week3,Lincolnia Park,Week3,360.0 Overlee - 33.0 Lincolnia Park
Overlee,Week4,Waynewood,Week4,328.0 Overlee - 74.0 Waynewood
Parklawn,Week3,Little Hunting Park,Week3,234.0 Little Hunting Park - 167.0 Parklawn
Overlee,Week3,Little Hunting Park,Week1,345.0 Overlee - 57.0 Little Hunting Park
Overlee,Week3,Little Hunting Park,Week2,349.0 Overlee - 53.0 Little Hunting Park
Overlee,Week1,Woodley,Week5,366.0 Overlee - 36.0 Woodley
Parklawn,Week2,Oakton ,Week1,312.0 Oakton - 89.0 Parklawn
Overlee,Week2,Waynewood,Week1,293.0 Overlee - 109.0 Waynewood
Parklawn,Week5,Hiddenbrook,Week5,232.5 Hiddenbrook - 168.5 Parklawn
Parklawn,Week5,Hiddenbrook,Week4,222.0 Hiddenbrook - 179.0 Parklawn
Overlee,Week5,Daventry,Week1,382.0 Overlee - 20.0 Daventry
Parklawn,Week3,Little Rocky Run,Week2,325.0 Little Rocky Run - 77.0 Parklawn
Parklawn,Week5,North Springfield,Week3,236.0 Parklawn - 160.0 North Springfield
Overlee,Week2,Waynewood,Week5,274.0 Overlee - 128.0 Waynewood
Parklawn,Week1,Little Rocky Run,Week1,313.0 Little Rocky Run - 80.0 Parklawn
Parklawn,Week5,North Springfield,Week2,245.0 Parklawn - 142.0 North Springfield
Parklawn,Week5,Hiddenbrook,Week2,223.0 Parklawn - 178.0 Hiddenbrook
Parklawn,Week4,Hiddenbrook,Week4,203.0 Hiddenbrook - 198.0 Parklawn
Parklawn,Week4,Oakton ,Week1,310.0 Oakton - 91.0 Parklawn
Overlee,Week3,Dominion Hills,Week4,325.0 Overlee - 77.0 Dominion Hills
Overlee,Week5,Waynewood,Week1,314.0 Overlee - 88.0 Waynewood
Overlee,Week3,Lincolnia Park,Week4,377.0 Overlee - 25.0 Lincolnia Park
Parklawn,Week2,High Point Pool,Week3,277.5 High Point Pool - 123.5 Parklawn
Overlee,Week2,Dominion Hills,Week4,334.0 Overlee - 68.0 Dominion Hills
Parklawn,Week4,Little Hunting Park,Week5,231.0 Little Hunting Park - 170.0 Parklawn
Overlee,Week5,Waynewood,Week3,286.0 Overlee - 116.0 Waynewood
Parklawn,Week3,Little Rocky Run,Week3,336.0 Little Rocky Run - 66.0 Parklawn
Overlee,Week2,Waynewood,Week4,299.0 Overlee - 103.0 Waynewood
Overlee,Week5,Waynewood,Week4,318.0 Overlee - 84.0 Waynewood
Overlee,Week4,Lincolnia Park,Week3,380.0 Overlee - 13.0 Lincolnia Park
Parklawn,Week1,Little Rocky Run,Week3,332.0 Little Rocky Run - 61.0 Parklawn
Parklawn,Week2,Oakton ,Week2,331.0 Oakton - 71.0 Parklawn
Overlee,Week2,Dominion Hills,Week1,366.0 Overlee - 36.0 Dominion Hills
Overlee,Week3,Dominion Hills,Week3,343.0 Overlee - 59.0 Dominion Hills
Parklawn,Week2,High Point Pool,Week1,271.0 High Point Pool - 131.0 Parklawn
Parklawn,Week5,Hiddenbrook,Week1,209.0 Hiddenbrook - 189.0 Parklawn
Parklawn,Week5,Little Hunting Park,Week2,214.0 Little Hunting Park - 184.0 Parklawn
Parklawn,Week1,High Point Pool,Week2,314.0 High Point Pool - 79.0 Parklawn
Overlee,Week4,Waynewood,Week2,322.0 Overlee - 80.0 Waynewood
Parklawn,Week1,Little Rocky Run,Week2,318.0 Little Rocky Run - 75.0 Parklawn
Parklawn,Week3,Oakton ,Week3,332.0 Oakton - 70.0 Parklawn
Overlee,Week5,Lincolnia Park,Week2,380.0 Overlee - 13.0 Lincolnia Park
Overlee,Week4,Dominion Hills,Week2,374.0 Overlee - 28.0 Dominion Hills
Overlee,Week5,Daventry,Week4,392.0 Overlee - 10.0 Daventry
Overlee,Week1,Little Hunting Park,Week3,353.0 Overlee - 49.0 Little Hunting Park
Overlee,Week5,Lincolnia Park,Week5,378.0 Overlee - 15.0 Lincolnia Park
Overlee,Week4,Lincolnia Park,Week2,383.0 Overlee - 10.0 Lincolnia Park
Overlee,Week2,Little Hunting Park,Week1,359.0 Overlee - 43.0 Little Hunting Park
Parklawn,Week5,North Springfield,Week5,226.0 Parklawn - 148.0 North Springfield
Overlee,Week1,Woodley,Week1,366.0 Overlee - 36.0 Woodley
Parklawn,Week4,Oakton ,Week2,325.0 Oakton - 77.0 Parklawn
Overlee,Week1,Little Hunting Park,Week4,351.0 Overlee - 51.0 Little Hunting Park
Parklawn,Week3,Hiddenbrook,Week5,254.0 Hiddenbrook - 147.0 Parklawn
Parklawn,Week2,Little Rocky Run,Week5,334.0 Little Rocky Run - 68.0 Parklawn
Parklawn,Week4,North Springfield,Week1,254.0 Parklawn - 86.0 North Springfield
Overlee,Week4,Dominion Hills,Week1,388.0 Overlee - 14.0 Dominion Hills
Parklawn,Week4,Little Rocky Run,Week4,306.0 Little Rocky Run - 96.0 Parklawn
Parklawn,Week4,Little Rocky Run,Week5,319.0 Little Rocky Run - 83.0 Parklawn
Parklawn,Week5,North Springfield,Week1,247.0 Parklawn - 101.0 North Springfield
Overlee,Week2,Little Hunting Park,Week5,344.0 Overlee - 58.0 Little Hunting Park
Parklawn,Week4,Hiddenbrook,Week3,205.0 Hiddenbrook - 197.0 Parklawn
Parklawn,Week2,High Point Pool,Week5,289.0 High Point Pool - 112.0 Parklawn
Parklawn,Week3,High Point Pool,Week3,301.0 High Point Pool - 101.0 Parklawn
Overlee,Week4,Waynewood,Week5,303.0 Overlee - 99.0 Waynewood
Overlee,Week1,Woodley,Week4,369.0 Overlee - 33.0 Woodley
Overlee,Week4,Highland Park,Week5,349.0 Overlee - 53.0 Highland Park
Parklawn,Week4,North Springfield,Week5,231.0 Parklawn - 139.0 North Springfield
Overlee,Week1,Dominion Hills,Week1,349.5 Overlee - 52.5 Dominion Hills
Parklawn,Week4,Little Rocky Run,Week1,302.0 Little Rocky Run - 99.0 Parklawn
Parklawn,Week5,North Springfield,Week4,258.0 Parklawn - 133.0 North Springfield
Parklawn,Week2,High Point Pool,Week4,279.0 High Point Pool - 123.0 Parklawn
Overlee,Week5,Daventry,Week3,381.0 Overlee - 21.0 Daventry
Overlee,Week3,Highland Park,Week2,338.0 Overlee - 64.0 Highland Park
Overlee,Week4,Woodley,Week3,398.0 Overlee - 4.0 Woodley
Overlee,Week2,Woodley,Week1,379.0 Overlee - 23.0 Woodley
Overlee,Week1,Dominion Hills,Week4,330.0 Overlee - 72.0 Dominion Hills
Overlee,Week3,Little Hunting Park,Week3,352.5 Overlee - 49.5 Little Hunting Park
Overlee,Week4,Daventry,Week5,386.0 Overlee - 16.0 Daventry
Parklawn,Week4,High Point Pool,Week3,265.0 High Point Pool - 137.0 Parklawn
Parklawn,Week4,North Springfield,Week4,258.0 Parklawn - 130.0 North Springfield
Parklawn,Week3,Oakton ,Week2,340.0 Oakton - 62.0 Parklawn
Parklawn,Week5,Little Rocky Run,Week1,305.0 Little Rocky Run - 92.0 Parklawn
Overlee,Week4,Woodley,Week1,388.0 Overlee - 14.0 Woodley
Overlee,Week2,Woodley,Week4,378.0 Overlee - 24.0 Woodley
Parklawn,Week5,Little Rocky Run,Week5,325.0 Little Rocky Run - 77.0 Parklawn
Parklawn,Week2,Oakton ,Week4,324.0 Oakton - 77.0 Parklawn
Overlee,Week3,Dominion Hills,Week1,355.0 Overlee - 47.0 Dominion Hills
Parklawn,Week4,High Point Pool,Week4,271.0 High Point Pool - 131.0 Parklawn
Parklawn,Week1,Long Branch,Week1,240.0 Long Branch - 152.0 Parklawn
Overlee,Week1,Highlands Swim,Week4,221.0 Overlee - 181.0 Highlands Swim
Overlee,Week2,Highlands Swim,Week4,235.0 Overlee - 167.0 Highlands Swim
Overlee,Week2,Highlands Swim,Week2,230.0 Overlee - 172.0 Highlands Swim
Parklawn,Week5,High Point Pool,Week1,268.0 High Point Pool - 134.0 Parklawn
Parklawn,Week1,Oakton ,Week5,336.0 Oakton - 52.0 Parklawn
Overlee,Week3,Dominion Hills,Week5,307.0 Overlee - 95.0 Dominion Hills
Overlee,Week2,Dominion Hills,Week3,353.0 Overlee - 49.0 Dominion Hills
Parklawn,Week5,Little Rocky Run,Week3,314.0 Little Rocky Run - 88.0 Parklawn
Overlee,Week1,Dominion Hills,Week5,305.0 Overlee - 97.0 Dominion Hills
Overlee,Week5,Woodley,Week2,393.0 Overlee - 9.0 Woodley
Parklawn,Week4,Little Rocky Run,Week3,313.0 Little Rocky Run - 89.0 Parklawn
Overlee,Week3,Highlands Swim,Week2,220.0 Overlee - 182.0 Highlands Swim
Parklawn,Week4,High Point Pool,Week1,264.0 High Point Pool - 138.0 Parklawn
Overlee,Week4,Woodley,Week4,392.0 Overlee - 10.0 Woodley
Parklawn,Week3,Oakton ,Week1,321.5 Oakton - 79.5 Parklawn
Overlee,Week3,Highland Park,Week3,334.0 Overlee - 68.0 Highland Park
Parklawn,Week4,Little Rocky Run,Week2,294.0 Little Rocky Run - 108.0 Parklawn
Overlee,Week5,Woodley,Week1,388.5 Overlee - 13.5 Woodley
Parklawn,Week4,High Point Pool,Week5,284.0 High Point Pool - 117.0 Parklawn
Overlee,Week4,Dominion Hills,Week3,380.0 Overlee - 22.0 Dominion Hills
Parklawn,Week2,Long Branch,Week3,210.0 Parklawn - 191.0 Long Branch
Parklawn,Week1,Annandale,Week3,218.0 Annandale - 175.0 Parklawn
Overlee,Week3,Highlands Swim,Week4,242.0 Overlee - 160.0 Highlands Swim
Parklawn,Week2,Highland Park,Week2,268.0 Highland Park - 134.0 Parklawn
Parklawn,Week3,Old Keene Mill,Week1,202.0 Old Keene Mill - 199.0 Parklawn
Parklawn,Week2,Long Branch,Week4,219.0 Long Branch - 182.0 Parklawn
Overlee,Week4,Highland Park,Week4,363.0 Overlee - 39.0 Highland Park
Parklawn,Week5,Long Branch,Week1,207.0 Long Branch - 186.0 Parklawn
Parklawn,Week1,Old Keene Mill,Week1,229.0 Old Keene Mill - 164.0 Parklawn
Parklawn,Week1,Long Branch,Week3,216.0 Long Branch - 177.0 Parklawn
Parklawn,Week1,Annandale,Week4,203.0 Annandale - 190.0 Parklawn
Overlee,Week1,Donaldson Run,Week2,244.0 Overlee - 158.0 Donaldson Run
Overlee,Week2,Donaldson Run,Week3,269.0 Overlee - 133.0 Donaldson Run
Overlee,Week1,Highlands Swim,Week2,226.0 Overlee - 176.0 Highlands Swim
Overlee,Week5,Dominion Hills,Week2,370.0 Overlee - 32.0 Dominion Hills
Parklawn,Week1,Annandale,Week5,236.0 Annandale - 157.0 Parklawn
Parklawn,Week4,Long Branch,Week4,218.0 Long Branch - 182.0 Parklawn
Parklawn,Week5,High Point Pool,Week2,289.0 High Point Pool - 112.0 Parklawn
Parklawn,Week1,Annandale,Week1,205.0 Annandale - 183.0 Parklawn
Overlee,Week4,Dominion Hills,Week5,366.0 Overlee - 36.0 Dominion Hills
Overlee,Week4,Highland Park,Week3,370.0 Overlee - 32.0 Highland Park
Parklawn,Week1,Highland Park,Week1,294.5 Highland Park - 98.5 Parklawn
Parklawn,Week5,Long Branch,Week2,209.0 Long Branch - 189.0 Parklawn
Overlee,Week2,Highland Park,Week1,336.0 Overlee - 66.0 Highland Park
Parklawn,Week1,Old Keene Mill,Week4,234.0 Old Keene Mill - 159.0 Parklawn
Parklawn,Week5,Little Rocky Run,Week4,312.0 Little Rocky Run - 90.0 Parklawn
Overlee,Week2,Highland Park,Week4,332.0 Overlee - 70.0 Highland Park
Overlee,Week5,Woodley,Week5,389.0 Overlee - 13.0 Woodley
Parklawn,Week5,Oakton ,Week2,326.0 Oakton - 76.0 Parklawn
Overlee,Week5,Woodley,Week3,395.0 Overlee - 7.0 Woodley
Parklawn,Week5,High Point Pool,Week3,266.0 High Point Pool - 136.0 Parklawn
Parklawn,Week3,Old Keene Mill,Week3,221.0 Old Keene Mill - 181.0 Parklawn
Overlee,Week1,Donaldson Run,Week1,259.0 Overlee - 143.0 Donaldson Run
Parklawn,Week3,Long Branch,Week1,232.0 Long Branch - 165.0 Parklawn
Overlee,Week3,Woodley,Week3,380.0 Overlee - 22.0 Woodley
Parklawn,Week2,Highland Park,Week3,262.0 Highland Park - 139.0 Parklawn
Parklawn,Week3,Highland Park,Week5,292.0 Highland Park - 109.0 Parklawn
Overlee,Week1,Highlands Swim,Week5,210.0 Overlee - 192.0 Highlands Swim
Parklawn,Week4,Old Keene Mill,Week2,202.0 Parklawn - 199.0 Old Keene Mill
Overlee,Week5,Woodley,Week4,393.0 Overlee - 9.0 Woodley
Parklawn,Week3,Old Keene Mill,Week5,223.0 Old Keene Mill - 179.0 Parklawn
Overlee,Week1,Donaldson Run,Week3,255.0 Overlee - 147.0 Donaldson Run
Parklawn,Week4,Old Keene Mill,Week1,203.0 Parklawn - 197.0 Old Keene Mill
Parklawn,Week5,Highland Park,Week3,256.0 Highland Park - 140.0 Parklawn
Overlee,Week3,Highland Park,Week4,317.0 Overlee - 85.0 Highland Park
Overlee,Week5,Dominion Hills,Week4,364.0 Overlee - 38.0 Dominion Hills
Parklawn,Week5,High Point Pool,Week5,284.0 High Point Pool - 117.0 Parklawn
Parklawn,Week3,Highland Park,Week1,297.0 Highland Park - 104.0 Parklawn
Overlee,Week3,Donaldson Run,Week4,250.0 Overlee - 152.0 Donaldson Run
Overlee,Week3,Donaldson Run,Week1,254.0 Overlee - 148.0 Donaldson Run
Overlee,Week3,Highlands Swim,Week1,229.0 Overlee - 173.0 Highlands Swim
Parklawn,Week5,Long Branch,Week4,223.0 Long Branch - 178.0 Parklawn
Parklawn,Week5,Long Branch,Week3,212.0 Parklawn - 189.0 Long Branch
Overlee,Week5,Highland Park,Week1,340.0 Overlee - 62.0 Highland Park
Parklawn,Week1,Orange Hunt,Week5,304.0 Orange Hunt - 88.0 Parklawn
Overlee,Week3,Woodley,Week4,372.0 Overlee - 30.0 Woodley
Parklawn,Week2,Annandale,Week2,206.0 Parklawn - 195.0 Annandale
Parklawn,Week1,Highlands Swim,Week4,322.0 Highlands Swim - 71.0 Parklawn
Overlee,Week2,Highland Park,Week5,326.0 Overlee - 76.0 Highland Park
Parklawn,Week4,Oakton ,Week5,322.0 Oakton - 79.0 Parklawn
Parklawn,Week1,Annandale,Week2,223.0 Annandale - 170.0 Parklawn
Parklawn,Week2,Annandale,Week1,214.0 Parklawn - 187.0 Annandale
Overlee,Week2,Donaldson Run,Week4,257.0 Overlee - 145.0 Donaldson Run
Parklawn,Week4,Oakton ,Week3,306.0 Oakton - 96.0 Parklawn
Parklawn,Week5,Old Keene Mill,Week3,204.0 Old Keene Mill - 198.0 Parklawn
Overlee,Week3,Donaldson Run,Week2,242.0 Overlee - 160.0 Donaldson Run
Parklawn,Week4,Highland Park,Week4,263.0 Highland Park - 139.0 Parklawn
Parklawn,Week2,Long Branch,Week2,203.0 Long Branch - 195.0 Parklawn
Overlee,Week2,Donaldson Run,Week1,289.0 Overlee - 113.0 Donaldson Run
Overlee,Week2,Woodley,Week5,374.0 Overlee - 28.0 Woodley
Parklawn,Week5,Oakton ,Week1,313.0 Oakton - 88.0 Parklawn
Parklawn,Week1,Highlands Swim,Week1,334.0 Highlands Swim - 59.0 Parklawn
Parklawn,Week4,Long Branch,Week1,208.0 Long Branch - 186.0 Parklawn
Parklawn,Week3,Highlands Swim,Week2,340.0 Highlands Swim - 62.0 Parklawn
Overlee,Week3,Donaldson Run,Week5,249.0 Overlee - 153.0 Donaldson Run
Overlee,Week5,Highland Park,Week4,356.0 Overlee - 46.0 Highland Park
Overlee,Week4,Highland Park,Week2,375.0 Overlee - 27.0 Highland Park
Parklawn,Week4,Long Branch,Week5,218.5 Long Branch - 179.5 Parklawn
Overlee,Week4,Woodley,Week2,397.0 Overlee - 5.0 Woodley
Parklawn,Week4,Oakton ,Week4,311.0 Oakton - 90.0 Parklawn
Parklawn,Week2,Annandale,Week3,217.0 Parklawn - 185.0 Annandale
Parklawn,Week5,Long Branch,Week5,220.0 Long Branch - 178.0 Parklawn
Overlee,Week4,Donaldson Run,Week3,314.0 Overlee - 88.0 Donaldson Run
Parklawn,Week2,Old Keene Mill,Week5,222.0 Old Keene Mill - 180.0 Parklawn
Overlee,Week2,Highland Park,Week3,339.0 Overlee - 63.0 Highland Park
Overlee,Week4,Donaldson Run,Week1,328.0 Overlee - 74.0 Donaldson Run
Overlee,Week3,Woodley,Week2,374.0 Overlee - 28.0 Woodley
Parklawn,Week3,Long Branch,Week5,245.0 Long Branch - 153.0 Parklawn
Overlee,Week1,Highlands Swim,Week1,213.0 Overlee - 189.0 Highlands Swim
Parklawn,Week5,Old Keene Mill,Week2,207.0 Parklawn - 195.0 Old Keene Mill
Overlee,Week2,Highland Park,Week2,341.0 Overlee - 61.0 Highland Park
Overlee,Week3,Woodley,Week1,371.5 Overlee - 30.5 Woodley
Parklawn,Week4,Highland Park,Week5,254.0 Highland Park - 147.0 Parklawn
Parklawn,Week3,Highlands Swim,Week1,338.0 Highlands Swim - 64.0 Parklawn
Parklawn,Week3,Long Branch,Week3,206.0 Long Branch - 195.0 Parklawn
Parklawn,Week4,Highland Park,Week2,260.0 Highland Park - 142.0 Parklawn
Parklawn,Week3,Highland Park,Week2,288.0 Highland Park - 114.0 Parklawn
Parklawn,Week1,Old Keene Mill,Week2,239.0 Old Keene Mill - 153.0 Parklawn
Overlee,Week4,Donaldson Run,Week2,320.0 Overlee - 82.0 Donaldson Run
Overlee,Week1,Highlands Swim,Week3,230.0 Overlee - 172.0 Highlands Swim
Parklawn,Week4,Long Branch,Week2,213.0 Long Branch - 184.0 Parklawn
Parklawn,Week3,Old Keene Mill,Week2,221.0 Old Keene Mill - 181.0 Parklawn
Overlee,Week4,Donaldson Run,Week4,311.5 Overlee - 90.5 Donaldson Run
Overlee,Week5,Donaldson Run,Week2,309.0 Overlee - 93.0 Donaldson Run
Overlee,Week2,Highlands Swim,Week1,247.0 Overlee - 155.0 Highlands Swim
Parklawn,Week1,Hollin Meadows,Week2,268.0 Hollin Meadows - 120.0 Parklawn
Parklawn,Week2,Long Branch,Week1,203.0 Long Branch - 194.0 Parklawn
Parklawn,Week4,Bren Mar-Edsall Park,Week2,307.0 Parklawn - 91.0 Bren Mar-Edsall Park
Parklawn,Week2,Long Branch,Week5,226.0 Long Branch - 172.0 Parklawn
Orange Hunt,Week3,Ravensworth Farm,Week1,207.0 Orange Hunt - 195.0 Ravensworth Farm
Parklawn,Week1,Highland Park,Week3,282.0 Highland Park - 111.0 Parklawn
Overlee,Week5,Donaldson Run,Week3,315.0 Overlee - 87.0 Donaldson Run
Parklawn,Week4,Long Branch,Week3,211.0 Parklawn - 190.0 Long Branch
Parklawn,Week4,Highlands Swim,Week1,326.0 Highlands Swim - 76.0 Parklawn
Overlee,Week4,Highland Park,Week1,356.0 Overlee - 46.0 Highland Park
Parklawn,Week3,Bren Mar-Edsall Park,Week3,281.0 Parklawn - 120.0 Bren Mar-Edsall Park
Overlee,Week3,Highland Park,Week5,310.0 Overlee - 92.0 Highland Park
Parklawn,Week2,Bren Mar-Edsall Park,Week1,318.0 Parklawn - 79.0 Bren Mar-Edsall Park
Parklawn,Week1,Long Branch,Week5,245.0 Long Branch - 148.0 Parklawn
Overlee,Week1,Donaldson Run,Week5,245.5 Overlee - 156.5 Donaldson Run
Overlee,Week3,Highland Park,Week1,318.0 Overlee - 84.0 Highland Park
Overlee,Week5,Highland Park,Week5,342.0 Overlee - 60.0 Highland Park
Overlee,Week3,Donaldson Run,Week3,260.0 Overlee - 142.0 Donaldson Run
Overlee,Week3,Woodley,Week5,368.0 Overlee - 34.0 Woodley
Overlee,Week5,Donaldson Run,Week4,305.0 Overlee - 97.0 Donaldson Run
Parklawn,Week2,Highlands Swim,Week2,328.0 Highlands Swim - 74.0 Parklawn
Parklawn,Week2,Highlands Swim,Week3,312.0 Highlands Swim - 90.0 Parklawn
Orange Hunt,Week5,Ravensworth Farm,Week1,228.0 Orange Hunt - 174.0 Ravensworth Farm
Overlee,Week5,Donaldson Run,Week1,311.0 Overlee - 91.0 Donaldson Run
Parklawn,Week1,Old Keene Mill,Week5,240.0 Old Keene Mill - 153.0 Parklawn
Overlee,Week5,Highland Park,Week3,362.0 Overlee - 40.0 Highland Park
Parklawn,Week3,Long Branch,Week2,229.0 Long Branch - 169.0 Parklawn
Overlee,Week4,Donaldson Run,Week5,291.0 Overlee - 111.0 Donaldson Run
Parklawn,Week1,Highland Park,Week4,293.0 Highland Park - 100.0 Parklawn
Overlee,Week5,Highland Park,Week2,365.0 Overlee - 37.0 Highland Park
Parklawn,Week5,Oakton ,Week3,307.0 Oakton - 90.0 Parklawn
Parklawn,Week5,Oakton ,Week4,320.0 Oakton - 81.0 Parklawn
Parklawn,Week4,Bren Mar-Edsall Park,Week5,303.0 Parklawn - 92.0 Bren Mar-Edsall Park
Parklawn,Week2,Old Keene Mill,Week2,211.0 Old Keene Mill - 191.0 Parklawn
Orange Hunt,Week2,Ravensworth Farm,Week5,225.0 Ravensworth Farm - 177.0 Orange Hunt
Parklawn,Week2,Old Keene Mill,Week4,205.0 Old Keene Mill - 196.0 Parklawn
Parklawn,Week5,Oakton ,Week5,325.0 Oakton - 77.0 Parklawn
Parklawn,Week1,Highland Park,Week2,287.0 Highland Park - 106.0 Parklawn
Parklawn,Week3,Long Branch,Week4,227.0 Long Branch - 174.0 Parklawn
Parklawn,Week4,Highland Park,Week1,267.5 Highland Park - 133.5 Parklawn
Overlee,Week4,Woodley,Week5,389.0 Overlee - 13.0 Woodley
Orange Hunt,Week3,Ravensworth Farm,Week2,220.0 Orange Hunt - 182.0 Ravensworth Farm
Orange Hunt,Week1,Ravensworth Farm,Week5,238.0 Ravensworth Farm - 164.0 Orange Hunt
Parklawn,Week2,Old Keene Mill,Week3,215.0 Old Keene Mill - 187.0 Parklawn
Parklawn,Week3,Hollin Hills,Week4,232.0 Parklawn - 164.0 Hollin Hills
Parklawn,Week1,Hollin Meadows,Week5,293.0 Hollin Meadows - 100.0 Parklawn
Parklawn,Week5,Brandywine,Week5,272.0 Brandywine - 129.0 Parklawn
Overlee,Week3,Highlands Swim,Week3,232.5 Overlee - 169.5 Highlands Swim
Parklawn,Week1,Bren Mar-Edsall Park,Week1,272.0 Parklawn - 121.0 Bren Mar-Edsall Park
Overlee,Week2,Donaldson Run,Week5,248.0 Overlee - 154.0 Donaldson Run
Overlee,Week2,Highlands Swim,Week3,238.0 Overlee - 164.0 Highlands Swim
Overlee,Week2,Highlands Swim,Week5,217.0 Overlee - 185.0 Highlands Swim
Orange Hunt,Week2,Ravensworth Farm,Week1,203.0 Ravensworth Farm - 199.0 Orange Hunt
Parklawn,Week2,Highland Park,Week4,272.0 Highland Park - 130.0 Parklawn
Parklawn,Week2,Old Keene Mill,Week1,203.0 Parklawn - 197.0 Old Keene Mill
Parklawn,Week3,Hollin Meadows,Week1,282.0 Hollin Meadows - 119.0 Parklawn
Parklawn,Week1,Highland Park,Week5,293.0 Highland Park - 100.0 Parklawn
Orange Hunt,Week2,Ravensworth Farm,Week4,209.0 Ravensworth Farm - 193.0 Orange Hunt
Parklawn,Week5,Bren Mar-Edsall Park,Week3,298.0 Parklawn - 97.0 Bren Mar-Edsall Park
Overlee,Week1,Donaldson Run,Week4,244.0 Overlee - 158.0 Donaldson Run
Overlee,Week5,Donaldson Run,Week5,284.0 Overlee - 118.0 Donaldson Run
Parklawn,Week1,Old Keene Mill,Week3,243.0 Old Keene Mill - 150.0 Parklawn
Parklawn,Week3,Highland Park,Week4,297.0 Highland Park - 105.0 Parklawn
Orange Hunt,Week4,Ravensworth Farm,Week5,224.0 Ravensworth Farm - 178.0 Orange Hunt
Parklawn,Week2,Highland Park,Week1,278.5 Highland Park - 122.5 Parklawn
Overlee,Week1,Hollin Hills,Week2,378.5 Overlee - 23.5 Hollin Hills
Parklawn,Week3,Hollin Meadows,Week3,285.0 Hollin Meadows - 116.0 Parklawn
Overlee,Week4,Hollin Hills,Week1,396.0 Overlee - 6.0 Hollin Hills
Parklawn,Week4,Old Keene Mill,Week3,201.0 Old Keene Mill - 200.0 Parklawn
Orange Hunt,Week1,Ravensworth Farm,Week3,220.0 Ravensworth Farm - 182.0 Orange Hunt
Parklawn,Week4,Old Keene Mill,Week4,211.0 Parklawn - 190.0 Old Keene Mill
Parklawn,Week3,Highland Park,Week3,281.0 Highland Park - 120.0 Parklawn
Parklawn,Week4,Hollin Meadows,Week2,235.0 Hollin Meadows - 167.0 Parklawn
Parklawn,Week5,Bren Mar-Edsall Park,Week1,310.0 Parklawn - 87.0 Bren Mar-Edsall Park
Orange Hunt,Week4,Ravensworth Farm,Week1,204.5 Orange Hunt - 197.5 Ravensworth Farm
Parklawn,Week1,Brookfield ,Week5,279.0 Brookfield - 114.0 Parklawn
Parklawn,Week2,Highland Park,Week5,281.0 Highland Park - 120.0 Parklawn
Overlee,Week2,Donaldson Run,Week2,265.0 Overlee - 137.0 Donaldson Run
Parklawn,Week3,Old Keene Mill,Week4,209.0 Old Keene Mill - 193.0 Parklawn
Parklawn,Week4,Highland Park,Week3,256.0 Highland Park - 145.0 Parklawn
Parklawn,Week2,Bren Mar-Edsall Park,Week5,300.0 Parklawn - 101.0 Bren Mar-Edsall Park
Parklawn,Week1,Bren Mar-Edsall Park,Week2,283.0 Parklawn - 109.0 Bren Mar-Edsall Park
Parklawn,Week4,Hollin Meadows,Week4,256.0 Hollin Meadows - 146.0 Parklawn
Orange Hunt,Week1,Ravensworth Farm,Week4,225.0 Ravensworth Farm - 177.0 Orange Hunt
Parklawn,Week1,Orange Hunt,Week1,293.0 Orange Hunt - 100.0 Parklawn
Overlee,Week3,Hollin Hills,Week4,388.0 Overlee - 14.0 Hollin Hills
Parklawn,Week3,Hollin Meadows,Week5,285.0 Hollin Meadows - 117.0 Parklawn
Overlee,Week2,Hollin Hills,Week1,386.0 Overlee - 16.0 Hollin Hills
Orange Hunt,Week3,Ravensworth Farm,Week3,205.0 Orange Hunt - 197.0 Ravensworth Farm
Overlee,Week4,Highlands Swim,Week5,272.0 Overlee - 130.0 Highlands Swim
Overlee,Week3,Highlands Swim,Week5,210.0 Overlee - 192.0 Highlands Swim
Parklawn,Week5,Highland Park,Week4,270.0 Highland Park - 132.0 Parklawn
Orange Hunt,Week5,Poplar Tree,Week3,201.0 Orange Hunt - 201.0 Poplar Tree
Parklawn,Week5,Brandywine,Week4,251.0 Brandywine - 151.0 Parklawn
Parklawn,Week5,Old Keene Mill,Week4,210.0 Parklawn - 192.0 Old Keene Mill
Parklawn,Week2,Highlands Swim,Week4,305.0 Highlands Swim - 97.0 Parklawn
Orange Hunt,Week4,Ravensworth Farm,Week3,212.0 Ravensworth Farm - 190.0 Orange Hunt
Parklawn,Week1,Highlands Swim,Week2,334.0 Highlands Swim - 59.0 Parklawn
Parklawn,Week2,Highlands Swim,Week5,316.0 Highlands Swim - 86.0 Parklawn
Parklawn,Week1,Hollin Meadows,Week1,282.5 Hollin Meadows - 109.5 Parklawn
Parklawn,Week3,Bren Mar-Edsall Park,Week5,286.0 Parklawn - 115.0 Bren Mar-Edsall Park
Orange Hunt,Week5,Poplar Tree,Week4,214.0 Orange Hunt - 188.0 Poplar Tree
Parklawn,Week4,Hollin Hills,Week1,253.0 Parklawn - 140.0 Hollin Hills
Parklawn,Week4,Hollin Hills,Week5,247.0 Parklawn - 150.0 Hollin Hills
Parklawn,Week5,Hollin Meadows,Week1,259.0 Hollin Meadows - 142.0 Parklawn
Parklawn,Week3,Bren Mar-Edsall Park,Week2,301.0 Parklawn - 97.0 Bren Mar-Edsall Park
Parklawn,Week4,Hollin Hills,Week2,245.0 Parklawn - 147.0 Hollin Hills
Overlee,Week5,Highlands Swim,Week1,280.0 Overlee - 122.0 Highlands Swim
Overlee,Week2,Hollin Hills,Week5,392.0 Overlee - 10.0 Hollin Hills
Parklawn,Week1,Orange Hunt,Week4,286.0 Orange Hunt - 107.0 Parklawn
Parklawn,Week5,Highland Park,Week1,269.0 Highland Park - 132.0 Parklawn
Orange Hunt,Week1,Ravensworth Farm,Week1,211.0 Ravensworth Farm - 191.0 Orange Hunt
Parklawn,Week5,Old Keene Mill,Week5,200.0 Old Keene Mill - 197.0 Parklawn
Orange Hunt,Week4,Ravensworth Farm,Week2,221.0 Orange Hunt - 181.0 Ravensworth Farm
Overlee,Week4,Highlands Swim,Week3,285.0 Overlee - 117.0 Highlands Swim
Orange Hunt,Week2,Ravensworth Farm,Week2,210.0 Orange Hunt - 192.0 Ravensworth Farm
Parklawn,Week4,Old Keene Mill,Week5,212.0 Old Keene Mill - 185.0 Parklawn
Parklawn,Week5,Hollin Meadows,Week3,259.0 Hollin Meadows - 142.0 Parklawn
Overlee,Week5,Highlands Swim,Week2,271.0 Overlee - 131.0 Highlands Swim
Overlee,Week5,Highlands Swim,Week4,274.0 Overlee - 128.0 Highlands Swim
Parklawn,Week2,Bren Mar-Edsall Park,Week4,304.0 Parklawn - 97.0 Bren Mar-Edsall Park
Parklawn,Week5,Old Keene Mill,Week1,216.0 Parklawn - 185.0 Old Keene Mill
Parklawn,Week1,Orange Hunt,Week2,295.0 Orange Hunt - 98.0 Parklawn
Parklawn,Week1,Highlands Swim,Week3,329.0 Highlands Swim - 64.0 Parklawn
Parklawn,Week5,Hollin Hills,Week1,257.0 Parklawn - 143.0 Hollin Hills
Orange Hunt,Week5,Ravensworth Farm,Week2,236.0 Orange Hunt - 165.0 Ravensworth Farm
Parklawn,Week4,Hollin Hills,Week4,249.0 Parklawn - 140.0 Hollin Hills
Parklawn,Week3,Brookfield ,Week2,259.0 Brookfield - 142.0 Parklawn
Parklawn,Week2,Bren Mar-Edsall Park,Week2,322.0 Parklawn - 76.0 Bren Mar-Edsall Park
Parklawn,Week5,Highland Park,Week5,268.0 Highland Park - 133.0 Parklawn
Parklawn,Week5,Highland Park,Week2,260.0 Highland Park - 142.0 Parklawn
Parklawn,Week1,Orange Hunt,Week3,304.0 Orange Hunt - 89.0 Parklawn
Parklawn,Week1,Brookfield ,Week4,291.0 Brookfield - 102.0 Parklawn
Overlee,Week1,Hollin Hills,Week3,379.0 Overlee - 23.0 Hollin Hills
Parklawn,Week5,Bren Mar-Edsall Park,Week5,300.0 Parklawn - 90.0 Bren Mar-Edsall Park
Parklawn,Week3,Orange Hunt,Week3,299.0 Orange Hunt - 102.0 Parklawn
Parklawn,Week2,Orange Hunt,Week4,269.0 Orange Hunt - 132.0 Parklawn
Overlee,Week4,Highlands Swim,Week1,304.0 Overlee - 98.0 Highlands Swim
Orange Hunt,Week3,Ravensworth Farm,Week5,221.0 Ravensworth Farm - 181.0 Orange Hunt
Parklawn,Week5,Hollin Meadows,Week5,265.0 Hollin Meadows - 137.0 Parklawn
Parklawn,Week2,Highlands Swim,Week1,322.0 Highlands Swim - 80.0 Parklawn
Parklawn,Week5,Bren Mar-Edsall Park,Week4,294.0 Parklawn - 103.0 Bren Mar-Edsall Park
Parklawn,Week4,Bren Mar-Edsall Park,Week3,298.0 Parklawn - 103.0 Bren Mar-Edsall Park
Overlee,Week4,Hollin Hills,Week3,397.0 Overlee - 5.0 Hollin Hills
Parklawn,Week1,Bren Mar-Edsall Park,Week5,270.0 Parklawn - 122.0 Bren Mar-Edsall Park
Orange Hunt,Week4,Ravensworth Farm,Week4,211.0 Ravensworth Farm - 191.0 Orange Hunt
Orange Hunt,Week3,Ravensworth Farm,Week4,203.0 Ravensworth Farm - 199.0 Orange Hunt
Parklawn,Week4,Orange Hunt,Week1,266.0 Orange Hunt - 135.0 Parklawn
Parklawn,Week3,Bren Mar-Edsall Park,Week1,313.0 Parklawn - 84.0 Bren Mar-Edsall Park
Orange Hunt,Week5,Poplar Tree,Week2,215.0 Orange Hunt - 187.0 Poplar Tree
Parklawn,Week4,Orange Hunt,Week5,292.0 Orange Hunt - 106.0 Parklawn
Parklawn,Week1,Hollin Meadows,Week3,286.0 Hollin Meadows - 107.0 Parklawn
Overlee,Week3,Hollin Hills,Week1,391.0 Overlee - 11.0 Hollin Hills
Overlee,Week5,Highlands Swim,Week3,274.0 Overlee - 128.0 Highlands Swim
Orange Hunt,Week2,Ravensworth Farm,Week3,211.0 Ravensworth Farm - 191.0 Orange Hunt
Parklawn,Week5,Hollin Hills,Week5,241.0 Parklawn - 159.0 Hollin Hills
Parklawn,Week2,Hollin Meadows,Week1,276.0 Hollin Meadows - 124.0 Parklawn
Parklawn,Week4,Bren Mar-Edsall Park,Week1,313.0 Parklawn - 85.0 Bren Mar-Edsall Park
Parklawn,Week3,Highlands Swim,Week4,321.0 Highlands Swim - 81.0 Parklawn
Parklawn,Week3,Orange Hunt,Week5,312.0 Orange Hunt - 90.0 Parklawn
Parklawn,Week1,Highlands Swim,Week5,331.0 Highlands Swim - 57.0 Parklawn
Parklawn,Week4,Orange Hunt,Week4,259.0 Orange Hunt - 141.0 Parklawn
Parklawn,Week3,Highlands Swim,Week3,329.0 Highlands Swim - 73.0 Parklawn
Overlee,Week1,Hollin Hills,Week4,386.5 Overlee - 15.5 Hollin Hills
Parklawn,Week5,Hollin Hills,Week4,243.0 Parklawn - 149.0 Hollin Hills
Orange Hunt,Week5,Poplar Tree,Week5,214.0 Poplar Tree - 188.0 Orange Hunt
Parklawn,Week2,Hollin Meadows,Week4,270.0 Hollin Meadows - 132.0 Parklawn
Overlee,Week4,Highlands Swim,Week4,287.0 Overlee - 115.0 Highlands Swim
Parklawn,Week5,Highlands Swim,Week3,312.0 Highlands Swim - 90.0 Parklawn
Parklawn,Week5,Highlands Swim,Week4,306.0 Highlands Swim - 96.0 Parklawn
Overlee,Week5,Highlands Swim,Week5,265.0 Overlee - 137.0 Highlands Swim
Parklawn,Week5,Orange Hunt,Week1,260.0 Orange Hunt - 141.0 Parklawn
Parklawn,Week5,Highlands Swim,Week2,330.0 Highlands Swim - 72.0 Parklawn
Parklawn,Week3,Highlands Swim,Week5,330.0 Highlands Swim - 72.0 Parklawn
Overlee,Week4,Highlands Swim,Week2,280.0 Overlee - 122.0 Highlands Swim
Parklawn,Week3,Hollin Hills,Week5,229.0 Parklawn - 172.0 Hollin Hills
Overlee,Week1,Hollin Hills,Week5,373.0 Overlee - 29.0 Hollin Hills
Orange Hunt,Week1,Ravensworth Farm,Week2,206.0 Orange Hunt - 196.0 Ravensworth Farm
Parklawn,Week5,Brandywine,Week3,246.0 Brandywine - 151.0 Parklawn
Parklawn,Week5,Orange Hunt,Week5,284.0 Orange Hunt - 118.0 Parklawn
Parklawn,Week4,Highlands Swim,Week2,331.0 Highlands Swim - 71.0 Parklawn
Parklawn,Week5,Hollin Hills,Week3,251.0 Parklawn - 149.0 Hollin Hills
Parklawn,Week2,Hollin Meadows,Week3,267.0 Hollin Meadows - 134.0 Parklawn
Parklawn,Week1,Bren Mar-Edsall Park,Week4,258.0 Parklawn - 134.0 Bren Mar-Edsall Park
Parklawn,Week2,Bren Mar-Edsall Park,Week3,299.0 Parklawn - 102.0 Bren Mar-Edsall Park
Parklawn,Week2,Orange Hunt,Week5,292.0 Orange Hunt - 109.0 Parklawn
Parklawn,Week1,Bren Mar-Edsall Park,Week3,258.0 Parklawn - 135.0 Bren Mar-Edsall Park
Parklawn,Week2,Orange Hunt,Week2,282.0 Orange Hunt - 119.0 Parklawn
Parklawn,Week1,Brookfield ,Week1,297.0 Brookfield - 96.0 Parklawn
Parklawn,Week1,Overlee,Week1,362.0 Overlee - 31.0 Parklawn
Overlee,Week5,Fox Mill Woods,Week2,341.5 Overlee - 60.5 Fox Mill Woods
Parklawn,Week1,Hollin Hills,Week1,223.0 Parklawn - 161.0 Hollin Hills
Parklawn,Week3,Bren Mar-Edsall Park,Week4,291.0 Parklawn - 110.0 Bren Mar-Edsall Park
Parklawn,Week3,Hollin Hills,Week2,244.0 Parklawn - 156.0 Hollin Hills
Orange Hunt,Week1,Springfield,Week4,361.0 Orange Hunt - 41.0 Springfield
Parklawn,Week2,Hollin Hills,Week1,263.0 Parklawn - 135.0 Hollin Hills
Overlee,Week3,Hollin Hills,Week3,388.0 Overlee - 14.0 Hollin Hills
Parklawn,Week2,Overlee,Week1,358.0 Overlee - 44.0 Parklawn
Parklawn,Week2,Brookfield ,Week1,278.0 Brookfield - 124.0 Parklawn
Parklawn,Week5,Orange Hunt,Week2,261.5 Orange Hunt - 139.5 Parklawn
Overlee,Week5,Fox Mill Estates,Week5,352.0 Overlee - 50.0 Fox Mill Estates
Parklawn,Week2,Hollin Meadows,Week2,251.0 Hollin Meadows - 151.0 Parklawn
Orange Hunt,Week1,Springfield,Week2,374.0 Orange Hunt - 27.0 Springfield
Overlee,Week1,Fox Mill Woods,Week1,279.0 Overlee - 123.0 Fox Mill Woods
Overlee,Week3,Hollin Hills,Week2,391.0 Overlee - 11.0 Hollin Hills
Parklawn,Week1,Brookfield ,Week2,267.5 Brookfield - 125.5 Parklawn
Parklawn,Week1,Brookfield ,Week3,276.0 Brookfield - 116.0 Parklawn
Parklawn,Week4,Highlands Swim,Week5,315.0 Highlands Swim - 87.0 Parklawn
Overlee,Week1,Fox Mill Woods,Week2,297.0 Overlee - 105.0 Fox Mill Woods
Parklawn,Week5,Hollin Hills,Week2,250.0 Parklawn - 146.0 Hollin Hills
Parklawn,Week1,Hollin Meadows,Week4,281.0 Hollin Meadows - 112.0 Parklawn
Parklawn,Week1,Hollin Hills,Week3,205.0 Parklawn - 187.0 Hollin Hills
Parklawn,Week3,Hollin Meadows,Week2,263.0 Hollin Meadows - 139.0 Parklawn
Parklawn,Week2,Hollin Meadows,Week5,275.0 Hollin Meadows - 127.0 Parklawn
Parklawn,Week5,Orange Hunt,Week3,270.0 Orange Hunt - 131.0 Parklawn
Parklawn,Week2,Orange Hunt,Week1,289.0 Orange Hunt - 112.0 Parklawn
Overlee,Week2,Hollin Hills,Week3,385.0 Overlee - 17.0 Hollin Hills
Overlee,Week2,Hollin Hills,Week2,384.0 Overlee - 18.0 Hollin Hills
Overlee,Week3,Fox Mill Woods,Week2,297.0 Overlee - 105.0 Fox Mill Woods
Parklawn,Week5,Bren Mar-Edsall Park,Week2,314.0 Parklawn - 80.0 Bren Mar-Edsall Park
Overlee,Week2,Hollin Hills,Week4,392.0 Overlee - 10.0 Hollin Hills
Parklawn,Week4,Hollin Hills,Week3,249.0 Parklawn - 148.0 Hollin Hills
Parklawn,Week2,Hollin Hills,Week4,248.0 Parklawn - 146.0 Hollin Hills
Parklawn,Week1,Hollin Hills,Week2,202.0 Parklawn - 185.0 Hollin Hills
Overlee,Week4,Fox Mill Estates,Week5,359.0 Overlee - 43.0 Fox Mill Estates
Overlee,Week5,Fox Mill Estates,Week4,343.0 Overlee - 59.0 Fox Mill Estates
Parklawn,Week4,Bren Mar-Edsall Park,Week4,297.0 Parklawn - 104.0 Bren Mar-Edsall Park
Parklawn,Week1,Overlee,Week4,379.0 Overlee - 14.0 Parklawn
Orange Hunt,Week4,Springboard,Week5,273.0 Orange Hunt - 128.0 Springboard
Overlee,Week3,Hollin Hills,Week5,386.0 Overlee - 16.0 Hollin Hills
Orange Hunt,Week3,Springboard,Week3,283.5 Orange Hunt - 117.5 Springboard
Parklawn,Week5,Orange Hunt,Week4,256.0 Orange Hunt - 145.0 Parklawn
Overlee,Week1,Hollin Hills,Week1,378.0 Overlee - 24.0 Hollin Hills
Parklawn,Week1,Overlee,Week3,362.0 Overlee - 31.0 Parklawn
Overlee,Week1,Hollin Meadows,Week4,318.0 Overlee - 84.0 Hollin Meadows
Parklawn,Week2,Brookfield ,Week2,251.0 Brookfield - 150.0 Parklawn
Parklawn,Week1,Overlee,Week5,378.0 Overlee - 15.0 Parklawn
Parklawn,Week5,Highlands Swim,Week5,315.0 Highlands Swim - 87.0 Parklawn
Overlee,Week5,Fox Mill Estates,Week2,359.0 Overlee - 43.0 Fox Mill Estates
Parklawn,Week1,Overlee,Week2,362.0 Overlee - 31.0 Parklawn
Parklawn,Week2,Brookfield ,Week4,268.0 Brookfield - 134.0 Parklawn
Parklawn,Week1,Hollin Hills,Week5,197.0 Parklawn - 193.0 Hollin Hills
Orange Hunt,Week5,Springboard,Week5,303.0 Orange Hunt - 99.0 Springboard
Overlee,Week4,Fox Mill Estates,Week3,360.0 Overlee - 42.0 Fox Mill Estates
Parklawn,Week3,Orange Hunt,Week4,281.0 Orange Hunt - 120.0 Parklawn
Orange Hunt,Week3,Springfield,Week5,371.0 Orange Hunt - 29.0 Springfield
Overlee,Week5,Fox Mill Woods,Week4,337.0 Overlee - 65.0 Fox Mill Woods
Overlee,Week3,Fox Mill Woods,Week1,277.0 Overlee - 125.0 Fox Mill Woods
Orange Hunt,Week5,Springboard,Week4,301.0 Orange Hunt - 100.0 Springboard
Parklawn,Week4,Hollin Meadows,Week3,260.0 Hollin Meadows - 141.0 Parklawn
Parklawn,Week4,Highlands Swim,Week3,308.0 Highlands Swim - 93.0 Parklawn
Parklawn,Week2,Brookfield ,Week3,257.0 Brookfield - 140.0 Parklawn
Parklawn,Week4,Highlands Swim,Week4,304.0 Highlands Swim - 98.0 Parklawn
Overlee,Week4,Hollin Hills,Week2,393.0 Overlee - 9.0 Hollin Hills
Parklawn,Week4,Hollin Meadows,Week1,258.0 Hollin Meadows - 139.0 Parklawn
Overlee,Week2,Hollin Meadows,Week3,328.0 Overlee - 74.0 Hollin Meadows
Orange Hunt,Week4,Springfield,Week3,360.0 Orange Hunt - 34.0 Springfield
Overlee,Week4,Hollin Hills,Week4,398.0 Overlee - 4.0 Hollin Hills
Orange Hunt,Week2,Springfield,Week1,364.0 Orange Hunt - 37.0 Springfield
Parklawn,Week4,Hollin Meadows,Week5,267.0 Hollin Meadows - 135.0 Parklawn
Parklawn,Week2,Brookfield ,Week5,259.0 Brookfield - 143.0 Parklawn
Parklawn,Week3,Hollin Meadows,Week4,276.0 Hollin Meadows - 126.0 Parklawn
Parklawn,Week5,Hollin Meadows,Week2,223.0 Hollin Meadows - 179.0 Parklawn
Parklawn,Week2,Hollin Hills,Week3,258.0 Parklawn - 142.0 Hollin Hills
Orange Hunt,Week4,Poplar Tree,Week4,206.0 Poplar Tree - 196.0 Orange Hunt
Parklawn,Week3,Hollin Hills,Week1,250.0 Parklawn - 151.0 Hollin Hills
Parklawn,Week4,Brookfield ,Week1,254.0 Brookfield - 148.0 Parklawn
Parklawn,Week5,Brookfield ,Week1,253.0 Brookfield - 149.0 Parklawn
Orange Hunt,Week5,Springfield,Week1,371.0 Orange Hunt - 27.0 Springfield
Parklawn,Week5,Hollin Meadows,Week4,251.0 Hollin Meadows - 151.0 Parklawn
Overlee,Week3,Fox Mill Woods,Week5,264.0 Overlee - 138.0 Fox Mill Woods
Parklawn,Week4,Holmes Run Acres,Week3,267.0 Holmes Run Acres - 134.0 Parklawn
Parklawn,Week3,Orange Hunt,Week1,288.0 Orange Hunt - 113.0 Parklawn
Overlee,Week1,Fox Mill Woods,Week4,279.0 Overlee - 123.0 Fox Mill Woods
Parklawn,Week2,Hollin Hills,Week2,258.0 Parklawn - 139.0 Hollin Hills
Parklawn,Week3,Orange Hunt,Week2,292.0 Orange Hunt - 109.0 Parklawn
Orange Hunt,Week1,Springfield,Week5,377.0 Orange Hunt - 24.0 Springfield
Orange Hunt,Week4,Springfield,Week2,366.0 Orange Hunt - 33.0 Springfield
Parklawn,Week3,Holmes Run Acres,Week4,271.0 Holmes Run Acres - 130.0 Parklawn
Parklawn,Week4,Orange Hunt,Week2,263.0 Orange Hunt - 137.0 Parklawn
Parklawn,Week3,Brookfield ,Week1,280.0 Brookfield - 122.0 Parklawn
Overlee,Week2,Fox Mill Woods,Week4,308.0 Overlee - 94.0 Fox Mill Woods
Overlee,Week3,Hollin Meadows,Week3,312.0 Overlee - 90.0 Hollin Meadows
Overlee,Week3,Hollin Meadows,Week1,294.5 Overlee - 107.5 Hollin Meadows
Overlee,Week2,Fox Mill Woods,Week5,285.0 Overlee - 117.0 Fox Mill Woods
Parklawn,Week5,Brookfield ,Week5,246.0 Brookfield - 151.0 Parklawn
Overlee,Week5,Hollin Hills,Week1,391.0 Overlee - 11.0 Hollin Hills
Parklawn,Week2,Orange Hunt,Week3,290.0 Orange Hunt - 111.0 Parklawn
Orange Hunt,Week4,Poplar Tree,Week5,237.0 Poplar Tree - 165.0 Orange Hunt
Parklawn,Week3,Overlee,Week3,366.0 Overlee - 36.0 Parklawn
Parklawn,Week2,Broyhill Crest,Week1,296.0 Parklawn - 104.0 Broyhill Crest
Parklawn,Week1,Holmes Run Acres,Week2,269.0 Holmes Run Acres - 124.0 Parklawn
Parklawn,Week5,Overlee,Week4,373.0 Overlee - 29.0 Parklawn
Overlee,Week5,Fox Mill Estates,Week3,359.0 Overlee - 43.0 Fox Mill Estates
Parklawn,Week2,Broyhill Crest,Week4,277.0 Parklawn - 124.0 Broyhill Crest
Parklawn,Week4,Orange Hunt,Week3,281.0 Orange Hunt - 119.0 Parklawn
Parklawn,Week5,Highlands Swim,Week1,326.0 Highlands Swim - 76.0 Parklawn
Orange Hunt,Week4,Springboard,Week3,280.0 Orange Hunt - 121.0 Springboard
Overlee,Week2,Fox Mill Woods,Week3,311.0 Overlee - 91.0 Fox Mill Woods
Overlee,Week1,Hollin Meadows,Week2,310.5 Overlee - 91.5 Hollin Meadows
Orange Hunt,Week5,Springfield,Week5,373.0 Orange Hunt - 26.0 Springfield
Orange Hunt,Week2,Springfield,Week4,356.0 Orange Hunt - 45.0 Springfield
Parklawn,Week3,Holmes Run Acres,Week2,261.0 Holmes Run Acres - 141.0 Parklawn
Parklawn,Week2,Hollin Hills,Week5,248.0 Parklawn - 152.0 Hollin Hills
Parklawn,Week3,Hollin Hills,Week3,242.5 Parklawn - 158.5 Hollin Hills
Orange Hunt,Week3,Springboard,Week1,284.0 Orange Hunt - 117.0 Springboard
Parklawn,Week1,Broyhill Crest,Week4,249.0 Parklawn - 142.0 Broyhill Crest
Parklawn,Week2,Holmes Run Acres,Week4,249.0 Holmes Run Acres - 151.0 Parklawn
Overlee,Week4,Hollin Meadows,Week2,344.0 Overlee - 58.0 Hollin Meadows
Overlee,Week3,Hollin Meadows,Week5,314.0 Overlee - 88.0 Hollin Meadows
Overlee,Week4,Hollin Meadows,Week3,352.0 Overlee - 50.0 Hollin Meadows
Parklawn,Week2,Holmes Run Acres,Week5,275.0 Holmes Run Acres - 127.0 Parklawn
Overlee,Week4,Fox Mill Woods,Week3,338.0 Overlee - 64.0 Fox Mill Woods
Parklawn,Week3,Holmes Run Acres,Week3,299.0 Holmes Run Acres - 102.0 Parklawn
Overlee,Week1,Hollin Meadows,Week5,298.5 Overlee - 103.5 Hollin Meadows
Parklawn,Week4,Brookfield ,Week3,219.0 Brookfield - 179.0 Parklawn
Overlee,Week4,Fox Mill Woods,Week1,336.0 Overlee - 66.0 Fox Mill Woods
Parklawn,Week1,Hollin Hills,Week4,203.0 Parklawn - 184.0 Hollin Hills
Overlee,Week4,Fox Mill Estates,Week2,361.0 Overlee - 41.0 Fox Mill Estates
Parklawn,Week2,Fair Oaks ,Week4,277.5 Fair Oaks - 123.5 Parklawn
Overlee,Week5,Hollin Meadows,Week3,348.0 Overlee - 54.0 Hollin Meadows
Overlee,Week5,Hollin Hills,Week2,389.0 Overlee - 13.0 Hollin Hills
Overlee,Week3,Springboard,Week3,368.0 Overlee - 34.0 Springboard
Orange Hunt,Week2,Springfield,Week5,371.0 Orange Hunt - 30.0 Springfield
Parklawn,Week2,Overlee,Week5,380.0 Overlee - 22.0 Parklawn
Parklawn,Week1,Broyhill Crest,Week3,256.0 Parklawn - 136.0 Broyhill Crest
Overlee,Week3,Fox Mill Woods,Week3,293.0 Overlee - 109.0 Fox Mill Woods
Orange Hunt,Week4,Springboard,Week4,274.0 Orange Hunt - 128.0 Springboard
Parklawn,Week2,Overlee,Week2,360.0 Overlee - 42.0 Parklawn
Parklawn,Week3,Overlee,Week2,371.0 Overlee - 31.0 Parklawn
Parklawn,Week1,Hunt Valley,Week1,319.0 Hunt Valley - 69.0 Parklawn
Parklawn,Week3,Brookfield ,Week3,259.0 Brookfield - 139.0 Parklawn
Parklawn,Week5,Fair Oaks ,Week1,269.0 Fair Oaks - 133.0 Parklawn
Parklawn,Week1,Fairfax,Week5,344.0 Fairfax - 49.0 Parklawn
Overlee,Week4,Fox Mill Estates,Week1,367.0 Overlee - 35.0 Fox Mill Estates
Parklawn,Week1,Holmes Run Acres,Week5,305.0 Holmes Run Acres - 83.0 Parklawn
Overlee,Week2,Holmes Run Acres,Week3,324.0 Overlee - 78.0 Holmes Run Acres
Overlee,Week2,Springboard,Week5,373.0 Overlee - 29.0 Springboard
Overlee,Week4,Fox Mill Estates,Week4,342.0 Overlee - 60.0 Fox Mill Estates
Orange Hunt,Week4,Springboard,Week2,296.0 Orange Hunt - 100.0 Springboard
Orange Hunt,Week5,Springboard,Week3,294.0 Orange Hunt - 108.0 Springboard
Parklawn,Week4,Fair Oaks ,Week3,274.0 Fair Oaks - 127.0 Parklawn
Parklawn,Week4,Fair Oaks ,Week4,255.0 Fair Oaks - 146.0 Parklawn
Parklawn,Week1,Holmes Run Acres,Week3,306.0 Holmes Run Acres - 87.0 Parklawn
Parklawn,Week4,Overlee,Week3,355.0 Overlee - 47.0 Parklawn
Parklawn,Week4,Overlee,Week1,361.0 Overlee - 41.0 Parklawn
Overlee,Week3,Springboard,Week1,367.0 Overlee - 35.0 Springboard
Orange Hunt,Week5,Springboard,Week2,323.0 Orange Hunt - 78.0 Springboard
Parklawn,Week4,Brookfield ,Week4,252.5 Brookfield - 149.5 Parklawn
Parklawn,Week4,Holmes Run Acres,Week1,233.0 Holmes Run Acres - 167.0 Parklawn
Orange Hunt,Week5,Springboard,Week1,305.0 Orange Hunt - 97.0 Springboard
Overlee,Week5,Hollin Meadows,Week1,336.0 Overlee - 66.0 Hollin Meadows
Parklawn,Week2,Holmes Run Acres,Week1,245.0 Holmes Run Acres - 155.0 Parklawn
Parklawn,Week5,Brookfield ,Week4,253.0 Brookfield - 149.0 Parklawn
Parklawn,Week3,Fair Oaks ,Week1,298.0 Fair Oaks - 104.0 Parklawn
Parklawn,Week3,Broyhill Crest,Week1,289.0 Parklawn - 111.0 Broyhill Crest
Overlee,Week5,Fox Mill Estates,Week1,367.0 Overlee - 35.0 Fox Mill Estates
Overlee,Week4,Hollin Meadows,Week4,353.0 Overlee - 49.0 Hollin Meadows
Parklawn,Week5,Overlee,Week1,363.0 Overlee - 39.0 Parklawn
Parklawn,Week1,Broyhill Crest,Week1,245.0 Parklawn - 138.0 Broyhill Crest
Overlee,Week1,Springboard,Week3,369.0 Overlee - 33.0 Springboard
Parklawn,Week4,Overlee,Week5,371.0 Overlee - 31.0 Parklawn
Overlee,Week1,Springboard,Week1,369.0 Overlee - 33.0 Springboard
Overlee,Week1,Holmes Run Acres,Week2,333.0 Overlee - 69.0 Holmes Run Acres
Orange Hunt,Week3,Springboard,Week2,306.0 Orange Hunt - 95.0 Springboard
Overlee,Week2,Fox Mill Woods,Week2,312.5 Overlee - 89.5 Fox Mill Woods
Parklawn,Week2,Fairfax,Week4,309.0 Fairfax - 89.0 Parklawn
Parklawn,Week1,Fair Oaks ,Week4,296.0 Fair Oaks - 97.0 Parklawn
Parklawn,Week1,Holmes Run Acres,Week4,282.0 Holmes Run Acres - 111.0 Parklawn
Overlee,Week1,Fox Mill Woods,Week5,264.0 Overlee - 138.0 Fox Mill Woods
Overlee,Week5,Springboard,Week2,395.0 Overlee - 7.0 Springboard
Parklawn,Week1,Broyhill Crest,Week5,232.0 Parklawn - 161.0 Broyhill Crest
Overlee,Week1,Springfield,Week1,394.0 Overlee - 8.0 Springfield
Parklawn,Week5,Overlee,Week2,364.0 Overlee - 38.0 Parklawn
Parklawn,Week4,Holmes Run Acres,Week5,274.0 Holmes Run Acres - 128.0 Parklawn
Overlee,Week5,Springboard,Week4,388.0 Overlee - 14.0 Springboard
Orange Hunt,Week4,Springboard,Week1,282.0 Orange Hunt - 119.0 Springboard
Overlee,Week3,Holmes Run Acres,Week1,335.0 Overlee - 67.0 Holmes Run Acres
Overlee,Week1,Fox Mill Woods,Week3,297.0 Overlee - 105.0 Fox Mill Woods
Parklawn,Week5,Brookfield ,Week3,219.0 Brookfield - 179.0 Parklawn
Parklawn,Week5,Overlee,Week3,363.0 Overlee - 39.0 Parklawn
Parklawn,Week3,Brookfield ,Week5,265.5 Brookfield - 136.5 Parklawn
Parklawn,Week5,Holmes Run Acres,Week3,280.0 Holmes Run Acres - 121.0 Parklawn
Orange Hunt,Week3,Springboard,Week4,274.0 Orange Hunt - 128.0 Springboard
Overlee,Week3,Fox Mill Woods,Week4,284.0 Overlee - 118.0 Fox Mill Woods
Parklawn,Week2,Fairfax,Week2,327.0 Fairfax - 75.0 Parklawn
Parklawn,Week3,Overlee,Week5,387.0 Overlee - 15.0 Parklawn
Overlee,Week1,Hollin Meadows,Week1,298.0 Overlee - 104.0 Hollin Meadows
Parklawn,Week4,Fairfax,Week1,304.0 Fairfax - 98.0 Parklawn
Parklawn,Week4,Brookfield ,Week2,233.0 Brookfield - 168.0 Parklawn
Parklawn,Week1,Broyhill Crest,Week2,257.0 Parklawn - 134.0 Broyhill Crest
Parklawn,Week2,Overlee,Week4,380.0 Overlee - 22.0 Parklawn
Parklawn,Week4,Holmes Run Acres,Week2,238.0 Holmes Run Acres - 164.0 Parklawn
Overlee,Week1,Holmes Run Acres,Week5,305.0 Overlee - 97.0 Holmes Run Acres
Parklawn,Week4,Overlee,Week4,377.0 Overlee - 25.0 Parklawn
Overlee,Week3,Springboard,Week2,386.0 Overlee - 16.0 Springboard
Overlee,Week1,Springboard,Week4,368.0 Overlee - 34.0 Springboard
Parklawn,Week1,Hunt Valley,Week2,323.0 Hunt Valley - 70.0 Parklawn
Overlee,Week2,Springfield,Week1,398.0 Overlee - 4.0 Springfield
Orange Hunt,Week1,Springfield,Week1,371.0 Orange Hunt - 31.0 Springfield
Parklawn,Week5,Brookfield ,Week2,234.0 Brookfield - 167.0 Parklawn
Overlee,Week2,Hollin Meadows,Week1,312.0 Overlee - 90.0 Hollin Meadows
Parklawn,Week2,Overlee,Week3,363.0 Overlee - 39.0 Parklawn
Parklawn,Week1,Parklawn,Week1,189.0 Parklawn (PL1) - 189.0 Parklawn (PL2)
Overlee,Week5,Hollin Hills,Week5,391.0 Overlee - 11.0 Hollin Hills
Overlee,Week2,Hollin Meadows,Week4,331.0 Overlee - 71.0 Hollin Meadows
Overlee,Week2,Springboard,Week2,387.0 Overlee - 15.0 Springboard
Orange Hunt,Week2,Springfield,Week2,369.0 Orange Hunt - 31.0 Springfield
Parklawn,Week2,Broyhill Crest,Week2,296.0 Parklawn - 105.0 Broyhill Crest
Parklawn,Week3,Fair Oaks ,Week2,278.0 Fair Oaks - 123.0 Parklawn
Overlee,Week5,Hollin Hills,Week4,392.0 Overlee - 10.0 Hollin Hills
Overlee,Week4,Fox Mill Woods,Week2,343.0 Overlee - 59.0 Fox Mill Woods
Parklawn,Week3,Holmes Run Acres,Week1,269.0 Holmes Run Acres - 132.0 Parklawn
Parklawn,Week1,Holmes Run Acres,Week1,277.0 Holmes Run Acres - 116.0 Parklawn
Parklawn,Week3,Fair Oaks ,Week5,309.0 Fair Oaks - 92.0 Parklawn
Overlee,Week2,Fox Mill Woods,Week1,306.0 Overlee - 96.0 Fox Mill Woods
Parklawn,Week2,Fair Oaks ,Week3,288.0 Fair Oaks - 114.0 Parklawn
Overlee,Week4,Fox Mill Woods,Week4,339.5 Overlee - 62.5 Fox Mill Woods
Orange Hunt,Week3,Springfield,Week2,372.0 Orange Hunt - 29.0 Springfield
Parklawn,Week3,Brookfield ,Week4,279.0 Brookfield - 123.0 Parklawn
Parklawn,Week2,Holmes Run Acres,Week2,245.0 Holmes Run Acres - 156.0 Parklawn
Overlee,Week4,Fox Mill Woods,Week5,321.0 Overlee - 81.0 Fox Mill Woods
Parklawn,Week4,Fair Oaks ,Week5,274.0 Fair Oaks - 127.0 Parklawn
Orange Hunt,Week1,Springfield,Week3,361.0 Orange Hunt - 38.0 Springfield
Overlee,Week5,South Run,Week5,350.0 Overlee - 52.0 South Run
Parklawn,Week4,Parklawn,Week3,230.0 Parklawn (PL1) - 162.0 Parklawn (PL2)
Orange Hunt,Week3,Springboard,Week5,275.0 Orange Hunt - 126.0 Springboard
Parklawn,Week4,Brookfield ,Week5,228.0 Brookfield - 169.0 Parklawn
Overlee,Week5,Hollin Hills,Week3,394.0 Overlee - 8.0 Hollin Hills
Overlee,Week5,Fox Mill Woods,Week1,328.0 Overlee - 74.0 Fox Mill Woods
Overlee,Week1,Arlington Forest,Week3,339.5 Overlee - 62.5 Arlington Forest
Overlee,Week3,Springfield,Week1,398.0 Overlee - 4.0 Springfield
Parklawn,Week2,Broyhill Crest,Week5,271.0 Parklawn - 127.0 Broyhill Crest
Parklawn,Week4,Fair Oaks ,Week1,274.0 Fair Oaks - 128.0 Parklawn
Overlee,Week5,Arlington Forest,Week1,372.0 Overlee - 30.0 Arlington Forest
Overlee,Week5,Fox Mill Woods,Week3,336.0 Overlee - 66.0 Fox Mill Woods
Overlee,Week2,Hollin Meadows,Week2,325.0 Overlee - 77.0 Hollin Meadows
Overlee,Week4,Hollin Hills,Week5,397.0 Overlee - 5.0 Hollin Hills
Parklawn,Week3,Holmes Run Acres,Week5,295.0 Holmes Run Acres - 107.0 Parklawn
Parklawn,Week1,Parklawn,Week5,255.0 Parklawn (PL2) - 138.0 Parklawn (PL1)
Parklawn,Week5,Holmes Run Acres,Week5,275.0 Holmes Run Acres - 127.0 Parklawn
Overlee,Week1,Overlee,Week1,201.0 Overlee (O1) - 201.0 Overlee (O2)
Orange Hunt,Week2,Springfield,Week3,357.0 Orange Hunt - 42.0 Springfield
Overlee,Week5,Orange Hunt,Week3,345.0 Overlee - 57.0 Orange Hunt
Overlee,Week1,Hollin Meadows,Week3,320.5 Overlee - 81.5 Hollin Meadows
Overlee,Week2,Springfield,Week4,398.0 Overlee - 4.0 Springfield
Parklawn,Week2,Broyhill Crest,Week3,298.0 Parklawn - 99.0 Broyhill Crest
Orange Hunt,Week3,Springfield,Week4,362.0 Orange Hunt - 39.0 Springfield
Parklawn,Week4,Fairfax,Week5,325.0 Fairfax - 73.0 Parklawn
Parklawn,Week5,Fair Oaks ,Week5,282.0 Fair Oaks - 119.0 Parklawn
Overlee,Week5,Arlington Forest,Week4,361.0 Overlee - 41.0 Arlington Forest
Overlee,Week4,Great Falls,Week1,364.0 Overlee - 38.0 Great Falls
Overlee,Week3,Springfield,Week3,397.0 Overlee - 5.0 Springfield
Orange Hunt,Week3,Springfield,Week3,365.0 Orange Hunt - 35.0 Springfield
Overlee,Week2,Springboard,Week3,375.0 Overlee - 27.0 Springboard
Parklawn,Week5,Parklawn,Week5,191.0 Parklawn (PL1) - 191.0 Parklawn (PL2)
Parklawn,Week5,Holmes Run Acres,Week1,238.0 Holmes Run Acres - 163.0 Parklawn
Orange Hunt,Week3,Springfield,Week1,370.0 Orange Hunt - 31.0 Springfield
Overlee,Week4,Great Falls,Week3,340.0 Overlee - 62.0 Great Falls
Parklawn,Week4,Fairfax,Week3,312.0 Fairfax - 85.0 Parklawn
Parklawn,Week4,Parklawn,Week5,220.0 Parklawn (PL1) - 167.0 Parklawn (PL2)
Overlee,Week2,Overlee,Week4,290.0 Overlee (O2) - 112.0 Overlee (O1)
Parklawn,Week2,Holmes Run Acres,Week3,280.0 Holmes Run Acres - 120.0 Parklawn
Overlee,Week1,Arlington Forest,Week2,328.0 Overlee - 74.0 Arlington Forest
Parklawn,Week5,Fair Oaks ,Week4,269.0 Fair Oaks - 132.0 Parklawn
Parklawn,Week3,Broyhill Crest,Week4,275.0 Parklawn - 125.0 Broyhill Crest
Overlee,Week1,Great Falls,Week2,313.0 Overlee - 71.0 Great Falls
Overlee,Week2,Great Falls,Week4,320.0 Overlee - 82.0 Great Falls
Overlee,Week4,Springboard,Week2,398.0 Overlee - 4.0 Springboard
Overlee,Week2,Overlee,Week2,201.0 Overlee (O1) - 201.0 Overlee (O2)
Parklawn,Week3,Overlee,Week1,366.0 Overlee - 36.0 Parklawn
Overlee,Week4,Overlee,Week4,201.0 Overlee (O1) - 201.0 Overlee (O2)
Parklawn,Week3,Parklawn,Week4,230.0 Parklawn (PL2) - 162.0 Parklawn (PL1)
Overlee,Week3,Great Falls,Week3,305.0 Overlee - 97.0 Great Falls
Parklawn,Week1,Parklawn,Week3,241.0 Parklawn (PL2) - 152.0 Parklawn (PL1)
Parklawn,Week4,Broyhill Crest,Week5,270.5 Parklawn - 126.5 Broyhill Crest
Parklawn,Week4,Holmes Run Acres,Week4,230.0 Holmes Run Acres - 171.0 Parklawn
Overlee,Week3,Hollin Meadows,Week2,317.0 Overlee - 85.0 Hollin Meadows
Overlee,Week4,Hollin Meadows,Week1,340.0 Overlee - 62.0 Hollin Meadows
Overlee,Week4,Springboard,Week1,390.0 Overlee - 12.0 Springboard
Orange Hunt,Week4,Springfield,Week1,360.0 Orange Hunt - 38.0 Springfield
Parklawn,Week5,Holmes Run Acres,Week2,236.5 Holmes Run Acres - 165.5 Parklawn
Orange Hunt,Week4,Springfield,Week4,358.0 Orange Hunt - 42.0 Springfield
Parklawn,Week1,Burke Station,Week4,204.0 Parklawn - 188.0 Burke Station
Overlee,Week5,Orange Hunt,Week1,356.0 Overlee - 46.0 Orange Hunt
Overlee,Week4,Arlington Forest,Week3,369.0 Overlee - 33.0 Arlington Forest
Parklawn,Week1,Fairfax,Week2,341.0 Fairfax - 52.0 Parklawn
Overlee,Week2,Hollin Meadows,Week5,316.0 Overlee - 86.0 Hollin Meadows
Parklawn,Week1,Hunter Mill,Week2,299.0 Hunter Mill - 93.0 Parklawn
Overlee,Week5,Orange Hunt,Week5,330.0 Overlee - 72.0 Orange Hunt
Parklawn,Week3,Hunt Valley,Week4,326.0 Hunt Valley - 76.0 Parklawn
Parklawn,Week5,Hunt Valley,Week3,317.0 Hunt Valley - 85.0 Parklawn
Overlee,Week3,Arlington Forest,Week5,295.0 Overlee - 107.0 Arlington Forest
Overlee,Week1,Springboard,Week5,365.0 Overlee - 37.0 Springboard
Overlee,Week5,Annandale,Week5,374.0 Overlee - 28.0 Annandale
Parklawn,Week3,Fair Oaks ,Week4,293.0 Fair Oaks - 108.0 Parklawn
Parklawn,Week2,Fair Oaks ,Week1,283.0 Fair Oaks - 119.0 Parklawn
Parklawn,Week2,Burke Station,Week5,201.0 Parklawn - 200.0 Burke Station
Overlee,Week2,Springboard,Week1,373.0 Overlee - 29.0 Springboard
Parklawn,Week3,Fair Oaks ,Week3,299.0 Fair Oaks - 103.0 Parklawn
Overlee,Week4,Hollin Meadows,Week5,345.0 Overlee - 57.0 Hollin Meadows
Parklawn,Week2,Fair Oaks ,Week5,290.0 Fair Oaks - 111.0 Parklawn
Parklawn,Week4,Overlee,Week2,363.0 Overlee - 39.0 Parklawn
Overlee,Week5,Great Falls,Week3,337.0 Overlee - 65.0 Great Falls
Orange Hunt,Week5,Springfield,Week3,368.0 Orange Hunt - 27.0 Springfield
Parklawn,Week1,Burke Station,Week1,199.0 Burke Station - 168.0 Parklawn
Overlee,Week2,Arlington Forest,Week1,355.0 Overlee - 47.0 Arlington Forest
Overlee,Week3,Great Falls,Week4,311.0 Overlee - 91.0 Great Falls
Overlee,Week3,Hollin Meadows,Week4,317.5 Overlee - 84.5 Hollin Meadows
Parklawn,Week5,Broyhill Crest,Week4,289.0 Parklawn - 111.0 Broyhill Crest
Orange Hunt,Week5,Springfield,Week2,372.0 Orange Hunt - 25.0 Springfield
Orange Hunt,Week5,Springfield,Week4,372.0 Orange Hunt - 27.0 Springfield
Orange Hunt,Week4,Springfield,Week5,364.0 Orange Hunt - 35.0 Springfield
Overlee,Week5,South Run,Week3,360.0 Overlee - 42.0 South Run
Overlee,Week4,Great Falls,Week4,350.0 Overlee - 52.0 Great Falls
Parklawn,Week5,Holmes Run Acres,Week4,236.0 Holmes Run Acres - 165.0 Parklawn
Overlee,Week3,Overlee,Week4,301.0 Overlee (O2) - 101.0 Overlee (O1)
Overlee,Week4,Overlee,Week1,309.0 Overlee (O1) - 93.0 Overlee (O2)
Overlee,Week3,Arlington Forest,Week1,333.0 Overlee - 69.0 Arlington Forest
Overlee,Week5,Hollin Meadows,Week2,340.0 Overlee - 62.0 Hollin Meadows
Overlee,Week4,Springboard,Week4,389.0 Overlee - 13.0 Springboard
Parklawn,Week3,Burke Station,Week1,188.0 Parklawn - 182.0 Burke Station
Overlee,Week5,Orange Hunt,Week4,344.0 Overlee - 58.0 Orange Hunt
Parklawn,Week3,Overlee,Week4,387.0 Overlee - 15.0 Parklawn
Parklawn,Week3,Parklawn,Week5,213.5 Parklawn (PL2) - 179.5 Parklawn (PL1)
Overlee,Week1,Greenbriar,Week3,296.0 Overlee - 106.0 Greenbriar
Overlee,Week1,Greenbriar,Week1,288.0 Overlee - 114.0 Greenbriar
Overlee,Week1,Greenbriar,Week2,274.0 Overlee - 128.0 Greenbriar
Parklawn,Week4,Fair Oaks ,Week2,245.0 Fair Oaks - 156.0 Parklawn
Parklawn,Week1,Burke Station,Week2,207.0 Parklawn - 184.0 Burke Station
Overlee,Week1,Arlington Forest,Week1,337.0 Overlee - 65.0 Arlington Forest
Overlee,Week5,South Run,Week2,349.0 Overlee - 53.0 South Run
Orange Hunt,Week1,Stratford,Week2,247.0 Orange Hunt - 155.0 Stratford
Overlee,Week1,Holmes Run Acres,Week1,333.0 Overlee - 69.0 Holmes Run Acres
Overlee,Week1,Parklawn,Week5,363.0 Overlee - 39.0 Parklawn
Orange Hunt,Week3,Stratford,Week1,262.0 Orange Hunt - 140.0 Stratford
Parklawn,Week2,Parklawn,Week2,194.5 Parklawn (PL1) - 194.5 Parklawn (PL2)
Parklawn,Week5,Hunt Valley,Week1,303.0 Hunt Valley - 99.0 Parklawn
Overlee,Week1,Overlee,Week4,309.0 Overlee (O2) - 93.0 Overlee (O1)
Parklawn,Week3,Hunt Valley,Week1,318.0 Hunt Valley - 84.0 Parklawn
Parklawn,Week2,Fair Oaks ,Week2,259.0 Fair Oaks - 142.0 Parklawn
Overlee,Week5,Overlee,Week3,279.5 Overlee (O1) - 122.5 Overlee (O2)
Overlee,Week5,South Run,Week4,358.0 Overlee - 44.0 South Run
Overlee,Week1,Springboard,Week2,391.0 Overlee - 11.0 Springboard
Parklawn,Week5,Hunt Valley,Week5,327.0 Hunt Valley - 75.0 Parklawn
Orange Hunt,Week1,Stratford,Week3,245.0 Orange Hunt - 157.0 Stratford
Overlee,Week5,Hollin Meadows,Week4,354.0 Overlee - 48.0 Hollin Meadows
Parklawn,Week3,Burke Station,Week5,202.0 Burke Station - 199.0 Parklawn
Overlee,Week1,Arlington Forest,Week4,319.0 Overlee - 83.0 Arlington Forest
Overlee,Week2,Springboard,Week4,375.0 Overlee - 27.0 Springboard
Overlee,Week2,Arlington Forest,Week4,339.0 Overlee - 63.0 Arlington Forest
Parklawn,Week4,Burke Station,Week3,211.0 Parklawn - 177.0 Burke Station
Parklawn,Week1,Fair Oaks ,Week5,304.0 Fair Oaks - 89.0 Parklawn
Parklawn,Week5,Overlee,Week5,371.0 Overlee - 31.0 Parklawn
Parklawn,Week5,Fair Oaks ,Week3,284.0 Fair Oaks - 118.0 Parklawn
Overlee,Week1,Holmes Run Acres,Week4,322.0 Overlee - 80.0 Holmes Run Acres
Overlee,Week5,Annandale,Week4,382.0 Overlee - 20.0 Annandale
Overlee,Week1,Holmes Run Acres,Week3,310.0 Overlee - 92.0 Holmes Run Acres
Parklawn,Week2,Hunt Valley,Week2,299.0 Hunt Valley - 103.0 Parklawn
Parklawn,Week3,Parklawn,Week1,241.0 Parklawn (PL1) - 152.0 Parklawn (PL2)
Orange Hunt,Week2,Stratford,Week3,254.0 Orange Hunt - 148.0 Stratford
Overlee,Week5,Great Falls,Week1,363.0 Overlee - 39.0 Great Falls
Parklawn,Week4,Parklawn,Week1,257.0 Parklawn (PL1) - 131.0 Parklawn (PL2)
Parklawn,Week1,Hunter Mill,Week1,297.0 Hunter Mill - 96.0 Parklawn
Parklawn,Week5,Parklawn,Week4,220.0 Parklawn (PL2) - 167.0 Parklawn (PL1)
Parklawn,Week2,Parliament,Week4,236.0 Parliament - 166.0 Parklawn
Parklawn,Week1,Burke Station,Week3,205.0 Burke Station - 178.0 Parklawn
Overlee,Week2,Holmes Run Acres,Week1,347.0 Overlee - 55.0 Holmes Run Acres
Parklawn,Week1,Fairfax,Week4,328.0 Fairfax - 65.0 Parklawn
Overlee,Week5,Springboard,Week1,387.0 Overlee - 15.0 Springboard
Overlee,Week4,Overlee,Week2,290.0 Overlee (O1) - 112.0 Overlee (O2)
Parklawn,Week5,Broyhill Crest,Week2,300.0 Parklawn - 100.0 Broyhill Crest
Parklawn,Week4,Broyhill Crest,Week3,295.0 Parklawn - 102.0 Broyhill Crest
Overlee,Week4,Great Falls,Week5,328.0 Overlee - 74.0 Great Falls
Overlee,Week2,Holmes Run Acres,Week2,346.0 Overlee - 56.0 Holmes Run Acres
Overlee,Week2,Parklawn,Week5,364.0 Overlee - 38.0 Parklawn
Parklawn,Week3,Parliament,Week5,275.0 Parliament - 126.0 Parklawn
Overlee,Week5,Great Falls,Week4,340.0 Overlee - 62.0 Great Falls
Parklawn,Week2,Hunter Mill,Week3,297.0 Hunter Mill - 105.0 Parklawn
Overlee,Week3,Springboard,Week5,366.0 Overlee - 36.0 Springboard
Orange Hunt,Week2,Stratford,Week4,226.0 Orange Hunt - 176.0 Stratford
Parklawn,Week5,Fair Oaks ,Week2,243.0 Fair Oaks - 158.0 Parklawn
Overlee,Week2,Arlington Forest,Week3,359.0 Overlee - 43.0 Arlington Forest
Overlee,Week2,Arlington Forest,Week2,353.0 Overlee - 49.0 Arlington Forest
Orange Hunt,Week3,Stratford,Week3,250.0 Orange Hunt - 152.0 Stratford
Overlee,Week5,Fox Mill Woods,Week5,315.0 Overlee - 87.0 Fox Mill Woods
Overlee,Week5,Overlee,Week4,245.0 Overlee (O2) - 157.0 Overlee (O1)
Overlee,Week5,Hollin Meadows,Week5,339.0 Overlee - 63.0 Hollin Meadows
Parklawn,Week1,Fairfax,Week1,330.0 Fairfax - 63.0 Parklawn
Overlee,Week3,Overlee,Week3,201.0 Overlee (O1) - 201.0 Overlee (O2)
Overlee,Week2,Great Falls,Week2,315.0 Overlee - 69.0 Great Falls
Overlee,Week3,Parklawn,Week5,363.0 Overlee - 39.0 Parklawn
Overlee,Week5,Annandale,Week1,379.0 Overlee - 23.0 Annandale
Parklawn,Week1,Hunt Valley,Week4,323.0 Hunt Valley - 70.0 Parklawn
Overlee,Week4,Overlee,Week5,245.0 Overlee (O1) - 157.0 Overlee (O2)
Overlee,Week2,Holmes Run Acres,Week4,336.0 Overlee - 66.0 Holmes Run Acres
Parklawn,Week1,Camelot,Week2,268.0 Camelot - 123.0 Parklawn
Overlee,Week4,Springboard,Week5,385.0 Overlee - 17.0 Springboard
Overlee,Week5,Annandale,Week3,382.0 Overlee - 20.0 Annandale
Parklawn,Week2,Fairfax,Week3,319.0 Fairfax - 79.0 Parklawn
Orange Hunt,Week1,Stratford,Week5,224.0 Orange Hunt - 178.0 Stratford
Parklawn,Week3,Parklawn,Week3,196.0 Parklawn (PL1) - 196.0 Parklawn (PL2)
Overlee,Week2,Arlington Forest,Week5,325.0 Overlee - 77.0 Arlington Forest
Overlee,Week4,Springboard,Week3,392.0 Overlee - 10.0 Springboard
Parklawn,Week4,Burke Station,Week2,241.5 Parklawn - 146.5 Burke Station
Parklawn,Week2,Parklawn,Week3,210.0 Parklawn (PL1) - 183.0 Parklawn (PL2)
Overlee,Week2,Holmes Run Acres,Week5,320.0 Overlee - 82.0 Holmes Run Acres
Overlee,Week3,Springboard,Week4,367.0 Overlee - 35.0 Springboard
Orange Hunt,Week2,Stratford,Week2,266.0 Orange Hunt - 136.0 Stratford
Parklawn,Week2,Parklawn,Week1,251.0 Parklawn (PL1) - 139.0 Parklawn (PL2)
Orange Hunt,Week2,Stratford,Week1,267.0 Orange Hunt - 135.0 Stratford
Overlee,Week3,Holmes Run Acres,Week2,349.5 Overlee - 52.5 Holmes Run Acres
Overlee,Week3,Parklawn,Week2,363.0 Overlee - 39.0 Parklawn
Parklawn,Week2,Burke Station,Week2,242.0 Parklawn - 150.0 Burke Station
Parklawn,Week1,Fairfax,Week3,337.0 Fairfax - 56.0 Parklawn
Overlee,Week4,Arlington Forest,Week1,369.0 Overlee - 33.0 Arlington Forest
Parklawn,Week1,Hunt Valley,Week3,336.0 Hunt Valley - 57.0 Parklawn
Parklawn,Week1,Hunt Valley,Week5,342.0 Hunt Valley - 51.0 Parklawn
Overlee,Week1,Greenbriar,Week4,317.0 Overlee - 85.0 Greenbriar
Overlee,Week2,Great Falls,Week3,302.0 Overlee - 100.0 Great Falls
Overlee,Week5,Springboard,Week3,388.0 Overlee - 14.0 Springboard
Orange Hunt,Week3,Stratford,Week4,228.0 Orange Hunt - 174.0 Stratford
Parklawn,Week2,Fairfax,Week1,325.0 Fairfax - 77.0 Parklawn
Parklawn,Week2,Parklawn,Week5,216.0 Parklawn (PL2) - 177.0 Parklawn (PL1)
Parklawn,Week3,Hunter Mill,Week5,300.0 Hunter Mill - 102.0 Parklawn
Overlee,Week4,Holmes Run Acres,Week4,354.0 Overlee - 48.0 Holmes Run Acres
Parklawn,Week3,Broyhill Crest,Week2,295.0 Parklawn - 105.0 Broyhill Crest
Overlee,Week3,Great Falls,Week1,339.0 Overlee - 63.0 Great Falls
Overlee,Week5,Springboard,Week5,383.0 Overlee - 19.0 Springboard
Overlee,Week1,Springfield,Week3,395.0 Overlee - 7.0 Springfield
Parklawn,Week3,Fairfax,Week1,326.0 Fairfax - 76.0 Parklawn
Parklawn,Week2,Hunter Mill,Week2,290.0 Hunter Mill - 111.0 Parklawn
Parklawn,Week2,Fairfax,Week5,325.0 Fairfax - 73.0 Parklawn
Parklawn,Week3,Hunt Valley,Week2,318.0 Hunt Valley - 84.0 Parklawn
Parklawn,Week3,Broyhill Crest,Week5,266.0 Parklawn - 132.0 Broyhill Crest
Parklawn,Week1,Parklawn,Week4,257.0 Parklawn (PL2) - 131.0 Parklawn (PL1)
Overlee,Week5,Holmes Run Acres,Week2,361.0 Overlee - 41.0 Holmes Run Acres
Overlee,Week3,Great Falls,Week2,313.0 Overlee - 71.0 Great Falls
Orange Hunt,Week4,Stratford,Week2,266.0 Orange Hunt - 136.0 Stratford
Overlee,Week3,Arlington Forest,Week2,331.0 Overlee - 71.0 Arlington Forest
Orange Hunt,Week4,Stratford,Week4,231.0 Orange Hunt - 171.0 Stratford
Overlee,Week2,Great Falls,Week5,296.0 Overlee - 106.0 Great Falls
Parklawn,Week1,Camelot,Week4,255.0 Camelot - 138.0 Parklawn
Overlee,Week1,Springfield,Week2,398.0 Overlee - 4.0 Springfield
Orange Hunt,Week4,Stratford,Week1,261.0 Orange Hunt - 141.0 Stratford
Overlee,Week5,Orange Hunt,Week2,342.0 Overlee - 60.0 Orange Hunt
Overlee,Week5,Arlington Forest,Week3,373.0 Overlee - 29.0 Arlington Forest
Parklawn,Week2,Hunt Valley,Week1,308.0 Hunt Valley - 94.0 Parklawn
Overlee,Week5,Overlee,Week5,201.0 Overlee (O1) - 201.0 Overlee (O2)
Orange Hunt,Week3,Stratford,Week5,253.0 Orange Hunt - 149.0 Stratford
Overlee,Week4,Holmes Run Acres,Week2,374.0 Overlee - 28.0 Holmes Run Acres
Overlee,Week1,Arlington Forest,Week5,304.0 Overlee - 98.0 Arlington Forest
Parklawn,Week4,Broyhill Crest,Week2,298.0 Parklawn - 102.0 Broyhill Crest
Parklawn,Week3,Fairfax,Week3,327.0 Fairfax - 71.0 Parklawn
Overlee,Week3,Arlington Forest,Week3,334.0 Overlee - 68.0 Arlington Forest
Overlee,Week1,Overlee,Week3,222.0 Overlee (O2) - 180.0 Overlee (O1)
Parklawn,Week2,Parklawn,Week4,241.0 Parklawn (PL2) - 148.0 Parklawn (PL1)
Overlee,Week3,Holmes Run Acres,Week3,314.0 Overlee - 88.0 Holmes Run Acres
Parklawn,Week3,Fairfax,Week2,343.0 Fairfax - 59.0 Parklawn
Overlee,Week2,Great Falls,Week1,350.0 Overlee - 52.0 Great Falls
Parklawn,Week1,Parklawn,Week2,251.0 Parklawn (PL2) - 139.0 Parklawn (PL1)
Parklawn,Week4,Hunt Valley,Week5,309.5 Hunt Valley - 92.5 Parklawn
Overlee,Week1,Springfield,Week4,396.0 Overlee - 6.0 Springfield
Overlee,Week2,Overlee,Week3,238.0 Overlee (O1) - 164.0 Overlee (O2)
Parklawn,Week3,Parklawn,Week2,210.0 Parklawn (PL2) - 183.0 Parklawn (PL1)
Overlee,Week4,Holmes Run Acres,Week1,363.0 Overlee - 39.0 Holmes Run Acres
Parklawn,Week4,Hunt Valley,Week4,295.0 Hunt Valley - 106.0 Parklawn
Overlee,Week1,Overlee,Week2,262.0 Overlee (O2) - 140.0 Overlee (O1)
Overlee,Week4,Overlee,Week3,301.0 Overlee (O1) - 101.0 Overlee (O2)
Parklawn,Week4,Parklawn,Week2,241.0 Parklawn (PL1) - 148.0 Parklawn (PL2)
Overlee,Week3,Arlington Forest,Week4,323.0 Overlee - 79.0 Arlington Forest
Parklawn,Week5,Hunt Valley,Week2,298.0 Hunt Valley - 104.0 Parklawn
Parklawn,Week3,Fairfax,Week4,325.5 Fairfax - 72.5 Parklawn
Overlee,Week1,Springfield,Week5,398.0 Overlee - 4.0 Springfield
Overlee,Week4,Arlington Forest,Week4,358.5 Overlee - 43.5 Arlington Forest
Overlee,Week1,Great Falls,Week1,326.0 Overlee - 76.0 Great Falls
Orange Hunt,Week5,Stratford,Week1,274.0 Orange Hunt - 128.0 Stratford
Parklawn,Week3,Fairfax,Week5,341.0 Fairfax - 57.0 Parklawn
Parklawn,Week4,Burke Station,Week5,213.5 Parklawn - 186.5 Burke Station
Overlee,Week3,Holmes Run Acres,Week5,299.0 Overlee - 103.0 Holmes Run Acres
Overlee,Week1,Great Falls,Week5,289.0 Overlee - 113.0 Great Falls
Parklawn,Week4,Parklawn,Week4,189.0 Parklawn (PL1) - 189.0 Parklawn (PL2)
Orange Hunt,Week5,Stratford,Week2,274.0 Orange Hunt - 128.0 Stratford
Overlee,Week5,Holmes Run Acres,Week1,359.0 Overlee - 43.0 Holmes Run Acres
Overlee,Week1,Great Falls,Week3,304.0 Overlee - 98.0 Great Falls
Parklawn,Week3,Broyhill Crest,Week3,287.0 Parklawn - 110.0 Broyhill Crest
Overlee,Week2,Springfield,Week2,401.0 Overlee - 1.0 Springfield
Parklawn,Week5,Broyhill Crest,Week3,300.0 Parklawn - 98.0 Broyhill Crest
Orange Hunt,Week1,Stratford,Week1,256.5 Orange Hunt - 145.5 Stratford
Overlee,Week5,Annandale,Week2,375.0 Overlee - 27.0 Annandale
Parklawn,Week2,Fairfax Club Estates,Week2,206.0 Fairfax Club Estates - 191.0 Parklawn
Parklawn,Week4,Broyhill Crest,Week1,291.0 Parklawn - 100.0 Broyhill Crest
Overlee,Week4,Arlington Forest,Week2,376.0 Overlee - 26.0 Arlington Forest
Overlee,Week2,Springfield,Week3,398.0 Overlee - 4.0 Springfield
Parklawn,Week2,Hunt Valley,Week4,313.0 Hunt Valley - 89.0 Parklawn
Orange Hunt,Week1,Stratford,Week4,218.0 Orange Hunt - 184.0 Stratford
Overlee,Week3,Great Falls,Week5,290.0 Overlee - 112.0 Great Falls
Orange Hunt,Week4,Stratford,Week3,254.0 Orange Hunt - 148.0 Stratford
Overlee,Week2,Springfield,Week5,402.0 Overlee - 0.0 Springfield
Parklawn,Week4,Fairfax,Week2,323.0 Fairfax - 79.0 Parklawn
Overlee,Week1,Hunt Valley,Week1,266.5 Overlee - 135.5 Hunt Valley
Parklawn,Week2,Hunt Valley,Week3,320.0 Hunt Valley - 82.0 Parklawn
Parklawn,Week3,Hunt Valley,Week5,349.0 Hunt Valley - 53.0 Parklawn
Parklawn,Week4,Broyhill Crest,Week4,283.0 Parklawn - 116.0 Broyhill Crest
Orange Hunt,Week4,Stratford,Week5,250.0 Orange Hunt - 152.0 Stratford
Overlee,Week5,Springfield,Week4,401.0 Overlee - 1.0 Springfield
Overlee,Week1,Hunt Valley,Week2,279.0 Overlee - 123.0 Hunt Valley
Parklawn,Week5,Broyhill Crest,Week1,288.0 Parklawn - 104.0 Broyhill Crest
Parklawn,Week5,Parklawn,Week2,216.0 Parklawn (PL1) - 177.0 Parklawn (PL2)
Parklawn,Week5,Parklawn,Week1,255.0 Parklawn (PL1) - 138.0 Parklawn (PL2)
Overlee,Week3,Springfield,Week2,399.0 Overlee - 3.0 Springfield
Overlee,Week5,Arlington Forest,Week2,370.0 Overlee - 32.0 Arlington Forest
Overlee,Week4,Great Falls,Week2,338.0 Overlee - 46.0 Great Falls
Parklawn,Week3,Fairfax Club Estates,Week3,218.0 Fairfax Club Estates - 180.0 Parklawn
Overlee,Week5,Holmes Run Acres,Week4,346.0 Overlee - 56.0 Holmes Run Acres
Parklawn,Week5,Parklawn,Week3,213.5 Parklawn (PL1) - 179.5 Parklawn (PL2)
Overlee,Week2,Overlee,Week1,262.0 Overlee (O1) - 140.0 Overlee (O2)
Overlee,Week2,Overlee,Week5,260.0 Overlee (O2) - 142.0 Overlee (O1)
Parklawn,Week4,Fairfax,Week4,308.0 Fairfax - 90.0 Parklawn
Overlee,Week1,Overlee,Week5,298.5 Overlee (O2) - 103.5 Overlee (O1)
Parklawn,Week1,Parliament,Week1,275.0 Parliament - 116.0 Parklawn
Overlee,Week3,Overlee,Week1,222.0 Overlee (O1) - 180.0 Overlee (O2)
Overlee,Week4,Arlington Forest,Week5,340.0 Overlee - 62.0 Arlington Forest
Overlee,Week1,Great Falls,Week4,318.0 Overlee - 84.0 Great Falls
Parklawn,Week2,Hunt Valley,Week5,328.0 Hunt Valley - 74.0 Parklawn
Overlee,Week2,Greenbriar,Week2,286.0 Overlee - 116.0 Greenbriar
Overlee,Week1,Brandywine,Week4,315.0 Overlee - 87.0 Brandywine
Overlee,Week3,Overlee,Week5,279.5 Overlee (O2) - 122.5 Overlee (O1)
Parklawn,Week4,Hunt Valley,Week2,294.0 Hunt Valley - 107.0 Parklawn
Overlee,Week4,Brandywine,Week3,346.0 Overlee - 56.0 Brandywine
Overlee,Week5,Holmes Run Acres,Week5,324.0 Overlee - 78.0 Holmes Run Acres
Overlee,Week5,Springfield,Week5,402.0 Overlee - 0.0 Springfield
Overlee,Week3,Greenbriar,Week1,290.0 Overlee - 112.0 Greenbriar
Parklawn,Week2,Fairfax Club Estates,Week3,209.0 Fairfax Club Estates - 187.0 Parklawn
Parklawn,Week5,Broyhill Crest,Week5,275.0 Parklawn - 122.0 Broyhill Crest
Parklawn,Week2,Parliament,Week2,220.0 Parliament - 181.0 Parklawn
Parklawn,Week3,Hunt Valley,Week3,331.0 Hunt Valley - 71.0 Parklawn
Parklawn,Week3,Fairfax Club Estates,Week4,226.0 Fairfax Club Estates - 172.0 Parklawn
Overlee,Week1,Stratford,Week5,350.0 Overlee - 52.0 Stratford
Parklawn,Week1,Parliament,Week5,274.5 Parliament - 117.5 Parklawn
Parklawn,Week1,Parliament,Week4,259.0 Parliament - 134.0 Parklawn
Parklawn,Week2,Fairfax Club Estates,Week4,219.0 Fairfax Club Estates - 179.0 Parklawn
Overlee,Week3,Overlee,Week2,238.0 Overlee (O2) - 164.0 Overlee (O1)
Orange Hunt,Week2,Stratford,Week5,243.0 Orange Hunt - 159.0 Stratford
Overlee,Week5,Great Falls,Week5,328.0 Overlee - 74.0 Great Falls
Overlee,Week4,Holmes Run Acres,Week3,354.0 Overlee - 48.0 Holmes Run Acres
Overlee,Week5,Overlee,Week1,298.5 Overlee (O1) - 103.5 Overlee (O2)
Overlee,Week2,Stratford,Week1,365.0 Overlee - 37.0 Stratford
Parklawn,Week2,Burke Station,Week3,216.0 Parklawn - 176.0 Burke Station
Overlee,Week1,Stratford,Week3,354.0 Overlee - 48.0 Stratford
Parklawn,Week4,Hunt Valley,Week3,309.0 Hunt Valley - 92.0 Parklawn
Orange Hunt,Week3,Stratford,Week2,263.0 Orange Hunt - 139.0 Stratford
Parklawn,Week3,Fairfax Club Estates,Week1,223.0 Fairfax Club Estates - 178.0 Parklawn
Parklawn,Week2,Burke Station,Week1,207.0 Parklawn - 161.0 Burke Station
Parklawn,Week1,Burke Station,Week5,218.0 Burke Station - 174.0 Parklawn
Parklawn,Week4,Hunt Valley,Week1,305.0 Hunt Valley - 97.0 Parklawn
Overlee,Week5,Holmes Run Acres,Week3,335.0 Overlee - 67.0 Holmes Run Acres
Overlee,Week3,Holmes Run Acres,Week4,324.0 Overlee - 78.0 Holmes Run Acres
Overlee,Week3,Brandywine,Week2,322.0 Overlee - 80.0 Brandywine
Overlee,Week5,Arlington Forest,Week5,337.0 Overlee - 65.0 Arlington Forest
Overlee,Week5,Great Falls,Week2,342.0 Overlee - 42.0 Great Falls
Orange Hunt,Week5,Stratford,Week3,267.0 Orange Hunt - 135.0 Stratford
Orange Hunt,Week5,Stratford,Week4,245.0 Orange Hunt - 157.0 Stratford
Overlee,Week1,Brandywine,Week5,300.0 Overlee - 102.0 Brandywine
Orange Hunt,Week2,Sully Station,Week1,244.0 Sully Station - 158.0 Orange Hunt
Parklawn,Week5,Fairfax,Week4,305.0 Fairfax - 93.0 Parklawn
Parklawn,Week2,Parliament,Week3,239.0 Parliament - 163.0 Parklawn
Overlee,Week1,Parklawn,Week4,361.0 Overlee - 41.0 Parklawn
Parklawn,Week1,Fairfax Club Estates,Week1,218.0 Fairfax Club Estates - 169.0 Parklawn
Orange Hunt,Week5,Sully Station,Week2,220.0 Sully Station - 182.0 Orange Hunt
Overlee,Week1,Parklawn,Week3,366.0 Overlee - 36.0 Parklawn
Overlee,Week1,Stratford,Week1,354.0 Overlee - 48.0 Stratford
Overlee,Week4,Holmes Run Acres,Week5,337.0 Overlee - 65.0 Holmes Run Acres
Overlee,Week1,Hunt Valley,Week3,265.0 Overlee - 137.0 Hunt Valley
Parklawn,Week2,Burke Station,Week4,242.0 Parklawn - 159.0 Burke Station
Parklawn,Week3,Burke Station,Week4,224.5 Parklawn - 176.5 Burke Station
Overlee,Week4,Greenbriar,Week2,322.0 Overlee - 80.0 Greenbriar
Parklawn,Week2,Parliament,Week5,236.5 Parliament - 164.5 Parklawn
Parklawn,Week3,Parliament,Week2,255.0 Parliament - 146.0 Parklawn
Overlee,Week3,Greenbriar,Week4,318.0 Overlee - 84.0 Greenbriar
Parklawn,Week3,Burke Station,Week3,218.0 Burke Station - 174.0 Parklawn
Overlee,Week3,Brandywine,Week1,332.0 Overlee - 70.0 Brandywine
Overlee,Week1,Hunt Valley,Week4,258.0 Overlee - 144.0 Hunt Valley
Overlee,Week1,Hamlet,Week2,254.0 Overlee - 148.0 Hamlet
Parklawn,Week1,Hunter Mill,Week3,303.5 Hunter Mill - 89.5 Parklawn
Overlee,Week4,Springfield,Week1,401.0 Overlee - 1.0 Springfield
Overlee,Week1,Parklawn,Week2,358.0 Overlee - 44.0 Parklawn
Parklawn,Week5,Hunt Valley,Week4,305.0 Hunt Valley - 97.0 Parklawn
Orange Hunt,Week1,Sully Station,Week4,256.0 Sully Station - 146.0 Orange Hunt
Parklawn,Week1,Hunter Mill,Week4,309.0 Hunter Mill - 83.0 Parklawn
Overlee,Week1,Hamlet,Week4,278.0 Overlee - 124.0 Hamlet
Parklawn,Week1,Parliament,Week2,264.0 Parliament - 128.0 Parklawn
Overlee,Week2,Hunt Valley,Week2,305.5 Overlee - 96.5 Hunt Valley
Parklawn,Week4,Burke Station,Week1,200.0 Parklawn - 165.0 Burke Station
Overlee,Week5,Brandywine,Week3,343.0 Overlee - 59.0 Brandywine
Parklawn,Week2,Parliament,Week1,254.0 Parliament - 147.0 Parklawn
Overlee,Week1,Parklawn,Week1,362.0 Overlee - 31.0 Parklawn
Orange Hunt,Week1,Sully Station,Week2,257.5 Sully Station - 144.5 Orange Hunt
Overlee,Week2,Greenbriar,Week3,302.0 Overlee - 100.0 Greenbriar
Parklawn,Week3,Hunter Mill,Week1,297.0 Hunter Mill - 105.0 Parklawn
Overlee,Week5,Overlee,Week2,260.0 Overlee (O1) - 142.0 Overlee (O2)
Overlee,Week4,Springfield,Week4,401.0 Overlee - 1.0 Springfield
Overlee,Week3,Brandywine,Week5,304.0 Overlee - 98.0 Brandywine
Parklawn,Week5,Fairfax,Week1,313.0 Fairfax - 89.0 Parklawn
Orange Hunt,Week1,Sully Station,Week3,262.5 Sully Station - 139.5 Orange Hunt
Parklawn,Week1,Fairfax Club Estates,Week5,233.0 Fairfax Club Estates - 155.0 Parklawn
Overlee,Week1,Bren Mar-Edsall Park,Week2,392.0 Overlee - 10.0 Bren Mar-Edsall Park
Parklawn,Week3,Parliament,Week3,269.0 Parliament - 133.0 Parklawn
Overlee,Week2,Hunt Valley,Week1,289.0 Overlee - 113.0 Hunt Valley
Parklawn,Week1,Parliament,Week3,270.0 Parliament - 123.0 Parklawn
Parklawn,Week2,Hunter Mill,Week4,298.0 Hunter Mill - 103.0 Parklawn
Parklawn,Week3,Burke Station,Week2,222.0 Parklawn - 170.0 Burke Station
Overlee,Week1,Hunt Valley,Week5,267.0 Overlee - 135.0 Hunt Valley
Overlee,Week2,Parklawn,Week4,363.0 Overlee - 39.0 Parklawn
Overlee,Week5,Springfield,Week2,401.0 Overlee - 1.0 Springfield
Orange Hunt,Week1,Sully Station,Week1,256.0 Sully Station - 146.0 Orange Hunt
Overlee,Week4,Springfield,Week3,401.0 Overlee - 1.0 Springfield
Parklawn,Week1,Hunter Mill,Week5,304.0 Hunter Mill - 89.0 Parklawn
Parklawn,Week1,Fairfax Club Estates,Week2,222.0 Fairfax Club Estates - 171.0 Parklawn
Overlee,Week5,Greenbriar,Week4,337.0 Overlee - 65.0 Greenbriar
Overlee,Week4,Brandywine,Week1,361.0 Overlee - 41.0 Brandywine
Parklawn,Week5,Fairfax,Week2,323.0 Fairfax - 79.0 Parklawn
Overlee,Week3,Springfield,Week4,397.0 Overlee - 5.0 Springfield
Parklawn,Week4,Burke Station,Week4,238.0 Parklawn - 161.0 Burke Station
Overlee,Week2,Parklawn,Week2,360.0 Overlee - 42.0 Parklawn
Overlee,Week1,Greenbriar,Week5,295.0 Overlee - 107.0 Greenbriar
Parklawn,Week2,Hunter Mill,Week5,288.0 Hunter Mill - 114.0 Parklawn
Parklawn,Week4,Parliament,Week1,244.0 Parliament - 154.0 Parklawn
Parklawn,Week1,Fairfax Club Estates,Week4,242.0 Fairfax Club Estates - 151.0 Parklawn
Parklawn,Week4,Fairfax Club Estates,Week1,199.0 Fairfax Club Estates - 198.0 Parklawn
Parklawn,Week3,Hunter Mill,Week2,298.0 Hunter Mill - 104.0 Parklawn
Parklawn,Week3,Parliament,Week4,260.0 Parliament - 142.0 Parklawn
Orange Hunt,Week3,Sully Station,Week3,245.0 Sully Station - 157.0 Orange Hunt
Overlee,Week4,Springfield,Week5,402.0 Overlee - 0.0 Springfield
Overlee,Week1,Hunter Mill,Week4,293.0 Overlee - 109.0 Hunter Mill
Overlee,Week5,Greenbriar,Week1,327.0 Overlee - 75.0 Greenbriar
Overlee,Week2,Bren Mar-Edsall Park,Week3,392.0 Overlee - 10.0 Bren Mar-Edsall Park
Parklawn,Week5,Burke Station,Week1,197.0 Parklawn - 173.0 Burke Station
Parklawn,Week3,Parliament,Week1,279.0 Parliament - 123.0 Parklawn
Orange Hunt,Week2,Sully Station,Week5,245.0 Sully Station - 157.0 Orange Hunt
Overlee,Week4,Greenbriar,Week5,335.0 Overlee - 67.0 Greenbriar
Overlee,Week2,Parklawn,Week1,362.0 Overlee - 31.0 Parklawn
Overlee,Week5,Hunt Valley,Week3,315.0 Overlee - 87.0 Hunt Valley
Parklawn,Week2,Hunter Mill,Week1,295.0 Hunter Mill - 107.0 Parklawn
Parklawn,Week5,Burke Station,Week3,211.0 Parklawn - 181.0 Burke Station
Parklawn,Week3,Hunter Mill,Week3,300.0 Hunter Mill - 102.0 Parklawn
Overlee,Week2,Bren Mar-Edsall Park,Week2,395.0 Overlee - 7.0 Bren Mar-Edsall Park
Orange Hunt,Week2,Sully Station,Week3,237.0 Sully Station - 165.0 Orange Hunt
Overlee,Week2,Hunt Valley,Week3,267.0 Overlee - 135.0 Hunt Valley
Overlee,Week5,Greenbriar,Week2,306.0 Overlee - 96.0 Greenbriar
Overlee,Week2,Stratford,Week3,366.0 Overlee - 36.0 Stratford
Parklawn,Week5,Burke Station,Week4,239.0 Parklawn - 161.0 Burke Station
Overlee,Week2,Parklawn,Week3,371.0 Overlee - 31.0 Parklawn
Overlee,Week5,Springfield,Week1,402.0 Overlee - 0.0 Springfield
Parklawn,Week1,Fairfax Club Estates,Week3,234.0 Fairfax Club Estates - 158.0 Parklawn
Orange Hunt,Week3,Sully Station,Week2,242.0 Sully Station - 160.0 Orange Hunt
Overlee,Week3,Parklawn,Week1,362.0 Overlee - 31.0 Parklawn
Overlee,Week1,Bren Mar-Edsall Park,Week5,386.0 Overlee - 16.0 Bren Mar-Edsall Park
Parklawn,Week3,Fairfax Club Estates,Week2,214.0 Fairfax Club Estates - 184.0 Parklawn
Overlee,Week3,Hunt Valley,Week5,278.0 Overlee - 124.0 Hunt Valley
Parklawn,Week5,Burke Station,Week2,238.0 Parklawn - 154.0 Burke Station
Overlee,Week1,Stratford,Week4,343.0 Overlee - 59.0 Stratford
Overlee,Week1,Bren Mar-Edsall Park,Week4,391.0 Overlee - 11.0 Bren Mar-Edsall Park
Parklawn,Week4,Parliament,Week2,216.0 Parliament - 184.0 Parklawn
Overlee,Week3,Parklawn,Week3,366.0 Overlee - 36.0 Parklawn
Parklawn,Week5,Hunter Mill,Week3,279.0 Hunter Mill - 123.0 Parklawn
Overlee,Week3,Hamlet,Week1,270.0 Overlee - 132.0 Hamlet
Overlee,Week1,Hamlet,Week5,239.0 Overlee - 163.0 Hamlet
Overlee,Week3,Parklawn,Week4,355.0 Overlee - 47.0 Parklawn
Parklawn,Week2,Fairfax Club Estates,Week5,212.0 Fairfax Club Estates - 180.0 Parklawn
Parklawn,Week1,Camelot,Week3,249.0 Camelot - 144.0 Parklawn
Overlee,Week2,Hunt Valley,Week4,285.0 Overlee - 117.0 Hunt Valley
Parklawn,Week4,Parliament,Week3,230.0 Parliament - 171.0 Parklawn
Parklawn,Week5,Fairfax,Week5,340.0 Fairfax - 58.0 Parklawn
Overlee,Week3,Hunter Mill,Week2,290.0 Overlee - 112.0 Hunter Mill
Overlee,Week2,Hunter Mill,Week5,272.5 Overlee - 129.5 Hunter Mill
Parklawn,Week5,Burke Station,Week5,208.0 Parklawn - 193.0 Burke Station
Overlee,Week2,Stratford,Week4,360.0 Overlee - 42.0 Stratford
Overlee,Week4,Springfield,Week2,401.0 Overlee - 1.0 Springfield
Orange Hunt,Week1,Sully Station,Week5,256.0 Sully Station - 146.0 Orange Hunt
Overlee,Week4,Hamlet,Week4,336.0 Overlee - 66.0 Hamlet
Parklawn,Week4,Parliament,Week4,225.0 Parliament - 176.0 Parklawn
Overlee,Week5,Brandywine,Week4,346.0 Overlee - 56.0 Brandywine
Parklawn,Week3,Hunter Mill,Week4,296.0 Hunter Mill - 106.0 Parklawn
Parklawn,Week1,Camelot,Week1,250.0 Camelot - 143.0 Parklawn
Orange Hunt,Week3,Sully Station,Week4,250.0 Sully Station - 152.0 Orange Hunt
Overlee,Week2,Bren Mar-Edsall Park,Week4,394.0 Overlee - 8.0 Bren Mar-Edsall Park
Overlee,Week4,Parklawn,Week2,380.0 Overlee - 22.0 Parklawn
Parklawn,Week4,Hunter Mill,Week4,276.0 Hunter Mill - 122.0 Parklawn
Orange Hunt,Week3,Sully Station II,Week1,208.0 Sully Station II - 194.0 Orange Hunt
Parklawn,Week3,Camelot,Week1,248.0 Camelot - 153.0 Parklawn
Overlee,Week1,Stratford,Week2,340.0 Overlee - 62.0 Stratford
Parklawn,Week4,Parliament,Week5,238.0 Parliament - 163.0 Parklawn
Overlee,Week1,Brandywine,Week1,332.0 Overlee - 70.0 Brandywine
Overlee,Week1,Hunter Mill,Week5,269.0 Overlee - 133.0 Hunter Mill
Parklawn,Week5,Hunter Mill,Week5,289.0 Hunter Mill - 113.0 Parklawn
Overlee,Week4,Parklawn,Week5,373.0 Overlee - 29.0 Parklawn
Parklawn,Week1,Ilda Community,Week4,229.0 Ilda Community - 163.0 Parklawn
Parklawn,Week5,Fairfax,Week3,312.0 Fairfax - 86.0 Parklawn
Parklawn,Week1,Camelot,Week5,260.0 Camelot - 133.0 Parklawn
Parklawn,Week2,Camelot,Week3,234.0 Camelot - 164.0 Parklawn
Overlee,Week5,Brandywine,Week1,362.0 Overlee - 40.0 Brandywine
Overlee,Week1,Parliament,Week5,326.0 Overlee - 76.0 Parliament
Parklawn,Week2,Camelot,Week1,232.0 Camelot - 169.0 Parklawn
Parklawn,Week5,Parliament,Week3,231.0 Parliament - 171.0 Parklawn
Overlee,Week5,Springfield,Week3,401.0 Overlee - 1.0 Springfield
Overlee,Week2,Brandywine,Week2,338.0 Overlee - 64.0 Brandywine
Orange Hunt,Week2,Sully Station II,Week5,251.0 Sully Station II - 151.0 Orange Hunt
Overlee,Week3,Springfield,Week5,402.0 Overlee - 0.0 Springfield
Parklawn,Week2,Fairfax Club Estates,Week1,214.0 Fairfax Club Estates - 186.0 Parklawn
Overlee,Week2,Hamlet,Week5,257.0 Overlee - 145.0 Hamlet
Overlee,Week4,Hunter Mill,Week3,328.0 Overlee - 74.0 Hunter Mill
Overlee,Week2,Hunt Valley,Week5,270.0 Overlee - 132.0 Hunt Valley
Overlee,Week1,Parliament,Week3,339.0 Overlee - 63.0 Parliament
Overlee,Week1,Brandywine,Week3,318.5 Overlee - 83.5 Brandywine
Overlee,Week3,Hamlet,Week4,275.0 Overlee - 127.0 Hamlet
Overlee,Week2,Stratford,Week2,356.0 Overlee - 46.0 Stratford
Orange Hunt,Week2,Sully Station,Week2,240.0 Sully Station - 162.0 Orange Hunt
Parklawn,Week4,Fairfax Club Estates,Week2,200.0 Fairfax Club Estates - 197.0 Parklawn
Overlee,Week4,Parklawn,Week3,387.0 Overlee - 15.0 Parklawn
Parklawn,Week1,Ilda Community,Week1,212.0 Ilda Community - 172.0 Parklawn
Overlee,Week4,Hamlet,Week1,320.0 Overlee - 82.0 Hamlet
Orange Hunt,Week3,Sully Station II,Week5,258.0 Sully Station II - 144.0 Orange Hunt
Overlee,Week2,Hamlet,Week3,279.0 Overlee - 123.0 Hamlet
Parklawn,Week3,Fairfax Club Estates,Week5,224.0 Fairfax Club Estates - 169.0 Parklawn
Parklawn,Week2,Camelot,Week2,239.0 Camelot - 159.0 Parklawn
Overlee,Week5,Pinewood Lake,Week4,401.0 Overlee - 1.0 Pinewood Lake
Overlee,Week2,Brandywine,Week1,348.0 Overlee - 54.0 Brandywine
Overlee,Week3,Greenbriar,Week5,302.0 Overlee - 100.0 Greenbriar
Overlee,Week4,Parklawn,Week1,379.0 Overlee - 14.0 Parklawn
Parklawn,Week2,Ilda Community,Week5,207.0 Parklawn - 187.0 Ilda Community
Orange Hunt,Week4,Sully Station,Week1,243.0 Sully Station - 159.0 Orange Hunt
Overlee,Week3,Greenbriar,Week2,274.0 Overlee - 128.0 Greenbriar
Parklawn,Week4,Hunter Mill,Week5,292.0 Hunter Mill - 110.0 Parklawn
Overlee,Week2,Greenbriar,Week5,309.0 Overlee - 93.0 Greenbriar
Overlee,Week4,Hunt Valley,Week4,342.0 Overlee - 60.0 Hunt Valley
Parklawn,Week1,Ilda Community,Week5,217.0 Ilda Community - 172.0 Parklawn
Overlee,Week2,Brandywine,Week4,332.0 Overlee - 70.0 Brandywine
Parklawn,Week3,Camelot,Week5,262.0 Camelot - 140.0 Parklawn
Overlee,Week2,Parliament,Week1,330.0 Overlee - 72.0 Parliament
Overlee,Week2,Parliament,Week2,342.0 Overlee - 60.0 Parliament
Overlee,Week2,Brandywine,Week3,322.5 Overlee - 79.5 Brandywine
Parklawn,Week3,Fairfax Station,Week5,331.0 Fairfax Station - 71.0 Parklawn
Parklawn,Week4,Fairfax Club Estates,Week4,206.0 Fairfax Club Estates - 186.0 Parklawn
Parklawn,Week3,Fairfax Station,Week3,315.0 Fairfax Station - 87.0 Parklawn
Overlee,Week2,Parliament,Week3,339.0 Overlee - 63.0 Parliament
Orange Hunt,Week4,Sully Station II,Week2,229.0 Sully Station II - 173.0 Orange Hunt
Overlee,Week2,Pleasant Valley,Week5,373.5 Overlee - 28.5 Pleasant Valley
Overlee,Week2,Hunter Mill,Week4,299.5 Overlee - 102.5 Hunter Mill
Parklawn,Week5,Parliament,Week2,216.0 Parliament - 181.0 Parklawn
Parklawn,Week4,Camelot,Week1,233.0 Camelot - 168.0 Parklawn
Overlee,Week2,Greenbriar,Week4,317.0 Overlee - 85.0 Greenbriar
Overlee,Week5,Pleasant Valley,Week1,387.0 Overlee - 15.0 Pleasant Valley
Orange Hunt,Week3,Sully Station,Week5,260.0 Sully Station - 142.0 Orange Hunt
Overlee,Week2,Hunter Mill,Week3,294.0 Overlee - 108.0 Hunter Mill
Parklawn,Week2,Ilda Community,Week1,217.0 Parklawn - 180.0 Ilda Community
Overlee,Week5,Hunt Valley,Week1,322.0 Overlee - 80.0 Hunt Valley
Overlee,Week3,Hunt Valley,Week1,293.0 Overlee - 109.0 Hunt Valley
Overlee,Week2,Stratford,Week5,365.0 Overlee - 37.0 Stratford
Overlee,Week1,Brandywine,Week2,319.0 Overlee - 83.0 Brandywine
Orange Hunt,Week4,Sully Station,Week2,229.0 Sully Station - 173.0 Orange Hunt
Parklawn,Week4,Fairfax Station,Week2,294.0 Fairfax Station - 107.0 Parklawn
Parklawn,Week3,Camelot,Week4,236.0 Camelot - 165.0 Parklawn
Parklawn,Week5,Parliament,Week1,248.0 Parliament - 153.0 Parklawn
Parklawn,Week2,Fairfax Station,Week5,332.0 Fairfax Station - 70.0 Parklawn
Overlee,Week2,Greenbriar,Week1,306.0 Overlee - 96.0 Greenbriar
Overlee,Week2,Pleasant Valley,Week2,377.0 Overlee - 25.0 Pleasant Valley
Parklawn,Week4,Hunter Mill,Week2,280.0 Hunter Mill - 118.0 Parklawn
Overlee,Week2,Parliament,Week4,348.0 Overlee - 54.0 Parliament
Overlee,Week3,Brandywine,Week4,323.0 Overlee - 79.0 Brandywine
Overlee,Week3,Hunter Mill,Week3,281.0 Overlee - 121.0 Hunter Mill
Overlee,Week1,Hunter Mill,Week3,282.0 Overlee - 120.0 Hunter Mill
Parklawn,Week2,Camelot,Week4,241.0 Camelot - 160.0 Parklawn
Parklawn,Week3,Ilda Community,Week1,201.0 Ilda Community - 199.0 Parklawn
Overlee,Week2,Brandywine,Week5,325.0 Overlee - 77.0 Brandywine
Parklawn,Week3,Ilda Community,Week4,230.0 Ilda Community - 171.0 Parklawn
Orange Hunt,Week4,Sully Station,Week3,240.0 Sully Station - 162.0 Orange Hunt
Overlee,Week5,Pleasant Valley,Week5,384.0 Overlee - 18.0 Pleasant Valley
Overlee,Week4,Pleasant Valley,Week1,394.0 Overlee - 8.0 Pleasant Valley
Overlee,Week4,Greenbriar,Week1,338.0 Overlee - 64.0 Greenbriar
Parklawn,Week2,Fairfax Station,Week1,310.0 Fairfax Station - 91.0 Parklawn
Parklawn,Week4,Camelot,Week2,238.0 Camelot - 159.0 Parklawn
Overlee,Week3,Brandywine,Week3,317.0 Overlee - 85.0 Brandywine
Orange Hunt,Week1,Sully Station II,Week1,220.0 Sully Station II - 182.0 Orange Hunt
Parklawn,Week5,Fairfax Club Estates,Week2,199.0 Fairfax Club Estates - 199.0 Parklawn
Overlee,Week5,Parklawn,Week2,380.0 Overlee - 22.0 Parklawn
Overlee,Week1,Parliament,Week4,347.0 Overlee - 55.0 Parliament
Orange Hunt,Week5,Sully Station,Week1,235.0 Sully Station - 167.0 Orange Hunt
Overlee,Week3,Greenbriar,Week3,298.0 Overlee - 104.0 Greenbriar
Overlee,Week5,Parklawn,Week4,371.0 Overlee - 31.0 Parklawn
Overlee,Week1,Parliament,Week1,321.0 Overlee - 81.0 Parliament
Overlee,Week4,Parklawn,Week4,377.0 Overlee - 25.0 Parklawn
Overlee,Week4,Pleasant Valley,Week5,391.0 Overlee - 11.0 Pleasant Valley
Overlee,Week4,Brandywine,Week2,351.0 Overlee - 51.0 Brandywine
Parklawn,Week4,Camelot,Week3,231.0 Camelot - 167.0 Parklawn
Overlee,Week2,Pleasant Valley,Week1,377.0 Overlee - 25.0 Pleasant Valley
Overlee,Week4,Greenbriar,Week4,348.0 Overlee - 54.0 Greenbriar
Overlee,Week5,Brandywine,Week5,330.0 Overlee - 72.0 Brandywine
Parklawn,Week3,Camelot,Week2,249.0 Camelot - 149.0 Parklawn
Overlee,Week5,Parklawn,Week5,371.0 Overlee - 31.0 Parklawn
Orange Hunt,Week3,Sully Station,Week1,252.0 Sully Station - 150.0 Orange Hunt
Orange Hunt,Week2,Sully Station,Week4,250.0 Sully Station - 152.0 Orange Hunt
Parklawn,Week4,Camelot,Week4,229.0 Camelot - 172.0 Parklawn
Parklawn,Week2,Ilda Community,Week2,207.0 Parklawn - 193.0 Ilda Community
Overlee,Week5,Greenbriar,Week3,325.0 Overlee - 77.0 Greenbriar
Orange Hunt,Week5,Stratford,Week5,263.0 Orange Hunt - 139.0 Stratford
Parklawn,Week4,Ilda Community,Week1,223.0 Parklawn - 169.0 Ilda Community
Parklawn,Week2,Ilda Community,Week3,220.0 Parklawn - 179.0 Ilda Community
Overlee,Week1,Pleasant Valley,Week3,368.0 Overlee - 34.0 Pleasant Valley
Overlee,Week4,Hunt Valley,Week3,334.0 Overlee - 68.0 Hunt Valley
Overlee,Week5,Greenbriar,Week5,320.0 Overlee - 82.0 Greenbriar
Parklawn,Week1,Fairfax Station,Week2,321.0 Fairfax Station - 72.0 Parklawn
Overlee,Week4,Brandywine,Week4,352.0 Overlee - 50.0 Brandywine
Overlee,Week4,Brandywine,Week5,349.0 Overlee - 53.0 Brandywine
Overlee,Week4,Hunt Valley,Week1,346.0 Overlee - 56.0 Hunt Valley
Orange Hunt,Week4,Sully Station,Week4,244.0 Sully Station - 158.0 Orange Hunt
Overlee,Week4,Hunt Valley,Week5,336.0 Overlee - 66.0 Hunt Valley
Parklawn,Week1,Forest Hollow,Week2,281.0 Forest Hollow - 112.0 Parklawn
Parklawn,Week2,Ilda Community,Week4,207.5 Ilda Community - 191.5 Parklawn
Parklawn,Week2,Camelot,Week5,250.0 Camelot - 152.0 Parklawn
Parklawn,Week5,Fairfax Station,Week5,311.0 Fairfax Station - 91.0 Parklawn
Overlee,Week5,Hunt Valley,Week4,327.0 Overlee - 75.0 Hunt Valley
Overlee,Week1,Pleasant Valley,Week1,370.0 Overlee - 32.0 Pleasant Valley
Parklawn,Week3,Camelot,Week3,241.0 Camelot - 157.0 Parklawn
Parklawn,Week1,Fairfax Station,Week4,318.0 Fairfax Station - 75.0 Parklawn
Parklawn,Week5,Hunter Mill,Week4,281.0 Hunter Mill - 121.0 Parklawn
Overlee,Week2,Hamlet,Week2,276.0 Overlee - 126.0 Hamlet
Parklawn,Week5,Fairfax Club Estates,Week5,210.0 Fairfax Club Estates - 183.0 Parklawn
Parklawn,Week5,Parliament,Week4,232.0 Parliament - 169.0 Parklawn
Overlee,Week4,Pleasant Valley,Week3,392.0 Overlee - 10.0 Pleasant Valley
Parklawn,Week5,Camelot,Week3,226.0 Camelot - 172.0 Parklawn
Overlee,Week3,Hunt Valley,Week4,279.0 Overlee - 123.0 Hunt Valley
Overlee,Week1,Pleasant Valley,Week4,375.0 Overlee - 27.0 Pleasant Valley
Overlee,Week2,Hunter Mill,Week2,311.5 Overlee - 90.5 Hunter Mill
Parklawn,Week4,Hunter Mill,Week1,281.0 Hunter Mill - 120.0 Parklawn
Overlee,Week2,Bren Mar-Edsall Park,Week1,395.0 Overlee - 7.0 Bren Mar-Edsall Park
Overlee,Week1,Parliament,Week2,339.0 Overlee - 63.0 Parliament
Orange Hunt,Week5,Sully Station,Week3,230.0 Sully Station - 172.0 Orange Hunt
Orange Hunt,Week5,Sully Station,Week5,240.5 Sully Station - 160.5 Orange Hunt
Orange Hunt,Week1,Sully Station II,Week2,237.0 Sully Station II - 165.0 Orange Hunt
Overlee,Week1,Bren Mar-Edsall Park,Week3,389.0 Overlee - 13.0 Bren Mar-Edsall Park
Overlee,Week5,Pleasant Valley,Week2,390.0 Overlee - 12.0 Pleasant Valley
Overlee,Week1,Hamlet,Week3,267.0 Overlee - 135.0 Hamlet
Overlee,Week5,Brandywine,Week2,340.0 Overlee - 62.0 Brandywine
Parklawn,Week5,Camelot,Week1,236.0 Camelot - 165.0 Parklawn
Orange Hunt,Week4,Sully Station,Week5,255.0 Sully Station - 147.0 Orange Hunt
Parklawn,Week5,Camelot,Week2,229.0 Camelot - 169.0 Parklawn
Parklawn,Week4,Fairfax Station,Week5,317.0 Fairfax Station - 85.0 Parklawn
Overlee,Week4,Greenbriar,Week3,342.0 Overlee - 60.0 Greenbriar
Parklawn,Week4,Camelot,Week5,240.0 Camelot - 162.0 Parklawn
Parklawn,Week1,Fairfax Station,Week3,334.0 Fairfax Station - 59.0 Parklawn
Overlee,Week1,Hamlet,Week1,267.0 Overlee - 135.0 Hamlet
Overlee,Week5,Parklawn,Week3,387.0 Overlee - 15.0 Parklawn
Overlee,Week4,Parliament,Week3,365.0 Overlee - 37.0 Parliament
Parklawn,Week5,Fairfax Club Estates,Week4,211.0 Fairfax Club Estates - 182.0 Parklawn
Parklawn,Week3,Ilda Community,Week5,206.0 Ilda Community - 190.0 Parklawn
Overlee,Week1,Bren Mar-Edsall Park,Week1,392.0 Overlee - 10.0 Bren Mar-Edsall Park
Overlee,Week1,Hunter Mill,Week2,296.0 Overlee - 106.0 Hunter Mill
Overlee,Week3,Pleasant Valley,Week4,374.0 Overlee - 28.0 Pleasant Valley
Overlee,Week2,Hamlet,Week1,285.0 Overlee - 117.0 Hamlet
Overlee,Week5,Parklawn,Week1,378.0 Overlee - 15.0 Parklawn
Parklawn,Week3,Ilda Community,Week3,201.0 Ilda Community - 200.0 Parklawn
Overlee,Week5,Hunt Valley,Week5,315.0 Overlee - 87.0 Hunt Valley
Orange Hunt,Week2,Sully Station II,Week2,224.0 Sully Station II - 178.0 Orange Hunt
Overlee,Week3,Parliament,Week3,334.0 Overlee - 68.0 Parliament
Overlee,Week2,Poplar Heights,Week3,320.0 Overlee - 82.0 Poplar Heights
Parklawn,Week5,Hunter Mill,Week2,276.0 Hunter Mill - 126.0 Parklawn
Parklawn,Week4,Fairfax Club Estates,Week5,197.0 Fairfax Club Estates - 195.0 Parklawn
Parklawn,Week5,Camelot,Week5,237.0 Camelot - 165.0 Parklawn
Parklawn,Week3,Ilda Community,Week2,209.5 Ilda Community - 191.5 Parklawn
Parklawn,Week1,Fairfax Station,Week5,331.0 Fairfax Station - 62.0 Parklawn
Overlee,Week2,Hamlet,Week4,298.0 Overlee - 104.0 Hamlet
Overlee,Week3,Hunt Valley,Week2,292.0 Overlee - 110.0 Hunt Valley
Overlee,Week3,Brookfield ,Week2,338.0 Overlee - 64.0 Brookfield
Overlee,Week3,Bren Mar-Edsall Park,Week5,391.0 Overlee - 11.0 Bren Mar-Edsall Park
Parklawn,Week5,Hunter Mill,Week1,284.0 Hunter Mill - 118.0 Parklawn
Overlee,Week4,Parliament,Week1,353.0 Overlee - 49.0 Parliament
Overlee,Week5,Pleasant Valley,Week4,381.0 Overlee - 21.0 Pleasant Valley
Overlee,Week3,Hunt Valley,Week3,280.0 Overlee - 122.0 Hunt Valley
Overlee,Week5,Pleasant Valley,Week3,385.0 Overlee - 17.0 Pleasant Valley
Parklawn,Week5,Camelot,Week4,227.0 Camelot - 174.0 Parklawn
Overlee,Week4,Hunt Valley,Week2,356.0 Overlee - 46.0 Hunt Valley
Overlee,Week3,Hamlet,Week3,261.5 Overlee - 140.5 Hamlet
Orange Hunt,Week2,Sully Station II,Week1,216.5 Sully Station II - 185.5 Orange Hunt
Overlee,Week1,Brookfield ,Week2,326.0 Overlee - 76.0 Brookfield
Overlee,Week1,Pinecrest,Week3,257.0 Overlee - 145.0 Pinecrest
Orange Hunt,Week1,Sully Station II,Week3,249.0 Sully Station II - 153.0 Orange Hunt
Parklawn,Week3,Fairfax Station,Week1,312.0 Fairfax Station - 89.0 Parklawn
Overlee,Week1,Hunter Mill,Week1,286.0 Overlee - 116.0 Hunter Mill
Parklawn,Week1,Fairfax Station,Week1,314.0 Fairfax Station - 79.0 Parklawn
Overlee,Week4,Parliament,Week5,363.0 Overlee - 39.0 Parliament
Overlee,Week5,Bren Mar-Edsall Park,Week4,398.0 Overlee - 4.0 Bren Mar-Edsall Park
Orange Hunt,Week1,Sully Station II,Week5,259.0 Sully Station II - 143.0 Orange Hunt
Parklawn,Week5,Ilda Community,Week3,231.0 Parklawn - 170.0 Ilda Community
Overlee,Week3,Pleasant Valley,Week3,364.0 Overlee - 38.0 Pleasant Valley
Parklawn,Week1,Ilda Community,Week3,200.0 Ilda Community - 192.0 Parklawn
Orange Hunt,Week1,Sully Station II,Week4,216.0 Sully Station II - 186.0 Orange Hunt
Orange Hunt,Week2,Sully Station II,Week4,222.0 Sully Station II - 180.0 Orange Hunt
Overlee,Week3,Bren Mar-Edsall Park,Week2,398.5 Overlee - 3.5 Bren Mar-Edsall Park
Overlee,Week3,Hamlet,Week2,256.0 Overlee - 146.0 Hamlet
Parklawn,Week5,Fairfax Club Estates,Week1,206.0 Parklawn - 195.0 Fairfax Club Estates
Overlee,Week3,Pleasant Valley,Week1,374.0 Overlee - 28.0 Pleasant Valley
Overlee,Week5,Bren Mar-Edsall Park,Week1,396.0 Overlee - 6.0 Bren Mar-Edsall Park
Parklawn,Week2,Canterbury Woods,Week1,223.0 Canterbury Woods - 178.0 Parklawn
Parklawn,Week1,Ilda Community,Week2,226.0 Ilda Community - 166.0 Parklawn
Overlee,Week4,Hamlet,Week2,314.0 Overlee - 88.0 Hamlet
Overlee,Week4,Parliament,Week2,375.0 Overlee - 27.0 Parliament
Overlee,Week5,Hunt Valley,Week2,335.0 Overlee - 67.0 Hunt Valley
Parklawn,Week3,Canterbury Woods,Week4,257.0 Canterbury Woods - 144.0 Parklawn
Overlee,Week2,Hunter Mill,Week1,300.0 Overlee - 102.0 Hunter Mill
Parklawn,Week4,Fairfax Club Estates,Week3,205.0 Parklawn - 189.0 Fairfax Club Estates
Orange Hunt,Week5,Sully Station,Week4,227.0 Sully Station - 175.0 Orange Hunt
Overlee,Week3,Hunter Mill,Week1,288.0 Overlee - 114.0 Hunter Mill
Parklawn,Week5,Fairfax Club Estates,Week3,207.0 Parklawn - 191.0 Fairfax Club Estates
Overlee,Week3,Hamlet,Week5,241.0 Overlee - 161.0 Hamlet
Parklawn,Week4,Hunter Mill,Week3,279.0 Hunter Mill - 123.0 Parklawn
Overlee,Week5,Parliament,Week2,367.0 Overlee - 35.0 Parliament
Overlee,Week3,Bren Mar-Edsall Park,Week1,393.0 Overlee - 9.0 Bren Mar-Edsall Park
Overlee,Week3,Parliament,Week4,344.0 Overlee - 58.0 Parliament
Overlee,Week2,Pleasant Valley,Week3,372.0 Overlee - 30.0 Pleasant Valley
Parklawn,Week3,Canterbury Woods,Week2,237.0 Canterbury Woods - 161.0 Parklawn
Parklawn,Week1,Canterbury Woods,Week3,265.0 Canterbury Woods - 128.0 Parklawn
Overlee,Week1,Pleasant Valley,Week5,373.0 Overlee - 29.0 Pleasant Valley
Overlee,Week4,Hamlet,Week3,321.0 Overlee - 81.0 Hamlet
Parklawn,Week1,Canterbury Woods,Week1,250.0 Canterbury Woods - 143.0 Parklawn
Overlee,Week4,Hunter Mill,Week2,338.5 Overlee - 63.5 Hunter Mill
Overlee,Week3,Bren Mar-Edsall Park,Week3,394.0 Overlee - 8.0 Bren Mar-Edsall Park
Parklawn,Week1,Canterbury Woods,Week4,261.0 Canterbury Woods - 127.0 Parklawn
Overlee,Week2,Pleasant Valley,Week4,376.0 Overlee - 26.0 Pleasant Valley
Parklawn,Week3,Fairfax Station,Week2,314.0 Fairfax Station - 87.0 Parklawn
Overlee,Week1,Hayfield Farm,Week2,315.0 Overlee - 87.0 Hayfield Farm
Overlee,Week5,Hamlet,Week2,306.0 Overlee - 96.0 Hamlet
Overlee,Week4,Hunter Mill,Week1,334.0 Overlee - 68.0 Hunter Mill
Overlee,Week3,Hunter Mill,Week5,260.0 Overlee - 142.0 Hunter Mill
Parklawn,Week4,Ilda Community,Week5,220.0 Parklawn - 169.0 Ilda Community
Overlee,Week4,Pinecrest,Week2,318.0 Overlee - 84.0 Pinecrest
Overlee,Week1,Brookfield ,Week1,326.0 Overlee - 76.0 Brookfield
Parklawn,Week2,Fairfax Station,Week4,305.0 Fairfax Station - 97.0 Parklawn
Overlee,Week3,Pleasant Valley,Week2,374.0 Overlee - 28.0 Pleasant Valley
Parklawn,Week5,Parliament,Week5,244.0 Parliament - 156.0 Parklawn
Overlee,Week5,Hamlet,Week5,290.0 Overlee - 112.0 Hamlet
Parklawn,Week5,Canterbury Woods,Week1,227.0 Canterbury Woods - 174.0 Parklawn
Overlee,Week4,Pleasant Valley,Week4,387.0 Overlee - 15.0 Pleasant Valley
Overlee,Week5,Hamlet,Week4,327.0 Overlee - 75.0 Hamlet
Parklawn,Week5,Ilda Community,Week2,219.0 Parklawn - 182.0 Ilda Community
Overlee,Week2,Parliament,Week5,337.0 Overlee - 65.0 Parliament
Orange Hunt,Week3,Sully Station II,Week4,205.0 Sully Station II - 197.0 Orange Hunt
Overlee,Week3,Hunter Mill,Week4,278.0 Overlee - 124.0 Hunter Mill
Orange Hunt,Week2,Sully Station II,Week3,244.0 Sully Station II - 158.0 Orange Hunt
Overlee,Week1,Brookfield ,Week5,338.5 Overlee - 63.5 Brookfield
Overlee,Week5,Parliament,Week3,366.0 Overlee - 36.0 Parliament
Parklawn,Week2,Fairfax Station,Week3,321.0 Fairfax Station - 81.0 Parklawn
Orange Hunt,Week3,Sully Station II,Week2,236.0 Sully Station II - 166.0 Orange Hunt
Overlee,Week4,Hamlet,Week5,292.0 Overlee - 110.0 Hamlet
Parklawn,Week2,Fairfax Station,Week2,315.0 Fairfax Station - 86.0 Parklawn
Parklawn,Week5,Canterbury Woods,Week4,234.0 Canterbury Woods - 167.0 Parklawn
Parklawn,Week4,Ilda Community,Week2,218.0 Parklawn - 179.0 Ilda Community
Orange Hunt,Week3,Sully Station II,Week3,245.0 Sully Station II - 157.0 Orange Hunt
Overlee,Week5,Pinewood Lake,Week5,400.0 Overlee - 2.0 Pinewood Lake
Overlee,Week1,Brookfield ,Week4,324.0 Overlee - 78.0 Brookfield
Overlee,Week5,Parliament,Week4,372.0 Overlee - 30.0 Parliament
Parklawn,Week4,Canterbury Woods,Week4,239.0 Canterbury Woods - 162.0 Parklawn
Parklawn,Week2,Kent Gardens,Week4,255.0 Kent Gardens - 147.0 Parklawn
Overlee,Week5,Bren Mar-Edsall Park,Week2,401.0 Overlee - 1.0 Bren Mar-Edsall Park
Overlee,Week4,Pleasant Valley,Week2,394.0 Overlee - 8.0 Pleasant Valley
Parklawn,Week4,Fairfax Station,Week1,287.5 Fairfax Station - 113.5 Parklawn
Overlee,Week2,Hayfield Farm,Week4,326.0 Overlee - 76.0 Hayfield Farm
Parklawn,Week2,Cardinal Hill,Week5,299.0 Cardinal Hill - 99.0 Parklawn
Parklawn,Week1,Kent Gardens,Week3,274.0 Kent Gardens - 119.0 Parklawn
Overlee,Week5,Pinecrest,Week2,295.5 Overlee - 106.5 Pinecrest
Overlee,Week5,Pinecrest,Week4,292.0 Overlee - 110.0 Pinecrest
Parklawn,Week2,Canterbury Woods,Week4,236.0 Canterbury Woods - 165.0 Parklawn
Overlee,Week2,Hayfield Farm,Week1,335.0 Overlee - 67.0 Hayfield Farm
Parklawn,Week1,Canterbury Woods,Week5,261.0 Canterbury Woods - 131.0 Parklawn
Overlee,Week5,Hunter Mill,Week5,316.0 Overlee - 86.0 Hunter Mill
Parklawn,Week1,Kent Gardens,Week5,300.0 Kent Gardens - 93.0 Parklawn
Orange Hunt,Week4,Sully Station II,Week1,205.0 Sully Station II - 197.0 Orange Hunt
Overlee,Week3,Pleasant Valley,Week5,377.0 Overlee - 25.0 Pleasant Valley
Overlee,Week1,Hayfield Farm,Week3,300.0 Overlee - 102.0 Hayfield Farm
Parklawn,Week4,Fairfax Station,Week3,306.0 Fairfax Station - 95.0 Parklawn
Parklawn,Week1,Kent Gardens,Week1,283.0 Kent Gardens - 110.0 Parklawn
Overlee,Week5,Bren Mar-Edsall Park,Week3,394.0 Overlee - 8.0 Bren Mar-Edsall Park
Overlee,Week3,Ilda Community,Week4,367.0 Overlee - 35.0 Ilda Community
Overlee,Week4,Pinecrest,Week5,315.0 Overlee - 87.0 Pinecrest
Overlee,Week2,Brookfield ,Week2,353.0 Overlee - 49.0 Brookfield
Parklawn,Week3,Fairfax Station,Week4,309.0 Fairfax Station - 93.0 Parklawn
Overlee,Week1,Pleasant Valley,Week2,374.0 Overlee - 28.0 Pleasant Valley
Overlee,Week4,Ilda Community,Week3,386.0 Overlee - 16.0 Ilda Community
Overlee,Week3,Poplar Heights,Week3,317.0 Overlee - 85.0 Poplar Heights
Overlee,Week5,Poplar Heights,Week5,330.0 Overlee - 72.0 Poplar Heights
Overlee,Week1,Ilda Community,Week2,378.0 Overlee - 24.0 Ilda Community
Overlee,Week3,Hayfield Farm,Week5,310.0 Overlee - 92.0 Hayfield Farm
Overlee,Week2,Brookfield ,Week5,351.0 Overlee - 51.0 Brookfield
Parklawn,Week1,Cardinal Hill,Week3,332.0 Cardinal Hill - 61.0 Parklawn
Overlee,Week5,Ilda Community,Week2,391.0 Overlee - 11.0 Ilda Community
Parklawn,Week2,Kent Gardens,Week1,266.0 Kent Gardens - 136.0 Parklawn
Overlee,Week4,Ilda Community,Week5,389.0 Overlee - 13.0 Ilda Community
Overlee,Week2,Brookfield ,Week3,367.0 Overlee - 35.0 Brookfield
Overlee,Week4,Bren Mar-Edsall Park,Week3,397.0 Overlee - 5.0 Bren Mar-Edsall Park
Parklawn,Week5,Fairfax Station,Week2,306.0 Fairfax Station - 95.0 Parklawn
Overlee,Week5,Hamlet,Week1,316.0 Overlee - 86.0 Hamlet
Overlee,Week1,Hayfield Farm,Week1,323.0 Overlee - 79.0 Hayfield Farm
Overlee,Week5,Hunter Mill,Week2,342.0 Overlee - 60.0 Hunter Mill
Overlee,Week2,Brookfield ,Week4,351.0 Overlee - 51.0 Brookfield
Overlee,Week3,Parliament,Week5,320.0 Overlee - 82.0 Parliament
Parklawn,Week1,Cardinal Hill,Week4,317.0 Cardinal Hill - 76.0 Parklawn
Parklawn,Week5,Canterbury Woods,Week2,212.0 Canterbury Woods - 186.0 Parklawn
Parklawn,Week5,Fairfax Station,Week3,316.0 Fairfax Station - 86.0 Parklawn
Parklawn,Week3,Cardinal Hill,Week5,306.0 Cardinal Hill - 92.0 Parklawn
Overlee,Week5,Parliament,Week1,350.0 Overlee - 52.0 Parliament
Overlee,Week2,Hayfield Farm,Week5,332.0 Overlee - 70.0 Hayfield Farm
Overlee,Week3,Poplar Heights,Week5,305.0 Overlee - 97.0 Poplar Heights
Parklawn,Week2,Kent Gardens,Week3,253.0 Kent Gardens - 149.0 Parklawn
Parklawn,Week2,Kent Gardens,Week2,266.0 Kent Gardens - 136.0 Parklawn
Overlee,Week2,Poplar Heights,Week1,321.0 Overlee - 81.0 Poplar Heights
Overlee,Week4,Pinecrest,Week3,311.0 Overlee - 91.0 Pinecrest
Overlee,Week5,Ilda Community,Week1,385.0 Overlee - 17.0 Ilda Community
Parklawn,Week5,Ilda Community,Week5,213.0 Parklawn - 184.0 Ilda Community
Overlee,Week1,Pinewood Lake,Week1,388.0 Overlee - 13.0 Pinewood Lake
Parklawn,Week4,Fairfax Station,Week4,291.0 Fairfax Station - 110.0 Parklawn
Overlee,Week1,Poplar Heights,Week3,313.0 Overlee - 89.0 Poplar Heights
Parklawn,Week5,Fairfax Station,Week1,299.0 Fairfax Station - 102.0 Parklawn
Overlee,Week2,Bren Mar-Edsall Park,Week5,392.0 Overlee - 10.0 Bren Mar-Edsall Park
Parklawn,Week5,Fairfax Station,Week4,297.0 Fairfax Station - 105.0 Parklawn
Parklawn,Week4,Ilda Community,Week4,210.0 Parklawn - 187.0 Ilda Community
Parklawn,Week4,Cardinal Hill,Week2,270.0 Cardinal Hill - 130.0 Parklawn
Overlee,Week4,Bren Mar-Edsall Park,Week2,400.0 Overlee - 2.0 Bren Mar-Edsall Park
Overlee,Week4,Hayfield Farm,Week1,356.5 Overlee - 45.5 Hayfield Farm
Overlee,Week4,Bren Mar-Edsall Park,Week5,397.0 Overlee - 5.0 Bren Mar-Edsall Park
Overlee,Week4,Bren Mar-Edsall Park,Week1,398.0 Overlee - 4.0 Bren Mar-Edsall Park
Overlee,Week1,Ilda Community,Week3,371.0 Overlee - 31.0 Ilda Community
Parklawn,Week4,Cardinal Hill,Week5,285.0 Cardinal Hill - 112.0 Parklawn
Overlee,Week3,Parliament,Week2,338.0 Overlee - 64.0 Parliament
Parklawn,Week1,Canterbury Woods,Week2,247.0 Canterbury Woods - 146.0 Parklawn
Overlee,Week5,Poplar Heights,Week2,347.0 Overlee - 55.0 Poplar Heights
Overlee,Week4,Hayfield Farm,Week2,354.0 Overlee - 48.0 Hayfield Farm
Parklawn,Week4,Ilda Community,Week3,228.0 Parklawn - 169.0 Ilda Community
Overlee,Week1,Poplar Heights,Week2,298.0 Overlee - 104.0 Poplar Heights
Parklawn,Week1,Kings Ridge ,Week3,216.0 Kings Ridge - 173.0 Parklawn
Parklawn,Week3,Kent Gardens,Week1,275.0 Kent Gardens - 127.0 Parklawn
Parklawn,Week4,Canterbury Woods,Week3,245.0 Canterbury Woods - 151.0 Parklawn
Overlee,Week2,Pinecrest,Week4,267.0 Overlee - 135.0 Pinecrest
Overlee,Week4,Ilda Community,Week1,377.0 Overlee - 25.0 Ilda Community
Parklawn,Week1,Forest Hollow,Week1,286.0 Forest Hollow - 107.0 Parklawn
Overlee,Week2,Pinecrest,Week2,267.3 Overlee - 134.7 Pinecrest
Overlee,Week5,Hamlet,Week3,308.0 Overlee - 94.0 Hamlet
Overlee,Week3,Ilda Community,Week1,364.0 Overlee - 38.0 Ilda Community
Overlee,Week3,Parliament,Week1,313.0 Overlee - 89.0 Parliament
Overlee,Week4,Parliament,Week4,371.0 Overlee - 31.0 Parliament
Overlee,Week3,Bren Mar-Edsall Park,Week4,392.0 Overlee - 10.0 Bren Mar-Edsall Park
Parklawn,Week5,Canterbury Woods,Week5,225.0 Canterbury Woods - 168.0 Parklawn
Overlee,Week5,Poplar Heights,Week3,343.0 Overlee - 59.0 Poplar Heights
Overlee,Week2,Poplar Tree,Week4,305.0 Overlee - 97.0 Poplar Tree
Overlee,Week4,Ilda Community,Week4,383.0 Overlee - 19.0 Ilda Community
Overlee,Week3,Brookfield ,Week1,332.0 Overlee - 70.0 Brookfield
Parklawn,Week2,Forest Hollow,Week2,268.0 Forest Hollow - 134.0 Parklawn
Overlee,Week2,Hayfield Farm,Week3,315.0 Overlee - 87.0 Hayfield Farm
Overlee,Week3,Ilda Community,Week3,371.0 Overlee - 31.0 Ilda Community
Overlee,Week3,Hayfield Farm,Week1,322.0 Overlee - 80.0 Hayfield Farm
Parklawn,Week3,Forest Hollow,Week4,297.0 Forest Hollow - 104.0 Parklawn
Parklawn,Week4,Forest Hollow,Week5,261.0 Forest Hollow - 140.0 Parklawn
Parklawn,Week1,Kent Gardens,Week4,276.0 Kent Gardens - 117.0 Parklawn
Parklawn,Week4,Forest Hollow,Week3,257.0 Forest Hollow - 145.0 Parklawn
Overlee,Week1,Pinecrest,Week1,259.5 Overlee - 142.5 Pinecrest
Parklawn,Week3,Kent Gardens,Week5,282.0 Kent Gardens - 120.0 Parklawn
Overlee,Week5,Hunter Mill,Week1,330.0 Overlee - 72.0 Hunter Mill
Overlee,Week2,Poplar Heights,Week2,310.0 Overlee - 92.0 Poplar Heights
Overlee,Week5,Bren Mar-Edsall Park,Week5,393.0 Overlee - 9.0 Bren Mar-Edsall Park
Overlee,Week4,Hunter Mill,Week4,328.0 Overlee - 74.0 Hunter Mill
Overlee,Week1,Hayfield Farm,Week4,321.0 Overlee - 81.0 Hayfield Farm
Parklawn,Week2,Kings Ridge ,Week5,211.0 Kings Ridge - 191.0 Parklawn
Parklawn,Week1,Cardinal Hill,Week5,314.0 Cardinal Hill - 79.0 Parklawn
Overlee,Week1,Poplar Heights,Week1,307.0 Overlee - 95.0 Poplar Heights
Parklawn,Week1,Kings Ridge ,Week5,222.0 Kings Ridge - 171.0 Parklawn
Overlee,Week4,Poplar Heights,Week1,353.0 Overlee - 49.0 Poplar Heights
Overlee,Week5,Parliament,Week5,361.0 Overlee - 41.0 Parliament
Overlee,Week1,Pinecrest,Week2,246.0 Overlee - 156.0 Pinecrest
Parklawn,Week5,Forest Hollow,Week1,266.0 Forest Hollow - 136.0 Parklawn
Overlee,Week4,Bren Mar-Edsall Park,Week4,400.0 Overlee - 2.0 Bren Mar-Edsall Park
Overlee,Week3,Hayfield Farm,Week3,296.0 Overlee - 106.0 Hayfield Farm
Parklawn,Week5,Kent Gardens,Week4,245.0 Kent Gardens - 157.0 Parklawn
Parklawn,Week2,Forest Hollow,Week5,279.0 Forest Hollow - 122.0 Parklawn
Parklawn,Week2,Canterbury Woods,Week3,243.5 Canterbury Woods - 157.5 Parklawn
Parklawn,Week3,Canterbury Woods,Week3,264.0 Canterbury Woods - 137.0 Parklawn
Parklawn,Week2,Forest Hollow,Week1,271.0 Forest Hollow - 131.0 Parklawn
Overlee,Week4,Ilda Community,Week2,391.0 Overlee - 11.0 Ilda Community
Overlee,Week1,Brookfield ,Week3,350.0 Overlee - 52.0 Brookfield
Overlee,Week3,Hayfield Farm,Week2,318.0 Overlee - 84.0 Hayfield Farm
Overlee,Week5,Poplar Heights,Week4,342.0 Overlee - 60.0 Poplar Heights
Parklawn,Week4,Forest Hollow,Week4,257.0 Forest Hollow - 144.0 Parklawn
Overlee,Week2,Herndon,Week2,384.0 Overlee - 18.0 Herndon
Overlee,Week3,Hayfield Farm,Week4,306.0 Overlee - 96.0 Hayfield Farm
Overlee,Week5,Hunter Mill,Week3,318.0 Overlee - 84.0 Hunter Mill
Overlee,Week2,Pinecrest,Week1,284.0 Overlee - 118.0 Pinecrest
Overlee,Week3,Poplar Heights,Week2,304.0 Overlee - 98.0 Poplar Heights
Overlee,Week3,Pinecrest,Week2,236.0 Overlee - 166.0 Pinecrest
Parklawn,Week5,Canterbury Woods,Week3,241.0 Canterbury Woods - 155.0 Parklawn
Overlee,Week4,Hayfield Farm,Week3,336.0 Overlee - 66.0 Hayfield Farm
Overlee,Week5,Brookfield ,Week4,363.5 Overlee - 38.5 Brookfield
Overlee,Week1,Poplar Heights,Week4,299.0 Overlee - 103.0 Poplar Heights
Parklawn,Week1,Kings Ridge ,Week1,232.0 Kings Ridge - 161.0 Parklawn
Parklawn,Week3,Forest Hollow,Week1,283.0 Forest Hollow - 119.0 Parklawn
Overlee,Week4,Brookfield ,Week3,380.0 Overlee - 22.0 Brookfield
Parklawn,Week5,Ilda Community,Week1,221.0 Parklawn - 179.0 Ilda Community
Parklawn,Week2,Canterbury Woods,Week5,228.0 Canterbury Woods - 165.0 Parklawn
Parklawn,Week3,Canterbury Woods,Week1,256.0 Canterbury Woods - 145.0 Parklawn
Overlee,Week3,Pinecrest,Week3,245.5 Overlee - 156.5 Pinecrest
Parklawn,Week2,Canterbury Woods,Week2,210.0 Canterbury Woods - 188.0 Parklawn
Parklawn,Week3,Kent Gardens,Week3,263.0 Kent Gardens - 139.0 Parklawn
Overlee,Week4,Poplar Heights,Week4,348.0 Overlee - 54.0 Poplar Heights
Parklawn,Week5,Kent Gardens,Week5,272.0 Kent Gardens - 130.0 Parklawn
Overlee,Week3,Brookfield ,Week4,338.0 Overlee - 64.0 Brookfield
Overlee,Week2,Ilda Community,Week2,383.0 Overlee - 19.0 Ilda Community
Parklawn,Week5,Forest Hollow,Week3,277.0 Forest Hollow - 125.0 Parklawn
Parklawn,Week4,Canterbury Woods,Week1,222.0 Canterbury Woods - 179.0 Parklawn
Overlee,Week1,Ilda Community,Week1,364.0 Overlee - 38.0 Ilda Community
Overlee,Week2,Pinecrest,Week3,268.0 Overlee - 134.0 Pinecrest
Overlee,Week2,Hayfield Farm,Week2,325.0 Overlee - 77.0 Hayfield Farm
Overlee,Week2,Ilda Community,Week1,371.0 Overlee - 31.0 Ilda Community
Parklawn,Week5,Forest Hollow,Week2,258.0 Forest Hollow - 139.0 Parklawn
Overlee,Week5,Hunter Mill,Week4,329.0 Overlee - 73.0 Hunter Mill
Overlee,Week1,Hayfield Farm,Week5,313.0 Overlee - 89.0 Hayfield Farm
Overlee,Week2,Brookfield ,Week1,346.0 Overlee - 56.0 Brookfield
Overlee,Week1,Pinecrest,Week4,255.0 Overlee - 147.0 Pinecrest
Overlee,Week1,Poplar Heights,Week5,293.0 Overlee - 109.0 Poplar Heights
Parklawn,Week1,Cardinal Hill,Week1,315.0 Cardinal Hill - 78.0 Parklawn
Overlee,Week4,Brookfield ,Week1,365.0 Overlee - 37.0 Brookfield
Parklawn,Week5,Kent Gardens,Week1,245.0 Kent Gardens - 157.0 Parklawn
Overlee,Week1,Poplar Tree,Week3,281.0 Overlee - 121.0 Poplar Tree
Parklawn,Week1,Fox Hunt,Week1,285.0 Fox Hunt - 103.0 Parklawn
Overlee,Week3,Ilda Community,Week2,368.0 Overlee - 34.0 Ilda Community
Parklawn,Week5,Forest Hollow,Week5,274.0 Forest Hollow - 127.0 Parklawn
Parklawn,Week4,Canterbury Woods,Week5,225.0 Canterbury Woods - 167.0 Parklawn
Overlee,Week1,Pinecrest,Week5,270.0 Overlee - 132.0 Pinecrest
Parklawn,Week1,Kent Gardens,Week2,280.0 Kent Gardens - 113.0 Parklawn
Parklawn,Week4,Forest Hollow,Week1,255.0 Forest Hollow - 146.0 Parklawn
Overlee,Week4,Herndon,Week4,393.0 Overlee - 9.0 Herndon
Overlee,Week2,Ilda Community,Week4,376.0 Overlee - 26.0 Ilda Community
Parklawn,Week4,Canterbury Woods,Week2,210.0 Canterbury Woods - 188.0 Parklawn
Overlee,Week1,Poplar Tree,Week4,299.0 Overlee - 103.0 Poplar Tree
Parklawn,Week5,Ilda Community,Week4,217.0 Parklawn - 184.0 Ilda Community
Overlee,Week3,Herndon,Week5,375.0 Overlee - 27.0 Herndon
Overlee,Week3,Pinecrest,Week5,266.0 Overlee - 136.0 Pinecrest
Parklawn,Week2,Kent Gardens,Week5,282.0 Kent Gardens - 120.0 Parklawn
Overlee,Week2,Poplar Tree,Week5,288.0 Overlee - 114.0 Poplar Tree
Overlee,Week4,Poplar Heights,Week5,343.0 Overlee - 59.0 Poplar Heights
Overlee,Week2,Ilda Community,Week5,384.0 Overlee - 18.0 Ilda Community
Overlee,Week5,Herndon,Week1,397.0 Overlee - 5.0 Herndon
Overlee,Week4,Broyhill Crest,Week3,402.0 Overlee - 0.0 Broyhill Crest
Parklawn,Week5,Forest Hollow,Week4,279.0 Forest Hollow - 122.0 Parklawn
Overlee,Week5,Broyhill Crest,Week1,401.0 Overlee - 1.0 Broyhill Crest
Parklawn,Week4,Kent Gardens,Week2,226.0 Kent Gardens - 176.0 Parklawn
Overlee,Week1,Ilda Community,Week4,369.0 Overlee - 33.0 Ilda Community
Overlee,Week3,Broyhill Crest,Week5,401.0 Overlee - 1.0 Broyhill Crest
Overlee,Week2,Broyhill Crest,Week3,402.0 Overlee - 0.0 Broyhill Crest
Overlee,Week3,Pinecrest,Week1,274.0 Overlee - 128.0 Pinecrest
Parklawn,Week3,Canterbury Woods,Week5,233.0 Canterbury Woods - 160.0 Parklawn
Parklawn,Week1,Fox Hunt,Week2,293.0 Fox Hunt - 95.0 Parklawn
Overlee,Week4,Pinecrest,Week1,325.0 Overlee - 77.0 Pinecrest
Overlee,Week5,Herndon,Week3,395.0 Overlee - 7.0 Herndon
Overlee,Week2,Pinecrest,Week5,275.0 Overlee - 127.0 Pinecrest
Parklawn,Week2,Cardinal Hill,Week3,309.0 Cardinal Hill - 92.0 Parklawn
Overlee,Week2,Poplar Tree,Week1,294.0 Overlee - 108.0 Poplar Tree
Overlee,Week1,Ilda Community,Week5,378.0 Overlee - 24.0 Ilda Community
Parklawn,Week2,Kings Ridge ,Week4,215.0 Kings Ridge - 187.0 Parklawn
Overlee,Week4,Poplar Heights,Week2,354.0 Overlee - 48.0 Poplar Heights
Overlee,Week2,Herndon,Week3,391.0 Overlee - 11.0 Herndon
Parklawn,Week2,Cardinal Hill,Week4,293.0 Cardinal Hill - 109.0 Parklawn
Overlee,Week4,Poplar Heights,Week3,355.0 Overlee - 47.0 Poplar Heights
Parklawn,Week1,Fox Hunt,Week4,279.0 Fox Hunt - 114.0 Parklawn
Parklawn,Week1,Fox Hunt,Week3,292.0 Fox Hunt - 101.0 Parklawn
Overlee,Week3,Pinecrest,Week4,239.0 Overlee - 163.0 Pinecrest
Parklawn,Week2,Cardinal Hill,Week2,280.0 Cardinal Hill - 121.0 Parklawn
Overlee,Week4,Herndon,Week1,397.0 Overlee - 5.0 Herndon
Parklawn,Week5,Kings Ridge ,Week5,205.0 Parklawn - 197.0 Kings Ridge
Overlee,Week1,Broyhill Crest,Week1,400.0 Overlee - 2.0 Broyhill Crest
Overlee,Week4,Herndon,Week5,397.0 Overlee - 5.0 Herndon
Overlee,Week4,Hunter Mill,Week5,320.0 Overlee - 82.0 Hunter Mill
Overlee,Week5,Brookfield ,Week3,378.0 Overlee - 24.0 Brookfield
Parklawn,Week3,Forest Hollow,Week5,292.5 Forest Hollow - 108.5 Parklawn
Overlee,Week2,Ilda Community,Week3,380.0 Overlee - 22.0 Ilda Community
Overlee,Week2,Poplar Heights,Week5,305.0 Overlee - 97.0 Poplar Heights
Parklawn,Week1,Cardinal Hill,Week2,306.0 Cardinal Hill - 87.0 Parklawn
Overlee,Week4,Pinecrest,Week4,307.0 Overlee - 95.0 Pinecrest
Overlee,Week5,Hayfield Farm,Week2,350.0 Overlee - 52.0 Hayfield Farm
Overlee,Week1,Broyhill Crest,Week2,398.0 Overlee - 4.0 Broyhill Crest
Parklawn,Week4,Kings Ridge ,Week4,206.0 Parklawn - 196.0 Kings Ridge
Overlee,Week5,Pinecrest,Week1,308.0 Overlee - 94.0 Pinecrest
Overlee,Week3,Poplar Heights,Week4,301.0 Overlee - 101.0 Poplar Heights
Overlee,Week1,Kent Gardens,Week4,331.0 Overlee - 71.0 Kent Gardens
Parklawn,Week1,Forest Hollow,Week3,299.0 Forest Hollow - 94.0 Parklawn
Overlee,Week5,Pinecrest,Week3,294.0 Overlee - 108.0 Pinecrest
Parklawn,Week2,Fox Hunt,Week1,263.0 Fox Hunt - 139.0 Parklawn
Parklawn,Week1,Forest Hollow,Week4,301.0 Forest Hollow - 92.0 Parklawn
Parklawn,Week2,Forest Hollow,Week3,278.0 Forest Hollow - 124.0 Parklawn
Overlee,Week3,Kent Gardens,Week3,328.0 Overlee - 74.0 Kent Gardens
Parklawn,Week5,Kent Gardens,Week3,244.0 Kent Gardens - 158.0 Parklawn
Parklawn,Week2,Cardinal Hill,Week1,313.0 Cardinal Hill - 89.0 Parklawn
Overlee,Week1,Broyhill Crest,Week3,396.0 Overlee - 6.0 Broyhill Crest
Overlee,Week1,Broyhill Crest,Week4,396.0 Overlee - 6.0 Broyhill Crest
Overlee,Week2,Pinewood Lake,Week3,401.0 Overlee - 1.0 Pinewood Lake
Parklawn,Week1,Fox Hunt,Week5,305.0 Fox Hunt - 88.0 Parklawn
Overlee,Week5,Ilda Community,Week3,385.0 Overlee - 17.0 Ilda Community
Overlee,Week4,Brookfield ,Week5,370.0 Overlee - 32.0 Brookfield
Parklawn,Week3,Kent Gardens,Week4,270.0 Kent Gardens - 132.0 Parklawn
Parklawn,Week3,Cardinal Hill,Week1,314.0 Cardinal Hill - 88.0 Parklawn
Overlee,Week5,Hayfield Farm,Week4,341.0 Overlee - 61.0 Hayfield Farm
Overlee,Week5,Pinecrest,Week5,304.0 Overlee - 98.0 Pinecrest
Parklawn,Week4,Kent Gardens,Week1,248.0 Kent Gardens - 154.0 Parklawn
Overlee,Week4,Herndon,Week2,393.0 Overlee - 9.0 Herndon
Overlee,Week2,Kent Gardens,Week5,304.0 Overlee - 98.0 Kent Gardens
Overlee,Week1,Poplar Tree,Week2,297.0 Overlee - 105.0 Poplar Tree
Overlee,Week5,Poplar Heights,Week1,343.0 Overlee - 59.0 Poplar Heights
Overlee,Week3,Herndon,Week1,390.0 Overlee - 12.0 Herndon
Overlee,Week4,Brookfield ,Week4,371.0 Overlee - 31.0 Brookfield
Overlee,Week2,Pinewood Lake,Week1,392.0 Overlee - 10.0 Pinewood Lake
Parklawn,Week4,Kent Gardens,Week5,269.0 Kent Gardens - 133.0 Parklawn
Parklawn,Week4,Kent Gardens,Week3,234.0 Kent Gardens - 168.0 Parklawn
Overlee,Week2,Poplar Heights,Week4,317.5 Overlee - 84.5 Poplar Heights
Overlee,Week3,Brookfield ,Week3,355.0 Overlee - 47.0 Brookfield
Overlee,Week3,Ilda Community,Week5,376.0 Overlee - 26.0 Ilda Community
Overlee,Week3,Poplar Heights,Week1,316.0 Overlee - 86.0 Poplar Heights
Parklawn,Week3,Cardinal Hill,Week2,304.0 Cardinal Hill - 97.0 Parklawn
Overlee,Week3,Herndon,Week2,384.5 Overlee - 17.5 Herndon
Parklawn,Week3,Cardinal Hill,Week4,306.0 Cardinal Hill - 96.0 Parklawn
Overlee,Week3,Broyhill Crest,Week2,400.0 Overlee - 2.0 Broyhill Crest
Parklawn,Week4,Kent Gardens,Week4,230.0 Kent Gardens - 172.0 Parklawn
Overlee,Week1,Pinewood Lake,Week5,394.0 Overlee - 7.0 Pinewood Lake
Overlee,Week2,Poplar Tree,Week3,298.0 Overlee - 104.0 Poplar Tree
Overlee,Week3,Pinewood Lake,Week1,389.0 Overlee - 13.0 Pinewood Lake
Parklawn,Week4,Cardinal Hill,Week1,287.0 Cardinal Hill - 114.0 Parklawn
Overlee,Week4,Kent Gardens,Week4,349.0 Overlee - 53.0 Kent Gardens
Overlee,Week2,Kent Gardens,Week3,338.0 Overlee - 64.0 Kent Gardens
Overlee,Week3,Broyhill Crest,Week4,400.0 Overlee - 2.0 Broyhill Crest
Parklawn,Week3,Forest Hollow,Week3,294.0 Forest Hollow - 108.0 Parklawn
Parklawn,Week5,Cardinal Hill,Week2,279.0 Cardinal Hill - 122.0 Parklawn
Overlee,Week4,Hayfield Farm,Week4,342.0 Overlee - 60.0 Hayfield Farm
Overlee,Week2,Poplar Tree,Week2,296.0 Overlee - 106.0 Poplar Tree
Parklawn,Week5,Kent Gardens,Week2,242.0 Kent Gardens - 160.0 Parklawn
Overlee,Week1,Herndon,Week2,376.0 Overlee - 26.0 Herndon
Overlee,Week2,Herndon,Week1,391.0 Overlee - 11.0 Herndon
Parklawn,Week3,Kent Gardens,Week2,272.0 Kent Gardens - 130.0 Parklawn
Overlee,Week1,Poplar Tree,Week1,281.0 Overlee - 121.0 Poplar Tree
Overlee,Week3,Pinewood Lake,Week3,400.0 Overlee - 2.0 Pinewood Lake
Overlee,Week5,Kent Gardens,Week1,339.0 Overlee - 63.0 Kent Gardens
Parklawn,Week4,Cardinal Hill,Week3,300.0 Cardinal Hill - 101.0 Parklawn
Parklawn,Week1,Forest Hollow,Week5,300.0 Forest Hollow - 93.0 Parklawn
Parklawn,Week2,Forest Hollow,Week4,285.0 Forest Hollow - 116.0 Parklawn
Parklawn,Week4,Cardinal Hill,Week4,278.0 Cardinal Hill - 124.0 Parklawn
Parklawn,Week3,Cardinal Hill,Week3,324.0 Cardinal Hill - 77.0 Parklawn
Parklawn,Week3,Forest Hollow,Week2,274.0 Forest Hollow - 128.0 Parklawn
Overlee,Week1,Pinewood Lake,Week3,396.0 Overlee - 5.0 Pinewood Lake
Overlee,Week5,Brookfield ,Week2,367.0 Overlee - 35.0 Brookfield
Overlee,Week3,Kent Gardens,Week1,308.0 Overlee - 94.0 Kent Gardens
Overlee,Week5,Brookfield ,Week1,366.0 Overlee - 36.0 Brookfield
Overlee,Week3,Pinewood Lake,Week4,398.0 Overlee - 4.0 Pinewood Lake
Overlee,Week1,Kings Ridge ,Week2,366.0 Overlee - 36.0 Kings Ridge
Parklawn,Week1,Kings Ridge ,Week2,211.0 Kings Ridge - 182.0 Parklawn
Overlee,Week1,Herndon,Week5,375.0 Overlee - 27.0 Herndon
Parklawn,Week4,Forest Hollow,Week2,245.0 Forest Hollow - 151.0 Parklawn
Overlee,Week5,Hayfield Farm,Week1,350.0 Overlee - 52.0 Hayfield Farm
Overlee,Week2,Broyhill Crest,Week4,397.0 Overlee - 5.0 Broyhill Crest
Overlee,Week1,Poplar Tree,Week5,269.0 Overlee - 133.0 Poplar Tree
Overlee,Week5,Hayfield Farm,Week3,339.0 Overlee - 63.0 Hayfield Farm
Parklawn,Week5,Cardinal Hill,Week3,305.0 Cardinal Hill - 96.0 Parklawn
Overlee,Week1,Kent Gardens,Week2,331.5 Overlee - 70.5 Kent Gardens
Overlee,Week2,Kent Gardens,Week1,321.0 Overlee - 81.0 Kent Gardens
Parklawn,Week2,Kings Ridge ,Week3,206.0 Parklawn - 191.0 Kings Ridge
Parklawn,Week2,Fox Hunt,Week5,286.0 Fox Hunt - 116.0 Parklawn
Overlee,Week4,Brookfield ,Week2,375.0 Overlee - 27.0 Brookfield
Overlee,Week1,Kings Ridge ,Week1,378.0 Overlee - 24.0 Kings Ridge
Parklawn,Week1,Kings Ridge ,Week4,233.0 Kings Ridge - 160.0 Parklawn
Overlee,Week3,Poplar Tree,Week2,290.0 Overlee - 112.0 Poplar Tree
Overlee,Week3,Broyhill Crest,Week1,400.0 Overlee - 2.0 Broyhill Crest
Overlee,Week3,Brookfield ,Week5,334.5 Overlee - 67.5 Brookfield
Overlee,Week3,Herndon,Week3,389.0 Overlee - 13.0 Herndon
Parklawn,Week2,Kings Ridge ,Week1,203.0 Kings Ridge - 198.0 Parklawn
Parklawn,Week2,Chesterbrook,Week3,371.0 Chesterbrook - 31.0 Parklawn
Overlee,Week1,Pinewood Lake,Week4,399.0 Overlee - 2.0 Pinewood Lake
Parklawn,Week2,Kings Ridge ,Week2,221.0 Parklawn - 181.0 Kings Ridge
Overlee,Week2,Ravensworth Farm,Week4,336.0 Overlee - 66.0 Ravensworth Farm
Parklawn,Week5,Fox Hunt,Week2,264.0 Fox Hunt - 137.0 Parklawn
Parklawn,Week3,Fox Hunt,Week4,278.0 Fox Hunt - 124.0 Parklawn
Overlee,Week1,Pinewood Lake,Week2,397.0 Overlee - 4.0 Pinewood Lake
Overlee,Week2,Pinewood Lake,Week5,397.0 Overlee - 5.0 Pinewood Lake
Overlee,Week1,Herndon,Week3,385.0 Overlee - 17.0 Herndon
Parklawn,Week5,Cardinal Hill,Week5,285.0 Cardinal Hill - 113.0 Parklawn
Overlee,Week3,Poplar Tree,Week1,280.0 Overlee - 122.0 Poplar Tree
Parklawn,Week2,Fox Hunt,Week3,279.0 Fox Hunt - 122.0 Parklawn
Overlee,Week3,Kings Ridge ,Week3,371.0 Overlee - 31.0 Kings Ridge
Overlee,Week4,Ravensworth Farm,Week1,349.0 Overlee - 53.0 Ravensworth Farm
Overlee,Week4,Pinewood Lake,Week4,402.0 Overlee - 0.0 Pinewood Lake
Parklawn,Week5,Cardinal Hill,Week1,294.0 Cardinal Hill - 108.0 Parklawn
Overlee,Week3,Kent Gardens,Week2,324.0 Overlee - 78.0 Kent Gardens
Overlee,Week4,Hayfield Farm,Week5,350.0 Overlee - 52.0 Hayfield Farm
Overlee,Week1,Herndon,Week1,384.0 Overlee - 18.0 Herndon
Parklawn,Week3,Chesterbrook,Week3,376.0 Chesterbrook - 26.0 Parklawn
Overlee,Week4,Pinewood Lake,Week5,401.0 Overlee - 1.0 Pinewood Lake
Overlee,Week4,Pinewood Lake,Week2,402.0 Overlee - 0.0 Pinewood Lake
Overlee,Week3,Herndon,Week4,381.0 Overlee - 21.0 Herndon
Parklawn,Week3,Chesterbrook,Week1,359.0 Chesterbrook - 43.0 Parklawn
Parklawn,Week2,Chesterbrook,Week5,361.0 Chesterbrook - 40.0 Parklawn
Parklawn,Week4,Fox Hunt,Week1,248.0 Fox Hunt - 153.0 Parklawn
Overlee,Week3,Broyhill Crest,Week3,402.0 Overlee - 0.0 Broyhill Crest
Parklawn,Week3,Kings Ridge ,Week5,225.0 Kings Ridge - 177.0 Parklawn
Parklawn,Week4,Fox Hunt,Week4,249.0 Fox Hunt - 152.0 Parklawn
Overlee,Week4,Broyhill Crest,Week2,402.0 Overlee - 0.0 Broyhill Crest
Parklawn,Week3,Chesterbrook,Week2,370.0 Chesterbrook - 32.0 Parklawn
Overlee,Week4,Kent Gardens,Week1,345.0 Overlee - 57.0 Kent Gardens
Overlee,Week3,Ravensworth Farm,Week2,325.0 Overlee - 77.0 Ravensworth Farm
Overlee,Week4,Pinewood Lake,Week3,401.0 Overlee - 1.0 Pinewood Lake
Overlee,Week1,Kings Ridge ,Week3,370.0 Overlee - 32.0 Kings Ridge
Overlee,Week2,Kings Ridge ,Week5,373.0 Overlee - 29.0 Kings Ridge
Parklawn,Week2,Fox Hunt,Week2,273.0 Fox Hunt - 129.0 Parklawn
Overlee,Week2,Broyhill Crest,Week2,398.0 Overlee - 4.0 Broyhill Crest
Overlee,Week3,Ravensworth Farm,Week1,304.5 Overlee - 97.5 Ravensworth Farm
Overlee,Week2,Herndon,Week5,387.0 Overlee - 15.0 Herndon
Overlee,Week5,Hayfield Farm,Week5,351.0 Overlee - 51.0 Hayfield Farm
Parklawn,Week4,Kings Ridge ,Week2,236.0 Parklawn - 165.0 Kings Ridge
Overlee,Week2,Broyhill Crest,Week1,398.0 Overlee - 4.0 Broyhill Crest
Overlee,Week4,Ravensworth Farm,Week2,366.0 Overlee - 36.0 Ravensworth Farm
Parklawn,Week3,Kings Ridge ,Week4,223.0 Kings Ridge - 179.0 Parklawn
Overlee,Week3,Pinewood Lake,Week5,397.0 Overlee - 5.0 Pinewood Lake
Parklawn,Week3,Kings Ridge ,Week1,207.0 Kings Ridge - 194.0 Parklawn
Overlee,Week3,Ravensworth Farm,Week4,313.0 Overlee - 89.0 Ravensworth Farm
Parklawn,Week2,Fox Mill Estates,Week3,227.0 Fox Mill Estates - 171.0 Parklawn
Parklawn,Week5,Fox Hunt,Week1,254.0 Fox Hunt - 148.0 Parklawn
Overlee,Week5,Herndon,Week2,388.0 Overlee - 14.0 Herndon
Overlee,Week5,Kent Gardens,Week5,333.0 Overlee - 69.0 Kent Gardens
Overlee,Week5,Poplar Tree,Week4,316.0 Overlee - 86.0 Poplar Tree
Overlee,Week5,Pinewood Lake,Week1,391.0 Overlee - 11.0 Pinewood Lake
Parklawn,Week5,Kings Ridge ,Week2,239.0 Parklawn - 162.0 Kings Ridge
Overlee,Week5,Poplar Tree,Week1,313.0 Overlee - 89.0 Poplar Tree
Parklawn,Week3,Fox Hunt,Week5,303.0 Fox Hunt - 99.0 Parklawn
Parklawn,Week3,Fox Hunt,Week1,272.0 Fox Hunt - 130.0 Parklawn
Overlee,Week5,Poplar Tree,Week3,320.0 Overlee - 82.0 Poplar Tree
Overlee,Week4,Broyhill Crest,Week1,401.0 Overlee - 1.0 Broyhill Crest
Overlee,Week3,Kings Ridge ,Week1,381.0 Overlee - 21.0 Kings Ridge
Parklawn,Week4,Kings Ridge ,Week5,205.5 Parklawn - 195.5 Kings Ridge
Overlee,Week3,Poplar Tree,Week5,285.0 Overlee - 117.0 Poplar Tree
Overlee,Week1,Ravensworth Farm,Week3,316.0 Overlee - 86.0 Ravensworth Farm
Overlee,Week2,Pinewood Lake,Week2,397.0 Overlee - 5.0 Pinewood Lake
Overlee,Week2,Herndon,Week4,386.0 Overlee - 16.0 Herndon
Parklawn,Week3,Chesterbrook,Week4,364.0 Chesterbrook - 38.0 Parklawn
Parklawn,Week1,Chesterbrook,Week2,364.0 Chesterbrook - 29.0 Parklawn
Overlee,Week1,Herndon,Week4,375.0 Overlee - 27.0 Herndon
Parklawn,Week4,Kings Ridge ,Week3,218.0 Parklawn - 175.0 Kings Ridge
Parklawn,Week2,Chesterbrook,Week4,362.0 Chesterbrook - 40.0 Parklawn
Overlee,Week2,Broyhill Crest,Week5,401.0 Overlee - 1.0 Broyhill Crest
Overlee,Week4,Broyhill Crest,Week4,402.0 Overlee - 0.0 Broyhill Crest
Overlee,Week1,Broyhill Crest,Week5,399.0 Overlee - 3.0 Broyhill Crest
Overlee,Week2,Pinewood Lake,Week4,398.0 Overlee - 4.0 Pinewood Lake
Overlee,Week5,Ilda Community,Week4,390.0 Overlee - 12.0 Ilda Community
Parklawn,Week3,Fox Hunt,Week2,280.0 Fox Hunt - 122.0 Parklawn
Overlee,Week4,Pinewood Lake,Week1,390.0 Overlee - 12.0 Pinewood Lake
Overlee,Week5,Brookfield ,Week5,368.0 Overlee - 34.0 Brookfield
Overlee,Week4,Herndon,Week3,397.0 Overlee - 5.0 Herndon
Parklawn,Week3,Kings Ridge ,Week2,222.0 Parklawn - 180.0 Kings Ridge
Overlee,Week3,Pinewood Lake,Week2,398.0 Overlee - 4.0 Pinewood Lake
Overlee,Week1,Kent Gardens,Week1,322.0 Overlee - 80.0 Kent Gardens
Parklawn,Week1,Chesterbrook,Week5,364.0 Chesterbrook - 29.0 Parklawn
Parklawn,Week1,Chesterbrook,Week4,367.0 Chesterbrook - 26.0 Parklawn
Parklawn,Week5,Kings Ridge ,Week3,217.0 Parklawn - 184.0 Kings Ridge
Parklawn,Week2,Chesterbrook,Week1,353.0 Chesterbrook - 49.0 Parklawn
Overlee,Week5,Pinewood Lake,Week2,401.0 Overlee - 1.0 Pinewood Lake
Overlee,Week1,Hiddenbrook,Week3,344.0 Overlee - 58.0 Hiddenbrook
Overlee,Week4,Poplar Tree,Week5,328.0 Overlee - 74.0 Poplar Tree
Overlee,Week5,Poplar Tree,Week5,327.0 Overlee - 75.0 Poplar Tree
Overlee,Week2,Kent Gardens,Week2,339.0 Overlee - 63.0 Kent Gardens
Overlee,Week5,Broyhill Crest,Week2,402.0 Overlee - 0.0 Broyhill Crest
Overlee,Week1,High Point Pool,Week1,285.0 Overlee - 117.0 High Point Pool
Overlee,Week4,Hiddenbrook,Week3,376.0 Overlee - 26.0 Hiddenbrook
Parklawn,Week4,Fox Hunt,Week2,263.0 Fox Hunt - 139.0 Parklawn
Parklawn,Week3,Fox Hunt,Week3,298.0 Fox Hunt - 103.0 Parklawn
Overlee,Week5,Broyhill Crest,Week3,402.0 Overlee - 0.0 Broyhill Crest
Parklawn,Week5,Kings Ridge ,Week1,198.0 Kings Ridge - 198.0 Parklawn
Parklawn,Week4,Fox Hunt,Week3,262.0 Fox Hunt - 138.0 Parklawn
Overlee,Week1,Little Rocky Run,Week1,277.0 Overlee - 125.0 Little Rocky Run
Parklawn,Week3,Kings Ridge ,Week3,206.0 Kings Ridge - 195.0 Parklawn
Overlee,Week4,Broyhill Crest,Week5,402.0 Overlee - 0.0 Broyhill Crest
Overlee,Week4,Poplar Tree,Week3,326.0 Overlee - 76.0 Poplar Tree
Parklawn,Week5,Cardinal Hill,Week4,292.0 Cardinal Hill - 110.0 Parklawn
Parklawn,Week1,Chesterbrook,Week1,358.0 Chesterbrook - 35.0 Parklawn
Overlee,Week5,Hiddenbrook,Week5,364.0 Overlee - 38.0 Hiddenbrook
Parklawn,Week4,Kings Ridge ,Week1,207.0 Parklawn - 188.0 Kings Ridge
Overlee,Week5,Pinewood Lake,Week3,402.0 Overlee - 0.0 Pinewood Lake
Overlee,Week1,Kent Gardens,Week3,336.0 Overlee - 66.0 Kent Gardens
Overlee,Week1,Kent Gardens,Week5,304.0 Overlee - 98.0 Kent Gardens
Overlee,Week5,Poplar Tree,Week2,317.0 Overlee - 85.0 Poplar Tree
Overlee,Week1,Hiddenbrook,Week5,341.0 Overlee - 61.0 Hiddenbrook
Overlee,Week3,Poplar Tree,Week3,288.0 Overlee - 114.0 Poplar Tree
Overlee,Week1,Ravensworth Farm,Week1,315.0 Overlee - 87.0 Ravensworth Farm
Overlee,Week5,Ilda Community,Week5,396.0 Overlee - 6.0 Ilda Community
Overlee,Week3,Burke Station,Week1,336.0 Overlee - 43.0 Burke Station
Parklawn,Week1,Lake Braddock,Week3,217.0 Lake Braddock - 176.0 Parklawn
Overlee,Week1,Camelot,Week1,331.0 Overlee - 71.0 Camelot
Parklawn,Week5,Chesterbrook,Week3,366.0 Chesterbrook - 36.0 Parklawn
Overlee,Week5,Hiddenbrook,Week3,368.0 Overlee - 34.0 Hiddenbrook
Parklawn,Week5,Fox Hunt,Week5,289.0 Fox Hunt - 112.0 Parklawn
Overlee,Week4,Little Hunting Park,Week5,369.0 Overlee - 33.0 Little Hunting Park
Overlee,Week2,Kent Gardens,Week4,332.0 Overlee - 70.0 Kent Gardens
Overlee,Week3,Little Rocky Run,Week2,274.0 Overlee - 128.0 Little Rocky Run
Parklawn,Week1,Fox Mill Estates,Week4,275.0 Fox Mill Estates - 118.0 Parklawn
Parklawn,Week1,Chesterbrook,Week3,369.0 Chesterbrook - 24.0 Parklawn
Parklawn,Week1,Fox Mill Estates,Week2,252.0 Fox Mill Estates - 141.0 Parklawn
Parklawn,Week1,Lake Braddock,Week4,213.0 Lake Braddock - 180.0 Parklawn
Parklawn,Week2,Chesterbrook,Week2,362.0 Chesterbrook - 40.0 Parklawn
Parklawn,Week1,Fox Mill Estates,Week5,247.5 Fox Mill Estates - 145.5 Parklawn
Overlee,Week4,Kent Gardens,Week5,338.0 Overlee - 64.0 Kent Gardens
Overlee,Week4,Little Hunting Park,Week3,383.0 Overlee - 19.0 Little Hunting Park
Overlee,Week1,High Point Pool,Week4,272.0 Overlee - 130.0 High Point Pool
Overlee,Week2,Burke Station,Week1,344.0 Overlee - 35.0 Burke Station
Overlee,Week3,Kent Gardens,Week5,303.0 Overlee - 99.0 Kent Gardens
Parklawn,Week1,Lake Braddock,Week2,223.0 Lake Braddock - 170.0 Parklawn
Parklawn,Week4,Commonwealth,Week2,228.0 Commonwealth - 170.0 Parklawn
Overlee,Week5,Little Hunting Park,Week3,371.0 Overlee - 31.0 Little Hunting Park
Overlee,Week1,Ravensworth Farm,Week2,325.0 Overlee - 77.0 Ravensworth Farm
Parklawn,Week2,Fox Hunt,Week4,253.0 Fox Hunt - 149.0 Parklawn
Overlee,Week3,Kent Gardens,Week4,325.0 Overlee - 77.0 Kent Gardens
Overlee,Week4,Burke Station,Week3,380.0 Overlee - 17.0 Burke Station
Overlee,Week5,Herndon,Week5,393.0 Overlee - 9.0 Herndon
Parklawn,Week5,Kings Ridge ,Week4,204.5 Kings Ridge - 197.5 Parklawn
Overlee,Week1,Camelot,Week3,342.0 Overlee - 60.0 Camelot
Overlee,Week3,Poplar Tree,Week4,304.5 Overlee - 97.5 Poplar Tree
Parklawn,Week1,Lake Braddock,Week1,203.0 Lake Braddock - 190.0 Parklawn
Overlee,Week4,Hiddenbrook,Week1,373.0 Overlee - 29.0 Hiddenbrook
Overlee,Week2,Little Rocky Run,Week1,294.0 Overlee - 108.0 Little Rocky Run
Overlee,Week2,Little Rocky Run,Week3,279.0 Overlee - 123.0 Little Rocky Run
Overlee,Week2,Hiddenbrook,Week1,364.0 Overlee - 38.0 Hiddenbrook
Overlee,Week4,Kent Gardens,Week3,358.0 Overlee - 44.0 Kent Gardens
Overlee,Week3,Hiddenbrook,Week4,338.0 Overlee - 64.0 Hiddenbrook
Parklawn,Week2,Fox Mill Estates,Week2,223.0 Fox Mill Estates - 178.0 Parklawn
Parklawn,Week2,Lakevale Estates,Week3,306.0 Lakevale Estates - 96.0 Parklawn
Overlee,Week2,Burke Station,Week3,368.0 Overlee - 29.0 Burke Station
Parklawn,Week1,Commonwealth,Week4,244.0 Commonwealth - 149.0 Parklawn
Parklawn,Week4,Fox Hunt,Week5,277.0 Fox Hunt - 125.0 Parklawn
Overlee,Week1,Ravensworth Farm,Week4,312.0 Overlee - 90.0 Ravensworth Farm
Overlee,Week4,Hiddenbrook,Week4,378.0 Overlee - 24.0 Hiddenbrook
Parklawn,Week3,Lake Braddock,Week5,202.0 Lake Braddock - 199.0 Parklawn
Overlee,Week5,Little Hunting Park,Week5,357.0 Overlee - 45.0 Little Hunting Park
Overlee,Week4,Poplar Tree,Week4,323.0 Overlee - 79.0 Poplar Tree
Overlee,Week1,Burke Station,Week1,340.0 Overlee - 39.0 Burke Station
Overlee,Week4,Little Hunting Park,Week4,383.0 Overlee - 19.0 Little Hunting Park
Overlee,Week4,Kent Gardens,Week2,363.0 Overlee - 39.0 Kent Gardens
Parklawn,Week4,Chesterbrook,Week3,363.5 Chesterbrook - 38.5 Parklawn
Parklawn,Week5,Chesterbrook,Week1,352.0 Chesterbrook - 50.0 Parklawn
Overlee,Week5,Kent Gardens,Week2,362.0 Overlee - 40.0 Kent Gardens
Parklawn,Week2,Lake Braddock,Week3,213.0 Parklawn - 188.0 Lake Braddock
Parklawn,Week2,Fox Mill Estates,Week1,208.0 Fox Mill Estates - 193.0 Parklawn
Overlee,Week2,Burke Station,Week5,362.0 Overlee - 40.0 Burke Station
Parklawn,Week1,Fox Mill Estates,Week3,262.0 Fox Mill Estates - 131.0 Parklawn
Parklawn,Week5,Fox Hunt,Week4,253.0 Fox Hunt - 148.0 Parklawn
Overlee,Week5,Hiddenbrook,Week2,381.0 Overlee - 21.0 Hiddenbrook
Overlee,Week5,Kent Gardens,Week4,353.0 Overlee - 49.0 Kent Gardens
Overlee,Week1,Ravensworth Farm,Week5,302.0 Overlee - 100.0 Ravensworth Farm
Parklawn,Week1,Lake Braddock,Week5,235.0 Lake Braddock - 158.0 Parklawn
Parklawn,Week4,Chesterbrook,Week4,359.0 Chesterbrook - 42.0 Parklawn
Parklawn,Week5,Chesterbrook,Week2,358.0 Chesterbrook - 44.0 Parklawn
Overlee,Week2,Ravensworth Farm,Week1,340.0 Overlee - 62.0 Ravensworth Farm
Overlee,Week5,Kent Gardens,Week3,355.0 Overlee - 47.0 Kent Gardens
Overlee,Week1,Little Rocky Run,Week4,271.0 Overlee - 131.0 Little Rocky Run
Overlee,Week1,Burke Station,Week2,379.0 Overlee - 23.0 Burke Station
Overlee,Week2,Burke Station,Week2,378.0 Overlee - 24.0 Burke Station
Overlee,Week4,Hiddenbrook,Week5,377.0 Overlee - 25.0 Hiddenbrook
Parklawn,Week3,Lake Braddock,Week2,227.0 Parklawn - 174.0 Lake Braddock
Overlee,Week1,Hiddenbrook,Week2,359.5 Overlee - 42.5 Hiddenbrook
Overlee,Week5,Little Hunting Park,Week2,375.0 Overlee - 27.0 Little Hunting Park
Parklawn,Week3,Fox Mill Estates,Week4,252.0 Fox Mill Estates - 150.0 Parklawn
Overlee,Week5,Herndon,Week4,396.0 Overlee - 6.0 Herndon
Parklawn,Week3,Chesterbrook,Week5,370.0 Chesterbrook - 31.0 Parklawn
Parklawn,Week2,Fox Mill Estates,Week5,228.0 Fox Mill Estates - 174.0 Parklawn
Overlee,Week2,Ravensworth Farm,Week2,348.0 Overlee - 54.0 Ravensworth Farm
Parklawn,Week2,Commonwealth,Week2,251.0 Commonwealth - 150.0 Parklawn
Overlee,Week4,Poplar Tree,Week1,321.0 Overlee - 81.0 Poplar Tree
Parklawn,Week1,Fox Mill Woods,Week2,319.0 Fox Mill Woods - 74.0 Parklawn
Overlee,Week3,Burke Station,Week5,351.0 Overlee - 51.0 Burke Station
Overlee,Week2,Kings Ridge ,Week1,377.0 Overlee - 25.0 Kings Ridge
Overlee,Week2,Burke Station,Week4,370.0 Overlee - 32.0 Burke Station
Overlee,Week1,Kings Ridge ,Week5,356.0 Overlee - 46.0 Kings Ridge
Overlee,Week1,Kings Ridge ,Week4,364.0 Overlee - 38.0 Kings Ridge
Overlee,Week1,Little Rocky Run,Week3,266.0 Overlee - 136.0 Little Rocky Run
Overlee,Week4,Poplar Tree,Week2,324.0 Overlee - 78.0 Poplar Tree
Parklawn,Week1,Lakevale Estates,Week2,316.0 Lakevale Estates - 77.0 Parklawn
Overlee,Week4,Burke Station,Week5,370.0 Overlee - 32.0 Burke Station
Parklawn,Week2,Lakevale Estates,Week5,327.0 Lakevale Estates - 75.0 Parklawn
Parklawn,Week2,Lake Braddock,Week2,223.0 Parklawn - 178.0 Lake Braddock
Overlee,Week2,Little Rocky Run,Week4,284.0 Overlee - 118.0 Little Rocky Run
Parklawn,Week5,Chesterbrook,Week5,358.0 Chesterbrook - 43.0 Parklawn
Overlee,Week3,Ravensworth Farm,Week5,293.0 Overlee - 109.0 Ravensworth Farm
Parklawn,Week2,Commonwealth,Week4,216.5 Commonwealth - 185.5 Parklawn
Overlee,Week2,Kings Ridge ,Week4,377.0 Overlee - 25.0 Kings Ridge
Overlee,Week1,Riverside Gardens,Week2,300.5 Overlee - 101.5 Riverside Gardens
Parklawn,Week3,Commonwealth,Week3,243.0 Commonwealth - 159.0 Parklawn
Parklawn,Week5,Lake Braddock,Week5,210.0 Parklawn - 190.0 Lake Braddock
Overlee,Week3,Kings Ridge ,Week2,370.0 Overlee - 32.0 Kings Ridge
Overlee,Week5,Burke Station,Week1,357.0 Overlee - 22.0 Burke Station
Overlee,Week3,Burke Station,Week4,365.0 Overlee - 37.0 Burke Station
Overlee,Week3,Kings Ridge ,Week4,362.0 Overlee - 40.0 Kings Ridge
Parklawn,Week3,Commonwealth,Week4,223.0 Commonwealth - 179.0 Parklawn
Parklawn,Week2,Fox Mill Woods,Week5,303.0 Fox Mill Woods - 99.0 Parklawn
Overlee,Week2,Ravensworth Farm,Week3,337.0 Overlee - 65.0 Ravensworth Farm
Overlee,Week2,Hiddenbrook,Week4,357.0 Overlee - 45.0 Hiddenbrook
Overlee,Week2,Little Rocky Run,Week5,259.0 Overlee - 143.0 Little Rocky Run
Overlee,Week1,Hiddenbrook,Week4,336.0 Overlee - 66.0 Hiddenbrook
Overlee,Week2,Kings Ridge ,Week2,379.0 Overlee - 23.0 Kings Ridge
Overlee,Week5,Little Rocky Run,Week4,320.0 Overlee - 82.0 Little Rocky Run
Parklawn,Week1,Fox Mill Woods,Week5,321.0 Fox Mill Woods - 72.0 Parklawn
Parklawn,Week1,Lakevale Estates,Week4,322.0 Lakevale Estates - 71.0 Parklawn
Parklawn,Week3,Commonwealth,Week2,246.0 Commonwealth - 156.0 Parklawn
Overlee,Week3,Little Rocky Run,Week1,270.0 Overlee - 132.0 Little Rocky Run
Overlee,Week1,Hiddenbrook,Week1,360.0 Overlee - 42.0 Hiddenbrook
Parklawn,Week3,Fox Mill Estates,Week2,220.0 Fox Mill Estates - 181.0 Parklawn
Overlee,Week2,Ravensworth Farm,Week5,329.5 Overlee - 72.5 Ravensworth Farm
Parklawn,Week5,Fox Mill Estates,Week3,201.0 Parklawn - 197.0 Fox Mill Estates
Parklawn,Week4,Commonwealth,Week1,213.0 Parklawn - 185.0 Commonwealth
Overlee,Week3,Ravensworth Farm,Week3,315.0 Overlee - 87.0 Ravensworth Farm
Overlee,Week3,Hiddenbrook,Week5,345.0 Overlee - 57.0 Hiddenbrook
Overlee,Week3,Burke Station,Week2,375.0 Overlee - 27.0 Burke Station
Overlee,Week2,Little Rocky Run,Week2,291.0 Overlee - 111.0 Little Rocky Run
Parklawn,Week2,Lake Braddock,Week1,231.0 Parklawn - 170.0 Lake Braddock
Parklawn,Week4,Lake Braddock,Week2,230.0 Parklawn - 170.0 Lake Braddock
Overlee,Week2,Hiddenbrook,Week5,346.0 Overlee - 56.0 Hiddenbrook
Overlee,Week5,Little Hunting Park,Week1,369.0 Overlee - 33.0 Little Hunting Park
Overlee,Week1,Burke Station,Week4,365.0 Overlee - 37.0 Burke Station
Overlee,Week2,Kings Ridge ,Week3,372.0 Overlee - 30.0 Kings Ridge
Overlee,Week1,Burke Station,Week5,351.0 Overlee - 51.0 Burke Station
Overlee,Week3,Hiddenbrook,Week2,364.5 Overlee - 37.5 Hiddenbrook
Parklawn,Week4,Chesterbrook,Week5,362.0 Chesterbrook - 39.0 Parklawn
Parklawn,Week2,Commonwealth,Week5,229.0 Commonwealth - 173.0 Parklawn
Overlee,Week1,Burke Station,Week3,364.0 Overlee - 33.0 Burke Station
Overlee,Week4,Kings Ridge ,Week3,387.0 Overlee - 15.0 Kings Ridge
Overlee,Week1,Riverside Gardens,Week1,297.0 Overlee - 105.0 Riverside Gardens
Overlee,Week5,Hiddenbrook,Week1,367.0 Overlee - 35.0 Hiddenbrook
Overlee,Week4,Burke Station,Week1,356.0 Overlee - 23.0 Burke Station
Parklawn,Week1,Commonwealth,Week1,212.0 Commonwealth - 173.0 Parklawn
Parklawn,Week3,Lake Braddock,Week1,246.0 Parklawn - 155.0 Lake Braddock
Overlee,Week4,Riverside Gardens,Week2,356.0 Overlee - 46.0 Riverside Gardens
Overlee,Week4,Kings Ridge ,Week5,384.0 Overlee - 18.0 Kings Ridge
Overlee,Week5,Riverside Gardens,Week1,339.0 Overlee - 63.0 Riverside Gardens
Parklawn,Week5,Fox Hunt,Week3,270.0 Fox Hunt - 126.0 Parklawn
Overlee,Week5,Broyhill Crest,Week5,402.0 Overlee - 0.0 Broyhill Crest
Parklawn,Week5,Lake Braddock,Week3,229.0 Parklawn - 171.0 Lake Braddock
Overlee,Week3,Little Rocky Run,Week4,271.0 Overlee - 131.0 Little Rocky Run
Overlee,Week3,Long Branch,Week5,333.5 Overlee - 68.5 Long Branch
Parklawn,Week2,Fox Mill Woods,Week4,310.0 Fox Mill Woods - 92.0 Parklawn
Parklawn,Week5,Lake Braddock,Week2,236.0 Parklawn - 164.0 Lake Braddock
Overlee,Week5,Ravensworth Farm,Week4,349.0 Overlee - 53.0 Ravensworth Farm
Overlee,Week3,Hiddenbrook,Week3,350.0 Overlee - 52.0 Hiddenbrook
Overlee,Week5,Kings Ridge ,Week3,378.0 Overlee - 24.0 Kings Ridge
Parklawn,Week1,Fox Mill Estates,Week1,233.0 Fox Mill Estates - 160.0 Parklawn
Overlee,Week2,Long Branch,Week3,363.0 Overlee - 39.0 Long Branch
Overlee,Week2,Hiddenbrook,Week2,368.0 Overlee - 34.0 Hiddenbrook
Overlee,Week4,Riverside Gardens,Week4,341.0 Overlee - 61.0 Riverside Gardens
Parklawn,Week5,Fox Mill Estates,Week4,225.0 Fox Mill Estates - 177.0 Parklawn
Parklawn,Week2,Lake Braddock,Week4,225.0 Parklawn - 176.0 Lake Braddock
Overlee,Week4,Little Rocky Run,Week3,319.0 Overlee - 83.0 Little Rocky Run
Parklawn,Week1,Commonwealth,Week5,244.0 Commonwealth - 149.0 Parklawn
Parklawn,Week4,Lake Braddock,Week3,225.0 Parklawn - 176.0 Lake Braddock
Parklawn,Week4,Chesterbrook,Week1,349.0 Chesterbrook - 53.0 Parklawn
Overlee,Week5,Little Hunting Park,Week4,375.5 Overlee - 26.5 Little Hunting Park
Parklawn,Week5,Fox Mill Estates,Week5,215.0 Fox Mill Estates - 187.0 Parklawn
Overlee,Week4,Burke Station,Week2,383.0 Overlee - 19.0 Burke Station
Overlee,Week5,Kings Ridge ,Week1,384.0 Overlee - 18.0 Kings Ridge
Overlee,Week4,Long Branch,Week3,376.0 Overlee - 26.0 Long Branch
Parklawn,Week4,Fox Mill Estates,Week5,212.0 Fox Mill Estates - 190.0 Parklawn
Parklawn,Week2,Fox Mill Estates,Week4,252.0 Fox Mill Estates - 150.0 Parklawn
Overlee,Week1,Riverside Gardens,Week5,280.0 Overlee - 122.0 Riverside Gardens
Overlee,Week2,Hiddenbrook,Week3,356.0 Overlee - 46.0 Hiddenbrook
Overlee,Week5,Hiddenbrook,Week4,368.0 Overlee - 34.0 Hiddenbrook
Parklawn,Week1,Commonwealth,Week3,257.0 Commonwealth - 136.0 Parklawn
Parklawn,Week5,Lake Braddock,Week1,241.0 Parklawn - 160.0 Lake Braddock
Overlee,Week1,Little Rocky Run,Week2,283.0 Overlee - 119.0 Little Rocky Run
Parklawn,Week3,Lake Braddock,Week4,208.0 Parklawn - 193.0 Lake Braddock
Overlee,Week3,Hiddenbrook,Week1,359.0 Overlee - 43.0 Hiddenbrook
Parklawn,Week1,Lakevale Estates,Week1,313.0 Lakevale Estates - 80.0 Parklawn
Parklawn,Week2,Commonwealth,Week1,206.0 Commonwealth - 194.0 Parklawn
Overlee,Week5,Burke Station,Week2,392.0 Overlee - 10.0 Burke Station
Parklawn,Week4,Fox Mill Estates,Week1,220.0 Parklawn - 181.0 Fox Mill Estates
Overlee,Week5,Broyhill Crest,Week4,402.0 Overlee - 0.0 Broyhill Crest
Overlee,Week4,Burke Station,Week4,381.0 Overlee - 21.0 Burke Station
Overlee,Week4,Ravensworth Farm,Week4,350.0 Overlee - 52.0 Ravensworth Farm
Overlee,Week4,Little Rocky Run,Week1,327.0 Overlee - 75.0 Little Rocky Run
Overlee,Week1,Lake Braddock,Week4,380.0 Overlee - 22.0 Lake Braddock
Overlee,Week1,Lake Braddock,Week5,369.5 Overlee - 32.5 Lake Braddock
Overlee,Week1,Lake Braddock,Week2,363.0 Overlee - 39.0 Lake Braddock
Overlee,Week2,Riverside Gardens,Week5,286.0 Overlee - 116.0 Riverside Gardens
Parklawn,Week5,Chesterbrook,Week4,360.0 Chesterbrook - 42.0 Parklawn
Overlee,Week4,Hiddenbrook,Week2,382.0 Overlee - 20.0 Hiddenbrook
Parklawn,Week2,Commonwealth,Week3,231.0 Commonwealth - 171.0 Parklawn
Overlee,Week5,Ravensworth Farm,Week5,344.0 Overlee - 58.0 Ravensworth Farm
Parklawn,Week3,Commonwealth,Week1,206.0 Parklawn - 196.0 Commonwealth
Overlee,Week1,Long Branch,Week1,346.0 Overlee - 56.0 Long Branch
Overlee,Week2,High Point Pool,Week1,312.0 Overlee - 90.0 High Point Pool
Parklawn,Week5,Fox Mill Estates,Week2,210.0 Fox Mill Estates - 190.0 Parklawn
Overlee,Week5,Burke Station,Week3,381.0 Overlee - 16.0 Burke Station
Overlee,Week1,High Point Pool,Week5,297.0 Overlee - 105.0 High Point Pool
Overlee,Week3,Burke Station,Week3,361.0 Overlee - 36.0 Burke Station
Parklawn,Week4,Lake Braddock,Week4,240.0 Parklawn - 160.0 Lake Braddock
Overlee,Week5,Ravensworth Farm,Week3,354.0 Overlee - 48.0 Ravensworth Farm
Parklawn,Week1,Fox Mill Woods,Week4,320.0 Fox Mill Woods - 73.0 Parklawn
Overlee,Week1,Camelot,Week2,332.0 Overlee - 70.0 Camelot
Overlee,Week5,Little Rocky Run,Week3,323.0 Overlee - 79.0 Little Rocky Run
Parklawn,Week3,Commonwealth,Week5,234.0 Commonwealth - 168.0 Parklawn
Overlee,Week2,Riverside Gardens,Week3,300.0 Overlee - 102.0 Riverside Gardens
Overlee,Week2,Lake Braddock,Week3,378.0 Overlee - 24.0 Lake Braddock
Orange Hunt,Week4,Poplar Tree,Week2,204.0 Poplar Tree - 193.0 Orange Hunt
Parklawn,Week4,Chesterbrook,Week2,356.0 Chesterbrook - 46.0 Parklawn
Overlee,Week1,Long Branch,Week2,348.0 Overlee - 54.0 Long Branch
Overlee,Week4,Kings Ridge ,Week2,383.5 Overlee - 18.5 Kings Ridge
Parklawn,Week2,Fox Mill Woods,Week2,314.0 Fox Mill Woods - 87.0 Parklawn
Overlee,Week2,Lake Braddock,Week1,382.0 Overlee - 20.0 Lake Braddock
Overlee,Week5,Burke Station,Week5,379.0 Overlee - 23.0 Burke Station
Parklawn,Week2,Lakevale Estates,Week1,297.0 Lakevale Estates - 105.0 Parklawn
Overlee,Week2,Lake Braddock,Week2,379.0 Overlee - 23.0 Lake Braddock
Overlee,Week1,High Point Pool,Week3,286.0 Overlee - 116.0 High Point Pool
Overlee,Week1,High Point Pool,Week2,285.0 Overlee - 117.0 High Point Pool
Overlee,Week5,Burke Station,Week4,378.0 Overlee - 24.0 Burke Station
Parklawn,Week4,Lake Braddock,Week1,257.0 Parklawn - 144.0 Lake Braddock
Overlee,Week1,Little Rocky Run,Week5,254.0 Overlee - 148.0 Little Rocky Run
Overlee,Week2,Lake Braddock,Week5,387.0 Overlee - 15.0 Lake Braddock
Parklawn,Week3,Fox Mill Woods,Week3,307.0 Fox Mill Woods - 95.0 Parklawn
Parklawn,Week3,Fox Mill Estates,Week5,235.0 Fox Mill Estates - 167.0 Parklawn
Overlee,Week1,Riverside Gardens,Week3,289.0 Overlee - 113.0 Riverside Gardens
Parklawn,Week3,Lake Braddock,Week3,223.0 Parklawn - 178.0 Lake Braddock
Orange Hunt,Week4,Poplar Tree,Week1,211.0 Poplar Tree - 191.0 Orange Hunt
Overlee,Week1,Long Branch,Week3,362.0 Overlee - 40.0 Long Branch
Overlee,Week2,High Point Pool,Week2,297.5 Overlee - 104.5 High Point Pool
Orange Hunt,Week3,Poplar Tree,Week2,204.0 Poplar Tree - 198.0 Orange Hunt
Overlee,Week2,Camelot,Week5,336.0 Overlee - 66.0 Camelot
Parklawn,Week4,Lake Braddock,Week5,214.0 Parklawn - 187.0 Lake Braddock
Parklawn,Week3,Fox Mill Estates,Week1,203.0 Fox Mill Estates - 198.0 Parklawn
Overlee,Week5,Kings Ridge ,Week5,381.0 Overlee - 21.0 Kings Ridge
Overlee,Week4,Kings Ridge ,Week4,388.0 Overlee - 14.0 Kings Ridge
Overlee,Week5,Little Rocky Run,Week2,312.0 Overlee - 90.0 Little Rocky Run
Overlee,Week2,Camelot,Week2,322.0 Overlee - 80.0 Camelot
Parklawn,Week1,Commonwealth,Week2,264.0 Commonwealth - 128.0 Parklawn
Overlee,Week4,High Point Pool,Week5,335.0 Overlee - 67.0 High Point Pool
Overlee,Week1,Lake Braddock,Week3,375.0 Overlee - 27.0 Lake Braddock
Parklawn,Week4,Fox Mill Estates,Week4,218.0 Fox Mill Estates - 184.0 Parklawn
Overlee,Week4,Little Rocky Run,Week4,324.0 Overlee - 78.0 Little Rocky Run
Overlee,Week4,Kings Ridge ,Week1,393.0 Overlee - 9.0 Kings Ridge
Overlee,Week3,Riverside Gardens,Week4,293.0 Overlee - 109.0 Riverside Gardens
Parklawn,Week1,Lakevale Estates,Week3,310.0 Lakevale Estates - 83.0 Parklawn
Overlee,Week4,High Point Pool,Week1,326.0 Overlee - 76.0 High Point Pool
Overlee,Week2,Riverside Gardens,Week1,319.5 Overlee - 82.5 Riverside Gardens
Overlee,Week2,Riverside Gardens,Week2,321.0 Overlee - 81.0 Riverside Gardens
Orange Hunt,Week1,Poplar Tree,Week4,209.0 Orange Hunt - 193.0 Poplar Tree
Parklawn,Week2,Lakevale Estates,Week2,299.0 Lakevale Estates - 103.0 Parklawn
Overlee,Week3,High Point Pool,Week3,278.0 Overlee - 124.0 High Point Pool
Overlee,Week4,Camelot,Week1,362.0 Overlee - 40.0 Camelot
Parklawn,Week5,Lake Braddock,Week4,233.0 Parklawn - 167.0 Lake Braddock
Overlee,Week3,Little Rocky Run,Week3,267.0 Overlee - 135.0 Little Rocky Run
Overlee,Week4,Ravensworth Farm,Week5,345.0 Overlee - 57.0 Ravensworth Farm
Parklawn,Week4,Fox Mill Estates,Week2,205.0 Fox Mill Estates - 196.0 Parklawn
Overlee,Week4,Little Rocky Run,Week5,308.0 Overlee - 94.0 Little Rocky Run
Parklawn,Week3,Fox Mill Estates,Week3,234.5 Fox Mill Estates - 163.5 Parklawn
Parklawn,Week5,Commonwealth,Week3,225.0 Commonwealth - 176.0 Parklawn
Parklawn,Week2,Lake Braddock,Week5,212.0 Parklawn - 189.0 Lake Braddock
Overlee,Week2,Riverside Gardens,Week4,301.0 Overlee - 101.0 Riverside Gardens
Parklawn,Week2,Cottontail,Week3,223.0 Cottontail - 179.0 Parklawn
Parklawn,Week3,Cottontail,Week2,247.0 Cottontail - 155.0 Parklawn
Overlee,Week4,Camelot,Week3,364.0 Overlee - 38.0 Camelot
Orange Hunt,Week4,Poplar Tree,Week3,216.0 Poplar Tree - 186.0 Orange Hunt
Overlee,Week1,Camelot,Week5,328.0 Overlee - 74.0 Camelot
Overlee,Week3,Long Branch,Week2,351.0 Overlee - 51.0 Long Branch
Overlee,Week5,High Point Pool,Week2,329.0 Overlee - 73.0 High Point Pool
Parklawn,Week4,Fox Mill Estates,Week3,207.0 Parklawn - 191.0 Fox Mill Estates
Overlee,Week5,High Point Pool,Week1,324.0 Overlee - 78.0 High Point Pool
Overlee,Week3,Riverside Gardens,Week5,282.0 Overlee - 120.0 Riverside Gardens
Parklawn,Week1,Fox Mill Woods,Week1,327.5 Fox Mill Woods - 65.5 Parklawn
Overlee,Week3,High Point Pool,Week1,283.0 Overlee - 119.0 High Point Pool
Parklawn,Week3,Lakevale Estates,Week3,312.0 Lakevale Estates - 90.0 Parklawn
Overlee,Week1,Canterbury Woods,Week3,357.0 Overlee - 45.0 Canterbury Woods
Overlee,Week3,Riverside Gardens,Week1,300.0 Overlee - 102.0 Riverside Gardens
Overlee,Week5,Ravensworth Farm,Week2,359.0 Overlee - 43.0 Ravensworth Farm
Overlee,Week2,Lake Braddock,Week4,386.0 Overlee - 16.0 Lake Braddock
Parklawn,Week2,Cottontail,Week4,234.0 Cottontail - 167.0 Parklawn
Overlee,Week2,Canterbury Woods,Week1,361.0 Overlee - 41.0 Canterbury Woods
Parklawn,Week5,Fox Mill Estates,Week1,218.0 Parklawn - 183.0 Fox Mill Estates
Parklawn,Week1,Cottontail,Week5,274.0 Cottontail - 119.0 Parklawn
Overlee,Week3,Lake Braddock,Week1,386.0 Overlee - 16.0 Lake Braddock
Orange Hunt,Week3,Poplar Tree,Week3,211.0 Poplar Tree - 191.0 Orange Hunt
Overlee,Week1,Lake Braddock,Week1,377.0 Overlee - 25.0 Lake Braddock
Parklawn,Week1,Lakevale Estates,Week5,337.0 Lakevale Estates - 56.0 Parklawn
Parklawn,Week4,Commonwealth,Week5,222.0 Commonwealth - 179.0 Parklawn
Parklawn,Week2,Lakevale Estates,Week4,315.0 Lakevale Estates - 87.0 Parklawn
Overlee,Week5,Little Rocky Run,Week1,323.0 Overlee - 79.0 Little Rocky Run
Overlee,Week1,Long Branch,Week4,349.0 Overlee - 53.0 Long Branch
Overlee,Week1,Lakevale Estates,Week5,259.0 Overlee - 143.0 Lakevale Estates
Overlee,Week3,High Point Pool,Week5,297.0 Overlee - 105.0 High Point Pool
Overlee,Week2,Long Branch,Week2,360.0 Overlee - 42.0 Long Branch
Parklawn,Week5,Cottontail,Week5,237.0 Cottontail - 164.0 Parklawn
Overlee,Week3,High Point Pool,Week4,275.0 Overlee - 127.0 High Point Pool
Overlee,Week2,Long Branch,Week4,351.0 Overlee - 51.0 Long Branch
Overlee,Week3,Little Rocky Run,Week5,262.0 Overlee - 140.0 Little Rocky Run
Overlee,Week2,Camelot,Week3,338.0 Overlee - 64.0 Camelot
Parklawn,Week2,Lakeview,Week3,225.0 Parklawn - 176.0 Lakeview
Orange Hunt,Week2,Poplar Tree,Week1,208.0 Poplar Tree - 194.0 Orange Hunt
Overlee,Week2,Canterbury Woods,Week3,360.0 Overlee - 42.0 Canterbury Woods
Overlee,Week4,Ravensworth Farm,Week3,351.0 Overlee - 51.0 Ravensworth Farm
Overlee,Week4,Little Rocky Run,Week2,327.0 Overlee - 75.0 Little Rocky Run
Overlee,Week5,Kings Ridge ,Week4,384.0 Overlee - 18.0 Kings Ridge
Parklawn,Week2,Cottontail,Week5,244.0 Cottontail - 157.0 Parklawn
Parklawn,Week5,Cottontail,Week3,223.0 Cottontail - 179.0 Parklawn
Overlee,Week1,Riverside Gardens,Week4,286.0 Overlee - 116.0 Riverside Gardens
Parklawn,Week2,Fox Mill Woods,Week3,312.0 Fox Mill Woods - 90.0 Parklawn
Parklawn,Week4,Cottontail,Week2,233.0 Cottontail - 169.0 Parklawn
Parklawn,Week5,Lakevale Estates,Week5,313.0 Lakevale Estates - 89.0 Parklawn
Overlee,Week4,High Point Pool,Week4,335.0 Overlee - 67.0 High Point Pool
Parklawn,Week1,Lakeview,Week3,205.0 Lakeview - 188.0 Parklawn
Overlee,Week3,Riverside Gardens,Week3,284.5 Overlee - 117.5 Riverside Gardens
Parklawn,Week3,Fox Mill Woods,Week1,321.0 Fox Mill Woods - 80.0 Parklawn
Orange Hunt,Week1,Poplar Tree,Week3,216.0 Poplar Tree - 186.0 Orange Hunt
Overlee,Week5,Kings Ridge ,Week2,386.0 Overlee - 16.0 Kings Ridge
Parklawn,Week1,Country Club Hills,Week1,267.0 Country Club Hills - 126.0 Parklawn
Parklawn,Week2,Fox Mill Woods,Week1,324.0 Fox Mill Woods - 77.0 Parklawn
Overlee,Week2,High Point Pool,Week4,297.0 Overlee - 105.0 High Point Pool
Overlee,Week2,Camelot,Week4,341.0 Overlee - 61.0 Camelot
Overlee,Week3,Kings Ridge ,Week5,362.0 Overlee - 40.0 Kings Ridge
Orange Hunt,Week1,Poplar Tree,Week2,206.0 Poplar Tree - 196.0 Orange Hunt
Parklawn,Week1,Fox Mill Woods,Week3,318.0 Fox Mill Woods - 75.0 Parklawn
Overlee,Week3,Riverside Gardens,Week2,305.0 Overlee - 97.0 Riverside Gardens
Parklawn,Week4,Lakevale Estates,Week4,315.0 Lakevale Estates - 87.0 Parklawn
Overlee,Week3,Camelot,Week3,332.0 Overlee - 70.0 Camelot
Overlee,Week5,High Point Pool,Week3,330.0 Overlee - 72.0 High Point Pool
Overlee,Week4,Riverside Gardens,Week1,350.0 Overlee - 52.0 Riverside Gardens
Orange Hunt,Week2,Poplar Tree,Week5,237.0 Poplar Tree - 165.0 Orange Hunt
Overlee,Week4,Riverside Gardens,Week3,335.0 Overlee - 67.0 Riverside Gardens
Parklawn,Week4,Fox Mill Woods,Week2,294.5 Fox Mill Woods - 105.5 Parklawn
Overlee,Week5,High Point Pool,Week5,333.0 Overlee - 69.0 High Point Pool
Overlee,Week3,Lakevale Estates,Week4,274.0 Overlee - 128.0 Lakevale Estates
Overlee,Week1,Canterbury Woods,Week2,362.0 Overlee - 40.0 Canterbury Woods
Overlee,Week3,Canterbury Woods,Week1,355.0 Overlee - 47.0 Canterbury Woods
Overlee,Week5,Lake Braddock,Week5,391.0 Overlee - 11.0 Lake Braddock
Overlee,Week1,Lakevale Estates,Week4,268.0 Overlee - 134.0 Lakevale Estates
Overlee,Week1,Lakevale Estates,Week1,294.0 Overlee - 108.0 Lakevale Estates
Overlee,Week3,Long Branch,Week1,343.0 Overlee - 59.0 Long Branch
Parklawn,Week1,Lakeview,Week1,200.0 Parklawn - 193.0 Lakeview
Orange Hunt,Week3,Poplar Tree,Week5,232.0 Poplar Tree - 170.0 Orange Hunt
Parklawn,Week4,Cottontail,Week1,244.0 Cottontail - 158.0 Parklawn
Parklawn,Week5,Lakevale Estates,Week3,304.0 Lakevale Estates - 93.0 Parklawn
Parklawn,Week4,Cottontail,Week5,234.0 Cottontail - 167.0 Parklawn
Overlee,Week1,Highland Park,Week2,327.0 Overlee - 75.0 Highland Park
Parklawn,Week3,Lakeview,Week3,213.0 Parklawn - 188.0 Lakeview
Parklawn,Week1,Country Club Hills,Week2,282.0 Country Club Hills - 111.0 Parklawn
Overlee,Week1,Lakevale Estates,Week3,280.0 Overlee - 122.0 Lakevale Estates
Parklawn,Week4,Fox Mill Woods,Week1,301.0 Fox Mill Woods - 100.0 Parklawn
Parklawn,Week3,Fox Mill Woods,Week4,320.0 Fox Mill Woods - 82.0 Parklawn
Overlee,Week5,High Point Pool,Week4,318.0 Overlee - 84.0 High Point Pool
Orange Hunt,Week1,Poplar Tree,Week1,215.0 Poplar Tree - 187.0 Orange Hunt
Overlee,Week2,Long Branch,Week1,353.5 Overlee - 48.5 Long Branch
Overlee,Week1,Canterbury Woods,Week1,355.0 Overlee - 47.0 Canterbury Woods
Parklawn,Week4,Fox Mill Woods,Week3,302.0 Fox Mill Woods - 100.0 Parklawn
Parklawn,Week4,Lakeview,Week1,247.0 Parklawn - 154.0 Lakeview
Overlee,Week5,Ravensworth Farm,Week1,350.0 Overlee - 52.0 Ravensworth Farm
Overlee,Week2,Canterbury Woods,Week4,344.0 Overlee - 58.0 Canterbury Woods
Overlee,Week4,Riverside Gardens,Week5,334.5 Overlee - 67.5 Riverside Gardens
Overlee,Week1,Long Branch,Week5,335.0 Overlee - 67.0 Long Branch
Overlee,Week3,Long Branch,Week3,359.0 Overlee - 43.0 Long Branch
Parklawn,Week3,Fox Mill Woods,Week5,317.0 Fox Mill Woods - 85.0 Parklawn
Parklawn,Week5,Commonwealth,Week1,207.0 Parklawn - 195.0 Commonwealth
Overlee,Week2,Canterbury Woods,Week5,350.0 Overlee - 52.0 Canterbury Woods
Overlee,Week1,Highland Park,Week3,331.0 Overlee - 71.0 Highland Park
Parklawn,Week4,Fox Mill Woods,Week5,292.0 Fox Mill Woods - 110.0 Parklawn
Parklawn,Week3,Lakeview,Week5,210.0 Parklawn - 183.0 Lakeview
Overlee,Week2,Long Branch,Week5,348.5 Overlee - 53.5 Long Branch
Overlee,Week1,Highland Park,Week5,306.0 Overlee - 96.0 Highland Park
Parklawn,Week5,Lakevale Estates,Week1,286.0 Lakevale Estates - 111.0 Parklawn
Parklawn,Week4,Lakevale Estates,Week2,301.0 Lakevale Estates - 101.0 Parklawn
Overlee,Week4,Lake Braddock,Week1,392.0 Overlee - 10.0 Lake Braddock
Parklawn,Week1,Cottontail,Week3,252.0 Cottontail - 141.0 Parklawn
Parklawn,Week4,Fox Mill Woods,Week4,300.0 Fox Mill Woods - 102.0 Parklawn
Overlee,Week5,Little Rocky Run,Week5,302.0 Overlee - 100.0 Little Rocky Run
Parklawn,Week1,Cottontail,Week4,258.0 Cottontail - 135.0 Parklawn
Parklawn,Week1,Country Club Hills,Week3,275.0 Country Club Hills - 118.0 Parklawn
Parklawn,Week3,Fox Mill Woods,Week2,316.0 Fox Mill Woods - 85.0 Parklawn
Orange Hunt,Week2,Poplar Tree,Week3,221.0 Poplar Tree - 181.0 Orange Hunt
Overlee,Week1,Canterbury Woods,Week4,336.0 Overlee - 66.0 Canterbury Woods
Overlee,Week5,Riverside Gardens,Week3,322.0 Overlee - 80.0 Riverside Gardens
Overlee,Week3,Long Branch,Week4,349.0 Overlee - 53.0 Long Branch
Overlee,Week4,Lake Braddock,Week3,391.0 Overlee - 11.0 Lake Braddock
Overlee,Week2,High Point Pool,Week5,296.0 Overlee - 106.0 High Point Pool
Overlee,Week5,Lake Braddock,Week2,386.0 Overlee - 16.0 Lake Braddock
Overlee,Week4,Camelot,Week5,364.0 Overlee - 38.0 Camelot
Overlee,Week5,Riverside Gardens,Week2,339.0 Overlee - 63.0 Riverside Gardens
Orange Hunt,Week3,Poplar Tree,Week1,202.0 Orange Hunt - 200.0 Poplar Tree
Overlee,Week1,Highland Park,Week4,316.0 Overlee - 86.0 Highland Park
Overlee,Week5,Riverside Gardens,Week5,322.0 Overlee - 80.0 Riverside Gardens
Overlee,Week3,Rolling Forest,Week1,333.0 Overlee - 69.0 Rolling Forest
Parklawn,Week1,Lakeview,Week2,197.0 Parklawn - 196.0 Lakeview
Overlee,Week2,Camelot,Week1,341.0 Overlee - 61.0 Camelot
Overlee,Week1,Camelot,Week4,330.5 Overlee - 71.5 Camelot
Overlee,Week4,Long Branch,Week2,377.0 Overlee - 25.0 Long Branch
Parklawn,Week4,Great Falls,Week4,206.0 Great Falls - 196.0 Parklawn
Overlee,Week2,High Point Pool,Week3,304.0 Overlee - 98.0 High Point Pool
Parklawn,Week5,Fox Mill Woods,Week4,300.0 Fox Mill Woods - 102.0 Parklawn
Parklawn,Week3,Great Falls,Week3,253.0 Great Falls - 149.0 Parklawn
Overlee,Week4,Long Branch,Week5,367.0 Overlee - 35.0 Long Branch
Parklawn,Week1,Cottontail,Week2,255.0 Cottontail - 138.0 Parklawn
Overlee,Week3,Lake Braddock,Week4,386.0 Overlee - 16.0 Lake Braddock
Overlee,Week4,High Point Pool,Week3,338.0 Overlee - 64.0 High Point Pool
Overlee,Week3,High Point Pool,Week2,284.0 Overlee - 118.0 High Point Pool
Overlee,Week4,Long Branch,Week4,371.0 Overlee - 31.0 Long Branch
Parklawn,Week4,Lakeview,Week3,239.0 Parklawn - 162.0 Lakeview
Overlee,Week3,Lake Braddock,Week2,377.0 Overlee - 25.0 Lake Braddock
Overlee,Week4,Rolling Forest,Week3,357.0 Overlee - 45.0 Rolling Forest
Overlee,Week3,Camelot,Week2,328.0 Overlee - 74.0 Camelot
Overlee,Week3,Canterbury Woods,Week2,359.0 Overlee - 43.0 Canterbury Woods
Orange Hunt,Week2,Poplar Tree,Week4,211.0 Poplar Tree - 191.0 Orange Hunt
Parklawn,Week2,Cottontail,Week1,252.0 Cottontail - 150.0 Parklawn
Overlee,Week4,Lake Braddock,Week4,396.0 Overlee - 6.0 Lake Braddock
Parklawn,Week4,Commonwealth,Week3,219.0 Commonwealth - 182.0 Parklawn
Overlee,Week1,Rolling Forest,Week1,323.0 Overlee - 79.0 Rolling Forest
Overlee,Week4,Long Branch,Week1,371.0 Overlee - 31.0 Long Branch
Orange Hunt,Week1,Poplar Tree,Week5,234.0 Poplar Tree - 168.0 Orange Hunt
Overlee,Week4,High Point Pool,Week2,338.0 Overlee - 64.0 High Point Pool
Orange Hunt,Week2,Poplar Tree,Week2,210.0 Poplar Tree - 192.0 Orange Hunt
Parklawn,Week2,Lakeview,Week4,212.0 Lakeview - 190.0 Parklawn
Parklawn,Week4,Commonwealth,Week4,202.0 Parklawn - 199.0 Commonwealth
Parklawn,Week2,Great Falls,Week2,231.0 Great Falls - 153.0 Parklawn
Overlee,Week5,Riverside Gardens,Week4,319.0 Overlee - 83.0 Riverside Gardens
Overlee,Week5,Camelot,Week4,372.0 Overlee - 30.0 Camelot
Overlee,Week3,Lake Braddock,Week3,377.0 Overlee - 25.0 Lake Braddock
Parklawn,Week4,Lakeview,Week2,260.0 Parklawn - 140.0 Lakeview
Parklawn,Week3,Lakeview,Week1,220.0 Parklawn - 181.0 Lakeview
Overlee,Week1,Rolling Forest,Week4,341.0 Overlee - 61.0 Rolling Forest
Parklawn,Week1,Greenbriar,Week3,300.0 Greenbriar - 93.0 Parklawn
Parklawn,Week2,Cottontail,Week2,231.0 Cottontail - 171.0 Parklawn
Parklawn,Week5,Commonwealth,Week5,226.0 Commonwealth - 176.0 Parklawn
Orange Hunt,Week3,Poplar Tree,Week4,202.0 Orange Hunt - 200.0 Poplar Tree
Parklawn,Week5,Great Falls,Week1,216.0 Great Falls - 182.0 Parklawn
Overlee,Week5,Lake Braddock,Week1,386.0 Overlee - 16.0 Lake Braddock
Overlee,Week5,Long Branch,Week5,361.0 Overlee - 41.0 Long Branch
Overlee,Week4,Camelot,Week2,359.0 Overlee - 43.0 Camelot
Overlee,Week5,Long Branch,Week1,364.0 Overlee - 38.0 Long Branch
Overlee,Week1,Rolling Forest,Week3,311.0 Overlee - 91.0 Rolling Forest
Overlee,Week1,Lakevale Estates,Week2,296.0 Overlee - 106.0 Lakevale Estates
Overlee,Week4,Lake Braddock,Week5,396.0 Overlee - 6.0 Lake Braddock
Overlee,Week2,Lakevale Estates,Week2,297.0 Overlee - 105.0 Lakevale Estates
Parklawn,Week3,Lakevale Estates,Week1,308.0 Lakevale Estates - 94.0 Parklawn
Parklawn,Week1,Cottontail,Week1,272.0 Cottontail - 121.0 Parklawn
Overlee,Week3,Rolling Forest,Week4,348.0 Overlee - 54.0 Rolling Forest
Parklawn,Week4,Lakevale Estates,Week1,290.0 Lakevale Estates - 112.0 Parklawn
Overlee,Week5,Camelot,Week2,343.0 Overlee - 59.0 Camelot
Parklawn,Week5,Commonwealth,Week4,218.0 Commonwealth - 184.0 Parklawn
Overlee,Week2,Rolling Forest,Week5,332.0 Overlee - 70.0 Rolling Forest
Parklawn,Week5,Commonwealth,Week2,247.0 Commonwealth - 155.0 Parklawn
Overlee,Week3,Camelot,Week4,339.0 Overlee - 63.0 Camelot
Overlee,Week5,Long Branch,Week4,361.0 Overlee - 41.0 Long Branch
Overlee,Week1,Mansion House,Week1,300.0 Overlee - 102.0 Mansion House
Parklawn,Week3,Great Falls,Week4,235.0 Great Falls - 167.0 Parklawn
Overlee,Week5,Rolling Forest,Week2,369.0 Overlee - 33.0 Rolling Forest
Parklawn,Week4,Lakeview,Week4,218.0 Parklawn - 184.0 Lakeview
Overlee,Week5,Camelot,Week5,357.0 Overlee - 45.0 Camelot
Overlee,Week4,Lake Braddock,Week2,383.0 Overlee - 19.0 Lake Braddock
Overlee,Week3,Camelot,Week1,334.0 Overlee - 68.0 Camelot
Parklawn,Week5,Lakevale Estates,Week2,295.0 Lakevale Estates - 107.0 Parklawn
Parklawn,Week5,Great Falls,Week5,234.0 Great Falls - 167.0 Parklawn
Overlee,Week5,Rolling Forest,Week5,362.0 Overlee - 40.0 Rolling Forest
Overlee,Week5,Long Branch,Week2,367.0 Overlee - 35.0 Long Branch
Overlee,Week1,Highland Park,Week1,319.0 Overlee - 83.0 Highland Park
Parklawn,Week3,Lakevale Estates,Week4,324.0 Lakevale Estates - 78.0 Parklawn
Parklawn,Week1,Greenbriar,Week2,303.0 Greenbriar - 90.0 Parklawn
Parklawn,Week3,Lakevale Estates,Week5,326.0 Lakevale Estates - 76.0 Parklawn
Overlee,Week3,Lake Braddock,Week5,383.0 Overlee - 19.0 Lake Braddock
Overlee,Week2,Lakevale Estates,Week3,285.5 Overlee - 116.5 Lakevale Estates
Parklawn,Week4,Great Falls,Week3,240.0 Great Falls - 161.0 Parklawn
Overlee,Week1,Rolling Hills,Week1,356.0 Overlee - 46.0 Rolling Hills
Parklawn,Week3,Cottontail,Week3,255.0 Cottontail - 147.0 Parklawn
Overlee,Week1,Mansion House,Week3,280.0 Overlee - 122.0 Mansion House
Parklawn,Week3,Cottontail,Week1,274.0 Cottontail - 128.0 Parklawn
Overlee,Week4,Camelot,Week4,372.0 Overlee - 30.0 Camelot
Overlee,Week3,Camelot,Week5,327.0 Overlee - 75.0 Camelot
Overlee,Week5,Long Branch,Week3,369.0 Overlee - 33.0 Long Branch
Parklawn,Week4,Lakevale Estates,Week3,305.0 Lakevale Estates - 97.0 Parklawn
Parklawn,Week4,Cottontail,Week3,222.0 Cottontail - 179.0 Parklawn
Parklawn,Week1,Great Falls,Week3,256.0 Great Falls - 137.0 Parklawn
Overlee,Week3,Rolling Forest,Week5,317.0 Overlee - 85.0 Rolling Forest
Overlee,Week1,Mansion House,Week2,302.0 Overlee - 100.0 Mansion House
Parklawn,Week4,Great Falls,Week2,217.0 Great Falls - 166.0 Parklawn
Parklawn,Week3,Lakevale Estates,Week2,318.5 Lakevale Estates - 83.5 Parklawn
Overlee,Week2,Lakevale Estates,Week5,269.5 Overlee - 132.5 Lakevale Estates
Parklawn,Week3,Cottontail,Week4,237.0 Cottontail - 164.0 Parklawn
Parklawn,Week1,Great Falls,Week5,256.0 Great Falls - 137.0 Parklawn
Overlee,Week2,Rolling Hills,Week2,352.0 Overlee - 50.0 Rolling Hills
Overlee,Week5,Lake Braddock,Week3,388.0 Overlee - 14.0 Lake Braddock
Overlee,Week5,Camelot,Week1,356.0 Overlee - 46.0 Camelot
Overlee,Week1,Mansion House,Week4,310.0 Overlee - 92.0 Mansion House
Parklawn,Week5,Great Falls,Week2,226.5 Great Falls - 157.5 Parklawn
Parklawn,Week5,Lakevale Estates,Week4,313.0 Lakevale Estates - 89.0 Parklawn
Overlee,Week4,Rolling Hills,Week1,370.0 Overlee - 32.0 Rolling Hills
Overlee,Week1,Mansion House,Week5,291.0 Overlee - 111.0 Mansion House
Overlee,Week3,Lakevale Estates,Week2,303.5 Overlee - 98.5 Lakevale Estates
Parklawn,Week5,Cottontail,Week1,253.0 Cottontail - 149.0 Parklawn
Overlee,Week2,Canterbury Woods,Week2,365.5 Overlee - 36.5 Canterbury Woods
Overlee,Week3,Mansion House,Week1,304.0 Overlee - 98.0 Mansion House
Overlee,Week5,Camelot,Week3,355.0 Overlee - 47.0 Camelot
Overlee,Week4,Mansion House,Week3,322.0 Overlee - 80.0 Mansion House
Overlee,Week2,Lakevale Estates,Week1,295.0 Overlee - 107.0 Lakevale Estates
Parklawn,Week4,Cottontail,Week4,215.0 Cottontail - 186.0 Parklawn
Overlee,Week2,Mansion House,Week1,314.0 Overlee - 88.0 Mansion House
Parklawn,Week1,Lakeview,Week4,234.0 Lakeview - 159.0 Parklawn
Parklawn,Week5,Great Falls,Week3,238.0 Great Falls - 164.0 Parklawn
Overlee,Week5,Canterbury Woods,Week5,359.0 Overlee - 43.0 Canterbury Woods
Parklawn,Week1,Lakeview,Week5,200.0 Lakeview - 184.0 Parklawn
Overlee,Week5,Rolling Forest,Week3,356.0 Overlee - 46.0 Rolling Forest
Parklawn,Week2,Lakeview,Week1,227.0 Parklawn - 174.0 Lakeview
Parklawn,Week4,Lakevale Estates,Week5,316.0 Lakevale Estates - 86.0 Parklawn
Overlee,Week5,Lake Braddock,Week4,392.0 Overlee - 10.0 Lake Braddock
Overlee,Week4,Rolling Forest,Week5,360.0 Overlee - 42.0 Rolling Forest
Parklawn,Week3,Great Falls,Week2,255.0 Great Falls - 129.0 Parklawn
Overlee,Week3,Lakevale Estates,Week3,279.0 Overlee - 123.0 Lakevale Estates
Parklawn,Week5,Fox Mill Woods,Week5,306.0 Fox Mill Woods - 96.0 Parklawn
Parklawn,Week5,Cottontail,Week2,231.0 Cottontail - 171.0 Parklawn
Overlee,Week3,Rolling Hills,Week4,357.0 Overlee - 45.0 Rolling Hills
Overlee,Week1,Canterbury Woods,Week5,342.0 Overlee - 60.0 Canterbury Woods
Overlee,Week3,Lakevale Estates,Week1,299.0 Overlee - 103.0 Lakevale Estates
Parklawn,Week3,Cottontail,Week5,275.0 Cottontail - 126.0 Parklawn
Parklawn,Week2,Great Falls,Week3,251.0 Great Falls - 151.0 Parklawn
Overlee,Week4,Canterbury Woods,Week5,372.0 Overlee - 30.0 Canterbury Woods
Overlee,Week1,Rolling Hills,Week4,363.0 Overlee - 39.0 Rolling Hills
Overlee,Week1,Cardinal Hill,Week1,270.0 Overlee - 132.0 Cardinal Hill
Parklawn,Week5,Cottontail,Week4,225.0 Cottontail - 171.0 Parklawn
Parklawn,Week2,Lakeview,Week2,239.0 Parklawn - 162.0 Lakeview
Overlee,Week2,Mantua,Week2,314.0 Overlee - 88.0 Mantua
Parklawn,Week2,Country Club Hills,Week2,251.0 Country Club Hills - 151.0 Parklawn
Overlee,Week4,Rolling Hills,Week4,379.0 Overlee - 23.0 Rolling Hills
Overlee,Week2,Mansion House,Week5,299.0 Overlee - 103.0 Mansion House
Parklawn,Week3,Country Club Hills,Week3,262.0 Country Club Hills - 139.0 Parklawn
Parklawn,Week2,Great Falls,Week4,224.0 Great Falls - 178.0 Parklawn
Overlee,Week2,Lakeview,Week3,379.0 Overlee - 23.0 Lakeview
Overlee,Week2,Cardinal Hill,Week2,321.0 Overlee - 81.0 Cardinal Hill
Overlee,Week3,Mantua,Week3,273.0 Overlee - 129.0 Mantua
Overlee,Week2,Mantua,Week5,297.0 Overlee - 105.0 Mantua
Parklawn,Week5,Country Club Hills,Week4,235.0 Country Club Hills - 162.0 Parklawn
Overlee,Week2,Lakeview,Week2,391.0 Overlee - 11.0 Lakeview
Parklawn,Week3,Great Falls,Week1,237.0 Great Falls - 165.0 Parklawn
Parklawn,Week5,Fox Mill Woods,Week3,303.0 Fox Mill Woods - 99.0 Parklawn
Overlee,Week1,Rolling Forest,Week2,324.0 Overlee - 78.0 Rolling Forest
Overlee,Week2,Cardinal Hill,Week3,275.5 Overlee - 126.5 Cardinal Hill
Parklawn,Week4,Country Club Hills,Week5,253.0 Country Club Hills - 147.0 Parklawn
Overlee,Week3,Lakevale Estates,Week5,265.0 Overlee - 137.0 Lakevale Estates
Overlee,Week2,Rolling Forest,Week2,342.0 Overlee - 60.0 Rolling Forest
Overlee,Week2,Cardinal Hill,Week4,297.0 Overlee - 105.0 Cardinal Hill
Overlee,Week2,Rolling Forest,Week1,340.0 Overlee - 62.0 Rolling Forest
Overlee,Week1,Lakeview,Week4,371.0 Overlee - 31.0 Lakeview
Parklawn,Week3,Lakeview,Week2,227.0 Parklawn - 174.0 Lakeview
Overlee,Week2,Mansion House,Week3,303.0 Overlee - 99.0 Mansion House
Parklawn,Week3,Langley,Week2,301.0 Langley - 101.0 Parklawn
Parklawn,Week2,Country Club Hills,Week5,256.0 Country Club Hills - 145.0 Parklawn
Overlee,Week2,Cardinal Hill,Week5,299.0 Overlee - 103.0 Cardinal Hill
Overlee,Week3,Rolling Hills,Week1,359.0 Overlee - 43.0 Rolling Hills
Parklawn,Week2,Crosspointe,Week2,298.0 Crosspointe - 104.0 Parklawn
Overlee,Week1,Rolling Forest,Week5,311.0 Overlee - 91.0 Rolling Forest
Parklawn,Week1,Great Falls,Week2,247.0 Great Falls - 123.0 Parklawn
Overlee,Week2,Mansion House,Week4,322.0 Overlee - 80.0 Mansion House
Overlee,Week2,Lakevale Estates,Week4,275.0 Overlee - 127.0 Lakevale Estates
Overlee,Week5,Canterbury Woods,Week4,363.0 Overlee - 39.0 Canterbury Woods
Parklawn,Week2,Lakeview,Week5,210.0 Parklawn - 183.0 Lakeview
Parklawn,Week3,Lakeview,Week4,229.0 Lakeview - 173.0 Parklawn
Parklawn,Week5,Lakeview,Week5,223.0 Parklawn - 170.0 Lakeview
Parklawn,Week1,Great Falls,Week4,236.0 Great Falls - 151.0 Parklawn
Overlee,Week2,Mansion House,Week2,307.0 Overlee - 95.0 Mansion House
Parklawn,Week1,Langley,Week4,331.0 Langley - 62.0 Parklawn
Overlee,Week5,Mansion House,Week1,323.0 Overlee - 79.0 Mansion House
Overlee,Week4,Mansion House,Week5,330.0 Overlee - 72.0 Mansion House
Overlee,Week2,Rolling Forest,Week3,337.0 Overlee - 65.0 Rolling Forest
Overlee,Week1,Cardinal Hill,Week5,275.0 Overlee - 127.0 Cardinal Hill
Overlee,Week1,Lakeview,Week5,358.0 Overlee - 35.0 Lakeview
Parklawn,Week5,Lakeview,Week1,244.0 Parklawn - 157.0 Lakeview
Parklawn,Week1,Great Falls,Week1,242.0 Great Falls - 150.0 Parklawn
Overlee,Week3,Rolling Forest,Week2,339.0 Overlee - 63.0 Rolling Forest
Overlee,Week2,Lakeview,Week4,376.0 Overlee - 26.0 Lakeview
Parklawn,Week1,Crosspointe,Week1,319.0 Crosspointe - 74.0 Parklawn
Parklawn,Week2,Langley,Week1,316.0 Langley - 86.0 Parklawn
Overlee,Week5,Canterbury Woods,Week2,374.0 Overlee - 28.0 Canterbury Woods
Overlee,Week4,Rolling Forest,Week2,365.0 Overlee - 37.0 Rolling Forest
Parklawn,Week4,Country Club Hills,Week1,230.0 Country Club Hills - 172.0 Parklawn
Overlee,Week3,Canterbury Woods,Week3,358.0 Overlee - 44.0 Canterbury Woods
Parklawn,Week4,Great Falls,Week1,216.0 Great Falls - 185.0 Parklawn
Overlee,Week3,Canterbury Woods,Week4,338.0 Overlee - 64.0 Canterbury Woods
Overlee,Week4,Lakevale Estates,Week3,316.0 Overlee - 86.0 Lakevale Estates
Overlee,Week5,Lakevale Estates,Week3,311.0 Overlee - 91.0 Lakevale Estates
Parklawn,Week5,Lakeview,Week2,238.0 Parklawn - 163.0 Lakeview
Parklawn,Week5,Fox Mill Woods,Week1,306.0 Fox Mill Woods - 95.0 Parklawn
Overlee,Week3,Mansion House,Week5,287.0 Overlee - 115.0 Mansion House
Parklawn,Week5,Fox Mill Woods,Week2,305.0 Fox Mill Woods - 96.0 Parklawn
Parklawn,Week1,Country Club Hills,Week4,253.0 Country Club Hills - 140.0 Parklawn
Overlee,Week5,Canterbury Woods,Week3,371.0 Overlee - 31.0 Canterbury Woods
Overlee,Week2,Mantua,Week1,305.0 Overlee - 97.0 Mantua
Overlee,Week2,Lakeview,Week5,376.0 Overlee - 17.0 Lakeview
Overlee,Week1,Mantua,Week4,298.0 Overlee - 104.0 Mantua
Parklawn,Week1,Langley,Week5,316.0 Langley - 72.0 Parklawn
Overlee,Week5,Canterbury Woods,Week1,369.0 Overlee - 33.0 Canterbury Woods
Overlee,Week3,Mansion House,Week4,319.0 Overlee - 83.0 Mansion House
Parklawn,Week3,Great Falls,Week5,249.0 Great Falls - 153.0 Parklawn
Overlee,Week2,Rolling Forest,Week4,358.0 Overlee - 44.0 Rolling Forest
Parklawn,Week1,Langley,Week2,300.5 Langley - 92.5 Parklawn
Parklawn,Week4,Country Club Hills,Week2,221.0 Country Club Hills - 180.0 Parklawn
Parklawn,Week2,Great Falls,Week1,229.0 Great Falls - 173.0 Parklawn
Overlee,Week4,Canterbury Woods,Week4,368.0 Overlee - 34.0 Canterbury Woods
Overlee,Week4,Lakevale Estates,Week4,312.0 Overlee - 90.0 Lakevale Estates
Overlee,Week3,Mansion House,Week2,304.0 Overlee - 98.0 Mansion House
Overlee,Week1,Lakeview,Week2,382.0 Overlee - 20.0 Lakeview
Parklawn,Week5,Country Club Hills,Week2,223.0 Country Club Hills - 179.0 Parklawn
Overlee,Week4,Rolling Forest,Week4,383.0 Overlee - 19.0 Rolling Forest
Overlee,Week5,Lakevale Estates,Week1,320.0 Overlee - 82.0 Lakevale Estates
Overlee,Week5,Rolling Forest,Week1,366.0 Overlee - 36.0 Rolling Forest
Overlee,Week5,Mansion House,Week4,342.0 Overlee - 60.0 Mansion House
Overlee,Week3,Rolling Forest,Week3,326.0 Overlee - 76.0 Rolling Forest
Parklawn,Week5,Lakeview,Week3,219.0 Parklawn - 182.0 Lakeview
Overlee,Week4,Canterbury Woods,Week1,380.0 Overlee - 22.0 Canterbury Woods
Parklawn,Week4,Country Club Hills,Week3,230.0 Country Club Hills - 171.0 Parklawn
Parklawn,Week2,Great Falls,Week5,248.0 Great Falls - 154.0 Parklawn
Overlee,Week1,Cardinal Hill,Week2,294.0 Overlee - 108.0 Cardinal Hill
Parklawn,Week1,Langley,Week1,319.0 Langley - 74.0 Parklawn
Parklawn,Week2,Langley,Week4,322.0 Langley - 80.0 Parklawn
Parklawn,Week5,Country Club Hills,Week5,256.0 Country Club Hills - 145.0 Parklawn
Overlee,Week4,Mansion House,Week2,331.0 Overlee - 71.0 Mansion House
Overlee,Week5,Rolling Forest,Week4,378.0 Overlee - 24.0 Rolling Forest
Parklawn,Week5,Great Falls,Week4,211.0 Great Falls - 190.0 Parklawn
Overlee,Week4,Lakevale Estates,Week1,328.0 Overlee - 74.0 Lakevale Estates
Overlee,Week4,Rolling Forest,Week1,369.0 Overlee - 33.0 Rolling Forest
Parklawn,Week5,Country Club Hills,Week1,234.0 Country Club Hills - 168.0 Parklawn
Parklawn,Week4,Great Falls,Week5,226.0 Great Falls - 176.0 Parklawn
Overlee,Week2,Rolling Hills,Week4,362.0 Overlee - 40.0 Rolling Hills
Parklawn,Week1,Langley,Week3,316.0 Langley - 77.0 Parklawn
Overlee,Week2,Rolling Hills,Week1,360.0 Overlee - 42.0 Rolling Hills
Parklawn,Week2,Langley,Week2,299.0 Langley - 103.0 Parklawn
Parklawn,Week1,Greenbriar,Week4,283.0 Greenbriar - 110.0 Parklawn
Overlee,Week3,Lakeview,Week2,388.0 Overlee - 14.0 Lakeview
Overlee,Week1,Mantua,Week5,287.0 Overlee - 115.0 Mantua
Parklawn,Week3,Langley,Week1,319.0 Langley - 83.0 Parklawn
Parklawn,Week1,Crosspointe,Week3,308.0 Crosspointe - 80.0 Parklawn
Overlee,Week1,Lakeview,Week3,367.0 Overlee - 35.0 Lakeview
Overlee,Week5,Mansion House,Week2,342.0 Overlee - 60.0 Mansion House
Overlee,Week4,Lakevale Estates,Week5,302.0 Overlee - 100.0 Lakevale Estates
Parklawn,Week2,Greenbriar,Week4,264.0 Greenbriar - 137.0 Parklawn
Overlee,Week4,Canterbury Woods,Week3,380.0 Overlee - 22.0 Canterbury Woods
Parklawn,Week1,Crosspointe,Week2,316.0 Crosspointe - 77.0 Parklawn
Overlee,Week3,Lakeview,Week1,385.0 Overlee - 17.0 Lakeview
Parklawn,Week1,Crosspointe,Week4,320.0 Crosspointe - 73.0 Parklawn
Overlee,Week5,Lakevale Estates,Week2,324.0 Overlee - 78.0 Lakevale Estates
Parklawn,Week2,Langley,Week3,304.0 Langley - 98.0 Parklawn
Parklawn,Week5,Langley,Week3,295.0 Langley - 107.0 Parklawn
Overlee,Week1,Rolling Hills,Week2,346.0 Overlee - 56.0 Rolling Hills
Overlee,Week1,Cardinal Hill,Week3,259.0 Overlee - 143.0 Cardinal Hill
Parklawn,Week5,Country Club Hills,Week3,243.0 Country Club Hills - 158.0 Parklawn
Overlee,Week3,Lakeview,Week3,367.0 Overlee - 35.0 Lakeview
Overlee,Week4,Mansion House,Week1,321.0 Overlee - 81.0 Mansion House
Overlee,Week1,Rolling Hills,Week5,351.0 Overlee - 51.0 Rolling Hills
Overlee,Week5,Mansion House,Week5,318.0 Overlee - 84.0 Mansion House
Overlee,Week2,Cardinal Hill,Week1,285.0 Overlee - 117.0 Cardinal Hill
Overlee,Week2,Rolling Hills,Week5,355.0 Overlee - 47.0 Rolling Hills
Parklawn,Week1,Greenbriar,Week1,290.0 Greenbriar - 103.0 Parklawn
Parklawn,Week3,Greenbriar,Week3,298.0 Greenbriar - 104.0 Parklawn
Parklawn,Week2,Greenbriar,Week5,271.0 Greenbriar - 130.0 Parklawn
Overlee,Week4,Mansion House,Week4,343.0 Overlee - 59.0 Mansion House
Parklawn,Week2,Greenbriar,Week2,289.0 Greenbriar - 113.0 Parklawn
Parklawn,Week2,Country Club Hills,Week3,247.0 Country Club Hills - 154.0 Parklawn
Parklawn,Week3,Country Club Hills,Week1,262.0 Country Club Hills - 140.0 Parklawn
Overlee,Week1,Cardinal Hill,Week4,284.0 Overlee - 118.0 Cardinal Hill
Overlee,Week3,Canterbury Woods,Week5,340.0 Overlee - 62.0 Canterbury Woods
Parklawn,Week4,Lakeview,Week5,239.0 Parklawn - 154.0 Lakeview
Parklawn,Week5,Lakeview,Week4,209.0 Lakeview - 193.0 Parklawn
Parklawn,Week3,Langley,Week5,312.5 Langley - 89.5 Parklawn
Parklawn,Week3,Greenbriar,Week4,280.0 Greenbriar - 121.0 Parklawn
Parklawn,Week3,Laurel Hill,Week1,214.0 Parklawn - 187.0 Laurel Hill
Parklawn,Week3,Country Club Hills,Week2,256.0 Country Club Hills - 146.0 Parklawn
Overlee,Week5,Lakevale Estates,Week4,302.5 Overlee - 99.5 Lakevale Estates
Overlee,Week3,Rolling Hills,Week2,352.0 Overlee - 50.0 Rolling Hills
Overlee,Week4,Canterbury Woods,Week2,380.0 Overlee - 22.0 Canterbury Woods
Overlee,Week3,Mansion House,Week3,287.0 Overlee - 115.0 Mansion House
Overlee,Week4,Lakevale Estates,Week2,321.0 Overlee - 81.0 Lakevale Estates
Overlee,Week1,Rolling Hills,Week3,350.0 Overlee - 52.0 Rolling Hills
Parklawn,Week2,Country Club Hills,Week1,254.0 Country Club Hills - 148.0 Parklawn
Parklawn,Week1,Country Club Hills,Week5,283.0 Country Club Hills - 110.0 Parklawn
Overlee,Week1,Mantua,Week3,269.0 Overlee - 133.0 Mantua
Overlee,Week2,Mantua,Week4,303.0 Overlee - 99.0 Mantua
Overlee,Week3,Rolling Hills,Week3,357.0 Overlee - 45.0 Rolling Hills
Overlee,Week3,Lakeview,Week4,370.0 Overlee - 32.0 Lakeview
Overlee,Week1,Mantua,Week2,306.5 Overlee - 95.5 Mantua
Overlee,Week3,Rolling Hills,Week5,351.0 Overlee - 51.0 Rolling Hills
Parklawn,Week3,Country Club Hills,Week5,274.0 Country Club Hills - 127.0 Parklawn
Parklawn,Week3,Greenbriar,Week5,282.0 Greenbriar - 120.0 Parklawn
Overlee,Week5,Lakevale Estates,Week5,308.0 Overlee - 94.0 Lakevale Estates
Parklawn,Week2,Greenbriar,Week1,277.0 Greenbriar - 124.0 Parklawn
Parklawn,Week3,Greenbriar,Week1,272.0 Greenbriar - 129.0 Parklawn
Overlee,Week5,Rolling Hills,Week5,374.5 Overlee - 27.5 Rolling Hills
Overlee,Week2,Lakeview,Week1,383.0 Overlee - 19.0 Lakeview
Parklawn,Week4,Langley,Week5,273.0 Langley - 129.0 Parklawn
Overlee,Week1,Lakeview,Week1,377.0 Overlee - 25.0 Lakeview
Overlee,Week1,Mantua,Week1,302.0 Overlee - 100.0 Mantua
Parklawn,Week3,Greenbriar,Week2,294.0 Greenbriar - 108.0 Parklawn
Parklawn,Week4,Crosspointe,Week3,283.0 Crosspointe - 118.0 Parklawn
Overlee,Week4,Rolling Hills,Week5,373.0 Overlee - 29.0 Rolling Hills
Overlee,Week3,Mantua,Week1,294.0 Overlee - 108.0 Mantua
Overlee,Week2,Rolling Hills,Week3,364.0 Overlee - 38.0 Rolling Hills
Overlee,Week4,Mantua,Week1,346.0 Overlee - 56.0 Mantua
Overlee,Week4,Rolling Hills,Week2,372.0 Overlee - 30.0 Rolling Hills
Parklawn,Week4,Country Club Hills,Week4,223.0 Country Club Hills - 174.0 Parklawn
Parklawn,Week3,Country Club Hills,Week4,251.0 Country Club Hills - 151.0 Parklawn
Parklawn,Week2,Country Club Hills,Week4,241.0 Country Club Hills - 161.0 Parklawn
Parklawn,Week4,Greenbriar,Week1,251.0 Greenbriar - 150.0 Parklawn
Parklawn,Week4,Langley,Week4,297.0 Langley - 105.0 Parklawn
Overlee,Week2,McLean,Week1,264.0 Overlee - 138.0 McLean
Overlee,Week5,Mansion House,Week3,322.0 Overlee - 80.0 Mansion House
Parklawn,Week4,Greenbriar,Week4,248.0 Greenbriar - 153.0 Parklawn
Parklawn,Week4,Langley,Week2,282.0 Langley - 120.0 Parklawn
Parklawn,Week1,Greenbriar,Week5,282.0 Greenbriar - 111.0 Parklawn
Parklawn,Week2,Langley,Week5,307.0 Langley - 95.0 Parklawn
Overlee,Week3,Mantua,Week2,307.0 Overlee - 95.0 Mantua
Parklawn,Week5,Langley,Week2,286.0 Langley - 116.0 Parklawn
Overlee,Week5,Rolling Hills,Week4,373.0 Overlee - 29.0 Rolling Hills
Parklawn,Week5,Langley,Week1,300.0 Langley - 102.0 Parklawn
Parklawn,Week2,Crosspointe,Week1,312.0 Crosspointe - 90.0 Parklawn
Overlee,Week2,Mantua,Week3,297.0 Overlee - 105.0 Mantua
Parklawn,Week1,Crosspointe,Week5,332.0 Crosspointe - 61.0 Parklawn
Parklawn,Week4,Greenbriar,Week2,266.0 Greenbriar - 136.0 Parklawn
Overlee,Week4,Rolling Hills,Week3,377.0 Overlee - 25.0 Rolling Hills
Parklawn,Week4,Greenbriar,Week5,256.0 Greenbriar - 146.0 Parklawn
Overlee,Week1,Rolling Valley,Week1,392.0 Overlee - 10.0 Rolling Valley
Parklawn,Week3,Langley,Week4,313.0 Langley - 89.0 Parklawn
Parklawn,Week4,Greenbriar,Week3,256.0 Greenbriar - 146.0 Parklawn
Parklawn,Week4,Crosspointe,Week1,299.0 Crosspointe - 103.0 Parklawn
Parklawn,Week5,Langley,Week4,303.0 Langley - 99.0 Parklawn
Overlee,Week2,Rolling Valley,Week1,392.0 Overlee - 10.0 Rolling Valley
Parklawn,Week2,Laurel Hill,Week5,214.0 Laurel Hill - 186.0 Parklawn
Parklawn,Week2,Crosspointe,Week4,313.0 Crosspointe - 89.0 Parklawn
Orange Hunt,Week2,South Run,Week3,236.0 Orange Hunt - 166.0 South Run
Overlee,Week5,Rolling Hills,Week3,369.0 Overlee - 33.0 Rolling Hills
Overlee,Week3,McLean,Week3,224.0 Overlee - 178.0 McLean
Overlee,Week1,McLean,Week1,251.0 Overlee - 151.0 McLean
Parklawn,Week4,Langley,Week3,281.0 Langley - 121.0 Parklawn
Overlee,Week5,Mantua,Week2,337.0 Overlee - 65.0 Mantua
Overlee,Week3,Rolling Valley,Week3,373.0 Overlee - 29.0 Rolling Valley
Parklawn,Week5,Greenbriar,Week1,257.0 Greenbriar - 144.0 Parklawn
Overlee,Week1,Rolling Valley,Week4,362.0 Overlee - 40.0 Rolling Valley
Overlee,Week3,McLean,Week4,225.0 Overlee - 177.0 McLean
Orange Hunt,Week1,South Run,Week1,203.0 Orange Hunt - 190.0 South Run
Parklawn,Week1,Laurel Hill,Week5,246.0 Laurel Hill - 146.0 Parklawn
Parklawn,Week4,Crosspointe,Week5,313.5 Crosspointe - 86.5 Parklawn
Parklawn,Week3,Daventry,Week1,223.0 Parklawn - 178.0 Daventry
Parklawn,Week2,Greenbriar,Week3,283.0 Greenbriar - 119.0 Parklawn
Parklawn,Week3,Crosspointe,Week2,312.5 Crosspointe - 89.5 Parklawn
Orange Hunt,Week2,South Run,Week1,213.0 Orange Hunt - 180.0 South Run
Overlee,Week2,Rolling Valley,Week4,376.0 Overlee - 26.0 Rolling Valley
Overlee,Week3,Rolling Valley,Week2,380.0 Overlee - 22.0 Rolling Valley
Parklawn,Week2,Crosspointe,Week5,320.0 Crosspointe - 81.0 Parklawn
Parklawn,Week2,Laurel Hill,Week1,228.0 Parklawn - 169.0 Laurel Hill
Overlee,Week1,Rolling Valley,Week2,374.0 Overlee - 28.0 Rolling Valley
Parklawn,Week5,Langley,Week5,287.0 Langley - 115.0 Parklawn
Orange Hunt,Week2,South Run,Week2,240.0 Orange Hunt - 162.0 South Run
Overlee,Week1,McLean,Week4,237.0 Overlee - 165.0 McLean
Overlee,Week1,McLean,Week3,223.0 Overlee - 179.0 McLean
Parklawn,Week1,Laurel Hill,Week4,229.0 Laurel Hill - 164.0 Parklawn
Orange Hunt,Week1,South Run,Week4,226.0 Orange Hunt - 176.0 South Run
Parklawn,Week3,Crosspointe,Week4,311.0 Crosspointe - 91.0 Parklawn
Overlee,Week3,McLean,Week2,217.0 Overlee - 185.0 McLean
Overlee,Week3,McLean,Week5,220.0 Overlee - 182.0 McLean
Parklawn,Week1,Laurel Hill,Week2,196.0 Parklawn - 195.0 Laurel Hill
Parklawn,Week3,Crosspointe,Week5,326.0 Crosspointe - 75.0 Parklawn
Overlee,Week1,Rolling Valley,Week5,358.0 Overlee - 44.0 Rolling Valley
Orange Hunt,Week3,Somerset-Olde Creek,Week1,328.0 Orange Hunt - 73.0 Somerset-Olde Creek
Parklawn,Week2,Laurel Hill,Week4,210.0 Parklawn - 192.0 Laurel Hill
Orange Hunt,Week4,Somerset-Olde Creek,Week5,304.0 Orange Hunt - 98.0 Somerset-Olde Creek
Parklawn,Week3,Langley,Week3,310.0 Langley - 92.0 Parklawn
Parklawn,Week1,Laurel Hill,Week3,233.0 Laurel Hill - 159.0 Parklawn
Overlee,Week5,Mantua,Week4,341.0 Overlee - 61.0 Mantua
Overlee,Week4,McLean,Week1,287.0 Overlee - 115.0 McLean
Overlee,Week2,Rolling Valley,Week5,375.0 Overlee - 27.0 Rolling Valley
Overlee,Week5,Rolling Hills,Week1,373.0 Overlee - 29.0 Rolling Hills
Parklawn,Week2,Daventry,Week3,226.0 Parklawn - 167.0 Daventry
Overlee,Week1,Rolling Valley,Week3,369.0 Overlee - 33.0 Rolling Valley
Overlee,Week2,McLean,Week4,245.0 Overlee - 157.0 McLean
Overlee,Week4,Mantua,Week5,340.0 Overlee - 62.0 Mantua
Parklawn,Week2,Laurel Hill,Week2,231.0 Parklawn - 169.0 Laurel Hill
Parklawn,Week3,Crosspointe,Week3,300.0 Crosspointe - 102.0 Parklawn
Parklawn,Week4,Laurel Hill,Week4,207.0 Parklawn - 195.0 Laurel Hill
Orange Hunt,Week3,Somerset-Olde Creek,Week4,322.0 Orange Hunt - 80.0 Somerset-Olde Creek
Parklawn,Week5,Crosspointe,Week2,285.0 Crosspointe - 117.0 Parklawn
Overlee,Week1,McLean,Week5,216.0 Overlee - 186.0 McLean
Overlee,Week5,Rolling Hills,Week2,363.0 Overlee - 39.0 Rolling Hills
Overlee,Week2,Rolling Valley,Week3,379.0 Overlee - 23.0 Rolling Valley
Parklawn,Week5,Crosspointe,Week4,287.0 Crosspointe - 115.0 Parklawn
Orange Hunt,Week2,South Run,Week4,236.0 Orange Hunt - 166.0 South Run
Parklawn,Week4,Crosspointe,Week2,278.0 Crosspointe - 123.0 Parklawn
Orange Hunt,Week5,Somerset-Olde Creek,Week5,310.0 Orange Hunt - 91.0 Somerset-Olde Creek
Overlee,Week4,Rolling Valley,Week3,391.0 Overlee - 11.0 Rolling Valley
Parklawn,Week3,Daventry,Week2,207.0 Parklawn - 186.0 Daventry
Overlee,Week5,Rolling Valley,Week4,388.0 Overlee - 14.0 Rolling Valley
Parklawn,Week1,Daventry,Week1,201.0 Parklawn - 191.0 Daventry
Overlee,Week3,Rolling Valley,Week1,395.0 Overlee - 7.0 Rolling Valley
Parklawn,Week3,Laurel Hill,Week3,215.0 Laurel Hill - 185.0 Parklawn
Overlee,Week5,Mantua,Week5,322.0 Overlee - 80.0 Mantua
Orange Hunt,Week3,Somerset-Olde Creek,Week2,326.0 Orange Hunt - 76.0 Somerset-Olde Creek
Overlee,Week2,Rolling Valley,Week2,380.0 Overlee - 22.0 Rolling Valley
Parklawn,Week1,Laurel Hill,Week1,193.0 Laurel Hill - 193.0 Parklawn
Overlee,Week3,Mantua,Week4,301.0 Overlee - 101.0 Mantua
Overlee,Week3,Rolling Valley,Week5,372.0 Overlee - 30.0 Rolling Valley
Overlee,Week4,McLean,Week4,257.0 Overlee - 145.0 McLean
Parklawn,Week3,Laurel Hill,Week4,206.0 Laurel Hill - 196.0 Parklawn
Parklawn,Week5,Laurel Hill,Week1,227.0 Parklawn - 174.0 Laurel Hill
Parklawn,Week3,Daventry,Week3,225.0 Parklawn - 173.0 Daventry
Overlee,Week3,Rutherford,Week3,353.0 Overlee - 49.0 Rutherford
Overlee,Week4,McLean,Week5,249.0 Overlee - 153.0 McLean
Parklawn,Week4,Langley,Week1,288.0 Langley - 114.0 Parklawn
Overlee,Week3,Rolling Valley,Week4,372.0 Overlee - 30.0 Rolling Valley
Parklawn,Week3,Laurel Hill,Week5,224.0 Laurel Hill - 178.0 Parklawn
Overlee,Week4,Mantua,Week2,353.0 Overlee - 49.0 Mantua
Parklawn,Week1,Daventry,Week5,219.0 Daventry - 167.0 Parklawn
Orange Hunt,Week4,Somerset-Olde Creek,Week2,327.0 Orange Hunt - 75.0 Somerset-Olde Creek
Orange Hunt,Week5,Waynewood,Week1,207.0 Orange Hunt - 195.0 Waynewood
Orange Hunt,Week3,Waynewood,Week1,203.0 Waynewood - 199.0 Orange Hunt
Orange Hunt,Week5,Somerset-Olde Creek,Week3,337.0 Orange Hunt - 64.0 Somerset-Olde Creek
Overlee,Week4,McLean,Week2,245.0 Overlee - 157.0 McLean
Parklawn,Week2,Daventry,Week5,199.0 Parklawn - 198.0 Daventry
Parklawn,Week4,Crosspointe,Week4,282.0 Crosspointe - 120.0 Parklawn
Overlee,Week4,Mantua,Week4,349.0 Overlee - 53.0 Mantua
Orange Hunt,Week2,Waynewood,Week4,214.0 Waynewood - 188.0 Orange Hunt
Orange Hunt,Week5,Somerset-Olde Creek,Week2,331.0 Orange Hunt - 71.0 Somerset-Olde Creek
Orange Hunt,Week2,Somerset-Olde Creek,Week5,310.0 Orange Hunt - 92.0 Somerset-Olde Creek
Parklawn,Week2,Daventry,Week4,237.0 Parklawn - 160.0 Daventry
Orange Hunt,Week3,Somerset-Olde Creek,Week3,329.0 Orange Hunt - 73.0 Somerset-Olde Creek
Parklawn,Week2,Laurel Hill,Week3,212.0 Laurel Hill - 189.0 Parklawn
Parklawn,Week1,Daventry,Week4,207.0 Parklawn - 184.0 Daventry
Orange Hunt,Week2,Woodley,Week5,279.0 Orange Hunt - 123.0 Woodley
Overlee,Week4,Rutherford,Week3,380.0 Overlee - 22.0 Rutherford
Overlee,Week1,McLean,Week2,212.0 Overlee - 190.0 McLean
Orange Hunt,Week4,Waynewood,Week4,213.5 Waynewood - 188.5 Orange Hunt
Parklawn,Week1,Lee Graham,Week3,334.0 Lee Graham - 59.0 Parklawn
Overlee,Week2,McLean,Week2,224.0 Overlee - 178.0 McLean
Orange Hunt,Week4,Somerset-Olde Creek,Week1,318.0 Orange Hunt - 83.0 Somerset-Olde Creek
Overlee,Week5,Mantua,Week3,327.5 Overlee - 74.5 Mantua
Parklawn,Week3,Daventry,Week4,219.0 Parklawn - 179.0 Daventry
Parklawn,Week1,Daventry,Week2,213.0 Daventry - 179.0 Parklawn
Parklawn,Week1,Lee Graham,Week4,331.0 Lee Graham - 62.0 Parklawn
Parklawn,Week5,Crosspointe,Week5,310.0 Crosspointe - 91.0 Parklawn
Orange Hunt,Week1,Woodley,Week4,283.0 Orange Hunt - 119.0 Woodley
Parklawn,Week3,Daventry,Week5,217.0 Daventry - 181.0 Parklawn
Parklawn,Week1,Lee Graham,Week1,325.0 Lee Graham - 68.0 Parklawn
Overlee,Week4,Mantua,Week3,336.0 Overlee - 66.0 Mantua
Orange Hunt,Week1,South Run,Week3,218.0 Orange Hunt - 184.0 South Run
Overlee,Week3,Rutherford,Week1,373.0 Overlee - 29.0 Rutherford
Orange Hunt,Week2,Woodley,Week3,276.0 Orange Hunt - 126.0 Woodley
Parklawn,Week1,Lee Graham,Week5,340.0 Lee Graham - 53.0 Parklawn
Overlee,Week4,Rolling Valley,Week1,397.0 Overlee - 5.0 Rolling Valley
Overlee,Week3,Mantua,Week5,277.0 Overlee - 125.0 Mantua
Parklawn,Week1,Lee Graham,Week2,331.0 Lee Graham - 62.0 Parklawn
Parklawn,Week2,Crosspointe,Week3,298.0 Crosspointe - 104.0 Parklawn
Overlee,Week2,Rutherford,Week1,370.0 Overlee - 32.0 Rutherford
Orange Hunt,Week5,Somerset-Olde Creek,Week1,323.0 Orange Hunt - 75.0 Somerset-Olde Creek
Overlee,Week2,Rutherford,Week5,363.0 Overlee - 39.0 Rutherford
Orange Hunt,Week1,South Run,Week2,228.5 Orange Hunt - 173.5 South Run
Overlee,Week5,Mantua,Week1,339.0 Overlee - 63.0 Mantua
Orange Hunt,Week4,Somerset-Olde Creek,Week4,319.0 Orange Hunt - 78.0 Somerset-Olde Creek
Orange Hunt,Week1,South Run,Week5,207.0 South Run - 195.0 Orange Hunt
Orange Hunt,Week5,Waynewood,Week5,232.0 Waynewood - 170.0 Orange Hunt
Orange Hunt,Week4,Somerset-Olde Creek,Week3,326.0 Orange Hunt - 76.0 Somerset-Olde Creek
Orange Hunt,Week1,Woodley,Week1,272.0 Orange Hunt - 130.0 Woodley
Overlee,Week1,Rutherford,Week1,368.0 Overlee - 34.0 Rutherford
Parklawn,Week3,Crosspointe,Week1,320.0 Crosspointe - 82.0 Parklawn
Parklawn,Week5,Laurel Hill,Week4,215.0 Parklawn - 187.0 Laurel Hill
Orange Hunt,Week5,Somerset-Olde Creek,Week4,326.0 Orange Hunt - 76.0 Somerset-Olde Creek
Orange Hunt,Week3,Waynewood,Week3,239.0 Waynewood - 163.0 Orange Hunt
Parklawn,Week3,Laurel Hill,Week2,233.0 Parklawn - 168.0 Laurel Hill
Overlee,Week3,McLean,Week1,246.0 Overlee - 156.0 McLean
Overlee,Week5,Rutherford,Week5,374.0 Overlee - 28.0 Rutherford
Overlee,Week2,McLean,Week3,231.0 Overlee - 171.0 McLean
Parklawn,Week1,Daventry,Week3,200.0 Daventry - 182.0 Parklawn
Overlee,Week5,Rolling Valley,Week3,392.0 Overlee - 10.0 Rolling Valley
Orange Hunt,Week3,Somerset-Olde Creek,Week5,315.0 Orange Hunt - 87.0 Somerset-Olde Creek
Overlee,Week1,Shouse Village,Week4,303.0 Overlee - 99.0 Shouse Village
Orange Hunt,Week4,Waynewood,Week5,240.5 Waynewood - 161.5 Orange Hunt
Parklawn,Week5,Crosspointe,Week3,294.0 Crosspointe - 108.0 Parklawn
Orange Hunt,Week4,Woodley,Week1,280.0 Orange Hunt - 122.0 Woodley
Overlee,Week4,McLean,Week3,254.0 Overlee - 148.0 McLean
Overlee,Week2,McLean,Week5,214.0 Overlee - 188.0 McLean
Orange Hunt,Week4,Woodley,Week3,294.0 Orange Hunt - 108.0 Woodley
Orange Hunt,Week3,Woodley,Week4,294.0 Orange Hunt - 108.0 Woodley
Parklawn,Week5,Laurel Hill,Week5,213.0 Laurel Hill - 184.0 Parklawn
Overlee,Week1,Shouse Village,Week2,314.0 Overlee - 88.0 Shouse Village
Parklawn,Week5,Laurel Hill,Week3,212.0 Parklawn - 189.0 Laurel Hill
Parklawn,Week4,Laurel Hill,Week3,205.0 Parklawn - 196.0 Laurel Hill
Parklawn,Week2,Daventry,Week1,233.0 Parklawn - 167.0 Daventry
Parklawn,Week2,Lee Graham,Week1,317.0 Lee Graham - 85.0 Parklawn
Parklawn,Week5,Crosspointe,Week1,307.0 Crosspointe - 95.0 Parklawn
Orange Hunt,Week2,Somerset-Olde Creek,Week4,318.0 Orange Hunt - 84.0 Somerset-Olde Creek
Overlee,Week4,Rolling Valley,Week4,390.0 Overlee - 12.0 Rolling Valley
Overlee,Week5,McLean,Week2,246.0 Overlee - 156.0 McLean
Overlee,Week5,McLean,Week1,282.0 Overlee - 120.0 McLean
Overlee,Week5,Rolling Valley,Week2,392.5 Overlee - 9.5 Rolling Valley
Parklawn,Week1,Lincolnia Park,Week4,223.0 Parklawn - 169.0 Lincolnia Park
Parklawn,Week4,Daventry,Week1,242.0 Parklawn - 159.0 Daventry
Overlee,Week1,Rutherford,Week4,345.0 Overlee - 57.0 Rutherford
Parklawn,Week1,Dominion Hills,Week3,283.0 Dominion Hills - 110.0 Parklawn
Overlee,Week5,Rolling Valley,Week1,395.0 Overlee - 7.0 Rolling Valley
Parklawn,Week2,Lee Graham,Week3,333.0 Lee Graham - 69.0 Parklawn
Parklawn,Week5,Laurel Hill,Week2,236.0 Parklawn - 156.0 Laurel Hill
Parklawn,Week4,Laurel Hill,Week5,211.5 Laurel Hill - 189.5 Parklawn
Parklawn,Week4,Dominion Hills,Week3,233.0 Dominion Hills - 168.0 Parklawn
Orange Hunt,Week2,Waynewood,Week5,241.0 Waynewood - 161.0 Orange Hunt
Parklawn,Week5,Dominion Hills,Week1,257.0 Dominion Hills - 139.0 Parklawn
Parklawn,Week4,Daventry,Week2,232.0 Parklawn - 160.0 Daventry
Overlee,Week5,Mosby Woods,Week1,310.0 Overlee - 92.0 Mosby Woods
Overlee,Week3,Mosby Woods,Week2,268.0 Overlee - 134.0 Mosby Woods
Overlee,Week4,Mosby Woods,Week4,337.0 Overlee - 65.0 Mosby Woods
Overlee,Week1,Annandale,Week1,353.0 Overlee - 49.0 Annandale
Overlee,Week1,Rutherford,Week5,352.0 Overlee - 50.0 Rutherford
Overlee,Week2,Rutherford,Week2,370.0 Overlee - 32.0 Rutherford
Overlee,Week1,Mosby Woods,Week5,274.0 Overlee - 128.0 Mosby Woods
Orange Hunt,Week4,Waynewood,Week2,224.0 Waynewood - 178.0 Orange Hunt
Parklawn,Week4,Dominion Hills,Week2,256.0 Dominion Hills - 146.0 Parklawn
Orange Hunt,Week2,Woodley,Week2,288.0 Orange Hunt - 114.0 Woodley
Orange Hunt,Week2,Woodley,Week1,277.0 Orange Hunt - 125.0 Woodley
Parklawn,Week2,Daventry,Week2,236.0 Parklawn - 157.0 Daventry
Overlee,Week4,Rutherford,Week2,384.0 Overlee - 18.0 Rutherford
Parklawn,Week2,Lee Graham,Week2,326.0 Lee Graham - 76.0 Parklawn
Parklawn,Week4,Laurel Hill,Week2,239.0 Parklawn - 156.0 Laurel Hill
Orange Hunt,Week5,Waynewood,Week2,204.0 Waynewood - 198.0 Orange Hunt
Overlee,Week4,Rolling Valley,Week5,388.0 Overlee - 14.0 Rolling Valley
Parklawn,Week4,Laurel Hill,Week1,230.0 Parklawn - 168.0 Laurel Hill
Orange Hunt,Week5,Woodley,Week2,297.0 Orange Hunt - 105.0 Woodley
Overlee,Week4,Mosby Woods,Week1,311.0 Overlee - 91.0 Mosby Woods
Overlee,Week5,McLean,Week5,236.0 Overlee - 166.0 McLean
Overlee,Week2,Mosby Woods,Week4,296.0 Overlee - 106.0 Mosby Woods
Parklawn,Week2,Dominion Hills,Week2,260.0 Dominion Hills - 142.0 Parklawn
Overlee,Week1,Rutherford,Week3,349.0 Overlee - 53.0 Rutherford
Orange Hunt,Week3,Waynewood,Week5,240.0 Waynewood - 162.0 Orange Hunt
Parklawn,Week3,Lee Graham,Week2,335.0 Lee Graham - 67.0 Parklawn
Orange Hunt,Week2,Waynewood,Week2,227.0 Waynewood - 175.0 Orange Hunt
Parklawn,Week5,Dominion Hills,Week3,256.0 Dominion Hills - 146.0 Parklawn
Parklawn,Week5,Lee Graham,Week2,326.0 Lee Graham - 76.0 Parklawn
Parklawn,Week3,Lincolnia Park,Week1,247.0 Parklawn - 154.0 Lincolnia Park
Overlee,Week3,Rutherford,Week2,366.0 Overlee - 36.0 Rutherford
Overlee,Week2,Mount Vernon Park,Week1,292.5 Overlee - 109.5 Mount Vernon Park
Overlee,Week5,Rolling Valley,Week5,382.0 Overlee - 20.0 Rolling Valley
Parklawn,Week3,Dominion Hills,Week4,297.0 Dominion Hills - 105.0 Parklawn
Overlee,Week5,McLean,Week3,245.0 Overlee - 157.0 McLean
Orange Hunt,Week4,Waynewood,Week3,252.0 Waynewood - 150.0 Orange Hunt
Parklawn,Week3,Dominion Hills,Week2,281.0 Dominion Hills - 121.0 Parklawn
Orange Hunt,Week2,Waynewood,Week3,252.0 Waynewood - 150.0 Orange Hunt
Parklawn,Week2,Lee Graham,Week4,318.0 Lee Graham - 84.0 Parklawn
Parklawn,Week4,Lee Graham,Week4,303.0 Lee Graham - 99.0 Parklawn
Orange Hunt,Week3,Waynewood,Week2,214.5 Waynewood - 187.5 Orange Hunt
Parklawn,Week4,Daventry,Week3,228.0 Parklawn - 169.0 Daventry
Orange Hunt,Week3,Waynewood,Week4,213.0 Waynewood - 189.0 Orange Hunt
Orange Hunt,Week5,Waynewood,Week3,229.0 Waynewood - 173.0 Orange Hunt
Overlee,Week1,Mosby Woods,Week3,263.5 Overlee - 138.5 Mosby Woods
Parklawn,Week2,Dominion Hills,Week3,259.5 Dominion Hills - 142.5 Parklawn
Parklawn,Week4,Daventry,Week5,205.0 Parklawn - 192.0 Daventry
Overlee,Week1,Mosby Woods,Week4,290.0 Overlee - 112.0 Mosby Woods
Parklawn,Week1,Dominion Hills,Week4,297.0 Dominion Hills - 95.0 Parklawn
Orange Hunt,Week4,Waynewood,Week1,213.0 Waynewood - 189.0 Orange Hunt
Overlee,Week2,Rutherford,Week4,360.0 Overlee - 42.0 Rutherford
Parklawn,Week4,Lee Graham,Week2,313.0 Lee Graham - 88.0 Parklawn
Parklawn,Week3,Lee Graham,Week3,339.0 Lee Graham - 63.0 Parklawn
Overlee,Week1,Rutherford,Week2,365.0 Overlee - 37.0 Rutherford
Overlee,Week4,Rolling Valley,Week2,389.0 Overlee - 13.0 Rolling Valley
Overlee,Week1,Mosby Woods,Week1,262.0 Overlee - 140.0 Mosby Woods
Overlee,Week2,Rutherford,Week3,364.5 Overlee - 37.5 Rutherford
Overlee,Week1,Mosby Woods,Week2,258.0 Overlee - 144.0 Mosby Woods
Parklawn,Week3,Lincolnia Park,Week3,218.0 Parklawn - 171.0 Lincolnia Park
Parklawn,Week5,Lee Graham,Week5,320.0 Lee Graham - 82.0 Parklawn
Orange Hunt,Week5,Waynewood,Week4,205.0 Orange Hunt - 197.0 Waynewood
Overlee,Week5,Rutherford,Week2,379.0 Overlee - 23.0 Rutherford
Overlee,Week5,Rutherford,Week1,383.0 Overlee - 19.0 Rutherford
Overlee,Week3,Rutherford,Week5,359.0 Overlee - 43.0 Rutherford
Overlee,Week5,Mosby Woods,Week4,332.0 Overlee - 70.0 Mosby Woods
Overlee,Week4,Mosby Woods,Week3,329.0 Overlee - 73.0 Mosby Woods
Overlee,Week5,Mosby Woods,Week3,320.0 Overlee - 82.0 Mosby Woods
Parklawn,Week1,Dominion Hills,Week2,287.0 Dominion Hills - 106.0 Parklawn
Parklawn,Week4,Lee Graham,Week5,319.0 Lee Graham - 83.0 Parklawn
Parklawn,Week4,Lee Graham,Week3,324.0 Lee Graham - 78.0 Parklawn
Overlee,Week4,Rutherford,Week4,369.0 Overlee - 33.0 Rutherford
Orange Hunt,Week2,Woodley,Week4,285.0 Orange Hunt - 117.0 Woodley
Parklawn,Week1,Lincolnia Park,Week1,215.0 Parklawn - 176.0 Lincolnia Park
Orange Hunt,Week1,Woodley,Week5,260.0 Orange Hunt - 142.0 Woodley
Parklawn,Week3,Dominion Hills,Week3,282.0 Dominion Hills - 120.0 Parklawn
Parklawn,Week5,Daventry,Week4,227.0 Parklawn - 171.0 Daventry
Overlee,Week4,Mosby Woods,Week2,328.0 Overlee - 74.0 Mosby Woods
Overlee,Week2,Mosby Woods,Week5,282.0 Overlee - 120.0 Mosby Woods
Overlee,Week3,Rutherford,Week4,350.0 Overlee - 52.0 Rutherford
Orange Hunt,Week1,Woodley,Week3,282.0 Orange Hunt - 120.0 Woodley
Orange Hunt,Week1,Woodley,Week2,282.0 Orange Hunt - 120.0 Woodley
Parklawn,Week5,Daventry,Week3,230.0 Parklawn - 168.0 Daventry
Parklawn,Week1,Dominion Hills,Week1,275.0 Dominion Hills - 118.0 Parklawn
Parklawn,Week5,Lee Graham,Week1,317.0 Lee Graham - 85.0 Parklawn
Parklawn,Week4,Lee Graham,Week1,308.0 Lee Graham - 94.0 Parklawn
Orange Hunt,Week3,Woodley,Week3,284.0 Orange Hunt - 118.0 Woodley
Parklawn,Week3,Lee Graham,Week1,327.0 Lee Graham - 75.0 Parklawn
Parklawn,Week3,Dominion Hills,Week5,303.0 Dominion Hills - 98.0 Parklawn
Overlee,Week3,Mosby Woods,Week3,268.0 Overlee - 134.0 Mosby Woods
Orange Hunt,Week3,Woodley,Week5,274.0 Orange Hunt - 128.0 Woodley
Overlee,Week2,Shouse Village,Week5,299.0 Overlee - 103.0 Shouse Village
Parklawn,Week5,Lee Graham,Week3,326.0 Lee Graham - 76.0 Parklawn
Parklawn,Week5,Daventry,Week1,238.0 Parklawn - 157.0 Daventry
Orange Hunt,Week4,Woodley,Week5,280.0 Orange Hunt - 122.0 Woodley
Overlee,Week3,Mosby Woods,Week1,269.0 Overlee - 133.0 Mosby Woods
Overlee,Week2,Mosby Woods,Week3,286.0 Overlee - 116.0 Mosby Woods
Parklawn,Week2,Dominion Hills,Week1,249.5 Dominion Hills - 151.5 Parklawn
Orange Hunt,Week4,Woodley,Week4,292.0 Orange Hunt - 105.0 Woodley
Overlee,Week5,Rutherford,Week4,368.5 Overlee - 33.5 Rutherford
Parklawn,Week4,Daventry,Week4,246.5 Parklawn - 151.5 Daventry
Overlee,Week5,McLean,Week4,256.0 Overlee - 146.0 McLean
Parklawn,Week2,Lincolnia Park,Week1,259.0 Parklawn - 142.0 Lincolnia Park
Orange Hunt,Week3,Woodley,Week1,283.0 Orange Hunt - 119.0 Woodley
Overlee,Week1,Shouse Village,Week1,295.0 Overlee - 107.0 Shouse Village
Parklawn,Week2,Dominion Hills,Week4,268.0 Dominion Hills - 133.0 Parklawn
Overlee,Week5,Rutherford,Week3,373.0 Overlee - 29.0 Rutherford
Parklawn,Week2,Dominion Hills,Week5,280.0 Dominion Hills - 121.0 Parklawn
Overlee,Week3,Mosby Woods,Week5,264.0 Overlee - 138.0 Mosby Woods
Parklawn,Week3,Lee Graham,Week4,327.0 Lee Graham - 75.0 Parklawn
Parklawn,Week3,Dominion Hills,Week1,270.0 Dominion Hills - 131.0 Parklawn
Orange Hunt,Week3,Woodley,Week2,292.0 Orange Hunt - 110.0 Woodley
Parklawn,Week3,Lee Graham,Week5,339.0 Lee Graham - 63.0 Parklawn
Orange Hunt,Week4,Woodley,Week2,295.0 Orange Hunt - 107.0 Woodley
Overlee,Week1,Shouse Village,Week3,306.0 Overlee - 96.0 Shouse Village
Overlee,Week2,Shouse Village,Week3,308.0 Overlee - 94.0 Shouse Village
Overlee,Week4,Rutherford,Week1,382.0 Overlee - 20.0 Rutherford
Overlee,Week3,Mosby Woods,Week4,286.0 Overlee - 116.0 Mosby Woods
Overlee,Week4,Rutherford,Week5,375.0 Overlee - 27.0 Rutherford
Parklawn,Week1,Lincolnia Park,Week3,195.0 Lincolnia Park - 188.0 Parklawn
Overlee,Week2,Mosby Woods,Week1,279.0 Overlee - 123.0 Mosby Woods
Overlee,Week2,Mosby Woods,Week2,276.0 Overlee - 126.0 Mosby Woods
Overlee,Week4,Shouse Village,Week5,326.0 Overlee - 76.0 Shouse Village
Parklawn,Week5,Dominion Hills,Week2,265.0 Dominion Hills - 137.0 Parklawn
Parklawn,Week4,Dominion Hills,Week1,246.0 Dominion Hills - 155.0 Parklawn
Overlee,Week1,Mount Vernon Park,Week3,278.0 Overlee - 124.0 Mount Vernon Park
Orange Hunt,Week5,Woodley,Week4,301.5 Orange Hunt - 100.5 Woodley
Parklawn,Week5,Daventry,Week2,236.0 Parklawn - 157.0 Daventry
Overlee,Week1,Sideburn Run,Week3,306.0 Overlee - 96.0 Sideburn Run
Overlee,Week5,Shouse Village,Week1,337.0 Overlee - 65.0 Shouse Village
Parklawn,Week4,Dominion Hills,Week4,259.0 Dominion Hills - 139.0 Parklawn
Parklawn,Week5,Dominion Hills,Week4,269.0 Dominion Hills - 133.0 Parklawn
Overlee,Week4,Mosby Woods,Week5,308.0 Overlee - 94.0 Mosby Woods
Parklawn,Week5,Daventry,Week5,205.0 Parklawn - 193.0 Daventry
Orange Hunt,Week5,Woodley,Week1,289.0 Orange Hunt - 113.0 Woodley
Parklawn,Week5,Lee Graham,Week4,321.0 Lee Graham - 81.0 Parklawn
Parklawn,Week2,Lincolnia Park,Week3,226.0 Parklawn - 163.0 Lincolnia Park
Overlee,Week5,Mosby Woods,Week5,309.0 Overlee - 93.0 Mosby Woods
Overlee,Week1,Shouse Village,Week5,290.0 Overlee - 112.0 Shouse Village
Parklawn,Week1,Lincolnia Park,Week5,202.0 Lincolnia Park - 181.0 Parklawn
Parklawn,Week1,Dominion Hills,Week5,306.0 Dominion Hills - 87.0 Parklawn
Parklawn,Week1,Lincolnia Park,Week2,213.0 Parklawn - 170.0 Lincolnia Park
Orange Hunt,Week5,Woodley,Week3,301.0 Orange Hunt - 100.0 Woodley
Parklawn,Week2,Lee Graham,Week5,325.0 Lee Graham - 77.0 Parklawn
Parklawn,Week2,Lincolnia Park,Week2,236.0 Parklawn - 149.0 Lincolnia Park
Overlee,Week3,Shouse Village,Week1,295.0 Overlee - 107.0 Shouse Village
Overlee,Week3,Shouse Village,Week4,307.0 Overlee - 95.0 Shouse Village
Parklawn,Week2,Lincolnia Park,Week5,214.0 Parklawn - 175.0 Lincolnia Park
Overlee,Week2,Annandale,Week3,369.0 Overlee - 33.0 Annandale
Overlee,Week1,Annandale,Week3,353.0 Overlee - 49.0 Annandale
Overlee,Week1,Mount Vernon Park,Week2,286.0 Overlee - 116.0 Mount Vernon Park
Orange Hunt,Week5,Woodley,Week5,289.0 Orange Hunt - 113.0 Woodley
Parklawn,Week4,Dominion Hills,Week5,275.0 Dominion Hills - 125.0 Parklawn
Overlee,Week5,Mosby Woods,Week2,313.0 Overlee - 89.0 Mosby Woods
Parklawn,Week2,Lincolnia Park,Week4,265.0 Parklawn - 133.0 Lincolnia Park
Overlee,Week1,Mount Vernon Park,Week4,283.0 Overlee - 119.0 Mount Vernon Park
Overlee,Week3,Annandale,Week2,358.0 Overlee - 44.0 Annandale
Overlee,Week1,Annandale,Week5,355.0 Overlee - 47.0 Annandale
Overlee,Week3,Shouse Village,Week5,288.0 Overlee - 114.0 Shouse Village
Overlee,Week1,Mount Vernon Park,Week1,279.5 Overlee - 122.5 Mount Vernon Park
Parklawn,Week5,Donaldson Run,Week1,307.0 Donaldson Run - 95.0 Parklawn
Parklawn,Week1,Dowden Terrace,Week2,280.0 Dowden Terrace - 113.0 Parklawn
Parklawn,Week5,Lincolnia Park,Week2,245.0 Parklawn - 144.0 Lincolnia Park
Overlee,Week4,Shouse Village,Week3,330.0 Overlee - 72.0 Shouse Village
Overlee,Week4,Annandale,Week1,377.0 Overlee - 25.0 Annandale
Parklawn,Week3,Lincolnia Park,Week2,233.0 Parklawn - 155.0 Lincolnia Park
Overlee,Week1,Annandale,Week4,358.0 Overlee - 44.0 Annandale
Parklawn,Week4,Lincolnia Park,Week4,258.0 Parklawn - 140.0 Lincolnia Park
Overlee,Week4,Shouse Village,Week4,334.0 Overlee - 68.0 Shouse Village
Overlee,Week4,Annandale,Week2,381.0 Overlee - 21.0 Annandale
Parklawn,Week1,Dowden Terrace,Week4,283.0 Dowden Terrace - 110.0 Parklawn
Overlee,Week3,Annandale,Week3,354.0 Overlee - 48.0 Annandale
Overlee,Week4,Shouse Village,Week2,350.0 Overlee - 52.0 Shouse Village
Overlee,Week5,Mount Vernon Park,Week1,327.0 Overlee - 75.0 Mount Vernon Park
Overlee,Week4,Mount Vernon Park,Week5,316.0 Overlee - 86.0 Mount Vernon Park
Overlee,Week5,Shouse Village,Week5,322.0 Overlee - 80.0 Shouse Village
Overlee,Week3,Annandale,Week4,365.0 Overlee - 37.0 Annandale
Parklawn,Week4,Lincolnia Park,Week2,247.0 Parklawn - 142.0 Lincolnia Park
Overlee,Week5,Shouse Village,Week3,325.0 Overlee - 77.0 Shouse Village
Parklawn,Week4,Lincolnia Park,Week1,256.0 Parklawn - 145.0 Lincolnia Park
Overlee,Week4,Mount Vernon Park,Week2,331.0 Overlee - 71.0 Mount Vernon Park
Parklawn,Week5,Donaldson Run,Week5,316.0 Donaldson Run - 81.0 Parklawn
Overlee,Week1,Mount Vernon Park,Week5,265.0 Overlee - 137.0 Mount Vernon Park
Overlee,Week5,Mount Vernon Park,Week3,323.0 Overlee - 79.0 Mount Vernon Park
Parklawn,Week3,Donaldson Run,Week3,338.0 Donaldson Run - 64.0 Parklawn
Parklawn,Week5,Lincolnia Park,Week5,218.0 Parklawn - 171.0 Lincolnia Park
Parklawn,Week5,Donaldson Run,Week2,300.0 Donaldson Run - 102.0 Parklawn
Overlee,Week2,Annandale,Week5,368.0 Overlee - 34.0 Annandale
Parklawn,Week5,Lincolnia Park,Week4,257.0 Parklawn - 132.0 Lincolnia Park
Overlee,Week1,Newington Forest,Week1,382.0 Overlee - 20.0 Newington Forest
Parklawn,Week4,Lincolnia Park,Week3,230.0 Parklawn - 159.0 Lincolnia Park
Overlee,Week2,Mount Vernon Park,Week5,268.0 Overlee - 134.0 Mount Vernon Park
Overlee,Week3,Mount Vernon Park,Week5,275.0 Overlee - 127.0 Mount Vernon Park
Parklawn,Week4,Donaldson Run,Week3,314.0 Donaldson Run - 88.0 Parklawn
Overlee,Week3,Shouse Village,Week2,314.0 Overlee - 88.0 Shouse Village
Overlee,Week5,Mount Vernon Park,Week4,331.0 Overlee - 71.0 Mount Vernon Park
Overlee,Week2,Shouse Village,Week4,300.5 Overlee - 101.5 Shouse Village
Overlee,Week2,Annandale,Week4,375.0 Overlee - 27.0 Annandale
Overlee,Week1,Sideburn Run,Week2,329.0 Overlee - 73.0 Sideburn Run
Parklawn,Week1,Little Hunting Park,Week2,254.0 Little Hunting Park - 138.0 Parklawn
Overlee,Week5,Shouse Village,Week4,324.0 Overlee - 78.0 Shouse Village
Parklawn,Week3,Donaldson Run,Week4,326.0 Donaldson Run - 76.0 Parklawn
Overlee,Week5,Shouse Village,Week2,342.0 Overlee - 60.0 Shouse Village
Overlee,Week1,Sideburn Run,Week1,309.0 Overlee - 93.0 Sideburn Run
Overlee,Week5,Mount Vernon Park,Week5,311.0 Overlee - 91.0 Mount Vernon Park
Overlee,Week2,Annandale,Week2,374.0 Overlee - 28.0 Annandale
Parklawn,Week4,Donaldson Run,Week2,304.0 Donaldson Run - 98.0 Parklawn
Overlee,Week3,Annandale,Week1,364.0 Overlee - 38.0 Annandale
Overlee,Week3,Annandale,Week5,357.0 Overlee - 45.0 Annandale
Parklawn,Week1,Little Hunting Park,Week1,252.0 Little Hunting Park - 141.0 Parklawn
Overlee,Week1,Newington Forest,Week2,379.0 Overlee - 23.0 Newington Forest
Overlee,Week1,Annandale,Week2,357.0 Overlee - 45.0 Annandale
Overlee,Week2,Shouse Village,Week1,312.0 Overlee - 90.0 Shouse Village
Parklawn,Week1,Donaldson Run,Week5,336.0 Donaldson Run - 57.0 Parklawn
Overlee,Week4,Mount Vernon Park,Week3,327.0 Overlee - 75.0 Mount Vernon Park
Parklawn,Week1,Donaldson Run,Week3,337.0 Donaldson Run - 56.0 Parklawn
Parklawn,Week3,Lincolnia Park,Week4,253.0 Parklawn - 145.0 Lincolnia Park
Parklawn,Week4,Lincolnia Park,Week5,223.0 Parklawn - 166.0 Lincolnia Park
Overlee,Week4,Annandale,Week3,384.0 Overlee - 18.0 Annandale
Overlee,Week1,Sideburn Run,Week4,323.0 Overlee - 79.0 Sideburn Run
Overlee,Week2,Mount Vernon Park,Week4,295.0 Overlee - 107.0 Mount Vernon Park
Parklawn,Week1,Dowden Terrace,Week1,276.0 Dowden Terrace - 117.0 Parklawn
Parklawn,Week1,Little Hunting Park,Week5,264.0 Little Hunting Park - 128.0 Parklawn
Overlee,Week2,Shouse Village,Week2,322.0 Overlee - 80.0 Shouse Village
Overlee,Week4,Sideburn Run,Week4,349.0 Overlee - 53.0 Sideburn Run
Parklawn,Week3,Donaldson Run,Week2,320.0 Donaldson Run - 82.0 Parklawn
Parklawn,Week5,Dominion Hills,Week5,283.0 Dominion Hills - 118.0 Parklawn
Overlee,Week1,Newington Forest,Week3,377.0 Overlee - 25.0 Newington Forest
Parklawn,Week5,Lincolnia Park,Week1,254.0 Parklawn - 143.0 Lincolnia Park
Overlee,Week3,Mount Vernon Park,Week4,287.0 Overlee - 115.0 Mount Vernon Park
Parklawn,Week5,Donaldson Run,Week3,308.0 Donaldson Run - 94.0 Parklawn
Overlee,Week1,Newington Forest,Week4,378.0 Overlee - 24.0 Newington Forest
Overlee,Week4,Annandale,Week4,388.0 Overlee - 14.0 Annandale
Parklawn,Week1,Donaldson Run,Week4,331.0 Donaldson Run - 62.0 Parklawn
Parklawn,Week2,Donaldson Run,Week3,325.0 Donaldson Run - 77.0 Parklawn
Overlee,Week4,Annandale,Week5,377.0 Overlee - 25.0 Annandale
Overlee,Week2,Sideburn Run,Week3,310.0 Overlee - 92.0 Sideburn Run
Parklawn,Week3,Donaldson Run,Week1,334.0 Donaldson Run - 68.0 Parklawn
Orange Hunt,Week4,Walden Glen,Week3,251.0 Orange Hunt - 151.0 Walden Glen
Parklawn,Week2,Donaldson Run,Week4,320.0 Donaldson Run - 82.0 Parklawn
Overlee,Week2,Annandale,Week1,366.0 Overlee - 36.0 Annandale
Overlee,Week2,Newington Forest,Week1,387.0 Overlee - 15.0 Newington Forest
Orange Hunt,Week3,Walden Glen,Week4,243.0 Orange Hunt - 159.0 Walden Glen
Parklawn,Week2,Little Hunting Park,Week1,216.0 Little Hunting Park - 177.0 Parklawn
Overlee,Week4,Sideburn Run,Week2,359.0 Overlee - 43.0 Sideburn Run
Orange Hunt,Week4,Walden Glen,Week1,288.0 Orange Hunt - 113.0 Walden Glen
Parklawn,Week1,Little Hunting Park,Week3,251.0 Little Hunting Park - 142.0 Parklawn
Parklawn,Week3,Lincolnia Park,Week5,208.0 Parklawn - 181.0 Lincolnia Park
Overlee,Week2,Newington Forest,Week4,384.0 Overlee - 18.0 Newington Forest
Overlee,Week3,Shouse Village,Week3,305.0 Overlee - 97.0 Shouse Village
Parklawn,Week5,Lincolnia Park,Week3,236.0 Parklawn - 153.0 Lincolnia Park
Parklawn,Week2,Little Hunting Park,Week2,224.0 Little Hunting Park - 172.0 Parklawn
Overlee,Week2,Newington Forest,Week2,383.5 Overlee - 18.5 Newington Forest
Overlee,Week2,Sideburn Run,Week2,331.0 Overlee - 71.0 Sideburn Run
Orange Hunt,Week1,Walden Glen,Week5,231.0 Orange Hunt - 171.0 Walden Glen
Parklawn,Week1,Little Hunting Park,Week4,253.0 Little Hunting Park - 140.0 Parklawn
Overlee,Week4,Shouse Village,Week1,336.0 Overlee - 66.0 Shouse Village
Overlee,Week2,Newington Forest,Week3,384.0 Overlee - 18.0 Newington Forest
Parklawn,Week1,Donaldson Run,Week2,327.0 Donaldson Run - 66.0 Parklawn
Orange Hunt,Week5,Wakefield Chapel,Week3,257.0 Wakefield Chapel - 145.0 Orange Hunt
Overlee,Week3,Mount Vernon Park,Week2,294.0 Overlee - 108.0 Mount Vernon Park
Overlee,Week3,Sideburn Run,Week5,314.0 Overlee - 88.0 Sideburn Run
Overlee,Week2,Mount Vernon Park,Week2,300.0 Overlee - 102.0 Mount Vernon Park
Overlee,Week1,Newington Forest,Week5,365.0 Overlee - 37.0 Newington Forest
Parklawn,Week4,Donaldson Run,Week4,311.0 Donaldson Run - 91.0 Parklawn
Overlee,Week3,Sideburn Run,Week1,301.0 Overlee - 101.0 Sideburn Run
Orange Hunt,Week4,Wakefield Chapel,Week3,267.0 Wakefield Chapel - 130.0 Orange Hunt
Parklawn,Week1,Donaldson Run,Week1,319.0 Donaldson Run - 74.0 Parklawn
Parklawn,Week4,Donaldson Run,Week1,314.0 Donaldson Run - 88.0 Parklawn
Parklawn,Week4,Donaldson Run,Week5,322.0 Donaldson Run - 74.0 Parklawn
Overlee,Week1,Sideburn Run,Week5,315.0 Overlee - 87.0 Sideburn Run
Parklawn,Week2,Little Hunting Park,Week3,227.0 Little Hunting Park - 173.0 Parklawn
Parklawn,Week2,Little Hunting Park,Week5,241.0 Little Hunting Park - 159.0 Parklawn
Parklawn,Week2,Little Hunting Park,Week4,221.5 Little Hunting Park - 176.5 Parklawn
Orange Hunt,Week4,Wakefield Chapel,Week1,271.0 Wakefield Chapel - 131.0 Orange Hunt
Overlee,Week3,Mount Vernon Park,Week3,274.0 Overlee - 128.0 Mount Vernon Park
Parklawn,Week2,Donaldson Run,Week1,320.0 Donaldson Run - 82.0 Parklawn
Parklawn,Week3,Little Hunting Park,Week1,221.0 Little Hunting Park - 172.0 Parklawn
Overlee,Week4,Sideburn Run,Week1,339.0 Overlee - 63.0 Sideburn Run
Orange Hunt,Week5,Wakefield Chapel,Week5,259.0 Wakefield Chapel - 143.0 Orange Hunt
Overlee,Week2,Sleepy Hollow B & R,Week1,339.0 Overlee - 63.0 Sleepy Hollow B & R
Overlee,Week4,Mount Vernon Park,Week4,337.0 Overlee - 65.0 Mount Vernon Park
Overlee,Week3,Sideburn Run,Week3,301.0 Overlee - 101.0 Sideburn Run
Orange Hunt,Week3,Wakefield Chapel,Week5,276.0 Wakefield Chapel - 126.0 Orange Hunt
Orange Hunt,Week4,Wakefield Chapel,Week2,265.0 Wakefield Chapel - 137.0 Orange Hunt
Overlee,Week2,Sideburn Run,Week5,322.0 Overlee - 80.0 Sideburn Run
Parklawn,Week2,Donaldson Run,Week2,321.0 Donaldson Run - 81.0 Parklawn
Overlee,Week2,North Springfield,Week2,368.0 Overlee - 20.0 North Springfield
Overlee,Week5,Sideburn Run,Week1,340.0 Overlee - 62.0 Sideburn Run
Orange Hunt,Week2,Walden Glen,Week1,293.0 Orange Hunt - 109.0 Walden Glen
Orange Hunt,Week1,Walden Glen,Week3,232.0 Orange Hunt - 170.0 Walden Glen
Overlee,Week3,Newington Forest,Week3,375.0 Overlee - 27.0 Newington Forest
Parklawn,Week1,Dowden Terrace,Week3,289.0 Dowden Terrace - 104.0 Parklawn
Parklawn,Week1,Dowden Terrace,Week5,300.0 Dowden Terrace - 93.0 Parklawn
Overlee,Week5,Sideburn Run,Week3,338.0 Overlee - 64.0 Sideburn Run
Orange Hunt,Week1,Walden Glen,Week2,247.0 Orange Hunt - 155.0 Walden Glen
Overlee,Week3,Newington Forest,Week5,374.0 Overlee - 28.0 Newington Forest
Parklawn,Week2,Dowden Terrace,Week1,242.0 Dowden Terrace - 151.0 Parklawn
Parklawn,Week2,Donaldson Run,Week5,334.0 Donaldson Run - 68.0 Parklawn
Orange Hunt,Week4,Wakefield Chapel,Week4,242.0 Wakefield Chapel - 160.0 Orange Hunt
Overlee,Week5,Mount Vernon Park,Week2,330.0 Overlee - 72.0 Mount Vernon Park
Overlee,Week2,Mount Vernon Park,Week3,292.0 Overlee - 110.0 Mount Vernon Park
Orange Hunt,Week5,Wakefield Chapel,Week4,231.0 Wakefield Chapel - 171.0 Orange Hunt
Overlee,Week3,Mount Vernon Park,Week1,277.0 Overlee - 125.0 Mount Vernon Park
Parklawn,Week3,Donaldson Run,Week5,332.0 Donaldson Run - 70.0 Parklawn
Overlee,Week5,Newington Forest,Week1,396.0 Overlee - 6.0 Newington Forest
Overlee,Week4,Mount Vernon Park,Week1,333.0 Overlee - 69.0 Mount Vernon Park
Orange Hunt,Week5,Wakefield Chapel,Week2,239.0 Wakefield Chapel - 163.0 Orange Hunt
Overlee,Week3,Sleepy Hollow B & R,Week5,290.0 Overlee - 112.0 Sleepy Hollow B & R
Overlee,Week3,Sideburn Run,Week4,322.0 Overlee - 80.0 Sideburn Run
Overlee,Week4,Sideburn Run,Week3,342.0 Overlee - 60.0 Sideburn Run
Orange Hunt,Week1,Walden Glen,Week4,240.5 Orange Hunt - 161.5 Walden Glen
Parklawn,Week5,Donaldson Run,Week4,309.0 Donaldson Run - 93.0 Parklawn
Overlee,Week5,Sideburn Run,Week5,344.0 Overlee - 58.0 Sideburn Run
Parliament,Week3,Oakton ,Week4,294.0 Oakton - 108.0 Parliament
Parklawn,Week2,Walden Glen,Week2,211.0 Walden Glen - 185.0 Parklawn
Parklawn,Week4,Village West,Week4,217.0 Parklawn - 175.0 Village West
Parklawn,Week4,Village West,Week1,207.0 Parklawn - 187.0 Village West
Parliament,Week2,Oakton ,Week2,294.0 Oakton - 108.0 Parliament
Parklawn,Week5,Riverside Gardens,Week2,284.0 Riverside Gardens - 118.0 Parklawn
Parliament,Week1,Riverside Gardens,Week4,245.0 Riverside Gardens - 157.0 Parliament
Parliament,Week2,Ravensworth Farm,Week5,256.0 Ravensworth Farm - 146.0 Parliament
Parliament,Week4,Ravensworth Farm,Week2,237.0 Ravensworth Farm - 165.0 Parliament
Parliament,Week1,Commonwealth,Week5,230.0 Parliament - 168.0 Commonwealth
Parliament,Week3,Hunter Mill,Week2,225.0 Hunter Mill - 177.0 Parliament
Parliament,Week5,Chesterbrook,Week3,360.0 Chesterbrook - 42.0 Parliament
Parliament,Week4,Oakton ,Week5,302.0 Oakton - 100.0 Parliament
Parliament,Week3,Oakton ,Week1,292.0 Oakton - 110.0 Parliament
Parliament,Week2,Ilda Community,Week4,225.0 Parliament - 176.0 Ilda Community
Parliament,Week1,Riverside Gardens,Week3,242.0 Riverside Gardens - 160.0 Parliament
Parliament,Week4,Oakton ,Week1,286.0 Oakton - 111.0 Parliament
Parklawn,Week5,Walden Glen,Week1,208.0 Parklawn - 193.0 Walden Glen
Parklawn,Week4,Riverside Gardens,Week5,304.0 Riverside Gardens - 97.0 Parklawn
Parliament,Week4,Riverside Gardens,Week5,267.0 Riverside Gardens - 135.0 Parliament
Parliament,Week2,Ilda Community,Week3,255.0 Parliament - 141.0 Ilda Community
Parliament,Week5,North Springfield,Week5,249.0 Parliament - 124.0 North Springfield
Parliament,Week4,Ravensworth Farm,Week1,256.0 Ravensworth Farm - 146.0 Parliament
Parliament,Week5,Hunter Mill,Week5,245.0 Hunter Mill - 157.0 Parliament
Parliament,Week5,Hunter Mill,Week1,239.5 Hunter Mill - 157.5 Parliament
Parklawn,Week5,Walden Glen,Week3,205.0 Walden Glen - 196.0 Parklawn
Parliament,Week3,Commonwealth,Week4,231.0 Parliament - 171.0 Commonwealth
Parklawn,Week5,Walden Glen,Week5,220.0 Walden Glen - 178.0 Parklawn
Parklawn,Week5,Virginia Hills,Week2,296.0 Parklawn - 101.0 Virginia Hills
Parliament,Week3,Riverside Gardens,Week3,269.0 Riverside Gardens - 133.0 Parliament
Parklawn,Week3,Riverside Gardens,Week3,335.0 Riverside Gardens - 67.0 Parklawn
Parliament,Week3,Chesterbrook,Week5,352.0 Chesterbrook - 50.0 Parliament
Parklawn,Week4,Walden Glen,Week1,212.0 Parklawn - 188.0 Walden Glen
Parklawn,Week1,Virginia Run,Week1,318.0 Virginia Run - 75.0 Parklawn
Parklawn,Week5,Village West,Week1,207.0 Parklawn - 191.0 Village West
Parliament,Week3,Ravensworth Farm,Week3,240.5 Ravensworth Farm - 161.5 Parliament
Parklawn,Week4,Walden Glen,Week3,199.0 Parklawn - 199.0 Walden Glen
Parliament,Week5,Oakton ,Week3,280.0 Oakton - 122.0 Parliament
Parklawn,Week4,Sideburn Run,Week5,271.0 Sideburn Run - 130.0 Parklawn
Parklawn,Week1,Waynewood,Week3,312.0 Waynewood - 81.0 Parklawn
Parklawn,Week2,Riverside Gardens,Week5,309.0 Riverside Gardens - 92.0 Parklawn
Parliament,Week4,Oakton ,Week2,292.0 Oakton - 110.0 Parliament
Parliament,Week4,Hunter Mill,Week5,258.0 Hunter Mill - 144.0 Parliament
Parliament,Week4,Riverside Gardens,Week1,270.0 Riverside Gardens - 132.0 Parliament
Parklawn,Week1,Virginia Hills,Week5,236.0 Parklawn - 156.0 Virginia Hills
Parliament,Week2,Commonwealth,Week5,211.0 Parliament - 190.0 Commonwealth
Parklawn,Week2,Virginia Hills,Week1,285.0 Parklawn - 112.0 Virginia Hills
Parklawn,Week4,Riverside Gardens,Week2,288.0 Riverside Gardens - 114.0 Parklawn
Parliament,Week4,Oakton ,Week3,284.0 Oakton - 118.0 Parliament
Parliament,Week5,Ilda Community,Week4,242.0 Parliament - 160.0 Ilda Community
Parliament,Week4,Chesterbrook,Week4,361.0 Chesterbrook - 41.0 Parliament
Parklawn,Week5,Riverside Gardens,Week1,299.0 Riverside Gardens - 103.0 Parklawn
Parliament,Week2,Commonwealth,Week4,223.0 Parliament - 178.0 Commonwealth
Parklawn,Week3,Sideburn Run,Week5,281.5 Sideburn Run - 119.5 Parklawn
Parliament,Week4,Ravensworth Farm,Week3,259.5 Ravensworth Farm - 142.5 Parliament
Parklawn,Week5,Riverside Gardens,Week3,308.0 Riverside Gardens - 94.0 Parklawn
Parliament,Week3,Oakton ,Week5,305.0 Oakton - 97.0 Parliament
Parliament,Week4,Hunter Mill,Week2,237.0 Hunter Mill - 165.0 Parliament
Parklawn,Week4,Riverside Gardens,Week1,293.0 Riverside Gardens - 109.0 Parklawn
Parliament,Week1,Commonwealth,Week4,248.0 Parliament - 150.0 Commonwealth
Parliament,Week4,Oakton ,Week4,290.0 Oakton - 112.0 Parliament
Parliament,Week4,Chesterbrook,Week5,363.0 Chesterbrook - 39.0 Parliament
Parklawn,Week2,Walden Glen,Week4,217.0 Walden Glen - 180.0 Parklawn
Parliament,Week3,Ravensworth Farm,Week5,242.0 Ravensworth Farm - 160.0 Parliament
Parklawn,Week1,Waynewood,Week5,317.0 Waynewood - 76.0 Parklawn
Parklawn,Week4,Village West,Week5,205.0 Parklawn - 193.0 Village West
Parklawn,Week1,Virginia Run,Week2,292.0 Virginia Run - 101.0 Parklawn
Parklawn,Week2,Sleepy Hollow B & R,Week3,298.0 Sleepy Hollow B & R - 103.0 Parklawn
Parliament,Week2,Riverside Gardens,Week5,269.0 Riverside Gardens - 133.0 Parliament
Parklawn,Week1,Walden Glen,Week4,254.0 Walden Glen - 138.0 Parklawn
Parliament,Week2,Oakton ,Week1,278.0 Oakton - 119.0 Parliament
Parklawn,Week3,Walden Glen,Week1,226.0 Walden Glen - 175.0 Parklawn
Parklawn,Week1,Riverside Gardens,Week5,326.0 Riverside Gardens - 67.0 Parklawn
Parliament,Week5,Oakton ,Week1,281.0 Oakton - 116.0 Parliament
Parklawn,Week4,Village West,Week2,200.0 Village West - 198.0 Parklawn
Parklawn,Week3,Virginia Hills,Week3,278.0 Parklawn - 123.0 Virginia Hills
Parliament,Week4,Chesterbrook,Week1,339.0 Chesterbrook - 63.0 Parliament
Parklawn,Week3,Riverside Gardens,Week5,320.0 Riverside Gardens - 81.0 Parklawn
Parklawn,Week2,Riverside Gardens,Week4,311.0 Riverside Gardens - 91.0 Parklawn
Parliament,Week1,Oakton ,Week2,267.0 Oakton - 135.0 Parliament
Parliament,Week4,Chesterbrook,Week2,352.0 Chesterbrook - 50.0 Parliament
Parklawn,Week3,Sideburn Run,Week3,277.0 Sideburn Run - 124.0 Parklawn
Parliament,Week5,Chesterbrook,Week1,329.0 Chesterbrook - 73.0 Parliament
Parliament,Week2,Riverside Gardens,Week3,265.0 Riverside Gardens - 137.0 Parliament
Parklawn,Week5,Wakefield Chapel,Week1,330.5 Wakefield Chapel - 71.5 Parklawn
Parliament,Week2,Ilda Community,Week1,240.0 Parliament - 161.0 Ilda Community
Parklawn,Week2,Sleepy Hollow B & R,Week4,312.0 Sleepy Hollow B & R - 90.0 Parklawn
Parliament,Week4,Ilda Community,Week5,247.0 Parliament - 154.0 Ilda Community
Parklawn,Week4,Riverside Gardens,Week3,311.0 Riverside Gardens - 91.0 Parklawn
Parklawn,Week2,Sleepy Hollow B & R,Week5,311.0 Sleepy Hollow B & R - 90.0 Parklawn
Parliament,Week5,Ilda Community,Week2,263.0 Parliament - 139.0 Ilda Community
Parklawn,Week3,Riverside Gardens,Week1,321.0 Riverside Gardens - 81.0 Parklawn
Parliament,Week3,Commonwealth,Week5,224.0 Parliament - 178.0 Commonwealth
Parklawn,Week1,Sleepy Hollow B & R,Week4,315.0 Sleepy Hollow B & R - 78.0 Parklawn
Parklawn,Week1,Virginia Hills,Week3,245.0 Parklawn - 148.0 Virginia Hills
Parklawn,Week4,Walden Glen,Week4,215.0 Walden Glen - 179.0 Parklawn
Parliament,Week3,Ravensworth Farm,Week2,235.0 Ravensworth Farm - 167.0 Parliament
Parliament,Week3,Ilda Community,Week5,255.0 Parliament - 146.0 Ilda Community
Parklawn,Week4,Virginia Hills,Week1,283.0 Parklawn - 113.0 Virginia Hills
Parliament,Week5,Hunter Mill,Week3,248.0 Hunter Mill - 153.0 Parliament
Parklawn,Week1,Walden Glen,Week5,263.0 Walden Glen - 129.0 Parklawn
Parklawn,Week2,Virginia Hills,Week4,287.0 Parklawn - 110.0 Virginia Hills
Parklawn,Week5,Riverside Gardens,Week4,311.0 Riverside Gardens - 91.0 Parklawn
Parliament,Week1,Oakton ,Week5,280.0 Oakton - 122.0 Parliament
Parklawn,Week4,Sully Station,Week3,287.0 Sully Station - 114.0 Parklawn
Parliament,Week3,Hunter Mill,Week4,245.0 Hunter Mill - 157.0 Parliament
Parliament,Week3,Commonwealth,Week2,214.0 Commonwealth - 188.0 Parliament
Parklawn,Week5,Sideburn Run,Week2,234.0 Sideburn Run - 167.0 Parklawn
Parliament,Week3,Hunter Mill,Week5,254.0 Hunter Mill - 148.0 Parliament
Parliament,Week4,Ravensworth Farm,Week5,257.0 Ravensworth Farm - 145.0 Parliament
Parklawn,Week4,Sideburn Run,Week2,243.0 Sideburn Run - 158.0 Parklawn
Parklawn,Week2,Virginia Hills,Week2,289.0 Parklawn - 106.0 Virginia Hills
Parklawn,Week4,Riverside Gardens,Week4,304.0 Riverside Gardens - 98.0 Parklawn
Parliament,Week1,Commonwealth,Week1,253.0 Parliament - 139.0 Commonwealth
Parklawn,Week1,Virginia Hills,Week4,252.5 Parklawn - 140.5 Virginia Hills
Parliament,Week4,Ravensworth Farm,Week4,252.0 Ravensworth Farm - 150.0 Parliament
Parklawn,Week5,Wakefield Chapel,Week2,327.0 Wakefield Chapel - 74.0 Parklawn
Parliament,Week1,Oakton ,Week4,262.0 Oakton - 140.0 Parliament
Parklawn,Week1,Walden Glen,Week2,243.0 Walden Glen - 145.0 Parklawn
Parklawn,Week4,Stratford,Week5,205.0 Stratford - 196.0 Parklawn
Parklawn,Week1,Rolling Forest,Week1,266.0 Rolling Forest - 127.0 Parklawn
Parklawn,Week3,Virginia Hills,Week4,278.0 Parklawn - 120.0 Virginia Hills
Parklawn,Week1,Sleepy Hollow B & R,Week3,317.0 Sleepy Hollow B & R - 76.0 Parklawn
Parklawn,Week1,Walden Glen,Week1,223.0 Walden Glen - 169.0 Parklawn
Parliament,Week2,Commonwealth,Week1,232.0 Parliament - 164.0 Commonwealth
Parliament,Week5,Ravensworth Farm,Week4,241.0 Ravensworth Farm - 160.0 Parliament
Parliament,Week5,Oakton ,Week4,284.5 Oakton - 117.5 Parliament
Parliament,Week5,Ravensworth Farm,Week1,248.0 Ravensworth Farm - 154.0 Parliament
Parklawn,Week4,Sideburn Run,Week3,257.0 Sideburn Run - 144.0 Parklawn
Parliament,Week1,Old Keene Mill,Week2,240.0 Parliament - 162.0 Old Keene Mill
Parliament,Week5,Chesterbrook,Week2,339.0 Chesterbrook - 63.0 Parliament
Parklawn,Week3,Sully Station,Week4,300.0 Sully Station - 102.0 Parklawn
Parklawn,Week4,Stratford,Week3,202.0 Stratford - 199.0 Parklawn
Parliament,Week2,Commonwealth,Week3,203.0 Parliament - 194.0 Commonwealth
Parklawn,Week2,Sully Station,Week5,299.5 Sully Station - 100.5 Parklawn
Parliament,Week3,Commonwealth,Week3,209.0 Parliament - 192.0 Commonwealth
Parklawn,Week5,Riverside Gardens,Week5,300.0 Riverside Gardens - 101.0 Parklawn
Parklawn,Week4,Virginia Hills,Week4,289.0 Parklawn - 109.0 Virginia Hills
Parliament,Week1,Ilda Community,Week1,269.0 Parliament - 129.0 Ilda Community
Parliament,Week1,Old Keene Mill,Week3,238.0 Parliament - 164.0 Old Keene Mill
Parklawn,Week1,Rolling Forest,Week3,270.0 Rolling Forest - 123.0 Parklawn
Parliament,Week4,Hunter Mill,Week4,252.0 Hunter Mill - 150.0 Parliament
Parklawn,Week2,Walden Glen,Week3,203.0 Parklawn - 198.0 Walden Glen
Parklawn,Week2,Walden Glen,Week5,226.0 Walden Glen - 171.0 Parklawn
Parliament,Week5,Hunter Mill,Week2,229.0 Hunter Mill - 173.0 Parliament
Parklawn,Week1,Virginia Hills,Week1,246.0 Parklawn - 146.0 Virginia Hills
Parliament,Week4,Hunter Mill,Week3,263.0 Hunter Mill - 139.0 Parliament
Parklawn,Week5,Sideburn Run,Week3,260.0 Sideburn Run - 141.0 Parklawn
Parklawn,Week1,Sully Station,Week4,311.0 Sully Station - 82.0 Parklawn
Parliament,Week1,Old Keene Mill,Week1,262.0 Parliament - 139.0 Old Keene Mill
Parklawn,Week5,Sideburn Run,Week1,252.0 Sideburn Run - 150.0 Parklawn
Parklawn,Week1,Rolling Forest,Week2,249.0 Rolling Forest - 139.0 Parklawn
Parklawn,Week2,Walden Glen,Week1,212.0 Parklawn - 189.0 Walden Glen
Parliament,Week5,Ravensworth Farm,Week2,225.0 Ravensworth Farm - 177.0 Parliament
Parliament,Week5,Ravensworth Farm,Week3,244.0 Ravensworth Farm - 158.0 Parliament
Parliament,Week2,Ilda Community,Week2,250.0 Parliament - 151.0 Ilda Community
Parklawn,Week4,Walden Glen,Week2,204.0 Walden Glen - 188.0 Parklawn
Parklawn,Week5,Sully Station,Week4,289.0 Sully Station - 113.0 Parklawn
Parliament,Week2,Greenbriar,Week1,251.0 Greenbriar - 151.0 Parliament
Parklawn,Week4,Virginia Hills,Week2,290.0 Parklawn - 103.0 Virginia Hills
Parklawn,Week1,Sleepy Hollow B & R,Week1,298.0 Sleepy Hollow B & R - 95.0 Parklawn
Parklawn,Week4,Virginia Hills,Week3,285.0 Parklawn - 115.0 Virginia Hills
Parklawn,Week4,Sideburn Run,Week4,261.0 Sideburn Run - 140.0 Parklawn
Parklawn,Week5,Stratford,Week2,222.0 Parklawn - 179.0 Stratford
Parliament,Week4,Commonwealth,Week4,225.0 Parliament - 176.0 Commonwealth
Parliament,Week4,Greenbriar,Week1,242.0 Greenbriar - 160.0 Parliament
Parliament,Week1,Ilda Community,Week4,252.0 Parliament - 149.0 Ilda Community
Parliament,Week1,Riverside Gardens,Week1,237.0 Riverside Gardens - 165.0 Parliament
Parliament,Week3,Ravensworth Farm,Week1,257.0 Ravensworth Farm - 145.0 Parliament
Parliament,Week5,Great Falls,Week3,201.0 Parliament - 195.0 Great Falls
Parliament,Week5,Hunter Mill,Week4,245.0 Hunter Mill - 156.0 Parliament
Parliament,Week1,Old Keene Mill,Week4,233.0 Parliament - 169.0 Old Keene Mill
Parklawn,Week2,Sully Station,Week3,296.0 Sully Station - 105.0 Parklawn
Parklawn,Week3,Sideburn Run,Week1,270.0 Sideburn Run - 132.0 Parklawn
Parliament,Week5,Great Falls,Week2,202.0 Parliament - 181.0 Great Falls
Parliament,Week1,Ilda Community,Week3,262.0 Parliament - 132.0 Ilda Community
Parliament,Week1,Orange Hunt,Week4,224.0 Orange Hunt - 177.0 Parliament
Parliament,Week3,Old Keene Mill,Week1,253.0 Parliament - 149.0 Old Keene Mill
Parliament,Week4,Old Keene Mill,Week5,230.0 Parliament - 172.0 Old Keene Mill
Parklawn,Week2,Sleepy Hollow B & R,Week1,283.0 Sleepy Hollow B & R - 119.0 Parklawn
Parklawn,Week5,Village West,Week4,207.0 Parklawn - 186.0 Village West
Parliament,Week4,Commonwealth,Week5,227.0 Parliament - 174.0 Commonwealth
Parklawn,Week3,Virginia Hills,Week5,264.5 Parklawn - 135.5 Virginia Hills
Parklawn,Week5,Stratford,Week3,207.0 Stratford - 194.0 Parklawn
Parklawn,Week5,Wakefield Chapel,Week5,330.0 Wakefield Chapel - 72.0 Parklawn
Parklawn,Week3,Walden Glen,Week3,238.0 Walden Glen - 164.0 Parklawn
Parliament,Week5,Ravensworth Farm,Week5,241.0 Ravensworth Farm - 161.0 Parliament
Parklawn,Week5,Sideburn Run,Week4,257.0 Sideburn Run - 144.0 Parklawn
Parliament,Week1,Cottontail,Week5,228.5 Parliament - 173.5 Cottontail
Parklawn,Week2,Sully Station,Week1,299.0 Sully Station - 103.0 Parklawn
Parliament,Week5,Commonwealth,Week1,239.0 Parliament - 154.0 Commonwealth
Parliament,Week4,Hunter Mill,Week1,248.0 Hunter Mill - 149.0 Parliament
Parliament,Week1,Riverside Gardens,Week2,225.0 Riverside Gardens - 176.0 Parliament
Parklawn,Week5,Wakefield Chapel,Week3,323.0 Wakefield Chapel - 79.0 Parklawn
Parklawn,Week3,Virginia Hills,Week1,273.0 Parklawn - 125.0 Virginia Hills
Parklawn,Week1,Walden Glen,Week3,234.0 Walden Glen - 158.0 Parklawn
Parliament,Week1,Greenbriar,Week4,205.0 Greenbriar - 196.0 Parliament
Parliament,Week5,Old Keene Mill,Week5,230.0 Parliament - 172.0 Old Keene Mill
Parliament,Week4,Commonwealth,Week2,211.0 Commonwealth - 191.0 Parliament
Parliament,Week3,Ravensworth Farm,Week4,246.0 Ravensworth Farm - 156.0 Parliament
Parliament,Week5,Cottontail,Week1,211.0 Parliament - 191.0 Cottontail
Parliament,Week1,Riverside Gardens,Week5,235.0 Riverside Gardens - 167.0 Parliament
Parliament,Week3,Ilda Community,Week3,259.0 Parliament - 142.0 Ilda Community
Parliament,Week3,Ilda Community,Week4,241.0 Parliament - 161.0 Ilda Community
Parklawn,Week3,Virginia Hills,Week2,283.0 Parklawn - 115.0 Virginia Hills
Parklawn,Week4,Sully Station,Week1,283.0 Sully Station - 119.0 Parklawn
Parklawn,Week5,Stratford,Week5,203.0 Stratford - 198.0 Parklawn
Parklawn,Week4,Virginia Hills,Week5,261.0 Parklawn - 134.0 Virginia Hills
Parklawn,Week5,Wakefield Chapel,Week4,315.0 Wakefield Chapel - 87.0 Parklawn
Parliament,Week1,Orange Hunt,Week2,227.0 Orange Hunt - 175.0 Parliament
Parliament,Week5,Commonwealth,Week3,204.0 Parliament - 192.0 Commonwealth
Parklawn,Week3,Walden Glen,Week4,243.0 Walden Glen - 155.0 Parklawn
Parliament,Week4,Greenbriar,Week4,221.0 Greenbriar - 181.0 Parliament
Parklawn,Week2,Sideburn Run,Week5,271.0 Sideburn Run - 130.0 Parklawn
Parklawn,Week5,Village West,Week3,212.0 Village West - 189.0 Parklawn
Parliament,Week4,Great Falls,Week3,205.0 Great Falls - 192.0 Parliament
Parklawn,Week3,Sideburn Run,Week2,262.0 Sideburn Run - 139.0 Parklawn
Parliament,Week2,Riverside Gardens,Week1,259.0 Riverside Gardens - 143.0 Parliament
Parklawn,Week5,Stratford,Week1,206.0 Parklawn - 182.0 Stratford
Parliament,Week3,Ilda Community,Week1,257.0 Parliament - 144.0 Ilda Community
Parliament,Week2,Old Keene Mill,Week1,250.0 Parliament - 151.0 Old Keene Mill
Parliament,Week1,Orange Hunt,Week3,242.0 Orange Hunt - 160.0 Parliament
Parklawn,Week3,Walden Glen,Week2,235.5 Walden Glen - 164.5 Parklawn
Parliament,Week4,Cottontail,Week5,218.0 Parliament - 184.0 Cottontail
Parklawn,Week4,Sideburn Run,Week1,252.0 Sideburn Run - 150.0 Parklawn
Parliament,Week2,Riverside Gardens,Week2,245.0 Riverside Gardens - 157.0 Parliament
Parklawn,Week3,Sideburn Run,Week4,283.0 Sideburn Run - 118.0 Parklawn
Parliament,Week1,Hamlet,Week3,277.0 Hamlet - 125.0 Parliament
Parliament,Week3,Old Keene Mill,Week3,236.0 Parliament - 166.0 Old Keene Mill
Parklawn,Week1,Sully Station,Week3,309.0 Sully Station - 84.0 Parklawn
Parliament,Week1,Cottontail,Week1,222.0 Parliament - 180.0 Cottontail
Parliament,Week3,Riverside Gardens,Week1,253.0 Riverside Gardens - 149.0 Parliament
Parklawn,Week1,Sleepy Hollow B & R,Week2,315.0 Sleepy Hollow B & R - 78.0 Parklawn
Parklawn,Week2,Virginia Hills,Week5,266.0 Parklawn - 134.0 Virginia Hills
Parliament,Week4,Ilda Community,Week1,249.0 Parliament - 152.0 Ilda Community
Parklawn,Week3,Walden Glen,Week5,255.0 Walden Glen - 143.0 Parklawn
Parliament,Week5,Cottontail,Week4,213.0 Parliament - 189.0 Cottontail
Parliament,Week3,Old Keene Mill,Week2,237.5 Parliament - 164.5 Old Keene Mill
Parklawn,Week5,Stratford,Week4,218.0 Stratford - 183.0 Parklawn
Parklawn,Week5,Walden Glen,Week2,215.0 Walden Glen - 185.0 Parklawn
Parliament,Week3,Riverside Gardens,Week2,233.0 Riverside Gardens - 169.0 Parliament
Parklawn,Week1,Sully Station,Week1,311.5 Sully Station - 81.5 Parklawn
Parklawn,Week1,Sleepy Hollow B & R,Week5,330.0 Sleepy Hollow B & R - 63.0 Parklawn
Parliament,Week2,Old Keene Mill,Week3,227.0 Parliament - 175.0 Old Keene Mill
Parliament,Week4,Ilda Community,Week2,250.0 Parliament - 152.0 Ilda Community
Parklawn,Week2,Virginia Hills,Week3,288.0 Parklawn - 113.0 Virginia Hills
Parliament,Week2,Greenbriar,Week4,222.0 Greenbriar - 180.0 Parliament
Parklawn,Week4,Walden Glen,Week5,218.0 Walden Glen - 176.0 Parklawn
Parliament,Week3,Ilda Community,Week2,260.0 Parliament - 142.0 Ilda Community
Parliament,Week5,Cottontail,Week3,240.0 Parliament - 162.0 Cottontail
Parklawn,Week5,Village West,Week5,209.0 Parklawn - 189.0 Village West
Parliament,Week4,Great Falls,Week5,219.0 Great Falls - 177.0 Parliament
Parliament,Week2,Greenbriar,Week3,258.0 Greenbriar - 143.0 Parliament
Parliament,Week2,Riverside Gardens,Week4,277.0 Riverside Gardens - 125.0 Parliament
Parklawn,Week1,Virginia Hills,Week2,250.0 Parklawn - 139.0 Virginia Hills
Parklawn,Week2,Sleepy Hollow B & R,Week2,297.0 Sleepy Hollow B & R - 104.0 Parklawn
Parklawn,Week5,Virginia Hills,Week1,282.0 Parklawn - 116.0 Virginia Hills
Parliament,Week4,Ilda Community,Week3,246.0 Parliament - 151.0 Ilda Community
Parliament,Week5,Cottontail,Week5,215.0 Parliament - 187.0 Cottontail
Parliament,Week3,Riverside Gardens,Week5,268.0 Riverside Gardens - 134.0 Parliament
Parklawn,Week5,Sideburn Run,Week5,269.0 Sideburn Run - 132.0 Parklawn
Parliament,Week1,Cottontail,Week3,244.0 Parliament - 158.0 Cottontail
Parklawn,Week1,Waynewood,Week4,300.0 Waynewood - 93.0 Parklawn
Parliament,Week1,Country Club Hills,Week1,236.0 Parliament - 166.0 Country Club Hills
Parliament,Week2,Old Keene Mill,Week4,217.0 Parliament - 185.0 Old Keene Mill
Parklawn,Week5,Virginia Hills,Week4,289.0 Parklawn - 109.0 Virginia Hills
Parliament,Week5,Great Falls,Week4,211.0 Parliament - 176.0 Great Falls
Parklawn,Week5,Walden Glen,Week4,219.0 Walden Glen - 179.0 Parklawn
Parklawn,Week1,Waynewood,Week2,302.0 Waynewood - 91.0 Parklawn
Parliament,Week1,Greenbriar,Week1,212.0 Greenbriar - 190.0 Parliament
Parliament,Week3,Riverside Gardens,Week4,279.0 Riverside Gardens - 123.0 Parliament
Parliament,Week4,Riverside Gardens,Week2,245.0 Riverside Gardens - 157.0 Parliament
Parliament,Week2,Greenbriar,Week2,261.0 Greenbriar - 141.0 Parliament
Parliament,Week5,Ilda Community,Week3,267.0 Parliament - 128.0 Ilda Community
Parliament,Week4,Old Keene Mill,Week2,239.0 Parliament - 163.0 Old Keene Mill
Parliament,Week4,Riverside Gardens,Week3,264.0 Riverside Gardens - 138.0 Parliament
Parliament,Week3,Cottontail,Week2,208.0 Parliament - 194.0 Cottontail
Parklawn,Week1,Sully Station,Week5,313.0 Sully Station - 79.0 Parklawn
Parliament,Week2,Greenbriar,Week5,231.5 Greenbriar - 170.5 Parliament
Parliament,Week4,Old Keene Mill,Week4,230.0 Parliament - 172.0 Old Keene Mill
Parklawn,Week1,Waynewood,Week1,281.0 Waynewood - 112.0 Parklawn
Parliament,Week5,Old Keene Mill,Week2,242.0 Parliament - 160.0 Old Keene Mill
Parklawn,Week4,Waynewood,Week5,294.0 Waynewood - 107.0 Parklawn
Parliament,Week3,Old Keene Mill,Week4,239.0 Parliament - 163.0 Old Keene Mill
Parklawn,Week5,Virginia Hills,Week3,280.0 Parklawn - 121.0 Virginia Hills
Parliament,Week1,Greenbriar,Week3,215.0 Greenbriar - 186.0 Parliament
Parliament,Week4,Riverside Gardens,Week4,276.0 Riverside Gardens - 126.0 Parliament
Parklawn,Week3,Sully Station,Week3,306.0 Sully Station - 95.0 Parklawn
Parliament,Week5,Ilda Community,Week1,254.5 Parliament - 147.5 Ilda Community
Parklawn,Week3,Sully Station,Week1,312.0 Sully Station - 90.0 Parklawn
Parklawn,Week2,Sully Station,Week4,293.0 Sully Station - 109.0 Parklawn
Parliament,Week2,Kent Gardens,Week1,207.0 Kent Gardens - 195.0 Parliament
Parliament,Week4,Kent Gardens,Week2,208.0 Parliament - 193.0 Kent Gardens
Parliament,Week1,Country Club Hills,Week2,236.5 Parliament - 165.5 Country Club Hills
Parklawn,Week1,Sully Station,Week2,313.0 Sully Station - 80.0 Parklawn
Parklawn,Week4,Stratford,Week4,216.0 Stratford - 185.0 Parklawn
Parliament,Week2,Cottontail,Week5,202.0 Cottontail - 200.0 Parliament
Parliament,Week4,Ilda Community,Week4,240.0 Parliament - 162.0 Ilda Community
Parklawn,Week3,Virginia Run,Week4,311.0 Virginia Run - 91.0 Parklawn
Parklawn,Week5,Virginia Hills,Week5,270.0 Parklawn - 126.0 Virginia Hills
Parliament,Week3,Kent Gardens,Week1,202.0 Kent Gardens - 200.0 Parliament
Parliament,Week4,Kent Gardens,Week3,203.0 Parliament - 198.0 Kent Gardens
Parliament,Week4,Great Falls,Week2,203.0 Great Falls - 181.0 Parliament
Parliament,Week4,Great Falls,Week4,204.0 Parliament - 188.0 Great Falls
Parklawn,Week1,Wakefield Chapel,Week5,346.0 Wakefield Chapel - 47.0 Parklawn
Parliament,Week5,Riverside Gardens,Week3,263.0 Riverside Gardens - 139.0 Parliament
Parliament,Week2,Cottontail,Week2,213.0 Parliament - 189.0 Cottontail
Parklawn,Week2,Woodley,Week2,214.0 Parklawn - 184.0 Woodley
Parklawn,Week3,Sully Station,Week5,305.0 Sully Station - 96.0 Parklawn
Parliament,Week3,Old Keene Mill,Week5,235.0 Parliament - 167.0 Old Keene Mill
Parliament,Week5,Riverside Gardens,Week5,270.0 Riverside Gardens - 132.0 Parliament
Parklawn,Week5,Waynewood,Week4,281.0 Waynewood - 120.0 Parklawn
Parklawn,Week5,Virginia Run,Week5,291.0 Virginia Run - 111.0 Parklawn
Parklawn,Week1,Woodley,Week2,227.0 Woodley - 166.0 Parklawn
Parklawn,Week5,Virginia Run,Week4,278.0 Virginia Run - 124.0 Parklawn
Parliament,Week5,Commonwealth,Week4,232.0 Parliament - 166.0 Commonwealth
Parliament,Week5,Great Falls,Week5,204.0 Great Falls - 191.0 Parliament
Parliament,Week4,Old Keene Mill,Week3,229.0 Parliament - 173.0 Old Keene Mill
Parklawn,Week3,Sully Station,Week2,294.0 Sully Station - 108.0 Parklawn
Parliament,Week2,Old Keene Mill,Week5,224.0 Parliament - 178.0 Old Keene Mill
Parliament,Week1,Rolling Forest,Week1,213.0 Parliament - 189.0 Rolling Forest
Parliament,Week3,Kent Gardens,Week4,214.0 Parliament - 188.0 Kent Gardens
Parliament,Week4,Kent Gardens,Week5,232.0 Kent Gardens - 170.0 Parliament
Parliament,Week1,Cottontail,Week2,242.0 Parliament - 160.0 Cottontail
Parklawn,Week4,Sully Station,Week2,280.0 Sully Station - 122.0 Parklawn
Parliament,Week3,Greenbriar,Week1,236.0 Greenbriar - 166.0 Parliament
Parklawn,Week5,Sully Station,Week2,293.0 Sully Station - 109.0 Parklawn
Parliament,Week1,Orange Hunt,Week1,222.0 Orange Hunt - 179.0 Parliament
Parliament,Week1,Cottontail,Week4,238.0 Parliament - 164.0 Cottontail
Parliament,Week5,Kent Gardens,Week1,207.0 Kent Gardens - 191.0 Parliament
Parliament,Week5,Riverside Gardens,Week1,259.0 Riverside Gardens - 143.0 Parliament
Parklawn,Week5,Waynewood,Week5,300.0 Waynewood - 101.0 Parklawn
Parklawn,Week5,Virginia Run,Week3,280.0 Virginia Run - 122.0 Parklawn
Parliament,Week5,Kent Gardens,Week2,224.0 Parliament - 174.0 Kent Gardens
Parliament,Week2,Rolling Forest,Week1,213.0 Rolling Forest - 189.0 Parliament
Parklawn,Week4,Virginia Run,Week1,288.0 Virginia Run - 114.0 Parklawn
Parliament,Week1,Greenbriar,Week5,205.0 Greenbriar - 197.0 Parliament
Parliament,Week5,Old Keene Mill,Week1,253.0 Parliament - 148.0 Old Keene Mill
Parliament,Week1,Rolling Forest,Week5,203.0 Parliament - 199.0 Rolling Forest
Parklawn,Week2,Sully Station,Week2,296.0 Sully Station - 106.0 Parklawn
Parliament,Week3,Greenbriar,Week2,255.0 Greenbriar - 147.0 Parliament
Parklawn,Week4,Virginia Run,Week3,269.0 Virginia Run - 132.0 Parklawn
Parliament,Week4,Kent Gardens,Week4,213.0 Parliament - 189.0 Kent Gardens
Parliament,Week3,Cottontail,Week4,208.0 Parliament - 194.0 Cottontail
Parliament,Week1,Greenbriar,Week2,242.0 Greenbriar - 158.0 Parliament
Parliament,Week1,Rolling Forest,Week4,223.0 Parliament - 179.0 Rolling Forest
Parklawn,Week3,Waynewood,Week4,295.5 Waynewood - 105.5 Parklawn
Parklawn,Week4,Sully Station,Week4,281.0 Sully Station - 121.0 Parklawn
Parklawn,Week2,Waynewood,Week4,287.0 Waynewood - 114.0 Parklawn
Parliament,Week5,Commonwealth,Week5,229.0 Parliament - 169.0 Commonwealth
Parklawn,Week2,Waynewood,Week2,290.0 Waynewood - 112.0 Parklawn
Parliament,Week2,Old Keene Mill,Week2,226.0 Parliament - 176.0 Old Keene Mill
Parklawn,Week2,Wakefield Chapel,Week2,338.0 Wakefield Chapel - 63.0 Parklawn
Parliament,Week5,Old Keene Mill,Week3,238.0 Parliament - 164.0 Old Keene Mill
Parklawn,Week5,Sully Station,Week1,299.0 Sully Station - 103.0 Parklawn
Parklawn,Week4,Sully Station,Week5,289.0 Sully Station - 108.0 Parklawn
Parklawn,Week1,Woodley,Week1,222.0 Woodley - 171.0 Parklawn
Parliament,Week5,Riverside Gardens,Week2,242.0 Riverside Gardens - 159.0 Parliament
Parliament,Week4,Orange Hunt,Week5,268.0 Orange Hunt - 134.0 Parliament
Parklawn,Week5,Sully Station,Week3,295.0 Sully Station - 106.0 Parklawn
Parklawn,Week1,Sully Station II,Week1,286.0 Sully Station II - 107.0 Parklawn
Parliament,Week3,Greenbriar,Week4,221.0 Greenbriar - 181.0 Parliament
Parliament,Week4,Old Keene Mill,Week1,249.0 Parliament - 153.0 Old Keene Mill
Parliament,Week3,Greenbriar,Week3,245.5 Greenbriar - 156.5 Parliament
Parklawn,Week4,Virginia Run,Week2,260.0 Virginia Run - 142.0 Parklawn
Parliament,Week5,Great Falls,Week1,221.0 Parliament - 177.0 Great Falls
Parliament,Week4,Cottontail,Week3,238.0 Parliament - 164.0 Cottontail
Parliament,Week5,Kent Gardens,Week4,210.0 Parliament - 191.0 Kent Gardens
Parliament,Week3,Cottontail,Week1,206.0 Cottontail - 196.0 Parliament
Parliament,Week4,Cottontail,Week2,222.0 Parliament - 180.0 Cottontail
Parliament,Week5,Riverside Gardens,Week4,271.0 Riverside Gardens - 131.0 Parliament
Parliament,Week1,Old Keene Mill,Week5,239.0 Parliament - 163.0 Old Keene Mill
Parklawn,Week3,Waynewood,Week1,284.0 Waynewood - 118.0 Parklawn
Parklawn,Week1,Sully Station II,Week5,328.0 Sully Station II - 65.0 Parklawn
Parklawn,Week3,Wakefield Chapel,Week2,348.0 Wakefield Chapel - 53.0 Parklawn
Parklawn,Week4,Virginia Run,Week4,286.0 Virginia Run - 116.0 Parklawn
Parklawn,Week2,Virginia Run,Week2,281.0 Virginia Run - 121.0 Parklawn
Parklawn,Week4,Waynewood,Week2,275.0 Waynewood - 127.0 Parklawn
Parklawn,Week3,Sully Station II,Week2,319.0 Sully Station II - 83.0 Parklawn
Parklawn,Week2,Waynewood,Week1,270.0 Waynewood - 132.0 Parklawn
Parklawn,Week1,Sully Station II,Week3,318.0 Sully Station II - 75.0 Parklawn
Parliament,Week5,Kent Gardens,Week3,213.0 Parliament - 185.0 Kent Gardens
Parklawn,Week2,Virginia Run,Week4,292.0 Virginia Run - 110.0 Parklawn
Parliament,Week4,Kent Gardens,Week1,204.0 Kent Gardens - 197.0 Parliament
Parliament,Week1,Rolling Forest,Week2,230.0 Parliament - 172.0 Rolling Forest
Parklawn,Week3,Waynewood,Week2,307.0 Waynewood - 95.0 Parklawn
Parliament,Week2,Orange Hunt,Week5,269.0 Orange Hunt - 133.0 Parliament
Parliament,Week2,Cottontail,Week4,207.0 Cottontail - 195.0 Parliament
Parliament,Week3,Orange Hunt,Week2,263.0 Orange Hunt - 139.0 Parliament
Parliament,Week3,Greenbriar,Week5,227.0 Greenbriar - 175.0 Parliament
Parliament,Week4,Cottontail,Week1,205.0 Parliament - 197.0 Cottontail
Parliament,Week5,Old Keene Mill,Week4,241.0 Parliament - 161.0 Old Keene Mill
Parklawn,Week1,Woodley,Week3,218.0 Woodley - 174.0 Parklawn
Parklawn,Week1,Virginia Run,Week4,319.0 Virginia Run - 74.0 Parklawn
Parliament,Week4,Greenbriar,Week2,259.0 Greenbriar - 143.0 Parliament
Parliament,Week1,Rolling Forest,Week3,207.0 Parliament - 195.0 Rolling Forest
Parliament,Week4,Cottontail,Week4,207.0 Parliament - 195.0 Cottontail
Parliament,Week1,Kent Gardens,Week3,232.0 Parliament - 166.0 Kent Gardens
Parliament,Week5,Kent Gardens,Week5,235.0 Kent Gardens - 166.0 Parliament
Parliament,Week4,Greenbriar,Week5,228.0 Greenbriar - 174.0 Parliament
Parliament,Week1,Kent Gardens,Week4,239.0 Parliament - 162.0 Kent Gardens
Parklawn,Week3,Virginia Run,Week3,308.0 Virginia Run - 94.0 Parklawn
Parklawn,Week2,Waynewood,Week3,306.0 Waynewood - 96.0 Parklawn
Parliament,Week2,Cottontail,Week1,207.0 Cottontail - 195.0 Parliament
Parliament,Week2,Overlee,Week1,339.0 Overlee - 63.0 Parliament
Parklawn,Week4,Virginia Run,Week5,295.0 Virginia Run - 107.0 Parklawn
Parliament,Week5,Greenbriar,Week1,230.0 Greenbriar - 172.0 Parliament
Parliament,Week5,Greenbriar,Week2,253.0 Greenbriar - 148.0 Parliament
Parklawn,Week4,Waynewood,Week3,283.0 Waynewood - 119.0 Parklawn
Parliament,Week2,Overlee,Week3,338.0 Overlee - 64.0 Parliament
Parklawn,Week1,Sully Station II,Week4,306.0 Sully Station II - 87.0 Parklawn
Parliament,Week2,Kent Gardens,Week4,208.0 Parliament - 194.0 Kent Gardens
Parklawn,Week2,Woodley,Week3,201.0 Parklawn - 199.0 Woodley
Parliament,Week3,Cottontail,Week5,204.0 Cottontail - 198.0 Parliament
Parliament,Week2,Overlee,Week5,367.0 Overlee - 35.0 Parliament
Parliament,Week2,Cottontail,Week3,224.0 Parliament - 178.0 Cottontail
Parklawn,Week2,Virginia Run,Week3,281.0 Virginia Run - 121.0 Parklawn
Parklawn,Week5,Sully Station II,Week5,316.5 Sully Station II - 85.5 Parklawn
Parliament,Week4,Greenbriar,Week3,241.0 Greenbriar - 161.0 Parliament
Parklawn,Week1,Sully Station II,Week2,311.0 Sully Station II - 82.0 Parklawn
Parliament,Week1,Kent Gardens,Week2,220.0 Parliament - 178.0 Kent Gardens
Parklawn,Week1,Virginia Run,Week5,326.0 Virginia Run - 67.0 Parklawn
Parklawn,Week5,Waynewood,Week1,248.5 Waynewood - 153.5 Parklawn
Parklawn,Week2,Waynewood,Week5,313.0 Waynewood - 88.0 Parklawn
Parliament,Week3,Orange Hunt,Week3,259.5 Orange Hunt - 142.5 Parliament
Parklawn,Week4,Sully Station II,Week3,304.5 Sully Station II - 97.5 Parklawn
Parliament,Week4,Orange Hunt,Week1,245.0 Orange Hunt - 157.0 Parliament
Parliament,Week3,Orange Hunt,Week4,250.5 Orange Hunt - 151.5 Parliament
Parliament,Week3,Kent Gardens,Week3,216.0 Parliament - 186.0 Kent Gardens
Parklawn,Week3,Sully Station II,Week1,285.0 Sully Station II - 117.0 Parklawn
Parklawn,Week1,Virginia Run,Week3,304.0 Virginia Run - 89.0 Parklawn
Parliament,Week5,Greenbriar,Week3,239.0 Greenbriar - 162.0 Parliament
Parliament,Week5,Greenbriar,Week4,212.0 Greenbriar - 189.0 Parliament
Parliament,Week3,Cottontail,Week3,230.0 Parliament - 172.0 Cottontail
Parklawn,Week2,Sully Station II,Week3,319.0 Sully Station II - 83.0 Parklawn
Parliament,Week3,Kent Gardens,Week2,207.0 Parliament - 195.0 Kent Gardens
Parliament,Week5,Cottontail,Week2,225.0 Parliament - 177.0 Cottontail
Parliament,Week3,Country Club Hills,Week3,216.0 Parliament - 186.0 Country Club Hills
Parliament,Week1,Hamlet,Week2,286.0 Hamlet - 116.0 Parliament
Parliament,Week2,Kent Gardens,Week3,213.0 Parliament - 188.0 Kent Gardens
Parklawn,Week2,Woodley,Week1,207.0 Parklawn - 195.0 Woodley
Parklawn,Week5,Virginia Run,Week1,284.0 Virginia Run - 118.0 Parklawn
Parliament,Week1,Kent Gardens,Week5,213.0 Kent Gardens - 188.0 Parliament
Parklawn,Week3,Waynewood,Week5,324.0 Waynewood - 77.0 Parklawn
Parliament,Week4,Overlee,Week2,348.0 Overlee - 54.0 Parliament
Parliament,Week4,Country Club Hills,Week2,223.0 Parliament - 179.0 Country Club Hills
Parliament,Week5,Orange Hunt,Week3,241.0 Orange Hunt - 161.0 Parliament
Parliament,Week5,Kings Ridge ,Week4,241.0 Parliament - 160.0 Kings Ridge
Parliament,Week4,Kings Ridge ,Week5,227.0 Parliament - 175.0 Kings Ridge
Parklawn,Week1,Wakefield Chapel,Week2,348.0 Wakefield Chapel - 45.0 Parklawn
Parliament,Week5,Greenbriar,Week5,216.0 Greenbriar - 186.0 Parliament
Parliament,Week3,Orange Hunt,Week1,259.0 Orange Hunt - 143.0 Parliament
Parklawn,Week2,Virginia Run,Week5,297.0 Virginia Run - 105.0 Parklawn
Parliament,Week5,Country Club Hills,Week1,222.0 Parliament - 180.0 Country Club Hills
Parliament,Week4,Orange Hunt,Week3,252.0 Orange Hunt - 150.0 Parliament
Parklawn,Week3,Virginia Run,Week2,292.0 Virginia Run - 110.0 Parklawn
Parliament,Week5,Hamlet,Week1,279.0 Hamlet - 122.0 Parliament
Parliament,Week3,Kent Gardens,Week5,233.0 Kent Gardens - 169.0 Parliament
Parklawn,Week1,Truro,Week1,228.0 Truro - 165.0 Parklawn
Parklawn,Week1,Woodley,Week5,224.0 Woodley - 169.0 Parklawn
Parklawn,Week2,Woodley,Week4,210.0 Parklawn - 191.0 Woodley
Parliament,Week5,Ilda Community,Week5,257.0 Parliament - 144.0 Ilda Community
Parklawn,Week2,Sully Station II,Week2,302.0 Sully Station II - 99.0 Parklawn
Parklawn,Week5,Waynewood,Week3,293.0 Waynewood - 109.0 Parklawn
Parliament,Week2,Orange Hunt,Week1,258.0 Orange Hunt - 144.0 Parliament
Parliament,Week5,Country Club Hills,Week3,209.0 Parliament - 192.0 Country Club Hills
Parliament,Week2,Hamlet,Week4,295.0 Hamlet - 106.0 Parliament
Parliament,Week5,Orange Hunt,Week1,238.0 Orange Hunt - 163.0 Parliament
Parliament,Week1,Overlee,Week1,321.0 Overlee - 81.0 Parliament
Parliament,Week3,Country Club Hills,Week4,219.0 Parliament - 183.0 Country Club Hills
Parliament,Week1,Hayfield Farm,Week5,211.0 Parliament - 190.0 Hayfield Farm
Parklawn,Week1,Truro,Week4,245.0 Truro - 148.0 Parklawn
Parliament,Week1,Kent Gardens,Week1,213.0 Parliament - 185.0 Kent Gardens
Parliament,Week5,Hamlet,Week3,292.0 Hamlet - 110.0 Parliament
Parklawn,Week5,Sully Station II,Week3,313.0 Sully Station II - 89.0 Parklawn
Parliament,Week2,Country Club Hills,Week3,201.0 Country Club Hills - 200.0 Parliament
Parklawn,Week1,Truro,Week3,216.0 Truro - 176.0 Parklawn
Parklawn,Week1,Wakefield Chapel,Week1,347.0 Wakefield Chapel - 46.0 Parklawn
Parliament,Week4,Country Club Hills,Week3,208.0 Parliament - 194.0 Country Club Hills
Parliament,Week2,Kent Gardens,Week2,204.0 Parliament - 198.0 Kent Gardens
Parliament,Week2,Orange Hunt,Week3,251.0 Orange Hunt - 151.0 Parliament
Parklawn,Week3,Waynewood,Week3,314.0 Waynewood - 88.0 Parklawn
Parklawn,Week4,Waynewood,Week4,270.0 Waynewood - 131.0 Parklawn
Parklawn,Week2,Virginia Run,Week1,308.5 Virginia Run - 93.5 Parklawn
Parklawn,Week5,Waynewood,Week2,278.0 Waynewood - 124.0 Parklawn
Parliament,Week1,Country Club Hills,Week3,234.0 Parliament - 167.0 Country Club Hills
Parklawn,Week5,Virginia Run,Week2,263.0 Virginia Run - 139.0 Parklawn
Parklawn,Week3,Virginia Run,Week1,316.5 Virginia Run - 85.5 Parklawn
Parklawn,Week4,Waynewood,Week1,246.0 Waynewood - 156.0 Parklawn
Parliament,Week1,Hamlet,Week1,265.0 Hamlet - 136.0 Parliament
Parklawn,Week2,Sully Station II,Week1,282.0 Sully Station II - 119.0 Parklawn
Parliament,Week1,Hayfield Farm,Week4,212.0 Parliament - 190.0 Hayfield Farm
Parliament,Week2,Hamlet,Week3,308.0 Hamlet - 94.0 Parliament
Parklawn,Week5,Sully Station II,Week1,274.0 Sully Station II - 128.0 Parklawn
Parliament,Week2,Kent Gardens,Week5,244.0 Kent Gardens - 158.0 Parliament
Parliament,Week1,Country Club Hills,Week5,213.0 Parliament - 189.0 Country Club Hills
Parklawn,Week4,Sully Station II,Week4,267.0 Sully Station II - 135.0 Parklawn
Parklawn,Week1,Woodley,Week4,214.0 Woodley - 179.0 Parklawn
Parliament,Week1,Lake Braddock,Week1,305.0 Parliament - 93.0 Lake Braddock
Parliament,Week3,Hamlet,Week2,307.5 Hamlet - 94.5 Parliament
Parklawn,Week2,Sully Station II,Week5,315.0 Sully Station II - 87.0 Parklawn
Parliament,Week5,Orange Hunt,Week2,240.0 Orange Hunt - 162.0 Parliament
Parklawn,Week2,Woodley,Week5,205.0 Parklawn - 193.0 Woodley
Parklawn,Week2,Wakefield Chapel,Week1,344.0 Wakefield Chapel - 58.0 Parklawn
Parliament,Week1,Hamlet,Week5,275.5 Hamlet - 126.5 Parliament
Parliament,Week4,Orange Hunt,Week4,247.0 Orange Hunt - 155.0 Parliament
Parklawn,Week1,Wakefield Chapel,Week4,338.0 Wakefield Chapel - 55.0 Parklawn
Parklawn,Week1,Truro,Week5,227.0 Truro - 166.0 Parklawn
Parklawn,Week2,Truro,Week1,218.0 Parklawn - 180.0 Truro
Parklawn,Week3,Virginia Run,Week5,318.0 Virginia Run - 84.0 Parklawn
Parliament,Week1,Orange Hunt,Week5,241.0 Orange Hunt - 160.0 Parliament
Parliament,Week1,Annandale,Week4,284.0 Parliament - 117.0 Annandale
Parliament,Week4,Country Club Hills,Week5,205.0 Country Club Hills - 197.0 Parliament
Parliament,Week4,Kings Ridge ,Week1,256.0 Parliament - 146.0 Kings Ridge
Parklawn,Week1,Wakefield Chapel,Week3,335.0 Wakefield Chapel - 58.0 Parklawn
Parliament,Week3,Country Club Hills,Week1,214.5 Parliament - 187.5 Country Club Hills
Parliament,Week2,Country Club Hills,Week1,207.0 Country Club Hills - 195.0 Parliament
Parliament,Week3,Kings Ridge ,Week4,233.0 Parliament - 169.0 Kings Ridge
Parliament,Week1,Lake Braddock,Week3,291.0 Parliament - 109.0 Lake Braddock
Parliament,Week3,Hamlet,Week3,298.5 Hamlet - 103.5 Parliament
Parliament,Week4,Country Club Hills,Week4,217.0 Parliament - 185.0 Country Club Hills
Parliament,Week2,Orange Hunt,Week4,249.0 Orange Hunt - 153.0 Parliament
Parklawn,Week5,Sully Station,Week5,299.0 Sully Station - 102.0 Parklawn
Parliament,Week3,Hamlet,Week5,314.0 Hamlet - 88.0 Parliament
Parklawn,Week2,Wakefield Chapel,Week5,347.0 Wakefield Chapel - 55.0 Parklawn
Parklawn,Week3,Sully Station II,Week3,327.0 Sully Station II - 75.0 Parklawn
Parklawn,Week4,Woodley,Week2,222.0 Parklawn - 175.0 Woodley
Parliament,Week2,Lake Braddock,Week4,274.0 Parliament - 124.0 Lake Braddock
Parklawn,Week4,Woodley,Week4,228.0 Parklawn - 173.0 Woodley
Parklawn,Week2,Sully Station II,Week4,276.5 Sully Station II - 125.5 Parklawn
Parliament,Week5,Orange Hunt,Week4,234.0 Orange Hunt - 167.0 Parliament
Parliament,Week5,Kings Ridge ,Week3,248.0 Parliament - 153.0 Kings Ridge
Parliament,Week1,Annandale,Week5,264.0 Parliament - 138.0 Annandale
Parliament,Week5,Country Club Hills,Week2,225.0 Parliament - 177.0 Country Club Hills
Parliament,Week1,Country Club Hills,Week4,239.0 Parliament - 163.0 Country Club Hills
Parklawn,Week3,Rutherford,Week2,217.0 Rutherford - 181.0 Parklawn
Parklawn,Week3,Wakefield Chapel,Week1,348.0 Wakefield Chapel - 54.0 Parklawn
Parliament,Week5,Kings Ridge ,Week1,269.5 Parliament - 131.5 Kings Ridge
Parliament,Week2,Hamlet,Week1,304.0 Hamlet - 98.0 Parliament
Parliament,Week4,Hamlet,Week3,310.0 Hamlet - 92.0 Parliament
Parklawn,Week2,Wakefield Chapel,Week4,329.0 Wakefield Chapel - 73.0 Parklawn
Parliament,Week2,Orange Hunt,Week2,262.0 Orange Hunt - 140.0 Parliament
Parliament,Week3,Country Club Hills,Week2,222.0 Parliament - 180.0 Country Club Hills
Parklawn,Week3,Sully Station II,Week5,331.0 Sully Station II - 71.0 Parklawn
Parklawn,Week5,Rutherford,Week3,197.0 Rutherford - 196.0 Parklawn
Parklawn,Week3,Wakefield Chapel,Week4,338.0 Wakefield Chapel - 64.0 Parklawn
Parklawn,Week1,Shouse Village,Week3,271.0 Shouse Village - 122.0 Parklawn
Parliament,Week2,Annandale,Week1,239.0 Parliament - 159.0 Annandale
Parklawn,Week3,Woodley,Week2,206.0 Parklawn - 192.0 Woodley
Parklawn,Week2,Shouse Village,Week2,234.0 Shouse Village - 168.0 Parklawn
Parliament,Week1,Overlee,Week2,330.0 Overlee - 72.0 Parliament
Parliament,Week3,Orange Hunt,Week5,270.0 Orange Hunt - 132.0 Parliament
Parliament,Week2,Annandale,Week2,239.0 Parliament - 163.0 Annandale
Parliament,Week1,Annandale,Week3,263.0 Parliament - 134.0 Annandale
Parliament,Week3,Hamlet,Week4,282.0 Hamlet - 119.0 Parliament
Parliament,Week4,Country Club Hills,Week1,203.0 Parliament - 199.0 Country Club Hills
Parklawn,Week4,Wakefield Chapel,Week2,313.0 Wakefield Chapel - 87.0 Parklawn
Parklawn,Week5,Woodley,Week2,218.0 Parklawn - 180.0 Woodley
Parliament,Week5,Country Club Hills,Week4,217.0 Parliament - 185.0 Country Club Hills
Parliament,Week4,Orange Hunt,Week2,264.0 Orange Hunt - 138.0 Parliament
Parklawn,Week4,Sully Station II,Week5,308.0 Sully Station II - 94.0 Parklawn
Parliament,Week3,Country Club Hills,Week5,202.0 Parliament - 200.0 Country Club Hills
Parliament,Week4,Hamlet,Week1,306.0 Hamlet - 96.0 Parliament
Parliament,Week5,Orange Hunt,Week5,254.0 Orange Hunt - 148.0 Parliament
Parliament,Week4,Hamlet,Week2,308.0 Hamlet - 94.0 Parliament
Parliament,Week3,Kings Ridge ,Week1,258.0 Parliament - 144.0 Kings Ridge
Parklawn,Week2,Wakefield Chapel,Week3,331.0 Wakefield Chapel - 71.0 Parklawn
Parliament,Week4,Kings Ridge ,Week4,234.0 Parliament - 168.0 Kings Ridge
Parklawn,Week2,Shouse Village,Week3,236.0 Shouse Village - 166.0 Parklawn
Parliament,Week2,Country Club Hills,Week2,211.0 Parliament - 191.0 Country Club Hills
Parklawn,Week3,Woodley,Week1,208.0 Parklawn - 194.0 Woodley
Parklawn,Week4,Sully Station II,Week1,279.0 Sully Station II - 123.0 Parklawn
Parliament,Week1,Overlee,Week3,313.0 Overlee - 89.0 Parliament
Parliament,Week4,Hamlet,Week4,289.0 Hamlet - 113.0 Parliament
Parklawn,Week4,Rutherford,Week2,207.0 Parklawn - 190.0 Rutherford
Parklawn,Week3,Wakefield Chapel,Week5,348.0 Wakefield Chapel - 54.0 Parklawn
Parliament,Week4,Hamlet,Week5,318.0 Hamlet - 84.0 Parliament
Parliament,Week1,Overlee,Week5,350.0 Overlee - 52.0 Parliament
Parklawn,Week5,Woodley,Week1,221.0 Parklawn - 181.0 Woodley
Parliament,Week1,Kings Ridge ,Week2,256.0 Parliament - 144.0 Kings Ridge
Parklawn,Week5,Sully Station II,Week4,278.0 Sully Station II - 124.0 Parklawn
Parklawn,Week5,Sully Station II,Week2,306.0 Sully Station II - 96.0 Parklawn
Parliament,Week1,Overlee,Week4,353.0 Overlee - 49.0 Parliament
Parklawn,Week4,Wakefield Chapel,Week1,323.0 Wakefield Chapel - 79.0 Parklawn
Parliament,Week3,Lake Braddock,Week1,299.0 Parliament - 103.0 Lake Braddock
Parliament,Week5,Country Club Hills,Week5,208.0 Parliament - 194.0 Country Club Hills
Parklawn,Week3,Wakefield Chapel,Week3,338.0 Wakefield Chapel - 64.0 Parklawn
Parliament,Week4,Kings Ridge ,Week3,243.0 Parliament - 158.0 Kings Ridge
Parliament,Week2,Country Club Hills,Week4,208.0 Parliament - 194.0 Country Club Hills
Parklawn,Week1,Shouse Village,Week1,253.0 Shouse Village - 140.0 Parklawn
Parliament,Week2,Hamlet,Week2,321.0 Hamlet - 81.0 Parliament
Parklawn,Week3,Sully Station II,Week4,294.0 Sully Station II - 108.0 Parklawn
Parklawn,Week5,Rutherford,Week1,229.0 Parklawn - 169.0 Rutherford
Parliament,Week3,Kings Ridge ,Week3,238.0 Parliament - 163.0 Kings Ridge
Parklawn,Week4,Sully Station II,Week2,300.0 Sully Station II - 101.0 Parklawn
Parklawn,Week3,Springfield,Week3,313.0 Parklawn - 76.0 Springfield
Parklawn,Week3,Woodley,Week4,209.0 Parklawn - 192.0 Woodley
Parklawn,Week4,Wakefield Chapel,Week5,322.0 Wakefield Chapel - 79.0 Parklawn
Parliament,Week5,Hamlet,Week2,303.0 Hamlet - 99.0 Parliament
Parklawn,Week4,Woodley,Week5,209.0 Parklawn - 188.0 Woodley
Parklawn,Week4,Wakefield Chapel,Week4,313.5 Wakefield Chapel - 88.5 Parklawn
Parliament,Week2,Kings Ridge ,Week4,215.0 Parliament - 187.0 Kings Ridge
Parliament,Week1,Hayfield Farm,Week1,220.0 Parliament - 182.0 Hayfield Farm
Parklawn,Week4,Wakefield Chapel,Week3,326.0 Wakefield Chapel - 76.0 Parklawn
Parliament,Week2,Overlee,Week2,342.0 Overlee - 60.0 Parliament
Parklawn,Week5,Rutherford,Week5,200.0 Parklawn - 198.0 Rutherford
Parklawn,Week2,Rutherford,Week3,201.0 Rutherford - 197.0 Parklawn
Parliament,Week2,Kings Ridge ,Week5,210.0 Parliament - 192.0 Kings Ridge
Parliament,Week2,Overlee,Week4,375.0 Overlee - 27.0 Parliament
Parliament,Week2,Country Club Hills,Week5,212.0 Country Club Hills - 190.0 Parliament
Parklawn,Week4,Woodley,Week1,222.0 Parklawn - 180.0 Woodley
Parliament,Week1,Hayfield Farm,Week2,221.0 Parliament - 181.0 Hayfield Farm
Parklawn,Week4,Springboard,Week5,214.0 Parklawn - 178.0 Springboard
Parliament,Week3,Overlee,Week2,339.0 Overlee - 63.0 Parliament
Parklawn,Week3,Rutherford,Week3,204.0 Rutherford - 194.0 Parklawn
Parklawn,Week1,Truro,Week2,216.0 Truro - 175.0 Parklawn
Parliament,Week2,Kings Ridge ,Week2,240.0 Parliament - 158.0 Kings Ridge
Parklawn,Week3,Rutherford,Week4,226.0 Rutherford - 175.0 Parklawn
Parliament,Week3,Overlee,Week1,339.0 Overlee - 63.0 Parliament
Parliament,Week1,Kings Ridge ,Week5,232.0 Parliament - 170.0 Kings Ridge
Parliament,Week2,Hamlet,Week5,315.0 Hamlet - 87.0 Parliament
Parliament,Week1,Hayfield Farm,Week3,207.0 Parliament - 194.0 Hayfield Farm
Parklawn,Week5,Woodley,Week3,229.0 Parklawn - 172.0 Woodley
Parliament,Week1,Hamlet,Week4,254.0 Hamlet - 147.0 Parliament
Parklawn,Week5,Woodley,Week4,221.0 Parklawn - 180.0 Woodley
Pinecrest,Week4,Kent Gardens,Week1,278.0 Pinecrest - 124.0 Kent Gardens
Parklawn,Week4,Springfield,Week1,316.0 Parklawn - 74.0 Springfield
Pinecrest,Week1,Kent Gardens,Week5,219.0 Pinecrest - 183.0 Kent Gardens
Parliament,Week3,Overlee,Week4,365.0 Overlee - 37.0 Parliament
Parklawn,Week4,Rutherford,Week3,198.0 Parklawn - 194.0 Rutherford
Parliament,Week4,Overlee,Week1,347.0 Overlee - 55.0 Parliament
Parliament,Week1,Kings Ridge ,Week4,248.0 Parliament - 153.0 Kings Ridge
Parliament,Week3,Kings Ridge ,Week5,228.0 Parliament - 174.0 Kings Ridge
Pinecrest,Week5,Kent Gardens,Week3,283.0 Pinecrest - 119.0 Kent Gardens
Parklawn,Week3,Rutherford,Week5,223.0 Rutherford - 175.0 Parklawn
Parliament,Week3,Kings Ridge ,Week2,260.0 Parliament - 142.0 Kings Ridge
Parklawn,Week4,Rutherford,Week5,207.0 Parklawn - 191.0 Rutherford
Parliament,Week3,Hamlet,Week1,287.0 Hamlet - 115.0 Parliament
Parklawn,Week5,Springboard,Week4,212.0 Parklawn - 180.0 Springboard
Parklawn,Week4,Woodley,Week3,215.0 Parklawn - 182.0 Woodley
Parklawn,Week3,Woodley,Week3,212.0 Parklawn - 189.0 Woodley
Parklawn,Week4,Springfield,Week4,310.0 Parklawn - 83.0 Springfield
Parliament,Week3,Overlee,Week5,366.0 Overlee - 36.0 Parliament
Pinecrest,Week2,Kent Gardens,Week2,280.0 Pinecrest - 122.0 Kent Gardens
Parliament,Week4,Langley,Week1,271.0 Langley - 131.0 Parliament
Parliament,Week3,Overlee,Week3,334.0 Overlee - 68.0 Parliament
Parliament,Week5,Hamlet,Week4,275.0 Hamlet - 126.0 Parliament
Parklawn,Week1,Springfield,Week3,284.0 Parklawn - 93.0 Springfield
Parliament,Week1,Kings Ridge ,Week3,258.0 Parliament - 139.0 Kings Ridge
Parliament,Week2,Fairfax Station,Week2,264.0 Fairfax Station - 138.0 Parliament
Parklawn,Week2,Springfield,Week3,330.0 Parklawn - 54.0 Springfield
Parklawn,Week3,Woodley,Week5,199.0 Parklawn - 199.0 Woodley
Pinecrest,Week3,Kent Gardens,Week5,238.0 Pinecrest - 164.0 Kent Gardens
Pinecrest,Week2,Kent Gardens,Week5,235.0 Pinecrest - 167.0 Kent Gardens
Parklawn,Week1,Shouse Village,Week5,271.0 Shouse Village - 122.0 Parklawn
Parliament,Week2,Laurel Hill,Week2,271.0 Parliament - 121.0 Laurel Hill
Parklawn,Week4,Rutherford,Week4,201.0 Parklawn - 194.0 Rutherford
Parliament,Week5,Hamlet,Week5,306.5 Hamlet - 95.5 Parliament
Parliament,Week2,Kings Ridge ,Week3,230.0 Parliament - 170.0 Kings Ridge
Pinecrest,Week4,Kent Gardens,Week3,284.0 Pinecrest - 118.0 Kent Gardens
Parliament,Week4,Langley,Week2,259.0 Langley - 143.0 Parliament
Parliament,Week4,Fairfax Club Estates,Week4,231.0 Parliament - 171.0 Fairfax Club Estates
Parliament,Week5,Langley,Week3,248.0 Langley - 154.0 Parliament
Parklawn,Week3,Springfield,Week2,317.0 Parklawn - 77.0 Springfield
Parklawn,Week1,Stratford,Week2,217.0 Stratford - 176.0 Parklawn
Parliament,Week1,Kings Ridge ,Week1,273.0 Parliament - 128.0 Kings Ridge
Parklawn,Week5,Woodley,Week5,204.0 Parklawn - 189.0 Woodley
Parliament,Week4,Fairfax Station,Week4,268.0 Fairfax Station - 134.0 Parliament
Parklawn,Week1,Stratford,Week4,248.0 Stratford - 145.0 Parklawn
Parklawn,Week5,Rutherford,Week2,206.0 Parklawn - 191.0 Rutherford
Pinecrest,Week4,Kent Gardens,Week2,282.0 Pinecrest - 120.0 Kent Gardens
Parklawn,Week3,Springfield,Week5,306.0 Parklawn - 89.0 Springfield
Parliament,Week1,Fairfax Station,Week1,244.0 Fairfax Station - 158.0 Parliament
Parklawn,Week2,Springfield,Week5,320.0 Parklawn - 73.0 Springfield
Pinecrest,Week2,Kent Gardens,Week1,256.0 Pinecrest - 146.0 Kent Gardens
Parliament,Week2,Laurel Hill,Week1,244.0 Parliament - 154.0 Laurel Hill
Parliament,Week1,Annandale,Week2,272.0 Parliament - 129.0 Annandale
Parklawn,Week4,Rutherford,Week1,230.0 Parklawn - 164.0 Rutherford
Parliament,Week5,Kings Ridge ,Week2,251.0 Parliament - 149.0 Kings Ridge
Parliament,Week2,Kings Ridge ,Week1,242.0 Parliament - 160.0 Kings Ridge
Parklawn,Week2,Shouse Village,Week1,236.0 Shouse Village - 166.0 Parklawn
Parliament,Week5,Fairfax Club Estates,Week2,260.0 Parliament - 141.0 Fairfax Club Estates
Pinecrest,Week3,Kent Gardens,Week1,264.0 Pinecrest - 138.0 Kent Gardens
Parliament,Week1,Annandale,Week1,263.0 Parliament - 137.0 Annandale
Parliament,Week5,Kings Ridge ,Week5,235.0 Parliament - 167.0 Kings Ridge
Parliament,Week2,Fairfax Station,Week3,269.0 Fairfax Station - 132.0 Parliament
Parklawn,Week1,Shouse Village,Week4,281.0 Shouse Village - 111.0 Parklawn
Parliament,Week4,Kings Ridge ,Week2,248.0 Parliament - 153.0 Kings Ridge
Parliament,Week3,Laurel Hill,Week1,248.0 Parliament - 154.0 Laurel Hill
Pinecrest,Week3,Kent Gardens,Week4,279.0 Pinecrest - 123.0 Kent Gardens
Parklawn,Week2,Rutherford,Week5,221.0 Rutherford - 177.0 Parklawn
Parklawn,Week1,Shouse Village,Week2,264.0 Shouse Village - 129.0 Parklawn
Parliament,Week2,Lake Braddock,Week2,259.0 Parliament - 139.0 Lake Braddock
Parliament,Week5,Fairfax Club Estates,Week4,238.0 Parliament - 164.0 Fairfax Club Estates
Parliament,Week4,Fairfax Club Estates,Week5,242.0 Parliament - 160.0 Fairfax Club Estates
Parklawn,Week5,Springboard,Week3,212.0 Parklawn - 181.0 Springboard
Parklawn,Week4,Springfield,Week3,320.0 Parklawn - 64.0 Springfield
Parliament,Week1,Lake Braddock,Week4,295.0 Parliament - 106.0 Lake Braddock
Pinecrest,Week5,Ilda Community,Week2,332.0 Pinecrest - 70.0 Ilda Community
Parklawn,Week3,Rutherford,Week1,200.0 Rutherford - 198.0 Parklawn
Parliament,Week4,Laurel Hill,Week3,236.0 Parliament - 166.0 Laurel Hill
Parklawn,Week1,Springfield,Week2,294.0 Parklawn - 82.0 Springfield
Parliament,Week1,Fairfax Station,Week4,239.0 Fairfax Station - 163.0 Parliament
Parliament,Week4,Fairfax Club Estates,Week3,256.0 Parliament - 146.0 Fairfax Club Estates
Pinecrest,Week2,Kent Gardens,Week3,287.0 Pinecrest - 115.0 Kent Gardens
Parklawn,Week4,Springboard,Week3,222.5 Parklawn - 169.5 Springboard
Parliament,Week5,Fairfax Club Estates,Week3,252.0 Parliament - 150.0 Fairfax Club Estates
Parklawn,Week2,Rutherford,Week4,215.0 Rutherford - 186.0 Parklawn
Parliament,Week1,Lake Braddock,Week2,287.0 Parliament - 113.0 Lake Braddock
Parliament,Week5,Langley,Week1,257.0 Langley - 145.0 Parliament
Parklawn,Week5,Springfield,Week5,309.0 Parklawn - 83.0 Springfield
Parklawn,Week5,Rutherford,Week4,213.0 Rutherford - 183.0 Parklawn
Pinecrest,Week1,Kent Gardens,Week1,242.0 Pinecrest - 160.0 Kent Gardens
Parliament,Week4,Langley,Week3,267.0 Langley - 135.0 Parliament
Pinecrest,Week5,Ilda Community,Week1,318.0 Pinecrest - 84.0 Ilda Community
Parklawn,Week5,Springboard,Week2,236.0 Parklawn - 157.0 Springboard
Parliament,Week2,Laurel Hill,Week3,234.0 Parliament - 168.0 Laurel Hill
Parliament,Week2,Lake Braddock,Week1,287.0 Parliament - 114.0 Lake Braddock
Pinecrest,Week5,Ilda Community,Week3,339.0 Pinecrest - 63.0 Ilda Community
Parliament,Week4,Laurel Hill,Week5,226.0 Parliament - 176.0 Laurel Hill
Parliament,Week1,Lake Braddock,Week5,276.0 Parliament - 124.0 Lake Braddock
Parklawn,Week1,Springfield,Week4,259.0 Parklawn - 115.0 Springfield
Pinecrest,Week5,Ilda Community,Week4,331.0 Pinecrest - 71.0 Ilda Community
Parliament,Week3,Laurel Hill,Week2,273.0 Parliament - 127.0 Laurel Hill
Parklawn,Week2,Springfield,Week1,304.0 Parklawn - 88.0 Springfield
Parklawn,Week1,Springfield,Week5,281.0 Parklawn - 95.0 Springfield
Pinecrest,Week4,Kent Gardens,Week4,285.0 Pinecrest - 117.0 Kent Gardens
Pinecrest,Week5,Ilda Community,Week5,337.0 Pinecrest - 64.0 Ilda Community
Parliament,Week2,Lake Braddock,Week3,265.0 Parliament - 133.0 Lake Braddock
Parliament,Week3,Fairfax Station,Week2,256.5 Fairfax Station - 145.5 Parliament
Parliament,Week3,Lake Braddock,Week5,268.0 Parliament - 134.0 Lake Braddock
Parliament,Week2,Fairfax Station,Week4,253.0 Fairfax Station - 149.0 Parliament
Parliament,Week2,Lake Braddock,Week5,258.0 Parliament - 140.0 Lake Braddock
Parliament,Week2,Fairfax Station,Week1,260.0 Fairfax Station - 142.0 Parliament
Parliament,Week3,Lake Braddock,Week4,290.0 Parliament - 112.0 Lake Braddock
Parliament,Week3,Fairfax Station,Week4,262.0 Fairfax Station - 140.0 Parliament
Parliament,Week3,Lake Braddock,Week2,275.0 Parliament - 127.0 Lake Braddock
Parliament,Week3,Langley,Week4,262.0 Langley - 140.0 Parliament
Parklawn,Week5,Springboard,Week5,203.0 Parklawn - 190.0 Springboard
Parliament,Week4,Langley,Week4,271.0 Langley - 131.0 Parliament
Pinecrest,Week4,Kent Gardens,Week5,248.0 Pinecrest - 154.0 Kent Gardens
Parliament,Week2,Laurel Hill,Week5,211.0 Parliament - 191.0 Laurel Hill
Parliament,Week5,Langley,Week2,237.0 Langley - 165.0 Parliament
Parliament,Week3,Fairfax Station,Week3,276.0 Fairfax Station - 126.0 Parliament
Parliament,Week3,Fairfax Station,Week5,272.0 Fairfax Station - 130.0 Parliament
Pinecrest,Week2,Kent Gardens,Week4,281.0 Pinecrest - 121.0 Kent Gardens
Parliament,Week1,Fairfax Station,Week3,251.0 Fairfax Station - 151.0 Parliament
Parliament,Week5,Langley,Week4,256.0 Langley - 146.0 Parliament
Parliament,Week4,Lake Braddock,Week5,263.0 Parliament - 138.0 Lake Braddock
Parliament,Week4,Langley,Week5,262.0 Langley - 140.0 Parliament
Pinecrest,Week5,Kent Gardens,Week1,275.0 Pinecrest - 127.0 Kent Gardens
Parliament,Week2,Fairfax Station,Week5,274.0 Fairfax Station - 128.0 Parliament
Pinecrest,Week1,Kent Gardens,Week3,261.0 Pinecrest - 141.0 Kent Gardens
Parliament,Week4,Lake Braddock,Week4,280.0 Parliament - 121.0 Lake Braddock
Parklawn,Week5,Springboard,Week1,221.0 Parklawn - 171.0 Springboard
Parliament,Week4,Lake Braddock,Week1,301.0 Parliament - 100.0 Lake Braddock
Parliament,Week3,Fairfax Station,Week1,258.0 Fairfax Station - 144.0 Parliament
Parliament,Week4,Lake Braddock,Week3,270.0 Parliament - 131.0 Lake Braddock
Parliament,Week5,Lake Braddock,Week1,300.0 Parliament - 98.0 Lake Braddock
Pinecrest,Week1,Kent Gardens,Week4,261.0 Pinecrest - 141.0 Kent Gardens
Parliament,Week4,Fairfax Club Estates,Week1,241.0 Parliament - 161.0 Fairfax Club Estates
Parliament,Week1,Laurel Hill,Week5,252.0 Parliament - 149.0 Laurel Hill
Parklawn,Week2,Springfield,Week2,324.0 Parklawn - 67.0 Springfield
Parliament,Week3,Lake Braddock,Week3,277.0 Parliament - 125.0 Lake Braddock
Parliament,Week1,Laurel Hill,Week2,292.0 Parliament - 101.0 Laurel Hill
Parklawn,Week3,Springfield,Week1,307.0 Parklawn - 87.0 Springfield
Pinecrest,Week1,Kent Gardens,Week2,272.0 Pinecrest - 130.0 Kent Gardens
Parliament,Week4,Fairfax Station,Week1,271.0 Fairfax Station - 131.0 Parliament
Parklawn,Week2,Springfield,Week4,306.0 Parklawn - 86.0 Springfield
Parliament,Week4,Fairfax Station,Week2,269.0 Fairfax Station - 133.0 Parliament
Parliament,Week3,Langley,Week2,242.0 Langley - 160.0 Parliament
Parliament,Week5,Lake Braddock,Week2,278.0 Parliament - 122.0 Lake Braddock
Pinecrest,Week4,Kings Ridge ,Week1,336.0 Pinecrest - 66.0 Kings Ridge
Parliament,Week1,Laurel Hill,Week4,265.0 Parliament - 137.0 Laurel Hill
Parliament,Week3,Langley,Week3,254.0 Langley - 148.0 Parliament
Parklawn,Week4,Springfield,Week2,329.0 Parklawn - 55.0 Springfield
Parliament,Week1,Laurel Hill,Week3,262.0 Parliament - 139.0 Laurel Hill
Parliament,Week1,Fairfax Station,Week5,271.0 Fairfax Station - 131.0 Parliament
Parliament,Week1,Fairfax Station,Week2,242.0 Fairfax Station - 160.0 Parliament
Parliament,Week5,Langley,Week5,246.0 Langley - 156.0 Parliament
Pinecrest,Week3,Kent Gardens,Week2,292.0 Pinecrest - 110.0 Kent Gardens
Parklawn,Week5,Springfield,Week3,318.0 Parklawn - 68.0 Springfield
Parklawn,Week4,Springboard,Week4,221.0 Parklawn - 173.0 Springboard
Parklawn,Week3,Springfield,Week4,290.0 Parklawn - 104.0 Springfield
Pinecrest,Week3,Kent Gardens,Week3,290.0 Pinecrest - 112.0 Kent Gardens
Pinecrest,Week5,Kent Gardens,Week2,283.0 Pinecrest - 119.0 Kent Gardens
Parklawn,Week1,Springfield,Week1,260.0 Parklawn - 119.0 Springfield
Parklawn,Week5,Springfield,Week2,326.0 Parklawn - 59.0 Springfield
Parliament,Week3,Langley,Week5,258.0 Langley - 144.0 Parliament
Parliament,Week4,Lake Braddock,Week2,271.0 Parliament - 130.0 Lake Braddock
Pinecrest,Week5,Kings Ridge ,Week5,321.0 Pinecrest - 81.0 Kings Ridge
Parliament,Week4,Laurel Hill,Week2,279.0 Parliament - 118.0 Laurel Hill
Pinecrest,Week1,Kings Ridge ,Week5,319.0 Pinecrest - 83.0 Kings Ridge
Pinecrest,Week3,Kings Ridge ,Week5,332.0 Pinecrest - 70.0 Kings Ridge
Parklawn,Week2,Stratford,Week1,218.0 Parklawn - 180.0 Stratford
Parliament,Week3,Laurel Hill,Week3,241.0 Parliament - 161.0 Laurel Hill
Parklawn,Week5,Springfield,Week4,304.0 Parklawn - 87.0 Springfield
Parliament,Week5,Forest Hollow,Week1,228.0 Forest Hollow - 174.0 Parliament
Pinecrest,Week1,Kings Ridge ,Week4,316.0 Pinecrest - 86.0 Kings Ridge
Pinecrest,Week1,Lake Braddock,Week4,332.0 Pinecrest - 70.0 Lake Braddock
Pinecrest,Week2,Kings Ridge ,Week2,347.0 Pinecrest - 55.0 Kings Ridge
Parklawn,Week1,Stratford,Week3,243.0 Stratford - 150.0 Parklawn
Parliament,Week4,Fairfax Station,Week3,283.0 Fairfax Station - 119.0 Parliament
Parklawn,Week1,Stratford,Week1,205.0 Stratford - 188.0 Parklawn
Parliament,Week3,Laurel Hill,Week4,255.0 Parliament - 147.0 Laurel Hill
Parliament,Week3,Laurel Hill,Week5,230.0 Parliament - 172.0 Laurel Hill
Parliament,Week1,Laurel Hill,Week1,253.0 Parliament - 142.0 Laurel Hill
Parliament,Week4,Fairfax Club Estates,Week2,258.0 Parliament - 144.0 Fairfax Club Estates
Pinecrest,Week2,Kings Ridge ,Week4,335.0 Pinecrest - 67.0 Kings Ridge
Pinecrest,Week5,Kent Gardens,Week4,278.0 Pinecrest - 124.0 Kent Gardens
Parklawn,Week4,Springfield,Week5,311.0 Parklawn - 86.0 Springfield
Parklawn,Week5,Springfield,Week1,318.0 Parklawn - 78.0 Springfield
Parliament,Week5,Fairfax Club Estates,Week5,248.0 Parliament - 153.0 Fairfax Club Estates
Parliament,Week4,Laurel Hill,Week1,244.0 Parliament - 156.0 Laurel Hill
Parliament,Week2,Laurel Hill,Week4,239.0 Parliament - 163.0 Laurel Hill
Parliament,Week5,Fairfax Club Estates,Week1,247.0 Parliament - 155.0 Fairfax Club Estates
Pinecrest,Week1,Kings Ridge ,Week1,329.0 Pinecrest - 73.0 Kings Ridge
Parliament,Week1,Forest Hollow,Week5,228.0 Forest Hollow - 174.0 Parliament
Parklawn,Week1,Stratford,Week5,235.0 Stratford - 158.0 Parklawn
Parliament,Week4,Forest Hollow,Week3,254.0 Forest Hollow - 148.0 Parliament
Parliament,Week5,Forest Hollow,Week3,239.0 Forest Hollow - 163.0 Parliament
Parklawn,Week2,Stratford,Week5,211.0 Stratford - 189.0 Parklawn
Pinecrest,Week3,Kings Ridge ,Week4,328.0 Pinecrest - 74.0 Kings Ridge
Parliament,Week1,Fox Hunt,Week2,203.0 Parliament - 196.0 Fox Hunt
Parliament,Week5,Lee Graham,Week3,287.0 Lee Graham - 115.0 Parliament
Parklawn,Week3,Stratford,Week2,208.0 Stratford - 193.0 Parklawn
Pinecrest,Week2,Kings Ridge ,Week1,351.0 Pinecrest - 51.0 Kings Ridge
Parliament,Week1,Lee Graham,Week4,261.5 Lee Graham - 140.5 Parliament
Parliament,Week4,Laurel Hill,Week4,245.0 Parliament - 157.0 Laurel Hill
Parliament,Week3,Forest Hollow,Week4,246.5 Forest Hollow - 155.5 Parliament
Pinecrest,Week1,Kings Ridge ,Week2,335.0 Pinecrest - 67.0 Kings Ridge
Parliament,Week2,Lee Graham,Week1,291.0 Lee Graham - 110.0 Parliament
Parklawn,Week3,Stratford,Week1,200.0 Parklawn - 198.0 Stratford
Parliament,Week4,Lee Graham,Week2,292.0 Lee Graham - 110.0 Parliament
Parliament,Week4,Fairfax Station,Week5,286.0 Fairfax Station - 116.0 Parliament
Parklawn,Week2,Stratford,Week3,214.5 Stratford - 186.5 Parklawn
Parklawn,Week2,Stratford,Week2,211.0 Parklawn - 190.0 Stratford
Pinecrest,Week4,Kings Ridge ,Week2,345.0 Pinecrest - 57.0 Kings Ridge
Parliament,Week2,Forest Hollow,Week5,260.0 Forest Hollow - 141.0 Parliament
Parklawn,Week2,Stratford,Week4,224.0 Stratford - 177.0 Parklawn
Parliament,Week2,Lee Graham,Week4,293.0 Lee Graham - 109.0 Parliament
Pinecrest,Week5,Kent Gardens,Week5,243.0 Pinecrest - 159.0 Kent Gardens
Parliament,Week4,Forest Hollow,Week5,254.0 Forest Hollow - 148.0 Parliament
Parliament,Week5,Laurel Hill,Week3,237.0 Parliament - 164.0 Laurel Hill
Parliament,Week3,Lee Graham,Week3,294.0 Lee Graham - 108.0 Parliament
Parklawn,Week3,Stratford,Week5,236.0 Stratford - 165.0 Parklawn
Parliament,Week2,Forest Hollow,Week4,244.0 Forest Hollow - 158.0 Parliament
Pinecrest,Week2,Kings Ridge ,Week5,325.0 Pinecrest - 77.0 Kings Ridge
Parliament,Week5,Laurel Hill,Week1,244.0 Parliament - 153.0 Laurel Hill
Pinecrest,Week1,Lake Braddock,Week2,327.0 Pinecrest - 75.0 Lake Braddock
Pinecrest,Week1,Lake Braddock,Week1,338.0 Pinecrest - 64.0 Lake Braddock
Parliament,Week2,Lee Graham,Week3,290.0 Lee Graham - 112.0 Parliament
Parliament,Week5,Lee Graham,Week5,294.0 Lee Graham - 108.0 Parliament
Parliament,Week4,Forest Hollow,Week2,236.0 Forest Hollow - 166.0 Parliament
Parklawn,Week3,Stratford,Week4,246.0 Stratford - 155.0 Parklawn
Parliament,Week5,Fairfax Station,Week1,262.0 Fairfax Station - 140.0 Parliament
Pinecrest,Week5,Kings Ridge ,Week4,321.0 Pinecrest - 81.0 Kings Ridge
Parliament,Week5,Laurel Hill,Week5,228.0 Parliament - 173.0 Laurel Hill
Pinecrest,Week4,Kings Ridge ,Week5,317.0 Pinecrest - 85.0 Kings Ridge
Pinecrest,Week3,Kings Ridge ,Week1,350.0 Pinecrest - 52.0 Kings Ridge
Pinecrest,Week3,Kings Ridge ,Week2,347.0 Pinecrest - 55.0 Kings Ridge
Pinecrest,Week5,Kings Ridge ,Week1,330.0 Pinecrest - 72.0 Kings Ridge
Parliament,Week3,Lee Graham,Week4,279.0 Lee Graham - 123.0 Parliament
Parliament,Week5,Fairfax Station,Week2,256.0 Fairfax Station - 146.0 Parliament
Parliament,Week3,Lee Graham,Week2,282.0 Lee Graham - 120.0 Parliament
Pinecrest,Week3,Kings Ridge ,Week3,340.0 Pinecrest - 62.0 Kings Ridge
Pinecrest,Week2,Kings Ridge ,Week3,338.0 Pinecrest - 64.0 Kings Ridge
Parklawn,Week4,Stratford,Week1,217.0 Parklawn - 176.0 Stratford
Parliament,Week5,Lee Graham,Week4,283.0 Lee Graham - 119.0 Parliament
Parliament,Week5,Fairfax Station,Week3,279.0 Fairfax Station - 123.0 Parliament
Pinecrest,Week5,Kings Ridge ,Week2,343.5 Pinecrest - 58.5 Kings Ridge
Parliament,Week5,Fairfax Station,Week5,277.0 Fairfax Station - 125.0 Parliament
Parliament,Week5,Lee Graham,Week1,276.0 Lee Graham - 126.0 Parliament
Parliament,Week4,Forest Hollow,Week1,234.0 Forest Hollow - 168.0 Parliament
Parliament,Week2,Forest Hollow,Week3,249.0 Forest Hollow - 153.0 Parliament
Pinecrest,Week4,Kings Ridge ,Week3,338.0 Pinecrest - 64.0 Kings Ridge
Parliament,Week1,Forest Hollow,Week3,222.0 Forest Hollow - 180.0 Parliament
Parklawn,Week4,Stratford,Week2,216.0 Parklawn - 185.0 Stratford
Parliament,Week3,Forest Hollow,Week3,245.0 Forest Hollow - 157.0 Parliament
Parliament,Week4,Lee Graham,Week4,289.0 Lee Graham - 113.0 Parliament
Parliament,Week1,Lee Graham,Week1,255.0 Lee Graham - 147.0 Parliament
Parliament,Week2,Forest Hollow,Week2,236.0 Forest Hollow - 165.0 Parliament
Pinecrest,Week4,Kings Ridge ,Week4,330.0 Pinecrest - 72.0 Kings Ridge
Parliament,Week2,Forest Hollow,Week1,248.0 Forest Hollow - 153.0 Parliament
Parliament,Week1,Forest Hollow,Week4,224.0 Forest Hollow - 178.0 Parliament
Parliament,Week1,Lee Graham,Week3,274.0 Lee Graham - 128.0 Parliament
Parliament,Week1,Forest Hollow,Week1,212.0 Forest Hollow - 190.0 Parliament
Pinecrest,Week5,Kings Ridge ,Week3,326.0 Pinecrest - 76.0 Kings Ridge
Parliament,Week1,Lee Graham,Week2,268.0 Lee Graham - 134.0 Parliament
Pinecrest,Week2,Lakevale Estates,Week4,220.0 Lakevale Estates - 182.0 Pinecrest
Pinecrest,Week1,Kings Ridge ,Week3,323.0 Pinecrest - 79.0 Kings Ridge
Parliament,Week5,Fairfax Station,Week4,261.0 Fairfax Station - 141.0 Parliament
Parklawn,Week3,Stratford,Week3,232.0 Stratford - 169.0 Parklawn
Parliament,Week3,Forest Hollow,Week5,257.0 Forest Hollow - 145.0 Parliament
Parliament,Week3,Lee Graham,Week5,290.0 Lee Graham - 112.0 Parliament
Parliament,Week2,Lee Graham,Week2,303.0 Lee Graham - 99.0 Parliament
Parliament,Week4,Forest Hollow,Week4,247.0 Forest Hollow - 155.0 Parliament
Pinecrest,Week4,Lake Braddock,Week2,347.0 Pinecrest - 55.0 Lake Braddock
Pinecrest,Week2,Lake Braddock,Week5,344.0 Pinecrest - 58.0 Lake Braddock
Parliament,Week5,Lee Graham,Week2,287.0 Lee Graham - 115.0 Parliament
Pinecrest,Week2,Lake Braddock,Week1,358.0 Pinecrest - 44.0 Lake Braddock
Parliament,Week1,Fox Hunt,Week1,209.0 Parliament - 192.0 Fox Hunt
Parliament,Week3,Lee Graham,Week1,277.0 Lee Graham - 125.0 Parliament
Parliament,Week3,Forest Hollow,Week1,240.0 Forest Hollow - 162.0 Parliament
Parliament,Week1,Lee Graham,Week5,273.0 Lee Graham - 129.0 Parliament
Pinecrest,Week1,Lake Braddock,Week5,317.0 Pinecrest - 85.0 Lake Braddock
Parliament,Week5,Forest Hollow,Week2,227.0 Forest Hollow - 175.0 Parliament
Parliament,Week1,Forest Hollow,Week2,216.0 Forest Hollow - 186.0 Parliament
Pinecrest,Week2,Lake Braddock,Week3,341.0 Pinecrest - 61.0 Lake Braddock
Parliament,Week4,Lee Graham,Week1,284.0 Lee Graham - 118.0 Parliament
Parliament,Week5,Forest Hollow,Week5,246.0 Forest Hollow - 156.0 Parliament
Parliament,Week5,Laurel Hill,Week4,255.0 Parliament - 147.0 Laurel Hill
Parliament,Week3,Forest Hollow,Week2,238.0 Forest Hollow - 164.0 Parliament
Parliament,Week2,Lee Graham,Week5,288.0 Lee Graham - 113.0 Parliament
Parliament,Week4,Lee Graham,Week3,287.0 Lee Graham - 115.0 Parliament
Parliament,Week5,Forest Hollow,Week4,231.0 Forest Hollow - 171.0 Parliament
Parliament,Week5,Laurel Hill,Week2,282.0 Parliament - 111.0 Laurel Hill
Pinecrest,Week2,Lake Braddock,Week4,344.0 Pinecrest - 58.0 Lake Braddock
Pinecrest,Week1,Lake Braddock,Week3,332.0 Pinecrest - 70.0 Lake Braddock
Parliament,Week1,Little Hunting Park,Week5,241.0 Parliament - 161.0 Little Hunting Park
Pinecrest,Week3,Lake Braddock,Week4,351.0 Pinecrest - 51.0 Lake Braddock
Pinecrest,Week2,Lakevale Estates,Week5,205.0 Lakevale Estates - 197.0 Pinecrest
Parliament,Week2,Fox Hunt,Week4,228.0 Fox Hunt - 170.0 Parliament
Parliament,Week1,Fox Hunt,Week3,214.0 Fox Hunt - 188.0 Parliament
Parliament,Week4,Lee Graham,Week5,294.0 Lee Graham - 108.0 Parliament
Parliament,Week5,Lincolnia Park,Week5,261.0 Parliament - 123.0 Lincolnia Park
Parliament,Week4,Fox Hunt,Week5,246.0 Fox Hunt - 155.0 Parliament
Pinecrest,Week4,Lakevale Estates,Week1,223.5 Pinecrest - 178.5 Lakevale Estates
Parliament,Week2,Fox Hunt,Week2,215.0 Fox Hunt - 183.0 Parliament
Parliament,Week1,Little Hunting Park,Week3,257.0 Parliament - 145.0 Little Hunting Park
Pinecrest,Week4,Lake Braddock,Week4,355.0 Pinecrest - 47.0 Lake Braddock
Parliament,Week1,Lincolnia Park,Week3,274.0 Parliament - 105.0 Lincolnia Park
Pinecrest,Week4,Lake Braddock,Week3,348.0 Pinecrest - 54.0 Lake Braddock
Parliament,Week1,Fox Hunt,Week4,215.0 Fox Hunt - 186.0 Parliament
Parliament,Week4,Lincolnia Park,Week1,285.0 Parliament - 104.0 Lincolnia Park
Parliament,Week5,Lincolnia Park,Week2,288.0 Parliament - 96.0 Lincolnia Park
Parliament,Week4,Fox Hunt,Week1,222.0 Fox Hunt - 180.0 Parliament
Pinecrest,Week3,Lake Braddock,Week2,347.0 Pinecrest - 55.0 Lake Braddock
Parliament,Week5,Fox Hunt,Week3,217.0 Fox Hunt - 185.0 Parliament
Pinecrest,Week2,Lakevale Estates,Week1,210.0 Pinecrest - 192.0 Lakevale Estates
Parliament,Week3,Fox Hunt,Week5,237.0 Fox Hunt - 165.0 Parliament
Pinecrest,Week1,Lakevale Estates,Week1,207.0 Lakevale Estates - 195.0 Pinecrest
Pinecrest,Week2,Lake Braddock,Week2,349.0 Pinecrest - 53.0 Lake Braddock
Pinecrest,Week4,Lake Braddock,Week5,353.0 Pinecrest - 49.0 Lake Braddock
Pinecrest,Week5,Lake Braddock,Week3,332.0 Pinecrest - 70.0 Lake Braddock
Pinecrest,Week3,Lake Braddock,Week5,342.0 Pinecrest - 60.0 Lake Braddock
Parliament,Week1,Little Hunting Park,Week1,272.0 Parliament - 130.0 Little Hunting Park
Pinecrest,Week1,Lakevale Estates,Week3,210.0 Lakevale Estates - 192.0 Pinecrest
Parliament,Week1,Fox Hunt,Week5,230.0 Fox Hunt - 171.0 Parliament
Parliament,Week1,Lincolnia Park,Week5,277.0 Parliament - 107.0 Lincolnia Park
Pinecrest,Week5,Lake Braddock,Week1,347.0 Pinecrest - 50.0 Lake Braddock
Parliament,Week2,Little Hunting Park,Week2,222.0 Parliament - 180.0 Little Hunting Park
Parliament,Week3,Lincolnia Park,Week2,300.0 Parliament - 93.0 Lincolnia Park
Parliament,Week2,Lincolnia Park,Week3,259.0 Parliament - 128.0 Lincolnia Park
Parliament,Week1,Fox Mill Estates,Week1,257.0 Parliament - 144.0 Fox Mill Estates
Parliament,Week1,Lincolnia Park,Week2,298.0 Parliament - 86.0 Lincolnia Park
Parliament,Week2,Fox Hunt,Week1,213.0 Fox Hunt - 188.0 Parliament
Pinecrest,Week4,Lake Braddock,Week1,358.0 Pinecrest - 44.0 Lake Braddock
Pinecrest,Week3,Lake Braddock,Week3,342.0 Pinecrest - 60.0 Lake Braddock
Parliament,Week1,Lincolnia Park,Week1,294.0 Parliament - 89.0 Lincolnia Park
Parliament,Week4,Fox Hunt,Week2,212.0 Fox Hunt - 189.0 Parliament
Parliament,Week4,Fox Mill Estates,Week1,225.0 Parliament - 177.0 Fox Mill Estates
Parliament,Week3,Fox Mill Estates,Week1,245.0 Parliament - 157.0 Fox Mill Estates
Parliament,Week5,Lincolnia Park,Week4,279.0 Parliament - 110.0 Lincolnia Park
Pinecrest,Week2,Lakevale Estates,Week2,217.0 Pinecrest - 185.0 Lakevale Estates
Pinecrest,Week5,Lake Braddock,Week5,331.0 Pinecrest - 71.0 Lake Braddock
Parliament,Week3,Fox Mill Estates,Week3,204.0 Parliament - 198.0 Fox Mill Estates
Parliament,Week2,Little Hunting Park,Week4,229.0 Parliament - 173.0 Little Hunting Park
Parliament,Week2,Lincolnia Park,Week5,270.0 Parliament - 122.0 Lincolnia Park
Pinecrest,Week5,Lake Braddock,Week4,344.0 Pinecrest - 58.0 Lake Braddock
Parliament,Week3,Fox Hunt,Week4,219.0 Fox Hunt - 183.0 Parliament
Parliament,Week4,Fox Mill Estates,Week3,208.0 Parliament - 194.0 Fox Mill Estates
Parliament,Week5,Lincolnia Park,Week1,284.0 Parliament - 100.0 Lincolnia Park
Parliament,Week1,Fox Mill Estates,Week3,235.0 Parliament - 167.0 Fox Mill Estates
Pinecrest,Week3,Lake Braddock,Week1,360.0 Pinecrest - 42.0 Lake Braddock
Pinecrest,Week3,Lakevale Estates,Week4,222.0 Lakevale Estates - 180.0 Pinecrest
Pinecrest,Week3,Lakevale Estates,Week3,203.0 Pinecrest - 199.0 Lakevale Estates
Parliament,Week4,Lincolnia Park,Week2,282.0 Parliament - 105.0 Lincolnia Park
Parliament,Week4,Lincolnia Park,Week4,276.0 Parliament - 116.0 Lincolnia Park
Parliament,Week1,Fox Mill Estates,Week4,218.0 Parliament - 183.0 Fox Mill Estates
Parliament,Week2,Lincolnia Park,Week1,277.0 Parliament - 110.0 Lincolnia Park
Parliament,Week4,Fox Hunt,Week4,226.0 Fox Hunt - 175.0 Parliament
Pinecrest,Week2,Lakevale Estates,Week3,202.0 Pinecrest - 200.0 Lakevale Estates
Parliament,Week3,Lincolnia Park,Week4,293.0 Parliament - 108.0 Lincolnia Park
Parliament,Week1,Fox Mill Estates,Week5,217.0 Parliament - 185.0 Fox Mill Estates
Parliament,Week3,Lincolnia Park,Week5,282.0 Parliament - 110.0 Lincolnia Park
Parliament,Week1,Fox Mill Estates,Week2,230.0 Parliament - 171.0 Fox Mill Estates
Parliament,Week4,Lincolnia Park,Week5,271.0 Parliament - 118.0 Lincolnia Park
Parliament,Week2,Fox Hunt,Week3,233.0 Fox Hunt - 168.0 Parliament
Pinecrest,Week4,Lakevale Estates,Week3,203.0 Lakevale Estates - 199.0 Pinecrest
Pinecrest,Week2,Lakeview,Week1,354.0 Pinecrest - 48.0 Lakeview
Parliament,Week2,Lincolnia Park,Week2,285.0 Parliament - 103.0 Lincolnia Park
Parliament,Week4,Fox Hunt,Week3,228.5 Fox Hunt - 173.5 Parliament
Parliament,Week5,Fox Hunt,Week2,208.0 Fox Hunt - 192.0 Parliament
Parliament,Week2,Fox Hunt,Week5,248.0 Fox Hunt - 150.0 Parliament
Parliament,Week2,Fox Mill Estates,Week2,202.0 Fox Mill Estates - 196.0 Parliament
Pinecrest,Week1,Lakevale Estates,Week2,209.0 Lakevale Estates - 193.0 Pinecrest
Parliament,Week5,Lincolnia Park,Week3,260.0 Parliament - 119.0 Lincolnia Park
Parliament,Week1,Little Hunting Park,Week2,265.0 Parliament - 136.0 Little Hunting Park
Parliament,Week3,Lincolnia Park,Week3,266.0 Parliament - 126.0 Lincolnia Park
Pinecrest,Week3,Lakevale Estates,Week5,213.0 Lakevale Estates - 189.0 Pinecrest
Parliament,Week2,Lincolnia Park,Week4,275.0 Parliament - 113.0 Lincolnia Park
Pinecrest,Week4,Lakeview,Week1,360.0 Pinecrest - 42.0 Lakeview
Parliament,Week1,Little Hunting Park,Week4,264.0 Parliament - 138.0 Little Hunting Park
Pinecrest,Week3,Lakevale Estates,Week1,216.0 Pinecrest - 186.0 Lakevale Estates
Parliament,Week3,Lincolnia Park,Week1,304.0 Parliament - 96.0 Lincolnia Park
Pinecrest,Week5,Lake Braddock,Week2,334.0 Pinecrest - 68.0 Lake Braddock
Pinecrest,Week3,Lakeview,Week3,352.0 Pinecrest - 50.0 Lakeview
Parliament,Week4,Lincolnia Park,Week3,268.0 Parliament - 116.0 Lincolnia Park
Parliament,Week3,Fox Hunt,Week1,205.0 Fox Hunt - 197.0 Parliament
Pinecrest,Week3,Lakevale Estates,Week2,215.0 Pinecrest - 187.0 Lakevale Estates
Parliament,Week3,Fox Hunt,Week3,231.0 Fox Hunt - 171.0 Parliament
Parliament,Week2,Fox Mill Estates,Week1,234.0 Parliament - 168.0 Fox Mill Estates
Parliament,Week1,Lincolnia Park,Week4,286.0 Parliament - 103.0 Lincolnia Park
Parliament,Week5,Fox Hunt,Week4,221.0 Fox Hunt - 180.0 Parliament
Parliament,Week5,Fox Hunt,Week1,204.0 Fox Hunt - 197.0 Parliament
Pinecrest,Week1,Lakevale Estates,Week5,226.0 Lakevale Estates - 176.0 Pinecrest
Pinecrest,Week1,Lakevale Estates,Week4,236.0 Lakevale Estates - 166.0 Pinecrest
Parliament,Week3,Fox Hunt,Week2,204.0 Fox Hunt - 198.0 Parliament
Parliament,Week5,Fox Hunt,Week5,237.0 Fox Hunt - 164.0 Parliament
Pinecrest,Week4,Lakeview,Week5,353.5 Pinecrest - 39.5 Lakeview
Pinecrest,Week4,Lakevale Estates,Week5,216.0 Lakevale Estates - 186.0 Pinecrest
Parliament,Week4,Little Hunting Park,Week1,245.0 Parliament - 157.0 Little Hunting Park
Pinecrest,Week4,Lakevale Estates,Week4,215.0 Lakevale Estates - 187.0 Pinecrest
Pinecrest,Week5,Lakeview,Week1,360.0 Pinecrest - 42.0 Lakeview
Parliament,Week3,Fox Mill Estates,Week2,206.0 Parliament - 196.0 Fox Mill Estates
Parliament,Week2,Little Hunting Park,Week3,221.0 Parliament - 181.0 Little Hunting Park
Pinecrest,Week5,Lakeview,Week2,357.0 Pinecrest - 45.0 Lakeview
Parliament,Week2,Little Hunting Park,Week1,227.0 Parliament - 174.0 Little Hunting Park
Parliament,Week3,Fox Mill Estates,Week5,204.0 Parliament - 198.0 Fox Mill Estates
Parliament,Week3,Little Rocky Run,Week3,287.0 Little Rocky Run - 115.0 Parliament
Parliament,Week3,Little Hunting Park,Week3,244.5 Parliament - 157.5 Little Hunting Park
Parliament,Week3,Fox Mill Estates,Week4,204.0 Parliament - 198.0 Fox Mill Estates
Parliament,Week2,Fox Mill Estates,Week3,206.0 Parliament - 195.0 Fox Mill Estates
Parliament,Week4,Little Hunting Park,Week5,216.0 Parliament - 186.0 Little Hunting Park
Pinecrest,Week5,Lakeview,Week3,344.0 Pinecrest - 58.0 Lakeview
Parliament,Week1,Little Rocky Run,Week2,240.0 Little Rocky Run - 162.0 Parliament
Pinecrest,Week4,Lakevale Estates,Week2,215.0 Pinecrest - 187.0 Lakevale Estates
Parliament,Week1,Little Rocky Run,Week1,250.0 Little Rocky Run - 152.0 Parliament
Parliament,Week2,Fox Mill Estates,Week4,218.0 Fox Mill Estates - 184.0 Parliament
Pinecrest,Week3,Lakeview,Week5,351.0 Pinecrest - 42.0 Lakeview
Parliament,Week2,Fox Mill Estates,Week5,218.0 Fox Mill Estates - 184.0 Parliament
Parliament,Week4,Fox Mill Estates,Week2,208.0 Parliament - 193.0 Fox Mill Estates
Parliament,Week4,Little Hunting Park,Week3,236.0 Parliament - 166.0 Little Hunting Park
Pinecrest,Week2,Lakeview,Week4,336.0 Pinecrest - 66.0 Lakeview
Parliament,Week2,Little Rocky Run,Week3,299.0 Little Rocky Run - 102.0 Parliament
Parliament,Week5,Fox Mill Estates,Week4,208.0 Fox Mill Estates - 193.0 Parliament
Parliament,Week3,Little Hunting Park,Week2,249.0 Parliament - 153.0 Little Hunting Park
Pinecrest,Week5,Lakevale Estates,Week4,223.0 Lakevale Estates - 179.0 Pinecrest
Pinecrest,Week1,Lakeview,Week5,327.0 Pinecrest - 66.0 Lakeview
Parliament,Week3,Fox Mill Woods,Week1,275.0 Fox Mill Woods - 127.0 Parliament
Parliament,Week4,Little Hunting Park,Week2,245.0 Parliament - 157.0 Little Hunting Park
Pinecrest,Week1,Lakeview,Week4,326.0 Pinecrest - 76.0 Lakeview
Parliament,Week1,Little Rocky Run,Week4,256.0 Little Rocky Run - 146.0 Parliament
Pinecrest,Week2,Lakeview,Week2,354.0 Pinecrest - 48.0 Lakeview
Parliament,Week5,Fox Mill Estates,Week3,209.0 Parliament - 193.0 Fox Mill Estates
Pinecrest,Week2,Lakeview,Week3,332.0 Pinecrest - 70.0 Lakeview
Parliament,Week2,Fox Mill Woods,Week1,286.0 Fox Mill Woods - 116.0 Parliament
Parliament,Week1,Fox Mill Woods,Week2,242.0 Fox Mill Woods - 160.0 Parliament
Pinecrest,Week1,Lakeview,Week2,342.0 Pinecrest - 60.0 Lakeview
Parliament,Week2,Fox Mill Woods,Week5,269.0 Fox Mill Woods - 132.0 Parliament
Parliament,Week2,Fox Mill Woods,Week4,265.0 Fox Mill Woods - 137.0 Parliament
Parliament,Week1,Little Rocky Run,Week3,273.0 Little Rocky Run - 129.0 Parliament
Parliament,Week4,Fox Mill Estates,Week4,210.0 Fox Mill Estates - 192.0 Parliament
Parliament,Week3,Little Hunting Park,Week4,243.0 Parliament - 159.0 Little Hunting Park
Pinecrest,Week5,Lakevale Estates,Week2,224.0 Pinecrest - 178.0 Lakevale Estates
Parliament,Week2,Fox Mill Woods,Week3,274.0 Fox Mill Woods - 128.0 Parliament
Pinecrest,Week1,Lakeview,Week3,330.5 Pinecrest - 71.5 Lakeview
Parliament,Week1,Fox Mill Woods,Week1,249.0 Fox Mill Woods - 153.0 Parliament
Parliament,Week2,Little Rocky Run,Week1,273.0 Little Rocky Run - 129.0 Parliament
Pinecrest,Week5,Lakevale Estates,Week5,222.0 Lakevale Estates - 180.0 Pinecrest
Pinecrest,Week5,Lakevale Estates,Week3,208.0 Lakevale Estates - 194.0 Pinecrest
Parliament,Week5,Little Hunting Park,Week3,255.0 Parliament - 147.0 Little Hunting Park
Parliament,Week5,Little Hunting Park,Week5,226.0 Parliament - 175.0 Little Hunting Park
Parliament,Week3,Fox Mill Woods,Week2,264.0 Fox Mill Woods - 138.0 Parliament
Parliament,Week5,Fox Mill Estates,Week5,203.0 Parliament - 199.0 Fox Mill Estates
Parklawn,Week5,Somerset-Olde Creek,Week2,280.0 Parklawn - 112.0 Somerset-Olde Creek
Parliament,Week1,Little Rocky Run,Week5,260.5 Little Rocky Run - 136.5 Parliament
Parliament,Week2,Little Hunting Park,Week5,201.0 Parliament - 200.0 Little Hunting Park
Pinecrest,Week1,Lakeview,Week1,340.0 Pinecrest - 62.0 Lakeview
Pinecrest,Week2,Lakeview,Week5,338.0 Pinecrest - 55.0 Lakeview
Pinecrest,Week3,Lakeview,Week2,358.0 Pinecrest - 44.0 Lakeview
Parliament,Week1,Fox Mill Woods,Week3,225.0 Fox Mill Woods - 177.0 Parliament
Parliament,Week1,Wakefield Chapel,Week2,274.0 Wakefield Chapel - 128.0 Parliament
Parliament,Week3,Little Hunting Park,Week5,215.0 Parliament - 186.0 Little Hunting Park
Parliament,Week5,Little Hunting Park,Week2,258.0 Parliament - 144.0 Little Hunting Park
Parliament,Week2,Little Rocky Run,Week2,270.5 Little Rocky Run - 131.5 Parliament
Parliament,Week5,Fox Mill Estates,Week2,215.0 Parliament - 186.0 Fox Mill Estates
Parklawn,Week1,Somerset-Olde Creek,Week5,206.0 Parklawn - 183.0 Somerset-Olde Creek
Parliament,Week3,Wakefield Chapel,Week1,301.0 Wakefield Chapel - 101.0 Parliament
Parliament,Week5,Little Hunting Park,Week1,259.0 Parliament - 142.0 Little Hunting Park
Parliament,Week3,Fox Mill Woods,Week4,262.0 Fox Mill Woods - 140.0 Parliament
Parliament,Week1,Fox Mill Woods,Week5,226.0 Fox Mill Woods - 175.0 Parliament
Parliament,Week5,Fox Mill Estates,Week1,241.0 Parliament - 160.0 Fox Mill Estates
Parliament,Week5,Virginia Run,Week1,232.0 Virginia Run - 170.0 Parliament
Pinecrest,Week5,Lakevale Estates,Week1,210.0 Pinecrest - 192.0 Lakevale Estates
Parliament,Week1,Wakefield Chapel,Week4,253.0 Wakefield Chapel - 149.0 Parliament
Parklawn,Week3,Somerset-Olde Creek,Week3,258.0 Parklawn - 140.0 Somerset-Olde Creek
Pinecrest,Week3,Lakeview,Week1,364.0 Pinecrest - 38.0 Lakeview
Parliament,Week3,Little Rocky Run,Week1,273.0 Little Rocky Run - 129.0 Parliament
Parliament,Week5,Little Hunting Park,Week4,257.0 Parliament - 145.0 Little Hunting Park
Parklawn,Week2,Somerset-Olde Creek,Week2,281.0 Parklawn - 114.0 Somerset-Olde Creek
Parklawn,Week2,South Run,Week1,235.0 South Run - 154.0 Parklawn
Parliament,Week2,Wakefield Chapel,Week5,309.0 Wakefield Chapel - 93.0 Parliament
Parliament,Week3,Fox Mill Woods,Week3,257.0 Fox Mill Woods - 145.0 Parliament
Parliament,Week2,Little Rocky Run,Week4,285.0 Little Rocky Run - 117.0 Parliament
Parliament,Week4,Virginia Run,Week4,262.0 Virginia Run - 140.0 Parliament
Pinecrest,Week3,Lakeview,Week4,347.0 Pinecrest - 55.0 Lakeview
Pinecrest,Week4,Lakeview,Week3,351.0 Pinecrest - 51.0 Lakeview
Pinecrest,Week4,Langley,Week1,218.0 Pinecrest - 184.0 Langley
Parliament,Week3,Fox Mill Woods,Week5,259.0 Fox Mill Woods - 142.0 Parliament
Pinecrest,Week4,Lakeview,Week2,371.0 Pinecrest - 31.0 Lakeview
Pinecrest,Week4,Lakeview,Week4,348.0 Pinecrest - 54.0 Lakeview
Parliament,Week5,Virginia Run,Week4,235.5 Virginia Run - 166.5 Parliament
Parliament,Week4,Wakefield Chapel,Week5,328.0 Wakefield Chapel - 74.0 Parliament
Parklawn,Week2,South Run,Week3,263.0 South Run - 135.0 Parklawn
Parliament,Week2,Fox Mill Woods,Week2,275.0 Fox Mill Woods - 127.0 Parliament
Parliament,Week2,Little Rocky Run,Week5,295.0 Little Rocky Run - 102.0 Parliament
Parliament,Week4,Fox Mill Estates,Week5,212.0 Fox Mill Estates - 190.0 Parliament
Parklawn,Week2,Somerset-Olde Creek,Week3,267.0 Parklawn - 128.0 Somerset-Olde Creek
Parliament,Week2,Wakefield Chapel,Week4,285.0 Wakefield Chapel - 117.0 Parliament
Pinecrest,Week3,Langley,Week1,222.0 Pinecrest - 180.0 Langley
Parklawn,Week3,Somerset-Olde Creek,Week2,273.0 Parklawn - 125.0 Somerset-Olde Creek
Pinecrest,Week5,Langley,Week1,217.0 Pinecrest - 185.0 Langley
Parliament,Week4,Virginia Run,Week3,241.0 Virginia Run - 161.0 Parliament
Parliament,Week4,Fox Mill Woods,Week3,273.0 Fox Mill Woods - 129.0 Parliament
Pinecrest,Week3,Langley,Week5,216.0 Pinecrest - 186.0 Langley
Parliament,Week1,Fox Mill Woods,Week4,234.0 Fox Mill Woods - 168.0 Parliament
Parliament,Week5,Virginia Run,Week5,246.5 Virginia Run - 155.5 Parliament
Parliament,Week5,Little Rocky Run,Week4,273.0 Little Rocky Run - 129.0 Parliament
Pinecrest,Week1,Laurel Hill,Week1,301.0 Pinecrest - 101.0 Laurel Hill
Pinecrest,Week1,Langley,Week5,212.0 Langley - 190.0 Pinecrest
Parliament,Week4,Little Hunting Park,Week4,237.0 Parliament - 165.0 Little Hunting Park
Parliament,Week1,Wakefield Chapel,Week1,290.0 Wakefield Chapel - 112.0 Parliament
Parklawn,Week2,Somerset-Olde Creek,Week1,256.0 Parklawn - 136.0 Somerset-Olde Creek
Parliament,Week4,Fox Mill Woods,Week1,269.0 Fox Mill Woods - 133.0 Parliament
Parklawn,Week5,Somerset-Olde Creek,Week1,256.0 Parklawn - 137.0 Somerset-Olde Creek
Parliament,Week4,Fox Mill Woods,Week2,261.0 Fox Mill Woods - 141.0 Parliament
Parliament,Week3,Little Rocky Run,Week4,277.0 Little Rocky Run - 125.0 Parliament
Parklawn,Week4,Somerset-Olde Creek,Week4,259.0 Parklawn - 138.0 Somerset-Olde Creek
Parliament,Week3,Little Hunting Park,Week1,255.0 Parliament - 147.0 Little Hunting Park
Parliament,Week3,Wakefield Chapel,Week3,300.0 Wakefield Chapel - 102.0 Parliament
Parliament,Week3,Little Rocky Run,Week2,269.0 Little Rocky Run - 133.0 Parliament
Pinecrest,Week2,Laurel Hill,Week4,333.0 Pinecrest - 69.0 Laurel Hill
Parliament,Week3,Long Branch,Week2,249.0 Parliament - 153.0 Long Branch
Parliament,Week4,Virginia Run,Week5,255.0 Virginia Run - 147.0 Parliament
Parliament,Week2,Great Falls,Week3,199.0 Parliament - 198.0 Great Falls
Parliament,Week4,Fox Mill Woods,Week4,267.0 Fox Mill Woods - 135.0 Parliament
Parliament,Week1,Long Branch,Week4,250.0 Parliament - 152.0 Long Branch
Parklawn,Week3,Somerset-Olde Creek,Week5,225.0 Parklawn - 173.0 Somerset-Olde Creek
Parklawn,Week2,Somerset-Olde Creek,Week4,260.0 Parklawn - 137.0 Somerset-Olde Creek
Parliament,Week1,Great Falls,Week1,230.0 Parliament - 168.0 Great Falls
Parklawn,Week5,Somerset-Olde Creek,Week5,246.0 Parklawn - 148.0 Somerset-Olde Creek
Parliament,Week5,Long Branch,Week2,245.0 Parliament - 157.0 Long Branch
Parklawn,Week4,Somerset-Olde Creek,Week3,261.0 Parklawn - 128.0 Somerset-Olde Creek
Pinecrest,Week5,Langley,Week2,219.0 Pinecrest - 183.0 Langley
Parklawn,Week5,Somerset-Olde Creek,Week4,262.0 Parklawn - 135.0 Somerset-Olde Creek
Parliament,Week2,Wakefield Chapel,Week2,298.0 Wakefield Chapel - 104.0 Parliament
Pinecrest,Week1,Laurel Hill,Week5,284.0 Pinecrest - 118.0 Laurel Hill
Parliament,Week2,Great Falls,Week5,217.0 Great Falls - 176.0 Parliament
Parliament,Week4,Long Branch,Week1,230.0 Parliament - 167.0 Long Branch
Pinecrest,Week2,Langley,Week4,204.0 Pinecrest - 198.0 Langley
Parliament,Week5,Virginia Run,Week3,218.0 Virginia Run - 184.0 Parliament
Parliament,Week1,Great Falls,Week3,204.0 Parliament - 191.0 Great Falls
Parliament,Week3,Great Falls,Week4,212.0 Parliament - 189.0 Great Falls
Parliament,Week4,Long Branch,Week3,246.0 Parliament - 156.0 Long Branch
Pinecrest,Week5,Langley,Week4,217.0 Pinecrest - 185.0 Langley
Parklawn,Week2,Somerset-Olde Creek,Week5,244.0 Parklawn - 150.0 Somerset-Olde Creek
Parliament,Week3,Long Branch,Week4,219.0 Parliament - 183.0 Long Branch
Parliament,Week5,Fox Mill Woods,Week1,264.0 Fox Mill Woods - 138.0 Parliament
Parliament,Week3,Wakefield Chapel,Week2,288.0 Wakefield Chapel - 114.0 Parliament
Pinecrest,Week2,Langley,Week2,226.0 Pinecrest - 176.0 Langley
Parliament,Week3,Wakefield Chapel,Week4,276.0 Wakefield Chapel - 126.0 Parliament
Parliament,Week5,Virginia Run,Week2,214.0 Virginia Run - 188.0 Parliament
Pinecrest,Week5,Lakeview,Week4,344.5 Pinecrest - 57.5 Lakeview
Parliament,Week5,Fox Mill Woods,Week3,245.0 Fox Mill Woods - 157.0 Parliament
Parliament,Week2,Great Falls,Week4,201.0 Parliament - 191.0 Great Falls
Parklawn,Week4,Somerset-Olde Creek,Week2,275.0 Parklawn - 117.0 Somerset-Olde Creek
Pinecrest,Week4,Langley,Week3,221.0 Pinecrest - 181.0 Langley
Parliament,Week4,Wakefield Chapel,Week2,297.0 Wakefield Chapel - 105.0 Parliament
Parliament,Week3,Wakefield Chapel,Week5,304.0 Wakefield Chapel - 98.0 Parliament
Parklawn,Week1,South Run,Week3,276.0 South Run - 117.0 Parklawn
Parliament,Week4,Fox Mill Woods,Week5,269.0 Fox Mill Woods - 133.0 Parliament
Parliament,Week3,Great Falls,Week2,200.0 Great Falls - 184.0 Parliament
Parliament,Week3,Great Falls,Week1,219.0 Parliament - 182.0 Great Falls
Parklawn,Week5,Somerset-Olde Creek,Week3,264.0 Parklawn - 125.0 Somerset-Olde Creek
Parliament,Week1,Wakefield Chapel,Week3,276.0 Wakefield Chapel - 126.0 Parliament
Parliament,Week2,Long Branch,Week3,227.0 Parliament - 174.0 Long Branch
Parliament,Week2,Great Falls,Week2,194.0 Great Falls - 189.0 Parliament
Pinecrest,Week4,Langley,Week2,221.0 Pinecrest - 181.0 Langley
Parliament,Week1,Long Branch,Week1,255.0 Parliament - 141.0 Long Branch
Pinecrest,Week2,Langley,Week5,215.0 Pinecrest - 187.0 Langley
Parklawn,Week1,Somerset-Olde Creek,Week4,221.0 Parklawn - 171.0 Somerset-Olde Creek
Parliament,Week4,Wakefield Chapel,Week4,287.0 Wakefield Chapel - 115.0 Parliament
Parliament,Week3,Little Rocky Run,Week5,290.0 Little Rocky Run - 112.0 Parliament
Parliament,Week3,Long Branch,Week3,257.0 Parliament - 145.0 Long Branch
Parklawn,Week4,Somerset-Olde Creek,Week5,242.0 Parklawn - 152.0 Somerset-Olde Creek
Parliament,Week1,Wakefield Chapel,Week5,283.0 Wakefield Chapel - 119.0 Parliament
Parliament,Week4,Little Rocky Run,Week5,303.0 Little Rocky Run - 94.0 Parliament
Parklawn,Week3,Somerset-Olde Creek,Week1,246.0 Parklawn - 151.0 Somerset-Olde Creek
Parliament,Week5,Fox Mill Woods,Week2,245.0 Fox Mill Woods - 157.0 Parliament
Parliament,Week2,Wakefield Chapel,Week3,306.0 Wakefield Chapel - 96.0 Parliament
Parklawn,Week4,Somerset-Olde Creek,Week1,247.5 Parklawn - 141.5 Somerset-Olde Creek
Parliament,Week2,Wakefield Chapel,Week1,310.0 Wakefield Chapel - 92.0 Parliament
Parliament,Week4,Wakefield Chapel,Week1,309.5 Wakefield Chapel - 92.5 Parliament
Pinecrest,Week4,Langley,Week5,212.5 Pinecrest - 189.5 Langley
Parliament,Week5,Little Rocky Run,Week5,285.0 Little Rocky Run - 112.0 Parliament
Parliament,Week4,Little Rocky Run,Week2,271.0 Little Rocky Run - 131.0 Parliament
Parliament,Week4,Little Rocky Run,Week1,285.0 Little Rocky Run - 117.0 Parliament
Parliament,Week1,Great Falls,Week4,216.0 Parliament - 170.0 Great Falls
Pinecrest,Week2,Langley,Week1,215.0 Pinecrest - 187.0 Langley
Parklawn,Week1,South Run,Week1,260.0 South Run - 124.0 Parklawn
Pinecrest,Week1,Langley,Week4,216.0 Langley - 186.0 Pinecrest
Pinecrest,Week1,Langley,Week1,208.0 Langley - 194.0 Pinecrest
Parliament,Week4,Wakefield Chapel,Week3,311.5 Wakefield Chapel - 90.5 Parliament
Parliament,Week5,Fox Mill Woods,Week4,244.0 Fox Mill Woods - 158.0 Parliament
Pinecrest,Week1,Langley,Week3,202.0 Langley - 200.0 Pinecrest
Parliament,Week1,Long Branch,Week2,255.0 Parliament - 146.0 Long Branch
Parklawn,Week1,South Run,Week2,254.0 South Run - 138.0 Parklawn
Parliament,Week1,Great Falls,Week2,201.0 Parliament - 182.0 Great Falls
Pinecrest,Week3,Langley,Week2,221.0 Pinecrest - 181.0 Langley
Parliament,Week5,Wakefield Chapel,Week3,299.0 Wakefield Chapel - 103.0 Parliament
Pinecrest,Week3,Langley,Week4,208.0 Pinecrest - 194.0 Langley
Parliament,Week1,Long Branch,Week3,262.0 Parliament - 140.0 Long Branch
Parklawn,Week1,South Run,Week4,269.0 South Run - 118.0 Parklawn
Parliament,Week1,Great Falls,Week5,204.0 Parliament - 191.0 Great Falls
Parklawn,Week1,South Run,Week5,282.0 South Run - 111.0 Parklawn
Parklawn,Week3,South Run,Week3,259.0 South Run - 139.0 Parklawn
Pinecrest,Week1,Langley,Week2,206.0 Pinecrest - 196.0 Langley
Parliament,Week4,Little Rocky Run,Week4,285.0 Little Rocky Run - 117.0 Parliament
Parklawn,Week3,Somerset-Olde Creek,Week4,249.0 Parklawn - 149.0 Somerset-Olde Creek
Parliament,Week2,Long Branch,Week5,222.0 Parliament - 180.0 Long Branch
Parliament,Week3,Walden Glen,Week2,222.5 Parliament - 177.5 Walden Glen
Parliament,Week4,Walden Glen,Week5,215.0 Walden Glen - 187.0 Parliament
Parklawn,Week2,South Run,Week2,227.0 South Run - 171.0 Parklawn
Pinecrest,Week2,Langley,Week3,218.5 Pinecrest - 183.5 Langley
Parliament,Week3,Great Falls,Week3,202.0 Great Falls - 200.0 Parliament
Parliament,Week1,Walden Glen,Week5,209.0 Parliament - 192.0 Walden Glen
Parliament,Week1,Waynewood,Week1,232.0 Waynewood - 170.0 Parliament
Parliament,Week2,Long Branch,Week2,237.0 Parliament - 164.0 Long Branch
Parliament,Week4,Great Falls,Week1,213.0 Parliament - 185.0 Great Falls
Pinecrest,Week3,Langley,Week3,214.0 Pinecrest - 188.0 Langley
Parliament,Week4,Little Rocky Run,Week3,302.5 Little Rocky Run - 99.5 Parliament
Parliament,Week2,Long Branch,Week1,222.0 Parliament - 174.0 Long Branch
Parliament,Week3,Great Falls,Week5,216.0 Great Falls - 186.0 Parliament
Parliament,Week5,Walden Glen,Week1,233.0 Parliament - 155.0 Walden Glen
Parliament,Week3,Walden Glen,Week4,202.0 Parliament - 200.0 Walden Glen
Parklawn,Week1,Springboard,Week1,209.0 Springboard - 183.0 Parklawn
Parklawn,Week3,South Run,Week2,242.0 South Run - 156.0 Parklawn
Parklawn,Week4,South Run,Week2,225.0 South Run - 168.0 Parklawn
Pinecrest,Week4,Langley,Week4,217.0 Pinecrest - 185.0 Langley
Parliament,Week2,Walden Glen,Week2,205.0 Parliament - 189.0 Walden Glen
Pinecrest,Week5,Langley,Week3,221.0 Pinecrest - 181.0 Langley
Parliament,Week2,Great Falls,Week1,211.0 Parliament - 182.0 Great Falls
Parliament,Week5,Little Rocky Run,Week1,270.0 Little Rocky Run - 132.0 Parliament
Parklawn,Week3,South Run,Week5,282.0 South Run - 119.0 Parklawn
Parliament,Week2,Walden Glen,Week4,211.0 Walden Glen - 185.0 Parliament
Parliament,Week3,Long Branch,Week1,247.0 Parliament - 155.0 Long Branch
Pinecrest,Week5,Lakeview,Week5,343.0 Pinecrest - 50.0 Lakeview
Pinecrest,Week1,Laurel Hill,Week2,325.0 Pinecrest - 77.0 Laurel Hill
Parliament,Week2,Long Branch,Week4,222.0 Parliament - 180.0 Long Branch
Parliament,Week5,Fox Mill Woods,Week5,243.0 Fox Mill Woods - 158.0 Parliament
Parliament,Week1,Walden Glen,Week2,237.0 Parliament - 153.0 Walden Glen
Pinecrest,Week1,Laurel Hill,Week3,306.5 Pinecrest - 94.5 Laurel Hill
Pinecrest,Week5,Langley,Week5,224.0 Pinecrest - 178.0 Langley
Parklawn,Week2,South Run,Week4,244.0 South Run - 154.0 Parklawn
Pinecrest,Week1,Laurel Hill,Week4,306.0 Pinecrest - 96.0 Laurel Hill
Parklawn,Week4,South Run,Week4,229.0 South Run - 169.0 Parklawn
Parliament,Week5,Wakefield Chapel,Week4,277.0 Wakefield Chapel - 125.0 Parliament
Parliament,Week5,Little Rocky Run,Week3,288.0 Little Rocky Run - 114.0 Parliament
Parliament,Week5,Wakefield Chapel,Week1,301.0 Wakefield Chapel - 101.0 Parliament
Parliament,Week1,Long Branch,Week5,242.0 Parliament - 160.0 Long Branch
Parklawn,Week4,South Run,Week1,232.0 South Run - 151.0 Parklawn
Parliament,Week5,Little Rocky Run,Week2,259.0 Little Rocky Run - 143.0 Parliament
Pinecrest,Week2,Lee Graham,Week1,214.0 Lee Graham - 188.0 Pinecrest
Parliament,Week2,Walden Glen,Week1,226.0 Parliament - 169.0 Walden Glen
Pinecrest,Week2,Laurel Hill,Week1,323.0 Pinecrest - 79.0 Laurel Hill
Parliament,Week5,Long Branch,Week1,236.0 Parliament - 161.0 Long Branch
Pinecrest,Week1,Lee Graham,Week2,226.0 Lee Graham - 176.0 Pinecrest
Parklawn,Week4,South Run,Week3,240.0 South Run - 158.0 Parklawn
Parklawn,Week2,Springboard,Week1,216.0 Parklawn - 175.0 Springboard
Parliament,Week2,Mansion House,Week5,250.0 Mansion House - 152.0 Parliament
Parliament,Week4,Long Branch,Week5,227.0 Parliament - 175.0 Long Branch
Parliament,Week1,Mansion House,Week3,221.0 Mansion House - 181.0 Parliament
Parklawn,Week2,Springboard,Week2,232.0 Parklawn - 159.0 Springboard
Parklawn,Week4,South Run,Week5,266.0 South Run - 135.0 Parklawn
Parliament,Week3,Walden Glen,Week1,248.0 Parliament - 153.0 Walden Glen
Parliament,Week2,Walden Glen,Week3,203.0 Parliament - 195.0 Walden Glen
Parliament,Week5,Mansion House,Week5,240.0 Mansion House - 162.0 Parliament
Pinecrest,Week2,Laurel Hill,Week2,350.0 Pinecrest - 52.0 Laurel Hill
Pinecrest,Week2,Laurel Hill,Week3,324.0 Pinecrest - 77.0 Laurel Hill
Pinecrest,Week2,Lee Graham,Week3,213.0 Lee Graham - 189.0 Pinecrest
Parliament,Week2,Mansion House,Week4,208.0 Mansion House - 185.0 Parliament
Parliament,Week3,Long Branch,Week5,232.0 Parliament - 170.0 Long Branch
Parklawn,Week5,South Run,Week2,224.0 South Run - 169.0 Parklawn
Parliament,Week2,Walden Glen,Week5,224.0 Walden Glen - 177.0 Parliament
Parliament,Week4,Long Branch,Week4,220.0 Parliament - 182.0 Long Branch
Pinecrest,Week5,Laurel Hill,Week3,322.0 Pinecrest - 80.0 Laurel Hill
Parklawn,Week5,South Run,Week1,229.0 South Run - 155.0 Parklawn
Pinecrest,Week2,Lee Graham,Week2,212.0 Lee Graham - 190.0 Pinecrest
Parklawn,Week3,Springboard,Week4,201.5 Parklawn - 196.5 Springboard
Parliament,Week1,Walden Glen,Week1,238.0 Parliament - 150.0 Walden Glen
Parliament,Week5,Wakefield Chapel,Week2,293.0 Wakefield Chapel - 109.0 Parliament
Parklawn,Week3,Springboard,Week3,200.0 Springboard - 193.0 Parklawn
Parliament,Week5,Mansion House,Week2,204.0 Mansion House - 193.0 Parliament
Parliament,Week4,Walden Glen,Week1,230.0 Parliament - 163.0 Walden Glen
Parklawn,Week1,Springboard,Week3,204.0 Springboard - 184.0 Parklawn
Pinecrest,Week2,Lee Graham,Week4,204.0 Lee Graham - 198.0 Pinecrest
Parklawn,Week5,South Run,Week5,266.0 South Run - 135.0 Parklawn
Parliament,Week1,Walden Glen,Week4,223.0 Parliament - 173.0 Walden Glen
Parklawn,Week3,South Run,Week1,253.0 South Run - 136.0 Parklawn
Parliament,Week4,Long Branch,Week2,241.0 Parliament - 161.0 Long Branch
Pinecrest,Week4,Laurel Hill,Week5,303.0 Pinecrest - 99.0 Laurel Hill
Pinecrest,Week1,Lee Graham,Week5,242.0 Lee Graham - 160.0 Pinecrest
Parliament,Week3,Walden Glen,Week3,222.0 Parliament - 180.0 Walden Glen
Parliament,Week3,Walden Glen,Week5,222.0 Walden Glen - 180.0 Parliament
Parliament,Week5,Wakefield Chapel,Week5,307.0 Wakefield Chapel - 95.0 Parliament
Parliament,Week1,Mansion House,Week1,200.0 Mansion House - 197.0 Parliament
Parliament,Week1,Walden Glen,Week3,231.0 Parliament - 169.0 Walden Glen
Parklawn,Week2,Springboard,Week5,205.0 Parklawn - 188.0 Springboard
Parliament,Week5,Long Branch,Week3,250.0 Parliament - 152.0 Long Branch
Pinecrest,Week3,Lee Graham,Week1,206.0 Lee Graham - 196.0 Pinecrest
Parklawn,Week2,South Run,Week5,279.0 South Run - 122.0 Parklawn
Pinecrest,Week3,Lee Graham,Week2,209.0 Pinecrest - 193.0 Lee Graham
Pinecrest,Week5,Laurel Hill,Week5,295.0 Pinecrest - 107.0 Laurel Hill
Pinecrest,Week2,Lee Graham,Week5,226.0 Lee Graham - 176.0 Pinecrest
Parliament,Week5,Walden Glen,Week4,210.0 Parliament - 187.0 Walden Glen
Parliament,Week5,Long Branch,Week4,228.0 Parliament - 174.0 Long Branch
Parklawn,Week3,Springboard,Week5,197.0 Parklawn - 196.0 Springboard
Parliament,Week3,Mansion House,Week2,212.0 Mansion House - 190.0 Parliament
Parliament,Week5,Long Branch,Week5,231.5 Parliament - 170.5 Long Branch
Parliament,Week2,Mansion House,Week3,230.0 Mansion House - 172.0 Parliament
Parliament,Week5,Walden Glen,Week3,223.0 Parliament - 178.0 Walden Glen
Parliament,Week4,Walden Glen,Week4,202.0 Parliament - 195.0 Walden Glen
Parklawn,Week5,South Run,Week4,221.0 South Run - 176.0 Parklawn
Parliament,Week4,Walden Glen,Week2,218.0 Parliament - 178.0 Walden Glen
Pinecrest,Week5,Laurel Hill,Week1,312.0 Pinecrest - 90.0 Laurel Hill
Parklawn,Week5,South Run,Week3,235.0 South Run - 163.0 Parklawn
Parliament,Week4,Walden Glen,Week3,218.5 Parliament - 182.5 Walden Glen
Parklawn,Week4,Springboard,Week1,224.0 Parklawn - 168.0 Springboard
Parliament,Week5,Walden Glen,Week2,217.0 Parliament - 178.0 Walden Glen
Pinecrest,Week3,Laurel Hill,Week2,349.0 Pinecrest - 53.0 Laurel Hill
Parliament,Week3,Mansion House,Week3,235.0 Mansion House - 167.0 Parliament
Pinecrest,Week4,Laurel Hill,Week2,342.0 Pinecrest - 60.0 Laurel Hill
Parliament,Week1,Waynewood,Week2,237.0 Waynewood - 165.0 Parliament
Parliament,Week2,Waynewood,Week1,256.0 Waynewood - 145.0 Parliament
Pinecrest,Week3,Laurel Hill,Week1,323.0 Pinecrest - 79.0 Laurel Hill
Parklawn,Week1,Springboard,Week5,214.0 Springboard - 179.0 Parklawn
Parliament,Week1,Waynewood,Week5,245.0 Waynewood - 157.0 Parliament
Parliament,Week4,Mansion House,Week4,208.0 Mansion House - 188.0 Parliament
Parklawn,Week2,Springboard,Week3,216.5 Parklawn - 176.5 Springboard
Parliament,Week4,Mansion House,Week3,242.0 Mansion House - 160.0 Parliament
Parliament,Week5,Walden Glen,Week5,202.0 Parliament - 200.0 Walden Glen
Parklawn,Week3,South Run,Week4,254.0 South Run - 144.0 Parklawn
Pinecrest,Week4,Laurel Hill,Week3,326.5 Pinecrest - 75.5 Laurel Hill
Parklawn,Week1,Springboard,Week2,196.0 Parklawn - 190.0 Springboard
Parliament,Week4,Mansion House,Week1,226.0 Mansion House - 171.0 Parliament
Pinecrest,Week5,Laurel Hill,Week2,335.0 Pinecrest - 62.0 Laurel Hill
Parliament,Week2,Mansion House,Week1,217.0 Mansion House - 180.0 Parliament
Parliament,Week1,Mansion House,Week2,206.0 Parliament - 191.0 Mansion House
Pinecrest,Week5,Laurel Hill,Week4,318.0 Pinecrest - 84.0 Laurel Hill
Parklawn,Week3,Springboard,Week2,214.0 Parklawn - 179.0 Springboard
Parklawn,Week1,Springboard,Week4,212.0 Springboard - 180.0 Parklawn
Pinecrest,Week3,Laurel Hill,Week3,337.0 Pinecrest - 65.0 Laurel Hill
Parklawn,Week4,Springboard,Week2,229.5 Parklawn - 159.5 Springboard
Pinecrest,Week3,Laurel Hill,Week4,335.0 Pinecrest - 67.0 Laurel Hill
Parliament,Week1,Waynewood,Week4,225.0 Waynewood - 177.0 Parliament
Parliament,Week4,Somerset-Olde Creek,Week4,290.0 Parliament - 110.0 Somerset-Olde Creek
Parliament,Week3,Mansion House,Week5,240.0 Mansion House - 162.0 Parliament
Parliament,Week4,Mansion House,Week2,217.0 Mansion House - 180.0 Parliament
Parliament,Week3,Mansion House,Week1,206.5 Mansion House - 195.5 Parliament
Parklawn,Week2,Springboard,Week4,230.0 Parklawn - 167.0 Springboard
Pinecrest,Week1,Lee Graham,Week1,228.0 Lee Graham - 174.0 Pinecrest
Parliament,Week1,Waynewood,Week3,258.0 Waynewood - 144.0 Parliament
Pinecrest,Week5,Newington Forest,Week5,302.0 Pinecrest - 100.0 Newington Forest
Parliament,Week1,Somerset-Olde Creek,Week4,296.0 Parliament - 100.0 Somerset-Olde Creek
Pinecrest,Week1,Lee Graham,Week4,217.0 Lee Graham - 185.0 Pinecrest
Parklawn,Week3,Sleepy Hollow Rec,Week1,202.0 Sleepy Hollow Rec - 200.0 Parklawn
Parklawn,Week1,Sleepy Hollow Rec,Week3,236.0 Sleepy Hollow Rec - 157.0 Parklawn
Parliament,Week3,Somerset-Olde Creek,Week4,298.5 Parliament - 103.5 Somerset-Olde Creek
Parklawn,Week5,Sleepy Hollow B & R,Week3,301.0 Sleepy Hollow B & R - 101.0 Parklawn
Parliament,Week1,Mansion House,Week4,202.0 Parliament - 193.0 Mansion House
Parklawn,Week3,Sleepy Hollow B & R,Week1,287.0 Sleepy Hollow B & R - 115.0 Parklawn
Pinecrest,Week2,Hiddenbrook,Week3,302.0 Pinecrest - 100.0 Hiddenbrook
Parliament,Week2,Mansion House,Week2,213.0 Mansion House - 184.0 Parliament
Parklawn,Week4,Sleepy Hollow B & R,Week5,311.0 Sleepy Hollow B & R - 90.0 Parklawn
Parliament,Week1,South Run,Week4,217.0 Parliament - 184.0 South Run
Pinecrest,Week1,North Springfield,Week4,331.0 Pinecrest - 61.0 North Springfield
Pinecrest,Week2,Laurel Hill,Week5,301.0 Pinecrest - 101.0 Laurel Hill
Pinecrest,Week1,High Point Pool,Week4,209.0 High Point Pool - 193.0 Pinecrest
Pinecrest,Week2,Hiddenbrook,Week4,290.0 Pinecrest - 112.0 Hiddenbrook
Parliament,Week4,Somerset-Olde Creek,Week1,283.0 Parliament - 108.0 Somerset-Olde Creek
Parliament,Week5,Mansion House,Week1,210.0 Mansion House - 187.0 Parliament
Parliament,Week5,Mansion House,Week3,237.0 Mansion House - 165.0 Parliament
Parklawn,Week4,Sleepy Hollow Rec,Week1,225.0 Parklawn - 172.0 Sleepy Hollow Rec
Parliament,Week1,Somerset-Olde Creek,Week2,293.0 Parliament - 97.0 Somerset-Olde Creek
Parliament,Week1,Mantua,Week3,272.5 Mantua - 129.5 Parliament
Parliament,Week5,Somerset-Olde Creek,Week2,290.0 Parliament - 101.0 Somerset-Olde Creek
Pinecrest,Week2,Hiddenbrook,Week2,338.0 Pinecrest - 64.0 Hiddenbrook
Parliament,Week1,Mantua,Week2,232.0 Mantua - 166.0 Parliament
Parklawn,Week4,Sleepy Hollow B & R,Week3,301.0 Sleepy Hollow B & R - 100.0 Parklawn
Parliament,Week2,South Run,Week5,250.0 South Run - 152.0 Parliament
Parklawn,Week4,Sleepy Hollow Rec,Week3,206.0 Parklawn - 195.0 Sleepy Hollow Rec
Parliament,Week5,Mansion House,Week4,204.0 Mansion House - 191.0 Parliament
Parliament,Week5,Somerset-Olde Creek,Week1,287.0 Parliament - 102.0 Somerset-Olde Creek
Parliament,Week1,Mantua,Week1,242.0 Mantua - 150.0 Parliament
Pinecrest,Week3,Laurel Hill,Week5,302.0 Pinecrest - 100.0 Laurel Hill
Parliament,Week4,Somerset-Olde Creek,Week3,300.0 Parliament - 93.0 Somerset-Olde Creek
Parliament,Week3,Somerset-Olde Creek,Week2,303.0 Parliament - 98.0 Somerset-Olde Creek
Parliament,Week3,Mansion House,Week4,209.0 Mansion House - 193.0 Parliament
Parliament,Week1,Mansion House,Week5,231.0 Mansion House - 170.0 Parliament
Pinecrest,Week1,Lee Graham,Week3,230.0 Lee Graham - 172.0 Pinecrest
Pinecrest,Week4,Newington Forest,Week2,335.0 Pinecrest - 67.0 Newington Forest
Parklawn,Week3,Springboard,Week1,201.0 Parklawn - 192.0 Springboard
Pinecrest,Week4,Laurel Hill,Week1,320.0 Pinecrest - 82.0 Laurel Hill
Parklawn,Week5,Sleepy Hollow B & R,Week1,277.0 Sleepy Hollow B & R - 125.0 Parklawn
Pinecrest,Week4,Laurel Hill,Week4,330.0 Pinecrest - 72.0 Laurel Hill
Parliament,Week4,Mansion House,Week5,242.0 Mansion House - 160.0 Parliament
Parliament,Week1,South Run,Week2,202.0 Parliament - 200.0 South Run
Parliament,Week4,Mantua,Week5,287.0 Mantua - 115.0 Parliament
Pinecrest,Week4,Hiddenbrook,Week1,313.0 Pinecrest - 89.0 Hiddenbrook
Pinecrest,Week3,Newington Forest,Week1,331.0 Pinecrest - 71.0 Newington Forest
Pinecrest,Week3,Newington Forest,Week3,326.0 Pinecrest - 76.0 Newington Forest
Parliament,Week1,Mantua,Week4,248.0 Mantua - 154.0 Parliament
Pinecrest,Week2,North Springfield,Week4,331.0 Pinecrest - 61.0 North Springfield
Parliament,Week3,South Run,Week2,201.0 Parliament - 201.0 South Run
Parklawn,Week5,Sleepy Hollow B & R,Week4,303.0 Sleepy Hollow B & R - 99.0 Parklawn
Parliament,Week2,Somerset-Olde Creek,Week3,288.0 Parliament - 99.0 Somerset-Olde Creek
Parklawn,Week1,Sleepy Hollow Rec,Week5,232.0 Sleepy Hollow Rec - 161.0 Parklawn
Pinecrest,Week3,Hiddenbrook,Week2,343.0 Pinecrest - 59.0 Hiddenbrook
Pinecrest,Week5,Newington Forest,Week1,329.0 Pinecrest - 69.0 Newington Forest
Parklawn,Week5,Sleepy Hollow Rec,Week5,208.0 Parklawn - 192.0 Sleepy Hollow Rec
Parliament,Week3,Mantua,Week1,264.0 Mantua - 138.0 Parliament
Parklawn,Week5,Sleepy Hollow B & R,Week2,283.0 Sleepy Hollow B & R - 118.0 Parklawn
Parliament,Week1,Somerset-Olde Creek,Week3,303.0 Parliament - 86.0 Somerset-Olde Creek
Pinecrest,Week3,North Springfield,Week3,333.0 Pinecrest - 64.0 North Springfield
Parklawn,Week4,Sleepy Hollow B & R,Week4,294.0 Sleepy Hollow B & R - 108.0 Parklawn
Pinecrest,Week2,Hiddenbrook,Week5,306.0 Pinecrest - 96.0 Hiddenbrook
Pinecrest,Week3,Hiddenbrook,Week1,324.0 Pinecrest - 78.0 Hiddenbrook
Pinecrest,Week3,Hiddenbrook,Week3,303.0 Pinecrest - 99.0 Hiddenbrook
Parliament,Week1,Somerset-Olde Creek,Week1,286.0 Parliament - 99.0 Somerset-Olde Creek
Parliament,Week5,Sleepy Hollow Rec,Week5,236.0 Parliament - 165.0 Sleepy Hollow Rec
Parliament,Week1,McLean,Week3,248.0 McLean - 149.0 Parliament
Parklawn,Week2,Sleepy Hollow Rec,Week3,209.0 Sleepy Hollow Rec - 193.0 Parklawn
Parliament,Week2,McLean,Week5,285.0 McLean - 117.0 Parliament
Pinecrest,Week1,North Springfield,Week3,307.0 Pinecrest - 90.0 North Springfield
Parliament,Week3,Mantua,Week3,288.0 Mantua - 114.0 Parliament
Pinecrest,Week4,Hiddenbrook,Week4,295.0 Pinecrest - 107.0 Hiddenbrook
Parklawn,Week2,Rolling Valley,Week2,230.0 Parklawn - 172.0 Rolling Valley
Parliament,Week5,Mantua,Week3,290.0 Mantua - 112.0 Parliament
Parklawn,Week2,Rutherford,Week1,206.0 Parklawn - 191.0 Rutherford
Parliament,Week2,Mantua,Week3,295.0 Mantua - 107.0 Parliament
Pinecrest,Week1,North Springfield,Week5,290.0 Pinecrest - 83.0 North Springfield
Pinecrest,Week5,Newington Forest,Week3,317.0 Pinecrest - 85.0 Newington Forest
Parklawn,Week5,Rolling Valley,Week1,254.0 Parklawn - 147.0 Rolling Valley
Parliament,Week2,McLean,Week1,281.0 McLean - 121.0 Parliament
Parliament,Week2,Mantua,Week1,263.0 Mantua - 130.0 Parliament
Pinecrest,Week3,Newington Forest,Week5,310.0 Pinecrest - 92.0 Newington Forest
Pinecrest,Week2,North Springfield,Week1,311.0 Pinecrest - 40.0 North Springfield
Pinecrest,Week5,Newington Forest,Week4,313.0 Pinecrest - 84.0 Newington Forest
Parklawn,Week2,Sleepy Hollow Rec,Week2,205.0 Parklawn - 196.0 Sleepy Hollow Rec
Parklawn,Week4,Sleepy Hollow B & R,Week1,262.0 Sleepy Hollow B & R - 140.0 Parklawn
Pinecrest,Week5,Hiddenbrook,Week2,330.0 Pinecrest - 72.0 Hiddenbrook
Parliament,Week3,Somerset-Olde Creek,Week1,298.0 Parliament - 102.0 Somerset-Olde Creek
Parliament,Week2,Somerset-Olde Creek,Week1,273.0 Parliament - 114.0 Somerset-Olde Creek
Parliament,Week5,Sleepy Hollow Rec,Week4,252.0 Parliament - 150.0 Sleepy Hollow Rec
Parliament,Week2,Somerset-Olde Creek,Week5,265.0 Parliament - 128.0 Somerset-Olde Creek
Parklawn,Week3,Sleepy Hollow B & R,Week4,318.0 Sleepy Hollow B & R - 84.0 Parklawn
Parklawn,Week1,Sleepy Hollow Rec,Week4,222.0 Sleepy Hollow Rec - 171.0 Parklawn
Pinecrest,Week4,Hiddenbrook,Week3,301.0 Pinecrest - 101.0 Hiddenbrook
Parklawn,Week3,Rolling Valley,Week4,218.0 Parklawn - 183.0 Rolling Valley
Pinecrest,Week4,Hiddenbrook,Week5,304.0 Pinecrest - 98.0 Hiddenbrook
Parliament,Week1,Somerset-Olde Creek,Week5,285.0 Parliament - 108.0 Somerset-Olde Creek
Pinecrest,Week4,Hiddenbrook,Week2,338.0 Pinecrest - 64.0 Hiddenbrook
Pinecrest,Week1,North Springfield,Week1,307.0 Pinecrest - 44.0 North Springfield
Parliament,Week4,Somerset-Olde Creek,Week2,286.0 Parliament - 109.0 Somerset-Olde Creek
Parliament,Week4,Somerset-Olde Creek,Week5,278.0 Parliament - 119.0 Somerset-Olde Creek
Pinecrest,Week3,Hayfield Farm,Week3,265.0 Pinecrest - 137.0 Hayfield Farm
Parklawn,Week3,Sleepy Hollow B & R,Week3,320.0 Sleepy Hollow B & R - 82.0 Parklawn
Parklawn,Week5,Rolling Valley,Week4,221.0 Parklawn - 180.0 Rolling Valley
Parliament,Week2,Somerset-Olde Creek,Week4,277.0 Parliament - 121.0 Somerset-Olde Creek
Parklawn,Week4,Rolling Valley,Week1,258.0 Parklawn - 143.0 Rolling Valley
Parliament,Week3,Mantua,Week2,258.0 Mantua - 144.0 Parliament
Parliament,Week3,Somerset-Olde Creek,Week5,285.0 Parliament - 116.0 Somerset-Olde Creek
Parklawn,Week3,Sleepy Hollow B & R,Week5,330.0 Sleepy Hollow B & R - 72.0 Parklawn
Parliament,Week3,Somerset-Olde Creek,Week3,312.0 Parliament - 88.0 Somerset-Olde Creek
Pinecrest,Week5,Hiddenbrook,Week1,302.0 Pinecrest - 99.0 Hiddenbrook
Pinecrest,Week4,Newington Forest,Week1,338.0 Pinecrest - 64.0 Newington Forest
Parklawn,Week1,Sleepy Hollow Rec,Week1,220.0 Sleepy Hollow Rec - 173.0 Parklawn
Pinecrest,Week2,Newington Forest,Week4,320.5 Pinecrest - 81.5 Newington Forest
Parklawn,Week2,Sleepy Hollow Rec,Week4,207.0 Parklawn - 195.0 Sleepy Hollow Rec
Pinecrest,Week3,Newington Forest,Week2,336.0 Pinecrest - 66.0 Newington Forest
Parliament,Week5,Somerset-Olde Creek,Week3,301.0 Parliament - 90.0 Somerset-Olde Creek
Parklawn,Week2,Sleepy Hollow Rec,Week1,213.0 Parklawn - 189.0 Sleepy Hollow Rec
Pinecrest,Week5,Hiddenbrook,Week4,296.0 Pinecrest - 106.0 Hiddenbrook
Parliament,Week2,Mantua,Week4,279.0 Mantua - 123.0 Parliament
Pinecrest,Week2,Newington Forest,Week2,334.0 Pinecrest - 66.0 Newington Forest
Pinecrest,Week5,Hiddenbrook,Week5,301.0 Pinecrest - 101.0 Hiddenbrook
Parklawn,Week1,Rutherford,Week5,239.0 Rutherford - 154.0 Parklawn
Pinecrest,Week4,Newington Forest,Week3,323.0 Pinecrest - 79.0 Newington Forest
Parliament,Week5,Mantua,Week2,254.0 Mantua - 144.0 Parliament
Parklawn,Week5,Rolling Valley,Week2,242.0 Parklawn - 160.0 Rolling Valley
Pinecrest,Week5,Hiddenbrook,Week3,302.0 Pinecrest - 95.0 Hiddenbrook
Parklawn,Week1,Sleepy Hollow Rec,Week2,227.0 Sleepy Hollow Rec - 166.0 Parklawn
Pinecrest,Week2,Newington Forest,Week5,314.0 Pinecrest - 88.0 Newington Forest
Parklawn,Week4,Sleepy Hollow B & R,Week2,283.0 Sleepy Hollow B & R - 118.0 Parklawn
Parliament,Week2,Somerset-Olde Creek,Week2,282.0 Parliament - 110.0 Somerset-Olde Creek
Pinecrest,Week1,High Point Pool,Week1,205.0 Pinecrest - 197.0 High Point Pool
Pinecrest,Week4,Hayfield Farm,Week5,272.0 Pinecrest - 130.0 Hayfield Farm
Parliament,Week4,Mantua,Week2,258.0 Mantua - 143.0 Parliament
Pinecrest,Week4,Hayfield Farm,Week3,252.0 Pinecrest - 150.0 Hayfield Farm
Parklawn,Week2,Rolling Valley,Week3,225.0 Parklawn - 177.0 Rolling Valley
Parliament,Week4,Mantua,Week3,294.0 Mantua - 108.0 Parliament
Parklawn,Week4,Rolling Valley,Week3,214.0 Parklawn - 183.0 Rolling Valley
Parliament,Week4,Mantua,Week4,263.0 Mantua - 139.0 Parliament
Pinecrest,Week1,High Point Pool,Week2,203.5 High Point Pool - 198.5 Pinecrest
Parliament,Week3,Mantua,Week4,257.0 Mantua - 145.0 Parliament
Parklawn,Week5,Rolling Valley,Week3,228.0 Parklawn - 169.0 Rolling Valley
Pinecrest,Week1,Highland Park,Week1,233.0 Pinecrest - 169.0 Highland Park
Parklawn,Week4,Rolling Valley,Week4,237.0 Parklawn - 163.0 Rolling Valley
Parliament,Week3,Mantua,Week5,287.0 Mantua - 115.0 Parliament
Parklawn,Week5,Sleepy Hollow B & R,Week5,312.0 Sleepy Hollow B & R - 90.0 Parklawn
Parklawn,Week1,Rutherford,Week4,241.0 Rutherford - 152.0 Parklawn
Parklawn,Week2,Sleepy Hollow Rec,Week5,212.0 Sleepy Hollow Rec - 189.0 Parklawn
Parklawn,Week3,Sleepy Hollow B & R,Week2,307.0 Sleepy Hollow B & R - 94.0 Parklawn
Pinecrest,Week4,Newington Forest,Week5,311.0 Pinecrest - 91.0 Newington Forest
Pinecrest,Week1,Hayfield Farm,Week1,277.0 Pinecrest - 125.0 Hayfield Farm
Pinecrest,Week4,Newington Forest,Week4,318.0 Pinecrest - 84.0 Newington Forest
Parliament,Week5,Somerset-Olde Creek,Week4,289.0 Parliament - 108.0 Somerset-Olde Creek
Pinecrest,Week3,Hiddenbrook,Week5,306.0 Pinecrest - 96.0 Hiddenbrook
Parliament,Week5,Somerset-Olde Creek,Week5,279.0 Parliament - 115.0 Somerset-Olde Creek
Parliament,Week5,Mantua,Week5,281.0 Mantua - 120.0 Parliament
Pinecrest,Week4,Hayfield Farm,Week1,298.0 Pinecrest - 104.0 Hayfield Farm
Parliament,Week2,Mantua,Week5,288.0 Mantua - 114.0 Parliament
Pinecrest,Week5,High Point Pool,Week1,218.0 Pinecrest - 184.0 High Point Pool
Pinecrest,Week3,Hiddenbrook,Week4,304.0 Pinecrest - 98.0 Hiddenbrook
Parliament,Week1,South Run,Week1,199.5 South Run - 193.5 Parliament
Pinecrest,Week2,Newington Forest,Week3,325.0 Pinecrest - 77.0 Newington Forest
Parliament,Week1,South Run,Week3,201.0 Parliament - 201.0 South Run
Parklawn,Week3,Sleepy Hollow Rec,Week2,220.0 Sleepy Hollow Rec - 181.0 Parklawn
Parklawn,Week2,Rolling Valley,Week5,207.0 Parklawn - 195.0 Rolling Valley
Pinecrest,Week1,Highland Park,Week5,245.0 Pinecrest - 157.0 Highland Park
Pinecrest,Week5,Hamlet,Week4,205.5 Hamlet - 196.5 Pinecrest
Parliament,Week5,Mantua,Week4,261.0 Mantua - 141.0 Parliament
Parliament,Week1,McLean,Week1,252.0 McLean - 150.0 Parliament
Pinecrest,Week5,Newington Forest,Week2,324.0 Pinecrest - 74.0 Newington Forest
Parliament,Week2,South Run,Week1,215.0 South Run - 177.0 Parliament
Pinecrest,Week1,High Point Pool,Week3,216.5 Pinecrest - 185.5 High Point Pool
Pinecrest,Week2,Hayfield Farm,Week3,268.0 Pinecrest - 134.0 Hayfield Farm
Pinecrest,Week2,Hayfield Farm,Week1,277.0 Pinecrest - 125.0 Hayfield Farm
Pinecrest,Week2,Newington Forest,Week1,334.0 Pinecrest - 67.0 Newington Forest
Pinecrest,Week3,Newington Forest,Week4,314.0 Pinecrest - 88.0 Newington Forest
Parklawn,Week3,Sleepy Hollow Rec,Week4,208.0 Sleepy Hollow Rec - 194.0 Parklawn
Pinecrest,Week3,Hayfield Farm,Week2,279.0 Pinecrest - 123.0 Hayfield Farm
Parliament,Week2,Mantua,Week2,261.0 Mantua - 141.0 Parliament
Pinecrest,Week1,Hayfield Farm,Week3,235.0 Pinecrest - 167.0 Hayfield Farm
Parliament,Week1,Mantua,Week5,267.0 Mantua - 134.0 Parliament
Parklawn,Week3,Sleepy Hollow Rec,Week5,226.0 Sleepy Hollow Rec - 175.0 Parklawn
Parklawn,Week4,Sleepy Hollow Rec,Week2,213.0 Parklawn - 187.0 Sleepy Hollow Rec
Pinecrest,Week2,High Point Pool,Week3,241.0 Pinecrest - 161.0 High Point Pool
Pinecrest,Week1,North Springfield,Week2,311.0 Pinecrest - 77.0 North Springfield
Parliament,Week2,South Run,Week2,218.0 South Run - 183.0 Parliament
Parklawn,Week5,Rolling Valley,Week5,216.0 Parklawn - 186.0 Rolling Valley
Pinecrest,Week2,North Springfield,Week2,330.0 Pinecrest - 58.0 North Springfield
Parliament,Week1,South Run,Week5,211.0 South Run - 191.0 Parliament
Pinecrest,Week2,High Point Pool,Week2,216.5 Pinecrest - 185.5 High Point Pool
Pinecrest,Week2,Hiddenbrook,Week1,320.0 Pinecrest - 82.0 Hiddenbrook
Parliament,Week5,Mantua,Week1,264.0 Mantua - 128.0 Parliament
Pinecrest,Week4,Hayfield Farm,Week2,287.0 Pinecrest - 115.0 Hayfield Farm
Parklawn,Week1,Rutherford,Week2,231.0 Rutherford - 162.0 Parklawn
Parklawn,Week4,Rolling Valley,Week5,222.0 Parklawn - 180.0 Rolling Valley
Parklawn,Week3,Sleepy Hollow Rec,Week3,217.5 Sleepy Hollow Rec - 184.5 Parklawn
Parliament,Week2,South Run,Week3,226.0 South Run - 175.0 Parliament
Parklawn,Week1,Rutherford,Week3,229.0 Rutherford - 164.0 Parklawn
Pinecrest,Week2,North Springfield,Week5,298.5 Pinecrest - 74.5 North Springfield
Parliament,Week2,Springboard,Week1,259.0 Parliament - 138.0 Springboard
Parliament,Week1,Springboard,Week1,277.0 Parliament - 120.0 Springboard
Parklawn,Week4,Sleepy Hollow Rec,Week4,219.0 Parklawn - 182.0 Sleepy Hollow Rec
Pinecrest,Week3,North Springfield,Week2,333.0 Pinecrest - 55.0 North Springfield
Pinecrest,Week5,Hamlet,Week1,216.0 Hamlet - 185.0 Pinecrest
Parliament,Week2,McLean,Week3,291.0 McLean - 106.0 Parliament
Pinecrest,Week4,Hamlet,Week4,207.5 Pinecrest - 194.5 Hamlet
Parklawn,Week4,Rolling Valley,Week2,238.0 Parklawn - 163.0 Rolling Valley
Parliament,Week4,Mantua,Week1,262.0 Mantua - 133.0 Parliament
Pinecrest,Week3,North Springfield,Week1,323.0 Pinecrest - 28.0 North Springfield
Parliament,Week2,McLean,Week2,294.0 McLean - 108.0 Parliament
Parklawn,Week3,Rolling Valley,Week5,206.5 Parklawn - 195.5 Rolling Valley
Parliament,Week5,South Run,Week2,208.0 Parliament - 194.0 South Run
Parklawn,Week5,Sleepy Hollow Rec,Week3,206.0 Parklawn - 196.0 Sleepy Hollow Rec
Parliament,Week1,McLean,Week4,249.0 McLean - 152.0 Parliament
Parklawn,Week4,Sleepy Hollow Rec,Week5,202.0 Sleepy Hollow Rec - 199.0 Parklawn
Pinecrest,Week5,Hamlet,Week3,224.0 Hamlet - 178.0 Pinecrest
Pinecrest,Week2,Oakton ,Week3,202.5 Pinecrest - 199.5 Oakton
Parklawn,Week3,Pinewood Lake,Week5,311.0 Parklawn - 86.0 Pinewood Lake
Parklawn,Week3,Rolling Valley,Week3,217.0 Parklawn - 185.0 Rolling Valley
Pinecrest,Week3,High Point Pool,Week2,243.0 Pinecrest - 159.0 High Point Pool
Pinecrest,Week2,Hayfield Farm,Week4,272.0 Pinecrest - 130.0 Hayfield Farm
Pinecrest,Week3,High Point Pool,Week5,234.0 Pinecrest - 168.0 High Point Pool
Pinecrest,Week4,Hamlet,Week5,246.0 Hamlet - 156.0 Pinecrest
Parliament,Week3,South Run,Week1,210.0 South Run - 183.0 Parliament
Parklawn,Week2,Rolling Valley,Week4,203.0 Parklawn - 198.0 Rolling Valley
Parklawn,Week2,Rutherford,Week2,206.0 Rutherford - 192.0 Parklawn
Pinecrest,Week2,High Point Pool,Week5,235.0 Pinecrest - 167.0 High Point Pool
Pinecrest,Week1,Oakton ,Week1,218.0 Oakton - 184.0 Pinecrest
Parliament,Week1,McLean,Week5,270.0 McLean - 132.0 Parliament
Pinecrest,Week3,High Point Pool,Week4,240.0 Pinecrest - 162.0 High Point Pool
Parliament,Week2,South Run,Week4,212.0 South Run - 186.0 Parliament
Parklawn,Week5,Sleepy Hollow Rec,Week1,225.0 Parklawn - 172.0 Sleepy Hollow Rec
Parklawn,Week3,Rolling Valley,Week1,247.0 Parklawn - 154.0 Rolling Valley
Parklawn,Week5,Sleepy Hollow Rec,Week4,210.0 Parklawn - 192.0 Sleepy Hollow Rec
Pinecrest,Week4,High Point Pool,Week1,229.0 Pinecrest - 173.0 High Point Pool
Parliament,Week3,South Run,Week5,241.0 South Run - 161.0 Parliament
Pinecrest,Week2,North Springfield,Week3,329.0 Pinecrest - 68.0 North Springfield
Parklawn,Week1,Pinewood Lake,Week4,281.0 Parklawn - 87.0 Pinewood Lake
Pinecrest,Week3,High Point Pool,Week1,245.0 Pinecrest - 157.0 High Point Pool
Pinecrest,Week1,Hayfield Farm,Week4,238.0 Pinecrest - 164.0 Hayfield Farm
Parklawn,Week5,Sleepy Hollow Rec,Week2,211.0 Parklawn - 189.0 Sleepy Hollow Rec
Parklawn,Week3,Rolling Valley,Week2,223.0 Parklawn - 179.0 Rolling Valley
Parliament,Week1,McLean,Week2,269.0 McLean - 133.0 Parliament
Parliament,Week3,McLean,Week1,273.0 McLean - 129.0 Parliament
Pinecrest,Week5,Hamlet,Week2,235.0 Hamlet - 167.0 Pinecrest
Parliament,Week3,McLean,Week2,279.0 McLean - 123.0 Parliament
Parliament,Week1,Springboard,Week2,292.0 Parliament - 99.0 Springboard
Parklawn,Week4,Pinewood Lake,Week5,310.0 Parklawn - 78.0 Pinewood Lake
Parliament,Week2,McLean,Week4,276.0 McLean - 125.0 Parliament
Pinecrest,Week3,Oakton ,Week4,206.0 Pinecrest - 196.0 Oakton
Parliament,Week3,South Run,Week4,211.0 South Run - 191.0 Parliament
Parklawn,Week1,Somerset-Olde Creek,Week1,213.0 Parklawn - 174.0 Somerset-Olde Creek
Pinecrest,Week1,High Point Pool,Week5,202.0 Pinecrest - 200.0 High Point Pool
Pinecrest,Week4,High Point Pool,Week2,219.0 Pinecrest - 183.0 High Point Pool
Parklawn,Week1,Somerset-Olde Creek,Week2,243.0 Parklawn - 148.0 Somerset-Olde Creek
Pinecrest,Week3,North Springfield,Week4,345.0 Pinecrest - 47.0 North Springfield
Pinecrest,Week4,High Point Pool,Week4,226.0 Pinecrest - 176.0 High Point Pool
Pinecrest,Week4,High Point Pool,Week3,242.0 Pinecrest - 160.0 High Point Pool
Pinecrest,Week5,Hamlet,Week5,239.0 Hamlet - 163.0 Pinecrest
Parklawn,Week1,Somerset-Olde Creek,Week3,235.0 Parklawn - 155.0 Somerset-Olde Creek
Parliament,Week2,Springboard,Week3,255.0 Parliament - 146.0 Springboard
Parliament,Week2,Springboard,Week2,275.0 Parliament - 121.0 Springboard
Parklawn,Week1,Rutherford,Week1,223.0 Rutherford - 169.0 Parklawn
Pinecrest,Week3,Oakton ,Week2,202.0 Pinecrest - 200.0 Oakton
Parklawn,Week1,Pinewood Lake,Week5,277.0 Parklawn - 100.0 Pinewood Lake
Parklawn,Week2,Pinewood Lake,Week2,329.0 Parklawn - 63.0 Pinewood Lake
Pinecrest,Week4,Hamlet,Week2,221.0 Hamlet - 181.0 Pinecrest
Parliament,Week4,McLean,Week1,278.0 McLean - 124.0 Parliament
Parliament,Week4,McLean,Week3,279.0 McLean - 118.0 Parliament
Pinecrest,Week1,Oakton ,Week4,227.0 Oakton - 175.0 Pinecrest
Parklawn,Week5,Pinewood Lake,Week2,317.0 Parklawn - 73.0 Pinewood Lake
Pinecrest,Week5,High Point Pool,Week2,227.0 Pinecrest - 175.0 High Point Pool
Pinecrest,Week4,High Point Pool,Week5,234.0 Pinecrest - 168.0 High Point Pool
Parliament,Week2,Springboard,Week5,251.0 Parliament - 148.0 Springboard
Parliament,Week3,McLean,Week4,269.0 McLean - 132.0 Parliament
Parliament,Week1,Springboard,Week5,258.0 Parliament - 142.0 Springboard
Parliament,Week2,Springboard,Week4,254.0 Parliament - 139.0 Springboard
Pinecrest,Week5,Chesterbrook,Week5,308.0 Chesterbrook - 94.0 Pinecrest
Parliament,Week4,South Run,Week4,208.0 Parliament - 193.0 South Run
Pinecrest,Week4,Chesterbrook,Week3,317.0 Chesterbrook - 85.0 Pinecrest
Pinecrest,Week1,Hayfield Farm,Week5,238.0 Pinecrest - 164.0 Hayfield Farm
Parliament,Week3,McLean,Week5,281.0 McLean - 121.0 Parliament
Pinecrest,Week3,Oakton ,Week5,213.0 Oakton - 189.0 Pinecrest
Parklawn,Week5,Pinewood Lake,Week1,323.0 Parklawn - 63.0 Pinewood Lake
Pinecrest,Week1,Commonwealth,Week1,301.0 Pinecrest - 101.0 Commonwealth
Pinecrest,Week2,Hayfield Farm,Week5,272.0 Pinecrest - 130.0 Hayfield Farm
Pinecrest,Week4,Hamlet,Week3,226.5 Hamlet - 175.5 Pinecrest
Pinecrest,Week4,Commonwealth,Week2,278.0 Pinecrest - 124.0 Commonwealth
Pinecrest,Week1,Hayfield Farm,Week2,251.5 Pinecrest - 150.5 Hayfield Farm
Pinecrest,Week2,High Point Pool,Week1,230.0 Pinecrest - 172.0 High Point Pool
Pinecrest,Week3,High Point Pool,Week3,255.0 Pinecrest - 147.0 High Point Pool
Pinecrest,Week4,Oakton ,Week1,211.0 Pinecrest - 191.0 Oakton
Pinecrest,Week4,Oakton ,Week3,203.0 Oakton - 199.0 Pinecrest
Pinecrest,Week2,Hayfield Farm,Week2,276.5 Pinecrest - 125.5 Hayfield Farm
Parklawn,Week3,Pinewood Lake,Week1,323.0 Parklawn - 74.0 Pinewood Lake
Parliament,Week4,McLean,Week2,286.0 McLean - 116.0 Parliament
Parklawn,Week1,Pinewood Lake,Week3,285.0 Parklawn - 80.0 Pinewood Lake
Pinecrest,Week4,Oakton ,Week2,215.0 Oakton - 187.0 Pinecrest
Parklawn,Week5,Pinecrest,Week5,309.0 Pinecrest - 89.0 Parklawn
Pinecrest,Week3,Commonwealth,Week1,307.0 Pinecrest - 95.0 Commonwealth
Pinecrest,Week5,Chesterbrook,Week3,322.0 Chesterbrook - 80.0 Pinecrest
Pinecrest,Week4,North Springfield,Week2,334.0 Pinecrest - 54.0 North Springfield
Parliament,Week5,South Run,Week5,229.0 South Run - 173.0 Parliament
Pinecrest,Week3,Hayfield Farm,Week5,279.0 Pinecrest - 123.0 Hayfield Farm
Parklawn,Week2,Pinewood Lake,Week1,326.0 Parklawn - 64.0 Pinewood Lake
Parliament,Week5,McLean,Week1,267.0 McLean - 135.0 Parliament
Pinecrest,Week1,Oakton ,Week2,231.0 Oakton - 171.0 Pinecrest
Pinecrest,Week3,Hayfield Farm,Week4,286.0 Pinecrest - 116.0 Hayfield Farm
Parliament,Week3,Springboard,Week2,309.0 Parliament - 93.0 Springboard
Parklawn,Week4,Pinewood Lake,Week1,326.0 Parklawn - 60.0 Pinewood Lake
Pinecrest,Week1,Highland Park,Week3,247.0 Pinecrest - 155.0 Highland Park
Pinecrest,Week3,Commonwealth,Week2,283.0 Pinecrest - 119.0 Commonwealth
Pinecrest,Week4,North Springfield,Week3,331.0 Pinecrest - 66.0 North Springfield
Pinecrest,Week2,Commonwealth,Week2,269.0 Pinecrest - 133.0 Commonwealth
Pinecrest,Week2,Oakton ,Week1,203.0 Pinecrest - 199.0 Oakton
Parliament,Week5,McLean,Week2,281.0 McLean - 121.0 Parliament
Parliament,Week4,McLean,Week4,270.0 McLean - 132.0 Parliament
Parklawn,Week5,Pinecrest,Week3,313.0 Pinecrest - 89.0 Parklawn
Parliament,Week5,South Run,Week4,214.0 Parliament - 187.0 South Run
Pinecrest,Week5,High Point Pool,Week3,234.0 Pinecrest - 168.0 High Point Pool
Pinecrest,Week5,High Point Pool,Week5,226.0 Pinecrest - 176.0 High Point Pool
Pinecrest,Week3,Hayfield Farm,Week1,289.0 Pinecrest - 113.0 Hayfield Farm
Pinecrest,Week1,Herndon,Week2,334.0 Pinecrest - 68.0 Herndon
Parliament,Week4,South Run,Week3,212.0 South Run - 190.0 Parliament
Pinecrest,Week2,Commonwealth,Week4,292.0 Pinecrest - 110.0 Commonwealth
Pinecrest,Week5,High Point Pool,Week4,235.5 Pinecrest - 166.5 High Point Pool
Pinecrest,Week1,Highland Park,Week2,253.0 Pinecrest - 149.0 Highland Park
Parliament,Week3,Springboard,Week1,289.0 Parliament - 113.0 Springboard
Parliament,Week5,McLean,Week3,273.0 McLean - 124.0 Parliament
Parliament,Week4,McLean,Week5,288.0 McLean - 114.0 Parliament
Parklawn,Week2,Pinewood Lake,Week3,332.0 Parklawn - 58.0 Pinewood Lake
Pinecrest,Week4,Chesterbrook,Week1,281.0 Chesterbrook - 121.0 Pinecrest
Pinecrest,Week1,Highland Park,Week4,241.0 Pinecrest - 161.0 Highland Park
Parliament,Week4,South Run,Week5,247.0 South Run - 155.0 Parliament
Pinecrest,Week4,Oakton ,Week4,208.0 Oakton - 194.0 Pinecrest
Pinecrest,Week4,Hayfield Farm,Week4,280.0 Pinecrest - 122.0 Hayfield Farm
Pinecrest,Week2,High Point Pool,Week4,223.0 Pinecrest - 179.0 High Point Pool
Parliament,Week5,McLean,Week4,268.0 McLean - 133.0 Parliament
Parklawn,Week2,Pinewood Lake,Week4,332.0 Parklawn - 59.0 Pinewood Lake
Pinecrest,Week5,Chesterbrook,Week1,295.0 Chesterbrook - 102.0 Pinecrest
Pinecrest,Week4,Herndon,Week5,365.0 Pinecrest - 37.0 Herndon
Parklawn,Week4,Pinewood Lake,Week2,320.0 Parklawn - 69.0 Pinewood Lake
Pinecrest,Week4,North Springfield,Week4,342.0 Pinecrest - 50.0 North Springfield
Pinecrest,Week2,Highland Park,Week4,242.0 Pinecrest - 160.0 Highland Park
Parklawn,Week3,Pinewood Lake,Week3,323.0 Parklawn - 72.0 Pinewood Lake
Parliament,Week3,South Run,Week3,216.0 South Run - 186.0 Parliament
Pinecrest,Week3,Herndon,Week1,358.0 Pinecrest - 44.0 Herndon
Parklawn,Week4,Pinewood Lake,Week3,327.0 Parklawn - 61.0 Pinewood Lake
Pinecrest,Week5,North Springfield,Week4,338.0 Pinecrest - 54.0 North Springfield
Pinecrest,Week1,Oakton ,Week3,223.0 Oakton - 179.0 Pinecrest
Pinecrest,Week5,Hayfield Farm,Week3,251.0 Pinecrest - 151.0 Hayfield Farm
Pinecrest,Week2,Commonwealth,Week1,300.0 Pinecrest - 102.0 Commonwealth
Pinecrest,Week1,Commonwealth,Week2,273.0 Pinecrest - 129.0 Commonwealth
Parliament,Week5,South Run,Week1,202.0 South Run - 191.0 Parliament
Pinecrest,Week1,Commonwealth,Week4,288.0 Pinecrest - 114.0 Commonwealth
Pinecrest,Week2,Herndon,Week4,354.0 Pinecrest - 48.0 Herndon
Parklawn,Week1,Pinewood Lake,Week1,290.0 Parklawn - 82.0 Pinewood Lake
Pinecrest,Week3,Highland Park,Week3,278.0 Pinecrest - 124.0 Highland Park
Parliament,Week1,Springboard,Week3,260.0 Parliament - 138.0 Springboard
Parliament,Week5,McLean,Week5,283.0 McLean - 119.0 Parliament
Parklawn,Week4,Pinewood Lake,Week4,323.0 Parklawn - 65.0 Pinewood Lake
Pinecrest,Week5,North Springfield,Week3,337.0 Pinecrest - 60.0 North Springfield
Parliament,Week4,South Run,Week1,216.0 South Run - 177.0 Parliament
Pinecrest,Week2,Highland Park,Week1,246.0 Pinecrest - 156.0 Highland Park
Parliament,Week3,McLean,Week3,274.0 McLean - 128.0 Parliament
Pinecrest,Week1,Herndon,Week3,347.0 Pinecrest - 55.0 Herndon
Pinecrest,Week1,Oakton ,Week5,228.0 Oakton - 174.0 Pinecrest
Pinecrest,Week3,North Springfield,Week5,310.0 Pinecrest - 64.0 North Springfield
Parliament,Week2,Springfield,Week5,341.0 Parliament - 51.0 Springfield
Parklawn,Week3,Pinewood Lake,Week2,315.0 Parklawn - 81.0 Pinewood Lake
Pinecrest,Week1,Commonwealth,Week3,288.0 Pinecrest - 114.0 Commonwealth
Pinecrest,Week3,Highland Park,Week4,274.0 Pinecrest - 128.0 Highland Park
Parklawn,Week1,Pinewood Lake,Week2,285.0 Parklawn - 85.0 Pinewood Lake
Pinecrest,Week4,North Springfield,Week5,305.0 Pinecrest - 69.0 North Springfield
Pinecrest,Week3,Commonwealth,Week4,306.0 Pinecrest - 96.0 Commonwealth
Parklawn,Week5,Pinecrest,Week2,322.5 Pinecrest - 78.5 Parklawn
Parliament,Week5,South Run,Week3,205.0 South Run - 197.0 Parliament
Parliament,Week2,Springfield,Week1,337.0 Parliament - 55.0 Springfield
Pinecrest,Week5,Herndon,Week4,347.0 Pinecrest - 55.0 Herndon
Parklawn,Week3,Pinewood Lake,Week4,322.0 Parklawn - 73.0 Pinewood Lake
Pinecrest,Week3,Herndon,Week4,358.0 Pinecrest - 44.0 Herndon
Pinecrest,Week3,Commonwealth,Week3,291.0 Pinecrest - 111.0 Commonwealth
Pinecrest,Week5,Hayfield Farm,Week5,269.0 Pinecrest - 133.0 Hayfield Farm
Parklawn,Week5,Pinecrest,Week4,307.0 Pinecrest - 95.0 Parklawn
Pinecrest,Week4,Highland Park,Week2,266.0 Pinecrest - 136.0 Highland Park
Pinecrest,Week4,Chesterbrook,Week5,302.0 Chesterbrook - 100.0 Pinecrest
Pinecrest,Week2,Highland Park,Week5,265.0 Pinecrest - 137.0 Highland Park
Pinecrest,Week4,North Springfield,Week1,317.0 Pinecrest - 34.0 North Springfield
Pinecrest,Week1,Hiddenbrook,Week5,279.0 Pinecrest - 123.0 Hiddenbrook
Parliament,Week1,Springboard,Week4,263.0 Parliament - 132.0 Springboard
Pinecrest,Week4,Highland Park,Week1,254.0 Pinecrest - 148.0 Highland Park
Pinecrest,Week5,Chesterbrook,Week2,306.0 Chesterbrook - 96.0 Pinecrest
Pinecrest,Week2,Oakton ,Week2,217.0 Oakton - 185.0 Pinecrest
Parliament,Week4,South Run,Week2,208.0 South Run - 194.0 Parliament
Pinecrest,Week2,Commonwealth,Week5,280.0 Pinecrest - 122.0 Commonwealth
Pinecrest,Week3,Herndon,Week3,362.0 Pinecrest - 40.0 Herndon
Pinecrest,Week3,Highland Park,Week5,273.0 Pinecrest - 129.0 Highland Park
Pinecrest,Week2,Commonwealth,Week3,279.5 Pinecrest - 122.5 Commonwealth
Parliament,Week4,Springboard,Week1,270.0 Parliament - 130.0 Springboard
Pinecrest,Week5,Old Keene Mill,Week2,313.5 Pinecrest - 88.5 Old Keene Mill
Pinecrest,Week5,Highland Park,Week4,252.0 Pinecrest - 150.0 Highland Park
Pinecrest,Week2,Herndon,Week1,356.0 Pinecrest - 45.0 Herndon
Pinecrest,Week1,Herndon,Week5,351.0 Pinecrest - 51.0 Herndon
Parliament,Week4,Springfield,Week3,336.0 Parliament - 56.0 Springfield
Pinecrest,Week5,North Springfield,Week1,314.0 Pinecrest - 37.0 North Springfield
Pinecrest,Week3,Highland Park,Week2,274.0 Pinecrest - 128.0 Highland Park
Pinecrest,Week2,Oakton ,Week4,215.0 Oakton - 187.0 Pinecrest
Pinecrest,Week3,Highland Park,Week1,260.0 Pinecrest - 142.0 Highland Park
Parliament,Week3,Springfield,Week3,355.0 Parliament - 45.0 Springfield
Pinecrest,Week2,Highland Park,Week2,265.0 Pinecrest - 137.0 Highland Park
Parliament,Week1,Springfield,Week5,338.0 Parliament - 46.0 Springfield
Pinecrest,Week2,Oakton ,Week5,206.0 Oakton - 196.0 Pinecrest
Pinecrest,Week4,Old Keene Mill,Week5,305.0 Pinecrest - 97.0 Old Keene Mill
Pinecrest,Week2,Highland Park,Week3,276.0 Pinecrest - 126.0 Highland Park
Pinecrest,Week5,North Springfield,Week5,301.0 Pinecrest - 73.0 North Springfield
Pinecrest,Week4,Chesterbrook,Week4,300.0 Chesterbrook - 102.0 Pinecrest
Pinecrest,Week4,Highland Park,Week3,270.0 Pinecrest - 132.0 Highland Park
Pinecrest,Week3,Oakton ,Week1,215.0 Pinecrest - 187.0 Oakton
Pinecrest,Week3,Herndon,Week2,361.5 Pinecrest - 40.5 Herndon
Parliament,Week2,Springfield,Week2,342.0 Parliament - 46.0 Springfield
Pinecrest,Week1,Commonwealth,Week5,260.0 Pinecrest - 142.0 Commonwealth
Pinecrest,Week5,Hayfield Farm,Week4,275.0 Pinecrest - 127.0 Hayfield Farm
Pinecrest,Week3,Commonwealth,Week5,272.0 Pinecrest - 130.0 Commonwealth
Parliament,Week3,Springboard,Week4,284.0 Parliament - 118.0 Springboard
Pinecrest,Week4,Commonwealth,Week1,303.0 Pinecrest - 99.0 Commonwealth
Pinecrest,Week4,Herndon,Week1,359.5 Pinecrest - 41.5 Herndon
Pinecrest,Week2,Herndon,Week3,357.0 Pinecrest - 45.0 Herndon
Pinecrest,Week1,Highlands Swim,Week2,243.0 Highlands Swim - 159.0 Pinecrest
Parliament,Week3,Springfield,Week2,350.0 Parliament - 46.0 Springfield
Pinecrest,Week1,Herndon,Week4,344.0 Pinecrest - 58.0 Herndon
Pinecrest,Week3,Herndon,Week5,367.0 Pinecrest - 35.0 Herndon
Pinecrest,Week3,Highlands Swim,Week4,222.0 Highlands Swim - 180.0 Pinecrest
Parliament,Week4,Springfield,Week1,332.0 Parliament - 63.0 Springfield
Pinecrest,Week5,Chesterbrook,Week4,308.0 Chesterbrook - 94.0 Pinecrest
Pinecrest,Week4,Chesterbrook,Week2,281.0 Chesterbrook - 121.0 Pinecrest
Parklawn,Week2,Pinewood Lake,Week5,320.0 Parklawn - 71.0 Pinewood Lake
Pinecrest,Week5,Hayfield Farm,Week2,275.0 Pinecrest - 127.0 Hayfield Farm
Parliament,Week3,Springfield,Week4,340.0 Parliament - 60.0 Springfield
Pinecrest,Week4,Highland Park,Week4,267.0 Pinecrest - 135.0 Highland Park
Pinecrest,Week5,Commonwealth,Week2,268.0 Pinecrest - 134.0 Commonwealth
Pinecrest,Week3,Oakton ,Week3,203.0 Oakton - 199.0 Pinecrest
Pinecrest,Week4,Old Keene Mill,Week3,320.0 Pinecrest - 82.0 Old Keene Mill
Pinecrest,Week5,North Springfield,Week2,332.0 Pinecrest - 56.0 North Springfield
Pinecrest,Week2,Highlands Swim,Week4,232.0 Highlands Swim - 170.0 Pinecrest
Parliament,Week1,Springfield,Week2,321.0 Parliament - 57.0 Springfield
Pinecrest,Week3,Cottontail,Week2,311.0 Pinecrest - 91.0 Cottontail
Pinecrest,Week1,Herndon,Week1,343.0 Pinecrest - 58.0 Herndon
Pinecrest,Week1,Cottontail,Week2,293.0 Pinecrest - 109.0 Cottontail
Pinecrest,Week4,Herndon,Week2,354.0 Pinecrest - 48.0 Herndon
Pinecrest,Week5,Cottontail,Week4,301.0 Pinecrest - 101.0 Cottontail
Pinecrest,Week4,Cottontail,Week5,298.0 Pinecrest - 104.0 Cottontail
Pinecrest,Week3,Old Keene Mill,Week1,327.0 Pinecrest - 75.0 Old Keene Mill
Pinecrest,Week3,Cottontail,Week4,308.0 Pinecrest - 94.0 Cottontail
Pinecrest,Week2,Herndon,Week5,360.0 Pinecrest - 42.0 Herndon
Pinecrest,Week2,Old Keene Mill,Week1,314.0 Pinecrest - 88.0 Old Keene Mill
Pinecrest,Week2,Herndon,Week2,355.0 Pinecrest - 47.0 Herndon
Parliament,Week1,Springfield,Week1,332.0 Parliament - 54.0 Springfield
Pinecrest,Week1,Old Keene Mill,Week4,319.0 Pinecrest - 83.0 Old Keene Mill
Pinecrest,Week5,Highlands Swim,Week2,246.0 Highlands Swim - 156.0 Pinecrest
Pinecrest,Week5,Highlands Swim,Week3,240.5 Highlands Swim - 161.5 Pinecrest
Parliament,Week4,Springboard,Week3,262.0 Parliament - 139.0 Springboard
Parliament,Week1,Springfield,Week4,325.0 Parliament - 62.0 Springfield
Pinecrest,Week1,Highlands Swim,Week3,247.0 Highlands Swim - 155.0 Pinecrest
Parliament,Week2,Springfield,Week4,332.0 Parliament - 60.0 Springfield
Pinecrest,Week5,Old Keene Mill,Week4,323.0 Pinecrest - 79.0 Old Keene Mill
Pinecrest,Week5,Hayfield Farm,Week1,285.0 Pinecrest - 117.0 Hayfield Farm
Pinecrest,Week3,Highlands Swim,Week1,222.0 Highlands Swim - 180.0 Pinecrest
Pinecrest,Week4,Herndon,Week3,363.0 Pinecrest - 39.0 Herndon
Pinecrest,Week1,Old Keene Mill,Week3,300.0 Pinecrest - 102.0 Old Keene Mill
Pinecrest,Week1,Old Keene Mill,Week1,308.0 Pinecrest - 94.0 Old Keene Mill
Pinecrest,Week5,Herndon,Week3,354.0 Pinecrest - 42.0 Herndon
Pinecrest,Week5,Herndon,Week2,354.0 Pinecrest - 48.0 Herndon
Pinecrest,Week4,Herndon,Week4,356.0 Pinecrest - 46.0 Herndon
Parliament,Week4,Springboard,Week5,262.0 Parliament - 140.0 Springboard
Parliament,Week1,Springfield,Week3,336.0 Parliament - 48.0 Springfield
Pinecrest,Week1,Hollin Hills,Week4,342.0 Pinecrest - 60.0 Hollin Hills
Pinecrest,Week5,Highland Park,Week5,256.0 Pinecrest - 146.0 Highland Park
Pinecrest,Week3,Old Keene Mill,Week3,318.0 Pinecrest - 84.0 Old Keene Mill
Pinecrest,Week5,Highlands Swim,Week1,238.0 Highlands Swim - 164.0 Pinecrest
Pinecrest,Week3,Highlands Swim,Week2,250.0 Highlands Swim - 152.0 Pinecrest
Parliament,Week5,Springboard,Week3,258.0 Parliament - 139.0 Springboard
Pinecrest,Week4,Commonwealth,Week3,297.5 Pinecrest - 104.5 Commonwealth
Pinecrest,Week3,Cottontail,Week5,304.0 Pinecrest - 98.0 Cottontail
Pinecrest,Week4,Old Keene Mill,Week2,319.0 Pinecrest - 83.0 Old Keene Mill
Parliament,Week5,Springboard,Week5,255.0 Parliament - 144.0 Springboard
Pinecrest,Week4,Oakton ,Week5,207.0 Oakton - 195.0 Pinecrest
Pinecrest,Week2,Cottontail,Week1,308.0 Pinecrest - 94.0 Cottontail
Parliament,Week3,Springboard,Week5,263.0 Parliament - 138.0 Springboard
Parliament,Week5,Springboard,Week1,260.0 Parliament - 136.0 Springboard
Pinecrest,Week5,Herndon,Week5,350.0 Pinecrest - 52.0 Herndon
Pinecrest,Week1,Highlands Swim,Week5,270.0 Highlands Swim - 132.0 Pinecrest
Pinecrest,Week5,Herndon,Week1,353.0 Pinecrest - 48.0 Herndon
Pinecrest,Week5,Highland Park,Week1,249.0 Pinecrest - 153.0 Highland Park
Pinecrest,Week5,Commonwealth,Week4,297.0 Pinecrest - 100.0 Commonwealth
Pinecrest,Week5,Commonwealth,Week3,282.0 Pinecrest - 120.0 Commonwealth
Pinecrest,Week2,Old Keene Mill,Week3,315.0 Pinecrest - 87.0 Old Keene Mill
Pinecrest,Week3,Cottontail,Week1,298.0 Pinecrest - 104.0 Cottontail
Pinecrest,Week5,Dominion Hills,Week2,278.0 Pinecrest - 124.0 Dominion Hills
Pinecrest,Week2,Cottontail,Week4,297.0 Pinecrest - 105.0 Cottontail
Pinecrest,Week3,Dominion Hills,Week2,285.0 Pinecrest - 117.0 Dominion Hills
Pinecrest,Week4,Highlands Swim,Week1,233.0 Highlands Swim - 169.0 Pinecrest
Pinecrest,Week1,Cottontail,Week1,276.0 Pinecrest - 126.0 Cottontail
Pinecrest,Week2,Highlands Swim,Week2,251.0 Highlands Swim - 151.0 Pinecrest
Parliament,Week3,Springfield,Week1,347.0 Parliament - 53.0 Springfield
Pinecrest,Week3,Highlands Swim,Week3,230.0 Highlands Swim - 172.0 Pinecrest
Parliament,Week4,Springfield,Week2,343.0 Parliament - 48.0 Springfield
Pinecrest,Week2,Cottontail,Week3,310.5 Pinecrest - 91.5 Cottontail
Pinecrest,Week1,Hiddenbrook,Week1,298.0 Pinecrest - 104.0 Hiddenbrook
Pinecrest,Week1,Hiddenbrook,Week2,320.0 Pinecrest - 82.0 Hiddenbrook
Pinecrest,Week1,Old Keene Mill,Week5,279.0 Pinecrest - 123.0 Old Keene Mill
Parliament,Week4,Springboard,Week4,261.0 Parliament - 135.0 Springboard
Parliament,Week5,Springboard,Week4,260.0 Parliament - 136.0 Springboard
Pinecrest,Week4,Cottontail,Week2,307.0 Pinecrest - 95.0 Cottontail
Pinecrest,Week2,Highlands Swim,Week5,247.0 Highlands Swim - 155.0 Pinecrest
Pinecrest,Week5,Oakton ,Week4,202.0 Pinecrest - 200.0 Oakton
Pinecrest,Week4,Highlands Swim,Week4,227.0 Highlands Swim - 175.0 Pinecrest
Parliament,Week3,Springboard,Week3,271.0 Parliament - 131.0 Springboard
Pinecrest,Week1,Cottontail,Week5,285.0 Pinecrest - 117.0 Cottontail
Parliament,Week2,Springfield,Week3,342.0 Parliament - 48.0 Springfield
Pinecrest,Week2,Cottontail,Week5,295.0 Pinecrest - 107.0 Cottontail
Pinecrest,Week2,Old Keene Mill,Week2,314.0 Pinecrest - 88.0 Old Keene Mill
Pinecrest,Week5,Commonwealth,Week5,271.0 Pinecrest - 131.0 Commonwealth
Pinecrest,Week3,Dominion Hills,Week5,248.0 Pinecrest - 154.0 Dominion Hills
Pinecrest,Week4,Cottontail,Week1,299.0 Pinecrest - 103.0 Cottontail
Pinecrest,Week5,Highland Park,Week2,264.0 Pinecrest - 138.0 Highland Park
Pinecrest,Week3,Old Keene Mill,Week4,338.0 Pinecrest - 64.0 Old Keene Mill
Pinecrest,Week1,Hiddenbrook,Week4,285.5 Pinecrest - 116.5 Hiddenbrook
Pinecrest,Week1,Old Keene Mill,Week2,304.0 Pinecrest - 98.0 Old Keene Mill
Pinecrest,Week5,Oakton ,Week2,222.5 Oakton - 179.5 Pinecrest
Pinecrest,Week2,Old Keene Mill,Week4,325.0 Pinecrest - 77.0 Old Keene Mill
Pinecrest,Week4,Highland Park,Week5,276.5 Pinecrest - 125.5 Highland Park
Parliament,Week5,Springboard,Week2,290.0 Parliament - 102.0 Springboard
Pinecrest,Week4,Daventry,Week4,351.0 Pinecrest - 51.0 Daventry
Parliament,Week4,Springboard,Week2,290.0 Parliament - 106.0 Springboard
Pinecrest,Week3,Highlands Swim,Week5,244.5 Highlands Swim - 157.5 Pinecrest
Pinecrest,Week3,Old Keene Mill,Week2,322.0 Pinecrest - 80.0 Old Keene Mill
Pinecrest,Week4,Cottontail,Week3,323.0 Pinecrest - 79.0 Cottontail
Pinecrest,Week5,Oakton ,Week5,210.0 Oakton - 192.0 Pinecrest
Parliament,Week3,Springfield,Week5,353.0 Parliament - 46.0 Springfield
Pinecrest,Week4,Dominion Hills,Week5,251.5 Pinecrest - 150.5 Dominion Hills
Pinecrest,Week1,Hiddenbrook,Week3,286.0 Pinecrest - 116.0 Hiddenbrook
Pinecrest,Week2,Highlands Swim,Week1,226.0 Highlands Swim - 176.0 Pinecrest
Pinecrest,Week5,Oakton ,Week3,200.0 Oakton - 197.0 Pinecrest
Pinecrest,Week5,Daventry,Week1,339.0 Pinecrest - 63.0 Daventry
Pinecrest,Week4,Daventry,Week5,337.0 Pinecrest - 65.0 Daventry
Parliament,Week4,Springfield,Week4,326.0 Parliament - 69.0 Springfield
Pinecrest,Week5,Daventry,Week2,339.0 Pinecrest - 59.0 Daventry
Pinecrest,Week1,Highlands Swim,Week4,245.0 Highlands Swim - 157.0 Pinecrest
Parliament,Week2,Stratford,Week3,228.0 Parliament - 174.0 Stratford
Parliament,Week4,Stratford,Week1,250.0 Parliament - 152.0 Stratford
Pinecrest,Week4,Commonwealth,Week5,284.0 Pinecrest - 118.0 Commonwealth
Pinecrest,Week3,Old Keene Mill,Week5,313.0 Pinecrest - 89.0 Old Keene Mill
Pinecrest,Week4,Highlands Swim,Week3,237.0 Highlands Swim - 165.0 Pinecrest
Pinecrest,Week2,Old Keene Mill,Week5,298.0 Pinecrest - 104.0 Old Keene Mill
Pinecrest,Week5,Commonwealth,Week1,295.0 Pinecrest - 102.0 Commonwealth
Pinecrest,Week4,Old Keene Mill,Week1,324.0 Pinecrest - 78.0 Old Keene Mill
Parliament,Week5,Springfield,Week2,334.0 Parliament - 46.0 Springfield
Pinecrest,Week5,Highland Park,Week3,262.0 Pinecrest - 140.0 Highland Park
Pinecrest,Week3,Cottontail,Week3,322.0 Pinecrest - 80.0 Cottontail
Pinecrest,Week5,Oakton ,Week1,201.5 Pinecrest - 200.5 Oakton
Pinecrest,Week2,Highlands Swim,Week3,230.0 Highlands Swim - 172.0 Pinecrest
Pinecrest,Week2,Cottontail,Week2,308.0 Pinecrest - 94.0 Cottontail
Pinecrest,Week1,Highlands Swim,Week1,251.0 Highlands Swim - 151.0 Pinecrest
Pinecrest,Week2,Dominion Hills,Week2,266.0 Pinecrest - 136.0 Dominion Hills
Parliament,Week1,Stratford,Week1,265.0 Parliament - 137.0 Stratford
Pinecrest,Week1,Dominion Hills,Week5,213.5 Pinecrest - 188.5 Dominion Hills
Pinecrest,Week4,Commonwealth,Week4,309.0 Pinecrest - 93.0 Commonwealth
Pinecrest,Week4,Highlands Swim,Week5,250.0 Highlands Swim - 152.0 Pinecrest
Pinecrest,Week5,Daventry,Week3,329.0 Pinecrest - 72.0 Daventry
Pinecrest,Week4,Old Keene Mill,Week4,341.0 Pinecrest - 61.0 Old Keene Mill
Parliament,Week2,Stratford,Week4,218.0 Parliament - 183.0 Stratford
Pinecrest,Week5,Cottontail,Week1,288.0 Pinecrest - 114.0 Cottontail
Pinecrest,Week3,Dominion Hills,Week1,297.5 Pinecrest - 104.5 Dominion Hills
Pinecrest,Week1,Dominion Hills,Week4,228.5 Pinecrest - 173.5 Dominion Hills
Pinecrest,Week1,Hollin Hills,Week3,338.0 Pinecrest - 64.0 Hollin Hills
Parliament,Week4,Springfield,Week5,343.5 Parliament - 51.5 Springfield
Parliament,Week5,Springfield,Week4,326.0 Parliament - 63.0 Springfield
Pinecrest,Week1,Hollin Hills,Week2,341.0 Pinecrest - 61.0 Hollin Hills
Pinecrest,Week1,Hollin Hills,Week1,337.0 Pinecrest - 65.0 Hollin Hills
Parliament,Week4,Stratford,Week2,237.0 Parliament - 160.0 Stratford
Pinecrest,Week4,Highlands Swim,Week2,243.0 Highlands Swim - 159.0 Pinecrest
Pinecrest,Week5,Cottontail,Week2,301.0 Pinecrest - 101.0 Cottontail
Pinecrest,Week1,Cottontail,Week4,276.0 Pinecrest - 126.0 Cottontail
Pinecrest,Week5,Daventry,Week5,320.0 Pinecrest - 81.0 Daventry
Pinecrest,Week5,Cottontail,Week5,288.0 Pinecrest - 114.0 Cottontail
Pinecrest,Week5,Highlands Swim,Week5,251.0 Highlands Swim - 151.0 Pinecrest
Pinecrest,Week1,Cottontail,Week3,281.0 Pinecrest - 121.0 Cottontail
Pinecrest,Week5,Old Keene Mill,Week5,309.0 Pinecrest - 93.0 Old Keene Mill
Pinecrest,Week5,Cottontail,Week3,310.0 Pinecrest - 92.0 Cottontail
Pinecrest,Week2,Dominion Hills,Week3,288.0 Pinecrest - 114.0 Dominion Hills
Pinecrest,Week5,Old Keene Mill,Week1,311.0 Pinecrest - 91.0 Old Keene Mill
Parliament,Week1,Stratford,Week4,247.0 Parliament - 154.0 Stratford
Pinecrest,Week3,Dominion Hills,Week3,298.0 Pinecrest - 104.0 Dominion Hills
Pinecrest,Week5,Highlands Swim,Week4,245.0 Highlands Swim - 157.0 Pinecrest
Parliament,Week5,Springfield,Week3,330.0 Parliament - 54.0 Springfield
Pinecrest,Week5,Old Keene Mill,Week3,318.0 Pinecrest - 84.0 Old Keene Mill
Pinecrest,Week4,Cottontail,Week4,306.0 Pinecrest - 96.0 Cottontail
Parliament,Week2,Stratford,Week1,242.5 Parliament - 158.5 Stratford
Pinecrest,Week1,Hollin Meadows,Week3,244.0 Pinecrest - 158.0 Hollin Meadows
Pinecrest,Week5,Hollin Hills,Week2,337.0 Pinecrest - 65.0 Hollin Hills
Pinecrest,Week1,Dominion Hills,Week3,266.0 Pinecrest - 136.0 Dominion Hills
Pinecrest,Week1,Country Club Hills,Week3,307.0 Pinecrest - 95.0 Country Club Hills
Parliament,Week3,Stratford,Week2,252.0 Parliament - 150.0 Stratford
Parliament,Week2,Stratford,Week5,225.0 Parliament - 177.0 Stratford
Pinecrest,Week2,Dominion Hills,Week4,256.0 Pinecrest - 146.0 Dominion Hills
Pinecrest,Week1,Country Club Hills,Week2,296.0 Pinecrest - 106.0 Country Club Hills
Parliament,Week5,Stratford,Week3,255.0 Parliament - 147.0 Stratford
Parliament,Week3,Stratford,Week5,239.0 Parliament - 163.0 Stratford
Pinecrest,Week5,Daventry,Week4,346.0 Pinecrest - 55.0 Daventry
Pinecrest,Week1,Crosspointe,Week4,205.0 Crosspointe - 197.0 Pinecrest
Pinecrest,Week1,Dominion Hills,Week1,278.0 Pinecrest - 124.0 Dominion Hills
Pinecrest,Week2,Hollin Meadows,Week2,280.0 Pinecrest - 122.0 Hollin Meadows
Pinecrest,Week4,Dominion Hills,Week3,293.0 Pinecrest - 109.0 Dominion Hills
Pinecrest,Week2,Crosspointe,Week3,211.0 Pinecrest - 191.0 Crosspointe
Pinecrest,Week1,Crosspointe,Week2,205.0 Pinecrest - 197.0 Crosspointe
Pinecrest,Week4,Country Club Hills,Week5,290.0 Pinecrest - 112.0 Country Club Hills
Pinecrest,Week2,Country Club Hills,Week1,303.0 Pinecrest - 99.0 Country Club Hills
Pinecrest,Week1,Country Club Hills,Week4,303.0 Pinecrest - 99.0 Country Club Hills
Pinecrest,Week4,Dominion Hills,Week4,254.0 Pinecrest - 148.0 Dominion Hills
Pinecrest,Week1,Country Club Hills,Week1,296.0 Pinecrest - 106.0 Country Club Hills
Parliament,Week1,Stratford,Week5,249.5 Parliament - 148.5 Stratford
Parliament,Week4,Stratford,Week3,233.0 Parliament - 169.0 Stratford
Parliament,Week5,Stratford,Week2,254.5 Parliament - 142.5 Stratford
Pinecrest,Week5,Hollin Hills,Week5,329.0 Pinecrest - 73.0 Hollin Hills
Parliament,Week1,Stratford,Week3,246.0 Parliament - 156.0 Stratford
Parliament,Week4,Stratford,Week5,234.0 Parliament - 167.0 Stratford
Pinecrest,Week2,Country Club Hills,Week2,317.0 Pinecrest - 85.0 Country Club Hills
Pinecrest,Week2,Hollin Meadows,Week1,241.0 Pinecrest - 161.0 Hollin Meadows
Pinecrest,Week4,Dominion Hills,Week1,305.0 Pinecrest - 97.0 Dominion Hills
Pinecrest,Week1,Hollin Meadows,Week2,263.0 Pinecrest - 139.0 Hollin Meadows
Pinecrest,Week5,Hollin Hills,Week3,339.0 Pinecrest - 63.0 Hollin Hills
Pinecrest,Week5,Hollin Hills,Week1,334.0 Pinecrest - 68.0 Hollin Hills
Pinecrest,Week2,Dominion Hills,Week1,277.0 Pinecrest - 125.0 Dominion Hills
Pinecrest,Week1,Dominion Hills,Week2,250.0 Pinecrest - 152.0 Dominion Hills
Pinecrest,Week2,Dominion Hills,Week5,249.0 Pinecrest - 153.0 Dominion Hills
Parliament,Week3,Stratford,Week1,257.0 Parliament - 145.0 Stratford
Pinecrest,Week3,Dominion Hills,Week4,258.0 Pinecrest - 144.0 Dominion Hills
Pinecrest,Week1,Hollin Meadows,Week5,232.0 Pinecrest - 170.0 Hollin Meadows
Pinecrest,Week2,Hollin Meadows,Week3,262.0 Pinecrest - 140.0 Hollin Meadows
Pinecrest,Week1,Hollin Meadows,Week4,243.5 Pinecrest - 158.5 Hollin Meadows
Pinecrest,Week2,Crosspointe,Week5,203.0 Pinecrest - 199.0 Crosspointe
Parliament,Week3,Stratford,Week3,238.0 Parliament - 164.0 Stratford
Pinecrest,Week4,Dominion Hills,Week2,282.0 Pinecrest - 120.0 Dominion Hills
Pinecrest,Week5,Dominion Hills,Week1,295.0 Pinecrest - 107.0 Dominion Hills
Pinecrest,Week4,Country Club Hills,Week3,307.0 Pinecrest - 95.0 Country Club Hills
Parliament,Week5,Springfield,Week1,337.0 Parliament - 52.0 Springfield
Pinecrest,Week4,Hollin Hills,Week1,353.0 Pinecrest - 49.0 Hollin Hills
Parliament,Week5,Springfield,Week5,342.0 Parliament - 46.0 Springfield
Parliament,Week3,Stratford,Week4,230.0 Parliament - 172.0 Stratford
Pinecrest,Week2,Country Club Hills,Week5,287.0 Pinecrest - 115.0 Country Club Hills
Pinecrest,Week3,Country Club Hills,Week5,289.0 Pinecrest - 113.0 Country Club Hills
Pinecrest,Week3,Country Club Hills,Week1,313.5 Pinecrest - 88.5 Country Club Hills
Pinecrest,Week2,Donaldson Run,Week3,205.0 Pinecrest - 197.0 Donaldson Run
Pinecrest,Week2,Hollin Hills,Week1,343.0 Pinecrest - 59.0 Hollin Hills
Pinecrest,Week3,Hollin Hills,Week1,348.0 Pinecrest - 54.0 Hollin Hills
Pinecrest,Week1,Donaldson Run,Week2,212.0 Donaldson Run - 190.0 Pinecrest
Pinecrest,Week5,Donaldson Run,Week1,213.0 Pinecrest - 189.0 Donaldson Run
Parliament,Week4,Stratford,Week4,226.0 Parliament - 176.0 Stratford
Parliament,Week1,Stratford,Week2,254.5 Parliament - 142.5 Stratford
Pinecrest,Week1,Donaldson Run,Week1,216.0 Donaldson Run - 186.0 Pinecrest
Parklawn,Week5,Pinecrest,Week1,303.5 Pinecrest - 98.5 Parklawn
Pinecrest,Week3,Hollin Hills,Week5,346.0 Pinecrest - 56.0 Hollin Hills
Pinecrest,Week2,Hollin Hills,Week2,346.0 Pinecrest - 56.0 Hollin Hills
Parliament,Week2,Stratford,Week2,230.0 Parliament - 167.0 Stratford
Pinecrest,Week3,Hollin Hills,Week4,352.0 Pinecrest - 50.0 Hollin Hills
Pinecrest,Week4,Country Club Hills,Week2,323.0 Pinecrest - 79.0 Country Club Hills
Pinecrest,Week3,Country Club Hills,Week4,314.0 Pinecrest - 88.0 Country Club Hills
Pinecrest,Week2,Donaldson Run,Week5,228.0 Donaldson Run - 174.0 Pinecrest
Pinecrest,Week2,Hollin Hills,Week4,353.0 Pinecrest - 49.0 Hollin Hills
Pinecrest,Week5,Donaldson Run,Week3,201.0 Donaldson Run - 201.0 Pinecrest
Pinecrest,Week5,Country Club Hills,Week1,309.0 Pinecrest - 93.0 Country Club Hills
Pinecrest,Week1,Country Club Hills,Week5,282.0 Pinecrest - 120.0 Country Club Hills
Pinecrest,Week3,Country Club Hills,Week3,310.0 Pinecrest - 92.0 Country Club Hills
Parliament,Week3,Sully Station,Week3,256.0 Sully Station - 146.0 Parliament
Pinecrest,Week3,Donaldson Run,Week2,211.0 Pinecrest - 191.0 Donaldson Run
Parliament,Week1,Sully Station II,Week1,225.0 Sully Station II - 177.0 Parliament
Pinecrest,Week3,Hollin Hills,Week2,347.0 Pinecrest - 55.0 Hollin Hills
Parliament,Week5,Stratford,Week4,246.5 Parliament - 154.5 Stratford
Pinecrest,Week2,Country Club Hills,Week4,294.0 Pinecrest - 108.0 Country Club Hills
Pinecrest,Week4,Country Club Hills,Week1,308.0 Pinecrest - 94.0 Country Club Hills
Parliament,Week1,Sully Station,Week1,242.0 Sully Station - 155.0 Parliament
Pinecrest,Week4,Hollin Hills,Week2,351.0 Pinecrest - 51.0 Hollin Hills
Pinecrest,Week2,Hollin Hills,Week5,343.0 Pinecrest - 59.0 Hollin Hills
Pinecrest,Week1,Hollin Hills,Week5,335.0 Pinecrest - 67.0 Hollin Hills
Pinecrest,Week3,Donaldson Run,Week3,207.0 Pinecrest - 195.0 Donaldson Run
Parliament,Week5,Stratford,Week5,234.0 Parliament - 164.0 Stratford
Pinecrest,Week4,Country Club Hills,Week4,313.0 Pinecrest - 89.0 Country Club Hills
Pinecrest,Week4,Hollin Hills,Week4,349.0 Pinecrest - 53.0 Hollin Hills
Pinecrest,Week4,Hollin Hills,Week3,355.0 Pinecrest - 47.0 Hollin Hills
Pinecrest,Week5,Country Club Hills,Week2,316.0 Pinecrest - 86.0 Country Club Hills
Pinecrest,Week1,Dowden Terrace,Week5,220.5 Pinecrest - 181.5 Dowden Terrace
Pinecrest,Week5,Dominion Hills,Week4,251.0 Pinecrest - 146.0 Dominion Hills
Parliament,Week5,Stratford,Week1,255.0 Parliament - 147.0 Stratford
Pinecrest,Week1,Dowden Terrace,Week3,259.0 Pinecrest - 143.0 Dowden Terrace
Parliament,Week2,Sully Station,Week2,247.0 Sully Station - 150.0 Parliament
Parliament,Week1,Sully Station,Week5,261.0 Sully Station - 140.0 Parliament
Pinecrest,Week5,Country Club Hills,Week3,314.0 Pinecrest - 88.0 Country Club Hills
Pinecrest,Week2,Crosspointe,Week1,212.5 Pinecrest - 189.5 Crosspointe
Pinecrest,Week4,Hollin Meadows,Week3,260.0 Pinecrest - 142.0 Hollin Meadows
Pinecrest,Week1,Donaldson Run,Week5,249.0 Donaldson Run - 153.0 Pinecrest
Parliament,Week2,Sully Station II,Week4,232.0 Sully Station II - 170.0 Parliament
Parliament,Week1,Sully Station,Week3,241.0 Sully Station - 160.0 Parliament
Pinecrest,Week1,Donaldson Run,Week4,230.0 Donaldson Run - 172.0 Pinecrest
Pinecrest,Week3,Holmes Run Acres,Week2,296.0 Pinecrest - 106.0 Holmes Run Acres
Pinecrest,Week3,Donaldson Run,Week4,208.0 Pinecrest - 194.0 Donaldson Run
Pinecrest,Week5,Hollin Meadows,Week2,286.0 Pinecrest - 116.0 Hollin Meadows
Pinecrest,Week1,Crosspointe,Week1,203.0 Crosspointe - 199.0 Pinecrest
Pinecrest,Week4,Donaldson Run,Week2,202.0 Pinecrest - 200.0 Donaldson Run
Parliament,Week4,Sully Station,Week1,267.0 Sully Station - 134.0 Parliament
Parliament,Week1,Sully Station,Week4,251.0 Sully Station - 151.0 Parliament
Pinecrest,Week5,Hollin Hills,Week4,338.0 Pinecrest - 63.0 Hollin Hills
Pinecrest,Week2,Donaldson Run,Week1,207.0 Pinecrest - 195.0 Donaldson Run
Pinecrest,Week2,Hollin Hills,Week3,344.5 Pinecrest - 57.5 Hollin Hills
Pinecrest,Week3,Hollin Meadows,Week2,283.0 Pinecrest - 119.0 Hollin Meadows
Pinecrest,Week1,Hollin Meadows,Week1,217.0 Pinecrest - 185.0 Hollin Meadows
Pinecrest,Week1,Crosspointe,Week5,222.0 Crosspointe - 180.0 Pinecrest
Pinecrest,Week5,Country Club Hills,Week5,286.0 Pinecrest - 116.0 Country Club Hills
Pinecrest,Week4,Hollin Hills,Week5,333.0 Pinecrest - 69.0 Hollin Hills
Pinecrest,Week3,Country Club Hills,Week2,320.0 Pinecrest - 82.0 Country Club Hills
Parliament,Week2,Sully Station,Week4,256.0 Sully Station - 146.0 Parliament
Pinecrest,Week4,Donaldson Run,Week1,204.0 Donaldson Run - 198.0 Pinecrest
Pinecrest,Week1,Daventry,Week1,315.5 Pinecrest - 86.5 Daventry
Parliament,Week3,Sully Station,Week4,261.0 Sully Station - 141.0 Parliament
Pinecrest,Week2,Crosspointe,Week2,226.0 Pinecrest - 176.0 Crosspointe
Pinecrest,Week3,Donaldson Run,Week5,215.0 Donaldson Run - 187.0 Pinecrest
Parliament,Week5,Sully Station,Week5,279.0 Sully Station - 123.0 Parliament
Pinecrest,Week1,Crosspointe,Week3,206.0 Pinecrest - 196.0 Crosspointe
Pinecrest,Week2,Crosspointe,Week4,211.0 Pinecrest - 191.0 Crosspointe
Pinecrest,Week2,Holmes Run Acres,Week4,264.0 Pinecrest - 138.0 Holmes Run Acres
Parliament,Week4,Sully Station,Week4,264.0 Sully Station - 138.0 Parliament
Pinecrest,Week2,Country Club Hills,Week3,312.5 Pinecrest - 89.5 Country Club Hills
Parliament,Week2,Sully Station,Week1,250.0 Sully Station - 151.0 Parliament
Pinecrest,Week1,Holmes Run Acres,Week3,232.0 Pinecrest - 170.0 Holmes Run Acres
Pinecrest,Week4,Holmes Run Acres,Week1,266.0 Pinecrest - 136.0 Holmes Run Acres
Pinecrest,Week5,Dominion Hills,Week3,292.0 Pinecrest - 110.0 Dominion Hills
Parliament,Week1,Sully Station II,Week3,250.0 Sully Station II - 152.0 Parliament
Pinecrest,Week2,Donaldson Run,Week4,212.0 Donaldson Run - 190.0 Pinecrest
Pinecrest,Week1,Donaldson Run,Week3,222.0 Donaldson Run - 180.0 Pinecrest
Pinecrest,Week2,Donaldson Run,Week2,201.0 Donaldson Run - 201.0 Pinecrest
Pinecrest,Week5,Country Club Hills,Week4,309.0 Pinecrest - 93.0 Country Club Hills
Pinecrest,Week3,Donaldson Run,Week1,211.0 Pinecrest - 191.0 Donaldson Run
Pinecrest,Week3,Hollin Hills,Week3,356.0 Pinecrest - 46.0 Hollin Hills
Parliament,Week2,Sully Station II,Week2,264.0 Sully Station II - 138.0 Parliament
Parliament,Week4,Sully Station,Week2,256.0 Sully Station - 141.0 Parliament
Parliament,Week3,Sully Station,Week5,273.0 Sully Station - 129.0 Parliament
Pinecrest,Week2,Daventry,Week2,338.0 Pinecrest - 63.0 Daventry
Parliament,Week5,Sully Station,Week2,251.0 Sully Station - 146.0 Parliament
Pinecrest,Week5,Dominion Hills,Week5,243.0 Pinecrest - 159.0 Dominion Hills
Pinecrest,Week2,Holmes Run Acres,Week1,280.0 Pinecrest - 122.0 Holmes Run Acres
Pinecrest,Week4,Hollin Meadows,Week1,258.0 Pinecrest - 144.0 Hollin Meadows
Pinecrest,Week5,Crosspointe,Week3,216.0 Pinecrest - 181.0 Crosspointe
Pinecrest,Week4,Crosspointe,Week3,224.5 Pinecrest - 177.5 Crosspointe
Parliament,Week5,Sully Station,Week1,259.0 Sully Station - 139.0 Parliament
Pinecrest,Week4,Donaldson Run,Week5,236.0 Donaldson Run - 166.0 Pinecrest
Pinecrest,Week4,Donaldson Run,Week3,205.5 Donaldson Run - 196.5 Pinecrest
Pinecrest,Week3,Daventry,Week5,333.0 Pinecrest - 69.0 Daventry
Pinecrest,Week5,Donaldson Run,Week2,203.0 Pinecrest - 199.0 Donaldson Run
Pinecrest,Week4,Donaldson Run,Week4,203.0 Pinecrest - 199.0 Donaldson Run
Pinecrest,Week1,Holmes Run Acres,Week4,258.0 Pinecrest - 144.0 Holmes Run Acres
Pinecrest,Week3,Hollin Meadows,Week4,287.0 Pinecrest - 115.0 Hollin Meadows
Parliament,Week4,Sully Station,Week3,257.0 Sully Station - 145.0 Parliament
Pinecrest,Week5,Hollin Meadows,Week5,264.0 Pinecrest - 138.0 Hollin Meadows
Pinecrest,Week3,Crosspointe,Week1,219.0 Pinecrest - 183.0 Crosspointe
Pinecrest,Week5,Hollin Meadows,Week4,271.0 Pinecrest - 131.0 Hollin Meadows
Pinecrest,Week1,Daventry,Week2,324.5 Pinecrest - 77.5 Daventry
Pinecrest,Week5,Donaldson Run,Week4,203.0 Pinecrest - 199.0 Donaldson Run
Parliament,Week3,Sully Station,Week1,262.0 Sully Station - 140.0 Parliament
Pinecrest,Week3,Hollin Meadows,Week3,276.0 Pinecrest - 126.0 Hollin Meadows
Pinecrest,Week2,Dowden Terrace,Week1,279.0 Pinecrest - 122.0 Dowden Terrace
Pinecrest,Week4,Daventry,Week3,340.0 Pinecrest - 62.0 Daventry
Parliament,Week2,Sully Station,Week5,273.0 Sully Station - 129.0 Parliament
Pinecrest,Week1,Dowden Terrace,Week2,258.0 Pinecrest - 144.0 Dowden Terrace
Pinecrest,Week2,Hollin Meadows,Week5,259.0 Pinecrest - 143.0 Hollin Meadows
Parliament,Week3,Sully Station,Week2,250.0 Sully Station - 152.0 Parliament
Pinecrest,Week2,Holmes Run Acres,Week2,283.0 Pinecrest - 119.0 Holmes Run Acres
Pinecrest,Week5,Donaldson Run,Week5,223.0 Donaldson Run - 179.0 Pinecrest
Pinecrest,Week2,Daventry,Week5,327.0 Pinecrest - 75.0 Daventry
Pinecrest,Week3,Hollin Meadows,Week1,261.0 Pinecrest - 141.0 Hollin Meadows
Pinecrest,Week5,Hollin Meadows,Week1,254.0 Pinecrest - 148.0 Hollin Meadows
Parliament,Week5,Sully Station,Week3,261.0 Sully Station - 141.0 Parliament
Pinecrest,Week1,Dowden Terrace,Week4,240.5 Pinecrest - 161.5 Dowden Terrace
Pinecrest,Week4,Crosspointe,Week5,213.0 Crosspointe - 189.0 Pinecrest
Pinecrest,Week2,Daventry,Week3,333.0 Pinecrest - 69.0 Daventry
Pinecrest,Week1,Holmes Run Acres,Week2,261.0 Pinecrest - 141.0 Holmes Run Acres
Pinecrest,Week1,Dowden Terrace,Week1,269.0 Pinecrest - 133.0 Dowden Terrace
Pinecrest,Week2,Dunn Loring,Week3,221.0 Dunn Loring - 181.0 Pinecrest
Parliament,Week1,Sully Station,Week2,234.0 Sully Station - 163.0 Parliament
Parliament,Week4,Sully Station,Week5,278.0 Sully Station - 124.0 Parliament
Pinecrest,Week2,Dowden Terrace,Week2,269.0 Pinecrest - 133.0 Dowden Terrace
Parliament,Week2,Sully Station,Week3,243.0 Sully Station - 159.0 Parliament
Pinecrest,Week3,Crosspointe,Week2,243.0 Pinecrest - 159.0 Crosspointe
Pinecrest,Week5,Crosspointe,Week4,224.0 Pinecrest - 178.0 Crosspointe
Pinecrest,Week4,Crosspointe,Week2,223.0 Pinecrest - 179.0 Crosspointe
Pinecrest,Week4,Hollin Meadows,Week4,275.0 Pinecrest - 127.0 Hollin Meadows
Pinecrest,Week1,Holmes Run Acres,Week5,218.0 Pinecrest - 184.0 Holmes Run Acres
Parliament,Week5,Sully Station II,Week2,254.0 Sully Station II - 148.0 Parliament
Pinecrest,Week1,Dunn Loring,Week2,224.0 Dunn Loring - 178.0 Pinecrest
Pinecrest,Week3,Hollin Meadows,Week5,270.0 Pinecrest - 132.0 Hollin Meadows
Parliament,Week1,Truro,Week3,259.0 Parliament - 142.0 Truro
Pinecrest,Week4,Dowden Terrace,Week2,269.0 Pinecrest - 133.0 Dowden Terrace
Pinecrest,Week2,Holmes Run Acres,Week3,248.0 Pinecrest - 154.0 Holmes Run Acres
Pinecrest,Week3,Daventry,Week1,345.5 Pinecrest - 56.5 Daventry
Pinecrest,Week5,Dowden Terrace,Week5,234.0 Pinecrest - 168.0 Dowden Terrace
Pinecrest,Week3,Dowden Terrace,Week3,280.0 Pinecrest - 122.0 Dowden Terrace
Pinecrest,Week5,Crosspointe,Week1,207.0 Pinecrest - 195.0 Crosspointe
Pinecrest,Week2,Dunn Loring,Week5,223.0 Dunn Loring - 179.0 Pinecrest
Parliament,Week3,Truro,Week3,247.0 Parliament - 155.0 Truro
Pinecrest,Week2,Hollin Meadows,Week4,273.5 Pinecrest - 128.5 Hollin Meadows
Pinecrest,Week1,Daventry,Week5,299.5 Pinecrest - 102.5 Daventry
Parliament,Week5,Sully Station,Week4,259.0 Sully Station - 143.0 Parliament
Pinecrest,Week3,Holmes Run Acres,Week3,254.0 Pinecrest - 148.0 Holmes Run Acres
Parliament,Week2,Truro,Week3,229.0 Parliament - 172.0 Truro
Pinecrest,Week2,Dowden Terrace,Week4,256.0 Pinecrest - 146.0 Dowden Terrace
Pinecrest,Week2,Holmes Run Acres,Week5,237.0 Pinecrest - 165.0 Holmes Run Acres
Pinecrest,Week5,Crosspointe,Week5,212.0 Crosspointe - 190.0 Pinecrest
Pinecrest,Week3,Crosspointe,Week3,218.0 Pinecrest - 184.0 Crosspointe
Pinecrest,Week2,Daventry,Week1,337.0 Pinecrest - 65.0 Daventry
Pinecrest,Week3,Dowden Terrace,Week2,274.0 Pinecrest - 128.0 Dowden Terrace
Parliament,Week2,Sully Station II,Week3,284.0 Sully Station II - 118.0 Parliament
Pinecrest,Week2,Dowden Terrace,Week5,236.5 Pinecrest - 165.5 Dowden Terrace
Pinecrest,Week4,Dowden Terrace,Week1,274.0 Pinecrest - 128.0 Dowden Terrace
Pinecrest,Week5,Hollin Meadows,Week3,265.0 Pinecrest - 137.0 Hollin Meadows
Pinecrest,Week1,Daventry,Week4,331.0 Pinecrest - 71.0 Daventry
Parliament,Week1,Sully Station II,Week5,260.0 Sully Station II - 142.0 Parliament
Parliament,Week1,Sully Station II,Week4,203.0 Sully Station II - 199.0 Parliament
Pinecrest,Week3,Crosspointe,Week5,202.0 Crosspointe - 200.0 Pinecrest
Parliament,Week3,Sully Station II,Week5,279.0 Sully Station II - 123.0 Parliament
Pinecrest,Week5,Dowden Terrace,Week2,266.0 Pinecrest - 136.0 Dowden Terrace
Pinecrest,Week4,Crosspointe,Week4,219.0 Pinecrest - 183.0 Crosspointe
Pinecrest,Week2,Daventry,Week4,346.0 Pinecrest - 56.0 Daventry
Pinecrest,Week4,Hollin Meadows,Week2,275.0 Pinecrest - 127.0 Hollin Meadows
Pinecrest,Week4,Dowden Terrace,Week5,245.0 Pinecrest - 157.0 Dowden Terrace
Pinecrest,Week1,Holmes Run Acres,Week1,258.0 Pinecrest - 144.0 Holmes Run Acres
Pinecrest,Week4,Dowden Terrace,Week4,246.0 Pinecrest - 156.0 Dowden Terrace
Parliament,Week3,Truro,Week4,240.0 Parliament - 162.0 Truro
Parliament,Week1,Sully Station II,Week2,238.0 Sully Station II - 164.0 Parliament
Pinecrest,Week4,Hollin Meadows,Week5,248.0 Pinecrest - 154.0 Hollin Meadows
Pinecrest,Week4,Crosspointe,Week1,217.0 Pinecrest - 185.0 Crosspointe
Parliament,Week2,Sully Station II,Week1,243.0 Sully Station II - 159.0 Parliament
Pinecrest,Week3,Holmes Run Acres,Week1,286.0 Pinecrest - 116.0 Holmes Run Acres
Pinecrest,Week4,Daventry,Week1,347.0 Pinecrest - 55.0 Daventry
Pinecrest,Week3,Daventry,Week4,352.0 Pinecrest - 50.0 Daventry
Pinecrest,Week1,Dunn Loring,Week5,238.0 Dunn Loring - 164.0 Pinecrest
Pinecrest,Week3,Crosspointe,Week4,226.0 Pinecrest - 176.0 Crosspointe
Parliament,Week3,Truro,Week5,256.0 Parliament - 145.0 Truro
Pinecrest,Week2,Hunt Valley,Week4,217.0 Pinecrest - 185.0 Hunt Valley
Parliament,Week2,Truro,Week4,220.0 Parliament - 178.0 Truro
Pinecrest,Week5,Dowden Terrace,Week4,262.0 Pinecrest - 140.0 Dowden Terrace
Pinecrest,Week4,Hunt Valley,Week3,209.0 Hunt Valley - 193.0 Pinecrest
Pinecrest,Week1,Hunt Valley,Week2,215.0 Hunt Valley - 187.0 Pinecrest
Parliament,Week4,Sully Station II,Week1,234.0 Sully Station II - 168.0 Parliament
Pinecrest,Week4,Dowden Terrace,Week3,275.0 Pinecrest - 127.0 Dowden Terrace
Parliament,Week1,Truro,Week5,247.0 Parliament - 140.0 Truro
Pinecrest,Week4,Hunt Valley,Week1,221.0 Pinecrest - 181.0 Hunt Valley
Pinecrest,Week5,Dowden Terrace,Week3,270.0 Pinecrest - 132.0 Dowden Terrace
Pinecrest,Week3,Holmes Run Acres,Week4,290.0 Pinecrest - 112.0 Holmes Run Acres
Pinecrest,Week3,Dowden Terrace,Week1,278.0 Pinecrest - 124.0 Dowden Terrace
Pinecrest,Week1,Daventry,Week3,318.0 Pinecrest - 83.0 Daventry
Parliament,Week2,Truro,Week2,249.0 Parliament - 139.0 Truro
Pinecrest,Week3,Holmes Run Acres,Week5,243.0 Pinecrest - 159.0 Holmes Run Acres
Pinecrest,Week5,Crosspointe,Week2,226.0 Pinecrest - 176.0 Crosspointe
Parliament,Week3,Truro,Week1,226.0 Parliament - 176.0 Truro
Pinecrest,Week3,Hunt Valley,Week3,207.0 Hunt Valley - 195.0 Pinecrest
Pinecrest,Week5,Dowden Terrace,Week1,285.0 Pinecrest - 108.0 Dowden Terrace
Pinecrest,Week3,Daventry,Week3,337.0 Pinecrest - 65.0 Daventry
Parliament,Week4,Sully Station II,Week5,269.0 Sully Station II - 133.0 Parliament
Pinecrest,Week3,Daventry,Week2,343.0 Pinecrest - 59.0 Daventry
Pinecrest,Week4,Hunt Valley,Week4,209.0 Pinecrest - 193.0 Hunt Valley
Parliament,Week2,Woodley,Week2,266.0 Parliament - 136.0 Woodley
Pinecrest,Week1,Dunn Loring,Week1,208.0 Pinecrest - 194.0 Dunn Loring
Pinecrest,Week3,Dowden Terrace,Week5,247.0 Pinecrest - 155.0 Dowden Terrace
Parliament,Week5,Sully Station II,Week1,226.0 Sully Station II - 176.0 Parliament
Parliament,Week1,Woodley,Week5,273.0 Parliament - 129.0 Woodley
Pinecrest,Week2,Dowden Terrace,Week3,278.0 Pinecrest - 124.0 Dowden Terrace
Pinecrest,Week2,Dunn Loring,Week1,239.0 Pinecrest - 163.0 Dunn Loring
Parliament,Week4,Sully Station II,Week3,279.0 Sully Station II - 123.0 Parliament
Pinecrest,Week4,Hunt Valley,Week5,214.0 Hunt Valley - 188.0 Pinecrest
Parliament,Week4,Waynewood,Week5,282.0 Waynewood - 120.0 Parliament
Parliament,Week4,Sully Station II,Week4,235.5 Sully Station II - 166.5 Parliament
Pinecrest,Week1,Dunn Loring,Week4,227.0 Dunn Loring - 175.0 Pinecrest
Parliament,Week2,Waynewood,Week5,281.0 Waynewood - 121.0 Parliament
Parliament,Week4,Sully Station II,Week2,248.0 Sully Station II - 154.0 Parliament
Parliament,Week3,Waynewood,Week2,259.0 Waynewood - 143.0 Parliament
Parliament,Week3,Woodley,Week1,261.0 Parliament - 141.0 Woodley
Parliament,Week3,Sully Station II,Week3,268.0 Sully Station II - 134.0 Parliament
Pinecrest,Week3,Dowden Terrace,Week4,265.0 Pinecrest - 137.0 Dowden Terrace
Pinecrest,Week5,Hunt Valley,Week2,213.0 Pinecrest - 189.0 Hunt Valley
Pinecrest,Week5,Hunt Valley,Week1,208.5 Pinecrest - 193.5 Hunt Valley
Pinecrest,Week2,Dunn Loring,Week2,216.0 Dunn Loring - 186.0 Pinecrest
Pinecrest,Week4,Daventry,Week2,346.0 Pinecrest - 56.0 Daventry
Pinecrest,Week4,Holmes Run Acres,Week4,275.0 Pinecrest - 127.0 Holmes Run Acres
Pinecrest,Week1,Hunt Valley,Week5,213.0 Hunt Valley - 189.0 Pinecrest
Parliament,Week3,Sully Station II,Week1,234.0 Sully Station II - 168.0 Parliament
Pinecrest,Week2,Hunt Valley,Week2,213.0 Pinecrest - 189.0 Hunt Valley
Pinecrest,Week3,Hunt Valley,Week4,211.0 Pinecrest - 191.0 Hunt Valley
Parliament,Week3,Waynewood,Week4,247.0 Waynewood - 155.0 Parliament
Pinecrest,Week1,Fair Oaks ,Week3,245.0 Pinecrest - 157.0 Fair Oaks
Parliament,Week5,Waynewood,Week1,246.0 Waynewood - 156.0 Parliament
Pinecrest,Week1,Hunt Valley,Week4,210.0 Hunt Valley - 192.0 Pinecrest
Parliament,Week5,Woodley,Week2,272.5 Parliament - 129.5 Woodley
Pinecrest,Week5,Holmes Run Acres,Week4,284.0 Pinecrest - 118.0 Holmes Run Acres
Parliament,Week3,Sully Station II,Week2,260.0 Sully Station II - 142.0 Parliament
Pinecrest,Week2,Hunt Valley,Week1,218.0 Pinecrest - 184.0 Hunt Valley
Parliament,Week3,Woodley,Week3,263.0 Parliament - 139.0 Woodley
Pinecrest,Week4,Fair Oaks ,Week1,260.0 Pinecrest - 142.0 Fair Oaks
Parliament,Week5,Sully Station II,Week5,277.0 Sully Station II - 125.0 Parliament
Parliament,Week5,Waynewood,Week3,270.0 Waynewood - 132.0 Parliament
Pinecrest,Week2,Fair Oaks ,Week4,277.0 Pinecrest - 125.0 Fair Oaks
Parliament,Week5,Sully Station II,Week4,224.0 Sully Station II - 178.0 Parliament
Parliament,Week3,Sully Station II,Week4,224.0 Sully Station II - 178.0 Parliament
Parliament,Week5,Sully Station II,Week3,265.0 Sully Station II - 137.0 Parliament
Parliament,Week2,Truro,Week5,237.0 Parliament - 155.0 Truro
Parliament,Week3,Waynewood,Week3,270.0 Waynewood - 132.0 Parliament
Pinecrest,Week5,Dunn Loring,Week1,230.0 Pinecrest - 172.0 Dunn Loring
Parliament,Week1,Truro,Week4,256.0 Parliament - 143.0 Truro
Pinecrest,Week1,Fair Oaks ,Week5,227.0 Pinecrest - 175.0 Fair Oaks
Pinecrest,Week4,Holmes Run Acres,Week5,236.0 Pinecrest - 166.0 Holmes Run Acres
Parliament,Week4,Waynewood,Week1,250.0 Waynewood - 152.0 Parliament
Pinecrest,Week1,Hunt Valley,Week3,219.0 Hunt Valley - 183.0 Pinecrest
Parliament,Week1,Woodley,Week1,264.0 Parliament - 138.0 Woodley
Pinecrest,Week1,Dunn Loring,Week3,246.0 Dunn Loring - 156.0 Pinecrest
Pinecrest,Week3,Hunt Valley,Week1,215.0 Pinecrest - 187.0 Hunt Valley
Parliament,Week1,Truro,Week1,248.0 Parliament - 152.0 Truro
Pinecrest,Week3,Dunn Loring,Week2,220.0 Dunn Loring - 182.0 Pinecrest
Parliament,Week3,Waynewood,Week1,239.0 Waynewood - 163.0 Parliament
Pinecrest,Week2,Fair Oaks ,Week5,252.0 Pinecrest - 150.0 Fair Oaks
Pinecrest,Week3,Fair Oaks ,Week4,270.0 Pinecrest - 132.0 Fair Oaks
Pinecrest,Week2,Dunn Loring,Week4,202.0 Pinecrest - 200.0 Dunn Loring
Parliament,Week2,Truro,Week1,203.0 Parliament - 198.0 Truro
Pinecrest,Week4,Holmes Run Acres,Week3,245.0 Pinecrest - 157.0 Holmes Run Acres
Parliament,Week1,Truro,Week2,281.0 Parliament - 101.0 Truro
Parliament,Week2,Waynewood,Week2,261.0 Waynewood - 141.0 Parliament
Pinecrest,Week5,Holmes Run Acres,Week5,236.0 Pinecrest - 166.0 Holmes Run Acres
Pinecrest,Week5,Holmes Run Acres,Week1,276.0 Pinecrest - 126.0 Holmes Run Acres
Parliament,Week2,Sully Station II,Week5,286.0 Sully Station II - 116.0 Parliament
Pinecrest,Week4,Dunn Loring,Week4,202.0 Pinecrest - 200.0 Dunn Loring
Pinecrest,Week3,Dunn Loring,Week1,236.0 Pinecrest - 166.0 Dunn Loring
Pinecrest,Week2,Hunt Valley,Week3,205.0 Hunt Valley - 197.0 Pinecrest
Parliament,Week3,Truro,Week2,274.0 Parliament - 123.0 Truro
Parliament,Week5,Waynewood,Week2,254.0 Waynewood - 148.0 Parliament
Parliament,Week4,Waynewood,Week4,248.0 Waynewood - 154.0 Parliament
Parliament,Week4,Tuckahoe,Week5,341.0 Tuckahoe - 61.0 Parliament
Parliament,Week5,Truro,Week1,231.0 Parliament - 170.0 Truro
Parliament,Week4,Tuckahoe,Week1,331.0 Tuckahoe - 71.0 Parliament
Pinecrest,Week5,Holmes Run Acres,Week2,282.0 Pinecrest - 120.0 Holmes Run Acres
Parliament,Week2,Tuckahoe,Week3,347.5 Tuckahoe - 53.5 Parliament
Parliament,Week1,Woodley,Week2,291.0 Parliament - 111.0 Woodley
Pinecrest,Week4,Dunn Loring,Week5,215.5 Dunn Loring - 186.5 Pinecrest
Parliament,Week5,Waynewood,Week5,262.5 Waynewood - 139.5 Parliament
Pinecrest,Week5,Holmes Run Acres,Week3,253.0 Pinecrest - 149.0 Holmes Run Acres
Pinecrest,Week4,Dunn Loring,Week3,203.0 Dunn Loring - 199.0 Pinecrest
Parliament,Week4,Waynewood,Week3,283.0 Waynewood - 119.0 Parliament
Parliament,Week2,Waynewood,Week3,276.0 Waynewood - 126.0 Parliament
Parliament,Week2,Tuckahoe,Week5,329.0 Tuckahoe - 73.0 Parliament
Parliament,Week1,Tuckahoe,Week4,339.0 Tuckahoe - 63.0 Parliament
Pinecrest,Week3,Dunn Loring,Week4,207.0 Dunn Loring - 195.0 Pinecrest
Pinecrest,Week4,Holmes Run Acres,Week2,282.0 Pinecrest - 120.0 Holmes Run Acres
Parliament,Week5,Tuckahoe,Week1,323.0 Tuckahoe - 79.0 Parliament
Pinecrest,Week3,Hunt Valley,Week2,215.5 Pinecrest - 186.5 Hunt Valley
Pinecrest,Week1,Hunt Valley,Week1,213.0 Hunt Valley - 189.0 Pinecrest
Pinecrest,Week2,Hunt Valley,Week5,206.0 Hunt Valley - 196.0 Pinecrest
Parliament,Week5,Waynewood,Week4,237.0 Waynewood - 165.0 Parliament
Pinecrest,Week5,Dunn Loring,Week2,209.0 Dunn Loring - 193.0 Pinecrest
Pinecrest,Week3,Hunt Valley,Week5,212.0 Hunt Valley - 190.0 Pinecrest
Parliament,Week2,Waynewood,Week4,259.0 Waynewood - 143.0 Parliament
Pinecrest,Week3,Dunn Loring,Week5,218.5 Dunn Loring - 183.5 Pinecrest
Pinecrest,Week4,Dunn Loring,Week1,241.0 Pinecrest - 161.0 Dunn Loring
Parliament,Week1,Woodley,Week3,277.0 Parliament - 124.0 Woodley
Pinecrest,Week5,Hunter Mill,Week4,214.0 Pinecrest - 188.0 Hunter Mill
Parliament,Week5,Truro,Week2,252.0 Parliament - 131.0 Truro
Pinecrest,Week5,Dunn Loring,Week3,213.0 Dunn Loring - 189.0 Pinecrest
Pinecrest,Week3,Lincolnia Park,Week5,328.0 Pinecrest - 65.0 Lincolnia Park
Pinecrest,Week1,Fair Oaks ,Week1,243.0 Pinecrest - 159.0 Fair Oaks
Parliament,Week5,Truro,Week4,231.5 Parliament - 168.5 Truro
Pinecrest,Week2,Hunter Mill,Week2,242.0 Pinecrest - 160.0 Hunter Mill
Pinecrest,Week3,Lincolnia Park,Week3,345.5 Pinecrest - 47.5 Lincolnia Park
Parliament,Week5,Truro,Week5,237.0 Parliament - 153.0 Truro
Parliament,Week4,Waynewood,Week2,258.0 Waynewood - 144.0 Parliament
Pinecrest,Week4,Hunter Mill,Week4,223.5 Pinecrest - 178.5 Hunter Mill
Pinecrest,Week3,Dunn Loring,Week3,221.0 Dunn Loring - 181.0 Pinecrest
Parliament,Week2,Woodley,Week3,247.0 Parliament - 155.0 Woodley
Parliament,Week5,Tuckahoe,Week4,339.0 Tuckahoe - 63.0 Parliament
Parliament,Week1,Woodley,Week4,281.0 Parliament - 119.0 Woodley
Pinecrest,Week5,Hunter Mill,Week2,236.0 Pinecrest - 166.0 Hunter Mill
Pinecrest,Week4,Hunt Valley,Week2,218.0 Pinecrest - 184.0 Hunt Valley
Pinecrest,Week1,Ilda Community,Week1,313.0 Pinecrest - 89.0 Ilda Community
Pinecrest,Week5,Dunn Loring,Week4,206.0 Dunn Loring - 196.0 Pinecrest
Pinecrest,Week4,Lincolnia Park,Week2,352.5 Pinecrest - 40.5 Lincolnia Park
Parliament,Week3,Waynewood,Week5,275.0 Waynewood - 127.0 Parliament
Pinecrest,Week3,Lincolnia Park,Week1,359.0 Pinecrest - 43.0 Lincolnia Park
Pinecrest,Week5,Dunn Loring,Week5,215.0 Dunn Loring - 187.0 Pinecrest
Pinecrest,Week4,Dunn Loring,Week2,201.0 Dunn Loring - 201.0 Pinecrest
Parliament,Week4,Truro,Week2,259.0 Parliament - 132.0 Truro
Parliament,Week2,Woodley,Week1,248.0 Parliament - 154.0 Woodley
Parliament,Week2,Tuckahoe,Week1,322.0 Tuckahoe - 80.0 Parliament
Parliament,Week3,Woodley,Week2,278.0 Parliament - 124.0 Woodley
Pinecrest,Week2,Lincolnia Park,Week5,329.0 Pinecrest - 64.0 Lincolnia Park
Parliament,Week2,Woodley,Week5,255.0 Parliament - 146.0 Woodley
Pinecrest,Week3,Fair Oaks ,Week2,287.0 Pinecrest - 115.0 Fair Oaks
Pinecrest,Week5,Lee Graham,Week2,207.0 Lee Graham - 195.0 Pinecrest
Pinecrest,Week1,Fair Oaks ,Week2,263.0 Pinecrest - 139.0 Fair Oaks
Pinecrest,Week2,Hunter Mill,Week4,213.0 Pinecrest - 189.0 Hunter Mill
Pinecrest,Week2,Fair Oaks ,Week1,256.0 Pinecrest - 146.0 Fair Oaks
Parliament,Week2,Woodley,Week4,262.0 Parliament - 140.0 Woodley
Pinecrest,Week5,Lee Graham,Week4,202.0 Pinecrest - 200.0 Lee Graham
Pinecrest,Week4,Lee Graham,Week4,208.0 Lee Graham - 194.0 Pinecrest
Pinecrest,Week3,Fair Oaks ,Week5,247.5 Pinecrest - 154.5 Fair Oaks
Parliament,Week4,Truro,Week5,234.0 Parliament - 161.0 Truro
Parliament,Week4,Truro,Week3,236.0 Parliament - 166.0 Truro
Parliament,Week4,Woodley,Week2,272.0 Parliament - 130.0 Woodley
Pinecrest,Week5,Hunter Mill,Week3,233.0 Pinecrest - 169.0 Hunter Mill
Pinecrest,Week3,Fair Oaks ,Week1,270.0 Pinecrest - 132.0 Fair Oaks
Pinecrest,Week1,Fair Oaks ,Week4,257.0 Pinecrest - 145.0 Fair Oaks
Pinecrest,Week1,Hunter Mill,Week5,217.0 Hunter Mill - 185.0 Pinecrest
Pinecrest,Week1,Lincolnia Park,Week4,333.5 Pinecrest - 68.5 Lincolnia Park
Parliament,Week3,Woodley,Week4,270.0 Parliament - 132.0 Woodley
Parliament,Week1,Tuckahoe,Week2,295.0 Tuckahoe - 107.0 Parliament
Parliament,Week2,Tuckahoe,Week2,328.0 Tuckahoe - 74.0 Parliament
Pinecrest,Week3,Hunter Mill,Week4,220.0 Pinecrest - 182.0 Hunter Mill
Parliament,Week3,Woodley,Week5,263.0 Parliament - 139.0 Woodley
Pinecrest,Week2,Lincolnia Park,Week1,355.0 Pinecrest - 47.0 Lincolnia Park
Parliament,Week1,Tuckahoe,Week1,292.0 Tuckahoe - 110.0 Parliament
Parliament,Week4,Woodley,Week1,261.0 Parliament - 141.0 Woodley
Parliament,Week3,Tuckahoe,Week1,324.0 Tuckahoe - 78.0 Parliament
Pinecrest,Week2,Hunter Mill,Week5,214.0 Pinecrest - 188.0 Hunter Mill
Pinecrest,Week3,Lee Graham,Week3,212.0 Lee Graham - 190.0 Pinecrest
Parliament,Week3,Tuckahoe,Week3,347.0 Tuckahoe - 55.0 Parliament
Pinecrest,Week3,Hunter Mill,Week2,243.0 Pinecrest - 159.0 Hunter Mill
Parliament,Week4,Truro,Week1,225.0 Parliament - 177.0 Truro
Pinecrest,Week2,Fair Oaks ,Week2,281.0 Pinecrest - 121.0 Fair Oaks
Pinecrest,Week1,Lincolnia Park,Week1,354.0 Pinecrest - 48.0 Lincolnia Park
Pinecrest,Week2,Fair Oaks ,Week3,261.0 Pinecrest - 141.0 Fair Oaks
Pinecrest,Week5,Lee Graham,Week1,212.0 Lee Graham - 185.0 Pinecrest
Pinecrest,Week3,Fair Oaks ,Week3,258.0 Pinecrest - 144.0 Fair Oaks
Parliament,Week4,Woodley,Week3,249.0 Parliament - 153.0 Woodley
Pinecrest,Week1,Hunter Mill,Week4,210.0 Hunter Mill - 192.0 Pinecrest
Pinecrest,Week1,Hunter Mill,Week2,211.0 Pinecrest - 191.0 Hunter Mill
Parliament,Week4,Woodley,Week4,270.0 Parliament - 132.0 Woodley
Pinecrest,Week4,Hunter Mill,Week3,230.0 Pinecrest - 172.0 Hunter Mill
Parliament,Week3,Tuckahoe,Week2,332.0 Tuckahoe - 70.0 Parliament
Pinecrest,Week5,Hunt Valley,Week3,217.0 Hunt Valley - 185.0 Pinecrest
Parliament,Week4,Woodley,Week5,255.0 Parliament - 147.0 Woodley
Parliament,Week2,Rolling Forest,Week2,203.5 Parliament - 198.5 Rolling Forest
Pinecrest,Week3,Annandale,Week3,337.0 Pinecrest - 65.0 Annandale
Parliament,Week3,Tuckahoe,Week4,349.0 Tuckahoe - 53.0 Parliament
Pinecrest,Week2,Lincolnia Park,Week2,349.0 Pinecrest - 44.0 Lincolnia Park
Pinecrest,Week2,Annandale,Week4,333.0 Pinecrest - 69.0 Annandale
Pinecrest,Week4,Fair Oaks ,Week4,277.0 Pinecrest - 125.0 Fair Oaks
Parliament,Week2,Tuckahoe,Week4,343.0 Tuckahoe - 59.0 Parliament
Pinecrest,Week1,Hunter Mill,Week3,210.0 Pinecrest - 192.0 Hunter Mill
Parliament,Week5,Truro,Week3,240.0 Parliament - 161.0 Truro
Pinecrest,Week5,Fair Oaks ,Week1,267.5 Pinecrest - 134.5 Fair Oaks
Pinecrest,Week1,Lincolnia Park,Week2,345.0 Pinecrest - 48.0 Lincolnia Park
Pinecrest,Week1,Hunter Mill,Week1,203.0 Pinecrest - 199.0 Hunter Mill
Pinecrest,Week3,Hunter Mill,Week5,213.0 Pinecrest - 189.0 Hunter Mill
Pinecrest,Week4,Fair Oaks ,Week5,249.0 Pinecrest - 153.0 Fair Oaks
Pinecrest,Week4,Fair Oaks ,Week2,289.0 Pinecrest - 113.0 Fair Oaks
Pinecrest,Week5,Hunt Valley,Week5,212.0 Hunt Valley - 190.0 Pinecrest
Pinecrest,Week4,Lee Graham,Week2,209.0 Lee Graham - 193.0 Pinecrest
Parliament,Week3,Rolling Forest,Week4,205.0 Parliament - 197.0 Rolling Forest
Parliament,Week2,Rolling Hills,Week2,224.0 Parliament - 178.0 Rolling Hills
Parliament,Week5,Woodley,Week1,256.5 Parliament - 145.5 Woodley
Pinecrest,Week3,Lee Graham,Week5,212.0 Lee Graham - 190.0 Pinecrest
Parliament,Week4,Tuckahoe,Week2,343.0 Tuckahoe - 59.0 Parliament
Pinecrest,Week4,Lee Graham,Week3,210.0 Lee Graham - 192.0 Pinecrest
Pinecrest,Week4,Fair Oaks ,Week3,262.0 Pinecrest - 140.0 Fair Oaks
Pinecrest,Week2,Annandale,Week2,318.0 Pinecrest - 84.0 Annandale
Pinecrest,Week1,Lincolnia Park,Week5,305.0 Pinecrest - 88.0 Lincolnia Park
Pinecrest,Week3,Fairfax,Week1,218.0 Pinecrest - 184.0 Fairfax
Parliament,Week4,Tuckahoe,Week3,350.0 Tuckahoe - 52.0 Parliament
Parliament,Week5,Rolling Forest,Week4,216.0 Parliament - 186.0 Rolling Forest
Pinecrest,Week5,Fair Oaks ,Week4,270.0 Pinecrest - 132.0 Fair Oaks
Pinecrest,Week2,Hunter Mill,Week3,242.0 Pinecrest - 160.0 Hunter Mill
Pinecrest,Week4,Annandale,Week2,330.0 Pinecrest - 72.0 Annandale
Pinecrest,Week5,Hunt Valley,Week4,207.0 Pinecrest - 195.0 Hunt Valley
Pinecrest,Week4,Lee Graham,Week5,219.0 Lee Graham - 183.0 Pinecrest
Pinecrest,Week5,Lee Graham,Week5,226.0 Lee Graham - 176.0 Pinecrest
Parliament,Week1,Tuckahoe,Week5,317.0 Tuckahoe - 85.0 Parliament
Parliament,Week3,Rolling Forest,Week2,209.0 Parliament - 193.0 Rolling Forest
Pinecrest,Week1,Annandale,Week4,313.0 Pinecrest - 89.0 Annandale
Parliament,Week3,Rolling Forest,Week3,202.0 Rolling Forest - 200.0 Parliament
Pinecrest,Week1,Fairfax,Week2,213.0 Fairfax - 189.0 Pinecrest
Pinecrest,Week3,Hunter Mill,Week3,241.0 Pinecrest - 161.0 Hunter Mill
Parliament,Week1,Rolling Hills,Week1,241.0 Parliament - 159.0 Rolling Hills
Parliament,Week3,Tuckahoe,Week5,336.0 Tuckahoe - 66.0 Parliament
Parliament,Week4,Truro,Week4,229.0 Parliament - 172.0 Truro
Pinecrest,Week3,Fairfax,Week4,220.0 Pinecrest - 182.0 Fairfax
Pinecrest,Week3,Annandale,Week2,323.0 Pinecrest - 79.0 Annandale
Parliament,Week1,Tuckahoe,Week3,338.0 Tuckahoe - 63.0 Parliament
Pinecrest,Week1,Fairfax Club Estates,Week1,279.0 Pinecrest - 123.0 Fairfax Club Estates
Pinecrest,Week2,Hunter Mill,Week1,228.0 Pinecrest - 174.0 Hunter Mill
Pinecrest,Week5,Lee Graham,Week3,225.0 Lee Graham - 177.0 Pinecrest
Pinecrest,Week3,Annandale,Week5,327.0 Pinecrest - 75.0 Annandale
Parliament,Week3,Rolling Hills,Week2,227.5 Parliament - 174.5 Rolling Hills
Pinecrest,Week4,Lee Graham,Week1,210.0 Lee Graham - 192.0 Pinecrest
Pinecrest,Week4,Hunter Mill,Week1,241.0 Pinecrest - 161.0 Hunter Mill
Pinecrest,Week3,Annandale,Week4,344.0 Pinecrest - 58.0 Annandale
Pinecrest,Week5,Hunter Mill,Week5,224.0 Pinecrest - 178.0 Hunter Mill
Parliament,Week5,Vienna Aquatic,Week4,290.0 Vienna Aquatic - 111.0 Parliament
Pinecrest,Week4,Annandale,Week5,327.0 Pinecrest - 75.0 Annandale
Pinecrest,Week5,Fair Oaks ,Week5,248.0 Pinecrest - 154.0 Fair Oaks
Pinecrest,Week3,Hunter Mill,Week1,240.5 Pinecrest - 161.5 Hunter Mill
Parliament,Week4,Rolling Forest,Week4,207.0 Parliament - 195.0 Rolling Forest
Parliament,Week3,Rolling Forest,Week5,209.0 Rolling Forest - 193.0 Parliament
Pinecrest,Week4,Hunter Mill,Week2,249.0 Pinecrest - 153.0 Hunter Mill
Parliament,Week2,Rolling Hills,Week3,219.0 Parliament - 177.0 Rolling Hills
Pinecrest,Week2,Ilda Community,Week2,331.0 Pinecrest - 71.0 Ilda Community
Pinecrest,Week5,Fairfax,Week1,217.0 Pinecrest - 185.0 Fairfax
Pinecrest,Week1,Fairfax,Week3,224.0 Fairfax - 178.0 Pinecrest
Parliament,Week5,Vienna Aquatic,Week1,281.0 Vienna Aquatic - 121.0 Parliament
Pinecrest,Week1,Annandale,Week2,314.0 Pinecrest - 88.0 Annandale
Pinecrest,Week1,Annandale,Week3,316.0 Pinecrest - 86.0 Annandale
Parliament,Week4,Rolling Forest,Week5,211.0 Rolling Forest - 191.0 Parliament
Parliament,Week5,Woodley,Week3,266.0 Parliament - 136.0 Woodley
Parliament,Week4,Tuckahoe,Week4,348.0 Tuckahoe - 54.0 Parliament
Pinecrest,Week3,Lincolnia Park,Week2,349.0 Pinecrest - 44.0 Lincolnia Park
Pinecrest,Week2,Lincolnia Park,Week3,332.0 Pinecrest - 61.0 Lincolnia Park
Pinecrest,Week1,Ilda Community,Week2,319.5 Pinecrest - 82.5 Ilda Community
Pinecrest,Week2,Lincolnia Park,Week4,355.0 Pinecrest - 47.0 Lincolnia Park
Parliament,Week5,Tuckahoe,Week2,336.0 Tuckahoe - 66.0 Parliament
Pinecrest,Week1,Lincolnia Park,Week3,315.0 Pinecrest - 78.0 Lincolnia Park
Parliament,Week5,Woodley,Week5,252.0 Parliament - 150.0 Woodley
Parliament,Week5,Rolling Forest,Week1,203.0 Parliament - 199.0 Rolling Forest
Parliament,Week1,Vienna Aquatic,Week2,272.0 Vienna Aquatic - 130.0 Parliament
Pinecrest,Week4,Annandale,Week4,340.0 Pinecrest - 62.0 Annandale
Pinecrest,Week2,Fairfax,Week4,220.0 Pinecrest - 182.0 Fairfax
Pinecrest,Week5,Hunter Mill,Week1,231.5 Pinecrest - 170.5 Hunter Mill
Pinecrest,Week3,Lee Graham,Week4,205.0 Lee Graham - 197.0 Pinecrest
Pinecrest,Week3,Fairfax,Week2,203.0 Fairfax - 199.0 Pinecrest
Parliament,Week4,Rolling Forest,Week1,212.0 Rolling Forest - 190.0 Parliament
Parliament,Week3,Vienna Aquatic,Week5,316.0 Vienna Aquatic - 86.0 Parliament
Parliament,Week4,Rolling Forest,Week2,205.0 Parliament - 197.0 Rolling Forest
Pinecrest,Week4,Hunter Mill,Week5,203.0 Pinecrest - 199.0 Hunter Mill
Pinecrest,Week4,Annandale,Week3,336.0 Pinecrest - 66.0 Annandale
Parliament,Week5,Rolling Forest,Week3,204.0 Rolling Forest - 198.0 Parliament
Parliament,Week5,Tuckahoe,Week3,337.0 Tuckahoe - 64.0 Parliament
Pinecrest,Week3,Lincolnia Park,Week4,361.0 Pinecrest - 41.0 Lincolnia Park
Pinecrest,Week4,Fairfax,Week5,211.0 Fairfax - 191.0 Pinecrest
Pinecrest,Week4,Lincolnia Park,Week1,359.0 Pinecrest - 43.0 Lincolnia Park
Pinecrest,Week5,Fairfax,Week4,204.0 Pinecrest - 197.0 Fairfax
Pinecrest,Week2,Ilda Community,Week3,332.0 Pinecrest - 70.0 Ilda Community
Parliament,Week3,Rolling Forest,Week1,206.0 Parliament - 196.0 Rolling Forest
Pinecrest,Week1,Annandale,Week5,302.0 Pinecrest - 100.0 Annandale
Pinecrest,Week1,Little Hunting Park,Week1,304.0 Pinecrest - 98.0 Little Hunting Park
Pinecrest,Week3,Ilda Community,Week2,334.0 Pinecrest - 68.0 Ilda Community
Pinecrest,Week4,Little Hunting Park,Week3,332.0 Pinecrest - 70.0 Little Hunting Park
Parliament,Week1,Vienna Woods,Week1,292.0 Vienna Woods - 110.0 Parliament
Parliament,Week5,Rolling Forest,Week5,203.0 Rolling Forest - 199.0 Parliament
Pinecrest,Week2,Fairfax,Week5,220.0 Fairfax - 182.0 Pinecrest
Pinecrest,Week1,Fairfax,Week5,222.0 Fairfax - 180.0 Pinecrest
Pinecrest,Week3,Ilda Community,Week1,325.0 Pinecrest - 77.0 Ilda Community
Parliament,Week1,Vienna Woods,Week4,265.0 Vienna Woods - 132.0 Parliament
Pinecrest,Week2,Ilda Community,Week4,319.0 Pinecrest - 83.0 Ilda Community
Pinecrest,Week3,Fairfax,Week3,204.0 Fairfax - 198.0 Pinecrest
Parliament,Week5,Rolling Forest,Week2,212.0 Parliament - 190.0 Rolling Forest
Pinecrest,Week4,Lincolnia Park,Week3,336.0 Pinecrest - 57.0 Lincolnia Park
Parliament,Week1,Vienna Woods,Week3,296.0 Vienna Woods - 106.0 Parliament
Parliament,Week2,Rolling Forest,Week5,220.0 Rolling Forest - 182.0 Parliament
Pinecrest,Week5,Lincolnia Park,Week5,332.0 Pinecrest - 60.0 Lincolnia Park
Parliament,Week1,Vienna Woods,Week2,278.0 Vienna Woods - 124.0 Parliament
Pinecrest,Week4,Annandale,Week1,331.0 Pinecrest - 71.0 Annandale
Pinecrest,Week2,Little Hunting Park,Week2,312.0 Pinecrest - 90.0 Little Hunting Park
Pinecrest,Week3,Fairfax,Week5,205.0 Fairfax - 197.0 Pinecrest
Parliament,Week5,Woodley,Week4,277.0 Parliament - 124.0 Woodley
Parliament,Week2,Vienna Aquatic,Week4,300.0 Vienna Aquatic - 101.0 Parliament
Pinecrest,Week1,Annandale,Week1,320.0 Pinecrest - 82.0 Annandale
Pinecrest,Week5,Fairfax,Week2,215.0 Fairfax - 187.0 Pinecrest
Pinecrest,Week2,Annandale,Week1,318.0 Pinecrest - 84.0 Annandale
Pinecrest,Week2,Fairfax,Week2,205.0 Fairfax - 197.0 Pinecrest
Pinecrest,Week4,Fairfax,Week3,202.0 Fairfax - 200.0 Pinecrest
Parliament,Week1,Rolling Hills,Week4,253.0 Parliament - 145.0 Rolling Hills
Parliament,Week1,Rolling Hills,Week2,252.0 Parliament - 145.0 Rolling Hills
Pinecrest,Week2,Fairfax,Week1,216.0 Pinecrest - 186.0 Fairfax
Pinecrest,Week1,Arlington Forest,Week3,260.0 Pinecrest - 142.0 Arlington Forest
Pinecrest,Week3,Annandale,Week1,326.0 Pinecrest - 76.0 Annandale
Parliament,Week4,Rolling Forest,Week3,213.0 Rolling Forest - 189.0 Parliament
Pinecrest,Week2,Annandale,Week5,312.0 Pinecrest - 90.0 Annandale
Parliament,Week2,Vienna Aquatic,Week2,302.0 Vienna Aquatic - 100.0 Parliament
Pinecrest,Week4,Ilda Community,Week1,329.0 Pinecrest - 73.0 Ilda Community
Pinecrest,Week3,Little Hunting Park,Week2,321.0 Pinecrest - 81.0 Little Hunting Park
Parliament,Week5,Vienna Aquatic,Week3,285.5 Vienna Aquatic - 116.5 Parliament
Pinecrest,Week2,Annandale,Week3,321.0 Pinecrest - 81.0 Annandale
Pinecrest,Week3,Ilda Community,Week4,328.0 Pinecrest - 74.0 Ilda Community
Pinecrest,Week2,Little Hunting Park,Week4,323.0 Pinecrest - 79.0 Little Hunting Park
Pinecrest,Week5,Fairfax,Week3,215.0 Fairfax - 186.0 Pinecrest
Pinecrest,Week2,Ilda Community,Week1,318.0 Pinecrest - 84.0 Ilda Community
Parliament,Week5,Tuckahoe,Week5,333.0 Tuckahoe - 69.0 Parliament
Parliament,Week1,Rolling Hills,Week5,251.0 Parliament - 150.0 Rolling Hills
Pinecrest,Week5,Lincolnia Park,Week1,354.0 Pinecrest - 48.0 Lincolnia Park
Parliament,Week1,Vienna Aquatic,Week4,265.0 Vienna Aquatic - 136.0 Parliament
Parliament,Week1,Rolling Hills,Week3,246.0 Parliament - 147.0 Rolling Hills
Pinecrest,Week3,Little Hunting Park,Week1,320.0 Pinecrest - 82.0 Little Hunting Park
Pinecrest,Week1,Ilda Community,Week4,302.0 Pinecrest - 100.0 Ilda Community
Pinecrest,Week3,Ilda Community,Week3,338.0 Pinecrest - 64.0 Ilda Community
Parliament,Week2,Rolling Hills,Week5,232.0 Parliament - 170.0 Rolling Hills
Pinecrest,Week4,Fairfax,Week2,204.0 Pinecrest - 198.0 Fairfax
Pinecrest,Week5,Fair Oaks ,Week3,251.0 Pinecrest - 151.0 Fair Oaks
Pinecrest,Week1,Little Hunting Park,Week4,309.0 Pinecrest - 93.0 Little Hunting Park
Pinecrest,Week1,Fairfax,Week1,210.0 Pinecrest - 192.0 Fairfax
Pinecrest,Week1,Little Hunting Park,Week2,290.0 Pinecrest - 112.0 Little Hunting Park
Pinecrest,Week3,Arlington Forest,Week5,230.0 Pinecrest - 172.0 Arlington Forest
Parliament,Week1,Vienna Aquatic,Week1,272.0 Vienna Aquatic - 130.0 Parliament
Pinecrest,Week3,Little Hunting Park,Week3,332.0 Pinecrest - 70.0 Little Hunting Park
Pinecrest,Week1,Ilda Community,Week3,321.0 Pinecrest - 81.0 Ilda Community
Pinecrest,Week1,Brandywine,Week3,232.0 Pinecrest - 170.0 Brandywine
Pinecrest,Week3,Ilda Community,Week5,337.0 Pinecrest - 65.0 Ilda Community
Pinecrest,Week5,Fairfax,Week5,227.0 Fairfax - 174.0 Pinecrest
Parliament,Week4,Vienna Aquatic,Week4,294.0 Vienna Aquatic - 108.0 Parliament
Pinecrest,Week4,Arlington Forest,Week2,297.0 Pinecrest - 105.0 Arlington Forest
Parliament,Week2,Rolling Forest,Week3,216.0 Rolling Forest - 185.0 Parliament
Parliament,Week2,Rolling Hills,Week1,222.0 Parliament - 178.0 Rolling Hills
Pinecrest,Week5,Fair Oaks ,Week2,279.0 Pinecrest - 123.0 Fair Oaks
Pinecrest,Week4,Little Hunting Park,Week4,320.0 Pinecrest - 82.0 Little Hunting Park
Parliament,Week3,Vienna Aquatic,Week1,289.0 Vienna Aquatic - 113.0 Parliament
Pinecrest,Week5,Lincolnia Park,Week3,329.0 Pinecrest - 63.0 Lincolnia Park
Parliament,Week3,Vienna Aquatic,Week4,285.0 Vienna Aquatic - 117.0 Parliament
Pinecrest,Week4,Ilda Community,Week5,341.0 Pinecrest - 61.0 Ilda Community
Parliament,Week2,Vienna Aquatic,Week3,310.0 Vienna Aquatic - 92.0 Parliament
Pinecrest,Week4,Ilda Community,Week3,345.0 Pinecrest - 57.0 Ilda Community
Pinecrest,Week5,Arlington Forest,Week3,297.0 Pinecrest - 104.0 Arlington Forest
Pinecrest,Week3,Arlington Forest,Week1,288.0 Pinecrest - 114.0 Arlington Forest
Parliament,Week2,Rolling Hills,Week4,234.0 Parliament - 166.0 Rolling Hills
Pinecrest,Week1,Brandywine,Week2,251.5 Pinecrest - 150.5 Brandywine
Parliament,Week4,Vienna Aquatic,Week5,313.5 Vienna Aquatic - 87.5 Parliament
Pinecrest,Week2,Little Hunting Park,Week1,323.0 Pinecrest - 78.0 Little Hunting Park
Pinecrest,Week4,Fairfax,Week1,219.5 Pinecrest - 182.5 Fairfax
Pinecrest,Week5,Annandale,Week2,326.0 Pinecrest - 76.0 Annandale
Parliament,Week2,Rolling Forest,Week4,203.0 Parliament - 199.0 Rolling Forest
Pinecrest,Week2,Ilda Community,Week5,330.0 Pinecrest - 72.0 Ilda Community
Parliament,Week5,Vienna Aquatic,Week5,306.0 Vienna Aquatic - 94.0 Parliament
Pinecrest,Week4,Ilda Community,Week4,333.0 Pinecrest - 69.0 Ilda Community
Pinecrest,Week4,Lincolnia Park,Week5,334.0 Pinecrest - 59.0 Lincolnia Park
Pinecrest,Week2,Fairfax,Week3,205.0 Fairfax - 197.0 Pinecrest
Parliament,Week2,Rolling Valley,Week3,267.0 Parliament - 134.0 Rolling Valley
Pinecrest,Week1,Arlington Forest,Week4,225.0 Pinecrest - 177.0 Arlington Forest
Parliament,Week3,Rolling Hills,Week1,232.0 Parliament - 169.0 Rolling Hills
Pinecrest,Week1,Fairfax,Week4,205.0 Fairfax - 197.0 Pinecrest
Parliament,Week4,Vienna Aquatic,Week3,303.0 Vienna Aquatic - 99.0 Parliament
Pinecrest,Week2,Little Hunting Park,Week5,298.0 Pinecrest - 104.0 Little Hunting Park
Pinecrest,Week4,Ilda Community,Week2,336.5 Pinecrest - 65.5 Ilda Community
Parliament,Week2,Rolling Valley,Week1,280.0 Parliament - 122.0 Rolling Valley
Pinecrest,Week5,Annandale,Week4,332.0 Pinecrest - 70.0 Annandale
Parliament,Week4,Rolling Hills,Week2,234.0 Parliament - 168.0 Rolling Hills
Pinecrest,Week4,Fairfax Club Estates,Week3,308.0 Pinecrest - 94.0 Fairfax Club Estates
Parliament,Week1,Rolling Valley,Week4,285.0 Parliament - 116.0 Rolling Valley
Pinecrest,Week1,Arlington Forest,Week2,260.0 Pinecrest - 142.0 Arlington Forest
Pinecrest,Week2,Arlington Forest,Week1,273.0 Pinecrest - 129.0 Arlington Forest
Parliament,Week1,Vienna Aquatic,Week3,286.0 Vienna Aquatic - 116.0 Parliament
Pinecrest,Week5,Fairfax Club Estates,Week1,311.5 Pinecrest - 90.5 Fairfax Club Estates
Pinecrest,Week5,Annandale,Week5,319.0 Pinecrest - 83.0 Annandale
Parliament,Week1,Vienna Aquatic,Week5,303.0 Vienna Aquatic - 97.0 Parliament
Pinecrest,Week4,Fairfax Club Estates,Week5,306.0 Pinecrest - 96.0 Fairfax Club Estates
Pinecrest,Week4,Fairfax,Week4,219.0 Pinecrest - 183.0 Fairfax
Pinecrest,Week1,Ilda Community,Week5,323.0 Pinecrest - 79.0 Ilda Community
Parliament,Week4,Vienna Aquatic,Week1,298.0 Vienna Aquatic - 104.0 Parliament
Pinecrest,Week3,Little Hunting Park,Week4,334.0 Pinecrest - 68.0 Little Hunting Park
Pinecrest,Week1,Little Hunting Park,Week5,275.5 Pinecrest - 126.5 Little Hunting Park
Parliament,Week3,Rolling Valley,Week5,267.0 Parliament - 135.0 Rolling Valley
Pinecrest,Week5,Lincolnia Park,Week2,348.0 Pinecrest - 44.0 Lincolnia Park
Parliament,Week3,Vienna Aquatic,Week3,305.0 Vienna Aquatic - 97.0 Parliament
Parliament,Week2,Vienna Aquatic,Week1,300.0 Vienna Aquatic - 102.0 Parliament
Pinecrest,Week1,Little Hunting Park,Week3,311.0 Pinecrest - 91.0 Little Hunting Park
Parliament,Week3,Rolling Hills,Week5,245.0 Parliament - 157.0 Rolling Hills
Pinecrest,Week5,Fairfax Club Estates,Week4,302.0 Pinecrest - 99.0 Fairfax Club Estates
Pinecrest,Week2,Little Hunting Park,Week3,327.0 Pinecrest - 75.0 Little Hunting Park
Parliament,Week5,Rolling Hills,Week4,236.0 Parliament - 161.0 Rolling Hills
Pinecrest,Week2,Arlington Forest,Week2,275.0 Pinecrest - 127.0 Arlington Forest
Parliament,Week3,Vienna Aquatic,Week2,297.0 Vienna Aquatic - 105.0 Parliament
Parliament,Week4,Vienna Aquatic,Week2,291.0 Vienna Aquatic - 111.0 Parliament
Pinecrest,Week1,Fairfax Station,Week2,214.0 Fairfax Station - 188.0 Pinecrest
Parliament,Week2,Rolling Valley,Week2,264.0 Parliament - 138.0 Rolling Valley
Pinecrest,Week2,Arlington Forest,Week3,288.0 Pinecrest - 114.0 Arlington Forest
Parliament,Week4,Rolling Hills,Week1,231.0 Parliament - 171.0 Rolling Hills
Pinecrest,Week1,Fairfax Station,Week3,224.0 Fairfax Station - 178.0 Pinecrest
Parliament,Week2,Rolling Valley,Week5,259.0 Parliament - 143.0 Rolling Valley
Pinecrest,Week5,Annandale,Week1,336.0 Pinecrest - 66.0 Annandale
Pinecrest,Week2,Fairfax Station,Week4,224.0 Pinecrest - 178.0 Fairfax Station
Pinecrest,Week3,Little Hunting Park,Week5,318.0 Pinecrest - 84.0 Little Hunting Park
Parliament,Week5,Vienna Aquatic,Week2,288.0 Vienna Aquatic - 114.0 Parliament
Pinecrest,Week5,Lincolnia Park,Week4,356.0 Pinecrest - 45.0 Lincolnia Park
Parliament,Week3,Rolling Valley,Week2,290.0 Parliament - 112.0 Rolling Valley
Pinecrest,Week4,Lincolnia Park,Week4,361.0 Pinecrest - 41.0 Lincolnia Park
Pinecrest,Week4,Little Hunting Park,Week2,317.0 Pinecrest - 85.0 Little Hunting Park
Pinecrest,Week5,Annandale,Week3,322.0 Pinecrest - 80.0 Annandale
Pinecrest,Week1,Fairfax Station,Week5,230.0 Fairfax Station - 172.0 Pinecrest
Pinecrest,Week3,Arlington Forest,Week4,259.0 Pinecrest - 143.0 Arlington Forest
Parliament,Week5,Vienna Woods,Week5,325.0 Vienna Woods - 77.0 Parliament
Parliament,Week3,Rolling Hills,Week3,233.0 Parliament - 169.0 Rolling Hills
Parklawn,Week4,Pinecrest,Week4,306.0 Pinecrest - 96.0 Parklawn
Pinecrest,Week2,Fairfax Station,Week2,218.0 Pinecrest - 184.0 Fairfax Station
Parliament,Week2,Vienna Aquatic,Week5,314.0 Vienna Aquatic - 84.0 Parliament
Pinecrest,Week2,Arlington Forest,Week4,238.0 Pinecrest - 164.0 Arlington Forest
Parliament,Week3,Vienna Woods,Week2,306.0 Vienna Woods - 96.0 Parliament
Pinecrest,Week4,Little Hunting Park,Week1,313.0 Pinecrest - 89.0 Little Hunting Park
Parliament,Week1,Crosspointe,Week4,240.0 Crosspointe - 162.0 Parliament
Parliament,Week1,Crosspointe,Week3,241.0 Crosspointe - 161.0 Parliament
Parliament,Week1,Rolling Valley,Week1,302.0 Parliament - 100.0 Rolling Valley
Parliament,Week4,Vienna Woods,Week4,309.0 Vienna Woods - 88.0 Parliament
Parliament,Week3,Vienna Woods,Week1,310.0 Vienna Woods - 92.0 Parliament
Pinecrest,Week2,Fairfax Club Estates,Week5,300.0 Pinecrest - 101.0 Fairfax Club Estates
Pinecrest,Week3,Fairfax Club Estates,Week5,311.0 Pinecrest - 91.0 Fairfax Club Estates
Parliament,Week2,Vienna Woods,Week2,315.0 Vienna Woods - 87.0 Parliament
Parliament,Week5,Rolling Hills,Week3,219.0 Parliament - 174.0 Rolling Hills
Pinecrest,Week5,Little Hunting Park,Week2,306.0 Pinecrest - 95.0 Little Hunting Park
Pinecrest,Week5,Arlington Forest,Week1,284.0 Pinecrest - 118.0 Arlington Forest
Parliament,Week5,Crosspointe,Week4,251.0 Crosspointe - 151.0 Parliament
Parliament,Week4,Rolling Hills,Week3,228.0 Parliament - 168.0 Rolling Hills
Pinecrest,Week2,Fairfax Station,Week5,213.0 Fairfax Station - 189.0 Pinecrest
Pinecrest,Week1,Fairfax Club Estates,Week2,289.0 Pinecrest - 113.0 Fairfax Club Estates
Pinecrest,Week3,Fairfax Club Estates,Week3,310.0 Pinecrest - 92.0 Fairfax Club Estates
Pinecrest,Week3,Arlington Forest,Week3,308.0 Pinecrest - 94.0 Arlington Forest
Parliament,Week3,Vienna Woods,Week5,331.0 Vienna Woods - 71.0 Parliament
Pinecrest,Week4,Arlington Forest,Week3,306.0 Pinecrest - 96.0 Arlington Forest
Pinecrest,Week5,Little Hunting Park,Week3,321.0 Pinecrest - 81.0 Little Hunting Park
Parliament,Week2,Crosspointe,Week5,294.0 Crosspointe - 108.0 Parliament
Pinecrest,Week5,Fairfax Club Estates,Week2,313.0 Pinecrest - 88.0 Fairfax Club Estates
Parliament,Week3,Crosspointe,Week2,268.0 Crosspointe - 134.0 Parliament
Pinecrest,Week4,Little Hunting Park,Week5,312.0 Pinecrest - 90.0 Little Hunting Park
Pinecrest,Week5,Little Hunting Park,Week5,297.0 Pinecrest - 105.0 Little Hunting Park
Parklawn,Week4,Pinecrest,Week5,298.5 Pinecrest - 99.5 Parklawn
Pinecrest,Week4,Arlington Forest,Week4,247.0 Pinecrest - 155.0 Arlington Forest
Parliament,Week1,Rolling Valley,Week5,289.0 Parliament - 113.0 Rolling Valley
Pinecrest,Week1,Little Rocky Run,Week1,202.0 Little Rocky Run - 200.0 Pinecrest
Pinecrest,Week5,Little Hunting Park,Week4,331.0 Pinecrest - 70.0 Little Hunting Park
Pinecrest,Week1,Long Branch,Week2,277.0 Pinecrest - 125.0 Long Branch
Pinecrest,Week4,Arlington Forest,Week1,286.0 Pinecrest - 116.0 Arlington Forest
Parliament,Week5,Rolling Hills,Week1,231.0 Parliament - 169.0 Rolling Hills
Pinecrest,Week5,Little Hunting Park,Week1,319.0 Pinecrest - 79.0 Little Hunting Park
Parliament,Week5,Rolling Hills,Week2,239.0 Parliament - 161.0 Rolling Hills
Pinecrest,Week2,Fairfax Club Estates,Week1,293.0 Pinecrest - 109.0 Fairfax Club Estates
Parliament,Week3,Rolling Hills,Week4,233.0 Parliament - 169.0 Rolling Hills
Parliament,Week1,Vienna Woods,Week5,299.0 Vienna Woods - 103.0 Parliament
Pinecrest,Week1,Arlington Forest,Week1,243.0 Pinecrest - 159.0 Arlington Forest
Parliament,Week5,Crosspointe,Week5,280.0 Crosspointe - 122.0 Parliament
Pinecrest,Week1,Fairfax Club Estates,Week5,280.0 Pinecrest - 122.0 Fairfax Club Estates
Parliament,Week4,Vienna Woods,Week1,317.0 Vienna Woods - 85.0 Parliament
Parliament,Week4,Rolling Hills,Week4,233.0 Parliament - 168.0 Rolling Hills
Pinecrest,Week1,Arlington Forest,Week5,217.0 Pinecrest - 185.0 Arlington Forest
Pinecrest,Week4,Arlington Forest,Week5,237.0 Pinecrest - 165.0 Arlington Forest
Parliament,Week2,Villa Aquatic,Week3,243.0 Villa Aquatic - 159.0 Parliament
Parliament,Week1,Villa Aquatic,Week1,219.0 Parliament - 183.0 Villa Aquatic
Parliament,Week5,Vienna Woods,Week2,294.0 Vienna Woods - 108.0 Parliament
Pinecrest,Week3,Fairfax Club Estates,Week1,300.5 Pinecrest - 101.5 Fairfax Club Estates
Parliament,Week3,Vienna Woods,Week3,310.0 Vienna Woods - 92.0 Parliament
Pinecrest,Week5,Arlington Forest,Week2,287.0 Pinecrest - 115.0 Arlington Forest
Parliament,Week2,Daventry,Week3,276.0 Parliament - 124.0 Daventry
Pinecrest,Week2,Fairfax Club Estates,Week4,299.0 Pinecrest - 103.0 Fairfax Club Estates
Parliament,Week1,Daventry,Week5,279.0 Parliament - 116.0 Daventry
Pinecrest,Week1,Fairfax Club Estates,Week4,268.0 Pinecrest - 134.0 Fairfax Club Estates
Pinecrest,Week5,Arlington Forest,Week4,252.0 Pinecrest - 150.0 Arlington Forest
Parliament,Week1,Crosspointe,Week1,254.0 Crosspointe - 148.0 Parliament
Parliament,Week5,Rolling Hills,Week5,242.0 Parliament - 159.0 Rolling Hills
Parliament,Week3,Crosspointe,Week5,287.0 Crosspointe - 115.0 Parliament
Parliament,Week5,Vienna Woods,Week4,296.0 Vienna Woods - 101.0 Parliament
Parliament,Week2,Rolling Valley,Week4,258.0 Parliament - 144.0 Rolling Valley
Pinecrest,Week3,Arlington Forest,Week2,288.0 Pinecrest - 114.0 Arlington Forest
Parliament,Week4,Vienna Woods,Week2,319.0 Vienna Woods - 83.0 Parliament
Parliament,Week1,Rolling Valley,Week2,290.0 Parliament - 112.0 Rolling Valley
Pinecrest,Week1,Fairfax Club Estates,Week3,286.0 Pinecrest - 116.0 Fairfax Club Estates
Parliament,Week3,Crosspointe,Week4,272.0 Crosspointe - 130.0 Parliament
Pinecrest,Week2,Fairfax Club Estates,Week3,297.0 Pinecrest - 105.0 Fairfax Club Estates
Pinecrest,Week2,Arlington Forest,Week5,228.0 Pinecrest - 174.0 Arlington Forest
Pinecrest,Week2,Little Rocky Run,Week1,224.0 Pinecrest - 178.0 Little Rocky Run
Pinecrest,Week2,Little Rocky Run,Week2,220.0 Pinecrest - 182.0 Little Rocky Run
Pinecrest,Week1,Little Rocky Run,Week2,215.0 Pinecrest - 187.0 Little Rocky Run
Parliament,Week3,Rolling Valley,Week1,300.0 Parliament - 102.0 Rolling Valley
Pinecrest,Week2,Little Rocky Run,Week3,204.5 Little Rocky Run - 197.5 Pinecrest
Pinecrest,Week1,Little Rocky Run,Week3,214.5 Little Rocky Run - 187.5 Pinecrest
Pinecrest,Week1,Brandywine,Week1,266.0 Pinecrest - 136.0 Brandywine
Pinecrest,Week4,Fairfax Club Estates,Week1,309.0 Pinecrest - 93.0 Fairfax Club Estates
Pinecrest,Week5,Brandywine,Week2,272.0 Pinecrest - 130.0 Brandywine
Parliament,Week1,Rolling Valley,Week3,286.0 Parliament - 116.0 Rolling Valley
Pinecrest,Week2,Brandywine,Week4,272.0 Pinecrest - 130.0 Brandywine
Pinecrest,Week5,Arlington Forest,Week5,235.0 Pinecrest - 167.0 Arlington Forest
Pinecrest,Week5,Brandywine,Week5,233.0 Pinecrest - 169.0 Brandywine
Parliament,Week3,Crosspointe,Week3,272.5 Crosspointe - 129.5 Parliament
Pinecrest,Week2,Fairfax Club Estates,Week2,309.0 Pinecrest - 93.0 Fairfax Club Estates
Parliament,Week1,Villa Aquatic,Week3,210.0 Villa Aquatic - 192.0 Parliament
Pinecrest,Week2,Little Rocky Run,Week4,206.5 Pinecrest - 195.5 Little Rocky Run
Parliament,Week3,Rolling Valley,Week4,282.0 Parliament - 120.0 Rolling Valley
Parliament,Week2,Crosspointe,Week2,267.0 Crosspointe - 135.0 Parliament
Parliament,Week1,Villa Aquatic,Week2,207.5 Parliament - 194.5 Villa Aquatic
Pinecrest,Week4,Fairfax Club Estates,Week2,312.0 Pinecrest - 90.0 Fairfax Club Estates
Parliament,Week4,Rolling Hills,Week5,236.0 Parliament - 166.0 Rolling Hills
Parliament,Week2,Crosspointe,Week4,276.0 Crosspointe - 125.0 Parliament
Parliament,Week4,Rolling Valley,Week1,299.0 Parliament - 103.0 Rolling Valley
Parliament,Week2,Vienna Woods,Week3,322.0 Vienna Woods - 80.0 Parliament
Parliament,Week1,Crosspointe,Week5,259.0 Crosspointe - 143.0 Parliament
Pinecrest,Week2,Little Rocky Run,Week5,206.0 Little Rocky Run - 196.0 Pinecrest
Parliament,Week3,Rolling Valley,Week3,280.0 Parliament - 122.0 Rolling Valley
Parliament,Week5,Vienna Woods,Week1,314.0 Vienna Woods - 88.0 Parliament
Pinecrest,Week3,Little Rocky Run,Week2,226.0 Pinecrest - 176.0 Little Rocky Run
Pinecrest,Week3,Fairfax Club Estates,Week4,298.0 Pinecrest - 104.0 Fairfax Club Estates
Pinecrest,Week3,Little Rocky Run,Week1,224.0 Pinecrest - 178.0 Little Rocky Run
Pinecrest,Week5,Little Rocky Run,Week1,217.0 Pinecrest - 185.0 Little Rocky Run
Pinecrest,Week4,Brandywine,Week1,271.0 Pinecrest - 131.0 Brandywine
Parliament,Week2,Crosspointe,Week1,274.0 Crosspointe - 128.0 Parliament
Pinecrest,Week1,Fairfax Station,Week1,203.0 Fairfax Station - 199.0 Pinecrest
Pinecrest,Week1,Brandywine,Week5,229.0 Pinecrest - 173.0 Brandywine
Pinecrest,Week4,Little Rocky Run,Week1,225.0 Pinecrest - 177.0 Little Rocky Run
Parliament,Week4,Crosspointe,Week1,276.0 Crosspointe - 126.0 Parliament
Parliament,Week2,Crosspointe,Week3,277.0 Crosspointe - 125.0 Parliament
Pinecrest,Week4,Little Rocky Run,Week3,210.0 Pinecrest - 192.0 Little Rocky Run
Parliament,Week5,Lakevale Estates,Week3,251.0 Lakevale Estates - 146.0 Parliament
Parliament,Week2,Vienna Woods,Week1,308.0 Vienna Woods - 94.0 Parliament
Pinecrest,Week2,Fairfax Station,Week1,221.0 Pinecrest - 181.0 Fairfax Station
Pinecrest,Week1,Bren Mar-Edsall Park,Week4,376.0 Pinecrest - 26.0 Bren Mar-Edsall Park
Pinecrest,Week4,Fairfax Club Estates,Week4,303.5 Pinecrest - 98.5 Fairfax Club Estates
Parliament,Week5,Lake Braddock,Week4,282.0 Parliament - 119.0 Lake Braddock
Parliament,Week4,Rolling Valley,Week5,276.0 Parliament - 126.0 Rolling Valley
Parliament,Week2,Villa Aquatic,Week1,215.0 Villa Aquatic - 187.0 Parliament
Parliament,Week3,Lakevale Estates,Week4,275.0 Lakevale Estates - 127.0 Parliament
Parliament,Week4,Rutherford,Week2,243.0 Parliament - 158.0 Rutherford
Parliament,Week2,Vienna Woods,Week4,310.0 Vienna Woods - 87.0 Parliament
Parliament,Week4,Lakevale Estates,Week5,298.0 Lakevale Estates - 104.0 Parliament
Pinecrest,Week5,Fairfax Club Estates,Week5,307.5 Pinecrest - 85.5 Fairfax Club Estates
Parliament,Week4,Crosspointe,Week2,272.0 Crosspointe - 130.0 Parliament
Parliament,Week5,Vienna Woods,Week3,307.5 Vienna Woods - 94.5 Parliament
Parliament,Week4,Rolling Valley,Week3,270.0 Parliament - 132.0 Rolling Valley
Parliament,Week1,Lakevale Estates,Week1,231.5 Lakevale Estates - 170.5 Parliament
Pinecrest,Week4,Little Rocky Run,Week2,224.0 Pinecrest - 178.0 Little Rocky Run
Pinecrest,Week1,Bren Mar-Edsall Park,Week2,383.5 Pinecrest - 18.5 Bren Mar-Edsall Park
Parliament,Week4,Crosspointe,Week3,260.0 Crosspointe - 142.0 Parliament
Pinecrest,Week3,Little Rocky Run,Week5,202.0 Pinecrest - 200.0 Little Rocky Run
Parliament,Week5,Lakevale Estates,Week4,261.0 Lakevale Estates - 141.0 Parliament
Pinecrest,Week2,Bren Mar-Edsall Park,Week3,381.0 Pinecrest - 21.0 Bren Mar-Edsall Park
Parliament,Week1,Villa Aquatic,Week4,206.0 Parliament - 196.0 Villa Aquatic
Parliament,Week3,Crosspointe,Week1,270.0 Crosspointe - 132.0 Parliament
Pinecrest,Week5,Fairfax Club Estates,Week3,308.0 Pinecrest - 93.0 Fairfax Club Estates
Parliament,Week5,Rolling Valley,Week5,277.0 Parliament - 125.0 Rolling Valley
Pinecrest,Week4,Little Rocky Run,Week4,203.0 Pinecrest - 199.0 Little Rocky Run
Parliament,Week4,Vienna Woods,Week5,338.0 Vienna Woods - 64.0 Parliament
Pinecrest,Week1,Fairfax Station,Week4,212.0 Fairfax Station - 190.0 Pinecrest
Parliament,Week4,Crosspointe,Week4,269.0 Crosspointe - 133.0 Parliament
Pinecrest,Week5,Little Rocky Run,Week2,224.0 Pinecrest - 178.0 Little Rocky Run
Parliament,Week4,Rolling Valley,Week4,272.0 Parliament - 130.0 Rolling Valley
Pinecrest,Week2,Bren Mar-Edsall Park,Week1,378.0 Pinecrest - 24.0 Bren Mar-Edsall Park
Parliament,Week4,Rolling Valley,Week2,279.0 Parliament - 123.0 Rolling Valley
Parliament,Week1,Villa Aquatic,Week5,206.0 Villa Aquatic - 196.0 Parliament
Pinecrest,Week3,Fairfax Club Estates,Week2,320.0 Pinecrest - 82.0 Fairfax Club Estates
Parliament,Week1,Shouse Village,Week2,243.0 Parliament - 157.0 Shouse Village
Parliament,Week1,Lakevale Estates,Week3,237.0 Lakevale Estates - 160.0 Parliament
Pinecrest,Week2,Forest Hollow,Week4,250.0 Pinecrest - 152.0 Forest Hollow
Pinecrest,Week4,Little Rocky Run,Week5,212.0 Little Rocky Run - 190.0 Pinecrest
Parliament,Week1,Lakevale Estates,Week4,253.0 Lakevale Estates - 149.0 Parliament
Pinecrest,Week2,Fairfax Station,Week3,206.0 Pinecrest - 196.0 Fairfax Station
Parliament,Week1,Lakeview,Week5,287.0 Parliament - 102.0 Lakeview
Parliament,Week1,Rutherford,Week5,249.0 Parliament - 152.0 Rutherford
Pinecrest,Week4,Fairfax Station,Week2,206.0 Fairfax Station - 196.0 Pinecrest
Pinecrest,Week3,Brandywine,Week4,288.0 Pinecrest - 114.0 Brandywine
Parliament,Week5,Lakevale Estates,Week2,250.0 Lakevale Estates - 152.0 Parliament
Parliament,Week5,Rutherford,Week3,242.0 Parliament - 160.0 Rutherford
Parliament,Week1,Crosspointe,Week2,224.0 Crosspointe - 178.0 Parliament
Parliament,Week4,Crosspointe,Week5,288.0 Crosspointe - 114.0 Parliament
Pinecrest,Week5,Little Rocky Run,Week3,217.0 Pinecrest - 185.0 Little Rocky Run
Parliament,Week2,Villa Aquatic,Week2,202.0 Villa Aquatic - 200.0 Parliament
Pinecrest,Week5,Little Rocky Run,Week4,216.0 Pinecrest - 186.0 Little Rocky Run
Parliament,Week5,Crosspointe,Week1,274.0 Crosspointe - 128.0 Parliament
Parliament,Week3,Vienna Woods,Week4,300.0 Vienna Woods - 102.0 Parliament
Pinecrest,Week2,Brandywine,Week2,278.0 Pinecrest - 124.0 Brandywine
Parliament,Week2,Vienna Woods,Week5,333.0 Vienna Woods - 69.0 Parliament
Parliament,Week4,Vienna Woods,Week3,327.5 Vienna Woods - 74.5 Parliament
Pinecrest,Week1,Forest Hollow,Week2,257.0 Pinecrest - 145.0 Forest Hollow
Parliament,Week5,Crosspointe,Week2,248.5 Crosspointe - 153.5 Parliament
Pinecrest,Week3,Brandywine,Week1,284.5 Pinecrest - 117.5 Brandywine
Parliament,Week3,Rutherford,Week5,233.0 Parliament - 169.0 Rutherford
Pinecrest,Week2,Bren Mar-Edsall Park,Week4,379.0 Pinecrest - 23.0 Bren Mar-Edsall Park
Parliament,Week5,Crosspointe,Week3,262.5 Crosspointe - 139.5 Parliament
Pinecrest,Week3,Forest Hollow,Week5,253.0 Pinecrest - 149.0 Forest Hollow
Parliament,Week3,Rutherford,Week4,237.0 Parliament - 165.0 Rutherford
Pinecrest,Week1,Bren Mar-Edsall Park,Week5,373.0 Pinecrest - 29.0 Bren Mar-Edsall Park
Parliament,Week2,Villa Aquatic,Week5,240.5 Villa Aquatic - 161.5 Parliament
Parliament,Week3,Village West,Week1,267.0 Parliament - 135.0 Village West
Parliament,Week1,Rutherford,Week1,271.0 Parliament - 126.0 Rutherford
Parliament,Week3,Lakevale Estates,Week5,294.0 Lakevale Estates - 108.0 Parliament
Parliament,Week5,Villa Aquatic,Week3,237.0 Villa Aquatic - 165.0 Parliament
Pinecrest,Week5,Little Rocky Run,Week5,202.0 Pinecrest - 200.0 Little Rocky Run
Pinecrest,Week5,Fairfax Station,Week1,211.0 Pinecrest - 191.0 Fairfax Station
Parliament,Week1,Daventry,Week1,282.0 Parliament - 118.0 Daventry
Parliament,Week1,Daventry,Week2,284.0 Parliament - 113.0 Daventry
Pinecrest,Week1,Long Branch,Week1,268.0 Pinecrest - 134.0 Long Branch
Parliament,Week2,Village West,Week4,233.0 Parliament - 163.0 Village West
Pinecrest,Week2,Brandywine,Week3,262.0 Pinecrest - 140.0 Brandywine
Pinecrest,Week3,Forest Hollow,Week4,267.5 Pinecrest - 134.5 Forest Hollow
Parliament,Week5,Lake Braddock,Week3,281.0 Parliament - 120.0 Lake Braddock
Pinecrest,Week3,Fairfax Station,Week1,205.0 Pinecrest - 197.0 Fairfax Station
Parliament,Week2,Rutherford,Week4,234.0 Parliament - 168.0 Rutherford
Pinecrest,Week2,Bren Mar-Edsall Park,Week2,386.0 Pinecrest - 16.0 Bren Mar-Edsall Park
Parliament,Week1,Daventry,Week3,296.0 Parliament - 102.0 Daventry
Pinecrest,Week3,Little Rocky Run,Week3,202.0 Little Rocky Run - 200.0 Pinecrest
Parliament,Week4,Rutherford,Week3,226.0 Parliament - 176.0 Rutherford
Parliament,Week2,Lakevale Estates,Week1,257.0 Lakevale Estates - 145.0 Parliament
Pinecrest,Week1,Brandywine,Week4,235.0 Pinecrest - 167.0 Brandywine
Pinecrest,Week1,Mansion House,Week1,229.0 Pinecrest - 173.0 Mansion House
Pinecrest,Week2,Long Branch,Week2,289.0 Pinecrest - 113.0 Long Branch
Pinecrest,Week2,Brandywine,Week1,269.0 Pinecrest - 133.0 Brandywine
Parliament,Week4,Rutherford,Week4,239.0 Parliament - 162.0 Rutherford
Parliament,Week2,Lakevale Estates,Week5,281.0 Lakevale Estates - 121.0 Parliament
Pinecrest,Week1,Little Rocky Run,Week4,202.0 Pinecrest - 200.0 Little Rocky Run
Parliament,Week1,Lakevale Estates,Week5,256.0 Lakevale Estates - 145.0 Parliament
Parliament,Week4,Lakevale Estates,Week1,267.0 Lakevale Estates - 135.0 Parliament
Pinecrest,Week4,Brandywine,Week5,253.0 Pinecrest - 149.0 Brandywine
Pinecrest,Week1,Forest Hollow,Week3,250.0 Pinecrest - 152.0 Forest Hollow
Parliament,Week2,Daventry,Week1,270.0 Parliament - 128.0 Daventry
Parliament,Week3,Villa Aquatic,Week2,207.0 Villa Aquatic - 195.0 Parliament
Parliament,Week1,Rutherford,Week3,255.0 Parliament - 147.0 Rutherford
Parliament,Week2,Dominion Hills,Week2,216.0 Dominion Hills - 186.0 Parliament
Parliament,Week2,Village West,Week2,236.0 Parliament - 165.0 Village West
Parliament,Week3,Rutherford,Week1,264.0 Parliament - 138.0 Rutherford
Pinecrest,Week4,Long Branch,Week3,314.0 Pinecrest - 88.0 Long Branch
Parliament,Week5,Rolling Valley,Week1,301.0 Parliament - 101.0 Rolling Valley
Pinecrest,Week5,Fairfax Station,Week4,218.5 Pinecrest - 183.5 Fairfax Station
Parliament,Week2,Lakevale Estates,Week3,259.0 Lakevale Estates - 138.0 Parliament
Parliament,Week1,Daventry,Week4,298.0 Parliament - 103.0 Daventry
Pinecrest,Week5,Brandywine,Week1,273.0 Pinecrest - 129.0 Brandywine
Parliament,Week3,Rutherford,Week3,235.0 Parliament - 167.0 Rutherford
Pinecrest,Week2,Long Branch,Week1,286.0 Pinecrest - 116.0 Long Branch
Parliament,Week3,Rutherford,Week2,250.0 Parliament - 152.0 Rutherford
Pinecrest,Week3,Fairfax Station,Week5,218.0 Fairfax Station - 184.0 Pinecrest
Pinecrest,Week1,Forest Hollow,Week5,220.0 Pinecrest - 182.0 Forest Hollow
Parliament,Week2,Dominion Hills,Week5,249.0 Dominion Hills - 153.0 Parliament
Parliament,Week2,Lakevale Estates,Week2,267.0 Lakevale Estates - 135.0 Parliament
Pinecrest,Week3,Brandywine,Week3,274.0 Pinecrest - 128.0 Brandywine
Parliament,Week1,Village West,Week3,257.0 Parliament - 144.0 Village West
Pinecrest,Week3,Fairfax Station,Week3,205.0 Fairfax Station - 197.0 Pinecrest
Parliament,Week2,Lakevale Estates,Week4,286.0 Lakevale Estates - 116.0 Parliament
Pinecrest,Week3,Little Rocky Run,Week4,212.0 Pinecrest - 190.0 Little Rocky Run
Parliament,Week1,Rutherford,Week2,263.5 Parliament - 137.5 Rutherford
Parliament,Week1,Lakevale Estates,Week2,228.0 Lakevale Estates - 174.0 Parliament
Pinecrest,Week4,Brandywine,Week3,264.0 Pinecrest - 138.0 Brandywine
Pinecrest,Week5,Brandywine,Week3,243.0 Pinecrest - 153.0 Brandywine
Parliament,Week3,Villa Aquatic,Week3,231.0 Villa Aquatic - 171.0 Parliament
Pinecrest,Week5,Fairfax Station,Week3,212.0 Fairfax Station - 190.0 Pinecrest
Parliament,Week3,Daventry,Week5,278.0 Parliament - 123.0 Daventry
Parliament,Week3,Village West,Week3,240.0 Parliament - 162.0 Village West
Parliament,Week3,Village West,Week4,245.5 Parliament - 151.5 Village West
Pinecrest,Week1,Little Rocky Run,Week5,220.0 Little Rocky Run - 182.0 Pinecrest
Parliament,Week2,Daventry,Week2,268.0 Parliament - 132.0 Daventry
Pinecrest,Week3,Brandywine,Week5,251.5 Pinecrest - 150.5 Brandywine
Pinecrest,Week4,Long Branch,Week5,291.0 Pinecrest - 111.0 Long Branch
Parliament,Week3,Lakevale Estates,Week2,258.0 Lakevale Estates - 144.0 Parliament
Parliament,Week3,Daventry,Week4,304.0 Parliament - 98.0 Daventry
Pinecrest,Week5,Fairfax Station,Week2,200.0 Pinecrest - 197.0 Fairfax Station
Pinecrest,Week2,Long Branch,Week5,281.0 Pinecrest - 121.0 Long Branch
Parliament,Week2,Rutherford,Week3,226.0 Parliament - 175.0 Rutherford
Pinecrest,Week4,Fairfax Station,Week5,225.0 Fairfax Station - 177.0 Pinecrest
Parliament,Week5,Villa Aquatic,Week4,218.0 Villa Aquatic - 184.0 Parliament
Parliament,Week4,Lakevale Estates,Week2,264.0 Lakevale Estates - 138.0 Parliament
Pinecrest,Week4,Long Branch,Week2,304.0 Pinecrest - 98.0 Long Branch
Pinecrest,Week2,Forest Hollow,Week1,262.0 Pinecrest - 140.0 Forest Hollow
Parliament,Week5,Rutherford,Week1,251.0 Parliament - 147.0 Rutherford
Pinecrest,Week4,Brandywine,Week2,285.0 Pinecrest - 117.0 Brandywine
Pinecrest,Week3,Long Branch,Week5,287.0 Pinecrest - 115.0 Long Branch
Parliament,Week5,Daventry,Week5,269.0 Parliament - 126.0 Daventry
Parliament,Week4,Villa Aquatic,Week4,223.0 Villa Aquatic - 179.0 Parliament
Pinecrest,Week2,Brandywine,Week5,249.0 Pinecrest - 153.0 Brandywine
Pinecrest,Week3,Brandywine,Week2,291.0 Pinecrest - 111.0 Brandywine
Parliament,Week2,Daventry,Week4,276.0 Parliament - 125.0 Daventry
Parliament,Week1,Dominion Hills,Week2,215.0 Parliament - 187.0 Dominion Hills
Pinecrest,Week1,Forest Hollow,Week1,254.0 Pinecrest - 148.0 Forest Hollow
Pinecrest,Week4,Brandywine,Week4,283.5 Pinecrest - 118.5 Brandywine
Parliament,Week5,Lake Braddock,Week5,263.0 Parliament - 137.0 Lake Braddock
Parliament,Week3,Villa Aquatic,Week1,211.0 Villa Aquatic - 191.0 Parliament
Parliament,Week4,Rutherford,Week5,220.0 Parliament - 182.0 Rutherford
Pinecrest,Week3,Long Branch,Week1,298.0 Pinecrest - 104.0 Long Branch
Parliament,Week3,Lakevale Estates,Week3,266.0 Lakevale Estates - 136.0 Parliament
Parliament,Week3,Villa Aquatic,Week5,233.0 Villa Aquatic - 169.0 Parliament
Pinecrest,Week4,Fairfax Station,Week1,202.0 Pinecrest - 200.0 Fairfax Station
Pinecrest,Week3,Long Branch,Week3,315.0 Pinecrest - 87.0 Long Branch
Parliament,Week5,Lakevale Estates,Week5,274.0 Lakevale Estates - 128.0 Parliament
Parliament,Week5,Lakevale Estates,Week1,242.0 Lakevale Estates - 160.0 Parliament
Parliament,Week5,Villa Aquatic,Week5,227.0 Villa Aquatic - 175.0 Parliament
Pinecrest,Week1,Bren Mar-Edsall Park,Week3,377.0 Pinecrest - 25.0 Bren Mar-Edsall Park
Parliament,Week5,Rolling Valley,Week4,279.0 Parliament - 122.0 Rolling Valley
Parliament,Week4,Daventry,Week4,291.0 Parliament - 111.0 Daventry
Parliament,Week4,Villa Aquatic,Week1,218.0 Villa Aquatic - 184.0 Parliament
Pinecrest,Week4,Fairfax Station,Week3,211.0 Fairfax Station - 191.0 Pinecrest
Parliament,Week3,Daventry,Week2,294.0 Parliament - 108.0 Daventry
Pinecrest,Week2,Long Branch,Week4,289.0 Pinecrest - 113.0 Long Branch
Pinecrest,Week3,Long Branch,Week4,300.0 Pinecrest - 102.0 Long Branch
Pinecrest,Week3,Fairfax Station,Week2,209.0 Pinecrest - 193.0 Fairfax Station
Parliament,Week4,Villa Aquatic,Week3,240.0 Villa Aquatic - 162.0 Parliament
Parliament,Week4,Daventry,Week3,284.0 Parliament - 116.0 Daventry
Parliament,Week1,Rutherford,Week4,259.0 Parliament - 139.0 Rutherford
Parliament,Week4,Lakevale Estates,Week3,272.0 Lakevale Estates - 125.0 Parliament
Pinecrest,Week1,Bren Mar-Edsall Park,Week1,377.0 Pinecrest - 25.0 Bren Mar-Edsall Park
Pinecrest,Week4,Long Branch,Week4,298.0 Pinecrest - 104.0 Long Branch
Parliament,Week5,Rolling Valley,Week3,283.0 Parliament - 119.0 Rolling Valley
Parliament,Week4,Rutherford,Week1,254.0 Parliament - 147.0 Rutherford
Parliament,Week3,Villa Aquatic,Week4,215.0 Villa Aquatic - 187.0 Parliament
Parliament,Week3,Lakevale Estates,Week1,251.0 Lakevale Estates - 151.0 Parliament
Pinecrest,Week5,Brandywine,Week4,258.0 Pinecrest - 144.0 Brandywine
Parliament,Week3,Daventry,Week1,291.0 Parliament - 111.0 Daventry
Pinecrest,Week2,Forest Hollow,Week2,266.0 Pinecrest - 136.0 Forest Hollow
Pinecrest,Week3,Brookfield ,Week3,305.0 Pinecrest - 97.0 Brookfield
Parliament,Week5,Rutherford,Week4,241.0 Parliament - 157.0 Rutherford
Pinecrest,Week3,Bren Mar-Edsall Park,Week2,388.0 Pinecrest - 14.0 Bren Mar-Edsall Park
Parliament,Week2,Rutherford,Week2,245.0 Parliament - 153.0 Rutherford
Pinecrest,Week1,Forest Hollow,Week4,233.0 Pinecrest - 169.0 Forest Hollow
Pinecrest,Week3,Long Branch,Week2,298.0 Pinecrest - 104.0 Long Branch
Pinecrest,Week2,Forest Hollow,Week3,247.0 Pinecrest - 155.0 Forest Hollow
Pinecrest,Week1,Long Branch,Week5,264.5 Pinecrest - 137.5 Long Branch
Parliament,Week1,Lakeview,Week1,305.0 Parliament - 97.0 Lakeview
Pinecrest,Week2,Brookfield ,Week2,286.0 Pinecrest - 116.0 Brookfield
Pinecrest,Week3,Fairfax Station,Week4,213.0 Pinecrest - 189.0 Fairfax Station
Parliament,Week5,Villa Aquatic,Week1,204.0 Parliament - 198.0 Villa Aquatic
Pinecrest,Week1,Brookfield ,Week1,255.0 Pinecrest - 147.0 Brookfield
Pinecrest,Week4,Bren Mar-Edsall Park,Week4,383.0 Pinecrest - 19.0 Bren Mar-Edsall Park
Parliament,Week4,Villa Aquatic,Week5,234.0 Villa Aquatic - 168.0 Parliament
Pinecrest,Week4,Fairfax Station,Week4,204.0 Pinecrest - 198.0 Fairfax Station
Parliament,Week5,Rutherford,Week2,257.0 Parliament - 144.0 Rutherford
Parliament,Week5,Rolling Valley,Week2,282.0 Parliament - 120.0 Rolling Valley
Parliament,Week1,Village West,Week2,267.5 Parliament - 134.5 Village West
Parliament,Week2,Rutherford,Week1,251.0 Parliament - 150.0 Rutherford
Pinecrest,Week5,Bren Mar-Edsall Park,Week2,375.0 Pinecrest - 26.0 Bren Mar-Edsall Park
Parliament,Week2,Rutherford,Week5,219.0 Parliament - 182.0 Rutherford
Pinecrest,Week3,Forest Hollow,Week3,269.0 Pinecrest - 133.0 Forest Hollow
Pinecrest,Week1,Long Branch,Week4,279.0 Pinecrest - 123.0 Long Branch
Parliament,Week5,Villa Aquatic,Week2,225.0 Villa Aquatic - 177.0 Parliament
Pinecrest,Week5,Long Branch,Week1,285.0 Pinecrest - 116.0 Long Branch
Parliament,Week5,Daventry,Week3,287.0 Parliament - 111.0 Daventry
Pinecrest,Week3,Forest Hollow,Week2,271.0 Pinecrest - 131.0 Forest Hollow
Parliament,Week3,Lakeview,Week5,276.0 Parliament - 117.0 Lakeview
Pinecrest,Week3,Bren Mar-Edsall Park,Week4,383.0 Pinecrest - 19.0 Bren Mar-Edsall Park
Parliament,Week5,Daventry,Week4,291.0 Parliament - 110.0 Daventry
Parliament,Week1,Lakeview,Week4,278.0 Parliament - 124.0 Lakeview
Parliament,Week1,Dominion Hills,Week4,202.0 Dominion Hills - 199.0 Parliament
Pinecrest,Week5,Fairfax Station,Week5,213.0 Fairfax Station - 189.0 Pinecrest
Parliament,Week5,Rutherford,Week5,225.0 Parliament - 176.0 Rutherford
Parliament,Week4,Villa Aquatic,Week2,211.0 Villa Aquatic - 191.0 Parliament
Pinecrest,Week5,Long Branch,Week2,281.0 Pinecrest - 120.0 Long Branch
Parliament,Week3,Daventry,Week3,289.0 Parliament - 113.0 Daventry
Pinecrest,Week4,Long Branch,Week1,300.0 Pinecrest - 102.0 Long Branch
Parliament,Week4,Daventry,Week5,274.0 Parliament - 123.0 Daventry
Parliament,Week1,Village West,Week1,267.0 Parliament - 134.0 Village West
Parliament,Week5,Daventry,Week2,278.0 Parliament - 119.0 Daventry
Parliament,Week1,Lakeview,Week2,301.0 Parliament - 97.0 Lakeview
Parliament,Week1,Lakeview,Week3,278.5 Parliament - 123.5 Lakeview
Parliament,Week2,Villa Aquatic,Week4,224.0 Villa Aquatic - 178.0 Parliament
Parliament,Week4,Lakevale Estates,Week4,288.0 Lakevale Estates - 114.0 Parliament
Pinecrest,Week3,Forest Hollow,Week1,266.0 Pinecrest - 136.0 Forest Hollow
Pinecrest,Week5,Bren Mar-Edsall Park,Week3,372.0 Pinecrest - 30.0 Bren Mar-Edsall Park
Parliament,Week2,Langley,Week1,275.5 Langley - 126.5 Parliament
Pinecrest,Week2,Fox Hunt,Week3,265.0 Pinecrest - 137.0 Fox Hunt
Pinecrest,Week5,Bren Mar-Edsall Park,Week4,374.0 Pinecrest - 28.0 Bren Mar-Edsall Park
Parliament,Week2,Village West,Week1,256.0 Parliament - 146.0 Village West
Parliament,Week2,Dominion Hills,Week1,204.0 Dominion Hills - 198.0 Parliament
Parliament,Week1,Shouse Village,Week1,205.0 Parliament - 197.0 Shouse Village
Parliament,Week1,Dominion Hills,Week5,216.0 Dominion Hills - 185.0 Parliament
Parliament,Week5,Daventry,Week1,283.0 Parliament - 117.0 Daventry
Pinecrest,Week4,Bren Mar-Edsall Park,Week5,382.0 Pinecrest - 20.0 Bren Mar-Edsall Park
Pinecrest,Week5,Long Branch,Week3,296.0 Pinecrest - 106.0 Long Branch
Parliament,Week3,Shouse Village,Week1,208.0 Shouse Village - 194.0 Parliament
Parliament,Week1,Village West,Week5,256.0 Parliament - 145.0 Village West
Parliament,Week1,Village West,Week4,250.0 Parliament - 146.0 Village West
Pinecrest,Week4,Bren Mar-Edsall Park,Week3,381.0 Pinecrest - 21.0 Bren Mar-Edsall Park
Parliament,Week1,Shouse Village,Week4,205.0 Shouse Village - 196.0 Parliament
Parliament,Week1,Sideburn Run,Week3,215.0 Parliament - 187.0 Sideburn Run
Parliament,Week2,Lakeview,Week2,281.0 Parliament - 121.0 Lakeview
Parliament,Week2,Langley,Week4,279.5 Langley - 122.5 Parliament
Pinecrest,Week1,Long Branch,Week3,290.0 Pinecrest - 112.0 Long Branch
Parliament,Week1,Dominion Hills,Week1,228.0 Parliament - 174.0 Dominion Hills
Parliament,Week1,Langley,Week4,238.0 Langley - 164.0 Parliament
Pinecrest,Week5,Long Branch,Week4,292.5 Pinecrest - 109.5 Long Branch
Pinecrest,Week2,Forest Hollow,Week5,235.0 Pinecrest - 167.0 Forest Hollow
Parliament,Week2,Village West,Week3,221.0 Parliament - 181.0 Village West
Pinecrest,Week5,Long Branch,Week5,274.0 Pinecrest - 127.0 Long Branch
Pinecrest,Week1,Fox Hunt,Week1,269.0 Pinecrest - 133.0 Fox Hunt
Parliament,Week2,Sideburn Run,Week3,235.0 Sideburn Run - 167.0 Parliament
Pinecrest,Week3,Fox Hunt,Week5,275.0 Pinecrest - 127.0 Fox Hunt
Pinecrest,Week2,Brookfield ,Week1,274.0 Pinecrest - 128.0 Brookfield
Pinecrest,Week3,Fox Hunt,Week2,282.0 Pinecrest - 120.0 Fox Hunt
Pinecrest,Week1,Brookfield ,Week4,268.0 Pinecrest - 134.0 Brookfield
Parliament,Week4,Daventry,Week1,276.0 Parliament - 125.0 Daventry
Parliament,Week2,Daventry,Week5,254.5 Parliament - 140.5 Daventry
Pinecrest,Week1,Mansion House,Week5,222.0 Pinecrest - 180.0 Mansion House
Parliament,Week4,Lakeview,Week3,259.0 Parliament - 143.0 Lakeview
Parliament,Week2,Shouse Village,Week4,224.0 Shouse Village - 178.0 Parliament
Pinecrest,Week2,Bren Mar-Edsall Park,Week5,378.0 Pinecrest - 24.0 Bren Mar-Edsall Park
Pinecrest,Week4,Fox Hunt,Week2,280.0 Pinecrest - 122.0 Fox Hunt
Parliament,Week3,Village West,Week5,238.0 Parliament - 164.0 Village West
Parliament,Week2,Langley,Week5,262.0 Langley - 140.0 Parliament
Pinecrest,Week3,Bren Mar-Edsall Park,Week5,384.0 Pinecrest - 18.0 Bren Mar-Edsall Park
Parliament,Week4,Daventry,Week2,289.0 Parliament - 112.0 Daventry
Parliament,Week2,Shouse Village,Week5,224.0 Shouse Village - 178.0 Parliament
Pinecrest,Week1,Mansion House,Week3,217.5 Pinecrest - 184.5 Mansion House
Parliament,Week2,Lakeview,Week3,244.0 Parliament - 158.0 Lakeview
Parliament,Week3,Langley,Week1,260.0 Langley - 142.0 Parliament
Parliament,Week2,Dominion Hills,Week3,206.0 Dominion Hills - 196.0 Parliament
Parliament,Week2,Village West,Week5,230.0 Parliament - 172.0 Village West
Pinecrest,Week2,Long Branch,Week3,307.0 Pinecrest - 95.0 Long Branch
Parliament,Week3,Village West,Week2,261.0 Parliament - 141.0 Village West
Parliament,Week5,Shouse Village,Week3,211.0 Shouse Village - 190.0 Parliament
Pinecrest,Week1,Mansion House,Week2,230.0 Pinecrest - 172.0 Mansion House
Parliament,Week2,Lakeview,Week1,270.0 Parliament - 131.0 Lakeview
Pinecrest,Week4,Forest Hollow,Week3,263.0 Pinecrest - 139.0 Forest Hollow
Parliament,Week2,Lakeview,Week4,242.0 Parliament - 160.0 Lakeview
Pinecrest,Week2,Fox Hunt,Week1,281.0 Pinecrest - 121.0 Fox Hunt
Pinecrest,Week2,Mansion House,Week4,251.5 Pinecrest - 150.5 Mansion House
Parliament,Week5,Village West,Week5,238.0 Parliament - 163.0 Village West
Parliament,Week3,Dominion Hills,Week4,232.0 Dominion Hills - 170.0 Parliament
Pinecrest,Week1,Mansion House,Week4,231.0 Pinecrest - 171.0 Mansion House
Pinecrest,Week2,Brookfield ,Week4,284.0 Pinecrest - 118.0 Brookfield
Parliament,Week4,Village West,Week3,224.0 Parliament - 178.0 Village West
Parliament,Week2,Dominion Hills,Week4,246.0 Dominion Hills - 156.0 Parliament
Pinecrest,Week3,Bren Mar-Edsall Park,Week3,386.0 Pinecrest - 16.0 Bren Mar-Edsall Park
Parliament,Week2,Donaldson Run,Week2,320.0 Donaldson Run - 82.0 Parliament
Parliament,Week1,Virginia Hills,Week2,315.0 Parliament - 84.0 Virginia Hills
Pinecrest,Week2,Mansion House,Week3,231.0 Pinecrest - 171.0 Mansion House
Pinecrest,Week4,Fox Hunt,Week4,273.0 Pinecrest - 129.0 Fox Hunt
Pinecrest,Week5,Fox Hunt,Week4,275.0 Pinecrest - 127.0 Fox Hunt
Parliament,Week5,Lakeview,Week1,288.0 Parliament - 114.0 Lakeview
Parliament,Week4,Village West,Week1,251.0 Parliament - 151.0 Village West
Parliament,Week4,Virginia Hills,Week5,296.0 Parliament - 106.0 Virginia Hills
Parliament,Week1,Sideburn Run,Week5,205.0 Sideburn Run - 197.0 Parliament
Parliament,Week3,Dominion Hills,Week3,215.0 Parliament - 187.0 Dominion Hills
Pinecrest,Week5,Fox Hunt,Week2,273.5 Pinecrest - 128.5 Fox Hunt
Parliament,Week3,Dominion Hills,Week2,207.0 Dominion Hills - 195.0 Parliament
Parliament,Week2,Virginia Hills,Week4,294.0 Parliament - 108.0 Virginia Hills
Parliament,Week4,Shouse Village,Week5,229.0 Shouse Village - 173.0 Parliament
Pinecrest,Week2,Brookfield ,Week3,294.0 Pinecrest - 108.0 Brookfield
Pinecrest,Week1,Brookfield ,Week3,286.0 Pinecrest - 116.0 Brookfield
Pinecrest,Week2,Mansion House,Week5,222.0 Pinecrest - 180.0 Mansion House
Parliament,Week3,Shouse Village,Week4,236.0 Shouse Village - 166.0 Parliament
Parliament,Week5,Shouse Village,Week1,208.0 Shouse Village - 194.0 Parliament
Parliament,Week4,Shouse Village,Week3,224.0 Shouse Village - 178.0 Parliament
Pinecrest,Week2,Mansion House,Week2,238.0 Pinecrest - 164.0 Mansion House
Parliament,Week3,Shouse Village,Week3,208.0 Shouse Village - 194.0 Parliament
Parliament,Week3,Lakeview,Week1,280.0 Parliament - 122.0 Lakeview
Parliament,Week1,Langley,Week2,225.0 Langley - 177.0 Parliament
Parliament,Week4,Lakeview,Week2,282.0 Parliament - 119.0 Lakeview
Pinecrest,Week1,Fox Hunt,Week4,263.0 Pinecrest - 139.0 Fox Hunt
Parliament,Week1,Dominion Hills,Week3,238.0 Parliament - 164.0 Dominion Hills
Pinecrest,Week3,Mansion House,Week2,252.0 Pinecrest - 150.0 Mansion House
Pinecrest,Week4,Bren Mar-Edsall Park,Week1,385.0 Pinecrest - 17.0 Bren Mar-Edsall Park
Parliament,Week4,Village West,Week2,249.0 Parliament - 153.0 Village West
Parliament,Week4,Lakeview,Week1,281.0 Parliament - 121.0 Lakeview
Pinecrest,Week5,Fox Hunt,Week3,259.0 Pinecrest - 138.0 Fox Hunt
Pinecrest,Week1,Brookfield ,Week5,270.0 Pinecrest - 132.0 Brookfield
Parliament,Week3,Dominion Hills,Week1,209.0 Parliament - 193.0 Dominion Hills
Parliament,Week4,Lakeview,Week5,264.0 Parliament - 128.0 Lakeview
Parliament,Week4,Village West,Week4,244.0 Parliament - 153.0 Village West
Parliament,Week2,Virginia Hills,Week3,306.0 Parliament - 95.0 Virginia Hills
Parliament,Week5,Village West,Week2,264.0 Parliament - 138.0 Village West
Parliament,Week5,Dominion Hills,Week3,233.0 Parliament - 169.0 Dominion Hills
Parliament,Week2,Donaldson Run,Week1,307.5 Donaldson Run - 94.5 Parliament
Parliament,Week4,Shouse Village,Week1,214.5 Shouse Village - 187.5 Parliament
Parliament,Week3,Shouse Village,Week2,208.0 Parliament - 194.0 Shouse Village
Pinecrest,Week2,Mansion House,Week1,238.0 Pinecrest - 164.0 Mansion House
Pinecrest,Week3,Brookfield ,Week1,284.0 Pinecrest - 118.0 Brookfield
Parliament,Week3,Lakeview,Week3,261.0 Parliament - 141.0 Lakeview
Parliament,Week5,Virginia Hills,Week4,305.0 Parliament - 96.0 Virginia Hills
Pinecrest,Week1,Brookfield ,Week2,270.0 Pinecrest - 132.0 Brookfield
Pinecrest,Week4,Forest Hollow,Week4,254.0 Pinecrest - 148.0 Forest Hollow
Pinecrest,Week3,Mansion House,Week1,253.0 Pinecrest - 149.0 Mansion House
Pinecrest,Week3,Mansion House,Week4,260.5 Pinecrest - 141.5 Mansion House
Pinecrest,Week3,Mansion House,Week3,243.0 Pinecrest - 159.0 Mansion House
Parliament,Week1,Donaldson Run,Week3,272.0 Donaldson Run - 130.0 Parliament
Parliament,Week4,Donaldson Run,Week2,318.0 Donaldson Run - 84.0 Parliament
Parliament,Week5,Lakeview,Week3,267.0 Parliament - 135.0 Lakeview
Pinecrest,Week3,Fox Hunt,Week3,276.0 Pinecrest - 126.0 Fox Hunt
Pinecrest,Week2,Brookfield ,Week5,291.0 Pinecrest - 111.0 Brookfield
Pinecrest,Week3,Bren Mar-Edsall Park,Week1,385.0 Pinecrest - 17.0 Bren Mar-Edsall Park
Pinecrest,Week1,Fox Hunt,Week2,270.0 Pinecrest - 132.0 Fox Hunt
Parliament,Week4,Shouse Village,Week2,206.0 Parliament - 195.0 Shouse Village
Pinecrest,Week4,Forest Hollow,Week2,269.0 Pinecrest - 133.0 Forest Hollow
Parliament,Week5,Shouse Village,Week2,212.0 Parliament - 188.0 Shouse Village
Parliament,Week4,Shouse Village,Week4,241.0 Shouse Village - 161.0 Parliament
Pinecrest,Week3,Mansion House,Week5,235.0 Pinecrest - 167.0 Mansion House
Parliament,Week3,Donaldson Run,Week3,308.0 Donaldson Run - 94.0 Parliament
Pinecrest,Week4,Bren Mar-Edsall Park,Week2,384.0 Pinecrest - 18.0 Bren Mar-Edsall Park
Pinecrest,Week3,Brookfield ,Week2,298.0 Pinecrest - 104.0 Brookfield
Parliament,Week1,Shouse Village,Week3,203.0 Parliament - 198.0 Shouse Village
Pinecrest,Week5,Bren Mar-Edsall Park,Week5,371.0 Pinecrest - 31.0 Bren Mar-Edsall Park
Pinecrest,Week3,Mantua,Week3,219.0 Pinecrest - 183.0 Mantua
Parliament,Week5,Lakeview,Week4,264.0 Parliament - 138.0 Lakeview
Parliament,Week2,Shouse Village,Week2,204.0 Shouse Village - 194.0 Parliament
Parliament,Week5,Lakeview,Week2,284.0 Parliament - 114.0 Lakeview
Parliament,Week5,Village West,Week3,240.0 Parliament - 161.0 Village West
Pinecrest,Week5,Forest Hollow,Week4,269.0 Pinecrest - 133.0 Forest Hollow
Parliament,Week3,Lakeview,Week4,248.0 Parliament - 154.0 Lakeview
Parliament,Week3,Virginia Hills,Week1,319.0 Parliament - 83.0 Virginia Hills
Parklawn,Week3,Poplar Heights,Week1,275.0 Poplar Heights - 126.0 Parklawn
Pinecrest,Week5,Mansion House,Week3,238.0 Pinecrest - 164.0 Mansion House
Parliament,Week1,Donaldson Run,Week5,313.5 Donaldson Run - 88.5 Parliament
Parliament,Week4,Dominion Hills,Week1,202.0 Dominion Hills - 200.0 Parliament
Parklawn,Week5,Poplar Heights,Week1,256.5 Poplar Heights - 144.5 Parklawn
Pinecrest,Week5,Forest Hollow,Week3,275.0 Pinecrest - 127.0 Forest Hollow
Pinecrest,Week1,Fox Hunt,Week3,264.0 Pinecrest - 138.0 Fox Hunt
Parliament,Week4,Lakeview,Week4,250.0 Parliament - 152.0 Lakeview
Pinecrest,Week1,Mantua,Week1,224.0 Pinecrest - 178.0 Mantua
Pinecrest,Week5,Bren Mar-Edsall Park,Week1,375.0 Pinecrest - 26.0 Bren Mar-Edsall Park
Parliament,Week2,Shouse Village,Week3,214.0 Shouse Village - 188.0 Parliament
Parliament,Week2,Virginia Hills,Week2,307.0 Parliament - 91.0 Virginia Hills
Parliament,Week3,Dominion Hills,Week5,243.0 Dominion Hills - 159.0 Parliament
Pinecrest,Week2,Mantua,Week5,202.0 Pinecrest - 200.0 Mantua
Parliament,Week3,Virginia Hills,Week5,301.0 Parliament - 101.0 Virginia Hills
Parliament,Week3,Donaldson Run,Week5,318.0 Donaldson Run - 84.0 Parliament
Parliament,Week2,Lakeview,Week5,249.0 Parliament - 143.0 Lakeview
Parklawn,Week1,Poplar Heights,Week5,300.0 Poplar Heights - 93.0 Parklawn
Pinecrest,Week4,Forest Hollow,Week1,265.0 Pinecrest - 137.0 Forest Hollow
Parklawn,Week1,Poplar Heights,Week3,306.0 Poplar Heights - 87.0 Parklawn
Pinecrest,Week3,Brookfield ,Week5,296.0 Pinecrest - 106.0 Brookfield
Pinecrest,Week4,Brookfield ,Week2,297.5 Pinecrest - 104.5 Brookfield
Parliament,Week5,Lakeview,Week5,268.0 Parliament - 121.0 Lakeview
Parliament,Week1,Langley,Week1,240.0 Langley - 162.0 Parliament
Parliament,Week3,Virginia Hills,Week2,318.0 Parliament - 84.0 Virginia Hills
Pinecrest,Week1,Broyhill Crest,Week5,357.0 Pinecrest - 45.0 Broyhill Crest
Pinecrest,Week4,Broyhill Crest,Week3,384.0 Pinecrest - 18.0 Broyhill Crest
Parliament,Week4,Village West,Week5,237.0 Parliament - 165.0 Village West
Parliament,Week5,Village West,Week4,242.0 Parliament - 154.0 Village West
Parliament,Week3,Virginia Hills,Week4,310.0 Parliament - 92.0 Virginia Hills
Parliament,Week5,Shouse Village,Week5,227.0 Shouse Village - 175.0 Parliament
Parliament,Week3,Lakeview,Week2,288.5 Parliament - 113.5 Lakeview
Parliament,Week1,Sideburn Run,Week1,212.0 Parliament - 189.0 Sideburn Run
Pinecrest,Week5,Forest Hollow,Week2,275.0 Pinecrest - 127.0 Forest Hollow
Pinecrest,Week2,Fox Hunt,Week5,261.0 Pinecrest - 141.0 Fox Hunt
Pinecrest,Week4,Forest Hollow,Week5,237.0 Pinecrest - 165.0 Forest Hollow
Pinecrest,Week5,Mantua,Week4,235.0 Pinecrest - 167.0 Mantua
Pinecrest,Week2,Mantua,Week3,206.0 Pinecrest - 196.0 Mantua
Parliament,Week5,Dominion Hills,Week5,233.0 Dominion Hills - 168.0 Parliament
Pinecrest,Week2,Fox Hunt,Week2,282.0 Pinecrest - 120.0 Fox Hunt
Pinecrest,Week5,Mantua,Week2,247.0 Pinecrest - 150.0 Mantua
Parliament,Week5,Shouse Village,Week4,223.0 Shouse Village - 179.0 Parliament
Parklawn,Week3,Poplar Heights,Week3,297.0 Poplar Heights - 105.0 Parklawn
Pinecrest,Week1,Mantua,Week2,240.0 Pinecrest - 162.0 Mantua
Pinecrest,Week1,Fox Hunt,Week5,253.0 Pinecrest - 149.0 Fox Hunt
Pinecrest,Week3,Broyhill Crest,Week5,376.0 Pinecrest - 26.0 Broyhill Crest
Parliament,Week3,Shouse Village,Week5,227.0 Shouse Village - 175.0 Parliament
Parklawn,Week2,Poplar Heights,Week4,278.0 Poplar Heights - 123.0 Parklawn
Parliament,Week2,Shouse Village,Week1,217.0 Shouse Village - 185.0 Parliament
Parliament,Week4,Dominion Hills,Week2,214.5 Dominion Hills - 187.5 Parliament
Parliament,Week2,Virginia Hills,Week5,292.0 Parliament - 110.0 Virginia Hills
Parklawn,Week3,Poplar Heights,Week2,293.5 Poplar Heights - 107.5 Parklawn
Parklawn,Week2,Poplar Heights,Week3,286.0 Poplar Heights - 116.0 Parklawn
Pinecrest,Week4,Mansion House,Week3,227.0 Pinecrest - 175.0 Mansion House
Parliament,Week4,Donaldson Run,Week1,317.0 Donaldson Run - 85.0 Parliament
Parliament,Week1,Langley,Week3,241.0 Langley - 161.0 Parliament
Parliament,Week1,Langley,Week5,234.0 Langley - 168.0 Parliament
Parliament,Week5,Dominion Hills,Week2,210.0 Dominion Hills - 192.0 Parliament
Parliament,Week1,Virginia Hills,Week1,316.0 Parliament - 86.0 Virginia Hills
Pinecrest,Week1,McLean,Week2,251.0 McLean - 151.0 Pinecrest
Parliament,Week1,Sideburn Run,Week4,216.0 Parliament - 186.0 Sideburn Run
Parliament,Week1,Shouse Village,Week5,208.0 Shouse Village - 194.0 Parliament
Pinecrest,Week2,Broyhill Crest,Week5,370.0 Pinecrest - 32.0 Broyhill Crest
Parliament,Week2,Langley,Week2,263.0 Langley - 138.0 Parliament
Parklawn,Week4,Poplar Heights,Week5,263.0 Poplar Heights - 139.0 Parklawn
Pinecrest,Week3,Mantua,Week1,223.0 Pinecrest - 179.0 Mantua
Parliament,Week2,Virginia Hills,Week1,303.0 Parliament - 98.0 Virginia Hills
Parliament,Week2,Langley,Week3,276.5 Langley - 125.5 Parliament
Parliament,Week1,Sideburn Run,Week2,214.0 Parliament - 188.0 Sideburn Run
Parliament,Week1,Herndon,Week4,282.0 Parliament - 119.0 Herndon
Pinecrest,Week4,Brookfield ,Week5,286.0 Pinecrest - 116.0 Brookfield
Pinecrest,Week4,Mansion House,Week5,232.0 Pinecrest - 170.0 Mansion House
Parliament,Week4,Dominion Hills,Week5,238.0 Dominion Hills - 164.0 Parliament
Pinecrest,Week5,Forest Hollow,Week5,239.0 Pinecrest - 163.0 Forest Hollow
Parliament,Week1,Donaldson Run,Week4,281.0 Donaldson Run - 121.0 Parliament
Parklawn,Week4,Poplar Heights,Week1,237.0 Poplar Heights - 164.0 Parklawn
Parliament,Week5,Dominion Hills,Week1,212.5 Parliament - 189.5 Dominion Hills
Pinecrest,Week2,Fox Hunt,Week4,267.5 Pinecrest - 134.5 Fox Hunt
Parliament,Week5,Village West,Week1,266.0 Parliament - 136.0 Village West
Parliament,Week1,Virginia Hills,Week5,305.0 Parliament - 96.0 Virginia Hills
Pinecrest,Week4,Brookfield ,Week4,282.0 Pinecrest - 120.0 Brookfield
Pinecrest,Week5,Broyhill Crest,Week1,375.0 Pinecrest - 27.0 Broyhill Crest
Parklawn,Week5,Poplar Heights,Week3,270.5 Poplar Heights - 131.5 Parklawn
Pinecrest,Week5,Forest Hollow,Week1,264.0 Pinecrest - 138.0 Forest Hollow
Parliament,Week2,Sideburn Run,Week1,222.0 Sideburn Run - 179.0 Parliament
Parklawn,Week4,Poplar Heights,Week3,266.0 Poplar Heights - 136.0 Parklawn
Parliament,Week4,Dominion Hills,Week3,207.0 Parliament - 195.0 Dominion Hills
Pinecrest,Week4,Mansion House,Week2,256.0 Pinecrest - 146.0 Mansion House
Parliament,Week2,Herndon,Week4,270.0 Parliament - 132.0 Herndon
Parliament,Week5,Hayfield Farm,Week3,206.0 Hayfield Farm - 195.0 Parliament
Parklawn,Week5,Poplar Heights,Week4,275.0 Poplar Heights - 126.0 Parklawn
Pinecrest,Week2,Broyhill Crest,Week1,371.0 Pinecrest - 31.0 Broyhill Crest
Parliament,Week3,Donaldson Run,Week1,308.0 Donaldson Run - 94.0 Parliament
Parliament,Week2,Donaldson Run,Week4,307.0 Donaldson Run - 95.0 Parliament
Parliament,Week3,Virginia Hills,Week3,314.0 Parliament - 88.0 Virginia Hills
Parliament,Week1,Sleepy Hollow B & R,Week5,247.0 Sleepy Hollow B & R - 155.0 Parliament
Pinecrest,Week3,Fox Hunt,Week4,289.0 Pinecrest - 113.0 Fox Hunt
Parliament,Week3,Donaldson Run,Week4,304.5 Donaldson Run - 97.5 Parliament
Parliament,Week4,Virginia Hills,Week1,304.5 Parliament - 97.5 Virginia Hills
Parliament,Week4,Virginia Hills,Week2,307.0 Parliament - 94.0 Virginia Hills
Pinecrest,Week1,Mantua,Week4,213.0 Pinecrest - 189.0 Mantua
Pinecrest,Week4,Fox Hunt,Week3,269.0 Pinecrest - 133.0 Fox Hunt
Parklawn,Week3,Poplar Heights,Week5,302.0 Poplar Heights - 100.0 Parklawn
Parklawn,Week5,Poplar Heights,Week2,269.0 Poplar Heights - 132.0 Parklawn
Pinecrest,Week3,Brookfield ,Week4,294.0 Pinecrest - 108.0 Brookfield
Parliament,Week2,Sideburn Run,Week4,225.0 Sideburn Run - 177.0 Parliament
Parliament,Week4,Hayfield Farm,Week1,203.0 Hayfield Farm - 199.0 Parliament
Pinecrest,Week3,Fox Hunt,Week1,293.0 Pinecrest - 109.0 Fox Hunt
Pinecrest,Week3,Broyhill Crest,Week4,380.0 Pinecrest - 22.0 Broyhill Crest
Pinecrest,Week4,Fox Hunt,Week1,279.0 Pinecrest - 123.0 Fox Hunt
Parliament,Week2,Sideburn Run,Week2,219.0 Sideburn Run - 183.0 Parliament
Pinecrest,Week5,Mansion House,Week4,261.0 Pinecrest - 141.0 Mansion House
Parliament,Week4,Dominion Hills,Week4,225.0 Dominion Hills - 177.0 Parliament
Parliament,Week5,Virginia Hills,Week1,310.0 Parliament - 92.0 Virginia Hills
Parklawn,Week5,Pleasant Valley,Week5,237.0 Parklawn - 156.0 Pleasant Valley
Parliament,Week3,Sideburn Run,Week4,218.0 Sideburn Run - 184.0 Parliament
Parliament,Week5,Dominion Hills,Week4,217.0 Dominion Hills - 185.0 Parliament
Parliament,Week2,Donaldson Run,Week3,311.0 Donaldson Run - 91.0 Parliament
Parliament,Week3,Herndon,Week1,296.0 Parliament - 106.0 Herndon
Parliament,Week2,Hayfield Farm,Week2,207.0 Hayfield Farm - 195.0 Parliament
Parliament,Week1,Virginia Hills,Week3,321.0 Parliament - 81.0 Virginia Hills
Pinecrest,Week2,Mantua,Week4,223.0 Pinecrest - 179.0 Mantua
Pinecrest,Week5,Fox Hunt,Week1,281.0 Pinecrest - 121.0 Fox Hunt
Parliament,Week4,Virginia Hills,Week3,319.0 Parliament - 83.0 Virginia Hills
Pinecrest,Week1,Broyhill Crest,Week1,368.0 Pinecrest - 34.0 Broyhill Crest
Parliament,Week1,Sleepy Hollow B & R,Week3,234.5 Sleepy Hollow B & R - 167.5 Parliament
Pinecrest,Week5,Brookfield ,Week3,293.0 Pinecrest - 108.0 Brookfield
Parliament,Week1,Herndon,Week5,291.0 Parliament - 111.0 Herndon
Parliament,Week4,Virginia Hills,Week4,302.0 Parliament - 100.0 Virginia Hills
Pinecrest,Week5,Fox Mill Estates,Week3,294.0 Pinecrest - 107.0 Fox Mill Estates
Parliament,Week2,Hayfield Farm,Week1,207.0 Hayfield Farm - 195.0 Parliament
Pinecrest,Week5,Brookfield ,Week5,285.5 Pinecrest - 116.5 Brookfield
Parliament,Week1,Virginia Hills,Week4,305.0 Parliament - 96.0 Virginia Hills
Parklawn,Week1,Poplar Heights,Week4,291.0 Poplar Heights - 102.0 Parklawn
Pinecrest,Week2,Mantua,Week1,213.0 Pinecrest - 189.0 Mantua
Parklawn,Week2,Poplar Heights,Week5,291.0 Poplar Heights - 111.0 Parklawn
Parliament,Week3,Sideburn Run,Week2,215.0 Sideburn Run - 187.0 Parliament
Parliament,Week2,Sleepy Hollow B & R,Week5,284.0 Sleepy Hollow B & R - 117.0 Parliament
Pinecrest,Week4,Fox Hunt,Week5,264.0 Pinecrest - 138.0 Fox Hunt
Parliament,Week1,Sleepy Hollow B & R,Week1,208.0 Sleepy Hollow B & R - 194.0 Parliament
Parliament,Week5,Sideburn Run,Week1,208.0 Sideburn Run - 193.0 Parliament
Parliament,Week3,Hayfield Farm,Week4,206.0 Hayfield Farm - 196.0 Parliament
Pinecrest,Week5,Fox Mill Estates,Week5,293.0 Pinecrest - 109.0 Fox Mill Estates
Pinecrest,Week4,Brookfield ,Week3,299.0 Pinecrest - 103.0 Brookfield
Parklawn,Week4,Poplar Heights,Week2,256.0 Poplar Heights - 145.0 Parklawn
Parliament,Week5,Hayfield Farm,Week5,201.0 Hayfield Farm - 201.0 Parliament
Parklawn,Week1,Poplar Heights,Week2,291.0 Poplar Heights - 102.0 Parklawn
Pinecrest,Week5,Brookfield ,Week2,284.0 Pinecrest - 118.0 Brookfield
Pinecrest,Week3,Mantua,Week4,247.0 Pinecrest - 155.0 Mantua
Pinecrest,Week4,Mansion House,Week1,251.0 Pinecrest - 151.0 Mansion House
Pinecrest,Week5,Brookfield ,Week1,280.0 Pinecrest - 122.0 Brookfield
Pinecrest,Week3,Mantua,Week2,246.0 Pinecrest - 156.0 Mantua
Parliament,Week5,Virginia Hills,Week2,315.0 Parliament - 85.0 Virginia Hills
Pinecrest,Week1,Fox Mill Woods,Week2,222.0 Pinecrest - 180.0 Fox Mill Woods
Pinecrest,Week1,Mantua,Week5,205.0 Pinecrest - 197.0 Mantua
Parklawn,Week2,Poplar Heights,Week2,268.0 Poplar Heights - 133.0 Parklawn
Parliament,Week3,Donaldson Run,Week2,318.0 Donaldson Run - 84.0 Parliament
Parliament,Week1,Donaldson Run,Week1,291.0 Donaldson Run - 111.0 Parliament
Pinecrest,Week2,Broyhill Crest,Week2,377.0 Pinecrest - 25.0 Broyhill Crest
Pinecrest,Week2,Fox Mill Estates,Week1,300.0 Pinecrest - 102.0 Fox Mill Estates
Pinecrest,Week4,Mantua,Week2,238.0 Pinecrest - 164.0 Mantua
Pinecrest,Week4,Brookfield ,Week1,279.0 Pinecrest - 123.0 Brookfield
Parklawn,Week4,Poplar Heights,Week4,264.0 Poplar Heights - 137.0 Parklawn
Parliament,Week2,Hayfield Farm,Week5,210.0 Hayfield Farm - 192.0 Parliament
Parliament,Week4,Sleepy Hollow B & R,Week5,267.0 Sleepy Hollow B & R - 135.0 Parliament
Parliament,Week1,Donaldson Run,Week2,291.0 Donaldson Run - 111.0 Parliament
Parliament,Week1,Virginia Run,Week4,211.0 Virginia Run - 191.0 Parliament
Pinecrest,Week1,Fox Mill Estates,Week4,251.0 Pinecrest - 151.0 Fox Mill Estates
Parliament,Week3,Hayfield Farm,Week3,215.0 Hayfield Farm - 187.0 Parliament
Pinecrest,Week1,Fox Mill Woods,Week4,208.0 Pinecrest - 194.0 Fox Mill Woods
Parliament,Week3,Hayfield Farm,Week1,201.0 Hayfield Farm - 201.0 Parliament
Parliament,Week1,Sleepy Hollow B & R,Week4,221.0 Sleepy Hollow B & R - 181.0 Parliament
Parklawn,Week3,Poplar Heights,Week4,295.0 Poplar Heights - 106.0 Parklawn
Parliament,Week3,Hayfield Farm,Week5,207.0 Parliament - 195.0 Hayfield Farm
Pinecrest,Week5,Brookfield ,Week4,278.0 Pinecrest - 124.0 Brookfield
Parliament,Week4,Sleepy Hollow B & R,Week3,254.0 Sleepy Hollow B & R - 148.0 Parliament
Parliament,Week5,Donaldson Run,Week3,307.0 Donaldson Run - 95.0 Parliament
Parliament,Week3,Dowden Terrace,Week2,203.0 Parliament - 199.0 Dowden Terrace
Parklawn,Week1,Poplar Heights,Week1,284.0 Poplar Heights - 109.0 Parklawn
Parliament,Week5,Virginia Hills,Week3,319.0 Parliament - 83.0 Virginia Hills
Parliament,Week2,Donaldson Run,Week5,325.0 Donaldson Run - 77.0 Parliament
Parliament,Week1,Virginia Run,Week2,206.0 Virginia Run - 196.0 Parliament
Pinecrest,Week5,Mansion House,Week1,249.0 Pinecrest - 153.0 Mansion House
Pinecrest,Week3,Fox Mill Estates,Week5,285.0 Pinecrest - 117.0 Fox Mill Estates
Pinecrest,Week4,Mansion House,Week4,261.0 Pinecrest - 141.0 Mansion House
Pinecrest,Week2,Broyhill Crest,Week3,379.0 Pinecrest - 23.0 Broyhill Crest
Parliament,Week3,Sideburn Run,Week3,224.5 Sideburn Run - 177.5 Parliament
Parliament,Week4,Sideburn Run,Week5,228.0 Sideburn Run - 174.0 Parliament
Parliament,Week3,Dowden Terrace,Week4,224.0 Dowden Terrace - 178.0 Parliament
Parliament,Week3,Hayfield Farm,Week2,207.0 Parliament - 195.0 Hayfield Farm
Parliament,Week2,Virginia Run,Week4,258.0 Virginia Run - 144.0 Parliament
Parliament,Week2,Sideburn Run,Week5,228.0 Sideburn Run - 174.0 Parliament
Pinecrest,Week1,Broyhill Crest,Week3,382.0 Pinecrest - 20.0 Broyhill Crest
Pinecrest,Week4,Fox Mill Estates,Week3,299.0 Pinecrest - 103.0 Fox Mill Estates
Parliament,Week4,Dowden Terrace,Week3,214.0 Dowden Terrace - 188.0 Parliament
Parliament,Week4,Hayfield Farm,Week2,206.0 Hayfield Farm - 196.0 Parliament
Pinecrest,Week4,Fox Mill Estates,Week2,299.5 Pinecrest - 102.5 Fox Mill Estates
Parliament,Week2,Hayfield Farm,Week4,220.0 Hayfield Farm - 182.0 Parliament
Parklawn,Week5,Pleasant Valley,Week4,249.0 Parklawn - 135.0 Pleasant Valley
Parklawn,Week2,Poplar Heights,Week1,270.0 Poplar Heights - 131.0 Parklawn
Parliament,Week1,Virginia Run,Week3,204.5 Virginia Run - 197.5 Parliament
Pinecrest,Week1,Broyhill Crest,Week2,379.0 Pinecrest - 23.0 Broyhill Crest
Pinecrest,Week5,Mansion House,Week5,248.0 Pinecrest - 154.0 Mansion House
Parliament,Week3,Sideburn Run,Week5,236.0 Sideburn Run - 166.0 Parliament
Parliament,Week3,Virginia Run,Week3,230.0 Virginia Run - 172.0 Parliament
Pinecrest,Week2,Mantua,Week2,234.0 Pinecrest - 168.0 Mantua
Pinecrest,Week4,Fox Mill Estates,Week1,317.0 Pinecrest - 85.0 Fox Mill Estates
Parliament,Week2,Virginia Run,Week1,268.0 Virginia Run - 134.0 Parliament
Pinecrest,Week1,Broyhill Crest,Week4,375.0 Pinecrest - 27.0 Broyhill Crest
Pinecrest,Week5,Mansion House,Week2,256.0 Pinecrest - 145.0 Mansion House
Pinecrest,Week1,Mantua,Week3,204.0 Mantua - 198.0 Pinecrest
Parliament,Week4,Dowden Terrace,Week1,204.0 Dowden Terrace - 198.0 Parliament
Parliament,Week2,Virginia Run,Week5,267.0 Virginia Run - 135.0 Parliament
Pinecrest,Week2,Broyhill Crest,Week4,372.0 Pinecrest - 30.0 Broyhill Crest
Parliament,Week5,Hayfield Farm,Week1,207.0 Parliament - 195.0 Hayfield Farm
Parliament,Week3,Virginia Run,Week4,246.0 Virginia Run - 156.0 Parliament
Parliament,Week5,Virginia Hills,Week5,304.0 Parliament - 97.0 Virginia Hills
Pinecrest,Week4,Broyhill Crest,Week2,389.0 Pinecrest - 13.0 Broyhill Crest
Parliament,Week4,Sideburn Run,Week3,224.0 Sideburn Run - 178.0 Parliament
Pinecrest,Week1,Fox Mill Estates,Week5,267.0 Pinecrest - 135.0 Fox Mill Estates
Pinecrest,Week3,Broyhill Crest,Week3,388.0 Pinecrest - 14.0 Broyhill Crest
Parliament,Week4,Sideburn Run,Week4,217.0 Sideburn Run - 185.0 Parliament
Pinecrest,Week4,Mantua,Week4,235.0 Pinecrest - 167.0 Mantua
Pinecrest,Week5,Mantua,Week3,203.0 Pinecrest - 199.0 Mantua
Pinecrest,Week5,Mantua,Week1,221.0 Pinecrest - 181.0 Mantua
Parliament,Week5,Hayfield Farm,Week4,205.0 Hayfield Farm - 197.0 Parliament
Pinecrest,Week5,Fox Hunt,Week5,257.0 Pinecrest - 145.0 Fox Hunt
Pinecrest,Week4,Broyhill Crest,Week1,380.0 Pinecrest - 22.0 Broyhill Crest
Pinecrest,Week4,Mantua,Week3,213.0 Pinecrest - 189.0 Mantua
Parliament,Week5,Dowden Terrace,Week2,205.0 Dowden Terrace - 197.0 Parliament
Parliament,Week3,Virginia Run,Week5,267.0 Virginia Run - 135.0 Parliament
Pinecrest,Week1,Fox Mill Estates,Week3,272.0 Pinecrest - 130.0 Fox Mill Estates
Parliament,Week4,Hayfield Farm,Week3,229.0 Hayfield Farm - 172.0 Parliament
Parliament,Week4,Hayfield Farm,Week5,211.0 Hayfield Farm - 191.0 Parliament
Parliament,Week1,Sleepy Hollow B & R,Week2,217.0 Sleepy Hollow B & R - 185.0 Parliament
Parliament,Week1,Virginia Run,Week5,221.0 Virginia Run - 181.0 Parliament
Pinecrest,Week4,Fox Mill Estates,Week4,276.0 Pinecrest - 126.0 Fox Mill Estates
Parliament,Week3,Sideburn Run,Week1,218.0 Sideburn Run - 184.0 Parliament
Parliament,Week5,Donaldson Run,Week4,301.0 Donaldson Run - 101.0 Parliament
Parliament,Week4,Donaldson Run,Week4,308.0 Donaldson Run - 94.0 Parliament
Pinecrest,Week4,Mantua,Week5,210.0 Pinecrest - 192.0 Mantua
Parliament,Week4,Hayfield Farm,Week4,214.0 Hayfield Farm - 188.0 Parliament
Parliament,Week1,Dunn Loring,Week2,255.5 Dunn Loring - 146.5 Parliament
Parliament,Week1,Dowden Terrace,Week1,223.0 Parliament - 178.0 Dowden Terrace
Parliament,Week5,Sideburn Run,Week3,214.0 Sideburn Run - 188.0 Parliament
Pinecrest,Week4,Mantua,Week1,232.0 Pinecrest - 170.0 Mantua
Parliament,Week2,Hayfield Farm,Week3,226.0 Hayfield Farm - 172.0 Parliament
Pinecrest,Week2,Fox Mill Estates,Week4,275.0 Pinecrest - 127.0 Fox Mill Estates
Parliament,Week3,Virginia Run,Week2,215.0 Virginia Run - 187.0 Parliament
Parliament,Week4,Dowden Terrace,Week5,241.0 Dowden Terrace - 161.0 Parliament
Parliament,Week1,Dunn Loring,Week1,216.0 Dunn Loring - 186.0 Parliament
Pinecrest,Week3,Mantua,Week5,211.0 Pinecrest - 191.0 Mantua
Pinecrest,Week3,Broyhill Crest,Week1,378.0 Pinecrest - 24.0 Broyhill Crest
Parliament,Week4,Sideburn Run,Week1,214.0 Sideburn Run - 188.0 Parliament
Pinecrest,Week1,Fox Mill Estates,Week1,288.0 Pinecrest - 114.0 Fox Mill Estates
Pinecrest,Week2,Fox Mill Estates,Week3,291.0 Pinecrest - 111.0 Fox Mill Estates
Pinecrest,Week3,Broyhill Crest,Week2,391.0 Pinecrest - 11.0 Broyhill Crest
Parliament,Week5,Hayfield Farm,Week2,206.0 Parliament - 196.0 Hayfield Farm
Parliament,Week4,Virginia Run,Week1,257.0 Virginia Run - 145.0 Parliament
Pinecrest,Week2,Fox Mill Estates,Week2,301.0 Pinecrest - 101.0 Fox Mill Estates
Pinecrest,Week1,Mosby Woods,Week2,220.0 Mosby Woods - 182.0 Pinecrest
Pinecrest,Week4,Broyhill Crest,Week4,381.0 Pinecrest - 21.0 Broyhill Crest
Parliament,Week2,Herndon,Week1,279.0 Parliament - 114.0 Herndon
Parliament,Week2,Virginia Run,Week2,236.0 Virginia Run - 166.0 Parliament
Parliament,Week1,Herndon,Week3,289.0 Parliament - 107.0 Herndon
Parliament,Week2,Dowden Terrace,Week5,233.0 Dowden Terrace - 169.0 Parliament
Pinecrest,Week5,Mantua,Week5,207.0 Pinecrest - 195.0 Mantua
Pinecrest,Week1,Fox Mill Estates,Week2,283.0 Pinecrest - 119.0 Fox Mill Estates
Parliament,Week2,Sleepy Hollow B & R,Week2,250.0 Sleepy Hollow B & R - 152.0 Parliament
Pinecrest,Week1,McLean,Week1,229.0 McLean - 173.0 Pinecrest
Parliament,Week1,Herndon,Week2,284.0 Parliament - 111.0 Herndon
Parliament,Week1,Dunn Loring,Week3,261.0 Dunn Loring - 141.0 Parliament
Pinecrest,Week4,Broyhill Crest,Week5,378.0 Pinecrest - 24.0 Broyhill Crest
Parliament,Week5,Donaldson Run,Week5,317.0 Donaldson Run - 85.0 Parliament
Parliament,Week2,Sleepy Hollow B & R,Week1,240.0 Sleepy Hollow B & R - 162.0 Parliament
Parliament,Week1,Herndon,Week1,290.0 Parliament - 102.0 Herndon
Parliament,Week5,Sideburn Run,Week2,205.0 Parliament - 197.0 Sideburn Run
Pinecrest,Week3,Fox Mill Estates,Week3,290.0 Pinecrest - 112.0 Fox Mill Estates
Pinecrest,Week5,Broyhill Crest,Week3,383.0 Pinecrest - 18.0 Broyhill Crest
Parliament,Week1,Virginia Run,Week1,225.0 Virginia Run - 176.0 Parliament
Pinecrest,Week3,Fox Mill Estates,Week2,296.0 Pinecrest - 106.0 Fox Mill Estates
Pinecrest,Week5,Broyhill Crest,Week2,383.0 Pinecrest - 19.0 Broyhill Crest
Parliament,Week4,Virginia Run,Week2,235.0 Virginia Run - 167.0 Parliament
Parliament,Week1,Dowden Terrace,Week4,201.0 Parliament - 196.0 Dowden Terrace
Parliament,Week5,Sideburn Run,Week4,212.0 Sideburn Run - 190.0 Parliament
Parliament,Week2,Herndon,Week5,272.0 Parliament - 130.0 Herndon
Pinecrest,Week3,Fox Mill Estates,Week4,272.0 Pinecrest - 130.0 Fox Mill Estates
Pinecrest,Week1,Mosby Woods,Week4,213.0 Pinecrest - 189.0 Mosby Woods
Parliament,Week4,Sideburn Run,Week2,212.0 Sideburn Run - 190.0 Parliament
Parliament,Week1,Dowden Terrace,Week2,224.0 Parliament - 178.0 Dowden Terrace
Parliament,Week1,Dowden Terrace,Week3,218.0 Parliament - 184.0 Dowden Terrace
Parliament,Week2,Sleepy Hollow B & R,Week4,259.0 Sleepy Hollow B & R - 143.0 Parliament
Pinecrest,Week5,Burke Station,Week5,314.0 Pinecrest - 83.0 Burke Station
Parliament,Week2,Herndon,Week3,276.0 Parliament - 120.0 Herndon
Parliament,Week5,Donaldson Run,Week1,301.0 Donaldson Run - 101.0 Parliament
Pinecrest,Week4,Burke Station,Week3,311.0 Pinecrest - 86.0 Burke Station
Parliament,Week2,Herndon,Week2,277.0 Parliament - 116.0 Herndon
Parliament,Week2,Virginia Run,Week3,253.0 Virginia Run - 149.0 Parliament
Pinecrest,Week3,Burke Station,Week4,335.0 Pinecrest - 67.0 Burke Station
Parliament,Week2,Dowden Terrace,Week1,201.0 Dowden Terrace - 200.0 Parliament
Pinecrest,Week4,McLean,Week4,222.0 McLean - 180.0 Pinecrest
Parliament,Week3,Virginia Run,Week1,260.0 Virginia Run - 142.0 Parliament
Pinecrest,Week5,Burke Station,Week3,314.0 Pinecrest - 82.0 Burke Station
Pinecrest,Week4,Fox Mill Estates,Week5,299.0 Pinecrest - 103.0 Fox Mill Estates
Pinecrest,Week5,Fox Mill Estates,Week1,305.0 Pinecrest - 97.0 Fox Mill Estates
Parliament,Week5,Herndon,Week3,293.0 Parliament - 104.0 Herndon
Pinecrest,Week2,Fox Mill Estates,Week5,285.0 Pinecrest - 117.0 Fox Mill Estates
Pinecrest,Week1,McLean,Week3,241.0 McLean - 161.0 Pinecrest
Pinecrest,Week5,McLean,Week4,214.0 McLean - 188.0 Pinecrest
Pinecrest,Week2,McLean,Week5,233.5 McLean - 168.5 Pinecrest
Parliament,Week2,Sleepy Hollow B & R,Week3,262.0 Sleepy Hollow B & R - 140.0 Parliament
Parliament,Week5,Sideburn Run,Week5,223.0 Sideburn Run - 179.0 Parliament
Pinecrest,Week5,Fox Mill Woods,Week5,228.0 Pinecrest - 174.0 Fox Mill Woods
Pinecrest,Week5,Burke Station,Week1,286.0 Pinecrest - 89.0 Burke Station
Parliament,Week4,Sleepy Hollow B & R,Week1,237.0 Sleepy Hollow B & R - 165.0 Parliament
Pinecrest,Week4,Burke Station,Week4,330.0 Pinecrest - 72.0 Burke Station
Parliament,Week4,Sleepy Hollow B & R,Week2,244.0 Sleepy Hollow B & R - 158.0 Parliament
Pinecrest,Week5,Fox Mill Estates,Week4,283.0 Pinecrest - 119.0 Fox Mill Estates
Pinecrest,Week2,Camelot,Week1,293.0 Pinecrest - 109.0 Camelot
Parliament,Week3,Sleepy Hollow B & R,Week4,248.0 Sleepy Hollow B & R - 154.0 Parliament
Pinecrest,Week4,Fox Mill Woods,Week1,216.0 Pinecrest - 186.0 Fox Mill Woods
Parliament,Week3,Herndon,Week4,278.0 Parliament - 124.0 Herndon
Parliament,Week4,Donaldson Run,Week3,315.0 Donaldson Run - 87.0 Parliament
Parliament,Week5,Herndon,Week2,284.0 Parliament - 111.0 Herndon
Parliament,Week4,Donaldson Run,Week5,332.0 Donaldson Run - 70.0 Parliament
Parliament,Week1,Hiddenbrook,Week4,254.0 Parliament - 148.0 Hiddenbrook
Parliament,Week3,Dowden Terrace,Week1,204.0 Dowden Terrace - 198.0 Parliament
Pinecrest,Week3,McLean,Week2,248.0 McLean - 154.0 Pinecrest
Parliament,Week1,Dowden Terrace,Week5,209.0 Dowden Terrace - 193.0 Parliament
Pinecrest,Week1,McLean,Week5,249.0 McLean - 153.0 Pinecrest
Pinecrest,Week5,Fox Mill Estates,Week2,293.0 Pinecrest - 109.0 Fox Mill Estates
Pinecrest,Week2,McLean,Week2,242.0 McLean - 160.0 Pinecrest
Parliament,Week3,Hiddenbrook,Week1,231.0 Parliament - 171.0 Hiddenbrook
Pinecrest,Week3,Fox Mill Estates,Week1,309.0 Pinecrest - 93.0 Fox Mill Estates
Pinecrest,Week5,Broyhill Crest,Week4,382.0 Pinecrest - 20.0 Broyhill Crest
Parliament,Week4,Herndon,Week4,286.5 Parliament - 115.5 Herndon
Parliament,Week2,Dowden Terrace,Week4,222.0 Dowden Terrace - 175.0 Parliament
Pinecrest,Week1,Fox Mill Woods,Week1,206.0 Pinecrest - 196.0 Fox Mill Woods
Parliament,Week3,Sleepy Hollow B & R,Week5,273.0 Sleepy Hollow B & R - 129.0 Parliament
Pinecrest,Week3,Burke Station,Week5,310.0 Pinecrest - 92.0 Burke Station
Parliament,Week2,Dowden Terrace,Week2,206.0 Parliament - 196.0 Dowden Terrace
Parliament,Week2,Hiddenbrook,Week1,221.0 Parliament - 181.0 Hiddenbrook
Pinecrest,Week2,Burke Station,Week3,305.0 Pinecrest - 92.0 Burke Station
Parliament,Week5,Donaldson Run,Week2,301.0 Donaldson Run - 101.0 Parliament
Parliament,Week3,Sleepy Hollow B & R,Week3,252.0 Sleepy Hollow B & R - 150.0 Parliament
Parliament,Week3,Sleepy Hollow B & R,Week1,231.0 Sleepy Hollow B & R - 171.0 Parliament
Pinecrest,Week1,Mosby Woods,Week3,208.0 Pinecrest - 194.0 Mosby Woods
Parliament,Week3,Sleepy Hollow B & R,Week2,239.0 Sleepy Hollow B & R - 163.0 Parliament
Pinecrest,Week1,Camelot,Week2,270.0 Pinecrest - 132.0 Camelot
Pinecrest,Week1,Great Falls,Week3,234.0 Pinecrest - 168.0 Great Falls
Pinecrest,Week3,McLean,Week3,234.0 McLean - 168.0 Pinecrest
Pinecrest,Week2,Camelot,Week4,303.0 Pinecrest - 99.0 Camelot
Pinecrest,Week2,McLean,Week3,235.0 McLean - 167.0 Pinecrest
Parliament,Week2,Dowden Terrace,Week3,214.0 Dowden Terrace - 188.0 Parliament
Pinecrest,Week3,McLean,Week1,226.0 McLean - 176.0 Pinecrest
Pinecrest,Week1,Fox Mill Woods,Week3,225.0 Pinecrest - 177.0 Fox Mill Woods
Parliament,Week4,Sleepy Hollow B & R,Week4,249.0 Sleepy Hollow B & R - 153.0 Parliament
Parliament,Week5,Herndon,Week1,293.0 Parliament - 99.0 Herndon
Pinecrest,Week3,Burke Station,Week2,331.0 Pinecrest - 71.0 Burke Station
Parliament,Week3,Herndon,Week3,286.0 Parliament - 116.0 Herndon
Pinecrest,Week2,McLean,Week4,220.0 McLean - 182.0 Pinecrest
Parliament,Week2,Hiddenbrook,Week2,248.0 Parliament - 148.0 Hiddenbrook
Pinecrest,Week2,Burke Station,Week1,285.0 Pinecrest - 93.0 Burke Station
Pinecrest,Week2,Great Falls,Week2,257.0 Pinecrest - 127.0 Great Falls
Pinecrest,Week5,McLean,Week1,225.0 McLean - 177.0 Pinecrest
Parliament,Week4,Sleepy Hollow Rec,Week1,242.0 Parliament - 160.0 Sleepy Hollow Rec
Parliament,Week3,Dowden Terrace,Week3,209.0 Dowden Terrace - 193.0 Parliament
Parliament,Week3,Dowden Terrace,Week5,244.0 Dowden Terrace - 158.0 Parliament
Parliament,Week4,Dowden Terrace,Week2,209.0 Dowden Terrace - 193.0 Parliament
Pinecrest,Week2,Burke Station,Week2,330.0 Pinecrest - 71.0 Burke Station
Pinecrest,Week1,Burke Station,Week3,307.0 Pinecrest - 90.0 Burke Station
Pinecrest,Week4,McLean,Week1,224.0 McLean - 178.0 Pinecrest
Parliament,Week3,Sleepy Hollow Rec,Week5,237.0 Parliament - 165.0 Sleepy Hollow Rec
Parliament,Week3,Sleepy Hollow Rec,Week3,230.0 Parliament - 172.0 Sleepy Hollow Rec
Parliament,Week2,Hiddenbrook,Week5,201.0 Hiddenbrook - 201.0 Parliament
Parliament,Week4,Dowden Terrace,Week4,224.0 Dowden Terrace - 173.0 Parliament
Parliament,Week3,Hiddenbrook,Week4,230.0 Parliament - 172.0 Hiddenbrook
Pinecrest,Week4,McLean,Week2,249.0 McLean - 153.0 Pinecrest
Parliament,Week4,Herndon,Week1,290.0 Parliament - 105.0 Herndon
Pinecrest,Week4,Burke Station,Week2,325.0 Pinecrest - 77.0 Burke Station
Pinecrest,Week4,McLean,Week3,246.0 McLean - 156.0 Pinecrest
Pinecrest,Week2,Great Falls,Week4,256.0 Pinecrest - 146.0 Great Falls
Pinecrest,Week5,Fox Mill Woods,Week3,233.0 Pinecrest - 169.0 Fox Mill Woods
Parliament,Week4,Sleepy Hollow Rec,Week2,241.0 Parliament - 160.0 Sleepy Hollow Rec
Pinecrest,Week3,Great Falls,Week1,285.0 Pinecrest - 117.0 Great Falls
Pinecrest,Week4,Fox Mill Woods,Week2,224.0 Pinecrest - 178.0 Fox Mill Woods
Pinecrest,Week3,Great Falls,Week3,261.0 Pinecrest - 141.0 Great Falls
Parliament,Week4,Sleepy Hollow Rec,Week4,246.0 Parliament - 156.0 Sleepy Hollow Rec
Pinecrest,Week4,McLean,Week5,247.0 McLean - 155.0 Pinecrest
Parliament,Week4,Herndon,Week5,289.0 Parliament - 113.0 Herndon
Pinecrest,Week1,Burke Station,Week4,316.0 Pinecrest - 86.0 Burke Station
Parliament,Week5,Dunn Loring,Week3,276.0 Dunn Loring - 126.0 Parliament
Pinecrest,Week5,McLean,Week5,234.0 McLean - 168.0 Pinecrest
Parliament,Week5,Sleepy Hollow B & R,Week4,237.0 Sleepy Hollow B & R - 165.0 Parliament
Parliament,Week5,Sleepy Hollow Rec,Week1,238.0 Parliament - 164.0 Sleepy Hollow Rec
Pinecrest,Week1,Burke Station,Week2,325.0 Pinecrest - 77.0 Burke Station
Pinecrest,Week2,Great Falls,Week1,273.0 Pinecrest - 129.0 Great Falls
Parliament,Week5,Dowden Terrace,Week4,204.0 Dowden Terrace - 193.0 Parliament
Pinecrest,Week2,Burke Station,Week4,323.0 Pinecrest - 79.0 Burke Station
Parliament,Week5,Dowden Terrace,Week1,212.0 Parliament - 188.0 Dowden Terrace
Pinecrest,Week2,McLean,Week1,222.0 McLean - 180.0 Pinecrest
Parliament,Week5,Sleepy Hollow Rec,Week2,249.0 Parliament - 152.0 Sleepy Hollow Rec
Pinecrest,Week1,Burke Station,Week1,285.0 Pinecrest - 94.0 Burke Station
Pinecrest,Week2,Fox Mill Woods,Week5,221.0 Pinecrest - 181.0 Fox Mill Woods
Parliament,Week3,Herndon,Week2,290.0 Parliament - 112.0 Herndon
Pinecrest,Week5,Fox Mill Woods,Week1,211.0 Pinecrest - 191.0 Fox Mill Woods
Parliament,Week5,Dowden Terrace,Week3,203.0 Dowden Terrace - 199.0 Parliament
Pinecrest,Week3,McLean,Week4,211.0 McLean - 191.0 Pinecrest
Parliament,Week1,Hiddenbrook,Week5,229.0 Parliament - 173.0 Hiddenbrook
Parliament,Week5,Dowden Terrace,Week5,229.0 Dowden Terrace - 173.0 Parliament
Parliament,Week4,Sleepy Hollow Rec,Week5,219.0 Parliament - 182.0 Sleepy Hollow Rec
Parliament,Week1,Hiddenbrook,Week2,276.0 Parliament - 120.0 Hiddenbrook
Pinecrest,Week5,McLean,Week2,239.0 McLean - 163.0 Pinecrest
Pinecrest,Week3,Burke Station,Week3,314.0 Pinecrest - 83.0 Burke Station
Parliament,Week2,Hiddenbrook,Week3,218.0 Parliament - 184.0 Hiddenbrook
Pinecrest,Week4,Burke Station,Week1,284.0 Pinecrest - 95.0 Burke Station
Parliament,Week1,Sleepy Hollow Rec,Week4,263.0 Parliament - 139.0 Sleepy Hollow Rec
Pinecrest,Week2,Burke Station,Week5,302.0 Pinecrest - 100.0 Burke Station
Parliament,Week1,Fair Oaks ,Week1,211.0 Fair Oaks - 191.0 Parliament
Pinecrest,Week1,Mount Vernon Park,Week4,211.0 Pinecrest - 191.0 Mount Vernon Park
Parliament,Week5,Herndon,Week4,290.0 Parliament - 111.0 Herndon
Parliament,Week5,Sleepy Hollow B & R,Week2,228.0 Sleepy Hollow B & R - 174.0 Parliament
Pinecrest,Week2,Fox Mill Woods,Week4,224.0 Pinecrest - 178.0 Fox Mill Woods
Pinecrest,Week2,Mount Vernon Park,Week3,230.0 Pinecrest - 172.0 Mount Vernon Park
Parliament,Week3,Herndon,Week5,278.0 Parliament - 124.0 Herndon
Parliament,Week4,Hiddenbrook,Week1,232.0 Parliament - 170.0 Hiddenbrook
Parliament,Week2,Sleepy Hollow Rec,Week3,225.0 Parliament - 177.0 Sleepy Hollow Rec
Pinecrest,Week1,Burke Station,Week5,291.0 Pinecrest - 111.0 Burke Station
Pinecrest,Week1,Fox Mill Woods,Week5,208.0 Pinecrest - 194.0 Fox Mill Woods
Pinecrest,Week1,McLean,Week4,235.0 McLean - 167.0 Pinecrest
Parliament,Week1,Sleepy Hollow Rec,Week1,247.0 Parliament - 155.0 Sleepy Hollow Rec
Parliament,Week4,Hiddenbrook,Week3,219.0 Parliament - 183.0 Hiddenbrook
Parliament,Week4,Dunn Loring,Week2,280.5 Dunn Loring - 121.5 Parliament
Parliament,Week5,Sleepy Hollow B & R,Week3,246.0 Sleepy Hollow B & R - 156.0 Parliament
Parliament,Week5,Dunn Loring,Week1,240.5 Dunn Loring - 161.5 Parliament
Parliament,Week2,Fair Oaks ,Week1,233.0 Fair Oaks - 169.0 Parliament
Pinecrest,Week5,Burke Station,Week2,328.0 Pinecrest - 70.0 Burke Station
Pinecrest,Week4,Fox Mill Woods,Week4,230.0 Pinecrest - 172.0 Fox Mill Woods
Pinecrest,Week3,McLean,Week5,242.0 McLean - 160.0 Pinecrest
Pinecrest,Week1,Mosby Woods,Week1,208.5 Mosby Woods - 193.5 Pinecrest
Parliament,Week1,Hiddenbrook,Week3,255.0 Parliament - 146.0 Hiddenbrook
Pinecrest,Week5,McLean,Week3,239.0 McLean - 163.0 Pinecrest
Pinecrest,Week2,Mount Vernon Park,Week1,223.0 Pinecrest - 179.0 Mount Vernon Park
Pinecrest,Week2,Fox Mill Woods,Week3,234.0 Pinecrest - 168.0 Fox Mill Woods
Parliament,Week1,Sleepy Hollow Rec,Week2,257.0 Parliament - 144.0 Sleepy Hollow Rec
Parliament,Week4,Herndon,Week2,290.0 Parliament - 106.0 Herndon
Pinecrest,Week4,Burke Station,Week5,317.0 Pinecrest - 85.0 Burke Station
Pinecrest,Week2,Fox Mill Woods,Week1,232.0 Pinecrest - 170.0 Fox Mill Woods
Pinecrest,Week3,Burke Station,Week1,291.0 Pinecrest - 88.0 Burke Station
Parliament,Week2,Dunn Loring,Week2,295.0 Dunn Loring - 107.0 Parliament
Pinecrest,Week5,Broyhill Crest,Week5,375.0 Pinecrest - 26.0 Broyhill Crest
Parliament,Week5,Dunn Loring,Week5,268.0 Dunn Loring - 134.0 Parliament
Parliament,Week5,Herndon,Week5,289.0 Parliament - 113.0 Herndon
Parliament,Week4,Sleepy Hollow Rec,Week3,223.0 Parliament - 179.0 Sleepy Hollow Rec
Parliament,Week3,Dunn Loring,Week5,277.0 Dunn Loring - 125.0 Parliament
Pinecrest,Week4,Fox Mill Woods,Week3,234.0 Pinecrest - 168.0 Fox Mill Woods
Pinecrest,Week3,Fox Mill Woods,Week4,231.0 Pinecrest - 171.0 Fox Mill Woods
Parliament,Week5,Sleepy Hollow Rec,Week3,235.0 Parliament - 167.0 Sleepy Hollow Rec
Pinecrest,Week1,Camelot,Week4,280.0 Pinecrest - 122.0 Camelot
Parliament,Week4,Fair Oaks ,Week1,237.0 Fair Oaks - 165.0 Parliament
Parliament,Week2,Sleepy Hollow Rec,Week1,244.0 Parliament - 158.0 Sleepy Hollow Rec
Pinecrest,Week3,Fox Mill Woods,Week5,226.0 Pinecrest - 176.0 Fox Mill Woods
Parliament,Week3,Hiddenbrook,Week2,263.0 Parliament - 139.0 Hiddenbrook
Parliament,Week3,Fair Oaks ,Week2,204.0 Parliament - 198.0 Fair Oaks
Parliament,Week1,Sleepy Hollow Rec,Week5,250.0 Parliament - 151.0 Sleepy Hollow Rec
Parliament,Week2,Hiddenbrook,Week4,224.0 Parliament - 178.0 Hiddenbrook
Pinecrest,Week5,Burke Station,Week4,331.0 Pinecrest - 71.0 Burke Station
Pinecrest,Week3,Fox Mill Woods,Week2,238.0 Pinecrest - 164.0 Fox Mill Woods
Pinecrest,Week5,Mosby Woods,Week1,204.0 Mosby Woods - 198.0 Pinecrest
Parliament,Week1,Hiddenbrook,Week1,250.0 Parliament - 152.0 Hiddenbrook
Pinecrest,Week3,Fox Mill Woods,Week1,231.0 Pinecrest - 171.0 Fox Mill Woods
Parliament,Week4,Dunn Loring,Week4,288.0 Dunn Loring - 114.0 Parliament
Pinecrest,Week2,Mosby Woods,Week4,243.0 Pinecrest - 159.0 Mosby Woods
Pinecrest,Week1,Camelot,Week3,273.0 Pinecrest - 129.0 Camelot
Pinecrest,Week4,Mosby Woods,Week5,224.0 Pinecrest - 178.0 Mosby Woods
Parliament,Week4,Herndon,Week3,292.0 Parliament - 105.0 Herndon
Pinecrest,Week1,Camelot,Week1,269.0 Pinecrest - 133.0 Camelot
Parliament,Week5,Sleepy Hollow B & R,Week5,259.0 Sleepy Hollow B & R - 143.0 Parliament
Pinecrest,Week3,Mosby Woods,Week1,206.0 Pinecrest - 196.0 Mosby Woods
Pinecrest,Week4,Fox Mill Woods,Week5,215.0 Pinecrest - 187.0 Fox Mill Woods
Pinecrest,Week3,Fox Mill Woods,Week3,239.0 Pinecrest - 163.0 Fox Mill Woods
Parliament,Week3,Fair Oaks ,Week4,222.5 Fair Oaks - 179.5 Parliament
Parliament,Week2,Sleepy Hollow Rec,Week2,236.0 Parliament - 162.0 Sleepy Hollow Rec
Parliament,Week1,Dunn Loring,Week5,255.0 Dunn Loring - 147.0 Parliament
Parliament,Week3,Hiddenbrook,Week3,236.0 Parliament - 166.0 Hiddenbrook
Pinecrest,Week2,Fox Mill Woods,Week2,234.0 Pinecrest - 168.0 Fox Mill Woods
Parliament,Week1,Sleepy Hollow Rec,Week3,243.0 Parliament - 159.0 Sleepy Hollow Rec
Pinecrest,Week1,Mosby Woods,Week5,205.0 Mosby Woods - 197.0 Pinecrest
Pinecrest,Week3,Mosby Woods,Week5,215.0 Pinecrest - 187.0 Mosby Woods
Parliament,Week2,Dunn Loring,Week1,252.0 Dunn Loring - 150.0 Parliament
Parliament,Week3,High Point Pool,Week1,223.5 High Point Pool - 178.5 Parliament
Parliament,Week3,Dunn Loring,Week1,241.5 Dunn Loring - 160.5 Parliament
Pinecrest,Week2,Camelot,Week2,286.0 Pinecrest - 116.0 Camelot
Pinecrest,Week2,Camelot,Week3,296.0 Pinecrest - 106.0 Camelot
Pinecrest,Week4,Camelot,Week5,288.0 Pinecrest - 114.0 Camelot
Parliament,Week4,Hiddenbrook,Week4,222.0 Parliament - 180.0 Hiddenbrook
Parliament,Week3,Sleepy Hollow Rec,Week1,242.5 Parliament - 159.5 Sleepy Hollow Rec
Pinecrest,Week1,Camelot,Week5,260.0 Pinecrest - 142.0 Camelot
Pinecrest,Week5,Fox Mill Woods,Week2,224.0 Pinecrest - 178.0 Fox Mill Woods
Parliament,Week4,Fair Oaks ,Week4,220.0 Fair Oaks - 182.0 Parliament
Pinecrest,Week1,Canterbury Woods,Week3,271.0 Pinecrest - 131.0 Canterbury Woods
Parliament,Week3,Hiddenbrook,Week5,213.0 Parliament - 189.0 Hiddenbrook
Pinecrest,Week2,Mosby Woods,Week5,220.0 Pinecrest - 182.0 Mosby Woods
Pinecrest,Week1,Great Falls,Week2,240.0 Pinecrest - 144.0 Great Falls
Pinecrest,Week3,Mosby Woods,Week2,221.5 Pinecrest - 180.5 Mosby Woods
Pinecrest,Week5,Fox Mill Woods,Week4,221.0 Pinecrest - 181.0 Fox Mill Woods
Parliament,Week2,Sleepy Hollow Rec,Week4,232.0 Parliament - 170.0 Sleepy Hollow Rec
Parliament,Week1,Dunn Loring,Week4,251.0 Dunn Loring - 151.0 Parliament
Pinecrest,Week5,Mosby Woods,Week3,228.0 Pinecrest - 169.0 Mosby Woods
Parliament,Week3,Sleepy Hollow Rec,Week2,244.0 Parliament - 158.0 Sleepy Hollow Rec
Parliament,Week2,Sleepy Hollow Rec,Week5,222.0 Parliament - 176.0 Sleepy Hollow Rec
Parliament,Week4,Hiddenbrook,Week2,260.0 Parliament - 137.0 Hiddenbrook
Pinecrest,Week2,Canterbury Woods,Week3,296.0 Pinecrest - 106.0 Canterbury Woods
Parliament,Week3,Sleepy Hollow Rec,Week4,255.0 Parliament - 147.0 Sleepy Hollow Rec
Pinecrest,Week5,Mosby Woods,Week2,211.0 Pinecrest - 191.0 Mosby Woods
Parliament,Week4,High Point Pool,Week3,232.0 High Point Pool - 170.0 Parliament
Parliament,Week3,High Point Pool,Week3,224.0 High Point Pool - 178.0 Parliament
Pinecrest,Week1,Great Falls,Week5,228.0 Pinecrest - 174.0 Great Falls
Parliament,Week4,Parklawn,Week1,259.0 Parliament - 134.0 Parklawn
Parliament,Week4,Dunn Loring,Week1,249.0 Dunn Loring - 153.0 Parliament
Parliament,Week4,Parklawn,Week4,225.0 Parliament - 176.0 Parklawn
Pinecrest,Week5,Mosby Woods,Week5,225.0 Pinecrest - 177.0 Mosby Woods
Parliament,Week2,Dunn Loring,Week4,287.0 Dunn Loring - 115.0 Parliament
Pinecrest,Week5,Great Falls,Week2,267.0 Pinecrest - 117.0 Great Falls
Pinecrest,Week1,Mount Vernon Park,Week2,207.0 Mount Vernon Park - 195.0 Pinecrest
Parliament,Week3,Dunn Loring,Week2,277.0 Dunn Loring - 125.0 Parliament
Pinecrest,Week5,Camelot,Week1,268.0 Pinecrest - 134.0 Camelot
Parliament,Week4,High Point Pool,Week5,223.0 High Point Pool - 179.0 Parliament
Pinecrest,Week4,Mosby Woods,Week3,230.0 Pinecrest - 172.0 Mosby Woods
Parliament,Week5,Parklawn,Week2,236.5 Parliament - 164.5 Parklawn
Parliament,Week2,Dunn Loring,Week3,300.0 Dunn Loring - 102.0 Parliament
Parliament,Week3,Dunn Loring,Week3,279.0 Dunn Loring - 123.0 Parliament
Parliament,Week3,High Point Pool,Week5,230.0 High Point Pool - 172.0 Parliament
Parliament,Week5,Sleepy Hollow B & R,Week1,226.0 Sleepy Hollow B & R - 176.0 Parliament
Parliament,Week5,Dunn Loring,Week2,275.0 Dunn Loring - 127.0 Parliament
Pinecrest,Week2,Camelot,Week5,291.0 Pinecrest - 111.0 Camelot
Pinecrest,Week5,Mosby Woods,Week4,232.0 Pinecrest - 170.0 Mosby Woods
Pinecrest,Week1,Great Falls,Week4,242.0 Pinecrest - 160.0 Great Falls
Parliament,Week1,Parklawn,Week3,279.0 Parliament - 123.0 Parklawn
Pinecrest,Week2,Great Falls,Week5,236.0 Pinecrest - 166.0 Great Falls
Pinecrest,Week1,Greenbriar,Week5,240.0 Pinecrest - 162.0 Greenbriar
Pinecrest,Week2,Canterbury Woods,Week2,309.0 Pinecrest - 93.0 Canterbury Woods
Pinecrest,Week3,Camelot,Week4,304.0 Pinecrest - 98.0 Camelot
Parliament,Week5,High Point Pool,Week2,227.5 High Point Pool - 174.5 Parliament
Parliament,Week3,Dunn Loring,Week4,279.0 Dunn Loring - 123.0 Parliament
Parliament,Week4,Dunn Loring,Week5,299.0 Dunn Loring - 103.0 Parliament
Parliament,Week4,High Point Pool,Week2,252.0 High Point Pool - 150.0 Parliament
Pinecrest,Week1,Great Falls,Week1,257.0 Pinecrest - 145.0 Great Falls
Pinecrest,Week2,Great Falls,Week3,259.0 Pinecrest - 143.0 Great Falls
Pinecrest,Week3,Great Falls,Week2,275.0 Pinecrest - 109.0 Great Falls
Pinecrest,Week2,Canterbury Woods,Week4,294.0 Pinecrest - 108.0 Canterbury Woods
Pinecrest,Week3,Mosby Woods,Week3,222.0 Pinecrest - 180.0 Mosby Woods
Parliament,Week4,Overlee,Week4,371.0 Overlee - 31.0 Parliament
Pinecrest,Week1,Canterbury Woods,Week4,263.0 Pinecrest - 139.0 Canterbury Woods
Pinecrest,Week2,Mosby Woods,Week1,213.0 Pinecrest - 189.0 Mosby Woods
Parliament,Week5,High Point Pool,Week5,222.0 High Point Pool - 180.0 Parliament
Pinecrest,Week2,Mosby Woods,Week2,222.0 Pinecrest - 180.0 Mosby Woods
Parliament,Week1,Highland Park,Week3,214.0 Parliament - 188.0 Highland Park
Parklawn,Week3,Poplar Tree,Week3,309.0 Poplar Tree - 93.0 Parklawn
Parliament,Week2,Dunn Loring,Week5,289.0 Dunn Loring - 113.0 Parliament
Parliament,Week4,Dunn Loring,Week3,296.0 Dunn Loring - 106.0 Parliament
Parliament,Week5,Dunn Loring,Week4,274.5 Dunn Loring - 127.5 Parliament
Parklawn,Week5,Poplar Heights,Week5,277.0 Poplar Heights - 125.0 Parklawn
Parklawn,Week1,Poplar Tree,Week2,295.0 Poplar Tree - 93.0 Parklawn
Parliament,Week5,High Point Pool,Week3,214.0 High Point Pool - 188.0 Parliament
Parliament,Week4,Hiddenbrook,Week5,213.0 Parliament - 189.0 Hiddenbrook
Parliament,Week3,Parklawn,Week1,270.0 Parliament - 123.0 Parklawn
Parliament,Week2,Highland Park,Week1,249.5 Highland Park - 151.5 Parliament
Pinecrest,Week3,Greenbriar,Week1,256.0 Pinecrest - 146.0 Greenbriar
Pinecrest,Week4,Greenbriar,Week1,252.0 Pinecrest - 150.0 Greenbriar
Parliament,Week4,Parklawn,Week2,236.0 Parliament - 166.0 Parklawn
Pinecrest,Week4,Mosby Woods,Week2,217.0 Pinecrest - 185.0 Mosby Woods
Parklawn,Week2,Poplar Tree,Week4,278.0 Poplar Tree - 122.0 Parklawn
Parliament,Week4,Overlee,Week3,344.0 Overlee - 58.0 Parliament
Parliament,Week2,High Point Pool,Week5,237.0 High Point Pool - 165.0 Parliament
Pinecrest,Week1,Mount Vernon Park,Week1,210.0 Mount Vernon Park - 192.0 Pinecrest
Pinecrest,Week4,Camelot,Week1,285.0 Pinecrest - 117.0 Camelot
Parliament,Week5,Overlee,Week3,320.0 Overlee - 82.0 Parliament
Pinecrest,Week5,Camelot,Week4,289.0 Pinecrest - 113.0 Camelot
Pinecrest,Week4,Mosby Woods,Week4,238.0 Pinecrest - 164.0 Mosby Woods
Pinecrest,Week5,Camelot,Week3,277.0 Pinecrest - 124.0 Camelot
Pinecrest,Week4,Great Falls,Week1,295.0 Pinecrest - 107.0 Great Falls
Parliament,Week1,Fair Oaks ,Week2,213.0 Parliament - 189.0 Fair Oaks
Pinecrest,Week4,Camelot,Week2,271.0 Pinecrest - 131.0 Camelot
Pinecrest,Week2,Greenbriar,Week4,269.0 Pinecrest - 133.0 Greenbriar
Pinecrest,Week5,Camelot,Week5,270.0 Pinecrest - 132.0 Camelot
Pinecrest,Week4,Camelot,Week4,301.0 Pinecrest - 101.0 Camelot
Parliament,Week1,Fair Oaks ,Week5,218.0 Fair Oaks - 184.0 Parliament
Parklawn,Week2,Poplar Tree,Week3,298.0 Poplar Tree - 103.0 Parklawn
Pinecrest,Week3,Camelot,Week3,293.0 Pinecrest - 109.0 Camelot
Pinecrest,Week5,Great Falls,Week3,263.0 Pinecrest - 139.0 Great Falls
Pinecrest,Week4,Greenbriar,Week5,253.0 Pinecrest - 149.0 Greenbriar
Parliament,Week5,Overlee,Week2,337.0 Overlee - 65.0 Parliament
Pinecrest,Week2,Mosby Woods,Week3,218.0 Pinecrest - 184.0 Mosby Woods
Parklawn,Week1,Poplar Tree,Week1,315.0 Poplar Tree - 77.0 Parklawn
Parklawn,Week5,Poplar Tree,Week1,299.0 Poplar Tree - 103.0 Parklawn
Parliament,Week1,High Point Pool,Week1,205.0 Parliament - 197.0 High Point Pool
Pinecrest,Week3,Camelot,Week5,298.0 Pinecrest - 104.0 Camelot
Parliament,Week3,Parklawn,Week3,269.0 Parliament - 133.0 Parklawn
Pinecrest,Week5,Greenbriar,Week2,233.0 Pinecrest - 169.0 Greenbriar
Parliament,Week1,Fair Oaks ,Week3,216.5 Fair Oaks - 185.5 Parliament
Pinecrest,Week5,Great Falls,Week5,260.0 Pinecrest - 142.0 Great Falls
Parklawn,Week3,Poplar Tree,Week4,290.0 Poplar Tree - 111.0 Parklawn
Parliament,Week5,Hiddenbrook,Week2,271.0 Parliament - 125.0 Hiddenbrook
Pinecrest,Week4,Mosby Woods,Week1,209.0 Pinecrest - 193.0 Mosby Woods
Parliament,Week1,High Point Pool,Week5,201.0 High Point Pool - 201.0 Parliament
Parliament,Week1,Fair Oaks ,Week4,202.0 Parliament - 200.0 Fair Oaks
Parliament,Week2,Fair Oaks ,Week2,211.0 Fair Oaks - 191.0 Parliament
Pinecrest,Week3,Mosby Woods,Week4,220.0 Pinecrest - 182.0 Mosby Woods
Parliament,Week1,Parklawn,Week1,275.0 Parliament - 116.0 Parklawn
Pinecrest,Week1,Mount Vernon Park,Week3,205.0 Mount Vernon Park - 197.0 Pinecrest
Parliament,Week3,Parklawn,Week5,231.0 Parliament - 171.0 Parklawn
Parklawn,Week5,Poplar Tree,Week4,272.0 Poplar Tree - 129.0 Parklawn
Parliament,Week1,High Point Pool,Week4,208.0 High Point Pool - 194.0 Parliament
Parklawn,Week4,Poplar Tree,Week2,269.5 Poplar Tree - 131.5 Parklawn
Pinecrest,Week4,Great Falls,Week4,265.0 Pinecrest - 137.0 Great Falls
Parliament,Week3,Fair Oaks ,Week1,227.0 Fair Oaks - 175.0 Parliament
Parliament,Week2,Fair Oaks ,Week5,238.0 Fair Oaks - 164.0 Parliament
Pinecrest,Week5,Mount Vernon Park,Week1,224.0 Pinecrest - 178.0 Mount Vernon Park
Parliament,Week1,High Point Pool,Week3,201.0 High Point Pool - 201.0 Parliament
Pinecrest,Week4,Mount Vernon Park,Week5,210.0 Mount Vernon Park - 192.0 Pinecrest
Parliament,Week5,Parklawn,Week1,274.5 Parliament - 117.5 Parklawn
Pinecrest,Week3,Canterbury Woods,Week1,309.0 Pinecrest - 93.0 Canterbury Woods
Pinecrest,Week3,Camelot,Week1,293.0 Pinecrest - 109.0 Camelot
Pinecrest,Week1,Canterbury Woods,Week5,262.0 Pinecrest - 140.0 Canterbury Woods
Parliament,Week2,Parklawn,Week2,220.0 Parliament - 181.0 Parklawn
Pinecrest,Week3,Great Falls,Week5,256.0 Pinecrest - 146.0 Great Falls
Parliament,Week5,Overlee,Week5,361.0 Overlee - 41.0 Parliament
Pinecrest,Week1,Canterbury Woods,Week1,276.0 Pinecrest - 126.0 Canterbury Woods
Pinecrest,Week2,Canterbury Woods,Week1,313.0 Pinecrest - 89.0 Canterbury Woods
Parliament,Week1,Parklawn,Week2,254.0 Parliament - 147.0 Parklawn
Parliament,Week2,Fair Oaks ,Week3,235.0 Fair Oaks - 167.0 Parliament
Pinecrest,Week4,Great Falls,Week3,267.0 Pinecrest - 135.0 Great Falls
Parklawn,Week1,Poplar Tree,Week4,286.0 Poplar Tree - 107.0 Parklawn
Parklawn,Week1,Poplar Tree,Week5,320.5 Poplar Tree - 72.5 Parklawn
Parliament,Week3,Fair Oaks ,Week5,253.0 Fair Oaks - 149.0 Parliament
Parliament,Week2,Fair Oaks ,Week4,226.0 Fair Oaks - 176.0 Parliament
Parliament,Week5,Hiddenbrook,Week1,239.0 Parliament - 163.0 Hiddenbrook
Parliament,Week4,Overlee,Week5,372.0 Overlee - 30.0 Parliament
Pinecrest,Week2,Mount Vernon Park,Week2,220.0 Pinecrest - 182.0 Mount Vernon Park
Parklawn,Week5,Poplar Tree,Week3,288.0 Poplar Tree - 114.0 Parklawn
Pinecrest,Week5,Mount Vernon Park,Week3,207.0 Pinecrest - 195.0 Mount Vernon Park
Pinecrest,Week1,Greenbriar,Week2,212.5 Pinecrest - 189.5 Greenbriar
Pinecrest,Week1,Greenbriar,Week1,224.0 Pinecrest - 178.0 Greenbriar
Parliament,Week5,Overlee,Week4,363.0 Overlee - 39.0 Parliament
Parliament,Week2,High Point Pool,Week1,227.0 High Point Pool - 175.0 Parliament
Parliament,Week5,Hiddenbrook,Week4,235.0 Parliament - 167.0 Hiddenbrook
Pinecrest,Week1,Mount Vernon Park,Week5,205.0 Mount Vernon Park - 197.0 Pinecrest
Parliament,Week5,Hiddenbrook,Week5,226.0 Parliament - 176.0 Hiddenbrook
Parliament,Week5,Hiddenbrook,Week3,233.0 Parliament - 168.0 Hiddenbrook
Parliament,Week3,Fair Oaks ,Week3,231.0 Fair Oaks - 171.0 Parliament
Parklawn,Week5,Poplar Tree,Week2,279.0 Poplar Tree - 122.0 Parklawn
Pinecrest,Week5,Mount Vernon Park,Week4,225.0 Pinecrest - 177.0 Mount Vernon Park
Pinecrest,Week3,Mount Vernon Park,Week2,239.0 Pinecrest - 163.0 Mount Vernon Park
Parliament,Week1,Parklawn,Week4,244.0 Parliament - 154.0 Parklawn
Pinecrest,Week3,Camelot,Week2,285.0 Pinecrest - 117.0 Camelot
Pinecrest,Week2,Canterbury Woods,Week5,294.0 Pinecrest - 107.0 Canterbury Woods
Pinecrest,Week5,Great Falls,Week1,292.0 Pinecrest - 110.0 Great Falls
Parklawn,Week5,Poplar Tree,Week5,303.0 Poplar Tree - 99.0 Parklawn
Parliament,Week4,Fair Oaks ,Week3,231.0 Fair Oaks - 171.0 Parliament
Parliament,Week5,Fair Oaks ,Week5,240.0 Fair Oaks - 162.0 Parliament
Pinecrest,Week3,Greenbriar,Week2,210.0 Pinecrest - 192.0 Greenbriar
Parliament,Week4,Fair Oaks ,Week2,206.0 Fair Oaks - 196.0 Parliament
Parliament,Week4,Fair Oaks ,Week5,252.0 Fair Oaks - 150.0 Parliament
Parklawn,Week2,Tuckahoe,Week2,359.0 Tuckahoe - 42.0 Parklawn
Parliament,Week2,Parklawn,Week4,216.0 Parliament - 184.0 Parklawn
Parklawn,Week4,Poplar Tree,Week4,256.5 Poplar Tree - 144.5 Parklawn
Parliament,Week1,High Point Pool,Week2,207.0 High Point Pool - 195.0 Parliament
Parliament,Week1,Parklawn,Week5,248.0 Parliament - 153.0 Parklawn
Pinecrest,Week5,Camelot,Week2,265.0 Pinecrest - 136.0 Camelot
Parliament,Week2,High Point Pool,Week4,231.5 High Point Pool - 170.5 Parliament
Parklawn,Week3,Poplar Tree,Week2,291.0 Poplar Tree - 110.0 Parklawn
Parliament,Week2,High Point Pool,Week3,235.0 High Point Pool - 167.0 Parliament
Parklawn,Week1,Poplar Tree,Week3,316.0 Poplar Tree - 77.0 Parklawn
Pinecrest,Week5,Mount Vernon Park,Week5,208.0 Pinecrest - 193.0 Mount Vernon Park
Pinecrest,Week2,Greenbriar,Week3,239.5 Pinecrest - 162.5 Greenbriar
Pinecrest,Week1,Newington Forest,Week2,313.0 Pinecrest - 88.0 Newington Forest
Pinecrest,Week1,Newington Forest,Week1,323.0 Pinecrest - 79.0 Newington Forest
Pinecrest,Week4,Great Falls,Week2,269.0 Pinecrest - 115.0 Great Falls
Pinecrest,Week4,Camelot,Week3,292.0 Pinecrest - 110.0 Camelot
Parklawn,Week1,Tuckahoe,Week4,363.0 Tuckahoe - 30.0 Parklawn
Pinecrest,Week1,Greenbriar,Week3,232.0 Pinecrest - 170.0 Greenbriar
Pinecrest,Week3,Canterbury Woods,Week2,315.0 Pinecrest - 87.0 Canterbury Woods
Parliament,Week5,Overlee,Week1,326.0 Overlee - 76.0 Parliament
Parklawn,Week1,Tuckahoe,Week1,347.0 Tuckahoe - 46.0 Parklawn
Parliament,Week3,Parklawn,Week2,239.0 Parliament - 163.0 Parklawn
Pinecrest,Week2,Greenbriar,Week2,206.0 Pinecrest - 196.0 Greenbriar
Parliament,Week3,High Point Pool,Week2,240.0 High Point Pool - 162.0 Parliament
Pinecrest,Week1,Newington Forest,Week5,286.0 Pinecrest - 116.0 Newington Forest
Parklawn,Week5,Truro,Week2,221.0 Parklawn - 175.0 Truro
Parliament,Week2,Parklawn,Week3,255.0 Parliament - 146.0 Parklawn
Parklawn,Week3,Pleasant Valley,Week5,227.0 Parklawn - 169.0 Pleasant Valley
Pinecrest,Week1,Cardinal Hill,Week1,203.5 Pinecrest - 198.5 Cardinal Hill
Pinecrest,Week4,Canterbury Woods,Week4,271.0 Pinecrest - 131.0 Canterbury Woods
Parklawn,Week3,Poplar Tree,Week5,323.0 Poplar Tree - 79.0 Parklawn
Pinecrest,Week5,Mount Vernon Park,Week2,223.0 Pinecrest - 179.0 Mount Vernon Park
Parklawn,Week4,Truro,Week5,218.0 Parklawn - 180.0 Truro
Parliament,Week1,Fairfax,Week1,242.0 Fairfax - 160.0 Parliament
Parliament,Week2,High Point Pool,Week2,249.0 High Point Pool - 153.0 Parliament
Parliament,Week2,Parklawn,Week5,216.0 Parliament - 181.0 Parklawn
Pinecrest,Week3,Greenbriar,Week3,253.0 Pinecrest - 149.0 Greenbriar
Parliament,Week1,Fairfax,Week4,240.0 Fairfax - 162.0 Parliament
Parklawn,Week3,Truro,Week4,222.0 Truro - 179.0 Parklawn
Parklawn,Week2,Poplar Tree,Week2,288.0 Poplar Tree - 113.0 Parklawn
Pinecrest,Week3,Greenbriar,Week4,268.0 Pinecrest - 134.0 Greenbriar
Parklawn,Week3,Pleasant Valley,Week4,249.0 Parklawn - 143.0 Pleasant Valley
Parliament,Week3,High Point Pool,Week4,222.0 High Point Pool - 180.0 Parliament
Parklawn,Week3,Poplar Tree,Week1,313.0 Poplar Tree - 89.0 Parklawn
Pinecrest,Week1,Newington Forest,Week4,290.0 Pinecrest - 112.0 Newington Forest
Parliament,Week3,Fairfax,Week1,266.0 Fairfax - 136.0 Parliament
Pinecrest,Week1,Canterbury Woods,Week2,298.0 Pinecrest - 104.0 Canterbury Woods
Parklawn,Week2,Pinecrest,Week2,323.0 Pinecrest - 78.0 Parklawn
Parklawn,Week2,Pinecrest,Week5,318.0 Pinecrest - 80.0 Parklawn
Pinecrest,Week3,Cardinal Hill,Week2,250.0 Pinecrest - 152.0 Cardinal Hill
Parliament,Week4,High Point Pool,Week1,225.0 High Point Pool - 177.0 Parliament
Parliament,Week3,Parklawn,Week4,230.0 Parliament - 171.0 Parklawn
Parliament,Week2,Parklawn,Week1,264.0 Parliament - 128.0 Parklawn
Pinecrest,Week3,Great Falls,Week4,270.0 Pinecrest - 132.0 Great Falls
Pinecrest,Week5,Canterbury Woods,Week2,294.0 Pinecrest - 107.0 Canterbury Woods
Parklawn,Week4,Pleasant Valley,Week2,232.0 Parklawn - 152.0 Pleasant Valley
Pinecrest,Week2,Mount Vernon Park,Week5,207.0 Pinecrest - 195.0 Mount Vernon Park
Pinecrest,Week3,Mount Vernon Park,Week4,243.0 Pinecrest - 159.0 Mount Vernon Park
Pinecrest,Week3,Cardinal Hill,Week4,234.0 Pinecrest - 168.0 Cardinal Hill
Parklawn,Week3,Tuckahoe,Week2,365.0 Tuckahoe - 36.0 Parklawn
Parklawn,Week4,Pleasant Valley,Week4,253.0 Parklawn - 139.0 Pleasant Valley
Parliament,Week5,High Point Pool,Week4,213.0 High Point Pool - 189.0 Parliament
Parliament,Week3,Fairfax,Week4,263.0 Fairfax - 139.0 Parliament
Parliament,Week4,Parklawn,Week3,260.0 Parliament - 142.0 Parklawn
Parklawn,Week2,Poplar Tree,Week1,292.0 Poplar Tree - 109.0 Parklawn
Pinecrest,Week1,Greenbriar,Week4,250.0 Pinecrest - 152.0 Greenbriar
Pinecrest,Week3,Mount Vernon Park,Week3,231.0 Pinecrest - 171.0 Mount Vernon Park
Parklawn,Week3,Tuckahoe,Week3,368.0 Tuckahoe - 34.0 Parklawn
Parklawn,Week3,Pinecrest,Week4,329.5 Pinecrest - 72.5 Parklawn
Pinecrest,Week1,Newington Forest,Week3,312.0 Pinecrest - 90.0 Newington Forest
Parliament,Week1,Fairfax,Week5,266.0 Fairfax - 136.0 Parliament
Parliament,Week4,High Point Pool,Week4,235.0 High Point Pool - 167.0 Parliament
Pinecrest,Week2,Cardinal Hill,Week4,225.0 Pinecrest - 177.0 Cardinal Hill
Pinecrest,Week4,Cardinal Hill,Week1,215.0 Pinecrest - 187.0 Cardinal Hill
Parklawn,Week4,Pleasant Valley,Week5,240.0 Parklawn - 152.0 Pleasant Valley
Parliament,Week4,Parklawn,Week5,232.0 Parliament - 169.0 Parklawn
Parklawn,Week4,Truro,Week4,204.0 Parklawn - 196.0 Truro
Parliament,Week1,Parliament,Week2,219.5 Parliament (PAR1) - 171.5 Parliament (PAR2)
Pinecrest,Week4,Great Falls,Week5,256.0 Pinecrest - 146.0 Great Falls
Parklawn,Week3,Pinecrest,Week1,317.0 Pinecrest - 85.0 Parklawn
Pinecrest,Week5,Great Falls,Week4,275.0 Pinecrest - 127.0 Great Falls
Parklawn,Week4,Poplar Tree,Week1,279.0 Poplar Tree - 123.0 Parklawn
Parklawn,Week1,Tuckahoe,Week2,363.0 Tuckahoe - 30.0 Parklawn
Parklawn,Week4,Pleasant Valley,Week1,239.0 Parklawn - 148.0 Pleasant Valley
Parliament,Week3,Fairfax,Week2,289.0 Fairfax - 113.0 Parliament
Parklawn,Week2,Poplar Tree,Week5,313.0 Poplar Tree - 89.0 Parklawn
Pinecrest,Week3,Mount Vernon Park,Week5,209.0 Pinecrest - 193.0 Mount Vernon Park
Parliament,Week3,Fairfax,Week3,289.0 Fairfax - 113.0 Parliament
Parklawn,Week4,Pleasant Valley,Week3,227.0 Parklawn - 170.0 Pleasant Valley
Parliament,Week1,Highland Park,Week2,204.0 Parliament - 198.0 Highland Park
Parklawn,Week4,Poplar Tree,Week5,298.0 Poplar Tree - 103.0 Parklawn
Pinecrest,Week2,Greenbriar,Week5,246.0 Pinecrest - 156.0 Greenbriar
Parklawn,Week4,Poplar Tree,Week3,280.0 Poplar Tree - 122.0 Parklawn
Parliament,Week5,High Point Pool,Week1,211.0 High Point Pool - 191.0 Parliament
Pinecrest,Week2,Greenbriar,Week1,237.0 Pinecrest - 165.0 Greenbriar
Parliament,Week4,Fairfax,Week1,275.0 Fairfax - 127.0 Parliament
Pinecrest,Week3,Mount Vernon Park,Week1,239.0 Pinecrest - 163.0 Mount Vernon Park
Parklawn,Week1,Tuckahoe,Week5,355.0 Tuckahoe - 38.0 Parklawn
Parklawn,Week5,Pleasant Valley,Week3,217.0 Parklawn - 184.0 Pleasant Valley
Parliament,Week1,Highland Park,Week5,204.0 Highland Park - 198.0 Parliament
Pinecrest,Week2,Cardinal Hill,Week3,205.0 Cardinal Hill - 197.0 Pinecrest
Pinecrest,Week4,Mount Vernon Park,Week4,220.0 Pinecrest - 182.0 Mount Vernon Park
Parklawn,Week4,Tuckahoe,Week4,351.0 Tuckahoe - 50.0 Parklawn
Parklawn,Week4,Pinecrest,Week1,296.0 Pinecrest - 106.0 Parklawn
Parliament,Week5,Parliament,Week3,212.0 Parliament (PAR1) - 188.0 Parliament (PAR2)
Parliament,Week1,Highland Park,Week4,211.0 Highland Park - 191.0 Parliament
Parliament,Week1,Highland Park,Week1,214.0 Highland Park - 188.0 Parliament
Pinecrest,Week4,Greenbriar,Week2,218.0 Pinecrest - 184.0 Greenbriar
Parklawn,Week5,Truro,Week4,202.0 Truro - 198.0 Parklawn
Parliament,Week5,Parliament,Week5,192.5 Parliament (PAR1) - 192.5 Parliament (PAR2)
Parliament,Week3,Fairfax,Week5,304.0 Fairfax - 98.0 Parliament
Pinecrest,Week4,Cardinal Hill,Week4,224.0 Pinecrest - 178.0 Cardinal Hill
Parklawn,Week1,Pinecrest,Week1,329.0 Pinecrest - 64.0 Parklawn
Parklawn,Week5,Pleasant Valley,Week1,245.0 Parklawn - 143.0 Pleasant Valley
Pinecrest,Week5,Cardinal Hill,Week1,208.0 Pinecrest - 194.0 Cardinal Hill
Parliament,Week3,Parliament,Week5,212.0 Parliament (PAR2) - 188.0 Parliament (PAR1)
Parklawn,Week5,Pleasant Valley,Week2,236.0 Parklawn - 152.0 Pleasant Valley
Pinecrest,Week2,Mount Vernon Park,Week4,228.0 Pinecrest - 174.0 Mount Vernon Park
Pinecrest,Week3,Greenbriar,Week5,256.0 Pinecrest - 146.0 Greenbriar
Parliament,Week2,Fairfax,Week3,279.0 Fairfax - 123.0 Parliament
Parklawn,Week4,Truro,Week1,209.0 Parklawn - 189.0 Truro
Parklawn,Week1,Pinecrest,Week4,334.0 Pinecrest - 59.0 Parklawn
Parklawn,Week3,Truro,Week3,212.0 Parklawn - 189.0 Truro
Parliament,Week5,Highland Park,Week2,215.0 Highland Park - 187.0 Parliament
Pinecrest,Week4,Mount Vernon Park,Week1,226.0 Pinecrest - 176.0 Mount Vernon Park
Pinecrest,Week4,Mount Vernon Park,Week3,211.0 Pinecrest - 191.0 Mount Vernon Park
Parklawn,Week1,Pleasant Valley,Week1,212.0 Parklawn - 181.0 Pleasant Valley
Pinecrest,Week1,Chesterbrook,Week1,302.0 Chesterbrook - 100.0 Pinecrest
Pinecrest,Week5,Greenbriar,Week1,268.0 Pinecrest - 134.0 Greenbriar
Parliament,Week1,Pinecrest,Week4,239.0 Pinecrest - 163.0 Parliament
Pinecrest,Week4,Mount Vernon Park,Week2,209.0 Pinecrest - 193.0 Mount Vernon Park
Parklawn,Week2,Pleasant Valley,Week3,207.0 Parklawn - 193.0 Pleasant Valley
Parklawn,Week1,Pleasant Valley,Week5,204.0 Parklawn - 185.0 Pleasant Valley
Parliament,Week5,Highland Park,Week4,221.0 Highland Park - 181.0 Parliament
Pinecrest,Week5,Canterbury Woods,Week4,276.0 Pinecrest - 126.0 Canterbury Woods
Parklawn,Week4,Truro,Week2,222.0 Parklawn - 176.0 Truro
Parliament,Week4,Fairfax,Week2,279.0 Fairfax - 123.0 Parliament
Parliament,Week2,Parliament,Week3,202.0 Parliament (PAR1) - 198.0 Parliament (PAR2)
Parliament,Week5,Fair Oaks ,Week3,226.0 Fair Oaks - 176.0 Parliament
Pinecrest,Week2,Cardinal Hill,Week1,211.0 Pinecrest - 191.0 Cardinal Hill
Parliament,Week5,Fair Oaks ,Week2,209.0 Fair Oaks - 193.0 Parliament
Parliament,Week3,Highland Park,Week2,220.0 Highland Park - 182.0 Parliament
Parklawn,Week2,Truro,Week3,225.0 Parklawn - 175.0 Truro
Parklawn,Week2,Pleasant Valley,Week5,234.0 Parklawn - 164.0 Pleasant Valley
Parliament,Week2,Fairfax,Week5,289.0 Fairfax - 113.0 Parliament
Parliament,Week2,Parliament,Week5,207.0 Parliament (PAR2) - 184.0 Parliament (PAR1)
Pinecrest,Week4,Greenbriar,Week4,268.0 Pinecrest - 134.0 Greenbriar
Pinecrest,Week4,Greenbriar,Week3,242.0 Pinecrest - 160.0 Greenbriar
Pinecrest,Week2,Hamlet,Week1,211.0 Hamlet - 191.0 Pinecrest
Parliament,Week1,Fairfax,Week2,257.0 Fairfax - 145.0 Parliament
Parklawn,Week1,Pleasant Valley,Week3,215.0 Pleasant Valley - 177.0 Parklawn
Parklawn,Week3,Pinecrest,Week5,320.0 Pinecrest - 78.0 Parklawn
Pinecrest,Week5,Canterbury Woods,Week3,275.0 Pinecrest - 127.0 Canterbury Woods
Parklawn,Week5,Pinewood Lake,Week4,326.0 Parklawn - 63.0 Pinewood Lake
Parklawn,Week3,Truro,Week2,210.5 Parklawn - 187.5 Truro
Parklawn,Week3,Pinecrest,Week3,327.0 Pinecrest - 75.0 Parklawn
Parklawn,Week5,Pinewood Lake,Week3,326.0 Parklawn - 63.0 Pinewood Lake
Pinecrest,Week4,Canterbury Woods,Week1,290.0 Pinecrest - 112.0 Canterbury Woods
Parliament,Week2,Pinecrest,Week1,282.0 Pinecrest - 120.0 Parliament
Parklawn,Week1,Pinecrest,Week5,329.0 Pinecrest - 64.0 Parklawn
Pinecrest,Week1,Hamlet,Week4,215.0 Hamlet - 187.0 Pinecrest
Pinecrest,Week4,Canterbury Woods,Week2,306.0 Pinecrest - 96.0 Canterbury Woods
Parliament,Week1,Fairfax,Week3,256.0 Fairfax - 146.0 Parliament
Parliament,Week5,Parklawn,Week4,238.0 Parliament - 163.0 Parklawn
Parklawn,Week5,Pinewood Lake,Week5,321.0 Parklawn - 68.0 Pinewood Lake
Parklawn,Week3,Truro,Week5,209.0 Truro - 189.0 Parklawn
Parliament,Week2,Highland Park,Week3,224.0 Highland Park - 178.0 Parliament
Parklawn,Week4,Pinecrest,Week2,313.0 Pinecrest - 88.0 Parklawn
Parliament,Week2,Highlands Swim,Week1,295.0 Highlands Swim - 107.0 Parliament
Parliament,Week2,Highland Park,Week5,240.0 Highland Park - 162.0 Parliament
Pinecrest,Week3,Hamlet,Week1,202.0 Hamlet - 200.0 Pinecrest
Parliament,Week3,Parliament,Week4,211.0 Parliament (PAR1) - 191.0 Parliament (PAR2)
Parliament,Week1,Highlands Swim,Week4,277.0 Highlands Swim - 125.0 Parliament
Pinecrest,Week4,Canterbury Woods,Week5,287.0 Pinecrest - 115.0 Canterbury Woods
Parliament,Week3,Parliament,Week1,232.0 Parliament (PAR2) - 167.0 Parliament (PAR1)
Parliament,Week5,Fair Oaks ,Week1,223.0 Fair Oaks - 179.0 Parliament
Parklawn,Week2,Pleasant Valley,Week4,248.0 Parklawn - 145.0 Pleasant Valley
Parklawn,Week3,Pinecrest,Week2,330.0 Pinecrest - 71.0 Parklawn
Pinecrest,Week2,Hamlet,Week2,225.0 Hamlet - 177.0 Pinecrest
Pinecrest,Week2,Hamlet,Week4,205.0 Hamlet - 197.0 Pinecrest
Parliament,Week5,Parklawn,Week3,275.0 Parliament - 126.0 Parklawn
Parliament,Week2,Fairfax,Week2,278.0 Fairfax - 124.0 Parliament
Parliament,Week5,Fair Oaks ,Week4,207.0 Fair Oaks - 195.0 Parliament
Parklawn,Week3,Truro,Week1,206.0 Truro - 192.0 Parklawn
Parliament,Week1,Highlands Swim,Week5,282.0 Highlands Swim - 120.0 Parliament
Parklawn,Week2,Truro,Week5,202.0 Parklawn - 196.0 Truro
Parklawn,Week5,Truro,Week1,211.0 Parklawn - 187.0 Truro
Parklawn,Week4,Truro,Week3,233.0 Parklawn - 168.0 Truro
Pinecrest,Week1,Hamlet,Week3,228.0 Hamlet - 174.0 Pinecrest
Parliament,Week2,Fairfax,Week1,266.0 Fairfax - 136.0 Parliament
Pinecrest,Week1,Cardinal Hill,Week3,232.0 Cardinal Hill - 170.0 Pinecrest
Parliament,Week4,Highland Park,Week1,226.0 Highland Park - 176.0 Parliament
Parliament,Week5,Parliament,Week1,209.0 Parliament (PAR2) - 173.0 Parliament (PAR1)
Pinecrest,Week5,Canterbury Woods,Week1,285.0 Pinecrest - 117.0 Canterbury Woods
Parklawn,Week5,Truro,Week3,226.5 Parklawn - 174.5 Truro
Parklawn,Week2,Pleasant Valley,Week1,238.0 Parklawn - 155.0 Pleasant Valley
Parklawn,Week2,Pinecrest,Week3,323.0 Pinecrest - 79.0 Parklawn
Parliament,Week1,Parliament,Week4,237.0 Parliament (PAR1) - 154.0 Parliament (PAR2)
Pinecrest,Week3,Canterbury Woods,Week3,292.0 Pinecrest - 110.0 Canterbury Woods
Parliament,Week5,Highland Park,Week5,227.0 Highland Park - 175.0 Parliament
Parliament,Week1,Parliament,Week1,188.0 Parliament (PAR1) - 188.0 Parliament (PAR2)
Parliament,Week4,Highland Park,Week4,229.0 Highland Park - 173.0 Parliament
Parklawn,Week1,Pleasant Valley,Week4,226.0 Parklawn - 165.0 Pleasant Valley
Parliament,Week5,Highland Park,Week3,202.0 Highland Park - 200.0 Parliament
Pinecrest,Week5,Greenbriar,Week4,282.0 Pinecrest - 120.0 Greenbriar
Parliament,Week4,Highland Park,Week3,208.0 Highland Park - 194.0 Parliament
Parklawn,Week2,Truro,Week4,210.0 Truro - 191.0 Parklawn
Parliament,Week2,Parliament,Week4,212.0 Parliament (PAR1) - 181.0 Parliament (PAR2)
Pinecrest,Week2,Cardinal Hill,Week2,230.0 Pinecrest - 172.0 Cardinal Hill
Parliament,Week2,Fairfax Club Estates,Week4,213.0 Parliament - 189.0 Fairfax Club Estates
Pinecrest,Week3,Hamlet,Week2,219.0 Hamlet - 183.0 Pinecrest
Parklawn,Week3,Pleasant Valley,Week3,210.0 Parklawn - 191.0 Pleasant Valley
Pinecrest,Week3,Hamlet,Week3,219.0 Hamlet - 183.0 Pinecrest
Parklawn,Week1,Pinecrest,Week2,337.0 Pinecrest - 56.0 Parklawn
Parklawn,Week5,Truro,Week5,211.0 Parklawn - 186.0 Truro
Parliament,Week2,Fairfax,Week4,259.0 Fairfax - 143.0 Parliament
Pinecrest,Week5,Canterbury Woods,Week5,267.0 Pinecrest - 131.0 Canterbury Woods
Parklawn,Week3,Pleasant Valley,Week1,237.0 Parklawn - 156.0 Pleasant Valley
Pinecrest,Week2,Cardinal Hill,Week5,213.0 Pinecrest - 189.0 Cardinal Hill
Parliament,Week2,Parliament,Week1,219.5 Parliament (PAR2) - 171.5 Parliament (PAR1)
Parliament,Week3,Fairfax Club Estates,Week1,238.0 Parliament - 164.0 Fairfax Club Estates
Parliament,Week2,Fairfax Club Estates,Week3,227.5 Parliament - 173.5 Fairfax Club Estates
Parklawn,Week2,Tuckahoe,Week4,362.0 Tuckahoe - 40.0 Parklawn
Parklawn,Week1,Pleasant Valley,Week2,206.0 Parklawn - 186.0 Pleasant Valley
Parklawn,Week2,Tuckahoe,Week1,349.0 Tuckahoe - 53.0 Parklawn
Pinecrest,Week3,Hamlet,Week5,227.0 Hamlet - 175.0 Pinecrest
Parliament,Week3,Highland Park,Week5,226.0 Highland Park - 176.0 Parliament
Parklawn,Week1,Tuckahoe,Week3,367.0 Tuckahoe - 26.0 Parklawn
Pinecrest,Week3,Hamlet,Week4,202.0 Pinecrest - 200.0 Hamlet
Pinecrest,Week4,Canterbury Woods,Week3,286.0 Pinecrest - 116.0 Canterbury Woods
Parklawn,Week4,Pinecrest,Week3,315.0 Pinecrest - 87.0 Parklawn
Parliament,Week1,Fairfax Club Estates,Week2,279.0 Parliament - 122.0 Fairfax Club Estates
Parliament,Week3,Parliament,Week2,202.0 Parliament (PAR2) - 198.0 Parliament (PAR1)
Parliament,Week1,Highlands Swim,Week1,278.0 Highlands Swim - 124.0 Parliament
Parliament,Week4,Parliament,Week5,214.0 Parliament (PAR2) - 178.0 Parliament (PAR1)
Parklawn,Week2,Pinecrest,Week4,321.0 Pinecrest - 81.0 Parklawn
Pinecrest,Week1,Cardinal Hill,Week4,210.0 Pinecrest - 192.0 Cardinal Hill
Parliament,Week4,Parliament,Week4,197.5 Parliament (PAR1) - 197.5 Parliament (PAR2)
Parklawn,Week2,Pinecrest,Week1,306.0 Pinecrest - 96.0 Parklawn
Parklawn,Week3,Pleasant Valley,Week2,223.0 Parklawn - 170.0 Pleasant Valley
Pinecrest,Week3,Canterbury Woods,Week5,293.0 Pinecrest - 109.0 Canterbury Woods
Parliament,Week2,Fairfax Club Estates,Week1,235.0 Parliament - 167.0 Fairfax Club Estates
Parklawn,Week2,Pleasant Valley,Week2,230.0 Parklawn - 162.0 Pleasant Valley
Pinecrest,Week1,Hamlet,Week1,207.0 Hamlet - 195.0 Pinecrest
Parklawn,Week2,Truro,Week2,224.0 Parklawn - 174.0 Truro
Parliament,Week5,Highland Park,Week1,229.0 Highland Park - 173.0 Parliament
Pinecrest,Week2,Hamlet,Week5,223.0 Hamlet - 179.0 Pinecrest
Parliament,Week3,Fairfax Club Estates,Week2,263.0 Parliament - 139.0 Fairfax Club Estates
Parklawn,Week3,Tuckahoe,Week1,354.0 Tuckahoe - 48.0 Parklawn
Parliament,Week2,Parliament,Week2,193.5 Parliament (PAR1) - 193.5 Parliament (PAR2)
Parliament,Week5,Fairfax,Week1,266.0 Fairfax - 136.0 Parliament
Parliament,Week1,Highlands Swim,Week2,285.0 Highlands Swim - 117.0 Parliament
Parliament,Week5,Parklawn,Week5,244.0 Parliament - 156.0 Parklawn
Pinecrest,Week4,Cardinal Hill,Week2,250.0 Pinecrest - 152.0 Cardinal Hill
Parliament,Week1,Parliament,Week5,209.0 Parliament (PAR1) - 173.0 Parliament (PAR2)
Parliament,Week2,Highland Park,Week2,228.0 Highland Park - 174.0 Parliament
Parliament,Week4,Parliament,Week1,237.0 Parliament (PAR2) - 154.0 Parliament (PAR1)
Pinecrest,Week3,Canterbury Woods,Week4,293.0 Pinecrest - 109.0 Canterbury Woods
Pinecrest,Week1,Hamlet,Week5,242.0 Hamlet - 160.0 Pinecrest
Parklawn,Week2,Tuckahoe,Week5,357.5 Tuckahoe - 44.5 Parklawn
Parklawn,Week3,Tuckahoe,Week5,364.0 Tuckahoe - 38.0 Parklawn
Parklawn,Week3,Tuckahoe,Week4,369.0 Tuckahoe - 33.0 Parklawn
Parliament,Week3,Fairfax Club Estates,Week3,245.0 Parliament - 157.0 Fairfax Club Estates
Parklawn,Week4,Tuckahoe,Week1,338.0 Tuckahoe - 64.0 Parklawn
Parliament,Week3,Fairfax Club Estates,Week4,233.0 Parliament - 169.0 Fairfax Club Estates
Pinecrest,Week1,Cardinal Hill,Week5,217.0 Cardinal Hill - 185.0 Pinecrest
Parklawn,Week2,Tuckahoe,Week3,359.0 Tuckahoe - 43.0 Parklawn
Pinecrest,Week1,Cardinal Hill,Week2,219.5 Pinecrest - 182.5 Cardinal Hill
Pinecrest,Week2,Hamlet,Week3,206.0 Hamlet - 196.0 Pinecrest
Parliament,Week4,Highland Park,Week2,214.0 Highland Park - 188.0 Parliament
Parliament,Week1,Burke Station,Week2,281.0 Parliament - 109.0 Burke Station
Parliament,Week3,Fairfax Club Estates,Week5,249.0 Parliament - 153.0 Fairfax Club Estates
Parliament,Week2,Fairfax Club Estates,Week5,216.0 Parliament - 184.0 Fairfax Club Estates
Pinecrest,Week5,Greenbriar,Week3,261.0 Pinecrest - 141.0 Greenbriar
Pinecrest,Week3,Cardinal Hill,Week1,217.0 Pinecrest - 185.0 Cardinal Hill
Pinecrest,Week1,Hamlet,Week2,237.0 Hamlet - 165.0 Pinecrest
Parliament,Week1,Parliament,Week3,232.0 Parliament (PAR1) - 167.0 Parliament (PAR2)
Parliament,Week3,Highland Park,Week3,215.0 Highland Park - 187.0 Parliament
Parliament,Week5,Parliament,Week2,207.0 Parliament (PAR1) - 184.0 Parliament (PAR2)
Parliament,Week2,Highlands Swim,Week2,302.0 Highlands Swim - 100.0 Parliament
Parklawn,Week1,Pinecrest,Week3,332.0 Pinecrest - 61.0 Parklawn
Pinecrest,Week3,Cardinal Hill,Week5,239.0 Pinecrest - 163.0 Cardinal Hill
Parliament,Week5,Broyhill Crest,Week2,333.0 Parliament - 66.0 Broyhill Crest
Pinecrest,Week5,Greenbriar,Week5,250.0 Pinecrest - 152.0 Greenbriar
Parliament,Week1,Highlands Swim,Week3,279.0 Highlands Swim - 123.0 Parliament
Parliament,Week4,Parliament,Week2,212.0 Parliament (PAR2) - 181.0 Parliament (PAR1)
Parliament,Week3,Highland Park,Week4,240.0 Highland Park - 162.0 Parliament
Pinecrest,Week3,Cardinal Hill,Week3,203.0 Pinecrest - 199.0 Cardinal Hill
Parliament,Week2,Burke Station,Week2,270.0 Parliament - 122.0 Burke Station
Parliament,Week4,Fairfax,Week4,269.0 Fairfax - 133.0 Parliament
Parliament,Week3,Highland Park,Week1,239.0 Highland Park - 163.0 Parliament
Pinecrest,Week4,Hamlet,Week1,206.0 Hamlet - 196.0 Pinecrest
Parklawn,Week4,Tuckahoe,Week2,341.0 Tuckahoe - 60.0 Parklawn
Parliament,Week1,Fairfax Club Estates,Week4,256.0 Parliament - 146.0 Fairfax Club Estates
Parliament,Week5,Fairfax,Week4,255.0 Fairfax - 147.0 Parliament
Parklawn,Week4,Tuckahoe,Week5,349.0 Tuckahoe - 53.0 Parklawn
Parliament,Week1,Fairfax Club Estates,Week1,262.0 Parliament - 139.0 Fairfax Club Estates
Parliament,Week2,Highlands Swim,Week3,289.0 Highlands Swim - 113.0 Parliament
Parliament,Week3,Parliament,Week3,200.5 Parliament (PAR1) - 200.5 Parliament (PAR2)
Parliament,Week2,Burke Station,Week5,240.0 Parliament - 156.0 Burke Station
Parliament,Week5,Highlands Swim,Week5,297.5 Highlands Swim - 104.5 Parliament
Parklawn,Week4,Tuckahoe,Week3,347.0 Tuckahoe - 55.0 Parklawn
Pinecrest,Week4,Cardinal Hill,Week5,212.0 Pinecrest - 190.0 Cardinal Hill
Pinecrest,Week5,Cardinal Hill,Week4,230.0 Pinecrest - 172.0 Cardinal Hill
Parliament,Week4,Broyhill Crest,Week1,335.0 Parliament - 62.0 Broyhill Crest
Parliament,Week2,Highland Park,Week4,251.0 Highland Park - 150.0 Parliament
Pinecrest,Week4,Cardinal Hill,Week3,215.0 Cardinal Hill - 187.0 Pinecrest
Pinecrest,Week5,Cardinal Hill,Week2,236.0 Pinecrest - 166.0 Cardinal Hill
Parklawn,Week5,Tuckahoe,Week1,339.0 Tuckahoe - 63.0 Parklawn
Parliament,Week4,Broyhill Crest,Week3,336.0 Parliament - 61.0 Broyhill Crest
Parliament,Week1,Fairfax Club Estates,Week5,261.0 Parliament - 141.0 Fairfax Club Estates
Parliament,Week5,Parliament,Week4,214.0 Parliament (PAR1) - 178.0 Parliament (PAR2)
Parliament,Week1,Burke Station,Week1,244.0 Parliament - 134.0 Burke Station
Parliament,Week1,Pinecrest,Week2,252.0 Pinecrest - 150.0 Parliament
Parliament,Week1,Pinecrest,Week1,248.0 Pinecrest - 154.0 Parliament
Parliament,Week4,Parliament,Week3,211.0 Parliament (PAR2) - 191.0 Parliament (PAR1)
Parklawn,Week5,Tuckahoe,Week2,341.0 Tuckahoe - 60.0 Parklawn
Parliament,Week4,Highland Park,Week5,227.5 Highland Park - 174.5 Parliament
Parliament,Week4,Fairfax,Week3,286.0 Fairfax - 116.0 Parliament
Pinecrest,Week5,Cardinal Hill,Week3,218.0 Cardinal Hill - 184.0 Pinecrest
Parliament,Week2,Burke Station,Week1,220.0 Parliament - 157.0 Burke Station
Parliament,Week2,Fairfax Club Estates,Week2,260.0 Parliament - 142.0 Fairfax Club Estates
Parliament,Week1,Fairfax Club Estates,Week3,279.0 Parliament - 122.0 Fairfax Club Estates
Parliament,Week5,Burke Station,Week2,271.0 Parliament - 120.0 Burke Station
Parklawn,Week4,Vienna Aquatic,Week1,307.0 Vienna Aquatic - 95.0 Parklawn
Parliament,Week3,Highlands Swim,Week3,278.0 Highlands Swim - 124.0 Parliament
Parliament,Week4,Broyhill Crest,Week5,310.0 Parliament - 90.0 Broyhill Crest
Parliament,Week1,Pinecrest,Week5,233.0 Pinecrest - 169.0 Parliament
Parklawn,Week4,Vienna Aquatic,Week2,308.0 Vienna Aquatic - 94.0 Parklawn
Parliament,Week4,Burke Station,Week5,249.0 Parliament - 147.0 Burke Station
Parliament,Week3,Hollin Hills,Week1,311.0 Parliament - 89.0 Hollin Hills
Parliament,Week5,Fairfax,Week5,285.0 Fairfax - 117.0 Parliament
Parliament,Week2,Highlands Swim,Week4,293.0 Highlands Swim - 109.0 Parliament
Parliament,Week5,Fairfax,Week3,279.0 Fairfax - 123.0 Parliament
Parklawn,Week1,Vienna Aquatic,Week4,337.0 Vienna Aquatic - 56.0 Parklawn
Pinecrest,Week1,Chesterbrook,Week3,335.0 Chesterbrook - 67.0 Pinecrest
Pinecrest,Week2,Chesterbrook,Week2,296.0 Chesterbrook - 106.0 Pinecrest
Parliament,Week1,Arlington Forest,Week4,209.0 Parliament - 193.0 Arlington Forest
Parliament,Week4,Pinecrest,Week3,288.0 Pinecrest - 114.0 Parliament
Parklawn,Week3,Vienna Aquatic,Week5,348.0 Vienna Aquatic - 53.0 Parklawn
Pinecrest,Week5,Cardinal Hill,Week5,202.0 Pinecrest - 199.0 Cardinal Hill
Parliament,Week2,Pinewood Lake,Week1,342.0 Parliament - 42.0 Pinewood Lake
Pinecrest,Week1,Chesterbrook,Week5,321.0 Chesterbrook - 81.0 Pinecrest
Parliament,Week5,Highlands Swim,Week3,287.0 Highlands Swim - 115.0 Parliament
Parklawn,Week2,Vienna Aquatic,Week1,313.0 Vienna Aquatic - 89.0 Parklawn
Parliament,Week1,Burke Station,Week5,255.0 Parliament - 138.0 Burke Station
Parliament,Week1,Pinecrest,Week3,242.0 Pinecrest - 160.0 Parliament
Parliament,Week2,Arlington Forest,Week4,247.0 Arlington Forest - 155.0 Parliament
Parliament,Week3,Pinecrest,Week5,276.0 Pinecrest - 126.0 Parliament
Parliament,Week4,Broyhill Crest,Week2,336.0 Parliament - 65.0 Broyhill Crest
Pinecrest,Week2,Chesterbrook,Week4,293.0 Chesterbrook - 109.0 Pinecrest
Parliament,Week5,Highlands Swim,Week2,304.0 Highlands Swim - 98.0 Parliament
Parliament,Week2,Hollin Hills,Week2,292.0 Parliament - 99.0 Hollin Hills
Parliament,Week4,Annandale,Week4,268.0 Parliament - 134.0 Annandale
Parliament,Week4,Pinecrest,Week2,279.0 Pinecrest - 123.0 Parliament
Parklawn,Week5,Tuckahoe,Week4,357.0 Tuckahoe - 45.0 Parklawn
Parliament,Week1,Camelot,Week1,214.0 Parliament - 184.0 Camelot
Parliament,Week3,Broyhill Crest,Week4,338.0 Parliament - 63.0 Broyhill Crest
Parliament,Week4,Highlands Swim,Week2,300.5 Highlands Swim - 101.5 Parliament
Parklawn,Week2,Vienna Aquatic,Week3,326.0 Vienna Aquatic - 76.0 Parklawn
Parklawn,Week1,Vienna Aquatic,Week3,338.0 Vienna Aquatic - 55.0 Parklawn
Parklawn,Week2,Vienna Aquatic,Week4,320.0 Vienna Aquatic - 82.0 Parklawn
Parliament,Week4,Annandale,Week5,244.0 Parliament - 158.0 Annandale
Parliament,Week4,Highlands Swim,Week5,307.5 Highlands Swim - 94.5 Parliament
Parliament,Week5,Fairfax,Week2,273.0 Fairfax - 129.0 Parliament
Parklawn,Week4,Vienna Aquatic,Week4,312.0 Vienna Aquatic - 90.0 Parklawn
Parklawn,Week4,Vienna Aquatic,Week5,332.0 Vienna Aquatic - 69.0 Parklawn
Parliament,Week4,Fairfax,Week5,293.0 Fairfax - 109.0 Parliament
Pinecrest,Week2,Chesterbrook,Week3,318.0 Chesterbrook - 84.0 Pinecrest
Parliament,Week4,Highlands Swim,Week4,301.0 Highlands Swim - 101.0 Parliament
Parliament,Week5,Broyhill Crest,Week3,340.0 Parliament - 55.0 Broyhill Crest
Parliament,Week3,Annandale,Week4,270.0 Parliament - 132.0 Annandale
Pinecrest,Week1,Chesterbrook,Week4,317.0 Chesterbrook - 85.0 Pinecrest
Parliament,Week2,Annandale,Week3,224.0 Parliament - 172.0 Annandale
Parliament,Week3,Pinewood Lake,Week4,345.0 Parliament - 55.0 Pinewood Lake
Parliament,Week5,Annandale,Week3,245.0 Parliament - 152.0 Annandale
Pinecrest,Week3,Chesterbrook,Week3,311.0 Chesterbrook - 91.0 Pinecrest
Parliament,Week1,Hollin Hills,Week4,317.0 Parliament - 65.0 Hollin Hills
Parliament,Week3,Broyhill Crest,Week5,316.0 Parliament - 86.0 Broyhill Crest
Parliament,Week3,Broyhill Crest,Week2,347.0 Parliament - 54.0 Broyhill Crest
Parklawn,Week4,Vienna Aquatic,Week3,317.0 Vienna Aquatic - 85.0 Parklawn
Parliament,Week3,Burke Station,Week1,238.0 Parliament - 141.0 Burke Station
Parliament,Week1,Hollin Hills,Week1,305.0 Parliament - 86.0 Hollin Hills
Parliament,Week4,Burke Station,Week4,276.0 Parliament - 119.0 Burke Station
Parliament,Week5,Pinecrest,Week2,273.0 Pinecrest - 129.0 Parliament
Parliament,Week1,Hollin Hills,Week2,295.0 Parliament - 89.0 Hollin Hills
Parliament,Week2,Pinewood Lake,Week5,320.0 Parliament - 71.0 Pinewood Lake
Parliament,Week2,Arlington Forest,Week3,215.0 Arlington Forest - 187.0 Parliament
Parliament,Week2,Pinewood Lake,Week3,346.0 Parliament - 44.0 Pinewood Lake
Pinecrest,Week2,Chesterbrook,Week1,286.0 Chesterbrook - 116.0 Pinecrest
Parliament,Week3,Arlington Forest,Week2,211.0 Parliament - 191.0 Arlington Forest
Pinecrest,Week3,Chesterbrook,Week1,282.0 Chesterbrook - 120.0 Pinecrest
Pinecrest,Week3,Chesterbrook,Week2,291.0 Chesterbrook - 111.0 Pinecrest
Parliament,Week1,Pinewood Lake,Week2,330.0 Parliament - 49.0 Pinewood Lake
Parliament,Week1,Hollin Hills,Week5,287.0 Parliament - 94.0 Hollin Hills
Parklawn,Week3,Vienna Aquatic,Week1,334.0 Vienna Aquatic - 68.0 Parklawn
Parliament,Week5,Broyhill Crest,Week5,314.0 Parliament - 83.0 Broyhill Crest
Parliament,Week4,Annandale,Week2,255.0 Parliament - 147.0 Annandale
Parliament,Week4,Highlands Swim,Week1,310.0 Highlands Swim - 92.0 Parliament
Parklawn,Week5,Tuckahoe,Week3,358.0 Tuckahoe - 44.0 Parklawn
Parliament,Week4,Annandale,Week1,249.0 Parliament - 152.0 Annandale
Pinecrest,Week3,Chesterbrook,Week5,296.5 Chesterbrook - 105.5 Pinecrest
Parliament,Week5,Pinecrest,Week1,267.0 Pinecrest - 135.0 Parliament
Parliament,Week5,Broyhill Crest,Week4,332.0 Parliament - 64.0 Broyhill Crest
Parliament,Week3,Pinecrest,Week4,267.0 Pinecrest - 135.0 Parliament
Parliament,Week3,Broyhill Crest,Week3,351.0 Parliament - 50.0 Broyhill Crest
Parliament,Week5,Pinecrest,Week5,261.0 Pinecrest - 141.0 Parliament
Parliament,Week1,Hollin Hills,Week3,292.0 Parliament - 103.0 Hollin Hills
Parklawn,Week2,Vienna Aquatic,Week2,315.0 Vienna Aquatic - 87.0 Parklawn
Parklawn,Week2,Vienna Aquatic,Week5,334.0 Vienna Aquatic - 67.0 Parklawn
Parliament,Week5,Broyhill Crest,Week1,329.0 Parliament - 64.0 Broyhill Crest
Parliament,Week2,Annandale,Week4,249.0 Parliament - 152.0 Annandale
Parliament,Week5,Highlands Swim,Week1,292.0 Highlands Swim - 110.0 Parliament
Parliament,Week2,Annandale,Week5,240.0 Parliament - 162.0 Annandale
Pinecrest,Week2,Chesterbrook,Week5,310.0 Chesterbrook - 92.0 Pinecrest
Parliament,Week5,Annandale,Week4,264.0 Parliament - 137.0 Annandale
Parliament,Week2,Pinecrest,Week4,282.0 Pinecrest - 120.0 Parliament
Parliament,Week3,Pinecrest,Week2,275.5 Pinecrest - 126.5 Parliament
Parklawn,Week1,Vienna Aquatic,Week1,333.0 Vienna Aquatic - 60.0 Parklawn
Pinecrest,Week1,Chesterbrook,Week2,310.0 Chesterbrook - 92.0 Pinecrest
Pinecrest,Week3,Chesterbrook,Week4,293.0 Chesterbrook - 109.0 Pinecrest
Parliament,Week1,Burke Station,Week4,280.0 Parliament - 111.0 Burke Station
Parliament,Week5,Pinecrest,Week3,269.0 Pinecrest - 133.0 Parliament
Parliament,Week3,Pinecrest,Week3,276.0 Pinecrest - 126.0 Parliament
Parliament,Week4,Annandale,Week3,233.0 Parliament - 164.0 Annandale
Parklawn,Week1,Vienna Aquatic,Week5,346.0 Vienna Aquatic - 47.0 Parklawn
Parliament,Week2,Hollin Hills,Week3,295.0 Parliament - 103.0 Hollin Hills
Parliament,Week5,Annandale,Week5,252.0 Parliament - 150.0 Annandale
Parliament,Week2,Burke Station,Week4,256.0 Parliament - 137.0 Burke Station
Parliament,Week1,Pinewood Lake,Week1,329.0 Parliament - 46.0 Pinewood Lake
Parliament,Week3,Highlands Swim,Week2,300.0 Highlands Swim - 102.0 Parliament
Parklawn,Week3,Vienna Aquatic,Week3,335.0 Vienna Aquatic - 67.0 Parklawn
Parliament,Week3,Broyhill Crest,Week1,348.0 Parliament - 52.0 Broyhill Crest
Parliament,Week1,Arlington Forest,Week1,221.0 Parliament - 181.0 Arlington Forest
Parliament,Week4,Broyhill Crest,Week4,330.0 Parliament - 70.0 Broyhill Crest
Parliament,Week1,Burke Station,Week3,251.0 Parliament - 132.0 Burke Station
Parklawn,Week3,Vienna Aquatic,Week2,331.0 Vienna Aquatic - 71.0 Parklawn
Parliament,Week2,Hollin Hills,Week1,303.0 Parliament - 93.0 Hollin Hills
Parklawn,Week5,Tuckahoe,Week5,347.0 Tuckahoe - 55.0 Parklawn
Parliament,Week2,Pinecrest,Week3,297.0 Pinecrest - 105.0 Parliament
Parliament,Week2,Highlands Swim,Week5,296.0 Highlands Swim - 106.0 Parliament
Parklawn,Week1,Vienna Aquatic,Week2,329.0 Vienna Aquatic - 64.0 Parklawn
Parliament,Week1,Arlington Forest,Week2,226.0 Parliament - 171.0 Arlington Forest
Parliament,Week2,Hollin Hills,Week4,296.0 Parliament - 92.0 Hollin Hills
Parliament,Week3,Annandale,Week3,246.0 Parliament - 156.0 Annandale
Parliament,Week2,Pinecrest,Week2,292.5 Pinecrest - 109.5 Parliament
Parliament,Week4,Highlands Swim,Week3,293.0 Highlands Swim - 109.0 Parliament
Parliament,Week2,Burke Station,Week3,240.0 Parliament - 150.0 Burke Station
Parliament,Week3,Hollin Meadows,Week2,205.0 Hollin Meadows - 197.0 Parliament
Parliament,Week1,Pinewood Lake,Week4,333.0 Parliament - 57.0 Pinewood Lake
Parliament,Week5,Pinecrest,Week4,263.0 Pinecrest - 139.0 Parliament
Parliament,Week3,Highlands Swim,Week4,295.0 Highlands Swim - 107.0 Parliament
Parliament,Week2,Arlington Forest,Week1,243.0 Arlington Forest - 159.0 Parliament
Parklawn,Week5,Vienna Aquatic,Week4,308.0 Vienna Aquatic - 94.0 Parklawn
Parliament,Week4,Burke Station,Week1,234.0 Parliament - 145.0 Burke Station
Parliament,Week3,Highlands Swim,Week1,298.0 Highlands Swim - 104.0 Parliament
Parliament,Week3,Burke Station,Week2,283.0 Parliament - 119.0 Burke Station
Parliament,Week3,Annandale,Week2,253.0 Parliament - 149.0 Annandale
Parliament,Week1,Arlington Forest,Week5,200.0 Parliament - 197.0 Arlington Forest
Parliament,Week4,Pinecrest,Week1,278.5 Pinecrest - 123.5 Parliament
Parliament,Week3,Highlands Swim,Week5,294.3 Highlands Swim - 107.7 Parliament
Parliament,Week5,Annandale,Week2,260.0 Parliament - 142.0 Annandale
Parliament,Week2,Pinecrest,Week5,290.0 Pinecrest - 112.0 Parliament
Parliament,Week5,Mosby Woods,Week5,265.5 Mosby Woods - 136.5 Parliament
Parliament,Week3,Burke Station,Week3,240.0 Parliament - 156.0 Burke Station
Parliament,Week5,Annandale,Week1,264.0 Parliament - 137.0 Annandale
Parklawn,Week5,Vienna Woods,Week3,331.0 Vienna Woods - 70.0 Parklawn
Parliament,Week3,Annandale,Week5,257.0 Parliament - 145.0 Annandale
Parklawn,Week1,Vienna Woods,Week4,334.0 Vienna Woods - 59.0 Parklawn
Parklawn,Week2,Vienna Woods,Week4,330.0 Vienna Woods - 71.0 Parklawn
Parliament,Week1,Mosby Woods,Week3,237.0 Mosby Woods - 165.0 Parliament
Parliament,Week3,Annandale,Week1,256.0 Parliament - 146.0 Annandale
Parliament,Week5,Highlands Swim,Week4,291.0 Highlands Swim - 111.0 Parliament
Parliament,Week3,Pinecrest,Week1,266.0 Pinecrest - 136.0 Parliament
Parliament,Week4,Pinecrest,Week5,279.0 Pinecrest - 123.0 Parliament
Parliament,Week1,Arlington Forest,Week3,234.0 Parliament - 168.0 Arlington Forest
Parliament,Week2,Mount Vernon Park,Week2,251.0 Mount Vernon Park - 151.0 Parliament
Parliament,Week4,Burke Station,Week3,236.5 Parliament - 151.5 Burke Station
Parliament,Week4,Hollin Hills,Week4,309.0 Parliament - 86.0 Hollin Hills
Parliament,Week1,Mount Vernon Park,Week5,234.0 Mount Vernon Park - 168.0 Parliament
Parklawn,Week5,Vienna Woods,Week2,319.0 Vienna Woods - 79.0 Parklawn
Parliament,Week5,Mosby Woods,Week2,281.0 Mosby Woods - 121.0 Parliament
Parliament,Week2,Hollin Hills,Week5,288.0 Parliament - 103.0 Hollin Hills
Parliament,Week1,Mount Vernon Park,Week3,226.0 Mount Vernon Park - 176.0 Parliament
Parliament,Week3,Burke Station,Week5,260.0 Parliament - 142.0 Burke Station
Parliament,Week3,Burke Station,Week4,286.0 Parliament - 116.0 Burke Station
Parliament,Week3,Hollin Hills,Week2,313.0 Parliament - 86.0 Hollin Hills
Parliament,Week4,Burke Station,Week2,272.0 Parliament - 123.0 Burke Station
Parliament,Week4,Mosby Woods,Week1,282.0 Mosby Woods - 120.0 Parliament
Parklawn,Week5,Vienna Woods,Week4,313.0 Vienna Woods - 88.0 Parklawn
Parklawn,Week3,Vienna Aquatic,Week4,337.0 Vienna Aquatic - 65.0 Parklawn
Parliament,Week4,Pinecrest,Week4,277.0 Pinecrest - 125.0 Parliament
Parliament,Week1,Pinewood Lake,Week3,336.0 Parliament - 49.0 Pinewood Lake
Parklawn,Week2,Vienna Woods,Week1,329.0 Vienna Woods - 73.0 Parklawn
Parliament,Week4,Hollin Hills,Week2,290.0 Parliament - 103.0 Hollin Hills
Parliament,Week3,Pinewood Lake,Week1,350.0 Parliament - 48.0 Pinewood Lake
Parliament,Week2,Mosby Woods,Week3,266.0 Mosby Woods - 135.0 Parliament
Parliament,Week2,Arlington Forest,Week2,209.0 Arlington Forest - 188.0 Parliament
Parliament,Week5,Arlington Forest,Week2,220.0 Parliament - 177.0 Arlington Forest
Parliament,Week4,Hollin Hills,Week3,292.0 Parliament - 108.0 Hollin Hills
Parklawn,Week2,Vienna Woods,Week3,347.0 Vienna Woods - 54.0 Parklawn
Parliament,Week2,Hollin Meadows,Week1,242.0 Hollin Meadows - 160.0 Parliament
Parliament,Week3,Pinewood Lake,Week2,357.0 Parliament - 42.0 Pinewood Lake
Parliament,Week2,Pinewood Lake,Week2,331.0 Parliament - 54.0 Pinewood Lake
Parliament,Week1,Mosby Woods,Week1,252.0 Mosby Woods - 150.0 Parliament
Parliament,Week2,Pinewood Lake,Week4,323.5 Parliament - 67.5 Pinewood Lake
Parliament,Week2,Mosby Woods,Week5,286.0 Mosby Woods - 116.0 Parliament
Parliament,Week1,Pinewood Lake,Week5,324.0 Parliament - 65.0 Pinewood Lake
Parliament,Week4,Hollin Meadows,Week2,211.5 Hollin Meadows - 190.5 Parliament
Parklawn,Week5,Vienna Aquatic,Week1,300.0 Vienna Aquatic - 102.0 Parklawn
Parliament,Week3,Arlington Forest,Week1,215.0 Arlington Forest - 187.0 Parliament
Parliament,Week5,Burke Station,Week3,250.0 Parliament - 133.0 Burke Station
Parliament,Week5,Burke Station,Week5,260.5 Parliament - 132.5 Burke Station
Parliament,Week2,Mount Vernon Park,Week4,255.0 Mount Vernon Park - 147.0 Parliament
Parliament,Week5,Burke Station,Week4,273.0 Parliament - 119.0 Burke Station
Parliament,Week2,Arlington Forest,Week5,243.0 Arlington Forest - 154.0 Parliament
Parklawn,Week3,Vienna Woods,Week2,335.0 Vienna Woods - 63.0 Parklawn
Parklawn,Week1,Vienna Woods,Week2,341.0 Vienna Woods - 52.0 Parklawn
Parliament,Week5,Mosby Woods,Week4,237.0 Mosby Woods - 163.0 Parliament
Parliament,Week1,Camelot,Week2,227.0 Parliament - 175.0 Camelot
Parliament,Week5,Burke Station,Week1,231.0 Parliament - 147.0 Burke Station
Parliament,Week3,Camelot,Week3,221.0 Parliament - 181.0 Camelot
Parliament,Week3,Mosby Woods,Week2,283.0 Mosby Woods - 119.0 Parliament
Parliament,Week2,Pleasant Valley,Week4,288.0 Parliament - 104.0 Pleasant Valley
Parliament,Week1,Mount Vernon Park,Week1,226.5 Mount Vernon Park - 175.5 Parliament
Parliament,Week1,Brandywine,Week3,216.0 Parliament - 186.0 Brandywine
Parliament,Week2,Brandywine,Week5,239.0 Brandywine - 163.0 Parliament
Parklawn,Week1,Vienna Woods,Week3,353.0 Vienna Woods - 40.0 Parklawn
Parliament,Week4,Camelot,Week5,203.0 Parliament - 199.0 Camelot
Parliament,Week4,Arlington Forest,Week5,242.0 Arlington Forest - 155.0 Parliament
Parliament,Week4,Camelot,Week3,211.0 Parliament - 191.0 Camelot
Parliament,Week3,Hollin Meadows,Week3,216.0 Hollin Meadows - 186.0 Parliament
Parklawn,Week5,Vienna Aquatic,Week5,326.0 Vienna Aquatic - 74.0 Parklawn
Parklawn,Week5,Vienna Aquatic,Week2,295.0 Vienna Aquatic - 107.0 Parklawn
Parliament,Week1,Mosby Woods,Week5,244.0 Mosby Woods - 158.0 Parliament
Parliament,Week3,Brandywine,Week3,207.0 Brandywine - 195.0 Parliament
Parliament,Week3,Pinewood Lake,Week3,356.0 Parliament - 43.0 Pinewood Lake
Parliament,Week5,Mosby Woods,Week1,274.0 Mosby Woods - 128.0 Parliament
Parliament,Week3,Arlington Forest,Week5,228.0 Arlington Forest - 174.0 Parliament
Parliament,Week4,Pinewood Lake,Week1,338.0 Parliament - 49.0 Pinewood Lake
Parklawn,Week1,Vienna Woods,Week5,358.0 Vienna Woods - 35.0 Parklawn
Parklawn,Week5,Shouse Village,Week1,212.0 Shouse Village - 190.0 Parklawn
Parliament,Week5,Hollin Hills,Week2,304.0 Parliament - 85.0 Hollin Hills
Parklawn,Week1,Sideburn Run,Week2,271.0 Sideburn Run - 122.0 Parklawn
Parliament,Week2,Camelot,Week3,208.5 Parliament - 192.5 Camelot
Parliament,Week5,Hollin Hills,Week1,313.0 Parliament - 83.0 Hollin Hills
Parliament,Week1,Hollin Meadows,Week4,206.0 Hollin Meadows - 196.0 Parliament
Parliament,Week1,Pleasant Valley,Week1,290.0 Parliament - 112.0 Pleasant Valley
Parliament,Week3,Mosby Woods,Week5,263.0 Mosby Woods - 139.0 Parliament
Parliament,Week3,Hollin Hills,Week5,315.5 Parliament - 84.5 Hollin Hills
Parklawn,Week1,Sideburn Run,Week3,280.0 Sideburn Run - 113.0 Parklawn
Parliament,Week5,Camelot,Week4,212.0 Parliament - 189.0 Camelot
Parklawn,Week5,Vienna Aquatic,Week3,311.0 Vienna Aquatic - 91.0 Parklawn
Parklawn,Week3,Shouse Village,Week3,259.0 Shouse Village - 143.0 Parklawn
Parklawn,Week3,Vienna Woods,Week3,356.0 Vienna Woods - 45.0 Parklawn
Parliament,Week4,Pleasant Valley,Week2,290.0 Parliament - 112.0 Pleasant Valley
Parliament,Week4,Pleasant Valley,Week4,308.0 Parliament - 90.0 Pleasant Valley
Parklawn,Week1,Vienna Woods,Week1,342.0 Vienna Woods - 46.0 Parklawn
Parliament,Week2,Mosby Woods,Week4,261.0 Mosby Woods - 139.0 Parliament
Parliament,Week1,Camelot,Week5,231.0 Parliament - 171.0 Camelot
Parklawn,Week3,Vienna Woods,Week4,336.0 Vienna Woods - 65.0 Parklawn
Parliament,Week1,Hollin Meadows,Week5,208.0 Parliament - 194.0 Hollin Meadows
Parliament,Week1,Hollin Meadows,Week1,213.0 Hollin Meadows - 188.0 Parliament
Parliament,Week4,Pinewood Lake,Week5,330.0 Parliament - 65.0 Pinewood Lake
Parliament,Week1,Mosby Woods,Week2,256.0 Mosby Woods - 146.0 Parliament
Parliament,Week5,Hollin Hills,Week5,294.0 Parliament - 91.0 Hollin Hills
Parliament,Week3,Arlington Forest,Week4,223.0 Arlington Forest - 179.0 Parliament
Parliament,Week5,Hollin Hills,Week4,308.0 Parliament - 81.0 Hollin Hills
Parliament,Week4,Mosby Woods,Week4,261.0 Mosby Woods - 141.0 Parliament
Parliament,Week4,Brandywine,Week5,243.0 Brandywine - 159.0 Parliament
Parliament,Week1,Pleasant Valley,Week2,296.0 Parliament - 104.0 Pleasant Valley
Parliament,Week5,Camelot,Week1,217.0 Parliament - 181.0 Camelot
Parliament,Week2,Camelot,Week5,202.0 Parliament - 200.0 Camelot
Parliament,Week3,Mosby Woods,Week4,248.0 Mosby Woods - 153.0 Parliament
Parklawn,Week5,Shouse Village,Week5,249.0 Shouse Village - 153.0 Parklawn
Parliament,Week2,Brandywine,Week2,204.0 Brandywine - 198.0 Parliament
Parliament,Week2,Camelot,Week4,206.0 Camelot - 196.0 Parliament
Parliament,Week5,Brandywine,Week1,221.0 Parliament - 181.0 Brandywine
Parliament,Week4,Camelot,Week2,218.0 Parliament - 184.0 Camelot
Parliament,Week1,Brandywine,Week1,237.0 Parliament - 165.0 Brandywine
Parliament,Week3,Brandywine,Week2,212.0 Parliament - 190.0 Brandywine
Parklawn,Week3,Vienna Woods,Week5,358.0 Vienna Woods - 43.0 Parklawn
Parklawn,Week4,Vienna Woods,Week1,327.5 Vienna Woods - 68.5 Parklawn
Parklawn,Week3,Shouse Village,Week4,277.5 Shouse Village - 124.5 Parklawn
Parliament,Week1,Camelot,Week3,223.0 Parliament - 179.0 Camelot
Parliament,Week4,Hollin Hills,Week5,291.5 Parliament - 100.5 Hollin Hills
Parliament,Week3,Pleasant Valley,Week3,256.0 Parliament - 146.0 Pleasant Valley
Parliament,Week1,Hollin Meadows,Week3,209.5 Parliament - 192.5 Hollin Meadows
Parklawn,Week3,Shouse Village,Week1,246.0 Shouse Village - 156.0 Parklawn
Parliament,Week4,Mosby Woods,Week5,279.0 Mosby Woods - 123.0 Parliament
Parklawn,Week4,Shouse Village,Week5,245.0 Shouse Village - 156.0 Parklawn
Parklawn,Week4,Vienna Woods,Week4,315.0 Vienna Woods - 86.0 Parklawn
Parliament,Week4,Pleasant Valley,Week5,279.0 Parliament - 123.0 Pleasant Valley
Parklawn,Week4,Shouse Village,Week4,253.0 Shouse Village - 145.0 Parklawn
Parliament,Week5,Pinewood Lake,Week2,339.0 Parliament - 45.0 Pinewood Lake
Parliament,Week1,Brandywine,Week2,229.0 Parliament - 173.0 Brandywine
Parliament,Week5,Pinewood Lake,Week3,335.0 Parliament - 54.0 Pinewood Lake
Parliament,Week3,Camelot,Week1,214.0 Parliament - 188.0 Camelot
Parklawn,Week1,Sideburn Run,Week4,281.0 Sideburn Run - 112.0 Parklawn
Parliament,Week5,Hollin Hills,Week3,289.0 Parliament - 108.0 Hollin Hills
Parklawn,Week1,Sideburn Run,Week5,289.0 Sideburn Run - 104.0 Parklawn
Parliament,Week2,Mosby Woods,Week1,283.0 Mosby Woods - 119.0 Parliament
Parliament,Week2,Camelot,Week1,211.0 Parliament - 190.0 Camelot
Parliament,Week2,Hollin Meadows,Week2,214.0 Hollin Meadows - 188.0 Parliament
Parliament,Week1,Hollin Meadows,Week2,224.0 Parliament - 178.0 Hollin Meadows
Parklawn,Week5,Vienna Woods,Week1,324.0 Vienna Woods - 73.0 Parklawn
Parliament,Week1,Pleasant Valley,Week4,309.0 Parliament - 89.0 Pleasant Valley
Parliament,Week1,Pleasant Valley,Week5,286.0 Parliament - 116.0 Pleasant Valley
Parklawn,Week4,Vienna Woods,Week5,344.0 Vienna Woods - 57.0 Parklawn
Parliament,Week4,Arlington Forest,Week2,206.0 Arlington Forest - 191.0 Parliament
Parliament,Week2,Mosby Woods,Week2,291.0 Mosby Woods - 110.0 Parliament
Parliament,Week4,Mosby Woods,Week2,288.0 Mosby Woods - 114.0 Parliament
Parliament,Week4,Hollin Hills,Week1,304.0 Parliament - 95.0 Hollin Hills
Parklawn,Week2,Vienna Woods,Week2,330.0 Vienna Woods - 68.0 Parklawn
Parliament,Week1,Brandywine,Week4,216.0 Parliament - 186.0 Brandywine
Parliament,Week4,Camelot,Week1,213.0 Parliament - 188.0 Camelot
Parliament,Week4,Arlington Forest,Week4,224.0 Arlington Forest - 178.0 Parliament
Parklawn,Week2,Shouse Village,Week5,256.0 Shouse Village - 146.0 Parklawn
Parklawn,Week2,Vienna Woods,Week5,351.0 Vienna Woods - 50.0 Parklawn
Parliament,Week1,Mosby Woods,Week4,225.0 Mosby Woods - 175.0 Parliament
Parklawn,Week3,Shouse Village,Week2,250.0 Shouse Village - 152.0 Parklawn
Parliament,Week2,Pleasant Valley,Week1,271.0 Parliament - 130.0 Pleasant Valley
Parliament,Week3,Mosby Woods,Week3,264.0 Mosby Woods - 138.0 Parliament
Parklawn,Week5,Shouse Village,Week4,258.0 Shouse Village - 144.0 Parklawn
Parliament,Week4,Arlington Forest,Week3,206.0 Parliament - 196.0 Arlington Forest
Parliament,Week5,Arlington Forest,Week1,204.0 Arlington Forest - 198.0 Parliament
Parklawn,Week5,Shouse Village,Week2,218.0 Shouse Village - 183.0 Parklawn
Parliament,Week5,Pinewood Lake,Week1,331.0 Parliament - 50.0 Pinewood Lake
Parliament,Week4,Camelot,Week4,206.0 Camelot - 196.0 Parliament
Parliament,Week2,Hollin Meadows,Week4,226.0 Hollin Meadows - 176.0 Parliament
Parliament,Week4,Pinewood Lake,Week4,338.0 Parliament - 57.0 Pinewood Lake
Parklawn,Week4,Vienna Woods,Week2,321.0 Vienna Woods - 77.0 Parklawn
Parliament,Week3,Mosby Woods,Week1,265.0 Mosby Woods - 137.0 Parliament
Parliament,Week2,Hollin Meadows,Week3,236.0 Hollin Meadows - 166.0 Parliament
Parliament,Week3,Arlington Forest,Week3,215.0 Parliament - 187.0 Arlington Forest
Parliament,Week5,Mosby Woods,Week3,263.0 Mosby Woods - 139.0 Parliament
Parliament,Week3,Camelot,Week4,206.0 Camelot - 196.0 Parliament
Parliament,Week2,Camelot,Week2,203.0 Parliament - 198.0 Camelot
Parliament,Week3,Hollin Hills,Week4,330.0 Parliament - 66.0 Hollin Hills
Parliament,Week5,Pinewood Lake,Week5,330.0 Parliament - 64.0 Pinewood Lake
Parklawn,Week3,Vienna Woods,Week1,338.0 Vienna Woods - 64.0 Parklawn
Parliament,Week2,Hollin Meadows,Week5,250.0 Hollin Meadows - 151.0 Parliament
Parliament,Week5,Arlington Forest,Week4,206.5 Arlington Forest - 195.5 Parliament
Parliament,Week5,Camelot,Week2,224.0 Parliament - 178.0 Camelot
Parliament,Week4,Mosby Woods,Week3,262.0 Mosby Woods - 140.0 Parliament
Parklawn,Week4,Vienna Woods,Week3,330.0 Vienna Woods - 71.0 Parklawn
Parklawn,Week5,Vienna Woods,Week5,345.0 Vienna Woods - 56.0 Parklawn
Parklawn,Week2,Sideburn Run,Week1,258.0 Sideburn Run - 144.0 Parklawn
Parliament,Week4,Hollin Meadows,Week1,245.0 Hollin Meadows - 157.0 Parliament
Parklawn,Week1,Villa Aquatic,Week5,299.0 Villa Aquatic - 94.0 Parklawn
Parliament,Week3,Pinewood Lake,Week5,347.0 Parliament - 53.0 Pinewood Lake
Parliament,Week3,Pleasant Valley,Week1,278.0 Parliament - 124.0 Pleasant Valley
Parliament,Week2,Brandywine,Week4,225.0 Brandywine - 177.0 Parliament
Parliament,Week1,Camelot,Week4,214.0 Parliament - 187.0 Camelot
Parliament,Week5,Arlington Forest,Week5,216.0 Arlington Forest - 181.0 Parliament
Parklawn,Week2,Villa Aquatic,Week3,286.0 Villa Aquatic - 115.0 Parklawn
Parliament,Week2,Mount Vernon Park,Week3,254.0 Mount Vernon Park - 148.0 Parliament
Parliament,Week3,Mount Vernon Park,Week3,261.0 Mount Vernon Park - 141.0 Parliament
Parliament,Week1,Newington Forest,Week1,289.0 Parliament - 110.0 Newington Forest
Parliament,Week4,Hollin Meadows,Week3,214.0 Hollin Meadows - 188.0 Parliament
Parliament,Week1,Cardinal Hill,Week1,249.0 Cardinal Hill - 153.0 Parliament
Parklawn,Week2,Sideburn Run,Week4,263.0 Sideburn Run - 138.0 Parklawn
Parliament,Week2,Pleasant Valley,Week2,278.5 Parliament - 122.5 Pleasant Valley
Parklawn,Week4,Shouse Village,Week2,215.0 Shouse Village - 186.0 Parklawn
Parklawn,Week2,Villa Aquatic,Week2,246.0 Villa Aquatic - 156.0 Parklawn
Parklawn,Week2,Sideburn Run,Week3,262.0 Sideburn Run - 139.0 Parklawn
Parliament,Week3,Hollin Hills,Week3,301.0 Parliament - 101.0 Hollin Hills
Parklawn,Week2,Villa Aquatic,Week1,250.0 Villa Aquatic - 152.0 Parklawn
Parliament,Week3,Newington Forest,Week3,267.0 Parliament - 135.0 Newington Forest
Parliament,Week3,Hollin Meadows,Week5,231.0 Hollin Meadows - 171.0 Parliament
Parklawn,Week1,Villa Aquatic,Week2,262.0 Villa Aquatic - 131.0 Parklawn
Parliament,Week4,Pleasant Valley,Week1,284.0 Parliament - 118.0 Pleasant Valley
Parliament,Week5,Camelot,Week3,223.0 Parliament - 179.0 Camelot
Parliament,Week3,Hollin Meadows,Week1,237.0 Hollin Meadows - 165.0 Parliament
Parliament,Week1,Mount Vernon Park,Week4,217.5 Mount Vernon Park - 184.5 Parliament
Parliament,Week2,Mount Vernon Park,Week1,266.0 Mount Vernon Park - 136.0 Parliament
Parliament,Week3,Pleasant Valley,Week2,285.0 Parliament - 117.0 Pleasant Valley
Parliament,Week3,Camelot,Week5,214.0 Parliament - 188.0 Camelot
Parliament,Week4,Pinewood Lake,Week3,340.0 Parliament - 52.0 Pinewood Lake
Parklawn,Week1,Sideburn Run,Week1,275.5 Sideburn Run - 117.5 Parklawn
Parklawn,Week2,Sideburn Run,Week2,245.0 Sideburn Run - 156.0 Parklawn
Parliament,Week2,Brandywine,Week1,204.0 Parliament - 198.0 Brandywine
Parliament,Week1,Mount Vernon Park,Week2,210.0 Mount Vernon Park - 192.0 Parliament
Parliament,Week3,Canterbury Woods,Week2,225.0 Parliament - 177.0 Canterbury Woods
Parklawn,Week1,Villa Aquatic,Week1,277.0 Villa Aquatic - 116.0 Parklawn
Parliament,Week4,Canterbury Woods,Week2,220.0 Parliament - 182.0 Canterbury Woods
Parliament,Week2,Brandywine,Week3,221.0 Brandywine - 181.0 Parliament
Parliament,Week1,Brandywine,Week5,202.0 Brandywine - 200.0 Parliament
Parklawn,Week5,Shouse Village,Week3,241.0 Shouse Village - 161.0 Parklawn
Parliament,Week3,Camelot,Week2,212.0 Parliament - 190.0 Camelot
Parliament,Week4,Pinewood Lake,Week2,339.0 Parliament - 48.0 Pinewood Lake
Parklawn,Week4,Shouse Village,Week3,235.0 Shouse Village - 167.0 Parklawn
Parliament,Week3,Hollin Meadows,Week4,222.0 Hollin Meadows - 180.0 Parliament
Parliament,Week3,Brandywine,Week1,220.0 Parliament - 182.0 Brandywine
Parliament,Week3,Pleasant Valley,Week4,310.0 Parliament - 90.0 Pleasant Valley
Parliament,Week3,Brandywine,Week4,216.0 Brandywine - 186.0 Parliament
Parklawn,Week1,Villa Aquatic,Week4,290.0 Villa Aquatic - 103.0 Parklawn
Parklawn,Week3,Shouse Village,Week5,268.0 Shouse Village - 134.0 Parklawn
Parliament,Week5,Arlington Forest,Week3,220.0 Parliament - 182.0 Arlington Forest
Parliament,Week5,Mount Vernon Park,Week3,245.0 Mount Vernon Park - 157.0 Parliament
Parliament,Week1,Newington Forest,Week2,291.0 Parliament - 110.0 Newington Forest
Parliament,Week4,Mount Vernon Park,Week5,283.0 Mount Vernon Park - 119.0 Parliament
Parliament,Week4,Arlington Forest,Week1,233.0 Arlington Forest - 169.0 Parliament
Parliament,Week4,Hollin Meadows,Week5,217.0 Hollin Meadows - 185.0 Parliament
Parliament,Week2,Canterbury Woods,Week2,219.0 Parliament - 183.0 Canterbury Woods
Parklawn,Week2,Villa Aquatic,Week5,279.0 Villa Aquatic - 123.0 Parklawn
Parliament,Week5,Pinewood Lake,Week4,339.0 Parliament - 55.0 Pinewood Lake
Parklawn,Week4,Shouse Village,Week1,215.0 Shouse Village - 187.0 Parklawn
Parklawn,Week2,Shouse Village,Week4,258.0 Shouse Village - 143.0 Parklawn
Parklawn,Week2,Villa Aquatic,Week4,270.5 Villa Aquatic - 131.5 Parklawn
Parliament,Week1,Pleasant Valley,Week3,270.0 Parliament - 131.0 Pleasant Valley
Parliament,Week5,Hollin Meadows,Week1,225.0 Hollin Meadows - 177.0 Parliament
Parliament,Week5,Hollin Meadows,Week2,208.0 Hollin Meadows - 194.0 Parliament
Parliament,Week4,Hollin Meadows,Week4,217.0 Hollin Meadows - 185.0 Parliament
Parklawn,Week1,Villa Aquatic,Week3,293.0 Villa Aquatic - 100.0 Parklawn
Parliament,Week2,Cardinal Hill,Week1,275.0 Cardinal Hill - 127.0 Parliament
Parliament,Week2,Canterbury Woods,Week4,205.0 Parliament - 197.0 Canterbury Woods
Parliament,Week5,Camelot,Week5,223.0 Parliament - 179.0 Camelot
Parliament,Week3,Brandywine,Week5,235.0 Brandywine - 167.0 Parliament
Parliament,Week4,Mount Vernon Park,Week1,266.0 Mount Vernon Park - 136.0 Parliament
Parliament,Week2,Pleasant Valley,Week3,250.0 Parliament - 151.0 Pleasant Valley
Parliament,Week3,Holmes Run Acres,Week2,217.0 Parliament - 185.0 Holmes Run Acres
Parliament,Week3,Holmes Run Acres,Week3,230.0 Holmes Run Acres - 172.0 Parliament
Parliament,Week3,Canterbury Woods,Week1,234.0 Parliament - 168.0 Canterbury Woods
Parliament,Week2,Bren Mar-Edsall Park,Week5,311.5 Parliament - 80.5 Bren Mar-Edsall Park
Parliament,Week2,Cardinal Hill,Week3,269.0 Cardinal Hill - 133.0 Parliament
Parliament,Week3,Canterbury Woods,Week3,223.0 Parliament - 179.0 Canterbury Woods
Parliament,Week2,Canterbury Woods,Week3,209.0 Parliament - 193.0 Canterbury Woods
Parliament,Week3,Mount Vernon Park,Week4,260.0 Mount Vernon Park - 142.0 Parliament
Parklawn,Week3,Villa Aquatic,Week2,249.0 Villa Aquatic - 153.0 Parklawn
Parklawn,Week3,Villa Aquatic,Week3,287.0 Villa Aquatic - 114.0 Parklawn
Parliament,Week2,Pleasant Valley,Week5,271.0 Parliament - 131.0 Pleasant Valley
Parliament,Week2,Canterbury Woods,Week5,214.0 Parliament - 182.0 Canterbury Woods
Parliament,Week1,Holmes Run Acres,Week4,212.0 Parliament - 189.0 Holmes Run Acres
Parliament,Week3,Pleasant Valley,Week5,276.0 Parliament - 125.0 Pleasant Valley
Parliament,Week2,Holmes Run Acres,Week4,220.0 Holmes Run Acres - 181.0 Parliament
Parliament,Week2,Poplar Heights,Week2,245.0 Poplar Heights - 156.0 Parliament
Parliament,Week4,Mount Vernon Park,Week2,260.0 Mount Vernon Park - 142.0 Parliament
Parklawn,Week3,Villa Aquatic,Week1,255.0 Villa Aquatic - 147.0 Parklawn
Parliament,Week4,Brandywine,Week1,214.0 Parliament - 188.0 Brandywine
Parliament,Week4,Pleasant Valley,Week3,268.0 Parliament - 134.0 Pleasant Valley
Parliament,Week4,Mount Vernon Park,Week3,269.0 Mount Vernon Park - 133.0 Parliament
Parliament,Week3,Mount Vernon Park,Week2,246.0 Mount Vernon Park - 156.0 Parliament
Parliament,Week4,Brandywine,Week4,218.0 Brandywine - 184.0 Parliament
Parliament,Week4,Brandywine,Week2,214.0 Parliament - 188.0 Brandywine
Parliament,Week5,Mount Vernon Park,Week5,264.0 Mount Vernon Park - 138.0 Parliament
Parliament,Week5,Holmes Run Acres,Week4,201.0 Holmes Run Acres - 201.0 Parliament
Parliament,Week4,Brandywine,Week3,210.0 Brandywine - 192.0 Parliament
Parliament,Week4,Holmes Run Acres,Week4,206.0 Holmes Run Acres - 196.0 Parliament
Parliament,Week2,Newington Forest,Week1,263.0 Parliament - 138.0 Newington Forest
Parklawn,Week5,Rolling Forest,Week4,233.0 Rolling Forest - 168.0 Parklawn
Parliament,Week5,Poplar Heights,Week2,225.0 Poplar Heights - 173.0 Parliament
Parliament,Week1,Newington Forest,Week3,283.0 Parliament - 117.0 Newington Forest
Parliament,Week5,Mount Vernon Park,Week4,240.0 Mount Vernon Park - 162.0 Parliament
Parliament,Week4,Canterbury Woods,Week5,210.0 Parliament - 187.0 Canterbury Woods
Parliament,Week5,Holmes Run Acres,Week1,212.0 Parliament - 189.0 Holmes Run Acres
Parliament,Week1,Holmes Run Acres,Week3,215.0 Holmes Run Acres - 187.0 Parliament
Parklawn,Week3,Rolling Forest,Week2,253.0 Rolling Forest - 148.0 Parklawn
Parliament,Week2,Bren Mar-Edsall Park,Week1,323.0 Parliament - 75.0 Bren Mar-Edsall Park
Parliament,Week2,Holmes Run Acres,Week1,203.0 Holmes Run Acres - 199.0 Parliament
Parliament,Week1,Canterbury Woods,Week5,235.0 Parliament - 162.0 Canterbury Woods
Parliament,Week2,Hunt Valley,Week2,282.5 Hunt Valley - 119.5 Parliament
Parliament,Week5,Hollin Meadows,Week3,214.0 Hollin Meadows - 188.0 Parliament
Parliament,Week5,Poplar Heights,Week4,225.5 Poplar Heights - 175.5 Parliament
Parliament,Week5,Pleasant Valley,Week5,282.0 Parliament - 119.0 Pleasant Valley
Parliament,Week4,Bren Mar-Edsall Park,Week3,327.0 Parliament - 74.0 Bren Mar-Edsall Park
Parklawn,Week2,Rolling Hills,Week2,219.0 Rolling Hills - 182.0 Parklawn
Parliament,Week2,Bren Mar-Edsall Park,Week4,303.0 Parliament - 85.0 Bren Mar-Edsall Park
Parliament,Week1,Newington Forest,Week4,281.0 Parliament - 120.0 Newington Forest
Parklawn,Week5,Rolling Forest,Week2,229.0 Rolling Forest - 172.0 Parklawn
Parliament,Week4,Poplar Heights,Week5,244.0 Poplar Heights - 157.0 Parliament
Parliament,Week4,Poplar Heights,Week2,253.0 Poplar Heights - 148.0 Parliament
Parliament,Week1,Brookfield ,Week5,202.0 Parliament - 200.0 Brookfield
Parliament,Week5,Bren Mar-Edsall Park,Week1,328.0 Parliament - 72.0 Bren Mar-Edsall Park
Parliament,Week5,Canterbury Woods,Week3,223.0 Parliament - 178.0 Canterbury Woods
Parliament,Week2,Mount Vernon Park,Week5,269.0 Mount Vernon Park - 133.0 Parliament
Parliament,Week1,Poplar Heights,Week3,228.0 Poplar Heights - 174.0 Parliament
Parliament,Week2,Newington Forest,Week3,261.0 Parliament - 141.0 Newington Forest
Parliament,Week3,Holmes Run Acres,Week1,203.0 Parliament - 199.0 Holmes Run Acres
Parliament,Week2,Newington Forest,Week4,246.0 Parliament - 156.0 Newington Forest
Parliament,Week4,Bren Mar-Edsall Park,Week1,331.0 Parliament - 70.0 Bren Mar-Edsall Park
Parklawn,Week4,Rolling Forest,Week2,238.0 Rolling Forest - 162.0 Parklawn
Parklawn,Week1,Rolling Forest,Week5,265.0 Rolling Forest - 128.0 Parklawn
Parliament,Week5,Holmes Run Acres,Week2,207.0 Parliament - 195.0 Holmes Run Acres
Parliament,Week1,Poplar Tree,Week4,222.0 Poplar Tree - 180.0 Parliament
Parliament,Week3,Canterbury Woods,Week5,225.0 Parliament - 177.0 Canterbury Woods
Parliament,Week2,Bren Mar-Edsall Park,Week3,324.0 Parliament - 74.0 Bren Mar-Edsall Park
Parliament,Week1,Bren Mar-Edsall Park,Week1,324.0 Parliament - 76.0 Bren Mar-Edsall Park
Parliament,Week1,Poplar Tree,Week2,203.0 Parliament - 199.0 Poplar Tree
Parliament,Week4,Canterbury Woods,Week3,212.0 Parliament - 190.0 Canterbury Woods
Parliament,Week4,Canterbury Woods,Week4,206.0 Canterbury Woods - 196.0 Parliament
Parliament,Week5,Mount Vernon Park,Week2,239.0 Mount Vernon Park - 163.0 Parliament
Parliament,Week1,Canterbury Woods,Week3,236.0 Parliament - 164.0 Canterbury Woods
Parliament,Week5,Canterbury Woods,Week2,224.0 Parliament - 178.0 Canterbury Woods
Parliament,Week5,Mount Vernon Park,Week1,241.0 Mount Vernon Park - 161.0 Parliament
Parliament,Week4,Canterbury Woods,Week1,217.0 Parliament - 180.0 Canterbury Woods
Parklawn,Week2,Rolling Forest,Week4,238.0 Rolling Forest - 163.0 Parklawn
Parliament,Week3,Poplar Heights,Week2,233.0 Poplar Heights - 169.0 Parliament
Parklawn,Week3,Rolling Hills,Week3,248.0 Rolling Hills - 153.0 Parklawn
Parliament,Week1,Poplar Heights,Week5,221.0 Poplar Heights - 177.0 Parliament
Parklawn,Week1,Rolling Hills,Week1,255.0 Rolling Hills - 138.0 Parklawn
Parliament,Week2,Brookfield ,Week3,230.0 Brookfield - 172.0 Parliament
Parliament,Week1,Canterbury Woods,Week2,239.0 Parliament - 163.0 Canterbury Woods
Parliament,Week3,Poplar Heights,Week4,238.5 Poplar Heights - 163.5 Parliament
Parliament,Week2,Bren Mar-Edsall Park,Week2,338.0 Parliament - 49.0 Bren Mar-Edsall Park
Parliament,Week1,Holmes Run Acres,Week2,220.0 Parliament - 182.0 Holmes Run Acres
Parliament,Week1,Bren Mar-Edsall Park,Week3,320.0 Parliament - 79.0 Bren Mar-Edsall Park
Parliament,Week3,Newington Forest,Week1,277.0 Parliament - 125.0 Newington Forest
Parliament,Week2,Newington Forest,Week5,240.0 Parliament - 162.0 Newington Forest
Parliament,Week1,Holmes Run Acres,Week1,206.0 Parliament - 195.0 Holmes Run Acres
Parliament,Week2,Canterbury Woods,Week1,207.5 Parliament - 189.5 Canterbury Woods
Parklawn,Week2,Rolling Hills,Week3,223.0 Rolling Hills - 178.0 Parklawn
Parliament,Week2,Holmes Run Acres,Week5,242.0 Holmes Run Acres - 160.0 Parliament
Parklawn,Week2,Rolling Forest,Week1,249.0 Rolling Forest - 152.0 Parklawn
Parliament,Week4,Bren Mar-Edsall Park,Week4,314.0 Parliament - 79.0 Bren Mar-Edsall Park
Parliament,Week5,Canterbury Woods,Week1,228.0 Parliament - 168.0 Canterbury Woods
Parliament,Week1,Newington Forest,Week5,258.0 Parliament - 144.0 Newington Forest
Parliament,Week5,Brandywine,Week5,220.0 Brandywine - 182.0 Parliament
Parliament,Week4,Holmes Run Acres,Week2,201.0 Holmes Run Acres - 201.0 Parliament
Parliament,Week1,Poplar Heights,Week1,200.5 Poplar Heights - 196.5 Parliament
Parliament,Week2,Poplar Tree,Week4,240.0 Poplar Tree - 161.0 Parliament
Parliament,Week5,Brandywine,Week3,202.5 Parliament - 199.5 Brandywine
Parliament,Week2,Poplar Heights,Week4,251.0 Poplar Heights - 151.0 Parliament
Parliament,Week5,Pleasant Valley,Week3,276.0 Parliament - 126.0 Pleasant Valley
Parliament,Week5,Hollin Meadows,Week4,218.0 Hollin Meadows - 184.0 Parliament
Parliament,Week3,Bren Mar-Edsall Park,Week2,346.0 Parliament - 54.0 Bren Mar-Edsall Park
Parliament,Week1,Poplar Heights,Week2,218.0 Poplar Heights - 180.0 Parliament
Parliament,Week5,Pleasant Valley,Week2,291.0 Parliament - 109.0 Pleasant Valley
Parliament,Week4,Holmes Run Acres,Week5,247.0 Holmes Run Acres - 155.0 Parliament
Parliament,Week5,Canterbury Woods,Week5,218.0 Parliament - 178.0 Canterbury Woods
Parliament,Week3,Mount Vernon Park,Week5,276.0 Mount Vernon Park - 126.0 Parliament
Parklawn,Week3,Rolling Forest,Week4,251.0 Rolling Forest - 150.0 Parklawn
Parliament,Week3,Bren Mar-Edsall Park,Week4,327.0 Parliament - 74.0 Bren Mar-Edsall Park
Parliament,Week3,Holmes Run Acres,Week5,238.0 Holmes Run Acres - 164.0 Parliament
Parliament,Week1,Canterbury Woods,Week1,250.0 Parliament - 146.0 Canterbury Woods
Parliament,Week5,Brandywine,Week4,203.0 Parliament - 199.0 Brandywine
Parliament,Week3,Canterbury Woods,Week4,210.0 Parliament - 192.0 Canterbury Woods
Parklawn,Week3,Rolling Forest,Week3,276.5 Rolling Forest - 125.5 Parklawn
Parliament,Week1,Holmes Run Acres,Week5,220.0 Holmes Run Acres - 182.0 Parliament
Parliament,Week5,Holmes Run Acres,Week3,222.0 Holmes Run Acres - 180.0 Parliament
Parliament,Week5,Canterbury Woods,Week4,218.5 Parliament - 183.5 Canterbury Woods
Parliament,Week1,Canterbury Woods,Week4,221.0 Parliament - 181.0 Canterbury Woods
Parklawn,Week3,Rolling Forest,Week5,262.0 Rolling Forest - 139.0 Parklawn
Parliament,Week3,Mount Vernon Park,Week1,258.0 Mount Vernon Park - 144.0 Parliament
Parklawn,Week2,Rolling Forest,Week2,244.0 Rolling Forest - 157.0 Parklawn
Parliament,Week2,Newington Forest,Week2,275.0 Parliament - 126.0 Newington Forest
Parliament,Week3,Newington Forest,Week2,260.0 Parliament - 142.0 Newington Forest
Parliament,Week4,Mount Vernon Park,Week4,269.0 Mount Vernon Park - 133.0 Parliament
Parliament,Week1,North Springfield,Week4,277.0 Parliament - 111.0 North Springfield
Parliament,Week2,Holmes Run Acres,Week3,231.0 Holmes Run Acres - 171.0 Parliament
Parliament,Week4,Bren Mar-Edsall Park,Week5,310.0 Parliament - 86.0 Bren Mar-Edsall Park
Parliament,Week1,Chesterbrook,Week3,347.0 Chesterbrook - 55.0 Parliament
Parliament,Week1,Poplar Heights,Week4,215.0 Poplar Heights - 186.0 Parliament
Parklawn,Week4,Rolling Forest,Week3,256.0 Rolling Forest - 146.0 Parklawn
Parliament,Week4,Holmes Run Acres,Week1,216.0 Holmes Run Acres - 186.0 Parliament
Parliament,Week5,Bren Mar-Edsall Park,Week2,331.0 Parliament - 57.0 Bren Mar-Edsall Park
Parliament,Week3,Newington Forest,Week4,262.0 Parliament - 140.0 Newington Forest
Parliament,Week2,Holmes Run Acres,Week2,202.5 Parliament - 199.5 Holmes Run Acres
Parliament,Week2,Poplar Heights,Week5,249.0 Poplar Heights - 153.0 Parliament
Parliament,Week4,North Springfield,Week1,275.0 Parliament - 74.0 North Springfield
Parliament,Week3,Holmes Run Acres,Week4,205.0 Holmes Run Acres - 197.0 Parliament
Parliament,Week1,Cardinal Hill,Week5,218.0 Cardinal Hill - 184.0 Parliament
Parliament,Week1,Cardinal Hill,Week2,211.0 Cardinal Hill - 186.0 Parliament
Parliament,Week5,Newington Forest,Week4,265.0 Parliament - 136.0 Newington Forest
Parliament,Week5,Holmes Run Acres,Week5,236.0 Holmes Run Acres - 166.0 Parliament
Parklawn,Week2,Rolling Forest,Week5,259.0 Rolling Forest - 142.0 Parklawn
Parliament,Week3,North Springfield,Week4,275.0 Parliament - 116.0 North Springfield
Parklawn,Week4,Rolling Forest,Week1,246.0 Rolling Forest - 155.0 Parklawn
Parliament,Week4,Bren Mar-Edsall Park,Week2,331.0 Parliament - 61.0 Bren Mar-Edsall Park
Parliament,Week3,Bren Mar-Edsall Park,Week5,325.0 Parliament - 76.0 Bren Mar-Edsall Park
Parliament,Week1,Hunt Valley,Week2,269.0 Hunt Valley - 132.0 Parliament
Parliament,Week4,Holmes Run Acres,Week3,234.0 Holmes Run Acres - 168.0 Parliament
Parklawn,Week4,Rolling Forest,Week5,246.0 Rolling Forest - 155.0 Parklawn
Parliament,Week1,Cardinal Hill,Week3,257.0 Cardinal Hill - 145.0 Parliament
Parliament,Week3,Poplar Heights,Week3,244.0 Poplar Heights - 158.0 Parliament
Parliament,Week2,Poplar Heights,Week1,229.0 Poplar Heights - 173.0 Parliament
Parliament,Week4,Poplar Heights,Week1,234.0 Poplar Heights - 167.0 Parliament
Parliament,Week3,North Springfield,Week2,274.0 Parliament - 114.0 North Springfield
Parliament,Week1,Bren Mar-Edsall Park,Week2,325.0 Parliament - 63.0 Bren Mar-Edsall Park
Parliament,Week5,Brandywine,Week2,219.0 Parliament - 183.0 Brandywine
Parliament,Week4,Poplar Heights,Week4,237.0 Poplar Heights - 165.0 Parliament
Parliament,Week1,Cardinal Hill,Week4,221.0 Cardinal Hill - 181.0 Parliament
Parklawn,Week5,Rolling Forest,Week3,256.0 Rolling Forest - 146.0 Parklawn
Parklawn,Week5,Rolling Forest,Week1,240.0 Rolling Forest - 161.0 Parklawn
Parliament,Week2,Cardinal Hill,Week2,242.0 Cardinal Hill - 155.0 Parliament
Parliament,Week5,Pleasant Valley,Week4,308.0 Parliament - 88.0 Pleasant Valley
Parklawn,Week4,Rolling Forest,Week4,239.0 Rolling Forest - 162.0 Parklawn
Parliament,Week1,Bren Mar-Edsall Park,Week4,311.0 Parliament - 82.0 Bren Mar-Edsall Park
Parliament,Week4,Cardinal Hill,Week3,285.0 Cardinal Hill - 117.0 Parliament
Parliament,Week5,Hollin Meadows,Week5,219.0 Hollin Meadows - 183.0 Parliament
Parliament,Week4,North Springfield,Week3,261.0 Parliament - 135.0 North Springfield
Parliament,Week3,Bren Mar-Edsall Park,Week1,332.0 Parliament - 70.0 Bren Mar-Edsall Park
Parklawn,Week1,Rolling Forest,Week4,259.0 Rolling Forest - 134.0 Parklawn
Parliament,Week5,Pleasant Valley,Week1,291.0 Parliament - 110.0 Pleasant Valley
Parklawn,Week5,Rolling Forest,Week5,239.0 Rolling Forest - 162.0 Parklawn
Parliament,Week3,Chesterbrook,Week1,333.0 Chesterbrook - 69.0 Parliament
Parliament,Week2,Chesterbrook,Week4,338.0 Chesterbrook - 64.0 Parliament
Parliament,Week1,Hunt Valley,Week5,278.5 Hunt Valley - 123.5 Parliament
Parliament,Week3,North Springfield,Week3,265.0 Parliament - 132.0 North Springfield
Parliament,Week5,Bren Mar-Edsall Park,Week4,316.0 Parliament - 77.0 Bren Mar-Edsall Park
Parliament,Week3,Poplar Heights,Week5,235.0 Poplar Heights - 167.0 Parliament
Parliament,Week2,North Springfield,Week3,256.0 Parliament - 140.0 North Springfield
Parliament,Week4,Poplar Heights,Week3,248.0 Poplar Heights - 154.0 Parliament
Parliament,Week5,Newington Forest,Week5,242.0 Parliament - 160.0 Newington Forest
Parliament,Week1,Hunt Valley,Week1,251.0 Hunt Valley - 151.0 Parliament
Parliament,Week2,Chesterbrook,Week3,356.0 Chesterbrook - 46.0 Parliament
Parliament,Week5,Bren Mar-Edsall Park,Week5,320.0 Parliament - 74.0 Bren Mar-Edsall Park
Parliament,Week1,Chesterbrook,Week1,309.0 Chesterbrook - 93.0 Parliament
Parliament,Week5,North Springfield,Week2,275.0 Parliament - 112.0 North Springfield
Parliament,Week5,Poplar Heights,Week1,221.0 Poplar Heights - 177.0 Parliament
Parliament,Week1,Hunt Valley,Week3,285.0 Hunt Valley - 117.0 Parliament
Parliament,Week1,North Springfield,Week1,268.0 Parliament - 77.0 North Springfield
Parliament,Week2,Poplar Heights,Week3,256.0 Poplar Heights - 146.0 Parliament
Parliament,Week2,Hunt Valley,Week1,272.0 Hunt Valley - 130.0 Parliament
Parliament,Week4,Cardinal Hill,Week5,257.0 Cardinal Hill - 145.0 Parliament
Parliament,Week3,Bren Mar-Edsall Park,Week3,333.0 Parliament - 69.0 Bren Mar-Edsall Park
Parliament,Week1,Bren Mar-Edsall Park,Week5,313.0 Parliament - 81.0 Bren Mar-Edsall Park
Parklawn,Week1,Rolling Hills,Week2,257.0 Rolling Hills - 136.0 Parklawn
Parliament,Week3,Poplar Heights,Week1,219.0 Poplar Heights - 183.0 Parliament
Parklawn,Week2,Rolling Forest,Week3,264.0 Rolling Forest - 138.0 Parklawn
Parklawn,Week3,Rolling Forest,Week1,265.0 Rolling Forest - 136.0 Parklawn
Parliament,Week3,Newington Forest,Week5,240.0 Parliament - 162.0 Newington Forest
Parklawn,Week2,Rolling Hills,Week1,231.0 Rolling Hills - 167.0 Parklawn
Parklawn,Week1,Rolling Hills,Week5,251.0 Rolling Hills - 142.0 Parklawn
Parliament,Week4,Newington Forest,Week2,267.0 Parliament - 135.0 Newington Forest
Parliament,Week4,Newington Forest,Week5,234.0 Parliament - 168.0 Newington Forest
Parklawn,Week5,Ravensworth Farm,Week3,281.0 Ravensworth Farm - 117.0 Parklawn
Parklawn,Week1,Rolling Hills,Week3,253.0 Rolling Hills - 140.0 Parklawn
Parliament,Week1,Brookfield ,Week3,222.0 Parliament - 180.0 Brookfield
Parliament,Week1,Hunter Mill,Week2,211.0 Hunter Mill - 190.0 Parliament
Parklawn,Week2,Ravensworth Farm,Week4,290.0 Ravensworth Farm - 112.0 Parklawn
Parklawn,Week1,Rolling Hills,Week4,254.0 Rolling Hills - 139.0 Parklawn
Parliament,Week5,Bren Mar-Edsall Park,Week3,326.0 Parliament - 74.0 Bren Mar-Edsall Park
Parliament,Week5,Cardinal Hill,Week4,238.5 Cardinal Hill - 163.5 Parliament
Parliament,Week5,Hunt Valley,Week5,286.0 Hunt Valley - 116.0 Parliament
Parliament,Week5,Poplar Heights,Week5,238.0 Poplar Heights - 160.0 Parliament
Parliament,Week5,Poplar Heights,Week3,240.0 Poplar Heights - 162.0 Parliament
Parliament,Week1,Hunt Valley,Week4,262.0 Hunt Valley - 140.0 Parliament
Parklawn,Week5,Ravensworth Farm,Week5,290.0 Ravensworth Farm - 112.0 Parklawn
Parliament,Week3,Chesterbrook,Week3,349.0 Chesterbrook - 53.0 Parliament
Parklawn,Week1,Riverside Gardens,Week2,301.0 Riverside Gardens - 92.0 Parklawn
Parliament,Week1,Brookfield ,Week2,215.0 Parliament - 187.0 Brookfield
Parliament,Week3,Chesterbrook,Week2,340.0 Chesterbrook - 62.0 Parliament
Parliament,Week1,Poplar Tree,Week1,225.0 Poplar Tree - 177.0 Parliament
Parliament,Week4,Newington Forest,Week1,275.0 Parliament - 127.0 Newington Forest
Parliament,Week5,Hunt Valley,Week3,290.0 Hunt Valley - 112.0 Parliament
Parliament,Week5,Cardinal Hill,Week1,265.0 Cardinal Hill - 137.0 Parliament
Parliament,Week1,Brookfield ,Week4,201.0 Brookfield - 200.0 Parliament
Parliament,Week1,North Springfield,Week2,272.0 Parliament - 114.0 North Springfield
Parklawn,Week3,Ravensworth Farm,Week5,315.0 Ravensworth Farm - 87.0 Parklawn
Parliament,Week2,Brookfield ,Week1,249.0 Brookfield - 153.0 Parliament
Parliament,Week1,Poplar Tree,Week3,233.0 Poplar Tree - 168.0 Parliament
Parliament,Week1,Brookfield ,Week1,215.0 Brookfield - 187.0 Parliament
Parliament,Week2,Brookfield ,Week2,230.0 Brookfield - 172.0 Parliament
Parliament,Week4,Newington Forest,Week4,256.0 Parliament - 146.0 Newington Forest
Parliament,Week1,Hunter Mill,Week3,236.0 Hunter Mill - 165.0 Parliament
Parklawn,Week1,Ravensworth Farm,Week3,313.0 Ravensworth Farm - 80.0 Parklawn
Parliament,Week2,Poplar Tree,Week1,248.0 Poplar Tree - 154.0 Parliament
Parklawn,Week3,Rolling Hills,Week1,240.0 Rolling Hills - 158.0 Parklawn
Parliament,Week3,Cardinal Hill,Week2,242.0 Cardinal Hill - 160.0 Parliament
Parliament,Week5,Cardinal Hill,Week2,227.0 Cardinal Hill - 170.0 Parliament
Parliament,Week1,Hunter Mill,Week4,233.0 Hunter Mill - 167.0 Parliament
Parklawn,Week2,Rolling Hills,Week4,209.0 Rolling Hills - 184.0 Parklawn
Parklawn,Week3,Village West,Week4,200.0 Village West - 193.0 Parklawn
Parliament,Week1,Hunter Mill,Week5,228.0 Hunter Mill - 174.0 Parliament
Parklawn,Week3,Rolling Hills,Week2,243.5 Rolling Hills - 157.5 Parklawn
Parliament,Week5,Brookfield ,Week5,215.0 Brookfield - 187.0 Parliament
Parliament,Week3,Cardinal Hill,Week1,270.0 Cardinal Hill - 132.0 Parliament
Parklawn,Week5,Villa Aquatic,Week3,270.0 Villa Aquatic - 131.0 Parklawn
Parklawn,Week1,Village West,Week4,224.0 Village West - 164.0 Parklawn
Parliament,Week2,North Springfield,Week5,233.0 Parliament - 140.0 North Springfield
Parliament,Week3,Cardinal Hill,Week3,267.0 Cardinal Hill - 135.0 Parliament
Parklawn,Week5,Ravensworth Farm,Week2,272.0 Ravensworth Farm - 129.0 Parklawn
Parliament,Week2,Poplar Tree,Week3,268.0 Poplar Tree - 134.0 Parliament
Parliament,Week2,Hunter Mill,Week1,240.0 Hunter Mill - 157.0 Parliament
Parklawn,Week4,Villa Aquatic,Week1,224.0 Villa Aquatic - 177.0 Parklawn
Parliament,Week2,Poplar Tree,Week2,236.0 Poplar Tree - 166.0 Parliament
Parliament,Week2,Hunter Mill,Week3,260.0 Hunter Mill - 141.0 Parliament
Parklawn,Week4,Ravensworth Farm,Week2,264.0 Ravensworth Farm - 136.0 Parklawn
Parliament,Week5,Cardinal Hill,Week5,240.0 Cardinal Hill - 162.0 Parliament
Parliament,Week1,Poplar Tree,Week5,255.0 Poplar Tree - 147.0 Parliament
Parliament,Week2,Hunter Mill,Week4,254.0 Hunter Mill - 148.0 Parliament
Parliament,Week1,Broyhill Crest,Week1,333.0 Parliament - 60.0 Broyhill Crest
Parklawn,Week4,Rolling Hills,Week1,206.0 Rolling Hills - 192.0 Parklawn
Parklawn,Week3,Rolling Hills,Week5,231.0 Rolling Hills - 170.0 Parklawn
Parliament,Week4,Newington Forest,Week3,270.0 Parliament - 132.0 Newington Forest
Parliament,Week2,North Springfield,Week2,262.0 Parliament - 125.0 North Springfield
Parklawn,Week3,Village West,Week3,236.0 Village West - 165.0 Parklawn
Parliament,Week4,Cardinal Hill,Week2,232.0 Cardinal Hill - 165.0 Parliament
Parliament,Week1,Broyhill Crest,Week2,334.0 Parliament - 66.0 Broyhill Crest
Parliament,Week3,Poplar Tree,Week5,274.0 Poplar Tree - 128.0 Parliament
Parklawn,Week3,Ravensworth Farm,Week4,289.0 Ravensworth Farm - 113.0 Parklawn
Parklawn,Week2,Rolling Hills,Week5,207.0 Rolling Hills - 194.0 Parklawn
Parklawn,Week2,Ravensworth Farm,Week1,282.0 Ravensworth Farm - 119.0 Parklawn
Parliament,Week5,Newington Forest,Week3,281.0 Parliament - 120.0 Newington Forest
Parliament,Week1,North Springfield,Week3,274.0 Parliament - 119.0 North Springfield
Parliament,Week1,Broyhill Crest,Week4,328.0 Parliament - 69.0 Broyhill Crest
Parliament,Week3,North Springfield,Week1,274.0 Parliament - 76.0 North Springfield
Parklawn,Week4,Ravensworth Farm,Week4,264.0 Ravensworth Farm - 137.0 Parklawn
Parliament,Week5,Newington Forest,Week2,276.0 Parliament - 125.0 Newington Forest
Parliament,Week4,Poplar Tree,Week4,234.0 Poplar Tree - 168.0 Parliament
Parliament,Week5,Poplar Tree,Week5,256.0 Poplar Tree - 146.0 Parliament
Parklawn,Week3,Riverside Gardens,Week4,329.0 Riverside Gardens - 73.0 Parklawn
Parliament,Week2,Cardinal Hill,Week4,256.0 Cardinal Hill - 146.0 Parliament
Parklawn,Week4,Rolling Hills,Week3,213.0 Rolling Hills - 188.0 Parklawn
Parliament,Week1,Chesterbrook,Week2,320.0 Chesterbrook - 82.0 Parliament
Parliament,Week2,Hunter Mill,Week5,252.0 Hunter Mill - 150.0 Parliament
Parliament,Week2,Hunter Mill,Week2,227.0 Hunter Mill - 175.0 Parliament
Parliament,Week5,Cardinal Hill,Week3,267.0 Cardinal Hill - 135.0 Parliament
Parliament,Week2,Broyhill Crest,Week1,330.0 Parliament - 63.0 Broyhill Crest
Parliament,Week2,Broyhill Crest,Week2,329.0 Parliament - 69.0 Broyhill Crest
Parklawn,Week3,Riverside Gardens,Week2,318.0 Riverside Gardens - 84.0 Parklawn
Parklawn,Week2,Village West,Week1,205.0 Parklawn - 192.0 Village West
Parklawn,Week4,Rolling Hills,Week2,204.0 Parklawn - 197.0 Rolling Hills
Parliament,Week4,Poplar Tree,Week2,243.0 Poplar Tree - 159.0 Parliament
Parklawn,Week3,Villa Aquatic,Week4,277.0 Villa Aquatic - 125.0 Parklawn
Parliament,Week2,Broyhill Crest,Week3,334.0 Parliament - 62.0 Broyhill Crest
Parklawn,Week4,Rolling Hills,Week4,200.5 Parklawn - 187.5 Rolling Hills
Parklawn,Week5,Villa Aquatic,Week4,263.0 Villa Aquatic - 139.0 Parklawn
Parliament,Week5,Poplar Tree,Week3,241.0 Poplar Tree - 160.0 Parliament
Parliament,Week3,Hunter Mill,Week1,244.0 Hunter Mill - 158.0 Parliament
Parliament,Week5,Newington Forest,Week1,278.5 Parliament - 121.5 Newington Forest
Parklawn,Week1,Ravensworth Farm,Week5,318.0 Ravensworth Farm - 75.0 Parklawn
Parklawn,Week2,Ravensworth Farm,Week3,297.0 Ravensworth Farm - 101.0 Parklawn
Parklawn,Week4,Villa Aquatic,Week5,258.0 Villa Aquatic - 144.0 Parklawn
Parklawn,Week4,Villa Aquatic,Week2,233.0 Villa Aquatic - 168.0 Parklawn
Parklawn,Week5,Rolling Hills,Week3,209.0 Rolling Hills - 192.0 Parklawn
Parliament,Week4,Poplar Tree,Week5,278.0 Poplar Tree - 124.0 Parliament
Parliament,Week4,Hunt Valley,Week5,303.0 Hunt Valley - 99.0 Parliament
Parklawn,Week3,Rolling Hills,Week4,221.0 Rolling Hills - 172.0 Parklawn
Parliament,Week2,Chesterbrook,Week1,329.0 Chesterbrook - 73.0 Parliament
Parklawn,Week5,Rolling Hills,Week4,195.0 Parklawn - 193.0 Rolling Hills
Parklawn,Week1,Village West,Week1,231.5 Village West - 160.5 Parklawn
Parklawn,Week5,Rolling Hills,Week2,215.0 Rolling Hills - 186.0 Parklawn
Parliament,Week3,Cardinal Hill,Week4,254.0 Cardinal Hill - 148.0 Parliament
Parliament,Week1,Broyhill Crest,Week5,316.0 Parliament - 81.0 Broyhill Crest
Parliament,Week2,Broyhill Crest,Week4,322.0 Parliament - 76.0 Broyhill Crest
Parliament,Week1,North Springfield,Week5,255.0 Parliament - 117.0 North Springfield
Parliament,Week2,Poplar Tree,Week5,268.0 Poplar Tree - 134.0 Parliament
Parliament,Week2,Hunt Valley,Week5,300.0 Hunt Valley - 102.0 Parliament
Parklawn,Week3,Ravensworth Farm,Week2,277.0 Ravensworth Farm - 124.0 Parklawn
Parklawn,Week5,Village West,Week2,203.5 Parklawn - 194.5 Village West
Parliament,Week1,Broyhill Crest,Week3,339.0 Parliament - 57.0 Broyhill Crest
Parklawn,Week3,Ravensworth Farm,Week1,299.0 Ravensworth Farm - 102.0 Parklawn
Parliament,Week4,Hunt Valley,Week1,279.0 Hunt Valley - 123.0 Parliament
Parliament,Week3,Poplar Tree,Week2,232.0 Poplar Tree - 170.0 Parliament
Parliament,Week1,Ravensworth Farm,Week1,230.0 Ravensworth Farm - 172.0 Parliament
Parliament,Week4,Poplar Tree,Week3,260.0 Poplar Tree - 142.0 Parliament
Parliament,Week4,North Springfield,Week4,272.0 Parliament - 119.0 North Springfield
Parklawn,Week1,Village West,Week2,236.0 Village West - 157.0 Parklawn
Parliament,Week5,Poplar Tree,Week2,217.0 Poplar Tree - 185.0 Parliament
Parliament,Week4,North Springfield,Week2,273.0 Parliament - 115.0 North Springfield
Parklawn,Week3,Ravensworth Farm,Week3,295.0 Ravensworth Farm - 103.0 Parklawn
Parklawn,Week5,Rolling Hills,Week1,211.0 Rolling Hills - 187.0 Parklawn
Parklawn,Week2,Ravensworth Farm,Week2,271.0 Ravensworth Farm - 130.0 Parklawn
Parklawn,Week1,Village West,Week5,219.0 Village West - 174.0 Parklawn
Parliament,Week2,Broyhill Crest,Week5,304.0 Parliament - 94.0 Broyhill Crest
Parliament,Week3,Hunt Valley,Week5,294.0 Hunt Valley - 108.0 Parliament
Parklawn,Week3,Villa Aquatic,Week5,294.0 Villa Aquatic - 108.0 Parklawn
Parliament,Week4,Poplar Tree,Week1,250.0 Poplar Tree - 152.0 Parliament
Parliament,Week3,Hunt Valley,Week4,290.0 Hunt Valley - 112.0 Parliament
Parliament,Week5,Poplar Tree,Week1,232.0 Poplar Tree - 170.0 Parliament
Parklawn,Week1,Village West,Week3,240.5 Village West - 152.5 Parklawn
Parliament,Week4,Brookfield ,Week2,222.0 Brookfield - 180.0 Parliament
Parliament,Week3,Brookfield ,Week3,217.5 Brookfield - 184.5 Parliament
Parliament,Week4,Cardinal Hill,Week1,269.0 Cardinal Hill - 133.0 Parliament
Parliament,Week3,North Springfield,Week5,246.0 Parliament - 128.0 North Springfield
Parliament,Week5,North Springfield,Week1,273.0 Parliament - 76.0 North Springfield
Parliament,Week4,Brookfield ,Week5,226.0 Brookfield - 176.0 Parliament
Parklawn,Week1,Rolling Valley,Week2,208.0 Rolling Valley - 180.0 Parklawn
Parklawn,Week5,Rolling Hills,Week5,207.0 Rolling Hills - 194.0 Parklawn
Parliament,Week4,Cardinal Hill,Week4,242.0 Cardinal Hill - 160.0 Parliament
Parliament,Week2,Chesterbrook,Week2,345.5 Chesterbrook - 56.5 Parliament
Parklawn,Week4,Villa Aquatic,Week3,277.0 Villa Aquatic - 124.0 Parklawn
Parliament,Week2,North Springfield,Week1,257.0 Parliament - 89.0 North Springfield
Parliament,Week3,Hunt Valley,Week2,279.0 Hunt Valley - 123.0 Parliament
Parliament,Week2,Hunt Valley,Week3,295.0 Hunt Valley - 107.0 Parliament
Parklawn,Week2,Ravensworth Farm,Week5,303.0 Ravensworth Farm - 99.0 Parklawn
Parklawn,Week5,Villa Aquatic,Week1,240.0 Villa Aquatic - 162.0 Parklawn
Parliament,Week3,Cardinal Hill,Week5,254.0 Cardinal Hill - 148.0 Parliament
Parklawn,Week4,Ravensworth Farm,Week1,272.0 Ravensworth Farm - 129.0 Parklawn
Parliament,Week2,Cardinal Hill,Week5,263.0 Cardinal Hill - 139.0 Parliament
Parliament,Week2,Brookfield ,Week4,246.0 Brookfield - 156.0 Parliament
Parklawn,Week1,Ravensworth Farm,Week2,290.0 Ravensworth Farm - 103.0 Parklawn
Parklawn,Week1,Rolling Valley,Week3,201.0 Rolling Valley - 192.0 Parklawn
Parliament,Week1,Chesterbrook,Week5,325.0 Chesterbrook - 77.0 Parliament
Parliament,Week3,Hunt Valley,Week3,296.5 Hunt Valley - 105.5 Parliament
Parklawn,Week4,Rolling Hills,Week5,204.0 Parklawn - 197.0 Rolling Hills
Parliament,Week4,North Springfield,Week5,252.5 Parliament - 121.5 North Springfield
Parliament,Week5,Brookfield ,Week2,213.0 Brookfield - 189.0 Parliament
Parliament,Week2,Hunt Valley,Week4,280.0 Hunt Valley - 122.0 Parliament
Parliament,Week5,Poplar Tree,Week4,227.0 Poplar Tree - 175.0 Parliament
Parliament,Week1,Chesterbrook,Week4,318.0 Chesterbrook - 84.0 Parliament
Parliament,Week2,North Springfield,Week4,270.0 Parliament - 117.0 North Springfield
Parklawn,Week4,Ravensworth Farm,Week5,286.0 Ravensworth Farm - 116.0 Parklawn
Parklawn,Week2,Rolling Valley,Week1,242.0 Parklawn - 158.0 Rolling Valley
Parklawn,Week5,Villa Aquatic,Week2,230.5 Villa Aquatic - 171.5 Parklawn
Parliament,Week1,Ravensworth Farm,Week4,226.0 Ravensworth Farm - 175.0 Parliament
Parliament,Week2,Commonwealth,Week2,220.0 Commonwealth - 181.0 Parliament
Parliament,Week2,Chesterbrook,Week5,350.0 Chesterbrook - 52.0 Parliament
Parklawn,Week1,Rolling Valley,Week4,219.0 Rolling Valley - 174.0 Parklawn
Parklawn,Week2,Village West,Week3,217.0 Village West - 184.0 Parklawn
Parklawn,Week1,Ravensworth Farm,Week4,301.0 Ravensworth Farm - 92.0 Parklawn
Parliament,Week3,Brookfield ,Week1,239.0 Brookfield - 163.0 Parliament
Parliament,Week1,Oakton ,Week3,266.0 Oakton - 136.0 Parliament
Parliament,Week2,Brookfield ,Week5,232.0 Brookfield - 170.0 Parliament
Parklawn,Week1,Rolling Valley,Week5,208.0 Rolling Valley - 185.0 Parklawn
Parliament,Week4,Hunt Valley,Week3,304.0 Hunt Valley - 98.0 Parliament
Parliament,Week3,Poplar Tree,Week3,256.0 Poplar Tree - 146.0 Parliament
Parliament,Week5,Oakton ,Week5,285.0 Oakton - 117.0 Parliament
Parliament,Week4,Hunt Valley,Week2,283.0 Hunt Valley - 119.0 Parliament
Parliament,Week3,Hunt Valley,Week1,278.0 Hunt Valley - 124.0 Parliament
Parklawn,Week2,Village West,Week2,213.0 Village West - 185.0 Parklawn
Parklawn,Week4,Ravensworth Farm,Week3,285.0 Ravensworth Farm - 113.0 Parklawn
Parliament,Week4,Hunt Valley,Week4,293.0 Hunt Valley - 109.0 Parliament
Parliament,Week5,Chesterbrook,Week4,347.0 Chesterbrook - 55.0 Parliament
Parliament,Week3,Brookfield ,Week2,221.0 Brookfield - 181.0 Parliament
Parklawn,Week1,Rolling Valley,Week1,214.0 Parklawn - 179.0 Rolling Valley
Parklawn,Week1,Ravensworth Farm,Week1,306.0 Ravensworth Farm - 87.0 Parklawn
Parliament,Week2,Oakton ,Week5,298.0 Oakton - 104.0 Parliament
Parliament,Week1,Ravensworth Farm,Week3,231.5 Ravensworth Farm - 170.5 Parliament
Parliament,Week3,Chesterbrook,Week4,345.0 Chesterbrook - 57.0 Parliament
Parliament,Week1,Oakton ,Week1,252.0 Oakton - 145.0 Parliament
Parklawn,Week1,Riverside Gardens,Week1,315.0 Riverside Gardens - 78.0 Parklawn
Parliament,Week5,Hunt Valley,Week1,264.0 Hunt Valley - 138.0 Parliament
Parliament,Week4,Commonwealth,Week3,204.0 Commonwealth - 196.0 Parliament
Parliament,Week5,Brookfield ,Week1,234.0 Brookfield - 168.0 Parliament
Parliament,Week5,North Springfield,Week3,260.0 Parliament - 132.0 North Springfield
Parklawn,Week5,Ravensworth Farm,Week1,269.0 Ravensworth Farm - 132.0 Parklawn
Parklawn,Week2,Village West,Week5,203.0 Village West - 195.0 Parklawn
Parliament,Week1,Ravensworth Farm,Week2,216.0 Ravensworth Farm - 186.0 Parliament
Parliament,Week3,Poplar Tree,Week1,241.0 Poplar Tree - 161.0 Parliament
Parliament,Week5,Oakton ,Week2,291.0 Oakton - 111.0 Parliament
Parliament,Week2,Oakton ,Week4,297.0 Oakton - 105.0 Parliament
Parklawn,Week4,Villa Aquatic,Week4,266.0 Villa Aquatic - 136.0 Parklawn
Parliament,Week5,Hunt Valley,Week4,275.0 Hunt Valley - 127.0 Parliament
Parliament,Week4,Brookfield ,Week1,240.0 Brookfield - 162.0 Parliament
Parliament,Week5,Hunt Valley,Week2,272.0 Hunt Valley - 130.0 Parliament
Parliament,Week1,Ravensworth Farm,Week5,224.0 Ravensworth Farm - 178.0 Parliament
Parliament,Week3,Poplar Tree,Week4,240.0 Poplar Tree - 162.0 Parliament
Parklawn,Week5,Ravensworth Farm,Week4,278.0 Ravensworth Farm - 124.0 Parklawn
Parliament,Week4,Brookfield ,Week3,222.0 Brookfield - 180.0 Parliament
Parliament,Week4,Commonwealth,Week1,232.0 Parliament - 164.0 Commonwealth
Parliament,Week4,Chesterbrook,Week3,370.0 Chesterbrook - 32.0 Parliament
Parklawn,Week5,Villa Aquatic,Week5,273.0 Villa Aquatic - 129.0 Parklawn
Parliament,Week3,Brookfield ,Week5,220.0 Brookfield - 182.0 Parliament
Parklawn,Week3,Village West,Week1,202.0 Village West - 196.0 Parklawn
Parliament,Week1,Ilda Community,Week5,273.0 Parliament - 124.0 Ilda Community
Parklawn,Week2,Village West,Week4,209.0 Village West - 184.0 Parklawn
Parliament,Week2,Ravensworth Farm,Week1,248.0 Ravensworth Farm - 153.0 Parliament
Parliament,Week1,Commonwealth,Week2,216.0 Parliament - 184.0 Commonwealth
Parliament,Week2,Ravensworth Farm,Week2,238.0 Ravensworth Farm - 164.0 Parliament
Parliament,Week2,Ilda Community,Week5,236.0 Parliament - 165.0 Ilda Community
Parklawn,Week1,Riverside Gardens,Week4,316.0 Riverside Gardens - 77.0 Parklawn
Parklawn,Week2,Riverside Gardens,Week3,308.0 Riverside Gardens - 94.0 Parklawn
Parliament,Week5,Chesterbrook,Week5,349.5 Chesterbrook - 52.5 Parliament
Parliament,Week3,Oakton ,Week2,304.0 Oakton - 98.0 Parliament
Parliament,Week4,Brookfield ,Week4,236.0 Brookfield - 166.0 Parliament
Parliament,Week2,Oakton ,Week3,289.0 Oakton - 113.0 Parliament
Parliament,Week5,North Springfield,Week4,274.0 Parliament - 116.0 North Springfield
Parliament,Week5,Brookfield ,Week4,217.0 Brookfield - 184.0 Parliament
Parklawn,Week2,Riverside Gardens,Week2,285.0 Riverside Gardens - 117.0 Parklawn
Parklawn,Week4,Village West,Week3,212.0 Village West - 188.0 Parklawn
Parliament,Week1,Ilda Community,Week2,267.0 Parliament - 133.0 Ilda Community
Parliament,Week2,Ravensworth Farm,Week3,262.0 Ravensworth Farm - 140.0 Parliament
Parliament,Week1,Hunter Mill,Week1,226.0 Hunter Mill - 171.0 Parliament
Parliament,Week3,Commonwealth,Week1,236.0 Parliament - 166.0 Commonwealth
Parklawn,Week3,Village West,Week2,219.0 Village West - 179.0 Parklawn
Parliament,Week5,Brookfield ,Week3,203.0 Parliament - 199.0 Brookfield
Parliament,Week3,Brookfield ,Week4,223.5 Brookfield - 178.5 Parliament
Parklawn,Week2,Riverside Gardens,Week1,297.0 Riverside Gardens - 105.0 Parklawn
Parklawn,Week3,Village West,Week5,203.0 Village West - 195.0 Parklawn
Parliament,Week5,Commonwealth,Week2,202.0 Parliament - 199.0 Commonwealth
Parklawn,Week1,Riverside Gardens,Week3,315.0 Riverside Gardens - 78.0 Parklawn
Parliament,Week3,Hunter Mill,Week3,256.0 Hunter Mill - 145.0 Parliament
Parliament,Week3,Oakton ,Week3,287.0 Oakton - 115.0 Parliament
Parliament,Week1,Commonwealth,Week3,229.0 Parliament - 167.0 Commonwealth
Parliament,Week2,Ravensworth Farm,Week4,245.5 Ravensworth Farm - 156.5 Parliament
Pinewood Lake,Week2,Donaldson Run,Week1,390.0 Donaldson Run - 12.0 Pinewood Lake
Pinewood Lake,Week2,Lake Braddock,Week4,332.0 Lake Braddock - 65.0 Pinewood Lake
Pinewood Lake,Week5,Fox Mill Woods,Week4,381.0 Fox Mill Woods - 21.0 Pinewood Lake
Pinewood Lake,Week1,Chesterbrook,Week3,397.0 Chesterbrook - 5.0 Pinewood Lake
Pinewood Lake,Week4,Lake Braddock,Week2,317.0 Lake Braddock - 77.0 Pinewood Lake
Pinewood Lake,Week3,Little Rocky Run,Week4,387.0 Little Rocky Run - 14.0 Pinewood Lake
Pinewood Lake,Week3,Sully Station II,Week4,367.0 Sully Station II - 30.0 Pinewood Lake
Pinewood Lake,Week1,Little Rocky Run,Week4,381.0 Little Rocky Run - 21.0 Pinewood Lake
Pinewood Lake,Week3,Chesterbrook,Week4,396.0 Chesterbrook - 5.0 Pinewood Lake
Pinewood Lake,Week5,Dominion Hills,Week3,366.0 Dominion Hills - 33.0 Pinewood Lake
Pleasant Valley,Week1,Brookfield ,Week3,282.0 Brookfield - 116.0 Pleasant Valley
Pinewood Lake,Week3,Little Rocky Run,Week3,382.0 Little Rocky Run - 19.0 Pinewood Lake
Pinewood Lake,Week1,Canterbury Woods,Week2,332.0 Canterbury Woods - 60.0 Pinewood Lake
Pinewood Lake,Week2,Chesterbrook,Week3,397.0 Chesterbrook - 5.0 Pinewood Lake
Pinewood Lake,Week1,Little Rocky Run,Week2,376.0 Little Rocky Run - 26.0 Pinewood Lake
Pinewood Lake,Week1,Canterbury Woods,Week3,343.0 Canterbury Woods - 50.0 Pinewood Lake
Pinewood Lake,Week3,Lake Braddock,Week5,333.0 Lake Braddock - 61.0 Pinewood Lake
Pinewood Lake,Week3,Camelot,Week3,337.0 Camelot - 62.0 Pinewood Lake
Pinewood Lake,Week3,Great Falls,Week2,327.0 Great Falls - 51.0 Pinewood Lake
Pinewood Lake,Week2,Little Rocky Run,Week5,382.0 Little Rocky Run - 15.0 Pinewood Lake
Pinewood Lake,Week5,Great Falls,Week3,346.0 Great Falls - 52.0 Pinewood Lake
Pinewood Lake,Week5,Dominion Hills,Week5,371.0 Dominion Hills - 29.0 Pinewood Lake
Pinewood Lake,Week2,Camelot,Week5,349.0 Camelot - 50.0 Pinewood Lake
Pinewood Lake,Week4,Sully Station,Week4,370.0 Sully Station - 32.0 Pinewood Lake
Pinewood Lake,Week4,Lake Braddock,Week5,323.0 Lake Braddock - 73.0 Pinewood Lake
Pinewood Lake,Week3,Chesterbrook,Week2,397.0 Chesterbrook - 4.0 Pinewood Lake
Pinewood Lake,Week5,Chesterbrook,Week2,388.0 Chesterbrook - 14.0 Pinewood Lake
Pinewood Lake,Week4,Canterbury Woods,Week2,325.0 Canterbury Woods - 68.0 Pinewood Lake
Pleasant Valley,Week1,Brookfield ,Week4,294.0 Brookfield - 108.0 Pleasant Valley
Pinewood Lake,Week1,Great Falls,Week2,329.0 Great Falls - 48.0 Pinewood Lake
Pinewood Lake,Week4,Canterbury Woods,Week4,349.0 Canterbury Woods - 49.0 Pinewood Lake
Pinewood Lake,Week4,Camelot,Week2,333.0 Camelot - 58.0 Pinewood Lake
Pleasant Valley,Week4,Brookfield ,Week1,309.0 Brookfield - 93.0 Pleasant Valley
Pinewood Lake,Week1,Donaldson Run,Week5,377.0 Donaldson Run - 19.0 Pinewood Lake
Pinewood Lake,Week3,Donaldson Run,Week5,394.0 Donaldson Run - 7.0 Pinewood Lake
Pinewood Lake,Week5,Dominion Hills,Week4,368.0 Dominion Hills - 21.0 Pinewood Lake
Pinewood Lake,Week2,Great Falls,Week3,341.0 Great Falls - 51.0 Pinewood Lake
Pinewood Lake,Week3,Chesterbrook,Week1,389.0 Chesterbrook - 8.0 Pinewood Lake
Pinewood Lake,Week5,Sully Station,Week4,366.0 Sully Station - 36.0 Pinewood Lake
Pinewood Lake,Week1,Chesterbrook,Week5,388.0 Chesterbrook - 14.0 Pinewood Lake
Pleasant Valley,Week2,Brookfield ,Week2,301.0 Brookfield - 100.0 Pleasant Valley
Pinewood Lake,Week3,Camelot,Week1,344.0 Camelot - 44.0 Pinewood Lake
Pinecrest,Week2,Ravensworth Farm,Week4,243.0 Pinecrest - 159.0 Ravensworth Farm
Pinewood Lake,Week4,Kings Ridge ,Week4,351.0 Kings Ridge - 47.0 Pinewood Lake
Pinewood Lake,Week2,Camelot,Week3,334.0 Camelot - 66.0 Pinewood Lake
Pinewood Lake,Week4,Little Rocky Run,Week2,384.0 Little Rocky Run - 18.0 Pinewood Lake
Pinewood Lake,Week3,Sully Station II,Week2,376.0 Sully Station II - 24.0 Pinewood Lake
Pinewood Lake,Week3,Lake Braddock,Week4,333.0 Lake Braddock - 63.0 Pinewood Lake
Pleasant Valley,Week3,Brookfield ,Week2,270.0 Brookfield - 132.0 Pleasant Valley
Pinewood Lake,Week2,Donaldson Run,Week3,389.0 Donaldson Run - 11.0 Pinewood Lake
Pleasant Valley,Week3,Brookfield ,Week3,265.0 Brookfield - 137.0 Pleasant Valley
Pinewood Lake,Week3,Donaldson Run,Week4,394.0 Donaldson Run - 5.0 Pinewood Lake
Pinewood Lake,Week2,Sully Station II,Week1,363.0 Sully Station II - 36.0 Pinewood Lake
Pinewood Lake,Week1,Commonwealth,Week1,302.0 Commonwealth - 60.0 Pinewood Lake
Pinewood Lake,Week3,Lake Braddock,Week2,330.0 Lake Braddock - 63.0 Pinewood Lake
Pinewood Lake,Week5,Sully Station,Week2,348.0 Sully Station - 53.0 Pinewood Lake
Pinewood Lake,Week4,Lake Braddock,Week3,324.0 Lake Braddock - 73.0 Pinewood Lake
Pinewood Lake,Week4,Sully Station II,Week5,384.0 Sully Station II - 18.0 Pinewood Lake
Pinewood Lake,Week5,Little Hunting Park,Week5,329.0 Little Hunting Park - 66.0 Pinewood Lake
Pinecrest,Week3,Ravensworth Farm,Week1,250.0 Pinecrest - 152.0 Ravensworth Farm
Pinewood Lake,Week4,Kings Ridge ,Week5,345.0 Kings Ridge - 45.0 Pinewood Lake
Pinecrest,Week4,Ravensworth Farm,Week4,261.0 Pinecrest - 141.0 Ravensworth Farm
Pleasant Valley,Week2,Broyhill Crest,Week5,216.0 Pleasant Valley - 180.0 Broyhill Crest
Pinecrest,Week3,Ravensworth Farm,Week4,251.0 Pinecrest - 151.0 Ravensworth Farm
Pinewood Lake,Week3,Donaldson Run,Week1,392.0 Donaldson Run - 10.0 Pinewood Lake
Pinewood Lake,Week2,Camelot,Week4,349.0 Camelot - 49.0 Pinewood Lake
Pinewood Lake,Week4,Sully Station,Week3,364.0 Sully Station - 38.0 Pinewood Lake
Pinewood Lake,Week5,Fox Mill Woods,Week1,375.0 Fox Mill Woods - 27.0 Pinewood Lake
Pinewood Lake,Week2,Canterbury Woods,Week3,345.0 Canterbury Woods - 54.0 Pinewood Lake
Pinewood Lake,Week4,Donaldson Run,Week1,392.0 Donaldson Run - 10.0 Pinewood Lake
Pinewood Lake,Week3,Lake Braddock,Week3,332.0 Lake Braddock - 64.0 Pinewood Lake
Pinewood Lake,Week3,Great Falls,Week5,325.0 Great Falls - 57.0 Pinewood Lake
Pinewood Lake,Week5,Camelot,Week5,341.0 Camelot - 58.0 Pinewood Lake
Pinewood Lake,Week5,Fox Mill Woods,Week3,372.0 Fox Mill Woods - 29.0 Pinewood Lake
Pleasant Valley,Week3,Broyhill Crest,Week3,274.0 Pleasant Valley - 124.0 Broyhill Crest
Pinewood Lake,Week4,Great Falls,Week4,310.0 Great Falls - 81.0 Pinewood Lake
Pinecrest,Week4,Ravensworth Farm,Week2,266.0 Pinecrest - 136.0 Ravensworth Farm
Pinewood Lake,Week2,Chesterbrook,Week2,390.0 Chesterbrook - 12.0 Pinewood Lake
Pinewood Lake,Week5,Lake Braddock,Week2,311.0 Lake Braddock - 84.0 Pinewood Lake
Pinewood Lake,Week2,Great Falls,Week2,320.0 Great Falls - 59.0 Pinewood Lake
Pinewood Lake,Week3,Fox Mill Woods,Week5,385.0 Fox Mill Woods - 17.0 Pinewood Lake
Pinewood Lake,Week4,Little Rocky Run,Week5,383.0 Little Rocky Run - 19.0 Pinewood Lake
Pinewood Lake,Week4,Little Hunting Park,Week5,337.0 Little Hunting Park - 56.0 Pinewood Lake
Pinewood Lake,Week3,Little Rocky Run,Week2,385.0 Little Rocky Run - 17.0 Pinewood Lake
Pinewood Lake,Week4,Fox Mill Woods,Week3,382.0 Fox Mill Woods - 19.0 Pinewood Lake
Pinewood Lake,Week1,Chesterbrook,Week2,389.0 Chesterbrook - 12.0 Pinewood Lake
Pinecrest,Week2,Ravensworth Farm,Week3,244.0 Pinecrest - 158.0 Ravensworth Farm
Pinewood Lake,Week4,Little Hunting Park,Week4,338.0 Little Hunting Park - 61.0 Pinewood Lake
Pinewood Lake,Week5,Lake Braddock,Week1,295.0 Lake Braddock - 98.0 Pinewood Lake
Pinewood Lake,Week1,Sully Station II,Week3,368.0 Sully Station II - 27.0 Pinewood Lake
Pinewood Lake,Week2,Chesterbrook,Week1,383.0 Chesterbrook - 14.0 Pinewood Lake
Pinewood Lake,Week4,Chesterbrook,Week3,400.0 Chesterbrook - 2.0 Pinewood Lake
Pleasant Valley,Week5,Brookfield ,Week5,300.0 Brookfield - 97.0 Pleasant Valley
Pleasant Valley,Week5,Brookfield ,Week4,302.0 Brookfield - 100.0 Pleasant Valley
Pinewood Lake,Week2,Donaldson Run,Week2,384.0 Donaldson Run - 18.0 Pinewood Lake
Pinewood Lake,Week4,Sully Station II,Week1,358.0 Sully Station II - 39.0 Pinewood Lake
Pleasant Valley,Week1,Brookfield ,Week2,276.0 Brookfield - 125.0 Pleasant Valley
Pleasant Valley,Week5,Bren Mar-Edsall Park,Week4,261.0 Pleasant Valley - 137.0 Bren Mar-Edsall Park
Pinewood Lake,Week4,Sully Station II,Week3,377.0 Sully Station II - 18.0 Pinewood Lake
Pinewood Lake,Week4,Little Rocky Run,Week1,371.0 Little Rocky Run - 23.0 Pinewood Lake
Pinewood Lake,Week4,Donaldson Run,Week2,386.0 Donaldson Run - 14.0 Pinewood Lake
Pinewood Lake,Week1,Great Falls,Week3,347.0 Great Falls - 45.0 Pinewood Lake
Pinewood Lake,Week5,Lake Braddock,Week3,317.0 Lake Braddock - 81.0 Pinewood Lake
Pinewood Lake,Week2,Sully Station II,Week5,381.0 Sully Station II - 21.0 Pinewood Lake
Pinewood Lake,Week1,Donaldson Run,Week1,383.0 Donaldson Run - 19.0 Pinewood Lake
Pinewood Lake,Week4,Sully Station II,Week4,370.0 Sully Station II - 27.0 Pinewood Lake
Pinewood Lake,Week2,Long Branch,Week2,323.0 Long Branch - 72.0 Pinewood Lake
Pinewood Lake,Week5,Sully Station,Week1,358.0 Sully Station - 41.0 Pinewood Lake
Pinewood Lake,Week3,Long Branch,Week2,339.0 Long Branch - 61.0 Pinewood Lake
Pinewood Lake,Week5,Little Rocky Run,Week1,370.0 Little Rocky Run - 24.0 Pinewood Lake
Pinewood Lake,Week1,Great Falls,Week4,316.0 Great Falls - 65.0 Pinewood Lake
Pinewood Lake,Week4,Chesterbrook,Week4,399.0 Chesterbrook - 2.0 Pinewood Lake
Pinewood Lake,Week4,Lake Braddock,Week4,319.0 Lake Braddock - 77.0 Pinewood Lake
Pleasant Valley,Week5,Bren Mar-Edsall Park,Week5,254.0 Pleasant Valley - 135.0 Bren Mar-Edsall Park
Pinewood Lake,Week4,Camelot,Week4,348.0 Camelot - 48.0 Pinewood Lake
Pinewood Lake,Week5,Dominion Hills,Week2,372.0 Dominion Hills - 30.0 Pinewood Lake
Pinewood Lake,Week5,Camelot,Week2,325.0 Camelot - 67.0 Pinewood Lake
Pleasant Valley,Week3,Brookfield ,Week1,280.0 Brookfield - 122.0 Pleasant Valley
Pinecrest,Week2,Parliament,Week4,279.0 Pinecrest - 123.0 Parliament
Pinewood Lake,Week3,Great Falls,Week1,321.0 Great Falls - 64.0 Pinewood Lake
Pinewood Lake,Week1,Chesterbrook,Week4,386.0 Chesterbrook - 15.0 Pinewood Lake
Pleasant Valley,Week1,Brookfield ,Week5,298.0 Brookfield - 99.0 Pleasant Valley
Pinewood Lake,Week4,Great Falls,Week1,316.0 Great Falls - 72.0 Pinewood Lake
Pinewood Lake,Week5,Lake Braddock,Week4,311.0 Lake Braddock - 85.0 Pinewood Lake
Pleasant Valley,Week2,Brookfield ,Week3,289.0 Brookfield - 109.0 Pleasant Valley
Pinecrest,Week5,Parklawn,Week4,298.5 Pinecrest - 99.5 Parklawn
Pinewood Lake,Week3,Donaldson Run,Week3,393.5 Donaldson Run - 6.5 Pinewood Lake
Pleasant Valley,Week2,Brookfield ,Week5,305.0 Brookfield - 92.0 Pleasant Valley
Pinewood Lake,Week2,Chesterbrook,Week4,391.0 Chesterbrook - 10.0 Pinewood Lake
Pinecrest,Week1,Parliament,Week1,248.0 Pinecrest - 154.0 Parliament
Pinewood Lake,Week3,Canterbury Woods,Week1,347.0 Canterbury Woods - 49.0 Pinewood Lake
Pinewood Lake,Week5,Donaldson Run,Week1,390.0 Donaldson Run - 12.0 Pinewood Lake
Pinewood Lake,Week2,Canterbury Woods,Week4,351.0 Canterbury Woods - 47.0 Pinewood Lake
Pleasant Valley,Week4,Brookfield ,Week2,292.0 Brookfield - 109.0 Pleasant Valley
Pinewood Lake,Week1,Lakevale Estates,Week1,368.0 Lakevale Estates - 29.0 Pinewood Lake
Pinewood Lake,Week4,Donaldson Run,Week4,391.0 Donaldson Run - 8.0 Pinewood Lake
Pinewood Lake,Week4,Chesterbrook,Week1,389.0 Chesterbrook - 8.0 Pinewood Lake
Pinewood Lake,Week1,Lakevale Estates,Week2,369.0 Lakevale Estates - 33.0 Pinewood Lake
Pinewood Lake,Week5,Little Rocky Run,Week2,379.0 Little Rocky Run - 23.0 Pinewood Lake
Pinewood Lake,Week4,Chesterbrook,Week2,399.0 Chesterbrook - 3.0 Pinewood Lake
Pinewood Lake,Week3,Sully Station II,Week3,376.0 Sully Station II - 19.0 Pinewood Lake
Pinewood Lake,Week5,Sully Station,Week5,366.0 Sully Station - 32.0 Pinewood Lake
Pinewood Lake,Week5,Great Falls,Week2,328.0 Great Falls - 52.0 Pinewood Lake
Pinewood Lake,Week3,Sully Station II,Week5,382.0 Sully Station II - 20.0 Pinewood Lake
Pinewood Lake,Week1,Mansion House,Week1,358.0 Mansion House - 37.0 Pinewood Lake
Pinecrest,Week3,Parliament,Week5,269.0 Pinecrest - 133.0 Parliament
Pinewood Lake,Week5,Long Branch,Week3,334.0 Long Branch - 65.0 Pinewood Lake
Pinecrest,Week2,Parliament,Week5,273.0 Pinecrest - 129.0 Parliament
Pinewood Lake,Week1,Donaldson Run,Week3,379.0 Donaldson Run - 21.0 Pinewood Lake
Pinewood Lake,Week5,Lake Braddock,Week5,317.0 Lake Braddock - 79.0 Pinewood Lake
Pinewood Lake,Week5,Camelot,Week3,332.0 Camelot - 67.0 Pinewood Lake
Pinewood Lake,Week5,Sully Station II,Week1,353.0 Sully Station II - 44.0 Pinewood Lake
Pinewood Lake,Week4,Great Falls,Week2,327.0 Great Falls - 53.0 Pinewood Lake
Pinewood Lake,Week3,Camelot,Week5,356.0 Camelot - 41.0 Pinewood Lake
Pinewood Lake,Week2,Chesterbrook,Week5,393.0 Chesterbrook - 9.0 Pinewood Lake
Pinewood Lake,Week5,Little Rocky Run,Week5,380.0 Little Rocky Run - 22.0 Pinewood Lake
Pinewood Lake,Week1,Commonwealth,Week3,329.0 Commonwealth - 53.0 Pinewood Lake
Pinecrest,Week4,Parliament,Week3,267.0 Pinecrest - 135.0 Parliament
Pinewood Lake,Week3,Long Branch,Week5,346.0 Long Branch - 54.0 Pinewood Lake
Pinewood Lake,Week1,Sully Station II,Week1,361.0 Sully Station II - 35.0 Pinewood Lake
Pinewood Lake,Week1,Greenbriar,Week5,361.0 Greenbriar - 34.0 Pinewood Lake
Pinewood Lake,Week5,Lakevale Estates,Week4,380.0 Lakevale Estates - 21.0 Pinewood Lake
Pinewood Lake,Week5,Chesterbrook,Week4,389.0 Chesterbrook - 12.0 Pinewood Lake
Pinecrest,Week1,Parliament,Week5,267.0 Pinecrest - 135.0 Parliament
Pinewood Lake,Week5,Long Branch,Week1,315.0 Long Branch - 75.0 Pinewood Lake
Pinewood Lake,Week1,Lakevale Estates,Week4,371.0 Lakevale Estates - 30.0 Pinewood Lake
Pinewood Lake,Week1,Greenbriar,Week3,367.0 Greenbriar - 31.0 Pinewood Lake
Pinewood Lake,Week3,Great Falls,Week3,344.0 Great Falls - 51.0 Pinewood Lake
Pinewood Lake,Week3,Canterbury Woods,Week2,335.0 Canterbury Woods - 57.0 Pinewood Lake
Pleasant Valley,Week2,Brookfield ,Week1,301.0 Brookfield - 101.0 Pleasant Valley
Pinewood Lake,Week1,Canterbury Woods,Week4,358.0 Canterbury Woods - 39.0 Pinewood Lake
Pinewood Lake,Week2,Lakeview,Week1,308.0 Lakeview - 83.0 Pinewood Lake
Pinecrest,Week2,Parliament,Week1,252.0 Pinecrest - 150.0 Parliament
Pinewood Lake,Week1,Dunn Loring,Week3,383.0 Dunn Loring - 19.0 Pinewood Lake
Pinewood Lake,Week1,Sully Station II,Week4,357.0 Sully Station II - 39.0 Pinewood Lake
Pinewood Lake,Week1,Lakeview,Week4,345.0 Lakeview - 55.0 Pinewood Lake
Pinewood Lake,Week1,Dowden Terrace,Week1,338.0 Dowden Terrace - 55.0 Pinewood Lake
Pleasant Valley,Week3,Brookfield ,Week5,282.0 Brookfield - 120.0 Pleasant Valley
Pinewood Lake,Week3,Dowden Terrace,Week1,350.0 Dowden Terrace - 43.0 Pinewood Lake
Pinewood Lake,Week2,Canterbury Woods,Week1,334.0 Canterbury Woods - 57.0 Pinewood Lake
Pinewood Lake,Week1,Long Branch,Week4,349.0 Long Branch - 51.0 Pinewood Lake
Pinecrest,Week4,Parliament,Week1,239.0 Pinecrest - 163.0 Parliament
Pinewood Lake,Week1,Sully Station II,Week5,371.0 Sully Station II - 30.0 Pinewood Lake
Pinecrest,Week2,Parliament,Week3,275.5 Pinecrest - 126.5 Parliament
Pinewood Lake,Week4,Long Branch,Week4,348.0 Long Branch - 51.0 Pinewood Lake
Pleasant Valley,Week4,Brookfield ,Week3,294.0 Brookfield - 104.0 Pleasant Valley
Pleasant Valley,Week4,Brookfield ,Week5,301.0 Brookfield - 101.0 Pleasant Valley
Pinewood Lake,Week5,Sully Station,Week3,363.0 Sully Station - 39.0 Pinewood Lake
Pleasant Valley,Week3,Brookfield ,Week4,293.0 Brookfield - 109.0 Pleasant Valley
Pinewood Lake,Week1,Sully Station II,Week2,368.0 Sully Station II - 29.0 Pinewood Lake
Pinewood Lake,Week4,Camelot,Week5,349.0 Camelot - 50.0 Pinewood Lake
Pinewood Lake,Week5,Commonwealth,Week1,288.0 Commonwealth - 92.0 Pinewood Lake
Pinewood Lake,Week5,Great Falls,Week1,324.0 Great Falls - 65.0 Pinewood Lake
Pinewood Lake,Week4,Dowden Terrace,Week4,356.0 Dowden Terrace - 45.0 Pinewood Lake
Pinewood Lake,Week3,Canterbury Woods,Week3,356.0 Canterbury Woods - 44.0 Pinewood Lake
Pinewood Lake,Week5,Donaldson Run,Week3,384.0 Donaldson Run - 17.0 Pinewood Lake
Pinewood Lake,Week1,Lakevale Estates,Week3,366.0 Lakevale Estates - 26.0 Pinewood Lake
Pinewood Lake,Week5,Chesterbrook,Week5,389.0 Chesterbrook - 13.0 Pinewood Lake
Pinewood Lake,Week4,Great Falls,Week5,323.0 Great Falls - 61.0 Pinewood Lake
Pinewood Lake,Week1,Commonwealth,Week5,344.0 Commonwealth - 49.0 Pinewood Lake
Pinewood Lake,Week4,Commonwealth,Week3,327.0 Commonwealth - 61.0 Pinewood Lake
Pleasant Valley,Week2,Brookfield ,Week4,315.0 Brookfield - 87.0 Pleasant Valley
Pinewood Lake,Week1,Cottontail,Week4,339.0 Cottontail - 58.0 Pinewood Lake
Pinewood Lake,Week4,Dowden Terrace,Week5,366.0 Dowden Terrace - 36.0 Pinewood Lake
Pinewood Lake,Week4,Lakevale Estates,Week2,372.0 Lakevale Estates - 29.0 Pinewood Lake
Pinewood Lake,Week5,Long Branch,Week4,341.0 Long Branch - 59.0 Pinewood Lake
Pleasant Valley,Week1,Brookfield ,Week1,301.0 Brookfield - 101.0 Pleasant Valley
Pinewood Lake,Week2,Sully Station II,Week3,378.0 Sully Station II - 17.0 Pinewood Lake
Pinewood Lake,Week5,Greenbriar,Week1,358.0 Greenbriar - 43.0 Pinewood Lake
Pinewood Lake,Week3,Canterbury Woods,Week4,362.0 Canterbury Woods - 36.0 Pinewood Lake
Pinewood Lake,Week1,Lakeview,Week3,334.0 Lakeview - 65.0 Pinewood Lake
Pinewood Lake,Week3,Greenbriar,Week4,368.0 Greenbriar - 33.0 Pinewood Lake
Pinecrest,Week3,Parliament,Week2,297.0 Pinecrest - 105.0 Parliament
Pinewood Lake,Week4,Camelot,Week3,342.0 Camelot - 56.0 Pinewood Lake
Pinecrest,Week4,Parliament,Week2,282.0 Pinecrest - 120.0 Parliament
Pinewood Lake,Week1,Long Branch,Week3,334.0 Long Branch - 65.0 Pinewood Lake
Pinewood Lake,Week1,Dowden Terrace,Week3,357.0 Dowden Terrace - 44.0 Pinewood Lake
Pleasant Valley,Week5,Brookfield ,Week3,285.0 Brookfield - 116.0 Pleasant Valley
Pinewood Lake,Week3,Cottontail,Week1,360.0 Cottontail - 41.0 Pinewood Lake
Pinewood Lake,Week4,Dowden Terrace,Week3,357.0 Dowden Terrace - 44.0 Pinewood Lake
Pinewood Lake,Week2,Lakevale Estates,Week5,377.0 Lakevale Estates - 25.0 Pinewood Lake
Pinewood Lake,Week5,Camelot,Week4,336.0 Camelot - 62.0 Pinewood Lake
Pinewood Lake,Week5,Lakevale Estates,Week3,369.0 Lakevale Estates - 28.0 Pinewood Lake
Pinewood Lake,Week4,Camelot,Week1,334.0 Camelot - 58.0 Pinewood Lake
Pinewood Lake,Week1,Canterbury Woods,Week1,336.0 Canterbury Woods - 51.0 Pinewood Lake
Pleasant Valley,Week5,Brookfield ,Week1,294.0 Brookfield - 107.0 Pleasant Valley
Pinewood Lake,Week3,Commonwealth,Week3,333.0 Commonwealth - 51.0 Pinewood Lake
Pinewood Lake,Week4,Long Branch,Week5,345.0 Long Branch - 55.0 Pinewood Lake
Pleasant Valley,Week1,Broyhill Crest,Week1,233.0 Pleasant Valley - 155.0 Broyhill Crest
Pinewood Lake,Week3,Sully Station II,Week1,367.0 Sully Station II - 33.0 Pinewood Lake
Pinewood Lake,Week1,Hamlet,Week4,370.0 Hamlet - 31.0 Pinewood Lake
Pinewood Lake,Week5,Lakevale Estates,Week1,369.0 Lakevale Estates - 28.0 Pinewood Lake
Pinewood Lake,Week1,Long Branch,Week5,345.0 Long Branch - 56.0 Pinewood Lake
Pinewood Lake,Week2,Greenbriar,Week4,363.0 Greenbriar - 38.0 Pinewood Lake
Pinewood Lake,Week1,Hamlet,Week2,380.0 Hamlet - 22.0 Pinewood Lake
Pinecrest,Week4,Parliament,Week4,277.0 Pinecrest - 125.0 Parliament
Pinewood Lake,Week5,Little Rocky Run,Week4,380.0 Little Rocky Run - 21.0 Pinewood Lake
Pinecrest,Week4,Parliament,Week5,263.0 Pinecrest - 139.0 Parliament
Pinewood Lake,Week5,Dowden Terrace,Week2,337.0 Dowden Terrace - 65.0 Pinewood Lake
Pinewood Lake,Week1,Truro,Week1,343.0 Truro - 49.0 Pinewood Lake
Pinewood Lake,Week4,Sully Station II,Week2,375.0 Sully Station II - 25.0 Pinewood Lake
Pinewood Lake,Week4,Dowden Terrace,Week1,343.0 Dowden Terrace - 52.0 Pinewood Lake
Pinewood Lake,Week5,Truro,Week3,335.0 Truro - 59.0 Pinewood Lake
Pinecrest,Week5,Parliament,Week3,276.0 Pinecrest - 126.0 Parliament
Pinewood Lake,Week2,Lakevale Estates,Week2,373.0 Lakevale Estates - 29.0 Pinewood Lake
Pleasant Valley,Week1,Broyhill Crest,Week3,251.0 Pleasant Valley - 143.0 Broyhill Crest
Pinewood Lake,Week1,Cottontail,Week3,346.0 Cottontail - 54.0 Pinewood Lake
Pinewood Lake,Week2,Dowden Terrace,Week3,365.0 Dowden Terrace - 36.0 Pinewood Lake
Pinewood Lake,Week5,Great Falls,Week5,324.0 Great Falls - 62.0 Pinewood Lake
Pinewood Lake,Week2,Long Branch,Week3,332.0 Long Branch - 66.0 Pinewood Lake
Pleasant Valley,Week1,Broyhill Crest,Week2,250.0 Pleasant Valley - 143.0 Broyhill Crest
Pinewood Lake,Week4,Commonwealth,Week5,339.0 Commonwealth - 58.0 Pinewood Lake
Pinewood Lake,Week3,Lakevale Estates,Week1,381.0 Lakevale Estates - 16.0 Pinewood Lake
Pinewood Lake,Week3,Camelot,Week4,354.0 Camelot - 43.0 Pinewood Lake
Pinecrest,Week5,Parliament,Week2,290.0 Pinecrest - 112.0 Parliament
Pinewood Lake,Week3,Camelot,Week2,337.0 Camelot - 51.0 Pinewood Lake
Pinewood Lake,Week2,Commonwealth,Week3,332.0 Commonwealth - 52.0 Pinewood Lake
Pinewood Lake,Week1,Canterbury Woods,Week5,335.0 Canterbury Woods - 57.0 Pinewood Lake
Pinewood Lake,Week2,Lakevale Estates,Week4,381.0 Lakevale Estates - 20.0 Pinewood Lake
Pinewood Lake,Week1,Tuckahoe,Week1,380.0 Tuckahoe - 21.0 Pinewood Lake
Pinewood Lake,Week4,Greenbriar,Week2,363.0 Greenbriar - 34.0 Pinewood Lake
Pinewood Lake,Week3,Lakevale Estates,Week2,384.0 Lakevale Estates - 17.0 Pinewood Lake
Pinewood Lake,Week5,Camelot,Week1,331.0 Camelot - 61.0 Pinewood Lake
Pinewood Lake,Week2,Canterbury Woods,Week2,319.0 Canterbury Woods - 74.0 Pinewood Lake
Pinewood Lake,Week4,Greenbriar,Week4,361.0 Greenbriar - 40.0 Pinewood Lake
Pinewood Lake,Week3,Truro,Week3,342.0 Truro - 47.0 Pinewood Lake
Pinewood Lake,Week4,Greenbriar,Week3,371.0 Greenbriar - 29.0 Pinewood Lake
Pinewood Lake,Week2,Cottontail,Week2,347.0 Cottontail - 55.0 Pinewood Lake
Pinewood Lake,Week3,Lakeview,Week3,335.0 Lakeview - 64.0 Pinewood Lake
Pinewood Lake,Week1,Greenbriar,Week1,367.0 Greenbriar - 33.0 Pinewood Lake
Pleasant Valley,Week1,Broyhill Crest,Week4,235.0 Pleasant Valley - 161.0 Broyhill Crest
Pinewood Lake,Week4,Long Branch,Week1,310.0 Long Branch - 80.0 Pinewood Lake
Pinewood Lake,Week1,Cottontail,Week5,360.0 Cottontail - 42.0 Pinewood Lake
Pinewood Lake,Week3,Dowden Terrace,Week4,355.0 Dowden Terrace - 46.0 Pinewood Lake
Pinewood Lake,Week2,Dunn Loring,Week1,379.0 Dunn Loring - 22.0 Pinewood Lake
Pinewood Lake,Week4,Long Branch,Week2,325.0 Long Branch - 74.0 Pinewood Lake
Pinewood Lake,Week2,Cottontail,Week3,342.0 Cottontail - 59.0 Pinewood Lake
Pinewood Lake,Week5,Dowden Terrace,Week3,351.0 Dowden Terrace - 50.0 Pinewood Lake
Pinecrest,Week3,Parliament,Week1,242.0 Pinecrest - 160.0 Parliament
Pinecrest,Week5,Parliament,Week1,233.0 Pinecrest - 169.0 Parliament
Pleasant Valley,Week2,Broyhill Crest,Week1,238.0 Pleasant Valley - 149.0 Broyhill Crest
Pinewood Lake,Week1,Truro,Week5,329.0 Truro - 57.0 Pinewood Lake
Pleasant Valley,Week1,Broyhill Crest,Week5,222.0 Pleasant Valley - 174.0 Broyhill Crest
Pinewood Lake,Week4,Truro,Week5,335.0 Truro - 61.0 Pinewood Lake
Pinecrest,Week3,Parliament,Week3,276.0 Pinecrest - 126.0 Parliament
Pinewood Lake,Week3,Long Branch,Week1,334.0 Long Branch - 56.0 Pinewood Lake
Pinewood Lake,Week2,Long Branch,Week1,314.0 Long Branch - 71.0 Pinewood Lake
Pinewood Lake,Week4,Greenbriar,Week1,366.0 Greenbriar - 35.0 Pinewood Lake
Pinewood Lake,Week5,Great Falls,Week4,313.0 Great Falls - 79.0 Pinewood Lake
Pinewood Lake,Week5,Little Rocky Run,Week3,374.0 Little Rocky Run - 27.0 Pinewood Lake
Pinewood Lake,Week2,Long Branch,Week4,342.0 Long Branch - 58.0 Pinewood Lake
Pinewood Lake,Week3,Dowden Terrace,Week2,352.0 Dowden Terrace - 50.0 Pinewood Lake
Pinecrest,Week5,Parliament,Week4,279.0 Pinecrest - 123.0 Parliament
Pinewood Lake,Week2,Cottontail,Week5,360.0 Cottontail - 42.0 Pinewood Lake
Pinewood Lake,Week1,Tuckahoe,Week3,381.0 Tuckahoe - 14.0 Pinewood Lake
Pinewood Lake,Week2,Canterbury Woods,Week5,327.0 Canterbury Woods - 62.0 Pinewood Lake
Pinewood Lake,Week1,Tuckahoe,Week5,381.0 Tuckahoe - 21.0 Pinewood Lake
Pinewood Lake,Week3,Canterbury Woods,Week5,335.0 Canterbury Woods - 58.0 Pinewood Lake
Pinecrest,Week2,Parliament,Week2,292.5 Pinecrest - 109.5 Parliament
Pleasant Valley,Week2,Broyhill Crest,Week2,262.0 Pleasant Valley - 131.0 Broyhill Crest
Pinewood Lake,Week4,Canterbury Woods,Week1,340.0 Canterbury Woods - 57.0 Pinewood Lake
Pleasant Valley,Week2,Broyhill Crest,Week4,243.0 Pleasant Valley - 153.0 Broyhill Crest
Pinewood Lake,Week5,Lakevale Estates,Week2,376.0 Lakevale Estates - 25.0 Pinewood Lake
Pinewood Lake,Week4,Commonwealth,Week2,339.0 Commonwealth - 55.0 Pinewood Lake
Pinewood Lake,Week2,Long Branch,Week5,343.0 Long Branch - 57.0 Pinewood Lake
Pinewood Lake,Week4,Lakevale Estates,Week3,366.0 Lakevale Estates - 31.0 Pinewood Lake
Pleasant Valley,Week2,Broyhill Crest,Week3,262.0 Pleasant Valley - 132.0 Broyhill Crest
Pinewood Lake,Week2,Commonwealth,Week5,338.0 Commonwealth - 56.0 Pinewood Lake
Pinewood Lake,Week3,Lakevale Estates,Week5,380.0 Lakevale Estates - 21.0 Pinewood Lake
Pinewood Lake,Week5,Dowden Terrace,Week1,337.0 Dowden Terrace - 58.0 Pinewood Lake
Pinecrest,Week1,Parliament,Week2,282.0 Pinecrest - 120.0 Parliament
Pinewood Lake,Week5,Greenbriar,Week3,355.0 Greenbriar - 46.0 Pinewood Lake
Pinewood Lake,Week2,Truro,Week4,352.0 Truro - 41.0 Pinewood Lake
Pinecrest,Week1,Parliament,Week4,278.5 Pinecrest - 123.5 Parliament
Pinewood Lake,Week2,Tuckahoe,Week1,382.0 Tuckahoe - 18.0 Pinewood Lake
Pinewood Lake,Week1,Dowden Terrace,Week5,362.0 Dowden Terrace - 39.0 Pinewood Lake
Pinewood Lake,Week4,Canterbury Woods,Week3,349.0 Canterbury Woods - 52.0 Pinewood Lake
Pinewood Lake,Week5,Sully Station II,Week3,366.0 Sully Station II - 35.0 Pinewood Lake
Pinecrest,Week5,Parklawn,Week5,309.0 Pinecrest - 89.0 Parklawn
Pinewood Lake,Week5,Lakevale Estates,Week5,375.0 Lakevale Estates - 27.0 Pinewood Lake
Pinewood Lake,Week3,Dowden Terrace,Week5,365.0 Dowden Terrace - 37.0 Pinewood Lake
Pinewood Lake,Week1,Long Branch,Week1,321.0 Long Branch - 63.0 Pinewood Lake
Pinewood Lake,Week4,Commonwealth,Week4,317.0 Commonwealth - 62.0 Pinewood Lake
Pinewood Lake,Week5,Greenbriar,Week2,356.0 Greenbriar - 41.0 Pinewood Lake
Pinewood Lake,Week1,Greenbriar,Week2,364.0 Greenbriar - 32.0 Pinewood Lake
Pinecrest,Week3,Parliament,Week4,288.0 Pinecrest - 114.0 Parliament
Pinewood Lake,Week3,Long Branch,Week3,337.0 Long Branch - 61.0 Pinewood Lake
Pinewood Lake,Week2,Lakevale Estates,Week3,365.0 Lakevale Estates - 27.0 Pinewood Lake
Pleasant Valley,Week3,Broyhill Crest,Week1,257.0 Pleasant Valley - 138.0 Broyhill Crest
Pinewood Lake,Week2,Hamlet,Week1,382.0 Hamlet - 18.0 Pinewood Lake
Pinewood Lake,Week3,Truro,Week1,344.0 Truro - 49.0 Pinewood Lake
Pleasant Valley,Week3,Broyhill Crest,Week2,278.0 Pleasant Valley - 119.0 Broyhill Crest
Pleasant Valley,Week4,Broyhill Crest,Week1,205.0 Pleasant Valley - 174.0 Broyhill Crest
Pinewood Lake,Week5,Dowden Terrace,Week4,344.0 Dowden Terrace - 57.0 Pinewood Lake
Pinewood Lake,Week5,Commonwealth,Week3,324.0 Commonwealth - 67.0 Pinewood Lake
Pinewood Lake,Week3,Long Branch,Week4,347.0 Long Branch - 53.0 Pinewood Lake
Pinewood Lake,Week4,Canterbury Woods,Week5,333.0 Canterbury Woods - 60.0 Pinewood Lake
Pinewood Lake,Week4,Cardinal Hill,Week3,370.0 Cardinal Hill - 30.0 Pinewood Lake
Pinewood Lake,Week4,Lakevale Estates,Week5,374.0 Lakevale Estates - 28.0 Pinewood Lake
Pinewood Lake,Week3,Commonwealth,Week2,350.0 Commonwealth - 42.0 Pinewood Lake
Pinewood Lake,Week4,Dowden Terrace,Week2,342.0 Dowden Terrace - 60.0 Pinewood Lake
Pleasant Valley,Week5,Broyhill Crest,Week1,227.0 Pleasant Valley - 151.0 Broyhill Crest
Pinewood Lake,Week1,Dunn Loring,Week1,378.0 Dunn Loring - 18.0 Pinewood Lake
Pinewood Lake,Week5,Commonwealth,Week5,328.0 Commonwealth - 71.0 Pinewood Lake
Pinewood Lake,Week1,Dowden Terrace,Week4,352.0 Dowden Terrace - 43.0 Pinewood Lake
Pinewood Lake,Week2,Greenbriar,Week1,365.0 Greenbriar - 36.0 Pinewood Lake
Pinewood Lake,Week2,Dunn Loring,Week3,388.0 Dunn Loring - 14.0 Pinewood Lake
Pinewood Lake,Week1,Cardinal Hill,Week2,361.0 Cardinal Hill - 35.0 Pinewood Lake
Pinewood Lake,Week1,Long Branch,Week2,329.0 Long Branch - 71.0 Pinewood Lake
Pinewood Lake,Week5,Sully Station II,Week4,355.0 Sully Station II - 43.0 Pinewood Lake
Pleasant Valley,Week1,Burke Station,Week3,246.0 Burke Station - 147.0 Pleasant Valley
Pinewood Lake,Week3,Greenbriar,Week5,366.0 Greenbriar - 30.0 Pinewood Lake
Pinecrest,Week1,Parliament,Week3,266.0 Pinecrest - 136.0 Parliament
Pinewood Lake,Week3,Greenbriar,Week3,379.0 Greenbriar - 20.0 Pinewood Lake
Pinewood Lake,Week2,Lakevale Estates,Week1,372.0 Lakevale Estates - 25.0 Pinewood Lake
Pleasant Valley,Week3,Broyhill Crest,Week4,257.0 Pleasant Valley - 141.0 Broyhill Crest
Pinewood Lake,Week3,Truro,Week5,337.0 Truro - 56.0 Pinewood Lake
Pinewood Lake,Week1,Lakevale Estates,Week5,366.0 Lakevale Estates - 35.0 Pinewood Lake
Pinewood Lake,Week5,Cardinal Hill,Week3,364.0 Cardinal Hill - 37.0 Pinewood Lake
Pinewood Lake,Week3,Truro,Week4,350.0 Truro - 43.0 Pinewood Lake
Pinewood Lake,Week4,Long Branch,Week3,329.0 Long Branch - 70.0 Pinewood Lake
Pinewood Lake,Week5,Dowden Terrace,Week5,355.0 Dowden Terrace - 47.0 Pinewood Lake
Pinewood Lake,Week1,Cardinal Hill,Week3,373.0 Cardinal Hill - 28.0 Pinewood Lake
Pinewood Lake,Week1,Lakeview,Week1,321.0 Lakeview - 74.0 Pinewood Lake
Pinewood Lake,Week5,Long Branch,Week2,318.0 Long Branch - 81.0 Pinewood Lake
Pinewood Lake,Week1,Greenbriar,Week4,360.0 Greenbriar - 41.0 Pinewood Lake
Pinewood Lake,Week1,Truro,Week2,323.0 Truro - 56.0 Pinewood Lake
Pinewood Lake,Week2,Mansion House,Week2,352.0 Mansion House - 44.0 Pinewood Lake
Pinewood Lake,Week2,Greenbriar,Week2,365.0 Greenbriar - 32.0 Pinewood Lake
Pinewood Lake,Week2,Cottontail,Week4,346.0 Cottontail - 51.0 Pinewood Lake
Pinewood Lake,Week2,Truro,Week2,319.0 Truro - 63.0 Pinewood Lake
Pleasant Valley,Week1,Burke Station,Week2,227.0 Burke Station - 165.0 Pleasant Valley
Pinewood Lake,Week2,Dunn Loring,Week4,386.0 Dunn Loring - 15.0 Pinewood Lake
Pinewood Lake,Week5,Cardinal Hill,Week1,366.0 Cardinal Hill - 35.0 Pinewood Lake
Pinewood Lake,Week5,Cardinal Hill,Week5,357.0 Cardinal Hill - 43.0 Pinewood Lake
Pinewood Lake,Week4,Lakevale Estates,Week1,370.0 Lakevale Estates - 27.0 Pinewood Lake
Pinewood Lake,Week5,Long Branch,Week5,339.0 Long Branch - 61.0 Pinewood Lake
Pinewood Lake,Week3,Commonwealth,Week5,344.0 Commonwealth - 48.0 Pinewood Lake
Pinewood Lake,Week5,Commonwealth,Week4,319.0 Commonwealth - 64.0 Pinewood Lake
Pinewood Lake,Week1,Lakeview,Week2,330.0 Lakeview - 65.0 Pinewood Lake
Pinewood Lake,Week5,Truro,Week1,340.0 Truro - 57.0 Pinewood Lake
Pinewood Lake,Week4,Lakevale Estates,Week4,379.0 Lakevale Estates - 22.0 Pinewood Lake
Pinewood Lake,Week1,Mansion House,Week2,353.0 Mansion House - 43.0 Pinewood Lake
Pinewood Lake,Week2,Dowden Terrace,Week5,365.0 Dowden Terrace - 37.0 Pinewood Lake
Pleasant Valley,Week4,Broyhill Crest,Week3,223.0 Pleasant Valley - 165.0 Broyhill Crest
Pinewood Lake,Week1,Truro,Week3,339.0 Truro - 52.0 Pinewood Lake
Pinewood Lake,Week5,Commonwealth,Week2,334.0 Commonwealth - 62.0 Pinewood Lake
Pinewood Lake,Week2,Truro,Week5,330.0 Truro - 58.0 Pinewood Lake
Pleasant Valley,Week5,Broyhill Crest,Week5,221.5 Pleasant Valley - 171.5 Broyhill Crest
Pinewood Lake,Week2,Cardinal Hill,Week3,377.0 Cardinal Hill - 25.0 Pinewood Lake
Pinewood Lake,Week1,Lakeview,Week5,328.0 Lakeview - 55.0 Pinewood Lake
Pinewood Lake,Week2,Dowden Terrace,Week1,343.0 Dowden Terrace - 52.0 Pinewood Lake
Pinewood Lake,Week3,Commonwealth,Week1,297.0 Commonwealth - 73.0 Pinewood Lake
Pleasant Valley,Week1,Burke Station,Week5,263.0 Burke Station - 138.0 Pleasant Valley
Pinewood Lake,Week5,Canterbury Woods,Week2,314.0 Canterbury Woods - 85.0 Pinewood Lake
Pleasant Valley,Week4,Broyhill Crest,Week5,198.0 Broyhill Crest - 191.0 Pleasant Valley
Pinewood Lake,Week4,Truro,Week4,351.0 Truro - 42.0 Pinewood Lake
Pinewood Lake,Week2,Mansion House,Week4,352.0 Mansion House - 40.0 Pinewood Lake
Pinewood Lake,Week3,Truro,Week2,327.0 Truro - 58.0 Pinewood Lake
Pinewood Lake,Week2,Mansion House,Week3,365.0 Mansion House - 37.0 Pinewood Lake
Pinewood Lake,Week3,Greenbriar,Week1,365.0 Greenbriar - 36.0 Pinewood Lake
Pleasant Valley,Week2,Burke Station,Week1,224.0 Burke Station - 145.0 Pleasant Valley
Pinewood Lake,Week4,Commonwealth,Week1,294.0 Commonwealth - 80.0 Pinewood Lake
Pinewood Lake,Week3,Lakevale Estates,Week4,385.0 Lakevale Estates - 16.0 Pinewood Lake
Pinewood Lake,Week2,Dowden Terrace,Week2,353.0 Dowden Terrace - 49.0 Pinewood Lake
Pinewood Lake,Week2,Commonwealth,Week4,325.0 Commonwealth - 54.0 Pinewood Lake
Pinewood Lake,Week5,Greenbriar,Week4,352.0 Greenbriar - 49.0 Pinewood Lake
Pinewood Lake,Week2,Mantua,Week2,378.5 Mantua - 13.5 Pinewood Lake
Pinewood Lake,Week3,Cardinal Hill,Week3,376.0 Cardinal Hill - 24.0 Pinewood Lake
Pinewood Lake,Week2,Dowden Terrace,Week4,354.0 Dowden Terrace - 42.0 Pinewood Lake
Pinewood Lake,Week2,Commonwealth,Week2,346.0 Commonwealth - 46.0 Pinewood Lake
Pinewood Lake,Week3,Dowden Terrace,Week3,369.0 Dowden Terrace - 32.0 Pinewood Lake
Pinewood Lake,Week2,Cardinal Hill,Week4,372.0 Cardinal Hill - 30.0 Pinewood Lake
Pinewood Lake,Week2,Greenbriar,Week3,365.0 Greenbriar - 34.0 Pinewood Lake
Pinewood Lake,Week5,Greenbriar,Week5,353.0 Greenbriar - 45.0 Pinewood Lake
Pinewood Lake,Week3,Lakevale Estates,Week3,375.0 Lakevale Estates - 22.0 Pinewood Lake
Pinewood Lake,Week1,Cottontail,Week1,356.0 Cottontail - 45.0 Pinewood Lake
Pinewood Lake,Week2,Lakeview,Week2,311.0 Lakeview - 84.0 Pinewood Lake
Pinewood Lake,Week3,Cardinal Hill,Week1,378.0 Cardinal Hill - 23.0 Pinewood Lake
Pinewood Lake,Week2,Lakeview,Week5,317.0 Lakeview - 66.0 Pinewood Lake
Pinewood Lake,Week1,Dunn Loring,Week2,382.0 Dunn Loring - 20.0 Pinewood Lake
Pinewood Lake,Week3,Commonwealth,Week4,329.0 Commonwealth - 50.0 Pinewood Lake
Pinewood Lake,Week2,Greenbriar,Week5,362.0 Greenbriar - 34.0 Pinewood Lake
Pleasant Valley,Week2,Burke Station,Week3,242.0 Burke Station - 149.0 Pleasant Valley
Pinewood Lake,Week1,Dunn Loring,Week5,384.0 Dunn Loring - 17.0 Pinewood Lake
Pinewood Lake,Week1,Cardinal Hill,Week4,371.0 Cardinal Hill - 31.0 Pinewood Lake
Pinewood Lake,Week3,Mansion House,Week3,373.0 Mansion House - 29.0 Pinewood Lake
Pleasant Valley,Week4,Broyhill Crest,Week4,204.0 Pleasant Valley - 183.0 Broyhill Crest
Pinewood Lake,Week1,Cottontail,Week2,350.0 Cottontail - 52.0 Pinewood Lake
Pinewood Lake,Week2,Truro,Week3,340.0 Truro - 51.0 Pinewood Lake
Pleasant Valley,Week2,Burke Station,Week4,236.0 Burke Station - 163.0 Pleasant Valley
Pinewood Lake,Week2,Mansion House,Week1,361.0 Mansion House - 35.0 Pinewood Lake
Pinewood Lake,Week3,Cardinal Hill,Week5,367.0 Cardinal Hill - 33.0 Pinewood Lake
Pinewood Lake,Week1,Dunn Loring,Week4,377.0 Dunn Loring - 23.0 Pinewood Lake
Pinewood Lake,Week3,Greenbriar,Week2,369.0 Greenbriar - 27.0 Pinewood Lake
Pinewood Lake,Week4,Truro,Week2,317.0 Truro - 76.0 Pinewood Lake
Pinewood Lake,Week4,Mansion House,Week2,343.0 Mansion House - 58.0 Pinewood Lake
Pinewood Lake,Week4,Truro,Week1,350.0 Truro - 44.0 Pinewood Lake
Pinewood Lake,Week4,Mansion House,Week1,355.0 Mansion House - 46.0 Pinewood Lake
Pinewood Lake,Week4,Greenbriar,Week5,361.0 Greenbriar - 34.0 Pinewood Lake
Pinewood Lake,Week1,Langley,Week5,361.0 Langley - 39.0 Pinewood Lake
Pinewood Lake,Week4,Mansion House,Week5,368.0 Mansion House - 33.0 Pinewood Lake
Pinewood Lake,Week5,Hamlet,Week1,375.0 Hamlet - 26.0 Pinewood Lake
Pinewood Lake,Week2,Hayfield Farm,Week1,370.5 Hayfield Farm - 28.5 Pinewood Lake
Pinewood Lake,Week3,Cardinal Hill,Week2,366.0 Cardinal Hill - 34.0 Pinewood Lake
Pinewood Lake,Week2,Truro,Week1,343.0 Truro - 51.0 Pinewood Lake
Pinewood Lake,Week5,Canterbury Woods,Week5,323.0 Canterbury Woods - 70.0 Pinewood Lake
Pinewood Lake,Week3,Cottontail,Week3,350.0 Cottontail - 51.0 Pinewood Lake
Pinewood Lake,Week1,Mantua,Week1,361.0 Mantua - 26.0 Pinewood Lake
Pinewood Lake,Week5,Lakeview,Week2,309.0 Lakeview - 90.0 Pinewood Lake
Pinewood Lake,Week3,Lakeview,Week1,317.0 Lakeview - 79.0 Pinewood Lake
Pinewood Lake,Week3,Lakeview,Week2,326.0 Lakeview - 69.0 Pinewood Lake
Pinewood Lake,Week4,Truro,Week3,343.0 Truro - 47.0 Pinewood Lake
Pleasant Valley,Week3,Burke Station,Week2,211.0 Burke Station - 188.0 Pleasant Valley
Pinewood Lake,Week3,Cottontail,Week2,354.0 Cottontail - 47.0 Pinewood Lake
Pinewood Lake,Week1,Fair Oaks ,Week1,369.0 Fair Oaks - 31.0 Pinewood Lake
Pinewood Lake,Week1,Cardinal Hill,Week5,360.0 Cardinal Hill - 39.0 Pinewood Lake
Pinewood Lake,Week5,Dunn Loring,Week1,369.0 Dunn Loring - 32.0 Pinewood Lake
Pinewood Lake,Week3,Cottontail,Week4,353.0 Cottontail - 44.0 Pinewood Lake
Pinewood Lake,Week2,Lakeview,Week4,330.0 Lakeview - 69.0 Pinewood Lake
Pinewood Lake,Week5,Canterbury Woods,Week1,328.0 Canterbury Woods - 69.0 Pinewood Lake
Pinewood Lake,Week1,Hamlet,Week5,380.0 Hamlet - 22.0 Pinewood Lake
Pinewood Lake,Week1,Hamlet,Week3,376.0 Hamlet - 25.0 Pinewood Lake
Pinewood Lake,Week1,Fair Oaks ,Week2,355.0 Fair Oaks - 40.0 Pinewood Lake
Pleasant Valley,Week3,Burke Station,Week1,204.0 Burke Station - 173.0 Pleasant Valley
Pinewood Lake,Week2,Dunn Loring,Week5,383.0 Dunn Loring - 17.0 Pinewood Lake
Pinewood Lake,Week1,Truro,Week4,352.0 Truro - 43.0 Pinewood Lake
Pleasant Valley,Week5,Broyhill Crest,Week3,243.0 Pleasant Valley - 147.0 Broyhill Crest
Pinewood Lake,Week2,Lakeview,Week3,328.0 Lakeview - 71.0 Pinewood Lake
Pinewood Lake,Week5,Truro,Week2,317.0 Truro - 76.0 Pinewood Lake
Pinewood Lake,Week1,Hamlet,Week1,370.0 Hamlet - 25.0 Pinewood Lake
Pleasant Valley,Week3,Broyhill Crest,Week5,230.0 Pleasant Valley - 171.0 Broyhill Crest
Pinewood Lake,Week1,Mansion House,Week3,369.0 Mansion House - 33.0 Pinewood Lake
Pinewood Lake,Week2,Dunn Loring,Week2,390.0 Dunn Loring - 12.0 Pinewood Lake
Pinewood Lake,Week2,Cottontail,Week1,355.0 Cottontail - 46.0 Pinewood Lake
Pinewood Lake,Week2,Cardinal Hill,Week1,380.0 Cardinal Hill - 21.0 Pinewood Lake
Pinewood Lake,Week1,Country Club Hills,Week1,360.0 Country Club Hills - 35.0 Pinewood Lake
Pinewood Lake,Week4,Mansion House,Week4,347.0 Mansion House - 49.0 Pinewood Lake
Pinewood Lake,Week5,Sully Station II,Week5,374.0 Sully Station II - 28.0 Pinewood Lake
Pleasant Valley,Week2,Burke Station,Week5,257.0 Burke Station - 144.0 Pleasant Valley
Pinewood Lake,Week4,Country Club Hills,Week3,354.0 Country Club Hills - 44.0 Pinewood Lake
Pinewood Lake,Week4,Mansion House,Week3,368.0 Mansion House - 34.0 Pinewood Lake
Pinewood Lake,Week4,Cottontail,Week1,358.0 Cottontail - 43.0 Pinewood Lake
Pinewood Lake,Week2,Mantua,Week1,363.5 Mantua - 22.5 Pinewood Lake
Pinewood Lake,Week3,Mansion House,Week5,376.0 Mansion House - 25.0 Pinewood Lake
Pinewood Lake,Week1,Fair Oaks ,Week4,365.5 Fair Oaks - 28.5 Pinewood Lake
Pinewood Lake,Week4,Lakeview,Week5,319.0 Lakeview - 68.0 Pinewood Lake
Pinewood Lake,Week1,Tuckahoe,Week4,387.0 Tuckahoe - 13.0 Pinewood Lake
Pleasant Valley,Week2,Burke Station,Week2,222.0 Burke Station - 169.0 Pleasant Valley
Pleasant Valley,Week4,Broyhill Crest,Week2,233.0 Pleasant Valley - 151.0 Broyhill Crest
Pinewood Lake,Week4,Lakeview,Week3,330.0 Lakeview - 66.0 Pinewood Lake
Pleasant Valley,Week1,Burke Station,Week4,239.0 Burke Station - 161.0 Pleasant Valley
Pinewood Lake,Week3,Hayfield Farm,Week2,378.0 Hayfield Farm - 24.0 Pinewood Lake
Pleasant Valley,Week5,Broyhill Crest,Week2,245.0 Pleasant Valley - 138.0 Broyhill Crest
Pinewood Lake,Week2,Country Club Hills,Week4,358.0 Country Club Hills - 44.0 Pinewood Lake
Pinewood Lake,Week5,Lakeview,Week5,303.0 Lakeview - 86.0 Pinewood Lake
Pinewood Lake,Week1,Tuckahoe,Week2,384.0 Tuckahoe - 18.0 Pinewood Lake
Pinewood Lake,Week4,Cardinal Hill,Week2,365.0 Cardinal Hill - 35.0 Pinewood Lake
Pinewood Lake,Week4,Lakeview,Week1,316.0 Lakeview - 80.0 Pinewood Lake
Pinewood Lake,Week5,Truro,Week5,330.0 Truro - 65.0 Pinewood Lake
Pinewood Lake,Week5,Truro,Week4,343.0 Truro - 51.0 Pinewood Lake
Pinewood Lake,Week2,Fair Oaks ,Week3,372.0 Fair Oaks - 28.0 Pinewood Lake
Pinewood Lake,Week3,Mansion House,Week4,352.0 Mansion House - 45.0 Pinewood Lake
Pinewood Lake,Week3,Hamlet,Week5,391.0 Hamlet - 11.0 Pinewood Lake
Pinewood Lake,Week5,Lakeview,Week4,324.0 Lakeview - 74.0 Pinewood Lake
Pinewood Lake,Week4,Dunn Loring,Week4,393.0 Dunn Loring - 8.0 Pinewood Lake
Pinewood Lake,Week5,Mansion House,Week1,346.0 Mansion House - 55.0 Pinewood Lake
Pinewood Lake,Week2,Cardinal Hill,Week5,363.0 Cardinal Hill - 37.0 Pinewood Lake
Pinewood Lake,Week3,Dunn Loring,Week1,387.0 Dunn Loring - 14.0 Pinewood Lake
Pinewood Lake,Week3,Hamlet,Week3,387.0 Hamlet - 12.0 Pinewood Lake
Pinewood Lake,Week5,Hamlet,Week5,384.0 Hamlet - 18.0 Pinewood Lake
Pinewood Lake,Week2,Hayfield Farm,Week3,362.0 Hayfield Farm - 30.0 Pinewood Lake
Pinewood Lake,Week2,Cardinal Hill,Week2,366.0 Cardinal Hill - 29.0 Pinewood Lake
Pinewood Lake,Week4,Cardinal Hill,Week1,376.0 Cardinal Hill - 25.0 Pinewood Lake
Pinewood Lake,Week5,Cottontail,Week1,354.0 Cottontail - 47.0 Pinewood Lake
Pinewood Lake,Week1,Cardinal Hill,Week1,378.0 Cardinal Hill - 23.0 Pinewood Lake
Pinewood Lake,Week1,Langley,Week1,373.0 Langley - 29.0 Pinewood Lake
Pinewood Lake,Week3,Country Club Hills,Week3,359.0 Country Club Hills - 38.0 Pinewood Lake
Pinewood Lake,Week4,Hamlet,Week3,385.0 Hamlet - 15.0 Pinewood Lake
Pinewood Lake,Week3,Lakeview,Week4,343.0 Lakeview - 56.0 Pinewood Lake
Pinewood Lake,Week5,Mansion House,Week2,340.0 Mansion House - 61.0 Pinewood Lake
Pinewood Lake,Week5,Lakeview,Week3,314.0 Lakeview - 84.0 Pinewood Lake
Pinewood Lake,Week4,Dunn Loring,Week1,373.0 Dunn Loring - 28.0 Pinewood Lake
Pleasant Valley,Week1,Camelot,Week2,256.0 Camelot - 142.0 Pleasant Valley
Pinewood Lake,Week5,Canterbury Woods,Week3,340.0 Canterbury Woods - 60.0 Pinewood Lake
Pleasant Valley,Week4,Burke Station,Week4,247.0 Burke Station - 146.0 Pleasant Valley
Pinewood Lake,Week2,Hamlet,Week4,381.0 Hamlet - 21.0 Pinewood Lake
Pinewood Lake,Week5,Cottontail,Week2,354.0 Cottontail - 47.0 Pinewood Lake
Pinewood Lake,Week3,Cardinal Hill,Week4,375.0 Cardinal Hill - 27.0 Pinewood Lake
Pinewood Lake,Week3,Mansion House,Week2,352.0 Mansion House - 48.0 Pinewood Lake
Pinewood Lake,Week5,Canterbury Woods,Week4,343.0 Canterbury Woods - 56.0 Pinewood Lake
Pinewood Lake,Week2,Tuckahoe,Week5,380.0 Tuckahoe - 20.0 Pinewood Lake
Pleasant Valley,Week1,Burke Station,Week1,222.0 Burke Station - 148.0 Pleasant Valley
Pinewood Lake,Week2,Tuckahoe,Week4,388.0 Tuckahoe - 12.0 Pinewood Lake
Pinewood Lake,Week1,Vienna Aquatic,Week4,378.0 Vienna Aquatic - 17.0 Pinewood Lake
Pinewood Lake,Week1,Mansion House,Week4,355.0 Mansion House - 31.0 Pinewood Lake
Pinewood Lake,Week3,Dunn Loring,Week3,391.0 Dunn Loring - 11.0 Pinewood Lake
Pinewood Lake,Week2,Country Club Hills,Week1,358.0 Country Club Hills - 38.0 Pinewood Lake
Pinewood Lake,Week4,Hamlet,Week4,379.0 Hamlet - 23.0 Pinewood Lake
Pinewood Lake,Week1,Fair Oaks ,Week3,373.0 Fair Oaks - 27.0 Pinewood Lake
Pleasant Valley,Week5,Broyhill Crest,Week4,237.0 Pleasant Valley - 152.0 Broyhill Crest
Pinewood Lake,Week3,Tuckahoe,Week2,389.0 Tuckahoe - 13.0 Pinewood Lake
Pinewood Lake,Week1,Country Club Hills,Week3,359.0 Country Club Hills - 38.0 Pinewood Lake
Pinewood Lake,Week3,Vienna Aquatic,Week1,384.0 Vienna Aquatic - 16.0 Pinewood Lake
Pinewood Lake,Week2,Country Club Hills,Week2,359.0 Country Club Hills - 41.0 Pinewood Lake
Pinewood Lake,Week1,Langley,Week3,366.0 Langley - 34.0 Pinewood Lake
Pinewood Lake,Week4,Dunn Loring,Week2,392.0 Dunn Loring - 10.0 Pinewood Lake
Pinewood Lake,Week1,Fair Oaks ,Week5,365.0 Fair Oaks - 37.0 Pinewood Lake
Pinewood Lake,Week3,Hamlet,Week4,384.0 Hamlet - 18.0 Pinewood Lake
Pinewood Lake,Week4,Cottontail,Week2,352.0 Cottontail - 49.0 Pinewood Lake
Pinewood Lake,Week4,Lakeview,Week4,332.0 Lakeview - 64.0 Pinewood Lake
Pinewood Lake,Week5,Mansion House,Week3,359.0 Mansion House - 43.0 Pinewood Lake
Pinewood Lake,Week3,Hamlet,Week2,392.0 Hamlet - 10.0 Pinewood Lake
Pinewood Lake,Week1,Langley,Week2,362.0 Langley - 36.0 Pinewood Lake
Pinewood Lake,Week4,Cardinal Hill,Week4,370.0 Cardinal Hill - 32.0 Pinewood Lake
Pinewood Lake,Week1,Hayfield Farm,Week3,359.0 Hayfield Farm - 34.0 Pinewood Lake
Pinewood Lake,Week4,Tuckahoe,Week5,388.0 Tuckahoe - 12.0 Pinewood Lake
Pinewood Lake,Week4,Cardinal Hill,Week5,361.0 Cardinal Hill - 37.0 Pinewood Lake
Pinewood Lake,Week1,Mantua,Week2,370.0 Mantua - 22.0 Pinewood Lake
Pinewood Lake,Week2,Fair Oaks ,Week1,366.0 Fair Oaks - 35.0 Pinewood Lake
Pinewood Lake,Week4,Country Club Hills,Week4,353.0 Country Club Hills - 49.0 Pinewood Lake
Pleasant Valley,Week1,Kings Ridge ,Week3,239.0 Kings Ridge - 162.0 Pleasant Valley
Pleasant Valley,Week5,Burke Station,Week2,220.0 Burke Station - 173.0 Pleasant Valley
Pinewood Lake,Week4,Lakeview,Week2,320.0 Lakeview - 77.0 Pinewood Lake
Pleasant Valley,Week4,Camelot,Week3,265.0 Camelot - 128.0 Pleasant Valley
Pinewood Lake,Week2,Langley,Week3,372.0 Langley - 29.0 Pinewood Lake
Pinewood Lake,Week5,Tuckahoe,Week5,386.0 Tuckahoe - 15.0 Pinewood Lake
Pinewood Lake,Week1,Hayfield Farm,Week2,367.5 Hayfield Farm - 34.5 Pinewood Lake
Pinewood Lake,Week2,Mansion House,Week5,375.0 Mansion House - 26.0 Pinewood Lake
Pinewood Lake,Week3,Dunn Loring,Week4,390.0 Dunn Loring - 11.0 Pinewood Lake
Pinewood Lake,Week5,Dunn Loring,Week3,383.0 Dunn Loring - 19.0 Pinewood Lake
Pleasant Valley,Week4,Burke Station,Week2,258.0 Burke Station - 127.0 Pleasant Valley
Pinewood Lake,Week2,Hamlet,Week5,389.0 Hamlet - 13.0 Pinewood Lake
Pinewood Lake,Week4,Country Club Hills,Week1,355.0 Country Club Hills - 41.0 Pinewood Lake
Pleasant Valley,Week5,Burke Station,Week1,219.0 Burke Station - 156.0 Pleasant Valley
Pinewood Lake,Week4,Tuckahoe,Week4,391.0 Tuckahoe - 9.0 Pinewood Lake
Pinewood Lake,Week1,Mantua,Week4,380.0 Mantua - 22.0 Pinewood Lake
Pinewood Lake,Week5,Mansion House,Week4,347.0 Mansion House - 50.0 Pinewood Lake
Pinewood Lake,Week5,Cardinal Hill,Week2,358.0 Cardinal Hill - 43.0 Pinewood Lake
Pinewood Lake,Week5,Cardinal Hill,Week4,365.5 Cardinal Hill - 36.5 Pinewood Lake
Pinewood Lake,Week3,Country Club Hills,Week5,367.0 Country Club Hills - 33.0 Pinewood Lake
Pinewood Lake,Week5,Arlington Forest,Week3,354.0 Arlington Forest - 47.0 Pinewood Lake
Pleasant Valley,Week3,Burke Station,Week3,222.0 Burke Station - 174.0 Pleasant Valley
Pinewood Lake,Week5,Hamlet,Week3,376.0 Hamlet - 24.0 Pinewood Lake
Pleasant Valley,Week4,Kent Gardens,Week4,312.0 Kent Gardens - 89.0 Pleasant Valley
Pinewood Lake,Week4,Arlington Forest,Week2,366.0 Arlington Forest - 35.0 Pinewood Lake
Pinewood Lake,Week5,Dunn Loring,Week5,376.0 Dunn Loring - 25.0 Pinewood Lake
Pinewood Lake,Week3,Arlington Forest,Week4,379.0 Arlington Forest - 21.0 Pinewood Lake
Pinewood Lake,Week1,Mansion House,Week5,369.0 Mansion House - 32.0 Pinewood Lake
Pleasant Valley,Week2,Camelot,Week1,263.0 Camelot - 138.0 Pleasant Valley
Pinewood Lake,Week5,Tuckahoe,Week4,391.0 Tuckahoe - 9.0 Pinewood Lake
Pleasant Valley,Week3,Burke Station,Week5,231.0 Burke Station - 171.0 Pleasant Valley
Pinewood Lake,Week3,Hamlet,Week1,383.0 Hamlet - 17.0 Pinewood Lake
Pleasant Valley,Week3,Kings Ridge ,Week4,240.0 Kings Ridge - 162.0 Pleasant Valley
Pinewood Lake,Week4,Dunn Loring,Week3,394.0 Dunn Loring - 8.0 Pinewood Lake
Pinewood Lake,Week3,Arlington Forest,Week3,369.0 Arlington Forest - 33.0 Pinewood Lake
Pinewood Lake,Week5,Lakeview,Week1,296.0 Lakeview - 104.0 Pinewood Lake
Pleasant Valley,Week1,Kings Ridge ,Week2,222.0 Kings Ridge - 180.0 Pleasant Valley
Pinewood Lake,Week2,Vienna Aquatic,Week2,383.0 Vienna Aquatic - 19.0 Pinewood Lake
Pinewood Lake,Week3,Langley,Week4,376.0 Langley - 21.0 Pinewood Lake
Pinewood Lake,Week1,Vienna Aquatic,Week2,378.0 Vienna Aquatic - 24.0 Pinewood Lake
Pleasant Valley,Week5,Camelot,Week1,254.0 Camelot - 146.0 Pleasant Valley
Pinewood Lake,Week1,Country Club Hills,Week2,363.0 Country Club Hills - 37.0 Pinewood Lake
Pinewood Lake,Week3,Langley,Week2,373.0 Langley - 24.0 Pinewood Lake
Pinewood Lake,Week1,Mantua,Week3,385.0 Mantua - 16.0 Pinewood Lake
Pinewood Lake,Week3,Dunn Loring,Week2,392.0 Dunn Loring - 10.0 Pinewood Lake
Pinewood Lake,Week5,Mansion House,Week5,363.0 Mansion House - 38.0 Pinewood Lake
Pinewood Lake,Week2,Fair Oaks ,Week2,351.0 Fair Oaks - 44.0 Pinewood Lake
Pinewood Lake,Week4,Cottontail,Week3,346.0 Cottontail - 55.0 Pinewood Lake
Pinewood Lake,Week1,Vienna Aquatic,Week1,378.0 Vienna Aquatic - 22.0 Pinewood Lake
Pleasant Valley,Week2,Kings Ridge ,Week5,252.0 Kings Ridge - 150.0 Pleasant Valley
Pinewood Lake,Week5,Cottontail,Week3,338.0 Cottontail - 63.0 Pinewood Lake
Pinewood Lake,Week4,Hamlet,Week5,391.0 Hamlet - 11.0 Pinewood Lake
Pinewood Lake,Week2,Hamlet,Week3,378.0 Hamlet - 21.0 Pinewood Lake
Pinewood Lake,Week3,Mansion House,Week1,360.0 Mansion House - 41.0 Pinewood Lake
Pinewood Lake,Week2,Langley,Week5,368.0 Langley - 32.0 Pinewood Lake
Pinewood Lake,Week2,Langley,Week4,371.0 Langley - 27.0 Pinewood Lake
Pleasant Valley,Week5,Burke Station,Week3,242.0 Burke Station - 153.0 Pleasant Valley
Pinewood Lake,Week5,Arlington Forest,Week5,349.0 Arlington Forest - 52.0 Pinewood Lake
Pleasant Valley,Week4,Burke Station,Week5,273.0 Burke Station - 122.0 Pleasant Valley
Pinewood Lake,Week1,Mantua,Week5,382.0 Mantua - 19.0 Pinewood Lake
Pinewood Lake,Week2,Tuckahoe,Week2,389.0 Tuckahoe - 13.0 Pinewood Lake
Pinewood Lake,Week3,Dunn Loring,Week5,385.0 Dunn Loring - 15.0 Pinewood Lake
Pinewood Lake,Week3,Lakeview,Week5,322.0 Lakeview - 61.0 Pinewood Lake
Pinewood Lake,Week4,Dunn Loring,Week5,385.0 Dunn Loring - 15.0 Pinewood Lake
Pinewood Lake,Week3,Cottontail,Week5,366.0 Cottontail - 36.0 Pinewood Lake
Pleasant Valley,Week3,Kent Gardens,Week2,276.5 Kent Gardens - 125.5 Pleasant Valley
Pleasant Valley,Week5,Kent Gardens,Week3,280.0 Kent Gardens - 120.0 Pleasant Valley
Pinewood Lake,Week2,Mantua,Week3,391.0 Mantua - 10.0 Pinewood Lake
Pinewood Lake,Week1,Brandywine,Week2,353.0 Brandywine - 43.0 Pinewood Lake
Pinewood Lake,Week4,Tuckahoe,Week2,389.5 Tuckahoe - 12.5 Pinewood Lake
Pinewood Lake,Week3,Arlington Forest,Week1,374.0 Arlington Forest - 23.0 Pinewood Lake
Pinewood Lake,Week2,Hamlet,Week2,387.0 Hamlet - 15.0 Pinewood Lake
Pinewood Lake,Week2,Country Club Hills,Week3,355.0 Country Club Hills - 43.0 Pinewood Lake
Pinewood Lake,Week5,Dunn Loring,Week4,382.0 Dunn Loring - 19.0 Pinewood Lake
Pleasant Valley,Week5,Kent Gardens,Week5,330.0 Kent Gardens - 72.0 Pleasant Valley
Pleasant Valley,Week5,Burke Station,Week4,233.0 Burke Station - 165.0 Pleasant Valley
Pinewood Lake,Week5,Cottontail,Week4,340.0 Cottontail - 57.0 Pinewood Lake
Pinewood Lake,Week3,Tuckahoe,Week3,386.0 Tuckahoe - 14.0 Pinewood Lake
Pinewood Lake,Week5,Hamlet,Week4,373.0 Hamlet - 29.0 Pinewood Lake
Pinewood Lake,Week1,Langley,Week4,366.0 Langley - 34.0 Pinewood Lake
Pleasant Valley,Week5,Burke Station,Week5,253.0 Burke Station - 142.0 Pleasant Valley
Pinewood Lake,Week1,Brandywine,Week3,341.0 Brandywine - 35.0 Pinewood Lake
Pleasant Valley,Week2,Camelot,Week3,254.0 Camelot - 143.0 Pleasant Valley
Pinewood Lake,Week1,Brandywine,Week5,372.0 Brandywine - 29.0 Pinewood Lake
Pinewood Lake,Week2,Mantua,Week4,382.0 Mantua - 20.0 Pinewood Lake
Pinewood Lake,Week3,McLean,Week2,375.0 McLean - 24.0 Pinewood Lake
Pinewood Lake,Week5,Tuckahoe,Week3,384.0 Tuckahoe - 17.0 Pinewood Lake
Pleasant Valley,Week3,Kings Ridge ,Week1,222.0 Kings Ridge - 180.0 Pleasant Valley
Pleasant Valley,Week2,Camelot,Week5,271.0 Camelot - 130.0 Pleasant Valley
Pinewood Lake,Week2,Brandywine,Week2,355.0 Brandywine - 42.0 Pinewood Lake
Pinewood Lake,Week2,McLean,Week5,380.0 McLean - 20.0 Pinewood Lake
Pinewood Lake,Week3,Country Club Hills,Week2,365.0 Country Club Hills - 35.0 Pinewood Lake
Pinewood Lake,Week3,Country Club Hills,Week4,360.0 Country Club Hills - 42.0 Pinewood Lake
Pinewood Lake,Week1,Hayfield Farm,Week1,364.0 Hayfield Farm - 35.0 Pinewood Lake
Pinewood Lake,Week4,Cottontail,Week4,349.0 Cottontail - 48.0 Pinewood Lake
Pinewood Lake,Week5,Tuckahoe,Week1,381.0 Tuckahoe - 20.0 Pinewood Lake
Pleasant Valley,Week3,Burke Station,Week4,205.0 Burke Station - 196.0 Pleasant Valley
Pinewood Lake,Week4,Arlington Forest,Week5,362.0 Arlington Forest - 39.0 Pinewood Lake
Pinewood Lake,Week4,Langley,Week2,368.0 Langley - 28.0 Pinewood Lake
Pleasant Valley,Week5,Kent Gardens,Week2,291.0 Kent Gardens - 110.0 Pleasant Valley
Pinewood Lake,Week5,Arlington Forest,Week1,362.0 Arlington Forest - 35.0 Pinewood Lake
Pinewood Lake,Week3,Tuckahoe,Week1,388.0 Tuckahoe - 12.0 Pinewood Lake
Pinewood Lake,Week1,Country Club Hills,Week4,362.0 Country Club Hills - 35.0 Pinewood Lake
Pinewood Lake,Week4,Hamlet,Week1,385.0 Hamlet - 16.0 Pinewood Lake
Pinewood Lake,Week3,Langley,Week3,377.0 Langley - 23.0 Pinewood Lake
Pleasant Valley,Week3,Kent Gardens,Week4,277.0 Kent Gardens - 125.0 Pleasant Valley
Pinewood Lake,Week4,Langley,Week1,376.0 Langley - 24.0 Pinewood Lake
Pinewood Lake,Week5,Tuckahoe,Week2,384.0 Tuckahoe - 18.0 Pinewood Lake
Pleasant Valley,Week4,Burke Station,Week1,244.0 Burke Station - 125.0 Pleasant Valley
Pinewood Lake,Week5,Dunn Loring,Week2,383.0 Dunn Loring - 19.0 Pinewood Lake
Pinewood Lake,Week3,Country Club Hills,Week1,360.0 Country Club Hills - 36.0 Pinewood Lake
Pleasant Valley,Week4,Kent Gardens,Week1,335.0 Kent Gardens - 67.0 Pleasant Valley
Pinewood Lake,Week3,Langley,Week5,371.0 Langley - 29.0 Pinewood Lake
Pinewood Lake,Week2,Mantua,Week5,387.0 Mantua - 14.0 Pinewood Lake
Pinewood Lake,Week4,Hamlet,Week2,393.0 Hamlet - 9.0 Pinewood Lake
Pinewood Lake,Week1,McLean,Week5,371.0 McLean - 30.0 Pinewood Lake
Pinewood Lake,Week1,Hayfield Farm,Week4,368.0 Hayfield Farm - 34.0 Pinewood Lake
Pleasant Valley,Week2,Kent Gardens,Week5,325.0 Kent Gardens - 77.0 Pleasant Valley
Pinewood Lake,Week1,Hayfield Farm,Week5,371.0 Hayfield Farm - 31.0 Pinewood Lake
Pinewood Lake,Week3,Arlington Forest,Week2,367.0 Arlington Forest - 35.0 Pinewood Lake
Pinewood Lake,Week5,Hamlet,Week2,384.0 Hamlet - 18.0 Pinewood Lake
Pinewood Lake,Week3,Langley,Week1,377.0 Langley - 24.0 Pinewood Lake
Pinewood Lake,Week2,Tuckahoe,Week3,383.0 Tuckahoe - 17.0 Pinewood Lake
Pinewood Lake,Week4,Langley,Week3,373.0 Langley - 28.0 Pinewood Lake
Pleasant Valley,Week5,Kent Gardens,Week4,284.0 Kent Gardens - 117.0 Pleasant Valley
Pinewood Lake,Week3,McLean,Week4,373.0 McLean - 29.0 Pinewood Lake
Pinewood Lake,Week2,McLean,Week3,377.0 McLean - 18.0 Pinewood Lake
Pleasant Valley,Week1,Camelot,Week4,264.0 Camelot - 137.0 Pleasant Valley
Pinewood Lake,Week4,Tuckahoe,Week3,386.0 Tuckahoe - 15.0 Pinewood Lake
Pinewood Lake,Week5,Cottontail,Week5,364.0 Cottontail - 38.0 Pinewood Lake
Pleasant Valley,Week2,Kings Ridge ,Week1,237.0 Kings Ridge - 159.0 Pleasant Valley
Pinewood Lake,Week1,Vienna Aquatic,Week5,378.0 Vienna Aquatic - 18.0 Pinewood Lake
Pinewood Lake,Week2,Hayfield Farm,Week2,371.0 Hayfield Farm - 31.0 Pinewood Lake
Pleasant Valley,Week3,Camelot,Week2,244.0 Camelot - 158.0 Pleasant Valley
Pinewood Lake,Week3,Tuckahoe,Week4,388.0 Tuckahoe - 12.0 Pinewood Lake
Pinewood Lake,Week3,Hayfield Farm,Week5,373.0 Hayfield Farm - 28.0 Pinewood Lake
Pleasant Valley,Week5,Kent Gardens,Week1,304.0 Kent Gardens - 96.0 Pleasant Valley
Pinewood Lake,Week4,McLean,Week2,376.0 McLean - 24.0 Pinewood Lake
Pinewood Lake,Week1,Country Club Hills,Week5,366.0 Country Club Hills - 34.0 Pinewood Lake
Pinewood Lake,Week3,Hayfield Farm,Week1,370.0 Hayfield Farm - 29.0 Pinewood Lake
Pinewood Lake,Week2,Vienna Aquatic,Week3,380.0 Vienna Aquatic - 22.0 Pinewood Lake
Pinewood Lake,Week2,Hayfield Farm,Week5,366.0 Hayfield Farm - 35.0 Pinewood Lake
Pinewood Lake,Week5,Arlington Forest,Week2,357.0 Arlington Forest - 44.0 Pinewood Lake
Pinewood Lake,Week2,Langley,Week2,368.0 Langley - 29.0 Pinewood Lake
Pinewood Lake,Week4,Arlington Forest,Week4,375.0 Arlington Forest - 25.0 Pinewood Lake
Pleasant Valley,Week4,Kent Gardens,Week3,304.0 Kent Gardens - 96.0 Pleasant Valley
Pinewood Lake,Week1,McLean,Week1,365.0 McLean - 32.0 Pinewood Lake
Pinewood Lake,Week2,Hayfield Farm,Week4,372.0 Hayfield Farm - 28.0 Pinewood Lake
Pleasant Valley,Week3,Camelot,Week3,240.0 Camelot - 161.0 Pleasant Valley
Pinewood Lake,Week2,Langley,Week1,373.0 Langley - 28.0 Pinewood Lake
Pleasant Valley,Week1,Camelot,Week3,267.0 Camelot - 130.0 Pleasant Valley
Pinewood Lake,Week1,Brandywine,Week4,362.0 Brandywine - 39.0 Pinewood Lake
Pinewood Lake,Week4,Cottontail,Week5,366.0 Cottontail - 36.0 Pinewood Lake
Pinewood Lake,Week2,Country Club Hills,Week5,368.0 Country Club Hills - 33.0 Pinewood Lake
Pinewood Lake,Week4,Mantua,Week5,383.0 Mantua - 19.0 Pinewood Lake
Pinewood Lake,Week3,Fairfax Station,Week2,374.0 Fairfax Station - 22.0 Pinewood Lake
Pinewood Lake,Week3,Fairfax Station,Week3,378.0 Fairfax Station - 21.0 Pinewood Lake
Pleasant Valley,Week1,Kings Ridge ,Week1,231.0 Kings Ridge - 165.0 Pleasant Valley
Pinewood Lake,Week4,Arlington Forest,Week3,367.0 Arlington Forest - 34.0 Pinewood Lake
Pinewood Lake,Week4,Mantua,Week3,385.0 Mantua - 16.0 Pinewood Lake
Pinewood Lake,Week3,Tuckahoe,Week5,387.0 Tuckahoe - 13.0 Pinewood Lake
Pleasant Valley,Week3,Camelot,Week5,255.0 Camelot - 146.0 Pleasant Valley
Pinewood Lake,Week4,Country Club Hills,Week2,360.0 Country Club Hills - 40.0 Pinewood Lake
Pleasant Valley,Week4,Camelot,Week1,267.0 Camelot - 132.0 Pleasant Valley
Pleasant Valley,Week3,Kent Gardens,Week1,299.0 Kent Gardens - 103.0 Pleasant Valley
Pleasant Valley,Week1,Kings Ridge ,Week5,245.0 Kings Ridge - 157.0 Pleasant Valley
Pinewood Lake,Week1,Herndon,Week3,301.0 Herndon - 77.0 Pinewood Lake
Pinewood Lake,Week4,Hayfield Farm,Week2,374.0 Hayfield Farm - 28.0 Pinewood Lake
Pleasant Valley,Week4,Burke Station,Week3,257.0 Burke Station - 135.0 Pleasant Valley
Pinewood Lake,Week5,Mantua,Week5,377.0 Mantua - 25.0 Pinewood Lake
Pinewood Lake,Week1,Vienna Aquatic,Week3,378.0 Vienna Aquatic - 24.0 Pinewood Lake
Pinewood Lake,Week4,Tuckahoe,Week1,385.0 Tuckahoe - 15.0 Pinewood Lake
Pinewood Lake,Week1,McLean,Week3,372.0 McLean - 24.0 Pinewood Lake
Pinewood Lake,Week4,Arlington Forest,Week1,371.0 Arlington Forest - 26.0 Pinewood Lake
Pinewood Lake,Week3,Hayfield Farm,Week4,378.0 Hayfield Farm - 22.0 Pinewood Lake
Pinewood Lake,Week1,Fairfax Station,Week3,381.0 Fairfax Station - 18.0 Pinewood Lake
Pinewood Lake,Week4,Country Club Hills,Week5,364.0 Country Club Hills - 36.0 Pinewood Lake
Pinewood Lake,Week3,Arlington Forest,Week5,364.0 Arlington Forest - 37.0 Pinewood Lake
Pinewood Lake,Week5,Country Club Hills,Week1,346.0 Country Club Hills - 56.0 Pinewood Lake
Pleasant Valley,Week4,Kent Gardens,Week2,303.0 Kent Gardens - 98.0 Pleasant Valley
Pinewood Lake,Week1,Crosspointe,Week1,377.0 Crosspointe - 24.0 Pinewood Lake
Pinewood Lake,Week2,Vienna Aquatic,Week5,377.0 Vienna Aquatic - 19.0 Pinewood Lake
Pinewood Lake,Week5,Country Club Hills,Week2,346.0 Country Club Hills - 55.0 Pinewood Lake
Pinewood Lake,Week1,Fairfax Station,Week2,381.0 Fairfax Station - 16.0 Pinewood Lake
Pinewood Lake,Week1,Brandywine,Week1,352.0 Brandywine - 43.0 Pinewood Lake
Pinewood Lake,Week5,Mantua,Week3,383.0 Mantua - 18.0 Pinewood Lake
Pinewood Lake,Week2,McLean,Week1,367.0 McLean - 30.0 Pinewood Lake
Pleasant Valley,Week1,Camelot,Week1,260.0 Camelot - 141.0 Pleasant Valley
Pleasant Valley,Week1,Camelot,Week5,266.0 Camelot - 135.0 Pleasant Valley
Pinewood Lake,Week5,Hayfield Farm,Week5,365.0 Hayfield Farm - 36.0 Pinewood Lake
Pinewood Lake,Week2,Brandywine,Week3,345.0 Brandywine - 40.0 Pinewood Lake
Pinewood Lake,Week3,Fairfax Station,Week5,384.0 Fairfax Station - 18.0 Pinewood Lake
Pinewood Lake,Week5,Fairfax Club Estates,Week5,318.0 Fairfax Club Estates - 73.0 Pinewood Lake
Pinewood Lake,Week3,Vienna Aquatic,Week5,383.0 Vienna Aquatic - 13.0 Pinewood Lake
Pinewood Lake,Week1,McLean,Week2,367.0 McLean - 33.0 Pinewood Lake
Pinewood Lake,Week3,Mantua,Week4,385.0 Mantua - 16.0 Pinewood Lake
Pleasant Valley,Week3,Kent Gardens,Week5,317.0 Kent Gardens - 85.0 Pleasant Valley
Pinewood Lake,Week4,Hayfield Farm,Week3,361.0 Hayfield Farm - 31.0 Pinewood Lake
Pleasant Valley,Week2,Camelot,Week4,263.0 Camelot - 138.0 Pleasant Valley
Pinewood Lake,Week5,Country Club Hills,Week4,346.0 Country Club Hills - 56.0 Pinewood Lake
Pleasant Valley,Week4,Camelot,Week2,275.0 Camelot - 121.0 Pleasant Valley
Pinewood Lake,Week5,Hayfield Farm,Week1,352.0 Hayfield Farm - 46.0 Pinewood Lake
Pleasant Valley,Week2,Kings Ridge ,Week2,221.0 Kings Ridge - 181.0 Pleasant Valley
Pinewood Lake,Week2,Fairfax Station,Week2,370.0 Fairfax Station - 26.0 Pinewood Lake
Pinewood Lake,Week2,Vienna Aquatic,Week1,378.0 Vienna Aquatic - 22.0 Pinewood Lake
Pinewood Lake,Week5,Arlington Forest,Week4,367.0 Arlington Forest - 34.0 Pinewood Lake
Pinewood Lake,Week2,Herndon,Week3,296.0 Herndon - 85.0 Pinewood Lake
Pinewood Lake,Week5,Country Club Hills,Week3,340.0 Country Club Hills - 59.0 Pinewood Lake
Pinewood Lake,Week2,Vienna Aquatic,Week4,379.0 Vienna Aquatic - 16.0 Pinewood Lake
Pinewood Lake,Week2,Brandywine,Week1,356.0 Brandywine - 39.0 Pinewood Lake
Pleasant Valley,Week3,Camelot,Week1,243.0 Camelot - 159.0 Pleasant Valley
Pleasant Valley,Week2,Kings Ridge ,Week3,235.0 Kings Ridge - 163.0 Pleasant Valley
Pleasant Valley,Week3,Camelot,Week4,244.0 Camelot - 158.0 Pleasant Valley
Pinewood Lake,Week5,Mantua,Week4,379.0 Mantua - 23.0 Pinewood Lake
Pinewood Lake,Week1,Crosspointe,Week3,362.0 Crosspointe - 23.0 Pinewood Lake
Pleasant Valley,Week4,Canterbury Woods,Week2,253.0 Canterbury Woods - 145.0 Pleasant Valley
Pinewood Lake,Week1,Crosspointe,Week2,369.0 Crosspointe - 30.0 Pinewood Lake
Pinewood Lake,Week1,Crosspointe,Week4,375.0 Crosspointe - 24.0 Pinewood Lake
Pinewood Lake,Week4,Fairfax Station,Week3,377.0 Fairfax Station - 22.0 Pinewood Lake
Pinewood Lake,Week5,Herndon,Week1,272.0 Herndon - 105.0 Pinewood Lake
Pinewood Lake,Week4,Hayfield Farm,Week1,366.5 Hayfield Farm - 31.5 Pinewood Lake
Pleasant Valley,Week1,Kings Ridge ,Week4,254.0 Kings Ridge - 148.0 Pleasant Valley
Pinewood Lake,Week4,Vienna Aquatic,Week4,379.0 Vienna Aquatic - 17.0 Pinewood Lake
Pinewood Lake,Week4,Mantua,Week1,360.0 Mantua - 35.0 Pinewood Lake
Pleasant Valley,Week4,Camelot,Week4,273.0 Camelot - 128.0 Pleasant Valley
Pinewood Lake,Week3,Mantua,Week1,365.0 Mantua - 26.0 Pinewood Lake
Pinewood Lake,Week4,Vienna Aquatic,Week2,384.0 Vienna Aquatic - 18.0 Pinewood Lake
Pinewood Lake,Week5,Country Club Hills,Week5,349.0 Country Club Hills - 51.0 Pinewood Lake
Pinewood Lake,Week3,Vienna Aquatic,Week4,381.0 Vienna Aquatic - 14.0 Pinewood Lake
Pinewood Lake,Week5,Herndon,Week5,299.0 Herndon - 87.0 Pinewood Lake
Pinewood Lake,Week2,McLean,Week4,372.0 McLean - 30.0 Pinewood Lake
Pleasant Valley,Week3,Kent Gardens,Week3,267.0 Kent Gardens - 135.0 Pleasant Valley
Pinewood Lake,Week3,Fairfax Station,Week1,374.0 Fairfax Station - 26.0 Pinewood Lake
Pinewood Lake,Week3,Mantua,Week2,375.0 Mantua - 17.0 Pinewood Lake
Pleasant Valley,Week4,Kent Gardens,Week5,337.0 Kent Gardens - 65.0 Pleasant Valley
Pleasant Valley,Week2,Camelot,Week2,259.0 Camelot - 139.0 Pleasant Valley
Pinewood Lake,Week4,Vienna Aquatic,Week5,381.0 Vienna Aquatic - 16.0 Pinewood Lake
Pinewood Lake,Week1,Fairfax Station,Week1,375.0 Fairfax Station - 27.0 Pinewood Lake
Pleasant Valley,Week4,Camelot,Week5,289.0 Camelot - 109.0 Pleasant Valley
Pinewood Lake,Week4,Fairfax Station,Week2,374.0 Fairfax Station - 22.0 Pinewood Lake
Pleasant Valley,Week2,Kings Ridge ,Week4,251.0 Kings Ridge - 151.0 Pleasant Valley
Pleasant Valley,Week3,Kings Ridge ,Week2,206.0 Kings Ridge - 196.0 Pleasant Valley
Pinewood Lake,Week4,Fairfax Station,Week1,372.0 Fairfax Station - 28.0 Pinewood Lake
Pinewood Lake,Week5,Hayfield Farm,Week4,368.0 Hayfield Farm - 33.0 Pinewood Lake
Pinewood Lake,Week5,Herndon,Week3,292.0 Herndon - 94.0 Pinewood Lake
Pinewood Lake,Week2,Crosspointe,Week1,377.0 Crosspointe - 24.0 Pinewood Lake
Pinewood Lake,Week1,Crosspointe,Week5,373.0 Crosspointe - 27.0 Pinewood Lake
Pinewood Lake,Week5,Vienna Aquatic,Week1,376.0 Vienna Aquatic - 24.0 Pinewood Lake
Pinewood Lake,Week3,Vienna Aquatic,Week3,388.0 Vienna Aquatic - 14.0 Pinewood Lake
Pinewood Lake,Week1,Fairfax Station,Week4,374.0 Fairfax Station - 25.0 Pinewood Lake
Pinewood Lake,Week4,Mantua,Week2,369.0 Mantua - 26.0 Pinewood Lake
Pleasant Valley,Week4,Kings Ridge ,Week1,265.0 Kings Ridge - 136.0 Pleasant Valley
Pinewood Lake,Week4,Hayfield Farm,Week5,372.0 Hayfield Farm - 29.0 Pinewood Lake
Pinewood Lake,Week3,Fairfax Station,Week4,367.0 Fairfax Station - 31.0 Pinewood Lake
Pinewood Lake,Week1,Fairfax Station,Week5,385.0 Fairfax Station - 17.0 Pinewood Lake
Pleasant Valley,Week1,Canterbury Woods,Week5,249.0 Canterbury Woods - 144.0 Pleasant Valley
Pleasant Valley,Week1,Cardinal Hill,Week1,346.0 Cardinal Hill - 56.0 Pleasant Valley
Pinewood Lake,Week5,Fairfax Club Estates,Week4,322.0 Fairfax Club Estates - 77.0 Pinewood Lake
Pinewood Lake,Week5,Vienna Aquatic,Week2,371.0 Vienna Aquatic - 31.0 Pinewood Lake
Pinewood Lake,Week1,Herndon,Week1,280.0 Herndon - 80.0 Pinewood Lake
Pinewood Lake,Week4,Fairfax Station,Week4,368.0 Fairfax Station - 30.0 Pinewood Lake
Pinewood Lake,Week3,Herndon,Week1,278.0 Herndon - 77.0 Pinewood Lake
Pinewood Lake,Week2,Herndon,Week2,282.0 Herndon - 92.0 Pinewood Lake
Pleasant Valley,Week2,Canterbury Woods,Week5,254.0 Canterbury Woods - 139.0 Pleasant Valley
Pinewood Lake,Week5,Vienna Aquatic,Week3,376.0 Vienna Aquatic - 26.0 Pinewood Lake
Pinewood Lake,Week2,Crosspointe,Week2,375.0 Crosspointe - 25.0 Pinewood Lake
Pinewood Lake,Week5,Mantua,Week1,358.5 Mantua - 38.5 Pinewood Lake
Pleasant Valley,Week1,Lake Braddock,Week4,224.0 Lake Braddock - 177.0 Pleasant Valley
Pinewood Lake,Week3,Mantua,Week5,387.0 Mantua - 14.0 Pinewood Lake
Pleasant Valley,Week3,Kings Ridge ,Week3,227.0 Kings Ridge - 171.0 Pleasant Valley
Pinewood Lake,Week3,Herndon,Week5,309.0 Herndon - 68.0 Pinewood Lake
Pleasant Valley,Week1,Canterbury Woods,Week2,231.0 Canterbury Woods - 167.0 Pleasant Valley
Pinewood Lake,Week3,Vienna Aquatic,Week2,386.0 Vienna Aquatic - 16.0 Pinewood Lake
Pleasant Valley,Week4,Lake Braddock,Week2,236.0 Lake Braddock - 161.0 Pleasant Valley
Pleasant Valley,Week3,Canterbury Woods,Week1,231.0 Canterbury Woods - 171.0 Pleasant Valley
Pinewood Lake,Week5,Mantua,Week2,369.0 Mantua - 26.0 Pinewood Lake
Pinewood Lake,Week3,Mantua,Week3,393.0 Mantua - 8.0 Pinewood Lake
Pleasant Valley,Week4,Kings Ridge ,Week3,265.0 Kings Ridge - 134.0 Pleasant Valley
Pinewood Lake,Week4,Vienna Aquatic,Week3,385.0 Vienna Aquatic - 17.0 Pinewood Lake
Pinewood Lake,Week3,Herndon,Week4,313.0 Herndon - 73.0 Pinewood Lake
Pleasant Valley,Week4,Canterbury Woods,Week5,259.0 Canterbury Woods - 133.0 Pleasant Valley
Pinewood Lake,Week1,Vienna Woods,Week2,374.0 Vienna Woods - 28.0 Pinewood Lake
Pinewood Lake,Week2,Fairfax Station,Week5,378.0 Fairfax Station - 24.0 Pinewood Lake
Pleasant Valley,Week2,Canterbury Woods,Week1,256.0 Canterbury Woods - 145.0 Pleasant Valley
Pleasant Valley,Week1,Canterbury Woods,Week4,256.0 Canterbury Woods - 145.0 Pleasant Valley
Pinewood Lake,Week4,Hayfield Farm,Week4,375.0 Hayfield Farm - 25.0 Pinewood Lake
Pinewood Lake,Week1,Vienna Woods,Week3,386.0 Vienna Woods - 15.0 Pinewood Lake
Pinewood Lake,Week5,Vienna Aquatic,Week4,372.0 Vienna Aquatic - 24.0 Pinewood Lake
Pinewood Lake,Week2,Fairfax Station,Week1,370.0 Fairfax Station - 31.0 Pinewood Lake
Pleasant Valley,Week3,Lake Braddock,Week4,213.0 Lake Braddock - 189.0 Pleasant Valley
Pinewood Lake,Week3,Herndon,Week2,290.0 Herndon - 85.0 Pinewood Lake
Pinewood Lake,Week3,McLean,Week1,370.0 McLean - 26.0 Pinewood Lake
Pinewood Lake,Week1,Vienna Woods,Week1,369.0 Vienna Woods - 26.0 Pinewood Lake
Pinewood Lake,Week2,Fairfax Station,Week3,375.0 Fairfax Station - 24.0 Pinewood Lake
Pleasant Valley,Week3,Kings Ridge ,Week5,235.0 Kings Ridge - 166.0 Pleasant Valley
Pinewood Lake,Week4,Fairfax Station,Week5,380.0 Fairfax Station - 21.0 Pinewood Lake
Pinewood Lake,Week1,Herndon,Week2,287.0 Herndon - 87.0 Pinewood Lake
Pinewood Lake,Week1,McLean,Week4,365.0 McLean - 36.0 Pinewood Lake
Pinewood Lake,Week3,McLean,Week3,380.0 McLean - 19.0 Pinewood Lake
Pinewood Lake,Week5,Fairfax Club Estates,Week3,318.0 Fairfax Club Estates - 73.0 Pinewood Lake
Pinewood Lake,Week4,Mantua,Week4,381.0 Mantua - 21.0 Pinewood Lake
Pinewood Lake,Week2,McLean,Week2,374.0 McLean - 27.0 Pinewood Lake
Pleasant Valley,Week4,Kings Ridge ,Week4,269.0 Kings Ridge - 132.0 Pleasant Valley
Pleasant Valley,Week3,Canterbury Woods,Week3,250.0 Canterbury Woods - 152.0 Pleasant Valley
Pinewood Lake,Week5,Vienna Aquatic,Week5,374.0 Vienna Aquatic - 23.0 Pinewood Lake
Pinewood Lake,Week4,Herndon,Week1,274.0 Herndon - 95.0 Pinewood Lake
Pinewood Lake,Week3,McLean,Week5,378.0 McLean - 22.0 Pinewood Lake
Pleasant Valley,Week5,Kings Ridge ,Week4,241.0 Kings Ridge - 159.0 Pleasant Valley
Pleasant Valley,Week5,Kings Ridge ,Week1,228.0 Kings Ridge - 169.0 Pleasant Valley
Pleasant Valley,Week5,Canterbury Woods,Week1,232.0 Canterbury Woods - 170.0 Pleasant Valley
Pleasant Valley,Week1,Lake Braddock,Week3,224.0 Lake Braddock - 176.0 Pleasant Valley
Pinewood Lake,Week4,Vienna Aquatic,Week1,380.0 Vienna Aquatic - 20.0 Pinewood Lake
Pinewood Lake,Week1,Herndon,Week5,303.0 Herndon - 82.0 Pinewood Lake
Pinewood Lake,Week1,Mosby Woods,Week2,370.0 Mosby Woods - 30.0 Pinewood Lake
Pleasant Valley,Week4,Kings Ridge ,Week5,263.0 Kings Ridge - 137.0 Pleasant Valley
Pinewood Lake,Week4,McLean,Week4,376.0 McLean - 26.0 Pinewood Lake
Pinewood Lake,Week3,Hayfield Farm,Week3,365.0 Hayfield Farm - 27.0 Pinewood Lake
Pinewood Lake,Week3,Mosby Woods,Week2,376.0 Mosby Woods - 22.0 Pinewood Lake
Pleasant Valley,Week2,Lake Braddock,Week2,213.0 Lake Braddock - 188.0 Pleasant Valley
Pleasant Valley,Week5,Kings Ridge ,Week5,244.0 Kings Ridge - 152.0 Pleasant Valley
Pleasant Valley,Week2,Canterbury Woods,Week2,246.0 Canterbury Woods - 151.0 Pleasant Valley
Pleasant Valley,Week3,Canterbury Woods,Week2,213.0 Canterbury Woods - 189.0 Pleasant Valley
Pleasant Valley,Week3,Lake Braddock,Week1,225.0 Pleasant Valley - 177.0 Lake Braddock
Pleasant Valley,Week2,Lake Braddock,Week1,202.0 Pleasant Valley - 199.0 Lake Braddock
Pinewood Lake,Week2,Herndon,Week4,304.0 Herndon - 83.0 Pinewood Lake
Pleasant Valley,Week3,Canterbury Woods,Week5,231.0 Canterbury Woods - 170.0 Pleasant Valley
Pinewood Lake,Week5,Hayfield Farm,Week3,357.0 Hayfield Farm - 40.0 Pinewood Lake
Pinewood Lake,Week4,McLean,Week1,371.0 McLean - 25.0 Pinewood Lake
Pinewood Lake,Week2,Herndon,Week1,272.0 Herndon - 91.0 Pinewood Lake
Pleasant Valley,Week4,Kings Ridge ,Week2,244.0 Kings Ridge - 154.0 Pleasant Valley
Pleasant Valley,Week5,Canterbury Woods,Week2,231.0 Canterbury Woods - 165.0 Pleasant Valley
Pleasant Valley,Week5,Camelot,Week2,263.0 Camelot - 135.0 Pleasant Valley
Pleasant Valley,Week5,Kings Ridge ,Week3,231.0 Kings Ridge - 168.0 Pleasant Valley
Pleasant Valley,Week2,Canterbury Woods,Week3,279.0 Canterbury Woods - 116.0 Pleasant Valley
Pinewood Lake,Week3,Herndon,Week3,306.0 Herndon - 74.0 Pinewood Lake
Pinewood Lake,Week2,Fairfax Station,Week4,365.0 Fairfax Station - 34.0 Pinewood Lake
Pleasant Valley,Week3,Canterbury Woods,Week4,237.0 Canterbury Woods - 165.0 Pleasant Valley
Pinewood Lake,Week1,Herndon,Week4,315.0 Herndon - 74.0 Pinewood Lake
Pleasant Valley,Week1,Lake Braddock,Week1,204.0 Pleasant Valley - 197.0 Lake Braddock
Pinewood Lake,Week3,Mosby Woods,Week3,377.0 Mosby Woods - 18.0 Pinewood Lake
Pleasant Valley,Week5,Camelot,Week3,250.0 Camelot - 146.0 Pleasant Valley
Pleasant Valley,Week4,Canterbury Woods,Week3,292.0 Canterbury Woods - 107.0 Pleasant Valley
Pinewood Lake,Week1,Mosby Woods,Week4,360.0 Mosby Woods - 35.0 Pinewood Lake
Pinewood Lake,Week3,Mosby Woods,Week1,380.0 Mosby Woods - 20.0 Pinewood Lake
Pinewood Lake,Week2,Herndon,Week5,290.0 Herndon - 89.0 Pinewood Lake
Pinewood Lake,Week5,Hayfield Farm,Week2,367.0 Hayfield Farm - 35.0 Pinewood Lake
Pinewood Lake,Week5,Mosby Woods,Week1,371.0 Mosby Woods - 29.0 Pinewood Lake
Pleasant Valley,Week2,Lake Braddock,Week4,235.0 Lake Braddock - 166.0 Pleasant Valley
Pinewood Lake,Week2,Mosby Woods,Week2,371.0 Mosby Woods - 28.0 Pinewood Lake
Pleasant Valley,Week3,Lake Braddock,Week2,201.0 Lake Braddock - 201.0 Pleasant Valley
Pinewood Lake,Week1,Hiddenbrook,Week3,348.0 Hiddenbrook - 46.0 Pinewood Lake
Pleasant Valley,Week4,Lake Braddock,Week1,219.0 Lake Braddock - 175.0 Pleasant Valley
Pinewood Lake,Week2,Mosby Woods,Week4,359.0 Mosby Woods - 38.0 Pinewood Lake
Pinewood Lake,Week4,Herndon,Week3,289.0 Herndon - 95.0 Pinewood Lake
Pleasant Valley,Week1,Canterbury Woods,Week1,260.0 Canterbury Woods - 141.0 Pleasant Valley
Pinewood Lake,Week5,Herndon,Week2,279.0 Herndon - 103.0 Pinewood Lake
Pleasant Valley,Week4,Canterbury Woods,Week1,267.0 Canterbury Woods - 134.0 Pleasant Valley
Pleasant Valley,Week1,Lake Braddock,Week2,219.0 Lake Braddock - 182.0 Pleasant Valley
Pinewood Lake,Week4,Herndon,Week5,298.0 Herndon - 82.0 Pinewood Lake
Pleasant Valley,Week4,Canterbury Woods,Week4,274.5 Canterbury Woods - 126.5 Pleasant Valley
Pleasant Valley,Week5,Canterbury Woods,Week3,241.0 Canterbury Woods - 151.0 Pleasant Valley
Pinewood Lake,Week4,Mosby Woods,Week2,370.0 Mosby Woods - 27.0 Pinewood Lake
Pinewood Lake,Week4,Mosby Woods,Week1,369.0 Mosby Woods - 31.0 Pinewood Lake
Pleasant Valley,Week4,Lake Braddock,Week3,235.0 Lake Braddock - 158.0 Pleasant Valley
Pinewood Lake,Week3,Mosby Woods,Week5,384.0 Mosby Woods - 18.0 Pinewood Lake
Pinewood Lake,Week1,Hiddenbrook,Week1,332.0 Hiddenbrook - 66.0 Pinewood Lake
Pinewood Lake,Week5,McLean,Week3,375.0 McLean - 26.0 Pinewood Lake
Pleasant Valley,Week1,Canterbury Woods,Week3,270.0 Canterbury Woods - 125.0 Pleasant Valley
Pleasant Valley,Week2,Canterbury Woods,Week4,252.5 Canterbury Woods - 147.5 Pleasant Valley
Pinewood Lake,Week4,Herndon,Week2,279.0 Herndon - 101.0 Pinewood Lake
Pinewood Lake,Week1,Mosby Woods,Week5,377.0 Mosby Woods - 25.0 Pinewood Lake
Pleasant Valley,Week2,Lake Braddock,Week3,213.0 Lake Braddock - 187.0 Pleasant Valley
Pinewood Lake,Week4,Herndon,Week4,310.0 Herndon - 78.0 Pinewood Lake
Pinewood Lake,Week1,Mosby Woods,Week1,376.0 Mosby Woods - 25.0 Pinewood Lake
Pleasant Valley,Week5,Camelot,Week5,264.0 Camelot - 132.0 Pleasant Valley
Pleasant Valley,Week5,Kings Ridge ,Week2,221.0 Kings Ridge - 179.0 Pleasant Valley
Pleasant Valley,Week3,Lake Braddock,Week5,213.0 Lake Braddock - 189.0 Pleasant Valley
Pleasant Valley,Week5,Camelot,Week4,255.0 Camelot - 145.0 Pleasant Valley
Pinewood Lake,Week5,Herndon,Week4,300.0 Herndon - 92.0 Pinewood Lake
Pleasant Valley,Week1,Chesterbrook,Week3,383.0 Chesterbrook - 19.0 Pleasant Valley
Pleasant Valley,Week4,Lake Braddock,Week4,250.0 Lake Braddock - 147.0 Pleasant Valley
Pleasant Valley,Week5,Cardinal Hill,Week1,338.0 Cardinal Hill - 64.0 Pleasant Valley
Pleasant Valley,Week5,Lake Braddock,Week2,212.0 Lake Braddock - 188.0 Pleasant Valley
Pinewood Lake,Week3,Mosby Woods,Week4,361.0 Mosby Woods - 36.0 Pinewood Lake
Pleasant Valley,Week5,Lake Braddock,Week3,200.0 Pleasant Valley - 197.0 Lake Braddock
Pinewood Lake,Week4,Mosby Woods,Week3,361.0 Mosby Woods - 34.0 Pinewood Lake
Pinewood Lake,Week4,Mosby Woods,Week4,359.0 Mosby Woods - 35.0 Pinewood Lake
Pinewood Lake,Week2,Hiddenbrook,Week2,296.0 Hiddenbrook - 80.0 Pinewood Lake
Pleasant Valley,Week5,Cardinal Hill,Week2,320.0 Cardinal Hill - 81.0 Pleasant Valley
Pinewood Lake,Week5,Hiddenbrook,Week1,340.0 Hiddenbrook - 58.0 Pinewood Lake
Pleasant Valley,Week3,Cardinal Hill,Week3,338.0 Cardinal Hill - 64.0 Pleasant Valley
Pleasant Valley,Week2,Chesterbrook,Week1,375.0 Chesterbrook - 27.0 Pleasant Valley
Pinewood Lake,Week2,Mosby Woods,Week3,371.0 Mosby Woods - 24.0 Pinewood Lake
Pleasant Valley,Week2,Lake Braddock,Week5,235.0 Lake Braddock - 166.0 Pleasant Valley
Pleasant Valley,Week5,Canterbury Woods,Week5,237.0 Canterbury Woods - 160.0 Pleasant Valley
Pleasant Valley,Week5,Lake Braddock,Week1,208.0 Pleasant Valley - 188.0 Lake Braddock
Pinewood Lake,Week4,McLean,Week5,377.0 McLean - 23.0 Pinewood Lake
Pinewood Lake,Week2,Mosby Woods,Week5,379.0 Mosby Woods - 23.0 Pinewood Lake
Pleasant Valley,Week3,Lake Braddock,Week3,203.0 Pleasant Valley - 198.0 Lake Braddock
Pinewood Lake,Week5,Mosby Woods,Week2,371.0 Mosby Woods - 27.0 Pinewood Lake
Pinewood Lake,Week1,Hiddenbrook,Week5,354.0 Hiddenbrook - 45.0 Pinewood Lake
Pleasant Valley,Week1,Lake Braddock,Week5,238.0 Lake Braddock - 163.0 Pleasant Valley
Pleasant Valley,Week1,Cardinal Hill,Week2,330.0 Cardinal Hill - 71.0 Pleasant Valley
Pinewood Lake,Week3,Hiddenbrook,Week3,347.0 Hiddenbrook - 46.0 Pinewood Lake
Pleasant Valley,Week1,Lakevale Estates,Week2,344.0 Lakevale Estates - 58.0 Pleasant Valley
Pinewood Lake,Week2,Hiddenbrook,Week4,342.0 Hiddenbrook - 57.0 Pinewood Lake
Pinewood Lake,Week1,Hiddenbrook,Week4,343.0 Hiddenbrook - 57.0 Pinewood Lake
Pinewood Lake,Week3,Hiddenbrook,Week2,315.0 Hiddenbrook - 62.0 Pinewood Lake
Pleasant Valley,Week4,Lake Braddock,Week5,247.0 Lake Braddock - 149.0 Pleasant Valley
Pleasant Valley,Week5,Canterbury Woods,Week4,248.0 Canterbury Woods - 154.0 Pleasant Valley
Pinewood Lake,Week4,McLean,Week3,379.0 McLean - 22.0 Pinewood Lake
Pinewood Lake,Week1,Hiddenbrook,Week2,309.0 Hiddenbrook - 66.0 Pinewood Lake
Pinewood Lake,Week2,Mosby Woods,Week1,375.0 Mosby Woods - 25.0 Pinewood Lake
Pinewood Lake,Week5,Hiddenbrook,Week5,349.0 Hiddenbrook - 52.0 Pinewood Lake
Pleasant Valley,Week4,Cardinal Hill,Week1,353.0 Cardinal Hill - 49.0 Pleasant Valley
Pinewood Lake,Week5,Hiddenbrook,Week3,339.0 Hiddenbrook - 56.0 Pinewood Lake
Pinewood Lake,Week3,Hiddenbrook,Week4,341.0 Hiddenbrook - 58.0 Pinewood Lake
Pinewood Lake,Week5,McLean,Week5,373.0 McLean - 28.0 Pinewood Lake
Pleasant Valley,Week4,Cardinal Hill,Week4,341.0 Cardinal Hill - 60.0 Pleasant Valley
Pinewood Lake,Week5,Hiddenbrook,Week4,339.5 Hiddenbrook - 60.5 Pinewood Lake
Pleasant Valley,Week3,Great Falls,Week2,250.0 Great Falls - 133.0 Pleasant Valley
Pleasant Valley,Week4,Cardinal Hill,Week2,333.0 Cardinal Hill - 67.0 Pleasant Valley
Pinewood Lake,Week4,Hiddenbrook,Week1,336.0 Hiddenbrook - 58.0 Pinewood Lake
Pleasant Valley,Week2,Cardinal Hill,Week3,348.0 Cardinal Hill - 53.0 Pleasant Valley
Pinewood Lake,Week5,McLean,Week2,369.0 McLean - 31.0 Pinewood Lake
Pleasant Valley,Week1,Lakevale Estates,Week4,356.0 Lakevale Estates - 46.0 Pleasant Valley
Pleasant Valley,Week5,Lakevale Estates,Week4,347.0 Lakevale Estates - 55.0 Pleasant Valley
Pleasant Valley,Week1,Cardinal Hill,Week4,341.0 Cardinal Hill - 61.0 Pleasant Valley
Pleasant Valley,Week1,Greenbriar,Week1,310.0 Greenbriar - 91.0 Pleasant Valley
Pinewood Lake,Week5,McLean,Week4,369.0 McLean - 33.0 Pinewood Lake
Pleasant Valley,Week2,Lakevale Estates,Week3,348.0 Lakevale Estates - 54.0 Pleasant Valley
Pleasant Valley,Week2,Cardinal Hill,Week1,354.0 Cardinal Hill - 48.0 Pleasant Valley
Pinewood Lake,Week3,Hiddenbrook,Week1,339.0 Hiddenbrook - 56.0 Pinewood Lake
Pinewood Lake,Week5,McLean,Week1,369.0 McLean - 27.0 Pinewood Lake
Pleasant Valley,Week2,Cardinal Hill,Week5,331.0 Cardinal Hill - 67.0 Pleasant Valley
Pleasant Valley,Week3,Lakevale Estates,Week2,324.0 Lakevale Estates - 78.0 Pleasant Valley
Pinewood Lake,Week3,Hiddenbrook,Week5,355.0 Hiddenbrook - 44.0 Pinewood Lake
Pleasant Valley,Week3,Great Falls,Week3,289.0 Great Falls - 113.0 Pleasant Valley
Pleasant Valley,Week1,Lakeview,Week3,233.0 Lakeview - 168.0 Pleasant Valley
Pleasant Valley,Week2,Greenbriar,Week1,305.0 Greenbriar - 96.0 Pleasant Valley
Pleasant Valley,Week1,Lakeview,Week1,203.5 Lakeview - 197.5 Pleasant Valley
Pinewood Lake,Week1,Mosby Woods,Week3,370.0 Mosby Woods - 25.0 Pinewood Lake
Pleasant Valley,Week3,Great Falls,Week5,268.0 Great Falls - 133.0 Pleasant Valley
Pinewood Lake,Week4,Mosby Woods,Week5,376.0 Mosby Woods - 26.0 Pinewood Lake
Pinewood Lake,Week2,Hiddenbrook,Week5,357.0 Hiddenbrook - 42.0 Pinewood Lake
Pleasant Valley,Week2,Lakevale Estates,Week5,348.0 Lakevale Estates - 54.0 Pleasant Valley
Pleasant Valley,Week3,Cardinal Hill,Week5,323.0 Cardinal Hill - 79.0 Pleasant Valley
Pinewood Lake,Week5,Mosby Woods,Week3,361.0 Mosby Woods - 34.0 Pinewood Lake
Pleasant Valley,Week5,Cardinal Hill,Week4,325.0 Cardinal Hill - 75.0 Pleasant Valley
Pleasant Valley,Week1,Cardinal Hill,Week5,334.0 Cardinal Hill - 64.0 Pleasant Valley
Pleasant Valley,Week4,Cardinal Hill,Week5,333.0 Cardinal Hill - 64.0 Pleasant Valley
Pleasant Valley,Week5,Lake Braddock,Week4,227.0 Lake Braddock - 175.0 Pleasant Valley
Pinewood Lake,Week3,Mount Vernon Park,Week5,374.0 Mount Vernon Park - 23.0 Pinewood Lake
Pinewood Lake,Week5,Hiddenbrook,Week2,293.0 Hiddenbrook - 94.0 Pinewood Lake
Pleasant Valley,Week4,Great Falls,Week4,275.0 Great Falls - 119.0 Pleasant Valley
Pleasant Valley,Week3,Great Falls,Week4,262.0 Great Falls - 139.0 Pleasant Valley
Pinewood Lake,Week4,Hiddenbrook,Week4,345.0 Hiddenbrook - 55.0 Pinewood Lake
Pleasant Valley,Week4,Cardinal Hill,Week3,349.0 Cardinal Hill - 51.0 Pleasant Valley
Pinewood Lake,Week5,Mosby Woods,Week5,371.0 Mosby Woods - 31.0 Pinewood Lake
Pinewood Lake,Week4,Hiddenbrook,Week5,353.0 Hiddenbrook - 46.0 Pinewood Lake
Pinewood Lake,Week4,Hiddenbrook,Week3,343.0 Hiddenbrook - 52.0 Pinewood Lake
Pinewood Lake,Week1,Newington Forest,Week1,306.0 Newington Forest - 76.0 Pinewood Lake
Pleasant Valley,Week1,Lakeview,Week5,236.0 Lakeview - 157.0 Pleasant Valley
Pleasant Valley,Week5,Great Falls,Week3,307.0 Great Falls - 93.0 Pleasant Valley
Pleasant Valley,Week4,Lakevale Estates,Week1,335.0 Lakevale Estates - 62.0 Pleasant Valley
Pinewood Lake,Week4,Hiddenbrook,Week2,308.0 Hiddenbrook - 70.0 Pinewood Lake
Pleasant Valley,Week4,Lakevale Estates,Week3,347.0 Lakevale Estates - 50.0 Pleasant Valley
Pleasant Valley,Week4,Greenbriar,Week5,314.0 Greenbriar - 88.0 Pleasant Valley
Pleasant Valley,Week3,Cardinal Hill,Week2,312.0 Cardinal Hill - 90.0 Pleasant Valley
Pleasant Valley,Week5,Lake Braddock,Week5,227.0 Lake Braddock - 173.0 Pleasant Valley
Pleasant Valley,Week5,Lakevale Estates,Week1,326.0 Lakevale Estates - 76.0 Pleasant Valley
Pleasant Valley,Week5,Cardinal Hill,Week5,328.0 Cardinal Hill - 71.0 Pleasant Valley
Pleasant Valley,Week5,Lakevale Estates,Week2,328.0 Lakevale Estates - 73.0 Pleasant Valley
Pinewood Lake,Week4,Mount Vernon Park,Week5,372.0 Mount Vernon Park - 25.0 Pinewood Lake
Pinewood Lake,Week5,Mosby Woods,Week4,360.0 Mosby Woods - 35.0 Pinewood Lake
Pleasant Valley,Week4,Great Falls,Week1,260.0 Great Falls - 129.0 Pleasant Valley
Pinewood Lake,Week2,Hiddenbrook,Week3,341.0 Hiddenbrook - 52.0 Pinewood Lake
Pleasant Valley,Week5,Greenbriar,Week2,305.0 Greenbriar - 97.0 Pleasant Valley
Pinewood Lake,Week1,Newington Forest,Week4,327.0 Newington Forest - 57.0 Pinewood Lake
Pinewood Lake,Week1,Highland Park,Week3,359.0 Highland Park - 38.0 Pinewood Lake
Pinecrest,Week3,Poplar Heights,Week4,257.0 Pinecrest - 145.0 Poplar Heights
Pinewood Lake,Week2,Highland Park,Week1,369.0 Highland Park - 32.0 Pinewood Lake
Pleasant Valley,Week5,Greenbriar,Week4,288.0 Greenbriar - 113.0 Pleasant Valley
Pleasant Valley,Week3,Greenbriar,Week3,295.0 Greenbriar - 107.0 Pleasant Valley
Pinecrest,Week2,Poplar Heights,Week5,246.0 Pinecrest - 156.0 Poplar Heights
Pleasant Valley,Week4,Great Falls,Week3,309.0 Great Falls - 92.0 Pleasant Valley
Pinewood Lake,Week1,High Point Pool,Week1,356.0 High Point Pool - 39.0 Pinewood Lake
Pleasant Valley,Week1,Greenbriar,Week5,306.0 Greenbriar - 96.0 Pleasant Valley
Pleasant Valley,Week1,Lakevale Estates,Week5,340.0 Lakevale Estates - 62.0 Pleasant Valley
Pleasant Valley,Week1,Cardinal Hill,Week3,345.0 Cardinal Hill - 56.0 Pleasant Valley
Pleasant Valley,Week3,Lakeview,Week5,219.0 Lakeview - 174.0 Pleasant Valley
Pinewood Lake,Week2,Mount Vernon Park,Week4,376.0 Mount Vernon Park - 26.0 Pinewood Lake
Pinecrest,Week3,Poplar Heights,Week5,252.0 Pinecrest - 150.0 Poplar Heights
Pinecrest,Week3,Poplar Heights,Week2,247.0 Pinecrest - 155.0 Poplar Heights
Pinewood Lake,Week1,Mount Vernon Park,Week4,370.0 Mount Vernon Park - 32.0 Pinewood Lake
Pleasant Valley,Week2,Cardinal Hill,Week4,335.0 Cardinal Hill - 67.0 Pleasant Valley
Pleasant Valley,Week5,Lakevale Estates,Week3,332.0 Lakevale Estates - 70.0 Pleasant Valley
Pleasant Valley,Week1,Lakevale Estates,Week1,333.0 Lakevale Estates - 69.0 Pleasant Valley
Pleasant Valley,Week3,Cardinal Hill,Week1,333.0 Cardinal Hill - 69.0 Pleasant Valley
Pinewood Lake,Week2,Mount Vernon Park,Week1,367.0 Mount Vernon Park - 34.0 Pinewood Lake
Pleasant Valley,Week3,Lakevale Estates,Week3,323.0 Lakevale Estates - 79.0 Pleasant Valley
Pleasant Valley,Week2,Cardinal Hill,Week2,331.0 Cardinal Hill - 70.0 Pleasant Valley
Pinewood Lake,Week5,Mount Vernon Park,Week1,363.0 Mount Vernon Park - 38.0 Pinewood Lake
Pinewood Lake,Week1,Highland Park,Week1,370.0 Highland Park - 31.0 Pinewood Lake
Pinecrest,Week5,Poplar Heights,Week2,252.0 Pinecrest - 150.0 Poplar Heights
Pinewood Lake,Week2,Hiddenbrook,Week1,335.0 Hiddenbrook - 61.0 Pinewood Lake
Pinewood Lake,Week5,Mount Vernon Park,Week4,371.0 Mount Vernon Park - 31.0 Pinewood Lake
Pinewood Lake,Week4,High Point Pool,Week3,378.0 High Point Pool - 23.0 Pinewood Lake
Pleasant Valley,Week5,Great Falls,Week4,280.0 Great Falls - 117.0 Pleasant Valley
Pinewood Lake,Week2,Newington Forest,Week1,308.0 Newington Forest - 77.0 Pinewood Lake
Pleasant Valley,Week1,Chesterbrook,Week1,376.0 Chesterbrook - 26.0 Pleasant Valley
Pleasant Valley,Week5,Great Falls,Week2,272.0 Great Falls - 107.0 Pleasant Valley
Pinewood Lake,Week4,High Point Pool,Week1,357.0 High Point Pool - 39.0 Pinewood Lake
Pleasant Valley,Week3,Lakevale Estates,Week1,323.0 Lakevale Estates - 79.0 Pleasant Valley
Pinewood Lake,Week4,Mount Vernon Park,Week2,371.0 Mount Vernon Park - 30.0 Pinewood Lake
Pinewood Lake,Week2,Mount Vernon Park,Week5,369.0 Mount Vernon Park - 28.0 Pinewood Lake
Pleasant Valley,Week1,Chesterbrook,Week2,381.0 Chesterbrook - 21.0 Pleasant Valley
Pinecrest,Week4,Poplar Heights,Week1,248.0 Pinecrest - 154.0 Poplar Heights
Pleasant Valley,Week3,Lakevale Estates,Week5,334.0 Lakevale Estates - 68.0 Pleasant Valley
Pinewood Lake,Week2,Mount Vernon Park,Week2,372.0 Mount Vernon Park - 29.0 Pinewood Lake
Pleasant Valley,Week1,Chesterbrook,Week5,378.5 Chesterbrook - 22.5 Pleasant Valley
Pleasant Valley,Week3,Cardinal Hill,Week4,318.0 Cardinal Hill - 84.0 Pleasant Valley
Pleasant Valley,Week4,Great Falls,Week2,279.0 Great Falls - 100.0 Pleasant Valley
Pinewood Lake,Week3,Mount Vernon Park,Week4,381.0 Mount Vernon Park - 21.0 Pinewood Lake
Pleasant Valley,Week3,Greenbriar,Week2,298.0 Greenbriar - 104.0 Pleasant Valley
Pinewood Lake,Week1,High Point Pool,Week2,368.0 High Point Pool - 32.0 Pinewood Lake
Pleasant Valley,Week1,Chesterbrook,Week4,381.0 Chesterbrook - 21.0 Pleasant Valley
Pinewood Lake,Week1,Mount Vernon Park,Week2,367.0 Mount Vernon Park - 34.0 Pinewood Lake
Pinewood Lake,Week4,Mount Vernon Park,Week1,363.0 Mount Vernon Park - 38.0 Pinewood Lake
Pinecrest,Week2,Poplar Heights,Week1,250.0 Pinecrest - 152.0 Poplar Heights
Pinecrest,Week4,Poplar Heights,Week4,240.5 Pinecrest - 161.5 Poplar Heights
Pinewood Lake,Week1,Highland Park,Week4,374.0 Highland Park - 27.0 Pinewood Lake
Pleasant Valley,Week5,Great Falls,Week5,289.0 Great Falls - 103.0 Pleasant Valley
Pinewood Lake,Week3,High Point Pool,Week4,372.0 High Point Pool - 28.0 Pinewood Lake
Pleasant Valley,Week5,Cardinal Hill,Week3,340.0 Cardinal Hill - 60.0 Pleasant Valley
Pleasant Valley,Week2,Greenbriar,Week4,308.0 Greenbriar - 93.0 Pleasant Valley
Pleasant Valley,Week5,Chesterbrook,Week5,384.0 Chesterbrook - 18.0 Pleasant Valley
Pinecrest,Week2,Poplar Heights,Week3,252.0 Pinecrest - 150.0 Poplar Heights
Pinecrest,Week4,Poplar Heights,Week5,244.0 Pinecrest - 158.0 Poplar Heights
Pinecrest,Week5,Poplar Heights,Week1,254.0 Pinecrest - 148.0 Poplar Heights
Pleasant Valley,Week3,Greenbriar,Week4,299.0 Greenbriar - 103.0 Pleasant Valley
Pleasant Valley,Week2,Greenbriar,Week5,304.0 Greenbriar - 98.0 Pleasant Valley
Pleasant Valley,Week2,Lakevale Estates,Week2,349.0 Lakevale Estates - 53.0 Pleasant Valley
Pleasant Valley,Week1,Lakevale Estates,Week3,345.0 Lakevale Estates - 57.0 Pleasant Valley
Pleasant Valley,Week2,Lakevale Estates,Week1,340.0 Lakevale Estates - 62.0 Pleasant Valley
Pleasant Valley,Week3,Lakevale Estates,Week4,346.0 Lakevale Estates - 56.0 Pleasant Valley
Pinewood Lake,Week2,High Point Pool,Week1,354.0 High Point Pool - 45.0 Pinewood Lake
Pinewood Lake,Week1,High Point Pool,Week3,368.0 High Point Pool - 30.0 Pinewood Lake
Pinecrest,Week2,Poplar Heights,Week4,236.0 Pinecrest - 166.0 Poplar Heights
Pinewood Lake,Week5,Mount Vernon Park,Week5,363.0 Mount Vernon Park - 39.0 Pinewood Lake
Pinecrest,Week2,Poplar Heights,Week2,238.0 Pinecrest - 164.0 Poplar Heights
Pleasant Valley,Week1,Greenbriar,Week2,317.0 Greenbriar - 85.0 Pleasant Valley
Pleasant Valley,Week2,Chesterbrook,Week2,384.0 Chesterbrook - 18.0 Pleasant Valley
Pinewood Lake,Week1,Mount Vernon Park,Week5,360.0 Mount Vernon Park - 36.0 Pinewood Lake
Pinewood Lake,Week4,High Point Pool,Week4,368.0 High Point Pool - 32.0 Pinewood Lake
Pleasant Valley,Week2,Lakevale Estates,Week4,359.0 Lakevale Estates - 43.0 Pleasant Valley
Pleasant Valley,Week2,Commonwealth,Week3,266.0 Commonwealth - 135.0 Pleasant Valley
Pinewood Lake,Week5,Mount Vernon Park,Week3,366.0 Mount Vernon Park - 33.0 Pinewood Lake
Pleasant Valley,Week4,Great Falls,Week5,274.0 Great Falls - 119.0 Pleasant Valley
Pinecrest,Week1,Poplar Heights,Week4,225.0 Pinecrest - 177.0 Poplar Heights
Pleasant Valley,Week5,Great Falls,Week1,266.0 Great Falls - 131.0 Pleasant Valley
Pleasant Valley,Week5,Lakevale Estates,Week5,333.0 Lakevale Estates - 69.0 Pleasant Valley
Pleasant Valley,Week2,Chesterbrook,Week4,387.0 Chesterbrook - 15.0 Pleasant Valley
Pinecrest,Week3,Poplar Heights,Week3,246.0 Pinecrest - 156.0 Poplar Heights
Pleasant Valley,Week2,Commonwealth,Week5,263.0 Commonwealth - 139.0 Pleasant Valley
Pleasant Valley,Week4,Lakevale Estates,Week2,354.0 Lakevale Estates - 47.0 Pleasant Valley
Pleasant Valley,Week4,Lakevale Estates,Week4,363.5 Lakevale Estates - 38.5 Pleasant Valley
Pinewood Lake,Week2,High Point Pool,Week5,370.0 High Point Pool - 28.0 Pinewood Lake
Pleasant Valley,Week1,Greenbriar,Week4,315.0 Greenbriar - 86.0 Pleasant Valley
Pinewood Lake,Week5,High Point Pool,Week3,366.0 High Point Pool - 35.0 Pinewood Lake
Pinewood Lake,Week3,Mount Vernon Park,Week1,372.0 Mount Vernon Park - 29.0 Pinewood Lake
Pleasant Valley,Week1,Greenbriar,Week3,313.0 Greenbriar - 89.0 Pleasant Valley
Pinewood Lake,Week5,High Point Pool,Week2,365.0 High Point Pool - 35.0 Pinewood Lake
Pinecrest,Week4,Poplar Heights,Week3,251.0 Pinecrest - 151.0 Poplar Heights
Pleasant Valley,Week4,Lakevale Estates,Week5,356.0 Lakevale Estates - 46.0 Pleasant Valley
Pinewood Lake,Week5,High Point Pool,Week1,356.0 High Point Pool - 40.0 Pinewood Lake
Pleasant Valley,Week2,Commonwealth,Week2,277.0 Commonwealth - 124.0 Pleasant Valley
Pinewood Lake,Week4,Mount Vernon Park,Week3,369.0 Mount Vernon Park - 27.0 Pinewood Lake
Pinecrest,Week4,Poplar Heights,Week2,235.0 Pinecrest - 167.0 Poplar Heights
Pleasant Valley,Week4,Chesterbrook,Week4,384.0 Chesterbrook - 18.0 Pleasant Valley
Pinewood Lake,Week3,Mount Vernon Park,Week2,383.0 Mount Vernon Park - 18.0 Pinewood Lake
Pinewood Lake,Week2,High Point Pool,Week2,370.0 High Point Pool - 30.0 Pinewood Lake
Pinewood Lake,Week4,High Point Pool,Week5,368.0 High Point Pool - 31.0 Pinewood Lake
Pleasant Valley,Week4,Greenbriar,Week3,309.0 Greenbriar - 92.0 Pleasant Valley
Pleasant Valley,Week2,Greenbriar,Week3,311.0 Greenbriar - 91.0 Pleasant Valley
Pinewood Lake,Week1,Mount Vernon Park,Week3,359.0 Mount Vernon Park - 41.0 Pinewood Lake
Pinewood Lake,Week3,Mount Vernon Park,Week3,372.0 Mount Vernon Park - 24.0 Pinewood Lake
Pinewood Lake,Week5,High Point Pool,Week4,363.0 High Point Pool - 38.0 Pinewood Lake
Pleasant Valley,Week2,Greenbriar,Week2,313.0 Greenbriar - 89.0 Pleasant Valley
Pinewood Lake,Week3,High Point Pool,Week2,377.0 High Point Pool - 23.0 Pinewood Lake
Pinecrest,Week5,Poplar Heights,Week5,252.0 Pinecrest - 150.0 Poplar Heights
Pleasant Valley,Week4,Greenbriar,Week2,317.0 Greenbriar - 85.0 Pleasant Valley
Pinewood Lake,Week2,Mount Vernon Park,Week3,367.0 Mount Vernon Park - 24.0 Pinewood Lake
Pleasant Valley,Week1,Lakeview,Week2,217.0 Lakeview - 184.0 Pleasant Valley
Pleasant Valley,Week2,Lakeview,Week4,259.0 Lakeview - 142.0 Pleasant Valley
Pleasant Valley,Week5,Chesterbrook,Week4,384.0 Chesterbrook - 18.0 Pleasant Valley
Pinecrest,Week5,Poplar Tree,Week5,212.0 Pinecrest - 190.0 Poplar Tree
Pleasant Valley,Week2,Lakeview,Week3,242.0 Lakeview - 158.0 Pleasant Valley
Pleasant Valley,Week1,Lakeview,Week4,239.0 Lakeview - 163.0 Pleasant Valley
Pinewood Lake,Week1,Mount Vernon Park,Week1,359.0 Mount Vernon Park - 42.0 Pinewood Lake
Pleasant Valley,Week3,Greenbriar,Week1,288.0 Greenbriar - 114.0 Pleasant Valley
Pinecrest,Week5,Poplar Tree,Week1,238.0 Pinecrest - 164.0 Poplar Tree
Pinecrest,Week5,Poplar Heights,Week3,247.0 Pinecrest - 155.0 Poplar Heights
Pinecrest,Week4,Poplar Tree,Week5,216.0 Pinecrest - 186.0 Poplar Tree
Pleasant Valley,Week2,Lakeview,Week1,209.0 Pleasant Valley - 191.0 Lakeview
Pleasant Valley,Week3,Chesterbrook,Week3,381.0 Chesterbrook - 21.0 Pleasant Valley
Pleasant Valley,Week3,Chesterbrook,Week2,375.0 Chesterbrook - 27.0 Pleasant Valley
Pleasant Valley,Week3,Greenbriar,Week5,284.0 Greenbriar - 118.0 Pleasant Valley
Pinewood Lake,Week2,High Point Pool,Week3,367.0 High Point Pool - 34.0 Pinewood Lake
Pleasant Valley,Week3,Chesterbrook,Week5,380.0 Chesterbrook - 22.0 Pleasant Valley
Pleasant Valley,Week4,Chesterbrook,Week2,377.0 Chesterbrook - 25.0 Pleasant Valley
Pleasant Valley,Week2,Lakeview,Week2,217.0 Lakeview - 183.0 Pleasant Valley
Pleasant Valley,Week3,Lakeview,Week4,230.0 Lakeview - 172.0 Pleasant Valley
Pinewood Lake,Week1,Newington Forest,Week5,338.0 Newington Forest - 56.0 Pinewood Lake
Pinecrest,Week5,Poplar Heights,Week4,254.0 Pinecrest - 148.0 Poplar Heights
Pinecrest,Week2,Poplar Tree,Week2,252.0 Pinecrest - 150.0 Poplar Tree
Pleasant Valley,Week4,Lakeview,Week3,246.0 Lakeview - 154.0 Pleasant Valley
Pleasant Valley,Week5,Chesterbrook,Week1,374.0 Chesterbrook - 23.0 Pleasant Valley
Pinewood Lake,Week1,High Point Pool,Week4,364.0 High Point Pool - 36.0 Pinewood Lake
Pleasant Valley,Week1,Commonwealth,Week1,220.0 Commonwealth - 180.0 Pleasant Valley
Pinewood Lake,Week3,High Point Pool,Week1,359.0 High Point Pool - 40.0 Pinewood Lake
Pinewood Lake,Week1,High Point Pool,Week5,367.0 High Point Pool - 32.0 Pinewood Lake
Pleasant Valley,Week1,Hamlet,Week1,358.0 Hamlet - 40.0 Pleasant Valley
Pleasant Valley,Week4,Chesterbrook,Week1,373.0 Chesterbrook - 24.0 Pleasant Valley
Pinecrest,Week2,Poplar Tree,Week5,235.5 Pinecrest - 166.5 Poplar Tree
Pinewood Lake,Week4,Mount Vernon Park,Week4,375.0 Mount Vernon Park - 27.0 Pinewood Lake
Pleasant Valley,Week4,Greenbriar,Week4,315.0 Greenbriar - 86.0 Pleasant Valley
Pleasant Valley,Week5,Greenbriar,Week3,296.0 Greenbriar - 106.0 Pleasant Valley
Pinewood Lake,Week1,Newington Forest,Week3,336.0 Newington Forest - 59.0 Pinewood Lake
Pleasant Valley,Week2,Chesterbrook,Week5,388.0 Chesterbrook - 13.0 Pleasant Valley
Pinewood Lake,Week4,High Point Pool,Week2,377.0 High Point Pool - 23.0 Pinewood Lake
Pinewood Lake,Week5,Mount Vernon Park,Week2,369.0 Mount Vernon Park - 32.0 Pinewood Lake
Pleasant Valley,Week3,Lakeview,Week2,206.0 Pleasant Valley - 196.0 Lakeview
Pinecrest,Week3,Poplar Heights,Week1,251.0 Pinecrest - 151.0 Poplar Heights
Pleasant Valley,Week2,Lakeview,Week5,238.0 Lakeview - 154.0 Pleasant Valley
Pinecrest,Week1,Poplar Tree,Week2,240.0 Pinecrest - 162.0 Poplar Tree
Pleasant Valley,Week1,Commonwealth,Week3,267.0 Commonwealth - 134.0 Pleasant Valley
Pleasant Valley,Week4,Greenbriar,Week1,308.0 Greenbriar - 93.0 Pleasant Valley
Pinewood Lake,Week1,Newington Forest,Week2,314.0 Newington Forest - 76.0 Pinewood Lake
Pleasant Valley,Week5,Greenbriar,Week1,293.0 Greenbriar - 109.0 Pleasant Valley
Pleasant Valley,Week1,Hamlet,Week3,353.0 Hamlet - 47.0 Pleasant Valley
Pleasant Valley,Week3,Lakeview,Week3,215.0 Lakeview - 187.0 Pleasant Valley
Pleasant Valley,Week3,Lakeview,Week1,224.0 Pleasant Valley - 177.0 Lakeview
Pleasant Valley,Week1,Commonwealth,Week2,274.0 Commonwealth - 128.0 Pleasant Valley
Pinecrest,Week1,Poplar Heights,Week5,224.0 Pinecrest - 178.0 Poplar Heights
Pinewood Lake,Week1,North Springfield,Week5,253.0 North Springfield - 78.0 Pinewood Lake
Pinewood Lake,Week3,High Point Pool,Week3,379.0 High Point Pool - 22.0 Pinewood Lake
Pinewood Lake,Week2,High Point Pool,Week4,360.0 High Point Pool - 40.0 Pinewood Lake
Pinecrest,Week3,Poplar Tree,Week1,240.0 Pinecrest - 162.0 Poplar Tree
Pleasant Valley,Week5,Lakeview,Week3,240.0 Lakeview - 158.0 Pleasant Valley
Pinewood Lake,Week3,High Point Pool,Week5,368.0 High Point Pool - 27.0 Pinewood Lake
Pinewood Lake,Week2,Newington Forest,Week2,313.0 Newington Forest - 74.0 Pinewood Lake
Pinecrest,Week2,Poplar Tree,Week3,233.0 Pinecrest - 169.0 Poplar Tree
Pleasant Valley,Week1,Langley,Week2,327.0 Langley - 75.0 Pleasant Valley
Pinecrest,Week3,Poplar Tree,Week3,241.0 Pinecrest - 161.0 Poplar Tree
Pinewood Lake,Week1,Highland Park,Week5,370.0 Highland Park - 32.0 Pinewood Lake
Pinewood Lake,Week3,Newington Forest,Week4,333.0 Newington Forest - 51.0 Pinewood Lake
Pleasant Valley,Week4,Hamlet,Week4,359.0 Hamlet - 43.0 Pleasant Valley
Pleasant Valley,Week2,Hamlet,Week2,361.0 Hamlet - 41.0 Pleasant Valley
Pleasant Valley,Week5,Lakeview,Week5,232.0 Lakeview - 159.0 Pleasant Valley
Pleasant Valley,Week1,Hamlet,Week2,358.0 Hamlet - 44.0 Pleasant Valley
Pleasant Valley,Week4,Lakeview,Week5,240.0 Lakeview - 152.0 Pleasant Valley
Pinewood Lake,Week2,North Springfield,Week4,235.0 North Springfield - 123.0 Pinewood Lake
Pinewood Lake,Week3,North Springfield,Week2,255.0 North Springfield - 84.0 Pinewood Lake
Pleasant Valley,Week4,Chesterbrook,Week5,379.0 Chesterbrook - 22.0 Pleasant Valley
Pleasant Valley,Week1,Commonwealth,Week5,258.0 Commonwealth - 144.0 Pleasant Valley
Pinecrest,Week3,Poplar Tree,Week5,226.0 Pinecrest - 176.0 Poplar Tree
Pleasant Valley,Week5,Chesterbrook,Week3,381.0 Chesterbrook - 21.0 Pleasant Valley
Pinewood Lake,Week5,Highland Park,Week3,347.0 Highland Park - 49.0 Pinewood Lake
Pinewood Lake,Week1,Highland Park,Week2,372.0 Highland Park - 29.0 Pinewood Lake
Pinewood Lake,Week3,Newington Forest,Week5,345.0 Newington Forest - 55.0 Pinewood Lake
Pinecrest,Week1,Poplar Tree,Week4,256.0 Pinecrest - 146.0 Poplar Tree
Pleasant Valley,Week4,Lakeview,Week2,236.0 Lakeview - 165.0 Pleasant Valley
Pleasant Valley,Week3,Hamlet,Week4,340.5 Hamlet - 61.5 Pleasant Valley
Pinewood Lake,Week2,North Springfield,Week3,264.0 North Springfield - 89.0 Pinewood Lake
Pleasant Valley,Week1,Commonwealth,Week4,252.0 Commonwealth - 149.0 Pleasant Valley
Pinewood Lake,Week5,High Point Pool,Week5,367.0 High Point Pool - 34.0 Pinewood Lake
Pleasant Valley,Week3,Chesterbrook,Week4,382.0 Chesterbrook - 20.0 Pleasant Valley
Pleasant Valley,Week5,Greenbriar,Week5,293.0 Greenbriar - 107.0 Pleasant Valley
Pinewood Lake,Week2,Highland Park,Week5,376.0 Highland Park - 26.0 Pinewood Lake
Pleasant Valley,Week2,Commonwealth,Week4,250.0 Commonwealth - 151.0 Pleasant Valley
Pinewood Lake,Week3,Highlands Swim,Week1,388.0 Highlands Swim - 14.0 Pinewood Lake
Pleasant Valley,Week1,Langley,Week1,335.0 Langley - 67.0 Pleasant Valley
Pinecrest,Week4,Poplar Tree,Week4,250.0 Pinecrest - 152.0 Poplar Tree
Pleasant Valley,Week5,Lakeview,Week4,242.0 Lakeview - 155.0 Pleasant Valley
Pleasant Valley,Week5,Chesterbrook,Week2,380.0 Chesterbrook - 22.0 Pleasant Valley
Pleasant Valley,Week4,Hamlet,Week1,355.0 Hamlet - 38.0 Pleasant Valley
Pinecrest,Week4,Poplar Tree,Week2,241.0 Pinecrest - 161.0 Poplar Tree
Pinewood Lake,Week4,Newington Forest,Week5,338.0 Newington Forest - 63.0 Pinewood Lake
Pinecrest,Week1,Poplar Tree,Week5,207.0 Pinecrest - 195.0 Poplar Tree
Pinewood Lake,Week5,Newington Forest,Week5,326.0 Newington Forest - 75.0 Pinewood Lake
Pinewood Lake,Week2,Newington Forest,Week4,322.0 Newington Forest - 65.0 Pinewood Lake
Pleasant Valley,Week4,Hamlet,Week5,367.0 Hamlet - 34.0 Pleasant Valley
Pleasant Valley,Week3,Hamlet,Week2,352.0 Hamlet - 50.0 Pleasant Valley
Pleasant Valley,Week3,Chesterbrook,Week1,370.0 Chesterbrook - 32.0 Pleasant Valley
Pinewood Lake,Week3,Highland Park,Week5,379.0 Highland Park - 23.0 Pinewood Lake
Pinewood Lake,Week2,Highland Park,Week3,353.0 Highland Park - 43.0 Pinewood Lake
Pinewood Lake,Week5,Newington Forest,Week1,305.0 Newington Forest - 82.0 Pinewood Lake
Pinecrest,Week4,Poplar Tree,Week1,224.0 Pinecrest - 178.0 Poplar Tree
Pinecrest,Week4,Poplar Tree,Week3,226.0 Pinecrest - 176.0 Poplar Tree
Pinewood Lake,Week3,Highland Park,Week1,373.0 Highland Park - 28.0 Pinewood Lake
Pleasant Valley,Week4,Chesterbrook,Week3,382.0 Chesterbrook - 20.0 Pleasant Valley
Pleasant Valley,Week4,Lakeview,Week4,262.0 Lakeview - 139.0 Pleasant Valley
Pinewood Lake,Week5,Highland Park,Week5,366.0 Highland Park - 36.0 Pinewood Lake
Pleasant Valley,Week2,Chesterbrook,Week3,384.0 Chesterbrook - 18.0 Pleasant Valley
Pleasant Valley,Week5,Hamlet,Week3,342.0 Hamlet - 56.0 Pleasant Valley
Pleasant Valley,Week1,Langley,Week3,340.0 Langley - 62.0 Pleasant Valley
Pleasant Valley,Week4,Lakeview,Week1,223.0 Lakeview - 176.0 Pleasant Valley
Pleasant Valley,Week2,Commonwealth,Week1,231.0 Commonwealth - 168.0 Pleasant Valley
Pleasant Valley,Week3,Hamlet,Week5,362.0 Hamlet - 40.0 Pleasant Valley
Pinewood Lake,Week5,Newington Forest,Week3,325.0 Newington Forest - 73.0 Pinewood Lake
Pinecrest,Week5,Poplar Tree,Week2,244.0 Pinecrest - 153.0 Poplar Tree
Pleasant Valley,Week5,Lakeview,Week1,208.0 Lakeview - 190.0 Pleasant Valley
Pleasant Valley,Week3,Commonwealth,Week2,259.5 Commonwealth - 141.5 Pleasant Valley
Pinewood Lake,Week4,Highland Park,Week4,377.0 Highland Park - 24.0 Pinewood Lake
Pinewood Lake,Week1,Highlands Swim,Week5,364.0 Highlands Swim - 38.0 Pinewood Lake
Pleasant Valley,Week1,Langley,Week5,328.0 Langley - 74.0 Pleasant Valley
Pinecrest,Week1,Poplar Tree,Week3,231.0 Pinecrest - 171.0 Poplar Tree
Pinecrest,Week2,Poplar Tree,Week1,242.0 Pinecrest - 160.0 Poplar Tree
Pinewood Lake,Week4,Newington Forest,Week2,309.0 Newington Forest - 77.0 Pinewood Lake
Pleasant Valley,Week2,Langley,Week1,337.0 Langley - 65.0 Pleasant Valley
Pinewood Lake,Week1,Highlands Swim,Week3,366.0 Highlands Swim - 35.0 Pinewood Lake
Pleasant Valley,Week2,Langley,Week3,345.0 Langley - 57.0 Pleasant Valley
Pinewood Lake,Week2,Highlands Swim,Week2,386.0 Highlands Swim - 16.0 Pinewood Lake
Pinecrest,Week3,Poplar Tree,Week4,265.0 Pinecrest - 137.0 Poplar Tree
Pleasant Valley,Week1,Langley,Week4,338.0 Langley - 64.0 Pleasant Valley
Pinewood Lake,Week1,North Springfield,Week2,258.0 North Springfield - 86.0 Pinewood Lake
Pleasant Valley,Week3,Commonwealth,Week1,210.0 Commonwealth - 189.0 Pleasant Valley
Pleasant Valley,Week5,Hamlet,Week1,350.0 Hamlet - 51.0 Pleasant Valley
Pinewood Lake,Week4,Newington Forest,Week3,328.0 Newington Forest - 69.0 Pinewood Lake
Pinewood Lake,Week4,Newington Forest,Week1,317.0 Newington Forest - 67.0 Pinewood Lake
Pinecrest,Week2,Poplar Tree,Week4,266.0 Pinecrest - 136.0 Poplar Tree
Pinewood Lake,Week2,Highland Park,Week4,376.0 Highland Park - 25.0 Pinewood Lake
Pleasant Valley,Week3,Commonwealth,Week3,257.0 Commonwealth - 143.0 Pleasant Valley
Pinewood Lake,Week2,Newington Forest,Week3,331.0 Newington Forest - 65.0 Pinewood Lake
Pleasant Valley,Week2,Cottontail,Week4,308.0 Cottontail - 93.0 Pleasant Valley
Pleasant Valley,Week3,Commonwealth,Week5,256.0 Commonwealth - 146.0 Pleasant Valley
Pleasant Valley,Week2,Langley,Week2,325.0 Langley - 77.0 Pleasant Valley
Pinewood Lake,Week3,Newington Forest,Week2,316.0 Newington Forest - 68.0 Pinewood Lake
Pleasant Valley,Week2,Hamlet,Week5,361.0 Hamlet - 41.0 Pleasant Valley
Pinecrest,Week5,Poplar Tree,Week3,227.0 Pinecrest - 175.0 Poplar Tree
Pleasant Valley,Week5,Hamlet,Week4,341.0 Hamlet - 61.0 Pleasant Valley
Pleasant Valley,Week5,Hamlet,Week5,362.0 Hamlet - 39.0 Pleasant Valley
Pinecrest,Week3,Poplar Tree,Week2,255.0 Pinecrest - 147.0 Poplar Tree
Pleasant Valley,Week2,Hamlet,Week3,359.0 Hamlet - 41.0 Pleasant Valley
Pleasant Valley,Week2,Hamlet,Week4,354.0 Hamlet - 48.0 Pleasant Valley
Pleasant Valley,Week3,Commonwealth,Week4,237.0 Commonwealth - 163.0 Pleasant Valley
Pinewood Lake,Week5,Highland Park,Week2,367.0 Highland Park - 34.0 Pinewood Lake
Pleasant Valley,Week3,Langley,Week1,324.0 Langley - 78.0 Pleasant Valley
Pinecrest,Week1,Ravensworth Farm,Week2,257.0 Pinecrest - 145.0 Ravensworth Farm
Pleasant Valley,Week3,Hamlet,Week1,349.0 Hamlet - 53.0 Pleasant Valley
Pleasant Valley,Week3,Langley,Week2,314.0 Langley - 88.0 Pleasant Valley
Pleasant Valley,Week5,Lakeview,Week2,220.0 Lakeview - 180.0 Pleasant Valley
Pleasant Valley,Week2,Langley,Week5,333.0 Langley - 69.0 Pleasant Valley
Pleasant Valley,Week4,Hamlet,Week3,360.0 Hamlet - 37.0 Pleasant Valley
Pinewood Lake,Week2,Highlands Swim,Week5,376.0 Highlands Swim - 26.0 Pinewood Lake
Pinewood Lake,Week1,Highlands Swim,Week1,377.0 Highlands Swim - 25.0 Pinewood Lake
Pinecrest,Week5,Poplar Tree,Week4,244.0 Pinecrest - 158.0 Poplar Tree
Pleasant Valley,Week5,Commonwealth,Week1,218.0 Commonwealth - 169.0 Pleasant Valley
Pinecrest,Week1,Poplar Tree,Week1,234.0 Pinecrest - 168.0 Poplar Tree
Pleasant Valley,Week3,Hamlet,Week3,347.0 Hamlet - 54.0 Pleasant Valley
Pinewood Lake,Week1,North Springfield,Week3,275.0 North Springfield - 74.0 Pinewood Lake
Pleasant Valley,Week4,Hamlet,Week2,364.0 Hamlet - 37.0 Pleasant Valley
Pinewood Lake,Week5,Newington Forest,Week2,306.0 Newington Forest - 86.0 Pinewood Lake
Pinewood Lake,Week2,Highlands Swim,Week4,375.0 Highlands Swim - 26.0 Pinewood Lake
Pinewood Lake,Week1,North Springfield,Week4,256.0 North Springfield - 94.0 Pinewood Lake
Pleasant Valley,Week4,Cottontail,Week2,332.0 Cottontail - 70.0 Pleasant Valley
Pinewood Lake,Week2,Highland Park,Week2,368.0 Highland Park - 34.0 Pinewood Lake
Pleasant Valley,Week3,Laurel Hill,Week2,223.0 Pleasant Valley - 178.0 Laurel Hill
Pleasant Valley,Week4,Commonwealth,Week3,283.0 Commonwealth - 110.0 Pleasant Valley
Pleasant Valley,Week2,Langley,Week4,342.0 Langley - 60.0 Pleasant Valley
Pleasant Valley,Week2,Hamlet,Week1,359.0 Hamlet - 39.0 Pleasant Valley
Pinewood Lake,Week3,Highland Park,Week3,365.0 Highland Park - 31.0 Pinewood Lake
Pinewood Lake,Week3,Newington Forest,Week3,344.0 Newington Forest - 52.0 Pinewood Lake
Pinewood Lake,Week5,Newington Forest,Week4,309.0 Newington Forest - 80.0 Pinewood Lake
Pleasant Valley,Week4,Commonwealth,Week5,285.0 Commonwealth - 115.0 Pleasant Valley
Pinecrest,Week1,Ravensworth Farm,Week3,219.0 Pinecrest - 183.0 Ravensworth Farm
Pinecrest,Week1,Ravensworth Farm,Week1,240.0 Pinecrest - 162.0 Ravensworth Farm
Pleasant Valley,Week4,Commonwealth,Week1,241.0 Commonwealth - 150.0 Pleasant Valley
Pinewood Lake,Week1,North Springfield,Week1,206.0 North Springfield - 93.0 Pinewood Lake
Pleasant Valley,Week1,Hamlet,Week4,348.0 Hamlet - 54.0 Pleasant Valley
Pinewood Lake,Week1,Highlands Swim,Week4,370.0 Highlands Swim - 31.0 Pinewood Lake
Pleasant Valley,Week1,Cottontail,Week1,322.0 Cottontail - 80.0 Pleasant Valley
Pinewood Lake,Week3,Highland Park,Week2,372.0 Highland Park - 30.0 Pinewood Lake
Pleasant Valley,Week3,Langley,Week4,328.0 Langley - 74.0 Pleasant Valley
Pleasant Valley,Week3,Hayfield Farm,Week3,303.0 Hayfield Farm - 99.0 Pleasant Valley
Pleasant Valley,Week2,Cottontail,Week3,307.0 Cottontail - 95.0 Pleasant Valley
Pinewood Lake,Week4,Newington Forest,Week4,320.0 Newington Forest - 68.0 Pinewood Lake
Pinewood Lake,Week3,Newington Forest,Week1,324.0 Newington Forest - 58.0 Pinewood Lake
Pleasant Valley,Week1,Herndon,Week1,209.0 Pleasant Valley - 187.0 Herndon
Pinewood Lake,Week2,North Springfield,Week1,199.0 North Springfield - 99.0 Pinewood Lake
Pleasant Valley,Week3,Laurel Hill,Week5,248.0 Laurel Hill - 153.0 Pleasant Valley
Pinewood Lake,Week4,Highland Park,Week1,369.5 Highland Park - 31.5 Pinewood Lake
Pleasant Valley,Week1,Hamlet,Week5,363.0 Hamlet - 39.0 Pleasant Valley
Pleasant Valley,Week1,Laurel Hill,Week2,204.0 Laurel Hill - 192.0 Pleasant Valley
Pleasant Valley,Week1,Hayfield Farm,Week1,318.0 Hayfield Farm - 84.0 Pleasant Valley
Pinewood Lake,Week2,Highlands Swim,Week1,383.0 Highlands Swim - 19.0 Pinewood Lake
Pleasant Valley,Week5,Commonwealth,Week3,253.0 Commonwealth - 140.0 Pleasant Valley
Pleasant Valley,Week5,Commonwealth,Week4,238.0 Commonwealth - 149.0 Pleasant Valley
Pleasant Valley,Week1,Laurel Hill,Week4,245.0 Laurel Hill - 156.0 Pleasant Valley
Pleasant Valley,Week1,Cottontail,Week5,313.0 Cottontail - 88.0 Pleasant Valley
Pinecrest,Week1,Ravensworth Farm,Week5,229.0 Pinecrest - 173.0 Ravensworth Farm
Pinewood Lake,Week3,Highland Park,Week4,381.0 Highland Park - 20.0 Pinewood Lake
Pinecrest,Week1,Ravensworth Farm,Week4,237.0 Pinecrest - 165.0 Ravensworth Farm
Pinewood Lake,Week4,Highland Park,Week3,351.0 Highland Park - 45.0 Pinewood Lake
Pinewood Lake,Week2,Newington Forest,Week5,338.0 Newington Forest - 63.0 Pinewood Lake
Pinewood Lake,Week2,North Springfield,Week2,249.0 North Springfield - 98.0 Pinewood Lake
Pleasant Valley,Week5,Hamlet,Week2,354.0 Hamlet - 47.0 Pleasant Valley
Pleasant Valley,Week4,Langley,Week4,347.0 Langley - 55.0 Pleasant Valley
Pleasant Valley,Week1,Cottontail,Week4,315.0 Cottontail - 86.0 Pleasant Valley
Pinecrest,Week2,Ravensworth Farm,Week1,242.0 Pinecrest - 160.0 Ravensworth Farm
Pleasant Valley,Week3,Langley,Week5,319.0 Langley - 83.0 Pleasant Valley
Pleasant Valley,Week5,Langley,Week5,322.0 Langley - 78.0 Pleasant Valley
Pleasant Valley,Week2,Laurel Hill,Week1,222.0 Laurel Hill - 178.0 Pleasant Valley
Pinewood Lake,Week5,Highland Park,Week1,367.0 Highland Park - 34.0 Pinewood Lake
Pleasant Valley,Week3,Cottontail,Week1,295.0 Cottontail - 107.0 Pleasant Valley
Pinewood Lake,Week4,Highland Park,Week5,375.0 Highland Park - 27.0 Pinewood Lake
Pinewood Lake,Week3,North Springfield,Week3,273.0 North Springfield - 72.0 Pinewood Lake
Pleasant Valley,Week1,Laurel Hill,Week5,265.0 Laurel Hill - 135.0 Pleasant Valley
Pleasant Valley,Week3,Hayfield Farm,Week4,290.0 Hayfield Farm - 112.0 Pleasant Valley
Pinewood Lake,Week5,Highland Park,Week4,369.0 Highland Park - 32.0 Pinewood Lake
Pinewood Lake,Week2,Highlands Swim,Week3,377.0 Highlands Swim - 24.0 Pinewood Lake
Pleasant Valley,Week3,Cottontail,Week4,276.0 Cottontail - 126.0 Pleasant Valley
Pinewood Lake,Week2,North Springfield,Week5,242.0 North Springfield - 91.0 Pinewood Lake
Pinewood Lake,Week4,Highland Park,Week2,370.0 Highland Park - 31.0 Pinewood Lake
Pinewood Lake,Week3,North Springfield,Week1,202.0 North Springfield - 85.0 Pinewood Lake
Pinewood Lake,Week4,North Springfield,Week4,242.0 North Springfield - 109.0 Pinewood Lake
Pleasant Valley,Week2,Cottontail,Week1,318.0 Cottontail - 84.0 Pleasant Valley
Pleasant Valley,Week3,Cottontail,Week2,287.0 Cottontail - 115.0 Pleasant Valley
Pleasant Valley,Week5,Langley,Week4,328.0 Langley - 73.0 Pleasant Valley
Pleasant Valley,Week5,Commonwealth,Week5,250.0 Commonwealth - 150.0 Pleasant Valley
Pleasant Valley,Week5,Hayfield Farm,Week3,313.0 Hayfield Farm - 89.0 Pleasant Valley
Pleasant Valley,Week3,Hayfield Farm,Week2,295.0 Hayfield Farm - 107.0 Pleasant Valley
Pleasant Valley,Week2,Hayfield Farm,Week5,295.0 Hayfield Farm - 107.0 Pleasant Valley
Pleasant Valley,Week4,Langley,Week1,342.0 Langley - 60.0 Pleasant Valley
Pinewood Lake,Week3,Oakton ,Week4,391.0 Oakton - 11.0 Pinewood Lake
Pleasant Valley,Week1,Cottontail,Week3,307.0 Cottontail - 95.0 Pleasant Valley
Pinewood Lake,Week4,North Springfield,Week1,193.0 North Springfield - 100.0 Pinewood Lake
Pleasant Valley,Week3,Hayfield Farm,Week5,285.0 Hayfield Farm - 117.0 Pleasant Valley
Pinewood Lake,Week3,Highlands Swim,Week3,378.0 Highlands Swim - 22.0 Pinewood Lake
Pleasant Valley,Week4,Hayfield Farm,Week3,326.0 Hayfield Farm - 72.0 Pleasant Valley
Pleasant Valley,Week4,Hayfield Farm,Week2,326.0 Hayfield Farm - 76.0 Pleasant Valley
Pleasant Valley,Week1,Laurel Hill,Week3,256.0 Laurel Hill - 144.0 Pleasant Valley
Pleasant Valley,Week5,Commonwealth,Week2,269.0 Commonwealth - 130.0 Pleasant Valley
Pinewood Lake,Week1,Highlands Swim,Week2,374.0 Highlands Swim - 28.0 Pinewood Lake
Pleasant Valley,Week3,Laurel Hill,Week1,207.0 Pleasant Valley - 194.0 Laurel Hill
Pleasant Valley,Week4,Hayfield Farm,Week5,311.0 Hayfield Farm - 91.0 Pleasant Valley
Pinewood Lake,Week4,North Springfield,Week2,238.0 North Springfield - 109.0 Pinewood Lake
Pinewood Lake,Week2,Oakton ,Week1,388.0 Oakton - 9.0 Pinewood Lake
Pleasant Valley,Week1,Herndon,Week3,215.0 Pleasant Valley - 183.0 Herndon
Pinewood Lake,Week5,Oakton ,Week3,371.0 Oakton - 21.0 Pinewood Lake
Pleasant Valley,Week4,Langley,Week2,324.0 Langley - 77.0 Pleasant Valley
Pinewood Lake,Week3,Highlands Swim,Week4,381.0 Highlands Swim - 20.0 Pinewood Lake
Pleasant Valley,Week2,Laurel Hill,Week4,247.0 Laurel Hill - 153.0 Pleasant Valley
Pinewood Lake,Week2,Oakton ,Week5,385.0 Oakton - 16.0 Pinewood Lake
Pleasant Valley,Week5,Hayfield Farm,Week5,302.0 Hayfield Farm - 100.0 Pleasant Valley
Pinewood Lake,Week4,Highlands Swim,Week2,386.0 Highlands Swim - 16.0 Pinewood Lake
Pleasant Valley,Week4,Commonwealth,Week4,278.0 Commonwealth - 113.0 Pleasant Valley
Pinewood Lake,Week3,Hollin Hills,Week3,305.0 Hollin Hills - 80.0 Pinewood Lake
Pleasant Valley,Week1,Cottontail,Week2,320.0 Cottontail - 82.0 Pleasant Valley
Pinewood Lake,Week3,Highlands Swim,Week5,379.0 Highlands Swim - 23.0 Pinewood Lake
Pleasant Valley,Week5,Hayfield Farm,Week4,302.0 Hayfield Farm - 100.0 Pleasant Valley
Pleasant Valley,Week5,Langley,Week2,316.0 Langley - 85.0 Pleasant Valley
Pleasant Valley,Week2,Country Club Hills,Week2,285.5 Country Club Hills - 116.5 Pleasant Valley
Pleasant Valley,Week4,Commonwealth,Week2,301.0 Commonwealth - 99.0 Pleasant Valley
Pleasant Valley,Week1,Hayfield Farm,Week5,304.0 Hayfield Farm - 98.0 Pleasant Valley
Pinewood Lake,Week1,Oakton ,Week1,378.0 Oakton - 19.0 Pinewood Lake
Pleasant Valley,Week2,Laurel Hill,Week2,206.0 Laurel Hill - 190.0 Pleasant Valley
Pleasant Valley,Week5,Cottontail,Week2,309.0 Cottontail - 93.0 Pleasant Valley
Pleasant Valley,Week4,Cottontail,Week1,323.0 Cottontail - 79.0 Pleasant Valley
Pinewood Lake,Week2,Oakton ,Week2,386.0 Oakton - 16.0 Pinewood Lake
Pleasant Valley,Week5,Langley,Week3,337.0 Langley - 65.0 Pleasant Valley
Pleasant Valley,Week4,Langley,Week5,336.0 Langley - 66.0 Pleasant Valley
Pleasant Valley,Week2,Hayfield Farm,Week2,316.0 Hayfield Farm - 86.0 Pleasant Valley
Pinewood Lake,Week4,North Springfield,Week5,242.0 North Springfield - 89.0 Pinewood Lake
Pleasant Valley,Week2,Hayfield Farm,Week1,308.0 Hayfield Farm - 94.0 Pleasant Valley
Pinewood Lake,Week3,Highlands Swim,Week2,390.0 Highlands Swim - 12.0 Pinewood Lake
Pinewood Lake,Week4,North Springfield,Week3,270.0 North Springfield - 84.0 Pinewood Lake
Pinewood Lake,Week1,Hollin Hills,Week4,291.0 Hollin Hills - 81.0 Pinewood Lake
Pleasant Valley,Week5,Hayfield Farm,Week2,305.0 Hayfield Farm - 97.0 Pleasant Valley
Pleasant Valley,Week4,Cottontail,Week5,328.0 Cottontail - 73.0 Pleasant Valley
Pleasant Valley,Week1,Hayfield Farm,Week4,319.0 Hayfield Farm - 83.0 Pleasant Valley
Pleasant Valley,Week5,Langley,Week1,327.0 Langley - 73.0 Pleasant Valley
Pinewood Lake,Week5,North Springfield,Week2,245.0 North Springfield - 112.0 Pinewood Lake
Pinewood Lake,Week1,Hollin Meadows,Week1,361.0 Hollin Meadows - 36.0 Pinewood Lake
Pleasant Valley,Week4,Hayfield Farm,Week1,321.0 Hayfield Farm - 81.0 Pleasant Valley
Pleasant Valley,Week1,Hayfield Farm,Week3,323.0 Hayfield Farm - 79.0 Pleasant Valley
Pinewood Lake,Week5,North Springfield,Week3,262.0 North Springfield - 100.0 Pinewood Lake
Pinewood Lake,Week2,Hollin Hills,Week5,262.0 Hollin Hills - 108.0 Pinewood Lake
Pleasant Valley,Week3,Laurel Hill,Week3,236.0 Laurel Hill - 166.0 Pleasant Valley
Pleasant Valley,Week2,Cottontail,Week5,325.0 Cottontail - 76.0 Pleasant Valley
Pinewood Lake,Week4,Hollin Hills,Week3,284.0 Hollin Hills - 104.0 Pinewood Lake
Pleasant Valley,Week2,Cottontail,Week2,325.0 Cottontail - 77.0 Pleasant Valley
Pinewood Lake,Week5,Highlands Swim,Week1,381.0 Highlands Swim - 21.0 Pinewood Lake
Pinewood Lake,Week5,North Springfield,Week4,235.0 North Springfield - 121.0 Pinewood Lake
Pleasant Valley,Week3,Langley,Week3,325.0 Langley - 77.0 Pleasant Valley
Pleasant Valley,Week4,Langley,Week3,341.0 Langley - 61.0 Pleasant Valley
Pinewood Lake,Week5,North Springfield,Week1,196.0 North Springfield - 105.0 Pinewood Lake
Pleasant Valley,Week4,Hayfield Farm,Week4,322.0 Hayfield Farm - 80.0 Pleasant Valley
Pleasant Valley,Week3,Cottontail,Week5,302.0 Cottontail - 100.0 Pleasant Valley
Pinewood Lake,Week2,Hollin Hills,Week3,280.0 Hollin Hills - 105.0 Pinewood Lake
Pleasant Valley,Week4,Cottontail,Week4,306.0 Cottontail - 90.0 Pleasant Valley
Pinewood Lake,Week3,North Springfield,Week4,241.0 North Springfield - 107.0 Pinewood Lake
Pleasant Valley,Week2,Laurel Hill,Week5,258.0 Laurel Hill - 141.0 Pleasant Valley
Pinewood Lake,Week3,North Springfield,Week5,249.0 North Springfield - 72.0 Pinewood Lake
Pleasant Valley,Week1,Herndon,Week2,214.0 Pleasant Valley - 185.0 Herndon
Pleasant Valley,Week2,Laurel Hill,Week3,248.0 Laurel Hill - 152.0 Pleasant Valley
Pleasant Valley,Week1,Laurel Hill,Week1,216.0 Laurel Hill - 186.0 Pleasant Valley
Pinewood Lake,Week5,Highlands Swim,Week5,376.0 Highlands Swim - 26.0 Pinewood Lake
Pleasant Valley,Week1,Country Club Hills,Week1,293.0 Country Club Hills - 109.0 Pleasant Valley
Pleasant Valley,Week3,Cottontail,Week3,276.0 Cottontail - 126.0 Pleasant Valley
Pinewood Lake,Week5,Hollin Hills,Week3,301.0 Hollin Hills - 89.0 Pinewood Lake
Pleasant Valley,Week4,Lee Graham,Week2,357.0 Lee Graham - 45.0 Pleasant Valley
Pleasant Valley,Week3,Lee Graham,Week2,344.0 Lee Graham - 58.0 Pleasant Valley
Pleasant Valley,Week4,Herndon,Week1,206.0 Herndon - 184.0 Pleasant Valley
Pinewood Lake,Week3,Oakton ,Week1,386.0 Oakton - 16.0 Pinewood Lake
Pinewood Lake,Week2,Hollin Hills,Week1,263.0 Hollin Hills - 111.0 Pinewood Lake
Pinewood Lake,Week1,Oakton ,Week5,379.0 Oakton - 22.0 Pinewood Lake
Pleasant Valley,Week5,Hayfield Farm,Week1,308.0 Hayfield Farm - 94.0 Pleasant Valley
Pleasant Valley,Week1,Lee Graham,Week5,351.0 Lee Graham - 51.0 Pleasant Valley
Pinewood Lake,Week4,Highlands Swim,Week3,379.0 Highlands Swim - 21.0 Pinewood Lake
Pinewood Lake,Week4,Highlands Swim,Week4,382.0 Highlands Swim - 18.0 Pinewood Lake
Pinewood Lake,Week4,Hollin Hills,Week2,255.0 Hollin Hills - 119.0 Pinewood Lake
Pleasant Valley,Week2,Lee Graham,Week3,362.0 Lee Graham - 40.0 Pleasant Valley
Pleasant Valley,Week2,Country Club Hills,Week1,276.0 Country Club Hills - 126.0 Pleasant Valley
Pleasant Valley,Week2,Country Club Hills,Week4,284.0 Country Club Hills - 113.0 Pleasant Valley
Pinewood Lake,Week1,Hollin Hills,Week2,272.0 Hollin Hills - 93.0 Pinewood Lake
Pleasant Valley,Week5,Cottontail,Week1,305.0 Cottontail - 97.0 Pleasant Valley
Pleasant Valley,Week2,Hayfield Farm,Week4,321.0 Hayfield Farm - 81.0 Pleasant Valley
Pleasant Valley,Week1,Lee Graham,Week1,346.0 Lee Graham - 56.0 Pleasant Valley
Pleasant Valley,Week4,Herndon,Week5,201.0 Herndon - 195.0 Pleasant Valley
Pleasant Valley,Week2,Hayfield Farm,Week3,322.0 Hayfield Farm - 80.0 Pleasant Valley
Pinewood Lake,Week1,Hollin Hills,Week5,274.0 Hollin Hills - 93.0 Pinewood Lake
Pleasant Valley,Week5,Cottontail,Week4,297.0 Cottontail - 105.0 Pleasant Valley
Pleasant Valley,Week1,Hiddenbrook,Week1,271.0 Hiddenbrook - 127.0 Pleasant Valley
Pinewood Lake,Week1,Oakton ,Week4,380.0 Oakton - 21.0 Pinewood Lake
Pleasant Valley,Week1,Hayfield Farm,Week2,316.0 Hayfield Farm - 86.0 Pleasant Valley
Pleasant Valley,Week1,Country Club Hills,Week4,289.0 Country Club Hills - 108.0 Pleasant Valley
Pleasant Valley,Week3,Hayfield Farm,Week1,289.0 Hayfield Farm - 113.0 Pleasant Valley
Pinewood Lake,Week5,Highlands Swim,Week3,376.0 Highlands Swim - 24.0 Pinewood Lake
Pleasant Valley,Week1,Country Club Hills,Week5,305.0 Country Club Hills - 96.0 Pleasant Valley
Pleasant Valley,Week1,Country Club Hills,Week3,274.0 Country Club Hills - 127.0 Pleasant Valley
Pinewood Lake,Week1,Oakton ,Week2,383.0 Oakton - 19.0 Pinewood Lake
Pinewood Lake,Week2,Oakton ,Week3,381.0 Oakton - 11.0 Pinewood Lake
Pinewood Lake,Week2,Oakton ,Week4,386.0 Oakton - 16.0 Pinewood Lake
Pinewood Lake,Week3,Oakton ,Week2,387.0 Oakton - 15.0 Pinewood Lake
Pleasant Valley,Week3,Lee Graham,Week4,341.0 Lee Graham - 61.0 Pleasant Valley
Pleasant Valley,Week3,Laurel Hill,Week4,229.0 Laurel Hill - 172.0 Pleasant Valley
Pinewood Lake,Week4,Hollin Hills,Week5,272.0 Hollin Hills - 113.0 Pinewood Lake
Pleasant Valley,Week5,Laurel Hill,Week1,214.0 Laurel Hill - 186.0 Pleasant Valley
Pinewood Lake,Week3,Oakton ,Week5,388.0 Oakton - 13.0 Pinewood Lake
Pleasant Valley,Week1,Country Club Hills,Week2,289.0 Country Club Hills - 113.0 Pleasant Valley
Pleasant Valley,Week4,Laurel Hill,Week1,237.0 Laurel Hill - 161.0 Pleasant Valley
Pleasant Valley,Week4,Laurel Hill,Week3,268.0 Laurel Hill - 133.0 Pleasant Valley
Pleasant Valley,Week3,Country Club Hills,Week2,274.0 Country Club Hills - 128.0 Pleasant Valley
Pleasant Valley,Week3,Country Club Hills,Week4,264.0 Country Club Hills - 138.0 Pleasant Valley
Pleasant Valley,Week3,Country Club Hills,Week5,285.0 Country Club Hills - 117.0 Pleasant Valley
Pinewood Lake,Week4,Oakton ,Week5,386.0 Oakton - 15.0 Pinewood Lake
Pleasant Valley,Week5,Lee Graham,Week4,342.0 Lee Graham - 60.0 Pleasant Valley
Pleasant Valley,Week3,Herndon,Week3,237.0 Pleasant Valley - 165.0 Herndon
Pleasant Valley,Week4,Cottontail,Week3,322.0 Cottontail - 80.0 Pleasant Valley
Pleasant Valley,Week2,Hiddenbrook,Week2,238.0 Hiddenbrook - 163.0 Pleasant Valley
Pleasant Valley,Week2,Lee Graham,Week2,360.0 Lee Graham - 42.0 Pleasant Valley
Pinewood Lake,Week1,Hollin Hills,Week3,313.0 Hollin Hills - 70.0 Pinewood Lake
Pinewood Lake,Week4,Oakton ,Week1,383.0 Oakton - 19.0 Pinewood Lake
Pleasant Valley,Week2,Hiddenbrook,Week5,309.0 Hiddenbrook - 92.0 Pleasant Valley
Pinewood Lake,Week3,Oakton ,Week3,387.0 Oakton - 5.0 Pinewood Lake
Pinewood Lake,Week3,Hollin Hills,Week2,281.0 Hollin Hills - 86.0 Pinewood Lake
Pleasant Valley,Week2,Hiddenbrook,Week3,267.0 Hiddenbrook - 134.0 Pleasant Valley
Pinewood Lake,Week1,Oakton ,Week3,375.0 Oakton - 17.0 Pinewood Lake
Pleasant Valley,Week5,Cottontail,Week5,313.0 Cottontail - 89.0 Pleasant Valley
Pinewood Lake,Week4,Oakton ,Week3,375.0 Oakton - 17.0 Pinewood Lake
Pleasant Valley,Week3,Herndon,Week4,229.0 Pleasant Valley - 172.0 Herndon
Pinewood Lake,Week2,Hollin Hills,Week4,289.0 Hollin Hills - 88.0 Pinewood Lake
Pinewood Lake,Week1,Hollin Hills,Week1,278.0 Hollin Hills - 98.0 Pinewood Lake
Pinewood Lake,Week4,Hollin Hills,Week4,280.0 Hollin Hills - 100.0 Pinewood Lake
Pleasant Valley,Week4,Laurel Hill,Week4,271.0 Laurel Hill - 126.0 Pleasant Valley
Pinewood Lake,Week5,North Springfield,Week5,246.0 North Springfield - 91.0 Pinewood Lake
Pleasant Valley,Week1,Hiddenbrook,Week3,272.0 Hiddenbrook - 129.0 Pleasant Valley
Pinewood Lake,Week5,Highlands Swim,Week4,380.0 Highlands Swim - 20.0 Pinewood Lake
Pleasant Valley,Week5,Laurel Hill,Week4,235.0 Laurel Hill - 158.0 Pleasant Valley
Pleasant Valley,Week5,Country Club Hills,Week1,270.0 Country Club Hills - 126.0 Pleasant Valley
Pleasant Valley,Week5,Cottontail,Week3,308.0 Cottontail - 94.0 Pleasant Valley
Pleasant Valley,Week3,Country Club Hills,Week3,262.0 Country Club Hills - 140.0 Pleasant Valley
Pleasant Valley,Week4,Country Club Hills,Week1,293.0 Country Club Hills - 109.0 Pleasant Valley
Pinewood Lake,Week5,Oakton ,Week2,380.0 Oakton - 22.0 Pinewood Lake
Pleasant Valley,Week1,Herndon,Week5,228.0 Pleasant Valley - 170.0 Herndon
Pinewood Lake,Week5,Oakton ,Week4,385.0 Oakton - 17.0 Pinewood Lake
Pinewood Lake,Week4,Oakton ,Week4,385.0 Oakton - 17.0 Pinewood Lake
Pleasant Valley,Week2,Lee Graham,Week1,349.0 Lee Graham - 53.0 Pleasant Valley
Pinewood Lake,Week1,Old Keene Mill,Week4,327.0 Old Keene Mill - 70.0 Pinewood Lake
Pleasant Valley,Week4,Country Club Hills,Week4,298.5 Country Club Hills - 103.5 Pleasant Valley
Pleasant Valley,Week1,Lee Graham,Week4,351.0 Lee Graham - 51.0 Pleasant Valley
Pleasant Valley,Week2,Lee Graham,Week4,355.0 Lee Graham - 47.0 Pleasant Valley
Pleasant Valley,Week5,Country Club Hills,Week4,275.0 Country Club Hills - 122.0 Pleasant Valley
Pinewood Lake,Week3,Hollin Hills,Week4,292.0 Hollin Hills - 83.0 Pinewood Lake
Pleasant Valley,Week1,Lee Graham,Week2,350.0 Lee Graham - 52.0 Pleasant Valley
Pinewood Lake,Week3,Hollin Hills,Week1,276.0 Hollin Hills - 100.0 Pinewood Lake
Pleasant Valley,Week2,Herndon,Week5,220.5 Pleasant Valley - 177.5 Herndon
Pinewood Lake,Week5,Oakton ,Week1,380.0 Oakton - 22.0 Pinewood Lake
Pleasant Valley,Week2,Herndon,Week3,219.0 Pleasant Valley - 179.0 Herndon
Pleasant Valley,Week5,Herndon,Week3,223.0 Pleasant Valley - 170.0 Herndon
Pleasant Valley,Week5,Herndon,Week2,216.0 Pleasant Valley - 177.0 Herndon
Pinewood Lake,Week4,Highlands Swim,Week1,381.0 Highlands Swim - 21.0 Pinewood Lake
Pleasant Valley,Week4,Laurel Hill,Week2,227.0 Laurel Hill - 159.0 Pleasant Valley
Pleasant Valley,Week4,Laurel Hill,Week5,274.0 Laurel Hill - 118.0 Pleasant Valley
Pinewood Lake,Week4,Highlands Swim,Week5,378.0 Highlands Swim - 24.0 Pinewood Lake
Pleasant Valley,Week2,Herndon,Week1,206.0 Pleasant Valley - 191.0 Herndon
Pleasant Valley,Week4,Country Club Hills,Week2,304.0 Country Club Hills - 98.0 Pleasant Valley
Pinewood Lake,Week5,Highlands Swim,Week2,383.0 Highlands Swim - 19.0 Pinewood Lake
Pinewood Lake,Week2,Hollin Hills,Week2,261.0 Hollin Hills - 108.0 Pinewood Lake
Pinewood Lake,Week4,Oakton ,Week2,382.0 Oakton - 20.0 Pinewood Lake
Pleasant Valley,Week5,Herndon,Week4,228.0 Pleasant Valley - 164.0 Herndon
Pinewood Lake,Week5,Hollin Hills,Week5,272.0 Hollin Hills - 110.0 Pinewood Lake
Pleasant Valley,Week3,Herndon,Week1,227.0 Pleasant Valley - 174.0 Herndon
Pinewood Lake,Week5,Hollin Hills,Week4,282.0 Hollin Hills - 97.0 Pinewood Lake
Pinewood Lake,Week2,Old Keene Mill,Week4,332.0 Old Keene Mill - 67.0 Pinewood Lake
Pleasant Valley,Week5,Laurel Hill,Week5,255.5 Laurel Hill - 137.5 Pleasant Valley
Pleasant Valley,Week4,Lee Graham,Week1,346.0 Lee Graham - 50.0 Pleasant Valley
Pinewood Lake,Week2,Old Keene Mill,Week5,337.0 Old Keene Mill - 62.0 Pinewood Lake
Pleasant Valley,Week3,Herndon,Week5,243.0 Pleasant Valley - 158.0 Herndon
Pleasant Valley,Week3,Lee Graham,Week3,343.0 Lee Graham - 59.0 Pleasant Valley
Pinewood Lake,Week5,Hollin Meadows,Week5,363.0 Hollin Meadows - 38.0 Pinewood Lake
Pinewood Lake,Week3,Hollin Hills,Week5,273.0 Hollin Hills - 101.0 Pinewood Lake
Pinewood Lake,Week2,Old Keene Mill,Week1,324.0 Old Keene Mill - 68.0 Pinewood Lake
Pleasant Valley,Week1,Crosspointe,Week1,327.0 Crosspointe - 75.0 Pleasant Valley
Pleasant Valley,Week2,Lee Graham,Week5,356.0 Lee Graham - 46.0 Pleasant Valley
Pleasant Valley,Week4,Herndon,Week3,209.0 Herndon - 182.0 Pleasant Valley
Pleasant Valley,Week1,Hiddenbrook,Week2,230.0 Hiddenbrook - 171.0 Pleasant Valley
Pleasant Valley,Week5,Herndon,Week1,207.0 Pleasant Valley - 188.0 Herndon
Pleasant Valley,Week1,Lee Graham,Week3,349.0 Lee Graham - 53.0 Pleasant Valley
Pleasant Valley,Week5,Herndon,Week5,215.0 Pleasant Valley - 177.0 Herndon
Pleasant Valley,Week2,Country Club Hills,Week3,276.0 Country Club Hills - 125.0 Pleasant Valley
Pleasant Valley,Week5,Country Club Hills,Week5,307.0 Country Club Hills - 95.0 Pleasant Valley
Pleasant Valley,Week5,Laurel Hill,Week3,241.0 Laurel Hill - 158.0 Pleasant Valley
Pleasant Valley,Week4,Herndon,Week4,208.0 Herndon - 189.0 Pleasant Valley
Pinewood Lake,Week1,Old Keene Mill,Week1,331.0 Old Keene Mill - 61.0 Pinewood Lake
Pinewood Lake,Week5,Hollin Hills,Week1,263.0 Hollin Hills - 121.0 Pinewood Lake
Pinewood Lake,Week3,Old Keene Mill,Week1,330.0 Old Keene Mill - 61.0 Pinewood Lake
Pinewood Lake,Week4,Hollin Hills,Week1,259.0 Hollin Hills - 119.0 Pinewood Lake
Pleasant Valley,Week3,Lee Graham,Week1,336.0 Lee Graham - 66.0 Pleasant Valley
Pinewood Lake,Week2,Old Keene Mill,Week2,329.0 Old Keene Mill - 69.0 Pinewood Lake
Pleasant Valley,Week5,Country Club Hills,Week3,266.0 Country Club Hills - 135.0 Pleasant Valley
Pleasant Valley,Week2,Country Club Hills,Week5,298.0 Country Club Hills - 103.0 Pleasant Valley
Pinewood Lake,Week5,Hollin Hills,Week2,266.0 Hollin Hills - 111.0 Pinewood Lake
Pleasant Valley,Week4,Country Club Hills,Week5,317.0 Country Club Hills - 84.0 Pleasant Valley
Pleasant Valley,Week4,Country Club Hills,Week3,286.0 Country Club Hills - 114.0 Pleasant Valley
Pinewood Lake,Week1,Old Keene Mill,Week5,341.0 Old Keene Mill - 54.0 Pinewood Lake
Pinewood Lake,Week1,Hollin Meadows,Week3,363.0 Hollin Meadows - 38.0 Pinewood Lake
Pleasant Valley,Week4,Lee Graham,Week4,357.0 Lee Graham - 45.0 Pleasant Valley
Pinewood Lake,Week3,Old Keene Mill,Week3,340.0 Old Keene Mill - 59.0 Pinewood Lake
Pleasant Valley,Week5,Country Club Hills,Week2,273.0 Country Club Hills - 129.0 Pleasant Valley
Pleasant Valley,Week3,Country Club Hills,Week1,266.0 Country Club Hills - 136.0 Pleasant Valley
Pinecrest,Week2,Rolling Forest,Week2,275.0 Pinecrest - 127.0 Rolling Forest
Pleasant Valley,Week3,Lee Graham,Week5,347.0 Lee Graham - 55.0 Pleasant Valley
Pinewood Lake,Week1,Old Keene Mill,Week3,330.0 Old Keene Mill - 69.0 Pinewood Lake
Pleasant Valley,Week2,Herndon,Week4,218.0 Pleasant Valley - 182.0 Herndon
Pinewood Lake,Week2,Hollin Meadows,Week5,366.0 Hollin Meadows - 35.0 Pinewood Lake
Pleasant Valley,Week5,Lee Graham,Week5,352.0 Lee Graham - 50.0 Pleasant Valley
Pleasant Valley,Week3,Herndon,Week2,235.0 Pleasant Valley - 166.0 Herndon
Pinecrest,Week2,Rolling Forest,Week3,265.0 Pinecrest - 137.0 Rolling Forest
Pinecrest,Week5,Riverside Gardens,Week3,205.0 Riverside Gardens - 197.0 Pinecrest
Pinewood Lake,Week5,Oakton ,Week5,377.0 Oakton - 24.0 Pinewood Lake
Pinewood Lake,Week2,Old Keene Mill,Week3,336.0 Old Keene Mill - 63.0 Pinewood Lake
Pinewood Lake,Week3,Old Keene Mill,Week2,330.0 Old Keene Mill - 64.0 Pinewood Lake
Pleasant Valley,Week1,Crosspointe,Week4,340.0 Crosspointe - 62.0 Pleasant Valley
Pinecrest,Week3,Riverside Gardens,Week2,232.0 Pinecrest - 170.0 Riverside Gardens
Pleasant Valley,Week1,Herndon,Week4,220.0 Pleasant Valley - 180.0 Herndon
Pleasant Valley,Week5,Laurel Hill,Week2,196.0 Laurel Hill - 193.0 Pleasant Valley
Pinewood Lake,Week1,Holmes Run Acres,Week3,358.0 Holmes Run Acres - 37.0 Pinewood Lake
Pinewood Lake,Week1,Holmes Run Acres,Week2,342.0 Holmes Run Acres - 48.0 Pinewood Lake
Pleasant Valley,Week1,Crosspointe,Week3,330.0 Crosspointe - 72.0 Pleasant Valley
Pleasant Valley,Week4,Herndon,Week2,211.0 Herndon - 181.0 Pleasant Valley
Pleasant Valley,Week5,Lee Graham,Week3,346.0 Lee Graham - 55.0 Pleasant Valley
Pinecrest,Week2,Rolling Forest,Week1,273.0 Pinecrest - 129.0 Rolling Forest
Pinewood Lake,Week1,Holmes Run Acres,Week4,351.0 Holmes Run Acres - 46.0 Pinewood Lake
Pinewood Lake,Week1,Old Keene Mill,Week2,331.0 Old Keene Mill - 66.0 Pinewood Lake
Pleasant Valley,Week1,Crosspointe,Week2,334.0 Crosspointe - 68.0 Pleasant Valley
Pleasant Valley,Week2,Herndon,Week2,216.0 Pleasant Valley - 182.0 Herndon
Pinewood Lake,Week3,Hollin Meadows,Week2,362.0 Hollin Meadows - 35.0 Pinewood Lake
Pleasant Valley,Week1,Daventry,Week3,204.0 Daventry - 192.0 Pleasant Valley
Pleasant Valley,Week4,Crosspointe,Week2,337.0 Crosspointe - 65.0 Pleasant Valley
Pinewood Lake,Week4,Hollin Meadows,Week1,365.0 Hollin Meadows - 32.0 Pinewood Lake
Pleasant Valley,Week5,Lee Graham,Week1,340.0 Lee Graham - 57.0 Pleasant Valley
Pleasant Valley,Week2,Hiddenbrook,Week4,276.0 Hiddenbrook - 124.0 Pleasant Valley
Pleasant Valley,Week5,Crosspointe,Week5,335.0 Crosspointe - 67.0 Pleasant Valley
Pleasant Valley,Week4,Lee Graham,Week3,357.0 Lee Graham - 45.0 Pleasant Valley
Pinecrest,Week3,Riverside Gardens,Week4,202.0 Riverside Gardens - 200.0 Pinecrest
Pinewood Lake,Week4,Hollin Meadows,Week4,368.0 Hollin Meadows - 33.0 Pinewood Lake
Pinecrest,Week1,Rolling Forest,Week4,265.0 Pinecrest - 137.0 Rolling Forest
Pinecrest,Week4,Riverside Gardens,Week4,215.0 Pinecrest - 187.0 Riverside Gardens
Pinewood Lake,Week4,Hollin Meadows,Week2,360.0 Hollin Meadows - 37.0 Pinewood Lake
Pleasant Valley,Week2,Hiddenbrook,Week1,269.0 Hiddenbrook - 129.0 Pleasant Valley
Pleasant Valley,Week2,Daventry,Week2,206.0 Daventry - 185.0 Pleasant Valley
Pleasant Valley,Week4,Lee Graham,Week5,356.5 Lee Graham - 44.5 Pleasant Valley
Pleasant Valley,Week3,Hiddenbrook,Week2,203.0 Pleasant Valley - 199.0 Hiddenbrook
Pleasant Valley,Week3,Hiddenbrook,Week1,233.0 Hiddenbrook - 169.0 Pleasant Valley
Pinecrest,Week2,Riverside Gardens,Week3,205.0 Riverside Gardens - 197.0 Pinecrest
Pleasant Valley,Week1,Hiddenbrook,Week5,293.0 Hiddenbrook - 108.0 Pleasant Valley
Pinewood Lake,Week5,Hollin Meadows,Week1,354.0 Hollin Meadows - 43.0 Pinewood Lake
Pinecrest,Week5,Riverside Gardens,Week4,210.0 Riverside Gardens - 192.0 Pinecrest
Pinecrest,Week5,Riverside Gardens,Week5,213.0 Pinecrest - 189.0 Riverside Gardens
Pleasant Valley,Week2,Crosspointe,Week5,345.0 Crosspointe - 56.0 Pleasant Valley
Pinewood Lake,Week1,Hollin Meadows,Week5,366.0 Hollin Meadows - 33.0 Pinewood Lake
Pleasant Valley,Week5,Hiddenbrook,Week3,263.0 Hiddenbrook - 129.0 Pleasant Valley
Pleasant Valley,Week1,Lincolnia Park,Week1,207.0 Lincolnia Park - 194.0 Pleasant Valley
Pleasant Valley,Week1,Hiddenbrook,Week4,282.0 Hiddenbrook - 118.0 Pleasant Valley
Pleasant Valley,Week5,Lee Graham,Week2,348.0 Lee Graham - 54.0 Pleasant Valley
Pleasant Valley,Week5,Crosspointe,Week2,328.0 Crosspointe - 73.0 Pleasant Valley
Pinewood Lake,Week3,Hollin Meadows,Week1,368.0 Hollin Meadows - 29.0 Pinewood Lake
Pleasant Valley,Week5,Crosspointe,Week4,337.0 Crosspointe - 64.0 Pleasant Valley
Pinecrest,Week4,Riverside Gardens,Week5,214.0 Pinecrest - 188.0 Riverside Gardens
Pinewood Lake,Week2,Hollin Meadows,Week3,362.0 Hollin Meadows - 38.0 Pinewood Lake
Pleasant Valley,Week2,Lincolnia Park,Week5,209.0 Lincolnia Park - 179.0 Pleasant Valley
Pleasant Valley,Week2,Donaldson Run,Week1,356.0 Donaldson Run - 46.0 Pleasant Valley
Pinecrest,Week4,Riverside Gardens,Week2,232.0 Pinecrest - 170.0 Riverside Gardens
Pleasant Valley,Week4,Crosspointe,Week3,331.0 Crosspointe - 61.0 Pleasant Valley
Pinewood Lake,Week1,Hollin Meadows,Week4,366.0 Hollin Meadows - 36.0 Pinewood Lake
Pleasant Valley,Week2,Dominion Hills,Week1,290.0 Dominion Hills - 111.0 Pleasant Valley
Pinecrest,Week1,Rolling Forest,Week2,255.0 Pinecrest - 147.0 Rolling Forest
Pleasant Valley,Week4,High Point Pool,Week1,323.0 High Point Pool - 73.0 Pleasant Valley
Pleasant Valley,Week1,Lincolnia Park,Week3,216.0 Lincolnia Park - 172.0 Pleasant Valley
Pinewood Lake,Week4,Hollin Meadows,Week5,374.0 Hollin Meadows - 27.0 Pinewood Lake
Pleasant Valley,Week1,Daventry,Week1,206.0 Daventry - 192.0 Pleasant Valley
Pleasant Valley,Week3,Hiddenbrook,Week3,253.0 Hiddenbrook - 148.0 Pleasant Valley
Pleasant Valley,Week1,Lincolnia Park,Week5,211.0 Lincolnia Park - 178.0 Pleasant Valley
Pleasant Valley,Week4,Crosspointe,Week4,337.0 Crosspointe - 63.0 Pleasant Valley
Pinewood Lake,Week5,Hollin Meadows,Week3,360.0 Hollin Meadows - 41.0 Pinewood Lake
Pleasant Valley,Week1,High Point Pool,Week3,333.5 High Point Pool - 68.5 Pleasant Valley
Pleasant Valley,Week3,Hiddenbrook,Week4,263.0 Hiddenbrook - 138.0 Pleasant Valley
Pleasant Valley,Week1,Donaldson Run,Week1,354.0 Donaldson Run - 48.0 Pleasant Valley
Pleasant Valley,Week3,Crosspointe,Week3,323.0 Crosspointe - 79.0 Pleasant Valley
Pinecrest,Week2,Riverside Gardens,Week5,209.0 Riverside Gardens - 193.0 Pinecrest
Pleasant Valley,Week4,High Point Pool,Week5,328.0 High Point Pool - 69.0 Pleasant Valley
Pinewood Lake,Week3,Hollin Meadows,Week3,364.0 Hollin Meadows - 36.0 Pinewood Lake
Pinecrest,Week5,Riverside Gardens,Week2,223.0 Pinecrest - 179.0 Riverside Gardens
Pleasant Valley,Week1,Daventry,Week4,214.0 Daventry - 182.0 Pleasant Valley
Pinecrest,Week5,Riverside Gardens,Week1,206.0 Pinecrest - 196.0 Riverside Gardens
Pinewood Lake,Week3,Hollin Meadows,Week4,370.0 Hollin Meadows - 31.0 Pinewood Lake
Pleasant Valley,Week2,Crosspointe,Week4,342.0 Crosspointe - 60.0 Pleasant Valley
Pleasant Valley,Week4,High Point Pool,Week3,337.0 High Point Pool - 65.0 Pleasant Valley
Pleasant Valley,Week4,Lincolnia Park,Week5,227.0 Lincolnia Park - 161.0 Pleasant Valley
Pleasant Valley,Week1,Donaldson Run,Week3,353.0 Donaldson Run - 49.0 Pleasant Valley
Pleasant Valley,Week4,Hiddenbrook,Week5,315.0 Hiddenbrook - 86.0 Pleasant Valley
Pleasant Valley,Week4,Hiddenbrook,Week1,269.0 Hiddenbrook - 128.0 Pleasant Valley
Pinecrest,Week3,Riverside Gardens,Week3,218.0 Pinecrest - 184.0 Riverside Gardens
Pleasant Valley,Week2,Dominion Hills,Week4,330.0 Dominion Hills - 71.0 Pleasant Valley
Pleasant Valley,Week2,High Point Pool,Week5,335.0 High Point Pool - 65.0 Pleasant Valley
Pinecrest,Week3,Riverside Gardens,Week1,236.0 Pinecrest - 166.0 Riverside Gardens
Pleasant Valley,Week1,Dominion Hills,Week4,316.0 Dominion Hills - 86.0 Pleasant Valley
Pinewood Lake,Week2,Hollin Meadows,Week1,368.0 Hollin Meadows - 29.0 Pinewood Lake
Pleasant Valley,Week2,High Point Pool,Week1,326.0 High Point Pool - 76.0 Pleasant Valley
Pinecrest,Week4,Riverside Gardens,Week3,210.0 Pinecrest - 192.0 Riverside Gardens
Pleasant Valley,Week3,High Point Pool,Week5,318.0 High Point Pool - 83.0 Pleasant Valley
Pleasant Valley,Week3,Dominion Hills,Week5,311.0 Dominion Hills - 91.0 Pleasant Valley
Pleasant Valley,Week1,Lincolnia Park,Week2,202.0 Pleasant Valley - 186.0 Lincolnia Park
Pinewood Lake,Week5,Hollin Meadows,Week4,359.0 Hollin Meadows - 42.0 Pinewood Lake
Pleasant Valley,Week4,Lincolnia Park,Week1,209.0 Lincolnia Park - 183.0 Pleasant Valley
Pleasant Valley,Week2,Daventry,Week1,224.0 Daventry - 174.0 Pleasant Valley
Pleasant Valley,Week4,Hiddenbrook,Week4,280.0 Hiddenbrook - 117.0 Pleasant Valley
Pleasant Valley,Week3,High Point Pool,Week2,327.0 High Point Pool - 75.0 Pleasant Valley
Pleasant Valley,Week1,Little Hunting Park,Week5,269.0 Little Hunting Park - 128.0 Pleasant Valley
Pleasant Valley,Week4,Lincolnia Park,Week2,197.0 Lincolnia Park - 192.0 Pleasant Valley
Pinecrest,Week1,Rolling Forest,Week1,255.0 Pinecrest - 147.0 Rolling Forest
Pleasant Valley,Week2,Donaldson Run,Week4,362.0 Donaldson Run - 40.0 Pleasant Valley
Pinecrest,Week1,Rolling Forest,Week5,239.0 Pinecrest - 163.0 Rolling Forest
Pleasant Valley,Week2,Dominion Hills,Week5,340.0 Dominion Hills - 61.0 Pleasant Valley
Pleasant Valley,Week5,Crosspointe,Week1,322.0 Crosspointe - 80.0 Pleasant Valley
Pleasant Valley,Week2,Dominion Hills,Week3,318.5 Dominion Hills - 83.5 Pleasant Valley
Pleasant Valley,Week3,High Point Pool,Week1,297.0 High Point Pool - 105.0 Pleasant Valley
Pinewood Lake,Week3,Hollin Meadows,Week5,375.0 Hollin Meadows - 25.0 Pinewood Lake
Pleasant Valley,Week3,Crosspointe,Week5,327.0 Crosspointe - 75.0 Pleasant Valley
Pleasant Valley,Week3,Lincolnia Park,Week4,252.0 Pleasant Valley - 148.0 Lincolnia Park
Pleasant Valley,Week4,Crosspointe,Week1,337.0 Crosspointe - 65.0 Pleasant Valley
Pinewood Lake,Week1,Hollin Meadows,Week2,359.0 Hollin Meadows - 37.0 Pinewood Lake
Pleasant Valley,Week3,Crosspointe,Week4,329.0 Crosspointe - 73.0 Pleasant Valley
Pinewood Lake,Week2,Hollin Meadows,Week4,368.0 Hollin Meadows - 34.0 Pinewood Lake
Pinecrest,Week1,Rolling Forest,Week3,233.0 Pinecrest - 169.0 Rolling Forest
Pinewood Lake,Week4,Hollin Meadows,Week3,364.0 Hollin Meadows - 37.0 Pinewood Lake
Pleasant Valley,Week2,High Point Pool,Week3,339.0 High Point Pool - 63.0 Pleasant Valley
Pleasant Valley,Week5,Dominion Hills,Week2,299.0 Dominion Hills - 103.0 Pleasant Valley
Pleasant Valley,Week1,High Point Pool,Week2,339.0 High Point Pool - 62.0 Pleasant Valley
Pinecrest,Week3,Riverside Gardens,Week5,225.0 Pinecrest - 177.0 Riverside Gardens
Pleasant Valley,Week3,Lincolnia Park,Week5,209.0 Pleasant Valley - 183.0 Lincolnia Park
Pleasant Valley,Week2,Crosspointe,Week2,337.0 Crosspointe - 65.0 Pleasant Valley
Pinewood Lake,Week5,Holmes Run Acres,Week3,357.0 Holmes Run Acres - 42.0 Pinewood Lake
Pinewood Lake,Week3,Holmes Run Acres,Week1,346.0 Holmes Run Acres - 45.0 Pinewood Lake
Pleasant Valley,Week2,High Point Pool,Week4,344.0 High Point Pool - 58.0 Pleasant Valley
Pleasant Valley,Week1,Dominion Hills,Week3,312.0 Dominion Hills - 90.0 Pleasant Valley
Pinewood Lake,Week2,Hunt Valley,Week2,384.0 Hunt Valley - 17.0 Pinewood Lake
Pinecrest,Week4,Riverside Gardens,Week1,232.0 Pinecrest - 170.0 Riverside Gardens
Pleasant Valley,Week4,Dominion Hills,Week2,332.0 Dominion Hills - 70.0 Pleasant Valley
Pleasant Valley,Week3,Lincolnia Park,Week1,237.0 Pleasant Valley - 164.0 Lincolnia Park
Pleasant Valley,Week5,Hiddenbrook,Week1,262.0 Hiddenbrook - 136.0 Pleasant Valley
Pinewood Lake,Week5,Hollin Meadows,Week2,353.0 Hollin Meadows - 49.0 Pinewood Lake
Pleasant Valley,Week3,Crosspointe,Week1,326.0 Crosspointe - 76.0 Pleasant Valley
Pleasant Valley,Week3,Little Hunting Park,Week2,234.0 Little Hunting Park - 166.0 Pleasant Valley
Pleasant Valley,Week5,Hiddenbrook,Week2,226.0 Hiddenbrook - 174.0 Pleasant Valley
Pleasant Valley,Week2,Little Hunting Park,Week1,266.0 Little Hunting Park - 127.0 Pleasant Valley
Pleasant Valley,Week2,Crosspointe,Week1,331.0 Crosspointe - 71.0 Pleasant Valley
Pleasant Valley,Week3,Crosspointe,Week2,309.0 Crosspointe - 93.0 Pleasant Valley
Pinewood Lake,Week2,Hollin Meadows,Week2,357.0 Hollin Meadows - 40.0 Pinewood Lake
Pinecrest,Week2,Riverside Gardens,Week4,211.0 Riverside Gardens - 191.0 Pinecrest
Pleasant Valley,Week2,Lincolnia Park,Week3,212.0 Lincolnia Park - 176.0 Pleasant Valley
Pinewood Lake,Week1,Holmes Run Acres,Week1,345.0 Holmes Run Acres - 48.0 Pinewood Lake
Pleasant Valley,Week2,Dominion Hills,Week2,310.0 Dominion Hills - 92.0 Pleasant Valley
Pleasant Valley,Week3,Dominion Hills,Week1,282.0 Dominion Hills - 120.0 Pleasant Valley
Pleasant Valley,Week1,Daventry,Week2,197.0 Daventry - 194.0 Pleasant Valley
Pleasant Valley,Week4,Lincolnia Park,Week4,192.0 Pleasant Valley - 190.0 Lincolnia Park
Pleasant Valley,Week4,Dominion Hills,Week5,346.0 Dominion Hills - 50.0 Pleasant Valley
Pleasant Valley,Week2,High Point Pool,Week2,343.0 High Point Pool - 58.0 Pleasant Valley
Pleasant Valley,Week2,Crosspointe,Week3,339.0 Crosspointe - 63.0 Pleasant Valley
Pleasant Valley,Week5,Hiddenbrook,Week4,270.0 Hiddenbrook - 128.0 Pleasant Valley
Pinewood Lake,Week2,Holmes Run Acres,Week4,353.0 Holmes Run Acres - 47.0 Pinewood Lake
Pleasant Valley,Week4,Hiddenbrook,Week2,230.0 Hiddenbrook - 169.0 Pleasant Valley
Pleasant Valley,Week1,High Point Pool,Week1,323.0 High Point Pool - 79.0 Pleasant Valley
Pleasant Valley,Week5,Hiddenbrook,Week5,299.5 Hiddenbrook - 101.5 Pleasant Valley
Pleasant Valley,Week4,Lincolnia Park,Week3,226.0 Lincolnia Park - 162.0 Pleasant Valley
Pleasant Valley,Week4,Crosspointe,Week5,345.0 Crosspointe - 56.0 Pleasant Valley
Pleasant Valley,Week1,High Point Pool,Week5,332.0 High Point Pool - 68.0 Pleasant Valley
Pleasant Valley,Week2,Little Hunting Park,Week3,276.0 Little Hunting Park - 125.0 Pleasant Valley
Pleasant Valley,Week1,Daventry,Week5,234.0 Daventry - 162.0 Pleasant Valley
Pinewood Lake,Week5,Holmes Run Acres,Week4,345.0 Holmes Run Acres - 54.0 Pinewood Lake
Pleasant Valley,Week3,Dominion Hills,Week2,289.0 Dominion Hills - 113.0 Pleasant Valley
Pinewood Lake,Week5,Holmes Run Acres,Week5,355.0 Holmes Run Acres - 46.0 Pinewood Lake
Pleasant Valley,Week1,Dominion Hills,Week5,325.0 Dominion Hills - 76.0 Pleasant Valley
Pleasant Valley,Week4,Dominion Hills,Week4,345.0 Dominion Hills - 52.0 Pleasant Valley
Pleasant Valley,Week1,High Point Pool,Week4,339.0 High Point Pool - 63.0 Pleasant Valley
Pleasant Valley,Week5,Lincolnia Park,Week5,206.0 Lincolnia Park - 180.0 Pleasant Valley
Pinewood Lake,Week2,Holmes Run Acres,Week2,341.0 Holmes Run Acres - 51.0 Pinewood Lake
Pleasant Valley,Week3,Dominion Hills,Week3,300.0 Dominion Hills - 102.0 Pleasant Valley
Pleasant Valley,Week3,Daventry,Week1,225.0 Pleasant Valley - 176.0 Daventry
Pleasant Valley,Week3,Hiddenbrook,Week5,282.0 Hiddenbrook - 120.0 Pleasant Valley
Pleasant Valley,Week4,Daventry,Week3,233.0 Daventry - 159.0 Pleasant Valley
Pleasant Valley,Week1,Crosspointe,Week5,338.0 Crosspointe - 63.0 Pleasant Valley
Pleasant Valley,Week5,Dominion Hills,Week1,291.0 Dominion Hills - 111.0 Pleasant Valley
Pleasant Valley,Week5,Dominion Hills,Week3,302.0 Dominion Hills - 100.0 Pleasant Valley
Pinewood Lake,Week5,Holmes Run Acres,Week2,332.0 Holmes Run Acres - 65.0 Pinewood Lake
Pleasant Valley,Week5,Crosspointe,Week3,327.0 Crosspointe - 70.0 Pleasant Valley
Pleasant Valley,Week2,Little Hunting Park,Week2,273.0 Little Hunting Park - 123.0 Pleasant Valley
Pleasant Valley,Week3,Lincolnia Park,Week3,202.0 Pleasant Valley - 190.0 Lincolnia Park
Pleasant Valley,Week1,Little Hunting Park,Week3,255.0 Little Hunting Park - 146.0 Pleasant Valley
Pleasant Valley,Week4,Daventry,Week1,216.0 Daventry - 171.0 Pleasant Valley
Pleasant Valley,Week5,Lincolnia Park,Week1,203.0 Pleasant Valley - 197.0 Lincolnia Park
Pinewood Lake,Week4,Holmes Run Acres,Week5,359.0 Holmes Run Acres - 37.0 Pinewood Lake
Pleasant Valley,Week4,Dominion Hills,Week3,330.0 Dominion Hills - 72.0 Pleasant Valley
Pleasant Valley,Week5,Daventry,Week3,199.0 Daventry - 192.0 Pleasant Valley
Pinewood Lake,Week2,Holmes Run Acres,Week1,342.0 Holmes Run Acres - 55.0 Pinewood Lake
Pleasant Valley,Week4,Dominion Hills,Week1,315.0 Dominion Hills - 81.0 Pleasant Valley
Pleasant Valley,Week5,Dominion Hills,Week5,316.0 Dominion Hills - 86.0 Pleasant Valley
Pinewood Lake,Week1,Hunt Valley,Week2,377.0 Hunt Valley - 24.0 Pinewood Lake
Pleasant Valley,Week2,Lincolnia Park,Week2,208.0 Pleasant Valley - 181.0 Lincolnia Park
Pleasant Valley,Week3,High Point Pool,Week4,314.0 High Point Pool - 88.0 Pleasant Valley
Pleasant Valley,Week1,Lincolnia Park,Week4,213.0 Pleasant Valley - 185.0 Lincolnia Park
Pinewood Lake,Week2,Holmes Run Acres,Week3,358.0 Holmes Run Acres - 42.0 Pinewood Lake
Pleasant Valley,Week3,Lincolnia Park,Week2,238.0 Pleasant Valley - 155.0 Lincolnia Park
Pleasant Valley,Week1,Dominion Hills,Week1,302.0 Dominion Hills - 99.0 Pleasant Valley
Pleasant Valley,Week2,Lincolnia Park,Week4,218.0 Pleasant Valley - 180.0 Lincolnia Park
Pleasant Valley,Week3,Little Hunting Park,Week1,226.0 Little Hunting Park - 175.0 Pleasant Valley
Pleasant Valley,Week1,Dominion Hills,Week2,311.0 Dominion Hills - 91.0 Pleasant Valley
Pleasant Valley,Week5,Daventry,Week5,220.0 Daventry - 169.0 Pleasant Valley
Pleasant Valley,Week2,Lincolnia Park,Week1,219.0 Pleasant Valley - 180.0 Lincolnia Park
Pinewood Lake,Week3,Holmes Run Acres,Week5,365.0 Holmes Run Acres - 31.0 Pinewood Lake
Pleasant Valley,Week3,Daventry,Week2,221.0 Pleasant Valley - 179.0 Daventry
Pleasant Valley,Week4,High Point Pool,Week2,348.0 High Point Pool - 53.0 Pleasant Valley
Pleasant Valley,Week3,Dominion Hills,Week4,319.0 Dominion Hills - 82.0 Pleasant Valley
Pleasant Valley,Week4,Daventry,Week4,243.0 Daventry - 149.0 Pleasant Valley
Pinewood Lake,Week1,Hunt Valley,Week3,381.0 Hunt Valley - 20.0 Pinewood Lake
Pleasant Valley,Week3,High Point Pool,Week3,318.0 High Point Pool - 84.0 Pleasant Valley
Pleasant Valley,Week4,Hiddenbrook,Week3,279.5 Hiddenbrook - 113.5 Pleasant Valley
Pinewood Lake,Week1,Holmes Run Acres,Week5,362.0 Holmes Run Acres - 33.0 Pinewood Lake
Pleasant Valley,Week2,Little Hunting Park,Week4,267.0 Little Hunting Park - 130.0 Pleasant Valley
Pleasant Valley,Week5,High Point Pool,Week3,326.0 High Point Pool - 76.0 Pleasant Valley
Pleasant Valley,Week1,Donaldson Run,Week4,366.5 Donaldson Run - 35.5 Pleasant Valley
Pleasant Valley,Week5,Dominion Hills,Week4,320.0 Dominion Hills - 77.0 Pleasant Valley
Pinewood Lake,Week4,Holmes Run Acres,Week1,332.0 Holmes Run Acres - 63.0 Pinewood Lake
Pleasant Valley,Week3,Daventry,Week4,218.0 Pleasant Valley - 183.0 Daventry
Pleasant Valley,Week1,Donaldson Run,Week2,344.0 Donaldson Run - 58.0 Pleasant Valley
Pleasant Valley,Week4,High Point Pool,Week4,334.5 High Point Pool - 67.5 Pleasant Valley
Pinewood Lake,Week4,Holmes Run Acres,Week2,333.0 Holmes Run Acres - 58.0 Pinewood Lake
Pleasant Valley,Week3,Highland Park,Week2,313.5 Highland Park - 88.5 Pleasant Valley
Pleasant Valley,Week5,High Point Pool,Week5,324.0 High Point Pool - 74.0 Pleasant Valley
Pleasant Valley,Week1,Dowden Terrace,Week1,294.0 Dowden Terrace - 99.0 Pleasant Valley
Pleasant Valley,Week5,Highland Park,Week4,323.0 Highland Park - 79.0 Pleasant Valley
Pleasant Valley,Week4,Daventry,Week5,246.0 Daventry - 145.0 Pleasant Valley
Pleasant Valley,Week5,High Point Pool,Week4,325.0 High Point Pool - 77.0 Pleasant Valley
Pleasant Valley,Week5,Highland Park,Week1,324.0 Highland Park - 78.0 Pleasant Valley
Pleasant Valley,Week3,Dowden Terrace,Week4,290.0 Dowden Terrace - 112.0 Pleasant Valley
Pinewood Lake,Week3,Holmes Run Acres,Week4,362.0 Holmes Run Acres - 37.0 Pinewood Lake
Pleasant Valley,Week2,Donaldson Run,Week3,359.0 Donaldson Run - 43.0 Pleasant Valley
Pleasant Valley,Week3,Daventry,Week3,227.0 Pleasant Valley - 174.0 Daventry
Pleasant Valley,Week1,Little Hunting Park,Week4,258.0 Little Hunting Park - 139.0 Pleasant Valley
Pleasant Valley,Week3,Daventry,Week5,204.0 Pleasant Valley - 196.0 Daventry
Pleasant Valley,Week2,Donaldson Run,Week2,357.0 Donaldson Run - 45.0 Pleasant Valley
Pleasant Valley,Week2,Daventry,Week5,235.0 Daventry - 160.0 Pleasant Valley
Pinewood Lake,Week3,Holmes Run Acres,Week3,368.0 Holmes Run Acres - 30.0 Pinewood Lake
Pleasant Valley,Week5,Lincolnia Park,Week4,216.0 Pleasant Valley - 174.0 Lincolnia Park
Pleasant Valley,Week4,Daventry,Week2,213.0 Daventry - 174.0 Pleasant Valley
Pleasant Valley,Week5,Lincolnia Park,Week2,209.0 Pleasant Valley - 180.0 Lincolnia Park
Pleasant Valley,Week1,Little Hunting Park,Week2,247.5 Little Hunting Park - 149.5 Pleasant Valley
Pleasant Valley,Week1,Little Hunting Park,Week1,245.0 Little Hunting Park - 148.0 Pleasant Valley
Pleasant Valley,Week5,High Point Pool,Week2,334.0 High Point Pool - 68.0 Pleasant Valley
Pinewood Lake,Week1,Hunt Valley,Week1,377.0 Hunt Valley - 25.0 Pinewood Lake
Pleasant Valley,Week5,Lincolnia Park,Week3,205.0 Lincolnia Park - 183.0 Pleasant Valley
Pleasant Valley,Week3,Donaldson Run,Week2,337.0 Donaldson Run - 65.0 Pleasant Valley
Pinewood Lake,Week1,Hunt Valley,Week5,383.0 Hunt Valley - 19.0 Pinewood Lake
Pinewood Lake,Week1,Hunt Valley,Week4,373.0 Hunt Valley - 28.0 Pinewood Lake
Pleasant Valley,Week5,Daventry,Week1,202.0 Daventry - 191.0 Pleasant Valley
Pleasant Valley,Week1,Donaldson Run,Week5,373.0 Donaldson Run - 24.0 Pleasant Valley
Pinewood Lake,Week2,Holmes Run Acres,Week5,358.0 Holmes Run Acres - 39.0 Pinewood Lake
Pleasant Valley,Week1,Highland Park,Week4,336.0 Highland Park - 66.0 Pleasant Valley
Pleasant Valley,Week5,Donaldson Run,Week4,351.0 Donaldson Run - 50.0 Pleasant Valley
Pinewood Lake,Week3,Holmes Run Acres,Week2,350.0 Holmes Run Acres - 39.0 Pinewood Lake
Pleasant Valley,Week1,Little Rocky Run,Week1,340.0 Little Rocky Run - 62.0 Pleasant Valley
Pleasant Valley,Week2,Daventry,Week3,206.0 Daventry - 188.0 Pleasant Valley
Pinewood Lake,Week4,Holmes Run Acres,Week3,358.0 Holmes Run Acres - 41.0 Pinewood Lake
Pleasant Valley,Week2,Highland Park,Week4,332.0 Highland Park - 70.0 Pleasant Valley
Pinewood Lake,Week3,Hunt Valley,Week1,380.0 Hunt Valley - 22.0 Pinewood Lake
Pleasant Valley,Week1,Highland Park,Week5,327.0 Highland Park - 74.0 Pleasant Valley
Pleasant Valley,Week5,Daventry,Week2,199.0 Daventry - 189.0 Pleasant Valley
Pinewood Lake,Week3,Hunt Valley,Week2,388.0 Hunt Valley - 13.0 Pinewood Lake
Pleasant Valley,Week5,Little Hunting Park,Week3,252.0 Little Hunting Park - 149.0 Pleasant Valley
Pleasant Valley,Week2,Highland Park,Week2,327.0 Highland Park - 75.0 Pleasant Valley
Pleasant Valley,Week5,Daventry,Week4,208.0 Daventry - 183.0 Pleasant Valley
Pleasant Valley,Week5,Donaldson Run,Week3,348.0 Donaldson Run - 53.0 Pleasant Valley
Pleasant Valley,Week4,Donaldson Run,Week1,350.5 Donaldson Run - 51.5 Pleasant Valley
Pleasant Valley,Week1,Highlands Swim,Week3,354.0 Highlands Swim - 48.0 Pleasant Valley
Pinewood Lake,Week2,Hunt Valley,Week1,378.0 Hunt Valley - 24.0 Pinewood Lake
Pleasant Valley,Week5,Highland Park,Week5,311.0 Highland Park - 91.0 Pleasant Valley
Pleasant Valley,Week4,Little Hunting Park,Week3,278.0 Little Hunting Park - 122.0 Pleasant Valley
Pleasant Valley,Week1,Dowden Terrace,Week4,306.0 Dowden Terrace - 96.0 Pleasant Valley
Pleasant Valley,Week3,Little Hunting Park,Week3,247.0 Little Hunting Park - 155.0 Pleasant Valley
Pleasant Valley,Week2,Dowden Terrace,Week5,324.0 Dowden Terrace - 78.0 Pleasant Valley
Pinewood Lake,Week4,Hunt Valley,Week1,374.0 Hunt Valley - 28.0 Pinewood Lake
Pleasant Valley,Week4,Little Hunting Park,Week2,260.0 Little Hunting Park - 134.0 Pleasant Valley
Pleasant Valley,Week3,Highland Park,Week3,276.0 Highland Park - 126.0 Pleasant Valley
Pleasant Valley,Week4,Highland Park,Week2,331.0 Highland Park - 71.0 Pleasant Valley
Pleasant Valley,Week2,Daventry,Week4,213.0 Daventry - 183.0 Pleasant Valley
Pleasant Valley,Week4,Donaldson Run,Week5,358.0 Donaldson Run - 44.0 Pleasant Valley
Pinewood Lake,Week4,Holmes Run Acres,Week4,346.0 Holmes Run Acres - 54.0 Pinewood Lake
Pleasant Valley,Week1,Highlands Swim,Week2,366.0 Highlands Swim - 36.0 Pleasant Valley
Pleasant Valley,Week1,Little Rocky Run,Week3,351.0 Little Rocky Run - 51.0 Pleasant Valley
Pleasant Valley,Week2,Donaldson Run,Week5,366.0 Donaldson Run - 31.0 Pleasant Valley
Pleasant Valley,Week3,Little Hunting Park,Week5,268.0 Little Hunting Park - 130.0 Pleasant Valley
Pleasant Valley,Week2,Dowden Terrace,Week3,309.0 Dowden Terrace - 93.0 Pleasant Valley
Pleasant Valley,Week2,Little Hunting Park,Week5,280.0 Little Hunting Park - 117.0 Pleasant Valley
Pinewood Lake,Week5,Holmes Run Acres,Week1,336.0 Holmes Run Acres - 59.0 Pinewood Lake
Pleasant Valley,Week3,Donaldson Run,Week1,342.5 Donaldson Run - 59.5 Pleasant Valley
Pinewood Lake,Week2,Hunt Valley,Week3,385.0 Hunt Valley - 16.0 Pinewood Lake
Pleasant Valley,Week3,Donaldson Run,Week3,346.0 Donaldson Run - 56.0 Pleasant Valley
Pleasant Valley,Week2,Little Rocky Run,Week5,361.0 Little Rocky Run - 41.0 Pleasant Valley
Pleasant Valley,Week2,Little Rocky Run,Week2,334.0 Little Rocky Run - 68.0 Pleasant Valley
Pinewood Lake,Week3,Hunt Valley,Week4,383.0 Hunt Valley - 18.0 Pinewood Lake
Pleasant Valley,Week2,Highland Park,Week3,300.0 Highland Park - 101.0 Pleasant Valley
Pleasant Valley,Week1,Dowden Terrace,Week5,324.0 Dowden Terrace - 78.0 Pleasant Valley
Pleasant Valley,Week3,Highland Park,Week5,305.0 Highland Park - 97.0 Pleasant Valley
Pleasant Valley,Week2,Highland Park,Week1,338.0 Highland Park - 63.0 Pleasant Valley
Pleasant Valley,Week1,Little Rocky Run,Week2,332.0 Little Rocky Run - 70.0 Pleasant Valley
Pinewood Lake,Week3,Hunt Valley,Week3,389.0 Hunt Valley - 12.0 Pinewood Lake
Pleasant Valley,Week1,Highland Park,Week3,304.0 Highland Park - 97.0 Pleasant Valley
Pleasant Valley,Week4,Little Hunting Park,Week5,283.0 Little Hunting Park - 108.0 Pleasant Valley
Pleasant Valley,Week3,Dowden Terrace,Week2,281.5 Dowden Terrace - 120.5 Pleasant Valley
Pinewood Lake,Week4,Hunt Valley,Week2,384.0 Hunt Valley - 17.0 Pinewood Lake
Pinewood Lake,Week4,Hunt Valley,Week5,390.0 Hunt Valley - 12.0 Pinewood Lake
Pleasant Valley,Week1,Dowden Terrace,Week2,293.0 Dowden Terrace - 103.0 Pleasant Valley
Pleasant Valley,Week2,Dowden Terrace,Week1,297.0 Dowden Terrace - 96.0 Pleasant Valley
Pleasant Valley,Week4,Highland Park,Week3,317.0 Highland Park - 79.0 Pleasant Valley
Pleasant Valley,Week3,Dowden Terrace,Week1,283.0 Dowden Terrace - 118.0 Pleasant Valley
Pleasant Valley,Week1,Little Rocky Run,Week5,357.5 Little Rocky Run - 44.5 Pleasant Valley
Pinewood Lake,Week4,Hunt Valley,Week3,386.0 Hunt Valley - 15.0 Pinewood Lake
Pleasant Valley,Week3,Highland Park,Week4,312.0 Highland Park - 90.0 Pleasant Valley
Pleasant Valley,Week4,Little Hunting Park,Week1,254.0 Little Hunting Park - 138.0 Pleasant Valley
Pleasant Valley,Week4,Little Hunting Park,Week4,265.5 Little Hunting Park - 128.5 Pleasant Valley
Pleasant Valley,Week3,Donaldson Run,Week4,353.0 Donaldson Run - 49.0 Pleasant Valley
Pleasant Valley,Week1,Highland Park,Week1,333.0 Highland Park - 68.0 Pleasant Valley
Pleasant Valley,Week2,Dowden Terrace,Week2,296.0 Dowden Terrace - 100.0 Pleasant Valley
Pleasant Valley,Week2,Little Rocky Run,Week4,351.0 Little Rocky Run - 51.0 Pleasant Valley
Pinewood Lake,Week4,Hunt Valley,Week4,375.0 Hunt Valley - 26.0 Pinewood Lake
Pleasant Valley,Week2,Highland Park,Week5,334.0 Highland Park - 67.0 Pleasant Valley
Pleasant Valley,Week1,Little Rocky Run,Week4,350.0 Little Rocky Run - 52.0 Pleasant Valley
Pleasant Valley,Week3,Little Hunting Park,Week4,239.0 Little Hunting Park - 162.0 Pleasant Valley
Pinewood Lake,Week1,Hunter Mill,Week1,368.0 Hunter Mill - 28.0 Pinewood Lake
Pleasant Valley,Week3,Little Rocky Run,Week3,347.0 Little Rocky Run - 55.0 Pleasant Valley
Pleasant Valley,Week4,Highland Park,Week5,326.0 Highland Park - 75.0 Pleasant Valley
Pleasant Valley,Week4,Donaldson Run,Week3,351.0 Donaldson Run - 51.0 Pleasant Valley
Pleasant Valley,Week3,Dowden Terrace,Week3,292.0 Dowden Terrace - 110.0 Pleasant Valley
Pleasant Valley,Week4,Donaldson Run,Week2,347.0 Donaldson Run - 55.0 Pleasant Valley
Pinewood Lake,Week2,Hunt Valley,Week5,388.0 Hunt Valley - 14.0 Pinewood Lake
Pleasant Valley,Week4,Highland Park,Week4,344.0 Highland Park - 57.0 Pleasant Valley
Pleasant Valley,Week5,Highland Park,Week2,310.0 Highland Park - 92.0 Pleasant Valley
Pinewood Lake,Week5,Hunt Valley,Week3,379.0 Hunt Valley - 22.0 Pinewood Lake
Pleasant Valley,Week3,Little Rocky Run,Week2,331.0 Little Rocky Run - 71.0 Pleasant Valley
Pinewood Lake,Week5,Hunt Valley,Week5,384.0 Hunt Valley - 18.0 Pinewood Lake
Pleasant Valley,Week4,Highland Park,Week1,341.0 Highland Park - 59.0 Pleasant Valley
Pinewood Lake,Week5,Hunt Valley,Week2,375.0 Hunt Valley - 26.0 Pinewood Lake
Pleasant Valley,Week5,Little Hunting Park,Week1,251.0 Little Hunting Park - 146.0 Pleasant Valley
Pleasant Valley,Week2,Little Rocky Run,Week1,337.0 Little Rocky Run - 65.0 Pleasant Valley
Pleasant Valley,Week3,Donaldson Run,Week5,364.0 Donaldson Run - 38.0 Pleasant Valley
Pinewood Lake,Week5,Hunt Valley,Week1,368.0 Hunt Valley - 34.0 Pinewood Lake
Pleasant Valley,Week5,Highland Park,Week3,291.0 Highland Park - 111.0 Pleasant Valley
Pleasant Valley,Week1,Highland Park,Week2,329.0 Highland Park - 73.0 Pleasant Valley
Pleasant Valley,Week5,Little Hunting Park,Week4,256.0 Little Hunting Park - 141.0 Pleasant Valley
Pleasant Valley,Week5,Donaldson Run,Week5,354.0 Donaldson Run - 43.0 Pleasant Valley
Pinewood Lake,Week5,Hunt Valley,Week4,372.0 Hunt Valley - 29.0 Pinewood Lake
Pleasant Valley,Week5,Little Hunting Park,Week5,269.0 Little Hunting Park - 122.0 Pleasant Valley
Pleasant Valley,Week4,Donaldson Run,Week4,351.0 Donaldson Run - 51.0 Pleasant Valley
Pinewood Lake,Week2,Hunt Valley,Week4,380.0 Hunt Valley - 21.0 Pinewood Lake
Pleasant Valley,Week5,High Point Pool,Week1,310.0 High Point Pool - 88.0 Pleasant Valley
Pleasant Valley,Week3,Highland Park,Week1,321.0 Highland Park - 81.0 Pleasant Valley
Pleasant Valley,Week5,Donaldson Run,Week2,340.0 Donaldson Run - 62.0 Pleasant Valley
Pinewood Lake,Week3,Hunt Valley,Week5,391.0 Hunt Valley - 11.0 Pinewood Lake
Pleasant Valley,Week5,Donaldson Run,Week1,344.0 Donaldson Run - 58.0 Pleasant Valley
Pleasant Valley,Week3,Little Rocky Run,Week1,328.0 Little Rocky Run - 74.0 Pleasant Valley
Pleasant Valley,Week2,Long Branch,Week1,262.0 Long Branch - 135.0 Pleasant Valley
Pleasant Valley,Week1,Dunn Loring,Week5,362.5 Dunn Loring - 38.5 Pleasant Valley
Pinewood Lake,Week2,Parklawn,Week1,285.0 Parklawn - 85.0 Pinewood Lake
Pleasant Valley,Week3,Highlands Swim,Week1,351.0 Highlands Swim - 51.0 Pleasant Valley
Pinewood Lake,Week3,Parklawn,Week3,323.0 Parklawn - 72.0 Pinewood Lake
Pleasant Valley,Week5,Highlands Swim,Week4,352.5 Highlands Swim - 47.5 Pleasant Valley
Pleasant Valley,Week2,Dowden Terrace,Week4,310.0 Dowden Terrace - 92.0 Pleasant Valley
Pinewood Lake,Week3,Parklawn,Week4,327.0 Parklawn - 61.0 Pinewood Lake
Pleasant Valley,Week1,Highlands Swim,Week4,350.0 Highlands Swim - 52.0 Pleasant Valley
Pleasant Valley,Week5,Little Hunting Park,Week2,241.0 Little Hunting Park - 156.0 Pleasant Valley
Pleasant Valley,Week4,Dowden Terrace,Week1,309.0 Dowden Terrace - 79.0 Pleasant Valley
Pleasant Valley,Week1,Dowden Terrace,Week3,299.0 Dowden Terrace - 103.0 Pleasant Valley
Pleasant Valley,Week4,Dowden Terrace,Week3,323.0 Dowden Terrace - 79.0 Pleasant Valley
Pleasant Valley,Week1,Hollin Hills,Week5,206.0 Hollin Hills - 190.0 Pleasant Valley
Pleasant Valley,Week4,Long Branch,Week5,301.0 Long Branch - 97.0 Pleasant Valley
Pleasant Valley,Week5,Highlands Swim,Week3,354.0 Highlands Swim - 48.0 Pleasant Valley
Pleasant Valley,Week4,Dunn Loring,Week1,346.5 Dunn Loring - 55.5 Pleasant Valley
Pinecrest,Week1,Sleepy Hollow Rec,Week3,290.0 Pinecrest - 112.0 Sleepy Hollow Rec
Pleasant Valley,Week2,Little Rocky Run,Week3,359.0 Little Rocky Run - 43.0 Pleasant Valley
Pinewood Lake,Week1,Parliament,Week3,350.0 Parliament - 48.0 Pinewood Lake
Pinewood Lake,Week4,Parklawn,Week4,323.0 Parklawn - 65.0 Pinewood Lake
Pleasant Valley,Week2,Hollin Hills,Week3,207.0 Hollin Hills - 192.0 Pleasant Valley
Pleasant Valley,Week3,Little Rocky Run,Week4,333.0 Little Rocky Run - 69.0 Pleasant Valley
Pleasant Valley,Week1,Highlands Swim,Week1,355.0 Highlands Swim - 47.0 Pleasant Valley
Pleasant Valley,Week3,Little Rocky Run,Week5,349.0 Little Rocky Run - 53.0 Pleasant Valley
Pleasant Valley,Week3,Dunn Loring,Week2,354.0 Dunn Loring - 48.0 Pleasant Valley
Pleasant Valley,Week2,Hollin Hills,Week1,202.0 Hollin Hills - 195.0 Pleasant Valley
Pleasant Valley,Week2,Long Branch,Week2,278.0 Long Branch - 120.0 Pleasant Valley
Pleasant Valley,Week3,Dowden Terrace,Week5,309.0 Dowden Terrace - 93.0 Pleasant Valley
Pleasant Valley,Week5,Dowden Terrace,Week2,291.0 Dowden Terrace - 106.0 Pleasant Valley
Pinewood Lake,Week1,Parklawn,Week4,326.0 Parklawn - 60.0 Pinewood Lake
Pleasant Valley,Week1,Hollin Hills,Week3,201.0 Pleasant Valley - 199.0 Hollin Hills
Pleasant Valley,Week3,Long Branch,Week3,238.0 Long Branch - 163.0 Pleasant Valley
Pinewood Lake,Week1,Parklawn,Week3,323.0 Parklawn - 74.0 Pinewood Lake
Pinewood Lake,Week2,Parliament,Week2,331.0 Parliament - 54.0 Pinewood Lake
Pinecrest,Week4,Sleepy Hollow Rec,Week2,329.0 Pinecrest - 73.0 Sleepy Hollow Rec
Pinewood Lake,Week5,Parklawn,Week4,310.0 Parklawn - 78.0 Pinewood Lake
Pleasant Valley,Week5,Little Rocky Run,Week3,339.0 Little Rocky Run - 63.0 Pleasant Valley
Pinewood Lake,Week4,Parklawn,Week5,326.0 Parklawn - 63.0 Pinewood Lake
Pinecrest,Week3,Sleepy Hollow Rec,Week3,293.0 Pinecrest - 109.0 Sleepy Hollow Rec
Pinewood Lake,Week2,Parklawn,Week2,329.0 Parklawn - 63.0 Pinewood Lake
Pleasant Valley,Week3,Highlands Swim,Week4,349.0 Highlands Swim - 53.0 Pleasant Valley
Pinecrest,Week1,Sleepy Hollow Rec,Week5,288.0 Pinecrest - 114.0 Sleepy Hollow Rec
Pleasant Valley,Week5,Dunn Loring,Week4,354.0 Dunn Loring - 48.0 Pleasant Valley
Pleasant Valley,Week1,Long Branch,Week2,273.0 Long Branch - 125.0 Pleasant Valley
Pleasant Valley,Week4,Highlands Swim,Week3,360.0 Highlands Swim - 42.0 Pleasant Valley
Pinecrest,Week4,Sleepy Hollow Rec,Week3,298.0 Pinecrest - 104.0 Sleepy Hollow Rec
Pleasant Valley,Week2,Highlands Swim,Week4,359.0 Highlands Swim - 43.0 Pleasant Valley
Pleasant Valley,Week4,Highlands Swim,Week2,361.0 Highlands Swim - 41.0 Pleasant Valley
Pleasant Valley,Week4,Highlands Swim,Week1,358.0 Highlands Swim - 43.0 Pleasant Valley
Pleasant Valley,Week2,Long Branch,Week4,277.0 Long Branch - 124.0 Pleasant Valley
Pinewood Lake,Week3,Parklawn,Week5,326.0 Parklawn - 63.0 Pinewood Lake
Pleasant Valley,Week1,Long Branch,Week1,270.0 Long Branch - 128.0 Pleasant Valley
Pinewood Lake,Week5,Parklawn,Week2,320.0 Parklawn - 71.0 Pinewood Lake
Pleasant Valley,Week5,Dunn Loring,Week2,354.0 Dunn Loring - 48.0 Pleasant Valley
Pleasant Valley,Week4,Dunn Loring,Week5,372.0 Dunn Loring - 29.0 Pleasant Valley
Pinecrest,Week5,Sleepy Hollow B & R,Week2,241.0 Pinecrest - 161.0 Sleepy Hollow B & R
Pleasant Valley,Week1,Dunn Loring,Week3,369.0 Dunn Loring - 33.0 Pleasant Valley
Pleasant Valley,Week1,Dunn Loring,Week1,348.0 Dunn Loring - 49.0 Pleasant Valley
Pinecrest,Week2,Sleepy Hollow Rec,Week2,314.0 Pinecrest - 88.0 Sleepy Hollow Rec
Pinecrest,Week2,Sleepy Hollow Rec,Week5,307.0 Pinecrest - 95.0 Sleepy Hollow Rec
Pleasant Valley,Week4,Long Branch,Week1,273.0 Long Branch - 118.0 Pleasant Valley
Pinewood Lake,Week1,Parliament,Week1,329.0 Parliament - 46.0 Pinewood Lake
Pleasant Valley,Week5,Little Rocky Run,Week5,345.0 Little Rocky Run - 57.0 Pleasant Valley
Pleasant Valley,Week1,Highlands Swim,Week5,360.0 Highlands Swim - 42.0 Pleasant Valley
Pleasant Valley,Week1,Fair Oaks ,Week2,284.0 Fair Oaks - 116.0 Pleasant Valley
Pinewood Lake,Week1,Parklawn,Week5,323.0 Parklawn - 63.0 Pinewood Lake
Pinecrest,Week5,Sleepy Hollow Rec,Week3,301.0 Pinecrest - 101.0 Sleepy Hollow Rec
Pleasant Valley,Week4,Long Branch,Week2,281.0 Long Branch - 116.0 Pleasant Valley
Pleasant Valley,Week1,Long Branch,Week3,267.0 Long Branch - 133.0 Pleasant Valley
Pinewood Lake,Week5,Parklawn,Week3,311.0 Parklawn - 86.0 Pinewood Lake
Pleasant Valley,Week3,Dunn Loring,Week1,322.0 Dunn Loring - 80.0 Pleasant Valley
Pleasant Valley,Week3,Highlands Swim,Week5,347.0 Highlands Swim - 55.0 Pleasant Valley
Pleasant Valley,Week4,Dowden Terrace,Week4,316.0 Dowden Terrace - 86.0 Pleasant Valley
Pleasant Valley,Week4,Little Rocky Run,Week1,349.0 Little Rocky Run - 48.0 Pleasant Valley
Pinewood Lake,Week3,Parklawn,Week2,332.0 Parklawn - 58.0 Pinewood Lake
Pinecrest,Week5,Sleepy Hollow Rec,Week5,307.0 Pinecrest - 95.0 Sleepy Hollow Rec
Pleasant Valley,Week5,Highlands Swim,Week5,354.0 Highlands Swim - 48.0 Pleasant Valley
Pleasant Valley,Week3,Highlands Swim,Week2,359.0 Highlands Swim - 43.0 Pleasant Valley
Pleasant Valley,Week4,Dowden Terrace,Week5,332.0 Dowden Terrace - 69.0 Pleasant Valley
Pleasant Valley,Week4,Highlands Swim,Week4,355.0 Highlands Swim - 46.0 Pleasant Valley
Pleasant Valley,Week2,Highlands Swim,Week2,373.0 Highlands Swim - 29.0 Pleasant Valley
Pinewood Lake,Week4,Parklawn,Week2,332.0 Parklawn - 59.0 Pinewood Lake
Pleasant Valley,Week3,Highlands Swim,Week3,353.0 Highlands Swim - 49.0 Pleasant Valley
Pleasant Valley,Week5,Highlands Swim,Week2,356.0 Highlands Swim - 46.0 Pleasant Valley
Pinecrest,Week2,Sleepy Hollow Rec,Week4,317.0 Pinecrest - 85.0 Sleepy Hollow Rec
Pleasant Valley,Week5,Dowden Terrace,Week4,294.0 Dowden Terrace - 108.0 Pleasant Valley
Pleasant Valley,Week4,Little Rocky Run,Week3,354.0 Little Rocky Run - 47.0 Pleasant Valley
Pleasant Valley,Week2,Dunn Loring,Week2,367.0 Dunn Loring - 35.0 Pleasant Valley
Pinewood Lake,Week3,Parklawn,Week1,285.0 Parklawn - 80.0 Pinewood Lake
Pleasant Valley,Week2,Dunn Loring,Week1,335.0 Dunn Loring - 62.0 Pleasant Valley
Pinecrest,Week1,Somerset-Olde Creek,Week1,345.0 Pinecrest - 57.0 Somerset-Olde Creek
Pinecrest,Week1,Somerset-Olde Creek,Week5,323.0 Pinecrest - 79.0 Somerset-Olde Creek
Pleasant Valley,Week4,Little Rocky Run,Week4,355.0 Little Rocky Run - 47.0 Pleasant Valley
Pleasant Valley,Week1,Long Branch,Week4,279.0 Long Branch - 122.0 Pleasant Valley
Pinewood Lake,Week4,Parklawn,Week1,281.0 Parklawn - 87.0 Pinewood Lake
Pinecrest,Week1,Somerset-Olde Creek,Week3,332.0 Pinecrest - 70.0 Somerset-Olde Creek
Pinewood Lake,Week2,Parklawn,Week3,315.0 Parklawn - 81.0 Pinewood Lake
Pleasant Valley,Week2,Long Branch,Week5,295.0 Long Branch - 103.0 Pleasant Valley
Pleasant Valley,Week2,Dunn Loring,Week3,366.0 Dunn Loring - 36.0 Pleasant Valley
Pleasant Valley,Week4,Highlands Swim,Week5,358.0 Highlands Swim - 44.0 Pleasant Valley
Pleasant Valley,Week2,Highlands Swim,Week3,366.0 Highlands Swim - 36.0 Pleasant Valley
Pleasant Valley,Week2,Long Branch,Week3,277.0 Long Branch - 123.0 Pleasant Valley
Pinecrest,Week4,Sleepy Hollow B & R,Week3,257.0 Pinecrest - 145.0 Sleepy Hollow B & R
Pleasant Valley,Week1,Dunn Loring,Week4,369.0 Dunn Loring - 32.0 Pleasant Valley
Pleasant Valley,Week1,Hollin Hills,Week2,202.0 Hollin Hills - 197.0 Pleasant Valley
Pinecrest,Week5,Sleepy Hollow B & R,Week1,264.0 Pinecrest - 138.0 Sleepy Hollow B & R
Pleasant Valley,Week4,Little Rocky Run,Week2,346.0 Little Rocky Run - 56.0 Pleasant Valley
Pleasant Valley,Week3,Long Branch,Week1,237.0 Long Branch - 164.0 Pleasant Valley
Pleasant Valley,Week1,Hollin Hills,Week1,212.0 Pleasant Valley - 187.0 Hollin Hills
Pinewood Lake,Week2,Parklawn,Week5,317.0 Parklawn - 73.0 Pinewood Lake
Pleasant Valley,Week5,Highlands Swim,Week1,350.0 Highlands Swim - 51.0 Pleasant Valley
Pleasant Valley,Week1,Long Branch,Week5,292.0 Long Branch - 106.0 Pleasant Valley
Pinecrest,Week1,Sleepy Hollow Rec,Week2,307.0 Pinecrest - 95.0 Sleepy Hollow Rec
Pleasant Valley,Week4,Little Rocky Run,Week5,361.0 Little Rocky Run - 41.0 Pleasant Valley
Pinewood Lake,Week2,Parklawn,Week4,320.0 Parklawn - 69.0 Pinewood Lake
Pleasant Valley,Week5,Dowden Terrace,Week5,321.0 Dowden Terrace - 80.0 Pleasant Valley
Pleasant Valley,Week2,Highlands Swim,Week5,363.0 Highlands Swim - 39.0 Pleasant Valley
Pinecrest,Week5,Sleepy Hollow B & R,Week5,235.5 Pinecrest - 166.5 Sleepy Hollow B & R
Pleasant Valley,Week2,Highlands Swim,Week1,361.0 Highlands Swim - 41.0 Pleasant Valley
Pinecrest,Week3,Sleepy Hollow Rec,Week2,326.0 Pinecrest - 76.0 Sleepy Hollow Rec
Pinewood Lake,Week5,Parklawn,Week5,321.0 Parklawn - 68.0 Pinewood Lake
Pleasant Valley,Week5,Little Rocky Run,Week4,336.0 Little Rocky Run - 66.0 Pleasant Valley
Pleasant Valley,Week3,Dunn Loring,Week3,354.0 Dunn Loring - 48.0 Pleasant Valley
Pleasant Valley,Week4,Dunn Loring,Week3,378.0 Dunn Loring - 24.0 Pleasant Valley
Pleasant Valley,Week3,Long Branch,Week4,248.0 Long Branch - 154.0 Pleasant Valley
Pinewood Lake,Week4,Parklawn,Week3,322.0 Parklawn - 73.0 Pinewood Lake
Pinewood Lake,Week5,Parklawn,Week1,277.0 Parklawn - 100.0 Pinewood Lake
Pinecrest,Week5,Sleepy Hollow B & R,Week4,246.0 Pinecrest - 156.0 Sleepy Hollow B & R
Pleasant Valley,Week1,Dunn Loring,Week2,367.0 Dunn Loring - 35.0 Pleasant Valley
Pleasant Valley,Week3,Dunn Loring,Week4,354.0 Dunn Loring - 48.0 Pleasant Valley
Pinecrest,Week3,Sleepy Hollow Rec,Week1,322.0 Pinecrest - 80.0 Sleepy Hollow Rec
Pinewood Lake,Week1,Parliament,Week4,338.0 Parliament - 49.0 Pinewood Lake
Pinewood Lake,Week1,Parliament,Week2,342.0 Parliament - 42.0 Pinewood Lake
Pleasant Valley,Week2,Dunn Loring,Week4,368.0 Dunn Loring - 33.0 Pleasant Valley
Pleasant Valley,Week4,Long Branch,Week3,280.0 Long Branch - 116.0 Pleasant Valley
Pleasant Valley,Week2,Hollin Hills,Week2,208.0 Pleasant Valley - 185.0 Hollin Hills
Pinecrest,Week5,Sleepy Hollow B & R,Week3,244.0 Pinecrest - 158.0 Sleepy Hollow B & R
Pinecrest,Week2,Sleepy Hollow Rec,Week1,310.0 Pinecrest - 92.0 Sleepy Hollow Rec
Pinecrest,Week4,Sleepy Hollow B & R,Week4,247.0 Pinecrest - 155.0 Sleepy Hollow B & R
Pleasant Valley,Week3,Long Branch,Week5,258.0 Long Branch - 144.0 Pleasant Valley
Pleasant Valley,Week1,Hollin Meadows,Week3,329.0 Hollin Meadows - 71.0 Pleasant Valley
Pinecrest,Week2,Sleepy Hollow Rec,Week3,298.0 Pinecrest - 104.0 Sleepy Hollow Rec
Pleasant Valley,Week3,Hollin Meadows,Week2,298.0 Hollin Meadows - 104.0 Pleasant Valley
Pinewood Lake,Week1,Parliament,Week5,331.0 Parliament - 50.0 Pinewood Lake
Pinewood Lake,Week3,Parliament,Week4,340.0 Parliament - 52.0 Pinewood Lake
Pleasant Valley,Week5,Dowden Terrace,Week3,297.0 Dowden Terrace - 105.0 Pleasant Valley
Pleasant Valley,Week3,Long Branch,Week2,250.0 Long Branch - 152.0 Pleasant Valley
Pleasant Valley,Week1,Hollin Hills,Week4,210.0 Hollin Hills - 186.0 Pleasant Valley
Pleasant Valley,Week4,Hollin Hills,Week5,222.0 Hollin Hills - 167.0 Pleasant Valley
Pleasant Valley,Week2,Dunn Loring,Week5,364.0 Dunn Loring - 37.0 Pleasant Valley
Pleasant Valley,Week4,Long Branch,Week4,298.0 Long Branch - 103.0 Pleasant Valley
Pinewood Lake,Week5,Parliament,Week3,347.0 Parliament - 53.0 Pinewood Lake
Pinewood Lake,Week2,Pinecrest,Week5,370.0 Pinecrest - 27.0 Pinewood Lake
Pleasant Valley,Week5,Little Rocky Run,Week1,323.0 Little Rocky Run - 79.0 Pleasant Valley
Pinewood Lake,Week1,Pinecrest,Week1,375.0 Pinecrest - 26.0 Pinewood Lake
Pinecrest,Week1,Sleepy Hollow Rec,Week1,312.0 Pinecrest - 90.0 Sleepy Hollow Rec
Pleasant Valley,Week5,Little Rocky Run,Week2,324.0 Little Rocky Run - 78.0 Pleasant Valley
Pinecrest,Week4,Sleepy Hollow B & R,Week5,229.0 Pinecrest - 173.0 Sleepy Hollow B & R
Pleasant Valley,Week5,Dowden Terrace,Week1,292.0 Dowden Terrace - 101.0 Pleasant Valley
Pleasant Valley,Week4,Hollin Hills,Week3,225.0 Hollin Hills - 169.0 Pleasant Valley
Pleasant Valley,Week3,Dunn Loring,Week5,341.0 Dunn Loring - 61.0 Pleasant Valley
Pleasant Valley,Week4,Dowden Terrace,Week2,308.0 Dowden Terrace - 88.0 Pleasant Valley
Pinecrest,Week1,Sleepy Hollow Rec,Week4,305.5 Pinecrest - 96.5 Sleepy Hollow Rec
Pleasant Valley,Week4,Dunn Loring,Week2,375.0 Dunn Loring - 27.0 Pleasant Valley
Pinewood Lake,Week2,Parliament,Week1,330.0 Parliament - 49.0 Pinewood Lake
Pleasant Valley,Week2,Mansion House,Week4,307.0 Mansion House - 94.0 Pleasant Valley
Pleasant Valley,Week5,Long Branch,Week3,264.0 Long Branch - 134.0 Pleasant Valley
Pleasant Valley,Week2,Hollin Meadows,Week1,325.0 Hollin Meadows - 75.0 Pleasant Valley
Pinewood Lake,Week1,Pinecrest,Week3,383.0 Pinecrest - 19.0 Pinewood Lake
Pinewood Lake,Week2,Parliament,Week5,339.0 Parliament - 45.0 Pinewood Lake
Pinecrest,Week4,Sleepy Hollow Rec,Week1,308.0 Pinecrest - 94.0 Sleepy Hollow Rec
Pinewood Lake,Week3,Parliament,Week2,346.0 Parliament - 44.0 Pinewood Lake
Pinecrest,Week4,Sleepy Hollow Rec,Week4,325.0 Pinecrest - 77.0 Sleepy Hollow Rec
Pleasant Valley,Week1,Fairfax,Week2,350.0 Fairfax - 52.0 Pleasant Valley
Pinecrest,Week3,Sleepy Hollow Rec,Week4,324.0 Pinecrest - 78.0 Sleepy Hollow Rec
Pleasant Valley,Week4,Hollin Hills,Week2,212.0 Hollin Hills - 172.0 Pleasant Valley
Pleasant Valley,Week4,Mansion House,Week3,329.0 Mansion House - 72.0 Pleasant Valley
Pinecrest,Week5,Sleepy Hollow Rec,Week1,316.0 Pinecrest - 86.0 Sleepy Hollow Rec
Pleasant Valley,Week3,Hollin Hills,Week4,208.0 Pleasant Valley - 189.0 Hollin Hills
Pleasant Valley,Week1,Hollin Meadows,Week4,318.0 Hollin Meadows - 84.0 Pleasant Valley
Pleasant Valley,Week5,Mansion House,Week5,316.0 Mansion House - 86.0 Pleasant Valley
Pleasant Valley,Week1,Fair Oaks ,Week1,312.0 Fair Oaks - 90.0 Pleasant Valley
Pleasant Valley,Week5,Mansion House,Week2,306.0 Mansion House - 95.0 Pleasant Valley
Pleasant Valley,Week5,Hollin Hills,Week3,207.0 Hollin Hills - 186.0 Pleasant Valley
Pinewood Lake,Week2,Parliament,Week4,339.0 Parliament - 48.0 Pinewood Lake
Pleasant Valley,Week4,Mansion House,Week2,317.0 Mansion House - 81.0 Pleasant Valley
Pinewood Lake,Week1,Pinecrest,Week2,375.0 Pinecrest - 26.0 Pinewood Lake
Pleasant Valley,Week5,Dunn Loring,Week3,358.0 Dunn Loring - 44.0 Pleasant Valley
Pleasant Valley,Week4,Dunn Loring,Week4,370.0 Dunn Loring - 31.0 Pleasant Valley
Pleasant Valley,Week5,Long Branch,Week2,255.0 Long Branch - 145.0 Pleasant Valley
Pinecrest,Week3,Sleepy Hollow Rec,Week5,317.0 Pinecrest - 85.0 Sleepy Hollow Rec
Pleasant Valley,Week5,Dunn Loring,Week5,347.0 Dunn Loring - 55.0 Pleasant Valley
Pinecrest,Week4,Sleepy Hollow Rec,Week5,299.0 Pinecrest - 103.0 Sleepy Hollow Rec
Pinewood Lake,Week5,Parliament,Week5,330.0 Parliament - 64.0 Pinewood Lake
Pinewood Lake,Week2,Parliament,Week3,357.0 Parliament - 42.0 Pinewood Lake
Pleasant Valley,Week1,Hollin Meadows,Week2,314.0 Hollin Meadows - 88.0 Pleasant Valley
Pleasant Valley,Week2,Hollin Hills,Week5,207.0 Hollin Hills - 186.0 Pleasant Valley
Pleasant Valley,Week5,Dunn Loring,Week1,323.0 Dunn Loring - 74.0 Pleasant Valley
Pinecrest,Week4,Rolling Valley,Week2,351.0 Pinecrest - 51.0 Rolling Valley
Pinewood Lake,Week2,Pinecrest,Week1,380.0 Pinecrest - 20.0 Pinewood Lake
Pinecrest,Week1,Somerset-Olde Creek,Week2,345.0 Pinecrest - 57.0 Somerset-Olde Creek
Pinecrest,Week1,Somerset-Olde Creek,Week4,341.0 Pinecrest - 61.0 Somerset-Olde Creek
Pleasant Valley,Week1,Fair Oaks ,Week4,308.0 Fair Oaks - 93.0 Pleasant Valley
Pinecrest,Week5,Sleepy Hollow Rec,Week2,324.0 Pinecrest - 78.0 Sleepy Hollow Rec
Pleasant Valley,Week5,Long Branch,Week5,280.0 Long Branch - 121.0 Pleasant Valley
Pleasant Valley,Week1,Fairfax,Week4,339.0 Fairfax - 59.0 Pleasant Valley
Pleasant Valley,Week2,Hollin Meadows,Week2,316.0 Hollin Meadows - 86.0 Pleasant Valley
Pinecrest,Week2,Rutherford,Week1,326.0 Pinecrest - 76.0 Rutherford
Pleasant Valley,Week1,Mansion House,Week2,309.0 Mansion House - 89.0 Pleasant Valley
Pleasant Valley,Week3,Fair Oaks ,Week2,275.0 Fair Oaks - 127.0 Pleasant Valley
Pinewood Lake,Week1,Pinecrest,Week5,370.0 Pinecrest - 27.0 Pinewood Lake
Pinecrest,Week3,Rolling Valley,Week5,344.0 Pinecrest - 58.0 Rolling Valley
Pleasant Valley,Week5,Fair Oaks ,Week2,271.0 Fair Oaks - 131.0 Pleasant Valley
Pinewood Lake,Week4,Parliament,Week4,338.0 Parliament - 57.0 Pinewood Lake
Pleasant Valley,Week5,Hollin Hills,Week5,205.0 Hollin Hills - 183.0 Pleasant Valley
Pleasant Valley,Week5,Hollin Hills,Week1,202.0 Pleasant Valley - 188.0 Hollin Hills
Pinecrest,Week3,Somerset-Olde Creek,Week3,352.0 Pinecrest - 50.0 Somerset-Olde Creek
Pleasant Valley,Week1,Fairfax,Week5,358.0 Fairfax - 40.0 Pleasant Valley
Pleasant Valley,Week1,Mansion House,Week4,304.0 Mansion House - 97.0 Pleasant Valley
Pleasant Valley,Week3,Mansion House,Week3,316.0 Mansion House - 86.0 Pleasant Valley
Pleasant Valley,Week3,Fair Oaks ,Week1,301.0 Fair Oaks - 101.0 Pleasant Valley
Pinecrest,Week3,Somerset-Olde Creek,Week1,351.0 Pinecrest - 51.0 Somerset-Olde Creek
Pinewood Lake,Week4,Parliament,Week3,345.0 Parliament - 55.0 Pinewood Lake
Pinecrest,Week5,Sleepy Hollow Rec,Week4,314.0 Pinecrest - 88.0 Sleepy Hollow Rec
Pinewood Lake,Week3,Parliament,Week1,336.0 Parliament - 49.0 Pinewood Lake
Pleasant Valley,Week2,Hollin Meadows,Week3,321.0 Hollin Meadows - 79.0 Pleasant Valley
Pinewood Lake,Week3,Parliament,Week3,356.0 Parliament - 43.0 Pinewood Lake
Pleasant Valley,Week5,Hollin Hills,Week4,200.0 Hollin Hills - 197.0 Pleasant Valley
Pleasant Valley,Week5,Fair Oaks ,Week4,294.0 Fair Oaks - 108.0 Pleasant Valley
Pleasant Valley,Week2,Mansion House,Week1,316.0 Mansion House - 85.0 Pleasant Valley
Pinecrest,Week2,Somerset-Olde Creek,Week3,349.0 Pinecrest - 53.0 Somerset-Olde Creek
Pleasant Valley,Week3,Mansion House,Week1,308.0 Mansion House - 94.0 Pleasant Valley
Pleasant Valley,Week3,Mansion House,Week2,296.0 Mansion House - 106.0 Pleasant Valley
Pleasant Valley,Week1,Hollin Meadows,Week5,333.0 Hollin Meadows - 69.0 Pleasant Valley
Pleasant Valley,Week2,Hollin Meadows,Week4,316.0 Hollin Meadows - 86.0 Pleasant Valley
Pleasant Valley,Week1,Hollin Meadows,Week1,329.0 Hollin Meadows - 72.0 Pleasant Valley
Pleasant Valley,Week4,Fair Oaks ,Week5,317.0 Fair Oaks - 84.0 Pleasant Valley
Pinewood Lake,Week4,Parliament,Week2,323.5 Parliament - 67.5 Pinewood Lake
Pleasant Valley,Week1,Mansion House,Week1,312.0 Mansion House - 89.0 Pleasant Valley
Pinewood Lake,Week2,Pinecrest,Week3,385.0 Pinecrest - 17.0 Pinewood Lake
Pinewood Lake,Week2,Pinecrest,Week2,377.0 Pinecrest - 24.0 Pinewood Lake
Pleasant Valley,Week1,Fairfax,Week1,331.0 Fairfax - 71.0 Pleasant Valley
Pinecrest,Week3,Somerset-Olde Creek,Week4,352.0 Pinecrest - 50.0 Somerset-Olde Creek
Pleasant Valley,Week2,Mansion House,Week3,329.0 Mansion House - 72.0 Pleasant Valley
Pleasant Valley,Week3,Hollin Meadows,Week3,303.0 Hollin Meadows - 98.0 Pleasant Valley
Pinecrest,Week5,Rolling Valley,Week3,332.0 Pinecrest - 70.0 Rolling Valley
Pleasant Valley,Week3,Hollin Hills,Week1,237.0 Pleasant Valley - 160.0 Hollin Hills
Pinecrest,Week5,Rolling Valley,Week1,360.0 Pinecrest - 42.0 Rolling Valley
Pleasant Valley,Week5,Fair Oaks ,Week5,316.0 Fair Oaks - 85.0 Pleasant Valley
Pinecrest,Week3,Somerset-Olde Creek,Week5,343.0 Pinecrest - 59.0 Somerset-Olde Creek
Pinecrest,Week3,Rutherford,Week5,314.5 Pinecrest - 87.5 Rutherford
Pinecrest,Week1,Rutherford,Week5,292.0 Pinecrest - 110.0 Rutherford
Pleasant Valley,Week5,Fair Oaks ,Week3,300.0 Fair Oaks - 101.0 Pleasant Valley
Pleasant Valley,Week4,Mansion House,Week1,325.0 Mansion House - 76.0 Pleasant Valley
Pinecrest,Week4,Somerset-Olde Creek,Week1,350.0 Pinecrest - 52.0 Somerset-Olde Creek
Pleasant Valley,Week2,Hollin Meadows,Week5,320.0 Hollin Meadows - 81.0 Pleasant Valley
Pinecrest,Week3,Somerset-Olde Creek,Week2,360.0 Pinecrest - 42.0 Somerset-Olde Creek
Pleasant Valley,Week3,Mansion House,Week5,314.0 Mansion House - 88.0 Pleasant Valley
Pinewood Lake,Week4,Parliament,Week5,339.0 Parliament - 55.0 Pinewood Lake
Pinecrest,Week3,Rutherford,Week3,325.0 Pinecrest - 77.0 Rutherford
Pinecrest,Week2,Somerset-Olde Creek,Week2,357.0 Pinecrest - 45.0 Somerset-Olde Creek
Pleasant Valley,Week2,Hollin Hills,Week4,213.0 Hollin Hills - 180.0 Pleasant Valley
Pleasant Valley,Week3,Mansion House,Week4,290.0 Mansion House - 112.0 Pleasant Valley
Pinewood Lake,Week1,Pinecrest,Week4,375.0 Pinecrest - 26.0 Pinewood Lake
Pleasant Valley,Week1,Fair Oaks ,Week5,319.0 Fair Oaks - 82.0 Pleasant Valley
Pinewood Lake,Week5,Parliament,Week2,320.0 Parliament - 71.0 Pinewood Lake
Pinecrest,Week1,Rutherford,Week3,297.0 Pinecrest - 105.0 Rutherford
Pinewood Lake,Week4,Parliament,Week1,333.0 Parliament - 57.0 Pinewood Lake
Pleasant Valley,Week5,Long Branch,Week4,272.0 Long Branch - 130.0 Pleasant Valley
Pleasant Valley,Week4,Mansion House,Week5,328.0 Mansion House - 74.0 Pleasant Valley
Pinecrest,Week3,Rolling Valley,Week1,373.0 Pinecrest - 29.0 Rolling Valley
Pinecrest,Week3,Rolling Valley,Week2,348.0 Pinecrest - 54.0 Rolling Valley
Pinecrest,Week3,Rolling Valley,Week3,346.0 Pinecrest - 56.0 Rolling Valley
Pinecrest,Week4,Somerset-Olde Creek,Week4,352.0 Pinecrest - 50.0 Somerset-Olde Creek
Pleasant Valley,Week5,Long Branch,Week1,256.0 Long Branch - 143.0 Pleasant Valley
Pleasant Valley,Week4,Fair Oaks ,Week2,296.0 Fair Oaks - 105.0 Pleasant Valley
Pinewood Lake,Week5,Parliament,Week1,324.0 Parliament - 65.0 Pinewood Lake
Pleasant Valley,Week3,Hollin Hills,Week3,225.0 Pleasant Valley - 175.0 Hollin Hills
Pinecrest,Week1,South Run,Week2,288.5 Pinecrest - 113.5 South Run
Pinecrest,Week5,Orange Hunt,Week1,246.0 Pinecrest - 156.0 Orange Hunt
Pleasant Valley,Week5,Mansion House,Week1,319.0 Mansion House - 83.0 Pleasant Valley
Pinewood Lake,Week2,Pinecrest,Week4,379.0 Pinecrest - 23.0 Pinewood Lake
Pleasant Valley,Week4,Hollin Hills,Week1,202.0 Hollin Hills - 192.0 Pleasant Valley
Pinecrest,Week4,Rutherford,Week2,334.0 Pinecrest - 68.0 Rutherford
Pleasant Valley,Week2,Fair Oaks ,Week4,303.5 Fair Oaks - 97.5 Pleasant Valley
Pinewood Lake,Week5,Parliament,Week4,330.0 Parliament - 65.0 Pinewood Lake
Pleasant Valley,Week3,Hollin Hills,Week5,212.0 Pleasant Valley - 187.0 Hollin Hills
Pleasant Valley,Week3,Fair Oaks ,Week3,304.0 Fair Oaks - 98.0 Pleasant Valley
Pinecrest,Week4,Somerset-Olde Creek,Week2,357.0 Pinecrest - 45.0 Somerset-Olde Creek
Pinecrest,Week2,Somerset-Olde Creek,Week4,346.0 Pinecrest - 56.0 Somerset-Olde Creek
Pleasant Valley,Week4,Fair Oaks ,Week3,312.0 Fair Oaks - 90.0 Pleasant Valley
Pleasant Valley,Week3,Fair Oaks ,Week4,302.0 Fair Oaks - 100.0 Pleasant Valley
Pinecrest,Week5,Somerset-Olde Creek,Week2,351.0 Pinecrest - 50.0 Somerset-Olde Creek
Pleasant Valley,Week1,Mansion House,Week5,322.0 Mansion House - 80.0 Pleasant Valley
Pleasant Valley,Week3,Hollin Hills,Week2,222.0 Pleasant Valley - 175.0 Hollin Hills
Pinewood Lake,Week3,Parliament,Week5,335.0 Parliament - 54.0 Pinewood Lake
Pleasant Valley,Week4,Hollin Hills,Week4,225.0 Hollin Hills - 161.0 Pleasant Valley
Pleasant Valley,Week1,Fair Oaks ,Week3,300.0 Fair Oaks - 102.0 Pleasant Valley
Pleasant Valley,Week4,Fair Oaks ,Week4,313.0 Fair Oaks - 88.0 Pleasant Valley
Pinecrest,Week2,Rutherford,Week4,318.0 Pinecrest - 84.0 Rutherford
Pinewood Lake,Week3,Pinecrest,Week2,386.0 Pinecrest - 14.0 Pinewood Lake
Pinecrest,Week1,South Run,Week1,259.0 Pinecrest - 134.0 South Run
Pinecrest,Week3,Rolling Valley,Week4,346.0 Pinecrest - 56.0 Rolling Valley
Pleasant Valley,Week2,Mansion House,Week5,330.0 Mansion House - 72.0 Pleasant Valley
Pinecrest,Week5,Somerset-Olde Creek,Week5,336.0 Pinecrest - 65.0 Somerset-Olde Creek
Pinecrest,Week2,Rutherford,Week3,316.0 Pinecrest - 86.0 Rutherford
Pleasant Valley,Week2,Fair Oaks ,Week5,321.0 Fair Oaks - 80.0 Pleasant Valley
Pinecrest,Week5,Rolling Valley,Week5,327.0 Pinecrest - 75.0 Rolling Valley
Pinecrest,Week1,South Run,Week3,283.0 Pinecrest - 119.0 South Run
Pleasant Valley,Week5,Fair Oaks ,Week1,294.0 Fair Oaks - 107.0 Pleasant Valley
Pleasant Valley,Week1,Mansion House,Week3,323.0 Mansion House - 78.0 Pleasant Valley
Pleasant Valley,Week2,Fair Oaks ,Week1,312.0 Fair Oaks - 90.0 Pleasant Valley
Pleasant Valley,Week5,Hollin Hills,Week2,201.0 Hollin Hills - 193.0 Pleasant Valley
Pleasant Valley,Week3,Fair Oaks ,Week5,315.0 Fair Oaks - 87.0 Pleasant Valley
Pleasant Valley,Week3,Hollin Meadows,Week4,299.0 Hollin Meadows - 103.0 Pleasant Valley
Pinewood Lake,Week3,Pinecrest,Week3,389.0 Pinecrest - 13.0 Pinewood Lake
Pleasant Valley,Week5,Mansion House,Week4,292.0 Mansion House - 110.0 Pleasant Valley
Pinecrest,Week1,South Run,Week5,260.0 Pinecrest - 142.0 South Run
Pinecrest,Week1,Shouse Village,Week4,216.5 Pinecrest - 185.5 Shouse Village
Pleasant Valley,Week2,Fair Oaks ,Week2,289.0 Fair Oaks - 112.0 Pleasant Valley
Pinecrest,Week5,Somerset-Olde Creek,Week3,348.0 Pinecrest - 53.0 Somerset-Olde Creek
Pleasant Valley,Week2,Mansion House,Week2,316.0 Mansion House - 82.0 Pleasant Valley
Pleasant Valley,Week4,Hollin Meadows,Week1,323.0 Hollin Meadows - 78.0 Pleasant Valley
Pleasant Valley,Week3,Hollin Meadows,Week1,299.0 Hollin Meadows - 102.0 Pleasant Valley
Pinewood Lake,Week3,Pinecrest,Week4,383.0 Pinecrest - 18.0 Pinewood Lake
Pinewood Lake,Week4,Pinecrest,Week1,385.0 Pinecrest - 15.0 Pinewood Lake
Pleasant Valley,Week4,Hollin Meadows,Week2,319.0 Hollin Meadows - 82.0 Pleasant Valley
Pinecrest,Week1,South Run,Week4,289.0 Pinecrest - 113.0 South Run
Pleasant Valley,Week3,Hollin Meadows,Week5,309.0 Hollin Meadows - 93.0 Pleasant Valley
Pleasant Valley,Week4,Mansion House,Week4,315.0 Mansion House - 77.0 Pleasant Valley
Pinewood Lake,Week3,Pinecrest,Week1,384.0 Pinecrest - 15.0 Pinewood Lake
Pleasant Valley,Week5,Mansion House,Week3,320.0 Mansion House - 81.0 Pleasant Valley
Pinecrest,Week4,Rolling Valley,Week3,341.0 Pinecrest - 61.0 Rolling Valley
Pinewood Lake,Week3,Pinecrest,Week5,377.0 Pinecrest - 20.0 Pinewood Lake
Pleasant Valley,Week2,Fair Oaks ,Week3,308.0 Fair Oaks - 94.0 Pleasant Valley
Pinecrest,Week5,Somerset-Olde Creek,Week4,344.0 Pinecrest - 52.0 Somerset-Olde Creek
Pleasant Valley,Week1,Mantua,Week4,340.0 Mantua - 62.0 Pleasant Valley
Pleasant Valley,Week1,Mantua,Week2,325.0 Mantua - 76.0 Pleasant Valley
Pinecrest,Week4,Somerset-Olde Creek,Week5,337.5 Pinecrest - 64.5 Somerset-Olde Creek
Pleasant Valley,Week4,Fair Oaks ,Week1,322.0 Fair Oaks - 79.0 Pleasant Valley
Pinewood Lake,Week4,Pinewood Lake,Week4,128.0 Pinewood Lake (PW1) - 128.0 Pinewood Lake (PW2)
Pleasant Valley,Week2,Holmes Run Acres,Week5,322.0 Holmes Run Acres - 80.0 Pleasant Valley
Pinecrest,Week2,Somerset-Olde Creek,Week5,337.0 Pinecrest - 65.0 Somerset-Olde Creek
Pinecrest,Week2,Rutherford,Week5,307.0 Pinecrest - 95.0 Rutherford
Pinecrest,Week2,South Run,Week1,273.0 Pinecrest - 120.0 South Run
Pleasant Valley,Week3,Holmes Run Acres,Week3,308.0 Holmes Run Acres - 94.0 Pleasant Valley
Pinecrest,Week3,Rutherford,Week1,336.0 Pinecrest - 66.0 Rutherford
Pleasant Valley,Week4,Holmes Run Acres,Week5,326.0 Holmes Run Acres - 76.0 Pleasant Valley
Pinewood Lake,Week3,Pinewood Lake,Week4,145.5 Pinewood Lake (PW2) - 114.5 Pinewood Lake (PW1)
Pleasant Valley,Week1,Fairfax,Week3,339.0 Fairfax - 59.0 Pleasant Valley
Pleasant Valley,Week1,Mantua,Week3,356.5 Mantua - 44.5 Pleasant Valley
Pleasant Valley,Week4,Mantua,Week4,340.0 Mantua - 62.0 Pleasant Valley
Pinecrest,Week4,Rolling Valley,Week4,341.5 Pinecrest - 60.5 Rolling Valley
Pinecrest,Week4,Rolling Valley,Week1,374.0 Pinecrest - 28.0 Rolling Valley
Pinecrest,Week2,Somerset-Olde Creek,Week1,350.0 Pinecrest - 52.0 Somerset-Olde Creek
Pleasant Valley,Week5,Fairfax,Week3,336.0 Fairfax - 65.0 Pleasant Valley
Pinewood Lake,Week4,Pinewood Lake,Week1,161.0 Pinewood Lake (PW1) - 115.0 Pinewood Lake (PW2)
Pleasant Valley,Week1,Mantua,Week1,321.0 Mantua - 79.0 Pleasant Valley
Pleasant Valley,Week2,Fairfax Club Estates,Week1,249.0 Fairfax Club Estates - 150.0 Pleasant Valley
Pinewood Lake,Week1,Pinewood Lake,Week4,161.0 Pinewood Lake (PW2) - 115.0 Pinewood Lake (PW1)
Pinecrest,Week5,Rolling Valley,Week4,342.0 Pinecrest - 60.0 Rolling Valley
Pinecrest,Week5,Somerset-Olde Creek,Week1,342.0 Pinecrest - 59.0 Somerset-Olde Creek
Pleasant Valley,Week5,Holmes Run Acres,Week2,279.0 Holmes Run Acres - 118.0 Pleasant Valley
Pinewood Lake,Week2,Pinewood Lake,Week3,147.0 Pinewood Lake (PW1) - 121.0 Pinewood Lake (PW2)
Pleasant Valley,Week4,Holmes Run Acres,Week3,321.0 Holmes Run Acres - 80.0 Pleasant Valley
Pleasant Valley,Week1,Mantua,Week5,346.0 Mantua - 55.0 Pleasant Valley
Pinewood Lake,Week1,Pinewood Lake,Week1,126.5 Pinewood Lake (PW1) - 126.5 Pinewood Lake (PW2)
Pleasant Valley,Week2,Mantua,Week4,343.0 Mantua - 59.0 Pleasant Valley
Pleasant Valley,Week5,Holmes Run Acres,Week1,280.0 Holmes Run Acres - 122.0 Pleasant Valley
Pinecrest,Week5,South Run,Week4,293.0 Pinecrest - 108.0 South Run
Pleasant Valley,Week1,Fairfax Club Estates,Week3,277.0 Fairfax Club Estates - 120.0 Pleasant Valley
Pleasant Valley,Week2,Mantua,Week1,326.0 Mantua - 74.0 Pleasant Valley
Pinecrest,Week1,Rutherford,Week4,286.0 Pinecrest - 116.0 Rutherford
Pleasant Valley,Week3,Fairfax Club Estates,Week2,226.5 Fairfax Club Estates - 174.5 Pleasant Valley
Pinecrest,Week2,Rutherford,Week2,329.0 Pinecrest - 73.0 Rutherford
Pleasant Valley,Week3,Mantua,Week4,328.0 Mantua - 74.0 Pleasant Valley
Pinewood Lake,Week5,Pinewood Lake,Week2,181.0 Pinewood Lake (PW1) - 123.0 Pinewood Lake (PW2)
Pleasant Valley,Week5,Fairfax,Week1,328.0 Fairfax - 72.0 Pleasant Valley
Pleasant Valley,Week3,Holmes Run Acres,Week4,284.5 Holmes Run Acres - 117.5 Pleasant Valley
Pleasant Valley,Week4,Hollin Meadows,Week5,325.0 Hollin Meadows - 76.0 Pleasant Valley
Pleasant Valley,Week5,Hollin Meadows,Week2,304.0 Hollin Meadows - 97.0 Pleasant Valley
Pleasant Valley,Week2,Mantua,Week3,355.0 Mantua - 46.0 Pleasant Valley
Pleasant Valley,Week2,Fairfax,Week3,349.0 Fairfax - 49.0 Pleasant Valley
Pinecrest,Week1,Rutherford,Week2,317.0 Pinecrest - 85.0 Rutherford
Pleasant Valley,Week3,Holmes Run Acres,Week2,279.0 Holmes Run Acres - 123.0 Pleasant Valley
Pinecrest,Week4,Rolling Valley,Week5,339.0 Pinecrest - 63.0 Rolling Valley
Pleasant Valley,Week5,Hollin Meadows,Week5,322.0 Hollin Meadows - 80.0 Pleasant Valley
Pinewood Lake,Week4,Pinecrest,Week2,384.0 Pinecrest - 16.0 Pinewood Lake
Pinecrest,Week2,Springboard,Week4,324.5 Pinecrest - 77.5 Springboard
Pleasant Valley,Week2,McLean,Week2,361.0 McLean - 40.0 Pleasant Valley
Pinecrest,Week4,Somerset-Olde Creek,Week3,351.0 Pinecrest - 51.0 Somerset-Olde Creek
Pinecrest,Week2,Springboard,Week2,343.0 Pinecrest - 58.0 Springboard
Pinecrest,Week5,Rolling Valley,Week2,345.0 Pinecrest - 57.0 Rolling Valley
Pinewood Lake,Week1,Pinewood Lake,Week2,149.0 Pinewood Lake (PW2) - 129.0 Pinewood Lake (PW1)
Pinecrest,Week1,Rutherford,Week1,312.0 Pinecrest - 90.0 Rutherford
Pleasant Valley,Week2,Fairfax Club Estates,Week3,266.0 Fairfax Club Estates - 130.0 Pleasant Valley
Pinewood Lake,Week3,Pinewood Lake,Week1,144.0 Pinewood Lake (PW1) - 127.0 Pinewood Lake (PW2)
Pinecrest,Week2,South Run,Week2,290.0 Pinecrest - 112.0 South Run
Pinewood Lake,Week5,Pinecrest,Week3,382.0 Pinecrest - 20.0 Pinewood Lake
Pleasant Valley,Week3,Mantua,Week5,335.0 Mantua - 67.0 Pleasant Valley
Pinecrest,Week3,Rutherford,Week2,332.0 Pinecrest - 70.0 Rutherford
Pleasant Valley,Week1,Holmes Run Acres,Week1,285.5 Holmes Run Acres - 115.5 Pleasant Valley
Pinecrest,Week3,Rutherford,Week4,323.0 Pinecrest - 79.0 Rutherford
Pleasant Valley,Week5,Mantua,Week2,320.0 Mantua - 75.0 Pleasant Valley
Pleasant Valley,Week2,Holmes Run Acres,Week3,312.0 Holmes Run Acres - 89.0 Pleasant Valley
Pinecrest,Week4,Rutherford,Week4,324.0 Pinecrest - 78.0 Rutherford
Pinecrest,Week4,Rutherford,Week5,325.0 Pinecrest - 77.0 Rutherford
Pleasant Valley,Week5,Hollin Meadows,Week3,294.0 Hollin Meadows - 104.0 Pleasant Valley
Pinewood Lake,Week3,Pinewood Lake,Week2,147.0 Pinewood Lake (PW2) - 121.0 Pinewood Lake (PW1)
Pinewood Lake,Week2,Pinewood Lake,Week5,181.0 Pinewood Lake (PW2) - 123.0 Pinewood Lake (PW1)
Pleasant Valley,Week3,Mantua,Week1,315.0 Mantua - 86.0 Pleasant Valley
Pleasant Valley,Week4,Mantua,Week3,358.0 Mantua - 43.0 Pleasant Valley
Pinecrest,Week4,Rutherford,Week1,344.0 Pinecrest - 58.0 Rutherford
Pinecrest,Week4,South Run,Week1,276.0 Pinecrest - 117.0 South Run
Pleasant Valley,Week3,Fairfax,Week4,325.0 Fairfax - 77.0 Pleasant Valley
Pleasant Valley,Week3,Fairfax,Week3,326.0 Fairfax - 76.0 Pleasant Valley
Pinecrest,Week3,Springboard,Week4,333.0 Pinecrest - 69.0 Springboard
Pleasant Valley,Week3,Fairfax,Week1,316.0 Fairfax - 86.0 Pleasant Valley
Pleasant Valley,Week2,Holmes Run Acres,Week2,286.0 Holmes Run Acres - 116.0 Pleasant Valley
Pinecrest,Week3,South Run,Week3,302.0 Pinecrest - 100.0 South Run
Pinecrest,Week5,South Run,Week5,265.0 Pinecrest - 137.0 South Run
Pinewood Lake,Week5,Pinecrest,Week2,377.0 Pinecrest - 25.0 Pinewood Lake
Pleasant Valley,Week1,McLean,Week4,353.0 McLean - 49.0 Pleasant Valley
Pleasant Valley,Week4,Fairfax,Week1,352.0 Fairfax - 49.0 Pleasant Valley
Pinecrest,Week5,Rutherford,Week1,339.0 Pinecrest - 62.0 Rutherford
Pleasant Valley,Week3,Fairfax,Week5,348.0 Fairfax - 54.0 Pleasant Valley
Pinewood Lake,Week4,Pinewood Lake,Week5,166.0 Pinewood Lake (PW2) - 126.0 Pinewood Lake (PW1)
Pinecrest,Week5,South Run,Week3,280.0 Pinecrest - 121.0 South Run
Pleasant Valley,Week2,Fairfax,Week1,334.0 Fairfax - 68.0 Pleasant Valley
Pleasant Valley,Week4,Hollin Meadows,Week3,321.0 Hollin Meadows - 76.0 Pleasant Valley
Pleasant Valley,Week1,Holmes Run Acres,Week5,321.0 Holmes Run Acres - 81.0 Pleasant Valley
Pleasant Valley,Week5,Mantua,Week1,312.0 Mantua - 84.0 Pleasant Valley
Pinecrest,Week3,South Run,Week2,290.0 Pinecrest - 112.0 South Run
Pinewood Lake,Week5,Pinewood Lake,Week4,166.0 Pinewood Lake (PW1) - 126.0 Pinewood Lake (PW2)
Pinewood Lake,Week5,Pinecrest,Week4,378.0 Pinecrest - 24.0 Pinewood Lake
Pleasant Valley,Week1,Fairfax Club Estates,Week1,262.0 Fairfax Club Estates - 138.0 Pleasant Valley
Pleasant Valley,Week5,Mantua,Week4,329.0 Mantua - 73.0 Pleasant Valley
Pinecrest,Week4,South Run,Week5,268.0 Pinecrest - 134.0 South Run
Pinecrest,Week4,Rutherford,Week3,332.0 Pinecrest - 70.0 Rutherford
Pleasant Valley,Week2,Mantua,Week2,321.5 Mantua - 79.5 Pleasant Valley
Pinewood Lake,Week4,Pinecrest,Week3,387.0 Pinecrest - 15.0 Pinewood Lake
Pleasant Valley,Week4,Mantua,Week1,327.0 Mantua - 66.0 Pleasant Valley
Pinewood Lake,Week4,Pinecrest,Week4,382.0 Pinecrest - 20.0 Pinewood Lake
Pinecrest,Week3,South Run,Week1,283.0 Pinecrest - 110.0 South Run
Pinecrest,Week5,Parklawn,Week2,318.0 Pinecrest - 80.0 Parklawn
Pleasant Valley,Week4,Fairfax,Week4,348.0 Fairfax - 50.0 Pleasant Valley
Pinecrest,Week5,Rutherford,Week2,337.0 Pinecrest - 64.0 Rutherford
Pinecrest,Week5,Rutherford,Week3,322.0 Pinecrest - 79.0 Rutherford
Pleasant Valley,Week3,Fairfax,Week2,339.0 Fairfax - 63.0 Pleasant Valley
Pinecrest,Week2,Springboard,Week1,336.0 Pinecrest - 65.0 Springboard
Pleasant Valley,Week5,Hollin Meadows,Week1,304.0 Hollin Meadows - 97.0 Pleasant Valley
Pleasant Valley,Week5,Fairfax,Week5,347.0 Fairfax - 54.0 Pleasant Valley
Pleasant Valley,Week4,Holmes Run Acres,Week1,303.0 Holmes Run Acres - 98.0 Pleasant Valley
Pinecrest,Week3,Parklawn,Week2,323.0 Pinecrest - 79.0 Parklawn
Pleasant Valley,Week5,Fairfax,Week2,333.0 Fairfax - 69.0 Pleasant Valley
Pleasant Valley,Week3,Holmes Run Acres,Week5,308.0 Holmes Run Acres - 94.0 Pleasant Valley
Pleasant Valley,Week1,Holmes Run Acres,Week2,293.0 Holmes Run Acres - 109.0 Pleasant Valley
Pinecrest,Week4,Parklawn,Week5,307.0 Pinecrest - 95.0 Parklawn
Pinewood Lake,Week1,Pinewood Lake,Week3,144.0 Pinewood Lake (PW2) - 127.0 Pinewood Lake (PW1)
Pleasant Valley,Week1,McLean,Week1,344.0 McLean - 58.0 Pleasant Valley
Pinecrest,Week1,Springboard,Week3,323.0 Pinecrest - 79.0 Springboard
Pinecrest,Week2,Parklawn,Week1,337.0 Pinecrest - 56.0 Parklawn
Pinecrest,Week1,Springboard,Week5,319.0 Pinecrest - 83.0 Springboard
Pinewood Lake,Week2,Pinewood Lake,Week1,149.0 Pinewood Lake (PW1) - 129.0 Pinewood Lake (PW2)
Pinecrest,Week5,Rutherford,Week4,310.0 Pinecrest - 92.0 Rutherford
Pinecrest,Week5,Parklawn,Week1,329.0 Pinecrest - 64.0 Parklawn
Pleasant Valley,Week4,Hollin Meadows,Week4,316.0 Hollin Meadows - 86.0 Pleasant Valley
Pinecrest,Week5,Parklawn,Week3,320.0 Pinecrest - 78.0 Parklawn
Pleasant Valley,Week5,Fairfax,Week4,327.0 Fairfax - 73.0 Pleasant Valley
Pinecrest,Week2,South Run,Week3,289.0 Pinecrest - 113.0 South Run
Pleasant Valley,Week2,Holmes Run Acres,Week4,288.0 Holmes Run Acres - 113.0 Pleasant Valley
Pinecrest,Week1,Springboard,Week4,315.0 Pinecrest - 87.0 Springboard
Pleasant Valley,Week1,Holmes Run Acres,Week4,307.0 Holmes Run Acres - 94.0 Pleasant Valley
Pinecrest,Week1,Shouse Village,Week1,257.0 Pinecrest - 145.0 Shouse Village
Pleasant Valley,Week2,Mantua,Week5,350.0 Mantua - 51.0 Pleasant Valley
Pinecrest,Week5,Rutherford,Week5,315.0 Pinecrest - 86.0 Rutherford
Pleasant Valley,Week3,Mantua,Week3,338.0 Mantua - 64.0 Pleasant Valley
Pinecrest,Week2,South Run,Week5,267.0 Pinecrest - 135.0 South Run
Pinewood Lake,Week2,Pinewood Lake,Week2,134.0 Pinewood Lake (PW1) - 134.0 Pinewood Lake (PW2)
Pleasant Valley,Week4,McLean,Week2,357.0 McLean - 43.0 Pleasant Valley
Pleasant Valley,Week5,Hollin Meadows,Week4,311.0 Hollin Meadows - 91.0 Pleasant Valley
Pleasant Valley,Week1,Holmes Run Acres,Week3,319.0 Holmes Run Acres - 82.0 Pleasant Valley
Pleasant Valley,Week2,McLean,Week1,351.0 McLean - 51.0 Pleasant Valley
Pinecrest,Week2,Parklawn,Week4,313.0 Pinecrest - 88.0 Parklawn
Pleasant Valley,Week2,Fairfax,Week4,342.0 Fairfax - 56.0 Pleasant Valley
Pleasant Valley,Week1,McLean,Week5,365.0 McLean - 37.0 Pleasant Valley
Pinecrest,Week1,Shouse Village,Week3,236.0 Pinecrest - 166.0 Shouse Village
Pinewood Lake,Week3,Pinewood Lake,Week3,121.5 Pinewood Lake (PW1) - 121.5 Pinewood Lake (PW2)
Pinecrest,Week2,Parklawn,Week3,330.0 Pinecrest - 71.0 Parklawn
Pinecrest,Week4,South Run,Week2,282.0 Pinecrest - 120.0 South Run
Pleasant Valley,Week2,Fairfax,Week5,360.0 Fairfax - 38.0 Pleasant Valley
Pinecrest,Week5,Overlee,Week3,266.0 Overlee - 136.0 Pinecrest
Pinecrest,Week1,Shouse Village,Week2,256.0 Pinecrest - 146.0 Shouse Village
Pinecrest,Week1,Shouse Village,Week5,227.0 Pinecrest - 175.0 Shouse Village
Pinewood Lake,Week4,Pinecrest,Week5,374.0 Pinecrest - 23.0 Pinewood Lake
Pinewood Lake,Week2,Pinewood Lake,Week4,139.0 Pinewood Lake (PW2) - 138.0 Pinewood Lake (PW1)
Pinewood Lake,Week5,Pinecrest,Week5,370.0 Pinecrest - 27.0 Pinewood Lake
Pleasant Valley,Week1,Fairfax Club Estates,Week2,248.5 Fairfax Club Estates - 147.5 Pleasant Valley
Pleasant Valley,Week4,Holmes Run Acres,Week2,296.0 Holmes Run Acres - 106.0 Pleasant Valley
Pleasant Valley,Week1,McLean,Week2,357.5 McLean - 43.5 Pleasant Valley
Pinecrest,Week4,South Run,Week3,297.0 Pinecrest - 105.0 South Run
Pleasant Valley,Week4,Fairfax,Week5,363.0 Fairfax - 35.0 Pleasant Valley
Pinecrest,Week2,Parklawn,Week5,322.5 Pinecrest - 78.5 Parklawn
Pinecrest,Week2,Shouse Village,Week4,255.0 Pinecrest - 147.0 Shouse Village
Pleasant Valley,Week3,Holmes Run Acres,Week1,271.0 Holmes Run Acres - 131.0 Pleasant Valley
Pinewood Lake,Week1,Pinewood Lake,Week5,191.0 Pinewood Lake (PW2) - 110.0 Pinewood Lake (PW1)
Pinewood Lake,Week4,Pinewood Lake,Week3,145.5 Pinewood Lake (PW1) - 114.5 Pinewood Lake (PW2)
Pleasant Valley,Week3,Mantua,Week2,318.0 Mantua - 84.0 Pleasant Valley
Pleasant Valley,Week4,Holmes Run Acres,Week4,303.0 Holmes Run Acres - 96.0 Pleasant Valley
Pleasant Valley,Week2,Holmes Run Acres,Week1,291.0 Holmes Run Acres - 110.0 Pleasant Valley
Pinecrest,Week5,South Run,Week1,265.5 Pinecrest - 126.5 South Run
Pleasant Valley,Week4,Mantua,Week2,337.0 Mantua - 58.0 Pleasant Valley
Pleasant Valley,Week4,Fairfax,Week3,356.0 Fairfax - 42.0 Pleasant Valley
Pinecrest,Week2,Shouse Village,Week5,249.0 Pinecrest - 153.0 Shouse Village
Pinewood Lake,Week5,Pinecrest,Week1,374.0 Pinecrest - 27.0 Pinewood Lake
Pinecrest,Week3,South Run,Week5,279.0 Pinecrest - 123.0 South Run
Pinecrest,Week3,Parklawn,Week3,327.0 Pinecrest - 75.0 Parklawn
Pinecrest,Week1,Parklawn,Week3,317.0 Pinecrest - 85.0 Parklawn
Pinewood Lake,Week4,Pinewood Lake,Week2,139.0 Pinewood Lake (PW1) - 138.0 Pinewood Lake (PW2)
Pinecrest,Week3,Parklawn,Week1,332.0 Pinecrest - 61.0 Parklawn
Pleasant Valley,Week2,Fairfax,Week2,352.0 Fairfax - 50.0 Pleasant Valley
Pinecrest,Week1,Parklawn,Week5,303.5 Pinecrest - 98.5 Parklawn
Pinecrest,Week3,South Run,Week4,314.0 Pinecrest - 88.0 South Run
Pleasant Valley,Week5,Hunt Valley,Week1,333.0 Hunt Valley - 69.0 Pleasant Valley
Pleasant Valley,Week5,Mantua,Week3,347.0 Mantua - 55.0 Pleasant Valley
Pleasant Valley,Week4,Mantua,Week5,353.0 Mantua - 48.0 Pleasant Valley
Pinecrest,Week2,Shouse Village,Week2,282.0 Pinecrest - 120.0 Shouse Village
Pinewood Lake,Week3,Pinewood Lake,Week5,177.0 Pinewood Lake (PW2) - 118.0 Pinewood Lake (PW1)
Pinecrest,Week1,Springboard,Week1,318.0 Pinecrest - 84.0 Springboard
Pinecrest,Week4,Pinewood Lake,Week4,382.0 Pinecrest - 20.0 Pinewood Lake
Pinecrest,Week3,Shouse Village,Week4,260.0 Pinecrest - 142.0 Shouse Village
Pleasant Valley,Week4,Fairfax,Week2,362.0 Fairfax - 40.0 Pleasant Valley
Pinecrest,Week3,Shouse Village,Week2,286.0 Pinecrest - 116.0 Shouse Village
Pleasant Valley,Week1,Fairfax Club Estates,Week4,276.0 Fairfax Club Estates - 117.0 Pleasant Valley
Pinecrest,Week3,Shouse Village,Week3,276.0 Pinecrest - 126.0 Shouse Village
Pinecrest,Week3,Shouse Village,Week5,237.5 Pinecrest - 164.5 Shouse Village
Pinecrest,Week2,South Run,Week4,298.0 Pinecrest - 104.0 South Run
Pinecrest,Week4,Shouse Village,Week1,286.0 Pinecrest - 116.0 Shouse Village
Pleasant Valley,Week5,Holmes Run Acres,Week3,306.0 Holmes Run Acres - 96.0 Pleasant Valley
Pinecrest,Week5,Pinewood Lake,Week4,374.0 Pinecrest - 23.0 Pinewood Lake
Pinecrest,Week5,South Run,Week2,274.0 Pinecrest - 122.0 South Run
Pleasant Valley,Week1,Hunter Mill,Week2,310.0 Hunter Mill - 92.0 Pleasant Valley
Pinecrest,Week4,Parklawn,Week1,334.0 Pinecrest - 59.0 Parklawn
Pinecrest,Week4,South Run,Week4,307.0 Pinecrest - 95.0 South Run
Pinecrest,Week1,Pinewood Lake,Week4,385.0 Pinecrest - 15.0 Pinewood Lake
Pinecrest,Week3,Parklawn,Week5,313.0 Pinecrest - 89.0 Parklawn
Pinewood Lake,Week5,Pinewood Lake,Week3,177.0 Pinewood Lake (PW1) - 118.0 Pinewood Lake (PW2)
Pinewood Lake,Week3,Pleasant Valley,Week2,298.0 Pleasant Valley - 92.0 Pinewood Lake
Pleasant Valley,Week1,McLean,Week3,355.0 McLean - 46.0 Pleasant Valley
Pleasant Valley,Week5,Mantua,Week5,346.0 Mantua - 56.0 Pleasant Valley
Pleasant Valley,Week5,Hunt Valley,Week5,357.0 Hunt Valley - 45.0 Pleasant Valley
Pleasant Valley,Week5,Hunt Valley,Week3,348.0 Hunt Valley - 54.0 Pleasant Valley
Pleasant Valley,Week3,McLean,Week4,341.0 McLean - 61.0 Pleasant Valley
Pleasant Valley,Week2,Fairfax Club Estates,Week5,266.0 Fairfax Club Estates - 127.0 Pleasant Valley
Pinecrest,Week5,Overlee,Week5,304.0 Overlee - 98.0 Pinecrest
Pleasant Valley,Week3,Fairfax Club Estates,Week1,232.0 Fairfax Club Estates - 168.0 Pleasant Valley
Pinecrest,Week1,Springboard,Week2,333.0 Pinecrest - 69.0 Springboard
Pleasant Valley,Week2,Fairfax Club Estates,Week2,256.0 Fairfax Club Estates - 139.0 Pleasant Valley
Pinecrest,Week5,Overlee,Week4,315.0 Overlee - 87.0 Pinecrest
Pinewood Lake,Week4,Pleasant Valley,Week2,290.0 Pleasant Valley - 102.0 Pinewood Lake
Pinewood Lake,Week5,Pinewood Lake,Week1,191.0 Pinewood Lake (PW1) - 110.0 Pinewood Lake (PW2)
Pleasant Valley,Week3,McLean,Week1,339.0 McLean - 63.0 Pleasant Valley
Pinecrest,Week1,Pleasant Valley,Week1,341.0 Pinecrest - 61.0 Pleasant Valley
Pinecrest,Week2,Shouse Village,Week1,276.0 Pinecrest - 126.0 Shouse Village
Pleasant Valley,Week1,Fairfax Club Estates,Week5,261.0 Fairfax Club Estates - 132.0 Pleasant Valley
Pinecrest,Week2,Shouse Village,Week3,266.0 Pinecrest - 136.0 Shouse Village
Pinecrest,Week1,Rolling Hills,Week1,283.0 Pinecrest - 119.0 Rolling Hills
Pleasant Valley,Week2,Fairfax Club Estates,Week4,276.0 Fairfax Club Estates - 117.0 Pleasant Valley
Pinecrest,Week4,Parklawn,Week2,321.0 Pinecrest - 81.0 Parklawn
Pinecrest,Week3,Shouse Village,Week1,286.0 Pinecrest - 116.0 Shouse Village
Pleasant Valley,Week1,Mosby Woods,Week2,327.0 Mosby Woods - 75.0 Pleasant Valley
Pleasant Valley,Week3,Hunt Valley,Week1,325.0 Hunt Valley - 77.0 Pleasant Valley
Pleasant Valley,Week2,Fairfax Station,Week3,336.0 Fairfax Station - 66.0 Pleasant Valley
Pinecrest,Week2,Springboard,Week3,327.0 Pinecrest - 74.0 Springboard
Pinecrest,Week3,Pinewood Lake,Week2,385.0 Pinecrest - 17.0 Pinewood Lake
Pinecrest,Week2,Pinewood Lake,Week4,384.0 Pinecrest - 16.0 Pinewood Lake
Pleasant Valley,Week3,McLean,Week5,357.0 McLean - 45.0 Pleasant Valley
Pinewood Lake,Week1,Poplar Heights,Week3,371.0 Poplar Heights - 30.0 Pinewood Lake
Pinecrest,Week1,Rolling Hills,Week3,286.0 Pinecrest - 116.0 Rolling Hills
Pinecrest,Week3,Parklawn,Week4,315.0 Pinecrest - 87.0 Parklawn
Pinecrest,Week1,Rolling Hills,Week5,296.0 Pinecrest - 106.0 Rolling Hills
Pinewood Lake,Week1,Pleasant Valley,Week1,300.0 Pleasant Valley - 90.0 Pinewood Lake
Pinecrest,Week2,Parklawn,Week2,323.0 Pinecrest - 78.0 Parklawn
Pleasant Valley,Week4,McLean,Week4,362.0 McLean - 40.0 Pleasant Valley
Pinecrest,Week2,Rolling Hills,Week3,299.0 Pinecrest - 103.0 Rolling Hills
Pinecrest,Week4,Parklawn,Week3,329.5 Pinecrest - 72.5 Parklawn
Pinecrest,Week3,Springboard,Week1,338.0 Pinecrest - 64.0 Springboard
Pinewood Lake,Week1,Pleasant Valley,Week2,305.0 Pleasant Valley - 83.0 Pinewood Lake
Pleasant Valley,Week2,Hunt Valley,Week1,338.0 Hunt Valley - 64.0 Pleasant Valley
Pleasant Valley,Week1,Hunt Valley,Week5,349.0 Hunt Valley - 53.0 Pleasant Valley
Pinecrest,Week2,Springboard,Week5,323.5 Pinecrest - 77.5 Springboard
Pinecrest,Week5,Pinewood Lake,Week2,370.0 Pinecrest - 27.0 Pinewood Lake
Pleasant Valley,Week1,Fairfax Station,Week1,320.0 Fairfax Station - 81.0 Pleasant Valley
Pinecrest,Week4,Shouse Village,Week2,287.0 Pinecrest - 115.0 Shouse Village
Pinecrest,Week2,Pleasant Valley,Week1,363.0 Pinecrest - 38.0 Pleasant Valley
Pinecrest,Week3,Springboard,Week2,346.0 Pinecrest - 56.0 Springboard
Pleasant Valley,Week3,McLean,Week3,349.0 McLean - 52.0 Pleasant Valley
Pleasant Valley,Week4,Fairfax Club Estates,Week4,282.0 Fairfax Club Estates - 115.0 Pleasant Valley
Pleasant Valley,Week3,Mosby Woods,Week4,312.0 Mosby Woods - 90.0 Pleasant Valley
Pinecrest,Week4,Village West,Week3,304.0 Pinecrest - 98.0 Village West
Pleasant Valley,Week4,Hunt Valley,Week3,358.0 Hunt Valley - 44.0 Pleasant Valley
Pinecrest,Week4,Shouse Village,Week3,273.0 Pinecrest - 129.0 Shouse Village
Pleasant Valley,Week2,Fairfax Station,Week4,327.0 Fairfax Station - 75.0 Pleasant Valley
Pleasant Valley,Week4,McLean,Week1,363.0 McLean - 34.0 Pleasant Valley
Pleasant Valley,Week5,Fairfax Club Estates,Week4,262.0 Fairfax Club Estates - 133.0 Pleasant Valley
Pinecrest,Week1,Parklawn,Week4,296.0 Pinecrest - 106.0 Parklawn
Pleasant Valley,Week2,McLean,Week4,353.0 McLean - 49.0 Pleasant Valley
Pinewood Lake,Week2,Pleasant Valley,Week4,263.0 Pleasant Valley - 108.0 Pinewood Lake
Pinecrest,Week4,Springboard,Week5,328.0 Pinecrest - 74.0 Springboard
Pleasant Valley,Week1,Fairfax Station,Week4,323.0 Fairfax Station - 79.0 Pleasant Valley
Pinecrest,Week1,Parklawn,Week2,306.0 Pinecrest - 96.0 Parklawn
Pinecrest,Week1,Parklawn,Week1,329.0 Pinecrest - 64.0 Parklawn
Pinecrest,Week2,Pinewood Lake,Week3,386.0 Pinecrest - 14.0 Pinewood Lake
Pinewood Lake,Week1,Pleasant Valley,Week5,267.0 Pleasant Valley - 93.0 Pinewood Lake
Pinecrest,Week3,Pleasant Valley,Week3,344.0 Pinecrest - 58.0 Pleasant Valley
Pinecrest,Week5,Shouse Village,Week3,266.0 Pinecrest - 136.0 Shouse Village
Pinewood Lake,Week5,Pleasant Valley,Week4,256.5 Pleasant Valley - 116.5 Pinewood Lake
Pinecrest,Week3,Springboard,Week3,341.0 Pinecrest - 61.0 Springboard
Pinecrest,Week2,Rolling Forest,Week5,259.0 Pinecrest - 143.0 Rolling Forest
Pinecrest,Week4,Shouse Village,Week4,254.0 Pinecrest - 148.0 Shouse Village
Pleasant Valley,Week4,Hunt Valley,Week1,340.0 Hunt Valley - 62.0 Pleasant Valley
Pinewood Lake,Week5,Pinewood Lake,Week5,149.5 Pinewood Lake (PW1) - 149.5 Pinewood Lake (PW2)
Pinecrest,Week4,Pinewood Lake,Week5,378.0 Pinecrest - 24.0 Pinewood Lake
Pleasant Valley,Week1,Fairfax Station,Week3,337.0 Fairfax Station - 65.0 Pleasant Valley
Pinecrest,Week4,Springboard,Week3,346.0 Pinecrest - 56.0 Springboard
Pinecrest,Week1,Rolling Hills,Week2,287.0 Pinecrest - 115.0 Rolling Hills
Pinecrest,Week4,Parklawn,Week4,306.0 Pinecrest - 96.0 Parklawn
Pinecrest,Week2,Pleasant Valley,Week4,361.0 Pinecrest - 40.0 Pleasant Valley
Pleasant Valley,Week3,Hunt Valley,Week2,331.0 Hunt Valley - 71.0 Pleasant Valley
Pleasant Valley,Week3,Hunt Valley,Week4,342.0 Hunt Valley - 60.0 Pleasant Valley
Pleasant Valley,Week4,Mosby Woods,Week1,341.0 Mosby Woods - 60.0 Pleasant Valley
Pinecrest,Week5,Springboard,Week1,323.0 Pinecrest - 75.0 Springboard
Pinecrest,Week4,Shouse Village,Week5,243.0 Pinecrest - 159.0 Shouse Village
Pinecrest,Week3,Rolling Forest,Week5,257.0 Pinecrest - 145.0 Rolling Forest
Pleasant Valley,Week1,Hunt Valley,Week3,344.0 Hunt Valley - 58.0 Pleasant Valley
Pinewood Lake,Week1,Poplar Heights,Week1,363.0 Poplar Heights - 34.0 Pinewood Lake
Pleasant Valley,Week2,Hunt Valley,Week3,350.5 Hunt Valley - 51.5 Pleasant Valley
Pinecrest,Week2,Rolling Hills,Week1,300.0 Pinecrest - 102.0 Rolling Hills
Pleasant Valley,Week3,McLean,Week2,345.0 McLean - 57.0 Pleasant Valley
Pinecrest,Week5,Villa Aquatic,Week5,251.0 Pinecrest - 151.0 Villa Aquatic
Pinewood Lake,Week2,Pleasant Valley,Week3,308.5 Pleasant Valley - 81.5 Pinewood Lake
Pleasant Valley,Week3,Fairfax Club Estates,Week4,249.5 Fairfax Club Estates - 152.5 Pleasant Valley
Pinecrest,Week5,Shouse Village,Week1,284.0 Pinecrest - 118.0 Shouse Village
Pleasant Valley,Week2,McLean,Week5,367.0 McLean - 35.0 Pleasant Valley
Pleasant Valley,Week4,Fairfax Club Estates,Week5,258.0 Fairfax Club Estates - 128.0 Pleasant Valley
Pinecrest,Week5,Shouse Village,Week2,277.0 Pinecrest - 125.0 Shouse Village
Pleasant Valley,Week5,Holmes Run Acres,Week4,284.0 Holmes Run Acres - 117.0 Pleasant Valley
Pinecrest,Week5,Villa Aquatic,Week1,273.0 Pinecrest - 129.0 Villa Aquatic
Pinecrest,Week4,Pinewood Lake,Week1,375.0 Pinecrest - 26.0 Pinewood Lake
Pinecrest,Week1,Rolling Hills,Week4,292.0 Pinecrest - 110.0 Rolling Hills
Pinewood Lake,Week4,Pleasant Valley,Week5,269.0 Pleasant Valley - 93.0 Pinewood Lake
Pinecrest,Week1,Pinewood Lake,Week1,375.0 Pinecrest - 26.0 Pinewood Lake
Pleasant Valley,Week5,Fairfax Club Estates,Week2,246.5 Fairfax Club Estates - 142.5 Pleasant Valley
Pinecrest,Week4,Springboard,Week4,328.0 Pinecrest - 74.0 Springboard
Pinecrest,Week5,Village West,Week3,297.0 Pinecrest - 105.0 Village West
Pinecrest,Week2,Pinewood Lake,Week2,377.0 Pinecrest - 24.0 Pinewood Lake
Pleasant Valley,Week5,McLean,Week3,350.0 McLean - 48.0 Pleasant Valley
Pinecrest,Week2,Rolling Hills,Week2,305.0 Pinecrest - 97.0 Rolling Hills
Pinecrest,Week4,Rolling Forest,Week4,289.0 Pinecrest - 113.0 Rolling Forest
Pinecrest,Week5,Springboard,Week3,336.0 Pinecrest - 62.0 Springboard
Pinecrest,Week5,Springboard,Week2,341.0 Pinecrest - 52.0 Springboard
Pinecrest,Week2,Village West,Week4,302.0 Pinecrest - 95.0 Village West
Pinecrest,Week5,Sideburn Run,Week1,252.0 Pinecrest - 150.0 Sideburn Run
Pinecrest,Week5,Shouse Village,Week4,248.0 Pinecrest - 154.0 Shouse Village
Pleasant Valley,Week2,Hunt Valley,Week2,344.0 Hunt Valley - 58.0 Pleasant Valley
Pleasant Valley,Week2,Hunt Valley,Week4,351.0 Hunt Valley - 51.0 Pleasant Valley
Pinecrest,Week3,Village West,Week3,320.0 Pinecrest - 82.0 Village West
Pleasant Valley,Week1,Fairfax Station,Week5,340.0 Fairfax Station - 62.0 Pleasant Valley
Pleasant Valley,Week2,Mosby Woods,Week1,332.0 Mosby Woods - 70.0 Pleasant Valley
Pinewood Lake,Week1,Pleasant Valley,Week4,266.0 Pleasant Valley - 102.0 Pinewood Lake
Pinecrest,Week2,Rolling Hills,Week4,309.5 Pinecrest - 91.5 Rolling Hills
Pleasant Valley,Week5,McLean,Week5,359.0 McLean - 42.0 Pleasant Valley
Pleasant Valley,Week3,Hunt Valley,Week5,355.0 Hunt Valley - 47.0 Pleasant Valley
Pinewood Lake,Week2,Pleasant Valley,Week5,261.0 Pleasant Valley - 105.0 Pinewood Lake
Pinecrest,Week1,Pinewood Lake,Week2,380.0 Pinecrest - 20.0 Pinewood Lake
Pinecrest,Week3,Pinewood Lake,Week3,389.0 Pinecrest - 13.0 Pinewood Lake
Pinecrest,Week4,Village West,Week4,305.0 Pinecrest - 92.0 Village West
Pinecrest,Week1,Sleepy Hollow B & R,Week2,233.0 Pinecrest - 169.0 Sleepy Hollow B & R
Pleasant Valley,Week4,Fairfax Club Estates,Week3,269.0 Fairfax Club Estates - 124.0 Pleasant Valley
Pinecrest,Week2,Pinewood Lake,Week1,375.0 Pinecrest - 26.0 Pinewood Lake
Pinewood Lake,Week4,Pleasant Valley,Week1,303.0 Pleasant Valley - 89.0 Pinewood Lake
Pleasant Valley,Week4,Hunt Valley,Week5,362.0 Hunt Valley - 40.0 Pleasant Valley
Pinecrest,Week4,Village West,Week2,309.0 Pinecrest - 93.0 Village West
Pleasant Valley,Week2,Mosby Woods,Week3,320.0 Mosby Woods - 81.0 Pleasant Valley
Pinecrest,Week5,Springboard,Week5,317.0 Pinecrest - 81.0 Springboard
Pinecrest,Week5,Rolling Forest,Week2,283.0 Pinecrest - 119.0 Rolling Forest
Pinecrest,Week3,Rolling Forest,Week2,286.0 Pinecrest - 116.0 Rolling Forest
Pinecrest,Week5,Springboard,Week4,321.0 Pinecrest - 80.0 Springboard
Pleasant Valley,Week3,Mosby Woods,Week2,302.0 Mosby Woods - 100.0 Pleasant Valley
Pleasant Valley,Week1,Fairfax Station,Week2,326.0 Fairfax Station - 75.0 Pleasant Valley
Pleasant Valley,Week3,Fairfax Station,Week2,314.0 Fairfax Station - 88.0 Pleasant Valley
Pinecrest,Week1,Sideburn Run,Week5,245.0 Pinecrest - 157.0 Sideburn Run
Pinecrest,Week1,Springfield,Week1,364.0 Pinecrest - 37.0 Springfield
Pinecrest,Week3,Pinewood Lake,Week4,387.0 Pinecrest - 15.0 Pinewood Lake
Pinecrest,Week4,Springboard,Week2,344.0 Pinecrest - 58.0 Springboard
Pinewood Lake,Week1,Poplar Heights,Week5,363.0 Poplar Heights - 29.0 Pinewood Lake
Pinecrest,Week5,Sideburn Run,Week5,250.0 Pinecrest - 152.0 Sideburn Run
Pinecrest,Week4,Rolling Forest,Week1,281.0 Pinecrest - 121.0 Rolling Forest
Pleasant Valley,Week5,Holmes Run Acres,Week5,304.0 Holmes Run Acres - 98.0 Pleasant Valley
Pleasant Valley,Week3,Mosby Woods,Week3,316.0 Mosby Woods - 86.0 Pleasant Valley
Pinecrest,Week5,Rolling Forest,Week3,259.0 Pinecrest - 143.0 Rolling Forest
Pleasant Valley,Week5,Fairfax Club Estates,Week1,252.0 Fairfax Club Estates - 140.0 Pleasant Valley
Pinewood Lake,Week3,Pleasant Valley,Week3,318.0 Pleasant Valley - 72.0 Pinewood Lake
Pinecrest,Week3,Rolling Forest,Week4,287.0 Pinecrest - 115.0 Rolling Forest
Pinecrest,Week1,Village West,Week3,296.0 Pinecrest - 106.0 Village West
Pleasant Valley,Week4,Hunt Valley,Week4,345.0 Hunt Valley - 57.0 Pleasant Valley
Pinecrest,Week4,Pinewood Lake,Week3,383.0 Pinecrest - 18.0 Pinewood Lake
Pleasant Valley,Week3,Hunt Valley,Week3,345.0 Hunt Valley - 57.0 Pleasant Valley
Pinecrest,Week1,Springfield,Week4,370.0 Pinecrest - 31.0 Springfield
Pinecrest,Week3,Springboard,Week5,321.0 Pinecrest - 81.0 Springboard
Pinecrest,Week5,Village West,Week1,323.0 Pinecrest - 78.0 Village West
Pleasant Valley,Week5,Fairfax Club Estates,Week3,264.0 Fairfax Club Estates - 132.0 Pleasant Valley
Pinecrest,Week5,Sideburn Run,Week4,256.0 Pinecrest - 146.0 Sideburn Run
Pleasant Valley,Week4,Mosby Woods,Week2,332.0 Mosby Woods - 68.0 Pleasant Valley
Pinecrest,Week3,Sideburn Run,Week4,277.0 Pinecrest - 125.0 Sideburn Run
Pinecrest,Week2,Rolling Forest,Week4,282.0 Pinecrest - 120.0 Rolling Forest
Pleasant Valley,Week3,Mosby Woods,Week1,322.0 Mosby Woods - 80.0 Pleasant Valley
Pinecrest,Week3,Village West,Week5,318.0 Pinecrest - 84.0 Village West
Pleasant Valley,Week2,McLean,Week3,356.0 McLean - 45.0 Pleasant Valley
Pinewood Lake,Week5,Pleasant Valley,Week2,287.0 Pleasant Valley - 107.0 Pinewood Lake
Pleasant Valley,Week2,Fairfax Station,Week2,330.0 Fairfax Station - 71.0 Pleasant Valley
Pinecrest,Week3,Sideburn Run,Week1,263.0 Pinecrest - 139.0 Sideburn Run
Pinecrest,Week3,Pinewood Lake,Week1,383.0 Pinecrest - 19.0 Pinewood Lake
Pinecrest,Week4,Pinewood Lake,Week2,379.0 Pinecrest - 23.0 Pinewood Lake
Pinecrest,Week1,Springfield,Week3,368.0 Pinecrest - 33.0 Springfield
Pinecrest,Week5,Rolling Forest,Week1,270.0 Pinecrest - 132.0 Rolling Forest
Pleasant Valley,Week2,Fairfax Station,Week1,323.0 Fairfax Station - 78.0 Pleasant Valley
Pinecrest,Week5,Shouse Village,Week5,236.5 Pinecrest - 165.5 Shouse Village
Pinecrest,Week5,Pinewood Lake,Week3,377.0 Pinecrest - 20.0 Pinewood Lake
Pinecrest,Week1,Springfield,Week2,376.0 Pinecrest - 25.0 Springfield
Pinewood Lake,Week5,Pleasant Valley,Week1,292.0 Pleasant Valley - 104.0 Pinewood Lake
Pinecrest,Week3,Village West,Week1,320.0 Pinecrest - 82.0 Village West
Pinewood Lake,Week3,Pleasant Valley,Week1,300.0 Pleasant Valley - 93.0 Pinewood Lake
Pleasant Valley,Week1,Hunt Valley,Week4,341.0 Hunt Valley - 61.0 Pleasant Valley
Pinecrest,Week2,Pinewood Lake,Week5,377.0 Pinecrest - 25.0 Pinewood Lake
Pinewood Lake,Week3,Pleasant Valley,Week4,273.0 Pleasant Valley - 98.0 Pinewood Lake
Pleasant Valley,Week2,Hunt Valley,Week5,362.0 Hunt Valley - 40.0 Pleasant Valley
Pinecrest,Week1,Village West,Week2,310.0 Pinecrest - 92.0 Village West
Pinecrest,Week4,Springboard,Week1,340.0 Pinecrest - 62.0 Springboard
Pinecrest,Week2,Springfield,Week1,371.0 Pinecrest - 30.0 Springfield
Pinecrest,Week1,Pinewood Lake,Week3,384.0 Pinecrest - 15.0 Pinewood Lake
Pleasant Valley,Week4,Fairfax Station,Week1,326.0 Fairfax Station - 75.0 Pleasant Valley
Pleasant Valley,Week4,McLean,Week3,365.0 McLean - 33.0 Pleasant Valley
Pleasant Valley,Week1,Hunt Valley,Week1,329.0 Hunt Valley - 73.0 Pleasant Valley
Pleasant Valley,Week3,Fairfax Station,Week4,323.0 Fairfax Station - 79.0 Pleasant Valley
Pinecrest,Week5,Rolling Forest,Week4,273.0 Pinecrest - 129.0 Rolling Forest
Pinecrest,Week2,Sideburn Run,Week5,252.0 Pinecrest - 150.0 Sideburn Run
Pleasant Valley,Week4,McLean,Week5,378.0 McLean - 23.0 Pleasant Valley
Pinecrest,Week1,Pinewood Lake,Week5,374.0 Pinecrest - 27.0 Pinewood Lake
Pinecrest,Week5,Villa Aquatic,Week3,231.0 Pinecrest - 171.0 Villa Aquatic
Pleasant Valley,Week1,Mosby Woods,Week3,329.0 Mosby Woods - 72.0 Pleasant Valley
Pinecrest,Week1,Sideburn Run,Week1,240.0 Pinecrest - 162.0 Sideburn Run
Pinecrest,Week4,Rolling Forest,Week2,275.0 Pinecrest - 127.0 Rolling Forest
Pinewood Lake,Week3,Pleasant Valley,Week5,274.0 Pleasant Valley - 94.0 Pinewood Lake
Pinecrest,Week1,Village West,Week5,298.0 Pinecrest - 104.0 Village West
Pinewood Lake,Week4,Pleasant Valley,Week3,316.0 Pleasant Valley - 74.0 Pinewood Lake
Pinecrest,Week3,Rolling Forest,Week3,253.0 Pinecrest - 149.0 Rolling Forest
Pleasant Valley,Week4,Hunt Valley,Week2,347.0 Hunt Valley - 54.0 Pleasant Valley
Pleasant Valley,Week1,Hunt Valley,Week2,342.0 Hunt Valley - 60.0 Pleasant Valley
Pinecrest,Week5,Sideburn Run,Week2,282.0 Pinecrest - 120.0 Sideburn Run
Pinewood Lake,Week1,Pleasant Valley,Week3,324.0 Pleasant Valley - 68.0 Pinewood Lake
Pinecrest,Week1,Springfield,Week5,369.0 Pinecrest - 32.0 Springfield
Pinecrest,Week5,Village West,Week2,309.0 Pinecrest - 92.0 Village West
Pinecrest,Week2,Sleepy Hollow B & R,Week4,246.0 Pinecrest - 156.0 Sleepy Hollow B & R
Pleasant Valley,Week4,Fairfax Station,Week3,345.0 Fairfax Station - 56.0 Pleasant Valley
Pinecrest,Week5,Villa Aquatic,Week2,267.0 Pinecrest - 135.0 Villa Aquatic
Pinewood Lake,Week2,Pleasant Valley,Week2,283.0 Pleasant Valley - 108.0 Pinewood Lake
Pinewood Lake,Week4,Pleasant Valley,Week4,268.5 Pleasant Valley - 101.5 Pinewood Lake
Pleasant Valley,Week1,Hunter Mill,Week4,322.0 Hunter Mill - 80.0 Pleasant Valley
Pinecrest,Week4,Rolling Forest,Week5,262.0 Pinecrest - 140.0 Rolling Forest
Pinecrest,Week5,Pinewood Lake,Week1,370.0 Pinecrest - 27.0 Pinewood Lake
Pleasant Valley,Week1,Mosby Woods,Week1,335.0 Mosby Woods - 67.0 Pleasant Valley
Pleasant Valley,Week4,Fairfax Station,Week4,329.0 Fairfax Station - 73.0 Pleasant Valley
Pinecrest,Week4,Sideburn Run,Week3,266.0 Pinecrest - 136.0 Sideburn Run
Pleasant Valley,Week3,Fairfax Station,Week3,330.0 Fairfax Station - 72.0 Pleasant Valley
Pinecrest,Week1,Pleasant Valley,Week3,326.0 Pinecrest - 76.0 Pleasant Valley
Pinecrest,Week1,Sideburn Run,Week3,236.0 Pinecrest - 166.0 Sideburn Run
Pleasant Valley,Week5,McLean,Week1,346.0 McLean - 56.0 Pleasant Valley
Pinecrest,Week3,Pinewood Lake,Week5,382.0 Pinecrest - 20.0 Pinewood Lake
Pinecrest,Week1,Pleasant Valley,Week2,342.0 Pinecrest - 60.0 Pleasant Valley
Pleasant Valley,Week3,Fairfax Club Estates,Week5,237.0 Fairfax Club Estates - 164.0 Pleasant Valley
Pleasant Valley,Week3,Fairfax Club Estates,Week3,249.0 Fairfax Club Estates - 151.0 Pleasant Valley
Pinecrest,Week2,Village West,Week1,316.0 Pinecrest - 86.0 Village West
Pinecrest,Week3,Rolling Forest,Week1,280.0 Pinecrest - 122.0 Rolling Forest
Pinecrest,Week5,Pinewood Lake,Week5,370.0 Pinecrest - 27.0 Pinewood Lake
Pleasant Valley,Week1,Hunter Mill,Week1,328.0 Hunter Mill - 74.0 Pleasant Valley
Pleasant Valley,Week5,Hunt Valley,Week2,337.0 Hunt Valley - 64.0 Pleasant Valley
Pleasant Valley,Week1,Mosby Woods,Week4,329.0 Mosby Woods - 73.0 Pleasant Valley
Pinewood Lake,Week2,Pleasant Valley,Week1,293.0 Pleasant Valley - 101.0 Pinewood Lake
Pinecrest,Week2,Sideburn Run,Week4,253.0 Pinecrest - 149.0 Sideburn Run
Pleasant Valley,Week5,Hunt Valley,Week4,343.0 Hunt Valley - 59.0 Pleasant Valley
Pinecrest,Week5,Rolling Forest,Week5,261.0 Pinecrest - 141.0 Rolling Forest
Pinecrest,Week4,Rolling Forest,Week3,267.0 Pinecrest - 135.0 Rolling Forest
Pinewood Lake,Week5,Pleasant Valley,Week3,308.0 Pleasant Valley - 86.0 Pinewood Lake
Pinecrest,Week1,Sideburn Run,Week2,259.0 Pinecrest - 143.0 Sideburn Run
Pleasant Valley,Week1,Mosby Woods,Week5,335.0 Mosby Woods - 67.0 Pleasant Valley
Pinecrest,Week2,Village West,Week3,290.0 Pinecrest - 112.0 Village West
Pinecrest,Week3,Village West,Week4,313.0 Pinecrest - 84.0 Village West
Pinecrest,Week1,Pleasant Valley,Week5,331.0 Pinecrest - 71.0 Pleasant Valley
Pleasant Valley,Week3,Fairfax Station,Week1,307.0 Fairfax Station - 95.0 Pleasant Valley
Pleasant Valley,Week5,McLean,Week4,342.0 McLean - 60.0 Pleasant Valley
Pinecrest,Week3,Sideburn Run,Week5,264.0 Pinecrest - 138.0 Sideburn Run
Pinewood Lake,Week5,Pleasant Valley,Week5,257.0 Pleasant Valley - 116.0 Pinewood Lake
Pinecrest,Week2,Pleasant Valley,Week2,359.0 Pinecrest - 42.0 Pleasant Valley
Pinecrest,Week2,Sideburn Run,Week3,254.0 Pinecrest - 148.0 Sideburn Run
Pinecrest,Week2,Sideburn Run,Week1,251.0 Pinecrest - 151.0 Sideburn Run
Pleasant Valley,Week4,Fairfax Club Estates,Week1,265.0 Fairfax Club Estates - 132.0 Pleasant Valley
Pleasant Valley,Week5,Fairfax Club Estates,Week5,261.0 Fairfax Club Estates - 131.0 Pleasant Valley
Pinecrest,Week5,Villa Aquatic,Week4,271.0 Pinecrest - 131.0 Villa Aquatic
Pinecrest,Week2,Village West,Week5,313.0 Pinecrest - 89.0 Village West
Pinecrest,Week1,Pleasant Valley,Week4,347.5 Pinecrest - 54.5 Pleasant Valley
Pleasant Valley,Week2,Mosby Woods,Week4,333.0 Mosby Woods - 69.0 Pleasant Valley
Pinecrest,Week3,Sideburn Run,Week3,267.0 Pinecrest - 135.0 Sideburn Run
Pleasant Valley,Week1,Hunter Mill,Week5,333.0 Hunter Mill - 69.0 Pleasant Valley
Pleasant Valley,Week2,Hunter Mill,Week1,322.0 Hunter Mill - 80.0 Pleasant Valley
Pleasant Valley,Week2,Mosby Woods,Week2,330.0 Mosby Woods - 72.0 Pleasant Valley
Pinewood Lake,Week1,Poplar Heights,Week2,362.0 Poplar Heights - 34.0 Pinewood Lake
Pinecrest,Week1,Village West,Week1,311.0 Pinecrest - 91.0 Village West
Pleasant Valley,Week4,Fairfax Club Estates,Week2,255.0 Fairfax Club Estates - 137.0 Pleasant Valley
Pleasant Valley,Week1,Hunter Mill,Week3,323.0 Hunter Mill - 79.0 Pleasant Valley
Pinewood Lake,Week5,Poplar Heights,Week2,349.0 Poplar Heights - 51.0 Pinewood Lake
Pleasant Valley,Week5,McLean,Week2,352.0 McLean - 49.0 Pleasant Valley
Pleasant Valley,Week3,Fairfax Station,Week5,330.0 Fairfax Station - 72.0 Pleasant Valley
Pleasant Valley,Week2,Fairfax Station,Week5,334.0 Fairfax Station - 68.0 Pleasant Valley
Pinewood Lake,Week1,Poplar Heights,Week4,363.0 Poplar Heights - 35.0 Pinewood Lake
Pinecrest,Week2,Village West,Week2,310.0 Pinecrest - 92.0 Village West
Pleasant Valley,Week4,Hunter Mill,Week5,339.0 Hunter Mill - 63.0 Pleasant Valley
Pinewood Lake,Week3,Poplar Heights,Week2,364.0 Poplar Heights - 33.0 Pinewood Lake
Pinecrest,Week2,Pleasant Valley,Week5,348.0 Pinecrest - 54.0 Pleasant Valley
Pinecrest,Week1,Village West,Week4,302.0 Pinecrest - 95.0 Village West
Pinecrest,Week2,Pleasant Valley,Week3,340.0 Pinecrest - 62.0 Pleasant Valley
Pleasant Valley,Week2,Hunter Mill,Week3,327.0 Hunter Mill - 75.0 Pleasant Valley
Pleasant Valley,Week2,Mosby Woods,Week5,336.5 Mosby Woods - 65.5 Pleasant Valley
Pinecrest,Week4,Sideburn Run,Week1,269.0 Pinecrest - 133.0 Sideburn Run
Pinecrest,Week3,Virginia Hills,Week4,384.0 Pinecrest - 18.0 Virginia Hills
Pinecrest,Week3,Pleasant Valley,Week2,370.0 Pinecrest - 32.0 Pleasant Valley
Pinewood Lake,Week2,Poplar Heights,Week2,357.0 Poplar Heights - 40.0 Pinewood Lake
Pleasant Valley,Week5,Forest Hollow,Week3,308.0 Forest Hollow - 93.0 Pleasant Valley
Pleasant Valley,Week2,Ilda Community,Week5,244.0 Ilda Community - 150.0 Pleasant Valley
Pinecrest,Week1,Virginia Hills,Week2,371.0 Pinecrest - 31.0 Virginia Hills
Pinecrest,Week3,Pleasant Valley,Week1,369.0 Pinecrest - 33.0 Pleasant Valley
Pleasant Valley,Week3,Mount Vernon Park,Week5,334.0 Mount Vernon Park - 68.0 Pleasant Valley
Pleasant Valley,Week2,Ilda Community,Week1,243.0 Ilda Community - 154.0 Pleasant Valley
Pinewood Lake,Week3,Poplar Heights,Week4,368.0 Poplar Heights - 31.0 Pinewood Lake
Pinecrest,Week4,Village West,Week1,315.0 Pinecrest - 87.0 Village West
Pinecrest,Week5,Pleasant Valley,Week1,362.0 Pinecrest - 36.0 Pleasant Valley
Pleasant Valley,Week4,Mosby Woods,Week3,332.0 Mosby Woods - 62.0 Pleasant Valley
Pinecrest,Week4,Sideburn Run,Week5,276.0 Pinecrest - 126.0 Sideburn Run
Pinecrest,Week4,Pleasant Valley,Week4,371.0 Pinecrest - 31.0 Pleasant Valley
Pleasant Valley,Week4,Fairfax Station,Week2,336.0 Fairfax Station - 60.0 Pleasant Valley
Pinecrest,Week1,Sideburn Run,Week4,251.0 Pinecrest - 151.0 Sideburn Run
Pleasant Valley,Week4,Forest Hollow,Week1,312.0 Forest Hollow - 88.0 Pleasant Valley
Pleasant Valley,Week3,Mosby Woods,Week5,306.0 Mosby Woods - 96.0 Pleasant Valley
Pleasant Valley,Week1,Ilda Community,Week2,237.0 Ilda Community - 164.0 Pleasant Valley
Pinecrest,Week4,Sideburn Run,Week4,280.0 Pinecrest - 122.0 Sideburn Run
Pleasant Valley,Week2,Forest Hollow,Week3,307.0 Forest Hollow - 95.0 Pleasant Valley
Pinecrest,Week4,Village West,Week5,319.0 Pinecrest - 83.0 Village West
Pinewood Lake,Week4,Poplar Heights,Week1,354.0 Poplar Heights - 46.0 Pinewood Lake
Pleasant Valley,Week4,Mount Vernon Park,Week2,351.0 Mount Vernon Park - 51.0 Pleasant Valley
Pinecrest,Week2,Sideburn Run,Week2,266.0 Pinecrest - 136.0 Sideburn Run
Pinecrest,Week3,Sideburn Run,Week2,298.0 Pinecrest - 104.0 Sideburn Run
Pinecrest,Week3,Village West,Week2,323.0 Pinecrest - 79.0 Village West
Pleasant Valley,Week4,Mosby Woods,Week5,335.0 Mosby Woods - 67.0 Pleasant Valley
Pleasant Valley,Week3,Hunter Mill,Week2,293.0 Hunter Mill - 108.0 Pleasant Valley
Pinewood Lake,Week2,Poplar Heights,Week1,351.0 Poplar Heights - 46.0 Pinewood Lake
Pleasant Valley,Week2,Mount Vernon Park,Week5,347.0 Mount Vernon Park - 51.0 Pleasant Valley
Pleasant Valley,Week2,Mount Vernon Park,Week2,351.0 Mount Vernon Park - 51.0 Pleasant Valley
Pinewood Lake,Week3,Poplar Tree,Week4,363.0 Poplar Tree - 34.0 Pinewood Lake
Pleasant Valley,Week4,Forest Hollow,Week3,316.0 Forest Hollow - 85.0 Pleasant Valley
Pinewood Lake,Week2,Poplar Heights,Week3,367.0 Poplar Heights - 34.0 Pinewood Lake
Pleasant Valley,Week4,Ilda Community,Week2,249.0 Ilda Community - 151.0 Pleasant Valley
Pleasant Valley,Week3,Forest Hollow,Week2,278.0 Forest Hollow - 124.0 Pleasant Valley
Pleasant Valley,Week4,Hunter Mill,Week1,327.0 Hunter Mill - 75.0 Pleasant Valley
Pinecrest,Week1,Sleepy Hollow B & R,Week3,238.0 Pinecrest - 164.0 Sleepy Hollow B & R
Pinecrest,Week4,Virginia Hills,Week5,373.0 Pinecrest - 29.0 Virginia Hills
Pinewood Lake,Week3,Poplar Heights,Week1,355.0 Poplar Heights - 41.0 Pinewood Lake
Pinecrest,Week4,Sideburn Run,Week2,285.0 Pinecrest - 117.0 Sideburn Run
Pinecrest,Week4,Pleasant Valley,Week2,362.0 Pinecrest - 40.0 Pleasant Valley
Pinecrest,Week3,Pleasant Valley,Week5,356.0 Pinecrest - 46.0 Pleasant Valley
Pinecrest,Week2,Virginia Hills,Week1,374.0 Pinecrest - 28.0 Virginia Hills
Pinecrest,Week1,Sleepy Hollow B & R,Week1,255.0 Pinecrest - 147.0 Sleepy Hollow B & R
Pinecrest,Week5,Pleasant Valley,Week2,361.0 Pinecrest - 37.0 Pleasant Valley
Pinecrest,Week5,Pleasant Valley,Week3,337.0 Pinecrest - 65.0 Pleasant Valley
Pleasant Valley,Week3,Ilda Community,Week2,209.0 Ilda Community - 192.0 Pleasant Valley
Pleasant Valley,Week1,Mount Vernon Park,Week4,340.0 Mount Vernon Park - 62.0 Pleasant Valley
Pinecrest,Week5,Sideburn Run,Week3,260.0 Pinecrest - 142.0 Sideburn Run
Pinecrest,Week4,Pleasant Valley,Week3,350.0 Pinecrest - 52.0 Pleasant Valley
Pleasant Valley,Week2,Forest Hollow,Week4,311.0 Forest Hollow - 90.0 Pleasant Valley
Pinewood Lake,Week4,Poplar Heights,Week2,359.0 Poplar Heights - 41.0 Pinewood Lake
Pinewood Lake,Week4,Poplar Tree,Week2,346.0 Poplar Tree - 44.0 Pinewood Lake
Pinecrest,Week5,Virginia Hills,Week3,373.0 Pinecrest - 29.0 Virginia Hills
Pleasant Valley,Week4,Forest Hollow,Week2,302.0 Forest Hollow - 99.0 Pleasant Valley
Pleasant Valley,Week3,Ilda Community,Week4,228.0 Ilda Community - 173.0 Pleasant Valley
Pleasant Valley,Week3,Forest Hollow,Week3,294.0 Forest Hollow - 108.0 Pleasant Valley
Pleasant Valley,Week1,Mount Vernon Park,Week2,348.0 Mount Vernon Park - 54.0 Pleasant Valley
Pinecrest,Week1,Virginia Run,Week3,258.0 Pinecrest - 144.0 Virginia Run
Pleasant Valley,Week4,Hunter Mill,Week3,329.0 Hunter Mill - 73.0 Pleasant Valley
Pleasant Valley,Week2,Mount Vernon Park,Week4,358.0 Mount Vernon Park - 44.0 Pleasant Valley
Pleasant Valley,Week2,Hunter Mill,Week4,315.0 Hunter Mill - 86.0 Pleasant Valley
Pinewood Lake,Week4,Poplar Heights,Week3,366.0 Poplar Heights - 35.0 Pinewood Lake
Pinecrest,Week4,Virginia Hills,Week3,382.0 Pinecrest - 20.0 Virginia Hills
Pinewood Lake,Week4,Poplar Heights,Week4,365.5 Poplar Heights - 34.5 Pinewood Lake
Pleasant Valley,Week4,Mosby Woods,Week4,328.0 Mosby Woods - 72.0 Pleasant Valley
Pinewood Lake,Week1,Poplar Tree,Week5,376.0 Poplar Tree - 22.0 Pinewood Lake
Pinecrest,Week2,Virginia Hills,Week5,369.0 Pinecrest - 32.0 Virginia Hills
Pinecrest,Week3,Virginia Hills,Week2,381.0 Pinecrest - 21.0 Virginia Hills
Pinecrest,Week5,Pleasant Valley,Week4,355.0 Pinecrest - 38.0 Pleasant Valley
Pleasant Valley,Week5,Mosby Woods,Week3,322.0 Mosby Woods - 73.0 Pleasant Valley
Pinecrest,Week2,Sleepy Hollow B & R,Week1,261.0 Pinecrest - 141.0 Sleepy Hollow B & R
Pinecrest,Week1,Sleepy Hollow B & R,Week5,211.0 Pinecrest - 191.0 Sleepy Hollow B & R
Pinecrest,Week4,Pleasant Valley,Week1,365.0 Pinecrest - 37.0 Pleasant Valley
Pinecrest,Week1,Sleepy Hollow B & R,Week4,228.0 Pinecrest - 174.0 Sleepy Hollow B & R
Pleasant Valley,Week3,Mount Vernon Park,Week4,332.0 Mount Vernon Park - 70.0 Pleasant Valley
Pleasant Valley,Week5,Hunter Mill,Week2,303.0 Hunter Mill - 98.0 Pleasant Valley
Pinewood Lake,Week3,Poplar Heights,Week5,368.0 Poplar Heights - 24.0 Pinewood Lake
Pleasant Valley,Week4,Forest Hollow,Week5,326.0 Forest Hollow - 74.0 Pleasant Valley
Pinecrest,Week2,Virginia Run,Week1,251.0 Pinecrest - 151.0 Virginia Run
Pleasant Valley,Week3,Mount Vernon Park,Week1,313.0 Mount Vernon Park - 89.0 Pleasant Valley
Pleasant Valley,Week3,Forest Hollow,Week1,281.0 Forest Hollow - 121.0 Pleasant Valley
Pinecrest,Week5,Village West,Week4,310.0 Pinecrest - 86.0 Village West
Pinecrest,Week3,Pleasant Valley,Week4,362.0 Pinecrest - 40.0 Pleasant Valley
Pinecrest,Week2,Sleepy Hollow B & R,Week2,254.0 Pinecrest - 148.0 Sleepy Hollow B & R
Pinewood Lake,Week1,Poplar Tree,Week1,353.0 Poplar Tree - 37.0 Pinewood Lake
Pleasant Valley,Week5,Fairfax Station,Week2,324.0 Fairfax Station - 73.0 Pleasant Valley
Pleasant Valley,Week1,Ilda Community,Week1,236.0 Ilda Community - 164.0 Pleasant Valley
Pinecrest,Week1,Poplar Heights,Week1,237.0 Pinecrest - 165.0 Poplar Heights
Pinecrest,Week5,Pleasant Valley,Week5,349.0 Pinecrest - 47.0 Pleasant Valley
Pleasant Valley,Week1,Mount Vernon Park,Week3,347.0 Mount Vernon Park - 55.0 Pleasant Valley
Pinecrest,Week2,Virginia Run,Week4,262.0 Pinecrest - 140.0 Virginia Run
Pinecrest,Week2,Sleepy Hollow B & R,Week3,261.0 Pinecrest - 141.0 Sleepy Hollow B & R
Pleasant Valley,Week5,Fairfax Station,Week3,325.0 Fairfax Station - 77.0 Pleasant Valley
Pleasant Valley,Week5,Hunter Mill,Week1,315.5 Hunter Mill - 86.5 Pleasant Valley
Pleasant Valley,Week1,Forest Hollow,Week2,292.0 Forest Hollow - 105.0 Pleasant Valley
Pleasant Valley,Week3,Hunter Mill,Week4,308.0 Hunter Mill - 93.0 Pleasant Valley
Pinecrest,Week2,Virginia Hills,Week3,374.0 Pinecrest - 28.0 Virginia Hills
Pleasant Valley,Week5,Mosby Woods,Week5,329.0 Mosby Woods - 73.0 Pleasant Valley
Pleasant Valley,Week1,Mount Vernon Park,Week1,337.0 Mount Vernon Park - 64.0 Pleasant Valley
Pleasant Valley,Week1,Forest Hollow,Week5,310.0 Forest Hollow - 91.0 Pleasant Valley
Pinewood Lake,Week4,Poplar Heights,Week5,364.0 Poplar Heights - 31.0 Pinewood Lake
Pleasant Valley,Week4,Hunter Mill,Week4,329.0 Hunter Mill - 73.0 Pleasant Valley
Pinecrest,Week4,Virginia Hills,Week1,379.0 Pinecrest - 23.0 Virginia Hills
Pinecrest,Week1,Poplar Heights,Week2,226.0 Pinecrest - 176.0 Poplar Heights
Pinewood Lake,Week2,Poplar Tree,Week2,349.0 Poplar Tree - 44.0 Pinewood Lake
Pleasant Valley,Week5,Mosby Woods,Week4,320.0 Mosby Woods - 77.0 Pleasant Valley
Pleasant Valley,Week1,Ilda Community,Week4,256.0 Ilda Community - 145.0 Pleasant Valley
Pleasant Valley,Week2,Hunter Mill,Week5,338.0 Hunter Mill - 64.0 Pleasant Valley
Pleasant Valley,Week4,Fairfax Station,Week5,338.0 Fairfax Station - 64.0 Pleasant Valley
Pleasant Valley,Week3,Forest Hollow,Week5,299.0 Forest Hollow - 103.0 Pleasant Valley
Pinewood Lake,Week2,Poplar Tree,Week5,375.0 Poplar Tree - 25.0 Pinewood Lake
Pleasant Valley,Week2,Mount Vernon Park,Week1,353.0 Mount Vernon Park - 48.0 Pleasant Valley
Pleasant Valley,Week1,Ilda Community,Week3,222.0 Ilda Community - 179.0 Pleasant Valley
Pinecrest,Week3,Sleepy Hollow B & R,Week4,267.0 Pinecrest - 135.0 Sleepy Hollow B & R
Pinecrest,Week1,Poplar Heights,Week3,223.0 Pinecrest - 179.0 Poplar Heights
Pleasant Valley,Week1,Forest Hollow,Week4,309.0 Forest Hollow - 92.0 Pleasant Valley
Pinecrest,Week4,Pleasant Valley,Week5,355.0 Pinecrest - 47.0 Pleasant Valley
Pinewood Lake,Week1,Poplar Tree,Week3,369.0 Poplar Tree - 26.0 Pinewood Lake
Pinecrest,Week3,Virginia Hills,Week5,370.0 Pinecrest - 32.0 Virginia Hills
Pleasant Valley,Week3,Forest Hollow,Week4,291.0 Forest Hollow - 111.0 Pleasant Valley
Pinecrest,Week1,Virginia Hills,Week3,372.0 Pinecrest - 30.0 Virginia Hills
Pinewood Lake,Week2,Poplar Heights,Week4,363.0 Poplar Heights - 36.0 Pinewood Lake
Pinecrest,Week3,Sleepy Hollow B & R,Week5,247.0 Pinecrest - 155.0 Sleepy Hollow B & R
Pinecrest,Week3,Sleepy Hollow B & R,Week3,261.0 Pinecrest - 141.0 Sleepy Hollow B & R
Pinecrest,Week3,Sleepy Hollow B & R,Week2,256.0 Pinecrest - 146.0 Sleepy Hollow B & R
Pinecrest,Week3,Sleepy Hollow B & R,Week1,271.0 Pinecrest - 131.0 Sleepy Hollow B & R
Pleasant Valley,Week2,Ilda Community,Week3,240.0 Ilda Community - 160.0 Pleasant Valley
Pinewood Lake,Week5,Poplar Heights,Week3,359.0 Poplar Heights - 42.0 Pinewood Lake
Pleasant Valley,Week4,Forest Hollow,Week4,317.0 Forest Hollow - 83.0 Pleasant Valley
Pleasant Valley,Week1,Forest Hollow,Week3,302.0 Forest Hollow - 100.0 Pleasant Valley
Pleasant Valley,Week5,Hunter Mill,Week4,317.0 Hunter Mill - 85.0 Pleasant Valley
Pinewood Lake,Week2,Poplar Tree,Week3,368.0 Poplar Tree - 31.0 Pinewood Lake
Pinecrest,Week1,Virginia Hills,Week4,380.0 Pinecrest - 22.0 Virginia Hills
Pinecrest,Week2,Sleepy Hollow B & R,Week5,230.0 Pinecrest - 172.0 Sleepy Hollow B & R
Pleasant Valley,Week3,Hunter Mill,Week1,300.0 Hunter Mill - 102.0 Pleasant Valley
Pleasant Valley,Week5,Forest Hollow,Week1,300.0 Forest Hollow - 101.0 Pleasant Valley
Pleasant Valley,Week4,Mount Vernon Park,Week1,335.0 Mount Vernon Park - 65.0 Pleasant Valley
Pleasant Valley,Week5,Hunter Mill,Week3,316.0 Hunter Mill - 86.0 Pleasant Valley
Pleasant Valley,Week5,Fairfax Station,Week5,335.0 Fairfax Station - 66.0 Pleasant Valley
Pleasant Valley,Week4,Hunter Mill,Week2,321.0 Hunter Mill - 81.0 Pleasant Valley
Pleasant Valley,Week5,Mount Vernon Park,Week1,341.0 Mount Vernon Park - 60.0 Pleasant Valley
Pinecrest,Week3,Virginia Hills,Week1,380.0 Pinecrest - 22.0 Virginia Hills
Pinecrest,Week4,Sleepy Hollow B & R,Week2,260.0 Pinecrest - 142.0 Sleepy Hollow B & R
Pleasant Valley,Week5,Mosby Woods,Week2,326.0 Mosby Woods - 74.0 Pleasant Valley
Pleasant Valley,Week3,Hunter Mill,Week5,318.0 Hunter Mill - 84.0 Pleasant Valley
Pinecrest,Week4,Virginia Hills,Week4,383.0 Pinecrest - 19.0 Virginia Hills
Pinecrest,Week5,Virginia Hills,Week2,375.0 Pinecrest - 26.0 Virginia Hills
Pleasant Valley,Week5,Fairfax Station,Week4,322.0 Fairfax Station - 79.0 Pleasant Valley
Pinecrest,Week5,Village West,Week5,311.0 Pinecrest - 85.0 Village West
Pinewood Lake,Week5,Poplar Heights,Week4,361.0 Poplar Heights - 39.0 Pinewood Lake
Pinewood Lake,Week3,Poplar Heights,Week3,370.0 Poplar Heights - 31.0 Pinewood Lake
Pinecrest,Week3,Virginia Hills,Week3,379.0 Pinecrest - 23.0 Virginia Hills
Pleasant Valley,Week3,Mount Vernon Park,Week2,329.0 Mount Vernon Park - 73.0 Pleasant Valley
Pleasant Valley,Week5,Mosby Woods,Week1,330.0 Mosby Woods - 71.0 Pleasant Valley
Pinewood Lake,Week2,Poplar Heights,Week5,363.0 Poplar Heights - 29.0 Pinewood Lake
Pleasant Valley,Week2,Forest Hollow,Week1,304.0 Forest Hollow - 98.0 Pleasant Valley
Pinewood Lake,Week3,Poplar Tree,Week1,360.0 Poplar Tree - 30.0 Pinewood Lake
Pinecrest,Week4,Sleepy Hollow B & R,Week1,271.0 Pinecrest - 131.0 Sleepy Hollow B & R
Pleasant Valley,Week2,Hunter Mill,Week2,304.0 Hunter Mill - 97.0 Pleasant Valley
Pinecrest,Week1,Virginia Run,Week2,245.0 Pinecrest - 157.0 Virginia Run
Pleasant Valley,Week2,Forest Hollow,Week2,298.0 Forest Hollow - 99.0 Pleasant Valley
Pinewood Lake,Week5,Poplar Heights,Week1,350.0 Poplar Heights - 50.0 Pinewood Lake
Pinecrest,Week1,Virginia Hills,Week1,370.0 Pinecrest - 32.0 Virginia Hills
Pinecrest,Week2,Virginia Hills,Week4,383.5 Pinecrest - 18.5 Virginia Hills
Pinewood Lake,Week5,Poplar Heights,Week5,359.0 Poplar Heights - 41.0 Pinewood Lake
Pinewood Lake,Week1,Poplar Tree,Week4,362.0 Poplar Tree - 29.0 Pinewood Lake
Pleasant Valley,Week1,Forest Hollow,Week1,306.0 Forest Hollow - 96.0 Pleasant Valley
Pleasant Valley,Week3,Mount Vernon Park,Week3,333.0 Mount Vernon Park - 69.0 Pleasant Valley
Pinewood Lake,Week3,Poplar Tree,Week3,371.0 Poplar Tree - 27.0 Pinewood Lake
Pleasant Valley,Week5,Fairfax Station,Week1,313.0 Fairfax Station - 88.0 Pleasant Valley
Pleasant Valley,Week5,Mount Vernon Park,Week4,341.0 Mount Vernon Park - 61.0 Pleasant Valley
Pleasant Valley,Week3,Hunter Mill,Week3,305.0 Hunter Mill - 97.0 Pleasant Valley
Pleasant Valley,Week2,Forest Hollow,Week5,311.0 Forest Hollow - 90.0 Pleasant Valley
Pleasant Valley,Week1,Ilda Community,Week5,244.0 Ilda Community - 153.0 Pleasant Valley
Pleasant Valley,Week3,Ilda Community,Week5,216.0 Ilda Community - 182.0 Pleasant Valley
Pleasant Valley,Week2,Ilda Community,Week2,236.5 Ilda Community - 163.5 Pleasant Valley
Pinecrest,Week5,Virginia Hills,Week4,373.0 Pinecrest - 28.0 Virginia Hills
Pinewood Lake,Week3,Poplar Tree,Week2,351.0 Poplar Tree - 40.0 Pinewood Lake
Pinewood Lake,Week2,Poplar Tree,Week1,361.0 Poplar Tree - 33.0 Pinewood Lake
Pinecrest,Week4,Virginia Hills,Week2,376.0 Pinecrest - 26.0 Virginia Hills
Pleasant Valley,Week1,Mount Vernon Park,Week5,334.0 Mount Vernon Park - 64.0 Pleasant Valley
Pleasant Valley,Week5,Hunter Mill,Week5,331.0 Hunter Mill - 71.0 Pleasant Valley
Pinecrest,Week5,Virginia Hills,Week1,375.0 Pinecrest - 26.0 Virginia Hills
Pleasant Valley,Week2,Ilda Community,Week4,259.0 Ilda Community - 141.0 Pleasant Valley
Pleasant Valley,Week3,Ilda Community,Week1,225.0 Ilda Community - 173.0 Pleasant Valley
Pleasant Valley,Week5,Forest Hollow,Week2,285.0 Forest Hollow - 112.0 Pleasant Valley
Pleasant Valley,Week3,Ilda Community,Week3,208.0 Ilda Community - 193.0 Pleasant Valley
Pleasant Valley,Week5,Mount Vernon Park,Week2,337.0 Mount Vernon Park - 65.0 Pleasant Valley
Pinewood Lake,Week2,Poplar Tree,Week4,359.0 Poplar Tree - 37.0 Pinewood Lake
Pleasant Valley,Week2,Mount Vernon Park,Week3,356.0 Mount Vernon Park - 46.0 Pleasant Valley
Pinecrest,Week1,Virginia Hills,Week5,362.0 Pinecrest - 39.0 Virginia Hills
Pinecrest,Week2,Virginia Hills,Week2,376.0 Pinecrest - 26.0 Virginia Hills
Pleasant Valley,Week5,Fox Hunt,Week4,276.0 Fox Hunt - 125.0 Pleasant Valley
Pleasant Valley,Week1,Fox Mill Estates,Week1,255.0 Fox Mill Estates - 146.0 Pleasant Valley
Pleasant Valley,Week5,Fox Hunt,Week1,273.0 Fox Hunt - 128.0 Pleasant Valley
Pinewood Lake,Week1,Poplar Tree,Week2,349.0 Poplar Tree - 40.0 Pinewood Lake
Pleasant Valley,Week5,Mount Vernon Park,Week5,339.0 Mount Vernon Park - 62.0 Pleasant Valley
Pinecrest,Week1,Virginia Run,Week5,223.0 Pinecrest - 179.0 Virginia Run
Pleasant Valley,Week5,Ilda Community,Week3,225.0 Ilda Community - 171.0 Pleasant Valley
Pleasant Valley,Week4,Mount Vernon Park,Week5,340.0 Mount Vernon Park - 58.0 Pleasant Valley
Pleasant Valley,Week4,Fox Hunt,Week5,321.0 Fox Hunt - 77.0 Pleasant Valley
Pleasant Valley,Week1,Fox Hunt,Week3,282.0 Fox Hunt - 119.0 Pleasant Valley
Pinecrest,Week1,Virginia Run,Week1,230.0 Pinecrest - 172.0 Virginia Run
Pleasant Valley,Week1,Fox Mill Estates,Week3,286.0 Fox Mill Estates - 112.0 Pleasant Valley
Pleasant Valley,Week5,Ilda Community,Week1,226.0 Ilda Community - 175.0 Pleasant Valley
Pinecrest,Week2,Virginia Run,Week2,265.5 Pinecrest - 136.5 Virginia Run
Pleasant Valley,Week5,Ilda Community,Week2,228.0 Ilda Community - 174.0 Pleasant Valley
Pleasant Valley,Week4,Ilda Community,Week1,258.0 Ilda Community - 142.0 Pleasant Valley
Pleasant Valley,Week1,Fox Hunt,Week2,277.0 Fox Hunt - 124.0 Pleasant Valley
Pinewood Lake,Week3,Poplar Tree,Week5,378.0 Poplar Tree - 22.0 Pinewood Lake
Pinecrest,Week1,Virginia Run,Week4,234.0 Pinecrest - 168.0 Virginia Run
Pinewood Lake,Week1,Ravensworth Farm,Week5,369.0 Ravensworth Farm - 33.0 Pinewood Lake
Pinecrest,Week2,Virginia Run,Week3,273.0 Pinecrest - 129.0 Virginia Run
Pinewood Lake,Week3,Ravensworth Farm,Week2,363.0 Ravensworth Farm - 28.0 Pinewood Lake
Pinewood Lake,Week4,Ravensworth Farm,Week3,369.0 Ravensworth Farm - 32.0 Pinewood Lake
Pleasant Valley,Week4,Ilda Community,Week3,249.0 Ilda Community - 152.0 Pleasant Valley
Pleasant Valley,Week5,Mount Vernon Park,Week3,340.0 Mount Vernon Park - 62.0 Pleasant Valley
Pleasant Valley,Week4,Ilda Community,Week4,263.0 Ilda Community - 137.0 Pleasant Valley
Pinewood Lake,Week4,Poplar Tree,Week1,361.0 Poplar Tree - 32.0 Pinewood Lake
Pinecrest,Week2,Wakefield Chapel,Week2,228.0 Wakefield Chapel - 174.0 Pinecrest
Pleasant Valley,Week2,Fox Hunt,Week3,288.0 Fox Hunt - 113.0 Pleasant Valley
Pinewood Lake,Week2,Ravensworth Farm,Week1,375.0 Ravensworth Farm - 26.0 Pinewood Lake
Pleasant Valley,Week5,Ilda Community,Week4,245.0 Ilda Community - 156.0 Pleasant Valley
Pinecrest,Week5,Virginia Hills,Week5,361.0 Pinecrest - 41.0 Virginia Hills
Pinewood Lake,Week5,Poplar Tree,Week5,364.0 Poplar Tree - 37.0 Pinewood Lake
Pleasant Valley,Week3,Fox Hunt,Week3,275.0 Fox Hunt - 127.0 Pleasant Valley
Pleasant Valley,Week2,Fox Hunt,Week4,284.0 Fox Hunt - 118.0 Pleasant Valley
Pleasant Valley,Week3,Fox Hunt,Week1,267.0 Fox Hunt - 135.0 Pleasant Valley
Pleasant Valley,Week5,Forest Hollow,Week5,315.0 Forest Hollow - 87.0 Pleasant Valley
Pinewood Lake,Week3,Ravensworth Farm,Week5,373.0 Ravensworth Farm - 28.0 Pinewood Lake
Pinewood Lake,Week4,Ravensworth Farm,Week1,369.0 Ravensworth Farm - 32.0 Pinewood Lake
Pleasant Valley,Week1,Kent Gardens,Week3,296.0 Kent Gardens - 106.0 Pleasant Valley
Pleasant Valley,Week1,Fox Hunt,Week4,281.0 Fox Hunt - 121.0 Pleasant Valley
Pinecrest,Week3,Virginia Run,Week3,292.0 Pinecrest - 110.0 Virginia Run
Pleasant Valley,Week1,Kent Gardens,Week5,333.0 Kent Gardens - 69.0 Pleasant Valley
Pleasant Valley,Week2,Kent Gardens,Week1,323.0 Kent Gardens - 79.0 Pleasant Valley
Pleasant Valley,Week1,Kent Gardens,Week4,308.0 Kent Gardens - 94.0 Pleasant Valley
Pleasant Valley,Week3,Fox Hunt,Week5,293.0 Fox Hunt - 109.0 Pleasant Valley
Pleasant Valley,Week4,Mount Vernon Park,Week4,343.0 Mount Vernon Park - 59.0 Pleasant Valley
Pinecrest,Week3,Wakefield Chapel,Week3,230.0 Wakefield Chapel - 172.0 Pinecrest
Pinewood Lake,Week2,Ravensworth Farm,Week3,373.0 Ravensworth Farm - 28.0 Pinewood Lake
Pleasant Valley,Week4,Fox Hunt,Week2,295.0 Fox Hunt - 99.0 Pleasant Valley
Pinewood Lake,Week1,Ravensworth Farm,Week1,365.0 Ravensworth Farm - 35.0 Pinewood Lake
Pleasant Valley,Week4,Mount Vernon Park,Week3,343.0 Mount Vernon Park - 59.0 Pleasant Valley
Pleasant Valley,Week5,Ilda Community,Week5,238.0 Ilda Community - 156.0 Pleasant Valley
Pinewood Lake,Week5,Poplar Tree,Week2,328.0 Poplar Tree - 64.0 Pinewood Lake
Pinecrest,Week3,Wakefield Chapel,Week1,233.0 Wakefield Chapel - 169.0 Pinecrest
Pinecrest,Week3,Wakefield Chapel,Week5,233.0 Wakefield Chapel - 169.0 Pinecrest
Pinecrest,Week4,Virginia Run,Week5,258.0 Pinecrest - 144.0 Virginia Run
Pinewood Lake,Week2,Ravensworth Farm,Week4,365.0 Ravensworth Farm - 30.0 Pinewood Lake
Pinewood Lake,Week5,Poplar Tree,Week4,348.0 Poplar Tree - 48.0 Pinewood Lake
Pleasant Valley,Week1,Fox Hunt,Week5,299.0 Fox Hunt - 103.0 Pleasant Valley
Pinecrest,Week1,Wakefield Chapel,Week1,251.0 Wakefield Chapel - 151.0 Pinecrest
Pleasant Valley,Week4,Ilda Community,Week5,258.0 Ilda Community - 137.0 Pleasant Valley
Pinecrest,Week3,Virginia Run,Week5,260.0 Pinecrest - 142.0 Virginia Run
Pleasant Valley,Week1,Kent Gardens,Week1,317.0 Kent Gardens - 85.0 Pleasant Valley
Pinewood Lake,Week1,Ravensworth Farm,Week2,353.0 Ravensworth Farm - 42.0 Pinewood Lake
Pleasant Valley,Week2,Fox Hunt,Week1,272.0 Fox Hunt - 130.0 Pleasant Valley
Pleasant Valley,Week2,Kent Gardens,Week3,294.0 Kent Gardens - 108.0 Pleasant Valley
Pinecrest,Week5,Virginia Run,Week1,265.0 Pinecrest - 137.0 Virginia Run
Pleasant Valley,Week2,Kent Gardens,Week4,305.0 Kent Gardens - 97.0 Pleasant Valley
Pinewood Lake,Week4,Ravensworth Farm,Week2,355.0 Ravensworth Farm - 37.0 Pinewood Lake
Pinewood Lake,Week3,Ravensworth Farm,Week3,371.0 Ravensworth Farm - 30.0 Pinewood Lake
Pinewood Lake,Week2,Ravensworth Farm,Week5,374.0 Ravensworth Farm - 28.0 Pinewood Lake
Pinecrest,Week2,Wakefield Chapel,Week1,229.0 Wakefield Chapel - 173.0 Pinecrest
Pleasant Valley,Week5,Forest Hollow,Week4,309.0 Forest Hollow - 92.0 Pleasant Valley
Pinewood Lake,Week1,Ravensworth Farm,Week3,364.0 Ravensworth Farm - 37.0 Pinewood Lake
Pinewood Lake,Week2,Ravensworth Farm,Week2,366.0 Ravensworth Farm - 28.0 Pinewood Lake
Pinewood Lake,Week4,Poplar Tree,Week3,367.0 Poplar Tree - 33.0 Pinewood Lake
Pleasant Valley,Week1,Fox Hunt,Week1,268.5 Fox Hunt - 133.5 Pleasant Valley
Pleasant Valley,Week2,Fox Hunt,Week2,286.0 Fox Hunt - 115.0 Pleasant Valley
Pinewood Lake,Week4,Ravensworth Farm,Week4,363.0 Ravensworth Farm - 32.0 Pinewood Lake
Pleasant Valley,Week3,Fox Hunt,Week2,262.0 Fox Hunt - 139.0 Pleasant Valley
Pinecrest,Week1,Wakefield Chapel,Week4,229.0 Wakefield Chapel - 173.0 Pinecrest
Pleasant Valley,Week4,Fox Hunt,Week1,298.0 Fox Hunt - 102.0 Pleasant Valley
Pinecrest,Week5,Virginia Run,Week4,259.0 Pinecrest - 143.0 Virginia Run
Pinecrest,Week5,Virginia Run,Week2,279.0 Pinecrest - 123.0 Virginia Run
Pleasant Valley,Week2,Kent Gardens,Week2,297.5 Kent Gardens - 104.5 Pleasant Valley
Pinecrest,Week1,Wakefield Chapel,Week2,230.0 Wakefield Chapel - 172.0 Pinecrest
Pinecrest,Week4,Virginia Run,Week3,281.0 Pinecrest - 121.0 Virginia Run
Pleasant Valley,Week3,Fox Hunt,Week4,269.0 Fox Hunt - 133.0 Pleasant Valley
Pinecrest,Week4,Virginia Run,Week4,272.0 Pinecrest - 130.0 Virginia Run
Pleasant Valley,Week5,Fox Hunt,Week2,273.0 Fox Hunt - 125.0 Pleasant Valley
Pleasant Valley,Week4,Fox Hunt,Week3,304.0 Fox Hunt - 86.0 Pleasant Valley
Pleasant Valley,Week5,Fox Hunt,Week3,277.0 Fox Hunt - 120.0 Pleasant Valley
Pinecrest,Week5,Virginia Run,Week3,285.0 Pinecrest - 117.0 Virginia Run
Pinewood Lake,Week5,Poplar Tree,Week3,353.0 Poplar Tree - 48.0 Pinewood Lake
Pinecrest,Week3,Virginia Run,Week1,274.0 Pinecrest - 128.0 Virginia Run
Pleasant Valley,Week1,Kent Gardens,Week2,305.0 Kent Gardens - 97.0 Pleasant Valley
Pinewood Lake,Week3,Ravensworth Farm,Week4,365.0 Ravensworth Farm - 29.0 Pinewood Lake
Pinewood Lake,Week4,Poplar Tree,Week4,362.0 Poplar Tree - 31.0 Pinewood Lake
Pinecrest,Week1,Wakefield Chapel,Week5,251.0 Wakefield Chapel - 151.0 Pinecrest
Pleasant Valley,Week2,Fox Hunt,Week5,315.0 Fox Hunt - 87.0 Pleasant Valley
Pinewood Lake,Week1,Ravensworth Farm,Week4,355.0 Ravensworth Farm - 40.0 Pinewood Lake
Pleasant Valley,Week4,Fox Hunt,Week4,300.0 Fox Hunt - 98.0 Pleasant Valley
Pinecrest,Week3,Virginia Run,Week4,282.0 Pinecrest - 120.0 Virginia Run
Pleasant Valley,Week1,Fox Mill Estates,Week2,281.0 Fox Mill Estates - 120.0 Pleasant Valley
Pinewood Lake,Week4,Riverside Gardens,Week2,370.0 Riverside Gardens - 32.0 Pinewood Lake
Pinecrest,Week2,Wakefield Chapel,Week4,203.0 Wakefield Chapel - 199.0 Pinecrest
Pleasant Valley,Week5,Fox Hunt,Week5,301.0 Fox Hunt - 101.0 Pleasant Valley
Pinecrest,Week3,Virginia Run,Week2,287.0 Pinecrest - 115.0 Virginia Run
Pinewood Lake,Week2,Riverside Gardens,Week3,390.0 Riverside Gardens - 12.0 Pinewood Lake
Pinewood Lake,Week5,Poplar Tree,Week1,343.0 Poplar Tree - 52.0 Pinewood Lake
Pleasant Valley,Week1,Fox Mill Estates,Week4,305.5 Fox Mill Estates - 96.5 Pleasant Valley
Pinecrest,Week5,Virginia Run,Week5,241.5 Pinecrest - 160.5 Virginia Run
Pleasant Valley,Week1,Fox Mill Estates,Week5,291.0 Fox Mill Estates - 111.0 Pleasant Valley
Pinecrest,Week2,Wakefield Chapel,Week5,232.5 Wakefield Chapel - 169.5 Pinecrest
Pinecrest,Week4,Orange Hunt,Week4,253.0 Pinecrest - 149.0 Orange Hunt
Pleasant Valley,Week2,Fox Mill Estates,Week1,255.0 Fox Mill Estates - 146.0 Pleasant Valley
Pinewood Lake,Week4,Riverside Gardens,Week1,380.0 Riverside Gardens - 22.0 Pinewood Lake
Pinewood Lake,Week5,Ravensworth Farm,Week1,368.0 Ravensworth Farm - 33.0 Pinewood Lake
Pleasant Valley,Week1,Fox Mill Woods,Week5,348.0 Fox Mill Woods - 54.0 Pleasant Valley
Pinecrest,Week2,Virginia Run,Week5,235.0 Pinecrest - 167.0 Virginia Run
Pinecrest,Week4,Virginia Run,Week2,274.0 Pinecrest - 128.0 Virginia Run
Pleasant Valley,Week2,Fox Mill Estates,Week3,284.0 Fox Mill Estates - 114.0 Pleasant Valley
Pinewood Lake,Week3,Ravensworth Farm,Week1,375.0 Ravensworth Farm - 25.0 Pinewood Lake
Pinecrest,Week1,Wakefield Chapel,Week3,254.0 Wakefield Chapel - 148.0 Pinecrest
Pinewood Lake,Week4,Poplar Tree,Week5,375.0 Poplar Tree - 26.0 Pinewood Lake
Pinecrest,Week2,Wakefield Chapel,Week3,219.0 Wakefield Chapel - 183.0 Pinecrest
Pleasant Valley,Week1,Fox Mill Woods,Week3,333.0 Fox Mill Woods - 69.0 Pleasant Valley
Pleasant Valley,Week2,Fox Mill Estates,Week2,280.0 Fox Mill Estates - 121.0 Pleasant Valley
Pleasant Valley,Week4,Fox Mill Estates,Week2,270.0 Fox Mill Estates - 126.0 Pleasant Valley
Pinecrest,Week3,Wakefield Chapel,Week2,218.0 Wakefield Chapel - 184.0 Pinecrest
Pinewood Lake,Week5,Riverside Gardens,Week1,380.0 Riverside Gardens - 22.0 Pinewood Lake
Pinewood Lake,Week5,Ravensworth Farm,Week2,354.0 Ravensworth Farm - 38.0 Pinewood Lake
Pinecrest,Week4,Virginia Run,Week1,269.0 Pinecrest - 133.0 Virginia Run
Pinewood Lake,Week5,Riverside Gardens,Week4,378.0 Riverside Gardens - 24.0 Pinewood Lake
Pinewood Lake,Week3,Riverside Gardens,Week3,390.0 Riverside Gardens - 12.0 Pinewood Lake
Pinewood Lake,Week3,Riverside Gardens,Week4,390.0 Riverside Gardens - 12.0 Pinewood Lake
Pinecrest,Week3,Walden Glen,Week2,308.0 Pinecrest - 94.0 Walden Glen
Pleasant Valley,Week3,Fox Mill Estates,Week4,284.0 Fox Mill Estates - 118.0 Pleasant Valley
Pinewood Lake,Week3,Riverside Gardens,Week1,385.5 Riverside Gardens - 16.5 Pinewood Lake
Pleasant Valley,Week1,Fox Mill Woods,Week2,341.0 Fox Mill Woods - 60.0 Pleasant Valley
Pinewood Lake,Week2,Riverside Gardens,Week5,378.0 Riverside Gardens - 23.0 Pinewood Lake
Pinewood Lake,Week1,Riverside Gardens,Week5,374.0 Riverside Gardens - 26.0 Pinewood Lake
Pinecrest,Week3,Walden Glen,Week4,300.0 Pinecrest - 102.0 Walden Glen
Pleasant Valley,Week1,Fox Mill Woods,Week1,338.0 Fox Mill Woods - 63.0 Pleasant Valley
Pinecrest,Week2,Walden Glen,Week2,281.0 Pinecrest - 121.0 Walden Glen
Pinecrest,Week4,Wakefield Chapel,Week2,219.0 Wakefield Chapel - 183.0 Pinecrest
Pinecrest,Week4,Walden Glen,Week1,314.0 Pinecrest - 88.0 Walden Glen
Pleasant Valley,Week4,Fox Mill Woods,Week3,345.0 Fox Mill Woods - 57.0 Pleasant Valley
Pleasant Valley,Week1,Fox Mill Woods,Week4,349.0 Fox Mill Woods - 53.0 Pleasant Valley
Pinecrest,Week1,Walden Glen,Week4,277.0 Pinecrest - 125.0 Walden Glen
Pinecrest,Week2,Walden Glen,Week3,295.0 Pinecrest - 107.0 Walden Glen
Pinecrest,Week3,Walden Glen,Week1,322.0 Pinecrest - 80.0 Walden Glen
Pinewood Lake,Week5,Ravensworth Farm,Week4,360.0 Ravensworth Farm - 40.0 Pinewood Lake
Pleasant Valley,Week5,Fox Mill Estates,Week5,275.0 Fox Mill Estates - 126.0 Pleasant Valley
Pinecrest,Week3,Wakefield Chapel,Week4,219.0 Wakefield Chapel - 183.0 Pinecrest
Pinewood Lake,Week1,Riverside Gardens,Week1,374.0 Riverside Gardens - 28.0 Pinewood Lake
Pinewood Lake,Week2,Riverside Gardens,Week2,369.0 Riverside Gardens - 32.0 Pinewood Lake
Pleasant Valley,Week4,Fox Mill Estates,Week1,248.0 Fox Mill Estates - 148.0 Pleasant Valley
Pinecrest,Week2,Walden Glen,Week1,306.0 Pinecrest - 96.0 Walden Glen
Pleasant Valley,Week5,Fox Mill Estates,Week2,267.0 Fox Mill Estates - 134.0 Pleasant Valley
Pleasant Valley,Week4,Fox Mill Estates,Week5,287.0 Fox Mill Estates - 114.0 Pleasant Valley
Pleasant Valley,Week4,Fox Mill Estates,Week4,300.0 Fox Mill Estates - 102.0 Pleasant Valley
Pinecrest,Week4,Orange Hunt,Week5,227.0 Pinecrest - 175.0 Orange Hunt
Pinewood Lake,Week3,Riverside Gardens,Week2,377.0 Riverside Gardens - 24.0 Pinewood Lake
Pinewood Lake,Week1,Riverside Gardens,Week3,377.0 Riverside Gardens - 25.0 Pinewood Lake
Pinecrest,Week2,Walden Glen,Week4,284.0 Pinecrest - 118.0 Walden Glen
Pleasant Valley,Week3,Fox Mill Estates,Week2,260.0 Fox Mill Estates - 142.0 Pleasant Valley
Pinewood Lake,Week1,Riverside Gardens,Week4,376.0 Riverside Gardens - 26.0 Pinewood Lake
Pinecrest,Week5,Wakefield Chapel,Week4,211.0 Wakefield Chapel - 191.0 Pinecrest
Pleasant Valley,Week2,Fox Mill Estates,Week4,302.0 Fox Mill Estates - 100.0 Pleasant Valley
Pinewood Lake,Week4,Riverside Gardens,Week4,385.0 Riverside Gardens - 17.0 Pinewood Lake
Pinewood Lake,Week4,Riverside Gardens,Week3,383.0 Riverside Gardens - 19.0 Pinewood Lake
Pinecrest,Week4,Walden Glen,Week2,298.0 Pinecrest - 104.0 Walden Glen
Pinewood Lake,Week1,Riverside Gardens,Week2,365.0 Riverside Gardens - 36.0 Pinewood Lake
Pinewood Lake,Week3,Riverside Gardens,Week5,385.0 Riverside Gardens - 16.0 Pinewood Lake
Pinewood Lake,Week4,Vienna Woods,Week5,396.0 Vienna Woods - 5.0 Pinewood Lake
Pinewood Lake,Week4,Riverside Gardens,Week5,374.0 Riverside Gardens - 27.0 Pinewood Lake
Pinecrest,Week5,Wakefield Chapel,Week1,241.0 Wakefield Chapel - 161.0 Pinecrest
Pinewood Lake,Week5,Ravensworth Farm,Week5,370.0 Ravensworth Farm - 31.0 Pinewood Lake
Pinecrest,Week4,Walden Glen,Week5,281.0 Pinecrest - 121.0 Walden Glen
Pleasant Valley,Week4,Fox Mill Woods,Week1,351.0 Fox Mill Woods - 50.0 Pleasant Valley
Pinecrest,Week1,Walden Glen,Week1,304.5 Pinecrest - 97.5 Walden Glen
Pleasant Valley,Week5,Fox Mill Estates,Week1,247.0 Fox Mill Estates - 154.0 Pleasant Valley
Pinecrest,Week4,Wakefield Chapel,Week3,229.0 Wakefield Chapel - 173.0 Pinecrest
Pinewood Lake,Week3,Vienna Woods,Week2,393.0 Vienna Woods - 9.0 Pinewood Lake
Pleasant Valley,Week3,Fox Mill Estates,Week3,264.0 Fox Mill Estates - 138.0 Pleasant Valley
Pleasant Valley,Week5,Fox Mill Woods,Week4,347.0 Fox Mill Woods - 55.0 Pleasant Valley
Pinecrest,Week4,Wakefield Chapel,Week1,239.0 Wakefield Chapel - 163.0 Pinecrest
Pleasant Valley,Week4,Fox Mill Estates,Week3,280.0 Fox Mill Estates - 117.0 Pleasant Valley
Pleasant Valley,Week5,Fox Mill Estates,Week4,290.0 Fox Mill Estates - 112.0 Pleasant Valley
Pinewood Lake,Week4,Ravensworth Farm,Week5,373.0 Ravensworth Farm - 28.0 Pinewood Lake
Pinewood Lake,Week3,Vienna Woods,Week5,394.0 Vienna Woods - 7.0 Pinewood Lake
Pleasant Valley,Week3,Fox Mill Estates,Week1,234.0 Fox Mill Estates - 168.0 Pleasant Valley
Pinewood Lake,Week2,Vienna Woods,Week5,389.0 Vienna Woods - 13.0 Pinewood Lake
Pinewood Lake,Week5,Ravensworth Farm,Week3,362.0 Ravensworth Farm - 39.0 Pinewood Lake
Pinecrest,Week5,Wakefield Chapel,Week3,222.0 Wakefield Chapel - 175.0 Pinecrest
Pinewood Lake,Week2,Riverside Gardens,Week4,383.0 Riverside Gardens - 19.0 Pinewood Lake
Pleasant Valley,Week2,Fox Mill Estates,Week5,292.0 Fox Mill Estates - 110.0 Pleasant Valley
Pleasant Valley,Week3,Fox Mill Woods,Week5,336.0 Fox Mill Woods - 66.0 Pleasant Valley
Pinecrest,Week2,Walden Glen,Week5,272.0 Pinecrest - 130.0 Walden Glen
Pinewood Lake,Week2,Riverside Gardens,Week1,383.0 Riverside Gardens - 19.0 Pinewood Lake
Pinecrest,Week5,Wakefield Chapel,Week5,240.0 Wakefield Chapel - 162.0 Pinecrest
Pleasant Valley,Week2,Fox Mill Woods,Week3,334.0 Fox Mill Woods - 68.0 Pleasant Valley
Pinewood Lake,Week2,Vienna Woods,Week3,392.0 Vienna Woods - 9.0 Pinewood Lake
Pleasant Valley,Week5,Fox Mill Estates,Week3,272.0 Fox Mill Estates - 128.0 Pleasant Valley
Pinewood Lake,Week4,Rolling Forest,Week3,364.0 Rolling Forest - 36.0 Pinewood Lake
Pinewood Lake,Week3,Vienna Woods,Week4,388.0 Vienna Woods - 13.0 Pinewood Lake
Pleasant Valley,Week2,Fox Mill Woods,Week5,348.5 Fox Mill Woods - 53.5 Pleasant Valley
Pinewood Lake,Week5,Riverside Gardens,Week3,379.0 Riverside Gardens - 23.0 Pinewood Lake
Pinewood Lake,Week1,Rolling Forest,Week2,362.0 Rolling Forest - 39.0 Pinewood Lake
Pleasant Valley,Week3,Fox Mill Estates,Week5,269.0 Fox Mill Estates - 133.0 Pleasant Valley
Pinecrest,Week1,Walden Glen,Week3,284.0 Pinecrest - 118.0 Walden Glen
Pleasant Valley,Week4,Fox Mill Woods,Week2,354.0 Fox Mill Woods - 47.0 Pleasant Valley
Pinecrest,Week1,Walden Glen,Week2,290.0 Pinecrest - 112.0 Walden Glen
Pinecrest,Week4,Wakefield Chapel,Week4,221.0 Wakefield Chapel - 181.0 Pinecrest
Pleasant Valley,Week2,Fox Mill Woods,Week2,338.0 Fox Mill Woods - 63.0 Pleasant Valley
Pinewood Lake,Week1,Vienna Woods,Week4,372.0 Vienna Woods - 25.0 Pinewood Lake
Pinewood Lake,Week5,Riverside Gardens,Week2,365.0 Riverside Gardens - 37.0 Pinewood Lake
Pinewood Lake,Week5,Rolling Forest,Week2,349.0 Rolling Forest - 52.0 Pinewood Lake
Pinewood Lake,Week2,Villa Aquatic,Week4,362.0 Villa Aquatic - 40.0 Pinewood Lake
Pleasant Valley,Week3,Fox Mill Woods,Week2,325.0 Fox Mill Woods - 77.0 Pleasant Valley
Pinewood Lake,Week2,Vienna Woods,Week1,383.0 Vienna Woods - 17.0 Pinewood Lake
Pinecrest,Week4,Wakefield Chapel,Week5,243.0 Wakefield Chapel - 159.0 Pinecrest
Pinewood Lake,Week1,Rolling Forest,Week5,365.0 Rolling Forest - 36.0 Pinewood Lake
Pinewood Lake,Week4,Vienna Woods,Week1,388.0 Vienna Woods - 12.0 Pinewood Lake
Pinecrest,Week5,Wakefield Chapel,Week2,218.5 Wakefield Chapel - 183.5 Pinecrest
Pinecrest,Week3,Walden Glen,Week3,306.0 Pinecrest - 96.0 Walden Glen
Pinewood Lake,Week5,Vienna Woods,Week4,380.0 Vienna Woods - 22.0 Pinewood Lake
Pinewood Lake,Week3,Villa Aquatic,Week2,365.0 Villa Aquatic - 34.0 Pinewood Lake
Pinewood Lake,Week1,Rolling Forest,Week4,366.0 Rolling Forest - 34.0 Pinewood Lake
Pinecrest,Week1,Walden Glen,Week5,265.0 Pinecrest - 137.0 Walden Glen
Pinecrest,Week3,Walden Glen,Week5,269.0 Pinecrest - 133.0 Walden Glen
Pinewood Lake,Week5,Riverside Gardens,Week5,373.0 Riverside Gardens - 28.0 Pinewood Lake
Pleasant Valley,Week4,Fox Mill Woods,Week5,350.0 Fox Mill Woods - 52.0 Pleasant Valley
Pinecrest,Week2,Waynewood,Week1,244.0 Pinecrest - 158.0 Waynewood
Pinewood Lake,Week3,Rolling Forest,Week3,364.0 Rolling Forest - 36.0 Pinewood Lake
Pleasant Valley,Week5,Fox Mill Woods,Week1,336.0 Fox Mill Woods - 66.0 Pleasant Valley
Pinewood Lake,Week1,Villa Aquatic,Week1,364.0 Villa Aquatic - 35.0 Pinewood Lake
Pinewood Lake,Week2,Rolling Forest,Week2,361.0 Rolling Forest - 40.0 Pinewood Lake
Pinewood Lake,Week3,Rolling Forest,Week5,367.0 Rolling Forest - 33.0 Pinewood Lake
Pinewood Lake,Week3,Rolling Forest,Week4,359.0 Rolling Forest - 43.0 Pinewood Lake
Pleasant Valley,Week2,Fox Mill Woods,Week4,353.5 Fox Mill Woods - 48.5 Pleasant Valley
Pinecrest,Week5,Walden Glen,Week2,305.0 Pinecrest - 97.0 Walden Glen
Pleasant Valley,Week3,Fox Mill Woods,Week3,324.0 Fox Mill Woods - 78.0 Pleasant Valley
Pinewood Lake,Week4,Rolling Forest,Week4,360.0 Rolling Forest - 41.0 Pinewood Lake
Pinecrest,Week4,Walden Glen,Week3,312.0 Pinecrest - 90.0 Walden Glen
Pleasant Valley,Week2,Fox Mill Woods,Week1,341.0 Fox Mill Woods - 60.0 Pleasant Valley
Pinewood Lake,Week4,Vienna Woods,Week3,399.0 Vienna Woods - 2.0 Pinewood Lake
Pinecrest,Week5,Walden Glen,Week1,312.0 Pinecrest - 90.0 Walden Glen
Pinewood Lake,Week4,Vienna Woods,Week2,396.0 Vienna Woods - 6.0 Pinewood Lake
Pinecrest,Week5,Walden Glen,Week3,309.0 Pinecrest - 93.0 Walden Glen
Pinewood Lake,Week2,Vienna Woods,Week4,383.0 Vienna Woods - 14.0 Pinewood Lake
Pinewood Lake,Week3,Vienna Woods,Week3,395.0 Vienna Woods - 6.0 Pinewood Lake
Pinecrest,Week4,Walden Glen,Week4,301.0 Pinecrest - 101.0 Walden Glen
Pinewood Lake,Week2,Vienna Woods,Week2,388.0 Vienna Woods - 14.0 Pinewood Lake
Pinecrest,Week4,Waynewood,Week5,216.0 Pinecrest - 186.0 Waynewood
Pleasant Valley,Week5,Fox Mill Woods,Week3,329.0 Fox Mill Woods - 72.0 Pleasant Valley
Pleasant Valley,Week3,Fox Mill Woods,Week1,331.0 Fox Mill Woods - 71.0 Pleasant Valley
Pinewood Lake,Week5,Vienna Woods,Week1,377.0 Vienna Woods - 23.0 Pinewood Lake
Pleasant Valley,Week4,Fox Mill Woods,Week4,350.5 Fox Mill Woods - 51.5 Pleasant Valley
Pleasant Valley,Week3,Fox Mill Woods,Week4,344.0 Fox Mill Woods - 58.0 Pleasant Valley
Pinewood Lake,Week1,Villa Aquatic,Week3,372.0 Villa Aquatic - 29.0 Pinewood Lake
Pinewood Lake,Week5,Rolling Forest,Week3,362.0 Rolling Forest - 38.0 Pinewood Lake
Pinewood Lake,Week2,Rolling Forest,Week3,363.0 Rolling Forest - 38.0 Pinewood Lake
Pleasant Valley,Week5,Fox Mill Woods,Week2,324.0 Fox Mill Woods - 78.0 Pleasant Valley
Pinewood Lake,Week2,Rolling Forest,Week5,362.0 Rolling Forest - 38.0 Pinewood Lake
Pinecrest,Week3,Waynewood,Week4,246.5 Pinecrest - 155.5 Waynewood
Pinewood Lake,Week2,Rolling Forest,Week4,362.0 Rolling Forest - 40.0 Pinewood Lake
Pinewood Lake,Week1,Rolling Hills,Week1,341.0 Rolling Hills - 55.0 Pinewood Lake
Pinewood Lake,Week1,Villa Aquatic,Week4,367.0 Villa Aquatic - 35.0 Pinewood Lake
Pinecrest,Week3,Pinecrest,Week3,201.0 Pinecrest (PC1) - 201.0 Pinecrest (PC2)
Pleasant Valley,Week2,Great Falls,Week2,279.0 Great Falls - 104.0 Pleasant Valley
Pinecrest,Week1,Pinecrest,Week1,201.0 Pinecrest (PC1) - 201.0 Pinecrest (PC2)
Pinecrest,Week5,Waynewood,Week2,247.0 Pinecrest - 155.0 Waynewood
Pleasant Valley,Week2,Great Falls,Week1,271.0 Great Falls - 129.0 Pleasant Valley
Pinecrest,Week3,Pinecrest,Week4,203.0 Pinecrest (PC2) - 199.0 Pinecrest (PC1)
Pinecrest,Week2,Waynewood,Week3,227.0 Pinecrest - 175.0 Waynewood
Pinecrest,Week2,Waynewood,Week4,230.0 Pinecrest - 172.0 Waynewood
Pleasant Valley,Week1,Great Falls,Week3,304.0 Great Falls - 98.0 Pleasant Valley
Pleasant Valley,Week1,Great Falls,Week5,289.0 Great Falls - 112.0 Pleasant Valley
Pinecrest,Week3,Pinecrest,Week2,206.0 Pinecrest (PC1) - 196.0 Pinecrest (PC2)
Pinewood Lake,Week2,Villa Aquatic,Week1,358.0 Villa Aquatic - 40.0 Pinewood Lake
Pinecrest,Week1,Woodley,Week3,317.0 Pinecrest - 85.0 Woodley
Pinewood Lake,Week1,Vienna Woods,Week5,378.0 Vienna Woods - 23.0 Pinewood Lake
Pinewood Lake,Week1,Villa Aquatic,Week5,371.0 Villa Aquatic - 31.0 Pinewood Lake
Pleasant Valley,Week1,Great Falls,Week4,284.0 Great Falls - 117.0 Pleasant Valley
Pleasant Valley,Week1,Great Falls,Week2,269.0 Great Falls - 114.0 Pleasant Valley
Pinecrest,Week2,Pinecrest,Week2,201.0 Pinecrest (PC1) - 201.0 Pinecrest (PC2)
Pinewood Lake,Week3,Vienna Woods,Week1,388.0 Vienna Woods - 12.0 Pinewood Lake
Pinewood Lake,Week1,Rolling Hills,Week2,339.0 Rolling Hills - 52.0 Pinewood Lake
Pinecrest,Week1,Pinecrest,Week4,245.0 Pinecrest (PC2) - 157.0 Pinecrest (PC1)
Pinecrest,Week2,Waynewood,Week5,227.0 Pinecrest - 175.0 Waynewood
Pinecrest,Week1,Woodley,Week5,295.0 Pinecrest - 107.0 Woodley
Pinewood Lake,Week4,Rolling Forest,Week5,367.0 Rolling Forest - 33.0 Pinewood Lake
Pinewood Lake,Week2,Rolling Forest,Week1,359.0 Rolling Forest - 43.0 Pinewood Lake
Pleasant Valley,Week2,Great Falls,Week3,309.0 Great Falls - 93.0 Pleasant Valley
Pinecrest,Week1,Woodley,Week2,307.0 Pinecrest - 95.0 Woodley
Pinewood Lake,Week5,Vienna Woods,Week2,385.0 Vienna Woods - 17.0 Pinewood Lake
Pinecrest,Week2,Pinecrest,Week1,238.0 Pinecrest (PC1) - 164.0 Pinecrest (PC2)
Pinewood Lake,Week5,Rolling Forest,Week1,349.0 Rolling Forest - 52.0 Pinewood Lake
Pinewood Lake,Week3,Rolling Forest,Week2,358.0 Rolling Forest - 43.0 Pinewood Lake
Pinewood Lake,Week1,Villa Aquatic,Week2,362.0 Villa Aquatic - 37.0 Pinewood Lake
Pinewood Lake,Week4,Vienna Woods,Week4,391.0 Vienna Woods - 11.0 Pinewood Lake
Pinewood Lake,Week5,Vienna Woods,Week3,385.0 Vienna Woods - 16.0 Pinewood Lake
Pinewood Lake,Week2,Villa Aquatic,Week5,372.0 Villa Aquatic - 30.0 Pinewood Lake
Pinecrest,Week3,Waynewood,Week1,267.0 Pinecrest - 135.0 Waynewood
Pinewood Lake,Week2,Villa Aquatic,Week3,368.0 Villa Aquatic - 33.0 Pinewood Lake
Pleasant Valley,Week5,Fox Mill Woods,Week5,341.0 Fox Mill Woods - 61.0 Pleasant Valley
Pinecrest,Week1,Waynewood,Week3,209.0 Waynewood - 193.0 Pinecrest
Pinecrest,Week5,Parliament,Week5,261.0 Pinecrest - 141.0 Parliament
Pleasant Valley,Week2,Great Falls,Week5,288.0 Great Falls - 109.0 Pleasant Valley
Pinewood Lake,Week4,Rolling Forest,Week1,356.0 Rolling Forest - 45.0 Pinewood Lake
Pleasant Valley,Week1,Great Falls,Week1,266.0 Great Falls - 135.0 Pleasant Valley
Pinecrest,Week3,Pinecrest,Week5,213.0 Pinecrest (PC1) - 189.0 Pinecrest (PC2)
Pinewood Lake,Week1,Rolling Hills,Week5,340.0 Rolling Hills - 58.0 Pinewood Lake
Pinewood Lake,Week3,Rolling Forest,Week1,359.0 Rolling Forest - 42.0 Pinewood Lake
Pinecrest,Week1,Pinecrest,Week3,245.0 Pinecrest (PC2) - 157.0 Pinecrest (PC1)
Pinewood Lake,Week1,Rolling Forest,Week3,368.0 Rolling Forest - 33.0 Pinewood Lake
Pinecrest,Week4,Waynewood,Week1,256.0 Pinecrest - 146.0 Waynewood
Pinewood Lake,Week5,Vienna Woods,Week5,384.0 Vienna Woods - 17.0 Pinewood Lake
Pleasant Valley,Week3,Great Falls,Week1,251.0 Great Falls - 149.0 Pleasant Valley
Pleasant Valley,Week2,Great Falls,Week4,273.0 Great Falls - 125.0 Pleasant Valley
Pinewood Lake,Week1,Rolling Forest,Week1,360.0 Rolling Forest - 42.0 Pinewood Lake
Pinecrest,Week1,Waynewood,Week5,207.0 Waynewood - 195.0 Pinecrest
Pinewood Lake,Week2,Villa Aquatic,Week2,355.0 Villa Aquatic - 44.0 Pinewood Lake
Pinecrest,Week2,Pinecrest,Week3,206.0 Pinecrest (PC2) - 196.0 Pinecrest (PC1)
Pinecrest,Week2,Pinecrest,Week5,206.0 Pinecrest (PC2) - 196.0 Pinecrest (PC1)
Pinecrest,Week4,Waynewood,Week2,251.0 Pinecrest - 151.0 Waynewood
Pinecrest,Week4,Pinecrest,Week3,203.0 Pinecrest (PC1) - 199.0 Pinecrest (PC2)
Pinecrest,Week4,Waynewood,Week3,231.0 Pinecrest - 171.0 Waynewood
Pinewood Lake,Week4,Rolling Forest,Week2,353.0 Rolling Forest - 48.0 Pinewood Lake
Pinewood Lake,Week3,Villa Aquatic,Week1,363.0 Villa Aquatic - 35.0 Pinewood Lake
Pinecrest,Week5,Walden Glen,Week4,302.0 Pinecrest - 94.0 Walden Glen
Pinecrest,Week4,Pinecrest,Week1,245.0 Pinecrest (PC1) - 157.0 Pinecrest (PC2)
Pinecrest,Week5,Pinecrest,Week2,206.0 Pinecrest (PC1) - 196.0 Pinecrest (PC2)
Pinecrest,Week3,Waynewood,Week2,247.0 Pinecrest - 155.0 Waynewood
Pinewood Lake,Week2,Rolling Hills,Week1,338.0 Rolling Hills - 60.0 Pinewood Lake
Pinecrest,Week4,Waynewood,Week4,240.5 Pinecrest - 161.5 Waynewood
Pinecrest,Week3,Waynewood,Week5,232.0 Pinecrest - 170.0 Waynewood
Pinewood Lake,Week2,Village West,Week1,308.0 Village West - 88.0 Pinewood Lake
Pinewood Lake,Week2,Rolling Hills,Week2,340.0 Rolling Hills - 55.0 Pinewood Lake
Pinewood Lake,Week4,Rolling Hills,Week1,344.0 Rolling Hills - 55.0 Pinewood Lake
Pinewood Lake,Week2,Rolling Hills,Week3,336.0 Rolling Hills - 51.0 Pinewood Lake
Pinecrest,Week3,Waynewood,Week3,229.0 Pinecrest - 173.0 Waynewood
Pinecrest,Week4,Pinecrest,Week5,207.5 Pinecrest (PC1) - 194.5 Pinecrest (PC2)
Pinewood Lake,Week1,Rolling Hills,Week4,329.0 Rolling Hills - 59.0 Pinewood Lake
Pinecrest,Week1,Waynewood,Week4,211.0 Pinecrest - 191.0 Waynewood
Pinecrest,Week5,Pinecrest,Week1,222.0 Pinecrest (PC1) - 180.0 Pinecrest (PC2)
Pinewood Lake,Week1,Rolling Hills,Week3,329.0 Rolling Hills - 56.0 Pinewood Lake
Pinewood Lake,Week2,Village West,Week5,310.0 Village West - 83.0 Pinewood Lake
Pinecrest,Week5,Pinecrest,Week3,213.0 Pinecrest (PC2) - 189.0 Pinecrest (PC1)
Pinewood Lake,Week2,Rolling Hills,Week5,337.0 Rolling Hills - 63.0 Pinewood Lake
Pinecrest,Week2,Waynewood,Week2,242.0 Pinecrest - 160.0 Waynewood
Pinewood Lake,Week5,Rolling Forest,Week4,356.0 Rolling Forest - 45.0 Pinewood Lake
Pinewood Lake,Week5,Villa Aquatic,Week4,359.0 Villa Aquatic - 42.0 Pinewood Lake
Pinewood Lake,Week1,Village West,Week3,338.0 Village West - 60.0 Pinewood Lake
Pinewood Lake,Week1,Village West,Week4,328.0 Village West - 64.0 Pinewood Lake
Pinewood Lake,Week4,Villa Aquatic,Week5,371.0 Villa Aquatic - 31.0 Pinewood Lake
Pinecrest,Week4,Pinecrest,Week4,201.0 Pinecrest (PC1) - 201.0 Pinecrest (PC2)
Pinecrest,Week4,Pinecrest,Week2,207.0 Pinecrest (PC1) - 195.0 Pinecrest (PC2)
Pinewood Lake,Week5,Villa Aquatic,Week3,368.0 Villa Aquatic - 33.0 Pinewood Lake
Pinewood Lake,Week4,Village West,Week2,332.0 Village West - 68.0 Pinewood Lake
Pinecrest,Week5,Waynewood,Week1,260.0 Pinecrest - 142.0 Waynewood
Pinecrest,Week5,Walden Glen,Week5,278.0 Pinecrest - 123.0 Walden Glen
Pinecrest,Week5,Pinecrest,Week4,207.5 Pinecrest (PC2) - 194.5 Pinecrest (PC1)
Pinewood Lake,Week5,Rolling Forest,Week5,354.0 Rolling Forest - 48.0 Pinewood Lake
Pinecrest,Week2,Pinecrest,Week4,207.0 Pinecrest (PC2) - 195.0 Pinecrest (PC1)
Pinewood Lake,Week3,Villa Aquatic,Week5,373.0 Villa Aquatic - 28.0 Pinewood Lake
Pinecrest,Week5,Pinecrest,Week5,198.0 Pinecrest (PC1) - 198.0 Pinecrest (PC2)
Pinewood Lake,Week2,Village West,Week2,321.0 Village West - 79.0 Pinewood Lake
Pinewood Lake,Week1,Rolling Valley,Week3,327.0 Rolling Valley - 62.0 Pinewood Lake
Pinewood Lake,Week3,Rolling Hills,Week4,338.0 Rolling Hills - 56.0 Pinewood Lake
Pinecrest,Week3,Pinecrest,Week1,245.0 Pinecrest (PC1) - 157.0 Pinecrest (PC2)
Pinewood Lake,Week5,Rolling Hills,Week5,331.0 Rolling Hills - 70.0 Pinewood Lake
Pinecrest,Week1,Waynewood,Week2,218.0 Pinecrest - 184.0 Waynewood
Pinecrest,Week3,Woodley,Week3,339.0 Pinecrest - 63.0 Woodley
Pinewood Lake,Week5,Rolling Hills,Week2,338.0 Rolling Hills - 57.0 Pinewood Lake
Pinewood Lake,Week3,Rolling Hills,Week3,344.0 Rolling Hills - 47.0 Pinewood Lake
Pinewood Lake,Week4,Rolling Hills,Week3,340.0 Rolling Hills - 53.0 Pinewood Lake
Pinecrest,Week1,Pinecrest,Week5,222.0 Pinecrest (PC2) - 180.0 Pinecrest (PC1)
Pinewood Lake,Week5,Villa Aquatic,Week2,350.0 Villa Aquatic - 49.0 Pinewood Lake
Pinecrest,Week5,Waynewood,Week5,227.0 Pinecrest - 175.0 Waynewood
Pinewood Lake,Week3,Village West,Week4,318.0 Village West - 74.0 Pinewood Lake
Pinecrest,Week1,Woodley,Week1,313.0 Pinecrest - 89.0 Woodley
Pinecrest,Week5,Waynewood,Week3,240.0 Pinecrest - 162.0 Waynewood
Pinecrest,Week1,Waynewood,Week1,231.0 Pinecrest - 171.0 Waynewood
Pinecrest,Week5,Woodley,Week3,328.0 Pinecrest - 74.0 Woodley
Pinecrest,Week5,Overlee,Week2,275.0 Overlee - 127.0 Pinecrest
Pinecrest,Week2,Overlee,Week5,295.5 Overlee - 106.5 Pinecrest
Pinecrest,Week1,Overlee,Week5,308.0 Overlee - 94.0 Pinecrest
Pinewood Lake,Week3,Villa Aquatic,Week3,378.0 Villa Aquatic - 23.0 Pinewood Lake
Pinewood Lake,Week3,Village West,Week3,329.0 Village West - 68.0 Pinewood Lake
Pinewood Lake,Week4,Villa Aquatic,Week1,362.0 Villa Aquatic - 36.0 Pinewood Lake
Pinewood Lake,Week5,Villa Aquatic,Week5,367.0 Villa Aquatic - 35.0 Pinewood Lake
Pinecrest,Week5,Waynewood,Week4,263.0 Pinecrest - 139.0 Waynewood
Pinewood Lake,Week1,Rolling Valley,Week1,327.0 Rolling Valley - 69.0 Pinewood Lake
Pinewood Lake,Week3,Village West,Week1,324.0 Village West - 72.0 Pinewood Lake
Pinewood Lake,Week2,Rolling Valley,Week4,331.0 Rolling Valley - 68.0 Pinewood Lake
Pinecrest,Week1,Woodley,Week4,311.5 Pinecrest - 90.5 Woodley
Pinecrest,Week4,Overlee,Week5,292.0 Overlee - 110.0 Pinecrest
Pinecrest,Week1,Pinecrest,Week2,238.0 Pinecrest (PC2) - 164.0 Pinecrest (PC1)
Pinewood Lake,Week1,Village West,Week1,324.0 Village West - 72.0 Pinewood Lake
Pinewood Lake,Week1,Rolling Valley,Week4,339.0 Rolling Valley - 60.0 Pinewood Lake
Pinewood Lake,Week3,Villa Aquatic,Week4,368.0 Villa Aquatic - 33.0 Pinewood Lake
Pinewood Lake,Week2,Annandale,Week1,314.0 Annandale - 67.0 Pinewood Lake
Pinewood Lake,Week4,Villa Aquatic,Week2,356.0 Villa Aquatic - 42.0 Pinewood Lake
Pinewood Lake,Week2,Village West,Week3,322.0 Village West - 76.0 Pinewood Lake
Pinewood Lake,Week3,Rolling Hills,Week2,348.0 Rolling Hills - 46.0 Pinewood Lake
Pinecrest,Week4,Overlee,Week4,307.0 Overlee - 95.0 Pinecrest
Pinewood Lake,Week2,Annandale,Week4,327.0 Annandale - 64.0 Pinewood Lake
Pinecrest,Week3,Overlee,Week3,245.5 Overlee - 156.5 Pinecrest
Pinecrest,Week4,Overlee,Week3,239.0 Overlee - 163.0 Pinecrest
Pinewood Lake,Week1,Rolling Valley,Week2,339.0 Rolling Valley - 55.0 Pinewood Lake
Pinewood Lake,Week5,Rolling Valley,Week5,336.0 Rolling Valley - 65.0 Pinewood Lake
Pinewood Lake,Week1,Village West,Week2,342.0 Village West - 59.0 Pinewood Lake
Pinecrest,Week5,Orange Hunt,Week2,249.0 Pinecrest - 153.0 Orange Hunt
Pinewood Lake,Week3,Rolling Hills,Week5,346.0 Rolling Hills - 52.0 Pinewood Lake
Pinewood Lake,Week2,Rolling Hills,Week4,335.0 Rolling Hills - 60.0 Pinewood Lake
Pinewood Lake,Week1,Annandale,Week5,348.0 Annandale - 49.0 Pinewood Lake
Pinecrest,Week3,Woodley,Week5,323.5 Pinecrest - 78.5 Woodley
Pinewood Lake,Week1,Village West,Week5,330.0 Village West - 63.0 Pinewood Lake
Pinecrest,Week2,Overlee,Week4,318.0 Overlee - 84.0 Pinecrest
Pinecrest,Week2,Woodley,Week4,330.0 Pinecrest - 72.0 Woodley
Pinecrest,Week2,Woodley,Week3,342.0 Pinecrest - 60.0 Woodley
Pinewood Lake,Week2,Rolling Valley,Week1,324.0 Rolling Valley - 75.0 Pinewood Lake
Pinecrest,Week3,Overlee,Week2,268.0 Overlee - 134.0 Pinecrest
Pinecrest,Week4,Overlee,Week2,267.0 Overlee - 135.0 Pinecrest
Pinewood Lake,Week2,Rolling Valley,Week2,323.0 Rolling Valley - 69.0 Pinewood Lake
Pinecrest,Week3,Woodley,Week1,346.0 Pinecrest - 56.0 Woodley
Pinewood Lake,Week4,Villa Aquatic,Week4,359.0 Villa Aquatic - 42.0 Pinewood Lake
Pinewood Lake,Week4,Rolling Valley,Week4,337.0 Rolling Valley - 63.0 Pinewood Lake
Pinecrest,Week2,Overlee,Week2,267.3 Overlee - 134.7 Pinecrest
Pinewood Lake,Week5,Villa Aquatic,Week1,349.0 Villa Aquatic - 50.0 Pinewood Lake
Pinewood Lake,Week3,Annandale,Week1,317.0 Annandale - 61.0 Pinewood Lake
Pinewood Lake,Week5,Rolling Valley,Week2,322.0 Rolling Valley - 76.0 Pinewood Lake
Pinecrest,Week5,Overlee,Week1,270.0 Overlee - 132.0 Pinecrest
Pinecrest,Week3,Overlee,Week1,257.0 Overlee - 145.0 Pinecrest
Pinewood Lake,Week3,Virginia Hills,Week5,311.0 Virginia Hills - 74.0 Pinewood Lake
Pinewood Lake,Week4,Rolling Hills,Week5,338.0 Rolling Hills - 63.0 Pinewood Lake
Pinewood Lake,Week2,Village West,Week4,309.0 Village West - 83.0 Pinewood Lake
Pinecrest,Week1,Overlee,Week1,259.5 Overlee - 142.5 Pinecrest
Pinewood Lake,Week5,Virginia Hills,Week2,268.0 Virginia Hills - 110.0 Pinewood Lake
Pinecrest,Week3,Overlee,Week5,294.0 Overlee - 108.0 Pinecrest
Pinewood Lake,Week5,Rolling Hills,Week1,341.0 Rolling Hills - 58.0 Pinewood Lake
Pinewood Lake,Week3,Village West,Week5,319.0 Village West - 73.0 Pinewood Lake
Pinewood Lake,Week1,Annandale,Week2,342.0 Annandale - 57.0 Pinewood Lake
Pinecrest,Week5,Woodley,Week2,329.0 Pinecrest - 72.0 Woodley
Pinewood Lake,Week4,Villa Aquatic,Week3,373.0 Villa Aquatic - 28.0 Pinewood Lake
Pinewood Lake,Week4,Virginia Hills,Week4,286.0 Virginia Hills - 108.0 Pinewood Lake
Pinecrest,Week4,Woodley,Week1,336.0 Pinecrest - 66.0 Woodley
Pinewood Lake,Week1,Rolling Valley,Week5,343.0 Rolling Valley - 56.0 Pinewood Lake
Pinewood Lake,Week1,Annandale,Week4,332.0 Annandale - 63.0 Pinewood Lake
Pinewood Lake,Week4,Rolling Hills,Week2,347.0 Rolling Hills - 49.0 Pinewood Lake
Pinewood Lake,Week1,Annandale,Week3,347.0 Annandale - 44.0 Pinewood Lake
Pinewood Lake,Week1,Annandale,Week1,320.0 Annandale - 59.0 Pinewood Lake
Pinewood Lake,Week3,Rolling Valley,Week1,321.0 Rolling Valley - 78.0 Pinewood Lake
Pinecrest,Week5,Orange Hunt,Week4,251.0 Pinecrest - 146.0 Orange Hunt
Pinewood Lake,Week4,Village West,Week1,317.0 Village West - 79.0 Pinewood Lake
Pinecrest,Week3,Woodley,Week4,334.0 Pinecrest - 68.0 Woodley
Pinewood Lake,Week4,Rolling Hills,Week4,339.0 Rolling Hills - 58.0 Pinewood Lake
Pinewood Lake,Week3,Virginia Hills,Week4,299.0 Virginia Hills - 91.0 Pinewood Lake
Pinecrest,Week5,Orange Hunt,Week5,223.0 Pinecrest - 179.0 Orange Hunt
Pinecrest,Week3,Overlee,Week4,311.0 Overlee - 91.0 Pinecrest
Pinecrest,Week1,Overlee,Week2,284.0 Overlee - 118.0 Pinecrest
Pinewood Lake,Week3,Rolling Hills,Week1,349.0 Rolling Hills - 48.0 Pinewood Lake
Pinewood Lake,Week2,Annandale,Week2,334.0 Annandale - 65.0 Pinewood Lake
Pinewood Lake,Week3,Village West,Week2,334.0 Village West - 66.0 Pinewood Lake
Pinecrest,Week4,Woodley,Week2,337.0 Pinecrest - 65.0 Woodley
Pinewood Lake,Week3,Rolling Valley,Week2,333.0 Rolling Valley - 59.0 Pinewood Lake
Pinecrest,Week4,Overlee,Week1,255.0 Overlee - 147.0 Pinecrest
Pinewood Lake,Week2,Rolling Valley,Week3,315.0 Rolling Valley - 79.0 Pinewood Lake
Pinewood Lake,Week2,Rolling Valley,Week5,338.0 Rolling Valley - 63.0 Pinewood Lake
Pinecrest,Week5,Woodley,Week1,324.0 Pinecrest - 78.0 Woodley
Pinecrest,Week1,Overlee,Week4,325.0 Overlee - 77.0 Pinecrest
Pinewood Lake,Week5,Rolling Hills,Week3,335.0 Rolling Hills - 61.0 Pinewood Lake
Pinecrest,Week5,Orange Hunt,Week3,235.0 Pinecrest - 167.0 Orange Hunt
Pinecrest,Week2,Overlee,Week1,246.0 Overlee - 156.0 Pinecrest
Pinewood Lake,Week2,Virginia Hills,Week5,298.0 Virginia Hills - 88.0 Pinewood Lake
Pinecrest,Week2,Woodley,Week5,324.0 Pinecrest - 78.0 Woodley
Pinecrest,Week4,Woodley,Week5,335.0 Pinecrest - 67.0 Woodley
Pinewood Lake,Week2,Virginia Hills,Week1,277.0 Virginia Hills - 108.0 Pinewood Lake
Pinecrest,Week2,Woodley,Week2,332.0 Pinecrest - 70.0 Woodley
Pinewood Lake,Week2,Virginia Hills,Week3,297.0 Virginia Hills - 99.0 Pinewood Lake
Pinecrest,Week1,Overlee,Week3,274.0 Overlee - 128.0 Pinecrest
Pinewood Lake,Week5,Rolling Hills,Week4,325.0 Rolling Hills - 73.0 Pinewood Lake
Pinecrest,Week2,Overlee,Week3,236.0 Overlee - 166.0 Pinecrest
Pinewood Lake,Week4,Village West,Week4,322.0 Village West - 68.0 Pinewood Lake
Pinewood Lake,Week3,Rolling Valley,Week3,324.0 Rolling Valley - 69.0 Pinewood Lake
Pinewood Lake,Week5,Village West,Week4,314.0 Village West - 76.0 Pinewood Lake
Pinecrest,Week2,Woodley,Week1,325.0 Pinecrest - 77.0 Woodley
Pinewood Lake,Week1,Virginia Hills,Week3,305.0 Virginia Hills - 89.0 Pinewood Lake
Pinecrest,Week3,Woodley,Week2,339.0 Pinecrest - 63.0 Woodley
Pinewood Lake,Week4,Rolling Valley,Week2,332.0 Rolling Valley - 60.0 Pinewood Lake
Pinecrest,Week5,Woodley,Week4,326.0 Pinecrest - 71.0 Woodley
Pinewood Lake,Week4,Rolling Valley,Week3,320.0 Rolling Valley - 74.0 Pinewood Lake
Pinewood Lake,Week3,Rolling Valley,Week5,347.0 Rolling Valley - 54.0 Pinewood Lake
Pinewood Lake,Week4,Village West,Week5,319.0 Village West - 74.0 Pinewood Lake
Pinecrest,Week4,Woodley,Week4,331.0 Pinecrest - 71.0 Woodley
Pinewood Lake,Week5,Village West,Week2,333.0 Village West - 67.0 Pinewood Lake
Pinewood Lake,Week2,Virginia Hills,Week4,285.0 Virginia Hills - 108.0 Pinewood Lake
Pinewood Lake,Week1,Virginia Hills,Week1,295.0 Virginia Hills - 87.0 Pinewood Lake
Pinewood Lake,Week4,Rolling Valley,Week1,312.0 Rolling Valley - 84.0 Pinewood Lake
Pinecrest,Week4,Woodley,Week3,332.0 Pinecrest - 70.0 Woodley
Pinewood Lake,Week3,Rolling Valley,Week4,335.0 Rolling Valley - 64.0 Pinewood Lake
Pinewood Lake,Week3,Virginia Hills,Week3,310.0 Virginia Hills - 83.0 Pinewood Lake
Pinewood Lake,Week3,Virginia Hills,Week2,278.0 Virginia Hills - 87.0 Pinewood Lake
Pinewood Lake,Week2,Rutherford,Week2,335.0 Rutherford - 61.0 Pinewood Lake
Pinewood Lake,Week3,Annandale,Week4,337.0 Annandale - 54.0 Pinewood Lake
Pinewood Lake,Week2,Annandale,Week3,339.0 Annandale - 52.0 Pinewood Lake
Pinewood Lake,Week2,Annandale,Week5,335.0 Annandale - 60.0 Pinewood Lake
Pinewood Lake,Week1,Arlington Forest,Week5,360.0 Arlington Forest - 36.0 Pinewood Lake
Pinewood Lake,Week4,Rolling Valley,Week5,345.0 Rolling Valley - 56.0 Pinewood Lake
Pinewood Lake,Week4,Virginia Hills,Week2,269.0 Virginia Hills - 104.0 Pinewood Lake
Pinewood Lake,Week1,Virginia Hills,Week5,320.0 Virginia Hills - 62.0 Pinewood Lake
Pinewood Lake,Week5,Annandale,Week2,327.0 Annandale - 74.0 Pinewood Lake
Pinewood Lake,Week5,Rolling Valley,Week1,300.0 Rolling Valley - 97.0 Pinewood Lake
Pinecrest,Week5,Woodley,Week5,319.0 Pinecrest - 82.0 Woodley
Pinewood Lake,Week3,Annandale,Week2,344.0 Annandale - 55.0 Pinewood Lake
Pinewood Lake,Week5,Rolling Valley,Week3,311.0 Rolling Valley - 86.0 Pinewood Lake
Pinewood Lake,Week3,Rutherford,Week1,334.0 Rutherford - 57.0 Pinewood Lake
Pinewood Lake,Week5,Village West,Week3,329.0 Village West - 71.0 Pinewood Lake
Pinewood Lake,Week4,Village West,Week3,325.0 Village West - 73.0 Pinewood Lake
Pinewood Lake,Week4,Virginia Hills,Week3,297.0 Virginia Hills - 99.0 Pinewood Lake
Pinewood Lake,Week3,Virginia Hills,Week1,283.0 Virginia Hills - 95.0 Pinewood Lake
Pinewood Lake,Week1,Virginia Hills,Week2,276.0 Virginia Hills - 91.0 Pinewood Lake
Pinewood Lake,Week1,Rutherford,Week1,333.0 Rutherford - 54.0 Pinewood Lake
Pinewood Lake,Week4,Annandale,Week1,313.0 Annandale - 65.0 Pinewood Lake
Pinewood Lake,Week5,Annandale,Week5,330.0 Annandale - 67.0 Pinewood Lake
Pinewood Lake,Week4,Annandale,Week2,335.0 Annandale - 65.0 Pinewood Lake
Pinewood Lake,Week1,Rutherford,Week4,350.0 Rutherford - 40.0 Pinewood Lake
Pinewood Lake,Week3,Rutherford,Week2,338.0 Rutherford - 58.0 Pinewood Lake
Pinewood Lake,Week3,Annandale,Week3,347.0 Annandale - 49.0 Pinewood Lake
Pinewood Lake,Week5,Village West,Week1,315.0 Village West - 83.0 Pinewood Lake
Pinewood Lake,Week5,Rolling Valley,Week4,330.0 Rolling Valley - 71.0 Pinewood Lake
Pinewood Lake,Week1,Rutherford,Week5,349.0 Rutherford - 43.0 Pinewood Lake
Pinewood Lake,Week4,Annandale,Week4,328.0 Annandale - 65.0 Pinewood Lake
Pinewood Lake,Week2,Arlington Forest,Week4,374.0 Arlington Forest - 26.0 Pinewood Lake
Pinewood Lake,Week2,Rutherford,Week3,337.0 Rutherford - 58.0 Pinewood Lake
Pinewood Lake,Week1,Arlington Forest,Week1,373.0 Arlington Forest - 24.0 Pinewood Lake
Pinewood Lake,Week3,Rutherford,Week4,342.0 Rutherford - 51.0 Pinewood Lake
Pinewood Lake,Week2,Virginia Hills,Week2,265.0 Virginia Hills - 107.0 Pinewood Lake
Pinewood Lake,Week2,Arlington Forest,Week5,359.0 Arlington Forest - 37.0 Pinewood Lake
Pinewood Lake,Week4,Virginia Hills,Week1,280.0 Virginia Hills - 97.0 Pinewood Lake
Pinewood Lake,Week5,Annandale,Week3,326.0 Annandale - 70.0 Pinewood Lake
Pinewood Lake,Week5,Virginia Run,Week4,365.0 Virginia Run - 36.0 Pinewood Lake
Pinewood Lake,Week2,Rutherford,Week5,343.0 Rutherford - 55.0 Pinewood Lake
Pinewood Lake,Week1,Arlington Forest,Week2,365.0 Arlington Forest - 29.0 Pinewood Lake
Pinewood Lake,Week1,Rutherford,Week3,343.0 Rutherford - 48.0 Pinewood Lake
Pinewood Lake,Week2,Arlington Forest,Week3,364.0 Arlington Forest - 38.0 Pinewood Lake
Pinewood Lake,Week4,Virginia Hills,Week5,303.0 Virginia Hills - 84.0 Pinewood Lake
Pinewood Lake,Week1,Virginia Hills,Week4,302.0 Virginia Hills - 88.0 Pinewood Lake
Pinewood Lake,Week2,Rutherford,Week4,336.0 Rutherford - 58.0 Pinewood Lake
Pinewood Lake,Week2,Arlington Forest,Week1,370.0 Arlington Forest - 27.0 Pinewood Lake
Pinewood Lake,Week2,Rutherford,Week1,327.0 Rutherford - 65.0 Pinewood Lake
Pinewood Lake,Week5,Village West,Week5,315.0 Village West - 78.0 Pinewood Lake
Pinewood Lake,Week5,Virginia Hills,Week3,300.0 Virginia Hills - 97.0 Pinewood Lake
Pinewood Lake,Week1,Virginia Run,Week3,363.0 Virginia Run - 37.0 Pinewood Lake
Pinewood Lake,Week5,Virginia Hills,Week1,273.0 Virginia Hills - 111.0 Pinewood Lake
Pinewood Lake,Week3,Rutherford,Week3,344.0 Rutherford - 50.0 Pinewood Lake
Pinewood Lake,Week5,Annandale,Week1,306.0 Annandale - 84.0 Pinewood Lake
Pinewood Lake,Week4,Annandale,Week3,335.0 Annandale - 61.0 Pinewood Lake
Pinewood Lake,Week3,Rutherford,Week5,341.0 Rutherford - 57.0 Pinewood Lake
Pinewood Lake,Week3,Annandale,Week5,344.0 Annandale - 50.0 Pinewood Lake
Pinewood Lake,Week4,Rutherford,Week1,318.0 Rutherford - 76.0 Pinewood Lake
Pinewood Lake,Week1,Rutherford,Week2,342.0 Rutherford - 54.0 Pinewood Lake
Pinewood Lake,Week5,Virginia Hills,Week5,300.0 Virginia Hills - 94.0 Pinewood Lake
Pinewood Lake,Week4,Virginia Run,Week1,379.0 Virginia Run - 23.0 Pinewood Lake
Pinewood Lake,Week3,Virginia Run,Week3,377.0 Virginia Run - 23.0 Pinewood Lake
Pinewood Lake,Week5,Rutherford,Week2,328.0 Rutherford - 69.0 Pinewood Lake
Pinewood Lake,Week2,Virginia Run,Week1,378.5 Virginia Run - 23.5 Pinewood Lake
Pinewood Lake,Week3,Virginia Run,Week5,389.0 Virginia Run - 13.0 Pinewood Lake
Pinewood Lake,Week1,Virginia Run,Week4,369.0 Virginia Run - 33.0 Pinewood Lake
Pinewood Lake,Week4,Shouse Village,Week2,342.0 Shouse Village - 55.0 Pinewood Lake
Pinewood Lake,Week1,Virginia Run,Week5,371.0 Virginia Run - 31.0 Pinewood Lake
Pinewood Lake,Week1,Arlington Forest,Week3,366.0 Arlington Forest - 35.0 Pinewood Lake
Pinewood Lake,Week1,Arlington Forest,Week4,376.0 Arlington Forest - 23.0 Pinewood Lake
Pinewood Lake,Week4,Rutherford,Week4,336.0 Rutherford - 61.0 Pinewood Lake
Pinewood Lake,Week4,Virginia Run,Week4,378.0 Virginia Run - 23.0 Pinewood Lake
Pinewood Lake,Week5,Virginia Run,Week1,364.0 Virginia Run - 38.0 Pinewood Lake
Pinewood Lake,Week2,Shouse Village,Week3,350.0 Shouse Village - 51.0 Pinewood Lake
Pinewood Lake,Week5,Rutherford,Week1,310.0 Rutherford - 84.0 Pinewood Lake
Pinewood Lake,Week5,Annandale,Week4,319.0 Annandale - 76.0 Pinewood Lake
Pinewood Lake,Week3,Shouse Village,Week4,361.0 Shouse Village - 36.0 Pinewood Lake
Pinewood Lake,Week4,Rutherford,Week5,330.0 Rutherford - 67.0 Pinewood Lake
Pinewood Lake,Week1,Shouse Village,Week1,350.0 Shouse Village - 45.0 Pinewood Lake
Pinewood Lake,Week2,Arlington Forest,Week2,365.0 Arlington Forest - 32.0 Pinewood Lake
Pinewood Lake,Week2,Virginia Run,Week5,383.0 Virginia Run - 19.0 Pinewood Lake
Pinewood Lake,Week1,Virginia Run,Week2,361.0 Virginia Run - 36.0 Pinewood Lake
Pinewood Lake,Week5,Rutherford,Week3,326.0 Rutherford - 73.0 Pinewood Lake
Pinewood Lake,Week4,Virginia Run,Week3,375.0 Virginia Run - 25.0 Pinewood Lake
Pinewood Lake,Week1,Shouse Village,Week2,354.0 Shouse Village - 41.0 Pinewood Lake
Pinewood Lake,Week2,Virginia Run,Week3,371.0 Virginia Run - 29.0 Pinewood Lake
Pinewood Lake,Week2,Virginia Run,Week2,364.0 Virginia Run - 38.0 Pinewood Lake
Pinewood Lake,Week4,Rutherford,Week2,333.0 Rutherford - 62.0 Pinewood Lake
Pinewood Lake,Week5,Rutherford,Week4,328.0 Rutherford - 70.0 Pinewood Lake
Pinewood Lake,Week3,Virginia Run,Week2,373.0 Virginia Run - 29.0 Pinewood Lake
Pinewood Lake,Week4,Annandale,Week5,335.0 Annandale - 60.0 Pinewood Lake
Pinewood Lake,Week3,Virginia Run,Week1,381.0 Virginia Run - 21.0 Pinewood Lake
Pinewood Lake,Week5,Shouse Village,Week3,349.0 Shouse Village - 53.0 Pinewood Lake
Pinewood Lake,Week4,Rutherford,Week3,332.0 Rutherford - 63.0 Pinewood Lake
Pinewood Lake,Week2,Shouse Village,Week1,347.0 Shouse Village - 49.0 Pinewood Lake
Pinewood Lake,Week1,Wakefield Chapel,Week1,383.0 Wakefield Chapel - 19.0 Pinewood Lake
Pinewood Lake,Week2,Shouse Village,Week2,349.0 Shouse Village - 47.0 Pinewood Lake
Pinewood Lake,Week1,Shouse Village,Week3,365.0 Shouse Village - 36.0 Pinewood Lake
Pinewood Lake,Week1,Wakefield Chapel,Week5,391.0 Wakefield Chapel - 10.0 Pinewood Lake
Pinewood Lake,Week3,Shouse Village,Week3,362.0 Shouse Village - 39.0 Pinewood Lake
Pinewood Lake,Week2,Shouse Village,Week4,350.0 Shouse Village - 47.0 Pinewood Lake
Pinewood Lake,Week1,Shouse Village,Week5,355.0 Shouse Village - 44.0 Pinewood Lake
Pinewood Lake,Week5,Shouse Village,Week1,336.0 Shouse Village - 63.0 Pinewood Lake
Pinewood Lake,Week4,Shouse Village,Week4,352.5 Shouse Village - 44.5 Pinewood Lake
Pinewood Lake,Week5,Virginia Hills,Week4,292.0 Virginia Hills - 104.0 Pinewood Lake
Pinewood Lake,Week3,Shouse Village,Week1,351.0 Shouse Village - 46.0 Pinewood Lake
Pinewood Lake,Week5,Virginia Run,Week3,362.0 Virginia Run - 38.0 Pinewood Lake
Pinewood Lake,Week2,Wakefield Chapel,Week1,390.0 Wakefield Chapel - 7.0 Pinewood Lake
Pinewood Lake,Week1,Shouse Village,Week4,355.0 Shouse Village - 42.0 Pinewood Lake
Pinewood Lake,Week4,Shouse Village,Week1,343.0 Shouse Village - 52.0 Pinewood Lake
Pinewood Lake,Week1,Wakefield Chapel,Week2,383.0 Wakefield Chapel - 17.0 Pinewood Lake
Pinewood Lake,Week3,Wakefield Chapel,Week4,386.0 Wakefield Chapel - 15.0 Pinewood Lake
Pinewood Lake,Week2,Virginia Run,Week4,377.0 Virginia Run - 24.0 Pinewood Lake
Pinewood Lake,Week5,Rutherford,Week5,328.0 Rutherford - 71.0 Pinewood Lake
Pinewood Lake,Week2,Wakefield Chapel,Week3,383.0 Wakefield Chapel - 14.0 Pinewood Lake
Pinewood Lake,Week1,Wakefield Chapel,Week4,388.0 Wakefield Chapel - 13.0 Pinewood Lake
Pinewood Lake,Week2,Sideburn Run,Week2,356.0 Sideburn Run - 42.0 Pinewood Lake
Pinewood Lake,Week4,Shouse Village,Week3,356.0 Shouse Village - 46.0 Pinewood Lake
Pinewood Lake,Week1,Wakefield Chapel,Week3,388.0 Wakefield Chapel - 9.0 Pinewood Lake
Pinewood Lake,Week4,Virginia Run,Week5,389.0 Virginia Run - 13.0 Pinewood Lake
Pinewood Lake,Week3,Virginia Run,Week4,383.5 Virginia Run - 17.5 Pinewood Lake
Pinewood Lake,Week3,Shouse Village,Week2,352.0 Shouse Village - 43.0 Pinewood Lake
Pinewood Lake,Week3,Shouse Village,Week5,353.0 Shouse Village - 45.0 Pinewood Lake
Pinewood Lake,Week1,Virginia Run,Week1,371.0 Virginia Run - 30.0 Pinewood Lake
Pinewood Lake,Week5,Virginia Run,Week5,374.0 Virginia Run - 28.0 Pinewood Lake
Pinewood Lake,Week5,Shouse Village,Week2,338.0 Shouse Village - 59.0 Pinewood Lake
Pinewood Lake,Week5,Virginia Run,Week2,356.0 Virginia Run - 46.0 Pinewood Lake
Pinewood Lake,Week4,Virginia Run,Week2,359.0 Virginia Run - 43.0 Pinewood Lake
Pinewood Lake,Week2,Shouse Village,Week5,353.0 Shouse Village - 47.0 Pinewood Lake
Pinewood Lake,Week5,Wakefield Chapel,Week4,385.0 Wakefield Chapel - 16.0 Pinewood Lake
Pinewood Lake,Week1,Walden Glen,Week4,338.0 Walden Glen - 48.0 Pinewood Lake
Pinewood Lake,Week4,Sideburn Run,Week4,371.0 Sideburn Run - 29.0 Pinewood Lake
Pinewood Lake,Week4,Wakefield Chapel,Week1,390.0 Wakefield Chapel - 12.0 Pinewood Lake
Pinewood Lake,Week3,Wakefield Chapel,Week3,385.0 Wakefield Chapel - 12.0 Pinewood Lake
Pinewood Lake,Week1,Sideburn Run,Week2,359.0 Sideburn Run - 41.0 Pinewood Lake
Pinewood Lake,Week5,Wakefield Chapel,Week3,381.0 Wakefield Chapel - 16.0 Pinewood Lake
Pinewood Lake,Week4,Shouse Village,Week5,349.0 Shouse Village - 52.0 Pinewood Lake
Pinewood Lake,Week1,Walden Glen,Week2,330.0 Walden Glen - 49.0 Pinewood Lake
Pinewood Lake,Week1,Walden Glen,Week1,324.0 Walden Glen - 60.0 Pinewood Lake
Pinewood Lake,Week1,Sideburn Run,Week3,364.0 Sideburn Run - 37.0 Pinewood Lake
Pinewood Lake,Week5,Shouse Village,Week5,347.0 Shouse Village - 54.0 Pinewood Lake
Pinewood Lake,Week1,Sleepy Hollow B & R,Week1,367.0 Sleepy Hollow B & R - 32.0 Pinewood Lake
Pinewood Lake,Week2,Walden Glen,Week2,328.0 Walden Glen - 53.0 Pinewood Lake
Pinewood Lake,Week3,Wakefield Chapel,Week1,388.0 Wakefield Chapel - 14.0 Pinewood Lake
Pinewood Lake,Week5,Walden Glen,Week3,336.0 Walden Glen - 58.0 Pinewood Lake
Pinewood Lake,Week3,Wakefield Chapel,Week2,387.0 Wakefield Chapel - 14.0 Pinewood Lake
Pinewood Lake,Week1,Orange Hunt,Week2,366.0 Orange Hunt - 33.0 Pinewood Lake
Pinewood Lake,Week2,Sideburn Run,Week1,348.0 Sideburn Run - 46.0 Pinewood Lake
Pinewood Lake,Week1,Walden Glen,Week5,350.0 Walden Glen - 46.0 Pinewood Lake
Pinewood Lake,Week2,Sleepy Hollow B & R,Week1,368.0 Sleepy Hollow B & R - 29.0 Pinewood Lake
Pinewood Lake,Week5,Wakefield Chapel,Week5,390.0 Wakefield Chapel - 11.0 Pinewood Lake
Pinewood Lake,Week4,Walden Glen,Week2,323.0 Walden Glen - 64.0 Pinewood Lake
Pinewood Lake,Week1,Sleepy Hollow B & R,Week3,372.0 Sleepy Hollow B & R - 24.0 Pinewood Lake
Pinewood Lake,Week3,Sideburn Run,Week5,374.0 Sideburn Run - 28.0 Pinewood Lake
Pinewood Lake,Week4,Wakefield Chapel,Week5,390.0 Wakefield Chapel - 11.0 Pinewood Lake
Pinewood Lake,Week2,Wakefield Chapel,Week5,391.0 Wakefield Chapel - 10.0 Pinewood Lake
Pinewood Lake,Week1,Sideburn Run,Week4,356.0 Sideburn Run - 45.0 Pinewood Lake
Pinewood Lake,Week1,Sideburn Run,Week1,345.0 Sideburn Run - 52.0 Pinewood Lake
Pinewood Lake,Week5,Sideburn Run,Week2,361.0 Sideburn Run - 39.0 Pinewood Lake
Pinewood Lake,Week1,Sideburn Run,Week5,361.0 Sideburn Run - 40.0 Pinewood Lake
Pinewood Lake,Week5,Shouse Village,Week4,351.0 Shouse Village - 46.0 Pinewood Lake
Pinecrest,Week4,Springfield,Week5,387.0 Pinecrest - 15.0 Springfield
Pinewood Lake,Week4,Wakefield Chapel,Week4,386.0 Wakefield Chapel - 15.0 Pinewood Lake
Pinewood Lake,Week3,Sideburn Run,Week3,370.0 Sideburn Run - 31.0 Pinewood Lake
Pinewood Lake,Week5,Sideburn Run,Week4,361.0 Sideburn Run - 39.0 Pinewood Lake
Pinewood Lake,Week4,Walden Glen,Week5,349.0 Walden Glen - 47.0 Pinewood Lake
Pinewood Lake,Week2,Sideburn Run,Week5,363.0 Sideburn Run - 39.0 Pinewood Lake
Pinecrest,Week5,Springfield,Week5,379.0 Pinecrest - 21.0 Springfield
Pinewood Lake,Week1,Orange Hunt,Week4,362.0 Orange Hunt - 31.0 Pinewood Lake
Pinewood Lake,Week5,Sideburn Run,Week1,349.0 Sideburn Run - 49.0 Pinewood Lake
Pinewood Lake,Week3,Wakefield Chapel,Week5,390.0 Wakefield Chapel - 11.0 Pinewood Lake
Pinewood Lake,Week3,Old Keene Mill,Week4,339.0 Old Keene Mill - 60.0 Pinewood Lake
Pinewood Lake,Week2,Orange Hunt,Week2,373.0 Orange Hunt - 25.0 Pinewood Lake
Pinewood Lake,Week5,Old Keene Mill,Week3,324.0 Old Keene Mill - 76.0 Pinewood Lake
Pinewood Lake,Week3,Old Keene Mill,Week5,344.0 Old Keene Mill - 54.0 Pinewood Lake
Pinewood Lake,Week4,Wakefield Chapel,Week2,388.0 Wakefield Chapel - 13.0 Pinewood Lake
Pinecrest,Week4,Springfield,Week2,380.0 Pinecrest - 22.0 Springfield
Pinewood Lake,Week4,Old Keene Mill,Week4,324.0 Old Keene Mill - 74.0 Pinewood Lake
Pinewood Lake,Week2,Sideburn Run,Week3,366.0 Sideburn Run - 35.0 Pinewood Lake
Pinewood Lake,Week2,Wakefield Chapel,Week2,384.0 Wakefield Chapel - 17.0 Pinewood Lake
Pinewood Lake,Week4,Sideburn Run,Week5,372.0 Sideburn Run - 29.0 Pinewood Lake
Pinewood Lake,Week2,Wakefield Chapel,Week4,385.0 Wakefield Chapel - 16.0 Pinewood Lake
Pinewood Lake,Week4,Orange Hunt,Week3,364.0 Orange Hunt - 35.0 Pinewood Lake
Pinewood Lake,Week2,Walden Glen,Week4,338.0 Walden Glen - 49.0 Pinewood Lake
Pinewood Lake,Week1,Orange Hunt,Week1,368.0 Orange Hunt - 32.0 Pinewood Lake
Pinewood Lake,Week1,Sleepy Hollow B & R,Week5,369.0 Sleepy Hollow B & R - 24.0 Pinewood Lake
Pinewood Lake,Week1,Walden Glen,Week3,347.0 Walden Glen - 45.0 Pinewood Lake
Pinewood Lake,Week2,Sleepy Hollow B & R,Week2,372.0 Sleepy Hollow B & R - 25.0 Pinewood Lake
Pinewood Lake,Week3,Orange Hunt,Week1,368.0 Orange Hunt - 32.0 Pinewood Lake
Pinewood Lake,Week4,Sideburn Run,Week1,355.0 Sideburn Run - 43.0 Pinewood Lake
Pinewood Lake,Week2,Sideburn Run,Week4,361.0 Sideburn Run - 39.0 Pinewood Lake
Pinewood Lake,Week4,Wakefield Chapel,Week3,382.0 Wakefield Chapel - 15.0 Pinewood Lake
Pinewood Lake,Week3,Orange Hunt,Week3,378.0 Orange Hunt - 21.0 Pinewood Lake
Pinecrest,Week2,Springfield,Week2,368.0 Pinecrest - 33.0 Springfield
Pinecrest,Week3,Orange Hunt,Week3,243.0 Pinecrest - 159.0 Orange Hunt
Pinewood Lake,Week5,Sideburn Run,Week5,364.0 Sideburn Run - 37.0 Pinewood Lake
Pinecrest,Week1,Orange Hunt,Week3,227.0 Pinecrest - 175.0 Orange Hunt
Pinewood Lake,Week5,Wakefield Chapel,Week1,383.0 Wakefield Chapel - 19.0 Pinewood Lake
Pinecrest,Week4,Orange Hunt,Week3,234.0 Pinecrest - 168.0 Orange Hunt
Pinecrest,Week5,Springfield,Week1,370.0 Pinecrest - 30.0 Springfield
Pinewood Lake,Week4,Old Keene Mill,Week1,318.0 Old Keene Mill - 74.0 Pinewood Lake
Pinecrest,Week4,Springfield,Week4,374.0 Pinecrest - 28.0 Springfield
Pinewood Lake,Week4,Sideburn Run,Week3,370.0 Sideburn Run - 31.0 Pinewood Lake
Pinewood Lake,Week2,Walden Glen,Week5,351.0 Walden Glen - 46.0 Pinewood Lake
Pinewood Lake,Week2,Orange Hunt,Week4,361.0 Orange Hunt - 32.0 Pinewood Lake
Pinecrest,Week3,Stratford,Week4,322.0 Pinecrest - 80.0 Stratford
Pinewood Lake,Week3,Orange Hunt,Week4,365.0 Orange Hunt - 28.0 Pinewood Lake
Pinewood Lake,Week1,Sleepy Hollow B & R,Week2,368.0 Sleepy Hollow B & R - 32.0 Pinewood Lake
Pinewood Lake,Week3,Sleepy Hollow B & R,Week1,369.0 Sleepy Hollow B & R - 28.0 Pinewood Lake
Pinewood Lake,Week2,Walden Glen,Week1,322.0 Walden Glen - 63.0 Pinewood Lake
Pinewood Lake,Week3,Walden Glen,Week3,342.0 Walden Glen - 51.0 Pinewood Lake
Pinewood Lake,Week2,Sleepy Hollow B & R,Week5,383.0 Sleepy Hollow B & R - 13.0 Pinewood Lake
Pinecrest,Week3,Springfield,Week3,374.0 Pinecrest - 28.0 Springfield
Pinecrest,Week4,Stratford,Week2,330.0 Pinecrest - 72.0 Stratford
Pinewood Lake,Week3,Walden Glen,Week1,332.0 Walden Glen - 58.0 Pinewood Lake
Pinecrest,Week3,Orange Hunt,Week5,236.0 Pinecrest - 166.0 Orange Hunt
Pinecrest,Week1,Orange Hunt,Week2,238.0 Pinecrest - 164.0 Orange Hunt
Pinewood Lake,Week1,Orange Hunt,Week5,359.0 Orange Hunt - 33.0 Pinewood Lake
Pinewood Lake,Week2,Walden Glen,Week3,337.0 Walden Glen - 56.0 Pinewood Lake
Pinewood Lake,Week4,Old Keene Mill,Week2,331.0 Old Keene Mill - 67.0 Pinewood Lake
Pinewood Lake,Week4,Orange Hunt,Week1,356.0 Orange Hunt - 45.0 Pinewood Lake
Pinewood Lake,Week2,Sleepy Hollow B & R,Week4,373.0 Sleepy Hollow B & R - 28.0 Pinewood Lake
Pinecrest,Week3,Springfield,Week5,383.0 Pinecrest - 19.0 Springfield
Pinewood Lake,Week5,Sideburn Run,Week3,362.0 Sideburn Run - 39.0 Pinewood Lake
Pinewood Lake,Week3,Orange Hunt,Week5,369.0 Orange Hunt - 24.0 Pinewood Lake
Pinewood Lake,Week3,Walden Glen,Week5,357.0 Walden Glen - 40.0 Pinewood Lake
Pinecrest,Week3,Springfield,Week1,379.0 Pinecrest - 23.0 Springfield
Pinewood Lake,Week5,Wakefield Chapel,Week2,376.0 Wakefield Chapel - 25.0 Pinewood Lake
Pinewood Lake,Week3,Walden Glen,Week2,335.0 Walden Glen - 51.0 Pinewood Lake
Pinewood Lake,Week2,Orange Hunt,Week3,374.0 Orange Hunt - 25.0 Pinewood Lake
Pinewood Lake,Week2,Sleepy Hollow Rec,Week3,351.0 Sleepy Hollow Rec - 48.0 Pinewood Lake
Pinecrest,Week4,Springfield,Week3,378.0 Pinecrest - 24.0 Springfield
Pinewood Lake,Week4,Orange Hunt,Week2,359.0 Orange Hunt - 39.0 Pinewood Lake
Pinewood Lake,Week3,Sideburn Run,Week4,367.0 Sideburn Run - 33.0 Pinewood Lake
Pinecrest,Week3,Orange Hunt,Week1,257.0 Pinecrest - 145.0 Orange Hunt
Pinecrest,Week2,Springfield,Week4,372.0 Pinecrest - 29.0 Springfield
Pinewood Lake,Week5,Old Keene Mill,Week2,325.0 Old Keene Mill - 74.0 Pinewood Lake
Pinewood Lake,Week5,Walden Glen,Week1,320.0 Walden Glen - 75.0 Pinewood Lake
Pinecrest,Week1,Orange Hunt,Week5,220.0 Pinecrest - 182.0 Orange Hunt
Pinecrest,Week2,Orange Hunt,Week2,256.0 Pinecrest - 146.0 Orange Hunt
Pinewood Lake,Week2,Orange Hunt,Week5,360.0 Orange Hunt - 33.0 Pinewood Lake
Pinewood Lake,Week1,Sleepy Hollow B & R,Week4,370.0 Sleepy Hollow B & R - 31.0 Pinewood Lake
Pinewood Lake,Week3,Sideburn Run,Week2,365.0 Sideburn Run - 33.0 Pinewood Lake
Pinecrest,Week5,Springfield,Week3,369.0 Pinecrest - 23.0 Springfield
Pinecrest,Week3,Springfield,Week2,374.0 Pinecrest - 28.0 Springfield
Pinewood Lake,Week4,Walden Glen,Week3,338.0 Walden Glen - 55.0 Pinewood Lake
Pinewood Lake,Week5,Walden Glen,Week2,327.0 Walden Glen - 60.0 Pinewood Lake
Pinecrest,Week3,Springfield,Week4,374.0 Pinecrest - 28.0 Springfield
Pinewood Lake,Week3,Walden Glen,Week4,341.5 Walden Glen - 50.5 Pinewood Lake
Pinecrest,Week5,Springfield,Week2,375.0 Pinecrest - 25.0 Springfield
Pinewood Lake,Week4,Sideburn Run,Week2,364.0 Sideburn Run - 34.0 Pinewood Lake
Pinewood Lake,Week4,Walden Glen,Week1,315.0 Walden Glen - 80.0 Pinewood Lake
Pinewood Lake,Week3,Sideburn Run,Week1,358.0 Sideburn Run - 39.0 Pinewood Lake
Pinewood Lake,Week4,Old Keene Mill,Week3,330.0 Old Keene Mill - 69.0 Pinewood Lake
Pinewood Lake,Week5,Old Keene Mill,Week5,328.0 Old Keene Mill - 73.0 Pinewood Lake
Pinewood Lake,Week4,Old Keene Mill,Week5,337.0 Old Keene Mill - 63.0 Pinewood Lake
Pinecrest,Week1,Stratford,Week4,304.0 Pinecrest - 98.0 Stratford
Pinecrest,Week4,Orange Hunt,Week2,248.0 Pinecrest - 154.0 Orange Hunt
Pinewood Lake,Week4,Walden Glen,Week4,331.0 Walden Glen - 61.0 Pinewood Lake
Pinewood Lake,Week5,Old Keene Mill,Week4,318.0 Old Keene Mill - 81.0 Pinewood Lake
Pinewood Lake,Week2,Sleepy Hollow B & R,Week3,378.0 Sleepy Hollow B & R - 21.0 Pinewood Lake
Pinewood Lake,Week1,Waynewood,Week2,372.0 Waynewood - 26.0 Pinewood Lake
Pinewood Lake,Week2,Waynewood,Week5,377.0 Waynewood - 25.0 Pinewood Lake
Pinewood Lake,Week5,Orange Hunt,Week1,352.0 Orange Hunt - 49.0 Pinewood Lake
Pinewood Lake,Week5,Old Keene Mill,Week1,318.0 Old Keene Mill - 77.0 Pinewood Lake
Pinewood Lake,Week3,Sleepy Hollow B & R,Week4,378.0 Sleepy Hollow B & R - 23.0 Pinewood Lake
Pinecrest,Week2,Orange Hunt,Week3,250.0 Pinecrest - 152.0 Orange Hunt
Pinecrest,Week2,Orange Hunt,Week5,235.0 Pinecrest - 167.0 Orange Hunt
Pinewood Lake,Week4,Sleepy Hollow B & R,Week3,382.0 Sleepy Hollow B & R - 17.0 Pinewood Lake
Pinewood Lake,Week5,Walden Glen,Week4,325.0 Walden Glen - 67.0 Pinewood Lake
Pinecrest,Week2,Stratford,Week1,329.0 Pinecrest - 73.0 Stratford
Pinecrest,Week2,Stratford,Week3,330.0 Pinecrest - 72.0 Stratford
Pinewood Lake,Week2,Waynewood,Week4,372.0 Waynewood - 30.0 Pinewood Lake
Pinewood Lake,Week1,Orange Hunt,Week3,367.0 Orange Hunt - 32.0 Pinewood Lake
Pinecrest,Week2,Orange Hunt,Week1,251.0 Pinecrest - 151.0 Orange Hunt
Pinewood Lake,Week4,Sleepy Hollow B & R,Week5,382.0 Sleepy Hollow B & R - 14.0 Pinewood Lake
Pinecrest,Week2,Stratford,Week5,326.0 Pinecrest - 76.0 Stratford
Pinecrest,Week4,Springfield,Week1,380.0 Pinecrest - 22.0 Springfield
Pinewood Lake,Week1,Waynewood,Week5,374.5 Waynewood - 27.5 Pinewood Lake
Pinewood Lake,Week5,Sleepy Hollow B & R,Week1,353.0 Sleepy Hollow B & R - 47.0 Pinewood Lake
Pinewood Lake,Week2,Overlee,Week3,398.0 Overlee - 4.0 Pinewood Lake
Pinewood Lake,Week3,Orange Hunt,Week2,372.0 Orange Hunt - 26.0 Pinewood Lake
Pinecrest,Week1,Stratford,Week1,314.0 Pinecrest - 88.0 Stratford
Pinecrest,Week3,Orange Hunt,Week2,251.0 Pinecrest - 151.0 Orange Hunt
Pinewood Lake,Week2,Sleepy Hollow Rec,Week2,335.0 Sleepy Hollow Rec - 60.0 Pinewood Lake
Pinecrest,Week2,Springfield,Week5,381.0 Pinecrest - 20.0 Springfield
Pinewood Lake,Week3,Overlee,Week5,402.0 Overlee - 0.0 Pinewood Lake
Pinewood Lake,Week1,Waynewood,Week4,369.0 Waynewood - 32.0 Pinewood Lake
Pinewood Lake,Week1,Waynewood,Week1,366.0 Waynewood - 35.0 Pinewood Lake
Pinewood Lake,Week2,Orange Hunt,Week1,370.0 Orange Hunt - 30.0 Pinewood Lake
Pinecrest,Week2,Springfield,Week3,371.0 Pinecrest - 29.0 Springfield
Pinewood Lake,Week3,Sleepy Hollow Rec,Week5,348.0 Sleepy Hollow Rec - 47.0 Pinewood Lake
Pinewood Lake,Week3,Sleepy Hollow Rec,Week3,360.0 Sleepy Hollow Rec - 39.0 Pinewood Lake
Pinecrest,Week1,Orange Hunt,Week4,248.0 Pinecrest - 154.0 Orange Hunt
Pinewood Lake,Week4,Overlee,Week4,402.0 Overlee - 0.0 Pinewood Lake
Pinecrest,Week3,Stratford,Week1,339.0 Pinecrest - 63.0 Stratford
Pinewood Lake,Week5,Walden Glen,Week5,338.0 Walden Glen - 58.0 Pinewood Lake
Pinewood Lake,Week2,Waynewood,Week3,374.0 Waynewood - 27.0 Pinewood Lake
Pinecrest,Week1,Orange Hunt,Week1,230.0 Pinecrest - 172.0 Orange Hunt
Pinewood Lake,Week2,Waynewood,Week1,360.0 Waynewood - 41.0 Pinewood Lake
Pinewood Lake,Week5,Sleepy Hollow B & R,Week5,374.0 Sleepy Hollow B & R - 24.0 Pinewood Lake
Pinecrest,Week3,Orange Hunt,Week4,250.0 Pinecrest - 152.0 Orange Hunt
Pinewood Lake,Week1,Overlee,Week4,390.0 Overlee - 12.0 Pinewood Lake
Pinecrest,Week1,Stratford,Week2,307.0 Pinecrest - 95.0 Stratford
Pinewood Lake,Week1,Sleepy Hollow Rec,Week2,354.0 Sleepy Hollow Rec - 42.0 Pinewood Lake
Pinewood Lake,Week2,Waynewood,Week2,366.0 Waynewood - 32.0 Pinewood Lake
Pinewood Lake,Week4,Sleepy Hollow B & R,Week1,366.0 Sleepy Hollow B & R - 30.0 Pinewood Lake
Pinecrest,Week4,Orange Hunt,Week1,256.0 Pinecrest - 146.0 Orange Hunt
Pinecrest,Week2,Stratford,Week4,315.0 Pinecrest - 87.0 Stratford
Pinewood Lake,Week5,Orange Hunt,Week5,356.0 Orange Hunt - 38.0 Pinewood Lake
Pinecrest,Week2,Orange Hunt,Week4,255.0 Pinecrest - 147.0 Orange Hunt
Pinewood Lake,Week5,Overlee,Week4,401.0 Overlee - 1.0 Pinewood Lake
Pinecrest,Week5,Springfield,Week4,371.0 Pinecrest - 29.0 Springfield
Pinewood Lake,Week1,Sleepy Hollow Rec,Week4,352.0 Sleepy Hollow Rec - 43.0 Pinewood Lake
Pinewood Lake,Week3,Waynewood,Week2,374.0 Waynewood - 24.0 Pinewood Lake
Pinecrest,Week2,Stratford,Week2,328.0 Pinecrest - 74.0 Stratford
Pinewood Lake,Week5,Sleepy Hollow B & R,Week3,371.0 Sleepy Hollow B & R - 28.0 Pinewood Lake
Pinewood Lake,Week3,Sleepy Hollow B & R,Week5,384.0 Sleepy Hollow B & R - 12.0 Pinewood Lake
Pinewood Lake,Week3,Waynewood,Week4,377.0 Waynewood - 25.0 Pinewood Lake
Pinecrest,Week1,Stratford,Week3,317.0 Pinecrest - 85.0 Stratford
Pinewood Lake,Week3,Sleepy Hollow B & R,Week2,376.0 Sleepy Hollow B & R - 21.0 Pinewood Lake
Pinewood Lake,Week1,Waynewood,Week3,374.0 Waynewood - 27.0 Pinewood Lake
Pinewood Lake,Week1,Parklawn,Week1,290.0 Parklawn - 82.0 Pinewood Lake
Pinewood Lake,Week5,Overlee,Week2,397.0 Overlee - 5.0 Pinewood Lake
Pinecrest,Week3,Stratford,Week3,335.0 Pinecrest - 67.0 Stratford
Pinewood Lake,Week1,Parklawn,Week2,326.0 Parklawn - 64.0 Pinewood Lake
Pinewood Lake,Week1,Overlee,Week2,392.0 Overlee - 10.0 Pinewood Lake
Pinecrest,Week1,Stratford,Week5,323.0 Pinecrest - 79.0 Stratford
Pinewood Lake,Week3,Sleepy Hollow Rec,Week1,344.0 Sleepy Hollow Rec - 55.0 Pinewood Lake
Pinecrest,Week4,Stratford,Week1,340.0 Pinecrest - 62.0 Stratford
Pinewood Lake,Week1,Sleepy Hollow Rec,Week3,359.0 Sleepy Hollow Rec - 41.0 Pinewood Lake
Pinewood Lake,Week3,Waynewood,Week5,382.0 Waynewood - 20.0 Pinewood Lake
Pinewood Lake,Week4,Waynewood,Week1,366.0 Waynewood - 35.0 Pinewood Lake
Pinewood Lake,Week2,Overlee,Week4,402.0 Overlee - 0.0 Pinewood Lake
Pinewood Lake,Week5,Sleepy Hollow B & R,Week2,365.0 Sleepy Hollow B & R - 34.0 Pinewood Lake
Pinewood Lake,Week2,Sleepy Hollow Rec,Week1,334.0 Sleepy Hollow Rec - 66.0 Pinewood Lake
Pinewood Lake,Week3,Waynewood,Week1,369.0 Waynewood - 32.0 Pinewood Lake
Pinewood Lake,Week4,Waynewood,Week3,380.0 Waynewood - 21.0 Pinewood Lake
Pinewood Lake,Week3,Overlee,Week4,401.0 Overlee - 1.0 Pinewood Lake
Pinecrest,Week3,Sully Station,Week3,224.0 Pinecrest - 178.0 Sully Station
Pinewood Lake,Week2,Overlee,Week1,397.0 Overlee - 4.0 Pinewood Lake
Pinewood Lake,Week5,Orange Hunt,Week2,359.0 Orange Hunt - 40.0 Pinewood Lake
Pinewood Lake,Week4,Orange Hunt,Week4,358.0 Orange Hunt - 36.0 Pinewood Lake
Pinewood Lake,Week4,Waynewood,Week4,375.0 Waynewood - 27.0 Pinewood Lake
Pinewood Lake,Week5,Fair Oaks ,Week2,342.0 Fair Oaks - 55.0 Pinewood Lake
Pinewood Lake,Week4,Fair Oaks ,Week1,369.0 Fair Oaks - 32.0 Pinewood Lake
Pinewood Lake,Week4,Sleepy Hollow B & R,Week2,372.0 Sleepy Hollow B & R - 24.0 Pinewood Lake
Pinecrest,Week2,Sully Station,Week5,202.0 Pinecrest - 200.0 Sully Station
Pinewood Lake,Week3,Fair Oaks ,Week5,371.0 Fair Oaks - 30.0 Pinewood Lake
Pinecrest,Week3,Stratford,Week5,340.0 Pinecrest - 62.0 Stratford
Pinewood Lake,Week2,Sleepy Hollow Rec,Week5,344.0 Sleepy Hollow Rec - 52.0 Pinewood Lake
Pinewood Lake,Week2,Sleepy Hollow Rec,Week4,356.0 Sleepy Hollow Rec - 42.0 Pinewood Lake
Pinewood Lake,Week5,Fair Oaks ,Week1,361.0 Fair Oaks - 40.0 Pinewood Lake
Pinewood Lake,Week5,Sleepy Hollow B & R,Week4,373.0 Sleepy Hollow B & R - 27.0 Pinewood Lake
Pinewood Lake,Week3,Fair Oaks ,Week3,376.0 Fair Oaks - 23.0 Pinewood Lake
Pinewood Lake,Week4,Waynewood,Week2,368.0 Waynewood - 30.0 Pinewood Lake
Pinecrest,Week4,Stratford,Week3,335.5 Pinecrest - 66.5 Stratford
Pinewood Lake,Week3,Waynewood,Week3,382.0 Waynewood - 19.0 Pinewood Lake
Pinewood Lake,Week5,Fair Oaks ,Week3,360.0 Fair Oaks - 40.0 Pinewood Lake
Pinewood Lake,Week2,Overlee,Week5,401.0 Overlee - 1.0 Pinewood Lake
Pinecrest,Week3,Stratford,Week2,343.0 Pinecrest - 59.0 Stratford
Pinewood Lake,Week1,Sleepy Hollow Rec,Week5,355.0 Sleepy Hollow Rec - 42.0 Pinewood Lake
Pinewood Lake,Week4,Fairfax,Week3,381.0 Fairfax - 20.0 Pinewood Lake
Pinewood Lake,Week3,Fair Oaks ,Week2,359.0 Fair Oaks - 31.0 Pinewood Lake
Pinewood Lake,Week4,Somerset-Olde Creek,Week1,267.0 Somerset-Olde Creek - 105.0 Pinewood Lake
Pinewood Lake,Week1,South Run,Week4,312.0 South Run - 69.0 Pinewood Lake
Pinewood Lake,Week1,Sleepy Hollow Rec,Week1,348.0 Sleepy Hollow Rec - 45.0 Pinewood Lake
Pinewood Lake,Week1,Overlee,Week5,391.0 Overlee - 11.0 Pinewood Lake
Pinewood Lake,Week4,Woodley,Week2,319.0 Woodley - 80.0 Pinewood Lake
Pinecrest,Week2,Sully Station,Week1,205.0 Pinecrest - 197.0 Sully Station
Pinewood Lake,Week2,South Run,Week3,349.0 South Run - 51.0 Pinewood Lake
Pinewood Lake,Week4,Woodley,Week4,327.0 Woodley - 69.0 Pinewood Lake
Pinewood Lake,Week3,Sleepy Hollow Rec,Week2,349.0 Sleepy Hollow Rec - 46.0 Pinewood Lake
Pinewood Lake,Week2,Fair Oaks ,Week4,362.0 Fair Oaks - 35.0 Pinewood Lake
Pinewood Lake,Week5,Woodley,Week1,332.0 Woodley - 68.0 Pinewood Lake
Pinewood Lake,Week4,Overlee,Week1,399.0 Overlee - 2.0 Pinewood Lake
Pinewood Lake,Week3,Sleepy Hollow B & R,Week3,382.0 Sleepy Hollow B & R - 17.0 Pinewood Lake
Pinewood Lake,Week2,Overlee,Week2,397.0 Overlee - 5.0 Pinewood Lake
Pinewood Lake,Week3,South Run,Week4,337.0 South Run - 48.0 Pinewood Lake
Pinewood Lake,Week2,Fair Oaks ,Week5,364.0 Fair Oaks - 37.0 Pinewood Lake
Pinewood Lake,Week4,Fair Oaks ,Week5,370.0 Fair Oaks - 31.0 Pinewood Lake
Pinewood Lake,Week4,Sleepy Hollow B & R,Week4,378.0 Sleepy Hollow B & R - 22.0 Pinewood Lake
Pinewood Lake,Week4,Overlee,Week2,398.0 Overlee - 4.0 Pinewood Lake
Pinecrest,Week3,Sully Station,Week4,235.5 Pinecrest - 166.5 Sully Station
Pinewood Lake,Week5,Orange Hunt,Week3,360.0 Orange Hunt - 39.0 Pinewood Lake
Pinecrest,Week1,Sully Station,Week2,221.0 Pinecrest - 181.0 Sully Station
Pinecrest,Week1,Sully Station,Week1,210.0 Pinecrest - 192.0 Sully Station
Pinewood Lake,Week4,Waynewood,Week5,381.0 Waynewood - 21.0 Pinewood Lake
Pinecrest,Week5,Stratford,Week4,318.0 Pinecrest - 84.0 Stratford
Pinewood Lake,Week4,South Run,Week1,336.0 South Run - 53.0 Pinewood Lake
Pinecrest,Week1,Sully Station,Week3,208.0 Pinecrest - 194.0 Sully Station
Pinewood Lake,Week3,Overlee,Week1,396.0 Overlee - 5.0 Pinewood Lake
Pinewood Lake,Week4,Fair Oaks ,Week2,351.0 Fair Oaks - 43.0 Pinewood Lake
Pinewood Lake,Week4,Orange Hunt,Week5,361.0 Orange Hunt - 32.0 Pinewood Lake
Pinewood Lake,Week4,Brandywine,Week1,352.5 Brandywine - 41.5 Pinewood Lake
Pinewood Lake,Week5,Orange Hunt,Week4,352.0 Orange Hunt - 43.0 Pinewood Lake
Pinewood Lake,Week2,Fairfax,Week3,381.0 Fairfax - 20.0 Pinewood Lake
Pinewood Lake,Week5,Waynewood,Week2,364.0 Waynewood - 34.0 Pinewood Lake
Pinecrest,Week1,Sully Station,Week4,217.5 Pinecrest - 184.5 Sully Station
Pinecrest,Week1,Sully Station,Week5,210.0 Sully Station - 192.0 Pinecrest
Pinewood Lake,Week3,Somerset-Olde Creek,Week5,302.0 Somerset-Olde Creek - 71.0 Pinewood Lake
Pinewood Lake,Week1,Woodley,Week5,326.0 Woodley - 66.0 Pinewood Lake
Pinecrest,Week4,Stratford,Week4,319.0 Pinecrest - 83.0 Stratford
Pinewood Lake,Week4,Sleepy Hollow Rec,Week1,335.0 Sleepy Hollow Rec - 64.0 Pinewood Lake
Pinewood Lake,Week2,Bren Mar-Edsall Park,Week4,271.0 Bren Mar-Edsall Park - 105.0 Pinewood Lake
Pinewood Lake,Week1,South Run,Week2,318.0 South Run - 60.0 Pinewood Lake
Pinewood Lake,Week2,Fairfax,Week4,377.0 Fairfax - 25.0 Pinewood Lake
Pinecrest,Week4,Sully Station,Week1,215.0 Pinecrest - 187.0 Sully Station
Pinewood Lake,Week1,Fairfax,Week2,380.0 Fairfax - 22.0 Pinewood Lake
Pinewood Lake,Week1,Woodley,Week1,340.0 Woodley - 59.0 Pinewood Lake
Pinewood Lake,Week1,Overlee,Week3,389.0 Overlee - 13.0 Pinewood Lake
Pinewood Lake,Week5,Waynewood,Week5,371.0 Waynewood - 31.0 Pinewood Lake
Pinewood Lake,Week1,Bren Mar-Edsall Park,Week1,257.0 Bren Mar-Edsall Park - 125.0 Pinewood Lake
Pinewood Lake,Week3,Woodley,Week1,335.5 Woodley - 64.5 Pinewood Lake
Pinewood Lake,Week3,Overlee,Week2,401.0 Overlee - 1.0 Pinewood Lake
Pinewood Lake,Week2,Fairfax,Week1,381.0 Fairfax - 21.0 Pinewood Lake
Pinewood Lake,Week5,Sleepy Hollow Rec,Week2,330.0 Sleepy Hollow Rec - 64.0 Pinewood Lake
Pinewood Lake,Week5,South Run,Week1,330.0 South Run - 59.0 Pinewood Lake
Pinewood Lake,Week5,Sleepy Hollow Rec,Week5,343.0 Sleepy Hollow Rec - 54.0 Pinewood Lake
Pinewood Lake,Week5,Sleepy Hollow Rec,Week3,338.0 Sleepy Hollow Rec - 62.0 Pinewood Lake
Pinewood Lake,Week5,South Run,Week4,322.0 South Run - 70.0 Pinewood Lake
Pinewood Lake,Week1,Fairfax,Week5,378.0 Fairfax - 24.0 Pinewood Lake
Pinewood Lake,Week1,Overlee,Week1,388.0 Overlee - 13.0 Pinewood Lake
Pinewood Lake,Week1,South Run,Week1,326.0 South Run - 57.0 Pinewood Lake
Pinecrest,Week3,Sully Station,Week2,234.0 Pinecrest - 168.0 Sully Station
Pinewood Lake,Week3,Sleepy Hollow Rec,Week4,353.0 Sleepy Hollow Rec - 45.0 Pinewood Lake
Pinewood Lake,Week4,Somerset-Olde Creek,Week3,257.0 Somerset-Olde Creek - 105.0 Pinewood Lake
Pinewood Lake,Week3,Woodley,Week4,335.0 Woodley - 59.0 Pinewood Lake
Pinewood Lake,Week3,Bren Mar-Edsall Park,Week4,291.0 Bren Mar-Edsall Park - 91.0 Pinewood Lake
Pinewood Lake,Week1,Somerset-Olde Creek,Week2,271.0 Somerset-Olde Creek - 83.0 Pinewood Lake
Pinewood Lake,Week2,Bren Mar-Edsall Park,Week3,270.0 Bren Mar-Edsall Park - 116.0 Pinewood Lake
Pinewood Lake,Week5,Somerset-Olde Creek,Week3,251.0 Somerset-Olde Creek - 125.0 Pinewood Lake
Pinewood Lake,Week1,Somerset-Olde Creek,Week1,273.0 Somerset-Olde Creek - 81.0 Pinewood Lake
Pinewood Lake,Week2,South Run,Week5,362.0 South Run - 39.0 Pinewood Lake
Pinewood Lake,Week4,Brandywine,Week3,350.0 Brandywine - 38.0 Pinewood Lake
Pleasant Valley,Week1,Annandale,Week4,229.0 Annandale - 171.0 Pleasant Valley
Pinewood Lake,Week4,Overlee,Week5,401.0 Overlee - 1.0 Pinewood Lake
Pinewood Lake,Week3,Fairfax,Week5,386.0 Fairfax - 16.0 Pinewood Lake
Pinewood Lake,Week5,Sleepy Hollow Rec,Week4,341.0 Sleepy Hollow Rec - 58.0 Pinewood Lake
Pinewood Lake,Week4,Overlee,Week3,398.0 Overlee - 4.0 Pinewood Lake
Pinewood Lake,Week1,Fairfax,Week4,373.0 Fairfax - 29.0 Pinewood Lake
Pinecrest,Week5,Stratford,Week1,335.0 Pinecrest - 65.0 Stratford
Pinewood Lake,Week2,Fairfax,Week2,381.0 Fairfax - 21.0 Pinewood Lake
Pinewood Lake,Week5,Overlee,Week1,394.0 Overlee - 7.0 Pinewood Lake
Pinecrest,Week2,Sully Station,Week3,222.0 Pinecrest - 180.0 Sully Station
Pinewood Lake,Week3,Overlee,Week3,400.0 Overlee - 2.0 Pinewood Lake
Pinewood Lake,Week5,Somerset-Olde Creek,Week1,252.0 Somerset-Olde Creek - 124.0 Pinewood Lake
Pinewood Lake,Week5,Overlee,Week3,397.0 Overlee - 5.0 Pinewood Lake
Pinewood Lake,Week1,Fairfax,Week3,376.0 Fairfax - 25.0 Pinewood Lake
Pleasant Valley,Week2,Annandale,Week2,241.0 Annandale - 159.0 Pleasant Valley
Pinewood Lake,Week3,Bren Mar-Edsall Park,Week2,245.0 Bren Mar-Edsall Park - 138.0 Pinewood Lake
Pinewood Lake,Week4,Fair Oaks ,Week3,368.0 Fair Oaks - 31.0 Pinewood Lake
Pinewood Lake,Week1,Woodley,Week2,336.0 Woodley - 64.0 Pinewood Lake
Pinecrest,Week3,Sully Station,Week1,212.0 Pinecrest - 190.0 Sully Station
Pinewood Lake,Week4,Somerset-Olde Creek,Week4,295.0 Somerset-Olde Creek - 87.0 Pinewood Lake
Pinewood Lake,Week2,Somerset-Olde Creek,Week5,276.0 Somerset-Olde Creek - 98.0 Pinewood Lake
Pinecrest,Week4,Sully Station,Week4,226.0 Pinecrest - 176.0 Sully Station
Pinewood Lake,Week1,Somerset-Olde Creek,Week4,306.0 Somerset-Olde Creek - 70.0 Pinewood Lake
Pinecrest,Week4,Sully Station,Week3,222.0 Pinecrest - 180.0 Sully Station
Pinewood Lake,Week3,Brandywine,Week4,369.0 Brandywine - 31.0 Pinewood Lake
Pinewood Lake,Week2,Woodley,Week5,318.0 Woodley - 75.0 Pinewood Lake
Pinewood Lake,Week2,Somerset-Olde Creek,Week2,265.0 Somerset-Olde Creek - 106.0 Pinewood Lake
Pinewood Lake,Week2,Bren Mar-Edsall Park,Week5,244.0 Bren Mar-Edsall Park - 123.0 Pinewood Lake
Pinewood Lake,Week1,Somerset-Olde Creek,Week3,252.0 Somerset-Olde Creek - 102.0 Pinewood Lake
Pinewood Lake,Week5,Waynewood,Week1,354.0 Waynewood - 47.0 Pinewood Lake
Pinewood Lake,Week2,Fairfax,Week5,383.0 Fairfax - 19.0 Pinewood Lake
Pinewood Lake,Week4,Laurel Hill,Week3,320.0 Laurel Hill - 64.0 Pinewood Lake
Pinewood Lake,Week3,Somerset-Olde Creek,Week1,278.0 Somerset-Olde Creek - 89.0 Pinewood Lake
Pinewood Lake,Week3,Laurel Hill,Week5,322.0 Laurel Hill - 61.0 Pinewood Lake
Pinewood Lake,Week3,Fair Oaks ,Week1,373.0 Fair Oaks - 27.0 Pinewood Lake
Pinewood Lake,Week1,South Run,Week3,336.0 South Run - 63.0 Pinewood Lake
Pinecrest,Week4,Sully Station,Week2,234.0 Pinecrest - 168.0 Sully Station
Pinecrest,Week4,Stratford,Week5,340.0 Pinecrest - 62.0 Stratford
Pinewood Lake,Week3,Fair Oaks ,Week4,369.0 Fair Oaks - 24.0 Pinewood Lake
Pinewood Lake,Week3,South Run,Week1,345.0 South Run - 43.0 Pinewood Lake
Pleasant Valley,Week2,Annandale,Week1,222.0 Annandale - 179.0 Pleasant Valley
Pinewood Lake,Week3,South Run,Week3,356.0 South Run - 44.0 Pinewood Lake
Pinecrest,Week4,Sully Station,Week5,207.0 Pinecrest - 195.0 Sully Station
Pinewood Lake,Week3,South Run,Week2,334.0 South Run - 53.0 Pinewood Lake
Pinewood Lake,Week2,South Run,Week1,338.0 South Run - 52.0 Pinewood Lake
Pinewood Lake,Week1,Fairfax,Week1,371.0 Fairfax - 31.0 Pinewood Lake
Pinewood Lake,Week2,Somerset-Olde Creek,Week1,261.0 Somerset-Olde Creek - 98.0 Pinewood Lake
Pinewood Lake,Week3,Brandywine,Week1,359.0 Brandywine - 36.0 Pinewood Lake
Pinecrest,Week5,Stratford,Week5,333.0 Pinecrest - 69.0 Stratford
Pinewood Lake,Week3,Brandywine,Week2,368.0 Brandywine - 29.0 Pinewood Lake
Pinewood Lake,Week2,Somerset-Olde Creek,Week4,291.0 Somerset-Olde Creek - 89.0 Pinewood Lake
Pinewood Lake,Week2,Woodley,Week3,332.0 Woodley - 65.0 Pinewood Lake
Pinewood Lake,Week3,Laurel Hill,Week2,288.0 Laurel Hill - 82.0 Pinewood Lake
Pinewood Lake,Week5,Overlee,Week5,400.0 Overlee - 2.0 Pinewood Lake
Pinecrest,Week2,Sully Station,Week4,236.0 Pinecrest - 166.0 Sully Station
Pinewood Lake,Week1,Woodley,Week3,340.0 Woodley - 56.0 Pinewood Lake
Pinewood Lake,Week1,Bren Mar-Edsall Park,Week4,277.0 Bren Mar-Edsall Park - 99.0 Pinewood Lake
Pinewood Lake,Week5,Waynewood,Week3,367.0 Waynewood - 34.0 Pinewood Lake
Pinewood Lake,Week2,Laurel Hill,Week2,293.0 Laurel Hill - 75.0 Pinewood Lake
Pinewood Lake,Week5,Somerset-Olde Creek,Week4,291.0 Somerset-Olde Creek - 94.0 Pinewood Lake
Pinewood Lake,Week4,Sleepy Hollow Rec,Week4,349.0 Sleepy Hollow Rec - 49.0 Pinewood Lake
Pinecrest,Week3,Sully Station,Week5,210.0 Pinecrest - 192.0 Sully Station
Pinecrest,Week2,Sully Station,Week2,231.0 Pinecrest - 171.0 Sully Station
Pinewood Lake,Week5,Fair Oaks ,Week4,350.0 Fair Oaks - 46.0 Pinewood Lake
Pinewood Lake,Week3,Somerset-Olde Creek,Week3,265.0 Somerset-Olde Creek - 98.0 Pinewood Lake
Pinewood Lake,Week2,South Run,Week2,327.0 South Run - 56.0 Pinewood Lake
Pinewood Lake,Week5,Sleepy Hollow Rec,Week1,326.0 Sleepy Hollow Rec - 73.0 Pinewood Lake
Pinewood Lake,Week4,Fair Oaks ,Week4,365.0 Fair Oaks - 31.0 Pinewood Lake
Pinecrest,Week5,Stratford,Week2,333.0 Pinecrest - 69.0 Stratford
Pinewood Lake,Week4,Brandywine,Week2,358.0 Brandywine - 38.0 Pinewood Lake
Pinewood Lake,Week2,South Run,Week4,329.0 South Run - 57.0 Pinewood Lake
Pinewood Lake,Week2,Woodley,Week4,329.0 Woodley - 66.0 Pinewood Lake
Pinewood Lake,Week2,Woodley,Week1,325.0 Woodley - 75.0 Pinewood Lake
Pinewood Lake,Week2,Laurel Hill,Week3,326.0 Laurel Hill - 58.0 Pinewood Lake
Pinewood Lake,Week3,Laurel Hill,Week1,305.0 Laurel Hill - 71.0 Pinewood Lake
Pinewood Lake,Week5,Fair Oaks ,Week5,360.0 Fair Oaks - 41.0 Pinewood Lake
Pinewood Lake,Week3,Woodley,Week3,336.0 Woodley - 61.0 Pinewood Lake
Pinewood Lake,Week5,Brandywine,Week5,365.0 Brandywine - 37.0 Pinewood Lake
Pinewood Lake,Week3,South Run,Week5,367.0 South Run - 34.0 Pinewood Lake
Pinecrest,Week5,Stratford,Week3,330.0 Pinecrest - 72.0 Stratford
Pinewood Lake,Week3,Fairfax,Week2,389.0 Fairfax - 13.0 Pinewood Lake
Pinewood Lake,Week1,Bren Mar-Edsall Park,Week5,254.0 Bren Mar-Edsall Park - 107.0 Pinewood Lake
Pinewood Lake,Week3,Fairfax,Week1,378.5 Fairfax - 23.5 Pinewood Lake
Pinewood Lake,Week4,Sleepy Hollow Rec,Week5,345.0 Sleepy Hollow Rec - 51.0 Pinewood Lake
Pinewood Lake,Week5,Laurel Hill,Week3,319.0 Laurel Hill - 74.0 Pinewood Lake
Pinewood Lake,Week4,Brandywine,Week4,372.0 Brandywine - 28.0 Pinewood Lake
Pinewood Lake,Week1,Laurel Hill,Week4,331.0 Laurel Hill - 64.0 Pinewood Lake
Pinewood Lake,Week2,Bren Mar-Edsall Park,Week2,238.0 Bren Mar-Edsall Park - 142.0 Pinewood Lake
Pinewood Lake,Week5,Hunter Mill,Week4,364.0 Hunter Mill - 33.0 Pinewood Lake
Pinewood Lake,Week3,Woodley,Week5,331.0 Woodley - 62.0 Pinewood Lake
Pinecrest,Week1,Tuckahoe,Week2,283.0 Tuckahoe - 119.0 Pinecrest
Pinewood Lake,Week4,Woodley,Week1,343.0 Woodley - 58.0 Pinewood Lake
Pinecrest,Week4,Sully Station II,Week2,216.0 Pinecrest - 186.0 Sully Station II
Pinewood Lake,Week5,Somerset-Olde Creek,Week2,256.0 Somerset-Olde Creek - 125.0 Pinewood Lake
Pinewood Lake,Week2,Hunter Mill,Week2,362.0 Hunter Mill - 35.0 Pinewood Lake
Pinewood Lake,Week3,Fairfax,Week3,388.0 Fairfax - 13.0 Pinewood Lake
Pinecrest,Week5,Sully Station II,Week4,234.0 Pinecrest - 168.0 Sully Station II
Pinecrest,Week5,Sully Station II,Week2,208.5 Pinecrest - 193.5 Sully Station II
Pinecrest,Week2,Tuckahoe,Week5,289.0 Tuckahoe - 113.0 Pinecrest
Pinewood Lake,Week5,Brandywine,Week2,340.0 Brandywine - 58.0 Pinewood Lake
Pinewood Lake,Week2,Bren Mar-Edsall Park,Week1,245.0 Bren Mar-Edsall Park - 140.0 Pinewood Lake
Pinewood Lake,Week2,Laurel Hill,Week5,319.0 Laurel Hill - 63.0 Pinewood Lake
Pinewood Lake,Week5,Somerset-Olde Creek,Week5,280.0 Somerset-Olde Creek - 100.0 Pinewood Lake
Pinewood Lake,Week4,Laurel Hill,Week2,286.0 Laurel Hill - 88.0 Pinewood Lake
Pinewood Lake,Week4,Sleepy Hollow Rec,Week3,354.0 Sleepy Hollow Rec - 45.0 Pinewood Lake
Pinecrest,Week4,Truro,Week4,309.0 Pinecrest - 93.0 Truro
Pinewood Lake,Week1,Woodley,Week4,338.5 Woodley - 54.5 Pinewood Lake
Pinewood Lake,Week4,Fairfax,Week2,385.0 Fairfax - 17.0 Pinewood Lake
Pinewood Lake,Week2,Forest Hollow,Week4,371.0 Forest Hollow - 30.0 Pinewood Lake
Pinewood Lake,Week4,Hunter Mill,Week5,375.0 Hunter Mill - 26.0 Pinewood Lake
Pinewood Lake,Week1,Hunter Mill,Week2,361.0 Hunter Mill - 34.0 Pinewood Lake
Pinewood Lake,Week2,Laurel Hill,Week1,300.0 Laurel Hill - 76.0 Pinewood Lake
Pinecrest,Week4,Sully Station II,Week5,210.0 Sully Station II - 192.0 Pinecrest
Pinewood Lake,Week4,Fairfax,Week1,374.0 Fairfax - 28.0 Pinewood Lake
Pinewood Lake,Week4,Somerset-Olde Creek,Week5,287.0 Somerset-Olde Creek - 90.0 Pinewood Lake
Pinewood Lake,Week4,Somerset-Olde Creek,Week2,260.0 Somerset-Olde Creek - 116.0 Pinewood Lake
Pinewood Lake,Week3,Fairfax,Week4,384.0 Fairfax - 18.0 Pinewood Lake
Pinewood Lake,Week3,Woodley,Week2,337.0 Woodley - 62.0 Pinewood Lake
Pinewood Lake,Week1,Forest Hollow,Week1,371.0 Forest Hollow - 27.0 Pinewood Lake
Pinecrest,Week3,Tuckahoe,Week5,286.0 Tuckahoe - 116.0 Pinecrest
Pinewood Lake,Week1,Somerset-Olde Creek,Week5,291.0 Somerset-Olde Creek - 77.0 Pinewood Lake
Pinewood Lake,Week1,Forest Hollow,Week4,369.0 Forest Hollow - 31.0 Pinewood Lake
Pinewood Lake,Week4,Brandywine,Week5,369.0 Brandywine - 33.0 Pinewood Lake
Pinewood Lake,Week3,Somerset-Olde Creek,Week2,270.0 Somerset-Olde Creek - 104.0 Pinewood Lake
Pinewood Lake,Week3,Somerset-Olde Creek,Week4,311.0 Somerset-Olde Creek - 68.0 Pinewood Lake
Pinewood Lake,Week5,Waynewood,Week4,369.0 Waynewood - 33.0 Pinewood Lake
Pinewood Lake,Week1,Hunter Mill,Week4,376.0 Hunter Mill - 21.0 Pinewood Lake
Pinewood Lake,Week3,Brandywine,Week3,352.0 Brandywine - 33.0 Pinewood Lake
Pinewood Lake,Week5,Langley,Week5,357.0 Langley - 42.0 Pinewood Lake
Pinecrest,Week5,Sully Station,Week4,227.0 Pinecrest - 175.0 Sully Station
Pinecrest,Week2,Sully Station II,Week5,209.5 Sully Station II - 192.5 Pinecrest
Pinewood Lake,Week4,Woodley,Week5,318.0 Woodley - 74.0 Pinewood Lake
Pinewood Lake,Week5,Forest Hollow,Week5,359.0 Forest Hollow - 42.0 Pinewood Lake
Pinecrest,Week5,Sully Station,Week3,221.0 Pinecrest - 181.0 Sully Station
Pinecrest,Week4,Truro,Week5,305.0 Pinecrest - 97.0 Truro
Pinewood Lake,Week3,Fairfax Club Estates,Week1,330.0 Fairfax Club Estates - 58.0 Pinewood Lake
Pinewood Lake,Week2,Woodley,Week2,321.0 Woodley - 78.0 Pinewood Lake
Pinewood Lake,Week4,Fairfax Club Estates,Week3,323.0 Fairfax Club Estates - 66.0 Pinewood Lake
Pinewood Lake,Week5,Langley,Week2,363.0 Langley - 34.0 Pinewood Lake
Pinecrest,Week3,Truro,Week4,305.0 Pinecrest - 97.0 Truro
Pinewood Lake,Week4,Fairfax Club Estates,Week5,322.0 Fairfax Club Estates - 68.0 Pinewood Lake
Pinewood Lake,Week2,Laurel Hill,Week4,325.0 Laurel Hill - 67.0 Pinewood Lake
Pinewood Lake,Week4,Sleepy Hollow Rec,Week2,342.0 Sleepy Hollow Rec - 52.0 Pinewood Lake
Pinewood Lake,Week4,South Run,Week3,356.0 South Run - 45.0 Pinewood Lake
Pinewood Lake,Week4,Woodley,Week3,335.0 Woodley - 62.0 Pinewood Lake
Pinewood Lake,Week2,Hunter Mill,Week5,371.0 Hunter Mill - 30.0 Pinewood Lake
Pinewood Lake,Week4,South Run,Week2,331.5 South Run - 58.5 Pinewood Lake
Pinewood Lake,Week2,Hunter Mill,Week1,362.0 Hunter Mill - 34.0 Pinewood Lake
Pinewood Lake,Week2,Brandywine,Week5,370.0 Brandywine - 32.0 Pinewood Lake
Pinewood Lake,Week2,Somerset-Olde Creek,Week3,248.0 Somerset-Olde Creek - 111.0 Pinewood Lake
Pinewood Lake,Week1,Forest Hollow,Week3,367.0 Forest Hollow - 31.0 Pinewood Lake
Pinewood Lake,Week5,Brandywine,Week4,360.0 Brandywine - 40.0 Pinewood Lake
Pinewood Lake,Week1,Fox Hunt,Week3,355.0 Fox Hunt - 34.0 Pinewood Lake
Pinewood Lake,Week5,Langley,Week4,365.0 Langley - 35.0 Pinewood Lake
Pinewood Lake,Week5,Fairfax Station,Week4,367.0 Fairfax Station - 31.0 Pinewood Lake
Pinewood Lake,Week2,Hunter Mill,Week4,369.0 Hunter Mill - 28.0 Pinewood Lake
Pinewood Lake,Week1,South Run,Week5,352.0 South Run - 47.0 Pinewood Lake
Pinecrest,Week4,Tuckahoe,Week1,260.0 Tuckahoe - 142.0 Pinecrest
Pinewood Lake,Week5,Fairfax,Week4,370.0 Fairfax - 32.0 Pinewood Lake
Pinewood Lake,Week4,South Run,Week4,331.0 South Run - 56.0 Pinewood Lake
Pinewood Lake,Week4,Hunter Mill,Week1,366.0 Hunter Mill - 34.0 Pinewood Lake
Pinewood Lake,Week1,Fox Hunt,Week2,353.0 Fox Hunt - 43.0 Pinewood Lake
Pinewood Lake,Week5,South Run,Week2,325.0 South Run - 65.0 Pinewood Lake
Pinewood Lake,Week5,Brandywine,Week3,331.0 Brandywine - 54.0 Pinewood Lake
Pinewood Lake,Week5,Fairfax,Week1,365.0 Fairfax - 37.0 Pinewood Lake
Pinecrest,Week1,Sully Station II,Week5,210.0 Sully Station II - 192.0 Pinecrest
Pinecrest,Week1,Sully Station II,Week3,202.0 Sully Station II - 200.0 Pinecrest
Pinewood Lake,Week4,South Run,Week5,356.0 South Run - 45.0 Pinewood Lake
Pinecrest,Week3,Sully Station II,Week5,201.0 Pinecrest - 201.0 Sully Station II
Pinewood Lake,Week1,Bren Mar-Edsall Park,Week2,245.0 Bren Mar-Edsall Park - 133.0 Pinewood Lake
Pinewood Lake,Week5,Woodley,Week2,324.0 Woodley - 75.0 Pinewood Lake
Pinewood Lake,Week2,Fairfax Club Estates,Week4,334.0 Fairfax Club Estates - 65.0 Pinewood Lake
Pinewood Lake,Week5,Woodley,Week5,308.0 Woodley - 84.0 Pinewood Lake
Pinewood Lake,Week5,Fairfax Club Estates,Week1,328.0 Fairfax Club Estates - 67.0 Pinewood Lake
Pinewood Lake,Week4,Laurel Hill,Week5,323.0 Laurel Hill - 62.0 Pinewood Lake
Pinewood Lake,Week5,Woodley,Week4,322.0 Woodley - 74.0 Pinewood Lake
Pinecrest,Week2,Tuckahoe,Week1,257.0 Tuckahoe - 145.0 Pinecrest
Pinewood Lake,Week3,Laurel Hill,Week3,322.0 Laurel Hill - 62.0 Pinewood Lake
Pinewood Lake,Week5,Laurel Hill,Week2,285.0 Laurel Hill - 92.0 Pinewood Lake
Pinewood Lake,Week3,Brandywine,Week5,377.0 Brandywine - 25.0 Pinewood Lake
Pinewood Lake,Week3,Forest Hollow,Week3,369.0 Forest Hollow - 29.0 Pinewood Lake
Pinewood Lake,Week5,South Run,Week3,353.0 South Run - 48.0 Pinewood Lake
Pinewood Lake,Week5,Fairfax Station,Week2,369.0 Fairfax Station - 27.0 Pinewood Lake
Pinecrest,Week1,Tuckahoe,Week4,306.0 Tuckahoe - 96.0 Pinecrest
Pleasant Valley,Week1,Annandale,Week1,216.0 Annandale - 185.0 Pleasant Valley
Pinecrest,Week3,Truro,Week5,303.0 Pinecrest - 99.0 Truro
Pinecrest,Week2,Truro,Week1,304.0 Pinecrest - 98.0 Truro
Pinewood Lake,Week2,Brandywine,Week4,363.0 Brandywine - 37.0 Pinewood Lake
Pinewood Lake,Week3,Hunter Mill,Week5,376.0 Hunter Mill - 25.0 Pinewood Lake
Pinewood Lake,Week3,Hunter Mill,Week2,368.0 Hunter Mill - 28.0 Pinewood Lake
Pinecrest,Week1,Tuckahoe,Week5,297.0 Tuckahoe - 105.0 Pinecrest
Pinecrest,Week4,Sully Station II,Week1,237.0 Pinecrest - 165.0 Sully Station II
Pinewood Lake,Week2,Ilda Community,Week3,310.0 Ilda Community - 73.0 Pinewood Lake
Pinewood Lake,Week5,Hunter Mill,Week1,359.0 Hunter Mill - 41.0 Pinewood Lake
Pinewood Lake,Week4,Laurel Hill,Week1,302.0 Laurel Hill - 78.0 Pinewood Lake
Pleasant Valley,Week1,Annandale,Week3,234.0 Annandale - 168.0 Pleasant Valley
Pinewood Lake,Week1,Forest Hollow,Week2,366.0 Forest Hollow - 29.0 Pinewood Lake
Pinewood Lake,Week1,Springboard,Week1,318.0 Springboard - 71.0 Pinewood Lake
Pinewood Lake,Week5,Woodley,Week3,325.0 Woodley - 72.0 Pinewood Lake
Pinewood Lake,Week4,Springboard,Week2,291.0 Springboard - 100.0 Pinewood Lake
Pinewood Lake,Week5,Fairfax Club Estates,Week2,313.0 Fairfax Club Estates - 80.0 Pinewood Lake
Pinewood Lake,Week3,Springboard,Week2,301.0 Springboard - 85.0 Pinewood Lake
Pinecrest,Week2,Sully Station II,Week2,215.5 Pinecrest - 186.5 Sully Station II
Pinewood Lake,Week1,Laurel Hill,Week1,303.0 Laurel Hill - 68.0 Pinewood Lake
Pinewood Lake,Week2,Fairfax Club Estates,Week2,314.0 Fairfax Club Estates - 79.0 Pinewood Lake
Pleasant Valley,Week1,Annandale,Week5,242.0 Annandale - 159.0 Pleasant Valley
Pinewood Lake,Week4,Fairfax,Week5,382.0 Fairfax - 20.0 Pinewood Lake
Pinewood Lake,Week1,Springfield,Week2,166.0 Springfield - 131.0 Pinewood Lake
Pinewood Lake,Week2,Forest Hollow,Week1,370.0 Forest Hollow - 29.0 Pinewood Lake
Pinewood Lake,Week4,Langley,Week4,373.0 Langley - 24.0 Pinewood Lake
Pinecrest,Week3,Sully Station II,Week2,223.0 Pinecrest - 179.0 Sully Station II
Pleasant Valley,Week1,Annandale,Week2,232.0 Annandale - 168.0 Pleasant Valley
Pinewood Lake,Week1,Bren Mar-Edsall Park,Week3,276.0 Bren Mar-Edsall Park - 106.0 Pinewood Lake
Pinewood Lake,Week5,Brandywine,Week1,337.0 Brandywine - 63.0 Pinewood Lake
Pinecrest,Week1,Tuckahoe,Week1,274.0 Tuckahoe - 128.0 Pinecrest
Pinewood Lake,Week1,Laurel Hill,Week5,332.0 Laurel Hill - 51.0 Pinewood Lake
Pinewood Lake,Week4,Forest Hollow,Week2,357.0 Forest Hollow - 42.0 Pinewood Lake
Pinewood Lake,Week4,Ilda Community,Week2,337.0 Ilda Community - 58.0 Pinewood Lake
Pinewood Lake,Week4,Hunter Mill,Week2,365.0 Hunter Mill - 32.0 Pinewood Lake
Pinecrest,Week1,Sully Station II,Week1,216.0 Pinecrest - 186.0 Sully Station II
Pinecrest,Week5,Truro,Week4,299.0 Pinecrest - 103.0 Truro
Pinecrest,Week4,Truro,Week1,304.0 Pinecrest - 98.0 Truro
Pinewood Lake,Week3,Bren Mar-Edsall Park,Week1,265.0 Bren Mar-Edsall Park - 119.0 Pinewood Lake
Pinewood Lake,Week1,Forest Hollow,Week5,368.0 Forest Hollow - 32.0 Pinewood Lake
Pinewood Lake,Week3,Bren Mar-Edsall Park,Week3,277.0 Bren Mar-Edsall Park - 109.0 Pinewood Lake
Pinecrest,Week2,Tuckahoe,Week2,255.0 Tuckahoe - 147.0 Pinecrest
Pinewood Lake,Week5,Langley,Week3,367.0 Langley - 34.0 Pinewood Lake
Pinewood Lake,Week2,Springboard,Week4,301.0 Springboard - 83.0 Pinewood Lake
Pinewood Lake,Week2,Hunter Mill,Week3,361.0 Hunter Mill - 40.0 Pinewood Lake
Pinewood Lake,Week4,Bren Mar-Edsall Park,Week1,243.0 Bren Mar-Edsall Park - 143.0 Pinewood Lake
Pinewood Lake,Week1,Springboard,Week2,308.0 Springboard - 75.0 Pinewood Lake
Pinewood Lake,Week5,Bren Mar-Edsall Park,Week3,259.0 Bren Mar-Edsall Park - 127.0 Pinewood Lake
Pinewood Lake,Week4,Langley,Week5,366.0 Langley - 34.0 Pinewood Lake
Pinewood Lake,Week3,Hunter Mill,Week4,376.0 Hunter Mill - 20.0 Pinewood Lake
Pleasant Valley,Week1,Arlington Forest,Week1,319.0 Arlington Forest - 83.0 Pleasant Valley
Pinewood Lake,Week3,Forest Hollow,Week5,373.0 Forest Hollow - 28.0 Pinewood Lake
Pinewood Lake,Week5,Fairfax Station,Week1,367.0 Fairfax Station - 34.0 Pinewood Lake
Pleasant Valley,Week4,Annandale,Week2,250.0 Annandale - 147.0 Pleasant Valley
Pinewood Lake,Week1,Fairfax Club Estates,Week3,331.0 Fairfax Club Estates - 58.0 Pinewood Lake
Pinewood Lake,Week1,Springboard,Week5,325.0 Springboard - 72.0 Pinewood Lake
Pinewood Lake,Week3,Hunter Mill,Week1,371.0 Hunter Mill - 29.0 Pinewood Lake
Pinewood Lake,Week3,Fairfax Club Estates,Week4,339.0 Fairfax Club Estates - 59.0 Pinewood Lake
Pinecrest,Week4,Sully Station II,Week4,255.0 Pinecrest - 147.0 Sully Station II
Pinewood Lake,Week5,Langley,Week1,368.0 Langley - 32.0 Pinewood Lake
Pinewood Lake,Week3,Fairfax Club Estates,Week2,327.0 Fairfax Club Estates - 66.0 Pinewood Lake
Pinecrest,Week3,Tuckahoe,Week3,290.0 Tuckahoe - 112.0 Pinecrest
Pleasant Valley,Week5,Annandale,Week3,231.0 Annandale - 169.0 Pleasant Valley
Pinecrest,Week1,Sully Station II,Week2,206.0 Pinecrest - 196.0 Sully Station II
Pinewood Lake,Week1,Laurel Hill,Week3,329.0 Laurel Hill - 61.0 Pinewood Lake
Pinewood Lake,Week5,Fairfax Station,Week3,373.0 Fairfax Station - 26.0 Pinewood Lake
Pinecrest,Week5,Truro,Week1,302.0 Pinecrest - 99.0 Truro
Pinewood Lake,Week3,Fairfax Club Estates,Week5,324.0 Fairfax Club Estates - 64.0 Pinewood Lake
Pinecrest,Week5,Sully Station,Week1,210.0 Pinecrest - 192.0 Sully Station
Pinewood Lake,Week3,Ilda Community,Week2,348.0 Ilda Community - 47.0 Pinewood Lake
Pinewood Lake,Week5,Bren Mar-Edsall Park,Week2,222.0 Bren Mar-Edsall Park - 164.0 Pinewood Lake
Pinecrest,Week3,Tuckahoe,Week2,256.0 Tuckahoe - 146.0 Pinecrest
Pinewood Lake,Week2,Forest Hollow,Week2,360.0 Forest Hollow - 40.0 Pinewood Lake
Pinewood Lake,Week5,Bren Mar-Edsall Park,Week1,243.0 Bren Mar-Edsall Park - 143.0 Pinewood Lake
Pinecrest,Week5,Truro,Week2,324.0 Pinecrest - 77.0 Truro
Pinecrest,Week5,Sully Station,Week5,205.0 Pinecrest - 197.0 Sully Station
Pinewood Lake,Week4,Fairfax,Week4,376.0 Fairfax - 26.0 Pinewood Lake
Pinewood Lake,Week1,Ilda Community,Week5,332.0 Ilda Community - 57.0 Pinewood Lake
Pinewood Lake,Week4,Laurel Hill,Week4,323.0 Laurel Hill - 68.0 Pinewood Lake
Pinewood Lake,Week5,Fairfax,Week5,381.0 Fairfax - 21.0 Pinewood Lake
Pinewood Lake,Week1,Laurel Hill,Week2,292.0 Laurel Hill - 73.0 Pinewood Lake
Pinecrest,Week2,Sully Station II,Week4,245.0 Pinecrest - 157.0 Sully Station II
Pinewood Lake,Week3,Laurel Hill,Week4,330.0 Laurel Hill - 61.0 Pinewood Lake
Pleasant Valley,Week2,Arlington Forest,Week1,314.0 Arlington Forest - 88.0 Pleasant Valley
Pinewood Lake,Week5,Hunter Mill,Week2,360.0 Hunter Mill - 37.0 Pinewood Lake
Pinewood Lake,Week5,South Run,Week5,348.0 South Run - 53.0 Pinewood Lake
Pinewood Lake,Week4,Fairfax Club Estates,Week1,325.0 Fairfax Club Estates - 64.0 Pinewood Lake
Pinewood Lake,Week2,Forest Hollow,Week5,370.0 Forest Hollow - 31.0 Pinewood Lake
Pinewood Lake,Week4,Brookfield ,Week5,363.0 Brookfield - 38.0 Pinewood Lake
Pleasant Valley,Week3,Annandale,Week2,223.0 Annandale - 178.0 Pleasant Valley
Pleasant Valley,Week4,Annandale,Week1,227.0 Annandale - 164.0 Pleasant Valley
Pleasant Valley,Week1,Arlington Forest,Week5,313.0 Arlington Forest - 88.0 Pleasant Valley
Pinewood Lake,Week5,Laurel Hill,Week1,300.0 Laurel Hill - 86.0 Pinewood Lake
Pinewood Lake,Week3,Bren Mar-Edsall Park,Week5,251.0 Bren Mar-Edsall Park - 120.0 Pinewood Lake
Pinewood Lake,Week3,Fairfax Club Estates,Week3,329.0 Fairfax Club Estates - 59.0 Pinewood Lake
Pinewood Lake,Week4,Forest Hollow,Week4,364.0 Forest Hollow - 37.0 Pinewood Lake
Pinewood Lake,Week4,Bren Mar-Edsall Park,Week5,234.0 Bren Mar-Edsall Park - 139.0 Pinewood Lake
Pinewood Lake,Week5,Springboard,Week4,300.0 Springboard - 88.0 Pinewood Lake
Pinecrest,Week3,Sully Station II,Week3,206.0 Pinecrest - 196.0 Sully Station II
Pinecrest,Week2,Tuckahoe,Week3,301.0 Tuckahoe - 101.0 Pinecrest
Pinewood Lake,Week5,Hunter Mill,Week3,357.0 Hunter Mill - 41.0 Pinewood Lake
Pinewood Lake,Week3,Forest Hollow,Week1,374.0 Forest Hollow - 24.0 Pinewood Lake
Pinecrest,Week3,Sully Station II,Week4,253.0 Pinecrest - 149.0 Sully Station II
Pinecrest,Week2,Tuckahoe,Week4,295.0 Tuckahoe - 107.0 Pinecrest
Pinecrest,Week3,Tuckahoe,Week1,259.5 Tuckahoe - 142.5 Pinecrest
Pinewood Lake,Week1,Springfield,Week1,203.0 Springfield - 123.0 Pinewood Lake
Pinewood Lake,Week4,Springboard,Week5,318.0 Springboard - 80.0 Pinewood Lake
Pinewood Lake,Week3,Hunter Mill,Week3,367.0 Hunter Mill - 31.0 Pinewood Lake
Pleasant Valley,Week3,Annandale,Week3,226.0 Annandale - 176.0 Pleasant Valley
Pinewood Lake,Week5,Forest Hollow,Week2,346.0 Forest Hollow - 53.0 Pinewood Lake
Pinewood Lake,Week1,Hunter Mill,Week5,373.0 Hunter Mill - 28.0 Pinewood Lake
Pinewood Lake,Week1,Hunter Mill,Week3,368.0 Hunter Mill - 32.0 Pinewood Lake
Pinewood Lake,Week1,Fairfax Club Estates,Week1,335.0 Fairfax Club Estates - 54.0 Pinewood Lake
Pinewood Lake,Week2,Springboard,Week3,320.0 Springboard - 70.0 Pinewood Lake
Pinecrest,Week2,Sully Station II,Week1,242.0 Pinecrest - 160.0 Sully Station II
Pinewood Lake,Week1,Fairfax Club Estates,Week4,335.0 Fairfax Club Estates - 56.0 Pinewood Lake
Pinewood Lake,Week4,Forest Hollow,Week5,367.0 Forest Hollow - 34.0 Pinewood Lake
Pinewood Lake,Week1,Brookfield ,Week2,363.0 Brookfield - 37.0 Pinewood Lake
Pleasant Valley,Week2,Arlington Forest,Week2,300.0 Arlington Forest - 102.0 Pleasant Valley
Pinecrest,Week1,Tuckahoe,Week3,308.0 Tuckahoe - 94.0 Pinecrest
Pleasant Valley,Week2,Annandale,Week4,229.0 Annandale - 171.0 Pleasant Valley
Pinewood Lake,Week5,Fairfax Station,Week5,371.0 Fairfax Station - 30.0 Pinewood Lake
Pinewood Lake,Week1,Springboard,Week4,320.0 Springboard - 64.0 Pinewood Lake
Pinewood Lake,Week1,Springfield,Week3,162.0 Springfield - 137.0 Pinewood Lake
Pinecrest,Week2,Sully Station II,Week3,202.0 Pinecrest - 200.0 Sully Station II
Pinewood Lake,Week1,Fairfax Club Estates,Week5,328.0 Fairfax Club Estates - 60.0 Pinewood Lake
Pinewood Lake,Week1,Lincolnia Park,Week2,293.0 Lincolnia Park - 73.0 Pinewood Lake
Pinewood Lake,Week5,Lee Graham,Week2,381.0 Lee Graham - 20.0 Pinewood Lake
Pinecrest,Week5,Truro,Week5,306.0 Pinecrest - 95.0 Truro
Pinewood Lake,Week2,Springboard,Week5,314.0 Springboard - 85.0 Pinewood Lake
Pinewood Lake,Week5,Fairfax,Week3,373.0 Fairfax - 28.0 Pinewood Lake
Pinecrest,Week1,Sully Station II,Week4,233.0 Pinecrest - 169.0 Sully Station II
Pinecrest,Week5,Sully Station,Week2,223.0 Pinecrest - 179.0 Sully Station
Pinewood Lake,Week4,Bren Mar-Edsall Park,Week2,227.0 Bren Mar-Edsall Park - 159.0 Pinewood Lake
Pinecrest,Week5,Truro,Week3,329.0 Pinecrest - 73.0 Truro
Pinewood Lake,Week5,Lee Graham,Week5,388.0 Lee Graham - 13.0 Pinewood Lake
Pleasant Valley,Week1,Arlington Forest,Week2,296.0 Arlington Forest - 106.0 Pleasant Valley
Pinewood Lake,Week4,Hunter Mill,Week3,360.0 Hunter Mill - 38.0 Pinewood Lake
Pinewood Lake,Week2,Brookfield ,Week1,366.0 Brookfield - 34.0 Pinewood Lake
Pinewood Lake,Week1,Brookfield ,Week5,363.0 Brookfield - 34.0 Pinewood Lake
Pinewood Lake,Week5,Forest Hollow,Week3,354.0 Forest Hollow - 44.0 Pinewood Lake
Pinecrest,Week4,Truro,Week2,330.0 Pinecrest - 72.0 Truro
Pinewood Lake,Week3,Lee Graham,Week5,390.0 Lee Graham - 11.0 Pinewood Lake
Pinewood Lake,Week4,Springboard,Week1,302.0 Springboard - 90.0 Pinewood Lake
Pinewood Lake,Week1,Ilda Community,Week1,332.0 Ilda Community - 54.0 Pinewood Lake
Pinecrest,Week3,Tuckahoe,Week4,285.0 Tuckahoe - 117.0 Pinecrest
Pinecrest,Week3,Sully Station II,Week1,240.0 Pinecrest - 162.0 Sully Station II
Pinecrest,Week4,Sully Station II,Week3,206.5 Sully Station II - 195.5 Pinecrest
Pinewood Lake,Week5,Lee Graham,Week3,381.0 Lee Graham - 19.0 Pinewood Lake
Pinewood Lake,Week1,Ilda Community,Week2,348.0 Ilda Community - 45.0 Pinewood Lake
Pinewood Lake,Week5,Fairfax,Week2,373.0 Fairfax - 29.0 Pinewood Lake
Pinewood Lake,Week4,Forest Hollow,Week3,369.0 Forest Hollow - 29.0 Pinewood Lake
Pleasant Valley,Week4,Annandale,Week4,246.0 Annandale - 150.0 Pleasant Valley
Pinewood Lake,Week2,Brookfield ,Week3,361.0 Brookfield - 41.0 Pinewood Lake
Pinewood Lake,Week4,Hunter Mill,Week4,370.0 Hunter Mill - 27.0 Pinewood Lake
Pinecrest,Week4,Truro,Week3,329.0 Pinecrest - 73.0 Truro
Pinewood Lake,Week5,Springboard,Week1,307.0 Springboard - 86.0 Pinewood Lake
Pinewood Lake,Week1,Fairfax Club Estates,Week2,323.0 Fairfax Club Estates - 69.0 Pinewood Lake
Pleasant Valley,Week4,Annandale,Week5,244.0 Annandale - 156.0 Pleasant Valley
Pinewood Lake,Week4,Forest Hollow,Week1,368.0 Forest Hollow - 30.0 Pinewood Lake
Pinewood Lake,Week1,Lee Graham,Week3,375.0 Lee Graham - 26.0 Pinewood Lake
Pinewood Lake,Week2,Brookfield ,Week4,366.0 Brookfield - 34.0 Pinewood Lake
Pinewood Lake,Week2,Fairfax Club Estates,Week5,320.0 Fairfax Club Estates - 71.0 Pinewood Lake
Pinecrest,Week3,Vienna Aquatic,Week2,210.0 Pinecrest - 192.0 Vienna Aquatic
Pinewood Lake,Week3,Springboard,Week1,314.0 Springboard - 75.0 Pinewood Lake
Pinewood Lake,Week2,Brookfield ,Week2,354.0 Brookfield - 47.0 Pinewood Lake
Pinewood Lake,Week3,Brookfield ,Week5,367.0 Brookfield - 34.0 Pinewood Lake
Pinewood Lake,Week2,Ilda Community,Week1,330.0 Ilda Community - 57.0 Pinewood Lake
Pinewood Lake,Week2,Forest Hollow,Week3,363.0 Forest Hollow - 37.0 Pinewood Lake
Pleasant Valley,Week3,Annandale,Week4,206.0 Pleasant Valley - 195.0 Annandale
Pinewood Lake,Week1,Lee Graham,Week4,377.0 Lee Graham - 23.0 Pinewood Lake
Pinecrest,Week4,Tuckahoe,Week3,304.0 Tuckahoe - 98.0 Pinecrest
Pinecrest,Week5,Sully Station II,Week1,230.0 Pinecrest - 172.0 Sully Station II
Pinewood Lake,Week5,Forest Hollow,Week4,360.0 Forest Hollow - 41.0 Pinewood Lake
Pinewood Lake,Week5,Springboard,Week2,289.0 Springboard - 101.0 Pinewood Lake
Pinewood Lake,Week4,Fairfax Club Estates,Week2,309.0 Fairfax Club Estates - 84.0 Pinewood Lake
Pinecrest,Week1,Truro,Week2,310.0 Pinecrest - 92.0 Truro
Pinewood Lake,Week1,Ilda Community,Week3,319.0 Ilda Community - 59.0 Pinewood Lake
Pleasant Valley,Week2,Annandale,Week3,242.0 Annandale - 160.0 Pleasant Valley
Pinewood Lake,Week2,Fairfax Club Estates,Week3,328.0 Fairfax Club Estates - 60.0 Pinewood Lake
Pinewood Lake,Week2,Lee Graham,Week3,384.0 Lee Graham - 16.0 Pinewood Lake
Pleasant Valley,Week5,Annandale,Week2,238.0 Annandale - 159.0 Pleasant Valley
Pinewood Lake,Week1,Brookfield ,Week3,360.0 Brookfield - 41.0 Pinewood Lake
Pleasant Valley,Week1,Arlington Forest,Week3,295.0 Arlington Forest - 103.0 Pleasant Valley
Pinewood Lake,Week2,Fairfax Club Estates,Week1,334.0 Fairfax Club Estates - 55.0 Pinewood Lake
Pinecrest,Week1,Truro,Week1,289.0 Pinecrest - 113.0 Truro
Pinecrest,Week2,Vienna Aquatic,Week5,232.0 Vienna Aquatic - 170.0 Pinecrest
Pinecrest,Week5,Tuckahoe,Week4,298.0 Tuckahoe - 104.0 Pinecrest
Pinewood Lake,Week4,Fairfax Club Estates,Week4,325.0 Fairfax Club Estates - 74.0 Pinewood Lake
Pinewood Lake,Week1,Fox Hunt,Week1,354.0 Fox Hunt - 44.0 Pinewood Lake
Pinewood Lake,Week2,Brookfield ,Week5,358.0 Brookfield - 43.0 Pinewood Lake
Pinewood Lake,Week2,Ilda Community,Week5,326.0 Ilda Community - 62.0 Pinewood Lake
Pinewood Lake,Week4,Lee Graham,Week3,383.0 Lee Graham - 16.0 Pinewood Lake
Pinecrest,Week1,Truro,Week3,304.0 Pinecrest - 98.0 Truro
Pinewood Lake,Week5,Forest Hollow,Week1,362.0 Forest Hollow - 36.0 Pinewood Lake
Pleasant Valley,Week5,Annandale,Week4,229.0 Annandale - 167.0 Pleasant Valley
Pinewood Lake,Week1,Springboard,Week3,332.0 Springboard - 58.0 Pinewood Lake
Pinewood Lake,Week2,Lee Graham,Week5,388.0 Lee Graham - 13.0 Pinewood Lake
Pinewood Lake,Week3,Springboard,Week5,327.0 Springboard - 71.0 Pinewood Lake
Pinewood Lake,Week3,Forest Hollow,Week4,373.0 Forest Hollow - 28.0 Pinewood Lake
Pinewood Lake,Week3,Springboard,Week3,330.0 Springboard - 58.0 Pinewood Lake
Pinecrest,Week5,Sully Station II,Week3,203.0 Sully Station II - 199.0 Pinecrest
Pinewood Lake,Week4,Lee Graham,Week4,383.0 Lee Graham - 17.0 Pinewood Lake
Pinecrest,Week2,Vienna Aquatic,Week2,210.0 Vienna Aquatic - 192.0 Pinecrest
Pinewood Lake,Week3,Forest Hollow,Week2,363.0 Forest Hollow - 35.0 Pinewood Lake
Pinewood Lake,Week1,Brookfield ,Week4,364.0 Brookfield - 36.0 Pinewood Lake
Pinewood Lake,Week2,Ilda Community,Week2,341.0 Ilda Community - 54.0 Pinewood Lake
Pleasant Valley,Week2,Arlington Forest,Week3,290.0 Arlington Forest - 108.0 Pleasant Valley
Pinewood Lake,Week3,Daventry,Week1,296.0 Daventry - 76.0 Pinewood Lake
Pinewood Lake,Week3,Ilda Community,Week4,350.0 Ilda Community - 44.0 Pinewood Lake
Pleasant Valley,Week2,Arlington Forest,Week4,312.0 Arlington Forest - 90.0 Pleasant Valley
Pinewood Lake,Week2,Fox Mill Estates,Week1,327.0 Fox Mill Estates - 70.0 Pinewood Lake
Pinecrest,Week3,Vienna Aquatic,Week5,236.0 Vienna Aquatic - 166.0 Pinecrest
Pinewood Lake,Week3,Brookfield ,Week1,371.0 Brookfield - 29.0 Pinewood Lake
Pinecrest,Week2,Truro,Week3,316.0 Pinecrest - 86.0 Truro
Pinewood Lake,Week4,Fox Hunt,Week5,372.0 Fox Hunt - 26.0 Pinewood Lake
Pinecrest,Week4,Vienna Aquatic,Week2,206.0 Vienna Aquatic - 196.0 Pinecrest
Pinecrest,Week2,Vienna Aquatic,Week4,209.0 Pinecrest - 193.0 Vienna Aquatic
Pinewood Lake,Week5,Crosspointe,Week1,375.0 Crosspointe - 26.0 Pinewood Lake
Pinecrest,Week5,Tuckahoe,Week2,255.5 Tuckahoe - 146.5 Pinecrest
Pinecrest,Week1,Truro,Week5,284.0 Pinecrest - 118.0 Truro
Pinewood Lake,Week4,Springboard,Week4,300.0 Springboard - 88.0 Pinewood Lake
Pinewood Lake,Week3,Springboard,Week4,310.0 Springboard - 78.0 Pinewood Lake
Pinewood Lake,Week2,Daventry,Week4,304.0 Daventry - 82.0 Pinewood Lake
Pinewood Lake,Week5,Laurel Hill,Week4,321.0 Laurel Hill - 74.0 Pinewood Lake
Pinewood Lake,Week3,Brookfield ,Week2,374.0 Brookfield - 27.0 Pinewood Lake
Pinewood Lake,Week4,Crosspointe,Week1,378.0 Crosspointe - 23.0 Pinewood Lake
Pinecrest,Week1,Truro,Week4,286.0 Pinecrest - 116.0 Truro
Pinecrest,Week5,Sully Station II,Week5,209.5 Sully Station II - 192.5 Pinecrest
Pinewood Lake,Week4,Lee Graham,Week2,383.0 Lee Graham - 18.0 Pinewood Lake
Pinewood Lake,Week1,Brookfield ,Week1,370.0 Brookfield - 31.0 Pinewood Lake
Pleasant Valley,Week3,Annandale,Week1,201.0 Annandale - 201.0 Pleasant Valley
Pinewood Lake,Week2,Lee Graham,Week1,378.0 Lee Graham - 17.0 Pinewood Lake
Pinewood Lake,Week3,Ilda Community,Week3,322.0 Ilda Community - 66.0 Pinewood Lake
Pleasant Valley,Week1,Arlington Forest,Week4,319.0 Arlington Forest - 83.0 Pleasant Valley
Pinewood Lake,Week3,Lee Graham,Week2,391.0 Lee Graham - 10.0 Pinewood Lake
Pinewood Lake,Week1,Ilda Community,Week4,343.0 Ilda Community - 47.0 Pinewood Lake
Pinewood Lake,Week5,Fox Hunt,Week3,351.0 Fox Hunt - 39.0 Pinewood Lake
Pinewood Lake,Week4,Springboard,Week3,317.0 Springboard - 73.0 Pinewood Lake
Pinewood Lake,Week4,Bren Mar-Edsall Park,Week3,257.0 Bren Mar-Edsall Park - 130.0 Pinewood Lake
Pinewood Lake,Week2,Springboard,Week1,303.0 Springboard - 88.0 Pinewood Lake
Pinewood Lake,Week3,Ilda Community,Week1,336.5 Ilda Community - 50.5 Pinewood Lake
Pinecrest,Week1,Vienna Aquatic,Week5,245.5 Vienna Aquatic - 156.5 Pinecrest
Pinewood Lake,Week3,Fox Hunt,Week3,364.0 Fox Hunt - 25.0 Pinewood Lake
Pinewood Lake,Week4,Brookfield ,Week1,363.0 Brookfield - 37.0 Pinewood Lake
Pinewood Lake,Week3,Fox Hunt,Week2,361.0 Fox Hunt - 35.0 Pinewood Lake
Pleasant Valley,Week3,Annandale,Week5,223.0 Annandale - 179.0 Pleasant Valley
Pinewood Lake,Week1,Lee Graham,Week1,370.0 Lee Graham - 25.0 Pinewood Lake
Pinecrest,Week2,Vienna Aquatic,Week1,203.0 Vienna Aquatic - 199.0 Pinecrest
Pinewood Lake,Week5,Springboard,Week3,325.0 Springboard - 71.0 Pinewood Lake
Pinewood Lake,Week2,Ilda Community,Week4,338.0 Ilda Community - 56.0 Pinewood Lake
Pinecrest,Week2,Truro,Week5,294.0 Pinecrest - 108.0 Truro
Pinewood Lake,Week3,Ilda Community,Week5,337.0 Ilda Community - 51.0 Pinewood Lake
Pinewood Lake,Week4,Ilda Community,Week1,318.0 Ilda Community - 69.0 Pinewood Lake
Pinewood Lake,Week2,Lee Graham,Week2,387.0 Lee Graham - 14.0 Pinewood Lake
Pinewood Lake,Week2,Fox Mill Estates,Week3,344.0 Fox Mill Estates - 55.0 Pinewood Lake
Pinewood Lake,Week2,Fox Hunt,Week4,359.0 Fox Hunt - 37.0 Pinewood Lake
Pinewood Lake,Week5,Bren Mar-Edsall Park,Week4,268.0 Bren Mar-Edsall Park - 116.0 Pinewood Lake
Pinecrest,Week3,Truro,Week1,313.0 Pinecrest - 89.0 Truro
Pinewood Lake,Week3,Brookfield ,Week3,363.0 Brookfield - 39.0 Pinewood Lake
Pleasant Valley,Week4,Annandale,Week3,255.0 Annandale - 140.0 Pleasant Valley
Pinecrest,Week1,Vienna Aquatic,Week1,221.0 Vienna Aquatic - 181.0 Pinecrest
Pinecrest,Week1,Vienna Aquatic,Week4,224.0 Vienna Aquatic - 178.0 Pinecrest
Pinewood Lake,Week5,Laurel Hill,Week5,317.5 Laurel Hill - 69.5 Pinewood Lake
Pinewood Lake,Week2,Springboard,Week2,289.0 Springboard - 95.0 Pinewood Lake
Pinewood Lake,Week3,Daventry,Week3,292.0 Daventry - 73.0 Pinewood Lake
Pinewood Lake,Week2,Crosspointe,Week3,359.0 Crosspointe - 31.0 Pinewood Lake
Pinewood Lake,Week2,Crosspointe,Week4,375.0 Crosspointe - 25.0 Pinewood Lake
Pinewood Lake,Week5,Hunter Mill,Week5,367.0 Hunter Mill - 34.0 Pinewood Lake
Pinecrest,Week2,Truro,Week2,319.0 Pinecrest - 83.0 Truro
Pleasant Valley,Week2,Annandale,Week5,243.0 Annandale - 158.0 Pleasant Valley
Pinewood Lake,Week4,Brookfield ,Week3,358.0 Brookfield - 43.0 Pinewood Lake
Pinewood Lake,Week5,Springboard,Week5,313.0 Springboard - 85.0 Pinewood Lake
Pleasant Valley,Week5,Annandale,Week5,221.0 Annandale - 175.0 Pleasant Valley
Pinewood Lake,Week1,Lee Graham,Week5,381.0 Lee Graham - 20.0 Pinewood Lake
Pinewood Lake,Week3,Springfield,Week4,202.0 Springfield - 127.0 Pinewood Lake
Pinewood Lake,Week3,Crosspointe,Week3,366.0 Crosspointe - 24.0 Pinewood Lake
Pinewood Lake,Week3,Fox Hunt,Week1,361.0 Fox Hunt - 38.0 Pinewood Lake
Pinecrest,Week3,Truro,Week2,329.0 Pinecrest - 73.0 Truro
Pleasant Valley,Week4,Arlington Forest,Week2,308.0 Arlington Forest - 94.0 Pleasant Valley
Pinecrest,Week4,Vienna Aquatic,Week1,202.0 Pinecrest - 200.0 Vienna Aquatic
Pinewood Lake,Week4,Ilda Community,Week3,315.0 Ilda Community - 72.0 Pinewood Lake
Pinewood Lake,Week4,Lee Graham,Week5,390.0 Lee Graham - 11.0 Pinewood Lake
Pinewood Lake,Week3,Springfield,Week2,167.0 Springfield - 142.0 Pinewood Lake
Pinewood Lake,Week4,Ilda Community,Week5,324.0 Ilda Community - 62.0 Pinewood Lake
Pinewood Lake,Week5,Ilda Community,Week3,313.0 Ilda Community - 79.0 Pinewood Lake
Pinewood Lake,Week5,Crosspointe,Week4,371.0 Crosspointe - 29.0 Pinewood Lake
Pleasant Valley,Week5,Annandale,Week1,207.0 Annandale - 188.0 Pleasant Valley
Pinecrest,Week3,Vienna Aquatic,Week4,210.0 Pinecrest - 192.0 Vienna Aquatic
Pinewood Lake,Week1,Daventry,Week5,296.0 Daventry - 84.0 Pinewood Lake
Pleasant Valley,Week3,Arlington Forest,Week5,300.0 Arlington Forest - 102.0 Pleasant Valley
Pinewood Lake,Week4,Fox Hunt,Week1,353.0 Fox Hunt - 47.0 Pinewood Lake
Pinewood Lake,Week5,Fox Hunt,Week2,350.0 Fox Hunt - 48.0 Pinewood Lake
Pinecrest,Week3,Vienna Aquatic,Week1,206.0 Pinecrest - 196.0 Vienna Aquatic
Pinewood Lake,Week1,Springfield,Week4,210.0 Springfield - 123.0 Pinewood Lake
Pinewood Lake,Week4,Bren Mar-Edsall Park,Week4,274.0 Bren Mar-Edsall Park - 107.0 Pinewood Lake
Pinecrest,Week3,Truro,Week3,326.0 Pinecrest - 76.0 Truro
Pinecrest,Week2,Truro,Week4,294.0 Pinecrest - 108.0 Truro
Pinewood Lake,Week5,Ilda Community,Week5,317.0 Ilda Community - 71.0 Pinewood Lake
Pinewood Lake,Week5,Bren Mar-Edsall Park,Week5,230.0 Bren Mar-Edsall Park - 145.0 Pinewood Lake
Pinewood Lake,Week2,Springfield,Week2,167.0 Springfield - 145.0 Pinewood Lake
Pinewood Lake,Week3,Fox Hunt,Week5,379.0 Fox Hunt - 19.0 Pinewood Lake
Pinewood Lake,Week5,Lee Graham,Week1,374.0 Lee Graham - 21.0 Pinewood Lake
Pinewood Lake,Week4,Brookfield ,Week2,366.0 Brookfield - 34.0 Pinewood Lake
Pinewood Lake,Week1,Daventry,Week3,291.0 Daventry - 77.0 Pinewood Lake
Pinewood Lake,Week3,Lee Graham,Week4,385.0 Lee Graham - 15.0 Pinewood Lake
Pinewood Lake,Week3,Brookfield ,Week4,374.0 Brookfield - 25.0 Pinewood Lake
Pinewood Lake,Week3,Springfield,Week1,198.0 Springfield - 132.0 Pinewood Lake
Pleasant Valley,Week5,Arlington Forest,Week5,307.0 Arlington Forest - 95.0 Pleasant Valley
Pinewood Lake,Week5,Brookfield ,Week2,356.0 Brookfield - 44.0 Pinewood Lake
Pinewood Lake,Week1,Kent Gardens,Week3,355.0 Kent Gardens - 42.0 Pinewood Lake
Pinewood Lake,Week1,Kent Gardens,Week1,365.0 Kent Gardens - 32.0 Pinewood Lake
Pinewood Lake,Week5,Brookfield ,Week1,355.0 Brookfield - 46.0 Pinewood Lake
Pinewood Lake,Week1,Daventry,Week4,305.0 Daventry - 80.0 Pinewood Lake
Pinewood Lake,Week1,Fox Mill Estates,Week2,340.0 Fox Mill Estates - 57.0 Pinewood Lake
Pinewood Lake,Week2,Kent Gardens,Week2,348.0 Kent Gardens - 49.0 Pinewood Lake
Pinecrest,Week1,Vienna Woods,Week2,247.0 Vienna Woods - 155.0 Pinecrest
Pinecrest,Week4,Tuckahoe,Week2,267.0 Tuckahoe - 135.0 Pinecrest
Pinewood Lake,Week3,Crosspointe,Week2,376.0 Crosspointe - 24.0 Pinewood Lake
Pinecrest,Week4,Vienna Aquatic,Week3,218.0 Vienna Aquatic - 184.0 Pinecrest
Pinewood Lake,Week3,Springfield,Week3,164.0 Springfield - 135.0 Pinewood Lake
Pinecrest,Week4,Tuckahoe,Week4,301.0 Tuckahoe - 101.0 Pinecrest
Pinewood Lake,Week3,Fox Hunt,Week4,367.0 Fox Hunt - 29.0 Pinewood Lake
Pinewood Lake,Week4,Fox Hunt,Week3,358.0 Fox Hunt - 32.0 Pinewood Lake
Pleasant Valley,Week2,Brandywine,Week3,305.0 Brandywine - 97.0 Pleasant Valley
Pinecrest,Week4,Vienna Aquatic,Week4,201.0 Pinecrest - 201.0 Vienna Aquatic
Pinewood Lake,Week5,Ilda Community,Week4,330.0 Ilda Community - 65.0 Pinewood Lake
Pinewood Lake,Week2,Springfield,Week1,191.0 Springfield - 138.0 Pinewood Lake
Pleasant Valley,Week5,Arlington Forest,Week1,307.0 Arlington Forest - 95.0 Pleasant Valley
Pinewood Lake,Week2,Stratford,Week5,336.0 Stratford - 54.0 Pinewood Lake
Pinewood Lake,Week1,Fox Hunt,Week4,360.5 Fox Hunt - 35.5 Pinewood Lake
Pinewood Lake,Week4,Springfield,Week3,159.0 Pinewood Lake - 151.0 Springfield
Pinewood Lake,Week2,Lee Graham,Week4,384.0 Lee Graham - 16.0 Pinewood Lake
Pleasant Valley,Week5,Arlington Forest,Week4,309.0 Arlington Forest - 92.0 Pleasant Valley
Pinewood Lake,Week4,Broyhill Crest,Week3,287.0 Broyhill Crest - 108.0 Pinewood Lake
Pinewood Lake,Week3,Lee Graham,Week3,385.0 Lee Graham - 15.0 Pinewood Lake
Pinewood Lake,Week4,Crosspointe,Week5,379.0 Crosspointe - 22.0 Pinewood Lake
Pinewood Lake,Week4,Brookfield ,Week4,369.0 Brookfield - 32.0 Pinewood Lake
Pinewood Lake,Week3,Crosspointe,Week4,380.0 Crosspointe - 20.0 Pinewood Lake
Pinewood Lake,Week1,Lee Graham,Week2,378.0 Lee Graham - 23.0 Pinewood Lake
Pinewood Lake,Week3,Lee Graham,Week1,380.0 Lee Graham - 15.0 Pinewood Lake
Pleasant Valley,Week1,Brandywine,Week2,300.0 Brandywine - 102.0 Pleasant Valley
Pinewood Lake,Week1,Fox Mill Estates,Week3,344.0 Fox Mill Estates - 55.0 Pinewood Lake
Pleasant Valley,Week3,Arlington Forest,Week2,282.0 Arlington Forest - 120.0 Pleasant Valley
Pinewood Lake,Week1,Lincolnia Park,Week1,306.0 Lincolnia Park - 70.0 Pinewood Lake
Pinecrest,Week4,Tuckahoe,Week5,284.0 Tuckahoe - 118.0 Pinecrest
Pinewood Lake,Week2,Springfield,Week3,154.0 Springfield - 151.0 Pinewood Lake
Pinewood Lake,Week4,Lee Graham,Week1,381.0 Lee Graham - 14.0 Pinewood Lake
Pleasant Valley,Week1,Brandywine,Week3,306.0 Brandywine - 96.0 Pleasant Valley
Pinewood Lake,Week5,Lee Graham,Week4,378.0 Lee Graham - 22.0 Pinewood Lake
Pinewood Lake,Week5,Fox Hunt,Week5,370.0 Fox Hunt - 28.0 Pinewood Lake
Pinewood Lake,Week5,Fox Hunt,Week1,349.0 Fox Hunt - 51.0 Pinewood Lake
Pleasant Valley,Week2,Brandywine,Week1,283.0 Brandywine - 119.0 Pleasant Valley
Pinewood Lake,Week5,Springfield,Week1,178.0 Springfield - 164.0 Pinewood Lake
Pinewood Lake,Week2,Fox Hunt,Week1,358.0 Fox Hunt - 41.0 Pinewood Lake
Pinewood Lake,Week1,Kent Gardens,Week5,370.0 Kent Gardens - 31.0 Pinewood Lake
Pinewood Lake,Week5,Crosspointe,Week5,372.0 Crosspointe - 29.0 Pinewood Lake
Pinewood Lake,Week5,Broyhill Crest,Week4,279.0 Broyhill Crest - 109.0 Pinewood Lake
Pinewood Lake,Week5,Broyhill Crest,Week2,259.0 Broyhill Crest - 125.0 Pinewood Lake
Pinewood Lake,Week5,Brookfield ,Week4,360.0 Brookfield - 41.0 Pinewood Lake
Pinecrest,Week1,Vienna Aquatic,Week3,234.0 Vienna Aquatic - 168.0 Pinecrest
Pinecrest,Week5,Tuckahoe,Week5,284.0 Tuckahoe - 118.0 Pinecrest
Pinewood Lake,Week2,Kent Gardens,Week1,355.0 Kent Gardens - 42.0 Pinewood Lake
Pinewood Lake,Week1,Daventry,Week2,306.0 Daventry - 80.0 Pinewood Lake
Pinewood Lake,Week3,Crosspointe,Week5,378.0 Crosspointe - 23.0 Pinewood Lake
Pinewood Lake,Week1,Burke Station,Week1,307.0 Burke Station - 64.0 Pinewood Lake
Pinewood Lake,Week2,Kent Gardens,Week3,346.0 Kent Gardens - 51.0 Pinewood Lake
Pleasant Valley,Week3,Arlington Forest,Week3,271.0 Arlington Forest - 131.0 Pleasant Valley
Pinecrest,Week5,Rolling Hills,Week2,310.0 Pinecrest - 87.0 Rolling Hills
Pinewood Lake,Week1,Kent Gardens,Week2,358.0 Kent Gardens - 40.0 Pinewood Lake
Pinecrest,Week5,Tuckahoe,Week1,246.0 Tuckahoe - 156.0 Pinecrest
Pinewood Lake,Week5,Springfield,Week2,177.0 Pinewood Lake - 160.0 Springfield
Pinewood Lake,Week1,Daventry,Week1,295.0 Daventry - 81.0 Pinewood Lake
Pinewood Lake,Week1,Lincolnia Park,Week3,316.0 Lincolnia Park - 56.0 Pinewood Lake
Pinewood Lake,Week2,Lincolnia Park,Week1,287.0 Lincolnia Park - 88.0 Pinewood Lake
Pinecrest,Week5,Tuckahoe,Week3,295.0 Tuckahoe - 107.0 Pinecrest
Pinewood Lake,Week5,Springfield,Week4,187.0 Springfield - 165.0 Pinewood Lake
Pinewood Lake,Week1,Lincolnia Park,Week5,314.0 Lincolnia Park - 62.0 Pinewood Lake
Pinewood Lake,Week5,Crosspointe,Week3,360.0 Crosspointe - 35.0 Pinewood Lake
Pinecrest,Week4,Rolling Hills,Week3,305.0 Pinecrest - 97.0 Rolling Hills
Pinewood Lake,Week4,Stratford,Week4,352.5 Stratford - 47.5 Pinewood Lake
Pinecrest,Week2,Rolling Hills,Week5,307.0 Pinecrest - 95.0 Rolling Hills
Pleasant Valley,Week4,Brandywine,Week3,307.0 Brandywine - 80.0 Pleasant Valley
Pinecrest,Week2,Vienna Aquatic,Week3,211.0 Vienna Aquatic - 191.0 Pinecrest
Pinewood Lake,Week3,Kent Gardens,Week1,361.0 Kent Gardens - 36.0 Pinewood Lake
Pleasant Valley,Week3,Arlington Forest,Week1,305.0 Arlington Forest - 97.0 Pleasant Valley
Pleasant Valley,Week1,Brandywine,Week1,283.0 Brandywine - 119.0 Pleasant Valley
Pinewood Lake,Week1,Lincolnia Park,Week4,298.0 Lincolnia Park - 66.0 Pinewood Lake
Pinewood Lake,Week2,Stratford,Week1,310.0 Stratford - 79.0 Pinewood Lake
Pinecrest,Week1,Vienna Aquatic,Week2,230.0 Vienna Aquatic - 172.0 Pinecrest
Pinewood Lake,Week4,Crosspointe,Week3,365.0 Crosspointe - 25.0 Pinewood Lake
Pinewood Lake,Week2,Kent Gardens,Week5,366.0 Kent Gardens - 34.0 Pinewood Lake
Pinewood Lake,Week1,Burke Station,Week4,319.0 Burke Station - 62.0 Pinewood Lake
Pinewood Lake,Week5,Springfield,Week5,179.0 Pinewood Lake - 171.0 Springfield
Pinewood Lake,Week2,Fox Hunt,Week5,373.0 Fox Hunt - 25.0 Pinewood Lake
Pinewood Lake,Week1,Fox Mill Estates,Week1,338.0 Fox Mill Estates - 54.0 Pinewood Lake
Pinewood Lake,Week2,Lincolnia Park,Week2,282.0 Lincolnia Park - 84.0 Pinewood Lake
Pinewood Lake,Week4,Crosspointe,Week4,379.0 Crosspointe - 21.0 Pinewood Lake
Pinewood Lake,Week4,Fox Hunt,Week4,360.0 Fox Hunt - 35.0 Pinewood Lake
Pinewood Lake,Week1,Fox Mill Estates,Week4,355.0 Fox Mill Estates - 44.0 Pinewood Lake
Pinecrest,Week5,Rolling Hills,Week5,316.0 Pinecrest - 86.0 Rolling Hills
Pinewood Lake,Week3,Kent Gardens,Week2,353.0 Kent Gardens - 44.0 Pinewood Lake
Pinewood Lake,Week3,Broyhill Crest,Week5,307.0 Broyhill Crest - 79.0 Pinewood Lake
Pinecrest,Week5,Rolling Hills,Week3,305.0 Pinecrest - 97.0 Rolling Hills
Pinewood Lake,Week2,Broyhill Crest,Week4,285.0 Broyhill Crest - 97.0 Pinewood Lake
Pinewood Lake,Week4,Crosspointe,Week2,377.0 Crosspointe - 23.0 Pinewood Lake
Pinewood Lake,Week1,Kent Gardens,Week4,362.0 Kent Gardens - 39.0 Pinewood Lake
Pinewood Lake,Week5,Stratford,Week1,299.0 Stratford - 86.0 Pinewood Lake
Pinecrest,Week5,Vienna Aquatic,Week4,199.0 Pinecrest - 198.0 Vienna Aquatic
Pinewood Lake,Week3,Kent Gardens,Week3,344.0 Kent Gardens - 52.0 Pinewood Lake
Pleasant Valley,Week5,Brandywine,Week4,306.0 Brandywine - 96.0 Pleasant Valley
Pinewood Lake,Week2,Broyhill Crest,Week2,266.0 Broyhill Crest - 110.0 Pinewood Lake
Pinewood Lake,Week4,Springfield,Week4,189.0 Springfield - 154.0 Pinewood Lake
Pinecrest,Week4,Rolling Hills,Week4,315.0 Pinecrest - 87.0 Rolling Hills
Pinewood Lake,Week2,Crosspointe,Week5,371.0 Crosspointe - 30.0 Pinewood Lake
Pinewood Lake,Week5,Lincolnia Park,Week1,289.0 Lincolnia Park - 98.0 Pinewood Lake
Pinewood Lake,Week5,Ilda Community,Week1,310.0 Ilda Community - 82.0 Pinewood Lake
Pinewood Lake,Week3,Crosspointe,Week1,380.0 Crosspointe - 21.0 Pinewood Lake
Pinewood Lake,Week2,Daventry,Week2,290.0 Daventry - 96.0 Pinewood Lake
Pleasant Valley,Week1,Bren Mar-Edsall Park,Week1,283.0 Pleasant Valley - 114.0 Bren Mar-Edsall Park
Pinecrest,Week3,Rolling Hills,Week1,307.0 Pinecrest - 95.0 Rolling Hills
Pinecrest,Week5,Vienna Aquatic,Week1,210.0 Vienna Aquatic - 192.0 Pinecrest
Pinewood Lake,Week4,Springfield,Week5,183.0 Springfield - 157.0 Pinewood Lake
Pinewood Lake,Week2,Lincolnia Park,Week4,276.0 Lincolnia Park - 91.0 Pinewood Lake
Pinewood Lake,Week2,Kent Gardens,Week4,354.0 Kent Gardens - 47.0 Pinewood Lake
Pinewood Lake,Week4,Broyhill Crest,Week2,266.0 Broyhill Crest - 119.0 Pinewood Lake
Pinecrest,Week5,Vienna Aquatic,Week3,211.0 Vienna Aquatic - 191.0 Pinecrest
Pinewood Lake,Week2,Little Hunting Park,Week4,342.0 Little Hunting Park - 57.0 Pinewood Lake
Pinewood Lake,Week1,Fox Hunt,Week5,371.0 Fox Hunt - 26.0 Pinewood Lake
Pinewood Lake,Week3,Broyhill Crest,Week2,276.0 Broyhill Crest - 102.0 Pinewood Lake
Pinewood Lake,Week3,Broyhill Crest,Week4,300.0 Broyhill Crest - 83.0 Pinewood Lake
Pleasant Valley,Week1,Brandywine,Week5,313.0 Brandywine - 88.0 Pleasant Valley
Pinewood Lake,Week4,Lincolnia Park,Week3,298.0 Lincolnia Park - 81.0 Pinewood Lake
Pinewood Lake,Week4,Fox Hunt,Week2,355.0 Fox Hunt - 43.0 Pinewood Lake
Pinecrest,Week3,Rolling Hills,Week3,310.0 Pinecrest - 92.0 Rolling Hills
Pinewood Lake,Week5,Springfield,Week3,177.0 Pinewood Lake - 144.0 Springfield
Pinewood Lake,Week2,Fox Hunt,Week3,356.0 Fox Hunt - 34.0 Pinewood Lake
Pinewood Lake,Week2,Fox Hunt,Week2,355.0 Fox Hunt - 41.0 Pinewood Lake
Pinecrest,Week5,Vienna Aquatic,Week5,239.0 Vienna Aquatic - 163.0 Pinecrest
Pinewood Lake,Week3,Kent Gardens,Week4,357.0 Kent Gardens - 43.0 Pinewood Lake
Pleasant Valley,Week3,Arlington Forest,Week4,305.0 Arlington Forest - 97.0 Pleasant Valley
Pinewood Lake,Week5,Crosspointe,Week2,373.0 Crosspointe - 28.0 Pinewood Lake
Pinecrest,Week1,Vienna Woods,Week1,268.0 Vienna Woods - 134.0 Pinecrest
Pleasant Valley,Week4,Arlington Forest,Week3,307.0 Arlington Forest - 91.0 Pleasant Valley
Pinewood Lake,Week1,Stratford,Week1,320.0 Stratford - 64.0 Pinewood Lake
Pinewood Lake,Week5,Ilda Community,Week2,322.0 Ilda Community - 73.0 Pinewood Lake
Pinecrest,Week2,Rolling Valley,Week3,351.0 Pinecrest - 51.0 Rolling Valley
Pinewood Lake,Week4,Ilda Community,Week4,338.0 Ilda Community - 56.0 Pinewood Lake
Pleasant Valley,Week2,Brandywine,Week5,311.0 Brandywine - 90.0 Pleasant Valley
Pinecrest,Week3,Vienna Aquatic,Week3,204.0 Vienna Aquatic - 198.0 Pinecrest
Pinewood Lake,Week1,Broyhill Crest,Week3,303.0 Broyhill Crest - 85.0 Pinewood Lake
Pinewood Lake,Week4,Broyhill Crest,Week5,299.0 Broyhill Crest - 91.0 Pinewood Lake
Pinecrest,Week3,Rolling Hills,Week5,319.5 Pinecrest - 82.5 Rolling Hills
Pinewood Lake,Week1,Stratford,Week2,346.0 Stratford - 48.0 Pinewood Lake
Pinewood Lake,Week5,Lincolnia Park,Week3,291.0 Lincolnia Park - 94.0 Pinewood Lake
Pleasant Valley,Week4,Arlington Forest,Week1,329.0 Arlington Forest - 68.0 Pleasant Valley
Pinewood Lake,Week2,Daventry,Week3,275.0 Daventry - 92.0 Pinewood Lake
Pinecrest,Week5,Vienna Aquatic,Week2,208.0 Vienna Aquatic - 194.0 Pinecrest
Pinewood Lake,Week4,Springfield,Week2,164.0 Pinewood Lake - 161.0 Springfield
Pinewood Lake,Week2,Daventry,Week5,288.0 Daventry - 90.0 Pinewood Lake
Pinewood Lake,Week4,Lincolnia Park,Week5,289.0 Lincolnia Park - 92.0 Pinewood Lake
Pinewood Lake,Week3,Kent Gardens,Week5,371.0 Kent Gardens - 29.0 Pinewood Lake
Pinecrest,Week1,Rolling Valley,Week2,324.0 Pinecrest - 78.0 Rolling Valley
Pinecrest,Week1,Rolling Valley,Week3,324.0 Pinecrest - 78.0 Rolling Valley
Pinewood Lake,Week4,Broyhill Crest,Week4,293.0 Broyhill Crest - 95.0 Pinewood Lake
Pinewood Lake,Week2,Fox Mill Estates,Week2,342.0 Fox Mill Estates - 55.0 Pinewood Lake
Pinewood Lake,Week4,Broyhill Crest,Week1,264.0 Broyhill Crest - 111.0 Pinewood Lake
Pleasant Valley,Week2,Arlington Forest,Week5,320.0 Arlington Forest - 81.0 Pleasant Valley
Pinecrest,Week4,Vienna Aquatic,Week5,238.0 Vienna Aquatic - 164.0 Pinecrest
Pinewood Lake,Week2,Springfield,Week4,198.0 Springfield - 129.0 Pinewood Lake
Pinewood Lake,Week2,Daventry,Week1,285.0 Daventry - 91.0 Pinewood Lake
Pinewood Lake,Week5,Lincolnia Park,Week2,276.0 Lincolnia Park - 107.0 Pinewood Lake
Pinewood Lake,Week5,Fox Hunt,Week4,353.0 Fox Hunt - 43.0 Pinewood Lake
Pinewood Lake,Week1,Fox Mill Estates,Week5,354.0 Fox Mill Estates - 46.0 Pinewood Lake
Pinewood Lake,Week5,Kent Gardens,Week1,346.0 Kent Gardens - 54.0 Pinewood Lake
Pinewood Lake,Week4,Daventry,Week3,275.0 Daventry - 98.0 Pinewood Lake
Pinewood Lake,Week1,Broyhill Crest,Week1,277.0 Broyhill Crest - 91.0 Pinewood Lake
Pleasant Valley,Week5,Brandywine,Week1,271.0 Brandywine - 129.0 Pleasant Valley
Pleasant Valley,Week4,Arlington Forest,Week4,324.0 Arlington Forest - 78.0 Pleasant Valley
Pleasant Valley,Week1,Brandywine,Week4,307.0 Brandywine - 95.0 Pleasant Valley
Pinewood Lake,Week1,Stratford,Week3,348.0 Stratford - 50.0 Pinewood Lake
Pinewood Lake,Week3,Kings Ridge ,Week4,356.0 Kings Ridge - 40.0 Pinewood Lake
Pinecrest,Week5,Vienna Woods,Week4,225.0 Vienna Woods - 177.0 Pinecrest
Pinewood Lake,Week1,Springfield,Week5,183.0 Springfield - 142.0 Pinewood Lake
Pinewood Lake,Week1,Little Hunting Park,Week1,344.0 Little Hunting Park - 56.0 Pinewood Lake
Pinewood Lake,Week1,Fox Mill Woods,Week4,376.0 Fox Mill Woods - 26.0 Pinewood Lake
Pinecrest,Week1,Villa Aquatic,Week2,247.0 Pinecrest - 155.0 Villa Aquatic
Pinewood Lake,Week3,Broyhill Crest,Week3,274.0 Broyhill Crest - 117.0 Pinewood Lake
Pinewood Lake,Week2,Fox Mill Estates,Week4,355.0 Fox Mill Estates - 42.0 Pinewood Lake
Pinewood Lake,Week5,Brookfield ,Week5,359.0 Brookfield - 43.0 Pinewood Lake
Pinewood Lake,Week1,Fox Mill Woods,Week3,375.0 Fox Mill Woods - 27.0 Pinewood Lake
Pinewood Lake,Week3,Kings Ridge ,Week1,347.0 Kings Ridge - 53.0 Pinewood Lake
Pinewood Lake,Week1,Little Hunting Park,Week3,345.0 Little Hunting Park - 51.0 Pinewood Lake
Pinecrest,Week2,Rolling Valley,Week4,343.0 Pinecrest - 59.0 Rolling Valley
Pinewood Lake,Week3,Daventry,Week2,300.0 Daventry - 85.0 Pinewood Lake
Pinecrest,Week4,Rolling Hills,Week1,306.0 Pinecrest - 96.0 Rolling Hills
Pinewood Lake,Week5,Lincolnia Park,Week5,293.0 Lincolnia Park - 91.0 Pinewood Lake
Pinewood Lake,Week4,Daventry,Week1,280.0 Daventry - 97.0 Pinewood Lake
Pinecrest,Week2,Rolling Valley,Week5,345.0 Pinecrest - 57.0 Rolling Valley
Pinewood Lake,Week4,Daventry,Week2,289.0 Daventry - 99.0 Pinewood Lake
Pinewood Lake,Week2,Springfield,Week5,185.0 Springfield - 151.0 Pinewood Lake
Pinewood Lake,Week2,Little Hunting Park,Week1,342.0 Little Hunting Park - 58.0 Pinewood Lake
Pinewood Lake,Week1,Broyhill Crest,Week5,318.0 Broyhill Crest - 69.0 Pinewood Lake
Pinecrest,Week1,Villa Aquatic,Week5,229.0 Pinecrest - 173.0 Villa Aquatic
Pinewood Lake,Week4,Kings Ridge ,Week3,330.0 Kings Ridge - 54.0 Pinewood Lake
Pinewood Lake,Week2,Fox Mill Woods,Week5,381.0 Fox Mill Woods - 21.0 Pinewood Lake
Pinecrest,Week5,Rolling Hills,Week4,305.0 Pinecrest - 93.0 Rolling Hills
Pinewood Lake,Week3,Fox Mill Woods,Week4,389.0 Fox Mill Woods - 13.0 Pinewood Lake
Pinewood Lake,Week4,Dominion Hills,Week3,372.0 Dominion Hills - 27.0 Pinewood Lake
Pleasant Valley,Week2,Brandywine,Week4,309.0 Brandywine - 93.0 Pleasant Valley
Pinewood Lake,Week1,Kings Ridge ,Week3,338.0 Kings Ridge - 47.0 Pinewood Lake
Pinecrest,Week4,Vienna Woods,Week3,221.0 Vienna Woods - 181.0 Pinecrest
Pinewood Lake,Week5,Brookfield ,Week3,353.0 Brookfield - 48.0 Pinewood Lake
Pleasant Valley,Week5,Arlington Forest,Week2,282.0 Arlington Forest - 120.0 Pleasant Valley
Pinewood Lake,Week4,Little Hunting Park,Week1,336.0 Little Hunting Park - 63.0 Pinewood Lake
Pleasant Valley,Week4,Arlington Forest,Week5,326.0 Arlington Forest - 75.0 Pleasant Valley
Pinewood Lake,Week2,Stratford,Week2,335.0 Stratford - 59.0 Pinewood Lake
Pinewood Lake,Week3,Fox Mill Estates,Week3,350.0 Fox Mill Estates - 48.0 Pinewood Lake
Pinewood Lake,Week1,Broyhill Crest,Week4,303.0 Broyhill Crest - 83.0 Pinewood Lake
Pinewood Lake,Week2,Kings Ridge ,Week3,335.0 Kings Ridge - 49.0 Pinewood Lake
Pinewood Lake,Week5,Daventry,Week2,291.0 Daventry - 97.0 Pinewood Lake
Pinecrest,Week2,Vienna Woods,Week4,220.0 Vienna Woods - 182.0 Pinecrest
Pinecrest,Week1,Rolling Valley,Week5,324.0 Pinecrest - 78.0 Rolling Valley
Pinewood Lake,Week4,Fox Mill Estates,Week5,363.0 Fox Mill Estates - 37.0 Pinewood Lake
Pinewood Lake,Week1,Stratford,Week4,358.0 Stratford - 42.0 Pinewood Lake
Pinecrest,Week5,Rolling Hills,Week1,303.0 Pinecrest - 98.0 Rolling Hills
Pinewood Lake,Week3,Daventry,Week5,300.0 Daventry - 83.0 Pinewood Lake
Pinecrest,Week4,Rolling Hills,Week5,319.0 Pinecrest - 83.0 Rolling Hills
Pinewood Lake,Week2,Little Hunting Park,Week2,336.0 Little Hunting Park - 58.0 Pinewood Lake
Pinewood Lake,Week3,Lincolnia Park,Week3,306.0 Lincolnia Park - 69.0 Pinewood Lake
Pinecrest,Week1,Rolling Valley,Week4,319.0 Pinecrest - 83.0 Rolling Valley
Pinewood Lake,Week3,Springfield,Week5,193.0 Springfield - 143.0 Pinewood Lake
Pinewood Lake,Week2,Broyhill Crest,Week5,295.0 Broyhill Crest - 90.0 Pinewood Lake
Pinewood Lake,Week2,Little Hunting Park,Week3,343.0 Little Hunting Park - 52.0 Pinewood Lake
Pinewood Lake,Week1,Kings Ridge ,Week5,346.0 Kings Ridge - 45.0 Pinewood Lake
Pinewood Lake,Week4,Springfield,Week1,186.0 Springfield - 147.0 Pinewood Lake
Pinecrest,Week1,Vienna Woods,Week3,259.0 Vienna Woods - 143.0 Pinecrest
Pinewood Lake,Week1,Fox Mill Woods,Week1,377.0 Fox Mill Woods - 24.0 Pinewood Lake
Pinewood Lake,Week2,Kings Ridge ,Week5,340.0 Kings Ridge - 54.0 Pinewood Lake
Pinecrest,Week3,Vienna Woods,Week5,266.0 Vienna Woods - 136.0 Pinecrest
Pleasant Valley,Week5,Arlington Forest,Week3,290.0 Arlington Forest - 111.0 Pleasant Valley
Pinewood Lake,Week5,Daventry,Week5,286.0 Daventry - 104.0 Pinewood Lake
Pinewood Lake,Week3,Stratford,Week1,319.0 Stratford - 69.0 Pinewood Lake
Pinewood Lake,Week3,Lincolnia Park,Week5,301.0 Lincolnia Park - 75.0 Pinewood Lake
Pinewood Lake,Week3,Kings Ridge ,Week5,344.0 Kings Ridge - 48.0 Pinewood Lake
Pinewood Lake,Week5,Fox Mill Estates,Week3,339.0 Fox Mill Estates - 61.0 Pinewood Lake
Pinewood Lake,Week2,Lincolnia Park,Week3,292.0 Lincolnia Park - 78.0 Pinewood Lake
Pinewood Lake,Week2,Broyhill Crest,Week3,275.0 Broyhill Crest - 111.0 Pinewood Lake
Pleasant Valley,Week3,Brandywine,Week2,286.0 Brandywine - 116.0 Pleasant Valley
Pinecrest,Week3,Vienna Woods,Week4,217.0 Vienna Woods - 185.0 Pinecrest
Pleasant Valley,Week3,Brandywine,Week4,296.0 Brandywine - 106.0 Pleasant Valley
Pinecrest,Week2,Rolling Valley,Week2,347.0 Pinecrest - 55.0 Rolling Valley
Pinecrest,Week1,Villa Aquatic,Week3,223.0 Pinecrest - 179.0 Villa Aquatic
Pinewood Lake,Week1,Dominion Hills,Week4,361.0 Dominion Hills - 29.0 Pinewood Lake
Pinewood Lake,Week3,Broyhill Crest,Week1,276.0 Broyhill Crest - 92.0 Pinewood Lake
Pinewood Lake,Week1,Dominion Hills,Week3,365.0 Dominion Hills - 35.0 Pinewood Lake
Pinewood Lake,Week5,Kent Gardens,Week4,349.0 Kent Gardens - 52.0 Pinewood Lake
Pinecrest,Week2,Rolling Valley,Week1,368.0 Pinecrest - 34.0 Rolling Valley
Pinewood Lake,Week2,Stratford,Week4,351.0 Stratford - 49.0 Pinewood Lake
Pinewood Lake,Week3,Kings Ridge ,Week2,331.0 Kings Ridge - 59.0 Pinewood Lake
Pinewood Lake,Week1,Broyhill Crest,Week2,289.0 Broyhill Crest - 92.0 Pinewood Lake
Pleasant Valley,Week2,Brandywine,Week2,297.0 Brandywine - 105.0 Pleasant Valley
Pinecrest,Week1,Villa Aquatic,Week1,266.0 Pinecrest - 136.0 Villa Aquatic
Pinewood Lake,Week3,Fox Mill Woods,Week2,385.0 Fox Mill Woods - 16.0 Pinewood Lake
Pinewood Lake,Week1,Dominion Hills,Week1,364.0 Dominion Hills - 33.0 Pinewood Lake
Pleasant Valley,Week3,Brandywine,Week1,268.0 Brandywine - 134.0 Pleasant Valley
Pinewood Lake,Week2,Stratford,Week3,342.0 Stratford - 57.0 Pinewood Lake
Pinewood Lake,Week2,Broyhill Crest,Week1,255.0 Broyhill Crest - 111.0 Pinewood Lake
Pinewood Lake,Week3,Lincolnia Park,Week4,279.0 Lincolnia Park - 89.0 Pinewood Lake
Pinewood Lake,Week5,Fox Mill Estates,Week4,352.0 Fox Mill Estates - 49.0 Pinewood Lake
Pinewood Lake,Week2,Dominion Hills,Week5,370.0 Dominion Hills - 29.0 Pinewood Lake
Pinecrest,Week3,Villa Aquatic,Week1,281.0 Pinecrest - 121.0 Villa Aquatic
Pinewood Lake,Week1,Stratford,Week5,339.0 Stratford - 47.0 Pinewood Lake
Pinecrest,Week1,Rolling Valley,Week1,356.0 Pinecrest - 46.0 Rolling Valley
Pinewood Lake,Week3,Stratford,Week2,339.0 Stratford - 59.0 Pinewood Lake
Pinewood Lake,Week1,Little Hunting Park,Week2,332.0 Little Hunting Park - 60.0 Pinewood Lake
Pinecrest,Week1,Vienna Woods,Week5,279.0 Vienna Woods - 123.0 Pinecrest
Pinecrest,Week2,Vienna Woods,Week1,253.0 Vienna Woods - 149.0 Pinecrest
Pinewood Lake,Week5,Broyhill Crest,Week5,286.0 Broyhill Crest - 104.0 Pinewood Lake
Pinecrest,Week3,Rolling Hills,Week2,311.0 Pinecrest - 91.0 Rolling Hills
Pinecrest,Week1,Vienna Woods,Week4,248.0 Vienna Woods - 154.0 Pinecrest
Pinewood Lake,Week4,Fox Mill Estates,Week2,336.0 Fox Mill Estates - 61.0 Pinewood Lake
Pinecrest,Week3,Vienna Woods,Week3,238.0 Vienna Woods - 164.0 Pinecrest
Pinewood Lake,Week5,Lincolnia Park,Week4,276.0 Lincolnia Park - 108.0 Pinewood Lake
Pinewood Lake,Week1,Kings Ridge ,Week2,330.0 Kings Ridge - 62.0 Pinewood Lake
Pinewood Lake,Week3,Lincolnia Park,Week2,289.0 Lincolnia Park - 88.0 Pinewood Lake
Pinewood Lake,Week1,Kings Ridge ,Week4,348.0 Kings Ridge - 51.0 Pinewood Lake
Pinewood Lake,Week1,Dominion Hills,Week2,375.0 Dominion Hills - 27.0 Pinewood Lake
Pinewood Lake,Week5,Broyhill Crest,Week3,271.0 Broyhill Crest - 126.0 Pinewood Lake
Pinewood Lake,Week1,Burke Station,Week2,319.0 Burke Station - 59.0 Pinewood Lake
Pleasant Valley,Week3,Brandywine,Week5,301.0 Brandywine - 101.0 Pleasant Valley
Pleasant Valley,Week4,Brandywine,Week2,306.0 Brandywine - 96.0 Pleasant Valley
Pinewood Lake,Week3,Fox Mill Estates,Week1,342.0 Fox Mill Estates - 54.0 Pinewood Lake
Pinewood Lake,Week4,Dominion Hills,Week1,362.0 Dominion Hills - 35.0 Pinewood Lake
Pinewood Lake,Week3,Fox Mill Estates,Week5,368.0 Fox Mill Estates - 31.0 Pinewood Lake
Pinecrest,Week4,Rolling Hills,Week2,304.0 Pinecrest - 98.0 Rolling Hills
Pleasant Valley,Week4,Brandywine,Week1,298.0 Brandywine - 104.0 Pleasant Valley
Pinewood Lake,Week5,Fox Mill Estates,Week2,333.0 Fox Mill Estates - 65.0 Pinewood Lake
Pinewood Lake,Week5,Kent Gardens,Week5,361.0 Kent Gardens - 41.0 Pinewood Lake
Pinewood Lake,Week5,Broyhill Crest,Week1,256.0 Broyhill Crest - 118.0 Pinewood Lake
Pinecrest,Week3,Rolling Hills,Week4,308.0 Pinecrest - 94.0 Rolling Hills
Pinewood Lake,Week3,Stratford,Week4,355.5 Stratford - 44.5 Pinewood Lake
Pinewood Lake,Week3,Stratford,Week5,339.0 Stratford - 49.0 Pinewood Lake
Pleasant Valley,Week4,Brandywine,Week4,314.0 Brandywine - 88.0 Pleasant Valley
Pinewood Lake,Week1,Little Hunting Park,Week5,336.0 Little Hunting Park - 54.0 Pinewood Lake
Pinewood Lake,Week4,Kent Gardens,Week5,365.0 Kent Gardens - 36.0 Pinewood Lake
Pinewood Lake,Week3,Dominion Hills,Week5,372.0 Dominion Hills - 27.0 Pinewood Lake
Pinewood Lake,Week5,Daventry,Week4,304.0 Daventry - 88.0 Pinewood Lake
Pinewood Lake,Week2,Fox Mill Woods,Week2,385.0 Fox Mill Woods - 16.0 Pinewood Lake
Pleasant Valley,Week3,Brandywine,Week3,284.0 Brandywine - 118.0 Pleasant Valley
Pinewood Lake,Week2,Dominion Hills,Week1,365.0 Dominion Hills - 32.0 Pinewood Lake
Pinewood Lake,Week5,Fox Mill Estates,Week5,353.0 Fox Mill Estates - 48.0 Pinewood Lake
Pinewood Lake,Week3,Stratford,Week3,347.0 Stratford - 52.0 Pinewood Lake
Pinewood Lake,Week3,Lincolnia Park,Week1,296.0 Lincolnia Park - 83.0 Pinewood Lake
Pinecrest,Week2,Vienna Woods,Week2,238.0 Vienna Woods - 164.0 Pinecrest
Pinewood Lake,Week4,Lincolnia Park,Week1,291.0 Lincolnia Park - 93.0 Pinewood Lake
Pinewood Lake,Week4,Lincolnia Park,Week2,283.0 Lincolnia Park - 95.0 Pinewood Lake
Pinewood Lake,Week4,Stratford,Week1,316.0 Stratford - 70.0 Pinewood Lake
Pinewood Lake,Week2,Camelot,Week1,333.0 Camelot - 60.0 Pinewood Lake
Pinewood Lake,Week5,Daventry,Week3,280.0 Daventry - 103.0 Pinewood Lake
Pleasant Valley,Week4,Brandywine,Week5,320.0 Brandywine - 81.0 Pleasant Valley
Pinewood Lake,Week1,Dominion Hills,Week5,368.0 Dominion Hills - 27.0 Pinewood Lake
Pinewood Lake,Week4,Stratford,Week2,334.0 Stratford - 65.0 Pinewood Lake
Pinewood Lake,Week4,Fox Mill Estates,Week4,361.0 Fox Mill Estates - 37.0 Pinewood Lake
Pinewood Lake,Week1,Burke Station,Week3,319.0 Burke Station - 50.0 Pinewood Lake
Pinewood Lake,Week4,Kings Ridge ,Week2,312.0 Kings Ridge - 80.0 Pinewood Lake
Pleasant Valley,Week5,Brandywine,Week2,291.0 Brandywine - 109.0 Pleasant Valley
Pinewood Lake,Week1,Camelot,Week1,345.0 Camelot - 47.0 Pinewood Lake
Pinewood Lake,Week4,Kent Gardens,Week2,343.0 Kent Gardens - 57.0 Pinewood Lake
Pinewood Lake,Week4,Stratford,Week3,340.0 Stratford - 59.0 Pinewood Lake
Pinewood Lake,Week1,Kings Ridge ,Week1,347.0 Kings Ridge - 46.0 Pinewood Lake
Pinewood Lake,Week2,Kings Ridge ,Week2,325.0 Kings Ridge - 65.0 Pinewood Lake
Pinewood Lake,Week5,Daventry,Week1,280.0 Daventry - 100.0 Pinewood Lake
Pinecrest,Week4,Vienna Woods,Week4,216.0 Vienna Woods - 186.0 Pinecrest
Pleasant Valley,Week5,Brandywine,Week3,285.0 Brandywine - 112.0 Pleasant Valley
Pinewood Lake,Week1,Camelot,Week4,353.0 Camelot - 46.0 Pinewood Lake
Pinecrest,Week3,Vienna Woods,Week2,237.0 Vienna Woods - 165.0 Pinecrest
Pinecrest,Week2,Vienna Woods,Week5,259.0 Vienna Woods - 143.0 Pinecrest
Pinewood Lake,Week4,Stratford,Week5,344.0 Stratford - 48.0 Pinewood Lake
Pinewood Lake,Week4,Lincolnia Park,Week4,270.0 Lincolnia Park - 104.0 Pinewood Lake
Pinewood Lake,Week3,Fox Mill Estates,Week2,344.0 Fox Mill Estates - 52.0 Pinewood Lake
Pinewood Lake,Week2,Lincolnia Park,Week5,304.0 Lincolnia Park - 74.0 Pinewood Lake
Pinewood Lake,Week4,Burke Station,Week1,286.0 Burke Station - 81.0 Pinewood Lake
Pinewood Lake,Week1,Fox Mill Woods,Week2,377.0 Fox Mill Woods - 24.0 Pinewood Lake
Pinecrest,Week4,Vienna Woods,Week2,230.0 Vienna Woods - 172.0 Pinecrest
Pleasant Valley,Week5,Brandywine,Week5,299.0 Brandywine - 102.0 Pleasant Valley
Pinewood Lake,Week2,Burke Station,Week2,312.0 Burke Station - 62.0 Pinewood Lake
Pinewood Lake,Week4,Kent Gardens,Week3,343.0 Kent Gardens - 57.0 Pinewood Lake
Pinewood Lake,Week4,Kent Gardens,Week4,354.0 Kent Gardens - 47.0 Pinewood Lake
Pinewood Lake,Week5,Stratford,Week4,345.0 Stratford - 55.0 Pinewood Lake
Pleasant Valley,Week1,Bren Mar-Edsall Park,Week3,252.0 Pleasant Valley - 148.0 Bren Mar-Edsall Park
Pinewood Lake,Week5,Kent Gardens,Week3,341.0 Kent Gardens - 59.0 Pinewood Lake
Pinewood Lake,Week1,Little Hunting Park,Week4,338.0 Little Hunting Park - 60.0 Pinewood Lake
Pinewood Lake,Week3,Little Hunting Park,Week1,353.0 Little Hunting Park - 46.0 Pinewood Lake
Pinewood Lake,Week2,Dominion Hills,Week3,367.0 Dominion Hills - 32.0 Pinewood Lake
Pinewood Lake,Week5,Stratford,Week2,328.0 Stratford - 72.0 Pinewood Lake
Pinewood Lake,Week5,Burke Station,Week4,298.0 Burke Station - 89.0 Pinewood Lake
Pinewood Lake,Week1,Sully Station,Week1,362.0 Sully Station - 32.0 Pinewood Lake
Pinewood Lake,Week3,Little Hunting Park,Week3,351.0 Little Hunting Park - 43.0 Pinewood Lake
Pinewood Lake,Week4,Burke Station,Week5,320.0 Burke Station - 63.0 Pinewood Lake
Pleasant Valley,Week2,Bren Mar-Edsall Park,Week5,259.0 Pleasant Valley - 135.0 Bren Mar-Edsall Park
Pinewood Lake,Week3,Dominion Hills,Week3,371.0 Dominion Hills - 28.0 Pinewood Lake
Pinewood Lake,Week2,Fox Mill Estates,Week5,356.0 Fox Mill Estates - 44.0 Pinewood Lake
Pinecrest,Week5,Vienna Woods,Week2,227.0 Vienna Woods - 174.0 Pinecrest
Pleasant Valley,Week2,Bren Mar-Edsall Park,Week1,266.0 Pleasant Valley - 131.0 Bren Mar-Edsall Park
Pinecrest,Week4,Vienna Woods,Week5,265.5 Vienna Woods - 136.5 Pinecrest
Pinewood Lake,Week3,Dominion Hills,Week1,372.0 Dominion Hills - 25.0 Pinewood Lake
Pinewood Lake,Week2,Fox Mill Woods,Week3,383.0 Fox Mill Woods - 19.0 Pinewood Lake
Pinewood Lake,Week1,Sully Station,Week2,360.0 Sully Station - 35.0 Pinewood Lake
Pinewood Lake,Week2,Dominion Hills,Week2,378.0 Dominion Hills - 24.0 Pinewood Lake
Pinewood Lake,Week2,Fox Mill Woods,Week1,384.0 Fox Mill Woods - 18.0 Pinewood Lake
Pinecrest,Week5,Vienna Woods,Week3,253.0 Vienna Woods - 149.0 Pinecrest
Pinewood Lake,Week5,Kent Gardens,Week2,341.0 Kent Gardens - 59.0 Pinewood Lake
Pinewood Lake,Week3,Little Hunting Park,Week2,338.0 Little Hunting Park - 56.0 Pinewood Lake
Pleasant Valley,Week3,Bren Mar-Edsall Park,Week1,308.0 Pleasant Valley - 93.0 Bren Mar-Edsall Park
Pinewood Lake,Week1,Camelot,Week5,354.0 Camelot - 44.0 Pinewood Lake
Pinecrest,Week2,Vienna Woods,Week3,233.0 Vienna Woods - 169.0 Pinecrest
Pinewood Lake,Week2,Burke Station,Week5,312.0 Burke Station - 64.0 Pinewood Lake
Pinewood Lake,Week1,Fox Mill Woods,Week5,373.0 Fox Mill Woods - 27.0 Pinewood Lake
Pinewood Lake,Week2,Sully Station,Week4,373.0 Sully Station - 29.0 Pinewood Lake
Pinewood Lake,Week3,Sully Station,Week2,367.0 Sully Station - 33.0 Pinewood Lake
Pinewood Lake,Week2,Kings Ridge ,Week4,348.0 Kings Ridge - 50.0 Pinewood Lake
Pinewood Lake,Week5,Little Hunting Park,Week4,335.0 Little Hunting Park - 64.0 Pinewood Lake
Pinewood Lake,Week3,Kings Ridge ,Week3,341.0 Kings Ridge - 42.0 Pinewood Lake
Pinewood Lake,Week2,Sully Station,Week5,374.0 Sully Station - 24.0 Pinewood Lake
Pinewood Lake,Week5,Burke Station,Week2,306.0 Burke Station - 76.0 Pinewood Lake
Pinecrest,Week4,Ravensworth Farm,Week5,242.0 Pinecrest - 160.0 Ravensworth Farm
Pleasant Valley,Week2,Bren Mar-Edsall Park,Week3,256.0 Pleasant Valley - 144.0 Bren Mar-Edsall Park
Pinecrest,Week3,Vienna Woods,Week1,245.0 Vienna Woods - 157.0 Pinecrest
Pinewood Lake,Week1,Camelot,Week3,341.0 Camelot - 58.0 Pinewood Lake
Pinewood Lake,Week3,Dominion Hills,Week4,368.0 Dominion Hills - 21.0 Pinewood Lake
Pinewood Lake,Week4,Lake Braddock,Week1,299.0 Lake Braddock - 93.0 Pinewood Lake
Pinewood Lake,Week2,Little Rocky Run,Week4,382.0 Little Rocky Run - 19.0 Pinewood Lake
Pleasant Valley,Week1,Bren Mar-Edsall Park,Week5,248.0 Pleasant Valley - 147.0 Bren Mar-Edsall Park
Pinewood Lake,Week3,Fox Mill Estates,Week4,369.0 Fox Mill Estates - 28.0 Pinewood Lake
Pinewood Lake,Week3,Little Hunting Park,Week4,353.0 Little Hunting Park - 45.0 Pinewood Lake
Pinecrest,Week4,Vienna Woods,Week1,231.0 Vienna Woods - 171.0 Pinecrest
Pinewood Lake,Week4,Fox Mill Estates,Week3,350.0 Fox Mill Estates - 48.0 Pinewood Lake
Pinewood Lake,Week4,Kent Gardens,Week1,351.0 Kent Gardens - 47.0 Pinewood Lake
Pinecrest,Week2,Ravensworth Farm,Week2,266.0 Pinecrest - 136.0 Ravensworth Farm
Pinewood Lake,Week4,Daventry,Week4,305.0 Daventry - 84.0 Pinewood Lake
Pinewood Lake,Week3,Sully Station,Week4,375.0 Sully Station - 27.0 Pinewood Lake
Pinecrest,Week5,Vienna Woods,Week1,245.0 Vienna Woods - 157.0 Pinecrest
Pinewood Lake,Week4,Daventry,Week5,288.0 Daventry - 99.0 Pinewood Lake
Pleasant Valley,Week1,Bren Mar-Edsall Park,Week2,274.0 Pleasant Valley - 124.0 Bren Mar-Edsall Park
Pinewood Lake,Week4,Fox Mill Estates,Week1,331.0 Fox Mill Estates - 67.0 Pinewood Lake
Pinecrest,Week5,Ravensworth Farm,Week1,252.0 Pinecrest - 150.0 Ravensworth Farm
Pinewood Lake,Week2,Dominion Hills,Week4,367.0 Dominion Hills - 23.0 Pinewood Lake
Pinewood Lake,Week1,Camelot,Week2,337.0 Camelot - 53.0 Pinewood Lake
Pleasant Valley,Week3,Bren Mar-Edsall Park,Week4,281.0 Pleasant Valley - 120.0 Bren Mar-Edsall Park
Pinecrest,Week5,Ravensworth Farm,Week4,254.0 Pinecrest - 148.0 Ravensworth Farm
Pleasant Valley,Week3,Bren Mar-Edsall Park,Week5,282.0 Pleasant Valley - 119.0 Bren Mar-Edsall Park
Pinewood Lake,Week3,Daventry,Week4,315.0 Daventry - 70.0 Pinewood Lake
Pinecrest,Week1,Villa Aquatic,Week4,249.0 Pinecrest - 153.0 Villa Aquatic
Pinewood Lake,Week5,Stratford,Week3,329.0 Stratford - 69.0 Pinewood Lake
Pinewood Lake,Week2,Fox Mill Woods,Week4,387.0 Fox Mill Woods - 15.0 Pinewood Lake
Pleasant Valley,Week3,Bren Mar-Edsall Park,Week3,279.0 Pleasant Valley - 123.0 Bren Mar-Edsall Park
Pinewood Lake,Week4,Dominion Hills,Week2,378.0 Dominion Hills - 24.0 Pinewood Lake
Pinecrest,Week2,Villa Aquatic,Week1,281.0 Pinecrest - 121.0 Villa Aquatic
Pinecrest,Week5,Ravensworth Farm,Week5,236.0 Pinecrest - 166.0 Ravensworth Farm
Pinewood Lake,Week1,Burke Station,Week5,324.0 Burke Station - 57.0 Pinewood Lake
Pinecrest,Week2,Villa Aquatic,Week2,277.0 Pinecrest - 125.0 Villa Aquatic
Pinewood Lake,Week5,Fox Mill Estates,Week1,333.0 Fox Mill Estates - 66.0 Pinewood Lake
Pinecrest,Week5,Ravensworth Farm,Week3,229.0 Pinecrest - 172.0 Ravensworth Farm
Pinecrest,Week5,Vienna Woods,Week5,264.0 Vienna Woods - 138.0 Pinecrest
Pinewood Lake,Week4,Burke Station,Week3,314.0 Burke Station - 60.0 Pinewood Lake
Pinewood Lake,Week5,Stratford,Week5,327.0 Stratford - 70.0 Pinewood Lake
Pinewood Lake,Week1,Little Rocky Run,Week3,374.0 Little Rocky Run - 27.0 Pinewood Lake
Pinewood Lake,Week3,Fox Mill Woods,Week1,381.0 Fox Mill Woods - 20.0 Pinewood Lake
Pinewood Lake,Week3,Little Hunting Park,Week5,344.0 Little Hunting Park - 45.0 Pinewood Lake
Pinewood Lake,Week2,Burke Station,Week4,301.0 Burke Station - 76.0 Pinewood Lake
Pinewood Lake,Week5,Kings Ridge ,Week2,312.0 Kings Ridge - 82.0 Pinewood Lake
Pinewood Lake,Week3,Dominion Hills,Week2,381.0 Dominion Hills - 21.0 Pinewood Lake
Pleasant Valley,Week2,Bren Mar-Edsall Park,Week2,290.0 Pleasant Valley - 108.0 Bren Mar-Edsall Park
Pinewood Lake,Week3,Little Rocky Run,Week1,381.0 Little Rocky Run - 13.0 Pinewood Lake
Pinewood Lake,Week5,Kings Ridge ,Week5,334.0 Kings Ridge - 60.0 Pinewood Lake
Pinewood Lake,Week3,Sully Station,Week3,374.0 Sully Station - 28.0 Pinewood Lake
Pinewood Lake,Week2,Kings Ridge ,Week1,339.0 Kings Ridge - 61.0 Pinewood Lake
Pinewood Lake,Week3,Fox Mill Woods,Week3,387.0 Fox Mill Woods - 14.0 Pinewood Lake
Pinecrest,Week4,Ravensworth Farm,Week3,241.0 Pinecrest - 161.0 Ravensworth Farm
Pinewood Lake,Week4,Kings Ridge ,Week1,336.0 Kings Ridge - 65.0 Pinewood Lake
Pinewood Lake,Week4,Little Rocky Run,Week4,383.0 Little Rocky Run - 18.0 Pinewood Lake
Pinewood Lake,Week2,Little Hunting Park,Week5,340.0 Little Hunting Park - 52.0 Pinewood Lake
Pinewood Lake,Week4,Donaldson Run,Week3,390.0 Donaldson Run - 10.0 Pinewood Lake
Pleasant Valley,Week1,Bren Mar-Edsall Park,Week4,254.0 Pleasant Valley - 147.0 Bren Mar-Edsall Park
Pinewood Lake,Week3,Sully Station,Week5,377.0 Sully Station - 21.0 Pinewood Lake
Pinecrest,Week3,Ravensworth Farm,Week5,240.0 Pinecrest - 162.0 Ravensworth Farm
Pinewood Lake,Week4,Dominion Hills,Week4,368.0 Dominion Hills - 21.0 Pinewood Lake
Pinecrest,Week2,Villa Aquatic,Week3,250.0 Pinecrest - 152.0 Villa Aquatic
Pinewood Lake,Week4,Dominion Hills,Week5,378.0 Dominion Hills - 22.0 Pinewood Lake
Pinecrest,Week2,Villa Aquatic,Week5,251.0 Pinecrest - 151.0 Villa Aquatic
Pinewood Lake,Week4,Fox Mill Woods,Week2,384.0 Fox Mill Woods - 17.0 Pinewood Lake
Pinewood Lake,Week1,Lake Braddock,Week4,333.0 Lake Braddock - 64.0 Pinewood Lake
Pinewood Lake,Week5,Little Hunting Park,Week2,324.0 Little Hunting Park - 71.0 Pinewood Lake
Pinewood Lake,Week1,Sully Station,Week5,373.0 Sully Station - 24.0 Pinewood Lake
Pinewood Lake,Week2,Sully Station,Week3,369.0 Sully Station - 32.0 Pinewood Lake
Pinewood Lake,Week1,Great Falls,Week5,320.0 Great Falls - 60.0 Pinewood Lake
Pinecrest,Week2,Villa Aquatic,Week4,261.0 Pinecrest - 141.0 Villa Aquatic
Pinewood Lake,Week1,Lake Braddock,Week1,300.0 Lake Braddock - 87.0 Pinewood Lake
Pinecrest,Week3,Ravensworth Farm,Week2,271.0 Pinecrest - 131.0 Ravensworth Farm
Pinewood Lake,Week5,Little Hunting Park,Week1,326.0 Little Hunting Park - 73.0 Pinewood Lake
Pleasant Valley,Week2,Bren Mar-Edsall Park,Week4,254.0 Pleasant Valley - 147.0 Bren Mar-Edsall Park
Pinecrest,Week1,Riverside Gardens,Week1,210.5 Pinecrest - 191.5 Riverside Gardens
Pinewood Lake,Week4,Fox Mill Woods,Week4,389.0 Fox Mill Woods - 13.0 Pinewood Lake
Pinewood Lake,Week1,Lake Braddock,Week3,327.0 Lake Braddock - 71.0 Pinewood Lake
Pinecrest,Week2,Ravensworth Farm,Week5,248.0 Pinecrest - 154.0 Ravensworth Farm
Pinewood Lake,Week2,Little Rocky Run,Week1,377.0 Little Rocky Run - 17.0 Pinewood Lake
Pinewood Lake,Week3,Burke Station,Week2,314.0 Burke Station - 64.0 Pinewood Lake
Pinewood Lake,Week5,Burke Station,Week1,288.0 Burke Station - 80.0 Pinewood Lake
Pinewood Lake,Week2,Sully Station,Week1,364.0 Sully Station - 32.0 Pinewood Lake
Pinewood Lake,Week2,Great Falls,Week4,312.0 Great Falls - 70.0 Pinewood Lake
Pleasant Valley,Week4,Bren Mar-Edsall Park,Week1,253.0 Pleasant Valley - 137.0 Bren Mar-Edsall Park
Pinewood Lake,Week3,Burke Station,Week3,322.0 Burke Station - 47.0 Pinewood Lake
Pinewood Lake,Week5,Dominion Hills,Week1,359.0 Dominion Hills - 38.0 Pinewood Lake
Pinewood Lake,Week5,Chesterbrook,Week3,394.0 Chesterbrook - 8.0 Pinewood Lake
Pinewood Lake,Week4,Donaldson Run,Week5,393.0 Donaldson Run - 8.0 Pinewood Lake
Pinecrest,Week4,Villa Aquatic,Week1,277.5 Pinecrest - 124.5 Villa Aquatic
Pinecrest,Week3,Villa Aquatic,Week2,265.0 Pinecrest - 137.0 Villa Aquatic
Pinewood Lake,Week3,Burke Station,Week5,320.0 Burke Station - 61.0 Pinewood Lake
Pinewood Lake,Week5,Kings Ridge ,Week4,335.0 Kings Ridge - 65.0 Pinewood Lake
Pinecrest,Week3,Villa Aquatic,Week4,282.0 Pinecrest - 120.0 Villa Aquatic
Pinewood Lake,Week4,Little Hunting Park,Week2,332.0 Little Hunting Park - 63.0 Pinewood Lake
Pinewood Lake,Week1,Lake Braddock,Week5,324.0 Lake Braddock - 69.0 Pinewood Lake
Pinecrest,Week1,Riverside Gardens,Week4,213.5 Riverside Gardens - 188.5 Pinecrest
Pinewood Lake,Week4,Little Hunting Park,Week3,336.0 Little Hunting Park - 59.0 Pinewood Lake
Pinewood Lake,Week5,Burke Station,Week3,304.0 Burke Station - 70.0 Pinewood Lake
Pinewood Lake,Week5,Donaldson Run,Week5,388.0 Donaldson Run - 13.0 Pinewood Lake
Pinewood Lake,Week1,Sully Station,Week3,371.0 Sully Station - 30.0 Pinewood Lake
Pinewood Lake,Week5,Fox Mill Woods,Week5,375.0 Fox Mill Woods - 27.0 Pinewood Lake
Pinewood Lake,Week4,Sully Station,Week1,363.0 Sully Station - 36.0 Pinewood Lake
Pinewood Lake,Week2,Burke Station,Week3,310.0 Burke Station - 54.0 Pinewood Lake
Pinecrest,Week4,Ravensworth Farm,Week1,254.5 Pinecrest - 147.5 Ravensworth Farm
Pinewood Lake,Week2,Little Rocky Run,Week2,383.0 Little Rocky Run - 19.0 Pinewood Lake
Pinewood Lake,Week3,Chesterbrook,Week3,401.0 Chesterbrook - 1.0 Pinewood Lake
Pinewood Lake,Week4,Fox Mill Woods,Week1,384.0 Fox Mill Woods - 18.0 Pinewood Lake
Pleasant Valley,Week4,Bren Mar-Edsall Park,Week2,251.0 Pleasant Valley - 137.0 Bren Mar-Edsall Park
Pinecrest,Week1,Riverside Gardens,Week3,212.0 Riverside Gardens - 190.0 Pinecrest
Pinewood Lake,Week3,Burke Station,Week4,305.0 Burke Station - 75.0 Pinewood Lake
Pinewood Lake,Week5,Donaldson Run,Week2,385.0 Donaldson Run - 15.0 Pinewood Lake
Pinecrest,Week3,Villa Aquatic,Week5,260.0 Pinecrest - 142.0 Villa Aquatic
Pinewood Lake,Week1,Lake Braddock,Week2,320.0 Lake Braddock - 73.0 Pinewood Lake
Pleasant Valley,Week4,Bren Mar-Edsall Park,Week5,238.0 Pleasant Valley - 144.0 Bren Mar-Edsall Park
Pleasant Valley,Week3,Bren Mar-Edsall Park,Week2,307.0 Pleasant Valley - 94.0 Bren Mar-Edsall Park
Pleasant Valley,Week4,Bren Mar-Edsall Park,Week3,232.0 Pleasant Valley - 159.0 Bren Mar-Edsall Park
Pinewood Lake,Week4,Fox Mill Woods,Week5,383.0 Fox Mill Woods - 19.0 Pinewood Lake
Pinewood Lake,Week2,Sully Station,Week2,362.0 Sully Station - 35.0 Pinewood Lake
Pinewood Lake,Week5,Kings Ridge ,Week3,324.0 Kings Ridge - 63.0 Pinewood Lake
Pinewood Lake,Week2,Burke Station,Week1,294.0 Burke Station - 74.0 Pinewood Lake
Pinewood Lake,Week2,Donaldson Run,Week5,390.0 Donaldson Run - 11.0 Pinewood Lake
Pleasant Valley,Week5,Bren Mar-Edsall Park,Week1,277.0 Pleasant Valley - 116.0 Bren Mar-Edsall Park
Pinewood Lake,Week5,Kings Ridge ,Week1,334.0 Kings Ridge - 67.0 Pinewood Lake
Pinewood Lake,Week2,Great Falls,Week1,318.0 Great Falls - 64.0 Pinewood Lake
Pinewood Lake,Week4,Chesterbrook,Week5,399.0 Chesterbrook - 3.0 Pinewood Lake
Pinewood Lake,Week4,Sully Station,Week2,359.0 Sully Station - 42.0 Pinewood Lake
Pleasant Valley,Week5,Bren Mar-Edsall Park,Week2,273.0 Pleasant Valley - 126.0 Bren Mar-Edsall Park
Pinewood Lake,Week5,Fox Mill Woods,Week2,372.0 Fox Mill Woods - 29.0 Pinewood Lake
Pinecrest,Week4,Villa Aquatic,Week3,247.0 Pinecrest - 155.0 Villa Aquatic
Pinewood Lake,Week1,Commonwealth,Week2,343.0 Commonwealth - 48.0 Pinewood Lake
Pinewood Lake,Week5,Donaldson Run,Week4,387.0 Donaldson Run - 15.0 Pinewood Lake
Pinewood Lake,Week2,Lake Braddock,Week2,318.0 Lake Braddock - 75.0 Pinewood Lake
Pinecrest,Week4,Villa Aquatic,Week4,278.0 Pinecrest - 124.0 Villa Aquatic
Pinewood Lake,Week1,Dowden Terrace,Week2,350.0 Dowden Terrace - 42.0 Pinewood Lake
Pinewood Lake,Week2,Commonwealth,Week1,293.0 Commonwealth - 70.0 Pinewood Lake
Pinecrest,Week2,Riverside Gardens,Week2,224.0 Pinecrest - 178.0 Riverside Gardens
Pinewood Lake,Week3,Little Rocky Run,Week5,382.0 Little Rocky Run - 20.0 Pinewood Lake
Pinecrest,Week4,Villa Aquatic,Week2,281.0 Pinecrest - 121.0 Villa Aquatic
Pleasant Valley,Week4,Bren Mar-Edsall Park,Week4,235.0 Pleasant Valley - 156.0 Bren Mar-Edsall Park
Pinewood Lake,Week3,Burke Station,Week1,304.0 Burke Station - 60.0 Pinewood Lake
Pinewood Lake,Week1,Commonwealth,Week4,328.0 Commonwealth - 46.0 Pinewood Lake
Pinewood Lake,Week1,Little Rocky Run,Week5,377.0 Little Rocky Run - 20.0 Pinewood Lake
Pinewood Lake,Week2,Lake Braddock,Week1,307.0 Lake Braddock - 82.0 Pinewood Lake
Pinewood Lake,Week5,Little Hunting Park,Week3,333.0 Little Hunting Park - 65.0 Pinewood Lake
Pinewood Lake,Week4,Burke Station,Week2,311.0 Burke Station - 71.0 Pinewood Lake
Pinecrest,Week5,Ravensworth Farm,Week2,252.0 Pinecrest - 150.0 Ravensworth Farm
Pinewood Lake,Week1,Sully Station,Week4,378.0 Sully Station - 24.0 Pinewood Lake
Pinewood Lake,Week3,Sully Station,Week1,367.0 Sully Station - 28.0 Pinewood Lake
Pinewood Lake,Week4,Little Rocky Run,Week3,382.0 Little Rocky Run - 19.0 Pinewood Lake
Pinecrest,Week1,Riverside Gardens,Week2,212.0 Pinecrest - 190.0 Riverside Gardens
Pinecrest,Week3,Ravensworth Farm,Week3,251.0 Pinecrest - 151.0 Ravensworth Farm
Pinewood Lake,Week1,Donaldson Run,Week4,377.5 Donaldson Run - 22.5 Pinewood Lake
Pinewood Lake,Week2,Great Falls,Week5,319.0 Great Falls - 64.0 Pinewood Lake
Pinewood Lake,Week2,Sully Station II,Week2,376.0 Sully Station II - 24.0 Pinewood Lake
Pinecrest,Week3,Villa Aquatic,Week3,257.0 Pinecrest - 145.0 Villa Aquatic
Pinewood Lake,Week2,Sully Station II,Week4,366.0 Sully Station II - 31.0 Pinewood Lake
Pinewood Lake,Week3,Lake Braddock,Week1,310.0 Lake Braddock - 76.0 Pinewood Lake
Pinewood Lake,Week4,Sully Station,Week5,372.0 Sully Station - 26.0 Pinewood Lake
Pinewood Lake,Week2,Lake Braddock,Week5,327.0 Lake Braddock - 67.0 Pinewood Lake
Pinecrest,Week1,Riverside Gardens,Week5,218.0 Riverside Gardens - 184.0 Pinecrest
Pinewood Lake,Week2,Lake Braddock,Week3,321.0 Lake Braddock - 75.0 Pinewood Lake
Pinewood Lake,Week5,Chesterbrook,Week1,383.0 Chesterbrook - 14.0 Pinewood Lake
Pinewood Lake,Week5,Burke Station,Week5,311.0 Burke Station - 75.0 Pinewood Lake
Pinewood Lake,Week2,Donaldson Run,Week4,388.0 Donaldson Run - 11.0 Pinewood Lake
Pleasant Valley,Week4,Brookfield ,Week4,315.0 Brookfield - 87.0 Pleasant Valley
Pinewood Lake,Week1,Great Falls,Week1,321.0 Great Falls - 62.0 Pinewood Lake
Pinewood Lake,Week1,Donaldson Run,Week2,374.0 Donaldson Run - 26.0 Pinewood Lake
Pinewood Lake,Week4,Burke Station,Week4,299.0 Burke Station - 87.0 Pinewood Lake
Pleasant Valley,Week5,Brookfield ,Week2,289.0 Brookfield - 113.0 Pleasant Valley
Pinewood Lake,Week3,Great Falls,Week4,309.0 Great Falls - 75.0 Pinewood Lake
Pinewood Lake,Week3,Chesterbrook,Week5,398.0 Chesterbrook - 4.0 Pinewood Lake
Pinecrest,Week4,Villa Aquatic,Week5,264.0 Pinecrest - 138.0 Villa Aquatic
Pinewood Lake,Week2,Little Rocky Run,Week3,379.0 Little Rocky Run - 22.0 Pinewood Lake
Pleasant Valley,Week5,Bren Mar-Edsall Park,Week3,254.0 Pleasant Valley - 143.0 Bren Mar-Edsall Park
Pinewood Lake,Week4,Great Falls,Week3,342.0 Great Falls - 56.0 Pinewood Lake
Pinewood Lake,Week1,Little Rocky Run,Week1,370.0 Little Rocky Run - 25.0 Pinewood Lake
Pinewood Lake,Week2,Camelot,Week2,337.0 Camelot - 55.0 Pinewood Lake
Pinewood Lake,Week1,Chesterbrook,Week1,382.0 Chesterbrook - 15.0 Pinewood Lake
Pinewood Lake,Week5,Sully Station II,Week2,367.0 Sully Station II - 33.0 Pinewood Lake
Pinewood Lake,Week3,Donaldson Run,Week2,389.0 Donaldson Run - 12.0 Pinewood Lake
Pinecrest,Week2,Riverside Gardens,Week1,215.0 Pinecrest - 187.0 Riverside Gardens
Poplar Tree,Week4,Greenbriar,Week4,209.0 Poplar Tree - 193.0 Greenbriar
Poplar Tree,Week5,Greenbriar,Week4,253.0 Poplar Tree - 149.0 Greenbriar
Poplar Heights,Week5,Langley,Week4,228.0 Langley - 174.0 Poplar Heights
Poplar Tree,Week4,Greenbriar,Week5,202.0 Poplar Tree - 199.0 Greenbriar
Poplar Tree,Week3,Hamlet,Week1,220.0 Hamlet - 182.0 Poplar Tree
Poplar Tree,Week3,High Point Pool,Week3,213.0 Poplar Tree - 188.0 High Point Pool
Poplar Tree,Week5,Dominion Hills,Week3,266.0 Poplar Tree - 136.0 Dominion Hills
Poplar Tree,Week1,Hamlet,Week5,258.0 Hamlet - 144.0 Poplar Tree
Poplar Heights,Week3,Langley,Week3,238.0 Langley - 164.0 Poplar Heights
Poplar Tree,Week2,High Point Pool,Week3,201.0 High Point Pool - 201.0 Poplar Tree
Poplar Heights,Week2,Langley,Week5,225.0 Langley - 177.0 Poplar Heights
Poplar Heights,Week5,Langley,Week1,238.0 Langley - 164.0 Poplar Heights
Poplar Tree,Week5,Dominion Hills,Week1,272.0 Poplar Tree - 130.0 Dominion Hills
Poplar Tree,Week3,High Point Pool,Week2,205.0 High Point Pool - 197.0 Poplar Tree
Poplar Tree,Week4,Dominion Hills,Week2,216.0 Poplar Tree - 186.0 Dominion Hills
Poplar Tree,Week3,Hamlet,Week2,242.0 Hamlet - 160.0 Poplar Tree
Poplar Tree,Week1,Dominion Hills,Week1,245.0 Poplar Tree - 157.0 Dominion Hills
Poplar Tree,Week1,Hayfield Farm,Week1,235.0 Poplar Tree - 167.0 Hayfield Farm
Poplar Tree,Week3,Dominion Hills,Week1,252.0 Poplar Tree - 150.0 Dominion Hills
Poplar Tree,Week2,High Point Pool,Week1,218.0 Poplar Tree - 184.0 High Point Pool
Poplar Heights,Week5,Langley,Week3,226.0 Langley - 176.0 Poplar Heights
Poplar Tree,Week1,High Point Pool,Week5,203.0 High Point Pool - 198.0 Poplar Tree
Poplar Tree,Week1,Hamlet,Week3,239.0 Hamlet - 163.0 Poplar Tree
Poplar Heights,Week4,Langley,Week4,248.0 Langley - 154.0 Poplar Heights
Poplar Tree,Week5,Daventry,Week3,330.0 Poplar Tree - 71.0 Daventry
Poplar Tree,Week3,Dominion Hills,Week3,246.0 Poplar Tree - 156.0 Dominion Hills
Poplar Heights,Week4,Lakeview,Week4,295.0 Poplar Heights - 107.0 Lakeview
Poplar Tree,Week4,High Point Pool,Week5,234.0 High Point Pool - 168.0 Poplar Tree
Poplar Tree,Week2,Dominion Hills,Week1,240.0 Poplar Tree - 162.0 Dominion Hills
Poplar Heights,Week5,Herndon,Week3,345.0 Poplar Heights - 57.0 Herndon
Poplar Tree,Week5,Hamlet,Week3,215.0 Hamlet - 187.0 Poplar Tree
Poplar Tree,Week2,Hamlet,Week3,258.0 Hamlet - 144.0 Poplar Tree
Poplar Tree,Week2,High Point Pool,Week5,226.0 High Point Pool - 176.0 Poplar Tree
Poplar Heights,Week1,Waynewood,Week1,209.0 Waynewood - 193.0 Poplar Heights
Poplar Heights,Week1,Langley,Week1,256.0 Langley - 146.0 Poplar Heights
Poplar Tree,Week1,Highland Park,Week2,228.0 Poplar Tree - 174.0 Highland Park
Poplar Tree,Week4,Hamlet,Week4,238.0 Hamlet - 164.0 Poplar Tree
Poplar Heights,Week4,Herndon,Week4,342.0 Poplar Heights - 60.0 Herndon
Poplar Tree,Week4,Hamlet,Week3,246.5 Hamlet - 155.5 Poplar Tree
Poplar Heights,Week2,Langley,Week4,239.0 Langley - 163.0 Poplar Heights
Poplar Tree,Week4,High Point Pool,Week1,214.0 High Point Pool - 188.0 Poplar Tree
Poplar Tree,Week3,Highland Park,Week4,205.0 Poplar Tree - 197.0 Highland Park
Poplar Heights,Week2,Langley,Week3,242.0 Langley - 160.0 Poplar Heights
Poplar Tree,Week3,High Point Pool,Week5,202.0 High Point Pool - 200.0 Poplar Tree
Poplar Tree,Week2,Hamlet,Week2,257.0 Hamlet - 145.0 Poplar Tree
Poplar Heights,Week5,Hayfield Farm,Week1,228.0 Poplar Heights - 174.0 Hayfield Farm
Poplar Tree,Week2,High Point Pool,Week4,218.0 High Point Pool - 184.0 Poplar Tree
Poplar Heights,Week2,Langley,Week1,243.0 Langley - 159.0 Poplar Heights
Poplar Tree,Week3,Dominion Hills,Week5,206.0 Poplar Tree - 196.0 Dominion Hills
Poplar Tree,Week1,Dominion Hills,Week2,231.0 Poplar Tree - 171.0 Dominion Hills
Poplar Tree,Week1,Dominion Hills,Week3,235.0 Poplar Tree - 167.0 Dominion Hills
Poplar Tree,Week5,High Point Pool,Week4,210.0 Poplar Tree - 192.0 High Point Pool
Poplar Heights,Week3,Langley,Week1,235.0 Langley - 167.0 Poplar Heights
Poplar Heights,Week3,Walden Glen,Week4,270.0 Poplar Heights - 132.0 Walden Glen
Poplar Tree,Week3,High Point Pool,Week1,221.0 Poplar Tree - 181.0 High Point Pool
Poplar Heights,Week5,Walden Glen,Week1,302.0 Poplar Heights - 96.0 Walden Glen
Poplar Heights,Week5,Walden Glen,Week4,279.0 Poplar Heights - 123.0 Walden Glen
Poplar Tree,Week3,High Point Pool,Week4,202.0 High Point Pool - 200.0 Poplar Tree
Poplar Tree,Week5,Daventry,Week5,306.0 Poplar Tree - 96.0 Daventry
Poplar Tree,Week3,Dominion Hills,Week4,215.0 Poplar Tree - 187.0 Dominion Hills
Poplar Tree,Week3,Hamlet,Week4,213.5 Hamlet - 188.5 Poplar Tree
Poplar Heights,Week5,Lakeview,Week5,323.0 Poplar Heights - 69.0 Lakeview
Poplar Heights,Week4,Herndon,Week2,345.0 Poplar Heights - 57.0 Herndon
Poplar Tree,Week2,High Point Pool,Week2,202.0 High Point Pool - 200.0 Poplar Tree
Poplar Tree,Week4,Dominion Hills,Week5,206.0 Dominion Hills - 196.0 Poplar Tree
Poplar Tree,Week2,Hamlet,Week4,236.0 Hamlet - 166.0 Poplar Tree
Poplar Tree,Week3,Hamlet,Week3,238.0 Hamlet - 164.0 Poplar Tree
Poplar Heights,Week5,Lakeview,Week2,348.0 Poplar Heights - 53.0 Lakeview
Poplar Heights,Week5,Lakeview,Week3,318.0 Poplar Heights - 84.0 Lakeview
Poplar Tree,Week2,Hamlet,Week1,246.0 Hamlet - 156.0 Poplar Tree
Poplar Tree,Week4,Dominion Hills,Week1,222.0 Poplar Tree - 180.0 Dominion Hills
Poplar Tree,Week4,High Point Pool,Week4,228.0 High Point Pool - 174.0 Poplar Tree
Poplar Tree,Week3,Highland Park,Week5,227.0 Poplar Tree - 175.0 Highland Park
Poplar Tree,Week1,Hamlet,Week2,239.0 Hamlet - 163.0 Poplar Tree
Poplar Heights,Week4,Lakeview,Week5,315.0 Poplar Heights - 78.0 Lakeview
Poplar Tree,Week1,Highland Park,Week1,207.0 Poplar Tree - 195.0 Highland Park
Poplar Heights,Week1,Langley,Week3,247.0 Langley - 155.0 Poplar Heights
Poplar Tree,Week4,Hamlet,Week1,231.0 Hamlet - 171.0 Poplar Tree
Poplar Heights,Week4,Langley,Week1,243.0 Langley - 159.0 Poplar Heights
Poplar Tree,Week3,Dominion Hills,Week2,235.0 Poplar Tree - 167.0 Dominion Hills
Poplar Tree,Week4,High Point Pool,Week3,220.0 High Point Pool - 181.0 Poplar Tree
Poplar Heights,Week2,Langley,Week2,237.0 Langley - 165.0 Poplar Heights
Poplar Tree,Week5,Greenbriar,Week2,228.0 Poplar Tree - 174.0 Greenbriar
Poplar Tree,Week4,Dominion Hills,Week3,228.0 Poplar Tree - 174.0 Dominion Hills
Poplar Tree,Week2,Dominion Hills,Week5,207.5 Dominion Hills - 194.5 Poplar Tree
Poplar Tree,Week5,Daventry,Week1,323.0 Poplar Tree - 79.0 Daventry
Poplar Tree,Week5,Dominion Hills,Week2,257.0 Poplar Tree - 145.0 Dominion Hills
Poplar Tree,Week4,Hamlet,Week2,245.5 Hamlet - 156.5 Poplar Tree
Poplar Tree,Week3,Highland Park,Week3,235.0 Poplar Tree - 167.0 Highland Park
Poplar Tree,Week2,Dominion Hills,Week4,204.0 Dominion Hills - 193.0 Poplar Tree
Poplar Tree,Week2,Dominion Hills,Week2,216.0 Poplar Tree - 186.0 Dominion Hills
Poplar Tree,Week4,Dominion Hills,Week4,201.0 Dominion Hills - 201.0 Poplar Tree
Poplar Tree,Week5,Greenbriar,Week5,236.0 Poplar Tree - 166.0 Greenbriar
Poplar Tree,Week5,High Point Pool,Week5,222.0 Poplar Tree - 180.0 High Point Pool
Poplar Tree,Week5,High Point Pool,Week1,228.0 Poplar Tree - 174.0 High Point Pool
Poplar Heights,Week5,Lakeview,Week4,311.0 Poplar Heights - 91.0 Lakeview
Poplar Tree,Week2,Hamlet,Week5,262.0 Hamlet - 140.0 Poplar Tree
Poplar Tree,Week1,Hamlet,Week1,227.0 Hamlet - 175.0 Poplar Tree
Poplar Tree,Week5,High Point Pool,Week2,221.0 Poplar Tree - 181.0 High Point Pool
Poplar Tree,Week1,Dominion Hills,Week5,214.0 Poplar Tree - 188.0 Dominion Hills
Poplar Tree,Week4,High Point Pool,Week2,209.0 High Point Pool - 193.0 Poplar Tree
Poplar Heights,Week3,Walden Glen,Week5,249.0 Poplar Heights - 153.0 Walden Glen
Poplar Heights,Week5,Hayfield Farm,Week4,236.0 Poplar Heights - 166.0 Hayfield Farm
Poplar Tree,Week1,Dominion Hills,Week4,213.5 Poplar Tree - 188.5 Dominion Hills
Poplar Tree,Week2,Highland Park,Week2,214.0 Poplar Tree - 188.0 Highland Park
Poplar Heights,Week2,Herndon,Week2,349.0 Poplar Heights - 53.0 Herndon
Poplar Tree,Week5,Hamlet,Week1,203.0 Hamlet - 199.0 Poplar Tree
Poplar Tree,Week2,Dominion Hills,Week3,234.0 Poplar Tree - 168.0 Dominion Hills
Poplar Tree,Week1,Highland Park,Week3,232.0 Poplar Tree - 170.0 Highland Park
Poplar Tree,Week4,Hamlet,Week5,249.0 Hamlet - 153.0 Poplar Tree
Poplar Heights,Week1,Walden Glen,Week1,281.0 Poplar Heights - 117.0 Walden Glen
Poplar Tree,Week5,Hamlet,Week2,223.0 Hamlet - 179.0 Poplar Tree
Poplar Heights,Week1,Herndon,Week1,325.5 Poplar Heights - 74.5 Herndon
Poplar Heights,Week1,Herndon,Week3,322.0 Poplar Heights - 80.0 Herndon
Poplar Heights,Week2,Walden Glen,Week3,280.0 Poplar Heights - 122.0 Walden Glen
Poplar Tree,Week4,Highland Park,Week3,207.0 Poplar Tree - 195.0 Highland Park
Poplar Heights,Week3,Herndon,Week2,346.0 Poplar Heights - 56.0 Herndon
Poplar Tree,Week5,Hamlet,Week5,240.0 Hamlet - 162.0 Poplar Tree
Poplar Tree,Week2,Highland Park,Week3,219.0 Poplar Tree - 183.0 Highland Park
Poplar Heights,Week5,Wakefield Chapel,Week5,284.0 Wakefield Chapel - 118.0 Poplar Heights
Poplar Tree,Week1,Hayfield Farm,Week4,216.0 Poplar Tree - 186.0 Hayfield Farm
Poplar Heights,Week2,Walden Glen,Week5,237.0 Poplar Heights - 165.0 Walden Glen
Poplar Tree,Week2,Highland Park,Week1,205.0 Highland Park - 197.0 Poplar Tree
Poplar Heights,Week5,Hayfield Farm,Week3,210.0 Poplar Heights - 192.0 Hayfield Farm
Poplar Tree,Week2,Highland Park,Week5,217.0 Poplar Tree - 185.0 Highland Park
Poplar Heights,Week4,Walden Glen,Week5,245.0 Poplar Heights - 157.0 Walden Glen
Poplar Tree,Week5,Hayfield Farm,Week2,257.0 Poplar Tree - 145.0 Hayfield Farm
Poplar Tree,Week5,Highland Park,Week3,251.0 Poplar Tree - 151.0 Highland Park
Poplar Heights,Week1,Walden Glen,Week4,259.0 Poplar Heights - 143.0 Walden Glen
Poplar Heights,Week4,Walden Glen,Week2,268.0 Poplar Heights - 134.0 Walden Glen
Poplar Heights,Week2,Walden Glen,Week1,302.0 Poplar Heights - 96.0 Walden Glen
Poplar Tree,Week2,Hayfield Farm,Week5,227.0 Poplar Tree - 175.0 Hayfield Farm
Poplar Tree,Week1,Herndon,Week2,335.0 Poplar Tree - 66.0 Herndon
Poplar Heights,Week3,Herndon,Week1,341.0 Poplar Heights - 61.0 Herndon
Poplar Heights,Week1,Walden Glen,Week5,225.0 Poplar Heights - 177.0 Walden Glen
Poplar Tree,Week3,Highland Park,Week1,211.0 Poplar Tree - 191.0 Highland Park
Poplar Tree,Week4,Highland Park,Week2,206.0 Poplar Tree - 196.0 Highland Park
Poplar Heights,Week3,Herndon,Week5,343.0 Poplar Heights - 59.0 Herndon
Poplar Tree,Week1,Herndon,Week4,336.0 Poplar Tree - 65.0 Herndon
Poplar Tree,Week2,Highlands Swim,Week1,272.0 Highlands Swim - 130.0 Poplar Tree
Poplar Heights,Week5,Hayfield Farm,Week5,241.0 Poplar Heights - 161.0 Hayfield Farm
Poplar Heights,Week5,Wakefield Chapel,Week4,260.0 Wakefield Chapel - 142.0 Poplar Heights
Poplar Heights,Week5,Walden Glen,Week2,281.0 Poplar Heights - 121.0 Walden Glen
Poplar Tree,Week1,Hayfield Farm,Week3,215.0 Poplar Tree - 187.0 Hayfield Farm
Poplar Heights,Week5,Hayfield Farm,Week2,239.0 Poplar Heights - 163.0 Hayfield Farm
Poplar Heights,Week1,Herndon,Week4,328.0 Poplar Heights - 74.0 Herndon
Poplar Tree,Week2,Highland Park,Week4,201.0 Highland Park - 201.0 Poplar Tree
Poplar Heights,Week3,Herndon,Week3,338.0 Poplar Heights - 64.0 Herndon
Poplar Tree,Week5,Hamlet,Week4,203.0 Hamlet - 199.0 Poplar Tree
Poplar Tree,Week2,Hayfield Farm,Week2,240.0 Poplar Tree - 162.0 Hayfield Farm
Poplar Heights,Week1,Herndon,Week5,329.0 Poplar Heights - 73.0 Herndon
Poplar Tree,Week4,Highland Park,Week5,208.0 Poplar Tree - 194.0 Highland Park
Poplar Tree,Week2,Hayfield Farm,Week4,217.0 Poplar Tree - 185.0 Hayfield Farm
Poplar Heights,Week2,Herndon,Week3,344.0 Poplar Heights - 58.0 Herndon
Poplar Heights,Week5,Herndon,Week1,341.0 Poplar Heights - 60.0 Herndon
Poplar Heights,Week3,Walden Glen,Week3,287.0 Poplar Heights - 115.0 Walden Glen
Poplar Tree,Week3,Highland Park,Week2,220.0 Poplar Tree - 182.0 Highland Park
Poplar Tree,Week1,Hayfield Farm,Week5,241.0 Poplar Tree - 161.0 Hayfield Farm
Poplar Tree,Week5,Highland Park,Week4,246.0 Poplar Tree - 156.0 Highland Park
Poplar Tree,Week5,Hayfield Farm,Week4,249.0 Poplar Tree - 153.0 Hayfield Farm
Poplar Tree,Week4,Hayfield Farm,Week4,205.5 Poplar Tree - 196.5 Hayfield Farm
Poplar Heights,Week4,Walden Glen,Week4,268.0 Poplar Heights - 134.0 Walden Glen
Poplar Heights,Week4,Herndon,Week1,338.0 Poplar Heights - 64.0 Herndon
Poplar Heights,Week1,Herndon,Week2,335.0 Poplar Heights - 67.0 Herndon
Poplar Heights,Week5,Wakefield Chapel,Week3,282.0 Wakefield Chapel - 120.0 Poplar Heights
Poplar Tree,Week1,Highland Park,Week5,230.0 Poplar Tree - 172.0 Highland Park
Poplar Heights,Week3,Herndon,Week4,343.0 Poplar Heights - 59.0 Herndon
Poplar Heights,Week2,Herndon,Week4,341.0 Poplar Heights - 61.0 Herndon
Poplar Tree,Week3,Hayfield Farm,Week1,234.0 Poplar Tree - 168.0 Hayfield Farm
Poplar Heights,Week4,Walden Glen,Week3,268.5 Poplar Heights - 133.5 Walden Glen
Poplar Tree,Week4,Highland Park,Week1,213.0 Highland Park - 189.0 Poplar Tree
Poplar Tree,Week1,Highlands Swim,Week1,252.0 Highlands Swim - 150.0 Poplar Tree
Poplar Heights,Week3,Walden Glen,Week2,279.0 Poplar Heights - 123.0 Walden Glen
Poplar Heights,Week1,Walden Glen,Week2,266.0 Poplar Heights - 136.0 Walden Glen
Poplar Heights,Week4,Herndon,Week3,335.0 Poplar Heights - 67.0 Herndon
Poplar Heights,Week2,Herndon,Week5,342.0 Poplar Heights - 60.0 Herndon
Poplar Tree,Week1,Highlands Swim,Week4,243.0 Highlands Swim - 159.0 Poplar Tree
Poplar Heights,Week2,Walden Glen,Week4,258.0 Poplar Heights - 144.0 Walden Glen
Poplar Tree,Week4,Highland Park,Week4,211.0 Highland Park - 191.0 Poplar Tree
Poplar Tree,Week2,Hayfield Farm,Week3,211.0 Poplar Tree - 191.0 Hayfield Farm
Poplar Tree,Week2,Hayfield Farm,Week1,229.0 Poplar Tree - 173.0 Hayfield Farm
Poplar Heights,Week2,Herndon,Week1,339.0 Poplar Heights - 62.0 Herndon
Poplar Heights,Week1,Walden Glen,Week3,265.0 Poplar Heights - 137.0 Walden Glen
Poplar Heights,Week4,Hayfield Farm,Week5,251.5 Poplar Heights - 150.5 Hayfield Farm
Poplar Heights,Week2,Walden Glen,Week2,273.0 Poplar Heights - 129.0 Walden Glen
Poplar Tree,Week2,Highlands Swim,Week2,280.0 Highlands Swim - 122.0 Poplar Tree
Poplar Tree,Week1,Highlands Swim,Week5,253.0 Highlands Swim - 149.0 Poplar Tree
Poplar Tree,Week4,Hayfield Farm,Week3,209.0 Hayfield Farm - 193.0 Poplar Tree
Poplar Heights,Week3,Walden Glen,Week1,305.0 Poplar Heights - 97.0 Walden Glen
Poplar Tree,Week1,Highlands Swim,Week3,247.0 Highlands Swim - 155.0 Poplar Tree
Poplar Tree,Week3,Hayfield Farm,Week5,236.0 Poplar Tree - 166.0 Hayfield Farm
Poplar Heights,Week4,Herndon,Week5,341.0 Poplar Heights - 61.0 Herndon
Poplar Heights,Week4,Walden Glen,Week1,299.0 Poplar Heights - 102.0 Walden Glen
Poplar Heights,Week5,Walden Glen,Week3,290.0 Poplar Heights - 112.0 Walden Glen
Poplar Tree,Week1,Hayfield Farm,Week2,238.0 Poplar Tree - 164.0 Hayfield Farm
Poplar Tree,Week5,Highland Park,Week5,248.0 Poplar Tree - 154.0 Highland Park
Poplar Tree,Week4,Hayfield Farm,Week1,208.0 Poplar Tree - 194.0 Hayfield Farm
Poplar Tree,Week3,Hayfield Farm,Week3,224.0 Poplar Tree - 178.0 Hayfield Farm
Poplar Tree,Week5,Highland Park,Week2,251.0 Poplar Tree - 151.0 Highland Park
Poplar Heights,Week5,Herndon,Week2,349.0 Poplar Heights - 53.0 Herndon
Poplar Heights,Week3,Hiddenbrook,Week4,273.0 Poplar Heights - 129.0 Hiddenbrook
Poplar Heights,Week2,Hiddenbrook,Week2,309.0 Poplar Heights - 93.0 Hiddenbrook
Poplar Heights,Week4,Hiddenbrook,Week1,281.5 Poplar Heights - 120.5 Hiddenbrook
Poplar Tree,Week3,Highlands Swim,Week1,256.0 Highlands Swim - 146.0 Poplar Tree
Poplar Tree,Week2,Highlands Swim,Week4,266.0 Highlands Swim - 136.0 Poplar Tree
Poplar Heights,Week3,Hiddenbrook,Week1,273.0 Poplar Heights - 129.0 Hiddenbrook
Poplar Heights,Week4,Waynewood,Week3,232.5 Waynewood - 169.5 Poplar Heights
Poplar Heights,Week5,Waynewood,Week3,229.0 Waynewood - 173.0 Poplar Heights
Poplar Tree,Week5,Hayfield Farm,Week1,259.0 Poplar Tree - 143.0 Hayfield Farm
Poplar Tree,Week2,Highlands Swim,Week5,267.0 Highlands Swim - 130.0 Poplar Tree
Poplar Tree,Week4,Hayfield Farm,Week2,207.5 Poplar Tree - 194.5 Hayfield Farm
Poplar Tree,Week4,Hayfield Farm,Week5,210.0 Poplar Tree - 192.0 Hayfield Farm
Poplar Heights,Week5,Walden Glen,Week5,251.0 Poplar Heights - 151.0 Walden Glen
Poplar Tree,Week3,Hayfield Farm,Week4,223.0 Poplar Tree - 179.0 Hayfield Farm
Poplar Heights,Week5,Waynewood,Week5,254.0 Waynewood - 148.0 Poplar Heights
Poplar Tree,Week5,Hayfield Farm,Week5,259.0 Poplar Tree - 143.0 Hayfield Farm
Poplar Heights,Week1,Hiddenbrook,Week4,238.0 Poplar Heights - 164.0 Hiddenbrook
Pleasant Valley,Week5,Ravensworth Farm,Week4,315.0 Ravensworth Farm - 82.0 Pleasant Valley
Pleasant Valley,Week5,Ravensworth Farm,Week1,320.0 Ravensworth Farm - 81.0 Pleasant Valley
Poplar Heights,Week2,Hiddenbrook,Week4,259.0 Poplar Heights - 143.0 Hiddenbrook
Poplar Tree,Week2,Highlands Swim,Week3,267.0 Highlands Swim - 135.0 Poplar Tree
Poplar Tree,Week5,Highland Park,Week1,227.0 Poplar Tree - 175.0 Highland Park
Poplar Heights,Week1,Hiddenbrook,Week5,241.5 Poplar Heights - 160.5 Hiddenbrook
Poplar Heights,Week3,Waynewood,Week2,225.0 Waynewood - 177.0 Poplar Heights
Poplar Heights,Week1,High Point Pool,Week5,218.0 High Point Pool - 184.0 Poplar Heights
Pleasant Valley,Week2,Riverside Gardens,Week2,337.0 Riverside Gardens - 65.0 Pleasant Valley
Pleasant Valley,Week3,Riverside Gardens,Week2,333.0 Riverside Gardens - 69.0 Pleasant Valley
Poplar Heights,Week4,Waynewood,Week2,217.0 Waynewood - 185.0 Poplar Heights
Poplar Tree,Week1,Herndon,Week1,340.0 Poplar Tree - 56.0 Herndon
Poplar Tree,Week3,Highlands Swim,Week4,249.0 Highlands Swim - 153.0 Poplar Tree
Poplar Tree,Week3,Highlands Swim,Week5,261.0 Highlands Swim - 141.0 Poplar Tree
Poplar Tree,Week3,Highlands Swim,Week3,252.0 Highlands Swim - 150.0 Poplar Tree
Poplar Heights,Week1,High Point Pool,Week2,222.0 High Point Pool - 180.0 Poplar Heights
Poplar Heights,Week1,Waynewood,Week2,231.0 Waynewood - 171.0 Poplar Heights
Poplar Tree,Week1,Highlands Swim,Week2,262.0 Highlands Swim - 140.0 Poplar Tree
Poplar Tree,Week1,Herndon,Week5,332.0 Poplar Tree - 68.0 Herndon
Poplar Tree,Week3,Hayfield Farm,Week2,246.0 Poplar Tree - 156.0 Hayfield Farm
Poplar Tree,Week3,Highlands Swim,Week2,262.0 Highlands Swim - 140.0 Poplar Tree
Poplar Heights,Week1,Waynewood,Week4,217.0 Waynewood - 185.0 Poplar Heights
Poplar Heights,Week3,Waynewood,Week4,213.0 Waynewood - 189.0 Poplar Heights
Poplar Tree,Week2,Herndon,Week1,317.0 Poplar Tree - 83.0 Herndon
Poplar Heights,Week2,Waynewood,Week3,252.0 Waynewood - 150.0 Poplar Heights
Pleasant Valley,Week1,Riverside Gardens,Week5,355.0 Riverside Gardens - 46.0 Pleasant Valley
Poplar Heights,Week4,Waynewood,Week1,218.0 Poplar Heights - 184.0 Waynewood
Poplar Tree,Week5,Hayfield Farm,Week3,242.0 Poplar Tree - 160.0 Hayfield Farm
Poplar Tree,Week1,Herndon,Week3,329.0 Poplar Tree - 72.0 Herndon
Poplar Heights,Week1,Hiddenbrook,Week3,251.0 Poplar Heights - 151.0 Hiddenbrook
Pleasant Valley,Week5,Ravensworth Farm,Week5,319.0 Ravensworth Farm - 81.0 Pleasant Valley
Poplar Heights,Week4,Hiddenbrook,Week5,259.0 Poplar Heights - 143.0 Hiddenbrook
Poplar Heights,Week1,Woodley,Week2,296.0 Poplar Heights - 106.0 Woodley
Poplar Heights,Week1,Hiddenbrook,Week2,293.0 Poplar Heights - 109.0 Hiddenbrook
Poplar Tree,Week5,Highlands Swim,Week3,245.0 Highlands Swim - 157.0 Poplar Tree
Poplar Heights,Week5,Waynewood,Week1,221.0 Poplar Heights - 181.0 Waynewood
Poplar Tree,Week4,Hollin Hills,Week4,301.0 Poplar Tree - 99.0 Hollin Hills
Poplar Tree,Week1,Hiddenbrook,Week2,302.0 Poplar Tree - 96.0 Hiddenbrook
Poplar Heights,Week2,Waynewood,Week4,207.0 Waynewood - 195.0 Poplar Heights
Poplar Heights,Week2,Hiddenbrook,Week5,252.0 Poplar Heights - 150.0 Hiddenbrook
Poplar Heights,Week5,Waynewood,Week4,212.0 Waynewood - 190.0 Poplar Heights
Pleasant Valley,Week5,Ravensworth Farm,Week2,298.0 Ravensworth Farm - 100.0 Pleasant Valley
Poplar Tree,Week4,Highlands Swim,Week1,265.0 Highlands Swim - 137.0 Poplar Tree
Poplar Heights,Week4,Hiddenbrook,Week3,275.0 Poplar Heights - 127.0 Hiddenbrook
Poplar Tree,Week2,Herndon,Week5,306.0 Poplar Tree - 96.0 Herndon
Pleasant Valley,Week5,Ravensworth Farm,Week3,316.0 Ravensworth Farm - 84.0 Pleasant Valley
Poplar Heights,Week1,High Point Pool,Week3,212.0 High Point Pool - 190.0 Poplar Heights
Poplar Heights,Week4,Hiddenbrook,Week4,277.0 Poplar Heights - 125.0 Hiddenbrook
Poplar Tree,Week1,Hiddenbrook,Week1,282.0 Poplar Tree - 120.0 Hiddenbrook
Poplar Tree,Week3,Hiddenbrook,Week1,283.5 Poplar Tree - 118.5 Hiddenbrook
Poplar Heights,Week5,Herndon,Week5,350.0 Poplar Heights - 52.0 Herndon
Poplar Tree,Week5,Herndon,Week2,344.0 Poplar Tree - 57.0 Herndon
Poplar Tree,Week2,Hollin Hills,Week1,306.0 Poplar Tree - 91.0 Hollin Hills
Pleasant Valley,Week3,Ravensworth Farm,Week2,292.0 Ravensworth Farm - 109.0 Pleasant Valley
Poplar Heights,Week3,Waynewood,Week3,249.0 Waynewood - 153.0 Poplar Heights
Pleasant Valley,Week4,Riverside Gardens,Week3,354.0 Riverside Gardens - 48.0 Pleasant Valley
Poplar Tree,Week1,Hiddenbrook,Week5,261.0 Poplar Tree - 141.0 Hiddenbrook
Pleasant Valley,Week4,Ravensworth Farm,Week4,345.0 Ravensworth Farm - 57.0 Pleasant Valley
Poplar Tree,Week3,Hollin Hills,Week1,320.0 Poplar Tree - 82.0 Hollin Hills
Pleasant Valley,Week1,Riverside Gardens,Week2,333.0 Riverside Gardens - 69.0 Pleasant Valley
Poplar Tree,Week3,Herndon,Week2,340.0 Poplar Tree - 61.0 Herndon
Poplar Heights,Week2,Hiddenbrook,Week1,272.0 Poplar Heights - 130.0 Hiddenbrook
Poplar Tree,Week2,Hiddenbrook,Week4,259.0 Poplar Tree - 138.0 Hiddenbrook
Poplar Tree,Week2,Hollin Hills,Week3,301.0 Poplar Tree - 101.0 Hollin Hills
Poplar Heights,Week3,Woodley,Week1,295.0 Poplar Heights - 107.0 Woodley
Poplar Heights,Week4,Hiddenbrook,Week2,310.0 Poplar Heights - 91.0 Hiddenbrook
Poplar Tree,Week2,Herndon,Week2,313.0 Poplar Tree - 89.0 Herndon
Poplar Tree,Week3,Hollin Hills,Week2,313.0 Poplar Tree - 88.0 Hollin Hills
Poplar Tree,Week4,Highlands Swim,Week2,281.0 Highlands Swim - 121.0 Poplar Tree
Poplar Tree,Week4,Highlands Swim,Week3,263.0 Highlands Swim - 139.0 Poplar Tree
Poplar Heights,Week1,High Point Pool,Week1,205.0 High Point Pool - 197.0 Poplar Heights
Pleasant Valley,Week1,Riverside Gardens,Week1,343.0 Riverside Gardens - 59.0 Pleasant Valley
Pleasant Valley,Week3,Ravensworth Farm,Week4,308.0 Ravensworth Farm - 94.0 Pleasant Valley
Poplar Heights,Week3,Hiddenbrook,Week2,306.0 Poplar Heights - 96.0 Hiddenbrook
Poplar Heights,Week5,Waynewood,Week2,211.0 Waynewood - 191.0 Poplar Heights
Poplar Tree,Week2,Herndon,Week4,308.0 Poplar Tree - 94.0 Herndon
Poplar Heights,Week2,Woodley,Week5,287.0 Poplar Heights - 115.0 Woodley
Pleasant Valley,Week3,Ravensworth Farm,Week3,316.0 Ravensworth Farm - 86.0 Pleasant Valley
Poplar Tree,Week4,Hollin Hills,Week5,291.0 Poplar Tree - 109.0 Hollin Hills
Poplar Tree,Week2,Hollin Hills,Week5,300.0 Poplar Tree - 102.0 Hollin Hills
Poplar Heights,Week1,Waynewood,Week3,241.0 Waynewood - 161.0 Poplar Heights
Pleasant Valley,Week3,Ravensworth Farm,Week5,321.0 Ravensworth Farm - 81.0 Pleasant Valley
Poplar Heights,Week1,Waynewood,Week5,249.0 Waynewood - 153.0 Poplar Heights
Poplar Heights,Week2,Hiddenbrook,Week3,261.0 Poplar Heights - 141.0 Hiddenbrook
Poplar Tree,Week2,Hiddenbrook,Week2,281.0 Poplar Tree - 115.0 Hiddenbrook
Poplar Heights,Week2,Waynewood,Week1,205.0 Poplar Heights - 197.0 Waynewood
Pleasant Valley,Week3,Stratford,Week4,266.5 Stratford - 135.5 Pleasant Valley
Poplar Tree,Week3,Hollin Hills,Week4,315.0 Poplar Tree - 87.0 Hollin Hills
Poplar Heights,Week2,Waynewood,Week5,249.0 Waynewood - 153.0 Poplar Heights
Pleasant Valley,Week2,Stratford,Week5,280.0 Stratford - 121.0 Pleasant Valley
Pleasant Valley,Week2,Riverside Gardens,Week1,346.0 Riverside Gardens - 56.0 Pleasant Valley
Pleasant Valley,Week1,Riverside Gardens,Week4,359.0 Riverside Gardens - 43.0 Pleasant Valley
Poplar Tree,Week3,Hiddenbrook,Week3,269.0 Poplar Tree - 133.0 Hiddenbrook
Poplar Heights,Week2,Waynewood,Week2,222.0 Waynewood - 180.0 Poplar Heights
Poplar Tree,Week2,Herndon,Week3,310.0 Poplar Tree - 87.0 Herndon
Pleasant Valley,Week1,Riverside Gardens,Week3,350.0 Riverside Gardens - 52.0 Pleasant Valley
Poplar Tree,Week5,Highlands Swim,Week2,268.0 Highlands Swim - 134.0 Poplar Tree
Poplar Heights,Week3,Hiddenbrook,Week3,278.0 Poplar Heights - 124.0 Hiddenbrook
Poplar Tree,Week5,Herndon,Week1,349.0 Poplar Tree - 52.0 Herndon
Pleasant Valley,Week2,Village West,Week2,243.0 Village West - 154.0 Pleasant Valley
Pleasant Valley,Week3,Villa Aquatic,Week2,278.0 Villa Aquatic - 124.0 Pleasant Valley
Pleasant Valley,Week4,Ravensworth Farm,Week5,344.5 Ravensworth Farm - 56.5 Pleasant Valley
Pleasant Valley,Week2,Riverside Gardens,Week3,351.0 Riverside Gardens - 51.0 Pleasant Valley
Poplar Heights,Week5,Herndon,Week4,350.0 Poplar Heights - 52.0 Herndon
Poplar Heights,Week1,Hiddenbrook,Week1,254.0 Poplar Heights - 148.0 Hiddenbrook
Pleasant Valley,Week2,Stratford,Week2,260.0 Stratford - 141.0 Pleasant Valley
Poplar Heights,Week5,Hiddenbrook,Week1,274.0 Poplar Heights - 128.0 Hiddenbrook
Poplar Heights,Week3,Hiddenbrook,Week5,250.0 Poplar Heights - 152.0 Hiddenbrook
Poplar Heights,Week3,Waynewood,Week5,242.0 Waynewood - 160.0 Poplar Heights
Pleasant Valley,Week1,Stratford,Week5,275.0 Stratford - 126.0 Pleasant Valley
Poplar Heights,Week5,Hiddenbrook,Week4,284.0 Poplar Heights - 118.0 Hiddenbrook
Poplar Tree,Week2,Hollin Hills,Week4,303.0 Poplar Tree - 99.0 Hollin Hills
Pleasant Valley,Week4,Villa Aquatic,Week2,291.0 Villa Aquatic - 111.0 Pleasant Valley
Pleasant Valley,Week2,Riverside Gardens,Week5,355.0 Riverside Gardens - 46.0 Pleasant Valley
Poplar Tree,Week4,Herndon,Week1,313.0 Poplar Tree - 88.0 Herndon
Poplar Tree,Week1,Hiddenbrook,Week3,267.0 Poplar Tree - 135.0 Hiddenbrook
Poplar Heights,Week4,Waynewood,Week5,245.0 Waynewood - 157.0 Poplar Heights
Poplar Tree,Week4,Highlands Swim,Week5,261.0 Highlands Swim - 141.0 Poplar Tree
Pleasant Valley,Week4,Stratford,Week4,314.0 Stratford - 86.0 Pleasant Valley
Poplar Tree,Week4,Hollin Hills,Week1,312.0 Poplar Tree - 89.0 Hollin Hills
Pleasant Valley,Week5,Springfield,Week3,280.0 Pleasant Valley - 93.0 Springfield
Poplar Heights,Week3,Waynewood,Week1,205.0 Poplar Heights - 197.0 Waynewood
Poplar Tree,Week1,Hollin Hills,Week1,317.0 Poplar Tree - 85.0 Hollin Hills
Poplar Tree,Week5,Highlands Swim,Week4,250.0 Highlands Swim - 152.0 Poplar Tree
Poplar Heights,Week4,Waynewood,Week4,215.0 Waynewood - 187.0 Poplar Heights
Pleasant Valley,Week4,Ravensworth Farm,Week1,333.0 Ravensworth Farm - 66.0 Pleasant Valley
Poplar Tree,Week4,Herndon,Week3,308.0 Poplar Tree - 93.0 Herndon
Poplar Heights,Week2,Woodley,Week1,300.0 Poplar Heights - 102.0 Woodley
Poplar Heights,Week2,Woodley,Week2,313.0 Poplar Heights - 89.0 Woodley
Poplar Heights,Week1,Woodley,Week1,289.0 Poplar Heights - 113.0 Woodley
Pleasant Valley,Week2,Stratford,Week1,235.0 Stratford - 157.0 Pleasant Valley
Pleasant Valley,Week5,Villa Aquatic,Week5,295.0 Villa Aquatic - 107.0 Pleasant Valley
Pleasant Valley,Week4,Villa Aquatic,Week3,330.0 Villa Aquatic - 71.0 Pleasant Valley
Pleasant Valley,Week4,Villa Aquatic,Week4,313.0 Villa Aquatic - 89.0 Pleasant Valley
Pleasant Valley,Week4,Springfield,Week4,241.0 Pleasant Valley - 137.0 Springfield
Poplar Tree,Week1,Hollin Hills,Week3,306.0 Poplar Tree - 96.0 Hollin Hills
Pleasant Valley,Week2,Riverside Gardens,Week4,360.0 Riverside Gardens - 42.0 Pleasant Valley
Pleasant Valley,Week3,Villa Aquatic,Week4,290.0 Villa Aquatic - 112.0 Pleasant Valley
Poplar Heights,Week5,Hiddenbrook,Week2,322.0 Poplar Heights - 80.0 Hiddenbrook
Pleasant Valley,Week5,Springfield,Week4,263.0 Pleasant Valley - 121.0 Springfield
Poplar Tree,Week5,Herndon,Week5,335.0 Poplar Tree - 66.0 Herndon
Pleasant Valley,Week4,Ravensworth Farm,Week2,325.0 Ravensworth Farm - 72.0 Pleasant Valley
Poplar Tree,Week4,Highlands Swim,Week4,259.0 Highlands Swim - 143.0 Poplar Tree
Poplar Tree,Week5,Highlands Swim,Week1,245.0 Highlands Swim - 157.0 Poplar Tree
Poplar Heights,Week1,Woodley,Week5,276.0 Poplar Heights - 126.0 Woodley
Pleasant Valley,Week2,Villa Aquatic,Week4,309.0 Villa Aquatic - 93.0 Pleasant Valley
Pleasant Valley,Week3,Ravensworth Farm,Week1,311.0 Ravensworth Farm - 91.0 Pleasant Valley
Pleasant Valley,Week3,Riverside Gardens,Week1,343.0 Riverside Gardens - 59.0 Pleasant Valley
Poplar Tree,Week3,Herndon,Week5,331.0 Poplar Tree - 70.0 Herndon
Poplar Tree,Week3,Hollin Hills,Week5,315.0 Poplar Tree - 86.0 Hollin Hills
Pleasant Valley,Week5,Villa Aquatic,Week3,304.0 Villa Aquatic - 98.0 Pleasant Valley
Pleasant Valley,Week3,Riverside Gardens,Week5,346.0 Riverside Gardens - 56.0 Pleasant Valley
Poplar Tree,Week3,Hollin Meadows,Week5,218.0 Poplar Tree - 184.0 Hollin Meadows
Poplar Heights,Week2,High Point Pool,Week1,215.0 Poplar Heights - 187.0 High Point Pool
Pleasant Valley,Week3,Stratford,Week2,236.0 Stratford - 166.0 Pleasant Valley
Pleasant Valley,Week3,Riverside Gardens,Week3,347.0 Riverside Gardens - 55.0 Pleasant Valley
Pleasant Valley,Week4,Springfield,Week5,257.0 Pleasant Valley - 107.0 Springfield
Poplar Tree,Week2,Hiddenbrook,Week1,266.0 Poplar Tree - 136.0 Hiddenbrook
Poplar Tree,Week1,Hollin Hills,Week2,307.0 Poplar Tree - 95.0 Hollin Hills
Poplar Heights,Week1,Woodley,Week3,292.0 Poplar Heights - 110.0 Woodley
Poplar Heights,Week2,Woodley,Week3,307.0 Poplar Heights - 95.0 Woodley
Poplar Tree,Week3,Herndon,Week3,330.0 Poplar Tree - 71.0 Herndon
Poplar Heights,Week1,High Point Pool,Week4,203.0 High Point Pool - 199.0 Poplar Heights
Pleasant Valley,Week3,Riverside Gardens,Week4,352.0 Riverside Gardens - 50.0 Pleasant Valley
Poplar Heights,Week1,Highland Park,Week5,203.0 Poplar Heights - 199.0 Highland Park
Pleasant Valley,Week3,Village West,Week3,232.0 Village West - 170.0 Pleasant Valley
Poplar Tree,Week4,Herndon,Week5,312.0 Poplar Tree - 88.0 Herndon
Poplar Heights,Week2,Woodley,Week4,302.0 Poplar Heights - 100.0 Woodley
Poplar Heights,Week2,High Point Pool,Week3,202.0 High Point Pool - 200.0 Poplar Heights
Poplar Heights,Week2,High Point Pool,Week2,205.0 High Point Pool - 197.0 Poplar Heights
Pleasant Valley,Week2,Villa Aquatic,Week3,324.0 Villa Aquatic - 77.0 Pleasant Valley
Poplar Tree,Week3,Herndon,Week4,334.0 Poplar Tree - 67.0 Herndon
Poplar Tree,Week5,Herndon,Week4,333.0 Poplar Tree - 68.0 Herndon
Poplar Heights,Week1,Woodley,Week4,290.5 Poplar Heights - 111.5 Woodley
Pleasant Valley,Week1,Stratford,Week1,260.0 Stratford - 133.0 Pleasant Valley
Poplar Tree,Week1,Hollin Meadows,Week3,215.0 Poplar Tree - 187.0 Hollin Meadows
Pleasant Valley,Week4,Ravensworth Farm,Week3,338.0 Ravensworth Farm - 59.0 Pleasant Valley
Poplar Heights,Week5,Hiddenbrook,Week3,279.0 Poplar Heights - 123.0 Hiddenbrook
Poplar Tree,Week4,Herndon,Week4,307.0 Poplar Tree - 93.0 Herndon
Pleasant Valley,Week5,Springfield,Week5,277.0 Pleasant Valley - 92.0 Springfield
Pleasant Valley,Week3,Stratford,Week1,227.0 Stratford - 175.0 Pleasant Valley
Poplar Tree,Week4,Hollin Hills,Week3,296.0 Poplar Tree - 106.0 Hollin Hills
Poplar Heights,Week5,Hiddenbrook,Week5,255.0 Poplar Heights - 147.0 Hiddenbrook
Poplar Heights,Week5,South Run,Week2,246.0 Poplar Heights - 156.0 South Run
Poplar Tree,Week5,Herndon,Week3,338.0 Poplar Tree - 64.0 Herndon
Pleasant Valley,Week3,Villa Aquatic,Week3,310.0 Villa Aquatic - 92.0 Pleasant Valley
Poplar Tree,Week5,Highlands Swim,Week5,255.0 Highlands Swim - 147.0 Poplar Tree
Poplar Heights,Week2,Highland Park,Week3,222.0 Poplar Heights - 180.0 Highland Park
Pleasant Valley,Week4,Springfield,Week2,253.0 Pleasant Valley - 118.0 Springfield
Poplar Tree,Week1,Hollin Hills,Week4,306.5 Poplar Tree - 94.5 Hollin Hills
Poplar Heights,Week3,High Point Pool,Week1,211.0 Poplar Heights - 191.0 High Point Pool
Pleasant Valley,Week4,Riverside Gardens,Week2,338.0 Riverside Gardens - 64.0 Pleasant Valley
Pleasant Valley,Week4,Riverside Gardens,Week1,354.0 Riverside Gardens - 48.0 Pleasant Valley
Poplar Heights,Week5,South Run,Week3,247.0 Poplar Heights - 155.0 South Run
Pleasant Valley,Week5,Villa Aquatic,Week2,282.0 Villa Aquatic - 119.0 Pleasant Valley
Poplar Heights,Week1,South Run,Week5,220.0 Poplar Heights - 182.0 South Run
Pleasant Valley,Week5,Springfield,Week1,262.0 Pleasant Valley - 115.0 Springfield
Poplar Tree,Week3,Herndon,Week1,335.0 Poplar Tree - 65.0 Herndon
Poplar Tree,Week1,Hiddenbrook,Week4,269.0 Poplar Tree - 133.0 Hiddenbrook
Poplar Tree,Week2,Hollin Hills,Week2,309.0 Poplar Tree - 93.0 Hollin Hills
Pleasant Valley,Week1,Stratford,Week4,301.0 Stratford - 100.0 Pleasant Valley
Poplar Heights,Week1,Springboard,Week2,303.0 Poplar Heights - 97.0 Springboard
Pleasant Valley,Week1,Village West,Week1,242.0 Village West - 156.0 Pleasant Valley
Poplar Tree,Week4,Herndon,Week2,310.0 Poplar Tree - 90.0 Herndon
Poplar Heights,Week5,High Point Pool,Week3,201.0 High Point Pool - 201.0 Poplar Heights
Poplar Tree,Week2,Hiddenbrook,Week3,249.0 Poplar Tree - 148.0 Hiddenbrook
Pleasant Valley,Week3,Springfield,Week5,312.0 Pleasant Valley - 83.0 Springfield
Pleasant Valley,Week4,Rolling Forest,Week3,317.0 Rolling Forest - 84.0 Pleasant Valley
Poplar Heights,Week3,Highland Park,Week1,207.0 Poplar Heights - 195.0 Highland Park
Pleasant Valley,Week2,Stratford,Week4,299.0 Stratford - 102.0 Pleasant Valley
Pleasant Valley,Week1,Village West,Week4,239.0 Village West - 154.0 Pleasant Valley
Poplar Tree,Week1,Hollin Hills,Week5,304.0 Poplar Tree - 98.0 Hollin Hills
Poplar Heights,Week4,South Run,Week1,231.0 Poplar Heights - 162.0 South Run
Pleasant Valley,Week5,Rolling Forest,Week1,282.0 Rolling Forest - 120.0 Pleasant Valley
Poplar Heights,Week3,Highland Park,Week4,212.0 Poplar Heights - 190.0 Highland Park
Pleasant Valley,Week5,Riverside Gardens,Week2,323.0 Riverside Gardens - 79.0 Pleasant Valley
Pleasant Valley,Week4,Springfield,Week3,252.0 Pleasant Valley - 111.0 Springfield
Pleasant Valley,Week2,Rolling Forest,Week2,276.0 Rolling Forest - 125.0 Pleasant Valley
Poplar Tree,Week2,Hiddenbrook,Week5,243.0 Poplar Tree - 159.0 Hiddenbrook
Poplar Tree,Week4,Hiddenbrook,Week5,236.0 Poplar Tree - 166.0 Hiddenbrook
Pleasant Valley,Week4,Rolling Forest,Week1,309.0 Rolling Forest - 92.0 Pleasant Valley
Poplar Heights,Week1,Springboard,Week5,279.0 Poplar Heights - 122.0 Springboard
Poplar Heights,Week5,Somerset-Olde Creek,Week5,331.0 Poplar Heights - 70.0 Somerset-Olde Creek
Poplar Tree,Week4,Hiddenbrook,Week3,242.0 Poplar Tree - 160.0 Hiddenbrook
Pleasant Valley,Week4,Springfield,Week1,242.0 Pleasant Valley - 133.0 Springfield
Poplar Heights,Week4,Highland Park,Week2,218.0 Poplar Heights - 184.0 Highland Park
Poplar Tree,Week5,Hollin Hills,Week4,325.0 Poplar Tree - 75.0 Hollin Hills
Poplar Heights,Week1,South Run,Week4,234.0 Poplar Heights - 168.0 South Run
Poplar Heights,Week2,Springboard,Week2,338.0 Poplar Heights - 62.0 Springboard
Pleasant Valley,Week1,Stratford,Week3,293.0 Stratford - 108.0 Pleasant Valley
Pleasant Valley,Week3,Villa Aquatic,Week5,306.0 Villa Aquatic - 96.0 Pleasant Valley
Pleasant Valley,Week1,Stratford,Week2,273.5 Stratford - 127.5 Pleasant Valley
Poplar Heights,Week3,High Point Pool,Week2,212.0 High Point Pool - 190.0 Poplar Heights
Poplar Tree,Week5,Hollin Hills,Week2,323.0 Poplar Tree - 78.0 Hollin Hills
Poplar Heights,Week5,High Point Pool,Week5,207.0 Poplar Heights - 195.0 High Point Pool
Pleasant Valley,Week5,Springfield,Week2,270.0 Pleasant Valley - 103.0 Springfield
Poplar Heights,Week5,South Run,Week1,228.0 Poplar Heights - 165.0 South Run
Poplar Tree,Week3,Hiddenbrook,Week2,306.0 Poplar Tree - 92.0 Hiddenbrook
Poplar Heights,Week1,Highland Park,Week1,202.0 Poplar Heights - 200.0 Highland Park
Pleasant Valley,Week4,Rolling Forest,Week2,304.0 Rolling Forest - 97.0 Pleasant Valley
Poplar Heights,Week3,South Run,Week3,241.0 Poplar Heights - 161.0 South Run
Poplar Tree,Week5,Hiddenbrook,Week1,304.0 Poplar Tree - 98.0 Hiddenbrook
Poplar Tree,Week4,Hollin Hills,Week2,298.0 Poplar Tree - 103.0 Hollin Hills
Pleasant Valley,Week4,Villa Aquatic,Week1,301.0 Villa Aquatic - 101.0 Pleasant Valley
Poplar Heights,Week2,South Run,Week2,254.0 Poplar Heights - 148.0 South Run
Poplar Heights,Week4,High Point Pool,Week5,209.0 Poplar Heights - 193.0 High Point Pool
Pleasant Valley,Week5,Villa Aquatic,Week1,285.0 Villa Aquatic - 116.0 Pleasant Valley
Pleasant Valley,Week2,Stratford,Week3,279.0 Stratford - 122.0 Pleasant Valley
Pleasant Valley,Week1,Rolling Forest,Week5,308.0 Rolling Forest - 93.0 Pleasant Valley
Pleasant Valley,Week4,Riverside Gardens,Week4,362.0 Riverside Gardens - 40.0 Pleasant Valley
Pleasant Valley,Week5,Villa Aquatic,Week4,290.0 Villa Aquatic - 112.0 Pleasant Valley
Poplar Tree,Week1,Hollin Meadows,Week2,246.0 Poplar Tree - 156.0 Hollin Meadows
Pleasant Valley,Week5,Rolling Forest,Week3,299.0 Rolling Forest - 103.0 Pleasant Valley
Pleasant Valley,Week4,Villa Aquatic,Week5,325.0 Villa Aquatic - 77.0 Pleasant Valley
Poplar Heights,Week1,Highland Park,Week2,217.0 Poplar Heights - 185.0 Highland Park
Poplar Tree,Week3,Hiddenbrook,Week5,251.0 Poplar Tree - 151.0 Hiddenbrook
Poplar Heights,Week2,High Point Pool,Week5,213.0 Poplar Heights - 189.0 High Point Pool
Poplar Tree,Week2,Hollin Meadows,Week4,223.0 Poplar Tree - 179.0 Hollin Meadows
Pleasant Valley,Week3,Villa Aquatic,Week1,269.0 Villa Aquatic - 133.0 Pleasant Valley
Pleasant Valley,Week2,Village West,Week3,255.0 Village West - 145.0 Pleasant Valley
Pleasant Valley,Week3,Springfield,Week4,293.0 Pleasant Valley - 104.0 Springfield
Poplar Tree,Week4,Hiddenbrook,Week1,269.0 Poplar Tree - 133.0 Hiddenbrook
Pleasant Valley,Week2,Villa Aquatic,Week5,313.0 Villa Aquatic - 89.0 Pleasant Valley
Poplar Tree,Week2,Hollin Meadows,Week2,219.5 Poplar Tree - 182.5 Hollin Meadows
Pleasant Valley,Week1,Rolling Forest,Week4,299.0 Rolling Forest - 102.0 Pleasant Valley
Poplar Tree,Week3,Hollin Hills,Week3,313.0 Poplar Tree - 89.0 Hollin Hills
Poplar Tree,Week5,Hiddenbrook,Week2,316.0 Poplar Tree - 85.0 Hiddenbrook
Poplar Tree,Week3,Hollin Meadows,Week2,234.0 Poplar Tree - 168.0 Hollin Meadows
Poplar Heights,Week4,High Point Pool,Week2,212.0 High Point Pool - 190.0 Poplar Heights
Pleasant Valley,Week3,Stratford,Week3,265.0 Stratford - 137.0 Pleasant Valley
Pleasant Valley,Week1,Rolling Forest,Week3,308.0 Rolling Forest - 94.0 Pleasant Valley
Poplar Tree,Week3,Hollin Meadows,Week1,229.0 Poplar Tree - 173.0 Hollin Meadows
Poplar Heights,Week5,South Run,Week5,220.0 Poplar Heights - 182.0 South Run
Pleasant Valley,Week3,Stratford,Week5,244.0 Stratford - 158.0 Pleasant Valley
Poplar Tree,Week5,Hollin Hills,Week3,326.0 Poplar Tree - 76.0 Hollin Hills
Pleasant Valley,Week1,Village West,Week2,234.0 Village West - 163.0 Pleasant Valley
Poplar Heights,Week4,High Point Pool,Week4,203.5 High Point Pool - 198.5 Poplar Heights
Pleasant Valley,Week1,Rolling Forest,Week1,296.0 Rolling Forest - 105.0 Pleasant Valley
Pleasant Valley,Week4,Riverside Gardens,Week5,361.0 Riverside Gardens - 40.0 Pleasant Valley
Pleasant Valley,Week1,Village West,Week3,245.0 Village West - 156.0 Pleasant Valley
Poplar Heights,Week3,High Point Pool,Week4,203.0 High Point Pool - 199.0 Poplar Heights
Poplar Heights,Week2,South Run,Week4,251.0 Poplar Heights - 151.0 South Run
Pleasant Valley,Week4,Stratford,Week3,306.0 Stratford - 95.0 Pleasant Valley
Poplar Heights,Week1,South Run,Week3,226.0 Poplar Heights - 176.0 South Run
Pleasant Valley,Week1,Village West,Week5,243.0 Village West - 155.0 Pleasant Valley
Poplar Tree,Week5,Hiddenbrook,Week4,287.0 Poplar Tree - 115.0 Hiddenbrook
Pleasant Valley,Week3,Rolling Forest,Week3,289.0 Rolling Forest - 113.0 Pleasant Valley
Poplar Heights,Week3,South Run,Week5,217.0 Poplar Heights - 185.0 South Run
Pleasant Valley,Week4,Stratford,Week1,255.0 Stratford - 136.0 Pleasant Valley
Poplar Tree,Week1,Hollin Meadows,Week1,222.0 Poplar Tree - 180.0 Hollin Meadows
Poplar Tree,Week5,Hiddenbrook,Week3,283.0 Poplar Tree - 119.0 Hiddenbrook
Poplar Tree,Week4,Hiddenbrook,Week4,244.0 Poplar Tree - 158.0 Hiddenbrook
Poplar Tree,Week1,Hollin Meadows,Week5,216.0 Poplar Tree - 186.0 Hollin Meadows
Pleasant Valley,Week2,Village West,Week1,251.0 Village West - 146.0 Pleasant Valley
Pleasant Valley,Week4,Stratford,Week2,287.0 Stratford - 114.0 Pleasant Valley
Poplar Tree,Week3,Hiddenbrook,Week4,268.0 Poplar Tree - 134.0 Hiddenbrook
Poplar Heights,Week2,South Run,Week1,225.0 Poplar Heights - 168.0 South Run
Poplar Heights,Week2,Highland Park,Week1,208.0 Poplar Heights - 194.0 Highland Park
Pleasant Valley,Week3,Sully Station,Week4,319.0 Sully Station - 83.0 Pleasant Valley
Poplar Heights,Week2,Chesterbrook,Week5,332.0 Chesterbrook - 70.0 Poplar Heights
Pleasant Valley,Week3,Rolling Forest,Week1,280.0 Rolling Forest - 122.0 Pleasant Valley
Poplar Tree,Week5,Hiddenbrook,Week5,283.0 Poplar Tree - 119.0 Hiddenbrook
Poplar Tree,Week1,High Point Pool,Week1,229.0 Poplar Tree - 173.0 High Point Pool
Poplar Tree,Week5,Hollin Hills,Week5,323.0 Poplar Tree - 77.0 Hollin Hills
Poplar Heights,Week2,Chesterbrook,Week3,340.5 Chesterbrook - 61.5 Poplar Heights
Poplar Tree,Week5,Hollin Hills,Week1,335.0 Poplar Tree - 65.0 Hollin Hills
Pleasant Valley,Week2,Village West,Week4,244.0 Village West - 149.0 Pleasant Valley
Pleasant Valley,Week2,Sully Station,Week2,320.0 Sully Station - 82.0 Pleasant Valley
Pleasant Valley,Week2,Rolling Forest,Week3,296.0 Rolling Forest - 106.0 Pleasant Valley
Pleasant Valley,Week5,Riverside Gardens,Week5,347.0 Riverside Gardens - 55.0 Pleasant Valley
Poplar Heights,Week2,High Point Pool,Week4,208.0 High Point Pool - 194.0 Poplar Heights
Poplar Heights,Week1,South Run,Week2,235.0 Poplar Heights - 167.0 South Run
Poplar Heights,Week4,High Point Pool,Week1,210.0 Poplar Heights - 192.0 High Point Pool
Poplar Heights,Week4,South Run,Week2,243.0 Poplar Heights - 159.0 South Run
Poplar Heights,Week4,High Point Pool,Week3,202.0 High Point Pool - 200.0 Poplar Heights
Pleasant Valley,Week2,Village West,Week5,248.0 Village West - 149.0 Pleasant Valley
Pleasant Valley,Week3,Sully Station,Week2,309.0 Sully Station - 93.0 Pleasant Valley
Pleasant Valley,Week2,Rolling Forest,Week5,301.0 Rolling Forest - 100.0 Pleasant Valley
Poplar Heights,Week4,South Run,Week3,260.0 Poplar Heights - 142.0 South Run
Poplar Heights,Week5,High Point Pool,Week1,211.0 Poplar Heights - 191.0 High Point Pool
Poplar Tree,Week4,Hiddenbrook,Week2,264.0 Poplar Tree - 134.0 Hiddenbrook
Pleasant Valley,Week2,Sully Station,Week1,332.0 Sully Station - 70.0 Pleasant Valley
Poplar Tree,Week3,Hollin Meadows,Week3,227.0 Poplar Tree - 175.0 Hollin Meadows
Poplar Heights,Week3,Cardinal Hill,Week3,237.0 Cardinal Hill - 165.0 Poplar Heights
Pleasant Valley,Week3,Village West,Week2,227.0 Village West - 174.0 Pleasant Valley
Poplar Tree,Week1,High Point Pool,Week3,212.0 Poplar Tree - 189.0 High Point Pool
Pleasant Valley,Week3,Village West,Week1,209.0 Village West - 192.0 Pleasant Valley
Pleasant Valley,Week5,Riverside Gardens,Week4,349.0 Riverside Gardens - 53.0 Pleasant Valley
Poplar Heights,Week4,South Run,Week4,255.0 Poplar Heights - 147.0 South Run
Poplar Heights,Week3,High Point Pool,Week5,203.0 High Point Pool - 199.0 Poplar Heights
Poplar Heights,Week1,Chesterbrook,Week4,329.0 Chesterbrook - 73.0 Poplar Heights
Poplar Tree,Week1,High Point Pool,Week4,204.0 High Point Pool - 198.0 Poplar Tree
Poplar Tree,Week1,Hollin Meadows,Week4,228.0 Poplar Tree - 174.0 Hollin Meadows
Pleasant Valley,Week1,Sully Station,Week3,328.0 Sully Station - 73.0 Pleasant Valley
Poplar Heights,Week3,Chesterbrook,Week5,335.0 Chesterbrook - 67.0 Poplar Heights
Pleasant Valley,Week3,Rolling Forest,Week5,293.5 Rolling Forest - 108.5 Pleasant Valley
Poplar Heights,Week4,South Run,Week5,235.0 Poplar Heights - 167.0 South Run
Poplar Tree,Week3,Hollin Meadows,Week4,225.0 Poplar Tree - 177.0 Hollin Meadows
Poplar Tree,Week1,High Point Pool,Week2,202.0 Poplar Tree - 200.0 High Point Pool
Pleasant Valley,Week5,Stratford,Week2,260.0 Stratford - 142.0 Pleasant Valley
Poplar Heights,Week2,Chesterbrook,Week2,329.0 Chesterbrook - 73.0 Poplar Heights
Poplar Heights,Week5,High Point Pool,Week2,210.5 High Point Pool - 191.5 Poplar Heights
Pleasant Valley,Week3,Village West,Week4,217.0 Village West - 180.0 Pleasant Valley
Poplar Tree,Week2,Hollin Meadows,Week1,217.0 Poplar Tree - 185.0 Hollin Meadows
Pleasant Valley,Week5,Riverside Gardens,Week1,341.0 Riverside Gardens - 61.0 Pleasant Valley
Poplar Tree,Week2,Hollin Meadows,Week5,206.0 Poplar Tree - 196.0 Hollin Meadows
Poplar Heights,Week2,Highland Park,Week5,216.0 Poplar Heights - 186.0 Highland Park
Pleasant Valley,Week2,Rolling Forest,Week4,286.0 Rolling Forest - 115.0 Pleasant Valley
Poplar Heights,Week1,Highland Park,Week4,204.0 Highland Park - 198.0 Poplar Heights
Poplar Heights,Week1,South Run,Week1,219.0 Poplar Heights - 174.0 South Run
Pleasant Valley,Week3,Rolling Forest,Week2,274.0 Rolling Forest - 128.0 Pleasant Valley
Poplar Tree,Week5,Hollin Meadows,Week1,231.0 Poplar Tree - 171.0 Hollin Meadows
Pleasant Valley,Week1,Virginia Hills,Week2,249.0 Pleasant Valley - 148.0 Virginia Hills
Pleasant Valley,Week3,Rolling Forest,Week4,286.0 Rolling Forest - 116.0 Pleasant Valley
Pleasant Valley,Week1,Rolling Forest,Week2,291.0 Rolling Forest - 110.0 Pleasant Valley
Poplar Heights,Week4,Cardinal Hill,Week4,202.0 Cardinal Hill - 200.0 Poplar Heights
Poplar Heights,Week4,Cardinal Hill,Week2,214.0 Poplar Heights - 188.0 Cardinal Hill
Pleasant Valley,Week4,Sully Station,Week1,338.0 Sully Station - 63.0 Pleasant Valley
Poplar Tree,Week4,Hollin Meadows,Week4,205.0 Hollin Meadows - 197.0 Poplar Tree
Poplar Heights,Week5,South Run,Week4,246.0 Poplar Heights - 151.0 South Run
Pleasant Valley,Week4,Village West,Week4,253.0 Village West - 138.0 Pleasant Valley
Poplar Heights,Week1,Chesterbrook,Week2,340.5 Chesterbrook - 61.5 Poplar Heights
Pleasant Valley,Week3,Virginia Hills,Week1,282.5 Pleasant Valley - 119.5 Virginia Hills
Poplar Heights,Week1,Springboard,Week1,289.0 Poplar Heights - 111.0 Springboard
Pleasant Valley,Week2,Virginia Hills,Week3,242.0 Pleasant Valley - 159.0 Virginia Hills
Poplar Heights,Week3,South Run,Week4,238.0 Poplar Heights - 164.0 South Run
Poplar Heights,Week3,Cardinal Hill,Week2,205.0 Cardinal Hill - 197.0 Poplar Heights
Pleasant Valley,Week5,Sully Station,Week4,325.0 Sully Station - 77.0 Pleasant Valley
Poplar Heights,Week2,Highland Park,Week4,208.5 Poplar Heights - 193.5 Highland Park
Poplar Tree,Week4,Hollin Meadows,Week3,204.0 Poplar Tree - 198.0 Hollin Meadows
Poplar Heights,Week2,South Run,Week5,232.0 Poplar Heights - 170.0 South Run
Pleasant Valley,Week3,Sully Station,Week1,319.0 Sully Station - 83.0 Pleasant Valley
Poplar Heights,Week1,Highland Park,Week3,214.0 Poplar Heights - 188.0 Highland Park
Pleasant Valley,Week4,Village West,Week3,267.0 Village West - 133.0 Pleasant Valley
Poplar Heights,Week4,Cardinal Hill,Week1,226.0 Cardinal Hill - 176.0 Poplar Heights
Poplar Tree,Week5,Hollin Meadows,Week2,255.0 Poplar Tree - 147.0 Hollin Meadows
Poplar Heights,Week3,South Run,Week2,242.0 Poplar Heights - 160.0 South Run
Poplar Heights,Week2,South Run,Week3,248.0 Poplar Heights - 154.0 South Run
Poplar Heights,Week2,Highland Park,Week2,221.0 Poplar Heights - 181.0 Highland Park
Poplar Heights,Week5,Cardinal Hill,Week3,237.0 Cardinal Hill - 165.0 Poplar Heights
Poplar Heights,Week5,High Point Pool,Week4,207.0 High Point Pool - 195.0 Poplar Heights
Poplar Tree,Week5,Hollin Meadows,Week3,246.0 Poplar Tree - 156.0 Hollin Meadows
Pleasant Valley,Week1,Sully Station,Week5,342.0 Sully Station - 59.0 Pleasant Valley
Pleasant Valley,Week1,Virginia Hills,Week4,248.0 Pleasant Valley - 150.0 Virginia Hills
Poplar Heights,Week4,Cardinal Hill,Week5,219.0 Cardinal Hill - 183.0 Poplar Heights
Pleasant Valley,Week1,Sully Station,Week1,322.0 Sully Station - 80.0 Pleasant Valley
Pleasant Valley,Week5,Village West,Week5,247.0 Village West - 148.0 Pleasant Valley
Poplar Tree,Week2,Hollin Meadows,Week3,218.0 Poplar Tree - 184.0 Hollin Meadows
Poplar Heights,Week3,High Point Pool,Week3,205.0 High Point Pool - 197.0 Poplar Heights
Pleasant Valley,Week2,Rolling Forest,Week1,289.0 Rolling Forest - 112.0 Pleasant Valley
Pleasant Valley,Week5,Sully Station,Week5,332.0 Sully Station - 70.0 Pleasant Valley
Pleasant Valley,Week5,Riverside Gardens,Week3,340.0 Riverside Gardens - 62.0 Pleasant Valley
Pleasant Valley,Week1,Sully Station II,Week2,337.0 Sully Station II - 65.0 Pleasant Valley
Pleasant Valley,Week3,Virginia Hills,Week2,283.0 Pleasant Valley - 117.0 Virginia Hills
Poplar Heights,Week3,South Run,Week1,215.0 Poplar Heights - 178.0 South Run
Poplar Tree,Week1,Holmes Run Acres,Week1,246.0 Poplar Tree - 155.0 Holmes Run Acres
Poplar Heights,Week1,Chesterbrook,Week3,348.0 Chesterbrook - 54.0 Poplar Heights
Pleasant Valley,Week2,Virginia Hills,Week1,245.0 Pleasant Valley - 153.0 Virginia Hills
Poplar Heights,Week3,Highland Park,Week2,212.0 Poplar Heights - 190.0 Highland Park
Pleasant Valley,Week4,Rolling Forest,Week4,314.0 Rolling Forest - 87.0 Pleasant Valley
Pleasant Valley,Week4,Rolling Forest,Week5,321.0 Rolling Forest - 80.0 Pleasant Valley
Pleasant Valley,Week3,Walden Glen,Week2,241.0 Walden Glen - 157.0 Pleasant Valley
Pleasant Valley,Week1,Virginia Hills,Week1,250.0 Pleasant Valley - 148.0 Virginia Hills
Poplar Heights,Week1,Springboard,Week3,283.0 Poplar Heights - 117.0 Springboard
Pleasant Valley,Week5,Sully Station,Week2,316.0 Sully Station - 86.0 Pleasant Valley
Poplar Heights,Week2,Chesterbrook,Week1,322.0 Chesterbrook - 80.0 Poplar Heights
Poplar Tree,Week1,Holmes Run Acres,Week2,238.0 Poplar Tree - 163.0 Holmes Run Acres
Poplar Heights,Week3,Highland Park,Week5,207.5 Poplar Heights - 194.5 Highland Park
Pleasant Valley,Week2,Virginia Hills,Week4,243.0 Pleasant Valley - 155.0 Virginia Hills
Poplar Heights,Week3,Chesterbrook,Week2,337.0 Chesterbrook - 65.0 Poplar Heights
Pleasant Valley,Week2,Waynewood,Week1,317.0 Waynewood - 85.0 Pleasant Valley
Poplar Heights,Week1,Springboard,Week4,277.0 Poplar Heights - 125.0 Springboard
Pleasant Valley,Week5,Rolling Forest,Week2,277.0 Rolling Forest - 125.0 Pleasant Valley
Pleasant Valley,Week1,Sully Station II,Week1,320.0 Sully Station II - 82.0 Pleasant Valley
Poplar Heights,Week3,Highland Park,Week3,233.0 Poplar Heights - 169.0 Highland Park
Poplar Tree,Week5,Hollin Meadows,Week4,242.0 Poplar Tree - 160.0 Hollin Meadows
Poplar Heights,Week2,Springboard,Week1,293.0 Poplar Heights - 107.0 Springboard
Pleasant Valley,Week4,Sully Station,Week3,332.0 Sully Station - 69.0 Pleasant Valley
Pleasant Valley,Week1,Rolling Hills,Week5,286.0 Rolling Hills - 115.0 Pleasant Valley
Poplar Heights,Week3,Springboard,Week1,315.0 Poplar Heights - 87.0 Springboard
Pleasant Valley,Week5,Village West,Week2,247.0 Village West - 149.0 Pleasant Valley
Pleasant Valley,Week3,Waynewood,Week1,278.0 Waynewood - 124.0 Pleasant Valley
Pleasant Valley,Week5,Rolling Forest,Week4,296.0 Rolling Forest - 106.0 Pleasant Valley
Poplar Heights,Week3,Highlands Swim,Week4,271.0 Highlands Swim - 131.0 Poplar Heights
Pleasant Valley,Week3,Sully Station,Week3,316.0 Sully Station - 86.0 Pleasant Valley
Poplar Heights,Week3,Daventry,Week1,321.0 Poplar Heights - 81.0 Daventry
Pleasant Valley,Week2,Rolling Hills,Week4,277.0 Rolling Hills - 111.0 Pleasant Valley
Poplar Tree,Week4,Hollin Meadows,Week2,205.0 Poplar Tree - 197.0 Hollin Meadows
Pleasant Valley,Week1,Waynewood,Week5,342.0 Waynewood - 59.0 Pleasant Valley
Poplar Heights,Week4,Highlands Swim,Week2,288.0 Highlands Swim - 114.0 Poplar Heights
Poplar Heights,Week3,Cardinal Hill,Week5,210.0 Cardinal Hill - 192.0 Poplar Heights
Poplar Heights,Week4,Daventry,Week2,330.0 Poplar Heights - 71.0 Daventry
Pleasant Valley,Week5,Walden Glen,Week4,259.0 Walden Glen - 137.0 Pleasant Valley
Poplar Tree,Week4,Hollin Meadows,Week5,207.5 Hollin Meadows - 194.5 Poplar Tree
Poplar Heights,Week4,Springboard,Week3,311.0 Poplar Heights - 90.0 Springboard
Poplar Heights,Week4,Highland Park,Week1,208.5 Poplar Heights - 193.5 Highland Park
Poplar Heights,Week3,Chesterbrook,Week3,351.0 Chesterbrook - 51.0 Poplar Heights
Pleasant Valley,Week1,Sully Station,Week2,324.0 Sully Station - 78.0 Pleasant Valley
Poplar Tree,Week5,Hollin Meadows,Week5,231.0 Poplar Tree - 171.0 Hollin Meadows
Poplar Heights,Week5,Crosspointe,Week3,239.0 Crosspointe - 163.0 Poplar Heights
Pleasant Valley,Week2,Sully Station,Week5,337.0 Sully Station - 63.0 Pleasant Valley
Pleasant Valley,Week3,Virginia Hills,Week3,264.0 Pleasant Valley - 138.0 Virginia Hills
Pleasant Valley,Week4,Virginia Hills,Week3,200.0 Pleasant Valley - 199.0 Virginia Hills
Poplar Heights,Week4,Springboard,Week4,298.0 Poplar Heights - 104.0 Springboard
Poplar Heights,Week4,Cardinal Hill,Week3,248.0 Cardinal Hill - 154.0 Poplar Heights
Poplar Heights,Week5,Highland Park,Week4,218.0 Poplar Heights - 184.0 Highland Park
Poplar Heights,Week4,Highlands Swim,Week5,273.0 Highlands Swim - 129.0 Poplar Heights
Poplar Tree,Week2,Holmes Run Acres,Week2,235.0 Poplar Tree - 167.0 Holmes Run Acres
Poplar Heights,Week5,Crosspointe,Week1,243.0 Crosspointe - 159.0 Poplar Heights
Pleasant Valley,Week4,Village West,Week2,255.0 Village West - 138.0 Pleasant Valley
Poplar Heights,Week2,Daventry,Week4,330.0 Poplar Heights - 72.0 Daventry
Pleasant Valley,Week4,Rolling Hills,Week3,287.0 Rolling Hills - 113.0 Pleasant Valley
Poplar Tree,Week1,Holmes Run Acres,Week3,211.0 Poplar Tree - 190.0 Holmes Run Acres
Pleasant Valley,Week2,Virginia Hills,Week2,246.0 Pleasant Valley - 149.0 Virginia Hills
Pleasant Valley,Week5,Walden Glen,Week2,248.0 Walden Glen - 152.0 Pleasant Valley
Poplar Heights,Week3,Springboard,Week3,319.0 Poplar Heights - 83.0 Springboard
Poplar Heights,Week2,Daventry,Week5,307.0 Poplar Heights - 95.0 Daventry
Pleasant Valley,Week4,Stratford,Week5,289.0 Stratford - 111.0 Pleasant Valley
Pleasant Valley,Week5,Stratford,Week4,288.0 Stratford - 113.0 Pleasant Valley
Poplar Heights,Week3,Cardinal Hill,Week4,206.0 Cardinal Hill - 196.0 Poplar Heights
Pleasant Valley,Week1,Rolling Valley,Week4,255.0 Rolling Valley - 146.0 Pleasant Valley
Poplar Tree,Week1,Holmes Run Acres,Week4,244.0 Poplar Tree - 157.0 Holmes Run Acres
Poplar Heights,Week5,Cardinal Hill,Week1,218.5 Cardinal Hill - 183.5 Poplar Heights
Pleasant Valley,Week5,Stratford,Week1,238.0 Stratford - 154.0 Pleasant Valley
Poplar Tree,Week1,Holmes Run Acres,Week5,213.0 Poplar Tree - 189.0 Holmes Run Acres
Pleasant Valley,Week2,Waynewood,Week2,339.0 Waynewood - 63.0 Pleasant Valley
Pleasant Valley,Week3,Walden Glen,Week3,236.0 Walden Glen - 165.0 Pleasant Valley
Poplar Heights,Week1,Daventry,Week1,301.0 Poplar Heights - 101.0 Daventry
Pleasant Valley,Week5,Stratford,Week5,269.0 Stratford - 125.0 Pleasant Valley
Poplar Heights,Week5,Highlands Swim,Week1,261.0 Highlands Swim - 141.0 Poplar Heights
Poplar Heights,Week2,Highlands Swim,Week1,266.0 Highlands Swim - 136.0 Poplar Heights
Pleasant Valley,Week2,Rolling Hills,Week2,280.0 Rolling Hills - 121.0 Pleasant Valley
Poplar Heights,Week2,Springboard,Week4,284.0 Poplar Heights - 118.0 Springboard
Pleasant Valley,Week4,Walden Glen,Week3,273.0 Walden Glen - 124.0 Pleasant Valley
Pleasant Valley,Week3,Rolling Hills,Week4,269.0 Rolling Hills - 132.0 Pleasant Valley
Poplar Heights,Week1,Springfield,Week5,377.0 Poplar Heights - 24.0 Springfield
Pleasant Valley,Week1,Rolling Valley,Week1,204.0 Rolling Valley - 197.0 Pleasant Valley
Poplar Heights,Week5,Highlands Swim,Week2,269.0 Highlands Swim - 133.0 Poplar Heights
Pleasant Valley,Week2,Waynewood,Week5,340.0 Waynewood - 61.0 Pleasant Valley
Pleasant Valley,Week4,Virginia Hills,Week4,210.0 Pleasant Valley - 187.0 Virginia Hills
Poplar Heights,Week5,Cardinal Hill,Week5,217.5 Cardinal Hill - 184.5 Poplar Heights
Pleasant Valley,Week5,Village West,Week4,244.0 Village West - 148.0 Pleasant Valley
Pleasant Valley,Week5,Stratford,Week3,275.0 Stratford - 127.0 Pleasant Valley
Pleasant Valley,Week1,Virginia Hills,Week3,239.0 Pleasant Valley - 162.0 Virginia Hills
Poplar Heights,Week5,Crosspointe,Week5,272.0 Crosspointe - 130.0 Poplar Heights
Poplar Tree,Week2,Holmes Run Acres,Week1,244.5 Poplar Tree - 157.5 Holmes Run Acres
Poplar Heights,Week5,Cardinal Hill,Week4,206.5 Cardinal Hill - 195.5 Poplar Heights
Poplar Heights,Week2,Springfield,Week4,365.0 Poplar Heights - 35.0 Springfield
Poplar Heights,Week2,Springboard,Week5,291.0 Poplar Heights - 110.0 Springboard
Poplar Heights,Week5,Highland Park,Week2,225.5 Poplar Heights - 176.5 Highland Park
Poplar Heights,Week5,Cardinal Hill,Week2,221.5 Poplar Heights - 180.5 Cardinal Hill
Pleasant Valley,Week5,Rolling Hills,Week4,268.0 Rolling Hills - 125.0 Pleasant Valley
Pleasant Valley,Week4,Village West,Week5,256.0 Village West - 137.0 Pleasant Valley
Pleasant Valley,Week1,Waynewood,Week3,342.0 Waynewood - 60.0 Pleasant Valley
Poplar Heights,Week1,Chesterbrook,Week1,332.0 Chesterbrook - 70.0 Poplar Heights
Poplar Tree,Week2,Holmes Run Acres,Week5,210.0 Holmes Run Acres - 192.0 Poplar Tree
Pleasant Valley,Week1,Sully Station,Week4,340.0 Sully Station - 62.0 Pleasant Valley
Poplar Heights,Week5,Highland Park,Week3,235.0 Poplar Heights - 167.0 Highland Park
Pleasant Valley,Week3,Village West,Week5,224.0 Village West - 178.0 Pleasant Valley
Poplar Tree,Week4,Hollin Meadows,Week1,206.0 Hollin Meadows - 196.0 Poplar Tree
Poplar Heights,Week1,Highlands Swim,Week3,278.0 Highlands Swim - 124.0 Poplar Heights
Pleasant Valley,Week2,Waynewood,Week4,337.0 Waynewood - 64.0 Pleasant Valley
Pleasant Valley,Week2,Sully Station,Week4,326.5 Sully Station - 75.5 Pleasant Valley
Pleasant Valley,Week1,Virginia Hills,Week5,211.5 Pleasant Valley - 184.5 Virginia Hills
Poplar Heights,Week4,Crosspointe,Week4,244.0 Crosspointe - 158.0 Poplar Heights
Pleasant Valley,Week2,Sully Station,Week3,327.0 Sully Station - 74.0 Pleasant Valley
Pleasant Valley,Week5,Waynewood,Week3,336.0 Waynewood - 66.0 Pleasant Valley
Pleasant Valley,Week4,Rolling Hills,Week2,302.0 Rolling Hills - 94.0 Pleasant Valley
Pleasant Valley,Week5,Rolling Forest,Week5,294.0 Rolling Forest - 108.0 Pleasant Valley
Poplar Heights,Week1,Daventry,Week4,315.0 Poplar Heights - 87.0 Daventry
Poplar Heights,Week2,Chesterbrook,Week4,329.0 Chesterbrook - 73.0 Poplar Heights
Poplar Tree,Week5,Holmes Run Acres,Week4,256.0 Poplar Tree - 146.0 Holmes Run Acres
Poplar Heights,Week3,Springfield,Week1,375.0 Poplar Heights - 27.0 Springfield
Poplar Heights,Week1,Chesterbrook,Week5,338.0 Chesterbrook - 64.0 Poplar Heights
Poplar Heights,Week3,Springfield,Week2,376.0 Poplar Heights - 25.0 Springfield
Poplar Heights,Week2,Springboard,Week3,305.0 Poplar Heights - 95.0 Springboard
Pleasant Valley,Week2,Virginia Hills,Week5,201.0 Pleasant Valley - 195.0 Virginia Hills
Poplar Heights,Week3,Springboard,Week5,302.0 Poplar Heights - 100.0 Springboard
Poplar Heights,Week3,Daventry,Week2,327.0 Poplar Heights - 75.0 Daventry
Pleasant Valley,Week4,Walden Glen,Week4,277.0 Walden Glen - 115.0 Pleasant Valley
Pleasant Valley,Week4,Sully Station,Week4,333.0 Sully Station - 69.0 Pleasant Valley
Poplar Heights,Week5,Springboard,Week1,320.0 Poplar Heights - 81.0 Springboard
Poplar Heights,Week2,Commonwealth,Week2,254.0 Poplar Heights - 148.0 Commonwealth
Poplar Tree,Week2,Hunt Valley,Week1,228.0 Hunt Valley - 169.0 Poplar Tree
Poplar Heights,Week4,Highland Park,Week4,210.0 Poplar Heights - 192.0 Highland Park
Pleasant Valley,Week1,Woodley,Week1,239.0 Woodley - 163.0 Pleasant Valley
Poplar Heights,Week4,Orange Hunt,Week2,203.0 Orange Hunt - 199.0 Poplar Heights
Pleasant Valley,Week5,Village West,Week1,246.0 Village West - 154.0 Pleasant Valley
Pleasant Valley,Week3,Sully Station,Week5,333.0 Sully Station - 68.0 Pleasant Valley
Poplar Tree,Week2,Hunt Valley,Week5,265.0 Hunt Valley - 137.0 Poplar Tree
Pleasant Valley,Week3,Rolling Hills,Week1,255.0 Rolling Hills - 147.0 Pleasant Valley
Poplar Heights,Week4,Crosspointe,Week1,237.0 Crosspointe - 165.0 Poplar Heights
Pleasant Valley,Week5,Rolling Hills,Week2,272.0 Rolling Hills - 125.0 Pleasant Valley
Poplar Heights,Week3,Chesterbrook,Week1,323.0 Chesterbrook - 79.0 Poplar Heights
Poplar Heights,Week3,Springfield,Week3,377.0 Poplar Heights - 24.0 Springfield
Poplar Heights,Week3,Chesterbrook,Week4,328.0 Chesterbrook - 74.0 Poplar Heights
Pleasant Valley,Week1,Rolling Valley,Week3,236.0 Rolling Valley - 161.0 Pleasant Valley
Poplar Heights,Week1,Highlands Swim,Week1,276.0 Highlands Swim - 126.0 Poplar Heights
Pleasant Valley,Week4,Village West,Week1,253.0 Village West - 145.0 Pleasant Valley
Poplar Heights,Week1,Highlands Swim,Week4,274.0 Highlands Swim - 128.0 Poplar Heights
Poplar Heights,Week5,Orange Hunt,Week2,219.0 Poplar Heights - 183.0 Orange Hunt
Poplar Tree,Week4,Holmes Run Acres,Week2,225.5 Poplar Tree - 175.5 Holmes Run Acres
Poplar Heights,Week3,Daventry,Week3,330.0 Poplar Heights - 72.0 Daventry
Poplar Heights,Week5,Orange Hunt,Week5,205.0 Orange Hunt - 197.0 Poplar Heights
Pleasant Valley,Week4,Walden Glen,Week1,262.0 Walden Glen - 138.0 Pleasant Valley
Pleasant Valley,Week5,Village West,Week3,260.0 Village West - 139.0 Pleasant Valley
Pleasant Valley,Week3,Walden Glen,Week5,273.0 Walden Glen - 128.0 Pleasant Valley
Poplar Heights,Week5,Highland Park,Week1,218.0 Poplar Heights - 184.0 Highland Park
Pleasant Valley,Week1,Rolling Hills,Week3,288.0 Rolling Hills - 113.0 Pleasant Valley
Pleasant Valley,Week1,Rolling Hills,Week1,283.0 Rolling Hills - 115.0 Pleasant Valley
Pleasant Valley,Week4,Virginia Hills,Week1,229.0 Pleasant Valley - 167.0 Virginia Hills
Pleasant Valley,Week3,Virginia Hills,Week4,276.0 Pleasant Valley - 126.0 Virginia Hills
Pleasant Valley,Week4,Walden Glen,Week2,276.0 Walden Glen - 122.0 Pleasant Valley
Pleasant Valley,Week2,Sully Station II,Week2,341.0 Sully Station II - 61.0 Pleasant Valley
Poplar Heights,Week2,Highlands Swim,Week3,258.0 Highlands Swim - 144.0 Poplar Heights
Poplar Heights,Week3,Highlands Swim,Week1,277.0 Highlands Swim - 125.0 Poplar Heights
Poplar Heights,Week4,Orange Hunt,Week1,221.0 Poplar Heights - 181.0 Orange Hunt
Pleasant Valley,Week2,Rolling Hills,Week5,286.0 Rolling Hills - 115.0 Pleasant Valley
Poplar Heights,Week4,Crosspointe,Week2,216.0 Crosspointe - 186.0 Poplar Heights
Poplar Tree,Week4,Holmes Run Acres,Week5,212.0 Holmes Run Acres - 190.0 Poplar Tree
Poplar Heights,Week2,Daventry,Week2,333.0 Poplar Heights - 67.0 Daventry
Pleasant Valley,Week2,Rolling Hills,Week1,274.0 Rolling Hills - 124.0 Pleasant Valley
Poplar Heights,Week5,Orange Hunt,Week1,229.0 Poplar Heights - 173.0 Orange Hunt
Pleasant Valley,Week1,Rolling Hills,Week4,269.0 Rolling Hills - 119.0 Pleasant Valley
Poplar Tree,Week5,Holmes Run Acres,Week5,226.0 Poplar Tree - 176.0 Holmes Run Acres
Poplar Heights,Week4,Springboard,Week2,327.0 Poplar Heights - 74.0 Springboard
Poplar Heights,Week4,Daventry,Week1,324.0 Poplar Heights - 78.0 Daventry
Poplar Heights,Week1,Commonwealth,Week5,232.0 Poplar Heights - 169.0 Commonwealth
Pleasant Valley,Week5,Sully Station,Week1,326.0 Sully Station - 75.0 Pleasant Valley
Poplar Heights,Week3,Daventry,Week5,303.5 Poplar Heights - 98.5 Daventry
Pleasant Valley,Week3,Virginia Hills,Week5,238.0 Pleasant Valley - 164.0 Virginia Hills
Pleasant Valley,Week4,Sully Station,Week5,342.0 Sully Station - 59.0 Pleasant Valley
Pleasant Valley,Week4,Virginia Hills,Week2,229.0 Pleasant Valley - 156.0 Virginia Hills
Poplar Heights,Week5,Old Keene Mill,Week4,290.0 Poplar Heights - 112.0 Old Keene Mill
Poplar Heights,Week5,Springboard,Week5,304.0 Poplar Heights - 98.0 Springboard
Pleasant Valley,Week4,Sully Station,Week2,329.0 Sully Station - 73.0 Pleasant Valley
Poplar Heights,Week5,Commonwealth,Week2,248.0 Poplar Heights - 154.0 Commonwealth
Poplar Heights,Week5,Springboard,Week4,305.0 Poplar Heights - 97.0 Springboard
Pleasant Valley,Week4,Waynewood,Week3,337.0 Waynewood - 65.0 Pleasant Valley
Pleasant Valley,Week5,Sully Station,Week3,320.0 Sully Station - 81.0 Pleasant Valley
Poplar Heights,Week4,Crosspointe,Week5,268.0 Crosspointe - 134.0 Poplar Heights
Poplar Heights,Week5,Chesterbrook,Week3,334.0 Chesterbrook - 68.0 Poplar Heights
Poplar Heights,Week2,Highlands Swim,Week2,275.0 Highlands Swim - 127.0 Poplar Heights
Poplar Heights,Week1,Commonwealth,Week2,240.0 Poplar Heights - 162.0 Commonwealth
Poplar Tree,Week2,Holmes Run Acres,Week4,234.0 Poplar Tree - 168.0 Holmes Run Acres
Poplar Heights,Week2,Highlands Swim,Week4,258.0 Highlands Swim - 144.0 Poplar Heights
Pleasant Valley,Week3,Walden Glen,Week1,218.0 Walden Glen - 184.0 Pleasant Valley
Poplar Tree,Week2,Hunt Valley,Week2,240.0 Hunt Valley - 162.0 Poplar Tree
Poplar Heights,Week4,Orange Hunt,Week3,205.0 Orange Hunt - 197.0 Poplar Heights
Pleasant Valley,Week1,Waynewood,Week4,335.0 Waynewood - 66.0 Pleasant Valley
Poplar Heights,Week2,Springfield,Week2,376.0 Poplar Heights - 20.0 Springfield
Poplar Heights,Week1,Orange Hunt,Week4,203.0 Poplar Heights - 199.0 Orange Hunt
Poplar Heights,Week3,Springboard,Week4,306.0 Poplar Heights - 96.0 Springboard
Poplar Tree,Week4,Holmes Run Acres,Week1,233.5 Poplar Tree - 167.5 Holmes Run Acres
Poplar Heights,Week4,Commonwealth,Week5,246.0 Poplar Heights - 156.0 Commonwealth
Pleasant Valley,Week3,Sully Station II,Week1,309.0 Sully Station II - 93.0 Pleasant Valley
Poplar Heights,Week4,Highland Park,Week5,224.0 Poplar Heights - 178.0 Highland Park
Pleasant Valley,Week4,Virginia Hills,Week5,208.0 Virginia Hills - 192.0 Pleasant Valley
Poplar Heights,Week4,Chesterbrook,Week4,335.0 Chesterbrook - 67.0 Poplar Heights
Pleasant Valley,Week4,Rolling Hills,Week4,290.0 Rolling Hills - 102.0 Pleasant Valley
Poplar Tree,Week1,Hunt Valley,Week1,215.0 Hunt Valley - 187.0 Poplar Tree
Poplar Heights,Week3,Highlands Swim,Week2,293.0 Highlands Swim - 109.0 Poplar Heights
Poplar Heights,Week3,Orange Hunt,Week4,208.0 Poplar Heights - 194.0 Orange Hunt
Poplar Heights,Week5,Chesterbrook,Week1,322.0 Chesterbrook - 80.0 Poplar Heights
Pleasant Valley,Week3,Walden Glen,Week4,255.0 Walden Glen - 146.0 Pleasant Valley
Poplar Heights,Week5,Crosspointe,Week4,243.0 Crosspointe - 159.0 Poplar Heights
Pleasant Valley,Week4,Sully Station II,Week4,342.0 Sully Station II - 59.0 Pleasant Valley
Poplar Heights,Week4,Crosspointe,Week3,237.0 Crosspointe - 165.0 Poplar Heights
Pleasant Valley,Week2,Poplar Tree,Week4,299.0 Poplar Tree - 102.0 Pleasant Valley
Pleasant Valley,Week5,Virginia Hills,Week1,254.0 Pleasant Valley - 142.0 Virginia Hills
Pleasant Valley,Week3,Rolling Hills,Week2,265.0 Rolling Hills - 137.0 Pleasant Valley
Poplar Heights,Week4,Orange Hunt,Week5,212.0 Orange Hunt - 190.0 Poplar Heights
Pleasant Valley,Week1,Waynewood,Week1,297.0 Waynewood - 105.0 Pleasant Valley
Poplar Tree,Week1,Hunt Valley,Week3,228.5 Hunt Valley - 173.5 Poplar Tree
Poplar Heights,Week2,Springfield,Week5,371.0 Poplar Heights - 29.0 Springfield
Poplar Heights,Week1,Springfield,Week4,355.0 Poplar Heights - 45.0 Springfield
Poplar Heights,Week5,Orange Hunt,Week4,214.0 Poplar Heights - 188.0 Orange Hunt
Pleasant Valley,Week4,Rolling Hills,Week5,292.0 Rolling Hills - 109.0 Pleasant Valley
Poplar Heights,Week3,Highlands Swim,Week5,276.0 Highlands Swim - 126.0 Poplar Heights
Pleasant Valley,Week5,Rolling Hills,Week3,260.0 Rolling Hills - 142.0 Pleasant Valley
Poplar Heights,Week4,Chesterbrook,Week5,336.0 Chesterbrook - 66.0 Poplar Heights
Pleasant Valley,Week2,Truro,Week2,253.0 Truro - 143.0 Pleasant Valley
Poplar Heights,Week1,Springfield,Week2,369.0 Poplar Heights - 27.0 Springfield
Pleasant Valley,Week1,Waynewood,Week2,334.0 Waynewood - 68.0 Pleasant Valley
Poplar Tree,Week2,Holmes Run Acres,Week3,202.0 Holmes Run Acres - 200.0 Poplar Tree
Poplar Tree,Week1,Hunt Valley,Week4,210.0 Hunt Valley - 192.0 Poplar Tree
Poplar Heights,Week1,Daventry,Week2,325.0 Poplar Heights - 75.0 Daventry
Poplar Heights,Week5,Springboard,Week2,335.0 Poplar Heights - 66.0 Springboard
Pleasant Valley,Week4,Poplar Heights,Week3,330.0 Poplar Heights - 72.0 Pleasant Valley
Pleasant Valley,Week5,Walden Glen,Week5,274.0 Walden Glen - 126.0 Pleasant Valley
Poplar Heights,Week5,Chesterbrook,Week5,325.0 Chesterbrook - 77.0 Poplar Heights
Poplar Heights,Week3,Highlands Swim,Week3,273.0 Highlands Swim - 129.0 Poplar Heights
Pleasant Valley,Week3,Poplar Heights,Week3,312.0 Poplar Heights - 90.0 Pleasant Valley
Poplar Heights,Week3,Crosspointe,Week5,269.0 Crosspointe - 133.0 Poplar Heights
Pleasant Valley,Week5,Virginia Run,Week3,318.0 Virginia Run - 83.0 Pleasant Valley
Pleasant Valley,Week4,Sully Station II,Week5,366.0 Sully Station II - 36.0 Pleasant Valley
Pleasant Valley,Week4,Walden Glen,Week5,297.0 Walden Glen - 100.0 Pleasant Valley
Pleasant Valley,Week2,Sully Station II,Week4,326.0 Sully Station II - 76.0 Pleasant Valley
Pleasant Valley,Week3,Poplar Heights,Week5,304.0 Poplar Heights - 98.0 Pleasant Valley
Poplar Heights,Week2,Orange Hunt,Week3,209.0 Orange Hunt - 193.0 Poplar Heights
Poplar Heights,Week1,Highlands Swim,Week2,288.0 Highlands Swim - 114.0 Poplar Heights
Poplar Heights,Week1,Daventry,Week3,320.0 Poplar Heights - 81.0 Daventry
Pleasant Valley,Week5,Rolling Hills,Week1,260.0 Rolling Hills - 141.0 Pleasant Valley
Poplar Heights,Week1,Commonwealth,Week3,240.0 Poplar Heights - 161.0 Commonwealth
Pleasant Valley,Week4,Virginia Run,Week4,345.0 Virginia Run - 57.0 Pleasant Valley
Poplar Heights,Week5,Highland Park,Week5,223.0 Poplar Heights - 179.0 Highland Park
Poplar Heights,Week2,Springfield,Week1,370.0 Poplar Heights - 30.0 Springfield
Poplar Heights,Week4,Highland Park,Week3,230.0 Poplar Heights - 172.0 Highland Park
Pleasant Valley,Week1,Truro,Week3,246.0 Truro - 155.0 Pleasant Valley
Poplar Tree,Week2,Hunt Valley,Week4,237.5 Hunt Valley - 164.5 Poplar Tree
Poplar Heights,Week1,Orange Hunt,Week2,214.0 Orange Hunt - 188.0 Poplar Heights
Pleasant Valley,Week1,Virginia Run,Week1,338.0 Virginia Run - 64.0 Pleasant Valley
Pleasant Valley,Week2,Waynewood,Week3,345.0 Waynewood - 57.0 Pleasant Valley
Pleasant Valley,Week1,Rolling Hills,Week2,295.0 Rolling Hills - 106.0 Pleasant Valley
Poplar Heights,Week1,Daventry,Week5,301.5 Poplar Heights - 100.5 Daventry
Pleasant Valley,Week4,Sully Station II,Week3,360.0 Sully Station II - 42.0 Pleasant Valley
Pleasant Valley,Week1,Rolling Valley,Week2,238.0 Rolling Valley - 164.0 Pleasant Valley
Poplar Heights,Week3,Overlee,Week4,355.0 Overlee - 47.0 Poplar Heights
Poplar Heights,Week3,Orange Hunt,Week1,216.0 Poplar Heights - 186.0 Orange Hunt
Poplar Heights,Week3,Commonwealth,Week1,276.0 Poplar Heights - 126.0 Commonwealth
Pleasant Valley,Week5,Poplar Heights,Week4,314.0 Poplar Heights - 87.0 Pleasant Valley
Poplar Heights,Week5,Crosspointe,Week2,206.0 Crosspointe - 196.0 Poplar Heights
Poplar Heights,Week4,Springboard,Week5,288.0 Poplar Heights - 113.0 Springboard
Poplar Heights,Week4,Chesterbrook,Week1,335.0 Chesterbrook - 67.0 Poplar Heights
Pleasant Valley,Week1,Virginia Run,Week2,318.0 Virginia Run - 84.0 Pleasant Valley
Poplar Heights,Week2,Highlands Swim,Week5,281.0 Highlands Swim - 121.0 Poplar Heights
Pleasant Valley,Week5,Walden Glen,Week3,259.0 Walden Glen - 142.0 Pleasant Valley
Pleasant Valley,Week2,Virginia Run,Week3,332.0 Virginia Run - 70.0 Pleasant Valley
Poplar Heights,Week2,Springfield,Week3,375.0 Poplar Heights - 21.0 Springfield
Poplar Tree,Week3,Holmes Run Acres,Week2,242.0 Poplar Tree - 159.0 Holmes Run Acres
Pleasant Valley,Week4,Poplar Heights,Week5,329.0 Poplar Heights - 73.0 Pleasant Valley
Pleasant Valley,Week4,Rolling Hills,Week1,292.0 Rolling Hills - 105.0 Pleasant Valley
Poplar Heights,Week4,Commonwealth,Week2,255.5 Poplar Heights - 146.5 Commonwealth
Poplar Heights,Week1,Highlands Swim,Week5,281.0 Highlands Swim - 121.0 Poplar Heights
Poplar Heights,Week4,Springboard,Week1,311.0 Poplar Heights - 90.0 Springboard
Poplar Tree,Week5,Holmes Run Acres,Week3,233.0 Poplar Tree - 169.0 Holmes Run Acres
Poplar Tree,Week4,Hunt Valley,Week5,240.5 Hunt Valley - 161.5 Poplar Tree
Pleasant Valley,Week1,Poplar Tree,Week5,323.0 Poplar Tree - 79.0 Pleasant Valley
Pleasant Valley,Week1,Truro,Week1,267.0 Truro - 131.0 Pleasant Valley
Poplar Heights,Week3,Springboard,Week2,336.5 Poplar Heights - 65.5 Springboard
Poplar Heights,Week2,Daventry,Week1,324.0 Poplar Heights - 78.0 Daventry
Poplar Heights,Week3,Daventry,Week4,326.0 Poplar Heights - 76.0 Daventry
Poplar Tree,Week2,Hunt Valley,Week3,248.0 Hunt Valley - 154.0 Poplar Tree
Pleasant Valley,Week5,Walden Glen,Week1,228.0 Walden Glen - 174.0 Pleasant Valley
Poplar Heights,Week3,Orange Hunt,Week5,214.0 Orange Hunt - 188.0 Poplar Heights
Pleasant Valley,Week5,Virginia Hills,Week3,245.0 Pleasant Valley - 156.0 Virginia Hills
Pleasant Valley,Week1,Poplar Tree,Week1,312.0 Poplar Tree - 90.0 Pleasant Valley
Poplar Heights,Week4,Commonwealth,Week4,278.0 Poplar Heights - 124.0 Commonwealth
Pleasant Valley,Week3,Sully Station II,Week4,323.0 Sully Station II - 79.0 Pleasant Valley
Pleasant Valley,Week3,Sully Station II,Week3,343.0 Sully Station II - 59.0 Pleasant Valley
Pleasant Valley,Week3,Waynewood,Week3,319.0 Waynewood - 83.0 Pleasant Valley
Poplar Heights,Week3,Overlee,Week1,313.0 Overlee - 89.0 Poplar Heights
Pleasant Valley,Week3,Rolling Hills,Week3,256.0 Rolling Hills - 146.0 Pleasant Valley
Poplar Heights,Week2,Daventry,Week3,332.0 Poplar Heights - 69.0 Daventry
Pleasant Valley,Week4,Virginia Run,Week2,323.0 Virginia Run - 74.0 Pleasant Valley
Pleasant Valley,Week3,Rolling Hills,Week5,250.0 Rolling Hills - 152.0 Pleasant Valley
Pleasant Valley,Week4,Waynewood,Week1,310.0 Waynewood - 91.0 Pleasant Valley
Poplar Heights,Week1,Dominion Hills,Week4,209.0 Dominion Hills - 193.0 Poplar Heights
Pleasant Valley,Week4,Poplar Heights,Week4,329.0 Poplar Heights - 72.0 Pleasant Valley
Pleasant Valley,Week1,Virginia Run,Week3,323.0 Virginia Run - 79.0 Pleasant Valley
Poplar Tree,Week3,Holmes Run Acres,Week5,214.0 Poplar Tree - 188.0 Holmes Run Acres
Poplar Heights,Week1,Springfield,Week1,367.0 Poplar Heights - 33.0 Springfield
Poplar Tree,Week3,Holmes Run Acres,Week1,249.0 Poplar Tree - 152.0 Holmes Run Acres
Pleasant Valley,Week4,Waynewood,Week4,341.0 Waynewood - 59.0 Pleasant Valley
Poplar Heights,Week1,Springfield,Week3,371.0 Poplar Heights - 25.0 Springfield
Pleasant Valley,Week2,Virginia Run,Week4,338.0 Virginia Run - 64.0 Pleasant Valley
Pleasant Valley,Week2,Poplar Heights,Week4,322.0 Poplar Heights - 79.0 Pleasant Valley
Poplar Heights,Week1,Commonwealth,Week1,267.0 Poplar Heights - 134.0 Commonwealth
Poplar Heights,Week1,Orange Hunt,Week3,209.0 Orange Hunt - 193.0 Poplar Heights
Poplar Heights,Week1,Orange Hunt,Week1,209.0 Poplar Heights - 193.0 Orange Hunt
Poplar Heights,Week4,Highlands Swim,Week3,283.0 Highlands Swim - 119.0 Poplar Heights
Pleasant Valley,Week1,Truro,Week5,262.0 Truro - 135.0 Pleasant Valley
Pleasant Valley,Week2,Rolling Hills,Week3,279.0 Rolling Hills - 122.0 Pleasant Valley
Poplar Heights,Week4,Highlands Swim,Week1,263.0 Highlands Swim - 139.0 Poplar Heights
Pleasant Valley,Week5,Sully Station II,Week4,329.0 Sully Station II - 71.0 Pleasant Valley
Poplar Heights,Week2,Commonwealth,Week4,275.0 Poplar Heights - 126.0 Commonwealth
Poplar Tree,Week4,Holmes Run Acres,Week3,209.0 Poplar Tree - 192.0 Holmes Run Acres
Poplar Heights,Week1,Dominion Hills,Week5,214.0 Dominion Hills - 188.0 Poplar Heights
Pleasant Valley,Week2,Truro,Week1,271.0 Truro - 127.0 Pleasant Valley
Pleasant Valley,Week3,Poplar Heights,Week4,301.0 Poplar Heights - 101.0 Pleasant Valley
Pleasant Valley,Week1,Virginia Run,Week4,336.0 Virginia Run - 66.0 Pleasant Valley
Pleasant Valley,Week1,Rolling Valley,Week5,246.0 Rolling Valley - 156.0 Pleasant Valley
Pleasant Valley,Week5,Virginia Hills,Week5,214.0 Pleasant Valley - 181.0 Virginia Hills
Poplar Heights,Week2,Orange Hunt,Week5,214.0 Orange Hunt - 188.0 Poplar Heights
Pleasant Valley,Week2,Rolling Valley,Week1,203.0 Pleasant Valley - 198.0 Rolling Valley
Pleasant Valley,Week3,Waynewood,Week5,328.0 Waynewood - 74.0 Pleasant Valley
Poplar Heights,Week5,Springboard,Week3,318.0 Poplar Heights - 83.0 Springboard
Pleasant Valley,Week5,Rolling Hills,Week5,265.0 Rolling Hills - 137.0 Pleasant Valley
Poplar Heights,Week5,Chesterbrook,Week2,327.0 Chesterbrook - 75.0 Poplar Heights
Pleasant Valley,Week3,Waynewood,Week4,314.0 Waynewood - 88.0 Pleasant Valley
Pleasant Valley,Week2,Sully Station II,Week3,343.0 Sully Station II - 59.0 Pleasant Valley
Poplar Heights,Week4,Hollin Hills,Week2,321.0 Poplar Heights - 80.0 Hollin Hills
Pleasant Valley,Week2,Poplar Tree,Week1,313.0 Poplar Tree - 89.0 Pleasant Valley
Poplar Heights,Week4,Highlands Swim,Week4,269.0 Highlands Swim - 133.0 Poplar Heights
Pleasant Valley,Week3,Waynewood,Week2,316.0 Waynewood - 86.0 Pleasant Valley
Poplar Heights,Week1,Orange Hunt,Week5,225.0 Orange Hunt - 177.0 Poplar Heights
Pleasant Valley,Week5,Poplar Heights,Week3,311.0 Poplar Heights - 91.0 Pleasant Valley
Poplar Tree,Week3,Holmes Run Acres,Week4,231.0 Poplar Tree - 170.0 Holmes Run Acres
Poplar Heights,Week2,Commonwealth,Week3,261.0 Poplar Heights - 140.0 Commonwealth
Pleasant Valley,Week1,Virginia Run,Week5,353.0 Virginia Run - 49.0 Pleasant Valley
Poplar Heights,Week4,Hollin Hills,Week4,320.0 Poplar Heights - 81.0 Hollin Hills
Poplar Heights,Week3,Stratford,Week3,275.0 Poplar Heights - 127.0 Stratford
Poplar Heights,Week2,Dominion Hills,Week1,239.0 Poplar Heights - 163.0 Dominion Hills
Poplar Heights,Week2,Commonwealth,Week5,250.0 Poplar Heights - 151.0 Commonwealth
Poplar Heights,Week4,Dominion Hills,Week2,232.0 Poplar Heights - 170.0 Dominion Hills
Pleasant Valley,Week5,Waynewood,Week1,295.0 Waynewood - 107.0 Pleasant Valley
Pleasant Valley,Week1,Sully Station II,Week5,357.0 Sully Station II - 45.0 Pleasant Valley
Poplar Heights,Week2,Orange Hunt,Week2,208.0 Poplar Heights - 194.0 Orange Hunt
Poplar Heights,Week2,Hollin Hills,Week4,314.0 Poplar Heights - 86.0 Hollin Hills
Poplar Heights,Week5,Daventry,Week3,322.0 Poplar Heights - 79.0 Daventry
Poplar Heights,Week4,Springfield,Week1,367.0 Poplar Heights - 34.0 Springfield
Pleasant Valley,Week2,Virginia Run,Week2,318.0 Virginia Run - 84.0 Pleasant Valley
Poplar Heights,Week3,Orange Hunt,Week2,206.0 Orange Hunt - 196.0 Poplar Heights
Poplar Heights,Week2,Hollin Hills,Week2,310.5 Poplar Heights - 86.5 Hollin Hills
Poplar Heights,Week5,Chesterbrook,Week4,327.0 Chesterbrook - 75.0 Poplar Heights
Pleasant Valley,Week2,Sully Station II,Week1,316.0 Sully Station II - 86.0 Pleasant Valley
Poplar Tree,Week1,Hunt Valley,Week2,212.0 Hunt Valley - 190.0 Poplar Tree
Poplar Tree,Week5,Holmes Run Acres,Week1,261.0 Poplar Tree - 141.0 Holmes Run Acres
Pleasant Valley,Week4,Waynewood,Week2,338.0 Waynewood - 63.0 Pleasant Valley
Poplar Tree,Week5,Holmes Run Acres,Week2,256.0 Poplar Tree - 146.0 Holmes Run Acres
Pleasant Valley,Week1,Poplar Tree,Week2,296.5 Poplar Tree - 104.5 Pleasant Valley
Poplar Heights,Week1,Hollin Meadows,Week3,207.0 Hollin Meadows - 195.0 Poplar Heights
Pleasant Valley,Week3,Virginia Run,Week4,311.0 Virginia Run - 91.0 Pleasant Valley
Pleasant Valley,Week3,Poplar Heights,Week2,290.0 Poplar Heights - 112.0 Pleasant Valley
Pleasant Valley,Week5,Virginia Hills,Week4,250.0 Pleasant Valley - 148.0 Virginia Hills
Poplar Heights,Week4,Chesterbrook,Week3,349.0 Chesterbrook - 53.0 Poplar Heights
Pleasant Valley,Week2,Poplar Tree,Week2,304.0 Poplar Tree - 97.0 Pleasant Valley
Pleasant Valley,Week2,Rolling Valley,Week4,247.0 Rolling Valley - 154.0 Pleasant Valley
Poplar Heights,Week4,Springfield,Week2,367.0 Poplar Heights - 32.0 Springfield
Poplar Heights,Week1,Commonwealth,Week4,254.0 Poplar Heights - 147.0 Commonwealth
Poplar Heights,Week2,Dominion Hills,Week5,204.0 Dominion Hills - 198.0 Poplar Heights
Poplar Heights,Week3,Stratford,Week5,284.0 Poplar Heights - 118.0 Stratford
Pleasant Valley,Week3,Rolling Valley,Week1,232.5 Pleasant Valley - 169.5 Rolling Valley
Pleasant Valley,Week3,Sully Station II,Week2,331.0 Sully Station II - 71.0 Pleasant Valley
Poplar Tree,Week4,Holmes Run Acres,Week4,224.5 Poplar Tree - 176.5 Holmes Run Acres
Poplar Heights,Week2,Dominion Hills,Week3,241.0 Poplar Heights - 161.0 Dominion Hills
Poplar Heights,Week4,Stratford,Week2,299.0 Poplar Heights - 103.0 Stratford
Poplar Heights,Week5,Old Keene Mill,Week5,269.0 Poplar Heights - 133.0 Old Keene Mill
Pleasant Valley,Week2,Rolling Valley,Week3,231.0 Rolling Valley - 166.0 Pleasant Valley
Pleasant Valley,Week3,Sully Station II,Week5,354.0 Sully Station II - 48.0 Pleasant Valley
Poplar Heights,Week4,Daventry,Week3,328.0 Poplar Heights - 73.0 Daventry
Poplar Tree,Week3,Holmes Run Acres,Week3,210.0 Poplar Tree - 191.0 Holmes Run Acres
Pleasant Valley,Week5,Sully Station II,Week5,345.0 Sully Station II - 57.0 Pleasant Valley
Pleasant Valley,Week3,Rolling Valley,Week4,209.0 Rolling Valley - 193.0 Pleasant Valley
Pleasant Valley,Week3,Virginia Run,Week1,314.0 Virginia Run - 88.0 Pleasant Valley
Pleasant Valley,Week2,Rolling Valley,Week5,260.0 Rolling Valley - 142.0 Pleasant Valley
Poplar Heights,Week3,Hollin Hills,Week2,323.0 Poplar Heights - 79.0 Hollin Hills
Poplar Heights,Week2,Orange Hunt,Week1,222.0 Poplar Heights - 180.0 Orange Hunt
Pleasant Valley,Week4,Waynewood,Week5,347.0 Waynewood - 54.0 Pleasant Valley
Poplar Heights,Week2,Dominion Hills,Week4,209.0 Poplar Heights - 193.0 Dominion Hills
Pleasant Valley,Week4,Poplar Heights,Week2,313.0 Poplar Heights - 86.0 Pleasant Valley
Poplar Heights,Week3,Orange Hunt,Week3,201.0 Orange Hunt - 201.0 Poplar Heights
Poplar Heights,Week5,Springfield,Week2,373.0 Poplar Heights - 20.0 Springfield
Pleasant Valley,Week5,Waynewood,Week2,320.0 Waynewood - 81.0 Pleasant Valley
Poplar Heights,Week3,Commonwealth,Week5,249.0 Poplar Heights - 153.0 Commonwealth
Poplar Heights,Week4,Commonwealth,Week1,285.0 Poplar Heights - 117.0 Commonwealth
Poplar Heights,Week2,Orange Hunt,Week4,210.0 Poplar Heights - 192.0 Orange Hunt
Poplar Heights,Week3,Dominion Hills,Week1,237.0 Poplar Heights - 165.0 Dominion Hills
Pleasant Valley,Week5,Poplar Heights,Week2,302.0 Poplar Heights - 98.0 Pleasant Valley
Poplar Heights,Week2,Commonwealth,Week1,278.0 Poplar Heights - 123.0 Commonwealth
Poplar Tree,Week1,Hunt Valley,Week5,225.0 Hunt Valley - 177.0 Poplar Tree
Pleasant Valley,Week1,Sully Station II,Week3,344.0 Sully Station II - 58.0 Pleasant Valley
Poplar Heights,Week3,Dominion Hills,Week3,236.0 Poplar Heights - 166.0 Dominion Hills
Pleasant Valley,Week5,Sully Station II,Week2,326.0 Sully Station II - 76.0 Pleasant Valley
Pleasant Valley,Week5,Waynewood,Week5,329.0 Waynewood - 73.0 Pleasant Valley
Poplar Heights,Week3,Hollin Hills,Week1,329.0 Poplar Heights - 73.0 Hollin Hills
Pleasant Valley,Week4,Virginia Run,Week1,347.0 Virginia Run - 55.0 Pleasant Valley
Pleasant Valley,Week2,Virginia Run,Week1,352.0 Virginia Run - 50.0 Pleasant Valley
Pleasant Valley,Week4,Poplar Heights,Week1,309.0 Poplar Heights - 92.0 Pleasant Valley
Poplar Heights,Week1,Hollin Meadows,Week5,209.0 Poplar Heights - 193.0 Hollin Meadows
Pleasant Valley,Week5,Waynewood,Week4,329.0 Waynewood - 72.0 Pleasant Valley
Poplar Heights,Week4,Orange Hunt,Week4,208.0 Poplar Heights - 194.0 Orange Hunt
Poplar Tree,Week3,Hunt Valley,Week4,222.0 Hunt Valley - 180.0 Poplar Tree
Poplar Heights,Week5,Springfield,Week4,363.0 Poplar Heights - 38.0 Springfield
Pleasant Valley,Week3,Rolling Valley,Week5,215.0 Rolling Valley - 187.0 Pleasant Valley
Poplar Heights,Week1,Stratford,Week2,274.0 Poplar Heights - 128.0 Stratford
Pleasant Valley,Week3,Virginia Run,Week5,338.0 Virginia Run - 64.0 Pleasant Valley
Pleasant Valley,Week3,Rolling Valley,Week2,204.0 Pleasant Valley - 198.0 Rolling Valley
Pleasant Valley,Week2,Rolling Valley,Week2,237.0 Rolling Valley - 165.0 Pleasant Valley
Poplar Heights,Week1,Hollin Hills,Week5,303.0 Poplar Heights - 95.0 Hollin Hills
Poplar Heights,Week4,Chesterbrook,Week2,340.0 Chesterbrook - 62.0 Poplar Heights
Pleasant Valley,Week5,Sully Station II,Week3,343.0 Sully Station II - 54.0 Pleasant Valley
Poplar Heights,Week3,Dominion Hills,Week4,201.0 Dominion Hills - 201.0 Poplar Heights
Pleasant Valley,Week2,Woodley,Week3,232.0 Woodley - 168.0 Pleasant Valley
Poplar Heights,Week3,Commonwealth,Week2,245.5 Poplar Heights - 156.5 Commonwealth
Poplar Heights,Week5,Hollin Hills,Week3,317.0 Poplar Heights - 84.0 Hollin Hills
Poplar Heights,Week3,Commonwealth,Week3,265.0 Poplar Heights - 137.0 Commonwealth
Poplar Heights,Week1,Stratford,Week4,225.0 Poplar Heights - 177.0 Stratford
Pleasant Valley,Week1,Truro,Week4,273.0 Truro - 128.0 Pleasant Valley
Poplar Tree,Week4,Hunt Valley,Week2,226.0 Hunt Valley - 176.0 Poplar Tree
Poplar Heights,Week3,Hollin Hills,Week5,316.0 Poplar Heights - 86.0 Hollin Hills
Poplar Heights,Week1,Dominion Hills,Week1,216.0 Poplar Heights - 186.0 Dominion Hills
Pleasant Valley,Week2,Woodley,Week4,229.0 Woodley - 172.0 Pleasant Valley
Pleasant Valley,Week1,Woodley,Week5,246.0 Woodley - 152.0 Pleasant Valley
Poplar Tree,Week5,Hunt Valley,Week2,208.0 Poplar Tree - 194.0 Hunt Valley
Pleasant Valley,Week4,Rolling Valley,Week1,208.0 Rolling Valley - 191.0 Pleasant Valley
Poplar Heights,Week1,Overlee,Week2,321.0 Overlee - 81.0 Poplar Heights
Pleasant Valley,Week3,Poplar Heights,Week1,277.0 Poplar Heights - 125.0 Pleasant Valley
Poplar Tree,Week4,Hunt Valley,Week3,235.0 Hunt Valley - 167.0 Poplar Tree
Poplar Heights,Week5,Orange Hunt,Week3,214.0 Poplar Heights - 188.0 Orange Hunt
Pleasant Valley,Week3,Virginia Run,Week3,309.0 Virginia Run - 93.0 Pleasant Valley
Pleasant Valley,Week5,Virginia Hills,Week2,255.0 Pleasant Valley - 141.0 Virginia Hills
Poplar Heights,Week4,Springfield,Week4,362.0 Poplar Heights - 39.0 Springfield
Pleasant Valley,Week5,Poplar Heights,Week1,290.0 Poplar Heights - 112.0 Pleasant Valley
Pleasant Valley,Week2,Poplar Heights,Week5,333.0 Poplar Heights - 69.0 Pleasant Valley
Pleasant Valley,Week1,Poplar Tree,Week3,314.0 Poplar Tree - 88.0 Pleasant Valley
Poplar Heights,Week2,Stratford,Week1,282.0 Poplar Heights - 120.0 Stratford
Poplar Heights,Week5,Hollin Hills,Week1,320.0 Poplar Heights - 81.0 Hollin Hills
Poplar Heights,Week1,Hollin Hills,Week2,301.0 Poplar Heights - 97.0 Hollin Hills
Poplar Heights,Week4,Commonwealth,Week3,263.0 Poplar Heights - 139.0 Commonwealth
Poplar Heights,Week5,Hollin Hills,Week5,310.0 Poplar Heights - 88.0 Hollin Hills
Poplar Heights,Week5,Springfield,Week5,377.0 Poplar Heights - 25.0 Springfield
Poplar Heights,Week1,Dominion Hills,Week2,203.0 Dominion Hills - 199.0 Poplar Heights
Poplar Heights,Week3,Commonwealth,Week4,271.0 Poplar Heights - 131.0 Commonwealth
Poplar Heights,Week2,Overlee,Week3,304.0 Overlee - 98.0 Poplar Heights
Poplar Heights,Week2,Overlee,Week2,310.0 Overlee - 92.0 Poplar Heights
Poplar Heights,Week1,Overlee,Week4,353.0 Overlee - 49.0 Poplar Heights
Poplar Heights,Week2,Forest Hollow,Week3,203.0 Forest Hollow - 199.0 Poplar Heights
Pleasant Valley,Week5,Sully Station II,Week1,310.0 Sully Station II - 86.0 Pleasant Valley
Pleasant Valley,Week4,Rolling Valley,Week2,254.0 Rolling Valley - 148.0 Pleasant Valley
Pleasant Valley,Week4,Virginia Run,Week3,335.0 Virginia Run - 66.0 Pleasant Valley
Pleasant Valley,Week3,Rolling Valley,Week3,208.0 Rolling Valley - 194.0 Pleasant Valley
Pleasant Valley,Week4,Sully Station II,Week2,353.0 Sully Station II - 49.0 Pleasant Valley
Poplar Tree,Week5,Hunt Valley,Week1,202.5 Hunt Valley - 199.5 Poplar Tree
Pleasant Valley,Week3,Woodley,Week3,215.0 Woodley - 186.0 Pleasant Valley
Poplar Heights,Week1,Hollin Meadows,Week2,233.0 Poplar Heights - 169.0 Hollin Meadows
Poplar Heights,Week2,Dominion Hills,Week2,223.0 Poplar Heights - 179.0 Dominion Hills
Poplar Heights,Week4,Dominion Hills,Week4,201.0 Dominion Hills - 201.0 Poplar Heights
Pleasant Valley,Week4,Sully Station II,Week1,327.0 Sully Station II - 73.0 Pleasant Valley
Pleasant Valley,Week3,Woodley,Week2,207.5 Woodley - 194.5 Pleasant Valley
Pleasant Valley,Week1,Sully Station II,Week4,327.0 Sully Station II - 75.0 Pleasant Valley
Poplar Heights,Week1,Overlee,Week5,343.0 Overlee - 59.0 Poplar Heights
Pleasant Valley,Week3,Woodley,Week5,223.0 Woodley - 179.0 Pleasant Valley
Pleasant Valley,Week2,Poplar Tree,Week3,312.0 Poplar Tree - 90.0 Pleasant Valley
Poplar Tree,Week5,Hunt Valley,Week5,206.0 Hunt Valley - 196.0 Poplar Tree
Pleasant Valley,Week5,Poplar Heights,Week5,322.0 Poplar Heights - 75.0 Pleasant Valley
Poplar Heights,Week3,Dominion Hills,Week5,206.0 Dominion Hills - 196.0 Poplar Heights
Poplar Heights,Week1,Fox Hunt,Week4,206.0 Poplar Heights - 196.0 Fox Hunt
Poplar Heights,Week5,Highlands Swim,Week4,255.0 Highlands Swim - 147.0 Poplar Heights
Pleasant Valley,Week1,Woodley,Week2,231.0 Woodley - 167.0 Pleasant Valley
Pleasant Valley,Week4,Virginia Run,Week5,351.0 Virginia Run - 51.0 Pleasant Valley
Poplar Heights,Week1,Stratford,Week3,256.0 Poplar Heights - 146.0 Stratford
Pleasant Valley,Week5,Virginia Run,Week1,322.0 Virginia Run - 80.0 Pleasant Valley
Poplar Heights,Week4,Daventry,Week5,317.0 Poplar Heights - 85.0 Daventry
Pleasant Valley,Week2,Sully Station II,Week5,353.0 Sully Station II - 49.0 Pleasant Valley
Poplar Heights,Week2,Stratford,Week2,284.0 Poplar Heights - 118.0 Stratford
Pleasant Valley,Week5,Woodley,Week1,233.0 Woodley - 168.0 Pleasant Valley
Poplar Heights,Week5,Commonwealth,Week3,262.0 Poplar Heights - 139.0 Commonwealth
Pleasant Valley,Week3,Virginia Run,Week2,296.0 Virginia Run - 106.0 Pleasant Valley
Poplar Tree,Week3,Hunter Mill,Week3,208.0 Hunter Mill - 194.0 Poplar Tree
Pleasant Valley,Week1,Poplar Tree,Week4,310.0 Poplar Tree - 91.0 Pleasant Valley
Poplar Heights,Week5,Springfield,Week1,376.0 Poplar Heights - 25.0 Springfield
Poplar Tree,Week3,Hunt Valley,Week1,216.0 Hunt Valley - 186.0 Poplar Tree
Poplar Heights,Week2,Overlee,Week1,298.0 Overlee - 104.0 Poplar Heights
Poplar Heights,Week5,Commonwealth,Week1,284.0 Poplar Heights - 117.0 Commonwealth
Poplar Heights,Week4,Dominion Hills,Week5,209.0 Dominion Hills - 193.0 Poplar Heights
Poplar Tree,Week5,Hunt Valley,Week4,207.0 Hunt Valley - 195.0 Poplar Tree
Poplar Tree,Week3,Hunt Valley,Week3,235.0 Hunt Valley - 167.0 Poplar Tree
Poplar Heights,Week5,Commonwealth,Week4,265.0 Poplar Heights - 136.0 Commonwealth
Poplar Heights,Week3,Forest Hollow,Week3,205.0 Forest Hollow - 197.0 Poplar Heights
Poplar Heights,Week2,Hollin Hills,Week1,318.0 Poplar Heights - 83.0 Hollin Hills
Poplar Heights,Week2,Overlee,Week4,354.0 Overlee - 48.0 Poplar Heights
Pleasant Valley,Week1,Truro,Week2,264.0 Truro - 133.0 Pleasant Valley
Poplar Heights,Week1,Overlee,Week1,307.0 Overlee - 95.0 Poplar Heights
Poplar Heights,Week5,Daventry,Week2,330.0 Poplar Heights - 71.0 Daventry
Pleasant Valley,Week2,Truro,Week3,257.0 Truro - 144.0 Pleasant Valley
Poplar Heights,Week1,Hollin Hills,Week3,308.0 Poplar Heights - 93.0 Hollin Hills
Pleasant Valley,Week2,Virginia Run,Week5,354.0 Virginia Run - 48.0 Pleasant Valley
Poplar Heights,Week5,Cottontail,Week3,262.0 Poplar Heights - 140.0 Cottontail
Pleasant Valley,Week5,Virginia Run,Week2,300.0 Virginia Run - 102.0 Pleasant Valley
Poplar Heights,Week3,Springfield,Week5,383.0 Poplar Heights - 19.0 Springfield
Pleasant Valley,Week3,Woodley,Week4,211.0 Woodley - 191.0 Pleasant Valley
Poplar Heights,Week1,Stratford,Week1,272.0 Poplar Heights - 130.0 Stratford
Poplar Heights,Week5,Commonwealth,Week5,247.0 Poplar Heights - 154.0 Commonwealth
Poplar Heights,Week1,Forest Hollow,Week4,204.0 Poplar Heights - 198.0 Forest Hollow
Pleasant Valley,Week2,Woodley,Week2,235.0 Woodley - 163.0 Pleasant Valley
Poplar Heights,Week5,Forest Hollow,Week1,218.5 Poplar Heights - 183.5 Forest Hollow
Poplar Heights,Week1,Hollin Hills,Week1,305.0 Poplar Heights - 96.0 Hollin Hills
Poplar Heights,Week3,Overlee,Week2,320.0 Overlee - 82.0 Poplar Heights
Poplar Heights,Week5,Springfield,Week3,375.0 Poplar Heights - 22.0 Springfield
Poplar Heights,Week2,Stratford,Week5,265.0 Poplar Heights - 136.0 Stratford
Poplar Heights,Week5,Forest Hollow,Week3,208.0 Poplar Heights - 194.0 Forest Hollow
Pleasant Valley,Week4,Woodley,Week3,262.0 Woodley - 139.0 Pleasant Valley
Poplar Heights,Week1,Overlee,Week3,316.0 Overlee - 86.0 Poplar Heights
Poplar Heights,Week2,Hollin Hills,Week5,312.0 Poplar Heights - 85.0 Hollin Hills
Poplar Heights,Week5,Cottontail,Week5,246.0 Poplar Heights - 156.0 Cottontail
Pleasant Valley,Week3,Truro,Week1,253.0 Truro - 148.0 Pleasant Valley
Poplar Heights,Week2,Overlee,Week5,347.0 Overlee - 55.0 Poplar Heights
Pleasant Valley,Week3,Truro,Week2,240.0 Truro - 162.0 Pleasant Valley
Pleasant Valley,Week5,Woodley,Week4,224.0 Woodley - 172.0 Pleasant Valley
Pleasant Valley,Week4,Woodley,Week2,257.0 Woodley - 141.0 Pleasant Valley
Pleasant Valley,Week1,Walden Glen,Week1,230.0 Walden Glen - 171.0 Pleasant Valley
Poplar Tree,Week4,Hunt Valley,Week1,224.0 Hunt Valley - 178.0 Poplar Tree
Poplar Heights,Week5,Daventry,Week5,310.0 Poplar Heights - 92.0 Daventry
Pleasant Valley,Week5,Wakefield Chapel,Week2,358.0 Wakefield Chapel - 44.0 Pleasant Valley
Poplar Tree,Week1,Hunter Mill,Week1,208.0 Poplar Tree - 194.0 Hunter Mill
Poplar Heights,Week1,Hollin Hills,Week4,311.0 Poplar Heights - 89.0 Hollin Hills
Pleasant Valley,Week2,Truro,Week5,265.0 Truro - 132.0 Pleasant Valley
Pleasant Valley,Week5,Virginia Run,Week5,338.0 Virginia Run - 64.0 Pleasant Valley
Poplar Heights,Week2,Forest Hollow,Week2,222.0 Poplar Heights - 180.0 Forest Hollow
Poplar Tree,Week1,Hunter Mill,Week5,227.0 Hunter Mill - 175.0 Poplar Tree
Poplar Heights,Week1,Stratford,Week5,263.0 Poplar Heights - 138.0 Stratford
Poplar Heights,Week4,Dominion Hills,Week1,246.0 Poplar Heights - 156.0 Dominion Hills
Poplar Heights,Week1,Cottontail,Week2,252.5 Poplar Heights - 149.5 Cottontail
Poplar Heights,Week4,Daventry,Week4,332.0 Poplar Heights - 70.0 Daventry
Poplar Heights,Week5,Highlands Swim,Week3,260.0 Highlands Swim - 142.0 Poplar Heights
Pleasant Valley,Week4,Woodley,Week5,263.0 Woodley - 129.0 Pleasant Valley
Pleasant Valley,Week2,Wakefield Chapel,Week3,373.0 Wakefield Chapel - 29.0 Pleasant Valley
Poplar Heights,Week3,Dominion Hills,Week2,213.0 Poplar Heights - 189.0 Dominion Hills
Poplar Tree,Week5,Hunt Valley,Week3,214.0 Hunt Valley - 188.0 Poplar Tree
Poplar Heights,Week5,Dominion Hills,Week3,249.0 Poplar Heights - 153.0 Dominion Hills
Poplar Tree,Week3,Hunt Valley,Week5,224.0 Hunt Valley - 178.0 Poplar Tree
Poplar Heights,Week2,Stratford,Week3,272.0 Poplar Heights - 130.0 Stratford
Poplar Heights,Week1,Country Club Hills,Week3,237.0 Poplar Heights - 165.0 Country Club Hills
Pleasant Valley,Week4,Woodley,Week4,261.0 Woodley - 135.0 Pleasant Valley
Poplar Heights,Week4,Overlee,Week1,299.0 Overlee - 103.0 Poplar Heights
Poplar Heights,Week5,Daventry,Week1,322.0 Poplar Heights - 80.0 Daventry
Pleasant Valley,Week1,Walden Glen,Week3,264.0 Walden Glen - 138.0 Pleasant Valley
Poplar Heights,Week2,Forest Hollow,Week1,216.0 Poplar Heights - 186.0 Forest Hollow
Poplar Heights,Week2,Stratford,Week4,254.0 Poplar Heights - 148.0 Stratford
Poplar Heights,Week4,Overlee,Week5,342.0 Overlee - 60.0 Poplar Heights
Pleasant Valley,Week4,Truro,Week1,284.0 Truro - 111.0 Pleasant Valley
Poplar Heights,Week4,Springfield,Week3,374.0 Poplar Heights - 24.0 Springfield
Poplar Heights,Week3,Hollin Hills,Week4,305.5 Poplar Heights - 95.5 Hollin Hills
Poplar Heights,Week5,Highlands Swim,Week5,271.0 Highlands Swim - 131.0 Poplar Heights
Pleasant Valley,Week4,Truro,Week5,273.0 Truro - 119.0 Pleasant Valley
Pleasant Valley,Week3,Truro,Week3,234.0 Truro - 168.0 Pleasant Valley
Poplar Heights,Week2,Country Club Hills,Week4,251.0 Poplar Heights - 151.0 Country Club Hills
Pleasant Valley,Week2,Wakefield Chapel,Week2,373.0 Wakefield Chapel - 28.0 Pleasant Valley
Poplar Heights,Week4,Springfield,Week5,377.0 Poplar Heights - 23.0 Springfield
Pleasant Valley,Week5,Woodley,Week3,237.0 Woodley - 165.0 Pleasant Valley
Poplar Heights,Week5,Forest Hollow,Week5,209.0 Poplar Heights - 193.0 Forest Hollow
Poplar Heights,Week3,Forest Hollow,Week2,234.0 Poplar Heights - 168.0 Forest Hollow
Poplar Heights,Week3,Hollin Hills,Week3,321.0 Poplar Heights - 81.0 Hollin Hills
Poplar Tree,Week1,Hunter Mill,Week2,203.0 Poplar Tree - 199.0 Hunter Mill
Poplar Heights,Week5,Overlee,Week3,305.0 Overlee - 97.0 Poplar Heights
Poplar Heights,Week3,Cottontail,Week4,248.0 Poplar Heights - 154.0 Cottontail
Poplar Heights,Week4,Forest Hollow,Week5,207.0 Poplar Heights - 195.0 Forest Hollow
Pleasant Valley,Week1,Woodley,Week4,238.0 Woodley - 163.0 Pleasant Valley
Poplar Heights,Week3,Stratford,Week1,293.0 Poplar Heights - 109.0 Stratford
Poplar Heights,Week5,Daventry,Week4,329.0 Poplar Heights - 73.0 Daventry
Poplar Heights,Week4,Overlee,Week4,348.0 Overlee - 54.0 Poplar Heights
Pleasant Valley,Week4,Truro,Week3,269.0 Truro - 131.0 Pleasant Valley
Poplar Tree,Week3,Hunt Valley,Week2,214.5 Hunt Valley - 187.5 Poplar Tree
Poplar Heights,Week3,Cottontail,Week1,239.0 Poplar Heights - 163.0 Cottontail
Pleasant Valley,Week3,Truro,Week5,250.0 Truro - 152.0 Pleasant Valley
Poplar Heights,Week1,Dominion Hills,Week3,215.0 Poplar Heights - 187.0 Dominion Hills
Poplar Tree,Week4,Hunt Valley,Week4,221.5 Hunt Valley - 180.5 Poplar Tree
Pleasant Valley,Week2,Wakefield Chapel,Week5,375.5 Wakefield Chapel - 26.5 Pleasant Valley
Poplar Heights,Week4,Hollin Hills,Week1,317.0 Poplar Heights - 85.0 Hollin Hills
Poplar Heights,Week2,Country Club Hills,Week1,250.0 Poplar Heights - 152.0 Country Club Hills
Pleasant Valley,Week2,Woodley,Week5,254.0 Woodley - 144.0 Pleasant Valley
Pleasant Valley,Week4,Wakefield Chapel,Week4,360.0 Wakefield Chapel - 42.0 Pleasant Valley
Poplar Heights,Week4,Forest Hollow,Week4,209.5 Forest Hollow - 192.5 Poplar Heights
Poplar Heights,Week3,Overlee,Week3,317.0 Overlee - 85.0 Poplar Heights
Poplar Heights,Week4,Cottontail,Week1,243.0 Poplar Heights - 159.0 Cottontail
Poplar Heights,Week5,Overlee,Week4,343.0 Overlee - 59.0 Poplar Heights
Poplar Tree,Week2,Hunter Mill,Week1,211.0 Hunter Mill - 191.0 Poplar Tree
Pleasant Valley,Week3,Truro,Week4,251.0 Truro - 151.0 Pleasant Valley
Poplar Heights,Week4,Hollin Hills,Week3,319.0 Poplar Heights - 83.0 Hollin Hills
Poplar Heights,Week4,Dominion Hills,Week3,244.0 Poplar Heights - 158.0 Dominion Hills
Poplar Heights,Week4,Forest Hollow,Week1,218.0 Poplar Heights - 184.0 Forest Hollow
Pleasant Valley,Week3,Woodley,Week1,217.0 Woodley - 185.0 Pleasant Valley
Poplar Heights,Week5,Dominion Hills,Week4,212.0 Poplar Heights - 190.0 Dominion Hills
Poplar Heights,Week3,Stratford,Week2,295.0 Poplar Heights - 107.0 Stratford
Poplar Heights,Week3,Springfield,Week4,369.0 Poplar Heights - 33.0 Springfield
Poplar Heights,Week1,Fox Hunt,Week2,224.5 Poplar Heights - 177.5 Fox Hunt
Pleasant Valley,Week4,Wakefield Chapel,Week5,378.0 Wakefield Chapel - 24.0 Pleasant Valley
Poplar Heights,Week1,Parklawn,Week1,284.0 Poplar Heights - 109.0 Parklawn
Pleasant Valley,Week2,Truro,Week4,267.0 Truro - 134.0 Pleasant Valley
Poplar Tree,Week1,Hunter Mill,Week4,210.0 Hunter Mill - 192.0 Poplar Tree
Pleasant Valley,Week4,Woodley,Week1,249.0 Woodley - 153.0 Pleasant Valley
Poplar Heights,Week2,Hollin Hills,Week3,313.0 Poplar Heights - 88.0 Hollin Hills
Poplar Heights,Week1,Cottontail,Week1,223.0 Poplar Heights - 179.0 Cottontail
Pleasant Valley,Week5,Wakefield Chapel,Week1,357.0 Wakefield Chapel - 45.0 Pleasant Valley
Poplar Heights,Week1,Cottontail,Week3,258.0 Poplar Heights - 144.0 Cottontail
Poplar Heights,Week5,Dominion Hills,Week1,254.0 Poplar Heights - 148.0 Dominion Hills
Poplar Tree,Week2,Hunter Mill,Week2,213.0 Hunter Mill - 189.0 Poplar Tree
Poplar Heights,Week5,Overlee,Week5,330.0 Overlee - 72.0 Poplar Heights
Poplar Heights,Week4,Cottontail,Week3,273.0 Poplar Heights - 129.0 Cottontail
Poplar Heights,Week4,Hollin Hills,Week5,313.0 Poplar Heights - 87.0 Hollin Hills
Poplar Heights,Week4,Sully Station,Week3,230.0 Sully Station - 172.0 Poplar Heights
Poplar Heights,Week4,Overlee,Week3,301.0 Overlee - 101.0 Poplar Heights
Poplar Heights,Week1,Forest Hollow,Week3,224.0 Forest Hollow - 178.0 Poplar Heights
Poplar Heights,Week5,Dominion Hills,Week5,207.0 Poplar Heights - 195.0 Dominion Hills
Poplar Heights,Week1,Fox Hunt,Week3,207.0 Fox Hunt - 195.0 Poplar Heights
Pleasant Valley,Week4,Truro,Week2,270.0 Truro - 122.0 Pleasant Valley
Poplar Heights,Week3,Forest Hollow,Week1,215.0 Poplar Heights - 187.0 Forest Hollow
Pleasant Valley,Week5,Woodley,Week2,226.0 Woodley - 174.0 Pleasant Valley
Poplar Tree,Week3,Hunter Mill,Week1,205.0 Hunter Mill - 197.0 Poplar Tree
Pleasant Valley,Week4,Wakefield Chapel,Week1,366.5 Wakefield Chapel - 35.5 Pleasant Valley
Poplar Heights,Week1,Donaldson Run,Week1,258.0 Donaldson Run - 144.0 Poplar Heights
Poplar Heights,Week4,Stratford,Week1,301.0 Poplar Heights - 101.0 Stratford
Poplar Heights,Week5,Hollin Hills,Week4,316.0 Poplar Heights - 85.0 Hollin Hills
Pleasant Valley,Week1,Woodley,Week3,244.0 Woodley - 157.0 Pleasant Valley
Poplar Heights,Week5,Hollin Hills,Week2,315.0 Poplar Heights - 83.0 Hollin Hills
Poplar Tree,Week2,Hunter Mill,Week3,223.0 Hunter Mill - 179.0 Poplar Tree
Poplar Heights,Week4,Cottontail,Week2,253.5 Poplar Heights - 148.5 Cottontail
Poplar Heights,Week3,Stratford,Week4,259.0 Poplar Heights - 143.0 Stratford
Poplar Heights,Week2,Parklawn,Week2,268.0 Poplar Heights - 133.0 Parklawn
Pleasant Valley,Week1,Wakefield Chapel,Week4,360.0 Wakefield Chapel - 42.0 Pleasant Valley
Pleasant Valley,Week4,Truro,Week4,274.0 Truro - 122.0 Pleasant Valley
Pleasant Valley,Week2,Wakefield Chapel,Week1,377.5 Wakefield Chapel - 24.5 Pleasant Valley
Pleasant Valley,Week2,Woodley,Week1,232.0 Woodley - 170.0 Pleasant Valley
Poplar Heights,Week2,Cottontail,Week3,260.0 Poplar Heights - 142.0 Cottontail
Poplar Heights,Week1,Annandale,Week1,296.0 Poplar Heights - 106.0 Annandale
Poplar Heights,Week4,Stratford,Week5,300.0 Poplar Heights - 102.0 Stratford
Pleasant Valley,Week1,Wakefield Chapel,Week3,370.0 Wakefield Chapel - 32.0 Pleasant Valley
Poplar Tree,Week3,Hunter Mill,Week4,219.0 Hunter Mill - 183.0 Poplar Tree
Poplar Tree,Week4,Hunter Mill,Week1,225.0 Hunter Mill - 177.0 Poplar Tree
Poplar Tree,Week2,Hunter Mill,Week5,226.0 Hunter Mill - 176.0 Poplar Tree
Poplar Heights,Week1,Hollin Meadows,Week1,218.0 Hollin Meadows - 184.0 Poplar Heights
Poplar Heights,Week5,Dominion Hills,Week2,234.0 Poplar Heights - 168.0 Dominion Hills
Poplar Heights,Week1,Hollin Meadows,Week4,203.0 Poplar Heights - 199.0 Hollin Meadows
Poplar Heights,Week2,Cottontail,Week2,254.0 Poplar Heights - 148.0 Cottontail
Poplar Heights,Week3,Annandale,Week3,297.0 Poplar Heights - 105.0 Annandale
Poplar Heights,Week5,Annandale,Week5,300.0 Poplar Heights - 102.0 Annandale
Poplar Heights,Week1,Arlington Forest,Week3,224.0 Poplar Heights - 178.0 Arlington Forest
Pleasant Valley,Week5,Wakefield Chapel,Week3,355.0 Wakefield Chapel - 42.0 Pleasant Valley
Poplar Heights,Week2,Parklawn,Week1,291.0 Poplar Heights - 102.0 Parklawn
Poplar Heights,Week2,Cottontail,Week5,249.0 Poplar Heights - 153.0 Cottontail
Poplar Heights,Week1,Dowden Terrace,Week4,202.0 Poplar Heights - 200.0 Dowden Terrace
Poplar Heights,Week5,Stratford,Week5,288.0 Poplar Heights - 108.0 Stratford
Poplar Heights,Week4,Hollin Meadows,Week3,224.0 Poplar Heights - 178.0 Hollin Meadows
Poplar Heights,Week2,Sully Station,Week5,267.0 Sully Station - 135.0 Poplar Heights
Poplar Heights,Week5,Annandale,Week3,295.0 Poplar Heights - 107.0 Annandale
Poplar Tree,Week4,Hunter Mill,Week3,231.0 Hunter Mill - 171.0 Poplar Tree
Poplar Heights,Week1,Parklawn,Week3,275.0 Poplar Heights - 126.0 Parklawn
Poplar Heights,Week4,Hollin Meadows,Week2,243.0 Poplar Heights - 159.0 Hollin Meadows
Poplar Heights,Week2,Sully Station,Week3,238.5 Sully Station - 163.5 Poplar Heights
Poplar Heights,Week2,Parklawn,Week4,256.0 Poplar Heights - 145.0 Parklawn
Poplar Heights,Week1,Parklawn,Week4,237.0 Poplar Heights - 164.0 Parklawn
Poplar Heights,Week5,Cottontail,Week2,266.0 Poplar Heights - 136.0 Cottontail
Poplar Heights,Week3,Sully Station,Week4,242.5 Sully Station - 159.5 Poplar Heights
Poplar Heights,Week1,Holmes Run Acres,Week2,237.0 Poplar Heights - 165.0 Holmes Run Acres
Pleasant Valley,Week3,Wakefield Chapel,Week4,354.0 Wakefield Chapel - 48.0 Pleasant Valley
Pleasant Valley,Week3,Wakefield Chapel,Week1,364.0 Wakefield Chapel - 38.0 Pleasant Valley
Poplar Heights,Week3,Forest Hollow,Week4,219.0 Poplar Heights - 183.0 Forest Hollow
Poplar Heights,Week5,Forest Hollow,Week2,224.0 Poplar Heights - 178.0 Forest Hollow
Pleasant Valley,Week3,Wakefield Chapel,Week3,362.0 Wakefield Chapel - 40.0 Pleasant Valley
Poplar Heights,Week4,Donaldson Run,Week2,253.0 Donaldson Run - 149.0 Poplar Heights
Poplar Heights,Week4,Forest Hollow,Week3,208.0 Forest Hollow - 194.0 Poplar Heights
Pleasant Valley,Week4,Wakefield Chapel,Week3,368.5 Wakefield Chapel - 28.5 Pleasant Valley
Poplar Heights,Week1,Cottontail,Week5,230.0 Poplar Heights - 172.0 Cottontail
Poplar Heights,Week3,Cottontail,Week2,249.0 Poplar Heights - 153.0 Cottontail
Poplar Heights,Week1,Donaldson Run,Week3,263.0 Donaldson Run - 139.0 Poplar Heights
Poplar Heights,Week1,Fox Hunt,Week1,228.0 Poplar Heights - 174.0 Fox Hunt
Poplar Heights,Week5,Donaldson Run,Week5,277.0 Donaldson Run - 125.0 Poplar Heights
Poplar Tree,Week4,Hunter Mill,Week2,211.0 Hunter Mill - 190.0 Poplar Tree
Poplar Heights,Week1,Forest Hollow,Week5,212.0 Forest Hollow - 190.0 Poplar Heights
Poplar Heights,Week4,Stratford,Week4,278.0 Poplar Heights - 124.0 Stratford
Poplar Heights,Week2,Parklawn,Week5,269.0 Poplar Heights - 132.0 Parklawn
Poplar Tree,Week3,Hunter Mill,Week2,206.0 Hunter Mill - 196.0 Poplar Tree
Poplar Heights,Week1,Parklawn,Week5,256.5 Poplar Heights - 144.5 Parklawn
Poplar Heights,Week1,Donaldson Run,Week2,267.0 Donaldson Run - 135.0 Poplar Heights
Poplar Heights,Week3,Hollin Meadows,Week1,214.0 Poplar Heights - 188.0 Hollin Meadows
Poplar Heights,Week3,Forest Hollow,Week5,211.0 Poplar Heights - 191.0 Forest Hollow
Poplar Heights,Week5,Stratford,Week4,268.0 Poplar Heights - 134.0 Stratford
Poplar Heights,Week2,Holmes Run Acres,Week1,250.0 Poplar Heights - 152.0 Holmes Run Acres
Poplar Heights,Week2,Donaldson Run,Week3,253.0 Donaldson Run - 149.0 Poplar Heights
Pleasant Valley,Week5,Virginia Run,Week4,322.0 Virginia Run - 80.0 Pleasant Valley
Poplar Heights,Week2,Arlington Forest,Week1,233.0 Poplar Heights - 169.0 Arlington Forest
Poplar Heights,Week4,Hollin Meadows,Week4,231.0 Poplar Heights - 171.0 Hollin Meadows
Poplar Heights,Week5,Overlee,Week1,293.0 Overlee - 109.0 Poplar Heights
Poplar Heights,Week1,Parklawn,Week2,270.0 Poplar Heights - 131.0 Parklawn
Poplar Heights,Week3,Cottontail,Week5,238.0 Poplar Heights - 164.0 Cottontail
Poplar Heights,Week4,Annandale,Week2,299.0 Poplar Heights - 103.0 Annandale
Poplar Tree,Week1,Hunter Mill,Week3,207.0 Poplar Tree - 195.0 Hunter Mill
Poplar Heights,Week2,Cottontail,Week4,247.0 Poplar Heights - 155.0 Cottontail
Poplar Heights,Week2,Dowden Terrace,Week3,227.0 Poplar Heights - 175.0 Dowden Terrace
Pleasant Valley,Week1,Wakefield Chapel,Week2,361.0 Wakefield Chapel - 40.0 Pleasant Valley
Poplar Heights,Week5,Forest Hollow,Week4,213.5 Poplar Heights - 188.5 Forest Hollow
Poplar Heights,Week4,Stratford,Week3,279.0 Poplar Heights - 123.0 Stratford
Poplar Tree,Week2,Hunter Mill,Week4,243.0 Hunter Mill - 159.0 Poplar Tree
Poplar Heights,Week2,Arlington Forest,Week3,257.0 Poplar Heights - 145.0 Arlington Forest
Poplar Heights,Week2,Forest Hollow,Week4,202.0 Poplar Heights - 200.0 Forest Hollow
Poplar Heights,Week2,Dowden Terrace,Week5,206.0 Dowden Terrace - 196.0 Poplar Heights
Pleasant Valley,Week3,Wakefield Chapel,Week2,357.0 Wakefield Chapel - 45.0 Pleasant Valley
Poplar Heights,Week3,Overlee,Week5,343.0 Overlee - 59.0 Poplar Heights
Pleasant Valley,Week1,Wakefield Chapel,Week1,369.0 Wakefield Chapel - 33.0 Pleasant Valley
Poplar Heights,Week4,Cottontail,Week4,255.5 Poplar Heights - 146.5 Cottontail
Poplar Heights,Week4,Forest Hollow,Week2,212.0 Poplar Heights - 190.0 Forest Hollow
Poplar Heights,Week3,Hollin Meadows,Week5,215.0 Poplar Heights - 187.0 Hollin Meadows
Poplar Heights,Week4,Cottontail,Week5,254.0 Poplar Heights - 148.0 Cottontail
Poplar Heights,Week2,Sully Station,Week2,233.0 Sully Station - 169.0 Poplar Heights
Pleasant Valley,Week4,Wakefield Chapel,Week2,369.0 Wakefield Chapel - 32.0 Pleasant Valley
Poplar Heights,Week5,Overlee,Week2,305.0 Overlee - 97.0 Poplar Heights
Poplar Heights,Week3,Annandale,Week4,309.0 Poplar Heights - 93.0 Annandale
Poplar Tree,Week5,Hunter Mill,Week1,219.0 Poplar Tree - 183.0 Hunter Mill
Poplar Heights,Week2,Annandale,Week3,301.0 Poplar Heights - 101.0 Annandale
Poplar Heights,Week2,Parklawn,Week3,293.5 Poplar Heights - 107.5 Parklawn
Poplar Heights,Week1,Donaldson Run,Week5,288.0 Donaldson Run - 114.0 Poplar Heights
Poplar Heights,Week3,Hollin Meadows,Week2,245.5 Poplar Heights - 156.5 Hollin Meadows
Poplar Heights,Week2,Cottontail,Week1,239.0 Poplar Heights - 163.0 Cottontail
Poplar Heights,Week1,Fox Mill Estates,Week4,224.0 Poplar Heights - 178.0 Fox Mill Estates
Poplar Heights,Week2,Donaldson Run,Week5,285.0 Donaldson Run - 117.0 Poplar Heights
Poplar Heights,Week1,Annandale,Week5,270.0 Poplar Heights - 132.0 Annandale
Poplar Tree,Week4,Hunter Mill,Week5,243.0 Hunter Mill - 159.0 Poplar Tree
Poplar Heights,Week2,Forest Hollow,Week5,208.5 Forest Hollow - 193.5 Poplar Heights
Poplar Tree,Week4,Hunter Mill,Week4,233.0 Hunter Mill - 169.0 Poplar Tree
Poplar Heights,Week3,Sully Station,Week2,236.0 Sully Station - 166.0 Poplar Heights
Poplar Heights,Week2,Sully Station,Week1,255.0 Sully Station - 146.0 Poplar Heights
Poplar Heights,Week3,Cottontail,Week3,252.0 Poplar Heights - 150.0 Cottontail
Poplar Heights,Week2,Hollin Meadows,Week1,219.0 Poplar Heights - 183.0 Hollin Meadows
Pleasant Valley,Week1,Wakefield Chapel,Week5,374.0 Wakefield Chapel - 28.0 Pleasant Valley
Poplar Heights,Week4,Donaldson Run,Week4,257.0 Donaldson Run - 145.0 Poplar Heights
Poplar Heights,Week2,Annandale,Week5,290.0 Poplar Heights - 112.0 Annandale
Poplar Heights,Week3,Hollin Meadows,Week4,233.0 Poplar Heights - 169.0 Hollin Meadows
Pleasant Valley,Week3,Wakefield Chapel,Week5,370.0 Wakefield Chapel - 32.0 Pleasant Valley
Pleasant Valley,Week5,Wakefield Chapel,Week5,373.0 Wakefield Chapel - 29.0 Pleasant Valley
Poplar Heights,Week4,Donaldson Run,Week3,256.0 Donaldson Run - 146.0 Poplar Heights
Poplar Heights,Week2,Holmes Run Acres,Week3,208.0 Holmes Run Acres - 194.0 Poplar Heights
Poplar Heights,Week2,Donaldson Run,Week2,249.0 Donaldson Run - 153.0 Poplar Heights
Poplar Tree,Week3,Ilda Community,Week3,291.0 Poplar Tree - 110.0 Ilda Community
Poplar Heights,Week4,Fox Hunt,Week2,226.0 Poplar Heights - 176.0 Fox Hunt
Poplar Tree,Week3,Ilda Community,Week4,288.0 Poplar Tree - 113.0 Ilda Community
Poplar Heights,Week1,Sully Station,Week3,244.0 Sully Station - 158.0 Poplar Heights
Poplar Heights,Week2,Annandale,Week1,307.0 Poplar Heights - 95.0 Annandale
Poplar Heights,Week2,Annandale,Week2,309.0 Poplar Heights - 93.0 Annandale
Poplar Heights,Week5,Stratford,Week3,275.0 Poplar Heights - 127.0 Stratford
Poplar Tree,Week3,Hunter Mill,Week5,217.0 Hunter Mill - 185.0 Poplar Tree
Poplar Heights,Week5,Annandale,Week2,307.0 Poplar Heights - 95.0 Annandale
Poplar Heights,Week5,Fox Hunt,Week1,250.0 Poplar Heights - 152.0 Fox Hunt
Pleasant Valley,Week2,Wakefield Chapel,Week4,359.0 Wakefield Chapel - 43.0 Pleasant Valley
Poplar Heights,Week4,Hollin Meadows,Week5,221.5 Poplar Heights - 180.5 Hollin Meadows
Pleasant Valley,Week5,Wakefield Chapel,Week4,350.0 Wakefield Chapel - 52.0 Pleasant Valley
Poplar Heights,Week1,Country Club Hills,Week1,228.0 Poplar Heights - 174.0 Country Club Hills
Poplar Heights,Week5,Cottontail,Week1,244.0 Poplar Heights - 158.0 Cottontail
Poplar Heights,Week3,Parklawn,Week2,286.0 Poplar Heights - 116.0 Parklawn
Poplar Heights,Week4,Sully Station,Week2,228.0 Sully Station - 174.0 Poplar Heights
Poplar Tree,Week5,Hunter Mill,Week4,202.0 Hunter Mill - 200.0 Poplar Tree
Poplar Tree,Week4,Ilda Community,Week4,264.0 Poplar Tree - 137.0 Ilda Community
Poplar Heights,Week3,Laurel Hill,Week3,295.5 Poplar Heights - 106.5 Laurel Hill
Poplar Heights,Week1,Sully Station,Week1,257.0 Sully Station - 144.0 Poplar Heights
Poplar Tree,Week1,Ilda Community,Week5,292.0 Poplar Tree - 110.0 Ilda Community
Poplar Heights,Week4,Overlee,Week2,317.5 Overlee - 84.5 Poplar Heights
Poplar Heights,Week1,Fox Mill Estates,Week2,238.0 Poplar Heights - 164.0 Fox Mill Estates
Poplar Heights,Week3,Sully Station,Week5,253.0 Sully Station - 149.0 Poplar Heights
Poplar Heights,Week1,Cottontail,Week4,236.0 Poplar Heights - 166.0 Cottontail
Poplar Heights,Week3,Sully Station,Week3,246.0 Sully Station - 156.0 Poplar Heights
Poplar Heights,Week3,Holmes Run Acres,Week1,251.0 Poplar Heights - 151.0 Holmes Run Acres
Pleasant Valley,Week1,Walden Glen,Week2,254.0 Walden Glen - 146.0 Pleasant Valley
Poplar Heights,Week1,Country Club Hills,Week2,247.0 Poplar Heights - 155.0 Country Club Hills
Poplar Heights,Week5,Hollin Meadows,Week5,215.0 Poplar Heights - 187.0 Hollin Meadows
Poplar Heights,Week4,Fox Hunt,Week5,204.0 Poplar Heights - 198.0 Fox Hunt
Poplar Heights,Week3,Parklawn,Week1,306.0 Poplar Heights - 87.0 Parklawn
Poplar Heights,Week1,Fox Hunt,Week5,214.0 Fox Hunt - 188.0 Poplar Heights
Poplar Heights,Week3,Donaldson Run,Week4,266.0 Donaldson Run - 136.0 Poplar Heights
Poplar Heights,Week1,Laurel Hill,Week1,289.0 Poplar Heights - 112.0 Laurel Hill
Poplar Heights,Week3,Donaldson Run,Week2,253.0 Donaldson Run - 149.0 Poplar Heights
Poplar Heights,Week3,Fox Mill Estates,Week2,253.0 Poplar Heights - 149.0 Fox Mill Estates
Poplar Heights,Week5,Cottontail,Week4,254.0 Poplar Heights - 148.0 Cottontail
Poplar Heights,Week1,Annandale,Week2,296.0 Poplar Heights - 106.0 Annandale
Poplar Heights,Week2,Laurel Hill,Week4,295.0 Poplar Heights - 107.0 Laurel Hill
Poplar Heights,Week3,Donaldson Run,Week5,283.0 Donaldson Run - 119.0 Poplar Heights
Poplar Tree,Week1,Kent Gardens,Week1,234.0 Poplar Tree - 168.0 Kent Gardens
Poplar Heights,Week4,Donaldson Run,Week5,275.0 Donaldson Run - 127.0 Poplar Heights
Poplar Heights,Week1,Country Club Hills,Week5,219.0 Poplar Heights - 183.0 Country Club Hills
Poplar Heights,Week2,Country Club Hills,Week2,262.0 Poplar Heights - 140.0 Country Club Hills
Poplar Heights,Week4,Sully Station,Week4,233.0 Sully Station - 169.0 Poplar Heights
Poplar Heights,Week2,Hollin Meadows,Week4,230.0 Poplar Heights - 172.0 Hollin Meadows
Poplar Heights,Week1,Holmes Run Acres,Week3,206.0 Poplar Heights - 196.0 Holmes Run Acres
Poplar Heights,Week1,Laurel Hill,Week5,269.0 Poplar Heights - 133.0 Laurel Hill
Poplar Tree,Week4,Ilda Community,Week3,268.0 Poplar Tree - 133.0 Ilda Community
Pleasant Valley,Week1,Walden Glen,Week5,286.0 Walden Glen - 112.0 Pleasant Valley
Poplar Heights,Week2,Sully Station,Week4,238.0 Sully Station - 164.0 Poplar Heights
Pleasant Valley,Week1,Walden Glen,Week4,272.0 Walden Glen - 126.0 Pleasant Valley
Poplar Heights,Week2,Holmes Run Acres,Week2,242.0 Poplar Heights - 160.0 Holmes Run Acres
Poplar Heights,Week4,Annandale,Week3,298.0 Poplar Heights - 104.0 Annandale
Poplar Heights,Week1,Country Club Hills,Week4,233.0 Poplar Heights - 169.0 Country Club Hills
Poplar Heights,Week4,Annandale,Week1,304.0 Poplar Heights - 98.0 Annandale
Poplar Heights,Week5,Fox Hunt,Week2,245.0 Poplar Heights - 157.0 Fox Hunt
Poplar Heights,Week3,Fox Hunt,Week1,251.0 Poplar Heights - 151.0 Fox Hunt
Poplar Heights,Week2,Donaldson Run,Week4,265.0 Donaldson Run - 137.0 Poplar Heights
Pleasant Valley,Week5,Woodley,Week5,235.0 Woodley - 165.0 Pleasant Valley
Poplar Heights,Week4,Laurel Hill,Week2,315.0 Poplar Heights - 87.0 Laurel Hill
Poplar Heights,Week4,Fox Hunt,Week4,228.0 Poplar Heights - 174.0 Fox Hunt
Poplar Heights,Week5,Hollin Meadows,Week4,220.0 Poplar Heights - 182.0 Hollin Meadows
Poplar Heights,Week2,Lee Graham,Week1,243.0 Lee Graham - 159.0 Poplar Heights
Pleasant Valley,Week2,Walden Glen,Week2,271.0 Walden Glen - 126.0 Pleasant Valley
Poplar Tree,Week5,Ilda Community,Week1,325.0 Poplar Tree - 76.0 Ilda Community
Poplar Heights,Week5,Donaldson Run,Week3,252.0 Donaldson Run - 150.0 Poplar Heights
Pleasant Valley,Week2,Walden Glen,Week3,279.0 Walden Glen - 122.0 Pleasant Valley
Poplar Heights,Week3,Hollin Meadows,Week3,219.0 Poplar Heights - 183.0 Hollin Meadows
Poplar Heights,Week2,Lee Graham,Week3,273.5 Lee Graham - 128.5 Poplar Heights
Poplar Heights,Week3,Sully Station,Week1,233.0 Sully Station - 169.0 Poplar Heights
Poplar Heights,Week1,Crosspointe,Week5,288.0 Crosspointe - 114.0 Poplar Heights
Poplar Heights,Week4,Annandale,Week4,314.0 Poplar Heights - 88.0 Annandale
Poplar Heights,Week1,Annandale,Week4,298.0 Poplar Heights - 104.0 Annandale
Poplar Tree,Week1,Ilda Community,Week4,289.0 Poplar Tree - 112.0 Ilda Community
Pleasant Valley,Week2,Walden Glen,Week1,237.0 Walden Glen - 163.0 Pleasant Valley
Poplar Heights,Week1,Dowden Terrace,Week1,220.0 Poplar Heights - 181.0 Dowden Terrace
Poplar Heights,Week2,Crosspointe,Week4,253.0 Crosspointe - 149.0 Poplar Heights
Poplar Heights,Week1,Sully Station,Week5,273.0 Sully Station - 129.0 Poplar Heights
Poplar Heights,Week5,Fox Hunt,Week3,224.0 Poplar Heights - 178.0 Fox Hunt
Poplar Heights,Week1,Lee Graham,Week3,282.0 Lee Graham - 120.0 Poplar Heights
Poplar Heights,Week2,Country Club Hills,Week3,255.0 Poplar Heights - 147.0 Country Club Hills
Poplar Tree,Week3,Ilda Community,Week5,293.0 Poplar Tree - 109.0 Ilda Community
Pleasant Valley,Week2,Walden Glen,Week4,281.0 Walden Glen - 116.0 Pleasant Valley
Poplar Heights,Week3,Fox Hunt,Week5,212.0 Poplar Heights - 190.0 Fox Hunt
Poplar Heights,Week5,Hollin Meadows,Week2,243.0 Poplar Heights - 159.0 Hollin Meadows
Poplar Heights,Week4,Annandale,Week5,304.0 Poplar Heights - 98.0 Annandale
Poplar Heights,Week5,Donaldson Run,Week2,253.0 Donaldson Run - 149.0 Poplar Heights
Poplar Tree,Week2,Ilda Community,Week3,276.0 Poplar Tree - 126.0 Ilda Community
Poplar Heights,Week5,Stratford,Week1,309.0 Poplar Heights - 93.0 Stratford
Poplar Heights,Week5,Hollin Meadows,Week1,203.0 Poplar Heights - 199.0 Hollin Meadows
Poplar Heights,Week3,Laurel Hill,Week2,312.5 Poplar Heights - 89.5 Laurel Hill
Poplar Heights,Week2,Laurel Hill,Week2,315.0 Poplar Heights - 85.0 Laurel Hill
Poplar Heights,Week5,Stratford,Week2,302.0 Poplar Heights - 100.0 Stratford
Poplar Heights,Week3,Annandale,Week1,308.0 Poplar Heights - 94.0 Annandale
Poplar Heights,Week4,Hollin Meadows,Week1,219.0 Poplar Heights - 183.0 Hollin Meadows
Poplar Heights,Week3,Donaldson Run,Week3,250.0 Donaldson Run - 152.0 Poplar Heights
Pleasant Valley,Week4,Tuckahoe,Week5,381.0 Tuckahoe - 21.0 Pleasant Valley
Poplar Heights,Week3,Donaldson Run,Week1,252.0 Donaldson Run - 150.0 Poplar Heights
Poplar Heights,Week3,Laurel Hill,Week5,273.0 Poplar Heights - 129.0 Laurel Hill
Poplar Heights,Week2,Fox Hunt,Week3,221.0 Poplar Heights - 181.0 Fox Hunt
Poplar Heights,Week4,Sully Station,Week5,252.0 Sully Station - 150.0 Poplar Heights
Poplar Heights,Week2,Hollin Meadows,Week3,228.0 Poplar Heights - 174.0 Hollin Meadows
Poplar Heights,Week4,Fox Hunt,Week3,209.0 Poplar Heights - 193.0 Fox Hunt
Poplar Tree,Week4,Ilda Community,Week2,274.0 Poplar Tree - 128.0 Ilda Community
Poplar Heights,Week5,Fox Hunt,Week4,228.0 Poplar Heights - 174.0 Fox Hunt
Poplar Heights,Week1,Sully Station,Week4,243.0 Sully Station - 159.0 Poplar Heights
Pleasant Valley,Week2,Tuckahoe,Week2,375.0 Tuckahoe - 26.0 Pleasant Valley
Pleasant Valley,Week2,Tuckahoe,Week4,383.0 Tuckahoe - 19.0 Pleasant Valley
Poplar Heights,Week2,Donaldson Run,Week1,248.0 Donaldson Run - 154.0 Poplar Heights
Poplar Heights,Week3,Annandale,Week5,295.0 Poplar Heights - 107.0 Annandale
Poplar Heights,Week2,Hollin Meadows,Week5,226.0 Poplar Heights - 176.0 Hollin Meadows
Poplar Heights,Week4,Laurel Hill,Week3,287.0 Poplar Heights - 115.0 Laurel Hill
Poplar Tree,Week2,Ilda Community,Week1,298.0 Poplar Tree - 104.0 Ilda Community
Poplar Heights,Week4,Donaldson Run,Week1,249.0 Donaldson Run - 153.0 Poplar Heights
Poplar Heights,Week3,Laurel Hill,Week1,306.0 Poplar Heights - 96.0 Laurel Hill
Poplar Heights,Week1,Holmes Run Acres,Week1,242.0 Poplar Heights - 160.0 Holmes Run Acres
Poplar Heights,Week2,Laurel Hill,Week5,270.0 Poplar Heights - 132.0 Laurel Hill
Poplar Heights,Week2,Fox Hunt,Week4,232.0 Poplar Heights - 170.0 Fox Hunt
Poplar Heights,Week1,Sully Station,Week2,247.0 Sully Station - 155.0 Poplar Heights
Poplar Heights,Week5,Annandale,Week1,312.0 Poplar Heights - 85.0 Annandale
Poplar Heights,Week4,Sully Station,Week1,235.0 Sully Station - 167.0 Poplar Heights
Poplar Heights,Week3,Crosspointe,Week3,254.0 Crosspointe - 148.0 Poplar Heights
Pleasant Valley,Week2,Tuckahoe,Week3,378.0 Tuckahoe - 24.0 Pleasant Valley
Poplar Tree,Week1,Ilda Community,Week2,300.0 Poplar Tree - 102.0 Ilda Community
Poplar Heights,Week5,Sully Station,Week1,222.0 Sully Station - 179.0 Poplar Heights
Poplar Heights,Week2,Annandale,Week4,309.0 Poplar Heights - 93.0 Annandale
Poplar Heights,Week2,Hollin Meadows,Week2,250.0 Poplar Heights - 152.0 Hollin Meadows
Poplar Heights,Week3,Crosspointe,Week2,223.0 Crosspointe - 179.0 Poplar Heights
Poplar Tree,Week5,Hunter Mill,Week3,202.0 Hunter Mill - 200.0 Poplar Tree
Poplar Heights,Week3,Country Club Hills,Week3,261.0 Poplar Heights - 141.0 Country Club Hills
Poplar Heights,Week5,Fox Hunt,Week5,203.0 Poplar Heights - 199.0 Fox Hunt
Poplar Tree,Week5,Hunter Mill,Week5,209.0 Hunter Mill - 193.0 Poplar Tree
Poplar Heights,Week3,Crosspointe,Week4,256.0 Crosspointe - 146.0 Poplar Heights
Poplar Heights,Week5,Country Club Hills,Week2,256.0 Poplar Heights - 146.0 Country Club Hills
Poplar Heights,Week3,Annandale,Week2,307.0 Poplar Heights - 95.0 Annandale
Poplar Heights,Week1,Dowden Terrace,Week3,224.0 Poplar Heights - 178.0 Dowden Terrace
Pleasant Valley,Week2,Walden Glen,Week5,290.0 Walden Glen - 107.0 Pleasant Valley
Poplar Heights,Week5,Donaldson Run,Week4,254.0 Donaldson Run - 148.0 Poplar Heights
Poplar Heights,Week2,Fox Hunt,Week5,204.5 Poplar Heights - 197.5 Fox Hunt
Poplar Heights,Week1,Holmes Run Acres,Week4,223.0 Poplar Heights - 179.0 Holmes Run Acres
Poplar Tree,Week1,Ilda Community,Week1,294.0 Poplar Tree - 108.0 Ilda Community
Poplar Heights,Week4,Country Club Hills,Week4,262.0 Poplar Heights - 140.0 Country Club Hills
Poplar Heights,Week5,Sully Station,Week3,224.0 Sully Station - 178.0 Poplar Heights
Poplar Heights,Week5,Hollin Meadows,Week3,219.0 Poplar Heights - 183.0 Hollin Meadows
Pleasant Valley,Week3,Tuckahoe,Week2,364.0 Tuckahoe - 38.0 Pleasant Valley
Pleasant Valley,Week5,Truro,Week1,267.0 Truro - 128.0 Pleasant Valley
Poplar Tree,Week1,Ilda Community,Week3,288.0 Poplar Tree - 113.0 Ilda Community
Poplar Heights,Week1,Annandale,Week3,280.0 Poplar Heights - 122.0 Annandale
Poplar Heights,Week4,Lee Graham,Week2,251.0 Lee Graham - 151.0 Poplar Heights
Poplar Heights,Week3,Country Club Hills,Week5,233.0 Poplar Heights - 169.0 Country Club Hills
Pleasant Valley,Week3,Tuckahoe,Week1,361.0 Tuckahoe - 41.0 Pleasant Valley
Poplar Heights,Week1,Arlington Forest,Week1,209.0 Poplar Heights - 193.0 Arlington Forest
Poplar Heights,Week1,Fox Mill Estates,Week3,241.0 Poplar Heights - 161.0 Fox Mill Estates
Poplar Heights,Week1,Fox Mill Estates,Week1,271.0 Poplar Heights - 131.0 Fox Mill Estates
Poplar Heights,Week5,Laurel Hill,Week3,303.0 Poplar Heights - 99.0 Laurel Hill
Poplar Heights,Week5,Sully Station,Week4,218.5 Sully Station - 183.5 Poplar Heights
Poplar Heights,Week1,Donaldson Run,Week4,265.0 Donaldson Run - 137.0 Poplar Heights
Poplar Heights,Week3,Country Club Hills,Week4,259.0 Poplar Heights - 143.0 Country Club Hills
Poplar Heights,Week5,Annandale,Week4,328.0 Poplar Heights - 74.0 Annandale
Poplar Heights,Week5,Donaldson Run,Week1,245.0 Donaldson Run - 157.0 Poplar Heights
Poplar Heights,Week1,Dowden Terrace,Week5,210.0 Dowden Terrace - 192.0 Poplar Heights
Poplar Heights,Week1,Holmes Run Acres,Week5,216.0 Holmes Run Acres - 186.0 Poplar Heights
Pleasant Valley,Week3,Tuckahoe,Week3,373.0 Tuckahoe - 29.0 Pleasant Valley
Poplar Heights,Week2,Dowden Terrace,Week1,229.0 Poplar Heights - 172.0 Dowden Terrace
Poplar Heights,Week1,Arlington Forest,Week2,225.0 Poplar Heights - 177.0 Arlington Forest
Poplar Tree,Week5,Ilda Community,Week2,324.5 Poplar Tree - 77.5 Ilda Community
Poplar Tree,Week5,Ilda Community,Week3,313.0 Poplar Tree - 89.0 Ilda Community
Poplar Heights,Week1,Arlington Forest,Week5,241.0 Arlington Forest - 161.0 Poplar Heights
Pleasant Valley,Week1,Tuckahoe,Week1,374.0 Tuckahoe - 28.0 Pleasant Valley
Poplar Heights,Week1,Arlington Forest,Week4,222.0 Arlington Forest - 180.0 Poplar Heights
Poplar Heights,Week2,Country Club Hills,Week5,232.0 Poplar Heights - 170.0 Country Club Hills
Poplar Heights,Week1,Laurel Hill,Week3,274.0 Poplar Heights - 128.0 Laurel Hill
Poplar Heights,Week3,Fox Hunt,Week2,242.0 Poplar Heights - 160.0 Fox Hunt
Poplar Heights,Week2,Holmes Run Acres,Week5,213.0 Holmes Run Acres - 189.0 Poplar Heights
Poplar Tree,Week2,Ilda Community,Week5,284.0 Poplar Tree - 118.0 Ilda Community
Pleasant Valley,Week4,Tuckahoe,Week1,371.0 Tuckahoe - 31.0 Pleasant Valley
Poplar Heights,Week4,Country Club Hills,Week2,264.0 Poplar Heights - 138.0 Country Club Hills
Poplar Heights,Week5,Sully Station,Week2,214.0 Sully Station - 188.0 Poplar Heights
Poplar Heights,Week1,Sully Station II,Week1,238.0 Sully Station II - 164.0 Poplar Heights
Poplar Heights,Week5,Sully Station,Week5,245.0 Sully Station - 157.0 Poplar Heights
Poplar Heights,Week1,Dowden Terrace,Week2,218.0 Poplar Heights - 184.0 Dowden Terrace
Poplar Heights,Week1,Lee Graham,Week2,258.0 Lee Graham - 144.0 Poplar Heights
Poplar Heights,Week4,Fox Hunt,Week1,240.0 Poplar Heights - 162.0 Fox Hunt
Poplar Heights,Week1,Fox Mill Estates,Week5,242.0 Poplar Heights - 160.0 Fox Mill Estates
Poplar Heights,Week4,Country Club Hills,Week5,240.0 Poplar Heights - 162.0 Country Club Hills
Poplar Heights,Week1,Sully Station II,Week2,247.0 Sully Station II - 155.0 Poplar Heights
Poplar Heights,Week1,Laurel Hill,Week4,290.0 Poplar Heights - 112.0 Laurel Hill
Poplar Tree,Week4,Ilda Community,Week1,281.0 Poplar Tree - 121.0 Ilda Community
Poplar Heights,Week2,Holmes Run Acres,Week4,234.0 Poplar Heights - 168.0 Holmes Run Acres
Poplar Heights,Week5,Country Club Hills,Week5,245.0 Poplar Heights - 157.0 Country Club Hills
Poplar Heights,Week5,Country Club Hills,Week4,254.0 Poplar Heights - 148.0 Country Club Hills
Poplar Heights,Week1,Dunn Loring,Week5,281.0 Dunn Loring - 121.0 Poplar Heights
Poplar Heights,Week1,Lee Graham,Week5,273.0 Lee Graham - 129.0 Poplar Heights
Pleasant Valley,Week1,Tuckahoe,Week4,378.0 Tuckahoe - 24.0 Pleasant Valley
Poplar Heights,Week3,Fox Hunt,Week3,220.0 Poplar Heights - 182.0 Fox Hunt
Poplar Heights,Week4,Holmes Run Acres,Week4,250.0 Poplar Heights - 152.0 Holmes Run Acres
Poplar Heights,Week3,Arlington Forest,Week2,242.0 Poplar Heights - 160.0 Arlington Forest
Poplar Heights,Week4,Laurel Hill,Week5,287.0 Poplar Heights - 115.0 Laurel Hill
Poplar Heights,Week2,Dowden Terrace,Week4,215.0 Poplar Heights - 187.0 Dowden Terrace
Poplar Heights,Week3,Country Club Hills,Week2,259.0 Poplar Heights - 143.0 Country Club Hills
Poplar Heights,Week2,Arlington Forest,Week4,211.0 Poplar Heights - 191.0 Arlington Forest
Poplar Heights,Week2,Fox Hunt,Week2,235.0 Poplar Heights - 167.0 Fox Hunt
Poplar Heights,Week3,Fox Hunt,Week4,235.0 Poplar Heights - 167.0 Fox Hunt
Poplar Tree,Week2,Ilda Community,Week4,277.0 Poplar Tree - 125.0 Ilda Community
Poplar Heights,Week4,Holmes Run Acres,Week1,251.0 Poplar Heights - 151.0 Holmes Run Acres
Poplar Heights,Week1,Sully Station II,Week4,222.0 Sully Station II - 180.0 Poplar Heights
Poplar Heights,Week1,Truro,Week3,271.0 Poplar Heights - 131.0 Truro
Poplar Heights,Week2,Fox Mill Estates,Week1,274.0 Poplar Heights - 128.0 Fox Mill Estates
Poplar Heights,Week3,Dunn Loring,Week1,226.0 Dunn Loring - 176.0 Poplar Heights
Poplar Heights,Week2,Arlington Forest,Week2,254.0 Poplar Heights - 148.0 Arlington Forest
Poplar Heights,Week4,Dowden Terrace,Week5,205.5 Poplar Heights - 196.5 Dowden Terrace
Poplar Tree,Week2,Ilda Community,Week2,295.0 Poplar Tree - 107.0 Ilda Community
Poplar Heights,Week2,Fox Mill Estates,Week2,259.0 Poplar Heights - 143.0 Fox Mill Estates
Poplar Heights,Week4,Sully Station II,Week4,227.0 Sully Station II - 175.0 Poplar Heights
Pleasant Valley,Week1,Tuckahoe,Week5,375.0 Tuckahoe - 27.0 Pleasant Valley
Poplar Tree,Week3,Ilda Community,Week2,300.0 Poplar Tree - 102.0 Ilda Community
Pleasant Valley,Week3,Tuckahoe,Week4,374.0 Tuckahoe - 28.0 Pleasant Valley
Poplar Heights,Week2,Hunt Valley,Week1,251.0 Hunt Valley - 151.0 Poplar Heights
Poplar Heights,Week4,Sully Station II,Week1,218.0 Sully Station II - 184.0 Poplar Heights
Poplar Heights,Week4,Hunt Valley,Week1,241.0 Hunt Valley - 161.0 Poplar Heights
Poplar Heights,Week4,Hunt Valley,Week2,246.5 Hunt Valley - 155.5 Poplar Heights
Poplar Heights,Week2,Dowden Terrace,Week2,222.0 Poplar Heights - 180.0 Dowden Terrace
Poplar Heights,Week3,Hunt Valley,Week4,264.0 Hunt Valley - 138.0 Poplar Heights
Poplar Tree,Week3,Ilda Community,Week1,314.0 Poplar Tree - 88.0 Ilda Community
Poplar Heights,Week1,Truro,Week1,266.5 Poplar Heights - 135.5 Truro
Poplar Heights,Week3,Arlington Forest,Week4,202.0 Arlington Forest - 200.0 Poplar Heights
Poplar Heights,Week2,Arlington Forest,Week5,224.0 Arlington Forest - 178.0 Poplar Heights
Pleasant Valley,Week2,Tuckahoe,Week5,381.0 Tuckahoe - 21.0 Pleasant Valley
Poplar Heights,Week3,Laurel Hill,Week4,306.0 Poplar Heights - 96.0 Laurel Hill
Poplar Heights,Week4,Dowden Terrace,Week3,243.0 Poplar Heights - 159.0 Dowden Terrace
Poplar Heights,Week1,Crosspointe,Week2,247.5 Crosspointe - 154.5 Poplar Heights
Poplar Heights,Week5,Laurel Hill,Week1,310.0 Poplar Heights - 91.0 Laurel Hill
Poplar Heights,Week1,Laurel Hill,Week2,299.7 Poplar Heights - 101.3 Laurel Hill
Poplar Heights,Week3,Arlington Forest,Week5,221.0 Arlington Forest - 181.0 Poplar Heights
Poplar Heights,Week5,Country Club Hills,Week3,266.0 Poplar Heights - 136.0 Country Club Hills
Poplar Heights,Week4,Laurel Hill,Week1,310.0 Poplar Heights - 91.0 Laurel Hill
Pleasant Valley,Week4,Tuckahoe,Week2,378.0 Tuckahoe - 23.0 Pleasant Valley
Poplar Tree,Week5,Hunter Mill,Week2,214.0 Poplar Tree - 187.0 Hunter Mill
Poplar Heights,Week2,Fox Hunt,Week1,238.0 Poplar Heights - 164.0 Fox Hunt
Poplar Heights,Week3,Country Club Hills,Week1,249.5 Poplar Heights - 152.5 Country Club Hills
Poplar Heights,Week3,Holmes Run Acres,Week2,235.0 Poplar Heights - 167.0 Holmes Run Acres
Poplar Heights,Week3,Arlington Forest,Week1,217.0 Poplar Heights - 185.0 Arlington Forest
Poplar Heights,Week2,Laurel Hill,Week1,301.0 Poplar Heights - 100.0 Laurel Hill
Poplar Heights,Week2,Fox Mill Estates,Week3,247.0 Poplar Heights - 155.0 Fox Mill Estates
Poplar Heights,Week2,Truro,Week5,280.0 Poplar Heights - 121.0 Truro
Poplar Tree,Week5,Kent Gardens,Week1,243.0 Poplar Tree - 159.0 Kent Gardens
Poplar Heights,Week2,Laurel Hill,Week3,276.0 Poplar Heights - 126.0 Laurel Hill
Poplar Heights,Week3,Holmes Run Acres,Week5,205.0 Holmes Run Acres - 197.0 Poplar Heights
Pleasant Valley,Week2,Vienna Aquatic,Week2,342.0 Vienna Aquatic - 60.0 Pleasant Valley
Poplar Heights,Week5,Dowden Terrace,Week3,250.0 Poplar Heights - 152.0 Dowden Terrace
Poplar Heights,Week2,Dunn Loring,Week1,226.0 Dunn Loring - 176.0 Poplar Heights
Poplar Heights,Week4,Arlington Forest,Week1,235.0 Poplar Heights - 167.0 Arlington Forest
Poplar Heights,Week1,Crosspointe,Week3,260.0 Crosspointe - 142.0 Poplar Heights
Poplar Heights,Week2,Fox Mill Estates,Week4,239.0 Poplar Heights - 163.0 Fox Mill Estates
Poplar Heights,Week4,Sully Station II,Week5,259.0 Sully Station II - 143.0 Poplar Heights
Poplar Tree,Week1,Kent Gardens,Week2,242.0 Poplar Tree - 160.0 Kent Gardens
Poplar Heights,Week1,Crosspointe,Week4,262.0 Crosspointe - 140.0 Poplar Heights
Pleasant Valley,Week4,Tuckahoe,Week3,377.0 Tuckahoe - 19.0 Pleasant Valley
Pleasant Valley,Week5,Truro,Week3,258.0 Truro - 142.0 Pleasant Valley
Poplar Tree,Week5,Ilda Community,Week5,320.0 Poplar Tree - 81.0 Ilda Community
Poplar Tree,Week1,Kings Ridge ,Week4,293.0 Poplar Tree - 109.0 Kings Ridge
Poplar Heights,Week4,Arlington Forest,Week2,247.0 Poplar Heights - 155.0 Arlington Forest
Poplar Heights,Week5,Laurel Hill,Week2,319.0 Poplar Heights - 82.0 Laurel Hill
Poplar Heights,Week4,Sully Station II,Week3,257.0 Sully Station II - 145.0 Poplar Heights
Poplar Heights,Week5,Dowden Terrace,Week2,224.0 Poplar Heights - 178.0 Dowden Terrace
Poplar Heights,Week4,Dowden Terrace,Week1,232.0 Poplar Heights - 169.0 Dowden Terrace
Poplar Heights,Week4,Laurel Hill,Week4,304.0 Poplar Heights - 98.0 Laurel Hill
Poplar Heights,Week3,Arlington Forest,Week3,242.0 Poplar Heights - 160.0 Arlington Forest
Pleasant Valley,Week5,Truro,Week2,251.0 Truro - 148.0 Pleasant Valley
Poplar Heights,Week1,Hunt Valley,Week1,255.0 Hunt Valley - 147.0 Poplar Heights
Poplar Heights,Week5,Sully Station II,Week1,216.0 Sully Station II - 186.0 Poplar Heights
Pleasant Valley,Week5,Truro,Week5,265.0 Truro - 131.0 Pleasant Valley
Poplar Tree,Week4,Ilda Community,Week5,276.0 Poplar Tree - 126.0 Ilda Community
Poplar Heights,Week5,Laurel Hill,Week4,304.5 Poplar Heights - 97.5 Laurel Hill
Poplar Heights,Week5,Laurel Hill,Week5,281.0 Poplar Heights - 121.0 Laurel Hill
Poplar Tree,Week5,Ilda Community,Week4,306.0 Poplar Tree - 96.0 Ilda Community
Poplar Heights,Week4,Country Club Hills,Week1,255.0 Poplar Heights - 147.0 Country Club Hills
Poplar Heights,Week4,Dunn Loring,Week2,255.0 Dunn Loring - 147.0 Poplar Heights
Poplar Heights,Week3,Fox Mill Estates,Week1,276.0 Poplar Heights - 126.0 Fox Mill Estates
Poplar Heights,Week4,Country Club Hills,Week3,268.0 Poplar Heights - 134.0 Country Club Hills
Poplar Heights,Week3,Holmes Run Acres,Week3,216.0 Poplar Heights - 186.0 Holmes Run Acres
Poplar Heights,Week5,Sully Station II,Week2,229.0 Sully Station II - 173.0 Poplar Heights
Poplar Heights,Week3,Fox Mill Estates,Week3,253.0 Poplar Heights - 149.0 Fox Mill Estates
Poplar Heights,Week2,Fox Mill Estates,Week5,255.0 Poplar Heights - 147.0 Fox Mill Estates
Poplar Heights,Week1,Dunn Loring,Week1,231.0 Dunn Loring - 171.0 Poplar Heights
Pleasant Valley,Week3,Vienna Aquatic,Week5,339.0 Vienna Aquatic - 63.0 Pleasant Valley
Poplar Heights,Week2,Crosspointe,Week1,251.5 Crosspointe - 150.5 Poplar Heights
Poplar Heights,Week5,Holmes Run Acres,Week3,216.0 Poplar Heights - 186.0 Holmes Run Acres
Poplar Heights,Week2,Sully Station II,Week5,245.0 Sully Station II - 157.0 Poplar Heights
Poplar Heights,Week4,Fox Mill Estates,Week1,292.0 Poplar Heights - 110.0 Fox Mill Estates
Pleasant Valley,Week3,Vienna Aquatic,Week1,332.0 Vienna Aquatic - 70.0 Pleasant Valley
Poplar Heights,Week2,Dunn Loring,Week2,249.0 Dunn Loring - 153.0 Poplar Heights
Pleasant Valley,Week1,Tuckahoe,Week3,376.0 Tuckahoe - 26.0 Pleasant Valley
Pleasant Valley,Week4,Tuckahoe,Week4,377.0 Tuckahoe - 25.0 Pleasant Valley
Poplar Heights,Week4,Sully Station II,Week2,234.0 Sully Station II - 168.0 Poplar Heights
Poplar Heights,Week1,Crosspointe,Week1,265.0 Crosspointe - 137.0 Poplar Heights
Poplar Tree,Week4,Kent Gardens,Week3,221.0 Poplar Tree - 181.0 Kent Gardens
Poplar Heights,Week2,Hunt Valley,Week2,246.0 Hunt Valley - 156.0 Poplar Heights
Poplar Heights,Week3,Dowden Terrace,Week3,247.0 Poplar Heights - 155.0 Dowden Terrace
Poplar Heights,Week3,Lee Graham,Week2,264.0 Lee Graham - 138.0 Poplar Heights
Poplar Heights,Week5,Country Club Hills,Week1,249.0 Poplar Heights - 148.0 Country Club Hills
Poplar Heights,Week3,Fox Mill Estates,Week4,239.0 Poplar Heights - 163.0 Fox Mill Estates
Poplar Tree,Week2,Kent Gardens,Week3,237.0 Poplar Tree - 165.0 Kent Gardens
Poplar Heights,Week5,Holmes Run Acres,Week4,256.0 Poplar Heights - 146.0 Holmes Run Acres
Poplar Heights,Week4,Holmes Run Acres,Week5,205.0 Poplar Heights - 197.0 Holmes Run Acres
Poplar Heights,Week2,Lee Graham,Week4,253.0 Lee Graham - 149.0 Poplar Heights
Pleasant Valley,Week1,Tuckahoe,Week2,370.0 Tuckahoe - 31.0 Pleasant Valley
Poplar Heights,Week2,Dunn Loring,Week4,257.5 Dunn Loring - 144.5 Poplar Heights
Poplar Heights,Week1,Hunt Valley,Week3,276.0 Hunt Valley - 126.0 Poplar Heights
Poplar Heights,Week4,Fox Mill Woods,Week5,235.0 Fox Mill Woods - 167.0 Poplar Heights
Poplar Heights,Week1,Dunn Loring,Week4,269.0 Dunn Loring - 133.0 Poplar Heights
Poplar Heights,Week2,Lee Graham,Week5,272.0 Lee Graham - 130.0 Poplar Heights
Poplar Heights,Week2,Sully Station II,Week3,252.0 Sully Station II - 150.0 Poplar Heights
Poplar Heights,Week2,Dunn Loring,Week5,261.0 Dunn Loring - 141.0 Poplar Heights
Poplar Heights,Week5,Holmes Run Acres,Week5,212.0 Poplar Heights - 190.0 Holmes Run Acres
Poplar Heights,Week2,Crosspointe,Week2,247.0 Crosspointe - 155.0 Poplar Heights
Poplar Heights,Week5,Sully Station II,Week3,250.0 Sully Station II - 147.0 Poplar Heights
Poplar Heights,Week1,Lee Graham,Week1,257.0 Lee Graham - 145.0 Poplar Heights
Poplar Heights,Week2,Sully Station II,Week4,204.0 Sully Station II - 198.0 Poplar Heights
Poplar Heights,Week3,Sully Station II,Week4,217.5 Sully Station II - 184.5 Poplar Heights
Poplar Tree,Week2,Kent Gardens,Week2,241.0 Poplar Tree - 161.0 Kent Gardens
Poplar Heights,Week3,Crosspointe,Week1,249.0 Crosspointe - 153.0 Poplar Heights
Poplar Heights,Week4,Holmes Run Acres,Week3,210.0 Poplar Heights - 192.0 Holmes Run Acres
Poplar Heights,Week3,Dunn Loring,Week2,261.0 Dunn Loring - 141.0 Poplar Heights
Poplar Heights,Week3,Fox Mill Woods,Week5,233.0 Fox Mill Woods - 169.0 Poplar Heights
Poplar Heights,Week2,Sully Station II,Week2,227.0 Sully Station II - 175.0 Poplar Heights
Poplar Heights,Week1,Lee Graham,Week4,256.0 Lee Graham - 146.0 Poplar Heights
Poplar Heights,Week2,Crosspointe,Week3,243.0 Crosspointe - 159.0 Poplar Heights
Poplar Tree,Week1,Kent Gardens,Week4,225.0 Poplar Tree - 177.0 Kent Gardens
Poplar Heights,Week2,Lee Graham,Week2,264.0 Lee Graham - 138.0 Poplar Heights
Poplar Tree,Week2,Kings Ridge ,Week1,299.0 Poplar Tree - 103.0 Kings Ridge
Poplar Heights,Week3,Fox Mill Estates,Week5,254.0 Poplar Heights - 148.0 Fox Mill Estates
Poplar Heights,Week2,Crosspointe,Week5,274.0 Crosspointe - 128.0 Poplar Heights
Pleasant Valley,Week5,Truro,Week4,262.0 Truro - 137.0 Pleasant Valley
Poplar Tree,Week5,Kent Gardens,Week4,258.0 Poplar Tree - 144.0 Kent Gardens
Poplar Heights,Week4,Fox Mill Woods,Week3,222.0 Fox Mill Woods - 180.0 Poplar Heights
Pleasant Valley,Week2,Tuckahoe,Week1,375.0 Tuckahoe - 27.0 Pleasant Valley
Poplar Heights,Week4,Fox Mill Woods,Week1,250.0 Fox Mill Woods - 152.0 Poplar Heights
Poplar Heights,Week4,Holmes Run Acres,Week2,244.0 Poplar Heights - 158.0 Holmes Run Acres
Poplar Heights,Week1,Fox Mill Woods,Week4,236.0 Fox Mill Woods - 166.0 Poplar Heights
Poplar Heights,Week1,Truro,Week2,280.0 Poplar Heights - 117.0 Truro
Poplar Heights,Week3,Lee Graham,Week5,274.0 Lee Graham - 128.0 Poplar Heights
Pleasant Valley,Week3,Tuckahoe,Week5,368.0 Tuckahoe - 34.0 Pleasant Valley
Poplar Tree,Week5,Kent Gardens,Week5,233.0 Poplar Tree - 169.0 Kent Gardens
Poplar Heights,Week3,Dowden Terrace,Week4,228.0 Poplar Heights - 174.0 Dowden Terrace
Poplar Heights,Week3,Lee Graham,Week3,276.0 Lee Graham - 126.0 Poplar Heights
Pleasant Valley,Week5,Tuckahoe,Week4,378.0 Tuckahoe - 24.0 Pleasant Valley
Poplar Heights,Week3,Lee Graham,Week4,263.0 Lee Graham - 139.0 Poplar Heights
Poplar Heights,Week2,Hunt Valley,Week5,263.0 Hunt Valley - 139.0 Poplar Heights
Poplar Heights,Week5,Burke Station,Week4,307.0 Poplar Heights - 94.0 Burke Station
Poplar Heights,Week5,Sully Station II,Week5,257.0 Sully Station II - 145.0 Poplar Heights
Pleasant Valley,Week5,Tuckahoe,Week1,370.0 Tuckahoe - 32.0 Pleasant Valley
Poplar Heights,Week1,Camelot,Week1,238.0 Poplar Heights - 163.0 Camelot
Poplar Heights,Week2,Hunt Valley,Week4,252.0 Hunt Valley - 150.0 Poplar Heights
Poplar Tree,Week1,Kings Ridge ,Week2,290.5 Poplar Tree - 111.5 Kings Ridge
Poplar Heights,Week5,Sully Station II,Week4,213.0 Sully Station II - 189.0 Poplar Heights
Poplar Heights,Week4,Dowden Terrace,Week2,225.5 Poplar Heights - 176.5 Dowden Terrace
Poplar Tree,Week3,Kent Gardens,Week5,202.0 Poplar Tree - 200.0 Kent Gardens
Poplar Heights,Week5,Burke Station,Week1,262.0 Poplar Heights - 117.0 Burke Station
Poplar Heights,Week1,Fox Mill Woods,Week2,230.0 Fox Mill Woods - 172.0 Poplar Heights
Poplar Heights,Week5,Dowden Terrace,Week1,238.5 Poplar Heights - 163.5 Dowden Terrace
Poplar Heights,Week5,Dowden Terrace,Week5,205.0 Poplar Heights - 197.0 Dowden Terrace
Poplar Heights,Week3,Hunt Valley,Week1,259.0 Hunt Valley - 143.0 Poplar Heights
Poplar Heights,Week2,Camelot,Week2,250.0 Poplar Heights - 152.0 Camelot
Poplar Heights,Week1,Fox Mill Woods,Week1,249.0 Fox Mill Woods - 153.0 Poplar Heights
Poplar Heights,Week3,Burke Station,Week4,311.0 Poplar Heights - 91.0 Burke Station
Poplar Heights,Week3,Lee Graham,Week1,265.0 Lee Graham - 137.0 Poplar Heights
Poplar Heights,Week5,Holmes Run Acres,Week2,252.0 Poplar Heights - 145.0 Holmes Run Acres
Poplar Heights,Week3,Sully Station II,Week5,262.0 Sully Station II - 140.0 Poplar Heights
Poplar Heights,Week3,Burke Station,Week2,303.0 Poplar Heights - 99.0 Burke Station
Pleasant Valley,Week1,Vienna Aquatic,Week1,331.0 Vienna Aquatic - 71.0 Pleasant Valley
Pleasant Valley,Week5,Tuckahoe,Week5,375.0 Tuckahoe - 27.0 Pleasant Valley
Poplar Tree,Week3,Kent Gardens,Week4,234.0 Poplar Tree - 168.0 Kent Gardens
Poplar Heights,Week4,Lee Graham,Week5,259.5 Lee Graham - 142.5 Poplar Heights
Poplar Heights,Week1,Hunt Valley,Week4,263.0 Hunt Valley - 139.0 Poplar Heights
Poplar Heights,Week1,Hunt Valley,Week5,270.0 Hunt Valley - 132.0 Poplar Heights
Poplar Heights,Week3,Sully Station II,Week1,222.5 Sully Station II - 179.5 Poplar Heights
Poplar Heights,Week3,Dowden Terrace,Week5,201.5 Poplar Heights - 200.5 Dowden Terrace
Poplar Heights,Week1,Camelot,Week3,247.0 Poplar Heights - 155.0 Camelot
Poplar Tree,Week4,Kent Gardens,Week1,205.0 Poplar Tree - 197.0 Kent Gardens
Poplar Tree,Week3,Kent Gardens,Week2,240.0 Poplar Tree - 162.0 Kent Gardens
Poplar Heights,Week4,Fox Mill Estates,Week2,267.0 Poplar Heights - 135.0 Fox Mill Estates
Poplar Heights,Week4,Lee Graham,Week1,246.0 Lee Graham - 156.0 Poplar Heights
Pleasant Valley,Week1,Vienna Aquatic,Week2,333.0 Vienna Aquatic - 69.0 Pleasant Valley
Poplar Heights,Week3,Fox Mill Woods,Week3,219.0 Fox Mill Woods - 183.0 Poplar Heights
Poplar Heights,Week3,Fox Mill Woods,Week4,232.0 Fox Mill Woods - 170.0 Poplar Heights
Poplar Heights,Week3,Dowden Terrace,Week2,231.0 Poplar Heights - 171.0 Dowden Terrace
Poplar Heights,Week1,Sully Station II,Week3,269.0 Sully Station II - 133.0 Poplar Heights
Pleasant Valley,Week1,Vienna Aquatic,Week4,346.0 Vienna Aquatic - 56.0 Pleasant Valley
Poplar Heights,Week2,Burke Station,Week3,281.0 Poplar Heights - 112.0 Burke Station
Poplar Heights,Week5,Holmes Run Acres,Week1,266.0 Poplar Heights - 136.0 Holmes Run Acres
Poplar Heights,Week3,Sully Station II,Week2,240.0 Sully Station II - 162.0 Poplar Heights
Poplar Tree,Week1,Kent Gardens,Week5,206.0 Poplar Tree - 196.0 Kent Gardens
Poplar Heights,Week2,Lincolnia Park,Week3,309.0 Poplar Heights - 80.0 Lincolnia Park
Poplar Heights,Week4,Fox Mill Estates,Week3,257.0 Poplar Heights - 145.0 Fox Mill Estates
Poplar Tree,Week4,Kent Gardens,Week5,209.0 Kent Gardens - 193.0 Poplar Tree
Poplar Heights,Week1,Dunn Loring,Week2,276.0 Dunn Loring - 126.0 Poplar Heights
Poplar Heights,Week5,Fox Mill Estates,Week5,258.0 Poplar Heights - 144.0 Fox Mill Estates
Poplar Heights,Week2,Fox Mill Woods,Week5,226.0 Fox Mill Woods - 176.0 Poplar Heights
Poplar Heights,Week3,Sully Station II,Week3,254.0 Sully Station II - 148.0 Poplar Heights
Poplar Heights,Week5,Dowden Terrace,Week4,229.0 Poplar Heights - 173.0 Dowden Terrace
Pleasant Valley,Week2,Vienna Aquatic,Week3,361.0 Vienna Aquatic - 41.0 Pleasant Valley
Poplar Heights,Week5,Lee Graham,Week2,251.0 Lee Graham - 151.0 Poplar Heights
Poplar Heights,Week2,Hunt Valley,Week3,273.0 Hunt Valley - 129.0 Poplar Heights
Pleasant Valley,Week3,Vienna Aquatic,Week2,322.0 Vienna Aquatic - 80.0 Pleasant Valley
Poplar Tree,Week2,Kent Gardens,Week5,204.0 Poplar Tree - 198.0 Kent Gardens
Poplar Heights,Week5,Fox Mill Estates,Week3,253.0 Poplar Heights - 149.0 Fox Mill Estates
Poplar Heights,Week5,Burke Station,Week3,289.0 Poplar Heights - 104.0 Burke Station
Poplar Heights,Week5,Fox Mill Estates,Week2,264.5 Poplar Heights - 137.5 Fox Mill Estates
Poplar Heights,Week1,Lincolnia Park,Week3,303.5 Poplar Heights - 85.5 Lincolnia Park
Poplar Heights,Week1,Sully Station II,Week5,268.0 Sully Station II - 134.0 Poplar Heights
Poplar Heights,Week2,Dunn Loring,Week3,255.0 Dunn Loring - 147.0 Poplar Heights
Poplar Heights,Week5,Lee Graham,Week3,257.5 Lee Graham - 144.5 Poplar Heights
Poplar Heights,Week3,Burke Station,Week1,270.0 Poplar Heights - 109.0 Burke Station
Poplar Heights,Week3,Holmes Run Acres,Week4,239.0 Poplar Heights - 163.0 Holmes Run Acres
Poplar Tree,Week1,Kent Gardens,Week3,239.0 Poplar Tree - 163.0 Kent Gardens
Pleasant Valley,Week1,Vienna Aquatic,Week5,349.0 Vienna Aquatic - 52.0 Pleasant Valley
Poplar Heights,Week1,Lincolnia Park,Week5,320.0 Poplar Heights - 69.0 Lincolnia Park
Poplar Heights,Week1,Truro,Week4,246.0 Poplar Heights - 156.0 Truro
Poplar Heights,Week3,Hunt Valley,Week3,278.0 Hunt Valley - 124.0 Poplar Heights
Poplar Heights,Week4,Dowden Terrace,Week4,228.0 Poplar Heights - 174.0 Dowden Terrace
Poplar Heights,Week1,Dunn Loring,Week3,284.0 Dunn Loring - 118.0 Poplar Heights
Pleasant Valley,Week5,Tuckahoe,Week3,373.0 Tuckahoe - 29.0 Pleasant Valley
Pleasant Valley,Week2,Vienna Aquatic,Week1,343.0 Vienna Aquatic - 59.0 Pleasant Valley
Poplar Tree,Week2,Kent Gardens,Week4,229.0 Poplar Tree - 173.0 Kent Gardens
Poplar Heights,Week3,Dowden Terrace,Week1,229.0 Poplar Heights - 173.0 Dowden Terrace
Poplar Heights,Week2,Fox Mill Woods,Week3,221.5 Fox Mill Woods - 180.5 Poplar Heights
Poplar Heights,Week1,Lincolnia Park,Week4,343.0 Poplar Heights - 58.0 Lincolnia Park
Poplar Heights,Week2,Truro,Week1,280.5 Poplar Heights - 121.5 Truro
Pleasant Valley,Week2,Vienna Aquatic,Week5,353.0 Vienna Aquatic - 48.0 Pleasant Valley
Poplar Heights,Week3,Hunt Valley,Week2,242.0 Hunt Valley - 160.0 Poplar Heights
Poplar Tree,Week4,Kent Gardens,Week4,216.0 Poplar Tree - 186.0 Kent Gardens
Poplar Heights,Week1,Burke Station,Week2,290.0 Poplar Heights - 110.0 Burke Station
Poplar Heights,Week1,Burke Station,Week1,268.0 Poplar Heights - 110.0 Burke Station
Poplar Tree,Week4,Kent Gardens,Week2,228.0 Poplar Tree - 174.0 Kent Gardens
Poplar Heights,Week1,Truro,Week5,260.0 Poplar Heights - 141.0 Truro
Poplar Heights,Week1,Hunt Valley,Week2,256.0 Hunt Valley - 146.0 Poplar Heights
Poplar Heights,Week2,Sully Station II,Week1,228.0 Sully Station II - 174.0 Poplar Heights
Poplar Heights,Week1,Burke Station,Week3,270.0 Poplar Heights - 122.0 Burke Station
Poplar Heights,Week1,Fox Mill Woods,Week5,246.0 Fox Mill Woods - 156.0 Poplar Heights
Poplar Heights,Week1,Hunter Mill,Week5,248.0 Hunter Mill - 154.0 Poplar Heights
Poplar Heights,Week3,Hunt Valley,Week5,274.0 Hunt Valley - 128.0 Poplar Heights
Poplar Heights,Week4,Burke Station,Week3,277.0 Poplar Heights - 119.0 Burke Station
Poplar Heights,Week3,Dunn Loring,Week3,265.0 Dunn Loring - 137.0 Poplar Heights
Poplar Heights,Week3,Dunn Loring,Week5,248.0 Dunn Loring - 154.0 Poplar Heights
Pleasant Valley,Week1,Vienna Aquatic,Week3,346.0 Vienna Aquatic - 56.0 Pleasant Valley
Poplar Heights,Week2,Truro,Week3,288.0 Poplar Heights - 114.0 Truro
Poplar Heights,Week2,Truro,Week2,304.0 Poplar Heights - 94.0 Truro
Poplar Tree,Week3,Kent Gardens,Week1,221.0 Poplar Tree - 181.0 Kent Gardens
Poplar Heights,Week3,Fox Mill Woods,Week2,219.0 Fox Mill Woods - 183.0 Poplar Heights
Poplar Heights,Week2,Hunter Mill,Week5,227.0 Hunter Mill - 175.0 Poplar Heights
Poplar Heights,Week2,Lincolnia Park,Week4,346.0 Poplar Heights - 54.0 Lincolnia Park
Poplar Tree,Week5,Kent Gardens,Week3,257.0 Poplar Tree - 145.0 Kent Gardens
Poplar Heights,Week2,Fox Mill Woods,Week2,221.0 Fox Mill Woods - 181.0 Poplar Heights
Poplar Heights,Week2,Burke Station,Week5,268.0 Poplar Heights - 133.0 Burke Station
Poplar Heights,Week3,Dunn Loring,Week4,250.0 Dunn Loring - 152.0 Poplar Heights
Pleasant Valley,Week2,Vienna Aquatic,Week4,351.0 Vienna Aquatic - 51.0 Pleasant Valley
Poplar Heights,Week4,Lee Graham,Week3,263.5 Lee Graham - 138.5 Poplar Heights
Poplar Heights,Week5,Lee Graham,Week4,256.0 Lee Graham - 146.0 Poplar Heights
Poplar Heights,Week2,Burke Station,Week2,307.0 Poplar Heights - 93.0 Burke Station
Pleasant Valley,Week3,Vienna Aquatic,Week3,341.0 Vienna Aquatic - 61.0 Pleasant Valley
Poplar Heights,Week4,Dunn Loring,Week1,220.0 Dunn Loring - 182.0 Poplar Heights
Poplar Heights,Week2,Lincolnia Park,Week1,337.0 Poplar Heights - 60.0 Lincolnia Park
Poplar Heights,Week5,Broyhill Crest,Week5,362.0 Poplar Heights - 39.0 Broyhill Crest
Poplar Heights,Week3,Tuckahoe,Week2,314.0 Tuckahoe - 88.0 Poplar Heights
Poplar Tree,Week2,Kent Gardens,Week1,223.0 Poplar Tree - 179.0 Kent Gardens
Poplar Heights,Week1,Fair Oaks ,Week1,205.0 Fair Oaks - 197.0 Poplar Heights
Poplar Heights,Week3,Fair Oaks ,Week4,210.5 Poplar Heights - 191.5 Fair Oaks
Poplar Heights,Week3,Hunter Mill,Week3,206.0 Hunter Mill - 196.0 Poplar Heights
Poplar Heights,Week5,Hunt Valley,Week4,243.5 Hunt Valley - 158.5 Poplar Heights
Poplar Heights,Week2,Tuckahoe,Week5,314.0 Tuckahoe - 88.0 Poplar Heights
Poplar Heights,Week1,Fair Oaks ,Week3,228.0 Fair Oaks - 174.0 Poplar Heights
Poplar Tree,Week5,Kent Gardens,Week2,253.0 Poplar Tree - 149.0 Kent Gardens
Poplar Heights,Week1,Lincolnia Park,Week2,331.0 Poplar Heights - 61.0 Lincolnia Park
Poplar Heights,Week2,Hunter Mill,Week2,202.0 Hunter Mill - 200.0 Poplar Heights
Poplar Heights,Week2,Lincolnia Park,Week2,332.0 Poplar Heights - 60.0 Lincolnia Park
Poplar Heights,Week5,Fox Mill Estates,Week1,287.0 Poplar Heights - 115.0 Fox Mill Estates
Poplar Heights,Week1,Lincolnia Park,Week1,330.0 Poplar Heights - 68.0 Lincolnia Park
Poplar Heights,Week4,Burke Station,Week5,270.0 Poplar Heights - 132.0 Burke Station
Pleasant Valley,Week5,Tuckahoe,Week2,368.0 Tuckahoe - 34.0 Pleasant Valley
Poplar Tree,Week1,Kings Ridge ,Week1,313.0 Poplar Tree - 89.0 Kings Ridge
Poplar Heights,Week4,Fox Mill Estates,Week5,255.0 Poplar Heights - 147.0 Fox Mill Estates
Poplar Heights,Week3,Burke Station,Week5,273.0 Poplar Heights - 129.0 Burke Station
Poplar Heights,Week2,Truro,Week4,262.0 Poplar Heights - 140.0 Truro
Pleasant Valley,Week4,Vienna Aquatic,Week4,345.0 Vienna Aquatic - 50.0 Pleasant Valley
Pleasant Valley,Week3,Vienna Aquatic,Week4,331.0 Vienna Aquatic - 71.0 Pleasant Valley
Poplar Heights,Week2,Tuckahoe,Week3,342.5 Tuckahoe - 59.5 Poplar Heights
Poplar Tree,Week3,Kent Gardens,Week3,235.0 Poplar Tree - 167.0 Kent Gardens
Poplar Heights,Week4,Fox Mill Estates,Week4,240.0 Poplar Heights - 162.0 Fox Mill Estates
Poplar Heights,Week4,Fox Mill Woods,Week2,234.0 Fox Mill Woods - 168.0 Poplar Heights
Poplar Tree,Week2,Kings Ridge ,Week2,286.0 Poplar Tree - 116.0 Kings Ridge
Poplar Heights,Week4,Hunter Mill,Week2,212.0 Hunter Mill - 190.0 Poplar Heights
Poplar Heights,Week3,Fair Oaks ,Week1,205.0 Poplar Heights - 197.0 Fair Oaks
Poplar Heights,Week1,Fox Mill Woods,Week3,222.0 Fox Mill Woods - 180.0 Poplar Heights
Poplar Tree,Week2,Kings Ridge ,Week3,284.0 Poplar Tree - 118.0 Kings Ridge
Poplar Heights,Week3,Lincolnia Park,Week4,342.0 Poplar Heights - 60.0 Lincolnia Park
Pleasant Valley,Week5,Vienna Aquatic,Week1,333.0 Vienna Aquatic - 69.0 Pleasant Valley
Pleasant Valley,Week4,Vienna Aquatic,Week2,337.5 Vienna Aquatic - 64.5 Pleasant Valley
Poplar Heights,Week3,Tuckahoe,Week5,313.0 Tuckahoe - 89.0 Poplar Heights
Poplar Heights,Week5,Fox Mill Estates,Week4,247.0 Poplar Heights - 155.0 Fox Mill Estates
Poplar Tree,Week1,Kings Ridge ,Week5,282.0 Poplar Tree - 120.0 Kings Ridge
Poplar Heights,Week1,Burke Station,Week5,253.0 Poplar Heights - 148.0 Burke Station
Poplar Heights,Week1,Hunter Mill,Week4,248.0 Hunter Mill - 154.0 Poplar Heights
Poplar Heights,Week1,Tuckahoe,Week3,335.0 Tuckahoe - 67.0 Poplar Heights
Poplar Heights,Week2,Lincolnia Park,Week5,313.0 Poplar Heights - 76.0 Lincolnia Park
Pleasant Valley,Week5,Vienna Aquatic,Week3,348.0 Vienna Aquatic - 54.0 Pleasant Valley
Poplar Heights,Week3,Lincolnia Park,Week2,336.0 Poplar Heights - 57.0 Lincolnia Park
Poplar Heights,Week4,Hunt Valley,Week4,262.0 Hunt Valley - 140.0 Poplar Heights
Poplar Heights,Week1,Fair Oaks ,Week5,228.0 Fair Oaks - 174.0 Poplar Heights
Poplar Heights,Week3,Truro,Week3,299.0 Poplar Heights - 103.0 Truro
Poplar Heights,Week2,Fair Oaks ,Week1,202.0 Poplar Heights - 200.0 Fair Oaks
Poplar Heights,Week2,Fair Oaks ,Week2,235.5 Poplar Heights - 166.5 Fair Oaks
Poplar Heights,Week2,Burke Station,Week1,266.0 Poplar Heights - 112.0 Burke Station
Poplar Heights,Week4,Fox Mill Woods,Week4,238.5 Fox Mill Woods - 163.5 Poplar Heights
Poplar Heights,Week1,Hunter Mill,Week3,233.0 Hunter Mill - 169.0 Poplar Heights
Poplar Heights,Week3,Lincolnia Park,Week1,346.0 Poplar Heights - 56.0 Lincolnia Park
Poplar Heights,Week1,Tuckahoe,Week1,314.0 Tuckahoe - 88.0 Poplar Heights
Poplar Heights,Week3,Fox Mill Woods,Week1,236.0 Fox Mill Woods - 166.0 Poplar Heights
Poplar Heights,Week3,Lincolnia Park,Week3,315.5 Poplar Heights - 77.5 Lincolnia Park
Poplar Heights,Week1,Burke Station,Week4,301.0 Poplar Heights - 100.0 Burke Station
Poplar Tree,Week1,Kings Ridge ,Week3,292.5 Poplar Tree - 108.5 Kings Ridge
Poplar Heights,Week1,Fair Oaks ,Week2,228.0 Poplar Heights - 174.0 Fair Oaks
Poplar Heights,Week4,Dunn Loring,Week5,256.0 Dunn Loring - 146.0 Poplar Heights
Poplar Heights,Week3,Tuckahoe,Week3,337.5 Tuckahoe - 64.5 Poplar Heights
Poplar Heights,Week2,Burke Station,Week4,306.0 Poplar Heights - 95.0 Burke Station
Poplar Heights,Week2,Fox Mill Woods,Week4,221.0 Fox Mill Woods - 181.0 Poplar Heights
Poplar Heights,Week5,Lee Graham,Week1,246.0 Lee Graham - 156.0 Poplar Heights
Poplar Heights,Week2,Fox Mill Woods,Week1,227.0 Fox Mill Woods - 175.0 Poplar Heights
Pleasant Valley,Week1,Vienna Woods,Week3,369.0 Vienna Woods - 32.0 Pleasant Valley
Poplar Heights,Week3,Burke Station,Week3,284.0 Poplar Heights - 113.0 Burke Station
Poplar Heights,Week1,Hunter Mill,Week1,230.0 Hunter Mill - 172.0 Poplar Heights
Poplar Heights,Week4,Hunter Mill,Week5,218.0 Hunter Mill - 184.0 Poplar Heights
Pleasant Valley,Week5,Vienna Aquatic,Week4,332.0 Vienna Aquatic - 64.0 Pleasant Valley
Pleasant Valley,Week1,Vienna Woods,Week1,371.0 Vienna Woods - 26.0 Pleasant Valley
Poplar Tree,Week2,Kings Ridge ,Week4,274.0 Poplar Tree - 128.0 Kings Ridge
Poplar Heights,Week5,Truro,Week5,282.0 Poplar Heights - 119.0 Truro
Poplar Heights,Week4,Burke Station,Week1,261.0 Poplar Heights - 117.0 Burke Station
Poplar Tree,Week2,Kings Ridge ,Week5,271.0 Poplar Tree - 130.0 Kings Ridge
Poplar Heights,Week1,Hunter Mill,Week2,222.0 Hunter Mill - 180.0 Poplar Heights
Poplar Heights,Week4,Burke Station,Week2,297.0 Poplar Heights - 104.0 Burke Station
Poplar Heights,Week4,Truro,Week1,284.0 Poplar Heights - 118.0 Truro
Poplar Heights,Week4,Truro,Week2,292.0 Poplar Heights - 108.0 Truro
Pleasant Valley,Week2,Vienna Woods,Week1,372.0 Vienna Woods - 25.0 Pleasant Valley
Poplar Tree,Week2,Lake Braddock,Week3,293.0 Poplar Tree - 109.0 Lake Braddock
Pleasant Valley,Week4,Vienna Aquatic,Week1,347.0 Vienna Aquatic - 55.0 Pleasant Valley
Poplar Heights,Week2,Great Falls,Week5,207.0 Poplar Heights - 195.0 Great Falls
Pleasant Valley,Week2,Vienna Woods,Week3,375.0 Vienna Woods - 26.0 Pleasant Valley
Poplar Heights,Week2,Fair Oaks ,Week3,209.0 Fair Oaks - 193.0 Poplar Heights
Poplar Heights,Week5,Lee Graham,Week5,253.0 Lee Graham - 149.0 Poplar Heights
Poplar Heights,Week5,Hunter Mill,Week2,203.0 Poplar Heights - 199.0 Hunter Mill
Poplar Heights,Week4,Lee Graham,Week4,248.0 Lee Graham - 154.0 Poplar Heights
Poplar Heights,Week5,Burke Station,Week2,305.0 Poplar Heights - 96.0 Burke Station
Poplar Heights,Week5,Fox Mill Woods,Week2,207.0 Fox Mill Woods - 195.0 Poplar Heights
Poplar Heights,Week2,Fair Oaks ,Week5,216.0 Fair Oaks - 186.0 Poplar Heights
Poplar Heights,Week2,Hunter Mill,Week4,222.0 Hunter Mill - 180.0 Poplar Heights
Poplar Tree,Week2,Lake Braddock,Week5,283.0 Poplar Tree - 119.0 Lake Braddock
Poplar Tree,Week1,Lake Braddock,Week3,297.0 Poplar Tree - 105.0 Lake Braddock
Poplar Heights,Week3,Truro,Week5,271.0 Poplar Heights - 131.0 Truro
Poplar Heights,Week4,Lincolnia Park,Week3,310.0 Poplar Heights - 82.0 Lincolnia Park
Poplar Heights,Week4,Burke Station,Week4,304.0 Poplar Heights - 98.0 Burke Station
Poplar Heights,Week4,Lincolnia Park,Week4,332.0 Poplar Heights - 70.0 Lincolnia Park
Poplar Heights,Week1,Fairfax,Week1,247.0 Fairfax - 155.0 Poplar Heights
Poplar Heights,Week5,Dunn Loring,Week4,253.0 Dunn Loring - 149.0 Poplar Heights
Poplar Heights,Week5,Burke Station,Week5,277.0 Poplar Heights - 124.0 Burke Station
Poplar Heights,Week5,Hunter Mill,Week4,214.0 Hunter Mill - 188.0 Poplar Heights
Poplar Heights,Week3,Great Falls,Week2,219.0 Poplar Heights - 165.0 Great Falls
Pleasant Valley,Week1,Vienna Woods,Week5,377.0 Vienna Woods - 24.0 Pleasant Valley
Poplar Heights,Week5,Great Falls,Week3,215.0 Poplar Heights - 187.0 Great Falls
Poplar Heights,Week5,Truro,Week1,290.0 Poplar Heights - 112.0 Truro
Poplar Heights,Week5,Truro,Week4,276.0 Poplar Heights - 126.0 Truro
Poplar Heights,Week5,Fox Mill Woods,Week3,210.0 Fox Mill Woods - 192.0 Poplar Heights
Poplar Tree,Week4,Kings Ridge ,Week3,279.0 Poplar Tree - 122.0 Kings Ridge
Poplar Heights,Week2,Little Hunting Park,Week1,291.0 Poplar Heights - 110.0 Little Hunting Park
Poplar Heights,Week1,Camelot,Week4,243.0 Poplar Heights - 159.0 Camelot
Poplar Heights,Week5,Truro,Week2,304.0 Poplar Heights - 94.0 Truro
Poplar Heights,Week1,Camelot,Week5,240.0 Poplar Heights - 162.0 Camelot
Poplar Heights,Week5,Fox Mill Woods,Week1,226.0 Fox Mill Woods - 176.0 Poplar Heights
Poplar Heights,Week1,Fair Oaks ,Week4,212.0 Poplar Heights - 190.0 Fair Oaks
Poplar Heights,Week5,Hunt Valley,Week1,233.0 Hunt Valley - 169.0 Poplar Heights
Poplar Tree,Week5,Kings Ridge ,Week4,311.0 Poplar Tree - 91.0 Kings Ridge
Poplar Tree,Week1,Lake Braddock,Week2,302.0 Poplar Tree - 100.0 Lake Braddock
Poplar Heights,Week3,Hunter Mill,Week5,218.0 Hunter Mill - 184.0 Poplar Heights
Poplar Heights,Week2,Hunter Mill,Week3,209.0 Hunter Mill - 193.0 Poplar Heights
Pleasant Valley,Week4,Vienna Aquatic,Week3,354.0 Vienna Aquatic - 48.0 Pleasant Valley
Poplar Heights,Week4,Lincolnia Park,Week5,305.0 Poplar Heights - 87.0 Lincolnia Park
Poplar Heights,Week1,Camelot,Week2,236.0 Poplar Heights - 166.0 Camelot
Pleasant Valley,Week4,Vienna Aquatic,Week5,356.0 Vienna Aquatic - 40.0 Pleasant Valley
Poplar Heights,Week5,Dunn Loring,Week3,272.0 Dunn Loring - 130.0 Poplar Heights
Pleasant Valley,Week5,Vienna Aquatic,Week5,342.0 Vienna Aquatic - 59.0 Pleasant Valley
Poplar Tree,Week5,Kings Ridge ,Week2,309.0 Poplar Tree - 92.0 Kings Ridge
Pleasant Valley,Week2,Vienna Woods,Week2,374.0 Vienna Woods - 24.0 Pleasant Valley
Poplar Heights,Week5,Fox Mill Woods,Week4,220.0 Fox Mill Woods - 182.0 Poplar Heights
Poplar Heights,Week3,Truro,Week1,286.0 Poplar Heights - 116.0 Truro
Pleasant Valley,Week5,Vienna Aquatic,Week2,333.0 Vienna Aquatic - 69.0 Pleasant Valley
Poplar Heights,Week5,Lincolnia Park,Week2,333.0 Poplar Heights - 59.0 Lincolnia Park
Poplar Heights,Week2,Tuckahoe,Week2,312.0 Tuckahoe - 90.0 Poplar Heights
Poplar Heights,Week2,Fairfax,Week3,247.0 Fairfax - 155.0 Poplar Heights
Poplar Heights,Week1,Great Falls,Week4,222.0 Poplar Heights - 176.0 Great Falls
Poplar Heights,Week3,Fair Oaks ,Week2,239.0 Poplar Heights - 163.0 Fair Oaks
Poplar Tree,Week3,Kings Ridge ,Week4,291.0 Poplar Tree - 111.0 Kings Ridge
Poplar Heights,Week1,Tuckahoe,Week4,335.0 Tuckahoe - 67.0 Poplar Heights
Poplar Heights,Week2,Canterbury Woods,Week2,272.0 Poplar Heights - 130.0 Canterbury Woods
Poplar Heights,Week3,Great Falls,Week5,229.0 Poplar Heights - 173.0 Great Falls
Poplar Heights,Week4,Hunter Mill,Week3,211.0 Hunter Mill - 191.0 Poplar Heights
Poplar Heights,Week5,Lincolnia Park,Week3,317.0 Poplar Heights - 72.0 Lincolnia Park
Pleasant Valley,Week1,Old Keene Mill,Week3,239.0 Old Keene Mill - 163.0 Pleasant Valley
Poplar Heights,Week1,Little Hunting Park,Week2,274.0 Poplar Heights - 128.0 Little Hunting Park
Poplar Heights,Week3,Great Falls,Week4,244.0 Poplar Heights - 158.0 Great Falls
Poplar Heights,Week4,Truro,Week3,289.5 Poplar Heights - 112.5 Truro
Poplar Heights,Week2,Camelot,Week1,258.0 Poplar Heights - 143.0 Camelot
Pleasant Valley,Week1,Vienna Woods,Week2,369.0 Vienna Woods - 29.0 Pleasant Valley
Poplar Heights,Week3,Truro,Week4,274.0 Poplar Heights - 128.0 Truro
Pleasant Valley,Week2,Vienna Woods,Week4,364.0 Vienna Woods - 37.0 Pleasant Valley
Pleasant Valley,Week3,Old Keene Mill,Week1,213.0 Old Keene Mill - 189.0 Pleasant Valley
Pleasant Valley,Week1,Old Keene Mill,Week5,251.0 Old Keene Mill - 145.0 Pleasant Valley
Poplar Heights,Week3,Camelot,Week2,247.0 Poplar Heights - 155.0 Camelot
Pleasant Valley,Week1,Old Keene Mill,Week1,239.0 Old Keene Mill - 162.0 Pleasant Valley
Poplar Heights,Week3,Great Falls,Week1,247.0 Poplar Heights - 155.0 Great Falls
Poplar Tree,Week1,Lake Braddock,Week1,316.5 Poplar Tree - 85.5 Lake Braddock
Poplar Heights,Week4,Hunter Mill,Week4,220.0 Hunter Mill - 182.0 Poplar Heights
Poplar Heights,Week3,Fair Oaks ,Week3,207.0 Fair Oaks - 195.0 Poplar Heights
Poplar Heights,Week2,Canterbury Woods,Week1,274.0 Poplar Heights - 128.0 Canterbury Woods
Poplar Tree,Week2,Lake Braddock,Week2,294.0 Poplar Tree - 108.0 Lake Braddock
Poplar Heights,Week5,Hunt Valley,Week2,224.0 Hunt Valley - 178.0 Poplar Heights
Poplar Heights,Week1,Little Hunting Park,Week3,282.0 Poplar Heights - 120.0 Little Hunting Park
Poplar Heights,Week4,Dunn Loring,Week4,259.0 Dunn Loring - 143.0 Poplar Heights
Poplar Heights,Week4,Little Hunting Park,Week3,285.0 Poplar Heights - 117.0 Little Hunting Park
Poplar Heights,Week4,Great Falls,Week1,242.0 Poplar Heights - 160.0 Great Falls
Poplar Tree,Week3,Kings Ridge ,Week2,299.0 Poplar Tree - 103.0 Kings Ridge
Poplar Heights,Week5,Camelot,Week4,256.0 Poplar Heights - 146.0 Camelot
Poplar Heights,Week5,Hunter Mill,Week5,231.0 Hunter Mill - 171.0 Poplar Heights
Pleasant Valley,Week1,Vienna Woods,Week4,361.0 Vienna Woods - 40.0 Pleasant Valley
Poplar Heights,Week4,Truro,Week4,274.0 Poplar Heights - 128.0 Truro
Poplar Heights,Week5,Lincolnia Park,Week4,337.5 Poplar Heights - 58.5 Lincolnia Park
Poplar Heights,Week4,Hunt Valley,Week5,268.0 Hunt Valley - 134.0 Poplar Heights
Poplar Tree,Week3,Kings Ridge ,Week1,312.0 Poplar Tree - 90.0 Kings Ridge
Poplar Heights,Week3,Hunter Mill,Week1,219.0 Hunter Mill - 183.0 Poplar Heights
Poplar Heights,Week3,Fairfax,Week2,245.5 Fairfax - 156.5 Poplar Heights
Poplar Heights,Week2,Fairfax,Week5,262.0 Fairfax - 140.0 Poplar Heights
Poplar Heights,Week5,Hunt Valley,Week5,263.0 Hunt Valley - 139.0 Poplar Heights
Poplar Heights,Week3,Truro,Week2,304.0 Poplar Heights - 97.0 Truro
Poplar Heights,Week5,Camelot,Week3,261.0 Poplar Heights - 141.0 Camelot
Poplar Heights,Week5,Camelot,Week2,250.0 Poplar Heights - 152.0 Camelot
Poplar Heights,Week5,Lincolnia Park,Week5,314.0 Poplar Heights - 75.0 Lincolnia Park
Pleasant Valley,Week1,Villa Aquatic,Week5,318.0 Villa Aquatic - 84.0 Pleasant Valley
Pleasant Valley,Week5,Vienna Woods,Week5,367.0 Vienna Woods - 35.0 Pleasant Valley
Poplar Tree,Week3,Kings Ridge ,Week5,283.5 Poplar Tree - 118.5 Kings Ridge
Poplar Heights,Week1,Little Rocky Run,Week2,232.0 Little Rocky Run - 170.0 Poplar Heights
Poplar Heights,Week4,Truro,Week5,272.0 Poplar Heights - 130.0 Truro
Poplar Heights,Week5,Dunn Loring,Week2,252.0 Dunn Loring - 150.0 Poplar Heights
Poplar Tree,Week4,Lake Braddock,Week1,304.0 Poplar Tree - 98.0 Lake Braddock
Poplar Heights,Week4,Great Falls,Week2,232.0 Poplar Heights - 152.0 Great Falls
Poplar Heights,Week4,Camelot,Week5,252.0 Poplar Heights - 150.0 Camelot
Poplar Tree,Week5,Lake Braddock,Week5,314.0 Poplar Tree - 87.0 Lake Braddock
Pleasant Valley,Week4,Old Keene Mill,Week2,251.0 Old Keene Mill - 151.0 Pleasant Valley
Poplar Heights,Week2,Great Falls,Week2,235.0 Poplar Heights - 149.0 Great Falls
Poplar Heights,Week4,Fair Oaks ,Week3,204.0 Fair Oaks - 198.0 Poplar Heights
Pleasant Valley,Week3,Vienna Woods,Week1,355.0 Vienna Woods - 47.0 Pleasant Valley
Pleasant Valley,Week3,Old Keene Mill,Week5,235.0 Old Keene Mill - 166.0 Pleasant Valley
Poplar Heights,Week4,Hunt Valley,Week3,267.0 Hunt Valley - 135.0 Poplar Heights
Pleasant Valley,Week3,Vienna Woods,Week3,366.0 Vienna Woods - 36.0 Pleasant Valley
Poplar Heights,Week1,Tuckahoe,Week5,319.0 Tuckahoe - 83.0 Poplar Heights
Pleasant Valley,Week5,Old Keene Mill,Week3,236.0 Old Keene Mill - 165.0 Pleasant Valley
Pleasant Valley,Week5,Old Keene Mill,Week1,233.0 Old Keene Mill - 168.0 Pleasant Valley
Poplar Heights,Week5,Truro,Week3,300.0 Poplar Heights - 102.0 Truro
Pleasant Valley,Week2,Villa Aquatic,Week1,293.0 Villa Aquatic - 109.0 Pleasant Valley
Poplar Heights,Week3,Lincolnia Park,Week5,312.0 Poplar Heights - 81.0 Lincolnia Park
Poplar Heights,Week2,Great Falls,Week3,215.5 Poplar Heights - 186.5 Great Falls
Poplar Heights,Week5,Dunn Loring,Week5,259.5 Dunn Loring - 142.5 Poplar Heights
Poplar Heights,Week5,Lincolnia Park,Week1,342.0 Poplar Heights - 56.0 Lincolnia Park
Poplar Heights,Week4,Lincolnia Park,Week1,339.0 Poplar Heights - 62.0 Lincolnia Park
Poplar Heights,Week3,Hunter Mill,Week2,214.0 Hunter Mill - 188.0 Poplar Heights
Poplar Heights,Week5,Dunn Loring,Week1,226.0 Dunn Loring - 176.0 Poplar Heights
Poplar Heights,Week3,Canterbury Woods,Week1,275.5 Poplar Heights - 126.5 Canterbury Woods
Poplar Heights,Week3,Great Falls,Week3,216.0 Poplar Heights - 186.0 Great Falls
Poplar Heights,Week5,Hunt Valley,Week3,257.0 Hunt Valley - 145.0 Poplar Heights
Poplar Heights,Week2,Tuckahoe,Week1,313.0 Tuckahoe - 89.0 Poplar Heights
Poplar Heights,Week3,Camelot,Week1,251.0 Poplar Heights - 151.0 Camelot
Poplar Heights,Week2,Hunter Mill,Week1,213.0 Hunter Mill - 189.0 Poplar Heights
Poplar Tree,Week5,Kings Ridge ,Week3,313.0 Poplar Tree - 88.0 Kings Ridge
Poplar Heights,Week4,Great Falls,Week4,259.0 Poplar Heights - 142.0 Great Falls
Pleasant Valley,Week2,Villa Aquatic,Week2,296.0 Villa Aquatic - 106.0 Pleasant Valley
Poplar Heights,Week1,Canterbury Woods,Week1,276.0 Poplar Heights - 126.0 Canterbury Woods
Poplar Tree,Week2,Lake Braddock,Week4,296.0 Poplar Tree - 106.0 Lake Braddock
Poplar Heights,Week3,Fair Oaks ,Week5,226.5 Fair Oaks - 175.5 Poplar Heights
Poplar Heights,Week1,Little Hunting Park,Week4,269.5 Poplar Heights - 132.5 Little Hunting Park
Poplar Heights,Week1,Tuckahoe,Week2,317.5 Tuckahoe - 84.5 Poplar Heights
Pleasant Valley,Week5,Oakton ,Week5,349.0 Oakton - 53.0 Pleasant Valley
Poplar Tree,Week2,Lake Braddock,Week1,297.0 Poplar Tree - 100.0 Lake Braddock
Poplar Heights,Week3,Camelot,Week3,267.0 Poplar Heights - 135.0 Camelot
Poplar Tree,Week4,Kings Ridge ,Week1,290.0 Poplar Tree - 112.0 Kings Ridge
Poplar Heights,Week1,Great Falls,Week1,224.0 Poplar Heights - 178.0 Great Falls
Poplar Heights,Week3,Hunter Mill,Week4,219.0 Hunter Mill - 183.0 Poplar Heights
Poplar Heights,Week4,Dunn Loring,Week3,262.0 Dunn Loring - 140.0 Poplar Heights
Poplar Tree,Week4,Kings Ridge ,Week4,269.0 Poplar Tree - 133.0 Kings Ridge
Poplar Heights,Week5,Great Falls,Week1,246.0 Poplar Heights - 156.0 Great Falls
Poplar Heights,Week1,Canterbury Woods,Week3,252.0 Poplar Heights - 150.0 Canterbury Woods
Pleasant Valley,Week1,Old Keene Mill,Week2,244.0 Old Keene Mill - 158.0 Pleasant Valley
Poplar Heights,Week5,Hunter Mill,Week3,211.0 Hunter Mill - 191.0 Poplar Heights
Poplar Heights,Week2,Camelot,Week4,253.0 Poplar Heights - 149.0 Camelot
Poplar Heights,Week2,Great Falls,Week1,243.0 Poplar Heights - 158.0 Great Falls
Poplar Heights,Week2,Little Hunting Park,Week2,287.0 Poplar Heights - 115.0 Little Hunting Park
Poplar Heights,Week1,Vienna Aquatic,Week4,273.0 Vienna Aquatic - 129.0 Poplar Heights
Poplar Heights,Week5,Fair Oaks ,Week1,214.0 Poplar Heights - 188.0 Fair Oaks
Pleasant Valley,Week4,Parliament,Week4,308.0 Parliament - 90.0 Pleasant Valley
Poplar Heights,Week4,Fair Oaks ,Week2,257.0 Poplar Heights - 145.0 Fair Oaks
Pleasant Valley,Week5,Old Keene Mill,Week4,230.0 Old Keene Mill - 169.0 Pleasant Valley
Poplar Heights,Week3,Camelot,Week5,263.0 Poplar Heights - 139.0 Camelot
Pleasant Valley,Week2,Old Keene Mill,Week2,244.0 Old Keene Mill - 158.0 Pleasant Valley
Poplar Heights,Week3,Little Hunting Park,Week3,285.0 Poplar Heights - 117.0 Little Hunting Park
Poplar Heights,Week3,Little Hunting Park,Week1,286.0 Poplar Heights - 116.0 Little Hunting Park
Poplar Heights,Week1,Kent Gardens,Week2,225.0 Poplar Heights - 176.0 Kent Gardens
Poplar Heights,Week1,Great Falls,Week3,205.0 Poplar Heights - 197.0 Great Falls
Pleasant Valley,Week4,Vienna Woods,Week1,363.0 Vienna Woods - 39.0 Pleasant Valley
Poplar Heights,Week4,Tuckahoe,Week1,311.0 Tuckahoe - 91.0 Poplar Heights
Poplar Heights,Week5,Camelot,Week1,255.0 Poplar Heights - 146.0 Camelot
Poplar Heights,Week4,Fair Oaks ,Week5,206.0 Fair Oaks - 196.0 Poplar Heights
Poplar Heights,Week5,Hunter Mill,Week1,203.0 Hunter Mill - 199.0 Poplar Heights
Pleasant Valley,Week3,Vienna Woods,Week5,371.0 Vienna Woods - 31.0 Pleasant Valley
Pleasant Valley,Week4,Vienna Woods,Week4,368.0 Vienna Woods - 33.0 Pleasant Valley
Poplar Heights,Week3,Tuckahoe,Week4,318.0 Tuckahoe - 84.0 Poplar Heights
Poplar Heights,Week5,Fox Mill Woods,Week5,236.0 Fox Mill Woods - 166.0 Poplar Heights
Poplar Heights,Week3,Tuckahoe,Week1,306.0 Tuckahoe - 96.0 Poplar Heights
Pleasant Valley,Week1,Old Keene Mill,Week4,230.0 Old Keene Mill - 172.0 Pleasant Valley
Poplar Tree,Week4,Kings Ridge ,Week5,280.0 Poplar Tree - 121.0 Kings Ridge
Poplar Heights,Week4,Fair Oaks ,Week4,224.0 Poplar Heights - 178.0 Fair Oaks
Poplar Heights,Week2,Fair Oaks ,Week4,216.0 Poplar Heights - 186.0 Fair Oaks
Poplar Heights,Week2,Tuckahoe,Week4,330.0 Tuckahoe - 72.0 Poplar Heights
Poplar Heights,Week4,Hunter Mill,Week1,216.0 Hunter Mill - 186.0 Poplar Heights
Poplar Heights,Week1,Little Hunting Park,Week5,267.0 Poplar Heights - 135.0 Little Hunting Park
Poplar Tree,Week4,Kings Ridge ,Week2,278.0 Poplar Tree - 123.0 Kings Ridge
Poplar Heights,Week5,Ilda Community,Week5,311.0 Poplar Heights - 91.0 Ilda Community
Poplar Heights,Week2,Little Hunting Park,Week5,262.0 Poplar Heights - 139.0 Little Hunting Park
Poplar Tree,Week3,Kings Ridge ,Week3,290.0 Poplar Tree - 111.0 Kings Ridge
Pleasant Valley,Week2,Old Keene Mill,Week3,240.0 Old Keene Mill - 162.0 Pleasant Valley
Poplar Heights,Week4,Great Falls,Week5,222.0 Poplar Heights - 180.0 Great Falls
Pleasant Valley,Week4,Vienna Woods,Week5,377.0 Vienna Woods - 24.0 Pleasant Valley
Pleasant Valley,Week4,Old Keene Mill,Week1,248.0 Old Keene Mill - 151.0 Pleasant Valley
Pleasant Valley,Week3,Vienna Woods,Week4,354.0 Vienna Woods - 48.0 Pleasant Valley
Pleasant Valley,Week2,Vienna Woods,Week5,378.0 Vienna Woods - 23.0 Pleasant Valley
Poplar Heights,Week2,Camelot,Week3,256.0 Poplar Heights - 146.0 Camelot
Poplar Heights,Week5,Tuckahoe,Week1,305.0 Tuckahoe - 97.0 Poplar Heights
Poplar Heights,Week5,Fair Oaks ,Week3,204.0 Fair Oaks - 198.0 Poplar Heights
Pleasant Valley,Week1,Villa Aquatic,Week2,295.0 Villa Aquatic - 107.0 Pleasant Valley
Pleasant Valley,Week2,Parliament,Week3,285.0 Parliament - 117.0 Pleasant Valley
Poplar Tree,Week5,Kings Ridge ,Week1,335.0 Poplar Tree - 67.0 Kings Ridge
Poplar Heights,Week3,Little Hunting Park,Week5,257.0 Poplar Heights - 145.0 Little Hunting Park
Poplar Heights,Week1,Great Falls,Week5,202.0 Great Falls - 200.0 Poplar Heights
Poplar Heights,Week3,Little Hunting Park,Week2,280.0 Poplar Heights - 122.0 Little Hunting Park
Poplar Tree,Week5,Kings Ridge ,Week5,310.0 Poplar Tree - 92.0 Kings Ridge
Poplar Heights,Week5,Fair Oaks ,Week4,227.5 Poplar Heights - 174.5 Fair Oaks
Pleasant Valley,Week3,Parliament,Week1,270.0 Parliament - 131.0 Pleasant Valley
Poplar Heights,Week2,Camelot,Week5,256.0 Poplar Heights - 146.0 Camelot
Poplar Heights,Week2,Ilda Community,Week5,300.0 Poplar Heights - 102.0 Ilda Community
Pleasant Valley,Week2,Old Keene Mill,Week5,254.0 Old Keene Mill - 142.0 Pleasant Valley
Poplar Heights,Week1,Kent Gardens,Week4,210.0 Poplar Heights - 192.0 Kent Gardens
Poplar Heights,Week3,Vienna Aquatic,Week3,281.0 Vienna Aquatic - 121.0 Poplar Heights
Poplar Heights,Week4,Camelot,Week2,245.0 Poplar Heights - 157.0 Camelot
Poplar Heights,Week5,Great Falls,Week2,225.0 Poplar Heights - 159.0 Great Falls
Pleasant Valley,Week3,Old Keene Mill,Week2,228.0 Old Keene Mill - 174.0 Pleasant Valley
Poplar Heights,Week3,Ilda Community,Week1,294.0 Poplar Heights - 108.0 Ilda Community
Poplar Heights,Week4,Vienna Aquatic,Week4,266.0 Vienna Aquatic - 136.0 Poplar Heights
Poplar Tree,Week3,Lake Braddock,Week2,307.0 Poplar Tree - 95.0 Lake Braddock
Poplar Heights,Week1,Ilda Community,Week4,263.0 Poplar Heights - 139.0 Ilda Community
Pleasant Valley,Week4,Vienna Woods,Week2,369.0 Vienna Woods - 29.0 Pleasant Valley
Pleasant Valley,Week4,Old Keene Mill,Week5,259.0 Old Keene Mill - 139.0 Pleasant Valley
Pleasant Valley,Week2,Pinecrest,Week5,361.0 Pinecrest - 37.0 Pleasant Valley
Poplar Heights,Week1,Canterbury Woods,Week2,267.0 Poplar Heights - 135.0 Canterbury Woods
Pleasant Valley,Week5,Vienna Woods,Week4,352.0 Vienna Woods - 50.0 Pleasant Valley
Poplar Heights,Week5,Fair Oaks ,Week5,210.0 Fair Oaks - 192.0 Poplar Heights
Poplar Heights,Week1,Great Falls,Week2,205.0 Poplar Heights - 179.0 Great Falls
Pleasant Valley,Week2,Old Keene Mill,Week4,244.0 Old Keene Mill - 158.0 Pleasant Valley
Poplar Heights,Week5,Fair Oaks ,Week2,251.0 Poplar Heights - 151.0 Fair Oaks
Poplar Heights,Week4,Tuckahoe,Week2,324.0 Tuckahoe - 78.0 Poplar Heights
Pleasant Valley,Week2,Pinecrest,Week3,370.0 Pinecrest - 32.0 Pleasant Valley
Poplar Heights,Week1,Fairfax,Week2,255.0 Fairfax - 147.0 Poplar Heights
Poplar Tree,Week1,Lake Braddock,Week4,310.0 Poplar Tree - 92.0 Lake Braddock
Poplar Heights,Week5,Great Falls,Week4,234.5 Poplar Heights - 163.5 Great Falls
Poplar Heights,Week4,Ilda Community,Week1,301.0 Poplar Heights - 101.0 Ilda Community
Poplar Heights,Week2,Vienna Aquatic,Week5,304.0 Vienna Aquatic - 98.0 Poplar Heights
Pleasant Valley,Week1,Parliament,Week4,284.0 Parliament - 118.0 Pleasant Valley
Poplar Heights,Week2,Great Falls,Week4,232.0 Poplar Heights - 166.0 Great Falls
Poplar Heights,Week1,Canterbury Woods,Week5,238.0 Poplar Heights - 163.0 Canterbury Woods
Poplar Heights,Week4,Lincolnia Park,Week2,328.0 Poplar Heights - 64.0 Lincolnia Park
Pleasant Valley,Week5,Vienna Woods,Week2,360.0 Vienna Woods - 41.0 Pleasant Valley
Poplar Tree,Week1,Lake Braddock,Week5,294.0 Poplar Tree - 108.0 Lake Braddock
Poplar Heights,Week4,Little Hunting Park,Week4,297.0 Poplar Heights - 105.0 Little Hunting Park
Poplar Heights,Week5,Little Hunting Park,Week1,294.5 Poplar Heights - 107.5 Little Hunting Park
Pleasant Valley,Week4,Old Keene Mill,Week3,245.0 Old Keene Mill - 156.0 Pleasant Valley
Poplar Heights,Week5,Tuckahoe,Week4,326.0 Tuckahoe - 76.0 Poplar Heights
Pleasant Valley,Week1,Villa Aquatic,Week1,300.0 Villa Aquatic - 102.0 Pleasant Valley
Poplar Heights,Week2,Little Hunting Park,Week4,287.0 Poplar Heights - 115.0 Little Hunting Park
Poplar Heights,Week1,Fairfax,Week4,249.0 Fairfax - 153.0 Poplar Heights
Poplar Heights,Week1,Fairfax,Week5,268.0 Fairfax - 134.0 Poplar Heights
Pleasant Valley,Week1,Pinecrest,Week1,341.0 Pinecrest - 61.0 Pleasant Valley
Pleasant Valley,Week1,Villa Aquatic,Week4,302.0 Villa Aquatic - 100.0 Pleasant Valley
Poplar Heights,Week2,Canterbury Woods,Week4,249.0 Poplar Heights - 153.0 Canterbury Woods
Poplar Heights,Week1,Fairfax,Week3,250.0 Fairfax - 152.0 Poplar Heights
Poplar Heights,Week4,Fair Oaks ,Week1,206.0 Poplar Heights - 196.0 Fair Oaks
Poplar Heights,Week1,Greenbriar,Week3,211.0 Poplar Heights - 191.0 Greenbriar
Poplar Heights,Week4,Tuckahoe,Week4,329.0 Tuckahoe - 73.0 Poplar Heights
Pleasant Valley,Week2,Parliament,Week1,296.0 Parliament - 104.0 Pleasant Valley
Poplar Heights,Week5,Little Hunting Park,Week2,291.0 Poplar Heights - 111.0 Little Hunting Park
Poplar Heights,Week4,Little Hunting Park,Week2,282.0 Poplar Heights - 120.0 Little Hunting Park
Pleasant Valley,Week1,Villa Aquatic,Week3,320.0 Villa Aquatic - 81.0 Pleasant Valley
Poplar Heights,Week3,Canterbury Woods,Week3,273.0 Poplar Heights - 129.0 Canterbury Woods
Pleasant Valley,Week4,Parliament,Week3,310.0 Parliament - 90.0 Pleasant Valley
Poplar Heights,Week5,Vienna Aquatic,Week4,261.0 Vienna Aquatic - 141.0 Poplar Heights
Poplar Tree,Week3,Lake Braddock,Week4,311.0 Poplar Tree - 91.0 Lake Braddock
Poplar Heights,Week1,Little Hunting Park,Week1,269.0 Poplar Heights - 132.0 Little Hunting Park
Poplar Heights,Week5,Great Falls,Week5,209.0 Poplar Heights - 193.0 Great Falls
Pleasant Valley,Week2,Old Keene Mill,Week1,229.0 Old Keene Mill - 172.0 Pleasant Valley
Poplar Heights,Week5,Tuckahoe,Week3,338.0 Tuckahoe - 64.0 Poplar Heights
Poplar Heights,Week1,Greenbriar,Week1,207.0 Poplar Heights - 195.0 Greenbriar
Pleasant Valley,Week5,Vienna Woods,Week1,358.0 Vienna Woods - 39.0 Pleasant Valley
Pleasant Valley,Week4,Old Keene Mill,Week4,240.0 Old Keene Mill - 161.0 Pleasant Valley
Poplar Heights,Week3,Ilda Community,Week3,297.0 Poplar Heights - 105.0 Ilda Community
Poplar Heights,Week4,Great Falls,Week3,233.0 Poplar Heights - 169.0 Great Falls
Poplar Tree,Week3,Lake Braddock,Week3,305.0 Poplar Tree - 97.0 Lake Braddock
Poplar Tree,Week4,Lake Braddock,Week3,285.0 Poplar Tree - 117.0 Lake Braddock
Poplar Heights,Week4,Camelot,Week1,253.0 Poplar Heights - 149.0 Camelot
Pleasant Valley,Week2,Parliament,Week4,290.0 Parliament - 112.0 Pleasant Valley
Poplar Tree,Week3,Lake Braddock,Week1,317.0 Poplar Tree - 85.0 Lake Braddock
Pleasant Valley,Week5,Oakton ,Week4,338.0 Oakton - 64.0 Pleasant Valley
Poplar Heights,Week4,Ilda Community,Week3,293.0 Poplar Heights - 109.0 Ilda Community
Poplar Heights,Week5,Ilda Community,Week2,313.0 Poplar Heights - 89.0 Ilda Community
Poplar Heights,Week4,Camelot,Week3,251.5 Poplar Heights - 150.5 Camelot
Pleasant Valley,Week5,Parliament,Week3,276.0 Parliament - 125.0 Pleasant Valley
Poplar Heights,Week5,Ilda Community,Week1,308.0 Poplar Heights - 94.0 Ilda Community
Poplar Heights,Week1,Ilda Community,Week1,282.0 Poplar Heights - 120.0 Ilda Community
Poplar Tree,Week4,Lake Braddock,Week2,285.5 Poplar Tree - 115.5 Lake Braddock
Poplar Heights,Week4,Little Hunting Park,Week1,288.0 Poplar Heights - 113.0 Little Hunting Park
Poplar Heights,Week2,Fairfax,Week1,230.5 Fairfax - 171.5 Poplar Heights
Pleasant Valley,Week5,Old Keene Mill,Week2,236.0 Old Keene Mill - 166.0 Pleasant Valley
Poplar Heights,Week1,Vienna Aquatic,Week5,305.0 Vienna Aquatic - 97.0 Poplar Heights
Pleasant Valley,Week5,Vienna Woods,Week3,366.0 Vienna Woods - 36.0 Pleasant Valley
Poplar Heights,Week3,Camelot,Week4,261.0 Poplar Heights - 141.0 Camelot
Poplar Heights,Week1,Greenbriar,Week2,216.0 Greenbriar - 186.0 Poplar Heights
Pleasant Valley,Week3,Old Keene Mill,Week4,224.0 Old Keene Mill - 178.0 Pleasant Valley
Pleasant Valley,Week3,Parliament,Week3,256.0 Parliament - 146.0 Pleasant Valley
Poplar Heights,Week2,Ilda Community,Week1,291.0 Poplar Heights - 111.0 Ilda Community
Poplar Heights,Week1,Vienna Aquatic,Week2,270.0 Vienna Aquatic - 132.0 Poplar Heights
Pleasant Valley,Week3,North Springfield,Week2,219.0 Pleasant Valley - 166.0 North Springfield
Poplar Heights,Week2,Canterbury Woods,Week5,255.0 Poplar Heights - 146.0 Canterbury Woods
Poplar Heights,Week1,Greenbriar,Week5,215.0 Poplar Heights - 187.0 Greenbriar
Poplar Heights,Week2,Fairfax,Week4,247.0 Fairfax - 155.0 Poplar Heights
Poplar Heights,Week3,Little Hunting Park,Week4,284.0 Poplar Heights - 118.0 Little Hunting Park
Poplar Heights,Week5,Tuckahoe,Week2,310.0 Tuckahoe - 92.0 Poplar Heights
Poplar Heights,Week1,Greenbriar,Week4,228.0 Poplar Heights - 174.0 Greenbriar
Pleasant Valley,Week1,North Springfield,Week5,195.0 North Springfield - 177.0 Pleasant Valley
Poplar Heights,Week2,Fairfax,Week2,245.0 Fairfax - 157.0 Poplar Heights
Poplar Tree,Week4,Lake Braddock,Week4,296.0 Poplar Tree - 106.0 Lake Braddock
Pleasant Valley,Week3,Old Keene Mill,Week3,223.0 Old Keene Mill - 179.0 Pleasant Valley
Poplar Tree,Week4,Lake Braddock,Week5,281.0 Poplar Tree - 120.0 Lake Braddock
Poplar Heights,Week4,Camelot,Week4,254.0 Poplar Heights - 148.0 Camelot
Pleasant Valley,Week4,Vienna Woods,Week3,374.0 Vienna Woods - 27.0 Pleasant Valley
Pleasant Valley,Week3,Vienna Woods,Week2,359.5 Vienna Woods - 42.5 Pleasant Valley
Poplar Heights,Week5,Little Hunting Park,Week3,295.0 Poplar Heights - 107.0 Little Hunting Park
Poplar Heights,Week5,Ilda Community,Week3,306.0 Poplar Heights - 91.0 Ilda Community
Pleasant Valley,Week1,Pinecrest,Week2,363.0 Pinecrest - 38.0 Pleasant Valley
Pleasant Valley,Week5,North Springfield,Week1,189.0 Pleasant Valley - 143.0 North Springfield
Poplar Heights,Week3,Vienna Aquatic,Week4,259.0 Vienna Aquatic - 143.0 Poplar Heights
Poplar Tree,Week5,Lake Braddock,Week2,318.0 Poplar Tree - 83.0 Lake Braddock
Poplar Heights,Week1,Ilda Community,Week2,289.0 Poplar Heights - 113.0 Ilda Community
Poplar Heights,Week4,Little Hunting Park,Week5,270.0 Poplar Heights - 132.0 Little Hunting Park
Poplar Heights,Week2,Ilda Community,Week4,274.0 Poplar Heights - 128.0 Ilda Community
Poplar Heights,Week5,Greenbriar,Week4,238.0 Poplar Heights - 164.0 Greenbriar
Poplar Heights,Week3,Fairfax,Week1,240.0 Fairfax - 162.0 Poplar Heights
Poplar Tree,Week5,Lake Braddock,Week1,332.0 Poplar Tree - 70.0 Lake Braddock
Pleasant Valley,Week2,Parliament,Week2,278.5 Parliament - 122.5 Pleasant Valley
Pleasant Valley,Week3,Parliament,Week5,276.0 Parliament - 126.0 Pleasant Valley
Poplar Heights,Week2,Little Hunting Park,Week3,285.0 Poplar Heights - 117.0 Little Hunting Park
Poplar Heights,Week3,Canterbury Woods,Week2,279.0 Poplar Heights - 123.0 Canterbury Woods
Poplar Heights,Week3,Fairfax,Week3,254.0 Fairfax - 148.0 Poplar Heights
Pleasant Valley,Week4,North Springfield,Week5,201.0 North Springfield - 161.0 Pleasant Valley
Poplar Heights,Week1,Hamlet,Week4,257.0 Hamlet - 145.0 Poplar Heights
Poplar Tree,Week5,Lake Braddock,Week3,320.0 Poplar Tree - 82.0 Lake Braddock
Poplar Heights,Week4,Vienna Aquatic,Week2,258.0 Vienna Aquatic - 144.0 Poplar Heights
Poplar Heights,Week5,Little Hunting Park,Week4,295.0 Poplar Heights - 107.0 Little Hunting Park
Poplar Tree,Week5,Lake Braddock,Week4,320.0 Poplar Tree - 82.0 Lake Braddock
Pleasant Valley,Week3,Parliament,Week4,268.0 Parliament - 134.0 Pleasant Valley
Poplar Heights,Week3,Fairfax,Week5,277.0 Fairfax - 125.0 Poplar Heights
Poplar Heights,Week2,Vienna Aquatic,Week3,280.0 Vienna Aquatic - 122.0 Poplar Heights
Poplar Heights,Week2,Canterbury Woods,Week3,254.0 Poplar Heights - 148.0 Canterbury Woods
Poplar Heights,Week3,Ilda Community,Week5,290.0 Poplar Heights - 112.0 Ilda Community
Poplar Heights,Week5,Camelot,Week5,260.0 Poplar Heights - 142.0 Camelot
Poplar Heights,Week1,Canterbury Woods,Week4,244.0 Poplar Heights - 158.0 Canterbury Woods
Pleasant Valley,Week1,North Springfield,Week1,206.0 Pleasant Valley - 140.0 North Springfield
Poplar Heights,Week4,Greenbriar,Week5,220.0 Poplar Heights - 182.0 Greenbriar
Poplar Tree,Week1,Lakevale Estates,Week4,241.0 Lakevale Estates - 161.0 Poplar Tree
Poplar Heights,Week2,Hamlet,Week4,243.0 Hamlet - 159.0 Poplar Heights
Pleasant Valley,Week2,Parliament,Week5,291.0 Parliament - 109.0 Pleasant Valley
Poplar Heights,Week4,Ilda Community,Week5,303.0 Poplar Heights - 99.0 Ilda Community
Poplar Heights,Week1,Ilda Community,Week3,291.0 Poplar Heights - 111.0 Ilda Community
Pleasant Valley,Week3,North Springfield,Week5,191.0 Pleasant Valley - 181.0 North Springfield
Poplar Heights,Week1,Little Rocky Run,Week1,243.0 Little Rocky Run - 159.0 Poplar Heights
Poplar Heights,Week2,Cardinal Hill,Week3,263.0 Cardinal Hill - 139.0 Poplar Heights
Poplar Heights,Week1,Vienna Aquatic,Week1,262.0 Vienna Aquatic - 140.0 Poplar Heights
Pleasant Valley,Week4,Parliament,Week1,309.0 Parliament - 89.0 Pleasant Valley
Poplar Tree,Week1,Lakevale Estates,Week1,214.0 Lakevale Estates - 188.0 Poplar Tree
Pleasant Valley,Week4,Rutherford,Week3,265.0 Rutherford - 132.0 Pleasant Valley
Poplar Heights,Week4,Ilda Community,Week4,278.0 Poplar Heights - 124.0 Ilda Community
Pleasant Valley,Week3,North Springfield,Week1,232.0 Pleasant Valley - 113.0 North Springfield
Poplar Heights,Week2,Cardinal Hill,Week5,215.0 Cardinal Hill - 187.0 Poplar Heights
Poplar Heights,Week2,Vienna Aquatic,Week4,263.0 Vienna Aquatic - 139.0 Poplar Heights
Pleasant Valley,Week5,Parliament,Week4,279.0 Parliament - 123.0 Pleasant Valley
Poplar Tree,Week1,Lakevale Estates,Week3,228.0 Lakevale Estates - 174.0 Poplar Tree
Pleasant Valley,Week3,Parliament,Week2,250.0 Parliament - 151.0 Pleasant Valley
Pleasant Valley,Week2,Rutherford,Week1,240.0 Rutherford - 157.0 Pleasant Valley
Pleasant Valley,Week1,Parliament,Week5,291.0 Parliament - 110.0 Pleasant Valley
Pleasant Valley,Week5,Parliament,Week1,286.0 Parliament - 116.0 Pleasant Valley
Poplar Heights,Week3,Hamlet,Week2,279.0 Hamlet - 123.0 Poplar Heights
Pleasant Valley,Week1,North Springfield,Week4,217.0 Pleasant Valley - 173.0 North Springfield
Poplar Heights,Week4,Little Rocky Run,Week2,217.5 Little Rocky Run - 184.5 Poplar Heights
Poplar Heights,Week5,Little Hunting Park,Week5,264.0 Poplar Heights - 138.0 Little Hunting Park
Poplar Heights,Week2,Vienna Aquatic,Week2,274.0 Vienna Aquatic - 128.0 Poplar Heights
Poplar Heights,Week5,Canterbury Woods,Week3,276.0 Poplar Heights - 126.0 Canterbury Woods
Poplar Heights,Week3,Little Rocky Run,Week2,224.0 Little Rocky Run - 178.0 Poplar Heights
Pleasant Valley,Week5,Newington Forest,Week3,219.0 Newington Forest - 181.0 Pleasant Valley
Poplar Tree,Week3,Lake Braddock,Week5,297.0 Poplar Tree - 105.0 Lake Braddock
Poplar Heights,Week1,Hamlet,Week3,283.0 Hamlet - 119.0 Poplar Heights
Poplar Heights,Week3,Greenbriar,Week1,212.0 Poplar Heights - 190.0 Greenbriar
Poplar Heights,Week4,Fairfax,Week3,243.0 Fairfax - 159.0 Poplar Heights
Poplar Heights,Week5,Fairfax,Week5,258.0 Fairfax - 144.0 Poplar Heights
Poplar Heights,Week4,Ilda Community,Week2,300.0 Poplar Heights - 102.0 Ilda Community
Poplar Heights,Week2,Cardinal Hill,Week1,229.0 Cardinal Hill - 173.0 Poplar Heights
Poplar Heights,Week3,Greenbriar,Week4,226.0 Poplar Heights - 176.0 Greenbriar
Pleasant Valley,Week3,North Springfield,Week3,217.0 Pleasant Valley - 177.0 North Springfield
Poplar Heights,Week1,Little Rocky Run,Week3,255.5 Little Rocky Run - 146.5 Poplar Heights
Poplar Heights,Week1,Fairfax Club Estates,Week1,257.0 Poplar Heights - 145.0 Fairfax Club Estates
Poplar Heights,Week4,Vienna Aquatic,Week5,302.0 Vienna Aquatic - 100.0 Poplar Heights
Poplar Heights,Week1,Ilda Community,Week5,286.0 Poplar Heights - 116.0 Ilda Community
Poplar Heights,Week4,Fairfax,Week2,243.0 Fairfax - 159.0 Poplar Heights
Poplar Heights,Week2,Cardinal Hill,Week4,204.0 Cardinal Hill - 198.0 Poplar Heights
Poplar Heights,Week1,Vienna Aquatic,Week3,273.0 Vienna Aquatic - 129.0 Poplar Heights
Poplar Heights,Week4,Fairfax,Week5,263.0 Fairfax - 139.0 Poplar Heights
Poplar Heights,Week2,Little Rocky Run,Week5,239.0 Little Rocky Run - 163.0 Poplar Heights
Poplar Heights,Week3,Vienna Aquatic,Week1,255.0 Vienna Aquatic - 147.0 Poplar Heights
Poplar Tree,Week1,Lakevale Estates,Week2,219.0 Lakevale Estates - 183.0 Poplar Tree
Poplar Heights,Week5,Canterbury Woods,Week5,264.0 Poplar Heights - 138.0 Canterbury Woods
Poplar Heights,Week1,Fairfax Club Estates,Week3,267.0 Poplar Heights - 135.0 Fairfax Club Estates
Pleasant Valley,Week4,Parliament,Week2,288.0 Parliament - 104.0 Pleasant Valley
Poplar Heights,Week4,Fairfax,Week4,234.0 Fairfax - 168.0 Poplar Heights
Pleasant Valley,Week4,North Springfield,Week1,193.0 Pleasant Valley - 145.0 North Springfield
Poplar Tree,Week1,Lakevale Estates,Week5,232.0 Lakevale Estates - 170.0 Poplar Tree
Poplar Heights,Week4,Little Rocky Run,Week3,239.0 Little Rocky Run - 163.0 Poplar Heights
Pleasant Valley,Week2,Rutherford,Week5,267.0 Rutherford - 131.0 Pleasant Valley
Pleasant Valley,Week2,North Springfield,Week4,209.0 Pleasant Valley - 180.0 North Springfield
Poplar Heights,Week2,Vienna Aquatic,Week1,263.0 Vienna Aquatic - 139.0 Poplar Heights
Poplar Heights,Week3,Ilda Community,Week4,277.5 Poplar Heights - 124.5 Ilda Community
Poplar Heights,Week2,Hamlet,Week3,271.0 Hamlet - 131.0 Poplar Heights
Poplar Heights,Week5,Little Rocky Run,Week2,214.0 Little Rocky Run - 188.0 Poplar Heights
Pleasant Valley,Week5,Parliament,Week2,271.0 Parliament - 131.0 Pleasant Valley
Poplar Tree,Week2,Lakevale Estates,Week2,224.0 Lakevale Estates - 178.0 Poplar Tree
Poplar Heights,Week4,Little Rocky Run,Week4,242.5 Little Rocky Run - 159.5 Poplar Heights
Poplar Heights,Week5,Fairfax,Week1,224.0 Fairfax - 178.0 Poplar Heights
Poplar Heights,Week5,Tuckahoe,Week5,306.0 Tuckahoe - 96.0 Poplar Heights
Poplar Heights,Week3,Ilda Community,Week2,294.0 Poplar Heights - 108.0 Ilda Community
Poplar Heights,Week1,Cardinal Hill,Week1,249.0 Cardinal Hill - 153.0 Poplar Heights
Poplar Heights,Week5,Ilda Community,Week4,283.0 Poplar Heights - 119.0 Ilda Community
Pleasant Valley,Week3,Rutherford,Week5,249.5 Rutherford - 152.5 Pleasant Valley
Poplar Heights,Week2,Ilda Community,Week2,299.0 Poplar Heights - 103.0 Ilda Community
Pleasant Valley,Week5,Rolling Valley,Week3,235.0 Rolling Valley - 161.0 Pleasant Valley
Pleasant Valley,Week5,North Springfield,Week2,188.0 Pleasant Valley - 186.0 North Springfield
Poplar Heights,Week5,Fairfax,Week4,216.0 Fairfax - 186.0 Poplar Heights
Pleasant Valley,Week5,Parliament,Week5,282.0 Parliament - 119.0 Pleasant Valley
Pleasant Valley,Week2,Rutherford,Week2,246.0 Rutherford - 152.0 Pleasant Valley
Poplar Heights,Week4,Canterbury Woods,Week5,258.0 Poplar Heights - 143.0 Canterbury Woods
Poplar Tree,Week2,Lakevale Estates,Week1,230.0 Lakevale Estates - 172.0 Poplar Tree
Poplar Tree,Week2,Lakevale Estates,Week3,239.0 Lakevale Estates - 163.0 Poplar Tree
Poplar Heights,Week4,Tuckahoe,Week3,342.0 Tuckahoe - 60.0 Poplar Heights
Poplar Heights,Week3,Greenbriar,Week3,218.5 Poplar Heights - 183.5 Greenbriar
Poplar Heights,Week3,Cardinal Hill,Week1,221.0 Cardinal Hill - 181.0 Poplar Heights
Poplar Heights,Week4,Vienna Aquatic,Week1,253.0 Vienna Aquatic - 149.0 Poplar Heights
Pleasant Valley,Week4,North Springfield,Week4,205.0 Pleasant Valley - 178.0 North Springfield
Poplar Heights,Week4,Little Rocky Run,Week1,244.0 Little Rocky Run - 158.0 Poplar Heights
Pleasant Valley,Week5,Newington Forest,Week2,210.0 Newington Forest - 187.0 Pleasant Valley
Poplar Heights,Week1,Cardinal Hill,Week2,205.0 Cardinal Hill - 197.0 Poplar Heights
Poplar Heights,Week4,Tuckahoe,Week5,323.0 Tuckahoe - 79.0 Poplar Heights
Pleasant Valley,Week1,Pinecrest,Week3,369.0 Pinecrest - 33.0 Pleasant Valley
Poplar Heights,Week2,Ilda Community,Week3,300.0 Poplar Heights - 102.0 Ilda Community
Poplar Heights,Week3,Little Rocky Run,Week1,237.5 Little Rocky Run - 164.5 Poplar Heights
Poplar Heights,Week3,Fairfax,Week4,245.0 Fairfax - 157.0 Poplar Heights
Poplar Heights,Week5,Greenbriar,Week3,228.0 Poplar Heights - 174.0 Greenbriar
Poplar Heights,Week3,Vienna Aquatic,Week5,301.0 Vienna Aquatic - 101.0 Poplar Heights
Poplar Heights,Week1,Hamlet,Week5,289.0 Hamlet - 113.0 Poplar Heights
Pleasant Valley,Week4,Parliament,Week5,308.0 Parliament - 88.0 Pleasant Valley
Poplar Heights,Week2,Kent Gardens,Week4,227.0 Poplar Heights - 175.0 Kent Gardens
Poplar Heights,Week2,Little Rocky Run,Week1,236.0 Little Rocky Run - 166.0 Poplar Heights
Poplar Heights,Week3,Vienna Aquatic,Week2,257.0 Vienna Aquatic - 145.0 Poplar Heights
Pleasant Valley,Week2,North Springfield,Week1,218.0 Pleasant Valley - 125.0 North Springfield
Poplar Heights,Week4,Canterbury Woods,Week4,247.0 Poplar Heights - 155.0 Canterbury Woods
Poplar Heights,Week4,Greenbriar,Week4,232.0 Poplar Heights - 170.0 Greenbriar
Poplar Heights,Week1,Fairfax Club Estates,Week2,276.0 Poplar Heights - 126.0 Fairfax Club Estates
Poplar Heights,Week5,Fairfax,Week3,236.0 Fairfax - 166.0 Poplar Heights
Pleasant Valley,Week1,Pinecrest,Week4,365.0 Pinecrest - 37.0 Pleasant Valley
Poplar Heights,Week2,Greenbriar,Week2,202.0 Poplar Heights - 200.0 Greenbriar
Poplar Heights,Week1,Kent Gardens,Week3,214.0 Poplar Heights - 187.0 Kent Gardens
Poplar Heights,Week4,Greenbriar,Week2,205.0 Poplar Heights - 197.0 Greenbriar
Poplar Heights,Week5,Canterbury Woods,Week1,297.0 Poplar Heights - 105.0 Canterbury Woods
Poplar Heights,Week3,Little Rocky Run,Week5,253.0 Little Rocky Run - 149.0 Poplar Heights
Poplar Heights,Week4,Vienna Aquatic,Week3,270.0 Vienna Aquatic - 132.0 Poplar Heights
Poplar Heights,Week1,Cardinal Hill,Week5,221.0 Cardinal Hill - 181.0 Poplar Heights
Poplar Heights,Week1,Kent Gardens,Week1,208.0 Poplar Heights - 193.0 Kent Gardens
Pleasant Valley,Week2,Pinecrest,Week1,342.0 Pinecrest - 60.0 Pleasant Valley
Poplar Heights,Week5,Vienna Aquatic,Week3,269.0 Vienna Aquatic - 133.0 Poplar Heights
Poplar Heights,Week2,Cardinal Hill,Week2,204.0 Poplar Heights - 198.0 Cardinal Hill
Pleasant Valley,Week4,Rolling Valley,Week3,256.0 Rolling Valley - 144.0 Pleasant Valley
Pleasant Valley,Week5,Rolling Valley,Week4,238.0 Rolling Valley - 164.0 Pleasant Valley
Poplar Heights,Week4,Canterbury Woods,Week2,277.0 Poplar Heights - 125.0 Canterbury Woods
Poplar Heights,Week1,Fairfax Club Estates,Week5,253.0 Poplar Heights - 148.0 Fairfax Club Estates
Pleasant Valley,Week5,Newington Forest,Week4,227.0 Newington Forest - 169.0 Pleasant Valley
Pleasant Valley,Week2,Pinecrest,Week4,362.0 Pinecrest - 40.0 Pleasant Valley
Poplar Heights,Week5,Fairfax,Week2,232.0 Fairfax - 170.0 Poplar Heights
Poplar Heights,Week4,Greenbriar,Week3,221.0 Poplar Heights - 181.0 Greenbriar
Pleasant Valley,Week3,Rutherford,Week1,216.0 Rutherford - 185.0 Pleasant Valley
Poplar Heights,Week1,Little Rocky Run,Week4,247.0 Little Rocky Run - 155.0 Poplar Heights
Pleasant Valley,Week2,North Springfield,Week5,195.0 North Springfield - 176.0 Pleasant Valley
Poplar Heights,Week4,Greenbriar,Week1,219.0 Poplar Heights - 183.0 Greenbriar
Poplar Heights,Week5,Greenbriar,Week1,233.0 Poplar Heights - 169.0 Greenbriar
Pleasant Valley,Week2,North Springfield,Week3,204.0 North Springfield - 190.0 Pleasant Valley
Poplar Heights,Week3,Little Rocky Run,Week4,246.5 Little Rocky Run - 155.5 Poplar Heights
Pleasant Valley,Week2,North Springfield,Week2,199.0 Pleasant Valley - 184.0 North Springfield
Poplar Heights,Week3,Canterbury Woods,Week5,248.0 Poplar Heights - 154.0 Canterbury Woods
Poplar Heights,Week4,Fairfax,Week1,241.0 Fairfax - 161.0 Poplar Heights
Poplar Heights,Week5,Vienna Aquatic,Week2,249.0 Vienna Aquatic - 153.0 Poplar Heights
Poplar Heights,Week2,Kent Gardens,Week2,242.0 Poplar Heights - 159.0 Kent Gardens
Pleasant Valley,Week2,Pinecrest,Week2,359.0 Pinecrest - 42.0 Pleasant Valley
Pleasant Valley,Week4,Rolling Valley,Week5,273.0 Rolling Valley - 129.0 Pleasant Valley
Poplar Heights,Week3,Greenbriar,Week5,216.0 Poplar Heights - 186.0 Greenbriar
Pleasant Valley,Week1,Pinecrest,Week5,362.0 Pinecrest - 36.0 Pleasant Valley
Poplar Heights,Week5,Vienna Aquatic,Week1,245.0 Vienna Aquatic - 157.0 Poplar Heights
Pleasant Valley,Week5,Rolling Valley,Week1,199.0 Pleasant Valley - 198.0 Rolling Valley
Poplar Heights,Week2,Kent Gardens,Week1,219.0 Poplar Heights - 182.0 Kent Gardens
Pleasant Valley,Week2,Rutherford,Week4,269.0 Rutherford - 127.0 Pleasant Valley
Poplar Heights,Week3,Little Rocky Run,Week3,246.0 Little Rocky Run - 156.0 Poplar Heights
Poplar Heights,Week2,Little Rocky Run,Week3,238.0 Little Rocky Run - 164.0 Poplar Heights
Poplar Heights,Week5,Greenbriar,Week5,226.0 Poplar Heights - 176.0 Greenbriar
Poplar Heights,Week2,Fairfax Club Estates,Week1,276.0 Poplar Heights - 126.0 Fairfax Club Estates
Poplar Heights,Week1,Fairfax Club Estates,Week4,253.0 Poplar Heights - 149.0 Fairfax Club Estates
Poplar Heights,Week5,Vienna Woods,Week2,260.0 Vienna Woods - 142.0 Poplar Heights
Pleasant Valley,Week3,Pinecrest,Week1,326.0 Pinecrest - 76.0 Pleasant Valley
Poplar Heights,Week5,Canterbury Woods,Week2,295.0 Poplar Heights - 102.0 Canterbury Woods
Poplar Heights,Week1,Kent Gardens,Week5,231.0 Kent Gardens - 171.0 Poplar Heights
Poplar Heights,Week3,Kent Gardens,Week1,224.0 Poplar Heights - 178.0 Kent Gardens
Poplar Heights,Week5,Little Rocky Run,Week3,243.0 Little Rocky Run - 159.0 Poplar Heights
Pleasant Valley,Week2,Rutherford,Week3,249.0 Rutherford - 144.0 Pleasant Valley
Pleasant Valley,Week1,North Springfield,Week3,199.0 Pleasant Valley - 194.0 North Springfield
Pleasant Valley,Week1,Rutherford,Week3,249.0 Rutherford - 143.0 Pleasant Valley
Pleasant Valley,Week4,Pinecrest,Week5,355.0 Pinecrest - 38.0 Pleasant Valley
Pleasant Valley,Week3,North Springfield,Week4,234.0 Pleasant Valley - 156.0 North Springfield
Poplar Heights,Week3,Kent Gardens,Week5,205.0 Kent Gardens - 197.0 Poplar Heights
Poplar Heights,Week4,Vienna Woods,Week2,266.0 Vienna Woods - 136.0 Poplar Heights
Pleasant Valley,Week5,Newington Forest,Week5,240.0 Newington Forest - 157.0 Pleasant Valley
Pleasant Valley,Week4,North Springfield,Week3,210.0 North Springfield - 179.0 Pleasant Valley
Poplar Heights,Week4,Fairfax Club Estates,Week2,290.0 Poplar Heights - 112.0 Fairfax Club Estates
Poplar Heights,Week2,Fairfax Club Estates,Week3,283.0 Poplar Heights - 119.0 Fairfax Club Estates
Poplar Heights,Week2,Hamlet,Week1,251.0 Hamlet - 151.0 Poplar Heights
Pleasant Valley,Week4,Pinecrest,Week3,362.0 Pinecrest - 40.0 Pleasant Valley
Poplar Heights,Week5,Little Rocky Run,Week1,223.0 Little Rocky Run - 179.0 Poplar Heights
Poplar Heights,Week2,Greenbriar,Week4,237.0 Poplar Heights - 165.0 Greenbriar
Poplar Heights,Week1,Cardinal Hill,Week3,256.0 Cardinal Hill - 146.0 Poplar Heights
Poplar Heights,Week3,Kent Gardens,Week4,232.0 Poplar Heights - 170.0 Kent Gardens
Pleasant Valley,Week1,Rutherford,Week4,263.0 Rutherford - 133.0 Pleasant Valley
Poplar Heights,Week5,Canterbury Woods,Week4,270.0 Poplar Heights - 132.0 Canterbury Woods
Poplar Heights,Week2,Vienna Woods,Week5,309.0 Vienna Woods - 93.0 Poplar Heights
Poplar Heights,Week2,Greenbriar,Week5,219.0 Poplar Heights - 183.0 Greenbriar
Poplar Heights,Week4,Kent Gardens,Week2,258.0 Poplar Heights - 144.0 Kent Gardens
Poplar Heights,Week3,Vienna Woods,Week1,284.0 Vienna Woods - 118.0 Poplar Heights
Pleasant Valley,Week5,Pinecrest,Week3,356.0 Pinecrest - 46.0 Pleasant Valley
Pleasant Valley,Week1,Pinewood Lake,Week2,293.0 Pleasant Valley - 101.0 Pinewood Lake
Poplar Heights,Week4,Kent Gardens,Week1,223.0 Poplar Heights - 179.0 Kent Gardens
Poplar Heights,Week1,Long Branch,Week1,256.0 Poplar Heights - 146.0 Long Branch
Pleasant Valley,Week4,Pinecrest,Week1,347.5 Pinecrest - 54.5 Pleasant Valley
Pleasant Valley,Week3,Rutherford,Week4,243.0 Rutherford - 159.0 Pleasant Valley
Pleasant Valley,Week4,Rolling Valley,Week4,262.0 Rolling Valley - 139.0 Pleasant Valley
Poplar Heights,Week1,Long Branch,Week2,248.0 Poplar Heights - 154.0 Long Branch
Poplar Heights,Week1,Fairfax Station,Week4,250.0 Fairfax Station - 152.0 Poplar Heights
Poplar Heights,Week4,Canterbury Woods,Week3,259.5 Poplar Heights - 142.5 Canterbury Woods
Pleasant Valley,Week5,Pinecrest,Week5,349.0 Pinecrest - 47.0 Pleasant Valley
Poplar Heights,Week5,Little Rocky Run,Week4,242.0 Little Rocky Run - 160.0 Poplar Heights
Poplar Heights,Week2,Greenbriar,Week3,214.0 Poplar Heights - 188.0 Greenbriar
Pleasant Valley,Week5,Rolling Valley,Week2,235.0 Rolling Valley - 166.0 Pleasant Valley
Pleasant Valley,Week3,Rutherford,Week2,225.0 Rutherford - 177.0 Pleasant Valley
Poplar Heights,Week4,Little Rocky Run,Week5,254.0 Little Rocky Run - 148.0 Poplar Heights
Poplar Heights,Week4,Fairfax Club Estates,Week4,265.0 Poplar Heights - 137.0 Fairfax Club Estates
Poplar Heights,Week5,Greenbriar,Week2,207.0 Poplar Heights - 195.0 Greenbriar
Poplar Heights,Week2,Kent Gardens,Week5,216.0 Kent Gardens - 186.0 Poplar Heights
Poplar Heights,Week5,Little Rocky Run,Week5,244.0 Little Rocky Run - 158.0 Poplar Heights
Poplar Heights,Week2,Greenbriar,Week1,215.0 Poplar Heights - 187.0 Greenbriar
Pleasant Valley,Week4,North Springfield,Week2,200.0 North Springfield - 180.0 Pleasant Valley
Poplar Heights,Week1,Vienna Woods,Week2,276.0 Vienna Woods - 126.0 Poplar Heights
Pleasant Valley,Week5,Pinecrest,Week4,355.0 Pinecrest - 47.0 Pleasant Valley
Poplar Heights,Week1,Vienna Woods,Week1,268.0 Vienna Woods - 134.0 Poplar Heights
Pleasant Valley,Week4,Rutherford,Week1,262.0 Rutherford - 130.0 Pleasant Valley
Poplar Heights,Week3,Kent Gardens,Week3,239.5 Poplar Heights - 162.5 Kent Gardens
Poplar Heights,Week3,Canterbury Woods,Week4,253.0 Poplar Heights - 149.0 Canterbury Woods
Pleasant Valley,Week1,North Springfield,Week2,203.0 Pleasant Valley - 182.0 North Springfield
Pleasant Valley,Week1,Pinewood Lake,Week3,300.0 Pleasant Valley - 93.0 Pinewood Lake
Poplar Heights,Week1,Cardinal Hill,Week4,215.0 Cardinal Hill - 187.0 Poplar Heights
Poplar Heights,Week4,Vienna Woods,Week1,276.5 Vienna Woods - 125.5 Poplar Heights
Poplar Heights,Week1,Fairfax Station,Week3,293.0 Fairfax Station - 109.0 Poplar Heights
Poplar Heights,Week5,Fairfax Club Estates,Week5,278.0 Poplar Heights - 124.0 Fairfax Club Estates
Poplar Heights,Week4,Vienna Woods,Week3,296.0 Vienna Woods - 106.0 Poplar Heights
Poplar Heights,Week4,Canterbury Woods,Week1,285.0 Poplar Heights - 117.0 Canterbury Woods
Poplar Heights,Week5,Fairfax Club Estates,Week3,290.5 Poplar Heights - 111.5 Fairfax Club Estates
Poplar Heights,Week2,Kent Gardens,Week3,238.0 Poplar Heights - 163.0 Kent Gardens
Poplar Heights,Week3,Greenbriar,Week2,207.0 Greenbriar - 195.0 Poplar Heights
Poplar Heights,Week1,Hamlet,Week1,265.5 Hamlet - 136.5 Poplar Heights
Pleasant Valley,Week5,Rolling Valley,Week5,249.0 Rolling Valley - 153.0 Pleasant Valley
Poplar Heights,Week2,Little Rocky Run,Week2,233.0 Little Rocky Run - 169.0 Poplar Heights
Poplar Heights,Week3,Fairfax Club Estates,Week3,283.0 Poplar Heights - 119.0 Fairfax Club Estates
Poplar Heights,Week1,Vienna Woods,Week5,304.0 Vienna Woods - 98.0 Poplar Heights
Poplar Heights,Week3,Vienna Woods,Week3,294.0 Vienna Woods - 108.0 Poplar Heights
Poplar Heights,Week1,Hamlet,Week2,290.0 Hamlet - 112.0 Poplar Heights
Poplar Heights,Week2,Little Rocky Run,Week4,241.0 Little Rocky Run - 161.0 Poplar Heights
Poplar Heights,Week4,Long Branch,Week4,266.0 Poplar Heights - 136.0 Long Branch
Poplar Heights,Week3,Fairfax Club Estates,Week4,267.0 Poplar Heights - 135.0 Fairfax Club Estates
Poplar Heights,Week4,Kent Gardens,Week3,243.0 Poplar Heights - 159.0 Kent Gardens
Poplar Heights,Week2,Fairfax Club Estates,Week5,270.0 Poplar Heights - 131.0 Fairfax Club Estates
Pleasant Valley,Week1,Pinewood Lake,Week4,303.0 Pleasant Valley - 89.0 Pinewood Lake
Poplar Heights,Week5,Vienna Woods,Week3,285.0 Vienna Woods - 117.0 Poplar Heights
Pleasant Valley,Week5,Pinecrest,Week1,331.0 Pinecrest - 71.0 Pleasant Valley
Pleasant Valley,Week4,Rutherford,Week2,268.5 Rutherford - 125.5 Pleasant Valley
Poplar Heights,Week5,Fairfax Club Estates,Week1,276.0 Poplar Heights - 121.0 Fairfax Club Estates
Poplar Heights,Week1,Little Rocky Run,Week5,264.0 Little Rocky Run - 138.0 Poplar Heights
Poplar Heights,Week3,Kent Gardens,Week2,253.0 Poplar Heights - 149.0 Kent Gardens
Poplar Heights,Week3,Hamlet,Week1,262.0 Hamlet - 140.0 Poplar Heights
Pleasant Valley,Week1,Shouse Village,Week5,320.0 Shouse Village - 81.0 Pleasant Valley
Poplar Heights,Week4,Kent Gardens,Week5,213.0 Kent Gardens - 189.0 Poplar Heights
Pleasant Valley,Week1,Rutherford,Week5,250.0 Rutherford - 148.0 Pleasant Valley
Poplar Heights,Week4,Kent Gardens,Week4,242.0 Poplar Heights - 160.0 Kent Gardens
Pleasant Valley,Week1,Pinewood Lake,Week1,300.0 Pleasant Valley - 90.0 Pinewood Lake
Pleasant Valley,Week1,Pinewood Lake,Week5,292.0 Pleasant Valley - 104.0 Pinewood Lake
Pleasant Valley,Week2,Pinewood Lake,Week1,305.0 Pleasant Valley - 83.0 Pinewood Lake
Poplar Heights,Week5,Fairfax Club Estates,Week4,270.0 Poplar Heights - 132.0 Fairfax Club Estates
Poplar Heights,Week1,Fairfax Station,Week1,270.0 Fairfax Station - 132.0 Poplar Heights
Poplar Heights,Week5,Vienna Woods,Week5,293.0 Vienna Woods - 109.0 Poplar Heights
Poplar Heights,Week2,Hamlet,Week5,281.5 Hamlet - 120.5 Poplar Heights
Poplar Heights,Week3,Vienna Woods,Week4,259.0 Vienna Woods - 143.0 Poplar Heights
Poplar Heights,Week2,Hamlet,Week2,273.0 Hamlet - 129.0 Poplar Heights
Poplar Heights,Week2,Mansion House,Week1,203.0 Poplar Heights - 199.0 Mansion House
Poplar Heights,Week5,Kent Gardens,Week1,224.0 Poplar Heights - 177.0 Kent Gardens
Pleasant Valley,Week1,Rutherford,Week1,244.0 Rutherford - 154.0 Pleasant Valley
Poplar Heights,Week1,Long Branch,Week3,257.0 Poplar Heights - 145.0 Long Branch
Poplar Heights,Week4,Vienna Woods,Week4,244.0 Vienna Woods - 158.0 Poplar Heights
Poplar Heights,Week4,Hamlet,Week2,276.0 Hamlet - 126.0 Poplar Heights
Poplar Heights,Week5,Long Branch,Week4,259.5 Poplar Heights - 142.5 Long Branch
Pleasant Valley,Week3,Pinecrest,Week3,344.0 Pinecrest - 58.0 Pleasant Valley
Poplar Heights,Week5,Kent Gardens,Week2,255.0 Poplar Heights - 146.0 Kent Gardens
Pleasant Valley,Week1,Rutherford,Week2,247.0 Rutherford - 151.0 Pleasant Valley
Poplar Heights,Week1,Hayfield Farm,Week1,208.5 Poplar Heights - 193.5 Hayfield Farm
Poplar Heights,Week2,Hayfield Farm,Week5,226.5 Poplar Heights - 175.5 Hayfield Farm
Poplar Heights,Week5,Long Branch,Week2,261.5 Poplar Heights - 140.5 Long Branch
Pleasant Valley,Week1,Shouse Village,Week3,304.0 Shouse Village - 98.0 Pleasant Valley
Pleasant Valley,Week3,Pinecrest,Week5,337.0 Pinecrest - 65.0 Pleasant Valley
Pleasant Valley,Week3,Rutherford,Week3,224.0 Rutherford - 178.0 Pleasant Valley
Poplar Heights,Week2,Vienna Woods,Week3,278.5 Vienna Woods - 123.5 Poplar Heights
Poplar Heights,Week1,Villa Aquatic,Week1,228.0 Poplar Heights - 174.0 Villa Aquatic
Pleasant Valley,Week4,Pinecrest,Week4,371.0 Pinecrest - 31.0 Pleasant Valley
Poplar Heights,Week4,Fairfax Club Estates,Week5,278.0 Poplar Heights - 123.0 Fairfax Club Estates
Pleasant Valley,Week5,Shouse Village,Week1,290.0 Shouse Village - 106.0 Pleasant Valley
Poplar Heights,Week1,Fairfax Station,Week2,275.0 Fairfax Station - 127.0 Poplar Heights
Poplar Heights,Week3,Sleepy Hollow B & R,Week2,206.0 Sleepy Hollow B & R - 196.0 Poplar Heights
Poplar Heights,Week2,Mansion House,Week3,219.5 Mansion House - 182.5 Poplar Heights
Poplar Heights,Week5,Long Branch,Week3,272.0 Poplar Heights - 130.0 Long Branch
Poplar Heights,Week4,Long Branch,Week1,272.0 Poplar Heights - 130.0 Long Branch
Pleasant Valley,Week5,Rutherford,Week2,239.0 Rutherford - 161.0 Pleasant Valley
Poplar Heights,Week4,Fairfax Club Estates,Week1,277.0 Poplar Heights - 125.0 Fairfax Club Estates
Poplar Heights,Week5,Fairfax Club Estates,Week2,293.0 Poplar Heights - 109.0 Fairfax Club Estates
Poplar Heights,Week3,Hayfield Farm,Week2,237.0 Poplar Heights - 165.0 Hayfield Farm
Poplar Heights,Week3,Fairfax Club Estates,Week1,278.0 Poplar Heights - 124.0 Fairfax Club Estates
Poplar Heights,Week4,Hayfield Farm,Week3,205.0 Poplar Heights - 197.0 Hayfield Farm
Poplar Heights,Week4,Fairfax Club Estates,Week3,290.0 Poplar Heights - 112.0 Fairfax Club Estates
Poplar Heights,Week1,Sleepy Hollow Rec,Week2,277.0 Poplar Heights - 125.0 Sleepy Hollow Rec
Pleasant Valley,Week4,Shouse Village,Week3,305.0 Shouse Village - 96.0 Pleasant Valley
Poplar Heights,Week4,Sleepy Hollow B & R,Week3,204.0 Poplar Heights - 198.0 Sleepy Hollow B & R
Pleasant Valley,Week3,Pinecrest,Week2,340.0 Pinecrest - 62.0 Pleasant Valley
Pleasant Valley,Week5,Rutherford,Week3,232.5 Rutherford - 161.5 Pleasant Valley
Poplar Heights,Week3,Sleepy Hollow Rec,Week1,297.0 Poplar Heights - 105.0 Sleepy Hollow Rec
Poplar Heights,Week2,Hayfield Farm,Week3,207.0 Hayfield Farm - 195.0 Poplar Heights
Poplar Heights,Week3,Vienna Woods,Week2,270.0 Vienna Woods - 132.0 Poplar Heights
Poplar Heights,Week2,Long Branch,Week1,258.0 Poplar Heights - 144.0 Long Branch
Pleasant Valley,Week5,Shouse Village,Week3,293.0 Shouse Village - 107.0 Pleasant Valley
Poplar Heights,Week2,Sleepy Hollow Rec,Week1,295.0 Poplar Heights - 107.0 Sleepy Hollow Rec
Poplar Heights,Week1,Vienna Woods,Week4,258.0 Vienna Woods - 144.0 Poplar Heights
Pleasant Valley,Week5,Pinecrest,Week2,348.0 Pinecrest - 54.0 Pleasant Valley
Poplar Heights,Week1,Villa Aquatic,Week4,203.0 Poplar Heights - 199.0 Villa Aquatic
Poplar Heights,Week1,Long Branch,Week5,238.5 Poplar Heights - 163.5 Long Branch
Pleasant Valley,Week5,Rutherford,Week5,245.0 Rutherford - 155.0 Pleasant Valley
Pleasant Valley,Week4,Pinecrest,Week2,361.0 Pinecrest - 40.0 Pleasant Valley
Poplar Heights,Week3,Sleepy Hollow Rec,Week4,302.0 Poplar Heights - 100.0 Sleepy Hollow Rec
Poplar Heights,Week4,Hayfield Farm,Week4,234.0 Poplar Heights - 168.0 Hayfield Farm
Poplar Heights,Week3,Fairfax Club Estates,Week5,265.0 Poplar Heights - 137.0 Fairfax Club Estates
Poplar Heights,Week1,Mansion House,Week3,220.0 Mansion House - 182.0 Poplar Heights
Poplar Heights,Week5,Vienna Aquatic,Week5,295.0 Vienna Aquatic - 107.0 Poplar Heights
Pleasant Valley,Week3,Pinecrest,Week4,350.0 Pinecrest - 52.0 Pleasant Valley
Poplar Heights,Week1,Sleepy Hollow Rec,Week5,267.0 Poplar Heights - 135.0 Sleepy Hollow Rec
Poplar Heights,Week2,Fairfax Club Estates,Week4,265.0 Poplar Heights - 137.0 Fairfax Club Estates
Poplar Heights,Week5,Vienna Woods,Week1,265.0 Vienna Woods - 137.0 Poplar Heights
Poplar Heights,Week4,Hayfield Farm,Week1,221.0 Poplar Heights - 181.0 Hayfield Farm
Poplar Heights,Week3,Hamlet,Week3,282.0 Hamlet - 120.0 Poplar Heights
Poplar Heights,Week1,Vienna Woods,Week3,289.0 Vienna Woods - 113.0 Poplar Heights
Poplar Heights,Week5,Hamlet,Week2,269.0 Hamlet - 133.0 Poplar Heights
Poplar Heights,Week2,Vienna Woods,Week1,268.0 Vienna Woods - 134.0 Poplar Heights
Poplar Heights,Week3,Fairfax Club Estates,Week2,290.0 Poplar Heights - 112.0 Fairfax Club Estates
Pleasant Valley,Week4,Rutherford,Week4,272.0 Rutherford - 129.0 Pleasant Valley
Poplar Heights,Week5,Long Branch,Week5,258.5 Poplar Heights - 143.5 Long Branch
Poplar Heights,Week1,Hayfield Farm,Week5,214.0 Poplar Heights - 188.0 Hayfield Farm
Poplar Heights,Week1,Mansion House,Week5,231.0 Mansion House - 171.0 Poplar Heights
Poplar Heights,Week2,Vienna Woods,Week2,255.0 Vienna Woods - 147.0 Poplar Heights
Poplar Heights,Week3,Sleepy Hollow B & R,Week3,208.0 Sleepy Hollow B & R - 194.0 Poplar Heights
Poplar Heights,Week4,Hamlet,Week4,252.0 Hamlet - 150.0 Poplar Heights
Poplar Heights,Week2,Sleepy Hollow Rec,Week2,290.0 Poplar Heights - 112.0 Sleepy Hollow Rec
Pleasant Valley,Week5,Rutherford,Week4,255.0 Rutherford - 141.0 Pleasant Valley
Poplar Heights,Week2,Vienna Woods,Week4,256.0 Vienna Woods - 146.0 Poplar Heights
Poplar Heights,Week5,Hamlet,Week3,269.0 Hamlet - 133.0 Poplar Heights
Pleasant Valley,Week2,Shouse Village,Week3,306.0 Shouse Village - 96.0 Pleasant Valley
Poplar Heights,Week3,Long Branch,Week2,263.0 Poplar Heights - 139.0 Long Branch
Pleasant Valley,Week3,Shouse Village,Week5,296.0 Shouse Village - 105.0 Pleasant Valley
Pleasant Valley,Week1,Shouse Village,Week2,292.0 Shouse Village - 110.0 Pleasant Valley
Poplar Heights,Week2,Hayfield Farm,Week1,222.0 Poplar Heights - 180.0 Hayfield Farm
Poplar Heights,Week3,Long Branch,Week4,265.0 Poplar Heights - 137.0 Long Branch
Poplar Heights,Week2,Long Branch,Week3,268.0 Poplar Heights - 134.0 Long Branch
Poplar Heights,Week3,Long Branch,Week3,275.0 Poplar Heights - 127.0 Long Branch
Pleasant Valley,Week5,Rutherford,Week1,239.0 Rutherford - 161.0 Pleasant Valley
Poplar Heights,Week1,Hayfield Farm,Week4,202.0 Poplar Heights - 200.0 Hayfield Farm
Pleasant Valley,Week3,Shouse Village,Week3,279.0 Shouse Village - 123.0 Pleasant Valley
Poplar Heights,Week4,Vienna Woods,Week5,314.0 Vienna Woods - 88.0 Poplar Heights
Poplar Heights,Week3,Hayfield Farm,Week4,221.0 Poplar Heights - 181.0 Hayfield Farm
Poplar Heights,Week3,Sleepy Hollow Rec,Week3,276.0 Poplar Heights - 126.0 Sleepy Hollow Rec
Poplar Heights,Week2,Fairfax Club Estates,Week2,289.0 Poplar Heights - 113.0 Fairfax Club Estates
Poplar Heights,Week2,Sleepy Hollow Rec,Week5,285.0 Poplar Heights - 117.0 Sleepy Hollow Rec
Pleasant Valley,Week2,Shouse Village,Week2,299.0 Shouse Village - 103.0 Pleasant Valley
Poplar Heights,Week3,Vienna Woods,Week5,306.0 Vienna Woods - 96.0 Poplar Heights
Poplar Heights,Week3,Long Branch,Week5,257.0 Poplar Heights - 145.0 Long Branch
Poplar Heights,Week4,Long Branch,Week2,263.0 Poplar Heights - 139.0 Long Branch
Poplar Heights,Week4,Sleepy Hollow B & R,Week1,220.0 Poplar Heights - 182.0 Sleepy Hollow B & R
Poplar Heights,Week5,Vienna Woods,Week4,251.5 Vienna Woods - 150.5 Poplar Heights
Poplar Heights,Week1,Sleepy Hollow Rec,Week3,246.0 Poplar Heights - 156.0 Sleepy Hollow Rec
Pleasant Valley,Week2,Shouse Village,Week4,317.5 Shouse Village - 83.5 Pleasant Valley
Poplar Heights,Week5,Sleepy Hollow B & R,Week2,205.0 Poplar Heights - 197.0 Sleepy Hollow B & R
Poplar Heights,Week2,Sleepy Hollow Rec,Week4,293.0 Poplar Heights - 109.0 Sleepy Hollow Rec
Poplar Heights,Week3,Hayfield Farm,Week5,233.0 Poplar Heights - 169.0 Hayfield Farm
Poplar Heights,Week1,Villa Aquatic,Week5,203.0 Villa Aquatic - 199.0 Poplar Heights
Poplar Heights,Week1,Villa Aquatic,Week3,209.0 Villa Aquatic - 193.0 Poplar Heights
Poplar Heights,Week5,Sleepy Hollow B & R,Week5,224.0 Sleepy Hollow B & R - 178.0 Poplar Heights
Poplar Heights,Week4,Long Branch,Week3,278.0 Poplar Heights - 124.0 Long Branch
Poplar Heights,Week1,Villa Aquatic,Week2,212.5 Poplar Heights - 189.5 Villa Aquatic
Poplar Heights,Week3,Hamlet,Week5,275.0 Hamlet - 127.0 Poplar Heights
Poplar Heights,Week2,Long Branch,Week5,255.0 Poplar Heights - 147.0 Long Branch
Poplar Heights,Week2,Villa Aquatic,Week2,233.0 Poplar Heights - 169.0 Villa Aquatic
Pleasant Valley,Week4,Shouse Village,Week1,292.0 Shouse Village - 108.0 Pleasant Valley
Poplar Heights,Week1,Somerset-Olde Creek,Week3,340.0 Poplar Heights - 62.0 Somerset-Olde Creek
Poplar Heights,Week2,Villa Aquatic,Week1,259.0 Poplar Heights - 143.0 Villa Aquatic
Poplar Heights,Week5,Long Branch,Week1,269.0 Poplar Heights - 133.0 Long Branch
Poplar Heights,Week3,Sleepy Hollow B & R,Week5,242.0 Sleepy Hollow B & R - 160.0 Poplar Heights
Poplar Heights,Week5,Villa Aquatic,Week3,215.0 Poplar Heights - 187.0 Villa Aquatic
Poplar Heights,Week4,Hamlet,Week5,282.0 Hamlet - 120.0 Poplar Heights
Pleasant Valley,Week2,Shouse Village,Week1,283.0 Shouse Village - 119.0 Pleasant Valley
Poplar Heights,Week5,Hamlet,Week5,273.0 Hamlet - 129.0 Poplar Heights
Poplar Heights,Week5,Sleepy Hollow Rec,Week5,292.0 Poplar Heights - 110.0 Sleepy Hollow Rec
Poplar Heights,Week1,Mansion House,Week2,209.0 Mansion House - 193.0 Poplar Heights
Poplar Heights,Week1,Hayfield Farm,Week2,206.0 Poplar Heights - 196.0 Hayfield Farm
Pleasant Valley,Week4,Shouse Village,Week2,296.0 Shouse Village - 101.0 Pleasant Valley
Pleasant Valley,Week4,Rutherford,Week5,272.0 Rutherford - 120.0 Pleasant Valley
Pleasant Valley,Week2,Orange Hunt,Week4,301.0 Orange Hunt - 100.0 Pleasant Valley
Poplar Heights,Week3,Sleepy Hollow B & R,Week4,211.0 Sleepy Hollow B & R - 191.0 Poplar Heights
Poplar Heights,Week2,Hayfield Farm,Week2,222.0 Poplar Heights - 180.0 Hayfield Farm
Poplar Heights,Week2,Villa Aquatic,Week4,224.0 Poplar Heights - 178.0 Villa Aquatic
Pleasant Valley,Week3,Shouse Village,Week1,271.0 Shouse Village - 130.0 Pleasant Valley
Poplar Heights,Week3,Village West,Week3,282.0 Poplar Heights - 120.0 Village West
Poplar Heights,Week2,Long Branch,Week4,262.0 Poplar Heights - 140.0 Long Branch
Pleasant Valley,Week2,Orange Hunt,Week2,307.0 Orange Hunt - 94.0 Pleasant Valley
Poplar Heights,Week1,Long Branch,Week4,243.0 Poplar Heights - 159.0 Long Branch
Pleasant Valley,Week2,Shouse Village,Week5,316.0 Shouse Village - 85.0 Pleasant Valley
Poplar Heights,Week4,Sleepy Hollow B & R,Week4,203.0 Sleepy Hollow B & R - 199.0 Poplar Heights
Poplar Heights,Week4,Hamlet,Week3,270.5 Hamlet - 131.5 Poplar Heights
Poplar Heights,Week4,Long Branch,Week5,259.0 Poplar Heights - 143.0 Long Branch
Poplar Heights,Week3,Hamlet,Week4,250.0 Hamlet - 152.0 Poplar Heights
Poplar Heights,Week4,Sleepy Hollow B & R,Week2,209.0 Poplar Heights - 193.0 Sleepy Hollow B & R
Pleasant Valley,Week4,Shouse Village,Week4,326.0 Shouse Village - 75.0 Pleasant Valley
Poplar Heights,Week1,Mansion House,Week4,214.0 Poplar Heights - 188.0 Mansion House
Poplar Heights,Week2,Hayfield Farm,Week4,207.0 Poplar Heights - 195.0 Hayfield Farm
Poplar Heights,Week1,Sleepy Hollow Rec,Week1,273.0 Poplar Heights - 129.0 Sleepy Hollow Rec
Poplar Heights,Week3,Villa Aquatic,Week1,258.0 Poplar Heights - 144.0 Villa Aquatic
Pleasant Valley,Week1,Shouse Village,Week4,315.0 Shouse Village - 87.0 Pleasant Valley
Poplar Heights,Week5,Sleepy Hollow B & R,Week4,206.0 Sleepy Hollow B & R - 196.0 Poplar Heights
Poplar Heights,Week4,Hamlet,Week1,260.0 Hamlet - 142.0 Poplar Heights
Poplar Heights,Week3,Villa Aquatic,Week5,212.0 Poplar Heights - 190.0 Villa Aquatic
Poplar Heights,Week2,Long Branch,Week2,256.0 Poplar Heights - 146.0 Long Branch
Poplar Heights,Week3,Sleepy Hollow B & R,Week1,227.0 Poplar Heights - 175.0 Sleepy Hollow B & R
Poplar Heights,Week3,Long Branch,Week1,266.0 Poplar Heights - 136.0 Long Branch
Poplar Heights,Week2,Villa Aquatic,Week5,204.0 Villa Aquatic - 198.0 Poplar Heights
Pleasant Valley,Week1,Shouse Village,Week1,288.0 Shouse Village - 114.0 Pleasant Valley
Poplar Heights,Week5,Hamlet,Week4,246.0 Hamlet - 156.0 Poplar Heights
Poplar Heights,Week3,Villa Aquatic,Week4,236.0 Poplar Heights - 166.0 Villa Aquatic
Poplar Heights,Week2,Mansion House,Week2,205.0 Poplar Heights - 197.0 Mansion House
Poplar Heights,Week5,Hamlet,Week1,256.0 Hamlet - 146.0 Poplar Heights
Poplar Heights,Week1,Mansion House,Week1,223.0 Mansion House - 179.0 Poplar Heights
Poplar Heights,Week5,Sleepy Hollow B & R,Week3,202.0 Sleepy Hollow B & R - 200.0 Poplar Heights
Pleasant Valley,Week3,Shouse Village,Week4,293.0 Shouse Village - 108.0 Pleasant Valley
Pleasant Valley,Week4,Shouse Village,Week5,314.0 Shouse Village - 84.0 Pleasant Valley
Poplar Heights,Week2,Mansion House,Week5,201.0 Mansion House - 201.0 Poplar Heights
Pleasant Valley,Week3,Orange Hunt,Week5,295.0 Orange Hunt - 106.0 Pleasant Valley
Poplar Heights,Week4,Villa Aquatic,Week1,253.0 Poplar Heights - 149.0 Villa Aquatic
Poplar Heights,Week2,Mantua,Week3,242.0 Mantua - 160.0 Poplar Heights
Poplar Heights,Week2,Fairfax Station,Week3,287.0 Fairfax Station - 115.0 Poplar Heights
Pleasant Valley,Week4,Orange Hunt,Week1,316.0 Orange Hunt - 85.0 Pleasant Valley
Poplar Heights,Week4,Sleepy Hollow Rec,Week3,279.0 Poplar Heights - 123.0 Sleepy Hollow Rec
Pleasant Valley,Week5,Shouse Village,Week2,288.0 Shouse Village - 112.0 Pleasant Valley
Poplar Heights,Week3,Hayfield Farm,Week3,201.0 Hayfield Farm - 201.0 Poplar Heights
Poplar Heights,Week5,Sleepy Hollow B & R,Week1,220.0 Poplar Heights - 182.0 Sleepy Hollow B & R
Poplar Heights,Week3,Villa Aquatic,Week2,231.0 Poplar Heights - 171.0 Villa Aquatic
Pleasant Valley,Week3,Shouse Village,Week2,270.0 Shouse Village - 132.0 Pleasant Valley
Poplar Heights,Week2,Village West,Week1,291.0 Poplar Heights - 111.0 Village West
Pleasant Valley,Week3,Orange Hunt,Week1,285.0 Orange Hunt - 117.0 Pleasant Valley
Poplar Heights,Week4,Sleepy Hollow B & R,Week5,232.0 Sleepy Hollow B & R - 170.0 Poplar Heights
Pleasant Valley,Week5,Shouse Village,Week4,307.5 Shouse Village - 93.5 Pleasant Valley
Poplar Heights,Week2,Villa Aquatic,Week3,211.0 Poplar Heights - 191.0 Villa Aquatic
Pleasant Valley,Week5,Orange Hunt,Week2,285.0 Orange Hunt - 117.0 Pleasant Valley
Poplar Heights,Week2,Mantua,Week1,221.0 Mantua - 180.0 Poplar Heights
Poplar Heights,Week5,Mansion House,Week5,207.0 Mansion House - 195.0 Poplar Heights
Pleasant Valley,Week1,Orange Hunt,Week5,300.0 Orange Hunt - 102.0 Pleasant Valley
Pleasant Valley,Week1,Sideburn Run,Week3,316.0 Sideburn Run - 85.0 Pleasant Valley
Poplar Heights,Week3,Hayfield Farm,Week1,220.0 Poplar Heights - 182.0 Hayfield Farm
Pleasant Valley,Week2,Orange Hunt,Week5,314.0 Orange Hunt - 87.0 Pleasant Valley
Poplar Heights,Week1,Mantua,Week1,236.0 Mantua - 165.0 Poplar Heights
Poplar Heights,Week1,Hayfield Farm,Week3,202.0 Hayfield Farm - 200.0 Poplar Heights
Poplar Heights,Week1,Sleepy Hollow Rec,Week4,275.0 Poplar Heights - 127.0 Sleepy Hollow Rec
Poplar Heights,Week5,Villa Aquatic,Week5,225.0 Poplar Heights - 177.0 Villa Aquatic
Poplar Heights,Week4,Sleepy Hollow Rec,Week1,292.0 Poplar Heights - 110.0 Sleepy Hollow Rec
Pleasant Valley,Week5,Shouse Village,Week5,311.0 Shouse Village - 86.0 Pleasant Valley
Poplar Heights,Week5,Villa Aquatic,Week1,258.0 Poplar Heights - 144.0 Villa Aquatic
Poplar Heights,Week4,Villa Aquatic,Week3,215.0 Poplar Heights - 187.0 Villa Aquatic
Poplar Heights,Week4,Hayfield Farm,Week2,235.0 Poplar Heights - 167.0 Hayfield Farm
Poplar Heights,Week3,Fairfax Station,Week1,250.0 Fairfax Station - 152.0 Poplar Heights
Poplar Heights,Week1,Fairfax Station,Week5,287.0 Fairfax Station - 115.0 Poplar Heights
Poplar Heights,Week3,Sleepy Hollow Rec,Week2,306.0 Poplar Heights - 96.0 Sleepy Hollow Rec
Pleasant Valley,Week4,Orange Hunt,Week5,320.0 Orange Hunt - 81.0 Pleasant Valley
Pleasant Valley,Week5,Orange Hunt,Week4,290.0 Orange Hunt - 106.0 Pleasant Valley
Pleasant Valley,Week1,Sideburn Run,Week1,305.0 Sideburn Run - 97.0 Pleasant Valley
Pleasant Valley,Week5,Old Keene Mill,Week5,243.0 Old Keene Mill - 150.0 Pleasant Valley
Poplar Heights,Week5,Mansion House,Week2,221.0 Poplar Heights - 181.0 Mansion House
Pleasant Valley,Week5,Orange Hunt,Week5,295.0 Orange Hunt - 106.0 Pleasant Valley
Poplar Heights,Week4,Mansion House,Week1,203.0 Poplar Heights - 199.0 Mansion House
Poplar Heights,Week4,Sleepy Hollow Rec,Week4,302.0 Poplar Heights - 100.0 Sleepy Hollow Rec
Pleasant Valley,Week1,Sideburn Run,Week2,303.0 Sideburn Run - 98.0 Pleasant Valley
Poplar Heights,Week5,Fairfax Station,Week5,259.0 Fairfax Station - 143.0 Poplar Heights
Poplar Heights,Week2,Sleepy Hollow Rec,Week3,262.0 Poplar Heights - 140.0 Sleepy Hollow Rec
Poplar Heights,Week5,Villa Aquatic,Week2,234.0 Poplar Heights - 168.0 Villa Aquatic
Poplar Heights,Week5,Sleepy Hollow Rec,Week1,297.0 Poplar Heights - 105.0 Sleepy Hollow Rec
Pleasant Valley,Week1,Sideburn Run,Week5,326.0 Sideburn Run - 75.0 Pleasant Valley
Poplar Heights,Week2,Village West,Week3,277.0 Poplar Heights - 125.0 Village West
Poplar Heights,Week3,Fairfax Station,Week3,274.0 Fairfax Station - 128.0 Poplar Heights
Pleasant Valley,Week4,Orange Hunt,Week3,309.0 Orange Hunt - 91.0 Pleasant Valley
Poplar Heights,Week4,Fairfax Station,Week2,254.0 Fairfax Station - 148.0 Poplar Heights
Poplar Heights,Week5,Mansion House,Week4,228.0 Poplar Heights - 174.0 Mansion House
Poplar Heights,Week4,Sleepy Hollow Rec,Week5,276.0 Poplar Heights - 126.0 Sleepy Hollow Rec
Poplar Heights,Week4,Villa Aquatic,Week2,242.0 Poplar Heights - 160.0 Villa Aquatic
Poplar Heights,Week3,Mansion House,Week2,216.0 Poplar Heights - 186.0 Mansion House
Pleasant Valley,Week4,Orange Hunt,Week2,312.0 Orange Hunt - 89.0 Pleasant Valley
Poplar Heights,Week4,Mansion House,Week5,204.0 Poplar Heights - 198.0 Mansion House
Pleasant Valley,Week1,Sideburn Run,Week4,330.0 Sideburn Run - 71.0 Pleasant Valley
Poplar Heights,Week4,Villa Aquatic,Week5,218.0 Poplar Heights - 184.0 Villa Aquatic
Pleasant Valley,Week1,Sleepy Hollow B & R,Week1,309.0 Sleepy Hollow B & R - 93.0 Pleasant Valley
Poplar Heights,Week3,Mantua,Week1,218.0 Mantua - 184.0 Poplar Heights
Poplar Heights,Week1,Mantua,Week5,259.0 Mantua - 143.0 Poplar Heights
Pleasant Valley,Week3,Orange Hunt,Week4,288.0 Orange Hunt - 114.0 Pleasant Valley
Pleasant Valley,Week3,Sideburn Run,Week1,298.0 Sideburn Run - 104.0 Pleasant Valley
Poplar Heights,Week2,Village West,Week5,287.0 Poplar Heights - 115.0 Village West
Poplar Heights,Week5,Sleepy Hollow Rec,Week4,307.0 Poplar Heights - 95.0 Sleepy Hollow Rec
Poplar Heights,Week1,Village West,Week2,276.0 Poplar Heights - 126.0 Village West
Poplar Heights,Week4,Fairfax Station,Week4,232.0 Fairfax Station - 170.0 Poplar Heights
Poplar Heights,Week2,Mansion House,Week4,223.0 Poplar Heights - 179.0 Mansion House
Poplar Heights,Week5,Sleepy Hollow Rec,Week3,277.0 Poplar Heights - 125.0 Sleepy Hollow Rec
Pleasant Valley,Week2,Sleepy Hollow B & R,Week4,335.0 Sleepy Hollow B & R - 67.0 Pleasant Valley
Poplar Heights,Week3,Sleepy Hollow Rec,Week5,282.0 Poplar Heights - 120.0 Sleepy Hollow Rec
Poplar Heights,Week4,Sleepy Hollow Rec,Week2,310.0 Poplar Heights - 92.0 Sleepy Hollow Rec
Pleasant Valley,Week3,Orange Hunt,Week3,287.0 Orange Hunt - 115.0 Pleasant Valley
Pleasant Valley,Week4,Sideburn Run,Week2,319.0 Sideburn Run - 81.0 Pleasant Valley
Poplar Heights,Week5,Fairfax Station,Week3,253.0 Fairfax Station - 149.0 Poplar Heights
Pleasant Valley,Week4,Orange Hunt,Week4,312.0 Orange Hunt - 83.0 Pleasant Valley
Poplar Heights,Week5,Sleepy Hollow Rec,Week2,312.0 Poplar Heights - 90.0 Sleepy Hollow Rec
Pleasant Valley,Week1,Sleepy Hollow B & R,Week5,338.0 Sleepy Hollow B & R - 64.0 Pleasant Valley
Poplar Heights,Week3,Mansion House,Week3,202.0 Mansion House - 200.0 Poplar Heights
Poplar Heights,Week2,Village West,Week4,288.0 Poplar Heights - 109.0 Village West
Pleasant Valley,Week2,Sideburn Run,Week1,310.0 Sideburn Run - 92.0 Pleasant Valley
Poplar Heights,Week3,Village West,Week1,303.0 Poplar Heights - 99.0 Village West
Poplar Heights,Week3,Fairfax Station,Week2,259.0 Fairfax Station - 143.0 Poplar Heights
Poplar Heights,Week4,Fairfax Station,Week1,231.0 Fairfax Station - 171.0 Poplar Heights
Poplar Heights,Week5,Villa Aquatic,Week4,231.0 Poplar Heights - 171.0 Villa Aquatic
Poplar Heights,Week2,Mantua,Week5,240.0 Mantua - 162.0 Poplar Heights
Pleasant Valley,Week1,Orange Hunt,Week2,289.0 Orange Hunt - 112.0 Pleasant Valley
Pleasant Valley,Week5,Orange Hunt,Week1,300.0 Orange Hunt - 102.0 Pleasant Valley
Poplar Heights,Week2,Fairfax Station,Week2,248.5 Fairfax Station - 153.5 Poplar Heights
Poplar Heights,Week5,Mansion House,Week1,208.0 Poplar Heights - 194.0 Mansion House
Poplar Heights,Week1,Forest Hollow,Week1,207.0 Forest Hollow - 195.0 Poplar Heights
Pleasant Valley,Week5,Sideburn Run,Week1,308.0 Sideburn Run - 93.0 Pleasant Valley
Poplar Heights,Week3,Villa Aquatic,Week3,202.0 Poplar Heights - 200.0 Villa Aquatic
Pleasant Valley,Week5,Orange Hunt,Week3,288.0 Orange Hunt - 113.0 Pleasant Valley
Pleasant Valley,Week5,Sideburn Run,Week4,320.0 Sideburn Run - 80.0 Pleasant Valley
Poplar Heights,Week4,Villa Aquatic,Week4,239.0 Poplar Heights - 163.0 Villa Aquatic
Pleasant Valley,Week5,Sideburn Run,Week2,304.0 Sideburn Run - 96.0 Pleasant Valley
Poplar Heights,Week4,Fairfax Station,Week3,266.0 Fairfax Station - 136.0 Poplar Heights
Poplar Heights,Week4,Fairfax Station,Week5,270.0 Fairfax Station - 132.0 Poplar Heights
Pleasant Valley,Week5,Overlee,Week4,391.0 Overlee - 11.0 Pleasant Valley
Poplar Heights,Week1,Village West,Week5,274.0 Poplar Heights - 128.0 Village West
Pleasant Valley,Week5,Sideburn Run,Week3,321.0 Sideburn Run - 81.0 Pleasant Valley
Poplar Heights,Week2,Village West,Week2,296.0 Poplar Heights - 106.0 Village West
Pleasant Valley,Week4,Overlee,Week1,375.0 Overlee - 27.0 Pleasant Valley
Poplar Heights,Week4,Mansion House,Week2,209.0 Poplar Heights - 193.0 Mansion House
Poplar Heights,Week2,Fairfax Station,Week4,231.0 Fairfax Station - 171.0 Poplar Heights
Poplar Heights,Week2,Fairfax Station,Week5,279.0 Fairfax Station - 123.0 Poplar Heights
Poplar Heights,Week3,Somerset-Olde Creek,Week2,347.0 Poplar Heights - 55.0 Somerset-Olde Creek
Poplar Heights,Week4,Mansion House,Week4,207.0 Poplar Heights - 195.0 Mansion House
Poplar Heights,Week1,Somerset-Olde Creek,Week1,326.0 Poplar Heights - 75.0 Somerset-Olde Creek
Poplar Heights,Week5,Fairfax Station,Week1,226.0 Fairfax Station - 176.0 Poplar Heights
Poplar Heights,Week3,Fairfax Station,Week4,241.5 Fairfax Station - 160.5 Poplar Heights
Poplar Heights,Week3,Village West,Week2,293.0 Poplar Heights - 109.0 Village West
Poplar Heights,Week3,Somerset-Olde Creek,Week5,336.0 Poplar Heights - 66.0 Somerset-Olde Creek
Pleasant Valley,Week4,Overlee,Week5,381.0 Overlee - 21.0 Pleasant Valley
Pleasant Valley,Week3,Sideburn Run,Week4,306.0 Sideburn Run - 96.0 Pleasant Valley
Poplar Heights,Week1,Village West,Week1,279.0 Poplar Heights - 123.0 Village West
Pleasant Valley,Week1,Orange Hunt,Week3,294.0 Orange Hunt - 107.0 Pleasant Valley
Poplar Heights,Week1,Somerset-Olde Creek,Week5,315.0 Poplar Heights - 86.0 Somerset-Olde Creek
Poplar Heights,Week1,Mantua,Week4,238.0 Mantua - 164.0 Poplar Heights
Poplar Heights,Week3,Fairfax Station,Week5,273.0 Fairfax Station - 129.0 Poplar Heights
Pleasant Valley,Week1,Orange Hunt,Week1,305.0 Orange Hunt - 96.0 Pleasant Valley
Pleasant Valley,Week2,Orange Hunt,Week1,308.0 Orange Hunt - 93.0 Pleasant Valley
Pleasant Valley,Week1,Orange Hunt,Week4,294.0 Orange Hunt - 107.0 Pleasant Valley
Pleasant Valley,Week3,Orange Hunt,Week2,284.0 Orange Hunt - 118.0 Pleasant Valley
Poplar Heights,Week4,Mansion House,Week3,214.0 Poplar Heights - 188.0 Mansion House
Pleasant Valley,Week3,Sideburn Run,Week5,319.0 Sideburn Run - 83.0 Pleasant Valley
Poplar Heights,Week5,Somerset-Olde Creek,Week1,343.0 Poplar Heights - 58.0 Somerset-Olde Creek
Poplar Heights,Week3,Mansion House,Week5,203.0 Mansion House - 199.0 Poplar Heights
Poplar Heights,Week1,Village West,Week3,264.0 Poplar Heights - 138.0 Village West
Poplar Heights,Week2,Somerset-Olde Creek,Week4,329.0 Poplar Heights - 72.0 Somerset-Olde Creek
Poplar Heights,Week2,Somerset-Olde Creek,Week3,345.0 Poplar Heights - 56.0 Somerset-Olde Creek
Pleasant Valley,Week4,Sleepy Hollow B & R,Week1,314.0 Sleepy Hollow B & R - 88.0 Pleasant Valley
Poplar Heights,Week1,Forest Hollow,Week2,203.0 Poplar Heights - 199.0 Forest Hollow
Poplar Heights,Week3,Mansion House,Week1,214.0 Poplar Heights - 188.0 Mansion House
Poplar Heights,Week3,Mansion House,Week4,220.0 Poplar Heights - 182.0 Mansion House
Poplar Heights,Week1,Virginia Hills,Week4,342.0 Poplar Heights - 60.0 Virginia Hills
Poplar Heights,Week3,Somerset-Olde Creek,Week3,345.0 Poplar Heights - 57.0 Somerset-Olde Creek
Pleasant Valley,Week2,Sideburn Run,Week4,327.0 Sideburn Run - 74.0 Pleasant Valley
Poplar Heights,Week1,Village West,Week4,276.0 Poplar Heights - 121.0 Village West
Poplar Heights,Week1,Somerset-Olde Creek,Week2,337.0 Poplar Heights - 64.0 Somerset-Olde Creek
Pleasant Valley,Week5,Sleepy Hollow B & R,Week1,299.0 Sleepy Hollow B & R - 103.0 Pleasant Valley
Poplar Heights,Week2,Mantua,Week2,220.0 Mantua - 181.0 Poplar Heights
Pleasant Valley,Week2,Orange Hunt,Week3,293.0 Orange Hunt - 108.0 Pleasant Valley
Pleasant Valley,Week2,Sideburn Run,Week3,324.0 Sideburn Run - 77.0 Pleasant Valley
Poplar Heights,Week5,Mansion House,Week3,208.0 Poplar Heights - 194.0 Mansion House
Pleasant Valley,Week1,Parklawn,Week5,245.0 Parklawn - 143.0 Pleasant Valley
Pleasant Valley,Week3,Overlee,Week3,364.0 Overlee - 38.0 Pleasant Valley
Poplar Heights,Week3,Somerset-Olde Creek,Week4,344.0 Poplar Heights - 58.0 Somerset-Olde Creek
Pleasant Valley,Week3,Sideburn Run,Week2,287.0 Sideburn Run - 115.0 Pleasant Valley
Poplar Heights,Week3,Village West,Week5,287.0 Poplar Heights - 115.0 Village West
Poplar Heights,Week2,Somerset-Olde Creek,Week2,345.0 Poplar Heights - 56.0 Somerset-Olde Creek
Poplar Heights,Week3,Virginia Hills,Week1,349.0 Poplar Heights - 53.0 Virginia Hills
Poplar Heights,Week2,Fairfax Station,Week1,243.0 Fairfax Station - 159.0 Poplar Heights
Poplar Heights,Week4,Somerset-Olde Creek,Week3,349.0 Poplar Heights - 53.0 Somerset-Olde Creek
Poplar Heights,Week5,Fairfax Station,Week2,238.0 Fairfax Station - 164.0 Poplar Heights
Pleasant Valley,Week2,Overlee,Week2,377.0 Overlee - 25.0 Pleasant Valley
Poplar Heights,Week1,Mantua,Week2,224.0 Mantua - 177.0 Poplar Heights
Pleasant Valley,Week2,Sideburn Run,Week5,331.0 Sideburn Run - 70.0 Pleasant Valley
Poplar Heights,Week5,Somerset-Olde Creek,Week4,342.0 Poplar Heights - 59.0 Somerset-Olde Creek
Pleasant Valley,Week3,Sideburn Run,Week3,297.0 Sideburn Run - 105.0 Pleasant Valley
Pleasant Valley,Week4,Sideburn Run,Week5,342.0 Sideburn Run - 59.0 Pleasant Valley
Poplar Heights,Week5,Village West,Week5,288.0 Poplar Heights - 114.0 Village West
Poplar Heights,Week4,Somerset-Olde Creek,Week2,341.0 Poplar Heights - 61.0 Somerset-Olde Creek
Pleasant Valley,Week2,Sideburn Run,Week2,311.0 Sideburn Run - 90.0 Pleasant Valley
Poplar Heights,Week1,Mantua,Week3,264.0 Mantua - 138.0 Poplar Heights
Poplar Heights,Week3,Mantua,Week4,233.0 Mantua - 169.0 Poplar Heights
Poplar Heights,Week2,Mantua,Week4,216.0 Mantua - 186.0 Poplar Heights
Pleasant Valley,Week3,Overlee,Week2,372.0 Overlee - 30.0 Pleasant Valley
Pleasant Valley,Week4,Overlee,Week2,376.0 Overlee - 26.0 Pleasant Valley
Pleasant Valley,Week2,Overlee,Week4,394.0 Overlee - 8.0 Pleasant Valley
Poplar Heights,Week3,Mantua,Week2,227.0 Mantua - 175.0 Poplar Heights
Poplar Heights,Week5,Somerset-Olde Creek,Week3,351.0 Poplar Heights - 46.0 Somerset-Olde Creek
Poplar Heights,Week5,Fairfax Station,Week4,225.0 Fairfax Station - 177.0 Poplar Heights
Poplar Heights,Week5,Village West,Week3,283.0 Poplar Heights - 119.0 Village West
Poplar Heights,Week1,Virginia Hills,Week3,352.0 Poplar Heights - 50.0 Virginia Hills
Poplar Heights,Week3,Mantua,Week3,256.0 Mantua - 146.0 Poplar Heights
Pleasant Valley,Week4,Sideburn Run,Week1,318.0 Sideburn Run - 83.0 Pleasant Valley
Poplar Heights,Week1,Virginia Hills,Week2,354.0 Poplar Heights - 48.0 Virginia Hills
Pleasant Valley,Week5,Overlee,Week2,373.5 Overlee - 28.5 Pleasant Valley
Poplar Heights,Week4,Somerset-Olde Creek,Week4,338.0 Poplar Heights - 64.0 Somerset-Olde Creek
Pleasant Valley,Week5,Overlee,Week1,373.0 Overlee - 29.0 Pleasant Valley
Poplar Heights,Week4,Somerset-Olde Creek,Week5,328.0 Poplar Heights - 74.0 Somerset-Olde Creek
Poplar Heights,Week3,Virginia Hills,Week2,362.0 Poplar Heights - 40.0 Virginia Hills
Pleasant Valley,Week5,Newington Forest,Week1,215.0 Newington Forest - 183.0 Pleasant Valley
Poplar Heights,Week4,Village West,Week3,273.0 Poplar Heights - 129.0 Village West
Pleasant Valley,Week1,Sleepy Hollow B & R,Week2,328.0 Sleepy Hollow B & R - 73.0 Pleasant Valley
Poplar Heights,Week4,Mantua,Week2,227.0 Mantua - 175.0 Poplar Heights
Pleasant Valley,Week1,Sleepy Hollow B & R,Week3,327.0 Sleepy Hollow B & R - 75.0 Pleasant Valley
Pleasant Valley,Week4,Sideburn Run,Week4,337.0 Sideburn Run - 63.0 Pleasant Valley
Pleasant Valley,Week5,Overlee,Week5,384.0 Overlee - 18.0 Pleasant Valley
Poplar Heights,Week3,Village West,Week4,298.0 Poplar Heights - 99.0 Village West
Poplar Heights,Week4,Somerset-Olde Creek,Week1,338.0 Poplar Heights - 64.0 Somerset-Olde Creek
Poplar Heights,Week2,Somerset-Olde Creek,Week5,325.0 Poplar Heights - 75.0 Somerset-Olde Creek
Poplar Heights,Week4,Parklawn,Week1,291.0 Poplar Heights - 102.0 Parklawn
Poplar Heights,Week3,Mantua,Week5,260.0 Mantua - 142.0 Poplar Heights
Pleasant Valley,Week1,Overlee,Week5,387.0 Overlee - 15.0 Pleasant Valley
Poplar Heights,Week4,McLean,Week4,263.0 McLean - 139.0 Poplar Heights
Pleasant Valley,Week1,Overlee,Week2,377.0 Overlee - 25.0 Pleasant Valley
Pleasant Valley,Week2,Sleepy Hollow B & R,Week2,340.0 Sleepy Hollow B & R - 61.0 Pleasant Valley
Poplar Heights,Week4,Virginia Hills,Week1,356.0 Poplar Heights - 46.0 Virginia Hills
Poplar Heights,Week3,Parliament,Week2,256.0 Poplar Heights - 146.0 Parliament
Pleasant Valley,Week2,Overlee,Week3,374.0 Overlee - 28.0 Pleasant Valley
Poplar Heights,Week1,Somerset-Olde Creek,Week4,329.0 Poplar Heights - 72.0 Somerset-Olde Creek
Pleasant Valley,Week2,Sleepy Hollow B & R,Week5,339.5 Sleepy Hollow B & R - 62.5 Pleasant Valley
Poplar Heights,Week2,Virginia Hills,Week1,357.0 Poplar Heights - 45.0 Virginia Hills
Poplar Heights,Week3,Somerset-Olde Creek,Week1,347.0 Poplar Heights - 55.0 Somerset-Olde Creek
Pleasant Valley,Week3,Sleepy Hollow B & R,Week2,308.0 Sleepy Hollow B & R - 94.0 Pleasant Valley
Poplar Heights,Week5,Mantua,Week1,206.0 Mantua - 195.0 Poplar Heights
Poplar Heights,Week4,Mantua,Week1,221.0 Mantua - 181.0 Poplar Heights
Poplar Heights,Week3,McLean,Week3,269.0 McLean - 133.0 Poplar Heights
Poplar Heights,Week3,McLean,Week5,274.0 McLean - 128.0 Poplar Heights
Poplar Heights,Week2,Somerset-Olde Creek,Week1,336.0 Poplar Heights - 64.0 Somerset-Olde Creek
Pleasant Valley,Week4,Overlee,Week3,374.0 Overlee - 28.0 Pleasant Valley
Pleasant Valley,Week2,Sleepy Hollow B & R,Week1,315.0 Sleepy Hollow B & R - 87.0 Pleasant Valley
Poplar Heights,Week5,Mantua,Week3,242.0 Mantua - 160.0 Poplar Heights
Poplar Heights,Week4,Village West,Week1,293.0 Poplar Heights - 109.0 Village West
Pleasant Valley,Week3,Overlee,Week1,368.0 Overlee - 34.0 Pleasant Valley
Poplar Heights,Week2,Virginia Hills,Week2,360.0 Poplar Heights - 42.0 Virginia Hills
Pleasant Valley,Week3,Sleepy Hollow B & R,Week1,296.0 Sleepy Hollow B & R - 106.0 Pleasant Valley
Poplar Heights,Week4,Mantua,Week5,260.0 Mantua - 142.0 Poplar Heights
Poplar Heights,Week3,Virginia Hills,Week5,346.0 Poplar Heights - 56.0 Virginia Hills
Pleasant Valley,Week1,Sleepy Hollow B & R,Week4,329.0 Sleepy Hollow B & R - 73.0 Pleasant Valley
Poplar Heights,Week5,Somerset-Olde Creek,Week2,345.0 Poplar Heights - 56.0 Somerset-Olde Creek
Poplar Heights,Week2,McLean,Week5,275.0 McLean - 127.0 Poplar Heights
Poplar Heights,Week1,Virginia Hills,Week1,344.0 Poplar Heights - 58.0 Virginia Hills
Poplar Heights,Week2,Virginia Hills,Week5,332.0 Poplar Heights - 70.0 Virginia Hills
Pleasant Valley,Week1,Overlee,Week1,370.0 Overlee - 32.0 Pleasant Valley
Poplar Heights,Week1,McLean,Week4,255.0 McLean - 147.0 Poplar Heights
Pleasant Valley,Week1,Parklawn,Week3,237.0 Parklawn - 156.0 Pleasant Valley
Pleasant Valley,Week5,Sideburn Run,Week5,321.0 Sideburn Run - 81.0 Pleasant Valley
Poplar Heights,Week4,Village West,Week5,287.0 Poplar Heights - 115.0 Village West
Poplar Heights,Week4,Parliament,Week3,238.5 Poplar Heights - 163.5 Parliament
Pleasant Valley,Week4,Sideburn Run,Week3,334.0 Sideburn Run - 67.0 Pleasant Valley
Pleasant Valley,Week2,Overlee,Week1,374.0 Overlee - 28.0 Pleasant Valley
Pleasant Valley,Week2,Sleepy Hollow B & R,Week3,339.0 Sleepy Hollow B & R - 63.0 Pleasant Valley
Poplar Heights,Week3,McLean,Week4,250.0 McLean - 152.0 Poplar Heights
Poplar Heights,Week3,Virginia Hills,Week3,354.0 Poplar Heights - 48.0 Virginia Hills
Poplar Heights,Week2,Parliament,Week3,233.0 Poplar Heights - 169.0 Parliament
Pleasant Valley,Week1,Parklawn,Week2,238.0 Parklawn - 155.0 Pleasant Valley
Pleasant Valley,Week1,Overlee,Week4,394.0 Overlee - 8.0 Pleasant Valley
Poplar Heights,Week2,Virginia Hills,Week3,357.0 Poplar Heights - 45.0 Virginia Hills
Poplar Heights,Week1,Parliament,Week2,229.0 Poplar Heights - 173.0 Parliament
Pleasant Valley,Week3,Overlee,Week4,392.0 Overlee - 10.0 Pleasant Valley
Pleasant Valley,Week4,Overlee,Week4,387.0 Overlee - 15.0 Pleasant Valley
Pleasant Valley,Week1,Overlee,Week3,374.0 Overlee - 28.0 Pleasant Valley
Pleasant Valley,Week3,Sleepy Hollow B & R,Week5,322.0 Sleepy Hollow B & R - 80.0 Pleasant Valley
Poplar Heights,Week2,McLean,Week3,260.0 McLean - 142.0 Poplar Heights
Poplar Heights,Week5,Parklawn,Week4,263.0 Poplar Heights - 139.0 Parklawn
Pleasant Valley,Week3,Sleepy Hollow B & R,Week3,310.0 Sleepy Hollow B & R - 92.0 Pleasant Valley
Poplar Heights,Week4,Virginia Hills,Week3,362.0 Poplar Heights - 40.0 Virginia Hills
Pleasant Valley,Week3,Sleepy Hollow B & R,Week4,308.0 Sleepy Hollow B & R - 94.0 Pleasant Valley
Poplar Heights,Week4,Village West,Week4,295.0 Poplar Heights - 102.0 Village West
Poplar Heights,Week3,McLean,Week2,275.0 McLean - 127.0 Poplar Heights
Poplar Heights,Week4,Virginia Hills,Week4,362.0 Poplar Heights - 40.0 Virginia Hills
Poplar Heights,Week4,Mantua,Week3,261.0 Mantua - 141.0 Poplar Heights
Poplar Heights,Week3,Parklawn,Week3,297.0 Poplar Heights - 105.0 Parklawn
Poplar Heights,Week3,Parklawn,Week5,270.5 Poplar Heights - 131.5 Parklawn
Poplar Heights,Week3,Parliament,Week1,228.0 Poplar Heights - 174.0 Parliament
Pleasant Valley,Week4,Sleepy Hollow B & R,Week3,337.0 Sleepy Hollow B & R - 65.0 Pleasant Valley
Poplar Heights,Week5,Village West,Week1,299.0 Poplar Heights - 103.0 Village West
Poplar Heights,Week4,Parklawn,Week3,295.0 Poplar Heights - 106.0 Parklawn
Pleasant Valley,Week4,Sleepy Hollow B & R,Week4,338.0 Sleepy Hollow B & R - 63.0 Pleasant Valley
Pleasant Valley,Week3,Overlee,Week5,385.0 Overlee - 17.0 Pleasant Valley
Pleasant Valley,Week2,Overlee,Week5,390.0 Overlee - 12.0 Pleasant Valley
Poplar Heights,Week1,McLean,Week1,262.0 McLean - 140.0 Poplar Heights
Poplar Heights,Week1,McLean,Week2,275.0 McLean - 127.0 Poplar Heights
Pleasant Valley,Week1,Parklawn,Week1,212.0 Parklawn - 181.0 Pleasant Valley
Poplar Heights,Week2,Parliament,Week2,245.0 Poplar Heights - 156.0 Parliament
Poplar Heights,Week4,Village West,Week2,295.0 Poplar Heights - 107.0 Village West
Pleasant Valley,Week4,Sleepy Hollow B & R,Week2,338.0 Sleepy Hollow B & R - 63.0 Pleasant Valley
Poplar Heights,Week5,Village West,Week2,300.0 Poplar Heights - 102.0 Village West
Poplar Heights,Week4,Parliament,Week1,215.0 Poplar Heights - 186.0 Parliament
Poplar Heights,Week1,McLean,Week3,269.0 McLean - 133.0 Poplar Heights
Poplar Heights,Week4,Mantua,Week4,233.0 Mantua - 169.0 Poplar Heights
Pleasant Valley,Week5,Overlee,Week3,377.0 Overlee - 25.0 Pleasant Valley
Poplar Heights,Week5,Village West,Week4,295.0 Poplar Heights - 102.0 Village West
Pleasant Valley,Week5,Sleepy Hollow B & R,Week4,315.0 Sleepy Hollow B & R - 85.0 Pleasant Valley
Pleasant Valley,Week3,Parklawn,Week3,210.0 Parklawn - 191.0 Pleasant Valley
Poplar Heights,Week1,Parliament,Week5,221.0 Poplar Heights - 177.0 Parliament
Pleasant Valley,Week4,Parklawn,Week1,226.0 Parklawn - 165.0 Pleasant Valley
Poplar Heights,Week4,Parklawn,Week2,278.0 Poplar Heights - 123.0 Parklawn
Poplar Heights,Week5,Virginia Run,Week1,201.0 Poplar Heights - 201.0 Virginia Run
Pleasant Valley,Week4,Sleepy Hollow B & R,Week5,354.0 Sleepy Hollow B & R - 47.0 Pleasant Valley
Pleasant Valley,Week4,Parklawn,Week2,248.0 Parklawn - 145.0 Pleasant Valley
Poplar Heights,Week3,Virginia Hills,Week4,369.0 Poplar Heights - 33.0 Virginia Hills
Poplar Heights,Week4,McLean,Week2,280.0 McLean - 122.0 Poplar Heights
Poplar Heights,Week3,McLean,Week1,258.0 McLean - 144.0 Poplar Heights
Poplar Heights,Week4,Virginia Hills,Week2,362.0 Poplar Heights - 40.0 Virginia Hills
Poplar Heights,Week5,Mantua,Week2,204.0 Mantua - 197.0 Poplar Heights
Pleasant Valley,Week1,Sleepy Hollow Rec,Week1,217.0 Sleepy Hollow Rec - 180.0 Pleasant Valley
Poplar Heights,Week4,Parklawn,Week5,275.0 Poplar Heights - 126.0 Parklawn
Poplar Heights,Week1,Parliament,Week4,234.0 Poplar Heights - 167.0 Parliament
Pleasant Valley,Week1,Sleepy Hollow Rec,Week5,260.0 Sleepy Hollow Rec - 141.0 Pleasant Valley
Pleasant Valley,Week5,Sleepy Hollow B & R,Week3,307.0 Sleepy Hollow B & R - 95.0 Pleasant Valley
Poplar Heights,Week1,Parliament,Week1,200.5 Poplar Heights - 196.5 Parliament
Poplar Heights,Week3,Parklawn,Week4,266.0 Poplar Heights - 136.0 Parklawn
Poplar Heights,Week1,Virginia Hills,Week5,330.0 Poplar Heights - 72.0 Virginia Hills
Poplar Heights,Week2,Virginia Run,Week4,201.0 Poplar Heights - 201.0 Virginia Run
Poplar Heights,Week2,Virginia Hills,Week4,359.0 Poplar Heights - 43.0 Virginia Hills
Poplar Heights,Week4,McLean,Week1,268.0 McLean - 134.0 Poplar Heights
Poplar Heights,Week2,McLean,Week4,252.0 McLean - 150.0 Poplar Heights
Pleasant Valley,Week4,Parklawn,Week4,253.0 Parklawn - 139.0 Pleasant Valley
Poplar Heights,Week5,Virginia Run,Week4,209.0 Poplar Heights - 193.0 Virginia Run
Pleasant Valley,Week3,Parklawn,Week5,217.0 Parklawn - 184.0 Pleasant Valley
Poplar Heights,Week2,Parliament,Week1,218.0 Poplar Heights - 180.0 Parliament
Poplar Heights,Week4,McLean,Week3,275.0 McLean - 127.0 Poplar Heights
Poplar Heights,Week2,Parliament,Week4,253.0 Poplar Heights - 148.0 Parliament
Pleasant Valley,Week2,Parklawn,Week3,223.0 Parklawn - 170.0 Pleasant Valley
Poplar Heights,Week4,Virginia Run,Week3,208.0 Poplar Heights - 194.0 Virginia Run
Poplar Heights,Week2,McLean,Week1,248.0 McLean - 154.0 Poplar Heights
Poplar Heights,Week2,Virginia Run,Week2,214.0 Poplar Heights - 188.0 Virginia Run
Pleasant Valley,Week4,Parklawn,Week3,249.0 Parklawn - 143.0 Pleasant Valley
Pleasant Valley,Week2,Parklawn,Week1,206.0 Parklawn - 186.0 Pleasant Valley
Poplar Heights,Week1,Parliament,Week3,219.0 Poplar Heights - 183.0 Parliament
Pleasant Valley,Week1,Sleepy Hollow Rec,Week4,233.0 Sleepy Hollow Rec - 169.0 Pleasant Valley
Pleasant Valley,Week2,Sleepy Hollow Rec,Week1,228.0 Sleepy Hollow Rec - 169.0 Pleasant Valley
Pleasant Valley,Week1,Parklawn,Week4,239.0 Parklawn - 148.0 Pleasant Valley
Pleasant Valley,Week1,Sleepy Hollow Rec,Week2,234.0 Sleepy Hollow Rec - 167.0 Pleasant Valley
Poplar Heights,Week1,McLean,Week5,284.0 McLean - 118.0 Poplar Heights
Pleasant Valley,Week5,Sleepy Hollow B & R,Week5,326.0 Sleepy Hollow B & R - 75.0 Pleasant Valley
Poplar Heights,Week5,Mantua,Week4,225.0 Mantua - 177.0 Poplar Heights
Poplar Heights,Week3,Parliament,Week3,244.0 Poplar Heights - 158.0 Parliament
Pleasant Valley,Week5,Parklawn,Week1,204.0 Parklawn - 185.0 Pleasant Valley
Pleasant Valley,Week3,Parklawn,Week2,207.0 Parklawn - 193.0 Pleasant Valley
Poplar Heights,Week2,Virginia Run,Week5,215.0 Virginia Run - 187.0 Poplar Heights
Poplar Heights,Week4,Virginia Run,Week2,210.0 Poplar Heights - 192.0 Virginia Run
Poplar Heights,Week4,Parklawn,Week4,264.0 Poplar Heights - 137.0 Parklawn
Poplar Heights,Week3,Mosby Woods,Week4,222.0 Mosby Woods - 180.0 Poplar Heights
Poplar Heights,Week4,Mosby Woods,Week5,226.0 Mosby Woods - 176.0 Poplar Heights
Pleasant Valley,Week2,Parklawn,Week4,232.0 Parklawn - 152.0 Pleasant Valley
Poplar Heights,Week4,Virginia Run,Week5,213.0 Virginia Run - 189.0 Poplar Heights
Poplar Heights,Week5,Parklawn,Week2,291.0 Poplar Heights - 111.0 Parklawn
Pleasant Valley,Week5,Parklawn,Week2,234.0 Parklawn - 164.0 Pleasant Valley
Poplar Heights,Week2,Parliament,Week5,225.0 Poplar Heights - 173.0 Parliament
Poplar Heights,Week4,McLean,Week5,283.0 McLean - 119.0 Poplar Heights
Poplar Heights,Week2,McLean,Week2,263.0 McLean - 139.0 Poplar Heights
Poplar Heights,Week5,Parklawn,Week5,277.0 Poplar Heights - 125.0 Parklawn
Poplar Heights,Week5,Parklawn,Week3,302.0 Poplar Heights - 100.0 Parklawn
Poplar Heights,Week3,Virginia Run,Week5,229.0 Virginia Run - 173.0 Poplar Heights
Poplar Heights,Week3,Parliament,Week4,248.0 Poplar Heights - 154.0 Parliament
Poplar Heights,Week1,Virginia Run,Week3,207.0 Poplar Heights - 195.0 Virginia Run
Poplar Heights,Week4,Mosby Woods,Week2,242.0 Mosby Woods - 160.0 Poplar Heights
Poplar Heights,Week1,Mount Vernon Park,Week1,219.0 Mount Vernon Park - 183.0 Poplar Heights
Pleasant Valley,Week2,Parklawn,Week2,230.0 Parklawn - 162.0 Pleasant Valley
Poplar Heights,Week5,Mantua,Week5,248.0 Mantua - 154.0 Poplar Heights
Poplar Heights,Week5,Virginia Hills,Week5,345.0 Poplar Heights - 57.0 Virginia Hills
Pleasant Valley,Week4,Parklawn,Week5,249.0 Parklawn - 135.0 Pleasant Valley
Pleasant Valley,Week1,Sleepy Hollow Rec,Week3,262.0 Sleepy Hollow Rec - 140.0 Pleasant Valley
Pleasant Valley,Week5,Parklawn,Week5,237.0 Parklawn - 156.0 Pleasant Valley
Pleasant Valley,Week5,Parklawn,Week4,240.0 Parklawn - 152.0 Pleasant Valley
Pleasant Valley,Week5,Sleepy Hollow B & R,Week2,314.0 Sleepy Hollow B & R - 87.0 Pleasant Valley
Poplar Heights,Week5,Virginia Run,Week2,222.0 Poplar Heights - 180.0 Virginia Run
Poplar Heights,Week5,Parklawn,Week1,300.0 Poplar Heights - 93.0 Parklawn
Poplar Heights,Week5,Mosby Woods,Week4,214.0 Mosby Woods - 188.0 Poplar Heights
Poplar Heights,Week3,Virginia Run,Week2,206.0 Poplar Heights - 196.0 Virginia Run
Pleasant Valley,Week5,Parklawn,Week3,227.0 Parklawn - 169.0 Pleasant Valley
Poplar Heights,Week5,Virginia Hills,Week2,361.0 Poplar Heights - 41.0 Virginia Hills
Poplar Heights,Week3,Mosby Woods,Week3,240.0 Mosby Woods - 162.0 Poplar Heights
Poplar Heights,Week1,Virginia Run,Week1,219.0 Virginia Run - 183.0 Poplar Heights
Pleasant Valley,Week1,Parliament,Week2,271.0 Parliament - 130.0 Pleasant Valley
Poplar Heights,Week5,McLean,Week1,260.0 McLean - 142.0 Poplar Heights
Poplar Heights,Week5,Virginia Hills,Week4,364.0 Poplar Heights - 38.0 Virginia Hills
Poplar Heights,Week2,Mosby Woods,Week1,257.0 Mosby Woods - 145.0 Poplar Heights
Pleasant Valley,Week1,Parliament,Week1,290.0 Parliament - 112.0 Pleasant Valley
Pleasant Valley,Week3,Parklawn,Week4,227.0 Parklawn - 170.0 Pleasant Valley
Poplar Heights,Week5,Parliament,Week2,249.0 Poplar Heights - 153.0 Parliament
Poplar Heights,Week1,Pinecrest,Week5,254.0 Pinecrest - 148.0 Poplar Heights
Poplar Heights,Week4,Parliament,Week2,251.0 Poplar Heights - 151.0 Parliament
Pleasant Valley,Week1,Parliament,Week3,278.0 Parliament - 124.0 Pleasant Valley
Poplar Heights,Week1,Pinecrest,Week4,248.0 Pinecrest - 154.0 Poplar Heights
Poplar Heights,Week4,Virginia Hills,Week5,342.0 Poplar Heights - 60.0 Virginia Hills
Pleasant Valley,Week2,Parklawn,Week5,236.0 Parklawn - 152.0 Pleasant Valley
Poplar Heights,Week1,Virginia Run,Week5,225.0 Virginia Run - 177.0 Poplar Heights
Poplar Heights,Week3,Parliament,Week5,240.0 Poplar Heights - 162.0 Parliament
Poplar Heights,Week1,Mosby Woods,Week4,230.0 Mosby Woods - 172.0 Poplar Heights
Poplar Heights,Week4,Mosby Woods,Week1,252.0 Mosby Woods - 150.0 Poplar Heights
Poplar Heights,Week3,Pinecrest,Week1,223.0 Pinecrest - 179.0 Poplar Heights
Poplar Heights,Week1,Mosby Woods,Week1,263.0 Mosby Woods - 139.0 Poplar Heights
Poplar Heights,Week1,Mosby Woods,Week3,264.0 Mosby Woods - 138.0 Poplar Heights
Poplar Heights,Week2,Mosby Woods,Week5,242.0 Mosby Woods - 160.0 Poplar Heights
Poplar Heights,Week3,Virginia Run,Week3,219.5 Poplar Heights - 182.5 Virginia Run
Poplar Heights,Week4,Virginia Run,Week1,206.0 Virginia Run - 196.0 Poplar Heights
Poplar Heights,Week3,Virginia Run,Week4,212.0 Poplar Heights - 190.0 Virginia Run
Poplar Heights,Week3,Mosby Woods,Week2,246.0 Mosby Woods - 156.0 Poplar Heights
Pleasant Valley,Week3,Parklawn,Week1,215.0 Pleasant Valley - 177.0 Parklawn
Poplar Heights,Week3,Pinecrest,Week2,252.0 Pinecrest - 150.0 Poplar Heights
Poplar Heights,Week3,Pinecrest,Week3,246.0 Pinecrest - 156.0 Poplar Heights
Poplar Heights,Week2,Wakefield Chapel,Week1,279.5 Wakefield Chapel - 122.5 Poplar Heights
Poplar Heights,Week4,Parliament,Week5,225.5 Poplar Heights - 175.5 Parliament
Poplar Heights,Week2,Pinecrest,Week2,238.0 Pinecrest - 164.0 Poplar Heights
Poplar Heights,Week5,Virginia Hills,Week3,366.0 Poplar Heights - 36.0 Virginia Hills
Poplar Heights,Week1,Mosby Woods,Week5,261.0 Mosby Woods - 141.0 Poplar Heights
Poplar Heights,Week5,Parliament,Week1,221.0 Poplar Heights - 177.0 Parliament
Poplar Heights,Week5,Virginia Hills,Week1,358.0 Poplar Heights - 44.0 Virginia Hills
Poplar Heights,Week5,Pinecrest,Week4,244.0 Pinecrest - 158.0 Poplar Heights
Poplar Heights,Week2,Virginia Run,Week3,224.0 Poplar Heights - 178.0 Virginia Run
Poplar Heights,Week4,Virginia Run,Week4,214.0 Poplar Heights - 188.0 Virginia Run
Poplar Heights,Week5,Parliament,Week4,244.0 Poplar Heights - 157.0 Parliament
Poplar Heights,Week5,Mosby Woods,Week2,238.0 Mosby Woods - 164.0 Poplar Heights
Poplar Heights,Week2,Virginia Run,Week1,208.0 Poplar Heights - 194.0 Virginia Run
Poplar Heights,Week5,McLean,Week3,263.0 McLean - 139.0 Poplar Heights
Poplar Heights,Week5,Pinecrest,Week1,224.0 Pinecrest - 178.0 Poplar Heights
Poplar Heights,Week2,Wakefield Chapel,Week5,285.0 Wakefield Chapel - 117.0 Poplar Heights
Poplar Heights,Week1,Virginia Run,Week2,203.0 Poplar Heights - 199.0 Virginia Run
Poplar Heights,Week1,Virginia Run,Week4,203.0 Poplar Heights - 199.0 Virginia Run
Poplar Heights,Week1,Pinecrest,Week1,237.0 Pinecrest - 165.0 Poplar Heights
Poplar Heights,Week5,Parliament,Week5,238.0 Poplar Heights - 160.0 Parliament
Poplar Heights,Week2,Pinecrest,Week5,252.0 Pinecrest - 150.0 Poplar Heights
Poplar Heights,Week4,Pinecrest,Week4,240.5 Pinecrest - 161.5 Poplar Heights
Poplar Heights,Week5,Mosby Woods,Week3,231.0 Mosby Woods - 171.0 Poplar Heights
Poplar Heights,Week5,McLean,Week4,252.0 McLean - 150.0 Poplar Heights
Poplar Heights,Week1,Mosby Woods,Week2,251.0 Mosby Woods - 151.0 Poplar Heights
Poplar Heights,Week2,Mosby Woods,Week2,251.0 Mosby Woods - 151.0 Poplar Heights
Poplar Heights,Week5,McLean,Week5,279.0 McLean - 123.0 Poplar Heights
Poplar Heights,Week2,Mosby Woods,Week3,255.0 Mosby Woods - 147.0 Poplar Heights
Poplar Heights,Week4,Parliament,Week4,237.0 Poplar Heights - 165.0 Parliament
Poplar Heights,Week5,Virginia Run,Week3,218.0 Poplar Heights - 184.0 Virginia Run
Poplar Heights,Week3,Virginia Run,Week1,207.0 Virginia Run - 195.0 Poplar Heights
Poplar Heights,Week3,Pinecrest,Week4,251.0 Pinecrest - 151.0 Poplar Heights
Poplar Heights,Week2,Mosby Woods,Week4,226.0 Mosby Woods - 176.0 Poplar Heights
Poplar Heights,Week4,Wakefield Chapel,Week2,284.0 Wakefield Chapel - 118.0 Poplar Heights
Poplar Heights,Week5,Parliament,Week3,235.0 Poplar Heights - 167.0 Parliament
Poplar Heights,Week3,Wakefield Chapel,Week2,280.0 Wakefield Chapel - 122.0 Poplar Heights
Poplar Heights,Week3,Wakefield Chapel,Week5,294.0 Wakefield Chapel - 108.0 Poplar Heights
Poplar Heights,Week2,Wakefield Chapel,Week4,276.0 Wakefield Chapel - 126.0 Poplar Heights
Poplar Heights,Week4,Mosby Woods,Week3,232.0 Mosby Woods - 170.0 Poplar Heights
Poplar Heights,Week2,Pinecrest,Week1,226.0 Pinecrest - 176.0 Poplar Heights
Poplar Heights,Week5,McLean,Week2,261.0 McLean - 141.0 Poplar Heights
Poplar Heights,Week4,Pinecrest,Week3,257.0 Pinecrest - 145.0 Poplar Heights
Poplar Heights,Week5,Pinecrest,Week2,246.0 Pinecrest - 156.0 Poplar Heights
Poplar Heights,Week3,Mosby Woods,Week1,254.0 Mosby Woods - 148.0 Poplar Heights
Poplar Heights,Week5,Pinecrest,Week5,252.0 Pinecrest - 150.0 Poplar Heights
Poplar Heights,Week4,Wakefield Chapel,Week1,287.0 Wakefield Chapel - 115.0 Poplar Heights
Poplar Heights,Week4,Pinecrest,Week1,225.0 Pinecrest - 177.0 Poplar Heights
Poplar Heights,Week1,Mount Vernon Park,Week3,232.5 Mount Vernon Park - 169.5 Poplar Heights
Poplar Heights,Week1,Pinewood Lake,Week1,363.0 Poplar Heights - 34.0 Pinewood Lake
Poplar Heights,Week2,Wakefield Chapel,Week2,279.0 Wakefield Chapel - 123.0 Poplar Heights
Poplar Heights,Week2,Pinecrest,Week3,247.0 Pinecrest - 155.0 Poplar Heights
Poplar Heights,Week3,Wakefield Chapel,Week3,291.0 Wakefield Chapel - 111.0 Poplar Heights
Poplar Heights,Week3,Mosby Woods,Week5,241.0 Mosby Woods - 161.0 Poplar Heights
Poplar Heights,Week1,Wakefield Chapel,Week3,300.0 Wakefield Chapel - 102.0 Poplar Heights
Poplar Heights,Week5,Virginia Run,Week5,201.0 Poplar Heights - 201.0 Virginia Run
Poplar Heights,Week4,Wakefield Chapel,Week4,266.0 Wakefield Chapel - 136.0 Poplar Heights
Poplar Heights,Week2,Mount Vernon Park,Week1,210.0 Mount Vernon Park - 192.0 Poplar Heights
Poplar Heights,Week3,Pinecrest,Week5,247.0 Pinecrest - 155.0 Poplar Heights
Poplar Heights,Week1,Pinecrest,Week3,251.0 Pinecrest - 151.0 Poplar Heights
Poplar Heights,Week1,Mount Vernon Park,Week5,233.0 Mount Vernon Park - 169.0 Poplar Heights
Poplar Heights,Week3,Wakefield Chapel,Week1,295.0 Wakefield Chapel - 107.0 Poplar Heights
Poplar Heights,Week1,Mount Vernon Park,Week2,218.0 Mount Vernon Park - 184.0 Poplar Heights
Poplar Heights,Week4,Pinecrest,Week5,254.0 Pinecrest - 148.0 Poplar Heights
Poplar Heights,Week5,Mosby Woods,Week1,237.0 Mosby Woods - 165.0 Poplar Heights
Poplar Heights,Week1,Mount Vernon Park,Week4,220.0 Mount Vernon Park - 182.0 Poplar Heights
Poplar Heights,Week4,Mosby Woods,Week4,214.0 Mosby Woods - 188.0 Poplar Heights
Poplar Heights,Week1,Pinecrest,Week2,250.0 Pinecrest - 152.0 Poplar Heights
Poplar Heights,Week3,Wakefield Chapel,Week4,271.0 Wakefield Chapel - 131.0 Poplar Heights
Poplar Heights,Week5,Mosby Woods,Week5,229.0 Mosby Woods - 173.0 Poplar Heights
Pleasant Valley,Week5,North Springfield,Week3,197.0 Pleasant Valley - 189.0 North Springfield
Pleasant Valley,Week1,Oakton ,Week4,361.0 Oakton - 40.0 Pleasant Valley
Poplar Heights,Week5,Mount Vernon Park,Week2,201.0 Mount Vernon Park - 201.0 Poplar Heights
Poplar Heights,Week5,Pinecrest,Week3,252.0 Pinecrest - 150.0 Poplar Heights
Poplar Tree,Week2,Annandale,Week5,268.0 Poplar Tree - 134.0 Annandale
Poplar Heights,Week4,Wakefield Chapel,Week5,305.0 Wakefield Chapel - 97.0 Poplar Heights
Poplar Heights,Week2,Newington Forest,Week3,301.0 Poplar Heights - 101.0 Newington Forest
Poplar Heights,Week2,Newington Forest,Week1,311.0 Poplar Heights - 90.0 Newington Forest
Pleasant Valley,Week4,Oakton ,Week2,360.0 Oakton - 42.0 Pleasant Valley
Poplar Tree,Week3,Annandale,Week3,287.0 Poplar Tree - 115.0 Annandale
Poplar Heights,Week2,Wakefield Chapel,Week3,285.0 Wakefield Chapel - 117.0 Poplar Heights
Poplar Heights,Week1,Pinewood Lake,Week2,351.0 Poplar Heights - 46.0 Pinewood Lake
Poplar Heights,Week5,Wakefield Chapel,Week1,285.0 Wakefield Chapel - 117.0 Poplar Heights
Poplar Heights,Week1,Newington Forest,Week1,285.0 Poplar Heights - 116.0 Newington Forest
Poplar Heights,Week4,Wakefield Chapel,Week3,298.0 Wakefield Chapel - 104.0 Poplar Heights
Poplar Heights,Week2,Mount Vernon Park,Week3,228.0 Mount Vernon Park - 174.0 Poplar Heights
Pleasant Valley,Week2,Oakton ,Week2,358.0 Oakton - 44.0 Pleasant Valley
Poplar Heights,Week5,Wakefield Chapel,Week2,262.0 Wakefield Chapel - 140.0 Poplar Heights
Poplar Heights,Week4,Pinecrest,Week2,236.0 Pinecrest - 166.0 Poplar Heights
Poplar Heights,Week2,Pinecrest,Week4,235.0 Pinecrest - 167.0 Poplar Heights
Poplar Heights,Week3,Woodley,Week4,300.0 Poplar Heights - 102.0 Woodley
Poplar Heights,Week2,Pinewood Lake,Week4,359.0 Poplar Heights - 41.0 Pinewood Lake
Poplar Heights,Week1,Wakefield Chapel,Week1,293.0 Wakefield Chapel - 109.0 Poplar Heights
Pleasant Valley,Week1,Oakton ,Week5,362.0 Oakton - 40.0 Pleasant Valley
Poplar Heights,Week2,Pinewood Lake,Week5,349.0 Poplar Heights - 51.0 Pinewood Lake
Poplar Heights,Week4,Pinewood Lake,Week3,368.0 Poplar Heights - 31.0 Pinewood Lake
Poplar Heights,Week1,Pinewood Lake,Week4,354.0 Poplar Heights - 46.0 Pinewood Lake
Pleasant Valley,Week4,Oakton ,Week4,352.0 Oakton - 49.0 Pleasant Valley
Poplar Tree,Week1,Annandale,Week1,297.0 Poplar Tree - 105.0 Annandale
Poplar Heights,Week5,Mount Vernon Park,Week4,203.0 Mount Vernon Park - 199.0 Poplar Heights
Poplar Heights,Week2,Pinewood Lake,Week1,362.0 Poplar Heights - 34.0 Pinewood Lake
Poplar Tree,Week1,Annandale,Week4,300.0 Poplar Tree - 102.0 Annandale
Poplar Tree,Week4,Annandale,Week4,277.0 Poplar Tree - 125.0 Annandale
Poplar Heights,Week1,Wakefield Chapel,Week5,296.0 Wakefield Chapel - 106.0 Poplar Heights
Poplar Heights,Week2,Mount Vernon Park,Week4,208.0 Mount Vernon Park - 194.0 Poplar Heights
Pleasant Valley,Week4,Oakton ,Week3,347.0 Oakton - 45.0 Pleasant Valley
Pleasant Valley,Week1,Oakton ,Week2,355.0 Oakton - 47.0 Pleasant Valley
Pleasant Valley,Week5,North Springfield,Week4,221.0 Pleasant Valley - 158.0 North Springfield
Poplar Heights,Week2,Pinewood Lake,Week2,357.0 Poplar Heights - 40.0 Pinewood Lake
Pleasant Valley,Week1,Oakton ,Week1,360.0 Oakton - 41.0 Pleasant Valley
Poplar Heights,Week2,Mount Vernon Park,Week2,202.0 Mount Vernon Park - 200.0 Poplar Heights
Poplar Tree,Week1,Annandale,Week5,288.0 Poplar Tree - 114.0 Annandale
Poplar Heights,Week1,Pleasant Valley,Week4,309.0 Poplar Heights - 92.0 Pleasant Valley
Poplar Heights,Week4,Pinewood Lake,Week2,363.0 Poplar Heights - 36.0 Pinewood Lake
Poplar Heights,Week4,Woodley,Week5,290.0 Poplar Heights - 112.0 Woodley
Poplar Heights,Week1,Pinewood Lake,Week5,350.0 Poplar Heights - 50.0 Pinewood Lake
Poplar Tree,Week3,Annandale,Week1,303.0 Poplar Tree - 99.0 Annandale
Pleasant Valley,Week5,Oakton ,Week1,342.0 Oakton - 60.0 Pleasant Valley
Poplar Heights,Week2,Mount Vernon Park,Week5,243.0 Mount Vernon Park - 159.0 Poplar Heights
Poplar Heights,Week1,Wakefield Chapel,Week4,283.5 Wakefield Chapel - 118.5 Poplar Heights
Poplar Heights,Week3,Mount Vernon Park,Week3,226.0 Mount Vernon Park - 176.0 Poplar Heights
Poplar Heights,Week4,Mount Vernon Park,Week1,213.0 Mount Vernon Park - 189.0 Poplar Heights
Poplar Heights,Week1,Wakefield Chapel,Week2,291.0 Wakefield Chapel - 111.0 Poplar Heights
Poplar Heights,Week5,Mount Vernon Park,Week5,228.0 Mount Vernon Park - 174.0 Poplar Heights
Pleasant Valley,Week3,Oakton ,Week2,348.0 Oakton - 54.0 Pleasant Valley
Poplar Heights,Week3,Mount Vernon Park,Week2,222.0 Mount Vernon Park - 180.0 Poplar Heights
Poplar Heights,Week4,Mount Vernon Park,Week5,244.0 Mount Vernon Park - 158.0 Poplar Heights
Poplar Tree,Week2,Annandale,Week1,284.0 Poplar Tree - 118.0 Annandale
Pleasant Valley,Week3,Oakton ,Week1,339.0 Oakton - 63.0 Pleasant Valley
Poplar Heights,Week4,Pinewood Lake,Week1,363.0 Poplar Heights - 35.0 Pinewood Lake
Poplar Heights,Week1,Pinewood Lake,Week3,355.0 Poplar Heights - 41.0 Pinewood Lake
Poplar Heights,Week4,Woodley,Week2,304.0 Poplar Heights - 98.0 Woodley
Poplar Heights,Week3,Pinewood Lake,Week4,366.0 Poplar Heights - 35.0 Pinewood Lake
Pleasant Valley,Week2,Oakton ,Week3,348.0 Oakton - 54.0 Pleasant Valley
Poplar Tree,Week2,Annandale,Week2,280.0 Poplar Tree - 122.0 Annandale
Poplar Heights,Week3,Woodley,Week3,298.0 Poplar Heights - 104.0 Woodley
Poplar Heights,Week4,Pinewood Lake,Week5,361.0 Poplar Heights - 39.0 Pinewood Lake
Poplar Heights,Week3,Pinewood Lake,Week2,367.0 Poplar Heights - 34.0 Pinewood Lake
Poplar Heights,Week5,Woodley,Week5,294.0 Poplar Heights - 108.0 Woodley
Poplar Heights,Week4,Mount Vernon Park,Week4,220.0 Mount Vernon Park - 182.0 Poplar Heights
Poplar Heights,Week5,Woodley,Week4,304.0 Poplar Heights - 98.0 Woodley
Poplar Tree,Week2,Annandale,Week3,281.0 Poplar Tree - 121.0 Annandale
Pleasant Valley,Week2,Oakton ,Week5,364.0 Oakton - 38.0 Pleasant Valley
Poplar Tree,Week1,Annandale,Week2,300.0 Poplar Tree - 102.0 Annandale
Poplar Heights,Week5,Mount Vernon Park,Week1,210.5 Poplar Heights - 191.5 Mount Vernon Park
Poplar Heights,Week3,Mount Vernon Park,Week1,216.0 Mount Vernon Park - 186.0 Poplar Heights
Poplar Heights,Week1,Newington Forest,Week5,248.0 Poplar Heights - 154.0 Newington Forest
Poplar Tree,Week2,Annandale,Week4,290.0 Poplar Tree - 112.0 Annandale
Pleasant Valley,Week5,Oakton ,Week2,347.0 Oakton - 55.0 Pleasant Valley
Poplar Heights,Week3,Mount Vernon Park,Week5,237.0 Mount Vernon Park - 165.0 Poplar Heights
Poplar Heights,Week3,Pinewood Lake,Week3,370.0 Poplar Heights - 31.0 Pinewood Lake
Poplar Heights,Week4,Woodley,Week3,310.0 Poplar Heights - 92.0 Woodley
Poplar Tree,Week1,Annandale,Week3,292.0 Poplar Tree - 110.0 Annandale
Poplar Heights,Week4,Mount Vernon Park,Week2,219.0 Mount Vernon Park - 183.0 Poplar Heights
Poplar Heights,Week4,Woodley,Week4,302.0 Poplar Heights - 100.0 Woodley
Poplar Heights,Week3,Mount Vernon Park,Week4,218.0 Mount Vernon Park - 184.0 Poplar Heights
Pleasant Valley,Week5,North Springfield,Week5,187.0 North Springfield - 172.0 Pleasant Valley
Poplar Heights,Week4,Pinewood Lake,Week4,365.5 Poplar Heights - 34.5 Pinewood Lake
Poplar Heights,Week2,Newington Forest,Week2,297.0 Poplar Heights - 104.0 Newington Forest
Pleasant Valley,Week3,Oakton ,Week5,355.0 Oakton - 47.0 Pleasant Valley
Poplar Heights,Week1,Newington Forest,Week4,272.0 Poplar Heights - 130.0 Newington Forest
Pleasant Valley,Week5,Oakton ,Week3,334.0 Oakton - 63.0 Pleasant Valley
Poplar Heights,Week3,Pinewood Lake,Week5,359.0 Poplar Heights - 42.0 Pinewood Lake
Pleasant Valley,Week1,Oakton ,Week3,342.0 Oakton - 60.0 Pleasant Valley
Poplar Heights,Week3,Pinewood Lake,Week1,371.0 Poplar Heights - 30.0 Pinewood Lake
Pleasant Valley,Week2,Oakton ,Week1,352.0 Oakton - 49.0 Pleasant Valley
Pleasant Valley,Week2,Oakton ,Week4,358.0 Oakton - 43.0 Pleasant Valley
Pleasant Valley,Week4,Oakton ,Week5,356.0 Oakton - 46.0 Pleasant Valley
Poplar Heights,Week5,Pinewood Lake,Week2,363.0 Poplar Heights - 29.0 Pinewood Lake
Poplar Heights,Week4,Mount Vernon Park,Week3,224.0 Mount Vernon Park - 178.0 Poplar Heights
Poplar Heights,Week5,Pinewood Lake,Week3,368.0 Poplar Heights - 24.0 Pinewood Lake
Poplar Heights,Week1,Newington Forest,Week3,284.0 Poplar Heights - 118.0 Newington Forest
Poplar Heights,Week3,Woodley,Week2,299.0 Poplar Heights - 103.0 Woodley
Poplar Heights,Week5,Newington Forest,Week5,273.0 Poplar Heights - 129.0 Newington Forest
Poplar Heights,Week5,Pinewood Lake,Week4,364.0 Poplar Heights - 31.0 Pinewood Lake
Poplar Heights,Week1,Pleasant Valley,Week3,277.0 Poplar Heights - 125.0 Pleasant Valley
Poplar Heights,Week3,Woodley,Week5,284.0 Poplar Heights - 118.0 Woodley
Poplar Heights,Week4,Newington Forest,Week5,264.0 Poplar Heights - 138.0 Newington Forest
Poplar Heights,Week1,Newington Forest,Week2,285.0 Poplar Heights - 116.0 Newington Forest
Poplar Heights,Week5,Woodley,Week1,304.0 Poplar Heights - 98.0 Woodley
Poplar Heights,Week2,Pinewood Lake,Week3,364.0 Poplar Heights - 33.0 Pinewood Lake
Poplar Heights,Week1,Pleasant Valley,Week2,308.0 Poplar Heights - 93.0 Pleasant Valley
Poplar Heights,Week5,Woodley,Week2,308.0 Poplar Heights - 94.0 Woodley
Pleasant Valley,Week4,Oakton ,Week1,354.0 Oakton - 47.0 Pleasant Valley
Pleasant Valley,Week3,Oakton ,Week4,350.0 Oakton - 52.0 Pleasant Valley
Poplar Heights,Week5,Mount Vernon Park,Week3,207.0 Mount Vernon Park - 195.0 Poplar Heights
Poplar Heights,Week5,Woodley,Week3,312.0 Poplar Heights - 90.0 Woodley
Pleasant Valley,Week3,Oakton ,Week3,338.0 Oakton - 64.0 Pleasant Valley
Poplar Heights,Week5,Newington Forest,Week3,300.0 Poplar Heights - 102.0 Newington Forest
Poplar Heights,Week1,Pleasant Valley,Week1,303.0 Poplar Heights - 98.0 Pleasant Valley
Poplar Heights,Week5,Pinewood Lake,Week1,363.0 Poplar Heights - 29.0 Pinewood Lake
Poplar Heights,Week2,Newington Forest,Week4,287.0 Poplar Heights - 115.0 Newington Forest
Poplar Heights,Week4,Woodley,Week1,307.0 Poplar Heights - 95.0 Woodley
Poplar Heights,Week5,Pleasant Valley,Week4,329.0 Poplar Heights - 73.0 Pleasant Valley
Poplar Heights,Week2,North Springfield,Week5,278.0 Poplar Heights - 96.0 North Springfield
Poplar Heights,Week3,North Springfield,Week2,317.0 Poplar Heights - 71.0 North Springfield
Poplar Heights,Week4,Newington Forest,Week3,291.0 Poplar Heights - 111.0 Newington Forest
Poplar Tree,Week3,Annandale,Week5,289.0 Poplar Tree - 113.0 Annandale
Poplar Heights,Week4,Pleasant Valley,Week3,301.0 Poplar Heights - 101.0 Pleasant Valley
Poplar Heights,Week4,Pleasant Valley,Week5,314.0 Poplar Heights - 87.0 Pleasant Valley
Poplar Tree,Week3,Annandale,Week2,298.0 Poplar Tree - 104.0 Annandale
Poplar Heights,Week1,North Springfield,Week4,308.0 Poplar Heights - 83.0 North Springfield
Poplar Heights,Week3,North Springfield,Week5,285.0 Poplar Heights - 88.0 North Springfield
Poplar Heights,Week2,Poplar Heights,Week2,200.5 Poplar Heights (PH1) - 200.5 Poplar Heights (PH2)
Poplar Tree,Week5,Annandale,Week3,305.0 Poplar Tree - 97.0 Annandale
Poplar Tree,Week4,Annandale,Week3,265.0 Poplar Tree - 137.0 Annandale
Poplar Heights,Week2,Pleasant Valley,Week4,313.0 Poplar Heights - 86.0 Pleasant Valley
Poplar Tree,Week3,Arlington Forest,Week1,229.0 Poplar Tree - 173.0 Arlington Forest
Poplar Heights,Week3,Newington Forest,Week3,286.0 Poplar Heights - 116.0 Newington Forest
Poplar Tree,Week5,Arlington Forest,Week4,240.0 Poplar Tree - 162.0 Arlington Forest
Poplar Tree,Week4,Arlington Forest,Week3,231.0 Poplar Tree - 171.0 Arlington Forest
Poplar Heights,Week3,Newington Forest,Week2,283.0 Poplar Heights - 119.0 Newington Forest
Poplar Tree,Week3,Annandale,Week4,301.0 Poplar Tree - 101.0 Annandale
Poplar Heights,Week2,Pleasant Valley,Week5,302.0 Poplar Heights - 98.0 Pleasant Valley
Poplar Heights,Week1,Poplar Heights,Week1,200.5 Poplar Heights (PH1) - 200.5 Poplar Heights (PH2)
Poplar Heights,Week4,Newington Forest,Week1,310.0 Poplar Heights - 91.0 Newington Forest
Poplar Tree,Week4,Arlington Forest,Week5,212.0 Arlington Forest - 190.0 Poplar Tree
Poplar Heights,Week3,Newington Forest,Week4,277.0 Poplar Heights - 125.0 Newington Forest
Poplar Tree,Week4,Annandale,Week2,265.5 Poplar Tree - 136.5 Annandale
Poplar Tree,Week4,Annandale,Week1,285.0 Poplar Tree - 117.0 Annandale
Poplar Heights,Week5,Newington Forest,Week1,314.0 Poplar Heights - 88.0 Newington Forest
Poplar Heights,Week5,Pinewood Lake,Week5,359.0 Poplar Heights - 41.0 Pinewood Lake
Poplar Heights,Week3,North Springfield,Week3,304.0 Poplar Heights - 93.0 North Springfield
Poplar Tree,Week5,Arlington Forest,Week2,264.5 Poplar Tree - 137.5 Arlington Forest
Poplar Heights,Week3,Pleasant Valley,Week3,312.0 Poplar Heights - 90.0 Pleasant Valley
Poplar Heights,Week2,Poplar Heights,Week1,231.0 Poplar Heights (PH1) - 170.0 Poplar Heights (PH2)
Poplar Heights,Week2,Pleasant Valley,Week2,320.0 Poplar Heights - 81.0 Pleasant Valley
Poplar Heights,Week5,Pleasant Valley,Week3,304.0 Poplar Heights - 98.0 Pleasant Valley
Poplar Heights,Week5,Pleasant Valley,Week2,333.0 Poplar Heights - 69.0 Pleasant Valley
Pleasant Valley,Week4,Poplar Tree,Week3,317.0 Poplar Tree - 85.0 Pleasant Valley
Pleasant Valley,Week1,Ravensworth Farm,Week3,326.0 Ravensworth Farm - 72.0 Pleasant Valley
Poplar Tree,Week4,Annandale,Week5,257.0 Poplar Tree - 145.0 Annandale
Poplar Heights,Week4,Newington Forest,Week4,289.0 Poplar Heights - 113.0 Newington Forest
Poplar Heights,Week2,Pleasant Valley,Week1,316.0 Poplar Heights - 85.0 Pleasant Valley
Pleasant Valley,Week3,Poplar Tree,Week3,294.0 Poplar Tree - 108.0 Pleasant Valley
Poplar Heights,Week1,Poplar Heights,Week3,239.0 Poplar Heights (PH2) - 163.0 Poplar Heights (PH1)
Poplar Heights,Week1,Pleasant Valley,Week5,290.0 Poplar Heights - 112.0 Pleasant Valley
Poplar Tree,Week1,Arlington Forest,Week1,231.0 Poplar Tree - 171.0 Arlington Forest
Poplar Tree,Week1,Arlington Forest,Week2,259.0 Poplar Tree - 143.0 Arlington Forest
Poplar Tree,Week5,Annandale,Week5,299.0 Poplar Tree - 103.0 Annandale
Poplar Heights,Week3,Newington Forest,Week5,261.0 Poplar Heights - 141.0 Newington Forest
Poplar Heights,Week3,Newington Forest,Week1,308.0 Poplar Heights - 94.0 Newington Forest
Poplar Tree,Week3,Arlington Forest,Week3,263.0 Poplar Tree - 139.0 Arlington Forest
Poplar Heights,Week5,Pleasant Valley,Week1,330.0 Poplar Heights - 72.0 Pleasant Valley
Poplar Heights,Week2,North Springfield,Week4,320.0 Poplar Heights - 72.0 North Springfield
Pleasant Valley,Week5,Poplar Tree,Week4,285.0 Poplar Tree - 113.0 Pleasant Valley
Poplar Heights,Week1,North Springfield,Week3,294.0 Poplar Heights - 102.0 North Springfield
Poplar Heights,Week1,North Springfield,Week1,293.0 Poplar Heights - 58.0 North Springfield
Poplar Heights,Week1,North Springfield,Week2,309.0 Poplar Heights - 79.0 North Springfield
Pleasant Valley,Week3,Poplar Tree,Week2,283.0 Poplar Tree - 119.0 Pleasant Valley
Poplar Heights,Week5,Newington Forest,Week4,287.0 Poplar Heights - 115.0 Newington Forest
Poplar Tree,Week2,Arlington Forest,Week5,203.0 Arlington Forest - 199.0 Poplar Tree
Pleasant Valley,Week2,Ravensworth Farm,Week4,332.0 Ravensworth Farm - 70.0 Pleasant Valley
Poplar Heights,Week4,Newington Forest,Week2,299.0 Poplar Heights - 102.0 Newington Forest
Poplar Heights,Week3,Pleasant Valley,Week1,318.0 Poplar Heights - 84.0 Pleasant Valley
Poplar Heights,Week3,Pleasant Valley,Week5,311.0 Poplar Heights - 91.0 Pleasant Valley
Poplar Tree,Week2,Arlington Forest,Week1,218.0 Poplar Tree - 184.0 Arlington Forest
Poplar Heights,Week2,North Springfield,Week3,293.0 Poplar Heights - 102.0 North Springfield
Pleasant Valley,Week3,Poplar Tree,Week1,300.0 Poplar Tree - 102.0 Pleasant Valley
Poplar Tree,Week4,Arlington Forest,Week2,225.0 Poplar Tree - 177.0 Arlington Forest
Poplar Heights,Week1,Poplar Heights,Week5,225.0 Poplar Heights (PH2) - 176.0 Poplar Heights (PH1)
Poplar Heights,Week2,Pleasant Valley,Week3,290.0 Poplar Heights - 112.0 Pleasant Valley
Pleasant Valley,Week4,Poplar Tree,Week2,311.0 Poplar Tree - 84.0 Pleasant Valley
Poplar Tree,Week3,Arlington Forest,Week4,230.0 Poplar Tree - 172.0 Arlington Forest
Poplar Tree,Week2,Arlington Forest,Week4,222.0 Poplar Tree - 180.0 Arlington Forest
Pleasant Valley,Week1,Ravensworth Farm,Week1,320.0 Ravensworth Farm - 81.0 Pleasant Valley
Poplar Tree,Week2,Arlington Forest,Week2,240.0 Poplar Tree - 162.0 Arlington Forest
Poplar Heights,Week5,Newington Forest,Week2,305.0 Poplar Heights - 97.0 Newington Forest
Poplar Heights,Week2,Poplar Heights,Week3,201.0 Poplar Heights (PH1) - 201.0 Poplar Heights (PH2)
Poplar Heights,Week1,Poplar Heights,Week2,231.0 Poplar Heights (PH2) - 170.0 Poplar Heights (PH1)
Poplar Heights,Week1,Brandywine,Week4,225.0 Poplar Heights - 177.0 Brandywine
Pleasant Valley,Week1,Ravensworth Farm,Week5,328.0 Ravensworth Farm - 74.0 Pleasant Valley
Poplar Heights,Week4,Pleasant Valley,Week1,323.0 Poplar Heights - 78.0 Pleasant Valley
Poplar Tree,Week5,Annandale,Week1,313.0 Poplar Tree - 89.0 Annandale
Poplar Heights,Week3,Pleasant Valley,Week4,330.0 Poplar Heights - 72.0 Pleasant Valley
Poplar Heights,Week2,North Springfield,Week1,298.0 Poplar Heights - 53.0 North Springfield
Poplar Heights,Week2,Newington Forest,Week5,256.0 Poplar Heights - 146.0 Newington Forest
Poplar Heights,Week4,Arlington Forest,Week4,214.0 Poplar Heights - 188.0 Arlington Forest
Pleasant Valley,Week2,Ravensworth Farm,Week2,322.0 Ravensworth Farm - 78.0 Pleasant Valley
Pleasant Valley,Week2,Ravensworth Farm,Week3,336.0 Ravensworth Farm - 62.0 Pleasant Valley
Poplar Heights,Week2,North Springfield,Week2,311.0 Poplar Heights - 77.0 North Springfield
Pleasant Valley,Week5,Poplar Tree,Week1,301.0 Poplar Tree - 101.0 Pleasant Valley
Poplar Heights,Week1,North Springfield,Week5,275.0 Poplar Heights - 99.0 North Springfield
Poplar Tree,Week1,Arlington Forest,Week3,269.0 Poplar Tree - 133.0 Arlington Forest
Poplar Heights,Week4,Brandywine,Week3,231.0 Poplar Heights - 171.0 Brandywine
Poplar Tree,Week5,Annandale,Week4,317.0 Poplar Tree - 85.0 Annandale
Poplar Tree,Week1,Arlington Forest,Week4,231.0 Poplar Tree - 171.0 Arlington Forest
Pleasant Valley,Week5,Poplar Tree,Week5,301.0 Poplar Tree - 99.0 Pleasant Valley
Poplar Heights,Week4,Pleasant Valley,Week4,329.0 Poplar Heights - 72.0 Pleasant Valley
Poplar Heights,Week3,Pleasant Valley,Week2,325.0 Poplar Heights - 77.0 Pleasant Valley
Poplar Heights,Week3,North Springfield,Week1,306.0 Poplar Heights - 44.0 North Springfield
Poplar Tree,Week5,Annandale,Week2,311.0 Poplar Tree - 91.0 Annandale
Poplar Heights,Week5,Brandywine,Week4,246.0 Poplar Heights - 156.0 Brandywine
Poplar Heights,Week4,North Springfield,Week3,318.0 Poplar Heights - 78.0 North Springfield
Pleasant Valley,Week1,Ravensworth Farm,Week2,311.0 Ravensworth Farm - 89.0 Pleasant Valley
Poplar Tree,Week2,Arlington Forest,Week3,258.5 Poplar Tree - 143.5 Arlington Forest
Poplar Heights,Week1,Poplar Heights,Week4,229.0 Poplar Heights (PH2) - 173.0 Poplar Heights (PH1)
Poplar Heights,Week5,Pleasant Valley,Week5,322.0 Poplar Heights - 75.0 Pleasant Valley
Poplar Tree,Week3,Arlington Forest,Week5,207.0 Poplar Tree - 195.0 Arlington Forest
Poplar Heights,Week4,Brandywine,Week4,239.0 Poplar Heights - 163.0 Brandywine
Poplar Heights,Week4,Brandywine,Week2,250.0 Poplar Heights - 152.0 Brandywine
Poplar Heights,Week4,Pleasant Valley,Week2,322.0 Poplar Heights - 79.0 Pleasant Valley
Poplar Heights,Week4,North Springfield,Week2,324.5 Poplar Heights - 63.5 North Springfield
Poplar Heights,Week5,Brandywine,Week1,247.0 Poplar Heights - 155.0 Brandywine
Poplar Heights,Week2,Poplar Heights,Week4,218.0 Poplar Heights (PH2) - 184.0 Poplar Heights (PH1)
Pleasant Valley,Week2,Ravensworth Farm,Week5,340.0 Ravensworth Farm - 62.0 Pleasant Valley
Pleasant Valley,Week4,Poplar Tree,Week1,324.0 Poplar Tree - 78.0 Pleasant Valley
Pleasant Valley,Week2,Ravensworth Farm,Week1,331.0 Ravensworth Farm - 70.0 Pleasant Valley
Poplar Heights,Week2,Poplar Heights,Week5,203.0 Poplar Heights (PH2) - 198.0 Poplar Heights (PH1)
Poplar Heights,Week4,North Springfield,Week1,303.5 Poplar Heights - 46.5 North Springfield
Poplar Tree,Week3,Arlington Forest,Week2,250.0 Poplar Tree - 152.0 Arlington Forest
Poplar Heights,Week3,North Springfield,Week4,320.0 Poplar Heights - 72.0 North Springfield
Pleasant Valley,Week4,Poplar Tree,Week4,303.0 Poplar Tree - 97.0 Pleasant Valley
Poplar Tree,Week1,Arlington Forest,Week5,209.0 Poplar Tree - 193.0 Arlington Forest
Poplar Heights,Week1,Oakton ,Week4,271.0 Oakton - 131.0 Poplar Heights
Poplar Heights,Week3,Brandywine,Week2,256.0 Poplar Heights - 146.0 Brandywine
Poplar Heights,Week1,Brandywine,Week3,208.0 Poplar Heights - 194.0 Brandywine
Poplar Tree,Week1,Brandywine,Week2,251.0 Poplar Tree - 150.0 Brandywine
Poplar Heights,Week4,North Springfield,Week4,325.0 Poplar Heights - 66.0 North Springfield
Poplar Heights,Week4,Poplar Tree,Week3,213.0 Poplar Tree - 189.0 Poplar Heights
Poplar Heights,Week2,Brandywine,Week1,251.0 Poplar Heights - 151.0 Brandywine
Poplar Heights,Week4,Oakton ,Week2,261.0 Oakton - 141.0 Poplar Heights
Poplar Heights,Week4,Oakton ,Week4,263.0 Oakton - 139.0 Poplar Heights
Poplar Heights,Week5,Oakton ,Week4,243.5 Oakton - 158.5 Poplar Heights
Poplar Heights,Week3,Brandywine,Week3,225.0 Poplar Heights - 177.0 Brandywine
Pleasant Valley,Week4,Newington Forest,Week4,266.0 Newington Forest - 124.0 Pleasant Valley
Poplar Heights,Week3,Brandywine,Week1,242.0 Poplar Heights - 160.0 Brandywine
Poplar Heights,Week2,Oakton ,Week2,260.0 Oakton - 142.0 Poplar Heights
Poplar Tree,Week4,Arlington Forest,Week1,208.0 Poplar Tree - 194.0 Arlington Forest
Pleasant Valley,Week4,Poplar Tree,Week5,333.0 Poplar Tree - 69.0 Pleasant Valley
Pleasant Valley,Week5,Poplar Tree,Week2,284.0 Poplar Tree - 110.0 Pleasant Valley
Poplar Heights,Week5,Arlington Forest,Week4,212.0 Poplar Heights - 190.0 Arlington Forest
Poplar Heights,Week4,North Springfield,Week5,292.0 Poplar Heights - 81.0 North Springfield
Poplar Heights,Week3,Poplar Heights,Week1,239.0 Poplar Heights (PH1) - 163.0 Poplar Heights (PH2)
Poplar Heights,Week3,Poplar Tree,Week4,203.0 Poplar Heights - 199.0 Poplar Tree
Poplar Heights,Week1,Brandywine,Week5,208.0 Poplar Heights - 194.0 Brandywine
Poplar Tree,Week4,Arlington Forest,Week4,201.0 Arlington Forest - 201.0 Poplar Tree
Poplar Heights,Week2,Brandywine,Week4,233.0 Poplar Heights - 169.0 Brandywine
Poplar Heights,Week3,Poplar Heights,Week4,212.5 Poplar Heights (PH2) - 189.5 Poplar Heights (PH1)
Poplar Tree,Week5,Arlington Forest,Week5,228.0 Poplar Tree - 174.0 Arlington Forest
Pleasant Valley,Week5,Poplar Tree,Week3,295.0 Poplar Tree - 106.0 Pleasant Valley
Poplar Heights,Week4,Poplar Tree,Week5,234.0 Poplar Tree - 168.0 Poplar Heights
Poplar Heights,Week1,Old Keene Mill,Week2,256.0 Poplar Heights - 146.0 Old Keene Mill
Poplar Heights,Week3,Poplar Heights,Week3,201.0 Poplar Heights (PH1) - 201.0 Poplar Heights (PH2)
Poplar Heights,Week4,Oakton ,Week5,265.0 Oakton - 137.0 Poplar Heights
Poplar Heights,Week3,Poplar Heights,Week2,201.0 Poplar Heights (PH1) - 201.0 Poplar Heights (PH2)
Pleasant Valley,Week3,Poplar Tree,Week5,305.0 Poplar Tree - 97.0 Pleasant Valley
Poplar Heights,Week5,Arlington Forest,Week5,221.0 Arlington Forest - 181.0 Poplar Heights
Poplar Tree,Week3,Brandywine,Week4,234.0 Poplar Tree - 168.0 Brandywine
Poplar Tree,Week5,Brandywine,Week3,250.0 Poplar Tree - 152.0 Brandywine
Pleasant Valley,Week1,Ravensworth Farm,Week4,322.0 Ravensworth Farm - 80.0 Pleasant Valley
Poplar Heights,Week3,Poplar Heights,Week5,207.0 Poplar Heights (PH2) - 195.0 Poplar Heights (PH1)
Pleasant Valley,Week2,Poplar Tree,Week5,322.0 Poplar Tree - 80.0 Pleasant Valley
Poplar Tree,Week5,Arlington Forest,Week3,283.0 Poplar Tree - 119.0 Arlington Forest
Poplar Tree,Week1,Bren Mar-Edsall Park,Week4,345.0 Poplar Tree - 57.0 Bren Mar-Edsall Park
Poplar Heights,Week1,Poplar Tree,Week2,223.0 Poplar Tree - 179.0 Poplar Heights
Poplar Heights,Week5,Arlington Forest,Week1,236.0 Poplar Heights - 166.0 Arlington Forest
Poplar Heights,Week5,Oakton ,Week2,249.0 Oakton - 153.0 Poplar Heights
Poplar Tree,Week2,Brandywine,Week1,227.0 Poplar Tree - 175.0 Brandywine
Poplar Tree,Week5,Arlington Forest,Week1,253.0 Poplar Tree - 149.0 Arlington Forest
Pleasant Valley,Week3,Poplar Tree,Week4,289.0 Poplar Tree - 113.0 Pleasant Valley
Poplar Heights,Week5,North Springfield,Week1,307.0 Poplar Heights - 43.0 North Springfield
Poplar Tree,Week3,Brandywine,Week5,211.0 Poplar Tree - 191.0 Brandywine
Poplar Heights,Week5,Poplar Heights,Week3,207.0 Poplar Heights (PH1) - 195.0 Poplar Heights (PH2)
Poplar Heights,Week3,Poplar Tree,Week2,202.5 Poplar Tree - 199.5 Poplar Heights
Poplar Heights,Week2,Oakton ,Week4,270.0 Oakton - 132.0 Poplar Heights
Poplar Heights,Week1,Oakton ,Week1,245.0 Oakton - 157.0 Poplar Heights
Poplar Heights,Week2,Brandywine,Week2,253.0 Poplar Heights - 149.0 Brandywine
Poplar Tree,Week2,Brandywine,Week4,217.0 Poplar Tree - 185.0 Brandywine
Pleasant Valley,Week1,Pleasant Valley,Week2,200.0 Pleasant Valley (PV1) - 186.0 Pleasant Valley (PV2)
Poplar Tree,Week1,Brandywine,Week4,236.0 Poplar Tree - 166.0 Brandywine
Poplar Heights,Week4,Poplar Heights,Week5,207.0 Poplar Heights (PH1) - 195.0 Poplar Heights (PH2)
Pleasant Valley,Week1,Pleasant Valley,Week1,192.5 Pleasant Valley (PV1) - 192.5 Pleasant Valley (PV2)
Poplar Heights,Week2,Oakton ,Week5,264.0 Oakton - 138.0 Poplar Heights
Poplar Heights,Week2,Brandywine,Week5,213.0 Poplar Heights - 189.0 Brandywine
Pleasant Valley,Week4,Newington Forest,Week5,285.0 Newington Forest - 116.0 Pleasant Valley
Poplar Heights,Week4,Arlington Forest,Week5,221.0 Arlington Forest - 181.0 Poplar Heights
Poplar Heights,Week2,Poplar Tree,Week2,204.0 Poplar Heights - 198.0 Poplar Tree
Poplar Tree,Week2,Bren Mar-Edsall Park,Week3,334.0 Poplar Tree - 68.0 Bren Mar-Edsall Park
Pleasant Valley,Week4,Pinewood Lake,Week5,256.5 Pleasant Valley - 116.5 Pinewood Lake
Poplar Heights,Week4,Brandywine,Week1,251.0 Poplar Heights - 151.0 Brandywine
Poplar Heights,Week1,Poplar Tree,Week5,253.0 Poplar Tree - 149.0 Poplar Heights
Poplar Tree,Week4,Brandywine,Week5,201.0 Brandywine - 201.0 Poplar Tree
Poplar Tree,Week2,Brandywine,Week3,214.0 Poplar Tree - 183.0 Brandywine
Poplar Heights,Week1,Poplar Tree,Week4,204.0 Poplar Tree - 198.0 Poplar Heights
Poplar Heights,Week2,Poplar Tree,Week5,241.0 Poplar Tree - 161.0 Poplar Heights
Poplar Heights,Week5,Arlington Forest,Week2,254.0 Poplar Heights - 148.0 Arlington Forest
Poplar Heights,Week2,Brandywine,Week3,222.0 Poplar Heights - 180.0 Brandywine
Poplar Heights,Week4,Oakton ,Week1,242.0 Oakton - 160.0 Poplar Heights
Poplar Heights,Week3,Oakton ,Week1,248.0 Oakton - 154.0 Poplar Heights
Poplar Heights,Week3,Poplar Tree,Week5,240.0 Poplar Tree - 162.0 Poplar Heights
Poplar Tree,Week2,Brandywine,Week2,225.0 Poplar Tree - 177.0 Brandywine
Poplar Heights,Week4,Poplar Tree,Week2,206.0 Poplar Tree - 196.0 Poplar Heights
Poplar Heights,Week5,North Springfield,Week3,310.0 Poplar Heights - 86.0 North Springfield
Poplar Heights,Week1,Oakton ,Week3,260.0 Oakton - 142.0 Poplar Heights
Pleasant Valley,Week1,Pleasant Valley,Week4,199.0 Pleasant Valley (PV1) - 189.0 Pleasant Valley (PV2)
Poplar Heights,Week4,Arlington Forest,Week3,259.0 Poplar Heights - 143.0 Arlington Forest
Pleasant Valley,Week3,Pinewood Lake,Week1,324.0 Pleasant Valley - 68.0 Pinewood Lake
Poplar Heights,Week4,Poplar Heights,Week4,201.0 Poplar Heights (PH1) - 201.0 Poplar Heights (PH2)
Poplar Heights,Week5,Poplar Heights,Week1,225.0 Poplar Heights (PH1) - 176.0 Poplar Heights (PH2)
Poplar Tree,Week5,Brandywine,Week4,251.0 Poplar Tree - 151.0 Brandywine
Poplar Heights,Week1,Brandywine,Week1,236.0 Poplar Heights - 166.0 Brandywine
Poplar Heights,Week3,Brandywine,Week4,238.0 Poplar Heights - 164.0 Brandywine
Poplar Tree,Week4,Brandywine,Week3,219.0 Poplar Tree - 182.0 Brandywine
Pleasant Valley,Week1,Pleasant Valley,Week5,211.0 Pleasant Valley (PV2) - 172.0 Pleasant Valley (PV1)
Poplar Heights,Week5,Arlington Forest,Week3,254.0 Poplar Heights - 148.0 Arlington Forest
Poplar Heights,Week5,North Springfield,Week5,286.0 Poplar Heights - 87.0 North Springfield
Pleasant Valley,Week3,Pinewood Lake,Week4,316.0 Pleasant Valley - 74.0 Pinewood Lake
Poplar Heights,Week3,Oakton ,Week5,273.0 Oakton - 129.0 Poplar Heights
Poplar Tree,Week3,Brandywine,Week2,253.0 Poplar Tree - 148.0 Brandywine
Poplar Heights,Week1,Oakton ,Week5,275.0 Oakton - 127.0 Poplar Heights
Pleasant Valley,Week2,Pinewood Lake,Week3,298.0 Pleasant Valley - 92.0 Pinewood Lake
Poplar Tree,Week1,Bren Mar-Edsall Park,Week2,356.0 Poplar Tree - 46.0 Bren Mar-Edsall Park
Poplar Heights,Week1,Brandywine,Week2,243.5 Poplar Heights - 158.5 Brandywine
Pleasant Valley,Week3,Pinewood Lake,Week3,318.0 Pleasant Valley - 72.0 Pinewood Lake
Poplar Heights,Week4,Brandywine,Week5,220.0 Poplar Heights - 182.0 Brandywine
Poplar Tree,Week4,Brandywine,Week1,224.0 Poplar Tree - 178.0 Brandywine
Poplar Heights,Week3,Brandywine,Week5,220.0 Poplar Heights - 182.0 Brandywine
Poplar Tree,Week1,Brandywine,Week1,243.0 Poplar Tree - 159.0 Brandywine
Poplar Heights,Week5,Poplar Heights,Week5,198.0 Poplar Heights (PH1) - 198.0 Poplar Heights (PH2)
Poplar Heights,Week5,Brandywine,Week3,243.0 Poplar Heights - 159.0 Brandywine
Poplar Heights,Week5,North Springfield,Week4,324.0 Poplar Heights - 68.0 North Springfield
Pleasant Valley,Week4,Pinewood Lake,Week4,268.5 Pleasant Valley - 101.5 Pinewood Lake
Poplar Heights,Week2,Oakton ,Week3,259.0 Oakton - 143.0 Poplar Heights
Poplar Heights,Week3,Poplar Tree,Week1,224.0 Poplar Tree - 178.0 Poplar Heights
Poplar Tree,Week5,Brandywine,Week1,260.0 Poplar Tree - 142.0 Brandywine
Poplar Heights,Week1,Poplar Tree,Week3,231.0 Poplar Tree - 171.0 Poplar Heights
Poplar Heights,Week3,Oakton ,Week3,255.0 Oakton - 147.0 Poplar Heights
Pleasant Valley,Week3,Pinewood Lake,Week5,308.0 Pleasant Valley - 86.0 Pinewood Lake
Poplar Heights,Week3,Bren Mar-Edsall Park,Week5,368.0 Poplar Heights - 34.0 Bren Mar-Edsall Park
Poplar Heights,Week5,North Springfield,Week2,325.0 Poplar Heights - 63.0 North Springfield
Pleasant Valley,Week5,Pinewood Lake,Week5,257.0 Pleasant Valley - 116.0 Pinewood Lake
Poplar Heights,Week2,Poplar Tree,Week4,207.0 Poplar Heights - 195.0 Poplar Tree
Pleasant Valley,Week4,Pinewood Lake,Week2,263.0 Pleasant Valley - 108.0 Pinewood Lake
Poplar Heights,Week3,Oakton ,Week4,256.0 Oakton - 146.0 Poplar Heights
Poplar Heights,Week2,Poplar Tree,Week3,212.0 Poplar Tree - 190.0 Poplar Heights
Poplar Heights,Week3,Oakton ,Week2,272.0 Oakton - 130.0 Poplar Heights
Poplar Tree,Week4,Brandywine,Week4,209.0 Poplar Tree - 193.0 Brandywine
Pleasant Valley,Week2,Pleasant Valley,Week1,200.0 Pleasant Valley (PV2) - 186.0 Pleasant Valley (PV1)
Poplar Tree,Week1,Bren Mar-Edsall Park,Week1,357.0 Poplar Tree - 44.0 Bren Mar-Edsall Park
Poplar Heights,Week5,Bren Mar-Edsall Park,Week1,380.0 Poplar Heights - 21.0 Bren Mar-Edsall Park
Poplar Heights,Week1,Brookfield ,Week1,226.0 Poplar Heights - 176.0 Brookfield
Poplar Heights,Week5,Brandywine,Week2,248.0 Poplar Heights - 154.0 Brandywine
Poplar Heights,Week1,Oakton ,Week2,274.0 Oakton - 128.0 Poplar Heights
Pleasant Valley,Week5,Pinewood Lake,Week1,267.0 Pleasant Valley - 93.0 Pinewood Lake
Poplar Tree,Week3,Brandywine,Week3,237.0 Poplar Tree - 164.0 Brandywine
Pleasant Valley,Week5,Pinewood Lake,Week3,274.0 Pleasant Valley - 94.0 Pinewood Lake
Poplar Heights,Week2,Oakton ,Week1,240.0 Oakton - 162.0 Poplar Heights
Poplar Heights,Week5,Poplar Heights,Week4,207.0 Poplar Heights (PH2) - 195.0 Poplar Heights (PH1)
Poplar Heights,Week5,Poplar Heights,Week2,203.0 Poplar Heights (PH1) - 198.0 Poplar Heights (PH2)
Poplar Heights,Week4,Bren Mar-Edsall Park,Week4,364.0 Poplar Heights - 38.0 Bren Mar-Edsall Park
Poplar Tree,Week4,Brandywine,Week2,223.0 Poplar Tree - 178.0 Brandywine
Poplar Tree,Week3,Brandywine,Week1,251.0 Poplar Tree - 151.0 Brandywine
Poplar Heights,Week3,Poplar Tree,Week3,218.0 Poplar Tree - 184.0 Poplar Heights
Poplar Heights,Week4,Bren Mar-Edsall Park,Week3,369.0 Poplar Heights - 33.0 Bren Mar-Edsall Park
Poplar Heights,Week4,Poplar Heights,Week2,218.0 Poplar Heights (PH1) - 184.0 Poplar Heights (PH2)
Poplar Tree,Week4,Donaldson Run,Week5,271.0 Donaldson Run - 131.0 Poplar Tree
Poplar Heights,Week4,Oakton ,Week3,253.0 Oakton - 149.0 Poplar Heights
Poplar Heights,Week4,Poplar Heights,Week3,212.5 Poplar Heights (PH1) - 189.5 Poplar Heights (PH2)
Poplar Tree,Week1,Dowden Terrace,Week4,230.0 Poplar Tree - 172.0 Dowden Terrace
Poplar Tree,Week5,Brandywine,Week5,233.0 Poplar Tree - 169.0 Brandywine
Poplar Tree,Week1,Bren Mar-Edsall Park,Week3,352.0 Poplar Tree - 50.0 Bren Mar-Edsall Park
Poplar Heights,Week4,Poplar Heights,Week1,229.0 Poplar Heights (PH1) - 173.0 Poplar Heights (PH2)
Poplar Heights,Week2,Poplar Tree,Week1,228.0 Poplar Tree - 174.0 Poplar Heights
Poplar Heights,Week4,Poplar Tree,Week1,213.0 Poplar Tree - 189.0 Poplar Heights
Poplar Heights,Week1,Bren Mar-Edsall Park,Week3,360.0 Poplar Heights - 42.0 Bren Mar-Edsall Park
Pleasant Valley,Week2,Pinewood Lake,Week4,290.0 Pleasant Valley - 102.0 Pinewood Lake
Poplar Tree,Week1,Brandywine,Week5,214.0 Poplar Tree - 188.0 Brandywine
Poplar Tree,Week1,Dowden Terrace,Week1,252.0 Poplar Tree - 150.0 Dowden Terrace
Poplar Heights,Week2,Bren Mar-Edsall Park,Week4,360.0 Poplar Heights - 41.0 Bren Mar-Edsall Park
Pleasant Valley,Week4,Pinewood Lake,Week3,273.0 Pleasant Valley - 98.0 Pinewood Lake
Pleasant Valley,Week4,Pinewood Lake,Week1,266.0 Pleasant Valley - 102.0 Pinewood Lake
Poplar Heights,Week1,Poplar Tree,Week1,233.0 Poplar Tree - 169.0 Poplar Heights
Poplar Heights,Week1,Bren Mar-Edsall Park,Week5,362.0 Poplar Heights - 40.0 Bren Mar-Edsall Park
Poplar Heights,Week5,Oakton ,Week5,246.0 Oakton - 156.0 Poplar Heights
Poplar Heights,Week5,Oakton ,Week1,221.0 Oakton - 181.0 Poplar Heights
Poplar Tree,Week5,Donaldson Run,Week3,223.0 Donaldson Run - 179.0 Poplar Tree
Poplar Tree,Week4,Donaldson Run,Week3,249.0 Donaldson Run - 153.0 Poplar Tree
Poplar Tree,Week1,Brandywine,Week3,238.0 Poplar Tree - 163.0 Brandywine
Poplar Tree,Week1,Donaldson Run,Week3,233.0 Donaldson Run - 169.0 Poplar Tree
Poplar Heights,Week3,Bren Mar-Edsall Park,Week3,375.0 Poplar Heights - 27.0 Bren Mar-Edsall Park
Poplar Heights,Week1,Old Keene Mill,Week1,271.0 Poplar Heights - 131.0 Old Keene Mill
Poplar Heights,Week2,Old Keene Mill,Week3,265.0 Poplar Heights - 137.0 Old Keene Mill
Poplar Heights,Week5,Oakton ,Week3,245.0 Oakton - 157.0 Poplar Heights
Poplar Tree,Week2,Brandywine,Week5,207.0 Poplar Tree - 195.0 Brandywine
Poplar Tree,Week5,Brandywine,Week2,263.0 Poplar Tree - 139.0 Brandywine
Poplar Heights,Week4,Bren Mar-Edsall Park,Week2,372.0 Poplar Heights - 30.0 Bren Mar-Edsall Park
Pleasant Valley,Week2,Pleasant Valley,Week2,191.5 Pleasant Valley (PV1) - 191.5 Pleasant Valley (PV2)
Pleasant Valley,Week1,Pleasant Valley,Week3,243.0 Pleasant Valley (PV2) - 157.0 Pleasant Valley (PV1)
Pleasant Valley,Week5,Pinewood Lake,Week4,269.0 Pleasant Valley - 93.0 Pinewood Lake
Poplar Heights,Week2,Old Keene Mill,Week5,277.0 Poplar Heights - 125.0 Old Keene Mill
Poplar Heights,Week3,Old Keene Mill,Week2,270.0 Poplar Heights - 132.0 Old Keene Mill
Poplar Heights,Week5,Bren Mar-Edsall Park,Week4,372.0 Poplar Heights - 30.0 Bren Mar-Edsall Park
Poplar Tree,Week2,Brookfield ,Week2,226.0 Poplar Tree - 176.0 Brookfield
Poplar Heights,Week2,Old Keene Mill,Week2,277.0 Poplar Heights - 125.0 Old Keene Mill
Poplar Tree,Week2,Donaldson Run,Week2,253.0 Donaldson Run - 149.0 Poplar Tree
Poplar Tree,Week5,Dominion Hills,Week4,251.0 Poplar Tree - 151.0 Dominion Hills
Poplar Tree,Week2,Bren Mar-Edsall Park,Week2,347.0 Poplar Tree - 55.0 Bren Mar-Edsall Park
Poplar Heights,Week2,Ravensworth Farm,Week3,217.0 Ravensworth Farm - 185.0 Poplar Heights
Poplar Heights,Week2,Bren Mar-Edsall Park,Week1,370.0 Poplar Heights - 32.0 Bren Mar-Edsall Park
Poplar Heights,Week3,Ravensworth Farm,Week3,205.0 Ravensworth Farm - 197.0 Poplar Heights
Poplar Heights,Week3,Old Keene Mill,Week4,284.0 Poplar Heights - 118.0 Old Keene Mill
Pleasant Valley,Week2,Pinewood Lake,Week2,283.0 Pleasant Valley - 108.0 Pinewood Lake
Poplar Heights,Week3,Ravensworth Farm,Week5,219.0 Ravensworth Farm - 183.0 Poplar Heights
Poplar Heights,Week1,Bren Mar-Edsall Park,Week2,370.0 Poplar Heights - 31.0 Bren Mar-Edsall Park
Pleasant Valley,Week5,Pinewood Lake,Week2,261.0 Pleasant Valley - 105.0 Pinewood Lake
Pleasant Valley,Week2,Pinewood Lake,Week5,287.0 Pleasant Valley - 107.0 Pinewood Lake
Poplar Tree,Week2,Bren Mar-Edsall Park,Week1,344.0 Poplar Tree - 58.0 Bren Mar-Edsall Park
Poplar Tree,Week2,Dowden Terrace,Week1,239.0 Poplar Tree - 157.0 Dowden Terrace
Poplar Heights,Week5,Bren Mar-Edsall Park,Week3,376.0 Poplar Heights - 26.0 Bren Mar-Edsall Park
Poplar Tree,Week1,Bren Mar-Edsall Park,Week5,346.0 Poplar Tree - 56.0 Bren Mar-Edsall Park
Poplar Heights,Week4,Poplar Tree,Week4,202.0 Poplar Heights - 200.0 Poplar Tree
Pleasant Valley,Week3,Pinewood Lake,Week2,308.5 Pleasant Valley - 81.5 Pinewood Lake
Poplar Tree,Week1,Donaldson Run,Week1,225.5 Donaldson Run - 176.5 Poplar Tree
Poplar Tree,Week1,Donaldson Run,Week2,232.0 Donaldson Run - 170.0 Poplar Tree
Poplar Tree,Week2,Bren Mar-Edsall Park,Week4,327.0 Poplar Tree - 75.0 Bren Mar-Edsall Park
Poplar Tree,Week3,Donaldson Run,Week3,237.0 Donaldson Run - 165.0 Poplar Tree
Poplar Heights,Week1,Brookfield ,Week3,249.0 Poplar Heights - 153.0 Brookfield
Poplar Tree,Week3,Bren Mar-Edsall Park,Week1,367.0 Poplar Tree - 34.0 Bren Mar-Edsall Park
Poplar Heights,Week1,Ravensworth Farm,Week4,219.0 Ravensworth Farm - 183.0 Poplar Heights
Poplar Heights,Week3,Old Keene Mill,Week1,279.5 Poplar Heights - 122.5 Old Keene Mill
Poplar Heights,Week4,Old Keene Mill,Week4,289.0 Poplar Heights - 113.0 Old Keene Mill
Poplar Tree,Week1,Donaldson Run,Week4,231.0 Donaldson Run - 171.0 Poplar Tree
Poplar Heights,Week3,Bren Mar-Edsall Park,Week4,368.0 Poplar Heights - 34.0 Bren Mar-Edsall Park
Poplar Heights,Week1,Brookfield ,Week4,231.0 Poplar Heights - 171.0 Brookfield
Poplar Tree,Week5,Dominion Hills,Week5,226.0 Poplar Tree - 176.0 Dominion Hills
Poplar Tree,Week1,Brookfield ,Week2,252.0 Poplar Tree - 150.0 Brookfield
Poplar Heights,Week5,Poplar Tree,Week3,201.0 Poplar Heights - 201.0 Poplar Tree
Poplar Heights,Week5,Old Keene Mill,Week1,296.0 Poplar Heights - 106.0 Old Keene Mill
Poplar Heights,Week4,Old Keene Mill,Week5,262.0 Poplar Heights - 140.0 Old Keene Mill
Poplar Heights,Week2,Bren Mar-Edsall Park,Week5,365.0 Poplar Heights - 37.0 Bren Mar-Edsall Park
Poplar Heights,Week1,Bren Mar-Edsall Park,Week4,354.0 Poplar Heights - 48.0 Bren Mar-Edsall Park
Poplar Heights,Week1,Riverside Gardens,Week3,250.0 Riverside Gardens - 152.0 Poplar Heights
Poplar Heights,Week2,Bren Mar-Edsall Park,Week2,374.0 Poplar Heights - 26.0 Bren Mar-Edsall Park
Poplar Heights,Week1,Old Keene Mill,Week3,254.0 Poplar Heights - 148.0 Old Keene Mill
Poplar Heights,Week2,Ravensworth Farm,Week1,205.0 Poplar Heights - 197.0 Ravensworth Farm
Poplar Heights,Week5,Brandywine,Week5,222.0 Poplar Heights - 180.0 Brandywine
Poplar Tree,Week3,Bren Mar-Edsall Park,Week5,352.0 Poplar Tree - 50.0 Bren Mar-Edsall Park
Poplar Heights,Week3,Old Keene Mill,Week5,262.0 Poplar Heights - 140.0 Old Keene Mill
Poplar Heights,Week5,Old Keene Mill,Week3,280.0 Poplar Heights - 122.0 Old Keene Mill
Poplar Heights,Week1,Ravensworth Farm,Week2,218.0 Poplar Heights - 184.0 Ravensworth Farm
Poplar Tree,Week3,Donaldson Run,Week4,236.0 Donaldson Run - 166.0 Poplar Tree
Poplar Heights,Week4,Ravensworth Farm,Week2,233.0 Poplar Heights - 169.0 Ravensworth Farm
Poplar Tree,Week2,Donaldson Run,Week5,272.0 Donaldson Run - 130.0 Poplar Tree
Poplar Tree,Week4,Bren Mar-Edsall Park,Week5,321.0 Poplar Tree - 81.0 Bren Mar-Edsall Park
Poplar Tree,Week2,Donaldson Run,Week1,250.0 Donaldson Run - 152.0 Poplar Tree
Poplar Tree,Week3,Donaldson Run,Week1,234.0 Donaldson Run - 168.0 Poplar Tree
Poplar Heights,Week1,Bren Mar-Edsall Park,Week1,359.0 Poplar Heights - 43.0 Bren Mar-Edsall Park
Poplar Heights,Week2,Bren Mar-Edsall Park,Week3,371.0 Poplar Heights - 31.0 Bren Mar-Edsall Park
Poplar Tree,Week5,Bren Mar-Edsall Park,Week1,368.0 Poplar Tree - 33.0 Bren Mar-Edsall Park
Poplar Tree,Week3,Bren Mar-Edsall Park,Week2,363.0 Poplar Tree - 39.0 Bren Mar-Edsall Park
Poplar Heights,Week3,Ravensworth Farm,Week2,224.0 Poplar Heights - 178.0 Ravensworth Farm
Poplar Tree,Week3,Donaldson Run,Week2,244.0 Donaldson Run - 158.0 Poplar Tree
Poplar Heights,Week5,Old Keene Mill,Week2,276.0 Poplar Heights - 126.0 Old Keene Mill
Poplar Heights,Week1,Riverside Gardens,Week1,222.5 Riverside Gardens - 179.5 Poplar Heights
Poplar Tree,Week1,Brookfield ,Week1,232.0 Poplar Tree - 170.0 Brookfield
Poplar Heights,Week2,Ravensworth Farm,Week2,218.0 Poplar Heights - 184.0 Ravensworth Farm
Poplar Tree,Week1,Donaldson Run,Week5,256.0 Donaldson Run - 146.0 Poplar Tree
Poplar Heights,Week3,Bren Mar-Edsall Park,Week2,377.0 Poplar Heights - 25.0 Bren Mar-Edsall Park
Poplar Heights,Week2,Old Keene Mill,Week1,276.0 Poplar Heights - 126.0 Old Keene Mill
Poplar Heights,Week1,Old Keene Mill,Week4,265.0 Poplar Heights - 137.0 Old Keene Mill
Poplar Tree,Week4,Donaldson Run,Week2,245.0 Donaldson Run - 157.0 Poplar Tree
Poplar Heights,Week4,Bren Mar-Edsall Park,Week1,375.0 Poplar Heights - 26.0 Bren Mar-Edsall Park
Poplar Tree,Week4,Donaldson Run,Week1,243.0 Donaldson Run - 159.0 Poplar Tree
Poplar Tree,Week2,Donaldson Run,Week3,251.0 Donaldson Run - 151.0 Poplar Tree
Poplar Heights,Week5,Ravensworth Farm,Week3,203.0 Ravensworth Farm - 199.0 Poplar Heights
Poplar Tree,Week5,Bren Mar-Edsall Park,Week4,363.0 Poplar Tree - 38.0 Bren Mar-Edsall Park
Poplar Heights,Week4,Old Keene Mill,Week3,271.0 Poplar Heights - 131.0 Old Keene Mill
Poplar Tree,Week3,Donaldson Run,Week5,262.0 Donaldson Run - 140.0 Poplar Tree
Poplar Tree,Week1,Brookfield ,Week4,245.0 Poplar Tree - 157.0 Brookfield
Poplar Heights,Week5,Bren Mar-Edsall Park,Week2,379.0 Poplar Heights - 22.0 Bren Mar-Edsall Park
Poplar Heights,Week5,Bren Mar-Edsall Park,Week5,369.0 Poplar Heights - 33.0 Bren Mar-Edsall Park
Poplar Heights,Week4,Old Keene Mill,Week2,274.0 Poplar Heights - 128.0 Old Keene Mill
Poplar Tree,Week4,Bren Mar-Edsall Park,Week3,343.0 Poplar Tree - 59.0 Bren Mar-Edsall Park
Poplar Tree,Week1,Brookfield ,Week3,259.0 Poplar Tree - 143.0 Brookfield
Poplar Tree,Week2,Brookfield ,Week5,226.0 Poplar Tree - 176.0 Brookfield
Poplar Heights,Week1,Old Keene Mill,Week5,260.0 Poplar Heights - 142.0 Old Keene Mill
Poplar Heights,Week4,Bren Mar-Edsall Park,Week5,361.0 Poplar Heights - 41.0 Bren Mar-Edsall Park
Poplar Heights,Week4,Old Keene Mill,Week1,297.0 Poplar Heights - 105.0 Old Keene Mill
Poplar Heights,Week3,Old Keene Mill,Week3,265.0 Poplar Heights - 137.0 Old Keene Mill
Poplar Heights,Week1,Riverside Gardens,Week2,225.0 Riverside Gardens - 177.0 Poplar Heights
Poplar Heights,Week1,Riverside Gardens,Week4,258.0 Riverside Gardens - 144.0 Poplar Heights
Poplar Heights,Week3,Bren Mar-Edsall Park,Week1,378.0 Poplar Heights - 23.0 Bren Mar-Edsall Park
Poplar Heights,Week3,Ravensworth Farm,Week4,202.0 Poplar Heights - 200.0 Ravensworth Farm
Poplar Heights,Week1,Ravensworth Farm,Week3,223.0 Ravensworth Farm - 179.0 Poplar Heights
Poplar Tree,Week4,Donaldson Run,Week4,244.0 Donaldson Run - 158.0 Poplar Tree
Poplar Heights,Week3,Ravensworth Farm,Week1,202.0 Poplar Heights - 200.0 Ravensworth Farm
Poplar Tree,Week2,Brookfield ,Week3,236.0 Poplar Tree - 166.0 Brookfield
Poplar Tree,Week5,Bren Mar-Edsall Park,Week3,365.0 Poplar Tree - 37.0 Bren Mar-Edsall Park
Poplar Heights,Week1,Brookfield ,Week5,234.0 Poplar Heights - 168.0 Brookfield
Poplar Heights,Week5,Poplar Tree,Week1,218.0 Poplar Tree - 184.0 Poplar Heights
Poplar Heights,Week4,Ravensworth Farm,Week4,201.0 Poplar Heights - 201.0 Ravensworth Farm
Poplar Heights,Week1,Brookfield ,Week2,240.0 Poplar Heights - 162.0 Brookfield
Poplar Tree,Week5,Donaldson Run,Week2,224.0 Donaldson Run - 178.0 Poplar Tree
Poplar Tree,Week3,Bren Mar-Edsall Park,Week4,350.0 Poplar Tree - 52.0 Bren Mar-Edsall Park
Poplar Tree,Week5,Donaldson Run,Week4,221.0 Donaldson Run - 181.0 Poplar Tree
Poplar Tree,Week3,Brookfield ,Week1,234.0 Poplar Tree - 168.0 Brookfield
Poplar Tree,Week2,Brookfield ,Week1,215.0 Poplar Tree - 187.0 Brookfield
Poplar Heights,Week4,Brookfield ,Week1,239.0 Poplar Heights - 163.0 Brookfield
Poplar Heights,Week5,Poplar Tree,Week4,210.0 Poplar Heights - 192.0 Poplar Tree
Poplar Heights,Week5,Poplar Tree,Week5,231.0 Poplar Tree - 171.0 Poplar Heights
Poplar Tree,Week5,Donaldson Run,Week5,240.0 Donaldson Run - 162.0 Poplar Tree
Poplar Heights,Week2,Brookfield ,Week1,238.0 Poplar Heights - 164.0 Brookfield
Poplar Heights,Week3,Brookfield ,Week3,250.0 Poplar Heights - 152.0 Brookfield
Poplar Heights,Week2,Old Keene Mill,Week4,285.0 Poplar Heights - 117.0 Old Keene Mill
Poplar Tree,Week5,Bren Mar-Edsall Park,Week2,372.0 Poplar Tree - 30.0 Bren Mar-Edsall Park
Poplar Heights,Week1,Broyhill Crest,Week2,351.0 Poplar Heights - 51.0 Broyhill Crest
Poplar Tree,Week5,Donaldson Run,Week1,223.0 Donaldson Run - 179.0 Poplar Tree
Poplar Tree,Week4,Bren Mar-Edsall Park,Week1,342.0 Poplar Tree - 58.0 Bren Mar-Edsall Park
Poplar Heights,Week1,Ravensworth Farm,Week1,210.0 Poplar Heights - 192.0 Ravensworth Farm
Poplar Tree,Week2,Donaldson Run,Week4,254.0 Donaldson Run - 148.0 Poplar Tree
Poplar Tree,Week2,Bren Mar-Edsall Park,Week5,326.0 Poplar Tree - 76.0 Bren Mar-Edsall Park
Poplar Tree,Week1,Dowden Terrace,Week2,244.0 Poplar Tree - 158.0 Dowden Terrace
Poplar Heights,Week5,Poplar Tree,Week2,207.0 Poplar Heights - 195.0 Poplar Tree
Poplar Tree,Week4,Dowden Terrace,Week3,240.0 Poplar Tree - 162.0 Dowden Terrace
Poplar Heights,Week2,Brookfield ,Week2,249.0 Poplar Heights - 153.0 Brookfield
Poplar Heights,Week5,Brookfield ,Week2,261.0 Poplar Heights - 141.0 Brookfield
Poplar Heights,Week4,Ravensworth Farm,Week3,207.0 Ravensworth Farm - 195.0 Poplar Heights
Poplar Tree,Week1,Brookfield ,Week5,249.0 Poplar Tree - 153.0 Brookfield
Poplar Heights,Week4,Ravensworth Farm,Week5,212.0 Ravensworth Farm - 190.0 Poplar Heights
Poplar Heights,Week2,Brookfield ,Week4,232.0 Poplar Heights - 170.0 Brookfield
Poplar Heights,Week4,Ravensworth Farm,Week1,211.5 Poplar Heights - 190.5 Ravensworth Farm
Poplar Heights,Week1,Ravensworth Farm,Week5,229.0 Ravensworth Farm - 173.0 Poplar Heights
Poplar Heights,Week3,Broyhill Crest,Week1,360.0 Poplar Heights - 42.0 Broyhill Crest
Poplar Tree,Week2,Dunn Loring,Week1,220.0 Dunn Loring - 182.0 Poplar Tree
Poplar Tree,Week3,Brookfield ,Week4,249.0 Poplar Tree - 153.0 Brookfield
Poplar Heights,Week2,Ravensworth Farm,Week4,206.0 Ravensworth Farm - 196.0 Poplar Heights
Poplar Tree,Week3,Dunn Loring,Week2,246.0 Dunn Loring - 156.0 Poplar Tree
Poplar Tree,Week1,Dunn Loring,Week5,251.0 Dunn Loring - 151.0 Poplar Tree
Poplar Heights,Week4,Brookfield ,Week5,248.0 Poplar Heights - 154.0 Brookfield
Poplar Tree,Week4,Bren Mar-Edsall Park,Week4,333.0 Poplar Tree - 67.0 Bren Mar-Edsall Park
Poplar Heights,Week5,Ravensworth Farm,Week1,215.0 Poplar Heights - 187.0 Ravensworth Farm
Poplar Tree,Week5,Bren Mar-Edsall Park,Week5,359.0 Poplar Tree - 43.0 Bren Mar-Edsall Park
Poplar Heights,Week1,Broyhill Crest,Week3,351.0 Poplar Heights - 51.0 Broyhill Crest
Poplar Tree,Week3,Brookfield ,Week2,249.0 Poplar Tree - 153.0 Brookfield
Poplar Tree,Week1,Dowden Terrace,Week3,256.0 Poplar Tree - 146.0 Dowden Terrace
Poplar Heights,Week5,Brookfield ,Week1,235.0 Poplar Heights - 167.0 Brookfield
Poplar Tree,Week4,Dowden Terrace,Week5,205.0 Dowden Terrace - 197.0 Poplar Tree
Poplar Heights,Week3,Brookfield ,Week4,245.0 Poplar Heights - 157.0 Brookfield
Poplar Heights,Week3,Brookfield ,Week1,232.0 Poplar Heights - 170.0 Brookfield
Poplar Heights,Week5,Ravensworth Farm,Week5,211.0 Ravensworth Farm - 191.0 Poplar Heights
Poplar Heights,Week2,Ravensworth Farm,Week5,219.0 Ravensworth Farm - 183.0 Poplar Heights
Poplar Heights,Week1,Broyhill Crest,Week1,357.0 Poplar Heights - 44.0 Broyhill Crest
Poplar Heights,Week5,Ravensworth Farm,Week2,225.0 Poplar Heights - 177.0 Ravensworth Farm
Poplar Tree,Week4,Bren Mar-Edsall Park,Week2,347.0 Poplar Tree - 54.0 Bren Mar-Edsall Park
Poplar Tree,Week3,Bren Mar-Edsall Park,Week3,359.0 Poplar Tree - 43.0 Bren Mar-Edsall Park
Poplar Tree,Week2,Brookfield ,Week4,220.0 Poplar Tree - 182.0 Brookfield
Poplar Tree,Week1,Dowden Terrace,Week5,218.0 Poplar Tree - 184.0 Dowden Terrace
Poplar Tree,Week2,Dunn Loring,Week5,254.0 Dunn Loring - 148.0 Poplar Tree
Poplar Tree,Week4,Dowden Terrace,Week2,227.0 Poplar Tree - 175.0 Dowden Terrace
Poplar Heights,Week1,Rolling Forest,Week4,224.0 Poplar Heights - 178.0 Rolling Forest
Poplar Tree,Week1,Dunn Loring,Week3,255.0 Dunn Loring - 147.0 Poplar Tree
Poplar Heights,Week3,Broyhill Crest,Week3,370.0 Poplar Heights - 32.0 Broyhill Crest
Poplar Heights,Week5,Ravensworth Farm,Week4,201.0 Poplar Heights - 196.0 Ravensworth Farm
Poplar Tree,Week2,Dunn Loring,Week4,263.0 Dunn Loring - 139.0 Poplar Tree
Poplar Tree,Week3,Brookfield ,Week3,260.0 Poplar Tree - 142.0 Brookfield
Poplar Tree,Week3,Brookfield ,Week5,242.0 Poplar Tree - 160.0 Brookfield
Poplar Tree,Week5,Dowden Terrace,Week4,248.0 Poplar Tree - 154.0 Dowden Terrace
Poplar Heights,Week2,Broyhill Crest,Week1,361.0 Poplar Heights - 37.0 Broyhill Crest
Poplar Tree,Week2,Broyhill Crest,Week3,338.0 Poplar Tree - 63.0 Broyhill Crest
Poplar Heights,Week5,Riverside Gardens,Week1,214.0 Riverside Gardens - 188.0 Poplar Heights
Poplar Tree,Week5,Dowden Terrace,Week1,263.0 Poplar Tree - 139.0 Dowden Terrace
Poplar Tree,Week2,Dowden Terrace,Week4,221.0 Poplar Tree - 181.0 Dowden Terrace
Poplar Tree,Week4,Brookfield ,Week2,229.0 Poplar Tree - 173.0 Brookfield
Poplar Tree,Week3,Dowden Terrace,Week4,237.0 Poplar Tree - 165.0 Dowden Terrace
Poplar Tree,Week5,Brookfield ,Week1,260.0 Poplar Tree - 142.0 Brookfield
Poplar Heights,Week2,Brookfield ,Week3,263.5 Poplar Heights - 138.5 Brookfield
Poplar Heights,Week3,Brookfield ,Week2,252.0 Poplar Heights - 150.0 Brookfield
Poplar Heights,Week3,Rolling Forest,Week2,235.0 Poplar Heights - 167.0 Rolling Forest
Poplar Tree,Week4,Dowden Terrace,Week1,235.0 Poplar Tree - 166.0 Dowden Terrace
Poplar Heights,Week3,Brookfield ,Week5,249.0 Poplar Heights - 153.0 Brookfield
Poplar Heights,Week4,Riverside Gardens,Week2,222.0 Riverside Gardens - 180.0 Poplar Heights
Poplar Heights,Week1,Broyhill Crest,Week4,341.0 Poplar Heights - 60.0 Broyhill Crest
Poplar Tree,Week2,Dowden Terrace,Week2,226.0 Poplar Tree - 176.0 Dowden Terrace
Poplar Heights,Week4,Brookfield ,Week4,244.0 Poplar Heights - 158.0 Brookfield
Poplar Heights,Week1,Rolling Forest,Week2,232.0 Poplar Heights - 170.0 Rolling Forest
Poplar Tree,Week2,Dowden Terrace,Week3,237.0 Poplar Tree - 165.0 Dowden Terrace
Poplar Heights,Week1,Riverside Gardens,Week5,242.0 Riverside Gardens - 160.0 Poplar Heights
Poplar Tree,Week5,Brookfield ,Week5,257.0 Poplar Tree - 145.0 Brookfield
Poplar Heights,Week2,Brookfield ,Week5,246.0 Poplar Heights - 156.0 Brookfield
Poplar Heights,Week3,Riverside Gardens,Week1,216.0 Riverside Gardens - 186.0 Poplar Heights
Poplar Tree,Week3,Dowden Terrace,Week3,243.0 Poplar Tree - 159.0 Dowden Terrace
Poplar Heights,Week4,Riverside Gardens,Week5,244.0 Riverside Gardens - 158.0 Poplar Heights
Poplar Tree,Week4,Brookfield ,Week4,226.0 Poplar Tree - 176.0 Brookfield
Poplar Tree,Week5,Broyhill Crest,Week3,361.0 Poplar Tree - 41.0 Broyhill Crest
Poplar Heights,Week5,Riverside Gardens,Week2,201.0 Poplar Heights - 201.0 Riverside Gardens
Poplar Heights,Week1,Broyhill Crest,Week5,345.0 Poplar Heights - 56.0 Broyhill Crest
Poplar Tree,Week4,Brookfield ,Week5,223.0 Poplar Tree - 179.0 Brookfield
Poplar Tree,Week4,Brookfield ,Week1,217.0 Poplar Tree - 185.0 Brookfield
Poplar Tree,Week5,Brookfield ,Week2,266.0 Poplar Tree - 136.0 Brookfield
Poplar Heights,Week5,Brookfield ,Week3,262.5 Poplar Heights - 139.5 Brookfield
Poplar Tree,Week2,Broyhill Crest,Week2,334.0 Poplar Tree - 67.0 Broyhill Crest
Poplar Tree,Week1,Broyhill Crest,Week1,345.0 Poplar Tree - 57.0 Broyhill Crest
Poplar Heights,Week4,Riverside Gardens,Week4,256.0 Riverside Gardens - 146.0 Poplar Heights
Poplar Heights,Week5,Brookfield ,Week4,241.0 Poplar Heights - 161.0 Brookfield
Poplar Tree,Week5,Dowden Terrace,Week3,264.5 Poplar Tree - 137.5 Dowden Terrace
Poplar Tree,Week2,Broyhill Crest,Week5,321.0 Poplar Tree - 81.0 Broyhill Crest
Poplar Heights,Week5,Riverside Gardens,Week3,231.0 Riverside Gardens - 171.0 Poplar Heights
Poplar Tree,Week1,Dunn Loring,Week1,211.0 Dunn Loring - 191.0 Poplar Tree
Poplar Tree,Week5,Brookfield ,Week4,261.0 Poplar Tree - 141.0 Brookfield
Poplar Tree,Week1,Broyhill Crest,Week3,349.0 Poplar Tree - 52.0 Broyhill Crest
Poplar Heights,Week2,Broyhill Crest,Week2,364.0 Poplar Heights - 36.0 Broyhill Crest
Poplar Tree,Week3,Dowden Terrace,Week1,250.0 Poplar Tree - 152.0 Dowden Terrace
Poplar Tree,Week2,Dowden Terrace,Week5,206.0 Poplar Tree - 196.0 Dowden Terrace
Poplar Heights,Week3,Riverside Gardens,Week5,239.0 Riverside Gardens - 163.0 Poplar Heights
Poplar Tree,Week4,Brookfield ,Week3,241.0 Poplar Tree - 161.0 Brookfield
Poplar Tree,Week5,Dowden Terrace,Week2,259.0 Poplar Tree - 143.0 Dowden Terrace
Poplar Heights,Week4,Brookfield ,Week2,263.0 Poplar Heights - 139.0 Brookfield
Poplar Heights,Week5,Brookfield ,Week5,258.0 Poplar Heights - 144.0 Brookfield
Poplar Heights,Week2,Riverside Gardens,Week4,257.0 Riverside Gardens - 145.0 Poplar Heights
Poplar Heights,Week2,Riverside Gardens,Week3,244.0 Riverside Gardens - 158.0 Poplar Heights
Poplar Heights,Week4,Brookfield ,Week3,261.0 Poplar Heights - 141.0 Brookfield
Poplar Tree,Week3,Dowden Terrace,Week2,243.0 Poplar Tree - 159.0 Dowden Terrace
Poplar Heights,Week2,Riverside Gardens,Week5,245.0 Riverside Gardens - 157.0 Poplar Heights
Poplar Heights,Week2,Broyhill Crest,Week3,365.0 Poplar Heights - 36.0 Broyhill Crest
Poplar Heights,Week2,Broyhill Crest,Week4,359.0 Poplar Heights - 41.0 Broyhill Crest
Poplar Heights,Week1,Rolling Forest,Week1,212.0 Poplar Heights - 190.0 Rolling Forest
Poplar Tree,Week4,Dowden Terrace,Week4,215.0 Poplar Tree - 187.0 Dowden Terrace
Poplar Tree,Week4,Broyhill Crest,Week3,340.0 Poplar Tree - 61.0 Broyhill Crest
Poplar Tree,Week1,Dunn Loring,Week2,255.0 Dunn Loring - 147.0 Poplar Tree
Poplar Tree,Week1,Broyhill Crest,Week2,350.0 Poplar Tree - 51.0 Broyhill Crest
Poplar Heights,Week4,Broyhill Crest,Week4,352.0 Poplar Heights - 50.0 Broyhill Crest
Poplar Heights,Week5,Riverside Gardens,Week4,230.5 Riverside Gardens - 171.5 Poplar Heights
Poplar Heights,Week4,Riverside Gardens,Week3,240.0 Riverside Gardens - 162.0 Poplar Heights
Poplar Tree,Week2,Broyhill Crest,Week1,328.0 Poplar Tree - 68.0 Broyhill Crest
Poplar Tree,Week1,Broyhill Crest,Week5,330.0 Poplar Tree - 72.0 Broyhill Crest
Poplar Tree,Week1,Dunn Loring,Week4,243.0 Dunn Loring - 159.0 Poplar Tree
Poplar Tree,Week5,Dunn Loring,Week1,203.0 Poplar Tree - 199.0 Dunn Loring
Poplar Heights,Week5,Riverside Gardens,Week5,235.0 Riverside Gardens - 167.0 Poplar Heights
Poplar Heights,Week4,Broyhill Crest,Week2,366.0 Poplar Heights - 35.0 Broyhill Crest
Poplar Tree,Week3,Dowden Terrace,Week5,217.0 Poplar Tree - 185.0 Dowden Terrace
Poplar Tree,Week2,Broyhill Crest,Week4,325.0 Poplar Tree - 76.0 Broyhill Crest
Poplar Heights,Week4,Broyhill Crest,Week3,361.0 Poplar Heights - 41.0 Broyhill Crest
Poplar Tree,Week2,Fair Oaks ,Week2,232.0 Poplar Tree - 170.0 Fair Oaks
Poplar Heights,Week1,Rolling Forest,Week3,204.0 Poplar Heights - 198.0 Rolling Forest
Poplar Heights,Week2,Broyhill Crest,Week5,357.0 Poplar Heights - 44.0 Broyhill Crest
Poplar Heights,Week3,Riverside Gardens,Week2,216.0 Riverside Gardens - 186.0 Poplar Heights
Poplar Tree,Week3,Dunn Loring,Week3,260.0 Dunn Loring - 142.0 Poplar Tree
Poplar Tree,Week3,Broyhill Crest,Week2,351.0 Poplar Tree - 51.0 Broyhill Crest
Poplar Tree,Week5,Dowden Terrace,Week5,234.0 Poplar Tree - 168.0 Dowden Terrace
Poplar Tree,Week4,Broyhill Crest,Week5,318.0 Poplar Tree - 84.0 Broyhill Crest
Poplar Tree,Week2,Dunn Loring,Week2,253.0 Dunn Loring - 149.0 Poplar Tree
Poplar Tree,Week2,Dunn Loring,Week3,261.0 Dunn Loring - 141.0 Poplar Tree
Poplar Heights,Week4,Broyhill Crest,Week1,353.0 Poplar Heights - 48.0 Broyhill Crest
Poplar Heights,Week4,Broyhill Crest,Week5,353.0 Poplar Heights - 49.0 Broyhill Crest
Poplar Heights,Week1,Rolling Forest,Week5,204.0 Poplar Heights - 198.0 Rolling Forest
Poplar Heights,Week5,Broyhill Crest,Week1,367.5 Poplar Heights - 33.5 Broyhill Crest
Poplar Tree,Week4,Broyhill Crest,Week4,317.0 Poplar Tree - 85.0 Broyhill Crest
Poplar Heights,Week4,Riverside Gardens,Week1,227.0 Riverside Gardens - 175.0 Poplar Heights
Poplar Heights,Week3,Broyhill Crest,Week2,370.0 Poplar Heights - 32.0 Broyhill Crest
Poplar Tree,Week4,Broyhill Crest,Week1,316.0 Poplar Tree - 84.0 Broyhill Crest
Poplar Heights,Week3,Riverside Gardens,Week3,232.0 Riverside Gardens - 170.0 Poplar Heights
Poplar Heights,Week3,Broyhill Crest,Week5,353.0 Poplar Heights - 49.0 Broyhill Crest
Poplar Tree,Week5,Broyhill Crest,Week1,356.0 Poplar Tree - 45.0 Broyhill Crest
Poplar Tree,Week3,Dunn Loring,Week1,222.0 Dunn Loring - 180.0 Poplar Tree
Poplar Heights,Week2,Riverside Gardens,Week1,231.0 Riverside Gardens - 171.0 Poplar Heights
Poplar Heights,Week3,Riverside Gardens,Week4,245.0 Riverside Gardens - 157.0 Poplar Heights
Poplar Heights,Week2,Rolling Forest,Week3,218.0 Poplar Heights - 184.0 Rolling Forest
Poplar Tree,Week3,Fair Oaks ,Week5,207.0 Fair Oaks - 195.0 Poplar Tree
Poplar Tree,Week4,Dunn Loring,Week4,267.0 Dunn Loring - 135.0 Poplar Tree
Poplar Tree,Week5,Broyhill Crest,Week2,362.0 Poplar Tree - 39.0 Broyhill Crest
Poplar Tree,Week3,Fair Oaks ,Week4,229.0 Poplar Tree - 173.0 Fair Oaks
Poplar Heights,Week2,Riverside Gardens,Week2,201.0 Poplar Heights - 201.0 Riverside Gardens
Poplar Tree,Week3,Burke Station,Week4,311.0 Poplar Tree - 91.0 Burke Station
Poplar Tree,Week3,Broyhill Crest,Week4,350.0 Poplar Tree - 52.0 Broyhill Crest
Poplar Tree,Week3,Broyhill Crest,Week1,346.0 Poplar Tree - 56.0 Broyhill Crest
Poplar Tree,Week4,Dunn Loring,Week1,234.0 Dunn Loring - 168.0 Poplar Tree
Poplar Heights,Week3,Broyhill Crest,Week4,361.0 Poplar Heights - 41.0 Broyhill Crest
Poplar Heights,Week5,Broyhill Crest,Week4,366.0 Poplar Heights - 35.0 Broyhill Crest
Poplar Tree,Week5,Brookfield ,Week3,288.0 Poplar Tree - 114.0 Brookfield
Poplar Tree,Week3,Broyhill Crest,Week3,357.0 Poplar Tree - 44.0 Broyhill Crest
Poplar Tree,Week1,Broyhill Crest,Week4,336.0 Poplar Tree - 66.0 Broyhill Crest
Poplar Tree,Week1,Fair Oaks ,Week2,250.0 Poplar Tree - 152.0 Fair Oaks
Poplar Tree,Week3,Dunn Loring,Week5,247.0 Dunn Loring - 155.0 Poplar Tree
Poplar Heights,Week2,Rolling Forest,Week4,241.0 Poplar Heights - 161.0 Rolling Forest
Poplar Tree,Week4,Fair Oaks ,Week3,209.0 Poplar Tree - 193.0 Fair Oaks
Poplar Heights,Week2,Rolling Forest,Week2,242.0 Poplar Heights - 160.0 Rolling Forest
Poplar Tree,Week4,Broyhill Crest,Week2,326.0 Poplar Tree - 75.0 Broyhill Crest
Poplar Heights,Week2,Rolling Forest,Week5,217.0 Poplar Heights - 185.0 Rolling Forest
Poplar Heights,Week2,Rolling Hills,Week4,273.0 Poplar Heights - 127.0 Rolling Hills
Poplar Heights,Week5,Broyhill Crest,Week3,372.0 Poplar Heights - 30.0 Broyhill Crest
Poplar Heights,Week3,Rolling Hills,Week2,245.0 Poplar Heights - 157.0 Rolling Hills
Poplar Tree,Week3,Dunn Loring,Week4,252.0 Dunn Loring - 150.0 Poplar Tree
Poplar Heights,Week5,Broyhill Crest,Week2,370.5 Poplar Heights - 31.5 Broyhill Crest
Poplar Heights,Week2,Rolling Forest,Week1,239.0 Poplar Heights - 163.0 Rolling Forest
Poplar Tree,Week5,Dunn Loring,Week2,223.0 Dunn Loring - 179.0 Poplar Tree
Poplar Tree,Week5,Broyhill Crest,Week5,353.0 Poplar Tree - 49.0 Broyhill Crest
Poplar Heights,Week3,Rolling Forest,Week1,228.0 Poplar Heights - 174.0 Rolling Forest
Poplar Tree,Week3,Broyhill Crest,Week5,341.5 Poplar Tree - 60.5 Broyhill Crest
Poplar Tree,Week4,Dunn Loring,Week5,267.0 Dunn Loring - 135.0 Poplar Tree
Poplar Heights,Week3,Rolling Hills,Week5,260.0 Poplar Heights - 142.0 Rolling Hills
Poplar Heights,Week4,Rolling Forest,Week2,245.0 Poplar Heights - 157.0 Rolling Forest
Poplar Tree,Week5,Broyhill Crest,Week4,352.0 Poplar Tree - 50.0 Broyhill Crest
Poplar Heights,Week1,Rolling Hills,Week4,257.0 Poplar Heights - 143.0 Rolling Hills
Poplar Heights,Week1,Rolling Hills,Week1,259.0 Poplar Heights - 143.0 Rolling Hills
Poplar Heights,Week3,Rolling Hills,Week4,260.0 Poplar Heights - 142.0 Rolling Hills
Poplar Tree,Week3,Burke Station,Week3,287.0 Poplar Tree - 109.0 Burke Station
Poplar Tree,Week3,Burke Station,Week2,315.0 Poplar Tree - 87.0 Burke Station
Poplar Tree,Week5,Burke Station,Week1,299.0 Poplar Tree - 80.0 Burke Station
Poplar Tree,Week2,Fair Oaks ,Week1,206.0 Poplar Tree - 196.0 Fair Oaks
Poplar Tree,Week3,Fair Oaks ,Week2,249.0 Poplar Tree - 153.0 Fair Oaks
Poplar Heights,Week4,Rolling Forest,Week1,241.0 Poplar Heights - 161.0 Rolling Forest
Poplar Tree,Week2,Burke Station,Week3,272.0 Poplar Tree - 125.0 Burke Station
Poplar Tree,Week4,Burke Station,Week1,261.0 Poplar Tree - 117.0 Burke Station
Poplar Tree,Week5,Dunn Loring,Week5,231.0 Dunn Loring - 171.0 Poplar Tree
Poplar Tree,Week5,Burke Station,Week2,324.0 Poplar Tree - 78.0 Burke Station
Poplar Tree,Week4,Fair Oaks ,Week1,205.0 Fair Oaks - 197.0 Poplar Tree
Poplar Heights,Week1,Rolling Hills,Week2,257.0 Poplar Heights - 145.0 Rolling Hills
Poplar Heights,Week3,Rolling Forest,Week4,226.0 Poplar Heights - 176.0 Rolling Forest
Poplar Tree,Week2,Burke Station,Week5,276.0 Poplar Tree - 121.0 Burke Station
Poplar Tree,Week5,Dunn Loring,Week4,238.0 Dunn Loring - 164.0 Poplar Tree
Poplar Tree,Week2,Fair Oaks ,Week4,206.0 Poplar Tree - 196.0 Fair Oaks
Poplar Heights,Week4,Rolling Hills,Week3,275.3 Poplar Heights - 126.7 Rolling Hills
Poplar Tree,Week4,Dunn Loring,Week3,270.0 Dunn Loring - 132.0 Poplar Tree
Poplar Heights,Week2,Rolling Hills,Week3,267.0 Poplar Heights - 134.0 Rolling Hills
Poplar Tree,Week3,Burke Station,Week1,291.0 Poplar Tree - 88.0 Burke Station
Poplar Tree,Week4,Burke Station,Week3,270.0 Poplar Tree - 127.0 Burke Station
Poplar Tree,Week3,Fair Oaks ,Week3,215.0 Poplar Tree - 187.0 Fair Oaks
Poplar Tree,Week1,Camelot,Week3,263.0 Poplar Tree - 139.0 Camelot
Poplar Tree,Week2,Fair Oaks ,Week5,226.0 Fair Oaks - 176.0 Poplar Tree
Poplar Heights,Week4,Rolling Forest,Week3,211.0 Poplar Heights - 191.0 Rolling Forest
Poplar Heights,Week5,Rolling Forest,Week4,250.0 Poplar Heights - 152.0 Rolling Forest
Poplar Tree,Week5,Burke Station,Week3,303.0 Poplar Tree - 94.0 Burke Station
Poplar Tree,Week1,Fair Oaks ,Week3,204.0 Poplar Tree - 198.0 Fair Oaks
Poplar Tree,Week1,Burke Station,Week5,297.0 Poplar Tree - 105.0 Burke Station
Poplar Heights,Week5,Rolling Forest,Week5,232.0 Poplar Heights - 170.0 Rolling Forest
Poplar Tree,Week4,Burke Station,Week2,288.0 Poplar Tree - 113.0 Burke Station
Poplar Tree,Week1,Burke Station,Week1,289.0 Poplar Tree - 90.0 Burke Station
Poplar Tree,Week5,Burke Station,Week5,306.0 Poplar Tree - 96.0 Burke Station
Poplar Tree,Week2,Fair Oaks ,Week3,216.0 Fair Oaks - 186.0 Poplar Tree
Poplar Heights,Week5,Rolling Forest,Week3,224.0 Poplar Heights - 178.0 Rolling Forest
Poplar Tree,Week1,Camelot,Week1,247.0 Poplar Tree - 155.0 Camelot
Poplar Heights,Week3,Rolling Forest,Week5,209.0 Poplar Heights - 193.0 Rolling Forest
Poplar Tree,Week1,Camelot,Week2,250.0 Poplar Tree - 151.0 Camelot
Poplar Tree,Week4,Dunn Loring,Week2,271.0 Dunn Loring - 131.0 Poplar Tree
Poplar Heights,Week5,Rolling Forest,Week2,253.0 Poplar Heights - 149.0 Rolling Forest
Poplar Tree,Week2,Fairfax,Week4,243.0 Fairfax - 159.0 Poplar Tree
Poplar Tree,Week4,Fair Oaks ,Week4,218.0 Poplar Tree - 184.0 Fair Oaks
Poplar Tree,Week2,Fairfax,Week3,265.0 Fairfax - 137.0 Poplar Tree
Poplar Tree,Week5,Dunn Loring,Week3,231.0 Dunn Loring - 171.0 Poplar Tree
Poplar Tree,Week1,Burke Station,Week3,287.5 Poplar Tree - 108.5 Burke Station
Poplar Heights,Week1,Rolling Hills,Week5,256.0 Poplar Heights - 146.0 Rolling Hills
Poplar Tree,Week1,Fair Oaks ,Week1,220.5 Poplar Tree - 181.5 Fair Oaks
Poplar Heights,Week4,Rolling Forest,Week5,220.0 Poplar Heights - 182.0 Rolling Forest
Poplar Tree,Week2,Burke Station,Week1,274.0 Poplar Tree - 104.0 Burke Station
Poplar Tree,Week3,Fair Oaks ,Week1,216.0 Poplar Tree - 186.0 Fair Oaks
Poplar Tree,Week1,Burke Station,Week4,311.0 Poplar Tree - 91.0 Burke Station
Poplar Heights,Week2,Rolling Hills,Week5,263.0 Poplar Heights - 139.0 Rolling Hills
Poplar Tree,Week3,Fairfax,Week4,232.0 Fairfax - 170.0 Poplar Tree
Poplar Tree,Week4,Burke Station,Week5,258.5 Poplar Tree - 143.5 Burke Station
Poplar Heights,Week4,Rolling Forest,Week4,248.0 Poplar Heights - 154.0 Rolling Forest
Poplar Tree,Week1,Fair Oaks ,Week4,226.0 Poplar Tree - 176.0 Fair Oaks
Poplar Heights,Week5,Rolling Forest,Week1,239.5 Poplar Heights - 162.5 Rolling Forest
Poplar Tree,Week4,Fair Oaks ,Week2,229.0 Poplar Tree - 173.0 Fair Oaks
Poplar Tree,Week1,Fair Oaks ,Week5,204.0 Poplar Tree - 198.0 Fair Oaks
Poplar Heights,Week3,Rolling Forest,Week3,213.0 Poplar Heights - 189.0 Rolling Forest
Poplar Heights,Week1,Rolling Hills,Week3,263.0 Poplar Heights - 138.0 Rolling Hills
Poplar Tree,Week1,Fairfax,Week2,232.0 Fairfax - 170.0 Poplar Tree
Poplar Heights,Week5,Rolling Hills,Week2,262.0 Poplar Heights - 140.0 Rolling Hills
Poplar Tree,Week1,Fairfax,Week3,245.0 Fairfax - 157.0 Poplar Tree
Poplar Tree,Week2,Fairfax,Week1,230.5 Fairfax - 171.5 Poplar Tree
Poplar Heights,Week2,Rolling Hills,Week1,273.0 Poplar Heights - 129.0 Rolling Hills
Poplar Tree,Week2,Burke Station,Week2,301.0 Poplar Tree - 100.0 Burke Station
Poplar Tree,Week1,Burke Station,Week2,314.0 Poplar Tree - 87.0 Burke Station
Poplar Heights,Week4,Rolling Hills,Week2,270.0 Poplar Heights - 132.0 Rolling Hills
Poplar Heights,Week3,Rolling Hills,Week1,270.0 Poplar Heights - 132.0 Rolling Hills
Poplar Tree,Week1,Canterbury Woods,Week1,266.0 Poplar Tree - 135.0 Canterbury Woods
Poplar Tree,Week5,Fair Oaks ,Week2,269.0 Poplar Tree - 133.0 Fair Oaks
Poplar Heights,Week1,Rolling Valley,Week5,299.0 Poplar Heights - 103.0 Rolling Valley
Poplar Tree,Week4,Burke Station,Week4,280.0 Poplar Tree - 122.0 Burke Station
Poplar Tree,Week3,Burke Station,Week5,292.0 Poplar Tree - 110.0 Burke Station
Poplar Heights,Week3,Rolling Hills,Week3,261.0 Poplar Heights - 141.0 Rolling Hills
Poplar Tree,Week3,Fairfax,Week1,219.0 Fairfax - 183.0 Poplar Tree
Poplar Tree,Week5,Burke Station,Week4,320.0 Poplar Tree - 82.0 Burke Station
Poplar Tree,Week2,Burke Station,Week4,295.0 Poplar Tree - 107.0 Burke Station
Poplar Tree,Week1,Fairfax,Week5,259.0 Fairfax - 143.0 Poplar Tree
Poplar Heights,Week4,Rolling Hills,Week1,267.0 Poplar Heights - 135.0 Rolling Hills
Poplar Tree,Week2,Fairfax,Week5,264.0 Fairfax - 138.0 Poplar Tree
Poplar Heights,Week2,Rolling Hills,Week2,270.0 Poplar Heights - 132.0 Rolling Hills
Poplar Tree,Week4,Fairfax,Week3,245.0 Fairfax - 157.0 Poplar Tree
Poplar Tree,Week3,Camelot,Week4,251.0 Poplar Tree - 151.0 Camelot
Poplar Tree,Week5,Camelot,Week4,269.0 Poplar Tree - 133.0 Camelot
Poplar Heights,Week5,Rolling Valley,Week3,327.5 Poplar Heights - 74.5 Rolling Valley
Poplar Tree,Week4,Fairfax,Week2,233.0 Fairfax - 169.0 Poplar Tree
Poplar Heights,Week4,Rolling Valley,Week5,318.0 Poplar Heights - 84.0 Rolling Valley
Poplar Tree,Week5,Fairfax,Week1,202.0 Fairfax - 200.0 Poplar Tree
Poplar Tree,Week4,Camelot,Week2,227.0 Poplar Tree - 175.0 Camelot
Poplar Heights,Week3,Rolling Valley,Week4,311.0 Poplar Heights - 91.0 Rolling Valley
Poplar Tree,Week1,Canterbury Woods,Week5,259.0 Poplar Tree - 143.0 Canterbury Woods
Poplar Heights,Week5,Rolling Hills,Week5,268.0 Poplar Heights - 134.0 Rolling Hills
Poplar Tree,Week1,Fairfax,Week4,231.0 Fairfax - 171.0 Poplar Tree
Poplar Heights,Week2,Rolling Valley,Week1,332.0 Poplar Heights - 70.0 Rolling Valley
Poplar Tree,Week4,Fairfax,Week1,221.0 Fairfax - 181.0 Poplar Tree
Poplar Tree,Week2,Camelot,Week3,245.0 Poplar Tree - 157.0 Camelot
Poplar Tree,Week4,Fair Oaks ,Week5,214.0 Fair Oaks - 188.0 Poplar Tree
Poplar Tree,Week5,Fair Oaks ,Week3,232.0 Poplar Tree - 170.0 Fair Oaks
Poplar Tree,Week5,Fairfax,Week4,203.0 Fairfax - 199.0 Poplar Tree
Poplar Heights,Week1,Rutherford,Week1,296.5 Poplar Heights - 104.5 Rutherford
Poplar Heights,Week1,Rolling Valley,Week3,298.0 Poplar Heights - 104.0 Rolling Valley
Poplar Tree,Week4,Camelot,Week4,241.0 Poplar Tree - 161.0 Camelot
Poplar Tree,Week4,Camelot,Week1,227.0 Poplar Tree - 175.0 Camelot
Poplar Tree,Week4,Camelot,Week5,224.0 Poplar Tree - 177.0 Camelot
Poplar Tree,Week5,Camelot,Week1,272.0 Poplar Tree - 130.0 Camelot
Poplar Tree,Week5,Fairfax,Week2,218.0 Fairfax - 184.0 Poplar Tree
Poplar Heights,Week4,Rolling Hills,Week5,272.0 Poplar Heights - 130.0 Rolling Hills
Poplar Tree,Week3,Canterbury Woods,Week1,269.0 Poplar Tree - 133.0 Canterbury Woods
Poplar Tree,Week3,Camelot,Week2,255.0 Poplar Tree - 147.0 Camelot
Poplar Heights,Week3,Rolling Valley,Week1,337.5 Poplar Heights - 64.5 Rolling Valley
Poplar Tree,Week5,Fair Oaks ,Week1,232.0 Poplar Tree - 170.0 Fair Oaks
Poplar Tree,Week5,Fair Oaks ,Week5,208.0 Poplar Tree - 194.0 Fair Oaks
Poplar Heights,Week5,Rolling Hills,Week3,270.8 Poplar Heights - 130.2 Rolling Hills
Poplar Tree,Week4,Camelot,Week3,235.0 Poplar Tree - 167.0 Camelot
Poplar Heights,Week5,Rolling Hills,Week4,267.0 Poplar Heights - 134.0 Rolling Hills
Poplar Tree,Week3,Fairfax,Week3,257.0 Fairfax - 145.0 Poplar Tree
Poplar Tree,Week5,Fair Oaks ,Week4,246.0 Poplar Tree - 156.0 Fair Oaks
Poplar Tree,Week2,Fairfax Club Estates,Week2,270.0 Poplar Tree - 132.0 Fairfax Club Estates
Poplar Tree,Week5,Fairfax Club Estates,Week4,282.0 Poplar Tree - 120.0 Fairfax Club Estates
Poplar Tree,Week5,Fairfax,Week5,236.0 Fairfax - 166.0 Poplar Tree
Poplar Heights,Week4,Rolling Valley,Week2,322.0 Poplar Heights - 80.0 Rolling Valley
Poplar Heights,Week5,Rolling Valley,Week1,356.0 Poplar Heights - 46.0 Rolling Valley
Poplar Heights,Week2,Rolling Valley,Week3,319.0 Poplar Heights - 83.0 Rolling Valley
Poplar Tree,Week2,Camelot,Week2,229.0 Poplar Tree - 173.0 Camelot
Poplar Heights,Week1,Rolling Valley,Week2,293.0 Poplar Heights - 109.0 Rolling Valley
Poplar Tree,Week2,Camelot,Week5,229.5 Poplar Tree - 172.5 Camelot
Poplar Tree,Week1,Camelot,Week4,248.0 Poplar Tree - 154.0 Camelot
Poplar Tree,Week5,Camelot,Week3,265.0 Poplar Tree - 137.0 Camelot
Poplar Tree,Week4,Fairfax,Week5,253.0 Fairfax - 149.0 Poplar Tree
Poplar Tree,Week1,Camelot,Week5,248.0 Poplar Tree - 154.0 Camelot
Poplar Tree,Week2,Camelot,Week1,238.0 Poplar Tree - 164.0 Camelot
Poplar Tree,Week5,Fairfax,Week3,231.0 Fairfax - 171.0 Poplar Tree
Poplar Tree,Week3,Camelot,Week1,253.0 Poplar Tree - 149.0 Camelot
Poplar Heights,Week2,Rolling Valley,Week4,317.0 Poplar Heights - 85.0 Rolling Valley
Poplar Tree,Week3,Fairfax Club Estates,Week5,276.0 Poplar Tree - 125.0 Fairfax Club Estates
Poplar Tree,Week2,Camelot,Week4,230.0 Poplar Tree - 172.0 Camelot
Poplar Tree,Week3,Fairfax,Week2,244.0 Fairfax - 158.0 Poplar Tree
Poplar Tree,Week2,Fairfax,Week2,255.0 Fairfax - 147.0 Poplar Tree
Poplar Heights,Week4,Rolling Valley,Week3,313.0 Poplar Heights - 89.0 Rolling Valley
Poplar Tree,Week5,Camelot,Week5,262.0 Poplar Tree - 139.0 Camelot
Poplar Tree,Week1,Canterbury Woods,Week3,257.0 Poplar Tree - 145.0 Canterbury Woods
Poplar Heights,Week4,Rolling Hills,Week4,271.0 Poplar Heights - 130.0 Rolling Hills
Poplar Heights,Week1,Rolling Valley,Week4,298.0 Poplar Heights - 104.0 Rolling Valley
Poplar Heights,Week5,Rolling Hills,Week1,276.0 Poplar Heights - 126.0 Rolling Hills
Poplar Tree,Week1,Fairfax,Week1,219.0 Fairfax - 183.0 Poplar Tree
Poplar Tree,Week1,Canterbury Woods,Week4,243.0 Poplar Tree - 159.0 Canterbury Woods
Poplar Heights,Week3,Rolling Valley,Week2,315.0 Poplar Heights - 87.0 Rolling Valley
Poplar Tree,Week1,Fairfax Club Estates,Week2,280.0 Poplar Tree - 121.0 Fairfax Club Estates
Poplar Tree,Week3,Camelot,Week5,247.0 Poplar Tree - 155.0 Camelot
Poplar Heights,Week3,Rolling Valley,Week5,303.0 Poplar Heights - 99.0 Rolling Valley
Poplar Heights,Week2,Rolling Valley,Week2,315.0 Poplar Heights - 87.0 Rolling Valley
Poplar Tree,Week3,Fairfax,Week5,257.5 Fairfax - 144.5 Poplar Tree
Poplar Tree,Week3,Camelot,Week3,261.0 Poplar Tree - 141.0 Camelot
Poplar Tree,Week1,Fairfax Club Estates,Week1,280.0 Poplar Tree - 122.0 Fairfax Club Estates
Poplar Tree,Week5,Camelot,Week2,256.0 Poplar Tree - 146.0 Camelot
Poplar Tree,Week4,Fairfax,Week4,237.0 Fairfax - 165.0 Poplar Tree
Poplar Heights,Week2,Rolling Valley,Week5,317.0 Poplar Heights - 85.0 Rolling Valley
Poplar Tree,Week1,Canterbury Woods,Week2,268.0 Poplar Tree - 134.0 Canterbury Woods
Poplar Heights,Week1,Rolling Valley,Week1,310.0 Poplar Heights - 92.0 Rolling Valley
Poplar Heights,Week1,Rutherford,Week3,276.0 Poplar Heights - 126.0 Rutherford
Poplar Heights,Week3,Rutherford,Week1,311.0 Poplar Heights - 91.0 Rutherford
Poplar Tree,Week2,Fairfax Club Estates,Week5,257.0 Poplar Tree - 134.0 Fairfax Club Estates
Poplar Tree,Week2,Cardinal Hill,Week5,229.0 Cardinal Hill - 173.0 Poplar Tree
Poplar Tree,Week2,Fairfax Station,Week1,225.0 Fairfax Station - 177.0 Poplar Tree
Poplar Tree,Week2,Canterbury Woods,Week3,240.0 Poplar Tree - 162.0 Canterbury Woods
Poplar Tree,Week2,Fairfax Club Estates,Week3,272.0 Poplar Tree - 130.0 Fairfax Club Estates
Poplar Tree,Week5,Fairfax Club Estates,Week3,297.0 Poplar Tree - 105.0 Fairfax Club Estates
Poplar Tree,Week1,Fairfax Club Estates,Week4,265.0 Poplar Tree - 137.0 Fairfax Club Estates
Poplar Heights,Week5,Rolling Valley,Week2,321.5 Poplar Heights - 80.5 Rolling Valley
Poplar Heights,Week4,Rolling Valley,Week1,343.0 Poplar Heights - 59.0 Rolling Valley
Poplar Heights,Week5,Rolling Valley,Week4,318.0 Poplar Heights - 84.0 Rolling Valley
Poplar Tree,Week2,Canterbury Woods,Week1,244.0 Poplar Tree - 158.0 Canterbury Woods
Poplar Heights,Week5,Rutherford,Week3,297.0 Poplar Heights - 105.0 Rutherford
Poplar Tree,Week2,Canterbury Woods,Week2,255.0 Poplar Tree - 147.0 Canterbury Woods
Poplar Heights,Week5,Rolling Valley,Week5,314.0 Poplar Heights - 88.0 Rolling Valley
Poplar Tree,Week2,Fairfax Station,Week3,256.0 Fairfax Station - 146.0 Poplar Tree
Poplar Heights,Week4,Rolling Valley,Week4,318.0 Poplar Heights - 84.0 Rolling Valley
Poplar Tree,Week1,Fairfax Club Estates,Week3,282.0 Poplar Tree - 119.0 Fairfax Club Estates
Poplar Tree,Week2,Canterbury Woods,Week5,245.0 Poplar Tree - 156.0 Canterbury Woods
Poplar Tree,Week1,Cardinal Hill,Week1,219.0 Cardinal Hill - 183.0 Poplar Tree
Poplar Tree,Week3,Fairfax Club Estates,Week4,260.0 Poplar Tree - 142.0 Fairfax Club Estates
Poplar Tree,Week2,Cardinal Hill,Week3,253.0 Cardinal Hill - 149.0 Poplar Tree
Poplar Heights,Week1,Shouse Village,Week5,222.0 Shouse Village - 180.0 Poplar Heights
Poplar Tree,Week3,Cardinal Hill,Week3,239.0 Cardinal Hill - 163.0 Poplar Tree
Poplar Tree,Week2,Canterbury Woods,Week4,224.0 Poplar Tree - 173.0 Canterbury Woods
Poplar Tree,Week2,Fairfax Club Estates,Week1,261.0 Poplar Tree - 136.0 Fairfax Club Estates
Poplar Tree,Week3,Cardinal Hill,Week1,218.5 Cardinal Hill - 183.5 Poplar Tree
Poplar Tree,Week4,Fairfax Club Estates,Week2,252.0 Poplar Tree - 149.0 Fairfax Club Estates
Poplar Heights,Week3,Rolling Valley,Week3,306.0 Poplar Heights - 96.0 Rolling Valley
Poplar Heights,Week4,Rutherford,Week5,277.0 Poplar Heights - 125.0 Rutherford
Poplar Tree,Week1,Fairfax Station,Week1,212.0 Fairfax Station - 190.0 Poplar Tree
Poplar Tree,Week3,Canterbury Woods,Week3,262.0 Poplar Tree - 140.0 Canterbury Woods
Poplar Heights,Week3,Rutherford,Week2,317.0 Poplar Heights - 85.0 Rutherford
Poplar Tree,Week4,Cardinal Hill,Week2,220.0 Cardinal Hill - 182.0 Poplar Tree
Poplar Tree,Week3,Fairfax Club Estates,Week3,290.0 Poplar Tree - 111.0 Fairfax Club Estates
Poplar Heights,Week3,Rutherford,Week4,280.0 Poplar Heights - 122.0 Rutherford
Poplar Tree,Week5,Canterbury Woods,Week4,265.0 Poplar Tree - 137.0 Canterbury Woods
Poplar Tree,Week3,Little Hunting Park,Week1,286.0 Poplar Tree - 116.0 Little Hunting Park
Poplar Tree,Week4,Fairfax Club Estates,Week4,235.0 Poplar Tree - 167.0 Fairfax Club Estates
Poplar Heights,Week3,Rutherford,Week5,284.0 Poplar Heights - 118.0 Rutherford
Poplar Tree,Week3,Canterbury Woods,Week4,246.0 Poplar Tree - 156.0 Canterbury Woods
Poplar Tree,Week5,Canterbury Woods,Week3,288.0 Poplar Tree - 114.0 Canterbury Woods
Poplar Heights,Week1,Shouse Village,Week2,233.0 Poplar Heights - 169.0 Shouse Village
Poplar Tree,Week4,Cardinal Hill,Week1,243.0 Cardinal Hill - 159.0 Poplar Tree
Poplar Tree,Week3,Canterbury Woods,Week5,257.0 Poplar Tree - 145.0 Canterbury Woods
Poplar Tree,Week1,Little Hunting Park,Week4,262.0 Poplar Tree - 140.0 Little Hunting Park
Poplar Heights,Week2,Rutherford,Week1,295.0 Poplar Heights - 106.0 Rutherford
Poplar Heights,Week1,Rutherford,Week2,292.0 Poplar Heights - 110.0 Rutherford
Poplar Tree,Week2,Fairfax Club Estates,Week4,252.0 Poplar Tree - 150.0 Fairfax Club Estates
Poplar Tree,Week4,Fairfax Club Estates,Week1,252.0 Poplar Tree - 150.0 Fairfax Club Estates
Poplar Tree,Week2,Little Hunting Park,Week3,257.0 Poplar Tree - 145.0 Little Hunting Park
Poplar Tree,Week2,Little Hunting Park,Week4,250.0 Poplar Tree - 152.0 Little Hunting Park
Poplar Tree,Week3,Fairfax Club Estates,Week2,279.0 Poplar Tree - 122.0 Fairfax Club Estates
Poplar Tree,Week5,Lincolnia Park,Week2,337.0 Poplar Tree - 54.0 Lincolnia Park
Poplar Tree,Week5,Fairfax Club Estates,Week5,296.0 Poplar Tree - 106.0 Fairfax Club Estates
Poplar Tree,Week5,Lincolnia Park,Week4,337.0 Poplar Tree - 64.0 Lincolnia Park
Poplar Tree,Week5,Fairfax Club Estates,Week1,291.0 Poplar Tree - 111.0 Fairfax Club Estates
Poplar Tree,Week2,Cardinal Hill,Week2,204.0 Poplar Tree - 198.0 Cardinal Hill
Pleasant Valley,Week1,South Run,Week3,288.0 South Run - 110.0 Pleasant Valley
Pleasant Valley,Week1,South Run,Week1,281.0 South Run - 103.0 Pleasant Valley
Poplar Heights,Week4,Rutherford,Week3,300.5 Poplar Heights - 101.5 Rutherford
Poplar Tree,Week3,Fairfax Club Estates,Week1,280.0 Poplar Tree - 122.0 Fairfax Club Estates
Poplar Tree,Week3,Canterbury Woods,Week2,266.0 Poplar Tree - 136.0 Canterbury Woods
Pleasant Valley,Week3,South Run,Week4,262.0 South Run - 139.0 Pleasant Valley
Poplar Tree,Week1,Cardinal Hill,Week5,219.0 Cardinal Hill - 183.0 Poplar Tree
Poplar Heights,Week5,Rutherford,Week5,281.0 Poplar Heights - 121.0 Rutherford
Poplar Tree,Week1,Fairfax Station,Week4,220.0 Fairfax Station - 182.0 Poplar Tree
Poplar Heights,Week5,Rutherford,Week4,296.0 Poplar Heights - 105.0 Rutherford
Poplar Tree,Week4,Little Hunting Park,Week2,253.0 Poplar Tree - 148.0 Little Hunting Park
Poplar Heights,Week2,Rutherford,Week4,276.0 Poplar Heights - 125.0 Rutherford
Poplar Tree,Week4,Canterbury Woods,Week5,244.0 Poplar Tree - 157.0 Canterbury Woods
Poplar Heights,Week4,Rutherford,Week2,303.0 Poplar Heights - 99.0 Rutherford
Poplar Tree,Week5,Canterbury Woods,Week2,291.0 Poplar Tree - 111.0 Canterbury Woods
Poplar Tree,Week4,Lincolnia Park,Week2,301.0 Poplar Tree - 87.0 Lincolnia Park
Poplar Heights,Week5,Rutherford,Week2,312.0 Poplar Heights - 90.0 Rutherford
Poplar Heights,Week1,Shouse Village,Week1,209.0 Poplar Heights - 193.0 Shouse Village
Poplar Tree,Week5,Little Hunting Park,Week2,293.0 Poplar Tree - 109.0 Little Hunting Park
Poplar Tree,Week5,Fairfax Club Estates,Week2,285.0 Poplar Tree - 117.0 Fairfax Club Estates
Poplar Tree,Week1,Fairfax Station,Week3,243.0 Fairfax Station - 159.0 Poplar Tree
Poplar Heights,Week1,Shouse Village,Week3,205.0 Poplar Heights - 197.0 Shouse Village
Pleasant Valley,Week4,Newington Forest,Week1,245.0 Newington Forest - 148.0 Pleasant Valley
Pleasant Valley,Week3,South Run,Week1,274.0 South Run - 119.0 Pleasant Valley
Pleasant Valley,Week4,Newington Forest,Week2,245.0 Newington Forest - 148.0 Pleasant Valley
Poplar Tree,Week4,Canterbury Woods,Week1,260.0 Poplar Tree - 142.0 Canterbury Woods
Poplar Tree,Week4,Fairfax Club Estates,Week3,256.0 Poplar Tree - 145.0 Fairfax Club Estates
Poplar Heights,Week3,Rutherford,Week3,303.0 Poplar Heights - 99.0 Rutherford
Poplar Tree,Week4,Lincolnia Park,Week5,267.0 Poplar Tree - 126.0 Lincolnia Park
Pleasant Valley,Week2,South Run,Week1,281.0 South Run - 103.0 Pleasant Valley
Poplar Tree,Week4,Little Hunting Park,Week3,252.0 Poplar Tree - 149.0 Little Hunting Park
Poplar Tree,Week5,Lincolnia Park,Week1,333.0 Poplar Tree - 69.0 Lincolnia Park
Poplar Tree,Week4,Canterbury Woods,Week4,232.0 Poplar Tree - 170.0 Canterbury Woods
Poplar Tree,Week1,Fairfax Station,Week2,222.0 Fairfax Station - 180.0 Poplar Tree
Poplar Tree,Week4,Fairfax Club Estates,Week5,254.0 Poplar Tree - 146.0 Fairfax Club Estates
Poplar Tree,Week1,Cardinal Hill,Week2,210.0 Poplar Tree - 192.0 Cardinal Hill
Poplar Tree,Week1,Fairfax Club Estates,Week5,278.0 Poplar Tree - 123.0 Fairfax Club Estates
Poplar Tree,Week3,Little Hunting Park,Week3,273.0 Poplar Tree - 128.0 Little Hunting Park
Poplar Tree,Week3,Lincolnia Park,Week3,293.0 Poplar Tree - 99.0 Lincolnia Park
Pleasant Valley,Week1,South Run,Week2,266.0 South Run - 126.0 Pleasant Valley
Poplar Tree,Week4,Lincolnia Park,Week3,278.0 Poplar Tree - 115.0 Lincolnia Park
Pleasant Valley,Week1,Newington Forest,Week2,222.0 Newington Forest - 171.0 Pleasant Valley
Poplar Heights,Week2,Rutherford,Week3,293.0 Poplar Heights - 109.0 Rutherford
Poplar Tree,Week4,Lincolnia Park,Week1,302.0 Poplar Tree - 99.0 Lincolnia Park
Poplar Tree,Week1,Little Hunting Park,Week5,244.0 Poplar Tree - 157.0 Little Hunting Park
Poplar Tree,Week1,Forest Hollow,Week4,230.0 Poplar Tree - 172.0 Forest Hollow
Pleasant Valley,Week1,South Run,Week5,302.0 South Run - 99.0 Pleasant Valley
Poplar Tree,Week5,Fairfax Station,Week1,212.0 Poplar Tree - 190.0 Fairfax Station
Poplar Heights,Week4,Rutherford,Week1,311.0 Poplar Heights - 91.0 Rutherford
Poplar Tree,Week1,Fairfax Station,Week5,249.0 Fairfax Station - 153.0 Poplar Tree
Poplar Heights,Week1,Rutherford,Week5,265.0 Poplar Heights - 137.0 Rutherford
Pleasant Valley,Week2,South Run,Week2,272.0 South Run - 120.0 Pleasant Valley
Poplar Tree,Week1,Little Hunting Park,Week3,273.0 Poplar Tree - 128.0 Little Hunting Park
Poplar Tree,Week1,Cardinal Hill,Week4,211.0 Cardinal Hill - 191.0 Poplar Tree
Pleasant Valley,Week2,South Run,Week5,299.0 South Run - 102.0 Pleasant Valley
Poplar Tree,Week4,Canterbury Woods,Week3,239.0 Poplar Tree - 163.0 Canterbury Woods
Poplar Tree,Week4,Canterbury Woods,Week2,270.0 Poplar Tree - 132.0 Canterbury Woods
Poplar Tree,Week2,Fairfax Station,Week2,230.0 Fairfax Station - 167.0 Poplar Tree
Poplar Tree,Week1,Cardinal Hill,Week3,239.0 Cardinal Hill - 163.0 Poplar Tree
Poplar Heights,Week2,Rutherford,Week2,305.0 Poplar Heights - 97.0 Rutherford
Pleasant Valley,Week4,Newington Forest,Week3,250.0 Newington Forest - 150.0 Pleasant Valley
Poplar Heights,Week1,Rutherford,Week4,265.0 Poplar Heights - 136.0 Rutherford
Poplar Tree,Week1,Little Hunting Park,Week2,272.0 Poplar Tree - 129.0 Little Hunting Park
Poplar Tree,Week5,Canterbury Woods,Week1,287.0 Poplar Tree - 115.0 Canterbury Woods
Pleasant Valley,Week2,South Run,Week3,289.0 South Run - 109.0 Pleasant Valley
Poplar Tree,Week5,Canterbury Woods,Week5,269.0 Poplar Tree - 133.0 Canterbury Woods
Poplar Heights,Week2,Rutherford,Week5,276.0 Poplar Heights - 126.0 Rutherford
Pleasant Valley,Week1,Newington Forest,Week4,258.0 Newington Forest - 143.0 Pleasant Valley
Pleasant Valley,Week1,Springboard,Week1,230.0 Springboard - 163.0 Pleasant Valley
Poplar Tree,Week1,Forest Hollow,Week1,228.0 Poplar Tree - 174.0 Forest Hollow
Poplar Tree,Week5,Lincolnia Park,Week5,309.0 Poplar Tree - 84.0 Lincolnia Park
Pleasant Valley,Week3,Springboard,Week2,225.0 Pleasant Valley - 175.0 Springboard
Poplar Tree,Week1,Little Hunting Park,Week1,283.0 Poplar Tree - 119.0 Little Hunting Park
Pleasant Valley,Week1,South Run,Week4,269.0 South Run - 128.0 Pleasant Valley
Poplar Tree,Week2,Cardinal Hill,Week4,224.0 Cardinal Hill - 178.0 Poplar Tree
Pleasant Valley,Week1,Springboard,Week5,247.0 Springboard - 146.0 Pleasant Valley
Poplar Heights,Week1,Shouse Village,Week4,212.0 Shouse Village - 190.0 Poplar Heights
Poplar Tree,Week3,Cardinal Hill,Week4,213.0 Cardinal Hill - 189.0 Poplar Tree
Poplar Heights,Week5,Rutherford,Week1,312.0 Poplar Heights - 89.0 Rutherford
Poplar Tree,Week3,Fairfax Station,Week5,254.0 Fairfax Station - 148.0 Poplar Tree
Poplar Tree,Week3,Lincolnia Park,Week5,298.0 Poplar Tree - 94.0 Lincolnia Park
Poplar Tree,Week4,Fairfax Station,Week4,234.0 Fairfax Station - 168.0 Poplar Tree
Poplar Tree,Week3,Cardinal Hill,Week5,215.0 Cardinal Hill - 187.0 Poplar Tree
Poplar Tree,Week2,Cardinal Hill,Week1,224.0 Cardinal Hill - 178.0 Poplar Tree
Poplar Heights,Week2,Shouse Village,Week2,242.0 Poplar Heights - 160.0 Shouse Village
Poplar Tree,Week4,Fairfax Station,Week5,260.0 Fairfax Station - 142.0 Poplar Tree
Poplar Tree,Week4,Fairfax Station,Week2,236.0 Fairfax Station - 166.0 Poplar Tree
Poplar Tree,Week4,Lincolnia Park,Week4,301.0 Poplar Tree - 99.0 Lincolnia Park
Poplar Tree,Week5,Fairfax Station,Week3,233.0 Fairfax Station - 169.0 Poplar Tree
Pleasant Valley,Week1,Newington Forest,Week3,239.0 Newington Forest - 162.0 Pleasant Valley
Pleasant Valley,Week2,Newington Forest,Week1,231.0 Newington Forest - 161.0 Pleasant Valley
Poplar Tree,Week3,Lincolnia Park,Week2,317.0 Poplar Tree - 72.0 Lincolnia Park
Poplar Heights,Week2,Shouse Village,Week1,216.0 Poplar Heights - 186.0 Shouse Village
Pleasant Valley,Week3,South Run,Week2,265.0 South Run - 136.0 Pleasant Valley
Poplar Heights,Week4,Rutherford,Week4,288.0 Poplar Heights - 114.0 Rutherford
Pleasant Valley,Week3,Springboard,Week1,214.0 Springboard - 187.0 Pleasant Valley
Poplar Tree,Week2,Little Hunting Park,Week1,268.0 Poplar Tree - 133.0 Little Hunting Park
Poplar Tree,Week3,Cardinal Hill,Week2,202.0 Cardinal Hill - 200.0 Poplar Tree
Poplar Tree,Week3,Lincolnia Park,Week4,321.0 Poplar Tree - 81.0 Lincolnia Park
Poplar Tree,Week5,Lincolnia Park,Week3,311.0 Poplar Tree - 82.0 Lincolnia Park
Pleasant Valley,Week3,South Run,Week3,273.0 South Run - 129.0 Pleasant Valley
Pleasant Valley,Week4,South Run,Week3,298.0 South Run - 99.0 Pleasant Valley
Poplar Tree,Week4,Fairfax Station,Week3,253.0 Fairfax Station - 149.0 Poplar Tree
Poplar Tree,Week3,Forest Hollow,Week3,235.0 Poplar Tree - 167.0 Forest Hollow
Pleasant Valley,Week3,Newington Forest,Week1,202.0 Newington Forest - 198.0 Pleasant Valley
Pleasant Valley,Week1,Newington Forest,Week1,212.0 Newington Forest - 181.0 Pleasant Valley
Poplar Heights,Week1,Sideburn Run,Week5,203.0 Sideburn Run - 199.0 Poplar Heights
Pleasant Valley,Week2,Newington Forest,Week3,248.0 Newington Forest - 152.0 Pleasant Valley
Poplar Tree,Week3,Chesterbrook,Week3,324.0 Chesterbrook - 78.0 Poplar Tree
Poplar Heights,Week2,Sideburn Run,Week5,211.5 Poplar Heights - 190.5 Sideburn Run
Pleasant Valley,Week2,Newington Forest,Week5,251.0 Newington Forest - 145.0 Pleasant Valley
Poplar Heights,Week2,Sideburn Run,Week2,236.0 Poplar Heights - 166.0 Sideburn Run
Poplar Tree,Week2,Little Hunting Park,Week2,254.0 Poplar Tree - 148.0 Little Hunting Park
Poplar Tree,Week5,Chesterbrook,Week2,314.0 Chesterbrook - 88.0 Poplar Tree
Poplar Tree,Week1,Chesterbrook,Week2,304.0 Chesterbrook - 98.0 Poplar Tree
Poplar Tree,Week2,Fairfax Station,Week5,259.0 Fairfax Station - 143.0 Poplar Tree
Pleasant Valley,Week4,South Run,Week5,306.0 South Run - 95.0 Pleasant Valley
Pleasant Valley,Week4,South Run,Week4,288.0 South Run - 105.0 Pleasant Valley
Poplar Tree,Week2,Forest Hollow,Week3,216.0 Poplar Tree - 186.0 Forest Hollow
Poplar Tree,Week5,Chesterbrook,Week3,325.0 Chesterbrook - 77.0 Poplar Tree
Pleasant Valley,Week1,Springboard,Week2,214.0 Springboard - 179.0 Pleasant Valley
Poplar Tree,Week2,Chesterbrook,Week3,338.0 Chesterbrook - 64.0 Poplar Tree
Poplar Heights,Week2,Shouse Village,Week4,205.0 Shouse Village - 197.0 Poplar Heights
Poplar Tree,Week2,Little Hunting Park,Week5,240.0 Poplar Tree - 161.0 Little Hunting Park
Poplar Tree,Week3,Little Hunting Park,Week2,272.0 Poplar Tree - 129.0 Little Hunting Park
Poplar Heights,Week3,Sideburn Run,Week3,219.0 Poplar Heights - 183.0 Sideburn Run
Poplar Tree,Week5,Fairfax Station,Week4,201.0 Fairfax Station - 201.0 Poplar Tree
Poplar Tree,Week4,Little Hunting Park,Week1,260.0 Poplar Tree - 141.0 Little Hunting Park
Pleasant Valley,Week5,South Run,Week1,280.0 South Run - 106.0 Pleasant Valley
Poplar Tree,Week3,Fairfax Station,Week2,229.0 Fairfax Station - 173.0 Poplar Tree
Poplar Heights,Week4,Shouse Village,Week3,224.0 Poplar Heights - 178.0 Shouse Village
Pleasant Valley,Week5,South Run,Week3,278.0 South Run - 122.0 Pleasant Valley
Poplar Tree,Week3,Forest Hollow,Week1,237.0 Poplar Tree - 165.0 Forest Hollow
Poplar Tree,Week5,Fairfax Station,Week5,232.0 Fairfax Station - 170.0 Poplar Tree
Poplar Tree,Week4,Cardinal Hill,Week4,230.0 Cardinal Hill - 172.0 Poplar Tree
Pleasant Valley,Week3,Newington Forest,Week2,203.0 Newington Forest - 197.0 Pleasant Valley
Poplar Heights,Week5,Shouse Village,Week1,241.0 Poplar Heights - 161.0 Shouse Village
Poplar Tree,Week4,Chesterbrook,Week4,315.0 Chesterbrook - 87.0 Poplar Tree
Poplar Tree,Week3,Little Hunting Park,Week5,249.0 Poplar Tree - 152.0 Little Hunting Park
Poplar Tree,Week3,Little Hunting Park,Week4,285.0 Poplar Tree - 117.0 Little Hunting Park
Pleasant Valley,Week3,South Run,Week5,295.0 South Run - 107.0 Pleasant Valley
Pleasant Valley,Week1,Newington Forest,Week5,256.0 Newington Forest - 140.0 Pleasant Valley
Poplar Tree,Week5,Little Hunting Park,Week1,298.0 Poplar Tree - 104.0 Little Hunting Park
Poplar Tree,Week2,Forest Hollow,Week1,223.0 Poplar Tree - 179.0 Forest Hollow
Pleasant Valley,Week1,Springboard,Week4,247.0 Springboard - 151.0 Pleasant Valley
Poplar Tree,Week4,Little Hunting Park,Week5,237.0 Poplar Tree - 164.0 Little Hunting Park
Poplar Heights,Week4,Sideburn Run,Week1,218.0 Poplar Heights - 184.0 Sideburn Run
Pleasant Valley,Week3,Newington Forest,Week4,224.0 Newington Forest - 178.0 Pleasant Valley
Poplar Tree,Week1,Chesterbrook,Week3,319.0 Chesterbrook - 83.0 Poplar Tree
Poplar Tree,Week3,Forest Hollow,Week4,231.0 Poplar Tree - 171.0 Forest Hollow
Poplar Tree,Week4,Cardinal Hill,Week5,234.0 Cardinal Hill - 168.0 Poplar Tree
Pleasant Valley,Week4,South Run,Week2,288.0 South Run - 103.0 Pleasant Valley
Poplar Tree,Week4,Little Rocky Run,Week4,243.0 Little Rocky Run - 159.0 Poplar Tree
Poplar Tree,Week5,Little Hunting Park,Week5,275.0 Poplar Tree - 127.0 Little Hunting Park
Poplar Heights,Week2,Shouse Village,Week3,206.0 Poplar Heights - 196.0 Shouse Village
Pleasant Valley,Week3,Newington Forest,Week5,234.0 Newington Forest - 168.0 Pleasant Valley
Poplar Tree,Week5,Cardinal Hill,Week5,205.0 Poplar Tree - 197.0 Cardinal Hill
Pleasant Valley,Week2,Newington Forest,Week4,248.0 Newington Forest - 153.0 Pleasant Valley
Poplar Tree,Week2,Forest Hollow,Week5,207.0 Poplar Tree - 195.0 Forest Hollow
Pleasant Valley,Week2,Newington Forest,Week2,222.0 Newington Forest - 170.0 Pleasant Valley
Poplar Tree,Week2,Forest Hollow,Week4,219.0 Poplar Tree - 183.0 Forest Hollow
Poplar Heights,Week5,Shouse Village,Week5,203.0 Poplar Heights - 199.0 Shouse Village
Poplar Heights,Week5,Shouse Village,Week3,228.0 Poplar Heights - 174.0 Shouse Village
Poplar Heights,Week2,Shouse Village,Week5,201.0 Poplar Heights - 201.0 Shouse Village
Poplar Tree,Week3,Chesterbrook,Week2,304.0 Chesterbrook - 98.0 Poplar Tree
Pleasant Valley,Week5,South Run,Week5,296.0 South Run - 106.0 Pleasant Valley
Poplar Tree,Week5,Cardinal Hill,Week2,221.0 Poplar Tree - 181.0 Cardinal Hill
Pleasant Valley,Week2,South Run,Week4,280.0 South Run - 117.0 Pleasant Valley
Poplar Tree,Week5,Cardinal Hill,Week1,208.0 Poplar Tree - 194.0 Cardinal Hill
Poplar Heights,Week5,Shouse Village,Week4,204.0 Poplar Heights - 198.0 Shouse Village
Poplar Tree,Week4,Little Hunting Park,Week4,261.0 Poplar Tree - 141.0 Little Hunting Park
Pleasant Valley,Week5,Somerset-Olde Creek,Week5,204.0 Pleasant Valley - 193.0 Somerset-Olde Creek
Poplar Tree,Week1,Forest Hollow,Week2,240.0 Poplar Tree - 162.0 Forest Hollow
Poplar Tree,Week4,Little Rocky Run,Week5,243.0 Little Rocky Run - 159.0 Poplar Tree
Pleasant Valley,Week4,South Run,Week1,289.0 South Run - 98.0 Pleasant Valley
Poplar Tree,Week4,Chesterbrook,Week3,328.0 Chesterbrook - 74.0 Poplar Tree
Poplar Tree,Week4,Little Rocky Run,Week1,233.0 Little Rocky Run - 169.0 Poplar Tree
Poplar Tree,Week4,Fairfax Station,Week1,233.0 Fairfax Station - 169.0 Poplar Tree
Pleasant Valley,Week2,Springboard,Week2,216.0 Springboard - 176.0 Pleasant Valley
Poplar Tree,Week3,Fairfax Station,Week1,224.0 Fairfax Station - 178.0 Poplar Tree
Poplar Tree,Week5,Cardinal Hill,Week4,214.0 Poplar Tree - 188.0 Cardinal Hill
Poplar Tree,Week2,Chesterbrook,Week1,299.0 Chesterbrook - 98.0 Poplar Tree
Pleasant Valley,Week3,Newington Forest,Week3,213.0 Newington Forest - 188.0 Pleasant Valley
Pleasant Valley,Week5,South Run,Week4,272.0 South Run - 118.0 Pleasant Valley
Poplar Tree,Week5,Little Rocky Run,Week1,214.0 Little Rocky Run - 188.0 Poplar Tree
Poplar Tree,Week3,Forest Hollow,Week5,219.0 Poplar Tree - 183.0 Forest Hollow
Pleasant Valley,Week5,South Run,Week2,263.0 South Run - 123.0 Pleasant Valley
Poplar Tree,Week2,Fairfax Station,Week4,220.0 Fairfax Station - 182.0 Poplar Tree
Poplar Heights,Week3,Shouse Village,Week2,244.0 Poplar Heights - 158.0 Shouse Village
Poplar Tree,Week3,Chesterbrook,Week5,304.0 Chesterbrook - 98.0 Poplar Tree
Poplar Tree,Week4,Chesterbrook,Week5,310.0 Chesterbrook - 92.0 Poplar Tree
Poplar Heights,Week4,Shouse Village,Week2,242.0 Poplar Heights - 160.0 Shouse Village
Poplar Heights,Week1,Sideburn Run,Week4,212.0 Poplar Heights - 190.0 Sideburn Run
Pleasant Valley,Week2,Springboard,Week1,245.0 Springboard - 148.0 Pleasant Valley
Poplar Tree,Week3,Fairfax Station,Week3,257.0 Fairfax Station - 145.0 Poplar Tree
Poplar Tree,Week2,Little Rocky Run,Week1,222.0 Little Rocky Run - 180.0 Poplar Tree
Poplar Heights,Week3,Shouse Village,Week5,211.0 Shouse Village - 191.0 Poplar Heights
Poplar Tree,Week5,Little Rocky Run,Week4,203.5 Little Rocky Run - 198.5 Poplar Tree
Poplar Tree,Week1,Little Rocky Run,Week4,224.0 Little Rocky Run - 178.0 Poplar Tree
Poplar Tree,Week5,Fairfax Station,Week2,213.0 Fairfax Station - 189.0 Poplar Tree
Poplar Tree,Week5,Little Hunting Park,Week3,295.0 Poplar Tree - 107.0 Little Hunting Park
Poplar Tree,Week3,Little Rocky Run,Week5,248.0 Little Rocky Run - 154.0 Poplar Tree
Poplar Tree,Week3,Fairfax Station,Week4,235.0 Fairfax Station - 167.0 Poplar Tree
Poplar Tree,Week1,Little Rocky Run,Week1,202.0 Poplar Tree - 200.0 Little Rocky Run
Poplar Tree,Week3,Fox Hunt,Week5,217.0 Poplar Tree - 185.0 Fox Hunt
Poplar Tree,Week2,Lakeview,Week4,274.0 Poplar Tree - 128.0 Lakeview
Poplar Heights,Week4,Shouse Village,Week4,201.0 Poplar Heights - 201.0 Shouse Village
Poplar Tree,Week3,Chesterbrook,Week4,298.0 Chesterbrook - 104.0 Poplar Tree
Poplar Tree,Week3,Little Rocky Run,Week3,236.0 Little Rocky Run - 166.0 Poplar Tree
Poplar Tree,Week4,Fox Hunt,Week2,227.5 Poplar Tree - 174.5 Fox Hunt
Pleasant Valley,Week2,Springfield,Week1,270.0 Pleasant Valley - 115.0 Springfield
Poplar Tree,Week2,Little Rocky Run,Week5,263.0 Little Rocky Run - 139.0 Poplar Tree
Pleasant Valley,Week2,Springboard,Week4,249.0 Springboard - 148.0 Pleasant Valley
Poplar Tree,Week1,Forest Hollow,Week3,221.0 Poplar Tree - 181.0 Forest Hollow
Poplar Tree,Week1,Chesterbrook,Week5,304.0 Chesterbrook - 98.0 Poplar Tree
Pleasant Valley,Week1,Springboard,Week3,248.0 Springboard - 145.0 Pleasant Valley
Poplar Heights,Week3,Shouse Village,Week4,203.0 Poplar Heights - 199.0 Shouse Village
Poplar Heights,Week1,Sideburn Run,Week3,214.0 Poplar Heights - 188.0 Sideburn Run
Poplar Tree,Week3,Forest Hollow,Week2,248.0 Poplar Tree - 154.0 Forest Hollow
Poplar Tree,Week1,Chesterbrook,Week4,296.0 Chesterbrook - 106.0 Poplar Tree
Pleasant Valley,Week4,Springboard,Week3,261.0 Springboard - 132.0 Pleasant Valley
Poplar Tree,Week1,Forest Hollow,Week5,227.0 Poplar Tree - 175.0 Forest Hollow
Poplar Tree,Week2,Forest Hollow,Week2,228.2 Poplar Tree - 173.8 Forest Hollow
Poplar Tree,Week5,Little Rocky Run,Week5,229.0 Little Rocky Run - 173.0 Poplar Tree
Pleasant Valley,Week1,Springfield,Week5,286.0 Pleasant Valley - 101.0 Springfield
Poplar Heights,Week1,Sideburn Run,Week2,220.0 Poplar Heights - 182.0 Sideburn Run
Pleasant Valley,Week3,Springfield,Week3,309.0 Pleasant Valley - 87.0 Springfield
Poplar Heights,Week3,Shouse Village,Week3,232.0 Poplar Heights - 170.0 Shouse Village
Poplar Tree,Week3,Little Rocky Run,Week4,238.0 Little Rocky Run - 164.0 Poplar Tree
Poplar Heights,Week4,Shouse Village,Week1,228.0 Poplar Heights - 174.0 Shouse Village
Pleasant Valley,Week2,Springboard,Week5,260.0 Springboard - 133.0 Pleasant Valley
Poplar Tree,Week2,Chesterbrook,Week2,316.0 Chesterbrook - 86.0 Poplar Tree
Poplar Heights,Week4,Shouse Village,Week5,204.0 Shouse Village - 198.0 Poplar Heights
Poplar Tree,Week1,Chesterbrook,Week1,295.5 Chesterbrook - 106.5 Poplar Tree
Poplar Heights,Week1,Sideburn Run,Week1,203.0 Sideburn Run - 199.0 Poplar Heights
Poplar Tree,Week2,Chesterbrook,Week4,309.0 Chesterbrook - 93.0 Poplar Tree
Poplar Tree,Week4,Cardinal Hill,Week3,251.0 Cardinal Hill - 151.0 Poplar Tree
Pleasant Valley,Week2,Springboard,Week3,248.0 Springboard - 145.0 Pleasant Valley
Poplar Heights,Week5,Shouse Village,Week2,244.0 Poplar Heights - 158.0 Shouse Village
Poplar Tree,Week5,Little Rocky Run,Week3,213.0 Little Rocky Run - 189.0 Poplar Tree
Poplar Tree,Week5,Cardinal Hill,Week3,221.5 Cardinal Hill - 180.5 Poplar Tree
Poplar Heights,Week2,Sideburn Run,Week4,221.0 Poplar Heights - 181.0 Sideburn Run
Poplar Heights,Week3,Sideburn Run,Week1,214.0 Poplar Heights - 188.0 Sideburn Run
Poplar Tree,Week4,Chesterbrook,Week1,300.0 Chesterbrook - 102.0 Poplar Tree
Poplar Tree,Week2,Chesterbrook,Week5,317.0 Chesterbrook - 85.0 Poplar Tree
Pleasant Valley,Week2,Springfield,Week3,278.0 Pleasant Valley - 106.0 Springfield
Pleasant Valley,Week5,Springboard,Week4,235.0 Springboard - 166.0 Pleasant Valley
Poplar Tree,Week3,Lakeview,Week1,303.5 Poplar Tree - 98.5 Lakeview
Poplar Heights,Week2,Sideburn Run,Week3,223.0 Poplar Heights - 179.0 Sideburn Run
Poplar Tree,Week4,Lakevale Estates,Week1,229.5 Lakevale Estates - 172.5 Poplar Tree
Pleasant Valley,Week4,Springboard,Week4,251.0 Springboard - 138.0 Pleasant Valley
Poplar Tree,Week1,Little Rocky Run,Week3,218.5 Little Rocky Run - 183.5 Poplar Tree
Poplar Tree,Week4,Little Rocky Run,Week3,232.0 Little Rocky Run - 170.0 Poplar Tree
Poplar Tree,Week2,Fox Hunt,Week2,229.0 Poplar Tree - 168.0 Fox Hunt
Poplar Tree,Week3,Lakevale Estates,Week2,218.0 Lakevale Estates - 184.0 Poplar Tree
Poplar Tree,Week5,Little Rocky Run,Week2,220.0 Poplar Tree - 182.0 Little Rocky Run
Poplar Tree,Week4,Forest Hollow,Week5,205.0 Poplar Tree - 197.0 Forest Hollow
Poplar Tree,Week1,Fox Hunt,Week1,240.0 Poplar Tree - 162.0 Fox Hunt
Poplar Tree,Week4,Fox Hunt,Week4,212.5 Poplar Tree - 189.5 Fox Hunt
Poplar Heights,Week3,Shouse Village,Week1,233.0 Poplar Heights - 169.0 Shouse Village
Pleasant Valley,Week2,Springfield,Week2,278.0 Pleasant Valley - 103.0 Springfield
Pleasant Valley,Week1,Springfield,Week1,268.0 Pleasant Valley - 124.0 Springfield
Poplar Tree,Week5,Chesterbrook,Week1,287.5 Chesterbrook - 114.5 Poplar Tree
Pleasant Valley,Week3,Springboard,Week4,220.0 Springboard - 181.0 Pleasant Valley
Poplar Tree,Week3,Chesterbrook,Week1,283.0 Chesterbrook - 119.0 Poplar Tree
Poplar Heights,Week2,Sideburn Run,Week1,201.0 Poplar Heights - 201.0 Sideburn Run
Poplar Tree,Week4,Chesterbrook,Week2,317.0 Chesterbrook - 85.0 Poplar Tree
Poplar Tree,Week2,Fox Hunt,Week4,228.0 Poplar Tree - 174.0 Fox Hunt
Poplar Tree,Week5,Little Hunting Park,Week4,298.0 Poplar Tree - 104.0 Little Hunting Park
Poplar Tree,Week1,Little Rocky Run,Week5,236.0 Little Rocky Run - 166.0 Poplar Tree
Poplar Tree,Week5,Lakevale Estates,Week2,206.0 Lakevale Estates - 196.0 Poplar Tree
Poplar Tree,Week3,Lakevale Estates,Week5,231.0 Lakevale Estates - 171.0 Poplar Tree
Poplar Tree,Week1,Fox Hunt,Week2,241.0 Poplar Tree - 161.0 Fox Hunt
Poplar Heights,Week4,Sideburn Run,Week3,232.0 Poplar Heights - 170.0 Sideburn Run
Poplar Tree,Week4,Commonwealth,Week5,236.0 Poplar Tree - 166.0 Commonwealth
Pleasant Valley,Week2,Springfield,Week5,290.0 Pleasant Valley - 91.0 Springfield
Poplar Tree,Week4,Little Rocky Run,Week2,215.0 Little Rocky Run - 187.0 Poplar Tree
Poplar Tree,Week3,Fox Hunt,Week3,227.0 Poplar Tree - 175.0 Fox Hunt
Poplar Heights,Week3,Sideburn Run,Week5,229.5 Poplar Heights - 172.5 Sideburn Run
Poplar Tree,Week2,Lakeview,Week1,291.0 Poplar Tree - 111.0 Lakeview
Poplar Tree,Week5,Chesterbrook,Week5,314.0 Chesterbrook - 88.0 Poplar Tree
Poplar Tree,Week3,Little Rocky Run,Week2,204.0 Poplar Tree - 198.0 Little Rocky Run
Pleasant Valley,Week1,Springfield,Week4,264.0 Pleasant Valley - 129.0 Springfield
Poplar Heights,Week3,Sideburn Run,Week4,229.0 Poplar Heights - 173.0 Sideburn Run
Poplar Tree,Week1,Little Rocky Run,Week2,205.0 Poplar Tree - 197.0 Little Rocky Run
Poplar Tree,Week3,Lakevale Estates,Week4,233.0 Lakevale Estates - 169.0 Poplar Tree
Poplar Tree,Week3,Commonwealth,Week5,250.0 Poplar Tree - 152.0 Commonwealth
Pleasant Valley,Week5,Springboard,Week3,244.0 Springboard - 152.0 Pleasant Valley
Poplar Tree,Week1,Fox Hunt,Week4,234.0 Poplar Tree - 168.0 Fox Hunt
Poplar Tree,Week2,Little Rocky Run,Week2,217.0 Little Rocky Run - 185.0 Poplar Tree
Poplar Tree,Week4,Forest Hollow,Week2,230.0 Poplar Tree - 172.0 Forest Hollow
Poplar Tree,Week5,Lakevale Estates,Week3,224.0 Lakevale Estates - 178.0 Poplar Tree
Poplar Tree,Week4,Lakevale Estates,Week2,235.0 Lakevale Estates - 167.0 Poplar Tree
Poplar Tree,Week3,Commonwealth,Week4,261.0 Poplar Tree - 141.0 Commonwealth
Poplar Tree,Week2,Commonwealth,Week3,247.0 Poplar Tree - 155.0 Commonwealth
Pleasant Valley,Week5,Springboard,Week1,227.0 Springboard - 170.0 Pleasant Valley
Poplar Tree,Week3,Fox Hunt,Week2,245.0 Poplar Tree - 157.0 Fox Hunt
Poplar Heights,Week3,Sideburn Run,Week2,227.0 Poplar Heights - 175.0 Sideburn Run
Poplar Tree,Week4,Commonwealth,Week2,234.0 Poplar Tree - 167.0 Commonwealth
Poplar Tree,Week3,Fox Hunt,Week4,230.0 Poplar Tree - 172.0 Fox Hunt
Pleasant Valley,Week2,Springfield,Week4,273.5 Pleasant Valley - 116.5 Springfield
Poplar Tree,Week5,Lakevale Estates,Week5,223.0 Lakevale Estates - 179.0 Poplar Tree
Poplar Tree,Week3,Commonwealth,Week1,288.0 Poplar Tree - 114.0 Commonwealth
Poplar Tree,Week2,Fox Hunt,Week1,228.0 Poplar Tree - 169.0 Fox Hunt
Poplar Tree,Week4,Forest Hollow,Week1,221.0 Poplar Tree - 181.0 Forest Hollow
Poplar Tree,Week5,Forest Hollow,Week2,261.0 Poplar Tree - 141.0 Forest Hollow
Poplar Tree,Week1,Commonwealth,Week3,254.0 Poplar Tree - 148.0 Commonwealth
Poplar Tree,Week4,Lakevale Estates,Week3,245.0 Lakevale Estates - 157.0 Poplar Tree
Poplar Tree,Week5,Long Branch,Week2,291.0 Poplar Tree - 111.0 Long Branch
Poplar Tree,Week4,Lakevale Estates,Week5,248.5 Lakevale Estates - 153.5 Poplar Tree
Poplar Heights,Week1,Sleepy Hollow B & R,Week1,210.0 Sleepy Hollow B & R - 192.0 Poplar Heights
Poplar Tree,Week2,Lakevale Estates,Week5,246.0 Lakevale Estates - 156.0 Poplar Tree
Pleasant Valley,Week3,Springfield,Week1,292.0 Pleasant Valley - 103.0 Springfield
Poplar Heights,Week1,Sleepy Hollow B & R,Week3,224.0 Sleepy Hollow B & R - 178.0 Poplar Heights
Pleasant Valley,Week5,Springboard,Week2,201.0 Springboard - 192.0 Pleasant Valley
Poplar Tree,Week2,Little Rocky Run,Week4,236.0 Little Rocky Run - 166.0 Poplar Tree
Poplar Tree,Week3,Little Rocky Run,Week1,220.0 Little Rocky Run - 182.0 Poplar Tree
Poplar Tree,Week5,Chesterbrook,Week4,308.5 Chesterbrook - 93.5 Poplar Tree
Poplar Tree,Week4,Commonwealth,Week1,275.0 Poplar Tree - 122.0 Commonwealth
Poplar Tree,Week4,Forest Hollow,Week3,211.0 Poplar Tree - 191.0 Forest Hollow
Poplar Heights,Week5,Sideburn Run,Week4,221.0 Poplar Heights - 181.0 Sideburn Run
Poplar Tree,Week4,Lakevale Estates,Week4,251.0 Lakevale Estates - 151.0 Poplar Tree
Pleasant Valley,Week5,Springboard,Week5,253.5 Springboard - 143.5 Pleasant Valley
Poplar Tree,Week5,Lakevale Estates,Week1,203.0 Poplar Tree - 199.0 Lakevale Estates
Poplar Heights,Week5,Sideburn Run,Week3,217.0 Poplar Heights - 185.0 Sideburn Run
Poplar Tree,Week2,Little Rocky Run,Week3,246.0 Little Rocky Run - 156.0 Poplar Tree
Poplar Tree,Week2,Long Branch,Week1,265.0 Poplar Tree - 137.0 Long Branch
Poplar Tree,Week3,Lakevale Estates,Week3,230.0 Lakevale Estates - 172.0 Poplar Tree
Poplar Tree,Week5,Forest Hollow,Week5,242.0 Poplar Tree - 160.0 Forest Hollow
Poplar Tree,Week3,Commonwealth,Week2,250.0 Poplar Tree - 152.0 Commonwealth
Poplar Tree,Week5,Forest Hollow,Week1,253.0 Poplar Tree - 149.0 Forest Hollow
Poplar Tree,Week2,Commonwealth,Week4,257.0 Poplar Tree - 139.0 Commonwealth
Poplar Tree,Week1,Lakeview,Week3,287.0 Poplar Tree - 115.0 Lakeview
Poplar Tree,Week3,Long Branch,Week3,284.0 Poplar Tree - 118.0 Long Branch
Poplar Heights,Week1,Sleepy Hollow B & R,Week5,248.0 Sleepy Hollow B & R - 154.0 Poplar Heights
Pleasant Valley,Week1,Springfield,Week3,278.0 Pleasant Valley - 109.0 Springfield
Poplar Heights,Week5,Sideburn Run,Week2,227.0 Poplar Heights - 175.0 Sideburn Run
Pleasant Valley,Week1,Springfield,Week2,283.0 Pleasant Valley - 103.0 Springfield
Poplar Tree,Week3,Long Branch,Week2,276.0 Poplar Tree - 126.0 Long Branch
Pleasant Valley,Week4,Springboard,Week1,247.0 Springboard - 142.0 Pleasant Valley
Poplar Heights,Week5,Sideburn Run,Week1,207.0 Poplar Heights - 195.0 Sideburn Run
Poplar Heights,Week5,Sideburn Run,Week5,218.0 Poplar Heights - 184.0 Sideburn Run
Poplar Heights,Week4,Sideburn Run,Week5,215.0 Poplar Heights - 187.0 Sideburn Run
Poplar Heights,Week2,Sleepy Hollow B & R,Week2,201.0 Poplar Heights - 201.0 Sleepy Hollow B & R
Poplar Tree,Week2,Long Branch,Week2,267.0 Poplar Tree - 135.0 Long Branch
Poplar Tree,Week3,Long Branch,Week4,282.0 Poplar Tree - 120.0 Long Branch
Poplar Tree,Week1,Fox Hunt,Week5,206.0 Poplar Tree - 196.0 Fox Hunt
Poplar Heights,Week1,Sleepy Hollow B & R,Week4,224.0 Sleepy Hollow B & R - 178.0 Poplar Heights
Poplar Tree,Week2,Fox Hunt,Week5,203.0 Poplar Tree - 199.0 Fox Hunt
Poplar Tree,Week5,Commonwealth,Week4,294.5 Poplar Tree - 106.5 Commonwealth
Poplar Tree,Week2,Fox Hunt,Week3,201.0 Poplar Tree - 196.0 Fox Hunt
Pleasant Valley,Week3,Springfield,Week2,300.5 Pleasant Valley - 94.5 Springfield
Poplar Tree,Week2,Long Branch,Week5,252.0 Poplar Tree - 150.0 Long Branch
Pleasant Valley,Week3,Springboard,Week3,221.0 Springboard - 180.0 Pleasant Valley
Poplar Tree,Week4,Forest Hollow,Week4,219.5 Poplar Tree - 182.5 Forest Hollow
Pleasant Valley,Week3,Springboard,Week5,233.0 Springboard - 168.0 Pleasant Valley
Poplar Tree,Week2,Commonwealth,Week1,277.0 Poplar Tree - 118.0 Commonwealth
Poplar Tree,Week1,Mansion House,Week1,215.0 Poplar Tree - 187.0 Mansion House
Poplar Tree,Week1,Lakeview,Week2,306.0 Poplar Tree - 96.0 Lakeview
Poplar Tree,Week1,Lakeview,Week4,283.0 Poplar Tree - 119.0 Lakeview
Poplar Tree,Week1,Long Branch,Week1,270.0 Poplar Tree - 132.0 Long Branch
Poplar Heights,Week4,Sideburn Run,Week2,240.0 Poplar Heights - 162.0 Sideburn Run
Pleasant Valley,Week4,Springboard,Week2,226.0 Springboard - 162.0 Pleasant Valley
Poplar Tree,Week1,Lakeview,Week5,297.0 Poplar Tree - 96.0 Lakeview
Poplar Tree,Week1,Cottontail,Week3,257.0 Poplar Tree - 145.0 Cottontail
Poplar Tree,Week3,Lakevale Estates,Week1,213.0 Lakevale Estates - 189.0 Poplar Tree
Poplar Heights,Week2,Sleepy Hollow B & R,Week3,211.0 Sleepy Hollow B & R - 191.0 Poplar Heights
Poplar Tree,Week1,Cottontail,Week2,253.0 Poplar Tree - 149.0 Cottontail
Poplar Tree,Week5,Commonwealth,Week3,286.5 Poplar Tree - 114.5 Commonwealth
Poplar Tree,Week1,Fox Hunt,Week3,217.0 Poplar Tree - 185.0 Fox Hunt
Pleasant Valley,Week4,Springboard,Week5,262.0 Springboard - 130.0 Pleasant Valley
Poplar Heights,Week3,Kings Ridge ,Week3,293.0 Poplar Heights - 109.0 Kings Ridge
Poplar Tree,Week1,Lakeview,Week1,304.0 Poplar Tree - 98.0 Lakeview
Poplar Tree,Week5,Forest Hollow,Week4,244.0 Poplar Tree - 158.0 Forest Hollow
Poplar Tree,Week4,Long Branch,Week5,237.0 Poplar Tree - 165.0 Long Branch
Poplar Heights,Week1,Kings Ridge ,Week4,286.0 Poplar Heights - 116.0 Kings Ridge
Poplar Tree,Week3,Fox Hunt,Week1,255.5 Poplar Tree - 146.5 Fox Hunt
Poplar Tree,Week2,Lakeview,Week2,294.0 Poplar Tree - 108.0 Lakeview
Poplar Tree,Week4,Commonwealth,Week4,245.0 Poplar Tree - 155.0 Commonwealth
Poplar Tree,Week2,Lakeview,Week3,274.0 Poplar Tree - 128.0 Lakeview
Poplar Heights,Week1,Lake Braddock,Week2,293.0 Poplar Heights - 109.0 Lake Braddock
Pleasant Valley,Week3,Sleepy Hollow Rec,Week3,237.0 Sleepy Hollow Rec - 165.0 Pleasant Valley
Poplar Tree,Week2,Lakevale Estates,Week4,244.0 Lakevale Estates - 158.0 Poplar Tree
Pleasant Valley,Week4,Sleepy Hollow Rec,Week5,269.0 Sleepy Hollow Rec - 127.0 Pleasant Valley
Poplar Heights,Week2,Sleepy Hollow B & R,Week5,236.0 Sleepy Hollow B & R - 166.0 Poplar Heights
Poplar Heights,Week3,Kings Ridge ,Week1,303.0 Poplar Heights - 99.0 Kings Ridge
Poplar Tree,Week2,Commonwealth,Week5,244.0 Poplar Tree - 158.0 Commonwealth
Poplar Heights,Week1,Sleepy Hollow B & R,Week2,220.0 Sleepy Hollow B & R - 182.0 Poplar Heights
Poplar Heights,Week2,Sleepy Hollow B & R,Week4,220.0 Sleepy Hollow B & R - 182.0 Poplar Heights
Pleasant Valley,Week4,Sleepy Hollow Rec,Week4,263.0 Sleepy Hollow Rec - 139.0 Pleasant Valley
Poplar Tree,Week2,Long Branch,Week4,272.0 Poplar Tree - 130.0 Long Branch
Pleasant Valley,Week1,Somerset-Olde Creek,Week4,204.0 Pleasant Valley - 194.0 Somerset-Olde Creek
Poplar Tree,Week4,Fox Hunt,Week1,230.0 Poplar Tree - 172.0 Fox Hunt
Poplar Tree,Week3,Long Branch,Week5,273.5 Poplar Tree - 128.5 Long Branch
Poplar Heights,Week2,Kings Ridge ,Week3,297.0 Poplar Heights - 105.0 Kings Ridge
Poplar Tree,Week1,Mansion House,Week3,210.0 Poplar Tree - 192.0 Mansion House
Poplar Tree,Week5,Commonwealth,Week2,268.0 Poplar Tree - 133.0 Commonwealth
Poplar Tree,Week5,Forest Hollow,Week3,252.0 Poplar Tree - 150.0 Forest Hollow
Poplar Heights,Week5,Kent Gardens,Week5,208.0 Kent Gardens - 194.0 Poplar Heights
Poplar Tree,Week2,Langley,Week3,230.0 Langley - 172.0 Poplar Tree
Poplar Tree,Week2,Commonwealth,Week2,240.0 Poplar Tree - 162.0 Commonwealth
Poplar Tree,Week3,Fox Mill Estates,Week2,248.0 Poplar Tree - 154.0 Fox Mill Estates
Poplar Tree,Week2,Langley,Week5,227.0 Langley - 170.0 Poplar Tree
Poplar Tree,Week5,Long Branch,Week3,302.0 Poplar Tree - 100.0 Long Branch
Poplar Tree,Week1,Fox Mill Estates,Week5,265.0 Poplar Tree - 137.0 Fox Mill Estates
Poplar Tree,Week3,Langley,Week3,227.0 Langley - 175.0 Poplar Tree
Poplar Tree,Week1,Mansion House,Week2,220.0 Poplar Tree - 182.0 Mansion House
Poplar Tree,Week1,Long Branch,Week4,283.0 Poplar Tree - 119.0 Long Branch
Poplar Tree,Week1,Fox Mill Estates,Week1,276.0 Poplar Tree - 126.0 Fox Mill Estates
Poplar Tree,Week3,Langley,Week5,217.0 Langley - 185.0 Poplar Tree
Poplar Heights,Week2,Sleepy Hollow B & R,Week1,206.0 Poplar Heights - 196.0 Sleepy Hollow B & R
Poplar Tree,Week2,Long Branch,Week3,274.0 Poplar Tree - 128.0 Long Branch
Poplar Tree,Week4,Fox Hunt,Week5,206.0 Poplar Tree - 196.0 Fox Hunt
Pleasant Valley,Week5,Sleepy Hollow Rec,Week4,226.0 Sleepy Hollow Rec - 176.0 Pleasant Valley
Poplar Tree,Week5,Lakevale Estates,Week4,231.0 Lakevale Estates - 171.0 Poplar Tree
Pleasant Valley,Week5,Sleepy Hollow Rec,Week1,230.0 Sleepy Hollow Rec - 167.0 Pleasant Valley
Pleasant Valley,Week3,Sleepy Hollow Rec,Week1,214.0 Sleepy Hollow Rec - 188.0 Pleasant Valley
Poplar Heights,Week4,Sideburn Run,Week4,230.0 Poplar Heights - 172.0 Sideburn Run
Poplar Tree,Week1,Commonwealth,Week2,248.0 Poplar Tree - 154.0 Commonwealth
Poplar Heights,Week1,Kings Ridge ,Week2,313.0 Poplar Heights - 89.0 Kings Ridge
Poplar Heights,Week1,Lake Braddock,Week4,299.0 Poplar Heights - 103.0 Lake Braddock
Poplar Tree,Week1,Commonwealth,Week1,288.0 Poplar Tree - 114.0 Commonwealth
Pleasant Valley,Week4,Sleepy Hollow Rec,Week2,265.0 Sleepy Hollow Rec - 132.0 Pleasant Valley
Poplar Tree,Week4,Commonwealth,Week3,240.0 Poplar Tree - 161.0 Commonwealth
Pleasant Valley,Week2,Sleepy Hollow Rec,Week2,238.0 Sleepy Hollow Rec - 163.0 Pleasant Valley
Poplar Tree,Week1,Fox Mill Estates,Week4,253.0 Poplar Tree - 149.0 Fox Mill Estates
Pleasant Valley,Week3,Somerset-Olde Creek,Week5,215.0 Pleasant Valley - 185.0 Somerset-Olde Creek
Poplar Tree,Week4,Long Branch,Week2,254.0 Poplar Tree - 148.0 Long Branch
Poplar Tree,Week4,Fox Hunt,Week3,202.0 Fox Hunt - 200.0 Poplar Tree
Poplar Tree,Week3,Commonwealth,Week3,265.0 Poplar Tree - 137.0 Commonwealth
Poplar Heights,Week2,Kings Ridge ,Week1,304.0 Poplar Heights - 98.0 Kings Ridge
Poplar Heights,Week2,Kings Ridge ,Week4,289.0 Poplar Heights - 113.0 Kings Ridge
Poplar Tree,Week3,Mansion House,Week5,216.0 Poplar Tree - 186.0 Mansion House
Pleasant Valley,Week5,Sleepy Hollow Rec,Week3,248.0 Sleepy Hollow Rec - 154.0 Pleasant Valley
Poplar Tree,Week5,Lakeview,Week4,315.0 Poplar Tree - 87.0 Lakeview
Poplar Heights,Week1,Kings Ridge ,Week1,306.0 Poplar Heights - 96.0 Kings Ridge
Poplar Tree,Week1,Commonwealth,Week4,263.0 Poplar Tree - 138.0 Commonwealth
Poplar Tree,Week4,Long Branch,Week4,253.5 Poplar Tree - 148.5 Long Branch
Poplar Tree,Week1,Commonwealth,Week5,246.0 Poplar Tree - 156.0 Commonwealth
Poplar Tree,Week2,Lakeview,Week5,284.0 Poplar Tree - 109.0 Lakeview
Poplar Tree,Week2,Fox Mill Estates,Week5,241.0 Poplar Tree - 161.0 Fox Mill Estates
Poplar Heights,Week1,Lake Braddock,Week1,316.0 Poplar Heights - 85.0 Lake Braddock
Poplar Tree,Week5,Lakeview,Week2,331.5 Poplar Tree - 70.5 Lakeview
Poplar Heights,Week3,Kings Ridge ,Week5,289.0 Poplar Heights - 113.0 Kings Ridge
Poplar Tree,Week3,Long Branch,Week1,280.0 Poplar Tree - 122.0 Long Branch
Poplar Tree,Week5,Commonwealth,Week1,294.0 Poplar Tree - 104.0 Commonwealth
Poplar Tree,Week2,Fox Mill Estates,Week4,219.0 Poplar Tree - 183.0 Fox Mill Estates
Poplar Tree,Week1,Long Branch,Week5,269.0 Poplar Tree - 133.0 Long Branch
Poplar Tree,Week1,Cottontail,Week4,256.0 Poplar Tree - 146.0 Cottontail
Poplar Heights,Week2,Kings Ridge ,Week2,312.0 Poplar Heights - 90.0 Kings Ridge
Poplar Tree,Week5,Lakeview,Week1,331.0 Poplar Tree - 71.0 Lakeview
Pleasant Valley,Week2,Sleepy Hollow Rec,Week3,259.0 Sleepy Hollow Rec - 143.0 Pleasant Valley
Poplar Tree,Week1,Long Branch,Week3,284.0 Poplar Tree - 118.0 Long Branch
Poplar Tree,Week1,Long Branch,Week2,274.0 Poplar Tree - 128.0 Long Branch
Poplar Tree,Week1,Fox Mill Woods,Week2,214.0 Fox Mill Woods - 188.0 Poplar Tree
Poplar Heights,Week5,Kings Ridge ,Week3,300.0 Poplar Heights - 102.0 Kings Ridge
Poplar Tree,Week3,Lakeview,Week2,306.0 Poplar Tree - 96.0 Lakeview
Poplar Tree,Week2,Langley,Week1,238.0 Langley - 164.0 Poplar Tree
Poplar Tree,Week4,Fox Mill Estates,Week2,237.0 Poplar Tree - 165.0 Fox Mill Estates
Poplar Tree,Week1,Cottontail,Week5,247.0 Poplar Tree - 155.0 Cottontail
Pleasant Valley,Week1,Somerset-Olde Creek,Week2,225.0 Pleasant Valley - 167.0 Somerset-Olde Creek
Poplar Tree,Week5,Fox Hunt,Week4,262.0 Poplar Tree - 140.0 Fox Hunt
Poplar Heights,Week4,Kings Ridge ,Week2,306.0 Poplar Heights - 96.0 Kings Ridge
Poplar Tree,Week5,Commonwealth,Week5,266.0 Poplar Tree - 136.0 Commonwealth
Poplar Tree,Week4,Long Branch,Week1,253.0 Poplar Tree - 149.0 Long Branch
Pleasant Valley,Week2,Somerset-Olde Creek,Week5,203.0 Somerset-Olde Creek - 194.0 Pleasant Valley
Poplar Heights,Week5,Kings Ridge ,Week5,285.0 Poplar Heights - 117.0 Kings Ridge
Pleasant Valley,Week2,Somerset-Olde Creek,Week2,228.0 Pleasant Valley - 164.0 Somerset-Olde Creek
Poplar Tree,Week1,Fox Mill Estates,Week3,269.0 Poplar Tree - 133.0 Fox Mill Estates
Poplar Tree,Week2,Cottontail,Week1,245.0 Poplar Tree - 157.0 Cottontail
Poplar Tree,Week1,Cottontail,Week1,246.0 Poplar Tree - 156.0 Cottontail
Pleasant Valley,Week2,Somerset-Olde Creek,Week3,227.0 Pleasant Valley - 164.0 Somerset-Olde Creek
Poplar Tree,Week3,Langley,Week1,218.0 Langley - 184.0 Poplar Tree
Poplar Tree,Week4,Fox Mill Estates,Week3,231.0 Poplar Tree - 171.0 Fox Mill Estates
Poplar Tree,Week5,Long Branch,Week1,289.0 Poplar Tree - 113.0 Long Branch
Poplar Tree,Week1,Fox Mill Woods,Week3,217.0 Fox Mill Woods - 185.0 Poplar Tree
Poplar Heights,Week4,Kings Ridge ,Week1,310.0 Poplar Heights - 92.0 Kings Ridge
Poplar Tree,Week1,Country Club Hills,Week5,248.0 Poplar Tree - 154.0 Country Club Hills
Poplar Tree,Week2,Cottontail,Week3,245.0 Poplar Tree - 157.0 Cottontail
Poplar Tree,Week5,Fox Mill Estates,Week3,271.0 Poplar Tree - 131.0 Fox Mill Estates
Poplar Tree,Week1,Fox Mill Woods,Week4,215.0 Fox Mill Woods - 187.0 Poplar Tree
Poplar Heights,Week5,Kent Gardens,Week4,225.0 Poplar Heights - 177.0 Kent Gardens
Poplar Tree,Week4,Lakeview,Week2,299.0 Poplar Tree - 103.0 Lakeview
Pleasant Valley,Week4,Sleepy Hollow Rec,Week3,277.0 Sleepy Hollow Rec - 125.0 Pleasant Valley
Poplar Tree,Week4,Long Branch,Week3,260.0 Poplar Tree - 142.0 Long Branch
Pleasant Valley,Week4,Sleepy Hollow Rec,Week1,254.0 Sleepy Hollow Rec - 148.0 Pleasant Valley
Pleasant Valley,Week5,Sleepy Hollow Rec,Week2,224.0 Sleepy Hollow Rec - 177.0 Pleasant Valley
Poplar Heights,Week1,Kings Ridge ,Week3,287.0 Poplar Heights - 115.0 Kings Ridge
Poplar Tree,Week4,Lakeview,Week5,271.0 Poplar Tree - 122.0 Lakeview
Pleasant Valley,Week3,Sleepy Hollow Rec,Week5,228.0 Sleepy Hollow Rec - 174.0 Pleasant Valley
Poplar Tree,Week5,Cottontail,Week1,277.0 Poplar Tree - 125.0 Cottontail
Poplar Tree,Week3,Cottontail,Week3,253.0 Poplar Tree - 149.0 Cottontail
Poplar Tree,Week3,Lakeview,Week3,297.0 Poplar Tree - 105.0 Lakeview
Poplar Tree,Week1,Langley,Week5,214.0 Langley - 188.0 Poplar Tree
Poplar Tree,Week4,Lakeview,Week3,283.0 Poplar Tree - 119.0 Lakeview
Poplar Tree,Week5,Long Branch,Week4,291.0 Poplar Tree - 111.0 Long Branch
Poplar Heights,Week3,Kings Ridge ,Week4,298.0 Poplar Heights - 104.0 Kings Ridge
Poplar Tree,Week1,Mansion House,Week4,245.0 Poplar Tree - 157.0 Mansion House
Pleasant Valley,Week1,Somerset-Olde Creek,Week1,215.0 Pleasant Valley - 181.0 Somerset-Olde Creek
Poplar Tree,Week2,Mansion House,Week2,213.0 Poplar Tree - 184.0 Mansion House
Poplar Heights,Week2,Kings Ridge ,Week5,283.0 Poplar Heights - 119.0 Kings Ridge
Poplar Tree,Week2,Cottontail,Week4,243.0 Poplar Tree - 159.0 Cottontail
Poplar Tree,Week5,Fox Hunt,Week2,259.0 Poplar Tree - 143.0 Fox Hunt
Poplar Tree,Week1,Mansion House,Week5,207.0 Poplar Tree - 195.0 Mansion House
Poplar Tree,Week3,Fox Mill Estates,Week4,253.0 Poplar Tree - 149.0 Fox Mill Estates
Poplar Heights,Week3,Kings Ridge ,Week2,314.0 Poplar Heights - 88.0 Kings Ridge
Pleasant Valley,Week5,Sleepy Hollow Rec,Week5,239.0 Sleepy Hollow Rec - 162.0 Pleasant Valley
Poplar Tree,Week3,Fox Mill Estates,Week1,270.0 Poplar Tree - 132.0 Fox Mill Estates
Poplar Heights,Week5,Kings Ridge ,Week1,312.0 Poplar Heights - 90.0 Kings Ridge
Poplar Tree,Week3,Mansion House,Week2,223.0 Poplar Tree - 179.0 Mansion House
Poplar Tree,Week5,Fox Hunt,Week5,237.0 Poplar Tree - 165.0 Fox Hunt
Poplar Tree,Week3,Lakeview,Week4,289.0 Poplar Tree - 113.0 Lakeview
Poplar Heights,Week1,Kings Ridge ,Week5,280.0 Poplar Heights - 122.0 Kings Ridge
Poplar Tree,Week2,Mansion House,Week3,203.0 Mansion House - 199.0 Poplar Tree
Poplar Tree,Week3,Cottontail,Week2,261.0 Poplar Tree - 141.0 Cottontail
Poplar Tree,Week2,Mansion House,Week1,220.0 Poplar Tree - 182.0 Mansion House
Poplar Tree,Week4,Lakeview,Week1,303.0 Poplar Tree - 99.0 Lakeview
Poplar Tree,Week3,Cottontail,Week4,255.0 Poplar Tree - 147.0 Cottontail
Pleasant Valley,Week2,Sleepy Hollow Rec,Week4,251.0 Sleepy Hollow Rec - 151.0 Pleasant Valley
Poplar Tree,Week3,Country Club Hills,Week3,273.0 Poplar Tree - 129.0 Country Club Hills
Poplar Tree,Week2,Mansion House,Week5,202.0 Mansion House - 200.0 Poplar Tree
Pleasant Valley,Week2,Sleepy Hollow Rec,Week5,260.0 Sleepy Hollow Rec - 141.0 Pleasant Valley
Poplar Heights,Week5,Kent Gardens,Week3,249.0 Poplar Heights - 152.0 Kent Gardens
Poplar Tree,Week5,Fox Hunt,Week3,243.0 Poplar Tree - 159.0 Fox Hunt
Poplar Tree,Week1,Langley,Week2,225.0 Langley - 177.0 Poplar Tree
Poplar Tree,Week2,Cottontail,Week2,246.0 Poplar Tree - 156.0 Cottontail
Poplar Heights,Week4,Kings Ridge ,Week3,298.0 Poplar Heights - 104.0 Kings Ridge
Poplar Tree,Week5,Long Branch,Week5,278.0 Poplar Tree - 124.0 Long Branch
Poplar Tree,Week4,Cottontail,Week1,225.0 Poplar Tree - 177.0 Cottontail
Pleasant Valley,Week3,Sleepy Hollow Rec,Week4,215.0 Sleepy Hollow Rec - 187.0 Pleasant Valley
Poplar Tree,Week5,Lakeview,Week5,308.0 Poplar Tree - 85.0 Lakeview
Poplar Tree,Week1,Langley,Week3,227.0 Langley - 175.0 Poplar Tree
Pleasant Valley,Week3,Somerset-Olde Creek,Week1,234.0 Pleasant Valley - 161.0 Somerset-Olde Creek
Poplar Tree,Week5,Fox Hunt,Week1,269.0 Poplar Tree - 133.0 Fox Hunt
Poplar Tree,Week3,Mansion House,Week1,219.0 Poplar Tree - 183.0 Mansion House
Poplar Tree,Week2,Fox Mill Estates,Week3,241.0 Poplar Tree - 161.0 Fox Mill Estates
Poplar Tree,Week2,Cottontail,Week5,234.0 Poplar Tree - 168.0 Cottontail
Pleasant Valley,Week3,Sleepy Hollow Rec,Week2,218.0 Sleepy Hollow Rec - 184.0 Pleasant Valley
Poplar Tree,Week3,Lakeview,Week5,283.0 Poplar Tree - 110.0 Lakeview
Poplar Tree,Week2,Langley,Week4,235.0 Langley - 167.0 Poplar Tree
Poplar Heights,Week5,Kings Ridge ,Week2,317.0 Poplar Heights - 85.0 Kings Ridge
Poplar Tree,Week4,Mansion House,Week4,210.0 Poplar Tree - 192.0 Mansion House
Poplar Tree,Week2,Mansion House,Week4,223.0 Poplar Tree - 179.0 Mansion House
Pleasant Valley,Week1,Somerset-Olde Creek,Week3,237.0 Pleasant Valley - 154.0 Somerset-Olde Creek
Pleasant Valley,Week3,Somerset-Olde Creek,Week2,254.5 Pleasant Valley - 145.5 Somerset-Olde Creek
Poplar Tree,Week4,Fox Mill Estates,Week4,207.0 Poplar Tree - 195.0 Fox Mill Estates
Poplar Tree,Week4,Cottontail,Week5,219.5 Poplar Tree - 182.5 Cottontail
Poplar Tree,Week5,Lakeview,Week3,309.0 Poplar Tree - 93.0 Lakeview
Poplar Tree,Week3,Fox Mill Estates,Week5,250.0 Poplar Tree - 152.0 Fox Mill Estates
Poplar Heights,Week5,Kings Ridge ,Week4,303.0 Poplar Heights - 99.0 Kings Ridge
Poplar Tree,Week1,Country Club Hills,Week4,268.0 Poplar Tree - 134.0 Country Club Hills
Poplar Tree,Week4,Fox Mill Estates,Week1,248.0 Poplar Tree - 154.0 Fox Mill Estates
Poplar Tree,Week2,Country Club Hills,Week2,262.0 Poplar Tree - 140.0 Country Club Hills
Poplar Tree,Week3,Mansion House,Week3,218.0 Poplar Tree - 184.0 Mansion House
Poplar Tree,Week1,Langley,Week1,224.0 Langley - 178.0 Poplar Tree
Poplar Tree,Week2,Fox Mill Estates,Week1,254.5 Poplar Tree - 147.5 Fox Mill Estates
Poplar Tree,Week5,Mansion House,Week2,233.0 Poplar Tree - 169.0 Mansion House
Pleasant Valley,Week2,Somerset-Olde Creek,Week4,211.0 Pleasant Valley - 187.0 Somerset-Olde Creek
Poplar Tree,Week2,Fox Mill Estates,Week2,231.5 Poplar Tree - 170.5 Fox Mill Estates
Poplar Heights,Week4,Kings Ridge ,Week4,293.0 Poplar Heights - 109.0 Kings Ridge
Poplar Tree,Week2,Langley,Week2,230.0 Langley - 172.0 Poplar Tree
Pleasant Valley,Week2,Somerset-Olde Creek,Week1,204.0 Pleasant Valley - 189.0 Somerset-Olde Creek
Pleasant Valley,Week1,Somerset-Olde Creek,Week5,204.0 Somerset-Olde Creek - 194.0 Pleasant Valley
Poplar Heights,Week1,Lakevale Estates,Week2,239.0 Lakevale Estates - 163.0 Poplar Heights
Poplar Tree,Week5,Cottontail,Week3,277.5 Poplar Tree - 124.5 Cottontail
Poplar Tree,Week1,Langley,Week4,230.0 Langley - 172.0 Poplar Tree
Poplar Tree,Week4,Cottontail,Week4,228.0 Poplar Tree - 174.0 Cottontail
Poplar Heights,Week4,Kings Ridge ,Week5,288.0 Poplar Heights - 114.0 Kings Ridge
Poplar Heights,Week1,Lake Braddock,Week3,286.0 Poplar Heights - 116.0 Lake Braddock
Poplar Tree,Week3,Mansion House,Week4,228.0 Poplar Tree - 174.0 Mansion House
Pleasant Valley,Week3,Somerset-Olde Creek,Week3,259.5 Pleasant Valley - 138.5 Somerset-Olde Creek
Poplar Tree,Week1,Fox Mill Estates,Week2,264.0 Poplar Tree - 138.0 Fox Mill Estates
Poplar Tree,Week4,Lakeview,Week4,273.0 Poplar Tree - 129.0 Lakeview
Poplar Tree,Week3,Fox Mill Estates,Week3,255.0 Poplar Tree - 147.0 Fox Mill Estates
Poplar Tree,Week2,Country Club Hills,Week1,263.0 Poplar Tree - 139.0 Country Club Hills
Poplar Tree,Week4,Langley,Week2,238.0 Langley - 164.0 Poplar Tree
Poplar Tree,Week4,Langley,Week3,238.0 Langley - 164.0 Poplar Tree
Poplar Tree,Week3,Cottontail,Week5,241.0 Poplar Tree - 161.0 Cottontail
Poplar Heights,Week2,Lakevale Estates,Week5,268.0 Lakevale Estates - 134.0 Poplar Heights
Poplar Tree,Week3,Langley,Week4,233.0 Langley - 169.0 Poplar Tree
Poplar Tree,Week4,Fox Mill Estates,Week5,224.0 Poplar Tree - 178.0 Fox Mill Estates
Poplar Tree,Week5,Cottontail,Week2,270.0 Poplar Tree - 132.0 Cottontail
Pleasant Valley,Week4,Somerset-Olde Creek,Week5,221.5 Somerset-Olde Creek - 166.5 Pleasant Valley
Poplar Tree,Week5,Cottontail,Week5,271.0 Poplar Tree - 131.0 Cottontail
Poplar Tree,Week4,Cottontail,Week3,229.0 Poplar Tree - 173.0 Cottontail
Poplar Tree,Week5,Fox Mill Estates,Week2,267.0 Poplar Tree - 135.0 Fox Mill Estates
Poplar Heights,Week2,Lakevale Estates,Week2,251.0 Lakevale Estates - 151.0 Poplar Heights
Pleasant Valley,Week3,Somerset-Olde Creek,Week4,231.5 Pleasant Valley - 169.5 Somerset-Olde Creek
Poplar Tree,Week5,Mansion House,Week4,244.0 Poplar Tree - 158.0 Mansion House
Poplar Tree,Week3,Langley,Week2,219.0 Langley - 183.0 Poplar Tree
Pleasant Valley,Week4,Somerset-Olde Creek,Week3,205.0 Pleasant Valley - 178.0 Somerset-Olde Creek
Poplar Tree,Week5,Mansion House,Week5,231.0 Poplar Tree - 171.0 Mansion House
Poplar Heights,Week1,Lakevale Estates,Week4,263.0 Lakevale Estates - 139.0 Poplar Heights
Pleasant Valley,Week4,Somerset-Olde Creek,Week2,206.0 Pleasant Valley - 178.0 Somerset-Olde Creek
Poplar Tree,Week4,Langley,Week1,236.0 Langley - 166.0 Poplar Tree
Poplar Heights,Week2,Lake Braddock,Week3,308.0 Poplar Heights - 94.0 Lake Braddock
Poplar Tree,Week5,Fox Mill Estates,Week1,281.0 Poplar Tree - 121.0 Fox Mill Estates
Poplar Heights,Week4,Lake Braddock,Week5,320.0 Poplar Heights - 82.0 Lake Braddock
Poplar Heights,Week3,Lakevale Estates,Week1,237.5 Lakevale Estates - 164.5 Poplar Heights
Poplar Tree,Week4,Fox Mill Woods,Week3,236.5 Fox Mill Woods - 165.5 Poplar Tree
Poplar Tree,Week4,Langley,Week5,233.0 Langley - 169.0 Poplar Tree
Poplar Tree,Week2,Laurel Hill,Week4,262.0 Poplar Tree - 140.0 Laurel Hill
Poplar Tree,Week2,Country Club Hills,Week3,268.0 Poplar Tree - 134.0 Country Club Hills
Poplar Heights,Week2,Lake Braddock,Week4,312.5 Poplar Heights - 89.5 Lake Braddock
Pleasant Valley,Week4,Somerset-Olde Creek,Week4,205.0 Somerset-Olde Creek - 182.0 Pleasant Valley
Pleasant Valley,Week5,Somerset-Olde Creek,Week3,232.0 Pleasant Valley - 145.0 Somerset-Olde Creek
Poplar Tree,Week5,Langley,Week1,217.0 Langley - 185.0 Poplar Tree
Poplar Tree,Week4,Langley,Week4,237.0 Langley - 165.0 Poplar Tree
Pleasant Valley,Week4,Somerset-Olde Creek,Week1,191.0 Somerset-Olde Creek - 187.0 Pleasant Valley
Poplar Heights,Week5,Lake Braddock,Week2,326.0 Poplar Heights - 76.0 Lake Braddock
Poplar Tree,Week1,Great Falls,Week5,228.0 Poplar Tree - 174.0 Great Falls
Poplar Tree,Week5,Langley,Week2,223.0 Langley - 179.0 Poplar Tree
Poplar Tree,Week4,Mansion House,Week3,208.0 Mansion House - 194.0 Poplar Tree
Poplar Heights,Week4,Lake Braddock,Week2,324.0 Poplar Heights - 78.0 Lake Braddock
Poplar Tree,Week5,Fox Mill Estates,Week4,259.0 Poplar Tree - 143.0 Fox Mill Estates
Poplar Heights,Week1,Lake Braddock,Week5,295.0 Poplar Heights - 107.0 Lake Braddock
Poplar Tree,Week3,Cottontail,Week1,259.0 Poplar Tree - 143.0 Cottontail
Poplar Heights,Week3,Lake Braddock,Week4,319.5 Poplar Heights - 82.5 Lake Braddock
Poplar Tree,Week2,Country Club Hills,Week4,251.0 Poplar Tree - 151.0 Country Club Hills
Poplar Tree,Week1,Fox Mill Woods,Week1,218.0 Fox Mill Woods - 184.0 Poplar Tree
Poplar Tree,Week5,Mansion House,Week1,231.0 Poplar Tree - 171.0 Mansion House
Poplar Heights,Week5,Lake Braddock,Week3,322.0 Poplar Heights - 80.0 Lake Braddock
Poplar Tree,Week2,Country Club Hills,Week5,231.0 Poplar Tree - 171.0 Country Club Hills
Poplar Tree,Week3,Fox Mill Woods,Week4,221.0 Fox Mill Woods - 181.0 Poplar Tree
Poplar Tree,Week1,Country Club Hills,Week2,278.0 Poplar Tree - 124.0 Country Club Hills
Poplar Tree,Week5,Fox Mill Estates,Week5,262.0 Poplar Tree - 140.0 Fox Mill Estates
Poplar Tree,Week5,Fox Mill Woods,Week4,202.0 Fox Mill Woods - 200.0 Poplar Tree
Poplar Tree,Week2,Great Falls,Week3,220.0 Poplar Tree - 182.0 Great Falls
Poplar Heights,Week2,Lake Braddock,Week2,310.0 Poplar Heights - 92.0 Lake Braddock
Poplar Tree,Week5,Langley,Week5,203.0 Langley - 199.0 Poplar Tree
Poplar Heights,Week4,Lake Braddock,Week1,338.0 Poplar Heights - 64.0 Lake Braddock
Poplar Tree,Week5,Cottontail,Week4,270.0 Poplar Tree - 132.0 Cottontail
Poplar Tree,Week1,Country Club Hills,Week1,270.5 Poplar Tree - 131.5 Country Club Hills
Pleasant Valley,Week5,Somerset-Olde Creek,Week1,223.0 Pleasant Valley - 166.0 Somerset-Olde Creek
Poplar Tree,Week4,Cottontail,Week2,226.0 Poplar Tree - 176.0 Cottontail
Pleasant Valley,Week5,Somerset-Olde Creek,Week2,228.0 Pleasant Valley - 158.0 Somerset-Olde Creek
Poplar Tree,Week3,Laurel Hill,Week1,283.0 Poplar Tree - 115.0 Laurel Hill
Poplar Tree,Week1,Country Club Hills,Week3,274.0 Poplar Tree - 128.0 Country Club Hills
Poplar Tree,Week4,Fox Mill Woods,Week2,215.0 Fox Mill Woods - 187.0 Poplar Tree
Poplar Tree,Week1,Laurel Hill,Week4,294.0 Poplar Tree - 108.0 Laurel Hill
Pleasant Valley,Week5,Somerset-Olde Creek,Week4,225.0 Pleasant Valley - 166.0 Somerset-Olde Creek
Poplar Tree,Week3,Fox Mill Woods,Week2,216.0 Fox Mill Woods - 186.0 Poplar Tree
Poplar Tree,Week5,Laurel Hill,Week2,308.0 Poplar Tree - 94.0 Laurel Hill
Poplar Tree,Week2,Crosspointe,Week2,220.0 Crosspointe - 182.0 Poplar Tree
Poplar Tree,Week4,Fox Mill Woods,Week1,245.0 Fox Mill Woods - 157.0 Poplar Tree
Poplar Heights,Week4,Lake Braddock,Week4,323.5 Poplar Heights - 78.5 Lake Braddock
Poplar Tree,Week4,Laurel Hill,Week2,297.0 Poplar Tree - 104.0 Laurel Hill
Poplar Heights,Week3,Lake Braddock,Week5,305.0 Poplar Heights - 97.0 Lake Braddock
Poplar Tree,Week5,Mansion House,Week3,220.0 Poplar Tree - 182.0 Mansion House
Poplar Tree,Week5,Country Club Hills,Week1,287.0 Poplar Tree - 115.0 Country Club Hills
Poplar Tree,Week4,Mansion House,Week2,211.0 Poplar Tree - 191.0 Mansion House
Poplar Tree,Week4,Mansion House,Week1,202.0 Poplar Tree - 200.0 Mansion House
Poplar Tree,Week2,Fox Mill Woods,Week1,232.0 Fox Mill Woods - 170.0 Poplar Tree
Poplar Tree,Week2,Fox Mill Woods,Week3,221.0 Fox Mill Woods - 181.0 Poplar Tree
Poplar Heights,Week4,Lake Braddock,Week3,309.5 Poplar Heights - 92.5 Lake Braddock
Poplar Tree,Week1,Laurel Hill,Week3,283.0 Poplar Tree - 118.0 Laurel Hill
Poplar Tree,Week2,Crosspointe,Week5,245.0 Crosspointe - 157.0 Poplar Tree
Poplar Heights,Week2,Lake Braddock,Week1,322.0 Poplar Heights - 79.0 Lake Braddock
Poplar Tree,Week3,Great Falls,Week2,237.0 Poplar Tree - 147.0 Great Falls
Poplar Tree,Week2,Laurel Hill,Week3,260.0 Poplar Tree - 141.0 Laurel Hill
Poplar Heights,Week3,Lake Braddock,Week3,308.0 Poplar Heights - 94.0 Lake Braddock
Poplar Tree,Week1,Crosspointe,Week2,208.0 Crosspointe - 194.0 Poplar Tree
Poplar Tree,Week4,Mansion House,Week5,208.0 Mansion House - 194.0 Poplar Tree
Poplar Heights,Week5,Lake Braddock,Week4,339.0 Poplar Heights - 63.0 Lake Braddock
Poplar Heights,Week3,Lake Braddock,Week1,335.0 Poplar Heights - 67.0 Lake Braddock
Poplar Tree,Week1,Laurel Hill,Week2,310.0 Poplar Tree - 92.0 Laurel Hill
Poplar Tree,Week3,Country Club Hills,Week2,278.0 Poplar Tree - 124.0 Country Club Hills
Poplar Tree,Week5,Langley,Week3,206.0 Langley - 196.0 Poplar Tree
Poplar Tree,Week1,Crosspointe,Week4,213.0 Crosspointe - 189.0 Poplar Tree
Poplar Tree,Week5,Fox Mill Woods,Week1,203.0 Fox Mill Woods - 199.0 Poplar Tree
Poplar Tree,Week4,Fox Mill Woods,Week5,232.0 Fox Mill Woods - 170.0 Poplar Tree
Poplar Tree,Week1,Lee Graham,Week3,252.0 Lee Graham - 150.0 Poplar Tree
Poplar Tree,Week3,Country Club Hills,Week1,274.0 Poplar Tree - 128.0 Country Club Hills
Poplar Tree,Week1,Crosspointe,Week1,224.0 Crosspointe - 178.0 Poplar Tree
Poplar Tree,Week5,Fox Mill Woods,Week3,201.0 Fox Mill Woods - 201.0 Poplar Tree
Poplar Tree,Week5,Langley,Week4,224.0 Langley - 178.0 Poplar Tree
Poplar Tree,Week3,Laurel Hill,Week4,291.0 Poplar Tree - 111.0 Laurel Hill
Poplar Tree,Week5,Country Club Hills,Week5,260.0 Poplar Tree - 142.0 Country Club Hills
Poplar Tree,Week5,Country Club Hills,Week3,303.0 Poplar Tree - 99.0 Country Club Hills
Poplar Tree,Week3,Crosspointe,Week4,232.0 Crosspointe - 170.0 Poplar Tree
Poplar Tree,Week2,Laurel Hill,Week2,289.0 Poplar Tree - 108.0 Laurel Hill
Poplar Tree,Week1,Fox Mill Woods,Week5,217.0 Fox Mill Woods - 185.0 Poplar Tree
Poplar Tree,Week2,Fox Mill Woods,Week2,228.0 Fox Mill Woods - 174.0 Poplar Tree
Poplar Heights,Week5,Lake Braddock,Week1,334.0 Poplar Heights - 67.0 Lake Braddock
Poplar Heights,Week1,Lakevale Estates,Week3,252.0 Lakevale Estates - 150.0 Poplar Heights
Poplar Heights,Week2,Lake Braddock,Week5,307.0 Poplar Heights - 95.0 Lake Braddock
Poplar Heights,Week3,Lake Braddock,Week2,316.0 Poplar Heights - 86.0 Lake Braddock
Poplar Tree,Week2,Lee Graham,Week5,275.0 Lee Graham - 127.0 Poplar Tree
Poplar Tree,Week3,Fox Mill Woods,Week5,238.0 Fox Mill Woods - 164.0 Poplar Tree
Poplar Tree,Week3,Laurel Hill,Week3,281.0 Poplar Tree - 121.0 Laurel Hill
Poplar Heights,Week5,Lake Braddock,Week5,318.0 Poplar Heights - 84.0 Lake Braddock
Poplar Heights,Week1,Lakevale Estates,Week1,242.0 Lakevale Estates - 160.0 Poplar Heights
Poplar Tree,Week4,Laurel Hill,Week5,229.5 Poplar Tree - 171.5 Laurel Hill
Poplar Tree,Week1,Great Falls,Week2,235.0 Poplar Tree - 149.0 Great Falls
Poplar Tree,Week2,Laurel Hill,Week5,240.0 Poplar Tree - 162.0 Laurel Hill
Poplar Tree,Week5,Country Club Hills,Week4,292.0 Poplar Tree - 110.0 Country Club Hills
Poplar Tree,Week4,Country Club Hills,Week1,249.0 Poplar Tree - 153.0 Country Club Hills
Poplar Tree,Week5,Fox Mill Woods,Week5,216.0 Fox Mill Woods - 186.0 Poplar Tree
Poplar Heights,Week3,Lakeview,Week1,335.0 Poplar Heights - 67.0 Lakeview
Poplar Heights,Week1,Lakeview,Week3,289.0 Poplar Heights - 113.0 Lakeview
Poplar Tree,Week5,Laurel Hill,Week3,295.0 Poplar Tree - 107.0 Laurel Hill
Poplar Tree,Week3,Crosspointe,Week2,221.0 Crosspointe - 181.0 Poplar Tree
Poplar Heights,Week2,Lakevale Estates,Week4,254.5 Lakevale Estates - 147.5 Poplar Heights
Poplar Tree,Week1,Laurel Hill,Week5,261.0 Poplar Tree - 140.0 Laurel Hill
Poplar Tree,Week1,Laurel Hill,Week1,288.0 Poplar Tree - 110.0 Laurel Hill
Poplar Heights,Week2,Lakevale Estates,Week3,250.0 Lakevale Estates - 152.0 Poplar Heights
Poplar Tree,Week4,Fox Mill Woods,Week4,237.0 Fox Mill Woods - 165.0 Poplar Tree
Poplar Tree,Week4,Laurel Hill,Week4,264.0 Poplar Tree - 138.0 Laurel Hill
Poplar Tree,Week3,Laurel Hill,Week5,255.0 Poplar Tree - 146.0 Laurel Hill
Poplar Heights,Week3,Lakeview,Week4,302.0 Poplar Heights - 100.0 Lakeview
Poplar Tree,Week5,Fox Mill Woods,Week2,214.0 Poplar Tree - 188.0 Fox Mill Woods
Poplar Heights,Week2,Lakevale Estates,Week1,236.5 Lakevale Estates - 165.5 Poplar Heights
Poplar Tree,Week3,Crosspointe,Week5,248.0 Crosspointe - 154.0 Poplar Tree
Poplar Tree,Week1,Great Falls,Week3,231.0 Poplar Tree - 171.0 Great Falls
Pleasant Valley,Week3,Pleasant Valley,Week3,199.5 Pleasant Valley (PV1) - 199.5 Pleasant Valley (PV2)
Poplar Tree,Week2,Fox Mill Woods,Week5,243.0 Fox Mill Woods - 159.0 Poplar Tree
Poplar Tree,Week2,Great Falls,Week2,228.0 Poplar Tree - 151.0 Great Falls
Poplar Tree,Week3,Fox Mill Woods,Week1,229.0 Fox Mill Woods - 173.0 Poplar Tree
Poplar Tree,Week2,Crosspointe,Week1,238.0 Crosspointe - 164.0 Poplar Tree
Poplar Tree,Week5,Laurel Hill,Week4,299.0 Poplar Tree - 103.0 Laurel Hill
Poplar Tree,Week4,Country Club Hills,Week3,255.0 Poplar Tree - 147.0 Country Club Hills
Poplar Tree,Week4,Crosspointe,Week1,223.0 Crosspointe - 179.0 Poplar Tree
Poplar Heights,Week4,Lakeview,Week1,336.0 Poplar Heights - 66.0 Lakeview
Poplar Heights,Week2,Lakeview,Week4,294.0 Poplar Heights - 108.0 Lakeview
Poplar Tree,Week4,Laurel Hill,Week3,271.0 Poplar Tree - 131.0 Laurel Hill
Poplar Tree,Week4,Crosspointe,Week3,224.0 Crosspointe - 178.0 Poplar Tree
Poplar Tree,Week1,Great Falls,Week4,240.0 Poplar Tree - 162.0 Great Falls
Pleasant Valley,Week2,Poplar Heights,Week2,320.0 Poplar Heights - 81.0 Pleasant Valley
Poplar Heights,Week1,Lakevale Estates,Week5,280.0 Lakevale Estates - 122.0 Poplar Heights
Poplar Tree,Week2,Laurel Hill,Week1,262.0 Poplar Tree - 139.0 Laurel Hill
Poplar Tree,Week3,Fox Mill Woods,Week3,216.0 Fox Mill Woods - 186.0 Poplar Tree
Poplar Tree,Week1,Great Falls,Week1,259.0 Poplar Tree - 143.0 Great Falls
Poplar Tree,Week2,Great Falls,Week1,249.0 Poplar Tree - 153.0 Great Falls
Poplar Tree,Week3,Country Club Hills,Week4,267.0 Poplar Tree - 135.0 Country Club Hills
Poplar Tree,Week5,Laurel Hill,Week1,295.0 Poplar Tree - 105.0 Laurel Hill
Poplar Tree,Week3,Laurel Hill,Week2,314.0 Poplar Tree - 88.0 Laurel Hill
Poplar Heights,Week4,Lakeview,Week3,309.0 Poplar Heights - 93.0 Lakeview
Poplar Tree,Week1,Crosspointe,Week5,241.0 Crosspointe - 161.0 Poplar Tree
Poplar Tree,Week4,Crosspointe,Week2,227.0 Crosspointe - 175.0 Poplar Tree
Poplar Tree,Week2,Fox Mill Woods,Week4,235.0 Fox Mill Woods - 167.0 Poplar Tree
Poplar Tree,Week2,Crosspointe,Week3,228.0 Crosspointe - 169.0 Poplar Tree
Poplar Tree,Week3,Greenbriar,Week4,245.0 Poplar Tree - 157.0 Greenbriar
Poplar Heights,Week5,Lakevale Estates,Week1,214.0 Lakevale Estates - 188.0 Poplar Heights
Poplar Heights,Week5,Lakevale Estates,Week5,262.0 Lakevale Estates - 140.0 Poplar Heights
Poplar Tree,Week4,Laurel Hill,Week1,270.0 Poplar Tree - 127.0 Laurel Hill
Poplar Heights,Week4,Lakevale Estates,Week4,267.0 Lakevale Estates - 135.0 Poplar Heights
Poplar Tree,Week3,Country Club Hills,Week5,230.0 Poplar Tree - 172.0 Country Club Hills
Poplar Tree,Week1,Lee Graham,Week1,239.0 Lee Graham - 163.0 Poplar Tree
Poplar Heights,Week5,Lakevale Estates,Week3,242.0 Lakevale Estates - 160.0 Poplar Heights
Pleasant Valley,Week5,Pleasant Valley,Week3,227.0 Pleasant Valley (PV2) - 165.0 Pleasant Valley (PV1)
Poplar Tree,Week4,Crosspointe,Week4,230.0 Crosspointe - 172.0 Poplar Tree
Pleasant Valley,Week4,Pleasant Valley,Week3,246.0 Pleasant Valley (PV2) - 149.0 Pleasant Valley (PV1)
Poplar Heights,Week1,Lakeview,Week1,314.5 Poplar Heights - 87.5 Lakeview
Pleasant Valley,Week3,Pleasant Valley,Week5,227.0 Pleasant Valley (PV1) - 165.0 Pleasant Valley (PV2)
Poplar Tree,Week4,Greenbriar,Week1,205.0 Poplar Tree - 197.0 Greenbriar
Poplar Heights,Week4,Lakevale Estates,Week1,225.0 Lakevale Estates - 177.0 Poplar Heights
Poplar Tree,Week1,Lee Graham,Week2,244.0 Lee Graham - 158.0 Poplar Tree
Poplar Tree,Week3,Great Falls,Week1,251.5 Poplar Tree - 150.5 Great Falls
Poplar Tree,Week4,Country Club Hills,Week2,251.0 Poplar Tree - 151.0 Country Club Hills
Poplar Tree,Week4,Country Club Hills,Week5,219.0 Poplar Tree - 183.0 Country Club Hills
Poplar Tree,Week5,Laurel Hill,Week5,273.0 Poplar Tree - 129.0 Laurel Hill
Poplar Tree,Week1,Lee Graham,Week5,260.0 Lee Graham - 142.0 Poplar Tree
Poplar Tree,Week5,Country Club Hills,Week2,302.0 Poplar Tree - 100.0 Country Club Hills
Poplar Tree,Week3,Greenbriar,Week2,211.0 Poplar Tree - 191.0 Greenbriar
Poplar Tree,Week1,Lee Graham,Week4,235.0 Lee Graham - 167.0 Poplar Tree
Pleasant Valley,Week2,Poplar Heights,Week3,325.0 Poplar Heights - 77.0 Pleasant Valley
Poplar Heights,Week4,Lakevale Estates,Week5,276.0 Lakevale Estates - 126.0 Poplar Heights
Poplar Tree,Week1,Crosspointe,Week3,227.0 Crosspointe - 175.0 Poplar Tree
Pleasant Valley,Week2,Pleasant Valley,Week4,203.0 Pleasant Valley (PV1) - 185.0 Pleasant Valley (PV2)
Poplar Tree,Week4,Country Club Hills,Week4,240.0 Poplar Tree - 162.0 Country Club Hills
Poplar Tree,Week2,Great Falls,Week4,240.0 Poplar Tree - 157.0 Great Falls
Poplar Tree,Week2,Great Falls,Week5,218.0 Poplar Tree - 184.0 Great Falls
Pleasant Valley,Week4,Pleasant Valley,Week1,199.0 Pleasant Valley (PV2) - 189.0 Pleasant Valley (PV1)
Poplar Tree,Week3,Crosspointe,Week1,218.0 Crosspointe - 184.0 Poplar Tree
Pleasant Valley,Week1,Poplar Heights,Week3,318.0 Poplar Heights - 84.0 Pleasant Valley
Poplar Tree,Week3,Great Falls,Week3,238.0 Poplar Tree - 164.0 Great Falls
Poplar Tree,Week2,Lee Graham,Week1,245.0 Lee Graham - 152.0 Poplar Tree
Poplar Heights,Week4,Lakevale Estates,Week3,243.0 Lakevale Estates - 159.0 Poplar Heights
Poplar Tree,Week2,Lee Graham,Week2,253.0 Lee Graham - 149.0 Poplar Tree
Poplar Tree,Week4,Daventry,Week2,293.0 Poplar Tree - 108.0 Daventry
Poplar Tree,Week4,Great Falls,Week3,208.0 Poplar Tree - 194.0 Great Falls
Poplar Tree,Week2,Lee Graham,Week3,273.0 Lee Graham - 129.0 Poplar Tree
Poplar Heights,Week2,Lakeview,Week1,322.0 Poplar Heights - 80.0 Lakeview
Pleasant Valley,Week2,Poplar Heights,Week1,308.0 Poplar Heights - 93.0 Pleasant Valley
Poplar Tree,Week4,Crosspointe,Week5,255.0 Crosspointe - 147.0 Poplar Tree
Poplar Heights,Week1,Lakeview,Week5,297.0 Poplar Heights - 95.0 Lakeview
Poplar Tree,Week5,Great Falls,Week5,236.0 Poplar Tree - 166.0 Great Falls
Poplar Tree,Week5,Lee Graham,Week5,253.0 Lee Graham - 149.0 Poplar Tree
Poplar Tree,Week2,Lee Graham,Week4,253.0 Lee Graham - 149.0 Poplar Tree
Poplar Heights,Week1,Lakeview,Week4,283.0 Poplar Heights - 119.0 Lakeview
Poplar Tree,Week5,Great Falls,Week3,240.0 Poplar Tree - 162.0 Great Falls
Pleasant Valley,Week4,Pleasant Valley,Week2,203.0 Pleasant Valley (PV2) - 185.0 Pleasant Valley (PV1)
Poplar Tree,Week4,Great Falls,Week5,208.0 Poplar Tree - 194.0 Great Falls
Poplar Tree,Week2,Crosspointe,Week4,225.3 Crosspointe - 176.7 Poplar Tree
Pleasant Valley,Week4,Pleasant Valley,Week4,178.5 Pleasant Valley (PV1) - 178.5 Pleasant Valley (PV2)
Pleasant Valley,Week3,Pleasant Valley,Week2,251.0 Pleasant Valley (PV1) - 148.0 Pleasant Valley (PV2)
Poplar Heights,Week3,Lakevale Estates,Week4,271.0 Lakevale Estates - 131.0 Poplar Heights
Poplar Tree,Week3,Crosspointe,Week3,227.0 Crosspointe - 175.0 Poplar Tree
Pleasant Valley,Week2,Pleasant Valley,Week3,251.0 Pleasant Valley (PV2) - 148.0 Pleasant Valley (PV1)
Poplar Heights,Week4,Lakevale Estates,Week2,239.0 Lakevale Estates - 163.0 Poplar Heights
Pleasant Valley,Week3,Pleasant Valley,Week1,243.0 Pleasant Valley (PV1) - 157.0 Pleasant Valley (PV2)
Poplar Tree,Week3,Lincolnia Park,Week1,325.0 Poplar Tree - 76.0 Lincolnia Park
Poplar Tree,Week5,Great Falls,Week4,251.0 Poplar Tree - 151.0 Great Falls
Poplar Heights,Week3,Lakevale Estates,Week3,242.0 Lakevale Estates - 160.0 Poplar Heights
Pleasant Valley,Week5,Pleasant Valley,Week2,192.0 Pleasant Valley (PV1) - 191.0 Pleasant Valley (PV2)
Poplar Heights,Week5,Lakevale Estates,Week4,258.0 Lakevale Estates - 144.0 Poplar Heights
Poplar Tree,Week3,Great Falls,Week5,221.0 Poplar Tree - 181.0 Great Falls
Poplar Tree,Week5,Daventry,Week4,333.0 Poplar Tree - 68.0 Daventry
Pleasant Valley,Week5,Pleasant Valley,Week4,192.0 Pleasant Valley (PV1) - 180.0 Pleasant Valley (PV2)
Poplar Tree,Week2,Greenbriar,Week1,206.0 Poplar Tree - 196.0 Greenbriar
Poplar Heights,Week2,Lakeview,Week3,309.0 Poplar Heights - 93.0 Lakeview
Poplar Heights,Week3,Lakevale Estates,Week2,242.0 Lakevale Estates - 160.0 Poplar Heights
Poplar Tree,Week3,Daventry,Week5,295.0 Poplar Tree - 107.0 Daventry
Poplar Tree,Week2,Lincolnia Park,Week5,288.0 Poplar Tree - 105.0 Lincolnia Park
Poplar Tree,Week5,Lee Graham,Week4,227.0 Lee Graham - 175.0 Poplar Tree
Poplar Tree,Week5,Great Falls,Week1,267.0 Poplar Tree - 135.0 Great Falls
Poplar Tree,Week5,Daventry,Week2,324.0 Poplar Tree - 78.0 Daventry
Poplar Tree,Week3,Lee Graham,Week5,265.0 Lee Graham - 137.0 Poplar Tree
Pleasant Valley,Week4,Pleasant Valley,Week5,192.0 Pleasant Valley (PV2) - 180.0 Pleasant Valley (PV1)
Poplar Tree,Week1,Greenbriar,Week3,226.0 Poplar Tree - 176.0 Greenbriar
Poplar Tree,Week2,Daventry,Week2,309.0 Poplar Tree - 92.0 Daventry
Poplar Tree,Week3,Lee Graham,Week3,256.0 Lee Graham - 146.0 Poplar Tree
Poplar Tree,Week1,Greenbriar,Week2,214.0 Poplar Tree - 188.0 Greenbriar
Poplar Heights,Week1,Lakeview,Week2,312.0 Poplar Heights - 89.0 Lakeview
Poplar Tree,Week1,Daventry,Week1,315.0 Poplar Tree - 87.0 Daventry
Poplar Heights,Week5,Lakevale Estates,Week2,241.0 Lakevale Estates - 161.0 Poplar Heights
Poplar Tree,Week4,Lee Graham,Week3,268.0 Lee Graham - 134.0 Poplar Tree
Poplar Tree,Week3,Daventry,Week3,319.0 Poplar Tree - 83.0 Daventry
Pleasant Valley,Week2,Pleasant Valley,Week5,192.0 Pleasant Valley (PV2) - 191.0 Pleasant Valley (PV1)
Poplar Tree,Week2,Daventry,Week3,307.0 Poplar Tree - 94.0 Daventry
Poplar Tree,Week5,Great Falls,Week2,257.0 Poplar Tree - 127.0 Great Falls
Poplar Heights,Week2,Lakeview,Week2,334.0 Poplar Heights - 67.0 Lakeview
Poplar Tree,Week4,Lee Graham,Week2,261.0 Lee Graham - 141.0 Poplar Tree
Poplar Tree,Week4,Lee Graham,Week1,252.0 Lee Graham - 150.0 Poplar Tree
Poplar Tree,Week2,Daventry,Week5,289.0 Poplar Tree - 108.0 Daventry
Pleasant Valley,Week1,Poplar Heights,Week4,323.0 Poplar Heights - 78.0 Pleasant Valley
Poplar Tree,Week5,Lee Graham,Week3,238.0 Lee Graham - 164.0 Poplar Tree
Pleasant Valley,Week1,Poplar Heights,Week2,316.0 Poplar Heights - 85.0 Pleasant Valley
Poplar Tree,Week4,Great Falls,Week2,214.5 Poplar Tree - 169.5 Great Falls
Poplar Tree,Week1,Greenbriar,Week5,222.0 Poplar Tree - 179.0 Greenbriar
Poplar Tree,Week4,Great Falls,Week1,235.0 Poplar Tree - 166.0 Great Falls
Poplar Tree,Week5,Crosspointe,Week3,204.0 Poplar Tree - 198.0 Crosspointe
Poplar Tree,Week4,Lee Graham,Week4,258.0 Lee Graham - 144.0 Poplar Tree
Poplar Heights,Week4,Lakeview,Week2,339.0 Poplar Heights - 63.0 Lakeview
Pleasant Valley,Week3,Pleasant Valley,Week4,246.0 Pleasant Valley (PV1) - 149.0 Pleasant Valley (PV2)
Poplar Tree,Week5,Crosspointe,Week2,207.0 Poplar Tree - 195.0 Crosspointe
Poplar Tree,Week4,Daventry,Week4,303.0 Poplar Tree - 98.0 Daventry
Poplar Tree,Week1,Greenbriar,Week4,245.0 Poplar Tree - 157.0 Greenbriar
Poplar Tree,Week5,Crosspointe,Week4,201.0 Crosspointe - 201.0 Poplar Tree
Poplar Tree,Week3,Lee Graham,Week4,236.0 Lee Graham - 166.0 Poplar Tree
Poplar Tree,Week2,Greenbriar,Week5,202.0 Poplar Tree - 200.0 Greenbriar
Pleasant Valley,Week5,Pleasant Valley,Week5,173.5 Pleasant Valley (PV1) - 173.5 Pleasant Valley (PV2)
Pleasant Valley,Week5,Pleasant Valley,Week1,211.0 Pleasant Valley (PV1) - 172.0 Pleasant Valley (PV2)
Poplar Tree,Week4,Daventry,Week3,288.0 Poplar Tree - 113.0 Daventry
Poplar Tree,Week1,Lincolnia Park,Week4,332.0 Poplar Tree - 70.0 Lincolnia Park
Poplar Tree,Week1,Lincolnia Park,Week1,318.0 Poplar Tree - 84.0 Lincolnia Park
Poplar Tree,Week3,Greenbriar,Week1,210.0 Poplar Tree - 192.0 Greenbriar
Poplar Heights,Week3,Lakeview,Week2,338.0 Poplar Heights - 64.0 Lakeview
Poplar Tree,Week5,Lee Graham,Week2,235.5 Lee Graham - 166.5 Poplar Tree
Poplar Tree,Week4,Lee Graham,Week5,275.0 Lee Graham - 127.0 Poplar Tree
Poplar Heights,Week3,Lakevale Estates,Week5,264.0 Lakevale Estates - 138.0 Poplar Heights
Poplar Tree,Week3,Lee Graham,Week1,229.0 Lee Graham - 173.0 Poplar Tree
Poplar Heights,Week2,Lakeview,Week5,299.5 Poplar Heights - 92.5 Lakeview
Poplar Tree,Week4,Daventry,Week5,264.0 Poplar Tree - 138.0 Daventry
Pleasant Valley,Week1,Poplar Heights,Week5,330.0 Poplar Heights - 72.0 Pleasant Valley
Poplar Tree,Week3,Great Falls,Week4,240.0 Poplar Tree - 161.0 Great Falls
Poplar Heights,Week3,Lakeview,Week3,315.0 Poplar Heights - 87.0 Lakeview
Pleasant Valley,Week1,Poplar Heights,Week1,303.0 Poplar Heights - 98.0 Pleasant Valley
Poplar Tree,Week4,Great Falls,Week4,207.0 Poplar Tree - 195.0 Great Falls
Poplar Tree,Week1,Daventry,Week3,320.0 Poplar Tree - 80.0 Daventry
Poplar Heights,Week3,Lakeview,Week5,317.0 Poplar Heights - 76.0 Lakeview
Poplar Heights,Week3,Langley,Week2,218.0 Langley - 184.0 Poplar Heights
Poplar Tree,Week1,Greenbriar,Week1,228.0 Poplar Tree - 174.0 Greenbriar
Poplar Tree,Week1,Daventry,Week2,317.0 Poplar Tree - 85.0 Daventry
Poplar Tree,Week3,Lee Graham,Week2,246.0 Lee Graham - 156.0 Poplar Tree
Poplar Tree,Week2,Greenbriar,Week2,210.0 Greenbriar - 192.0 Poplar Tree
Poplar Tree,Week5,Lee Graham,Week1,222.0 Lee Graham - 180.0 Poplar Tree
Poplar Tree,Week1,Lincolnia Park,Week3,302.0 Poplar Tree - 91.0 Lincolnia Park
Poplar Tree,Week2,Daventry,Week1,300.0 Poplar Tree - 102.0 Daventry
Poplar Heights,Week5,Langley,Week2,219.0 Langley - 183.0 Poplar Heights
Poplar Tree,Week5,Crosspointe,Week5,221.0 Crosspointe - 181.0 Poplar Tree
Poplar Tree,Week3,Greenbriar,Week3,226.0 Poplar Tree - 176.0 Greenbriar
Poplar Heights,Week4,Langley,Week3,236.0 Langley - 166.0 Poplar Heights
Poplar Heights,Week4,Langley,Week5,237.5 Langley - 164.5 Poplar Heights
Poplar Tree,Week3,Daventry,Week2,320.0 Poplar Tree - 82.0 Daventry
Poplar Tree,Week3,Daventry,Week4,318.0 Poplar Tree - 84.0 Daventry
Poplar Heights,Week4,Langley,Week2,227.0 Langley - 175.0 Poplar Heights
Poplar Tree,Week2,Lincolnia Park,Week1,306.0 Poplar Tree - 96.0 Lincolnia Park
Poplar Heights,Week1,Langley,Week2,250.0 Langley - 152.0 Poplar Heights
Poplar Tree,Week2,Greenbriar,Week4,226.0 Poplar Tree - 176.0 Greenbriar
Poplar Tree,Week3,Greenbriar,Week5,212.0 Poplar Tree - 189.0 Greenbriar
Poplar Tree,Week2,Greenbriar,Week3,203.0 Greenbriar - 199.0 Poplar Tree
Poplar Tree,Week2,Lincolnia Park,Week2,305.0 Poplar Tree - 87.0 Lincolnia Park
Poplar Tree,Week1,Lincolnia Park,Week5,303.0 Poplar Tree - 90.0 Lincolnia Park
Poplar Heights,Week3,Langley,Week5,231.5 Langley - 170.5 Poplar Heights
Poplar Heights,Week5,Langley,Week5,216.0 Langley - 186.0 Poplar Heights
Poplar Tree,Week4,Greenbriar,Week2,215.0 Greenbriar - 187.0 Poplar Tree
Poplar Tree,Week4,Daventry,Week1,289.0 Poplar Tree - 113.0 Daventry
Poplar Tree,Week3,Hamlet,Week5,241.0 Hamlet - 161.0 Poplar Tree
Poplar Tree,Week5,Greenbriar,Week3,247.0 Poplar Tree - 155.0 Greenbriar
Poplar Tree,Week2,Daventry,Week4,305.0 Poplar Tree - 97.0 Daventry
Poplar Heights,Week1,Langley,Week4,261.0 Langley - 141.0 Poplar Heights
Poplar Tree,Week1,Daventry,Week4,325.0 Poplar Tree - 76.0 Daventry
Poplar Heights,Week1,Langley,Week5,239.0 Langley - 163.0 Poplar Heights
Poplar Tree,Week1,Lincolnia Park,Week2,327.0 Poplar Tree - 62.0 Lincolnia Park
Poplar Tree,Week4,Greenbriar,Week3,206.0 Poplar Tree - 196.0 Greenbriar
Poplar Tree,Week5,Greenbriar,Week1,227.0 Poplar Tree - 175.0 Greenbriar
Poplar Heights,Week5,Lakeview,Week1,339.0 Poplar Heights - 63.0 Lakeview
Poplar Tree,Week2,Lincolnia Park,Week4,316.0 Poplar Tree - 86.0 Lincolnia Park
Poplar Tree,Week1,Highland Park,Week4,216.0 Poplar Tree - 186.0 Highland Park
Poplar Tree,Week2,Lincolnia Park,Week3,277.0 Poplar Tree - 116.0 Lincolnia Park
Poplar Tree,Week1,Hamlet,Week4,224.0 Hamlet - 178.0 Poplar Tree
Poplar Tree,Week3,Daventry,Week1,317.0 Poplar Tree - 85.0 Daventry
Poplar Tree,Week5,High Point Pool,Week3,219.0 Poplar Tree - 183.0 High Point Pool
Poplar Tree,Week1,Daventry,Week5,292.0 Poplar Tree - 110.0 Daventry
Poplar Tree,Week5,Crosspointe,Week1,203.0 Poplar Tree - 199.0 Crosspointe
Poplar Heights,Week3,Langley,Week4,248.0 Langley - 154.0 Poplar Heights
Ravensworth Farm,Week3,Wakefield Chapel,Week4,244.0 Wakefield Chapel - 158.0 Ravensworth Farm
Riverside Gardens,Week1,Highland Park,Week3,267.0 Riverside Gardens - 135.0 Highland Park
Ravensworth Farm,Week2,Bren Mar-Edsall Park,Week5,338.0 Ravensworth Farm - 61.0 Bren Mar-Edsall Park
Riverside Gardens,Week2,Dunn Loring,Week2,250.5 Dunn Loring - 151.5 Riverside Gardens
Ravensworth Farm,Week2,Walden Glen,Week3,236.0 Ravensworth Farm - 166.0 Walden Glen
Riverside Gardens,Week1,Highland Park,Week2,247.0 Riverside Gardens - 155.0 Highland Park
Riverside Gardens,Week4,High Point Pool,Week5,239.0 Riverside Gardens - 163.0 High Point Pool
Ravensworth Farm,Week3,Hamlet,Week4,261.0 Hamlet - 141.0 Ravensworth Farm
Ravensworth Farm,Week3,Bren Mar-Edsall Park,Week5,354.0 Ravensworth Farm - 48.0 Bren Mar-Edsall Park
Ravensworth Farm,Week4,Overlee,Week2,336.0 Overlee - 66.0 Ravensworth Farm
Ravensworth Farm,Week4,Orange Hunt,Week3,203.0 Ravensworth Farm - 199.0 Orange Hunt
Ravensworth Farm,Week4,Parklawn,Week3,289.0 Ravensworth Farm - 113.0 Parklawn
Ravensworth Farm,Week4,Overlee,Week3,313.0 Overlee - 89.0 Ravensworth Farm
Riverside Gardens,Week2,Dunn Loring,Week3,267.0 Dunn Loring - 135.0 Riverside Gardens
Ravensworth Farm,Week2,Bren Mar-Edsall Park,Week1,359.0 Ravensworth Farm - 38.0 Bren Mar-Edsall Park
Ravensworth Farm,Week4,Overlee,Week5,349.0 Overlee - 53.0 Ravensworth Farm
Riverside Gardens,Week5,Dunn Loring,Week1,229.0 Riverside Gardens - 173.0 Dunn Loring
Riverside Gardens,Week4,Dunn Loring,Week1,223.0 Riverside Gardens - 179.0 Dunn Loring
Ravensworth Farm,Week5,Overlee,Week5,344.0 Overlee - 58.0 Ravensworth Farm
Riverside Gardens,Week5,High Point Pool,Week3,236.0 Riverside Gardens - 166.0 High Point Pool
Poplar Tree,Week5,Wakefield Chapel,Week2,230.0 Wakefield Chapel - 172.0 Poplar Tree
Poplar Tree,Week2,Wakefield Chapel,Week3,268.0 Wakefield Chapel - 129.0 Poplar Tree
Ravensworth Farm,Week1,Hamlet,Week4,261.0 Hamlet - 141.0 Ravensworth Farm
Ravensworth Farm,Week5,Overlee,Week1,302.0 Overlee - 100.0 Ravensworth Farm
Ravensworth Farm,Week1,Parliament,Week2,248.0 Ravensworth Farm - 153.0 Parliament
Ravensworth Farm,Week3,Hamlet,Week5,279.0 Hamlet - 123.0 Ravensworth Farm
Ravensworth Farm,Week3,Walden Glen,Week5,254.0 Ravensworth Farm - 147.0 Walden Glen
Ravensworth Farm,Week3,Hamlet,Week3,260.0 Hamlet - 142.0 Ravensworth Farm
Ravensworth Farm,Week1,Herndon,Week1,337.0 Ravensworth Farm - 64.0 Herndon
Ravensworth Farm,Week1,Bren Mar-Edsall Park,Week1,373.0 Ravensworth Farm - 29.0 Bren Mar-Edsall Park
Ravensworth Farm,Week5,Hamlet,Week5,272.0 Hamlet - 130.0 Ravensworth Farm
Ravensworth Farm,Week2,Herndon,Week2,313.0 Ravensworth Farm - 86.0 Herndon
Ravensworth Farm,Week4,Wakefield Chapel,Week5,294.0 Wakefield Chapel - 108.0 Ravensworth Farm
Riverside Gardens,Week3,Highland Park,Week2,263.0 Riverside Gardens - 139.0 Highland Park
Riverside Gardens,Week5,Dowden Terrace,Week4,248.0 Riverside Gardens - 154.0 Dowden Terrace
Ravensworth Farm,Week1,Walden Glen,Week5,230.0 Ravensworth Farm - 172.0 Walden Glen
Riverside Gardens,Week4,Dunn Loring,Week4,208.0 Riverside Gardens - 194.0 Dunn Loring
Poplar Tree,Week1,Wakefield Chapel,Week4,240.0 Wakefield Chapel - 162.0 Poplar Tree
Ravensworth Farm,Week5,Wakefield Chapel,Week1,276.0 Wakefield Chapel - 126.0 Ravensworth Farm
Riverside Gardens,Week3,Dunn Loring,Week5,217.0 Dunn Loring - 185.0 Riverside Gardens
Ravensworth Farm,Week1,Parklawn,Week4,272.0 Ravensworth Farm - 129.0 Parklawn
Riverside Gardens,Week5,Dowden Terrace,Week5,242.0 Riverside Gardens - 160.0 Dowden Terrace
Poplar Tree,Week2,Wakefield Chapel,Week5,287.0 Wakefield Chapel - 115.0 Poplar Tree
Ravensworth Farm,Week2,Overlee,Week2,348.0 Overlee - 54.0 Ravensworth Farm
Poplar Tree,Week1,Walden Glen,Week3,269.0 Poplar Tree - 133.0 Walden Glen
Ravensworth Farm,Week5,Brandywine,Week2,244.0 Ravensworth Farm - 158.0 Brandywine
Ravensworth Farm,Week1,Bren Mar-Edsall Park,Week3,360.0 Ravensworth Farm - 42.0 Bren Mar-Edsall Park
Ravensworth Farm,Week5,Wakefield Chapel,Week3,274.0 Wakefield Chapel - 128.0 Ravensworth Farm
Ravensworth Farm,Week3,Hayfield Farm,Week4,242.5 Ravensworth Farm - 159.5 Hayfield Farm
Poplar Tree,Week1,Walden Glen,Week1,286.0 Poplar Tree - 116.0 Walden Glen
Ravensworth Farm,Week4,Hamlet,Week2,284.0 Hamlet - 118.0 Ravensworth Farm
Ravensworth Farm,Week1,Hayfield Farm,Week2,216.0 Ravensworth Farm - 186.0 Hayfield Farm
Poplar Tree,Week5,Wakefield Chapel,Week1,241.0 Wakefield Chapel - 161.0 Poplar Tree
Riverside Gardens,Week4,High Point Pool,Week2,230.0 Riverside Gardens - 172.0 High Point Pool
Riverside Gardens,Week5,Highland Park,Week5,262.0 Riverside Gardens - 140.0 Highland Park
Ravensworth Farm,Week5,Wakefield Chapel,Week5,287.0 Wakefield Chapel - 115.0 Ravensworth Farm
Riverside Gardens,Week5,Highland Park,Week1,269.0 Riverside Gardens - 133.0 Highland Park
Ravensworth Farm,Week5,Bren Mar-Edsall Park,Week1,378.0 Ravensworth Farm - 24.0 Bren Mar-Edsall Park
Poplar Tree,Week5,Wakefield Chapel,Week4,227.5 Wakefield Chapel - 174.5 Poplar Tree
Riverside Gardens,Week3,Highland Park,Week3,268.0 Riverside Gardens - 134.0 Highland Park
Ravensworth Farm,Week3,Wakefield Chapel,Week3,276.0 Wakefield Chapel - 126.0 Ravensworth Farm
Riverside Gardens,Week3,Dunn Loring,Week2,229.0 Dunn Loring - 173.0 Riverside Gardens
Ravensworth Farm,Week2,Bren Mar-Edsall Park,Week4,343.0 Ravensworth Farm - 58.0 Bren Mar-Edsall Park
Riverside Gardens,Week2,Highland Park,Week2,233.0 Riverside Gardens - 169.0 Highland Park
Riverside Gardens,Week3,Dunn Loring,Week1,211.0 Riverside Gardens - 191.0 Dunn Loring
Riverside Gardens,Week5,Dowden Terrace,Week2,273.0 Riverside Gardens - 129.0 Dowden Terrace
Poplar Tree,Week3,Wakefield Chapel,Week3,266.0 Wakefield Chapel - 136.0 Poplar Tree
Ravensworth Farm,Week4,Wakefield Chapel,Week1,288.0 Wakefield Chapel - 114.0 Ravensworth Farm
Ravensworth Farm,Week1,Hamlet,Week5,288.0 Hamlet - 114.0 Ravensworth Farm
Ravensworth Farm,Week3,Walden Glen,Week2,289.5 Ravensworth Farm - 112.5 Walden Glen
Ravensworth Farm,Week2,Walden Glen,Week1,256.0 Ravensworth Farm - 146.0 Walden Glen
Ravensworth Farm,Week2,Overlee,Week4,366.0 Overlee - 36.0 Ravensworth Farm
Ravensworth Farm,Week4,Bren Mar-Edsall Park,Week2,372.0 Ravensworth Farm - 30.0 Bren Mar-Edsall Park
Riverside Gardens,Week5,Highland Park,Week4,263.0 Riverside Gardens - 139.0 Highland Park
Ravensworth Farm,Week2,Bren Mar-Edsall Park,Week3,343.0 Ravensworth Farm - 59.0 Bren Mar-Edsall Park
Ravensworth Farm,Week5,Hamlet,Week4,245.0 Hamlet - 157.0 Ravensworth Farm
Ravensworth Farm,Week1,Hayfield Farm,Week5,225.0 Ravensworth Farm - 177.0 Hayfield Farm
Ravensworth Farm,Week3,Bren Mar-Edsall Park,Week1,366.0 Ravensworth Farm - 34.0 Bren Mar-Edsall Park
Riverside Gardens,Week4,Dunn Loring,Week2,207.0 Dunn Loring - 195.0 Riverside Gardens
Poplar Tree,Week4,Wakefield Chapel,Week1,269.5 Wakefield Chapel - 132.5 Poplar Tree
Poplar Tree,Week3,Wakefield Chapel,Week2,237.0 Wakefield Chapel - 165.0 Poplar Tree
Riverside Gardens,Week5,Dunn Loring,Week3,213.0 Dunn Loring - 189.0 Riverside Gardens
Riverside Gardens,Week4,Highland Park,Week4,265.0 Riverside Gardens - 137.0 Highland Park
Ravensworth Farm,Week5,Overlee,Week3,293.0 Overlee - 109.0 Ravensworth Farm
Poplar Tree,Week5,Wakefield Chapel,Week5,258.0 Wakefield Chapel - 144.0 Poplar Tree
Ravensworth Farm,Week2,Walden Glen,Week5,202.0 Ravensworth Farm - 200.0 Walden Glen
Ravensworth Farm,Week3,Parklawn,Week3,295.0 Ravensworth Farm - 103.0 Parklawn
Riverside Gardens,Week5,High Point Pool,Week2,229.0 Riverside Gardens - 173.0 High Point Pool
Riverside Gardens,Week5,Highland Park,Week3,292.0 Riverside Gardens - 110.0 Highland Park
Ravensworth Farm,Week5,Brandywine,Week5,219.0 Ravensworth Farm - 183.0 Brandywine
Riverside Gardens,Week1,Highland Park,Week4,237.0 Riverside Gardens - 165.0 Highland Park
Poplar Tree,Week3,Wakefield Chapel,Week1,254.0 Wakefield Chapel - 148.0 Poplar Tree
Poplar Tree,Week2,Wakefield Chapel,Week1,265.0 Wakefield Chapel - 137.0 Poplar Tree
Ravensworth Farm,Week1,Bren Mar-Edsall Park,Week4,364.0 Ravensworth Farm - 37.0 Bren Mar-Edsall Park
Ravensworth Farm,Week5,Overlee,Week2,329.5 Overlee - 72.5 Ravensworth Farm
Ravensworth Farm,Week4,Walden Glen,Week4,255.0 Ravensworth Farm - 147.0 Walden Glen
Ravensworth Farm,Week3,Hamlet,Week1,253.0 Hamlet - 148.0 Ravensworth Farm
Ravensworth Farm,Week4,Bren Mar-Edsall Park,Week5,363.0 Ravensworth Farm - 39.0 Bren Mar-Edsall Park
Riverside Gardens,Week1,Dunn Loring,Week4,247.0 Dunn Loring - 155.0 Riverside Gardens
Riverside Gardens,Week5,Dunn Loring,Week5,218.0 Dunn Loring - 184.0 Riverside Gardens
Ravensworth Farm,Week2,Parliament,Week1,216.0 Ravensworth Farm - 186.0 Parliament
Ravensworth Farm,Week4,Hayfield Farm,Week1,217.0 Ravensworth Farm - 185.0 Hayfield Farm
Ravensworth Farm,Week3,Wakefield Chapel,Week2,265.0 Wakefield Chapel - 137.0 Ravensworth Farm
Ravensworth Farm,Week5,Hayfield Farm,Week3,219.0 Ravensworth Farm - 183.0 Hayfield Farm
Poplar Tree,Week2,Walden Glen,Week3,261.0 Poplar Tree - 141.0 Walden Glen
Ravensworth Farm,Week4,Wakefield Chapel,Week4,262.0 Wakefield Chapel - 140.0 Ravensworth Farm
Poplar Tree,Week2,Walden Glen,Week1,284.0 Poplar Tree - 118.0 Walden Glen
Ravensworth Farm,Week3,Bren Mar-Edsall Park,Week4,353.0 Ravensworth Farm - 49.0 Bren Mar-Edsall Park
Ravensworth Farm,Week2,Hayfield Farm,Week1,205.0 Hayfield Farm - 197.0 Ravensworth Farm
Riverside Gardens,Week2,Fair Oaks ,Week5,227.0 Riverside Gardens - 175.0 Fair Oaks
Riverside Gardens,Week1,Highland Park,Week5,240.0 Riverside Gardens - 162.0 Highland Park
Ravensworth Farm,Week1,Parklawn,Week2,282.0 Ravensworth Farm - 119.0 Parklawn
Poplar Tree,Week2,Walden Glen,Week2,252.0 Poplar Tree - 150.0 Walden Glen
Ravensworth Farm,Week3,Bren Mar-Edsall Park,Week2,364.0 Ravensworth Farm - 37.0 Bren Mar-Edsall Park
Ravensworth Farm,Week3,Bren Mar-Edsall Park,Week3,355.0 Ravensworth Farm - 47.0 Bren Mar-Edsall Park
Ravensworth Farm,Week4,Parklawn,Week4,264.0 Ravensworth Farm - 137.0 Parklawn
Riverside Gardens,Week2,Highland Park,Week3,239.0 Riverside Gardens - 163.0 Highland Park
Riverside Gardens,Week4,High Point Pool,Week1,233.0 Riverside Gardens - 169.0 High Point Pool
Ravensworth Farm,Week1,Walden Glen,Week2,261.5 Ravensworth Farm - 140.5 Walden Glen
Riverside Gardens,Week1,Fair Oaks ,Week2,278.0 Riverside Gardens - 124.0 Fair Oaks
Ravensworth Farm,Week4,Parklawn,Week1,301.0 Ravensworth Farm - 92.0 Parklawn
Riverside Gardens,Week2,Highland Park,Week1,218.0 Riverside Gardens - 184.0 Highland Park
Ravensworth Farm,Week3,Hayfield Farm,Week3,216.0 Ravensworth Farm - 186.0 Hayfield Farm
Poplar Tree,Week3,Walden Glen,Week3,266.0 Poplar Tree - 136.0 Walden Glen
Ravensworth Farm,Week3,Walden Glen,Week4,257.0 Ravensworth Farm - 144.0 Walden Glen
Riverside Gardens,Week3,Highland Park,Week1,239.0 Riverside Gardens - 163.0 Highland Park
Ravensworth Farm,Week3,Parklawn,Week1,313.0 Ravensworth Farm - 80.0 Parklawn
Riverside Gardens,Week2,Dunn Loring,Week4,244.0 Dunn Loring - 158.0 Riverside Gardens
Riverside Gardens,Week3,Fair Oaks ,Week3,255.0 Riverside Gardens - 147.0 Fair Oaks
Ravensworth Farm,Week3,Wakefield Chapel,Week5,284.0 Wakefield Chapel - 118.0 Ravensworth Farm
Ravensworth Farm,Week5,Hayfield Farm,Week5,251.0 Ravensworth Farm - 151.0 Hayfield Farm
Ravensworth Farm,Week5,Hayfield Farm,Week1,240.0 Ravensworth Farm - 162.0 Hayfield Farm
Ravensworth Farm,Week4,Parklawn,Week5,278.0 Ravensworth Farm - 124.0 Parklawn
Poplar Tree,Week2,Walden Glen,Week4,250.0 Poplar Tree - 147.0 Walden Glen
Poplar Tree,Week2,Walden Glen,Week5,246.0 Poplar Tree - 156.0 Walden Glen
Ravensworth Farm,Week4,Bren Mar-Edsall Park,Week4,362.0 Ravensworth Farm - 40.0 Bren Mar-Edsall Park
Riverside Gardens,Week5,Dowden Terrace,Week3,285.0 Riverside Gardens - 117.0 Dowden Terrace
Ravensworth Farm,Week2,Parklawn,Week5,272.0 Ravensworth Farm - 129.0 Parklawn
Ravensworth Farm,Week4,Walden Glen,Week2,257.0 Ravensworth Farm - 144.0 Walden Glen
Ravensworth Farm,Week3,Wakefield Chapel,Week1,270.0 Wakefield Chapel - 132.0 Ravensworth Farm
Poplar Tree,Week3,Walden Glen,Week1,300.0 Poplar Tree - 101.0 Walden Glen
Riverside Gardens,Week3,Highland Park,Week5,248.0 Riverside Gardens - 154.0 Highland Park
Riverside Gardens,Week5,Dowden Terrace,Week1,285.0 Riverside Gardens - 116.0 Dowden Terrace
Ravensworth Farm,Week5,Bren Mar-Edsall Park,Week2,379.0 Ravensworth Farm - 23.0 Bren Mar-Edsall Park
Ravensworth Farm,Week5,Hayfield Farm,Week2,250.0 Ravensworth Farm - 152.0 Hayfield Farm
Ravensworth Farm,Week5,Bren Mar-Edsall Park,Week4,371.0 Ravensworth Farm - 31.0 Bren Mar-Edsall Park
Ravensworth Farm,Week1,Brookfield ,Week1,235.0 Ravensworth Farm - 167.0 Brookfield
Riverside Gardens,Week4,High Point Pool,Week3,233.0 Riverside Gardens - 169.0 High Point Pool
Riverside Gardens,Week1,Dunn Loring,Week5,241.0 Dunn Loring - 161.0 Riverside Gardens
Poplar Tree,Week3,Walden Glen,Week4,255.0 Poplar Tree - 147.0 Walden Glen
Riverside Gardens,Week4,Highland Park,Week2,273.0 Riverside Gardens - 129.0 Highland Park
Ravensworth Farm,Week2,Parklawn,Week1,290.0 Ravensworth Farm - 103.0 Parklawn
Riverside Gardens,Week4,Dowden Terrace,Week5,246.0 Riverside Gardens - 156.0 Dowden Terrace
Ravensworth Farm,Week2,Parklawn,Week3,277.0 Ravensworth Farm - 124.0 Parklawn
Riverside Gardens,Week1,Dunn Loring,Week1,213.0 Riverside Gardens - 189.0 Dunn Loring
Ravensworth Farm,Week3,Walden Glen,Week3,274.0 Ravensworth Farm - 128.0 Walden Glen
Ravensworth Farm,Week5,Parklawn,Week3,315.0 Ravensworth Farm - 87.0 Parklawn
Ravensworth Farm,Week3,Walden Glen,Week1,300.0 Ravensworth Farm - 102.0 Walden Glen
Ravensworth Farm,Week4,Parklawn,Week2,290.0 Ravensworth Farm - 112.0 Parklawn
Ravensworth Farm,Week2,Brookfield ,Week2,214.0 Ravensworth Farm - 188.0 Brookfield
Ravensworth Farm,Week1,Brookfield ,Week3,249.0 Ravensworth Farm - 153.0 Brookfield
Riverside Gardens,Week1,Highlands Swim,Week4,282.5 Highlands Swim - 119.5 Riverside Gardens
Ravensworth Farm,Week5,Hayfield Farm,Week4,247.0 Ravensworth Farm - 155.0 Hayfield Farm
Riverside Gardens,Week1,Dunn Loring,Week2,247.0 Dunn Loring - 155.0 Riverside Gardens
Ravensworth Farm,Week4,Wakefield Chapel,Week3,293.0 Wakefield Chapel - 109.0 Ravensworth Farm
Ravensworth Farm,Week5,Parklawn,Week2,303.0 Ravensworth Farm - 99.0 Parklawn
Ravensworth Farm,Week2,Parklawn,Week4,264.0 Ravensworth Farm - 136.0 Parklawn
Riverside Gardens,Week2,Dunn Loring,Week5,250.0 Dunn Loring - 152.0 Riverside Gardens
Ravensworth Farm,Week2,Parklawn,Week2,271.0 Ravensworth Farm - 130.0 Parklawn
Riverside Gardens,Week1,Dunn Loring,Week3,257.0 Dunn Loring - 145.0 Riverside Gardens
Ravensworth Farm,Week2,Hayfield Farm,Week5,207.0 Hayfield Farm - 195.0 Ravensworth Farm
Ravensworth Farm,Week4,Brookfield ,Week2,232.0 Ravensworth Farm - 170.0 Brookfield
Ravensworth Farm,Week2,Brookfield ,Week1,218.0 Ravensworth Farm - 184.0 Brookfield
Ravensworth Farm,Week1,Walden Glen,Week1,280.0 Ravensworth Farm - 122.0 Walden Glen
Ravensworth Farm,Week4,Herndon,Week5,324.0 Ravensworth Farm - 78.0 Herndon
Riverside Gardens,Week3,Highland Park,Week4,255.0 Riverside Gardens - 147.0 Highland Park
Riverside Gardens,Week2,Dunn Loring,Week1,205.5 Dunn Loring - 196.5 Riverside Gardens
Riverside Gardens,Week3,Dunn Loring,Week3,232.0 Dunn Loring - 170.0 Riverside Gardens
Ravensworth Farm,Week4,Wakefield Chapel,Week2,283.0 Wakefield Chapel - 119.0 Ravensworth Farm
Riverside Gardens,Week5,Highland Park,Week2,286.0 Riverside Gardens - 116.0 Highland Park
Ravensworth Farm,Week1,Walden Glen,Week4,255.0 Ravensworth Farm - 147.0 Walden Glen
Ravensworth Farm,Week2,Brookfield ,Week5,222.0 Ravensworth Farm - 180.0 Brookfield
Ravensworth Farm,Week2,Brookfield ,Week3,235.0 Ravensworth Farm - 167.0 Brookfield
Poplar Tree,Week4,Walden Glen,Week1,267.0 Poplar Tree - 135.0 Walden Glen
Riverside Gardens,Week4,Highland Park,Week1,254.0 Riverside Gardens - 148.0 Highland Park
Ravensworth Farm,Week4,Hayfield Farm,Week5,229.0 Ravensworth Farm - 173.0 Hayfield Farm
Ravensworth Farm,Week3,Herndon,Week5,333.0 Ravensworth Farm - 69.0 Herndon
Ravensworth Farm,Week3,Hayfield Farm,Week1,232.0 Ravensworth Farm - 170.0 Hayfield Farm
Ravensworth Farm,Week1,Herndon,Week2,335.0 Ravensworth Farm - 67.0 Herndon
Poplar Tree,Week3,Walden Glen,Week5,251.0 Poplar Tree - 151.0 Walden Glen
Riverside Gardens,Week4,Highland Park,Week3,270.0 Riverside Gardens - 132.0 Highland Park
Ravensworth Farm,Week4,Brookfield ,Week3,255.0 Ravensworth Farm - 147.0 Brookfield
Poplar Tree,Week4,Walden Glen,Week3,247.0 Poplar Tree - 155.0 Walden Glen
Ravensworth Farm,Week4,Walden Glen,Week1,289.0 Ravensworth Farm - 112.0 Walden Glen
Ravensworth Farm,Week1,Herndon,Week4,336.0 Ravensworth Farm - 66.0 Herndon
Ravensworth Farm,Week2,Hayfield Farm,Week2,205.0 Hayfield Farm - 197.0 Ravensworth Farm
Riverside Gardens,Week4,Highland Park,Week5,257.0 Riverside Gardens - 145.0 Highland Park
Poplar Tree,Week4,Walden Glen,Week2,252.0 Poplar Tree - 150.0 Walden Glen
Ravensworth Farm,Week3,Parklawn,Week5,281.0 Ravensworth Farm - 117.0 Parklawn
Ravensworth Farm,Week1,Brookfield ,Week4,231.0 Ravensworth Farm - 171.0 Brookfield
Ravensworth Farm,Week2,Walden Glen,Week4,231.0 Ravensworth Farm - 171.0 Walden Glen
Riverside Gardens,Week3,Dunn Loring,Week4,212.0 Dunn Loring - 190.0 Riverside Gardens
Riverside Gardens,Week4,Highlands Swim,Week3,259.5 Highlands Swim - 142.5 Riverside Gardens
Ravensworth Farm,Week5,Parklawn,Week5,290.0 Ravensworth Farm - 112.0 Parklawn
Ravensworth Farm,Week5,Parklawn,Week4,286.0 Ravensworth Farm - 116.0 Parklawn
Riverside Gardens,Week3,Highlands Swim,Week5,289.0 Highlands Swim - 113.0 Riverside Gardens
Ravensworth Farm,Week2,Hayfield Farm,Week3,227.0 Hayfield Farm - 175.0 Ravensworth Farm
Ravensworth Farm,Week4,Walden Glen,Week3,263.0 Ravensworth Farm - 139.0 Walden Glen
Ravensworth Farm,Week1,Broyhill Crest,Week3,368.0 Ravensworth Farm - 33.0 Broyhill Crest
Riverside Gardens,Week4,Dunn Loring,Week3,222.0 Dunn Loring - 180.0 Riverside Gardens
Ravensworth Farm,Week4,Hayfield Farm,Week2,229.0 Ravensworth Farm - 173.0 Hayfield Farm
Ravensworth Farm,Week1,Parklawn,Week1,306.0 Ravensworth Farm - 87.0 Parklawn
Riverside Gardens,Week4,Dunn Loring,Week5,211.0 Dunn Loring - 191.0 Riverside Gardens
Ravensworth Farm,Week2,Broyhill Crest,Week2,344.0 Ravensworth Farm - 54.0 Broyhill Crest
Riverside Gardens,Week1,Highlands Swim,Week1,279.0 Highlands Swim - 123.0 Riverside Gardens
Ravensworth Farm,Week4,Walden Glen,Week5,230.0 Ravensworth Farm - 172.0 Walden Glen
Ravensworth Farm,Week2,Waynewood,Week3,247.0 Waynewood - 155.0 Ravensworth Farm
Ravensworth Farm,Week3,Brookfield ,Week1,238.0 Ravensworth Farm - 164.0 Brookfield
Riverside Gardens,Week5,Dunn Loring,Week2,216.0 Dunn Loring - 186.0 Riverside Gardens
Riverside Gardens,Week5,Dunn Loring,Week4,203.0 Riverside Gardens - 199.0 Dunn Loring
Riverside Gardens,Week3,Highlands Swim,Week4,266.0 Highlands Swim - 136.0 Riverside Gardens
Ravensworth Farm,Week2,Broyhill Crest,Week1,330.0 Ravensworth Farm - 68.0 Broyhill Crest
Riverside Gardens,Week1,Fair Oaks ,Week1,256.0 Riverside Gardens - 146.0 Fair Oaks
Ravensworth Farm,Week5,Walden Glen,Week1,301.0 Ravensworth Farm - 101.0 Walden Glen
Ravensworth Farm,Week1,Parklawn,Week3,299.0 Ravensworth Farm - 102.0 Parklawn
Ravensworth Farm,Week3,Parklawn,Week2,297.0 Ravensworth Farm - 101.0 Parklawn
Ravensworth Farm,Week2,Hayfield Farm,Week4,217.0 Hayfield Farm - 185.0 Ravensworth Farm
Riverside Gardens,Week4,Highlands Swim,Week1,258.0 Highlands Swim - 144.0 Riverside Gardens
Riverside Gardens,Week1,Highlands Swim,Week3,280.0 Highlands Swim - 122.0 Riverside Gardens
Ravensworth Farm,Week4,Waynewood,Week1,204.0 Waynewood - 198.0 Ravensworth Farm
Riverside Gardens,Week2,Highlands Swim,Week2,301.0 Highlands Swim - 101.0 Riverside Gardens
Ravensworth Farm,Week3,Brookfield ,Week2,246.0 Ravensworth Farm - 156.0 Brookfield
Ravensworth Farm,Week3,Parklawn,Week4,285.0 Ravensworth Farm - 113.0 Parklawn
Ravensworth Farm,Week3,Hayfield Farm,Week2,231.0 Ravensworth Farm - 171.0 Hayfield Farm
Ravensworth Farm,Week1,Waynewood,Week1,206.5 Waynewood - 195.5 Ravensworth Farm
Riverside Gardens,Week3,Highlands Swim,Week3,274.0 Highlands Swim - 128.0 Riverside Gardens
Ravensworth Farm,Week3,Hayfield Farm,Week5,243.0 Ravensworth Farm - 159.0 Hayfield Farm
Ravensworth Farm,Week2,Broyhill Crest,Week4,329.0 Ravensworth Farm - 69.0 Broyhill Crest
Riverside Gardens,Week1,Fair Oaks ,Week3,235.0 Riverside Gardens - 167.0 Fair Oaks
Ravensworth Farm,Week5,Brookfield ,Week3,269.0 Ravensworth Farm - 133.0 Brookfield
Ravensworth Farm,Week4,Hayfield Farm,Week4,218.0 Ravensworth Farm - 184.0 Hayfield Farm
Ravensworth Farm,Week1,Parliament,Week1,230.0 Ravensworth Farm - 172.0 Parliament
Riverside Gardens,Week1,Fair Oaks ,Week4,249.0 Riverside Gardens - 153.0 Fair Oaks
Ravensworth Farm,Week1,Parklawn,Week5,269.0 Ravensworth Farm - 132.0 Parklawn
Ravensworth Farm,Week3,Waynewood,Week2,203.0 Waynewood - 199.0 Ravensworth Farm
Ravensworth Farm,Week4,Hayfield Farm,Week3,207.0 Hayfield Farm - 195.0 Ravensworth Farm
Ravensworth Farm,Week5,Walden Glen,Week3,289.0 Ravensworth Farm - 113.0 Walden Glen
Ravensworth Farm,Week1,Broyhill Crest,Week5,346.0 Ravensworth Farm - 56.0 Broyhill Crest
Riverside Gardens,Week2,Fair Oaks ,Week2,267.5 Riverside Gardens - 134.5 Fair Oaks
Riverside Gardens,Week2,Fair Oaks ,Week4,245.0 Riverside Gardens - 157.0 Fair Oaks
Riverside Gardens,Week3,Hollin Hills,Week3,347.0 Riverside Gardens - 55.0 Hollin Hills
Ravensworth Farm,Week4,Brookfield ,Week1,236.0 Ravensworth Farm - 166.0 Brookfield
Ravensworth Farm,Week3,Waynewood,Week4,203.0 Ravensworth Farm - 199.0 Waynewood
Riverside Gardens,Week1,Fair Oaks ,Week5,233.0 Riverside Gardens - 169.0 Fair Oaks
Ravensworth Farm,Week1,Herndon,Week3,336.0 Ravensworth Farm - 66.0 Herndon
Ravensworth Farm,Week5,Parklawn,Week1,318.0 Ravensworth Farm - 75.0 Parklawn
Ravensworth Farm,Week5,Brookfield ,Week5,265.0 Ravensworth Farm - 137.0 Brookfield
Ravensworth Farm,Week1,Parliament,Week4,256.0 Ravensworth Farm - 146.0 Parliament
Ravensworth Farm,Week4,Brookfield ,Week5,245.0 Ravensworth Farm - 157.0 Brookfield
Riverside Gardens,Week2,Highlands Swim,Week5,294.0 Highlands Swim - 108.0 Riverside Gardens
Ravensworth Farm,Week2,Herndon,Week1,309.0 Ravensworth Farm - 91.0 Herndon
Ravensworth Farm,Week3,Waynewood,Week5,230.0 Waynewood - 172.0 Ravensworth Farm
Riverside Gardens,Week2,Fair Oaks ,Week3,228.0 Riverside Gardens - 174.0 Fair Oaks
Ravensworth Farm,Week1,Parliament,Week3,257.0 Ravensworth Farm - 145.0 Parliament
Riverside Gardens,Week3,Highlands Swim,Week2,289.0 Highlands Swim - 113.0 Riverside Gardens
Riverside Gardens,Week1,Highlands Swim,Week5,298.0 Highlands Swim - 104.0 Riverside Gardens
Ravensworth Farm,Week5,Walden Glen,Week2,279.0 Ravensworth Farm - 123.0 Walden Glen
Ravensworth Farm,Week3,Brookfield ,Week4,236.0 Ravensworth Farm - 166.0 Brookfield
Poplar Tree,Week5,Mount Vernon Park,Week4,206.0 Poplar Tree - 196.0 Mount Vernon Park
Ravensworth Farm,Week2,Herndon,Week3,312.0 Ravensworth Farm - 90.0 Herndon
Ravensworth Farm,Week2,Broyhill Crest,Week3,353.0 Ravensworth Farm - 45.0 Broyhill Crest
Ravensworth Farm,Week2,Pinecrest,Week2,266.0 Pinecrest - 136.0 Ravensworth Farm
Ravensworth Farm,Week2,Waynewood,Week2,223.0 Waynewood - 179.0 Ravensworth Farm
Riverside Gardens,Week2,Fair Oaks ,Week1,241.5 Riverside Gardens - 160.5 Fair Oaks
Ravensworth Farm,Week1,Parliament,Week5,248.0 Ravensworth Farm - 154.0 Parliament
Riverside Gardens,Week2,Hollin Hills,Week1,332.0 Riverside Gardens - 70.0 Hollin Hills
Poplar Tree,Week4,Mount Vernon Park,Week5,234.0 Mount Vernon Park - 168.0 Poplar Tree
Ravensworth Farm,Week5,Brookfield ,Week1,240.0 Ravensworth Farm - 162.0 Brookfield
Ravensworth Farm,Week1,Herndon,Week5,334.0 Ravensworth Farm - 68.0 Herndon
Riverside Gardens,Week3,Hollin Hills,Week1,357.0 Riverside Gardens - 45.0 Hollin Hills
Ravensworth Farm,Week1,Waynewood,Week4,240.0 Waynewood - 162.0 Ravensworth Farm
Riverside Gardens,Week1,Highlands Swim,Week2,287.0 Highlands Swim - 115.0 Riverside Gardens
Ravensworth Farm,Week3,Herndon,Week2,336.0 Ravensworth Farm - 66.0 Herndon
Ravensworth Farm,Week2,Herndon,Week5,302.0 Ravensworth Farm - 99.0 Herndon
Ravensworth Farm,Week2,Waynewood,Week4,239.0 Waynewood - 163.0 Ravensworth Farm
Poplar Tree,Week1,Mount Vernon Park,Week5,218.0 Mount Vernon Park - 184.0 Poplar Tree
Riverside Gardens,Week3,Fair Oaks ,Week1,271.0 Riverside Gardens - 131.0 Fair Oaks
Ravensworth Farm,Week4,Parliament,Week2,245.5 Ravensworth Farm - 156.5 Parliament
Ravensworth Farm,Week1,Broyhill Crest,Week4,363.0 Ravensworth Farm - 38.0 Broyhill Crest
Ravensworth Farm,Week5,Parliament,Week3,242.0 Ravensworth Farm - 160.0 Parliament
Riverside Gardens,Week4,Highlands Swim,Week2,274.0 Highlands Swim - 128.0 Riverside Gardens
Ravensworth Farm,Week3,Pinecrest,Week1,219.0 Pinecrest - 183.0 Ravensworth Farm
Ravensworth Farm,Week4,Waynewood,Week3,234.0 Waynewood - 168.0 Ravensworth Farm
Riverside Gardens,Week3,Fair Oaks ,Week4,276.0 Riverside Gardens - 126.0 Fair Oaks
Ravensworth Farm,Week1,Broyhill Crest,Week1,357.0 Ravensworth Farm - 43.0 Broyhill Crest
Ravensworth Farm,Week3,Herndon,Week4,332.0 Ravensworth Farm - 70.0 Herndon
Ravensworth Farm,Week3,Herndon,Week1,334.0 Ravensworth Farm - 67.0 Herndon
Poplar Tree,Week1,Mount Vernon Park,Week1,201.5 Mount Vernon Park - 200.5 Poplar Tree
Ravensworth Farm,Week1,Waynewood,Week5,255.5 Waynewood - 146.5 Ravensworth Farm
Riverside Gardens,Week3,Fair Oaks ,Week2,299.0 Riverside Gardens - 103.0 Fair Oaks
Riverside Gardens,Week1,Hollin Hills,Week4,343.0 Riverside Gardens - 59.0 Hollin Hills
Riverside Gardens,Week3,Fair Oaks ,Week5,238.0 Riverside Gardens - 164.0 Fair Oaks
Poplar Tree,Week2,Mount Vernon Park,Week2,226.0 Mount Vernon Park - 176.0 Poplar Tree
Ravensworth Farm,Week5,Walden Glen,Week5,255.0 Ravensworth Farm - 147.0 Walden Glen
Riverside Gardens,Week3,Highlands Swim,Week1,256.0 Highlands Swim - 146.0 Riverside Gardens
Ravensworth Farm,Week4,Herndon,Week1,320.0 Ravensworth Farm - 82.0 Herndon
Poplar Tree,Week2,Mount Vernon Park,Week1,225.0 Mount Vernon Park - 172.0 Poplar Tree
Ravensworth Farm,Week4,Parliament,Week4,252.0 Ravensworth Farm - 150.0 Parliament
Riverside Gardens,Week4,Fair Oaks ,Week1,275.0 Riverside Gardens - 127.0 Fair Oaks
Ravensworth Farm,Week5,Brookfield ,Week4,251.0 Ravensworth Farm - 151.0 Brookfield
Ravensworth Farm,Week4,Herndon,Week2,328.0 Ravensworth Farm - 74.0 Herndon
Ravensworth Farm,Week3,Herndon,Week3,338.0 Ravensworth Farm - 63.0 Herndon
Ravensworth Farm,Week5,Parliament,Week2,256.0 Ravensworth Farm - 146.0 Parliament
Ravensworth Farm,Week2,Broyhill Crest,Week5,323.0 Ravensworth Farm - 77.0 Broyhill Crest
Poplar Tree,Week2,Mount Vernon Park,Week3,230.0 Mount Vernon Park - 172.0 Poplar Tree
Riverside Gardens,Week5,Highlands Swim,Week3,266.0 Highlands Swim - 136.0 Riverside Gardens
Ravensworth Farm,Week4,Waynewood,Week5,238.0 Waynewood - 164.0 Ravensworth Farm
Ravensworth Farm,Week5,Waynewood,Week2,209.0 Ravensworth Farm - 193.0 Waynewood
Riverside Gardens,Week5,Highlands Swim,Week4,259.0 Highlands Swim - 143.0 Riverside Gardens
Ravensworth Farm,Week4,Herndon,Week3,331.0 Ravensworth Farm - 71.0 Herndon
Ravensworth Farm,Week2,Brookfield ,Week4,211.0 Ravensworth Farm - 191.0 Brookfield
Ravensworth Farm,Week3,Brookfield ,Week5,236.0 Ravensworth Farm - 166.0 Brookfield
Ravensworth Farm,Week4,Waynewood,Week2,217.0 Waynewood - 185.0 Ravensworth Farm
Ravensworth Farm,Week1,Pinecrest,Week4,254.5 Pinecrest - 147.5 Ravensworth Farm
Ravensworth Farm,Week3,Brookfield ,Week3,254.0 Ravensworth Farm - 147.0 Brookfield
Ravensworth Farm,Week4,Herndon,Week4,328.0 Ravensworth Farm - 74.0 Herndon
Ravensworth Farm,Week3,Waynewood,Week1,215.0 Ravensworth Farm - 187.0 Waynewood
Riverside Gardens,Week4,Highlands Swim,Week5,273.0 Highlands Swim - 129.0 Riverside Gardens
Ravensworth Farm,Week5,Parliament,Week5,241.0 Ravensworth Farm - 161.0 Parliament
Ravensworth Farm,Week2,Herndon,Week4,310.0 Ravensworth Farm - 91.0 Herndon
Riverside Gardens,Week2,Highlands Swim,Week3,291.0 Highlands Swim - 111.0 Riverside Gardens
Ravensworth Farm,Week4,Parliament,Week1,226.0 Ravensworth Farm - 175.0 Parliament
Poplar Tree,Week3,Mount Vernon Park,Week2,213.0 Mount Vernon Park - 189.0 Poplar Tree
Poplar Tree,Week3,Mount Vernon Park,Week1,214.0 Mount Vernon Park - 188.0 Poplar Tree
Poplar Tree,Week2,Mount Vernon Park,Week5,235.0 Mount Vernon Park - 167.0 Poplar Tree
Ravensworth Farm,Week2,Hiddenbrook,Week1,271.0 Ravensworth Farm - 131.0 Hiddenbrook
Poplar Tree,Week5,Mosby Woods,Week5,217.0 Mosby Woods - 185.0 Poplar Tree
Ravensworth Farm,Week3,Parliament,Week3,240.5 Ravensworth Farm - 161.5 Parliament
Ravensworth Farm,Week5,Brookfield ,Week2,261.0 Ravensworth Farm - 141.0 Brookfield
Ravensworth Farm,Week5,Herndon,Week3,347.0 Ravensworth Farm - 55.0 Herndon
Ravensworth Farm,Week4,Parliament,Week5,241.0 Ravensworth Farm - 160.0 Parliament
Riverside Gardens,Week5,Highlands Swim,Week1,247.0 Highlands Swim - 155.0 Riverside Gardens
Poplar Tree,Week3,Mount Vernon Park,Week4,215.0 Mount Vernon Park - 187.0 Poplar Tree
Riverside Gardens,Week2,Highlands Swim,Week4,276.5 Highlands Swim - 125.5 Riverside Gardens
Ravensworth Farm,Week3,Hiddenbrook,Week3,277.0 Ravensworth Farm - 125.0 Hiddenbrook
Riverside Gardens,Week1,Hollin Hills,Week5,326.0 Riverside Gardens - 76.0 Hollin Hills
Ravensworth Farm,Week5,Waynewood,Week1,214.0 Ravensworth Farm - 188.0 Waynewood
Ravensworth Farm,Week4,Brookfield ,Week4,240.0 Ravensworth Farm - 162.0 Brookfield
Ravensworth Farm,Week3,Broyhill Crest,Week2,369.0 Ravensworth Farm - 32.0 Broyhill Crest
Ravensworth Farm,Week1,Broyhill Crest,Week2,365.0 Ravensworth Farm - 36.0 Broyhill Crest
Riverside Gardens,Week1,Hollin Hills,Week3,348.0 Riverside Gardens - 54.0 Hollin Hills
Ravensworth Farm,Week2,Parliament,Week3,235.0 Ravensworth Farm - 167.0 Parliament
Poplar Tree,Week3,Mount Vernon Park,Week5,215.0 Mount Vernon Park - 187.0 Poplar Tree
Ravensworth Farm,Week5,Waynewood,Week3,224.0 Waynewood - 178.0 Ravensworth Farm
Ravensworth Farm,Week1,Waynewood,Week2,223.0 Waynewood - 179.0 Ravensworth Farm
Poplar Tree,Week1,Mount Vernon Park,Week3,211.0 Mount Vernon Park - 191.0 Poplar Tree
Ravensworth Farm,Week5,Waynewood,Week4,204.0 Ravensworth Farm - 198.0 Waynewood
Ravensworth Farm,Week5,Parliament,Week1,224.0 Ravensworth Farm - 178.0 Parliament
Ravensworth Farm,Week1,Hiddenbrook,Week4,267.0 Ravensworth Farm - 135.0 Hiddenbrook
Ravensworth Farm,Week5,Broyhill Crest,Week4,366.0 Ravensworth Farm - 35.0 Broyhill Crest
Ravensworth Farm,Week5,Walden Glen,Week4,268.0 Ravensworth Farm - 134.0 Walden Glen
Ravensworth Farm,Week1,Hiddenbrook,Week5,254.5 Ravensworth Farm - 147.5 Hiddenbrook
Riverside Gardens,Week2,Highlands Swim,Week1,281.0 Highlands Swim - 121.0 Riverside Gardens
Poplar Tree,Week3,Mount Vernon Park,Week3,215.0 Mount Vernon Park - 187.0 Poplar Tree
Ravensworth Farm,Week1,Hiddenbrook,Week2,305.0 Ravensworth Farm - 97.0 Hiddenbrook
Riverside Gardens,Week5,Highlands Swim,Week2,269.0 Highlands Swim - 133.0 Riverside Gardens
Ravensworth Farm,Week3,Parliament,Week1,231.5 Ravensworth Farm - 170.5 Parliament
Ravensworth Farm,Week1,Hiddenbrook,Week1,275.0 Ravensworth Farm - 127.0 Hiddenbrook
Ravensworth Farm,Week5,Parliament,Week4,257.0 Ravensworth Farm - 145.0 Parliament
Ravensworth Farm,Week4,Broyhill Crest,Week5,347.0 Ravensworth Farm - 55.0 Broyhill Crest
Ravensworth Farm,Week3,Parliament,Week4,259.5 Ravensworth Farm - 142.5 Parliament
Ravensworth Farm,Week2,Parliament,Week2,238.0 Ravensworth Farm - 164.0 Parliament
Ravensworth Farm,Week1,Hiddenbrook,Week3,276.0 Ravensworth Farm - 126.0 Hiddenbrook
Ravensworth Farm,Week3,Broyhill Crest,Week5,360.0 Ravensworth Farm - 41.0 Broyhill Crest
Poplar Tree,Week5,Mount Vernon Park,Week3,208.0 Mount Vernon Park - 194.0 Poplar Tree
Ravensworth Farm,Week3,Hiddenbrook,Week4,284.0 Ravensworth Farm - 118.0 Hiddenbrook
Riverside Gardens,Week4,Highlands Swim,Week4,269.0 Highlands Swim - 133.0 Riverside Gardens
Poplar Tree,Week4,Mount Vernon Park,Week1,227.0 Mount Vernon Park - 175.0 Poplar Tree
Poplar Tree,Week4,Mount Vernon Park,Week4,228.5 Mount Vernon Park - 173.5 Poplar Tree
Ravensworth Farm,Week1,Waynewood,Week3,242.0 Waynewood - 160.0 Ravensworth Farm
Poplar Tree,Week5,Mount Vernon Park,Week1,206.0 Mount Vernon Park - 196.0 Poplar Tree
Ravensworth Farm,Week3,Waynewood,Week3,227.0 Waynewood - 175.0 Ravensworth Farm
Ravensworth Farm,Week3,Hiddenbrook,Week5,256.0 Ravensworth Farm - 146.0 Hiddenbrook
Ravensworth Farm,Week2,Parliament,Week4,237.0 Ravensworth Farm - 165.0 Parliament
Riverside Gardens,Week1,Hollin Hills,Week2,342.0 Riverside Gardens - 60.0 Hollin Hills
Poplar Tree,Week5,Mount Vernon Park,Week2,206.0 Mount Vernon Park - 196.0 Poplar Tree
Ravensworth Farm,Week1,Pinecrest,Week2,242.0 Pinecrest - 160.0 Ravensworth Farm
Riverside Gardens,Week2,Hollin Hills,Week3,334.0 Riverside Gardens - 68.0 Hollin Hills
Ravensworth Farm,Week2,Waynewood,Week1,211.0 Waynewood - 191.0 Ravensworth Farm
Ravensworth Farm,Week4,Waynewood,Week4,228.0 Waynewood - 174.0 Ravensworth Farm
Ravensworth Farm,Week1,Woodley,Week4,303.0 Ravensworth Farm - 99.0 Woodley
Ravensworth Farm,Week5,Broyhill Crest,Week1,366.0 Ravensworth Farm - 34.0 Broyhill Crest
Ravensworth Farm,Week2,Waynewood,Week5,252.0 Waynewood - 150.0 Ravensworth Farm
Ravensworth Farm,Week5,Broyhill Crest,Week3,374.0 Ravensworth Farm - 27.0 Broyhill Crest
Riverside Gardens,Week5,Highlands Swim,Week5,276.0 Highlands Swim - 126.0 Riverside Gardens
Riverside Gardens,Week2,Hollin Hills,Week2,333.0 Riverside Gardens - 68.0 Hollin Hills
Ravensworth Farm,Week3,Parliament,Week2,262.0 Ravensworth Farm - 140.0 Parliament
Poplar Tree,Week2,Mount Vernon Park,Week4,233.0 Mount Vernon Park - 169.0 Poplar Tree
Ravensworth Farm,Week1,Burke Station,Week3,278.0 Ravensworth Farm - 119.0 Burke Station
Ravensworth Farm,Week5,Herndon,Week1,348.0 Ravensworth Farm - 54.0 Herndon
Ravensworth Farm,Week1,Burke Station,Week2,306.0 Ravensworth Farm - 95.0 Burke Station
Ravensworth Farm,Week5,Herndon,Week5,346.0 Ravensworth Farm - 56.0 Herndon
Ravensworth Farm,Week1,Pinecrest,Week1,240.0 Pinecrest - 162.0 Ravensworth Farm
Poplar Tree,Week5,Mosby Woods,Week4,203.0 Mosby Woods - 199.0 Poplar Tree
Poplar Tree,Week4,Mount Vernon Park,Week2,221.0 Mount Vernon Park - 181.0 Poplar Tree
Riverside Gardens,Week1,Annandale,Week3,310.0 Riverside Gardens - 92.0 Annandale
Ravensworth Farm,Week1,Burke Station,Week1,257.0 Ravensworth Farm - 121.0 Burke Station
Ravensworth Farm,Week3,Parliament,Week5,244.0 Ravensworth Farm - 158.0 Parliament
Riverside Gardens,Week1,Annandale,Week1,318.0 Riverside Gardens - 84.0 Annandale
Riverside Gardens,Week2,Hollin Hills,Week5,325.0 Riverside Gardens - 76.0 Hollin Hills
Ravensworth Farm,Week2,Hiddenbrook,Week2,284.0 Ravensworth Farm - 117.0 Hiddenbrook
Poplar Tree,Week4,Mount Vernon Park,Week3,222.0 Mount Vernon Park - 180.0 Poplar Tree
Ravensworth Farm,Week5,Broyhill Crest,Week2,375.0 Ravensworth Farm - 25.0 Broyhill Crest
Ravensworth Farm,Week1,Burke Station,Week4,292.0 Ravensworth Farm - 110.0 Burke Station
Riverside Gardens,Week2,Hollin Hills,Week4,326.0 Riverside Gardens - 75.0 Hollin Hills
Ravensworth Farm,Week1,Woodley,Week5,295.0 Ravensworth Farm - 107.0 Woodley
Ravensworth Farm,Week2,Parliament,Week5,225.0 Ravensworth Farm - 177.0 Parliament
Riverside Gardens,Week1,Hollin Hills,Week1,348.0 Riverside Gardens - 54.0 Hollin Hills
Ravensworth Farm,Week4,Broyhill Crest,Week2,361.0 Ravensworth Farm - 41.0 Broyhill Crest
Ravensworth Farm,Week1,Pinecrest,Week3,250.0 Pinecrest - 152.0 Ravensworth Farm
Ravensworth Farm,Week2,Woodley,Week5,264.5 Ravensworth Farm - 137.5 Woodley
Ravensworth Farm,Week2,Hiddenbrook,Week3,238.0 Ravensworth Farm - 163.0 Hiddenbrook
Poplar Tree,Week1,Mount Vernon Park,Week4,206.0 Mount Vernon Park - 196.0 Poplar Tree
Ravensworth Farm,Week1,Burke Station,Week5,261.0 Ravensworth Farm - 141.0 Burke Station
Ravensworth Farm,Week2,Pinecrest,Week1,257.0 Pinecrest - 145.0 Ravensworth Farm
Ravensworth Farm,Week3,Hiddenbrook,Week2,302.0 Ravensworth Farm - 100.0 Hiddenbrook
Ravensworth Farm,Week2,Woodley,Week2,275.0 Ravensworth Farm - 127.0 Woodley
Ravensworth Farm,Week2,Burke Station,Week1,248.0 Ravensworth Farm - 130.0 Burke Station
Riverside Gardens,Week4,Hollin Hills,Week2,349.0 Riverside Gardens - 53.0 Hollin Hills
Ravensworth Farm,Week4,Parliament,Week3,246.0 Ravensworth Farm - 156.0 Parliament
Riverside Gardens,Week3,Hollin Hills,Week2,337.0 Riverside Gardens - 65.0 Hollin Hills
Ravensworth Farm,Week2,Hiddenbrook,Week4,236.0 Ravensworth Farm - 165.0 Hiddenbrook
Ravensworth Farm,Week4,Woodley,Week2,294.0 Ravensworth Farm - 108.0 Woodley
Poplar Tree,Week1,Mount Vernon Park,Week2,204.0 Mount Vernon Park - 198.0 Poplar Tree
Ravensworth Farm,Week3,Hiddenbrook,Week1,290.0 Ravensworth Farm - 111.0 Hiddenbrook
Ravensworth Farm,Week3,Woodley,Week3,315.0 Ravensworth Farm - 87.0 Woodley
Ravensworth Farm,Week1,Pinecrest,Week5,252.0 Pinecrest - 150.0 Ravensworth Farm
Riverside Gardens,Week4,Hollin Hills,Week1,355.0 Riverside Gardens - 47.0 Hollin Hills
Ravensworth Farm,Week2,Hiddenbrook,Week5,235.0 Ravensworth Farm - 167.0 Hiddenbrook
Ravensworth Farm,Week2,Woodley,Week1,276.0 Ravensworth Farm - 126.0 Woodley
Riverside Gardens,Week4,Hollin Hills,Week3,354.0 Riverside Gardens - 48.0 Hollin Hills
Ravensworth Farm,Week2,Pinecrest,Week3,271.0 Pinecrest - 131.0 Ravensworth Farm
Riverside Gardens,Week4,Hollin Hills,Week5,343.0 Riverside Gardens - 59.0 Hollin Hills
Ravensworth Farm,Week2,Burke Station,Week2,292.0 Ravensworth Farm - 108.0 Burke Station
Ravensworth Farm,Week4,Hiddenbrook,Week2,296.0 Ravensworth Farm - 106.0 Hiddenbrook
Ravensworth Farm,Week4,Hiddenbrook,Week4,264.0 Ravensworth Farm - 138.0 Hiddenbrook
Ravensworth Farm,Week4,Woodley,Week5,278.0 Ravensworth Farm - 124.0 Woodley
Ravensworth Farm,Week2,Pinecrest,Week4,266.0 Pinecrest - 136.0 Ravensworth Farm
Riverside Gardens,Week4,Hollin Hills,Week4,355.0 Riverside Gardens - 47.0 Hollin Hills
Ravensworth Farm,Week4,Broyhill Crest,Week3,362.0 Ravensworth Farm - 40.0 Broyhill Crest
Ravensworth Farm,Week1,Woodley,Week1,287.0 Ravensworth Farm - 115.0 Woodley
Ravensworth Farm,Week2,Pinecrest,Week5,252.0 Pinecrest - 150.0 Ravensworth Farm
Ravensworth Farm,Week4,Broyhill Crest,Week4,357.0 Ravensworth Farm - 45.0 Broyhill Crest
Ravensworth Farm,Week4,Hiddenbrook,Week1,280.0 Ravensworth Farm - 122.0 Hiddenbrook
Ravensworth Farm,Week3,Woodley,Week5,285.0 Ravensworth Farm - 116.0 Woodley
Riverside Gardens,Week5,Hollin Hills,Week3,337.0 Riverside Gardens - 65.0 Hollin Hills
Ravensworth Farm,Week4,Woodley,Week4,295.0 Ravensworth Farm - 107.0 Woodley
Ravensworth Farm,Week3,Pinecrest,Week4,241.0 Pinecrest - 161.0 Ravensworth Farm
Riverside Gardens,Week3,Hollin Hills,Week4,341.0 Riverside Gardens - 61.0 Hollin Hills
Ravensworth Farm,Week5,Woodley,Week5,305.0 Ravensworth Farm - 97.0 Woodley
Riverside Gardens,Week5,Hollin Hills,Week1,346.0 Riverside Gardens - 56.0 Hollin Hills
Ravensworth Farm,Week5,Broyhill Crest,Week5,366.0 Ravensworth Farm - 36.0 Broyhill Crest
Riverside Gardens,Week5,Hollin Hills,Week2,347.0 Riverside Gardens - 55.0 Hollin Hills
Ravensworth Farm,Week3,Broyhill Crest,Week4,367.0 Ravensworth Farm - 34.0 Broyhill Crest
Ravensworth Farm,Week2,Burke Station,Week3,257.0 Ravensworth Farm - 138.0 Burke Station
Ravensworth Farm,Week5,Herndon,Week4,342.0 Ravensworth Farm - 60.0 Herndon
Ravensworth Farm,Week3,Pinecrest,Week2,244.0 Pinecrest - 158.0 Ravensworth Farm
Ravensworth Farm,Week3,Pinecrest,Week3,251.0 Pinecrest - 151.0 Ravensworth Farm
Ravensworth Farm,Week4,Hiddenbrook,Week3,260.0 Ravensworth Farm - 142.0 Hiddenbrook
Ravensworth Farm,Week5,Herndon,Week2,343.0 Ravensworth Farm - 59.0 Herndon
Ravensworth Farm,Week2,High Point Pool,Week3,226.0 High Point Pool - 176.0 Ravensworth Farm
Ravensworth Farm,Week2,Pinewood Lake,Week4,355.0 Ravensworth Farm - 37.0 Pinewood Lake
Riverside Gardens,Week1,Hollin Meadows,Week1,247.0 Riverside Gardens - 155.0 Hollin Meadows
Ravensworth Farm,Week1,Pinewood Lake,Week1,365.0 Ravensworth Farm - 35.0 Pinewood Lake
Ravensworth Farm,Week5,High Point Pool,Week1,210.0 Ravensworth Farm - 192.0 High Point Pool
Ravensworth Farm,Week3,Broyhill Crest,Week1,360.0 Ravensworth Farm - 41.0 Broyhill Crest
Ravensworth Farm,Week1,Woodley,Week2,305.0 Ravensworth Farm - 97.0 Woodley
Ravensworth Farm,Week4,Broyhill Crest,Week1,352.0 Ravensworth Farm - 50.0 Broyhill Crest
Ravensworth Farm,Week3,Broyhill Crest,Week3,365.0 Ravensworth Farm - 35.0 Broyhill Crest
Ravensworth Farm,Week4,Woodley,Week3,301.5 Ravensworth Farm - 100.5 Woodley
Ravensworth Farm,Week1,Pinewood Lake,Week5,368.0 Ravensworth Farm - 33.0 Pinewood Lake
Ravensworth Farm,Week3,Woodley,Week4,305.0 Ravensworth Farm - 97.0 Woodley
Riverside Gardens,Week5,Hollin Hills,Week5,333.0 Riverside Gardens - 69.0 Hollin Hills
Ravensworth Farm,Week4,High Point Pool,Week4,213.5 High Point Pool - 188.5 Ravensworth Farm
Ravensworth Farm,Week2,Woodley,Week4,274.5 Ravensworth Farm - 127.5 Woodley
Ravensworth Farm,Week5,Pinecrest,Week4,242.0 Pinecrest - 160.0 Ravensworth Farm
Ravensworth Farm,Week5,Pinecrest,Week1,229.0 Pinecrest - 173.0 Ravensworth Farm
Ravensworth Farm,Week1,High Point Pool,Week2,225.0 High Point Pool - 177.0 Ravensworth Farm
Riverside Gardens,Week1,Hollin Meadows,Week2,263.0 Riverside Gardens - 139.0 Hollin Meadows
Ravensworth Farm,Week1,High Point Pool,Week4,211.0 High Point Pool - 191.0 Ravensworth Farm
Ravensworth Farm,Week3,Woodley,Week1,297.0 Ravensworth Farm - 105.0 Woodley
Riverside Gardens,Week5,Hollin Hills,Week4,349.0 Riverside Gardens - 52.0 Hollin Hills
Ravensworth Farm,Week4,Woodley,Week1,298.5 Ravensworth Farm - 103.5 Woodley
Ravensworth Farm,Week2,High Point Pool,Week2,253.0 High Point Pool - 149.0 Ravensworth Farm
Ravensworth Farm,Week4,Pinewood Lake,Week1,355.0 Ravensworth Farm - 40.0 Pinewood Lake
Ravensworth Farm,Week5,Woodley,Week3,324.0 Ravensworth Farm - 78.0 Woodley
Ravensworth Farm,Week2,High Point Pool,Week5,234.0 High Point Pool - 167.0 Ravensworth Farm
Ravensworth Farm,Week1,Woodley,Week3,311.0 Ravensworth Farm - 91.0 Woodley
Riverside Gardens,Week3,Hollin Hills,Week5,335.0 Riverside Gardens - 67.0 Hollin Hills
Ravensworth Farm,Week3,Pinewood Lake,Week1,364.0 Ravensworth Farm - 37.0 Pinewood Lake
Ravensworth Farm,Week4,Pinewood Lake,Week3,365.0 Ravensworth Farm - 29.0 Pinewood Lake
Ravensworth Farm,Week5,Woodley,Week4,317.0 Ravensworth Farm - 85.0 Woodley
Ravensworth Farm,Week3,High Point Pool,Week4,201.5 High Point Pool - 200.5 Ravensworth Farm
Ravensworth Farm,Week5,Waynewood,Week5,216.0 Waynewood - 186.0 Ravensworth Farm
Ravensworth Farm,Week1,High Point Pool,Week5,210.0 High Point Pool - 192.0 Ravensworth Farm
Ravensworth Farm,Week5,Pinecrest,Week5,236.0 Pinecrest - 166.0 Ravensworth Farm
Ravensworth Farm,Week4,Pinecrest,Week5,254.0 Pinecrest - 148.0 Ravensworth Farm
Ravensworth Farm,Week3,High Point Pool,Week5,201.0 High Point Pool - 201.0 Ravensworth Farm
Ravensworth Farm,Week1,Pleasant Valley,Week3,311.0 Ravensworth Farm - 91.0 Pleasant Valley
Ravensworth Farm,Week5,Hiddenbrook,Week3,285.0 Ravensworth Farm - 117.0 Hiddenbrook
Ravensworth Farm,Week2,Woodley,Week3,276.0 Ravensworth Farm - 126.0 Woodley
Ravensworth Farm,Week5,Woodley,Week2,316.0 Ravensworth Farm - 86.0 Woodley
Ravensworth Farm,Week1,High Point Pool,Week1,212.0 High Point Pool - 190.0 Ravensworth Farm
Ravensworth Farm,Week4,Pinecrest,Week2,243.0 Pinecrest - 159.0 Ravensworth Farm
Ravensworth Farm,Week5,Pinewood Lake,Week4,373.0 Ravensworth Farm - 28.0 Pinewood Lake
Ravensworth Farm,Week2,High Point Pool,Week1,225.0 High Point Pool - 177.0 Ravensworth Farm
Ravensworth Farm,Week3,Woodley,Week2,303.0 Ravensworth Farm - 98.0 Woodley
Ravensworth Farm,Week3,Pinewood Lake,Week2,373.0 Ravensworth Farm - 28.0 Pinewood Lake
Ravensworth Farm,Week5,Hiddenbrook,Week4,290.5 Ravensworth Farm - 111.5 Hiddenbrook
Ravensworth Farm,Week2,Pinewood Lake,Week5,354.0 Ravensworth Farm - 38.0 Pinewood Lake
Ravensworth Farm,Week5,Woodley,Week1,310.0 Ravensworth Farm - 92.0 Woodley
Riverside Gardens,Week1,Annandale,Week2,321.0 Riverside Gardens - 81.0 Annandale
Ravensworth Farm,Week2,High Point Pool,Week4,240.0 High Point Pool - 162.0 Ravensworth Farm
Ravensworth Farm,Week3,High Point Pool,Week1,202.0 Ravensworth Farm - 200.0 High Point Pool
Ravensworth Farm,Week4,High Point Pool,Week2,229.0 High Point Pool - 173.0 Ravensworth Farm
Ravensworth Farm,Week1,Pinewood Lake,Week2,375.0 Ravensworth Farm - 26.0 Pinewood Lake
Riverside Gardens,Week2,Annandale,Week5,307.0 Riverside Gardens - 95.0 Annandale
Ravensworth Farm,Week1,Pinewood Lake,Week3,375.0 Ravensworth Farm - 25.0 Pinewood Lake
Riverside Gardens,Week1,Annandale,Week5,313.0 Riverside Gardens - 89.0 Annandale
Ravensworth Farm,Week5,Hiddenbrook,Week1,300.0 Ravensworth Farm - 102.0 Hiddenbrook
Ravensworth Farm,Week4,Pinecrest,Week3,251.0 Pinecrest - 151.0 Ravensworth Farm
Ravensworth Farm,Week5,Pinecrest,Week2,248.0 Pinecrest - 154.0 Ravensworth Farm
Riverside Gardens,Week1,Annandale,Week4,325.0 Riverside Gardens - 77.0 Annandale
Ravensworth Farm,Week4,Pinecrest,Week4,261.0 Pinecrest - 141.0 Ravensworth Farm
Riverside Gardens,Week2,Annandale,Week1,311.0 Riverside Gardens - 91.0 Annandale
Ravensworth Farm,Week3,High Point Pool,Week2,213.0 High Point Pool - 189.0 Ravensworth Farm
Ravensworth Farm,Week5,Hiddenbrook,Week2,313.0 Ravensworth Farm - 89.0 Hiddenbrook
Riverside Gardens,Week3,Annandale,Week3,317.0 Riverside Gardens - 85.0 Annandale
Ravensworth Farm,Week4,Pinewood Lake,Week2,365.0 Ravensworth Farm - 30.0 Pinewood Lake
Ravensworth Farm,Week2,Pinewood Lake,Week1,353.0 Ravensworth Farm - 42.0 Pinewood Lake
Ravensworth Farm,Week5,Hiddenbrook,Week5,268.0 Ravensworth Farm - 134.0 Hiddenbrook
Ravensworth Farm,Week1,High Point Pool,Week3,210.5 High Point Pool - 191.5 Ravensworth Farm
Ravensworth Farm,Week4,Hiddenbrook,Week5,239.0 Ravensworth Farm - 163.0 Hiddenbrook
Ravensworth Farm,Week3,Pinecrest,Week5,229.0 Pinecrest - 172.0 Ravensworth Farm
Ravensworth Farm,Week3,High Point Pool,Week3,210.0 Ravensworth Farm - 192.0 High Point Pool
Riverside Gardens,Week2,Annandale,Week4,320.0 Riverside Gardens - 82.0 Annandale
Ravensworth Farm,Week2,Highland Park,Week1,244.0 Highland Park - 158.0 Ravensworth Farm
Ravensworth Farm,Week1,Pinewood Lake,Week4,369.0 Ravensworth Farm - 32.0 Pinewood Lake
Ravensworth Farm,Week3,Pinewood Lake,Week3,371.0 Ravensworth Farm - 30.0 Pinewood Lake
Riverside Gardens,Week3,Annandale,Week4,332.0 Riverside Gardens - 70.0 Annandale
Riverside Gardens,Week4,Annandale,Week3,325.0 Riverside Gardens - 77.0 Annandale
Ravensworth Farm,Week4,Pinecrest,Week1,237.0 Pinecrest - 165.0 Ravensworth Farm
Ravensworth Farm,Week3,Pinewood Lake,Week5,362.0 Ravensworth Farm - 39.0 Pinewood Lake
Riverside Gardens,Week4,Annandale,Week1,332.0 Riverside Gardens - 70.0 Annandale
Riverside Gardens,Week2,Annandale,Week3,303.0 Riverside Gardens - 99.0 Annandale
Ravensworth Farm,Week4,High Point Pool,Week1,207.0 High Point Pool - 195.0 Ravensworth Farm
Ravensworth Farm,Week4,Pinewood Lake,Week5,360.0 Ravensworth Farm - 40.0 Pinewood Lake
Ravensworth Farm,Week1,Pleasant Valley,Week1,320.0 Ravensworth Farm - 81.0 Pleasant Valley
Ravensworth Farm,Week2,Pinewood Lake,Week2,366.0 Ravensworth Farm - 28.0 Pinewood Lake
Ravensworth Farm,Week1,Highland Park,Week5,222.0 Ravensworth Farm - 180.0 Highland Park
Ravensworth Farm,Week2,Highland Park,Week4,217.0 Highland Park - 185.0 Ravensworth Farm
Ravensworth Farm,Week4,High Point Pool,Week3,211.0 High Point Pool - 191.0 Ravensworth Farm
Ravensworth Farm,Week1,Highlands Swim,Week1,271.0 Highlands Swim - 131.0 Ravensworth Farm
Ravensworth Farm,Week3,Pinewood Lake,Week4,369.0 Ravensworth Farm - 32.0 Pinewood Lake
Ravensworth Farm,Week5,Highland Park,Week1,201.5 Highland Park - 200.5 Ravensworth Farm
Ravensworth Farm,Week3,Highland Park,Week5,218.0 Ravensworth Farm - 184.0 Highland Park
Riverside Gardens,Week3,Annandale,Week5,327.0 Riverside Gardens - 75.0 Annandale
Riverside Gardens,Week2,Annandale,Week2,311.0 Riverside Gardens - 91.0 Annandale
Ravensworth Farm,Week1,Highlands Swim,Week5,294.0 Highlands Swim - 108.0 Ravensworth Farm
Riverside Gardens,Week4,Annandale,Week4,346.0 Riverside Gardens - 56.0 Annandale
Ravensworth Farm,Week5,Pinecrest,Week3,240.0 Pinecrest - 162.0 Ravensworth Farm
Ravensworth Farm,Week2,Pinewood Lake,Week3,363.0 Ravensworth Farm - 28.0 Pinewood Lake
Riverside Gardens,Week4,Annandale,Week5,331.0 Riverside Gardens - 71.0 Annandale
Ravensworth Farm,Week3,Highland Park,Week1,207.5 Ravensworth Farm - 194.5 Highland Park
Ravensworth Farm,Week2,Highland Park,Week5,222.0 Highland Park - 180.0 Ravensworth Farm
Riverside Gardens,Week3,Annandale,Week2,324.0 Riverside Gardens - 78.0 Annandale
Riverside Gardens,Week3,Annandale,Week1,340.0 Riverside Gardens - 62.0 Annandale
Ravensworth Farm,Week5,Pinewood Lake,Week3,373.0 Ravensworth Farm - 28.0 Pinewood Lake
Ravensworth Farm,Week1,Pleasant Valley,Week2,331.0 Ravensworth Farm - 70.0 Pleasant Valley
Ravensworth Farm,Week5,Pinewood Lake,Week2,374.0 Ravensworth Farm - 28.0 Pinewood Lake
Ravensworth Farm,Week5,Pinewood Lake,Week5,370.0 Ravensworth Farm - 31.0 Pinewood Lake
Ravensworth Farm,Week5,Pinewood Lake,Week1,369.0 Ravensworth Farm - 33.0 Pinewood Lake
Riverside Gardens,Week4,Annandale,Week2,338.0 Riverside Gardens - 64.0 Annandale
Riverside Gardens,Week5,Annandale,Week1,336.0 Riverside Gardens - 66.0 Annandale
Ravensworth Farm,Week1,Highland Park,Week2,216.0 Ravensworth Farm - 186.0 Highland Park
Ravensworth Farm,Week4,High Point Pool,Week5,213.0 High Point Pool - 189.0 Ravensworth Farm
Ravensworth Farm,Week5,High Point Pool,Week3,215.0 Ravensworth Farm - 187.0 High Point Pool
Ravensworth Farm,Week4,Highland Park,Week3,234.0 Ravensworth Farm - 168.0 Highland Park
Ravensworth Farm,Week4,Pinewood Lake,Week4,363.0 Ravensworth Farm - 32.0 Pinewood Lake
Ravensworth Farm,Week5,Highland Park,Week5,226.0 Ravensworth Farm - 176.0 Highland Park
Ravensworth Farm,Week5,Pleasant Valley,Week3,321.0 Ravensworth Farm - 81.0 Pleasant Valley
Ravensworth Farm,Week1,Highland Park,Week4,220.0 Ravensworth Farm - 182.0 Highland Park
Ravensworth Farm,Week2,Highland Park,Week2,206.0 Highland Park - 196.0 Ravensworth Farm
Poplar Tree,Week4,Stratford,Week2,269.5 Poplar Tree - 132.5 Stratford
Ravensworth Farm,Week3,Pleasant Valley,Week4,338.0 Ravensworth Farm - 59.0 Pleasant Valley
Poplar Tree,Week3,Stratford,Week5,262.0 Poplar Tree - 139.0 Stratford
Ravensworth Farm,Week3,Pleasant Valley,Week2,336.0 Ravensworth Farm - 62.0 Pleasant Valley
Ravensworth Farm,Week1,Pleasant Valley,Week5,320.0 Ravensworth Farm - 81.0 Pleasant Valley
Poplar Tree,Week5,Stratford,Week2,306.5 Poplar Tree - 95.5 Stratford
Ravensworth Farm,Week1,Poplar Heights,Week1,210.0 Poplar Heights - 192.0 Ravensworth Farm
Ravensworth Farm,Week1,Poplar Heights,Week3,202.0 Poplar Heights - 200.0 Ravensworth Farm
Poplar Tree,Week1,Stratford,Week4,268.0 Poplar Tree - 134.0 Stratford
Poplar Tree,Week1,Sully Station,Week1,231.0 Sully Station - 171.0 Poplar Tree
Poplar Tree,Week1,Sully Station,Week5,249.0 Sully Station - 153.0 Poplar Tree
Ravensworth Farm,Week5,Highland Park,Week2,231.5 Ravensworth Farm - 170.5 Highland Park
Ravensworth Farm,Week5,Pleasant Valley,Week2,340.0 Ravensworth Farm - 62.0 Pleasant Valley
Ravensworth Farm,Week4,Highland Park,Week5,215.0 Ravensworth Farm - 187.0 Highland Park
Ravensworth Farm,Week3,Pleasant Valley,Week5,316.0 Ravensworth Farm - 84.0 Pleasant Valley
Ravensworth Farm,Week5,Pleasant Valley,Week4,344.5 Ravensworth Farm - 56.5 Pleasant Valley
Ravensworth Farm,Week4,Highland Park,Week2,221.0 Ravensworth Farm - 181.0 Highland Park
Poplar Tree,Week1,Stratford,Week3,280.5 Poplar Tree - 121.5 Stratford
Ravensworth Farm,Week3,Highland Park,Week3,234.0 Ravensworth Farm - 168.0 Highland Park
Poplar Tree,Week1,Sully Station,Week3,217.0 Sully Station - 185.0 Poplar Tree
Ravensworth Farm,Week1,Highland Park,Week3,236.0 Ravensworth Farm - 166.0 Highland Park
Poplar Tree,Week5,Stratford,Week4,281.0 Poplar Tree - 121.0 Stratford
Ravensworth Farm,Week5,High Point Pool,Week5,202.5 Ravensworth Farm - 199.5 High Point Pool
Ravensworth Farm,Week4,Pleasant Valley,Week5,315.0 Ravensworth Farm - 82.0 Pleasant Valley
Ravensworth Farm,Week5,High Point Pool,Week4,210.0 High Point Pool - 192.0 Ravensworth Farm
Ravensworth Farm,Week3,Highland Park,Week2,235.0 Ravensworth Farm - 167.0 Highland Park
Ravensworth Farm,Week2,Pleasant Valley,Week3,292.0 Ravensworth Farm - 109.0 Pleasant Valley
Poplar Tree,Week1,Stratford,Week2,285.0 Poplar Tree - 117.0 Stratford
Ravensworth Farm,Week2,Pleasant Valley,Week5,298.0 Ravensworth Farm - 100.0 Pleasant Valley
Ravensworth Farm,Week4,Highland Park,Week1,202.0 Highland Park - 200.0 Ravensworth Farm
Ravensworth Farm,Week2,Lincolnia Park,Week4,301.0 Ravensworth Farm - 101.0 Lincolnia Park
Ravensworth Farm,Week2,Pleasant Valley,Week4,325.0 Ravensworth Farm - 72.0 Pleasant Valley
Ravensworth Farm,Week5,High Point Pool,Week2,213.0 High Point Pool - 189.0 Ravensworth Farm
Poplar Tree,Week2,Stratford,Week3,261.0 Poplar Tree - 141.0 Stratford
Poplar Tree,Week5,Springfield,Week2,372.0 Poplar Tree - 28.0 Springfield
Ravensworth Farm,Week1,Poplar Heights,Week2,205.0 Poplar Heights - 197.0 Ravensworth Farm
Poplar Tree,Week1,Stratford,Week5,266.0 Poplar Tree - 135.0 Stratford
Poplar Tree,Week5,Springfield,Week3,372.0 Poplar Tree - 28.0 Springfield
Ravensworth Farm,Week1,Highland Park,Week1,212.0 Highland Park - 190.0 Ravensworth Farm
Ravensworth Farm,Week3,Pleasant Valley,Week3,316.0 Ravensworth Farm - 86.0 Pleasant Valley
Ravensworth Farm,Week3,Highland Park,Week4,219.0 Ravensworth Farm - 183.0 Highland Park
Ravensworth Farm,Week1,Lincolnia Park,Week1,325.0 Ravensworth Farm - 76.0 Lincolnia Park
Ravensworth Farm,Week2,Highland Park,Week3,208.0 Ravensworth Farm - 194.0 Highland Park
Ravensworth Farm,Week1,Pleasant Valley,Week4,333.0 Ravensworth Farm - 66.0 Pleasant Valley
Poplar Tree,Week2,Stratford,Week4,248.0 Poplar Tree - 154.0 Stratford
Ravensworth Farm,Week4,Pleasant Valley,Week4,345.0 Ravensworth Farm - 57.0 Pleasant Valley
Ravensworth Farm,Week4,Pleasant Valley,Week2,332.0 Ravensworth Farm - 70.0 Pleasant Valley
Ravensworth Farm,Week5,Lee Graham,Week1,234.0 Lee Graham - 168.0 Ravensworth Farm
Poplar Tree,Week2,Stratford,Week2,273.0 Poplar Tree - 129.0 Stratford
Ravensworth Farm,Week3,Lincolnia Park,Week4,341.0 Ravensworth Farm - 60.0 Lincolnia Park
Ravensworth Farm,Week1,Highlands Swim,Week2,292.5 Highlands Swim - 109.5 Ravensworth Farm
Ravensworth Farm,Week5,Lee Graham,Week5,259.0 Lee Graham - 143.0 Ravensworth Farm
Ravensworth Farm,Week5,Lee Graham,Week3,253.0 Lee Graham - 149.0 Ravensworth Farm
Poplar Tree,Week3,Stratford,Week1,275.0 Poplar Tree - 127.0 Stratford
Ravensworth Farm,Week1,Highlands Swim,Week3,288.0 Highlands Swim - 114.0 Ravensworth Farm
Ravensworth Farm,Week1,Lincolnia Park,Week4,327.5 Ravensworth Farm - 73.5 Lincolnia Park
Ravensworth Farm,Week5,Pleasant Valley,Week5,319.0 Ravensworth Farm - 81.0 Pleasant Valley
Ravensworth Farm,Week4,Lincolnia Park,Week3,300.0 Ravensworth Farm - 92.0 Lincolnia Park
Ravensworth Farm,Week4,Highland Park,Week4,210.0 Ravensworth Farm - 192.0 Highland Park
Ravensworth Farm,Week2,Highlands Swim,Week2,309.0 Highlands Swim - 93.0 Ravensworth Farm
Poplar Tree,Week3,Stratford,Week4,263.0 Poplar Tree - 139.0 Stratford
Ravensworth Farm,Week5,Lee Graham,Week2,251.0 Lee Graham - 151.0 Ravensworth Farm
Ravensworth Farm,Week4,Pleasant Valley,Week3,308.0 Ravensworth Farm - 94.0 Pleasant Valley
Poplar Tree,Week3,Stratford,Week3,278.0 Poplar Tree - 124.0 Stratford
Ravensworth Farm,Week2,Highlands Swim,Week1,308.0 Highlands Swim - 94.0 Ravensworth Farm
Ravensworth Farm,Week5,Highland Park,Week3,246.0 Ravensworth Farm - 156.0 Highland Park
Poplar Tree,Week2,Stratford,Week1,271.0 Poplar Tree - 131.0 Stratford
Poplar Tree,Week3,Stratford,Week2,281.0 Poplar Tree - 121.0 Stratford
Ravensworth Farm,Week2,Highlands Swim,Week3,305.0 Highlands Swim - 97.0 Ravensworth Farm
Ravensworth Farm,Week5,Highland Park,Week4,228.0 Ravensworth Farm - 174.0 Highland Park
Ravensworth Farm,Week3,Pleasant Valley,Week1,326.0 Ravensworth Farm - 72.0 Pleasant Valley
Poplar Tree,Week5,Springfield,Week4,363.0 Poplar Tree - 38.0 Springfield
Ravensworth Farm,Week5,Lincolnia Park,Week3,322.0 Ravensworth Farm - 71.0 Lincolnia Park
Ravensworth Farm,Week2,Pleasant Valley,Week2,322.0 Ravensworth Farm - 78.0 Pleasant Valley
Ravensworth Farm,Week1,Poplar Heights,Week4,211.5 Poplar Heights - 190.5 Ravensworth Farm
Ravensworth Farm,Week2,Pleasant Valley,Week1,311.0 Ravensworth Farm - 89.0 Pleasant Valley
Ravensworth Farm,Week1,Highlands Swim,Week4,277.0 Highlands Swim - 125.0 Ravensworth Farm
Poplar Tree,Week5,Springfield,Week5,372.0 Poplar Tree - 27.0 Springfield
Ravensworth Farm,Week5,Pleasant Valley,Week1,328.0 Ravensworth Farm - 74.0 Pleasant Valley
Ravensworth Farm,Week5,Lee Graham,Week4,246.0 Lee Graham - 156.0 Ravensworth Farm
Ravensworth Farm,Week1,Little Hunting Park,Week5,245.0 Ravensworth Farm - 156.0 Little Hunting Park
Ravensworth Farm,Week2,Hollin Hills,Week4,309.0 Ravensworth Farm - 92.0 Hollin Hills
Ravensworth Farm,Week5,Highlands Swim,Week3,279.0 Highlands Swim - 123.0 Ravensworth Farm
Ravensworth Farm,Week1,Poplar Tree,Week1,209.0 Poplar Tree - 193.0 Ravensworth Farm
Ravensworth Farm,Week5,Poplar Heights,Week2,219.0 Ravensworth Farm - 183.0 Poplar Heights
Ravensworth Farm,Week5,Poplar Heights,Week4,212.0 Ravensworth Farm - 190.0 Poplar Heights
Ravensworth Farm,Week3,Poplar Heights,Week3,205.0 Ravensworth Farm - 197.0 Poplar Heights
Ravensworth Farm,Week3,Hollin Hills,Week4,334.0 Ravensworth Farm - 67.0 Hollin Hills
Poplar Tree,Week4,Stratford,Week5,257.0 Poplar Tree - 144.0 Stratford
Ravensworth Farm,Week2,Hollin Hills,Week2,311.0 Ravensworth Farm - 90.0 Hollin Hills
Poplar Tree,Week4,Stratford,Week4,249.0 Poplar Tree - 153.0 Stratford
Ravensworth Farm,Week1,Hollin Hills,Week3,321.0 Ravensworth Farm - 81.0 Hollin Hills
Ravensworth Farm,Week4,Lincolnia Park,Week1,331.0 Ravensworth Farm - 70.0 Lincolnia Park
Poplar Tree,Week5,Stratford,Week1,293.0 Poplar Tree - 109.0 Stratford
Ravensworth Farm,Week4,Lee Graham,Week4,246.0 Lee Graham - 156.0 Ravensworth Farm
Poplar Tree,Week1,Sully Station,Week2,212.0 Sully Station - 190.0 Poplar Tree
Poplar Tree,Week2,Stratford,Week5,253.0 Poplar Tree - 149.0 Stratford
Ravensworth Farm,Week5,Poplar Heights,Week5,211.0 Ravensworth Farm - 191.0 Poplar Heights
Ravensworth Farm,Week4,Pleasant Valley,Week1,322.0 Ravensworth Farm - 80.0 Pleasant Valley
Ravensworth Farm,Week2,Poplar Heights,Week2,218.0 Poplar Heights - 184.0 Ravensworth Farm
Poplar Tree,Week5,Stratford,Week3,306.0 Poplar Tree - 96.0 Stratford
Ravensworth Farm,Week2,Lincolnia Park,Week2,313.0 Ravensworth Farm - 80.0 Lincolnia Park
Ravensworth Farm,Week3,Hollin Hills,Week2,331.0 Ravensworth Farm - 71.0 Hollin Hills
Ravensworth Farm,Week4,Lee Graham,Week3,267.0 Lee Graham - 135.0 Ravensworth Farm
Ravensworth Farm,Week5,Highlands Swim,Week4,281.0 Highlands Swim - 121.0 Ravensworth Farm
Ravensworth Farm,Week4,Lee Graham,Week2,273.0 Lee Graham - 129.0 Ravensworth Farm
Poplar Tree,Week4,Stratford,Week1,270.0 Poplar Tree - 132.0 Stratford
Ravensworth Farm,Week2,Highlands Swim,Week4,302.0 Highlands Swim - 100.0 Ravensworth Farm
Ravensworth Farm,Week2,Hollin Hills,Week5,296.0 Ravensworth Farm - 105.0 Hollin Hills
Ravensworth Farm,Week3,Poplar Heights,Week2,217.0 Ravensworth Farm - 185.0 Poplar Heights
Ravensworth Farm,Week4,Lee Graham,Week5,271.0 Lee Graham - 131.0 Ravensworth Farm
Poplar Tree,Week5,Stratford,Week5,291.0 Poplar Tree - 111.0 Stratford
Ravensworth Farm,Week3,Highlands Swim,Week1,292.0 Highlands Swim - 110.0 Ravensworth Farm
Ravensworth Farm,Week3,Poplar Heights,Week5,203.0 Ravensworth Farm - 199.0 Poplar Heights
Ravensworth Farm,Week2,Lincolnia Park,Week3,269.0 Ravensworth Farm - 124.0 Lincolnia Park
Ravensworth Farm,Week1,Poplar Tree,Week3,208.0 Poplar Tree - 194.0 Ravensworth Farm
Ravensworth Farm,Week4,Poplar Heights,Week3,202.0 Poplar Heights - 200.0 Ravensworth Farm
Ravensworth Farm,Week5,Highlands Swim,Week2,278.0 Highlands Swim - 124.0 Ravensworth Farm
Ravensworth Farm,Week3,Lincolnia Park,Week2,343.5 Ravensworth Farm - 48.5 Lincolnia Park
Poplar Tree,Week4,Stratford,Week3,267.0 Poplar Tree - 135.0 Stratford
Poplar Tree,Week5,Sully Station,Week5,215.0 Sully Station - 187.0 Poplar Tree
Ravensworth Farm,Week1,Lincolnia Park,Week2,334.0 Ravensworth Farm - 59.0 Lincolnia Park
Ravensworth Farm,Week2,Poplar Tree,Week1,225.0 Poplar Tree - 177.0 Ravensworth Farm
Ravensworth Farm,Week4,Lincolnia Park,Week2,332.0 Ravensworth Farm - 61.0 Lincolnia Park
Ravensworth Farm,Week3,Hollin Hills,Week1,326.0 Ravensworth Farm - 76.0 Hollin Hills
Poplar Tree,Week1,Stratford,Week1,290.0 Poplar Tree - 112.0 Stratford
Ravensworth Farm,Week1,Poplar Tree,Week2,208.0 Poplar Tree - 194.0 Ravensworth Farm
Ravensworth Farm,Week1,Lincolnia Park,Week5,299.0 Ravensworth Farm - 94.0 Lincolnia Park
Poplar Tree,Week2,Sully Station,Week3,218.0 Sully Station - 184.0 Poplar Tree
Ravensworth Farm,Week3,Lincolnia Park,Week3,320.0 Ravensworth Farm - 72.0 Lincolnia Park
Ravensworth Farm,Week4,Highlands Swim,Week5,293.0 Highlands Swim - 109.0 Ravensworth Farm
Ravensworth Farm,Week2,Lincolnia Park,Week1,306.0 Ravensworth Farm - 96.0 Lincolnia Park
Poplar Tree,Week4,Sully Station,Week5,246.0 Sully Station - 156.0 Poplar Tree
Poplar Tree,Week1,Sully Station,Week4,226.0 Sully Station - 176.0 Poplar Tree
Ravensworth Farm,Week4,Poplar Heights,Week1,219.0 Ravensworth Farm - 183.0 Poplar Heights
Ravensworth Farm,Week4,Highlands Swim,Week4,277.0 Highlands Swim - 125.0 Ravensworth Farm
Ravensworth Farm,Week3,Lincolnia Park,Week1,347.0 Ravensworth Farm - 55.0 Lincolnia Park
Ravensworth Farm,Week2,Poplar Heights,Week1,218.0 Poplar Heights - 184.0 Ravensworth Farm
Ravensworth Farm,Week2,Lincolnia Park,Week5,275.0 Ravensworth Farm - 118.0 Lincolnia Park
Poplar Tree,Week4,Sully Station,Week4,225.0 Sully Station - 177.0 Poplar Tree
Ravensworth Farm,Week5,Highlands Swim,Week5,286.0 Highlands Swim - 116.0 Ravensworth Farm
Poplar Tree,Week5,Sully Station,Week2,206.0 Poplar Tree - 196.0 Sully Station
Ravensworth Farm,Week4,Highlands Swim,Week2,293.0 Highlands Swim - 109.0 Ravensworth Farm
Poplar Tree,Week3,Sully Station,Week5,248.0 Sully Station - 154.0 Poplar Tree
Ravensworth Farm,Week3,Poplar Heights,Week4,207.0 Ravensworth Farm - 195.0 Poplar Heights
Ravensworth Farm,Week1,Hollin Hills,Week5,302.0 Ravensworth Farm - 100.0 Hollin Hills
Ravensworth Farm,Week2,Poplar Heights,Week3,224.0 Poplar Heights - 178.0 Ravensworth Farm
Ravensworth Farm,Week2,Hollin Hills,Week1,314.0 Ravensworth Farm - 87.0 Hollin Hills
Ravensworth Farm,Week2,Poplar Heights,Week4,233.0 Poplar Heights - 169.0 Ravensworth Farm
Poplar Tree,Week2,Sully Station,Week4,222.0 Sully Station - 180.0 Poplar Tree
Ravensworth Farm,Week1,Hollin Hills,Week2,328.0 Ravensworth Farm - 73.0 Hollin Hills
Ravensworth Farm,Week3,Highlands Swim,Week2,304.0 Highlands Swim - 98.0 Ravensworth Farm
Ravensworth Farm,Week3,Lincolnia Park,Week5,324.0 Ravensworth Farm - 68.0 Lincolnia Park
Ravensworth Farm,Week1,Lincolnia Park,Week3,302.0 Ravensworth Farm - 91.0 Lincolnia Park
Poplar Tree,Week4,Sully Station,Week3,218.0 Sully Station - 183.0 Poplar Tree
Ravensworth Farm,Week1,Poplar Heights,Week5,215.0 Poplar Heights - 187.0 Ravensworth Farm
Ravensworth Farm,Week4,Lincolnia Park,Week4,323.0 Ravensworth Farm - 74.0 Lincolnia Park
Poplar Tree,Week3,Sully Station,Week1,224.0 Sully Station - 178.0 Poplar Tree
Ravensworth Farm,Week3,Poplar Heights,Week1,223.0 Ravensworth Farm - 179.0 Poplar Heights
Ravensworth Farm,Week4,Highlands Swim,Week3,287.0 Highlands Swim - 115.0 Ravensworth Farm
Ravensworth Farm,Week1,Poplar Tree,Week5,234.0 Poplar Tree - 168.0 Ravensworth Farm
Ravensworth Farm,Week4,Poplar Heights,Week2,206.0 Ravensworth Farm - 196.0 Poplar Heights
Ravensworth Farm,Week2,Poplar Heights,Week5,225.0 Poplar Heights - 177.0 Ravensworth Farm
Ravensworth Farm,Week4,Poplar Heights,Week5,201.0 Poplar Heights - 196.0 Ravensworth Farm
Ravensworth Farm,Week5,Poplar Heights,Week1,229.0 Ravensworth Farm - 173.0 Poplar Heights
Ravensworth Farm,Week5,Highlands Swim,Week1,268.0 Highlands Swim - 134.0 Ravensworth Farm
Poplar Tree,Week5,Sully Station,Week4,213.0 Poplar Tree - 189.0 Sully Station
Ravensworth Farm,Week5,Lincolnia Park,Week5,323.0 Ravensworth Farm - 70.0 Lincolnia Park
Poplar Tree,Week4,Sully Station,Week1,219.0 Sully Station - 182.0 Poplar Tree
Ravensworth Farm,Week1,Little Hunting Park,Week4,281.0 Ravensworth Farm - 121.0 Little Hunting Park
Poplar Tree,Week3,Sully Station,Week3,212.0 Sully Station - 190.0 Poplar Tree
Ravensworth Farm,Week1,Little Hunting Park,Week1,292.0 Ravensworth Farm - 109.0 Little Hunting Park
Ravensworth Farm,Week4,Lincolnia Park,Week5,303.5 Ravensworth Farm - 88.5 Lincolnia Park
Poplar Tree,Week1,Sully Station II,Week5,219.0 Sully Station II - 183.0 Poplar Tree
Ravensworth Farm,Week4,Poplar Tree,Week5,239.0 Poplar Tree - 163.0 Ravensworth Farm
Ravensworth Farm,Week3,Highlands Swim,Week4,289.0 Highlands Swim - 113.0 Ravensworth Farm
Ravensworth Farm,Week5,Poplar Heights,Week3,219.0 Ravensworth Farm - 183.0 Poplar Heights
Ravensworth Farm,Week2,Hollin Hills,Week3,305.0 Ravensworth Farm - 97.0 Hollin Hills
Poplar Tree,Week5,Sully Station,Week3,204.0 Poplar Tree - 197.0 Sully Station
Ravensworth Farm,Week4,Highlands Swim,Week1,278.0 Highlands Swim - 124.0 Ravensworth Farm
Ravensworth Farm,Week5,Lincolnia Park,Week4,343.0 Ravensworth Farm - 59.0 Lincolnia Park
Ravensworth Farm,Week1,Poplar Tree,Week4,212.0 Ravensworth Farm - 190.0 Poplar Tree
Poplar Tree,Week2,Sully Station,Week1,224.0 Sully Station - 178.0 Poplar Tree
Ravensworth Farm,Week3,Highlands Swim,Week3,279.0 Highlands Swim - 123.0 Ravensworth Farm
Ravensworth Farm,Week1,Hollin Hills,Week1,320.0 Ravensworth Farm - 82.0 Hollin Hills
Ravensworth Farm,Week5,Lincolnia Park,Week1,355.0 Ravensworth Farm - 47.0 Lincolnia Park
Ravensworth Farm,Week1,Little Hunting Park,Week3,292.0 Ravensworth Farm - 110.0 Little Hunting Park
Ravensworth Farm,Week2,Highlands Swim,Week5,306.0 Highlands Swim - 96.0 Ravensworth Farm
Ravensworth Farm,Week5,Lincolnia Park,Week2,344.5 Ravensworth Farm - 48.5 Lincolnia Park
Ravensworth Farm,Week2,Little Hunting Park,Week1,268.0 Ravensworth Farm - 133.0 Little Hunting Park
Poplar Tree,Week2,Sully Station,Week5,236.0 Sully Station - 166.0 Poplar Tree
Ravensworth Farm,Week4,Poplar Heights,Week4,201.0 Poplar Heights - 201.0 Ravensworth Farm
Ravensworth Farm,Week5,Poplar Tree,Week5,222.0 Poplar Tree - 180.0 Ravensworth Farm
Poplar Tree,Week1,Sully Station II,Week4,226.0 Poplar Tree - 175.0 Sully Station II
Poplar Tree,Week2,Sully Station II,Week2,220.0 Sully Station II - 182.0 Poplar Tree
Poplar Tree,Week1,Sully Station II,Week2,207.0 Sully Station II - 194.0 Poplar Tree
Ravensworth Farm,Week1,Little Hunting Park,Week2,286.0 Ravensworth Farm - 116.0 Little Hunting Park
Poplar Tree,Week3,Sully Station,Week4,232.0 Sully Station - 170.0 Poplar Tree
Ravensworth Farm,Week3,Highlands Swim,Week5,293.0 Highlands Swim - 109.0 Ravensworth Farm
Ravensworth Farm,Week1,Hollin Hills,Week4,322.0 Ravensworth Farm - 78.0 Hollin Hills
Poplar Tree,Week2,Sully Station II,Week3,245.0 Sully Station II - 157.0 Poplar Tree
Poplar Tree,Week2,Old Keene Mill,Week3,257.0 Poplar Tree - 145.0 Old Keene Mill
Ravensworth Farm,Week2,Ravensworth Farm,Week2,199.5 Ravensworth Farm (R1) - 199.5 Ravensworth Farm (R2)
Ravensworth Farm,Week3,Hollin Hills,Week3,331.0 Ravensworth Farm - 71.0 Hollin Hills
Ravensworth Farm,Week3,Little Hunting Park,Week5,256.0 Ravensworth Farm - 145.0 Little Hunting Park
Ravensworth Farm,Week4,Little Hunting Park,Week5,251.0 Ravensworth Farm - 151.0 Little Hunting Park
Ravensworth Farm,Week4,Hollin Hills,Week4,317.0 Ravensworth Farm - 83.0 Hollin Hills
Poplar Tree,Week2,Sully Station II,Week1,210.0 Sully Station II - 192.0 Poplar Tree
Ravensworth Farm,Week5,Poplar Tree,Week2,211.0 Ravensworth Farm - 191.0 Poplar Tree
Poplar Tree,Week1,Pinewood Lake,Week2,361.0 Poplar Tree - 33.0 Pinewood Lake
Ravensworth Farm,Week1,Little Rocky Run,Week2,235.0 Little Rocky Run - 167.0 Ravensworth Farm
Poplar Tree,Week4,Pinecrest,Week5,244.0 Pinecrest - 158.0 Poplar Tree
Poplar Tree,Week1,Orange Hunt,Week5,210.5 Orange Hunt - 191.5 Poplar Tree
Poplar Tree,Week4,Old Keene Mill,Week2,259.0 Poplar Tree - 143.0 Old Keene Mill
Ravensworth Farm,Week4,Hollin Hills,Week2,323.0 Ravensworth Farm - 77.0 Hollin Hills
Poplar Tree,Week5,Old Keene Mill,Week1,303.5 Poplar Tree - 98.5 Old Keene Mill
Poplar Tree,Week4,Sully Station,Week2,212.0 Sully Station - 190.0 Poplar Tree
Poplar Tree,Week1,Pinewood Lake,Week5,343.0 Poplar Tree - 52.0 Pinewood Lake
Poplar Tree,Week2,Pinewood Lake,Week3,351.0 Poplar Tree - 40.0 Pinewood Lake
Poplar Tree,Week5,Pinecrest,Week5,212.0 Pinecrest - 190.0 Poplar Tree
Poplar Tree,Week2,Sully Station,Week2,218.0 Sully Station - 184.0 Poplar Tree
Ravensworth Farm,Week5,Hollin Hills,Week3,331.0 Ravensworth Farm - 71.0 Hollin Hills
Poplar Tree,Week3,Pinecrest,Week3,241.0 Pinecrest - 161.0 Poplar Tree
Poplar Tree,Week3,Sully Station,Week2,214.0 Sully Station - 188.0 Poplar Tree
Poplar Tree,Week2,Pinewood Lake,Week1,349.0 Poplar Tree - 40.0 Pinewood Lake
Poplar Tree,Week5,Old Keene Mill,Week4,294.0 Poplar Tree - 108.0 Old Keene Mill
Ravensworth Farm,Week2,Ravensworth Farm,Week1,240.0 Ravensworth Farm (R2) - 162.0 Ravensworth Farm (R1)
Poplar Tree,Week4,Old Keene Mill,Week4,268.0 Poplar Tree - 133.0 Old Keene Mill
Ravensworth Farm,Week3,Poplar Tree,Week2,214.0 Ravensworth Farm - 188.0 Poplar Tree
Poplar Tree,Week2,Sully Station II,Week4,211.0 Poplar Tree - 191.0 Sully Station II
Poplar Tree,Week1,Sully Station II,Week1,208.0 Poplar Tree - 193.0 Sully Station II
Ravensworth Farm,Week1,Ravensworth Farm,Week2,240.0 Ravensworth Farm (R1) - 162.0 Ravensworth Farm (R2)
Ravensworth Farm,Week5,Little Hunting Park,Week5,266.0 Ravensworth Farm - 135.0 Little Hunting Park
Ravensworth Farm,Week2,Little Hunting Park,Week3,272.0 Ravensworth Farm - 130.0 Little Hunting Park
Ravensworth Farm,Week1,Ravensworth Farm,Week4,202.0 Ravensworth Farm (R2) - 200.0 Ravensworth Farm (R1)
Ravensworth Farm,Week5,Hollin Hills,Week1,329.0 Ravensworth Farm - 73.0 Hollin Hills
Ravensworth Farm,Week4,Poplar Tree,Week4,210.0 Ravensworth Farm - 192.0 Poplar Tree
Ravensworth Farm,Week1,Little Rocky Run,Week3,269.0 Little Rocky Run - 133.0 Ravensworth Farm
Ravensworth Farm,Week3,Ravensworth Farm,Week5,222.0 Ravensworth Farm (R2) - 180.0 Ravensworth Farm (R1)
Poplar Tree,Week3,Old Keene Mill,Week5,265.0 Poplar Tree - 137.0 Old Keene Mill
Ravensworth Farm,Week3,Little Hunting Park,Week1,289.0 Ravensworth Farm - 109.0 Little Hunting Park
Ravensworth Farm,Week1,Little Rocky Run,Week5,271.0 Little Rocky Run - 131.0 Ravensworth Farm
Poplar Tree,Week2,Orange Hunt,Week3,204.0 Poplar Tree - 198.0 Orange Hunt
Ravensworth Farm,Week5,Hollin Hills,Week5,311.0 Ravensworth Farm - 90.0 Hollin Hills
Ravensworth Farm,Week5,Hollin Hills,Week2,334.0 Ravensworth Farm - 68.0 Hollin Hills
Ravensworth Farm,Week1,Hollin Meadows,Week3,233.0 Ravensworth Farm - 169.0 Hollin Meadows
Ravensworth Farm,Week2,Poplar Tree,Week2,219.0 Poplar Tree - 183.0 Ravensworth Farm
Poplar Tree,Week5,Sully Station,Week1,202.0 Sully Station - 199.0 Poplar Tree
Ravensworth Farm,Week1,Hollin Meadows,Week1,228.0 Ravensworth Farm - 174.0 Hollin Meadows
Poplar Tree,Week3,Pinecrest,Week1,231.0 Pinecrest - 171.0 Poplar Tree
Ravensworth Farm,Week4,Poplar Tree,Week2,205.0 Ravensworth Farm - 197.0 Poplar Tree
Poplar Tree,Week1,Sully Station II,Week3,212.0 Sully Station II - 190.0 Poplar Tree
Poplar Tree,Week2,Old Keene Mill,Week2,262.0 Poplar Tree - 140.0 Old Keene Mill
Poplar Tree,Week1,Orange Hunt,Week2,208.0 Poplar Tree - 194.0 Orange Hunt
Ravensworth Farm,Week2,Little Hunting Park,Week2,262.0 Ravensworth Farm - 139.0 Little Hunting Park
Ravensworth Farm,Week1,Hollin Meadows,Week2,233.0 Ravensworth Farm - 169.0 Hollin Meadows
Poplar Tree,Week2,Pinewood Lake,Week5,328.0 Poplar Tree - 64.0 Pinewood Lake
Poplar Tree,Week1,Pinewood Lake,Week3,360.0 Poplar Tree - 30.0 Pinewood Lake
Ravensworth Farm,Week2,Little Hunting Park,Week4,263.0 Ravensworth Farm - 138.0 Little Hunting Park
Poplar Tree,Week1,Truro,Week3,294.0 Poplar Tree - 108.0 Truro
Ravensworth Farm,Week1,Little Rocky Run,Week1,242.0 Little Rocky Run - 160.0 Ravensworth Farm
Ravensworth Farm,Week5,Little Hunting Park,Week3,300.0 Ravensworth Farm - 102.0 Little Hunting Park
Poplar Tree,Week5,Pinecrest,Week1,207.0 Pinecrest - 195.0 Poplar Tree
Poplar Tree,Week5,Sully Station II,Week4,219.0 Poplar Tree - 183.0 Sully Station II
Poplar Tree,Week2,Sully Station II,Week5,243.0 Sully Station II - 159.0 Poplar Tree
Poplar Tree,Week4,Pinecrest,Week2,266.0 Pinecrest - 136.0 Poplar Tree
Ravensworth Farm,Week4,Ravensworth Farm,Week2,233.5 Ravensworth Farm (R1) - 168.5 Ravensworth Farm (R2)
Ravensworth Farm,Week1,Hollin Meadows,Week4,234.0 Ravensworth Farm - 168.0 Hollin Meadows
Poplar Tree,Week2,Old Keene Mill,Week4,263.5 Poplar Tree - 138.5 Old Keene Mill
Ravensworth Farm,Week1,Little Rocky Run,Week4,254.0 Little Rocky Run - 148.0 Ravensworth Farm
Ravensworth Farm,Week1,Ravensworth Farm,Week3,202.0 Ravensworth Farm (R2) - 200.0 Ravensworth Farm (R1)
Ravensworth Farm,Week4,Hollin Hills,Week1,327.0 Ravensworth Farm - 74.0 Hollin Hills
Poplar Tree,Week2,Old Keene Mill,Week1,275.0 Poplar Tree - 127.0 Old Keene Mill
Ravensworth Farm,Week3,Hollin Hills,Week5,320.0 Ravensworth Farm - 82.0 Hollin Hills
Poplar Tree,Week5,Pinecrest,Week4,216.0 Pinecrest - 186.0 Poplar Tree
Poplar Tree,Week5,Old Keene Mill,Week2,292.0 Poplar Tree - 110.0 Old Keene Mill
Ravensworth Farm,Week4,Poplar Tree,Week1,211.5 Poplar Tree - 190.5 Ravensworth Farm
Ravensworth Farm,Week5,Little Hunting Park,Week4,297.0 Ravensworth Farm - 105.0 Little Hunting Park
Ravensworth Farm,Week4,Little Hunting Park,Week3,280.0 Ravensworth Farm - 122.0 Little Hunting Park
Poplar Tree,Week4,Sully Station II,Week5,245.0 Sully Station II - 157.0 Poplar Tree
Poplar Tree,Week1,Old Keene Mill,Week4,281.0 Poplar Tree - 120.0 Old Keene Mill
Ravensworth Farm,Week2,Hollin Meadows,Week1,211.0 Hollin Meadows - 191.0 Ravensworth Farm
Ravensworth Farm,Week2,Poplar Tree,Week5,262.0 Poplar Tree - 140.0 Ravensworth Farm
Ravensworth Farm,Week3,Little Hunting Park,Week4,288.0 Ravensworth Farm - 113.0 Little Hunting Park
Poplar Tree,Week2,Pinewood Lake,Week2,349.0 Poplar Tree - 44.0 Pinewood Lake
Poplar Tree,Week1,Pinewood Lake,Week1,353.0 Poplar Tree - 37.0 Pinewood Lake
Poplar Tree,Week1,Pinewood Lake,Week4,361.0 Poplar Tree - 32.0 Pinewood Lake
Poplar Tree,Week3,Old Keene Mill,Week2,274.0 Poplar Tree - 128.0 Old Keene Mill
Poplar Tree,Week1,Orange Hunt,Week3,202.0 Orange Hunt - 200.0 Poplar Tree
Poplar Tree,Week2,Pinewood Lake,Week4,346.0 Poplar Tree - 44.0 Pinewood Lake
Ravensworth Farm,Week2,Hollin Meadows,Week2,216.0 Ravensworth Farm - 186.0 Hollin Meadows
Poplar Tree,Week4,Pinecrest,Week3,265.0 Pinecrest - 137.0 Poplar Tree
Ravensworth Farm,Week2,Little Hunting Park,Week5,224.0 Ravensworth Farm - 174.0 Little Hunting Park
Ravensworth Farm,Week3,Poplar Tree,Week3,205.0 Poplar Tree - 197.0 Ravensworth Farm
Ravensworth Farm,Week1,Hollin Meadows,Week5,229.0 Ravensworth Farm - 173.0 Hollin Meadows
Poplar Tree,Week3,Truro,Week5,290.0 Poplar Tree - 112.0 Truro
Poplar Tree,Week4,Sully Station II,Week3,235.0 Sully Station II - 167.0 Poplar Tree
Ravensworth Farm,Week3,Little Hunting Park,Week2,290.0 Ravensworth Farm - 111.0 Little Hunting Park
Ravensworth Farm,Week2,Ravensworth Farm,Week5,260.0 Ravensworth Farm (R2) - 142.0 Ravensworth Farm (R1)
Ravensworth Farm,Week3,Poplar Tree,Week4,224.0 Ravensworth Farm - 178.0 Poplar Tree
Ravensworth Farm,Week4,Little Hunting Park,Week2,286.0 Ravensworth Farm - 116.0 Little Hunting Park
Ravensworth Farm,Week1,Ravensworth Farm,Week1,201.0 Ravensworth Farm (R1) - 201.0 Ravensworth Farm (R2)
Poplar Tree,Week3,Truro,Week3,290.0 Poplar Tree - 112.0 Truro
Poplar Tree,Week4,Old Keene Mill,Week1,276.0 Poplar Tree - 125.0 Old Keene Mill
Poplar Tree,Week1,Old Keene Mill,Week5,264.0 Poplar Tree - 138.0 Old Keene Mill
Poplar Tree,Week5,Old Keene Mill,Week3,285.0 Poplar Tree - 117.0 Old Keene Mill
Ravensworth Farm,Week4,Little Hunting Park,Week1,285.0 Ravensworth Farm - 117.0 Little Hunting Park
Poplar Tree,Week2,Truro,Week3,273.0 Poplar Tree - 129.0 Truro
Poplar Tree,Week2,Orange Hunt,Week1,206.0 Poplar Tree - 196.0 Orange Hunt
Ravensworth Farm,Week2,Poplar Tree,Week3,241.0 Poplar Tree - 161.0 Ravensworth Farm
Poplar Tree,Week3,Sully Station II,Week2,208.0 Sully Station II - 193.0 Poplar Tree
Ravensworth Farm,Week4,Hollin Hills,Week5,305.0 Ravensworth Farm - 96.0 Hollin Hills
Ravensworth Farm,Week5,Hollin Hills,Week4,333.0 Ravensworth Farm - 69.0 Hollin Hills
Poplar Tree,Week5,Pinecrest,Week3,226.0 Pinecrest - 176.0 Poplar Tree
Ravensworth Farm,Week4,Poplar Tree,Week3,211.0 Poplar Tree - 191.0 Ravensworth Farm
Ravensworth Farm,Week5,Little Hunting Park,Week1,300.0 Ravensworth Farm - 102.0 Little Hunting Park
Ravensworth Farm,Week5,Poplar Tree,Week3,205.0 Poplar Tree - 197.0 Ravensworth Farm
Ravensworth Farm,Week4,Little Hunting Park,Week4,287.0 Ravensworth Farm - 115.0 Little Hunting Park
Ravensworth Farm,Week5,Little Hunting Park,Week2,298.0 Ravensworth Farm - 104.0 Little Hunting Park
Poplar Tree,Week4,Sully Station II,Week2,235.0 Sully Station II - 166.0 Poplar Tree
Poplar Tree,Week5,Sully Station II,Week2,208.0 Poplar Tree - 194.0 Sully Station II
Poplar Tree,Week3,Pinewood Lake,Week1,369.0 Poplar Tree - 26.0 Pinewood Lake
Ravensworth Farm,Week3,Poplar Tree,Week5,233.0 Poplar Tree - 169.0 Ravensworth Farm
Poplar Tree,Week1,Truro,Week5,290.0 Poplar Tree - 112.0 Truro
Poplar Tree,Week3,Pinecrest,Week2,233.0 Pinecrest - 169.0 Poplar Tree
Poplar Tree,Week5,Pinecrest,Week2,235.5 Pinecrest - 166.5 Poplar Tree
Poplar Tree,Week1,Orange Hunt,Week4,211.0 Poplar Tree - 191.0 Orange Hunt
Ravensworth Farm,Week4,Hollin Hills,Week3,311.0 Ravensworth Farm - 91.0 Hollin Hills
Ravensworth Farm,Week3,Poplar Tree,Week1,201.0 Poplar Tree - 201.0 Ravensworth Farm
Ravensworth Farm,Week2,Ravensworth Farm,Week3,239.0 Ravensworth Farm (R2) - 163.0 Ravensworth Farm (R1)
Ravensworth Farm,Week5,Poplar Tree,Week1,214.0 Poplar Tree - 188.0 Ravensworth Farm
Poplar Tree,Week3,Sully Station II,Week3,218.0 Sully Station II - 184.0 Poplar Tree
Poplar Tree,Week3,Old Keene Mill,Week3,277.0 Poplar Tree - 125.0 Old Keene Mill
Poplar Tree,Week3,Pinecrest,Week5,227.0 Pinecrest - 175.0 Poplar Tree
Poplar Tree,Week5,Old Keene Mill,Week5,285.0 Poplar Tree - 117.0 Old Keene Mill
Poplar Tree,Week3,Old Keene Mill,Week1,294.0 Poplar Tree - 107.0 Old Keene Mill
Poplar Tree,Week4,Old Keene Mill,Week5,237.0 Poplar Tree - 165.0 Old Keene Mill
Poplar Tree,Week4,Truro,Week5,257.0 Poplar Tree - 145.0 Truro
Ravensworth Farm,Week2,Poplar Tree,Week4,208.0 Poplar Tree - 194.0 Ravensworth Farm
Poplar Tree,Week1,Orange Hunt,Week1,215.0 Poplar Tree - 187.0 Orange Hunt
Poplar Tree,Week4,Sully Station II,Week1,226.0 Sully Station II - 174.0 Poplar Tree
Ravensworth Farm,Week2,Little Rocky Run,Week3,282.0 Little Rocky Run - 120.0 Ravensworth Farm
Poplar Tree,Week1,Truro,Week1,277.0 Poplar Tree - 125.0 Truro
Poplar Tree,Week3,Sully Station II,Week1,208.0 Poplar Tree - 193.0 Sully Station II
Poplar Tree,Week3,Pinecrest,Week4,226.0 Pinecrest - 176.0 Poplar Tree
Ravensworth Farm,Week1,Ravensworth Farm,Week5,219.5 Ravensworth Farm (R2) - 182.5 Ravensworth Farm (R1)
Ravensworth Farm,Week2,Long Branch,Week5,237.0 Ravensworth Farm - 165.0 Long Branch
Poplar Tree,Week4,Pinecrest,Week1,256.0 Pinecrest - 146.0 Poplar Tree
Poplar Tree,Week4,Pinecrest,Week4,250.0 Pinecrest - 152.0 Poplar Tree
Poplar Tree,Week2,Truro,Week1,270.0 Poplar Tree - 132.0 Truro
Ravensworth Farm,Week2,Little Rocky Run,Week2,256.0 Little Rocky Run - 146.0 Ravensworth Farm
Poplar Tree,Week2,Old Keene Mill,Week5,245.0 Poplar Tree - 157.0 Old Keene Mill
Ravensworth Farm,Week3,Little Hunting Park,Week3,286.0 Ravensworth Farm - 116.0 Little Hunting Park
Poplar Tree,Week1,Truro,Week4,272.0 Poplar Tree - 130.0 Truro
Ravensworth Farm,Week5,Poplar Tree,Week4,222.0 Ravensworth Farm - 180.0 Poplar Tree
Poplar Tree,Week3,Old Keene Mill,Week4,282.0 Poplar Tree - 119.0 Old Keene Mill
Ravensworth Farm,Week4,Little Rocky Run,Week4,251.0 Little Rocky Run - 151.0 Ravensworth Farm
Ravensworth Farm,Week1,Long Branch,Week1,262.0 Ravensworth Farm - 140.0 Long Branch
Poplar Tree,Week4,Old Keene Mill,Week3,267.0 Poplar Tree - 135.0 Old Keene Mill
Ravensworth Farm,Week2,Long Branch,Week1,240.0 Ravensworth Farm - 162.0 Long Branch
Poplar Tree,Week2,Orange Hunt,Week2,210.0 Poplar Tree - 192.0 Orange Hunt
Poplar Tree,Week3,Truro,Week4,282.0 Poplar Tree - 120.0 Truro
Ravensworth Farm,Week3,Little Rocky Run,Week5,256.0 Little Rocky Run - 146.0 Ravensworth Farm
Ravensworth Farm,Week3,Ravensworth Farm,Week4,212.0 Ravensworth Farm (R1) - 190.0 Ravensworth Farm (R2)
Ravensworth Farm,Week3,Little Rocky Run,Week4,242.0 Little Rocky Run - 160.0 Ravensworth Farm
Ravensworth Farm,Week3,Ravensworth Farm,Week1,202.0 Ravensworth Farm (R1) - 200.0 Ravensworth Farm (R2)
Poplar Tree,Week3,Sully Station II,Week4,214.0 Poplar Tree - 188.0 Sully Station II
Poplar Tree,Week1,Mosby Woods,Week2,226.0 Mosby Woods - 176.0 Poplar Tree
Poplar Tree,Week3,Orange Hunt,Week3,211.0 Poplar Tree - 191.0 Orange Hunt
Poplar Tree,Week4,Mosby Woods,Week1,240.0 Mosby Woods - 162.0 Poplar Tree
Poplar Tree,Week5,Sully Station II,Week1,214.0 Poplar Tree - 187.0 Sully Station II
Poplar Tree,Week3,Orange Hunt,Week2,221.0 Poplar Tree - 181.0 Orange Hunt
Ravensworth Farm,Week3,Ravensworth Farm,Week2,239.0 Ravensworth Farm (R1) - 163.0 Ravensworth Farm (R2)
Poplar Tree,Week3,Orange Hunt,Week1,216.0 Poplar Tree - 186.0 Orange Hunt
Ravensworth Farm,Week3,Ravensworth Farm,Week3,200.5 Ravensworth Farm (R1) - 200.5 Ravensworth Farm (R2)
Poplar Tree,Week5,Sully Station II,Week3,205.0 Sully Station II - 197.0 Poplar Tree
Ravensworth Farm,Week2,Little Rocky Run,Week5,288.0 Little Rocky Run - 114.0 Ravensworth Farm
Poplar Tree,Week1,Truro,Week2,294.0 Poplar Tree - 107.0 Truro
Ravensworth Farm,Week4,Little Rocky Run,Week2,235.0 Little Rocky Run - 167.0 Ravensworth Farm
Poplar Tree,Week3,Orange Hunt,Week5,201.0 Orange Hunt - 201.0 Poplar Tree
Poplar Tree,Week4,Mosby Woods,Week2,231.0 Mosby Woods - 171.0 Poplar Tree
Poplar Tree,Week5,McLean,Week3,248.0 McLean - 154.0 Poplar Tree
Ravensworth Farm,Week2,Little Rocky Run,Week1,260.0 Little Rocky Run - 142.0 Ravensworth Farm
Poplar Tree,Week4,Mosby Woods,Week4,226.0 Mosby Woods - 176.0 Poplar Tree
Poplar Tree,Week3,Mosby Woods,Week5,218.0 Mosby Woods - 184.0 Poplar Tree
Poplar Tree,Week4,Sully Station II,Week4,214.0 Sully Station II - 188.0 Poplar Tree
Ravensworth Farm,Week4,Ravensworth Farm,Week5,231.0 Ravensworth Farm (R2) - 171.0 Ravensworth Farm (R1)
Poplar Tree,Week5,Orange Hunt,Week4,237.0 Poplar Tree - 165.0 Orange Hunt
Ravensworth Farm,Week1,Riverside Gardens,Week4,257.0 Riverside Gardens - 145.0 Ravensworth Farm
Ravensworth Farm,Week5,Riverside Gardens,Week3,215.0 Riverside Gardens - 187.0 Ravensworth Farm
Poplar Tree,Week4,Orange Hunt,Week1,209.0 Orange Hunt - 193.0 Poplar Tree
Poplar Tree,Week3,Truro,Week2,305.5 Poplar Tree - 95.5 Truro
Poplar Tree,Week2,Truro,Week2,288.0 Poplar Tree - 114.0 Truro
Ravensworth Farm,Week4,Riverside Gardens,Week4,254.0 Riverside Gardens - 148.0 Ravensworth Farm
Poplar Tree,Week4,Orange Hunt,Week2,211.0 Poplar Tree - 191.0 Orange Hunt
Poplar Tree,Week4,Orange Hunt,Week3,202.0 Orange Hunt - 200.0 Poplar Tree
Ravensworth Farm,Week5,Little Rocky Run,Week3,245.0 Little Rocky Run - 157.0 Ravensworth Farm
Ravensworth Farm,Week2,Riverside Gardens,Week4,264.0 Riverside Gardens - 138.0 Ravensworth Farm
Ravensworth Farm,Week2,Little Rocky Run,Week4,273.0 Little Rocky Run - 129.0 Ravensworth Farm
Ravensworth Farm,Week4,Little Rocky Run,Week5,260.0 Little Rocky Run - 142.0 Ravensworth Farm
Ravensworth Farm,Week1,Long Branch,Week2,277.0 Ravensworth Farm - 125.0 Long Branch
Poplar Tree,Week1,Mosby Woods,Week4,211.0 Mosby Woods - 191.0 Poplar Tree
Ravensworth Farm,Week3,Little Rocky Run,Week2,235.0 Little Rocky Run - 167.0 Ravensworth Farm
Ravensworth Farm,Week2,Ravensworth Farm,Week4,233.5 Ravensworth Farm (R2) - 168.5 Ravensworth Farm (R1)
Poplar Tree,Week5,Sully Station II,Week5,219.0 Sully Station II - 183.0 Poplar Tree
Poplar Tree,Week3,Sully Station II,Week5,226.0 Sully Station II - 176.0 Poplar Tree
Ravensworth Farm,Week4,Ravensworth Farm,Week1,202.0 Ravensworth Farm (R1) - 200.0 Ravensworth Farm (R2)
Poplar Tree,Week2,Orange Hunt,Week4,204.0 Poplar Tree - 193.0 Orange Hunt
Poplar Tree,Week1,Mosby Woods,Week1,226.0 Mosby Woods - 176.0 Poplar Tree
Ravensworth Farm,Week2,Long Branch,Week4,238.0 Ravensworth Farm - 164.0 Long Branch
Poplar Tree,Week3,Mosby Woods,Week2,235.0 Mosby Woods - 167.0 Poplar Tree
Poplar Tree,Week5,Tuckahoe,Week4,304.0 Tuckahoe - 98.0 Poplar Tree
Ravensworth Farm,Week3,Riverside Gardens,Week1,210.0 Riverside Gardens - 192.0 Ravensworth Farm
Poplar Tree,Week1,Overlee,Week2,294.0 Overlee - 108.0 Poplar Tree
Ravensworth Farm,Week1,Riverside Gardens,Week2,219.0 Riverside Gardens - 183.0 Ravensworth Farm
Ravensworth Farm,Week5,Little Rocky Run,Week5,251.0 Little Rocky Run - 151.0 Ravensworth Farm
Poplar Tree,Week4,Truro,Week2,274.0 Poplar Tree - 128.0 Truro
Ravensworth Farm,Week5,Little Rocky Run,Week4,234.0 Little Rocky Run - 168.0 Ravensworth Farm
Poplar Tree,Week4,Truro,Week1,266.0 Poplar Tree - 136.0 Truro
Poplar Tree,Week5,Orange Hunt,Week2,237.0 Poplar Tree - 165.0 Orange Hunt
Ravensworth Farm,Week1,Riverside Gardens,Week1,230.0 Riverside Gardens - 172.0 Ravensworth Farm
Poplar Tree,Week1,Mosby Woods,Week3,225.0 Mosby Woods - 177.0 Poplar Tree
Ravensworth Farm,Week4,Little Rocky Run,Week3,259.0 Little Rocky Run - 143.0 Ravensworth Farm
Ravensworth Farm,Week5,Little Rocky Run,Week1,219.0 Little Rocky Run - 183.0 Ravensworth Farm
Poplar Tree,Week5,Orange Hunt,Week1,234.0 Poplar Tree - 168.0 Orange Hunt
Poplar Tree,Week4,Truro,Week3,266.0 Poplar Tree - 136.0 Truro
Ravensworth Farm,Week2,Long Branch,Week2,254.0 Ravensworth Farm - 148.0 Long Branch
Poplar Tree,Week1,Mosby Woods,Week5,218.0 Mosby Woods - 184.0 Poplar Tree
Ravensworth Farm,Week2,Riverside Gardens,Week2,253.0 Riverside Gardens - 149.0 Ravensworth Farm
Poplar Tree,Week3,Truro,Week1,287.0 Poplar Tree - 115.0 Truro
Poplar Tree,Week2,Mosby Woods,Week3,229.3 Mosby Woods - 167.7 Poplar Tree
Ravensworth Farm,Week2,Riverside Gardens,Week5,267.0 Riverside Gardens - 135.0 Ravensworth Farm
Poplar Tree,Week5,Orange Hunt,Week5,214.0 Poplar Tree - 188.0 Orange Hunt
Poplar Tree,Week3,Mosby Woods,Week3,217.0 Mosby Woods - 185.0 Poplar Tree
Poplar Tree,Week2,Mosby Woods,Week4,219.0 Mosby Woods - 183.0 Poplar Tree
Poplar Tree,Week1,Overlee,Week1,281.0 Overlee - 121.0 Poplar Tree
Ravensworth Farm,Week3,Little Rocky Run,Week3,247.0 Little Rocky Run - 155.0 Ravensworth Farm
Poplar Tree,Week4,Orange Hunt,Week4,206.0 Poplar Tree - 196.0 Orange Hunt
Poplar Tree,Week1,Overlee,Week4,321.0 Overlee - 81.0 Poplar Tree
Poplar Tree,Week2,Mosby Woods,Week1,239.8 Mosby Woods - 162.2 Poplar Tree
Ravensworth Farm,Week5,Ravensworth Farm,Week4,231.0 Ravensworth Farm (R1) - 171.0 Ravensworth Farm (R2)
Ravensworth Farm,Week3,Little Rocky Run,Week1,225.0 Little Rocky Run - 177.0 Ravensworth Farm
Poplar Tree,Week5,Tuckahoe,Week1,276.0 Tuckahoe - 126.0 Poplar Tree
Poplar Tree,Week3,North Springfield,Week5,277.0 Poplar Tree - 97.0 North Springfield
Ravensworth Farm,Week5,Ravensworth Farm,Week3,222.0 Ravensworth Farm (R1) - 180.0 Ravensworth Farm (R2)
Ravensworth Farm,Week2,Riverside Gardens,Week1,257.0 Riverside Gardens - 145.0 Ravensworth Farm
Ravensworth Farm,Week4,Ravensworth Farm,Week3,212.0 Ravensworth Farm (R2) - 190.0 Ravensworth Farm (R1)
Poplar Tree,Week5,Orange Hunt,Week3,232.0 Poplar Tree - 170.0 Orange Hunt
Poplar Tree,Week2,Truro,Week5,273.0 Poplar Tree - 129.0 Truro
Poplar Tree,Week2,Truro,Week4,267.0 Poplar Tree - 135.0 Truro
Ravensworth Farm,Week1,Long Branch,Week5,261.0 Ravensworth Farm - 141.0 Long Branch
Poplar Tree,Week2,Orange Hunt,Week5,215.0 Orange Hunt - 187.0 Poplar Tree
Poplar Tree,Week4,Truro,Week4,248.0 Poplar Tree - 154.0 Truro
Poplar Tree,Week5,Mosby Woods,Week1,231.0 Mosby Woods - 171.0 Poplar Tree
Poplar Tree,Week3,Mosby Woods,Week4,212.0 Mosby Woods - 190.0 Poplar Tree
Poplar Tree,Week2,Tuckahoe,Week4,316.0 Tuckahoe - 86.0 Poplar Tree
Poplar Tree,Week4,Orange Hunt,Week5,214.0 Orange Hunt - 188.0 Poplar Tree
Poplar Tree,Week4,Mosby Woods,Week3,230.0 Mosby Woods - 172.0 Poplar Tree
Poplar Tree,Week2,North Springfield,Week4,299.0 Poplar Tree - 87.0 North Springfield
Poplar Tree,Week2,Mosby Woods,Week2,240.0 Mosby Woods - 162.0 Poplar Tree
Ravensworth Farm,Week5,Little Rocky Run,Week2,214.0 Little Rocky Run - 188.0 Ravensworth Farm
Poplar Tree,Week3,North Springfield,Week2,312.0 Poplar Tree - 75.0 North Springfield
Ravensworth Farm,Week3,Riverside Gardens,Week3,245.0 Riverside Gardens - 157.0 Ravensworth Farm
Ravensworth Farm,Week4,Little Rocky Run,Week1,221.5 Little Rocky Run - 180.5 Ravensworth Farm
Poplar Tree,Week4,Mosby Woods,Week5,226.0 Mosby Woods - 176.0 Poplar Tree
Poplar Tree,Week2,Overlee,Week1,297.0 Overlee - 105.0 Poplar Tree
Poplar Tree,Week3,Mosby Woods,Week1,240.0 Mosby Woods - 162.0 Poplar Tree
Poplar Tree,Week2,North Springfield,Week5,255.0 Poplar Tree - 118.0 North Springfield
Poplar Tree,Week3,Tuckahoe,Week1,280.0 Tuckahoe - 122.0 Poplar Tree
Poplar Tree,Week4,Tuckahoe,Week3,321.0 Tuckahoe - 81.0 Poplar Tree
Poplar Tree,Week1,Overlee,Week5,313.0 Overlee - 89.0 Poplar Tree
Ravensworth Farm,Week3,Riverside Gardens,Week4,238.0 Riverside Gardens - 164.0 Ravensworth Farm
Ravensworth Farm,Week2,Riverside Gardens,Week3,272.0 Riverside Gardens - 130.0 Ravensworth Farm
Poplar Tree,Week1,North Springfield,Week5,273.0 Poplar Tree - 98.0 North Springfield
Poplar Tree,Week1,Tuckahoe,Week1,281.0 Tuckahoe - 121.0 Poplar Tree
Ravensworth Farm,Week1,Long Branch,Week3,277.0 Ravensworth Farm - 125.0 Long Branch
Poplar Tree,Week1,Overlee,Week3,280.0 Overlee - 122.0 Poplar Tree
Ravensworth Farm,Week3,Mansion House,Week4,224.0 Ravensworth Farm - 178.0 Mansion House
Poplar Tree,Week3,Oakton ,Week1,243.0 Oakton - 159.0 Poplar Tree
Poplar Tree,Week5,McLean,Week5,242.0 McLean - 160.0 Poplar Tree
Poplar Tree,Week5,Truro,Week2,318.0 Poplar Tree - 84.0 Truro
Poplar Tree,Week4,Tuckahoe,Week1,283.0 Tuckahoe - 119.0 Poplar Tree
Poplar Tree,Week2,Mosby Woods,Week5,229.0 Mosby Woods - 173.0 Poplar Tree
Ravensworth Farm,Week3,Riverside Gardens,Week5,238.0 Riverside Gardens - 164.0 Ravensworth Farm
Ravensworth Farm,Week1,Riverside Gardens,Week5,262.0 Riverside Gardens - 140.0 Ravensworth Farm
Ravensworth Farm,Week3,Long Branch,Week5,264.0 Ravensworth Farm - 137.0 Long Branch
Ravensworth Farm,Week2,Mansion House,Week1,232.0 Mansion House - 170.0 Ravensworth Farm
Poplar Tree,Week5,Mosby Woods,Week3,215.0 Mosby Woods - 187.0 Poplar Tree
Poplar Tree,Week4,Tuckahoe,Week5,302.0 Tuckahoe - 100.0 Poplar Tree
Poplar Tree,Week3,North Springfield,Week4,309.0 Poplar Tree - 79.0 North Springfield
Ravensworth Farm,Week5,Ravensworth Farm,Week2,260.0 Ravensworth Farm (R1) - 142.0 Ravensworth Farm (R2)
Poplar Tree,Week5,Mosby Woods,Week2,226.0 Mosby Woods - 176.0 Poplar Tree
Poplar Tree,Week2,Tuckahoe,Week1,292.5 Tuckahoe - 109.5 Poplar Tree
Poplar Tree,Week2,Oakton ,Week3,250.0 Oakton - 147.0 Poplar Tree
Poplar Tree,Week3,Orange Hunt,Week4,216.0 Poplar Tree - 186.0 Orange Hunt
Poplar Tree,Week1,North Springfield,Week2,307.0 Poplar Tree - 79.0 North Springfield
Ravensworth Farm,Week1,Long Branch,Week4,269.0 Ravensworth Farm - 133.0 Long Branch
Poplar Tree,Week1,Oakton ,Week4,244.0 Oakton - 158.0 Poplar Tree
Ravensworth Farm,Week4,Riverside Gardens,Week2,218.0 Riverside Gardens - 184.0 Ravensworth Farm
Poplar Tree,Week2,North Springfield,Week3,282.0 Poplar Tree - 114.0 North Springfield
Poplar Tree,Week4,Tuckahoe,Week2,294.0 Tuckahoe - 108.0 Poplar Tree
Poplar Tree,Week5,McLean,Week4,235.0 McLean - 167.0 Poplar Tree
Poplar Tree,Week2,Tuckahoe,Week3,321.0 Tuckahoe - 81.0 Poplar Tree
Ravensworth Farm,Week4,Riverside Gardens,Week1,229.0 Riverside Gardens - 173.0 Ravensworth Farm
Ravensworth Farm,Week5,Long Branch,Week1,285.0 Ravensworth Farm - 117.0 Long Branch
Ravensworth Farm,Week2,Long Branch,Week3,257.0 Ravensworth Farm - 144.0 Long Branch
Ravensworth Farm,Week2,Mansion House,Week4,213.0 Mansion House - 189.0 Ravensworth Farm
Ravensworth Farm,Week1,Riverside Gardens,Week3,236.5 Riverside Gardens - 165.5 Ravensworth Farm
Ravensworth Farm,Week5,Ravensworth Farm,Week5,201.0 Ravensworth Farm (R1) - 201.0 Ravensworth Farm (R2)
Poplar Tree,Week5,Truro,Week4,290.0 Poplar Tree - 112.0 Truro
Poplar Tree,Week3,Tuckahoe,Week3,312.0 Tuckahoe - 90.0 Poplar Tree
Poplar Tree,Week2,Oakton ,Week4,252.0 Oakton - 150.0 Poplar Tree
Poplar Tree,Week2,North Springfield,Week1,279.0 Poplar Tree - 72.0 North Springfield
Ravensworth Farm,Week3,Riverside Gardens,Week2,210.0 Riverside Gardens - 192.0 Ravensworth Farm
Poplar Tree,Week5,North Springfield,Week3,322.0 Poplar Tree - 73.0 North Springfield
Ravensworth Farm,Week5,Long Branch,Week5,270.0 Ravensworth Farm - 132.0 Long Branch
Poplar Tree,Week5,Truro,Week5,305.0 Poplar Tree - 97.0 Truro
Poplar Tree,Week5,Truro,Week3,308.0 Poplar Tree - 94.0 Truro
Poplar Tree,Week1,North Springfield,Week4,312.0 Poplar Tree - 75.0 North Springfield
Poplar Tree,Week1,Tuckahoe,Week4,301.0 Tuckahoe - 101.0 Poplar Tree
Poplar Tree,Week5,Truro,Week1,306.0 Poplar Tree - 96.0 Truro
Ravensworth Farm,Week5,Riverside Gardens,Week2,212.0 Riverside Gardens - 190.0 Ravensworth Farm
Poplar Tree,Week1,Tuckahoe,Week5,290.0 Tuckahoe - 112.0 Poplar Tree
Ravensworth Farm,Week2,Mansion House,Week3,238.0 Mansion House - 164.0 Ravensworth Farm
Ravensworth Farm,Week2,Rolling Forest,Week4,203.0 Ravensworth Farm - 199.0 Rolling Forest
Ravensworth Farm,Week1,Mansion House,Week4,215.0 Ravensworth Farm - 187.0 Mansion House
Ravensworth Farm,Week1,Mansion House,Week5,229.0 Mansion House - 173.0 Ravensworth Farm
Poplar Tree,Week2,Oakton ,Week2,258.0 Oakton - 139.0 Poplar Tree
Ravensworth Farm,Week5,Riverside Gardens,Week1,218.0 Riverside Gardens - 184.0 Ravensworth Farm
Poplar Tree,Week2,Tuckahoe,Week2,297.0 Tuckahoe - 105.0 Poplar Tree
Poplar Tree,Week3,Tuckahoe,Week2,282.0 Tuckahoe - 120.0 Poplar Tree
Ravensworth Farm,Week4,Rolling Forest,Week2,230.0 Ravensworth Farm - 172.0 Rolling Forest
Poplar Tree,Week1,Tuckahoe,Week3,316.0 Tuckahoe - 86.0 Poplar Tree
Ravensworth Farm,Week2,Rolling Forest,Week3,226.0 Rolling Forest - 176.0 Ravensworth Farm
Ravensworth Farm,Week4,Long Branch,Week1,257.0 Ravensworth Farm - 145.0 Long Branch
Ravensworth Farm,Week4,Mansion House,Week2,204.0 Ravensworth Farm - 198.0 Mansion House
Ravensworth Farm,Week1,Mansion House,Week1,207.0 Mansion House - 195.0 Ravensworth Farm
Poplar Tree,Week1,North Springfield,Week1,294.0 Poplar Tree - 55.0 North Springfield
Poplar Tree,Week2,Oakton ,Week1,253.0 Oakton - 149.0 Poplar Tree
Poplar Tree,Week4,Tuckahoe,Week4,308.0 Tuckahoe - 94.0 Poplar Tree
Poplar Tree,Week1,Oakton ,Week1,232.0 Oakton - 170.0 Poplar Tree
Poplar Tree,Week1,Tuckahoe,Week2,287.0 Tuckahoe - 115.0 Poplar Tree
Ravensworth Farm,Week4,Ravensworth Farm,Week4,198.5 Ravensworth Farm (R1) - 198.5 Ravensworth Farm (R2)
Poplar Tree,Week3,North Springfield,Week3,305.0 Poplar Tree - 88.0 North Springfield
Ravensworth Farm,Week1,Rolling Forest,Week1,235.0 Ravensworth Farm - 167.0 Rolling Forest
Poplar Tree,Week3,Tuckahoe,Week5,294.0 Tuckahoe - 108.0 Poplar Tree
Ravensworth Farm,Week4,Mansion House,Week4,205.0 Ravensworth Farm - 197.0 Mansion House
Ravensworth Farm,Week2,Rolling Forest,Week1,201.5 Ravensworth Farm - 200.5 Rolling Forest
Poplar Tree,Week5,North Springfield,Week2,319.0 Poplar Tree - 68.0 North Springfield
Ravensworth Farm,Week5,Ravensworth Farm,Week1,219.5 Ravensworth Farm (R1) - 182.5 Ravensworth Farm (R2)
Ravensworth Farm,Week4,Riverside Gardens,Week5,244.0 Riverside Gardens - 158.0 Ravensworth Farm
Ravensworth Farm,Week4,Long Branch,Week5,266.0 Ravensworth Farm - 136.0 Long Branch
Poplar Tree,Week1,North Springfield,Week3,293.0 Poplar Tree - 99.0 North Springfield
Ravensworth Farm,Week2,Mansion House,Week2,215.0 Mansion House - 187.0 Ravensworth Farm
Ravensworth Farm,Week5,Long Branch,Week2,272.0 Ravensworth Farm - 130.0 Long Branch
Ravensworth Farm,Week4,Riverside Gardens,Week3,240.0 Riverside Gardens - 162.0 Ravensworth Farm
Poplar Tree,Week4,North Springfield,Week1,281.0 Poplar Tree - 69.0 North Springfield
Ravensworth Farm,Week3,Long Branch,Week2,270.0 Ravensworth Farm - 131.0 Long Branch
Ravensworth Farm,Week1,Mansion House,Week3,218.0 Mansion House - 184.0 Ravensworth Farm
Poplar Tree,Week5,North Springfield,Week1,295.0 Poplar Tree - 54.0 North Springfield
Poplar Tree,Week2,North Springfield,Week2,291.0 Poplar Tree - 97.0 North Springfield
Ravensworth Farm,Week2,Rolling Forest,Week5,225.5 Rolling Forest - 176.5 Ravensworth Farm
Ravensworth Farm,Week5,Long Branch,Week4,281.0 Ravensworth Farm - 121.0 Long Branch
Ravensworth Farm,Week3,Long Branch,Week3,280.0 Ravensworth Farm - 122.0 Long Branch
Poplar Tree,Week4,North Springfield,Week3,294.0 Poplar Tree - 98.0 North Springfield
Poplar Tree,Week5,Tuckahoe,Week3,320.0 Tuckahoe - 82.0 Poplar Tree
Poplar Tree,Week3,North Springfield,Week1,299.0 Poplar Tree - 52.0 North Springfield
Ravensworth Farm,Week5,Long Branch,Week3,282.5 Ravensworth Farm - 119.5 Long Branch
Poplar Tree,Week5,Tuckahoe,Week2,289.0 Tuckahoe - 113.0 Poplar Tree
Ravensworth Farm,Week3,Rolling Forest,Week4,247.0 Ravensworth Farm - 155.0 Rolling Forest
Ravensworth Farm,Week3,Rolling Forest,Week3,218.0 Ravensworth Farm - 184.0 Rolling Forest
Poplar Tree,Week2,Tuckahoe,Week5,306.0 Tuckahoe - 96.0 Poplar Tree
Poplar Tree,Week5,North Springfield,Week5,285.0 Poplar Tree - 88.0 North Springfield
Poplar Tree,Week3,Tuckahoe,Week4,300.0 Tuckahoe - 102.0 Poplar Tree
Ravensworth Farm,Week4,Rolling Forest,Week4,223.0 Ravensworth Farm - 179.0 Rolling Forest
Ravensworth Farm,Week4,Long Branch,Week2,262.0 Ravensworth Farm - 140.0 Long Branch
Ravensworth Farm,Week4,Rolling Forest,Week5,206.0 Ravensworth Farm - 196.0 Rolling Forest
Poplar Tree,Week4,North Springfield,Week4,299.0 Poplar Tree - 88.0 North Springfield
Poplar Tree,Week1,Oakton ,Week5,243.0 Oakton - 159.0 Poplar Tree
Ravensworth Farm,Week3,Rolling Forest,Week2,248.0 Ravensworth Farm - 154.0 Rolling Forest
Poplar Tree,Week1,Vienna Woods,Week5,282.0 Vienna Woods - 120.0 Poplar Tree
Ravensworth Farm,Week3,Mansion House,Week1,213.0 Ravensworth Farm - 189.0 Mansion House
Ravensworth Farm,Week3,Long Branch,Week4,268.0 Ravensworth Farm - 134.0 Long Branch
Poplar Tree,Week4,Vienna Aquatic,Week3,254.0 Vienna Aquatic - 148.0 Poplar Tree
Poplar Tree,Week4,North Springfield,Week2,285.0 Poplar Tree - 101.0 North Springfield
Poplar Tree,Week1,Oakton ,Week3,241.0 Oakton - 161.0 Poplar Tree
Ravensworth Farm,Week1,Rolling Forest,Week5,219.0 Ravensworth Farm - 183.0 Rolling Forest
Ravensworth Farm,Week3,Long Branch,Week1,285.0 Ravensworth Farm - 116.0 Long Branch
Ravensworth Farm,Week4,Rolling Forest,Week1,230.0 Ravensworth Farm - 172.0 Rolling Forest
Poplar Tree,Week1,Vienna Woods,Week3,261.0 Vienna Woods - 141.0 Poplar Tree
Poplar Tree,Week5,Newington Forest,Week1,332.0 Poplar Tree - 70.0 Newington Forest
Ravensworth Farm,Week3,Rolling Forest,Week1,248.0 Ravensworth Farm - 154.0 Rolling Forest
Poplar Tree,Week5,Vienna Aquatic,Week5,262.0 Vienna Aquatic - 140.0 Poplar Tree
Ravensworth Farm,Week2,Rolling Forest,Week2,208.0 Ravensworth Farm - 194.0 Rolling Forest
Ravensworth Farm,Week1,Mansion House,Week2,209.0 Mansion House - 193.0 Ravensworth Farm
Ravensworth Farm,Week2,Mansion House,Week5,232.0 Mansion House - 170.0 Ravensworth Farm
Poplar Tree,Week5,Vienna Aquatic,Week3,241.0 Vienna Aquatic - 161.0 Poplar Tree
Ravensworth Farm,Week5,Riverside Gardens,Week4,229.0 Riverside Gardens - 173.0 Ravensworth Farm
Poplar Tree,Week1,Oakton ,Week2,252.0 Oakton - 150.0 Poplar Tree
Poplar Tree,Week2,Vienna Aquatic,Week2,254.0 Vienna Aquatic - 148.0 Poplar Tree
Poplar Tree,Week4,North Springfield,Week5,254.0 Poplar Tree - 119.0 North Springfield
Ravensworth Farm,Week1,Rolling Forest,Week4,229.0 Ravensworth Farm - 173.0 Rolling Forest
Ravensworth Farm,Week4,Long Branch,Week4,262.0 Ravensworth Farm - 140.0 Long Branch
Poplar Tree,Week5,North Springfield,Week4,330.0 Poplar Tree - 60.0 North Springfield
Poplar Tree,Week4,Newington Forest,Week3,273.0 Poplar Tree - 129.0 Newington Forest
Poplar Tree,Week2,Vienna Aquatic,Week5,280.5 Vienna Aquatic - 121.5 Poplar Tree
Ravensworth Farm,Week4,Long Branch,Week3,263.0 Ravensworth Farm - 139.0 Long Branch
Poplar Tree,Week2,Vienna Aquatic,Week4,245.0 Vienna Aquatic - 152.0 Poplar Tree
Poplar Tree,Week5,Newington Forest,Week3,304.0 Poplar Tree - 98.0 Newington Forest
Poplar Tree,Week3,Newington Forest,Week1,310.0 Poplar Tree - 91.0 Newington Forest
Poplar Tree,Week4,Vienna Aquatic,Week1,233.0 Vienna Aquatic - 169.0 Poplar Tree
Ravensworth Farm,Week3,Mansion House,Week3,202.0 Mansion House - 200.0 Ravensworth Farm
Poplar Tree,Week5,Newington Forest,Week4,307.0 Poplar Tree - 95.0 Newington Forest
Poplar Tree,Week5,Vienna Aquatic,Week1,222.0 Vienna Aquatic - 180.0 Poplar Tree
Poplar Tree,Week4,Oakton ,Week2,263.0 Oakton - 139.0 Poplar Tree
Ravensworth Farm,Week1,Rolling Forest,Week3,210.0 Ravensworth Farm - 192.0 Rolling Forest
Poplar Tree,Week3,Oakton ,Week5,249.0 Oakton - 153.0 Poplar Tree
Poplar Tree,Week1,Vienna Aquatic,Week3,247.0 Vienna Aquatic - 155.0 Poplar Tree
Poplar Tree,Week2,Newington Forest,Week1,303.0 Poplar Tree - 98.0 Newington Forest
Poplar Tree,Week3,Oakton ,Week2,255.0 Oakton - 147.0 Poplar Tree
Ravensworth Farm,Week3,Mansion House,Week5,205.0 Mansion House - 197.0 Ravensworth Farm
Poplar Tree,Week4,Oakton ,Week5,254.0 Oakton - 148.0 Poplar Tree
Poplar Tree,Week5,Newington Forest,Week5,295.5 Poplar Tree - 106.5 Newington Forest
Poplar Tree,Week3,Vienna Aquatic,Week5,278.0 Vienna Aquatic - 124.0 Poplar Tree
Ravensworth Farm,Week1,Rolling Forest,Week2,232.0 Ravensworth Farm - 170.0 Rolling Forest
Ravensworth Farm,Week2,Mantua,Week2,231.0 Mantua - 171.0 Ravensworth Farm
Ravensworth Farm,Week5,Mantua,Week4,215.0 Mantua - 187.0 Ravensworth Farm
Poplar Tree,Week2,Oakton ,Week5,258.0 Oakton - 139.0 Poplar Tree
Poplar Tree,Week5,Oakton ,Week3,217.0 Oakton - 185.0 Poplar Tree
Poplar Tree,Week4,Oakton ,Week4,256.0 Oakton - 146.0 Poplar Tree
Poplar Tree,Week4,Oakton ,Week3,239.0 Oakton - 163.0 Poplar Tree
Ravensworth Farm,Week5,Mantua,Week1,202.0 Mantua - 200.0 Ravensworth Farm
Poplar Tree,Week3,Oakton ,Week3,236.5 Oakton - 165.5 Poplar Tree
Ravensworth Farm,Week3,Rolling Forest,Week5,223.0 Ravensworth Farm - 179.0 Rolling Forest
Ravensworth Farm,Week4,Mansion House,Week1,210.0 Mansion House - 192.0 Ravensworth Farm
Ravensworth Farm,Week2,Mantua,Week5,272.0 Mantua - 130.0 Ravensworth Farm
Poplar Tree,Week5,Vienna Aquatic,Week2,222.0 Vienna Aquatic - 180.0 Poplar Tree
Poplar Tree,Week2,Newington Forest,Week5,264.0 Poplar Tree - 138.0 Newington Forest
Poplar Tree,Week3,Vienna Aquatic,Week3,243.5 Vienna Aquatic - 158.5 Poplar Tree
Poplar Tree,Week5,Oakton ,Week1,207.0 Oakton - 195.0 Poplar Tree
Ravensworth Farm,Week3,Mansion House,Week2,217.0 Ravensworth Farm - 184.0 Mansion House
Poplar Tree,Week3,Vienna Aquatic,Week2,232.0 Vienna Aquatic - 170.0 Poplar Tree
Poplar Tree,Week3,Oakton ,Week4,239.0 Oakton - 163.0 Poplar Tree
Ravensworth Farm,Week4,Mansion House,Week3,220.0 Mansion House - 182.0 Ravensworth Farm
Poplar Tree,Week1,Vienna Woods,Week1,259.0 Vienna Woods - 143.0 Poplar Tree
Ravensworth Farm,Week4,Rolling Forest,Week3,207.0 Ravensworth Farm - 195.0 Rolling Forest
Poplar Tree,Week4,Newington Forest,Week5,253.0 Poplar Tree - 149.0 Newington Forest
Poplar Tree,Week1,Newington Forest,Week4,277.0 Poplar Tree - 125.0 Newington Forest
Poplar Tree,Week5,Vienna Aquatic,Week4,224.0 Vienna Aquatic - 178.0 Poplar Tree
Poplar Tree,Week4,Oakton ,Week1,244.0 Oakton - 158.0 Poplar Tree
Poplar Tree,Week1,Vienna Aquatic,Week5,285.0 Vienna Aquatic - 117.0 Poplar Tree
Poplar Tree,Week4,Newington Forest,Week4,253.0 Poplar Tree - 149.0 Newington Forest
Ravensworth Farm,Week5,Mansion House,Week3,208.0 Ravensworth Farm - 194.0 Mansion House
Poplar Tree,Week4,Newington Forest,Week2,286.0 Poplar Tree - 115.0 Newington Forest
Ravensworth Farm,Week1,McLean,Week1,266.0 McLean - 136.0 Ravensworth Farm
Poplar Tree,Week4,Vienna Aquatic,Week5,263.5 Vienna Aquatic - 138.5 Poplar Tree
Ravensworth Farm,Week5,Riverside Gardens,Week5,229.0 Riverside Gardens - 173.0 Ravensworth Farm
Poplar Tree,Week1,Newington Forest,Week1,311.0 Poplar Tree - 90.0 Newington Forest
Poplar Tree,Week1,Old Keene Mill,Week1,287.0 Poplar Tree - 114.0 Old Keene Mill
Poplar Tree,Week5,Newington Forest,Week2,318.0 Poplar Tree - 84.0 Newington Forest
Poplar Tree,Week1,Newington Forest,Week5,271.0 Poplar Tree - 131.0 Newington Forest
Ravensworth Farm,Week3,Mantua,Week1,213.0 Mantua - 189.0 Ravensworth Farm
Ravensworth Farm,Week5,Mansion House,Week5,204.0 Mansion House - 198.0 Ravensworth Farm
Ravensworth Farm,Week3,Mantua,Week2,212.0 Ravensworth Farm - 190.0 Mantua
Poplar Tree,Week5,Oakton ,Week4,218.0 Oakton - 184.0 Poplar Tree
Poplar Tree,Week3,Vienna Aquatic,Week1,233.0 Vienna Aquatic - 169.0 Poplar Tree
Poplar Tree,Week5,Mount Vernon Park,Week5,223.0 Mount Vernon Park - 179.0 Poplar Tree
Ravensworth Farm,Week5,Mansion House,Week4,233.0 Ravensworth Farm - 169.0 Mansion House
Poplar Tree,Week5,Tuckahoe,Week5,299.0 Tuckahoe - 103.0 Poplar Tree
Poplar Tree,Week1,Newington Forest,Week2,291.5 Poplar Tree - 109.5 Newington Forest
Poplar Tree,Week1,Vienna Aquatic,Week2,244.0 Vienna Aquatic - 158.0 Poplar Tree
Poplar Tree,Week1,Vienna Aquatic,Week1,228.0 Vienna Aquatic - 174.0 Poplar Tree
Poplar Tree,Week2,Vienna Aquatic,Week1,248.0 Vienna Aquatic - 154.0 Poplar Tree
Poplar Tree,Week2,Newington Forest,Week2,294.0 Poplar Tree - 106.0 Newington Forest
Poplar Tree,Week5,Oakton ,Week5,233.0 Oakton - 169.0 Poplar Tree
Poplar Tree,Week5,Oakton ,Week2,224.0 Oakton - 178.0 Poplar Tree
Ravensworth Farm,Week1,Mantua,Week3,261.5 Mantua - 140.5 Ravensworth Farm
Ravensworth Farm,Week3,Mantua,Week3,233.5 Mantua - 168.5 Ravensworth Farm
Poplar Tree,Week5,Vienna Woods,Week2,237.0 Vienna Woods - 165.0 Poplar Tree
Poplar Tree,Week4,Newington Forest,Week1,288.0 Poplar Tree - 112.0 Newington Forest
Ravensworth Farm,Week4,Mantua,Week3,248.0 Mantua - 154.0 Ravensworth Farm
Poplar Tree,Week2,Vienna Aquatic,Week3,260.0 Vienna Aquatic - 142.0 Poplar Tree
Poplar Tree,Week4,Vienna Aquatic,Week2,240.0 Vienna Aquatic - 162.0 Poplar Tree
Ravensworth Farm,Week4,Mantua,Week5,250.5 Mantua - 151.5 Ravensworth Farm
Poplar Tree,Week1,Vienna Aquatic,Week4,242.0 Vienna Aquatic - 160.0 Poplar Tree
Ravensworth Farm,Week2,Mantua,Week3,266.0 Mantua - 136.0 Ravensworth Farm
Ravensworth Farm,Week4,Mantua,Week2,209.0 Mantua - 193.0 Ravensworth Farm
Ravensworth Farm,Week3,Mantua,Week4,210.0 Mantua - 192.0 Ravensworth Farm
Poplar Tree,Week3,Newington Forest,Week4,268.0 Poplar Tree - 134.0 Newington Forest
Poplar Tree,Week2,Newington Forest,Week4,270.0 Poplar Tree - 127.0 Newington Forest
Poplar Tree,Week1,Vienna Woods,Week4,235.5 Vienna Woods - 166.5 Poplar Tree
Poplar Tree,Week5,Vienna Woods,Week3,252.0 Vienna Woods - 150.0 Poplar Tree
Poplar Tree,Week3,Vienna Aquatic,Week4,238.0 Vienna Aquatic - 164.0 Poplar Tree
Poplar Tree,Week1,Newington Forest,Week3,275.0 Poplar Tree - 127.0 Newington Forest
Poplar Tree,Week2,Newington Forest,Week3,280.0 Poplar Tree - 122.0 Newington Forest
Ravensworth Farm,Week1,Mantua,Week2,206.0 Mantua - 196.0 Ravensworth Farm
Poplar Tree,Week4,Vienna Aquatic,Week4,247.0 Vienna Aquatic - 155.0 Poplar Tree
Ravensworth Farm,Week1,Mantua,Week5,253.0 Mantua - 149.0 Ravensworth Farm
Ravensworth Farm,Week2,Mantua,Week1,244.0 Mantua - 157.0 Ravensworth Farm
Ravensworth Farm,Week4,Mansion House,Week5,221.0 Mansion House - 181.0 Ravensworth Farm
Poplar Tree,Week1,Old Keene Mill,Week3,271.0 Poplar Tree - 131.0 Old Keene Mill
Poplar Tree,Week1,Vienna Woods,Week2,249.0 Vienna Woods - 153.0 Poplar Tree
Poplar Tree,Week3,Newington Forest,Week5,274.0 Poplar Tree - 128.0 Newington Forest
Poplar Tree,Week3,Newington Forest,Week3,296.0 Poplar Tree - 106.0 Newington Forest
Poplar Tree,Week3,Newington Forest,Week2,306.0 Poplar Tree - 96.0 Newington Forest
Poplar Tree,Week1,Old Keene Mill,Week2,277.0 Poplar Tree - 124.0 Old Keene Mill
Ravensworth Farm,Week5,Mansion House,Week1,226.0 Ravensworth Farm - 176.0 Mansion House
Poplar Tree,Week5,Vienna Woods,Week1,247.5 Vienna Woods - 154.5 Poplar Tree
Ravensworth Farm,Week5,Mansion House,Week2,223.0 Ravensworth Farm - 179.0 Mansion House
Poplar Tree,Week1,Villa Aquatic,Week5,218.5 Poplar Tree - 183.5 Villa Aquatic
Poplar Tree,Week1,Villa Aquatic,Week3,216.0 Poplar Tree - 186.0 Villa Aquatic
Ravensworth Farm,Week5,McLean,Week4,256.0 McLean - 146.0 Ravensworth Farm
Ravensworth Farm,Week3,Mantua,Week5,242.0 Mantua - 160.0 Ravensworth Farm
Ravensworth Farm,Week3,McLean,Week2,263.0 McLean - 139.0 Ravensworth Farm
Ravensworth Farm,Week1,Mantua,Week1,230.0 Mantua - 172.0 Ravensworth Farm
Ravensworth Farm,Week3,McLean,Week4,247.0 McLean - 155.0 Ravensworth Farm
Poplar Tree,Week3,Villa Aquatic,Week2,250.0 Poplar Tree - 152.0 Villa Aquatic
Ravensworth Farm,Week5,McLean,Week5,273.5 McLean - 128.5 Ravensworth Farm
Ravensworth Farm,Week5,Mantua,Week3,228.5 Mantua - 173.5 Ravensworth Farm
Poplar Tree,Week2,Villa Aquatic,Week4,222.0 Poplar Tree - 180.0 Villa Aquatic
Ravensworth Farm,Week2,Mantua,Week4,255.5 Mantua - 146.5 Ravensworth Farm
Poplar Tree,Week2,Vienna Woods,Week2,259.0 Vienna Woods - 143.0 Poplar Tree
Ravensworth Farm,Week4,Mantua,Week1,229.0 Mantua - 173.0 Ravensworth Farm
Ravensworth Farm,Week1,McLean,Week4,272.0 McLean - 130.0 Ravensworth Farm
Ravensworth Farm,Week2,McLean,Week2,300.0 McLean - 102.0 Ravensworth Farm
Poplar Tree,Week2,Vienna Woods,Week4,249.0 Vienna Woods - 153.0 Poplar Tree
Poplar Tree,Week1,Villa Aquatic,Week2,247.0 Poplar Tree - 155.0 Villa Aquatic
Poplar Tree,Week3,Vienna Woods,Week2,247.0 Vienna Woods - 155.0 Poplar Tree
Ravensworth Farm,Week4,Mantua,Week4,224.0 Mantua - 178.0 Ravensworth Farm
Ravensworth Farm,Week5,Mantua,Week2,203.0 Mantua - 199.0 Ravensworth Farm
Ravensworth Farm,Week1,McLean,Week3,276.0 McLean - 126.0 Ravensworth Farm
Ravensworth Farm,Week5,Mantua,Week5,230.0 Mantua - 172.0 Ravensworth Farm
Poplar Tree,Week3,Vienna Woods,Week1,261.0 Vienna Woods - 141.0 Poplar Tree
Poplar Tree,Week4,Vienna Woods,Week4,251.0 Vienna Woods - 151.0 Poplar Tree
Poplar Tree,Week5,Vienna Woods,Week4,213.0 Vienna Woods - 189.0 Poplar Tree
Poplar Tree,Week4,Vienna Woods,Week3,274.0 Vienna Woods - 128.0 Poplar Tree
Ravensworth Farm,Week2,McLean,Week4,300.0 McLean - 102.0 Ravensworth Farm
Poplar Tree,Week2,Vienna Woods,Week3,288.0 Vienna Woods - 114.0 Poplar Tree
Poplar Tree,Week1,Villa Aquatic,Week4,231.0 Poplar Tree - 171.0 Villa Aquatic
Poplar Tree,Week5,Vienna Woods,Week5,269.0 Vienna Woods - 133.0 Poplar Tree
Poplar Tree,Week3,Vienna Woods,Week4,234.0 Vienna Woods - 168.0 Poplar Tree
Poplar Tree,Week2,Vienna Woods,Week1,270.0 Vienna Woods - 127.0 Poplar Tree
Poplar Tree,Week4,Vienna Woods,Week5,283.0 Vienna Woods - 119.0 Poplar Tree
Ravensworth Farm,Week2,McLean,Week5,293.0 McLean - 109.0 Ravensworth Farm
Ravensworth Farm,Week1,Mosby Woods,Week5,229.0 Mosby Woods - 173.0 Ravensworth Farm
Ravensworth Farm,Week2,Mosby Woods,Week2,267.0 Mosby Woods - 135.0 Ravensworth Farm
Poplar Tree,Week1,Villa Aquatic,Week1,258.0 Poplar Tree - 144.0 Villa Aquatic
Poplar Tree,Week3,Vienna Woods,Week3,268.0 Vienna Woods - 134.0 Poplar Tree
Poplar Tree,Week3,Vienna Woods,Week5,287.0 Vienna Woods - 115.0 Poplar Tree
Poplar Tree,Week4,Vienna Woods,Week2,259.0 Vienna Woods - 143.0 Poplar Tree
Ravensworth Farm,Week4,McLean,Week1,274.0 McLean - 128.0 Ravensworth Farm
Poplar Tree,Week2,Vienna Woods,Week5,285.0 Vienna Woods - 117.0 Poplar Tree
Ravensworth Farm,Week4,McLean,Week4,274.0 McLean - 128.0 Ravensworth Farm
Ravensworth Farm,Week1,Mantua,Week4,239.0 Mantua - 163.0 Ravensworth Farm
Poplar Tree,Week4,Vienna Woods,Week1,269.0 Vienna Woods - 133.0 Poplar Tree
Poplar Tree,Week2,Villa Aquatic,Week1,246.0 Poplar Tree - 156.0 Villa Aquatic
Ravensworth Farm,Week1,McLean,Week2,281.5 McLean - 120.5 Ravensworth Farm
Ravensworth Farm,Week1,Mosby Woods,Week3,238.0 Mosby Woods - 164.0 Ravensworth Farm
Ravensworth Farm,Week1,Mosby Woods,Week1,252.0 Mosby Woods - 150.0 Ravensworth Farm
Ravensworth Farm,Week5,McLean,Week3,270.0 McLean - 132.0 Ravensworth Farm
Poplar Tree,Week5,Villa Aquatic,Week5,242.0 Poplar Tree - 160.0 Villa Aquatic
Ravensworth Farm,Week5,McLean,Week1,259.0 McLean - 143.0 Ravensworth Farm
Poplar Tree,Week2,Village West,Week2,272.0 Poplar Tree - 130.0 Village West
Poplar Tree,Week1,Village West,Week5,299.0 Poplar Tree - 103.0 Village West
Poplar Tree,Week1,Village West,Week2,286.0 Poplar Tree - 116.0 Village West
Ravensworth Farm,Week3,McLean,Week5,267.0 McLean - 135.0 Ravensworth Farm
Poplar Tree,Week2,Villa Aquatic,Week3,202.0 Poplar Tree - 200.0 Villa Aquatic
Poplar Tree,Week3,Villa Aquatic,Week4,239.0 Poplar Tree - 163.0 Villa Aquatic
Ravensworth Farm,Week5,McLean,Week2,262.0 McLean - 140.0 Ravensworth Farm
Poplar Tree,Week3,Villa Aquatic,Week1,256.0 Poplar Tree - 146.0 Villa Aquatic
Ravensworth Farm,Week2,McLean,Week1,285.0 McLean - 117.0 Ravensworth Farm
Poplar Tree,Week3,Villa Aquatic,Week3,222.0 Poplar Tree - 180.0 Villa Aquatic
Poplar Tree,Week2,Villa Aquatic,Week2,239.0 Poplar Tree - 163.0 Villa Aquatic
Ravensworth Farm,Week4,McLean,Week3,279.0 McLean - 123.0 Ravensworth Farm
Ravensworth Farm,Week1,Mosby Woods,Week2,254.0 Mosby Woods - 148.0 Ravensworth Farm
Poplar Tree,Week2,Villa Aquatic,Week5,206.0 Poplar Tree - 196.0 Villa Aquatic
Ravensworth Farm,Week3,McLean,Week3,269.0 McLean - 133.0 Ravensworth Farm
Ravensworth Farm,Week2,Tuckahoe,Week4,336.0 Tuckahoe - 66.0 Ravensworth Farm
Ravensworth Farm,Week2,Mosby Woods,Week3,256.0 Mosby Woods - 146.0 Ravensworth Farm
Poplar Tree,Week1,Village West,Week1,302.0 Poplar Tree - 100.0 Village West
Ravensworth Farm,Week5,Hunter Mill,Week3,217.0 Hunter Mill - 185.0 Ravensworth Farm
Poplar Tree,Week5,Villa Aquatic,Week4,269.0 Poplar Tree - 133.0 Villa Aquatic
Ravensworth Farm,Week1,McLean,Week5,285.0 McLean - 117.0 Ravensworth Farm
Poplar Tree,Week3,Villa Aquatic,Week5,213.0 Poplar Tree - 189.0 Villa Aquatic
Ravensworth Farm,Week4,McLean,Week2,273.0 McLean - 129.0 Ravensworth Farm
Ravensworth Farm,Week3,McLean,Week1,251.0 McLean - 151.0 Ravensworth Farm
Poplar Tree,Week1,Village West,Week3,270.0 Poplar Tree - 132.0 Village West
Ravensworth Farm,Week4,McLean,Week5,280.0 McLean - 122.0 Ravensworth Farm
Poplar Tree,Week3,Village West,Week1,303.0 Poplar Tree - 99.0 Village West
Poplar Tree,Week1,Village West,Week4,294.0 Poplar Tree - 103.0 Village West
Poplar Tree,Week2,Village West,Week1,284.0 Poplar Tree - 118.0 Village West
Poplar Tree,Week2,Village West,Week3,267.0 Poplar Tree - 135.0 Village West
Poplar Tree,Week5,Villa Aquatic,Week3,239.0 Poplar Tree - 163.0 Villa Aquatic
Ravensworth Farm,Week1,Mosby Woods,Week4,221.0 Mosby Woods - 181.0 Ravensworth Farm
Ravensworth Farm,Week2,McLean,Week3,291.0 McLean - 110.0 Ravensworth Farm
Ravensworth Farm,Week3,Hunter Mill,Week5,241.0 Hunter Mill - 161.0 Ravensworth Farm
Ravensworth Farm,Week5,Tuckahoe,Week1,295.0 Tuckahoe - 107.0 Ravensworth Farm
Poplar Tree,Week4,Villa Aquatic,Week3,213.0 Villa Aquatic - 189.0 Poplar Tree
Poplar Tree,Week5,Villa Aquatic,Week2,271.0 Poplar Tree - 131.0 Villa Aquatic
Poplar Tree,Week2,Village West,Week5,291.0 Poplar Tree - 106.0 Village West
Ravensworth Farm,Week5,Hunt Valley,Week3,237.0 Hunt Valley - 165.0 Ravensworth Farm
Ravensworth Farm,Week3,Hunter Mill,Week3,221.5 Hunter Mill - 180.5 Ravensworth Farm
Poplar Tree,Week2,Village West,Week4,282.0 Poplar Tree - 115.0 Village West
Ravensworth Farm,Week4,Hunter Mill,Week4,239.0 Hunter Mill - 163.0 Ravensworth Farm
Ravensworth Farm,Week2,Mosby Woods,Week1,263.0 Mosby Woods - 139.0 Ravensworth Farm
Ravensworth Farm,Week5,Hunt Valley,Week2,223.0 Hunt Valley - 179.0 Ravensworth Farm
Ravensworth Farm,Week1,Tuckahoe,Week5,318.0 Tuckahoe - 84.0 Ravensworth Farm
Ravensworth Farm,Week1,Hunter Mill,Week4,238.0 Hunter Mill - 164.0 Ravensworth Farm
Ravensworth Farm,Week5,Truro,Week5,290.0 Ravensworth Farm - 112.0 Truro
Ravensworth Farm,Week5,Hunter Mill,Week1,209.0 Hunter Mill - 193.0 Ravensworth Farm
Ravensworth Farm,Week3,Hunter Mill,Week1,207.0 Hunter Mill - 195.0 Ravensworth Farm
Ravensworth Farm,Week1,Hunter Mill,Week2,214.0 Hunter Mill - 188.0 Ravensworth Farm
Ravensworth Farm,Week2,Tuckahoe,Week2,317.0 Tuckahoe - 85.0 Ravensworth Farm
Ravensworth Farm,Week2,Hunter Mill,Week1,246.0 Hunter Mill - 156.0 Ravensworth Farm
Ravensworth Farm,Week2,Tuckahoe,Week1,307.5 Tuckahoe - 94.5 Ravensworth Farm
Ravensworth Farm,Week2,Hunter Mill,Week5,272.0 Hunter Mill - 130.0 Ravensworth Farm
Ravensworth Farm,Week2,Tuckahoe,Week5,320.0 Tuckahoe - 82.0 Ravensworth Farm
Ravensworth Farm,Week5,Truro,Week1,283.0 Ravensworth Farm - 119.0 Truro
Ravensworth Farm,Week5,Hunt Valley,Week4,234.0 Hunt Valley - 168.0 Ravensworth Farm
Ravensworth Farm,Week5,Truro,Week2,326.0 Ravensworth Farm - 76.0 Truro
Ravensworth Farm,Week3,Tuckahoe,Week5,317.0 Tuckahoe - 85.0 Ravensworth Farm
Poplar Tree,Week4,Villa Aquatic,Week4,210.0 Poplar Tree - 192.0 Villa Aquatic
Ravensworth Farm,Week2,Ilda Community,Week1,263.0 Ravensworth Farm - 138.0 Ilda Community
Ravensworth Farm,Week2,Hunter Mill,Week2,246.0 Hunter Mill - 156.0 Ravensworth Farm
Poplar Tree,Week5,Villa Aquatic,Week1,271.0 Poplar Tree - 131.0 Villa Aquatic
Poplar Tree,Week4,Villa Aquatic,Week2,212.0 Poplar Tree - 190.0 Villa Aquatic
Ravensworth Farm,Week3,Tuckahoe,Week3,333.0 Tuckahoe - 69.0 Ravensworth Farm
Ravensworth Farm,Week1,Ilda Community,Week1,281.0 Ravensworth Farm - 121.0 Ilda Community
Ravensworth Farm,Week4,Hunter Mill,Week1,225.0 Hunter Mill - 177.0 Ravensworth Farm
Ravensworth Farm,Week1,Tuckahoe,Week2,316.0 Tuckahoe - 86.0 Ravensworth Farm
Ravensworth Farm,Week1,Hunter Mill,Week1,203.0 Hunter Mill - 199.0 Ravensworth Farm
Ravensworth Farm,Week2,Tuckahoe,Week3,347.0 Tuckahoe - 55.0 Ravensworth Farm
Poplar Tree,Week4,Villa Aquatic,Week1,237.0 Poplar Tree - 165.0 Villa Aquatic
Ravensworth Farm,Week1,Tuckahoe,Week4,324.0 Tuckahoe - 78.0 Ravensworth Farm
Ravensworth Farm,Week1,Hunter Mill,Week3,233.0 Hunter Mill - 169.0 Ravensworth Farm
Poplar Tree,Week4,Villa Aquatic,Week5,201.0 Poplar Tree - 201.0 Villa Aquatic
Ravensworth Farm,Week4,Tuckahoe,Week2,297.0 Tuckahoe - 105.0 Ravensworth Farm
Ravensworth Farm,Week4,Truro,Week5,274.0 Ravensworth Farm - 128.0 Truro
Ravensworth Farm,Week2,Hunter Mill,Week3,262.0 Hunter Mill - 139.0 Ravensworth Farm
Ravensworth Farm,Week2,Hunter Mill,Week4,258.0 Hunter Mill - 144.0 Ravensworth Farm
Ravensworth Farm,Week1,Tuckahoe,Week3,327.0 Tuckahoe - 75.0 Ravensworth Farm
Ravensworth Farm,Week3,Tuckahoe,Week4,319.5 Tuckahoe - 82.5 Ravensworth Farm
Ravensworth Farm,Week5,Hunter Mill,Week2,214.0 Hunter Mill - 188.0 Ravensworth Farm
Ravensworth Farm,Week4,Hunter Mill,Week3,236.5 Hunter Mill - 165.5 Ravensworth Farm
Ravensworth Farm,Week1,Hunter Mill,Week5,238.0 Hunter Mill - 164.0 Ravensworth Farm
Ravensworth Farm,Week3,Hunter Mill,Week4,222.0 Hunter Mill - 180.0 Ravensworth Farm
Ravensworth Farm,Week4,Tuckahoe,Week4,329.0 Tuckahoe - 73.0 Ravensworth Farm
Ravensworth Farm,Week4,Hunter Mill,Week2,218.0 Hunter Mill - 184.0 Ravensworth Farm
Ravensworth Farm,Week3,Hunter Mill,Week2,217.0 Hunter Mill - 185.0 Ravensworth Farm
Ravensworth Farm,Week3,Tuckahoe,Week1,300.0 Tuckahoe - 102.0 Ravensworth Farm
Ravensworth Farm,Week5,Hunt Valley,Week5,238.0 Hunt Valley - 164.0 Ravensworth Farm
Ravensworth Farm,Week5,Truro,Week3,302.0 Ravensworth Farm - 100.0 Truro
Ravensworth Farm,Week4,Truro,Week4,272.0 Ravensworth Farm - 130.0 Truro
Ravensworth Farm,Week5,Truro,Week4,283.0 Ravensworth Farm - 119.0 Truro
Ravensworth Farm,Week4,Tuckahoe,Week3,341.0 Tuckahoe - 61.0 Ravensworth Farm
Ravensworth Farm,Week4,Tuckahoe,Week1,298.0 Tuckahoe - 104.0 Ravensworth Farm
Ravensworth Farm,Week5,Hunter Mill,Week4,230.0 Hunter Mill - 172.0 Ravensworth Farm
Ravensworth Farm,Week1,Tuckahoe,Week1,309.0 Tuckahoe - 93.0 Ravensworth Farm
Ravensworth Farm,Week3,Tuckahoe,Week2,302.0 Tuckahoe - 100.0 Ravensworth Farm
Ravensworth Farm,Week3,Vienna Aquatic,Week1,263.0 Vienna Aquatic - 139.0 Ravensworth Farm
Ravensworth Farm,Week4,Hunter Mill,Week5,247.0 Hunter Mill - 155.0 Ravensworth Farm
Ravensworth Farm,Week5,Vienna Aquatic,Week3,268.0 Vienna Aquatic - 134.0 Ravensworth Farm
Ravensworth Farm,Week4,Tuckahoe,Week5,319.5 Tuckahoe - 82.5 Ravensworth Farm
Ravensworth Farm,Week1,Kent Gardens,Week4,240.0 Ravensworth Farm - 162.0 Kent Gardens
Ravensworth Farm,Week3,Vienna Aquatic,Week3,263.0 Vienna Aquatic - 139.0 Ravensworth Farm
Ravensworth Farm,Week1,Ilda Community,Week5,273.0 Ravensworth Farm - 129.0 Ilda Community
Ravensworth Farm,Week3,Ilda Community,Week1,307.0 Ravensworth Farm - 95.0 Ilda Community
Ravensworth Farm,Week3,Ilda Community,Week2,308.0 Ravensworth Farm - 94.0 Ilda Community
Ravensworth Farm,Week3,Vienna Aquatic,Week5,289.0 Vienna Aquatic - 113.0 Ravensworth Farm
Ravensworth Farm,Week1,Ilda Community,Week2,293.0 Ravensworth Farm - 109.0 Ilda Community
Ravensworth Farm,Week1,Ilda Community,Week4,274.0 Ravensworth Farm - 128.0 Ilda Community
Ravensworth Farm,Week5,Hunter Mill,Week5,237.0 Hunter Mill - 165.0 Ravensworth Farm
Ravensworth Farm,Week1,Vienna Aquatic,Week3,265.0 Vienna Aquatic - 137.0 Ravensworth Farm
Ravensworth Farm,Week5,Ilda Community,Week5,308.0 Ravensworth Farm - 94.0 Ilda Community
Ravensworth Farm,Week5,Vienna Aquatic,Week1,248.0 Vienna Aquatic - 154.0 Ravensworth Farm
Ravensworth Farm,Week1,Ilda Community,Week3,286.0 Ravensworth Farm - 116.0 Ilda Community
Ravensworth Farm,Week4,Vienna Aquatic,Week5,283.0 Vienna Aquatic - 119.0 Ravensworth Farm
Ravensworth Farm,Week1,Vienna Woods,Week1,293.0 Vienna Woods - 109.0 Ravensworth Farm
Ravensworth Farm,Week1,Vienna Aquatic,Week1,257.0 Vienna Aquatic - 145.0 Ravensworth Farm
Ravensworth Farm,Week3,Ilda Community,Week3,297.0 Ravensworth Farm - 105.0 Ilda Community
Ravensworth Farm,Week1,Vienna Aquatic,Week4,266.0 Vienna Aquatic - 136.0 Ravensworth Farm
Ravensworth Farm,Week2,Vienna Aquatic,Week5,301.0 Vienna Aquatic - 101.0 Ravensworth Farm
Ravensworth Farm,Week2,Vienna Aquatic,Week3,280.0 Vienna Aquatic - 122.0 Ravensworth Farm
Ravensworth Farm,Week5,Ilda Community,Week1,304.5 Ravensworth Farm - 97.5 Ilda Community
Ravensworth Farm,Week4,Ilda Community,Week2,305.0 Ravensworth Farm - 97.0 Ilda Community
Ravensworth Farm,Week2,Ilda Community,Week3,269.0 Ravensworth Farm - 133.0 Ilda Community
Ravensworth Farm,Week5,Tuckahoe,Week2,314.0 Tuckahoe - 88.0 Ravensworth Farm
Ravensworth Farm,Week5,Tuckahoe,Week3,330.0 Tuckahoe - 72.0 Ravensworth Farm
Ravensworth Farm,Week2,Vienna Woods,Week1,303.0 Vienna Woods - 99.0 Ravensworth Farm
Ravensworth Farm,Week5,Vienna Aquatic,Week2,251.0 Vienna Aquatic - 151.0 Ravensworth Farm
Ravensworth Farm,Week3,Ilda Community,Week4,287.0 Ravensworth Farm - 115.0 Ilda Community
Ravensworth Farm,Week5,Ilda Community,Week3,302.0 Ravensworth Farm - 100.0 Ilda Community
Ravensworth Farm,Week1,Kent Gardens,Week5,224.0 Kent Gardens - 178.0 Ravensworth Farm
Ravensworth Farm,Week4,Ilda Community,Week1,287.0 Ravensworth Farm - 114.0 Ilda Community
Ravensworth Farm,Week2,Kent Gardens,Week1,219.0 Kent Gardens - 183.0 Ravensworth Farm
Ravensworth Farm,Week2,Vienna Aquatic,Week2,263.0 Vienna Aquatic - 139.0 Ravensworth Farm
Ravensworth Farm,Week1,Vienna Aquatic,Week2,243.0 Vienna Aquatic - 159.0 Ravensworth Farm
Ravensworth Farm,Week4,Vienna Aquatic,Week3,270.0 Vienna Aquatic - 132.0 Ravensworth Farm
Ravensworth Farm,Week4,Vienna Aquatic,Week2,247.0 Vienna Aquatic - 155.0 Ravensworth Farm
Ravensworth Farm,Week1,Vienna Aquatic,Week5,290.0 Vienna Aquatic - 112.0 Ravensworth Farm
Ravensworth Farm,Week4,Vienna Aquatic,Week4,264.0 Vienna Aquatic - 138.0 Ravensworth Farm
Ravensworth Farm,Week5,Ilda Community,Week4,296.0 Ravensworth Farm - 106.0 Ilda Community
Ravensworth Farm,Week2,Kent Gardens,Week3,206.0 Ravensworth Farm - 196.0 Kent Gardens
Ravensworth Farm,Week2,Ilda Community,Week4,258.0 Ravensworth Farm - 144.0 Ilda Community
Ravensworth Farm,Week1,Kent Gardens,Week1,218.0 Ravensworth Farm - 184.0 Kent Gardens
Ravensworth Farm,Week2,Kent Gardens,Week4,209.0 Ravensworth Farm - 193.0 Kent Gardens
Ravensworth Farm,Week2,Kent Gardens,Week2,211.0 Ravensworth Farm - 191.0 Kent Gardens
Ravensworth Farm,Week1,Rolling Valley,Week4,316.0 Ravensworth Farm - 86.0 Rolling Valley
Ravensworth Farm,Week2,Vienna Woods,Week2,306.0 Vienna Woods - 96.0 Ravensworth Farm
Ravensworth Farm,Week1,Vienna Woods,Week4,268.0 Vienna Woods - 134.0 Ravensworth Farm
Ravensworth Farm,Week2,Kings Ridge ,Week4,275.0 Ravensworth Farm - 127.0 Kings Ridge
Ravensworth Farm,Week2,Rolling Hills,Week5,241.0 Ravensworth Farm - 161.0 Rolling Hills
Ravensworth Farm,Week2,Vienna Aquatic,Week4,261.0 Vienna Aquatic - 141.0 Ravensworth Farm
Ravensworth Farm,Week2,Ilda Community,Week2,277.0 Ravensworth Farm - 125.0 Ilda Community
Ravensworth Farm,Week4,Ilda Community,Week3,286.0 Ravensworth Farm - 111.0 Ilda Community
Ravensworth Farm,Week1,Kings Ridge ,Week5,282.0 Ravensworth Farm - 120.0 Kings Ridge
Ravensworth Farm,Week2,Kent Gardens,Week5,236.0 Kent Gardens - 166.0 Ravensworth Farm
Ravensworth Farm,Week3,Vienna Aquatic,Week2,246.0 Vienna Aquatic - 156.0 Ravensworth Farm
Ravensworth Farm,Week4,Ilda Community,Week5,283.5 Ravensworth Farm - 117.5 Ilda Community
Ravensworth Farm,Week1,Rolling Valley,Week1,344.0 Ravensworth Farm - 58.0 Rolling Valley
Ravensworth Farm,Week4,Rolling Hills,Week5,273.0 Ravensworth Farm - 129.0 Rolling Hills
Ravensworth Farm,Week1,Vienna Woods,Week5,320.0 Vienna Woods - 82.0 Ravensworth Farm
Ravensworth Farm,Week2,Ilda Community,Week5,253.0 Ravensworth Farm - 148.0 Ilda Community
Ravensworth Farm,Week5,Kent Gardens,Week4,257.0 Ravensworth Farm - 145.0 Kent Gardens
Ravensworth Farm,Week5,Rolling Hills,Week2,274.0 Ravensworth Farm - 128.0 Rolling Hills
Ravensworth Farm,Week5,Vienna Aquatic,Week5,277.5 Vienna Aquatic - 124.5 Ravensworth Farm
Ravensworth Farm,Week1,Kings Ridge ,Week2,300.0 Ravensworth Farm - 102.0 Kings Ridge
Ravensworth Farm,Week5,Tuckahoe,Week4,327.0 Tuckahoe - 75.0 Ravensworth Farm
Ravensworth Farm,Week4,Kent Gardens,Week4,244.0 Ravensworth Farm - 158.0 Kent Gardens
Ravensworth Farm,Week5,Rolling Hills,Week4,285.0 Ravensworth Farm - 117.0 Rolling Hills
Ravensworth Farm,Week1,Vienna Woods,Week3,306.0 Vienna Woods - 96.0 Ravensworth Farm
Ravensworth Farm,Week5,Rolling Forest,Week4,272.0 Ravensworth Farm - 130.0 Rolling Forest
Ravensworth Farm,Week5,Vienna Aquatic,Week4,241.0 Vienna Aquatic - 161.0 Ravensworth Farm
Ravensworth Farm,Week3,Kent Gardens,Week1,222.0 Ravensworth Farm - 180.0 Kent Gardens
Ravensworth Farm,Week1,Kings Ridge ,Week1,301.0 Ravensworth Farm - 101.0 Kings Ridge
Ravensworth Farm,Week3,Kings Ridge ,Week2,310.0 Ravensworth Farm - 92.0 Kings Ridge
Ravensworth Farm,Week3,Ilda Community,Week5,299.0 Ravensworth Farm - 102.0 Ilda Community
Ravensworth Farm,Week5,Rolling Forest,Week3,231.0 Ravensworth Farm - 171.0 Rolling Forest
Ravensworth Farm,Week3,Kings Ridge ,Week3,302.0 Ravensworth Farm - 100.0 Kings Ridge
Ravensworth Farm,Week3,Rolling Hills,Week1,280.0 Ravensworth Farm - 121.0 Rolling Hills
Ravensworth Farm,Week3,Vienna Aquatic,Week4,256.0 Vienna Aquatic - 146.0 Ravensworth Farm
Ravensworth Farm,Week4,Ilda Community,Week4,273.0 Ravensworth Farm - 129.0 Ilda Community
Ravensworth Farm,Week2,Vienna Aquatic,Week1,267.0 Vienna Aquatic - 135.0 Ravensworth Farm
Ravensworth Farm,Week3,Kent Gardens,Week5,204.0 Ravensworth Farm - 198.0 Kent Gardens
Ravensworth Farm,Week5,Tuckahoe,Week5,319.0 Tuckahoe - 83.0 Ravensworth Farm
Ravensworth Farm,Week3,Kings Ridge ,Week1,311.0 Ravensworth Farm - 91.0 Kings Ridge
Ravensworth Farm,Week1,Vienna Woods,Week2,287.0 Vienna Woods - 115.0 Ravensworth Farm
Ravensworth Farm,Week1,Kent Gardens,Week3,241.0 Ravensworth Farm - 161.0 Kent Gardens
Ravensworth Farm,Week1,Rolling Hills,Week3,258.0 Ravensworth Farm - 144.0 Rolling Hills
Ravensworth Farm,Week4,Kent Gardens,Week1,206.0 Kent Gardens - 196.0 Ravensworth Farm
Ravensworth Farm,Week1,Kent Gardens,Week2,239.0 Ravensworth Farm - 163.0 Kent Gardens
Ravensworth Farm,Week4,Vienna Aquatic,Week1,251.0 Vienna Aquatic - 151.0 Ravensworth Farm
Ravensworth Farm,Week4,Kent Gardens,Week3,241.0 Ravensworth Farm - 161.0 Kent Gardens
Ravensworth Farm,Week5,Ilda Community,Week2,317.0 Ravensworth Farm - 85.0 Ilda Community
Poplar Tree,Week5,Mantua,Week1,234.0 Poplar Tree - 168.0 Mantua
Ravensworth Farm,Week3,Kent Gardens,Week4,251.0 Ravensworth Farm - 151.0 Kent Gardens
Ravensworth Farm,Week3,Rolling Hills,Week3,269.0 Ravensworth Farm - 133.0 Rolling Hills
Ravensworth Farm,Week5,Kent Gardens,Week5,202.0 Ravensworth Farm - 200.0 Kent Gardens
Ravensworth Farm,Week1,Kings Ridge ,Week3,286.0 Ravensworth Farm - 116.0 Kings Ridge
Ravensworth Farm,Week4,Kent Gardens,Week5,222.0 Kent Gardens - 180.0 Ravensworth Farm
Ravensworth Farm,Week3,Rolling Hills,Week5,279.0 Ravensworth Farm - 123.0 Rolling Hills
Ravensworth Farm,Week5,Rolling Forest,Week2,258.0 Ravensworth Farm - 144.0 Rolling Forest
Ravensworth Farm,Week5,Rolling Hills,Week5,293.0 Ravensworth Farm - 109.0 Rolling Hills
Ravensworth Farm,Week5,Kent Gardens,Week2,269.0 Ravensworth Farm - 133.0 Kent Gardens
Ravensworth Farm,Week2,Rolling Hills,Week2,223.0 Ravensworth Farm - 179.0 Rolling Hills
Ravensworth Farm,Week5,Rolling Forest,Week1,251.0 Ravensworth Farm - 151.0 Rolling Forest
Ravensworth Farm,Week4,Kent Gardens,Week2,238.0 Ravensworth Farm - 164.0 Kent Gardens
Ravensworth Farm,Week2,Rolling Hills,Week3,217.0 Ravensworth Farm - 185.0 Rolling Hills
Ravensworth Farm,Week2,Kings Ridge ,Week5,258.0 Ravensworth Farm - 144.0 Kings Ridge
Ravensworth Farm,Week5,Kent Gardens,Week3,269.0 Ravensworth Farm - 133.0 Kent Gardens
Ravensworth Farm,Week3,Kent Gardens,Week2,261.0 Ravensworth Farm - 141.0 Kent Gardens
Ravensworth Farm,Week2,Rolling Hills,Week4,232.0 Ravensworth Farm - 169.0 Rolling Hills
Ravensworth Farm,Week3,Rolling Hills,Week4,282.0 Ravensworth Farm - 116.0 Rolling Hills
Ravensworth Farm,Week2,Kings Ridge ,Week2,285.0 Ravensworth Farm - 117.0 Kings Ridge
Ravensworth Farm,Week4,Rolling Hills,Week2,263.0 Ravensworth Farm - 139.0 Rolling Hills
Ravensworth Farm,Week5,Kent Gardens,Week1,236.0 Ravensworth Farm - 166.0 Kent Gardens
Ravensworth Farm,Week3,Rolling Hills,Week2,270.0 Ravensworth Farm - 132.0 Rolling Hills
Ravensworth Farm,Week4,Rolling Hills,Week4,267.0 Ravensworth Farm - 135.0 Rolling Hills
Ravensworth Farm,Week2,Rolling Hills,Week1,241.0 Ravensworth Farm - 161.0 Rolling Hills
Ravensworth Farm,Week5,Kings Ridge ,Week4,308.0 Ravensworth Farm - 94.0 Kings Ridge
Ravensworth Farm,Week4,Kings Ridge ,Week1,305.0 Ravensworth Farm - 97.0 Kings Ridge
Ravensworth Farm,Week2,Lake Braddock,Week2,306.0 Ravensworth Farm - 96.0 Lake Braddock
Ravensworth Farm,Week3,Kent Gardens,Week3,255.0 Ravensworth Farm - 147.0 Kent Gardens
Ravensworth Farm,Week5,Rolling Forest,Week5,245.0 Ravensworth Farm - 157.0 Rolling Forest
Ravensworth Farm,Week2,Kings Ridge ,Week3,275.5 Ravensworth Farm - 125.5 Kings Ridge
Ravensworth Farm,Week1,Rolling Hills,Week5,263.0 Ravensworth Farm - 139.0 Rolling Hills
Ravensworth Farm,Week2,Kings Ridge ,Week1,270.0 Ravensworth Farm - 132.0 Kings Ridge
Ravensworth Farm,Week2,Lake Braddock,Week1,317.0 Ravensworth Farm - 85.0 Lake Braddock
Ravensworth Farm,Week4,Kings Ridge ,Week4,284.0 Ravensworth Farm - 118.0 Kings Ridge
Ravensworth Farm,Week2,Lake Braddock,Week5,300.0 Ravensworth Farm - 102.0 Lake Braddock
Ravensworth Farm,Week1,Rolling Valley,Week3,298.0 Ravensworth Farm - 104.0 Rolling Valley
Ravensworth Farm,Week4,Rolling Hills,Week3,256.0 Ravensworth Farm - 146.0 Rolling Hills
Ravensworth Farm,Week1,Rolling Hills,Week2,239.0 Ravensworth Farm - 163.0 Rolling Hills
Ravensworth Farm,Week3,Rolling Valley,Week4,315.0 Ravensworth Farm - 87.0 Rolling Valley
Ravensworth Farm,Week3,Kings Ridge ,Week4,294.0 Ravensworth Farm - 108.0 Kings Ridge
Ravensworth Farm,Week2,Lake Braddock,Week4,299.0 Ravensworth Farm - 103.0 Lake Braddock
Ravensworth Farm,Week1,Rolling Hills,Week1,249.0 Ravensworth Farm - 153.0 Rolling Hills
Ravensworth Farm,Week4,Lake Braddock,Week4,330.0 Ravensworth Farm - 72.0 Lake Braddock
Ravensworth Farm,Week5,Rolling Hills,Week1,285.0 Ravensworth Farm - 117.0 Rolling Hills
Ravensworth Farm,Week5,Rolling Hills,Week3,282.0 Ravensworth Farm - 120.0 Rolling Hills
Ravensworth Farm,Week1,Rolling Valley,Week2,309.0 Ravensworth Farm - 93.0 Rolling Valley
Ravensworth Farm,Week3,Kings Ridge ,Week5,295.0 Ravensworth Farm - 107.0 Kings Ridge
Ravensworth Farm,Week3,Lake Braddock,Week2,324.0 Ravensworth Farm - 78.0 Lake Braddock
Ravensworth Farm,Week4,Rolling Hills,Week1,267.0 Ravensworth Farm - 135.0 Rolling Hills
Ravensworth Farm,Week1,Kings Ridge ,Week4,287.5 Ravensworth Farm - 114.5 Kings Ridge
Ravensworth Farm,Week1,Rolling Hills,Week4,255.0 Ravensworth Farm - 146.0 Rolling Hills
Ravensworth Farm,Week5,Rolling Valley,Week5,322.0 Ravensworth Farm - 80.0 Rolling Valley
Ravensworth Farm,Week5,Kings Ridge ,Week1,331.0 Ravensworth Farm - 71.0 Kings Ridge
Ravensworth Farm,Week3,Rolling Valley,Week1,345.0 Ravensworth Farm - 57.0 Rolling Valley
Ravensworth Farm,Week5,Kings Ridge ,Week3,308.0 Ravensworth Farm - 94.0 Kings Ridge
Poplar Tree,Week3,Poplar Heights,Week4,213.0 Poplar Tree - 189.0 Poplar Heights
Ravensworth Farm,Week1,Lake Braddock,Week4,329.0 Ravensworth Farm - 73.0 Lake Braddock
Poplar Tree,Week5,Poplar Heights,Week3,240.0 Poplar Tree - 162.0 Poplar Heights
Poplar Tree,Week3,Poplar Heights,Week3,218.0 Poplar Tree - 184.0 Poplar Heights
Ravensworth Farm,Week1,Rolling Valley,Week5,304.0 Ravensworth Farm - 98.0 Rolling Valley
Ravensworth Farm,Week1,Lake Braddock,Week3,325.0 Ravensworth Farm - 77.0 Lake Braddock
Poplar Tree,Week2,Poplar Tree,Week4,206.0 Poplar Tree (PT1) - 195.0 Poplar Tree (PT2)
Ravensworth Farm,Week1,Lake Braddock,Week2,327.0 Ravensworth Farm - 75.0 Lake Braddock
Poplar Tree,Week2,Poplar Tree,Week3,222.0 Poplar Tree (PT2) - 180.0 Poplar Tree (PT1)
Poplar Tree,Week5,Poplar Heights,Week2,241.0 Poplar Tree - 161.0 Poplar Heights
Ravensworth Farm,Week5,Lake Braddock,Week1,348.0 Ravensworth Farm - 54.0 Lake Braddock
Ravensworth Farm,Week2,Rolling Valley,Week4,293.0 Ravensworth Farm - 109.0 Rolling Valley
Poplar Tree,Week3,Poplar Tree,Week2,222.0 Poplar Tree (PT1) - 180.0 Poplar Tree (PT2)
Ravensworth Farm,Week2,Rutherford,Week2,273.0 Ravensworth Farm - 129.0 Rutherford
Ravensworth Farm,Week4,Lake Braddock,Week1,337.0 Ravensworth Farm - 65.0 Lake Braddock
Ravensworth Farm,Week2,Lake Braddock,Week3,300.0 Ravensworth Farm - 101.0 Lake Braddock
Ravensworth Farm,Week2,Camelot,Week1,220.0 Ravensworth Farm - 181.0 Camelot
Ravensworth Farm,Week4,Kings Ridge ,Week3,292.0 Ravensworth Farm - 109.0 Kings Ridge
Ravensworth Farm,Week5,Rolling Valley,Week4,326.0 Ravensworth Farm - 76.0 Rolling Valley
Ravensworth Farm,Week2,Rutherford,Week4,245.0 Ravensworth Farm - 157.0 Rutherford
Ravensworth Farm,Week3,Rolling Valley,Week3,325.0 Ravensworth Farm - 77.0 Rolling Valley
Poplar Tree,Week4,Poplar Heights,Week4,202.0 Poplar Heights - 200.0 Poplar Tree
Poplar Tree,Week4,Poplar Heights,Week3,203.0 Poplar Heights - 199.0 Poplar Tree
Ravensworth Farm,Week4,Rolling Valley,Week1,339.0 Ravensworth Farm - 63.0 Rolling Valley
Ravensworth Farm,Week4,Lake Braddock,Week3,319.0 Ravensworth Farm - 83.0 Lake Braddock
Ravensworth Farm,Week1,Rutherford,Week1,301.0 Ravensworth Farm - 101.0 Rutherford
Ravensworth Farm,Week5,Kings Ridge ,Week5,295.0 Ravensworth Farm - 107.0 Kings Ridge
Ravensworth Farm,Week2,Rolling Valley,Week5,289.0 Ravensworth Farm - 113.0 Rolling Valley
Poplar Tree,Week5,Poplar Heights,Week4,234.0 Poplar Tree - 168.0 Poplar Heights
Ravensworth Farm,Week1,Camelot,Week4,248.0 Ravensworth Farm - 154.0 Camelot
Ravensworth Farm,Week2,Rutherford,Week1,277.0 Ravensworth Farm - 125.0 Rutherford
Ravensworth Farm,Week4,Kings Ridge ,Week5,277.0 Ravensworth Farm - 125.0 Kings Ridge
Poplar Tree,Week4,Poplar Tree,Week2,206.0 Poplar Tree (PT2) - 195.0 Poplar Tree (PT1)
Poplar Tree,Week1,Poplar Tree,Week2,204.5 Poplar Tree (PT1) - 197.5 Poplar Tree (PT2)
Ravensworth Farm,Week1,Lake Braddock,Week1,336.0 Ravensworth Farm - 66.0 Lake Braddock
Ravensworth Farm,Week5,Rolling Valley,Week2,324.0 Ravensworth Farm - 78.0 Rolling Valley
Ravensworth Farm,Week2,Rutherford,Week3,248.0 Ravensworth Farm - 154.0 Rutherford
Poplar Tree,Week1,Poplar Tree,Week4,205.0 Poplar Tree (PT2) - 196.0 Poplar Tree (PT1)
Poplar Tree,Week1,Poplar Tree,Week1,199.5 Poplar Tree (PT1) - 199.5 Poplar Tree (PT2)
Ravensworth Farm,Week4,Kings Ridge ,Week2,299.0 Ravensworth Farm - 103.0 Kings Ridge
Ravensworth Farm,Week3,Lake Braddock,Week4,331.0 Ravensworth Farm - 71.0 Lake Braddock
Ravensworth Farm,Week5,Kings Ridge ,Week2,323.0 Ravensworth Farm - 79.0 Kings Ridge
Poplar Tree,Week3,Poplar Tree,Week3,200.5 Poplar Tree (PT1) - 200.5 Poplar Tree (PT2)
Ravensworth Farm,Week1,Lake Braddock,Week5,324.0 Ravensworth Farm - 78.0 Lake Braddock
Poplar Tree,Week4,Poplar Heights,Week1,204.0 Poplar Tree - 198.0 Poplar Heights
Ravensworth Farm,Week2,Rolling Valley,Week1,318.0 Ravensworth Farm - 84.0 Rolling Valley
Ravensworth Farm,Week1,Rutherford,Week3,274.0 Ravensworth Farm - 128.0 Rutherford
Ravensworth Farm,Week3,Rolling Valley,Week2,321.0 Ravensworth Farm - 81.0 Rolling Valley
Ravensworth Farm,Week4,Lake Braddock,Week5,319.0 Ravensworth Farm - 83.0 Lake Braddock
Poplar Tree,Week2,Poplar Tree,Week1,204.5 Poplar Tree (PT2) - 197.5 Poplar Tree (PT1)
Ravensworth Farm,Week3,Lake Braddock,Week3,327.5 Ravensworth Farm - 74.5 Lake Braddock
Poplar Tree,Week1,Poplar Tree,Week3,213.0 Poplar Tree (PT2) - 188.0 Poplar Tree (PT1)
Ravensworth Farm,Week4,Lake Braddock,Week2,328.0 Ravensworth Farm - 74.0 Lake Braddock
Ravensworth Farm,Week2,Rolling Valley,Week3,291.0 Ravensworth Farm - 111.0 Rolling Valley
Ravensworth Farm,Week2,Rolling Valley,Week2,291.0 Ravensworth Farm - 111.0 Rolling Valley
Ravensworth Farm,Week3,Lake Braddock,Week1,339.0 Ravensworth Farm - 63.0 Lake Braddock
Ravensworth Farm,Week1,Rutherford,Week4,275.0 Ravensworth Farm - 127.0 Rutherford
Ravensworth Farm,Week5,Burke Station,Week3,296.0 Ravensworth Farm - 101.0 Burke Station
Ravensworth Farm,Week3,Camelot,Week2,227.0 Ravensworth Farm - 174.0 Camelot
Ravensworth Farm,Week4,Burke Station,Week4,296.0 Ravensworth Farm - 106.0 Burke Station
Poplar Tree,Week4,Poplar Heights,Week2,207.0 Poplar Heights - 195.0 Poplar Tree
Poplar Tree,Week3,Poplar Heights,Week2,212.0 Poplar Tree - 190.0 Poplar Heights
Ravensworth Farm,Week3,Lake Braddock,Week5,319.0 Ravensworth Farm - 83.0 Lake Braddock
Ravensworth Farm,Week3,Rolling Valley,Week5,313.0 Ravensworth Farm - 89.0 Rolling Valley
Ravensworth Farm,Week4,Burke Station,Week2,316.0 Ravensworth Farm - 86.0 Burke Station
Ravensworth Farm,Week5,Burke Station,Week2,317.0 Ravensworth Farm - 85.0 Burke Station
Ravensworth Farm,Week4,Rolling Valley,Week2,312.0 Ravensworth Farm - 90.0 Rolling Valley
Poplar Tree,Week2,Poplar Tree,Week5,242.0 Poplar Tree (PT2) - 160.0 Poplar Tree (PT1)
Ravensworth Farm,Week1,Rutherford,Week5,262.0 Ravensworth Farm - 140.0 Rutherford
Ravensworth Farm,Week5,Rolling Valley,Week1,356.0 Ravensworth Farm - 46.0 Rolling Valley
Ravensworth Farm,Week5,Burke Station,Week4,316.0 Ravensworth Farm - 86.0 Burke Station
Ravensworth Farm,Week5,Lake Braddock,Week4,327.0 Ravensworth Farm - 75.0 Lake Braddock
Ravensworth Farm,Week2,Camelot,Week5,215.0 Ravensworth Farm - 186.0 Camelot
Ravensworth Farm,Week5,Lake Braddock,Week3,330.0 Ravensworth Farm - 72.0 Lake Braddock
Poplar Tree,Week4,Poplar Heights,Week5,210.0 Poplar Heights - 192.0 Poplar Tree
Ravensworth Farm,Week5,Lakevale Estates,Week1,209.0 Lakevale Estates - 193.0 Ravensworth Farm
Ravensworth Farm,Week2,Camelot,Week2,223.0 Ravensworth Farm - 179.0 Camelot
Poplar Tree,Week1,Poplar Tree,Week5,235.0 Poplar Tree (PT2) - 167.0 Poplar Tree (PT1)
Ravensworth Farm,Week1,Camelot,Week2,237.0 Ravensworth Farm - 165.0 Camelot
Ravensworth Farm,Week4,Rolling Valley,Week4,321.0 Ravensworth Farm - 81.0 Rolling Valley
Ravensworth Farm,Week5,Lakevale Estates,Week4,252.0 Lakevale Estates - 150.0 Ravensworth Farm
Poplar Tree,Week5,Poplar Heights,Week5,231.0 Poplar Tree - 171.0 Poplar Heights
Poplar Tree,Week1,Sideburn Run,Week5,220.0 Poplar Tree - 182.0 Sideburn Run
Ravensworth Farm,Week4,Rolling Valley,Week5,306.0 Ravensworth Farm - 96.0 Rolling Valley
Ravensworth Farm,Week5,Rolling Valley,Week3,336.0 Ravensworth Farm - 66.0 Rolling Valley
Ravensworth Farm,Week3,Burke Station,Week5,272.0 Ravensworth Farm - 130.0 Burke Station
Ravensworth Farm,Week4,Rolling Valley,Week3,317.0 Ravensworth Farm - 85.0 Rolling Valley
Ravensworth Farm,Week5,Lake Braddock,Week2,325.0 Ravensworth Farm - 77.0 Lake Braddock
Poplar Tree,Week3,Poplar Heights,Week5,201.0 Poplar Heights - 201.0 Poplar Tree
Ravensworth Farm,Week2,Burke Station,Week4,276.0 Ravensworth Farm - 124.0 Burke Station
Poplar Tree,Week5,Poplar Heights,Week1,253.0 Poplar Tree - 149.0 Poplar Heights
Ravensworth Farm,Week1,Rutherford,Week2,295.0 Ravensworth Farm - 107.0 Rutherford
Ravensworth Farm,Week2,Lakevale Estates,Week3,244.0 Lakevale Estates - 158.0 Ravensworth Farm
Ravensworth Farm,Week4,Burke Station,Week1,262.0 Ravensworth Farm - 117.0 Burke Station
Poplar Tree,Week2,Poplar Tree,Week2,195.5 Poplar Tree (PT1) - 195.5 Poplar Tree (PT2)
Ravensworth Farm,Week2,Lakevale Estates,Week2,258.0 Lakevale Estates - 144.0 Ravensworth Farm
Ravensworth Farm,Week5,Burke Station,Week5,287.0 Ravensworth Farm - 115.0 Burke Station
Ravensworth Farm,Week3,Lakevale Estates,Week4,246.0 Lakevale Estates - 156.0 Ravensworth Farm
Poplar Tree,Week2,Sideburn Run,Week1,207.0 Poplar Tree - 195.0 Sideburn Run
Ravensworth Farm,Week5,Lakevale Estates,Week2,223.0 Lakevale Estates - 179.0 Ravensworth Farm
Poplar Tree,Week3,Sideburn Run,Week1,220.0 Poplar Tree - 182.0 Sideburn Run
Ravensworth Farm,Week2,Shouse Village,Week3,207.0 Ravensworth Farm - 195.0 Shouse Village
Ravensworth Farm,Week4,Rutherford,Week4,276.5 Ravensworth Farm - 125.5 Rutherford
Poplar Tree,Week3,Sleepy Hollow B & R,Week2,218.0 Poplar Tree - 184.0 Sleepy Hollow B & R
Ravensworth Farm,Week4,Burke Station,Week5,277.0 Ravensworth Farm - 125.0 Burke Station
Poplar Tree,Week4,Sideburn Run,Week1,207.0 Sideburn Run - 195.0 Poplar Tree
Ravensworth Farm,Week3,Shouse Village,Week3,222.0 Ravensworth Farm - 180.0 Shouse Village
Ravensworth Farm,Week2,Camelot,Week3,220.0 Ravensworth Farm - 181.0 Camelot
Poplar Tree,Week4,Poplar Tree,Week1,205.0 Poplar Tree (PT1) - 196.0 Poplar Tree (PT2)
Poplar Tree,Week2,Ravensworth Farm,Week2,219.0 Poplar Tree - 183.0 Ravensworth Farm
Ravensworth Farm,Week3,Burke Station,Week2,309.0 Ravensworth Farm - 89.0 Burke Station
Ravensworth Farm,Week2,Camelot,Week4,227.0 Ravensworth Farm - 175.0 Camelot
Ravensworth Farm,Week1,Camelot,Week3,256.0 Ravensworth Farm - 146.0 Camelot
Ravensworth Farm,Week3,Rutherford,Week5,295.0 Ravensworth Farm - 106.0 Rutherford
Ravensworth Farm,Week1,Camelot,Week1,239.0 Ravensworth Farm - 163.0 Camelot
Poplar Tree,Week5,Sideburn Run,Week2,249.0 Poplar Tree - 153.0 Sideburn Run
Ravensworth Farm,Week1,Shouse Village,Week2,243.0 Ravensworth Farm - 159.0 Shouse Village
Ravensworth Farm,Week1,Lakevale Estates,Week5,251.0 Lakevale Estates - 151.0 Ravensworth Farm
Ravensworth Farm,Week4,Shouse Village,Week4,209.0 Ravensworth Farm - 193.0 Shouse Village
Ravensworth Farm,Week3,Lakevale Estates,Week3,221.0 Lakevale Estates - 181.0 Ravensworth Farm
Poplar Tree,Week4,Sideburn Run,Week4,207.0 Sideburn Run - 195.0 Poplar Tree
Poplar Tree,Week3,Poplar Tree,Week5,225.0 Poplar Tree (PT2) - 177.0 Poplar Tree (PT1)
Poplar Tree,Week5,Ravensworth Farm,Week2,262.0 Poplar Tree - 140.0 Ravensworth Farm
Poplar Tree,Week3,Poplar Tree,Week4,215.0 Poplar Tree (PT1) - 186.0 Poplar Tree (PT2)
Poplar Tree,Week2,Sideburn Run,Week2,226.0 Poplar Tree - 176.0 Sideburn Run
Ravensworth Farm,Week5,Lakevale Estates,Week3,227.0 Lakevale Estates - 175.0 Ravensworth Farm
Ravensworth Farm,Week1,Lakeview,Week5,296.5 Ravensworth Farm - 96.5 Lakeview
Ravensworth Farm,Week3,Shouse Village,Week2,240.0 Ravensworth Farm - 162.0 Shouse Village
Poplar Tree,Week2,Sideburn Run,Week3,214.0 Poplar Tree - 188.0 Sideburn Run
Poplar Tree,Week3,Ravensworth Farm,Week4,211.0 Poplar Tree - 191.0 Ravensworth Farm
Poplar Tree,Week2,Sleepy Hollow B & R,Week4,208.0 Sleepy Hollow B & R - 194.0 Poplar Tree
Ravensworth Farm,Week3,Burke Station,Week1,266.0 Ravensworth Farm - 109.0 Burke Station
Poplar Tree,Week4,Poplar Tree,Week3,215.0 Poplar Tree (PT2) - 186.0 Poplar Tree (PT1)
Poplar Tree,Week3,Poplar Tree,Week1,213.0 Poplar Tree (PT1) - 188.0 Poplar Tree (PT2)
Poplar Tree,Week3,Ravensworth Farm,Week2,241.0 Poplar Tree - 161.0 Ravensworth Farm
Poplar Tree,Week1,Ravensworth Farm,Week1,209.0 Poplar Tree - 193.0 Ravensworth Farm
Ravensworth Farm,Week3,Shouse Village,Week5,203.0 Ravensworth Farm - 199.0 Shouse Village
Ravensworth Farm,Week4,Lakevale Estates,Week4,244.5 Lakevale Estates - 157.5 Ravensworth Farm
Ravensworth Farm,Week2,Lakevale Estates,Week5,267.0 Lakevale Estates - 135.0 Ravensworth Farm
Ravensworth Farm,Week3,Burke Station,Week3,298.0 Ravensworth Farm - 98.0 Burke Station
Ravensworth Farm,Week1,Lakevale Estates,Week1,221.0 Lakevale Estates - 181.0 Ravensworth Farm
Ravensworth Farm,Week4,Rutherford,Week1,307.0 Ravensworth Farm - 95.0 Rutherford
Ravensworth Farm,Week3,Rutherford,Week2,315.0 Ravensworth Farm - 86.0 Rutherford
Ravensworth Farm,Week4,Lakevale Estates,Week3,224.0 Lakevale Estates - 178.0 Ravensworth Farm
Poplar Tree,Week5,Ravensworth Farm,Week4,239.0 Poplar Tree - 163.0 Ravensworth Farm
Ravensworth Farm,Week2,Burke Station,Week5,251.0 Ravensworth Farm - 151.0 Burke Station
Ravensworth Farm,Week4,Rutherford,Week2,300.0 Ravensworth Farm - 102.0 Rutherford
Poplar Tree,Week2,Sleepy Hollow B & R,Week2,205.0 Sleepy Hollow B & R - 197.0 Poplar Tree
Ravensworth Farm,Week3,Rutherford,Week3,292.0 Ravensworth Farm - 109.0 Rutherford
Poplar Tree,Week1,Sleepy Hollow B & R,Week1,219.0 Poplar Tree - 183.0 Sleepy Hollow B & R
Poplar Tree,Week4,Sideburn Run,Week2,206.0 Poplar Tree - 196.0 Sideburn Run
Ravensworth Farm,Week4,Burke Station,Week3,288.0 Ravensworth Farm - 108.0 Burke Station
Poplar Tree,Week4,Ravensworth Farm,Week2,208.0 Poplar Tree - 194.0 Ravensworth Farm
Ravensworth Farm,Week1,Lakeview,Week1,318.0 Ravensworth Farm - 84.0 Lakeview
Ravensworth Farm,Week5,Rutherford,Week2,314.0 Ravensworth Farm - 88.0 Rutherford
Ravensworth Farm,Week5,Burke Station,Week1,269.0 Ravensworth Farm - 110.0 Burke Station
Ravensworth Farm,Week3,Lakevale Estates,Week1,214.0 Lakevale Estates - 188.0 Ravensworth Farm
Ravensworth Farm,Week1,Shouse Village,Week4,211.0 Ravensworth Farm - 191.0 Shouse Village
Ravensworth Farm,Week4,Lakevale Estates,Week5,257.0 Lakevale Estates - 145.0 Ravensworth Farm
Ravensworth Farm,Week1,Camelot,Week5,238.0 Ravensworth Farm - 164.0 Camelot
Ravensworth Farm,Week3,Burke Station,Week4,305.0 Ravensworth Farm - 97.0 Burke Station
Ravensworth Farm,Week5,Lakevale Estates,Week5,254.0 Lakevale Estates - 148.0 Ravensworth Farm
Poplar Tree,Week5,Poplar Tree,Week5,200.5 Poplar Tree (PT1) - 200.5 Poplar Tree (PT2)
Poplar Tree,Week4,Sideburn Run,Week5,212.0 Sideburn Run - 190.0 Poplar Tree
Poplar Tree,Week2,Ravensworth Farm,Week5,211.0 Ravensworth Farm - 191.0 Poplar Tree
Poplar Tree,Week4,Sideburn Run,Week3,207.0 Sideburn Run - 195.0 Poplar Tree
Poplar Tree,Week5,Poplar Tree,Week4,245.0 Poplar Tree (PT1) - 156.0 Poplar Tree (PT2)
Ravensworth Farm,Week1,Lakevale Estates,Week3,224.0 Lakevale Estates - 178.0 Ravensworth Farm
Ravensworth Farm,Week4,Rutherford,Week3,291.0 Ravensworth Farm - 111.0 Rutherford
Ravensworth Farm,Week2,Canterbury Woods,Week5,246.0 Ravensworth Farm - 154.0 Canterbury Woods
Ravensworth Farm,Week1,Shouse Village,Week5,206.0 Ravensworth Farm - 196.0 Shouse Village
Poplar Tree,Week3,Sideburn Run,Week5,207.0 Poplar Tree - 195.0 Sideburn Run
Poplar Tree,Week4,Ravensworth Farm,Week1,212.0 Ravensworth Farm - 190.0 Poplar Tree
Ravensworth Farm,Week4,Camelot,Week2,236.0 Ravensworth Farm - 166.0 Camelot
Poplar Tree,Week1,Sleepy Hollow B & R,Week3,201.0 Poplar Tree - 200.0 Sleepy Hollow B & R
Poplar Tree,Week2,Sideburn Run,Week5,202.0 Poplar Tree - 200.0 Sideburn Run
Ravensworth Farm,Week3,Camelot,Week3,263.0 Ravensworth Farm - 138.0 Camelot
Poplar Tree,Week1,Sideburn Run,Week3,226.0 Poplar Tree - 176.0 Sideburn Run
Ravensworth Farm,Week2,Rutherford,Week5,260.0 Ravensworth Farm - 142.0 Rutherford
Ravensworth Farm,Week4,Lakevale Estates,Week2,229.0 Lakevale Estates - 173.0 Ravensworth Farm
Poplar Tree,Week3,Sideburn Run,Week2,228.0 Poplar Tree - 174.0 Sideburn Run
Ravensworth Farm,Week1,Lakevale Estates,Week4,252.0 Lakevale Estates - 150.0 Ravensworth Farm
Ravensworth Farm,Week4,Camelot,Week4,257.0 Ravensworth Farm - 145.0 Camelot
Poplar Tree,Week2,Ravensworth Farm,Week3,214.0 Ravensworth Farm - 188.0 Poplar Tree
Ravensworth Farm,Week3,Lakevale Estates,Week2,227.0 Lakevale Estates - 175.0 Ravensworth Farm
Ravensworth Farm,Week5,Rutherford,Week3,304.0 Ravensworth Farm - 98.0 Rutherford
Poplar Tree,Week2,Ravensworth Farm,Week4,205.0 Ravensworth Farm - 197.0 Poplar Tree
Poplar Tree,Week1,Ravensworth Farm,Week2,225.0 Poplar Tree - 177.0 Ravensworth Farm
Ravensworth Farm,Week5,Lake Braddock,Week5,323.0 Ravensworth Farm - 79.0 Lake Braddock
Ravensworth Farm,Week5,Rutherford,Week5,307.0 Ravensworth Farm - 95.0 Rutherford
Poplar Tree,Week1,Sideburn Run,Week4,219.0 Poplar Tree - 183.0 Sideburn Run
Ravensworth Farm,Week3,Rutherford,Week1,317.5 Ravensworth Farm - 83.5 Rutherford
Poplar Tree,Week3,Ravensworth Farm,Week5,205.0 Poplar Tree - 197.0 Ravensworth Farm
Ravensworth Farm,Week5,Camelot,Week2,248.0 Ravensworth Farm - 154.0 Camelot
Ravensworth Farm,Week2,Lakevale Estates,Week4,274.0 Lakevale Estates - 128.0 Ravensworth Farm
Ravensworth Farm,Week3,Camelot,Week1,229.0 Ravensworth Farm - 173.0 Camelot
Ravensworth Farm,Week5,Rutherford,Week4,307.5 Ravensworth Farm - 94.5 Rutherford
Ravensworth Farm,Week2,Shouse Village,Week2,220.0 Ravensworth Farm - 182.0 Shouse Village
Riverside Gardens,Week1,Fairfax,Week3,239.0 Fairfax - 163.0 Riverside Gardens
Poplar Tree,Week2,Ravensworth Farm,Week1,208.0 Poplar Tree - 194.0 Ravensworth Farm
Ravensworth Farm,Week5,Rutherford,Week1,315.0 Ravensworth Farm - 87.0 Rutherford
Poplar Tree,Week5,Poplar Tree,Week2,242.0 Poplar Tree (PT1) - 160.0 Poplar Tree (PT2)
Poplar Tree,Week1,Sideburn Run,Week1,213.0 Poplar Tree - 189.0 Sideburn Run
Poplar Tree,Week4,Ravensworth Farm,Week5,222.0 Ravensworth Farm - 180.0 Poplar Tree
Poplar Tree,Week1,Sleepy Hollow B & R,Week5,223.0 Sleepy Hollow B & R - 178.0 Poplar Tree
Ravensworth Farm,Week1,Shouse Village,Week3,222.0 Ravensworth Farm - 180.0 Shouse Village
Ravensworth Farm,Week3,Shouse Village,Week1,232.0 Ravensworth Farm - 170.0 Shouse Village
Poplar Tree,Week3,Sideburn Run,Week3,219.0 Poplar Tree - 183.0 Sideburn Run
Poplar Tree,Week4,Poplar Tree,Week5,245.0 Poplar Tree (PT2) - 156.0 Poplar Tree (PT1)
Poplar Tree,Week5,Poplar Tree,Week3,225.0 Poplar Tree (PT1) - 177.0 Poplar Tree (PT2)
Ravensworth Farm,Week1,Lakevale Estates,Week2,225.0 Lakevale Estates - 177.0 Ravensworth Farm
Ravensworth Farm,Week5,Camelot,Week3,260.0 Ravensworth Farm - 142.0 Camelot
Ravensworth Farm,Week1,Canterbury Woods,Week5,250.0 Ravensworth Farm - 151.0 Canterbury Woods
Ravensworth Farm,Week4,Lakeview,Week5,297.0 Ravensworth Farm - 96.0 Lakeview
Poplar Tree,Week1,Sleepy Hollow B & R,Week2,211.0 Poplar Tree - 191.0 Sleepy Hollow B & R
Poplar Tree,Week5,Sideburn Run,Week4,236.0 Poplar Tree - 166.0 Sideburn Run
Ravensworth Farm,Week4,Camelot,Week5,245.0 Ravensworth Farm - 157.0 Camelot
Ravensworth Farm,Week3,Rutherford,Week4,289.0 Ravensworth Farm - 113.0 Rutherford
Ravensworth Farm,Week1,Lakeview,Week3,301.0 Ravensworth Farm - 101.0 Lakeview
Riverside Gardens,Week3,Fairfax,Week5,245.0 Fairfax - 157.0 Riverside Gardens
Ravensworth Farm,Week2,Lakevale Estates,Week1,246.5 Lakevale Estates - 155.5 Ravensworth Farm
Riverside Gardens,Week1,Fairfax,Week4,225.0 Fairfax - 177.0 Riverside Gardens
Ravensworth Farm,Week2,Canterbury Woods,Week2,250.0 Ravensworth Farm - 152.0 Canterbury Woods
Poplar Tree,Week1,Sideburn Run,Week2,235.0 Poplar Tree - 167.0 Sideburn Run
Ravensworth Farm,Week2,Canterbury Woods,Week1,240.0 Ravensworth Farm - 162.0 Canterbury Woods
Ravensworth Farm,Week3,Canterbury Woods,Week5,262.0 Ravensworth Farm - 136.0 Canterbury Woods
Poplar Tree,Week3,Ravensworth Farm,Week3,205.0 Poplar Tree - 197.0 Ravensworth Farm
Ravensworth Farm,Week5,Camelot,Week1,259.0 Ravensworth Farm - 143.0 Camelot
Poplar Tree,Week5,Poplar Tree,Week1,235.0 Poplar Tree (PT1) - 167.0 Poplar Tree (PT2)
Ravensworth Farm,Week1,Shouse Village,Week1,239.0 Ravensworth Farm - 163.0 Shouse Village
Ravensworth Farm,Week1,Lakeview,Week2,324.0 Ravensworth Farm - 78.0 Lakeview
Ravensworth Farm,Week5,Camelot,Week4,265.0 Ravensworth Farm - 137.0 Camelot
Poplar Tree,Week1,Ravensworth Farm,Week3,201.0 Poplar Tree - 201.0 Ravensworth Farm
Ravensworth Farm,Week1,Langley,Week5,230.0 Langley - 172.0 Ravensworth Farm
Poplar Tree,Week2,Sideburn Run,Week4,217.0 Poplar Tree - 185.0 Sideburn Run
Poplar Tree,Week5,Sideburn Run,Week1,232.5 Poplar Tree - 169.5 Sideburn Run
Ravensworth Farm,Week5,Canterbury Woods,Week1,279.0 Ravensworth Farm - 123.0 Canterbury Woods
Poplar Tree,Week3,Sideburn Run,Week4,222.0 Poplar Tree - 180.0 Sideburn Run
Ravensworth Farm,Week2,Shouse Village,Week4,213.5 Shouse Village - 188.5 Ravensworth Farm
Poplar Tree,Week1,Ravensworth Farm,Week5,214.0 Poplar Tree - 188.0 Ravensworth Farm
Poplar Tree,Week4,Poplar Tree,Week4,199.5 Poplar Tree (PT1) - 199.5 Poplar Tree (PT2)
Ravensworth Farm,Week4,Lakevale Estates,Week1,220.0 Lakevale Estates - 182.0 Ravensworth Farm
Ravensworth Farm,Week2,Shouse Village,Week1,223.0 Ravensworth Farm - 179.0 Shouse Village
Ravensworth Farm,Week3,Lakevale Estates,Week5,262.0 Lakevale Estates - 140.0 Ravensworth Farm
Ravensworth Farm,Week4,Rutherford,Week5,280.5 Ravensworth Farm - 121.5 Rutherford
Ravensworth Farm,Week1,Lakeview,Week4,280.0 Ravensworth Farm - 122.0 Lakeview
Poplar Tree,Week5,Sideburn Run,Week3,234.5 Poplar Tree - 167.5 Sideburn Run
Ravensworth Farm,Week1,Canterbury Woods,Week3,260.0 Ravensworth Farm - 142.0 Canterbury Woods
Poplar Tree,Week1,Sleepy Hollow B & R,Week4,208.0 Poplar Tree - 194.0 Sleepy Hollow B & R
Riverside Gardens,Week5,Fairfax,Week2,227.0 Fairfax - 175.0 Riverside Gardens
Poplar Tree,Week2,Sleepy Hollow B & R,Week1,213.0 Poplar Tree - 189.0 Sleepy Hollow B & R
Ravensworth Farm,Week2,Shouse Village,Week5,211.0 Shouse Village - 190.0 Ravensworth Farm
Poplar Tree,Week4,Ravensworth Farm,Week4,210.0 Ravensworth Farm - 192.0 Poplar Tree
Ravensworth Farm,Week4,Shouse Village,Week1,233.5 Ravensworth Farm - 168.5 Shouse Village
Poplar Tree,Week3,Ravensworth Farm,Week1,208.0 Poplar Tree - 194.0 Ravensworth Farm
Ravensworth Farm,Week1,Langley,Week1,246.0 Langley - 156.0 Ravensworth Farm
Ravensworth Farm,Week2,Langley,Week4,264.0 Langley - 138.0 Ravensworth Farm
Ravensworth Farm,Week1,Canterbury Woods,Week4,242.0 Ravensworth Farm - 160.0 Canterbury Woods
Ravensworth Farm,Week3,Shouse Village,Week4,210.0 Ravensworth Farm - 192.0 Shouse Village
Riverside Gardens,Week5,Fairfax,Week4,210.0 Riverside Gardens - 192.0 Fairfax
Riverside Gardens,Week4,Fairfax,Week1,209.0 Riverside Gardens - 193.0 Fairfax
Poplar Tree,Week1,Ravensworth Farm,Week4,211.5 Poplar Tree - 190.5 Ravensworth Farm
Riverside Gardens,Week3,Fairfax,Week3,227.0 Fairfax - 175.0 Riverside Gardens
Ravensworth Farm,Week3,Canterbury Woods,Week4,255.0 Ravensworth Farm - 147.0 Canterbury Woods
Ravensworth Farm,Week5,Lakeview,Week2,349.0 Ravensworth Farm - 53.0 Lakeview
Poplar Tree,Week5,Sideburn Run,Week5,236.0 Poplar Tree - 166.0 Sideburn Run
Ravensworth Farm,Week4,Canterbury Woods,Week2,275.0 Ravensworth Farm - 122.0 Canterbury Woods
Riverside Gardens,Week2,Fairfax,Week4,235.0 Fairfax - 167.0 Riverside Gardens
Ravensworth Farm,Week4,Shouse Village,Week2,239.0 Ravensworth Farm - 163.0 Shouse Village
Poplar Tree,Week3,Sleepy Hollow B & R,Week1,241.0 Poplar Tree - 161.0 Sleepy Hollow B & R
Poplar Tree,Week3,Somerset-Olde Creek,Week1,329.0 Poplar Tree - 72.0 Somerset-Olde Creek
Ravensworth Farm,Week3,Langley,Week3,242.0 Langley - 160.0 Ravensworth Farm
Poplar Tree,Week5,Ravensworth Farm,Week3,233.0 Poplar Tree - 169.0 Ravensworth Farm
Ravensworth Farm,Week4,Camelot,Week3,249.0 Ravensworth Farm - 153.0 Camelot
Riverside Gardens,Week4,Fairfax,Week2,214.0 Fairfax - 188.0 Riverside Gardens
Ravensworth Farm,Week3,Camelot,Week5,247.0 Ravensworth Farm - 155.0 Camelot
Poplar Tree,Week4,Ravensworth Farm,Week3,224.0 Ravensworth Farm - 178.0 Poplar Tree
Ravensworth Farm,Week2,Canterbury Woods,Week4,228.0 Ravensworth Farm - 174.0 Canterbury Woods
Ravensworth Farm,Week5,Canterbury Woods,Week2,280.0 Ravensworth Farm - 122.0 Canterbury Woods
Riverside Gardens,Week4,Fair Oaks ,Week2,292.0 Riverside Gardens - 110.0 Fair Oaks
Poplar Tree,Week1,Somerset-Olde Creek,Week1,319.0 Poplar Tree - 82.0 Somerset-Olde Creek
Poplar Tree,Week2,Sleepy Hollow B & R,Week3,208.0 Sleepy Hollow B & R - 194.0 Poplar Tree
Poplar Tree,Week5,Sleepy Hollow B & R,Week4,241.0 Poplar Tree - 161.0 Sleepy Hollow B & R
Ravensworth Farm,Week5,Lakeview,Week5,318.0 Ravensworth Farm - 75.0 Lakeview
Riverside Gardens,Week1,Fairfax,Week5,262.0 Fairfax - 140.0 Riverside Gardens
Ravensworth Farm,Week1,Sideburn Run,Week4,225.0 Ravensworth Farm - 177.0 Sideburn Run
Poplar Tree,Week5,Ravensworth Farm,Week5,222.0 Poplar Tree - 180.0 Ravensworth Farm
Poplar Tree,Week4,Somerset-Olde Creek,Week2,320.0 Poplar Tree - 79.0 Somerset-Olde Creek
Ravensworth Farm,Week4,Shouse Village,Week3,222.0 Ravensworth Farm - 180.0 Shouse Village
Poplar Tree,Week2,Sleepy Hollow B & R,Week5,236.0 Sleepy Hollow B & R - 166.0 Poplar Tree
Ravensworth Farm,Week5,Lakeview,Week3,331.0 Ravensworth Farm - 71.0 Lakeview
Ravensworth Farm,Week1,Langley,Week3,241.5 Langley - 160.5 Ravensworth Farm
Ravensworth Farm,Week5,Sideburn Run,Week1,237.0 Ravensworth Farm - 165.0 Sideburn Run
Poplar Tree,Week5,Sleepy Hollow Rec,Week4,308.0 Poplar Tree - 94.0 Sleepy Hollow Rec
Poplar Tree,Week5,Ravensworth Farm,Week1,234.0 Poplar Tree - 168.0 Ravensworth Farm
Ravensworth Farm,Week4,Lakeview,Week4,293.0 Ravensworth Farm - 109.0 Lakeview
Ravensworth Farm,Week3,Sideburn Run,Week1,214.0 Ravensworth Farm - 188.0 Sideburn Run
Poplar Tree,Week2,Sleepy Hollow Rec,Week3,259.0 Poplar Tree - 143.0 Sleepy Hollow Rec
Poplar Tree,Week1,Sleepy Hollow Rec,Week3,277.0 Poplar Tree - 125.0 Sleepy Hollow Rec
Poplar Tree,Week4,Sleepy Hollow Rec,Week2,259.0 Poplar Tree - 143.0 Sleepy Hollow Rec
Riverside Gardens,Week5,Fair Oaks ,Week3,264.0 Riverside Gardens - 138.0 Fair Oaks
Ravensworth Farm,Week5,Camelot,Week5,255.0 Ravensworth Farm - 147.0 Camelot
Ravensworth Farm,Week2,Sideburn Run,Week4,201.0 Ravensworth Farm - 201.0 Sideburn Run
Ravensworth Farm,Week4,Shouse Village,Week5,205.0 Shouse Village - 197.0 Ravensworth Farm
Poplar Tree,Week5,Somerset-Olde Creek,Week3,345.0 Poplar Tree - 56.0 Somerset-Olde Creek
Ravensworth Farm,Week4,Sideburn Run,Week2,234.0 Ravensworth Farm - 168.0 Sideburn Run
Ravensworth Farm,Week1,Sideburn Run,Week2,252.0 Ravensworth Farm - 150.0 Sideburn Run
Ravensworth Farm,Week2,Lakeview,Week4,256.0 Ravensworth Farm - 146.0 Lakeview
Ravensworth Farm,Week4,Lakeview,Week2,319.5 Ravensworth Farm - 82.5 Lakeview
Poplar Tree,Week2,Somerset-Olde Creek,Week5,293.0 Poplar Tree - 109.0 Somerset-Olde Creek
Riverside Gardens,Week1,Fairfax,Week1,215.0 Fairfax - 187.0 Riverside Gardens
Poplar Tree,Week5,Sleepy Hollow B & R,Week1,259.0 Poplar Tree - 143.0 Sleepy Hollow B & R
Poplar Tree,Week1,Sleepy Hollow Rec,Week5,274.0 Poplar Tree - 128.0 Sleepy Hollow Rec
Ravensworth Farm,Week2,Sideburn Run,Week5,220.0 Sideburn Run - 182.0 Ravensworth Farm
Ravensworth Farm,Week5,Lakeview,Week4,319.0 Ravensworth Farm - 83.0 Lakeview
Ravensworth Farm,Week5,Sideburn Run,Week3,241.0 Ravensworth Farm - 161.0 Sideburn Run
Poplar Tree,Week3,Pleasant Valley,Week3,294.0 Poplar Tree - 108.0 Pleasant Valley
Poplar Tree,Week4,Pleasant Valley,Week5,285.0 Poplar Tree - 113.0 Pleasant Valley
Poplar Tree,Week3,Pleasant Valley,Week4,317.0 Poplar Tree - 85.0 Pleasant Valley
Riverside Gardens,Week2,Fairfax,Week3,244.0 Fairfax - 158.0 Riverside Gardens
Poplar Tree,Week2,Sleepy Hollow Rec,Week5,252.0 Poplar Tree - 150.0 Sleepy Hollow Rec
Ravensworth Farm,Week4,Camelot,Week1,243.0 Ravensworth Farm - 159.0 Camelot
Ravensworth Farm,Week4,Lakeview,Week1,318.0 Ravensworth Farm - 84.0 Lakeview
Poplar Tree,Week4,Pleasant Valley,Week2,299.0 Poplar Tree - 102.0 Pleasant Valley
Ravensworth Farm,Week3,Camelot,Week4,258.0 Ravensworth Farm - 144.0 Camelot
Ravensworth Farm,Week1,Canterbury Woods,Week2,263.0 Ravensworth Farm - 139.0 Canterbury Woods
Poplar Tree,Week5,Pinewood Lake,Week5,364.0 Poplar Tree - 37.0 Pinewood Lake
Poplar Tree,Week1,Pleasant Valley,Week2,313.0 Poplar Tree - 89.0 Pleasant Valley
Poplar Tree,Week3,Sleepy Hollow B & R,Week3,208.0 Poplar Tree - 193.0 Sleepy Hollow B & R
Poplar Tree,Week3,Pinewood Lake,Week4,367.0 Poplar Tree - 33.0 Pinewood Lake
Ravensworth Farm,Week2,Lakeview,Week5,265.0 Ravensworth Farm - 128.0 Lakeview
Ravensworth Farm,Week1,Canterbury Woods,Week1,268.0 Ravensworth Farm - 134.0 Canterbury Woods
Poplar Tree,Week3,Somerset-Olde Creek,Week4,332.0 Poplar Tree - 70.0 Somerset-Olde Creek
Ravensworth Farm,Week3,Canterbury Woods,Week1,276.5 Ravensworth Farm - 125.5 Canterbury Woods
Poplar Tree,Week2,Somerset-Olde Creek,Week1,308.0 Poplar Tree - 94.0 Somerset-Olde Creek
Ravensworth Farm,Week3,Lakeview,Week4,300.0 Ravensworth Farm - 102.0 Lakeview
Poplar Tree,Week2,Somerset-Olde Creek,Week2,316.0 Poplar Tree - 85.0 Somerset-Olde Creek
Ravensworth Farm,Week3,Lakeview,Week1,323.0 Ravensworth Farm - 79.0 Lakeview
Poplar Tree,Week3,Sleepy Hollow Rec,Week3,282.0 Poplar Tree - 120.0 Sleepy Hollow Rec
Poplar Tree,Week2,Somerset-Olde Creek,Week3,314.0 Poplar Tree - 88.0 Somerset-Olde Creek
Riverside Gardens,Week2,Fairfax,Week1,225.0 Fairfax - 177.0 Riverside Gardens
Riverside Gardens,Week5,Fair Oaks ,Week5,258.0 Riverside Gardens - 144.0 Fair Oaks
Ravensworth Farm,Week2,Canterbury Woods,Week3,237.0 Ravensworth Farm - 165.0 Canterbury Woods
Riverside Gardens,Week3,Fairfax,Week1,201.0 Fairfax - 201.0 Riverside Gardens
Poplar Tree,Week2,Sleepy Hollow Rec,Week4,266.0 Poplar Tree - 136.0 Sleepy Hollow Rec
Ravensworth Farm,Week1,Sideburn Run,Week1,219.0 Ravensworth Farm - 183.0 Sideburn Run
Poplar Tree,Week2,Pleasant Valley,Week4,311.0 Poplar Tree - 84.0 Pleasant Valley
Riverside Gardens,Week3,Fairfax,Week2,212.0 Fairfax - 190.0 Riverside Gardens
Ravensworth Farm,Week4,Canterbury Woods,Week1,268.0 Ravensworth Farm - 134.0 Canterbury Woods
Riverside Gardens,Week3,Fairfax,Week4,207.0 Fairfax - 195.0 Riverside Gardens
Poplar Tree,Week4,Sleepy Hollow Rec,Week1,264.0 Poplar Tree - 138.0 Sleepy Hollow Rec
Poplar Tree,Week3,Pinewood Lake,Week5,353.0 Poplar Tree - 48.0 Pinewood Lake
Ravensworth Farm,Week3,Lakeview,Week5,312.0 Ravensworth Farm - 81.0 Lakeview
Ravensworth Farm,Week2,Sideburn Run,Week1,207.0 Sideburn Run - 195.0 Ravensworth Farm
Riverside Gardens,Week4,Fair Oaks ,Week3,268.0 Riverside Gardens - 134.0 Fair Oaks
Poplar Tree,Week3,Pinewood Lake,Week3,371.0 Poplar Tree - 27.0 Pinewood Lake
Ravensworth Farm,Week3,Lakeview,Week2,337.0 Ravensworth Farm - 65.0 Lakeview
Poplar Tree,Week4,Pinewood Lake,Week3,363.0 Poplar Tree - 34.0 Pinewood Lake
Poplar Tree,Week4,Sleepy Hollow B & R,Week3,209.5 Sleepy Hollow B & R - 191.5 Poplar Tree
Poplar Tree,Week2,Sleepy Hollow Rec,Week1,271.0 Poplar Tree - 131.0 Sleepy Hollow Rec
Ravensworth Farm,Week3,Canterbury Woods,Week3,260.0 Ravensworth Farm - 142.0 Canterbury Woods
Ravensworth Farm,Week1,Langley,Week2,225.0 Langley - 177.0 Ravensworth Farm
Poplar Tree,Week5,Sleepy Hollow Rec,Week2,312.0 Poplar Tree - 90.0 Sleepy Hollow Rec
Ravensworth Farm,Week3,Canterbury Woods,Week2,282.0 Ravensworth Farm - 119.0 Canterbury Woods
Poplar Tree,Week3,Sleepy Hollow Rec,Week5,275.0 Poplar Tree - 127.0 Sleepy Hollow Rec
Riverside Gardens,Week5,Fair Oaks ,Week2,298.0 Riverside Gardens - 104.0 Fair Oaks
Ravensworth Farm,Week2,Sideburn Run,Week2,217.0 Ravensworth Farm - 185.0 Sideburn Run
Ravensworth Farm,Week2,Sideburn Run,Week3,204.0 Sideburn Run - 198.0 Ravensworth Farm
Poplar Tree,Week2,Somerset-Olde Creek,Week4,315.0 Poplar Tree - 82.0 Somerset-Olde Creek
Ravensworth Farm,Week5,Shouse Village,Week3,245.0 Ravensworth Farm - 157.0 Shouse Village
Poplar Tree,Week5,Pinewood Lake,Week3,378.0 Poplar Tree - 22.0 Pinewood Lake
Riverside Gardens,Week4,Fairfax,Week3,208.0 Fairfax - 194.0 Riverside Gardens
Ravensworth Farm,Week4,Canterbury Woods,Week3,257.0 Ravensworth Farm - 145.0 Canterbury Woods
Poplar Tree,Week4,Sleepy Hollow B & R,Week4,212.0 Sleepy Hollow B & R - 190.0 Poplar Tree
Poplar Tree,Week4,Pinewood Lake,Week4,362.0 Poplar Tree - 31.0 Pinewood Lake
Poplar Tree,Week5,Sleepy Hollow B & R,Week2,245.5 Poplar Tree - 156.5 Sleepy Hollow B & R
Ravensworth Farm,Week3,Sideburn Run,Week3,221.0 Ravensworth Farm - 181.0 Sideburn Run
Ravensworth Farm,Week4,Canterbury Woods,Week5,261.0 Ravensworth Farm - 141.0 Canterbury Woods
Riverside Gardens,Week4,Fair Oaks ,Week4,280.0 Riverside Gardens - 122.0 Fair Oaks
Poplar Tree,Week5,Pinewood Lake,Week2,375.0 Poplar Tree - 25.0 Pinewood Lake
Riverside Gardens,Week5,Fair Oaks ,Week4,277.0 Riverside Gardens - 125.0 Fair Oaks
Ravensworth Farm,Week5,Shouse Village,Week4,233.5 Ravensworth Farm - 168.5 Shouse Village
Poplar Tree,Week2,Sleepy Hollow Rec,Week2,279.0 Poplar Tree - 123.0 Sleepy Hollow Rec
Ravensworth Farm,Week4,Lakeview,Week3,300.0 Ravensworth Farm - 102.0 Lakeview
Poplar Tree,Week3,Somerset-Olde Creek,Week2,337.0 Poplar Tree - 64.0 Somerset-Olde Creek
Ravensworth Farm,Week3,Sideburn Run,Week4,237.0 Ravensworth Farm - 165.0 Sideburn Run
Poplar Tree,Week3,Pinewood Lake,Week2,368.0 Poplar Tree - 31.0 Pinewood Lake
Poplar Tree,Week1,Somerset-Olde Creek,Week5,313.0 Poplar Tree - 88.0 Somerset-Olde Creek
Ravensworth Farm,Week2,Lakeview,Week2,291.0 Ravensworth Farm - 111.0 Lakeview
Riverside Gardens,Week4,Fair Oaks ,Week5,258.0 Riverside Gardens - 144.0 Fair Oaks
Ravensworth Farm,Week4,Canterbury Woods,Week4,254.0 Ravensworth Farm - 148.0 Canterbury Woods
Ravensworth Farm,Week2,Lakeview,Week1,299.0 Ravensworth Farm - 103.0 Lakeview
Ravensworth Farm,Week1,Cardinal Hill,Week2,211.0 Cardinal Hill - 191.0 Ravensworth Farm
Poplar Tree,Week5,Sleepy Hollow Rec,Week1,305.0 Poplar Tree - 97.0 Sleepy Hollow Rec
Poplar Tree,Week4,Sleepy Hollow B & R,Week5,237.0 Sleepy Hollow B & R - 164.0 Poplar Tree
Ravensworth Farm,Week3,Lakeview,Week3,312.0 Ravensworth Farm - 90.0 Lakeview
Ravensworth Farm,Week2,Langley,Week1,264.0 Langley - 138.0 Ravensworth Farm
Ravensworth Farm,Week1,Langley,Week4,248.0 Langley - 154.0 Ravensworth Farm
Poplar Tree,Week5,Pinewood Lake,Week1,376.0 Poplar Tree - 22.0 Pinewood Lake
Poplar Tree,Week1,Pleasant Valley,Week1,312.0 Poplar Tree - 90.0 Pleasant Valley
Riverside Gardens,Week2,Fairfax,Week2,240.5 Fairfax - 161.5 Riverside Gardens
Poplar Tree,Week4,Pinewood Lake,Week5,348.0 Poplar Tree - 48.0 Pinewood Lake
Ravensworth Farm,Week1,Cardinal Hill,Week1,238.0 Cardinal Hill - 164.0 Ravensworth Farm
Poplar Tree,Week5,Pinewood Lake,Week4,375.0 Poplar Tree - 26.0 Pinewood Lake
Poplar Tree,Week4,Sleepy Hollow Rec,Week5,253.0 Poplar Tree - 149.0 Sleepy Hollow Rec
Ravensworth Farm,Week3,Cardinal Hill,Week5,211.0 Cardinal Hill - 190.0 Ravensworth Farm
Poplar Tree,Week3,Sleepy Hollow B & R,Week5,211.0 Sleepy Hollow B & R - 190.0 Poplar Tree
Ravensworth Farm,Week5,Lakeview,Week1,339.0 Ravensworth Farm - 63.0 Lakeview
Poplar Tree,Week3,Sleepy Hollow Rec,Week4,295.0 Poplar Tree - 107.0 Sleepy Hollow Rec
Riverside Gardens,Week5,Fair Oaks ,Week1,280.0 Riverside Gardens - 122.0 Fair Oaks
Poplar Tree,Week4,Pinewood Lake,Week1,362.0 Poplar Tree - 29.0 Pinewood Lake
Poplar Tree,Week2,Pleasant Valley,Week1,296.5 Poplar Tree - 104.5 Pleasant Valley
Poplar Tree,Week1,Sleepy Hollow Rec,Week4,289.0 Poplar Tree - 113.0 Sleepy Hollow Rec
Ravensworth Farm,Week3,Sideburn Run,Week5,219.0 Ravensworth Farm - 183.0 Sideburn Run
Riverside Gardens,Week4,Hollin Meadows,Week1,258.0 Riverside Gardens - 144.0 Hollin Meadows
Ravensworth Farm,Week1,Chesterbrook,Week5,328.0 Chesterbrook - 74.0 Ravensworth Farm
Ravensworth Farm,Week5,Shouse Village,Week5,211.0 Ravensworth Farm - 191.0 Shouse Village
Poplar Tree,Week4,Pinewood Lake,Week2,359.0 Poplar Tree - 37.0 Pinewood Lake
Poplar Tree,Week4,Sleepy Hollow B & R,Week1,221.5 Poplar Tree - 180.5 Sleepy Hollow B & R
Ravensworth Farm,Week4,Sideburn Run,Week3,222.0 Ravensworth Farm - 180.0 Sideburn Run
Riverside Gardens,Week1,Hollin Meadows,Week5,254.0 Riverside Gardens - 148.0 Hollin Meadows
Poplar Tree,Week1,Somerset-Olde Creek,Week3,324.0 Poplar Tree - 77.0 Somerset-Olde Creek
Ravensworth Farm,Week2,Langley,Week3,258.0 Langley - 144.0 Ravensworth Farm
Poplar Tree,Week4,Sleepy Hollow Rec,Week3,244.0 Poplar Tree - 158.0 Sleepy Hollow Rec
Ravensworth Farm,Week4,Sideburn Run,Week1,225.0 Ravensworth Farm - 177.0 Sideburn Run
Riverside Gardens,Week5,Fairfax,Week1,221.0 Riverside Gardens - 181.0 Fairfax
Ravensworth Farm,Week2,Langley,Week2,249.0 Langley - 153.0 Ravensworth Farm
Ravensworth Farm,Week5,Cardinal Hill,Week3,224.0 Cardinal Hill - 178.0 Ravensworth Farm
Ravensworth Farm,Week2,Langley,Week5,248.0 Langley - 154.0 Ravensworth Farm
Riverside Gardens,Week2,Fairfax,Week5,263.0 Fairfax - 139.0 Riverside Gardens
Ravensworth Farm,Week2,Cardinal Hill,Week5,241.0 Cardinal Hill - 161.0 Ravensworth Farm
Ravensworth Farm,Week5,Canterbury Woods,Week4,255.0 Ravensworth Farm - 147.0 Canterbury Woods
Poplar Tree,Week1,Sleepy Hollow Rec,Week1,285.0 Poplar Tree - 117.0 Sleepy Hollow Rec
Riverside Gardens,Week1,Holmes Run Acres,Week4,255.0 Riverside Gardens - 147.0 Holmes Run Acres
Ravensworth Farm,Week5,Shouse Village,Week2,255.5 Ravensworth Farm - 146.5 Shouse Village
Riverside Gardens,Week3,Hollin Meadows,Week1,250.0 Riverside Gardens - 152.0 Hollin Meadows
Poplar Tree,Week1,Somerset-Olde Creek,Week2,326.0 Poplar Tree - 75.0 Somerset-Olde Creek
Ravensworth Farm,Week1,Sideburn Run,Week5,210.0 Ravensworth Farm - 192.0 Sideburn Run
Riverside Gardens,Week1,Fairfax,Week2,226.0 Fairfax - 176.0 Riverside Gardens
Poplar Tree,Week4,Sleepy Hollow B & R,Week2,214.0 Sleepy Hollow B & R - 188.0 Poplar Tree
Poplar Tree,Week5,Sleepy Hollow Rec,Week3,286.0 Poplar Tree - 116.0 Sleepy Hollow Rec
Riverside Gardens,Week4,Fairfax,Week4,207.0 Fairfax - 195.0 Riverside Gardens
Poplar Tree,Week5,Sleepy Hollow Rec,Week5,281.0 Poplar Tree - 121.0 Sleepy Hollow Rec
Ravensworth Farm,Week1,Cardinal Hill,Week5,231.0 Cardinal Hill - 171.0 Ravensworth Farm
Ravensworth Farm,Week2,Lakeview,Week3,268.0 Ravensworth Farm - 134.0 Lakeview
Poplar Tree,Week3,Sleepy Hollow B & R,Week4,217.0 Poplar Tree - 185.0 Sleepy Hollow B & R
Poplar Tree,Week4,Sleepy Hollow Rec,Week4,271.0 Poplar Tree - 131.0 Sleepy Hollow Rec
Riverside Gardens,Week4,Fairfax,Week5,233.0 Fairfax - 169.0 Riverside Gardens
Ravensworth Farm,Week5,Canterbury Woods,Week3,265.0 Ravensworth Farm - 137.0 Canterbury Woods
Ravensworth Farm,Week3,Langley,Week1,239.0 Langley - 163.0 Ravensworth Farm
Poplar Tree,Week1,Pleasant Valley,Week5,301.0 Poplar Tree - 101.0 Pleasant Valley
Poplar Tree,Week1,Somerset-Olde Creek,Week4,321.0 Poplar Tree - 81.0 Somerset-Olde Creek
Ravensworth Farm,Week3,Cardinal Hill,Week3,257.0 Cardinal Hill - 145.0 Ravensworth Farm
Riverside Gardens,Week2,Hollin Meadows,Week5,238.0 Riverside Gardens - 164.0 Hollin Meadows
Poplar Tree,Week3,Sleepy Hollow Rec,Week2,293.0 Poplar Tree - 109.0 Sleepy Hollow Rec
Ravensworth Farm,Week4,Sideburn Run,Week4,234.0 Ravensworth Farm - 168.0 Sideburn Run
Poplar Tree,Week3,Sleepy Hollow Rec,Week1,287.0 Poplar Tree - 115.0 Sleepy Hollow Rec
Riverside Gardens,Week5,Fairfax,Week3,217.0 Fairfax - 185.0 Riverside Gardens
Ravensworth Farm,Week1,Sideburn Run,Week3,221.5 Ravensworth Farm - 180.5 Sideburn Run
Ravensworth Farm,Week4,Sideburn Run,Week5,219.0 Ravensworth Farm - 183.0 Sideburn Run
Riverside Gardens,Week2,Hollin Meadows,Week2,257.0 Riverside Gardens - 145.0 Hollin Meadows
Poplar Tree,Week2,Pleasant Valley,Week3,283.0 Poplar Tree - 119.0 Pleasant Valley
Ravensworth Farm,Week3,Langley,Week2,226.0 Langley - 176.0 Ravensworth Farm
Riverside Gardens,Week1,Fairfax Club Estates,Week1,293.0 Riverside Gardens - 109.0 Fairfax Club Estates
Poplar Tree,Week3,Somerset-Olde Creek,Week5,319.0 Poplar Tree - 82.0 Somerset-Olde Creek
Ravensworth Farm,Week2,Cardinal Hill,Week4,241.0 Cardinal Hill - 161.0 Ravensworth Farm
Poplar Tree,Week5,Sleepy Hollow B & R,Week3,242.0 Poplar Tree - 160.0 Sleepy Hollow B & R
Riverside Gardens,Week5,Hollin Meadows,Week1,261.0 Riverside Gardens - 141.0 Hollin Meadows
Riverside Gardens,Week3,Fairfax Club Estates,Week3,303.0 Riverside Gardens - 99.0 Fairfax Club Estates
Ravensworth Farm,Week5,Cardinal Hill,Week2,202.0 Ravensworth Farm - 200.0 Cardinal Hill
Ravensworth Farm,Week1,Laurel Hill,Week1,290.0 Ravensworth Farm - 112.0 Laurel Hill
Ravensworth Farm,Week5,Cardinal Hill,Week1,216.0 Cardinal Hill - 186.0 Ravensworth Farm
Ravensworth Farm,Week1,Cardinal Hill,Week3,250.0 Cardinal Hill - 152.0 Ravensworth Farm
Riverside Gardens,Week1,Fairfax Club Estates,Week5,300.0 Riverside Gardens - 102.0 Fairfax Club Estates
Ravensworth Farm,Week5,Sideburn Run,Week2,254.0 Ravensworth Farm - 148.0 Sideburn Run
Poplar Tree,Week5,Sleepy Hollow B & R,Week5,211.0 Poplar Tree - 191.0 Sleepy Hollow B & R
Riverside Gardens,Week2,Fairfax Club Estates,Week4,278.0 Riverside Gardens - 124.0 Fairfax Club Estates
Riverside Gardens,Week1,Hollin Meadows,Week4,274.0 Riverside Gardens - 128.0 Hollin Meadows
Poplar Tree,Week4,Somerset-Olde Creek,Week3,319.0 Poplar Tree - 80.0 Somerset-Olde Creek
Ravensworth Farm,Week5,Shouse Village,Week1,244.0 Ravensworth Farm - 158.0 Shouse Village
Poplar Tree,Week1,Pleasant Valley,Week3,300.0 Poplar Tree - 102.0 Pleasant Valley
Poplar Tree,Week1,Sleepy Hollow Rec,Week2,295.0 Poplar Tree - 107.0 Sleepy Hollow Rec
Ravensworth Farm,Week3,Laurel Hill,Week2,314.0 Ravensworth Farm - 88.0 Laurel Hill
Riverside Gardens,Week2,Hollin Meadows,Week3,248.0 Riverside Gardens - 154.0 Hollin Meadows
Poplar Tree,Week4,Somerset-Olde Creek,Week1,302.0 Poplar Tree - 97.0 Somerset-Olde Creek
Ravensworth Farm,Week5,Langley,Week4,240.0 Langley - 162.0 Ravensworth Farm
Poplar Tree,Week2,Pleasant Valley,Week2,304.0 Poplar Tree - 97.0 Pleasant Valley
Ravensworth Farm,Week3,Sideburn Run,Week2,245.0 Ravensworth Farm - 157.0 Sideburn Run
Poplar Tree,Week1,Pleasant Valley,Week4,324.0 Poplar Tree - 78.0 Pleasant Valley
Poplar Tree,Week3,Somerset-Olde Creek,Week3,330.0 Poplar Tree - 71.0 Somerset-Olde Creek
Poplar Tree,Week5,Rutherford,Week2,309.0 Poplar Tree - 93.0 Rutherford
Ravensworth Farm,Week3,Laurel Hill,Week5,277.0 Ravensworth Farm - 125.0 Laurel Hill
Riverside Gardens,Week4,Fairfax Club Estates,Week2,316.0 Riverside Gardens - 86.0 Fairfax Club Estates
Poplar Tree,Week4,Somerset-Olde Creek,Week5,290.0 Poplar Tree - 109.0 Somerset-Olde Creek
Poplar Tree,Week3,Pleasant Valley,Week1,314.0 Poplar Tree - 88.0 Pleasant Valley
Riverside Gardens,Week3,Hollin Meadows,Week3,281.0 Riverside Gardens - 121.0 Hollin Meadows
Ravensworth Farm,Week2,Laurel Hill,Week1,268.0 Ravensworth Farm - 134.0 Laurel Hill
Riverside Gardens,Week3,Hollin Meadows,Week5,245.0 Riverside Gardens - 157.0 Hollin Meadows
Poplar Tree,Week5,South Run,Week5,232.0 Poplar Tree - 170.0 South Run
Poplar Tree,Week5,Somerset-Olde Creek,Week1,342.0 Poplar Tree - 58.0 Somerset-Olde Creek
Poplar Tree,Week3,Pleasant Valley,Week2,312.0 Poplar Tree - 90.0 Pleasant Valley
Poplar Tree,Week4,Mantua,Week4,225.0 Mantua - 177.0 Poplar Tree
Riverside Gardens,Week2,Hollin Meadows,Week4,256.0 Riverside Gardens - 146.0 Hollin Meadows
Ravensworth Farm,Week4,Laurel Hill,Week3,288.0 Ravensworth Farm - 114.0 Laurel Hill
Riverside Gardens,Week4,Fairfax Club Estates,Week1,296.0 Riverside Gardens - 106.0 Fairfax Club Estates
Ravensworth Farm,Week1,Chesterbrook,Week1,315.0 Chesterbrook - 87.0 Ravensworth Farm
Poplar Tree,Week3,Pleasant Valley,Week5,295.0 Poplar Tree - 106.0 Pleasant Valley
Poplar Tree,Week4,Pleasant Valley,Week1,310.0 Poplar Tree - 91.0 Pleasant Valley
Poplar Tree,Week5,Somerset-Olde Creek,Week4,341.0 Poplar Tree - 61.0 Somerset-Olde Creek
Poplar Tree,Week4,Pleasant Valley,Week4,303.0 Poplar Tree - 97.0 Pleasant Valley
Ravensworth Farm,Week2,Sleepy Hollow B & R,Week3,224.0 Sleepy Hollow B & R - 178.0 Ravensworth Farm
Ravensworth Farm,Week3,Sleepy Hollow B & R,Week3,208.0 Sleepy Hollow B & R - 194.0 Ravensworth Farm
Ravensworth Farm,Week5,Langley,Week3,218.0 Langley - 184.0 Ravensworth Farm
Ravensworth Farm,Week4,Laurel Hill,Week4,291.0 Ravensworth Farm - 111.0 Laurel Hill
Ravensworth Farm,Week1,Laurel Hill,Week2,313.0 Ravensworth Farm - 88.0 Laurel Hill
Ravensworth Farm,Week5,Sleepy Hollow B & R,Week5,212.0 Sleepy Hollow B & R - 190.0 Ravensworth Farm
Ravensworth Farm,Week2,Cardinal Hill,Week3,266.0 Cardinal Hill - 136.0 Ravensworth Farm
Poplar Tree,Week2,Rutherford,Week3,281.0 Poplar Tree - 121.0 Rutherford
Riverside Gardens,Week1,Fairfax Club Estates,Week3,301.0 Riverside Gardens - 101.0 Fairfax Club Estates
Ravensworth Farm,Week4,Sleepy Hollow B & R,Week1,242.0 Ravensworth Farm - 160.0 Sleepy Hollow B & R
Poplar Tree,Week4,Shouse Village,Week1,227.0 Poplar Tree - 174.0 Shouse Village
Poplar Tree,Week2,Shouse Village,Week5,211.0 Shouse Village - 191.0 Poplar Tree
Ravensworth Farm,Week4,Sleepy Hollow B & R,Week4,212.0 Ravensworth Farm - 190.0 Sleepy Hollow B & R
Riverside Gardens,Week2,Fairfax Club Estates,Week3,285.0 Riverside Gardens - 117.0 Fairfax Club Estates
Poplar Tree,Week5,Somerset-Olde Creek,Week2,342.5 Poplar Tree - 58.5 Somerset-Olde Creek
Ravensworth Farm,Week4,Cardinal Hill,Week2,217.0 Cardinal Hill - 185.0 Ravensworth Farm
Poplar Tree,Week1,Shouse Village,Week2,252.0 Poplar Tree - 150.0 Shouse Village
Poplar Tree,Week2,South Run,Week3,234.0 Poplar Tree - 168.0 South Run
Riverside Gardens,Week3,Hollin Meadows,Week2,272.0 Riverside Gardens - 130.0 Hollin Meadows
Poplar Tree,Week2,Shouse Village,Week3,229.0 Poplar Tree - 173.0 Shouse Village
Poplar Tree,Week2,Pleasant Valley,Week5,284.0 Poplar Tree - 110.0 Pleasant Valley
Ravensworth Farm,Week3,Sleepy Hollow B & R,Week4,215.0 Ravensworth Farm - 187.0 Sleepy Hollow B & R
Poplar Tree,Week4,Somerset-Olde Creek,Week4,308.0 Poplar Tree - 94.0 Somerset-Olde Creek
Ravensworth Farm,Week2,Sleepy Hollow B & R,Week5,254.0 Sleepy Hollow B & R - 148.0 Ravensworth Farm
Riverside Gardens,Week5,Hollin Meadows,Week2,280.0 Riverside Gardens - 122.0 Hollin Meadows
Ravensworth Farm,Week4,Laurel Hill,Week1,291.0 Ravensworth Farm - 111.0 Laurel Hill
Riverside Gardens,Week1,Fairfax Club Estates,Week2,315.0 Riverside Gardens - 87.0 Fairfax Club Estates
Poplar Tree,Week4,Rutherford,Week5,268.0 Poplar Tree - 134.0 Rutherford
Ravensworth Farm,Week5,Canterbury Woods,Week5,262.0 Ravensworth Farm - 140.0 Canterbury Woods
Poplar Tree,Week3,Shouse Village,Week3,243.0 Poplar Tree - 159.0 Shouse Village
Ravensworth Farm,Week4,Cardinal Hill,Week4,216.0 Cardinal Hill - 186.0 Ravensworth Farm
Riverside Gardens,Week5,Fairfax Club Estates,Week1,306.0 Riverside Gardens - 96.0 Fairfax Club Estates
Riverside Gardens,Week4,Hollin Meadows,Week4,273.0 Riverside Gardens - 129.0 Hollin Meadows
Ravensworth Farm,Week1,Chesterbrook,Week2,323.0 Chesterbrook - 79.0 Ravensworth Farm
Ravensworth Farm,Week4,Cardinal Hill,Week3,260.0 Cardinal Hill - 142.0 Ravensworth Farm
Riverside Gardens,Week1,Holmes Run Acres,Week1,253.0 Riverside Gardens - 149.0 Holmes Run Acres
Poplar Tree,Week4,Pleasant Valley,Week3,289.0 Poplar Tree - 113.0 Pleasant Valley
Riverside Gardens,Week5,Fairfax,Week5,225.0 Fairfax - 177.0 Riverside Gardens
Poplar Tree,Week5,Pleasant Valley,Week3,305.0 Poplar Tree - 97.0 Pleasant Valley
Riverside Gardens,Week3,Fairfax Club Estates,Week5,307.0 Riverside Gardens - 95.0 Fairfax Club Estates
Ravensworth Farm,Week5,Sleepy Hollow B & R,Week4,212.0 Ravensworth Farm - 190.0 Sleepy Hollow B & R
Riverside Gardens,Week4,Hollin Meadows,Week3,280.0 Riverside Gardens - 122.0 Hollin Meadows
Poplar Tree,Week3,South Run,Week3,263.0 Poplar Tree - 139.0 South Run
Riverside Gardens,Week4,Fairfax Club Estates,Week3,310.0 Riverside Gardens - 92.0 Fairfax Club Estates
Riverside Gardens,Week2,Fairfax Club Estates,Week5,292.0 Riverside Gardens - 110.0 Fairfax Club Estates
Poplar Tree,Week4,Rutherford,Week4,246.0 Poplar Tree - 156.0 Rutherford
Poplar Tree,Week1,Poplar Heights,Week2,228.0 Poplar Tree - 174.0 Poplar Heights
Riverside Gardens,Week1,Holmes Run Acres,Week3,213.5 Riverside Gardens - 188.5 Holmes Run Acres
Poplar Tree,Week4,Mantua,Week5,240.0 Mantua - 162.0 Poplar Tree
Ravensworth Farm,Week3,Cardinal Hill,Week1,223.5 Cardinal Hill - 178.5 Ravensworth Farm
Ravensworth Farm,Week4,Langley,Week1,243.0 Langley - 159.0 Ravensworth Farm
Poplar Tree,Week2,Rutherford,Week4,262.0 Poplar Tree - 140.0 Rutherford
Ravensworth Farm,Week2,Cardinal Hill,Week1,264.0 Cardinal Hill - 138.0 Ravensworth Farm
Riverside Gardens,Week1,Holmes Run Acres,Week2,258.0 Riverside Gardens - 144.0 Holmes Run Acres
Ravensworth Farm,Week4,Langley,Week5,224.0 Langley - 178.0 Ravensworth Farm
Ravensworth Farm,Week2,Sleepy Hollow B & R,Week2,215.0 Sleepy Hollow B & R - 187.0 Ravensworth Farm
Poplar Tree,Week4,South Run,Week1,222.0 Poplar Tree - 171.0 South Run
Ravensworth Farm,Week2,Laurel Hill,Week2,283.0 Ravensworth Farm - 119.0 Laurel Hill
Ravensworth Farm,Week3,Sleepy Hollow B & R,Week2,213.0 Ravensworth Farm - 189.0 Sleepy Hollow B & R
Ravensworth Farm,Week3,Cardinal Hill,Week2,209.0 Ravensworth Farm - 193.0 Cardinal Hill
Poplar Tree,Week3,South Run,Week5,228.0 Poplar Tree - 174.0 South Run
Poplar Tree,Week4,South Run,Week5,216.0 Poplar Tree - 186.0 South Run
Poplar Tree,Week3,South Run,Week4,259.0 Poplar Tree - 143.0 South Run
Poplar Tree,Week5,Rutherford,Week4,284.0 Poplar Tree - 118.0 Rutherford
Ravensworth Farm,Week5,Langley,Week5,215.0 Langley - 187.0 Ravensworth Farm
Ravensworth Farm,Week2,Cardinal Hill,Week2,241.0 Cardinal Hill - 161.0 Ravensworth Farm
Ravensworth Farm,Week1,Sleepy Hollow B & R,Week4,209.0 Ravensworth Farm - 193.0 Sleepy Hollow B & R
Poplar Tree,Week1,Poplar Heights,Week1,233.0 Poplar Tree - 169.0 Poplar Heights
Riverside Gardens,Week3,Hollin Meadows,Week4,271.0 Riverside Gardens - 131.0 Hollin Meadows
Poplar Tree,Week5,Rutherford,Week3,303.0 Poplar Tree - 99.0 Rutherford
Riverside Gardens,Week5,Fairfax Club Estates,Week3,313.0 Riverside Gardens - 89.0 Fairfax Club Estates
Riverside Gardens,Week4,Hollin Meadows,Week5,254.0 Riverside Gardens - 148.0 Hollin Meadows
Ravensworth Farm,Week4,Cardinal Hill,Week5,228.0 Cardinal Hill - 174.0 Ravensworth Farm
Poplar Tree,Week4,Rutherford,Week1,280.0 Poplar Tree - 122.0 Rutherford
Poplar Tree,Week1,South Run,Week5,230.5 Poplar Tree - 171.5 South Run
Ravensworth Farm,Week3,Sleepy Hollow B & R,Week1,236.0 Ravensworth Farm - 166.0 Sleepy Hollow B & R
Poplar Tree,Week3,Rutherford,Week2,309.0 Poplar Tree - 93.0 Rutherford
Ravensworth Farm,Week2,Laurel Hill,Week3,259.0 Ravensworth Farm - 143.0 Laurel Hill
Riverside Gardens,Week2,Fairfax Club Estates,Week1,276.0 Riverside Gardens - 126.0 Fairfax Club Estates
Poplar Tree,Week5,Pleasant Valley,Week1,323.0 Poplar Tree - 79.0 Pleasant Valley
Riverside Gardens,Week1,Hollin Meadows,Week3,274.0 Riverside Gardens - 128.0 Hollin Meadows
Ravensworth Farm,Week2,Laurel Hill,Week4,257.0 Ravensworth Farm - 144.0 Laurel Hill
Riverside Gardens,Week4,Hollin Meadows,Week2,275.0 Riverside Gardens - 127.0 Hollin Meadows
Riverside Gardens,Week5,Fairfax Club Estates,Week2,321.0 Riverside Gardens - 81.0 Fairfax Club Estates
Riverside Gardens,Week5,Hollin Meadows,Week3,291.0 Riverside Gardens - 111.0 Hollin Meadows
Riverside Gardens,Week4,Fairfax Club Estates,Week5,309.0 Riverside Gardens - 93.0 Fairfax Club Estates
Ravensworth Farm,Week5,Sideburn Run,Week4,246.0 Ravensworth Farm - 156.0 Sideburn Run
Poplar Tree,Week5,Pleasant Valley,Week5,301.0 Poplar Tree - 99.0 Pleasant Valley
Poplar Tree,Week1,Poplar Heights,Week4,213.0 Poplar Tree - 189.0 Poplar Heights
Poplar Tree,Week2,South Run,Week1,209.0 Poplar Tree - 184.0 South Run
Ravensworth Farm,Week5,Langley,Week1,229.0 Langley - 173.0 Ravensworth Farm
Poplar Tree,Week5,Rutherford,Week1,318.0 Poplar Tree - 84.0 Rutherford
Ravensworth Farm,Week3,Cardinal Hill,Week4,210.0 Cardinal Hill - 192.0 Ravensworth Farm
Poplar Tree,Week3,South Run,Week1,230.0 Poplar Tree - 163.0 South Run
Ravensworth Farm,Week1,Sleepy Hollow B & R,Week5,233.0 Sleepy Hollow B & R - 169.0 Ravensworth Farm
Riverside Gardens,Week3,Fairfax Club Estates,Week2,319.5 Riverside Gardens - 82.5 Fairfax Club Estates
Ravensworth Farm,Week1,Laurel Hill,Week3,282.0 Ravensworth Farm - 120.0 Laurel Hill
Poplar Tree,Week3,Shouse Village,Week1,247.0 Poplar Tree - 155.0 Shouse Village
Riverside Gardens,Week4,Holmes Run Acres,Week2,279.0 Riverside Gardens - 123.0 Holmes Run Acres
Ravensworth Farm,Week3,Sleepy Hollow B & R,Week5,234.0 Sleepy Hollow B & R - 168.0 Ravensworth Farm
Riverside Gardens,Week5,Fairfax Club Estates,Week5,316.0 Riverside Gardens - 85.0 Fairfax Club Estates
Ravensworth Farm,Week1,Cardinal Hill,Week4,215.0 Cardinal Hill - 187.0 Ravensworth Farm
Riverside Gardens,Week5,Hollin Meadows,Week4,285.0 Riverside Gardens - 117.0 Hollin Meadows
Poplar Tree,Week1,Poplar Heights,Week5,218.0 Poplar Tree - 184.0 Poplar Heights
Riverside Gardens,Week5,Fairfax Club Estates,Week4,310.0 Riverside Gardens - 92.0 Fairfax Club Estates
Poplar Tree,Week2,Shouse Village,Week4,202.0 Shouse Village - 200.0 Poplar Tree
Poplar Tree,Week5,Pleasant Valley,Week4,333.0 Poplar Tree - 69.0 Pleasant Valley
Ravensworth Farm,Week4,Sleepy Hollow B & R,Week3,221.0 Ravensworth Farm - 181.0 Sleepy Hollow B & R
Poplar Tree,Week1,Shouse Village,Week4,218.0 Poplar Tree - 184.0 Shouse Village
Riverside Gardens,Week1,Fairfax Station,Week2,220.0 Fairfax Station - 182.0 Riverside Gardens
Ravensworth Farm,Week1,Laurel Hill,Week4,284.0 Ravensworth Farm - 118.0 Laurel Hill
Ravensworth Farm,Week5,Langley,Week2,212.0 Langley - 190.0 Ravensworth Farm
Ravensworth Farm,Week2,Laurel Hill,Week5,242.0 Ravensworth Farm - 159.0 Laurel Hill
Ravensworth Farm,Week4,Langley,Week2,229.0 Langley - 173.0 Ravensworth Farm
Poplar Tree,Week2,Poplar Heights,Week1,223.0 Poplar Tree - 179.0 Poplar Heights
Riverside Gardens,Week1,Fairfax Station,Week1,218.0 Fairfax Station - 184.0 Riverside Gardens
Ravensworth Farm,Week1,Sleepy Hollow B & R,Week3,208.0 Ravensworth Farm - 194.0 Sleepy Hollow B & R
Poplar Tree,Week2,Poplar Heights,Week2,204.0 Poplar Heights - 198.0 Poplar Tree
Riverside Gardens,Week5,Hollin Meadows,Week5,261.0 Riverside Gardens - 141.0 Hollin Meadows
Poplar Tree,Week2,South Run,Week5,208.0 Poplar Tree - 194.0 South Run
Poplar Tree,Week1,South Run,Week2,258.0 Poplar Tree - 144.0 South Run
Poplar Tree,Week4,Rutherford,Week2,281.0 Poplar Tree - 121.0 Rutherford
Ravensworth Farm,Week1,Sleepy Hollow B & R,Week2,209.0 Ravensworth Farm - 193.0 Sleepy Hollow B & R
Poplar Tree,Week4,Rutherford,Week3,274.0 Poplar Tree - 128.0 Rutherford
Ravensworth Farm,Week1,Laurel Hill,Week5,257.5 Ravensworth Farm - 144.5 Laurel Hill
Ravensworth Farm,Week5,Sleepy Hollow B & R,Week1,239.0 Ravensworth Farm - 163.0 Sleepy Hollow B & R
Riverside Gardens,Week1,Fairfax Station,Week3,230.0 Fairfax Station - 172.0 Riverside Gardens
Poplar Tree,Week3,South Run,Week2,253.0 Poplar Tree - 149.0 South Run
Riverside Gardens,Week5,Holmes Run Acres,Week3,248.0 Riverside Gardens - 154.0 Holmes Run Acres
Ravensworth Farm,Week5,Cardinal Hill,Week5,219.0 Cardinal Hill - 183.0 Ravensworth Farm
Ravensworth Farm,Week1,Chesterbrook,Week3,352.0 Chesterbrook - 50.0 Ravensworth Farm
Poplar Tree,Week1,South Run,Week3,261.0 Poplar Tree - 141.0 South Run
Riverside Gardens,Week2,Hollin Meadows,Week1,232.0 Riverside Gardens - 170.0 Hollin Meadows
Poplar Tree,Week5,Pleasant Valley,Week2,322.0 Poplar Tree - 80.0 Pleasant Valley
Ravensworth Farm,Week4,Cardinal Hill,Week1,246.0 Cardinal Hill - 156.0 Ravensworth Farm
Ravensworth Farm,Week5,Cardinal Hill,Week4,204.0 Cardinal Hill - 198.0 Ravensworth Farm
Poplar Tree,Week1,Poplar Heights,Week3,224.0 Poplar Tree - 178.0 Poplar Heights
Ravensworth Farm,Week1,Chesterbrook,Week4,331.0 Chesterbrook - 71.0 Ravensworth Farm
Poplar Tree,Week1,South Run,Week1,237.0 Poplar Tree - 156.0 South Run
Ravensworth Farm,Week2,Sleepy Hollow B & R,Week1,203.0 Ravensworth Farm - 199.0 Sleepy Hollow B & R
Poplar Tree,Week2,Poplar Heights,Week5,207.0 Poplar Heights - 195.0 Poplar Tree
Poplar Tree,Week3,Rutherford,Week3,289.0 Poplar Tree - 113.0 Rutherford
Ravensworth Farm,Week1,Commonwealth,Week4,265.0 Ravensworth Farm - 137.0 Commonwealth
Poplar Tree,Week2,Shouse Village,Week2,228.0 Poplar Tree - 174.0 Shouse Village
Riverside Gardens,Week1,Fairfax Station,Week4,213.0 Fairfax Station - 189.0 Riverside Gardens
Poplar Tree,Week2,Poplar Heights,Week3,202.5 Poplar Tree - 199.5 Poplar Heights
Ravensworth Farm,Week1,Commonwealth,Week1,273.0 Ravensworth Farm - 129.0 Commonwealth
Ravensworth Farm,Week4,Langley,Week3,238.0 Langley - 164.0 Ravensworth Farm
Ravensworth Farm,Week4,Sleepy Hollow B & R,Week2,216.0 Ravensworth Farm - 186.0 Sleepy Hollow B & R
Poplar Tree,Week2,Poplar Heights,Week4,206.0 Poplar Tree - 196.0 Poplar Heights
Riverside Gardens,Week1,Hunt Valley,Week3,240.0 Hunt Valley - 162.0 Riverside Gardens
Poplar Tree,Week4,South Run,Week4,230.0 Poplar Tree - 168.0 South Run
Ravensworth Farm,Week5,Sideburn Run,Week5,237.0 Ravensworth Farm - 165.0 Sideburn Run
Ravensworth Farm,Week3,Langley,Week4,253.0 Langley - 149.0 Ravensworth Farm
Riverside Gardens,Week3,Holmes Run Acres,Week5,204.0 Riverside Gardens - 198.0 Holmes Run Acres
Poplar Tree,Week5,South Run,Week1,236.0 Poplar Tree - 157.0 South Run
Riverside Gardens,Week1,Fairfax Station,Week5,226.0 Fairfax Station - 176.0 Riverside Gardens
Riverside Gardens,Week1,Fairfax Club Estates,Week4,295.0 Riverside Gardens - 107.0 Fairfax Club Estates
Ravensworth Farm,Week3,Langley,Week5,216.0 Langley - 186.0 Ravensworth Farm
Ravensworth Farm,Week2,Commonwealth,Week3,221.5 Ravensworth Farm - 179.5 Commonwealth
Poplar Tree,Week2,Rutherford,Week5,269.0 Poplar Tree - 133.0 Rutherford
Ravensworth Farm,Week1,Sleepy Hollow B & R,Week1,240.0 Ravensworth Farm - 162.0 Sleepy Hollow B & R
Ravensworth Farm,Week4,Langley,Week4,250.0 Langley - 152.0 Ravensworth Farm
Poplar Tree,Week4,South Run,Week2,238.0 Poplar Tree - 160.0 South Run
Poplar Tree,Week3,Poplar Heights,Week1,231.0 Poplar Tree - 171.0 Poplar Heights
Riverside Gardens,Week2,Hunt Valley,Week5,259.0 Hunt Valley - 143.0 Riverside Gardens
Ravensworth Farm,Week2,Commonwealth,Week2,213.5 Ravensworth Farm - 188.5 Commonwealth
Poplar Tree,Week1,South Run,Week4,265.0 Poplar Tree - 137.0 South Run
Riverside Gardens,Week2,Fairfax Club Estates,Week2,300.0 Riverside Gardens - 102.0 Fairfax Club Estates
Poplar Tree,Week2,Shouse Village,Week1,232.0 Poplar Tree - 170.0 Shouse Village
Riverside Gardens,Week5,Holmes Run Acres,Week4,267.0 Riverside Gardens - 135.0 Holmes Run Acres
Poplar Tree,Week2,South Run,Week2,230.0 Poplar Tree - 166.0 South Run
Poplar Tree,Week3,Rutherford,Week5,281.0 Poplar Tree - 121.0 Rutherford
Ravensworth Farm,Week2,Sleepy Hollow B & R,Week4,224.0 Sleepy Hollow B & R - 178.0 Ravensworth Farm
Riverside Gardens,Week4,Holmes Run Acres,Week3,244.0 Riverside Gardens - 158.0 Holmes Run Acres
Riverside Gardens,Week3,Holmes Run Acres,Week4,263.5 Riverside Gardens - 138.5 Holmes Run Acres
Riverside Gardens,Week1,Hunt Valley,Week5,238.0 Hunt Valley - 164.0 Riverside Gardens
Riverside Gardens,Week5,Annandale,Week3,327.0 Riverside Gardens - 75.0 Annandale
Poplar Tree,Week5,South Run,Week2,265.0 Poplar Tree - 133.0 South Run
Riverside Gardens,Week3,Fairfax Club Estates,Week4,295.0 Riverside Gardens - 107.0 Fairfax Club Estates
Ravensworth Farm,Week3,Sleepy Hollow Rec,Week4,304.0 Ravensworth Farm - 98.0 Sleepy Hollow Rec
Poplar Tree,Week5,South Run,Week4,272.0 Poplar Tree - 126.0 South Run
Ravensworth Farm,Week2,Chesterbrook,Week5,352.0 Chesterbrook - 50.0 Ravensworth Farm
Ravensworth Farm,Week3,Laurel Hill,Week4,300.0 Ravensworth Farm - 102.0 Laurel Hill
Riverside Gardens,Week1,Arlington Forest,Week4,232.5 Riverside Gardens - 169.5 Arlington Forest
Riverside Gardens,Week4,Fairfax Club Estates,Week4,304.0 Riverside Gardens - 98.0 Fairfax Club Estates
Ravensworth Farm,Week4,Laurel Hill,Week2,307.0 Ravensworth Farm - 95.0 Laurel Hill
Riverside Gardens,Week4,Arlington Forest,Week1,289.0 Riverside Gardens - 113.0 Arlington Forest
Riverside Gardens,Week3,Fairfax Club Estates,Week1,292.0 Riverside Gardens - 110.0 Fairfax Club Estates
Poplar Tree,Week1,Shouse Village,Week1,250.0 Poplar Tree - 152.0 Shouse Village
Ravensworth Farm,Week3,Commonwealth,Week1,291.0 Ravensworth Farm - 110.0 Commonwealth
Riverside Gardens,Week4,Holmes Run Acres,Week4,276.0 Riverside Gardens - 126.0 Holmes Run Acres
Poplar Tree,Week3,Rutherford,Week1,306.0 Poplar Tree - 96.0 Rutherford
Poplar Tree,Week2,South Run,Week4,232.0 Poplar Tree - 164.0 South Run
Ravensworth Farm,Week1,Commonwealth,Week3,251.0 Ravensworth Farm - 151.0 Commonwealth
Ravensworth Farm,Week5,Sleepy Hollow B & R,Week3,227.0 Ravensworth Farm - 175.0 Sleepy Hollow B & R
Ravensworth Farm,Week4,Sleepy Hollow B & R,Week5,218.0 Sleepy Hollow B & R - 184.0 Ravensworth Farm
Ravensworth Farm,Week3,Laurel Hill,Week1,298.0 Ravensworth Farm - 104.0 Laurel Hill
Riverside Gardens,Week1,Arlington Forest,Week2,265.0 Riverside Gardens - 137.0 Arlington Forest
Poplar Tree,Week3,Rutherford,Week4,273.0 Poplar Tree - 129.0 Rutherford
Ravensworth Farm,Week2,Chesterbrook,Week2,339.0 Chesterbrook - 63.0 Ravensworth Farm
Ravensworth Farm,Week3,Laurel Hill,Week3,290.0 Ravensworth Farm - 112.0 Laurel Hill
Riverside Gardens,Week2,Forest Hollow,Week1,216.0 Riverside Gardens - 186.0 Forest Hollow
Ravensworth Farm,Week5,Sleepy Hollow B & R,Week2,236.5 Ravensworth Farm - 165.5 Sleepy Hollow B & R
Poplar Tree,Week1,Shouse Village,Week3,239.0 Poplar Tree - 163.0 Shouse Village
Ravensworth Farm,Week1,Lee Graham,Week3,274.5 Lee Graham - 127.5 Ravensworth Farm
Poplar Tree,Week4,South Run,Week3,232.0 Poplar Tree - 169.0 South Run
Ravensworth Farm,Week4,Sleepy Hollow Rec,Week5,279.0 Ravensworth Farm - 123.0 Sleepy Hollow Rec
Riverside Gardens,Week2,Arlington Forest,Week4,227.0 Riverside Gardens - 175.0 Arlington Forest
Riverside Gardens,Week2,Holmes Run Acres,Week2,264.0 Riverside Gardens - 138.0 Holmes Run Acres
Poplar Tree,Week5,Rutherford,Week5,297.0 Poplar Tree - 105.0 Rutherford
Riverside Gardens,Week3,Holmes Run Acres,Week1,261.0 Riverside Gardens - 141.0 Holmes Run Acres
Riverside Gardens,Week2,Fairfax Station,Week1,214.0 Fairfax Station - 188.0 Riverside Gardens
Riverside Gardens,Week2,Forest Hollow,Week3,214.0 Riverside Gardens - 188.0 Forest Hollow
Ravensworth Farm,Week2,Chesterbrook,Week1,327.0 Chesterbrook - 75.0 Ravensworth Farm
Ravensworth Farm,Week1,Lee Graham,Week2,280.0 Lee Graham - 122.0 Ravensworth Farm
Ravensworth Farm,Week2,Chesterbrook,Week3,360.0 Chesterbrook - 42.0 Ravensworth Farm
Ravensworth Farm,Week1,Somerset-Olde Creek,Week5,317.0 Ravensworth Farm - 84.0 Somerset-Olde Creek
Riverside Gardens,Week5,Arlington Forest,Week5,250.0 Riverside Gardens - 152.0 Arlington Forest
Poplar Tree,Week5,Somerset-Olde Creek,Week5,331.0 Poplar Tree - 70.0 Somerset-Olde Creek
Ravensworth Farm,Week3,Sleepy Hollow Rec,Week2,294.0 Ravensworth Farm - 108.0 Sleepy Hollow Rec
Riverside Gardens,Week3,Fairfax Station,Week1,206.0 Fairfax Station - 196.0 Riverside Gardens
Riverside Gardens,Week2,Arlington Forest,Week3,280.0 Riverside Gardens - 122.0 Arlington Forest
Riverside Gardens,Week1,Hunt Valley,Week4,234.0 Hunt Valley - 168.0 Riverside Gardens
Riverside Gardens,Week4,Fairfax Station,Week1,202.0 Fairfax Station - 200.0 Riverside Gardens
Ravensworth Farm,Week5,Sleepy Hollow Rec,Week5,297.0 Ravensworth Farm - 105.0 Sleepy Hollow Rec
Ravensworth Farm,Week4,Chesterbrook,Week2,325.0 Chesterbrook - 77.0 Ravensworth Farm
Riverside Gardens,Week2,Fairfax Station,Week3,249.0 Fairfax Station - 153.0 Riverside Gardens
Poplar Tree,Week3,Shouse Village,Week4,220.0 Poplar Tree - 182.0 Shouse Village
Ravensworth Farm,Week5,Sleepy Hollow Rec,Week1,311.5 Ravensworth Farm - 90.5 Sleepy Hollow Rec
Riverside Gardens,Week1,Brandywine,Week3,226.0 Riverside Gardens - 176.0 Brandywine
Poplar Tree,Week4,Shouse Village,Week2,221.0 Poplar Tree - 181.0 Shouse Village
Ravensworth Farm,Week1,Somerset-Olde Creek,Week2,342.0 Ravensworth Farm - 60.0 Somerset-Olde Creek
Riverside Gardens,Week2,Hunt Valley,Week4,234.5 Hunt Valley - 167.5 Riverside Gardens
Riverside Gardens,Week3,Holmes Run Acres,Week2,282.0 Riverside Gardens - 120.0 Holmes Run Acres
Riverside Gardens,Week2,Arlington Forest,Week2,244.0 Riverside Gardens - 158.0 Arlington Forest
Riverside Gardens,Week2,Hunt Valley,Week1,228.0 Hunt Valley - 174.0 Riverside Gardens
Ravensworth Farm,Week5,Chesterbrook,Week5,323.0 Chesterbrook - 79.0 Ravensworth Farm
Ravensworth Farm,Week1,Lee Graham,Week5,274.0 Lee Graham - 128.0 Ravensworth Farm
Riverside Gardens,Week3,Fairfax Station,Week4,211.0 Fairfax Station - 191.0 Riverside Gardens
Poplar Tree,Week5,South Run,Week3,261.0 Poplar Tree - 140.0 South Run
Poplar Tree,Week1,Springboard,Week1,298.0 Poplar Tree - 103.0 Springboard
Poplar Tree,Week3,Shouse Village,Week5,208.0 Poplar Tree - 194.0 Shouse Village
Ravensworth Farm,Week5,Laurel Hill,Week2,324.0 Ravensworth Farm - 78.0 Laurel Hill
Riverside Gardens,Week1,Brandywine,Week5,202.5 Riverside Gardens - 199.5 Brandywine
Poplar Tree,Week1,Shouse Village,Week5,213.0 Poplar Tree - 189.0 Shouse Village
Riverside Gardens,Week4,Fairfax Station,Week3,216.0 Fairfax Station - 186.0 Riverside Gardens
Ravensworth Farm,Week3,Chesterbrook,Week5,330.0 Chesterbrook - 72.0 Ravensworth Farm
Ravensworth Farm,Week3,Chesterbrook,Week1,309.0 Chesterbrook - 93.0 Ravensworth Farm
Poplar Tree,Week1,Springboard,Week2,326.0 Poplar Tree - 76.0 Springboard
Ravensworth Farm,Week5,Laurel Hill,Week3,307.0 Ravensworth Farm - 95.0 Laurel Hill
Poplar Tree,Week3,Shouse Village,Week2,247.0 Poplar Tree - 155.0 Shouse Village
Riverside Gardens,Week4,Holmes Run Acres,Week1,276.0 Riverside Gardens - 126.0 Holmes Run Acres
Ravensworth Farm,Week5,Chesterbrook,Week2,332.0 Chesterbrook - 70.0 Ravensworth Farm
Poplar Tree,Week1,Springboard,Week3,311.0 Poplar Tree - 91.0 Springboard
Ravensworth Farm,Week5,Laurel Hill,Week1,307.0 Ravensworth Farm - 95.0 Laurel Hill
Riverside Gardens,Week1,Arlington Forest,Week5,212.0 Riverside Gardens - 190.0 Arlington Forest
Poplar Tree,Week1,Springfield,Week5,352.0 Poplar Tree - 45.0 Springfield
Ravensworth Farm,Week3,Sleepy Hollow Rec,Week1,292.0 Ravensworth Farm - 110.0 Sleepy Hollow Rec
Poplar Tree,Week3,Springboard,Week2,322.0 Poplar Tree - 80.0 Springboard
Ravensworth Farm,Week2,Chesterbrook,Week4,346.0 Chesterbrook - 56.0 Ravensworth Farm
Riverside Gardens,Week2,Arlington Forest,Week1,246.0 Riverside Gardens - 156.0 Arlington Forest
Ravensworth Farm,Week3,Sleepy Hollow Rec,Week5,290.0 Ravensworth Farm - 112.0 Sleepy Hollow Rec
Ravensworth Farm,Week4,Chesterbrook,Week1,306.0 Chesterbrook - 96.0 Ravensworth Farm
Poplar Tree,Week4,Shouse Village,Week4,210.0 Shouse Village - 192.0 Poplar Tree
Ravensworth Farm,Week2,Lee Graham,Week2,295.0 Lee Graham - 107.0 Ravensworth Farm
Poplar Tree,Week4,Shouse Village,Week3,212.0 Poplar Tree - 190.0 Shouse Village
Riverside Gardens,Week5,Holmes Run Acres,Week1,270.0 Riverside Gardens - 132.0 Holmes Run Acres
Riverside Gardens,Week3,Arlington Forest,Week2,286.0 Riverside Gardens - 116.0 Arlington Forest
Ravensworth Farm,Week2,Lee Graham,Week3,284.0 Lee Graham - 118.0 Ravensworth Farm
Riverside Gardens,Week2,Fairfax Station,Week2,224.0 Fairfax Station - 178.0 Riverside Gardens
Riverside Gardens,Week4,Fairfax Station,Week5,208.0 Fairfax Station - 194.0 Riverside Gardens
Ravensworth Farm,Week4,Sleepy Hollow Rec,Week1,286.0 Ravensworth Farm - 116.0 Sleepy Hollow Rec
Riverside Gardens,Week5,Holmes Run Acres,Week2,277.5 Riverside Gardens - 124.5 Holmes Run Acres
Poplar Tree,Week1,Springfield,Week4,349.0 Poplar Tree - 47.0 Springfield
Ravensworth Farm,Week1,Sleepy Hollow Rec,Week4,296.0 Ravensworth Farm - 106.0 Sleepy Hollow Rec
Riverside Gardens,Week3,Holmes Run Acres,Week3,230.0 Riverside Gardens - 172.0 Holmes Run Acres
Ravensworth Farm,Week5,Chesterbrook,Week1,315.0 Chesterbrook - 87.0 Ravensworth Farm
Poplar Tree,Week5,Shouse Village,Week1,255.0 Poplar Tree - 146.0 Shouse Village
Riverside Gardens,Week2,Kings Ridge ,Week1,316.0 Riverside Gardens - 86.0 Kings Ridge
Ravensworth Farm,Week2,Lee Graham,Week4,266.0 Lee Graham - 136.0 Ravensworth Farm
Riverside Gardens,Week5,Fairfax Station,Week1,206.0 Fairfax Station - 196.0 Riverside Gardens
Poplar Tree,Week4,Springboard,Week3,278.0 Poplar Tree - 123.0 Springboard
Ravensworth Farm,Week4,Chesterbrook,Week5,336.0 Chesterbrook - 66.0 Ravensworth Farm
Riverside Gardens,Week4,Arlington Forest,Week2,285.0 Riverside Gardens - 117.0 Arlington Forest
Riverside Gardens,Week5,Arlington Forest,Week4,266.0 Riverside Gardens - 136.0 Arlington Forest
Poplar Tree,Week5,Shouse Village,Week2,263.0 Poplar Tree - 139.0 Shouse Village
Ravensworth Farm,Week2,Lee Graham,Week5,290.5 Lee Graham - 111.5 Ravensworth Farm
Riverside Gardens,Week3,Kent Gardens,Week3,276.0 Riverside Gardens - 126.0 Kent Gardens
Poplar Tree,Week4,Shouse Village,Week5,202.0 Shouse Village - 200.0 Poplar Tree
Riverside Gardens,Week3,Arlington Forest,Week5,232.0 Riverside Gardens - 170.0 Arlington Forest
Riverside Gardens,Week1,Holmes Run Acres,Week5,211.0 Riverside Gardens - 191.0 Holmes Run Acres
Riverside Gardens,Week3,Brandywine,Week2,257.0 Riverside Gardens - 145.0 Brandywine
Ravensworth Farm,Week1,Lee Graham,Week1,264.0 Lee Graham - 138.0 Ravensworth Farm
Ravensworth Farm,Week4,Chesterbrook,Week4,341.0 Chesterbrook - 61.0 Ravensworth Farm
Riverside Gardens,Week2,Kent Gardens,Week5,201.0 Kent Gardens - 201.0 Riverside Gardens
Poplar Tree,Week5,Shouse Village,Week3,248.0 Poplar Tree - 154.0 Shouse Village
Ravensworth Farm,Week5,Chesterbrook,Week4,334.0 Chesterbrook - 68.0 Ravensworth Farm
Ravensworth Farm,Week1,Somerset-Olde Creek,Week1,329.0 Ravensworth Farm - 72.0 Somerset-Olde Creek
Riverside Gardens,Week1,Forest Hollow,Week3,223.5 Riverside Gardens - 178.5 Forest Hollow
Ravensworth Farm,Week2,Sleepy Hollow Rec,Week4,268.0 Ravensworth Farm - 134.0 Sleepy Hollow Rec
Riverside Gardens,Week1,Brandywine,Week2,237.0 Riverside Gardens - 165.0 Brandywine
Ravensworth Farm,Week4,Laurel Hill,Week5,266.0 Ravensworth Farm - 136.0 Laurel Hill
Poplar Tree,Week3,Springboard,Week4,293.0 Poplar Tree - 109.0 Springboard
Riverside Gardens,Week2,Holmes Run Acres,Week5,210.0 Holmes Run Acres - 192.0 Riverside Gardens
Ravensworth Farm,Week3,Sleepy Hollow Rec,Week3,275.0 Ravensworth Farm - 127.0 Sleepy Hollow Rec
Riverside Gardens,Week1,Arlington Forest,Week3,295.0 Riverside Gardens - 107.0 Arlington Forest
Ravensworth Farm,Week2,Sleepy Hollow Rec,Week3,229.0 Ravensworth Farm - 173.0 Sleepy Hollow Rec
Poplar Tree,Week5,Shouse Village,Week5,225.0 Poplar Tree - 177.0 Shouse Village
Riverside Gardens,Week3,Brandywine,Week5,220.0 Riverside Gardens - 182.0 Brandywine
Ravensworth Farm,Week3,Somerset-Olde Creek,Week2,340.0 Ravensworth Farm - 61.0 Somerset-Olde Creek
Ravensworth Farm,Week3,Lee Graham,Week2,271.0 Lee Graham - 131.0 Ravensworth Farm
Riverside Gardens,Week2,Holmes Run Acres,Week4,231.0 Riverside Gardens - 171.0 Holmes Run Acres
Ravensworth Farm,Week4,Chesterbrook,Week3,356.0 Chesterbrook - 46.0 Ravensworth Farm
Riverside Gardens,Week2,Fairfax Station,Week5,229.0 Fairfax Station - 173.0 Riverside Gardens
Poplar Tree,Week2,Springboard,Week3,288.0 Poplar Tree - 113.0 Springboard
Ravensworth Farm,Week3,Lee Graham,Week3,270.0 Lee Graham - 132.0 Ravensworth Farm
Riverside Gardens,Week2,Holmes Run Acres,Week1,243.0 Riverside Gardens - 159.0 Holmes Run Acres
Riverside Gardens,Week2,Kings Ridge ,Week3,294.0 Riverside Gardens - 108.0 Kings Ridge
Ravensworth Farm,Week5,Chesterbrook,Week3,343.0 Chesterbrook - 59.0 Ravensworth Farm
Riverside Gardens,Week1,Forest Hollow,Week2,241.0 Riverside Gardens - 161.0 Forest Hollow
Ravensworth Farm,Week3,Chesterbrook,Week3,346.0 Chesterbrook - 56.0 Ravensworth Farm
Poplar Tree,Week4,Springboard,Week5,278.0 Poplar Tree - 123.0 Springboard
Riverside Gardens,Week5,Holmes Run Acres,Week5,224.0 Riverside Gardens - 178.0 Holmes Run Acres
Ravensworth Farm,Week3,Lee Graham,Week1,258.0 Lee Graham - 144.0 Ravensworth Farm
Riverside Gardens,Week2,Kent Gardens,Week3,250.0 Riverside Gardens - 152.0 Kent Gardens
Ravensworth Farm,Week4,Sleepy Hollow Rec,Week3,260.0 Ravensworth Farm - 142.0 Sleepy Hollow Rec
Poplar Tree,Week4,Springboard,Week2,302.0 Poplar Tree - 99.0 Springboard
Riverside Gardens,Week5,Annandale,Week5,329.0 Riverside Gardens - 73.0 Annandale
Ravensworth Farm,Week3,Chesterbrook,Week2,321.0 Chesterbrook - 81.0 Ravensworth Farm
Riverside Gardens,Week2,Holmes Run Acres,Week3,202.0 Holmes Run Acres - 200.0 Riverside Gardens
Poplar Tree,Week3,Springboard,Week5,287.0 Poplar Tree - 115.0 Springboard
Riverside Gardens,Week4,Kent Gardens,Week5,229.0 Riverside Gardens - 173.0 Kent Gardens
Poplar Tree,Week5,Springboard,Week4,309.0 Poplar Tree - 93.0 Springboard
Riverside Gardens,Week4,Fairfax Station,Week4,214.0 Riverside Gardens - 188.0 Fairfax Station
Riverside Gardens,Week4,Kent Gardens,Week1,270.0 Riverside Gardens - 132.0 Kent Gardens
Poplar Tree,Week3,Springboard,Week1,306.0 Poplar Tree - 95.0 Springboard
Riverside Gardens,Week1,Forest Hollow,Week1,231.0 Riverside Gardens - 171.0 Forest Hollow
Ravensworth Farm,Week2,Lee Graham,Week1,273.0 Lee Graham - 129.0 Ravensworth Farm
Ravensworth Farm,Week3,Lee Graham,Week4,236.0 Lee Graham - 166.0 Ravensworth Farm
Poplar Tree,Week5,Shouse Village,Week4,230.0 Poplar Tree - 172.0 Shouse Village
Riverside Gardens,Week2,Hunt Valley,Week2,222.0 Hunt Valley - 180.0 Riverside Gardens
Riverside Gardens,Week3,Fairfax Station,Week5,225.0 Fairfax Station - 177.0 Riverside Gardens
Riverside Gardens,Week2,Kent Gardens,Week4,244.0 Riverside Gardens - 158.0 Kent Gardens
Ravensworth Farm,Week1,Somerset-Olde Creek,Week3,329.0 Ravensworth Farm - 72.0 Somerset-Olde Creek
Poplar Tree,Week4,Springboard,Week1,277.0 Poplar Tree - 123.0 Springboard
Ravensworth Farm,Week3,Lee Graham,Week5,280.0 Lee Graham - 122.0 Ravensworth Farm
Riverside Gardens,Week5,Annandale,Week2,333.0 Riverside Gardens - 69.0 Annandale
Ravensworth Farm,Week5,Sleepy Hollow Rec,Week2,318.0 Ravensworth Farm - 84.0 Sleepy Hollow Rec
Riverside Gardens,Week5,Kent Gardens,Week2,291.0 Riverside Gardens - 111.0 Kent Gardens
Poplar Tree,Week4,Springboard,Week4,278.0 Poplar Tree - 124.0 Springboard
Riverside Gardens,Week3,Arlington Forest,Week3,291.0 Riverside Gardens - 111.0 Arlington Forest
Riverside Gardens,Week3,Fairfax Station,Week2,209.0 Fairfax Station - 193.0 Riverside Gardens
Riverside Gardens,Week4,Kent Gardens,Week3,289.0 Riverside Gardens - 113.0 Kent Gardens
Ravensworth Farm,Week1,Lee Graham,Week4,254.0 Lee Graham - 148.0 Ravensworth Farm
Riverside Gardens,Week3,Arlington Forest,Week1,277.0 Riverside Gardens - 125.0 Arlington Forest
Ravensworth Farm,Week3,Chesterbrook,Week4,327.0 Chesterbrook - 75.0 Ravensworth Farm
Riverside Gardens,Week1,Hunt Valley,Week2,214.0 Hunt Valley - 188.0 Riverside Gardens
Ravensworth Farm,Week1,Commonwealth,Week2,240.0 Ravensworth Farm - 162.0 Commonwealth
Ravensworth Farm,Week2,Sleepy Hollow Rec,Week5,249.0 Ravensworth Farm - 153.0 Sleepy Hollow Rec
Riverside Gardens,Week4,Holmes Run Acres,Week5,233.0 Riverside Gardens - 169.0 Holmes Run Acres
Ravensworth Farm,Week4,Lee Graham,Week1,247.0 Lee Graham - 155.0 Ravensworth Farm
Riverside Gardens,Week1,Forest Hollow,Week5,221.0 Riverside Gardens - 181.0 Forest Hollow
Riverside Gardens,Week2,Kent Gardens,Week1,234.0 Riverside Gardens - 168.0 Kent Gardens
Ravensworth Farm,Week1,Commonwealth,Week5,259.0 Ravensworth Farm - 143.0 Commonwealth
Riverside Gardens,Week2,Arlington Forest,Week5,209.0 Riverside Gardens - 193.0 Arlington Forest
Riverside Gardens,Week5,Fairfax Station,Week4,207.0 Riverside Gardens - 195.0 Fairfax Station
Riverside Gardens,Week1,Hunt Valley,Week1,206.0 Hunt Valley - 196.0 Riverside Gardens
Poplar Tree,Week5,Springboard,Week5,304.0 Poplar Tree - 98.0 Springboard
Ravensworth Farm,Week4,Sleepy Hollow Rec,Week4,295.0 Ravensworth Farm - 107.0 Sleepy Hollow Rec
Riverside Gardens,Week4,Fairfax Station,Week2,201.0 Fairfax Station - 201.0 Riverside Gardens
Riverside Gardens,Week3,Hunt Valley,Week1,208.0 Hunt Valley - 194.0 Riverside Gardens
Riverside Gardens,Week5,Kent Gardens,Week3,283.0 Riverside Gardens - 119.0 Kent Gardens
Riverside Gardens,Week5,Fairfax Station,Week3,218.0 Fairfax Station - 184.0 Riverside Gardens
Poplar Tree,Week5,Springboard,Week2,337.0 Poplar Tree - 65.0 Springboard
Ravensworth Farm,Week2,Commonwealth,Week1,266.0 Ravensworth Farm - 134.0 Commonwealth
Riverside Gardens,Week2,Hunt Valley,Week3,252.0 Hunt Valley - 150.0 Riverside Gardens
Ravensworth Farm,Week5,Laurel Hill,Week5,279.0 Ravensworth Farm - 123.0 Laurel Hill
Ravensworth Farm,Week2,Commonwealth,Week4,243.0 Ravensworth Farm - 158.0 Commonwealth
Ravensworth Farm,Week5,Laurel Hill,Week4,324.0 Ravensworth Farm - 78.0 Laurel Hill
Poplar Tree,Week2,Springboard,Week4,284.0 Poplar Tree - 118.0 Springboard
Ravensworth Farm,Week1,Sleepy Hollow Rec,Week1,291.0 Ravensworth Farm - 111.0 Sleepy Hollow Rec
Ravensworth Farm,Week1,Sleepy Hollow Rec,Week5,267.0 Ravensworth Farm - 135.0 Sleepy Hollow Rec
Riverside Gardens,Week5,Fairfax Station,Week5,218.0 Fairfax Station - 184.0 Riverside Gardens
Riverside Gardens,Week5,Annandale,Week4,351.0 Riverside Gardens - 51.0 Annandale
Ravensworth Farm,Week2,Commonwealth,Week5,231.0 Ravensworth Farm - 171.0 Commonwealth
Riverside Gardens,Week1,Kings Ridge ,Week3,317.0 Riverside Gardens - 85.0 Kings Ridge
Riverside Gardens,Week1,Arlington Forest,Week1,259.5 Riverside Gardens - 142.5 Arlington Forest
Riverside Gardens,Week4,Kent Gardens,Week2,286.0 Riverside Gardens - 116.0 Kent Gardens
Riverside Gardens,Week3,Hunt Valley,Week5,225.0 Hunt Valley - 177.0 Riverside Gardens
Riverside Gardens,Week5,Kent Gardens,Week1,266.0 Riverside Gardens - 136.0 Kent Gardens
Ravensworth Farm,Week5,Commonwealth,Week5,272.0 Ravensworth Farm - 130.0 Commonwealth
Riverside Gardens,Week2,Kent Gardens,Week2,262.0 Riverside Gardens - 140.0 Kent Gardens
Riverside Gardens,Week3,Hunt Valley,Week2,204.0 Riverside Gardens - 198.0 Hunt Valley
Ravensworth Farm,Week1,Sleepy Hollow Rec,Week2,288.0 Ravensworth Farm - 114.0 Sleepy Hollow Rec
Riverside Gardens,Week3,Kent Gardens,Week2,281.5 Riverside Gardens - 120.5 Kent Gardens
Riverside Gardens,Week3,Fairfax Station,Week3,217.0 Fairfax Station - 185.0 Riverside Gardens
Riverside Gardens,Week2,Fairfax Station,Week4,216.0 Fairfax Station - 186.0 Riverside Gardens
Ravensworth Farm,Week3,Cottontail,Week3,262.0 Ravensworth Farm - 140.0 Cottontail
Ravensworth Farm,Week2,Sleepy Hollow Rec,Week2,268.0 Ravensworth Farm - 134.0 Sleepy Hollow Rec
Poplar Tree,Week2,Springboard,Week2,313.0 Poplar Tree - 78.0 Springboard
Ravensworth Farm,Week1,Sleepy Hollow Rec,Week3,263.0 Ravensworth Farm - 139.0 Sleepy Hollow Rec
Riverside Gardens,Week4,Kent Gardens,Week4,278.0 Riverside Gardens - 124.0 Kent Gardens
Ravensworth Farm,Week2,Sleepy Hollow Rec,Week1,261.0 Ravensworth Farm - 141.0 Sleepy Hollow Rec
Ravensworth Farm,Week4,Commonwealth,Week3,259.0 Ravensworth Farm - 143.0 Commonwealth
Ravensworth Farm,Week2,Cottontail,Week5,223.0 Ravensworth Farm - 179.0 Cottontail
Riverside Gardens,Week2,Forest Hollow,Week2,237.0 Riverside Gardens - 165.0 Forest Hollow
Ravensworth Farm,Week4,Sleepy Hollow Rec,Week2,291.0 Ravensworth Farm - 111.0 Sleepy Hollow Rec
Poplar Tree,Week1,Springfield,Week2,361.0 Poplar Tree - 33.0 Springfield
Riverside Gardens,Week4,Arlington Forest,Week4,260.0 Riverside Gardens - 142.0 Arlington Forest
Riverside Gardens,Week3,Hunt Valley,Week3,223.5 Hunt Valley - 178.5 Riverside Gardens
Riverside Gardens,Week4,Arlington Forest,Week3,301.0 Riverside Gardens - 101.0 Arlington Forest
Riverside Gardens,Week4,Hunt Valley,Week1,204.0 Riverside Gardens - 198.0 Hunt Valley
Riverside Gardens,Week3,Hunt Valley,Week4,208.0 Hunt Valley - 194.0 Riverside Gardens
Riverside Gardens,Week5,Fairfax Station,Week2,203.5 Fairfax Station - 198.5 Riverside Gardens
Poplar Tree,Week2,Springboard,Week1,284.0 Poplar Tree - 117.0 Springboard
Riverside Gardens,Week1,Forest Hollow,Week4,221.5 Riverside Gardens - 180.5 Forest Hollow
Riverside Gardens,Week4,Arlington Forest,Week5,250.0 Riverside Gardens - 152.0 Arlington Forest
Poplar Tree,Week5,Springboard,Week1,311.0 Poplar Tree - 91.0 Springboard
Riverside Gardens,Week3,Arlington Forest,Week4,257.0 Riverside Gardens - 145.0 Arlington Forest
Poplar Tree,Week1,Springboard,Week4,291.0 Poplar Tree - 111.0 Springboard
Riverside Gardens,Week5,Arlington Forest,Week1,292.0 Riverside Gardens - 110.0 Arlington Forest
Ravensworth Farm,Week1,Cottontail,Week5,230.0 Ravensworth Farm - 172.0 Cottontail
Riverside Gardens,Week1,Kings Ridge ,Week1,327.0 Riverside Gardens - 75.0 Kings Ridge
Ravensworth Farm,Week5,Sleepy Hollow Rec,Week3,300.0 Ravensworth Farm - 102.0 Sleepy Hollow Rec
Riverside Gardens,Week3,Kent Gardens,Week5,225.0 Riverside Gardens - 177.0 Kent Gardens
Riverside Gardens,Week4,Hunter Mill,Week4,228.0 Riverside Gardens - 174.0 Hunter Mill
Riverside Gardens,Week2,Hunter Mill,Week2,232.0 Riverside Gardens - 170.0 Hunter Mill
Riverside Gardens,Week2,Forest Hollow,Week4,218.0 Riverside Gardens - 184.0 Forest Hollow
Poplar Tree,Week1,Springboard,Week5,295.0 Poplar Tree - 107.0 Springboard
Ravensworth Farm,Week2,Somerset-Olde Creek,Week1,312.0 Ravensworth Farm - 88.0 Somerset-Olde Creek
Riverside Gardens,Week1,Kings Ridge ,Week4,306.0 Riverside Gardens - 96.0 Kings Ridge
Riverside Gardens,Week5,Forest Hollow,Week1,256.0 Riverside Gardens - 146.0 Forest Hollow
Riverside Gardens,Week5,Forest Hollow,Week4,253.0 Riverside Gardens - 149.0 Forest Hollow
Ravensworth Farm,Week4,Commonwealth,Week1,278.0 Ravensworth Farm - 123.0 Commonwealth
Ravensworth Farm,Week3,Commonwealth,Week3,279.0 Ravensworth Farm - 123.0 Commonwealth
Riverside Gardens,Week1,Brandywine,Week1,259.0 Riverside Gardens - 143.0 Brandywine
Riverside Gardens,Week5,Hunter Mill,Week3,226.0 Riverside Gardens - 176.0 Hunter Mill
Poplar Tree,Week2,Springboard,Week5,280.0 Poplar Tree - 121.0 Springboard
Riverside Gardens,Week1,Fox Hunt,Week3,238.0 Riverside Gardens - 164.0 Fox Hunt
Riverside Gardens,Week2,Forest Hollow,Week5,219.0 Riverside Gardens - 183.0 Forest Hollow
Riverside Gardens,Week5,Kent Gardens,Week5,243.0 Riverside Gardens - 159.0 Kent Gardens
Riverside Gardens,Week1,Brandywine,Week4,217.0 Riverside Gardens - 185.0 Brandywine
Ravensworth Farm,Week2,Somerset-Olde Creek,Week3,321.0 Ravensworth Farm - 80.0 Somerset-Olde Creek
Riverside Gardens,Week2,Brandywine,Week1,252.0 Riverside Gardens - 150.0 Brandywine
Riverside Gardens,Week5,Arlington Forest,Week2,298.0 Riverside Gardens - 104.0 Arlington Forest
Ravensworth Farm,Week2,Somerset-Olde Creek,Week2,323.0 Ravensworth Farm - 78.0 Somerset-Olde Creek
Ravensworth Farm,Week3,Commonwealth,Week4,287.0 Ravensworth Farm - 115.0 Commonwealth
Riverside Gardens,Week2,Brandywine,Week2,226.0 Riverside Gardens - 176.0 Brandywine
Riverside Gardens,Week4,Hunter Mill,Week1,243.0 Riverside Gardens - 159.0 Hunter Mill
Ravensworth Farm,Week5,Commonwealth,Week2,268.0 Ravensworth Farm - 134.0 Commonwealth
Riverside Gardens,Week1,Kings Ridge ,Week2,324.0 Riverside Gardens - 78.0 Kings Ridge
Ravensworth Farm,Week1,Somerset-Olde Creek,Week4,336.0 Ravensworth Farm - 66.0 Somerset-Olde Creek
Riverside Gardens,Week4,Hunt Valley,Week3,212.0 Hunt Valley - 190.0 Riverside Gardens
Poplar Tree,Week1,Springfield,Week1,355.0 Poplar Tree - 41.0 Springfield
Poplar Tree,Week1,Springfield,Week3,362.0 Poplar Tree - 35.0 Springfield
Ravensworth Farm,Week5,Sleepy Hollow Rec,Week4,327.0 Ravensworth Farm - 75.0 Sleepy Hollow Rec
Poplar Tree,Week3,Springboard,Week3,304.0 Poplar Tree - 98.0 Springboard
Riverside Gardens,Week1,Fox Hunt,Week5,230.0 Riverside Gardens - 172.0 Fox Hunt
Ravensworth Farm,Week4,Commonwealth,Week4,254.0 Ravensworth Farm - 148.0 Commonwealth
Ravensworth Farm,Week4,Cottontail,Week2,253.0 Ravensworth Farm - 149.0 Cottontail
Ravensworth Farm,Week2,Somerset-Olde Creek,Week4,312.0 Ravensworth Farm - 90.0 Somerset-Olde Creek
Riverside Gardens,Week3,Kent Gardens,Week1,261.0 Riverside Gardens - 141.0 Kent Gardens
Riverside Gardens,Week3,Kent Gardens,Week4,269.0 Riverside Gardens - 133.0 Kent Gardens
Riverside Gardens,Week2,Hunter Mill,Week1,234.0 Riverside Gardens - 168.0 Hunter Mill
Riverside Gardens,Week3,Fox Hunt,Week1,281.0 Riverside Gardens - 121.0 Fox Hunt
Poplar Tree,Week2,Springfield,Week1,344.0 Poplar Tree - 55.0 Springfield
Riverside Gardens,Week5,Arlington Forest,Week3,301.0 Riverside Gardens - 101.0 Arlington Forest
Riverside Gardens,Week2,Brandywine,Week3,217.0 Riverside Gardens - 185.0 Brandywine
Poplar Tree,Week5,Springboard,Week3,309.0 Poplar Tree - 93.0 Springboard
Riverside Gardens,Week4,Hunter Mill,Week3,224.0 Riverside Gardens - 178.0 Hunter Mill
Ravensworth Farm,Week2,Cottontail,Week3,234.0 Ravensworth Farm - 168.0 Cottontail
Riverside Gardens,Week4,Hunt Valley,Week2,205.0 Riverside Gardens - 197.0 Hunt Valley
Poplar Tree,Week2,Springfield,Week4,336.0 Poplar Tree - 58.0 Springfield
Poplar Tree,Week2,Springfield,Week2,353.0 Poplar Tree - 46.0 Springfield
Riverside Gardens,Week2,Hunter Mill,Week3,207.0 Riverside Gardens - 195.0 Hunter Mill
Ravensworth Farm,Week1,Cottontail,Week1,250.0 Ravensworth Farm - 152.0 Cottontail
Riverside Gardens,Week4,Forest Hollow,Week3,259.0 Riverside Gardens - 143.0 Forest Hollow
Riverside Gardens,Week5,Hunter Mill,Week5,207.0 Riverside Gardens - 195.0 Hunter Mill
Riverside Gardens,Week2,Fox Hunt,Week3,226.5 Riverside Gardens - 170.5 Fox Hunt
Riverside Gardens,Week2,Brandywine,Week5,206.0 Brandywine - 196.0 Riverside Gardens
Riverside Gardens,Week2,Brandywine,Week4,226.0 Riverside Gardens - 176.0 Brandywine
Ravensworth Farm,Week2,Somerset-Olde Creek,Week5,290.0 Ravensworth Farm - 112.0 Somerset-Olde Creek
Riverside Gardens,Week3,Forest Hollow,Week3,244.0 Riverside Gardens - 158.0 Forest Hollow
Riverside Gardens,Week5,Kent Gardens,Week4,280.0 Riverside Gardens - 122.0 Kent Gardens
Ravensworth Farm,Week3,Somerset-Olde Creek,Week1,334.0 Ravensworth Farm - 67.0 Somerset-Olde Creek
Riverside Gardens,Week1,Kings Ridge ,Week5,307.0 Riverside Gardens - 95.0 Kings Ridge
Ravensworth Farm,Week1,Cottontail,Week4,265.0 Ravensworth Farm - 137.0 Cottontail
Ravensworth Farm,Week2,Cottontail,Week4,240.0 Ravensworth Farm - 162.0 Cottontail
Riverside Gardens,Week3,Brandywine,Week1,281.0 Riverside Gardens - 121.0 Brandywine
Poplar Tree,Week2,Springfield,Week5,350.0 Poplar Tree - 43.0 Springfield
Riverside Gardens,Week3,Hunter Mill,Week2,231.0 Riverside Gardens - 171.0 Hunter Mill
Poplar Tree,Week4,Springfield,Week1,329.0 Poplar Tree - 68.0 Springfield
Riverside Gardens,Week4,Forest Hollow,Week4,239.0 Riverside Gardens - 163.0 Forest Hollow
Ravensworth Farm,Week3,Somerset-Olde Creek,Week3,338.0 Ravensworth Farm - 63.0 Somerset-Olde Creek
Riverside Gardens,Week1,Hunter Mill,Week3,202.0 Hunter Mill - 200.0 Riverside Gardens
Riverside Gardens,Week3,Forest Hollow,Week2,254.0 Riverside Gardens - 148.0 Forest Hollow
Riverside Gardens,Week2,Fox Hunt,Week1,259.5 Riverside Gardens - 142.5 Fox Hunt
Ravensworth Farm,Week3,Somerset-Olde Creek,Week5,329.0 Ravensworth Farm - 72.0 Somerset-Olde Creek
Riverside Gardens,Week3,Brandywine,Week3,241.0 Riverside Gardens - 161.0 Brandywine
Poplar Tree,Week3,Springfield,Week1,358.0 Poplar Tree - 40.0 Springfield
Riverside Gardens,Week1,Lake Braddock,Week1,357.0 Riverside Gardens - 45.0 Lake Braddock
Riverside Gardens,Week2,Fox Hunt,Week2,264.0 Riverside Gardens - 138.0 Fox Hunt
Ravensworth Farm,Week1,South Run,Week3,250.0 Ravensworth Farm - 152.0 South Run
Riverside Gardens,Week3,Brandywine,Week4,252.0 Riverside Gardens - 150.0 Brandywine
Riverside Gardens,Week4,Brandywine,Week1,278.0 Riverside Gardens - 124.0 Brandywine
Ravensworth Farm,Week3,Cottontail,Week4,260.0 Ravensworth Farm - 142.0 Cottontail
Riverside Gardens,Week1,Hunter Mill,Week1,237.0 Riverside Gardens - 165.0 Hunter Mill
Riverside Gardens,Week1,Lake Braddock,Week5,344.0 Riverside Gardens - 58.0 Lake Braddock
Poplar Tree,Week3,Springfield,Week2,366.0 Poplar Tree - 31.0 Springfield
Ravensworth Farm,Week1,Country Club Hills,Week4,263.0 Ravensworth Farm - 139.0 Country Club Hills
Riverside Gardens,Week2,Kings Ridge ,Week5,292.0 Riverside Gardens - 110.0 Kings Ridge
Ravensworth Farm,Week1,South Run,Week4,251.0 Ravensworth Farm - 151.0 South Run
Riverside Gardens,Week2,Kings Ridge ,Week2,313.0 Riverside Gardens - 89.0 Kings Ridge
Ravensworth Farm,Week2,Cottontail,Week1,225.0 Ravensworth Farm - 177.0 Cottontail
Riverside Gardens,Week4,Hunt Valley,Week5,214.0 Hunt Valley - 188.0 Riverside Gardens
Ravensworth Farm,Week3,South Run,Week5,213.0 Ravensworth Farm - 189.0 South Run
Poplar Tree,Week3,Springfield,Week3,364.0 Poplar Tree - 33.0 Springfield
Riverside Gardens,Week3,Lake Braddock,Week1,363.0 Riverside Gardens - 39.0 Lake Braddock
Riverside Gardens,Week3,Kings Ridge ,Week1,325.0 Riverside Gardens - 77.0 Kings Ridge
Poplar Tree,Week3,Springfield,Week5,361.0 Poplar Tree - 37.0 Springfield
Ravensworth Farm,Week4,Commonwealth,Week2,238.0 Ravensworth Farm - 164.0 Commonwealth
Riverside Gardens,Week2,Hunter Mill,Week4,202.0 Hunter Mill - 200.0 Riverside Gardens
Riverside Gardens,Week4,Forest Hollow,Week5,232.0 Riverside Gardens - 170.0 Forest Hollow
Ravensworth Farm,Week4,South Run,Week1,238.0 Ravensworth Farm - 155.0 South Run
Riverside Gardens,Week1,Hunter Mill,Week4,204.0 Riverside Gardens - 198.0 Hunter Mill
Riverside Gardens,Week5,Brandywine,Week4,258.0 Riverside Gardens - 144.0 Brandywine
Poplar Tree,Week4,Springfield,Week4,325.0 Poplar Tree - 73.0 Springfield
Riverside Gardens,Week3,Hunter Mill,Week1,247.0 Riverside Gardens - 155.0 Hunter Mill
Poplar Tree,Week2,Springfield,Week3,350.5 Poplar Tree - 43.5 Springfield
Ravensworth Farm,Week4,Somerset-Olde Creek,Week2,339.0 Ravensworth Farm - 63.0 Somerset-Olde Creek
Riverside Gardens,Week1,Bren Mar-Edsall Park,Week3,381.0 Riverside Gardens - 21.0 Bren Mar-Edsall Park
Poplar Tree,Week4,Springfield,Week3,343.0 Poplar Tree - 53.0 Springfield
Riverside Gardens,Week3,Hunter Mill,Week4,224.0 Riverside Gardens - 178.0 Hunter Mill
Ravensworth Farm,Week5,Commonwealth,Week3,282.0 Ravensworth Farm - 120.0 Commonwealth
Ravensworth Farm,Week5,South Run,Week2,264.0 Ravensworth Farm - 138.0 South Run
Ravensworth Farm,Week3,Commonwealth,Week2,275.0 Ravensworth Farm - 127.0 Commonwealth
Riverside Gardens,Week5,Brandywine,Week3,245.0 Riverside Gardens - 157.0 Brandywine
Riverside Gardens,Week3,Hunter Mill,Week5,204.0 Riverside Gardens - 198.0 Hunter Mill
Riverside Gardens,Week3,Forest Hollow,Week1,238.0 Riverside Gardens - 164.0 Forest Hollow
Riverside Gardens,Week1,Bren Mar-Edsall Park,Week4,381.0 Riverside Gardens - 21.0 Bren Mar-Edsall Park
Riverside Gardens,Week4,Forest Hollow,Week1,253.0 Riverside Gardens - 149.0 Forest Hollow
Riverside Gardens,Week5,Hunt Valley,Week1,214.0 Riverside Gardens - 188.0 Hunt Valley
Riverside Gardens,Week3,Forest Hollow,Week4,238.0 Riverside Gardens - 164.0 Forest Hollow
Riverside Gardens,Week4,Kings Ridge ,Week5,317.5 Riverside Gardens - 84.5 Kings Ridge
Ravensworth Farm,Week1,Cottontail,Week2,258.0 Ravensworth Farm - 144.0 Cottontail
Ravensworth Farm,Week4,Commonwealth,Week5,244.0 Ravensworth Farm - 158.0 Commonwealth
Ravensworth Farm,Week5,Commonwealth,Week1,301.0 Ravensworth Farm - 101.0 Commonwealth
Riverside Gardens,Week5,Brandywine,Week2,279.0 Riverside Gardens - 123.0 Brandywine
Ravensworth Farm,Week3,Somerset-Olde Creek,Week4,333.0 Ravensworth Farm - 68.0 Somerset-Olde Creek
Poplar Tree,Week4,Springfield,Week5,343.0 Poplar Tree - 52.0 Springfield
Ravensworth Farm,Week5,Commonwealth,Week4,293.0 Ravensworth Farm - 109.0 Commonwealth
Riverside Gardens,Week1,Bren Mar-Edsall Park,Week1,384.0 Riverside Gardens - 18.0 Bren Mar-Edsall Park
Ravensworth Farm,Week1,South Run,Week5,214.0 Ravensworth Farm - 188.0 South Run
Riverside Gardens,Week3,Kings Ridge ,Week5,311.0 Riverside Gardens - 91.0 Kings Ridge
Riverside Gardens,Week1,Bren Mar-Edsall Park,Week2,386.0 Riverside Gardens - 16.0 Bren Mar-Edsall Park
Riverside Gardens,Week2,Lake Braddock,Week2,337.0 Riverside Gardens - 65.0 Lake Braddock
Riverside Gardens,Week3,Forest Hollow,Week5,235.0 Riverside Gardens - 167.0 Forest Hollow
Poplar Tree,Week4,Springfield,Week2,343.0 Poplar Tree - 54.0 Springfield
Ravensworth Farm,Week4,South Run,Week5,231.0 Ravensworth Farm - 171.0 South Run
Riverside Gardens,Week5,Kings Ridge ,Week3,316.0 Riverside Gardens - 86.0 Kings Ridge
Riverside Gardens,Week3,Kings Ridge ,Week2,336.0 Riverside Gardens - 66.0 Kings Ridge
Riverside Gardens,Week4,Forest Hollow,Week2,261.0 Riverside Gardens - 141.0 Forest Hollow
Riverside Gardens,Week5,Forest Hollow,Week2,265.0 Riverside Gardens - 137.0 Forest Hollow
Ravensworth Farm,Week3,South Run,Week3,233.0 Ravensworth Farm - 168.0 South Run
Riverside Gardens,Week4,Brandywine,Week2,271.0 Riverside Gardens - 131.0 Brandywine
Poplar Tree,Week5,Springfield,Week1,368.0 Poplar Tree - 32.0 Springfield
Riverside Gardens,Week5,Hunt Valley,Week5,231.0 Hunt Valley - 171.0 Riverside Gardens
Poplar Tree,Week5,Mantua,Week4,230.0 Poplar Tree - 172.0 Mantua
Riverside Gardens,Week2,Lake Braddock,Week3,339.0 Riverside Gardens - 63.0 Lake Braddock
Ravensworth Farm,Week1,Cottontail,Week3,254.0 Ravensworth Farm - 148.0 Cottontail
Riverside Gardens,Week2,Fox Hunt,Week4,252.0 Riverside Gardens - 150.0 Fox Hunt
Ravensworth Farm,Week3,Cottontail,Week1,251.0 Ravensworth Farm - 151.0 Cottontail
Riverside Gardens,Week4,Brandywine,Week3,250.0 Riverside Gardens - 152.0 Brandywine
Riverside Gardens,Week4,Hunt Valley,Week4,207.0 Riverside Gardens - 195.0 Hunt Valley
Ravensworth Farm,Week3,Commonwealth,Week5,259.0 Ravensworth Farm - 143.0 Commonwealth
Riverside Gardens,Week5,Brandywine,Week1,278.0 Riverside Gardens - 124.0 Brandywine
Poplar Tree,Week2,McLean,Week1,246.5 McLean - 155.5 Poplar Tree
Riverside Gardens,Week1,Fox Hunt,Week1,276.0 Riverside Gardens - 126.0 Fox Hunt
Ravensworth Farm,Week5,Somerset-Olde Creek,Week5,330.0 Ravensworth Farm - 72.0 Somerset-Olde Creek
Poplar Tree,Week1,McLean,Week1,245.0 McLean - 157.0 Poplar Tree
Riverside Gardens,Week1,Fox Hunt,Week4,265.0 Riverside Gardens - 137.0 Fox Hunt
Poplar Tree,Week3,Springfield,Week4,354.0 Poplar Tree - 44.0 Springfield
Riverside Gardens,Week2,Lake Braddock,Week4,335.0 Riverside Gardens - 67.0 Lake Braddock
Riverside Gardens,Week4,Hunter Mill,Week2,233.0 Riverside Gardens - 169.0 Hunter Mill
Riverside Gardens,Week5,Kings Ridge ,Week1,333.0 Riverside Gardens - 69.0 Kings Ridge
Ravensworth Farm,Week5,Somerset-Olde Creek,Week3,340.0 Ravensworth Farm - 62.0 Somerset-Olde Creek
Riverside Gardens,Week1,Hunter Mill,Week2,223.0 Riverside Gardens - 179.0 Hunter Mill
Ravensworth Farm,Week2,Cottontail,Week2,237.0 Ravensworth Farm - 165.0 Cottontail
Ravensworth Farm,Week1,South Run,Week1,237.0 Ravensworth Farm - 156.0 South Run
Ravensworth Farm,Week2,South Run,Week3,226.0 Ravensworth Farm - 176.0 South Run
Ravensworth Farm,Week2,South Run,Week1,213.0 Ravensworth Farm - 180.0 South Run
Riverside Gardens,Week5,Kings Ridge ,Week2,322.0 Riverside Gardens - 80.0 Kings Ridge
Riverside Gardens,Week1,Fox Hunt,Week2,283.0 Riverside Gardens - 119.0 Fox Hunt
Ravensworth Farm,Week3,Cottontail,Week5,250.0 Ravensworth Farm - 152.0 Cottontail
Riverside Gardens,Week5,Hunt Valley,Week2,203.0 Hunt Valley - 199.0 Riverside Gardens
Poplar Tree,Week2,McLean,Week4,243.5 McLean - 158.5 Poplar Tree
Poplar Tree,Week2,McLean,Week5,255.0 McLean - 147.0 Poplar Tree
Poplar Tree,Week2,McLean,Week3,253.5 McLean - 148.5 Poplar Tree
Riverside Gardens,Week5,Hunt Valley,Week3,224.0 Hunt Valley - 178.0 Riverside Gardens
Riverside Gardens,Week2,Bren Mar-Edsall Park,Week1,374.0 Riverside Gardens - 28.0 Bren Mar-Edsall Park
Riverside Gardens,Week1,Bren Mar-Edsall Park,Week5,376.0 Riverside Gardens - 26.0 Bren Mar-Edsall Park
Riverside Gardens,Week4,Kings Ridge ,Week1,331.0 Riverside Gardens - 71.0 Kings Ridge
Riverside Gardens,Week5,Forest Hollow,Week3,255.5 Riverside Gardens - 146.5 Forest Hollow
Riverside Gardens,Week5,Kings Ridge ,Week4,314.0 Riverside Gardens - 88.0 Kings Ridge
Ravensworth Farm,Week2,South Run,Week4,232.0 Ravensworth Farm - 170.0 South Run
Riverside Gardens,Week3,Kings Ridge ,Week4,315.0 Riverside Gardens - 87.0 Kings Ridge
Riverside Gardens,Week2,Bren Mar-Edsall Park,Week2,371.0 Riverside Gardens - 31.0 Bren Mar-Edsall Park
Riverside Gardens,Week5,Hunt Valley,Week4,217.0 Hunt Valley - 185.0 Riverside Gardens
Riverside Gardens,Week5,Forest Hollow,Week5,242.0 Riverside Gardens - 160.0 Forest Hollow
Ravensworth Farm,Week3,Cottontail,Week2,257.5 Ravensworth Farm - 144.5 Cottontail
Poplar Tree,Week3,McLean,Week3,249.0 McLean - 153.0 Poplar Tree
Riverside Gardens,Week5,Brandywine,Week5,241.0 Riverside Gardens - 161.0 Brandywine
Riverside Gardens,Week4,Fox Hunt,Week2,295.0 Riverside Gardens - 107.0 Fox Hunt
Ravensworth Farm,Week5,Somerset-Olde Creek,Week4,343.5 Ravensworth Farm - 58.5 Somerset-Olde Creek
Ravensworth Farm,Week5,Cottontail,Week1,253.0 Ravensworth Farm - 149.0 Cottontail
Riverside Gardens,Week4,Kings Ridge ,Week2,330.0 Riverside Gardens - 72.0 Kings Ridge
Riverside Gardens,Week2,Brookfield ,Week5,247.0 Riverside Gardens - 155.0 Brookfield
Ravensworth Farm,Week4,Somerset-Olde Creek,Week4,325.0 Ravensworth Farm - 77.0 Somerset-Olde Creek
Poplar Tree,Week4,McLean,Week5,271.5 McLean - 130.5 Poplar Tree
Riverside Gardens,Week3,Hunter Mill,Week3,216.0 Riverside Gardens - 186.0 Hunter Mill
Poplar Tree,Week3,McLean,Week5,260.0 McLean - 142.0 Poplar Tree
Riverside Gardens,Week5,Hunter Mill,Week4,232.0 Riverside Gardens - 170.0 Hunter Mill
Ravensworth Farm,Week4,Cottontail,Week3,253.0 Ravensworth Farm - 149.0 Cottontail
Ravensworth Farm,Week4,Cottontail,Week1,238.0 Ravensworth Farm - 164.0 Cottontail
Riverside Gardens,Week2,Lake Braddock,Week1,349.0 Riverside Gardens - 53.0 Lake Braddock
Riverside Gardens,Week4,Fox Hunt,Week1,282.0 Riverside Gardens - 120.0 Fox Hunt
Riverside Gardens,Week1,Lake Braddock,Week3,347.0 Riverside Gardens - 55.0 Lake Braddock
Riverside Gardens,Week2,Lake Braddock,Week5,334.0 Riverside Gardens - 68.0 Lake Braddock
Riverside Gardens,Week3,Fox Hunt,Week2,288.0 Riverside Gardens - 114.0 Fox Hunt
Riverside Gardens,Week3,Brookfield ,Week2,268.0 Riverside Gardens - 134.0 Brookfield
Ravensworth Farm,Week4,Cottontail,Week5,249.0 Ravensworth Farm - 153.0 Cottontail
Riverside Gardens,Week3,Fox Hunt,Week4,269.0 Riverside Gardens - 133.0 Fox Hunt
Riverside Gardens,Week3,Fox Hunt,Week3,256.0 Riverside Gardens - 146.0 Fox Hunt
Riverside Gardens,Week4,Brandywine,Week5,233.0 Riverside Gardens - 169.0 Brandywine
Ravensworth Farm,Week3,South Run,Week1,216.0 Ravensworth Farm - 176.0 South Run
Poplar Tree,Week1,McLean,Week2,252.0 McLean - 150.0 Poplar Tree
Riverside Gardens,Week4,Kings Ridge ,Week4,320.0 Riverside Gardens - 82.0 Kings Ridge
Ravensworth Farm,Week4,Somerset-Olde Creek,Week3,335.0 Ravensworth Farm - 62.0 Somerset-Olde Creek
Poplar Tree,Week2,McLean,Week2,265.0 McLean - 137.0 Poplar Tree
Riverside Gardens,Week5,Hunter Mill,Week1,254.0 Riverside Gardens - 148.0 Hunter Mill
Poplar Tree,Week4,McLean,Week2,269.0 McLean - 133.0 Poplar Tree
Poplar Tree,Week5,Mantua,Week3,209.0 Poplar Tree - 193.0 Mantua
Ravensworth Farm,Week5,Cottontail,Week4,272.0 Ravensworth Farm - 130.0 Cottontail
Ravensworth Farm,Week4,Somerset-Olde Creek,Week1,337.0 Ravensworth Farm - 64.0 Somerset-Olde Creek
Riverside Gardens,Week2,Fox Hunt,Week5,217.0 Riverside Gardens - 185.0 Fox Hunt
Riverside Gardens,Week3,Kings Ridge ,Week3,323.0 Riverside Gardens - 79.0 Kings Ridge
Riverside Gardens,Week3,Fox Hunt,Week5,241.0 Riverside Gardens - 161.0 Fox Hunt
Riverside Gardens,Week4,Fox Hunt,Week3,259.0 Riverside Gardens - 143.0 Fox Hunt
Ravensworth Farm,Week4,Somerset-Olde Creek,Week5,308.0 Ravensworth Farm - 94.0 Somerset-Olde Creek
Riverside Gardens,Week2,Bren Mar-Edsall Park,Week4,374.0 Riverside Gardens - 28.0 Bren Mar-Edsall Park
Ravensworth Farm,Week5,Somerset-Olde Creek,Week2,343.0 Ravensworth Farm - 59.0 Somerset-Olde Creek
Riverside Gardens,Week4,Kings Ridge ,Week3,322.0 Riverside Gardens - 80.0 Kings Ridge
Ravensworth Farm,Week5,Cottontail,Week3,279.0 Ravensworth Farm - 123.0 Cottontail
Riverside Gardens,Week2,Hunter Mill,Week5,206.0 Hunter Mill - 196.0 Riverside Gardens
Poplar Tree,Week4,McLean,Week1,262.0 McLean - 140.0 Poplar Tree
Riverside Gardens,Week4,Hunter Mill,Week5,204.5 Riverside Gardens - 197.5 Hunter Mill
Riverside Gardens,Week1,Ilda Community,Week4,305.0 Riverside Gardens - 97.0 Ilda Community
Ravensworth Farm,Week4,Cottontail,Week4,257.5 Ravensworth Farm - 144.5 Cottontail
Riverside Gardens,Week4,Brandywine,Week4,255.0 Riverside Gardens - 147.0 Brandywine
Riverside Gardens,Week5,Hunter Mill,Week2,247.0 Riverside Gardens - 155.0 Hunter Mill
Riverside Gardens,Week2,Bren Mar-Edsall Park,Week5,360.0 Riverside Gardens - 42.0 Bren Mar-Edsall Park
Ravensworth Farm,Week3,South Run,Week2,236.0 Ravensworth Farm - 164.0 South Run
Poplar Tree,Week5,McLean,Week1,243.0 McLean - 159.0 Poplar Tree
Ravensworth Farm,Week5,Cottontail,Week2,269.0 Ravensworth Farm - 133.0 Cottontail
Poplar Tree,Week3,McLean,Week1,248.0 McLean - 154.0 Poplar Tree
Ravensworth Farm,Week1,Country Club Hills,Week1,267.0 Ravensworth Farm - 135.0 Country Club Hills
Poplar Tree,Week3,McLean,Week4,237.0 McLean - 165.0 Poplar Tree
Ravensworth Farm,Week1,Country Club Hills,Week2,269.0 Ravensworth Farm - 133.0 Country Club Hills
Riverside Gardens,Week3,Brookfield ,Week5,265.0 Riverside Gardens - 137.0 Brookfield
Riverside Gardens,Week2,Kings Ridge ,Week4,297.0 Riverside Gardens - 105.0 Kings Ridge
Riverside Gardens,Week5,Kings Ridge ,Week5,318.0 Riverside Gardens - 84.0 Kings Ridge
Ravensworth Farm,Week2,South Run,Week2,232.0 Ravensworth Farm - 170.0 South Run
Riverside Gardens,Week3,Ilda Community,Week2,331.0 Riverside Gardens - 71.0 Ilda Community
Riverside Gardens,Week4,Ilda Community,Week5,343.0 Riverside Gardens - 59.0 Ilda Community
Riverside Gardens,Week3,Canterbury Woods,Week4,282.0 Riverside Gardens - 120.0 Canterbury Woods
Riverside Gardens,Week4,Canterbury Woods,Week3,320.0 Riverside Gardens - 82.0 Canterbury Woods
Ravensworth Farm,Week1,South Run,Week2,252.0 Ravensworth Farm - 150.0 South Run
Poplar Tree,Week1,McLean,Week4,239.0 McLean - 163.0 Poplar Tree
Riverside Gardens,Week2,Ilda Community,Week3,302.0 Riverside Gardens - 100.0 Ilda Community
Riverside Gardens,Week4,Bren Mar-Edsall Park,Week1,385.0 Riverside Gardens - 17.0 Bren Mar-Edsall Park
Ravensworth Farm,Week5,Somerset-Olde Creek,Week1,341.0 Ravensworth Farm - 61.0 Somerset-Olde Creek
Ravensworth Farm,Week5,Cottontail,Week5,265.0 Ravensworth Farm - 137.0 Cottontail
Riverside Gardens,Week4,Fox Hunt,Week4,269.0 Riverside Gardens - 133.0 Fox Hunt
Riverside Gardens,Week3,Bren Mar-Edsall Park,Week4,383.0 Riverside Gardens - 19.0 Bren Mar-Edsall Park
Riverside Gardens,Week1,Lake Braddock,Week2,342.5 Riverside Gardens - 59.5 Lake Braddock
Riverside Gardens,Week2,Bren Mar-Edsall Park,Week3,367.0 Riverside Gardens - 35.0 Bren Mar-Edsall Park
Riverside Gardens,Week1,Hunter Mill,Week5,210.0 Hunter Mill - 192.0 Riverside Gardens
Riverside Gardens,Week3,Bren Mar-Edsall Park,Week2,388.0 Riverside Gardens - 14.0 Bren Mar-Edsall Park
Riverside Gardens,Week5,Ilda Community,Week2,344.0 Riverside Gardens - 58.0 Ilda Community
Riverside Gardens,Week4,Ilda Community,Week1,325.0 Riverside Gardens - 77.0 Ilda Community
Riverside Gardens,Week3,Lake Braddock,Week5,348.0 Riverside Gardens - 54.0 Lake Braddock
Riverside Gardens,Week3,Lake Braddock,Week3,349.0 Riverside Gardens - 53.0 Lake Braddock
Ravensworth Farm,Week2,Country Club Hills,Week3,240.0 Ravensworth Farm - 162.0 Country Club Hills
Riverside Gardens,Week5,Canterbury Woods,Week5,289.0 Riverside Gardens - 112.0 Canterbury Woods
Riverside Gardens,Week5,Bren Mar-Edsall Park,Week2,381.0 Riverside Gardens - 21.0 Bren Mar-Edsall Park
Poplar Tree,Week5,McLean,Week2,246.0 McLean - 156.0 Poplar Tree
Ravensworth Farm,Week2,Country Club Hills,Week1,234.0 Ravensworth Farm - 168.0 Country Club Hills
Poplar Tree,Week4,McLean,Week4,258.5 McLean - 143.5 Poplar Tree
Riverside Gardens,Week4,Ilda Community,Week4,317.0 Riverside Gardens - 85.0 Ilda Community
Riverside Gardens,Week1,Lake Braddock,Week4,347.0 Riverside Gardens - 55.0 Lake Braddock
Riverside Gardens,Week3,Bren Mar-Edsall Park,Week5,376.0 Riverside Gardens - 26.0 Bren Mar-Edsall Park
Riverside Gardens,Week3,Lake Braddock,Week4,357.0 Riverside Gardens - 45.0 Lake Braddock
Ravensworth Farm,Week1,Country Club Hills,Week3,251.0 Ravensworth Farm - 151.0 Country Club Hills
Poplar Tree,Week4,McLean,Week3,278.0 McLean - 124.0 Poplar Tree
Riverside Gardens,Week2,Cardinal Hill,Week2,211.0 Cardinal Hill - 191.0 Riverside Gardens
Ravensworth Farm,Week2,South Run,Week5,201.0 Ravensworth Farm - 201.0 South Run
Ravensworth Farm,Week4,South Run,Week2,254.0 Ravensworth Farm - 147.0 South Run
Ravensworth Farm,Week3,South Run,Week4,240.0 Ravensworth Farm - 160.0 South Run
Riverside Gardens,Week5,Canterbury Woods,Week2,306.0 Riverside Gardens - 96.0 Canterbury Woods
Riverside Gardens,Week1,Ilda Community,Week5,326.0 Riverside Gardens - 76.0 Ilda Community
Ravensworth Farm,Week2,Country Club Hills,Week4,235.0 Ravensworth Farm - 167.0 Country Club Hills
Riverside Gardens,Week3,Bren Mar-Edsall Park,Week3,386.0 Riverside Gardens - 16.0 Bren Mar-Edsall Park
Riverside Gardens,Week5,Bren Mar-Edsall Park,Week1,390.0 Riverside Gardens - 12.0 Bren Mar-Edsall Park
Ravensworth Farm,Week5,South Run,Week1,244.0 Ravensworth Farm - 149.0 South Run
Riverside Gardens,Week3,Cardinal Hill,Week4,233.0 Riverside Gardens - 169.0 Cardinal Hill
Riverside Gardens,Week5,Ilda Community,Week1,327.0 Riverside Gardens - 75.0 Ilda Community
Poplar Tree,Week1,McLean,Week3,262.0 McLean - 140.0 Poplar Tree
Riverside Gardens,Week4,Ilda Community,Week3,332.0 Riverside Gardens - 70.0 Ilda Community
Poplar Tree,Week5,Mantua,Week5,209.0 Poplar Tree - 193.0 Mantua
Poplar Tree,Week1,McLean,Week5,249.0 McLean - 153.0 Poplar Tree
Ravensworth Farm,Week3,Country Club Hills,Week2,282.0 Ravensworth Farm - 120.0 Country Club Hills
Ravensworth Farm,Week3,Country Club Hills,Week3,280.0 Ravensworth Farm - 122.0 Country Club Hills
Riverside Gardens,Week3,Lake Braddock,Week2,344.0 Riverside Gardens - 58.0 Lake Braddock
Riverside Gardens,Week4,Lake Braddock,Week1,364.0 Riverside Gardens - 38.0 Lake Braddock
Poplar Tree,Week5,Mantua,Week2,239.0 Poplar Tree - 163.0 Mantua
Riverside Gardens,Week1,Ilda Community,Week3,316.0 Riverside Gardens - 86.0 Ilda Community
Riverside Gardens,Week1,Chesterbrook,Week2,316.0 Chesterbrook - 86.0 Riverside Gardens
Ravensworth Farm,Week3,Country Club Hills,Week1,268.0 Ravensworth Farm - 134.0 Country Club Hills
Ravensworth Farm,Week4,Hollin Meadows,Week5,224.0 Ravensworth Farm - 178.0 Hollin Meadows
Riverside Gardens,Week3,Ilda Community,Week1,314.0 Riverside Gardens - 88.0 Ilda Community
Riverside Gardens,Week1,Brookfield ,Week2,280.0 Riverside Gardens - 122.0 Brookfield
Riverside Gardens,Week5,Canterbury Woods,Week4,298.0 Riverside Gardens - 104.0 Canterbury Woods
Riverside Gardens,Week1,Cardinal Hill,Week2,204.0 Riverside Gardens - 198.0 Cardinal Hill
Ravensworth Farm,Week3,Country Club Hills,Week4,283.0 Ravensworth Farm - 119.0 Country Club Hills
Ravensworth Farm,Week4,South Run,Week3,249.0 Ravensworth Farm - 153.0 South Run
Riverside Gardens,Week4,Lake Braddock,Week3,353.0 Riverside Gardens - 49.0 Lake Braddock
Riverside Gardens,Week3,Lakevale Estates,Week5,232.0 Lakevale Estates - 170.0 Riverside Gardens
Ravensworth Farm,Week2,Springboard,Week2,293.0 Ravensworth Farm - 108.0 Springboard
Riverside Gardens,Week5,Bren Mar-Edsall Park,Week3,379.0 Riverside Gardens - 23.0 Bren Mar-Edsall Park
Riverside Gardens,Week4,Bren Mar-Edsall Park,Week5,381.0 Riverside Gardens - 21.0 Bren Mar-Edsall Park
Poplar Tree,Week3,McLean,Week2,256.0 McLean - 146.0 Poplar Tree
Riverside Gardens,Week4,Lake Braddock,Week4,360.0 Riverside Gardens - 42.0 Lake Braddock
Riverside Gardens,Week5,Lakevale Estates,Week2,219.0 Riverside Gardens - 183.0 Lakevale Estates
Ravensworth Farm,Week2,Country Club Hills,Week2,240.0 Ravensworth Farm - 162.0 Country Club Hills
Ravensworth Farm,Week4,Hollin Meadows,Week1,222.0 Ravensworth Farm - 180.0 Hollin Meadows
Riverside Gardens,Week5,Cardinal Hill,Week5,233.0 Riverside Gardens - 169.0 Cardinal Hill
Ravensworth Farm,Week4,Springboard,Week2,318.0 Ravensworth Farm - 84.0 Springboard
Ravensworth Farm,Week4,Country Club Hills,Week2,276.0 Ravensworth Farm - 126.0 Country Club Hills
Riverside Gardens,Week4,Bren Mar-Edsall Park,Week4,382.0 Riverside Gardens - 20.0 Bren Mar-Edsall Park
Riverside Gardens,Week4,Canterbury Woods,Week2,313.5 Riverside Gardens - 88.5 Canterbury Woods
Riverside Gardens,Week4,Canterbury Woods,Week4,299.0 Riverside Gardens - 103.0 Canterbury Woods
Riverside Gardens,Week1,Ilda Community,Week1,317.0 Riverside Gardens - 85.0 Ilda Community
Riverside Gardens,Week3,Bren Mar-Edsall Park,Week1,383.0 Riverside Gardens - 19.0 Bren Mar-Edsall Park
Riverside Gardens,Week4,Bren Mar-Edsall Park,Week3,381.0 Riverside Gardens - 21.0 Bren Mar-Edsall Park
Ravensworth Farm,Week4,Springboard,Week1,302.0 Ravensworth Farm - 100.0 Springboard
Riverside Gardens,Week3,Ilda Community,Week3,320.0 Riverside Gardens - 82.0 Ilda Community
Riverside Gardens,Week2,Ilda Community,Week1,301.0 Riverside Gardens - 101.0 Ilda Community
Ravensworth Farm,Week3,Springboard,Week3,312.0 Ravensworth Farm - 86.0 Springboard
Ravensworth Farm,Week3,Country Club Hills,Week5,258.0 Ravensworth Farm - 144.0 Country Club Hills
Riverside Gardens,Week2,Cardinal Hill,Week1,221.0 Cardinal Hill - 181.0 Riverside Gardens
Ravensworth Farm,Week2,Springboard,Week4,278.0 Ravensworth Farm - 124.0 Springboard
Ravensworth Farm,Week4,South Run,Week4,251.0 Ravensworth Farm - 145.0 South Run
Ravensworth Farm,Week4,Country Club Hills,Week5,226.0 Ravensworth Farm - 176.0 Country Club Hills
Ravensworth Farm,Week2,Hollin Meadows,Week5,205.5 Hollin Meadows - 196.5 Ravensworth Farm
Ravensworth Farm,Week4,Springboard,Week4,293.0 Ravensworth Farm - 109.0 Springboard
Riverside Gardens,Week1,Brookfield ,Week3,275.0 Riverside Gardens - 127.0 Brookfield
Riverside Gardens,Week1,Lakevale Estates,Week5,250.0 Lakevale Estates - 152.0 Riverside Gardens
Ravensworth Farm,Week2,Holmes Run Acres,Week2,203.5 Ravensworth Farm - 198.5 Holmes Run Acres
Ravensworth Farm,Week5,Springboard,Week1,322.0 Ravensworth Farm - 80.0 Springboard
Ravensworth Farm,Week1,Holmes Run Acres,Week5,223.0 Holmes Run Acres - 179.0 Ravensworth Farm
Riverside Gardens,Week2,Ilda Community,Week4,285.0 Riverside Gardens - 117.0 Ilda Community
Riverside Gardens,Week3,Cardinal Hill,Week5,230.0 Riverside Gardens - 172.0 Cardinal Hill
Ravensworth Farm,Week5,Country Club Hills,Week1,285.0 Ravensworth Farm - 117.0 Country Club Hills
Riverside Gardens,Week3,Canterbury Woods,Week5,294.0 Riverside Gardens - 108.0 Canterbury Woods
Ravensworth Farm,Week4,Country Club Hills,Week4,261.0 Ravensworth Farm - 141.0 Country Club Hills
Riverside Gardens,Week5,Ilda Community,Week4,314.0 Riverside Gardens - 88.0 Ilda Community
Riverside Gardens,Week5,Ilda Community,Week3,322.0 Riverside Gardens - 80.0 Ilda Community
Riverside Gardens,Week1,Brookfield ,Week4,253.0 Riverside Gardens - 149.0 Brookfield
Ravensworth Farm,Week2,Country Club Hills,Week5,204.0 Ravensworth Farm - 198.0 Country Club Hills
Riverside Gardens,Week4,Lake Braddock,Week5,348.0 Riverside Gardens - 54.0 Lake Braddock
Riverside Gardens,Week1,Cardinal Hill,Week4,205.0 Riverside Gardens - 197.0 Cardinal Hill
Riverside Gardens,Week5,Lake Braddock,Week4,357.0 Riverside Gardens - 45.0 Lake Braddock
Ravensworth Farm,Week5,Springboard,Week3,320.0 Ravensworth Farm - 82.0 Springboard
Riverside Gardens,Week2,Brookfield ,Week2,260.0 Riverside Gardens - 142.0 Brookfield
Riverside Gardens,Week3,Lakevale Estates,Week2,202.0 Riverside Gardens - 200.0 Lakevale Estates
Riverside Gardens,Week1,Brookfield ,Week5,264.0 Riverside Gardens - 138.0 Brookfield
Riverside Gardens,Week4,Lake Braddock,Week2,343.0 Riverside Gardens - 59.0 Lake Braddock
Riverside Gardens,Week2,Brookfield ,Week3,258.0 Riverside Gardens - 144.0 Brookfield
Ravensworth Farm,Week5,South Run,Week3,268.0 Ravensworth Farm - 134.0 South Run
Riverside Gardens,Week1,Kent Gardens,Week2,267.0 Riverside Gardens - 135.0 Kent Gardens
Riverside Gardens,Week5,Canterbury Woods,Week1,304.0 Riverside Gardens - 98.0 Canterbury Woods
Ravensworth Farm,Week1,Holmes Run Acres,Week3,216.0 Holmes Run Acres - 186.0 Ravensworth Farm
Ravensworth Farm,Week3,Springboard,Week5,304.0 Ravensworth Farm - 94.0 Springboard
Riverside Gardens,Week2,Lakevale Estates,Week5,251.0 Lakevale Estates - 151.0 Riverside Gardens
Ravensworth Farm,Week3,Holmes Run Acres,Week4,246.0 Ravensworth Farm - 156.0 Holmes Run Acres
Riverside Gardens,Week4,Cardinal Hill,Week2,225.5 Riverside Gardens - 176.5 Cardinal Hill
Riverside Gardens,Week1,Kent Gardens,Week1,245.0 Riverside Gardens - 157.0 Kent Gardens
Riverside Gardens,Week3,Ilda Community,Week5,327.0 Riverside Gardens - 75.0 Ilda Community
Ravensworth Farm,Week1,Springboard,Week5,303.0 Ravensworth Farm - 98.0 Springboard
Riverside Gardens,Week5,Bren Mar-Edsall Park,Week5,374.0 Riverside Gardens - 28.0 Bren Mar-Edsall Park
Ravensworth Farm,Week1,Country Club Hills,Week5,241.0 Ravensworth Farm - 161.0 Country Club Hills
Riverside Gardens,Week5,Lake Braddock,Week3,346.0 Riverside Gardens - 56.0 Lake Braddock
Riverside Gardens,Week4,Cardinal Hill,Week1,208.0 Riverside Gardens - 194.0 Cardinal Hill
Ravensworth Farm,Week2,Hollin Meadows,Week4,201.0 Hollin Meadows - 201.0 Ravensworth Farm
Riverside Gardens,Week5,Ilda Community,Week5,335.5 Riverside Gardens - 66.5 Ilda Community
Ravensworth Farm,Week3,Hollin Meadows,Week2,243.5 Ravensworth Farm - 158.5 Hollin Meadows
Ravensworth Farm,Week2,Springboard,Week3,274.0 Ravensworth Farm - 127.0 Springboard
Riverside Gardens,Week3,Lakevale Estates,Week1,204.0 Lakevale Estates - 198.0 Riverside Gardens
Riverside Gardens,Week3,Cardinal Hill,Week1,207.0 Riverside Gardens - 195.0 Cardinal Hill
Ravensworth Farm,Week5,Country Club Hills,Week3,273.0 Ravensworth Farm - 129.0 Country Club Hills
Riverside Gardens,Week2,Brookfield ,Week1,238.0 Riverside Gardens - 164.0 Brookfield
Ravensworth Farm,Week5,Country Club Hills,Week2,282.0 Ravensworth Farm - 120.0 Country Club Hills
Ravensworth Farm,Week2,Holmes Run Acres,Week4,215.0 Holmes Run Acres - 187.0 Ravensworth Farm
Ravensworth Farm,Week5,Country Club Hills,Week4,273.0 Ravensworth Farm - 129.0 Country Club Hills
Poplar Tree,Week5,Overlee,Week1,269.0 Overlee - 133.0 Poplar Tree
Riverside Gardens,Week1,Cardinal Hill,Week3,241.0 Cardinal Hill - 161.0 Riverside Gardens
Riverside Gardens,Week1,Brookfield ,Week1,255.0 Riverside Gardens - 147.0 Brookfield
Ravensworth Farm,Week1,Springboard,Week1,309.0 Ravensworth Farm - 92.0 Springboard
Ravensworth Farm,Week4,Crosspointe,Week1,231.0 Crosspointe - 171.0 Ravensworth Farm
Riverside Gardens,Week3,Lakevale Estates,Week4,229.0 Lakevale Estates - 173.0 Riverside Gardens
Ravensworth Farm,Week2,Springboard,Week5,271.0 Ravensworth Farm - 130.0 Springboard
Ravensworth Farm,Week5,Holmes Run Acres,Week2,251.5 Ravensworth Farm - 150.5 Holmes Run Acres
Riverside Gardens,Week3,Brookfield ,Week3,271.0 Riverside Gardens - 131.0 Brookfield
Ravensworth Farm,Week3,Hollin Meadows,Week4,232.0 Ravensworth Farm - 170.0 Hollin Meadows
Riverside Gardens,Week1,Ilda Community,Week2,343.0 Riverside Gardens - 59.0 Ilda Community
Poplar Tree,Week3,Overlee,Week4,326.0 Overlee - 76.0 Poplar Tree
Riverside Gardens,Week1,Lakevale Estates,Week1,203.0 Lakevale Estates - 199.0 Riverside Gardens
Ravensworth Farm,Week5,Country Club Hills,Week5,252.0 Ravensworth Farm - 150.0 Country Club Hills
Riverside Gardens,Week3,Cardinal Hill,Week2,222.0 Riverside Gardens - 180.0 Cardinal Hill
Riverside Gardens,Week2,Brookfield ,Week4,237.0 Riverside Gardens - 165.0 Brookfield
Ravensworth Farm,Week4,Holmes Run Acres,Week2,231.0 Ravensworth Farm - 166.0 Holmes Run Acres
Riverside Gardens,Week4,Cardinal Hill,Week5,225.0 Riverside Gardens - 177.0 Cardinal Hill
Riverside Gardens,Week4,Lakevale Estates,Week3,202.0 Lakevale Estates - 200.0 Riverside Gardens
Poplar Tree,Week3,Overlee,Week2,298.0 Overlee - 104.0 Poplar Tree
Riverside Gardens,Week1,Cardinal Hill,Week5,210.0 Riverside Gardens - 192.0 Cardinal Hill
Riverside Gardens,Week2,Ilda Community,Week5,310.0 Riverside Gardens - 92.0 Ilda Community
Ravensworth Farm,Week4,Country Club Hills,Week1,259.0 Ravensworth Farm - 138.0 Country Club Hills
Ravensworth Farm,Week5,Hollin Meadows,Week3,235.0 Ravensworth Farm - 167.0 Hollin Meadows
Ravensworth Farm,Week2,Crosspointe,Week1,246.0 Crosspointe - 156.0 Ravensworth Farm
Riverside Gardens,Week2,Cardinal Hill,Week3,246.0 Cardinal Hill - 156.0 Riverside Gardens
Riverside Gardens,Week4,Bren Mar-Edsall Park,Week2,382.0 Riverside Gardens - 20.0 Bren Mar-Edsall Park
Poplar Tree,Week5,Overlee,Week4,328.0 Overlee - 74.0 Poplar Tree
Riverside Gardens,Week3,Brookfield ,Week1,251.0 Riverside Gardens - 151.0 Brookfield
Riverside Gardens,Week5,Bren Mar-Edsall Park,Week4,378.0 Riverside Gardens - 24.0 Bren Mar-Edsall Park
Ravensworth Farm,Week4,Springboard,Week3,295.0 Ravensworth Farm - 107.0 Springboard
Riverside Gardens,Week2,Ilda Community,Week2,317.0 Riverside Gardens - 85.0 Ilda Community
Riverside Gardens,Week1,Kent Gardens,Week5,221.0 Riverside Gardens - 181.0 Kent Gardens
Riverside Gardens,Week5,Lakevale Estates,Week1,204.0 Riverside Gardens - 198.0 Lakevale Estates
Ravensworth Farm,Week5,South Run,Week4,258.0 Ravensworth Farm - 144.0 South Run
Ravensworth Farm,Week2,Springboard,Week1,274.0 Ravensworth Farm - 127.0 Springboard
Poplar Tree,Week2,Parklawn,Week2,288.0 Poplar Tree - 113.0 Parklawn
Riverside Gardens,Week1,Kent Gardens,Week3,271.0 Riverside Gardens - 131.0 Kent Gardens
Riverside Gardens,Week1,Kent Gardens,Week4,268.0 Riverside Gardens - 134.0 Kent Gardens
Riverside Gardens,Week2,Lakevale Estates,Week4,246.0 Lakevale Estates - 156.0 Riverside Gardens
Ravensworth Farm,Week4,Country Club Hills,Week3,255.0 Ravensworth Farm - 147.0 Country Club Hills
Riverside Gardens,Week5,Lake Braddock,Week2,341.0 Riverside Gardens - 61.0 Lake Braddock
Ravensworth Farm,Week4,Hollin Meadows,Week3,229.0 Ravensworth Farm - 173.0 Hollin Meadows
Poplar Tree,Week3,Parklawn,Week4,280.0 Poplar Tree - 122.0 Parklawn
Riverside Gardens,Week3,Lakevale Estates,Week3,210.0 Lakevale Estates - 192.0 Riverside Gardens
Riverside Gardens,Week4,Ilda Community,Week2,341.0 Riverside Gardens - 61.0 Ilda Community
Poplar Tree,Week5,Overlee,Week3,285.0 Overlee - 117.0 Poplar Tree
Ravensworth Farm,Week1,Crosspointe,Week2,230.0 Crosspointe - 172.0 Ravensworth Farm
Poplar Tree,Week3,Overlee,Week1,281.0 Overlee - 121.0 Poplar Tree
Ravensworth Farm,Week5,Hollin Meadows,Week1,222.0 Ravensworth Farm - 180.0 Hollin Meadows
Ravensworth Farm,Week3,Springboard,Week2,329.5 Ravensworth Farm - 68.5 Springboard
Riverside Gardens,Week2,Lakevale Estates,Week1,220.0 Lakevale Estates - 182.0 Riverside Gardens
Riverside Gardens,Week4,Canterbury Woods,Week5,293.0 Riverside Gardens - 109.0 Canterbury Woods
Riverside Gardens,Week5,Canterbury Woods,Week3,297.0 Riverside Gardens - 105.0 Canterbury Woods
Riverside Gardens,Week1,Lakevale Estates,Week3,217.0 Lakevale Estates - 185.0 Riverside Gardens
Riverside Gardens,Week3,Fox Mill Estates,Week2,277.0 Riverside Gardens - 125.0 Fox Mill Estates
Riverside Gardens,Week5,Brookfield ,Week4,260.0 Riverside Gardens - 142.0 Brookfield
Poplar Tree,Week4,Overlee,Week4,323.0 Overlee - 79.0 Poplar Tree
Riverside Gardens,Week3,Broyhill Crest,Week2,390.0 Riverside Gardens - 12.0 Broyhill Crest
Ravensworth Farm,Week5,Springboard,Week2,346.5 Ravensworth Farm - 55.5 Springboard
Ravensworth Farm,Week1,Springboard,Week4,304.0 Ravensworth Farm - 98.0 Springboard
Ravensworth Farm,Week3,Holmes Run Acres,Week3,213.0 Ravensworth Farm - 189.0 Holmes Run Acres
Ravensworth Farm,Week3,Crosspointe,Week1,241.0 Crosspointe - 161.0 Ravensworth Farm
Riverside Gardens,Week4,Canterbury Woods,Week1,303.0 Riverside Gardens - 99.0 Canterbury Woods
Riverside Gardens,Week5,Lake Braddock,Week1,360.0 Riverside Gardens - 42.0 Lake Braddock
Ravensworth Farm,Week4,Springboard,Week5,293.0 Ravensworth Farm - 109.0 Springboard
Riverside Gardens,Week3,Brookfield ,Week4,256.0 Riverside Gardens - 146.0 Brookfield
Ravensworth Farm,Week2,Crosspointe,Week5,256.0 Crosspointe - 146.0 Ravensworth Farm
Riverside Gardens,Week4,Brookfield ,Week4,263.0 Riverside Gardens - 139.0 Brookfield
Riverside Gardens,Week1,Cardinal Hill,Week1,214.0 Cardinal Hill - 188.0 Riverside Gardens
Ravensworth Farm,Week4,Holmes Run Acres,Week5,207.0 Holmes Run Acres - 195.0 Ravensworth Farm
Riverside Gardens,Week3,Ilda Community,Week4,306.0 Riverside Gardens - 96.0 Ilda Community
Ravensworth Farm,Week2,Crosspointe,Week4,249.0 Crosspointe - 153.0 Ravensworth Farm
Ravensworth Farm,Week5,Springboard,Week5,302.5 Ravensworth Farm - 99.5 Springboard
Riverside Gardens,Week4,Fox Mill Estates,Week5,271.0 Riverside Gardens - 131.0 Fox Mill Estates
Ravensworth Farm,Week5,Springboard,Week4,310.0 Ravensworth Farm - 92.0 Springboard
Riverside Gardens,Week1,Broyhill Crest,Week5,367.0 Riverside Gardens - 35.0 Broyhill Crest
Ravensworth Farm,Week5,Hollin Meadows,Week5,226.0 Ravensworth Farm - 176.0 Hollin Meadows
Ravensworth Farm,Week1,Springfield,Week1,364.0 Ravensworth Farm - 37.0 Springfield
Riverside Gardens,Week1,Lakevale Estates,Week4,250.0 Lakevale Estates - 152.0 Riverside Gardens
Riverside Gardens,Week5,Fox Hunt,Week1,303.0 Riverside Gardens - 99.0 Fox Hunt
Riverside Gardens,Week3,Cardinal Hill,Week3,218.0 Cardinal Hill - 184.0 Riverside Gardens
Ravensworth Farm,Week3,Hollin Meadows,Week5,224.0 Ravensworth Farm - 178.0 Hollin Meadows
Ravensworth Farm,Week5,Hollin Meadows,Week2,244.0 Ravensworth Farm - 158.0 Hollin Meadows
Ravensworth Farm,Week3,Crosspointe,Week3,229.0 Crosspointe - 173.0 Ravensworth Farm
Riverside Gardens,Week4,Cardinal Hill,Week4,211.0 Riverside Gardens - 191.0 Cardinal Hill
Poplar Tree,Week1,Parklawn,Week2,292.0 Poplar Tree - 109.0 Parklawn
Riverside Gardens,Week4,Brookfield ,Week3,278.0 Riverside Gardens - 124.0 Brookfield
Riverside Gardens,Week1,Broyhill Crest,Week4,382.0 Riverside Gardens - 20.0 Broyhill Crest
Ravensworth Farm,Week4,Crosspointe,Week4,229.0 Crosspointe - 173.0 Ravensworth Farm
Poplar Tree,Week4,Overlee,Week5,316.0 Overlee - 86.0 Poplar Tree
Riverside Gardens,Week2,Cardinal Hill,Week5,227.0 Cardinal Hill - 175.0 Riverside Gardens
Riverside Gardens,Week1,Fox Mill Estates,Week2,273.0 Riverside Gardens - 129.0 Fox Mill Estates
Riverside Gardens,Week1,Lakevale Estates,Week2,205.0 Lakevale Estates - 197.0 Riverside Gardens
Ravensworth Farm,Week4,Crosspointe,Week3,226.0 Crosspointe - 176.0 Ravensworth Farm
Riverside Gardens,Week2,Fox Mill Estates,Week4,243.0 Riverside Gardens - 159.0 Fox Mill Estates
Riverside Gardens,Week2,Lakevale Estates,Week2,227.0 Lakevale Estates - 175.0 Riverside Gardens
Poplar Tree,Week2,Overlee,Week4,324.0 Overlee - 78.0 Poplar Tree
Riverside Gardens,Week3,Fox Mill Estates,Week1,293.0 Riverside Gardens - 109.0 Fox Mill Estates
Ravensworth Farm,Week2,Hollin Meadows,Week3,202.0 Hollin Meadows - 199.0 Ravensworth Farm
Ravensworth Farm,Week2,Crosspointe,Week2,247.0 Crosspointe - 155.0 Ravensworth Farm
Ravensworth Farm,Week1,Holmes Run Acres,Week1,229.0 Ravensworth Farm - 173.0 Holmes Run Acres
Riverside Gardens,Week4,Cardinal Hill,Week3,232.0 Cardinal Hill - 170.0 Riverside Gardens
Riverside Gardens,Week2,Lakevale Estates,Week3,233.0 Lakevale Estates - 169.0 Riverside Gardens
Riverside Gardens,Week5,Cardinal Hill,Week1,202.0 Cardinal Hill - 200.0 Riverside Gardens
Riverside Gardens,Week2,Cardinal Hill,Week4,214.0 Cardinal Hill - 188.0 Riverside Gardens
Ravensworth Farm,Week1,Springboard,Week3,305.0 Ravensworth Farm - 96.0 Springboard
Riverside Gardens,Week4,Fox Hunt,Week5,248.0 Riverside Gardens - 154.0 Fox Hunt
Riverside Gardens,Week4,Lakevale Estates,Week4,227.0 Lakevale Estates - 175.0 Riverside Gardens
Ravensworth Farm,Week5,South Run,Week5,244.0 Ravensworth Farm - 158.0 South Run
Poplar Tree,Week2,Parklawn,Week5,279.0 Poplar Tree - 122.0 Parklawn
Ravensworth Farm,Week3,Springboard,Week1,310.0 Ravensworth Farm - 88.0 Springboard
Riverside Gardens,Week2,Fox Mill Estates,Week2,253.0 Riverside Gardens - 149.0 Fox Mill Estates
Poplar Tree,Week4,Overlee,Week3,304.5 Overlee - 97.5 Poplar Tree
Riverside Gardens,Week4,Lakevale Estates,Week2,207.0 Riverside Gardens - 195.0 Lakevale Estates
Ravensworth Farm,Week4,Hollin Meadows,Week2,234.0 Ravensworth Farm - 168.0 Hollin Meadows
Riverside Gardens,Week5,Broyhill Crest,Week4,385.0 Riverside Gardens - 17.0 Broyhill Crest
Riverside Gardens,Week5,Cardinal Hill,Week3,211.0 Cardinal Hill - 191.0 Riverside Gardens
Riverside Gardens,Week5,Broyhill Crest,Week2,388.0 Riverside Gardens - 14.0 Broyhill Crest
Ravensworth Farm,Week3,Hollin Meadows,Week3,239.0 Ravensworth Farm - 163.0 Hollin Meadows
Riverside Gardens,Week4,Lakevale Estates,Week5,227.0 Lakevale Estates - 175.0 Riverside Gardens
Ravensworth Farm,Week3,Crosspointe,Week4,230.0 Crosspointe - 172.0 Ravensworth Farm
Ravensworth Farm,Week1,Crosspointe,Week4,232.0 Crosspointe - 170.0 Ravensworth Farm
Riverside Gardens,Week4,Lakevale Estates,Week1,201.0 Lakevale Estates - 201.0 Riverside Gardens
Poplar Tree,Week5,Overlee,Week5,327.0 Overlee - 75.0 Poplar Tree
Ravensworth Farm,Week1,Springfield,Week5,372.0 Ravensworth Farm - 29.0 Springfield
Ravensworth Farm,Week3,Springboard,Week4,289.0 Ravensworth Farm - 112.0 Springboard
Riverside Gardens,Week5,Cardinal Hill,Week2,248.0 Riverside Gardens - 154.0 Cardinal Hill
Poplar Tree,Week2,Parklawn,Week1,295.0 Poplar Tree - 93.0 Parklawn
Ravensworth Farm,Week1,Springboard,Week2,313.0 Ravensworth Farm - 88.0 Springboard
Ravensworth Farm,Week1,Crosspointe,Week1,235.0 Crosspointe - 167.0 Ravensworth Farm
Riverside Gardens,Week2,Fox Mill Estates,Week3,260.0 Riverside Gardens - 142.0 Fox Mill Estates
Ravensworth Farm,Week3,Hollin Meadows,Week1,225.0 Ravensworth Farm - 177.0 Hollin Meadows
Riverside Gardens,Week4,Brookfield ,Week1,268.0 Riverside Gardens - 134.0 Brookfield
Riverside Gardens,Week5,Cardinal Hill,Week4,232.0 Riverside Gardens - 170.0 Cardinal Hill
Riverside Gardens,Week4,Brookfield ,Week2,279.0 Riverside Gardens - 123.0 Brookfield
Ravensworth Farm,Week4,Hollin Meadows,Week4,228.0 Ravensworth Farm - 174.0 Hollin Meadows
Riverside Gardens,Week5,Lake Braddock,Week5,355.0 Riverside Gardens - 47.0 Lake Braddock
Ravensworth Farm,Week1,Crosspointe,Week5,257.0 Crosspointe - 145.0 Ravensworth Farm
Poplar Tree,Week5,Overlee,Week2,288.0 Overlee - 114.0 Poplar Tree
Riverside Gardens,Week3,Fox Mill Estates,Week5,272.0 Riverside Gardens - 130.0 Fox Mill Estates
Riverside Gardens,Week5,Brookfield ,Week1,266.0 Riverside Gardens - 136.0 Brookfield
Riverside Gardens,Week5,Chesterbrook,Week4,301.0 Chesterbrook - 101.0 Riverside Gardens
Riverside Gardens,Week1,Broyhill Crest,Week2,393.0 Riverside Gardens - 9.0 Broyhill Crest
Riverside Gardens,Week5,Fox Hunt,Week3,266.0 Riverside Gardens - 136.0 Fox Hunt
Riverside Gardens,Week2,Broyhill Crest,Week4,370.0 Riverside Gardens - 32.0 Broyhill Crest
Riverside Gardens,Week1,Chesterbrook,Week1,309.5 Chesterbrook - 92.5 Riverside Gardens
Riverside Gardens,Week3,Lakeview,Week2,356.0 Riverside Gardens - 46.0 Lakeview
Riverside Gardens,Week4,Brookfield ,Week5,272.0 Riverside Gardens - 130.0 Brookfield
Ravensworth Farm,Week2,Holmes Run Acres,Week1,208.0 Ravensworth Farm - 193.0 Holmes Run Acres
Ravensworth Farm,Week5,Hollin Meadows,Week4,231.0 Ravensworth Farm - 171.0 Hollin Meadows
Riverside Gardens,Week5,Fox Mill Estates,Week3,292.0 Riverside Gardens - 110.0 Fox Mill Estates
Poplar Tree,Week2,Overlee,Week2,296.0 Overlee - 106.0 Poplar Tree
Ravensworth Farm,Week3,Crosspointe,Week5,254.0 Crosspointe - 148.0 Ravensworth Farm
Ravensworth Farm,Week1,Holmes Run Acres,Week2,220.0 Ravensworth Farm - 182.0 Holmes Run Acres
Riverside Gardens,Week5,Brookfield ,Week3,278.0 Riverside Gardens - 124.0 Brookfield
Ravensworth Farm,Week5,Crosspointe,Week2,205.0 Ravensworth Farm - 197.0 Crosspointe
Riverside Gardens,Week3,Chesterbrook,Week3,328.5 Chesterbrook - 73.5 Riverside Gardens
Ravensworth Farm,Week2,Springfield,Week1,354.0 Ravensworth Farm - 41.0 Springfield
Ravensworth Farm,Week5,Crosspointe,Week1,222.0 Crosspointe - 180.0 Ravensworth Farm
Poplar Tree,Week3,Parklawn,Week2,298.0 Poplar Tree - 103.0 Parklawn
Riverside Gardens,Week2,Fox Mill Woods,Week2,216.0 Fox Mill Woods - 186.0 Riverside Gardens
Ravensworth Farm,Week1,Holmes Run Acres,Week4,214.0 Ravensworth Farm - 188.0 Holmes Run Acres
Ravensworth Farm,Week3,Dowden Terrace,Week3,242.5 Ravensworth Farm - 159.5 Dowden Terrace
Riverside Gardens,Week4,Chesterbrook,Week1,308.0 Chesterbrook - 94.0 Riverside Gardens
Riverside Gardens,Week1,Lakeview,Week1,350.0 Riverside Gardens - 52.0 Lakeview
Riverside Gardens,Week5,Lakevale Estates,Week5,220.0 Lakevale Estates - 182.0 Riverside Gardens
Ravensworth Farm,Week4,Crosspointe,Week5,250.0 Crosspointe - 152.0 Ravensworth Farm
Poplar Tree,Week4,Overlee,Week1,299.0 Overlee - 103.0 Poplar Tree
Ravensworth Farm,Week1,Stratford,Week3,296.0 Ravensworth Farm - 106.0 Stratford
Riverside Gardens,Week4,Fox Mill Estates,Week3,289.0 Riverside Gardens - 113.0 Fox Mill Estates
Poplar Tree,Week3,Overlee,Week5,320.0 Overlee - 82.0 Poplar Tree
Ravensworth Farm,Week1,Stratford,Week5,293.0 Ravensworth Farm - 109.0 Stratford
Riverside Gardens,Week4,Broyhill Crest,Week2,389.0 Riverside Gardens - 13.0 Broyhill Crest
Riverside Gardens,Week1,Lakeview,Week2,343.0 Riverside Gardens - 59.0 Lakeview
Ravensworth Farm,Week2,Springfield,Week3,350.0 Ravensworth Farm - 43.0 Springfield
Ravensworth Farm,Week5,Crosspointe,Week3,216.0 Crosspointe - 186.0 Ravensworth Farm
Ravensworth Farm,Week1,Crosspointe,Week3,237.0 Crosspointe - 165.0 Ravensworth Farm
Poplar Tree,Week2,Overlee,Week3,290.0 Overlee - 112.0 Poplar Tree
Poplar Tree,Week2,Overlee,Week5,317.0 Overlee - 85.0 Poplar Tree
Riverside Gardens,Week5,Fox Hunt,Week5,261.0 Riverside Gardens - 141.0 Fox Hunt
Riverside Gardens,Week4,Broyhill Crest,Week5,381.0 Riverside Gardens - 21.0 Broyhill Crest
Poplar Tree,Week3,Overlee,Week3,288.0 Overlee - 114.0 Poplar Tree
Riverside Gardens,Week1,Langley,Week2,213.0 Langley - 189.0 Riverside Gardens
Riverside Gardens,Week1,Langley,Week4,214.0 Langley - 188.0 Riverside Gardens
Ravensworth Farm,Week2,Holmes Run Acres,Week5,248.0 Holmes Run Acres - 154.0 Ravensworth Farm
Ravensworth Farm,Week1,Dunn Loring,Week2,272.0 Dunn Loring - 130.0 Ravensworth Farm
Ravensworth Farm,Week5,Dowden Terrace,Week5,207.0 Ravensworth Farm - 195.0 Dowden Terrace
Riverside Gardens,Week4,Broyhill Crest,Week1,385.0 Riverside Gardens - 17.0 Broyhill Crest
Riverside Gardens,Week1,Commonwealth,Week1,317.0 Riverside Gardens - 85.0 Commonwealth
Riverside Gardens,Week2,Fox Mill Estates,Week1,275.0 Riverside Gardens - 127.0 Fox Mill Estates
Ravensworth Farm,Week4,Crosspointe,Week2,217.0 Crosspointe - 185.0 Ravensworth Farm
Riverside Gardens,Week5,Chesterbrook,Week5,312.5 Chesterbrook - 89.5 Riverside Gardens
Ravensworth Farm,Week2,Holmes Run Acres,Week3,238.0 Holmes Run Acres - 164.0 Ravensworth Farm
Ravensworth Farm,Week4,Springfield,Week3,367.0 Ravensworth Farm - 34.0 Springfield
Ravensworth Farm,Week3,Springfield,Week1,375.0 Ravensworth Farm - 25.0 Springfield
Riverside Gardens,Week2,Fox Mill Estates,Week5,257.0 Riverside Gardens - 145.0 Fox Mill Estates
Ravensworth Farm,Week2,Dunn Loring,Week3,291.0 Dunn Loring - 111.0 Ravensworth Farm
Ravensworth Farm,Week1,Springfield,Week2,364.0 Ravensworth Farm - 36.0 Springfield
Ravensworth Farm,Week3,Holmes Run Acres,Week5,215.0 Holmes Run Acres - 187.0 Ravensworth Farm
Riverside Gardens,Week1,Broyhill Crest,Week3,391.0 Riverside Gardens - 11.0 Broyhill Crest
Ravensworth Farm,Week3,Dunn Loring,Week4,248.0 Dunn Loring - 154.0 Ravensworth Farm
Riverside Gardens,Week5,Brookfield ,Week2,286.0 Riverside Gardens - 116.0 Brookfield
Ravensworth Farm,Week2,Crosspointe,Week3,239.0 Crosspointe - 163.0 Ravensworth Farm
Riverside Gardens,Week1,Fox Mill Estates,Week1,289.0 Riverside Gardens - 113.0 Fox Mill Estates
Riverside Gardens,Week5,Fox Hunt,Week4,285.0 Riverside Gardens - 117.0 Fox Hunt
Riverside Gardens,Week4,Lakeview,Week3,345.0 Riverside Gardens - 57.0 Lakeview
Ravensworth Farm,Week3,Holmes Run Acres,Week1,252.0 Ravensworth Farm - 150.0 Holmes Run Acres
Riverside Gardens,Week3,Chesterbrook,Week4,308.0 Chesterbrook - 94.0 Riverside Gardens
Poplar Tree,Week1,Parklawn,Week3,313.0 Poplar Tree - 89.0 Parklawn
Riverside Gardens,Week2,Lakeview,Week5,296.0 Riverside Gardens - 97.0 Lakeview
Riverside Gardens,Week3,Chesterbrook,Week2,306.5 Chesterbrook - 95.5 Riverside Gardens
Ravensworth Farm,Week4,Holmes Run Acres,Week3,201.0 Holmes Run Acres - 201.0 Ravensworth Farm
Ravensworth Farm,Week4,Springfield,Week5,367.0 Ravensworth Farm - 34.0 Springfield
Poplar Tree,Week1,Parklawn,Week1,315.0 Poplar Tree - 77.0 Parklawn
Poplar Tree,Week1,Parklawn,Week5,299.0 Poplar Tree - 103.0 Parklawn
Ravensworth Farm,Week3,Dunn Loring,Week5,240.0 Dunn Loring - 162.0 Ravensworth Farm
Riverside Gardens,Week2,Broyhill Crest,Week1,371.0 Riverside Gardens - 31.0 Broyhill Crest
Ravensworth Farm,Week4,Holmes Run Acres,Week1,233.0 Ravensworth Farm - 169.0 Holmes Run Acres
Poplar Tree,Week4,Overlee,Week2,305.0 Overlee - 97.0 Poplar Tree
Poplar Tree,Week1,Parklawn,Week4,279.0 Poplar Tree - 123.0 Parklawn
Riverside Gardens,Week2,Broyhill Crest,Week5,355.0 Riverside Gardens - 47.0 Broyhill Crest
Riverside Gardens,Week1,Fox Mill Estates,Week4,257.0 Riverside Gardens - 145.0 Fox Mill Estates
Riverside Gardens,Week2,Lakeview,Week4,294.0 Riverside Gardens - 108.0 Lakeview
Riverside Gardens,Week1,Chesterbrook,Week5,330.0 Chesterbrook - 72.0 Riverside Gardens
Riverside Gardens,Week1,Fox Mill Estates,Week3,280.0 Riverside Gardens - 122.0 Fox Mill Estates
Riverside Gardens,Week1,Broyhill Crest,Week1,383.0 Riverside Gardens - 19.0 Broyhill Crest
Ravensworth Farm,Week3,Holmes Run Acres,Week2,254.0 Ravensworth Farm - 148.0 Holmes Run Acres
Riverside Gardens,Week5,Lakevale Estates,Week4,226.0 Lakevale Estates - 176.0 Riverside Gardens
Riverside Gardens,Week4,Lakeview,Week2,360.0 Riverside Gardens - 42.0 Lakeview
Ravensworth Farm,Week3,Dunn Loring,Week1,205.0 Ravensworth Farm - 197.0 Dunn Loring
Riverside Gardens,Week2,Chesterbrook,Week5,334.5 Chesterbrook - 67.5 Riverside Gardens
Ravensworth Farm,Week3,Springfield,Week4,362.0 Ravensworth Farm - 38.0 Springfield
Ravensworth Farm,Week4,Dunn Loring,Week2,263.0 Dunn Loring - 139.0 Ravensworth Farm
Ravensworth Farm,Week1,Dunn Loring,Week3,269.5 Dunn Loring - 132.5 Ravensworth Farm
Ravensworth Farm,Week4,Holmes Run Acres,Week4,227.0 Ravensworth Farm - 175.0 Holmes Run Acres
Riverside Gardens,Week1,Chesterbrook,Week4,313.0 Chesterbrook - 89.0 Riverside Gardens
Ravensworth Farm,Week2,Springfield,Week2,351.0 Ravensworth Farm - 44.0 Springfield
Ravensworth Farm,Week4,Springfield,Week1,359.0 Ravensworth Farm - 43.0 Springfield
Riverside Gardens,Week4,Chesterbrook,Week2,306.0 Chesterbrook - 96.0 Riverside Gardens
Riverside Gardens,Week3,Fox Mill Estates,Week3,277.0 Riverside Gardens - 125.0 Fox Mill Estates
Ravensworth Farm,Week3,Crosspointe,Week2,219.0 Crosspointe - 183.0 Ravensworth Farm
Poplar Tree,Week2,Parklawn,Week3,291.0 Poplar Tree - 110.0 Parklawn
Riverside Gardens,Week1,Fox Mill Estates,Week5,266.0 Riverside Gardens - 136.0 Fox Mill Estates
Ravensworth Farm,Week1,Springfield,Week3,364.0 Ravensworth Farm - 37.0 Springfield
Riverside Gardens,Week4,Fox Mill Estates,Week4,275.0 Riverside Gardens - 127.0 Fox Mill Estates
Riverside Gardens,Week4,Chesterbrook,Week3,326.0 Chesterbrook - 76.0 Riverside Gardens
Ravensworth Farm,Week5,Holmes Run Acres,Week1,249.0 Ravensworth Farm - 153.0 Holmes Run Acres
Riverside Gardens,Week3,Broyhill Crest,Week1,381.0 Riverside Gardens - 21.0 Broyhill Crest
Riverside Gardens,Week2,Broyhill Crest,Week3,382.0 Riverside Gardens - 20.0 Broyhill Crest
Riverside Gardens,Week3,Chesterbrook,Week1,309.0 Chesterbrook - 93.0 Riverside Gardens
Ravensworth Farm,Week1,Hunt Valley,Week2,242.5 Hunt Valley - 159.5 Ravensworth Farm
Poplar Tree,Week3,Parklawn,Week1,316.0 Poplar Tree - 77.0 Parklawn
Riverside Gardens,Week1,Lakeview,Week3,322.0 Riverside Gardens - 80.0 Lakeview
Riverside Gardens,Week4,Fox Mill Estates,Week2,278.0 Riverside Gardens - 124.0 Fox Mill Estates
Riverside Gardens,Week4,Fox Mill Estates,Week1,302.0 Riverside Gardens - 100.0 Fox Mill Estates
Ravensworth Farm,Week5,Springfield,Week1,373.0 Ravensworth Farm - 28.0 Springfield
Riverside Gardens,Week2,Lakeview,Week1,332.0 Riverside Gardens - 70.0 Lakeview
Riverside Gardens,Week3,Lakeview,Week5,326.0 Riverside Gardens - 67.0 Lakeview
Riverside Gardens,Week5,Brookfield ,Week5,272.0 Riverside Gardens - 130.0 Brookfield
Ravensworth Farm,Week4,Springfield,Week4,365.0 Ravensworth Farm - 37.0 Springfield
Ravensworth Farm,Week3,Dowden Terrace,Week5,214.0 Ravensworth Farm - 188.0 Dowden Terrace
Ravensworth Farm,Week2,Dunn Loring,Week2,288.0 Dunn Loring - 114.0 Ravensworth Farm
Poplar Tree,Week2,Parklawn,Week4,269.5 Poplar Tree - 131.5 Parklawn
Riverside Gardens,Week2,Broyhill Crest,Week2,380.0 Riverside Gardens - 22.0 Broyhill Crest
Riverside Gardens,Week4,Chesterbrook,Week4,309.0 Chesterbrook - 93.0 Riverside Gardens
Poplar Tree,Week3,Parklawn,Week3,309.0 Poplar Tree - 93.0 Parklawn
Ravensworth Farm,Week1,Hunt Valley,Week3,265.0 Hunt Valley - 137.0 Ravensworth Farm
Ravensworth Farm,Week5,Dowden Terrace,Week1,249.0 Ravensworth Farm - 153.0 Dowden Terrace
Ravensworth Farm,Week1,Stratford,Week1,295.0 Ravensworth Farm - 107.0 Stratford
Ravensworth Farm,Week3,Dowden Terrace,Week2,229.0 Ravensworth Farm - 173.0 Dowden Terrace
Riverside Gardens,Week1,Chesterbrook,Week3,337.0 Chesterbrook - 65.0 Riverside Gardens
Riverside Gardens,Week5,Lakevale Estates,Week3,208.0 Lakevale Estates - 194.0 Riverside Gardens
Riverside Gardens,Week2,Lakeview,Week2,335.0 Riverside Gardens - 67.0 Lakeview
Ravensworth Farm,Week2,Hunt Valley,Week5,282.0 Hunt Valley - 120.0 Ravensworth Farm
Ravensworth Farm,Week3,Springfield,Week5,376.0 Ravensworth Farm - 24.0 Springfield
Riverside Gardens,Week3,Broyhill Crest,Week5,365.0 Riverside Gardens - 37.0 Broyhill Crest
Ravensworth Farm,Week5,Dowden Terrace,Week4,229.0 Ravensworth Farm - 173.0 Dowden Terrace
Ravensworth Farm,Week2,Springfield,Week5,352.0 Ravensworth Farm - 45.0 Springfield
Poplar Tree,Week4,Parklawn,Week5,272.0 Poplar Tree - 129.0 Parklawn
Ravensworth Farm,Week5,Dowden Terrace,Week3,255.0 Ravensworth Farm - 147.0 Dowden Terrace
Riverside Gardens,Week3,Lakeview,Week4,334.0 Riverside Gardens - 68.0 Lakeview
Poplar Tree,Week5,Parklawn,Week1,320.5 Poplar Tree - 72.5 Parklawn
Ravensworth Farm,Week2,Hunt Valley,Week1,256.0 Hunt Valley - 146.0 Ravensworth Farm
Riverside Gardens,Week3,Broyhill Crest,Week3,392.0 Riverside Gardens - 10.0 Broyhill Crest
Ravensworth Farm,Week2,Hunt Valley,Week4,270.0 Hunt Valley - 132.0 Ravensworth Farm
Riverside Gardens,Week5,Chesterbrook,Week1,302.0 Chesterbrook - 100.0 Riverside Gardens
Riverside Gardens,Week1,Lakeview,Week5,313.0 Riverside Gardens - 80.0 Lakeview
Ravensworth Farm,Week1,Springfield,Week4,358.0 Ravensworth Farm - 43.0 Springfield
Riverside Gardens,Week1,Commonwealth,Week2,273.0 Riverside Gardens - 129.0 Commonwealth
Riverside Gardens,Week3,Fox Mill Estates,Week4,273.0 Riverside Gardens - 129.0 Fox Mill Estates
Poplar Tree,Week1,Parliament,Week5,232.0 Poplar Tree - 170.0 Parliament
Riverside Gardens,Week5,Chesterbrook,Week2,300.0 Chesterbrook - 102.0 Riverside Gardens
Riverside Gardens,Week5,Fox Mill Estates,Week1,308.0 Riverside Gardens - 94.0 Fox Mill Estates
Ravensworth Farm,Week3,Hunt Valley,Week1,249.0 Hunt Valley - 153.0 Ravensworth Farm
Ravensworth Farm,Week1,Dunn Loring,Week4,259.0 Dunn Loring - 143.0 Ravensworth Farm
Riverside Gardens,Week5,Fox Hunt,Week2,293.0 Riverside Gardens - 109.0 Fox Hunt
Riverside Gardens,Week3,Broyhill Crest,Week4,382.0 Riverside Gardens - 20.0 Broyhill Crest
Riverside Gardens,Week4,Broyhill Crest,Week3,393.0 Riverside Gardens - 9.0 Broyhill Crest
Riverside Gardens,Week2,Lakeview,Week3,299.0 Riverside Gardens - 103.0 Lakeview
Riverside Gardens,Week4,Lakeview,Week4,333.0 Riverside Gardens - 69.0 Lakeview
Poplar Tree,Week2,Parliament,Week3,232.0 Poplar Tree - 170.0 Parliament
Riverside Gardens,Week1,Fox Mill Woods,Week3,204.5 Fox Mill Woods - 197.5 Riverside Gardens
Ravensworth Farm,Week4,Springfield,Week2,363.0 Ravensworth Farm - 32.0 Springfield
Riverside Gardens,Week4,Lakeview,Week1,360.0 Riverside Gardens - 42.0 Lakeview
Ravensworth Farm,Week4,Dowden Terrace,Week5,212.5 Dowden Terrace - 189.5 Ravensworth Farm
Riverside Gardens,Week5,Lakeview,Week2,358.0 Riverside Gardens - 44.0 Lakeview
Ravensworth Farm,Week5,Springfield,Week4,374.0 Ravensworth Farm - 27.0 Springfield
Riverside Gardens,Week5,Broyhill Crest,Week1,383.0 Riverside Gardens - 19.0 Broyhill Crest
Poplar Tree,Week5,Parklawn,Week5,303.0 Poplar Tree - 99.0 Parklawn
Riverside Gardens,Week1,Fox Mill Woods,Week2,217.0 Fox Mill Woods - 185.0 Riverside Gardens
Poplar Tree,Week2,Parliament,Week4,243.0 Poplar Tree - 159.0 Parliament
Ravensworth Farm,Week3,Hunt Valley,Week4,240.5 Hunt Valley - 161.5 Ravensworth Farm
Ravensworth Farm,Week4,Hunt Valley,Week3,268.0 Hunt Valley - 134.0 Ravensworth Farm
Riverside Gardens,Week5,Lakeview,Week1,352.0 Riverside Gardens - 50.0 Lakeview
Ravensworth Farm,Week2,Dunn Loring,Week1,234.5 Dunn Loring - 167.5 Ravensworth Farm
Ravensworth Farm,Week3,Springfield,Week2,369.0 Ravensworth Farm - 31.0 Springfield
Riverside Gardens,Week4,Broyhill Crest,Week4,387.0 Riverside Gardens - 15.0 Broyhill Crest
Riverside Gardens,Week5,Fox Mill Estates,Week2,286.0 Riverside Gardens - 116.0 Fox Mill Estates
Riverside Gardens,Week5,Chesterbrook,Week3,317.5 Chesterbrook - 84.5 Riverside Gardens
Riverside Gardens,Week2,Chesterbrook,Week3,341.0 Chesterbrook - 61.0 Riverside Gardens
Ravensworth Farm,Week2,Dunn Loring,Week5,284.0 Dunn Loring - 118.0 Ravensworth Farm
Ravensworth Farm,Week2,Dunn Loring,Week4,286.0 Dunn Loring - 116.0 Ravensworth Farm
Riverside Gardens,Week5,Fox Mill Estates,Week4,274.0 Riverside Gardens - 128.0 Fox Mill Estates
Riverside Gardens,Week2,Chesterbrook,Week2,320.0 Chesterbrook - 82.0 Riverside Gardens
Riverside Gardens,Week5,Fox Mill Estates,Week5,277.0 Riverside Gardens - 125.0 Fox Mill Estates
Ravensworth Farm,Week4,Hunt Valley,Week4,248.0 Hunt Valley - 154.0 Ravensworth Farm
Ravensworth Farm,Week5,Springfield,Week3,374.0 Ravensworth Farm - 28.0 Springfield
Riverside Gardens,Week5,Broyhill Crest,Week3,385.0 Riverside Gardens - 17.0 Broyhill Crest
Poplar Tree,Week4,Parklawn,Week3,290.0 Poplar Tree - 111.0 Parklawn
Ravensworth Farm,Week5,Holmes Run Acres,Week4,251.0 Ravensworth Farm - 151.0 Holmes Run Acres
Riverside Gardens,Week3,Lakeview,Week1,355.0 Riverside Gardens - 47.0 Lakeview
Riverside Gardens,Week4,Burke Station,Week5,310.0 Riverside Gardens - 92.0 Burke Station
Ravensworth Farm,Week4,Hunt Valley,Week2,241.0 Hunt Valley - 161.0 Ravensworth Farm
Riverside Gardens,Week3,Chesterbrook,Week5,316.0 Chesterbrook - 86.0 Riverside Gardens
Ravensworth Farm,Week3,Springfield,Week3,362.0 Ravensworth Farm - 35.0 Springfield
Ravensworth Farm,Week5,Springfield,Week5,377.0 Ravensworth Farm - 22.0 Springfield
Poplar Tree,Week1,Parliament,Week1,225.0 Poplar Tree - 177.0 Parliament
Ravensworth Farm,Week3,Dunn Loring,Week2,250.0 Dunn Loring - 152.0 Ravensworth Farm
Ravensworth Farm,Week4,Dowden Terrace,Week1,240.0 Ravensworth Farm - 162.0 Dowden Terrace
Riverside Gardens,Week2,Chesterbrook,Week4,319.5 Chesterbrook - 82.5 Riverside Gardens
Poplar Tree,Week1,Parliament,Week2,248.0 Poplar Tree - 154.0 Parliament
Ravensworth Farm,Week2,Hunt Valley,Week2,256.5 Hunt Valley - 145.5 Ravensworth Farm
Ravensworth Farm,Week3,Hunt Valley,Week2,241.0 Hunt Valley - 161.0 Ravensworth Farm
Ravensworth Farm,Week1,Stratford,Week2,303.0 Ravensworth Farm - 99.0 Stratford
Poplar Tree,Week5,Parklawn,Week4,298.0 Poplar Tree - 103.0 Parklawn
Ravensworth Farm,Week3,Dowden Terrace,Week4,225.0 Ravensworth Farm - 177.0 Dowden Terrace
Ravensworth Farm,Week5,Springfield,Week2,374.0 Ravensworth Farm - 27.0 Springfield
Riverside Gardens,Week3,Lakeview,Week3,322.0 Riverside Gardens - 80.0 Lakeview
Riverside Gardens,Week1,Burke Station,Week1,291.0 Riverside Gardens - 88.0 Burke Station
Poplar Tree,Week4,Parklawn,Week4,256.5 Poplar Tree - 144.5 Parklawn
Ravensworth Farm,Week1,Stratford,Week4,279.0 Ravensworth Farm - 123.0 Stratford
Riverside Gardens,Week1,Fox Mill Woods,Week4,221.0 Fox Mill Woods - 181.0 Riverside Gardens
Ravensworth Farm,Week4,Hunt Valley,Week1,241.0 Hunt Valley - 161.0 Ravensworth Farm
Riverside Gardens,Week2,Chesterbrook,Week1,311.0 Chesterbrook - 91.0 Riverside Gardens
Riverside Gardens,Week2,Burke Station,Week2,318.0 Riverside Gardens - 84.0 Burke Station
Ravensworth Farm,Week3,Dowden Terrace,Week1,243.0 Ravensworth Farm - 155.0 Dowden Terrace
Riverside Gardens,Week1,Cottontail,Week1,271.0 Riverside Gardens - 131.0 Cottontail
Riverside Gardens,Week2,Commonwealth,Week3,276.0 Riverside Gardens - 126.0 Commonwealth
Ravensworth Farm,Week4,Dowden Terrace,Week2,221.0 Ravensworth Farm - 181.0 Dowden Terrace
Ravensworth Farm,Week4,Dowden Terrace,Week3,247.0 Ravensworth Farm - 155.0 Dowden Terrace
Riverside Gardens,Week4,Chesterbrook,Week5,314.0 Chesterbrook - 88.0 Riverside Gardens
Riverside Gardens,Week1,Camelot,Week2,250.0 Riverside Gardens - 152.0 Camelot
Riverside Gardens,Week4,Burke Station,Week3,321.0 Riverside Gardens - 76.0 Burke Station
Riverside Gardens,Week5,Lakeview,Week4,337.0 Riverside Gardens - 65.0 Lakeview
Riverside Gardens,Week1,Fox Mill Woods,Week1,203.0 Fox Mill Woods - 199.0 Riverside Gardens
Riverside Gardens,Week5,Lakeview,Week3,344.0 Riverside Gardens - 58.0 Lakeview
Riverside Gardens,Week2,Fox Mill Woods,Week1,212.0 Fox Mill Woods - 190.0 Riverside Gardens
Poplar Tree,Week5,Parklawn,Week3,323.0 Poplar Tree - 79.0 Parklawn
Ravensworth Farm,Week2,Springfield,Week4,352.0 Ravensworth Farm - 44.0 Springfield
Riverside Gardens,Week1,Lakeview,Week4,323.0 Riverside Gardens - 79.0 Lakeview
Ravensworth Farm,Week1,Hunt Valley,Week5,260.0 Hunt Valley - 142.0 Ravensworth Farm
Riverside Gardens,Week1,Fox Mill Woods,Week5,216.0 Fox Mill Woods - 186.0 Riverside Gardens
Riverside Gardens,Week1,Great Falls,Week1,259.0 Riverside Gardens - 143.0 Great Falls
Riverside Gardens,Week4,Lakeview,Week5,337.0 Riverside Gardens - 56.0 Lakeview
Poplar Tree,Week5,Parklawn,Week2,313.0 Poplar Tree - 89.0 Parklawn
Riverside Gardens,Week4,Fox Mill Woods,Week2,217.0 Riverside Gardens - 185.0 Fox Mill Woods
Riverside Gardens,Week2,Camelot,Week3,255.0 Riverside Gardens - 147.0 Camelot
Riverside Gardens,Week2,Camelot,Week1,261.0 Riverside Gardens - 141.0 Camelot
Riverside Gardens,Week3,Commonwealth,Week2,285.5 Riverside Gardens - 116.5 Commonwealth
Ravensworth Farm,Week2,Hunt Valley,Week3,277.0 Hunt Valley - 125.0 Ravensworth Farm
Poplar Tree,Week3,Parklawn,Week5,288.0 Poplar Tree - 114.0 Parklawn
Riverside Gardens,Week5,Lakeview,Week5,331.0 Riverside Gardens - 62.0 Lakeview
Ravensworth Farm,Week5,Stratford,Week4,291.0 Ravensworth Farm - 111.0 Stratford
Ravensworth Farm,Week1,Sully Station,Week3,241.0 Sully Station - 161.0 Ravensworth Farm
Ravensworth Farm,Week5,Hunt Valley,Week1,225.0 Hunt Valley - 177.0 Ravensworth Farm
Ravensworth Farm,Week3,Hunt Valley,Week3,254.0 Hunt Valley - 148.0 Ravensworth Farm
Riverside Gardens,Week3,Commonwealth,Week4,317.0 Riverside Gardens - 85.0 Commonwealth
Riverside Gardens,Week1,Langley,Week1,207.0 Langley - 195.0 Riverside Gardens
Ravensworth Farm,Week2,Sully Station,Week3,246.0 Sully Station - 156.0 Ravensworth Farm
Ravensworth Farm,Week1,Dunn Loring,Week1,216.0 Dunn Loring - 186.0 Ravensworth Farm
Riverside Gardens,Week1,Camelot,Week4,255.0 Riverside Gardens - 147.0 Camelot
Ravensworth Farm,Week5,Dowden Terrace,Week2,238.0 Ravensworth Farm - 164.0 Dowden Terrace
Riverside Gardens,Week2,Fox Mill Woods,Week4,223.0 Fox Mill Woods - 179.0 Riverside Gardens
Poplar Tree,Week4,Parklawn,Week1,286.0 Poplar Tree - 107.0 Parklawn
Ravensworth Farm,Week4,Dowden Terrace,Week4,223.0 Ravensworth Farm - 179.0 Dowden Terrace
Poplar Tree,Week1,Parliament,Week3,241.0 Poplar Tree - 161.0 Parliament
Riverside Gardens,Week4,Commonwealth,Week2,297.0 Riverside Gardens - 105.0 Commonwealth
Riverside Gardens,Week4,Fox Mill Woods,Week1,209.5 Fox Mill Woods - 192.5 Riverside Gardens
Ravensworth Farm,Week1,Hunt Valley,Week1,243.0 Hunt Valley - 159.0 Ravensworth Farm
Ravensworth Farm,Week2,Stratford,Week4,249.0 Ravensworth Farm - 153.0 Stratford
Ravensworth Farm,Week3,Hunt Valley,Week5,253.0 Hunt Valley - 149.0 Ravensworth Farm
Riverside Gardens,Week2,Langley,Week1,221.0 Langley - 181.0 Riverside Gardens
Riverside Gardens,Week1,Langley,Week3,226.0 Langley - 176.0 Riverside Gardens
Riverside Gardens,Week4,Commonwealth,Week4,328.5 Riverside Gardens - 73.5 Commonwealth
Riverside Gardens,Week3,Commonwealth,Week5,292.0 Riverside Gardens - 110.0 Commonwealth
Riverside Gardens,Week2,Great Falls,Week1,249.0 Riverside Gardens - 153.0 Great Falls
Ravensworth Farm,Week2,Stratford,Week3,265.0 Ravensworth Farm - 137.0 Stratford
Ravensworth Farm,Week4,Dunn Loring,Week1,208.0 Dunn Loring - 194.0 Ravensworth Farm
Poplar Tree,Week1,Parliament,Week4,250.0 Poplar Tree - 152.0 Parliament
Riverside Gardens,Week3,Fox Mill Woods,Week4,209.5 Riverside Gardens - 192.5 Fox Mill Woods
Ravensworth Farm,Week5,Holmes Run Acres,Week5,206.0 Ravensworth Farm - 196.0 Holmes Run Acres
Riverside Gardens,Week3,Burke Station,Week1,291.0 Riverside Gardens - 88.0 Burke Station
Ravensworth Farm,Week2,Stratford,Week5,251.0 Ravensworth Farm - 151.0 Stratford
Ravensworth Farm,Week4,Hunt Valley,Week5,266.0 Hunt Valley - 136.0 Ravensworth Farm
Riverside Gardens,Week4,Commonwealth,Week3,315.0 Riverside Gardens - 87.0 Commonwealth
Riverside Gardens,Week1,Commonwealth,Week5,291.0 Riverside Gardens - 111.0 Commonwealth
Ravensworth Farm,Week1,Dunn Loring,Week5,259.0 Dunn Loring - 143.0 Ravensworth Farm
Ravensworth Farm,Week3,Dunn Loring,Week3,262.0 Dunn Loring - 140.0 Ravensworth Farm
Riverside Gardens,Week1,Langley,Week5,219.0 Langley - 183.0 Riverside Gardens
Riverside Gardens,Week3,Burke Station,Week5,312.0 Riverside Gardens - 90.0 Burke Station
Ravensworth Farm,Week1,Sully Station,Week5,258.0 Sully Station - 144.0 Ravensworth Farm
Riverside Gardens,Week4,Burke Station,Week1,298.0 Riverside Gardens - 81.0 Burke Station
Poplar Tree,Week4,Parklawn,Week2,278.0 Poplar Tree - 122.0 Parklawn
Riverside Gardens,Week3,Fox Mill Woods,Week5,204.0 Riverside Gardens - 198.0 Fox Mill Woods
Poplar Tree,Week2,Parliament,Week1,203.0 Parliament - 199.0 Poplar Tree
Ravensworth Farm,Week3,Stratford,Week3,294.0 Ravensworth Farm - 108.0 Stratford
Ravensworth Farm,Week1,Hunt Valley,Week4,263.0 Hunt Valley - 139.0 Ravensworth Farm
Riverside Gardens,Week2,Langley,Week2,222.0 Langley - 180.0 Riverside Gardens
Riverside Gardens,Week2,Burke Station,Week3,300.0 Riverside Gardens - 96.0 Burke Station
Ravensworth Farm,Week2,Fair Oaks ,Week2,220.5 Ravensworth Farm - 181.5 Fair Oaks
Ravensworth Farm,Week1,Fair Oaks ,Week1,222.0 Ravensworth Farm - 180.0 Fair Oaks
Ravensworth Farm,Week5,Stratford,Week1,308.0 Ravensworth Farm - 94.0 Stratford
Riverside Gardens,Week3,Burke Station,Week2,333.0 Riverside Gardens - 69.0 Burke Station
Poplar Tree,Week2,Parliament,Week2,236.0 Poplar Tree - 166.0 Parliament
Riverside Gardens,Week2,Cottontail,Week5,244.0 Riverside Gardens - 158.0 Cottontail
Riverside Gardens,Week2,Great Falls,Week2,240.0 Riverside Gardens - 144.0 Great Falls
Riverside Gardens,Week3,Fox Mill Woods,Week2,214.0 Riverside Gardens - 188.0 Fox Mill Woods
Riverside Gardens,Week2,Langley,Week3,224.0 Langley - 178.0 Riverside Gardens
Riverside Gardens,Week3,Cottontail,Week3,305.0 Riverside Gardens - 97.0 Cottontail
Ravensworth Farm,Week5,Holmes Run Acres,Week3,208.0 Holmes Run Acres - 194.0 Ravensworth Farm
Riverside Gardens,Week2,Burke Station,Week1,275.0 Riverside Gardens - 104.0 Burke Station
Riverside Gardens,Week1,Commonwealth,Week3,289.0 Riverside Gardens - 113.0 Commonwealth
Ravensworth Farm,Week2,Forest Hollow,Week5,233.0 Forest Hollow - 169.0 Ravensworth Farm
Riverside Gardens,Week4,Fox Mill Woods,Week4,210.0 Riverside Gardens - 192.0 Fox Mill Woods
Riverside Gardens,Week4,Langley,Week1,202.0 Riverside Gardens - 200.0 Langley
Riverside Gardens,Week4,Burke Station,Week2,334.0 Riverside Gardens - 68.0 Burke Station
Riverside Gardens,Week2,Burke Station,Week4,320.0 Riverside Gardens - 82.0 Burke Station
Ravensworth Farm,Week3,Fair Oaks ,Week2,238.0 Ravensworth Farm - 164.0 Fair Oaks
Riverside Gardens,Week4,Burke Station,Week4,328.0 Riverside Gardens - 74.0 Burke Station
Ravensworth Farm,Week5,Fairfax Station,Week3,246.0 Fairfax Station - 156.0 Ravensworth Farm
Ravensworth Farm,Week3,Forest Hollow,Week5,202.0 Forest Hollow - 200.0 Ravensworth Farm
Ravensworth Farm,Week3,Mosby Woods,Week1,239.0 Mosby Woods - 163.0 Ravensworth Farm
Ravensworth Farm,Week4,Dunn Loring,Week3,268.0 Dunn Loring - 134.0 Ravensworth Farm
Riverside Gardens,Week4,Fox Mill Woods,Week3,223.0 Riverside Gardens - 179.0 Fox Mill Woods
Riverside Gardens,Week1,Burke Station,Week2,330.0 Riverside Gardens - 72.0 Burke Station
Riverside Gardens,Week5,Langley,Week2,202.0 Riverside Gardens - 200.0 Langley
Ravensworth Farm,Week1,Mount Vernon Park,Week1,245.5 Mount Vernon Park - 156.5 Ravensworth Farm
Ravensworth Farm,Week2,Sully Station,Week1,258.0 Sully Station - 144.0 Ravensworth Farm
Ravensworth Farm,Week5,Fairfax Station,Week5,263.0 Fairfax Station - 139.0 Ravensworth Farm
Ravensworth Farm,Week2,Mount Vernon Park,Week4,252.0 Mount Vernon Park - 150.0 Ravensworth Farm
Riverside Gardens,Week1,Laurel Hill,Week2,326.5 Riverside Gardens - 75.5 Laurel Hill
Riverside Gardens,Week1,Commonwealth,Week4,319.0 Riverside Gardens - 83.0 Commonwealth
Riverside Gardens,Week4,Commonwealth,Week1,324.0 Riverside Gardens - 78.0 Commonwealth
Ravensworth Farm,Week4,Stratford,Week3,289.0 Ravensworth Farm - 113.0 Stratford
Ravensworth Farm,Week5,Fair Oaks ,Week1,236.0 Ravensworth Farm - 166.0 Fair Oaks
Riverside Gardens,Week3,Fox Mill Woods,Week3,218.0 Riverside Gardens - 184.0 Fox Mill Woods
Ravensworth Farm,Week2,Sully Station,Week2,242.0 Sully Station - 160.0 Ravensworth Farm
Ravensworth Farm,Week3,Mount Vernon Park,Week1,226.0 Mount Vernon Park - 176.0 Ravensworth Farm
Ravensworth Farm,Week3,Fair Oaks ,Week1,225.0 Ravensworth Farm - 177.0 Fair Oaks
Riverside Gardens,Week3,Fox Mill Woods,Week1,204.0 Fox Mill Woods - 198.0 Riverside Gardens
Riverside Gardens,Week2,Commonwealth,Week1,295.0 Riverside Gardens - 107.0 Commonwealth
Riverside Gardens,Week2,Laurel Hill,Week4,303.0 Riverside Gardens - 99.0 Laurel Hill
Ravensworth Farm,Week4,Stratford,Week5,278.0 Ravensworth Farm - 119.0 Stratford
Riverside Gardens,Week5,Langley,Week4,202.0 Riverside Gardens - 200.0 Langley
Riverside Gardens,Week5,Burke Station,Week2,322.0 Riverside Gardens - 79.0 Burke Station
Riverside Gardens,Week2,Cottontail,Week4,268.0 Riverside Gardens - 134.0 Cottontail
Ravensworth Farm,Week4,Stratford,Week4,264.0 Ravensworth Farm - 138.0 Stratford
Riverside Gardens,Week1,Cottontail,Week2,281.0 Riverside Gardens - 121.0 Cottontail
Riverside Gardens,Week5,Fox Mill Woods,Week3,225.0 Riverside Gardens - 177.0 Fox Mill Woods
Riverside Gardens,Week4,Langley,Week3,207.0 Riverside Gardens - 195.0 Langley
Ravensworth Farm,Week3,Fair Oaks ,Week4,222.0 Ravensworth Farm - 180.0 Fair Oaks
Ravensworth Farm,Week3,Fairfax Station,Week5,252.0 Fairfax Station - 150.0 Ravensworth Farm
Ravensworth Farm,Week5,Mosby Woods,Week3,220.0 Mosby Woods - 182.0 Ravensworth Farm
Ravensworth Farm,Week5,Fair Oaks ,Week2,264.0 Ravensworth Farm - 138.0 Fair Oaks
Riverside Gardens,Week2,Burke Station,Week5,296.0 Riverside Gardens - 106.0 Burke Station
Ravensworth Farm,Week2,Forest Hollow,Week2,207.0 Forest Hollow - 195.0 Ravensworth Farm
Riverside Gardens,Week5,Commonwealth,Week2,282.0 Riverside Gardens - 120.0 Commonwealth
Ravensworth Farm,Week4,Fair Oaks ,Week5,218.0 Fair Oaks - 184.0 Ravensworth Farm
Riverside Gardens,Week3,Burke Station,Week4,335.0 Riverside Gardens - 67.0 Burke Station
Ravensworth Farm,Week3,Mosby Woods,Week3,232.0 Mosby Woods - 170.0 Ravensworth Farm
Ravensworth Farm,Week5,Stratford,Week2,315.0 Ravensworth Farm - 87.0 Stratford
Riverside Gardens,Week5,Langley,Week1,205.0 Langley - 197.0 Riverside Gardens
Riverside Gardens,Week5,Fox Mill Woods,Week2,218.0 Riverside Gardens - 184.0 Fox Mill Woods
Riverside Gardens,Week4,Fox Mill Woods,Week5,206.0 Riverside Gardens - 196.0 Fox Mill Woods
Ravensworth Farm,Week2,Forest Hollow,Week4,225.0 Forest Hollow - 177.0 Ravensworth Farm
Ravensworth Farm,Week2,Mosby Woods,Week4,235.0 Mosby Woods - 167.0 Ravensworth Farm
Ravensworth Farm,Week3,Stratford,Week2,298.0 Ravensworth Farm - 104.0 Stratford
Poplar Tree,Week5,Riverside Gardens,Week4,201.5 Poplar Tree - 200.5 Riverside Gardens
Riverside Gardens,Week1,Burke Station,Week4,326.0 Riverside Gardens - 76.0 Burke Station
Ravensworth Farm,Week3,Stratford,Week4,274.0 Ravensworth Farm - 128.0 Stratford
Ravensworth Farm,Week1,Forest Hollow,Week5,214.0 Forest Hollow - 188.0 Ravensworth Farm
Ravensworth Farm,Week4,Mosby Woods,Week4,228.0 Mosby Woods - 174.0 Ravensworth Farm
Riverside Gardens,Week5,Commonwealth,Week5,302.0 Riverside Gardens - 100.0 Commonwealth
Riverside Gardens,Week2,Great Falls,Week3,220.0 Riverside Gardens - 182.0 Great Falls
Riverside Gardens,Week1,Great Falls,Week4,249.0 Riverside Gardens - 153.0 Great Falls
Riverside Gardens,Week4,Laurel Hill,Week2,335.0 Riverside Gardens - 67.0 Laurel Hill
Ravensworth Farm,Week1,Fair Oaks ,Week3,215.0 Ravensworth Farm - 187.0 Fair Oaks
Ravensworth Farm,Week2,Fair Oaks ,Week3,232.0 Fair Oaks - 170.0 Ravensworth Farm
Ravensworth Farm,Week5,Dunn Loring,Week2,245.0 Dunn Loring - 157.0 Ravensworth Farm
Riverside Gardens,Week3,Langley,Week5,206.0 Riverside Gardens - 196.0 Langley
Ravensworth Farm,Week2,Fair Oaks ,Week1,222.0 Fair Oaks - 180.0 Ravensworth Farm
Riverside Gardens,Week1,Burke Station,Week5,305.0 Riverside Gardens - 97.0 Burke Station
Ravensworth Farm,Week3,Forest Hollow,Week3,230.0 Ravensworth Farm - 172.0 Forest Hollow
Ravensworth Farm,Week2,Forest Hollow,Week1,216.0 Forest Hollow - 186.0 Ravensworth Farm
Ravensworth Farm,Week1,Mount Vernon Park,Week2,237.0 Mount Vernon Park - 165.0 Ravensworth Farm
Ravensworth Farm,Week5,Fairfax Station,Week2,224.0 Fairfax Station - 178.0 Ravensworth Farm
Ravensworth Farm,Week2,Stratford,Week1,284.0 Ravensworth Farm - 118.0 Stratford
Ravensworth Farm,Week3,Stratford,Week5,291.0 Ravensworth Farm - 111.0 Stratford
Riverside Gardens,Week4,Langley,Week5,209.0 Riverside Gardens - 193.0 Langley
Riverside Gardens,Week1,Laurel Hill,Week5,290.0 Riverside Gardens - 112.0 Laurel Hill
Ravensworth Farm,Week1,Mount Vernon Park,Week3,237.0 Mount Vernon Park - 165.0 Ravensworth Farm
Ravensworth Farm,Week4,Dunn Loring,Week5,269.0 Dunn Loring - 133.0 Ravensworth Farm
Ravensworth Farm,Week4,Stratford,Week2,299.5 Ravensworth Farm - 102.5 Stratford
Riverside Gardens,Week3,Burke Station,Week3,310.0 Riverside Gardens - 87.0 Burke Station
Riverside Gardens,Week5,Fox Mill Woods,Week1,207.0 Riverside Gardens - 195.0 Fox Mill Woods
Riverside Gardens,Week3,Commonwealth,Week3,302.0 Riverside Gardens - 100.0 Commonwealth
Riverside Gardens,Week4,Commonwealth,Week5,301.0 Riverside Gardens - 101.0 Commonwealth
Riverside Gardens,Week3,Langley,Week2,201.5 Riverside Gardens - 200.5 Langley
Riverside Gardens,Week5,Broyhill Crest,Week5,377.0 Riverside Gardens - 25.0 Broyhill Crest
Ravensworth Farm,Week4,Fairfax Station,Week5,255.0 Fairfax Station - 147.0 Ravensworth Farm
Ravensworth Farm,Week3,Stratford,Week1,299.0 Ravensworth Farm - 102.0 Stratford
Riverside Gardens,Week1,Great Falls,Week3,243.0 Riverside Gardens - 159.0 Great Falls
Riverside Gardens,Week5,Commonwealth,Week1,316.0 Riverside Gardens - 86.0 Commonwealth
Riverside Gardens,Week4,Langley,Week4,210.0 Riverside Gardens - 192.0 Langley
Ravensworth Farm,Week4,Dunn Loring,Week4,260.0 Dunn Loring - 142.0 Ravensworth Farm
Riverside Gardens,Week1,Great Falls,Week2,248.0 Riverside Gardens - 136.0 Great Falls
Riverside Gardens,Week1,Burke Station,Week3,312.0 Riverside Gardens - 85.0 Burke Station
Riverside Gardens,Week2,Commonwealth,Week5,274.0 Riverside Gardens - 128.0 Commonwealth
Ravensworth Farm,Week3,Mosby Woods,Week4,231.0 Mosby Woods - 171.0 Ravensworth Farm
Ravensworth Farm,Week5,Mosby Woods,Week1,230.0 Mosby Woods - 172.0 Ravensworth Farm
Poplar Tree,Week1,Riverside Gardens,Week5,233.0 Riverside Gardens - 169.0 Poplar Tree
Riverside Gardens,Week5,Langley,Week3,206.0 Langley - 196.0 Riverside Gardens
Ravensworth Farm,Week1,Sully Station,Week1,247.0 Sully Station - 155.0 Ravensworth Farm
Riverside Gardens,Week2,Commonwealth,Week2,259.0 Riverside Gardens - 143.0 Commonwealth
Riverside Gardens,Week5,Burke Station,Week1,292.5 Riverside Gardens - 85.5 Burke Station
Riverside Gardens,Week5,Fox Mill Woods,Week5,207.0 Riverside Gardens - 195.0 Fox Mill Woods
Ravensworth Farm,Week1,Fox Hunt,Week3,206.0 Ravensworth Farm - 196.0 Fox Hunt
Ravensworth Farm,Week1,Mount Vernon Park,Week5,256.0 Mount Vernon Park - 146.0 Ravensworth Farm
Poplar Tree,Week3,Mantua,Week3,227.0 Mantua - 175.0 Poplar Tree
Riverside Gardens,Week2,Fox Mill Woods,Week5,229.0 Fox Mill Woods - 173.0 Riverside Gardens
Ravensworth Farm,Week2,Mount Vernon Park,Week1,250.0 Mount Vernon Park - 152.0 Ravensworth Farm
Riverside Gardens,Week5,Burke Station,Week3,309.0 Riverside Gardens - 88.0 Burke Station
Riverside Gardens,Week5,Commonwealth,Week3,299.0 Riverside Gardens - 103.0 Commonwealth
Poplar Tree,Week2,Riverside Gardens,Week3,237.0 Riverside Gardens - 165.0 Poplar Tree
Ravensworth Farm,Week3,Mosby Woods,Week2,236.0 Mosby Woods - 166.0 Ravensworth Farm
Ravensworth Farm,Week4,Fairfax Station,Week4,229.0 Fairfax Station - 173.0 Ravensworth Farm
Ravensworth Farm,Week4,Stratford,Week1,288.0 Ravensworth Farm - 114.0 Stratford
Ravensworth Farm,Week4,Mosby Woods,Week5,235.5 Mosby Woods - 166.5 Ravensworth Farm
Ravensworth Farm,Week1,Fair Oaks ,Week4,228.5 Ravensworth Farm - 173.5 Fair Oaks
Riverside Gardens,Week2,Commonwealth,Week4,306.0 Riverside Gardens - 96.0 Commonwealth
Poplar Tree,Week2,Riverside Gardens,Week5,244.0 Riverside Gardens - 158.0 Poplar Tree
Poplar Tree,Week3,Riverside Gardens,Week5,237.0 Riverside Gardens - 165.0 Poplar Tree
Poplar Tree,Week3,Riverside Gardens,Week3,221.0 Riverside Gardens - 181.0 Poplar Tree
Riverside Gardens,Week3,Langley,Week3,205.0 Langley - 197.0 Riverside Gardens
Riverside Gardens,Week2,Fox Mill Woods,Week3,215.0 Fox Mill Woods - 187.0 Riverside Gardens
Ravensworth Farm,Week5,Dunn Loring,Week4,252.0 Dunn Loring - 150.0 Ravensworth Farm
Ravensworth Farm,Week5,Forest Hollow,Week4,213.0 Ravensworth Farm - 189.0 Forest Hollow
Ravensworth Farm,Week3,Fair Oaks ,Week3,201.0 Fair Oaks - 201.0 Ravensworth Farm
Riverside Gardens,Week5,Burke Station,Week4,326.0 Riverside Gardens - 76.0 Burke Station
Ravensworth Farm,Week1,Sully Station,Week4,249.0 Sully Station - 153.0 Ravensworth Farm
Riverside Gardens,Week1,Laurel Hill,Week1,310.0 Riverside Gardens - 92.0 Laurel Hill
Riverside Gardens,Week5,Burke Station,Week5,305.0 Riverside Gardens - 97.0 Burke Station
Ravensworth Farm,Week1,Forest Hollow,Week4,208.0 Forest Hollow - 194.0 Ravensworth Farm
Poplar Tree,Week3,Riverside Gardens,Week4,226.0 Riverside Gardens - 176.0 Poplar Tree
Ravensworth Farm,Week2,Fair Oaks ,Week5,241.0 Fair Oaks - 161.0 Ravensworth Farm
Riverside Gardens,Week3,Commonwealth,Week1,316.0 Riverside Gardens - 86.0 Commonwealth
Ravensworth Farm,Week5,Stratford,Week3,298.5 Ravensworth Farm - 103.5 Stratford
Ravensworth Farm,Week2,Forest Hollow,Week3,223.0 Forest Hollow - 179.0 Ravensworth Farm
Ravensworth Farm,Week2,Mosby Woods,Week5,244.0 Mosby Woods - 158.0 Ravensworth Farm
Riverside Gardens,Week5,Commonwealth,Week4,327.0 Riverside Gardens - 75.0 Commonwealth
Poplar Tree,Week1,Riverside Gardens,Week2,210.0 Riverside Gardens - 192.0 Poplar Tree
Ravensworth Farm,Week1,Fair Oaks ,Week2,243.0 Ravensworth Farm - 159.0 Fair Oaks
Riverside Gardens,Week2,Langley,Week5,220.0 Langley - 182.0 Riverside Gardens
Ravensworth Farm,Week3,Forest Hollow,Week1,220.0 Ravensworth Farm - 182.0 Forest Hollow
Ravensworth Farm,Week2,Stratford,Week2,267.5 Ravensworth Farm - 134.5 Stratford
Ravensworth Farm,Week2,Mount Vernon Park,Week2,245.0 Mount Vernon Park - 157.0 Ravensworth Farm
Riverside Gardens,Week5,Fox Mill Woods,Week4,215.5 Riverside Gardens - 186.5 Fox Mill Woods
Riverside Gardens,Week1,Camelot,Week3,270.0 Riverside Gardens - 132.0 Camelot
Riverside Gardens,Week2,Greenbriar,Week3,227.0 Riverside Gardens - 175.0 Greenbriar
Poplar Tree,Week4,Mantua,Week1,226.0 Mantua - 176.0 Poplar Tree
Riverside Gardens,Week1,Camelot,Week1,261.0 Riverside Gardens - 141.0 Camelot
Poplar Tree,Week3,Mantua,Week2,203.0 Mantua - 199.0 Poplar Tree
Riverside Gardens,Week1,Laurel Hill,Week4,311.0 Riverside Gardens - 91.0 Laurel Hill
Riverside Gardens,Week1,Cottontail,Week3,278.0 Riverside Gardens - 124.0 Cottontail
Riverside Gardens,Week1,Great Falls,Week5,230.0 Riverside Gardens - 172.0 Great Falls
Riverside Gardens,Week3,Langley,Week1,213.0 Langley - 189.0 Riverside Gardens
Ravensworth Farm,Week5,Stratford,Week5,300.0 Ravensworth Farm - 102.0 Stratford
Poplar Tree,Week3,Riverside Gardens,Week1,211.0 Riverside Gardens - 191.0 Poplar Tree
Riverside Gardens,Week3,Great Falls,Week3,245.0 Riverside Gardens - 157.0 Great Falls
Riverside Gardens,Week1,Cottontail,Week4,278.0 Riverside Gardens - 124.0 Cottontail
Ravensworth Farm,Week5,Fair Oaks ,Week3,225.0 Ravensworth Farm - 177.0 Fair Oaks
Riverside Gardens,Week4,Great Falls,Week4,279.0 Riverside Gardens - 123.0 Great Falls
Ravensworth Farm,Week3,Sully Station,Week1,239.0 Sully Station - 163.0 Ravensworth Farm
Ravensworth Farm,Week1,Mount Vernon Park,Week4,237.0 Mount Vernon Park - 165.0 Ravensworth Farm
Riverside Gardens,Week1,Cottontail,Week5,265.0 Riverside Gardens - 137.0 Cottontail
Riverside Gardens,Week2,Camelot,Week2,247.0 Riverside Gardens - 155.0 Camelot
Riverside Gardens,Week2,Camelot,Week4,239.0 Riverside Gardens - 163.0 Camelot
Riverside Gardens,Week2,Laurel Hill,Week1,304.0 Riverside Gardens - 98.0 Laurel Hill
Poplar Tree,Week4,Mantua,Week2,202.0 Mantua - 200.0 Poplar Tree
Ravensworth Farm,Week4,Fairfax Station,Week1,233.0 Fairfax Station - 169.0 Ravensworth Farm
Poplar Tree,Week4,Riverside Gardens,Week5,247.0 Riverside Gardens - 155.0 Poplar Tree
Ravensworth Farm,Week4,Fair Oaks ,Week3,207.0 Ravensworth Farm - 195.0 Fair Oaks
Ravensworth Farm,Week4,Fair Oaks ,Week1,217.0 Ravensworth Farm - 185.0 Fair Oaks
Ravensworth Farm,Week4,Fairfax Station,Week2,247.0 Fairfax Station - 155.0 Ravensworth Farm
Ravensworth Farm,Week3,Sully Station,Week3,221.0 Sully Station - 181.0 Ravensworth Farm
Ravensworth Farm,Week4,Mosby Woods,Week3,246.0 Mosby Woods - 156.0 Ravensworth Farm
Ravensworth Farm,Week5,Fair Oaks ,Week4,243.5 Ravensworth Farm - 158.5 Fair Oaks
Riverside Gardens,Week4,Great Falls,Week3,267.0 Riverside Gardens - 135.0 Great Falls
Ravensworth Farm,Week4,Mosby Woods,Week2,247.5 Mosby Woods - 154.5 Ravensworth Farm
Riverside Gardens,Week5,Langley,Week5,213.0 Riverside Gardens - 189.0 Langley
Riverside Gardens,Week2,Cottontail,Week2,260.0 Riverside Gardens - 142.0 Cottontail
Poplar Tree,Week5,Riverside Gardens,Week3,204.0 Poplar Tree - 198.0 Riverside Gardens
Riverside Gardens,Week1,Camelot,Week5,266.0 Riverside Gardens - 136.0 Camelot
Ravensworth Farm,Week4,Mosby Woods,Week1,240.0 Mosby Woods - 162.0 Ravensworth Farm
Ravensworth Farm,Week5,Mosby Woods,Week4,215.0 Mosby Woods - 187.0 Ravensworth Farm
Poplar Tree,Week1,Riverside Gardens,Week1,221.0 Riverside Gardens - 181.0 Poplar Tree
Poplar Tree,Week3,Riverside Gardens,Week2,215.0 Riverside Gardens - 187.0 Poplar Tree
Riverside Gardens,Week5,Camelot,Week1,269.0 Riverside Gardens - 133.0 Camelot
Ravensworth Farm,Week1,Forest Hollow,Week1,206.0 Ravensworth Farm - 196.0 Forest Hollow
Ravensworth Farm,Week3,Sully Station,Week2,229.0 Sully Station - 173.0 Ravensworth Farm
Poplar Tree,Week3,Mantua,Week4,217.0 Poplar Tree - 185.0 Mantua
Riverside Gardens,Week2,Cottontail,Week1,255.0 Riverside Gardens - 147.0 Cottontail
Ravensworth Farm,Week5,Dunn Loring,Week3,262.0 Dunn Loring - 140.0 Ravensworth Farm
Poplar Tree,Week4,Mantua,Week3,242.0 Mantua - 160.0 Poplar Tree
Ravensworth Farm,Week3,Fairfax Station,Week4,226.0 Fairfax Station - 176.0 Ravensworth Farm
Ravensworth Farm,Week1,Sully Station,Week2,222.0 Sully Station - 180.0 Ravensworth Farm
Riverside Gardens,Week2,Canterbury Woods,Week3,285.0 Riverside Gardens - 117.0 Canterbury Woods
Riverside Gardens,Week1,Greenbriar,Week3,229.0 Riverside Gardens - 173.0 Greenbriar
Riverside Gardens,Week3,Langley,Week4,203.0 Riverside Gardens - 199.0 Langley
Riverside Gardens,Week2,Langley,Week4,231.0 Langley - 171.0 Riverside Gardens
Riverside Gardens,Week3,Great Falls,Week5,242.0 Riverside Gardens - 160.0 Great Falls
Ravensworth Farm,Week5,Fairfax Station,Week1,219.0 Fairfax Station - 183.0 Ravensworth Farm
Riverside Gardens,Week2,Cottontail,Week3,256.0 Riverside Gardens - 146.0 Cottontail
Riverside Gardens,Week2,Laurel Hill,Week2,325.0 Riverside Gardens - 77.0 Laurel Hill
Riverside Gardens,Week2,Greenbriar,Week1,231.0 Riverside Gardens - 171.0 Greenbriar
Riverside Gardens,Week3,Cottontail,Week1,282.5 Riverside Gardens - 119.5 Cottontail
Riverside Gardens,Week3,Canterbury Woods,Week2,306.0 Riverside Gardens - 96.0 Canterbury Woods
Ravensworth Farm,Week5,Mosby Woods,Week5,230.0 Mosby Woods - 172.0 Ravensworth Farm
Ravensworth Farm,Week3,Sully Station,Week4,232.0 Sully Station - 170.0 Ravensworth Farm
Ravensworth Farm,Week5,Dunn Loring,Week1,212.5 Dunn Loring - 189.5 Ravensworth Farm
Ravensworth Farm,Week4,Fairfax Station,Week3,256.0 Fairfax Station - 146.0 Ravensworth Farm
Poplar Tree,Week1,Riverside Gardens,Week3,234.0 Riverside Gardens - 168.0 Poplar Tree
Riverside Gardens,Week4,Camelot,Week3,271.0 Riverside Gardens - 131.0 Camelot
Riverside Gardens,Week5,Cottontail,Week2,302.5 Riverside Gardens - 99.5 Cottontail
Riverside Gardens,Week1,Laurel Hill,Week3,300.0 Riverside Gardens - 102.0 Laurel Hill
Ravensworth Farm,Week3,Mosby Woods,Week5,233.5 Mosby Woods - 168.5 Ravensworth Farm
Riverside Gardens,Week4,Greenbriar,Week2,242.0 Riverside Gardens - 160.0 Greenbriar
Ravensworth Farm,Week1,Fair Oaks ,Week5,204.0 Fair Oaks - 198.0 Ravensworth Farm
Poplar Tree,Week4,Rolling Forest,Week1,223.0 Poplar Tree - 179.0 Rolling Forest
Riverside Gardens,Week3,Cottontail,Week2,298.0 Riverside Gardens - 104.0 Cottontail
Riverside Gardens,Week3,Great Falls,Week2,248.0 Riverside Gardens - 136.0 Great Falls
Ravensworth Farm,Week2,Sully Station,Week5,268.0 Sully Station - 134.0 Ravensworth Farm
Ravensworth Farm,Week5,Dunn Loring,Week5,252.0 Dunn Loring - 150.0 Ravensworth Farm
Ravensworth Farm,Week5,Fairfax Station,Week4,218.0 Fairfax Station - 184.0 Ravensworth Farm
Riverside Gardens,Week4,Langley,Week2,208.5 Riverside Gardens - 193.5 Langley
Ravensworth Farm,Week2,Sully Station,Week4,263.0 Sully Station - 139.0 Ravensworth Farm
Ravensworth Farm,Week3,Sully Station,Week5,247.0 Sully Station - 155.0 Ravensworth Farm
Ravensworth Farm,Week1,Forest Hollow,Week2,224.0 Ravensworth Farm - 178.0 Forest Hollow
Poplar Tree,Week1,Mantua,Week3,226.0 Mantua - 176.0 Poplar Tree
Poplar Tree,Week2,Rolling Forest,Week1,228.0 Poplar Tree - 174.0 Rolling Forest
Riverside Gardens,Week3,Canterbury Woods,Week3,311.0 Riverside Gardens - 91.0 Canterbury Woods
Ravensworth Farm,Week2,Mount Vernon Park,Week3,250.0 Mount Vernon Park - 152.0 Ravensworth Farm
Riverside Gardens,Week2,Camelot,Week5,261.0 Riverside Gardens - 141.0 Camelot
Ravensworth Farm,Week3,Fair Oaks ,Week5,204.0 Ravensworth Farm - 198.0 Fair Oaks
Poplar Tree,Week2,Rolling Forest,Week3,211.0 Poplar Tree - 191.0 Rolling Forest
Riverside Gardens,Week3,Laurel Hill,Week1,319.0 Riverside Gardens - 83.0 Laurel Hill
Poplar Tree,Week5,Riverside Gardens,Week2,218.0 Poplar Tree - 184.0 Riverside Gardens
Poplar Tree,Week4,Rolling Forest,Week3,203.0 Poplar Tree - 199.0 Rolling Forest
Ravensworth Farm,Week1,Sully Station II,Week1,212.0 Sully Station II - 190.0 Ravensworth Farm
Ravensworth Farm,Week4,Mount Vernon Park,Week3,234.0 Mount Vernon Park - 168.0 Ravensworth Farm
Riverside Gardens,Week2,Country Club Hills,Week3,276.0 Riverside Gardens - 126.0 Country Club Hills
Poplar Tree,Week2,Mantua,Week3,233.0 Mantua - 169.0 Poplar Tree
Ravensworth Farm,Week1,Forest Hollow,Week3,202.0 Ravensworth Farm - 200.0 Forest Hollow
Riverside Gardens,Week4,Great Falls,Week1,277.0 Riverside Gardens - 125.0 Great Falls
Poplar Tree,Week3,Mantua,Week1,209.0 Poplar Tree - 193.0 Mantua
Ravensworth Farm,Week5,Mosby Woods,Week2,231.0 Mosby Woods - 171.0 Ravensworth Farm
Ravensworth Farm,Week2,Mount Vernon Park,Week5,264.0 Mount Vernon Park - 138.0 Ravensworth Farm
Riverside Gardens,Week3,Country Club Hills,Week1,295.0 Riverside Gardens - 107.0 Country Club Hills
Riverside Gardens,Week2,Laurel Hill,Week5,281.0 Riverside Gardens - 121.0 Laurel Hill
Ravensworth Farm,Week2,Fair Oaks ,Week4,207.0 Ravensworth Farm - 194.0 Fair Oaks
Riverside Gardens,Week2,Laurel Hill,Week3,290.0 Riverside Gardens - 112.0 Laurel Hill
Riverside Gardens,Week3,Camelot,Week4,276.0 Riverside Gardens - 126.0 Camelot
Ravensworth Farm,Week3,Forest Hollow,Week4,213.0 Ravensworth Farm - 189.0 Forest Hollow
Riverside Gardens,Week2,Great Falls,Week4,241.0 Riverside Gardens - 160.0 Great Falls
Ravensworth Farm,Week4,Fair Oaks ,Week2,247.0 Ravensworth Farm - 155.0 Fair Oaks
Riverside Gardens,Week5,Camelot,Week2,263.0 Riverside Gardens - 139.0 Camelot
Ravensworth Farm,Week3,Sully Station II,Week3,255.0 Sully Station II - 147.0 Ravensworth Farm
Ravensworth Farm,Week4,Forest Hollow,Week4,206.0 Forest Hollow - 196.0 Ravensworth Farm
Ravensworth Farm,Week3,Forest Hollow,Week2,229.0 Ravensworth Farm - 173.0 Forest Hollow
Riverside Gardens,Week3,Laurel Hill,Week3,311.0 Riverside Gardens - 91.0 Laurel Hill
Poplar Tree,Week2,Mantua,Week4,205.0 Mantua - 197.0 Poplar Tree
Ravensworth Farm,Week4,Sully Station,Week3,227.0 Sully Station - 175.0 Ravensworth Farm
Poplar Tree,Week2,Riverside Gardens,Week2,220.0 Riverside Gardens - 182.0 Poplar Tree
Riverside Gardens,Week5,Cottontail,Week1,293.0 Riverside Gardens - 109.0 Cottontail
Poplar Tree,Week4,Riverside Gardens,Week3,235.0 Riverside Gardens - 167.0 Poplar Tree
Ravensworth Farm,Week4,Mount Vernon Park,Week1,229.0 Mount Vernon Park - 173.0 Ravensworth Farm
Poplar Tree,Week2,Riverside Gardens,Week4,246.0 Riverside Gardens - 156.0 Poplar Tree
Riverside Gardens,Week3,Laurel Hill,Week2,330.0 Riverside Gardens - 72.0 Laurel Hill
Ravensworth Farm,Week4,Sully Station II,Week2,251.0 Sully Station II - 151.0 Ravensworth Farm
Riverside Gardens,Week3,Camelot,Week1,267.0 Riverside Gardens - 135.0 Camelot
Ravensworth Farm,Week4,Forest Hollow,Week2,223.5 Ravensworth Farm - 178.5 Forest Hollow
Riverside Gardens,Week2,Great Falls,Week5,210.0 Riverside Gardens - 192.0 Great Falls
Ravensworth Farm,Week1,Fairfax,Week3,239.0 Fairfax - 163.0 Ravensworth Farm
Ravensworth Farm,Week4,Fairfax,Week2,232.0 Fairfax - 170.0 Ravensworth Farm
Poplar Tree,Week3,Mantua,Week5,240.0 Mantua - 162.0 Poplar Tree
Riverside Gardens,Week4,Great Falls,Week2,267.0 Riverside Gardens - 117.0 Great Falls
Riverside Gardens,Week2,Country Club Hills,Week2,273.0 Riverside Gardens - 129.0 Country Club Hills
Ravensworth Farm,Week4,Fair Oaks ,Week4,227.0 Ravensworth Farm - 175.0 Fair Oaks
Ravensworth Farm,Week2,Newington Forest,Week1,280.0 Ravensworth Farm - 121.0 Newington Forest
Riverside Gardens,Week4,Great Falls,Week5,237.0 Riverside Gardens - 164.0 Great Falls
Riverside Gardens,Week4,Cottontail,Week4,301.0 Riverside Gardens - 101.0 Cottontail
Riverside Gardens,Week5,Camelot,Week5,271.0 Riverside Gardens - 131.0 Camelot
Poplar Tree,Week1,Mantua,Week5,227.0 Mantua - 175.0 Poplar Tree
Ravensworth Farm,Week2,Newington Forest,Week2,281.0 Ravensworth Farm - 120.0 Newington Forest
Riverside Gardens,Week4,Laurel Hill,Week1,326.0 Riverside Gardens - 76.0 Laurel Hill
Ravensworth Farm,Week1,Sully Station II,Week3,256.0 Sully Station II - 146.0 Ravensworth Farm
Riverside Gardens,Week5,Camelot,Week3,286.0 Riverside Gardens - 116.0 Camelot
Riverside Gardens,Week3,Camelot,Week3,278.0 Riverside Gardens - 124.0 Camelot
Riverside Gardens,Week3,Laurel Hill,Week5,293.0 Riverside Gardens - 109.0 Laurel Hill
Riverside Gardens,Week3,Laurel Hill,Week4,315.0 Riverside Gardens - 87.0 Laurel Hill
Riverside Gardens,Week5,Great Falls,Week4,272.0 Riverside Gardens - 130.0 Great Falls
Ravensworth Farm,Week3,Sully Station II,Week2,238.0 Sully Station II - 164.0 Ravensworth Farm
Ravensworth Farm,Week4,Forest Hollow,Week1,210.0 Ravensworth Farm - 192.0 Forest Hollow
Ravensworth Farm,Week3,Newington Forest,Week3,316.0 Ravensworth Farm - 86.0 Newington Forest
Riverside Gardens,Week4,Cottontail,Week2,299.0 Riverside Gardens - 103.0 Cottontail
Poplar Tree,Week4,Riverside Gardens,Week1,222.0 Riverside Gardens - 180.0 Poplar Tree
Ravensworth Farm,Week5,Forest Hollow,Week1,217.0 Ravensworth Farm - 185.0 Forest Hollow
Riverside Gardens,Week2,Country Club Hills,Week4,279.0 Riverside Gardens - 123.0 Country Club Hills
Riverside Gardens,Week1,Greenbriar,Week2,217.0 Riverside Gardens - 185.0 Greenbriar
Ravensworth Farm,Week5,Fairfax,Week3,237.0 Fairfax - 165.0 Ravensworth Farm
Ravensworth Farm,Week2,Sully Station II,Week5,293.0 Sully Station II - 109.0 Ravensworth Farm
Poplar Tree,Week2,Mantua,Week1,218.0 Mantua - 184.0 Poplar Tree
Ravensworth Farm,Week4,Forest Hollow,Week5,203.0 Forest Hollow - 199.0 Ravensworth Farm
Ravensworth Farm,Week2,Fairfax,Week1,243.0 Fairfax - 159.0 Ravensworth Farm
Poplar Tree,Week1,Mantua,Week2,209.0 Poplar Tree - 193.0 Mantua
Ravensworth Farm,Week5,Sully Station,Week5,240.0 Sully Station - 162.0 Ravensworth Farm
Riverside Gardens,Week5,Great Falls,Week5,249.0 Riverside Gardens - 153.0 Great Falls
Poplar Tree,Week4,Riverside Gardens,Week2,214.0 Riverside Gardens - 188.0 Poplar Tree
Ravensworth Farm,Week3,Newington Forest,Week5,291.0 Ravensworth Farm - 111.0 Newington Forest
Riverside Gardens,Week5,Cottontail,Week5,293.0 Riverside Gardens - 109.0 Cottontail
Riverside Gardens,Week4,Cottontail,Week3,312.0 Riverside Gardens - 90.0 Cottontail
Riverside Gardens,Week5,Laurel Hill,Week1,311.0 Riverside Gardens - 90.0 Laurel Hill
Poplar Tree,Week1,Riverside Gardens,Week4,232.0 Riverside Gardens - 170.0 Poplar Tree
Ravensworth Farm,Week1,Fairfax,Week4,228.0 Fairfax - 174.0 Ravensworth Farm
Ravensworth Farm,Week2,Fairfax,Week4,254.0 Fairfax - 148.0 Ravensworth Farm
Riverside Gardens,Week1,Canterbury Woods,Week3,291.0 Riverside Gardens - 111.0 Canterbury Woods
Riverside Gardens,Week2,Lee Graham,Week5,266.0 Lee Graham - 136.0 Riverside Gardens
Ravensworth Farm,Week5,Forest Hollow,Week3,216.0 Ravensworth Farm - 186.0 Forest Hollow
Ravensworth Farm,Week4,Newington Forest,Week3,299.0 Ravensworth Farm - 103.0 Newington Forest
Riverside Gardens,Week1,Greenbriar,Week4,257.0 Riverside Gardens - 145.0 Greenbriar
Poplar Tree,Week4,Riverside Gardens,Week4,238.0 Riverside Gardens - 164.0 Poplar Tree
Riverside Gardens,Week1,Greenbriar,Week1,241.0 Riverside Gardens - 161.0 Greenbriar
Riverside Gardens,Week4,Camelot,Week4,264.0 Riverside Gardens - 138.0 Camelot
Riverside Gardens,Week1,Country Club Hills,Week3,293.0 Riverside Gardens - 109.0 Country Club Hills
Ravensworth Farm,Week3,Fairfax,Week5,270.0 Fairfax - 131.0 Ravensworth Farm
Ravensworth Farm,Week5,Forest Hollow,Week5,203.0 Forest Hollow - 199.0 Ravensworth Farm
Riverside Gardens,Week2,Lee Graham,Week2,255.0 Lee Graham - 147.0 Riverside Gardens
Poplar Tree,Week2,Riverside Gardens,Week1,225.0 Riverside Gardens - 177.0 Poplar Tree
Riverside Gardens,Week4,Camelot,Week2,268.0 Riverside Gardens - 134.0 Camelot
Ravensworth Farm,Week2,Sully Station II,Week3,276.5 Sully Station II - 125.5 Ravensworth Farm
Ravensworth Farm,Week4,Newington Forest,Week4,290.0 Ravensworth Farm - 112.0 Newington Forest
Ravensworth Farm,Week2,Sully Station II,Week4,233.0 Sully Station II - 169.0 Ravensworth Farm
Ravensworth Farm,Week5,Sully Station,Week3,209.0 Sully Station - 193.0 Ravensworth Farm
Ravensworth Farm,Week4,Newington Forest,Week1,306.0 Ravensworth Farm - 96.0 Newington Forest
Ravensworth Farm,Week2,Fairfax Club Estates,Week3,242.0 Ravensworth Farm - 159.0 Fairfax Club Estates
Riverside Gardens,Week3,Great Falls,Week1,271.0 Riverside Gardens - 131.0 Great Falls
Riverside Gardens,Week4,Laurel Hill,Week5,313.0 Riverside Gardens - 89.0 Laurel Hill
Poplar Tree,Week1,Rolling Forest,Week2,243.0 Poplar Tree - 159.0 Rolling Forest
Riverside Gardens,Week3,Country Club Hills,Week2,305.0 Riverside Gardens - 97.0 Country Club Hills
Riverside Gardens,Week2,Country Club Hills,Week1,273.0 Riverside Gardens - 129.0 Country Club Hills
Riverside Gardens,Week5,Cottontail,Week3,309.0 Riverside Gardens - 93.0 Cottontail
Riverside Gardens,Week5,Camelot,Week4,268.0 Riverside Gardens - 134.0 Camelot
Riverside Gardens,Week1,Canterbury Woods,Week4,272.0 Riverside Gardens - 130.0 Canterbury Woods
Poplar Tree,Week5,Riverside Gardens,Week1,223.0 Poplar Tree - 179.0 Riverside Gardens
Ravensworth Farm,Week5,Forest Hollow,Week2,232.0 Ravensworth Farm - 170.0 Forest Hollow
Ravensworth Farm,Week3,Mount Vernon Park,Week3,244.0 Mount Vernon Park - 158.0 Ravensworth Farm
Ravensworth Farm,Week4,Sully Station II,Week1,229.0 Sully Station II - 173.0 Ravensworth Farm
Riverside Gardens,Week3,Greenbriar,Week2,230.0 Riverside Gardens - 172.0 Greenbriar
Ravensworth Farm,Week3,Fairfax,Week3,252.0 Fairfax - 149.0 Ravensworth Farm
Riverside Gardens,Week4,Laurel Hill,Week3,318.0 Riverside Gardens - 84.0 Laurel Hill
Poplar Tree,Week1,Mantua,Week1,205.5 Poplar Tree - 196.5 Mantua
Ravensworth Farm,Week1,Fox Hunt,Week1,233.0 Ravensworth Farm - 169.0 Fox Hunt
Riverside Gardens,Week2,Greenbriar,Week2,215.5 Riverside Gardens - 186.5 Greenbriar
Poplar Tree,Week2,Mantua,Week2,220.0 Mantua - 177.0 Poplar Tree
Ravensworth Farm,Week4,Mount Vernon Park,Week2,216.0 Mount Vernon Park - 186.0 Ravensworth Farm
Riverside Gardens,Week4,Camelot,Week1,270.0 Riverside Gardens - 132.0 Camelot
Poplar Tree,Week1,Mantua,Week4,203.0 Poplar Tree - 199.0 Mantua
Ravensworth Farm,Week4,Fairfax,Week3,244.0 Fairfax - 158.0 Ravensworth Farm
Poplar Tree,Week2,Mantua,Week5,243.0 Mantua - 159.0 Poplar Tree
Riverside Gardens,Week5,Great Falls,Week1,287.0 Riverside Gardens - 115.0 Great Falls
Riverside Gardens,Week1,Lee Graham,Week5,261.0 Lee Graham - 141.0 Riverside Gardens
Poplar Tree,Week2,Rolling Forest,Week4,224.0 Poplar Tree - 178.0 Rolling Forest
Ravensworth Farm,Week2,Fox Hunt,Week2,205.0 Ravensworth Farm - 196.0 Fox Hunt
Riverside Gardens,Week5,Great Falls,Week2,276.0 Riverside Gardens - 108.0 Great Falls
Ravensworth Farm,Week3,Sully Station II,Week1,218.0 Sully Station II - 184.0 Ravensworth Farm
Riverside Gardens,Week3,Camelot,Week2,264.0 Riverside Gardens - 138.0 Camelot
Poplar Tree,Week1,Rolling Forest,Week5,235.0 Poplar Tree - 167.0 Rolling Forest
Riverside Gardens,Week3,Great Falls,Week4,265.0 Riverside Gardens - 137.0 Great Falls
Riverside Gardens,Week1,Lee Graham,Week2,248.0 Lee Graham - 154.0 Riverside Gardens
Ravensworth Farm,Week1,Newington Forest,Week3,298.0 Ravensworth Farm - 104.0 Newington Forest
Ravensworth Farm,Week3,Fox Hunt,Week5,213.0 Ravensworth Farm - 189.0 Fox Hunt
Riverside Gardens,Week4,Cottontail,Week1,293.0 Riverside Gardens - 109.0 Cottontail
Ravensworth Farm,Week1,Truro,Week5,266.0 Ravensworth Farm - 136.0 Truro
Poplar Tree,Week1,Rolling Forest,Week3,233.0 Poplar Tree - 169.0 Rolling Forest
Riverside Gardens,Week5,Laurel Hill,Week4,325.0 Riverside Gardens - 77.0 Laurel Hill
Riverside Gardens,Week2,Lee Graham,Week1,238.0 Lee Graham - 164.0 Riverside Gardens
Ravensworth Farm,Week4,Forest Hollow,Week3,205.0 Forest Hollow - 197.0 Ravensworth Farm
Ravensworth Farm,Week1,Newington Forest,Week4,283.0 Ravensworth Farm - 119.0 Newington Forest
Ravensworth Farm,Week5,Sully Station,Week2,220.0 Sully Station - 182.0 Ravensworth Farm
Poplar Tree,Week5,Riverside Gardens,Week5,209.0 Riverside Gardens - 193.0 Poplar Tree
Ravensworth Farm,Week1,Fox Hunt,Week2,231.0 Ravensworth Farm - 171.0 Fox Hunt
Riverside Gardens,Week5,Great Falls,Week3,262.5 Riverside Gardens - 139.5 Great Falls
Ravensworth Farm,Week5,Fox Hunt,Week2,236.0 Ravensworth Farm - 166.0 Fox Hunt
Ravensworth Farm,Week3,Mount Vernon Park,Week4,227.0 Mount Vernon Park - 175.0 Ravensworth Farm
Ravensworth Farm,Week2,Sully Station II,Week2,262.0 Sully Station II - 140.0 Ravensworth Farm
Ravensworth Farm,Week4,Mount Vernon Park,Week5,241.0 Mount Vernon Park - 161.0 Ravensworth Farm
Riverside Gardens,Week2,Lee Graham,Week3,268.0 Lee Graham - 134.0 Riverside Gardens
Ravensworth Farm,Week3,Fairfax Club Estates,Week1,277.0 Ravensworth Farm - 125.0 Fairfax Club Estates
Ravensworth Farm,Week1,Newington Forest,Week1,309.5 Ravensworth Farm - 91.5 Newington Forest
Riverside Gardens,Week2,Canterbury Woods,Week1,293.0 Riverside Gardens - 109.0 Canterbury Woods
Riverside Gardens,Week1,Country Club Hills,Week5,260.0 Riverside Gardens - 142.0 Country Club Hills
Riverside Gardens,Week3,Camelot,Week5,288.0 Riverside Gardens - 114.0 Camelot
Riverside Gardens,Week2,Canterbury Woods,Week5,276.0 Riverside Gardens - 126.0 Canterbury Woods
Poplar Tree,Week3,Rolling Forest,Week2,241.0 Poplar Tree - 161.0 Rolling Forest
Riverside Gardens,Week3,Cottontail,Week4,295.0 Riverside Gardens - 107.0 Cottontail
Ravensworth Farm,Week1,Fairfax Club Estates,Week1,266.0 Ravensworth Farm - 136.0 Fairfax Club Estates
Ravensworth Farm,Week5,Fair Oaks ,Week5,218.0 Ravensworth Farm - 184.0 Fair Oaks
Ravensworth Farm,Week1,Fairfax,Week5,264.0 Fairfax - 138.0 Ravensworth Farm
Riverside Gardens,Week1,Canterbury Woods,Week2,295.0 Riverside Gardens - 107.0 Canterbury Woods
Ravensworth Farm,Week1,Truro,Week3,284.0 Ravensworth Farm - 118.0 Truro
Riverside Gardens,Week4,Cottontail,Week5,289.0 Riverside Gardens - 113.0 Cottontail
Riverside Gardens,Week1,Country Club Hills,Week4,300.0 Riverside Gardens - 102.0 Country Club Hills
Poplar Tree,Week3,Waynewood,Week2,216.0 Waynewood - 186.0 Poplar Tree
Ravensworth Farm,Week4,Sully Station,Week5,253.0 Sully Station - 149.0 Ravensworth Farm
Riverside Gardens,Week2,Greenbriar,Week5,226.0 Riverside Gardens - 176.0 Greenbriar
Ravensworth Farm,Week2,Newington Forest,Week4,273.0 Ravensworth Farm - 129.0 Newington Forest
Riverside Gardens,Week4,Lee Graham,Week3,231.0 Lee Graham - 171.0 Riverside Gardens
Ravensworth Farm,Week4,Sully Station,Week1,242.0 Sully Station - 160.0 Ravensworth Farm
Riverside Gardens,Week4,Camelot,Week5,288.0 Riverside Gardens - 114.0 Camelot
Riverside Gardens,Week2,Canterbury Woods,Week4,268.0 Riverside Gardens - 134.0 Canterbury Woods
Ravensworth Farm,Week2,Newington Forest,Week3,281.0 Ravensworth Farm - 121.0 Newington Forest
Poplar Tree,Week5,Waynewood,Week2,209.0 Poplar Tree - 193.0 Waynewood
Ravensworth Farm,Week1,Fairfax,Week1,229.0 Fairfax - 173.0 Ravensworth Farm
Riverside Gardens,Week2,Greenbriar,Week4,244.0 Riverside Gardens - 158.0 Greenbriar
Riverside Gardens,Week1,Greenbriar,Week5,246.0 Riverside Gardens - 156.0 Greenbriar
Ravensworth Farm,Week5,Fox Hunt,Week3,226.0 Ravensworth Farm - 176.0 Fox Hunt
Ravensworth Farm,Week2,Fairfax,Week3,276.0 Fairfax - 126.0 Ravensworth Farm
Poplar Tree,Week4,Waynewood,Week5,225.0 Waynewood - 177.0 Poplar Tree
Poplar Tree,Week1,Rolling Forest,Week4,249.0 Poplar Tree - 153.0 Rolling Forest
Riverside Gardens,Week1,Canterbury Woods,Week1,297.0 Riverside Gardens - 105.0 Canterbury Woods
Ravensworth Farm,Week3,Fox Hunt,Week2,251.0 Ravensworth Farm - 151.0 Fox Hunt
Ravensworth Farm,Week4,Fairfax,Week1,231.0 Fairfax - 171.0 Ravensworth Farm
Riverside Gardens,Week4,Lee Graham,Week2,213.0 Lee Graham - 189.0 Riverside Gardens
Ravensworth Farm,Week3,Fox Hunt,Week4,241.0 Ravensworth Farm - 161.0 Fox Hunt
Riverside Gardens,Week2,Country Club Hills,Week5,250.0 Riverside Gardens - 152.0 Country Club Hills
Ravensworth Farm,Week3,Mount Vernon Park,Week5,242.0 Mount Vernon Park - 159.0 Ravensworth Farm
Poplar Tree,Week1,Rolling Forest,Week1,247.0 Poplar Tree - 155.0 Rolling Forest
Ravensworth Farm,Week4,Sully Station,Week4,236.0 Sully Station - 166.0 Ravensworth Farm
Riverside Gardens,Week4,Lee Graham,Week4,231.0 Lee Graham - 171.0 Riverside Gardens
Riverside Gardens,Week3,Cottontail,Week5,278.0 Riverside Gardens - 124.0 Cottontail
Poplar Tree,Week2,Rolling Forest,Week5,221.0 Poplar Tree - 181.0 Rolling Forest
Poplar Tree,Week4,Walden Glen,Week4,241.0 Poplar Tree - 161.0 Walden Glen
Poplar Tree,Week2,Rolling Forest,Week2,231.0 Poplar Tree - 166.0 Rolling Forest
Ravensworth Farm,Week3,Mount Vernon Park,Week2,222.0 Mount Vernon Park - 180.0 Ravensworth Farm
Poplar Tree,Week3,Rolling Forest,Week1,232.0 Poplar Tree - 170.0 Rolling Forest
Riverside Gardens,Week1,Country Club Hills,Week1,286.0 Riverside Gardens - 116.0 Country Club Hills
Riverside Gardens,Week3,Country Club Hills,Week3,294.5 Riverside Gardens - 107.5 Country Club Hills
Ravensworth Farm,Week5,Fox Hunt,Week4,239.0 Ravensworth Farm - 163.0 Fox Hunt
Riverside Gardens,Week1,Canterbury Woods,Week5,281.5 Riverside Gardens - 120.5 Canterbury Woods
Ravensworth Farm,Week1,Sully Station II,Week4,215.0 Sully Station II - 187.0 Ravensworth Farm
Ravensworth Farm,Week1,Fairfax,Week2,239.0 Fairfax - 163.0 Ravensworth Farm
Riverside Gardens,Week2,Canterbury Woods,Week2,290.0 Riverside Gardens - 112.0 Canterbury Woods
Riverside Gardens,Week1,Lee Graham,Week4,241.0 Lee Graham - 161.0 Riverside Gardens
Poplar Tree,Week4,Walden Glen,Week5,237.0 Poplar Tree - 165.0 Walden Glen
Riverside Gardens,Week3,Greenbriar,Week1,244.0 Riverside Gardens - 158.0 Greenbriar
Riverside Gardens,Week3,Greenbriar,Week3,242.0 Riverside Gardens - 160.0 Greenbriar
Riverside Gardens,Week5,Laurel Hill,Week2,331.0 Riverside Gardens - 71.0 Laurel Hill
Ravensworth Farm,Week3,Fox Hunt,Week3,210.0 Ravensworth Farm - 192.0 Fox Hunt
Ravensworth Farm,Week5,Fairfax,Week4,216.0 Fairfax - 186.0 Ravensworth Farm
Riverside Gardens,Week3,Greenbriar,Week4,258.0 Riverside Gardens - 144.0 Greenbriar
Ravensworth Farm,Week1,Fox Hunt,Week4,224.0 Ravensworth Farm - 178.0 Fox Hunt
Ravensworth Farm,Week4,Sully Station,Week2,227.0 Sully Station - 175.0 Ravensworth Farm
Poplar Tree,Week5,Parliament,Week3,274.0 Poplar Tree - 128.0 Parliament
Ravensworth Farm,Week5,Mount Vernon Park,Week1,226.0 Mount Vernon Park - 176.0 Ravensworth Farm
Poplar Tree,Week2,Pinecrest,Week3,255.0 Pinecrest - 147.0 Poplar Tree
Riverside Gardens,Week3,Country Club Hills,Week4,299.0 Riverside Gardens - 103.0 Country Club Hills
Poplar Tree,Week5,Walden Glen,Week1,307.0 Poplar Tree - 95.0 Walden Glen
Poplar Tree,Week3,Rolling Forest,Week4,239.0 Poplar Tree - 163.0 Rolling Forest
Ravensworth Farm,Week3,Fox Hunt,Week1,252.0 Ravensworth Farm - 150.0 Fox Hunt
Poplar Tree,Week3,Rolling Forest,Week5,234.5 Poplar Tree - 167.5 Rolling Forest
Ravensworth Farm,Week1,Newington Forest,Week2,302.0 Ravensworth Farm - 99.0 Newington Forest
Poplar Tree,Week1,Waynewood,Week3,219.0 Waynewood - 183.0 Poplar Tree
Riverside Gardens,Week5,Cottontail,Week4,289.0 Riverside Gardens - 113.0 Cottontail
Riverside Gardens,Week3,Country Club Hills,Week5,279.0 Riverside Gardens - 123.0 Country Club Hills
Poplar Tree,Week2,Pinecrest,Week1,240.0 Pinecrest - 162.0 Poplar Tree
Poplar Tree,Week3,Waynewood,Week1,205.0 Poplar Tree - 197.0 Waynewood
Riverside Gardens,Week4,Greenbriar,Week1,256.0 Riverside Gardens - 146.0 Greenbriar
Riverside Gardens,Week3,Greenbriar,Week5,248.0 Riverside Gardens - 154.0 Greenbriar
Ravensworth Farm,Week4,Mount Vernon Park,Week4,226.0 Mount Vernon Park - 176.0 Ravensworth Farm
Riverside Gardens,Week4,Country Club Hills,Week1,288.0 Riverside Gardens - 114.0 Country Club Hills
Ravensworth Farm,Week5,Fairfax,Week2,234.0 Fairfax - 168.0 Ravensworth Farm
Ravensworth Farm,Week1,Sully Station II,Week2,252.0 Sully Station II - 150.0 Ravensworth Farm
Ravensworth Farm,Week4,Vienna Woods,Week4,269.0 Vienna Woods - 133.0 Ravensworth Farm
Poplar Tree,Week5,Parliament,Week5,256.0 Poplar Tree - 146.0 Parliament
Riverside Gardens,Week2,Lee Graham,Week4,234.0 Lee Graham - 168.0 Riverside Gardens
Poplar Tree,Week1,Pinecrest,Week4,224.0 Pinecrest - 178.0 Poplar Tree
Ravensworth Farm,Week5,Sully Station,Week1,229.0 Sully Station - 173.0 Ravensworth Farm
Ravensworth Farm,Week2,Fox Hunt,Week5,209.0 Fox Hunt - 193.0 Ravensworth Farm
Riverside Gardens,Week1,Country Club Hills,Week2,289.0 Riverside Gardens - 113.0 Country Club Hills
Ravensworth Farm,Week1,Fox Hunt,Week5,209.0 Ravensworth Farm - 193.0 Fox Hunt
Ravensworth Farm,Week2,Fox Hunt,Week4,205.0 Fox Hunt - 197.0 Ravensworth Farm
Ravensworth Farm,Week2,Vienna Woods,Week4,300.0 Vienna Woods - 102.0 Ravensworth Farm
Riverside Gardens,Week1,Lee Graham,Week3,250.0 Lee Graham - 152.0 Riverside Gardens
Ravensworth Farm,Week1,Sully Station II,Week5,279.0 Sully Station II - 123.0 Ravensworth Farm
Poplar Tree,Week4,Rolling Forest,Week2,230.0 Poplar Tree - 172.0 Rolling Forest
Ravensworth Farm,Week5,Sully Station,Week4,218.0 Sully Station - 184.0 Ravensworth Farm
Ravensworth Farm,Week5,Mount Vernon Park,Week2,226.5 Mount Vernon Park - 175.5 Ravensworth Farm
Ravensworth Farm,Week2,Vienna Woods,Week3,313.0 Vienna Woods - 89.0 Ravensworth Farm
Riverside Gardens,Week2,Hamlet,Week1,258.0 Hamlet - 144.0 Riverside Gardens
Poplar Tree,Week1,Pinecrest,Week3,240.0 Pinecrest - 162.0 Poplar Tree
Ravensworth Farm,Week3,Fairfax,Week4,243.5 Fairfax - 157.5 Ravensworth Farm
Ravensworth Farm,Week2,Fairfax,Week5,290.0 Fairfax - 112.0 Ravensworth Farm
Poplar Tree,Week5,Walden Glen,Week4,278.0 Poplar Tree - 124.0 Walden Glen
Riverside Gardens,Week4,Laurel Hill,Week4,334.0 Riverside Gardens - 68.0 Laurel Hill
Ravensworth Farm,Week5,Mount Vernon Park,Week5,250.5 Mount Vernon Park - 151.5 Ravensworth Farm
Poplar Tree,Week3,Waynewood,Week4,203.0 Poplar Tree - 199.0 Waynewood
Riverside Gardens,Week3,Canterbury Woods,Week1,303.0 Riverside Gardens - 99.0 Canterbury Woods
Ravensworth Farm,Week1,Fairfax Club Estates,Week3,268.0 Ravensworth Farm - 134.0 Fairfax Club Estates
Riverside Gardens,Week4,Greenbriar,Week3,265.0 Riverside Gardens - 137.0 Greenbriar
Poplar Tree,Week3,Rolling Forest,Week3,221.0 Poplar Tree - 181.0 Rolling Forest
Riverside Gardens,Week4,Lee Graham,Week5,240.0 Lee Graham - 162.0 Riverside Gardens
Riverside Gardens,Week3,Crosspointe,Week1,226.0 Crosspointe - 176.0 Riverside Gardens
Ravensworth Farm,Week2,Villa Aquatic,Week5,208.0 Villa Aquatic - 194.0 Ravensworth Farm
Ravensworth Farm,Week1,Newington Forest,Week5,272.0 Ravensworth Farm - 130.0 Newington Forest
Poplar Tree,Week5,Rolling Forest,Week2,270.0 Poplar Tree - 132.0 Rolling Forest
Ravensworth Farm,Week3,Villa Aquatic,Week2,250.0 Ravensworth Farm - 152.0 Villa Aquatic
Ravensworth Farm,Week3,Fairfax,Week1,226.0 Fairfax - 176.0 Ravensworth Farm
Riverside Gardens,Week5,Laurel Hill,Week5,305.0 Riverside Gardens - 97.0 Laurel Hill
Ravensworth Farm,Week2,Fairfax,Week2,274.0 Fairfax - 128.0 Ravensworth Farm
Ravensworth Farm,Week5,Mount Vernon Park,Week3,230.0 Mount Vernon Park - 172.0 Ravensworth Farm
Ravensworth Farm,Week3,Sully Station II,Week4,220.0 Ravensworth Farm - 182.0 Sully Station II
Riverside Gardens,Week4,Hamlet,Week3,225.0 Hamlet - 177.0 Riverside Gardens
Ravensworth Farm,Week5,Vienna Woods,Week4,252.0 Vienna Woods - 150.0 Ravensworth Farm
Poplar Tree,Week2,Pinecrest,Week5,244.0 Pinecrest - 153.0 Poplar Tree
Riverside Gardens,Week4,Lee Graham,Week1,223.0 Lee Graham - 179.0 Riverside Gardens
Poplar Tree,Week1,Waynewood,Week4,203.0 Waynewood - 199.0 Poplar Tree
Poplar Tree,Week4,Rolling Forest,Week5,214.0 Poplar Tree - 188.0 Rolling Forest
Ravensworth Farm,Week4,Fox Hunt,Week2,237.0 Ravensworth Farm - 165.0 Fox Hunt
Poplar Tree,Week2,Waynewood,Week4,209.0 Waynewood - 193.0 Poplar Tree
Ravensworth Farm,Week4,Fairfax,Week4,228.0 Fairfax - 174.0 Ravensworth Farm
Poplar Tree,Week5,Rolling Forest,Week3,233.0 Poplar Tree - 169.0 Rolling Forest
Riverside Gardens,Week4,Crosspointe,Week3,205.5 Crosspointe - 196.5 Riverside Gardens
Poplar Tree,Week5,Parliament,Week2,268.0 Poplar Tree - 134.0 Parliament
Poplar Tree,Week2,Pinecrest,Week4,241.0 Pinecrest - 161.0 Poplar Tree
Riverside Gardens,Week3,Lee Graham,Week5,242.0 Lee Graham - 160.0 Riverside Gardens
Ravensworth Farm,Week2,Sully Station II,Week1,244.0 Sully Station II - 158.0 Ravensworth Farm
Riverside Gardens,Week1,Hamlet,Week4,233.0 Hamlet - 169.0 Riverside Gardens
Ravensworth Farm,Week3,Sully Station II,Week5,264.0 Sully Station II - 138.0 Ravensworth Farm
Ravensworth Farm,Week5,Mount Vernon Park,Week4,222.0 Mount Vernon Park - 180.0 Ravensworth Farm
Poplar Tree,Week4,Waynewood,Week4,213.0 Waynewood - 189.0 Poplar Tree
Riverside Gardens,Week4,Hamlet,Week4,207.0 Hamlet - 195.0 Riverside Gardens
Ravensworth Farm,Week4,Fox Hunt,Week1,234.0 Ravensworth Farm - 168.0 Fox Hunt
Ravensworth Farm,Week4,Fox Hunt,Week5,213.0 Ravensworth Farm - 189.0 Fox Hunt
Poplar Tree,Week1,Rolling Hills,Week1,298.0 Poplar Tree - 104.0 Rolling Hills
Ravensworth Farm,Week3,Fairfax,Week2,247.0 Fairfax - 155.0 Ravensworth Farm
Riverside Gardens,Week5,Country Club Hills,Week4,312.0 Riverside Gardens - 90.0 Country Club Hills
Riverside Gardens,Week4,Hamlet,Week5,260.0 Hamlet - 142.0 Riverside Gardens
Poplar Tree,Week1,Pinecrest,Week1,234.0 Pinecrest - 168.0 Poplar Tree
Poplar Tree,Week1,Waynewood,Week5,223.5 Waynewood - 178.5 Poplar Tree
Poplar Tree,Week5,Rolling Forest,Week4,263.0 Poplar Tree - 139.0 Rolling Forest
Ravensworth Farm,Week4,Fairfax,Week5,270.0 Fairfax - 132.0 Ravensworth Farm
Ravensworth Farm,Week5,Sully Station II,Week2,223.0 Sully Station II - 179.0 Ravensworth Farm
Ravensworth Farm,Week2,Newington Forest,Week5,265.0 Ravensworth Farm - 137.0 Newington Forest
Ravensworth Farm,Week3,Newington Forest,Week1,328.0 Ravensworth Farm - 70.0 Newington Forest
Riverside Gardens,Week3,Lee Graham,Week2,228.0 Lee Graham - 174.0 Riverside Gardens
Poplar Tree,Week4,Parliament,Week4,234.0 Poplar Tree - 168.0 Parliament
Riverside Gardens,Week3,Lee Graham,Week3,244.0 Lee Graham - 158.0 Riverside Gardens
Riverside Gardens,Week1,Crosspointe,Week1,234.0 Crosspointe - 168.0 Riverside Gardens
Riverside Gardens,Week5,Hamlet,Week1,211.0 Hamlet - 191.0 Riverside Gardens
Ravensworth Farm,Week4,Fox Hunt,Week4,227.0 Ravensworth Farm - 175.0 Fox Hunt
Ravensworth Farm,Week4,Sully Station II,Week5,274.0 Sully Station II - 128.0 Ravensworth Farm
Riverside Gardens,Week5,Crosspointe,Week1,209.0 Crosspointe - 193.0 Riverside Gardens
Ravensworth Farm,Week1,Villa Aquatic,Week1,244.0 Ravensworth Farm - 158.0 Villa Aquatic
Ravensworth Farm,Week4,Fox Hunt,Week3,215.0 Ravensworth Farm - 187.0 Fox Hunt
Poplar Tree,Week5,Walden Glen,Week3,287.0 Poplar Tree - 115.0 Walden Glen
Ravensworth Farm,Week4,Sully Station II,Week4,213.0 Sully Station II - 189.0 Ravensworth Farm
Ravensworth Farm,Week3,Villa Aquatic,Week5,238.0 Ravensworth Farm - 164.0 Villa Aquatic
Ravensworth Farm,Week5,Fox Hunt,Week5,225.0 Ravensworth Farm - 177.0 Fox Hunt
Ravensworth Farm,Week4,Sully Station II,Week3,261.0 Sully Station II - 136.0 Ravensworth Farm
Ravensworth Farm,Week4,Vienna Woods,Week1,277.0 Vienna Woods - 125.0 Ravensworth Farm
Ravensworth Farm,Week4,Vienna Woods,Week2,274.0 Vienna Woods - 128.0 Ravensworth Farm
Poplar Tree,Week5,Walden Glen,Week5,276.0 Poplar Tree - 126.0 Walden Glen
Riverside Gardens,Week5,Country Club Hills,Week2,306.0 Riverside Gardens - 96.0 Country Club Hills
Poplar Tree,Week3,Parliament,Week2,268.0 Poplar Tree - 134.0 Parliament
Riverside Gardens,Week5,Greenbriar,Week2,233.5 Riverside Gardens - 168.5 Greenbriar
Poplar Tree,Week5,Walden Glen,Week2,289.0 Poplar Tree - 112.0 Walden Glen
Riverside Gardens,Week5,Country Club Hills,Week5,282.0 Riverside Gardens - 120.0 Country Club Hills
Ravensworth Farm,Week3,Newington Forest,Week4,299.0 Ravensworth Farm - 103.0 Newington Forest
Ravensworth Farm,Week5,Sully Station II,Week4,214.0 Ravensworth Farm - 188.0 Sully Station II
Ravensworth Farm,Week5,Fairfax,Week1,220.0 Fairfax - 182.0 Ravensworth Farm
Ravensworth Farm,Week5,Vienna Woods,Week3,283.0 Vienna Woods - 119.0 Ravensworth Farm
Riverside Gardens,Week5,Hamlet,Week2,227.0 Hamlet - 175.0 Riverside Gardens
Riverside Gardens,Week5,Greenbriar,Week3,263.0 Riverside Gardens - 139.0 Greenbriar
Ravensworth Farm,Week4,Newington Forest,Week5,278.0 Ravensworth Farm - 124.0 Newington Forest
Riverside Gardens,Week5,Lee Graham,Week2,209.0 Riverside Gardens - 193.0 Lee Graham
Riverside Gardens,Week2,Crosspointe,Week2,229.0 Crosspointe - 173.0 Riverside Gardens
Riverside Gardens,Week5,Country Club Hills,Week3,311.0 Riverside Gardens - 91.0 Country Club Hills
Ravensworth Farm,Week2,Fox Hunt,Week3,212.0 Fox Hunt - 190.0 Ravensworth Farm
Poplar Tree,Week3,Parliament,Week4,260.0 Poplar Tree - 142.0 Parliament
Poplar Tree,Week1,Rolling Hills,Week2,297.0 Poplar Tree - 105.0 Rolling Hills
Poplar Tree,Week1,Pinecrest,Week2,242.0 Pinecrest - 160.0 Poplar Tree
Riverside Gardens,Week5,Laurel Hill,Week3,309.0 Riverside Gardens - 93.0 Laurel Hill
Riverside Gardens,Week5,Lee Graham,Week1,205.0 Lee Graham - 197.0 Riverside Gardens
Poplar Tree,Week5,Rolling Forest,Week1,262.0 Poplar Tree - 140.0 Rolling Forest
Ravensworth Farm,Week5,Sully Station II,Week3,246.0 Sully Station II - 156.0 Ravensworth Farm
Ravensworth Farm,Week5,Sully Station II,Week5,257.0 Sully Station II - 145.0 Ravensworth Farm
Ravensworth Farm,Week3,Newington Forest,Week2,313.0 Ravensworth Farm - 85.0 Newington Forest
Riverside Gardens,Week4,Greenbriar,Week4,269.0 Riverside Gardens - 133.0 Greenbriar
Ravensworth Farm,Week1,Fairfax Club Estates,Week4,257.0 Ravensworth Farm - 145.0 Fairfax Club Estates
Ravensworth Farm,Week5,Fairfax,Week5,255.5 Fairfax - 146.5 Ravensworth Farm
Poplar Tree,Week2,Waynewood,Week3,238.0 Waynewood - 164.0 Poplar Tree
Poplar Tree,Week1,Rolling Hills,Week5,305.0 Poplar Tree - 97.0 Rolling Hills
Ravensworth Farm,Week5,Fox Hunt,Week1,244.0 Ravensworth Farm - 158.0 Fox Hunt
Riverside Gardens,Week1,Lee Graham,Week1,242.0 Lee Graham - 160.0 Riverside Gardens
Ravensworth Farm,Week2,Fairfax Club Estates,Week1,243.0 Ravensworth Farm - 158.0 Fairfax Club Estates
Ravensworth Farm,Week5,Vienna Woods,Week2,262.0 Vienna Woods - 140.0 Ravensworth Farm
Poplar Tree,Week3,Parliament,Week3,256.0 Poplar Tree - 146.0 Parliament
Poplar Tree,Week1,Rolling Hills,Week3,296.0 Poplar Tree - 106.0 Rolling Hills
Ravensworth Farm,Week1,Fox Mill Estates,Week1,274.0 Ravensworth Farm - 128.0 Fox Mill Estates
Poplar Tree,Week1,Waynewood,Week2,212.0 Waynewood - 189.0 Poplar Tree
Ravensworth Farm,Week4,Newington Forest,Week2,306.0 Ravensworth Farm - 96.0 Newington Forest
Ravensworth Farm,Week1,Fairfax Club Estates,Week5,271.0 Ravensworth Farm - 130.0 Fairfax Club Estates
Riverside Gardens,Week3,Lee Graham,Week4,237.0 Lee Graham - 165.0 Riverside Gardens
Riverside Gardens,Week5,Country Club Hills,Week1,304.0 Riverside Gardens - 98.0 Country Club Hills
Ravensworth Farm,Week1,Fox Mill Estates,Week2,260.0 Ravensworth Farm - 142.0 Fox Mill Estates
Ravensworth Farm,Week2,Fox Hunt,Week1,219.0 Ravensworth Farm - 183.0 Fox Hunt
Poplar Tree,Week2,Waynewood,Week2,219.0 Waynewood - 183.0 Poplar Tree
Riverside Gardens,Week4,Country Club Hills,Week2,297.0 Riverside Gardens - 105.0 Country Club Hills
Poplar Tree,Week2,Waynewood,Week1,205.0 Waynewood - 197.0 Poplar Tree
Ravensworth Farm,Week1,Fairfax Club Estates,Week2,279.0 Ravensworth Farm - 123.0 Fairfax Club Estates
Poplar Tree,Week4,Parliament,Week5,227.0 Poplar Tree - 175.0 Parliament
Ravensworth Farm,Week1,Truro,Week1,274.0 Ravensworth Farm - 128.0 Truro
Riverside Gardens,Week1,Hamlet,Week2,265.0 Hamlet - 137.0 Riverside Gardens
Ravensworth Farm,Week5,Newington Forest,Week1,334.0 Ravensworth Farm - 68.0 Newington Forest
Poplar Tree,Week4,Parliament,Week2,240.0 Poplar Tree - 161.0 Parliament
Ravensworth Farm,Week1,Truro,Week2,295.5 Ravensworth Farm - 105.5 Truro
Poplar Tree,Week2,Rolling Hills,Week3,265.0 Poplar Tree - 137.0 Rolling Hills
Poplar Tree,Week2,Rolling Hills,Week2,271.0 Poplar Tree - 126.0 Rolling Hills
Poplar Tree,Week1,Waynewood,Week1,211.0 Poplar Tree - 191.0 Waynewood
Poplar Tree,Week2,Rolling Hills,Week1,273.0 Poplar Tree - 129.0 Rolling Hills
Ravensworth Farm,Week5,Newington Forest,Week2,326.0 Ravensworth Farm - 76.0 Newington Forest
Poplar Tree,Week4,Parliament,Week3,240.0 Poplar Tree - 162.0 Parliament
Riverside Gardens,Week1,Hamlet,Week1,236.0 Hamlet - 166.0 Riverside Gardens
Riverside Gardens,Week5,Lincolnia Park,Week3,328.0 Riverside Gardens - 65.0 Lincolnia Park
Riverside Gardens,Week1,Hamlet,Week5,276.0 Hamlet - 126.0 Riverside Gardens
Ravensworth Farm,Week2,Fairfax Club Estates,Week2,252.0 Ravensworth Farm - 149.0 Fairfax Club Estates
Ravensworth Farm,Week3,Vienna Woods,Week3,299.0 Vienna Woods - 103.0 Ravensworth Farm
Riverside Gardens,Week3,Lee Graham,Week1,238.0 Lee Graham - 164.0 Riverside Gardens
Ravensworth Farm,Week2,North Springfield,Week5,251.0 Ravensworth Farm - 117.0 North Springfield
Ravensworth Farm,Week2,Vienna Woods,Week5,337.0 Vienna Woods - 65.0 Ravensworth Farm
Ravensworth Farm,Week3,Vienna Woods,Week4,266.0 Vienna Woods - 136.0 Ravensworth Farm
Riverside Gardens,Week1,Crosspointe,Week3,222.0 Crosspointe - 180.0 Riverside Gardens
Riverside Gardens,Week4,Greenbriar,Week5,251.5 Riverside Gardens - 150.5 Greenbriar
Poplar Tree,Week3,Parliament,Week5,241.0 Poplar Tree - 160.0 Parliament
Riverside Gardens,Week2,Hamlet,Week3,268.0 Hamlet - 134.0 Riverside Gardens
Ravensworth Farm,Week1,Truro,Week4,273.0 Ravensworth Farm - 129.0 Truro
Ravensworth Farm,Week5,Vienna Woods,Week5,307.0 Vienna Woods - 95.0 Ravensworth Farm
Riverside Gardens,Week1,Crosspointe,Week4,211.0 Crosspointe - 191.0 Riverside Gardens
Poplar Tree,Week2,Parliament,Week5,217.0 Poplar Tree - 185.0 Parliament
Ravensworth Farm,Week5,Sully Station II,Week1,205.0 Ravensworth Farm - 197.0 Sully Station II
Ravensworth Farm,Week4,Fox Mill Estates,Week2,248.0 Ravensworth Farm - 154.0 Fox Mill Estates
Ravensworth Farm,Week2,Truro,Week2,273.0 Ravensworth Farm - 129.0 Truro
Ravensworth Farm,Week4,North Springfield,Week5,277.0 Ravensworth Farm - 97.0 North Springfield
Poplar Tree,Week5,Rolling Forest,Week5,245.0 Poplar Tree - 157.0 Rolling Forest
Poplar Tree,Week2,Waynewood,Week5,228.0 Waynewood - 174.0 Poplar Tree
Ravensworth Farm,Week5,Fairfax Club Estates,Week2,288.0 Ravensworth Farm - 114.0 Fairfax Club Estates
Poplar Tree,Week3,Waynewood,Week3,233.0 Waynewood - 169.0 Poplar Tree
Ravensworth Farm,Week3,North Springfield,Week2,319.0 Ravensworth Farm - 69.0 North Springfield
Ravensworth Farm,Week2,Fairfax Club Estates,Week5,242.0 Ravensworth Farm - 159.0 Fairfax Club Estates
Riverside Gardens,Week5,Lee Graham,Week3,217.0 Lee Graham - 185.0 Riverside Gardens
Poplar Tree,Week4,Rolling Forest,Week4,227.0 Poplar Tree - 175.0 Rolling Forest
Ravensworth Farm,Week5,Vienna Woods,Week1,267.0 Vienna Woods - 135.0 Ravensworth Farm
Riverside Gardens,Week1,Crosspointe,Week5,246.0 Crosspointe - 156.0 Riverside Gardens
Ravensworth Farm,Week1,Fox Mill Woods,Week4,232.0 Fox Mill Woods - 170.0 Ravensworth Farm
Ravensworth Farm,Week3,Fox Mill Estates,Week1,279.0 Ravensworth Farm - 123.0 Fox Mill Estates
Riverside Gardens,Week5,Lincolnia Park,Week2,348.0 Riverside Gardens - 44.0 Lincolnia Park
Ravensworth Farm,Week2,Fairfax Club Estates,Week4,235.0 Ravensworth Farm - 167.0 Fairfax Club Estates
Riverside Gardens,Week2,Crosspointe,Week1,243.0 Crosspointe - 159.0 Riverside Gardens
Poplar Tree,Week4,Waynewood,Week2,219.5 Waynewood - 182.5 Poplar Tree
Ravensworth Farm,Week3,Fox Mill Estates,Week3,253.0 Ravensworth Farm - 148.0 Fox Mill Estates
Riverside Gardens,Week5,Greenbriar,Week1,262.0 Riverside Gardens - 140.0 Greenbriar
Ravensworth Farm,Week1,Fairfax Station,Week1,240.0 Fairfax Station - 162.0 Ravensworth Farm
Ravensworth Farm,Week1,Villa Aquatic,Week4,231.0 Ravensworth Farm - 171.0 Villa Aquatic
Poplar Tree,Week4,Parliament,Week1,222.0 Poplar Tree - 180.0 Parliament
Ravensworth Farm,Week2,Truro,Week5,251.0 Ravensworth Farm - 151.0 Truro
Ravensworth Farm,Week3,Truro,Week2,314.0 Ravensworth Farm - 87.0 Truro
Ravensworth Farm,Week4,North Springfield,Week1,290.0 Ravensworth Farm - 60.0 North Springfield
Riverside Gardens,Week1,Hamlet,Week3,265.0 Hamlet - 137.0 Riverside Gardens
Poplar Tree,Week5,Parliament,Week1,255.0 Poplar Tree - 147.0 Parliament
Poplar Tree,Week4,Waynewood,Week3,231.0 Waynewood - 171.0 Poplar Tree
Ravensworth Farm,Week4,Fox Mill Estates,Week4,241.0 Ravensworth Farm - 161.0 Fox Mill Estates
Poplar Tree,Week3,Rolling Hills,Week1,288.0 Poplar Tree - 114.0 Rolling Hills
Ravensworth Farm,Week2,Fairfax Station,Week5,273.0 Fairfax Station - 129.0 Ravensworth Farm
Ravensworth Farm,Week1,Villa Aquatic,Week3,210.0 Ravensworth Farm - 192.0 Villa Aquatic
Poplar Tree,Week2,Pinecrest,Week2,252.0 Pinecrest - 150.0 Poplar Tree
Riverside Gardens,Week2,Lincolnia Park,Week1,340.0 Riverside Gardens - 61.0 Lincolnia Park
Ravensworth Farm,Week3,Vienna Woods,Week2,284.0 Vienna Woods - 117.0 Ravensworth Farm
Ravensworth Farm,Week4,Fox Mill Estates,Week1,269.0 Ravensworth Farm - 133.0 Fox Mill Estates
Ravensworth Farm,Week1,Oakton ,Week4,269.0 Oakton - 133.0 Ravensworth Farm
Ravensworth Farm,Week2,Truro,Week3,257.0 Ravensworth Farm - 145.0 Truro
Ravensworth Farm,Week1,Fox Mill Woods,Week3,217.0 Fox Mill Woods - 185.0 Ravensworth Farm
Ravensworth Farm,Week5,Newington Forest,Week3,312.0 Ravensworth Farm - 90.0 Newington Forest
Riverside Gardens,Week3,Hamlet,Week4,228.0 Hamlet - 174.0 Riverside Gardens
Riverside Gardens,Week4,Hamlet,Week1,207.0 Hamlet - 195.0 Riverside Gardens
Poplar Tree,Week1,Pinecrest,Week5,238.0 Pinecrest - 164.0 Poplar Tree
Ravensworth Farm,Week4,North Springfield,Week4,320.0 Ravensworth Farm - 72.0 North Springfield
Ravensworth Farm,Week3,Vienna Woods,Week5,310.0 Vienna Woods - 92.0 Ravensworth Farm
Riverside Gardens,Week2,Crosspointe,Week3,230.0 Crosspointe - 172.0 Riverside Gardens
Riverside Gardens,Week1,Lincolnia Park,Week3,326.0 Riverside Gardens - 67.0 Lincolnia Park
Ravensworth Farm,Week2,Fairfax Station,Week1,252.5 Fairfax Station - 149.5 Ravensworth Farm
Poplar Tree,Week4,Waynewood,Week1,208.0 Poplar Tree - 194.0 Waynewood
Riverside Gardens,Week3,Crosspointe,Week3,219.0 Crosspointe - 183.0 Riverside Gardens
Poplar Tree,Week2,Rolling Hills,Week5,274.0 Poplar Tree - 128.0 Rolling Hills
Ravensworth Farm,Week2,Truro,Week4,261.0 Ravensworth Farm - 141.0 Truro
Ravensworth Farm,Week1,Fairfax Station,Week3,250.0 Fairfax Station - 152.0 Ravensworth Farm
Poplar Tree,Week3,Waynewood,Week5,230.0 Waynewood - 172.0 Poplar Tree
Poplar Tree,Week2,Rolling Hills,Week4,275.0 Poplar Tree - 126.0 Rolling Hills
Poplar Tree,Week1,Rolling Hills,Week4,300.0 Poplar Tree - 102.0 Rolling Hills
Riverside Gardens,Week5,Lee Graham,Week4,211.0 Lee Graham - 191.0 Riverside Gardens
Riverside Gardens,Week5,Lee Graham,Week5,228.0 Lee Graham - 174.0 Riverside Gardens
Riverside Gardens,Week3,Crosspointe,Week2,213.0 Crosspointe - 189.0 Riverside Gardens
Ravensworth Farm,Week3,North Springfield,Week1,298.0 Ravensworth Farm - 52.0 North Springfield
Ravensworth Farm,Week5,Fox Mill Estates,Week3,261.0 Ravensworth Farm - 141.0 Fox Mill Estates
Ravensworth Farm,Week2,Villa Aquatic,Week1,229.0 Ravensworth Farm - 173.0 Villa Aquatic
Ravensworth Farm,Week5,North Springfield,Week5,301.0 Ravensworth Farm - 73.0 North Springfield
Poplar Tree,Week5,Waynewood,Week4,219.0 Poplar Tree - 183.0 Waynewood
Poplar Tree,Week3,Parliament,Week1,233.0 Poplar Tree - 168.0 Parliament
Ravensworth Farm,Week2,Truro,Week1,249.0 Ravensworth Farm - 153.0 Truro
Riverside Gardens,Week1,Lincolnia Park,Week2,350.0 Riverside Gardens - 43.0 Lincolnia Park
Ravensworth Farm,Week4,Vienna Woods,Week3,301.0 Vienna Woods - 101.0 Ravensworth Farm
Riverside Gardens,Week4,Crosspointe,Week2,211.0 Riverside Gardens - 191.0 Crosspointe
Poplar Tree,Week3,Rolling Hills,Week4,294.0 Poplar Tree - 108.0 Rolling Hills
Ravensworth Farm,Week3,Truro,Week4,283.0 Ravensworth Farm - 119.0 Truro
Ravensworth Farm,Week2,Fairfax Station,Week3,274.0 Fairfax Station - 128.0 Ravensworth Farm
Riverside Gardens,Week2,Hamlet,Week4,246.0 Hamlet - 156.0 Riverside Gardens
Poplar Tree,Week5,Waynewood,Week1,221.0 Poplar Tree - 181.0 Waynewood
Riverside Gardens,Week3,Crosspointe,Week4,211.0 Crosspointe - 191.0 Riverside Gardens
Poplar Tree,Week2,Woodley,Week2,275.0 Poplar Tree - 127.0 Woodley
Poplar Tree,Week3,Rolling Hills,Week3,285.0 Poplar Tree - 117.0 Rolling Hills
Ravensworth Farm,Week4,Fairfax Club Estates,Week4,247.0 Ravensworth Farm - 155.0 Fairfax Club Estates
Ravensworth Farm,Week4,Truro,Week1,276.0 Ravensworth Farm - 126.0 Truro
Riverside Gardens,Week5,Greenbriar,Week5,261.0 Riverside Gardens - 141.0 Greenbriar
Ravensworth Farm,Week1,Villa Aquatic,Week5,212.0 Ravensworth Farm - 190.0 Villa Aquatic
Riverside Gardens,Week4,Country Club Hills,Week5,285.0 Riverside Gardens - 117.0 Country Club Hills
Ravensworth Farm,Week3,Fox Mill Estates,Week4,249.0 Ravensworth Farm - 153.0 Fox Mill Estates
Ravensworth Farm,Week2,Fox Mill Estates,Week5,217.0 Ravensworth Farm - 185.0 Fox Mill Estates
Riverside Gardens,Week1,Lincolnia Park,Week4,344.0 Riverside Gardens - 58.0 Lincolnia Park
Ravensworth Farm,Week4,North Springfield,Week3,293.0 Ravensworth Farm - 104.0 North Springfield
Poplar Tree,Week3,Rolling Hills,Week2,288.0 Poplar Tree - 114.0 Rolling Hills
Riverside Gardens,Week5,Greenbriar,Week4,275.5 Riverside Gardens - 126.5 Greenbriar
Poplar Tree,Week5,Parliament,Week4,278.0 Poplar Tree - 124.0 Parliament
Riverside Gardens,Week4,Lincolnia Park,Week3,338.0 Riverside Gardens - 55.0 Lincolnia Park
Riverside Gardens,Week3,Hamlet,Week3,241.0 Hamlet - 161.0 Riverside Gardens
Riverside Gardens,Week2,Hamlet,Week2,269.5 Hamlet - 132.5 Riverside Gardens
Ravensworth Farm,Week3,Fox Mill Estates,Week5,251.0 Ravensworth Farm - 151.0 Fox Mill Estates
Ravensworth Farm,Week4,Vienna Woods,Week5,316.0 Vienna Woods - 86.0 Ravensworth Farm
Ravensworth Farm,Week1,North Springfield,Week1,296.0 Ravensworth Farm - 55.0 North Springfield
Riverside Gardens,Week5,Lincolnia Park,Week1,346.0 Riverside Gardens - 56.0 Lincolnia Park
Ravensworth Farm,Week3,Vienna Woods,Week1,279.0 Vienna Woods - 123.0 Ravensworth Farm
Riverside Gardens,Week2,Crosspointe,Week5,252.0 Crosspointe - 150.0 Riverside Gardens
Ravensworth Farm,Week2,North Springfield,Week3,274.0 Ravensworth Farm - 119.0 North Springfield
Riverside Gardens,Week3,Lincolnia Park,Week3,325.0 Riverside Gardens - 68.0 Lincolnia Park
Poplar Tree,Week4,Woodley,Week5,259.0 Poplar Tree - 143.0 Woodley
Ravensworth Farm,Week2,Fox Mill Estates,Week2,235.0 Ravensworth Farm - 167.0 Fox Mill Estates
Poplar Tree,Week4,Rolling Valley,Week1,301.0 Poplar Tree - 100.0 Rolling Valley
Poplar Tree,Week1,Rolling Valley,Week3,301.0 Poplar Tree - 101.0 Rolling Valley
Poplar Tree,Week5,Waynewood,Week3,218.0 Waynewood - 184.0 Poplar Tree
Poplar Tree,Week3,Woodley,Week2,296.0 Poplar Tree - 106.0 Woodley
Riverside Gardens,Week3,Crosspointe,Week5,246.0 Crosspointe - 156.0 Riverside Gardens
Ravensworth Farm,Week2,Fairfax Station,Week2,263.0 Fairfax Station - 139.0 Ravensworth Farm
Poplar Tree,Week4,Rolling Hills,Week5,256.0 Poplar Tree - 146.0 Rolling Hills
Ravensworth Farm,Week4,Truro,Week2,298.0 Ravensworth Farm - 102.0 Truro
Ravensworth Farm,Week3,North Springfield,Week3,307.0 Ravensworth Farm - 90.0 North Springfield
Ravensworth Farm,Week2,Villa Aquatic,Week2,226.0 Ravensworth Farm - 176.0 Villa Aquatic
Ravensworth Farm,Week3,Fairfax Station,Week1,223.0 Fairfax Station - 179.0 Ravensworth Farm
Ravensworth Farm,Week4,Fairfax Club Estates,Week1,270.0 Ravensworth Farm - 127.0 Fairfax Club Estates
Ravensworth Farm,Week4,Truro,Week3,276.0 Ravensworth Farm - 126.0 Truro
Ravensworth Farm,Week4,Fairfax Club Estates,Week5,263.0 Ravensworth Farm - 139.0 Fairfax Club Estates
Poplar Tree,Week4,Rolling Valley,Week5,284.0 Poplar Tree - 118.0 Rolling Valley
Ravensworth Farm,Week2,Villa Aquatic,Week4,221.0 Ravensworth Farm - 181.0 Villa Aquatic
Ravensworth Farm,Week1,Fairfax Station,Week4,245.0 Fairfax Station - 157.0 Ravensworth Farm
Riverside Gardens,Week2,Hamlet,Week5,284.0 Hamlet - 118.0 Riverside Gardens
Ravensworth Farm,Week1,North Springfield,Week2,304.0 Ravensworth Farm - 84.0 North Springfield
Riverside Gardens,Week4,Country Club Hills,Week4,313.0 Riverside Gardens - 89.0 Country Club Hills
Ravensworth Farm,Week5,Fox Mill Estates,Week1,277.0 Ravensworth Farm - 125.0 Fox Mill Estates
Riverside Gardens,Week3,Hamlet,Week5,273.5 Hamlet - 128.5 Riverside Gardens
Ravensworth Farm,Week2,Villa Aquatic,Week3,225.0 Villa Aquatic - 177.0 Ravensworth Farm
Poplar Tree,Week1,Rolling Valley,Week1,322.0 Poplar Tree - 79.0 Rolling Valley
Ravensworth Farm,Week2,Fox Mill Estates,Week3,224.0 Ravensworth Farm - 178.0 Fox Mill Estates
Ravensworth Farm,Week3,Truro,Week1,288.0 Ravensworth Farm - 113.0 Truro
Ravensworth Farm,Week1,Fairfax Station,Week5,268.0 Fairfax Station - 134.0 Ravensworth Farm
Ravensworth Farm,Week3,Truro,Week5,286.0 Ravensworth Farm - 115.0 Truro
Riverside Gardens,Week2,Lincolnia Park,Week2,339.0 Riverside Gardens - 54.0 Lincolnia Park
Riverside Gardens,Week1,Crosspointe,Week2,206.0 Crosspointe - 196.0 Riverside Gardens
Ravensworth Farm,Week4,Fox Mill Estates,Week3,259.5 Ravensworth Farm - 142.5 Fox Mill Estates
Riverside Gardens,Week4,Country Club Hills,Week3,302.0 Riverside Gardens - 100.0 Country Club Hills
Ravensworth Farm,Week3,Truro,Week3,293.5 Ravensworth Farm - 108.5 Truro
Ravensworth Farm,Week5,Fox Mill Estates,Week4,254.0 Ravensworth Farm - 148.0 Fox Mill Estates
Riverside Gardens,Week3,Lincolnia Park,Week1,346.0 Riverside Gardens - 56.0 Lincolnia Park
Ravensworth Farm,Week1,North Springfield,Week4,313.0 Ravensworth Farm - 79.0 North Springfield
Ravensworth Farm,Week1,Annandale,Week5,292.0 Ravensworth Farm - 110.0 Annandale
Riverside Gardens,Week3,Hamlet,Week2,248.0 Hamlet - 154.0 Riverside Gardens
Poplar Tree,Week5,Rolling Hills,Week1,305.0 Poplar Tree - 97.0 Rolling Hills
Ravensworth Farm,Week1,Fox Mill Estates,Week5,260.0 Ravensworth Farm - 142.0 Fox Mill Estates
Poplar Tree,Week1,Woodley,Week2,302.0 Poplar Tree - 100.0 Woodley
Ravensworth Farm,Week4,Fairfax Club Estates,Week2,269.0 Ravensworth Farm - 133.0 Fairfax Club Estates
Riverside Gardens,Week4,Lincolnia Park,Week1,351.0 Riverside Gardens - 51.0 Lincolnia Park
Riverside Gardens,Week3,Hamlet,Week1,233.0 Hamlet - 169.0 Riverside Gardens
Riverside Gardens,Week4,Crosspointe,Week1,206.0 Crosspointe - 196.0 Riverside Gardens
Riverside Gardens,Week3,Lincolnia Park,Week2,344.0 Riverside Gardens - 49.0 Lincolnia Park
Riverside Gardens,Week1,Lincolnia Park,Week5,333.0 Riverside Gardens - 60.0 Lincolnia Park
Ravensworth Farm,Week2,North Springfield,Week4,300.0 Ravensworth Farm - 89.0 North Springfield
Ravensworth Farm,Week1,Villa Aquatic,Week2,236.0 Ravensworth Farm - 166.0 Villa Aquatic
Riverside Gardens,Week2,Crosspointe,Week4,222.0 Crosspointe - 180.0 Riverside Gardens
Poplar Tree,Week5,Rolling Hills,Week5,304.0 Poplar Tree - 98.0 Rolling Hills
Poplar Tree,Week2,Woodley,Week5,268.0 Poplar Tree - 134.0 Woodley
Ravensworth Farm,Week4,Fairfax Club Estates,Week3,268.0 Ravensworth Farm - 134.0 Fairfax Club Estates
Ravensworth Farm,Week3,Villa Aquatic,Week1,276.0 Ravensworth Farm - 126.0 Villa Aquatic
Ravensworth Farm,Week5,North Springfield,Week1,307.0 Ravensworth Farm - 44.0 North Springfield
Ravensworth Farm,Week1,Annandale,Week3,286.0 Ravensworth Farm - 116.0 Annandale
Riverside Gardens,Week4,Hamlet,Week2,239.0 Hamlet - 163.0 Riverside Gardens
Ravensworth Farm,Week3,Villa Aquatic,Week4,253.0 Ravensworth Farm - 149.0 Villa Aquatic
Poplar Tree,Week5,Rolling Hills,Week4,307.0 Poplar Tree - 95.0 Rolling Hills
Riverside Gardens,Week2,Hayfield Farm,Week2,239.5 Riverside Gardens - 162.5 Hayfield Farm
Ravensworth Farm,Week3,Fairfax Station,Week2,231.0 Fairfax Station - 171.0 Ravensworth Farm
Ravensworth Farm,Week2,Fox Mill Estates,Week1,239.0 Ravensworth Farm - 163.0 Fox Mill Estates
Ravensworth Farm,Week1,Fox Mill Woods,Week1,237.0 Fox Mill Woods - 165.0 Ravensworth Farm
Ravensworth Farm,Week1,Fox Mill Estates,Week3,251.0 Ravensworth Farm - 151.0 Fox Mill Estates
Ravensworth Farm,Week2,North Springfield,Week2,285.0 Ravensworth Farm - 100.0 North Springfield
Riverside Gardens,Week4,Lincolnia Park,Week2,355.0 Riverside Gardens - 38.0 Lincolnia Park
Riverside Gardens,Week2,Lincolnia Park,Week4,335.0 Riverside Gardens - 67.0 Lincolnia Park
Ravensworth Farm,Week5,Villa Aquatic,Week3,229.0 Ravensworth Farm - 173.0 Villa Aquatic
Ravensworth Farm,Week3,Villa Aquatic,Week3,215.0 Ravensworth Farm - 187.0 Villa Aquatic
Riverside Gardens,Week4,Hayfield Farm,Week2,274.0 Riverside Gardens - 128.0 Hayfield Farm
Riverside Gardens,Week4,Crosspointe,Week5,233.0 Crosspointe - 169.0 Riverside Gardens
Ravensworth Farm,Week3,North Springfield,Week5,281.0 Ravensworth Farm - 92.0 North Springfield
Poplar Tree,Week4,Woodley,Week4,263.0 Poplar Tree - 139.0 Woodley
Ravensworth Farm,Week4,Village West,Week2,291.0 Ravensworth Farm - 111.0 Village West
Ravensworth Farm,Week3,Fairfax Club Estates,Week5,274.5 Ravensworth Farm - 123.5 Fairfax Club Estates
Riverside Gardens,Week5,Daventry,Week1,343.0 Riverside Gardens - 59.0 Daventry
Poplar Tree,Week4,Woodley,Week3,271.0 Poplar Tree - 131.0 Woodley
Ravensworth Farm,Week3,Fairfax Club Estates,Week2,295.0 Ravensworth Farm - 106.0 Fairfax Club Estates
Riverside Gardens,Week1,Hayfield Farm,Week4,242.0 Riverside Gardens - 160.0 Hayfield Farm
Riverside Gardens,Week3,Lincolnia Park,Week4,340.0 Riverside Gardens - 62.0 Lincolnia Park
Poplar Tree,Week4,Rolling Hills,Week4,258.0 Poplar Tree - 143.0 Rolling Hills
Poplar Tree,Week4,Rolling Hills,Week2,252.0 Poplar Tree - 150.0 Rolling Hills
Ravensworth Farm,Week5,Newington Forest,Week5,298.0 Ravensworth Farm - 104.0 Newington Forest
Ravensworth Farm,Week5,North Springfield,Week3,315.0 Ravensworth Farm - 82.0 North Springfield
Riverside Gardens,Week4,Crosspointe,Week4,202.0 Crosspointe - 200.0 Riverside Gardens
Poplar Tree,Week2,Woodley,Week1,281.0 Poplar Tree - 121.0 Woodley
Poplar Tree,Week5,Woodley,Week4,310.0 Poplar Tree - 92.0 Woodley
Poplar Tree,Week4,Rolling Hills,Week3,248.0 Poplar Tree - 154.0 Rolling Hills
Riverside Gardens,Week1,Daventry,Week4,354.0 Riverside Gardens - 48.0 Daventry
Poplar Tree,Week1,Rolling Valley,Week2,312.0 Poplar Tree - 90.0 Rolling Valley
Ravensworth Farm,Week3,Fairfax Club Estates,Week3,288.5 Ravensworth Farm - 112.5 Fairfax Club Estates
Riverside Gardens,Week2,Lincolnia Park,Week3,314.0 Riverside Gardens - 78.0 Lincolnia Park
Poplar Tree,Week5,Waynewood,Week5,216.0 Waynewood - 186.0 Poplar Tree
Ravensworth Farm,Week4,Fox Mill Estates,Week5,253.5 Ravensworth Farm - 148.5 Fox Mill Estates
Ravensworth Farm,Week5,Fairfax Club Estates,Week4,270.0 Ravensworth Farm - 132.0 Fairfax Club Estates
Poplar Tree,Week3,Woodley,Week5,277.0 Poplar Tree - 125.0 Woodley
Riverside Gardens,Week4,Lincolnia Park,Week4,350.0 Riverside Gardens - 52.0 Lincolnia Park
Ravensworth Farm,Week2,Fox Mill Estates,Week4,207.0 Fox Mill Estates - 195.0 Ravensworth Farm
Riverside Gardens,Week2,Daventry,Week4,350.0 Riverside Gardens - 52.0 Daventry
Poplar Tree,Week3,Rolling Valley,Week3,306.0 Poplar Tree - 96.0 Rolling Valley
Riverside Gardens,Week5,Crosspointe,Week3,208.0 Crosspointe - 194.0 Riverside Gardens
Riverside Gardens,Week5,Hayfield Farm,Week5,276.0 Riverside Gardens - 126.0 Hayfield Farm
Ravensworth Farm,Week3,Fairfax Club Estates,Week4,277.0 Ravensworth Farm - 124.0 Fairfax Club Estates
Ravensworth Farm,Week1,Village West,Week4,279.0 Ravensworth Farm - 118.0 Village West
Riverside Gardens,Week3,Lincolnia Park,Week5,334.5 Riverside Gardens - 58.5 Lincolnia Park
Ravensworth Farm,Week1,Fox Mill Estates,Week4,237.0 Ravensworth Farm - 165.0 Fox Mill Estates
Ravensworth Farm,Week2,Oakton ,Week3,275.0 Oakton - 127.0 Ravensworth Farm
Ravensworth Farm,Week1,Oakton ,Week2,271.0 Oakton - 131.0 Ravensworth Farm
Ravensworth Farm,Week5,Newington Forest,Week4,313.0 Ravensworth Farm - 89.0 Newington Forest
Poplar Tree,Week2,Rolling Valley,Week3,292.0 Poplar Tree - 110.0 Rolling Valley
Riverside Gardens,Week5,Hayfield Farm,Week1,271.0 Riverside Gardens - 131.0 Hayfield Farm
Ravensworth Farm,Week2,Village West,Week4,265.0 Ravensworth Farm - 132.0 Village West
Riverside Gardens,Week5,Hamlet,Week5,234.0 Hamlet - 168.0 Riverside Gardens
Riverside Gardens,Week4,Hayfield Farm,Week1,265.0 Riverside Gardens - 137.0 Hayfield Farm
Poplar Tree,Week3,Rolling Valley,Week1,333.0 Poplar Tree - 68.0 Rolling Valley
Ravensworth Farm,Week1,Fairfax Station,Week2,254.5 Fairfax Station - 147.5 Ravensworth Farm
Poplar Tree,Week3,Woodley,Week4,298.0 Poplar Tree - 104.0 Woodley
Ravensworth Farm,Week1,North Springfield,Week3,305.0 Ravensworth Farm - 92.0 North Springfield
Riverside Gardens,Week5,Crosspointe,Week5,225.0 Crosspointe - 177.0 Riverside Gardens
Ravensworth Farm,Week5,Villa Aquatic,Week2,263.0 Ravensworth Farm - 139.0 Villa Aquatic
Ravensworth Farm,Week5,Fox Mill Estates,Week2,264.0 Ravensworth Farm - 138.0 Fox Mill Estates
Ravensworth Farm,Week5,Villa Aquatic,Week5,241.0 Ravensworth Farm - 161.0 Villa Aquatic
Ravensworth Farm,Week3,Fox Mill Estates,Week2,246.0 Ravensworth Farm - 156.0 Fox Mill Estates
Riverside Gardens,Week3,Daventry,Week4,363.0 Riverside Gardens - 39.0 Daventry
Poplar Tree,Week5,Woodley,Week3,316.5 Poplar Tree - 85.5 Woodley
Riverside Gardens,Week5,Lincolnia Park,Week5,332.0 Riverside Gardens - 61.0 Lincolnia Park
Riverside Gardens,Week5,Lincolnia Park,Week4,346.0 Riverside Gardens - 56.0 Lincolnia Park
Riverside Gardens,Week4,Hayfield Farm,Week3,248.0 Riverside Gardens - 154.0 Hayfield Farm
Poplar Tree,Week5,Woodley,Week5,295.0 Poplar Tree - 107.0 Woodley
Ravensworth Farm,Week2,Village West,Week1,263.0 Ravensworth Farm - 139.0 Village West
Riverside Gardens,Week4,Lincolnia Park,Week5,335.0 Riverside Gardens - 58.0 Lincolnia Park
Riverside Gardens,Week2,Lincolnia Park,Week5,322.0 Riverside Gardens - 70.0 Lincolnia Park
Riverside Gardens,Week2,Hayfield Farm,Week4,231.0 Riverside Gardens - 171.0 Hayfield Farm
Riverside Gardens,Week1,Lincolnia Park,Week1,350.0 Riverside Gardens - 52.0 Lincolnia Park
Riverside Gardens,Week2,Hayfield Farm,Week3,213.0 Riverside Gardens - 189.0 Hayfield Farm
Riverside Gardens,Week1,Daventry,Week3,347.0 Riverside Gardens - 55.0 Daventry
Poplar Tree,Week5,Rolling Hills,Week2,294.0 Poplar Tree - 108.0 Rolling Hills
Ravensworth Farm,Week2,Fairfax Station,Week4,243.0 Fairfax Station - 159.0 Ravensworth Farm
Riverside Gardens,Week2,Daventry,Week1,340.0 Riverside Gardens - 62.0 Daventry
Riverside Gardens,Week5,Crosspointe,Week2,206.0 Riverside Gardens - 196.0 Crosspointe
Poplar Tree,Week2,Rolling Valley,Week2,297.0 Poplar Tree - 105.0 Rolling Valley
Ravensworth Farm,Week1,Fox Mill Woods,Week2,216.0 Fox Mill Woods - 186.0 Ravensworth Farm
Ravensworth Farm,Week5,Fairfax Club Estates,Week3,291.0 Ravensworth Farm - 111.0 Fairfax Club Estates
Ravensworth Farm,Week2,North Springfield,Week1,278.0 Ravensworth Farm - 66.0 North Springfield
Ravensworth Farm,Week1,Annandale,Week1,305.0 Ravensworth Farm - 97.0 Annandale
Ravensworth Farm,Week3,Village West,Week4,292.0 Ravensworth Farm - 104.0 Village West
Poplar Tree,Week2,Rolling Valley,Week1,310.0 Poplar Tree - 92.0 Rolling Valley
Poplar Tree,Week3,Rolling Valley,Week4,300.0 Poplar Tree - 102.0 Rolling Valley
Riverside Gardens,Week3,Hayfield Farm,Week1,247.5 Riverside Gardens - 154.5 Hayfield Farm
Poplar Tree,Week4,Woodley,Week1,263.0 Poplar Tree - 139.0 Woodley
Ravensworth Farm,Week1,Village West,Week3,265.0 Ravensworth Farm - 137.0 Village West
Ravensworth Farm,Week5,Fairfax Club Estates,Week1,275.0 Ravensworth Farm - 127.0 Fairfax Club Estates
Ravensworth Farm,Week5,Fox Mill Estates,Week5,268.0 Ravensworth Farm - 134.0 Fox Mill Estates
Ravensworth Farm,Week3,North Springfield,Week4,318.0 Ravensworth Farm - 74.0 North Springfield
Ravensworth Farm,Week1,North Springfield,Week5,277.0 Ravensworth Farm - 97.0 North Springfield
Ravensworth Farm,Week4,Fox Mill Woods,Week2,219.5 Fox Mill Woods - 182.5 Ravensworth Farm
Ravensworth Farm,Week3,Fairfax Station,Week3,252.0 Fairfax Station - 150.0 Ravensworth Farm
Poplar Tree,Week1,Rolling Valley,Week4,307.0 Poplar Tree - 95.0 Rolling Valley
Ravensworth Farm,Week1,Great Falls,Week3,207.0 Ravensworth Farm - 195.0 Great Falls
Ravensworth Farm,Week3,Village West,Week2,298.0 Ravensworth Farm - 103.0 Village West
Poplar Tree,Week4,Rolling Hills,Week1,251.0 Poplar Tree - 151.0 Rolling Hills
Poplar Tree,Week1,Woodley,Week3,299.0 Poplar Tree - 103.0 Woodley
Ravensworth Farm,Week1,Oakton ,Week1,242.0 Oakton - 160.0 Ravensworth Farm
Poplar Tree,Week1,Woodley,Week5,286.0 Poplar Tree - 116.0 Woodley
Ravensworth Farm,Week1,Daventry,Week5,298.0 Ravensworth Farm - 104.0 Daventry
Poplar Tree,Week2,Woodley,Week4,274.0 Poplar Tree - 123.0 Woodley
Riverside Gardens,Week5,Hamlet,Week4,209.0 Hamlet - 193.0 Riverside Gardens
Ravensworth Farm,Week5,Fairfax Club Estates,Week5,274.0 Ravensworth Farm - 128.0 Fairfax Club Estates
Ravensworth Farm,Week3,Fox Mill Woods,Week5,237.0 Fox Mill Woods - 165.0 Ravensworth Farm
Ravensworth Farm,Week1,Daventry,Week1,317.0 Ravensworth Farm - 85.0 Daventry
Ravensworth Farm,Week4,North Springfield,Week2,308.0 Ravensworth Farm - 80.0 North Springfield
Ravensworth Farm,Week4,Villa Aquatic,Week4,233.5 Ravensworth Farm - 168.5 Villa Aquatic
Ravensworth Farm,Week2,Great Falls,Week5,206.0 Great Falls - 194.0 Ravensworth Farm
Ravensworth Farm,Week5,North Springfield,Week2,317.0 Ravensworth Farm - 71.0 North Springfield
Poplar Tree,Week2,Woodley,Week3,284.0 Poplar Tree - 118.0 Woodley
Riverside Gardens,Week1,Daventry,Week1,352.0 Riverside Gardens - 50.0 Daventry
Ravensworth Farm,Week5,North Springfield,Week4,328.0 Ravensworth Farm - 64.0 North Springfield
Riverside Gardens,Week1,Daventry,Week2,349.0 Riverside Gardens - 53.0 Daventry
Riverside Gardens,Week3,Daventry,Week5,336.0 Riverside Gardens - 66.0 Daventry
Riverside Gardens,Week3,Hayfield Farm,Week4,248.0 Riverside Gardens - 154.0 Hayfield Farm
Riverside Gardens,Week1,Hayfield Farm,Week3,235.0 Riverside Gardens - 167.0 Hayfield Farm
Riverside Gardens,Week3,Daventry,Week2,358.0 Riverside Gardens - 44.0 Daventry
Ravensworth Farm,Week1,Village West,Week1,302.0 Ravensworth Farm - 100.0 Village West
Ravensworth Farm,Week5,Fox Mill Woods,Week3,209.0 Fox Mill Woods - 193.0 Ravensworth Farm
Ravensworth Farm,Week3,Daventry,Week5,311.0 Ravensworth Farm - 90.0 Daventry
Riverside Gardens,Week1,Hayfield Farm,Week5,255.0 Riverside Gardens - 147.0 Hayfield Farm
Poplar Tree,Week3,Rolling Valley,Week2,306.0 Poplar Tree - 96.0 Rolling Valley
Ravensworth Farm,Week1,Village West,Week2,288.0 Ravensworth Farm - 114.0 Village West
Ravensworth Farm,Week1,Village West,Week5,290.0 Ravensworth Farm - 112.0 Village West
Ravensworth Farm,Week2,Village West,Week3,238.0 Ravensworth Farm - 164.0 Village West
Riverside Gardens,Week2,Hayfield Farm,Week5,257.0 Riverside Gardens - 145.0 Hayfield Farm
Riverside Gardens,Week4,Daventry,Week4,361.0 Riverside Gardens - 41.0 Daventry
Ravensworth Farm,Week3,Daventry,Week4,329.0 Ravensworth Farm - 72.0 Daventry
Poplar Tree,Week2,Rolling Valley,Week5,289.0 Poplar Tree - 113.0 Rolling Valley
Ravensworth Farm,Week1,Oakton ,Week3,242.0 Oakton - 160.0 Ravensworth Farm
Ravensworth Farm,Week1,Great Falls,Week5,210.0 Ravensworth Farm - 192.0 Great Falls
Ravensworth Farm,Week2,Old Keene Mill,Week2,251.0 Ravensworth Farm - 151.0 Old Keene Mill
Ravensworth Farm,Week5,Daventry,Week2,333.0 Ravensworth Farm - 69.0 Daventry
Poplar Tree,Week2,Rolling Valley,Week4,289.0 Poplar Tree - 113.0 Rolling Valley
Poplar Tree,Week1,Woodley,Week4,297.0 Poplar Tree - 105.0 Woodley
Ravensworth Farm,Week4,Fox Mill Woods,Week3,219.0 Fox Mill Woods - 183.0 Ravensworth Farm
Ravensworth Farm,Week1,Oakton ,Week5,277.0 Oakton - 125.0 Ravensworth Farm
Riverside Gardens,Week2,Daventry,Week3,338.0 Riverside Gardens - 64.0 Daventry
Poplar Tree,Week3,Rolling Valley,Week5,295.0 Poplar Tree - 107.0 Rolling Valley
Poplar Tree,Week5,Rolling Hills,Week3,299.0 Poplar Tree - 103.0 Rolling Hills
Ravensworth Farm,Week4,Villa Aquatic,Week5,219.0 Ravensworth Farm - 183.0 Villa Aquatic
Riverside Gardens,Week1,Hayfield Farm,Week2,254.0 Riverside Gardens - 148.0 Hayfield Farm
Poplar Tree,Week4,Woodley,Week2,279.0 Poplar Tree - 123.0 Woodley
Ravensworth Farm,Week2,Daventry,Week3,300.0 Ravensworth Farm - 101.0 Daventry
Riverside Gardens,Week4,Hayfield Farm,Week4,270.0 Riverside Gardens - 132.0 Hayfield Farm
Poplar Tree,Week3,Woodley,Week1,293.0 Poplar Tree - 109.0 Woodley
Riverside Gardens,Week1,Daventry,Week5,338.0 Riverside Gardens - 64.0 Daventry
Ravensworth Farm,Week5,Fox Mill Woods,Week4,222.0 Fox Mill Woods - 180.0 Ravensworth Farm
Poplar Tree,Week1,Virginia Hills,Week2,346.0 Poplar Tree - 54.0 Virginia Hills
Ravensworth Farm,Week3,Oakton ,Week4,246.0 Oakton - 156.0 Ravensworth Farm
Riverside Gardens,Week5,Daventry,Week2,347.0 Riverside Gardens - 54.0 Daventry
Riverside Gardens,Week5,Daventry,Week5,332.0 Riverside Gardens - 70.0 Daventry
Ravensworth Farm,Week2,Oakton ,Week4,278.0 Oakton - 124.0 Ravensworth Farm
Ravensworth Farm,Week2,Old Keene Mill,Week4,261.0 Ravensworth Farm - 141.0 Old Keene Mill
Ravensworth Farm,Week4,Fox Mill Woods,Week4,239.0 Fox Mill Woods - 163.0 Ravensworth Farm
Riverside Gardens,Week3,Daventry,Week3,352.0 Riverside Gardens - 50.0 Daventry
Ravensworth Farm,Week4,Villa Aquatic,Week2,243.0 Ravensworth Farm - 159.0 Villa Aquatic
Ravensworth Farm,Week3,Fox Mill Woods,Week4,249.0 Fox Mill Woods - 153.0 Ravensworth Farm
Ravensworth Farm,Week4,Villa Aquatic,Week3,202.5 Villa Aquatic - 199.5 Ravensworth Farm
Ravensworth Farm,Week3,Village West,Week1,296.0 Ravensworth Farm - 105.0 Village West
Poplar Tree,Week1,Woodley,Week1,284.0 Poplar Tree - 118.0 Woodley
Poplar Tree,Week3,Woodley,Week3,293.0 Poplar Tree - 109.0 Woodley
Ravensworth Farm,Week3,Village West,Week3,278.0 Ravensworth Farm - 124.0 Village West
Poplar Tree,Week3,Virginia Hills,Week2,357.0 Poplar Tree - 44.0 Virginia Hills
Ravensworth Farm,Week2,Daventry,Week2,302.0 Ravensworth Farm - 98.0 Daventry
Riverside Gardens,Week2,Daventry,Week2,345.0 Riverside Gardens - 57.0 Daventry
Ravensworth Farm,Week2,Oakton ,Week1,261.0 Oakton - 141.0 Ravensworth Farm
Ravensworth Farm,Week1,Annandale,Week2,282.0 Ravensworth Farm - 120.0 Annandale
Ravensworth Farm,Week2,Dominion Hills,Week4,224.0 Dominion Hills - 178.0 Ravensworth Farm
Ravensworth Farm,Week3,Oakton ,Week1,232.0 Oakton - 170.0 Ravensworth Farm
Ravensworth Farm,Week2,Great Falls,Week4,204.0 Ravensworth Farm - 197.0 Great Falls
Ravensworth Farm,Week2,Daventry,Week5,290.0 Ravensworth Farm - 111.0 Daventry
Riverside Gardens,Week5,Hayfield Farm,Week4,268.0 Riverside Gardens - 134.0 Hayfield Farm
Poplar Tree,Week5,Woodley,Week2,308.0 Poplar Tree - 94.0 Woodley
Poplar Tree,Week4,Rolling Valley,Week4,281.0 Poplar Tree - 121.0 Rolling Valley
Riverside Gardens,Week5,Hamlet,Week3,231.0 Hamlet - 171.0 Riverside Gardens
Ravensworth Farm,Week5,Crosspointe,Week5,244.0 Crosspointe - 158.0 Ravensworth Farm
Poplar Tree,Week4,Rolling Valley,Week2,286.0 Poplar Tree - 116.0 Rolling Valley
Ravensworth Farm,Week2,Village West,Week2,271.0 Ravensworth Farm - 130.0 Village West
Poplar Tree,Week3,Rolling Hills,Week5,283.0 Poplar Tree - 119.0 Rolling Hills
Poplar Tree,Week3,Village West,Week4,304.0 Poplar Tree - 93.0 Village West
Riverside Gardens,Week5,Hayfield Farm,Week2,280.0 Riverside Gardens - 122.0 Hayfield Farm
Poplar Tree,Week5,Woodley,Week1,307.0 Poplar Tree - 95.0 Woodley
Poplar Tree,Week1,Rolling Valley,Week5,305.0 Poplar Tree - 97.0 Rolling Valley
Ravensworth Farm,Week3,Fox Mill Woods,Week1,239.0 Fox Mill Woods - 163.0 Ravensworth Farm
Riverside Gardens,Week1,Hayfield Farm,Week1,244.0 Riverside Gardens - 158.0 Hayfield Farm
Riverside Gardens,Week3,Daventry,Week1,351.0 Riverside Gardens - 51.0 Daventry
Ravensworth Farm,Week2,Fox Mill Woods,Week2,244.5 Fox Mill Woods - 157.5 Ravensworth Farm
Poplar Tree,Week5,Village West,Week5,308.0 Poplar Tree - 94.0 Village West
Ravensworth Farm,Week1,Daventry,Week2,319.0 Ravensworth Farm - 82.0 Daventry
Poplar Tree,Week4,Rolling Valley,Week3,285.0 Poplar Tree - 117.0 Rolling Valley
Riverside Gardens,Week3,Hayfield Farm,Week3,232.0 Riverside Gardens - 170.0 Hayfield Farm
Poplar Tree,Week5,Rolling Valley,Week4,317.0 Poplar Tree - 85.0 Rolling Valley
Poplar Tree,Week1,Rutherford,Week1,305.0 Poplar Tree - 97.0 Rutherford
Ravensworth Farm,Week5,Villa Aquatic,Week1,260.0 Ravensworth Farm - 142.0 Villa Aquatic
Riverside Gardens,Week2,Daventry,Week5,323.0 Riverside Gardens - 79.0 Daventry
Poplar Tree,Week4,Virginia Hills,Week3,321.0 Poplar Tree - 81.0 Virginia Hills
Riverside Gardens,Week3,Hayfield Farm,Week5,269.0 Riverside Gardens - 133.0 Hayfield Farm
Ravensworth Farm,Week5,Daventry,Week3,335.0 Ravensworth Farm - 67.0 Daventry
Ravensworth Farm,Week1,Great Falls,Week4,229.0 Ravensworth Farm - 173.0 Great Falls
Ravensworth Farm,Week2,Annandale,Week2,260.0 Ravensworth Farm - 141.0 Annandale
Riverside Gardens,Week4,Herndon,Week1,361.0 Riverside Gardens - 41.0 Herndon
Ravensworth Farm,Week4,Oakton ,Week4,248.0 Oakton - 154.0 Ravensworth Farm
Riverside Gardens,Week4,Daventry,Week1,351.0 Riverside Gardens - 51.0 Daventry
Ravensworth Farm,Week2,Annandale,Week1,282.0 Ravensworth Farm - 120.0 Annandale
Ravensworth Farm,Week2,Village West,Week5,263.0 Ravensworth Farm - 139.0 Village West
Poplar Tree,Week3,Virginia Hills,Week5,334.0 Poplar Tree - 67.0 Virginia Hills
Ravensworth Farm,Week4,Villa Aquatic,Week1,248.0 Ravensworth Farm - 154.0 Villa Aquatic
Ravensworth Farm,Week3,Dominion Hills,Week1,244.0 Ravensworth Farm - 158.0 Dominion Hills
Ravensworth Farm,Week4,Fox Mill Woods,Week1,245.0 Fox Mill Woods - 157.0 Ravensworth Farm
Ravensworth Farm,Week2,Great Falls,Week1,218.0 Ravensworth Farm - 183.0 Great Falls
Ravensworth Farm,Week3,Daventry,Week2,325.0 Ravensworth Farm - 73.0 Daventry
Ravensworth Farm,Week1,Annandale,Week4,304.0 Ravensworth Farm - 98.0 Annandale
Ravensworth Farm,Week2,Oakton ,Week5,288.0 Oakton - 114.0 Ravensworth Farm
Riverside Gardens,Week4,Daventry,Week5,340.0 Riverside Gardens - 62.0 Daventry
Riverside Gardens,Week3,Hayfield Farm,Week2,267.0 Riverside Gardens - 135.0 Hayfield Farm
Ravensworth Farm,Week4,Oakton ,Week2,255.0 Oakton - 147.0 Ravensworth Farm
Riverside Gardens,Week2,Hayfield Farm,Week1,238.0 Riverside Gardens - 164.0 Hayfield Farm
Poplar Tree,Week5,Rolling Valley,Week3,319.0 Poplar Tree - 83.0 Rolling Valley
Ravensworth Farm,Week2,Oakton ,Week2,284.0 Oakton - 118.0 Ravensworth Farm
Poplar Tree,Week4,Virginia Hills,Week2,332.0 Poplar Tree - 68.0 Virginia Hills
Ravensworth Farm,Week1,Arlington Forest,Week1,216.0 Ravensworth Farm - 186.0 Arlington Forest
Ravensworth Farm,Week3,Village West,Week5,292.0 Ravensworth Farm - 109.0 Village West
Ravensworth Farm,Week2,Annandale,Week4,281.0 Ravensworth Farm - 120.0 Annandale
Ravensworth Farm,Week5,Daventry,Week5,319.5 Ravensworth Farm - 82.5 Daventry
Ravensworth Farm,Week5,Villa Aquatic,Week4,250.5 Ravensworth Farm - 151.5 Villa Aquatic
Ravensworth Farm,Week5,Oakton ,Week3,232.0 Oakton - 170.0 Ravensworth Farm
Poplar Tree,Week3,Virginia Hills,Week3,337.0 Poplar Tree - 65.0 Virginia Hills
Ravensworth Farm,Week5,Oakton ,Week1,226.0 Oakton - 176.0 Ravensworth Farm
Ravensworth Farm,Week1,Dominion Hills,Week3,234.0 Ravensworth Farm - 168.0 Dominion Hills
Ravensworth Farm,Week4,Village West,Week1,289.0 Ravensworth Farm - 113.0 Village West
Ravensworth Farm,Week5,Annandale,Week5,306.0 Ravensworth Farm - 96.0 Annandale
Ravensworth Farm,Week5,Fox Mill Woods,Week1,235.0 Fox Mill Woods - 167.0 Ravensworth Farm
Poplar Tree,Week4,Village West,Week3,261.0 Poplar Tree - 141.0 Village West
Ravensworth Farm,Week3,Fox Mill Woods,Week2,212.0 Fox Mill Woods - 190.0 Ravensworth Farm
Ravensworth Farm,Week3,Fox Mill Woods,Week3,206.0 Fox Mill Woods - 196.0 Ravensworth Farm
Poplar Tree,Week3,Village West,Week3,282.0 Poplar Tree - 120.0 Village West
Riverside Gardens,Week5,Crosspointe,Week4,202.0 Crosspointe - 200.0 Riverside Gardens
Ravensworth Farm,Week4,Village West,Week3,274.0 Ravensworth Farm - 128.0 Village West
Riverside Gardens,Week4,Daventry,Week2,357.0 Riverside Gardens - 45.0 Daventry
Riverside Gardens,Week4,Hayfield Farm,Week5,281.0 Riverside Gardens - 121.0 Hayfield Farm
Poplar Tree,Week1,Rutherford,Week2,295.0 Poplar Tree - 107.0 Rutherford
Riverside Gardens,Week4,Daventry,Week3,352.0 Riverside Gardens - 50.0 Daventry
Ravensworth Farm,Week5,Oakton ,Week4,239.0 Oakton - 163.0 Ravensworth Farm
Poplar Tree,Week5,Rolling Valley,Week2,326.0 Poplar Tree - 76.0 Rolling Valley
Riverside Gardens,Week1,Herndon,Week4,358.5 Riverside Gardens - 43.5 Herndon
Poplar Tree,Week1,Rutherford,Week4,279.0 Poplar Tree - 123.0 Rutherford
Ravensworth Farm,Week4,Daventry,Week4,322.0 Ravensworth Farm - 80.0 Daventry
Ravensworth Farm,Week3,Arlington Forest,Week1,229.0 Ravensworth Farm - 173.0 Arlington Forest
Poplar Tree,Week1,Rutherford,Week3,292.0 Poplar Tree - 110.0 Rutherford
Poplar Tree,Week5,Rolling Valley,Week1,334.0 Poplar Tree - 68.0 Rolling Valley
Ravensworth Farm,Week1,Fox Mill Woods,Week5,240.0 Fox Mill Woods - 162.0 Ravensworth Farm
Poplar Tree,Week3,Village West,Week5,297.0 Poplar Tree - 105.0 Village West
Riverside Gardens,Week5,Daventry,Week3,345.0 Riverside Gardens - 57.0 Daventry
Ravensworth Farm,Week1,Daventry,Week4,319.0 Ravensworth Farm - 83.0 Daventry
Ravensworth Farm,Week2,Arlington Forest,Week1,204.0 Arlington Forest - 198.0 Ravensworth Farm
Poplar Tree,Week4,Village West,Week4,272.0 Poplar Tree - 125.0 Village West
Ravensworth Farm,Week5,Village West,Week1,302.0 Ravensworth Farm - 100.0 Village West
Ravensworth Farm,Week4,Village West,Week5,289.0 Ravensworth Farm - 113.0 Village West
Riverside Gardens,Week2,Herndon,Week1,351.0 Riverside Gardens - 51.0 Herndon
Ravensworth Farm,Week2,Annandale,Week3,270.0 Ravensworth Farm - 132.0 Annandale
Ravensworth Farm,Week5,Oakton ,Week2,254.0 Oakton - 148.0 Ravensworth Farm
Ravensworth Farm,Week3,Arlington Forest,Week4,215.0 Ravensworth Farm - 187.0 Arlington Forest
Riverside Gardens,Week5,Hayfield Farm,Week3,256.0 Riverside Gardens - 146.0 Hayfield Farm
Ravensworth Farm,Week5,Fox Mill Woods,Week5,243.0 Fox Mill Woods - 159.0 Ravensworth Farm
Ravensworth Farm,Week2,Annandale,Week5,269.0 Ravensworth Farm - 133.0 Annandale
Riverside Gardens,Week1,Dominion Hills,Week2,250.0 Riverside Gardens - 152.0 Dominion Hills
Riverside Gardens,Week1,Dominion Hills,Week4,233.0 Riverside Gardens - 169.0 Dominion Hills
Ravensworth Farm,Week2,Fox Mill Woods,Week3,244.0 Fox Mill Woods - 158.0 Ravensworth Farm
Riverside Gardens,Week3,Herndon,Week3,355.0 Riverside Gardens - 47.0 Herndon
Poplar Tree,Week1,Virginia Hills,Week1,343.0 Poplar Tree - 58.0 Virginia Hills
Ravensworth Farm,Week4,Oakton ,Week5,262.0 Oakton - 140.0 Ravensworth Farm
Ravensworth Farm,Week4,Village West,Week4,280.0 Ravensworth Farm - 117.0 Village West
Ravensworth Farm,Week3,Oakton ,Week3,248.0 Oakton - 154.0 Ravensworth Farm
Poplar Tree,Week5,Rolling Valley,Week5,315.0 Poplar Tree - 87.0 Rolling Valley
Riverside Gardens,Week1,Dominion Hills,Week3,265.0 Riverside Gardens - 137.0 Dominion Hills
Ravensworth Farm,Week2,Dominion Hills,Week2,207.5 Ravensworth Farm - 194.5 Dominion Hills
Ravensworth Farm,Week3,Daventry,Week3,318.0 Ravensworth Farm - 83.0 Daventry
Ravensworth Farm,Week5,Fox Mill Woods,Week2,211.0 Fox Mill Woods - 191.0 Ravensworth Farm
Ravensworth Farm,Week1,Old Keene Mill,Week4,281.0 Ravensworth Farm - 121.0 Old Keene Mill
Poplar Tree,Week5,Village West,Week2,320.0 Poplar Tree - 82.0 Village West
Poplar Tree,Week1,Rutherford,Week5,280.0 Poplar Tree - 122.0 Rutherford
Ravensworth Farm,Week2,Great Falls,Week2,192.0 Ravensworth Farm - 191.0 Great Falls
Riverside Gardens,Week2,Herndon,Week2,344.0 Riverside Gardens - 58.0 Herndon
Ravensworth Farm,Week4,Oakton ,Week3,238.0 Oakton - 164.0 Ravensworth Farm
Ravensworth Farm,Week2,Virginia Hills,Week2,339.0 Ravensworth Farm - 62.0 Virginia Hills
Ravensworth Farm,Week5,Daventry,Week4,336.0 Ravensworth Farm - 66.0 Daventry
Riverside Gardens,Week1,Dominion Hills,Week1,275.0 Riverside Gardens - 127.0 Dominion Hills
Poplar Tree,Week2,Rutherford,Week1,290.0 Poplar Tree - 112.0 Rutherford
Poplar Tree,Week5,Village West,Week3,292.0 Poplar Tree - 110.0 Village West
Ravensworth Farm,Week4,Daventry,Week5,300.0 Ravensworth Farm - 102.0 Daventry
Riverside Gardens,Week2,Herndon,Week4,345.0 Riverside Gardens - 57.0 Herndon
Riverside Gardens,Week4,Dominion Hills,Week2,289.0 Riverside Gardens - 113.0 Dominion Hills
Ravensworth Farm,Week2,Daventry,Week1,296.0 Ravensworth Farm - 105.0 Daventry
Ravensworth Farm,Week1,Old Keene Mill,Week2,274.0 Ravensworth Farm - 128.0 Old Keene Mill
Ravensworth Farm,Week2,Fox Mill Woods,Week1,265.5 Fox Mill Woods - 136.5 Ravensworth Farm
Ravensworth Farm,Week4,Virginia Hills,Week5,345.0 Ravensworth Farm - 57.0 Virginia Hills
Ravensworth Farm,Week4,Daventry,Week1,309.0 Ravensworth Farm - 93.0 Daventry
Poplar Tree,Week5,Village West,Week4,315.0 Poplar Tree - 82.0 Village West
Ravensworth Farm,Week3,Oakton ,Week5,262.0 Oakton - 140.0 Ravensworth Farm
Ravensworth Farm,Week5,Annandale,Week4,329.0 Ravensworth Farm - 73.0 Annandale
Riverside Gardens,Week5,Daventry,Week4,353.0 Riverside Gardens - 49.0 Daventry
Ravensworth Farm,Week3,Daventry,Week1,318.0 Ravensworth Farm - 84.0 Daventry
Poplar Tree,Week2,Rutherford,Week2,295.0 Poplar Tree - 107.0 Rutherford
Poplar Tree,Week1,Virginia Hills,Week4,337.0 Poplar Tree - 64.0 Virginia Hills
Riverside Gardens,Week3,Herndon,Week1,358.0 Riverside Gardens - 44.0 Herndon
Ravensworth Farm,Week5,Annandale,Week1,313.0 Ravensworth Farm - 89.0 Annandale
Ravensworth Farm,Week1,Arlington Forest,Week2,227.5 Ravensworth Farm - 174.5 Arlington Forest
Ravensworth Farm,Week1,Old Keene Mill,Week5,268.0 Ravensworth Farm - 134.0 Old Keene Mill
Ravensworth Farm,Week1,Virginia Hills,Week2,356.0 Ravensworth Farm - 46.0 Virginia Hills
Poplar Tree,Week4,Village West,Week1,271.0 Poplar Tree - 131.0 Village West
Riverside Gardens,Week1,Dominion Hills,Week5,234.0 Riverside Gardens - 168.0 Dominion Hills
Ravensworth Farm,Week1,Arlington Forest,Week5,202.0 Arlington Forest - 200.0 Ravensworth Farm
Ravensworth Farm,Week3,Virginia Hills,Week1,353.0 Ravensworth Farm - 48.0 Virginia Hills
Ravensworth Farm,Week4,Fox Mill Woods,Week5,238.0 Fox Mill Woods - 164.0 Ravensworth Farm
Ravensworth Farm,Week4,Virginia Hills,Week2,362.0 Ravensworth Farm - 40.0 Virginia Hills
Poplar Tree,Week2,Virginia Hills,Week5,311.0 Poplar Tree - 90.0 Virginia Hills
Ravensworth Farm,Week2,Fox Mill Woods,Week5,259.0 Fox Mill Woods - 143.0 Ravensworth Farm
Riverside Gardens,Week1,Herndon,Week1,359.0 Riverside Gardens - 43.0 Herndon
Riverside Gardens,Week2,Hiddenbrook,Week5,246.0 Riverside Gardens - 156.0 Hiddenbrook
Riverside Gardens,Week1,Donaldson Run,Week2,234.0 Donaldson Run - 168.0 Riverside Gardens
Ravensworth Farm,Week2,Fox Mill Woods,Week4,260.5 Fox Mill Woods - 141.5 Ravensworth Farm
Riverside Gardens,Week5,Herndon,Week1,363.0 Riverside Gardens - 39.0 Herndon
Ravensworth Farm,Week5,Daventry,Week1,338.0 Ravensworth Farm - 64.0 Daventry
Ravensworth Farm,Week1,Old Keene Mill,Week3,272.0 Ravensworth Farm - 130.0 Old Keene Mill
Riverside Gardens,Week3,Dominion Hills,Week1,293.0 Riverside Gardens - 109.0 Dominion Hills
Ravensworth Farm,Week1,Virginia Run,Week2,217.0 Ravensworth Farm - 185.0 Virginia Run
Ravensworth Farm,Week4,Annandale,Week1,299.0 Ravensworth Farm - 98.0 Annandale
Ravensworth Farm,Week1,Virginia Hills,Week5,329.0 Ravensworth Farm - 73.0 Virginia Hills
Riverside Gardens,Week5,Herndon,Week2,355.0 Riverside Gardens - 47.0 Herndon
Ravensworth Farm,Week1,Great Falls,Week2,202.5 Ravensworth Farm - 181.5 Great Falls
Ravensworth Farm,Week4,Oakton ,Week1,236.0 Oakton - 166.0 Ravensworth Farm
Ravensworth Farm,Week2,Daventry,Week4,307.0 Ravensworth Farm - 94.0 Daventry
Poplar Tree,Week3,Village West,Week2,293.0 Poplar Tree - 109.0 Village West
Ravensworth Farm,Week1,Daventry,Week3,311.0 Ravensworth Farm - 91.0 Daventry
Poplar Tree,Week4,Village West,Week2,279.0 Poplar Tree - 123.0 Village West
Ravensworth Farm,Week5,Crosspointe,Week4,203.0 Crosspointe - 199.0 Ravensworth Farm
Riverside Gardens,Week2,Hiddenbrook,Week4,275.0 Riverside Gardens - 122.0 Hiddenbrook
Poplar Tree,Week5,Village West,Week1,312.5 Poplar Tree - 89.5 Village West
Ravensworth Farm,Week1,Virginia Run,Week5,214.5 Virginia Run - 187.5 Ravensworth Farm
Ravensworth Farm,Week3,Annandale,Week4,324.0 Ravensworth Farm - 78.0 Annandale
Riverside Gardens,Week1,Hiddenbrook,Week2,327.0 Riverside Gardens - 75.0 Hiddenbrook
Riverside Gardens,Week2,Donaldson Run,Week4,251.0 Donaldson Run - 151.0 Riverside Gardens
Ravensworth Farm,Week1,Great Falls,Week1,236.0 Ravensworth Farm - 165.0 Great Falls
Ravensworth Farm,Week1,Old Keene Mill,Week1,281.0 Ravensworth Farm - 121.0 Old Keene Mill
Ravensworth Farm,Week2,Great Falls,Week3,207.5 Great Falls - 194.5 Ravensworth Farm
Riverside Gardens,Week1,Donaldson Run,Week5,266.5 Donaldson Run - 135.5 Riverside Gardens
Ravensworth Farm,Week3,Annandale,Week5,301.0 Ravensworth Farm - 101.0 Annandale
Ravensworth Farm,Week1,Virginia Hills,Week1,351.0 Ravensworth Farm - 51.0 Virginia Hills
Ravensworth Farm,Week3,Great Falls,Week2,210.0 Ravensworth Farm - 174.0 Great Falls
Ravensworth Farm,Week2,Virginia Hills,Week1,337.0 Ravensworth Farm - 64.0 Virginia Hills
Riverside Gardens,Week5,Herndon,Week4,362.0 Riverside Gardens - 40.0 Herndon
Ravensworth Farm,Week4,Annandale,Week2,285.0 Ravensworth Farm - 117.0 Annandale
Ravensworth Farm,Week1,Dominion Hills,Week4,205.0 Dominion Hills - 197.0 Ravensworth Farm
Riverside Gardens,Week3,Herndon,Week5,358.0 Riverside Gardens - 44.0 Herndon
Ravensworth Farm,Week4,Daventry,Week2,329.0 Ravensworth Farm - 73.0 Daventry
Ravensworth Farm,Week3,Great Falls,Week5,201.0 Great Falls - 201.0 Ravensworth Farm
Riverside Gardens,Week3,Herndon,Week2,353.0 Riverside Gardens - 49.0 Herndon
Ravensworth Farm,Week3,Great Falls,Week4,230.0 Ravensworth Farm - 172.0 Great Falls
Ravensworth Farm,Week2,Old Keene Mill,Week5,225.0 Ravensworth Farm - 176.0 Old Keene Mill
Ravensworth Farm,Week2,Old Keene Mill,Week3,255.0 Ravensworth Farm - 147.0 Old Keene Mill
Poplar Tree,Week2,Virginia Hills,Week4,325.0 Poplar Tree - 77.0 Virginia Hills
Ravensworth Farm,Week5,Village West,Week3,279.0 Ravensworth Farm - 123.0 Village West
Ravensworth Farm,Week4,Virginia Hills,Week3,362.0 Ravensworth Farm - 40.0 Virginia Hills
Riverside Gardens,Week2,Dominion Hills,Week1,272.0 Riverside Gardens - 130.0 Dominion Hills
Ravensworth Farm,Week5,Oakton ,Week5,251.0 Oakton - 151.0 Ravensworth Farm
Riverside Gardens,Week1,Herndon,Week3,360.0 Riverside Gardens - 42.0 Herndon
Ravensworth Farm,Week4,Daventry,Week3,319.0 Ravensworth Farm - 83.0 Daventry
Poplar Tree,Week1,Virginia Hills,Week3,332.0 Poplar Tree - 70.0 Virginia Hills
Ravensworth Farm,Week4,Annandale,Week5,285.0 Ravensworth Farm - 117.0 Annandale
Ravensworth Farm,Week4,Virginia Hills,Week1,359.0 Ravensworth Farm - 43.0 Virginia Hills
Ravensworth Farm,Week1,Arlington Forest,Week3,250.0 Ravensworth Farm - 152.0 Arlington Forest
Poplar Tree,Week4,Village West,Week5,279.0 Poplar Tree - 123.0 Village West
Riverside Gardens,Week3,Donaldson Run,Week2,221.0 Donaldson Run - 181.0 Riverside Gardens
Ravensworth Farm,Week1,Dominion Hills,Week2,225.0 Ravensworth Farm - 177.0 Dominion Hills
Ravensworth Farm,Week1,Dominion Hills,Week5,221.5 Dominion Hills - 180.5 Ravensworth Farm
Poplar Tree,Week1,Virginia Hills,Week5,325.0 Poplar Tree - 75.0 Virginia Hills
Ravensworth Farm,Week5,Annandale,Week2,314.0 Ravensworth Farm - 88.0 Annandale
Riverside Gardens,Week5,Herndon,Week3,362.0 Riverside Gardens - 40.0 Herndon
Ravensworth Farm,Week4,Annandale,Week4,302.0 Ravensworth Farm - 100.0 Annandale
Ravensworth Farm,Week3,Great Falls,Week1,243.0 Ravensworth Farm - 159.0 Great Falls
Ravensworth Farm,Week2,Old Keene Mill,Week1,259.0 Ravensworth Farm - 143.0 Old Keene Mill
Ravensworth Farm,Week3,Oakton ,Week2,254.0 Oakton - 148.0 Ravensworth Farm
Ravensworth Farm,Week5,Virginia Hills,Week1,361.5 Ravensworth Farm - 40.5 Virginia Hills
Riverside Gardens,Week1,Donaldson Run,Week3,240.0 Donaldson Run - 162.0 Riverside Gardens
Riverside Gardens,Week3,Donaldson Run,Week4,225.0 Donaldson Run - 177.0 Riverside Gardens
Ravensworth Farm,Week3,Great Falls,Week3,215.0 Ravensworth Farm - 187.0 Great Falls
Poplar Tree,Week2,Virginia Hills,Week1,322.0 Poplar Tree - 80.0 Virginia Hills
Ravensworth Farm,Week3,Old Keene Mill,Week1,286.0 Ravensworth Farm - 116.0 Old Keene Mill
Riverside Gardens,Week4,Herndon,Week3,361.0 Riverside Gardens - 41.0 Herndon
Ravensworth Farm,Week3,Annandale,Week2,309.0 Ravensworth Farm - 93.0 Annandale
Riverside Gardens,Week4,Dominion Hills,Week1,306.0 Riverside Gardens - 96.0 Dominion Hills
Ravensworth Farm,Week3,Greenbriar,Week3,213.0 Ravensworth Farm - 189.0 Greenbriar
Ravensworth Farm,Week2,Dominion Hills,Week3,207.0 Ravensworth Farm - 195.0 Dominion Hills
Ravensworth Farm,Week1,Arlington Forest,Week4,210.0 Ravensworth Farm - 192.0 Arlington Forest
Poplar Tree,Week3,Virginia Hills,Week1,343.0 Poplar Tree - 58.0 Virginia Hills
Riverside Gardens,Week2,Herndon,Week5,345.0 Riverside Gardens - 57.0 Herndon
Ravensworth Farm,Week1,Orange Hunt,Week2,203.0 Ravensworth Farm - 199.0 Orange Hunt
Ravensworth Farm,Week2,Dominion Hills,Week1,211.0 Ravensworth Farm - 191.0 Dominion Hills
Ravensworth Farm,Week5,Virginia Hills,Week2,364.0 Ravensworth Farm - 38.0 Virginia Hills
Ravensworth Farm,Week5,Village West,Week4,301.0 Ravensworth Farm - 96.0 Village West
Riverside Gardens,Week1,Hiddenbrook,Week5,268.0 Riverside Gardens - 134.0 Hiddenbrook
Riverside Gardens,Week1,Herndon,Week5,367.0 Riverside Gardens - 35.0 Herndon
Ravensworth Farm,Week4,Great Falls,Week3,210.0 Ravensworth Farm - 192.0 Great Falls
Ravensworth Farm,Week1,Dominion Hills,Week1,242.0 Ravensworth Farm - 160.0 Dominion Hills
Poplar Tree,Week2,Virginia Hills,Week2,330.0 Poplar Tree - 72.0 Virginia Hills
Ravensworth Farm,Week1,Virginia Hills,Week3,351.0 Ravensworth Farm - 51.0 Virginia Hills
Ravensworth Farm,Week3,Old Keene Mill,Week2,276.0 Ravensworth Farm - 126.0 Old Keene Mill
Poplar Tree,Week2,Virginia Hills,Week3,311.0 Poplar Tree - 91.0 Virginia Hills
Riverside Gardens,Week5,Dominion Hills,Week2,276.0 Riverside Gardens - 126.0 Dominion Hills
Poplar Tree,Week3,Virginia Hills,Week4,347.0 Poplar Tree - 54.0 Virginia Hills
Ravensworth Farm,Week2,Dominion Hills,Week5,229.5 Dominion Hills - 172.5 Ravensworth Farm
Riverside Gardens,Week4,Dominion Hills,Week3,291.0 Riverside Gardens - 111.0 Dominion Hills
Ravensworth Farm,Week2,Orange Hunt,Week1,206.0 Orange Hunt - 196.0 Ravensworth Farm
Ravensworth Farm,Week2,Greenbriar,Week2,239.0 Greenbriar - 162.0 Ravensworth Farm
Ravensworth Farm,Week5,Annandale,Week3,310.0 Ravensworth Farm - 92.0 Annandale
Ravensworth Farm,Week4,Great Falls,Week1,247.0 Ravensworth Farm - 155.0 Great Falls
Ravensworth Farm,Week3,Orange Hunt,Week4,212.0 Ravensworth Farm - 190.0 Orange Hunt
Riverside Gardens,Week5,Dominion Hills,Week1,300.5 Riverside Gardens - 101.5 Dominion Hills
Ravensworth Farm,Week4,Annandale,Week3,281.0 Ravensworth Farm - 121.0 Annandale
Riverside Gardens,Week5,Dominion Hills,Week5,258.0 Riverside Gardens - 144.0 Dominion Hills
Ravensworth Farm,Week2,Arlington Forest,Week2,203.0 Arlington Forest - 199.0 Ravensworth Farm
Ravensworth Farm,Week2,Virginia Hills,Week3,339.0 Ravensworth Farm - 63.0 Virginia Hills
Ravensworth Farm,Week1,Greenbriar,Week5,206.5 Greenbriar - 195.5 Ravensworth Farm
Ravensworth Farm,Week5,Great Falls,Week4,252.0 Ravensworth Farm - 150.0 Great Falls
Ravensworth Farm,Week2,Virginia Hills,Week4,345.0 Ravensworth Farm - 57.0 Virginia Hills
Ravensworth Farm,Week4,Great Falls,Week4,222.0 Ravensworth Farm - 179.0 Great Falls
Ravensworth Farm,Week5,Village West,Week5,307.0 Ravensworth Farm - 95.0 Village West
Ravensworth Farm,Week3,Annandale,Week3,295.0 Ravensworth Farm - 107.0 Annandale
Ravensworth Farm,Week2,Donaldson Run,Week2,278.0 Donaldson Run - 124.0 Ravensworth Farm
Poplar Tree,Week4,Virginia Hills,Week1,331.0 Poplar Tree - 69.0 Virginia Hills
Riverside Gardens,Week2,Herndon,Week3,344.0 Riverside Gardens - 58.0 Herndon
Riverside Gardens,Week2,Dominion Hills,Week3,253.0 Riverside Gardens - 149.0 Dominion Hills
Riverside Gardens,Week1,Donaldson Run,Week1,246.0 Donaldson Run - 156.0 Riverside Gardens
Ravensworth Farm,Week3,Old Keene Mill,Week3,271.0 Ravensworth Farm - 131.0 Old Keene Mill
Ravensworth Farm,Week2,Orange Hunt,Week3,220.0 Orange Hunt - 182.0 Ravensworth Farm
Riverside Gardens,Week1,Herndon,Week2,356.0 Riverside Gardens - 46.0 Herndon
Poplar Tree,Week1,Virginia Run,Week4,215.0 Poplar Tree - 187.0 Virginia Run
Poplar Tree,Week2,Virginia Run,Week5,220.0 Virginia Run - 182.0 Poplar Tree
Ravensworth Farm,Week3,Annandale,Week1,319.0 Ravensworth Farm - 83.0 Annandale
Riverside Gardens,Week3,Herndon,Week4,358.0 Riverside Gardens - 44.0 Herndon
Ravensworth Farm,Week2,Donaldson Run,Week3,274.5 Donaldson Run - 127.5 Ravensworth Farm
Ravensworth Farm,Week3,Virginia Hills,Week2,357.0 Ravensworth Farm - 44.0 Virginia Hills
Riverside Gardens,Week4,Herndon,Week4,359.0 Riverside Gardens - 43.0 Herndon
Riverside Gardens,Week3,Dominion Hills,Week2,274.0 Riverside Gardens - 128.0 Dominion Hills
Ravensworth Farm,Week2,Arlington Forest,Week3,232.0 Ravensworth Farm - 170.0 Arlington Forest
Ravensworth Farm,Week5,Old Keene Mill,Week4,297.0 Ravensworth Farm - 105.0 Old Keene Mill
Ravensworth Farm,Week5,Dominion Hills,Week1,260.0 Ravensworth Farm - 142.0 Dominion Hills
Ravensworth Farm,Week2,Donaldson Run,Week4,276.0 Donaldson Run - 126.0 Ravensworth Farm
Ravensworth Farm,Week2,Orange Hunt,Week5,236.0 Orange Hunt - 165.0 Ravensworth Farm
Riverside Gardens,Week2,Hiddenbrook,Week1,269.0 Riverside Gardens - 133.0 Hiddenbrook
Ravensworth Farm,Week5,Greenbriar,Week1,225.0 Ravensworth Farm - 177.0 Greenbriar
Ravensworth Farm,Week5,Old Keene Mill,Week1,292.0 Ravensworth Farm - 110.0 Old Keene Mill
Ravensworth Farm,Week5,Village West,Week2,302.0 Ravensworth Farm - 100.0 Village West
Ravensworth Farm,Week2,Brandywine,Week1,211.0 Ravensworth Farm - 191.0 Brandywine
Ravensworth Farm,Week3,Arlington Forest,Week2,239.0 Ravensworth Farm - 163.0 Arlington Forest
Ravensworth Farm,Week4,Virginia Hills,Week4,357.0 Ravensworth Farm - 45.0 Virginia Hills
Riverside Gardens,Week5,Dominion Hills,Week4,261.0 Riverside Gardens - 141.0 Dominion Hills
Ravensworth Farm,Week3,Arlington Forest,Week3,261.0 Ravensworth Farm - 140.0 Arlington Forest
Ravensworth Farm,Week1,Donaldson Run,Week1,249.0 Donaldson Run - 153.0 Ravensworth Farm
Riverside Gardens,Week4,Dominion Hills,Week5,251.0 Riverside Gardens - 151.0 Dominion Hills
Ravensworth Farm,Week5,Greenbriar,Week5,230.0 Ravensworth Farm - 172.0 Greenbriar
Ravensworth Farm,Week5,Great Falls,Week1,267.0 Ravensworth Farm - 135.0 Great Falls
Riverside Gardens,Week2,Dominion Hills,Week4,212.0 Riverside Gardens - 190.0 Dominion Hills
Riverside Gardens,Week3,Dominion Hills,Week3,279.0 Riverside Gardens - 123.0 Dominion Hills
Riverside Gardens,Week1,Hiddenbrook,Week1,294.0 Riverside Gardens - 108.0 Hiddenbrook
Riverside Gardens,Week4,Herndon,Week5,370.0 Riverside Gardens - 32.0 Herndon
Ravensworth Farm,Week5,Dominion Hills,Week5,209.0 Ravensworth Farm - 193.0 Dominion Hills
Ravensworth Farm,Week2,Virginia Hills,Week5,311.0 Ravensworth Farm - 91.0 Virginia Hills
Poplar Tree,Week1,Virginia Run,Week3,222.0 Poplar Tree - 180.0 Virginia Run
Ravensworth Farm,Week4,Great Falls,Week5,217.0 Ravensworth Farm - 185.0 Great Falls
Riverside Gardens,Week2,Dominion Hills,Week5,202.0 Riverside Gardens - 200.0 Dominion Hills
Ravensworth Farm,Week5,Dominion Hills,Week2,244.0 Ravensworth Farm - 158.0 Dominion Hills
Ravensworth Farm,Week4,Dominion Hills,Week5,207.0 Dominion Hills - 195.0 Ravensworth Farm
Poplar Tree,Week5,Virginia Hills,Week5,335.0 Poplar Tree - 67.0 Virginia Hills
Ravensworth Farm,Week4,Dominion Hills,Week3,229.0 Ravensworth Farm - 173.0 Dominion Hills
Ravensworth Farm,Week2,Arlington Forest,Week4,220.0 Arlington Forest - 182.0 Ravensworth Farm
Ravensworth Farm,Week2,Orange Hunt,Week4,221.0 Orange Hunt - 181.0 Ravensworth Farm
Riverside Gardens,Week1,Hiddenbrook,Week3,280.0 Riverside Gardens - 122.0 Hiddenbrook
Riverside Gardens,Week2,Hiddenbrook,Week2,315.5 Riverside Gardens - 86.5 Hiddenbrook
Ravensworth Farm,Week3,Virginia Hills,Week3,354.0 Ravensworth Farm - 48.0 Virginia Hills
Ravensworth Farm,Week3,Virginia Hills,Week4,355.0 Ravensworth Farm - 46.0 Virginia Hills
Riverside Gardens,Week4,Dominion Hills,Week4,251.0 Riverside Gardens - 151.0 Dominion Hills
Ravensworth Farm,Week2,Arlington Forest,Week5,220.0 Arlington Forest - 182.0 Ravensworth Farm
Poplar Tree,Week1,Virginia Run,Week5,202.0 Poplar Tree - 200.0 Virginia Run
Poplar Tree,Week5,Virginia Hills,Week1,359.0 Poplar Tree - 42.0 Virginia Hills
Ravensworth Farm,Week1,Hamlet,Week3,274.0 Hamlet - 128.0 Ravensworth Farm
Ravensworth Farm,Week3,Orange Hunt,Week1,220.0 Ravensworth Farm - 182.0 Orange Hunt
Ravensworth Farm,Week1,Greenbriar,Week3,208.0 Greenbriar - 194.0 Ravensworth Farm
Ravensworth Farm,Week4,Old Keene Mill,Week1,279.0 Ravensworth Farm - 123.0 Old Keene Mill
Poplar Tree,Week4,Virginia Hills,Week4,324.0 Poplar Tree - 76.0 Virginia Hills
Poplar Tree,Week2,Virginia Run,Week2,226.0 Poplar Tree - 176.0 Virginia Run
Poplar Tree,Week3,Virginia Run,Week2,226.0 Poplar Tree - 176.0 Virginia Run
Riverside Gardens,Week3,Dominion Hills,Week4,248.0 Riverside Gardens - 154.0 Dominion Hills
Ravensworth Farm,Week5,Old Keene Mill,Week2,273.0 Ravensworth Farm - 129.0 Old Keene Mill
Ravensworth Farm,Week1,Donaldson Run,Week2,266.0 Donaldson Run - 136.0 Ravensworth Farm
Ravensworth Farm,Week1,Virginia Hills,Week4,360.0 Ravensworth Farm - 42.0 Virginia Hills
Ravensworth Farm,Week2,Greenbriar,Week3,225.0 Greenbriar - 177.0 Ravensworth Farm
Ravensworth Farm,Week4,Arlington Forest,Week2,229.5 Ravensworth Farm - 172.5 Arlington Forest
Ravensworth Farm,Week1,Donaldson Run,Week5,286.0 Donaldson Run - 116.0 Ravensworth Farm
Riverside Gardens,Week2,Hiddenbrook,Week3,266.0 Riverside Gardens - 136.0 Hiddenbrook
Ravensworth Farm,Week3,Virginia Hills,Week5,344.0 Ravensworth Farm - 58.0 Virginia Hills
Ravensworth Farm,Week3,Old Keene Mill,Week5,250.0 Ravensworth Farm - 152.0 Old Keene Mill
Ravensworth Farm,Week3,Brandywine,Week5,203.0 Brandywine - 199.0 Ravensworth Farm
Poplar Tree,Week2,Virginia Run,Week4,203.5 Poplar Tree - 198.5 Virginia Run
Riverside Gardens,Week3,Dominion Hills,Week5,238.0 Riverside Gardens - 164.0 Dominion Hills
Ravensworth Farm,Week1,Brandywine,Week4,204.0 Brandywine - 198.0 Ravensworth Farm
Riverside Gardens,Week5,Herndon,Week5,368.0 Riverside Gardens - 34.0 Herndon
Ravensworth Farm,Week5,Virginia Hills,Week4,373.0 Ravensworth Farm - 29.0 Virginia Hills
Poplar Tree,Week3,Virginia Run,Week4,209.0 Poplar Tree - 193.0 Virginia Run
Riverside Gardens,Week2,Dominion Hills,Week2,251.0 Riverside Gardens - 151.0 Dominion Hills
Riverside Gardens,Week5,Dominion Hills,Week3,290.5 Riverside Gardens - 111.5 Dominion Hills
Poplar Tree,Week4,Virginia Hills,Week5,302.0 Poplar Tree - 99.0 Virginia Hills
Riverside Gardens,Week1,Hiddenbrook,Week4,286.0 Riverside Gardens - 116.0 Hiddenbrook
Ravensworth Farm,Week5,Great Falls,Week3,227.0 Ravensworth Farm - 175.0 Great Falls
Ravensworth Farm,Week2,Greenbriar,Week1,226.0 Greenbriar - 176.0 Ravensworth Farm
Ravensworth Farm,Week5,Old Keene Mill,Week3,270.0 Ravensworth Farm - 132.0 Old Keene Mill
Ravensworth Farm,Week5,Virginia Hills,Week3,361.0 Ravensworth Farm - 41.0 Virginia Hills
Ravensworth Farm,Week4,Brandywine,Week2,241.0 Ravensworth Farm - 161.0 Brandywine
Ravensworth Farm,Week3,Dominion Hills,Week2,237.0 Ravensworth Farm - 165.0 Dominion Hills
Ravensworth Farm,Week4,Greenbriar,Week1,214.0 Ravensworth Farm - 188.0 Greenbriar
Ravensworth Farm,Week5,Old Keene Mill,Week5,248.0 Ravensworth Farm - 154.0 Old Keene Mill
Riverside Gardens,Week4,Herndon,Week2,356.0 Riverside Gardens - 46.0 Herndon
Ravensworth Farm,Week2,Donaldson Run,Week5,301.0 Donaldson Run - 101.0 Ravensworth Farm
Ravensworth Farm,Week4,Great Falls,Week2,218.0 Ravensworth Farm - 166.0 Great Falls
Poplar Tree,Week2,Virginia Run,Week3,223.0 Poplar Tree - 179.0 Virginia Run
Ravensworth Farm,Week4,Greenbriar,Week3,205.0 Ravensworth Farm - 197.0 Greenbriar
Poplar Tree,Week1,Virginia Run,Week1,212.0 Poplar Tree - 190.0 Virginia Run
Riverside Gardens,Week3,High Point Pool,Week3,231.0 Riverside Gardens - 171.0 High Point Pool
Ravensworth Farm,Week3,Arlington Forest,Week5,202.0 Ravensworth Farm - 200.0 Arlington Forest
Poplar Tree,Week5,Virginia Hills,Week4,355.0 Poplar Tree - 46.0 Virginia Hills
Ravensworth Farm,Week3,Greenbriar,Week4,240.0 Ravensworth Farm - 162.0 Greenbriar
Ravensworth Farm,Week5,Virginia Hills,Week5,360.0 Ravensworth Farm - 42.0 Virginia Hills
Riverside Gardens,Week1,Donaldson Run,Week4,239.0 Donaldson Run - 163.0 Riverside Gardens
Riverside Gardens,Week3,Hiddenbrook,Week1,298.0 Riverside Gardens - 104.0 Hiddenbrook
Ravensworth Farm,Week4,Old Keene Mill,Week2,274.0 Ravensworth Farm - 128.0 Old Keene Mill
Ravensworth Farm,Week3,Brandywine,Week3,216.0 Ravensworth Farm - 186.0 Brandywine
Riverside Gardens,Week2,Donaldson Run,Week2,254.0 Donaldson Run - 148.0 Riverside Gardens
Ravensworth Farm,Week1,Donaldson Run,Week4,264.0 Donaldson Run - 138.0 Ravensworth Farm
Riverside Gardens,Week2,Donaldson Run,Week1,251.0 Donaldson Run - 151.0 Riverside Gardens
Riverside Gardens,Week2,High Point Pool,Week2,211.0 Riverside Gardens - 191.0 High Point Pool
Ravensworth Farm,Week1,Virginia Run,Week1,206.0 Virginia Run - 196.0 Ravensworth Farm
Ravensworth Farm,Week3,Donaldson Run,Week1,255.0 Donaldson Run - 147.0 Ravensworth Farm
Ravensworth Farm,Week4,Old Keene Mill,Week5,253.0 Ravensworth Farm - 149.0 Old Keene Mill
Ravensworth Farm,Week4,Dominion Hills,Week4,205.5 Dominion Hills - 196.5 Ravensworth Farm
Ravensworth Farm,Week5,Brandywine,Week1,264.0 Ravensworth Farm - 138.0 Brandywine
Ravensworth Farm,Week3,Old Keene Mill,Week4,283.0 Ravensworth Farm - 119.0 Old Keene Mill
Ravensworth Farm,Week1,Virginia Run,Week3,207.0 Ravensworth Farm - 195.0 Virginia Run
Ravensworth Farm,Week4,Arlington Forest,Week3,256.0 Ravensworth Farm - 146.0 Arlington Forest
Ravensworth Farm,Week5,Arlington Forest,Week5,212.0 Ravensworth Farm - 190.0 Arlington Forest
Poplar Tree,Week4,Virginia Run,Week1,207.0 Virginia Run - 195.0 Poplar Tree
Riverside Gardens,Week4,Hiddenbrook,Week4,298.0 Riverside Gardens - 104.0 Hiddenbrook
Ravensworth Farm,Week1,Brandywine,Week3,208.0 Brandywine - 194.0 Ravensworth Farm
Ravensworth Farm,Week1,Wakefield Chapel,Week5,287.0 Wakefield Chapel - 115.0 Ravensworth Farm
Ravensworth Farm,Week1,Orange Hunt,Week4,204.5 Orange Hunt - 197.5 Ravensworth Farm
Ravensworth Farm,Week2,Orange Hunt,Week2,210.0 Orange Hunt - 192.0 Ravensworth Farm
Ravensworth Farm,Week4,Old Keene Mill,Week3,270.0 Ravensworth Farm - 132.0 Old Keene Mill
Ravensworth Farm,Week1,Virginia Run,Week4,207.0 Ravensworth Farm - 195.0 Virginia Run
Ravensworth Farm,Week3,Greenbriar,Week2,207.0 Ravensworth Farm - 195.0 Greenbriar
Riverside Gardens,Week3,High Point Pool,Week5,226.0 Riverside Gardens - 176.0 High Point Pool
Ravensworth Farm,Week5,Greenbriar,Week2,206.0 Ravensworth Farm - 196.0 Greenbriar
Ravensworth Farm,Week4,Old Keene Mill,Week4,288.0 Ravensworth Farm - 114.0 Old Keene Mill
Ravensworth Farm,Week4,Dominion Hills,Week1,237.0 Ravensworth Farm - 165.0 Dominion Hills
Ravensworth Farm,Week1,Greenbriar,Week4,214.0 Ravensworth Farm - 188.0 Greenbriar
Ravensworth Farm,Week4,Virginia Run,Week3,229.0 Ravensworth Farm - 173.0 Virginia Run
Ravensworth Farm,Week3,Orange Hunt,Week2,211.0 Ravensworth Farm - 191.0 Orange Hunt
Ravensworth Farm,Week2,Wakefield Chapel,Week1,300.0 Wakefield Chapel - 102.0 Ravensworth Farm
Ravensworth Farm,Week2,Brandywine,Week2,208.0 Ravensworth Farm - 194.0 Brandywine
Ravensworth Farm,Week5,Great Falls,Week5,232.0 Ravensworth Farm - 170.0 Great Falls
Ravensworth Farm,Week1,Donaldson Run,Week3,270.0 Donaldson Run - 132.0 Ravensworth Farm
Ravensworth Farm,Week3,Donaldson Run,Week2,262.0 Donaldson Run - 140.0 Ravensworth Farm
Riverside Gardens,Week5,Hiddenbrook,Week1,304.0 Riverside Gardens - 98.0 Hiddenbrook
Riverside Gardens,Week2,Donaldson Run,Week5,280.0 Donaldson Run - 122.0 Riverside Gardens
Riverside Gardens,Week3,Donaldson Run,Week3,232.0 Donaldson Run - 170.0 Riverside Gardens
Riverside Gardens,Week5,Hiddenbrook,Week4,299.0 Riverside Gardens - 103.0 Hiddenbrook
Ravensworth Farm,Week4,Virginia Run,Week4,232.5 Ravensworth Farm - 169.5 Virginia Run
Poplar Tree,Week5,Virginia Hills,Week3,348.0 Poplar Tree - 54.0 Virginia Hills
Poplar Tree,Week3,Virginia Run,Week5,212.0 Virginia Run - 190.0 Poplar Tree
Riverside Gardens,Week3,Donaldson Run,Week1,220.0 Donaldson Run - 182.0 Riverside Gardens
Ravensworth Farm,Week5,Arlington Forest,Week1,238.0 Ravensworth Farm - 164.0 Arlington Forest
Riverside Gardens,Week2,Donaldson Run,Week3,247.0 Donaldson Run - 155.0 Riverside Gardens
Ravensworth Farm,Week2,Donaldson Run,Week1,275.0 Donaldson Run - 127.0 Ravensworth Farm
Poplar Tree,Week4,Virginia Run,Week4,202.0 Virginia Run - 200.0 Poplar Tree
Riverside Gardens,Week4,Dowden Terrace,Week3,294.0 Riverside Gardens - 108.0 Dowden Terrace
Ravensworth Farm,Week2,Wakefield Chapel,Week5,309.0 Wakefield Chapel - 93.0 Ravensworth Farm
Ravensworth Farm,Week4,Dominion Hills,Week2,237.0 Ravensworth Farm - 165.0 Dominion Hills
Ravensworth Farm,Week3,Dominion Hills,Week5,202.0 Ravensworth Farm - 200.0 Dominion Hills
Ravensworth Farm,Week2,Greenbriar,Week5,235.0 Greenbriar - 167.0 Ravensworth Farm
Ravensworth Farm,Week2,Wakefield Chapel,Week4,286.0 Wakefield Chapel - 116.0 Ravensworth Farm
Poplar Tree,Week3,Virginia Run,Week1,210.0 Poplar Tree - 192.0 Virginia Run
Ravensworth Farm,Week5,Great Falls,Week2,233.0 Ravensworth Farm - 151.0 Great Falls
Ravensworth Farm,Week4,Virginia Run,Week5,211.0 Virginia Run - 191.0 Ravensworth Farm
Riverside Gardens,Week1,High Point Pool,Week1,228.0 Riverside Gardens - 174.0 High Point Pool
Ravensworth Farm,Week1,Orange Hunt,Week3,207.0 Orange Hunt - 195.0 Ravensworth Farm
Ravensworth Farm,Week4,Brandywine,Week3,225.0 Ravensworth Farm - 177.0 Brandywine
Ravensworth Farm,Week3,Dominion Hills,Week3,243.0 Ravensworth Farm - 159.0 Dominion Hills
Poplar Tree,Week5,Virginia Hills,Week2,367.0 Poplar Tree - 34.0 Virginia Hills
Ravensworth Farm,Week3,Dominion Hills,Week4,203.0 Ravensworth Farm - 199.0 Dominion Hills
Riverside Gardens,Week5,Hiddenbrook,Week5,293.0 Riverside Gardens - 109.0 Hiddenbrook
Riverside Gardens,Week3,Hiddenbrook,Week2,335.0 Riverside Gardens - 67.0 Hiddenbrook
Poplar Tree,Week5,Virginia Run,Week3,235.0 Poplar Tree - 167.0 Virginia Run
Riverside Gardens,Week4,Dowden Terrace,Week1,287.0 Riverside Gardens - 115.0 Dowden Terrace
Ravensworth Farm,Week2,Greenbriar,Week4,218.0 Greenbriar - 184.0 Ravensworth Farm
Ravensworth Farm,Week1,Overlee,Week4,349.0 Overlee - 53.0 Ravensworth Farm
Ravensworth Farm,Week5,Virginia Run,Week4,233.0 Ravensworth Farm - 169.0 Virginia Run
Ravensworth Farm,Week1,Orange Hunt,Week1,211.0 Ravensworth Farm - 191.0 Orange Hunt
Riverside Gardens,Week1,High Point Pool,Week4,206.5 Riverside Gardens - 195.5 High Point Pool
Ravensworth Farm,Week2,Brandywine,Week3,207.0 Brandywine - 195.0 Ravensworth Farm
Ravensworth Farm,Week1,Brandywine,Week1,228.0 Ravensworth Farm - 174.0 Brandywine
Ravensworth Farm,Week1,Greenbriar,Week1,204.0 Greenbriar - 198.0 Ravensworth Farm
Poplar Tree,Week5,Virginia Run,Week1,233.0 Poplar Tree - 169.0 Virginia Run
Riverside Gardens,Week1,Dowden Terrace,Week3,265.0 Riverside Gardens - 137.0 Dowden Terrace
Ravensworth Farm,Week4,Brandywine,Week4,210.0 Ravensworth Farm - 192.0 Brandywine
Riverside Gardens,Week2,Dowden Terrace,Week1,266.0 Riverside Gardens - 136.0 Dowden Terrace
Ravensworth Farm,Week1,Greenbriar,Week2,224.0 Greenbriar - 178.0 Ravensworth Farm
Riverside Gardens,Week4,Hiddenbrook,Week2,331.0 Riverside Gardens - 71.0 Hiddenbrook
Ravensworth Farm,Week1,Orange Hunt,Week5,228.0 Orange Hunt - 174.0 Ravensworth Farm
Riverside Gardens,Week4,Donaldson Run,Week4,229.0 Donaldson Run - 173.0 Riverside Gardens
Ravensworth Farm,Week5,Dominion Hills,Week3,245.5 Ravensworth Farm - 156.5 Dominion Hills
Poplar Tree,Week5,Virginia Run,Week4,240.0 Poplar Tree - 162.0 Virginia Run
Ravensworth Farm,Week1,Wakefield Chapel,Week3,279.0 Wakefield Chapel - 123.0 Ravensworth Farm
Ravensworth Farm,Week1,Brandywine,Week5,222.0 Brandywine - 180.0 Ravensworth Farm
Ravensworth Farm,Week3,Orange Hunt,Week3,205.0 Orange Hunt - 197.0 Ravensworth Farm
Riverside Gardens,Week2,High Point Pool,Week4,202.0 High Point Pool - 200.0 Riverside Gardens
Ravensworth Farm,Week3,Greenbriar,Week1,215.0 Ravensworth Farm - 187.0 Greenbriar
Riverside Gardens,Week5,Donaldson Run,Week4,202.0 Donaldson Run - 200.0 Riverside Gardens
Ravensworth Farm,Week4,Donaldson Run,Week1,257.0 Donaldson Run - 145.0 Ravensworth Farm
Ravensworth Farm,Week3,Overlee,Week4,351.0 Overlee - 51.0 Ravensworth Farm
Ravensworth Farm,Week3,Greenbriar,Week5,216.0 Ravensworth Farm - 186.0 Greenbriar
Ravensworth Farm,Week5,Dominion Hills,Week4,225.0 Ravensworth Farm - 177.0 Dominion Hills
Riverside Gardens,Week3,High Point Pool,Week2,228.0 Riverside Gardens - 174.0 High Point Pool
Ravensworth Farm,Week2,Virginia Run,Week2,211.0 Virginia Run - 191.0 Ravensworth Farm
Ravensworth Farm,Week4,Donaldson Run,Week4,263.0 Donaldson Run - 139.0 Ravensworth Farm
Ravensworth Farm,Week2,Wakefield Chapel,Week2,290.0 Wakefield Chapel - 112.0 Ravensworth Farm
Poplar Tree,Week2,Virginia Run,Week1,204.0 Virginia Run - 198.0 Poplar Tree
Ravensworth Farm,Week1,Brandywine,Week2,220.5 Ravensworth Farm - 181.5 Brandywine
Ravensworth Farm,Week4,Greenbriar,Week4,229.0 Ravensworth Farm - 173.0 Greenbriar
Riverside Gardens,Week4,Hiddenbrook,Week3,296.0 Riverside Gardens - 106.0 Hiddenbrook
Riverside Gardens,Week4,Dowden Terrace,Week4,258.0 Riverside Gardens - 144.0 Dowden Terrace
Ravensworth Farm,Week4,Arlington Forest,Week1,214.0 Ravensworth Farm - 188.0 Arlington Forest
Riverside Gardens,Week1,High Point Pool,Week3,217.0 Riverside Gardens - 185.0 High Point Pool
Riverside Gardens,Week4,Donaldson Run,Week5,252.0 Donaldson Run - 150.0 Riverside Gardens
Ravensworth Farm,Week2,Overlee,Week3,325.0 Overlee - 77.0 Ravensworth Farm
Poplar Tree,Week1,Virginia Run,Week2,232.5 Poplar Tree - 169.5 Virginia Run
Ravensworth Farm,Week2,Brandywine,Week5,239.0 Brandywine - 163.0 Ravensworth Farm
Ravensworth Farm,Week3,Virginia Run,Week3,221.5 Ravensworth Farm - 180.5 Virginia Run
Ravensworth Farm,Week2,Overlee,Week1,325.0 Overlee - 77.0 Ravensworth Farm
Poplar Tree,Week3,Virginia Run,Week3,212.0 Poplar Tree - 190.0 Virginia Run
Poplar Tree,Week5,Virginia Run,Week2,241.0 Poplar Tree - 161.0 Virginia Run
Ravensworth Farm,Week1,Dowden Terrace,Week4,211.0 Ravensworth Farm - 191.0 Dowden Terrace
Ravensworth Farm,Week4,Donaldson Run,Week5,288.0 Donaldson Run - 114.0 Ravensworth Farm
Poplar Tree,Week4,Virginia Run,Week2,216.0 Poplar Tree - 186.0 Virginia Run
Ravensworth Farm,Week5,Virginia Run,Week1,215.5 Ravensworth Farm - 186.5 Virginia Run
Riverside Gardens,Week2,High Point Pool,Week5,207.0 Riverside Gardens - 195.0 High Point Pool
Poplar Tree,Week4,Virginia Run,Week5,219.0 Virginia Run - 183.0 Poplar Tree
Riverside Gardens,Week5,Donaldson Run,Week1,205.0 Riverside Gardens - 197.0 Donaldson Run
Riverside Gardens,Week3,High Point Pool,Week1,228.0 Riverside Gardens - 174.0 High Point Pool
Ravensworth Farm,Week5,Greenbriar,Week4,255.5 Ravensworth Farm - 146.5 Greenbriar
Ravensworth Farm,Week5,Arlington Forest,Week2,248.0 Ravensworth Farm - 154.0 Arlington Forest
Ravensworth Farm,Week5,Orange Hunt,Week1,238.0 Ravensworth Farm - 164.0 Orange Hunt
Ravensworth Farm,Week4,Greenbriar,Week5,203.0 Ravensworth Farm - 199.0 Greenbriar
Riverside Gardens,Week1,High Point Pool,Week5,215.0 Riverside Gardens - 187.0 High Point Pool
Riverside Gardens,Week3,Donaldson Run,Week5,254.0 Donaldson Run - 148.0 Riverside Gardens
Riverside Gardens,Week2,Dowden Terrace,Week2,236.0 Riverside Gardens - 166.0 Dowden Terrace
Ravensworth Farm,Week3,Brandywine,Week1,241.0 Ravensworth Farm - 161.0 Brandywine
Ravensworth Farm,Week5,Greenbriar,Week3,229.0 Ravensworth Farm - 173.0 Greenbriar
Ravensworth Farm,Week3,Virginia Run,Week5,205.0 Virginia Run - 197.0 Ravensworth Farm
Ravensworth Farm,Week5,Virginia Run,Week3,251.0 Ravensworth Farm - 151.0 Virginia Run
Ravensworth Farm,Week4,Overlee,Week1,312.0 Overlee - 90.0 Ravensworth Farm
Ravensworth Farm,Week4,Arlington Forest,Week4,210.0 Ravensworth Farm - 192.0 Arlington Forest
Ravensworth Farm,Week3,Overlee,Week3,315.0 Overlee - 87.0 Ravensworth Farm
Riverside Gardens,Week4,Donaldson Run,Week1,220.0 Donaldson Run - 182.0 Riverside Gardens
Ravensworth Farm,Week1,Overlee,Week3,304.5 Overlee - 97.5 Ravensworth Farm
Ravensworth Farm,Week4,Virginia Run,Week1,209.0 Ravensworth Farm - 193.0 Virginia Run
Ravensworth Farm,Week1,Hamlet,Week1,274.0 Hamlet - 128.0 Ravensworth Farm
Poplar Tree,Week4,Virginia Run,Week3,204.0 Virginia Run - 198.0 Poplar Tree
Ravensworth Farm,Week4,Greenbriar,Week2,207.0 Greenbriar - 195.0 Ravensworth Farm
Ravensworth Farm,Week3,Donaldson Run,Week3,251.0 Donaldson Run - 151.0 Ravensworth Farm
Ravensworth Farm,Week5,Donaldson Run,Week2,246.0 Donaldson Run - 156.0 Ravensworth Farm
Ravensworth Farm,Week5,Arlington Forest,Week3,264.0 Ravensworth Farm - 138.0 Arlington Forest
Riverside Gardens,Week5,Donaldson Run,Week3,220.0 Donaldson Run - 182.0 Riverside Gardens
Poplar Tree,Week5,Virginia Run,Week5,226.0 Poplar Tree - 176.0 Virginia Run
Riverside Gardens,Week3,Hiddenbrook,Week5,282.0 Riverside Gardens - 120.0 Hiddenbrook
Riverside Gardens,Week5,Hiddenbrook,Week2,332.0 Riverside Gardens - 69.0 Hiddenbrook
Poplar Tree,Week2,Wakefield Chapel,Week4,250.0 Wakefield Chapel - 152.0 Poplar Tree
Ravensworth Farm,Week4,Arlington Forest,Week5,212.0 Arlington Forest - 190.0 Ravensworth Farm
Riverside Gardens,Week1,Dowden Terrace,Week4,238.0 Riverside Gardens - 164.0 Dowden Terrace
Ravensworth Farm,Week5,Donaldson Run,Week5,275.0 Donaldson Run - 127.0 Ravensworth Farm
Ravensworth Farm,Week1,Hamlet,Week2,284.0 Hamlet - 118.0 Ravensworth Farm
Ravensworth Farm,Week1,Dowden Terrace,Week5,220.0 Dowden Terrace - 182.0 Ravensworth Farm
Ravensworth Farm,Week1,Overlee,Week1,315.0 Overlee - 87.0 Ravensworth Farm
Riverside Gardens,Week2,Dowden Terrace,Week5,215.0 Riverside Gardens - 187.0 Dowden Terrace
Ravensworth Farm,Week3,Brandywine,Week2,232.0 Ravensworth Farm - 170.0 Brandywine
Ravensworth Farm,Week3,Overlee,Week2,337.0 Overlee - 65.0 Ravensworth Farm
Ravensworth Farm,Week1,Wakefield Chapel,Week2,274.0 Wakefield Chapel - 128.0 Ravensworth Farm
Ravensworth Farm,Week1,Wakefield Chapel,Week4,269.0 Wakefield Chapel - 133.0 Ravensworth Farm
Poplar Tree,Week4,Wakefield Chapel,Week2,269.0 Wakefield Chapel - 133.0 Poplar Tree
Ravensworth Farm,Week1,Wakefield Chapel,Week1,290.0 Wakefield Chapel - 112.0 Ravensworth Farm
Riverside Gardens,Week1,Dowden Terrace,Week1,263.0 Riverside Gardens - 139.0 Dowden Terrace
Riverside Gardens,Week3,Hiddenbrook,Week3,298.5 Riverside Gardens - 103.5 Hiddenbrook
Riverside Gardens,Week1,High Point Pool,Week2,210.0 Riverside Gardens - 192.0 High Point Pool
Ravensworth Farm,Week5,Overlee,Week4,345.0 Overlee - 57.0 Ravensworth Farm
Ravensworth Farm,Week2,Brandywine,Week4,209.0 Brandywine - 193.0 Ravensworth Farm
Riverside Gardens,Week4,Hiddenbrook,Week1,318.0 Riverside Gardens - 84.0 Hiddenbrook
Ravensworth Farm,Week3,Donaldson Run,Week4,271.0 Donaldson Run - 131.0 Ravensworth Farm
Riverside Gardens,Week1,Dowden Terrace,Week2,234.0 Riverside Gardens - 168.0 Dowden Terrace
Ravensworth Farm,Week1,Dowden Terrace,Week2,221.0 Ravensworth Farm - 181.0 Dowden Terrace
Ravensworth Farm,Week2,Virginia Run,Week3,217.0 Virginia Run - 185.0 Ravensworth Farm
Ravensworth Farm,Week4,Hamlet,Week1,257.5 Hamlet - 144.5 Ravensworth Farm
Riverside Gardens,Week3,Hiddenbrook,Week4,298.0 Riverside Gardens - 104.0 Hiddenbrook
Ravensworth Farm,Week4,Hamlet,Week3,281.0 Hamlet - 121.0 Ravensworth Farm
Ravensworth Farm,Week3,Hamlet,Week2,277.0 Hamlet - 125.0 Ravensworth Farm
Ravensworth Farm,Week4,Orange Hunt,Week1,225.0 Ravensworth Farm - 177.0 Orange Hunt
Riverside Gardens,Week2,Dowden Terrace,Week3,264.0 Riverside Gardens - 138.0 Dowden Terrace
Ravensworth Farm,Week5,Arlington Forest,Week4,231.0 Ravensworth Farm - 171.0 Arlington Forest
Ravensworth Farm,Week3,Overlee,Week1,316.0 Overlee - 86.0 Ravensworth Farm
Ravensworth Farm,Week3,Brandywine,Week4,223.0 Ravensworth Farm - 179.0 Brandywine
Ravensworth Farm,Week1,Hayfield Farm,Week3,203.0 Hayfield Farm - 199.0 Ravensworth Farm
Ravensworth Farm,Week3,Virginia Run,Week2,220.0 Ravensworth Farm - 182.0 Virginia Run
Ravensworth Farm,Week1,Dowden Terrace,Week1,244.0 Ravensworth Farm - 157.0 Dowden Terrace
Poplar Tree,Week1,Walden Glen,Week5,256.0 Poplar Tree - 146.0 Walden Glen
Poplar Tree,Week1,Walden Glen,Week2,277.0 Poplar Tree - 125.0 Walden Glen
Poplar Tree,Week1,Wakefield Chapel,Week3,264.0 Wakefield Chapel - 138.0 Poplar Tree
Poplar Tree,Week4,Wakefield Chapel,Week3,284.0 Wakefield Chapel - 118.0 Poplar Tree
Ravensworth Farm,Week5,Donaldson Run,Week3,242.0 Donaldson Run - 160.0 Ravensworth Farm
Ravensworth Farm,Week5,Orange Hunt,Week5,215.0 Ravensworth Farm - 187.0 Orange Hunt
Poplar Tree,Week1,Wakefield Chapel,Week2,248.0 Wakefield Chapel - 154.0 Poplar Tree
Ravensworth Farm,Week5,Hamlet,Week1,245.0 Hamlet - 157.0 Ravensworth Farm
Ravensworth Farm,Week5,Donaldson Run,Week4,245.0 Donaldson Run - 157.0 Ravensworth Farm
Riverside Gardens,Week3,Dowden Terrace,Week3,286.0 Riverside Gardens - 116.0 Dowden Terrace
Ravensworth Farm,Week4,Brandywine,Week1,249.0 Ravensworth Farm - 153.0 Brandywine
Ravensworth Farm,Week2,Bren Mar-Edsall Park,Week2,361.0 Ravensworth Farm - 41.0 Bren Mar-Edsall Park
Riverside Gardens,Week2,High Point Pool,Week1,223.0 Riverside Gardens - 179.0 High Point Pool
Riverside Gardens,Week5,Hiddenbrook,Week3,296.0 Riverside Gardens - 106.0 Hiddenbrook
Ravensworth Farm,Week3,Virginia Run,Week4,218.0 Ravensworth Farm - 184.0 Virginia Run
Ravensworth Farm,Week4,Brandywine,Week5,201.0 Brandywine - 201.0 Ravensworth Farm
Ravensworth Farm,Week3,Overlee,Week5,354.0 Overlee - 48.0 Ravensworth Farm
Ravensworth Farm,Week2,Virginia Run,Week1,223.0 Virginia Run - 179.0 Ravensworth Farm
Ravensworth Farm,Week2,Dowden Terrace,Week1,219.0 Ravensworth Farm - 182.0 Dowden Terrace
Ravensworth Farm,Week4,Overlee,Week4,350.0 Overlee - 52.0 Ravensworth Farm
Ravensworth Farm,Week5,Hamlet,Week3,272.0 Hamlet - 130.0 Ravensworth Farm
Ravensworth Farm,Week2,Hamlet,Week4,279.0 Hamlet - 123.0 Ravensworth Farm
Ravensworth Farm,Week2,Virginia Run,Week4,230.0 Virginia Run - 172.0 Ravensworth Farm
Riverside Gardens,Week3,Dowden Terrace,Week5,243.0 Riverside Gardens - 159.0 Dowden Terrace
Ravensworth Farm,Week2,Dowden Terrace,Week2,207.0 Ravensworth Farm - 195.0 Dowden Terrace
Poplar Tree,Week1,Wakefield Chapel,Week5,270.0 Wakefield Chapel - 132.0 Poplar Tree
Riverside Gardens,Week2,Dowden Terrace,Week4,227.0 Riverside Gardens - 175.0 Dowden Terrace
Riverside Gardens,Week4,Hiddenbrook,Week5,288.0 Riverside Gardens - 114.0 Hiddenbrook
Ravensworth Farm,Week3,Orange Hunt,Week5,219.0 Orange Hunt - 183.0 Ravensworth Farm
Poplar Tree,Week3,Walden Glen,Week2,279.0 Poplar Tree - 123.0 Walden Glen
Ravensworth Farm,Week5,Virginia Run,Week5,203.0 Ravensworth Farm - 199.0 Virginia Run
Ravensworth Farm,Week1,Bren Mar-Edsall Park,Week5,360.0 Ravensworth Farm - 42.0 Bren Mar-Edsall Park
Ravensworth Farm,Week2,Hamlet,Week1,287.0 Hamlet - 115.0 Ravensworth Farm
Ravensworth Farm,Week5,Bren Mar-Edsall Park,Week3,373.0 Ravensworth Farm - 29.0 Bren Mar-Edsall Park
Ravensworth Farm,Week5,Orange Hunt,Week3,221.0 Ravensworth Farm - 181.0 Orange Hunt
Poplar Tree,Week4,Wakefield Chapel,Week5,281.0 Wakefield Chapel - 121.0 Poplar Tree
Ravensworth Farm,Week5,Hamlet,Week2,268.5 Hamlet - 133.5 Ravensworth Farm
Ravensworth Farm,Week2,Overlee,Week5,359.0 Overlee - 43.0 Ravensworth Farm
Ravensworth Farm,Week5,Donaldson Run,Week1,238.0 Donaldson Run - 164.0 Ravensworth Farm
Ravensworth Farm,Week1,Hayfield Farm,Week4,212.0 Ravensworth Farm - 190.0 Hayfield Farm
Ravensworth Farm,Week4,Orange Hunt,Week4,211.0 Ravensworth Farm - 191.0 Orange Hunt
Riverside Gardens,Week2,High Point Pool,Week3,208.0 Riverside Gardens - 194.0 High Point Pool
Riverside Gardens,Week2,Highland Park,Week5,224.0 Riverside Gardens - 178.0 Highland Park
Riverside Gardens,Week5,Donaldson Run,Week2,207.5 Donaldson Run - 194.5 Riverside Gardens
Ravensworth Farm,Week1,Brookfield ,Week2,240.0 Ravensworth Farm - 162.0 Brookfield
Ravensworth Farm,Week5,Orange Hunt,Week2,225.0 Ravensworth Farm - 177.0 Orange Hunt
Riverside Gardens,Week4,High Point Pool,Week4,230.0 Riverside Gardens - 172.0 High Point Pool
Ravensworth Farm,Week4,Hamlet,Week4,252.0 Hamlet - 150.0 Ravensworth Farm
Riverside Gardens,Week3,High Point Pool,Week4,230.0 Riverside Gardens - 172.0 High Point Pool
Ravensworth Farm,Week3,Virginia Run,Week1,204.0 Ravensworth Farm - 198.0 Virginia Run
Ravensworth Farm,Week2,Dowden Terrace,Week4,222.0 Dowden Terrace - 180.0 Ravensworth Farm
Ravensworth Farm,Week2,Dowden Terrace,Week3,220.0 Ravensworth Farm - 182.0 Dowden Terrace
Riverside Gardens,Week3,Dowden Terrace,Week2,254.0 Riverside Gardens - 148.0 Dowden Terrace
Ravensworth Farm,Week4,Donaldson Run,Week3,260.0 Donaldson Run - 142.0 Ravensworth Farm
Ravensworth Farm,Week2,Virginia Run,Week5,242.0 Virginia Run - 160.0 Ravensworth Farm
Riverside Gardens,Week4,Donaldson Run,Week3,226.0 Donaldson Run - 176.0 Riverside Gardens
Ravensworth Farm,Week5,Bren Mar-Edsall Park,Week5,364.0 Ravensworth Farm - 38.0 Bren Mar-Edsall Park
Riverside Gardens,Week5,Donaldson Run,Week5,240.0 Donaldson Run - 162.0 Riverside Gardens
Poplar Tree,Week2,Wakefield Chapel,Week2,263.0 Wakefield Chapel - 139.0 Poplar Tree
Ravensworth Farm,Week5,Virginia Run,Week2,242.0 Ravensworth Farm - 160.0 Virginia Run
Ravensworth Farm,Week4,Bren Mar-Edsall Park,Week1,372.0 Ravensworth Farm - 30.0 Bren Mar-Edsall Park
Ravensworth Farm,Week4,Virginia Run,Week2,241.0 Ravensworth Farm - 161.0 Virginia Run
Poplar Tree,Week5,Wakefield Chapel,Week3,248.0 Wakefield Chapel - 154.0 Poplar Tree
Riverside Gardens,Week1,Dowden Terrace,Week5,229.0 Riverside Gardens - 173.0 Dowden Terrace
Ravensworth Farm,Week1,Brookfield ,Week5,234.0 Ravensworth Farm - 168.0 Brookfield
Ravensworth Farm,Week5,Wakefield Chapel,Week2,259.0 Wakefield Chapel - 143.0 Ravensworth Farm
Ravensworth Farm,Week2,Hamlet,Week2,302.0 Hamlet - 100.0 Ravensworth Farm
Ravensworth Farm,Week1,Dowden Terrace,Week3,246.0 Ravensworth Farm - 156.0 Dowden Terrace
Ravensworth Farm,Week2,Dowden Terrace,Week5,241.0 Dowden Terrace - 161.0 Ravensworth Farm
Ravensworth Farm,Week4,Bren Mar-Edsall Park,Week3,365.0 Ravensworth Farm - 37.0 Bren Mar-Edsall Park
Riverside Gardens,Week3,Dowden Terrace,Week1,272.0 Riverside Gardens - 130.0 Dowden Terrace
Ravensworth Farm,Week4,Hamlet,Week5,278.0 Hamlet - 124.0 Ravensworth Farm
Poplar Tree,Week1,Wakefield Chapel,Week1,255.0 Wakefield Chapel - 147.0 Poplar Tree
Ravensworth Farm,Week4,Orange Hunt,Week2,209.0 Ravensworth Farm - 193.0 Orange Hunt
Riverside Gardens,Week5,High Point Pool,Week4,234.0 Riverside Gardens - 168.0 High Point Pool
Riverside Gardens,Week5,High Point Pool,Week1,220.0 Riverside Gardens - 182.0 High Point Pool
Poplar Tree,Week3,Wakefield Chapel,Week4,236.0 Wakefield Chapel - 166.0 Poplar Tree
Ravensworth Farm,Week4,Orange Hunt,Week5,206.0 Orange Hunt - 196.0 Ravensworth Farm
Riverside Gardens,Week4,Donaldson Run,Week2,217.0 Donaldson Run - 185.0 Riverside Gardens
Poplar Tree,Week1,Walden Glen,Week4,262.0 Poplar Tree - 140.0 Walden Glen
Ravensworth Farm,Week5,Brandywine,Week4,232.0 Ravensworth Farm - 170.0 Brandywine
Ravensworth Farm,Week2,Hamlet,Week5,296.0 Hamlet - 106.0 Ravensworth Farm
Riverside Gardens,Week1,Highland Park,Week1,231.0 Riverside Gardens - 171.0 Highland Park
Ravensworth Farm,Week2,Wakefield Chapel,Week3,299.0 Wakefield Chapel - 103.0 Ravensworth Farm
Ravensworth Farm,Week1,Walden Glen,Week3,269.0 Ravensworth Farm - 133.0 Walden Glen
Ravensworth Farm,Week1,Overlee,Week2,340.0 Overlee - 62.0 Ravensworth Farm
Ravensworth Farm,Week3,Donaldson Run,Week5,285.0 Donaldson Run - 117.0 Ravensworth Farm
Ravensworth Farm,Week4,Donaldson Run,Week2,250.0 Donaldson Run - 152.0 Ravensworth Farm
Ravensworth Farm,Week5,Wakefield Chapel,Week4,254.0 Wakefield Chapel - 148.0 Ravensworth Farm
Poplar Tree,Week3,Wakefield Chapel,Week5,277.0 Wakefield Chapel - 125.0 Poplar Tree
Riverside Gardens,Week5,High Point Pool,Week5,242.0 Riverside Gardens - 160.0 High Point Pool
Ravensworth Farm,Week5,Orange Hunt,Week4,224.0 Ravensworth Farm - 178.0 Orange Hunt
Riverside Gardens,Week3,Dowden Terrace,Week4,244.0 Riverside Gardens - 158.0 Dowden Terrace
Poplar Tree,Week4,Wakefield Chapel,Week4,253.5 Wakefield Chapel - 148.5 Poplar Tree
Ravensworth Farm,Week2,Walden Glen,Week2,226.0 Ravensworth Farm - 175.0 Walden Glen
Ravensworth Farm,Week5,Brandywine,Week3,243.0 Ravensworth Farm - 159.0 Brandywine
Ravensworth Farm,Week2,Hamlet,Week3,285.0 Hamlet - 116.0 Ravensworth Farm
Riverside Gardens,Week4,Dowden Terrace,Week2,274.0 Riverside Gardens - 128.0 Dowden Terrace
Ravensworth Farm,Week1,Hayfield Farm,Week1,227.0 Ravensworth Farm - 175.0 Hayfield Farm
Ravensworth Farm,Week1,Overlee,Week5,350.0 Overlee - 52.0 Ravensworth Farm
Riverside Gardens,Week2,Highland Park,Week4,222.0 Riverside Gardens - 180.0 Highland Park
Ravensworth Farm,Week1,Bren Mar-Edsall Park,Week2,375.0 Ravensworth Farm - 26.0 Bren Mar-Edsall Park
Rolling Forest,Week5,Rolling Valley,Week5,283.0 Rolling Forest - 119.0 Rolling Valley
Riverside Gardens,Week5,Overlee,Week5,322.0 Overlee - 80.0 Riverside Gardens
Rolling Hills,Week1,Kings Ridge ,Week5,232.0 Rolling Hills - 170.0 Kings Ridge
Riverside Gardens,Week4,Overlee,Week4,341.0 Overlee - 61.0 Riverside Gardens
Riverside Gardens,Week3,Parklawn,Week5,308.0 Riverside Gardens - 94.0 Parklawn
Rolling Hills,Week4,Kings Ridge ,Week2,264.0 Rolling Hills - 138.0 Kings Ridge
Rolling Forest,Week1,Rutherford,Week1,280.0 Rolling Forest - 122.0 Rutherford
Rolling Forest,Week1,Lee Graham,Week4,293.0 Lee Graham - 109.0 Rolling Forest
Rolling Hills,Week1,Hiddenbrook,Week3,204.0 Rolling Hills - 198.0 Hiddenbrook
Rolling Hills,Week1,Hiddenbrook,Week5,222.0 Hiddenbrook - 180.0 Rolling Hills
Rolling Forest,Week2,Laurel Hill,Week2,267.0 Rolling Forest - 135.0 Laurel Hill
Rolling Forest,Week5,Rolling Valley,Week4,278.0 Rolling Forest - 124.0 Rolling Valley
Riverside Gardens,Week2,Riverside Gardens,Week3,246.0 Riverside Gardens (RG2) - 156.0 Riverside Gardens (RG1)
Rolling Hills,Week5,Herndon,Week5,285.0 Rolling Hills - 117.0 Herndon
Riverside Gardens,Week4,Riverside Gardens,Week2,261.0 Riverside Gardens (RG1) - 141.0 Riverside Gardens (RG2)
Rolling Forest,Week4,Langley,Week4,283.5 Langley - 118.5 Rolling Forest
Rolling Hills,Week2,Herndon,Week4,292.0 Rolling Hills - 110.0 Herndon
Rolling Forest,Week2,Rolling Valley,Week3,256.0 Rolling Forest - 146.0 Rolling Valley
Rolling Forest,Week3,Laurel Hill,Week2,289.0 Rolling Forest - 112.0 Laurel Hill
Riverside Gardens,Week1,Parklawn,Week4,293.0 Riverside Gardens - 109.0 Parklawn
Rolling Hills,Week2,Herndon,Week1,289.0 Rolling Hills - 112.0 Herndon
Riverside Gardens,Week4,Riverside Gardens,Week1,241.0 Riverside Gardens (RG1) - 161.0 Riverside Gardens (RG2)
Rolling Hills,Week3,Burke Station,Week5,223.0 Rolling Hills - 172.0 Burke Station
Rolling Hills,Week1,Hiddenbrook,Week4,206.0 Rolling Hills - 196.0 Hiddenbrook
Rolling Hills,Week2,Herndon,Week3,289.0 Rolling Hills - 107.0 Herndon
Rolling Forest,Week2,Laurel Hill,Week1,239.0 Rolling Forest - 163.0 Laurel Hill
Rolling Forest,Week2,Rolling Valley,Week5,255.0 Rolling Forest - 147.0 Rolling Valley
Riverside Gardens,Week5,Riverside Gardens,Week4,232.0 Riverside Gardens (RG1) - 170.0 Riverside Gardens (RG2)
Rolling Hills,Week1,Kings Ridge ,Week2,262.0 Rolling Hills - 140.0 Kings Ridge
Rolling Hills,Week4,Burke Station,Week3,202.0 Rolling Hills - 187.0 Burke Station
Riverside Gardens,Week5,Riverside Gardens,Week3,243.0 Riverside Gardens (RG1) - 159.0 Riverside Gardens (RG2)
Riverside Gardens,Week5,Riverside Gardens,Week5,201.0 Riverside Gardens (RG1) - 201.0 Riverside Gardens (RG2)
Rolling Hills,Week2,Kent Gardens,Week4,216.0 Kent Gardens - 186.0 Rolling Hills
Rolling Forest,Week5,Rolling Valley,Week2,288.0 Rolling Forest - 114.0 Rolling Valley
Rolling Hills,Week3,Kent Gardens,Week1,246.0 Kent Gardens - 155.0 Rolling Hills
Rolling Hills,Week2,Camelot,Week4,205.0 Camelot - 197.0 Rolling Hills
Rolling Hills,Week4,Burke Station,Week2,241.0 Rolling Hills - 151.0 Burke Station
Rolling Hills,Week4,Burke Station,Week5,214.0 Rolling Hills - 186.0 Burke Station
Rolling Hills,Week4,Kent Gardens,Week5,278.0 Kent Gardens - 124.0 Rolling Hills
Riverside Gardens,Week3,Riverside Gardens,Week3,201.0 Riverside Gardens (RG1) - 201.0 Riverside Gardens (RG2)
Rolling Hills,Week3,Herndon,Week5,294.0 Rolling Hills - 107.0 Herndon
Rolling Forest,Week5,Rolling Hills,Week1,242.0 Rolling Forest - 160.0 Rolling Hills
Riverside Gardens,Week1,Riverside Gardens,Week2,228.0 Riverside Gardens (RG1) - 174.0 Riverside Gardens (RG2)
Rolling Forest,Week1,Rutherford,Week5,261.5 Rolling Forest - 140.5 Rutherford
Rolling Hills,Week4,Burke Station,Week1,204.0 Rolling Hills - 166.0 Burke Station
Rolling Hills,Week2,Kings Ridge ,Week1,249.0 Rolling Hills - 153.0 Kings Ridge
Rolling Hills,Week2,Camelot,Week3,206.0 Rolling Hills - 196.0 Camelot
Rolling Hills,Week5,Burke Station,Week2,251.0 Rolling Hills - 150.0 Burke Station
Riverside Gardens,Week3,Riverside Gardens,Week5,243.0 Riverside Gardens (RG2) - 159.0 Riverside Gardens (RG1)
Rolling Forest,Week2,Laurel Hill,Week5,216.0 Rolling Forest - 186.0 Laurel Hill
Rolling Forest,Week3,Laurel Hill,Week3,254.0 Rolling Forest - 148.0 Laurel Hill
Rolling Hills,Week3,Kent Gardens,Week5,282.0 Kent Gardens - 120.0 Rolling Hills
Riverside Gardens,Week2,Rolling Forest,Week1,260.0 Riverside Gardens - 142.0 Rolling Forest
Riverside Gardens,Week1,Rolling Forest,Week3,253.0 Riverside Gardens - 149.0 Rolling Forest
Riverside Gardens,Week4,Riverside Gardens,Week4,201.0 Riverside Gardens (RG1) - 201.0 Riverside Gardens (RG2)
Rolling Forest,Week2,Rolling Valley,Week4,243.0 Rolling Forest - 159.0 Rolling Valley
Rolling Forest,Week4,Laurel Hill,Week5,221.0 Rolling Forest - 181.0 Laurel Hill
Riverside Gardens,Week4,Riverside Gardens,Week3,225.0 Riverside Gardens (RG1) - 177.0 Riverside Gardens (RG2)
Rolling Hills,Week3,Camelot,Week2,208.0 Camelot - 193.0 Rolling Hills
Rolling Hills,Week2,Burke Station,Week5,220.0 Rolling Hills - 177.0 Burke Station
Rolling Hills,Week2,Hiddenbrook,Week1,211.0 Rolling Hills - 191.0 Hiddenbrook
Riverside Gardens,Week3,Parklawn,Week3,335.0 Riverside Gardens - 67.0 Parklawn
Rolling Forest,Week5,Langley,Week2,256.0 Langley - 146.0 Rolling Forest
Rolling Hills,Week2,Kings Ridge ,Week5,232.0 Rolling Hills - 170.0 Kings Ridge
Rolling Hills,Week5,Burke Station,Week1,201.0 Rolling Hills - 177.0 Burke Station
Rolling Forest,Week2,Rutherford,Week2,258.0 Rolling Forest - 144.0 Rutherford
Riverside Gardens,Week3,Overlee,Week2,300.0 Overlee - 102.0 Riverside Gardens
Rolling Hills,Week4,Burke Station,Week4,238.0 Rolling Hills - 162.0 Burke Station
Rolling Forest,Week4,Laurel Hill,Week4,244.0 Rolling Forest - 158.0 Laurel Hill
Rolling Hills,Week5,Burke Station,Week4,229.0 Rolling Hills - 173.0 Burke Station
Rolling Forest,Week1,Rutherford,Week4,238.0 Rolling Forest - 164.0 Rutherford
Rolling Hills,Week3,Herndon,Week4,292.0 Rolling Hills - 109.0 Herndon
Rolling Forest,Week3,Rolling Valley,Week3,278.0 Rolling Forest - 124.0 Rolling Valley
Riverside Gardens,Week1,Parklawn,Week1,315.0 Riverside Gardens - 78.0 Parklawn
Rolling Hills,Week3,Burke Station,Week1,209.0 Rolling Hills - 169.0 Burke Station
Rolling Forest,Week3,Laurel Hill,Week1,263.0 Rolling Forest - 139.0 Laurel Hill
Rolling Hills,Week2,Hiddenbrook,Week3,199.0 Rolling Hills - 198.0 Hiddenbrook
Rolling Forest,Week5,Rolling Hills,Week4,236.0 Rolling Forest - 165.0 Rolling Hills
Rolling Hills,Week5,Kent Gardens,Week4,240.0 Kent Gardens - 162.0 Rolling Hills
Rolling Hills,Week1,Camelot,Week1,208.0 Camelot - 194.0 Rolling Hills
Rolling Forest,Week3,Rolling Valley,Week1,318.0 Rolling Forest - 84.0 Rolling Valley
Riverside Gardens,Week3,Riverside Gardens,Week2,246.0 Riverside Gardens (RG1) - 156.0 Riverside Gardens (RG2)
Rolling Hills,Week3,Kings Ridge ,Week3,245.0 Rolling Hills - 156.0 Kings Ridge
Riverside Gardens,Week2,Riverside Gardens,Week4,261.0 Riverside Gardens (RG2) - 141.0 Riverside Gardens (RG1)
Riverside Gardens,Week1,Rolling Forest,Week2,272.0 Riverside Gardens - 130.0 Rolling Forest
Rolling Hills,Week1,Hiddenbrook,Week1,206.0 Rolling Hills - 195.0 Hiddenbrook
Rolling Forest,Week1,Laurel Hill,Week2,275.0 Rolling Forest - 127.0 Laurel Hill
Rolling Forest,Week3,Laurel Hill,Week5,242.0 Rolling Forest - 160.0 Laurel Hill
Rolling Hills,Week1,Hiddenbrook,Week2,241.0 Rolling Hills - 160.0 Hiddenbrook
Rolling Hills,Week5,Kent Gardens,Week2,247.0 Kent Gardens - 155.0 Rolling Hills
Rolling Hills,Week5,Herndon,Week3,285.5 Rolling Hills - 116.5 Herndon
Rolling Hills,Week2,Herndon,Week5,287.0 Rolling Hills - 115.0 Herndon
Rolling Hills,Week5,Herndon,Week4,281.0 Rolling Hills - 121.0 Herndon
Rolling Forest,Week1,Lee Graham,Week5,298.0 Lee Graham - 104.0 Rolling Forest
Rolling Forest,Week3,Laurel Hill,Week4,254.0 Rolling Forest - 148.0 Laurel Hill
Riverside Gardens,Week1,Parklawn,Week3,321.0 Riverside Gardens - 81.0 Parklawn
Rolling Forest,Week1,Rutherford,Week2,279.0 Rolling Forest - 123.0 Rutherford
Rolling Forest,Week3,Rolling Valley,Week4,280.0 Rolling Forest - 122.0 Rolling Valley
Rolling Hills,Week5,Burke Station,Week3,201.0 Rolling Hills - 195.0 Burke Station
Rolling Hills,Week4,Kent Gardens,Week3,227.0 Kent Gardens - 174.0 Rolling Hills
Riverside Gardens,Week4,Overlee,Week5,319.0 Overlee - 83.0 Riverside Gardens
Rolling Forest,Week3,Rolling Valley,Week5,279.0 Rolling Forest - 123.0 Rolling Valley
Rolling Forest,Week5,Langley,Week3,244.0 Langley - 158.0 Rolling Forest
Rolling Hills,Week4,Kent Gardens,Week4,232.5 Kent Gardens - 169.5 Rolling Hills
Rolling Forest,Week2,Laurel Hill,Week3,228.0 Rolling Forest - 174.0 Laurel Hill
Riverside Gardens,Week1,Parklawn,Week2,297.0 Riverside Gardens - 105.0 Parklawn
Riverside Gardens,Week2,Rolling Forest,Week3,248.0 Riverside Gardens - 154.0 Rolling Forest
Rolling Hills,Week2,Hiddenbrook,Week4,201.0 Hiddenbrook - 201.0 Rolling Hills
Rolling Hills,Week1,Camelot,Week2,213.0 Camelot - 188.0 Rolling Hills
Rolling Hills,Week5,Kent Gardens,Week1,250.0 Kent Gardens - 152.0 Rolling Hills
Rolling Forest,Week4,Laurel Hill,Week2,285.0 Rolling Forest - 117.0 Laurel Hill
Rolling Forest,Week4,Langley,Week5,259.0 Langley - 143.0 Rolling Forest
Rolling Hills,Week2,Hiddenbrook,Week5,222.0 Hiddenbrook - 180.0 Rolling Hills
Riverside Gardens,Week5,Overlee,Week4,334.5 Overlee - 67.5 Riverside Gardens
Rolling Hills,Week5,Hiddenbrook,Week1,214.0 Rolling Hills - 188.0 Hiddenbrook
Riverside Gardens,Week3,Overlee,Week3,284.5 Overlee - 117.5 Riverside Gardens
Rolling Forest,Week4,Rolling Valley,Week1,319.0 Rolling Forest - 83.0 Rolling Valley
Riverside Gardens,Week3,Rolling Forest,Week4,273.0 Riverside Gardens - 129.0 Rolling Forest
Rolling Hills,Week3,Burke Station,Week4,238.0 Rolling Hills - 158.0 Burke Station
Riverside Gardens,Week4,Rolling Forest,Week1,288.0 Riverside Gardens - 114.0 Rolling Forest
Rolling Forest,Week1,Laurel Hill,Week5,229.0 Rolling Forest - 173.0 Laurel Hill
Rolling Forest,Week4,Rolling Valley,Week2,277.0 Rolling Forest - 125.0 Rolling Valley
Rolling Hills,Week1,Camelot,Week4,208.0 Camelot - 194.0 Rolling Hills
Rolling Hills,Week2,Kent Gardens,Week3,213.0 Kent Gardens - 189.0 Rolling Hills
Rolling Forest,Week4,Rolling Valley,Week5,271.0 Rolling Forest - 131.0 Rolling Valley
Riverside Gardens,Week2,Rolling Forest,Week4,263.0 Riverside Gardens - 139.0 Rolling Forest
Rolling Forest,Week5,Rolling Valley,Week3,290.5 Rolling Forest - 111.5 Rolling Valley
Riverside Gardens,Week3,Rolling Forest,Week3,261.0 Riverside Gardens - 141.0 Rolling Forest
Riverside Gardens,Week3,Overlee,Week5,322.0 Overlee - 80.0 Riverside Gardens
Rolling Hills,Week1,Camelot,Week5,215.0 Camelot - 187.0 Rolling Hills
Rolling Hills,Week2,High Point Pool,Week4,280.0 High Point Pool - 122.0 Rolling Hills
Rolling Hills,Week3,Burke Station,Week2,249.0 Rolling Hills - 146.0 Burke Station
Rolling Hills,Week3,Kent Gardens,Week3,230.0 Kent Gardens - 171.0 Rolling Hills
Rolling Hills,Week3,Hiddenbrook,Week5,217.0 Hiddenbrook - 185.0 Rolling Hills
Riverside Gardens,Week3,Rolling Forest,Week1,274.0 Riverside Gardens - 128.0 Rolling Forest
Rolling Forest,Week4,Laurel Hill,Week3,238.0 Rolling Forest - 164.0 Laurel Hill
Rolling Forest,Week2,Laurel Hill,Week4,245.0 Rolling Forest - 157.0 Laurel Hill
Rolling Hills,Week4,Kent Gardens,Week2,233.0 Kent Gardens - 168.0 Rolling Hills
Rolling Hills,Week3,Hiddenbrook,Week3,210.0 Hiddenbrook - 192.0 Rolling Hills
Riverside Gardens,Week4,Rolling Forest,Week2,285.0 Riverside Gardens - 117.0 Rolling Forest
Rolling Hills,Week2,Camelot,Week5,217.0 Camelot - 185.0 Rolling Hills
Rolling Forest,Week1,Laurel Hill,Week1,249.5 Rolling Forest - 152.5 Laurel Hill
Rolling Forest,Week5,Rolling Valley,Week1,320.0 Rolling Forest - 82.0 Rolling Valley
Rolling Hills,Week2,Burke Station,Week4,241.0 Rolling Hills - 161.0 Burke Station
Riverside Gardens,Week2,Parklawn,Week2,285.0 Riverside Gardens - 117.0 Parklawn
Riverside Gardens,Week3,Rolling Forest,Week5,258.0 Riverside Gardens - 144.0 Rolling Forest
Rolling Hills,Week2,Kent Gardens,Week1,222.0 Kent Gardens - 180.0 Rolling Hills
Rolling Hills,Week3,Hiddenbrook,Week4,209.0 Hiddenbrook - 193.0 Rolling Hills
Rolling Hills,Week5,Kent Gardens,Week5,280.0 Kent Gardens - 122.0 Rolling Hills
Rolling Forest,Week4,Rolling Valley,Week4,278.0 Rolling Forest - 124.0 Rolling Valley
Rolling Forest,Week1,Rutherford,Week3,247.0 Rolling Forest - 155.0 Rutherford
Riverside Gardens,Week2,Parklawn,Week5,284.0 Riverside Gardens - 118.0 Parklawn
Rolling Hills,Week3,Kent Gardens,Week2,231.0 Kent Gardens - 170.0 Rolling Hills
Rolling Hills,Week1,Camelot,Week3,205.0 Camelot - 196.0 Rolling Hills
Rolling Forest,Week1,Laurel Hill,Week3,256.0 Rolling Forest - 146.0 Laurel Hill
Riverside Gardens,Week3,Rolling Forest,Week2,286.0 Riverside Gardens - 116.0 Rolling Forest
Rolling Hills,Week3,Hiddenbrook,Week2,252.0 Rolling Hills - 143.0 Hiddenbrook
Rolling Hills,Week2,Kent Gardens,Week5,260.0 Kent Gardens - 142.0 Rolling Hills
Rolling Hills,Week2,Camelot,Week1,211.0 Camelot - 191.0 Rolling Hills
Rolling Forest,Week1,Lee Graham,Week1,298.0 Lee Graham - 104.0 Rolling Forest
Rolling Forest,Week5,Langley,Week1,257.0 Langley - 145.0 Rolling Forest
Rolling Hills,Week1,Kings Ridge ,Week3,239.0 Rolling Hills - 163.0 Kings Ridge
Rolling Hills,Week5,Hiddenbrook,Week3,211.0 Hiddenbrook - 191.0 Rolling Hills
Riverside Gardens,Week5,Overlee,Week2,286.0 Overlee - 116.0 Riverside Gardens
Rolling Forest,Week4,Rolling Valley,Week3,287.0 Rolling Forest - 115.0 Rolling Valley
Rolling Forest,Week2,Shouse Village,Week5,236.0 Shouse Village - 166.0 Rolling Forest
Riverside Gardens,Week5,Overlee,Week1,280.0 Overlee - 122.0 Riverside Gardens
Rolling Hills,Week2,Camelot,Week2,207.0 Camelot - 194.0 Rolling Hills
Rolling Hills,Week4,Hiddenbrook,Week4,209.0 Hiddenbrook - 192.0 Rolling Hills
Rolling Hills,Week3,Kent Gardens,Week4,241.0 Kent Gardens - 161.0 Rolling Hills
Rolling Forest,Week5,Laurel Hill,Week5,248.0 Rolling Forest - 154.0 Laurel Hill
Rolling Forest,Week1,Lee Graham,Week2,299.0 Lee Graham - 103.0 Rolling Forest
Rolling Hills,Week4,Kent Gardens,Week1,258.0 Kent Gardens - 143.0 Rolling Hills
Riverside Gardens,Week2,Parklawn,Week4,288.0 Riverside Gardens - 114.0 Parklawn
Rolling Hills,Week3,Camelot,Week1,203.0 Rolling Hills - 198.0 Camelot
Riverside Gardens,Week4,Rolling Forest,Week3,266.0 Riverside Gardens - 136.0 Rolling Forest
Rolling Hills,Week2,Kent Gardens,Week2,212.0 Kent Gardens - 190.0 Rolling Hills
Rolling Hills,Week1,Kings Ridge ,Week4,227.0 Rolling Hills - 175.0 Kings Ridge
Rolling Hills,Week1,High Point Pool,Week2,284.0 High Point Pool - 118.0 Rolling Hills
Rolling Hills,Week3,Burke Station,Week3,211.0 Rolling Hills - 177.0 Burke Station
Riverside Gardens,Week3,Overlee,Week4,335.0 Overlee - 67.0 Riverside Gardens
Rolling Hills,Week4,Hiddenbrook,Week2,245.0 Rolling Hills - 156.0 Hiddenbrook
Rolling Hills,Week3,Camelot,Week3,210.0 Camelot - 192.0 Rolling Hills
Rolling Forest,Week3,Shouse Village,Week2,210.0 Rolling Forest - 192.0 Shouse Village
Rolling Forest,Week5,Laurel Hill,Week2,287.0 Rolling Forest - 115.0 Laurel Hill
Riverside Gardens,Week4,Overlee,Week1,286.0 Overlee - 116.0 Riverside Gardens
Riverside Gardens,Week3,Parklawn,Week1,315.0 Riverside Gardens - 78.0 Parklawn
Rolling Forest,Week4,Rutherford,Week4,230.0 Rolling Forest - 172.0 Rutherford
Riverside Gardens,Week4,Overlee,Week2,301.0 Overlee - 101.0 Riverside Gardens
Rolling Hills,Week4,Hiddenbrook,Week5,228.0 Hiddenbrook - 173.0 Rolling Hills
Rolling Hills,Week3,Camelot,Week5,211.0 Camelot - 191.0 Rolling Hills
Riverside Gardens,Week4,Overlee,Week3,293.0 Overlee - 109.0 Riverside Gardens
Rolling Hills,Week3,Hiddenbrook,Week1,229.0 Rolling Hills - 172.0 Hiddenbrook
Rolling Hills,Week5,Burke Station,Week5,208.0 Rolling Hills - 194.0 Burke Station
Rolling Forest,Week2,Rutherford,Week1,256.0 Rolling Forest - 146.0 Rutherford
Rolling Forest,Week2,Shouse Village,Week2,208.0 Shouse Village - 194.0 Rolling Forest
Rolling Forest,Week5,Laurel Hill,Week3,263.0 Rolling Forest - 138.0 Laurel Hill
Rolling Hills,Week1,Kent Gardens,Week5,267.0 Kent Gardens - 135.0 Rolling Hills
Rolling Hills,Week5,Hiddenbrook,Week5,223.0 Hiddenbrook - 179.0 Rolling Hills
Rolling Forest,Week2,Rutherford,Week3,237.0 Rolling Forest - 165.0 Rutherford
Rolling Forest,Week3,Shouse Village,Week3,219.0 Rolling Forest - 183.0 Shouse Village
Rolling Hills,Week5,Camelot,Week2,211.0 Camelot - 191.0 Rolling Hills
Rolling Hills,Week5,Kent Gardens,Week3,227.0 Kent Gardens - 175.0 Rolling Hills
Rolling Forest,Week5,Laurel Hill,Week4,274.0 Rolling Forest - 128.0 Laurel Hill
Riverside Gardens,Week2,Parklawn,Week1,301.0 Riverside Gardens - 92.0 Parklawn
Rolling Forest,Week1,Lee Graham,Week3,308.0 Lee Graham - 94.0 Rolling Forest
Rolling Hills,Week5,Camelot,Week4,202.0 Camelot - 200.0 Rolling Hills
Rolling Hills,Week1,High Point Pool,Week4,276.0 High Point Pool - 126.0 Rolling Hills
Riverside Gardens,Week5,Overlee,Week3,282.0 Overlee - 120.0 Riverside Gardens
Riverside Gardens,Week1,Parklawn,Week5,299.0 Riverside Gardens - 103.0 Parklawn
Rolling Hills,Week5,Camelot,Week5,213.0 Camelot - 189.0 Rolling Hills
Rolling Forest,Week3,Rutherford,Week3,262.0 Rolling Forest - 140.0 Rutherford
Rolling Hills,Week1,High Point Pool,Week5,275.0 High Point Pool - 127.0 Rolling Hills
Rolling Hills,Week4,Hiddenbrook,Week3,209.0 Hiddenbrook - 193.0 Rolling Hills
Rolling Forest,Week4,Rutherford,Week5,241.0 Rolling Forest - 161.0 Rutherford
Rolling Forest,Week1,Lincolnia Park,Week4,310.0 Rolling Forest - 92.0 Lincolnia Park
Rolling Hills,Week1,Kings Ridge ,Week1,250.0 Rolling Hills - 152.0 Kings Ridge
Riverside Gardens,Week3,Parklawn,Week4,311.0 Riverside Gardens - 91.0 Parklawn
Rolling Forest,Week3,Lee Graham,Week4,275.0 Lee Graham - 127.0 Rolling Forest
Rolling Hills,Week1,High Point Pool,Week3,267.0 High Point Pool - 135.0 Rolling Hills
Rolling Hills,Week1,Canterbury Woods,Week2,210.0 Rolling Hills - 191.0 Canterbury Woods
Rolling Hills,Week2,Kings Ridge ,Week4,240.0 Rolling Hills - 162.0 Kings Ridge
Rolling Hills,Week3,Kings Ridge ,Week4,246.0 Rolling Hills - 156.0 Kings Ridge
Rolling Forest,Week3,Rutherford,Week1,288.0 Rolling Forest - 114.0 Rutherford
Rolling Hills,Week1,Canterbury Woods,Week1,204.0 Rolling Hills - 198.0 Canterbury Woods
Rolling Hills,Week2,Kings Ridge ,Week2,256.0 Rolling Hills - 146.0 Kings Ridge
Riverside Gardens,Week2,Parklawn,Week3,318.0 Riverside Gardens - 84.0 Parklawn
Rolling Forest,Week5,Lee Graham,Week4,286.0 Lee Graham - 116.0 Rolling Forest
Rolling Forest,Week1,Lincolnia Park,Week5,289.0 Rolling Forest - 104.0 Lincolnia Park
Riverside Gardens,Week3,Parklawn,Week2,308.0 Riverside Gardens - 94.0 Parklawn
Rolling Forest,Week3,Rutherford,Week5,259.0 Rolling Forest - 143.0 Rutherford
Rolling Forest,Week5,Laurel Hill,Week1,271.0 Rolling Forest - 131.0 Laurel Hill
Rolling Forest,Week2,Rutherford,Week4,213.0 Rolling Forest - 189.0 Rutherford
Rolling Hills,Week2,High Point Pool,Week1,271.0 High Point Pool - 131.0 Rolling Hills
Rolling Forest,Week2,Lee Graham,Week3,303.0 Lee Graham - 99.0 Rolling Forest
Riverside Gardens,Week3,Parliament,Week5,263.0 Riverside Gardens - 139.0 Parliament
Rolling Hills,Week5,Hiddenbrook,Week2,234.0 Rolling Hills - 168.0 Hiddenbrook
Riverside Gardens,Week3,Parliament,Week3,269.0 Riverside Gardens - 133.0 Parliament
Rolling Hills,Week2,Kings Ridge ,Week3,237.0 Rolling Hills - 165.0 Kings Ridge
Rolling Hills,Week2,High Point Pool,Week2,292.0 High Point Pool - 110.0 Rolling Hills
Rolling Forest,Week4,Rutherford,Week1,280.0 Rolling Forest - 122.0 Rutherford
Rolling Hills,Week1,Canterbury Woods,Week3,228.0 Canterbury Woods - 174.0 Rolling Hills
Rolling Hills,Week4,Camelot,Week2,212.0 Camelot - 185.0 Rolling Hills
Rolling Hills,Week1,Canterbury Woods,Week4,220.0 Canterbury Woods - 182.0 Rolling Hills
Rolling Hills,Week4,Camelot,Week3,203.0 Camelot - 195.0 Rolling Hills
Rolling Forest,Week2,Lincolnia Park,Week2,281.0 Rolling Forest - 112.0 Lincolnia Park
Rolling Hills,Week3,Kings Ridge ,Week2,256.0 Rolling Hills - 146.0 Kings Ridge
Rolling Forest,Week3,Rutherford,Week4,246.0 Rolling Forest - 156.0 Rutherford
Rolling Forest,Week5,Lee Graham,Week5,291.0 Lee Graham - 111.0 Rolling Forest
Rolling Hills,Week3,Kings Ridge ,Week5,227.0 Rolling Hills - 175.0 Kings Ridge
Riverside Gardens,Week4,Parliament,Week2,277.0 Riverside Gardens - 125.0 Parliament
Riverside Gardens,Week4,Parliament,Week5,271.0 Riverside Gardens - 131.0 Parliament
Rolling Forest,Week2,Lee Graham,Week1,303.0 Lee Graham - 99.0 Rolling Forest
Rolling Hills,Week3,Kings Ridge ,Week1,255.0 Rolling Hills - 147.0 Kings Ridge
Rolling Hills,Week2,Lake Braddock,Week4,265.0 Rolling Hills - 137.0 Lake Braddock
Rolling Forest,Week5,Rutherford,Week1,272.0 Rolling Forest - 130.0 Rutherford
Rolling Hills,Week4,Hiddenbrook,Week1,208.0 Rolling Hills - 190.0 Hiddenbrook
Rolling Hills,Week1,Lake Braddock,Week3,253.0 Rolling Hills - 149.0 Lake Braddock
Rolling Hills,Week1,High Point Pool,Week1,271.0 High Point Pool - 131.0 Rolling Hills
Rolling Forest,Week4,Rutherford,Week2,265.5 Rolling Forest - 136.5 Rutherford
Rolling Hills,Week4,Lake Braddock,Week3,243.0 Rolling Hills - 158.0 Lake Braddock
Riverside Gardens,Week5,Parklawn,Week3,320.0 Riverside Gardens - 81.0 Parklawn
Rolling Hills,Week2,High Point Pool,Week3,276.0 High Point Pool - 126.0 Rolling Hills
Rolling Hills,Week4,Camelot,Week4,201.0 Camelot - 200.0 Rolling Hills
Riverside Gardens,Week4,Parklawn,Week5,311.0 Riverside Gardens - 91.0 Parklawn
Riverside Gardens,Week1,Parliament,Week5,259.0 Riverside Gardens - 143.0 Parliament
Rolling Forest,Week5,Rutherford,Week3,249.0 Rolling Forest - 153.0 Rutherford
Rolling Forest,Week1,Shouse Village,Week2,212.0 Rolling Forest - 190.0 Shouse Village
Rolling Hills,Week1,Highland Park,Week3,249.0 Highland Park - 153.0 Rolling Hills
Riverside Gardens,Week1,Parliament,Week4,270.0 Riverside Gardens - 132.0 Parliament
Rolling Hills,Week4,Camelot,Week1,206.0 Camelot - 194.0 Rolling Hills
Rolling Hills,Week4,Camelot,Week5,213.5 Camelot - 188.5 Rolling Hills
Rolling Hills,Week5,Camelot,Week1,213.0 Camelot - 189.0 Rolling Hills
Riverside Gardens,Week4,Parliament,Week3,279.0 Riverside Gardens - 123.0 Parliament
Rolling Hills,Week2,Highland Park,Week5,239.0 Highland Park - 163.0 Rolling Hills
Rolling Forest,Week1,Shouse Village,Week3,209.0 Rolling Forest - 193.0 Shouse Village
Rolling Hills,Week3,Highland Park,Week3,247.0 Highland Park - 155.0 Rolling Hills
Rolling Forest,Week2,Lee Graham,Week2,306.0 Lee Graham - 96.0 Rolling Forest
Rolling Forest,Week3,Lee Graham,Week5,297.0 Lee Graham - 105.0 Rolling Forest
Rolling Forest,Week5,Rutherford,Week2,283.0 Rolling Forest - 119.0 Rutherford
Rolling Forest,Week1,Lincolnia Park,Week3,281.0 Rolling Forest - 112.0 Lincolnia Park
Rolling Forest,Week4,Lee Graham,Week1,294.0 Lee Graham - 108.0 Rolling Forest
Rolling Forest,Week4,Rutherford,Week3,246.0 Rolling Forest - 156.0 Rutherford
Rolling Forest,Week5,Rutherford,Week4,239.0 Rolling Forest - 163.0 Rutherford
Rolling Hills,Week1,Highland Park,Week4,263.0 Highland Park - 139.0 Rolling Hills
Rolling Forest,Week3,Rutherford,Week2,294.0 Rolling Forest - 108.0 Rutherford
Riverside Gardens,Week4,Parklawn,Week1,316.0 Riverside Gardens - 77.0 Parklawn
Riverside Gardens,Week2,Parliament,Week3,233.0 Riverside Gardens - 169.0 Parliament
Riverside Gardens,Week4,Parklawn,Week3,329.0 Riverside Gardens - 73.0 Parklawn
Rolling Hills,Week2,Lake Braddock,Week2,245.0 Rolling Hills - 157.0 Lake Braddock
Rolling Hills,Week1,Lake Braddock,Week1,270.0 Rolling Hills - 132.0 Lake Braddock
Rolling Hills,Week5,Kings Ridge ,Week3,250.0 Rolling Hills - 152.0 Kings Ridge
Rolling Hills,Week1,Canterbury Woods,Week5,206.0 Canterbury Woods - 192.0 Rolling Hills
Rolling Hills,Week5,Kings Ridge ,Week2,258.0 Rolling Hills - 144.0 Kings Ridge
Rolling Forest,Week4,Lee Graham,Week2,309.0 Lee Graham - 93.0 Rolling Forest
Rolling Forest,Week3,Lee Graham,Week3,290.0 Lee Graham - 112.0 Rolling Forest
Rolling Hills,Week5,Hiddenbrook,Week4,222.0 Hiddenbrook - 180.0 Rolling Hills
Rolling Hills,Week4,Kings Ridge ,Week1,244.0 Rolling Hills - 152.0 Kings Ridge
Rolling Hills,Week5,High Point Pool,Week1,278.5 High Point Pool - 123.5 Rolling Hills
Riverside Gardens,Week4,Parklawn,Week2,311.0 Riverside Gardens - 91.0 Parklawn
Rolling Hills,Week3,High Point Pool,Week4,279.0 High Point Pool - 123.0 Rolling Hills
Rolling Forest,Week3,Lee Graham,Week2,266.0 Lee Graham - 136.0 Rolling Forest
Rolling Forest,Week5,Rutherford,Week5,253.0 Rolling Forest - 149.0 Rutherford
Rolling Hills,Week3,Camelot,Week4,203.0 Rolling Hills - 199.0 Camelot
Rolling Forest,Week1,Shouse Village,Week1,217.0 Rolling Forest - 185.0 Shouse Village
Rolling Forest,Week2,Lee Graham,Week5,320.5 Lee Graham - 81.5 Rolling Forest
Rolling Hills,Week5,High Point Pool,Week4,292.0 High Point Pool - 110.0 Rolling Hills
Rolling Hills,Week5,Kings Ridge ,Week5,239.0 Rolling Hills - 163.0 Kings Ridge
Riverside Gardens,Week2,Parliament,Week2,245.0 Riverside Gardens - 157.0 Parliament
Rolling Forest,Week4,Lee Graham,Week4,295.0 Lee Graham - 107.0 Rolling Forest
Rolling Hills,Week1,Lake Braddock,Week2,252.0 Rolling Hills - 150.0 Lake Braddock
Rolling Forest,Week1,Shouse Village,Week4,209.0 Shouse Village - 188.0 Rolling Forest
Rolling Hills,Week4,High Point Pool,Week4,290.5 High Point Pool - 111.5 Rolling Hills
Riverside Gardens,Week4,Parklawn,Week4,304.0 Riverside Gardens - 98.0 Parklawn
Rolling Hills,Week3,High Point Pool,Week1,268.0 High Point Pool - 134.0 Rolling Hills
Rolling Hills,Week4,Kings Ridge ,Week5,228.0 Rolling Hills - 174.0 Kings Ridge
Rolling Forest,Week3,Lee Graham,Week1,277.0 Lee Graham - 125.0 Rolling Forest
Rolling Hills,Week2,Highland Park,Week2,245.5 Highland Park - 156.5 Rolling Hills
Rolling Forest,Week2,Rutherford,Week5,239.0 Rolling Forest - 163.0 Rutherford
Rolling Hills,Week1,Lake Braddock,Week5,238.0 Rolling Hills - 164.0 Lake Braddock
Rolling Forest,Week4,Lee Graham,Week3,311.0 Lee Graham - 91.0 Rolling Forest
Rolling Forest,Week1,Shouse Village,Week5,216.5 Shouse Village - 185.5 Rolling Forest
Riverside Gardens,Week5,Parklawn,Week5,300.0 Riverside Gardens - 101.0 Parklawn
Rolling Hills,Week5,Camelot,Week3,202.0 Camelot - 200.0 Rolling Hills
Rolling Forest,Week1,Lincolnia Park,Week1,313.0 Rolling Forest - 89.0 Lincolnia Park
Riverside Gardens,Week1,Parliament,Week1,237.0 Riverside Gardens - 165.0 Parliament
Rolling Hills,Week2,Lake Braddock,Week3,252.0 Rolling Hills - 150.0 Lake Braddock
Riverside Gardens,Week1,Parliament,Week2,259.0 Riverside Gardens - 143.0 Parliament
Rolling Hills,Week1,Highland Park,Week2,235.0 Highland Park - 167.0 Rolling Hills
Rolling Hills,Week2,High Point Pool,Week5,281.0 High Point Pool - 121.0 Rolling Hills
Rolling Hills,Week3,Lake Braddock,Week3,257.0 Rolling Hills - 145.0 Lake Braddock
Rolling Hills,Week4,High Point Pool,Week3,282.0 High Point Pool - 120.0 Rolling Hills
Rolling Forest,Week5,Lee Graham,Week3,296.0 Lee Graham - 106.0 Rolling Forest
Rolling Forest,Week5,Lee Graham,Week1,273.0 Lee Graham - 129.0 Rolling Forest
Riverside Gardens,Week2,Parliament,Week4,245.0 Riverside Gardens - 157.0 Parliament
Riverside Gardens,Week5,Parklawn,Week1,326.0 Riverside Gardens - 67.0 Parklawn
Rolling Forest,Week2,Shouse Village,Week1,202.0 Shouse Village - 200.0 Rolling Forest
Rolling Forest,Week2,Shouse Village,Week4,239.0 Shouse Village - 163.0 Rolling Forest
Rolling Forest,Week5,Lee Graham,Week2,284.0 Lee Graham - 118.0 Rolling Forest
Rolling Hills,Week2,Highland Park,Week4,253.0 Highland Park - 149.0 Rolling Hills
Rolling Hills,Week5,Kings Ridge ,Week4,230.0 Rolling Hills - 172.0 Kings Ridge
Rolling Hills,Week5,High Point Pool,Week5,285.0 High Point Pool - 117.0 Rolling Hills
Rolling Hills,Week3,Lake Braddock,Week1,271.0 Rolling Hills - 130.0 Lake Braddock
Riverside Gardens,Week1,Parliament,Week3,253.0 Riverside Gardens - 149.0 Parliament
Rolling Hills,Week3,Lake Braddock,Week5,251.0 Rolling Hills - 151.0 Lake Braddock
Rolling Forest,Week4,Lee Graham,Week5,313.0 Lee Graham - 89.0 Rolling Forest
Rolling Forest,Week2,Shouse Village,Week3,211.0 Shouse Village - 191.0 Rolling Forest
Rolling Forest,Week3,Shouse Village,Week1,226.0 Rolling Forest - 176.0 Shouse Village
Rolling Forest,Week4,Lincolnia Park,Week4,306.0 Rolling Forest - 96.0 Lincolnia Park
Rolling Hills,Week2,Lake Braddock,Week1,266.0 Rolling Hills - 131.0 Lake Braddock
Rolling Hills,Week4,Lake Braddock,Week1,268.0 Rolling Hills - 132.0 Lake Braddock
Riverside Gardens,Week5,Parliament,Week2,269.0 Riverside Gardens - 133.0 Parliament
Riverside Gardens,Week2,Parliament,Week1,225.0 Riverside Gardens - 176.0 Parliament
Rolling Hills,Week5,High Point Pool,Week3,276.0 High Point Pool - 126.0 Rolling Hills
Rolling Forest,Week3,Sideburn Run,Week2,204.0 Sideburn Run - 198.0 Rolling Forest
Rolling Forest,Week3,Sideburn Run,Week4,219.0 Sideburn Run - 183.0 Rolling Forest
Rolling Hills,Week3,Highland Park,Week1,251.0 Highland Park - 151.0 Rolling Hills
Rolling Forest,Week2,Sideburn Run,Week2,217.0 Sideburn Run - 185.0 Rolling Forest
Rolling Hills,Week4,High Point Pool,Week1,274.0 High Point Pool - 128.0 Rolling Hills
Rolling Forest,Week1,Lincolnia Park,Week2,303.0 Rolling Forest - 90.0 Lincolnia Park
Riverside Gardens,Week2,Parliament,Week5,242.0 Riverside Gardens - 159.0 Parliament
Rolling Forest,Week2,Sideburn Run,Week4,234.0 Sideburn Run - 168.0 Rolling Forest
Rolling Hills,Week3,High Point Pool,Week3,283.0 High Point Pool - 119.0 Rolling Hills
Riverside Gardens,Week2,McLean,Week5,275.0 McLean - 127.0 Riverside Gardens
Rolling Hills,Week4,High Point Pool,Week5,286.0 High Point Pool - 115.0 Rolling Hills
Rolling Forest,Week4,Sideburn Run,Week1,216.5 Sideburn Run - 185.5 Rolling Forest
Rolling Hills,Week2,Highland Park,Week3,240.0 Highland Park - 162.0 Rolling Hills
Rolling Hills,Week4,High Point Pool,Week2,293.0 High Point Pool - 108.0 Rolling Hills
Rolling Forest,Week2,Lee Graham,Week4,297.0 Lee Graham - 105.0 Rolling Forest
Rolling Hills,Week3,Highland Park,Week2,234.0 Highland Park - 168.0 Rolling Hills
Riverside Gardens,Week2,McLean,Week1,245.0 McLean - 157.0 Riverside Gardens
Riverside Gardens,Week4,McLean,Week4,220.0 McLean - 182.0 Riverside Gardens
Riverside Gardens,Week3,Parliament,Week4,264.0 Riverside Gardens - 138.0 Parliament
Rolling Hills,Week3,Lake Braddock,Week4,264.0 Rolling Hills - 138.0 Lake Braddock
Riverside Gardens,Week4,McLean,Week2,231.0 McLean - 171.0 Riverside Gardens
Rolling Hills,Week5,Kings Ridge ,Week1,243.0 Rolling Hills - 159.0 Kings Ridge
Rolling Forest,Week2,Lincolnia Park,Week1,295.0 Rolling Forest - 107.0 Lincolnia Park
Riverside Gardens,Week3,McLean,Week5,259.0 McLean - 143.0 Riverside Gardens
Riverside Gardens,Week3,Parliament,Week1,242.0 Riverside Gardens - 160.0 Parliament
Rolling Forest,Week2,Little Hunting Park,Week2,225.0 Rolling Forest - 177.0 Little Hunting Park
Riverside Gardens,Week5,Parklawn,Week4,304.0 Riverside Gardens - 97.0 Parklawn
Riverside Gardens,Week5,Parliament,Week3,268.0 Riverside Gardens - 134.0 Parliament
Rolling Forest,Week3,Lincolnia Park,Week3,285.0 Rolling Forest - 108.0 Lincolnia Park
Rolling Forest,Week2,Sideburn Run,Week1,220.0 Sideburn Run - 182.0 Rolling Forest
Rolling Hills,Week5,High Point Pool,Week2,298.0 High Point Pool - 104.0 Rolling Hills
Rolling Hills,Week5,Lake Braddock,Week2,246.5 Rolling Hills - 155.5 Lake Braddock
Rolling Hills,Week1,Highland Park,Week1,251.0 Highland Park - 151.0 Rolling Hills
Rolling Hills,Week1,Lake Braddock,Week4,254.0 Rolling Hills - 148.0 Lake Braddock
Rolling Forest,Week1,Sideburn Run,Week3,218.0 Sideburn Run - 184.0 Rolling Forest
Rolling Hills,Week4,Kings Ridge ,Week4,221.0 Rolling Hills - 181.0 Kings Ridge
Rolling Forest,Week1,Sideburn Run,Week2,205.0 Sideburn Run - 197.0 Rolling Forest
Rolling Hills,Week3,High Point Pool,Week2,288.0 High Point Pool - 114.0 Rolling Hills
Rolling Hills,Week2,Lake Braddock,Week5,235.0 Rolling Hills - 167.0 Lake Braddock
Riverside Gardens,Week5,Parliament,Week1,235.0 Riverside Gardens - 167.0 Parliament
Riverside Gardens,Week2,Mosby Woods,Week4,216.0 Mosby Woods - 186.0 Riverside Gardens
Rolling Hills,Week4,Lake Braddock,Week4,271.0 Rolling Hills - 130.0 Lake Braddock
Rolling Forest,Week4,Shouse Village,Week5,237.0 Shouse Village - 165.0 Rolling Forest
Rolling Hills,Week4,Kings Ridge ,Week3,244.0 Rolling Hills - 158.0 Kings Ridge
Riverside Gardens,Week4,Parliament,Week4,276.0 Riverside Gardens - 126.0 Parliament
Riverside Gardens,Week1,McLean,Week4,239.0 McLean - 163.0 Riverside Gardens
Rolling Hills,Week4,Lake Braddock,Week2,264.0 Rolling Hills - 137.0 Lake Braddock
Rolling Forest,Week4,Sideburn Run,Week5,223.0 Sideburn Run - 179.0 Rolling Forest
Rolling Forest,Week3,Little Hunting Park,Week2,244.0 Rolling Forest - 158.0 Little Hunting Park
Riverside Gardens,Week3,Parliament,Week2,265.0 Riverside Gardens - 137.0 Parliament
Rolling Hills,Week3,Lake Braddock,Week2,257.0 Rolling Hills - 145.0 Lake Braddock
Riverside Gardens,Week4,McLean,Week1,216.0 McLean - 186.0 Riverside Gardens
Riverside Gardens,Week4,Parliament,Week1,245.0 Riverside Gardens - 157.0 Parliament
Riverside Gardens,Week5,Parklawn,Week2,309.0 Riverside Gardens - 92.0 Parklawn
Rolling Hills,Week3,High Point Pool,Week5,293.0 High Point Pool - 109.0 Rolling Hills
Rolling Forest,Week2,Lincolnia Park,Week3,256.0 Rolling Forest - 137.0 Lincolnia Park
Rolling Forest,Week3,Little Hunting Park,Week3,249.0 Rolling Forest - 153.0 Little Hunting Park
Rolling Forest,Week4,Shouse Village,Week4,224.0 Shouse Village - 178.0 Rolling Forest
Rolling Forest,Week2,Little Hunting Park,Week5,202.0 Rolling Forest - 200.0 Little Hunting Park
Rolling Forest,Week5,Shouse Village,Week2,216.0 Rolling Forest - 186.0 Shouse Village
Rolling Forest,Week3,Lincolnia Park,Week4,311.0 Rolling Forest - 90.0 Lincolnia Park
Rolling Hills,Week4,Lake Braddock,Week5,242.0 Rolling Hills - 159.0 Lake Braddock
Rolling Forest,Week3,Lincolnia Park,Week1,316.0 Rolling Forest - 85.0 Lincolnia Park
Rolling Forest,Week5,Shouse Village,Week3,213.0 Rolling Forest - 189.0 Shouse Village
Riverside Gardens,Week5,Parliament,Week4,267.0 Riverside Gardens - 135.0 Parliament
Riverside Gardens,Week4,McLean,Week3,240.0 McLean - 162.0 Riverside Gardens
Rolling Forest,Week5,Shouse Village,Week1,229.0 Rolling Forest - 173.0 Shouse Village
Rolling Hills,Week1,Highland Park,Week5,235.5 Highland Park - 166.5 Rolling Hills
Rolling Hills,Week2,Highland Park,Week1,250.5 Highland Park - 151.5 Rolling Hills
Rolling Forest,Week4,Lincolnia Park,Week5,286.0 Rolling Forest - 107.0 Lincolnia Park
Riverside Gardens,Week4,McLean,Week5,255.0 McLean - 147.0 Riverside Gardens
Riverside Gardens,Week5,Parliament,Week5,270.0 Riverside Gardens - 132.0 Parliament
Rolling Hills,Week5,Lake Braddock,Week1,260.0 Rolling Hills - 142.0 Lake Braddock
Rolling Forest,Week3,Lincolnia Park,Week5,276.0 Rolling Forest - 117.0 Lincolnia Park
Rolling Forest,Week5,Shouse Village,Week5,202.0 Rolling Forest - 200.0 Shouse Village
Rolling Forest,Week4,Shouse Village,Week1,208.0 Rolling Forest - 194.0 Shouse Village
Rolling Hills,Week3,Highland Park,Week4,249.0 Highland Park - 153.0 Rolling Hills
Rolling Hills,Week3,Lakevale Estates,Week2,288.0 Lakevale Estates - 114.0 Rolling Hills
Rolling Hills,Week3,Highland Park,Week5,248.0 Highland Park - 154.0 Rolling Hills
Riverside Gardens,Week5,McLean,Week4,204.0 McLean - 198.0 Riverside Gardens
Rolling Forest,Week2,Lincolnia Park,Week4,291.0 Rolling Forest - 111.0 Lincolnia Park
Riverside Gardens,Week3,McLean,Week1,226.0 McLean - 176.0 Riverside Gardens
Rolling Hills,Week2,Lakevale Estates,Week4,302.0 Lakevale Estates - 100.0 Rolling Hills
Rolling Forest,Week1,Sideburn Run,Week1,214.0 Sideburn Run - 183.0 Rolling Forest
Rolling Forest,Week4,Lincolnia Park,Week1,314.0 Rolling Forest - 88.0 Lincolnia Park
Riverside Gardens,Week3,Pinecrest,Week5,205.0 Riverside Gardens - 197.0 Pinecrest
Rolling Hills,Week4,Highland Park,Week1,258.0 Highland Park - 143.0 Rolling Hills
Riverside Gardens,Week2,Pinecrest,Week1,212.0 Pinecrest - 190.0 Riverside Gardens
Rolling Hills,Week2,Lakevale Estates,Week2,284.0 Lakevale Estates - 118.0 Rolling Hills
Riverside Gardens,Week1,McLean,Week2,253.0 McLean - 149.0 Riverside Gardens
Riverside Gardens,Week1,Pinewood Lake,Week2,383.0 Riverside Gardens - 19.0 Pinewood Lake
Rolling Forest,Week1,Little Hunting Park,Week2,245.0 Rolling Forest - 157.0 Little Hunting Park
Rolling Forest,Week3,Shouse Village,Week5,212.0 Shouse Village - 190.0 Rolling Forest
Rolling Forest,Week1,Sideburn Run,Week5,215.0 Sideburn Run - 187.0 Rolling Forest
Riverside Gardens,Week2,McLean,Week2,263.0 McLean - 139.0 Riverside Gardens
Rolling Hills,Week5,Highland Park,Week3,248.0 Highland Park - 154.0 Rolling Hills
Riverside Gardens,Week5,McLean,Week5,235.0 McLean - 167.0 Riverside Gardens
Rolling Hills,Week4,Highland Park,Week2,246.0 Highland Park - 156.0 Rolling Hills
Rolling Hills,Week1,Lakevale Estates,Week2,293.0 Lakevale Estates - 109.0 Rolling Hills
Rolling Forest,Week4,Shouse Village,Week2,201.0 Rolling Forest - 201.0 Shouse Village
Rolling Hills,Week4,Lakevale Estates,Week2,295.5 Lakevale Estates - 106.5 Rolling Hills
Riverside Gardens,Week2,McLean,Week4,252.0 McLean - 145.0 Riverside Gardens
Riverside Gardens,Week3,Pinecrest,Week2,205.0 Riverside Gardens - 197.0 Pinecrest
Rolling Hills,Week5,Highland Park,Week2,260.0 Highland Park - 142.0 Rolling Hills
Rolling Hills,Week4,Highland Park,Week5,250.0 Highland Park - 151.0 Rolling Hills
Rolling Forest,Week1,Little Hunting Park,Week1,249.0 Rolling Forest - 152.0 Little Hunting Park
Rolling Hills,Week4,Lakevale Estates,Week1,280.5 Lakevale Estates - 121.5 Rolling Hills
Riverside Gardens,Week2,Pinecrest,Week3,232.0 Pinecrest - 170.0 Riverside Gardens
Rolling Forest,Week5,Shouse Village,Week4,212.0 Shouse Village - 190.0 Rolling Forest
Riverside Gardens,Week1,Pinewood Lake,Week1,374.0 Riverside Gardens - 28.0 Pinewood Lake
Rolling Hills,Week5,Lakevale Estates,Week3,290.0 Lakevale Estates - 112.0 Rolling Hills
Rolling Hills,Week5,Lake Braddock,Week4,257.0 Rolling Hills - 145.0 Lake Braddock
Rolling Hills,Week1,Lakeview,Week1,273.0 Rolling Hills - 129.0 Lakeview
Riverside Gardens,Week1,Pinecrest,Week3,236.0 Pinecrest - 166.0 Riverside Gardens
Riverside Gardens,Week5,Pinecrest,Week1,218.0 Riverside Gardens - 184.0 Pinecrest
Rolling Forest,Week3,Lincolnia Park,Week2,298.0 Rolling Forest - 95.0 Lincolnia Park
Rolling Forest,Week5,Lincolnia Park,Week1,316.0 Rolling Forest - 86.0 Lincolnia Park
Riverside Gardens,Week4,Pinecrest,Week3,202.0 Riverside Gardens - 200.0 Pinecrest
Rolling Forest,Week3,Sideburn Run,Week1,202.0 Sideburn Run - 200.0 Rolling Forest
Rolling Forest,Week4,Lincolnia Park,Week2,304.0 Rolling Forest - 89.0 Lincolnia Park
Riverside Gardens,Week5,McLean,Week3,218.0 McLean - 184.0 Riverside Gardens
Rolling Forest,Week4,Lincolnia Park,Week3,272.0 Rolling Forest - 121.0 Lincolnia Park
Rolling Forest,Week1,Sideburn Run,Week4,229.0 Sideburn Run - 173.0 Rolling Forest
Rolling Hills,Week4,Highland Park,Week4,262.0 Highland Park - 140.0 Rolling Hills
Riverside Gardens,Week1,Pinewood Lake,Week4,380.0 Riverside Gardens - 22.0 Pinewood Lake
Rolling Hills,Week4,Lakevale Estates,Week5,307.0 Lakevale Estates - 95.0 Rolling Hills
Rolling Forest,Week5,Lincolnia Park,Week3,282.0 Rolling Forest - 111.0 Lincolnia Park
Riverside Gardens,Week1,McLean,Week5,256.0 McLean - 146.0 Riverside Gardens
Riverside Gardens,Week3,McLean,Week2,248.0 McLean - 154.0 Riverside Gardens
Rolling Hills,Week4,Highland Park,Week3,232.0 Highland Park - 169.0 Rolling Hills
Riverside Gardens,Week3,McLean,Week3,249.0 McLean - 153.0 Riverside Gardens
Rolling Forest,Week4,Shouse Village,Week3,209.0 Shouse Village - 193.0 Rolling Forest
Rolling Hills,Week5,Highland Park,Week1,267.0 Highland Park - 135.0 Rolling Hills
Rolling Hills,Week5,Highlands Swim,Week1,320.0 Highlands Swim - 82.0 Rolling Hills
Rolling Forest,Week2,Sideburn Run,Week5,240.0 Sideburn Run - 162.0 Rolling Forest
Rolling Forest,Week3,Sideburn Run,Week3,213.0 Sideburn Run - 189.0 Rolling Forest
Rolling Forest,Week1,Little Hunting Park,Week3,233.0 Rolling Forest - 169.0 Little Hunting Park
Rolling Hills,Week3,Highlands Swim,Week3,318.0 Highlands Swim - 84.0 Rolling Hills
Rolling Forest,Week5,Lincolnia Park,Week4,311.0 Rolling Forest - 91.0 Lincolnia Park
Riverside Gardens,Week1,Mosby Woods,Week4,207.0 Mosby Woods - 195.0 Riverside Gardens
Rolling Hills,Week2,Highlands Swim,Week2,323.0 Highlands Swim - 79.0 Rolling Hills
Riverside Gardens,Week2,Mosby Woods,Week2,236.0 Mosby Woods - 166.0 Riverside Gardens
Rolling Forest,Week1,Little Hunting Park,Week5,207.0 Rolling Forest - 195.0 Little Hunting Park
Riverside Gardens,Week1,Pinecrest,Week4,232.0 Pinecrest - 170.0 Riverside Gardens
Rolling Forest,Week4,Sideburn Run,Week3,216.0 Sideburn Run - 186.0 Rolling Forest
Rolling Forest,Week3,Shouse Village,Week4,204.0 Shouse Village - 198.0 Rolling Forest
Rolling Hills,Week3,Lakevale Estates,Week1,275.0 Lakevale Estates - 127.0 Rolling Hills
Riverside Gardens,Week1,McLean,Week1,234.0 McLean - 168.0 Riverside Gardens
Rolling Hills,Week4,Highlands Swim,Week1,325.0 Highlands Swim - 77.0 Rolling Hills
Riverside Gardens,Week5,McLean,Week1,210.0 McLean - 192.0 Riverside Gardens
Riverside Gardens,Week2,McLean,Week3,262.5 McLean - 139.5 Riverside Gardens
Rolling Forest,Week5,Lincolnia Park,Week2,309.0 Rolling Forest - 84.0 Lincolnia Park
Rolling Hills,Week2,Lakevale Estates,Week1,275.0 Lakevale Estates - 127.0 Rolling Hills
Riverside Gardens,Week3,Pinecrest,Week3,218.0 Pinecrest - 184.0 Riverside Gardens
Riverside Gardens,Week3,Pinecrest,Week1,212.0 Riverside Gardens - 190.0 Pinecrest
Rolling Hills,Week5,Lake Braddock,Week3,252.0 Rolling Hills - 150.0 Lake Braddock
Rolling Forest,Week3,Sideburn Run,Week5,216.0 Sideburn Run - 186.0 Rolling Forest
Rolling Hills,Week5,Lakevale Estates,Week2,292.0 Lakevale Estates - 110.0 Rolling Hills
Rolling Forest,Week4,Sideburn Run,Week2,206.0 Rolling Forest - 196.0 Sideburn Run
Riverside Gardens,Week1,Pinecrest,Week1,210.5 Pinecrest - 191.5 Riverside Gardens
Rolling Hills,Week3,Lakevale Estates,Week3,302.0 Lakevale Estates - 95.0 Rolling Hills
Rolling Forest,Week2,Lincolnia Park,Week5,262.0 Rolling Forest - 131.0 Lincolnia Park
Riverside Gardens,Week2,Pinewood Lake,Week5,365.0 Riverside Gardens - 37.0 Pinewood Lake
Riverside Gardens,Week3,McLean,Week4,230.0 McLean - 172.0 Riverside Gardens
Rolling Forest,Week5,Lincolnia Park,Week5,286.0 Rolling Forest - 107.0 Lincolnia Park
Riverside Gardens,Week3,Pinecrest,Week4,210.0 Pinecrest - 192.0 Riverside Gardens
Rolling Hills,Week3,Lakevale Estates,Week5,295.0 Lakevale Estates - 107.0 Rolling Hills
Rolling Forest,Week2,Sideburn Run,Week3,239.0 Sideburn Run - 163.0 Rolling Forest
Rolling Forest,Week1,Little Hunting Park,Week4,245.0 Rolling Forest - 157.0 Little Hunting Park
Rolling Hills,Week1,Hollin Hills,Week2,273.0 Rolling Hills - 127.0 Hollin Hills
Rolling Hills,Week5,Highlands Swim,Week4,311.0 Highlands Swim - 91.0 Rolling Hills
Rolling Hills,Week5,Lakevale Estates,Week4,309.0 Lakevale Estates - 93.0 Rolling Hills
Rolling Forest,Week2,Forest Hollow,Week4,252.0 Forest Hollow - 150.0 Rolling Forest
Rolling Forest,Week5,Sideburn Run,Week1,201.0 Rolling Forest - 201.0 Sideburn Run
Rolling Hills,Week1,Hollin Hills,Week5,254.0 Rolling Hills - 146.0 Hollin Hills
Riverside Gardens,Week2,Pinecrest,Week4,232.0 Pinecrest - 170.0 Riverside Gardens
Rolling Forest,Week4,Sideburn Run,Week4,227.0 Sideburn Run - 175.0 Rolling Forest
Rolling Hills,Week1,Lakevale Estates,Week4,318.0 Lakevale Estates - 84.0 Rolling Hills
Rolling Hills,Week2,Highlands Swim,Week4,306.0 Highlands Swim - 96.0 Rolling Hills
Riverside Gardens,Week3,Pinewood Lake,Week1,377.0 Riverside Gardens - 25.0 Pinewood Lake
Rolling Forest,Week2,Little Hunting Park,Week1,218.0 Rolling Forest - 183.0 Little Hunting Park
Rolling Hills,Week2,Hollin Hills,Week1,281.0 Rolling Hills - 121.0 Hollin Hills
Riverside Gardens,Week1,McLean,Week3,252.0 McLean - 150.0 Riverside Gardens
Rolling Forest,Week3,Fairfax Station,Week5,289.0 Fairfax Station - 113.0 Rolling Forest
Rolling Hills,Week5,Lakevale Estates,Week1,273.0 Lakevale Estates - 129.0 Rolling Hills
Rolling Forest,Week2,Little Hunting Park,Week3,220.0 Rolling Forest - 182.0 Little Hunting Park
Riverside Gardens,Week1,Mosby Woods,Week2,231.5 Mosby Woods - 170.5 Riverside Gardens
Riverside Gardens,Week5,McLean,Week2,220.5 McLean - 181.5 Riverside Gardens
Rolling Forest,Week2,Little Hunting Park,Week4,232.0 Rolling Forest - 170.0 Little Hunting Park
Rolling Hills,Week5,Lakevale Estates,Week5,310.5 Lakevale Estates - 91.5 Rolling Hills
Riverside Gardens,Week2,Pinecrest,Week5,223.0 Pinecrest - 179.0 Riverside Gardens
Rolling Forest,Week3,Sleepy Hollow B & R,Week3,209.0 Sleepy Hollow B & R - 193.0 Rolling Forest
Rolling Hills,Week3,Highlands Swim,Week2,323.0 Highlands Swim - 79.0 Rolling Hills
Rolling Forest,Week3,Little Hunting Park,Week1,244.0 Rolling Forest - 158.0 Little Hunting Park
Rolling Forest,Week2,Forest Hollow,Week1,227.0 Forest Hollow - 175.0 Rolling Forest
Riverside Gardens,Week1,Mosby Woods,Week3,227.0 Mosby Woods - 175.0 Riverside Gardens
Rolling Hills,Week2,Highlands Swim,Week1,314.0 Highlands Swim - 88.0 Rolling Hills
Rolling Forest,Week5,Fairfax Station,Week4,257.0 Fairfax Station - 145.0 Rolling Forest
Rolling Forest,Week1,Sleepy Hollow B & R,Week2,242.0 Sleepy Hollow B & R - 160.0 Rolling Forest
Rolling Forest,Week2,Sleepy Hollow B & R,Week4,250.0 Sleepy Hollow B & R - 152.0 Rolling Forest
Rolling Forest,Week2,Forest Hollow,Week2,217.0 Forest Hollow - 185.0 Rolling Forest
Riverside Gardens,Week2,Mosby Woods,Week1,238.0 Mosby Woods - 164.0 Riverside Gardens
Rolling Hills,Week3,Lakevale Estates,Week4,309.0 Lakevale Estates - 93.0 Rolling Hills
Rolling Forest,Week4,Fairfax Station,Week1,256.0 Fairfax Station - 146.0 Rolling Forest
Riverside Gardens,Week2,Mosby Woods,Week3,243.0 Mosby Woods - 159.0 Riverside Gardens
Riverside Gardens,Week3,Pinewood Lake,Week2,390.0 Riverside Gardens - 12.0 Pinewood Lake
Rolling Forest,Week4,Little Hunting Park,Week1,237.0 Rolling Forest - 164.0 Little Hunting Park
Riverside Gardens,Week4,Pinecrest,Week1,213.5 Riverside Gardens - 188.5 Pinecrest
Rolling Hills,Week3,Highlands Swim,Week5,322.0 Highlands Swim - 80.0 Rolling Hills
Riverside Gardens,Week5,Pinecrest,Week3,225.0 Pinecrest - 177.0 Riverside Gardens
Rolling Forest,Week1,Sleepy Hollow B & R,Week1,227.0 Sleepy Hollow B & R - 175.0 Rolling Forest
Riverside Gardens,Week1,Pinecrest,Week5,206.0 Pinecrest - 196.0 Riverside Gardens
Riverside Gardens,Week1,Mosby Woods,Week5,221.0 Mosby Woods - 181.0 Riverside Gardens
Rolling Forest,Week3,Little Hunting Park,Week4,246.0 Rolling Forest - 156.0 Little Hunting Park
Rolling Forest,Week3,Little Hunting Park,Week5,216.0 Rolling Forest - 186.0 Little Hunting Park
Riverside Gardens,Week4,Pinecrest,Week2,211.0 Riverside Gardens - 191.0 Pinecrest
Riverside Gardens,Week1,Mosby Woods,Week1,239.0 Mosby Woods - 163.0 Riverside Gardens
Rolling Hills,Week1,Lakevale Estates,Week3,294.0 Lakevale Estates - 108.0 Rolling Hills
Rolling Forest,Week3,Sleepy Hollow B & R,Week1,212.0 Sleepy Hollow B & R - 190.0 Rolling Forest
Rolling Forest,Week1,Sleepy Hollow Rec,Week2,258.0 Rolling Forest - 144.0 Sleepy Hollow Rec
Rolling Hills,Week1,Lakevale Estates,Week1,270.0 Lakevale Estates - 132.0 Rolling Hills
Rolling Forest,Week5,Fairfax Station,Week2,261.0 Fairfax Station - 141.0 Rolling Forest
Rolling Forest,Week5,Fairfax Station,Week3,283.0 Fairfax Station - 119.0 Rolling Forest
Rolling Hills,Week1,Highlands Swim,Week2,329.0 Highlands Swim - 73.0 Rolling Hills
Rolling Hills,Week5,Highland Park,Week5,255.0 Highland Park - 147.0 Rolling Hills
Rolling Hills,Week4,Highlands Swim,Week4,308.0 Highlands Swim - 94.0 Rolling Hills
Rolling Hills,Week5,Lake Braddock,Week5,237.0 Rolling Hills - 165.0 Lake Braddock
Rolling Forest,Week4,Little Hunting Park,Week2,237.0 Rolling Forest - 165.0 Little Hunting Park
Rolling Hills,Week2,Lakevale Estates,Week3,295.0 Lakevale Estates - 107.0 Rolling Hills
Riverside Gardens,Week4,Pinecrest,Week5,210.0 Riverside Gardens - 192.0 Pinecrest
Rolling Forest,Week1,Forest Hollow,Week2,210.0 Forest Hollow - 192.0 Rolling Forest
Rolling Hills,Week5,Lakeview,Week1,269.0 Rolling Hills - 133.0 Lakeview
Rolling Forest,Week1,Forest Hollow,Week5,250.0 Forest Hollow - 152.0 Rolling Forest
Rolling Hills,Week1,Highlands Swim,Week3,317.0 Highlands Swim - 85.0 Rolling Hills
Rolling Forest,Week4,Sleepy Hollow B & R,Week2,241.0 Sleepy Hollow B & R - 161.0 Rolling Forest
Rolling Forest,Week4,Fairfax Station,Week4,276.0 Fairfax Station - 126.0 Rolling Forest
Rolling Forest,Week1,Little Rocky Run,Week1,285.0 Little Rocky Run - 117.0 Rolling Forest
Rolling Forest,Week5,Little Hunting Park,Week3,256.0 Rolling Forest - 146.0 Little Hunting Park
Riverside Gardens,Week3,Mosby Woods,Week2,216.0 Mosby Woods - 186.0 Riverside Gardens
Rolling Hills,Week2,Highlands Swim,Week5,321.0 Highlands Swim - 81.0 Rolling Hills
Rolling Forest,Week5,Fairfax Station,Week5,297.0 Fairfax Station - 105.0 Rolling Forest
Riverside Gardens,Week2,Mosby Woods,Week5,235.0 Mosby Woods - 167.0 Riverside Gardens
Riverside Gardens,Week5,Pinecrest,Week2,209.0 Riverside Gardens - 193.0 Pinecrest
Rolling Hills,Week5,Highlands Swim,Week2,326.0 Highlands Swim - 76.0 Rolling Hills
Rolling Forest,Week2,Forest Hollow,Week3,228.0 Forest Hollow - 174.0 Rolling Forest
Riverside Gardens,Week3,Mosby Woods,Week3,207.0 Mosby Woods - 195.0 Riverside Gardens
Riverside Gardens,Week4,Mosby Woods,Week2,220.0 Mosby Woods - 182.0 Riverside Gardens
Rolling Forest,Week1,Sleepy Hollow B & R,Week5,253.0 Sleepy Hollow B & R - 149.0 Rolling Forest
Rolling Hills,Week4,Highlands Swim,Week5,327.0 Highlands Swim - 75.0 Rolling Hills
Rolling Hills,Week1,Highlands Swim,Week1,319.0 Highlands Swim - 83.0 Rolling Hills
Rolling Hills,Week4,Highlands Swim,Week3,328.0 Highlands Swim - 74.0 Rolling Hills
Riverside Gardens,Week3,Mosby Woods,Week1,222.0 Mosby Woods - 180.0 Riverside Gardens
Rolling Forest,Week3,Sleepy Hollow B & R,Week4,223.0 Sleepy Hollow B & R - 179.0 Rolling Forest
Rolling Forest,Week4,Little Hunting Park,Week3,234.0 Rolling Forest - 168.0 Little Hunting Park
Rolling Forest,Week5,Little Hunting Park,Week5,227.0 Rolling Forest - 175.0 Little Hunting Park
Rolling Hills,Week4,Lakevale Estates,Week3,294.0 Lakevale Estates - 108.0 Rolling Hills
Riverside Gardens,Week3,Mosby Woods,Week5,210.5 Mosby Woods - 191.5 Riverside Gardens
Riverside Gardens,Week4,Mosby Woods,Week1,221.0 Mosby Woods - 181.0 Riverside Gardens
Rolling Forest,Week5,Sideburn Run,Week2,222.0 Rolling Forest - 180.0 Sideburn Run
Rolling Forest,Week5,Little Hunting Park,Week4,255.0 Rolling Forest - 147.0 Little Hunting Park
Riverside Gardens,Week1,Pinecrest,Week2,215.0 Pinecrest - 187.0 Riverside Gardens
Riverside Gardens,Week2,Pinecrest,Week2,224.0 Pinecrest - 178.0 Riverside Gardens
Rolling Hills,Week1,Lakevale Estates,Week5,312.0 Lakevale Estates - 90.0 Rolling Hills
Riverside Gardens,Week5,Pinecrest,Week5,213.0 Pinecrest - 189.0 Riverside Gardens
Riverside Gardens,Week4,Pinecrest,Week4,215.0 Pinecrest - 187.0 Riverside Gardens
Rolling Hills,Week2,Lakevale Estates,Week5,304.0 Lakevale Estates - 98.0 Rolling Hills
Rolling Hills,Week4,Lakevale Estates,Week4,303.0 Lakevale Estates - 99.0 Rolling Hills
Rolling Forest,Week4,Sleepy Hollow B & R,Week4,253.0 Sleepy Hollow B & R - 149.0 Rolling Forest
Rolling Forest,Week5,Little Hunting Park,Week1,252.0 Rolling Forest - 149.0 Little Hunting Park
Rolling Forest,Week5,Sleepy Hollow B & R,Week3,216.0 Sleepy Hollow B & R - 186.0 Rolling Forest
Rolling Forest,Week1,Forest Hollow,Week4,243.0 Forest Hollow - 159.0 Rolling Forest
Rolling Hills,Week2,Lakeview,Week4,242.0 Rolling Hills - 160.0 Lakeview
Rolling Forest,Week5,Sideburn Run,Week5,208.0 Sideburn Run - 194.0 Rolling Forest
Rolling Forest,Week1,Fox Hunt,Week3,223.0 Fox Hunt - 179.0 Rolling Forest
Riverside Gardens,Week1,Pinewood Lake,Week3,385.5 Riverside Gardens - 16.5 Pinewood Lake
Riverside Gardens,Week2,Pinewood Lake,Week2,369.0 Riverside Gardens - 32.0 Pinewood Lake
Riverside Gardens,Week5,Pinecrest,Week4,214.0 Pinecrest - 188.0 Riverside Gardens
Rolling Forest,Week1,Fox Hunt,Week4,216.0 Fox Hunt - 186.0 Rolling Forest
Riverside Gardens,Week4,Mosby Woods,Week4,205.0 Riverside Gardens - 197.0 Mosby Woods
Rolling Hills,Week3,Highlands Swim,Week1,306.0 Highlands Swim - 96.0 Rolling Hills
Rolling Forest,Week1,Forest Hollow,Week3,225.0 Forest Hollow - 177.0 Rolling Forest
Rolling Hills,Week5,Lakeview,Week4,224.0 Rolling Hills - 178.0 Lakeview
Riverside Gardens,Week4,Mosby Woods,Week3,213.0 Mosby Woods - 189.0 Riverside Gardens
Rolling Hills,Week2,Highlands Swim,Week3,320.0 Highlands Swim - 82.0 Rolling Hills
Rolling Forest,Week1,Little Rocky Run,Week2,276.0 Little Rocky Run - 126.0 Rolling Forest
Rolling Forest,Week1,Little Rocky Run,Week3,300.0 Little Rocky Run - 102.0 Rolling Forest
Rolling Forest,Week5,Little Hunting Park,Week2,254.0 Rolling Forest - 148.0 Little Hunting Park
Rolling Forest,Week3,Sleepy Hollow B & R,Week2,212.0 Sleepy Hollow B & R - 190.0 Rolling Forest
Rolling Forest,Week2,Sleepy Hollow B & R,Week1,236.0 Sleepy Hollow B & R - 166.0 Rolling Forest
Riverside Gardens,Week1,Pinewood Lake,Week5,380.0 Riverside Gardens - 22.0 Pinewood Lake
Rolling Hills,Week1,Highlands Swim,Week4,318.0 Highlands Swim - 84.0 Rolling Hills
Riverside Gardens,Week2,Pinewood Lake,Week1,365.0 Riverside Gardens - 36.0 Pinewood Lake
Rolling Forest,Week5,Sleepy Hollow B & R,Week2,214.0 Sleepy Hollow B & R - 188.0 Rolling Forest
Rolling Forest,Week2,Sleepy Hollow B & R,Week3,241.0 Sleepy Hollow B & R - 161.0 Rolling Forest
Rolling Forest,Week2,Fox Hunt,Week3,233.0 Fox Hunt - 169.0 Rolling Forest
Rolling Forest,Week1,Little Rocky Run,Week4,300.0 Little Rocky Run - 102.0 Rolling Forest
Riverside Gardens,Week5,Mosby Woods,Week1,206.0 Mosby Woods - 196.0 Riverside Gardens
Riverside Gardens,Week5,Mosby Woods,Week2,213.0 Mosby Woods - 189.0 Riverside Gardens
Rolling Forest,Week1,Sleepy Hollow B & R,Week4,242.0 Sleepy Hollow B & R - 160.0 Rolling Forest
Rolling Forest,Week5,Forest Hollow,Week4,224.0 Forest Hollow - 178.0 Rolling Forest
Rolling Hills,Week4,Lakeview,Week5,247.0 Rolling Hills - 145.0 Lakeview
Rolling Forest,Week4,Fairfax Station,Week2,273.0 Fairfax Station - 129.0 Rolling Forest
Riverside Gardens,Week4,Mosby Woods,Week5,212.0 Mosby Woods - 190.0 Riverside Gardens
Rolling Forest,Week4,Little Hunting Park,Week4,243.0 Rolling Forest - 159.0 Little Hunting Park
Rolling Hills,Week2,Lakeview,Week2,277.0 Rolling Hills - 125.0 Lakeview
Riverside Gardens,Week2,Pinewood Lake,Week3,377.0 Riverside Gardens - 24.0 Pinewood Lake
Rolling Forest,Week4,Little Hunting Park,Week5,210.0 Rolling Forest - 192.0 Little Hunting Park
Rolling Hills,Week3,Highlands Swim,Week4,299.0 Highlands Swim - 103.0 Rolling Hills
Rolling Hills,Week5,Highland Park,Week4,272.0 Highland Park - 130.0 Rolling Hills
Rolling Hills,Week1,Hollin Hills,Week1,275.0 Rolling Hills - 126.0 Hollin Hills
Rolling Hills,Week1,Highlands Swim,Week5,328.0 Highlands Swim - 74.0 Rolling Hills
Riverside Gardens,Week2,Pinewood Lake,Week4,370.0 Riverside Gardens - 32.0 Pinewood Lake
Riverside Gardens,Week4,Pinewood Lake,Week2,383.0 Riverside Gardens - 19.0 Pinewood Lake
Rolling Forest,Week4,Forest Hollow,Week3,232.0 Forest Hollow - 170.0 Rolling Forest
Rolling Hills,Week1,Hollin Hills,Week3,266.0 Rolling Hills - 136.0 Hollin Hills
Riverside Gardens,Week1,Mount Vernon Park,Week2,203.0 Mount Vernon Park - 199.0 Riverside Gardens
Riverside Gardens,Week3,Pinewood Lake,Week5,379.0 Riverside Gardens - 23.0 Pinewood Lake
Rolling Forest,Week4,Mosby Woods,Week3,279.0 Mosby Woods - 123.0 Rolling Forest
Rolling Hills,Week3,Hollin Hills,Week4,257.0 Rolling Hills - 142.0 Hollin Hills
Rolling Forest,Week4,Forest Hollow,Week5,256.0 Forest Hollow - 146.0 Rolling Forest
Rolling Forest,Week5,Sideburn Run,Week4,204.0 Sideburn Run - 198.0 Rolling Forest
Rolling Hills,Week3,Lakeview,Week5,250.0 Rolling Hills - 142.0 Lakeview
Rolling Forest,Week2,Sleepy Hollow B & R,Week5,272.0 Sleepy Hollow B & R - 130.0 Rolling Forest
Rolling Hills,Week2,Lakeview,Week1,269.0 Rolling Hills - 133.0 Lakeview
Riverside Gardens,Week5,Mosby Woods,Week5,201.0 Mosby Woods - 201.0 Riverside Gardens
Rolling Forest,Week1,Forest Hollow,Week1,224.0 Forest Hollow - 178.0 Rolling Forest
Riverside Gardens,Week3,Pinewood Lake,Week4,383.0 Riverside Gardens - 19.0 Pinewood Lake
Rolling Hills,Week1,Hollin Hills,Week4,269.0 Rolling Hills - 126.0 Hollin Hills
Rolling Hills,Week2,Hollin Hills,Week4,270.0 Rolling Hills - 129.0 Hollin Hills
Rolling Forest,Week2,Sleepy Hollow B & R,Week2,243.0 Sleepy Hollow B & R - 159.0 Rolling Forest
Rolling Hills,Week3,Hollin Hills,Week1,275.0 Rolling Hills - 126.0 Hollin Hills
Riverside Gardens,Week1,Mount Vernon Park,Week1,220.0 Mount Vernon Park - 182.0 Riverside Gardens
Rolling Hills,Week4,Highlands Swim,Week2,327.0 Highlands Swim - 75.0 Rolling Hills
Rolling Forest,Week3,Forest Hollow,Week2,205.5 Forest Hollow - 196.5 Rolling Forest
Riverside Gardens,Week4,Pinewood Lake,Week3,390.0 Riverside Gardens - 12.0 Pinewood Lake
Rolling Forest,Week2,Forest Hollow,Week5,251.0 Forest Hollow - 151.0 Rolling Forest
Rolling Hills,Week5,Highlands Swim,Week3,320.0 Highlands Swim - 82.0 Rolling Hills
Riverside Gardens,Week3,Mosby Woods,Week4,206.0 Riverside Gardens - 196.0 Mosby Woods
Riverside Gardens,Week5,Mosby Woods,Week4,218.0 Riverside Gardens - 184.0 Mosby Woods
Rolling Forest,Week4,Forest Hollow,Week4,243.0 Forest Hollow - 159.0 Rolling Forest
Rolling Hills,Week2,Hollin Hills,Week2,272.0 Rolling Hills - 129.0 Hollin Hills
Rolling Hills,Week5,Lakeview,Week5,249.0 Rolling Hills - 144.0 Lakeview
Rolling Forest,Week4,Fairfax Station,Week3,290.5 Fairfax Station - 111.5 Rolling Forest
Rolling Forest,Week4,Sleepy Hollow B & R,Week5,265.0 Sleepy Hollow B & R - 137.0 Rolling Forest
Rolling Forest,Week3,Forest Hollow,Week1,213.5 Forest Hollow - 188.5 Rolling Forest
Riverside Gardens,Week3,Pinewood Lake,Week3,390.0 Riverside Gardens - 12.0 Pinewood Lake
Rolling Forest,Week3,Sleepy Hollow B & R,Week5,233.5 Sleepy Hollow B & R - 168.5 Rolling Forest
Rolling Hills,Week5,Lakeview,Week2,268.0 Rolling Hills - 134.0 Lakeview
Riverside Gardens,Week1,Mount Vernon Park,Week3,222.0 Mount Vernon Park - 180.0 Riverside Gardens
Rolling Hills,Week4,Lakeview,Week4,238.0 Rolling Hills - 164.0 Lakeview
Rolling Forest,Week3,Forest Hollow,Week4,219.0 Forest Hollow - 183.0 Rolling Forest
Rolling Forest,Week5,Sideburn Run,Week3,205.0 Sideburn Run - 197.0 Rolling Forest
Rolling Forest,Week4,Mosby Woods,Week1,274.0 Mosby Woods - 128.0 Rolling Forest
Riverside Gardens,Week4,Pinewood Lake,Week1,376.0 Riverside Gardens - 26.0 Pinewood Lake
Rolling Hills,Week1,Lakeview,Week2,276.0 Rolling Hills - 126.0 Lakeview
Rolling Forest,Week5,Sleepy Hollow B & R,Week4,224.0 Sleepy Hollow B & R - 178.0 Rolling Forest
Rolling Hills,Week3,Lakeview,Week3,247.0 Rolling Hills - 155.0 Lakeview
Rolling Hills,Week4,Lakeview,Week1,272.0 Rolling Hills - 129.0 Lakeview
Rolling Forest,Week4,Fairfax Station,Week5,299.0 Fairfax Station - 103.0 Rolling Forest
Rolling Forest,Week4,Sleepy Hollow B & R,Week1,227.0 Sleepy Hollow B & R - 175.0 Rolling Forest
Riverside Gardens,Week5,Mosby Woods,Week3,208.0 Riverside Gardens - 194.0 Mosby Woods
Rolling Hills,Week5,Highlands Swim,Week5,336.0 Highlands Swim - 66.0 Rolling Hills
Rolling Forest,Week5,Sleepy Hollow B & R,Week5,241.5 Sleepy Hollow B & R - 160.5 Rolling Forest
Rolling Forest,Week1,Sleepy Hollow B & R,Week3,234.0 Sleepy Hollow B & R - 168.0 Rolling Forest
Rolling Forest,Week5,Sleepy Hollow B & R,Week1,209.0 Sleepy Hollow B & R - 193.0 Rolling Forest
Rolling Forest,Week3,Mosby Woods,Week5,260.0 Mosby Woods - 142.0 Rolling Forest
Rolling Forest,Week5,Fairfax Station,Week1,261.0 Fairfax Station - 141.0 Rolling Forest
Rolling Hills,Week1,Lakeview,Week3,260.0 Rolling Hills - 142.0 Lakeview
Rolling Hills,Week2,Hollin Hills,Week5,251.0 Rolling Hills - 149.0 Hollin Hills
Rolling Hills,Week2,Lakeview,Week5,257.0 Rolling Hills - 136.0 Lakeview
Rolling Hills,Week2,Lakeview,Week3,255.0 Rolling Hills - 147.0 Lakeview
Rolling Forest,Week3,Sleepy Hollow Rec,Week3,238.5 Rolling Forest - 163.5 Sleepy Hollow Rec
Rolling Hills,Week2,Hollin Hills,Week3,277.5 Rolling Hills - 124.5 Hollin Hills
Rolling Forest,Week5,Forest Hollow,Week3,219.0 Forest Hollow - 183.0 Rolling Forest
Rolling Forest,Week5,Forest Hollow,Week1,219.0 Forest Hollow - 183.0 Rolling Forest
Rolling Hills,Week3,Hollin Hills,Week5,249.0 Rolling Hills - 144.0 Hollin Hills
Rolling Forest,Week4,Sleepy Hollow B & R,Week3,239.0 Sleepy Hollow B & R - 163.0 Rolling Forest
Rolling Hills,Week1,Lakeview,Week5,250.0 Rolling Hills - 143.0 Lakeview
Rolling Forest,Week3,Mosby Woods,Week4,259.0 Mosby Woods - 143.0 Rolling Forest
Rolling Hills,Week3,Hollin Hills,Week3,258.0 Rolling Hills - 143.0 Hollin Hills
Rolling Forest,Week3,Sleepy Hollow Rec,Week5,235.5 Rolling Forest - 166.5 Sleepy Hollow Rec
Rolling Forest,Week3,Mosby Woods,Week1,263.0 Mosby Woods - 139.0 Rolling Forest
Rolling Hills,Week3,Lakeview,Week1,264.0 Rolling Hills - 138.0 Lakeview
Rolling Forest,Week1,Sleepy Hollow Rec,Week1,262.5 Rolling Forest - 139.5 Sleepy Hollow Rec
Rolling Forest,Week2,Mosby Woods,Week4,271.0 Mosby Woods - 131.0 Rolling Forest
Rolling Forest,Week3,Mosby Woods,Week3,254.0 Mosby Woods - 148.0 Rolling Forest
Rolling Forest,Week4,Forest Hollow,Week2,217.5 Forest Hollow - 184.5 Rolling Forest
Rolling Forest,Week5,Forest Hollow,Week5,225.0 Forest Hollow - 177.0 Rolling Forest
Rolling Forest,Week4,Mosby Woods,Week2,281.0 Mosby Woods - 121.0 Rolling Forest
Rolling Forest,Week1,Mount Vernon Park,Week5,287.0 Mount Vernon Park - 115.0 Rolling Forest
Rolling Forest,Week2,Somerset-Olde Creek,Week3,301.0 Rolling Forest - 101.0 Somerset-Olde Creek
Rolling Hills,Week4,Hollin Hills,Week1,277.0 Rolling Hills - 124.0 Hollin Hills
Rolling Forest,Week5,Sleepy Hollow Rec,Week1,259.0 Rolling Forest - 143.0 Sleepy Hollow Rec
Rolling Forest,Week5,Sleepy Hollow Rec,Week5,241.0 Rolling Forest - 161.0 Sleepy Hollow Rec
Rolling Forest,Week2,Mount Vernon Park,Week3,289.0 Mount Vernon Park - 113.0 Rolling Forest
Rolling Forest,Week1,Somerset-Olde Creek,Week1,309.0 Rolling Forest - 93.0 Somerset-Olde Creek
Rolling Hills,Week1,Lakeview,Week4,234.0 Rolling Hills - 168.0 Lakeview
Rolling Forest,Week3,Forest Hollow,Week3,213.0 Forest Hollow - 189.0 Rolling Forest
Rolling Hills,Week3,Lakeview,Week4,232.0 Rolling Hills - 170.0 Lakeview
Rolling Hills,Week3,Hollin Hills,Week2,267.0 Rolling Hills - 130.0 Hollin Hills
Rolling Hills,Week4,Hollin Hills,Week4,265.0 Rolling Hills - 131.0 Hollin Hills
Rolling Hills,Week5,Hollin Hills,Week2,267.0 Rolling Hills - 134.0 Hollin Hills
Rolling Hills,Week4,Hollin Hills,Week5,263.0 Rolling Hills - 134.0 Hollin Hills
Rolling Hills,Week3,Lakeview,Week2,256.0 Rolling Hills - 145.0 Lakeview
Rolling Hills,Week4,Lakeview,Week2,270.0 Rolling Hills - 130.0 Lakeview
Rolling Forest,Week4,Mount Vernon Park,Week3,283.0 Mount Vernon Park - 119.0 Rolling Forest
Rolling Forest,Week4,Forest Hollow,Week1,230.0 Forest Hollow - 172.0 Rolling Forest
Rolling Forest,Week1,Fox Hunt,Week1,209.0 Rolling Forest - 193.0 Fox Hunt
Rolling Forest,Week3,Forest Hollow,Week5,233.0 Forest Hollow - 169.0 Rolling Forest
Rolling Forest,Week1,Somerset-Olde Creek,Week4,315.0 Rolling Forest - 87.0 Somerset-Olde Creek
Rolling Forest,Week1,Fox Mill Estates,Week3,211.0 Rolling Forest - 191.0 Fox Mill Estates
Rolling Forest,Week1,Fox Mill Estates,Week1,237.0 Rolling Forest - 165.0 Fox Mill Estates
Rolling Hills,Week1,Hollin Meadows,Week1,240.0 Hollin Meadows - 162.0 Rolling Hills
Rolling Forest,Week4,Mosby Woods,Week5,294.0 Mosby Woods - 108.0 Rolling Forest
Rolling Hills,Week5,Hollin Hills,Week4,268.0 Rolling Hills - 134.0 Hollin Hills
Rolling Forest,Week2,Fox Hunt,Week2,214.0 Fox Hunt - 183.0 Rolling Forest
Rolling Forest,Week1,Mount Vernon Park,Week2,277.0 Mount Vernon Park - 125.0 Rolling Forest
Rolling Forest,Week1,Sleepy Hollow Rec,Week4,268.0 Rolling Forest - 134.0 Sleepy Hollow Rec
Rolling Hills,Week4,Hollin Hills,Week3,256.0 Rolling Hills - 144.0 Hollin Hills
Rolling Forest,Week1,Fox Hunt,Week2,205.0 Fox Hunt - 197.0 Rolling Forest
Rolling Forest,Week1,Somerset-Olde Creek,Week2,325.0 Rolling Forest - 77.0 Somerset-Olde Creek
Rolling Hills,Week4,Hollin Hills,Week2,262.5 Rolling Hills - 133.5 Hollin Hills
Rolling Forest,Week2,Sleepy Hollow Rec,Week2,233.0 Rolling Forest - 169.0 Sleepy Hollow Rec
Rolling Forest,Week4,Mount Vernon Park,Week5,290.0 Mount Vernon Park - 112.0 Rolling Forest
Rolling Forest,Week5,Sleepy Hollow Rec,Week3,234.0 Rolling Forest - 168.0 Sleepy Hollow Rec
Rolling Forest,Week1,Fox Hunt,Week5,229.0 Fox Hunt - 173.0 Rolling Forest
Rolling Forest,Week1,Mount Vernon Park,Week3,277.0 Mount Vernon Park - 125.0 Rolling Forest
Rolling Forest,Week3,Mount Vernon Park,Week3,264.0 Mount Vernon Park - 138.0 Rolling Forest
Rolling Forest,Week4,Sleepy Hollow Rec,Week4,257.0 Rolling Forest - 145.0 Sleepy Hollow Rec
Rolling Forest,Week4,Sleepy Hollow Rec,Week5,223.0 Rolling Forest - 179.0 Sleepy Hollow Rec
Rolling Forest,Week2,Fox Hunt,Week1,214.0 Fox Hunt - 183.0 Rolling Forest
Rolling Forest,Week3,Mosby Woods,Week2,263.5 Mosby Woods - 138.5 Rolling Forest
Rolling Hills,Week5,Hollin Hills,Week5,253.0 Rolling Hills - 148.0 Hollin Hills
Rolling Forest,Week5,Mosby Woods,Week3,248.0 Mosby Woods - 154.0 Rolling Forest
Rolling Forest,Week4,Fox Hunt,Week5,234.0 Fox Hunt - 168.0 Rolling Forest
Rolling Hills,Week4,Lakeview,Week3,250.0 Rolling Hills - 151.0 Lakeview
Rolling Forest,Week3,Mount Vernon Park,Week2,252.0 Mount Vernon Park - 150.0 Rolling Forest
Rolling Hills,Week5,Hollin Hills,Week3,266.0 Rolling Hills - 136.0 Hollin Hills
Rolling Hills,Week5,Lakeview,Week3,250.0 Rolling Hills - 152.0 Lakeview
Rolling Forest,Week3,Mount Vernon Park,Week1,259.0 Mount Vernon Park - 143.0 Rolling Forest
Rolling Forest,Week5,Forest Hollow,Week2,210.0 Forest Hollow - 192.0 Rolling Forest
Rolling Hills,Week5,Hollin Hills,Week1,275.0 Rolling Hills - 127.0 Hollin Hills
Rolling Forest,Week1,Somerset-Olde Creek,Week5,290.0 Rolling Forest - 112.0 Somerset-Olde Creek
Rolling Forest,Week4,Sleepy Hollow Rec,Week2,252.0 Rolling Forest - 150.0 Sleepy Hollow Rec
Rolling Forest,Week2,Mount Vernon Park,Week4,279.0 Mount Vernon Park - 123.0 Rolling Forest
Rolling Forest,Week5,Fox Hunt,Week4,201.0 Fox Hunt - 201.0 Rolling Forest
Rolling Forest,Week5,Fox Hunt,Week3,211.0 Fox Hunt - 191.0 Rolling Forest
Rolling Forest,Week4,Fox Hunt,Week1,204.0 Fox Hunt - 198.0 Rolling Forest
Rolling Forest,Week5,Sleepy Hollow Rec,Week4,274.0 Rolling Forest - 128.0 Sleepy Hollow Rec
Rolling Forest,Week1,Sleepy Hollow Rec,Week3,219.0 Rolling Forest - 183.0 Sleepy Hollow Rec
Rolling Forest,Week2,Mosby Woods,Week5,277.5 Mosby Woods - 124.5 Rolling Forest
Rolling Forest,Week4,Mosby Woods,Week4,281.0 Mosby Woods - 121.0 Rolling Forest
Rolling Forest,Week5,Mosby Woods,Week1,259.0 Mosby Woods - 143.0 Rolling Forest
Rolling Forest,Week5,Fox Hunt,Week5,216.0 Fox Hunt - 186.0 Rolling Forest
Rolling Forest,Week2,Sleepy Hollow Rec,Week5,206.0 Rolling Forest - 196.0 Sleepy Hollow Rec
Rolling Forest,Week1,Somerset-Olde Creek,Week3,313.0 Rolling Forest - 84.0 Somerset-Olde Creek
Rolling Forest,Week3,Sleepy Hollow Rec,Week4,282.0 Rolling Forest - 120.0 Sleepy Hollow Rec
Rolling Forest,Week2,Mosby Woods,Week3,275.0 Mosby Woods - 127.0 Rolling Forest
Rolling Forest,Week2,Sleepy Hollow Rec,Week4,238.0 Rolling Forest - 164.0 Sleepy Hollow Rec
Rolling Forest,Week3,Fox Hunt,Week1,203.0 Rolling Forest - 199.0 Fox Hunt
Rolling Forest,Week2,Fox Hunt,Week5,245.0 Fox Hunt - 157.0 Rolling Forest
Rolling Forest,Week2,Sleepy Hollow Rec,Week1,227.0 Rolling Forest - 175.0 Sleepy Hollow Rec
Rolling Forest,Week2,Sleepy Hollow Rec,Week3,212.0 Rolling Forest - 190.0 Sleepy Hollow Rec
Rolling Forest,Week4,Fox Hunt,Week3,223.0 Fox Hunt - 179.0 Rolling Forest
Rolling Forest,Week5,Mosby Woods,Week5,256.5 Mosby Woods - 145.5 Rolling Forest
Rolling Forest,Week3,Fox Hunt,Week3,213.0 Fox Hunt - 189.0 Rolling Forest
Rolling Forest,Week3,Sleepy Hollow Rec,Week1,264.0 Rolling Forest - 138.0 Sleepy Hollow Rec
Rolling Forest,Week3,Sleepy Hollow Rec,Week2,258.0 Rolling Forest - 144.0 Sleepy Hollow Rec
Rolling Forest,Week4,Mount Vernon Park,Week1,276.0 Mount Vernon Park - 126.0 Rolling Forest
Rolling Forest,Week2,Mount Vernon Park,Week2,283.0 Mount Vernon Park - 119.0 Rolling Forest
Rolling Forest,Week5,Mosby Woods,Week4,242.0 Mosby Woods - 160.0 Rolling Forest
Rolling Forest,Week4,Sleepy Hollow Rec,Week3,228.0 Rolling Forest - 174.0 Sleepy Hollow Rec
Rolling Forest,Week4,Sleepy Hollow Rec,Week1,249.0 Rolling Forest - 153.0 Sleepy Hollow Rec
Rolling Forest,Week1,Sleepy Hollow Rec,Week5,227.0 Rolling Forest - 175.0 Sleepy Hollow Rec
Rolling Forest,Week5,Fox Hunt,Week2,207.5 Rolling Forest - 194.5 Fox Hunt
Rolling Forest,Week1,Mount Vernon Park,Week1,276.0 Mount Vernon Park - 126.0 Rolling Forest
Rolling Forest,Week1,Mount Vernon Park,Week4,274.0 Mount Vernon Park - 128.0 Rolling Forest
Rolling Forest,Week5,Sleepy Hollow Rec,Week2,258.0 Rolling Forest - 144.0 Sleepy Hollow Rec
Rolling Forest,Week3,Fox Hunt,Week4,215.0 Fox Hunt - 187.0 Rolling Forest
Rolling Forest,Week4,Fox Hunt,Week2,205.0 Fox Hunt - 197.0 Rolling Forest
Rolling Forest,Week2,Fox Hunt,Week4,229.0 Fox Hunt - 173.0 Rolling Forest
Rolling Forest,Week4,Mount Vernon Park,Week2,271.0 Mount Vernon Park - 131.0 Rolling Forest
Rolling Forest,Week4,Fox Hunt,Week4,210.0 Fox Hunt - 192.0 Rolling Forest
Rolling Forest,Week2,Mount Vernon Park,Week5,294.0 Mount Vernon Park - 108.0 Rolling Forest
Rolling Forest,Week3,Fox Hunt,Week2,204.0 Fox Hunt - 198.0 Rolling Forest
Rolling Forest,Week5,Mosby Woods,Week2,259.0 Mosby Woods - 143.0 Rolling Forest
Rolling Forest,Week5,Fox Hunt,Week1,213.0 Rolling Forest - 189.0 Fox Hunt
Rolling Forest,Week3,Newington Forest,Week3,296.0 Rolling Forest - 106.0 Newington Forest
Rolling Forest,Week4,Mount Vernon Park,Week4,277.0 Mount Vernon Park - 125.0 Rolling Forest
Rolling Forest,Week1,Newington Forest,Week5,258.0 Rolling Forest - 139.0 Newington Forest
Rolling Forest,Week1,Fox Mill Estates,Week2,210.0 Rolling Forest - 192.0 Fox Mill Estates
Rolling Forest,Week5,Somerset-Olde Creek,Week4,307.0 Rolling Forest - 95.0 Somerset-Olde Creek
Rolling Forest,Week4,Fox Mill Estates,Week3,211.0 Fox Mill Estates - 191.0 Rolling Forest
Rolling Forest,Week3,Fox Hunt,Week5,214.0 Fox Hunt - 188.0 Rolling Forest
Rolling Forest,Week2,Mount Vernon Park,Week1,274.0 Mount Vernon Park - 123.0 Rolling Forest
Rolling Forest,Week3,Mount Vernon Park,Week5,283.0 Mount Vernon Park - 119.0 Rolling Forest
Rolling Forest,Week3,Mount Vernon Park,Week4,266.0 Mount Vernon Park - 136.0 Rolling Forest
Rolling Forest,Week3,Newington Forest,Week4,280.0 Rolling Forest - 122.0 Newington Forest
Rolling Forest,Week4,Fox Mill Estates,Week2,206.0 Fox Mill Estates - 196.0 Rolling Forest
Rolling Forest,Week2,South Run,Week5,209.0 South Run - 193.0 Rolling Forest
Rolling Forest,Week2,Somerset-Olde Creek,Week4,286.0 Rolling Forest - 116.0 Somerset-Olde Creek
Rolling Forest,Week5,Fox Mill Estates,Week5,220.0 Rolling Forest - 182.0 Fox Mill Estates
Rolling Forest,Week5,Mount Vernon Park,Week2,259.0 Mount Vernon Park - 143.0 Rolling Forest
Rolling Forest,Week5,Somerset-Olde Creek,Week1,318.0 Rolling Forest - 84.0 Somerset-Olde Creek
Rolling Forest,Week1,Fox Mill Woods,Week4,300.0 Fox Mill Woods - 102.0 Rolling Forest
Rolling Forest,Week2,Somerset-Olde Creek,Week2,313.0 Rolling Forest - 89.0 Somerset-Olde Creek
Rolling Forest,Week2,Fox Mill Woods,Week4,296.0 Fox Mill Woods - 106.0 Rolling Forest
Rolling Forest,Week2,Somerset-Olde Creek,Week1,288.0 Rolling Forest - 113.0 Somerset-Olde Creek
Rolling Forest,Week2,Somerset-Olde Creek,Week5,264.0 Rolling Forest - 138.0 Somerset-Olde Creek
Rolling Forest,Week2,South Run,Week4,209.0 Rolling Forest - 188.0 South Run
Rolling Forest,Week4,Newington Forest,Week5,260.0 Rolling Forest - 142.0 Newington Forest
Rolling Forest,Week3,Newington Forest,Week5,272.0 Rolling Forest - 130.0 Newington Forest
Rolling Forest,Week1,Fox Mill Estates,Week5,210.5 Rolling Forest - 191.5 Fox Mill Estates
Rolling Forest,Week5,Fox Mill Estates,Week1,246.0 Rolling Forest - 156.0 Fox Mill Estates
Rolling Forest,Week1,Fox Mill Woods,Week2,263.0 Fox Mill Woods - 139.0 Rolling Forest
Rolling Forest,Week1,South Run,Week2,223.0 Rolling Forest - 179.0 South Run
Rolling Forest,Week3,Somerset-Olde Creek,Week1,308.0 Rolling Forest - 93.0 Somerset-Olde Creek
Rolling Forest,Week5,Fox Mill Estates,Week2,221.0 Rolling Forest - 181.0 Fox Mill Estates
Rolling Forest,Week4,Newington Forest,Week2,273.0 Rolling Forest - 128.0 Newington Forest
Rolling Forest,Week4,Somerset-Olde Creek,Week4,307.0 Rolling Forest - 95.0 Somerset-Olde Creek
Rolling Forest,Week3,Somerset-Olde Creek,Week4,306.5 Rolling Forest - 95.5 Somerset-Olde Creek
Rolling Forest,Week2,Fox Mill Estates,Week5,212.0 Fox Mill Estates - 190.0 Rolling Forest
Rolling Forest,Week1,Camelot,Week2,208.0 Rolling Forest - 194.0 Camelot
Rolling Forest,Week1,Newington Forest,Week2,268.0 Rolling Forest - 133.0 Newington Forest
Rolling Forest,Week5,Burke Station,Week5,255.0 Rolling Forest - 147.0 Burke Station
Rolling Forest,Week2,South Run,Week1,218.0 South Run - 175.0 Rolling Forest
Rolling Forest,Week4,Fox Mill Estates,Week1,227.0 Rolling Forest - 175.0 Fox Mill Estates
Rolling Forest,Week2,Fox Mill Estates,Week4,209.0 Fox Mill Estates - 193.0 Rolling Forest
Rolling Forest,Week5,Mount Vernon Park,Week3,264.5 Mount Vernon Park - 137.5 Rolling Forest
Rolling Forest,Week3,Fox Mill Estates,Week3,214.0 Rolling Forest - 188.0 Fox Mill Estates
Rolling Forest,Week4,Burke Station,Week3,252.0 Rolling Forest - 145.0 Burke Station
Rolling Forest,Week5,Newington Forest,Week1,294.0 Rolling Forest - 107.0 Newington Forest
Rolling Forest,Week4,Burke Station,Week5,238.0 Rolling Forest - 164.0 Burke Station
Rolling Forest,Week4,Newington Forest,Week3,273.0 Rolling Forest - 129.0 Newington Forest
Rolling Forest,Week2,Fox Mill Estates,Week3,212.0 Fox Mill Estates - 190.0 Rolling Forest
Rolling Forest,Week4,Somerset-Olde Creek,Week3,318.0 Rolling Forest - 84.0 Somerset-Olde Creek
Rolling Forest,Week4,Newington Forest,Week4,249.5 Rolling Forest - 152.5 Newington Forest
Rolling Forest,Week5,Somerset-Olde Creek,Week5,291.0 Rolling Forest - 111.0 Somerset-Olde Creek
Rolling Forest,Week2,Fox Mill Estates,Week2,202.0 Fox Mill Estates - 200.0 Rolling Forest
Rolling Forest,Week1,Fox Mill Estates,Week4,206.0 Rolling Forest - 196.0 Fox Mill Estates
Rolling Forest,Week3,Camelot,Week4,230.0 Rolling Forest - 172.0 Camelot
Rolling Forest,Week4,Newington Forest,Week1,279.0 Rolling Forest - 122.0 Newington Forest
Rolling Forest,Week1,Newington Forest,Week3,271.0 Rolling Forest - 131.0 Newington Forest
Rolling Forest,Week4,South Run,Week3,212.0 Rolling Forest - 190.0 South Run
Rolling Forest,Week1,Camelot,Week3,221.0 Rolling Forest - 181.0 Camelot
Rolling Forest,Week1,South Run,Week4,213.0 Rolling Forest - 189.0 South Run
Rolling Forest,Week1,South Run,Week3,218.5 Rolling Forest - 183.5 South Run
Rolling Forest,Week4,Somerset-Olde Creek,Week1,317.0 Rolling Forest - 85.0 Somerset-Olde Creek
Rolling Forest,Week2,Fox Mill Estates,Week1,223.0 Rolling Forest - 179.0 Fox Mill Estates
Rolling Forest,Week1,Fox Mill Woods,Week5,279.0 Fox Mill Woods - 123.0 Rolling Forest
Rolling Forest,Week3,Somerset-Olde Creek,Week3,326.0 Rolling Forest - 75.0 Somerset-Olde Creek
Rolling Forest,Week3,South Run,Week1,198.0 Rolling Forest - 195.0 South Run
Rolling Forest,Week5,Mount Vernon Park,Week5,284.0 Mount Vernon Park - 118.0 Rolling Forest
Rolling Forest,Week2,Camelot,Week4,216.0 Rolling Forest - 186.0 Camelot
Rolling Forest,Week3,Burke Station,Week2,300.0 Rolling Forest - 102.0 Burke Station
Rolling Forest,Week2,South Run,Week2,212.0 Rolling Forest - 190.0 South Run
Rolling Forest,Week5,Fox Mill Estates,Week4,217.0 Rolling Forest - 185.0 Fox Mill Estates
Rolling Forest,Week2,Newington Forest,Week1,258.0 Rolling Forest - 143.0 Newington Forest
Rolling Forest,Week5,Mount Vernon Park,Week4,260.0 Mount Vernon Park - 142.0 Rolling Forest
Rolling Forest,Week5,Mount Vernon Park,Week1,253.0 Mount Vernon Park - 149.0 Rolling Forest
Rolling Forest,Week2,Newington Forest,Week2,256.0 Rolling Forest - 145.0 Newington Forest
Rolling Forest,Week2,Newington Forest,Week5,244.0 Rolling Forest - 158.0 Newington Forest
Rolling Forest,Week3,Newington Forest,Week1,297.0 Rolling Forest - 105.0 Newington Forest
Rolling Forest,Week1,Fox Mill Woods,Week3,264.0 Fox Mill Woods - 138.0 Rolling Forest
Rolling Forest,Week3,Fox Mill Estates,Week1,250.0 Rolling Forest - 152.0 Fox Mill Estates
Rolling Forest,Week1,Newington Forest,Week1,286.5 Rolling Forest - 114.5 Newington Forest
Rolling Forest,Week4,Fox Mill Estates,Week4,212.0 Fox Mill Estates - 190.0 Rolling Forest
Rolling Forest,Week3,South Run,Week4,230.0 Rolling Forest - 172.0 South Run
Rolling Forest,Week3,Fox Mill Estates,Week2,215.0 Rolling Forest - 187.0 Fox Mill Estates
Rolling Forest,Week1,South Run,Week1,204.0 South Run - 189.0 Rolling Forest
Rolling Forest,Week3,Camelot,Week2,226.0 Rolling Forest - 176.0 Camelot
Rolling Forest,Week4,Fox Mill Estates,Week5,209.0 Fox Mill Estates - 193.0 Rolling Forest
Rolling Forest,Week2,Camelot,Week2,212.0 Rolling Forest - 190.0 Camelot
Rolling Forest,Week1,Newington Forest,Week4,254.0 Rolling Forest - 148.0 Newington Forest
Rolling Forest,Week2,Newington Forest,Week4,237.0 Rolling Forest - 165.0 Newington Forest
Rolling Forest,Week3,Somerset-Olde Creek,Week2,327.0 Rolling Forest - 75.0 Somerset-Olde Creek
Rolling Forest,Week5,Somerset-Olde Creek,Week3,322.0 Rolling Forest - 80.0 Somerset-Olde Creek
Rolling Forest,Week2,Camelot,Week5,215.0 Camelot - 187.0 Rolling Forest
Rolling Forest,Week5,Camelot,Week5,230.0 Rolling Forest - 172.0 Camelot
Rolling Forest,Week3,Fox Mill Estates,Week5,209.0 Rolling Forest - 193.0 Fox Mill Estates
Rolling Forest,Week1,Fox Mill Woods,Week1,275.0 Fox Mill Woods - 127.0 Rolling Forest
Rolling Forest,Week3,South Run,Week5,204.0 Rolling Forest - 198.0 South Run
Rolling Forest,Week3,Camelot,Week1,236.0 Rolling Forest - 166.0 Camelot
Rolling Forest,Week3,Camelot,Week3,245.0 Rolling Forest - 157.0 Camelot
Rolling Forest,Week4,Burke Station,Week4,272.0 Rolling Forest - 130.0 Burke Station
Rolling Forest,Week1,Camelot,Week5,218.0 Rolling Forest - 184.0 Camelot
Rolling Forest,Week3,Somerset-Olde Creek,Week5,289.0 Rolling Forest - 112.0 Somerset-Olde Creek
Rolling Forest,Week3,Burke Station,Week4,280.0 Rolling Forest - 122.0 Burke Station
Rolling Forest,Week3,North Springfield,Week4,301.0 Rolling Forest - 91.0 North Springfield
Rolling Forest,Week2,Newington Forest,Week3,259.0 Rolling Forest - 143.0 Newington Forest
Rolling Forest,Week3,North Springfield,Week1,288.0 Rolling Forest - 63.0 North Springfield
Rolling Forest,Week5,Fox Mill Estates,Week3,219.0 Rolling Forest - 183.0 Fox Mill Estates
Rolling Forest,Week2,Fox Mill Woods,Week2,272.0 Fox Mill Woods - 130.0 Rolling Forest
Rolling Forest,Week4,Somerset-Olde Creek,Week5,279.0 Rolling Forest - 123.0 Somerset-Olde Creek
Rolling Forest,Week2,Camelot,Week3,226.0 Rolling Forest - 176.0 Camelot
Rolling Forest,Week1,South Run,Week5,208.0 South Run - 194.0 Rolling Forest
Rolling Forest,Week3,Burke Station,Week3,278.0 Rolling Forest - 119.0 Burke Station
Rolling Forest,Week4,Burke Station,Week1,240.0 Rolling Forest - 138.0 Burke Station
Rolling Forest,Week3,Fox Mill Estates,Week4,202.0 Rolling Forest - 200.0 Fox Mill Estates
Rolling Forest,Week4,Somerset-Olde Creek,Week2,319.0 Rolling Forest - 83.0 Somerset-Olde Creek
Rolling Forest,Week5,Burke Station,Week3,251.0 Rolling Forest - 146.0 Burke Station
Rolling Forest,Week3,North Springfield,Week5,277.0 Rolling Forest - 97.0 North Springfield
Rolling Forest,Week2,Fox Mill Woods,Week3,278.0 Fox Mill Woods - 124.0 Rolling Forest
Rolling Forest,Week2,South Run,Week3,204.0 Rolling Forest - 198.0 South Run
Rolling Forest,Week1,Camelot,Week1,221.0 Rolling Forest - 181.0 Camelot
Rolling Forest,Week2,Fox Mill Woods,Week1,296.0 Fox Mill Woods - 106.0 Rolling Forest
Rolling Forest,Week3,Newington Forest,Week2,295.0 Rolling Forest - 107.0 Newington Forest
Rolling Forest,Week5,Newington Forest,Week2,275.0 Rolling Forest - 125.0 Newington Forest
Rolling Forest,Week5,Somerset-Olde Creek,Week2,331.0 Rolling Forest - 71.0 Somerset-Olde Creek
Rolling Forest,Week4,South Run,Week2,223.0 Rolling Forest - 179.0 South Run
Rolling Forest,Week5,North Springfield,Week4,305.0 Rolling Forest - 87.0 North Springfield
Rolling Forest,Week5,Burke Station,Week2,278.0 Rolling Forest - 123.0 Burke Station
Rolling Forest,Week4,Burke Station,Week2,276.0 Rolling Forest - 125.0 Burke Station
Rolling Forest,Week4,North Springfield,Week4,292.0 Rolling Forest - 100.0 North Springfield
Rolling Forest,Week2,Burke Station,Week5,245.0 Rolling Forest - 157.0 Burke Station
Rolling Forest,Week3,Burke Station,Week5,254.0 Rolling Forest - 148.0 Burke Station
Rolling Forest,Week3,South Run,Week3,233.0 Rolling Forest - 169.0 South Run
Rolling Forest,Week5,Burke Station,Week1,247.0 Rolling Forest - 131.0 Burke Station
Rolling Forest,Week2,Fox Mill Woods,Week5,290.0 Fox Mill Woods - 112.0 Rolling Forest
Rolling Forest,Week1,Great Falls,Week5,222.0 Great Falls - 180.0 Rolling Forest
Rolling Forest,Week5,Springboard,Week4,252.0 Rolling Forest - 150.0 Springboard
Rolling Forest,Week3,South Run,Week2,237.0 Rolling Forest - 165.0 South Run
Rolling Forest,Week4,South Run,Week1,207.0 South Run - 186.0 Rolling Forest
Rolling Forest,Week3,North Springfield,Week2,297.0 Rolling Forest - 91.0 North Springfield
Rolling Forest,Week1,North Springfield,Week3,287.0 Rolling Forest - 110.0 North Springfield
Rolling Forest,Week2,Springboard,Week2,261.0 Rolling Forest - 135.0 Springboard
Rolling Forest,Week3,Great Falls,Week2,210.0 Rolling Forest - 174.0 Great Falls
Rolling Forest,Week3,Great Falls,Week3,209.0 Great Falls - 193.0 Rolling Forest
Rolling Forest,Week2,Great Falls,Week1,201.0 Great Falls - 201.0 Rolling Forest
Rolling Forest,Week1,Great Falls,Week4,209.0 Great Falls - 188.0 Rolling Forest
Rolling Forest,Week4,Springboard,Week1,260.0 Rolling Forest - 141.0 Springboard
Rolling Forest,Week3,Burke Station,Week1,255.0 Rolling Forest - 124.0 Burke Station
Rolling Forest,Week1,North Springfield,Week2,298.0 Rolling Forest - 90.0 North Springfield
Rolling Forest,Week5,Burke Station,Week4,279.0 Rolling Forest - 123.0 Burke Station
Rolling Forest,Week1,Oakton ,Week3,268.0 Oakton - 134.0 Rolling Forest
Rolling Forest,Week1,Camelot,Week4,226.0 Rolling Forest - 176.0 Camelot
Rolling Forest,Week3,Springboard,Week3,255.0 Rolling Forest - 147.0 Springboard
Rolling Forest,Week5,Springboard,Week3,271.0 Rolling Forest - 130.0 Springboard
Rolling Forest,Week5,Newington Forest,Week4,271.0 Rolling Forest - 131.0 Newington Forest
Rolling Forest,Week5,Fox Mill Woods,Week3,253.0 Fox Mill Woods - 149.0 Rolling Forest
Rolling Forest,Week3,Fox Mill Woods,Week4,269.0 Fox Mill Woods - 133.0 Rolling Forest
Rolling Forest,Week2,North Springfield,Week3,285.0 Rolling Forest - 112.0 North Springfield
Rolling Forest,Week4,Great Falls,Week1,208.0 Rolling Forest - 194.0 Great Falls
Rolling Forest,Week4,North Springfield,Week2,291.0 Rolling Forest - 97.0 North Springfield
Rolling Forest,Week2,Camelot,Week1,206.0 Rolling Forest - 196.0 Camelot
Rolling Forest,Week1,Springboard,Week5,233.0 Rolling Forest - 168.0 Springboard
Rolling Forest,Week3,Great Falls,Week4,203.0 Great Falls - 199.0 Rolling Forest
Rolling Forest,Week5,Camelot,Week1,240.5 Rolling Forest - 161.5 Camelot
Rolling Forest,Week4,Fox Mill Woods,Week4,296.0 Fox Mill Woods - 106.0 Rolling Forest
Rolling Forest,Week4,Camelot,Week1,223.0 Rolling Forest - 179.0 Camelot
Rolling Forest,Week2,North Springfield,Week2,284.0 Rolling Forest - 104.0 North Springfield
Rolling Forest,Week4,Fox Mill Woods,Week1,298.0 Fox Mill Woods - 104.0 Rolling Forest
Rolling Forest,Week3,Camelot,Week5,206.0 Rolling Forest - 196.0 Camelot
Rolling Forest,Week4,Great Falls,Week2,200.0 Great Falls - 184.0 Rolling Forest
Rolling Forest,Week3,Fox Mill Woods,Week3,255.0 Fox Mill Woods - 147.0 Rolling Forest
Rolling Forest,Week4,Springboard,Week2,280.0 Rolling Forest - 121.0 Springboard
Rolling Forest,Week3,Fox Mill Woods,Week5,267.0 Fox Mill Woods - 135.0 Rolling Forest
Rolling Forest,Week2,North Springfield,Week4,286.0 Rolling Forest - 101.0 North Springfield
Rolling Forest,Week4,Camelot,Week3,230.0 Rolling Forest - 172.0 Camelot
Rolling Forest,Week2,North Springfield,Week1,280.0 Rolling Forest - 70.0 North Springfield
Rolling Forest,Week4,Camelot,Week2,216.0 Rolling Forest - 186.0 Camelot
Rolling Forest,Week5,North Springfield,Week1,285.0 Rolling Forest - 66.0 North Springfield
Rolling Forest,Week5,North Springfield,Week2,291.0 Rolling Forest - 97.0 North Springfield
Rolling Forest,Week3,Springboard,Week5,248.0 Rolling Forest - 154.0 Springboard
Rolling Forest,Week4,Fox Mill Woods,Week5,290.0 Fox Mill Woods - 112.0 Rolling Forest
Rolling Forest,Week4,Camelot,Week5,208.0 Rolling Forest - 194.0 Camelot
Rolling Forest,Week1,Oakton ,Week1,277.0 Oakton - 125.0 Rolling Forest
Rolling Forest,Week3,Springboard,Week1,270.0 Rolling Forest - 132.0 Springboard
Rolling Forest,Week2,Brandywine,Week2,223.0 Brandywine - 179.0 Rolling Forest
Rolling Forest,Week1,North Springfield,Week4,294.0 Rolling Forest - 98.0 North Springfield
Rolling Forest,Week4,Camelot,Week4,231.0 Rolling Forest - 171.0 Camelot
Rolling Forest,Week2,Springboard,Week4,230.0 Rolling Forest - 172.0 Springboard
Rolling Forest,Week5,Camelot,Week2,233.0 Rolling Forest - 169.0 Camelot
Rolling Forest,Week5,South Run,Week4,235.0 Rolling Forest - 167.0 South Run
Rolling Forest,Week4,Springboard,Week4,253.0 Rolling Forest - 149.0 Springboard
Rolling Forest,Week3,Springboard,Week2,287.0 Rolling Forest - 115.0 Springboard
Rolling Forest,Week3,Fox Mill Woods,Week2,255.0 Fox Mill Woods - 147.0 Rolling Forest
Rolling Forest,Week3,Arlington Forest,Week2,207.0 Rolling Forest - 195.0 Arlington Forest
Rolling Forest,Week2,Brandywine,Week4,234.0 Brandywine - 168.0 Rolling Forest
Rolling Forest,Week3,North Springfield,Week3,305.0 Rolling Forest - 92.0 North Springfield
Rolling Forest,Week3,Fox Mill Woods,Week1,268.0 Fox Mill Woods - 134.0 Rolling Forest
Rolling Forest,Week5,Fox Mill Woods,Week4,269.0 Fox Mill Woods - 133.0 Rolling Forest
Rolling Forest,Week5,Springboard,Week1,267.0 Rolling Forest - 134.0 Springboard
Rolling Forest,Week1,North Springfield,Week5,268.0 Rolling Forest - 106.0 North Springfield
Rolling Forest,Week5,Arlington Forest,Week2,202.0 Arlington Forest - 200.0 Rolling Forest
Rolling Forest,Week5,South Run,Week1,209.0 Rolling Forest - 184.0 South Run
Rolling Forest,Week5,Camelot,Week3,244.0 Rolling Forest - 158.0 Camelot
Rolling Forest,Week5,North Springfield,Week5,280.0 Rolling Forest - 93.0 North Springfield
Rolling Forest,Week3,Canterbury Woods,Week1,246.0 Rolling Forest - 156.0 Canterbury Woods
Rolling Forest,Week1,Canterbury Woods,Week1,253.0 Rolling Forest - 149.0 Canterbury Woods
Rolling Forest,Week5,Camelot,Week4,243.0 Rolling Forest - 159.0 Camelot
Rolling Forest,Week4,Arlington Forest,Week2,216.0 Arlington Forest - 186.0 Rolling Forest
Rolling Forest,Week4,South Run,Week5,207.0 South Run - 195.0 Rolling Forest
Rolling Forest,Week1,Brandywine,Week4,231.0 Brandywine - 171.0 Rolling Forest
Rolling Forest,Week1,North Springfield,Week1,290.0 Rolling Forest - 61.0 North Springfield
Rolling Forest,Week5,Newington Forest,Week5,261.0 Rolling Forest - 141.0 Newington Forest
Rolling Forest,Week2,North Springfield,Week5,252.0 Rolling Forest - 122.0 North Springfield
Rolling Forest,Week1,Springboard,Week3,242.0 Rolling Forest - 159.0 Springboard
Rolling Forest,Week5,Newington Forest,Week3,283.0 Rolling Forest - 119.0 Newington Forest
Rolling Forest,Week1,Canterbury Woods,Week4,218.5 Rolling Forest - 183.5 Canterbury Woods
Rolling Forest,Week4,Fox Mill Woods,Week2,270.0 Fox Mill Woods - 132.0 Rolling Forest
Rolling Forest,Week5,South Run,Week5,219.0 Rolling Forest - 183.0 South Run
Rolling Forest,Week2,Canterbury Woods,Week5,232.0 Rolling Forest - 169.0 Canterbury Woods
Rolling Forest,Week5,Fox Mill Woods,Week5,270.0 Fox Mill Woods - 132.0 Rolling Forest
Rolling Forest,Week4,Fox Mill Woods,Week3,274.5 Fox Mill Woods - 127.5 Rolling Forest
Rolling Forest,Week1,Brandywine,Week5,237.0 Brandywine - 165.0 Rolling Forest
Rolling Forest,Week2,Springboard,Week1,229.0 Rolling Forest - 172.0 Springboard
Rolling Forest,Week1,Great Falls,Week2,197.0 Rolling Forest - 187.0 Great Falls
Rolling Forest,Week4,Arlington Forest,Week5,249.0 Arlington Forest - 153.0 Rolling Forest
Rolling Forest,Week1,Oakton ,Week2,290.0 Oakton - 112.0 Rolling Forest
Rolling Forest,Week2,Great Falls,Week2,191.0 Great Falls - 188.0 Rolling Forest
Rolling Forest,Week4,Canterbury Woods,Week3,230.5 Rolling Forest - 171.5 Canterbury Woods
Rolling Forest,Week4,Canterbury Woods,Week2,252.5 Rolling Forest - 149.5 Canterbury Woods
Rolling Forest,Week4,Canterbury Woods,Week5,227.5 Rolling Forest - 173.5 Canterbury Woods
Rolling Forest,Week5,North Springfield,Week3,297.0 Rolling Forest - 99.0 North Springfield
Rolling Forest,Week3,Oakton ,Week1,270.0 Oakton - 132.0 Rolling Forest
Rolling Forest,Week1,Springboard,Week1,259.0 Rolling Forest - 142.0 Springboard
Rolling Forest,Week5,Arlington Forest,Week5,225.0 Arlington Forest - 177.0 Rolling Forest
Rolling Forest,Week1,Springboard,Week4,253.0 Rolling Forest - 149.0 Springboard
Rolling Forest,Week4,Canterbury Woods,Week4,220.5 Rolling Forest - 181.5 Canterbury Woods
Rolling Forest,Week2,Arlington Forest,Week4,248.0 Arlington Forest - 154.0 Rolling Forest
Rolling Forest,Week2,Arlington Forest,Week3,214.0 Arlington Forest - 188.0 Rolling Forest
Rolling Forest,Week2,Canterbury Woods,Week4,203.0 Rolling Forest - 194.0 Canterbury Woods
Rolling Forest,Week3,Canterbury Woods,Week5,249.0 Rolling Forest - 153.0 Canterbury Woods
Rolling Forest,Week4,South Run,Week4,219.0 Rolling Forest - 183.0 South Run
Rolling Forest,Week1,Great Falls,Week1,212.0 Rolling Forest - 190.0 Great Falls
Rolling Forest,Week5,Fox Mill Woods,Week1,261.0 Fox Mill Woods - 141.0 Rolling Forest
Rolling Forest,Week4,North Springfield,Week5,256.0 Rolling Forest - 118.0 North Springfield
Rolling Forest,Week5,Arlington Forest,Week3,219.0 Rolling Forest - 183.0 Arlington Forest
Rolling Forest,Week1,Great Falls,Week3,228.0 Great Falls - 174.0 Rolling Forest
Rolling Forest,Week2,Great Falls,Week3,233.0 Great Falls - 169.0 Rolling Forest
Rolling Forest,Week2,Great Falls,Week4,222.0 Great Falls - 175.0 Rolling Forest
Rolling Forest,Week3,Arlington Forest,Week4,214.0 Arlington Forest - 188.0 Rolling Forest
Rolling Forest,Week4,Arlington Forest,Week1,228.0 Arlington Forest - 174.0 Rolling Forest
Rolling Forest,Week2,Great Falls,Week5,224.0 Great Falls - 178.0 Rolling Forest
Rolling Forest,Week2,Springboard,Week5,214.0 Rolling Forest - 187.0 Springboard
Rolling Forest,Week5,South Run,Week2,236.0 Rolling Forest - 166.0 South Run
Rolling Forest,Week5,Fox Mill Woods,Week2,254.0 Fox Mill Woods - 148.0 Rolling Forest
Rolling Forest,Week5,Arlington Forest,Week1,209.0 Rolling Forest - 193.0 Arlington Forest
Rolling Forest,Week4,North Springfield,Week3,288.0 Rolling Forest - 108.0 North Springfield
Rolling Forest,Week5,South Run,Week3,225.0 Rolling Forest - 177.0 South Run
Rolling Forest,Week2,Arlington Forest,Week5,247.0 Arlington Forest - 155.0 Rolling Forest
Rolling Forest,Week1,Springboard,Week2,286.0 Rolling Forest - 115.0 Springboard
Rolling Forest,Week5,Oakton ,Week4,275.0 Oakton - 127.0 Rolling Forest
Rolling Forest,Week2,Canterbury Woods,Week3,219.0 Rolling Forest - 183.0 Canterbury Woods
Rolling Forest,Week4,Springboard,Week5,237.0 Rolling Forest - 164.0 Springboard
Rolling Forest,Week4,North Springfield,Week1,288.0 Rolling Forest - 63.0 North Springfield
Rolling Forest,Week3,Springfield,Week3,362.0 Rolling Forest - 40.0 Springfield
Rolling Forest,Week5,Canterbury Woods,Week1,266.0 Rolling Forest - 136.0 Canterbury Woods
Rolling Forest,Week5,Great Falls,Week1,240.0 Rolling Forest - 162.0 Great Falls
Rolling Forest,Week2,Old Keene Mill,Week1,232.0 Rolling Forest - 170.0 Old Keene Mill
Rolling Forest,Week3,Arlington Forest,Week1,202.0 Arlington Forest - 200.0 Rolling Forest
Rolling Forest,Week2,Springboard,Week3,226.0 Rolling Forest - 175.0 Springboard
Rolling Forest,Week3,Canterbury Woods,Week2,257.0 Rolling Forest - 145.0 Canterbury Woods
Rolling Forest,Week1,Oakton ,Week5,294.0 Oakton - 108.0 Rolling Forest
Rolling Forest,Week3,Arlington Forest,Week5,226.0 Arlington Forest - 176.0 Rolling Forest
Rolling Forest,Week2,Oakton ,Week5,297.0 Oakton - 100.0 Rolling Forest
Rolling Forest,Week3,Arlington Forest,Week3,214.0 Rolling Forest - 188.0 Arlington Forest
Rolling Forest,Week5,Springboard,Week5,257.0 Rolling Forest - 144.0 Springboard
Rolling Forest,Week5,Great Falls,Week4,207.0 Rolling Forest - 195.0 Great Falls
Rolling Forest,Week3,Canterbury Woods,Week4,237.0 Rolling Forest - 165.0 Canterbury Woods
Rolling Forest,Week4,Springboard,Week3,245.0 Rolling Forest - 156.0 Springboard
Rolling Forest,Week1,Brandywine,Week3,202.0 Brandywine - 200.0 Rolling Forest
Rolling Forest,Week1,Springfield,Week1,350.0 Rolling Forest - 47.0 Springfield
Rolling Forest,Week3,Great Falls,Week1,228.5 Rolling Forest - 172.5 Great Falls
Rolling Forest,Week2,Oakton ,Week3,270.5 Oakton - 131.5 Rolling Forest
Rolling Forest,Week5,Great Falls,Week3,212.0 Great Falls - 190.0 Rolling Forest
Rolling Forest,Week2,Canterbury Woods,Week2,240.0 Rolling Forest - 162.0 Canterbury Woods
Rolling Forest,Week4,Springfield,Week1,354.0 Rolling Forest - 48.0 Springfield
Rolling Forest,Week4,Great Falls,Week3,228.0 Great Falls - 174.0 Rolling Forest
Rolling Forest,Week5,Great Falls,Week2,218.0 Rolling Forest - 166.0 Great Falls
Rolling Forest,Week2,Oakton ,Week4,289.5 Oakton - 112.5 Rolling Forest
Rolling Forest,Week3,Oakton ,Week3,260.0 Oakton - 142.0 Rolling Forest
Rolling Forest,Week4,Arlington Forest,Week3,207.0 Rolling Forest - 195.0 Arlington Forest
Rolling Forest,Week3,Great Falls,Week5,205.0 Great Falls - 196.0 Rolling Forest
Rolling Forest,Week5,Great Falls,Week5,201.0 Great Falls - 201.0 Rolling Forest
Rolling Forest,Week5,Canterbury Woods,Week3,251.0 Rolling Forest - 151.0 Canterbury Woods
Rolling Forest,Week1,Brandywine,Week1,206.0 Rolling Forest - 196.0 Brandywine
Rolling Forest,Week4,Oakton ,Week1,291.0 Oakton - 111.0 Rolling Forest
Rolling Forest,Week5,Canterbury Woods,Week2,265.0 Rolling Forest - 137.0 Canterbury Woods
Rolling Forest,Week1,Brandywine,Week2,205.0 Brandywine - 197.0 Rolling Forest
Rolling Forest,Week3,Springboard,Week4,263.0 Rolling Forest - 139.0 Springboard
Rolling Forest,Week2,Arlington Forest,Week2,216.0 Arlington Forest - 186.0 Rolling Forest
Rolling Forest,Week2,Old Keene Mill,Week3,218.0 Rolling Forest - 184.0 Old Keene Mill
Rolling Forest,Week1,Canterbury Woods,Week5,237.0 Rolling Forest - 159.0 Canterbury Woods
Rolling Forest,Week5,Springboard,Week2,293.0 Rolling Forest - 108.0 Springboard
Rolling Forest,Week1,Canterbury Woods,Week3,239.0 Rolling Forest - 163.0 Canterbury Woods
Rolling Forest,Week1,Canterbury Woods,Week2,254.0 Rolling Forest - 148.0 Canterbury Woods
Rolling Forest,Week4,Canterbury Woods,Week1,246.0 Rolling Forest - 156.0 Canterbury Woods
Rolling Forest,Week1,Oakton ,Week4,282.0 Oakton - 120.0 Rolling Forest
Rolling Forest,Week2,Brandywine,Week3,204.0 Brandywine - 198.0 Rolling Forest
Rolling Forest,Week4,Arlington Forest,Week4,246.0 Arlington Forest - 156.0 Rolling Forest
Rolling Forest,Week1,Hamlet,Week3,306.0 Hamlet - 96.0 Rolling Forest
Rolling Forest,Week5,Arlington Forest,Week4,218.0 Arlington Forest - 184.0 Rolling Forest
Rolling Forest,Week3,Canterbury Woods,Week3,246.0 Rolling Forest - 156.0 Canterbury Woods
Rolling Forest,Week1,Stratford,Week5,228.0 Rolling Forest - 174.0 Stratford
Rolling Forest,Week4,Springfield,Week5,372.0 Rolling Forest - 30.0 Springfield
Rolling Forest,Week5,Oakton ,Week1,264.0 Oakton - 138.0 Rolling Forest
Rolling Forest,Week4,Cardinal Hill,Week4,274.0 Cardinal Hill - 128.0 Rolling Forest
Rolling Forest,Week2,Brandywine,Week1,210.0 Brandywine - 192.0 Rolling Forest
Rolling Forest,Week2,Canterbury Woods,Week1,232.0 Rolling Forest - 170.0 Canterbury Woods
Rolling Forest,Week2,Oakton ,Week2,285.0 Oakton - 112.0 Rolling Forest
Rolling Forest,Week4,Oakton ,Week4,301.0 Oakton - 101.0 Rolling Forest
Rolling Forest,Week2,Springfield,Week1,349.0 Rolling Forest - 53.0 Springfield
Rolling Forest,Week4,Great Falls,Week5,214.0 Great Falls - 188.0 Rolling Forest
Rolling Forest,Week3,Oakton ,Week2,275.0 Oakton - 127.0 Rolling Forest
Rolling Forest,Week3,Greenbriar,Week2,217.0 Greenbriar - 185.0 Rolling Forest
Rolling Forest,Week3,Greenbriar,Week5,212.5 Greenbriar - 189.5 Rolling Forest
Rolling Forest,Week1,Stratford,Week2,256.0 Rolling Forest - 146.0 Stratford
Rolling Forest,Week5,Brandywine,Week5,218.0 Brandywine - 184.0 Rolling Forest
Rolling Forest,Week1,Old Keene Mill,Week2,229.0 Rolling Forest - 173.0 Old Keene Mill
Rolling Forest,Week5,Springfield,Week1,361.0 Rolling Forest - 40.0 Springfield
Rolling Forest,Week1,Chesterbrook,Week2,340.0 Chesterbrook - 62.0 Rolling Forest
Rolling Forest,Week3,Oakton ,Week5,283.0 Oakton - 119.0 Rolling Forest
Rolling Forest,Week2,Greenbriar,Week5,250.0 Greenbriar - 152.0 Rolling Forest
Rolling Forest,Week3,Brandywine,Week4,210.0 Brandywine - 192.0 Rolling Forest
Rolling Forest,Week4,Bren Mar-Edsall Park,Week1,359.0 Rolling Forest - 43.0 Bren Mar-Edsall Park
Rolling Forest,Week4,Oakton ,Week3,281.0 Oakton - 121.0 Rolling Forest
Rolling Forest,Week3,Bren Mar-Edsall Park,Week1,367.0 Rolling Forest - 35.0 Bren Mar-Edsall Park
Rolling Forest,Week4,Oakton ,Week2,292.0 Oakton - 110.0 Rolling Forest
Rolling Forest,Week3,Springfield,Week1,364.0 Rolling Forest - 37.0 Springfield
Rolling Forest,Week5,Canterbury Woods,Week4,237.0 Rolling Forest - 165.0 Canterbury Woods
Rolling Forest,Week5,Brandywine,Week3,216.0 Rolling Forest - 186.0 Brandywine
Rolling Forest,Week1,Springfield,Week2,361.0 Rolling Forest - 35.0 Springfield
Rolling Forest,Week5,Oakton ,Week5,283.0 Oakton - 119.0 Rolling Forest
Rolling Forest,Week4,Greenbriar,Week4,212.0 Greenbriar - 190.0 Rolling Forest
Rolling Forest,Week4,Cardinal Hill,Week3,287.0 Cardinal Hill - 115.0 Rolling Forest
Rolling Forest,Week2,Chesterbrook,Week1,337.0 Chesterbrook - 65.0 Rolling Forest
Rolling Forest,Week1,Springfield,Week3,356.0 Rolling Forest - 40.0 Springfield
Rolling Forest,Week5,Oakton ,Week3,263.0 Oakton - 139.0 Rolling Forest
Rolling Forest,Week1,Greenbriar,Week5,232.0 Greenbriar - 170.0 Rolling Forest
Rolling Forest,Week5,Oakton ,Week2,276.0 Oakton - 126.0 Rolling Forest
Rolling Forest,Week1,Cardinal Hill,Week1,274.0 Cardinal Hill - 128.0 Rolling Forest
Rolling Forest,Week3,Brandywine,Week5,221.0 Brandywine - 181.0 Rolling Forest
Rolling Forest,Week5,Cardinal Hill,Week2,238.0 Cardinal Hill - 164.0 Rolling Forest
Rolling Forest,Week2,Springfield,Week5,367.0 Rolling Forest - 30.0 Springfield
Rolling Forest,Week4,Springfield,Week2,361.0 Rolling Forest - 39.0 Springfield
Rolling Forest,Week1,Greenbriar,Week2,236.0 Greenbriar - 166.0 Rolling Forest
Rolling Forest,Week4,Greenbriar,Week5,248.0 Greenbriar - 154.0 Rolling Forest
Rolling Forest,Week2,Greenbriar,Week4,206.0 Greenbriar - 196.0 Rolling Forest
Rolling Forest,Week3,Cardinal Hill,Week2,228.0 Cardinal Hill - 174.0 Rolling Forest
Rolling Forest,Week4,Great Falls,Week4,208.0 Great Falls - 194.0 Rolling Forest
Rolling Forest,Week4,Springfield,Week4,346.0 Rolling Forest - 56.0 Springfield
Rolling Forest,Week3,Brandywine,Week3,220.0 Rolling Forest - 182.0 Brandywine
Rolling Forest,Week5,Brandywine,Week2,203.0 Brandywine - 199.0 Rolling Forest
Rolling Forest,Week1,Hamlet,Week1,290.0 Hamlet - 112.0 Rolling Forest
Rolling Forest,Week5,Springfield,Week4,351.0 Rolling Forest - 50.0 Springfield
Rolling Forest,Week5,Brandywine,Week1,220.0 Rolling Forest - 182.0 Brandywine
Rolling Forest,Week3,Greenbriar,Week4,223.0 Rolling Forest - 179.0 Greenbriar
Rolling Forest,Week4,Greenbriar,Week1,238.0 Greenbriar - 164.0 Rolling Forest
Rolling Forest,Week2,Springfield,Week3,350.0 Rolling Forest - 51.0 Springfield
Rolling Forest,Week2,Cardinal Hill,Week3,294.0 Cardinal Hill - 108.0 Rolling Forest
Rolling Forest,Week3,Springfield,Week5,372.0 Rolling Forest - 29.0 Springfield
Rolling Forest,Week2,Greenbriar,Week2,247.0 Greenbriar - 155.0 Rolling Forest
Rolling Forest,Week4,Brandywine,Week5,246.0 Brandywine - 156.0 Rolling Forest
Rolling Forest,Week4,Cardinal Hill,Week2,251.0 Cardinal Hill - 151.0 Rolling Forest
Rolling Forest,Week2,Brandywine,Week5,247.0 Brandywine - 155.0 Rolling Forest
Rolling Forest,Week3,Chesterbrook,Week2,350.0 Chesterbrook - 52.0 Rolling Forest
Rolling Forest,Week2,Oakton ,Week1,288.0 Oakton - 114.0 Rolling Forest
Rolling Forest,Week1,Greenbriar,Week1,231.0 Greenbriar - 171.0 Rolling Forest
Rolling Forest,Week1,Old Keene Mill,Week1,246.0 Rolling Forest - 156.0 Old Keene Mill
Rolling Forest,Week4,Greenbriar,Week3,240.0 Greenbriar - 162.0 Rolling Forest
Rolling Forest,Week3,Brandywine,Week2,210.0 Brandywine - 192.0 Rolling Forest
Rolling Forest,Week3,Cardinal Hill,Week4,257.0 Cardinal Hill - 145.0 Rolling Forest
Rolling Forest,Week1,Old Keene Mill,Week3,239.0 Rolling Forest - 163.0 Old Keene Mill
Rolling Forest,Week4,Brandywine,Week3,212.0 Brandywine - 190.0 Rolling Forest
Rolling Forest,Week3,Cardinal Hill,Week1,256.0 Cardinal Hill - 146.0 Rolling Forest
Rolling Forest,Week5,Greenbriar,Week3,211.0 Greenbriar - 191.0 Rolling Forest
Rolling Forest,Week5,Greenbriar,Week5,224.0 Greenbriar - 178.0 Rolling Forest
Rolling Forest,Week2,Old Keene Mill,Week2,227.0 Rolling Forest - 175.0 Old Keene Mill
Rolling Forest,Week4,Brandywine,Week1,201.0 Brandywine - 201.0 Rolling Forest
Rolling Forest,Week1,Springfield,Week5,365.0 Rolling Forest - 32.0 Springfield
Rolling Forest,Week4,Springfield,Week3,358.0 Rolling Forest - 42.0 Springfield
Rolling Forest,Week4,Brandywine,Week4,238.0 Brandywine - 164.0 Rolling Forest
Rolling Forest,Week3,Cardinal Hill,Week5,246.0 Cardinal Hill - 156.0 Rolling Forest
Rolling Forest,Week1,Springfield,Week4,346.0 Rolling Forest - 51.0 Springfield
Rolling Forest,Week5,Greenbriar,Week4,212.0 Rolling Forest - 190.0 Greenbriar
Rolling Forest,Week5,Brandywine,Week4,214.0 Brandywine - 188.0 Rolling Forest
Rolling Forest,Week4,Oakton ,Week5,305.0 Oakton - 97.0 Rolling Forest
Rolling Forest,Week5,Springfield,Week5,366.0 Rolling Forest - 35.0 Springfield
Rolling Forest,Week1,Old Keene Mill,Week4,251.0 Rolling Forest - 151.0 Old Keene Mill
Rolling Forest,Week1,Old Keene Mill,Week5,218.0 Rolling Forest - 184.0 Old Keene Mill
Rolling Forest,Week5,Cardinal Hill,Week4,252.0 Cardinal Hill - 150.0 Rolling Forest
Rolling Forest,Week1,Stratford,Week1,250.0 Rolling Forest - 147.0 Stratford
Rolling Forest,Week1,Stratford,Week3,246.0 Rolling Forest - 156.0 Stratford
Rolling Forest,Week3,Oakton ,Week4,273.0 Oakton - 129.0 Rolling Forest
Rolling Forest,Week1,Cardinal Hill,Week5,255.5 Cardinal Hill - 146.5 Rolling Forest
Rolling Forest,Week2,Cardinal Hill,Week2,247.5 Cardinal Hill - 154.5 Rolling Forest
Rolling Forest,Week4,Greenbriar,Week2,250.0 Greenbriar - 152.0 Rolling Forest
Rolling Forest,Week4,Cardinal Hill,Week5,265.0 Cardinal Hill - 137.0 Rolling Forest
Rolling Forest,Week1,Bren Mar-Edsall Park,Week2,356.0 Rolling Forest - 46.0 Bren Mar-Edsall Park
Rolling Forest,Week2,Springfield,Week2,360.0 Rolling Forest - 42.0 Springfield
Rolling Forest,Week2,Cardinal Hill,Week1,281.0 Cardinal Hill - 121.0 Rolling Forest
Rolling Forest,Week1,Bren Mar-Edsall Park,Week1,360.0 Rolling Forest - 42.0 Bren Mar-Edsall Park
Rolling Forest,Week4,Old Keene Mill,Week4,247.0 Rolling Forest - 155.0 Old Keene Mill
Rolling Forest,Week1,Greenbriar,Week3,226.0 Greenbriar - 176.0 Rolling Forest
Rolling Forest,Week2,Old Keene Mill,Week5,203.0 Rolling Forest - 199.0 Old Keene Mill
Rolling Forest,Week2,Old Keene Mill,Week4,232.5 Rolling Forest - 169.5 Old Keene Mill
Rolling Forest,Week3,Old Keene Mill,Week4,246.0 Rolling Forest - 156.0 Old Keene Mill
Rolling Forest,Week1,Bren Mar-Edsall Park,Week5,345.0 Rolling Forest - 57.0 Bren Mar-Edsall Park
Rolling Forest,Week3,Springfield,Week2,370.0 Rolling Forest - 32.0 Springfield
Rolling Forest,Week3,Springfield,Week4,358.0 Rolling Forest - 44.0 Springfield
Rolling Forest,Week1,Bren Mar-Edsall Park,Week3,349.0 Rolling Forest - 53.0 Bren Mar-Edsall Park
Rolling Forest,Week2,Springfield,Week4,344.0 Rolling Forest - 53.0 Springfield
Rolling Forest,Week1,Greenbriar,Week4,205.0 Greenbriar - 197.0 Rolling Forest
Rolling Forest,Week3,Orange Hunt,Week1,204.0 Rolling Forest - 198.0 Orange Hunt
Rolling Forest,Week1,Hamlet,Week2,310.0 Hamlet - 92.0 Rolling Forest
Rolling Forest,Week5,Canterbury Woods,Week5,249.0 Rolling Forest - 152.0 Canterbury Woods
Rolling Forest,Week1,Cardinal Hill,Week2,249.0 Cardinal Hill - 153.0 Rolling Forest
Rolling Forest,Week1,Cardinal Hill,Week4,258.0 Cardinal Hill - 144.0 Rolling Forest
Rolling Forest,Week3,Greenbriar,Week1,208.0 Greenbriar - 194.0 Rolling Forest
Rolling Forest,Week2,Greenbriar,Week1,222.0 Greenbriar - 180.0 Rolling Forest
Rolling Forest,Week5,Greenbriar,Week2,219.0 Greenbriar - 183.0 Rolling Forest
Rolling Forest,Week1,Orange Hunt,Week2,217.0 Orange Hunt - 185.0 Rolling Forest
Rolling Forest,Week1,Orange Hunt,Week4,223.0 Orange Hunt - 179.0 Rolling Forest
Rolling Forest,Week2,Bren Mar-Edsall Park,Week3,347.0 Rolling Forest - 55.0 Bren Mar-Edsall Park
Rolling Forest,Week4,Cardinal Hill,Week1,285.0 Cardinal Hill - 117.0 Rolling Forest
Rolling Forest,Week5,Old Keene Mill,Week1,249.0 Rolling Forest - 153.0 Old Keene Mill
Rolling Forest,Week4,Brandywine,Week2,216.0 Brandywine - 186.0 Rolling Forest
Rolling Forest,Week3,Stratford,Week3,253.0 Rolling Forest - 149.0 Stratford
Rolling Forest,Week5,Springfield,Week2,356.0 Rolling Forest - 44.0 Springfield
Rolling Forest,Week5,Stratford,Week5,246.0 Rolling Forest - 156.0 Stratford
Rolling Forest,Week2,Bren Mar-Edsall Park,Week2,355.0 Rolling Forest - 47.0 Bren Mar-Edsall Park
Rolling Forest,Week1,Bren Mar-Edsall Park,Week4,347.0 Rolling Forest - 55.0 Bren Mar-Edsall Park
Rolling Forest,Week3,Brandywine,Week1,219.0 Rolling Forest - 183.0 Brandywine
Rolling Forest,Week5,Springfield,Week3,355.0 Rolling Forest - 44.0 Springfield
Rolling Forest,Week2,Cardinal Hill,Week4,278.0 Cardinal Hill - 124.0 Rolling Forest
Rolling Forest,Week3,Old Keene Mill,Week5,240.0 Rolling Forest - 162.0 Old Keene Mill
Rolling Forest,Week1,Hamlet,Week4,290.5 Hamlet - 111.5 Rolling Forest
Rolling Forest,Week2,Bren Mar-Edsall Park,Week4,347.0 Rolling Forest - 55.0 Bren Mar-Edsall Park
Rolling Forest,Week2,Cardinal Hill,Week5,261.0 Cardinal Hill - 141.0 Rolling Forest
Rolling Forest,Week3,Old Keene Mill,Week3,239.0 Rolling Forest - 163.0 Old Keene Mill
Rolling Forest,Week3,Cardinal Hill,Week3,275.0 Cardinal Hill - 127.0 Rolling Forest
Rolling Forest,Week2,Sully Station,Week5,285.0 Sully Station - 117.0 Rolling Forest
Rolling Forest,Week1,Cardinal Hill,Week3,291.0 Cardinal Hill - 111.0 Rolling Forest
Rolling Forest,Week2,Greenbriar,Week3,235.0 Greenbriar - 167.0 Rolling Forest
Rolling Forest,Week5,Cardinal Hill,Week1,254.0 Cardinal Hill - 148.0 Rolling Forest
Rolling Forest,Week2,Sully Station,Week3,256.0 Sully Station - 146.0 Rolling Forest
Rolling Forest,Week5,Greenbriar,Week1,203.5 Greenbriar - 198.5 Rolling Forest
Rolling Forest,Week5,Hamlet,Week4,271.0 Hamlet - 131.0 Rolling Forest
Rolling Forest,Week1,Stratford,Week4,217.0 Rolling Forest - 185.0 Stratford
Rolling Forest,Week5,Old Keene Mill,Week4,253.0 Rolling Forest - 149.0 Old Keene Mill
Rolling Forest,Week3,Greenbriar,Week3,206.0 Greenbriar - 196.0 Rolling Forest
Rolling Forest,Week2,Orange Hunt,Week3,226.0 Orange Hunt - 176.0 Rolling Forest
Rolling Forest,Week2,Bren Mar-Edsall Park,Week1,355.0 Rolling Forest - 47.0 Bren Mar-Edsall Park
Rolling Forest,Week2,Bren Mar-Edsall Park,Week5,340.0 Rolling Forest - 62.0 Bren Mar-Edsall Park
Rolling Forest,Week1,Sully Station,Week3,258.0 Sully Station - 144.0 Rolling Forest
Rolling Forest,Week1,Sully Station,Week4,267.0 Sully Station - 135.0 Rolling Forest
Rolling Forest,Week1,Hayfield Farm,Week5,202.0 Hayfield Farm - 200.0 Rolling Forest
Rolling Forest,Week1,Hayfield Farm,Week4,223.0 Hayfield Farm - 179.0 Rolling Forest
Rolling Forest,Week3,Hamlet,Week2,295.0 Hamlet - 107.0 Rolling Forest
Rolling Forest,Week2,Orange Hunt,Week2,223.0 Orange Hunt - 179.0 Rolling Forest
Rolling Forest,Week4,Bren Mar-Edsall Park,Week4,350.0 Rolling Forest - 52.0 Bren Mar-Edsall Park
Rolling Forest,Week1,Orange Hunt,Week5,235.0 Orange Hunt - 167.0 Rolling Forest
Rolling Forest,Week3,Old Keene Mill,Week1,264.0 Rolling Forest - 138.0 Old Keene Mill
Rolling Forest,Week1,Chesterbrook,Week5,348.0 Chesterbrook - 54.0 Rolling Forest
Rolling Forest,Week2,Chesterbrook,Week4,348.0 Chesterbrook - 54.0 Rolling Forest
Rolling Forest,Week1,Chesterbrook,Week3,369.0 Chesterbrook - 33.0 Rolling Forest
Rolling Forest,Week2,Hamlet,Week5,315.0 Hamlet - 87.0 Rolling Forest
Rolling Forest,Week3,Bren Mar-Edsall Park,Week2,368.0 Rolling Forest - 33.0 Bren Mar-Edsall Park
Rolling Forest,Week5,Stratford,Week3,245.0 Rolling Forest - 157.0 Stratford
Rolling Forest,Week3,Sully Station,Week3,236.0 Sully Station - 166.0 Rolling Forest
Rolling Forest,Week4,Bren Mar-Edsall Park,Week5,345.0 Rolling Forest - 57.0 Bren Mar-Edsall Park
Rolling Forest,Week1,Chesterbrook,Week4,337.0 Chesterbrook - 65.0 Rolling Forest
Rolling Forest,Week2,Hayfield Farm,Week1,232.0 Hayfield Farm - 170.0 Rolling Forest
Rolling Forest,Week1,Hayfield Farm,Week3,254.0 Hayfield Farm - 148.0 Rolling Forest
Rolling Forest,Week5,Cardinal Hill,Week5,241.0 Cardinal Hill - 161.0 Rolling Forest
Rolling Forest,Week3,Bren Mar-Edsall Park,Week3,361.0 Rolling Forest - 41.0 Bren Mar-Edsall Park
Rolling Forest,Week3,Bren Mar-Edsall Park,Week4,357.0 Rolling Forest - 44.0 Bren Mar-Edsall Park
Rolling Forest,Week3,Stratford,Week1,272.0 Rolling Forest - 130.0 Stratford
Rolling Forest,Week1,Chesterbrook,Week1,337.0 Chesterbrook - 65.0 Rolling Forest
Rolling Forest,Week2,Stratford,Week1,233.0 Rolling Forest - 169.0 Stratford
Rolling Forest,Week5,Old Keene Mill,Week5,228.0 Rolling Forest - 174.0 Old Keene Mill
Rolling Forest,Week3,Bren Mar-Edsall Park,Week5,352.0 Rolling Forest - 50.0 Bren Mar-Edsall Park
Rolling Forest,Week4,Bren Mar-Edsall Park,Week2,357.0 Rolling Forest - 45.0 Bren Mar-Edsall Park
Rolling Forest,Week1,Sully Station,Week5,283.0 Sully Station - 119.0 Rolling Forest
Rolling Forest,Week5,Orange Hunt,Week2,206.0 Orange Hunt - 196.0 Rolling Forest
Rolling Forest,Week2,Chesterbrook,Week3,361.0 Chesterbrook - 41.0 Rolling Forest
Rolling Forest,Week1,Hayfield Farm,Week2,223.0 Hayfield Farm - 179.0 Rolling Forest
Rolling Forest,Week5,Cardinal Hill,Week3,265.5 Cardinal Hill - 136.5 Rolling Forest
Rolling Forest,Week5,Hamlet,Week3,279.0 Hamlet - 123.0 Rolling Forest
Rolling Forest,Week1,Sully Station,Week1,263.0 Sully Station - 139.0 Rolling Forest
Rolling Forest,Week5,Old Keene Mill,Week2,247.0 Rolling Forest - 155.0 Old Keene Mill
Rolling Forest,Week4,Bren Mar-Edsall Park,Week3,348.0 Rolling Forest - 54.0 Bren Mar-Edsall Park
Rolling Forest,Week2,Orange Hunt,Week4,240.0 Orange Hunt - 162.0 Rolling Forest
Rolling Forest,Week4,Old Keene Mill,Week3,230.0 Rolling Forest - 172.0 Old Keene Mill
Rolling Forest,Week5,Stratford,Week4,237.0 Rolling Forest - 165.0 Stratford
Rolling Forest,Week2,Hamlet,Week4,293.5 Hamlet - 108.5 Rolling Forest
Rolling Forest,Week5,Brookfield ,Week3,227.0 Rolling Forest - 175.0 Brookfield
Rolling Forest,Week3,Brookfield ,Week4,202.0 Rolling Forest - 200.0 Brookfield
Rolling Forest,Week3,Chesterbrook,Week1,333.5 Chesterbrook - 68.5 Rolling Forest
Rolling Forest,Week2,Orange Hunt,Week1,214.5 Orange Hunt - 187.5 Rolling Forest
Rolling Forest,Week3,Old Keene Mill,Week2,244.0 Rolling Forest - 158.0 Old Keene Mill
Rolling Forest,Week4,Old Keene Mill,Week1,235.0 Rolling Forest - 167.0 Old Keene Mill
Rolling Forest,Week2,Orange Hunt,Week5,245.5 Orange Hunt - 156.5 Rolling Forest
Rolling Forest,Week2,Chesterbrook,Week5,348.0 Chesterbrook - 54.0 Rolling Forest
Rolling Forest,Week2,Stratford,Week5,207.0 Rolling Forest - 195.0 Stratford
Rolling Forest,Week4,Chesterbrook,Week5,368.0 Chesterbrook - 34.0 Rolling Forest
Rolling Forest,Week1,Hamlet,Week5,307.0 Hamlet - 95.0 Rolling Forest
Rolling Forest,Week5,Brookfield ,Week1,209.0 Rolling Forest - 193.0 Brookfield
Rolling Forest,Week1,Orange Hunt,Week1,203.0 Orange Hunt - 199.0 Rolling Forest
Rolling Forest,Week4,Brookfield ,Week4,217.0 Brookfield - 185.0 Rolling Forest
Rolling Forest,Week5,Hamlet,Week2,290.0 Hamlet - 112.0 Rolling Forest
Rolling Forest,Week4,Stratford,Week2,238.0 Rolling Forest - 164.0 Stratford
Rolling Forest,Week5,Hamlet,Week5,307.0 Hamlet - 95.0 Rolling Forest
Rolling Forest,Week4,Stratford,Week5,220.0 Rolling Forest - 182.0 Stratford
Rolling Forest,Week2,Chesterbrook,Week2,339.0 Chesterbrook - 63.0 Rolling Forest
Rolling Forest,Week3,Chesterbrook,Week3,364.0 Chesterbrook - 38.0 Rolling Forest
Rolling Forest,Week4,Stratford,Week4,213.5 Rolling Forest - 188.5 Stratford
Rolling Forest,Week4,Old Keene Mill,Week5,227.0 Rolling Forest - 175.0 Old Keene Mill
Rolling Forest,Week4,Brookfield ,Week1,209.0 Brookfield - 193.0 Rolling Forest
Rolling Forest,Week4,Hamlet,Week1,296.0 Hamlet - 106.0 Rolling Forest
Rolling Forest,Week3,Stratford,Week2,263.0 Rolling Forest - 139.0 Stratford
Rolling Forest,Week4,Hamlet,Week4,302.0 Hamlet - 100.0 Rolling Forest
Rolling Forest,Week2,Brookfield ,Week4,233.0 Brookfield - 169.0 Rolling Forest
Rolling Forest,Week3,Stratford,Week4,243.0 Rolling Forest - 159.0 Stratford
Rolling Forest,Week3,Brookfield ,Week3,224.0 Rolling Forest - 178.0 Brookfield
Rolling Forest,Week4,Chesterbrook,Week3,370.0 Chesterbrook - 32.0 Rolling Forest
Rolling Forest,Week3,Stratford,Week5,239.0 Rolling Forest - 163.0 Stratford
Rolling Forest,Week2,Stratford,Week2,215.0 Rolling Forest - 187.0 Stratford
Rolling Forest,Week4,Old Keene Mill,Week2,233.0 Rolling Forest - 169.0 Old Keene Mill
Rolling Forest,Week3,Hamlet,Week4,272.0 Hamlet - 130.0 Rolling Forest
Rolling Forest,Week1,Commonwealth,Week2,234.0 Rolling Forest - 168.0 Commonwealth
Rolling Forest,Week1,Broyhill Crest,Week2,329.0 Rolling Forest - 73.0 Broyhill Crest
Rolling Forest,Week2,Commonwealth,Week2,216.0 Rolling Forest - 186.0 Commonwealth
Rolling Forest,Week3,Chesterbrook,Week5,355.0 Chesterbrook - 47.0 Rolling Forest
Rolling Forest,Week4,Stratford,Week3,240.0 Rolling Forest - 162.0 Stratford
Rolling Forest,Week3,Orange Hunt,Week3,203.0 Rolling Forest - 199.0 Orange Hunt
Rolling Forest,Week2,Hamlet,Week1,288.0 Hamlet - 114.0 Rolling Forest
Rolling Forest,Week1,Brookfield ,Week4,215.0 Brookfield - 187.0 Rolling Forest
Rolling Forest,Week5,Chesterbrook,Week3,357.0 Chesterbrook - 45.0 Rolling Forest
Rolling Forest,Week2,Stratford,Week3,231.0 Rolling Forest - 171.0 Stratford
Rolling Forest,Week4,Hamlet,Week3,302.5 Hamlet - 99.5 Rolling Forest
Rolling Forest,Week1,Orange Hunt,Week3,215.0 Orange Hunt - 187.0 Rolling Forest
Rolling Forest,Week2,Commonwealth,Week5,208.0 Rolling Forest - 194.0 Commonwealth
Rolling Forest,Week2,Stratford,Week4,203.0 Rolling Forest - 199.0 Stratford
Rolling Forest,Week3,Hamlet,Week3,267.0 Hamlet - 135.0 Rolling Forest
Rolling Forest,Week5,Old Keene Mill,Week3,243.0 Rolling Forest - 159.0 Old Keene Mill
Rolling Forest,Week2,Hamlet,Week3,294.0 Hamlet - 108.0 Rolling Forest
Rolling Forest,Week4,Orange Hunt,Week2,205.0 Orange Hunt - 197.0 Rolling Forest
Rolling Forest,Week1,Brookfield ,Week1,208.0 Brookfield - 194.0 Rolling Forest
Rolling Forest,Week4,Stratford,Week1,253.0 Rolling Forest - 149.0 Stratford
Rolling Forest,Week2,Brookfield ,Week5,214.0 Brookfield - 188.0 Rolling Forest
Rolling Forest,Week3,Hamlet,Week1,273.0 Hamlet - 129.0 Rolling Forest
Rolling Forest,Week1,Brookfield ,Week2,209.0 Brookfield - 193.0 Rolling Forest
Rolling Forest,Week3,Orange Hunt,Week4,211.0 Rolling Forest - 191.0 Orange Hunt
Rolling Forest,Week5,Chesterbrook,Week2,337.0 Chesterbrook - 65.0 Rolling Forest
Rolling Forest,Week3,Sully Station,Week1,246.0 Sully Station - 156.0 Rolling Forest
Rolling Forest,Week5,Hamlet,Week1,267.0 Hamlet - 135.0 Rolling Forest
Rolling Forest,Week5,Stratford,Week1,274.0 Rolling Forest - 128.0 Stratford
Rolling Forest,Week5,Bren Mar-Edsall Park,Week3,349.0 Rolling Forest - 53.0 Bren Mar-Edsall Park
Rolling Forest,Week1,Brookfield ,Week3,204.0 Rolling Forest - 198.0 Brookfield
Rolling Forest,Week4,Orange Hunt,Week1,212.0 Orange Hunt - 190.0 Rolling Forest
Rolling Forest,Week4,Hamlet,Week2,317.5 Hamlet - 84.5 Rolling Forest
Rolling Forest,Week3,Orange Hunt,Week2,202.0 Orange Hunt - 200.0 Rolling Forest
Rolling Forest,Week5,Chesterbrook,Week4,337.5 Chesterbrook - 64.5 Rolling Forest
Rolling Forest,Week5,Hayfield Farm,Week5,211.0 Rolling Forest - 191.0 Hayfield Farm
Rolling Forest,Week1,Brookfield ,Week5,203.0 Brookfield - 199.0 Rolling Forest
Rolling Forest,Week1,Commonwealth,Week5,238.0 Rolling Forest - 164.0 Commonwealth
Rolling Forest,Week5,Bren Mar-Edsall Park,Week5,351.0 Rolling Forest - 51.0 Bren Mar-Edsall Park
Rolling Forest,Week5,Chesterbrook,Week5,343.0 Chesterbrook - 59.0 Rolling Forest
Rolling Forest,Week2,Brookfield ,Week3,207.0 Brookfield - 195.0 Rolling Forest
Rolling Forest,Week3,Sully Station,Week2,241.0 Sully Station - 161.0 Rolling Forest
Rolling Forest,Week2,Sully Station,Week1,266.0 Sully Station - 136.0 Rolling Forest
Rolling Forest,Week2,Sully Station,Week2,255.0 Sully Station - 147.0 Rolling Forest
Rolling Forest,Week4,Orange Hunt,Week4,220.0 Orange Hunt - 182.0 Rolling Forest
Rolling Forest,Week3,Orange Hunt,Week5,222.0 Orange Hunt - 180.0 Rolling Forest
Rolling Forest,Week3,Chesterbrook,Week4,339.0 Chesterbrook - 63.0 Rolling Forest
Rolling Forest,Week5,Stratford,Week2,272.0 Rolling Forest - 130.0 Stratford
Rolling Forest,Week1,Sully Station,Week2,255.0 Sully Station - 147.0 Rolling Forest
Rolling Forest,Week3,Hamlet,Week5,296.0 Hamlet - 106.0 Rolling Forest
Rolling Forest,Week1,Commonwealth,Week3,249.0 Rolling Forest - 153.0 Commonwealth
Rolling Forest,Week2,Commonwealth,Week4,232.0 Rolling Forest - 170.0 Commonwealth
Rolling Forest,Week4,Orange Hunt,Week3,222.0 Orange Hunt - 180.0 Rolling Forest
Rolling Forest,Week5,Hayfield Farm,Week2,201.0 Hayfield Farm - 201.0 Rolling Forest
Rolling Forest,Week2,Commonwealth,Week1,249.0 Rolling Forest - 153.0 Commonwealth
Rolling Forest,Week4,Orange Hunt,Week5,243.0 Orange Hunt - 159.0 Rolling Forest
Rolling Forest,Week2,Hamlet,Week2,308.0 Hamlet - 94.0 Rolling Forest
Rolling Forest,Week4,Hamlet,Week5,323.0 Hamlet - 79.0 Rolling Forest
Rolling Forest,Week5,Orange Hunt,Week5,230.0 Orange Hunt - 172.0 Rolling Forest
Rolling Forest,Week1,Commonwealth,Week1,270.0 Rolling Forest - 132.0 Commonwealth
Rolling Forest,Week2,Brookfield ,Week1,222.0 Brookfield - 180.0 Rolling Forest
Rolling Forest,Week2,Brookfield ,Week2,219.0 Brookfield - 183.0 Rolling Forest
Rolling Forest,Week1,Hayfield Farm,Week1,226.0 Hayfield Farm - 176.0 Rolling Forest
Rolling Forest,Week5,Orange Hunt,Week1,207.0 Rolling Forest - 195.0 Orange Hunt
Rolling Forest,Week2,Sully Station,Week4,269.0 Sully Station - 133.0 Rolling Forest
Rolling Forest,Week5,Bren Mar-Edsall Park,Week2,363.0 Rolling Forest - 39.0 Bren Mar-Edsall Park
Rolling Forest,Week4,Chesterbrook,Week1,343.0 Chesterbrook - 59.0 Rolling Forest
Rolling Forest,Week5,Hayfield Farm,Week1,205.0 Rolling Forest - 197.0 Hayfield Farm
Rolling Forest,Week2,Overlee,Week1,324.0 Overlee - 78.0 Rolling Forest
Rolling Forest,Week5,Sully Station,Week1,257.0 Sully Station - 145.0 Rolling Forest
Rolling Forest,Week4,Chesterbrook,Week2,353.0 Chesterbrook - 49.0 Rolling Forest
Rolling Forest,Week4,Chesterbrook,Week4,355.0 Chesterbrook - 47.0 Rolling Forest
Rolling Forest,Week5,Sully Station,Week3,255.0 Sully Station - 147.0 Rolling Forest
Rolling Forest,Week3,Sully Station II,Week4,248.0 Sully Station II - 154.0 Rolling Forest
Rolling Forest,Week3,Herndon,Week2,297.0 Rolling Forest - 105.0 Herndon
Rolling Forest,Week2,Herndon,Week5,292.0 Rolling Forest - 110.0 Herndon
Rolling Forest,Week5,Orange Hunt,Week3,211.0 Orange Hunt - 191.0 Rolling Forest
Rolling Forest,Week4,Overlee,Week4,383.0 Overlee - 19.0 Rolling Forest
Rolling Forest,Week1,Commonwealth,Week4,250.0 Rolling Forest - 152.0 Commonwealth
Rolling Forest,Week4,Sully Station,Week1,269.0 Sully Station - 133.0 Rolling Forest
Rolling Forest,Week4,Overlee,Week1,341.0 Overlee - 61.0 Rolling Forest
Rolling Forest,Week3,Brookfield ,Week1,202.0 Rolling Forest - 200.0 Brookfield
Rolling Forest,Week5,Chesterbrook,Week1,330.0 Chesterbrook - 72.0 Rolling Forest
Rolling Forest,Week5,Bren Mar-Edsall Park,Week4,357.0 Rolling Forest - 45.0 Bren Mar-Edsall Park
Rolling Forest,Week3,Brookfield ,Week2,208.0 Rolling Forest - 194.0 Brookfield
Rolling Forest,Week4,Brookfield ,Week3,202.0 Rolling Forest - 200.0 Brookfield
Rolling Forest,Week2,Overlee,Week5,369.0 Overlee - 33.0 Rolling Forest
Rolling Forest,Week5,Hayfield Farm,Week4,203.0 Rolling Forest - 199.0 Hayfield Farm
Rolling Forest,Week2,Hayfield Farm,Week5,243.0 Hayfield Farm - 159.0 Rolling Forest
Rolling Forest,Week3,Commonwealth,Week2,243.0 Rolling Forest - 159.0 Commonwealth
Rolling Forest,Week1,Herndon,Week3,310.0 Rolling Forest - 92.0 Herndon
Rolling Forest,Week3,Cottontail,Week2,227.0 Rolling Forest - 175.0 Cottontail
Rolling Forest,Week4,Brookfield ,Week5,210.0 Brookfield - 192.0 Rolling Forest
Rolling Forest,Week5,Bren Mar-Edsall Park,Week1,359.0 Rolling Forest - 43.0 Bren Mar-Edsall Park
Rolling Forest,Week3,Commonwealth,Week1,269.0 Rolling Forest - 133.0 Commonwealth
Rolling Forest,Week3,Commonwealth,Week5,243.0 Rolling Forest - 159.0 Commonwealth
Rolling Forest,Week5,Brookfield ,Week4,208.0 Rolling Forest - 194.0 Brookfield
Rolling Forest,Week3,Overlee,Week5,356.0 Overlee - 46.0 Rolling Forest
Rolling Forest,Week1,Sully Station II,Week2,288.0 Sully Station II - 114.0 Rolling Forest
Rolling Forest,Week1,Sully Station II,Week5,308.0 Sully Station II - 94.0 Rolling Forest
Rolling Forest,Week4,Brookfield ,Week2,215.0 Brookfield - 187.0 Rolling Forest
Rolling Forest,Week2,Commonwealth,Week3,226.0 Rolling Forest - 176.0 Commonwealth
Rolling Forest,Week5,Brookfield ,Week2,214.0 Rolling Forest - 188.0 Brookfield
Rolling Forest,Week1,Overlee,Week4,369.0 Overlee - 33.0 Rolling Forest
Rolling Forest,Week4,Sully Station,Week5,284.0 Sully Station - 118.0 Rolling Forest
Rolling Forest,Week1,Overlee,Week5,366.0 Overlee - 36.0 Rolling Forest
Rolling Forest,Week1,Overlee,Week2,340.0 Overlee - 62.0 Rolling Forest
Rolling Forest,Week1,Herndon,Week1,299.0 Rolling Forest - 103.0 Herndon
Rolling Forest,Week3,Sully Station,Week4,239.0 Sully Station - 163.0 Rolling Forest
Rolling Forest,Week4,Hayfield Farm,Week4,231.0 Hayfield Farm - 171.0 Rolling Forest
Rolling Forest,Week3,Hayfield Farm,Week4,207.0 Rolling Forest - 195.0 Hayfield Farm
Rolling Forest,Week3,Brookfield ,Week5,212.0 Rolling Forest - 190.0 Brookfield
Rolling Forest,Week3,Overlee,Week4,357.0 Overlee - 45.0 Rolling Forest
Rolling Forest,Week2,Hayfield Farm,Week4,234.0 Hayfield Farm - 168.0 Rolling Forest
Rolling Forest,Week1,Sully Station II,Week4,256.0 Sully Station II - 146.0 Rolling Forest
Rolling Forest,Week2,Overlee,Week3,339.0 Overlee - 63.0 Rolling Forest
Rolling Forest,Week2,Cottontail,Week5,228.0 Cottontail - 174.0 Rolling Forest
Rolling Forest,Week2,Cottontail,Week4,206.0 Rolling Forest - 196.0 Cottontail
Rolling Forest,Week5,Sully Station,Week5,268.0 Sully Station - 134.0 Rolling Forest
Rolling Forest,Week3,Hayfield Farm,Week5,206.0 Rolling Forest - 196.0 Hayfield Farm
Rolling Forest,Week1,Broyhill Crest,Week1,323.0 Rolling Forest - 79.0 Broyhill Crest
Rolling Forest,Week5,Brookfield ,Week5,220.0 Rolling Forest - 182.0 Brookfield
Rolling Forest,Week3,Overlee,Week2,337.0 Overlee - 65.0 Rolling Forest
Rolling Forest,Week1,Herndon,Week4,307.0 Rolling Forest - 95.0 Herndon
Rolling Forest,Week5,Sully Station,Week2,255.0 Sully Station - 147.0 Rolling Forest
Rolling Forest,Week4,Sully Station,Week3,249.5 Sully Station - 152.5 Rolling Forest
Rolling Forest,Week4,Broyhill Crest,Week5,325.0 Rolling Forest - 77.0 Broyhill Crest
Rolling Forest,Week2,Herndon,Week4,298.0 Rolling Forest - 104.0 Herndon
Rolling Forest,Week5,Commonwealth,Week4,264.0 Rolling Forest - 138.0 Commonwealth
Rolling Forest,Week3,Hayfield Farm,Week2,201.0 Hayfield Farm - 201.0 Rolling Forest
Rolling Forest,Week1,Cottontail,Week1,218.0 Cottontail - 184.0 Rolling Forest
Rolling Forest,Week5,Commonwealth,Week5,234.0 Rolling Forest - 168.0 Commonwealth
Rolling Forest,Week3,Hayfield Farm,Week3,232.0 Hayfield Farm - 170.0 Rolling Forest
Rolling Forest,Week3,Sully Station II,Week2,278.0 Sully Station II - 124.0 Rolling Forest
Rolling Forest,Week4,Commonwealth,Week4,240.0 Rolling Forest - 162.0 Commonwealth
Rolling Forest,Week2,Sully Station II,Week5,300.5 Sully Station II - 101.5 Rolling Forest
Rolling Forest,Week4,Overlee,Week2,358.0 Overlee - 44.0 Rolling Forest
Rolling Forest,Week3,Overlee,Week3,326.0 Overlee - 76.0 Rolling Forest
Rolling Forest,Week3,Broyhill Crest,Week2,341.0 Rolling Forest - 61.0 Broyhill Crest
Rolling Forest,Week5,Overlee,Week1,311.0 Overlee - 91.0 Rolling Forest
Rolling Forest,Week5,Overlee,Week2,332.0 Overlee - 70.0 Rolling Forest
Rolling Forest,Week2,Sully Station II,Week4,250.0 Sully Station II - 152.0 Rolling Forest
Rolling Forest,Week4,Overlee,Week3,348.0 Overlee - 54.0 Rolling Forest
Rolling Forest,Week4,Broyhill Crest,Week3,356.0 Rolling Forest - 46.0 Broyhill Crest
Rolling Forest,Week2,Broyhill Crest,Week4,316.0 Rolling Forest - 86.0 Broyhill Crest
Rolling Forest,Week4,Cottontail,Week3,211.0 Rolling Forest - 191.0 Cottontail
Rolling Forest,Week4,Hayfield Farm,Week1,233.0 Hayfield Farm - 169.0 Rolling Forest
Rolling Forest,Week5,Cottontail,Week2,226.0 Rolling Forest - 176.0 Cottontail
Rolling Forest,Week3,Sully Station,Week5,259.0 Sully Station - 143.0 Rolling Forest
Rolling Forest,Week2,Herndon,Week3,298.0 Rolling Forest - 104.0 Herndon
Rolling Forest,Week1,Overlee,Week3,333.0 Overlee - 69.0 Rolling Forest
Rolling Forest,Week2,Broyhill Crest,Week3,328.0 Rolling Forest - 74.0 Broyhill Crest
Rolling Forest,Week3,Sully Station II,Week1,239.0 Sully Station II - 163.0 Rolling Forest
Rolling Forest,Week4,Sully Station,Week4,274.5 Sully Station - 127.5 Rolling Forest
Rolling Forest,Week2,Sully Station II,Week3,299.0 Sully Station II - 103.0 Rolling Forest
Rolling Forest,Week2,Burke Station,Week3,246.0 Rolling Forest - 151.0 Burke Station
Rolling Forest,Week4,Overlee,Week5,378.0 Overlee - 24.0 Rolling Forest
Rolling Forest,Week5,Orange Hunt,Week4,206.0 Orange Hunt - 196.0 Rolling Forest
Rolling Forest,Week4,Broyhill Crest,Week1,337.0 Rolling Forest - 65.0 Broyhill Crest
Rolling Forest,Week4,Cottontail,Week5,216.0 Cottontail - 186.0 Rolling Forest
Rolling Forest,Week5,Broyhill Crest,Week4,329.0 Rolling Forest - 73.0 Broyhill Crest
Rolling Forest,Week3,Sully Station II,Week3,280.0 Sully Station II - 122.0 Rolling Forest
Rolling Forest,Week2,Herndon,Week2,283.0 Rolling Forest - 119.0 Herndon
Rolling Forest,Week3,Hayfield Farm,Week1,202.0 Rolling Forest - 200.0 Hayfield Farm
Rolling Forest,Week4,Hayfield Farm,Week5,211.0 Hayfield Farm - 191.0 Rolling Forest
Rolling Forest,Week5,Commonwealth,Week3,270.0 Rolling Forest - 132.0 Commonwealth
Rolling Forest,Week5,Overlee,Week3,317.0 Overlee - 85.0 Rolling Forest
Rolling Forest,Week4,Hayfield Farm,Week3,245.0 Hayfield Farm - 157.0 Rolling Forest
Rolling Forest,Week2,Overlee,Week2,342.0 Overlee - 60.0 Rolling Forest
Rolling Forest,Week2,Truro,Week2,228.0 Rolling Forest - 174.0 Truro
Rolling Forest,Week1,Truro,Week3,232.0 Rolling Forest - 170.0 Truro
Rolling Forest,Week1,Burke Station,Week5,247.0 Rolling Forest - 155.0 Burke Station
Rolling Forest,Week4,Commonwealth,Week2,232.0 Rolling Forest - 170.0 Commonwealth
Riverside Gardens,Week4,Little Rocky Run,Week4,203.0 Riverside Gardens - 199.0 Little Rocky Run
Rolling Forest,Week5,Broyhill Crest,Week1,336.0 Rolling Forest - 66.0 Broyhill Crest
Rolling Forest,Week3,Overlee,Week1,311.0 Overlee - 91.0 Rolling Forest
Rolling Forest,Week1,Herndon,Week5,303.0 Rolling Forest - 99.0 Herndon
Rolling Forest,Week1,Burke Station,Week1,247.0 Rolling Forest - 131.0 Burke Station
Rolling Forest,Week1,Broyhill Crest,Week4,322.0 Rolling Forest - 80.0 Broyhill Crest
Rolling Forest,Week5,Overlee,Week4,360.0 Overlee - 42.0 Rolling Forest
Rolling Forest,Week2,Hayfield Farm,Week3,266.0 Hayfield Farm - 136.0 Rolling Forest
Rolling Forest,Week4,Hayfield Farm,Week2,224.0 Hayfield Farm - 178.0 Rolling Forest
Rolling Forest,Week1,Cottontail,Week2,208.0 Rolling Forest - 194.0 Cottontail
Rolling Forest,Week4,Commonwealth,Week3,238.0 Rolling Forest - 164.0 Commonwealth
Rolling Forest,Week2,Sully Station II,Week1,273.0 Sully Station II - 129.0 Rolling Forest
Rolling Forest,Week5,Commonwealth,Week1,279.0 Rolling Forest - 123.0 Commonwealth
Rolling Forest,Week4,Sully Station,Week2,254.0 Sully Station - 148.0 Rolling Forest
Rolling Forest,Week2,Overlee,Week4,365.0 Overlee - 37.0 Rolling Forest
Rolling Forest,Week5,Sully Station,Week4,240.0 Sully Station - 162.0 Rolling Forest
Rolling Forest,Week3,Broyhill Crest,Week1,347.0 Rolling Forest - 54.0 Broyhill Crest
Riverside Gardens,Week1,Little Rocky Run,Week3,244.0 Little Rocky Run - 158.0 Riverside Gardens
Rolling Forest,Week1,Sully Station II,Week3,301.0 Sully Station II - 101.0 Rolling Forest
Rolling Forest,Week3,Commonwealth,Week4,262.0 Rolling Forest - 140.0 Commonwealth
Rolling Forest,Week1,Burke Station,Week4,262.0 Rolling Forest - 140.0 Burke Station
Rolling Forest,Week5,Hayfield Farm,Week3,233.0 Hayfield Farm - 169.0 Rolling Forest
Riverside Gardens,Week3,Rutherford,Week3,314.0 Riverside Gardens - 88.0 Rutherford
Riverside Gardens,Week3,Little Rocky Run,Week3,217.0 Little Rocky Run - 185.0 Riverside Gardens
Rolling Forest,Week4,Sully Station II,Week2,301.0 Sully Station II - 101.0 Rolling Forest
Rolling Forest,Week1,Cottontail,Week4,216.0 Rolling Forest - 181.0 Cottontail
Riverside Gardens,Week5,Little Rocky Run,Week1,215.0 Riverside Gardens - 187.0 Little Rocky Run
Rolling Forest,Week2,Sully Station II,Week2,289.0 Sully Station II - 113.0 Rolling Forest
Rolling Forest,Week5,Commonwealth,Week2,242.0 Rolling Forest - 160.0 Commonwealth
Rolling Forest,Week3,Herndon,Week1,303.0 Rolling Forest - 99.0 Herndon
Rolling Forest,Week1,Sully Station II,Week1,265.0 Sully Station II - 137.0 Rolling Forest
Rolling Forest,Week4,Sully Station II,Week1,275.0 Sully Station II - 127.0 Rolling Forest
Riverside Gardens,Week5,Little Rocky Run,Week2,221.0 Riverside Gardens - 181.0 Little Rocky Run
Rolling Forest,Week1,Overlee,Week1,323.0 Overlee - 79.0 Rolling Forest
Rolling Forest,Week2,Herndon,Week1,285.0 Rolling Forest - 117.0 Herndon
Rolling Forest,Week3,Broyhill Crest,Week5,339.0 Rolling Forest - 63.0 Broyhill Crest
Rolling Forest,Week1,Herndon,Week2,300.0 Rolling Forest - 102.0 Herndon
Rolling Forest,Week1,Cottontail,Week5,211.0 Cottontail - 191.0 Rolling Forest
Rolling Forest,Week2,Parklawn,Week1,249.0 Rolling Forest - 139.0 Parklawn
Rolling Forest,Week3,Parklawn,Week4,256.0 Rolling Forest - 146.0 Parklawn
Rolling Forest,Week4,Broyhill Crest,Week4,336.0 Rolling Forest - 66.0 Broyhill Crest
Rolling Forest,Week3,Parklawn,Week3,276.5 Rolling Forest - 125.5 Parklawn
Rolling Forest,Week3,Broyhill Crest,Week3,356.0 Rolling Forest - 46.0 Broyhill Crest
Rolling Forest,Week2,Broyhill Crest,Week2,327.0 Rolling Forest - 75.0 Broyhill Crest
Riverside Gardens,Week4,Rutherford,Week5,320.0 Riverside Gardens - 82.0 Rutherford
Riverside Gardens,Week2,Shouse Village,Week1,239.5 Riverside Gardens - 162.5 Shouse Village
Rolling Forest,Week2,Hayfield Farm,Week2,239.0 Hayfield Farm - 163.0 Rolling Forest
Rolling Forest,Week4,Parklawn,Week1,259.0 Rolling Forest - 134.0 Parklawn
Riverside Gardens,Week4,Little Rocky Run,Week5,225.0 Little Rocky Run - 177.0 Riverside Gardens
Rolling Forest,Week1,Cottontail,Week3,215.0 Rolling Forest - 187.0 Cottontail
Rolling Forest,Week3,Commonwealth,Week3,258.0 Rolling Forest - 144.0 Commonwealth
Riverside Gardens,Week5,Little Hunting Park,Week2,325.0 Riverside Gardens - 77.0 Little Hunting Park
Rolling Forest,Week4,Herndon,Week3,313.0 Rolling Forest - 89.0 Herndon
Rolling Forest,Week3,Hiddenbrook,Week1,248.0 Rolling Forest - 154.0 Hiddenbrook
Rolling Forest,Week4,Herndon,Week2,299.0 Rolling Forest - 103.0 Herndon
Riverside Gardens,Week5,Rutherford,Week2,322.0 Riverside Gardens - 80.0 Rutherford
Rolling Forest,Week1,Broyhill Crest,Week3,346.0 Rolling Forest - 56.0 Broyhill Crest
Rolling Forest,Week2,Parklawn,Week5,229.0 Rolling Forest - 172.0 Parklawn
Rolling Forest,Week4,Sully Station II,Week3,300.0 Sully Station II - 102.0 Rolling Forest
Rolling Forest,Week1,Parliament,Week3,206.0 Parliament - 196.0 Rolling Forest
Rolling Forest,Week5,Sully Station II,Week4,242.0 Sully Station II - 160.0 Rolling Forest
Rolling Forest,Week2,Cottontail,Week2,203.0 Cottontail - 199.0 Rolling Forest
Rolling Forest,Week2,Burke Station,Week1,236.0 Rolling Forest - 142.0 Burke Station
Riverside Gardens,Week3,Rutherford,Week2,325.0 Riverside Gardens - 77.0 Rutherford
Rolling Forest,Week5,Broyhill Crest,Week2,341.0 Rolling Forest - 61.0 Broyhill Crest
Riverside Gardens,Week5,Little Hunting Park,Week5,322.5 Riverside Gardens - 79.5 Little Hunting Park
Rolling Forest,Week3,Sully Station II,Week5,293.0 Sully Station II - 109.0 Rolling Forest
Rolling Forest,Week5,Parklawn,Week3,262.0 Rolling Forest - 139.0 Parklawn
Riverside Gardens,Week4,Rutherford,Week3,317.0 Riverside Gardens - 85.0 Rutherford
Riverside Gardens,Week3,Little Rocky Run,Week2,208.0 Little Rocky Run - 194.0 Riverside Gardens
Rolling Forest,Week4,Commonwealth,Week1,260.0 Rolling Forest - 142.0 Commonwealth
Riverside Gardens,Week1,Shouse Village,Week5,221.0 Riverside Gardens - 181.0 Shouse Village
Rolling Forest,Week2,Hiddenbrook,Week5,206.0 Hiddenbrook - 196.0 Rolling Forest
Rolling Forest,Week2,Cottontail,Week3,204.0 Cottontail - 198.0 Rolling Forest
Riverside Gardens,Week1,Little Rocky Run,Week2,221.0 Little Rocky Run - 181.0 Riverside Gardens
Rolling Forest,Week2,Broyhill Crest,Week1,321.0 Rolling Forest - 76.0 Broyhill Crest
Rolling Forest,Week4,Herndon,Week1,297.0 Rolling Forest - 105.0 Herndon
Rolling Forest,Week1,Burke Station,Week2,284.0 Rolling Forest - 117.0 Burke Station
Rolling Forest,Week5,Herndon,Week3,314.0 Rolling Forest - 88.0 Herndon
Riverside Gardens,Week3,Rutherford,Week5,309.0 Riverside Gardens - 93.0 Rutherford
Rolling Forest,Week2,Cottontail,Week1,205.0 Cottontail - 197.0 Rolling Forest
Riverside Gardens,Week2,Little Rocky Run,Week1,217.0 Little Rocky Run - 185.0 Riverside Gardens
Riverside Gardens,Week2,Rutherford,Week5,283.0 Riverside Gardens - 119.0 Rutherford
Rolling Forest,Week4,Parklawn,Week5,233.0 Rolling Forest - 168.0 Parklawn
Rolling Forest,Week5,Sully Station II,Week1,238.0 Sully Station II - 164.0 Rolling Forest
Rolling Forest,Week4,Sully Station II,Week5,315.0 Sully Station II - 87.0 Rolling Forest
Riverside Gardens,Week3,Little Rocky Run,Week5,230.0 Little Rocky Run - 172.0 Riverside Gardens
Riverside Gardens,Week4,Little Rocky Run,Week1,202.0 Riverside Gardens - 200.0 Little Rocky Run
Rolling Forest,Week2,Parliament,Week4,205.0 Parliament - 197.0 Rolling Forest
Rolling Forest,Week4,Hiddenbrook,Week1,237.0 Rolling Forest - 165.0 Hiddenbrook
Rolling Forest,Week1,Parklawn,Week4,246.0 Rolling Forest - 155.0 Parklawn
Rolling Forest,Week3,Cottontail,Week1,227.5 Rolling Forest - 174.5 Cottontail
Rolling Forest,Week4,Commonwealth,Week5,223.0 Rolling Forest - 179.0 Commonwealth
Rolling Forest,Week4,Herndon,Week5,303.0 Rolling Forest - 99.0 Herndon
Rolling Forest,Week1,Truro,Week1,230.0 Rolling Forest - 172.0 Truro
Rolling Forest,Week3,Cottontail,Week4,234.0 Rolling Forest - 168.0 Cottontail
Rolling Forest,Week3,Herndon,Week5,304.0 Rolling Forest - 98.0 Herndon
Riverside Gardens,Week1,Little Rocky Run,Week1,202.0 Little Rocky Run - 200.0 Riverside Gardens
Rolling Forest,Week1,Parklawn,Week3,265.0 Rolling Forest - 136.0 Parklawn
Riverside Gardens,Week5,Little Hunting Park,Week3,328.0 Riverside Gardens - 74.0 Little Hunting Park
Riverside Gardens,Week5,Rutherford,Week5,312.0 Riverside Gardens - 90.0 Rutherford
Rolling Forest,Week4,Broyhill Crest,Week2,346.0 Rolling Forest - 56.0 Broyhill Crest
Rolling Forest,Week1,Truro,Week2,241.0 Rolling Forest - 160.0 Truro
Riverside Gardens,Week5,Rutherford,Week3,313.0 Riverside Gardens - 89.0 Rutherford
Rolling Forest,Week1,Burke Station,Week3,248.0 Rolling Forest - 149.0 Burke Station
Rolling Forest,Week1,Hiddenbrook,Week1,240.0 Rolling Forest - 162.0 Hiddenbrook
Rolling Forest,Week3,Cottontail,Week3,229.0 Rolling Forest - 173.0 Cottontail
Rolling Forest,Week3,Parklawn,Week2,264.0 Rolling Forest - 138.0 Parklawn
Riverside Gardens,Week1,Shouse Village,Week3,228.0 Riverside Gardens - 174.0 Shouse Village
Rolling Forest,Week4,Parklawn,Week2,238.0 Rolling Forest - 163.0 Parklawn
Rolling Forest,Week1,Truro,Week5,228.0 Rolling Forest - 174.0 Truro
Riverside Gardens,Week2,Little Rocky Run,Week3,248.0 Little Rocky Run - 154.0 Riverside Gardens
Rolling Forest,Week1,Truro,Week4,230.0 Rolling Forest - 172.0 Truro
Rolling Forest,Week3,Cottontail,Week5,212.0 Rolling Forest - 190.0 Cottontail
Rolling Forest,Week2,Broyhill Crest,Week5,316.0 Rolling Forest - 86.0 Broyhill Crest
Riverside Gardens,Week1,Shouse Village,Week2,277.0 Riverside Gardens - 125.0 Shouse Village
Rolling Forest,Week3,Parklawn,Week1,270.0 Rolling Forest - 123.0 Parklawn
Rolling Forest,Week3,Broyhill Crest,Week4,336.0 Rolling Forest - 66.0 Broyhill Crest
Riverside Gardens,Week2,Little Rocky Run,Week5,257.0 Little Rocky Run - 145.0 Riverside Gardens
Rolling Forest,Week1,Broyhill Crest,Week5,322.0 Rolling Forest - 75.0 Broyhill Crest
Rolling Forest,Week5,Sully Station II,Week3,276.5 Sully Station II - 125.5 Rolling Forest
Riverside Gardens,Week2,Little Rocky Run,Week4,239.0 Little Rocky Run - 163.0 Riverside Gardens
Rolling Forest,Week2,Parklawn,Week3,253.0 Rolling Forest - 148.0 Parklawn
Rolling Forest,Week5,Broyhill Crest,Week5,322.0 Rolling Forest - 80.0 Broyhill Crest
Rolling Forest,Week2,Hiddenbrook,Week1,234.0 Rolling Forest - 168.0 Hiddenbrook
Rolling Forest,Week4,Parklawn,Week4,239.0 Rolling Forest - 162.0 Parklawn
Rolling Forest,Week1,Parliament,Week4,212.0 Rolling Forest - 190.0 Parliament
Rolling Forest,Week3,Herndon,Week4,320.0 Rolling Forest - 82.0 Herndon
Rolling Forest,Week2,Truro,Week3,228.0 Rolling Forest - 174.0 Truro
Rolling Forest,Week1,Hiddenbrook,Week3,229.0 Rolling Forest - 173.0 Hiddenbrook
Rolling Forest,Week5,Cottontail,Week1,227.0 Rolling Forest - 175.0 Cottontail
Rolling Forest,Week1,Parklawn,Week1,266.0 Rolling Forest - 127.0 Parklawn
Rolling Forest,Week2,Truro,Week1,213.5 Rolling Forest - 188.5 Truro
Riverside Gardens,Week5,Little Hunting Park,Week4,332.0 Riverside Gardens - 70.0 Little Hunting Park
Rolling Forest,Week4,Country Club Hills,Week4,207.0 Rolling Forest - 195.0 Country Club Hills
Rolling Forest,Week4,Cottontail,Week2,203.0 Rolling Forest - 199.0 Cottontail
Rolling Forest,Week4,Cottontail,Week1,215.0 Cottontail - 187.0 Rolling Forest
Rolling Forest,Week2,Hiddenbrook,Week4,205.0 Rolling Forest - 192.0 Hiddenbrook
Rolling Forest,Week5,Sully Station II,Week5,293.0 Sully Station II - 109.0 Rolling Forest
Rolling Forest,Week4,Cottontail,Week4,216.0 Rolling Forest - 186.0 Cottontail
Rolling Forest,Week2,Burke Station,Week2,271.0 Rolling Forest - 130.0 Burke Station
Riverside Gardens,Week5,Rutherford,Week4,317.0 Riverside Gardens - 85.0 Rutherford
Riverside Gardens,Week3,Little Rocky Run,Week1,207.0 Little Rocky Run - 195.0 Riverside Gardens
Rolling Forest,Week5,Parklawn,Week1,265.0 Rolling Forest - 128.0 Parklawn
Rolling Forest,Week2,Burke Station,Week4,263.0 Rolling Forest - 139.0 Burke Station
Riverside Gardens,Week1,Shouse Village,Week4,226.0 Riverside Gardens - 176.0 Shouse Village
Rolling Forest,Week5,Broyhill Crest,Week3,351.0 Rolling Forest - 51.0 Broyhill Crest
Riverside Gardens,Week3,Rutherford,Week4,316.0 Riverside Gardens - 86.0 Rutherford
Riverside Gardens,Week1,Little Rocky Run,Week4,230.0 Little Rocky Run - 172.0 Riverside Gardens
Rolling Forest,Week1,Country Club Hills,Week1,212.0 Rolling Forest - 190.0 Country Club Hills
Rolling Forest,Week2,Truro,Week4,214.0 Rolling Forest - 188.0 Truro
Rolling Forest,Week4,Herndon,Week4,312.0 Rolling Forest - 90.0 Herndon
Rolling Forest,Week5,Sully Station II,Week2,282.0 Sully Station II - 120.0 Rolling Forest
Rolling Forest,Week4,Sully Station II,Week4,268.0 Sully Station II - 134.0 Rolling Forest
Rolling Forest,Week4,Parklawn,Week3,251.0 Rolling Forest - 150.0 Parklawn
Riverside Gardens,Week5,Walden Glen,Week2,290.0 Riverside Gardens - 112.0 Walden Glen
Rolling Forest,Week1,Hiddenbrook,Week2,253.0 Rolling Forest - 149.0 Hiddenbrook
Riverside Gardens,Week4,Rutherford,Week2,331.0 Riverside Gardens - 71.0 Rutherford
Riverside Gardens,Week5,Shouse Village,Week4,242.0 Riverside Gardens - 160.0 Shouse Village
Rolling Forest,Week1,Country Club Hills,Week4,217.0 Rolling Forest - 185.0 Country Club Hills
Rolling Forest,Week5,Parklawn,Week2,259.0 Rolling Forest - 142.0 Parklawn
Rolling Forest,Week3,Country Club Hills,Week2,235.0 Rolling Forest - 167.0 Country Club Hills
Rolling Forest,Week5,Herndon,Week5,313.0 Rolling Forest - 89.0 Herndon
Riverside Gardens,Week3,Little Rocky Run,Week4,210.0 Little Rocky Run - 192.0 Riverside Gardens
Riverside Gardens,Week3,Waynewood,Week3,204.0 Waynewood - 198.0 Riverside Gardens
Riverside Gardens,Week2,Little Rocky Run,Week2,223.0 Little Rocky Run - 179.0 Riverside Gardens
Rolling Forest,Week3,Hiddenbrook,Week4,231.0 Rolling Forest - 171.0 Hiddenbrook
Riverside Gardens,Week4,Rutherford,Week1,335.5 Riverside Gardens - 66.5 Rutherford
Riverside Gardens,Week2,Rutherford,Week3,296.0 Riverside Gardens - 106.0 Rutherford
Riverside Gardens,Week1,Waynewood,Week5,239.0 Waynewood - 163.0 Riverside Gardens
Rolling Forest,Week2,Truro,Week5,225.0 Rolling Forest - 177.0 Truro
Riverside Gardens,Week4,Little Rocky Run,Week3,205.0 Little Rocky Run - 197.0 Riverside Gardens
Rolling Forest,Week3,Hiddenbrook,Week3,243.0 Rolling Forest - 159.0 Hiddenbrook
Riverside Gardens,Week4,Little Rocky Run,Week2,207.0 Riverside Gardens - 195.0 Little Rocky Run
Riverside Gardens,Week5,Waynewood,Week1,225.0 Riverside Gardens - 177.0 Waynewood
Rolling Forest,Week5,Overlee,Week5,362.0 Overlee - 40.0 Rolling Forest
Riverside Gardens,Week2,Shouse Village,Week3,225.0 Riverside Gardens - 177.0 Shouse Village
Riverside Gardens,Week4,Waynewood,Week4,226.0 Riverside Gardens - 176.0 Waynewood
Rolling Forest,Week2,Parklawn,Week2,244.0 Rolling Forest - 157.0 Parklawn
Riverside Gardens,Week2,Shouse Village,Week2,268.0 Riverside Gardens - 134.0 Shouse Village
Rolling Forest,Week5,Cottontail,Week3,230.0 Rolling Forest - 172.0 Cottontail
Riverside Gardens,Week1,Waynewood,Week3,229.0 Waynewood - 173.0 Riverside Gardens
Rolling Forest,Week1,Parklawn,Week5,240.0 Rolling Forest - 161.0 Parklawn
Rolling Forest,Week5,Herndon,Week4,324.0 Rolling Forest - 78.0 Herndon
Riverside Gardens,Week4,Rutherford,Week4,322.0 Riverside Gardens - 80.0 Rutherford
Riverside Gardens,Week5,Rutherford,Week1,331.0 Riverside Gardens - 71.0 Rutherford
Rolling Forest,Week3,Hiddenbrook,Week5,207.0 Rolling Forest - 195.0 Hiddenbrook
Rolling Forest,Week5,Country Club Hills,Week4,232.0 Rolling Forest - 170.0 Country Club Hills
Rolling Forest,Week5,Herndon,Week2,305.5 Rolling Forest - 96.5 Herndon
Rolling Forest,Week1,Parklawn,Week2,249.0 Rolling Forest - 152.0 Parklawn
Rolling Forest,Week5,Country Club Hills,Week1,223.0 Rolling Forest - 179.0 Country Club Hills
Rolling Forest,Week2,Country Club Hills,Week5,222.0 Country Club Hills - 180.0 Rolling Forest
Riverside Gardens,Week1,Little Rocky Run,Week5,251.0 Little Rocky Run - 151.0 Riverside Gardens
Rolling Forest,Week1,Hiddenbrook,Week4,214.0 Rolling Forest - 188.0 Hiddenbrook
Rolling Forest,Week2,Parklawn,Week4,238.0 Rolling Forest - 162.0 Parklawn
Riverside Gardens,Week5,Waynewood,Week5,203.5 Waynewood - 198.5 Riverside Gardens
Rolling Forest,Week5,Country Club Hills,Week5,213.0 Rolling Forest - 189.0 Country Club Hills
Riverside Gardens,Week1,Woodley,Week2,343.0 Riverside Gardens - 59.0 Woodley
Riverside Gardens,Week4,Waynewood,Week1,237.0 Riverside Gardens - 165.0 Waynewood
Rolling Forest,Week3,Parklawn,Week5,256.0 Rolling Forest - 146.0 Parklawn
Rolling Forest,Week1,Parliament,Week1,213.0 Parliament - 189.0 Rolling Forest
Riverside Gardens,Week3,Rutherford,Week1,327.0 Riverside Gardens - 75.0 Rutherford
Rolling Forest,Week5,Parklawn,Week5,239.0 Rolling Forest - 162.0 Parklawn
Rolling Forest,Week1,Crosspointe,Week1,271.5 Crosspointe - 130.5 Rolling Forest
Riverside Gardens,Week3,Shouse Village,Week4,242.0 Riverside Gardens - 160.0 Shouse Village
Riverside Gardens,Week3,Shouse Village,Week1,266.0 Riverside Gardens - 136.0 Shouse Village
Riverside Gardens,Week2,Woodley,Week1,321.0 Riverside Gardens - 81.0 Woodley
Rolling Forest,Week5,Cottontail,Week5,218.0 Rolling Forest - 184.0 Cottontail
Riverside Gardens,Week2,Rutherford,Week4,294.0 Riverside Gardens - 108.0 Rutherford
Rolling Forest,Week1,Hiddenbrook,Week5,209.0 Rolling Forest - 193.0 Hiddenbrook
Rolling Forest,Week5,Herndon,Week1,313.0 Rolling Forest - 89.0 Herndon
Rolling Forest,Week2,Hiddenbrook,Week3,212.5 Rolling Forest - 189.5 Hiddenbrook
Rolling Forest,Week5,Parklawn,Week4,246.0 Rolling Forest - 155.0 Parklawn
Rolling Forest,Week1,Country Club Hills,Week5,213.0 Country Club Hills - 189.0 Rolling Forest
Riverside Gardens,Week5,Waynewood,Week2,231.0 Riverside Gardens - 171.0 Waynewood
Riverside Gardens,Week4,Shouse Village,Week1,265.0 Riverside Gardens - 137.0 Shouse Village
Rolling Forest,Week4,Hiddenbrook,Week4,216.0 Rolling Forest - 186.0 Hiddenbrook
Rolling Forest,Week4,Hiddenbrook,Week2,247.0 Rolling Forest - 155.0 Hiddenbrook
Riverside Gardens,Week1,Shouse Village,Week1,238.0 Riverside Gardens - 164.0 Shouse Village
Riverside Gardens,Week3,Shouse Village,Week3,253.0 Riverside Gardens - 149.0 Shouse Village
Rolling Forest,Week2,Hiddenbrook,Week2,243.5 Rolling Forest - 153.5 Hiddenbrook
Rolling Forest,Week1,Parliament,Week2,213.0 Rolling Forest - 189.0 Parliament
Rolling Forest,Week5,Country Club Hills,Week3,236.0 Rolling Forest - 166.0 Country Club Hills
Riverside Gardens,Week4,Walden Glen,Week5,274.0 Riverside Gardens - 128.0 Walden Glen
Riverside Gardens,Week4,Waynewood,Week3,207.0 Riverside Gardens - 195.0 Waynewood
Riverside Gardens,Week1,Waynewood,Week2,204.0 Riverside Gardens - 198.0 Waynewood
Rolling Forest,Week5,Cottontail,Week4,239.0 Rolling Forest - 163.0 Cottontail
Riverside Gardens,Week4,Shouse Village,Week3,256.0 Riverside Gardens - 146.0 Shouse Village
Rolling Forest,Week2,Parliament,Week1,230.0 Parliament - 172.0 Rolling Forest
Rolling Forest,Week3,Herndon,Week3,312.0 Rolling Forest - 90.0 Herndon
Riverside Gardens,Week4,Shouse Village,Week2,288.0 Riverside Gardens - 114.0 Shouse Village
Rolling Forest,Week1,Country Club Hills,Week2,229.0 Rolling Forest - 173.0 Country Club Hills
Rolling Forest,Week2,Country Club Hills,Week4,204.5 Rolling Forest - 197.5 Country Club Hills
Riverside Gardens,Week5,Walden Glen,Week3,302.0 Riverside Gardens - 100.0 Walden Glen
Rolling Forest,Week1,Parliament,Week5,203.0 Parliament - 199.0 Rolling Forest
Rolling Forest,Week3,Hiddenbrook,Week2,263.0 Rolling Forest - 139.0 Hiddenbrook
Rolling Forest,Week2,Parliament,Week2,203.5 Parliament - 198.5 Rolling Forest
Rolling Forest,Week2,Parliament,Week3,209.0 Parliament - 193.0 Rolling Forest
Rolling Forest,Week1,Country Club Hills,Week3,222.0 Rolling Forest - 180.0 Country Club Hills
Riverside Gardens,Week5,Walden Glen,Week1,326.0 Riverside Gardens - 76.0 Walden Glen
Rolling Forest,Week5,High Point Pool,Week4,259.0 High Point Pool - 143.0 Rolling Forest
Riverside Gardens,Week2,Waynewood,Week2,215.5 Waynewood - 186.5 Riverside Gardens
Rolling Forest,Week4,Parliament,Week2,203.0 Parliament - 199.0 Rolling Forest
Riverside Gardens,Week2,Waynewood,Week3,236.0 Waynewood - 166.0 Riverside Gardens
Rolling Forest,Week1,High Point Pool,Week1,238.0 High Point Pool - 164.0 Rolling Forest
Riverside Gardens,Week1,Waynewood,Week1,214.0 Riverside Gardens - 188.0 Waynewood
Rolling Forest,Week4,Parliament,Week4,207.0 Parliament - 195.0 Rolling Forest
Rolling Forest,Week4,Hiddenbrook,Week3,223.0 Rolling Forest - 179.0 Hiddenbrook
Rolling Forest,Week1,High Point Pool,Week3,257.0 High Point Pool - 145.0 Rolling Forest
Rolling Forest,Week4,Country Club Hills,Week3,209.0 Rolling Forest - 193.0 Country Club Hills
Rolling Forest,Week5,Hiddenbrook,Week3,233.0 Rolling Forest - 169.0 Hiddenbrook
Riverside Gardens,Week2,Shouse Village,Week5,218.0 Riverside Gardens - 184.0 Shouse Village
Riverside Gardens,Week2,Waynewood,Week4,212.0 Waynewood - 190.0 Riverside Gardens
Rolling Forest,Week3,Country Club Hills,Week1,234.0 Rolling Forest - 168.0 Country Club Hills
Rolling Hills,Week1,Dowden Terrace,Week3,239.0 Dowden Terrace - 163.0 Rolling Hills
Rolling Forest,Week1,Pinecrest,Week1,255.0 Pinecrest - 147.0 Rolling Forest
Rolling Forest,Week5,Parliament,Week3,209.0 Rolling Forest - 193.0 Parliament
Rolling Forest,Week3,Pinecrest,Week2,265.0 Pinecrest - 137.0 Rolling Forest
Rolling Forest,Week2,Country Club Hills,Week2,210.0 Rolling Forest - 192.0 Country Club Hills
Rolling Forest,Week2,Pinecrest,Week5,283.0 Pinecrest - 119.0 Rolling Forest
Rolling Hills,Week3,Dowden Terrace,Week1,236.0 Dowden Terrace - 165.0 Rolling Hills
Riverside Gardens,Week2,Shouse Village,Week4,215.0 Riverside Gardens - 187.0 Shouse Village
Rolling Hills,Week4,Dowden Terrace,Week1,247.0 Dowden Terrace - 146.0 Rolling Hills
Rolling Forest,Week3,Country Club Hills,Week5,216.0 Rolling Forest - 186.0 Country Club Hills
Riverside Gardens,Week1,Waynewood,Week4,205.0 Waynewood - 197.0 Riverside Gardens
Riverside Gardens,Week5,Shouse Village,Week3,250.5 Riverside Gardens - 151.5 Shouse Village
Riverside Gardens,Week3,Shouse Village,Week5,225.0 Riverside Gardens - 177.0 Shouse Village
Rolling Forest,Week5,High Point Pool,Week1,230.0 High Point Pool - 172.0 Rolling Forest
Rolling Forest,Week2,Country Club Hills,Week3,218.0 Rolling Forest - 184.0 Country Club Hills
Rolling Hills,Week1,Dunn Loring,Week2,318.0 Dunn Loring - 84.0 Rolling Hills
Riverside Gardens,Week5,Walden Glen,Week5,274.0 Riverside Gardens - 128.0 Walden Glen
Riverside Gardens,Week5,Shouse Village,Week1,264.0 Riverside Gardens - 138.0 Shouse Village
Rolling Hills,Week3,Dowden Terrace,Week5,269.0 Dowden Terrace - 133.0 Rolling Hills
Riverside Gardens,Week2,Waynewood,Week1,203.0 Riverside Gardens - 199.0 Waynewood
Riverside Gardens,Week5,Shouse Village,Week2,285.0 Riverside Gardens - 117.0 Shouse Village
Rolling Hills,Week5,Dowden Terrace,Week5,283.0 Dowden Terrace - 119.0 Rolling Hills
Riverside Gardens,Week4,Shouse Village,Week5,241.0 Riverside Gardens - 161.0 Shouse Village
Rolling Hills,Week1,Dunn Loring,Week5,318.0 Dunn Loring - 84.0 Rolling Hills
Rolling Forest,Week3,Pinecrest,Week3,253.0 Pinecrest - 149.0 Rolling Forest
Rolling Forest,Week3,Pinecrest,Week1,233.0 Pinecrest - 169.0 Rolling Forest
Riverside Gardens,Week4,Shouse Village,Week4,248.0 Riverside Gardens - 154.0 Shouse Village
Rolling Forest,Week2,High Point Pool,Week2,280.0 High Point Pool - 122.0 Rolling Forest
Rolling Forest,Week2,Pinecrest,Week3,286.0 Pinecrest - 116.0 Rolling Forest
Rolling Forest,Week3,Country Club Hills,Week4,230.0 Rolling Forest - 172.0 Country Club Hills
Riverside Gardens,Week2,Waynewood,Week5,252.0 Waynewood - 150.0 Riverside Gardens
Riverside Gardens,Week3,Shouse Village,Week2,284.0 Riverside Gardens - 118.0 Shouse Village
Rolling Forest,Week3,Country Club Hills,Week3,234.0 Rolling Forest - 168.0 Country Club Hills
Rolling Forest,Week4,Country Club Hills,Week1,205.0 Rolling Forest - 197.0 Country Club Hills
Rolling Forest,Week3,High Point Pool,Week5,247.0 High Point Pool - 155.0 Rolling Forest
Rolling Forest,Week4,Country Club Hills,Week2,211.0 Rolling Forest - 191.0 Country Club Hills
Rolling Forest,Week2,Country Club Hills,Week1,205.0 Rolling Forest - 197.0 Country Club Hills
Rolling Forest,Week4,Hiddenbrook,Week5,205.0 Hiddenbrook - 197.0 Rolling Forest
Riverside Gardens,Week5,Walden Glen,Week4,290.0 Riverside Gardens - 112.0 Walden Glen
Rolling Hills,Week1,Dowden Terrace,Week1,241.0 Dowden Terrace - 157.0 Rolling Hills
Rolling Hills,Week2,Dowden Terrace,Week3,218.0 Dowden Terrace - 184.0 Rolling Hills
Rolling Forest,Week4,Crosspointe,Week2,261.0 Crosspointe - 141.0 Rolling Forest
Rolling Hills,Week2,Dowden Terrace,Week4,247.0 Dowden Terrace - 155.0 Rolling Hills
Riverside Gardens,Week3,Waynewood,Week1,232.0 Riverside Gardens - 170.0 Waynewood
Rolling Forest,Week1,Highland Park,Week5,234.0 Highland Park - 168.0 Rolling Forest
Rolling Forest,Week4,Parliament,Week1,223.0 Parliament - 179.0 Rolling Forest
Riverside Gardens,Week2,Sideburn Run,Week3,222.0 Riverside Gardens - 180.0 Sideburn Run
Riverside Gardens,Week3,Waynewood,Week5,208.0 Waynewood - 194.0 Riverside Gardens
Rolling Forest,Week4,Country Club Hills,Week5,216.0 Country Club Hills - 186.0 Rolling Forest
Rolling Hills,Week3,Dowden Terrace,Week4,249.0 Dowden Terrace - 148.0 Rolling Hills
Rolling Forest,Week1,Highland Park,Week3,215.0 Highland Park - 182.0 Rolling Forest
Rolling Forest,Week5,High Point Pool,Week2,246.0 High Point Pool - 156.0 Rolling Forest
Riverside Gardens,Week3,Waynewood,Week2,225.0 Riverside Gardens - 177.0 Waynewood
Rolling Forest,Week1,Pinecrest,Week4,281.0 Pinecrest - 121.0 Rolling Forest
Riverside Gardens,Week3,Sideburn Run,Week5,235.0 Riverside Gardens - 167.0 Sideburn Run
Rolling Forest,Week5,Country Club Hills,Week2,231.0 Rolling Forest - 171.0 Country Club Hills
Rolling Forest,Week5,Parliament,Week2,220.0 Rolling Forest - 182.0 Parliament
Rolling Forest,Week2,Highland Park,Week1,243.0 Highland Park - 159.0 Rolling Forest
Riverside Gardens,Week4,Waynewood,Week2,241.0 Riverside Gardens - 161.0 Waynewood
Riverside Gardens,Week4,Sideburn Run,Week2,275.0 Riverside Gardens - 127.0 Sideburn Run
Riverside Gardens,Week2,Sideburn Run,Week4,222.0 Riverside Gardens - 180.0 Sideburn Run
Rolling Hills,Week4,Dowden Terrace,Week4,252.0 Dowden Terrace - 150.0 Rolling Hills
Rolling Forest,Week5,Parliament,Week5,203.0 Rolling Forest - 199.0 Parliament
Rolling Hills,Week1,Dowden Terrace,Week4,256.0 Dowden Terrace - 146.0 Rolling Hills
Rolling Forest,Week4,Crosspointe,Week3,260.0 Crosspointe - 142.0 Rolling Forest
Riverside Gardens,Week3,Sideburn Run,Week3,258.0 Riverside Gardens - 144.0 Sideburn Run
Rolling Hills,Week2,Dowden Terrace,Week1,237.0 Dowden Terrace - 159.0 Rolling Hills
Rolling Forest,Week2,High Point Pool,Week3,266.0 High Point Pool - 136.0 Rolling Forest
Rolling Forest,Week4,Parliament,Week5,216.0 Parliament - 186.0 Rolling Forest
Rolling Forest,Week3,Parliament,Week2,216.0 Rolling Forest - 185.0 Parliament
Rolling Forest,Week5,Hiddenbrook,Week1,252.0 Rolling Forest - 150.0 Hiddenbrook
Riverside Gardens,Week5,Waynewood,Week3,207.0 Waynewood - 195.0 Riverside Gardens
Riverside Gardens,Week5,Waynewood,Week4,231.0 Riverside Gardens - 171.0 Waynewood
Riverside Gardens,Week4,Sideburn Run,Week4,273.0 Riverside Gardens - 129.0 Sideburn Run
Rolling Forest,Week1,Crosspointe,Week4,251.5 Crosspointe - 150.5 Rolling Forest
Rolling Forest,Week5,Crosspointe,Week2,235.0 Crosspointe - 167.0 Rolling Forest
Rolling Hills,Week1,Dowden Terrace,Week2,233.0 Dowden Terrace - 169.0 Rolling Hills
Rolling Forest,Week2,Parliament,Week5,212.0 Parliament - 190.0 Rolling Forest
Rolling Forest,Week5,Hiddenbrook,Week4,225.5 Rolling Forest - 176.5 Hiddenbrook
Rolling Forest,Week4,Crosspointe,Week5,290.0 Crosspointe - 112.0 Rolling Forest
Rolling Forest,Week2,High Point Pool,Week1,259.0 High Point Pool - 143.0 Rolling Forest
Riverside Gardens,Week4,Sideburn Run,Week3,265.0 Riverside Gardens - 137.0 Sideburn Run
Riverside Gardens,Week3,Waynewood,Week4,220.0 Riverside Gardens - 182.0 Waynewood
Riverside Gardens,Week4,Waynewood,Week5,203.0 Waynewood - 199.0 Riverside Gardens
Rolling Forest,Week3,Parliament,Week3,202.0 Rolling Forest - 200.0 Parliament
Riverside Gardens,Week4,Sideburn Run,Week5,259.0 Riverside Gardens - 143.0 Sideburn Run
Riverside Gardens,Week1,Sideburn Run,Week1,232.0 Riverside Gardens - 170.0 Sideburn Run
Rolling Forest,Week2,High Point Pool,Week5,270.0 High Point Pool - 132.0 Rolling Forest
Rolling Hills,Week4,Dowden Terrace,Week3,239.0 Dowden Terrace - 163.0 Rolling Hills
Riverside Gardens,Week1,Woodley,Week5,328.0 Riverside Gardens - 74.0 Woodley
Riverside Gardens,Week1,Sideburn Run,Week2,251.0 Riverside Gardens - 151.0 Sideburn Run
Rolling Forest,Week2,Crosspointe,Week4,271.0 Crosspointe - 131.0 Rolling Forest
Rolling Hills,Week2,Dowden Terrace,Week2,221.0 Dowden Terrace - 181.0 Rolling Hills
Rolling Forest,Week2,Pinecrest,Week2,275.0 Pinecrest - 127.0 Rolling Forest
Rolling Forest,Week5,Crosspointe,Week4,239.0 Crosspointe - 163.0 Rolling Forest
Rolling Forest,Week3,Parliament,Week1,207.0 Parliament - 195.0 Rolling Forest
Rolling Hills,Week5,Dowden Terrace,Week2,239.0 Dowden Terrace - 163.0 Rolling Hills
Rolling Hills,Week4,Dowden Terrace,Week2,241.0 Dowden Terrace - 155.0 Rolling Hills
Riverside Gardens,Week5,Sideburn Run,Week1,257.0 Riverside Gardens - 145.0 Sideburn Run
Riverside Gardens,Week3,Sideburn Run,Week2,261.0 Riverside Gardens - 141.0 Sideburn Run
Riverside Gardens,Week1,Woodley,Week3,342.0 Riverside Gardens - 60.0 Woodley
Rolling Forest,Week5,Hiddenbrook,Week5,216.0 Rolling Forest - 186.0 Hiddenbrook
Rolling Forest,Week1,High Point Pool,Week5,265.0 High Point Pool - 137.0 Rolling Forest
Riverside Gardens,Week1,Woodley,Week1,336.0 Riverside Gardens - 66.0 Woodley
Rolling Hills,Week1,Dowden Terrace,Week5,273.0 Dowden Terrace - 129.0 Rolling Hills
Rolling Forest,Week2,Crosspointe,Week5,298.0 Crosspointe - 104.0 Rolling Forest
Rolling Forest,Week1,Crosspointe,Week3,264.0 Crosspointe - 138.0 Rolling Forest
Riverside Gardens,Week1,Woodley,Week4,340.0 Riverside Gardens - 62.0 Woodley
Rolling Forest,Week1,High Point Pool,Week4,254.0 High Point Pool - 148.0 Rolling Forest
Rolling Forest,Week2,Annandale,Week3,224.0 Rolling Forest - 178.0 Annandale
Rolling Forest,Week5,Parliament,Week4,211.0 Rolling Forest - 191.0 Parliament
Riverside Gardens,Week5,Shouse Village,Week5,234.0 Riverside Gardens - 168.0 Shouse Village
Rolling Hills,Week4,Dowden Terrace,Week5,284.0 Dowden Terrace - 118.0 Rolling Hills
Rolling Forest,Week3,High Point Pool,Week3,242.0 High Point Pool - 160.0 Rolling Forest
Riverside Gardens,Week4,Sideburn Run,Week1,251.0 Riverside Gardens - 151.0 Sideburn Run
Riverside Gardens,Week1,Sideburn Run,Week5,240.0 Riverside Gardens - 162.0 Sideburn Run
Rolling Forest,Week4,Parliament,Week3,205.0 Parliament - 197.0 Rolling Forest
Rolling Forest,Week1,Annandale,Week5,250.0 Rolling Forest - 152.0 Annandale
Rolling Forest,Week1,Pinecrest,Week3,280.0 Pinecrest - 122.0 Rolling Forest
Rolling Forest,Week2,Crosspointe,Week1,271.0 Crosspointe - 131.0 Rolling Forest
Rolling Forest,Week3,Crosspointe,Week5,279.0 Crosspointe - 123.0 Rolling Forest
Rolling Forest,Week3,High Point Pool,Week2,253.0 High Point Pool - 149.0 Rolling Forest
Riverside Gardens,Week4,Woodley,Week2,348.0 Riverside Gardens - 54.0 Woodley
Rolling Forest,Week3,Crosspointe,Week4,240.0 Crosspointe - 162.0 Rolling Forest
Rolling Forest,Week2,High Point Pool,Week4,275.0 High Point Pool - 127.0 Rolling Forest
Rolling Forest,Week4,Crosspointe,Week4,267.0 Crosspointe - 135.0 Rolling Forest
Rolling Forest,Week1,Pinecrest,Week5,270.0 Pinecrest - 132.0 Rolling Forest
Rolling Forest,Week5,Parliament,Week1,203.0 Parliament - 199.0 Rolling Forest
Rolling Hills,Week3,Dowden Terrace,Week3,232.0 Dowden Terrace - 170.0 Rolling Hills
Riverside Gardens,Week5,Woodley,Week5,336.0 Riverside Gardens - 66.0 Woodley
Rolling Forest,Week2,Pinecrest,Week1,255.0 Pinecrest - 147.0 Rolling Forest
Rolling Forest,Week5,Crosspointe,Week1,257.0 Crosspointe - 145.0 Rolling Forest
Rolling Forest,Week3,Crosspointe,Week1,255.5 Crosspointe - 146.5 Rolling Forest
Rolling Hills,Week2,Dowden Terrace,Week5,273.0 Dowden Terrace - 129.0 Rolling Hills
Rolling Hills,Week5,Dowden Terrace,Week1,250.0 Dowden Terrace - 151.0 Rolling Hills
Riverside Gardens,Week3,Sideburn Run,Week1,247.0 Riverside Gardens - 155.0 Sideburn Run
Rolling Forest,Week3,Parliament,Week4,213.0 Rolling Forest - 189.0 Parliament
Riverside Gardens,Week2,Sideburn Run,Week1,205.0 Riverside Gardens - 197.0 Sideburn Run
Rolling Hills,Week5,Dowden Terrace,Week3,239.5 Dowden Terrace - 162.5 Rolling Hills
Rolling Forest,Week3,High Point Pool,Week1,231.0 High Point Pool - 171.0 Rolling Forest
Rolling Forest,Week5,Hiddenbrook,Week2,274.0 Rolling Forest - 128.0 Hiddenbrook
Rolling Forest,Week3,Crosspointe,Week3,251.0 Crosspointe - 151.0 Rolling Forest
Rolling Forest,Week1,High Point Pool,Week2,260.0 High Point Pool - 142.0 Rolling Forest
Riverside Gardens,Week1,Sideburn Run,Week4,245.0 Riverside Gardens - 157.0 Sideburn Run
Rolling Hills,Week5,Dowden Terrace,Week4,259.0 Dowden Terrace - 143.0 Rolling Hills
Riverside Gardens,Week4,Woodley,Week4,346.0 Riverside Gardens - 56.0 Woodley
Riverside Gardens,Week3,Woodley,Week4,348.0 Riverside Gardens - 54.0 Woodley
Rolling Hills,Week3,Dowden Terrace,Week2,232.0 Dowden Terrace - 170.0 Rolling Hills
Riverside Gardens,Week2,Sideburn Run,Week5,220.0 Riverside Gardens - 182.0 Sideburn Run
Rolling Forest,Week1,Pinecrest,Week2,273.0 Pinecrest - 129.0 Rolling Forest
Riverside Gardens,Week2,Woodley,Week3,338.0 Riverside Gardens - 64.0 Woodley
Rolling Hills,Week1,Dunn Loring,Week1,288.0 Dunn Loring - 114.0 Rolling Hills
Rolling Forest,Week2,Pinecrest,Week4,275.0 Pinecrest - 127.0 Rolling Forest
Rolling Forest,Week5,Crosspointe,Week3,252.0 Crosspointe - 150.0 Rolling Forest
Rolling Forest,Week3,Parliament,Week5,204.0 Rolling Forest - 198.0 Parliament
Riverside Gardens,Week1,Sideburn Run,Week3,239.0 Riverside Gardens - 163.0 Sideburn Run
Rolling Forest,Week3,High Point Pool,Week4,253.0 High Point Pool - 149.0 Rolling Forest
Rolling Forest,Week4,Crosspointe,Week1,280.0 Crosspointe - 122.0 Rolling Forest
Rolling Forest,Week4,High Point Pool,Week2,274.0 High Point Pool - 128.0 Rolling Forest
Riverside Gardens,Week5,Woodley,Week1,343.0 Riverside Gardens - 59.0 Woodley
Rolling Forest,Week4,High Point Pool,Week1,245.5 High Point Pool - 156.5 Rolling Forest
Rolling Hills,Week4,Dunn Loring,Week4,318.0 Dunn Loring - 83.0 Rolling Hills
Rolling Forest,Week1,Annandale,Week2,263.0 Rolling Forest - 139.0 Annandale
Rolling Forest,Week1,Crosspointe,Week2,249.0 Crosspointe - 153.0 Rolling Forest
Riverside Gardens,Week4,Woodley,Week1,342.0 Riverside Gardens - 60.0 Woodley
Rolling Forest,Week4,Pinecrest,Week5,273.0 Pinecrest - 129.0 Rolling Forest
Rolling Forest,Week3,Pinecrest,Week5,259.0 Pinecrest - 143.0 Rolling Forest
Rolling Forest,Week4,High Point Pool,Week5,267.0 High Point Pool - 135.0 Rolling Forest
Riverside Gardens,Week3,Sideburn Run,Week4,258.0 Riverside Gardens - 144.0 Sideburn Run
Riverside Gardens,Week2,Sideburn Run,Week2,230.0 Riverside Gardens - 172.0 Sideburn Run
Riverside Gardens,Week3,Woodley,Week2,343.0 Riverside Gardens - 59.0 Woodley
Rolling Forest,Week2,Crosspointe,Week3,273.0 Crosspointe - 129.0 Rolling Forest
Rolling Forest,Week5,High Point Pool,Week3,248.0 High Point Pool - 154.0 Rolling Forest
Rolling Forest,Week1,Annandale,Week1,280.0 Rolling Forest - 122.0 Annandale
Rolling Forest,Week4,High Point Pool,Week3,267.0 High Point Pool - 135.0 Rolling Forest
Rolling Forest,Week1,Crosspointe,Week5,287.0 Crosspointe - 115.0 Rolling Forest
Rolling Hills,Week1,Dunn Loring,Week4,309.0 Dunn Loring - 93.0 Rolling Hills
Rolling Forest,Week2,Pinewood Lake,Week2,361.0 Rolling Forest - 40.0 Pinewood Lake
Rolling Hills,Week2,Dunn Loring,Week3,325.0 Dunn Loring - 77.0 Rolling Hills
Rolling Forest,Week3,Crosspointe,Week2,241.0 Crosspointe - 161.0 Rolling Forest
Riverside Gardens,Week1,Sleepy Hollow B & R,Week3,217.0 Riverside Gardens - 185.0 Sleepy Hollow B & R
Rolling Forest,Week4,Pinecrest,Week1,265.0 Pinecrest - 137.0 Rolling Forest
Rolling Hills,Week1,Dunn Loring,Week3,323.0 Dunn Loring - 79.0 Rolling Hills
Riverside Gardens,Week5,Sleepy Hollow B & R,Week3,272.0 Riverside Gardens - 130.0 Sleepy Hollow B & R
Rolling Forest,Week4,High Point Pool,Week4,274.0 High Point Pool - 128.0 Rolling Forest
Riverside Gardens,Week5,Sleepy Hollow B & R,Week2,263.0 Riverside Gardens - 139.0 Sleepy Hollow B & R
Rolling Forest,Week3,Highland Park,Week5,213.0 Highland Park - 189.0 Rolling Forest
Riverside Gardens,Week4,Sleepy Hollow B & R,Week3,250.0 Riverside Gardens - 152.0 Sleepy Hollow B & R
Rolling Forest,Week4,Pinecrest,Week3,287.0 Pinecrest - 115.0 Rolling Forest
Riverside Gardens,Week1,Sleepy Hollow B & R,Week5,230.0 Sleepy Hollow B & R - 172.0 Riverside Gardens
Riverside Gardens,Week4,Woodley,Week5,341.5 Riverside Gardens - 60.5 Woodley
Rolling Hills,Week5,Dunn Loring,Week5,327.0 Dunn Loring - 75.0 Rolling Hills
Riverside Gardens,Week3,Sleepy Hollow B & R,Week2,242.0 Riverside Gardens - 160.0 Sleepy Hollow B & R
Rolling Forest,Week4,Highland Park,Week1,244.0 Highland Park - 158.0 Rolling Forest
Rolling Hills,Week1,Fair Oaks ,Week4,239.0 Fair Oaks - 163.0 Rolling Hills
Rolling Hills,Week3,Dunn Loring,Week5,319.0 Dunn Loring - 83.0 Rolling Hills
Rolling Forest,Week4,Highland Park,Week3,224.0 Highland Park - 178.0 Rolling Forest
Rolling Forest,Week1,Annandale,Week3,247.0 Rolling Forest - 155.0 Annandale
Riverside Gardens,Week2,Woodley,Week2,329.0 Riverside Gardens - 73.0 Woodley
Riverside Gardens,Week5,Sideburn Run,Week5,259.0 Riverside Gardens - 143.0 Sideburn Run
Riverside Gardens,Week5,Sideburn Run,Week3,255.0 Riverside Gardens - 147.0 Sideburn Run
Rolling Forest,Week5,Pinecrest,Week2,259.0 Pinecrest - 143.0 Rolling Forest
Riverside Gardens,Week1,Sleepy Hollow B & R,Week1,256.0 Riverside Gardens - 146.0 Sleepy Hollow B & R
Rolling Forest,Week5,Pinecrest,Week3,257.0 Pinecrest - 145.0 Rolling Forest
Rolling Forest,Week1,Highland Park,Week1,233.0 Highland Park - 169.0 Rolling Forest
Riverside Gardens,Week2,Woodley,Week4,338.0 Riverside Gardens - 64.0 Woodley
Riverside Gardens,Week4,Woodley,Week3,349.0 Riverside Gardens - 53.0 Woodley
Riverside Gardens,Week5,Woodley,Week4,339.0 Riverside Gardens - 63.0 Woodley
Rolling Hills,Week5,Dunn Loring,Week3,329.0 Dunn Loring - 73.0 Rolling Hills
Riverside Gardens,Week5,Little Hunting Park,Week1,333.0 Riverside Gardens - 68.0 Little Hunting Park
Rolling Hills,Week4,Dunn Loring,Week2,322.0 Dunn Loring - 80.0 Rolling Hills
Rolling Hills,Week4,Dunn Loring,Week5,320.0 Dunn Loring - 81.0 Rolling Hills
Rolling Hills,Week3,Dunn Loring,Week1,274.0 Dunn Loring - 128.0 Rolling Hills
Rolling Hills,Week2,Fair Oaks ,Week4,236.0 Fair Oaks - 166.0 Rolling Hills
Riverside Gardens,Week5,Sideburn Run,Week4,262.0 Riverside Gardens - 140.0 Sideburn Run
Riverside Gardens,Week1,Sleepy Hollow B & R,Week4,216.5 Riverside Gardens - 185.5 Sleepy Hollow B & R
Rolling Forest,Week5,High Point Pool,Week5,250.0 High Point Pool - 152.0 Rolling Forest
Rolling Forest,Week1,Pinewood Lake,Week2,359.0 Rolling Forest - 43.0 Pinewood Lake
Rolling Forest,Week2,Pinewood Lake,Week1,362.0 Rolling Forest - 39.0 Pinewood Lake
Riverside Gardens,Week3,Woodley,Week3,349.0 Riverside Gardens - 53.0 Woodley
Riverside Gardens,Week5,Woodley,Week2,350.0 Riverside Gardens - 52.0 Woodley
Rolling Forest,Week1,Pleasant Valley,Week1,296.0 Rolling Forest - 105.0 Pleasant Valley
Rolling Forest,Week5,Pinewood Lake,Week1,365.0 Rolling Forest - 36.0 Pinewood Lake
Rolling Forest,Week2,Highland Park,Week2,234.0 Highland Park - 168.0 Rolling Forest
Rolling Forest,Week2,Crosspointe,Week2,259.5 Crosspointe - 142.5 Rolling Forest
Rolling Forest,Week1,Highland Park,Week2,247.0 Highland Park - 155.0 Rolling Forest
Rolling Forest,Week1,Highland Park,Week4,240.0 Highland Park - 162.0 Rolling Forest
Rolling Forest,Week1,Annandale,Week4,272.0 Rolling Forest - 130.0 Annandale
Rolling Forest,Week1,Pinewood Lake,Week3,359.0 Rolling Forest - 42.0 Pinewood Lake
Rolling Forest,Week2,Highland Park,Week4,242.0 Highland Park - 160.0 Rolling Forest
Rolling Forest,Week3,Pinewood Lake,Week1,368.0 Rolling Forest - 33.0 Pinewood Lake
Rolling Hills,Week3,Dunn Loring,Week2,314.0 Dunn Loring - 88.0 Rolling Hills
Rolling Forest,Week3,Highland Park,Week4,222.0 Highland Park - 180.0 Rolling Forest
Rolling Forest,Week1,Pinewood Lake,Week5,349.0 Rolling Forest - 52.0 Pinewood Lake
Rolling Forest,Week5,Highland Park,Week2,206.0 Rolling Forest - 196.0 Highland Park
Rolling Hills,Week3,Fair Oaks ,Week1,240.0 Fair Oaks - 162.0 Rolling Hills
Rolling Hills,Week4,Dunn Loring,Week3,327.0 Dunn Loring - 75.0 Rolling Hills
Riverside Gardens,Week2,Sleepy Hollow B & R,Week1,235.0 Riverside Gardens - 167.0 Sleepy Hollow B & R
Rolling Forest,Week4,Highland Park,Week2,244.0 Highland Park - 158.0 Rolling Forest
Riverside Gardens,Week1,Sleepy Hollow B & R,Week2,222.0 Riverside Gardens - 180.0 Sleepy Hollow B & R
Rolling Forest,Week2,Annandale,Week1,252.0 Rolling Forest - 150.0 Annandale
Rolling Forest,Week1,Pinewood Lake,Week4,356.0 Rolling Forest - 45.0 Pinewood Lake
Riverside Gardens,Week3,Woodley,Week5,336.5 Riverside Gardens - 65.5 Woodley
Rolling Forest,Week3,Pinewood Lake,Week4,364.0 Rolling Forest - 36.0 Pinewood Lake
Riverside Gardens,Week3,Sleepy Hollow B & R,Week3,245.0 Riverside Gardens - 157.0 Sleepy Hollow B & R
Riverside Gardens,Week5,Woodley,Week3,340.0 Riverside Gardens - 62.0 Woodley
Riverside Gardens,Week2,Woodley,Week5,318.0 Riverside Gardens - 84.0 Woodley
Rolling Forest,Week2,Pinewood Lake,Week5,349.0 Rolling Forest - 52.0 Pinewood Lake
Rolling Forest,Week3,Highland Park,Week1,231.0 Highland Park - 171.0 Rolling Forest
Rolling Hills,Week1,Fair Oaks ,Week3,250.0 Fair Oaks - 152.0 Rolling Hills
Rolling Hills,Week2,Dunn Loring,Week1,281.0 Dunn Loring - 121.0 Rolling Hills
Riverside Gardens,Week5,Sideburn Run,Week2,283.0 Riverside Gardens - 119.0 Sideburn Run
Rolling Forest,Week3,Highland Park,Week3,208.0 Highland Park - 194.0 Rolling Forest
Rolling Forest,Week2,Annandale,Week2,243.0 Rolling Forest - 159.0 Annandale
Riverside Gardens,Week2,Sleepy Hollow B & R,Week3,206.0 Riverside Gardens - 196.0 Sleepy Hollow B & R
Rolling Hills,Week3,Dunn Loring,Week4,314.0 Dunn Loring - 88.0 Rolling Hills
Riverside Gardens,Week3,Woodley,Week1,339.0 Riverside Gardens - 63.0 Woodley
Rolling Forest,Week1,Pinewood Lake,Week1,360.0 Rolling Forest - 42.0 Pinewood Lake
Rolling Forest,Week5,Highland Park,Week1,229.0 Highland Park - 173.0 Rolling Forest
Riverside Gardens,Week3,Sleepy Hollow B & R,Week4,233.0 Riverside Gardens - 169.0 Sleepy Hollow B & R
Rolling Forest,Week4,Pinewood Lake,Week2,362.0 Rolling Forest - 40.0 Pinewood Lake
Riverside Gardens,Week2,Sleepy Hollow B & R,Week2,207.0 Riverside Gardens - 195.0 Sleepy Hollow B & R
Rolling Forest,Week5,Pinecrest,Week4,262.0 Pinecrest - 140.0 Rolling Forest
Rolling Forest,Week3,Pinecrest,Week4,267.0 Pinecrest - 135.0 Rolling Forest
Rolling Hills,Week1,Fair Oaks ,Week1,249.0 Fair Oaks - 153.0 Rolling Hills
Riverside Gardens,Week4,Sleepy Hollow B & R,Week2,252.0 Riverside Gardens - 150.0 Sleepy Hollow B & R
Rolling Hills,Week2,Dunn Loring,Week5,319.0 Dunn Loring - 83.0 Rolling Hills
Rolling Forest,Week5,Highland Park,Week5,222.0 Highland Park - 180.0 Rolling Forest
Rolling Forest,Week5,Annandale,Week3,258.5 Rolling Forest - 143.5 Annandale
Rolling Forest,Week1,Highlands Swim,Week1,318.0 Highlands Swim - 84.0 Rolling Forest
Rolling Forest,Week2,Pinewood Lake,Week4,353.0 Rolling Forest - 48.0 Pinewood Lake
Rolling Forest,Week4,Annandale,Week4,266.0 Rolling Forest - 136.0 Annandale
Rolling Hills,Week2,Fair Oaks ,Week1,246.0 Fair Oaks - 156.0 Rolling Hills
Rolling Forest,Week1,Highlands Swim,Week4,315.0 Highlands Swim - 87.0 Rolling Forest
Rolling Forest,Week2,Pinewood Lake,Week3,358.0 Rolling Forest - 43.0 Pinewood Lake
Riverside Gardens,Week3,Sleepy Hollow B & R,Week5,203.0 Riverside Gardens - 199.0 Sleepy Hollow B & R
Rolling Forest,Week2,Arlington Forest,Week1,221.0 Arlington Forest - 181.0 Rolling Forest
Rolling Forest,Week5,Pinecrest,Week1,239.0 Pinecrest - 163.0 Rolling Forest
Rolling Hills,Week1,Fair Oaks ,Week5,260.0 Fair Oaks - 142.0 Rolling Hills
Riverside Gardens,Week3,Sleepy Hollow B & R,Week1,268.0 Riverside Gardens - 134.0 Sleepy Hollow B & R
Rolling Forest,Week2,Annandale,Week4,250.0 Rolling Forest - 152.0 Annandale
Rolling Hills,Week5,Dunn Loring,Week1,287.0 Dunn Loring - 115.0 Rolling Hills
Rolling Forest,Week4,Annandale,Week3,241.0 Rolling Forest - 161.0 Annandale
Rolling Forest,Week5,Highland Park,Week4,216.0 Highland Park - 186.0 Rolling Forest
Rolling Forest,Week2,Highlands Swim,Week1,333.0 Highlands Swim - 69.0 Rolling Forest
Riverside Gardens,Week4,Sleepy Hollow B & R,Week4,235.5 Riverside Gardens - 166.5 Sleepy Hollow B & R
Rolling Forest,Week1,Arlington Forest,Week2,214.0 Arlington Forest - 188.0 Rolling Forest
Riverside Gardens,Week5,Sleepy Hollow B & R,Week1,283.0 Riverside Gardens - 119.0 Sleepy Hollow B & R
Rolling Forest,Week1,Highlands Swim,Week3,320.0 Highlands Swim - 82.0 Rolling Forest
Rolling Forest,Week3,Annandale,Week5,259.0 Rolling Forest - 143.0 Annandale
Rolling Hills,Week3,Dunn Loring,Week3,320.0 Dunn Loring - 82.0 Rolling Hills
Rolling Forest,Week5,Highland Park,Week3,202.5 Highland Park - 199.5 Rolling Forest
Rolling Forest,Week4,Pinecrest,Week2,282.0 Pinecrest - 120.0 Rolling Forest
Rolling Forest,Week1,Highlands Swim,Week5,327.0 Highlands Swim - 75.0 Rolling Forest
Rolling Forest,Week1,Arlington Forest,Week3,210.0 Arlington Forest - 192.0 Rolling Forest
Rolling Forest,Week4,Pinewood Lake,Week4,360.0 Rolling Forest - 41.0 Pinewood Lake
Riverside Gardens,Week1,Sleepy Hollow Rec,Week2,307.0 Riverside Gardens - 95.0 Sleepy Hollow Rec
Rolling Forest,Week5,Annandale,Week2,273.0 Rolling Forest - 129.0 Annandale
Rolling Forest,Week2,Highland Park,Week5,239.0 Highland Park - 163.0 Rolling Forest
Riverside Gardens,Week4,Sleepy Hollow B & R,Week1,276.0 Riverside Gardens - 126.0 Sleepy Hollow B & R
Rolling Forest,Week2,Highland Park,Week3,231.0 Highland Park - 171.0 Rolling Forest
Riverside Gardens,Week1,Sleepy Hollow Rec,Week1,322.0 Riverside Gardens - 80.0 Sleepy Hollow Rec
Rolling Forest,Week4,Annandale,Week5,245.0 Rolling Forest - 157.0 Annandale
Rolling Forest,Week2,Highlands Swim,Week2,336.0 Highlands Swim - 66.0 Rolling Forest
Rolling Hills,Week2,Dunn Loring,Week4,319.0 Dunn Loring - 83.0 Rolling Hills
Rolling Forest,Week1,Arlington Forest,Week1,210.0 Arlington Forest - 192.0 Rolling Forest
Rolling Hills,Week2,Fair Oaks ,Week3,253.0 Fair Oaks - 149.0 Rolling Hills
Rolling Forest,Week4,Pinewood Lake,Week3,359.0 Rolling Forest - 43.0 Pinewood Lake
Rolling Hills,Week2,Fair Oaks ,Week2,208.0 Fair Oaks - 194.0 Rolling Hills
Rolling Forest,Week3,Pinewood Lake,Week3,364.0 Rolling Forest - 36.0 Pinewood Lake
Rolling Hills,Week4,Dunn Loring,Week1,270.0 Dunn Loring - 127.0 Rolling Hills
Rolling Hills,Week1,Fair Oaks ,Week2,210.0 Fair Oaks - 192.0 Rolling Hills
Rolling Forest,Week4,Annandale,Week2,252.0 Rolling Forest - 150.0 Annandale
Rolling Forest,Week4,Pinewood Lake,Week1,366.0 Rolling Forest - 34.0 Pinewood Lake
Rolling Hills,Week2,Dunn Loring,Week2,319.0 Dunn Loring - 83.0 Rolling Hills
Riverside Gardens,Week5,Sleepy Hollow B & R,Week4,262.0 Riverside Gardens - 140.0 Sleepy Hollow B & R
Riverside Gardens,Week4,Sleepy Hollow B & R,Week5,205.5 Riverside Gardens - 196.5 Sleepy Hollow B & R
Rolling Forest,Week5,Pinecrest,Week5,261.0 Pinecrest - 141.0 Rolling Forest
Riverside Gardens,Week5,Sleepy Hollow B & R,Week5,230.0 Riverside Gardens - 172.0 Sleepy Hollow B & R
Rolling Forest,Week4,Pinecrest,Week4,289.0 Pinecrest - 113.0 Rolling Forest
Riverside Gardens,Week2,Sleepy Hollow B & R,Week5,240.0 Sleepy Hollow B & R - 162.0 Riverside Gardens
Rolling Forest,Week3,Annandale,Week1,283.0 Rolling Forest - 119.0 Annandale
Rolling Forest,Week4,Highland Park,Week5,236.0 Highland Park - 166.0 Rolling Forest
Rolling Hills,Week5,Dunn Loring,Week2,328.0 Dunn Loring - 74.0 Rolling Hills
Rolling Forest,Week3,Annandale,Week2,267.0 Rolling Forest - 135.0 Annandale
Rolling Forest,Week4,Pinewood Lake,Week5,356.0 Rolling Forest - 45.0 Pinewood Lake
Rolling Forest,Week3,Highland Park,Week2,206.0 Highland Park - 196.0 Rolling Forest
Riverside Gardens,Week2,Sleepy Hollow B & R,Week4,203.0 Riverside Gardens - 199.0 Sleepy Hollow B & R
Rolling Hills,Week5,Dunn Loring,Week4,320.0 Dunn Loring - 82.0 Rolling Hills
Rolling Forest,Week5,Annandale,Week4,284.0 Rolling Forest - 118.0 Annandale
Rolling Hills,Week3,Fair Oaks ,Week3,264.0 Fair Oaks - 138.0 Rolling Hills
Riverside Gardens,Week2,Overlee,Week3,305.0 Overlee - 97.0 Riverside Gardens
Rolling Forest,Week5,Pinewood Lake,Week2,362.0 Rolling Forest - 38.0 Pinewood Lake
Riverside Gardens,Week1,Overlee,Week1,297.0 Overlee - 105.0 Riverside Gardens
Rolling Forest,Week5,Pinewood Lake,Week3,367.0 Rolling Forest - 33.0 Pinewood Lake
Riverside Gardens,Week3,Overlee,Week1,289.0 Overlee - 113.0 Riverside Gardens
Riverside Gardens,Week2,Sleepy Hollow Rec,Week5,305.0 Riverside Gardens - 97.0 Sleepy Hollow Rec
Rolling Forest,Week1,Highlands Swim,Week2,327.0 Highlands Swim - 75.0 Rolling Forest
Rolling Forest,Week3,Annandale,Week4,278.0 Rolling Forest - 124.0 Annandale
Rolling Forest,Week3,Pinewood Lake,Week2,363.0 Rolling Forest - 38.0 Pinewood Lake
Rolling Forest,Week3,Pinewood Lake,Week5,362.0 Rolling Forest - 38.0 Pinewood Lake
Rolling Forest,Week5,Pinewood Lake,Week4,367.0 Rolling Forest - 33.0 Pinewood Lake
Rolling Hills,Week2,Fair Oaks ,Week5,264.0 Fair Oaks - 138.0 Rolling Hills
Rolling Forest,Week2,Hollin Hills,Week4,272.0 Rolling Forest - 129.0 Hollin Hills
Rolling Hills,Week5,Fair Oaks ,Week1,241.0 Fair Oaks - 161.0 Rolling Hills
Rolling Forest,Week4,Annandale,Week1,268.0 Rolling Forest - 134.0 Annandale
Riverside Gardens,Week2,Sleepy Hollow Rec,Week3,283.0 Riverside Gardens - 119.0 Sleepy Hollow Rec
Rolling Forest,Week2,Highlands Swim,Week4,332.0 Highlands Swim - 70.0 Rolling Forest
Rolling Forest,Week2,Highlands Swim,Week3,328.0 Highlands Swim - 74.0 Rolling Forest
Rolling Forest,Week5,Annandale,Week1,283.0 Rolling Forest - 119.0 Annandale
Rolling Forest,Week5,Annandale,Week5,266.0 Rolling Forest - 136.0 Annandale
Rolling Hills,Week3,Fair Oaks ,Week2,210.0 Fair Oaks - 192.0 Rolling Hills
Rolling Hills,Week3,Fair Oaks ,Week4,239.0 Fair Oaks - 163.0 Rolling Hills
Riverside Gardens,Week1,Sleepy Hollow Rec,Week3,308.0 Riverside Gardens - 94.0 Sleepy Hollow Rec
Rolling Forest,Week5,Pinewood Lake,Week5,354.0 Rolling Forest - 48.0 Pinewood Lake
Riverside Gardens,Week2,Sleepy Hollow Rec,Week1,302.0 Riverside Gardens - 100.0 Sleepy Hollow Rec
Riverside Gardens,Week2,Overlee,Week4,356.0 Overlee - 46.0 Riverside Gardens
Riverside Gardens,Week4,Orange Hunt,Week1,256.0 Riverside Gardens - 146.0 Orange Hunt
Rolling Forest,Week4,Highland Park,Week4,247.0 Highland Park - 155.0 Rolling Forest
Riverside Gardens,Week2,Sleepy Hollow Rec,Week4,321.0 Riverside Gardens - 81.0 Sleepy Hollow Rec
Rolling Forest,Week4,Highlands Swim,Week4,325.0 Highlands Swim - 77.0 Rolling Forest
Riverside Gardens,Week3,Sleepy Hollow Rec,Week2,322.0 Riverside Gardens - 80.0 Sleepy Hollow Rec
Rolling Forest,Week5,Highlands Swim,Week2,328.0 Highlands Swim - 74.0 Rolling Forest
Rolling Forest,Week1,Poplar Heights,Week2,239.0 Poplar Heights - 163.0 Rolling Forest
Riverside Gardens,Week2,Sleepy Hollow Rec,Week2,295.0 Riverside Gardens - 107.0 Sleepy Hollow Rec
Rolling Forest,Week1,Poplar Heights,Week1,212.0 Poplar Heights - 190.0 Rolling Forest
Rolling Forest,Week3,Annandale,Week3,253.5 Rolling Forest - 148.5 Annandale
Riverside Gardens,Week3,Sleepy Hollow Rec,Week3,288.0 Riverside Gardens - 114.0 Sleepy Hollow Rec
Rolling Forest,Week5,Pleasant Valley,Week4,321.0 Rolling Forest - 80.0 Pleasant Valley
Riverside Gardens,Week3,Sleepy Hollow Rec,Week1,321.0 Riverside Gardens - 81.0 Sleepy Hollow Rec
Rolling Forest,Week3,Pleasant Valley,Week5,299.0 Rolling Forest - 103.0 Pleasant Valley
Riverside Gardens,Week5,Orange Hunt,Week5,225.0 Riverside Gardens - 177.0 Orange Hunt
Rolling Hills,Week1,Fairfax,Week2,307.0 Fairfax - 95.0 Rolling Hills
Rolling Forest,Week3,Highlands Swim,Week2,328.0 Highlands Swim - 74.0 Rolling Forest
Rolling Forest,Week1,Arlington Forest,Week4,241.0 Arlington Forest - 161.0 Rolling Forest
Rolling Forest,Week4,Highlands Swim,Week1,322.5 Highlands Swim - 79.5 Rolling Forest
Rolling Hills,Week2,Fairfax,Week1,283.0 Fairfax - 119.0 Rolling Hills
Riverside Gardens,Week5,Orange Hunt,Week4,228.0 Riverside Gardens - 174.0 Orange Hunt
Rolling Hills,Week4,Fair Oaks ,Week4,252.0 Fair Oaks - 149.0 Rolling Hills
Riverside Gardens,Week2,Overlee,Week5,339.0 Overlee - 63.0 Riverside Gardens
Riverside Gardens,Week5,Orange Hunt,Week1,252.5 Riverside Gardens - 149.5 Orange Hunt
Rolling Forest,Week3,Highlands Swim,Week3,313.0 Highlands Swim - 89.0 Rolling Forest
Rolling Hills,Week3,Fairfax,Week2,299.0 Fairfax - 103.0 Rolling Hills
Rolling Hills,Week3,Fairfax,Week5,313.0 Fairfax - 89.0 Rolling Hills
Rolling Forest,Week2,Annandale,Week5,239.5 Rolling Forest - 162.5 Annandale
Rolling Forest,Week1,Arlington Forest,Week5,243.0 Arlington Forest - 159.0 Rolling Forest
Rolling Hills,Week3,Fairfax,Week1,286.0 Fairfax - 116.0 Rolling Hills
Rolling Forest,Week5,Pleasant Valley,Week2,301.0 Rolling Forest - 100.0 Pleasant Valley
Riverside Gardens,Week1,Overlee,Week4,350.0 Overlee - 52.0 Riverside Gardens
Rolling Forest,Week3,Highlands Swim,Week1,312.0 Highlands Swim - 90.0 Rolling Forest
Riverside Gardens,Week3,Orange Hunt,Week4,215.0 Riverside Gardens - 187.0 Orange Hunt
Rolling Hills,Week4,Fair Oaks ,Week5,273.0 Fair Oaks - 128.0 Rolling Hills
Riverside Gardens,Week1,Sleepy Hollow Rec,Week5,320.0 Riverside Gardens - 82.0 Sleepy Hollow Rec
Rolling Forest,Week4,Pleasant Valley,Week4,314.0 Rolling Forest - 87.0 Pleasant Valley
Rolling Forest,Week5,Highlands Swim,Week3,312.0 Highlands Swim - 90.0 Rolling Forest
Rolling Forest,Week5,Pleasant Valley,Week3,293.5 Rolling Forest - 108.5 Pleasant Valley
Rolling Hills,Week2,Fairfax,Week3,285.5 Fairfax - 116.5 Rolling Hills
Riverside Gardens,Week4,Orange Hunt,Week4,238.0 Riverside Gardens - 164.0 Orange Hunt
Rolling Forest,Week3,Pleasant Valley,Week1,308.0 Rolling Forest - 94.0 Pleasant Valley
Riverside Gardens,Week3,Orange Hunt,Week3,213.5 Riverside Gardens - 188.5 Orange Hunt
Rolling Hills,Week3,Fairfax,Week4,289.0 Fairfax - 113.0 Rolling Hills
Riverside Gardens,Week3,Sleepy Hollow Rec,Week4,334.0 Riverside Gardens - 68.0 Sleepy Hollow Rec
Rolling Hills,Week1,Fairfax,Week1,292.0 Fairfax - 110.0 Rolling Hills
Rolling Forest,Week4,Highlands Swim,Week5,327.0 Highlands Swim - 75.0 Rolling Forest
Rolling Forest,Week1,Hollin Hills,Week5,286.0 Rolling Forest - 116.0 Hollin Hills
Rolling Forest,Week4,Hollin Hills,Week5,287.0 Rolling Forest - 115.0 Hollin Hills
Riverside Gardens,Week1,Overlee,Week2,319.5 Overlee - 82.5 Riverside Gardens
Riverside Gardens,Week5,Orange Hunt,Week2,237.0 Riverside Gardens - 165.0 Orange Hunt
Rolling Hills,Week2,Fairfax,Week5,302.0 Fairfax - 100.0 Rolling Hills
Rolling Forest,Week4,Highlands Swim,Week3,323.0 Highlands Swim - 79.0 Rolling Forest
Rolling Forest,Week1,Pleasant Valley,Week5,282.0 Rolling Forest - 120.0 Pleasant Valley
Rolling Forest,Week5,Highlands Swim,Week1,308.0 Highlands Swim - 94.0 Rolling Forest
Rolling Forest,Week2,Pleasant Valley,Week1,291.0 Rolling Forest - 110.0 Pleasant Valley
Rolling Forest,Week4,Hollin Hills,Week3,302.0 Rolling Forest - 100.0 Hollin Hills
Riverside Gardens,Week3,Orange Hunt,Week5,203.0 Riverside Gardens - 199.0 Orange Hunt
Rolling Hills,Week3,Fairfax,Week3,292.0 Fairfax - 110.0 Rolling Hills
Rolling Forest,Week1,Hollin Hills,Week3,304.0 Rolling Forest - 98.0 Hollin Hills
Riverside Gardens,Week4,Orange Hunt,Week3,227.0 Riverside Gardens - 175.0 Orange Hunt
Riverside Gardens,Week4,Orange Hunt,Week5,208.0 Riverside Gardens - 194.0 Orange Hunt
Rolling Forest,Week4,Pleasant Valley,Week1,299.0 Rolling Forest - 102.0 Pleasant Valley
Riverside Gardens,Week3,Orange Hunt,Week2,216.0 Riverside Gardens - 186.0 Orange Hunt
Rolling Hills,Week5,Fair Oaks ,Week3,252.0 Fair Oaks - 150.0 Rolling Hills
Riverside Gardens,Week1,Sleepy Hollow Rec,Week4,337.0 Riverside Gardens - 65.0 Sleepy Hollow Rec
Rolling Forest,Week2,Pleasant Valley,Week3,274.0 Rolling Forest - 128.0 Pleasant Valley
Rolling Forest,Week1,Pleasant Valley,Week4,309.0 Rolling Forest - 92.0 Pleasant Valley
Rolling Hills,Week1,Fairfax,Week4,292.0 Fairfax - 109.0 Rolling Hills
Rolling Hills,Week5,Fair Oaks ,Week5,270.0 Fair Oaks - 132.0 Rolling Hills
Rolling Forest,Week1,Hollin Hills,Week2,292.0 Rolling Forest - 110.0 Hollin Hills
Rolling Forest,Week1,Pleasant Valley,Week3,280.0 Rolling Forest - 122.0 Pleasant Valley
Riverside Gardens,Week5,Orange Hunt,Week3,240.0 Riverside Gardens - 162.0 Orange Hunt
Rolling Hills,Week2,Fairfax,Week4,282.5 Fairfax - 119.5 Rolling Hills
Rolling Forest,Week2,Highlands Swim,Week5,332.0 Highlands Swim - 65.0 Rolling Forest
Rolling Forest,Week3,Pleasant Valley,Week4,317.0 Rolling Forest - 84.0 Pleasant Valley
Rolling Forest,Week1,Hollin Hills,Week1,299.0 Rolling Forest - 103.0 Hollin Hills
Rolling Forest,Week2,Pleasant Valley,Week2,276.0 Rolling Forest - 125.0 Pleasant Valley
Rolling Hills,Week1,Fairfax Club Estates,Week2,218.0 Rolling Hills - 183.0 Fairfax Club Estates
Rolling Hills,Week4,Fair Oaks ,Week2,236.0 Fair Oaks - 165.0 Rolling Hills
Rolling Hills,Week4,Fair Oaks ,Week1,257.0 Fair Oaks - 145.0 Rolling Hills
Rolling Forest,Week5,Highlands Swim,Week4,315.0 Highlands Swim - 87.0 Rolling Forest
Rolling Hills,Week3,Fair Oaks ,Week5,277.0 Fair Oaks - 125.0 Rolling Hills
Rolling Forest,Week3,Pleasant Valley,Week2,296.0 Rolling Forest - 106.0 Pleasant Valley
Rolling Forest,Week3,Highlands Swim,Week5,320.5 Highlands Swim - 81.5 Rolling Forest
Rolling Forest,Week4,Pleasant Valley,Week2,286.0 Rolling Forest - 115.0 Pleasant Valley
Rolling Forest,Week2,Pleasant Valley,Week4,304.0 Rolling Forest - 97.0 Pleasant Valley
Riverside Gardens,Week2,Overlee,Week2,321.0 Overlee - 81.0 Riverside Gardens
Rolling Forest,Week3,Dunn Loring,Week2,256.0 Dunn Loring - 146.0 Rolling Forest
Rolling Forest,Week3,Dunn Loring,Week4,261.0 Dunn Loring - 141.0 Rolling Forest
Rolling Hills,Week1,Fairfax Club Estates,Week5,202.0 Fairfax Club Estates - 196.0 Rolling Hills
Rolling Forest,Week2,Pleasant Valley,Week5,277.0 Rolling Forest - 125.0 Pleasant Valley
Riverside Gardens,Week1,Overlee,Week5,339.0 Overlee - 63.0 Riverside Gardens
Riverside Gardens,Week3,Orange Hunt,Week1,247.0 Riverside Gardens - 155.0 Orange Hunt
Rolling Forest,Week1,Pleasant Valley,Week2,289.0 Rolling Forest - 112.0 Pleasant Valley
Rolling Forest,Week1,Hollin Hills,Week4,304.0 Rolling Forest - 97.0 Hollin Hills
Riverside Gardens,Week2,Overlee,Week1,300.5 Overlee - 101.5 Riverside Gardens
Rolling Forest,Week3,Highlands Swim,Week4,317.0 Highlands Swim - 85.0 Rolling Forest
Rolling Forest,Week5,Pleasant Valley,Week5,294.0 Rolling Forest - 108.0 Pleasant Valley
Rolling Hills,Week5,Fair Oaks ,Week4,236.0 Fair Oaks - 166.0 Rolling Hills
Rolling Forest,Week4,Highlands Swim,Week2,343.0 Highlands Swim - 59.0 Rolling Forest
Riverside Gardens,Week1,Overlee,Week3,300.0 Overlee - 102.0 Riverside Gardens
Riverside Gardens,Week4,Orange Hunt,Week2,229.5 Riverside Gardens - 172.5 Orange Hunt
Rolling Forest,Week2,Dunn Loring,Week5,295.0 Dunn Loring - 107.0 Rolling Forest
Rolling Forest,Week4,Dowden Terrace,Week3,202.0 Rolling Forest - 200.0 Dowden Terrace
Rolling Forest,Week2,Hollin Hills,Week1,283.0 Rolling Forest - 113.0 Hollin Hills
Rolling Forest,Week4,Pleasant Valley,Week3,286.0 Rolling Forest - 116.0 Pleasant Valley
Riverside Gardens,Week1,Oakton ,Week1,221.5 Oakton - 180.5 Riverside Gardens
Riverside Gardens,Week2,Oakton ,Week2,253.0 Oakton - 149.0 Riverside Gardens
Rolling Forest,Week1,Dunn Loring,Week5,297.5 Dunn Loring - 104.5 Rolling Forest
Rolling Forest,Week1,Dunn Loring,Week3,300.0 Dunn Loring - 102.0 Rolling Forest
Riverside Gardens,Week4,North Springfield,Week5,304.0 Riverside Gardens - 70.0 North Springfield
Rolling Hills,Week1,Fairfax,Week5,311.0 Fairfax - 90.0 Rolling Hills
Rolling Forest,Week4,Dunn Loring,Week3,302.0 Dunn Loring - 100.0 Rolling Forest
Rolling Hills,Week2,Fairfax,Week2,290.0 Fairfax - 112.0 Rolling Hills
Rolling Hills,Week4,Fair Oaks ,Week3,259.0 Fair Oaks - 143.0 Rolling Hills
Rolling Forest,Week5,Highlands Swim,Week5,318.0 Highlands Swim - 84.0 Rolling Forest
Rolling Forest,Week3,Pleasant Valley,Week3,289.0 Rolling Forest - 113.0 Pleasant Valley
Rolling Forest,Week5,Pleasant Valley,Week1,308.0 Rolling Forest - 93.0 Pleasant Valley
Rolling Forest,Week2,Hollin Hills,Week3,269.0 Rolling Forest - 133.0 Hollin Hills
Rolling Forest,Week2,Poplar Heights,Week5,253.0 Poplar Heights - 149.0 Rolling Forest
Riverside Gardens,Week5,North Springfield,Week2,334.0 Riverside Gardens - 54.0 North Springfield
Rolling Hills,Week5,Fair Oaks ,Week2,211.0 Fair Oaks - 191.0 Rolling Hills
Rolling Forest,Week4,Pleasant Valley,Week5,296.0 Rolling Forest - 106.0 Pleasant Valley
Rolling Hills,Week1,Fairfax,Week3,303.0 Fairfax - 98.0 Rolling Hills
Riverside Gardens,Week5,North Springfield,Week5,298.0 Riverside Gardens - 76.0 North Springfield
Rolling Forest,Week2,Hollin Hills,Week2,278.0 Rolling Forest - 123.0 Hollin Hills
Rolling Forest,Week2,Hollin Hills,Week5,277.0 Rolling Forest - 125.0 Hollin Hills
Rolling Forest,Week5,Dowden Terrace,Week3,215.0 Rolling Forest - 187.0 Dowden Terrace
Rolling Forest,Week1,Poplar Heights,Week4,241.0 Poplar Heights - 161.0 Rolling Forest
Rolling Forest,Week3,Hollin Hills,Week4,311.0 Rolling Forest - 90.0 Hollin Hills
Riverside Gardens,Week4,Oakton ,Week2,206.0 Oakton - 196.0 Riverside Gardens
Rolling Hills,Week4,Fairfax,Week2,303.0 Fairfax - 99.0 Rolling Hills
Rolling Forest,Week3,Hollin Hills,Week1,307.0 Rolling Forest - 95.0 Hollin Hills
Rolling Hills,Week1,Fairfax Club Estates,Week4,218.0 Fairfax Club Estates - 183.0 Rolling Hills
Rolling Forest,Week5,Poplar Heights,Week4,220.0 Poplar Heights - 182.0 Rolling Forest
Rolling Forest,Week4,Dowden Terrace,Week2,217.5 Dowden Terrace - 184.5 Rolling Forest
Rolling Hills,Week5,Fairfax,Week4,296.0 Fairfax - 106.0 Rolling Hills
Rolling Forest,Week1,Dunn Loring,Week2,287.0 Dunn Loring - 115.0 Rolling Forest
Riverside Gardens,Week3,North Springfield,Week4,339.0 Riverside Gardens - 53.0 North Springfield
Rolling Forest,Week3,Dowden Terrace,Week5,240.0 Dowden Terrace - 162.0 Rolling Forest
Rolling Forest,Week3,Hollin Hills,Week5,293.0 Rolling Forest - 109.0 Hollin Hills
Rolling Hills,Week5,Fairfax,Week2,308.0 Fairfax - 94.0 Rolling Hills
Rolling Forest,Week5,Dowden Terrace,Week1,207.0 Dowden Terrace - 194.0 Rolling Forest
Rolling Forest,Week4,Hollin Hills,Week4,309.0 Rolling Forest - 93.0 Hollin Hills
Rolling Forest,Week1,Poplar Tree,Week3,232.0 Poplar Tree - 170.0 Rolling Forest
Rolling Forest,Week4,Dowden Terrace,Week4,229.0 Dowden Terrace - 173.0 Rolling Forest
Riverside Gardens,Week2,North Springfield,Week5,286.0 Riverside Gardens - 88.0 North Springfield
Rolling Hills,Week5,Fairfax,Week5,316.0 Fairfax - 86.0 Rolling Hills
Rolling Forest,Week3,Dowden Terrace,Week2,205.0 Rolling Forest - 197.0 Dowden Terrace
Riverside Gardens,Week1,Oakton ,Week2,245.0 Oakton - 157.0 Riverside Gardens
Rolling Forest,Week3,Hollin Hills,Week3,312.0 Rolling Forest - 90.0 Hollin Hills
Rolling Hills,Week4,Fairfax,Week5,318.0 Fairfax - 80.0 Rolling Hills
Rolling Forest,Week1,Poplar Tree,Week4,223.0 Poplar Tree - 179.0 Rolling Forest
Riverside Gardens,Week1,Oakton ,Week3,226.5 Oakton - 175.5 Riverside Gardens
Riverside Gardens,Week2,North Springfield,Week3,322.0 Riverside Gardens - 75.0 North Springfield
Rolling Hills,Week4,Fairfax,Week1,296.0 Fairfax - 106.0 Rolling Hills
Rolling Forest,Week5,Poplar Heights,Week5,232.0 Poplar Heights - 170.0 Rolling Forest
Rolling Forest,Week1,Poplar Heights,Week5,239.5 Poplar Heights - 162.5 Rolling Forest
Rolling Hills,Week1,Fairfax Station,Week1,298.0 Fairfax Station - 104.0 Rolling Hills
Rolling Forest,Week4,Hollin Hills,Week1,299.0 Rolling Forest - 103.0 Hollin Hills
Rolling Forest,Week3,Hollin Hills,Week2,303.0 Rolling Forest - 98.0 Hollin Hills
Rolling Forest,Week5,Dowden Terrace,Week4,218.0 Dowden Terrace - 184.0 Rolling Forest
Rolling Forest,Week3,Hollin Meadows,Week1,225.0 Hollin Meadows - 177.0 Rolling Forest
Riverside Gardens,Week1,Oakton ,Week5,238.0 Oakton - 164.0 Riverside Gardens
Rolling Forest,Week2,Poplar Tree,Week2,231.0 Poplar Tree - 166.0 Rolling Forest
Rolling Forest,Week4,Hollin Hills,Week2,302.0 Rolling Forest - 100.0 Hollin Hills
Riverside Gardens,Week4,North Springfield,Week3,332.0 Riverside Gardens - 65.0 North Springfield
Rolling Forest,Week4,Dowden Terrace,Week1,216.0 Dowden Terrace - 185.0 Rolling Forest
Riverside Gardens,Week3,North Springfield,Week3,331.0 Riverside Gardens - 66.0 North Springfield
Rolling Forest,Week3,Poplar Heights,Week1,204.0 Poplar Heights - 198.0 Rolling Forest
Rolling Hills,Week4,Fairfax Club Estates,Week1,206.0 Fairfax Club Estates - 195.0 Rolling Hills
Rolling Forest,Week4,Hollin Meadows,Week1,230.5 Hollin Meadows - 171.5 Rolling Forest
Rolling Forest,Week2,Poplar Heights,Week1,232.0 Poplar Heights - 170.0 Rolling Forest
Rolling Forest,Week3,Hollin Meadows,Week4,219.0 Hollin Meadows - 183.0 Rolling Forest
Rolling Hills,Week1,Fairfax Club Estates,Week1,202.0 Fairfax Club Estates - 200.0 Rolling Hills
Rolling Forest,Week3,Hollin Meadows,Week5,224.0 Hollin Meadows - 178.0 Rolling Forest
Rolling Hills,Week4,Fairfax,Week3,304.0 Fairfax - 94.0 Rolling Hills
Riverside Gardens,Week5,North Springfield,Week4,342.0 Riverside Gardens - 49.0 North Springfield
Rolling Forest,Week2,Dunn Loring,Week2,286.0 Dunn Loring - 116.0 Rolling Forest
Rolling Forest,Week3,Poplar Heights,Week2,218.0 Poplar Heights - 184.0 Rolling Forest
Rolling Forest,Week3,Dowden Terrace,Week3,219.0 Rolling Forest - 183.0 Dowden Terrace
Rolling Hills,Week4,Fairfax,Week4,298.5 Fairfax - 99.5 Rolling Hills
Rolling Forest,Week2,Poplar Heights,Week2,242.0 Poplar Heights - 160.0 Rolling Forest
Rolling Hills,Week1,Fairfax Club Estates,Week3,209.0 Rolling Hills - 192.0 Fairfax Club Estates
Rolling Forest,Week5,Hollin Hills,Week2,305.0 Rolling Forest - 97.0 Hollin Hills
Rolling Forest,Week5,Dowden Terrace,Week2,213.5 Dowden Terrace - 188.5 Rolling Forest
Rolling Forest,Week4,Hollin Meadows,Week3,230.0 Hollin Meadows - 172.0 Rolling Forest
Riverside Gardens,Week2,Oakton ,Week3,254.0 Oakton - 148.0 Riverside Gardens
Riverside Gardens,Week3,Oakton ,Week2,232.0 Oakton - 170.0 Riverside Gardens
Riverside Gardens,Week4,North Springfield,Week4,340.0 Riverside Gardens - 52.0 North Springfield
Rolling Forest,Week5,Dowden Terrace,Week5,243.0 Dowden Terrace - 159.0 Rolling Forest
Rolling Forest,Week4,Poplar Heights,Week3,226.0 Poplar Heights - 176.0 Rolling Forest
Rolling Forest,Week4,Poplar Heights,Week4,248.0 Poplar Heights - 154.0 Rolling Forest
Rolling Forest,Week5,Hollin Meadows,Week3,202.0 Hollin Meadows - 200.0 Rolling Forest
Rolling Forest,Week1,Poplar Heights,Week3,228.0 Poplar Heights - 174.0 Rolling Forest
Rolling Forest,Week1,Dunn Loring,Week1,262.0 Dunn Loring - 140.0 Rolling Forest
Rolling Forest,Week3,Dowden Terrace,Week4,203.5 Dowden Terrace - 198.5 Rolling Forest
Rolling Forest,Week4,Dowden Terrace,Week5,253.0 Dowden Terrace - 149.0 Rolling Forest
Rolling Forest,Week3,Poplar Heights,Week4,211.0 Poplar Heights - 191.0 Rolling Forest
Rolling Hills,Week5,Fairfax,Week1,295.0 Fairfax - 107.0 Rolling Hills
Riverside Gardens,Week5,North Springfield,Week1,311.0 Riverside Gardens - 40.0 North Springfield
Riverside Gardens,Week3,North Springfield,Week5,295.0 Riverside Gardens - 79.0 North Springfield
Rolling Hills,Week5,Fairfax,Week3,299.0 Fairfax - 103.0 Rolling Hills
Riverside Gardens,Week1,Oakton ,Week4,244.0 Oakton - 158.0 Riverside Gardens
Rolling Forest,Week5,Hollin Hills,Week1,298.0 Rolling Forest - 104.0 Hollin Hills
Rolling Forest,Week1,Hollin Meadows,Week3,232.0 Hollin Meadows - 170.0 Rolling Forest
Rolling Forest,Week2,Dunn Loring,Week4,296.0 Dunn Loring - 106.0 Rolling Forest
Riverside Gardens,Week2,Somerset-Olde Creek,Week3,342.0 Riverside Gardens - 60.0 Somerset-Olde Creek
Rolling Forest,Week2,Poplar Heights,Week3,235.0 Poplar Heights - 167.0 Rolling Forest
Rolling Hills,Week2,Fairfax Club Estates,Week4,205.0 Rolling Hills - 197.0 Fairfax Club Estates
Riverside Gardens,Week4,North Springfield,Week1,315.0 Riverside Gardens - 36.0 North Springfield
Riverside Gardens,Week3,Somerset-Olde Creek,Week4,351.0 Riverside Gardens - 51.0 Somerset-Olde Creek
Riverside Gardens,Week4,North Springfield,Week2,331.0 Riverside Gardens - 57.0 North Springfield
Rolling Forest,Week4,Poplar Heights,Week2,241.0 Poplar Heights - 161.0 Rolling Forest
Rolling Hills,Week3,Fairfax Club Estates,Week3,213.0 Rolling Hills - 188.0 Fairfax Club Estates
Rolling Forest,Week2,Dunn Loring,Week3,288.0 Dunn Loring - 114.0 Rolling Forest
Rolling Forest,Week1,Hollin Meadows,Week2,216.0 Hollin Meadows - 186.0 Rolling Forest
Rolling Forest,Week4,Poplar Heights,Week5,250.0 Poplar Heights - 152.0 Rolling Forest
Riverside Gardens,Week2,North Springfield,Week4,331.0 Riverside Gardens - 61.0 North Springfield
Rolling Forest,Week1,Dunn Loring,Week4,290.0 Dunn Loring - 112.0 Rolling Forest
Rolling Forest,Week2,Hollin Meadows,Week3,232.0 Hollin Meadows - 170.0 Rolling Forest
Rolling Forest,Week2,Dunn Loring,Week1,262.0 Dunn Loring - 140.0 Rolling Forest
Rolling Forest,Week3,Hollin Meadows,Week2,202.0 Rolling Forest - 200.0 Hollin Meadows
Rolling Hills,Week2,Fairfax Club Estates,Week1,202.0 Rolling Hills - 200.0 Fairfax Club Estates
Rolling Hills,Week2,Fairfax Club Estates,Week3,227.0 Rolling Hills - 175.0 Fairfax Club Estates
Riverside Gardens,Week2,North Springfield,Week2,314.0 Riverside Gardens - 74.0 North Springfield
Rolling Forest,Week2,Poplar Heights,Week4,245.0 Poplar Heights - 157.0 Rolling Forest
Rolling Hills,Week2,Fairfax Club Estates,Week5,206.0 Rolling Hills - 190.0 Fairfax Club Estates
Rolling Hills,Week2,Fairfax Club Estates,Week2,218.0 Rolling Hills - 184.0 Fairfax Club Estates
Rolling Forest,Week5,Poplar Heights,Week3,209.0 Poplar Heights - 193.0 Rolling Forest
Rolling Forest,Week4,Dunn Loring,Week1,269.0 Dunn Loring - 133.0 Rolling Forest
Riverside Gardens,Week5,North Springfield,Week3,338.0 Riverside Gardens - 58.0 North Springfield
Riverside Gardens,Week1,Somerset-Olde Creek,Week1,341.0 Riverside Gardens - 61.0 Somerset-Olde Creek
Rolling Hills,Week4,Fairfax Club Estates,Week3,202.0 Fairfax Club Estates - 196.0 Rolling Hills
Rolling Forest,Week5,Poplar Heights,Week1,204.0 Poplar Heights - 198.0 Rolling Forest
Rolling Forest,Week2,Hollin Meadows,Week1,236.0 Hollin Meadows - 166.0 Rolling Forest
Rolling Forest,Week2,Hollin Meadows,Week4,238.0 Hollin Meadows - 164.0 Rolling Forest
Rolling Forest,Week5,Poplar Heights,Week2,217.0 Poplar Heights - 185.0 Rolling Forest
Rolling Forest,Week1,Hollin Meadows,Week4,224.0 Hollin Meadows - 178.0 Rolling Forest
Rolling Forest,Week4,Dunn Loring,Week2,293.0 Dunn Loring - 109.0 Rolling Forest
Riverside Gardens,Week2,Oakton ,Week1,236.0 Oakton - 166.0 Riverside Gardens
Rolling Forest,Week3,Dunn Loring,Week3,275.0 Dunn Loring - 127.0 Rolling Forest
Rolling Forest,Week1,Poplar Tree,Week1,247.0 Poplar Tree - 155.0 Rolling Forest
Rolling Forest,Week4,Hollin Meadows,Week4,240.0 Hollin Meadows - 162.0 Rolling Forest
Riverside Gardens,Week3,North Springfield,Week2,324.5 Riverside Gardens - 63.5 North Springfield
Riverside Gardens,Week5,Sleepy Hollow Rec,Week1,322.0 Riverside Gardens - 80.0 Sleepy Hollow Rec
Rolling Hills,Week3,Fairfax Club Estates,Week4,202.0 Fairfax Club Estates - 200.0 Rolling Hills
Rolling Forest,Week1,Poplar Tree,Week2,228.0 Poplar Tree - 174.0 Rolling Forest
Riverside Gardens,Week3,Somerset-Olde Creek,Week2,354.0 Riverside Gardens - 48.0 Somerset-Olde Creek
Riverside Gardens,Week3,Oakton ,Week1,213.5 Oakton - 188.5 Riverside Gardens
Rolling Forest,Week4,Poplar Heights,Week1,224.0 Poplar Heights - 178.0 Rolling Forest
Rolling Forest,Week5,Hollin Hills,Week4,302.0 Rolling Forest - 100.0 Hollin Hills
Riverside Gardens,Week5,Sleepy Hollow Rec,Week4,328.0 Riverside Gardens - 74.0 Sleepy Hollow Rec
Riverside Gardens,Week2,Somerset-Olde Creek,Week4,333.0 Riverside Gardens - 69.0 Somerset-Olde Creek
Riverside Gardens,Week4,Sleepy Hollow Rec,Week1,321.0 Riverside Gardens - 81.0 Sleepy Hollow Rec
Rolling Forest,Week2,Hollin Meadows,Week2,233.0 Hollin Meadows - 169.0 Rolling Forest
Riverside Gardens,Week2,Oakton ,Week4,257.5 Oakton - 144.5 Riverside Gardens
Rolling Hills,Week4,Fairfax Club Estates,Week4,211.0 Fairfax Club Estates - 182.0 Rolling Hills
Rolling Forest,Week3,Poplar Heights,Week5,224.0 Poplar Heights - 178.0 Rolling Forest
Rolling Forest,Week2,Fair Oaks ,Week4,229.5 Fair Oaks - 172.5 Rolling Forest
Riverside Gardens,Week3,Oakton ,Week3,212.0 Oakton - 190.0 Riverside Gardens
Riverside Gardens,Week3,North Springfield,Week1,310.0 Riverside Gardens - 41.0 North Springfield
Rolling Hills,Week4,Fairfax Club Estates,Week2,200.0 Rolling Hills - 198.0 Fairfax Club Estates
Rolling Forest,Week5,Dunn Loring,Week2,270.0 Dunn Loring - 132.0 Rolling Forest
Rolling Hills,Week4,Fairfax Club Estates,Week5,205.0 Fairfax Club Estates - 188.0 Rolling Hills
Riverside Gardens,Week4,Somerset-Olde Creek,Week5,347.0 Riverside Gardens - 55.0 Somerset-Olde Creek
Rolling Forest,Week3,Poplar Heights,Week3,213.0 Poplar Heights - 189.0 Rolling Forest
Rolling Forest,Week3,Dunn Loring,Week1,231.0 Dunn Loring - 171.0 Rolling Forest
Rolling Forest,Week4,Hollin Meadows,Week2,220.0 Hollin Meadows - 182.0 Rolling Forest
Rolling Forest,Week3,Dunn Loring,Week5,279.0 Dunn Loring - 123.0 Rolling Forest
Rolling Hills,Week3,Fairfax Club Estates,Week5,206.0 Rolling Hills - 195.0 Fairfax Club Estates
Riverside Gardens,Week3,Oakton ,Week4,231.0 Oakton - 171.0 Riverside Gardens
Rolling Forest,Week2,Ravensworth Farm,Week1,232.0 Ravensworth Farm - 170.0 Rolling Forest
Rolling Forest,Week2,Hollin Meadows,Week5,251.0 Hollin Meadows - 151.0 Rolling Forest
Riverside Gardens,Week4,Sleepy Hollow Rec,Week5,322.0 Riverside Gardens - 80.0 Sleepy Hollow Rec
Rolling Forest,Week5,Fair Oaks ,Week3,217.0 Fair Oaks - 185.0 Rolling Forest
Rolling Hills,Week3,Fairfax Club Estates,Week2,212.0 Rolling Hills - 190.0 Fairfax Club Estates
Riverside Gardens,Week2,Oakton ,Week5,261.0 Oakton - 141.0 Riverside Gardens
Rolling Hills,Week5,Fairfax Club Estates,Week1,216.0 Fairfax Club Estates - 186.0 Rolling Hills
Rolling Hills,Week3,Fairfax Club Estates,Week1,205.0 Fairfax Club Estates - 197.0 Rolling Hills
Rolling Forest,Week5,Dunn Loring,Week3,276.0 Dunn Loring - 126.0 Rolling Forest
Rolling Forest,Week1,Fair Oaks ,Week5,251.0 Fair Oaks - 151.0 Rolling Forest
Riverside Gardens,Week5,Sleepy Hollow Rec,Week3,306.5 Riverside Gardens - 95.5 Sleepy Hollow Rec
Riverside Gardens,Week5,Oakton ,Week1,207.5 Riverside Gardens - 194.5 Oakton
Rolling Forest,Week1,Poplar Tree,Week5,262.0 Poplar Tree - 140.0 Rolling Forest
Rolling Hills,Week5,Fairfax Club Estates,Week2,210.0 Rolling Hills - 192.0 Fairfax Club Estates
Rolling Forest,Week2,Ravensworth Farm,Week3,248.0 Ravensworth Farm - 154.0 Rolling Forest
Rolling Forest,Week2,Poplar Tree,Week1,243.0 Poplar Tree - 159.0 Rolling Forest
Rolling Forest,Week1,Fair Oaks ,Week1,224.5 Fair Oaks - 177.5 Rolling Forest
Rolling Forest,Week2,Fair Oaks ,Week2,224.0 Fair Oaks - 178.0 Rolling Forest
Riverside Gardens,Week1,Somerset-Olde Creek,Week4,359.0 Riverside Gardens - 43.0 Somerset-Olde Creek
Rolling Forest,Week5,Hollin Hills,Week3,299.0 Rolling Forest - 103.0 Hollin Hills
Rolling Forest,Week2,Ravensworth Farm,Week5,258.0 Ravensworth Farm - 144.0 Rolling Forest
Rolling Forest,Week1,Hollin Meadows,Week5,236.0 Hollin Meadows - 166.0 Rolling Forest
Riverside Gardens,Week4,Oakton ,Week1,203.0 Riverside Gardens - 199.0 Oakton
Riverside Gardens,Week4,Somerset-Olde Creek,Week1,346.0 Riverside Gardens - 56.0 Somerset-Olde Creek
Rolling Hills,Week5,Fairfax Club Estates,Week3,211.0 Rolling Hills - 191.0 Fairfax Club Estates
Riverside Gardens,Week4,Sleepy Hollow Rec,Week3,299.0 Riverside Gardens - 103.0 Sleepy Hollow Rec
Rolling Forest,Week5,Hollin Meadows,Week2,206.0 Rolling Forest - 196.0 Hollin Meadows
Rolling Forest,Week3,Fair Oaks ,Week3,215.0 Fair Oaks - 187.0 Rolling Forest
Rolling Forest,Week3,Hollin Meadows,Week3,219.0 Hollin Meadows - 183.0 Rolling Forest
Riverside Gardens,Week3,Oakton ,Week5,233.0 Oakton - 169.0 Riverside Gardens
Rolling Forest,Week5,Hollin Meadows,Week1,213.0 Hollin Meadows - 189.0 Rolling Forest
Rolling Forest,Week5,Poplar Tree,Week5,245.0 Poplar Tree - 157.0 Rolling Forest
Rolling Forest,Week5,Poplar Tree,Week3,234.5 Poplar Tree - 167.5 Rolling Forest
Rolling Forest,Week3,Ravensworth Farm,Week4,207.0 Ravensworth Farm - 195.0 Rolling Forest
Rolling Forest,Week5,Hollin Hills,Week5,290.0 Rolling Forest - 112.0 Hollin Hills
Riverside Gardens,Week5,Oakton ,Week5,215.0 Oakton - 187.0 Riverside Gardens
Rolling Forest,Week5,Fair Oaks ,Week5,216.0 Fair Oaks - 186.0 Rolling Forest
Riverside Gardens,Week2,Somerset-Olde Creek,Week2,347.0 Riverside Gardens - 55.0 Somerset-Olde Creek
Rolling Hills,Week1,Fairfax Station,Week2,300.0 Fairfax Station - 102.0 Rolling Hills
Riverside Gardens,Week4,Sleepy Hollow Rec,Week4,336.0 Riverside Gardens - 66.0 Sleepy Hollow Rec
Riverside Gardens,Week3,Somerset-Olde Creek,Week3,358.0 Riverside Gardens - 44.0 Somerset-Olde Creek
Riverside Gardens,Week3,Somerset-Olde Creek,Week1,342.0 Riverside Gardens - 60.0 Somerset-Olde Creek
Rolling Forest,Week4,Fair Oaks ,Week4,212.0 Fair Oaks - 190.0 Rolling Forest
Rolling Forest,Week4,Hollin Meadows,Week5,250.0 Hollin Meadows - 152.0 Rolling Forest
Rolling Forest,Week1,Hollin Meadows,Week1,222.0 Hollin Meadows - 180.0 Rolling Forest
Rolling Hills,Week5,Fairfax Club Estates,Week4,214.0 Fairfax Club Estates - 188.0 Rolling Hills
Riverside Gardens,Week5,Sleepy Hollow Rec,Week5,318.0 Riverside Gardens - 84.0 Sleepy Hollow Rec
Rolling Forest,Week3,Fair Oaks ,Week5,221.0 Fair Oaks - 181.0 Rolling Forest
Rolling Hills,Week5,Fairfax Club Estates,Week5,209.0 Fairfax Club Estates - 192.0 Rolling Hills
Rolling Forest,Week3,Poplar Tree,Week3,221.0 Poplar Tree - 181.0 Rolling Forest
Rolling Forest,Week2,Holmes Run Acres,Week1,225.0 Holmes Run Acres - 177.0 Rolling Forest
Riverside Gardens,Week1,Old Keene Mill,Week2,300.0 Riverside Gardens - 102.0 Old Keene Mill
Rolling Hills,Week1,Fairfax Station,Week3,307.0 Fairfax Station - 95.0 Rolling Hills
Riverside Gardens,Week4,Oakton ,Week5,212.0 Oakton - 190.0 Riverside Gardens
Rolling Forest,Week2,Fair Oaks ,Week5,260.0 Fair Oaks - 142.0 Rolling Forest
Riverside Gardens,Week5,Oakton ,Week4,201.0 Oakton - 201.0 Riverside Gardens
Rolling Forest,Week1,Hunt Valley,Week3,281.0 Hunt Valley - 121.0 Rolling Forest
Riverside Gardens,Week1,Old Keene Mill,Week3,294.0 Riverside Gardens - 108.0 Old Keene Mill
Rolling Forest,Week4,Holmes Run Acres,Week5,259.0 Holmes Run Acres - 143.0 Rolling Forest
Riverside Gardens,Week2,Somerset-Olde Creek,Week1,330.5 Riverside Gardens - 71.5 Somerset-Olde Creek
Rolling Forest,Week1,Hunt Valley,Week1,258.0 Hunt Valley - 144.0 Rolling Forest
Rolling Forest,Week3,Poplar Tree,Week1,233.0 Poplar Tree - 169.0 Rolling Forest
Rolling Hills,Week1,Forest Hollow,Week3,267.0 Forest Hollow - 135.0 Rolling Hills
Rolling Forest,Week1,Fair Oaks ,Week2,209.0 Rolling Forest - 193.0 Fair Oaks
Rolling Forest,Week1,Holmes Run Acres,Week1,201.0 Holmes Run Acres - 201.0 Rolling Forest
Rolling Hills,Week1,Forest Hollow,Week5,281.0 Forest Hollow - 121.0 Rolling Hills
Rolling Forest,Week3,Poplar Tree,Week2,211.0 Poplar Tree - 191.0 Rolling Forest
Rolling Forest,Week5,Vienna Woods,Week3,312.0 Vienna Woods - 90.0 Rolling Forest
Rolling Forest,Week4,Holmes Run Acres,Week4,216.5 Holmes Run Acres - 185.5 Rolling Forest
Riverside Gardens,Week1,Old Keene Mill,Week5,297.0 Riverside Gardens - 105.0 Old Keene Mill
Rolling Hills,Week3,Fairfax Station,Week4,302.0 Fairfax Station - 100.0 Rolling Hills
Rolling Forest,Week1,Holmes Run Acres,Week2,200.5 Holmes Run Acres - 196.5 Rolling Forest
Rolling Forest,Week3,Poplar Tree,Week4,203.0 Poplar Tree - 199.0 Rolling Forest
Riverside Gardens,Week4,Oakton ,Week3,208.0 Riverside Gardens - 194.0 Oakton
Riverside Gardens,Week3,Somerset-Olde Creek,Week5,341.5 Riverside Gardens - 60.5 Somerset-Olde Creek
Rolling Forest,Week5,Dunn Loring,Week1,237.0 Dunn Loring - 165.0 Rolling Forest
Rolling Hills,Week2,Fairfax Station,Week1,291.0 Fairfax Station - 111.0 Rolling Hills
Rolling Forest,Week5,Poplar Tree,Week2,221.0 Poplar Tree - 181.0 Rolling Forest
Riverside Gardens,Week3,Sleepy Hollow Rec,Week5,326.0 Riverside Gardens - 76.0 Sleepy Hollow Rec
Riverside Gardens,Week4,Sleepy Hollow Rec,Week2,319.0 Riverside Gardens - 83.0 Sleepy Hollow Rec
Riverside Gardens,Week1,Old Keene Mill,Week1,306.0 Riverside Gardens - 96.0 Old Keene Mill
Rolling Hills,Week2,Forest Hollow,Week3,255.0 Forest Hollow - 147.0 Rolling Hills
Riverside Gardens,Week1,Somerset-Olde Creek,Week3,356.0 Riverside Gardens - 46.0 Somerset-Olde Creek
Rolling Forest,Week1,Fair Oaks ,Week4,221.5 Fair Oaks - 180.5 Rolling Forest
Rolling Forest,Week2,Fair Oaks ,Week3,253.0 Fair Oaks - 149.0 Rolling Forest
Riverside Gardens,Week5,Oakton ,Week3,202.0 Oakton - 200.0 Riverside Gardens
Rolling Hills,Week3,Fairfax Station,Week3,312.0 Fairfax Station - 90.0 Rolling Hills
Rolling Forest,Week3,Fair Oaks ,Week1,203.0 Rolling Forest - 199.0 Fair Oaks
Rolling Forest,Week5,Dunn Loring,Week5,277.0 Dunn Loring - 125.0 Rolling Forest
Rolling Hills,Week2,Fairfax Station,Week4,302.0 Fairfax Station - 100.0 Rolling Hills
Rolling Forest,Week1,Holmes Run Acres,Week5,262.0 Holmes Run Acres - 140.0 Rolling Forest
Rolling Forest,Week4,Poplar Tree,Week4,227.0 Poplar Tree - 175.0 Rolling Forest
Rolling Forest,Week4,Fair Oaks ,Week3,251.0 Fair Oaks - 151.0 Rolling Forest
Riverside Gardens,Week1,Somerset-Olde Creek,Week2,354.5 Riverside Gardens - 47.5 Somerset-Olde Creek
Riverside Gardens,Week5,Sleepy Hollow Rec,Week2,317.0 Riverside Gardens - 85.0 Sleepy Hollow Rec
Rolling Forest,Week4,Poplar Tree,Week3,239.0 Poplar Tree - 163.0 Rolling Forest
Riverside Gardens,Week4,Oakton ,Week4,201.5 Riverside Gardens - 200.5 Oakton
Riverside Gardens,Week5,Oakton ,Week2,202.0 Oakton - 200.0 Riverside Gardens
Rolling Forest,Week2,Poplar Tree,Week5,270.0 Poplar Tree - 132.0 Rolling Forest
Rolling Forest,Week4,Poplar Tree,Week2,224.0 Poplar Tree - 178.0 Rolling Forest
Rolling Forest,Week1,Vienna Woods,Week2,300.0 Vienna Woods - 102.0 Rolling Forest
Rolling Forest,Week2,Holmes Run Acres,Week3,264.0 Holmes Run Acres - 138.0 Rolling Forest
Rolling Forest,Week4,Dunn Loring,Week5,306.0 Dunn Loring - 96.0 Rolling Forest
Rolling Forest,Week4,Fair Oaks ,Week1,235.5 Fair Oaks - 166.5 Rolling Forest
Rolling Forest,Week2,Poplar Tree,Week4,230.0 Poplar Tree - 172.0 Rolling Forest
Rolling Hills,Week2,Fairfax Station,Week2,306.0 Fairfax Station - 91.0 Rolling Hills
Rolling Forest,Week4,Poplar Tree,Week1,249.0 Poplar Tree - 153.0 Rolling Forest
Riverside Gardens,Week4,Somerset-Olde Creek,Week2,357.0 Riverside Gardens - 45.0 Somerset-Olde Creek
Riverside Gardens,Week2,Old Keene Mill,Week4,294.0 Riverside Gardens - 108.0 Old Keene Mill
Rolling Hills,Week3,Fairfax Station,Week2,312.0 Fairfax Station - 90.0 Rolling Hills
Riverside Gardens,Week4,Somerset-Olde Creek,Week3,357.0 Riverside Gardens - 45.0 Somerset-Olde Creek
Riverside Gardens,Week2,Old Keene Mill,Week1,301.0 Riverside Gardens - 101.0 Old Keene Mill
Riverside Gardens,Week2,Old Keene Mill,Week2,294.0 Riverside Gardens - 108.0 Old Keene Mill
Riverside Gardens,Week2,Somerset-Olde Creek,Week5,328.0 Riverside Gardens - 74.0 Somerset-Olde Creek
Rolling Hills,Week4,Fairfax Station,Week3,320.5 Fairfax Station - 81.5 Rolling Hills
Rolling Hills,Week4,Fairfax Station,Week5,326.0 Fairfax Station - 76.0 Rolling Hills
Rolling Forest,Week1,Villa Aquatic,Week2,214.0 Rolling Forest - 188.0 Villa Aquatic
Rolling Forest,Week2,Vienna Woods,Week1,315.0 Vienna Woods - 82.0 Rolling Forest
Rolling Forest,Week2,Vienna Woods,Week2,309.5 Vienna Woods - 92.5 Rolling Forest
Riverside Gardens,Week1,Old Keene Mill,Week4,307.0 Riverside Gardens - 95.0 Old Keene Mill
Rolling Forest,Week5,Vienna Woods,Week4,281.0 Vienna Woods - 121.0 Rolling Forest
Rolling Forest,Week2,Holmes Run Acres,Week5,267.0 Holmes Run Acres - 135.0 Rolling Forest
Rolling Forest,Week4,Fair Oaks ,Week5,251.0 Fair Oaks - 151.0 Rolling Forest
Riverside Gardens,Week1,Somerset-Olde Creek,Week5,343.0 Riverside Gardens - 59.0 Somerset-Olde Creek
Rolling Forest,Week2,Holmes Run Acres,Week4,229.0 Holmes Run Acres - 173.0 Rolling Forest
Rolling Forest,Week1,Holmes Run Acres,Week3,255.0 Holmes Run Acres - 147.0 Rolling Forest
Riverside Gardens,Week2,Old Keene Mill,Week3,286.0 Riverside Gardens - 116.0 Old Keene Mill
Rolling Hills,Week4,Fairfax Station,Week2,307.0 Fairfax Station - 94.0 Rolling Hills
Rolling Forest,Week4,Fair Oaks ,Week2,204.5 Rolling Forest - 197.5 Fair Oaks
Rolling Forest,Week5,Poplar Tree,Week1,235.0 Poplar Tree - 167.0 Rolling Forest
Rolling Forest,Week3,Poplar Tree,Week5,233.0 Poplar Tree - 169.0 Rolling Forest
Riverside Gardens,Week5,Somerset-Olde Creek,Week4,357.0 Riverside Gardens - 45.0 Somerset-Olde Creek
Rolling Forest,Week3,Holmes Run Acres,Week2,209.0 Rolling Forest - 193.0 Holmes Run Acres
Rolling Forest,Week1,Fair Oaks ,Week3,233.0 Fair Oaks - 169.0 Rolling Forest
Rolling Forest,Week3,Holmes Run Acres,Week3,237.0 Holmes Run Acres - 165.0 Rolling Forest
Rolling Hills,Week1,Fairfax Station,Week5,325.0 Fairfax Station - 77.0 Rolling Hills
Rolling Forest,Week2,Fair Oaks ,Week1,231.0 Fair Oaks - 171.0 Rolling Forest
Riverside Gardens,Week4,Somerset-Olde Creek,Week4,356.0 Riverside Gardens - 46.0 Somerset-Olde Creek
Riverside Gardens,Week1,South Run,Week1,229.0 Riverside Gardens - 164.0 South Run
Rolling Forest,Week1,Ravensworth Farm,Week2,201.5 Ravensworth Farm - 200.5 Rolling Forest
Rolling Forest,Week3,Vienna Woods,Week1,303.0 Vienna Woods - 99.0 Rolling Forest
Rolling Forest,Week5,Vienna Aquatic,Week5,298.0 Vienna Aquatic - 104.0 Rolling Forest
Rolling Hills,Week4,Fairfax Station,Week1,309.0 Fairfax Station - 92.0 Rolling Hills
Rolling Forest,Week5,Dunn Loring,Week4,270.0 Dunn Loring - 132.0 Rolling Forest
Rolling Forest,Week5,Fair Oaks ,Week1,209.0 Rolling Forest - 193.0 Fair Oaks
Rolling Forest,Week2,Poplar Tree,Week3,241.0 Poplar Tree - 161.0 Rolling Forest
Rolling Forest,Week4,Dunn Loring,Week4,302.0 Dunn Loring - 100.0 Rolling Forest
Rolling Forest,Week1,Vienna Woods,Week5,331.0 Vienna Woods - 71.0 Rolling Forest
Riverside Gardens,Week5,South Run,Week2,267.0 Riverside Gardens - 135.0 South Run
Rolling Forest,Week1,Holmes Run Acres,Week4,214.0 Holmes Run Acres - 188.0 Rolling Forest
Rolling Forest,Week2,Holmes Run Acres,Week2,213.0 Holmes Run Acres - 189.0 Rolling Forest
Rolling Forest,Week4,Poplar Tree,Week5,263.0 Poplar Tree - 139.0 Rolling Forest
Rolling Forest,Week1,Ravensworth Farm,Week3,248.0 Ravensworth Farm - 154.0 Rolling Forest
Rolling Forest,Week3,Vienna Woods,Week3,314.0 Vienna Woods - 88.0 Rolling Forest
Rolling Hills,Week3,Fairfax Station,Week5,325.0 Fairfax Station - 77.0 Rolling Hills
Rolling Hills,Week1,Fairfax Station,Week4,292.0 Fairfax Station - 110.0 Rolling Hills
Riverside Gardens,Week3,South Run,Week3,259.0 Riverside Gardens - 143.0 South Run
Rolling Forest,Week2,Ravensworth Farm,Week4,230.0 Ravensworth Farm - 172.0 Rolling Forest
Rolling Forest,Week3,Fair Oaks ,Week2,238.0 Rolling Forest - 164.0 Fair Oaks
Rolling Forest,Week5,Holmes Run Acres,Week2,209.5 Rolling Forest - 192.5 Holmes Run Acres
Rolling Hills,Week2,Fairfax Station,Week3,315.0 Fairfax Station - 87.0 Rolling Hills
Rolling Forest,Week2,Vienna Woods,Week3,315.0 Vienna Woods - 87.0 Rolling Forest
Rolling Forest,Week2,Ravensworth Farm,Week2,208.0 Ravensworth Farm - 194.0 Rolling Forest
Rolling Forest,Week4,Holmes Run Acres,Week2,212.5 Holmes Run Acres - 189.5 Rolling Forest
Rolling Forest,Week5,Hollin Meadows,Week5,217.0 Hollin Meadows - 185.0 Rolling Forest
Rolling Forest,Week3,Fairfax,Week1,235.5 Fairfax - 166.5 Rolling Forest
Rolling Hills,Week5,Fairfax Station,Week1,307.0 Fairfax Station - 95.0 Rolling Hills
Rolling Forest,Week2,Vienna Woods,Week4,300.0 Vienna Woods - 102.0 Rolling Forest
Rolling Hills,Week5,Fairfax Station,Week4,304.0 Fairfax Station - 98.0 Rolling Hills
Riverside Gardens,Week4,South Run,Week4,290.0 Riverside Gardens - 112.0 South Run
Rolling Forest,Week1,Ravensworth Farm,Week4,230.0 Ravensworth Farm - 172.0 Rolling Forest
Rolling Forest,Week3,Holmes Run Acres,Week5,236.0 Holmes Run Acres - 166.0 Rolling Forest
Rolling Forest,Week3,Vienna Woods,Week5,318.0 Vienna Woods - 84.0 Rolling Forest
Rolling Forest,Week3,Fair Oaks ,Week4,202.0 Fair Oaks - 200.0 Rolling Forest
Rolling Forest,Week1,Ravensworth Farm,Week5,251.0 Ravensworth Farm - 151.0 Rolling Forest
Rolling Hills,Week5,Fairfax Station,Week2,302.0 Fairfax Station - 100.0 Rolling Hills
Rolling Forest,Week5,Poplar Tree,Week4,214.0 Poplar Tree - 188.0 Rolling Forest
Rolling Forest,Week3,Ravensworth Farm,Week1,210.0 Ravensworth Farm - 192.0 Rolling Forest
Rolling Forest,Week5,Fair Oaks ,Week4,202.0 Rolling Forest - 200.0 Fair Oaks
Rolling Forest,Week4,Fairfax,Week1,253.5 Fairfax - 148.5 Rolling Forest
Riverside Gardens,Week4,South Run,Week3,278.0 Riverside Gardens - 124.0 South Run
Riverside Gardens,Week1,South Run,Week5,236.0 Riverside Gardens - 166.0 South Run
Rolling Forest,Week3,Vienna Woods,Week4,280.0 Vienna Woods - 122.0 Rolling Forest
Rolling Hills,Week5,Fairfax Station,Week5,325.0 Fairfax Station - 77.0 Rolling Hills
Rolling Forest,Week4,Vienna Woods,Week1,317.0 Vienna Woods - 85.0 Rolling Forest
Rolling Hills,Week5,Fairfax Station,Week3,311.0 Fairfax Station - 91.0 Rolling Hills
Rolling Forest,Week4,Holmes Run Acres,Week1,203.0 Rolling Forest - 199.0 Holmes Run Acres
Rolling Forest,Week1,Ravensworth Farm,Week1,235.0 Ravensworth Farm - 167.0 Rolling Forest
Rolling Hills,Week3,Fairfax Station,Week1,304.0 Fairfax Station - 98.0 Rolling Hills
Riverside Gardens,Week3,South Run,Week2,261.0 Riverside Gardens - 141.0 South Run
Rolling Forest,Week5,Fair Oaks ,Week2,227.0 Rolling Forest - 175.0 Fair Oaks
Rolling Forest,Week4,Holmes Run Acres,Week3,257.0 Holmes Run Acres - 145.0 Rolling Forest
Riverside Gardens,Week5,Somerset-Olde Creek,Week1,343.0 Riverside Gardens - 59.0 Somerset-Olde Creek
Rolling Forest,Week2,Vienna Woods,Week5,333.0 Vienna Woods - 69.0 Rolling Forest
Rolling Forest,Week5,Holmes Run Acres,Week1,207.0 Rolling Forest - 195.0 Holmes Run Acres
Riverside Gardens,Week4,South Run,Week5,261.0 Riverside Gardens - 141.0 South Run
Rolling Forest,Week4,Vienna Woods,Week4,288.0 Vienna Woods - 114.0 Rolling Forest
Rolling Forest,Week2,Fairfax,Week4,282.0 Fairfax - 120.0 Rolling Forest
Rolling Forest,Week5,Holmes Run Acres,Week3,240.0 Holmes Run Acres - 162.0 Rolling Forest
Rolling Forest,Week1,Vienna Woods,Week4,289.0 Vienna Woods - 113.0 Rolling Forest
Rolling Forest,Week5,Holmes Run Acres,Week5,243.0 Holmes Run Acres - 159.0 Rolling Forest
Rolling Hills,Week2,Fairfax Station,Week5,324.0 Fairfax Station - 78.0 Rolling Hills
Rolling Forest,Week4,Fairfax,Week4,281.0 Fairfax - 121.0 Rolling Forest
Rolling Forest,Week3,Ravensworth Farm,Week2,226.0 Rolling Forest - 176.0 Ravensworth Farm
Rolling Forest,Week5,Vienna Woods,Week2,276.0 Vienna Woods - 126.0 Rolling Forest
Riverside Gardens,Week2,South Run,Week3,239.0 Riverside Gardens - 163.0 South Run
Riverside Gardens,Week5,Somerset-Olde Creek,Week2,358.0 Riverside Gardens - 44.0 Somerset-Olde Creek
Rolling Forest,Week1,Fairfax Club Estates,Week5,211.0 Rolling Forest - 190.0 Fairfax Club Estates
Rolling Forest,Week1,Villa Aquatic,Week1,229.0 Rolling Forest - 173.0 Villa Aquatic
Rolling Forest,Week4,Fairfax,Week3,282.0 Fairfax - 120.0 Rolling Forest
Riverside Gardens,Week4,South Run,Week2,277.0 Riverside Gardens - 125.0 South Run
Rolling Hills,Week1,Forest Hollow,Week1,250.0 Forest Hollow - 152.0 Rolling Hills
Rolling Forest,Week5,Hollin Meadows,Week4,210.0 Hollin Meadows - 192.0 Rolling Forest
Rolling Hills,Week1,Forest Hollow,Week2,243.0 Forest Hollow - 159.0 Rolling Hills
Rolling Forest,Week3,Ravensworth Farm,Week5,231.0 Ravensworth Farm - 171.0 Rolling Forest
Riverside Gardens,Week2,Mount Vernon Park,Week2,226.0 Mount Vernon Park - 176.0 Riverside Gardens
Rolling Forest,Week4,Ravensworth Farm,Week1,229.0 Ravensworth Farm - 173.0 Rolling Forest
Riverside Gardens,Week1,South Run,Week4,267.0 Riverside Gardens - 135.0 South Run
Rolling Forest,Week3,Holmes Run Acres,Week4,214.0 Holmes Run Acres - 188.0 Rolling Forest
Rolling Hills,Week1,Forest Hollow,Week4,257.0 Forest Hollow - 145.0 Rolling Hills
Rolling Hills,Week4,Fairfax Station,Week4,305.0 Fairfax Station - 97.0 Rolling Hills
Rolling Forest,Week3,Ravensworth Farm,Week3,218.0 Ravensworth Farm - 184.0 Rolling Forest
Rolling Forest,Week4,Vienna Woods,Week2,300.0 Vienna Woods - 102.0 Rolling Forest
Rolling Forest,Week1,Fairfax Club Estates,Week2,223.0 Rolling Forest - 179.0 Fairfax Club Estates
Rolling Forest,Week3,Holmes Run Acres,Week1,221.0 Rolling Forest - 181.0 Holmes Run Acres
Riverside Gardens,Week2,South Run,Week1,215.0 Riverside Gardens - 178.0 South Run
Rolling Forest,Week5,Holmes Run Acres,Week4,206.0 Rolling Forest - 196.0 Holmes Run Acres
Rolling Forest,Week1,Fairfax Club Estates,Week3,220.5 Rolling Forest - 181.5 Fairfax Club Estates
Riverside Gardens,Week4,Mount Vernon Park,Week5,221.0 Mount Vernon Park - 181.0 Riverside Gardens
Rolling Forest,Week4,Vienna Woods,Week3,320.0 Vienna Woods - 82.0 Rolling Forest
Rolling Forest,Week4,Riverside Gardens,Week2,263.0 Riverside Gardens - 139.0 Rolling Forest
Riverside Gardens,Week3,South Run,Week4,279.0 Riverside Gardens - 123.0 South Run
Rolling Forest,Week4,Hunt Valley,Week2,270.0 Hunt Valley - 132.0 Rolling Forest
Riverside Gardens,Week4,Mount Vernon Park,Week4,222.0 Riverside Gardens - 180.0 Mount Vernon Park
Rolling Hills,Week5,Forest Hollow,Week2,248.0 Forest Hollow - 154.0 Rolling Hills
Riverside Gardens,Week1,South Run,Week3,248.0 Riverside Gardens - 154.0 South Run
Rolling Forest,Week5,Fairfax,Week3,268.0 Fairfax - 134.0 Rolling Forest
Riverside Gardens,Week1,Mount Vernon Park,Week5,234.0 Mount Vernon Park - 168.0 Riverside Gardens
Riverside Gardens,Week3,South Run,Week1,238.5 Riverside Gardens - 154.5 South Run
Rolling Forest,Week5,Fairfax,Week1,246.0 Fairfax - 156.0 Rolling Forest
Rolling Forest,Week5,Vienna Woods,Week1,288.0 Vienna Woods - 114.0 Rolling Forest
Rolling Forest,Week5,Ravensworth Farm,Week4,206.0 Ravensworth Farm - 196.0 Rolling Forest
Rolling Forest,Week1,Vienna Woods,Week1,309.0 Vienna Woods - 93.0 Rolling Forest
Rolling Forest,Week1,Vienna Woods,Week3,320.0 Vienna Woods - 82.0 Rolling Forest
Rolling Hills,Week3,Forest Hollow,Week3,269.0 Forest Hollow - 133.0 Rolling Hills
Riverside Gardens,Week1,South Run,Week2,254.0 Riverside Gardens - 148.0 South Run
Rolling Forest,Week4,Ravensworth Farm,Week3,247.0 Ravensworth Farm - 155.0 Rolling Forest
Rolling Forest,Week1,Riverside Gardens,Week5,278.0 Riverside Gardens - 124.0 Rolling Forest
Rolling Forest,Week1,Fairfax,Week3,270.0 Fairfax - 132.0 Rolling Forest
Rolling Forest,Week2,Riverside Gardens,Week3,286.0 Riverside Gardens - 116.0 Rolling Forest
Rolling Forest,Week3,Hunt Valley,Week4,276.0 Hunt Valley - 126.0 Rolling Forest
Riverside Gardens,Week2,Mount Vernon Park,Week1,232.0 Mount Vernon Park - 170.0 Riverside Gardens
Rolling Hills,Week2,Forest Hollow,Week1,254.0 Forest Hollow - 148.0 Rolling Hills
Rolling Hills,Week2,Forest Hollow,Week2,237.0 Forest Hollow - 165.0 Rolling Hills
Rolling Forest,Week1,Hunt Valley,Week2,272.0 Hunt Valley - 130.0 Rolling Forest
Rolling Forest,Week3,Vienna Woods,Week2,286.0 Vienna Woods - 116.0 Rolling Forest
Riverside Gardens,Week1,Newington Forest,Week1,336.0 Riverside Gardens - 66.0 Newington Forest
Riverside Gardens,Week2,South Run,Week2,238.0 Riverside Gardens - 164.0 South Run
Riverside Gardens,Week3,Mount Vernon Park,Week2,201.0 Mount Vernon Park - 201.0 Riverside Gardens
Rolling Forest,Week1,Riverside Gardens,Week2,260.0 Riverside Gardens - 142.0 Rolling Forest
Rolling Forest,Week5,Vienna Woods,Week5,318.0 Vienna Woods - 84.0 Rolling Forest
Rolling Forest,Week1,Hunt Valley,Week4,276.0 Hunt Valley - 126.0 Rolling Forest
Rolling Forest,Week3,Hunt Valley,Week5,283.0 Hunt Valley - 119.0 Rolling Forest
Rolling Forest,Week4,Vienna Woods,Week5,331.0 Vienna Woods - 71.0 Rolling Forest
Rolling Forest,Week1,Fairfax Club Estates,Week1,223.0 Rolling Forest - 179.0 Fairfax Club Estates
Rolling Forest,Week3,Villa Aquatic,Week4,213.0 Rolling Forest - 189.0 Villa Aquatic
Rolling Forest,Week5,Ravensworth Farm,Week1,219.0 Ravensworth Farm - 183.0 Rolling Forest
Rolling Forest,Week1,Fairfax Club Estates,Week4,210.0 Rolling Forest - 192.0 Fairfax Club Estates
Riverside Gardens,Week1,Newington Forest,Week4,313.0 Riverside Gardens - 89.0 Newington Forest
Rolling Hills,Week3,Forest Hollow,Week5,290.0 Forest Hollow - 112.0 Rolling Hills
Rolling Hills,Week4,Forest Hollow,Week3,272.0 Forest Hollow - 130.0 Rolling Hills
Rolling Forest,Week5,Hunt Valley,Week5,277.0 Hunt Valley - 125.0 Rolling Forest
Rolling Hills,Week3,Fox Hunt,Week1,240.0 Fox Hunt - 162.0 Rolling Hills
Rolling Forest,Week4,Hunt Valley,Week4,290.0 Hunt Valley - 112.0 Rolling Forest
Rolling Forest,Week3,Riverside Gardens,Week4,266.0 Riverside Gardens - 136.0 Rolling Forest
Riverside Gardens,Week2,South Run,Week4,251.0 Riverside Gardens - 151.0 South Run
Rolling Forest,Week4,Fairfax Club Estates,Week1,215.0 Rolling Forest - 187.0 Fairfax Club Estates
Rolling Forest,Week2,Villa Aquatic,Week5,230.0 Villa Aquatic - 172.0 Rolling Forest
Rolling Forest,Week1,Fairfax,Week4,271.0 Fairfax - 131.0 Rolling Forest
Rolling Hills,Week5,Forest Hollow,Week1,254.0 Forest Hollow - 148.0 Rolling Hills
Riverside Gardens,Week5,Somerset-Olde Creek,Week3,355.0 Riverside Gardens - 47.0 Somerset-Olde Creek
Rolling Forest,Week2,Fairfax,Week5,290.0 Fairfax - 112.0 Rolling Forest
Rolling Hills,Week2,Forest Hollow,Week4,268.0 Forest Hollow - 134.0 Rolling Hills
Riverside Gardens,Week4,Mount Vernon Park,Week2,229.0 Riverside Gardens - 173.0 Mount Vernon Park
Rolling Forest,Week1,Rolling Forest,Week2,218.5 Rolling Forest (RF1) - 183.5 Rolling Forest (RF2)
Rolling Forest,Week4,Hunt Valley,Week5,308.0 Hunt Valley - 94.0 Rolling Forest
Rolling Forest,Week5,Fairfax,Week5,285.0 Fairfax - 117.0 Rolling Forest
Riverside Gardens,Week2,Mount Vernon Park,Week4,221.0 Mount Vernon Park - 181.0 Riverside Gardens
Rolling Forest,Week2,Villa Aquatic,Week1,216.0 Rolling Forest - 186.0 Villa Aquatic
Rolling Forest,Week4,Riverside Gardens,Week1,268.0 Riverside Gardens - 134.0 Rolling Forest
Riverside Gardens,Week2,South Run,Week5,221.0 Riverside Gardens - 181.0 South Run
Riverside Gardens,Week3,South Run,Week5,249.0 Riverside Gardens - 153.0 South Run
Rolling Forest,Week1,Hunt Valley,Week5,291.0 Hunt Valley - 111.0 Rolling Forest
Rolling Hills,Week4,Fox Hunt,Week1,244.0 Fox Hunt - 158.0 Rolling Hills
Rolling Forest,Week5,Hunt Valley,Week3,268.0 Hunt Valley - 134.0 Rolling Forest
Riverside Gardens,Week2,Newington Forest,Week1,317.0 Riverside Gardens - 85.0 Newington Forest
Rolling Forest,Week1,Fairfax,Week5,293.0 Fairfax - 109.0 Rolling Forest
Rolling Forest,Week1,Village West,Week3,226.0 Rolling Forest - 176.0 Village West
Rolling Forest,Week2,Village West,Week5,230.0 Rolling Forest - 172.0 Village West
Rolling Forest,Week1,Riverside Gardens,Week4,288.0 Riverside Gardens - 114.0 Rolling Forest
Rolling Forest,Week1,Hunter Mill,Week1,261.0 Hunter Mill - 141.0 Rolling Forest
Rolling Forest,Week5,Villa Aquatic,Week1,231.0 Rolling Forest - 171.0 Villa Aquatic
Riverside Gardens,Week5,South Run,Week1,255.0 Riverside Gardens - 138.0 South Run
Riverside Gardens,Week5,Somerset-Olde Creek,Week5,339.0 Riverside Gardens - 63.0 Somerset-Olde Creek
Rolling Hills,Week4,Fox Hunt,Week2,239.0 Fox Hunt - 163.0 Rolling Hills
Riverside Gardens,Week4,Newington Forest,Week2,339.0 Riverside Gardens - 63.0 Newington Forest
Rolling Hills,Week5,Forest Hollow,Week3,274.0 Forest Hollow - 128.0 Rolling Hills
Riverside Gardens,Week2,Mount Vernon Park,Week3,240.0 Mount Vernon Park - 162.0 Riverside Gardens
Rolling Forest,Week4,Fairfax,Week2,282.0 Fairfax - 120.0 Rolling Forest
Rolling Forest,Week3,Hunt Valley,Week3,269.0 Hunt Valley - 133.0 Rolling Forest
Rolling Forest,Week2,Riverside Gardens,Week1,272.0 Riverside Gardens - 130.0 Rolling Forest
Rolling Forest,Week2,Hunt Valley,Week2,281.0 Hunt Valley - 121.0 Rolling Forest
Riverside Gardens,Week4,South Run,Week1,247.0 Riverside Gardens - 146.0 South Run
Rolling Forest,Week5,Fairfax,Week4,266.0 Fairfax - 136.0 Rolling Forest
Riverside Gardens,Week5,South Run,Week4,285.0 Riverside Gardens - 117.0 South Run
Rolling Forest,Week3,Riverside Gardens,Week3,261.0 Riverside Gardens - 141.0 Rolling Forest
Rolling Forest,Week4,Hunt Valley,Week3,280.0 Hunt Valley - 122.0 Rolling Forest
Riverside Gardens,Week5,Mount Vernon Park,Week3,207.0 Mount Vernon Park - 195.0 Riverside Gardens
Rolling Forest,Week3,Fairfax,Week4,263.0 Fairfax - 139.0 Rolling Forest
Rolling Hills,Week2,Forest Hollow,Week5,274.0 Forest Hollow - 128.0 Rolling Hills
Riverside Gardens,Week4,Mount Vernon Park,Week1,204.5 Mount Vernon Park - 197.5 Riverside Gardens
Rolling Hills,Week4,Forest Hollow,Week1,263.0 Forest Hollow - 139.0 Rolling Hills
Rolling Forest,Week1,Village West,Week1,262.0 Rolling Forest - 140.0 Village West
Riverside Gardens,Week5,South Run,Week3,270.0 Riverside Gardens - 132.0 South Run
Rolling Forest,Week2,Fairfax,Week2,270.0 Fairfax - 132.0 Rolling Forest
Rolling Forest,Week2,Villa Aquatic,Week3,225.0 Villa Aquatic - 177.0 Rolling Forest
Rolling Hills,Week1,Fox Hunt,Week2,244.0 Fox Hunt - 158.0 Rolling Hills
Rolling Forest,Week2,Riverside Gardens,Week4,285.0 Riverside Gardens - 117.0 Rolling Forest
Rolling Forest,Week5,Ravensworth Farm,Week2,225.5 Rolling Forest - 176.5 Ravensworth Farm
Riverside Gardens,Week3,Newington Forest,Week2,326.0 Riverside Gardens - 76.0 Newington Forest
Riverside Gardens,Week5,South Run,Week5,262.0 Riverside Gardens - 140.0 South Run
Rolling Forest,Week1,Riverside Gardens,Week3,274.0 Riverside Gardens - 128.0 Rolling Forest
Rolling Forest,Week2,Hunt Valley,Week5,294.0 Hunt Valley - 108.0 Rolling Forest
Rolling Hills,Week4,Forest Hollow,Week4,275.0 Forest Hollow - 126.0 Rolling Hills
Riverside Gardens,Week5,Mount Vernon Park,Week5,220.0 Mount Vernon Park - 182.0 Riverside Gardens
Riverside Gardens,Week4,Newington Forest,Week1,344.0 Riverside Gardens - 58.0 Newington Forest
Rolling Forest,Week5,Villa Aquatic,Week5,209.0 Rolling Forest - 193.0 Villa Aquatic
Rolling Forest,Week2,Fairfax,Week3,277.0 Fairfax - 125.0 Rolling Forest
Rolling Forest,Week2,Riverside Gardens,Week2,271.0 Riverside Gardens - 131.0 Rolling Forest
Riverside Gardens,Week1,Springboard,Week3,331.0 Riverside Gardens - 71.0 Springboard
Riverside Gardens,Week3,Mount Vernon Park,Week4,206.0 Mount Vernon Park - 196.0 Riverside Gardens
Rolling Forest,Week4,Ravensworth Farm,Week5,272.0 Ravensworth Farm - 130.0 Rolling Forest
Riverside Gardens,Week1,Springboard,Week1,321.0 Riverside Gardens - 81.0 Springboard
Rolling Hills,Week1,Fox Hunt,Week1,232.0 Fox Hunt - 170.0 Rolling Hills
Rolling Forest,Week2,Fairfax,Week1,250.0 Fairfax - 152.0 Rolling Forest
Rolling Forest,Week4,Villa Aquatic,Week1,211.0 Rolling Forest - 191.0 Villa Aquatic
Rolling Forest,Week2,Villa Aquatic,Week4,219.0 Villa Aquatic - 183.0 Rolling Forest
Rolling Forest,Week2,Hunt Valley,Week1,265.0 Hunt Valley - 132.0 Rolling Forest
Rolling Forest,Week1,Fairfax,Week1,256.0 Fairfax - 146.0 Rolling Forest
Rolling Hills,Week3,Forest Hollow,Week2,257.0 Forest Hollow - 145.0 Rolling Hills
Riverside Gardens,Week1,Springboard,Week2,354.0 Riverside Gardens - 48.0 Springboard
Rolling Forest,Week2,Hunt Valley,Week4,288.0 Hunt Valley - 114.0 Rolling Forest
Rolling Forest,Week1,Fairfax,Week2,266.0 Fairfax - 136.0 Rolling Forest
Rolling Forest,Week1,Village West,Week2,252.5 Rolling Forest - 149.5 Village West
Riverside Gardens,Week4,Little Hunting Park,Week5,307.0 Riverside Gardens - 95.0 Little Hunting Park
Rolling Forest,Week2,Riverside Gardens,Week5,295.0 Riverside Gardens - 107.0 Rolling Forest
Rolling Forest,Week3,Fairfax,Week3,265.0 Fairfax - 137.0 Rolling Forest
Rolling Forest,Week5,Hunt Valley,Week2,251.0 Hunt Valley - 151.0 Rolling Forest
Rolling Forest,Week5,Hunt Valley,Week1,258.0 Hunt Valley - 144.0 Rolling Forest
Riverside Gardens,Week1,Springfield,Week4,384.0 Riverside Gardens - 18.0 Springfield
Riverside Gardens,Week2,Newington Forest,Week5,298.0 Riverside Gardens - 104.0 Newington Forest
Rolling Hills,Week1,Fox Hunt,Week3,266.0 Fox Hunt - 136.0 Rolling Hills
Rolling Forest,Week3,Fairfax,Week2,264.0 Fairfax - 138.0 Rolling Forest
Riverside Gardens,Week4,Springboard,Week2,348.0 Riverside Gardens - 54.0 Springboard
Rolling Hills,Week2,Fox Hunt,Week2,246.0 Fox Hunt - 156.0 Rolling Hills
Riverside Gardens,Week5,Mount Vernon Park,Week1,201.0 Mount Vernon Park - 201.0 Riverside Gardens
Rolling Forest,Week3,Hunt Valley,Week1,253.0 Hunt Valley - 149.0 Rolling Forest
Rolling Forest,Week1,Villa Aquatic,Week3,229.0 Villa Aquatic - 173.0 Rolling Forest
Rolling Forest,Week1,Riverside Gardens,Week1,262.0 Riverside Gardens - 140.0 Rolling Forest
Rolling Forest,Week1,Villa Aquatic,Week5,222.0 Villa Aquatic - 180.0 Rolling Forest
Riverside Gardens,Week1,North Springfield,Week1,315.0 Riverside Gardens - 36.0 North Springfield
Rolling Forest,Week3,Villa Aquatic,Week2,240.0 Rolling Forest - 162.0 Villa Aquatic
Rolling Forest,Week4,Villa Aquatic,Week4,225.0 Villa Aquatic - 177.0 Rolling Forest
Rolling Forest,Week3,Fairfax,Week5,277.0 Fairfax - 125.0 Rolling Forest
Riverside Gardens,Week2,Mount Vernon Park,Week5,253.0 Mount Vernon Park - 149.0 Riverside Gardens
Rolling Forest,Week2,Hunt Valley,Week3,284.0 Hunt Valley - 118.0 Rolling Forest
Rolling Forest,Week4,Hunt Valley,Week1,259.0 Hunt Valley - 143.0 Rolling Forest
Rolling Forest,Week3,Riverside Gardens,Week5,273.0 Riverside Gardens - 129.0 Rolling Forest
Riverside Gardens,Week1,Springfield,Week2,387.0 Riverside Gardens - 15.0 Springfield
Rolling Hills,Week4,Forest Hollow,Week5,285.0 Forest Hollow - 116.0 Rolling Hills
Rolling Forest,Week3,Villa Aquatic,Week5,206.0 Rolling Forest - 196.0 Villa Aquatic
Riverside Gardens,Week1,Mount Vernon Park,Week4,202.0 Mount Vernon Park - 200.0 Riverside Gardens
Riverside Gardens,Week2,Springfield,Week1,378.0 Riverside Gardens - 19.0 Springfield
Rolling Forest,Week5,Ravensworth Farm,Week5,245.0 Ravensworth Farm - 157.0 Rolling Forest
Rolling Forest,Week3,Riverside Gardens,Week1,253.0 Riverside Gardens - 149.0 Rolling Forest
Rolling Forest,Week3,Riverside Gardens,Week2,248.0 Riverside Gardens - 154.0 Rolling Forest
Rolling Forest,Week5,Fairfax,Week2,267.0 Fairfax - 135.0 Rolling Forest
Riverside Gardens,Week3,Mount Vernon Park,Week1,221.0 Mount Vernon Park - 181.0 Riverside Gardens
Rolling Hills,Week2,Fox Hunt,Week3,255.5 Fox Hunt - 141.5 Rolling Hills
Rolling Forest,Week4,Fairfax,Week5,298.0 Fairfax - 104.0 Rolling Forest
Rolling Hills,Week1,Fox Hunt,Week4,245.0 Fox Hunt - 157.0 Rolling Hills
Riverside Gardens,Week4,Springboard,Week4,329.0 Riverside Gardens - 73.0 Springboard
Riverside Gardens,Week3,Mount Vernon Park,Week5,235.0 Mount Vernon Park - 167.0 Riverside Gardens
Riverside Gardens,Week4,Mount Vernon Park,Week3,213.0 Riverside Gardens - 189.0 Mount Vernon Park
Riverside Gardens,Week3,Springboard,Week3,325.0 Riverside Gardens - 77.0 Springboard
Rolling Hills,Week3,Forest Hollow,Week4,283.0 Forest Hollow - 119.0 Rolling Hills
Riverside Gardens,Week5,Mount Vernon Park,Week2,217.0 Riverside Gardens - 185.0 Mount Vernon Park
Riverside Gardens,Week1,Springboard,Week5,323.0 Riverside Gardens - 79.0 Springboard
Rolling Forest,Week2,Fairfax Club Estates,Week4,207.0 Rolling Forest - 195.0 Fairfax Club Estates
Rolling Forest,Week5,Riverside Gardens,Week1,258.0 Riverside Gardens - 144.0 Rolling Forest
Rolling Forest,Week5,Riverside Gardens,Week2,248.0 Riverside Gardens - 154.0 Rolling Forest
Rolling Forest,Week2,Fairfax Club Estates,Week2,215.0 Rolling Forest - 187.0 Fairfax Club Estates
Rolling Forest,Week2,Fairfax Club Estates,Week5,200.0 Rolling Forest - 196.0 Fairfax Club Estates
Riverside Gardens,Week5,Mount Vernon Park,Week4,225.0 Riverside Gardens - 177.0 Mount Vernon Park
Rolling Forest,Week5,Hunt Valley,Week4,274.0 Hunt Valley - 128.0 Rolling Forest
Rolling Hills,Week1,Fox Hunt,Week5,257.0 Fox Hunt - 145.0 Rolling Hills
Rolling Forest,Week4,Villa Aquatic,Week2,208.0 Rolling Forest - 194.0 Villa Aquatic
Rolling Forest,Week3,Hunt Valley,Week2,258.0 Hunt Valley - 144.0 Rolling Forest
Rolling Forest,Week1,Village West,Week5,244.5 Rolling Forest - 157.5 Village West
Rolling Forest,Week5,Villa Aquatic,Week4,208.0 Rolling Forest - 194.0 Villa Aquatic
Riverside Gardens,Week3,Mount Vernon Park,Week3,215.0 Mount Vernon Park - 187.0 Riverside Gardens
Rolling Forest,Week4,Riverside Gardens,Week5,287.0 Riverside Gardens - 115.0 Rolling Forest
Rolling Forest,Week2,Village West,Week2,238.0 Rolling Forest - 164.0 Village West
Rolling Forest,Week5,Villa Aquatic,Week3,206.0 Villa Aquatic - 196.0 Rolling Forest
Riverside Gardens,Week1,Springboard,Week4,312.0 Riverside Gardens - 90.0 Springboard
Riverside Gardens,Week4,Little Hunting Park,Week4,324.0 Riverside Gardens - 78.0 Little Hunting Park
Rolling Forest,Week4,Ravensworth Farm,Week4,223.0 Ravensworth Farm - 179.0 Rolling Forest
Riverside Gardens,Week1,Newington Forest,Week2,325.0 Riverside Gardens - 77.0 Newington Forest
Riverside Gardens,Week3,Springboard,Week2,352.0 Riverside Gardens - 50.0 Springboard
Rolling Forest,Week4,Ravensworth Farm,Week2,203.0 Ravensworth Farm - 199.0 Rolling Forest
Rolling Hills,Week4,Forest Hollow,Week2,249.0 Forest Hollow - 148.0 Rolling Hills
Rolling Forest,Week5,Ravensworth Farm,Week3,223.0 Ravensworth Farm - 179.0 Rolling Forest
Rolling Forest,Week3,Fairfax Club Estates,Week2,231.0 Rolling Forest - 171.0 Fairfax Club Estates
Rolling Hills,Week5,Forest Hollow,Week4,281.0 Forest Hollow - 121.0 Rolling Hills
Rolling Hills,Week5,Forest Hollow,Week5,286.0 Forest Hollow - 116.0 Rolling Hills
Rolling Forest,Week2,Fairfax Club Estates,Week1,208.0 Rolling Forest - 189.0 Fairfax Club Estates
Rolling Forest,Week4,Villa Aquatic,Week5,219.0 Villa Aquatic - 183.0 Rolling Forest
Riverside Gardens,Week2,Springboard,Week2,335.0 Riverside Gardens - 67.0 Springboard
Rolling Forest,Week2,Fairfax Club Estates,Week3,216.0 Rolling Forest - 186.0 Fairfax Club Estates
Rolling Hills,Week3,Forest Hollow,Week1,261.0 Forest Hollow - 141.0 Rolling Hills
Riverside Gardens,Week2,Springfield,Week5,386.0 Riverside Gardens - 11.0 Springfield
Riverside Gardens,Week4,Springboard,Week1,336.0 Riverside Gardens - 66.0 Springboard
Rolling Hills,Week2,Fox Hunt,Week4,242.0 Fox Hunt - 160.0 Rolling Hills
Rolling Hills,Week2,Fox Hunt,Week5,264.0 Fox Hunt - 138.0 Rolling Hills
Riverside Gardens,Week2,Newington Forest,Week3,323.0 Riverside Gardens - 79.0 Newington Forest
Rolling Forest,Week3,Fairfax Club Estates,Week5,219.0 Rolling Forest - 183.0 Fairfax Club Estates
Riverside Gardens,Week1,Newington Forest,Week5,303.0 Riverside Gardens - 99.0 Newington Forest
Rolling Forest,Week4,Riverside Gardens,Week4,289.0 Riverside Gardens - 113.0 Rolling Forest
Rolling Hills,Week2,Fox Hunt,Week1,236.0 Fox Hunt - 166.0 Rolling Hills
Rolling Forest,Week5,Riverside Gardens,Week3,258.0 Riverside Gardens - 144.0 Rolling Forest
Rolling Forest,Week3,Fairfax Club Estates,Week3,237.0 Rolling Forest - 165.0 Fairfax Club Estates
Riverside Gardens,Week2,Newington Forest,Week2,315.0 Riverside Gardens - 87.0 Newington Forest
Rolling Forest,Week4,Riverside Gardens,Week3,273.0 Riverside Gardens - 129.0 Rolling Forest
Riverside Gardens,Week2,Springboard,Week3,310.0 Riverside Gardens - 92.0 Springboard
Rolling Hills,Week3,Fox Hunt,Week2,245.5 Fox Hunt - 156.5 Rolling Hills
Rolling Forest,Week2,Villa Aquatic,Week2,203.0 Rolling Forest - 199.0 Villa Aquatic
Riverside Gardens,Week1,Newington Forest,Week3,337.0 Riverside Gardens - 65.0 Newington Forest
Rolling Forest,Week3,Fairfax Club Estates,Week1,222.0 Rolling Forest - 180.0 Fairfax Club Estates
Riverside Gardens,Week2,Springboard,Week1,308.0 Riverside Gardens - 94.0 Springboard
Riverside Gardens,Week2,Springboard,Week5,309.0 Riverside Gardens - 93.0 Springboard
Rolling Forest,Week1,Villa Aquatic,Week4,205.0 Villa Aquatic - 197.0 Rolling Forest
Riverside Gardens,Week3,Springboard,Week1,334.0 Riverside Gardens - 68.0 Springboard
Rolling Forest,Week3,Fairfax Club Estates,Week4,222.0 Rolling Forest - 180.0 Fairfax Club Estates
Rolling Forest,Week1,Rolling Forest,Week1,198.5 Rolling Forest (RF1) - 198.5 Rolling Forest (RF2)
Rolling Forest,Week3,Villa Aquatic,Week3,206.0 Villa Aquatic - 196.0 Rolling Forest
Rolling Forest,Week3,Villa Aquatic,Week1,238.0 Rolling Forest - 164.0 Villa Aquatic
Rolling Forest,Week2,Village West,Week4,216.0 Rolling Forest - 181.0 Village West
Riverside Gardens,Week3,Newington Forest,Week5,314.0 Riverside Gardens - 88.0 Newington Forest
Riverside Gardens,Week5,Springboard,Week4,322.0 Riverside Gardens - 80.0 Springboard
Riverside Gardens,Week5,Springboard,Week1,339.0 Riverside Gardens - 62.0 Springboard
Rolling Forest,Week5,Fairfax Club Estates,Week2,237.0 Rolling Forest - 165.0 Fairfax Club Estates
Riverside Gardens,Week2,Springboard,Week4,296.5 Riverside Gardens - 105.5 Springboard
Rolling Hills,Week3,Canterbury Woods,Week1,200.0 Canterbury Woods - 196.0 Rolling Hills
Rolling Hills,Week5,Canterbury Woods,Week2,214.0 Rolling Hills - 188.0 Canterbury Woods
Riverside Gardens,Week5,Springboard,Week2,344.0 Riverside Gardens - 57.0 Springboard
Rolling Forest,Week2,Rolling Forest,Week1,218.5 Rolling Forest (RF2) - 183.5 Rolling Forest (RF1)
Riverside Gardens,Week3,Newington Forest,Week1,338.0 Riverside Gardens - 64.0 Newington Forest
Rolling Forest,Week1,Village West,Week4,238.0 Rolling Forest - 159.0 Village West
Rolling Forest,Week2,Village West,Week1,239.0 Rolling Forest - 163.0 Village West
Riverside Gardens,Week3,Springboard,Week5,335.0 Riverside Gardens - 67.0 Springboard
Rolling Forest,Week5,Villa Aquatic,Week2,234.0 Rolling Forest - 168.0 Villa Aquatic
Rolling Forest,Week2,Village West,Week3,206.0 Rolling Forest - 196.0 Village West
Rolling Forest,Week2,Rolling Forest,Week5,255.5 Rolling Forest (RF2) - 146.5 Rolling Forest (RF1)
Riverside Gardens,Week3,Newington Forest,Week4,322.0 Riverside Gardens - 80.0 Newington Forest
Rolling Forest,Week4,Fairfax Club Estates,Week5,204.0 Rolling Forest - 197.0 Fairfax Club Estates
Riverside Gardens,Week2,Newington Forest,Week4,301.0 Riverside Gardens - 101.0 Newington Forest
Rolling Forest,Week1,Fairfax Station,Week1,275.0 Fairfax Station - 127.0 Rolling Forest
Rolling Forest,Week2,Fairfax Station,Week5,304.0 Fairfax Station - 98.0 Rolling Forest
Rolling Hills,Week3,Fox Hunt,Week3,256.0 Fox Hunt - 146.0 Rolling Hills
Riverside Gardens,Week5,Springboard,Week3,334.0 Riverside Gardens - 67.0 Springboard
Rolling Hills,Week3,Fox Hunt,Week5,267.0 Fox Hunt - 135.0 Rolling Hills
Rolling Forest,Week4,Villa Aquatic,Week3,215.0 Villa Aquatic - 187.0 Rolling Forest
Rolling Forest,Week2,Rolling Forest,Week4,206.0 Rolling Forest (RF2) - 196.0 Rolling Forest (RF1)
Rolling Hills,Week1,Cardinal Hill,Week5,280.0 Cardinal Hill - 121.0 Rolling Hills
Rolling Forest,Week5,Riverside Gardens,Week4,269.0 Riverside Gardens - 133.0 Rolling Forest
Rolling Forest,Week1,Rolling Forest,Week3,240.0 Rolling Forest (RF2) - 162.0 Rolling Forest (RF1)
Rolling Forest,Week2,Fairfax Station,Week4,284.0 Fairfax Station - 118.0 Rolling Forest
Riverside Gardens,Week3,Newington Forest,Week3,341.0 Riverside Gardens - 61.0 Newington Forest
Rolling Hills,Week3,Fox Hunt,Week4,248.0 Fox Hunt - 154.0 Rolling Hills
Rolling Forest,Week5,Riverside Gardens,Week5,272.0 Riverside Gardens - 130.0 Rolling Forest
Rolling Forest,Week4,Fairfax Club Estates,Week2,232.0 Rolling Forest - 170.0 Fairfax Club Estates
Riverside Gardens,Week4,Newington Forest,Week3,348.5 Riverside Gardens - 53.5 Newington Forest
Rolling Forest,Week5,Village West,Week4,250.0 Rolling Forest - 147.0 Village West
Rolling Forest,Week3,Rolling Forest,Week2,251.0 Rolling Forest (RF1) - 151.0 Rolling Forest (RF2)
Rolling Hills,Week2,Cardinal Hill,Week5,279.0 Cardinal Hill - 123.0 Rolling Hills
Rolling Forest,Week3,Village West,Week1,264.0 Rolling Forest - 138.0 Village West
Rolling Forest,Week2,Little Rocky Run,Week2,288.0 Little Rocky Run - 114.0 Rolling Forest
Rolling Forest,Week3,Village West,Week2,258.0 Rolling Forest - 144.0 Village West
Rolling Forest,Week3,Rolling Forest,Week1,240.0 Rolling Forest (RF1) - 162.0 Rolling Forest (RF2)
Riverside Gardens,Week5,Newington Forest,Week3,339.0 Riverside Gardens - 63.0 Newington Forest
Rolling Hills,Week2,Canterbury Woods,Week1,201.0 Canterbury Woods - 200.0 Rolling Hills
Riverside Gardens,Week4,Newington Forest,Week5,327.0 Riverside Gardens - 75.0 Newington Forest
Rolling Hills,Week2,Cardinal Hill,Week3,295.0 Cardinal Hill - 107.0 Rolling Hills
Rolling Forest,Week3,Fairfax Station,Week1,252.0 Fairfax Station - 150.0 Rolling Forest
Riverside Gardens,Week5,Newington Forest,Week1,336.0 Riverside Gardens - 65.0 Newington Forest
Rolling Forest,Week3,Fairfax Station,Week2,254.0 Fairfax Station - 148.0 Rolling Forest
Riverside Gardens,Week3,Springboard,Week4,326.0 Riverside Gardens - 76.0 Springboard
Rolling Forest,Week4,Little Rocky Run,Week5,312.0 Little Rocky Run - 90.0 Rolling Forest
Rolling Hills,Week2,Canterbury Woods,Week5,203.5 Rolling Hills - 197.5 Canterbury Woods
Rolling Forest,Week2,Rolling Forest,Week3,251.0 Rolling Forest (RF2) - 151.0 Rolling Forest (RF1)
Rolling Forest,Week5,Fairfax Club Estates,Week5,227.0 Rolling Forest - 174.0 Fairfax Club Estates
Rolling Forest,Week2,Fairfax Station,Week1,286.0 Fairfax Station - 116.0 Rolling Forest
Rolling Forest,Week3,Rolling Forest,Week3,201.0 Rolling Forest (RF1) - 201.0 Rolling Forest (RF2)
Rolling Forest,Week1,Long Branch,Week4,236.0 Rolling Forest - 166.0 Long Branch
Rolling Forest,Week3,Fairfax Station,Week3,277.0 Fairfax Station - 125.0 Rolling Forest
Rolling Forest,Week2,Little Rocky Run,Week4,299.0 Little Rocky Run - 103.0 Rolling Forest
Rolling Hills,Week3,Cardinal Hill,Week2,272.0 Cardinal Hill - 125.0 Rolling Hills
Riverside Gardens,Week5,Springboard,Week5,321.0 Riverside Gardens - 80.0 Springboard
Rolling Forest,Week4,Little Rocky Run,Week3,308.0 Little Rocky Run - 94.0 Rolling Forest
Rolling Forest,Week1,Rolling Forest,Week4,207.0 Rolling Forest (RF2) - 195.0 Rolling Forest (RF1)
Rolling Forest,Week3,Village West,Week3,244.0 Rolling Forest - 158.0 Village West
Riverside Gardens,Week1,Springfield,Week1,386.0 Riverside Gardens - 16.0 Springfield
Riverside Gardens,Week4,Springboard,Week5,327.0 Riverside Gardens - 75.0 Springboard
Rolling Forest,Week3,Long Branch,Week1,246.0 Rolling Forest - 156.0 Long Branch
Riverside Gardens,Week5,Newington Forest,Week2,337.0 Riverside Gardens - 64.0 Newington Forest
Rolling Forest,Week3,Rolling Forest,Week4,244.0 Rolling Forest (RF1) - 158.0 Rolling Forest (RF2)
Rolling Forest,Week3,Virginia Hills,Week2,347.0 Rolling Forest - 55.0 Virginia Hills
Riverside Gardens,Week4,Newington Forest,Week4,335.5 Riverside Gardens - 66.5 Newington Forest
Rolling Hills,Week2,Canterbury Woods,Week4,220.0 Canterbury Woods - 182.0 Rolling Hills
Rolling Forest,Week4,Virginia Hills,Week1,339.0 Rolling Forest - 63.0 Virginia Hills
Riverside Gardens,Week4,Springboard,Week3,331.0 Riverside Gardens - 71.0 Springboard
Rolling Forest,Week2,Rolling Forest,Week2,198.5 Rolling Forest (RF1) - 198.5 Rolling Forest (RF2)
Riverside Gardens,Week3,Tuckahoe,Week5,295.0 Tuckahoe - 107.0 Riverside Gardens
Rolling Forest,Week4,Little Rocky Run,Week1,292.0 Little Rocky Run - 110.0 Rolling Forest
Rolling Forest,Week4,Virginia Hills,Week3,344.5 Rolling Forest - 57.5 Virginia Hills
Riverside Gardens,Week5,Newington Forest,Week4,326.0 Riverside Gardens - 76.0 Newington Forest
Riverside Gardens,Week1,Springfield,Week5,392.0 Riverside Gardens - 10.0 Springfield
Rolling Forest,Week3,Rolling Forest,Week5,218.0 Rolling Forest (RF1) - 184.0 Rolling Forest (RF2)
Rolling Forest,Week5,Village West,Week3,249.0 Rolling Forest - 153.0 Village West
Rolling Forest,Week4,Little Rocky Run,Week2,285.0 Little Rocky Run - 117.0 Rolling Forest
Rolling Hills,Week4,Canterbury Woods,Week1,205.0 Canterbury Woods - 195.0 Rolling Hills
Rolling Forest,Week3,Fairfax Station,Week4,259.0 Fairfax Station - 143.0 Rolling Forest
Rolling Forest,Week5,Fairfax Club Estates,Week1,228.0 Rolling Forest - 174.0 Fairfax Club Estates
Riverside Gardens,Week1,Vienna Aquatic,Week4,248.0 Vienna Aquatic - 154.0 Riverside Gardens
Riverside Gardens,Week5,Newington Forest,Week5,318.0 Riverside Gardens - 84.0 Newington Forest
Riverside Gardens,Week1,Springfield,Week3,383.0 Riverside Gardens - 19.0 Springfield
Rolling Hills,Week3,Canterbury Woods,Week2,207.0 Rolling Hills - 195.0 Canterbury Woods
Riverside Gardens,Week1,North Springfield,Week2,328.0 Riverside Gardens - 60.0 North Springfield
Rolling Forest,Week1,Fairfax Station,Week5,298.5 Fairfax Station - 103.5 Rolling Forest
Rolling Hills,Week3,Canterbury Woods,Week4,223.0 Canterbury Woods - 179.0 Rolling Hills
Riverside Gardens,Week2,Vienna Aquatic,Week3,262.0 Vienna Aquatic - 140.0 Riverside Gardens
Rolling Forest,Week1,Fairfax Station,Week4,281.0 Fairfax Station - 121.0 Rolling Forest
Rolling Forest,Week3,Little Rocky Run,Week3,279.0 Little Rocky Run - 123.0 Rolling Forest
Riverside Gardens,Week2,Springfield,Week2,378.0 Riverside Gardens - 22.0 Springfield
Rolling Forest,Week3,Village West,Week4,252.0 Rolling Forest - 145.0 Village West
Rolling Forest,Week4,Rolling Forest,Week1,207.0 Rolling Forest (RF1) - 195.0 Rolling Forest (RF2)
Rolling Forest,Week4,Little Rocky Run,Week4,304.0 Little Rocky Run - 98.0 Rolling Forest
Riverside Gardens,Week5,Springfield,Week2,384.0 Riverside Gardens - 16.0 Springfield
Riverside Gardens,Week1,North Springfield,Week5,294.0 Riverside Gardens - 80.0 North Springfield
Rolling Forest,Week4,Rolling Forest,Week3,244.0 Rolling Forest (RF2) - 158.0 Rolling Forest (RF1)
Rolling Forest,Week1,Fairfax Station,Week2,275.0 Fairfax Station - 127.0 Rolling Forest
Riverside Gardens,Week2,Springfield,Week3,375.0 Riverside Gardens - 26.0 Springfield
Rolling Forest,Week5,Little Rocky Run,Week3,289.0 Little Rocky Run - 113.0 Rolling Forest
Riverside Gardens,Week2,Springfield,Week4,375.0 Riverside Gardens - 27.0 Springfield
Riverside Gardens,Week2,North Springfield,Week1,304.0 Riverside Gardens - 47.0 North Springfield
Riverside Gardens,Week1,North Springfield,Week3,334.0 Riverside Gardens - 63.0 North Springfield
Rolling Hills,Week4,Canterbury Woods,Week3,225.0 Canterbury Woods - 171.0 Rolling Hills
Rolling Forest,Week3,Little Rocky Run,Week1,266.0 Little Rocky Run - 136.0 Rolling Forest
Rolling Forest,Week4,Village West,Week3,229.0 Rolling Forest - 173.0 Village West
Rolling Forest,Week1,Rolling Forest,Week5,227.0 Rolling Forest (RF2) - 175.0 Rolling Forest (RF1)
Riverside Gardens,Week4,Tuckahoe,Week2,281.0 Tuckahoe - 121.0 Riverside Gardens
Rolling Forest,Week4,Fairfax Club Estates,Week4,214.5 Rolling Forest - 187.5 Fairfax Club Estates
Riverside Gardens,Week5,Tuckahoe,Week4,327.0 Tuckahoe - 75.0 Riverside Gardens
Rolling Forest,Week5,Village West,Week2,269.0 Rolling Forest - 133.0 Village West
Riverside Gardens,Week4,Springfield,Week3,381.0 Riverside Gardens - 20.0 Springfield
Rolling Hills,Week5,Canterbury Woods,Week1,211.0 Rolling Hills - 191.0 Canterbury Woods
Rolling Forest,Week5,Little Rocky Run,Week1,273.0 Little Rocky Run - 129.0 Rolling Forest
Rolling Forest,Week5,Village West,Week1,270.0 Rolling Forest - 132.0 Village West
Rolling Forest,Week4,Village West,Week5,248.5 Rolling Forest - 153.5 Village West
Rolling Hills,Week4,Canterbury Woods,Week4,228.0 Canterbury Woods - 173.0 Rolling Hills
Riverside Gardens,Week1,North Springfield,Week4,340.0 Riverside Gardens - 52.0 North Springfield
Riverside Gardens,Week2,Tuckahoe,Week1,298.0 Tuckahoe - 104.0 Riverside Gardens
Rolling Forest,Week3,Village West,Week5,251.0 Rolling Forest - 151.0 Village West
Riverside Gardens,Week4,Tuckahoe,Week5,294.0 Tuckahoe - 108.0 Riverside Gardens
Rolling Forest,Week2,Little Rocky Run,Week1,287.0 Little Rocky Run - 115.0 Rolling Forest
Riverside Gardens,Week3,Stratford,Week2,319.0 Riverside Gardens - 83.0 Stratford
Rolling Forest,Week5,Fairfax Club Estates,Week4,227.0 Rolling Forest - 175.0 Fairfax Club Estates
Rolling Forest,Week4,Rolling Forest,Week2,206.0 Rolling Forest (RF1) - 196.0 Rolling Forest (RF2)
Rolling Hills,Week3,Canterbury Woods,Week5,202.0 Canterbury Woods - 194.0 Rolling Hills
Riverside Gardens,Week3,Tuckahoe,Week2,287.0 Tuckahoe - 115.0 Riverside Gardens
Rolling Hills,Week4,Canterbury Woods,Week2,200.0 Canterbury Woods - 198.0 Rolling Hills
Rolling Forest,Week5,Fairfax Club Estates,Week3,242.0 Rolling Forest - 160.0 Fairfax Club Estates
Rolling Hills,Week5,Canterbury Woods,Week3,220.0 Canterbury Woods - 182.0 Rolling Hills
Rolling Forest,Week5,Village West,Week5,255.0 Rolling Forest - 147.0 Village West
Riverside Gardens,Week1,Vienna Aquatic,Week2,239.0 Vienna Aquatic - 163.0 Riverside Gardens
Riverside Gardens,Week5,Springfield,Week3,382.0 Riverside Gardens - 18.0 Springfield
Riverside Gardens,Week3,Stratford,Week4,289.0 Riverside Gardens - 113.0 Stratford
Riverside Gardens,Week2,Stratford,Week2,299.0 Riverside Gardens - 103.0 Stratford
Rolling Forest,Week4,Village West,Week2,258.0 Rolling Forest - 144.0 Village West
Rolling Hills,Week2,Canterbury Woods,Week2,213.0 Rolling Hills - 189.0 Canterbury Woods
Riverside Gardens,Week1,Stratford,Week3,297.0 Riverside Gardens - 105.0 Stratford
Rolling Forest,Week3,Daventry,Week2,298.0 Rolling Forest - 104.0 Daventry
Riverside Gardens,Week5,Tuckahoe,Week5,305.0 Tuckahoe - 97.0 Riverside Gardens
Rolling Forest,Week1,Little Rocky Run,Week5,303.0 Little Rocky Run - 99.0 Rolling Forest
Rolling Hills,Week5,Canterbury Woods,Week4,221.0 Canterbury Woods - 181.0 Rolling Hills
Riverside Gardens,Week1,Tuckahoe,Week5,314.0 Tuckahoe - 88.0 Riverside Gardens
Rolling Forest,Week2,Fairfax Station,Week2,280.0 Fairfax Station - 122.0 Rolling Forest
Rolling Hills,Week4,Canterbury Woods,Week5,210.5 Canterbury Woods - 182.5 Rolling Hills
Rolling Forest,Week3,Little Rocky Run,Week2,260.0 Little Rocky Run - 142.0 Rolling Forest
Rolling Forest,Week5,Little Rocky Run,Week4,278.0 Little Rocky Run - 124.0 Rolling Forest
Riverside Gardens,Week3,Springfield,Week4,383.0 Riverside Gardens - 19.0 Springfield
Rolling Forest,Week5,Little Rocky Run,Week5,302.0 Little Rocky Run - 100.0 Rolling Forest
Rolling Forest,Week5,Little Rocky Run,Week2,269.0 Little Rocky Run - 133.0 Rolling Forest
Rolling Forest,Week1,Virginia Hills,Week1,327.0 Rolling Forest - 75.0 Virginia Hills
Rolling Forest,Week4,Fairfax Club Estates,Week3,221.0 Rolling Forest - 181.0 Fairfax Club Estates
Rolling Forest,Week2,Fairfax Station,Week3,296.0 Fairfax Station - 106.0 Rolling Forest
Rolling Forest,Week4,Village West,Week1,267.0 Rolling Forest - 135.0 Village West
Riverside Gardens,Week4,Springfield,Week5,391.0 Riverside Gardens - 9.0 Springfield
Riverside Gardens,Week1,Vienna Aquatic,Week3,257.0 Vienna Aquatic - 145.0 Riverside Gardens
Rolling Hills,Week5,Canterbury Woods,Week5,201.0 Rolling Hills - 200.0 Canterbury Woods
Rolling Forest,Week1,Dominion Hills,Week1,206.0 Rolling Forest - 196.0 Dominion Hills
Riverside Gardens,Week1,Stratford,Week1,306.0 Riverside Gardens - 96.0 Stratford
Riverside Gardens,Week2,Tuckahoe,Week5,305.0 Tuckahoe - 97.0 Riverside Gardens
Riverside Gardens,Week3,Tuckahoe,Week4,309.0 Tuckahoe - 93.0 Riverside Gardens
Rolling Forest,Week5,Crosspointe,Week5,284.0 Crosspointe - 118.0 Rolling Forest
Riverside Gardens,Week1,Vienna Aquatic,Week1,246.0 Vienna Aquatic - 156.0 Riverside Gardens
Rolling Forest,Week2,Virginia Hills,Week2,339.0 Rolling Forest - 63.0 Virginia Hills
Rolling Forest,Week1,Fairfax Station,Week3,287.0 Fairfax Station - 115.0 Rolling Forest
Rolling Forest,Week1,Long Branch,Week1,241.0 Rolling Forest - 156.0 Long Branch
Rolling Hills,Week1,Cardinal Hill,Week1,291.0 Cardinal Hill - 111.0 Rolling Hills
Rolling Forest,Week1,Virginia Hills,Week4,342.0 Rolling Forest - 60.0 Virginia Hills
Riverside Gardens,Week3,Stratford,Week5,310.0 Riverside Gardens - 92.0 Stratford
Rolling Hills,Week1,Holmes Run Acres,Week5,281.0 Holmes Run Acres - 121.0 Rolling Hills
Riverside Gardens,Week4,Tuckahoe,Week3,306.0 Tuckahoe - 96.0 Riverside Gardens
Riverside Gardens,Week3,Springfield,Week5,396.0 Riverside Gardens - 6.0 Springfield
Rolling Forest,Week2,Virginia Hills,Week4,329.0 Rolling Forest - 73.0 Virginia Hills
Rolling Forest,Week2,Virginia Hills,Week1,325.0 Rolling Forest - 77.0 Virginia Hills
Rolling Hills,Week1,Cardinal Hill,Week3,306.0 Cardinal Hill - 96.0 Rolling Hills
Rolling Hills,Week1,Cardinal Hill,Week2,284.5 Cardinal Hill - 117.5 Rolling Hills
Rolling Forest,Week1,Long Branch,Week2,235.0 Rolling Forest - 167.0 Long Branch
Riverside Gardens,Week2,Tuckahoe,Week2,307.0 Tuckahoe - 95.0 Riverside Gardens
Rolling Forest,Week5,Daventry,Week5,277.0 Rolling Forest - 125.0 Daventry
Riverside Gardens,Week5,Springfield,Week1,387.0 Riverside Gardens - 14.0 Springfield
Rolling Forest,Week2,Daventry,Week2,270.0 Rolling Forest - 131.0 Daventry
Rolling Forest,Week1,Long Branch,Week5,225.0 Rolling Forest - 177.0 Long Branch
Rolling Forest,Week1,Daventry,Week2,283.0 Rolling Forest - 118.0 Daventry
Rolling Hills,Week3,Canterbury Woods,Week3,216.0 Canterbury Woods - 186.0 Rolling Hills
Rolling Forest,Week1,Virginia Hills,Week3,330.0 Rolling Forest - 72.0 Virginia Hills
Rolling Forest,Week2,Virginia Hills,Week5,298.0 Rolling Forest - 104.0 Virginia Hills
Riverside Gardens,Week4,Tuckahoe,Week1,282.0 Tuckahoe - 120.0 Riverside Gardens
Rolling Forest,Week1,Daventry,Week3,280.0 Rolling Forest - 122.0 Daventry
Rolling Forest,Week3,Little Rocky Run,Week4,268.0 Little Rocky Run - 134.0 Rolling Forest
Rolling Hills,Week1,Holmes Run Acres,Week2,236.0 Holmes Run Acres - 166.0 Rolling Hills
Rolling Hills,Week3,Hollin Meadows,Week1,252.0 Hollin Meadows - 150.0 Rolling Hills
Rolling Hills,Week2,Canterbury Woods,Week3,206.0 Canterbury Woods - 196.0 Rolling Hills
Rolling Forest,Week1,Long Branch,Week3,232.0 Rolling Forest - 170.0 Long Branch
Rolling Forest,Week1,Virginia Hills,Week5,318.0 Rolling Forest - 84.0 Virginia Hills
Rolling Forest,Week2,Long Branch,Week2,217.0 Rolling Forest - 185.0 Long Branch
Rolling Forest,Week3,Daventry,Week4,314.0 Rolling Forest - 88.0 Daventry
Rolling Forest,Week2,Daventry,Week3,270.0 Rolling Forest - 132.0 Daventry
Rolling Forest,Week3,Virginia Hills,Week4,349.0 Rolling Forest - 53.0 Virginia Hills
Riverside Gardens,Week1,Vienna Aquatic,Week5,283.0 Vienna Aquatic - 119.0 Riverside Gardens
Riverside Gardens,Week4,Tuckahoe,Week4,298.0 Tuckahoe - 104.0 Riverside Gardens
Riverside Gardens,Week2,Stratford,Week1,300.0 Riverside Gardens - 102.0 Stratford
Riverside Gardens,Week5,Tuckahoe,Week1,290.0 Tuckahoe - 112.0 Riverside Gardens
Riverside Gardens,Week5,Tuckahoe,Week3,321.0 Tuckahoe - 81.0 Riverside Gardens
Riverside Gardens,Week2,Stratford,Week3,295.0 Riverside Gardens - 107.0 Stratford
Riverside Gardens,Week3,Tuckahoe,Week1,281.0 Tuckahoe - 121.0 Riverside Gardens
Rolling Forest,Week1,Virginia Hills,Week2,339.5 Rolling Forest - 62.5 Virginia Hills
Rolling Forest,Week2,Daventry,Week4,273.0 Rolling Forest - 129.0 Daventry
Rolling Hills,Week2,Cardinal Hill,Week2,273.5 Cardinal Hill - 128.5 Rolling Hills
Rolling Hills,Week2,Hollin Meadows,Week2,215.5 Hollin Meadows - 186.5 Rolling Hills
Riverside Gardens,Week3,Springfield,Week3,382.0 Riverside Gardens - 20.0 Springfield
Rolling Hills,Week2,Cardinal Hill,Week4,288.0 Cardinal Hill - 114.0 Rolling Hills
Rolling Forest,Week3,Daventry,Week5,278.0 Rolling Forest - 124.0 Daventry
Rolling Forest,Week2,Long Branch,Week1,232.0 Rolling Forest - 170.0 Long Branch
Rolling Forest,Week3,Little Rocky Run,Week5,290.0 Little Rocky Run - 112.0 Rolling Forest
Rolling Forest,Week2,Little Rocky Run,Week5,300.5 Little Rocky Run - 101.5 Rolling Forest
Riverside Gardens,Week4,Springfield,Week2,387.0 Riverside Gardens - 15.0 Springfield
Rolling Forest,Week3,Daventry,Week1,297.0 Rolling Forest - 105.0 Daventry
Rolling Hills,Week2,Hollin Meadows,Week5,252.0 Hollin Meadows - 150.0 Rolling Hills
Rolling Hills,Week1,Hollin Meadows,Week3,239.0 Hollin Meadows - 163.0 Rolling Hills
Rolling Forest,Week3,Virginia Hills,Week1,343.0 Rolling Forest - 59.0 Virginia Hills
Rolling Forest,Week3,Virginia Hills,Week3,351.0 Rolling Forest - 51.0 Virginia Hills
Rolling Hills,Week2,Cardinal Hill,Week1,289.0 Cardinal Hill - 113.0 Rolling Hills
Rolling Hills,Week3,Hollin Meadows,Week4,235.0 Hollin Meadows - 167.0 Rolling Hills
Rolling Hills,Week1,Holmes Run Acres,Week3,267.0 Holmes Run Acres - 135.0 Rolling Hills
Riverside Gardens,Week5,Springfield,Week4,382.0 Riverside Gardens - 19.0 Springfield
Rolling Hills,Week1,Cardinal Hill,Week4,294.0 Cardinal Hill - 108.0 Rolling Hills
Rolling Hills,Week1,Hollin Meadows,Week4,239.0 Hollin Meadows - 163.0 Rolling Hills
Rolling Hills,Week3,Cardinal Hill,Week1,294.0 Cardinal Hill - 108.0 Rolling Hills
Rolling Forest,Week2,Little Rocky Run,Week3,303.0 Little Rocky Run - 99.0 Rolling Forest
Rolling Forest,Week2,Virginia Hills,Week3,330.0 Rolling Forest - 72.0 Virginia Hills
Riverside Gardens,Week2,Tuckahoe,Week4,319.0 Tuckahoe - 83.0 Riverside Gardens
Rolling Forest,Week4,Virginia Run,Week3,234.0 Virginia Run - 168.0 Rolling Forest
Riverside Gardens,Week5,Tuckahoe,Week2,290.0 Tuckahoe - 112.0 Riverside Gardens
Rolling Hills,Week3,Cardinal Hill,Week5,276.0 Cardinal Hill - 126.0 Rolling Hills
Riverside Gardens,Week1,Stratford,Week5,282.0 Riverside Gardens - 120.0 Stratford
Riverside Gardens,Week4,Springfield,Week4,384.0 Riverside Gardens - 18.0 Springfield
Rolling Forest,Week3,Daventry,Week3,296.0 Rolling Forest - 106.0 Daventry
Rolling Forest,Week3,Virginia Hills,Week5,317.0 Rolling Forest - 85.0 Virginia Hills
Rolling Hills,Week3,Hollin Meadows,Week2,213.0 Hollin Meadows - 189.0 Rolling Hills
Rolling Forest,Week4,Village West,Week4,259.0 Rolling Forest - 138.0 Village West
Rolling Hills,Week3,Chesterbrook,Week2,384.0 Chesterbrook - 18.0 Rolling Hills
Rolling Forest,Week4,Virginia Hills,Week2,350.0 Rolling Forest - 52.0 Virginia Hills
Rolling Forest,Week5,Long Branch,Week3,245.0 Rolling Forest - 157.0 Long Branch
Rolling Forest,Week4,Daventry,Week4,294.0 Rolling Forest - 108.0 Daventry
Rolling Forest,Week3,Mansion House,Week4,201.0 Mansion House - 201.0 Rolling Forest
Rolling Forest,Week5,Long Branch,Week2,243.0 Rolling Forest - 159.0 Long Branch
Rolling Hills,Week4,Hollin Meadows,Week3,244.0 Hollin Meadows - 157.0 Rolling Hills
Rolling Forest,Week4,Daventry,Week3,286.0 Rolling Forest - 116.0 Daventry
Rolling Hills,Week4,Hollin Meadows,Week4,248.5 Hollin Meadows - 153.5 Rolling Hills
Rolling Hills,Week4,Chesterbrook,Week2,373.0 Chesterbrook - 29.0 Rolling Hills
Rolling Hills,Week5,Hollin Meadows,Week1,261.0 Hollin Meadows - 141.0 Rolling Hills
Rolling Forest,Week2,Long Branch,Week3,229.0 Rolling Forest - 173.0 Long Branch
Rolling Hills,Week4,Cardinal Hill,Week1,292.0 Cardinal Hill - 110.0 Rolling Hills
Riverside Gardens,Week2,Vienna Aquatic,Week1,254.0 Vienna Aquatic - 148.0 Riverside Gardens
Rolling Hills,Week3,Cardinal Hill,Week4,278.0 Cardinal Hill - 124.0 Rolling Hills
Rolling Forest,Week2,Daventry,Week5,259.0 Rolling Forest - 138.0 Daventry
Riverside Gardens,Week3,Stratford,Week1,316.0 Riverside Gardens - 86.0 Stratford
Riverside Gardens,Week2,Stratford,Week4,276.0 Riverside Gardens - 126.0 Stratford
Riverside Gardens,Week2,Tuckahoe,Week3,316.0 Tuckahoe - 86.0 Riverside Gardens
Rolling Hills,Week3,Chesterbrook,Week5,380.0 Chesterbrook - 22.0 Rolling Hills
Riverside Gardens,Week3,Tuckahoe,Week3,306.0 Tuckahoe - 96.0 Riverside Gardens
Rolling Forest,Week4,Daventry,Week1,294.0 Rolling Forest - 108.0 Daventry
Riverside Gardens,Week1,Stratford,Week4,286.0 Riverside Gardens - 116.0 Stratford
Rolling Forest,Week2,Long Branch,Week4,222.0 Rolling Forest - 180.0 Long Branch
Rolling Forest,Week2,Long Branch,Week5,202.0 Rolling Forest - 200.0 Long Branch
Rolling Hills,Week4,Hollin Meadows,Week5,268.0 Hollin Meadows - 134.0 Rolling Hills
Riverside Gardens,Week2,Vienna Aquatic,Week2,247.0 Vienna Aquatic - 155.0 Riverside Gardens
Riverside Gardens,Week5,Springfield,Week5,386.0 Riverside Gardens - 15.0 Springfield
Rolling Hills,Week3,Cardinal Hill,Week3,302.0 Cardinal Hill - 100.0 Rolling Hills
Rolling Forest,Week5,Long Branch,Week1,241.0 Rolling Forest - 161.0 Long Branch
Rolling Forest,Week3,Virginia Run,Week1,228.0 Virginia Run - 174.0 Rolling Forest
Rolling Forest,Week2,Daventry,Week1,282.0 Rolling Forest - 120.0 Daventry
Riverside Gardens,Week3,Springfield,Week1,387.0 Riverside Gardens - 15.0 Springfield
Riverside Gardens,Week3,Vienna Woods,Week2,254.0 Vienna Woods - 148.0 Riverside Gardens
Rolling Forest,Week1,Daventry,Week4,288.0 Rolling Forest - 114.0 Daventry
Rolling Hills,Week2,Chesterbrook,Week3,375.0 Chesterbrook - 27.0 Rolling Hills
Rolling Forest,Week5,Virginia Run,Week2,207.0 Virginia Run - 195.0 Rolling Forest
Rolling Hills,Week3,Hollin Meadows,Week3,230.0 Hollin Meadows - 172.0 Rolling Hills
Rolling Forest,Week1,Virginia Run,Week2,222.0 Virginia Run - 175.0 Rolling Forest
Rolling Hills,Week2,Hollin Meadows,Week4,242.0 Hollin Meadows - 160.0 Rolling Hills
Rolling Hills,Week4,Hollin Meadows,Week1,266.0 Hollin Meadows - 135.0 Rolling Hills
Riverside Gardens,Week3,Springfield,Week2,386.0 Riverside Gardens - 16.0 Springfield
Rolling Forest,Week1,Virginia Run,Week3,223.0 Virginia Run - 179.0 Rolling Forest
Riverside Gardens,Week4,Springfield,Week1,387.0 Riverside Gardens - 14.0 Springfield
Rolling Forest,Week4,Long Branch,Week3,239.0 Rolling Forest - 163.0 Long Branch
Riverside Gardens,Week4,Vienna Aquatic,Week3,243.0 Vienna Aquatic - 159.0 Riverside Gardens
Riverside Gardens,Week2,Stratford,Week5,282.0 Riverside Gardens - 120.0 Stratford
Rolling Forest,Week5,Daventry,Week2,295.0 Rolling Forest - 106.0 Daventry
Rolling Hills,Week5,Hollin Meadows,Week2,240.0 Hollin Meadows - 162.0 Rolling Hills
Rolling Forest,Week4,Long Branch,Week4,235.0 Rolling Forest - 167.0 Long Branch
Rolling Hills,Week3,Chesterbrook,Week3,386.0 Chesterbrook - 16.0 Rolling Hills
Rolling Forest,Week5,Daventry,Week1,300.0 Rolling Forest - 102.0 Daventry
Riverside Gardens,Week2,Vienna Woods,Week4,261.0 Vienna Woods - 141.0 Riverside Gardens
Rolling Forest,Week4,Mansion House,Week3,246.0 Mansion House - 156.0 Rolling Forest
Riverside Gardens,Week5,Vienna Aquatic,Week1,224.5 Vienna Aquatic - 177.5 Riverside Gardens
Rolling Hills,Week5,Hollin Meadows,Week4,249.0 Hollin Meadows - 153.0 Rolling Hills
Rolling Hills,Week4,Hollin Meadows,Week2,223.0 Hollin Meadows - 179.0 Rolling Hills
Rolling Forest,Week3,Long Branch,Week2,239.0 Rolling Forest - 163.0 Long Branch
Rolling Hills,Week5,Cardinal Hill,Week3,307.0 Cardinal Hill - 95.0 Rolling Hills
Riverside Gardens,Week2,Vienna Aquatic,Week5,286.0 Vienna Aquatic - 116.0 Riverside Gardens
Riverside Gardens,Week4,Stratford,Week2,319.0 Riverside Gardens - 83.0 Stratford
Rolling Hills,Week1,Chesterbrook,Week5,367.0 Chesterbrook - 35.0 Rolling Hills
Rolling Forest,Week4,Daventry,Week5,265.0 Rolling Forest - 137.0 Daventry
Rolling Forest,Week1,Mansion House,Week4,217.0 Mansion House - 185.0 Rolling Forest
Rolling Forest,Week1,Virginia Run,Week1,233.0 Virginia Run - 169.0 Rolling Forest
Rolling Forest,Week2,Virginia Run,Week4,246.0 Virginia Run - 156.0 Rolling Forest
Rolling Hills,Week5,Cardinal Hill,Week5,282.0 Cardinal Hill - 120.0 Rolling Hills
Riverside Gardens,Week4,Vienna Aquatic,Week2,220.0 Vienna Aquatic - 182.0 Riverside Gardens
Riverside Gardens,Week3,Stratford,Week3,322.0 Riverside Gardens - 80.0 Stratford
Riverside Gardens,Week3,Vienna Aquatic,Week1,235.0 Vienna Aquatic - 167.0 Riverside Gardens
Rolling Hills,Week2,Hollin Meadows,Week1,232.0 Hollin Meadows - 170.0 Rolling Hills
Rolling Forest,Week3,Long Branch,Week3,247.0 Rolling Forest - 155.0 Long Branch
Rolling Hills,Week2,Hollin Meadows,Week3,241.0 Hollin Meadows - 161.0 Rolling Hills
Rolling Forest,Week5,Daventry,Week3,287.0 Rolling Forest - 115.0 Daventry
Rolling Forest,Week2,Virginia Run,Week1,246.0 Virginia Run - 156.0 Rolling Forest
Rolling Forest,Week5,Dominion Hills,Week3,216.0 Rolling Forest - 186.0 Dominion Hills
Rolling Hills,Week5,Cardinal Hill,Week2,275.0 Cardinal Hill - 127.0 Rolling Hills
Riverside Gardens,Week3,Vienna Woods,Week1,258.5 Vienna Woods - 143.5 Riverside Gardens
Riverside Gardens,Week1,Stratford,Week2,312.0 Riverside Gardens - 90.0 Stratford
Riverside Gardens,Week3,Vienna Aquatic,Week4,237.0 Vienna Aquatic - 165.0 Riverside Gardens
Rolling Forest,Week2,Virginia Run,Week5,255.0 Virginia Run - 147.0 Rolling Forest
Rolling Forest,Week5,Daventry,Week4,298.0 Rolling Forest - 104.0 Daventry
Riverside Gardens,Week4,Stratford,Week1,327.0 Riverside Gardens - 75.0 Stratford
Rolling Forest,Week5,Virginia Run,Week5,225.0 Virginia Run - 177.0 Rolling Forest
Riverside Gardens,Week5,Stratford,Week4,290.0 Riverside Gardens - 112.0 Stratford
Rolling Hills,Week5,Hollin Meadows,Week3,259.0 Hollin Meadows - 143.0 Rolling Hills
Rolling Forest,Week1,Daventry,Week1,292.0 Rolling Forest - 110.0 Daventry
Rolling Hills,Week2,Chesterbrook,Week1,358.0 Chesterbrook - 39.0 Rolling Hills
Rolling Forest,Week4,Long Branch,Week5,210.0 Rolling Forest - 192.0 Long Branch
Riverside Gardens,Week4,Sully Station,Week3,213.0 Riverside Gardens - 189.0 Sully Station
Riverside Gardens,Week1,Vienna Woods,Week3,270.0 Vienna Woods - 132.0 Riverside Gardens
Riverside Gardens,Week5,Mantua,Week3,205.0 Riverside Gardens - 197.0 Mantua
Riverside Gardens,Week3,Sully Station,Week5,223.0 Sully Station - 179.0 Riverside Gardens
Rolling Hills,Week1,Chesterbrook,Week1,359.0 Chesterbrook - 43.0 Rolling Hills
Riverside Gardens,Week4,Vienna Aquatic,Week4,237.0 Vienna Aquatic - 165.0 Riverside Gardens
Rolling Forest,Week4,Dominion Hills,Week4,239.0 Dominion Hills - 163.0 Rolling Forest
Riverside Gardens,Week1,Vienna Woods,Week2,264.0 Vienna Woods - 138.0 Riverside Gardens
Rolling Forest,Week5,Virginia Hills,Week3,341.0 Rolling Forest - 61.0 Virginia Hills
Rolling Forest,Week4,Daventry,Week2,288.0 Rolling Forest - 113.0 Daventry
Rolling Forest,Week3,Virginia Run,Week2,211.0 Virginia Run - 191.0 Rolling Forest
Rolling Forest,Week3,Virginia Run,Week4,225.0 Virginia Run - 177.0 Rolling Forest
Rolling Hills,Week5,Cardinal Hill,Week4,290.0 Cardinal Hill - 112.0 Rolling Hills
Rolling Forest,Week3,Long Branch,Week4,244.0 Rolling Forest - 158.0 Long Branch
Rolling Hills,Week1,Hollin Meadows,Week5,260.0 Hollin Meadows - 142.0 Rolling Hills
Rolling Forest,Week4,Long Branch,Week2,228.0 Rolling Forest - 174.0 Long Branch
Rolling Hills,Week1,Chesterbrook,Week3,377.0 Chesterbrook - 25.0 Rolling Hills
Rolling Hills,Week1,Chesterbrook,Week4,367.0 Chesterbrook - 35.0 Rolling Hills
Rolling Hills,Week1,Holmes Run Acres,Week1,238.0 Holmes Run Acres - 163.0 Rolling Hills
Riverside Gardens,Week5,Mantua,Week1,233.0 Riverside Gardens - 169.0 Mantua
Rolling Hills,Week5,Cardinal Hill,Week1,298.0 Cardinal Hill - 104.0 Rolling Hills
Rolling Forest,Week1,Mansion House,Week5,238.0 Mansion House - 164.0 Rolling Forest
Rolling Forest,Week4,Virginia Hills,Week4,338.0 Rolling Forest - 64.0 Virginia Hills
Rolling Hills,Week1,Hollin Meadows,Week2,208.0 Hollin Meadows - 194.0 Rolling Hills
Rolling Forest,Week4,Virginia Hills,Week5,320.5 Rolling Forest - 81.5 Virginia Hills
Rolling Hills,Week3,Hollin Meadows,Week5,245.0 Hollin Meadows - 157.0 Rolling Hills
Riverside Gardens,Week1,Vienna Woods,Week1,270.0 Vienna Woods - 132.0 Riverside Gardens
Rolling Forest,Week2,Dominion Hills,Week5,261.0 Dominion Hills - 141.0 Rolling Forest
Rolling Forest,Week1,Daventry,Week5,266.0 Rolling Forest - 136.0 Daventry
Rolling Forest,Week1,Dominion Hills,Week4,251.0 Dominion Hills - 151.0 Rolling Forest
Rolling Forest,Week2,Mansion House,Week1,259.0 Mansion House - 143.0 Rolling Forest
Rolling Hills,Week5,Hollin Meadows,Week5,269.0 Hollin Meadows - 133.0 Rolling Hills
Rolling Hills,Week4,Cardinal Hill,Week4,285.0 Cardinal Hill - 117.0 Rolling Hills
Riverside Gardens,Week2,Sully Station,Week1,248.0 Sully Station - 154.0 Riverside Gardens
Riverside Gardens,Week5,Vienna Aquatic,Week5,270.5 Vienna Aquatic - 131.5 Riverside Gardens
Rolling Forest,Week2,Mansion House,Week2,240.0 Mansion House - 157.0 Rolling Forest
Riverside Gardens,Week5,Stratford,Week2,309.0 Riverside Gardens - 93.0 Stratford
Riverside Gardens,Week2,Sully Station,Week2,220.0 Sully Station - 182.0 Riverside Gardens
Rolling Forest,Week1,Mansion House,Week1,254.0 Mansion House - 148.0 Rolling Forest
Riverside Gardens,Week2,Sully Station,Week4,225.0 Sully Station - 177.0 Riverside Gardens
Riverside Gardens,Week4,Sully Station,Week1,209.0 Sully Station - 193.0 Riverside Gardens
Rolling Forest,Week2,Donaldson Run,Week1,294.0 Donaldson Run - 108.0 Rolling Forest
Rolling Forest,Week3,Long Branch,Week5,224.0 Rolling Forest - 178.0 Long Branch
Rolling Forest,Week5,Virginia Hills,Week2,346.0 Rolling Forest - 56.0 Virginia Hills
Rolling Forest,Week2,Mansion House,Week3,268.0 Mansion House - 134.0 Rolling Forest
Rolling Hills,Week4,Cardinal Hill,Week5,287.0 Cardinal Hill - 111.0 Rolling Hills
Riverside Gardens,Week5,Mantua,Week2,243.0 Riverside Gardens - 159.0 Mantua
Rolling Forest,Week2,Donaldson Run,Week3,297.0 Donaldson Run - 105.0 Rolling Forest
Rolling Hills,Week5,Holmes Run Acres,Week5,283.0 Holmes Run Acres - 119.0 Rolling Hills
Riverside Gardens,Week5,Vienna Aquatic,Week3,231.0 Vienna Aquatic - 171.0 Riverside Gardens
Riverside Gardens,Week1,Vienna Woods,Week4,244.0 Vienna Woods - 158.0 Riverside Gardens
Rolling Forest,Week1,Mansion House,Week3,246.0 Mansion House - 156.0 Rolling Forest
Rolling Hills,Week1,Chesterbrook,Week2,368.0 Chesterbrook - 34.0 Rolling Hills
Rolling Forest,Week4,Virginia Run,Week1,241.0 Virginia Run - 161.0 Rolling Forest
Rolling Forest,Week2,Dominion Hills,Week4,242.0 Dominion Hills - 160.0 Rolling Forest
Rolling Hills,Week4,Cardinal Hill,Week3,298.0 Cardinal Hill - 103.0 Rolling Hills
Rolling Hills,Week1,Holmes Run Acres,Week4,241.0 Holmes Run Acres - 160.0 Rolling Hills
Riverside Gardens,Week3,Sully Station,Week1,211.0 Sully Station - 191.0 Riverside Gardens
Rolling Hills,Week4,Holmes Run Acres,Week1,245.0 Holmes Run Acres - 156.0 Rolling Hills
Riverside Gardens,Week4,Vienna Aquatic,Week1,225.0 Vienna Aquatic - 177.0 Riverside Gardens
Rolling Forest,Week3,Virginia Run,Week5,233.0 Virginia Run - 169.0 Rolling Forest
Rolling Forest,Week5,Virginia Hills,Week4,345.0 Rolling Forest - 57.0 Virginia Hills
Riverside Gardens,Week5,Mantua,Week4,246.0 Riverside Gardens - 156.0 Mantua
Riverside Gardens,Week5,Mantua,Week5,211.0 Riverside Gardens - 191.0 Mantua
Rolling Forest,Week5,Virginia Hills,Week1,343.0 Rolling Forest - 59.0 Virginia Hills
Riverside Gardens,Week3,Sully Station,Week4,213.0 Riverside Gardens - 189.0 Sully Station
Rolling Forest,Week2,Dominion Hills,Week3,228.0 Dominion Hills - 174.0 Rolling Forest
Riverside Gardens,Week3,Sully Station,Week3,202.0 Sully Station - 200.0 Riverside Gardens
Rolling Hills,Week2,Chesterbrook,Week5,369.0 Chesterbrook - 33.0 Rolling Hills
Riverside Gardens,Week1,Mantua,Week1,203.0 Mantua - 199.0 Riverside Gardens
Rolling Hills,Week3,Holmes Run Acres,Week3,277.0 Holmes Run Acres - 125.0 Rolling Hills
Rolling Forest,Week2,Mansion House,Week4,244.0 Mansion House - 158.0 Rolling Forest
Riverside Gardens,Week1,Sully Station II,Week3,239.0 Sully Station II - 163.0 Riverside Gardens
Rolling Forest,Week2,Mansion House,Week5,250.0 Mansion House - 152.0 Rolling Forest
Rolling Hills,Week2,Hunt Valley,Week5,326.0 Hunt Valley - 76.0 Rolling Hills
Rolling Hills,Week2,Chesterbrook,Week4,371.0 Chesterbrook - 31.0 Rolling Hills
Riverside Gardens,Week4,Vienna Aquatic,Week5,260.0 Vienna Aquatic - 142.0 Riverside Gardens
Rolling Forest,Week1,Dominion Hills,Week2,213.0 Dominion Hills - 189.0 Rolling Forest
Rolling Forest,Week1,Mansion House,Week2,243.0 Mansion House - 159.0 Rolling Forest
Rolling Hills,Week4,Cardinal Hill,Week2,275.0 Cardinal Hill - 126.0 Rolling Hills
Riverside Gardens,Week1,Vienna Woods,Week5,307.0 Vienna Woods - 95.0 Riverside Gardens
Riverside Gardens,Week4,Sully Station,Week2,213.0 Riverside Gardens - 189.0 Sully Station
Rolling Forest,Week1,Virginia Run,Week4,230.0 Virginia Run - 172.0 Rolling Forest
Riverside Gardens,Week2,Mantua,Week3,240.0 Mantua - 162.0 Riverside Gardens
Riverside Gardens,Week5,Vienna Aquatic,Week4,224.0 Vienna Aquatic - 178.0 Riverside Gardens
Rolling Forest,Week5,Long Branch,Week5,219.0 Rolling Forest - 183.0 Long Branch
Rolling Forest,Week2,Dominion Hills,Week1,218.0 Dominion Hills - 184.0 Rolling Forest
Rolling Hills,Week3,Hunt Valley,Week2,296.0 Hunt Valley - 106.0 Rolling Hills
Rolling Hills,Week2,Hunt Valley,Week3,321.0 Hunt Valley - 81.0 Rolling Hills
Riverside Gardens,Week2,Mantua,Week5,237.5 Mantua - 164.5 Riverside Gardens
Rolling Hills,Week3,Holmes Run Acres,Week4,231.0 Holmes Run Acres - 171.0 Rolling Hills
Rolling Forest,Week3,Dominion Hills,Week1,225.0 Rolling Forest - 177.0 Dominion Hills
Rolling Forest,Week5,Virginia Hills,Week5,319.0 Rolling Forest - 82.0 Virginia Hills
Rolling Forest,Week3,Dominion Hills,Week2,207.0 Rolling Forest - 195.0 Dominion Hills
Riverside Gardens,Week3,Vienna Aquatic,Week5,275.0 Vienna Aquatic - 127.0 Riverside Gardens
Rolling Forest,Week4,Virginia Run,Week2,229.0 Virginia Run - 173.0 Rolling Forest
Riverside Gardens,Week3,Vienna Aquatic,Week3,233.0 Vienna Aquatic - 169.0 Riverside Gardens
Riverside Gardens,Week2,Sully Station II,Week1,226.0 Sully Station II - 176.0 Riverside Gardens
Riverside Gardens,Week2,Mantua,Week1,204.0 Mantua - 198.0 Riverside Gardens
Rolling Hills,Week2,Chesterbrook,Week2,370.0 Chesterbrook - 32.0 Rolling Hills
Rolling Forest,Week3,Dominion Hills,Week3,203.0 Dominion Hills - 199.0 Rolling Forest
Riverside Gardens,Week4,Stratford,Week5,319.5 Riverside Gardens - 82.5 Stratford
Riverside Gardens,Week5,Stratford,Week3,311.0 Riverside Gardens - 91.0 Stratford
Riverside Gardens,Week4,Mantua,Week1,220.0 Riverside Gardens - 182.0 Mantua
Rolling Forest,Week1,Dominion Hills,Week3,205.0 Dominion Hills - 197.0 Rolling Forest
Riverside Gardens,Week1,Mantua,Week4,202.0 Mantua - 200.0 Riverside Gardens
Riverside Gardens,Week2,Vienna Woods,Week2,280.0 Vienna Woods - 122.0 Riverside Gardens
Riverside Gardens,Week1,Mantua,Week2,209.0 Riverside Gardens - 193.0 Mantua
Rolling Forest,Week1,Virginia Run,Week5,259.0 Virginia Run - 143.0 Rolling Forest
Rolling Forest,Week3,Mansion House,Week2,216.0 Mansion House - 186.0 Rolling Forest
Riverside Gardens,Week5,Mansion House,Week5,229.0 Riverside Gardens - 173.0 Mansion House
Rolling Forest,Week4,Virginia Run,Week4,239.0 Virginia Run - 163.0 Rolling Forest
Rolling Forest,Week3,Dominion Hills,Week4,226.0 Dominion Hills - 176.0 Rolling Forest
Rolling Forest,Week3,Mansion House,Week3,226.0 Mansion House - 176.0 Rolling Forest
Rolling Hills,Week4,Chesterbrook,Week1,358.0 Chesterbrook - 44.0 Rolling Hills
Rolling Forest,Week2,Virginia Run,Week3,233.0 Virginia Run - 169.0 Rolling Forest
Rolling Forest,Week2,Virginia Run,Week2,231.0 Virginia Run - 171.0 Rolling Forest
Rolling Hills,Week4,Holmes Run Acres,Week4,245.5 Holmes Run Acres - 155.5 Rolling Hills
Rolling Forest,Week3,Mansion House,Week1,233.0 Mansion House - 169.0 Rolling Forest
Rolling Forest,Week3,Dominion Hills,Week5,238.0 Dominion Hills - 164.0 Rolling Forest
Riverside Gardens,Week3,Vienna Aquatic,Week2,219.0 Vienna Aquatic - 183.0 Riverside Gardens
Riverside Gardens,Week2,Sully Station II,Week5,263.0 Sully Station II - 139.0 Riverside Gardens
Riverside Gardens,Week2,Vienna Woods,Week3,290.0 Vienna Woods - 112.0 Riverside Gardens
Rolling Hills,Week3,Chesterbrook,Week1,362.0 Chesterbrook - 40.0 Rolling Hills
Riverside Gardens,Week1,Sully Station II,Week5,257.0 Sully Station II - 145.0 Riverside Gardens
Rolling Hills,Week3,Holmes Run Acres,Week2,224.0 Holmes Run Acres - 178.0 Rolling Hills
Rolling Hills,Week2,Holmes Run Acres,Week4,236.0 Holmes Run Acres - 165.0 Rolling Hills
Rolling Hills,Week3,Holmes Run Acres,Week5,280.0 Holmes Run Acres - 122.0 Rolling Hills
Rolling Forest,Week2,Dominion Hills,Week2,233.0 Dominion Hills - 169.0 Rolling Forest
Riverside Gardens,Week1,Sully Station,Week2,202.0 Riverside Gardens - 200.0 Sully Station
Rolling Hills,Week4,Chesterbrook,Week3,381.0 Chesterbrook - 21.0 Rolling Hills
Riverside Gardens,Week2,Vienna Woods,Week1,276.0 Vienna Woods - 126.0 Riverside Gardens
Rolling Forest,Week3,Virginia Run,Week3,222.0 Virginia Run - 180.0 Rolling Forest
Rolling Forest,Week4,Long Branch,Week1,234.0 Rolling Forest - 168.0 Long Branch
Rolling Hills,Week4,Holmes Run Acres,Week2,233.0 Holmes Run Acres - 169.0 Rolling Hills
Rolling Hills,Week4,Chesterbrook,Week4,373.0 Chesterbrook - 29.0 Rolling Hills
Riverside Gardens,Week4,Mantua,Week2,246.0 Riverside Gardens - 156.0 Mantua
Rolling Hills,Week3,Chesterbrook,Week4,380.0 Chesterbrook - 22.0 Rolling Hills
Rolling Forest,Week5,Long Branch,Week4,250.0 Rolling Forest - 152.0 Long Branch
Rolling Forest,Week4,Virginia Run,Week5,256.0 Virginia Run - 146.0 Rolling Forest
Rolling Hills,Week1,Commonwealth,Week4,209.0 Rolling Hills - 193.0 Commonwealth
Riverside Gardens,Week1,Mantua,Week3,231.0 Mantua - 171.0 Riverside Gardens
Rolling Hills,Week4,Commonwealth,Week1,231.0 Rolling Hills - 170.0 Commonwealth
Riverside Gardens,Week2,Vienna Aquatic,Week4,259.0 Vienna Aquatic - 143.0 Riverside Gardens
Rolling Forest,Week4,Dominion Hills,Week3,216.0 Dominion Hills - 186.0 Rolling Forest
Riverside Gardens,Week1,Mantua,Week5,226.0 Mantua - 176.0 Riverside Gardens
Rolling Hills,Week4,Holmes Run Acres,Week5,276.0 Holmes Run Acres - 126.0 Rolling Hills
Riverside Gardens,Week4,Stratford,Week3,320.0 Riverside Gardens - 82.0 Stratford
Rolling Forest,Week3,Mansion House,Week5,223.0 Mansion House - 179.0 Rolling Forest
Rolling Forest,Week5,Virginia Run,Week1,223.0 Virginia Run - 179.0 Rolling Forest
Riverside Gardens,Week2,Vienna Woods,Week5,309.0 Vienna Woods - 93.0 Riverside Gardens
Riverside Gardens,Week5,Vienna Aquatic,Week2,230.0 Vienna Aquatic - 172.0 Riverside Gardens
Rolling Forest,Week4,Dominion Hills,Week2,222.0 Dominion Hills - 180.0 Rolling Forest
Rolling Hills,Week1,Commonwealth,Week5,220.0 Commonwealth - 182.0 Rolling Hills
Rolling Forest,Week4,Mansion House,Week2,244.0 Mansion House - 158.0 Rolling Forest
Rolling Forest,Week4,Mansion House,Week1,253.0 Mansion House - 149.0 Rolling Forest
Rolling Hills,Week2,Holmes Run Acres,Week3,276.0 Holmes Run Acres - 126.0 Rolling Hills
Rolling Forest,Week4,Dominion Hills,Week1,211.0 Dominion Hills - 191.0 Rolling Forest
Rolling Hills,Week5,Holmes Run Acres,Week1,242.0 Holmes Run Acres - 160.0 Rolling Hills
Riverside Gardens,Week1,Sully Station,Week5,226.0 Sully Station - 176.0 Riverside Gardens
Riverside Gardens,Week3,Sully Station,Week2,209.0 Riverside Gardens - 193.0 Sully Station
Riverside Gardens,Week2,Mantua,Week2,203.0 Mantua - 199.0 Riverside Gardens
Rolling Forest,Week5,Virginia Run,Week3,209.0 Virginia Run - 193.0 Rolling Forest
Riverside Gardens,Week3,Vienna Woods,Week3,272.0 Vienna Woods - 130.0 Riverside Gardens
Riverside Gardens,Week3,Vienna Woods,Week5,280.0 Vienna Woods - 122.0 Riverside Gardens
Riverside Gardens,Week3,Mantua,Week4,215.0 Riverside Gardens - 187.0 Mantua
Rolling Hills,Week5,Commonwealth,Week5,216.0 Commonwealth - 186.0 Rolling Hills
Rolling Forest,Week4,Mantua,Week4,258.0 Mantua - 144.0 Rolling Forest
Rolling Hills,Week3,Commonwealth,Week2,214.0 Commonwealth - 188.0 Rolling Hills
Riverside Gardens,Week3,Mantua,Week2,230.0 Riverside Gardens - 172.0 Mantua
Riverside Gardens,Week5,Stratford,Week1,321.0 Riverside Gardens - 81.0 Stratford
Rolling Forest,Week3,Mantua,Week1,223.0 Mantua - 179.0 Rolling Forest
Rolling Hills,Week4,Chesterbrook,Week5,376.0 Chesterbrook - 25.0 Rolling Hills
Rolling Forest,Week1,Wakefield Chapel,Week1,310.0 Wakefield Chapel - 92.0 Rolling Forest
Rolling Forest,Week3,Wakefield Chapel,Week5,303.0 Wakefield Chapel - 99.0 Rolling Forest
Riverside Gardens,Week4,Sully Station,Week5,211.0 Sully Station - 191.0 Riverside Gardens
Riverside Gardens,Week3,Mantua,Week1,220.0 Riverside Gardens - 182.0 Mantua
Rolling Forest,Week1,Dominion Hills,Week5,243.0 Dominion Hills - 159.0 Rolling Forest
Rolling Forest,Week4,Dominion Hills,Week5,265.0 Dominion Hills - 137.0 Rolling Forest
Rolling Hills,Week4,Holmes Run Acres,Week3,282.0 Holmes Run Acres - 119.0 Rolling Hills
Rolling Forest,Week5,Dominion Hills,Week2,212.0 Rolling Forest - 190.0 Dominion Hills
Rolling Forest,Week4,Wakefield Chapel,Week1,310.0 Wakefield Chapel - 92.0 Rolling Forest
Rolling Forest,Week5,Virginia Run,Week4,214.0 Virginia Run - 188.0 Rolling Forest
Rolling Hills,Week2,Commonwealth,Week3,201.0 Rolling Hills - 200.0 Commonwealth
Riverside Gardens,Week3,Vienna Woods,Week4,238.0 Vienna Woods - 164.0 Riverside Gardens
Rolling Forest,Week5,Dominion Hills,Week1,216.0 Rolling Forest - 186.0 Dominion Hills
Rolling Forest,Week3,Mantua,Week2,212.0 Mantua - 190.0 Rolling Forest
Rolling Hills,Week5,Holmes Run Acres,Week2,243.0 Holmes Run Acres - 159.0 Rolling Hills
Riverside Gardens,Week2,Mantua,Week4,207.0 Mantua - 195.0 Riverside Gardens
Rolling Forest,Week1,Wakefield Chapel,Week2,296.0 Wakefield Chapel - 106.0 Rolling Forest
Rolling Hills,Week5,Chesterbrook,Week2,374.5 Chesterbrook - 27.5 Rolling Hills
Riverside Gardens,Week4,Vienna Woods,Week2,250.0 Vienna Woods - 152.0 Riverside Gardens
Rolling Hills,Week5,Holmes Run Acres,Week4,243.0 Holmes Run Acres - 159.0 Rolling Hills
Riverside Gardens,Week4,Vienna Woods,Week1,254.0 Vienna Woods - 148.0 Riverside Gardens
Rolling Forest,Week4,Mansion House,Week4,227.0 Mansion House - 175.0 Rolling Forest
Rolling Forest,Week4,Mantua,Week5,296.0 Mantua - 106.0 Rolling Forest
Riverside Gardens,Week3,Mantua,Week3,221.0 Mantua - 181.0 Riverside Gardens
Riverside Gardens,Week4,Stratford,Week4,296.0 Riverside Gardens - 106.0 Stratford
Rolling Hills,Week1,Hunt Valley,Week1,296.0 Hunt Valley - 106.0 Rolling Hills
Riverside Gardens,Week1,Sully Station,Week1,240.0 Sully Station - 162.0 Riverside Gardens
Rolling Forest,Week3,Mantua,Week5,264.0 Mantua - 138.0 Rolling Forest
Riverside Gardens,Week3,Mantua,Week5,213.0 Mantua - 189.0 Riverside Gardens
Riverside Gardens,Week2,Sully Station,Week5,243.0 Sully Station - 159.0 Riverside Gardens
Riverside Gardens,Week4,Mantua,Week4,236.0 Riverside Gardens - 166.0 Mantua
Riverside Gardens,Week1,Sully Station,Week4,208.0 Sully Station - 194.0 Riverside Gardens
Rolling Hills,Week1,Hunt Valley,Week3,314.5 Hunt Valley - 87.5 Rolling Hills
Rolling Hills,Week5,Chesterbrook,Week5,376.0 Chesterbrook - 26.0 Rolling Hills
Rolling Forest,Week1,Mantua,Week2,236.0 Mantua - 166.0 Rolling Forest
Riverside Gardens,Week2,Villa Aquatic,Week1,264.0 Riverside Gardens - 138.0 Villa Aquatic
Rolling Forest,Week5,Mansion House,Week4,202.5 Mansion House - 199.5 Rolling Forest
Riverside Gardens,Week5,Stratford,Week5,306.0 Riverside Gardens - 96.0 Stratford
Rolling Forest,Week3,Wakefield Chapel,Week2,277.0 Wakefield Chapel - 125.0 Rolling Forest
Riverside Gardens,Week5,Villa Aquatic,Week1,286.5 Riverside Gardens - 115.5 Villa Aquatic
Rolling Forest,Week1,Mantua,Week4,252.0 Mantua - 150.0 Rolling Forest
Rolling Forest,Week5,Dominion Hills,Week4,210.0 Dominion Hills - 192.0 Rolling Forest
Riverside Gardens,Week4,Mantua,Week3,202.0 Mantua - 200.0 Riverside Gardens
Rolling Hills,Week2,Holmes Run Acres,Week2,227.0 Holmes Run Acres - 175.0 Rolling Hills
Riverside Gardens,Week5,Vienna Woods,Week1,239.0 Vienna Woods - 163.0 Riverside Gardens
Rolling Hills,Week1,Hunt Valley,Week2,312.0 Hunt Valley - 90.0 Rolling Hills
Rolling Forest,Week3,Wakefield Chapel,Week4,282.0 Wakefield Chapel - 120.0 Rolling Forest
Riverside Gardens,Week1,Villa Aquatic,Week3,244.5 Riverside Gardens - 157.5 Villa Aquatic
Rolling Hills,Week4,Commonwealth,Week2,217.0 Commonwealth - 185.0 Rolling Hills
Rolling Hills,Week3,Commonwealth,Week4,207.0 Rolling Hills - 193.0 Commonwealth
Rolling Hills,Week3,Commonwealth,Week5,215.0 Commonwealth - 186.0 Rolling Hills
Rolling Forest,Week1,Donaldson Run,Week2,283.0 Donaldson Run - 119.0 Rolling Forest
Rolling Hills,Week5,Holmes Run Acres,Week3,287.0 Holmes Run Acres - 115.0 Rolling Hills
Rolling Forest,Week1,Donaldson Run,Week4,296.0 Donaldson Run - 106.0 Rolling Forest
Riverside Gardens,Week4,Vienna Woods,Week3,259.0 Vienna Woods - 143.0 Riverside Gardens
Riverside Gardens,Week1,Sully Station,Week3,207.0 Sully Station - 195.0 Riverside Gardens
Rolling Hills,Week4,Commonwealth,Week5,204.0 Commonwealth - 197.0 Rolling Hills
Rolling Forest,Week1,Wakefield Chapel,Week5,315.0 Wakefield Chapel - 87.0 Rolling Forest
Rolling Forest,Week1,Donaldson Run,Week3,282.5 Donaldson Run - 119.5 Rolling Forest
Rolling Forest,Week1,Walden Glen,Week5,203.5 Walden Glen - 198.5 Rolling Forest
Riverside Gardens,Week2,Sully Station,Week3,214.0 Sully Station - 188.0 Riverside Gardens
Rolling Hills,Week2,Holmes Run Acres,Week5,277.0 Holmes Run Acres - 125.0 Rolling Hills
Rolling Forest,Week3,Wakefield Chapel,Week1,289.0 Wakefield Chapel - 113.0 Rolling Forest
Riverside Gardens,Week4,Mantua,Week5,202.0 Mantua - 200.0 Riverside Gardens
Rolling Forest,Week5,Dominion Hills,Week5,229.0 Dominion Hills - 173.0 Rolling Forest
Rolling Forest,Week1,Mantua,Week1,246.0 Mantua - 156.0 Rolling Forest
Rolling Forest,Week3,Walden Glen,Week1,243.0 Rolling Forest - 159.0 Walden Glen
Rolling Hills,Week2,Holmes Run Acres,Week1,230.0 Holmes Run Acres - 171.0 Rolling Hills
Rolling Forest,Week1,Donaldson Run,Week5,306.0 Donaldson Run - 96.0 Rolling Forest
Rolling Forest,Week2,Donaldson Run,Week4,295.0 Donaldson Run - 107.0 Rolling Forest
Riverside Gardens,Week1,Villa Aquatic,Week4,281.0 Riverside Gardens - 121.0 Villa Aquatic
Riverside Gardens,Week4,Villa Aquatic,Week4,298.0 Riverside Gardens - 104.0 Villa Aquatic
Rolling Forest,Week2,Wakefield Chapel,Week1,309.5 Wakefield Chapel - 92.5 Rolling Forest
Riverside Gardens,Week5,Sully Station,Week3,215.0 Riverside Gardens - 187.0 Sully Station
Rolling Hills,Week2,Commonwealth,Week4,210.0 Rolling Hills - 186.0 Commonwealth
Rolling Forest,Week2,McLean,Week2,303.0 McLean - 99.0 Rolling Forest
Riverside Gardens,Week4,Sully Station,Week4,214.0 Riverside Gardens - 188.0 Sully Station
Riverside Gardens,Week5,Sully Station,Week2,209.0 Riverside Gardens - 193.0 Sully Station
Rolling Hills,Week1,Hunt Valley,Week4,319.0 Hunt Valley - 83.0 Rolling Hills
Rolling Hills,Week1,Hunt Valley,Week5,316.0 Hunt Valley - 86.0 Rolling Hills
Rolling Forest,Week2,Donaldson Run,Week2,293.0 Donaldson Run - 109.0 Rolling Forest
Rolling Forest,Week1,Donaldson Run,Week1,275.0 Donaldson Run - 127.0 Rolling Forest
Rolling Forest,Week3,Wakefield Chapel,Week3,292.0 Wakefield Chapel - 110.0 Rolling Forest
Riverside Gardens,Week4,Vienna Woods,Week5,284.0 Vienna Woods - 118.0 Riverside Gardens
Rolling Forest,Week2,Mantua,Week2,231.0 Mantua - 171.0 Rolling Forest
Rolling Forest,Week5,Mansion House,Week3,234.0 Mansion House - 168.0 Rolling Forest
Rolling Hills,Week3,Holmes Run Acres,Week1,229.0 Holmes Run Acres - 173.0 Rolling Hills
Rolling Hills,Week1,Commonwealth,Week3,217.0 Rolling Hills - 184.0 Commonwealth
Rolling Hills,Week5,Chesterbrook,Week1,355.0 Chesterbrook - 47.0 Rolling Hills
Riverside Gardens,Week4,Vienna Woods,Week4,223.0 Vienna Woods - 179.0 Riverside Gardens
Riverside Gardens,Week5,Sully Station,Week1,203.0 Riverside Gardens - 199.0 Sully Station
Rolling Forest,Week2,Donaldson Run,Week5,319.0 Donaldson Run - 83.0 Rolling Forest
Rolling Forest,Week5,Wakefield Chapel,Week2,288.0 Wakefield Chapel - 114.0 Rolling Forest
Rolling Hills,Week3,Commonwealth,Week1,230.0 Rolling Hills - 166.0 Commonwealth
Rolling Hills,Week2,Hunt Valley,Week2,301.0 Hunt Valley - 101.0 Rolling Hills
Rolling Hills,Week2,Hunt Valley,Week1,299.0 Hunt Valley - 103.0 Rolling Hills
Rolling Hills,Week5,Chesterbrook,Week4,377.0 Chesterbrook - 25.0 Rolling Hills
Riverside Gardens,Week1,Villa Aquatic,Week2,289.0 Riverside Gardens - 113.0 Villa Aquatic
Riverside Gardens,Week1,Sully Station II,Week4,217.0 Riverside Gardens - 185.0 Sully Station II
Rolling Forest,Week1,Mantua,Week3,289.0 Mantua - 113.0 Rolling Forest
Rolling Forest,Week5,Wakefield Chapel,Week3,295.0 Wakefield Chapel - 107.0 Rolling Forest
Riverside Gardens,Week5,Vienna Woods,Week2,240.5 Vienna Woods - 161.5 Riverside Gardens
Riverside Gardens,Week5,Sully Station,Week5,216.0 Sully Station - 186.0 Riverside Gardens
Rolling Forest,Week5,Wakefield Chapel,Week4,288.0 Wakefield Chapel - 114.0 Rolling Forest
Rolling Forest,Week3,Donaldson Run,Week4,279.0 Donaldson Run - 123.0 Rolling Forest
Riverside Gardens,Week5,Vienna Woods,Week4,218.0 Vienna Woods - 184.0 Riverside Gardens
Riverside Gardens,Week1,Sully Station II,Week2,223.0 Sully Station II - 179.0 Riverside Gardens
Rolling Forest,Week3,Donaldson Run,Week2,276.0 Donaldson Run - 126.0 Rolling Forest
Rolling Hills,Week3,Hunt Valley,Week1,300.0 Hunt Valley - 102.0 Rolling Hills
Rolling Hills,Week2,Hunt Valley,Week4,309.0 Hunt Valley - 93.0 Rolling Hills
Riverside Gardens,Week1,Villa Aquatic,Week1,282.5 Riverside Gardens - 119.5 Villa Aquatic
Rolling Hills,Week2,Commonwealth,Week2,208.0 Commonwealth - 194.0 Rolling Hills
Rolling Hills,Week4,Commonwealth,Week3,204.0 Commonwealth - 196.0 Rolling Hills
Rolling Hills,Week5,Chesterbrook,Week3,379.0 Chesterbrook - 23.0 Rolling Hills
Rolling Forest,Week3,Donaldson Run,Week3,279.0 Donaldson Run - 123.0 Rolling Forest
Riverside Gardens,Week1,Villa Aquatic,Week5,249.0 Riverside Gardens - 153.0 Villa Aquatic
Riverside Gardens,Week1,Sully Station II,Week1,206.5 Sully Station II - 195.5 Riverside Gardens
Rolling Forest,Week3,Mantua,Week4,241.0 Mantua - 161.0 Rolling Forest
Rolling Forest,Week5,Mansion House,Week1,231.0 Mansion House - 171.0 Rolling Forest
Rolling Forest,Week2,Wakefield Chapel,Week2,300.0 Wakefield Chapel - 102.0 Rolling Forest
Rolling Forest,Week3,Donaldson Run,Week1,273.0 Donaldson Run - 129.0 Rolling Forest
Rolling Hills,Week3,Hunt Valley,Week3,310.0 Hunt Valley - 92.0 Rolling Hills
Riverside Gardens,Week5,Sully Station,Week4,221.0 Riverside Gardens - 181.0 Sully Station
Rolling Forest,Week2,Mantua,Week5,275.0 Mantua - 127.0 Rolling Forest
Rolling Hills,Week1,Commonwealth,Week2,214.0 Commonwealth - 188.0 Rolling Hills
Rolling Forest,Week5,Mansion House,Week2,217.0 Mansion House - 185.0 Rolling Forest
Rolling Forest,Week2,Wakefield Chapel,Week5,318.0 Wakefield Chapel - 84.0 Rolling Forest
Rolling Forest,Week2,Mantua,Week4,245.0 Mantua - 157.0 Rolling Forest
Rolling Hills,Week2,Commonwealth,Week1,233.0 Rolling Hills - 164.0 Commonwealth
Rolling Hills,Week1,Commonwealth,Week1,228.0 Rolling Hills - 174.0 Commonwealth
Rolling Forest,Week5,Mansion House,Week5,224.0 Mansion House - 178.0 Rolling Forest
Rolling Forest,Week1,Wakefield Chapel,Week4,296.0 Wakefield Chapel - 106.0 Rolling Forest
Riverside Gardens,Week2,Villa Aquatic,Week4,267.0 Riverside Gardens - 135.0 Villa Aquatic
Rolling Hills,Week4,Hunt Valley,Week4,315.0 Hunt Valley - 87.0 Rolling Hills
Rolling Forest,Week2,Mantua,Week1,239.5 Mantua - 162.5 Rolling Forest
Rolling Hills,Week5,Commonwealth,Week2,214.0 Commonwealth - 188.0 Rolling Hills
Riverside Gardens,Week2,Sully Station II,Week2,240.0 Sully Station II - 162.0 Riverside Gardens
Rolling Forest,Week1,Walden Glen,Week1,246.0 Rolling Forest - 156.0 Walden Glen
Rolling Hills,Week3,Hunt Valley,Week4,309.0 Hunt Valley - 93.0 Rolling Hills
Rolling Forest,Week5,Wakefield Chapel,Week1,292.0 Wakefield Chapel - 110.0 Rolling Forest
Rolling Forest,Week2,Dowden Terrace,Week4,233.0 Dowden Terrace - 169.0 Rolling Forest
Rolling Forest,Week5,Wakefield Chapel,Week5,310.0 Wakefield Chapel - 92.0 Rolling Forest
Rolling Forest,Week1,Mantua,Week5,282.0 Mantua - 120.0 Rolling Forest
Riverside Gardens,Week2,Sully Station II,Week3,253.0 Sully Station II - 149.0 Riverside Gardens
Riverside Gardens,Week2,Villa Aquatic,Week2,282.0 Riverside Gardens - 120.0 Villa Aquatic
Riverside Gardens,Week5,Vienna Woods,Week5,269.0 Vienna Woods - 133.0 Riverside Gardens
Rolling Forest,Week4,Mantua,Week1,254.0 Mantua - 148.0 Rolling Forest
Rolling Forest,Week2,Dowden Terrace,Week3,206.0 Dowden Terrace - 196.0 Rolling Forest
Rolling Hills,Week5,Commonwealth,Week3,204.0 Commonwealth - 198.0 Rolling Hills
Rolling Forest,Week2,Wakefield Chapel,Week3,313.0 Wakefield Chapel - 89.0 Rolling Forest
Rolling Hills,Week4,Hunter Mill,Week5,289.0 Hunter Mill - 113.0 Rolling Hills
Rolling Forest,Week1,Dowden Terrace,Week4,217.0 Dowden Terrace - 185.0 Rolling Forest
Rolling Hills,Week3,Hunt Valley,Week5,322.0 Hunt Valley - 80.0 Rolling Hills
Riverside Gardens,Week3,Sully Station II,Week4,222.0 Riverside Gardens - 180.0 Sully Station II
Riverside Gardens,Week3,Sully Station II,Week5,243.5 Sully Station II - 158.5 Riverside Gardens
Rolling Hills,Week4,Hunt Valley,Week3,323.0 Hunt Valley - 79.0 Rolling Hills
Rolling Forest,Week2,Dowden Terrace,Week2,229.0 Dowden Terrace - 173.0 Rolling Forest
Riverside Gardens,Week2,Villa Aquatic,Week3,235.0 Riverside Gardens - 167.0 Villa Aquatic
Rolling Hills,Week4,Hunter Mill,Week3,290.0 Hunter Mill - 112.0 Rolling Hills
Riverside Gardens,Week2,Sully Station II,Week4,204.0 Riverside Gardens - 198.0 Sully Station II
Riverside Gardens,Week3,Villa Aquatic,Week2,300.0 Riverside Gardens - 102.0 Villa Aquatic
Rolling Hills,Week3,Commonwealth,Week3,205.0 Commonwealth - 195.0 Rolling Hills
Rolling Forest,Week4,Mantua,Week3,287.0 Mantua - 115.0 Rolling Forest
Rolling Forest,Week4,Wakefield Chapel,Week4,303.0 Wakefield Chapel - 99.0 Rolling Forest
Rolling Forest,Week3,Donaldson Run,Week5,294.0 Donaldson Run - 108.0 Rolling Forest
Rolling Forest,Week4,Donaldson Run,Week1,294.0 Donaldson Run - 108.0 Rolling Forest
Riverside Gardens,Week3,Sully Station II,Week2,224.0 Sully Station II - 178.0 Riverside Gardens
Riverside Gardens,Week4,Villa Aquatic,Week1,298.0 Riverside Gardens - 104.0 Villa Aquatic
Rolling Forest,Week4,Wakefield Chapel,Week5,326.0 Wakefield Chapel - 76.0 Rolling Forest
Rolling Forest,Week4,Mansion House,Week5,246.0 Mansion House - 156.0 Rolling Forest
Rolling Hills,Week4,Commonwealth,Week4,213.0 Rolling Hills - 187.0 Commonwealth
Rolling Hills,Week4,Hunt Valley,Week2,307.0 Hunt Valley - 95.0 Rolling Hills
Rolling Hills,Week3,Hunter Mill,Week1,288.0 Hunter Mill - 109.0 Rolling Hills
Riverside Gardens,Week3,Sully Station II,Week3,234.0 Sully Station II - 168.0 Riverside Gardens
Rolling Hills,Week2,Commonwealth,Week5,214.0 Commonwealth - 188.0 Rolling Hills
Rolling Hills,Week5,Commonwealth,Week1,231.0 Rolling Hills - 171.0 Commonwealth
Riverside Gardens,Week3,Villa Aquatic,Week5,282.5 Riverside Gardens - 119.5 Villa Aquatic
Rolling Forest,Week3,Mantua,Week3,256.0 Mantua - 146.0 Rolling Forest
Rolling Forest,Week2,Mantua,Week3,273.0 Mantua - 129.0 Rolling Forest
Rolling Forest,Week4,Donaldson Run,Week4,303.0 Donaldson Run - 99.0 Rolling Forest
Riverside Gardens,Week3,Villa Aquatic,Week4,280.0 Riverside Gardens - 122.0 Villa Aquatic
Riverside Gardens,Week3,Villa Aquatic,Week3,260.0 Riverside Gardens - 142.0 Villa Aquatic
Rolling Hills,Week5,Commonwealth,Week4,207.5 Rolling Hills - 194.5 Commonwealth
Rolling Hills,Week3,Hunter Mill,Week5,289.0 Hunter Mill - 113.0 Rolling Hills
Riverside Gardens,Week4,Sully Station II,Week1,204.0 Riverside Gardens - 198.0 Sully Station II
Rolling Forest,Week5,Donaldson Run,Week3,266.0 Donaldson Run - 136.0 Rolling Forest
Rolling Forest,Week1,Wakefield Chapel,Week3,306.0 Wakefield Chapel - 96.0 Rolling Forest
Rolling Forest,Week5,Donaldson Run,Week4,281.0 Donaldson Run - 121.0 Rolling Forest
Riverside Gardens,Week4,Sully Station II,Week4,232.0 Riverside Gardens - 170.0 Sully Station II
Rolling Forest,Week4,Wakefield Chapel,Week3,317.0 Wakefield Chapel - 85.0 Rolling Forest
Rolling Forest,Week4,Mantua,Week2,244.0 Mantua - 158.0 Rolling Forest
Riverside Gardens,Week5,Vienna Woods,Week3,237.0 Vienna Woods - 165.0 Riverside Gardens
Rolling Forest,Week1,Walden Glen,Week4,216.5 Rolling Forest - 185.5 Walden Glen
Riverside Gardens,Week4,Villa Aquatic,Week2,302.0 Riverside Gardens - 100.0 Villa Aquatic
Rolling Hills,Week4,Cottontail,Week3,205.0 Cottontail - 197.0 Rolling Hills
Rolling Hills,Week1,Hunter Mill,Week3,278.0 Hunter Mill - 123.0 Rolling Hills
Riverside Gardens,Week3,Sully Station II,Week1,205.0 Sully Station II - 197.0 Riverside Gardens
Riverside Gardens,Week5,Sully Station II,Week1,222.0 Riverside Gardens - 180.0 Sully Station II
Rolling Forest,Week5,Donaldson Run,Week5,302.0 Donaldson Run - 100.0 Rolling Forest
Rolling Hills,Week1,Cottontail,Week1,217.0 Cottontail - 185.0 Rolling Hills
Rolling Forest,Week1,Dowden Terrace,Week3,208.0 Rolling Forest - 194.0 Dowden Terrace
Rolling Hills,Week5,Cottontail,Week4,206.0 Cottontail - 196.0 Rolling Hills
Rolling Hills,Week4,Cottontail,Week1,216.0 Cottontail - 186.0 Rolling Hills
Rolling Forest,Week1,Walden Glen,Week3,223.0 Rolling Forest - 179.0 Walden Glen
Riverside Gardens,Week4,Sully Station II,Week3,226.0 Sully Station II - 176.0 Riverside Gardens
Rolling Hills,Week4,Hunter Mill,Week1,276.0 Hunter Mill - 126.0 Rolling Hills
Riverside Gardens,Week4,Villa Aquatic,Week3,277.0 Riverside Gardens - 125.0 Villa Aquatic
Rolling Forest,Week4,Donaldson Run,Week2,291.0 Donaldson Run - 111.0 Rolling Forest
Rolling Hills,Week1,Hunter Mill,Week1,278.0 Hunter Mill - 124.0 Rolling Hills
Rolling Hills,Week5,Hunt Valley,Week5,318.0 Hunt Valley - 84.0 Rolling Hills
Riverside Gardens,Week4,Sully Station II,Week5,235.0 Sully Station II - 167.0 Riverside Gardens
Rolling Hills,Week4,Hunt Valley,Week1,298.0 Hunt Valley - 104.0 Rolling Hills
Riverside Gardens,Week5,Sully Station II,Week3,217.0 Sully Station II - 185.0 Riverside Gardens
Rolling Forest,Week2,Walden Glen,Week1,225.0 Rolling Forest - 177.0 Walden Glen
Rolling Forest,Week1,Walden Glen,Week2,220.0 Rolling Forest - 182.0 Walden Glen
Rolling Hills,Week1,Country Club Hills,Week1,223.0 Country Club Hills - 179.0 Rolling Hills
Rolling Forest,Week2,Wakefield Chapel,Week4,307.0 Wakefield Chapel - 95.0 Rolling Forest
Rolling Forest,Week5,Mantua,Week4,238.0 Mantua - 164.0 Rolling Forest
Riverside Gardens,Week3,Villa Aquatic,Week1,292.0 Riverside Gardens - 110.0 Villa Aquatic
Rolling Forest,Week1,McLean,Week1,303.5 McLean - 98.5 Rolling Forest
Rolling Forest,Week5,Donaldson Run,Week2,274.0 Donaldson Run - 128.0 Rolling Forest
Rolling Forest,Week4,Wakefield Chapel,Week2,311.0 Wakefield Chapel - 91.0 Rolling Forest
Rolling Forest,Week1,Dowden Terrace,Week5,242.0 Dowden Terrace - 160.0 Rolling Forest
Rolling Forest,Week5,Mantua,Week2,217.0 Mantua - 185.0 Rolling Forest
Rolling Forest,Week5,Mantua,Week1,230.0 Mantua - 172.0 Rolling Forest
Rolling Forest,Week5,Mantua,Week5,253.0 Mantua - 149.0 Rolling Forest
Riverside Gardens,Week2,Villa Aquatic,Week5,237.5 Riverside Gardens - 164.5 Villa Aquatic
Riverside Gardens,Week5,Sully Station II,Week4,243.0 Riverside Gardens - 159.0 Sully Station II
Riverside Gardens,Week5,Village West,Week3,310.0 Riverside Gardens - 92.0 Village West
Riverside Gardens,Week1,Truro,Week2,323.0 Riverside Gardens - 79.0 Truro
Rolling Forest,Week2,Walden Glen,Week2,207.0 Rolling Forest - 194.0 Walden Glen
Riverside Gardens,Week4,Villa Aquatic,Week5,277.0 Riverside Gardens - 125.0 Villa Aquatic
Riverside Gardens,Week1,Truro,Week1,291.0 Riverside Gardens - 111.0 Truro
Rolling Forest,Week2,Walden Glen,Week4,215.0 Walden Glen - 187.0 Rolling Forest
Rolling Forest,Week1,McLean,Week2,310.0 McLean - 92.0 Rolling Forest
Riverside Gardens,Week5,Sully Station II,Week5,228.0 Sully Station II - 174.0 Riverside Gardens
Rolling Forest,Week2,Dowden Terrace,Week1,220.0 Dowden Terrace - 181.0 Rolling Forest
Rolling Hills,Week2,Cottontail,Week5,218.0 Cottontail - 184.0 Rolling Hills
Rolling Hills,Week1,Country Club Hills,Week4,205.0 Country Club Hills - 197.0 Rolling Hills
Riverside Gardens,Week5,Villa Aquatic,Week4,291.5 Riverside Gardens - 110.5 Villa Aquatic
Rolling Forest,Week2,Walden Glen,Week5,221.0 Walden Glen - 181.0 Rolling Forest
Rolling Hills,Week2,Hunter Mill,Week3,281.0 Hunter Mill - 121.0 Rolling Hills
Rolling Hills,Week5,Cottontail,Week1,224.0 Cottontail - 178.0 Rolling Hills
Riverside Gardens,Week5,Villa Aquatic,Week3,268.0 Riverside Gardens - 134.0 Villa Aquatic
Rolling Forest,Week4,Donaldson Run,Week5,311.0 Donaldson Run - 91.0 Rolling Forest
Rolling Forest,Week1,McLean,Week5,314.0 McLean - 88.0 Rolling Forest
Rolling Forest,Week2,Dowden Terrace,Week5,258.0 Dowden Terrace - 144.0 Rolling Forest
Rolling Hills,Week2,Hunter Mill,Week4,289.0 Hunter Mill - 113.0 Rolling Hills
Rolling Forest,Week5,Donaldson Run,Week1,270.0 Donaldson Run - 132.0 Rolling Forest
Rolling Forest,Week5,Mantua,Week3,254.0 Mantua - 148.0 Rolling Forest
Rolling Forest,Week4,Donaldson Run,Week3,292.0 Donaldson Run - 110.0 Rolling Forest
Rolling Forest,Week1,McLean,Week4,304.0 McLean - 93.0 Rolling Forest
Riverside Gardens,Week5,Village West,Week5,304.0 Riverside Gardens - 98.0 Village West
Rolling Forest,Week1,Waynewood,Week4,256.0 Waynewood - 146.0 Rolling Forest
Rolling Forest,Week2,Walden Glen,Week3,209.0 Rolling Forest - 193.0 Walden Glen
Rolling Hills,Week1,Hunter Mill,Week2,280.0 Hunter Mill - 122.0 Rolling Hills
Rolling Hills,Week2,Hunter Mill,Week1,263.0 Hunter Mill - 139.0 Rolling Hills
Rolling Hills,Week1,Hunter Mill,Week4,298.0 Hunter Mill - 104.0 Rolling Hills
Rolling Hills,Week1,Country Club Hills,Week5,242.0 Country Club Hills - 160.0 Rolling Hills
Rolling Hills,Week2,Country Club Hills,Week1,209.5 Country Club Hills - 192.5 Rolling Hills
Riverside Gardens,Week1,Truro,Week3,308.0 Riverside Gardens - 94.0 Truro
Riverside Gardens,Week1,Truro,Week4,303.0 Riverside Gardens - 99.0 Truro
Rolling Forest,Week2,McLean,Week1,302.0 McLean - 100.0 Rolling Forest
Rolling Forest,Week1,Dowden Terrace,Week1,223.0 Dowden Terrace - 178.0 Rolling Forest
Riverside Gardens,Week5,Villa Aquatic,Week2,294.0 Riverside Gardens - 108.0 Villa Aquatic
Rolling Hills,Week5,Hunt Valley,Week2,303.0 Hunt Valley - 99.0 Rolling Hills
Rolling Forest,Week1,Waynewood,Week5,276.0 Waynewood - 126.0 Rolling Forest
Rolling Forest,Week4,McLean,Week5,314.0 McLean - 88.0 Rolling Forest
Riverside Gardens,Week1,Truro,Week5,302.0 Riverside Gardens - 100.0 Truro
Rolling Hills,Week1,Cottontail,Week2,204.0 Cottontail - 198.0 Rolling Hills
Riverside Gardens,Week5,Sully Station II,Week2,205.0 Riverside Gardens - 197.0 Sully Station II
Rolling Forest,Week1,Dowden Terrace,Week2,225.0 Dowden Terrace - 177.0 Rolling Forest
Rolling Hills,Week2,Hunter Mill,Week2,274.0 Hunter Mill - 128.0 Rolling Hills
Rolling Hills,Week5,Hunt Valley,Week4,312.0 Hunt Valley - 90.0 Rolling Hills
Rolling Forest,Week1,McLean,Week3,306.0 McLean - 96.0 Rolling Forest
Rolling Hills,Week1,Hunter Mill,Week5,296.0 Hunter Mill - 106.0 Rolling Hills
Rolling Hills,Week5,Hunt Valley,Week1,300.0 Hunt Valley - 102.0 Rolling Hills
Rolling Hills,Week2,Country Club Hills,Week2,205.0 Country Club Hills - 197.0 Rolling Hills
Rolling Forest,Week2,McLean,Week3,309.0 McLean - 93.0 Rolling Forest
Riverside Gardens,Week4,Sully Station II,Week2,206.0 Sully Station II - 196.0 Riverside Gardens
Rolling Forest,Week3,Waynewood,Week2,245.0 Waynewood - 157.0 Rolling Forest
Rolling Hills,Week2,Cottontail,Week2,203.0 Rolling Hills - 199.0 Cottontail
Riverside Gardens,Week4,Village West,Week3,321.0 Riverside Gardens - 81.0 Village West
Rolling Forest,Week3,Walden Glen,Week2,232.0 Rolling Forest - 170.0 Walden Glen
Rolling Forest,Week4,McLean,Week1,298.0 McLean - 104.0 Rolling Forest
Rolling Forest,Week3,Waynewood,Week4,241.5 Waynewood - 160.5 Rolling Forest
Rolling Forest,Week3,Dowden Terrace,Week1,215.0 Rolling Forest - 187.0 Dowden Terrace
Riverside Gardens,Week4,Village West,Week5,318.0 Riverside Gardens - 84.0 Village West
Riverside Gardens,Week1,Virginia Hills,Week5,359.0 Riverside Gardens - 43.0 Virginia Hills
Riverside Gardens,Week2,Truro,Week1,274.0 Riverside Gardens - 128.0 Truro
Rolling Hills,Week1,Cottontail,Week3,207.0 Rolling Hills - 195.0 Cottontail
Rolling Hills,Week3,Cottontail,Week1,205.0 Cottontail - 197.0 Rolling Hills
Rolling Forest,Week4,Walden Glen,Week2,215.0 Rolling Forest - 187.0 Walden Glen
Rolling Hills,Week3,Hunter Mill,Week3,284.0 Hunter Mill - 118.0 Rolling Hills
Rolling Hills,Week2,Cottontail,Week1,214.0 Cottontail - 188.0 Rolling Hills
Riverside Gardens,Week5,Truro,Week3,308.0 Riverside Gardens - 94.0 Truro
Riverside Gardens,Week4,Village West,Week2,330.0 Riverside Gardens - 72.0 Village West
Rolling Hills,Week3,Hunter Mill,Week4,298.0 Hunter Mill - 104.0 Rolling Hills
Rolling Forest,Week4,Walden Glen,Week1,241.0 Rolling Forest - 161.0 Walden Glen
Rolling Hills,Week4,Cottontail,Week2,208.0 Cottontail - 194.0 Rolling Hills
Rolling Hills,Week2,Country Club Hills,Week3,213.0 Country Club Hills - 189.0 Rolling Hills
Riverside Gardens,Week4,Truro,Week5,308.0 Riverside Gardens - 94.0 Truro
Riverside Gardens,Week2,Village West,Week3,290.0 Riverside Gardens - 112.0 Village West
Rolling Hills,Week3,Cottontail,Week4,203.5 Cottontail - 198.5 Rolling Hills
Rolling Forest,Week1,Mosby Woods,Week3,263.0 Mosby Woods - 139.0 Rolling Forest
Rolling Hills,Week2,Hunter Mill,Week5,284.0 Hunter Mill - 118.0 Rolling Hills
Rolling Forest,Week1,Mosby Woods,Week2,262.0 Mosby Woods - 140.0 Rolling Forest
Riverside Gardens,Week5,Truro,Week5,301.0 Riverside Gardens - 101.0 Truro
Riverside Gardens,Week4,Truro,Week1,317.0 Riverside Gardens - 85.0 Truro
Riverside Gardens,Week1,Village West,Week5,316.0 Riverside Gardens - 86.0 Village West
Rolling Forest,Week5,McLean,Week3,298.0 McLean - 104.0 Rolling Forest
Rolling Hills,Week1,Cottontail,Week4,205.0 Rolling Hills - 197.0 Cottontail
Riverside Gardens,Week3,Village West,Week3,302.0 Riverside Gardens - 100.0 Village West
Rolling Forest,Week1,Mosby Woods,Week1,263.0 Mosby Woods - 139.0 Rolling Forest
Rolling Forest,Week5,Walden Glen,Week2,220.0 Rolling Forest - 182.0 Walden Glen
Rolling Forest,Week4,Walden Glen,Week4,206.0 Rolling Forest - 196.0 Walden Glen
Rolling Forest,Week5,McLean,Week2,295.5 McLean - 106.5 Rolling Forest
Rolling Hills,Week4,Hunt Valley,Week5,333.5 Hunt Valley - 68.5 Rolling Hills
Rolling Forest,Week3,Walden Glen,Week3,222.0 Rolling Forest - 180.0 Walden Glen
Rolling Forest,Week5,McLean,Week5,312.0 McLean - 90.0 Rolling Forest
Riverside Gardens,Week5,Truro,Week4,309.0 Riverside Gardens - 93.0 Truro
Rolling Hills,Week5,Hunt Valley,Week3,322.0 Hunt Valley - 80.0 Rolling Hills
Rolling Hills,Week3,Hunter Mill,Week2,277.0 Hunter Mill - 125.0 Rolling Hills
Rolling Forest,Week4,Walden Glen,Week5,211.0 Walden Glen - 191.0 Rolling Forest
Riverside Gardens,Week3,Village West,Week4,314.0 Riverside Gardens - 83.0 Village West
Riverside Gardens,Week5,Truro,Week2,337.0 Riverside Gardens - 64.0 Truro
Riverside Gardens,Week2,Village West,Week1,302.0 Riverside Gardens - 100.0 Village West
Riverside Gardens,Week4,Truro,Week3,317.0 Riverside Gardens - 85.0 Truro
Riverside Gardens,Week3,Truro,Week5,296.0 Riverside Gardens - 106.0 Truro
Riverside Gardens,Week2,Village West,Week4,301.0 Riverside Gardens - 96.0 Village West
Rolling Hills,Week4,Hunter Mill,Week4,302.0 Hunter Mill - 100.0 Rolling Hills
Rolling Hills,Week2,Ilda Community,Week2,233.0 Rolling Hills - 169.0 Ilda Community
Rolling Hills,Week2,Cottontail,Week3,212.5 Rolling Hills - 189.5 Cottontail
Riverside Gardens,Week1,Village West,Week4,314.0 Riverside Gardens - 83.0 Village West
Rolling Forest,Week1,Waynewood,Week3,272.0 Waynewood - 130.0 Rolling Forest
Riverside Gardens,Week2,Village West,Week2,298.0 Riverside Gardens - 104.0 Village West
Rolling Forest,Week3,McLean,Week4,288.0 McLean - 114.0 Rolling Forest
Rolling Hills,Week2,Cottontail,Week4,202.5 Cottontail - 199.5 Rolling Hills
Rolling Forest,Week1,Mosby Woods,Week5,268.0 Mosby Woods - 134.0 Rolling Forest
Riverside Gardens,Week3,Village West,Week2,316.0 Riverside Gardens - 86.0 Village West
Rolling Forest,Week3,Walden Glen,Week5,201.5 Rolling Forest - 200.5 Walden Glen
Rolling Hills,Week3,Ilda Community,Week5,234.0 Rolling Hills - 168.0 Ilda Community
Riverside Gardens,Week5,Long Branch,Week2,318.5 Riverside Gardens - 83.5 Long Branch
Riverside Gardens,Week3,Village West,Week1,318.0 Riverside Gardens - 84.0 Village West
Rolling Forest,Week5,Walden Glen,Week1,265.0 Rolling Forest - 137.0 Walden Glen
Rolling Hills,Week2,Ilda Community,Week3,236.0 Rolling Hills - 166.0 Ilda Community
Riverside Gardens,Week1,Tuckahoe,Week4,324.0 Tuckahoe - 78.0 Riverside Gardens
Rolling Forest,Week2,McLean,Week4,309.0 McLean - 93.0 Rolling Forest
Riverside Gardens,Week5,Truro,Week1,302.0 Riverside Gardens - 100.0 Truro
Rolling Forest,Week4,McLean,Week2,313.0 McLean - 89.0 Rolling Forest
Rolling Forest,Week3,Walden Glen,Week4,220.0 Rolling Forest - 182.0 Walden Glen
Riverside Gardens,Week1,Tuckahoe,Week3,327.0 Tuckahoe - 75.0 Riverside Gardens
Rolling Hills,Week4,Cottontail,Week5,237.0 Cottontail - 164.0 Rolling Hills
Rolling Forest,Week1,Mosby Woods,Week4,262.0 Mosby Woods - 140.0 Rolling Forest
Rolling Forest,Week5,Walden Glen,Week5,213.0 Rolling Forest - 189.0 Walden Glen
Rolling Hills,Week3,Cottontail,Week2,203.0 Rolling Hills - 199.0 Cottontail
Rolling Forest,Week2,Waynewood,Week3,287.0 Waynewood - 115.0 Rolling Forest
Rolling Hills,Week4,Hunter Mill,Week2,278.0 Hunter Mill - 124.0 Rolling Hills
Rolling Hills,Week3,Cottontail,Week3,215.0 Rolling Hills - 187.0 Cottontail
Rolling Hills,Week3,Cottontail,Week5,205.0 Cottontail - 197.0 Rolling Hills
Riverside Gardens,Week2,Village West,Week5,297.5 Riverside Gardens - 104.5 Village West
Riverside Gardens,Week1,Village West,Week2,313.0 Riverside Gardens - 89.0 Village West
Rolling Hills,Week4,Ilda Community,Week4,235.0 Rolling Hills - 166.0 Ilda Community
Rolling Hills,Week1,Cottontail,Week5,218.0 Cottontail - 184.0 Rolling Hills
Rolling Forest,Week2,McLean,Week5,311.0 McLean - 91.0 Rolling Forest
Riverside Gardens,Week2,Truro,Week4,281.0 Riverside Gardens - 121.0 Truro
Riverside Gardens,Week4,Truro,Week4,309.0 Riverside Gardens - 93.0 Truro
Rolling Forest,Week3,McLean,Week3,303.0 McLean - 99.0 Rolling Forest
Riverside Gardens,Week4,Village West,Week1,326.0 Riverside Gardens - 76.0 Village West
Rolling Hills,Week4,Cottontail,Week4,203.0 Cottontail - 198.0 Rolling Hills
Rolling Forest,Week2,Waynewood,Week4,252.0 Waynewood - 150.0 Rolling Forest
Rolling Forest,Week2,Mosby Woods,Week1,277.0 Mosby Woods - 125.0 Rolling Forest
Rolling Forest,Week4,McLean,Week3,313.0 McLean - 89.0 Rolling Forest
Rolling Forest,Week5,Walden Glen,Week3,243.0 Rolling Forest - 159.0 Walden Glen
Rolling Forest,Week1,Waynewood,Week2,252.0 Waynewood - 150.0 Rolling Forest
Rolling Hills,Week3,Ilda Community,Week1,244.0 Rolling Hills - 158.0 Ilda Community
Rolling Forest,Week2,Mosby Woods,Week2,282.0 Mosby Woods - 120.0 Rolling Forest
Rolling Hills,Week5,Cottontail,Week3,216.0 Cottontail - 186.0 Rolling Hills
Riverside Gardens,Week3,Truro,Week2,304.0 Riverside Gardens - 98.0 Truro
Riverside Gardens,Week3,Long Branch,Week3,309.0 Riverside Gardens - 93.0 Long Branch
Riverside Gardens,Week3,Long Branch,Week2,307.0 Riverside Gardens - 95.0 Long Branch
Riverside Gardens,Week1,Village West,Week1,315.0 Riverside Gardens - 87.0 Village West
Riverside Gardens,Week5,Little Rocky Run,Week5,212.0 Little Rocky Run - 190.0 Riverside Gardens
Rolling Hills,Week1,Kent Gardens,Week1,240.0 Kent Gardens - 162.0 Rolling Hills
Riverside Gardens,Week2,Long Branch,Week2,283.0 Riverside Gardens - 119.0 Long Branch
Riverside Gardens,Week3,Truro,Week1,301.0 Riverside Gardens - 101.0 Truro
Rolling Hills,Week5,Hunter Mill,Week3,289.0 Hunter Mill - 113.0 Rolling Hills
Riverside Gardens,Week1,Village West,Week3,305.0 Riverside Gardens - 97.0 Village West
Rolling Hills,Week5,Hunter Mill,Week5,298.0 Hunter Mill - 104.0 Rolling Hills
Rolling Hills,Week5,Cottontail,Week2,222.0 Cottontail - 180.0 Rolling Hills
Rolling Forest,Week2,Waynewood,Week2,255.0 Waynewood - 147.0 Rolling Forest
Riverside Gardens,Week2,Truro,Week5,284.0 Riverside Gardens - 118.0 Truro
Riverside Gardens,Week4,Truro,Week2,326.0 Riverside Gardens - 76.0 Truro
Rolling Forest,Week4,Walden Glen,Week3,217.0 Rolling Forest - 185.0 Walden Glen
Riverside Gardens,Week2,Truro,Week2,296.0 Riverside Gardens - 104.0 Truro
Riverside Gardens,Week3,Long Branch,Week5,293.0 Riverside Gardens - 109.0 Long Branch
Rolling Hills,Week4,Ilda Community,Week2,227.0 Rolling Hills - 174.0 Ilda Community
Rolling Forest,Week3,McLean,Week2,297.0 McLean - 105.0 Rolling Forest
Riverside Gardens,Week4,Old Keene Mill,Week4,327.0 Riverside Gardens - 75.0 Old Keene Mill
Rolling Forest,Week3,Waynewood,Week1,235.5 Waynewood - 166.5 Rolling Forest
Riverside Gardens,Week1,Tuckahoe,Week1,298.0 Tuckahoe - 104.0 Riverside Gardens
Riverside Gardens,Week2,Orange Hunt,Week4,201.0 Orange Hunt - 201.0 Riverside Gardens
Riverside Gardens,Week1,Long Branch,Week3,306.0 Riverside Gardens - 96.0 Long Branch
Rolling Hills,Week1,Country Club Hills,Week3,221.0 Country Club Hills - 181.0 Rolling Hills
Riverside Gardens,Week1,Tuckahoe,Week2,302.0 Tuckahoe - 100.0 Riverside Gardens
Rolling Forest,Week3,Waynewood,Week3,261.5 Waynewood - 140.5 Rolling Forest
Rolling Forest,Week3,McLean,Week1,293.0 McLean - 109.0 Rolling Forest
Rolling Forest,Week5,McLean,Week4,295.0 McLean - 107.0 Rolling Forest
Rolling Hills,Week2,Crosspointe,Week1,303.0 Crosspointe - 99.0 Rolling Hills
Rolling Hills,Week4,Ilda Community,Week5,238.0 Rolling Hills - 160.0 Ilda Community
Rolling Hills,Week1,Country Club Hills,Week2,217.0 Country Club Hills - 185.0 Rolling Hills
Rolling Hills,Week5,Cottontail,Week5,241.0 Cottontail - 161.0 Rolling Hills
Riverside Gardens,Week5,Villa Aquatic,Week5,276.0 Riverside Gardens - 126.0 Villa Aquatic
Rolling Hills,Week5,Country Club Hills,Week4,205.0 Country Club Hills - 197.0 Rolling Hills
Riverside Gardens,Week5,Village West,Week2,326.0 Riverside Gardens - 76.0 Village West
Rolling Hills,Week5,Hunter Mill,Week2,277.0 Hunter Mill - 125.0 Rolling Hills
Riverside Gardens,Week4,Long Branch,Week5,309.0 Riverside Gardens - 93.0 Long Branch
Rolling Forest,Week5,McLean,Week1,295.0 McLean - 107.0 Rolling Forest
Riverside Gardens,Week4,Village West,Week4,324.0 Riverside Gardens - 73.0 Village West
Riverside Gardens,Week3,Old Keene Mill,Week4,318.0 Riverside Gardens - 84.0 Old Keene Mill
Rolling Hills,Week1,Ilda Community,Week3,237.0 Rolling Hills - 164.0 Ilda Community
Riverside Gardens,Week3,Long Branch,Week4,301.0 Riverside Gardens - 101.0 Long Branch
Riverside Gardens,Week5,Village West,Week1,327.0 Riverside Gardens - 75.0 Village West
Rolling Forest,Week5,Walden Glen,Week4,229.0 Rolling Forest - 173.0 Walden Glen
Riverside Gardens,Week4,Long Branch,Week1,311.0 Riverside Gardens - 91.0 Long Branch
Rolling Forest,Week4,McLean,Week4,310.0 McLean - 92.0 Rolling Forest
Riverside Gardens,Week3,Village West,Week5,306.0 Riverside Gardens - 96.0 Village West
Rolling Forest,Week3,Woodley,Week3,286.0 Rolling Forest - 116.0 Woodley
Rolling Hills,Week3,Ilda Community,Week4,230.0 Rolling Hills - 172.0 Ilda Community
Rolling Hills,Week1,Crosspointe,Week5,320.0 Crosspointe - 82.0 Rolling Hills
Riverside Gardens,Week5,Old Keene Mill,Week2,312.0 Riverside Gardens - 90.0 Old Keene Mill
Rolling Forest,Week3,Waynewood,Week5,267.0 Waynewood - 135.0 Rolling Forest
Rolling Forest,Week3,McLean,Week5,299.0 McLean - 103.0 Rolling Forest
Riverside Gardens,Week1,Virginia Hills,Week1,370.0 Riverside Gardens - 32.0 Virginia Hills
Riverside Gardens,Week2,Long Branch,Week3,291.0 Riverside Gardens - 111.0 Long Branch
Riverside Gardens,Week1,Virginia Hills,Week4,372.0 Riverside Gardens - 30.0 Virginia Hills
Rolling Hills,Week2,Ilda Community,Week1,232.0 Rolling Hills - 170.0 Ilda Community
Riverside Gardens,Week1,Virginia Hills,Week2,380.0 Riverside Gardens - 22.0 Virginia Hills
Rolling Forest,Week4,Waynewood,Week1,254.0 Waynewood - 148.0 Rolling Forest
Rolling Forest,Week1,Ilda Community,Week1,267.0 Rolling Forest - 135.0 Ilda Community
Rolling Forest,Week1,Ilda Community,Week2,251.0 Rolling Forest - 151.0 Ilda Community
Rolling Forest,Week1,Waynewood,Week1,238.0 Waynewood - 164.0 Rolling Forest
Rolling Hills,Week1,Crosspointe,Week4,297.0 Crosspointe - 105.0 Rolling Hills
Rolling Hills,Week5,Hunter Mill,Week4,299.0 Hunter Mill - 103.0 Rolling Hills
Riverside Gardens,Week3,Truro,Week4,296.0 Riverside Gardens - 106.0 Truro
Riverside Gardens,Week5,Long Branch,Week3,316.0 Riverside Gardens - 86.0 Long Branch
Rolling Forest,Week2,Waynewood,Week1,254.5 Waynewood - 147.5 Rolling Forest
Riverside Gardens,Week4,Old Keene Mill,Week2,309.0 Riverside Gardens - 93.0 Old Keene Mill
Rolling Hills,Week4,Ilda Community,Week3,236.0 Rolling Hills - 165.0 Ilda Community
Riverside Gardens,Week5,Village West,Week4,317.0 Riverside Gardens - 80.0 Village West
Riverside Gardens,Week3,Old Keene Mill,Week2,304.0 Riverside Gardens - 98.0 Old Keene Mill
Rolling Hills,Week3,Ilda Community,Week2,232.0 Rolling Hills - 170.0 Ilda Community
Rolling Hills,Week4,Crosspointe,Week1,305.0 Crosspointe - 97.0 Rolling Hills
Riverside Gardens,Week2,Truro,Week3,290.0 Riverside Gardens - 112.0 Truro
Rolling Hills,Week1,Crosspointe,Week3,286.0 Crosspointe - 116.0 Rolling Hills
Riverside Gardens,Week1,Long Branch,Week4,307.0 Riverside Gardens - 95.0 Long Branch
Riverside Gardens,Week3,Truro,Week3,301.0 Riverside Gardens - 101.0 Truro
Riverside Gardens,Week2,Orange Hunt,Week2,204.0 Orange Hunt - 198.0 Riverside Gardens
Rolling Hills,Week3,Country Club Hills,Week3,214.0 Country Club Hills - 188.0 Rolling Hills
Riverside Gardens,Week2,Old Keene Mill,Week5,287.0 Riverside Gardens - 115.0 Old Keene Mill
Riverside Gardens,Week2,Long Branch,Week4,281.5 Riverside Gardens - 120.5 Long Branch
Rolling Forest,Week2,Waynewood,Week5,285.0 Waynewood - 117.0 Rolling Forest
Riverside Gardens,Week2,Long Branch,Week1,277.5 Riverside Gardens - 124.5 Long Branch
Rolling Forest,Week2,Ilda Community,Week1,249.0 Rolling Forest - 152.0 Ilda Community
Riverside Gardens,Week1,Virginia Hills,Week3,372.0 Riverside Gardens - 30.0 Virginia Hills
Rolling Forest,Week2,Hunter Mill,Week3,274.0 Hunter Mill - 128.0 Rolling Forest
Rolling Hills,Week1,Ilda Community,Week5,240.0 Rolling Hills - 161.0 Ilda Community
Rolling Forest,Week5,Hunter Mill,Week3,247.0 Hunter Mill - 155.0 Rolling Forest
Riverside Gardens,Week4,Long Branch,Week2,316.0 Riverside Gardens - 86.0 Long Branch
Riverside Gardens,Week1,Long Branch,Week2,297.0 Riverside Gardens - 105.0 Long Branch
Riverside Gardens,Week3,Virginia Hills,Week1,373.0 Riverside Gardens - 29.0 Virginia Hills
Riverside Gardens,Week2,Virginia Hills,Week2,368.0 Riverside Gardens - 34.0 Virginia Hills
Rolling Hills,Week3,Country Club Hills,Week2,208.0 Country Club Hills - 194.0 Rolling Hills
Riverside Gardens,Week3,Old Keene Mill,Week1,315.0 Riverside Gardens - 87.0 Old Keene Mill
Rolling Hills,Week4,Country Club Hills,Week4,209.0 Country Club Hills - 188.0 Rolling Hills
Rolling Hills,Week2,Ilda Community,Week5,242.0 Rolling Hills - 160.0 Ilda Community
Riverside Gardens,Week5,Virginia Hills,Week3,373.0 Riverside Gardens - 29.0 Virginia Hills
Rolling Forest,Week1,Woodley,Week1,279.0 Rolling Forest - 123.0 Woodley
Rolling Hills,Week2,Country Club Hills,Week4,205.0 Rolling Hills - 197.0 Country Club Hills
Rolling Forest,Week5,Hunter Mill,Week2,236.0 Hunter Mill - 166.0 Rolling Forest
Riverside Gardens,Week1,Orange Hunt,Week5,208.0 Orange Hunt - 194.0 Riverside Gardens
Riverside Gardens,Week2,Long Branch,Week5,269.0 Riverside Gardens - 133.0 Long Branch
Riverside Gardens,Week1,Orange Hunt,Week1,232.0 Riverside Gardens - 170.0 Orange Hunt
Riverside Gardens,Week2,Virginia Hills,Week1,360.0 Riverside Gardens - 42.0 Virginia Hills
Rolling Hills,Week1,Ilda Community,Week1,250.0 Rolling Hills - 152.0 Ilda Community
Rolling Forest,Week2,Hunter Mill,Week4,263.0 Hunter Mill - 139.0 Rolling Forest
Rolling Hills,Week5,Country Club Hills,Week2,217.5 Country Club Hills - 184.5 Rolling Hills
Rolling Forest,Week4,Waynewood,Week5,284.0 Waynewood - 118.0 Rolling Forest
Rolling Forest,Week5,Waynewood,Week2,244.0 Waynewood - 158.0 Rolling Forest
Rolling Hills,Week5,Ilda Community,Week1,236.0 Rolling Hills - 166.0 Ilda Community
Riverside Gardens,Week1,Orange Hunt,Week2,208.0 Riverside Gardens - 194.0 Orange Hunt
Riverside Gardens,Week2,Orange Hunt,Week1,218.0 Riverside Gardens - 184.0 Orange Hunt
Rolling Hills,Week4,Ilda Community,Week1,234.0 Rolling Hills - 167.0 Ilda Community
Riverside Gardens,Week5,Old Keene Mill,Week4,323.0 Riverside Gardens - 79.0 Old Keene Mill
Rolling Hills,Week5,Ilda Community,Week3,228.0 Rolling Hills - 174.0 Ilda Community
Rolling Hills,Week2,Ilda Community,Week4,221.0 Rolling Hills - 181.0 Ilda Community
Riverside Gardens,Week4,Virginia Hills,Week4,373.0 Riverside Gardens - 29.0 Virginia Hills
Riverside Gardens,Week5,Little Rocky Run,Week3,205.0 Little Rocky Run - 197.0 Riverside Gardens
Rolling Forest,Week2,Woodley,Week5,236.0 Rolling Forest - 166.0 Woodley
Rolling Hills,Week5,Country Club Hills,Week3,225.0 Country Club Hills - 177.0 Rolling Hills
Rolling Forest,Week1,Hunter Mill,Week4,267.0 Hunter Mill - 135.0 Rolling Forest
Rolling Forest,Week1,Hunter Mill,Week5,283.0 Hunter Mill - 119.0 Rolling Forest
Rolling Hills,Week5,Hunter Mill,Week1,279.0 Hunter Mill - 123.0 Rolling Hills
Rolling Hills,Week3,Country Club Hills,Week5,233.0 Country Club Hills - 169.0 Rolling Hills
Rolling Forest,Week4,Waynewood,Week2,253.0 Waynewood - 149.0 Rolling Forest
Rolling Forest,Week2,Hunter Mill,Week5,289.0 Hunter Mill - 113.0 Rolling Forest
Riverside Gardens,Week5,Long Branch,Week1,301.0 Riverside Gardens - 101.0 Long Branch
Rolling Forest,Week4,Woodley,Week3,278.0 Rolling Forest - 124.0 Woodley
Rolling Forest,Week3,Hunter Mill,Week2,232.0 Hunter Mill - 170.0 Rolling Forest
Riverside Gardens,Week5,Old Keene Mill,Week5,317.0 Riverside Gardens - 85.0 Old Keene Mill
Rolling Hills,Week1,Crosspointe,Week1,302.0 Crosspointe - 100.0 Rolling Hills
Riverside Gardens,Week3,Old Keene Mill,Week5,299.0 Riverside Gardens - 103.0 Old Keene Mill
Riverside Gardens,Week3,Long Branch,Week1,296.0 Riverside Gardens - 106.0 Long Branch
Rolling Forest,Week1,Hunter Mill,Week3,260.0 Hunter Mill - 142.0 Rolling Forest
Riverside Gardens,Week5,Virginia Hills,Week1,369.0 Riverside Gardens - 33.0 Virginia Hills
Rolling Forest,Week1,Hunter Mill,Week2,241.0 Hunter Mill - 161.0 Rolling Forest
Riverside Gardens,Week4,Long Branch,Week3,317.0 Riverside Gardens - 85.0 Long Branch
Riverside Gardens,Week3,Old Keene Mill,Week3,309.0 Riverside Gardens - 93.0 Old Keene Mill
Riverside Gardens,Week1,Virginia Run,Week2,240.0 Riverside Gardens - 162.0 Virginia Run
Riverside Gardens,Week3,Virginia Run,Week2,252.5 Riverside Gardens - 149.5 Virginia Run
Rolling Hills,Week4,Country Club Hills,Week3,214.0 Country Club Hills - 187.0 Rolling Hills
Riverside Gardens,Week3,Virginia Hills,Week2,381.0 Riverside Gardens - 21.0 Virginia Hills
Riverside Gardens,Week4,Long Branch,Week4,312.0 Riverside Gardens - 90.0 Long Branch
Rolling Hills,Week1,Ilda Community,Week2,228.0 Rolling Hills - 174.0 Ilda Community
Rolling Forest,Week4,Woodley,Week1,281.0 Rolling Forest - 121.0 Woodley
Rolling Hills,Week2,Country Club Hills,Week5,245.0 Country Club Hills - 157.0 Rolling Hills
Rolling Forest,Week5,Woodley,Week3,283.0 Rolling Forest - 119.0 Woodley
Riverside Gardens,Week5,Old Keene Mill,Week1,330.0 Riverside Gardens - 72.0 Old Keene Mill
Riverside Gardens,Week1,Long Branch,Week5,287.5 Riverside Gardens - 114.5 Long Branch
Rolling Forest,Week4,Hunter Mill,Week1,267.0 Hunter Mill - 135.0 Rolling Forest
Riverside Gardens,Week5,Little Rocky Run,Week4,203.0 Riverside Gardens - 199.0 Little Rocky Run
Rolling Hills,Week3,Ilda Community,Week3,233.0 Rolling Hills - 164.0 Ilda Community
Rolling Hills,Week1,Annandale,Week2,243.0 Rolling Hills - 159.0 Annandale
Rolling Hills,Week1,Ilda Community,Week4,223.0 Rolling Hills - 179.0 Ilda Community
Rolling Hills,Week4,Country Club Hills,Week5,239.0 Country Club Hills - 162.0 Rolling Hills
Rolling Forest,Week1,Woodley,Week2,270.0 Rolling Forest - 132.0 Woodley
Riverside Gardens,Week2,Orange Hunt,Week3,208.0 Orange Hunt - 194.0 Riverside Gardens
Rolling Hills,Week3,Country Club Hills,Week1,217.0 Country Club Hills - 185.0 Rolling Hills
Rolling Hills,Week2,Crosspointe,Week5,311.0 Crosspointe - 91.0 Rolling Hills
Rolling Forest,Week1,Woodley,Week3,278.0 Rolling Forest - 124.0 Woodley
Riverside Gardens,Week1,Orange Hunt,Week3,214.0 Riverside Gardens - 188.0 Orange Hunt
Riverside Gardens,Week4,Old Keene Mill,Week5,304.0 Riverside Gardens - 98.0 Old Keene Mill
Rolling Forest,Week3,Hunter Mill,Week5,281.0 Hunter Mill - 121.0 Rolling Forest
Riverside Gardens,Week4,Old Keene Mill,Week1,325.0 Riverside Gardens - 77.0 Old Keene Mill
Riverside Gardens,Week1,Virginia Run,Week4,239.0 Riverside Gardens - 163.0 Virginia Run
Rolling Forest,Week2,Hunter Mill,Week2,254.0 Hunter Mill - 148.0 Rolling Forest
Riverside Gardens,Week3,Virginia Hills,Week5,357.0 Riverside Gardens - 45.0 Virginia Hills
Rolling Hills,Week5,Ilda Community,Week2,232.0 Rolling Hills - 170.0 Ilda Community
Rolling Forest,Week5,Waynewood,Week5,266.0 Waynewood - 136.0 Rolling Forest
Rolling Hills,Week5,Ilda Community,Week5,234.0 Rolling Hills - 168.0 Ilda Community
Rolling Hills,Week2,Crosspointe,Week3,285.0 Crosspointe - 112.0 Rolling Hills
Riverside Gardens,Week5,Virginia Hills,Week2,373.0 Riverside Gardens - 29.0 Virginia Hills
Rolling Forest,Week4,Waynewood,Week3,287.0 Waynewood - 115.0 Rolling Forest
Rolling Hills,Week3,Crosspointe,Week2,279.0 Crosspointe - 123.0 Rolling Hills
Rolling Forest,Week4,Hunter Mill,Week3,279.0 Hunter Mill - 123.0 Rolling Forest
Rolling Hills,Week1,Crosspointe,Week2,277.0 Crosspointe - 125.0 Rolling Hills
Riverside Gardens,Week4,Old Keene Mill,Week3,311.0 Riverside Gardens - 91.0 Old Keene Mill
Riverside Gardens,Week5,Virginia Hills,Week4,370.0 Riverside Gardens - 32.0 Virginia Hills
Riverside Gardens,Week1,Long Branch,Week1,311.0 Riverside Gardens - 91.0 Long Branch
Rolling Forest,Week4,Hunter Mill,Week2,257.0 Hunter Mill - 145.0 Rolling Forest
Rolling Hills,Week1,Kent Gardens,Week2,225.0 Kent Gardens - 177.0 Rolling Hills
Riverside Gardens,Week2,Virginia Run,Week3,228.0 Riverside Gardens - 174.0 Virginia Run
Rolling Forest,Week4,Hunter Mill,Week4,274.0 Hunter Mill - 128.0 Rolling Forest
Riverside Gardens,Week4,Virginia Run,Week5,242.0 Riverside Gardens - 160.0 Virginia Run
Rolling Hills,Week5,Ilda Community,Week4,216.0 Rolling Hills - 186.0 Ilda Community
Rolling Forest,Week5,Woodley,Week4,285.0 Rolling Forest - 117.0 Woodley
Rolling Hills,Week3,Country Club Hills,Week4,203.0 Country Club Hills - 199.0 Rolling Hills
Rolling Forest,Week3,Hunter Mill,Week1,248.0 Hunter Mill - 154.0 Rolling Forest
Riverside Gardens,Week4,Virginia Hills,Week1,374.0 Riverside Gardens - 28.0 Virginia Hills
Rolling Hills,Week1,Kent Gardens,Week3,220.0 Kent Gardens - 182.0 Rolling Hills
Riverside Gardens,Week2,Virginia Run,Week2,237.0 Riverside Gardens - 165.0 Virginia Run
Riverside Gardens,Week2,Virginia Hills,Week5,346.0 Riverside Gardens - 56.0 Virginia Hills
Rolling Forest,Week2,Hunter Mill,Week1,269.0 Hunter Mill - 133.0 Rolling Forest
Riverside Gardens,Week4,Virginia Hills,Week3,378.0 Riverside Gardens - 24.0 Virginia Hills
Rolling Forest,Week5,Waynewood,Week4,247.0 Waynewood - 155.0 Rolling Forest
Rolling Forest,Week5,Hunter Mill,Week1,240.0 Hunter Mill - 162.0 Rolling Forest
Rolling Hills,Week5,Fox Hunt,Week4,240.0 Fox Hunt - 162.0 Rolling Hills
Rolling Hills,Week4,Fox Hunt,Week3,260.0 Fox Hunt - 141.0 Rolling Hills
Rolling Forest,Week3,Hunter Mill,Week3,252.0 Hunter Mill - 150.0 Rolling Forest
Rolling Hills,Week5,Country Club Hills,Week1,219.0 Country Club Hills - 183.0 Rolling Hills
Rolling Hills,Week4,Country Club Hills,Week2,205.0 Rolling Hills - 197.0 Country Club Hills
Riverside Gardens,Week2,Orange Hunt,Week5,222.5 Orange Hunt - 179.5 Riverside Gardens
Rolling Forest,Week1,Woodley,Week4,267.0 Rolling Forest - 135.0 Woodley
Riverside Gardens,Week5,Old Keene Mill,Week3,318.0 Riverside Gardens - 84.0 Old Keene Mill
Rolling Forest,Week2,Woodley,Week2,241.0 Rolling Forest - 161.0 Woodley
Rolling Hills,Week1,Kent Gardens,Week4,227.0 Kent Gardens - 175.0 Rolling Hills
Riverside Gardens,Week1,Orange Hunt,Week4,211.0 Riverside Gardens - 191.0 Orange Hunt
Rolling Forest,Week5,Waynewood,Week3,265.0 Waynewood - 137.0 Rolling Forest
Rolling Hills,Week3,Fox Mill Estates,Week2,215.0 Rolling Hills - 187.0 Fox Mill Estates
Rolling Hills,Week5,Country Club Hills,Week5,251.0 Country Club Hills - 151.0 Rolling Hills
Rolling Forest,Week2,Woodley,Week1,259.0 Rolling Forest - 143.0 Woodley
Rolling Forest,Week4,Waynewood,Week4,253.0 Waynewood - 149.0 Rolling Forest
Rolling Hills,Week3,Crosspointe,Week3,281.0 Crosspointe - 121.0 Rolling Hills
Rolling Hills,Week4,Country Club Hills,Week1,212.0 Country Club Hills - 190.0 Rolling Hills
Rolling Hills,Week2,Crosspointe,Week2,283.0 Crosspointe - 119.0 Rolling Hills
Rolling Forest,Week2,Woodley,Week3,252.0 Rolling Forest - 150.0 Woodley
Riverside Gardens,Week5,Poplar Heights,Week5,235.0 Riverside Gardens - 167.0 Poplar Heights
Riverside Gardens,Week2,Virginia Run,Week1,226.0 Riverside Gardens - 176.0 Virginia Run
Rolling Forest,Week5,Hunter Mill,Week5,270.0 Hunter Mill - 132.0 Rolling Forest
Rolling Hills,Week5,Fox Hunt,Week2,237.0 Fox Hunt - 165.0 Rolling Hills
Rolling Hills,Week1,Fox Mill Estates,Week5,207.0 Rolling Hills - 195.0 Fox Mill Estates
Rolling Forest,Week4,Hunter Mill,Week5,284.0 Hunter Mill - 118.0 Rolling Forest
Rolling Hills,Week5,Fox Hunt,Week3,259.5 Fox Hunt - 142.5 Rolling Hills
Rolling Forest,Week1,Woodley,Week5,253.0 Rolling Forest - 149.0 Woodley
Riverside Gardens,Week2,Virginia Hills,Week4,357.0 Riverside Gardens - 45.0 Virginia Hills
Riverside Gardens,Week3,Virginia Hills,Week4,374.0 Riverside Gardens - 28.0 Virginia Hills
Riverside Gardens,Week1,Virginia Run,Week5,209.0 Riverside Gardens - 193.0 Virginia Run
Rolling Forest,Week3,Hunter Mill,Week4,260.0 Hunter Mill - 142.0 Rolling Forest
Riverside Gardens,Week4,Poplar Tree,Week1,232.0 Riverside Gardens - 170.0 Poplar Tree
Rolling Hills,Week4,Fox Hunt,Week5,258.0 Fox Hunt - 144.0 Rolling Hills
Rolling Forest,Week1,Ilda Community,Week4,246.0 Rolling Forest - 156.0 Ilda Community
Rolling Forest,Week2,Woodley,Week4,240.0 Rolling Forest - 162.0 Woodley
Rolling Forest,Week1,Ilda Community,Week3,260.0 Rolling Forest - 142.0 Ilda Community
Rolling Hills,Week3,Crosspointe,Week1,297.0 Crosspointe - 105.0 Rolling Hills
Riverside Gardens,Week2,Virginia Run,Week4,227.0 Riverside Gardens - 175.0 Virginia Run
Rolling Forest,Week3,Woodley,Week2,273.0 Rolling Forest - 129.0 Woodley
Riverside Gardens,Week5,Virginia Hills,Week5,358.0 Riverside Gardens - 44.0 Virginia Hills
Rolling Forest,Week5,Hunter Mill,Week4,243.0 Hunter Mill - 159.0 Rolling Forest
Riverside Gardens,Week2,Poplar Tree,Week4,214.0 Riverside Gardens - 188.0 Poplar Tree
Riverside Gardens,Week3,Poplar Tree,Week3,221.0 Riverside Gardens - 181.0 Poplar Tree
Riverside Gardens,Week4,Little Hunting Park,Week2,313.0 Riverside Gardens - 89.0 Little Hunting Park
Rolling Hills,Week3,Crosspointe,Week4,286.0 Crosspointe - 116.0 Rolling Hills
Rolling Hills,Week2,Fox Mill Estates,Week2,206.0 Rolling Hills - 196.0 Fox Mill Estates
Rolling Hills,Week2,Crosspointe,Week4,292.0 Crosspointe - 110.0 Rolling Hills
Rolling Forest,Week3,Woodley,Week1,290.0 Rolling Forest - 112.0 Woodley
Riverside Gardens,Week1,Poplar Tree,Week3,211.0 Riverside Gardens - 191.0 Poplar Tree
Rolling Hills,Week1,Fox Mill Estates,Week3,201.0 Rolling Hills - 200.0 Fox Mill Estates
Riverside Gardens,Week4,Poplar Heights,Week3,245.0 Riverside Gardens - 157.0 Poplar Heights
Riverside Gardens,Week2,Virginia Run,Week5,210.0 Riverside Gardens - 192.0 Virginia Run
Rolling Forest,Week5,Waynewood,Week1,225.0 Waynewood - 177.0 Rolling Forest
Rolling Hills,Week1,Fox Mill Estates,Week1,223.0 Rolling Hills - 179.0 Fox Mill Estates
Rolling Forest,Week4,Woodley,Week2,276.0 Rolling Forest - 126.0 Woodley
Rolling Hills,Week3,Crosspointe,Week5,316.0 Crosspointe - 86.0 Rolling Hills
Riverside Gardens,Week5,Poplar Heights,Week4,244.0 Riverside Gardens - 158.0 Poplar Heights
Rolling Hills,Week4,Daventry,Week4,266.0 Rolling Hills - 131.0 Daventry
Rolling Hills,Week3,Daventry,Week5,227.0 Rolling Hills - 169.0 Daventry
Rolling Hills,Week1,Daventry,Week1,270.0 Rolling Hills - 131.0 Daventry
Rolling Hills,Week3,Fox Mill Estates,Week1,224.0 Rolling Hills - 178.0 Fox Mill Estates
Riverside Gardens,Week4,Virginia Hills,Week2,382.0 Riverside Gardens - 20.0 Virginia Hills
Riverside Gardens,Week1,Little Hunting Park,Week2,317.0 Riverside Gardens - 85.0 Little Hunting Park
Riverside Gardens,Week2,Virginia Hills,Week3,363.0 Riverside Gardens - 39.0 Virginia Hills
Rolling Forest,Week5,Ilda Community,Week3,267.0 Rolling Forest - 135.0 Ilda Community
Riverside Gardens,Week4,Little Hunting Park,Week3,321.0 Riverside Gardens - 81.0 Little Hunting Park
Riverside Gardens,Week1,Virginia Run,Week1,221.0 Riverside Gardens - 181.0 Virginia Run
Riverside Gardens,Week4,Poplar Heights,Week4,256.0 Riverside Gardens - 146.0 Poplar Heights
Riverside Gardens,Week5,Poplar Heights,Week1,242.0 Riverside Gardens - 160.0 Poplar Heights
Rolling Forest,Week2,Kent Gardens,Week4,220.0 Kent Gardens - 182.0 Rolling Forest
Rolling Hills,Week5,Daventry,Week1,269.0 Rolling Hills - 133.0 Daventry
Rolling Hills,Week2,Fox Mill Estates,Week5,211.0 Rolling Hills - 191.0 Fox Mill Estates
Rolling Forest,Week2,Kent Gardens,Week2,214.0 Kent Gardens - 188.0 Rolling Forest
Riverside Gardens,Week2,Little Hunting Park,Week3,297.0 Riverside Gardens - 105.0 Little Hunting Park
Rolling Forest,Week3,Woodley,Week4,272.0 Rolling Forest - 130.0 Woodley
Rolling Forest,Week5,Ilda Community,Week1,281.0 Rolling Forest - 121.0 Ilda Community
Rolling Forest,Week1,Ilda Community,Week5,254.0 Rolling Forest - 148.0 Ilda Community
Rolling Hills,Week1,Daventry,Week2,257.0 Rolling Hills - 140.0 Daventry
Rolling Forest,Week4,Woodley,Week4,268.0 Rolling Forest - 134.0 Woodley
Rolling Hills,Week2,Fox Mill Estates,Week4,202.0 Fox Mill Estates - 200.0 Rolling Hills
Rolling Forest,Week3,Woodley,Week5,273.0 Rolling Forest - 129.0 Woodley
Riverside Gardens,Week4,Poplar Tree,Week5,201.5 Poplar Tree - 200.5 Riverside Gardens
Riverside Gardens,Week3,Poplar Tree,Week4,235.0 Riverside Gardens - 167.0 Poplar Tree
Riverside Gardens,Week2,Little Hunting Park,Week4,299.0 Riverside Gardens - 103.0 Little Hunting Park
Riverside Gardens,Week4,Virginia Hills,Week5,363.0 Riverside Gardens - 39.0 Virginia Hills
Rolling Hills,Week2,Fox Mill Estates,Week3,206.0 Rolling Hills - 196.0 Fox Mill Estates
Riverside Gardens,Week3,Virginia Hills,Week3,373.0 Riverside Gardens - 29.0 Virginia Hills
Rolling Forest,Week4,Woodley,Week5,268.0 Rolling Forest - 134.0 Woodley
Rolling Forest,Week1,Kent Gardens,Week5,252.0 Kent Gardens - 150.0 Rolling Forest
Rolling Forest,Week3,Ilda Community,Week1,273.0 Rolling Forest - 129.0 Ilda Community
Riverside Gardens,Week3,Virginia Run,Week3,254.5 Riverside Gardens - 147.5 Virginia Run
Rolling Hills,Week5,Fox Hunt,Week1,244.0 Fox Hunt - 158.0 Rolling Hills
Riverside Gardens,Week3,Poplar Heights,Week2,244.0 Riverside Gardens - 158.0 Poplar Heights
Rolling Hills,Week1,Fox Mill Woods,Week2,300.0 Fox Mill Woods - 102.0 Rolling Hills
Rolling Hills,Week2,Fox Mill Estates,Week1,236.0 Rolling Hills - 166.0 Fox Mill Estates
Rolling Forest,Week3,Kent Gardens,Week3,225.0 Rolling Forest - 177.0 Kent Gardens
Riverside Gardens,Week3,Virginia Run,Week1,235.0 Riverside Gardens - 167.0 Virginia Run
Riverside Gardens,Week2,Poplar Tree,Week1,210.0 Riverside Gardens - 192.0 Poplar Tree
Rolling Forest,Week5,Woodley,Week1,292.0 Rolling Forest - 110.0 Woodley
Rolling Forest,Week5,Woodley,Week2,275.0 Rolling Forest - 127.0 Woodley
Rolling Hills,Week4,Crosspointe,Week3,286.0 Crosspointe - 116.0 Rolling Hills
Riverside Gardens,Week1,Virginia Run,Week3,240.0 Riverside Gardens - 162.0 Virginia Run
Rolling Hills,Week4,Crosspointe,Week2,278.0 Crosspointe - 124.0 Rolling Hills
Rolling Hills,Week5,Crosspointe,Week1,299.0 Crosspointe - 103.0 Rolling Hills
Rolling Hills,Week5,Fox Mill Estates,Week4,219.0 Fox Mill Estates - 183.0 Rolling Hills
Rolling Hills,Week1,Annandale,Week1,253.0 Rolling Hills - 149.0 Annandale
Riverside Gardens,Week3,Little Hunting Park,Week1,324.0 Riverside Gardens - 78.0 Little Hunting Park
Rolling Hills,Week5,Crosspointe,Week5,306.5 Crosspointe - 95.5 Rolling Hills
Rolling Forest,Week5,Woodley,Week5,260.0 Rolling Forest - 142.0 Woodley
Riverside Gardens,Week1,Poplar Tree,Week2,225.0 Riverside Gardens - 177.0 Poplar Tree
Riverside Gardens,Week3,Poplar Heights,Week5,231.0 Riverside Gardens - 171.0 Poplar Heights
Rolling Forest,Week2,Ilda Community,Week3,238.0 Rolling Forest - 164.0 Ilda Community
Riverside Gardens,Week3,Virginia Run,Week4,253.0 Riverside Gardens - 149.0 Virginia Run
Rolling Forest,Week4,Ilda Community,Week1,261.0 Rolling Forest - 141.0 Ilda Community
Riverside Gardens,Week5,Poplar Heights,Week2,245.0 Riverside Gardens - 157.0 Poplar Heights
Rolling Hills,Week3,Fox Mill Woods,Week2,289.0 Fox Mill Woods - 113.0 Rolling Hills
Riverside Gardens,Week3,Poplar Heights,Week4,240.0 Riverside Gardens - 162.0 Poplar Heights
Rolling Hills,Week4,Fox Mill Estates,Week2,210.0 Rolling Hills - 191.0 Fox Mill Estates
Rolling Forest,Week3,Ilda Community,Week2,276.0 Rolling Forest - 126.0 Ilda Community
Rolling Hills,Week5,Crosspointe,Week3,279.0 Crosspointe - 123.0 Rolling Hills
Riverside Gardens,Week1,Little Hunting Park,Week4,309.0 Riverside Gardens - 93.0 Little Hunting Park
Riverside Gardens,Week1,Little Hunting Park,Week3,315.0 Riverside Gardens - 87.0 Little Hunting Park
Riverside Gardens,Week2,Little Hunting Park,Week5,254.0 Riverside Gardens - 148.0 Little Hunting Park
Rolling Hills,Week1,Fox Mill Estates,Week4,224.0 Fox Mill Estates - 178.0 Rolling Hills
Rolling Forest,Week2,Ilda Community,Week4,234.0 Rolling Forest - 168.0 Ilda Community
Rolling Hills,Week5,Crosspointe,Week4,296.0 Crosspointe - 106.0 Rolling Hills
Riverside Gardens,Week4,Virginia Run,Week3,266.0 Riverside Gardens - 136.0 Virginia Run
Riverside Gardens,Week4,Virginia Run,Week4,260.0 Riverside Gardens - 142.0 Virginia Run
Riverside Gardens,Week4,Virginia Run,Week2,260.0 Riverside Gardens - 142.0 Virginia Run
Rolling Forest,Week4,Ilda Community,Week5,263.0 Rolling Forest - 139.0 Ilda Community
Rolling Hills,Week1,Annandale,Week5,235.0 Rolling Hills - 167.0 Annandale
Rolling Hills,Week2,Annandale,Week5,235.0 Rolling Hills - 167.0 Annandale
Rolling Hills,Week1,Daventry,Week3,254.0 Rolling Hills - 146.0 Daventry
Rolling Hills,Week2,Annandale,Week4,256.0 Rolling Hills - 146.0 Annandale
Rolling Hills,Week4,Crosspointe,Week5,311.0 Crosspointe - 90.0 Rolling Hills
Riverside Gardens,Week1,Poplar Tree,Week5,223.0 Poplar Tree - 179.0 Riverside Gardens
Rolling Hills,Week1,Annandale,Week3,233.0 Rolling Hills - 169.0 Annandale
Rolling Hills,Week4,Fox Hunt,Week4,243.5 Fox Hunt - 158.5 Rolling Hills
Rolling Forest,Week2,Ilda Community,Week5,253.0 Rolling Forest - 148.0 Ilda Community
Rolling Hills,Week5,Fox Hunt,Week5,248.0 Fox Hunt - 154.0 Rolling Hills
Riverside Gardens,Week3,Poplar Heights,Week3,232.0 Riverside Gardens - 170.0 Poplar Heights
Rolling Hills,Week1,Fox Mill Estates,Week2,206.0 Rolling Hills - 196.0 Fox Mill Estates
Rolling Hills,Week4,Crosspointe,Week4,284.0 Crosspointe - 118.0 Rolling Hills
Rolling Hills,Week3,Annandale,Week2,234.0 Rolling Hills - 168.0 Annandale
Riverside Gardens,Week3,Virginia Run,Week5,228.0 Riverside Gardens - 174.0 Virginia Run
Riverside Gardens,Week2,Poplar Tree,Week2,220.0 Riverside Gardens - 182.0 Poplar Tree
Rolling Forest,Week4,Ilda Community,Week2,251.0 Rolling Forest - 151.0 Ilda Community
Riverside Gardens,Week4,Virginia Run,Week1,255.0 Riverside Gardens - 147.0 Virginia Run
Riverside Gardens,Week1,Little Hunting Park,Week1,317.0 Riverside Gardens - 85.0 Little Hunting Park
Riverside Gardens,Week2,Little Hunting Park,Week2,299.0 Riverside Gardens - 103.0 Little Hunting Park
Riverside Gardens,Week5,Virginia Run,Week5,244.0 Riverside Gardens - 158.0 Virginia Run
Rolling Hills,Week1,Daventry,Week4,277.0 Rolling Hills - 124.0 Daventry
Rolling Hills,Week3,Fox Mill Estates,Week3,205.0 Rolling Hills - 197.0 Fox Mill Estates
Rolling Forest,Week3,Ilda Community,Week4,252.0 Rolling Forest - 150.0 Ilda Community
Rolling Hills,Week2,Annandale,Week3,240.0 Rolling Hills - 162.0 Annandale
Riverside Gardens,Week1,Poplar Tree,Week1,221.0 Riverside Gardens - 181.0 Poplar Tree
Rolling Forest,Week3,Ilda Community,Week5,279.0 Rolling Forest - 123.0 Ilda Community
Rolling Hills,Week3,Annandale,Week5,231.0 Rolling Hills - 170.0 Annandale
Rolling Hills,Week4,Annandale,Week1,252.0 Rolling Hills - 149.0 Annandale
Riverside Gardens,Week3,Little Hunting Park,Week3,320.5 Riverside Gardens - 81.5 Little Hunting Park
Riverside Gardens,Week1,Little Hunting Park,Week5,279.0 Riverside Gardens - 123.0 Little Hunting Park
Riverside Gardens,Week4,Poplar Heights,Week1,258.0 Riverside Gardens - 144.0 Poplar Heights
Riverside Gardens,Week5,Poplar Heights,Week3,239.0 Riverside Gardens - 163.0 Poplar Heights
Rolling Hills,Week2,Annandale,Week2,235.0 Rolling Hills - 167.0 Annandale
Rolling Hills,Week3,Daventry,Week3,247.0 Rolling Hills - 152.0 Daventry
Rolling Hills,Week2,Daventry,Week4,273.0 Rolling Hills - 128.0 Daventry
Rolling Forest,Week2,Ilda Community,Week2,250.0 Rolling Forest - 152.0 Ilda Community
Riverside Gardens,Week4,Poplar Heights,Week5,230.5 Riverside Gardens - 171.5 Poplar Heights
Rolling Hills,Week3,Fox Mill Estates,Week4,210.5 Fox Mill Estates - 190.5 Rolling Hills
Rolling Hills,Week3,Annandale,Week1,233.0 Rolling Hills - 169.0 Annandale
Riverside Gardens,Week1,Wakefield Chapel,Week2,239.0 Wakefield Chapel - 163.0 Riverside Gardens
Riverside Gardens,Week2,Poplar Tree,Week5,218.0 Poplar Tree - 184.0 Riverside Gardens
Riverside Gardens,Week1,Wakefield Chapel,Week1,275.0 Wakefield Chapel - 127.0 Riverside Gardens
Rolling Hills,Week5,Fox Mill Estates,Week1,226.0 Rolling Hills - 176.0 Fox Mill Estates
Riverside Gardens,Week1,Wakefield Chapel,Week4,240.0 Wakefield Chapel - 162.0 Riverside Gardens
Rolling Hills,Week5,Fox Mill Estates,Week2,206.0 Rolling Hills - 196.0 Fox Mill Estates
Rolling Hills,Week2,Daventry,Week5,232.0 Rolling Hills - 168.0 Daventry
Riverside Gardens,Week3,Little Hunting Park,Week2,312.0 Riverside Gardens - 90.0 Little Hunting Park
Riverside Gardens,Week1,Wakefield Chapel,Week5,272.0 Wakefield Chapel - 130.0 Riverside Gardens
Rolling Forest,Week5,Ilda Community,Week5,277.0 Rolling Forest - 125.0 Ilda Community
Riverside Gardens,Week5,Virginia Run,Week3,270.0 Riverside Gardens - 132.0 Virginia Run
Rolling Forest,Week3,Ilda Community,Week3,270.0 Rolling Forest - 132.0 Ilda Community
Rolling Hills,Week4,Annandale,Week3,238.0 Rolling Hills - 164.0 Annandale
Rolling Hills,Week2,Daventry,Week2,261.0 Rolling Hills - 138.0 Daventry
Riverside Gardens,Week2,Poplar Tree,Week3,215.0 Riverside Gardens - 187.0 Poplar Tree
Rolling Hills,Week3,Daventry,Week2,265.0 Rolling Hills - 134.0 Daventry
Rolling Forest,Week4,Ilda Community,Week4,239.0 Rolling Forest - 163.0 Ilda Community
Rolling Hills,Week1,Fox Mill Woods,Week1,302.0 Fox Mill Woods - 100.0 Rolling Hills
Rolling Hills,Week1,Fox Mill Woods,Week3,286.0 Fox Mill Woods - 116.0 Rolling Hills
Riverside Gardens,Week2,Little Hunting Park,Week1,310.0 Riverside Gardens - 92.0 Little Hunting Park
Rolling Hills,Week2,Daventry,Week1,281.0 Rolling Hills - 119.0 Daventry
Rolling Forest,Week1,Kent Gardens,Week3,208.0 Kent Gardens - 194.0 Rolling Forest
Rolling Forest,Week1,Kent Gardens,Week1,231.0 Kent Gardens - 171.0 Rolling Forest
Rolling Hills,Week3,Daventry,Week4,267.0 Rolling Hills - 134.0 Daventry
Riverside Gardens,Week3,Poplar Tree,Week1,234.0 Riverside Gardens - 168.0 Poplar Tree
Riverside Gardens,Week3,Little Hunting Park,Week5,285.0 Riverside Gardens - 117.0 Little Hunting Park
Riverside Gardens,Week1,Poplar Tree,Week4,222.0 Riverside Gardens - 180.0 Poplar Tree
Riverside Gardens,Week2,Wakefield Chapel,Week4,257.0 Wakefield Chapel - 145.0 Riverside Gardens
Rolling Hills,Week4,Fox Mill Estates,Week4,220.0 Fox Mill Estates - 182.0 Rolling Hills
Rolling Hills,Week5,Annandale,Week3,230.0 Rolling Hills - 172.0 Annandale
Riverside Gardens,Week3,Poplar Tree,Week2,237.0 Riverside Gardens - 165.0 Poplar Tree
Riverside Gardens,Week2,Wakefield Chapel,Week3,278.0 Wakefield Chapel - 124.0 Riverside Gardens
Riverside Gardens,Week3,Wakefield Chapel,Week1,263.0 Wakefield Chapel - 139.0 Riverside Gardens
Rolling Hills,Week2,Daventry,Week3,263.0 Rolling Hills - 138.0 Daventry
Riverside Gardens,Week4,Poplar Heights,Week2,257.0 Riverside Gardens - 145.0 Poplar Heights
Riverside Gardens,Week2,Wakefield Chapel,Week2,248.0 Wakefield Chapel - 154.0 Riverside Gardens
Rolling Hills,Week5,Annandale,Week5,233.5 Rolling Hills - 168.5 Annandale
Riverside Gardens,Week3,Little Hunting Park,Week4,320.0 Riverside Gardens - 82.0 Little Hunting Park
Rolling Hills,Week2,Fox Mill Woods,Week1,298.0 Fox Mill Woods - 104.0 Rolling Hills
Rolling Hills,Week1,Fox Mill Woods,Week5,296.0 Fox Mill Woods - 105.0 Rolling Hills
Rolling Hills,Week4,Daventry,Week1,264.0 Rolling Hills - 136.0 Daventry
Rolling Hills,Week4,Annandale,Week5,236.0 Rolling Hills - 166.0 Annandale
Rolling Forest,Week1,Kent Gardens,Week2,213.5 Kent Gardens - 188.5 Rolling Forest
Rolling Forest,Week4,Ilda Community,Week3,259.0 Rolling Forest - 143.0 Ilda Community
Rolling Hills,Week2,Fox Mill Woods,Week2,294.0 Fox Mill Woods - 108.0 Rolling Hills
Rolling Hills,Week4,Daventry,Week3,247.0 Rolling Hills - 149.0 Daventry
Riverside Gardens,Week3,Wakefield Chapel,Week2,221.0 Wakefield Chapel - 181.0 Riverside Gardens
Riverside Gardens,Week5,Ravensworth Farm,Week2,267.0 Riverside Gardens - 135.0 Ravensworth Farm
Rolling Hills,Week5,Crosspointe,Week2,289.0 Crosspointe - 113.0 Rolling Hills
Rolling Hills,Week3,Fox Mill Estates,Week5,205.0 Fox Mill Estates - 197.0 Rolling Hills
Rolling Hills,Week3,Daventry,Week1,267.0 Rolling Hills - 134.0 Daventry
Rolling Hills,Week2,Annandale,Week1,253.0 Rolling Hills - 149.0 Annandale
Rolling Forest,Week5,Ilda Community,Week4,264.0 Rolling Forest - 138.0 Ilda Community
Riverside Gardens,Week5,Virginia Run,Week4,262.0 Riverside Gardens - 140.0 Virginia Run
Riverside Gardens,Week3,Poplar Tree,Week5,204.0 Poplar Tree - 198.0 Riverside Gardens
Riverside Gardens,Week4,Poplar Tree,Week2,246.0 Riverside Gardens - 156.0 Poplar Tree
Rolling Hills,Week1,Daventry,Week5,227.0 Rolling Hills - 172.0 Daventry
Rolling Hills,Week4,Daventry,Week5,226.0 Rolling Hills - 171.0 Daventry
Rolling Forest,Week5,Ilda Community,Week2,274.0 Rolling Forest - 128.0 Ilda Community
Riverside Gardens,Week4,Little Hunting Park,Week1,327.0 Riverside Gardens - 75.0 Little Hunting Park
Rolling Hills,Week5,Annandale,Week4,257.0 Rolling Hills - 145.0 Annandale
Rolling Forest,Week2,Kent Gardens,Week1,229.0 Kent Gardens - 173.0 Rolling Forest
Rolling Hills,Week4,Fox Mill Estates,Week5,212.0 Rolling Hills - 190.0 Fox Mill Estates
Riverside Gardens,Week3,Wakefield Chapel,Week3,249.0 Wakefield Chapel - 153.0 Riverside Gardens
Riverside Gardens,Week3,Wakefield Chapel,Week5,258.0 Wakefield Chapel - 144.0 Riverside Gardens
Rolling Forest,Week2,Kent Gardens,Week3,204.0 Kent Gardens - 198.0 Rolling Forest
Riverside Gardens,Week4,Poplar Tree,Week3,226.0 Riverside Gardens - 176.0 Poplar Tree
Riverside Gardens,Week2,Ravensworth Farm,Week3,210.0 Riverside Gardens - 192.0 Ravensworth Farm
Riverside Gardens,Week4,Poplar Tree,Week4,238.0 Riverside Gardens - 164.0 Poplar Tree
Rolling Hills,Week4,Fox Mill Estates,Week1,221.0 Rolling Hills - 180.0 Fox Mill Estates
Rolling Forest,Week1,Kent Gardens,Week4,223.0 Kent Gardens - 179.0 Rolling Forest
Rolling Hills,Week4,Annandale,Week2,232.0 Rolling Hills - 169.0 Annandale
Riverside Gardens,Week2,Wakefield Chapel,Week5,286.0 Wakefield Chapel - 116.0 Riverside Gardens
Rolling Hills,Week2,Fox Mill Woods,Week5,293.0 Fox Mill Woods - 109.0 Rolling Hills
Rolling Hills,Week1,Arlington Forest,Week1,251.0 Arlington Forest - 151.0 Rolling Hills
Rolling Hills,Week4,Fox Mill Estates,Week3,204.0 Fox Mill Estates - 194.0 Rolling Hills
Rolling Hills,Week5,Annandale,Week2,226.0 Rolling Hills - 176.0 Annandale
Riverside Gardens,Week4,Wakefield Chapel,Week4,220.0 Wakefield Chapel - 182.0 Riverside Gardens
Rolling Hills,Week4,Daventry,Week2,238.0 Rolling Hills - 153.0 Daventry
Rolling Hills,Week3,Annandale,Week4,243.0 Rolling Hills - 158.0 Annandale
Riverside Gardens,Week5,Poplar Tree,Week4,247.0 Riverside Gardens - 155.0 Poplar Tree
Rolling Hills,Week5,Dominion Hills,Week5,289.0 Dominion Hills - 113.0 Rolling Hills
Rolling Forest,Week4,Kent Gardens,Week5,254.0 Kent Gardens - 148.0 Rolling Forest
Rolling Hills,Week2,Fox Mill Woods,Week3,289.0 Fox Mill Woods - 113.0 Rolling Hills
Rolling Hills,Week5,Fox Mill Estates,Week5,214.0 Rolling Hills - 188.0 Fox Mill Estates
Rolling Hills,Week1,Arlington Forest,Week5,263.0 Arlington Forest - 139.0 Rolling Hills
Rolling Hills,Week1,Dominion Hills,Week5,268.0 Dominion Hills - 134.0 Rolling Hills
Rolling Hills,Week4,Dominion Hills,Week1,232.0 Dominion Hills - 169.0 Rolling Hills
Rolling Hills,Week1,Annandale,Week4,257.0 Rolling Hills - 145.0 Annandale
Riverside Gardens,Week3,Wakefield Chapel,Week4,234.0 Wakefield Chapel - 168.0 Riverside Gardens
Rolling Hills,Week1,Arlington Forest,Week2,245.0 Arlington Forest - 157.0 Rolling Hills
Riverside Gardens,Week5,Ravensworth Farm,Week1,262.0 Riverside Gardens - 140.0 Ravensworth Farm
Rolling Forest,Week2,Kings Ridge ,Week2,267.0 Rolling Forest - 135.0 Kings Ridge
Riverside Gardens,Week5,Ravensworth Farm,Week4,244.0 Riverside Gardens - 158.0 Ravensworth Farm
Rolling Forest,Week3,Kent Gardens,Week2,208.0 Rolling Forest - 194.0 Kent Gardens
Riverside Gardens,Week4,Wakefield Chapel,Week1,258.0 Wakefield Chapel - 144.0 Riverside Gardens
Riverside Gardens,Week4,Wakefield Chapel,Week3,243.0 Wakefield Chapel - 159.0 Riverside Gardens
Rolling Forest,Week3,Kent Gardens,Week1,201.0 Kent Gardens - 201.0 Rolling Forest
Riverside Gardens,Week4,Wakefield Chapel,Week2,214.0 Wakefield Chapel - 188.0 Riverside Gardens
Riverside Gardens,Week1,Wakefield Chapel,Week3,254.0 Wakefield Chapel - 148.0 Riverside Gardens
Rolling Forest,Week3,Kent Gardens,Week5,236.0 Kent Gardens - 166.0 Rolling Forest
Rolling Hills,Week3,Annandale,Week3,232.0 Rolling Hills - 165.0 Annandale
Rolling Hills,Week3,Dominion Hills,Week4,268.0 Dominion Hills - 134.0 Rolling Hills
Rolling Forest,Week2,Kent Gardens,Week5,249.0 Kent Gardens - 153.0 Rolling Forest
Rolling Hills,Week2,Fox Mill Woods,Week4,287.0 Fox Mill Woods - 115.0 Rolling Hills
Rolling Hills,Week1,Dominion Hills,Week3,229.0 Dominion Hills - 173.0 Rolling Hills
Rolling Hills,Week5,Daventry,Week2,253.0 Rolling Hills - 148.0 Daventry
Rolling Hills,Week1,Arlington Forest,Week3,215.0 Arlington Forest - 186.0 Rolling Hills
Riverside Gardens,Week1,Ravensworth Farm,Week3,210.0 Riverside Gardens - 192.0 Ravensworth Farm
Riverside Gardens,Week1,Ravensworth Farm,Week4,229.0 Riverside Gardens - 173.0 Ravensworth Farm
Riverside Gardens,Week5,Virginia Run,Week1,254.0 Riverside Gardens - 148.0 Virginia Run
Rolling Hills,Week1,Arlington Forest,Week4,266.0 Arlington Forest - 136.0 Rolling Hills
Rolling Hills,Week1,Fox Mill Woods,Week4,303.0 Fox Mill Woods - 99.0 Rolling Hills
Rolling Hills,Week4,Fox Mill Woods,Week4,299.0 Fox Mill Woods - 103.0 Rolling Hills
Rolling Forest,Week3,Kent Gardens,Week4,206.5 Rolling Forest - 195.5 Kent Gardens
Riverside Gardens,Week2,Ravensworth Farm,Week2,253.0 Riverside Gardens - 149.0 Ravensworth Farm
Rolling Hills,Week3,Fox Mill Woods,Week1,292.0 Fox Mill Woods - 110.0 Rolling Hills
Rolling Hills,Week5,Fox Mill Estates,Week3,207.0 Fox Mill Estates - 195.0 Rolling Hills
Rolling Hills,Week5,Annandale,Week1,251.0 Rolling Hills - 151.0 Annandale
Rolling Hills,Week1,Brandywine,Week4,246.0 Brandywine - 156.0 Rolling Hills
Riverside Gardens,Week3,Ravensworth Farm,Week2,272.0 Riverside Gardens - 130.0 Ravensworth Farm
Rolling Hills,Week3,Arlington Forest,Week3,218.0 Arlington Forest - 184.0 Rolling Hills
Rolling Hills,Week3,Fox Mill Woods,Week3,285.0 Fox Mill Woods - 117.0 Rolling Hills
Rolling Hills,Week5,Fox Mill Woods,Week3,290.0 Fox Mill Woods - 112.0 Rolling Hills
Rolling Hills,Week4,Annandale,Week4,253.0 Rolling Hills - 148.0 Annandale
Rolling Hills,Week2,Arlington Forest,Week1,260.0 Arlington Forest - 142.0 Rolling Hills
Riverside Gardens,Week3,Ravensworth Farm,Week1,236.5 Riverside Gardens - 165.5 Ravensworth Farm
Rolling Forest,Week5,Kent Gardens,Week1,214.0 Kent Gardens - 188.0 Rolling Forest
Riverside Gardens,Week2,Ravensworth Farm,Week5,212.0 Riverside Gardens - 190.0 Ravensworth Farm
Riverside Gardens,Week4,Wakefield Chapel,Week5,247.0 Wakefield Chapel - 155.0 Riverside Gardens
Rolling Forest,Week1,Kings Ridge ,Week5,258.0 Rolling Forest - 144.0 Kings Ridge
Rolling Hills,Week1,Donaldson Run,Week4,311.0 Donaldson Run - 91.0 Rolling Hills
Rolling Hills,Week1,Dominion Hills,Week4,264.0 Dominion Hills - 138.0 Rolling Hills
Rolling Forest,Week5,Kings Ridge ,Week1,284.0 Rolling Forest - 118.0 Kings Ridge
Rolling Hills,Week4,Fox Mill Woods,Week1,297.0 Fox Mill Woods - 104.0 Rolling Hills
Riverside Gardens,Week2,Ravensworth Farm,Week1,219.0 Riverside Gardens - 183.0 Ravensworth Farm
Rolling Hills,Week2,Dominion Hills,Week4,254.0 Dominion Hills - 143.0 Rolling Hills
Rolling Hills,Week4,Fox Mill Woods,Week5,302.0 Fox Mill Woods - 100.0 Rolling Hills
Riverside Gardens,Week5,Wakefield Chapel,Week1,242.0 Wakefield Chapel - 160.0 Riverside Gardens
Riverside Gardens,Week1,Ravensworth Farm,Week5,218.0 Riverside Gardens - 184.0 Ravensworth Farm
Rolling Hills,Week3,Dominion Hills,Week3,234.0 Dominion Hills - 168.0 Rolling Hills
Rolling Forest,Week1,Kings Ridge ,Week3,266.0 Rolling Forest - 136.0 Kings Ridge
Riverside Gardens,Week5,Virginia Run,Week2,268.5 Riverside Gardens - 133.5 Virginia Run
Riverside Gardens,Week2,Wakefield Chapel,Week1,278.0 Wakefield Chapel - 124.0 Riverside Gardens
Rolling Hills,Week1,Great Falls,Week2,205.0 Great Falls - 179.0 Rolling Hills
Rolling Hills,Week5,Daventry,Week5,217.0 Rolling Hills - 185.0 Daventry
Riverside Gardens,Week5,Poplar Tree,Week3,237.0 Riverside Gardens - 165.0 Poplar Tree
Riverside Gardens,Week3,Ravensworth Farm,Week4,240.0 Riverside Gardens - 162.0 Ravensworth Farm
Rolling Forest,Week4,Kings Ridge ,Week2,268.0 Rolling Forest - 134.0 Kings Ridge
Riverside Gardens,Week3,Walden Glen,Week3,288.0 Riverside Gardens - 114.0 Walden Glen
Rolling Hills,Week1,Great Falls,Week3,238.0 Great Falls - 164.0 Rolling Hills
Riverside Gardens,Week5,Poplar Tree,Week1,233.0 Riverside Gardens - 169.0 Poplar Tree
Riverside Gardens,Week2,Walden Glen,Week4,255.0 Riverside Gardens - 147.0 Walden Glen
Rolling Forest,Week3,Kings Ridge ,Week3,276.0 Rolling Forest - 126.0 Kings Ridge
Riverside Gardens,Week3,Walden Glen,Week5,257.5 Riverside Gardens - 144.5 Walden Glen
Rolling Hills,Week1,Great Falls,Week1,214.0 Great Falls - 187.0 Rolling Hills
Rolling Hills,Week4,Arlington Forest,Week1,261.0 Arlington Forest - 141.0 Rolling Hills
Rolling Forest,Week5,Kent Gardens,Week4,201.0 Kent Gardens - 201.0 Rolling Forest
Rolling Forest,Week3,Kings Ridge ,Week1,286.0 Rolling Forest - 116.0 Kings Ridge
Rolling Hills,Week2,Arlington Forest,Week2,234.0 Arlington Forest - 168.0 Rolling Hills
Rolling Hills,Week3,Dominion Hills,Week2,250.0 Dominion Hills - 152.0 Rolling Hills
Rolling Hills,Week5,Fox Mill Woods,Week5,303.0 Fox Mill Woods - 99.0 Rolling Hills
Riverside Gardens,Week2,Ravensworth Farm,Week4,218.0 Riverside Gardens - 184.0 Ravensworth Farm
Rolling Hills,Week3,Brandywine,Week3,228.0 Brandywine - 174.0 Rolling Hills
Rolling Hills,Week5,Fox Mill Woods,Week2,298.0 Fox Mill Woods - 104.0 Rolling Hills
Riverside Gardens,Week3,Walden Glen,Week4,284.0 Riverside Gardens - 118.0 Walden Glen
Rolling Hills,Week3,Dominion Hills,Week5,278.0 Dominion Hills - 124.0 Rolling Hills
Rolling Hills,Week2,Arlington Forest,Week5,262.0 Arlington Forest - 140.0 Rolling Hills
Rolling Forest,Week2,Kings Ridge ,Week3,243.0 Rolling Forest - 158.0 Kings Ridge
Rolling Hills,Week2,Dominion Hills,Week3,236.0 Dominion Hills - 166.0 Rolling Hills
Riverside Gardens,Week3,Ravensworth Farm,Week5,215.0 Riverside Gardens - 187.0 Ravensworth Farm
Riverside Gardens,Week5,Poplar Tree,Week2,244.0 Riverside Gardens - 158.0 Poplar Tree
Rolling Hills,Week5,Daventry,Week3,246.0 Rolling Hills - 156.0 Daventry
Rolling Forest,Week4,Kent Gardens,Week1,221.0 Kent Gardens - 181.0 Rolling Forest
Rolling Hills,Week5,Arlington Forest,Week2,244.0 Arlington Forest - 158.0 Rolling Hills
Rolling Hills,Week1,Dominion Hills,Week1,230.0 Dominion Hills - 172.0 Rolling Hills
Riverside Gardens,Week5,Wakefield Chapel,Week4,205.0 Riverside Gardens - 197.0 Wakefield Chapel
Riverside Gardens,Week2,Walden Glen,Week1,290.0 Riverside Gardens - 111.0 Walden Glen
Rolling Hills,Week5,Fox Mill Woods,Week4,307.0 Fox Mill Woods - 95.0 Rolling Hills
Rolling Hills,Week5,Arlington Forest,Week4,263.0 Arlington Forest - 139.0 Rolling Hills
Riverside Gardens,Week4,Walden Glen,Week1,324.0 Riverside Gardens - 78.0 Walden Glen
Rolling Hills,Week3,Brandywine,Week5,256.0 Brandywine - 146.0 Rolling Hills
Riverside Gardens,Week4,Walden Glen,Week3,309.0 Riverside Gardens - 93.0 Walden Glen
Rolling Hills,Week4,Arlington Forest,Week2,239.0 Arlington Forest - 163.0 Rolling Hills
Rolling Hills,Week4,Dominion Hills,Week2,250.0 Dominion Hills - 152.0 Rolling Hills
Rolling Forest,Week2,Kings Ridge ,Week1,271.0 Rolling Forest - 131.0 Kings Ridge
Rolling Hills,Week1,Great Falls,Week4,221.0 Great Falls - 180.0 Rolling Hills
Riverside Gardens,Week3,Walden Glen,Week2,280.0 Riverside Gardens - 122.0 Walden Glen
Rolling Forest,Week5,Kent Gardens,Week5,238.5 Kent Gardens - 163.5 Rolling Forest
Rolling Hills,Week1,Dominion Hills,Week2,236.0 Dominion Hills - 166.0 Rolling Hills
Riverside Gardens,Week1,Walden Glen,Week4,264.0 Riverside Gardens - 138.0 Walden Glen
Rolling Forest,Week4,Kent Gardens,Week4,208.0 Kent Gardens - 194.0 Rolling Forest
Riverside Gardens,Week5,Poplar Tree,Week5,209.0 Riverside Gardens - 193.0 Poplar Tree
Riverside Gardens,Week1,Walden Glen,Week3,281.0 Riverside Gardens - 121.0 Walden Glen
Riverside Gardens,Week1,Ravensworth Farm,Week2,257.0 Riverside Gardens - 145.0 Ravensworth Farm
Rolling Hills,Week3,Fox Mill Woods,Week5,303.0 Fox Mill Woods - 99.0 Rolling Hills
Riverside Gardens,Week4,Ravensworth Farm,Week2,264.0 Riverside Gardens - 138.0 Ravensworth Farm
Rolling Hills,Week4,Fox Mill Woods,Week2,291.0 Fox Mill Woods - 110.0 Rolling Hills
Rolling Hills,Week3,Arlington Forest,Week4,256.0 Arlington Forest - 146.0 Rolling Hills
Rolling Hills,Week4,Dominion Hills,Week4,268.0 Dominion Hills - 134.0 Rolling Hills
Rolling Hills,Week5,Daventry,Week4,261.0 Rolling Hills - 141.0 Daventry
Riverside Gardens,Week4,Walden Glen,Week2,297.0 Riverside Gardens - 105.0 Walden Glen
Rolling Hills,Week4,Dominion Hills,Week3,245.0 Dominion Hills - 157.0 Rolling Hills
Rolling Hills,Week2,Great Falls,Week1,207.0 Great Falls - 194.0 Rolling Hills
Rolling Forest,Week2,Kings Ridge ,Week4,251.0 Rolling Forest - 151.0 Kings Ridge
Rolling Forest,Week5,Kent Gardens,Week3,209.0 Rolling Forest - 193.0 Kent Gardens
Rolling Hills,Week4,Brandywine,Week4,241.0 Brandywine - 161.0 Rolling Hills
Rolling Hills,Week2,Dominion Hills,Week2,234.0 Dominion Hills - 168.0 Rolling Hills
Riverside Gardens,Week2,Walden Glen,Week5,226.5 Riverside Gardens - 175.5 Walden Glen
Riverside Gardens,Week4,Ravensworth Farm,Week5,229.0 Riverside Gardens - 173.0 Ravensworth Farm
Rolling Hills,Week2,Dominion Hills,Week5,270.0 Dominion Hills - 132.0 Rolling Hills
Rolling Forest,Week4,Kings Ridge ,Week1,278.0 Rolling Forest - 124.0 Kings Ridge
Rolling Hills,Week1,Great Falls,Week5,222.0 Great Falls - 179.0 Rolling Hills
Rolling Hills,Week5,Arlington Forest,Week1,257.0 Arlington Forest - 145.0 Rolling Hills
Rolling Hills,Week3,Arlington Forest,Week2,245.0 Arlington Forest - 152.0 Rolling Hills
Rolling Hills,Week3,Fox Mill Woods,Week4,298.0 Fox Mill Woods - 104.0 Rolling Hills
Riverside Gardens,Week4,Ravensworth Farm,Week3,238.0 Riverside Gardens - 164.0 Ravensworth Farm
Riverside Gardens,Week4,Ravensworth Farm,Week4,254.0 Riverside Gardens - 148.0 Ravensworth Farm
Rolling Forest,Week1,Kings Ridge ,Week2,286.0 Rolling Forest - 116.0 Kings Ridge
Riverside Gardens,Week2,Walden Glen,Week3,275.5 Riverside Gardens - 126.5 Walden Glen
Riverside Gardens,Week1,Ravensworth Farm,Week1,230.0 Riverside Gardens - 172.0 Ravensworth Farm
Riverside Gardens,Week1,Walden Glen,Week1,319.0 Riverside Gardens - 83.0 Walden Glen
Rolling Hills,Week3,Arlington Forest,Week5,265.0 Arlington Forest - 132.0 Rolling Hills
Rolling Hills,Week4,Fox Mill Woods,Week3,287.0 Fox Mill Woods - 115.0 Rolling Hills
Rolling Hills,Week4,Arlington Forest,Week3,212.0 Arlington Forest - 186.0 Rolling Hills
Riverside Gardens,Week4,Walden Glen,Week4,278.0 Riverside Gardens - 124.0 Walden Glen
Riverside Gardens,Week3,Ravensworth Farm,Week3,245.0 Riverside Gardens - 157.0 Ravensworth Farm
Rolling Forest,Week3,Kings Ridge ,Week4,266.0 Rolling Forest - 136.0 Kings Ridge
Rolling Hills,Week2,Dominion Hills,Week1,233.0 Dominion Hills - 169.0 Rolling Hills
Riverside Gardens,Week5,Ravensworth Farm,Week3,238.0 Riverside Gardens - 164.0 Ravensworth Farm
Rolling Forest,Week4,Kent Gardens,Week3,204.0 Kent Gardens - 198.0 Rolling Forest
Rolling Forest,Week4,Kings Ridge ,Week3,265.0 Rolling Forest - 137.0 Kings Ridge
Rolling Hills,Week5,Dominion Hills,Week1,232.0 Dominion Hills - 170.0 Rolling Hills
Rolling Forest,Week3,Kings Ridge ,Week5,259.0 Rolling Forest - 143.0 Kings Ridge
Rolling Hills,Week5,Arlington Forest,Week3,226.0 Arlington Forest - 176.0 Rolling Hills
Rolling Hills,Week4,Arlington Forest,Week5,260.0 Arlington Forest - 141.0 Rolling Hills
Riverside Gardens,Week4,Ravensworth Farm,Week1,257.0 Riverside Gardens - 145.0 Ravensworth Farm
Rolling Hills,Week3,Arlington Forest,Week1,262.0 Arlington Forest - 140.0 Rolling Hills
Rolling Hills,Week5,Dominion Hills,Week2,240.0 Dominion Hills - 162.0 Rolling Hills
Riverside Gardens,Week3,Walden Glen,Week1,310.0 Riverside Gardens - 92.0 Walden Glen
Rolling Hills,Week4,Great Falls,Week4,234.0 Great Falls - 164.0 Rolling Hills
Rolling Hills,Week1,Greenbriar,Week2,253.0 Greenbriar - 149.0 Rolling Hills
Rolling Hills,Week5,Fox Mill Woods,Week1,305.0 Fox Mill Woods - 97.0 Rolling Hills
Rolling Hills,Week4,Dominion Hills,Week5,280.5 Dominion Hills - 120.5 Rolling Hills
Rolling Hills,Week2,Greenbriar,Week4,225.0 Greenbriar - 177.0 Rolling Hills
Riverside Gardens,Week5,Wakefield Chapel,Week2,202.0 Wakefield Chapel - 200.0 Riverside Gardens
Riverside Gardens,Week5,Wakefield Chapel,Week5,236.0 Wakefield Chapel - 166.0 Riverside Gardens
Rolling Hills,Week1,Donaldson Run,Week2,295.0 Donaldson Run - 107.0 Rolling Hills
Riverside Gardens,Week2,Walden Glen,Week2,261.0 Riverside Gardens - 141.0 Walden Glen
Rolling Forest,Week4,Kent Gardens,Week2,211.0 Kent Gardens - 191.0 Rolling Forest
Rolling Hills,Week1,Brandywine,Week1,225.0 Brandywine - 177.0 Rolling Hills
Rolling Hills,Week3,Dominion Hills,Week1,227.0 Dominion Hills - 175.0 Rolling Hills
Riverside Gardens,Week5,Ravensworth Farm,Week5,229.0 Riverside Gardens - 173.0 Ravensworth Farm
Rolling Hills,Week4,Great Falls,Week1,208.0 Great Falls - 192.0 Rolling Hills
Rolling Forest,Week1,Kings Ridge ,Week4,266.0 Rolling Forest - 136.0 Kings Ridge
Rolling Forest,Week4,Kings Ridge ,Week4,252.0 Rolling Forest - 150.0 Kings Ridge
Rolling Hills,Week5,Arlington Forest,Week5,267.0 Arlington Forest - 135.0 Rolling Hills
Rolling Hills,Week2,Arlington Forest,Week4,269.0 Arlington Forest - 133.0 Rolling Hills
Riverside Gardens,Week1,Walden Glen,Week5,251.5 Riverside Gardens - 150.5 Walden Glen
Rolling Hills,Week2,Great Falls,Week5,224.0 Great Falls - 178.0 Rolling Hills
Rolling Hills,Week1,Donaldson Run,Week3,300.0 Donaldson Run - 102.0 Rolling Hills
Riverside Gardens,Week5,Pinewood Lake,Week2,378.0 Riverside Gardens - 23.0 Pinewood Lake
Rolling Hills,Week4,Arlington Forest,Week4,265.0 Arlington Forest - 137.0 Rolling Hills
Rolling Hills,Week5,Dominion Hills,Week3,240.0 Dominion Hills - 162.0 Rolling Hills
Riverside Gardens,Week4,Pinewood Lake,Week4,385.0 Riverside Gardens - 17.0 Pinewood Lake
Rolling Forest,Week1,Kings Ridge ,Week1,280.0 Rolling Forest - 122.0 Kings Ridge
Rolling Hills,Week2,Greenbriar,Week2,258.0 Greenbriar - 144.0 Rolling Hills
Rolling Hills,Week1,Donaldson Run,Week1,314.0 Donaldson Run - 88.0 Rolling Hills
Rolling Hills,Week2,Arlington Forest,Week3,206.0 Arlington Forest - 196.0 Rolling Hills
Rolling Hills,Week2,Greenbriar,Week1,239.0 Greenbriar - 163.0 Rolling Hills
Rolling Hills,Week3,Greenbriar,Week2,262.5 Greenbriar - 139.5 Rolling Hills
Riverside Gardens,Week4,Pinewood Lake,Week5,378.0 Riverside Gardens - 24.0 Pinewood Lake
Rolling Forest,Week2,Kings Ridge ,Week5,237.0 Rolling Forest - 165.0 Kings Ridge
Rolling Forest,Week5,Kent Gardens,Week2,203.0 Rolling Forest - 199.0 Kent Gardens
Riverside Gardens,Week5,Wakefield Chapel,Week3,215.5 Wakefield Chapel - 186.5 Riverside Gardens
Rolling Hills,Week5,Dominion Hills,Week4,274.0 Dominion Hills - 128.0 Rolling Hills
Riverside Gardens,Week5,Pinewood Lake,Week1,374.0 Riverside Gardens - 26.0 Pinewood Lake
Riverside Gardens,Week1,Walden Glen,Week2,278.0 Riverside Gardens - 124.0 Walden Glen
Riverside Gardens,Week4,Pleasant Valley,Week2,360.0 Riverside Gardens - 42.0 Pleasant Valley
Rolling Hills,Week2,Great Falls,Week4,217.0 Great Falls - 184.0 Rolling Hills
Rolling Hills,Week1,Brandywine,Week2,223.0 Brandywine - 179.0 Rolling Hills
Rolling Hills,Week1,Brandywine,Week3,243.0 Brandywine - 159.0 Rolling Hills
Rolling Hills,Week2,Brandywine,Week4,249.0 Brandywine - 153.0 Rolling Hills
Rolling Hills,Week4,Donaldson Run,Week4,304.0 Donaldson Run - 98.0 Rolling Hills
Rolling Forest,Week3,Kings Ridge ,Week2,286.0 Rolling Forest - 116.0 Kings Ridge
Rolling Hills,Week4,Donaldson Run,Week3,302.0 Donaldson Run - 100.0 Rolling Hills
Rolling Forest,Week3,Tuckahoe,Week5,341.0 Tuckahoe - 61.0 Rolling Forest
Rolling Hills,Week2,Brandywine,Week5,258.0 Brandywine - 144.0 Rolling Hills
Rolling Forest,Week5,Truro,Week2,260.0 Rolling Forest - 142.0 Truro
Rolling Hills,Week1,Donaldson Run,Week5,326.0 Donaldson Run - 76.0 Rolling Hills
Riverside Gardens,Week4,Pleasant Valley,Week1,359.0 Riverside Gardens - 43.0 Pleasant Valley
Rolling Hills,Week5,Great Falls,Week2,206.0 Great Falls - 178.0 Rolling Hills
Rolling Hills,Week3,Donaldson Run,Week2,285.0 Donaldson Run - 117.0 Rolling Hills
Riverside Gardens,Week2,Pleasant Valley,Week3,333.0 Riverside Gardens - 69.0 Pleasant Valley
Rolling Hills,Week3,Great Falls,Week2,211.0 Great Falls - 172.0 Rolling Hills
Rolling Forest,Week2,Lake Braddock,Week2,264.0 Rolling Forest - 138.0 Lake Braddock
Rolling Hills,Week2,Brandywine,Week1,228.0 Brandywine - 174.0 Rolling Hills
Rolling Forest,Week2,Lake Braddock,Week4,264.0 Rolling Forest - 138.0 Lake Braddock
Rolling Hills,Week4,Great Falls,Week3,248.0 Great Falls - 154.0 Rolling Hills
Rolling Hills,Week3,Brandywine,Week1,218.0 Brandywine - 184.0 Rolling Hills
Riverside Gardens,Week1,Pleasant Valley,Week2,346.0 Riverside Gardens - 56.0 Pleasant Valley
Rolling Forest,Week4,Kings Ridge ,Week5,244.0 Rolling Forest - 158.0 Kings Ridge
Rolling Forest,Week3,Tuckahoe,Week1,320.0 Tuckahoe - 82.0 Rolling Forest
Riverside Gardens,Week5,Pleasant Valley,Week1,355.0 Riverside Gardens - 46.0 Pleasant Valley
Rolling Hills,Week3,Great Falls,Week5,228.0 Great Falls - 169.0 Rolling Hills
Rolling Hills,Week4,Donaldson Run,Week5,318.0 Donaldson Run - 79.0 Rolling Hills
Rolling Forest,Week2,Tuckahoe,Week1,341.5 Tuckahoe - 60.5 Rolling Forest
Rolling Forest,Week3,Lake Braddock,Week4,293.0 Rolling Forest - 109.0 Lake Braddock
Rolling Forest,Week5,Truro,Week3,256.0 Rolling Forest - 146.0 Truro
Rolling Forest,Week4,Lake Braddock,Week1,312.0 Rolling Forest - 90.0 Lake Braddock
Rolling Forest,Week3,Truro,Week2,269.0 Rolling Forest - 133.0 Truro
Rolling Hills,Week5,Great Falls,Week1,207.0 Great Falls - 195.0 Rolling Hills
Rolling Hills,Week2,Donaldson Run,Week1,303.0 Donaldson Run - 99.0 Rolling Hills
Riverside Gardens,Week1,Poplar Heights,Week1,222.5 Riverside Gardens - 179.5 Poplar Heights
Rolling Hills,Week3,Great Falls,Week3,227.0 Great Falls - 170.0 Rolling Hills
Rolling Hills,Week1,Brandywine,Week5,262.5 Brandywine - 139.5 Rolling Hills
Riverside Gardens,Week2,Pleasant Valley,Week2,337.0 Riverside Gardens - 65.0 Pleasant Valley
Riverside Gardens,Week3,Pleasant Valley,Week5,340.0 Riverside Gardens - 62.0 Pleasant Valley
Rolling Hills,Week3,Donaldson Run,Week4,306.0 Donaldson Run - 96.0 Rolling Hills
Rolling Hills,Week3,Donaldson Run,Week5,318.0 Donaldson Run - 84.0 Rolling Hills
Rolling Forest,Week3,Truro,Week1,238.0 Rolling Forest - 164.0 Truro
Riverside Gardens,Week3,Pleasant Valley,Week2,351.0 Riverside Gardens - 51.0 Pleasant Valley
Rolling Forest,Week1,Tuckahoe,Week5,351.0 Tuckahoe - 51.0 Rolling Forest
Rolling Hills,Week3,Brandywine,Week2,215.0 Brandywine - 187.0 Rolling Hills
Rolling Hills,Week3,Brandywine,Week4,237.0 Brandywine - 165.0 Rolling Hills
Rolling Forest,Week5,Lake Braddock,Week5,290.0 Rolling Forest - 112.0 Lake Braddock
Riverside Gardens,Week5,Pinewood Lake,Week4,374.0 Riverside Gardens - 27.0 Pinewood Lake
Rolling Hills,Week4,Donaldson Run,Week2,299.0 Donaldson Run - 103.0 Rolling Hills
Rolling Forest,Week1,Lakevale Estates,Week1,254.0 Lakevale Estates - 148.0 Rolling Forest
Rolling Hills,Week5,Great Falls,Week5,235.0 Great Falls - 166.0 Rolling Hills
Rolling Forest,Week1,Tuckahoe,Week1,336.0 Tuckahoe - 66.0 Rolling Forest
Rolling Forest,Week4,Lake Braddock,Week2,285.0 Rolling Forest - 117.0 Lake Braddock
Rolling Forest,Week1,Tuckahoe,Week4,356.0 Tuckahoe - 46.0 Rolling Forest
Rolling Hills,Week2,Brandywine,Week3,237.0 Brandywine - 160.0 Rolling Hills
Rolling Hills,Week2,Donaldson Run,Week3,302.0 Donaldson Run - 100.0 Rolling Hills
Rolling Hills,Week1,Greenbriar,Week4,216.0 Greenbriar - 186.0 Rolling Hills
Riverside Gardens,Week3,Pleasant Valley,Week4,354.0 Riverside Gardens - 48.0 Pleasant Valley
Riverside Gardens,Week5,Mansion House,Week4,252.0 Riverside Gardens - 150.0 Mansion House
Rolling Forest,Week1,Lakevale Estates,Week3,273.0 Lakevale Estates - 129.0 Rolling Forest
Rolling Hills,Week1,Greenbriar,Week1,238.0 Greenbriar - 164.0 Rolling Hills
Rolling Hills,Week5,Great Falls,Week3,235.0 Great Falls - 167.0 Rolling Hills
Riverside Gardens,Week5,Long Branch,Week5,295.0 Riverside Gardens - 107.0 Long Branch
Rolling Hills,Week2,Brandywine,Week2,224.0 Brandywine - 178.0 Rolling Hills
Riverside Gardens,Week2,Pleasant Valley,Week1,333.0 Riverside Gardens - 69.0 Pleasant Valley
Rolling Hills,Week2,Donaldson Run,Week4,312.0 Donaldson Run - 90.0 Rolling Hills
Rolling Hills,Week3,Great Falls,Week1,202.0 Great Falls - 198.0 Rolling Hills
Rolling Forest,Week4,Lake Braddock,Week4,290.0 Rolling Forest - 112.0 Lake Braddock
Riverside Gardens,Week2,Mansion House,Week4,233.0 Riverside Gardens - 169.0 Mansion House
Rolling Forest,Week5,Lake Braddock,Week1,320.0 Rolling Forest - 82.0 Lake Braddock
Riverside Gardens,Week5,Pleasant Valley,Week5,347.0 Riverside Gardens - 55.0 Pleasant Valley
Rolling Hills,Week2,Bren Mar-Edsall Park,Week2,345.0 Rolling Hills - 57.0 Bren Mar-Edsall Park
Rolling Hills,Week1,Greenbriar,Week5,242.0 Greenbriar - 160.0 Rolling Hills
Riverside Gardens,Week4,Mansion House,Week3,233.0 Riverside Gardens - 169.0 Mansion House
Rolling Forest,Week5,Lake Braddock,Week3,289.0 Rolling Forest - 113.0 Lake Braddock
Rolling Hills,Week4,Great Falls,Week2,212.0 Great Falls - 171.0 Rolling Hills
Rolling Forest,Week3,Truro,Week3,255.0 Rolling Forest - 147.0 Truro
Rolling Hills,Week4,Donaldson Run,Week1,305.0 Donaldson Run - 97.0 Rolling Hills
Riverside Gardens,Week5,Pinewood Lake,Week3,385.0 Riverside Gardens - 16.0 Pinewood Lake
Rolling Hills,Week3,Donaldson Run,Week3,301.0 Donaldson Run - 101.0 Rolling Hills
Rolling Hills,Week4,Brandywine,Week2,221.0 Brandywine - 181.0 Rolling Hills
Riverside Gardens,Week1,Pleasant Valley,Week4,354.0 Riverside Gardens - 48.0 Pleasant Valley
Rolling Hills,Week1,Bren Mar-Edsall Park,Week4,331.0 Rolling Hills - 70.0 Bren Mar-Edsall Park
Rolling Forest,Week5,Kings Ridge ,Week3,268.0 Rolling Forest - 134.0 Kings Ridge
Rolling Forest,Week3,Truro,Week4,243.0 Rolling Forest - 159.0 Truro
Rolling Hills,Week5,Donaldson Run,Week2,299.0 Donaldson Run - 103.0 Rolling Hills
Rolling Hills,Week3,Great Falls,Week4,220.0 Great Falls - 173.0 Rolling Hills
Rolling Hills,Week4,Brandywine,Week1,220.0 Brandywine - 182.0 Rolling Hills
Riverside Gardens,Week4,Mansion House,Week1,240.0 Riverside Gardens - 162.0 Mansion House
Rolling Forest,Week5,Truro,Week1,242.0 Rolling Forest - 160.0 Truro
Rolling Hills,Week5,Donaldson Run,Week1,301.0 Donaldson Run - 101.0 Rolling Hills
Riverside Gardens,Week2,Pleasant Valley,Week5,323.0 Riverside Gardens - 79.0 Pleasant Valley
Rolling Hills,Week4,Brandywine,Week3,232.0 Brandywine - 170.0 Rolling Hills
Riverside Gardens,Week1,Mansion House,Week2,221.0 Riverside Gardens - 181.0 Mansion House
Rolling Forest,Week4,Truro,Week3,242.0 Rolling Forest - 160.0 Truro
Riverside Gardens,Week3,Mansion House,Week5,224.0 Riverside Gardens - 178.0 Mansion House
Rolling Forest,Week1,Lake Braddock,Week1,316.0 Rolling Forest - 86.0 Lake Braddock
Rolling Hills,Week2,Greenbriar,Week3,256.0 Greenbriar - 146.0 Rolling Hills
Rolling Forest,Week3,Truro,Week5,257.0 Rolling Forest - 145.0 Truro
Riverside Gardens,Week3,Poplar Heights,Week1,250.0 Riverside Gardens - 152.0 Poplar Heights
Rolling Hills,Week2,Great Falls,Week2,196.0 Great Falls - 187.0 Rolling Hills
Rolling Forest,Week4,Truro,Week2,238.0 Rolling Forest - 164.0 Truro
Riverside Gardens,Week5,Pleasant Valley,Week3,346.0 Riverside Gardens - 56.0 Pleasant Valley
Rolling Forest,Week1,Lakevale Estates,Week2,284.0 Lakevale Estates - 118.0 Rolling Forest
Rolling Forest,Week4,Truro,Week1,229.0 Rolling Forest - 173.0 Truro
Riverside Gardens,Week2,Poplar Heights,Week1,225.0 Riverside Gardens - 177.0 Poplar Heights
Riverside Gardens,Week1,Mansion House,Week1,216.0 Riverside Gardens - 186.0 Mansion House
Riverside Gardens,Week2,Mansion House,Week5,203.0 Mansion House - 199.0 Riverside Gardens
Rolling Hills,Week5,Donaldson Run,Week4,311.0 Donaldson Run - 91.0 Rolling Hills
Riverside Gardens,Week1,Mansion House,Week5,204.0 Riverside Gardens - 198.0 Mansion House
Rolling Hills,Week3,Donaldson Run,Week1,297.0 Donaldson Run - 105.0 Rolling Hills
Rolling Hills,Week5,Brandywine,Week5,265.0 Brandywine - 137.0 Rolling Hills
Rolling Forest,Week5,Kings Ridge ,Week2,292.0 Rolling Forest - 110.0 Kings Ridge
Rolling Forest,Week4,Truro,Week4,223.0 Rolling Forest - 179.0 Truro
Rolling Forest,Week2,Tuckahoe,Week2,339.0 Tuckahoe - 63.0 Rolling Forest
Riverside Gardens,Week5,Long Branch,Week4,295.0 Riverside Gardens - 107.0 Long Branch
Rolling Hills,Week2,Bren Mar-Edsall Park,Week1,341.0 Rolling Hills - 61.0 Bren Mar-Edsall Park
Rolling Hills,Week1,Bren Mar-Edsall Park,Week5,327.0 Rolling Hills - 74.0 Bren Mar-Edsall Park
Rolling Forest,Week5,Lake Braddock,Week4,294.0 Rolling Forest - 108.0 Lake Braddock
Riverside Gardens,Week3,Pleasant Valley,Week3,347.0 Riverside Gardens - 55.0 Pleasant Valley
Rolling Hills,Week4,Great Falls,Week5,229.0 Great Falls - 172.0 Rolling Hills
Riverside Gardens,Week1,Mansion House,Week3,209.0 Riverside Gardens - 193.0 Mansion House
Rolling Forest,Week5,Truro,Week4,248.0 Rolling Forest - 154.0 Truro
Rolling Hills,Week5,Donaldson Run,Week5,323.0 Donaldson Run - 79.0 Rolling Hills
Riverside Gardens,Week3,Mansion House,Week4,254.0 Riverside Gardens - 148.0 Mansion House
Rolling Hills,Week5,Brandywine,Week3,248.0 Brandywine - 153.0 Rolling Hills
Riverside Gardens,Week5,Pinewood Lake,Week5,373.0 Riverside Gardens - 28.0 Pinewood Lake
Rolling Forest,Week1,Lake Braddock,Week5,282.0 Rolling Forest - 120.0 Lake Braddock
Rolling Hills,Week5,Great Falls,Week4,227.0 Great Falls - 174.0 Rolling Hills
Rolling Hills,Week2,Donaldson Run,Week2,287.0 Donaldson Run - 115.0 Rolling Hills
Rolling Hills,Week2,Great Falls,Week3,223.5 Great Falls - 178.5 Rolling Hills
Rolling Forest,Week2,Tuckahoe,Week4,348.0 Tuckahoe - 54.0 Rolling Forest
Rolling Hills,Week1,Bren Mar-Edsall Park,Week2,341.0 Rolling Hills - 58.0 Bren Mar-Edsall Park
Rolling Hills,Week2,Donaldson Run,Week5,316.0 Donaldson Run - 86.0 Rolling Hills
Rolling Hills,Week1,Bren Mar-Edsall Park,Week3,328.0 Rolling Hills - 74.0 Bren Mar-Edsall Park
Rolling Hills,Week5,Donaldson Run,Week3,304.0 Donaldson Run - 98.0 Rolling Hills
Rolling Forest,Week2,Lake Braddock,Week3,264.0 Rolling Forest - 138.0 Lake Braddock
Rolling Forest,Week1,Lake Braddock,Week2,286.0 Rolling Forest - 116.0 Lake Braddock
Riverside Gardens,Week4,Pleasant Valley,Week5,349.0 Riverside Gardens - 53.0 Pleasant Valley
Rolling Hills,Week1,Greenbriar,Week3,247.0 Greenbriar - 155.0 Rolling Hills
Riverside Gardens,Week2,Rolling Hills,Week4,279.0 Riverside Gardens - 123.0 Rolling Hills
Riverside Gardens,Week2,Pleasant Valley,Week4,338.0 Riverside Gardens - 64.0 Pleasant Valley
Rolling Forest,Week1,Tuckahoe,Week2,342.0 Tuckahoe - 60.0 Rolling Forest
Riverside Gardens,Week1,Pleasant Valley,Week3,343.0 Riverside Gardens - 59.0 Pleasant Valley
Rolling Hills,Week3,Greenbriar,Week1,256.0 Greenbriar - 146.0 Rolling Hills
Rolling Forest,Week1,Lake Braddock,Week3,290.0 Rolling Forest - 112.0 Lake Braddock
Riverside Gardens,Week4,Mansion House,Week2,249.0 Riverside Gardens - 153.0 Mansion House
Rolling Hills,Week5,Brandywine,Week1,226.0 Brandywine - 176.0 Rolling Hills
Riverside Gardens,Week2,Mansion House,Week3,202.0 Mansion House - 200.0 Riverside Gardens
Rolling Hills,Week5,Greenbriar,Week5,262.0 Greenbriar - 140.0 Rolling Hills
Rolling Hills,Week3,Hamlet,Week4,312.0 Hamlet - 90.0 Rolling Hills
Riverside Gardens,Week3,Mansion House,Week2,239.0 Riverside Gardens - 163.0 Mansion House
Rolling Forest,Week3,Lake Braddock,Week5,276.0 Rolling Forest - 126.0 Lake Braddock
Rolling Hills,Week3,Bren Mar-Edsall Park,Week1,344.0 Rolling Hills - 58.0 Bren Mar-Edsall Park
Riverside Gardens,Week1,Pleasant Valley,Week5,341.0 Riverside Gardens - 61.0 Pleasant Valley
Rolling Forest,Week4,Truro,Week5,229.0 Rolling Forest - 173.0 Truro
Rolling Forest,Week1,Lake Braddock,Week4,281.0 Rolling Forest - 121.0 Lake Braddock
Riverside Gardens,Week1,Rolling Hills,Week2,286.0 Riverside Gardens - 116.0 Rolling Hills
Riverside Gardens,Week3,Rolling Hills,Week1,301.0 Riverside Gardens - 101.0 Rolling Hills
Rolling Forest,Week3,Lake Braddock,Week2,303.0 Rolling Forest - 99.0 Lake Braddock
Rolling Hills,Week2,Bren Mar-Edsall Park,Week5,333.0 Rolling Hills - 69.0 Bren Mar-Edsall Park
Rolling Forest,Week2,Tuckahoe,Week5,345.0 Tuckahoe - 57.0 Rolling Forest
Riverside Gardens,Week1,Pleasant Valley,Week1,343.0 Riverside Gardens - 59.0 Pleasant Valley
Riverside Gardens,Week3,Mansion House,Week1,226.5 Riverside Gardens - 175.5 Mansion House
Rolling Hills,Week2,Greenbriar,Week5,248.0 Greenbriar - 154.0 Rolling Hills
Rolling Forest,Week3,Lake Braddock,Week1,325.0 Rolling Forest - 77.0 Lake Braddock
Riverside Gardens,Week5,Pleasant Valley,Week2,355.0 Riverside Gardens - 46.0 Pleasant Valley
Rolling Forest,Week3,Tuckahoe,Week2,331.5 Tuckahoe - 70.5 Rolling Forest
Rolling Forest,Week2,Lake Braddock,Week1,290.0 Rolling Forest - 112.0 Lake Braddock
Riverside Gardens,Week5,Pleasant Valley,Week4,361.0 Riverside Gardens - 40.0 Pleasant Valley
Rolling Hills,Week3,Bren Mar-Edsall Park,Week5,323.0 Rolling Hills - 74.0 Bren Mar-Edsall Park
Rolling Forest,Week1,Tuckahoe,Week3,351.0 Tuckahoe - 51.0 Rolling Forest
Riverside Gardens,Week4,Pleasant Valley,Week3,352.0 Riverside Gardens - 50.0 Pleasant Valley
Riverside Gardens,Week2,Rolling Hills,Week5,288.0 Riverside Gardens - 114.0 Rolling Hills
Rolling Hills,Week3,Bren Mar-Edsall Park,Week4,328.0 Rolling Hills - 66.0 Bren Mar-Edsall Park
Rolling Hills,Week3,Bren Mar-Edsall Park,Week3,331.0 Rolling Hills - 70.0 Bren Mar-Edsall Park
Rolling Forest,Week5,Kings Ridge ,Week4,273.0 Rolling Forest - 129.0 Kings Ridge
Rolling Hills,Week4,Greenbriar,Week1,250.0 Greenbriar - 151.0 Rolling Hills
Riverside Gardens,Week1,Mansion House,Week4,248.0 Riverside Gardens - 154.0 Mansion House
Rolling Hills,Week4,Bren Mar-Edsall Park,Week1,343.0 Rolling Hills - 55.0 Bren Mar-Edsall Park
Rolling Forest,Week5,Kings Ridge ,Week5,262.0 Rolling Forest - 140.0 Kings Ridge
Riverside Gardens,Week3,Rolling Hills,Week5,293.0 Riverside Gardens - 109.0 Rolling Hills
Riverside Gardens,Week4,Rolling Forest,Week5,269.0 Riverside Gardens - 133.0 Rolling Forest
Rolling Hills,Week3,Greenbriar,Week3,264.0 Greenbriar - 138.0 Rolling Hills
Riverside Gardens,Week4,Pleasant Valley,Week4,362.0 Riverside Gardens - 40.0 Pleasant Valley
Rolling Forest,Week5,Truro,Week5,253.0 Rolling Forest - 149.0 Truro
Rolling Hills,Week4,Bren Mar-Edsall Park,Week2,338.0 Rolling Hills - 58.0 Bren Mar-Edsall Park
Rolling Hills,Week4,Greenbriar,Week5,251.0 Greenbriar - 151.0 Rolling Hills
Riverside Gardens,Week4,Rolling Hills,Week5,307.0 Riverside Gardens - 95.0 Rolling Hills
Rolling Forest,Week3,Tuckahoe,Week3,339.0 Tuckahoe - 63.0 Rolling Forest
Rolling Hills,Week3,Hamlet,Week3,310.0 Hamlet - 92.0 Rolling Hills
Rolling Forest,Week2,Lake Braddock,Week5,244.0 Rolling Forest - 158.0 Lake Braddock
Riverside Gardens,Week3,Pleasant Valley,Week1,350.0 Riverside Gardens - 52.0 Pleasant Valley
Rolling Hills,Week3,Greenbriar,Week5,258.0 Greenbriar - 143.0 Rolling Hills
Riverside Gardens,Week2,Mansion House,Week2,214.0 Riverside Gardens - 188.0 Mansion House
Riverside Gardens,Week2,Mansion House,Week1,212.0 Riverside Gardens - 190.0 Mansion House
Riverside Gardens,Week4,Mansion House,Week5,232.0 Riverside Gardens - 170.0 Mansion House
Rolling Forest,Week2,Tuckahoe,Week3,343.0 Tuckahoe - 59.0 Rolling Forest
Riverside Gardens,Week5,Rolling Forest,Week5,272.0 Riverside Gardens - 130.0 Rolling Forest
Riverside Gardens,Week5,Mansion House,Week1,245.0 Riverside Gardens - 157.0 Mansion House
Riverside Gardens,Week2,Rolling Valley,Week2,332.0 Riverside Gardens - 70.0 Rolling Valley
Rolling Forest,Week5,Lake Braddock,Week2,288.0 Rolling Forest - 114.0 Lake Braddock
Riverside Gardens,Week1,Poplar Heights,Week5,214.0 Riverside Gardens - 188.0 Poplar Heights
Rolling Hills,Week4,Bren Mar-Edsall Park,Week4,326.0 Rolling Hills - 73.0 Bren Mar-Edsall Park
Rolling Hills,Week1,Hamlet,Week3,317.0 Hamlet - 85.0 Rolling Hills
Rolling Forest,Week3,Tuckahoe,Week4,340.0 Tuckahoe - 62.0 Rolling Forest
Rolling Hills,Week4,Bren Mar-Edsall Park,Week3,329.0 Rolling Hills - 71.0 Bren Mar-Edsall Park
Riverside Gardens,Week4,Mansion House,Week4,263.0 Riverside Gardens - 139.0 Mansion House
Rolling Hills,Week3,Bren Mar-Edsall Park,Week2,340.0 Rolling Hills - 55.0 Bren Mar-Edsall Park
Rolling Forest,Week1,Lakevale Estates,Week4,290.0 Lakevale Estates - 112.0 Rolling Forest
Rolling Hills,Week5,Greenbriar,Week4,241.0 Greenbriar - 161.0 Rolling Hills
Riverside Gardens,Week5,Rolling Forest,Week4,287.0 Riverside Gardens - 115.0 Rolling Forest
Rolling Hills,Week1,Hamlet,Week2,324.5 Hamlet - 77.5 Rolling Hills
Rolling Forest,Week2,Vienna Aquatic,Week1,298.0 Vienna Aquatic - 104.0 Rolling Forest
Rolling Hills,Week4,Brandywine,Week5,249.0 Brandywine - 152.0 Rolling Hills
Rolling Forest,Week4,Tuckahoe,Week2,347.0 Tuckahoe - 55.0 Rolling Forest
Riverside Gardens,Week4,Rolling Hills,Week4,308.0 Riverside Gardens - 94.0 Rolling Hills
Riverside Gardens,Week5,Mansion House,Week3,223.0 Riverside Gardens - 179.0 Mansion House
Rolling Forest,Week4,Vienna Aquatic,Week5,319.0 Vienna Aquatic - 83.0 Rolling Forest
Riverside Gardens,Week1,Poplar Heights,Week2,231.0 Riverside Gardens - 171.0 Poplar Heights
Riverside Gardens,Week2,Rolling Hills,Week1,279.0 Riverside Gardens - 123.0 Rolling Hills
Riverside Gardens,Week5,Mansion House,Week2,251.0 Riverside Gardens - 151.0 Mansion House
Rolling Forest,Week2,Vienna Aquatic,Week5,315.0 Vienna Aquatic - 87.0 Rolling Forest
Riverside Gardens,Week1,Poplar Heights,Week3,216.0 Riverside Gardens - 186.0 Poplar Heights
Rolling Hills,Week5,Greenbriar,Week2,279.0 Greenbriar - 123.0 Rolling Hills
Rolling Hills,Week2,Bren Mar-Edsall Park,Week4,333.0 Rolling Hills - 68.0 Bren Mar-Edsall Park
Riverside Gardens,Week2,Poplar Heights,Week3,216.0 Riverside Gardens - 186.0 Poplar Heights
Rolling Forest,Week4,Lake Braddock,Week3,291.0 Rolling Forest - 111.0 Lake Braddock
Rolling Forest,Week4,Lakevale Estates,Week3,280.0 Lakevale Estates - 122.0 Rolling Forest
Rolling Forest,Week3,Vienna Aquatic,Week1,278.0 Vienna Aquatic - 124.0 Rolling Forest
Riverside Gardens,Week3,Mansion House,Week3,223.0 Riverside Gardens - 179.0 Mansion House
Rolling Hills,Week5,Greenbriar,Week3,268.0 Greenbriar - 134.0 Rolling Hills
Rolling Forest,Week3,Lake Braddock,Week3,296.0 Rolling Forest - 106.0 Lake Braddock
Riverside Gardens,Week1,Rolling Valley,Week1,357.0 Riverside Gardens - 45.0 Rolling Valley
Rolling Hills,Week5,Greenbriar,Week1,242.0 Greenbriar - 160.0 Rolling Hills
Riverside Gardens,Week1,Poplar Heights,Week4,227.0 Riverside Gardens - 175.0 Poplar Heights
Rolling Hills,Week1,Bren Mar-Edsall Park,Week1,343.0 Rolling Hills - 58.0 Bren Mar-Edsall Park
Riverside Gardens,Week2,Poplar Heights,Week2,201.0 Poplar Heights - 201.0 Riverside Gardens
Riverside Gardens,Week2,Rolling Hills,Week3,280.0 Riverside Gardens - 122.0 Rolling Hills
Rolling Forest,Week4,Lake Braddock,Week5,267.0 Rolling Forest - 135.0 Lake Braddock
Rolling Forest,Week4,Tuckahoe,Week3,347.0 Tuckahoe - 55.0 Rolling Forest
Rolling Forest,Week5,Lakevale Estates,Week2,257.0 Lakevale Estates - 145.0 Rolling Forest
Rolling Hills,Week2,Brookfield ,Week3,230.0 Brookfield - 172.0 Rolling Hills
Riverside Gardens,Week2,Poplar Heights,Week4,222.0 Riverside Gardens - 180.0 Poplar Heights
Riverside Gardens,Week1,Rolling Hills,Week4,295.0 Riverside Gardens - 107.0 Rolling Hills
Rolling Hills,Week5,Brandywine,Week2,239.0 Brandywine - 163.0 Rolling Hills
Riverside Gardens,Week2,Poplar Heights,Week5,201.0 Poplar Heights - 201.0 Riverside Gardens
Riverside Gardens,Week2,Rolling Hills,Week2,273.0 Riverside Gardens - 129.0 Rolling Hills
Rolling Forest,Week3,Lakevale Estates,Week5,276.0 Lakevale Estates - 126.0 Rolling Forest
Rolling Hills,Week1,Hamlet,Week1,309.0 Hamlet - 92.0 Rolling Hills
Rolling Forest,Week1,Lakeview,Week4,242.0 Rolling Forest - 155.0 Lakeview
Rolling Hills,Week2,Hamlet,Week2,324.0 Hamlet - 78.0 Rolling Hills
Rolling Forest,Week1,Vienna Aquatic,Week1,279.0 Vienna Aquatic - 123.0 Rolling Forest
Riverside Gardens,Week5,Rolling Hills,Week5,306.0 Riverside Gardens - 96.0 Rolling Hills
Rolling Hills,Week2,Hamlet,Week1,302.0 Hamlet - 100.0 Rolling Hills
Rolling Forest,Week5,Tuckahoe,Week5,348.0 Tuckahoe - 54.0 Rolling Forest
Rolling Hills,Week5,Brandywine,Week4,255.0 Brandywine - 147.0 Rolling Hills
Rolling Forest,Week2,Vienna Aquatic,Week2,301.0 Vienna Aquatic - 101.0 Rolling Forest
Rolling Forest,Week2,Lakeview,Week3,255.0 Rolling Forest - 147.0 Lakeview
Rolling Hills,Week4,Greenbriar,Week4,222.0 Greenbriar - 179.0 Rolling Hills
Rolling Hills,Week1,Hamlet,Week4,315.0 Hamlet - 86.0 Rolling Hills
Rolling Forest,Week2,Vienna Aquatic,Week4,294.0 Vienna Aquatic - 108.0 Rolling Forest
Rolling Hills,Week4,Brookfield ,Week5,231.0 Brookfield - 166.0 Rolling Hills
Riverside Gardens,Week5,Rolling Forest,Week2,295.0 Riverside Gardens - 107.0 Rolling Forest
Rolling Hills,Week2,Bren Mar-Edsall Park,Week3,332.0 Rolling Hills - 69.0 Bren Mar-Edsall Park
Rolling Hills,Week2,Hamlet,Week4,301.0 Hamlet - 101.0 Rolling Hills
Rolling Forest,Week4,Lakevale Estates,Week4,298.0 Lakevale Estates - 104.0 Rolling Forest
Rolling Hills,Week3,Hamlet,Week1,311.0 Hamlet - 91.0 Rolling Hills
Rolling Forest,Week1,Vienna Aquatic,Week5,310.0 Vienna Aquatic - 92.0 Rolling Forest
Rolling Forest,Week3,Lakevale Estates,Week2,268.0 Lakevale Estates - 134.0 Rolling Forest
Riverside Gardens,Week4,Rolling Hills,Week2,292.5 Riverside Gardens - 109.5 Rolling Hills
Riverside Gardens,Week1,Rolling Valley,Week2,340.0 Riverside Gardens - 62.0 Rolling Valley
Rolling Forest,Week2,Vienna Aquatic,Week3,304.0 Vienna Aquatic - 98.0 Rolling Forest
Rolling Forest,Week4,Tuckahoe,Week4,355.0 Tuckahoe - 47.0 Rolling Forest
Rolling Hills,Week3,Greenbriar,Week4,217.0 Greenbriar - 185.0 Rolling Hills
Rolling Hills,Week3,Brookfield ,Week1,242.0 Brookfield - 160.0 Rolling Hills
Rolling Forest,Week4,Vienna Aquatic,Week2,296.0 Vienna Aquatic - 106.0 Rolling Forest
Rolling Forest,Week3,Lakevale Estates,Week3,266.0 Lakevale Estates - 136.0 Rolling Forest
Rolling Forest,Week1,Lakeview,Week1,285.0 Rolling Forest - 117.0 Lakeview
Rolling Hills,Week2,Hamlet,Week5,337.0 Hamlet - 65.0 Rolling Hills
Riverside Gardens,Week5,Rolling Forest,Week1,278.0 Riverside Gardens - 124.0 Rolling Forest
Riverside Gardens,Week4,Rolling Forest,Week4,289.0 Riverside Gardens - 113.0 Rolling Forest
Rolling Forest,Week5,Tuckahoe,Week1,336.0 Tuckahoe - 66.0 Rolling Forest
Rolling Hills,Week4,Brookfield ,Week2,229.0 Brookfield - 172.0 Rolling Hills
Rolling Hills,Week3,Hamlet,Week2,324.0 Hamlet - 78.0 Rolling Hills
Rolling Hills,Week1,Brookfield ,Week2,212.0 Brookfield - 190.0 Rolling Hills
Rolling Forest,Week2,Lakevale Estates,Week3,281.0 Lakevale Estates - 121.0 Rolling Forest
Rolling Hills,Week4,Greenbriar,Week2,259.0 Greenbriar - 143.0 Rolling Hills
Rolling Forest,Week1,Lakevale Estates,Week5,295.0 Lakevale Estates - 107.0 Rolling Forest
Rolling Hills,Week1,Brookfield ,Week5,214.0 Brookfield - 188.0 Rolling Hills
Riverside Gardens,Week1,Rolling Hills,Week1,293.0 Riverside Gardens - 109.0 Rolling Hills
Riverside Gardens,Week3,Rolling Hills,Week4,294.0 Riverside Gardens - 108.0 Rolling Hills
Riverside Gardens,Week5,Rolling Forest,Week3,273.0 Riverside Gardens - 129.0 Rolling Forest
Rolling Hills,Week1,Broyhill Crest,Week4,311.0 Rolling Hills - 91.0 Broyhill Crest
Rolling Hills,Week4,Brookfield ,Week4,243.0 Brookfield - 159.0 Rolling Hills
Rolling Hills,Week1,Brookfield ,Week1,243.0 Brookfield - 159.0 Rolling Hills
Rolling Hills,Week3,Hamlet,Week5,330.0 Hamlet - 72.0 Rolling Hills
Rolling Forest,Week1,Vienna Aquatic,Week2,276.0 Vienna Aquatic - 126.0 Rolling Forest
Rolling Forest,Week4,Tuckahoe,Week1,342.0 Tuckahoe - 60.0 Rolling Forest
Rolling Forest,Week5,Lakevale Estates,Week3,259.0 Lakevale Estates - 143.0 Rolling Forest
Riverside Gardens,Week1,Rolling Hills,Week5,292.5 Riverside Gardens - 109.5 Rolling Hills
Riverside Gardens,Week1,Rolling Hills,Week3,289.0 Riverside Gardens - 113.0 Rolling Hills
Riverside Gardens,Week4,Rolling Hills,Week3,297.0 Riverside Gardens - 105.0 Rolling Hills
Rolling Hills,Week2,Brookfield ,Week1,242.0 Brookfield - 160.0 Rolling Hills
Riverside Gardens,Week3,Rolling Hills,Week3,291.0 Riverside Gardens - 111.0 Rolling Hills
Rolling Forest,Week5,Tuckahoe,Week3,338.0 Tuckahoe - 64.0 Rolling Forest
Rolling Hills,Week2,Brookfield ,Week2,206.0 Brookfield - 196.0 Rolling Hills
Rolling Hills,Week4,Hamlet,Week1,314.0 Hamlet - 84.0 Rolling Hills
Rolling Forest,Week5,Lakevale Estates,Week1,238.0 Lakevale Estates - 164.0 Rolling Forest
Rolling Forest,Week2,Lakevale Estates,Week5,288.5 Lakevale Estates - 113.5 Rolling Forest
Rolling Forest,Week1,Lakeview,Week5,247.0 Rolling Forest - 141.0 Lakeview
Rolling Hills,Week4,Brookfield ,Week1,241.0 Brookfield - 161.0 Rolling Hills
Rolling Forest,Week4,Lakevale Estates,Week5,297.5 Lakevale Estates - 104.5 Rolling Forest
Rolling Forest,Week5,Tuckahoe,Week4,350.0 Tuckahoe - 52.0 Rolling Forest
Rolling Hills,Week4,Greenbriar,Week3,256.0 Greenbriar - 146.0 Rolling Hills
Rolling Hills,Week5,Bren Mar-Edsall Park,Week1,345.0 Rolling Hills - 56.0 Bren Mar-Edsall Park
Rolling Hills,Week3,Brookfield ,Week2,220.0 Brookfield - 182.0 Rolling Hills
Rolling Hills,Week5,Bren Mar-Edsall Park,Week3,328.0 Rolling Hills - 74.0 Bren Mar-Edsall Park
Riverside Gardens,Week5,Rolling Hills,Week1,302.0 Riverside Gardens - 100.0 Rolling Hills
Riverside Gardens,Week3,Rolling Hills,Week2,275.0 Riverside Gardens - 127.0 Rolling Hills
Rolling Forest,Week5,Tuckahoe,Week2,337.0 Tuckahoe - 65.0 Rolling Forest
Rolling Forest,Week3,Vienna Aquatic,Week4,275.0 Vienna Aquatic - 127.0 Rolling Forest
Rolling Hills,Week2,Hamlet,Week3,313.0 Hamlet - 89.0 Rolling Hills
Rolling Forest,Week4,Lakevale Estates,Week2,284.0 Lakevale Estates - 118.0 Rolling Forest
Rolling Forest,Week1,Lakeview,Week3,253.0 Rolling Forest - 149.0 Lakeview
Rolling Forest,Week4,Tuckahoe,Week5,351.5 Tuckahoe - 50.5 Rolling Forest
Rolling Hills,Week2,Brookfield ,Week4,240.0 Brookfield - 162.0 Rolling Hills
Rolling Hills,Week1,Hamlet,Week5,335.0 Hamlet - 67.0 Rolling Hills
Riverside Gardens,Week4,Rolling Hills,Week1,298.0 Riverside Gardens - 104.0 Rolling Hills
Rolling Forest,Week2,Lakeview,Week2,266.0 Rolling Forest - 136.0 Lakeview
Rolling Hills,Week4,Hamlet,Week4,314.0 Hamlet - 88.0 Rolling Hills
Rolling Forest,Week1,Vienna Aquatic,Week3,289.0 Vienna Aquatic - 113.0 Rolling Forest
Rolling Hills,Week4,Hamlet,Week3,319.0 Hamlet - 82.0 Rolling Hills
Rolling Forest,Week3,Vienna Aquatic,Week3,289.0 Vienna Aquatic - 113.0 Rolling Forest
Rolling Forest,Week1,Lakeview,Week2,281.0 Rolling Forest - 121.0 Lakeview
Rolling Hills,Week5,Bren Mar-Edsall Park,Week5,327.0 Rolling Hills - 75.0 Bren Mar-Edsall Park
Rolling Hills,Week4,Hamlet,Week2,328.0 Hamlet - 74.0 Rolling Hills
Riverside Gardens,Week5,Rolling Hills,Week2,301.0 Riverside Gardens - 101.0 Rolling Hills
Rolling Forest,Week4,Vienna Aquatic,Week1,305.0 Vienna Aquatic - 97.0 Rolling Forest
Rolling Hills,Week4,Hamlet,Week5,338.0 Hamlet - 64.0 Rolling Hills
Rolling Hills,Week2,Brookfield ,Week5,216.0 Brookfield - 186.0 Rolling Hills
Rolling Forest,Week3,Lakevale Estates,Week1,246.0 Lakevale Estates - 156.0 Rolling Forest
Rolling Hills,Week5,Bren Mar-Edsall Park,Week4,325.0 Rolling Hills - 77.0 Bren Mar-Edsall Park
Riverside Gardens,Week5,Rolling Hills,Week3,302.0 Riverside Gardens - 100.0 Rolling Hills
Riverside Gardens,Week1,Rolling Valley,Week3,341.0 Riverside Gardens - 61.0 Rolling Valley
Riverside Gardens,Week1,Rolling Valley,Week5,335.0 Riverside Gardens - 67.0 Rolling Valley
Rolling Forest,Week3,Vienna Aquatic,Week5,300.0 Vienna Aquatic - 102.0 Rolling Forest
Rolling Forest,Week4,Vienna Aquatic,Week4,293.5 Vienna Aquatic - 108.5 Rolling Forest
Riverside Gardens,Week5,Rolling Hills,Week4,310.0 Riverside Gardens - 91.0 Rolling Hills
Rolling Hills,Week4,Bren Mar-Edsall Park,Week5,324.0 Rolling Hills - 72.0 Bren Mar-Edsall Park
Rolling Forest,Week3,Vienna Aquatic,Week2,284.0 Vienna Aquatic - 118.0 Rolling Forest
Rolling Forest,Week2,Lakevale Estates,Week2,293.0 Lakevale Estates - 109.0 Rolling Forest
Rolling Hills,Week4,Hayfield Farm,Week4,254.0 Hayfield Farm - 148.0 Rolling Hills
Rolling Forest,Week2,Lakeview,Week1,265.0 Rolling Forest - 137.0 Lakeview
Rolling Forest,Week2,Lakevale Estates,Week1,265.0 Lakevale Estates - 137.0 Rolling Forest
Rolling Hills,Week2,Hayfield Farm,Week1,228.0 Hayfield Farm - 174.0 Rolling Hills
Rolling Hills,Week3,Brookfield ,Week3,214.0 Brookfield - 188.0 Rolling Hills
Rolling Hills,Week3,Brookfield ,Week5,214.0 Brookfield - 188.0 Rolling Hills
Rolling Forest,Week1,Vienna Aquatic,Week4,279.5 Vienna Aquatic - 122.5 Rolling Forest
Rolling Hills,Week2,Hayfield Farm,Week3,263.0 Hayfield Farm - 139.0 Rolling Hills
Rolling Forest,Week4,Vienna Aquatic,Week3,305.0 Vienna Aquatic - 97.0 Rolling Forest
Rolling Forest,Week2,Lakevale Estates,Week4,299.0 Lakevale Estates - 103.0 Rolling Forest
Riverside Gardens,Week1,Rolling Valley,Week4,331.5 Riverside Gardens - 70.5 Rolling Valley
Rolling Hills,Week4,Hayfield Farm,Week2,240.0 Hayfield Farm - 162.0 Rolling Hills
Rolling Hills,Week5,Hamlet,Week3,322.0 Hamlet - 80.0 Rolling Hills
Rolling Forest,Week5,Rolling Forest,Week5,201.0 Rolling Forest (RF1) - 201.0 Rolling Forest (RF2)
Rolling Hills,Week1,Brookfield ,Week3,217.0 Brookfield - 184.0 Rolling Hills
Rolling Forest,Week5,Vienna Aquatic,Week3,281.0 Vienna Aquatic - 121.0 Rolling Forest
Riverside Gardens,Week3,Rolling Valley,Week1,356.0 Riverside Gardens - 46.0 Rolling Valley
Rolling Forest,Week5,Lakevale Estates,Week4,277.0 Lakevale Estates - 125.0 Rolling Forest
Rolling Forest,Week1,Langley,Week2,269.0 Langley - 133.0 Rolling Forest
Rolling Hills,Week2,Hayfield Farm,Week2,247.0 Hayfield Farm - 155.0 Rolling Hills
Rolling Hills,Week5,Brookfield ,Week4,235.5 Brookfield - 166.5 Rolling Hills
Riverside Gardens,Week5,Rolling Valley,Week3,345.0 Riverside Gardens - 57.0 Rolling Valley
Rolling Hills,Week1,Herndon,Week2,289.0 Rolling Hills - 113.0 Herndon
Rolling Hills,Week5,Brookfield ,Week3,216.0 Brookfield - 186.0 Rolling Hills
Rolling Forest,Week1,Langley,Week5,252.0 Langley - 150.0 Rolling Forest
Rolling Forest,Week4,Rolling Hills,Week1,225.0 Rolling Forest - 177.0 Rolling Hills
Rolling Forest,Week5,Lakevale Estates,Week5,282.0 Lakevale Estates - 120.0 Rolling Forest
Rolling Forest,Week4,Lakevale Estates,Week1,265.0 Lakevale Estates - 137.0 Rolling Forest
Rolling Hills,Week5,Bren Mar-Edsall Park,Week2,346.0 Rolling Hills - 56.0 Bren Mar-Edsall Park
Riverside Gardens,Week4,Rolling Valley,Week5,346.0 Riverside Gardens - 56.0 Rolling Valley
Rolling Forest,Week3,Lakevale Estates,Week4,288.0 Lakevale Estates - 114.0 Rolling Forest
Rolling Forest,Week3,Lakeview,Week5,261.0 Rolling Forest - 132.0 Lakeview
Rolling Hills,Week3,Brookfield ,Week4,225.0 Brookfield - 177.0 Rolling Hills
Rolling Hills,Week5,Hamlet,Week1,315.0 Hamlet - 87.0 Rolling Hills
Rolling Forest,Week5,Vienna Aquatic,Week2,279.0 Vienna Aquatic - 123.0 Rolling Forest
Riverside Gardens,Week1,Rutherford,Week2,323.0 Riverside Gardens - 79.0 Rutherford
Rolling Hills,Week5,Hamlet,Week4,312.0 Hamlet - 90.0 Rolling Hills
Rolling Forest,Week5,Vienna Aquatic,Week4,276.0 Vienna Aquatic - 126.0 Rolling Forest
Rolling Forest,Week5,Vienna Aquatic,Week1,277.0 Vienna Aquatic - 125.0 Rolling Forest
Rolling Hills,Week4,Hayfield Farm,Week1,237.5 Hayfield Farm - 164.5 Rolling Hills
Rolling Hills,Week3,Hayfield Farm,Week2,244.0 Hayfield Farm - 158.0 Rolling Hills
Rolling Hills,Week4,Brookfield ,Week3,222.0 Brookfield - 176.0 Rolling Hills
Rolling Hills,Week5,Hamlet,Week2,323.0 Hamlet - 79.0 Rolling Hills
Rolling Forest,Week5,Rolling Forest,Week3,218.0 Rolling Forest (RF2) - 184.0 Rolling Forest (RF1)
Riverside Gardens,Week4,Rolling Valley,Week4,347.0 Riverside Gardens - 55.0 Rolling Valley
Riverside Gardens,Week2,Rolling Valley,Week1,350.0 Riverside Gardens - 52.0 Rolling Valley
Riverside Gardens,Week5,Rolling Valley,Week2,341.0 Riverside Gardens - 61.0 Rolling Valley
Rolling Hills,Week1,Brookfield ,Week4,238.0 Brookfield - 164.0 Rolling Hills
Rolling Forest,Week3,Lakeview,Week3,267.0 Rolling Forest - 135.0 Lakeview
Rolling Hills,Week5,Hamlet,Week5,336.0 Hamlet - 66.0 Rolling Hills
Rolling Hills,Week5,Brookfield ,Week2,224.0 Brookfield - 178.0 Rolling Hills
Riverside Gardens,Week1,Rutherford,Week3,306.5 Riverside Gardens - 95.5 Rutherford
Rolling Forest,Week1,Langley,Week1,276.0 Langley - 126.0 Rolling Forest
Rolling Hills,Week3,Hayfield Farm,Week1,231.0 Hayfield Farm - 171.0 Rolling Hills
Rolling Hills,Week5,Brookfield ,Week5,215.0 Brookfield - 187.0 Rolling Hills
Rolling Hills,Week5,Brookfield ,Week1,239.0 Brookfield - 163.0 Rolling Hills
Rolling Hills,Week1,Broyhill Crest,Week3,320.0 Rolling Hills - 81.0 Broyhill Crest
Rolling Hills,Week1,Hayfield Farm,Week4,249.0 Hayfield Farm - 153.0 Rolling Hills
Rolling Forest,Week1,Rolling Hills,Week4,214.0 Rolling Forest - 187.0 Rolling Hills
Rolling Forest,Week2,Langley,Week2,278.0 Langley - 124.0 Rolling Forest
Rolling Forest,Week3,Langley,Week2,248.0 Langley - 154.0 Rolling Forest
Riverside Gardens,Week3,Rolling Valley,Week2,338.0 Riverside Gardens - 64.0 Rolling Valley
Riverside Gardens,Week1,Rutherford,Week4,311.0 Riverside Gardens - 91.0 Rutherford
Rolling Forest,Week1,Rolling Hills,Week2,211.0 Rolling Forest - 191.0 Rolling Hills
Rolling Forest,Week3,Rolling Hills,Week1,246.0 Rolling Forest - 156.0 Rolling Hills
Riverside Gardens,Week3,Rolling Valley,Week3,350.0 Riverside Gardens - 52.0 Rolling Valley
Riverside Gardens,Week5,Rolling Valley,Week5,339.0 Riverside Gardens - 63.0 Rolling Valley
Rolling Forest,Week5,Lakeview,Week5,273.0 Rolling Forest - 120.0 Lakeview
Rolling Hills,Week1,Broyhill Crest,Week1,310.0 Rolling Hills - 91.0 Broyhill Crest
Riverside Gardens,Week4,Rolling Valley,Week3,354.5 Riverside Gardens - 47.5 Rolling Valley
Rolling Hills,Week1,Hayfield Farm,Week5,233.0 Hayfield Farm - 169.0 Rolling Hills
Riverside Gardens,Week1,Rutherford,Week5,303.0 Riverside Gardens - 99.0 Rutherford
Rolling Forest,Week4,Langley,Week2,278.0 Langley - 124.0 Rolling Forest
Rolling Hills,Week5,Broyhill Crest,Week2,321.0 Rolling Hills - 81.0 Broyhill Crest
Rolling Forest,Week1,Langley,Week3,271.0 Langley - 131.0 Rolling Forest
Riverside Gardens,Week3,Rolling Valley,Week5,345.0 Riverside Gardens - 57.0 Rolling Valley
Rolling Hills,Week1,Burke Station,Week4,253.0 Rolling Hills - 149.0 Burke Station
Rolling Forest,Week4,Rolling Forest,Week5,242.0 Rolling Forest (RF2) - 160.0 Rolling Forest (RF1)
Rolling Hills,Week1,Hayfield Farm,Week3,252.0 Hayfield Farm - 150.0 Rolling Hills
Rolling Hills,Week1,Hayfield Farm,Week1,226.0 Hayfield Farm - 176.0 Rolling Hills
Rolling Forest,Week2,Rolling Hills,Week1,220.0 Rolling Forest - 182.0 Rolling Hills
Rolling Forest,Week5,Rolling Forest,Week4,242.0 Rolling Forest (RF1) - 160.0 Rolling Forest (RF2)
Rolling Hills,Week3,Hayfield Farm,Week5,233.0 Hayfield Farm - 169.0 Rolling Hills
Rolling Forest,Week5,Rolling Forest,Week2,255.5 Rolling Forest (RF1) - 146.5 Rolling Forest (RF2)
Rolling Forest,Week2,Langley,Week5,271.0 Langley - 126.0 Rolling Forest
Rolling Forest,Week2,Rolling Hills,Week2,204.0 Rolling Forest - 198.0 Rolling Hills
Rolling Hills,Week1,Hayfield Farm,Week2,247.0 Hayfield Farm - 155.0 Rolling Hills
Rolling Hills,Week1,Broyhill Crest,Week2,322.0 Rolling Hills - 80.0 Broyhill Crest
Rolling Forest,Week3,Rolling Hills,Week2,234.0 Rolling Forest - 168.0 Rolling Hills
Rolling Forest,Week3,Rolling Hills,Week3,244.0 Rolling Forest - 158.0 Rolling Hills
Rolling Hills,Week3,Hayfield Farm,Week3,251.0 Hayfield Farm - 151.0 Rolling Hills
Rolling Hills,Week1,Burke Station,Week2,253.0 Rolling Hills - 145.0 Burke Station
Rolling Forest,Week5,Rolling Forest,Week1,227.0 Rolling Forest (RF1) - 175.0 Rolling Forest (RF2)
Rolling Forest,Week5,Lakeview,Week2,293.0 Rolling Forest - 109.0 Lakeview
Rolling Forest,Week3,Lakeview,Week2,293.0 Rolling Forest - 109.0 Lakeview
Rolling Forest,Week4,Langley,Week3,279.0 Langley - 123.0 Rolling Forest
Rolling Hills,Week2,Hayfield Farm,Week5,223.0 Hayfield Farm - 179.0 Rolling Hills
Rolling Forest,Week2,Langley,Week1,282.0 Langley - 120.0 Rolling Forest
Riverside Gardens,Week4,Rolling Valley,Week1,359.0 Riverside Gardens - 43.0 Rolling Valley
Rolling Hills,Week3,Broyhill Crest,Week1,308.0 Rolling Hills - 91.0 Broyhill Crest
Rolling Hills,Week1,Burke Station,Week1,208.0 Rolling Hills - 167.0 Burke Station
Riverside Gardens,Week5,Rolling Valley,Week4,339.0 Riverside Gardens - 63.0 Rolling Valley
Rolling Forest,Week4,Lakeview,Week4,248.0 Rolling Forest - 154.0 Lakeview
Riverside Gardens,Week5,Rolling Valley,Week1,355.0 Riverside Gardens - 47.0 Rolling Valley
Riverside Gardens,Week2,Rolling Valley,Week3,330.0 Riverside Gardens - 72.0 Rolling Valley
Rolling Hills,Week4,Hayfield Farm,Week3,254.0 Hayfield Farm - 148.0 Rolling Hills
Rolling Hills,Week4,Hayfield Farm,Week5,232.0 Hayfield Farm - 170.0 Rolling Hills
Rolling Hills,Week1,Broyhill Crest,Week5,306.0 Rolling Hills - 95.0 Broyhill Crest
Rolling Forest,Week3,Rolling Hills,Week5,244.0 Rolling Forest - 158.0 Rolling Hills
Rolling Hills,Week5,Hayfield Farm,Week1,224.0 Hayfield Farm - 178.0 Rolling Hills
Riverside Gardens,Week2,Rolling Valley,Week4,329.0 Riverside Gardens - 73.0 Rolling Valley
Rolling Hills,Week1,Burke Station,Week3,217.0 Rolling Hills - 178.0 Burke Station
Rolling Forest,Week3,Rolling Hills,Week4,238.0 Rolling Forest - 164.0 Rolling Hills
Rolling Forest,Week2,Lakeview,Week4,233.0 Rolling Forest - 169.0 Lakeview
Riverside Gardens,Week1,Rutherford,Week1,327.0 Riverside Gardens - 75.0 Rutherford
Rolling Forest,Week3,Lakeview,Week1,295.0 Rolling Forest - 107.0 Lakeview
Riverside Gardens,Week2,Rutherford,Week1,313.0 Riverside Gardens - 89.0 Rutherford
Rolling Forest,Week3,Rolling Valley,Week2,280.0 Rolling Forest - 122.0 Rolling Valley
Rolling Forest,Week2,Rolling Hills,Week5,213.0 Rolling Forest - 189.0 Rolling Hills
Rolling Hills,Week5,Broyhill Crest,Week1,311.0 Rolling Hills - 91.0 Broyhill Crest
Rolling Hills,Week2,Broyhill Crest,Week2,323.5 Rolling Hills - 78.5 Broyhill Crest
Rolling Hills,Week2,Broyhill Crest,Week5,309.0 Rolling Hills - 93.0 Broyhill Crest
Rolling Hills,Week5,Hayfield Farm,Week2,253.0 Hayfield Farm - 149.0 Rolling Hills
Riverside Gardens,Week3,Rolling Valley,Week4,340.0 Riverside Gardens - 62.0 Rolling Valley
Rolling Forest,Week5,Lakeview,Week1,297.0 Rolling Forest - 105.0 Lakeview
Rolling Forest,Week3,Lakeview,Week4,257.0 Rolling Forest - 145.0 Lakeview
Rolling Hills,Week4,Broyhill Crest,Week2,312.0 Rolling Hills - 89.0 Broyhill Crest
Riverside Gardens,Week4,Rolling Valley,Week2,350.0 Riverside Gardens - 52.0 Rolling Valley
Rolling Hills,Week3,Hayfield Farm,Week4,245.0 Hayfield Farm - 157.0 Rolling Hills
Riverside Gardens,Week5,Riverside Gardens,Week2,283.0 Riverside Gardens (RG1) - 119.0 Riverside Gardens (RG2)
Riverside Gardens,Week2,Rutherford,Week2,311.0 Riverside Gardens - 91.0 Rutherford
Rolling Hills,Week2,Hayfield Farm,Week4,241.0 Hayfield Farm - 161.0 Rolling Hills
Rolling Forest,Week1,Rolling Valley,Week5,273.5 Rolling Forest - 128.5 Rolling Valley
Rolling Hills,Week5,Hayfield Farm,Week4,247.0 Hayfield Farm - 155.0 Rolling Hills
Rolling Forest,Week4,Lakeview,Week2,286.0 Rolling Forest - 116.0 Lakeview
Rolling Hills,Week3,Broyhill Crest,Week3,325.5 Rolling Hills - 71.5 Broyhill Crest
Rolling Hills,Week5,Hayfield Farm,Week5,233.0 Hayfield Farm - 169.0 Rolling Hills
Rolling Hills,Week5,Hayfield Farm,Week3,261.0 Hayfield Farm - 141.0 Rolling Hills
Rolling Hills,Week4,Broyhill Crest,Week1,319.0 Rolling Hills - 75.0 Broyhill Crest
Rolling Forest,Week2,Rolling Hills,Week3,214.0 Rolling Forest - 188.0 Rolling Hills
Rolling Forest,Week4,Lakeview,Week1,286.0 Rolling Forest - 116.0 Lakeview
Rolling Forest,Week4,Lakeview,Week5,245.0 Rolling Forest - 148.0 Lakeview
Rolling Forest,Week4,Rolling Forest,Week4,201.0 Rolling Forest (RF1) - 201.0 Rolling Forest (RF2)
Rolling Hills,Week4,Broyhill Crest,Week5,306.0 Rolling Hills - 91.0 Broyhill Crest
Riverside Gardens,Week2,Rolling Valley,Week5,330.0 Riverside Gardens - 72.0 Rolling Valley
Rolling Forest,Week4,Rolling Hills,Week4,211.0 Rolling Forest - 190.0 Rolling Hills
Rolling Hills,Week1,Herndon,Week1,286.0 Rolling Hills - 115.0 Herndon
Rolling Forest,Week1,Rolling Valley,Week4,269.0 Rolling Forest - 133.0 Rolling Valley
Rolling Hills,Week5,Broyhill Crest,Week4,313.0 Rolling Hills - 89.0 Broyhill Crest
Rolling Hills,Week1,Burke Station,Week5,226.0 Rolling Hills - 176.0 Burke Station
Rolling Hills,Week1,Herndon,Week3,286.0 Rolling Hills - 114.0 Herndon
Rolling Forest,Week1,Rolling Hills,Week1,229.0 Rolling Forest - 173.0 Rolling Hills
Rolling Hills,Week4,Herndon,Week3,283.5 Rolling Hills - 114.5 Herndon
Rolling Forest,Week1,Rolling Hills,Week3,236.0 Rolling Forest - 166.0 Rolling Hills
Riverside Gardens,Week1,Rolling Forest,Week1,262.0 Riverside Gardens - 140.0 Rolling Forest
Rolling Forest,Week1,Rolling Hills,Week5,229.0 Rolling Forest - 173.0 Rolling Hills
Riverside Gardens,Week1,Rolling Forest,Week4,268.0 Riverside Gardens - 134.0 Rolling Forest
Rolling Forest,Week4,Rolling Hills,Week2,224.0 Rolling Forest - 178.0 Rolling Hills
Rolling Forest,Week2,Langley,Week3,277.0 Langley - 125.0 Rolling Forest
Rolling Forest,Week2,Lakeview,Week5,232.0 Rolling Forest - 161.0 Lakeview
Rolling Hills,Week4,Herndon,Week2,285.0 Rolling Hills - 116.0 Herndon
Rolling Forest,Week5,Lakeview,Week4,270.0 Rolling Forest - 132.0 Lakeview
Rolling Hills,Week2,Hiddenbrook,Week2,253.0 Rolling Hills - 149.0 Hiddenbrook
Riverside Gardens,Week2,Rolling Forest,Week5,248.0 Riverside Gardens - 154.0 Rolling Forest
Rolling Hills,Week2,Broyhill Crest,Week3,332.0 Rolling Hills - 70.0 Broyhill Crest
Riverside Gardens,Week1,Riverside Gardens,Week5,259.0 Riverside Gardens (RG2) - 143.0 Riverside Gardens (RG1)
Rolling Hills,Week5,Herndon,Week2,276.0 Rolling Hills - 126.0 Herndon
Riverside Gardens,Week3,Riverside Gardens,Week1,226.0 Riverside Gardens (RG1) - 176.0 Riverside Gardens (RG2)
Rolling Forest,Week2,Rolling Hills,Week4,203.0 Rolling Forest - 198.0 Rolling Hills
Rolling Hills,Week5,Herndon,Week1,284.0 Rolling Hills - 117.0 Herndon
Rolling Forest,Week2,Langley,Week4,279.0 Langley - 123.0 Rolling Forest
Rolling Hills,Week2,Burke Station,Week2,243.0 Rolling Hills - 158.0 Burke Station
Rolling Forest,Week1,Langley,Week4,275.0 Langley - 127.0 Rolling Forest
Riverside Gardens,Week4,Riverside Gardens,Week5,232.0 Riverside Gardens (RG2) - 170.0 Riverside Gardens (RG1)
Rolling Forest,Week5,Lakeview,Week3,269.0 Rolling Forest - 133.0 Lakeview
Rolling Forest,Week4,Lakeview,Week3,265.0 Rolling Forest - 137.0 Lakeview
Rolling Forest,Week4,Rolling Hills,Week3,217.0 Rolling Forest - 185.0 Rolling Hills
Rolling Hills,Week4,Broyhill Crest,Week3,327.0 Rolling Hills - 71.0 Broyhill Crest
Rolling Hills,Week5,Broyhill Crest,Week5,303.0 Rolling Hills - 99.0 Broyhill Crest
Rolling Forest,Week5,Rolling Hills,Week2,238.0 Rolling Forest - 164.0 Rolling Hills
Rolling Forest,Week3,Langley,Week1,249.0 Langley - 153.0 Rolling Forest
Riverside Gardens,Week1,Rolling Forest,Week5,258.0 Riverside Gardens - 144.0 Rolling Forest
Riverside Gardens,Week3,Riverside Gardens,Week4,225.0 Riverside Gardens (RG2) - 177.0 Riverside Gardens (RG1)
Rolling Hills,Week3,Herndon,Week1,299.0 Rolling Hills - 95.0 Herndon
Rolling Hills,Week2,Broyhill Crest,Week4,317.0 Rolling Hills - 85.0 Broyhill Crest
Rolling Forest,Week4,Rolling Hills,Week5,226.0 Rolling Forest - 176.0 Rolling Hills
Rolling Hills,Week1,Herndon,Week4,286.0 Rolling Hills - 116.0 Herndon
Rolling Hills,Week2,Burke Station,Week3,216.5 Rolling Hills - 179.5 Burke Station
Rolling Forest,Week5,Langley,Week5,235.0 Langley - 167.0 Rolling Forest
Rolling Forest,Week3,Langley,Week5,240.0 Langley - 162.0 Rolling Forest
Rolling Hills,Week3,Herndon,Week2,289.0 Rolling Hills - 107.0 Herndon
Rolling Hills,Week3,Broyhill Crest,Week4,308.0 Rolling Hills - 93.0 Broyhill Crest
Rolling Hills,Week4,Herndon,Week5,277.0 Rolling Hills - 124.0 Herndon
Rolling Forest,Week3,Langley,Week4,251.0 Langley - 151.0 Rolling Forest
Rolling Hills,Week4,Herndon,Week4,284.0 Rolling Hills - 118.0 Herndon
Rolling Hills,Week3,Broyhill Crest,Week2,320.0 Rolling Hills - 81.0 Broyhill Crest
Riverside Gardens,Week1,Riverside Gardens,Week4,241.0 Riverside Gardens (RG2) - 161.0 Riverside Gardens (RG1)
Rolling Forest,Week5,Rolling Hills,Week3,235.0 Rolling Forest - 167.0 Rolling Hills
Rolling Hills,Week4,Broyhill Crest,Week4,316.0 Rolling Hills - 84.0 Broyhill Crest
Rolling Hills,Week2,Herndon,Week2,283.0 Rolling Hills - 119.0 Herndon
Riverside Gardens,Week2,Riverside Gardens,Week2,198.5 Riverside Gardens (RG1) - 198.5 Riverside Gardens (RG2)
Rolling Forest,Week3,Langley,Week3,252.0 Langley - 150.0 Rolling Forest
Rolling Hills,Week3,Broyhill Crest,Week5,294.0 Rolling Hills - 107.0 Broyhill Crest
Rolling Forest,Week1,Rolling Valley,Week1,319.0 Rolling Forest - 83.0 Rolling Valley
Riverside Gardens,Week1,Riverside Gardens,Week1,201.0 Riverside Gardens (RG1) - 201.0 Riverside Gardens (RG2)
Rolling Forest,Week5,Rolling Hills,Week5,240.5 Rolling Forest - 161.5 Rolling Hills
Riverside Gardens,Week1,Riverside Gardens,Week3,226.0 Riverside Gardens (RG2) - 176.0 Riverside Gardens (RG1)
Riverside Gardens,Week2,Riverside Gardens,Week1,228.0 Riverside Gardens (RG2) - 174.0 Riverside Gardens (RG1)
Rolling Forest,Week1,Rolling Valley,Week3,277.0 Rolling Forest - 125.0 Rolling Valley
Rolling Forest,Week4,Langley,Week1,275.0 Langley - 127.0 Rolling Forest
Rolling Hills,Week2,Broyhill Crest,Week1,313.0 Rolling Hills - 89.0 Broyhill Crest
Rolling Forest,Week2,Rolling Valley,Week1,295.0 Rolling Forest - 107.0 Rolling Valley
Rolling Hills,Week1,Herndon,Week5,284.0 Rolling Hills - 118.0 Herndon
Riverside Gardens,Week2,Rolling Forest,Week2,271.0 Riverside Gardens - 131.0 Rolling Forest
Riverside Gardens,Week5,Riverside Gardens,Week1,259.0 Riverside Gardens (RG1) - 143.0 Riverside Gardens (RG2)
Riverside Gardens,Week2,Riverside Gardens,Week5,283.0 Riverside Gardens (RG2) - 119.0 Riverside Gardens (RG1)
Rolling Hills,Week2,Burke Station,Week1,222.0 Rolling Hills - 156.0 Burke Station
Rolling Forest,Week5,Langley,Week4,263.0 Langley - 139.0 Rolling Forest
Rolling Forest,Week4,Laurel Hill,Week1,241.0 Rolling Forest - 161.0 Laurel Hill
Rolling Forest,Week1,Laurel Hill,Week4,265.0 Rolling Forest - 137.0 Laurel Hill
Rolling Hills,Week5,Broyhill Crest,Week3,322.0 Rolling Hills - 80.0 Broyhill Crest
Rolling Hills,Week4,Herndon,Week1,283.0 Rolling Hills - 113.0 Herndon
Rolling Hills,Week3,Herndon,Week3,292.0 Rolling Hills - 104.0 Herndon
Rolling Forest,Week2,Rolling Valley,Week2,248.0 Rolling Forest - 154.0 Rolling Valley
Rolling Forest,Week1,Rolling Valley,Week2,275.0 Rolling Forest - 127.0 Rolling Valley
Rolling Hills,Week5,Stratford,Week2,218.0 Rolling Hills - 184.0 Stratford
Rolling Hills,Week2,Stratford,Week1,238.5 Rolling Hills - 163.5 Stratford
Rolling Valley,Week5,High Point Pool,Week3,327.0 High Point Pool - 75.0 Rolling Valley
Rutherford,Week5,Canterbury Woods,Week3,235.0 Canterbury Woods - 167.0 Rutherford
Rutherford,Week4,Cardinal Hill,Week1,304.0 Cardinal Hill - 98.0 Rutherford
Rolling Hills,Week4,Ravensworth Farm,Week4,267.0 Ravensworth Farm - 135.0 Rolling Hills
Rolling Valley,Week4,High Point Pool,Week1,317.0 High Point Pool - 85.0 Rolling Valley
Rolling Hills,Week5,Langley,Week4,305.0 Langley - 97.0 Rolling Hills
Rutherford,Week1,Cardinal Hill,Week3,325.0 Cardinal Hill - 77.0 Rutherford
Rolling Valley,Week2,High Point Pool,Week5,332.0 High Point Pool - 70.0 Rolling Valley
Rolling Hills,Week2,Sully Station,Week1,278.0 Sully Station - 124.0 Rolling Hills
Rutherford,Week4,Greenbriar,Week3,260.0 Greenbriar - 142.0 Rutherford
Rolling Hills,Week2,Sully Station,Week4,288.0 Sully Station - 114.0 Rolling Hills
Rolling Hills,Week3,Poplar Tree,Week5,299.0 Poplar Tree - 103.0 Rolling Hills
Rutherford,Week3,Cardinal Hill,Week5,291.0 Cardinal Hill - 110.0 Rutherford
Rutherford,Week3,Greenbriar,Week5,269.0 Greenbriar - 133.0 Rutherford
Rutherford,Week2,Cardinal Hill,Week3,331.0 Cardinal Hill - 71.0 Rutherford
Rolling Valley,Week5,Ravensworth Farm,Week3,313.0 Ravensworth Farm - 89.0 Rolling Valley
Rolling Hills,Week2,Laurel Hill,Week4,250.0 Rolling Hills - 152.0 Laurel Hill
Rolling Valley,Week5,Ravensworth Farm,Week2,289.0 Ravensworth Farm - 113.0 Rolling Valley
Rolling Valley,Week2,High Point Pool,Week3,334.0 High Point Pool - 68.0 Rolling Valley
Rutherford,Week1,Greenbriar,Week1,276.0 Greenbriar - 126.0 Rutherford
Rolling Hills,Week5,Langley,Week3,277.0 Langley - 125.0 Rolling Hills
Rolling Valley,Week5,Poplar Tree,Week1,305.0 Poplar Tree - 97.0 Rolling Valley
Rolling Valley,Week5,High Point Pool,Week1,308.0 High Point Pool - 94.0 Rolling Valley
Rutherford,Week4,Greenbriar,Week1,253.0 Greenbriar - 149.0 Rutherford
Rolling Valley,Week4,Poplar Tree,Week3,300.0 Poplar Tree - 102.0 Rolling Valley
Rolling Hills,Week2,Laurel Hill,Week1,248.0 Rolling Hills - 154.0 Laurel Hill
Rolling Hills,Week3,Sully Station,Week2,286.0 Sully Station - 111.0 Rolling Hills
Rolling Hills,Week3,Laurel Hill,Week1,245.0 Rolling Hills - 155.0 Laurel Hill
Rolling Valley,Week2,Ravensworth Farm,Week3,321.0 Ravensworth Farm - 81.0 Rolling Valley
Rolling Hills,Week5,Poplar Tree,Week1,305.0 Poplar Tree - 97.0 Rolling Hills
Rolling Hills,Week4,Stratford,Week3,227.0 Rolling Hills - 174.0 Stratford
Rutherford,Week4,Greenbriar,Week5,246.0 Greenbriar - 156.0 Rutherford
Rolling Valley,Week3,Ravensworth Farm,Week3,325.0 Ravensworth Farm - 77.0 Rolling Valley
Rolling Hills,Week5,Langley,Week2,290.0 Langley - 112.0 Rolling Hills
Rolling Hills,Week3,Ravensworth Farm,Week2,217.0 Ravensworth Farm - 185.0 Rolling Hills
Rutherford,Week2,Cardinal Hill,Week5,308.0 Cardinal Hill - 93.0 Rutherford
Rolling Hills,Week1,Sully Station,Week3,285.0 Sully Station - 117.0 Rolling Hills
Rutherford,Week2,Cardinal Hill,Week2,306.0 Cardinal Hill - 96.0 Rutherford
Rolling Hills,Week1,Laurel Hill,Week1,246.0 Rolling Hills - 155.0 Laurel Hill
Rutherford,Week2,Greenbriar,Week4,262.5 Greenbriar - 139.5 Rutherford
Rolling Hills,Week2,Ravensworth Farm,Week1,239.0 Ravensworth Farm - 163.0 Rolling Hills
Rolling Hills,Week4,Poplar Tree,Week5,307.0 Poplar Tree - 95.0 Rolling Hills
Rolling Hills,Week2,Laurel Hill,Week5,208.0 Rolling Hills - 194.0 Laurel Hill
Rolling Valley,Week5,Hiddenbrook,Week4,266.0 Hiddenbrook - 136.0 Rolling Valley
Rolling Valley,Week4,Hiddenbrook,Week1,233.0 Hiddenbrook - 169.0 Rolling Valley
Rolling Hills,Week4,Ravensworth Farm,Week2,232.0 Ravensworth Farm - 169.0 Rolling Hills
Rolling Valley,Week3,Hiddenbrook,Week4,270.0 Hiddenbrook - 132.0 Rolling Valley
Rolling Hills,Week1,Laurel Hill,Week2,265.0 Rolling Hills - 135.0 Laurel Hill
Rutherford,Week5,Canterbury Woods,Week2,207.0 Rutherford - 194.0 Canterbury Woods
Rolling Valley,Week4,Hiddenbrook,Week3,252.0 Hiddenbrook - 150.0 Rolling Valley
Rolling Valley,Week3,Ravensworth Farm,Week2,291.0 Ravensworth Farm - 111.0 Rolling Valley
Rutherford,Week4,Greenbriar,Week2,268.0 Greenbriar - 134.0 Rutherford
Rolling Valley,Week1,Riverside Gardens,Week4,359.0 Riverside Gardens - 43.0 Rolling Valley
Rolling Hills,Week3,Ravensworth Farm,Week5,282.0 Ravensworth Farm - 120.0 Rolling Hills
Rutherford,Week2,Greenbriar,Week5,277.0 Greenbriar - 125.0 Rutherford
Rolling Hills,Week1,Ravensworth Farm,Week3,280.0 Ravensworth Farm - 121.0 Rolling Hills
Rolling Hills,Week3,Stratford,Week1,247.0 Rolling Hills - 155.0 Stratford
Rolling Hills,Week4,Stratford,Week4,219.0 Rolling Hills - 182.0 Stratford
Rutherford,Week1,Greenbriar,Week3,277.0 Greenbriar - 125.0 Rutherford
Rolling Hills,Week1,Laurel Hill,Week4,246.0 Rolling Hills - 156.0 Laurel Hill
Rolling Valley,Week4,High Point Pool,Week4,317.0 High Point Pool - 85.0 Rolling Valley
Rolling Hills,Week2,Sully Station,Week5,296.0 Sully Station - 106.0 Rolling Hills
Rolling Hills,Week4,Laurel Hill,Week3,230.0 Rolling Hills - 170.0 Laurel Hill
Rolling Valley,Week2,Ravensworth Farm,Week5,324.0 Ravensworth Farm - 78.0 Rolling Valley
Rutherford,Week5,Greenbriar,Week1,254.0 Greenbriar - 148.0 Rutherford
Rutherford,Week3,Cardinal Hill,Week4,301.0 Cardinal Hill - 101.0 Rutherford
Rutherford,Week2,Chesterbrook,Week2,378.0 Chesterbrook - 24.0 Rutherford
Rolling Hills,Week5,Laurel Hill,Week2,264.0 Rolling Hills - 138.0 Laurel Hill
Rolling Valley,Week2,Ravensworth Farm,Week2,291.0 Ravensworth Farm - 111.0 Rolling Valley
Rolling Hills,Week2,Laurel Hill,Week2,274.0 Rolling Hills - 123.0 Laurel Hill
Rolling Valley,Week2,Riverside Gardens,Week4,350.0 Riverside Gardens - 52.0 Rolling Valley
Rolling Hills,Week5,Poplar Tree,Week2,274.0 Poplar Tree - 128.0 Rolling Hills
Rolling Hills,Week1,Ravensworth Farm,Week1,249.0 Ravensworth Farm - 153.0 Rolling Hills
Rutherford,Week3,Cardinal Hill,Week3,311.0 Cardinal Hill - 91.0 Rutherford
Rolling Valley,Week2,Riverside Gardens,Week1,340.0 Riverside Gardens - 62.0 Rolling Valley
Rutherford,Week2,Cardinal Hill,Week4,313.0 Cardinal Hill - 89.0 Rutherford
Rolling Hills,Week1,Ravensworth Farm,Week4,267.0 Ravensworth Farm - 135.0 Rolling Hills
Rolling Valley,Week1,High Point Pool,Week4,347.0 High Point Pool - 55.0 Rolling Valley
Rolling Hills,Week4,Stratford,Week1,243.0 Rolling Hills - 150.0 Stratford
Rutherford,Week5,Greenbriar,Week3,281.0 Greenbriar - 121.0 Rutherford
Rolling Valley,Week3,Ravensworth Farm,Week4,317.0 Ravensworth Farm - 85.0 Rolling Valley
Rutherford,Week3,Greenbriar,Week2,281.0 Greenbriar - 121.0 Rutherford
Rutherford,Week4,Greenbriar,Week4,234.0 Greenbriar - 168.0 Rutherford
Rolling Hills,Week5,Laurel Hill,Week1,245.0 Rolling Hills - 157.0 Laurel Hill
Rolling Hills,Week2,Laurel Hill,Week3,243.0 Rolling Hills - 159.0 Laurel Hill
Rutherford,Week3,Greenbriar,Week3,278.5 Greenbriar - 123.5 Rutherford
Rolling Hills,Week3,Sully Station,Week3,290.0 Sully Station - 112.0 Rolling Hills
Rolling Valley,Week5,Hiddenbrook,Week3,247.0 Hiddenbrook - 155.0 Rolling Valley
Rolling Valley,Week5,Ravensworth Farm,Week5,322.0 Ravensworth Farm - 80.0 Rolling Valley
Rolling Hills,Week2,Ravensworth Farm,Week2,223.0 Ravensworth Farm - 179.0 Rolling Hills
Rolling Valley,Week4,Hiddenbrook,Week4,267.0 Hiddenbrook - 135.0 Rolling Valley
Rolling Hills,Week3,Stratford,Week2,231.0 Rolling Hills - 166.0 Stratford
Rutherford,Week4,Cardinal Hill,Week3,306.0 Cardinal Hill - 96.0 Rutherford
Rolling Valley,Week1,High Point Pool,Week2,356.0 High Point Pool - 46.0 Rolling Valley
Rolling Hills,Week3,Ravensworth Farm,Week3,269.0 Ravensworth Farm - 133.0 Rolling Hills
Rolling Hills,Week5,Stratford,Week1,231.0 Rolling Hills - 170.0 Stratford
Rutherford,Week1,Cardinal Hill,Week2,303.0 Cardinal Hill - 99.0 Rutherford
Rutherford,Week2,Greenbriar,Week2,290.0 Greenbriar - 112.0 Rutherford
Rolling Valley,Week1,Riverside Gardens,Week1,357.0 Riverside Gardens - 45.0 Rolling Valley
Rolling Hills,Week4,Ravensworth Farm,Week3,282.0 Ravensworth Farm - 116.0 Rolling Hills
Rolling Valley,Week4,Ravensworth Farm,Week2,293.0 Ravensworth Farm - 109.0 Rolling Valley
Rolling Hills,Week2,Sully Station,Week3,281.0 Sully Station - 121.0 Rolling Hills
Rolling Valley,Week5,Hiddenbrook,Week2,208.0 Rolling Valley - 193.0 Hiddenbrook
Rolling Valley,Week4,Hiddenbrook,Week5,270.0 Hiddenbrook - 132.0 Rolling Valley
Rutherford,Week5,Canterbury Woods,Week5,214.0 Canterbury Woods - 184.0 Rutherford
Rolling Hills,Week3,Sully Station,Week4,297.0 Sully Station - 105.0 Rolling Hills
Rutherford,Week5,Greenbriar,Week5,259.0 Greenbriar - 143.0 Rutherford
Rolling Hills,Week4,Ravensworth Farm,Week5,285.0 Ravensworth Farm - 117.0 Rolling Hills
Rolling Valley,Week5,Riverside Gardens,Week4,346.0 Riverside Gardens - 56.0 Rolling Valley
Rolling Valley,Week1,High Point Pool,Week3,354.0 High Point Pool - 47.0 Rolling Valley
Rutherford,Week5,Canterbury Woods,Week4,235.0 Canterbury Woods - 167.0 Rutherford
Rolling Valley,Week2,Riverside Gardens,Week3,338.0 Riverside Gardens - 64.0 Rolling Valley
Rutherford,Week2,Hamlet,Week5,349.0 Hamlet - 53.0 Rutherford
Rolling Hills,Week5,Ravensworth Farm,Week4,273.0 Ravensworth Farm - 129.0 Rolling Hills
Rolling Valley,Week1,High Point Pool,Week1,338.0 High Point Pool - 63.0 Rolling Valley
Rolling Valley,Week1,Riverside Gardens,Week2,350.0 Riverside Gardens - 52.0 Rolling Valley
Rutherford,Week3,Cardinal Hill,Week1,303.0 Cardinal Hill - 99.0 Rutherford
Rolling Hills,Week1,Riverside Gardens,Week1,293.0 Riverside Gardens - 109.0 Rolling Hills
Rolling Hills,Week5,Ravensworth Farm,Week5,293.0 Ravensworth Farm - 109.0 Rolling Hills
Rolling Hills,Week1,Riverside Gardens,Week2,279.0 Riverside Gardens - 123.0 Rolling Hills
Rolling Hills,Week3,Sully Station II,Week4,266.0 Sully Station II - 136.0 Rolling Hills
Rolling Valley,Week5,Hiddenbrook,Week1,234.0 Hiddenbrook - 168.0 Rolling Valley
Rutherford,Week2,Hamlet,Week4,333.0 Hamlet - 69.0 Rutherford
Rutherford,Week3,Cardinal Hill,Week2,278.0 Cardinal Hill - 124.0 Rutherford
Rolling Hills,Week4,Sully Station II,Week1,265.0 Sully Station II - 137.0 Rolling Hills
Rutherford,Week3,Hamlet,Week3,339.0 Hamlet - 63.0 Rutherford
Rolling Valley,Week3,Hiddenbrook,Week5,283.0 Hiddenbrook - 119.0 Rolling Valley
Rolling Valley,Week5,Riverside Gardens,Week1,335.0 Riverside Gardens - 67.0 Rolling Valley
Rutherford,Week1,Cardinal Hill,Week1,327.0 Cardinal Hill - 75.0 Rutherford
Rolling Hills,Week5,Sully Station,Week5,304.0 Sully Station - 98.0 Rolling Hills
Rutherford,Week2,Hamlet,Week1,332.0 Hamlet - 69.0 Rutherford
Rolling Hills,Week2,Sully Station II,Week4,266.0 Sully Station II - 136.0 Rolling Hills
Rutherford,Week4,Canterbury Woods,Week5,209.0 Canterbury Woods - 192.0 Rutherford
Rutherford,Week4,Cardinal Hill,Week4,295.0 Cardinal Hill - 107.0 Rutherford
Rolling Hills,Week2,Riverside Gardens,Week1,286.0 Riverside Gardens - 116.0 Rolling Hills
Rolling Hills,Week4,Sully Station II,Week3,313.0 Sully Station II - 89.0 Rolling Hills
Rutherford,Week2,Hamlet,Week2,354.0 Hamlet - 48.0 Rutherford
Rolling Hills,Week1,Sully Station II,Week4,274.0 Sully Station II - 128.0 Rolling Hills
Rutherford,Week5,Canterbury Woods,Week1,208.0 Canterbury Woods - 194.0 Rutherford
Rolling Hills,Week5,Ravensworth Farm,Week3,279.0 Ravensworth Farm - 123.0 Rolling Hills
Rutherford,Week1,Hamlet,Week4,337.0 Hamlet - 65.0 Rutherford
Rutherford,Week5,Cardinal Hill,Week5,299.0 Cardinal Hill - 102.0 Rutherford
Rolling Hills,Week1,Riverside Gardens,Week4,298.0 Riverside Gardens - 104.0 Rolling Hills
Rolling Valley,Week3,Riverside Gardens,Week5,345.0 Riverside Gardens - 57.0 Rolling Valley
Rolling Valley,Week2,High Point Pool,Week4,331.0 High Point Pool - 71.0 Rolling Valley
Rolling Hills,Week4,Sully Station,Week3,293.5 Sully Station - 107.5 Rolling Hills
Rolling Valley,Week5,Ravensworth Farm,Week1,304.0 Ravensworth Farm - 98.0 Rolling Valley
Rolling Valley,Week4,Ravensworth Farm,Week1,316.0 Ravensworth Farm - 86.0 Rolling Valley
Rolling Valley,Week1,Rolling Forest,Week2,295.0 Rolling Forest - 107.0 Rolling Valley
Rolling Valley,Week2,High Point Pool,Week2,329.0 High Point Pool - 73.0 Rolling Valley
Rolling Hills,Week2,Riverside Gardens,Week2,273.0 Riverside Gardens - 129.0 Rolling Hills
Rolling Valley,Week3,High Point Pool,Week2,340.0 High Point Pool - 62.0 Rolling Valley
Rolling Valley,Week3,High Point Pool,Week3,339.0 High Point Pool - 63.0 Rolling Valley
Rolling Valley,Week3,Riverside Gardens,Week4,354.5 Riverside Gardens - 47.5 Rolling Valley
Rolling Valley,Week5,Riverside Gardens,Week2,330.0 Riverside Gardens - 72.0 Rolling Valley
Rolling Valley,Week3,Riverside Gardens,Week1,341.0 Riverside Gardens - 61.0 Rolling Valley
Rolling Hills,Week4,Sully Station,Week5,305.0 Sully Station - 96.0 Rolling Hills
Rolling Valley,Week1,Highland Park,Week5,333.0 Highland Park - 69.0 Rolling Valley
Rutherford,Week4,Hamlet,Week1,315.0 Hamlet - 87.0 Rutherford
Rutherford,Week1,Hamlet,Week5,354.0 Hamlet - 48.0 Rutherford
Rolling Hills,Week5,Sully Station,Week4,290.0 Sully Station - 112.0 Rolling Hills
Rutherford,Week1,Hamlet,Week2,357.0 Hamlet - 45.0 Rutherford
Rolling Hills,Week1,Sully Station II,Week2,298.0 Sully Station II - 104.0 Rolling Hills
Rolling Valley,Week4,High Point Pool,Week5,318.0 High Point Pool - 84.0 Rolling Valley
Rutherford,Week3,Hamlet,Week4,312.5 Hamlet - 89.5 Rutherford
Rolling Valley,Week3,High Point Pool,Week5,333.0 High Point Pool - 69.0 Rolling Valley
Rutherford,Week5,Cardinal Hill,Week1,315.0 Cardinal Hill - 87.0 Rutherford
Rolling Valley,Week4,High Point Pool,Week3,315.0 High Point Pool - 87.0 Rolling Valley
Rolling Hills,Week5,Sully Station,Week3,297.0 Sully Station - 105.0 Rolling Hills
Rolling Hills,Week2,Sully Station II,Week3,311.0 Sully Station II - 91.0 Rolling Hills
Rolling Hills,Week1,Riverside Gardens,Week3,301.0 Riverside Gardens - 101.0 Rolling Hills
Rolling Hills,Week4,Sully Station,Week4,297.0 Sully Station - 105.0 Rolling Hills
Rutherford,Week3,Hamlet,Week1,322.0 Hamlet - 79.0 Rutherford
Rolling Hills,Week5,Sully Station,Week1,290.0 Sully Station - 112.0 Rolling Hills
Rutherford,Week1,Chesterbrook,Week2,380.0 Chesterbrook - 22.0 Rutherford
Rutherford,Week3,Hamlet,Week5,340.0 Hamlet - 62.0 Rutherford
Rolling Valley,Week1,High Point Pool,Week5,340.0 High Point Pool - 62.0 Rolling Valley
Rolling Valley,Week5,Highland Park,Week5,295.0 Highland Park - 107.0 Rolling Valley
Rolling Valley,Week5,Ravensworth Farm,Week4,306.0 Ravensworth Farm - 96.0 Rolling Valley
Rutherford,Week1,Chesterbrook,Week1,373.0 Chesterbrook - 29.0 Rutherford
Rolling Valley,Week3,Riverside Gardens,Week2,330.0 Riverside Gardens - 72.0 Rolling Valley
Rolling Valley,Week5,High Point Pool,Week2,330.0 High Point Pool - 72.0 Rolling Valley
Rutherford,Week5,Cardinal Hill,Week4,296.0 Cardinal Hill - 106.0 Rutherford
Rutherford,Week1,Hamlet,Week3,345.0 Hamlet - 57.0 Rutherford
Rutherford,Week1,Chesterbrook,Week3,389.0 Chesterbrook - 13.0 Rutherford
Rolling Valley,Week4,Ravensworth Farm,Week4,321.0 Ravensworth Farm - 81.0 Rolling Valley
Rolling Valley,Week2,Rolling Forest,Week4,277.0 Rolling Forest - 125.0 Rolling Valley
Rolling Hills,Week1,Riverside Gardens,Week5,302.0 Riverside Gardens - 100.0 Rolling Hills
Rolling Hills,Week4,Sully Station,Week2,282.0 Sully Station - 120.0 Rolling Hills
Rolling Hills,Week1,Sully Station II,Week1,268.0 Sully Station II - 134.0 Rolling Hills
Rutherford,Week4,Canterbury Woods,Week4,229.0 Canterbury Woods - 173.0 Rutherford
Rutherford,Week2,Cardinal Hill,Week1,338.0 Cardinal Hill - 64.0 Rutherford
Rutherford,Week4,Cardinal Hill,Week5,290.0 Cardinal Hill - 112.0 Rutherford
Rutherford,Week2,Hamlet,Week3,349.0 Hamlet - 53.0 Rutherford
Rutherford,Week1,Hamlet,Week1,333.0 Hamlet - 63.0 Rutherford
Rolling Valley,Week2,Rolling Forest,Week2,248.0 Rolling Forest - 154.0 Rolling Valley
Rutherford,Week5,Greenbriar,Week4,238.0 Greenbriar - 164.0 Rutherford
Rolling Valley,Week2,Highland Park,Week1,310.0 Highland Park - 92.0 Rolling Valley
Rolling Valley,Week2,Highland Park,Week5,307.0 Highland Park - 95.0 Rolling Valley
Rutherford,Week2,Chesterbrook,Week1,366.0 Chesterbrook - 36.0 Rutherford
Rolling Hills,Week3,Sully Station II,Week3,309.0 Sully Station II - 93.0 Rolling Hills
Rolling Hills,Week2,Sully Station II,Week5,308.5 Sully Station II - 93.5 Rolling Hills
Rolling Valley,Week3,Ravensworth Farm,Week5,336.0 Ravensworth Farm - 66.0 Rolling Valley
Rutherford,Week1,Chesterbrook,Week5,381.0 Chesterbrook - 21.0 Rutherford
Rolling Valley,Week5,High Point Pool,Week4,326.0 High Point Pool - 76.0 Rolling Valley
Rolling Valley,Week4,Ravensworth Farm,Week5,326.0 Ravensworth Farm - 76.0 Rolling Valley
Rutherford,Week1,Chesterbrook,Week4,387.0 Chesterbrook - 15.0 Rutherford
Rutherford,Week3,Hamlet,Week2,341.0 Hamlet - 61.0 Rutherford
Rolling Hills,Week5,Sully Station,Week2,281.0 Sully Station - 121.0 Rolling Hills
Rolling Valley,Week3,Highland Park,Week1,314.5 Highland Park - 87.5 Rolling Valley
Rolling Valley,Week2,Riverside Gardens,Week2,332.0 Riverside Gardens - 70.0 Rolling Valley
Rolling Hills,Week4,Sully Station,Week1,286.0 Sully Station - 115.0 Rolling Hills
Rolling Valley,Week1,Riverside Gardens,Week5,355.0 Riverside Gardens - 47.0 Rolling Valley
Rolling Valley,Week3,Riverside Gardens,Week3,350.0 Riverside Gardens - 52.0 Rolling Valley
Rolling Hills,Week3,Sully Station II,Week5,305.0 Sully Station II - 97.0 Rolling Hills
Rolling Valley,Week4,Ravensworth Farm,Week3,315.0 Ravensworth Farm - 87.0 Rolling Valley
Rolling Valley,Week1,Riverside Gardens,Week3,356.0 Riverside Gardens - 46.0 Rolling Valley
Rutherford,Week5,Chesterbrook,Week5,368.0 Chesterbrook - 34.0 Rutherford
Rutherford,Week1,Commonwealth,Week1,211.0 Commonwealth - 189.0 Rutherford
Rolling Valley,Week4,Highland Park,Week2,301.0 Highland Park - 101.0 Rolling Valley
Rolling Valley,Week1,Highland Park,Week1,339.0 Highland Park - 63.0 Rolling Valley
Rutherford,Week1,Commonwealth,Week2,263.0 Commonwealth - 138.0 Rutherford
Rolling Hills,Week1,Sully Station II,Week3,305.0 Sully Station II - 97.0 Rolling Hills
Rolling Valley,Week1,Highland Park,Week3,325.0 Highland Park - 77.0 Rolling Valley
Rolling Valley,Week1,Highland Park,Week4,336.0 Highland Park - 66.0 Rolling Valley
Rutherford,Week5,Chesterbrook,Week1,354.5 Chesterbrook - 47.5 Rutherford
Rolling Hills,Week3,Sully Station II,Week1,268.0 Sully Station II - 134.0 Rolling Hills
Rolling Valley,Week5,Highland Park,Week4,305.0 Highland Park - 97.0 Rolling Valley
Rutherford,Week5,Cardinal Hill,Week3,315.0 Cardinal Hill - 87.0 Rutherford
Rolling Hills,Week2,Sully Station II,Week2,302.0 Sully Station II - 100.0 Rolling Hills
Rolling Valley,Week2,Riverside Gardens,Week5,341.0 Riverside Gardens - 61.0 Rolling Valley
Rolling Valley,Week2,Highland Park,Week2,308.0 Highland Park - 94.0 Rolling Valley
Rutherford,Week4,Chesterbrook,Week2,360.0 Chesterbrook - 42.0 Rutherford
Rolling Valley,Week3,Highland Park,Week5,295.0 Highland Park - 107.0 Rolling Valley
Rolling Hills,Week4,Sully Station II,Week5,312.0 Sully Station II - 90.0 Rolling Hills
Rutherford,Week5,Chesterbrook,Week3,373.5 Chesterbrook - 28.5 Rutherford
Rolling Valley,Week3,Highland Park,Week2,306.0 Highland Park - 96.0 Rolling Valley
Rolling Hills,Week2,Sully Station II,Week1,271.0 Sully Station II - 131.0 Rolling Hills
Rolling Valley,Week3,Highland Park,Week4,305.0 Highland Park - 97.0 Rolling Valley
Rutherford,Week4,Chesterbrook,Week4,367.0 Chesterbrook - 35.0 Rutherford
Rolling Valley,Week5,High Point Pool,Week5,321.0 High Point Pool - 81.0 Rolling Valley
Rolling Valley,Week1,Highland Park,Week2,340.0 Highland Park - 62.0 Rolling Valley
Rolling Hills,Week1,Truro,Week5,219.0 Rolling Hills - 181.0 Truro
Rolling Hills,Week4,Sully Station II,Week2,299.0 Sully Station II - 103.0 Rolling Hills
Rolling Hills,Week5,Truro,Week5,204.0 Truro - 198.0 Rolling Hills
Rolling Valley,Week3,Highland Park,Week3,294.0 Highland Park - 108.0 Rolling Valley
Rutherford,Week3,Chesterbrook,Week2,370.0 Chesterbrook - 32.0 Rutherford
Rolling Valley,Week4,Highland Park,Week5,310.0 Highland Park - 92.0 Rolling Valley
Rolling Hills,Week1,Truro,Week3,227.0 Rolling Hills - 175.0 Truro
Rutherford,Week5,Chesterbrook,Week4,369.0 Chesterbrook - 33.0 Rutherford
Rolling Hills,Week2,Truro,Week2,230.0 Rolling Hills - 170.0 Truro
Rutherford,Week1,Commonwealth,Week4,225.0 Commonwealth - 176.0 Rutherford
Rolling Valley,Week5,Riverside Gardens,Week3,345.0 Riverside Gardens - 57.0 Rolling Valley
Rolling Valley,Week2,Rolling Forest,Week3,280.0 Rolling Forest - 122.0 Rolling Valley
Rolling Valley,Week1,Rolling Forest,Week4,319.0 Rolling Forest - 83.0 Rolling Valley
Rutherford,Week4,Chesterbrook,Week1,357.0 Chesterbrook - 45.0 Rutherford
Rolling Valley,Week5,Riverside Gardens,Week5,339.0 Riverside Gardens - 63.0 Rolling Valley
Rolling Valley,Week4,Riverside Gardens,Week5,339.0 Riverside Gardens - 63.0 Rolling Valley
Rolling Valley,Week4,Riverside Gardens,Week3,340.0 Riverside Gardens - 62.0 Rolling Valley
Rolling Valley,Week4,Riverside Gardens,Week1,331.5 Riverside Gardens - 70.5 Rolling Valley
Rutherford,Week3,Chesterbrook,Week3,378.0 Chesterbrook - 24.0 Rutherford
Rolling Valley,Week2,Rolling Forest,Week1,275.0 Rolling Forest - 127.0 Rolling Valley
Rolling Hills,Week5,Truro,Week2,229.0 Rolling Hills - 172.0 Truro
Rolling Valley,Week1,Rolling Forest,Week5,320.0 Rolling Forest - 82.0 Rolling Valley
Rolling Hills,Week1,Sully Station II,Week5,313.0 Sully Station II - 89.0 Rolling Hills
Rolling Valley,Week1,Rolling Forest,Week1,319.0 Rolling Forest - 83.0 Rolling Valley
Rolling Hills,Week3,Truro,Week5,207.0 Rolling Hills - 189.0 Truro
Rolling Valley,Week4,Riverside Gardens,Week4,347.0 Riverside Gardens - 55.0 Rolling Valley
Rolling Hills,Week1,Tuckahoe,Week3,367.0 Tuckahoe - 35.0 Rolling Hills
Rolling Hills,Week5,Sully Station II,Week1,280.0 Sully Station II - 122.0 Rolling Hills
Rutherford,Week5,Chesterbrook,Week2,366.0 Chesterbrook - 36.0 Rutherford
Rutherford,Week1,Commonwealth,Week3,258.0 Commonwealth - 143.0 Rutherford
Rutherford,Week2,Chesterbrook,Week4,381.0 Chesterbrook - 21.0 Rutherford
Rolling Hills,Week3,Sully Station II,Week2,289.0 Sully Station II - 113.0 Rolling Hills
Rutherford,Week4,Chesterbrook,Week3,369.0 Chesterbrook - 33.0 Rutherford
Rolling Valley,Week2,Highland Park,Week3,295.0 Highland Park - 107.0 Rolling Valley
Rolling Valley,Week2,Highland Park,Week4,316.0 Highland Park - 86.0 Rolling Valley
Rolling Valley,Week4,Highland Park,Week3,287.0 Highland Park - 115.0 Rolling Valley
Rolling Hills,Week5,Sully Station II,Week5,317.0 Sully Station II - 85.0 Rolling Hills
Rolling Valley,Week4,Riverside Gardens,Week2,329.0 Riverside Gardens - 73.0 Rolling Valley
Rolling Valley,Week4,Highland Park,Week4,309.0 Highland Park - 93.0 Rolling Valley
Rutherford,Week3,Chesterbrook,Week1,360.0 Chesterbrook - 42.0 Rutherford
Rolling Valley,Week1,Rolling Forest,Week3,318.0 Rolling Forest - 84.0 Rolling Valley
Rutherford,Week3,Chesterbrook,Week5,373.0 Chesterbrook - 29.0 Rutherford
Rolling Valley,Week4,Highland Park,Week1,304.0 Highland Park - 98.0 Rolling Valley
Rolling Hills,Week2,Truro,Week4,206.0 Truro - 196.0 Rolling Hills
Rutherford,Week3,Chesterbrook,Week4,371.0 Chesterbrook - 31.0 Rutherford
Rolling Valley,Week5,Rolling Forest,Week3,279.0 Rolling Forest - 123.0 Rolling Valley
Rutherford,Week1,Commonwealth,Week5,253.0 Commonwealth - 148.0 Rutherford
Rolling Valley,Week4,Rolling Forest,Week2,243.0 Rolling Forest - 159.0 Rolling Valley
Rolling Valley,Week5,Highland Park,Week2,299.0 Highland Park - 103.0 Rolling Valley
Rolling Valley,Week3,Rolling Forest,Week1,277.0 Rolling Forest - 125.0 Rolling Valley
Rolling Valley,Week5,Highlands Swim,Week2,361.0 Highlands Swim - 41.0 Rolling Valley
Rolling Hills,Week2,Truro,Week1,219.0 Rolling Hills - 183.0 Truro
Rolling Valley,Week5,Highland Park,Week1,313.5 Highland Park - 88.5 Rolling Valley
Rolling Hills,Week5,Sully Station II,Week3,313.0 Sully Station II - 89.0 Rolling Hills
Rolling Valley,Week1,Highlands Swim,Week2,380.0 Highlands Swim - 22.0 Rolling Valley
Rolling Hills,Week3,Truro,Week1,216.0 Rolling Hills - 186.0 Truro
Rutherford,Week2,Chesterbrook,Week3,385.5 Chesterbrook - 16.5 Rutherford
Rolling Valley,Week1,Highlands Swim,Week1,370.0 Highlands Swim - 32.0 Rolling Valley
Rutherford,Week2,Commonwealth,Week2,255.0 Commonwealth - 147.0 Rutherford
Rutherford,Week2,Commonwealth,Week1,203.0 Commonwealth - 199.0 Rutherford
Rolling Valley,Week5,Highland Park,Week3,283.0 Highland Park - 119.0 Rolling Valley
Rolling Hills,Week4,Sully Station II,Week4,277.0 Sully Station II - 125.0 Rolling Hills
Rolling Valley,Week3,Rolling Forest,Week2,256.0 Rolling Forest - 146.0 Rolling Valley
Rolling Valley,Week4,Rolling Forest,Week3,280.0 Rolling Forest - 122.0 Rolling Valley
Rolling Valley,Week5,Rolling Forest,Week2,255.0 Rolling Forest - 147.0 Rolling Valley
Rutherford,Week2,Chesterbrook,Week5,378.0 Chesterbrook - 24.0 Rutherford
Rolling Valley,Week4,Highlands Swim,Week5,362.5 Highlands Swim - 39.5 Rolling Valley
Rutherford,Week2,Commonwealth,Week3,254.5 Commonwealth - 146.5 Rutherford
Rolling Valley,Week5,Rolling Forest,Week5,283.0 Rolling Forest - 119.0 Rolling Valley
Rolling Hills,Week3,Truro,Week3,218.0 Rolling Hills - 183.0 Truro
Rolling Hills,Week4,Truro,Week1,212.0 Rolling Hills - 186.0 Truro
Rolling Valley,Week3,Rolling Forest,Week5,290.5 Rolling Forest - 111.5 Rolling Valley
Rutherford,Week4,Chesterbrook,Week5,364.0 Chesterbrook - 38.0 Rutherford
Rolling Hills,Week3,Truro,Week2,215.0 Rolling Hills - 177.0 Truro
Rutherford,Week2,Commonwealth,Week5,244.0 Commonwealth - 158.0 Rutherford
Rolling Valley,Week4,Highlands Swim,Week2,359.0 Highlands Swim - 43.0 Rolling Valley
Rolling Valley,Week3,Highlands Swim,Week3,362.0 Highlands Swim - 40.0 Rolling Valley
Rolling Valley,Week4,Highlands Swim,Week1,358.0 Highlands Swim - 44.0 Rolling Valley
Rutherford,Week4,Commonwealth,Week5,225.0 Commonwealth - 176.0 Rutherford
Rolling Valley,Week3,Highlands Swim,Week2,364.0 Highlands Swim - 38.0 Rolling Valley
Rolling Valley,Week2,Highlands Swim,Week5,367.0 Highlands Swim - 35.0 Rolling Valley
Rolling Hills,Week5,Sully Station II,Week4,283.0 Sully Station II - 119.0 Rolling Hills
Rolling Valley,Week1,Rolling Hills,Week1,291.0 Rolling Hills - 111.0 Rolling Valley
Rolling Hills,Week1,Truro,Week4,206.0 Rolling Hills - 196.0 Truro
Rolling Valley,Week5,Rolling Forest,Week4,271.0 Rolling Forest - 131.0 Rolling Valley
Rolling Valley,Week3,Rolling Forest,Week3,278.0 Rolling Forest - 124.0 Rolling Valley
Rolling Hills,Week2,Truro,Week5,227.0 Rolling Hills - 174.0 Truro
Rutherford,Week2,Cottontail,Week3,237.0 Cottontail - 165.0 Rutherford
Rolling Valley,Week3,Rolling Forest,Week4,287.0 Rolling Forest - 115.0 Rolling Valley
Rolling Valley,Week5,Rolling Forest,Week1,273.5 Rolling Forest - 128.5 Rolling Valley
Rolling Valley,Week2,Rolling Forest,Week5,288.0 Rolling Forest - 114.0 Rolling Valley
Rutherford,Week3,Cottontail,Week3,223.0 Cottontail - 179.0 Rutherford
Rolling Hills,Week5,Tuckahoe,Week5,365.0 Tuckahoe - 37.0 Rolling Hills
Rolling Hills,Week3,Truro,Week4,207.0 Truro - 195.0 Rolling Hills
Rolling Valley,Week1,Rolling Valley,Week4,273.0 Rolling Valley (RV2) - 129.0 Rolling Valley (RV1)
Rutherford,Week2,Cottontail,Week1,260.0 Cottontail - 142.0 Rutherford
Rutherford,Week2,Commonwealth,Week4,218.0 Commonwealth - 184.0 Rutherford
Rolling Hills,Week5,Truro,Week1,204.0 Rolling Hills - 198.0 Truro
Rolling Valley,Week4,Rolling Forest,Week5,278.0 Rolling Forest - 124.0 Rolling Valley
Rolling Hills,Week4,Truro,Week4,210.0 Truro - 191.0 Rolling Hills
Rolling Valley,Week2,Highlands Swim,Week2,366.0 Highlands Swim - 36.0 Rolling Valley
Rolling Valley,Week1,Hollin Hills,Week5,212.0 Hollin Hills - 190.0 Rolling Valley
Rolling Valley,Week4,Highlands Swim,Week3,356.0 Highlands Swim - 46.0 Rolling Valley
Rutherford,Week4,Commonwealth,Week4,206.0 Commonwealth - 195.0 Rutherford
Rolling Valley,Week1,Rolling Hills,Week3,289.0 Rolling Hills - 113.0 Rolling Valley
Rutherford,Week1,Cottontail,Week2,252.0 Cottontail - 150.0 Rutherford
Rolling Valley,Week3,Highlands Swim,Week1,359.0 Highlands Swim - 43.0 Rolling Valley
Rolling Valley,Week4,Rolling Hills,Week2,261.0 Rolling Hills - 141.0 Rolling Valley
Rolling Valley,Week2,Rolling Hills,Week2,271.0 Rolling Hills - 131.0 Rolling Valley
Rolling Hills,Week1,Vienna Aquatic,Week1,319.0 Vienna Aquatic - 83.0 Rolling Hills
Rolling Hills,Week1,Truro,Week1,213.0 Rolling Hills - 188.0 Truro
Rolling Valley,Week1,Hollin Hills,Week4,206.0 Hollin Hills - 196.0 Rolling Valley
Rolling Hills,Week2,Truro,Week3,223.0 Rolling Hills - 179.0 Truro
Rolling Valley,Week2,Highlands Swim,Week3,361.0 Highlands Swim - 41.0 Rolling Valley
Rolling Hills,Week3,Vienna Aquatic,Week5,331.0 Vienna Aquatic - 71.0 Rolling Hills
Rolling Valley,Week5,Highlands Swim,Week1,359.0 Highlands Swim - 43.0 Rolling Valley
Rutherford,Week1,Cottontail,Week1,268.0 Cottontail - 134.0 Rutherford
Rolling Hills,Week1,Truro,Week2,235.0 Rolling Hills - 161.0 Truro
Rutherford,Week5,Commonwealth,Week1,214.5 Rutherford - 187.5 Commonwealth
Rutherford,Week3,Commonwealth,Week4,208.0 Commonwealth - 194.0 Rutherford
Rolling Valley,Week1,Highlands Swim,Week5,380.0 Highlands Swim - 22.0 Rolling Valley
Rolling Hills,Week4,Tuckahoe,Week5,365.0 Tuckahoe - 37.0 Rolling Hills
Rolling Valley,Week4,Rolling Forest,Week1,269.0 Rolling Forest - 133.0 Rolling Valley
Rutherford,Week3,Commonwealth,Week1,222.0 Rutherford - 180.0 Commonwealth
Rolling Hills,Week5,Sully Station II,Week2,312.0 Sully Station II - 90.0 Rolling Hills
Rolling Valley,Week1,Rolling Hills,Week2,307.0 Rolling Hills - 95.0 Rolling Valley
Rolling Valley,Week2,Highlands Swim,Week4,358.0 Highlands Swim - 44.0 Rolling Valley
Rolling Valley,Week4,Rolling Forest,Week4,278.0 Rolling Forest - 124.0 Rolling Valley
Rolling Hills,Week1,Vienna Aquatic,Week4,314.0 Vienna Aquatic - 88.0 Rolling Hills
Rolling Hills,Week5,Truro,Week3,220.0 Rolling Hills - 182.0 Truro
Rolling Valley,Week3,Highlands Swim,Week4,363.0 Highlands Swim - 39.0 Rolling Valley
Rolling Hills,Week4,Truro,Week3,222.0 Rolling Hills - 179.0 Truro
Rolling Valley,Week2,Rolling Valley,Week4,215.0 Rolling Valley (RV2) - 187.0 Rolling Valley (RV1)
Rutherford,Week5,Commonwealth,Week2,238.0 Commonwealth - 164.0 Rutherford
Rolling Hills,Week5,Truro,Week4,206.0 Truro - 196.0 Rolling Hills
Rolling Hills,Week4,Truro,Week5,210.0 Rolling Hills - 187.0 Truro
Rolling Hills,Week4,Truro,Week2,223.0 Rolling Hills - 171.0 Truro
Rolling Hills,Week2,Vienna Aquatic,Week2,305.0 Vienna Aquatic - 97.0 Rolling Hills
Rutherford,Week5,Commonwealth,Week3,228.0 Commonwealth - 174.0 Rutherford
Rolling Valley,Week4,Highlands Swim,Week4,362.0 Highlands Swim - 40.0 Rolling Valley
Rolling Hills,Week5,Tuckahoe,Week1,354.0 Tuckahoe - 48.0 Rolling Hills
Rolling Valley,Week1,Rolling Hills,Week5,290.0 Rolling Hills - 112.0 Rolling Valley
Rutherford,Week3,Commonwealth,Week3,218.0 Commonwealth - 184.0 Rutherford
Rolling Valley,Week1,Rolling Valley,Week3,278.0 Rolling Valley (RV2) - 124.0 Rolling Valley (RV1)
Rolling Valley,Week5,Rolling Hills,Week4,254.0 Rolling Hills - 148.0 Rolling Valley
Rolling Hills,Week1,Vienna Aquatic,Week5,330.0 Vienna Aquatic - 72.0 Rolling Hills
Rolling Valley,Week2,Hollin Hills,Week2,245.0 Rolling Valley - 156.0 Hollin Hills
Rolling Valley,Week4,Rolling Hills,Week4,263.0 Rolling Hills - 138.0 Rolling Valley
Rolling Hills,Week1,Tuckahoe,Week5,367.0 Tuckahoe - 35.0 Rolling Hills
Rutherford,Week1,Cottontail,Week4,263.0 Cottontail - 139.0 Rutherford
Rutherford,Week3,Commonwealth,Week5,239.0 Commonwealth - 163.0 Rutherford
Rolling Hills,Week1,Tuckahoe,Week2,356.0 Tuckahoe - 46.0 Rolling Hills
Rolling Hills,Week4,Vienna Aquatic,Week2,306.0 Vienna Aquatic - 96.0 Rolling Hills
Rolling Valley,Week5,Highlands Swim,Week4,361.0 Highlands Swim - 41.0 Rolling Valley
Rolling Valley,Week3,Hollin Hills,Week1,231.0 Rolling Valley - 171.0 Hollin Hills
Rolling Hills,Week5,Vienna Aquatic,Week2,307.0 Vienna Aquatic - 95.0 Rolling Hills
Rolling Valley,Week5,Rolling Hills,Week3,253.0 Rolling Hills - 149.0 Rolling Valley
Rutherford,Week1,Cottontail,Week5,276.0 Cottontail - 126.0 Rutherford
Rutherford,Week4,Commonwealth,Week3,215.0 Commonwealth - 186.0 Rutherford
Rolling Valley,Week1,Highlands Swim,Week4,376.0 Highlands Swim - 26.0 Rolling Valley
Rolling Valley,Week3,Hollin Hills,Week3,239.0 Rolling Valley - 163.0 Hollin Hills
Rolling Hills,Week2,Tuckahoe,Week2,358.0 Tuckahoe - 44.0 Rolling Hills
Rolling Hills,Week1,Tuckahoe,Week1,355.0 Tuckahoe - 47.0 Rolling Hills
Rolling Hills,Week3,Vienna Aquatic,Week2,312.0 Vienna Aquatic - 90.0 Rolling Hills
Rolling Hills,Week1,Tuckahoe,Week4,373.0 Tuckahoe - 29.0 Rolling Hills
Rutherford,Week1,Cottontail,Week3,240.0 Cottontail - 162.0 Rutherford
Rolling Hills,Week2,Tuckahoe,Week5,359.0 Tuckahoe - 43.0 Rolling Hills
Rolling Valley,Week3,Highlands Swim,Week5,365.0 Highlands Swim - 37.0 Rolling Valley
Rolling Hills,Week4,Vienna Aquatic,Week4,317.0 Vienna Aquatic - 85.0 Rolling Hills
Rolling Valley,Week4,Hollin Hills,Week1,260.0 Rolling Valley - 141.0 Hollin Hills
Rolling Hills,Week3,Virginia Hills,Week2,326.0 Rolling Hills - 75.0 Virginia Hills
Rolling Hills,Week2,Tuckahoe,Week1,347.0 Tuckahoe - 55.0 Rolling Hills
Rolling Valley,Week2,Highlands Swim,Week1,356.0 Highlands Swim - 46.0 Rolling Valley
Rolling Hills,Week1,Virginia Hills,Week3,314.0 Rolling Hills - 88.0 Virginia Hills
Rutherford,Week3,Commonwealth,Week2,246.0 Commonwealth - 156.0 Rutherford
Rutherford,Week5,Commonwealth,Week5,245.0 Commonwealth - 157.0 Rutherford
Rolling Hills,Week2,Tuckahoe,Week4,369.0 Tuckahoe - 33.0 Rolling Hills
Rolling Hills,Week4,Tuckahoe,Week1,354.0 Tuckahoe - 48.0 Rolling Hills
Rolling Valley,Week4,Rolling Hills,Week1,252.0 Rolling Hills - 150.0 Rolling Valley
Rolling Valley,Week2,Rolling Hills,Week5,259.0 Rolling Hills - 143.0 Rolling Valley
Rutherford,Week2,Cottontail,Week2,246.0 Cottontail - 156.0 Rutherford
Rolling Valley,Week2,Rolling Hills,Week1,255.0 Rolling Hills - 147.0 Rolling Valley
Rolling Hills,Week2,Tuckahoe,Week3,360.0 Tuckahoe - 42.0 Rolling Hills
Rolling Valley,Week1,Rolling Hills,Week4,301.0 Rolling Hills - 100.0 Rolling Valley
Rolling Valley,Week1,Highlands Swim,Week3,376.0 Highlands Swim - 26.0 Rolling Valley
Rolling Hills,Week5,Tuckahoe,Week2,361.0 Tuckahoe - 41.0 Rolling Hills
Rolling Hills,Week4,Vienna Aquatic,Week3,318.0 Vienna Aquatic - 84.0 Rolling Hills
Rolling Valley,Week3,Rolling Hills,Week1,254.0 Rolling Hills - 148.0 Rolling Valley
Rutherford,Week4,Commonwealth,Week1,220.0 Rutherford - 180.0 Commonwealth
Rolling Hills,Week5,Virginia Hills,Week1,319.0 Rolling Hills - 83.0 Virginia Hills
Rolling Valley,Week2,Hollin Hills,Week4,212.0 Rolling Valley - 189.0 Hollin Hills
Rolling Hills,Week5,Tuckahoe,Week4,377.0 Tuckahoe - 25.0 Rolling Hills
Rolling Valley,Week5,Rolling Hills,Week5,251.0 Rolling Hills - 151.0 Rolling Valley
Rolling Valley,Week1,Hollin Hills,Week1,221.0 Rolling Valley - 181.0 Hollin Hills
Rolling Hills,Week3,Tuckahoe,Week1,357.0 Tuckahoe - 45.0 Rolling Hills
Rolling Hills,Week3,Tuckahoe,Week2,359.5 Tuckahoe - 42.5 Rolling Hills
Rutherford,Week2,Cottontail,Week5,265.0 Cottontail - 137.0 Rutherford
Rolling Hills,Week2,Vienna Aquatic,Week5,327.0 Vienna Aquatic - 75.0 Rolling Hills
Rolling Hills,Week2,Virginia Hills,Week3,315.0 Rolling Hills - 87.0 Virginia Hills
Rolling Hills,Week1,Virginia Hills,Week5,306.0 Rolling Hills - 95.0 Virginia Hills
Rolling Hills,Week2,Virginia Hills,Week2,325.0 Rolling Hills - 76.0 Virginia Hills
Rolling Valley,Week4,Rolling Hills,Week5,256.0 Rolling Hills - 146.0 Rolling Valley
Rutherford,Week4,Commonwealth,Week2,228.0 Commonwealth - 174.0 Rutherford
Rolling Valley,Week3,Hollin Meadows,Week4,305.5 Hollin Meadows - 96.5 Rolling Valley
Rolling Hills,Week3,Virginia Hills,Week4,319.0 Rolling Hills - 82.0 Virginia Hills
Rolling Hills,Week4,Tuckahoe,Week2,360.5 Tuckahoe - 40.5 Rolling Hills
Rolling Hills,Week2,Vienna Aquatic,Week3,311.0 Vienna Aquatic - 91.0 Rolling Hills
Rutherford,Week5,Commonwealth,Week4,215.0 Commonwealth - 187.0 Rutherford
Rolling Valley,Week4,Rolling Hills,Week3,243.0 Rolling Hills - 159.0 Rolling Valley
Rolling Valley,Week1,Rolling Valley,Week1,200.0 Rolling Valley (RV1) - 200.0 Rolling Valley (RV2)
Rutherford,Week4,Cottontail,Week1,237.0 Cottontail - 165.0 Rutherford
Rolling Valley,Week1,Hollin Hills,Week3,211.0 Rolling Valley - 191.0 Hollin Hills
Rolling Hills,Week5,Little Rocky Run,Week3,315.0 Little Rocky Run - 87.0 Rolling Hills
Rolling Valley,Week3,Hollin Hills,Week5,225.0 Rolling Valley - 177.0 Hollin Hills
Rolling Valley,Week5,Highlands Swim,Week3,358.0 Highlands Swim - 44.0 Rolling Valley
Rolling Hills,Week4,Virginia Hills,Week2,318.0 Rolling Hills - 80.0 Virginia Hills
Rolling Valley,Week3,Rolling Hills,Week5,254.0 Rolling Hills - 148.0 Rolling Valley
Rutherford,Week4,Cottontail,Week2,228.0 Cottontail - 174.0 Rutherford
Rutherford,Week3,Cottontail,Week5,257.0 Cottontail - 145.0 Rutherford
Rolling Valley,Week3,Rolling Hills,Week3,257.0 Rolling Hills - 143.0 Rolling Valley
Rolling Hills,Week4,Tuckahoe,Week4,376.0 Tuckahoe - 26.0 Rolling Hills
Rolling Hills,Week3,Tuckahoe,Week4,376.0 Tuckahoe - 26.0 Rolling Hills
Rolling Valley,Week5,Rolling Hills,Week2,261.0 Rolling Hills - 141.0 Rolling Valley
Rutherford,Week2,Cottontail,Week4,231.0 Cottontail - 171.0 Rutherford
Rolling Valley,Week2,Hollin Hills,Week3,250.0 Rolling Valley - 152.0 Hollin Hills
Rolling Valley,Week2,Rolling Hills,Week4,268.0 Rolling Hills - 134.0 Rolling Valley
Rolling Hills,Week3,Vienna Aquatic,Week1,318.0 Vienna Aquatic - 84.0 Rolling Hills
Rolling Valley,Week2,Rolling Hills,Week3,252.0 Rolling Hills - 150.0 Rolling Valley
Rolling Hills,Week5,Village West,Week1,229.0 Rolling Hills - 173.0 Village West
Rolling Valley,Week5,Hollin Hills,Week2,254.0 Rolling Valley - 148.0 Hollin Hills
Rolling Hills,Week3,Vienna Aquatic,Week3,317.0 Vienna Aquatic - 85.0 Rolling Hills
Rutherford,Week3,Cottontail,Week4,224.0 Cottontail - 178.0 Rutherford
Rolling Hills,Week4,Village West,Week4,231.0 Rolling Hills - 162.0 Village West
Rolling Valley,Week3,Rolling Hills,Week2,256.0 Rolling Hills - 145.0 Rolling Valley
Rutherford,Week3,Cottontail,Week1,246.0 Cottontail - 156.0 Rutherford
Rolling Valley,Week1,Hollin Hills,Week2,206.0 Rolling Valley - 196.0 Hollin Hills
Rolling Valley,Week2,Hollin Meadows,Week5,327.0 Hollin Meadows - 75.0 Rolling Valley
Rolling Hills,Week2,Virginia Hills,Week4,320.0 Rolling Hills - 81.0 Virginia Hills
Rolling Hills,Week3,Tuckahoe,Week3,365.0 Tuckahoe - 37.0 Rolling Hills
Rolling Hills,Week4,Little Rocky Run,Week4,298.0 Little Rocky Run - 104.0 Rolling Hills
Rutherford,Week3,Cottontail,Week2,230.0 Cottontail - 172.0 Rutherford
Rolling Hills,Week5,Village West,Week2,243.0 Rolling Hills - 159.0 Village West
Rolling Hills,Week5,Village West,Week3,225.0 Rolling Hills - 177.0 Village West
Rutherford,Week4,Cottontail,Week3,232.0 Cottontail - 170.0 Rutherford
Rolling Hills,Week3,Virginia Hills,Week3,309.0 Rolling Hills - 93.0 Virginia Hills
Rolling Valley,Week1,Rolling Valley,Week2,261.5 Rolling Valley (RV2) - 140.5 Rolling Valley (RV1)
Rolling Hills,Week2,Virginia Hills,Week5,308.0 Rolling Hills - 94.0 Virginia Hills
Rolling Valley,Week4,Hollin Hills,Week4,225.0 Rolling Valley - 176.0 Hollin Hills
Rolling Valley,Week3,Rolling Hills,Week4,255.0 Rolling Hills - 141.0 Rolling Valley
Rolling Valley,Week5,Highlands Swim,Week5,369.0 Highlands Swim - 33.0 Rolling Valley
Rolling Hills,Week4,Tuckahoe,Week3,371.0 Tuckahoe - 31.0 Rolling Hills
Rolling Hills,Week1,Little Rocky Run,Week3,306.0 Little Rocky Run - 96.0 Rolling Hills
Rolling Hills,Week1,Little Rocky Run,Week4,292.0 Little Rocky Run - 110.0 Rolling Hills
Rolling Hills,Week3,Tuckahoe,Week5,363.0 Tuckahoe - 39.0 Rolling Hills
Rutherford,Week4,Cottontail,Week4,224.0 Cottontail - 178.0 Rutherford
Rolling Hills,Week2,Little Rocky Run,Week4,295.0 Little Rocky Run - 107.0 Rolling Hills
Rutherford,Week5,Cottontail,Week1,233.0 Cottontail - 169.0 Rutherford
Rolling Valley,Week2,Hollin Meadows,Week2,280.0 Hollin Meadows - 117.0 Rolling Valley
Rolling Valley,Week2,Rolling Valley,Week1,261.5 Rolling Valley (RV1) - 140.5 Rolling Valley (RV2)
Rolling Hills,Week3,Virginia Hills,Week5,301.0 Rolling Hills - 97.0 Virginia Hills
Rolling Hills,Week5,Tuckahoe,Week3,367.0 Tuckahoe - 35.0 Rolling Hills
Rolling Valley,Week5,Rolling Hills,Week1,250.0 Rolling Hills - 152.0 Rolling Valley
Rolling Hills,Week1,Vienna Aquatic,Week2,311.0 Vienna Aquatic - 91.0 Rolling Hills
Rutherford,Week4,Cottontail,Week5,241.0 Cottontail - 161.0 Rutherford
Rolling Valley,Week2,Hollin Meadows,Week1,307.0 Hollin Meadows - 95.0 Rolling Valley
Rolling Hills,Week1,Virginia Hills,Week4,315.0 Rolling Hills - 85.0 Virginia Hills
Rolling Hills,Week4,Village West,Week5,218.0 Rolling Hills - 180.0 Village West
Rolling Valley,Week1,Rolling Valley,Week5,270.0 Rolling Valley (RV2) - 132.0 Rolling Valley (RV1)
Rutherford,Week5,Cottontail,Week3,220.0 Cottontail - 182.0 Rutherford
Rolling Hills,Week2,Vienna Aquatic,Week4,314.0 Vienna Aquatic - 83.0 Rolling Hills
Rutherford,Week5,Cottontail,Week2,213.0 Cottontail - 189.0 Rutherford
Rolling Valley,Week2,Rolling Valley,Week2,198.5 Rolling Valley (RV1) - 198.5 Rolling Valley (RV2)
Rolling Valley,Week4,Hollin Hills,Week3,247.0 Rolling Valley - 155.0 Hollin Hills
Rolling Hills,Week1,Virginia Run,Week1,273.0 Virginia Run - 129.0 Rolling Hills
Rolling Valley,Week3,Rolling Valley,Week1,278.0 Rolling Valley (RV1) - 124.0 Rolling Valley (RV2)
Rolling Hills,Week2,Vienna Aquatic,Week1,305.0 Vienna Aquatic - 97.0 Rolling Hills
Rutherford,Week5,Cottontail,Week4,220.0 Cottontail - 182.0 Rutherford
Rolling Hills,Week3,Vienna Aquatic,Week4,319.0 Vienna Aquatic - 83.0 Rolling Hills
Rolling Hills,Week3,Virginia Run,Week3,250.0 Virginia Run - 152.0 Rolling Hills
Rolling Hills,Week2,Long Branch,Week1,218.0 Rolling Hills - 184.0 Long Branch
Rolling Hills,Week1,Vienna Aquatic,Week3,328.0 Vienna Aquatic - 74.0 Rolling Hills
Rolling Valley,Week5,Hollin Hills,Week1,241.0 Rolling Valley - 161.0 Hollin Hills
Rutherford,Week5,Cottontail,Week5,239.0 Cottontail - 163.0 Rutherford
Rolling Hills,Week2,Long Branch,Week3,229.0 Rolling Hills - 173.0 Long Branch
Rolling Hills,Week5,Little Rocky Run,Week2,297.0 Little Rocky Run - 105.0 Rolling Hills
Rolling Valley,Week3,Hollin Hills,Week4,209.0 Rolling Valley - 192.0 Hollin Hills
Rolling Valley,Week2,Hollin Hills,Week1,257.0 Rolling Valley - 144.0 Hollin Hills
Rolling Valley,Week2,Rolling Valley,Week3,219.0 Rolling Valley (RV2) - 183.0 Rolling Valley (RV1)
Rolling Hills,Week1,Little Rocky Run,Week1,302.0 Little Rocky Run - 100.0 Rolling Hills
Rutherford,Week1,Country Club Hills,Week1,254.0 Country Club Hills - 148.0 Rutherford
Rolling Hills,Week4,Vienna Aquatic,Week1,312.0 Vienna Aquatic - 90.0 Rolling Hills
Rolling Hills,Week1,Long Branch,Week5,209.5 Long Branch - 191.5 Rolling Hills
Rolling Hills,Week5,Virginia Hills,Week4,318.0 Rolling Hills - 84.0 Virginia Hills
Rutherford,Week1,Country Club Hills,Week3,262.5 Country Club Hills - 139.5 Rutherford
Rolling Hills,Week3,Little Rocky Run,Week2,288.0 Little Rocky Run - 114.0 Rolling Hills
Rolling Hills,Week3,Virginia Run,Week1,269.0 Virginia Run - 133.0 Rolling Hills
Rutherford,Week1,Country Club Hills,Week2,255.0 Country Club Hills - 147.0 Rutherford
Rolling Hills,Week5,Vienna Aquatic,Week3,316.0 Vienna Aquatic - 86.0 Rolling Hills
Rolling Hills,Week2,Virginia Hills,Week1,321.0 Rolling Hills - 80.0 Virginia Hills
Rolling Valley,Week3,Rolling Valley,Week4,203.0 Rolling Valley (RV2) - 199.0 Rolling Valley (RV1)
Rolling Valley,Week1,Hollin Meadows,Week5,345.0 Hollin Meadows - 57.0 Rolling Valley
Rolling Valley,Week5,Hollin Hills,Week4,222.0 Rolling Valley - 179.0 Hollin Hills
Rolling Hills,Week5,Vienna Aquatic,Week1,314.0 Vienna Aquatic - 88.0 Rolling Hills
Rolling Valley,Week2,Rolling Valley,Week5,205.0 Rolling Valley (RV2) - 197.0 Rolling Valley (RV1)
Rolling Valley,Week4,Rolling Valley,Week5,203.5 Rolling Valley (RV2) - 198.5 Rolling Valley (RV1)
Rolling Hills,Week5,Vienna Aquatic,Week4,315.0 Vienna Aquatic - 87.0 Rolling Hills
Rolling Valley,Week4,Hollin Hills,Week2,245.0 Rolling Valley - 155.0 Hollin Hills
Rolling Valley,Week3,Hollin Hills,Week2,241.0 Rolling Valley - 160.0 Hollin Hills
Rolling Hills,Week4,Vienna Woods,Week4,305.0 Vienna Woods - 96.0 Rolling Hills
Rolling Hills,Week2,Little Rocky Run,Week3,315.0 Little Rocky Run - 87.0 Rolling Hills
Rolling Valley,Week3,Rolling Valley,Week5,203.5 Rolling Valley (RV2) - 198.5 Rolling Valley (RV1)
Rolling Hills,Week5,Little Rocky Run,Week4,293.0 Little Rocky Run - 109.0 Rolling Hills
Rolling Hills,Week3,Little Rocky Run,Week5,315.0 Little Rocky Run - 82.0 Rolling Hills
Rolling Valley,Week4,Rolling Valley,Week2,215.0 Rolling Valley (RV1) - 187.0 Rolling Valley (RV2)
Rolling Hills,Week1,Vienna Woods,Week5,343.0 Vienna Woods - 59.0 Rolling Hills
Rolling Hills,Week3,Virginia Hills,Week1,321.0 Rolling Hills - 80.0 Virginia Hills
Rolling Hills,Week2,Little Rocky Run,Week2,292.0 Little Rocky Run - 110.0 Rolling Hills
Rolling Valley,Week3,Rolling Valley,Week3,197.5 Rolling Valley (RV1) - 197.5 Rolling Valley (RV2)
Rolling Hills,Week3,Little Rocky Run,Week1,297.0 Little Rocky Run - 105.0 Rolling Hills
Rolling Valley,Week4,Rolling Valley,Week4,201.0 Rolling Valley (RV1) - 201.0 Rolling Valley (RV2)
Rolling Hills,Week5,Village West,Week4,233.0 Rolling Hills - 164.0 Village West
Rolling Valley,Week1,Hollin Meadows,Week1,329.0 Hollin Meadows - 73.0 Rolling Valley
Rolling Hills,Week4,Virginia Hills,Week1,314.0 Rolling Hills - 84.0 Virginia Hills
Rutherford,Week1,Country Club Hills,Week4,265.0 Country Club Hills - 137.0 Rutherford
Rolling Valley,Week5,Hollin Hills,Week5,228.0 Rolling Valley - 174.0 Hollin Hills
Rolling Hills,Week5,Vienna Woods,Week3,336.0 Vienna Woods - 66.0 Rolling Hills
Rolling Valley,Week1,Hollin Meadows,Week4,343.0 Hollin Meadows - 59.0 Rolling Valley
Rolling Hills,Week1,Virginia Hills,Week2,313.0 Rolling Hills - 87.0 Virginia Hills
Rolling Hills,Week2,Little Rocky Run,Week5,315.0 Little Rocky Run - 87.0 Rolling Hills
Rolling Valley,Week1,Hollin Meadows,Week3,335.0 Hollin Meadows - 67.0 Rolling Valley
Rolling Valley,Week4,Rolling Valley,Week1,273.0 Rolling Valley (RV1) - 129.0 Rolling Valley (RV2)
Rolling Hills,Week1,Virginia Hills,Week1,314.0 Rolling Hills - 86.0 Virginia Hills
Rolling Valley,Week4,Hollin Hills,Week5,228.0 Rolling Valley - 173.0 Hollin Hills
Rolling Valley,Week2,Hollin Hills,Week5,238.0 Rolling Valley - 163.0 Hollin Hills
Rolling Hills,Week4,Little Rocky Run,Week1,305.0 Little Rocky Run - 97.0 Rolling Hills
Rolling Hills,Week3,Vienna Woods,Week5,347.0 Vienna Woods - 55.0 Rolling Hills
Rolling Hills,Week4,Virginia Hills,Week4,320.0 Rolling Hills - 78.0 Virginia Hills
Rolling Hills,Week5,Village West,Week5,246.0 Rolling Hills - 156.0 Village West
Rolling Hills,Week3,Vienna Woods,Week2,331.0 Vienna Woods - 71.0 Rolling Hills
Rolling Valley,Week4,Rolling Valley,Week3,203.0 Rolling Valley (RV1) - 199.0 Rolling Valley (RV2)
Rolling Hills,Week4,Vienna Aquatic,Week5,323.0 Vienna Aquatic - 78.0 Rolling Hills
Rolling Valley,Week3,Rolling Valley,Week2,219.0 Rolling Valley (RV1) - 183.0 Rolling Valley (RV2)
Rolling Hills,Week2,Little Rocky Run,Week1,300.0 Little Rocky Run - 102.0 Rolling Hills
Rolling Hills,Week3,Little Rocky Run,Week4,290.0 Little Rocky Run - 112.0 Rolling Hills
Rolling Valley,Week1,Hollin Meadows,Week2,322.0 Hollin Meadows - 80.0 Rolling Valley
Rolling Valley,Week5,Hollin Hills,Week3,238.0 Rolling Valley - 164.0 Hollin Hills
Rolling Hills,Week5,Little Rocky Run,Week1,300.0 Little Rocky Run - 102.0 Rolling Hills
Rolling Hills,Week1,Vienna Woods,Week3,338.0 Vienna Woods - 64.0 Rolling Hills
Rolling Valley,Week2,Hollin Meadows,Week4,305.0 Hollin Meadows - 97.0 Rolling Valley
Rolling Valley,Week5,Rolling Valley,Week2,205.0 Rolling Valley (RV1) - 197.0 Rolling Valley (RV2)
Rolling Valley,Week5,Rolling Valley,Week4,203.5 Rolling Valley (RV1) - 198.5 Rolling Valley (RV2)
Rolling Hills,Week5,Virginia Hills,Week3,318.0 Rolling Hills - 84.0 Virginia Hills
Rolling Hills,Week4,Virginia Hills,Week3,325.0 Rolling Hills - 76.0 Virginia Hills
Rolling Hills,Week5,Vienna Woods,Week5,351.0 Vienna Woods - 51.0 Rolling Hills
Rolling Hills,Week4,Virginia Hills,Week5,304.0 Rolling Hills - 91.0 Virginia Hills
Rolling Valley,Week5,Rolling Valley,Week1,270.0 Rolling Valley (RV1) - 132.0 Rolling Valley (RV2)
Rolling Valley,Week2,Hollin Meadows,Week3,311.0 Hollin Meadows - 91.0 Rolling Valley
Rolling Hills,Week1,Little Rocky Run,Week2,297.0 Little Rocky Run - 105.0 Rolling Hills
Rolling Hills,Week5,Virginia Hills,Week5,301.0 Rolling Hills - 101.0 Virginia Hills
Rolling Hills,Week1,Little Rocky Run,Week5,311.0 Little Rocky Run - 91.0 Rolling Hills
Rolling Hills,Week2,Vienna Woods,Week2,312.0 Vienna Woods - 90.0 Rolling Hills
Rolling Hills,Week4,Vienna Woods,Week3,330.0 Vienna Woods - 71.0 Rolling Hills
Rolling Valley,Week5,Rolling Valley,Week3,203.5 Rolling Valley (RV1) - 198.5 Rolling Valley (RV2)
Rolling Hills,Week5,Vienna Woods,Week4,312.0 Vienna Woods - 90.0 Rolling Hills
Rolling Hills,Week1,Virginia Run,Week2,252.0 Virginia Run - 150.0 Rolling Hills
Rolling Hills,Week3,Little Rocky Run,Week3,308.0 Little Rocky Run - 94.0 Rolling Hills
Rolling Valley,Week5,Rolling Valley,Week5,201.0 Rolling Valley (RV1) - 201.0 Rolling Valley (RV2)
Rolling Valley,Week3,Hollin Meadows,Week5,319.0 Hollin Meadows - 83.0 Rolling Valley
Rolling Hills,Week4,Vienna Woods,Week5,348.0 Vienna Woods - 53.0 Rolling Hills
Rolling Hills,Week5,Vienna Aquatic,Week5,329.0 Vienna Aquatic - 73.0 Rolling Hills
Rolling Hills,Week1,Vienna Woods,Week2,322.0 Vienna Woods - 79.0 Rolling Hills
Rolling Hills,Week5,Virginia Hills,Week2,322.0 Rolling Hills - 80.0 Virginia Hills
Rolling Hills,Week1,Long Branch,Week1,216.0 Rolling Hills - 185.0 Long Branch
Rolling Hills,Week1,Virginia Run,Week4,258.0 Virginia Run - 144.0 Rolling Hills
Rolling Valley,Week3,Hollin Meadows,Week1,295.0 Hollin Meadows - 107.0 Rolling Valley
Rolling Valley,Week4,Hollin Meadows,Week1,296.5 Hollin Meadows - 105.5 Rolling Valley
Rolling Hills,Week1,Vienna Woods,Week4,319.0 Vienna Woods - 83.0 Rolling Hills
Rolling Hills,Week5,Little Rocky Run,Week5,317.0 Little Rocky Run - 85.0 Rolling Hills
Rolling Hills,Week2,Virginia Run,Week1,268.0 Virginia Run - 134.0 Rolling Hills
Rolling Hills,Week4,Little Rocky Run,Week2,300.0 Little Rocky Run - 102.0 Rolling Hills
Rolling Hills,Week2,Vienna Woods,Week1,329.0 Vienna Woods - 73.0 Rolling Hills
Rolling Valley,Week1,Rutherford,Week1,249.0 Rutherford - 153.0 Rolling Valley
Rolling Valley,Week3,Hollin Meadows,Week2,282.5 Hollin Meadows - 119.5 Rolling Valley
Rolling Valley,Week3,Hollin Meadows,Week3,312.0 Hollin Meadows - 90.0 Rolling Valley
Rolling Hills,Week1,Virginia Run,Week3,249.0 Virginia Run - 153.0 Rolling Hills
Rolling Hills,Week1,Virginia Run,Week5,273.0 Virginia Run - 129.0 Rolling Hills
Rolling Hills,Week4,Little Rocky Run,Week3,314.0 Little Rocky Run - 88.0 Rolling Hills
Rolling Hills,Week4,Little Rocky Run,Week5,320.0 Little Rocky Run - 82.0 Rolling Hills
Rolling Valley,Week2,Holmes Run Acres,Week3,318.0 Holmes Run Acres - 84.0 Rolling Valley
Rolling Hills,Week4,Vienna Woods,Week1,326.0 Vienna Woods - 71.0 Rolling Hills
Rolling Hills,Week3,Long Branch,Week1,201.0 Rolling Hills - 196.0 Long Branch
Rolling Hills,Week5,Vienna Woods,Week1,331.0 Vienna Woods - 71.0 Rolling Hills
Rolling Valley,Week5,Hollin Meadows,Week2,276.0 Hollin Meadows - 126.0 Rolling Valley
Rolling Hills,Week2,Vienna Woods,Week5,342.0 Vienna Woods - 60.0 Rolling Hills
Rolling Hills,Week5,Vienna Woods,Week2,328.0 Vienna Woods - 74.0 Rolling Hills
Rolling Hills,Week3,Vienna Woods,Week4,312.0 Vienna Woods - 85.0 Rolling Hills
Rolling Hills,Week5,Virginia Run,Week4,264.0 Virginia Run - 138.0 Rolling Hills
Rolling Hills,Week2,Vienna Woods,Week4,315.0 Vienna Woods - 87.0 Rolling Hills
Rolling Hills,Week2,Virginia Run,Week2,239.0 Virginia Run - 163.0 Rolling Hills
Rolling Hills,Week1,Wakefield Chapel,Week1,325.0 Wakefield Chapel - 77.0 Rolling Hills
Rolling Hills,Week5,Virginia Run,Week5,277.0 Virginia Run - 125.0 Rolling Hills
Rolling Hills,Week2,Long Branch,Week4,215.0 Rolling Hills - 187.0 Long Branch
Rolling Hills,Week2,Virginia Run,Week5,271.0 Virginia Run - 131.0 Rolling Hills
Rolling Hills,Week3,Vienna Woods,Week3,336.0 Vienna Woods - 66.0 Rolling Hills
Rolling Valley,Week1,Holmes Run Acres,Week5,340.0 Holmes Run Acres - 62.0 Rolling Valley
Rolling Valley,Week4,Hollin Meadows,Week3,295.0 Hollin Meadows - 107.0 Rolling Valley
Rolling Valley,Week1,Hunt Valley,Week2,365.0 Hunt Valley - 37.0 Rolling Valley
Rolling Hills,Week1,Long Branch,Week4,207.0 Rolling Hills - 195.0 Long Branch
Rolling Hills,Week1,Vienna Woods,Week1,325.0 Vienna Woods - 77.0 Rolling Hills
Rolling Hills,Week4,Long Branch,Week5,218.0 Long Branch - 180.0 Rolling Hills
Rolling Hills,Week1,Long Branch,Week2,210.0 Rolling Hills - 191.0 Long Branch
Rolling Hills,Week2,Virginia Run,Week3,251.5 Virginia Run - 150.5 Rolling Hills
Rolling Hills,Week5,Long Branch,Week1,201.5 Long Branch - 200.5 Rolling Hills
Rolling Hills,Week4,Long Branch,Week2,217.0 Long Branch - 181.0 Rolling Hills
Rolling Hills,Week4,Vienna Woods,Week2,320.0 Vienna Woods - 78.0 Rolling Hills
Rolling Hills,Week3,Virginia Run,Week5,270.0 Virginia Run - 132.0 Rolling Hills
Rolling Valley,Week1,Holmes Run Acres,Week1,318.0 Holmes Run Acres - 83.0 Rolling Valley
Rolling Valley,Week4,Hollin Meadows,Week5,313.0 Hollin Meadows - 89.0 Rolling Valley
Rolling Valley,Week5,Hollin Meadows,Week1,299.0 Hollin Meadows - 103.0 Rolling Valley
Rolling Hills,Week2,Long Branch,Week2,207.0 Rolling Hills - 195.0 Long Branch
Rolling Valley,Week1,Holmes Run Acres,Week3,346.0 Holmes Run Acres - 55.0 Rolling Valley
Rolling Hills,Week4,Virginia Run,Week1,283.0 Virginia Run - 119.0 Rolling Hills
Rolling Hills,Week2,Virginia Run,Week4,268.0 Virginia Run - 134.0 Rolling Hills
Rolling Hills,Week1,Long Branch,Week3,228.0 Rolling Hills - 174.0 Long Branch
Rolling Valley,Week3,Holmes Run Acres,Week4,308.0 Holmes Run Acres - 94.0 Rolling Valley
Rolling Valley,Week3,Holmes Run Acres,Week2,281.5 Holmes Run Acres - 120.5 Rolling Valley
Rolling Hills,Week3,Vienna Woods,Week1,326.0 Vienna Woods - 76.0 Rolling Hills
Rolling Valley,Week4,Holmes Run Acres,Week5,312.0 Holmes Run Acres - 90.0 Rolling Valley
Rolling Hills,Week4,Long Branch,Week3,219.0 Rolling Hills - 182.0 Long Branch
Rolling Hills,Week2,Vienna Woods,Week3,333.0 Vienna Woods - 69.0 Rolling Hills
Rolling Hills,Week2,Long Branch,Week5,210.0 Rolling Hills - 192.0 Long Branch
Rolling Hills,Week5,Virginia Run,Week2,244.0 Virginia Run - 158.0 Rolling Hills
Rolling Hills,Week3,Virginia Run,Week2,246.0 Virginia Run - 156.0 Rolling Hills
Rolling Hills,Week5,Virginia Run,Week3,268.0 Virginia Run - 134.0 Rolling Hills
Rolling Hills,Week5,Long Branch,Week2,208.0 Long Branch - 194.0 Rolling Hills
Rolling Hills,Week4,Virginia Run,Week3,263.0 Virginia Run - 139.0 Rolling Hills
Rolling Hills,Week3,Long Branch,Week2,213.0 Rolling Hills - 189.0 Long Branch
Rolling Hills,Week1,Villa Aquatic,Week2,210.0 Villa Aquatic - 192.0 Rolling Hills
Rolling Hills,Week2,Villa Aquatic,Week2,211.0 Villa Aquatic - 191.0 Rolling Hills
Rolling Valley,Week3,Fairfax Station,Week4,345.0 Fairfax Station - 57.0 Rolling Valley
Rolling Hills,Week4,Villa Aquatic,Week3,268.0 Villa Aquatic - 133.0 Rolling Hills
Rolling Hills,Week4,Virginia Run,Week4,260.5 Virginia Run - 141.5 Rolling Hills
Rolling Valley,Week3,Fairfax Station,Week3,351.0 Fairfax Station - 51.0 Rolling Valley
Rolling Hills,Week4,Virginia Run,Week2,249.0 Virginia Run - 153.0 Rolling Hills
Rolling Hills,Week5,Long Branch,Week5,219.5 Long Branch - 182.5 Rolling Hills
Rolling Hills,Week4,Long Branch,Week1,200.0 Long Branch - 198.0 Rolling Hills
Rolling Valley,Week4,Hollin Meadows,Week2,269.0 Hollin Meadows - 133.0 Rolling Valley
Rolling Hills,Week1,Wakefield Chapel,Week4,322.0 Wakefield Chapel - 80.0 Rolling Hills
Rolling Valley,Week3,Holmes Run Acres,Week3,317.0 Holmes Run Acres - 85.0 Rolling Valley
Rolling Hills,Week5,Long Branch,Week3,215.0 Rolling Hills - 187.0 Long Branch
Rolling Valley,Week1,Holmes Run Acres,Week2,311.0 Holmes Run Acres - 90.0 Rolling Valley
Rolling Hills,Week1,Wakefield Chapel,Week3,324.0 Wakefield Chapel - 78.0 Rolling Hills
Rolling Hills,Week1,Mansion House,Week2,248.0 Mansion House - 153.0 Rolling Hills
Rolling Hills,Week1,Mansion House,Week3,267.0 Mansion House - 135.0 Rolling Hills
Rolling Valley,Week1,Forest Hollow,Week3,314.0 Forest Hollow - 88.0 Rolling Valley
Rolling Hills,Week3,Villa Aquatic,Week4,247.0 Villa Aquatic - 155.0 Rolling Hills
Rolling Hills,Week1,Village West,Week1,236.0 Rolling Hills - 165.0 Village West
Rolling Hills,Week1,Villa Aquatic,Week3,275.0 Villa Aquatic - 127.0 Rolling Hills
Rolling Hills,Week3,Virginia Run,Week4,260.0 Virginia Run - 142.0 Rolling Hills
Rolling Valley,Week5,Hollin Meadows,Week3,296.0 Hollin Meadows - 106.0 Rolling Valley
Rolling Valley,Week4,Holmes Run Acres,Week2,274.0 Holmes Run Acres - 128.0 Rolling Valley
Rolling Valley,Week2,Forest Hollow,Week2,282.0 Forest Hollow - 120.0 Rolling Valley
Rolling Hills,Week4,Villa Aquatic,Week5,254.0 Villa Aquatic - 148.0 Rolling Hills
Rolling Valley,Week3,Forest Hollow,Week2,286.0 Forest Hollow - 111.0 Rolling Valley
Rolling Valley,Week5,Fairfax Station,Week1,332.0 Fairfax Station - 70.0 Rolling Valley
Rolling Valley,Week3,Holmes Run Acres,Week1,281.0 Holmes Run Acres - 121.0 Rolling Valley
Rolling Hills,Week5,Virginia Run,Week1,271.0 Virginia Run - 131.0 Rolling Hills
Rolling Valley,Week3,Holmes Run Acres,Week5,322.0 Holmes Run Acres - 80.0 Rolling Valley
Rolling Valley,Week4,Fairfax Station,Week2,346.0 Fairfax Station - 56.0 Rolling Valley
Rolling Hills,Week2,Villa Aquatic,Week4,244.0 Villa Aquatic - 158.0 Rolling Hills
Rolling Valley,Week4,Holmes Run Acres,Week3,308.0 Holmes Run Acres - 94.0 Rolling Valley
Rolling Valley,Week3,Fairfax Station,Week2,342.0 Fairfax Station - 60.0 Rolling Valley
Rolling Hills,Week1,Mansion House,Week1,266.0 Mansion House - 136.0 Rolling Hills
Rolling Valley,Week5,Hollin Meadows,Week4,290.0 Hollin Meadows - 112.0 Rolling Valley
Rolling Valley,Week2,Fairfax Station,Week4,332.0 Fairfax Station - 70.0 Rolling Valley
Rolling Hills,Week1,Wakefield Chapel,Week2,321.5 Wakefield Chapel - 80.5 Rolling Hills
Rolling Hills,Week1,Villa Aquatic,Week1,233.0 Villa Aquatic - 169.0 Rolling Hills
Rolling Hills,Week3,Long Branch,Week3,223.0 Rolling Hills - 179.0 Long Branch
Rolling Hills,Week3,Long Branch,Week5,204.0 Long Branch - 198.0 Rolling Hills
Rolling Valley,Week1,Forest Hollow,Week2,300.0 Forest Hollow - 102.0 Rolling Valley
Rolling Valley,Week2,Forest Hollow,Week3,294.0 Forest Hollow - 108.0 Rolling Valley
Rolling Hills,Week5,Long Branch,Week4,204.0 Rolling Hills - 198.0 Long Branch
Rolling Hills,Week1,Wakefield Chapel,Week5,340.0 Wakefield Chapel - 62.0 Rolling Hills
Rolling Hills,Week1,Villa Aquatic,Week5,264.0 Villa Aquatic - 138.0 Rolling Hills
Rolling Hills,Week4,Virginia Run,Week5,272.5 Virginia Run - 129.5 Rolling Hills
Rolling Valley,Week4,Hollin Meadows,Week4,290.0 Hollin Meadows - 112.0 Rolling Valley
Rolling Hills,Week3,Villa Aquatic,Week3,267.0 Villa Aquatic - 135.0 Rolling Hills
Rolling Valley,Week2,Holmes Run Acres,Week4,295.0 Holmes Run Acres - 107.0 Rolling Valley
Rolling Valley,Week5,Holmes Run Acres,Week5,309.0 Holmes Run Acres - 93.0 Rolling Valley
Rolling Hills,Week4,Long Branch,Week4,205.0 Rolling Hills - 196.0 Long Branch
Rolling Hills,Week4,Walden Glen,Week1,224.0 Rolling Hills - 173.0 Walden Glen
Rolling Hills,Week3,Walden Glen,Week4,202.0 Walden Glen - 195.0 Rolling Hills
Rolling Valley,Week1,Forest Hollow,Week4,336.5 Forest Hollow - 65.5 Rolling Valley
Rolling Hills,Week3,Wakefield Chapel,Week2,333.0 Wakefield Chapel - 69.0 Rolling Hills
Rolling Hills,Week5,Villa Aquatic,Week2,219.0 Villa Aquatic - 183.0 Rolling Hills
Rolling Valley,Week2,Holmes Run Acres,Week1,291.0 Holmes Run Acres - 111.0 Rolling Valley
Rolling Hills,Week4,Villa Aquatic,Week1,223.0 Villa Aquatic - 179.0 Rolling Hills
Rolling Hills,Week3,Long Branch,Week4,204.0 Long Branch - 198.0 Rolling Hills
Rolling Valley,Week5,Holmes Run Acres,Week4,291.0 Holmes Run Acres - 111.0 Rolling Valley
Rolling Valley,Week5,Fairfax Station,Week5,353.0 Fairfax Station - 49.0 Rolling Valley
Rolling Valley,Week4,Holmes Run Acres,Week4,295.0 Holmes Run Acres - 107.0 Rolling Valley
Rolling Hills,Week2,Villa Aquatic,Week5,251.0 Villa Aquatic - 151.0 Rolling Hills
Rolling Hills,Week3,Village West,Week1,232.0 Rolling Hills - 170.0 Village West
Rolling Hills,Week5,Villa Aquatic,Week4,252.0 Villa Aquatic - 150.0 Rolling Hills
Rolling Hills,Week1,Village West,Week4,235.0 Rolling Hills - 161.0 Village West
Rolling Valley,Week5,Fairfax Station,Week4,336.0 Fairfax Station - 66.0 Rolling Valley
Rolling Valley,Week2,Fairfax Station,Week5,354.0 Fairfax Station - 48.0 Rolling Valley
Rolling Valley,Week2,Forest Hollow,Week4,312.0 Forest Hollow - 90.0 Rolling Valley
Rolling Hills,Week5,Wakefield Chapel,Week3,340.0 Wakefield Chapel - 62.0 Rolling Hills
Rolling Hills,Week5,Villa Aquatic,Week1,225.0 Villa Aquatic - 177.0 Rolling Hills
Rolling Valley,Week2,Holmes Run Acres,Week5,315.0 Holmes Run Acres - 82.0 Rolling Valley
Rolling Hills,Week1,Walden Glen,Week5,219.5 Walden Glen - 181.5 Rolling Hills
Rolling Hills,Week5,Wakefield Chapel,Week5,347.0 Wakefield Chapel - 55.0 Rolling Hills
Rolling Valley,Week1,Holmes Run Acres,Week4,323.0 Holmes Run Acres - 78.0 Rolling Valley
Rolling Hills,Week2,Wakefield Chapel,Week1,330.0 Wakefield Chapel - 72.0 Rolling Hills
Rolling Valley,Week2,Holmes Run Acres,Week2,281.0 Holmes Run Acres - 121.0 Rolling Valley
Rolling Valley,Week5,Hollin Meadows,Week5,315.0 Hollin Meadows - 87.0 Rolling Valley
Rolling Valley,Week5,Holmes Run Acres,Week2,275.0 Holmes Run Acres - 127.0 Rolling Valley
Rolling Hills,Week1,Village West,Week3,220.0 Rolling Hills - 182.0 Village West
Rolling Hills,Week3,Villa Aquatic,Week1,224.0 Villa Aquatic - 178.0 Rolling Hills
Rolling Valley,Week4,Fairfax Station,Week3,354.0 Fairfax Station - 48.0 Rolling Valley
Rolling Valley,Week2,Forest Hollow,Week1,300.5 Forest Hollow - 101.5 Rolling Valley
Rolling Valley,Week4,Fairfax Station,Week4,328.0 Fairfax Station - 74.0 Rolling Valley
Rolling Valley,Week3,Fairfax Station,Week5,351.0 Fairfax Station - 51.0 Rolling Valley
Rolling Hills,Week4,Wakefield Chapel,Week3,333.0 Wakefield Chapel - 69.0 Rolling Hills
Rolling Hills,Week3,Villa Aquatic,Week2,225.0 Villa Aquatic - 177.0 Rolling Hills
Rolling Hills,Week2,Wakefield Chapel,Week2,337.0 Wakefield Chapel - 65.0 Rolling Hills
Rolling Hills,Week4,Wakefield Chapel,Week4,323.0 Wakefield Chapel - 79.0 Rolling Hills
Rolling Valley,Week5,Fairfax Station,Week2,340.0 Fairfax Station - 62.0 Rolling Valley
Rolling Valley,Week4,Holmes Run Acres,Week1,276.0 Holmes Run Acres - 126.0 Rolling Valley
Rolling Valley,Week4,Fairfax Station,Week1,336.0 Fairfax Station - 66.0 Rolling Valley
Rolling Hills,Week2,Walden Glen,Week5,222.0 Walden Glen - 180.0 Rolling Hills
Rolling Valley,Week5,Holmes Run Acres,Week3,304.0 Holmes Run Acres - 98.0 Rolling Valley
Rolling Hills,Week3,Villa Aquatic,Week5,258.0 Villa Aquatic - 144.0 Rolling Hills
Rolling Hills,Week2,Villa Aquatic,Week3,253.0 Villa Aquatic - 149.0 Rolling Hills
Rolling Valley,Week5,Fairfax Station,Week3,347.0 Fairfax Station - 55.0 Rolling Valley
Rolling Valley,Week1,Forest Hollow,Week5,343.0 Forest Hollow - 59.0 Rolling Valley
Rolling Hills,Week4,Wakefield Chapel,Week2,330.0 Wakefield Chapel - 71.0 Rolling Hills
Rolling Valley,Week1,Hunt Valley,Week1,346.0 Hunt Valley - 56.0 Rolling Valley
Rolling Hills,Week2,Villa Aquatic,Week1,213.0 Villa Aquatic - 189.0 Rolling Hills
Rolling Hills,Week3,Wakefield Chapel,Week1,330.0 Wakefield Chapel - 72.0 Rolling Hills
Rolling Hills,Week2,Village West,Week1,248.0 Rolling Hills - 154.0 Village West
Rolling Valley,Week2,Forest Hollow,Week5,318.0 Forest Hollow - 84.0 Rolling Valley
Rolling Valley,Week3,Fairfax Station,Week1,339.0 Fairfax Station - 63.0 Rolling Valley
Rolling Valley,Week5,Holmes Run Acres,Week1,274.0 Holmes Run Acres - 128.0 Rolling Valley
Rolling Valley,Week3,Hunt Valley,Week2,339.0 Hunt Valley - 63.0 Rolling Valley
Rolling Hills,Week2,Wakefield Chapel,Week3,336.0 Wakefield Chapel - 61.0 Rolling Hills
Rolling Valley,Week3,Forest Hollow,Week1,296.0 Forest Hollow - 106.0 Rolling Valley
Rolling Hills,Week3,Wakefield Chapel,Week5,347.0 Wakefield Chapel - 55.0 Rolling Hills
Rolling Hills,Week4,Walden Glen,Week4,208.0 Walden Glen - 190.0 Rolling Hills
Rolling Valley,Week3,Hunt Valley,Week5,349.0 Hunt Valley - 53.0 Rolling Valley
Rolling Hills,Week5,Wakefield Chapel,Week1,336.0 Wakefield Chapel - 66.0 Rolling Hills
Rolling Valley,Week4,Fairfax Station,Week5,354.5 Fairfax Station - 47.5 Rolling Valley
Rolling Valley,Week1,Forest Hollow,Week1,316.0 Forest Hollow - 86.0 Rolling Valley
Rolling Hills,Week2,Village West,Week2,256.0 Rolling Hills - 146.0 Village West
Rolling Valley,Week1,Hunt Valley,Week3,366.0 Hunt Valley - 36.0 Rolling Valley
Rolling Valley,Week3,Hunt Valley,Week4,341.0 Hunt Valley - 61.0 Rolling Valley
Rolling Valley,Week1,Hunt Valley,Week4,373.0 Hunt Valley - 29.0 Rolling Valley
Rolling Hills,Week4,Villa Aquatic,Week4,259.0 Villa Aquatic - 143.0 Rolling Hills
Rolling Valley,Week2,Fairfax Station,Week3,351.0 Fairfax Station - 51.0 Rolling Valley
Rolling Valley,Week2,Hunt Valley,Week3,351.0 Hunt Valley - 51.0 Rolling Valley
Rolling Hills,Week1,Villa Aquatic,Week4,248.0 Villa Aquatic - 154.0 Rolling Hills
Rolling Hills,Week3,Wakefield Chapel,Week3,337.0 Wakefield Chapel - 65.0 Rolling Hills
Rolling Hills,Week4,Villa Aquatic,Week2,213.0 Villa Aquatic - 189.0 Rolling Hills
Rolling Hills,Week2,Village West,Week5,239.0 Rolling Hills - 158.0 Village West
Rolling Hills,Week1,Walden Glen,Week1,233.0 Rolling Hills - 168.0 Walden Glen
Rolling Hills,Week5,Wakefield Chapel,Week2,334.0 Wakefield Chapel - 68.0 Rolling Hills
Rolling Valley,Week3,Hunt Valley,Week3,347.0 Hunt Valley - 55.0 Rolling Valley
Rolling Hills,Week2,Village West,Week4,246.0 Rolling Hills - 151.0 Village West
Rolling Valley,Week3,Forest Hollow,Week4,300.0 Forest Hollow - 102.0 Rolling Valley
Rolling Valley,Week4,Hunt Valley,Week1,340.0 Hunt Valley - 62.0 Rolling Valley
Rolling Hills,Week5,Villa Aquatic,Week3,267.5 Villa Aquatic - 134.5 Rolling Hills
Rolling Hills,Week3,Village West,Week2,228.0 Rolling Hills - 174.0 Village West
Rolling Hills,Week2,Walden Glen,Week2,207.0 Walden Glen - 195.0 Rolling Hills
Rolling Valley,Week1,Fox Hunt,Week2,320.0 Fox Hunt - 82.0 Rolling Valley
Rolling Valley,Week2,Fox Hunt,Week2,292.0 Fox Hunt - 110.0 Rolling Valley
Rolling Hills,Week2,Wakefield Chapel,Week5,339.5 Wakefield Chapel - 62.5 Rolling Hills
Rolling Hills,Week5,Villa Aquatic,Week5,256.0 Villa Aquatic - 146.0 Rolling Hills
Rolling Valley,Week1,Hunt Valley,Week5,375.0 Hunt Valley - 27.0 Rolling Valley
Rolling Hills,Week3,Village West,Week3,210.0 Rolling Hills - 192.0 Village West
Rolling Valley,Week3,Forest Hollow,Week3,300.0 Forest Hollow - 102.0 Rolling Valley
Rolling Valley,Week2,Hunt Valley,Week1,337.0 Hunt Valley - 65.0 Rolling Valley
Rolling Valley,Week3,Fox Hunt,Week3,289.0 Fox Hunt - 113.0 Rolling Valley
Rolling Hills,Week1,Walden Glen,Week4,202.0 Rolling Hills - 199.0 Walden Glen
Rolling Hills,Week2,Walden Glen,Week3,210.0 Rolling Hills - 192.0 Walden Glen
Rolling Valley,Week2,Hunt Valley,Week5,355.0 Hunt Valley - 47.0 Rolling Valley
Rolling Hills,Week2,Village West,Week3,226.0 Rolling Hills - 176.0 Village West
Rolling Hills,Week2,Wakefield Chapel,Week4,328.0 Wakefield Chapel - 74.0 Rolling Hills
Rolling Hills,Week4,Walden Glen,Week3,212.0 Rolling Hills - 190.0 Walden Glen
Rolling Hills,Week1,Walden Glen,Week2,202.0 Rolling Hills - 199.0 Walden Glen
Rolling Valley,Week2,Fox Hunt,Week1,281.0 Fox Hunt - 121.0 Rolling Valley
Rolling Valley,Week3,Fox Hunt,Week1,277.0 Fox Hunt - 125.0 Rolling Valley
Rolling Hills,Week3,Village West,Week4,234.0 Rolling Hills - 163.0 Village West
Rolling Valley,Week4,Forest Hollow,Week1,286.0 Forest Hollow - 116.0 Rolling Valley
Rolling Valley,Week4,Fox Hunt,Week1,284.0 Fox Hunt - 118.0 Rolling Valley
Rolling Valley,Week2,Fox Hunt,Week3,306.0 Fox Hunt - 96.0 Rolling Valley
Rolling Valley,Week5,Fox Hunt,Week1,269.0 Fox Hunt - 133.0 Rolling Valley
Rolling Valley,Week4,Forest Hollow,Week3,297.0 Forest Hollow - 105.0 Rolling Valley
Rolling Valley,Week2,Fox Hunt,Week5,323.0 Fox Hunt - 79.0 Rolling Valley
Rolling Hills,Week4,Walden Glen,Week5,211.0 Walden Glen - 187.0 Rolling Hills
Rolling Hills,Week4,Village West,Week3,211.0 Rolling Hills - 190.0 Village West
Rolling Hills,Week4,Village West,Week2,237.0 Rolling Hills - 161.0 Village West
Rolling Valley,Week4,Fox Hunt,Week5,314.0 Fox Hunt - 88.0 Rolling Valley
Rolling Valley,Week1,Fox Hunt,Week3,316.0 Fox Hunt - 86.0 Rolling Valley
Rolling Hills,Week4,Wakefield Chapel,Week1,336.0 Wakefield Chapel - 66.0 Rolling Hills
Rolling Hills,Week1,Village West,Week5,236.0 Rolling Hills - 165.0 Village West
Rolling Hills,Week4,Wakefield Chapel,Week5,342.5 Wakefield Chapel - 59.5 Rolling Hills
Rolling Hills,Week3,Wakefield Chapel,Week4,329.0 Wakefield Chapel - 73.0 Rolling Hills
Rolling Hills,Week3,Walden Glen,Week3,214.0 Rolling Hills - 188.0 Walden Glen
Rolling Hills,Week1,Walden Glen,Week3,215.0 Rolling Hills - 187.0 Walden Glen
Rolling Valley,Week4,Hunt Valley,Week3,346.0 Hunt Valley - 56.0 Rolling Valley
Rolling Valley,Week2,Hunt Valley,Week2,343.0 Hunt Valley - 59.0 Rolling Valley
Rolling Hills,Week5,Wakefield Chapel,Week4,334.0 Wakefield Chapel - 68.0 Rolling Hills
Rolling Hills,Week2,Walden Glen,Week4,205.0 Walden Glen - 192.0 Rolling Hills
Rolling Valley,Week1,Fox Hunt,Week4,316.0 Fox Hunt - 86.0 Rolling Valley
Rolling Hills,Week3,Walden Glen,Week1,227.0 Rolling Hills - 166.0 Walden Glen
Rolling Hills,Week3,Walden Glen,Week2,206.0 Rolling Hills - 191.0 Walden Glen
Rolling Valley,Week3,Forest Hollow,Week5,309.0 Forest Hollow - 93.0 Rolling Valley
Rolling Valley,Week4,Hunt Valley,Week2,335.0 Hunt Valley - 67.0 Rolling Valley
Rolling Hills,Week3,Walden Glen,Week5,217.0 Walden Glen - 185.0 Rolling Hills
Rolling Hills,Week4,Walden Glen,Week2,202.0 Walden Glen - 199.0 Rolling Hills
Rolling Valley,Week4,Forest Hollow,Week4,306.5 Forest Hollow - 95.5 Rolling Valley
Rolling Hills,Week3,Village West,Week5,230.0 Rolling Hills - 172.0 Village West
Rolling Hills,Week4,Village West,Week1,224.5 Rolling Hills - 173.5 Village West
Rolling Valley,Week5,Forest Hollow,Week4,302.0 Forest Hollow - 100.0 Rolling Valley
Rolling Valley,Week4,Fox Hunt,Week4,288.5 Fox Hunt - 113.5 Rolling Valley
Rolling Hills,Week1,Village West,Week2,231.0 Rolling Hills - 170.0 Village West
Rolling Valley,Week2,Fox Hunt,Week4,297.0 Fox Hunt - 105.0 Rolling Valley
Rolling Hills,Week2,Walden Glen,Week1,230.0 Rolling Hills - 171.0 Walden Glen
Rolling Hills,Week5,Walden Glen,Week4,208.0 Walden Glen - 194.0 Rolling Hills
Rolling Valley,Week2,Hunt Valley,Week4,342.0 Hunt Valley - 60.0 Rolling Valley
Rolling Valley,Week3,Hunt Valley,Week1,327.0 Hunt Valley - 75.0 Rolling Valley
Rolling Hills,Week1,Waynewood,Week5,300.0 Waynewood - 102.0 Rolling Hills
Rolling Valley,Week5,Forest Hollow,Week3,300.0 Forest Hollow - 102.0 Rolling Valley
Rolling Hills,Week1,Waynewood,Week1,268.0 Waynewood - 134.0 Rolling Hills
Rolling Hills,Week1,Waynewood,Week4,273.0 Waynewood - 129.0 Rolling Hills
Rolling Valley,Week1,Fox Hunt,Week5,334.0 Fox Hunt - 68.0 Rolling Valley
Rolling Valley,Week4,Forest Hollow,Week2,285.0 Forest Hollow - 117.0 Rolling Valley
Rolling Hills,Week2,Waynewood,Week1,242.0 Waynewood - 160.0 Rolling Hills
Rolling Hills,Week4,Waynewood,Week3,293.0 Waynewood - 109.0 Rolling Hills
Rolling Valley,Week3,Fox Hunt,Week2,292.0 Fox Hunt - 110.0 Rolling Valley
Rolling Valley,Week5,Fox Hunt,Week4,280.0 Fox Hunt - 122.0 Rolling Valley
Rolling Hills,Week4,Waynewood,Week2,291.0 Waynewood - 111.0 Rolling Hills
Rolling Hills,Week4,Waynewood,Week1,258.0 Waynewood - 144.0 Rolling Hills
Rolling Hills,Week5,Walden Glen,Week5,220.0 Walden Glen - 182.0 Rolling Hills
Rolling Valley,Week4,Fox Hunt,Week2,287.0 Fox Hunt - 115.0 Rolling Valley
Rolling Hills,Week5,Walden Glen,Week3,208.0 Rolling Hills - 194.0 Walden Glen
Rolling Valley,Week4,Forest Hollow,Week5,312.0 Forest Hollow - 90.0 Rolling Valley
Rolling Hills,Week3,Waynewood,Week2,277.5 Waynewood - 124.5 Rolling Hills
Rolling Hills,Week3,Waynewood,Week3,298.0 Waynewood - 104.0 Rolling Hills
Rolling Valley,Week1,Fox Mill Woods,Week1,359.0 Fox Mill Woods - 43.0 Rolling Valley
Rolling Valley,Week5,Fox Mill Estates,Week4,273.0 Fox Mill Estates - 129.0 Rolling Valley
Rolling Valley,Week5,Forest Hollow,Week2,279.0 Forest Hollow - 123.0 Rolling Valley
Rolling Hills,Week1,Waynewood,Week3,293.0 Waynewood - 109.0 Rolling Hills
Rolling Valley,Week3,Fox Hunt,Week5,315.0 Fox Hunt - 87.0 Rolling Valley
Rolling Hills,Week1,Waynewood,Week2,288.0 Waynewood - 114.0 Rolling Hills
Rolling Valley,Week1,Fox Hunt,Week1,297.0 Fox Hunt - 105.0 Rolling Valley
Rolling Hills,Week5,Walden Glen,Week1,223.0 Rolling Hills - 178.0 Walden Glen
Rolling Hills,Week2,Waynewood,Week4,265.5 Waynewood - 136.5 Rolling Hills
Rolling Valley,Week5,Forest Hollow,Week1,286.0 Forest Hollow - 116.0 Rolling Valley
Rolling Valley,Week4,Fox Hunt,Week3,299.0 Fox Hunt - 103.0 Rolling Valley
Rolling Valley,Week3,Fox Hunt,Week4,292.0 Fox Hunt - 110.0 Rolling Valley
Rolling Valley,Week5,Forest Hollow,Week5,306.0 Forest Hollow - 96.0 Rolling Valley
Rolling Hills,Week3,Waynewood,Week4,278.0 Waynewood - 124.0 Rolling Hills
Rolling Hills,Week2,Waynewood,Week3,285.0 Waynewood - 117.0 Rolling Hills
Rolling Valley,Week4,Fox Mill Estates,Week5,255.0 Fox Mill Estates - 147.0 Rolling Valley
Rolling Valley,Week3,Fox Mill Estates,Week1,223.0 Fox Mill Estates - 179.0 Rolling Valley
Rolling Valley,Week2,Fox Mill Estates,Week2,248.0 Fox Mill Estates - 154.0 Rolling Valley
Rolling Valley,Week1,Fox Mill Estates,Week1,266.0 Fox Mill Estates - 136.0 Rolling Valley
Rolling Valley,Week3,Fox Mill Estates,Week5,263.0 Fox Mill Estates - 139.0 Rolling Valley
Rolling Valley,Week5,Fox Mill Estates,Week3,256.0 Fox Mill Estates - 146.0 Rolling Valley
Rolling Valley,Week2,Fox Mill Estates,Week3,275.0 Fox Mill Estates - 127.0 Rolling Valley
Rolling Valley,Week4,Fox Mill Estates,Week2,242.0 Fox Mill Estates - 160.0 Rolling Valley
Rolling Hills,Week3,Woodley,Week5,250.0 Rolling Hills - 152.0 Woodley
Rolling Hills,Week4,Waynewood,Week4,285.0 Waynewood - 116.0 Rolling Hills
Rolling Hills,Week3,Woodley,Week1,259.0 Rolling Hills - 143.0 Woodley
Rolling Valley,Week4,Fox Mill Estates,Week4,275.0 Fox Mill Estates - 127.0 Rolling Valley
Rolling Hills,Week5,Waynewood,Week1,256.0 Waynewood - 146.0 Rolling Hills
Rolling Hills,Week3,Waynewood,Week1,259.3 Waynewood - 142.7 Rolling Hills
Rolling Valley,Week2,Fox Mill Estates,Week1,237.0 Fox Mill Estates - 165.0 Rolling Valley
Rolling Valley,Week3,Fox Mill Estates,Week3,259.0 Fox Mill Estates - 143.0 Rolling Valley
Rolling Hills,Week5,Walden Glen,Week2,202.0 Walden Glen - 200.0 Rolling Hills
Rolling Hills,Week2,Waynewood,Week5,290.0 Waynewood - 112.0 Rolling Hills
Rolling Hills,Week5,Waynewood,Week4,281.0 Waynewood - 121.0 Rolling Hills
Rolling Valley,Week5,Fox Hunt,Week2,283.0 Fox Hunt - 119.0 Rolling Valley
Rolling Hills,Week3,Waynewood,Week5,294.0 Waynewood - 108.0 Rolling Hills
Rolling Hills,Week2,Waynewood,Week2,275.0 Waynewood - 127.0 Rolling Hills
Rolling Hills,Week4,Waynewood,Week5,299.0 Waynewood - 102.0 Rolling Hills
Rolling Valley,Week2,Fox Mill Woods,Week4,333.0 Fox Mill Woods - 69.0 Rolling Valley
Rolling Hills,Week1,Woodley,Week4,258.0 Rolling Hills - 144.0 Woodley
Rolling Valley,Week2,Fox Mill Estates,Week5,269.5 Fox Mill Estates - 132.5 Rolling Valley
Rolling Hills,Week4,Woodley,Week3,246.0 Rolling Hills - 155.0 Woodley
Rolling Valley,Week3,Annandale,Week1,204.0 Annandale - 198.0 Rolling Valley
Rolling Hills,Week3,Woodley,Week4,258.0 Rolling Hills - 144.0 Woodley
Rolling Hills,Week2,Woodley,Week4,257.0 Rolling Hills - 140.0 Woodley
Rolling Hills,Week4,Woodley,Week1,263.0 Rolling Hills - 139.0 Woodley
Rolling Valley,Week1,Fox Mill Estates,Week2,280.0 Fox Mill Estates - 122.0 Rolling Valley
Rolling Valley,Week1,Annandale,Week2,249.0 Annandale - 153.0 Rolling Valley
Rolling Hills,Week5,Waynewood,Week3,296.0 Waynewood - 106.0 Rolling Hills
Rolling Valley,Week5,Fox Hunt,Week5,306.0 Fox Hunt - 96.0 Rolling Valley
Rolling Valley,Week4,Fox Mill Estates,Week3,246.0 Fox Mill Estates - 156.0 Rolling Valley
Rolling Hills,Week5,Woodley,Week5,231.0 Rolling Hills - 171.0 Woodley
Rolling Hills,Week1,Woodley,Week1,245.0 Rolling Hills - 157.0 Woodley
Rolling Valley,Week1,Fox Mill Estates,Week5,300.0 Fox Mill Estates - 102.0 Rolling Valley
Rolling Hills,Week5,Waynewood,Week5,303.0 Waynewood - 99.0 Rolling Hills
Rolling Hills,Week5,Waynewood,Week2,281.0 Waynewood - 121.0 Rolling Hills
Rolling Valley,Week5,Fox Hunt,Week3,287.0 Fox Hunt - 115.0 Rolling Valley
Rolling Hills,Week1,Woodley,Week5,243.0 Rolling Hills - 158.0 Woodley
Rolling Valley,Week5,Fox Mill Woods,Week3,329.0 Fox Mill Woods - 73.0 Rolling Valley
Rolling Valley,Week1,Fox Mill Woods,Week4,366.0 Fox Mill Woods - 36.0 Rolling Valley
Rolling Valley,Week3,Fox Mill Estates,Week2,241.0 Fox Mill Estates - 161.0 Rolling Valley
Rolling Valley,Week2,Annandale,Week1,202.0 Rolling Valley - 195.0 Annandale
Rolling Valley,Week3,Fox Mill Estates,Week4,267.0 Fox Mill Estates - 134.0 Rolling Valley
Rolling Valley,Week5,Fox Mill Estates,Week1,214.0 Fox Mill Estates - 188.0 Rolling Valley
Rolling Hills,Week2,Woodley,Week1,254.0 Rolling Hills - 148.0 Woodley
Rolling Valley,Week1,Annandale,Week4,241.0 Annandale - 161.0 Rolling Valley
Rolling Hills,Week2,Woodley,Week3,253.0 Rolling Hills - 149.0 Woodley
Rolling Valley,Week1,Great Falls,Week2,298.0 Great Falls - 86.0 Rolling Valley
Rolling Valley,Week5,Fox Mill Estates,Week2,223.0 Fox Mill Estates - 179.0 Rolling Valley
Rolling Hills,Week5,Woodley,Week1,246.0 Rolling Hills - 156.0 Woodley
Rolling Valley,Week2,Fox Mill Woods,Week5,336.0 Fox Mill Woods - 66.0 Rolling Valley
Rolling Valley,Week1,Fox Mill Estates,Week3,293.0 Fox Mill Estates - 109.0 Rolling Valley
Rolling Hills,Week2,Woodley,Week5,237.0 Rolling Hills - 165.0 Woodley
Rolling Hills,Week5,Woodley,Week4,248.0 Rolling Hills - 154.0 Woodley
Rolling Valley,Week3,Annandale,Week3,217.0 Annandale - 185.0 Rolling Valley
Rolling Valley,Week4,Fox Mill Woods,Week1,338.0 Fox Mill Woods - 64.0 Rolling Valley
Rolling Valley,Week2,Fox Mill Estates,Week4,286.0 Fox Mill Estates - 116.0 Rolling Valley
Rolling Valley,Week5,Fox Mill Estates,Week5,260.0 Fox Mill Estates - 142.0 Rolling Valley
Rolling Valley,Week4,Fox Mill Estates,Week1,215.0 Fox Mill Estates - 187.0 Rolling Valley
Rolling Valley,Week1,Fox Mill Estates,Week4,306.0 Fox Mill Estates - 96.0 Rolling Valley
Rolling Valley,Week1,Fox Mill Woods,Week5,362.0 Fox Mill Woods - 40.0 Rolling Valley
Rolling Valley,Week1,Great Falls,Week1,298.0 Great Falls - 104.0 Rolling Valley
Rolling Hills,Week2,Woodley,Week2,246.0 Rolling Hills - 156.0 Woodley
Rolling Hills,Week1,Woodley,Week2,245.0 Rolling Hills - 156.0 Woodley
Rolling Valley,Week4,Brandywine,Week1,267.0 Brandywine - 135.0 Rolling Valley
Rutherford,Week3,Hunt Valley,Week5,342.5 Hunt Valley - 59.5 Rutherford
Rolling Valley,Week2,Fox Mill Woods,Week2,339.0 Fox Mill Woods - 63.0 Rolling Valley
Rolling Hills,Week5,Woodley,Week3,248.0 Rolling Hills - 154.0 Woodley
Rolling Valley,Week1,Fox Mill Woods,Week3,361.0 Fox Mill Woods - 41.0 Rolling Valley
Rolling Valley,Week3,Fox Mill Woods,Week4,336.0 Fox Mill Woods - 66.0 Rolling Valley
Rolling Hills,Week4,Woodley,Week2,238.5 Rolling Hills - 159.5 Woodley
Rolling Hills,Week1,Woodley,Week3,254.5 Rolling Hills - 147.5 Woodley
Rolling Valley,Week3,Fox Mill Woods,Week5,342.0 Fox Mill Woods - 60.0 Rolling Valley
Rolling Valley,Week3,Fox Mill Woods,Week1,348.0 Fox Mill Woods - 54.0 Rolling Valley
Rolling Hills,Week5,Woodley,Week2,248.0 Rolling Hills - 154.0 Woodley
Rolling Hills,Week3,Woodley,Week3,246.0 Rolling Hills - 156.0 Woodley
Rolling Valley,Week3,Brandywine,Week4,299.0 Brandywine - 103.0 Rolling Valley
Rutherford,Week4,Hunt Valley,Week5,316.0 Hunt Valley - 86.0 Rutherford
Rolling Valley,Week3,Brandywine,Week3,278.0 Brandywine - 124.0 Rolling Valley
Rutherford,Week3,Hunt Valley,Week4,323.0 Hunt Valley - 79.0 Rutherford
Rolling Valley,Week4,Fox Mill Woods,Week2,327.0 Fox Mill Woods - 75.0 Rolling Valley
Rolling Valley,Week1,Annandale,Week5,249.0 Annandale - 153.0 Rolling Valley
Rolling Valley,Week3,Fox Mill Woods,Week3,338.0 Fox Mill Woods - 64.0 Rolling Valley
Rolling Valley,Week1,Annandale,Week1,218.0 Annandale - 184.0 Rolling Valley
Rolling Valley,Week5,Brandywine,Week2,247.0 Brandywine - 155.0 Rolling Valley
Rolling Hills,Week3,Woodley,Week2,263.0 Rolling Hills - 139.0 Woodley
Rolling Valley,Week1,Annandale,Week3,273.0 Annandale - 129.0 Rolling Valley
Rolling Valley,Week4,Brandywine,Week5,288.0 Brandywine - 114.0 Rolling Valley
Rolling Valley,Week4,Fox Mill Woods,Week4,328.0 Fox Mill Woods - 74.0 Rolling Valley
Rolling Valley,Week1,Fox Mill Woods,Week2,362.0 Fox Mill Woods - 40.0 Rolling Valley
Rolling Hills,Week4,Woodley,Week4,248.0 Rolling Hills - 153.0 Woodley
Rolling Valley,Week5,Fox Mill Woods,Week2,330.0 Fox Mill Woods - 72.0 Rolling Valley
Rutherford,Week4,Hunt Valley,Week4,313.0 Hunt Valley - 89.0 Rutherford
Rutherford,Week4,Hunt Valley,Week1,305.0 Hunt Valley - 97.0 Rutherford
Rolling Hills,Week4,Woodley,Week5,225.0 Rolling Hills - 173.0 Woodley
Rolling Valley,Week4,Fox Mill Woods,Week3,324.0 Fox Mill Woods - 78.0 Rolling Valley
Rolling Valley,Week4,Brandywine,Week3,266.0 Brandywine - 135.0 Rolling Valley
Rolling Valley,Week3,Bren Mar-Edsall Park,Week4,301.0 Rolling Valley - 98.0 Bren Mar-Edsall Park
Rolling Hills,Week4,Mount Vernon Park,Week4,299.0 Mount Vernon Park - 103.0 Rolling Hills
Rolling Valley,Week2,Fox Mill Woods,Week3,337.0 Fox Mill Woods - 65.0 Rolling Valley
Rolling Valley,Week3,Fox Mill Woods,Week2,342.0 Fox Mill Woods - 60.0 Rolling Valley
Rutherford,Week3,Hunter Mill,Week1,292.0 Hunter Mill - 110.0 Rutherford
Rolling Valley,Week4,Brandywine,Week2,257.0 Brandywine - 145.0 Rolling Valley
Rolling Valley,Week5,Brandywine,Week5,297.0 Brandywine - 105.0 Rolling Valley
Rutherford,Week4,Hunter Mill,Week3,289.0 Hunter Mill - 113.0 Rutherford
Rolling Valley,Week2,Annandale,Week5,219.0 Annandale - 183.0 Rolling Valley
Rolling Valley,Week4,Fox Mill Woods,Week5,337.0 Fox Mill Woods - 65.0 Rolling Valley
Rutherford,Week5,Hunt Valley,Week1,302.0 Hunt Valley - 100.0 Rutherford
Rutherford,Week5,Hunt Valley,Week3,337.0 Hunt Valley - 65.0 Rutherford
Rolling Valley,Week2,Annandale,Week4,206.0 Annandale - 196.0 Rolling Valley
Rolling Valley,Week1,Great Falls,Week3,322.0 Great Falls - 80.0 Rolling Valley
Rolling Valley,Week2,Annandale,Week3,230.0 Annandale - 172.0 Rolling Valley
Rolling Valley,Week2,Fox Mill Woods,Week1,345.0 Fox Mill Woods - 57.0 Rolling Valley
Rolling Hills,Week5,Mount Vernon Park,Week3,283.0 Mount Vernon Park - 119.0 Rolling Hills
Rolling Valley,Week2,Annandale,Week2,221.0 Annandale - 181.0 Rolling Valley
Rutherford,Week3,Hunter Mill,Week5,310.0 Hunter Mill - 92.0 Rutherford
Rolling Hills,Week1,Newington Forest,Week4,224.0 Rolling Hills - 178.0 Newington Forest
Rolling Valley,Week5,Brandywine,Week4,288.5 Brandywine - 113.5 Rolling Valley
Rolling Valley,Week2,Great Falls,Week3,277.0 Great Falls - 125.0 Rolling Valley
Rolling Valley,Week1,Bren Mar-Edsall Park,Week3,274.0 Rolling Valley - 128.0 Bren Mar-Edsall Park
Rolling Valley,Week3,Annandale,Week2,214.0 Annandale - 188.0 Rolling Valley
Rolling Valley,Week5,Annandale,Week5,202.5 Annandale - 199.5 Rolling Valley
Rolling Hills,Week3,Mount Vernon Park,Week3,274.0 Mount Vernon Park - 127.0 Rolling Hills
Rutherford,Week1,Hunter Mill,Week2,305.0 Hunter Mill - 96.0 Rutherford
Rutherford,Week1,Hunter Mill,Week1,323.0 Hunter Mill - 79.0 Rutherford
Rolling Valley,Week2,Bren Mar-Edsall Park,Week1,322.0 Rolling Valley - 80.0 Bren Mar-Edsall Park
Rolling Valley,Week1,Great Falls,Week5,302.0 Great Falls - 98.0 Rolling Valley
Rutherford,Week3,Hunter Mill,Week3,295.0 Hunter Mill - 107.0 Rutherford
Rolling Hills,Week5,Mount Vernon Park,Week5,289.0 Mount Vernon Park - 113.0 Rolling Hills
Rolling Valley,Week2,Great Falls,Week4,266.0 Great Falls - 136.0 Rolling Valley
Rolling Valley,Week1,Great Falls,Week4,298.0 Great Falls - 104.0 Rolling Valley
Rolling Hills,Week1,Newington Forest,Week3,232.0 Rolling Hills - 170.0 Newington Forest
Rolling Valley,Week4,Annandale,Week2,205.0 Annandale - 197.0 Rolling Valley
Rolling Hills,Week4,Mount Vernon Park,Week3,298.0 Mount Vernon Park - 104.0 Rolling Hills
Rolling Valley,Week5,Fox Mill Woods,Week4,341.0 Fox Mill Woods - 61.0 Rolling Valley
Rolling Valley,Week5,Bren Mar-Edsall Park,Week2,337.0 Rolling Valley - 65.0 Bren Mar-Edsall Park
Rolling Valley,Week4,Annandale,Week3,220.0 Annandale - 182.0 Rolling Valley
Rolling Valley,Week3,Brandywine,Week2,267.0 Brandywine - 135.0 Rolling Valley
Rolling Valley,Week5,Fox Mill Woods,Week1,328.0 Fox Mill Woods - 74.0 Rolling Valley
Rolling Valley,Week3,Annandale,Week5,215.0 Annandale - 186.0 Rolling Valley
Rolling Valley,Week1,Bren Mar-Edsall Park,Week2,310.0 Rolling Valley - 92.0 Bren Mar-Edsall Park
Rolling Valley,Week5,Annandale,Week2,204.0 Annandale - 198.0 Rolling Valley
Rolling Valley,Week4,Bren Mar-Edsall Park,Week5,313.0 Rolling Valley - 89.0 Bren Mar-Edsall Park
Rolling Valley,Week2,Great Falls,Week2,250.0 Great Falls - 134.0 Rolling Valley
Rutherford,Week4,Hunter Mill,Week5,312.0 Hunter Mill - 90.0 Rutherford
Rolling Valley,Week2,Arlington Forest,Week2,295.0 Arlington Forest - 107.0 Rolling Valley
Rolling Hills,Week2,Newington Forest,Week1,255.0 Rolling Hills - 145.0 Newington Forest
Rolling Valley,Week4,Bren Mar-Edsall Park,Week1,339.0 Rolling Valley - 63.0 Bren Mar-Edsall Park
Rolling Valley,Week2,Arlington Forest,Week3,293.0 Arlington Forest - 109.0 Rolling Valley
Rutherford,Week4,Hunt Valley,Week2,303.0 Hunt Valley - 99.0 Rutherford
Rolling Valley,Week5,Fox Mill Woods,Week5,343.0 Fox Mill Woods - 59.0 Rolling Valley
Rolling Hills,Week2,Mount Vernon Park,Week5,296.0 Mount Vernon Park - 106.0 Rolling Hills
Rolling Valley,Week4,Bren Mar-Edsall Park,Week3,320.5 Rolling Valley - 81.5 Bren Mar-Edsall Park
Rolling Valley,Week2,Great Falls,Week1,254.0 Great Falls - 148.0 Rolling Valley
Rolling Valley,Week2,Brandywine,Week5,296.0 Brandywine - 106.0 Rolling Valley
Rutherford,Week5,Hunt Valley,Week5,323.0 Hunt Valley - 79.0 Rutherford
Rolling Hills,Week3,Mount Vernon Park,Week5,283.0 Mount Vernon Park - 119.0 Rolling Hills
Rutherford,Week1,Ilda Community,Week4,209.0 Ilda Community - 192.0 Rutherford
Rolling Hills,Week5,Mount Vernon Park,Week4,287.0 Mount Vernon Park - 115.0 Rolling Hills
Rolling Valley,Week1,Arlington Forest,Week3,321.0 Arlington Forest - 81.0 Rolling Valley
Rolling Hills,Week4,Mount Vernon Park,Week1,284.0 Mount Vernon Park - 117.0 Rolling Hills
Rutherford,Week4,Hunt Valley,Week3,327.0 Hunt Valley - 75.0 Rutherford
Rutherford,Week3,Hunt Valley,Week3,329.0 Hunt Valley - 73.0 Rutherford
Rolling Valley,Week5,Annandale,Week3,223.0 Annandale - 179.0 Rolling Valley
Rolling Valley,Week4,Commonwealth,Week3,247.0 Commonwealth - 155.0 Rolling Valley
Rolling Valley,Week4,Annandale,Week1,220.0 Rolling Valley - 182.0 Annandale
Rolling Valley,Week1,Bren Mar-Edsall Park,Week5,262.0 Rolling Valley - 139.0 Bren Mar-Edsall Park
Rolling Valley,Week3,Bren Mar-Edsall Park,Week5,294.0 Rolling Valley - 103.0 Bren Mar-Edsall Park
Rutherford,Week5,Hunt Valley,Week4,309.0 Hunt Valley - 93.0 Rutherford
Rutherford,Week2,Hunter Mill,Week1,307.0 Hunter Mill - 95.0 Rutherford
Rolling Valley,Week2,Great Falls,Week5,272.0 Great Falls - 130.0 Rolling Valley
Rolling Hills,Week4,Mount Vernon Park,Week5,303.0 Mount Vernon Park - 95.0 Rolling Hills
Rolling Hills,Week1,Newington Forest,Week5,222.0 Rolling Hills - 180.0 Newington Forest
Rolling Valley,Week1,Arlington Forest,Week4,348.0 Arlington Forest - 54.0 Rolling Valley
Rolling Valley,Week5,Chesterbrook,Week4,390.0 Chesterbrook - 12.0 Rolling Valley
Rolling Hills,Week1,Newington Forest,Week1,242.0 Rolling Hills - 156.0 Newington Forest
Rolling Valley,Week3,Brandywine,Week1,275.0 Brandywine - 127.0 Rolling Valley
Rolling Valley,Week5,Chesterbrook,Week5,381.0 Chesterbrook - 21.0 Rolling Valley
Rutherford,Week3,Hunt Valley,Week2,310.0 Hunt Valley - 92.0 Rutherford
Rolling Valley,Week3,Commonwealth,Week3,248.0 Commonwealth - 153.0 Rolling Valley
Rolling Valley,Week4,Annandale,Week5,205.0 Rolling Valley - 197.0 Annandale
Rolling Hills,Week2,Newington Forest,Week3,223.0 Rolling Hills - 179.0 Newington Forest
Rolling Valley,Week3,Annandale,Week4,208.0 Annandale - 193.0 Rolling Valley
Rolling Valley,Week1,Bren Mar-Edsall Park,Week4,265.0 Rolling Valley - 137.0 Bren Mar-Edsall Park
Rolling Valley,Week1,Commonwealth,Week5,278.0 Commonwealth - 124.0 Rolling Valley
Rolling Valley,Week2,Bren Mar-Edsall Park,Week4,298.0 Rolling Valley - 104.0 Bren Mar-Edsall Park
Rutherford,Week2,Hunter Mill,Week4,306.0 Hunter Mill - 96.0 Rutherford
Rolling Valley,Week2,Arlington Forest,Week4,335.0 Arlington Forest - 67.0 Rolling Valley
Rolling Valley,Week5,Annandale,Week4,209.0 Annandale - 193.0 Rolling Valley
Rutherford,Week3,Hunter Mill,Week4,289.0 Hunter Mill - 113.0 Rutherford
Rolling Hills,Week2,Newington Forest,Week2,236.0 Rolling Hills - 165.0 Newington Forest
Rolling Valley,Week3,Brandywine,Week5,301.5 Brandywine - 100.5 Rolling Valley
Rutherford,Week1,Hunter Mill,Week5,334.0 Hunter Mill - 68.0 Rutherford
Rutherford,Week1,Hunter Mill,Week3,327.0 Hunter Mill - 75.0 Rutherford
Rolling Hills,Week1,Newington Forest,Week2,237.0 Rolling Hills - 160.0 Newington Forest
Rolling Valley,Week3,Bren Mar-Edsall Park,Week3,312.0 Rolling Valley - 89.0 Bren Mar-Edsall Park
Rolling Valley,Week1,Cottontail,Week3,309.0 Cottontail - 93.0 Rolling Valley
Rolling Hills,Week4,Mount Vernon Park,Week2,296.0 Mount Vernon Park - 106.0 Rolling Hills
Rolling Valley,Week2,Brandywine,Week4,297.0 Brandywine - 105.0 Rolling Valley
Rolling Valley,Week2,Arlington Forest,Week5,312.0 Arlington Forest - 90.0 Rolling Valley
Rutherford,Week4,Hunter Mill,Week1,286.0 Hunter Mill - 116.0 Rutherford
Rolling Valley,Week5,Commonwealth,Week5,244.0 Commonwealth - 158.0 Rolling Valley
Rutherford,Week5,Hunt Valley,Week2,301.0 Hunt Valley - 101.0 Rutherford
Rolling Valley,Week1,Arlington Forest,Week2,329.0 Arlington Forest - 73.0 Rolling Valley
Rolling Valley,Week5,Brandywine,Week3,259.0 Brandywine - 143.0 Rolling Valley
Rolling Hills,Week5,Mount Vernon Park,Week1,279.0 Mount Vernon Park - 123.0 Rolling Hills
Rolling Valley,Week2,Arlington Forest,Week1,318.0 Arlington Forest - 84.0 Rolling Valley
Rolling Valley,Week5,Brandywine,Week1,274.0 Brandywine - 128.0 Rolling Valley
Rutherford,Week2,Hunter Mill,Week3,309.0 Hunter Mill - 93.0 Rutherford
Rolling Hills,Week5,Mount Vernon Park,Week2,285.0 Mount Vernon Park - 117.0 Rolling Hills
Rolling Hills,Week3,Mount Vernon Park,Week4,276.5 Mount Vernon Park - 125.5 Rolling Hills
Rolling Valley,Week4,Brandywine,Week4,296.0 Brandywine - 106.0 Rolling Valley
Rolling Valley,Week1,Arlington Forest,Week1,343.0 Arlington Forest - 59.0 Rolling Valley
Rolling Hills,Week2,Newington Forest,Week4,214.0 Rolling Hills - 183.0 Newington Forest
Rutherford,Week1,Hunter Mill,Week4,327.0 Hunter Mill - 74.0 Rutherford
Rolling Valley,Week1,Cottontail,Week5,329.0 Cottontail - 73.0 Rolling Valley
Rolling Valley,Week2,Cottontail,Week2,283.0 Cottontail - 119.0 Rolling Valley
Rolling Valley,Week2,Cottontail,Week4,276.0 Cottontail - 126.0 Rolling Valley
Rolling Valley,Week5,Annandale,Week1,225.0 Rolling Valley - 177.0 Annandale
Rolling Valley,Week2,Commonwealth,Week1,207.0 Commonwealth - 190.0 Rolling Valley
Rolling Hills,Week3,Mount Vernon Park,Week1,262.0 Mount Vernon Park - 140.0 Rolling Hills
Rutherford,Week4,Hunter Mill,Week2,289.0 Hunter Mill - 113.0 Rutherford
Rolling Valley,Week2,Bren Mar-Edsall Park,Week5,295.0 Rolling Valley - 107.0 Bren Mar-Edsall Park
Rutherford,Week2,Hunter Mill,Week5,322.0 Hunter Mill - 80.0 Rutherford
Rolling Valley,Week1,Cottontail,Week2,325.0 Cottontail - 77.0 Rolling Valley
Rolling Valley,Week3,Commonwealth,Week5,250.0 Commonwealth - 152.0 Rolling Valley
Rolling Valley,Week1,Bren Mar-Edsall Park,Week1,297.0 Rolling Valley - 104.0 Bren Mar-Edsall Park
Rolling Valley,Week1,Arlington Forest,Week5,341.0 Arlington Forest - 61.0 Rolling Valley
Rolling Valley,Week3,Bren Mar-Edsall Park,Week1,322.0 Rolling Valley - 80.0 Bren Mar-Edsall Park
Rutherford,Week2,Hunter Mill,Week2,296.0 Hunter Mill - 106.0 Rutherford
Rolling Valley,Week2,Bren Mar-Edsall Park,Week2,323.0 Rolling Valley - 79.0 Bren Mar-Edsall Park
Rolling Hills,Week2,Newington Forest,Week5,212.0 Rolling Hills - 190.0 Newington Forest
Rutherford,Week5,Hunter Mill,Week1,281.0 Hunter Mill - 121.0 Rutherford
Rutherford,Week4,Hunter Mill,Week4,286.5 Hunter Mill - 115.5 Rutherford
Rolling Valley,Week4,Arlington Forest,Week3,281.0 Arlington Forest - 121.0 Rolling Valley
Rolling Valley,Week3,Commonwealth,Week1,204.0 Rolling Valley - 198.0 Commonwealth
Rolling Valley,Week2,Bren Mar-Edsall Park,Week3,312.0 Rolling Valley - 90.0 Bren Mar-Edsall Park
Rolling Valley,Week3,Arlington Forest,Week5,319.0 Arlington Forest - 83.0 Rolling Valley
Rolling Valley,Week5,Commonwealth,Week1,204.0 Commonwealth - 198.0 Rolling Valley
Rolling Valley,Week3,Arlington Forest,Week4,333.0 Arlington Forest - 69.0 Rolling Valley
Rolling Valley,Week4,Annandale,Week4,204.0 Rolling Valley - 198.0 Annandale
Rutherford,Week3,Hunter Mill,Week2,283.0 Hunter Mill - 119.0 Rutherford
Rolling Hills,Week3,Mount Vernon Park,Week2,267.0 Mount Vernon Park - 135.0 Rolling Hills
Rolling Valley,Week3,Bren Mar-Edsall Park,Week2,325.0 Rolling Valley - 76.0 Bren Mar-Edsall Park
Rutherford,Week4,Ilda Community,Week4,222.0 Rutherford - 180.0 Ilda Community
Rolling Valley,Week1,Brandywine,Week3,310.0 Brandywine - 91.0 Rolling Valley
Rolling Valley,Week4,Bren Mar-Edsall Park,Week2,338.0 Rolling Valley - 64.0 Bren Mar-Edsall Park
Rolling Valley,Week5,Arlington Forest,Week5,312.0 Arlington Forest - 90.0 Rolling Valley
Rolling Valley,Week3,Commonwealth,Week4,228.0 Commonwealth - 173.0 Rolling Valley
Rolling Valley,Week1,Commonwealth,Week3,282.0 Commonwealth - 120.0 Rolling Valley
Rolling Valley,Week4,Commonwealth,Week1,210.0 Rolling Valley - 192.0 Commonwealth
Rolling Valley,Week4,Arlington Forest,Week5,312.0 Arlington Forest - 90.0 Rolling Valley
Rutherford,Week5,Hunter Mill,Week4,291.0 Hunter Mill - 111.0 Rutherford
Rolling Valley,Week1,Commonwealth,Week2,289.0 Commonwealth - 113.0 Rolling Valley
Rutherford,Week5,Hunter Mill,Week3,289.0 Hunter Mill - 113.0 Rutherford
Rutherford,Week5,Hunter Mill,Week2,280.0 Hunter Mill - 122.0 Rutherford
Rolling Valley,Week1,Commonwealth,Week4,268.0 Commonwealth - 134.0 Rolling Valley
Rolling Valley,Week4,Arlington Forest,Week2,287.0 Arlington Forest - 115.0 Rolling Valley
Rutherford,Week2,Ilda Community,Week4,222.0 Ilda Community - 180.0 Rutherford
Rolling Valley,Week4,Commonwealth,Week2,256.0 Commonwealth - 146.0 Rolling Valley
Rolling Valley,Week2,Commonwealth,Week3,252.0 Commonwealth - 150.0 Rolling Valley
Rolling Valley,Week5,Arlington Forest,Week1,309.0 Arlington Forest - 93.0 Rolling Valley
Rolling Valley,Week5,Bren Mar-Edsall Park,Week3,316.0 Rolling Valley - 86.0 Bren Mar-Edsall Park
Rutherford,Week2,Ilda Community,Week5,214.0 Rutherford - 186.0 Ilda Community
Rolling Valley,Week2,Brookfield ,Week3,282.0 Brookfield - 120.0 Rolling Valley
Rolling Valley,Week2,Brookfield ,Week4,314.0 Brookfield - 88.0 Rolling Valley
Rolling Valley,Week4,Arlington Forest,Week4,329.0 Arlington Forest - 73.0 Rolling Valley
Rolling Valley,Week5,Arlington Forest,Week2,293.0 Arlington Forest - 109.0 Rolling Valley
Rolling Valley,Week3,Commonwealth,Week2,255.0 Commonwealth - 147.0 Rolling Valley
Rolling Valley,Week3,Brookfield ,Week5,273.0 Brookfield - 124.0 Rolling Valley
Rolling Valley,Week2,Commonwealth,Week2,255.0 Commonwealth - 147.0 Rolling Valley
Rolling Valley,Week2,Commonwealth,Week4,241.0 Commonwealth - 161.0 Rolling Valley
Rolling Valley,Week1,Commonwealth,Week1,225.5 Commonwealth - 176.5 Rolling Valley
Rutherford,Week1,Ilda Community,Week1,200.0 Rutherford - 198.0 Ilda Community
Rutherford,Week5,Hunter Mill,Week5,304.0 Hunter Mill - 98.0 Rutherford
Rolling Valley,Week5,Bren Mar-Edsall Park,Week1,338.0 Rolling Valley - 64.0 Bren Mar-Edsall Park
Rolling Valley,Week5,Bren Mar-Edsall Park,Week5,316.0 Rolling Valley - 86.0 Bren Mar-Edsall Park
Rolling Valley,Week3,Arlington Forest,Week1,320.0 Arlington Forest - 82.0 Rolling Valley
Rolling Valley,Week1,Brandywine,Week2,298.0 Brandywine - 103.0 Rolling Valley
Rolling Valley,Week2,Brandywine,Week3,273.0 Brandywine - 129.0 Rolling Valley
Rolling Valley,Week4,Bren Mar-Edsall Park,Week4,316.0 Rolling Valley - 86.0 Bren Mar-Edsall Park
Rolling Valley,Week3,Brookfield ,Week3,268.0 Brookfield - 134.0 Rolling Valley
Rutherford,Week3,Ilda Community,Week4,212.0 Rutherford - 190.0 Ilda Community
Rolling Valley,Week1,Brookfield ,Week4,328.0 Brookfield - 74.0 Rolling Valley
Rolling Valley,Week5,Arlington Forest,Week3,286.0 Arlington Forest - 116.0 Rolling Valley
Rolling Valley,Week1,Brandywine,Week5,337.0 Brandywine - 65.0 Rolling Valley
Rutherford,Week1,Ilda Community,Week3,204.0 Rutherford - 197.0 Ilda Community
Rolling Valley,Week3,Brookfield ,Week4,304.0 Brookfield - 98.0 Rolling Valley
Rolling Valley,Week2,Commonwealth,Week5,265.0 Commonwealth - 137.0 Rolling Valley
Rutherford,Week3,Ilda Community,Week5,222.0 Rutherford - 178.0 Ilda Community
Rolling Valley,Week2,Brookfield ,Week1,295.0 Brookfield - 107.0 Rolling Valley
Rutherford,Week3,Ilda Community,Week2,223.0 Rutherford - 179.0 Ilda Community
Rolling Valley,Week4,Commonwealth,Week4,232.0 Commonwealth - 170.0 Rolling Valley
Rutherford,Week1,Ilda Community,Week2,202.0 Rutherford - 199.0 Ilda Community
Rolling Valley,Week1,Brookfield ,Week2,318.0 Brookfield - 84.0 Rolling Valley
Rolling Valley,Week1,Brandywine,Week1,315.0 Brandywine - 87.0 Rolling Valley
Rolling Valley,Week4,Brookfield ,Week2,269.0 Brookfield - 133.0 Rolling Valley
Rolling Valley,Week1,Brandywine,Week4,342.0 Brandywine - 60.0 Rolling Valley
Rolling Valley,Week5,Commonwealth,Week2,254.0 Commonwealth - 148.0 Rolling Valley
Rutherford,Week5,Ilda Community,Week2,230.0 Rutherford - 172.0 Ilda Community
Rolling Valley,Week1,Brookfield ,Week5,311.0 Brookfield - 91.0 Rolling Valley
Rutherford,Week1,Ilda Community,Week5,210.0 Rutherford - 187.0 Ilda Community
Rolling Valley,Week5,Commonwealth,Week4,223.0 Commonwealth - 179.0 Rolling Valley
Rutherford,Week5,Ilda Community,Week1,217.0 Rutherford - 185.0 Ilda Community
Rolling Valley,Week3,Arlington Forest,Week3,287.0 Arlington Forest - 115.0 Rolling Valley
Rolling Valley,Week4,Arlington Forest,Week1,312.0 Arlington Forest - 90.0 Rolling Valley
Rolling Valley,Week4,Brookfield ,Week1,283.0 Brookfield - 119.0 Rolling Valley
Rolling Valley,Week1,Cottontail,Week1,319.0 Cottontail - 83.0 Rolling Valley
Rolling Valley,Week5,Arlington Forest,Week4,323.0 Arlington Forest - 79.0 Rolling Valley
Rutherford,Week2,Ilda Community,Week1,215.0 Rutherford - 186.0 Ilda Community
Rutherford,Week4,Ilda Community,Week5,231.5 Rutherford - 169.5 Ilda Community
Rolling Valley,Week2,Brandywine,Week2,277.0 Brandywine - 125.0 Rolling Valley
Rolling Valley,Week2,Brandywine,Week1,279.0 Brandywine - 118.0 Rolling Valley
Rolling Valley,Week4,Commonwealth,Week5,254.0 Commonwealth - 148.0 Rolling Valley
Rolling Valley,Week5,Commonwealth,Week3,248.0 Commonwealth - 154.0 Rolling Valley
Rolling Valley,Week4,Brookfield ,Week3,266.0 Brookfield - 136.0 Rolling Valley
Rolling Valley,Week1,Cottontail,Week4,309.0 Cottontail - 93.0 Rolling Valley
Rolling Valley,Week3,Brookfield ,Week2,280.0 Brookfield - 122.0 Rolling Valley
Rutherford,Week5,Ilda Community,Week4,217.0 Rutherford - 185.0 Ilda Community
Rolling Valley,Week4,Cottontail,Week4,251.0 Cottontail - 151.0 Rolling Valley
Rolling Valley,Week2,Cottontail,Week3,270.0 Cottontail - 132.0 Rolling Valley
Rolling Valley,Week5,Cottontail,Week3,254.0 Cottontail - 148.0 Rolling Valley
Rolling Valley,Week3,Arlington Forest,Week2,295.5 Arlington Forest - 106.5 Rolling Valley
Rolling Valley,Week5,Brookfield ,Week1,280.0 Brookfield - 122.0 Rolling Valley
Rolling Valley,Week2,Country Club Hills,Week5,295.0 Country Club Hills - 107.0 Rolling Valley
Rolling Valley,Week5,Brookfield ,Week2,273.0 Brookfield - 129.0 Rolling Valley
Rolling Valley,Week4,Brookfield ,Week5,281.0 Brookfield - 121.0 Rolling Valley
Rolling Valley,Week3,Brookfield ,Week1,288.0 Brookfield - 114.0 Rolling Valley
Rutherford,Week2,Ilda Community,Week2,206.0 Rutherford - 196.0 Ilda Community
Rolling Valley,Week4,Cottontail,Week3,259.0 Cottontail - 143.0 Rolling Valley
Rolling Valley,Week1,Brookfield ,Week1,321.0 Brookfield - 81.0 Rolling Valley
Rolling Valley,Week2,Brookfield ,Week5,282.0 Brookfield - 120.0 Rolling Valley
Rolling Valley,Week3,Cottontail,Week2,278.0 Cottontail - 124.0 Rolling Valley
Rutherford,Week5,Ilda Community,Week5,220.5 Rutherford - 180.5 Ilda Community
Rolling Valley,Week4,Brookfield ,Week4,296.0 Brookfield - 106.0 Rolling Valley
Rolling Valley,Week2,Cottontail,Week1,279.0 Cottontail - 123.0 Rolling Valley
Rolling Valley,Week3,Sleepy Hollow B & R,Week1,296.5 Sleepy Hollow B & R - 104.5 Rolling Valley
Rutherford,Week3,Ilda Community,Week1,218.0 Rutherford - 183.0 Ilda Community
Rutherford,Week5,Ilda Community,Week3,231.0 Rutherford - 171.0 Ilda Community
Rolling Valley,Week5,Sideburn Run,Week3,301.0 Sideburn Run - 101.0 Rolling Valley
Rolling Valley,Week2,Brookfield ,Week2,285.0 Brookfield - 117.0 Rolling Valley
Rolling Valley,Week4,Sleepy Hollow B & R,Week2,312.0 Sleepy Hollow B & R - 90.0 Rolling Valley
Rutherford,Week2,Ilda Community,Week3,205.0 Rutherford - 197.0 Ilda Community
Rutherford,Week4,Ilda Community,Week2,233.0 Rutherford - 169.0 Ilda Community
Rutherford,Week3,Ilda Community,Week3,230.0 Rutherford - 172.0 Ilda Community
Rolling Valley,Week5,Broyhill Crest,Week1,283.0 Rolling Valley - 119.0 Broyhill Crest
Rolling Valley,Week4,Cottontail,Week1,278.0 Cottontail - 124.0 Rolling Valley
Rutherford,Week1,Kent Gardens,Week2,270.0 Kent Gardens - 131.0 Rutherford
Rolling Valley,Week2,Broyhill Crest,Week5,270.0 Rolling Valley - 132.0 Broyhill Crest
Rolling Valley,Week3,Cottontail,Week5,299.0 Cottontail - 103.0 Rolling Valley
Rolling Valley,Week3,Cottontail,Week4,265.5 Cottontail - 136.5 Rolling Valley
Rolling Valley,Week4,Cottontail,Week2,270.0 Cottontail - 132.0 Rolling Valley
Rolling Valley,Week2,Broyhill Crest,Week3,291.0 Rolling Valley - 111.0 Broyhill Crest
Rutherford,Week3,Kent Gardens,Week5,285.0 Kent Gardens - 117.0 Rutherford
Rolling Valley,Week3,Sleepy Hollow B & R,Week4,319.0 Sleepy Hollow B & R - 83.0 Rolling Valley
Rolling Valley,Week3,Sleepy Hollow B & R,Week2,299.0 Sleepy Hollow B & R - 102.0 Rolling Valley
Rutherford,Week3,Kent Gardens,Week2,260.0 Kent Gardens - 142.0 Rutherford
Rolling Valley,Week3,Cottontail,Week3,267.0 Cottontail - 135.0 Rolling Valley
Rolling Valley,Week1,Country Club Hills,Week5,325.0 Country Club Hills - 77.0 Rolling Valley
Rolling Valley,Week2,Broyhill Crest,Week4,270.0 Rolling Valley - 132.0 Broyhill Crest
Rutherford,Week2,Kent Gardens,Week1,285.0 Kent Gardens - 117.0 Rutherford
Rolling Valley,Week3,Broyhill Crest,Week5,254.0 Rolling Valley - 148.0 Broyhill Crest
Rolling Valley,Week3,Broyhill Crest,Week4,262.5 Rolling Valley - 138.5 Broyhill Crest
Rolling Valley,Week1,Broyhill Crest,Week2,267.0 Rolling Valley - 134.0 Broyhill Crest
Rutherford,Week4,Ilda Community,Week1,239.0 Rutherford - 162.0 Ilda Community
Rolling Valley,Week5,Cottontail,Week4,256.0 Cottontail - 146.0 Rolling Valley
Rolling Valley,Week5,Bren Mar-Edsall Park,Week4,319.0 Rolling Valley - 83.0 Bren Mar-Edsall Park
Rolling Valley,Week4,Sleepy Hollow B & R,Week4,319.0 Sleepy Hollow B & R - 83.0 Rolling Valley
Rolling Valley,Week1,Brookfield ,Week3,313.0 Brookfield - 89.0 Rolling Valley
Rolling Valley,Week5,Cottontail,Week1,281.0 Cottontail - 121.0 Rolling Valley
Rolling Valley,Week1,Sleepy Hollow B & R,Week2,343.0 Sleepy Hollow B & R - 59.0 Rolling Valley
Rolling Valley,Week1,Burke Station,Week3,246.0 Burke Station - 151.0 Rolling Valley
Rolling Valley,Week4,Sideburn Run,Week4,301.0 Sideburn Run - 101.0 Rolling Valley
Rutherford,Week4,Ilda Community,Week3,221.0 Rutherford - 181.0 Ilda Community
Rolling Valley,Week3,Country Club Hills,Week2,254.0 Country Club Hills - 148.0 Rolling Valley
Rolling Valley,Week4,Sleepy Hollow B & R,Week1,301.0 Sleepy Hollow B & R - 101.0 Rolling Valley
Rolling Valley,Week5,Cottontail,Week5,292.0 Cottontail - 110.0 Rolling Valley
Rolling Valley,Week4,Sideburn Run,Week3,293.0 Sideburn Run - 109.0 Rolling Valley
Rolling Valley,Week5,Sleepy Hollow B & R,Week2,304.0 Sleepy Hollow B & R - 98.0 Rolling Valley
Rutherford,Week4,Kent Gardens,Week4,239.0 Kent Gardens - 163.0 Rutherford
Rolling Valley,Week5,Brookfield ,Week3,270.0 Brookfield - 132.0 Rolling Valley
Rolling Valley,Week4,Broyhill Crest,Week4,289.0 Rolling Valley - 113.0 Broyhill Crest
Rolling Valley,Week1,Burke Station,Week1,229.0 Burke Station - 149.0 Rolling Valley
Rolling Valley,Week2,Cottontail,Week5,302.0 Cottontail - 100.0 Rolling Valley
Rolling Valley,Week1,Sleepy Hollow B & R,Week5,349.0 Sleepy Hollow B & R - 52.0 Rolling Valley
Rutherford,Week2,Kent Gardens,Week3,273.0 Kent Gardens - 129.0 Rutherford
Rutherford,Week4,Kent Gardens,Week5,284.0 Kent Gardens - 118.0 Rutherford
Rutherford,Week3,Kent Gardens,Week4,264.0 Kent Gardens - 138.0 Rutherford
Rolling Valley,Week4,Sideburn Run,Week5,309.0 Sideburn Run - 93.0 Rolling Valley
Rolling Valley,Week3,Cottontail,Week1,292.0 Cottontail - 110.0 Rolling Valley
Rolling Valley,Week1,Country Club Hills,Week2,308.0 Country Club Hills - 94.0 Rolling Valley
Rolling Valley,Week4,Sideburn Run,Week1,281.0 Sideburn Run - 121.0 Rolling Valley
Rolling Valley,Week5,Sideburn Run,Week5,308.0 Sideburn Run - 94.0 Rolling Valley
Rolling Valley,Week5,Sideburn Run,Week1,285.0 Sideburn Run - 117.0 Rolling Valley
Rutherford,Week1,Kent Gardens,Week4,278.0 Kent Gardens - 124.0 Rutherford
Rolling Valley,Week4,Cottontail,Week5,286.0 Cottontail - 116.0 Rolling Valley
Rolling Hills,Week2,Old Keene Mill,Week1,249.0 Rolling Hills - 153.0 Old Keene Mill
Rolling Valley,Week2,Sleepy Hollow B & R,Week2,320.0 Sleepy Hollow B & R - 82.0 Rolling Valley
Rutherford,Week2,Kent Gardens,Week4,264.0 Kent Gardens - 138.0 Rutherford
Rolling Valley,Week4,Broyhill Crest,Week1,293.0 Rolling Valley - 109.0 Broyhill Crest
Rolling Valley,Week2,Sleepy Hollow B & R,Week1,306.0 Sleepy Hollow B & R - 96.0 Rolling Valley
Rolling Valley,Week1,Country Club Hills,Week3,306.0 Country Club Hills - 96.0 Rolling Valley
Rolling Valley,Week1,Sleepy Hollow B & R,Week4,353.0 Sleepy Hollow B & R - 49.0 Rolling Valley
Rolling Valley,Week5,Sideburn Run,Week2,271.0 Sideburn Run - 131.0 Rolling Valley
Rolling Valley,Week1,Broyhill Crest,Week1,241.0 Rolling Valley - 160.0 Broyhill Crest
Rolling Valley,Week1,Country Club Hills,Week4,304.0 Country Club Hills - 98.0 Rolling Valley
Rolling Hills,Week1,Orange Hunt,Week2,262.0 Orange Hunt - 140.0 Rolling Hills
Rolling Hills,Week4,Old Keene Mill,Week1,231.0 Rolling Hills - 170.0 Old Keene Mill
Rolling Hills,Week1,Orange Hunt,Week5,269.0 Orange Hunt - 133.0 Rolling Hills
Rolling Valley,Week2,Broyhill Crest,Week2,303.0 Rolling Valley - 98.0 Broyhill Crest
Rolling Valley,Week4,Sideburn Run,Week2,275.0 Sideburn Run - 127.0 Rolling Valley
Rolling Valley,Week5,Cottontail,Week2,275.0 Cottontail - 127.0 Rolling Valley
Rutherford,Week2,Kent Gardens,Week2,275.0 Kent Gardens - 127.0 Rutherford
Rutherford,Week2,Kent Gardens,Week5,304.0 Kent Gardens - 98.0 Rutherford
Rolling Valley,Week2,Country Club Hills,Week1,266.5 Country Club Hills - 135.5 Rolling Valley
Rolling Valley,Week3,Broyhill Crest,Week1,273.0 Rolling Valley - 121.0 Broyhill Crest
Rutherford,Week3,Kent Gardens,Week1,263.0 Kent Gardens - 139.0 Rutherford
Rolling Hills,Week3,Old Keene Mill,Week1,239.0 Rolling Hills - 162.0 Old Keene Mill
Rutherford,Week4,Kent Gardens,Week2,236.0 Kent Gardens - 165.0 Rutherford
Rutherford,Week1,Kent Gardens,Week5,309.0 Kent Gardens - 93.0 Rutherford
Rolling Hills,Week3,Orange Hunt,Week1,232.0 Orange Hunt - 170.0 Rolling Hills
Rolling Hills,Week2,Lincolnia Park,Week2,284.0 Rolling Hills - 108.0 Lincolnia Park
Rolling Hills,Week5,Old Keene Mill,Week2,219.0 Rolling Hills - 183.0 Old Keene Mill
Rolling Valley,Week1,Sleepy Hollow B & R,Week1,331.0 Sleepy Hollow B & R - 71.0 Rolling Valley
Rolling Valley,Week2,Country Club Hills,Week3,271.0 Country Club Hills - 131.0 Rolling Valley
Rutherford,Week1,Kent Gardens,Week3,282.0 Kent Gardens - 119.0 Rutherford
Rolling Hills,Week5,Old Keene Mill,Week3,223.0 Rolling Hills - 179.0 Old Keene Mill
Rutherford,Week3,Kent Gardens,Week3,248.0 Kent Gardens - 154.0 Rutherford
Rolling Valley,Week4,Broyhill Crest,Week5,272.0 Rolling Valley - 130.0 Broyhill Crest
Rolling Valley,Week1,Country Club Hills,Week1,307.5 Country Club Hills - 94.5 Rolling Valley
Rolling Valley,Week2,Sleepy Hollow B & R,Week4,331.0 Sleepy Hollow B & R - 71.0 Rolling Valley
Rolling Hills,Week3,Lincolnia Park,Week5,234.0 Rolling Hills - 154.0 Lincolnia Park
Rolling Hills,Week3,Orange Hunt,Week3,251.0 Orange Hunt - 151.0 Rolling Hills
Rolling Valley,Week4,Broyhill Crest,Week3,310.0 Rolling Valley - 92.0 Broyhill Crest
Rolling Valley,Week2,Country Club Hills,Week4,276.0 Country Club Hills - 126.0 Rolling Valley
Rolling Valley,Week2,Country Club Hills,Week2,279.0 Country Club Hills - 123.0 Rolling Valley
Rolling Valley,Week3,Mantua,Week3,347.0 Mantua - 55.0 Rolling Valley
Rolling Valley,Week1,Broyhill Crest,Week3,254.0 Rolling Valley - 146.0 Broyhill Crest
Rolling Hills,Week2,Lincolnia Park,Week4,286.0 Rolling Hills - 116.0 Lincolnia Park
Rolling Valley,Week4,Broyhill Crest,Week2,309.0 Rolling Valley - 93.0 Broyhill Crest
Rolling Valley,Week2,Sleepy Hollow B & R,Week3,316.0 Sleepy Hollow B & R - 86.0 Rolling Valley
Rolling Valley,Week2,Mantua,Week4,329.0 Mantua - 73.0 Rolling Valley
Rolling Valley,Week5,Sideburn Run,Week4,305.0 Sideburn Run - 97.0 Rolling Valley
Rolling Valley,Week5,Brookfield ,Week4,288.0 Brookfield - 114.0 Rolling Valley
Rolling Valley,Week5,Sleepy Hollow B & R,Week1,294.0 Sleepy Hollow B & R - 108.0 Rolling Valley
Rolling Valley,Week2,Sleepy Hollow B & R,Week5,328.0 Sleepy Hollow B & R - 74.0 Rolling Valley
Rolling Hills,Week2,Orange Hunt,Week3,247.0 Orange Hunt - 155.0 Rolling Hills
Rolling Hills,Week5,Lincolnia Park,Week1,283.0 Rolling Hills - 118.0 Lincolnia Park
Rolling Hills,Week1,Orange Hunt,Week4,253.0 Orange Hunt - 149.0 Rolling Hills
Rolling Valley,Week4,Sleepy Hollow B & R,Week3,321.0 Sleepy Hollow B & R - 81.0 Rolling Valley
Rolling Valley,Week3,Crosspointe,Week5,346.0 Crosspointe - 56.0 Rolling Valley
Rolling Valley,Week1,Crosspointe,Week2,346.0 Crosspointe - 56.0 Rolling Valley
Rolling Valley,Week3,Sleepy Hollow B & R,Week3,315.0 Sleepy Hollow B & R - 87.0 Rolling Valley
Rolling Hills,Week4,Orange Hunt,Week4,251.0 Orange Hunt - 150.0 Rolling Hills
Rutherford,Week4,Kent Gardens,Week1,262.0 Kent Gardens - 139.0 Rutherford
Rolling Valley,Week5,Brookfield ,Week5,272.0 Brookfield - 130.0 Rolling Valley
Rolling Valley,Week4,Mansion House,Week3,317.0 Mansion House - 85.0 Rolling Valley
Rolling Valley,Week3,Country Club Hills,Week5,292.5 Country Club Hills - 109.5 Rolling Valley
Rolling Valley,Week3,Broyhill Crest,Week3,289.0 Rolling Valley - 112.0 Broyhill Crest
Rolling Valley,Week3,Broyhill Crest,Week2,283.0 Rolling Valley - 117.0 Broyhill Crest
Rolling Hills,Week3,Lincolnia Park,Week3,249.0 Rolling Hills - 135.0 Lincolnia Park
Rutherford,Week5,Kent Gardens,Week4,233.0 Kent Gardens - 169.0 Rutherford
Rolling Valley,Week2,Broyhill Crest,Week1,289.0 Rolling Valley - 112.0 Broyhill Crest
Rolling Valley,Week5,Mansion House,Week4,287.0 Mansion House - 115.0 Rolling Valley
Rolling Valley,Week5,Broyhill Crest,Week2,300.0 Rolling Valley - 102.0 Broyhill Crest
Rolling Hills,Week3,Old Keene Mill,Week5,219.0 Rolling Hills - 183.0 Old Keene Mill
Rolling Valley,Week3,Mantua,Week2,314.0 Mantua - 88.0 Rolling Valley
Rolling Valley,Week1,Sleepy Hollow B & R,Week3,347.0 Sleepy Hollow B & R - 54.0 Rolling Valley
Rolling Valley,Week2,Crosspointe,Week2,334.0 Crosspointe - 68.0 Rolling Valley
Rutherford,Week5,Kent Gardens,Week3,240.0 Kent Gardens - 162.0 Rutherford
Rutherford,Week4,Kent Gardens,Week3,251.0 Kent Gardens - 150.0 Rutherford
Rutherford,Week5,Kent Gardens,Week1,256.0 Kent Gardens - 146.0 Rutherford
Rolling Valley,Week3,Sleepy Hollow B & R,Week5,332.0 Sleepy Hollow B & R - 70.0 Rolling Valley
Rolling Valley,Week3,Country Club Hills,Week1,268.0 Country Club Hills - 134.0 Rolling Valley
Rolling Valley,Week4,Mansion House,Week2,302.0 Mansion House - 100.0 Rolling Valley
Rolling Valley,Week4,Country Club Hills,Week4,271.5 Country Club Hills - 130.5 Rolling Valley
Rutherford,Week1,Kent Gardens,Week1,291.0 Kent Gardens - 110.0 Rutherford
Rolling Hills,Week4,Lincolnia Park,Week3,244.0 Rolling Hills - 141.0 Lincolnia Park
Rolling Valley,Week1,Broyhill Crest,Week4,246.0 Rolling Valley - 155.0 Broyhill Crest
Rolling Hills,Week3,Lincolnia Park,Week4,282.0 Rolling Hills - 113.0 Lincolnia Park
Rolling Valley,Week1,Crosspointe,Week3,363.0 Crosspointe - 39.0 Rolling Valley
Rolling Hills,Week4,Old Keene Mill,Week2,217.0 Rolling Hills - 185.0 Old Keene Mill
Rolling Hills,Week5,Lincolnia Park,Week3,263.0 Rolling Hills - 129.0 Lincolnia Park
Rolling Valley,Week4,Mantua,Week4,327.0 Mantua - 75.0 Rolling Valley
Rolling Hills,Week5,Old Keene Mill,Week5,215.0 Rolling Hills - 187.0 Old Keene Mill
Rolling Hills,Week5,Lincolnia Park,Week2,275.0 Rolling Hills - 118.0 Lincolnia Park
Rolling Valley,Week5,Mantua,Week4,327.0 Mantua - 75.0 Rolling Valley
Rolling Valley,Week1,Broyhill Crest,Week5,213.0 Rolling Valley - 189.0 Broyhill Crest
Rolling Hills,Week2,Lincolnia Park,Week1,288.0 Rolling Hills - 113.0 Lincolnia Park
Rolling Valley,Week4,Sleepy Hollow B & R,Week5,324.0 Sleepy Hollow B & R - 78.0 Rolling Valley
Rolling Valley,Week5,Mantua,Week3,343.0 Mantua - 59.0 Rolling Valley
Rutherford,Week5,Kent Gardens,Week2,223.0 Kent Gardens - 179.0 Rutherford
Rolling Hills,Week2,Old Keene Mill,Week5,218.0 Rolling Hills - 184.0 Old Keene Mill
Rolling Valley,Week2,Mantua,Week1,325.0 Mantua - 77.0 Rolling Valley
Rolling Hills,Week4,Lincolnia Park,Week5,243.0 Rolling Hills - 141.0 Lincolnia Park
Rolling Hills,Week3,Old Keene Mill,Week2,234.0 Rolling Hills - 168.0 Old Keene Mill
Rolling Hills,Week5,Old Keene Mill,Week1,232.0 Rolling Hills - 170.0 Old Keene Mill
Rolling Valley,Week5,Country Club Hills,Week3,255.0 Country Club Hills - 147.0 Rolling Valley
Rolling Valley,Week4,Mansion House,Week4,291.0 Mansion House - 111.0 Rolling Valley
Rolling Valley,Week1,Sleepy Hollow Rec,Week5,292.0 Sleepy Hollow Rec - 110.0 Rolling Valley
Rolling Valley,Week1,Mantua,Week1,341.5 Mantua - 60.5 Rolling Valley
Rolling Hills,Week2,Lincolnia Park,Week3,267.0 Rolling Hills - 125.0 Lincolnia Park
Rutherford,Week5,Kent Gardens,Week5,277.0 Kent Gardens - 125.0 Rutherford
Rolling Valley,Week2,Sleepy Hollow Rec,Week5,248.0 Sleepy Hollow Rec - 154.0 Rolling Valley
Rolling Hills,Week5,Lincolnia Park,Week4,282.0 Rolling Hills - 120.0 Lincolnia Park
Rolling Hills,Week4,Old Keene Mill,Week4,233.0 Rolling Hills - 169.0 Old Keene Mill
Rolling Valley,Week5,Broyhill Crest,Week5,269.5 Rolling Valley - 132.5 Broyhill Crest
Rolling Valley,Week4,Country Club Hills,Week3,265.0 Country Club Hills - 137.0 Rolling Valley
Rolling Valley,Week2,Crosspointe,Week3,337.0 Crosspointe - 60.0 Rolling Valley
Rolling Valley,Week2,Sleepy Hollow Rec,Week2,232.0 Sleepy Hollow Rec - 170.0 Rolling Valley
Rolling Valley,Week1,Sleepy Hollow Rec,Week1,261.0 Sleepy Hollow Rec - 141.0 Rolling Valley
Rolling Valley,Week5,Mansion House,Week2,298.0 Mansion House - 104.0 Rolling Valley
Rolling Valley,Week5,Broyhill Crest,Week4,286.0 Rolling Valley - 116.0 Broyhill Crest
Rolling Valley,Week4,Country Club Hills,Week5,288.0 Country Club Hills - 114.0 Rolling Valley
Rolling Hills,Week4,Lincolnia Park,Week1,282.0 Rolling Hills - 114.0 Lincolnia Park
Rolling Hills,Week2,Old Keene Mill,Week4,235.0 Rolling Hills - 167.0 Old Keene Mill
Rolling Valley,Week5,Broyhill Crest,Week3,310.0 Rolling Valley - 92.0 Broyhill Crest
Rolling Valley,Week1,Burke Station,Week2,229.0 Burke Station - 172.0 Rolling Valley
Rolling Hills,Week2,Old Keene Mill,Week2,215.0 Rolling Hills - 187.0 Old Keene Mill
Rolling Hills,Week1,Old Keene Mill,Week5,208.0 Rolling Hills - 194.0 Old Keene Mill
Rolling Valley,Week1,Crosspointe,Week1,357.0 Crosspointe - 45.0 Rolling Valley
Rolling Valley,Week2,Burke Station,Week1,194.0 Burke Station - 185.0 Rolling Valley
Rolling Hills,Week2,Lincolnia Park,Week5,252.0 Rolling Hills - 138.0 Lincolnia Park
Rolling Valley,Week5,Burke Station,Week2,207.0 Rolling Valley - 195.0 Burke Station
Rolling Valley,Week5,Mansion House,Week3,308.5 Mansion House - 93.5 Rolling Valley
Rolling Hills,Week3,Old Keene Mill,Week3,235.0 Rolling Hills - 167.0 Old Keene Mill
Rolling Valley,Week5,Country Club Hills,Week2,249.0 Country Club Hills - 153.0 Rolling Valley
Rolling Valley,Week1,Sleepy Hollow Rec,Week3,285.0 Sleepy Hollow Rec - 117.0 Rolling Valley
Rolling Valley,Week1,Crosspointe,Week5,364.0 Crosspointe - 38.0 Rolling Valley
Rolling Valley,Week5,Mansion House,Week1,311.0 Mansion House - 91.0 Rolling Valley
Rolling Valley,Week4,Sleepy Hollow Rec,Week2,217.0 Sleepy Hollow Rec - 185.0 Rolling Valley
Rolling Hills,Week1,Lincolnia Park,Week1,291.0 Rolling Hills - 109.0 Lincolnia Park
Rolling Valley,Week5,Burke Station,Week4,208.0 Rolling Valley - 194.0 Burke Station
Rolling Hills,Week3,Lincolnia Park,Week2,279.5 Rolling Hills - 105.5 Lincolnia Park
Rolling Hills,Week1,Lincolnia Park,Week2,285.0 Rolling Hills - 106.0 Lincolnia Park
Rolling Valley,Week5,Mansion House,Week5,316.0 Mansion House - 86.0 Rolling Valley
Rolling Valley,Week1,Mantua,Week2,337.0 Mantua - 65.0 Rolling Valley
Rolling Valley,Week1,Sleepy Hollow Rec,Week2,271.0 Sleepy Hollow Rec - 131.0 Rolling Valley
Rolling Valley,Week3,Mantua,Week4,327.0 Mantua - 75.0 Rolling Valley
Rolling Valley,Week2,Sleepy Hollow Rec,Week4,229.0 Sleepy Hollow Rec - 173.0 Rolling Valley
Rolling Valley,Week5,Country Club Hills,Week4,258.0 Country Club Hills - 144.0 Rolling Valley
Rolling Hills,Week1,Lincolnia Park,Week3,266.0 Rolling Hills - 125.0 Lincolnia Park
Rolling Hills,Week1,Orange Hunt,Week1,243.0 Orange Hunt - 159.0 Rolling Hills
Rolling Valley,Week3,Burke Station,Week1,208.0 Burke Station - 171.0 Rolling Valley
Rolling Hills,Week1,Orange Hunt,Week3,266.0 Orange Hunt - 136.0 Rolling Hills
Rolling Valley,Week3,Crosspointe,Week4,328.0 Crosspointe - 74.0 Rolling Valley
Rolling Valley,Week1,Mantua,Week5,370.0 Mantua - 32.0 Rolling Valley
Rolling Valley,Week5,Sleepy Hollow Rec,Week4,223.0 Sleepy Hollow Rec - 179.0 Rolling Valley
Rolling Valley,Week4,Burke Station,Week3,217.0 Burke Station - 179.0 Rolling Valley
Rolling Valley,Week1,Camelot,Week4,288.0 Camelot - 114.0 Rolling Valley
Rolling Hills,Week3,Old Keene Mill,Week4,240.0 Rolling Hills - 162.0 Old Keene Mill
Rolling Hills,Week2,Orange Hunt,Week2,254.0 Orange Hunt - 148.0 Rolling Hills
Rolling Valley,Week2,Crosspointe,Week4,337.0 Crosspointe - 65.0 Rolling Valley
Rolling Hills,Week1,Lincolnia Park,Week4,281.0 Rolling Hills - 119.0 Lincolnia Park
Rolling Valley,Week1,Mantua,Week3,370.0 Mantua - 32.0 Rolling Valley
Rolling Valley,Week2,Camelot,Week2,252.0 Camelot - 150.0 Rolling Valley
Rolling Hills,Week5,Lee Graham,Week5,310.0 Lee Graham - 92.0 Rolling Hills
Rolling Valley,Week3,Crosspointe,Week2,328.0 Crosspointe - 74.0 Rolling Valley
Rolling Valley,Week4,Mansion House,Week5,316.0 Mansion House - 86.0 Rolling Valley
Rolling Hills,Week5,Old Keene Mill,Week4,232.0 Rolling Hills - 170.0 Old Keene Mill
Rolling Valley,Week3,Camelot,Week1,248.0 Camelot - 154.0 Rolling Valley
Rolling Valley,Week2,Camelot,Week5,272.0 Camelot - 130.0 Rolling Valley
Rolling Hills,Week3,Lincolnia Park,Week1,276.0 Rolling Hills - 116.0 Lincolnia Park
Rolling Valley,Week5,Country Club Hills,Week1,261.0 Country Club Hills - 141.0 Rolling Valley
Rolling Valley,Week4,Crosspointe,Week5,341.0 Crosspointe - 61.0 Rolling Valley
Rolling Valley,Week1,Mantua,Week4,360.0 Mantua - 42.0 Rolling Valley
Rolling Valley,Week1,Somerset-Olde Creek,Week2,242.0 Rolling Valley - 159.0 Somerset-Olde Creek
Rolling Valley,Week4,Sleepy Hollow Rec,Week1,214.0 Sleepy Hollow Rec - 188.0 Rolling Valley
Rolling Hills,Week2,Old Keene Mill,Week3,223.0 Rolling Hills - 179.0 Old Keene Mill
Rolling Hills,Week1,Lincolnia Park,Week5,260.0 Rolling Hills - 130.0 Lincolnia Park
Rolling Valley,Week2,Mantua,Week5,348.0 Mantua - 54.0 Rolling Valley
Rolling Hills,Week2,Orange Hunt,Week1,236.0 Orange Hunt - 166.0 Rolling Hills
Rolling Hills,Week4,Old Keene Mill,Week5,201.0 Rolling Hills - 196.0 Old Keene Mill
Rolling Hills,Week4,Lincolnia Park,Week2,283.0 Rolling Hills - 104.0 Lincolnia Park
Rolling Hills,Week4,Old Keene Mill,Week3,227.0 Rolling Hills - 175.0 Old Keene Mill
Rolling Hills,Week2,Orange Hunt,Week5,258.0 Orange Hunt - 144.0 Rolling Hills
Rolling Valley,Week3,Country Club Hills,Week4,267.0 Country Club Hills - 130.0 Rolling Valley
Rolling Valley,Week4,Crosspointe,Week3,332.0 Crosspointe - 70.0 Rolling Valley
Rolling Valley,Week3,Mantua,Week1,322.0 Mantua - 80.0 Rolling Valley
Rolling Valley,Week2,Mantua,Week3,353.0 Mantua - 49.0 Rolling Valley
Rolling Valley,Week5,Country Club Hills,Week5,295.0 Country Club Hills - 107.0 Rolling Valley
Rolling Valley,Week5,Sleepy Hollow B & R,Week4,319.0 Sleepy Hollow B & R - 83.0 Rolling Valley
Rolling Valley,Week1,Somerset-Olde Creek,Week1,218.0 Rolling Valley - 183.0 Somerset-Olde Creek
Rolling Valley,Week3,Mantua,Week5,353.0 Mantua - 49.0 Rolling Valley
Rolling Valley,Week2,Burke Station,Week5,233.0 Burke Station - 169.0 Rolling Valley
Rolling Hills,Week4,Lincolnia Park,Week4,278.0 Rolling Hills - 118.0 Lincolnia Park
Rolling Valley,Week2,Camelot,Week4,259.0 Camelot - 143.0 Rolling Valley
Rolling Valley,Week5,Sleepy Hollow B & R,Week3,313.5 Sleepy Hollow B & R - 88.5 Rolling Valley
Rolling Hills,Week5,Lee Graham,Week4,306.0 Lee Graham - 96.0 Rolling Hills
Rolling Valley,Week3,Sleepy Hollow Rec,Week2,239.0 Sleepy Hollow Rec - 163.0 Rolling Valley
Rolling Valley,Week3,Sleepy Hollow Rec,Week3,252.0 Sleepy Hollow Rec - 150.0 Rolling Valley
Rolling Valley,Week4,Country Club Hills,Week2,262.0 Country Club Hills - 140.0 Rolling Valley
Rolling Valley,Week4,Burke Station,Week5,228.0 Burke Station - 174.0 Rolling Valley
Rolling Valley,Week4,Burke Station,Week2,205.0 Rolling Valley - 196.0 Burke Station
Rolling Valley,Week5,Sleepy Hollow B & R,Week5,316.5 Sleepy Hollow B & R - 85.5 Rolling Valley
Rolling Hills,Week2,Orange Hunt,Week4,244.0 Orange Hunt - 153.0 Rolling Hills
Rolling Valley,Week4,Country Club Hills,Week1,265.0 Country Club Hills - 137.0 Rolling Valley
Rolling Valley,Week4,Mantua,Week1,315.0 Mantua - 87.0 Rolling Valley
Rolling Valley,Week5,Sleepy Hollow Rec,Week3,245.0 Sleepy Hollow Rec - 157.0 Rolling Valley
Rolling Valley,Week5,Burke Station,Week5,226.0 Burke Station - 176.0 Rolling Valley
Rolling Valley,Week2,Crosspointe,Week1,340.0 Crosspointe - 62.0 Rolling Valley
Rolling Valley,Week1,Somerset-Olde Creek,Week4,223.0 Rolling Valley - 179.0 Somerset-Olde Creek
Rolling Valley,Week4,Mantua,Week2,309.0 Mantua - 93.0 Rolling Valley
Rolling Valley,Week1,Somerset-Olde Creek,Week3,233.0 Rolling Valley - 167.0 Somerset-Olde Creek
Rolling Hills,Week3,Orange Hunt,Week2,241.0 Orange Hunt - 161.0 Rolling Hills
Rolling Hills,Week3,Orange Hunt,Week4,249.0 Orange Hunt - 153.0 Rolling Hills
Rolling Valley,Week3,Burke Station,Week2,201.5 Burke Station - 200.5 Rolling Valley
Rolling Valley,Week3,Sleepy Hollow Rec,Week5,251.0 Sleepy Hollow Rec - 151.0 Rolling Valley
Rolling Valley,Week1,Daventry,Week1,210.0 Daventry - 192.0 Rolling Valley
Rolling Valley,Week3,Crosspointe,Week1,329.5 Crosspointe - 72.5 Rolling Valley
Rolling Hills,Week4,Orange Hunt,Week2,251.0 Orange Hunt - 150.0 Rolling Hills
Rolling Valley,Week3,Country Club Hills,Week3,269.0 Country Club Hills - 133.0 Rolling Valley
Rolling Valley,Week2,Mantua,Week2,323.0 Mantua - 79.0 Rolling Valley
Rolling Valley,Week1,Burke Station,Week5,259.0 Burke Station - 143.0 Rolling Valley
Rolling Valley,Week4,Mantua,Week5,339.0 Mantua - 63.0 Rolling Valley
Rolling Hills,Week4,Orange Hunt,Week3,250.0 Orange Hunt - 151.0 Rolling Hills
Rolling Valley,Week2,Burke Station,Week2,205.0 Rolling Valley - 197.0 Burke Station
Rolling Valley,Week4,Mantua,Week3,343.0 Mantua - 59.0 Rolling Valley
Rolling Valley,Week2,Sleepy Hollow Rec,Week3,246.0 Sleepy Hollow Rec - 156.0 Rolling Valley
Rolling Valley,Week2,Sleepy Hollow Rec,Week1,218.0 Sleepy Hollow Rec - 184.0 Rolling Valley
Rolling Valley,Week3,McLean,Week2,342.0 McLean - 60.0 Rolling Valley
Rolling Valley,Week5,Mantua,Week2,314.0 Mantua - 88.0 Rolling Valley
Rolling Hills,Week3,Orange Hunt,Week5,254.0 Orange Hunt - 148.0 Rolling Hills
Rolling Hills,Week2,Overlee,Week3,352.0 Overlee - 50.0 Rolling Hills
Rolling Valley,Week2,Burke Station,Week3,220.0 Burke Station - 176.0 Rolling Valley
Rolling Valley,Week5,Crosspointe,Week1,334.0 Crosspointe - 68.0 Rolling Valley
Rolling Hills,Week4,Orange Hunt,Week1,246.0 Orange Hunt - 155.0 Rolling Hills
Rolling Valley,Week5,Mantua,Week1,316.0 Mantua - 86.0 Rolling Valley
Rolling Valley,Week4,Burke Station,Week1,199.0 Burke Station - 179.0 Rolling Valley
Rolling Valley,Week2,Crosspointe,Week5,344.0 Crosspointe - 58.0 Rolling Valley
Rolling Hills,Week1,Overlee,Week2,360.0 Overlee - 42.0 Rolling Hills
Rolling Valley,Week4,Sleepy Hollow Rec,Week4,217.0 Sleepy Hollow Rec - 185.0 Rolling Valley
Rolling Valley,Week4,Crosspointe,Week1,335.0 Crosspointe - 67.0 Rolling Valley
Rolling Valley,Week3,Sleepy Hollow Rec,Week4,230.0 Sleepy Hollow Rec - 171.0 Rolling Valley
Rolling Valley,Week5,Burke Station,Week1,194.5 Burke Station - 184.5 Rolling Valley
Rolling Valley,Week3,Crosspointe,Week3,328.0 Crosspointe - 74.0 Rolling Valley
Rolling Valley,Week3,Burke Station,Week4,205.0 Burke Station - 197.0 Rolling Valley
Rolling Valley,Week1,Crosspointe,Week4,360.0 Crosspointe - 42.0 Rolling Valley
Rolling Valley,Week1,Burke Station,Week4,243.0 Burke Station - 159.0 Rolling Valley
Rolling Valley,Week1,McLean,Week2,363.0 McLean - 39.0 Rolling Valley
Rolling Valley,Week5,Sleepy Hollow Rec,Week5,249.0 Sleepy Hollow Rec - 153.0 Rolling Valley
Rolling Valley,Week3,McLean,Week1,340.0 McLean - 62.0 Rolling Valley
Rolling Valley,Week4,Sleepy Hollow Rec,Week3,242.0 Sleepy Hollow Rec - 160.0 Rolling Valley
Rolling Hills,Week5,Orange Hunt,Week3,256.5 Orange Hunt - 145.5 Rolling Hills
Rolling Valley,Week1,Somerset-Olde Creek,Week5,204.0 Somerset-Olde Creek - 197.0 Rolling Valley
Rolling Valley,Week2,Camelot,Week1,251.0 Camelot - 151.0 Rolling Valley
Rolling Valley,Week5,Daventry,Week4,233.0 Rolling Valley - 169.0 Daventry
Rolling Hills,Week2,Overlee,Week2,352.0 Overlee - 50.0 Rolling Hills
Rolling Valley,Week3,Burke Station,Week3,226.0 Burke Station - 170.0 Rolling Valley
Rolling Valley,Week2,Daventry,Week5,225.0 Daventry - 177.0 Rolling Valley
Rolling Valley,Week4,McLean,Week3,345.0 McLean - 57.0 Rolling Valley
Rolling Valley,Week1,Daventry,Week4,232.0 Daventry - 170.0 Rolling Valley
Rolling Valley,Week5,Burke Station,Week3,219.0 Burke Station - 178.0 Rolling Valley
Rolling Hills,Week2,Overlee,Week4,372.0 Overlee - 30.0 Rolling Hills
Rolling Valley,Week1,Camelot,Week5,292.0 Camelot - 110.0 Rolling Valley
Rolling Valley,Week5,Crosspointe,Week4,318.0 Crosspointe - 84.0 Rolling Valley
Rolling Hills,Week3,Overlee,Week3,357.0 Overlee - 45.0 Rolling Hills
Rolling Hills,Week3,Overlee,Week2,364.0 Overlee - 38.0 Rolling Hills
Rolling Valley,Week2,Daventry,Week2,205.0 Rolling Valley - 197.0 Daventry
Rolling Valley,Week1,Dominion Hills,Week1,327.0 Dominion Hills - 75.0 Rolling Valley
Rolling Valley,Week1,Camelot,Week2,280.0 Camelot - 122.0 Rolling Valley
Rolling Valley,Week4,McLean,Week5,353.0 McLean - 49.0 Rolling Valley
Rolling Hills,Week1,Overlee,Week3,359.0 Overlee - 43.0 Rolling Hills
Rolling Hills,Week1,Overlee,Week4,370.0 Overlee - 32.0 Rolling Hills
Rolling Valley,Week1,Mosby Woods,Week5,348.5 Mosby Woods - 53.5 Rolling Valley
Rolling Valley,Week2,Burke Station,Week4,202.0 Burke Station - 200.0 Rolling Valley
Rolling Valley,Week4,Somerset-Olde Creek,Week4,249.0 Rolling Valley - 153.0 Somerset-Olde Creek
Rolling Valley,Week2,McLean,Week1,347.0 McLean - 55.0 Rolling Valley
Rolling Valley,Week1,Sleepy Hollow Rec,Week4,260.0 Sleepy Hollow Rec - 142.0 Rolling Valley
Rolling Valley,Week4,Crosspointe,Week4,331.0 Crosspointe - 71.0 Rolling Valley
Rolling Valley,Week4,McLean,Week1,347.0 McLean - 55.0 Rolling Valley
Rolling Valley,Week4,Sleepy Hollow Rec,Week5,241.0 Sleepy Hollow Rec - 161.0 Rolling Valley
Rolling Valley,Week4,Burke Station,Week4,207.0 Rolling Valley - 195.0 Burke Station
Rolling Valley,Week5,Sleepy Hollow Rec,Week1,221.0 Sleepy Hollow Rec - 181.0 Rolling Valley
Rolling Valley,Week1,Daventry,Week3,217.0 Daventry - 185.0 Rolling Valley
Rolling Hills,Week4,Orange Hunt,Week5,266.0 Orange Hunt - 136.0 Rolling Hills
Rolling Valley,Week5,Sleepy Hollow Rec,Week2,223.0 Sleepy Hollow Rec - 179.0 Rolling Valley
Rolling Valley,Week3,McLean,Week5,348.0 McLean - 54.0 Rolling Valley
Rolling Valley,Week5,McLean,Week4,339.0 McLean - 63.0 Rolling Valley
Rolling Valley,Week5,Crosspointe,Week2,317.0 Crosspointe - 85.0 Rolling Valley
Rolling Valley,Week1,Camelot,Week3,286.0 Camelot - 116.0 Rolling Valley
Rolling Valley,Week3,Burke Station,Week5,222.0 Burke Station - 179.0 Rolling Valley
Rolling Valley,Week2,Somerset-Olde Creek,Week5,219.0 Rolling Valley - 183.0 Somerset-Olde Creek
Rolling Hills,Week3,Overlee,Week1,350.0 Overlee - 52.0 Rolling Hills
Rolling Valley,Week3,McLean,Week4,348.0 McLean - 54.0 Rolling Valley
Rolling Valley,Week3,Sleepy Hollow Rec,Week1,228.0 Sleepy Hollow Rec - 169.0 Rolling Valley
Rolling Hills,Week2,Overlee,Week5,363.0 Overlee - 39.0 Rolling Hills
Rolling Valley,Week5,Somerset-Olde Creek,Week4,244.0 Rolling Valley - 158.0 Somerset-Olde Creek
Rolling Hills,Week5,Orange Hunt,Week2,248.0 Orange Hunt - 154.0 Rolling Hills
Rolling Valley,Week5,McLean,Week3,342.0 McLean - 60.0 Rolling Valley
Rolling Valley,Week1,Camelot,Week1,273.0 Camelot - 129.0 Rolling Valley
Rolling Valley,Week5,McLean,Week1,345.0 McLean - 57.0 Rolling Valley
Rolling Valley,Week1,McLean,Week1,368.0 McLean - 34.0 Rolling Valley
Rolling Hills,Week5,Orange Hunt,Week4,250.0 Orange Hunt - 152.0 Rolling Hills
Rolling Valley,Week5,Camelot,Week3,247.0 Camelot - 155.0 Rolling Valley
Rolling Hills,Week3,Overlee,Week4,377.0 Overlee - 25.0 Rolling Hills
Rolling Valley,Week4,Crosspointe,Week2,328.0 Crosspointe - 74.0 Rolling Valley
Rolling Valley,Week4,Daventry,Week4,230.0 Rolling Valley - 172.0 Daventry
Rolling Valley,Week4,Daventry,Week5,217.0 Daventry - 185.0 Rolling Valley
Rolling Valley,Week4,Somerset-Olde Creek,Week1,263.0 Rolling Valley - 138.0 Somerset-Olde Creek
Rolling Valley,Week5,Mantua,Week5,340.0 Mantua - 62.0 Rolling Valley
Rolling Valley,Week4,Camelot,Week4,254.0 Camelot - 148.0 Rolling Valley
Rolling Valley,Week2,McLean,Week3,348.0 McLean - 54.0 Rolling Valley
Rolling Valley,Week2,Daventry,Week4,213.0 Rolling Valley - 189.0 Daventry
Rolling Valley,Week1,McLean,Week3,364.0 McLean - 38.0 Rolling Valley
Rolling Valley,Week2,Daventry,Week1,217.0 Rolling Valley - 185.0 Daventry
Rolling Valley,Week3,Somerset-Olde Creek,Week4,238.0 Rolling Valley - 163.0 Somerset-Olde Creek
Rolling Valley,Week1,South Run,Week3,298.0 South Run - 104.0 Rolling Valley
Rolling Valley,Week3,South Run,Week3,255.0 South Run - 147.0 Rolling Valley
Rolling Hills,Week2,Overlee,Week1,346.0 Overlee - 56.0 Rolling Hills
Rolling Valley,Week2,Camelot,Week3,259.0 Camelot - 143.0 Rolling Valley
Rolling Valley,Week5,McLean,Week2,338.0 McLean - 64.0 Rolling Valley
Rolling Hills,Week1,Overlee,Week5,373.0 Overlee - 29.0 Rolling Hills
Rolling Valley,Week3,Somerset-Olde Creek,Week2,268.0 Rolling Valley - 128.0 Somerset-Olde Creek
Rolling Hills,Week3,Overlee,Week5,369.0 Overlee - 33.0 Rolling Hills
Rolling Valley,Week1,Canterbury Woods,Week4,289.0 Canterbury Woods - 113.0 Rolling Valley
Rolling Valley,Week5,Crosspointe,Week5,344.0 Crosspointe - 58.0 Rolling Valley
Rolling Valley,Week5,Camelot,Week4,247.0 Camelot - 155.0 Rolling Valley
Rolling Valley,Week3,Somerset-Olde Creek,Week1,249.0 Rolling Valley - 151.0 Somerset-Olde Creek
Rolling Hills,Week5,Orange Hunt,Week1,243.0 Orange Hunt - 159.0 Rolling Hills
Rolling Valley,Week5,McLean,Week5,353.0 McLean - 49.0 Rolling Valley
Rolling Valley,Week1,Canterbury Woods,Week3,299.0 Canterbury Woods - 103.0 Rolling Valley
Rolling Valley,Week5,Camelot,Week5,256.5 Camelot - 145.5 Rolling Valley
Rolling Valley,Week4,Somerset-Olde Creek,Week5,230.0 Rolling Valley - 172.0 Somerset-Olde Creek
Rolling Hills,Week5,Orange Hunt,Week5,262.0 Orange Hunt - 140.0 Rolling Hills
Rolling Valley,Week3,Camelot,Week5,269.0 Camelot - 133.0 Rolling Valley
Rolling Valley,Week1,Mosby Woods,Week1,355.0 Mosby Woods - 47.0 Rolling Valley
Rolling Valley,Week3,Daventry,Week3,220.0 Rolling Valley - 179.0 Daventry
Rolling Valley,Week5,Daventry,Week2,217.0 Rolling Valley - 185.0 Daventry
Rolling Valley,Week1,McLean,Week5,370.0 McLean - 32.0 Rolling Valley
Rolling Valley,Week5,Somerset-Olde Creek,Week2,280.0 Rolling Valley - 122.0 Somerset-Olde Creek
Rolling Valley,Week2,McLean,Week5,359.0 McLean - 43.0 Rolling Valley
Rolling Valley,Week1,Mosby Woods,Week4,348.0 Mosby Woods - 53.0 Rolling Valley
Rolling Hills,Week4,Overlee,Week1,363.0 Overlee - 39.0 Rolling Hills
Rolling Valley,Week4,Daventry,Week2,227.0 Rolling Valley - 174.0 Daventry
Rolling Hills,Week4,Overlee,Week2,362.0 Overlee - 40.0 Rolling Hills
Rolling Valley,Week5,Somerset-Olde Creek,Week1,256.0 Rolling Valley - 146.0 Somerset-Olde Creek
Rolling Hills,Week1,Overlee,Week1,356.0 Overlee - 46.0 Rolling Hills
Rolling Valley,Week4,Canterbury Woods,Week3,254.0 Canterbury Woods - 148.0 Rolling Valley
Rolling Valley,Week2,South Run,Week3,272.0 South Run - 130.0 Rolling Valley
Rolling Valley,Week2,Daventry,Week3,215.0 Rolling Valley - 181.0 Daventry
Rolling Valley,Week3,Somerset-Olde Creek,Week5,215.0 Rolling Valley - 185.0 Somerset-Olde Creek
Rolling Valley,Week4,Camelot,Week3,248.0 Camelot - 154.0 Rolling Valley
Rolling Valley,Week5,Crosspointe,Week3,325.0 Crosspointe - 77.0 Rolling Valley
Rolling Valley,Week1,Canterbury Woods,Week1,284.0 Canterbury Woods - 118.0 Rolling Valley
Rolling Valley,Week1,McLean,Week4,362.0 McLean - 40.0 Rolling Valley
Rolling Valley,Week2,South Run,Week1,259.0 South Run - 134.0 Rolling Valley
Rolling Valley,Week2,Mount Vernon Park,Week1,340.0 Mount Vernon Park - 62.0 Rolling Valley
Rolling Hills,Week3,Oakton ,Week5,322.0 Oakton - 80.0 Rolling Hills
Rolling Valley,Week4,Camelot,Week1,249.0 Camelot - 153.0 Rolling Valley
Rolling Valley,Week1,Mosby Woods,Week3,344.0 Mosby Woods - 58.0 Rolling Valley
Rolling Valley,Week3,Camelot,Week3,246.0 Camelot - 156.0 Rolling Valley
Rolling Valley,Week5,Canterbury Woods,Week2,215.0 Canterbury Woods - 187.0 Rolling Valley
Rolling Hills,Week4,Oakton ,Week3,301.0 Oakton - 101.0 Rolling Hills
Rolling Valley,Week2,McLean,Week4,349.0 McLean - 53.0 Rolling Valley
Rolling Valley,Week4,Somerset-Olde Creek,Week2,274.0 Rolling Valley - 128.0 Somerset-Olde Creek
Rolling Valley,Week5,Daventry,Week1,246.0 Rolling Valley - 156.0 Daventry
Rolling Valley,Week3,McLean,Week3,349.0 McLean - 53.0 Rolling Valley
Rolling Hills,Week3,North Springfield,Week2,269.0 Rolling Hills - 118.0 North Springfield
Rolling Valley,Week2,Somerset-Olde Creek,Week2,270.0 Rolling Valley - 132.0 Somerset-Olde Creek
Rolling Valley,Week2,Canterbury Woods,Week2,225.0 Canterbury Woods - 177.0 Rolling Valley
Rolling Valley,Week2,South Run,Week2,254.0 South Run - 148.0 Rolling Valley
Rolling Valley,Week2,Somerset-Olde Creek,Week4,243.0 Rolling Valley - 159.0 Somerset-Olde Creek
Rolling Valley,Week5,Daventry,Week3,224.0 Rolling Valley - 177.0 Daventry
Rolling Valley,Week4,Daventry,Week1,236.0 Rolling Valley - 166.0 Daventry
Rolling Valley,Week1,Springboard,Week1,264.0 Springboard - 136.0 Rolling Valley
Rolling Valley,Week3,Daventry,Week2,213.0 Rolling Valley - 188.0 Daventry
Rolling Valley,Week1,Daventry,Week2,216.0 Daventry - 185.0 Rolling Valley
Rolling Hills,Week3,Oakton ,Week3,300.0 Oakton - 102.0 Rolling Hills
Rolling Hills,Week2,Oakton ,Week4,314.0 Oakton - 88.0 Rolling Hills
Rolling Hills,Week4,Overlee,Week3,357.0 Overlee - 45.0 Rolling Hills
Rolling Valley,Week3,Daventry,Week5,216.0 Daventry - 185.0 Rolling Valley
Rolling Valley,Week1,South Run,Week5,300.0 South Run - 102.0 Rolling Valley
Rolling Hills,Week3,Oakton ,Week1,300.5 Oakton - 96.5 Rolling Hills
Rolling Valley,Week1,Daventry,Week5,240.0 Daventry - 162.0 Rolling Valley
Rolling Valley,Week4,Canterbury Woods,Week4,260.0 Canterbury Woods - 142.0 Rolling Valley
Rolling Valley,Week4,Camelot,Week5,264.0 Camelot - 138.0 Rolling Valley
Rolling Valley,Week5,Camelot,Week2,230.0 Camelot - 172.0 Rolling Valley
Rolling Valley,Week4,McLean,Week4,339.0 McLean - 63.0 Rolling Valley
Rolling Valley,Week4,McLean,Week2,343.0 McLean - 59.0 Rolling Valley
Rolling Hills,Week1,Oakton ,Week3,311.0 Oakton - 91.0 Rolling Hills
Rolling Hills,Week5,Langley,Week1,310.0 Langley - 92.0 Rolling Hills
Rolling Valley,Week1,Canterbury Woods,Week5,267.0 Canterbury Woods - 134.0 Rolling Valley
Rolling Valley,Week1,Canterbury Woods,Week2,255.0 Canterbury Woods - 147.0 Rolling Valley
Rolling Valley,Week3,South Run,Week2,240.0 South Run - 156.0 Rolling Valley
Rolling Valley,Week3,South Run,Week1,240.0 South Run - 148.0 Rolling Valley
Rolling Valley,Week4,Daventry,Week3,237.0 Rolling Valley - 165.0 Daventry
Rolling Valley,Week3,Daventry,Week4,216.0 Rolling Valley - 185.0 Daventry
Rolling Valley,Week1,Mosby Woods,Week2,351.0 Mosby Woods - 51.0 Rolling Valley
Rolling Valley,Week2,McLean,Week2,340.0 McLean - 62.0 Rolling Valley
Rolling Hills,Week2,Oakton ,Week1,295.0 Oakton - 107.0 Rolling Hills
Rolling Valley,Week5,Mosby Woods,Week3,327.0 Mosby Woods - 75.0 Rolling Valley
Rolling Valley,Week4,Dominion Hills,Week3,292.0 Dominion Hills - 110.0 Rolling Valley
Rolling Valley,Week5,Somerset-Olde Creek,Week3,263.0 Rolling Valley - 139.0 Somerset-Olde Creek
Rolling Valley,Week5,Daventry,Week5,203.0 Rolling Valley - 199.0 Daventry
Rolling Valley,Week2,Somerset-Olde Creek,Week1,247.0 Rolling Valley - 154.0 Somerset-Olde Creek
Rolling Valley,Week3,Mount Vernon Park,Week2,337.0 Mount Vernon Park - 65.0 Rolling Valley
Rolling Valley,Week4,Mosby Woods,Week3,334.0 Mosby Woods - 68.0 Rolling Valley
Rolling Valley,Week3,Daventry,Week1,216.0 Rolling Valley - 185.0 Daventry
Rolling Hills,Week4,Oakton ,Week5,319.0 Oakton - 83.0 Rolling Hills
Rolling Valley,Week4,Somerset-Olde Creek,Week3,271.0 Rolling Valley - 131.0 Somerset-Olde Creek
Rolling Hills,Week5,Oakton ,Week3,301.0 Oakton - 101.0 Rolling Hills
Rolling Valley,Week3,Canterbury Woods,Week4,257.0 Canterbury Woods - 145.0 Rolling Valley
Rolling Valley,Week2,Canterbury Woods,Week1,239.0 Canterbury Woods - 163.0 Rolling Valley
Rolling Valley,Week4,Camelot,Week2,241.0 Camelot - 161.0 Rolling Valley
Rolling Valley,Week3,Somerset-Olde Creek,Week3,259.0 Rolling Valley - 135.0 Somerset-Olde Creek
Rolling Valley,Week4,Dominion Hills,Week5,315.0 Dominion Hills - 87.0 Rolling Valley
Rolling Hills,Week4,North Springfield,Week5,243.0 Rolling Hills - 130.0 North Springfield
Rolling Valley,Week1,Dominion Hills,Week4,354.0 Dominion Hills - 48.0 Rolling Valley
Rolling Valley,Week2,Somerset-Olde Creek,Week3,261.0 Rolling Valley - 141.0 Somerset-Olde Creek
Rolling Valley,Week1,Mount Vernon Park,Week2,367.0 Mount Vernon Park - 35.0 Rolling Valley
Rolling Hills,Week3,North Springfield,Week4,285.0 Rolling Hills - 103.0 North Springfield
Rolling Valley,Week3,Camelot,Week4,257.0 Camelot - 145.0 Rolling Valley
Rolling Valley,Week2,Mount Vernon Park,Week3,342.0 Mount Vernon Park - 60.0 Rolling Valley
Rolling Hills,Week4,North Springfield,Week4,286.0 Rolling Hills - 104.0 North Springfield
Rolling Valley,Week5,Camelot,Week1,247.0 Camelot - 155.0 Rolling Valley
Rolling Hills,Week5,North Springfield,Week4,282.0 Rolling Hills - 109.0 North Springfield
Rolling Valley,Week5,Mosby Woods,Week5,320.0 Mosby Woods - 82.0 Rolling Valley
Rolling Valley,Week4,Mosby Woods,Week1,330.0 Mosby Woods - 72.0 Rolling Valley
Rolling Valley,Week3,Camelot,Week2,249.0 Camelot - 152.0 Rolling Valley
Rolling Valley,Week1,South Run,Week2,271.0 South Run - 131.0 Rolling Valley
Rolling Hills,Week4,North Springfield,Week1,259.0 Rolling Hills - 90.0 North Springfield
Rolling Valley,Week3,Mosby Woods,Week1,332.0 Mosby Woods - 70.0 Rolling Valley
Rolling Hills,Week5,North Springfield,Week2,262.0 Rolling Hills - 126.0 North Springfield
Rolling Valley,Week2,Canterbury Woods,Week3,255.0 Canterbury Woods - 147.0 Rolling Valley
Rolling Valley,Week4,Mosby Woods,Week2,329.0 Mosby Woods - 73.0 Rolling Valley
Rolling Valley,Week2,Dominion Hills,Week1,295.0 Dominion Hills - 107.0 Rolling Valley
Rolling Hills,Week5,North Springfield,Week5,239.0 Rolling Hills - 134.0 North Springfield
Rolling Valley,Week5,Dominion Hills,Week5,311.0 Dominion Hills - 91.0 Rolling Valley
Rolling Valley,Week1,South Run,Week4,280.0 South Run - 122.0 Rolling Valley
Rolling Valley,Week2,Dominion Hills,Week3,306.0 Dominion Hills - 96.0 Rolling Valley
Rolling Valley,Week5,Somerset-Olde Creek,Week5,231.0 Rolling Valley - 171.0 Somerset-Olde Creek
Rolling Hills,Week5,North Springfield,Week1,262.0 Rolling Hills - 88.0 North Springfield
Rolling Valley,Week2,Dominion Hills,Week5,321.0 Dominion Hills - 81.0 Rolling Valley
Rolling Valley,Week2,Canterbury Woods,Week4,263.0 Canterbury Woods - 139.0 Rolling Valley
Rolling Valley,Week3,Mosby Woods,Week3,326.0 Mosby Woods - 76.0 Rolling Valley
Rolling Valley,Week3,Canterbury Woods,Week5,242.0 Canterbury Woods - 160.0 Rolling Valley
Rolling Valley,Week2,South Run,Week4,254.0 South Run - 148.0 Rolling Valley
Rolling Valley,Week1,South Run,Week1,276.0 South Run - 117.0 Rolling Valley
Rolling Valley,Week1,Donaldson Run,Week2,357.0 Donaldson Run - 45.0 Rolling Valley
Rolling Valley,Week3,Mosby Woods,Week4,319.0 Mosby Woods - 83.0 Rolling Valley
Rolling Hills,Week1,Oakton ,Week1,297.0 Oakton - 105.0 Rolling Hills
Rolling Valley,Week1,Donaldson Run,Week4,364.0 Donaldson Run - 38.0 Rolling Valley
Rolling Valley,Week2,Canterbury Woods,Week5,243.5 Canterbury Woods - 158.5 Rolling Valley
Rolling Valley,Week5,South Run,Week4,235.0 South Run - 167.0 Rolling Valley
Rolling Valley,Week4,South Run,Week5,265.0 South Run - 137.0 Rolling Valley
Rolling Valley,Week2,Mosby Woods,Week2,331.0 Mosby Woods - 71.0 Rolling Valley
Rolling Valley,Week3,Canterbury Woods,Week1,237.0 Canterbury Woods - 164.0 Rolling Valley
Rolling Valley,Week5,Mosby Woods,Week4,318.0 Mosby Woods - 84.0 Rolling Valley
Rolling Valley,Week5,Canterbury Woods,Week1,232.0 Canterbury Woods - 170.0 Rolling Valley
Rolling Valley,Week5,Dominion Hills,Week4,313.0 Dominion Hills - 89.0 Rolling Valley
Rolling Valley,Week3,Canterbury Woods,Week2,217.0 Canterbury Woods - 185.0 Rolling Valley
Rolling Hills,Week3,North Springfield,Week3,260.0 Rolling Hills - 131.0 North Springfield
Rolling Valley,Week4,South Run,Week4,240.0 South Run - 162.0 Rolling Valley
Rolling Valley,Week3,Cardinal Hill,Week1,347.0 Cardinal Hill - 55.0 Rolling Valley
Rolling Valley,Week4,Canterbury Woods,Week2,222.0 Canterbury Woods - 180.0 Rolling Valley
Rolling Valley,Week4,Dominion Hills,Week1,288.0 Dominion Hills - 114.0 Rolling Valley
Rolling Valley,Week3,Dominion Hills,Week4,313.0 Dominion Hills - 89.0 Rolling Valley
Rolling Valley,Week1,Mount Vernon Park,Week5,371.0 Mount Vernon Park - 31.0 Rolling Valley
Rolling Valley,Week4,South Run,Week2,241.0 South Run - 161.0 Rolling Valley
Rolling Valley,Week3,Donaldson Run,Week3,334.0 Donaldson Run - 68.0 Rolling Valley
Rolling Valley,Week3,Dominion Hills,Week1,293.0 Dominion Hills - 109.0 Rolling Valley
Rolling Hills,Week3,North Springfield,Week5,249.0 Rolling Hills - 121.0 North Springfield
Rolling Hills,Week4,North Springfield,Week2,259.0 Rolling Hills - 127.0 North Springfield
Rolling Valley,Week2,Mosby Woods,Week1,331.0 Mosby Woods - 71.0 Rolling Valley
Rolling Valley,Week3,Mosby Woods,Week5,331.0 Mosby Woods - 71.0 Rolling Valley
Rolling Valley,Week2,Dominion Hills,Week4,317.0 Dominion Hills - 85.0 Rolling Valley
Rolling Valley,Week5,South Run,Week1,237.0 South Run - 156.0 Rolling Valley
Rolling Valley,Week2,Mosby Woods,Week3,334.0 Mosby Woods - 68.0 Rolling Valley
Rolling Valley,Week4,South Run,Week1,247.0 South Run - 146.0 Rolling Valley
Rolling Hills,Week2,Oakton ,Week2,311.0 Oakton - 91.0 Rolling Hills
Rolling Valley,Week3,South Run,Week4,250.0 South Run - 152.0 Rolling Valley
Rolling Valley,Week1,Mount Vernon Park,Week4,370.0 Mount Vernon Park - 32.0 Rolling Valley
Rolling Hills,Week4,North Springfield,Week3,251.0 Rolling Hills - 140.0 North Springfield
Rolling Hills,Week1,Oakton ,Week2,310.0 Oakton - 92.0 Rolling Hills
Rolling Valley,Week4,Canterbury Woods,Week5,239.0 Canterbury Woods - 162.0 Rolling Valley
Rolling Valley,Week2,South Run,Week5,276.0 South Run - 126.0 Rolling Valley
Rolling Valley,Week4,Canterbury Woods,Week1,231.0 Canterbury Woods - 171.0 Rolling Valley
Rolling Hills,Week1,Oakton ,Week5,321.0 Oakton - 81.0 Rolling Hills
Rolling Hills,Week1,Oakton ,Week4,322.0 Oakton - 80.0 Rolling Hills
Rolling Valley,Week3,Canterbury Woods,Week3,247.0 Canterbury Woods - 150.0 Rolling Valley
Rolling Valley,Week1,Mount Vernon Park,Week3,369.0 Mount Vernon Park - 33.0 Rolling Valley
Rolling Valley,Week3,Cardinal Hill,Week4,328.5 Cardinal Hill - 73.5 Rolling Valley
Rolling Valley,Week5,South Run,Week3,240.0 South Run - 162.0 Rolling Valley
Rolling Valley,Week2,Mosby Woods,Week5,335.0 Mosby Woods - 67.0 Rolling Valley
Rolling Valley,Week3,Mosby Woods,Week2,332.0 Mosby Woods - 70.0 Rolling Valley
Rolling Valley,Week3,Dominion Hills,Week5,328.0 Dominion Hills - 74.0 Rolling Valley
Rolling Valley,Week5,Canterbury Woods,Week3,252.0 Canterbury Woods - 150.0 Rolling Valley
Rolling Valley,Week4,South Run,Week3,265.0 South Run - 137.0 Rolling Valley
Rolling Valley,Week1,Dominion Hills,Week5,362.0 Dominion Hills - 40.0 Rolling Valley
Rolling Hills,Week5,North Springfield,Week3,258.0 Rolling Hills - 138.0 North Springfield
Rolling Valley,Week1,Donaldson Run,Week1,358.0 Donaldson Run - 44.0 Rolling Valley
Rolling Valley,Week4,Cardinal Hill,Week2,321.0 Cardinal Hill - 81.0 Rolling Valley
Rolling Valley,Week3,South Run,Week5,266.0 South Run - 136.0 Rolling Valley
Rolling Valley,Week4,Mosby Woods,Week5,335.0 Mosby Woods - 67.0 Rolling Valley
Rolling Valley,Week2,Cardinal Hill,Week2,316.0 Cardinal Hill - 86.0 Rolling Valley
Rolling Valley,Week3,Donaldson Run,Week2,321.0 Donaldson Run - 81.0 Rolling Valley
Rolling Hills,Week3,Oakton ,Week2,316.0 Oakton - 86.0 Rolling Hills
Rolling Valley,Week4,Cardinal Hill,Week1,338.0 Cardinal Hill - 64.0 Rolling Valley
Rolling Hills,Week3,Oakton ,Week4,310.5 Oakton - 91.5 Rolling Hills
Rolling Hills,Week4,Oakton ,Week2,312.0 Oakton - 90.0 Rolling Hills
Rolling Hills,Week2,Oakton ,Week3,292.0 Oakton - 105.0 Rolling Hills
Rolling Valley,Week1,Springboard,Week2,242.0 Springboard - 159.0 Rolling Valley
Rolling Valley,Week4,Mosby Woods,Week4,327.0 Mosby Woods - 75.0 Rolling Valley
Rolling Valley,Week1,Cardinal Hill,Week4,345.0 Cardinal Hill - 57.0 Rolling Valley
Rolling Valley,Week1,Dominion Hills,Week3,346.0 Dominion Hills - 56.0 Rolling Valley
Rolling Hills,Week2,Oakton ,Week5,314.0 Oakton - 88.0 Rolling Hills
Rolling Valley,Week5,Dominion Hills,Week2,307.0 Dominion Hills - 95.0 Rolling Valley
Rolling Valley,Week5,Mosby Woods,Week2,323.0 Mosby Woods - 79.0 Rolling Valley
Rolling Valley,Week1,Donaldson Run,Week3,364.0 Donaldson Run - 38.0 Rolling Valley
Rolling Valley,Week2,Springboard,Week1,231.0 Springboard - 171.0 Rolling Valley
Rolling Valley,Week5,Mosby Woods,Week1,325.0 Mosby Woods - 77.0 Rolling Valley
Rolling Valley,Week5,South Run,Week2,230.0 South Run - 172.0 Rolling Valley
Rolling Valley,Week2,Donaldson Run,Week1,345.5 Donaldson Run - 56.5 Rolling Valley
Rolling Valley,Week3,Cardinal Hill,Week5,322.0 Cardinal Hill - 80.0 Rolling Valley
Rolling Hills,Week4,Oakton ,Week1,302.0 Oakton - 99.0 Rolling Hills
Rolling Valley,Week5,South Run,Week5,263.0 South Run - 139.0 Rolling Valley
Rolling Valley,Week2,Mosby Woods,Week4,331.0 Mosby Woods - 71.0 Rolling Valley
Rolling Hills,Week5,Shouse Village,Week3,251.0 Shouse Village - 151.0 Rolling Hills
Rolling Valley,Week2,Mount Vernon Park,Week5,346.0 Mount Vernon Park - 51.0 Rolling Valley
Rolling Valley,Week2,Mount Vernon Park,Week2,336.0 Mount Vernon Park - 66.0 Rolling Valley
Rolling Hills,Week4,Shouse Village,Week1,218.0 Shouse Village - 184.0 Rolling Hills
Rolling Hills,Week5,Oakton ,Week2,314.0 Oakton - 88.0 Rolling Hills
Rolling Valley,Week2,Mount Vernon Park,Week4,347.0 Mount Vernon Park - 55.0 Rolling Valley
Rolling Valley,Week2,Springboard,Week2,205.0 Rolling Valley - 197.0 Springboard
Rolling Valley,Week2,Dominion Hills,Week2,308.0 Dominion Hills - 94.0 Rolling Valley
Rolling Valley,Week4,Dominion Hills,Week2,298.0 Dominion Hills - 104.0 Rolling Valley
Rolling Valley,Week3,Dominion Hills,Week2,310.0 Dominion Hills - 92.0 Rolling Valley
Rolling Valley,Week3,Dominion Hills,Week3,301.0 Dominion Hills - 101.0 Rolling Valley
Rolling Hills,Week5,Oakton ,Week1,304.0 Oakton - 98.0 Rolling Hills
Rolling Valley,Week2,Springboard,Week4,230.0 Springboard - 172.0 Rolling Valley
Rolling Valley,Week1,Mount Vernon Park,Week1,358.0 Mount Vernon Park - 44.0 Rolling Valley
Rolling Valley,Week2,Springboard,Week5,240.0 Springboard - 162.0 Rolling Valley
Rolling Valley,Week4,Cardinal Hill,Week3,335.0 Cardinal Hill - 67.0 Rolling Valley
Rolling Valley,Week1,Dominion Hills,Week2,344.0 Dominion Hills - 58.0 Rolling Valley
Rolling Hills,Week4,Sideburn Run,Week1,232.0 Sideburn Run - 170.0 Rolling Hills
Rolling Hills,Week1,Sideburn Run,Week5,245.0 Sideburn Run - 157.0 Rolling Hills
Rolling Hills,Week4,Oakton ,Week4,308.0 Oakton - 93.0 Rolling Hills
Rolling Hills,Week1,Sideburn Run,Week1,231.0 Sideburn Run - 171.0 Rolling Hills
Rolling Valley,Week2,Cardinal Hill,Week3,342.0 Cardinal Hill - 60.0 Rolling Valley
Rolling Valley,Week4,Cardinal Hill,Week5,324.0 Cardinal Hill - 78.0 Rolling Valley
Rolling Hills,Week5,Oakton ,Week4,313.0 Oakton - 89.0 Rolling Hills
Rolling Valley,Week2,Springboard,Week3,232.0 Springboard - 165.0 Rolling Valley
Rolling Valley,Week4,Cardinal Hill,Week4,329.5 Cardinal Hill - 72.5 Rolling Valley
Rolling Hills,Week1,Old Keene Mill,Week2,213.5 Rolling Hills - 188.5 Old Keene Mill
Rolling Valley,Week1,Springboard,Week4,269.0 Springboard - 133.0 Rolling Valley
Rolling Hills,Week1,Old Keene Mill,Week4,228.0 Rolling Hills - 174.0 Old Keene Mill
Rolling Valley,Week5,Cardinal Hill,Week2,312.0 Cardinal Hill - 90.0 Rolling Valley
Rolling Hills,Week1,Old Keene Mill,Week1,230.0 Rolling Hills - 172.0 Old Keene Mill
Rolling Valley,Week3,Springboard,Week3,241.0 Springboard - 161.0 Rolling Valley
Rolling Valley,Week3,Springboard,Week4,243.0 Springboard - 159.0 Rolling Valley
Rolling Valley,Week3,Cardinal Hill,Week3,341.0 Cardinal Hill - 61.0 Rolling Valley
Rolling Valley,Week5,Dominion Hills,Week3,297.0 Dominion Hills - 105.0 Rolling Valley
Rolling Hills,Week3,Sideburn Run,Week4,241.0 Sideburn Run - 161.0 Rolling Hills
Rolling Valley,Week4,Dominion Hills,Week4,308.0 Dominion Hills - 94.0 Rolling Valley
Rolling Hills,Week1,Old Keene Mill,Week3,225.0 Rolling Hills - 177.0 Old Keene Mill
Rolling Hills,Week5,Oakton ,Week5,321.0 Oakton - 81.0 Rolling Hills
Rolling Valley,Week5,Cardinal Hill,Week3,334.0 Cardinal Hill - 68.0 Rolling Valley
Rolling Valley,Week3,Newington Forest,Week3,221.0 Newington Forest - 181.0 Rolling Valley
Rolling Valley,Week1,Newington Forest,Week3,243.0 Newington Forest - 159.0 Rolling Valley
Rolling Valley,Week2,Cardinal Hill,Week4,333.0 Cardinal Hill - 69.0 Rolling Valley
Rolling Valley,Week3,Springboard,Week2,213.0 Springboard - 189.0 Rolling Valley
Rolling Valley,Week1,Springboard,Week5,274.0 Springboard - 127.0 Rolling Valley
Rolling Valley,Week4,Newington Forest,Week4,208.0 Newington Forest - 194.0 Rolling Valley
Rolling Hills,Week4,Sideburn Run,Week3,237.0 Sideburn Run - 164.0 Rolling Hills
Rolling Valley,Week3,Springboard,Week1,228.0 Springboard - 174.0 Rolling Valley
Rolling Hills,Week2,Sideburn Run,Week4,246.0 Sideburn Run - 156.0 Rolling Hills
Rolling Valley,Week2,Newington Forest,Week1,205.0 Rolling Valley - 197.0 Newington Forest
Rolling Valley,Week5,Mount Vernon Park,Week1,326.0 Mount Vernon Park - 76.0 Rolling Valley
Rolling Valley,Week3,Mount Vernon Park,Week1,328.0 Mount Vernon Park - 74.0 Rolling Valley
Rolling Valley,Week5,Cardinal Hill,Week1,330.0 Cardinal Hill - 72.0 Rolling Valley
Rolling Hills,Week3,Sideburn Run,Week3,225.0 Sideburn Run - 177.0 Rolling Hills
Rolling Valley,Week2,Donaldson Run,Week2,345.0 Donaldson Run - 57.0 Rolling Valley
Rolling Valley,Week2,Donaldson Run,Week3,345.0 Donaldson Run - 57.0 Rolling Valley
Rolling Valley,Week5,Dominion Hills,Week1,287.0 Dominion Hills - 115.0 Rolling Valley
Rolling Valley,Week5,Cardinal Hill,Week5,321.0 Cardinal Hill - 81.0 Rolling Valley
Rolling Valley,Week3,Springboard,Week5,253.0 Springboard - 149.0 Rolling Valley
Rolling Hills,Week4,Shouse Village,Week3,236.0 Shouse Village - 166.0 Rolling Hills
Rolling Hills,Week3,Shouse Village,Week3,235.0 Shouse Village - 167.0 Rolling Hills
Rolling Valley,Week2,Donaldson Run,Week4,356.0 Donaldson Run - 46.0 Rolling Valley
Rolling Valley,Week5,Cardinal Hill,Week4,326.0 Cardinal Hill - 76.0 Rolling Valley
Rolling Valley,Week1,Springboard,Week3,270.0 Springboard - 131.0 Rolling Valley
Rolling Valley,Week1,Donaldson Run,Week5,373.0 Donaldson Run - 29.0 Rolling Valley
Rolling Valley,Week4,Mount Vernon Park,Week4,336.0 Mount Vernon Park - 66.0 Rolling Valley
Rolling Hills,Week1,Sideburn Run,Week4,233.0 Sideburn Run - 169.0 Rolling Hills
Rolling Hills,Week3,Shouse Village,Week4,249.0 Shouse Village - 153.0 Rolling Hills
Rolling Valley,Week2,Donaldson Run,Week5,354.0 Donaldson Run - 48.0 Rolling Valley
Rolling Valley,Week5,Canterbury Woods,Week5,239.0 Canterbury Woods - 163.0 Rolling Valley
Rolling Valley,Week4,Newington Forest,Week3,202.0 Rolling Valley - 200.0 Newington Forest
Rolling Valley,Week2,Cardinal Hill,Week1,343.0 Cardinal Hill - 59.0 Rolling Valley
Rolling Valley,Week4,Newington Forest,Week2,214.5 Rolling Valley - 185.5 Newington Forest
Rolling Valley,Week4,Springboard,Week2,211.0 Rolling Valley - 190.0 Springboard
Rolling Valley,Week3,Dowden Terrace,Week2,289.0 Dowden Terrace - 108.0 Rolling Valley
Rolling Hills,Week4,Shouse Village,Week4,253.0 Shouse Village - 149.0 Rolling Hills
Rolling Hills,Week4,Shouse Village,Week2,224.0 Shouse Village - 178.0 Rolling Hills
Rolling Hills,Week2,Sideburn Run,Week2,212.0 Sideburn Run - 190.0 Rolling Hills
Rolling Valley,Week4,Springboard,Week1,229.5 Springboard - 171.5 Rolling Valley
Rolling Valley,Week1,Dowden Terrace,Week5,339.0 Dowden Terrace - 63.0 Rolling Valley
Rolling Valley,Week1,Cardinal Hill,Week5,339.5 Cardinal Hill - 62.5 Rolling Valley
Rolling Valley,Week2,Dowden Terrace,Week2,292.0 Dowden Terrace - 110.0 Rolling Valley
Rolling Valley,Week2,Newington Forest,Week3,208.0 Newington Forest - 194.0 Rolling Valley
Rolling Valley,Week4,Mount Vernon Park,Week5,335.0 Mount Vernon Park - 67.0 Rolling Valley
Rolling Valley,Week1,Cardinal Hill,Week1,365.0 Cardinal Hill - 37.0 Rolling Valley
Rolling Hills,Week3,Shouse Village,Week5,246.0 Shouse Village - 156.0 Rolling Hills
Rolling Valley,Week5,Springboard,Week1,220.0 Springboard - 182.0 Rolling Valley
Rolling Valley,Week2,Springfield,Week2,318.0 Rolling Valley - 77.0 Springfield
Rolling Valley,Week2,Dowden Terrace,Week5,319.0 Dowden Terrace - 83.0 Rolling Valley
Rolling Hills,Week2,Sideburn Run,Week1,235.0 Sideburn Run - 167.0 Rolling Hills
Rolling Valley,Week2,Cardinal Hill,Week5,329.5 Cardinal Hill - 72.5 Rolling Valley
Rolling Valley,Week2,Springfield,Week4,302.0 Rolling Valley - 93.0 Springfield
Rolling Valley,Week1,Cardinal Hill,Week3,355.0 Cardinal Hill - 47.0 Rolling Valley
Rolling Valley,Week1,Dowden Terrace,Week1,318.0 Dowden Terrace - 83.0 Rolling Valley
Rolling Valley,Week2,Newington Forest,Week2,216.0 Newington Forest - 185.0 Rolling Valley
Rolling Valley,Week4,Springboard,Week3,225.5 Springboard - 175.5 Rolling Valley
Rolling Valley,Week3,Donaldson Run,Week1,331.0 Donaldson Run - 71.0 Rolling Valley
Rolling Valley,Week4,Mount Vernon Park,Week3,336.0 Mount Vernon Park - 66.0 Rolling Valley
Rolling Valley,Week5,Canterbury Woods,Week4,249.0 Canterbury Woods - 153.0 Rolling Valley
Rolling Valley,Week5,Mount Vernon Park,Week5,342.0 Mount Vernon Park - 60.0 Rolling Valley
Rolling Valley,Week1,Newington Forest,Week5,278.0 Newington Forest - 124.0 Rolling Valley
Rolling Hills,Week5,Shouse Village,Week2,211.5 Shouse Village - 190.5 Rolling Hills
Rolling Valley,Week3,Cardinal Hill,Week2,324.0 Cardinal Hill - 78.0 Rolling Valley
Rolling Valley,Week5,Mount Vernon Park,Week2,331.0 Mount Vernon Park - 71.0 Rolling Valley
Rolling Valley,Week5,Mount Vernon Park,Week4,331.0 Mount Vernon Park - 71.0 Rolling Valley
Rolling Valley,Week3,Donaldson Run,Week4,342.0 Donaldson Run - 60.0 Rolling Valley
Rutherford,Week5,Hamlet,Week3,338.0 Hamlet - 64.0 Rutherford
Rolling Valley,Week4,Chesterbrook,Week5,384.0 Chesterbrook - 18.0 Rolling Valley
Rolling Valley,Week1,Springfield,Week3,307.0 Rolling Valley - 84.0 Springfield
Rolling Hills,Week5,Shouse Village,Week1,217.0 Shouse Village - 185.0 Rolling Hills
Rolling Hills,Week5,Shouse Village,Week5,254.0 Shouse Village - 148.0 Rolling Hills
Rolling Valley,Week1,Springfield,Week2,299.0 Rolling Valley - 95.0 Springfield
Rolling Valley,Week5,Donaldson Run,Week3,339.0 Donaldson Run - 63.0 Rolling Valley
Rolling Valley,Week4,Springfield,Week3,328.0 Rolling Valley - 69.0 Springfield
Rolling Valley,Week5,Chesterbrook,Week1,375.0 Chesterbrook - 27.0 Rolling Valley
Rolling Hills,Week4,Shouse Village,Week5,254.0 Shouse Village - 148.0 Rolling Hills
Rutherford,Week4,Hamlet,Week2,335.0 Hamlet - 67.0 Rutherford
Rolling Valley,Week2,Newington Forest,Week4,228.0 Newington Forest - 174.0 Rolling Valley
Rolling Valley,Week5,Springfield,Week2,335.0 Rolling Valley - 64.0 Springfield
Rolling Valley,Week3,Springfield,Week4,294.0 Rolling Valley - 101.0 Springfield
Rolling Valley,Week4,Donaldson Run,Week3,342.0 Donaldson Run - 60.0 Rolling Valley
Rolling Valley,Week5,Chesterbrook,Week3,388.0 Chesterbrook - 14.0 Rolling Valley
Rolling Valley,Week4,Mount Vernon Park,Week1,329.0 Mount Vernon Park - 73.0 Rolling Valley
Rolling Valley,Week4,Donaldson Run,Week4,343.0 Donaldson Run - 59.0 Rolling Valley
Rolling Valley,Week1,Cardinal Hill,Week2,346.0 Cardinal Hill - 56.0 Rolling Valley
Rolling Hills,Week1,Sideburn Run,Week3,224.0 Sideburn Run - 178.0 Rolling Hills
Rutherford,Week4,Hamlet,Week3,328.0 Hamlet - 74.0 Rutherford
Rolling Valley,Week2,Chesterbrook,Week3,394.0 Chesterbrook - 8.0 Rolling Valley
Rutherford,Week3,Hayfield Farm,Week1,248.0 Hayfield Farm - 154.0 Rutherford
Rolling Valley,Week5,Donaldson Run,Week4,338.0 Donaldson Run - 64.0 Rolling Valley
Rolling Valley,Week1,Newington Forest,Week1,235.0 Newington Forest - 165.0 Rolling Valley
Rolling Valley,Week3,Dowden Terrace,Week5,322.0 Dowden Terrace - 80.0 Rolling Valley
Rolling Valley,Week3,Dowden Terrace,Week4,301.0 Dowden Terrace - 101.0 Rolling Valley
Rolling Valley,Week4,Springboard,Week5,233.0 Springboard - 168.0 Rolling Valley
Rolling Valley,Week2,Chesterbrook,Week1,376.0 Chesterbrook - 26.0 Rolling Valley
Rolling Valley,Week4,Mount Vernon Park,Week2,324.0 Mount Vernon Park - 78.0 Rolling Valley
Rolling Hills,Week1,Sleepy Hollow B & R,Week4,283.0 Sleepy Hollow B & R - 119.0 Rolling Hills
Rolling Valley,Week4,Springfield,Week5,339.0 Rolling Valley - 59.0 Springfield
Rolling Valley,Week1,Chesterbrook,Week4,398.0 Chesterbrook - 4.0 Rolling Valley
Rolling Valley,Week1,Springfield,Week5,321.0 Rolling Valley - 69.0 Springfield
Rolling Valley,Week1,Newington Forest,Week4,262.0 Newington Forest - 140.0 Rolling Valley
Rolling Valley,Week3,Dowden Terrace,Week3,304.0 Dowden Terrace - 98.0 Rolling Valley
Rolling Hills,Week3,Sideburn Run,Week1,235.0 Sideburn Run - 167.0 Rolling Hills
Rolling Valley,Week3,Newington Forest,Week2,200.0 Rolling Valley - 198.0 Newington Forest
Rutherford,Week4,Hayfield Farm,Week4,268.0 Hayfield Farm - 134.0 Rutherford
Rolling Hills,Week5,Shouse Village,Week4,252.5 Shouse Village - 149.5 Rolling Hills
Rolling Valley,Week3,Mount Vernon Park,Week3,329.0 Mount Vernon Park - 72.0 Rolling Valley
Rutherford,Week3,Hayfield Farm,Week2,269.0 Hayfield Farm - 133.0 Rutherford
Rolling Valley,Week3,Donaldson Run,Week5,351.0 Donaldson Run - 46.0 Rolling Valley
Rolling Valley,Week1,Newington Forest,Week2,228.0 Newington Forest - 172.0 Rolling Valley
Rolling Valley,Week5,Springfield,Week4,315.0 Rolling Valley - 86.0 Springfield
Rolling Valley,Week2,Dowden Terrace,Week4,289.0 Dowden Terrace - 113.0 Rolling Valley
Rolling Valley,Week1,Chesterbrook,Week2,394.0 Chesterbrook - 8.0 Rolling Valley
Rolling Hills,Week1,Sideburn Run,Week2,215.0 Sideburn Run - 187.0 Rolling Hills
Rolling Valley,Week1,Chesterbrook,Week3,398.0 Chesterbrook - 4.0 Rolling Valley
Rolling Valley,Week3,Mount Vernon Park,Week4,336.0 Mount Vernon Park - 66.0 Rolling Valley
Rolling Valley,Week5,Springboard,Week4,232.0 Springboard - 170.0 Rolling Valley
Rutherford,Week1,Hayfield Farm,Week1,272.0 Hayfield Farm - 130.0 Rutherford
Rolling Valley,Week4,Donaldson Run,Week5,353.0 Donaldson Run - 49.0 Rolling Valley
Rolling Valley,Week5,Donaldson Run,Week2,330.0 Donaldson Run - 72.0 Rolling Valley
Rolling Hills,Week2,Sideburn Run,Week5,250.0 Sideburn Run - 152.0 Rolling Hills
Rutherford,Week1,Hayfield Farm,Week2,293.0 Hayfield Farm - 109.0 Rutherford
Rutherford,Week1,Hayfield Farm,Week4,293.0 Hayfield Farm - 109.0 Rutherford
Rutherford,Week5,Hamlet,Week5,337.5 Hamlet - 64.5 Rutherford
Rolling Valley,Week2,Chesterbrook,Week5,388.0 Chesterbrook - 14.0 Rolling Valley
Rolling Hills,Week3,Sideburn Run,Week2,203.0 Rolling Hills - 199.0 Sideburn Run
Rolling Hills,Week2,Sideburn Run,Week3,232.0 Sideburn Run - 170.0 Rolling Hills
Rolling Valley,Week5,Mount Vernon Park,Week3,334.0 Mount Vernon Park - 68.0 Rolling Valley
Rolling Valley,Week1,Springfield,Week1,290.0 Rolling Valley - 101.0 Springfield
Rolling Valley,Week5,Chesterbrook,Week2,379.0 Chesterbrook - 23.0 Rolling Valley
Rolling Valley,Week2,Springfield,Week5,335.0 Rolling Valley - 59.0 Springfield
Rolling Valley,Week5,Springboard,Week2,209.0 Springboard - 193.0 Rolling Valley
Rolling Hills,Week3,Sideburn Run,Week5,243.0 Sideburn Run - 159.0 Rolling Hills
Rolling Valley,Week4,Chesterbrook,Week3,389.0 Chesterbrook - 13.0 Rolling Valley
Rolling Valley,Week3,Newington Forest,Week4,228.0 Newington Forest - 174.0 Rolling Valley
Rolling Valley,Week1,Dowden Terrace,Week3,327.0 Dowden Terrace - 75.0 Rolling Valley
Rutherford,Week4,Hayfield Farm,Week2,260.5 Hayfield Farm - 141.5 Rutherford
Rutherford,Week4,Hamlet,Week5,334.0 Hamlet - 68.0 Rutherford
Rolling Hills,Week5,Sideburn Run,Week5,258.0 Sideburn Run - 144.0 Rolling Hills
Rolling Valley,Week2,Springfield,Week1,315.0 Rolling Valley - 80.0 Springfield
Rolling Valley,Week2,Chesterbrook,Week4,394.0 Chesterbrook - 8.0 Rolling Valley
Rolling Valley,Week3,Chesterbrook,Week4,387.0 Chesterbrook - 15.0 Rolling Valley
Rolling Valley,Week2,Newington Forest,Week5,235.0 Newington Forest - 167.0 Rolling Valley
Rutherford,Week2,Hayfield Farm,Week5,275.0 Hayfield Farm - 127.0 Rutherford
Rolling Hills,Week2,Sleepy Hollow B & R,Week1,240.0 Sleepy Hollow B & R - 162.0 Rolling Hills
Rolling Valley,Week4,Springfield,Week1,317.0 Rolling Valley - 81.0 Springfield
Rolling Valley,Week4,Springfield,Week2,327.0 Rolling Valley - 71.0 Springfield
Rolling Valley,Week3,Chesterbrook,Week2,385.0 Chesterbrook - 17.0 Rolling Valley
Rutherford,Week1,Herndon,Week5,226.0 Rutherford - 176.0 Herndon
Rolling Valley,Week1,Dowden Terrace,Week2,317.0 Dowden Terrace - 85.0 Rolling Valley
Rolling Valley,Week3,Dowden Terrace,Week1,292.0 Dowden Terrace - 110.0 Rolling Valley
Rutherford,Week5,Hamlet,Week1,315.0 Hamlet - 81.0 Rutherford
Rolling Valley,Week3,Chesterbrook,Week3,393.0 Chesterbrook - 9.0 Rolling Valley
Rolling Valley,Week3,Springfield,Week3,309.0 Rolling Valley - 84.0 Springfield
Rolling Valley,Week3,Mount Vernon Park,Week5,351.0 Mount Vernon Park - 51.0 Rolling Valley
Rolling Valley,Week3,Newington Forest,Week1,202.0 Newington Forest - 198.0 Rolling Valley
Rolling Hills,Week4,Sideburn Run,Week2,224.0 Sideburn Run - 177.0 Rolling Hills
Rolling Valley,Week5,Donaldson Run,Week1,322.0 Donaldson Run - 80.0 Rolling Valley
Rolling Valley,Week2,Dowden Terrace,Week3,293.0 Dowden Terrace - 109.0 Rolling Valley
Rolling Hills,Week3,Sleepy Hollow B & R,Week2,250.0 Sleepy Hollow B & R - 151.0 Rolling Hills
Rolling Valley,Week5,Springfield,Week3,325.0 Rolling Valley - 75.0 Springfield
Rutherford,Week4,Hamlet,Week4,318.0 Hamlet - 84.0 Rutherford
Rolling Valley,Week1,North Springfield,Week4,217.0 Rolling Valley - 171.0 North Springfield
Rolling Valley,Week4,Newington Forest,Week1,209.0 Rolling Valley - 192.0 Newington Forest
Rolling Hills,Week2,Sleepy Hollow B & R,Week5,285.0 Sleepy Hollow B & R - 117.0 Rolling Hills
Rolling Valley,Week3,Chesterbrook,Week1,377.0 Chesterbrook - 25.0 Rolling Valley
Rolling Valley,Week1,Dowden Terrace,Week4,313.0 Dowden Terrace - 89.0 Rolling Valley
Rutherford,Week1,Hayfield Farm,Week5,288.0 Hayfield Farm - 114.0 Rutherford
Rolling Valley,Week2,North Springfield,Week4,245.0 Rolling Valley - 147.0 North Springfield
Rolling Valley,Week4,Chesterbrook,Week4,390.0 Chesterbrook - 12.0 Rolling Valley
Rolling Valley,Week5,Springfield,Week1,324.0 Rolling Valley - 77.0 Springfield
Rolling Hills,Week5,Sideburn Run,Week4,249.0 Sideburn Run - 153.0 Rolling Hills
Rolling Hills,Week2,Rolling Forest,Week3,234.0 Rolling Forest - 168.0 Rolling Hills
Rolling Hills,Week2,Sleepy Hollow B & R,Week2,255.0 Sleepy Hollow B & R - 147.0 Rolling Hills
Rutherford,Week5,Hayfield Farm,Week5,265.0 Hayfield Farm - 137.0 Rutherford
Rolling Valley,Week1,Chesterbrook,Week5,400.0 Chesterbrook - 2.0 Rolling Valley
Rolling Valley,Week4,Donaldson Run,Week2,330.0 Donaldson Run - 72.0 Rolling Valley
Rolling Valley,Week2,Dowden Terrace,Week1,290.0 Dowden Terrace - 112.0 Rolling Valley
Rolling Valley,Week3,Springfield,Week1,302.0 Rolling Valley - 93.0 Springfield
Rolling Valley,Week3,Newington Forest,Week5,239.0 Newington Forest - 158.0 Rolling Valley
Rolling Valley,Week1,Chesterbrook,Week1,385.0 Chesterbrook - 17.0 Rolling Valley
Rutherford,Week3,Hayfield Farm,Week4,266.0 Hayfield Farm - 136.0 Rutherford
Rolling Hills,Week5,Riverside Gardens,Week3,293.0 Riverside Gardens - 109.0 Rolling Hills
Rolling Valley,Week4,Springboard,Week4,231.0 Springboard - 171.0 Rolling Valley
Rolling Hills,Week4,Sideburn Run,Week5,248.0 Sideburn Run - 153.0 Rolling Hills
Rolling Hills,Week4,Riverside Gardens,Week3,294.0 Riverside Gardens - 108.0 Rolling Hills
Rutherford,Week2,Country Club Hills,Week4,262.0 Country Club Hills - 140.0 Rutherford
Rutherford,Week2,Hayfield Farm,Week2,278.0 Hayfield Farm - 124.0 Rutherford
Rutherford,Week4,Hayfield Farm,Week1,243.0 Hayfield Farm - 159.0 Rutherford
Rolling Valley,Week5,Donaldson Run,Week5,345.0 Donaldson Run - 57.0 Rolling Valley
Rolling Valley,Week5,Springboard,Week3,235.0 Springboard - 167.0 Rolling Valley
Rolling Hills,Week2,Riverside Gardens,Week5,301.0 Riverside Gardens - 101.0 Rolling Hills
Rutherford,Week2,Hayfield Farm,Week4,289.0 Hayfield Farm - 113.0 Rutherford
Rolling Valley,Week4,Chesterbrook,Week2,383.0 Chesterbrook - 19.0 Rolling Valley
Rutherford,Week2,Hayfield Farm,Week3,291.0 Hayfield Farm - 110.0 Rutherford
Rolling Valley,Week3,North Springfield,Week5,204.0 Rolling Valley - 166.0 North Springfield
Rolling Valley,Week5,Dowden Terrace,Week1,285.0 Dowden Terrace - 117.0 Rolling Valley
Rolling Hills,Week3,Sleepy Hollow B & R,Week4,274.0 Sleepy Hollow B & R - 128.0 Rolling Hills
Rolling Hills,Week2,Riverside Gardens,Week4,292.5 Riverside Gardens - 109.5 Rolling Hills
Rolling Valley,Week3,Dunn Loring,Week5,359.0 Dunn Loring - 43.0 Rolling Valley
Rutherford,Week2,Country Club Hills,Week5,268.0 Country Club Hills - 134.0 Rutherford
Rutherford,Week5,Hamlet,Week2,340.0 Hamlet - 62.0 Rutherford
Rolling Valley,Week1,Springfield,Week4,277.0 Rolling Valley - 118.0 Springfield
Rolling Valley,Week4,Newington Forest,Week5,226.0 Newington Forest - 176.0 Rolling Valley
Rolling Hills,Week3,Riverside Gardens,Week1,289.0 Riverside Gardens - 113.0 Rolling Hills
Rolling Hills,Week2,Sleepy Hollow B & R,Week3,271.0 Sleepy Hollow B & R - 131.0 Rolling Hills
Rolling Hills,Week5,Sideburn Run,Week1,238.0 Sideburn Run - 164.0 Rolling Hills
Rolling Hills,Week3,Sleepy Hollow B & R,Week5,279.0 Sleepy Hollow B & R - 123.0 Rolling Hills
Rolling Valley,Week5,North Springfield,Week5,221.0 Rolling Valley - 153.0 North Springfield
Rolling Valley,Week3,Springfield,Week5,324.0 Rolling Valley - 71.0 Springfield
Rolling Valley,Week4,Donaldson Run,Week1,330.0 Donaldson Run - 72.0 Rolling Valley
Rolling Valley,Week2,Chesterbrook,Week2,393.0 Chesterbrook - 9.0 Rolling Valley
Rolling Valley,Week5,Springboard,Week5,243.0 Springboard - 159.0 Rolling Valley
Rolling Valley,Week4,Chesterbrook,Week1,377.0 Chesterbrook - 25.0 Rolling Valley
Rutherford,Week5,Hamlet,Week4,320.0 Hamlet - 82.0 Rutherford
Rolling Hills,Week5,Sideburn Run,Week3,249.0 Sideburn Run - 153.0 Rolling Hills
Rolling Hills,Week5,Riverside Gardens,Week2,288.0 Riverside Gardens - 114.0 Rolling Hills
Rolling Hills,Week3,Riverside Gardens,Week3,291.0 Riverside Gardens - 111.0 Rolling Hills
Rolling Hills,Week1,Sleepy Hollow B & R,Week2,255.0 Sleepy Hollow B & R - 147.0 Rolling Hills
Rolling Valley,Week3,Springfield,Week2,309.0 Rolling Valley - 78.0 Springfield
Rolling Hills,Week1,Rolling Forest,Week4,225.0 Rolling Forest - 177.0 Rolling Hills
Rolling Valley,Week4,North Springfield,Week2,239.0 Rolling Valley - 149.0 North Springfield
Rolling Valley,Week2,Springfield,Week3,318.0 Rolling Valley - 77.0 Springfield
Rolling Valley,Week5,Newington Forest,Week4,211.0 Newington Forest - 191.0 Rolling Valley
Rolling Hills,Week1,Rolling Forest,Week3,246.0 Rolling Forest - 156.0 Rolling Hills
Rolling Valley,Week5,Dowden Terrace,Week2,287.0 Dowden Terrace - 115.0 Rolling Valley
Rolling Hills,Week5,Sideburn Run,Week2,223.0 Sideburn Run - 179.0 Rolling Hills
Rutherford,Week3,Hayfield Farm,Week5,263.5 Hayfield Farm - 138.5 Rutherford
Rolling Valley,Week4,North Springfield,Week3,229.0 Rolling Valley - 167.0 North Springfield
Rolling Valley,Week1,Dunn Loring,Week3,379.0 Dunn Loring - 23.0 Rolling Valley
Rolling Valley,Week1,Dunn Loring,Week1,354.0 Dunn Loring - 48.0 Rolling Valley
Rolling Valley,Week5,North Springfield,Week3,234.0 Rolling Valley - 161.0 North Springfield
Rolling Valley,Week3,Stratford,Week4,258.0 Stratford - 144.0 Rolling Valley
Rolling Valley,Week3,Chesterbrook,Week5,387.0 Chesterbrook - 15.0 Rolling Valley
Rutherford,Week4,Country Club Hills,Week4,226.0 Country Club Hills - 171.0 Rutherford
Rutherford,Week5,Country Club Hills,Week3,223.0 Country Club Hills - 179.0 Rutherford
Rolling Valley,Week5,Dunn Loring,Week2,354.0 Dunn Loring - 48.0 Rolling Valley
Rolling Hills,Week2,Riverside Gardens,Week3,275.0 Riverside Gardens - 127.0 Rolling Hills
Rolling Valley,Week1,Stratford,Week1,263.0 Stratford - 138.0 Rolling Valley
Rolling Valley,Week4,Springfield,Week4,313.0 Rolling Valley - 86.0 Springfield
Rolling Valley,Week5,Dunn Loring,Week5,356.0 Dunn Loring - 46.0 Rolling Valley
Rutherford,Week2,Hayfield Farm,Week1,275.0 Hayfield Farm - 127.0 Rutherford
Rutherford,Week1,Hayfield Farm,Week3,295.0 Hayfield Farm - 107.0 Rutherford
Rutherford,Week5,Country Club Hills,Week5,262.0 Country Club Hills - 140.0 Rutherford
Rolling Hills,Week1,Sleepy Hollow B & R,Week1,253.0 Sleepy Hollow B & R - 149.0 Rolling Hills
Rolling Valley,Week2,Oakton ,Week2,345.0 Oakton - 57.0 Rolling Valley
Rolling Valley,Week1,Stratford,Week3,294.0 Stratford - 108.0 Rolling Valley
Rolling Hills,Week5,Sleepy Hollow B & R,Week3,267.0 Sleepy Hollow B & R - 135.0 Rolling Hills
Rolling Valley,Week2,Dunn Loring,Week3,361.0 Dunn Loring - 41.0 Rolling Valley
Rolling Valley,Week4,Dunn Loring,Week5,357.0 Dunn Loring - 45.0 Rolling Valley
Rolling Valley,Week2,North Springfield,Week3,229.0 Rolling Valley - 168.0 North Springfield
Rutherford,Week3,Country Club Hills,Week5,256.0 Country Club Hills - 146.0 Rutherford
Rolling Hills,Week5,Sleepy Hollow B & R,Week2,257.0 Sleepy Hollow B & R - 145.0 Rolling Hills
Rolling Valley,Week4,North Springfield,Week1,258.0 Rolling Valley - 92.0 North Springfield
Rolling Hills,Week4,Rolling Forest,Week1,214.0 Rolling Forest - 187.0 Rolling Hills
Rolling Hills,Week4,Sleepy Hollow B & R,Week1,241.0 Sleepy Hollow B & R - 161.0 Rolling Hills
Rolling Valley,Week5,Springfield,Week5,346.0 Rolling Valley - 55.0 Springfield
Rolling Valley,Week5,North Springfield,Week2,243.0 Rolling Valley - 145.0 North Springfield
Rolling Hills,Week2,Rolling Forest,Week1,211.0 Rolling Forest - 191.0 Rolling Hills
Rutherford,Week3,Hayfield Farm,Week3,267.0 Hayfield Farm - 135.0 Rutherford
Rutherford,Week4,Hayfield Farm,Week3,273.0 Hayfield Farm - 129.0 Rutherford
Rutherford,Week5,Country Club Hills,Week4,232.0 Country Club Hills - 170.0 Rutherford
Rolling Valley,Week5,Dunn Loring,Week3,363.0 Dunn Loring - 39.0 Rolling Valley
Rolling Hills,Week5,Sleepy Hollow B & R,Week1,243.0 Sleepy Hollow B & R - 159.0 Rolling Hills
Rolling Hills,Week3,Rolling Forest,Week5,235.0 Rolling Forest - 167.0 Rolling Hills
Rutherford,Week4,Hayfield Farm,Week5,263.0 Hayfield Farm - 139.0 Rutherford
Rolling Valley,Week2,Oakton ,Week5,347.0 Oakton - 55.0 Rolling Valley
Rolling Valley,Week2,Stratford,Week3,253.0 Stratford - 149.0 Rolling Valley
Rolling Hills,Week5,Rolling Forest,Week3,244.0 Rolling Forest - 158.0 Rolling Hills
Rolling Valley,Week1,Stratford,Week4,306.0 Stratford - 96.0 Rolling Valley
Rutherford,Week5,Hayfield Farm,Week2,257.0 Hayfield Farm - 145.0 Rutherford
Rolling Hills,Week4,Riverside Gardens,Week2,279.0 Riverside Gardens - 123.0 Rolling Hills
Rolling Hills,Week4,Riverside Gardens,Week4,308.0 Riverside Gardens - 94.0 Rolling Hills
Rolling Valley,Week1,Stratford,Week5,306.0 Stratford - 95.0 Rolling Valley
Rutherford,Week3,Crosspointe,Week3,312.0 Crosspointe - 90.0 Rutherford
Rutherford,Week5,Country Club Hills,Week1,237.0 Country Club Hills - 165.0 Rutherford
Rolling Valley,Week4,Dowden Terrace,Week1,284.0 Dowden Terrace - 117.0 Rolling Valley
Rolling Hills,Week4,Sleepy Hollow B & R,Week3,263.0 Sleepy Hollow B & R - 139.0 Rolling Hills
Rolling Hills,Week1,Sleepy Hollow B & R,Week5,282.0 Sleepy Hollow B & R - 120.0 Rolling Hills
Rolling Valley,Week5,Dowden Terrace,Week4,289.0 Dowden Terrace - 113.0 Rolling Valley
Rutherford,Week5,Hayfield Farm,Week1,236.0 Hayfield Farm - 166.0 Rutherford
Rolling Valley,Week1,North Springfield,Week3,204.0 Rolling Valley - 188.0 North Springfield
Rolling Valley,Week2,Stratford,Week4,262.0 Stratford - 140.0 Rolling Valley
Rolling Valley,Week1,Oakton ,Week2,364.0 Oakton - 38.0 Rolling Valley
Rolling Valley,Week1,Dunn Loring,Week4,381.5 Dunn Loring - 20.5 Rolling Valley
Rolling Hills,Week4,Sideburn Run,Week4,248.0 Sideburn Run - 153.0 Rolling Hills
Rutherford,Week1,Country Club Hills,Week5,280.0 Country Club Hills - 122.0 Rutherford
Rolling Valley,Week3,Dunn Loring,Week1,317.0 Dunn Loring - 80.0 Rolling Valley
Rolling Hills,Week4,Sleepy Hollow B & R,Week5,281.5 Sleepy Hollow B & R - 120.5 Rolling Hills
Rolling Valley,Week1,North Springfield,Week5,194.0 Rolling Valley - 178.0 North Springfield
Rolling Hills,Week1,Rolling Forest,Week2,220.0 Rolling Forest - 182.0 Rolling Hills
Rolling Hills,Week2,Sleepy Hollow B & R,Week4,285.0 Sleepy Hollow B & R - 117.0 Rolling Hills
Rolling Valley,Week3,Stratford,Week2,238.0 Stratford - 164.0 Rolling Valley
Rolling Hills,Week4,Sleepy Hollow B & R,Week2,258.0 Sleepy Hollow B & R - 143.0 Rolling Hills
Rolling Hills,Week5,Sleepy Hollow B & R,Week5,293.5 Sleepy Hollow B & R - 108.5 Rolling Hills
Rutherford,Week3,Country Club Hills,Week4,232.0 Country Club Hills - 165.0 Rutherford
Rutherford,Week1,Herndon,Week1,229.0 Rutherford - 171.0 Herndon
Rolling Hills,Week2,Rolling Forest,Week2,204.0 Rolling Forest - 198.0 Rolling Hills
Rolling Valley,Week1,North Springfield,Week2,212.0 Rolling Valley - 175.0 North Springfield
Rolling Valley,Week2,North Springfield,Week1,249.0 Rolling Valley - 101.0 North Springfield
Rolling Hills,Week4,Riverside Gardens,Week1,295.0 Riverside Gardens - 107.0 Rolling Hills
Rutherford,Week1,Crosspointe,Week5,348.0 Crosspointe - 54.0 Rutherford
Rolling Valley,Week4,Dowden Terrace,Week5,316.0 Dowden Terrace - 86.0 Rolling Valley
Rutherford,Week5,Hayfield Farm,Week4,260.0 Hayfield Farm - 142.0 Rutherford
Rolling Hills,Week1,Sleepy Hollow B & R,Week3,272.0 Sleepy Hollow B & R - 130.0 Rolling Hills
Rutherford,Week3,Country Club Hills,Week1,231.0 Country Club Hills - 171.0 Rutherford
Rolling Valley,Week2,Stratford,Week2,237.0 Stratford - 165.0 Rolling Valley
Rolling Valley,Week2,North Springfield,Week5,208.0 Rolling Valley - 165.0 North Springfield
Rutherford,Week5,Hayfield Farm,Week3,278.0 Hayfield Farm - 124.0 Rutherford
Rolling Valley,Week5,Dowden Terrace,Week5,310.5 Dowden Terrace - 91.5 Rolling Valley
Rolling Valley,Week5,Newington Forest,Week2,201.0 Newington Forest - 201.0 Rolling Valley
Rutherford,Week1,Hiddenbrook,Week2,204.0 Rutherford - 198.0 Hiddenbrook
Rolling Valley,Week2,Dunn Loring,Week2,356.0 Dunn Loring - 46.0 Rolling Valley
Rolling Valley,Week5,Newington Forest,Week1,220.0 Rolling Valley - 182.0 Newington Forest
Rolling Hills,Week5,Sleepy Hollow B & R,Week4,280.0 Sleepy Hollow B & R - 122.0 Rolling Hills
Rolling Valley,Week4,Dowden Terrace,Week3,298.0 Dowden Terrace - 104.0 Rolling Valley
Rutherford,Week1,Herndon,Week2,227.0 Rutherford - 175.0 Herndon
Rolling Valley,Week1,Stratford,Week2,285.0 Stratford - 117.0 Rolling Valley
Rolling Hills,Week5,Riverside Gardens,Week5,306.0 Riverside Gardens - 96.0 Rolling Hills
Rolling Hills,Week3,Riverside Gardens,Week2,280.0 Riverside Gardens - 122.0 Rolling Hills
Rolling Valley,Week3,Stratford,Week1,225.0 Stratford - 172.0 Rolling Valley
Rolling Valley,Week5,Newington Forest,Week3,213.0 Newington Forest - 189.0 Rolling Valley
Rutherford,Week4,Country Club Hills,Week2,220.0 Country Club Hills - 182.0 Rutherford
Rolling Hills,Week3,Riverside Gardens,Week4,297.0 Riverside Gardens - 105.0 Rolling Hills
Rolling Valley,Week2,Stratford,Week1,220.0 Stratford - 182.0 Rolling Valley
Rutherford,Week1,Herndon,Week4,234.0 Rutherford - 168.0 Herndon
Rutherford,Week1,Herndon,Week3,228.0 Rutherford - 173.0 Herndon
Rolling Valley,Week3,Dunn Loring,Week2,360.0 Dunn Loring - 42.0 Rolling Valley
Rutherford,Week2,Country Club Hills,Week1,248.0 Country Club Hills - 154.0 Rutherford
Rolling Valley,Week2,Dunn Loring,Week5,354.0 Dunn Loring - 48.0 Rolling Valley
Rolling Hills,Week4,Riverside Gardens,Week5,310.0 Riverside Gardens - 91.0 Rolling Hills
Rolling Valley,Week2,Stratford,Week5,250.0 Stratford - 152.0 Rolling Valley
Rutherford,Week4,Country Club Hills,Week3,213.0 Country Club Hills - 189.0 Rutherford
Rolling Hills,Week3,Sleepy Hollow B & R,Week1,239.0 Sleepy Hollow B & R - 162.0 Rolling Hills
Rutherford,Week5,Country Club Hills,Week2,227.0 Country Club Hills - 175.0 Rutherford
Rolling Valley,Week1,Dunn Loring,Week5,377.0 Dunn Loring - 25.0 Rolling Valley
Rutherford,Week1,Crosspointe,Week2,326.0 Crosspointe - 76.0 Rutherford
Rutherford,Week2,Country Club Hills,Week3,255.0 Country Club Hills - 147.0 Rutherford
Rutherford,Week1,Hiddenbrook,Week3,246.0 Hiddenbrook - 156.0 Rutherford
Rutherford,Week4,Herndon,Week1,268.0 Rutherford - 132.0 Herndon
Rolling Valley,Week3,Stratford,Week3,247.0 Stratford - 155.0 Rolling Valley
Rutherford,Week1,Crosspointe,Week1,332.0 Crosspointe - 70.0 Rutherford
Rolling Hills,Week3,Sleepy Hollow B & R,Week3,267.0 Sleepy Hollow B & R - 135.0 Rolling Hills
Rolling Valley,Week4,Stratford,Week1,213.0 Stratford - 188.0 Rolling Valley
Rolling Valley,Week5,Stratford,Week5,248.0 Stratford - 154.0 Rolling Valley
Rolling Valley,Week3,North Springfield,Week2,229.0 Rolling Valley - 158.0 North Springfield
Rolling Valley,Week1,North Springfield,Week1,225.0 Rolling Valley - 125.0 North Springfield
Rolling Valley,Week3,Dunn Loring,Week3,367.0 Dunn Loring - 35.0 Rolling Valley
Rolling Hills,Week5,Riverside Gardens,Week1,292.5 Riverside Gardens - 109.5 Rolling Hills
Rolling Valley,Week5,Stratford,Week3,235.0 Stratford - 167.0 Rolling Valley
Rolling Hills,Week1,Sleepy Hollow Rec,Week1,238.0 Rolling Hills - 164.0 Sleepy Hollow Rec
Rolling Valley,Week5,Newington Forest,Week5,233.5 Newington Forest - 168.5 Rolling Valley
Rolling Hills,Week1,Rolling Forest,Week1,229.0 Rolling Forest - 173.0 Rolling Hills
Rutherford,Week1,Hiddenbrook,Week5,246.0 Hiddenbrook - 156.0 Rutherford
Rolling Valley,Week2,North Springfield,Week2,231.0 Rolling Valley - 152.0 North Springfield
Rutherford,Week1,Hiddenbrook,Week4,246.0 Hiddenbrook - 156.0 Rutherford
Rolling Hills,Week4,Sleepy Hollow B & R,Week4,276.0 Sleepy Hollow B & R - 126.0 Rolling Hills
Rolling Hills,Week3,Riverside Gardens,Week5,302.0 Riverside Gardens - 100.0 Rolling Hills
Rolling Valley,Week3,Dunn Loring,Week4,360.0 Dunn Loring - 42.0 Rolling Valley
Rolling Hills,Week1,Rolling Forest,Week5,242.0 Rolling Forest - 160.0 Rolling Hills
Rutherford,Week4,Herndon,Week3,271.0 Rutherford - 131.0 Herndon
Rolling Hills,Week5,Sleepy Hollow Rec,Week4,237.0 Rolling Hills - 165.0 Sleepy Hollow Rec
Rolling Hills,Week5,Riverside Gardens,Week4,307.0 Riverside Gardens - 95.0 Rolling Hills
Rutherford,Week2,Crosspointe,Week4,315.0 Crosspointe - 87.0 Rutherford
Rolling Hills,Week1,Sleepy Hollow Rec,Week3,214.0 Rolling Hills - 188.0 Sleepy Hollow Rec
Rolling Valley,Week4,Dowden Terrace,Week2,290.0 Dowden Terrace - 112.0 Rolling Valley
Rutherford,Week5,Herndon,Week4,263.0 Rutherford - 139.0 Herndon
Rolling Valley,Week5,Dowden Terrace,Week3,278.0 Dowden Terrace - 124.0 Rolling Valley
Rolling Valley,Week5,Stratford,Week1,213.0 Stratford - 189.0 Rolling Valley
Rolling Valley,Week4,Dowden Terrace,Week4,288.0 Dowden Terrace - 114.0 Rolling Valley
Rolling Valley,Week1,Sully Station,Week1,344.0 Sully Station - 58.0 Rolling Valley
Rolling Valley,Week3,North Springfield,Week3,221.0 Rolling Valley - 172.0 North Springfield
Rolling Hills,Week3,Sleepy Hollow Rec,Week4,235.0 Rolling Hills - 166.0 Sleepy Hollow Rec
Rutherford,Week2,Crosspointe,Week1,323.0 Crosspointe - 79.0 Rutherford
Rolling Valley,Week3,North Springfield,Week1,250.0 Rolling Valley - 100.0 North Springfield
Rolling Hills,Week3,Rolling Forest,Week2,214.0 Rolling Forest - 188.0 Rolling Hills
Rolling Valley,Week4,Dunn Loring,Week2,354.0 Dunn Loring - 48.0 Rolling Valley
Rutherford,Week1,Crosspointe,Week4,324.0 Crosspointe - 78.0 Rutherford
Rolling Valley,Week3,North Springfield,Week4,241.0 Rolling Valley - 149.0 North Springfield
Rolling Valley,Week4,Stratford,Week2,235.0 Stratford - 167.0 Rolling Valley
Rolling Valley,Week3,Stratford,Week5,250.0 Stratford - 152.0 Rolling Valley
Rutherford,Week3,Country Club Hills,Week2,242.0 Country Club Hills - 160.0 Rutherford
Rolling Valley,Week4,North Springfield,Week4,250.0 Rolling Valley - 141.0 North Springfield
Rutherford,Week3,Herndon,Week4,262.0 Rutherford - 140.0 Herndon
Rolling Hills,Week1,Sleepy Hollow Rec,Week5,213.5 Rolling Hills - 188.5 Sleepy Hollow Rec
Rolling Hills,Week3,Rolling Forest,Week1,236.0 Rolling Forest - 166.0 Rolling Hills
Rolling Valley,Week4,Dunn Loring,Week4,365.0 Dunn Loring - 37.0 Rolling Valley
Rolling Valley,Week1,Sully Station,Week3,345.0 Sully Station - 57.0 Rolling Valley
Rolling Valley,Week4,North Springfield,Week5,216.0 Rolling Valley - 157.0 North Springfield
Rutherford,Week4,Country Club Hills,Week5,253.0 Country Club Hills - 149.0 Rutherford
Rutherford,Week2,Herndon,Week4,251.0 Rutherford - 151.0 Herndon
Rolling Hills,Week2,Rolling Forest,Week4,224.0 Rolling Forest - 178.0 Rolling Hills
Rolling Hills,Week3,Somerset-Olde Creek,Week2,294.0 Rolling Hills - 101.0 Somerset-Olde Creek
Rolling Hills,Week3,Rolling Forest,Week4,217.0 Rolling Forest - 185.0 Rolling Hills
Rolling Valley,Week2,Sully Station,Week2,314.0 Sully Station - 88.0 Rolling Valley
Rutherford,Week3,Country Club Hills,Week3,236.0 Country Club Hills - 166.0 Rutherford
Rolling Valley,Week4,Stratford,Week4,256.0 Stratford - 146.0 Rolling Valley
Rolling Valley,Week1,Sully Station,Week5,349.0 Sully Station - 53.0 Rolling Valley
Rutherford,Week5,Herndon,Week2,275.0 Rutherford - 127.0 Herndon
Rolling Valley,Week4,Dunn Loring,Week3,365.0 Dunn Loring - 37.0 Rolling Valley
Rutherford,Week3,Herndon,Week2,265.0 Rutherford - 137.0 Herndon
Rolling Valley,Week1,Sully Station,Week2,335.0 Sully Station - 67.0 Rolling Valley
Rolling Hills,Week2,Somerset-Olde Creek,Week5,260.0 Rolling Hills - 141.0 Somerset-Olde Creek
Rutherford,Week4,Country Club Hills,Week1,223.0 Country Club Hills - 179.0 Rutherford
Rolling Valley,Week2,Dunn Loring,Week4,360.0 Dunn Loring - 42.0 Rolling Valley
Rolling Hills,Week3,Rolling Forest,Week3,244.0 Rolling Forest - 158.0 Rolling Hills
Rolling Valley,Week1,Oakton ,Week4,361.0 Oakton - 41.0 Rolling Valley
Rolling Valley,Week4,Dunn Loring,Week1,317.0 Dunn Loring - 85.0 Rolling Valley
Rutherford,Week2,Herndon,Week3,253.0 Rutherford - 148.0 Herndon
Rutherford,Week2,Herndon,Week5,245.0 Rutherford - 157.0 Herndon
Rolling Hills,Week2,Somerset-Olde Creek,Week1,292.0 Rolling Hills - 108.0 Somerset-Olde Creek
Rolling Hills,Week1,Somerset-Olde Creek,Week5,267.0 Rolling Hills - 133.0 Somerset-Olde Creek
Rutherford,Week4,Herndon,Week5,285.0 Rutherford - 117.0 Herndon
Rutherford,Week1,Crosspointe,Week3,327.0 Crosspointe - 70.0 Rutherford
Rolling Valley,Week1,Oakton ,Week1,363.0 Oakton - 39.0 Rolling Valley
Rutherford,Week2,Crosspointe,Week5,334.0 Crosspointe - 68.0 Rutherford
Rolling Hills,Week2,Somerset-Olde Creek,Week3,296.0 Rolling Hills - 105.0 Somerset-Olde Creek
Rolling Hills,Week4,Rolling Forest,Week3,238.0 Rolling Forest - 164.0 Rolling Hills
Rolling Valley,Week1,Oakton ,Week3,357.0 Oakton - 45.0 Rolling Valley
Rolling Hills,Week4,Rolling Forest,Week2,203.0 Rolling Forest - 198.0 Rolling Hills
Rolling Hills,Week4,Rolling Forest,Week4,211.0 Rolling Forest - 190.0 Rolling Hills
Rolling Valley,Week5,North Springfield,Week4,259.0 Rolling Valley - 132.0 North Springfield
Rolling Valley,Week2,Dunn Loring,Week1,328.0 Dunn Loring - 74.0 Rolling Valley
Rutherford,Week2,Herndon,Week2,250.0 Rutherford - 151.0 Herndon
Rolling Hills,Week2,Rolling Forest,Week5,238.0 Rolling Forest - 164.0 Rolling Hills
Rutherford,Week2,Crosspointe,Week3,308.0 Crosspointe - 94.0 Rutherford
Rolling Valley,Week5,Dunn Loring,Week1,323.0 Dunn Loring - 79.0 Rolling Valley
Rolling Hills,Week1,Somerset-Olde Creek,Week2,295.0 Rolling Hills - 105.0 Somerset-Olde Creek
Rolling Valley,Week4,Stratford,Week5,247.0 Stratford - 155.0 Rolling Valley
Rolling Valley,Week1,Dunn Loring,Week2,373.0 Dunn Loring - 29.0 Rolling Valley
Rolling Hills,Week2,Sleepy Hollow Rec,Week2,237.0 Rolling Hills - 165.0 Sleepy Hollow Rec
Rolling Valley,Week2,Sully Station,Week1,319.0 Sully Station - 83.0 Rolling Valley
Rolling Valley,Week5,North Springfield,Week1,263.0 Rolling Valley - 88.0 North Springfield
Rutherford,Week2,Country Club Hills,Week2,257.0 Country Club Hills - 145.0 Rutherford
Rolling Valley,Week2,Fair Oaks ,Week3,297.0 Fair Oaks - 105.0 Rolling Valley
Rolling Hills,Week3,Sleepy Hollow Rec,Week2,230.0 Rolling Hills - 172.0 Sleepy Hollow Rec
Rutherford,Week2,Crosspointe,Week2,310.0 Crosspointe - 92.0 Rutherford
Rolling Valley,Week4,Stratford,Week3,246.0 Stratford - 156.0 Rolling Valley
Rolling Valley,Week5,Stratford,Week2,234.0 Stratford - 168.0 Rolling Valley
Rutherford,Week3,Crosspointe,Week2,316.0 Crosspointe - 86.0 Rutherford
Rolling Hills,Week4,Rolling Forest,Week5,236.0 Rolling Forest - 165.0 Rolling Hills
Rutherford,Week3,Crosspointe,Week1,324.0 Crosspointe - 78.0 Rutherford
Rolling Valley,Week5,Dunn Loring,Week4,362.5 Dunn Loring - 39.5 Rolling Valley
Rolling Hills,Week3,Rolling Hills,Week5,215.0 Rolling Hills (RH1) - 187.0 Rolling Hills (RH2)
Rutherford,Week4,Herndon,Week4,293.0 Rutherford - 109.0 Herndon
Rolling Valley,Week1,Oakton ,Week5,365.0 Oakton - 37.0 Rolling Valley
Rutherford,Week3,Herndon,Week3,269.0 Rutherford - 132.0 Herndon
Rolling Valley,Week2,Oakton ,Week1,347.5 Oakton - 54.5 Rolling Valley
Rolling Hills,Week5,Rolling Forest,Week1,229.0 Rolling Forest - 173.0 Rolling Hills
Rolling Hills,Week2,Sleepy Hollow Rec,Week3,211.0 Rolling Hills - 191.0 Sleepy Hollow Rec
Rolling Valley,Week2,Oakton ,Week3,338.0 Oakton - 64.0 Rolling Valley
Rutherford,Week5,Herndon,Week3,282.0 Rutherford - 119.0 Herndon
Rolling Valley,Week5,Stratford,Week4,253.0 Stratford - 149.0 Rolling Valley
Rolling Hills,Week5,Sleepy Hollow Rec,Week2,227.0 Rolling Hills - 175.0 Sleepy Hollow Rec
Rolling Valley,Week1,Fair Oaks ,Week2,311.0 Fair Oaks - 91.0 Rolling Valley
Rolling Hills,Week5,Rolling Forest,Week2,213.0 Rolling Forest - 189.0 Rolling Hills
Rutherford,Week5,Herndon,Week1,261.0 Rutherford - 140.0 Herndon
Rolling Valley,Week2,Oakton ,Week4,344.0 Oakton - 58.0 Rolling Valley
Rolling Valley,Week1,Fair Oaks ,Week3,331.0 Fair Oaks - 71.0 Rolling Valley
Rolling Hills,Week4,Sleepy Hollow Rec,Week1,232.0 Rolling Hills - 165.0 Sleepy Hollow Rec
Rutherford,Week2,Herndon,Week1,247.0 Rutherford - 153.0 Herndon
Rolling Valley,Week1,Sully Station,Week4,347.0 Sully Station - 55.0 Rolling Valley
Rolling Valley,Week3,Oakton ,Week1,350.0 Oakton - 52.0 Rolling Valley
Rolling Valley,Week3,Oakton ,Week3,343.0 Oakton - 59.0 Rolling Valley
Rolling Valley,Week1,Fair Oaks ,Week4,338.0 Fair Oaks - 64.0 Rolling Valley
Rolling Valley,Week2,Sully Station II,Week2,332.0 Sully Station II - 70.0 Rolling Valley
Rolling Hills,Week1,Rolling Hills,Week5,212.0 Rolling Hills (RH1) - 190.0 Rolling Hills (RH2)
Rutherford,Week2,Daventry,Week4,245.0 Rutherford - 156.0 Daventry
Rutherford,Week3,Crosspointe,Week4,317.0 Crosspointe - 85.0 Rutherford
Rolling Valley,Week2,Fair Oaks ,Week2,282.0 Fair Oaks - 120.0 Rolling Valley
Rolling Valley,Week4,Oakton ,Week3,334.0 Oakton - 68.0 Rolling Valley
Rolling Hills,Week2,Rolling Hills,Week4,228.0 Rolling Hills (RH1) - 172.0 Rolling Hills (RH2)
Rutherford,Week3,Herndon,Week1,278.0 Rutherford - 122.0 Herndon
Rolling Hills,Week5,Sleepy Hollow Rec,Week3,206.0 Rolling Hills - 196.0 Sleepy Hollow Rec
Rolling Valley,Week3,Sully Station,Week1,325.0 Sully Station - 77.0 Rolling Valley
Rolling Valley,Week3,Sully Station,Week2,317.0 Sully Station - 85.0 Rolling Valley
Rolling Hills,Week2,Rolling Hills,Week5,214.0 Rolling Hills (RH1) - 188.0 Rolling Hills (RH2)
Rutherford,Week3,Crosspointe,Week5,324.0 Crosspointe - 78.0 Rutherford
Rutherford,Week5,Herndon,Week5,271.0 Rutherford - 131.0 Herndon
Rolling Hills,Week1,Rolling Hills,Week4,209.0 Rolling Hills (RH1) - 189.0 Rolling Hills (RH2)
Rolling Valley,Week3,Fair Oaks ,Week5,317.0 Fair Oaks - 85.0 Rolling Valley
Rutherford,Week4,Daventry,Week1,256.0 Rutherford - 146.0 Daventry
Rutherford,Week3,Herndon,Week5,265.0 Rutherford - 136.0 Herndon
Rolling Valley,Week3,Oakton ,Week5,357.5 Oakton - 44.5 Rolling Valley
Rolling Hills,Week4,Sleepy Hollow Rec,Week3,215.0 Rolling Hills - 187.0 Sleepy Hollow Rec
Rolling Hills,Week5,Sleepy Hollow Rec,Week1,225.0 Rolling Hills - 177.0 Sleepy Hollow Rec
Rolling Hills,Week3,Rolling Hills,Week1,204.0 Rolling Hills (RH1) - 198.0 Rolling Hills (RH2)
Rolling Hills,Week2,Mansion House,Week1,263.0 Mansion House - 139.0 Rolling Hills
Rolling Valley,Week5,Sully Station,Week5,324.0 Sully Station - 78.0 Rolling Valley
Rolling Valley,Week4,Fair Oaks ,Week2,278.0 Fair Oaks - 124.0 Rolling Valley
Rolling Hills,Week4,Rolling Hills,Week2,228.0 Rolling Hills (RH2) - 172.0 Rolling Hills (RH1)
Rolling Hills,Week4,Rolling Hills,Week3,209.0 Rolling Hills (RH2) - 190.0 Rolling Hills (RH1)
Rolling Valley,Week5,Fair Oaks ,Week3,304.0 Fair Oaks - 98.0 Rolling Valley
Rolling Hills,Week2,Sleepy Hollow Rec,Week5,217.0 Rolling Hills - 185.0 Sleepy Hollow Rec
Rolling Valley,Week3,Oakton ,Week4,351.0 Oakton - 51.0 Rolling Valley
Rolling Hills,Week1,Rolling Hills,Week1,199.5 Rolling Hills (RH1) - 199.5 Rolling Hills (RH2)
Rolling Valley,Week5,Oakton ,Week2,338.0 Oakton - 64.0 Rolling Valley
Rutherford,Week4,Herndon,Week2,279.0 Rutherford - 123.0 Herndon
Rutherford,Week5,Crosspointe,Week1,311.0 Crosspointe - 91.0 Rutherford
Rutherford,Week1,Daventry,Week5,202.0 Rutherford - 199.0 Daventry
Rolling Valley,Week2,Fair Oaks ,Week4,307.0 Fair Oaks - 95.0 Rolling Valley
Rolling Hills,Week2,Sleepy Hollow Rec,Week1,236.0 Rolling Hills - 166.0 Sleepy Hollow Rec
Rolling Hills,Week4,Mansion House,Week5,269.0 Mansion House - 133.0 Rolling Hills
Rutherford,Week2,Hiddenbrook,Week5,235.0 Hiddenbrook - 167.0 Rutherford
Rutherford,Week2,Hiddenbrook,Week1,225.0 Hiddenbrook - 176.0 Rutherford
Rolling Valley,Week5,Fair Oaks ,Week4,299.0 Fair Oaks - 103.0 Rolling Valley
Rolling Hills,Week4,Mansion House,Week3,275.0 Mansion House - 126.0 Rolling Hills
Rutherford,Week4,Crosspointe,Week5,330.0 Crosspointe - 72.0 Rutherford
Rolling Valley,Week3,Sully Station II,Week3,345.0 Sully Station II - 57.0 Rolling Valley
Rutherford,Week5,Crosspointe,Week2,301.0 Crosspointe - 101.0 Rutherford
Rolling Valley,Week2,Sully Station,Week5,326.5 Sully Station - 75.5 Rolling Valley
Rolling Hills,Week1,Sleepy Hollow Rec,Week2,241.0 Rolling Hills - 161.0 Sleepy Hollow Rec
Rolling Hills,Week5,Rolling Forest,Week4,226.0 Rolling Forest - 176.0 Rolling Hills
Rutherford,Week1,High Point Pool,Week3,320.0 High Point Pool - 82.0 Rutherford
Rolling Hills,Week3,Rolling Hills,Week4,209.0 Rolling Hills (RH1) - 190.0 Rolling Hills (RH2)
Rolling Valley,Week4,Oakton ,Week4,344.0 Oakton - 58.0 Rolling Valley
Rolling Valley,Week4,Sully Station,Week2,311.0 Sully Station - 91.0 Rolling Valley
Rutherford,Week1,Hiddenbrook,Week1,228.0 Hiddenbrook - 173.0 Rutherford
Rutherford,Week1,High Point Pool,Week2,324.0 High Point Pool - 78.0 Rutherford
Rolling Valley,Week4,Oakton ,Week5,344.0 Oakton - 58.0 Rolling Valley
Rolling Hills,Week3,Sleepy Hollow Rec,Week3,207.0 Rolling Hills - 195.0 Sleepy Hollow Rec
Rolling Hills,Week3,Mansion House,Week1,268.0 Mansion House - 129.0 Rolling Hills
Rolling Valley,Week5,Fair Oaks ,Week2,279.0 Fair Oaks - 123.0 Rolling Valley
Rolling Valley,Week5,Oakton ,Week3,333.0 Oakton - 69.0 Rolling Valley
Rolling Valley,Week4,Sully Station,Week5,334.0 Sully Station - 68.0 Rolling Valley
Rutherford,Week4,Crosspointe,Week1,314.0 Crosspointe - 88.0 Rutherford
Rolling Hills,Week1,Mantua,Week3,296.0 Mantua - 106.0 Rolling Hills
Rolling Valley,Week3,Fair Oaks ,Week1,297.0 Fair Oaks - 105.0 Rolling Valley
Rolling Valley,Week1,Old Keene Mill,Week1,233.0 Old Keene Mill - 168.0 Rolling Valley
Rolling Hills,Week2,Mansion House,Week3,265.0 Mansion House - 137.0 Rolling Hills
Rolling Valley,Week4,Sully Station II,Week1,312.0 Sully Station II - 90.0 Rolling Valley
Rolling Hills,Week4,Sleepy Hollow Rec,Week5,226.0 Rolling Hills - 175.0 Sleepy Hollow Rec
Rolling Hills,Week2,Sleepy Hollow Rec,Week4,246.0 Rolling Hills - 155.0 Sleepy Hollow Rec
Rutherford,Week4,Crosspointe,Week3,302.0 Crosspointe - 100.0 Rutherford
Rolling Valley,Week1,Fairfax,Week1,358.0 Fairfax - 44.0 Rolling Valley
Rolling Valley,Week5,Oakton ,Week5,341.0 Oakton - 61.0 Rolling Valley
Rutherford,Week5,Hiddenbrook,Week4,229.0 Hiddenbrook - 173.0 Rutherford
Rolling Hills,Week1,Rolling Hills,Week2,202.5 Rolling Hills (RH1) - 198.5 Rolling Hills (RH2)
Rolling Hills,Week4,Mansion House,Week1,263.0 Mansion House - 138.0 Rolling Hills
Rutherford,Week3,Daventry,Week2,251.0 Rutherford - 147.0 Daventry
Rolling Valley,Week1,Fair Oaks ,Week5,342.0 Fair Oaks - 60.0 Rolling Valley
Rutherford,Week3,Daventry,Week1,252.0 Rutherford - 149.0 Daventry
Rolling Hills,Week4,Rolling Hills,Week5,210.0 Rolling Hills (RH1) - 191.0 Rolling Hills (RH2)
Rolling Hills,Week5,Mansion House,Week5,273.0 Mansion House - 129.0 Rolling Hills
Rolling Valley,Week1,Old Keene Mill,Week5,262.0 Old Keene Mill - 140.0 Rolling Valley
Rolling Hills,Week2,Mansion House,Week2,249.0 Mansion House - 153.0 Rolling Hills
Rolling Valley,Week5,Fair Oaks ,Week5,313.0 Fair Oaks - 89.0 Rolling Valley
Rutherford,Week4,Hiddenbrook,Week2,244.5 Rutherford - 157.5 Hiddenbrook
Rolling Valley,Week5,Sully Station,Week2,302.0 Sully Station - 100.0 Rolling Valley
Rolling Hills,Week3,Sleepy Hollow Rec,Week1,220.0 Rolling Hills - 182.0 Sleepy Hollow Rec
Rutherford,Week3,Hiddenbrook,Week1,204.0 Hiddenbrook - 197.0 Rutherford
Rolling Hills,Week4,Sleepy Hollow Rec,Week2,238.0 Rolling Hills - 163.0 Sleepy Hollow Rec
Rutherford,Week3,Daventry,Week3,251.0 Rutherford - 150.0 Daventry
Rolling Valley,Week5,Sully Station,Week1,312.0 Sully Station - 90.0 Rolling Valley
Rolling Hills,Week4,Rolling Hills,Week1,209.0 Rolling Hills (RH2) - 189.0 Rolling Hills (RH1)
Rolling Hills,Week3,Sleepy Hollow Rec,Week5,207.0 Rolling Hills - 195.0 Sleepy Hollow Rec
Rolling Valley,Week4,Oakton ,Week1,340.0 Oakton - 62.0 Rolling Valley
Rolling Valley,Week2,Fair Oaks ,Week1,296.0 Fair Oaks - 106.0 Rolling Valley
Rolling Valley,Week5,Sully Station,Week3,318.0 Sully Station - 84.0 Rolling Valley
Rolling Hills,Week1,Sleepy Hollow Rec,Week4,236.0 Rolling Hills - 166.0 Sleepy Hollow Rec
Rolling Hills,Week3,Mantua,Week5,307.0 Mantua - 95.0 Rolling Hills
Rolling Valley,Week3,Sully Station,Week4,334.0 Sully Station - 68.0 Rolling Valley
Rutherford,Week3,High Point Pool,Week4,300.0 High Point Pool - 102.0 Rutherford
Rutherford,Week3,High Point Pool,Week2,304.0 High Point Pool - 98.0 Rutherford
Rolling Hills,Week1,Mantua,Week4,286.0 Mantua - 116.0 Rolling Hills
Rolling Hills,Week1,Somerset-Olde Creek,Week1,289.5 Rolling Hills - 109.5 Somerset-Olde Creek
Rolling Valley,Week1,Sully Station II,Week2,361.0 Sully Station II - 40.0 Rolling Valley
Rolling Valley,Week4,Sully Station,Week3,319.5 Sully Station - 82.5 Rolling Valley
Rolling Hills,Week2,Rolling Hills,Week1,202.5 Rolling Hills (RH2) - 198.5 Rolling Hills (RH1)
Rolling Hills,Week3,Rolling Hills,Week2,210.0 Rolling Hills (RH2) - 191.0 Rolling Hills (RH1)
Rolling Hills,Week2,Mansion House,Week5,262.0 Mansion House - 140.0 Rolling Hills
Rolling Valley,Week2,Fair Oaks ,Week5,314.0 Fair Oaks - 88.0 Rolling Valley
Rolling Valley,Week3,Oakton ,Week2,349.0 Oakton - 53.0 Rolling Valley
Rutherford,Week5,Crosspointe,Week5,335.0 Crosspointe - 67.0 Rutherford
Rolling Valley,Week2,Old Keene Mill,Week1,216.0 Old Keene Mill - 186.0 Rolling Valley
Rolling Hills,Week5,Sleepy Hollow Rec,Week5,211.0 Rolling Hills - 191.0 Sleepy Hollow Rec
Rutherford,Week5,Crosspointe,Week3,309.0 Crosspointe - 88.0 Rutherford
Rolling Valley,Week5,Fair Oaks ,Week1,304.0 Fair Oaks - 98.0 Rolling Valley
Rolling Valley,Week3,Sully Station,Week5,343.0 Sully Station - 59.0 Rolling Valley
Rolling Valley,Week1,Fair Oaks ,Week1,322.0 Fair Oaks - 80.0 Rolling Valley
Rutherford,Week4,Daventry,Week3,241.0 Rutherford - 160.0 Daventry
Rolling Hills,Week4,Sleepy Hollow Rec,Week4,242.0 Rolling Hills - 159.0 Sleepy Hollow Rec
Rutherford,Week4,High Point Pool,Week1,288.0 High Point Pool - 114.0 Rutherford
Rolling Valley,Week5,Oakton ,Week1,343.0 Oakton - 59.0 Rolling Valley
Rutherford,Week4,Crosspointe,Week4,314.0 Crosspointe - 88.0 Rutherford
Rolling Hills,Week3,Rolling Hills,Week3,197.0 Rolling Hills (RH1) - 197.0 Rolling Hills (RH2)
Rutherford,Week3,Hiddenbrook,Week5,227.0 Hiddenbrook - 175.0 Rutherford
Rutherford,Week4,Hiddenbrook,Week3,209.0 Hiddenbrook - 193.0 Rutherford
Rolling Valley,Week1,Old Keene Mill,Week4,246.0 Old Keene Mill - 155.0 Rolling Valley
Rolling Hills,Week4,Mantua,Week3,306.0 Mantua - 95.0 Rolling Hills
Rolling Hills,Week4,Rolling Hills,Week4,193.0 Rolling Hills (RH1) - 193.0 Rolling Hills (RH2)
Rolling Valley,Week5,Sully Station,Week4,323.0 Sully Station - 79.0 Rolling Valley
Rolling Valley,Week1,Fairfax,Week2,366.0 Fairfax - 36.0 Rolling Valley
Rutherford,Week2,Daventry,Week5,216.0 Rutherford - 185.0 Daventry
Rolling Hills,Week5,Mansion House,Week4,250.0 Mansion House - 152.0 Rolling Hills
Rolling Valley,Week1,Old Keene Mill,Week2,252.0 Old Keene Mill - 150.0 Rolling Valley
Rolling Valley,Week2,Sully Station,Week3,315.0 Sully Station - 87.0 Rolling Valley
Rolling Hills,Week5,Rolling Forest,Week5,240.5 Rolling Forest - 161.5 Rolling Hills
Rutherford,Week3,Hiddenbrook,Week4,234.0 Hiddenbrook - 168.0 Rutherford
Rolling Valley,Week2,Old Keene Mill,Week3,243.0 Old Keene Mill - 159.0 Rolling Valley
Rolling Hills,Week2,Mansion House,Week4,236.0 Mansion House - 166.0 Rolling Hills
Rutherford,Week2,Daventry,Week3,229.0 Rutherford - 172.0 Daventry
Rutherford,Week4,Hiddenbrook,Week4,212.0 Hiddenbrook - 190.0 Rutherford
Rolling Hills,Week5,Rolling Hills,Week1,212.0 Rolling Hills (RH2) - 190.0 Rolling Hills (RH1)
Rolling Valley,Week3,Fair Oaks ,Week4,301.0 Fair Oaks - 101.0 Rolling Valley
Rolling Valley,Week5,Oakton ,Week4,333.0 Oakton - 69.0 Rolling Valley
Rutherford,Week2,Daventry,Week1,238.0 Rutherford - 163.0 Daventry
Rolling Hills,Week2,Somerset-Olde Creek,Week4,286.0 Rolling Hills - 109.0 Somerset-Olde Creek
Rolling Valley,Week4,Fair Oaks ,Week3,307.0 Fair Oaks - 95.0 Rolling Valley
Rolling Valley,Week4,Fair Oaks ,Week4,300.0 Fair Oaks - 102.0 Rolling Valley
Rolling Valley,Week1,Sully Station II,Week4,354.0 Sully Station II - 48.0 Rolling Valley
Rutherford,Week1,Daventry,Week1,229.0 Rutherford - 173.0 Daventry
Rolling Valley,Week4,Fair Oaks ,Week5,317.0 Fair Oaks - 85.0 Rolling Valley
Rutherford,Week3,Hiddenbrook,Week2,230.0 Rutherford - 172.0 Hiddenbrook
Rolling Hills,Week2,Rolling Hills,Week3,210.0 Rolling Hills (RH1) - 191.0 Rolling Hills (RH2)
Rolling Hills,Week1,Somerset-Olde Creek,Week4,283.0 Rolling Hills - 117.0 Somerset-Olde Creek
Rolling Valley,Week4,Oakton ,Week2,346.0 Oakton - 56.0 Rolling Valley
Rolling Hills,Week2,Rolling Hills,Week2,197.0 Rolling Hills (RH1) - 197.0 Rolling Hills (RH2)
Rolling Valley,Week4,Sully Station,Week1,318.0 Sully Station - 84.0 Rolling Valley
Rolling Hills,Week3,Mansion House,Week4,248.0 Mansion House - 149.0 Rolling Hills
Rolling Valley,Week2,Old Keene Mill,Week2,229.0 Old Keene Mill - 173.0 Rolling Valley
Rolling Hills,Week2,Mantua,Week4,283.0 Mantua - 119.0 Rolling Hills
Rolling Valley,Week3,Fair Oaks ,Week3,310.0 Fair Oaks - 92.0 Rolling Valley
Rolling Hills,Week2,Somerset-Olde Creek,Week2,290.0 Rolling Hills - 111.0 Somerset-Olde Creek
Rolling Hills,Week1,Somerset-Olde Creek,Week3,292.0 Rolling Hills - 107.0 Somerset-Olde Creek
Rolling Hills,Week3,Somerset-Olde Creek,Week1,280.0 Rolling Hills - 114.0 Somerset-Olde Creek
Rutherford,Week3,Daventry,Week5,228.0 Rutherford - 173.0 Daventry
Rolling Hills,Week1,Rolling Hills,Week3,204.0 Rolling Hills (RH2) - 198.0 Rolling Hills (RH1)
Rutherford,Week4,Crosspointe,Week2,305.0 Crosspointe - 97.0 Rutherford
Rolling Hills,Week3,South Run,Week4,215.0 Rolling Hills - 187.0 South Run
Rolling Valley,Week2,Sully Station,Week4,320.0 Sully Station - 82.0 Rolling Valley
Rutherford,Week2,Hiddenbrook,Week3,236.0 Hiddenbrook - 166.0 Rutherford
Rolling Valley,Week4,Sully Station,Week4,323.0 Sully Station - 79.0 Rolling Valley
Rolling Hills,Week1,Mansion House,Week5,276.0 Mansion House - 126.0 Rolling Hills
Rolling Hills,Week4,Somerset-Olde Creek,Week4,273.0 Rolling Hills - 123.0 Somerset-Olde Creek
Rolling Valley,Week3,Lakevale Estates,Week2,332.0 Lakevale Estates - 70.0 Rolling Valley
Rutherford,Week2,Daventry,Week2,244.0 Rutherford - 154.0 Daventry
Rolling Valley,Week3,Fair Oaks ,Week2,283.0 Fair Oaks - 119.0 Rolling Valley
Rolling Valley,Week2,Lakevale Estates,Week5,346.0 Lakevale Estates - 56.0 Rolling Valley
Rolling Hills,Week3,Mansion House,Week5,282.0 Mansion House - 120.0 Rolling Hills
Rolling Hills,Week5,Rolling Hills,Week2,214.0 Rolling Hills (RH2) - 188.0 Rolling Hills (RH1)
Rolling Hills,Week2,Rolling Valley,Week2,271.0 Rolling Hills - 131.0 Rolling Valley
Rolling Valley,Week1,Old Keene Mill,Week3,267.0 Old Keene Mill - 135.0 Rolling Valley
Rolling Valley,Week1,Fairfax,Week4,366.0 Fairfax - 36.0 Rolling Valley
Rolling Valley,Week2,Sully Station II,Week1,319.0 Sully Station II - 83.0 Rolling Valley
Rolling Valley,Week1,Sully Station II,Week1,337.0 Sully Station II - 63.0 Rolling Valley
Rolling Hills,Week5,Mansion House,Week2,261.0 Mansion House - 141.0 Rolling Hills
Rolling Hills,Week3,Rolling Valley,Week2,252.0 Rolling Hills - 150.0 Rolling Valley
Rolling Hills,Week3,Mansion House,Week3,272.0 Mansion House - 130.0 Rolling Hills
Rutherford,Week4,Hiddenbrook,Week5,214.0 Hiddenbrook - 188.0 Rutherford
Rolling Hills,Week4,Somerset-Olde Creek,Week5,245.0 Rolling Hills - 150.0 Somerset-Olde Creek
Rolling Hills,Week5,Mansion House,Week1,275.0 Mansion House - 127.0 Rolling Hills
Rutherford,Week4,Hiddenbrook,Week1,215.5 Rutherford - 186.5 Hiddenbrook
Rutherford,Week5,Crosspointe,Week4,308.0 Crosspointe - 94.0 Rutherford
Rolling Valley,Week3,Sully Station,Week3,325.0 Sully Station - 77.0 Rolling Valley
Rolling Valley,Week1,Fairfax,Week3,364.0 Fairfax - 38.0 Rolling Valley
Rutherford,Week1,Daventry,Week3,222.0 Rutherford - 178.0 Daventry
Rolling Hills,Week5,Somerset-Olde Creek,Week4,288.0 Rolling Hills - 114.0 Somerset-Olde Creek
Rutherford,Week5,Hiddenbrook,Week3,208.0 Hiddenbrook - 194.0 Rutherford
Rolling Hills,Week4,Langley,Week4,298.0 Langley - 104.0 Rolling Hills
Rolling Hills,Week2,Mantua,Week3,307.0 Mantua - 95.0 Rolling Hills
Rolling Hills,Week3,Somerset-Olde Creek,Week3,288.0 Rolling Hills - 106.0 Somerset-Olde Creek
Rutherford,Week1,High Point Pool,Week5,315.0 High Point Pool - 87.0 Rutherford
Rolling Hills,Week2,Rolling Valley,Week4,261.0 Rolling Hills - 141.0 Rolling Valley
Rutherford,Week3,Daventry,Week4,261.0 Rutherford - 140.0 Daventry
Rolling Valley,Week4,Fair Oaks ,Week1,296.0 Fair Oaks - 106.0 Rolling Valley
Rolling Valley,Week2,Fairfax,Week2,345.0 Fairfax - 57.0 Rolling Valley
Rutherford,Week1,Daventry,Week2,225.0 Rutherford - 172.0 Daventry
Rolling Valley,Week5,Lakevale Estates,Week3,335.0 Lakevale Estates - 67.0 Rolling Valley
Rolling Valley,Week1,Fairfax Club Estates,Week5,293.5 Fairfax Club Estates - 106.5 Rolling Valley
Rutherford,Week1,Daventry,Week4,231.0 Rutherford - 170.0 Daventry
Rolling Hills,Week1,Rolling Valley,Week5,250.0 Rolling Hills - 152.0 Rolling Valley
Rolling Hills,Week2,South Run,Week1,205.0 South Run - 188.0 Rolling Hills
Rolling Valley,Week2,Sully Station II,Week3,344.0 Sully Station II - 58.0 Rolling Valley
Rolling Valley,Week4,Lakevale Estates,Week5,341.0 Lakevale Estates - 61.0 Rolling Valley
Rolling Hills,Week2,Mantua,Week2,270.0 Mantua - 127.0 Rolling Hills
Rolling Hills,Week4,Mansion House,Week2,253.0 Mansion House - 145.0 Rolling Hills
Rolling Hills,Week5,Somerset-Olde Creek,Week5,266.0 Rolling Hills - 136.0 Somerset-Olde Creek
Rolling Valley,Week1,Lakevale Estates,Week3,363.0 Lakevale Estates - 39.0 Rolling Valley
Rutherford,Week5,Hiddenbrook,Week1,200.5 Hiddenbrook - 200.5 Rutherford
Rolling Valley,Week1,Sully Station II,Week5,373.5 Sully Station II - 28.5 Rolling Valley
Rutherford,Week2,Hiddenbrook,Week2,207.0 Rutherford - 195.0 Hiddenbrook
Rolling Valley,Week3,Lakevale Estates,Week1,326.0 Lakevale Estates - 76.0 Rolling Valley
Rolling Hills,Week4,Rolling Valley,Week1,301.0 Rolling Hills - 100.0 Rolling Valley
Rutherford,Week2,Hiddenbrook,Week4,242.0 Hiddenbrook - 160.0 Rutherford
Rolling Valley,Week1,Sully Station II,Week3,368.0 Sully Station II - 34.0 Rolling Valley
Rolling Hills,Week1,Mantua,Week1,274.0 Mantua - 128.0 Rolling Hills
Rolling Valley,Week2,Lakeview,Week1,221.0 Rolling Valley - 181.0 Lakeview
Rolling Valley,Week2,Lakeview,Week3,219.0 Lakeview - 183.0 Rolling Valley
Rolling Valley,Week1,Fairfax,Week5,371.0 Fairfax - 31.0 Rolling Valley
Rolling Hills,Week3,Somerset-Olde Creek,Week5,258.0 Rolling Hills - 141.0 Somerset-Olde Creek
Rutherford,Week3,Dominion Hills,Week4,284.0 Dominion Hills - 118.0 Rutherford
Rutherford,Week3,Hiddenbrook,Week3,220.0 Hiddenbrook - 182.0 Rutherford
Rutherford,Week1,Dominion Hills,Week1,294.0 Dominion Hills - 108.0 Rutherford
Rolling Valley,Week3,Sully Station II,Week1,317.0 Sully Station II - 85.0 Rolling Valley
Rolling Hills,Week1,Rutherford,Week4,216.0 Rolling Hills - 186.0 Rutherford
Rolling Valley,Week4,Fairfax,Week2,339.0 Fairfax - 63.0 Rolling Valley
Rolling Hills,Week4,Rolling Valley,Week3,255.0 Rolling Hills - 141.0 Rolling Valley
Rolling Hills,Week3,Somerset-Olde Creek,Week4,277.0 Rolling Hills - 123.0 Somerset-Olde Creek
Rutherford,Week5,Hiddenbrook,Week5,210.0 Hiddenbrook - 192.0 Rutherford
Rutherford,Week5,Dominion Hills,Week2,269.0 Dominion Hills - 133.0 Rutherford
Rolling Valley,Week3,Sully Station II,Week2,341.0 Sully Station II - 61.0 Rolling Valley
Rolling Hills,Week5,Mansion House,Week3,283.0 Mansion House - 119.0 Rolling Hills
Rolling Valley,Week1,Lakeview,Week2,226.0 Lakeview - 176.0 Rolling Valley
Rolling Hills,Week5,Rolling Valley,Week1,290.0 Rolling Hills - 112.0 Rolling Valley
Rolling Valley,Week2,Lakevale Estates,Week4,356.0 Lakevale Estates - 46.0 Rolling Valley
Rolling Hills,Week4,Langley,Week5,273.0 Langley - 129.0 Rolling Hills
Rutherford,Week5,Hiddenbrook,Week2,230.5 Rutherford - 171.5 Hiddenbrook
Rolling Valley,Week2,Fairfax Club Estates,Week5,248.0 Fairfax Club Estates - 154.0 Rolling Valley
Rolling Valley,Week5,Lakevale Estates,Week4,353.0 Lakevale Estates - 49.0 Rolling Valley
Rolling Valley,Week1,Fairfax Club Estates,Week3,283.0 Fairfax Club Estates - 118.0 Rolling Valley
Rolling Hills,Week1,Mansion House,Week4,243.0 Mansion House - 159.0 Rolling Hills
Rolling Hills,Week3,Rolling Valley,Week5,253.0 Rolling Hills - 149.0 Rolling Valley
Rutherford,Week1,High Point Pool,Week1,325.0 High Point Pool - 72.0 Rutherford
Rolling Hills,Week4,Somerset-Olde Creek,Week1,283.0 Rolling Hills - 112.0 Somerset-Olde Creek
Rolling Valley,Week3,Sully Station II,Week4,313.0 Sully Station II - 89.0 Rolling Valley
Rolling Hills,Week1,Mantua,Week2,277.0 Mantua - 125.0 Rolling Hills
Rolling Valley,Week4,Lakevale Estates,Week1,333.0 Lakevale Estates - 69.0 Rolling Valley
Rolling Valley,Week4,Fairfax,Week4,338.0 Fairfax - 64.0 Rolling Valley
Rutherford,Week1,High Point Pool,Week4,318.0 High Point Pool - 84.0 Rutherford
Rolling Valley,Week3,Sully Station II,Week5,350.0 Sully Station II - 52.0 Rolling Valley
Rutherford,Week5,Daventry,Week1,252.0 Rutherford - 150.0 Daventry
Rolling Valley,Week2,Sully Station II,Week4,318.0 Sully Station II - 84.0 Rolling Valley
Rutherford,Week4,Dominion Hills,Week5,294.0 Dominion Hills - 108.0 Rutherford
Rolling Hills,Week5,Rolling Valley,Week3,254.0 Rolling Hills - 148.0 Rolling Valley
Rolling Hills,Week3,South Run,Week3,206.0 Rolling Hills - 196.0 South Run
Rolling Hills,Week3,Mansion House,Week2,252.0 Mansion House - 145.0 Rolling Hills
Rolling Hills,Week1,Rutherford,Week1,238.0 Rolling Hills - 163.0 Rutherford
Rolling Hills,Week4,Somerset-Olde Creek,Week2,286.0 Rolling Hills - 105.0 Somerset-Olde Creek
Rolling Valley,Week5,Fairfax,Week4,335.0 Fairfax - 67.0 Rolling Valley
Rolling Hills,Week4,Mansion House,Week4,240.0 Mansion House - 161.0 Rolling Hills
Rolling Hills,Week4,Somerset-Olde Creek,Week3,294.0 Rolling Hills - 97.0 Somerset-Olde Creek
Rolling Valley,Week2,Sully Station II,Week5,347.0 Sully Station II - 55.0 Rolling Valley
Rutherford,Week4,Daventry,Week2,248.0 Rutherford - 152.0 Daventry
Rolling Hills,Week5,Somerset-Olde Creek,Week2,294.0 Rolling Hills - 108.0 Somerset-Olde Creek
Rolling Valley,Week2,Fairfax,Week1,332.0 Fairfax - 70.0 Rolling Valley
Rolling Valley,Week5,Fairfax,Week3,339.0 Fairfax - 63.0 Rolling Valley
Rolling Valley,Week4,Truro,Week3,221.0 Truro - 181.0 Rolling Valley
Rolling Hills,Week1,South Run,Week1,214.0 South Run - 178.0 Rolling Hills
Rolling Hills,Week2,Mantua,Week1,279.0 Mantua - 123.0 Rolling Hills
Rolling Valley,Week1,Truro,Week5,274.0 Truro - 128.0 Rolling Valley
Rolling Valley,Week2,Lakeview,Week5,217.0 Lakeview - 176.0 Rolling Valley
Rutherford,Week4,Dominion Hills,Week2,261.0 Dominion Hills - 141.0 Rutherford
Rutherford,Week2,High Point Pool,Week2,319.0 High Point Pool - 83.0 Rutherford
Rolling Hills,Week2,Rutherford,Week4,220.0 Rolling Hills - 182.0 Rutherford
Rolling Hills,Week2,Rutherford,Week2,245.0 Rolling Hills - 157.0 Rutherford
Rutherford,Week5,Dominion Hills,Week5,288.5 Dominion Hills - 108.5 Rutherford
Rolling Valley,Week3,Fairfax,Week1,338.0 Fairfax - 64.0 Rolling Valley
Rolling Hills,Week1,Mantua,Week5,313.0 Mantua - 89.0 Rolling Hills
Rutherford,Week2,High Point Pool,Week3,309.0 High Point Pool - 93.0 Rutherford
Rolling Hills,Week2,Rolling Valley,Week1,307.0 Rolling Hills - 95.0 Rolling Valley
Rutherford,Week2,High Point Pool,Week5,313.0 High Point Pool - 89.0 Rutherford
Rolling Hills,Week5,Rolling Hills,Week5,201.0 Rolling Hills (RH1) - 201.0 Rolling Hills (RH2)
Rolling Valley,Week5,Lake Braddock,Week3,206.0 Rolling Valley - 196.0 Lake Braddock
Rolling Hills,Week2,Mantua,Week5,314.0 Mantua - 88.0 Rolling Hills
Rutherford,Week2,High Point Pool,Week4,311.0 High Point Pool - 91.0 Rutherford
Rolling Valley,Week1,Lakevale Estates,Week4,375.0 Lakevale Estates - 27.0 Rolling Valley
Rolling Hills,Week1,South Run,Week3,216.0 South Run - 185.0 Rolling Hills
Rolling Valley,Week2,Truro,Week1,236.0 Truro - 166.0 Rolling Valley
Rutherford,Week4,Dominion Hills,Week4,284.0 Dominion Hills - 118.0 Rutherford
Rolling Hills,Week2,South Run,Week3,208.0 South Run - 194.0 Rolling Hills
Rolling Valley,Week2,Fairfax,Week5,352.0 Fairfax - 50.0 Rolling Valley
Rolling Valley,Week4,Lakevale Estates,Week2,335.0 Lakevale Estates - 67.0 Rolling Valley
Rolling Valley,Week4,Fairfax,Week5,357.0 Fairfax - 45.0 Rolling Valley
Rolling Valley,Week5,Lake Braddock,Week4,208.0 Rolling Valley - 194.0 Lake Braddock
Rolling Valley,Week2,Truro,Week5,247.0 Truro - 155.0 Rolling Valley
Rolling Hills,Week2,Rolling Valley,Week3,256.0 Rolling Hills - 145.0 Rolling Valley
Rutherford,Week2,High Point Pool,Week1,304.0 High Point Pool - 98.0 Rutherford
Rolling Hills,Week1,South Run,Week5,223.5 South Run - 178.5 Rolling Hills
Rutherford,Week3,High Point Pool,Week3,298.0 High Point Pool - 104.0 Rutherford
Rutherford,Week3,High Point Pool,Week1,292.0 High Point Pool - 110.0 Rutherford
Rolling Valley,Week2,Lakevale Estates,Week3,338.0 Lakevale Estates - 64.0 Rolling Valley
Rolling Valley,Week4,Fairfax,Week1,331.0 Fairfax - 71.0 Rolling Valley
Rolling Valley,Week5,Sully Station II,Week4,317.0 Sully Station II - 85.0 Rolling Valley
Rolling Hills,Week2,South Run,Week2,215.0 Rolling Hills - 181.0 South Run
Rolling Valley,Week4,Fairfax,Week3,336.0 Fairfax - 66.0 Rolling Valley
Rolling Hills,Week3,Mantua,Week3,307.0 Mantua - 95.0 Rolling Hills
Rolling Hills,Week3,Mantua,Week2,271.0 Mantua - 130.0 Rolling Hills
Rolling Hills,Week1,Rolling Valley,Week1,291.0 Rolling Hills - 111.0 Rolling Valley
Rolling Valley,Week4,Sully Station II,Week3,340.5 Sully Station II - 61.5 Rolling Valley
Rutherford,Week5,Daventry,Week3,236.0 Rutherford - 165.0 Daventry
Rutherford,Week3,Dominion Hills,Week5,288.0 Dominion Hills - 114.0 Rutherford
Rolling Hills,Week1,South Run,Week4,204.0 South Run - 197.0 Rolling Hills
Rolling Hills,Week4,Rolling Valley,Week4,263.0 Rolling Hills - 138.0 Rolling Valley
Rutherford,Week5,Daventry,Week2,269.0 Rutherford - 129.0 Daventry
Rolling Hills,Week3,Mantua,Week1,281.0 Mantua - 115.0 Rolling Hills
Rolling Hills,Week3,Rolling Valley,Week1,289.0 Rolling Hills - 113.0 Rolling Valley
Rutherford,Week1,Highland Park,Week5,296.0 Highland Park - 106.0 Rutherford
Rutherford,Week4,Daventry,Week4,263.0 Rutherford - 139.0 Daventry
Rolling Valley,Week3,Truro,Week1,240.0 Truro - 162.0 Rolling Valley
Rolling Hills,Week3,Mantua,Week4,274.0 Mantua - 128.0 Rolling Hills
Rolling Hills,Week4,Mantua,Week5,313.0 Mantua - 88.0 Rolling Hills
Rolling Valley,Week1,Lakevale Estates,Week5,368.0 Lakevale Estates - 34.0 Rolling Valley
Rolling Valley,Week3,Fairfax,Week5,360.0 Fairfax - 42.0 Rolling Valley
Rolling Hills,Week3,Rutherford,Week4,207.0 Rolling Hills - 194.0 Rutherford
Rolling Valley,Week3,Fairfax,Week2,354.0 Fairfax - 48.0 Rolling Valley
Rolling Valley,Week5,Fairfax,Week5,354.0 Fairfax - 48.0 Rolling Valley
Rolling Valley,Week5,Sully Station II,Week2,335.0 Sully Station II - 67.0 Rolling Valley
Rolling Valley,Week1,Fairfax Club Estates,Week2,270.0 Fairfax Club Estates - 130.0 Rolling Valley
Rolling Hills,Week4,Mantua,Week4,286.0 Mantua - 116.0 Rolling Hills
Rolling Valley,Week2,Fairfax,Week3,342.0 Fairfax - 60.0 Rolling Valley
Rutherford,Week5,High Point Pool,Week4,291.0 High Point Pool - 111.0 Rutherford
Rutherford,Week1,Dominion Hills,Week5,323.5 Dominion Hills - 73.5 Rutherford
Rolling Valley,Week5,Virginia Run,Week4,319.0 Virginia Run - 83.0 Rolling Valley
Rutherford,Week2,Dominion Hills,Week3,276.0 Dominion Hills - 126.0 Rutherford
Rolling Valley,Week5,Lake Braddock,Week2,211.0 Rolling Valley - 191.0 Lake Braddock
Rolling Hills,Week5,Rolling Hills,Week4,210.0 Rolling Hills (RH2) - 191.0 Rolling Hills (RH1)
Rolling Hills,Week5,Rolling Hills,Week3,215.0 Rolling Hills (RH2) - 187.0 Rolling Hills (RH1)
Rolling Hills,Week5,Somerset-Olde Creek,Week3,296.0 Rolling Hills - 106.0 Somerset-Olde Creek
Rutherford,Week1,Dominion Hills,Week3,283.0 Dominion Hills - 119.0 Rutherford
Rolling Hills,Week2,South Run,Week4,206.0 Rolling Hills - 196.0 South Run
Rutherford,Week3,High Point Pool,Week5,298.0 High Point Pool - 104.0 Rutherford
Rutherford,Week5,Daventry,Week4,263.0 Rutherford - 138.0 Daventry
Rolling Hills,Week1,South Run,Week2,205.0 Rolling Hills - 196.0 South Run
Rolling Valley,Week2,Lakevale Estates,Week1,324.0 Lakevale Estates - 78.0 Rolling Valley
Rolling Hills,Week3,Rutherford,Week3,231.0 Rolling Hills - 171.0 Rutherford
Rutherford,Week4,High Point Pool,Week2,307.0 High Point Pool - 95.0 Rutherford
Rolling Hills,Week5,Mantua,Week2,273.0 Mantua - 129.0 Rolling Hills
Rolling Valley,Week4,Sully Station II,Week5,349.0 Sully Station II - 53.0 Rolling Valley
Rolling Valley,Week4,Lakevale Estates,Week3,337.0 Lakevale Estates - 65.0 Rolling Valley
Rolling Hills,Week5,Rolling Valley,Week4,256.0 Rolling Hills - 146.0 Rolling Valley
Rolling Valley,Week1,Truro,Week3,275.0 Truro - 127.0 Rolling Valley
Rolling Hills,Week4,Mantua,Week1,283.0 Mantua - 117.0 Rolling Hills
Rutherford,Week2,Dominion Hills,Week4,298.0 Dominion Hills - 104.0 Rutherford
Rolling Hills,Week2,South Run,Week5,222.0 South Run - 180.0 Rolling Hills
Rutherford,Week2,Highland Park,Week2,291.0 Highland Park - 111.0 Rutherford
Rolling Hills,Week5,Somerset-Olde Creek,Week1,286.0 Rolling Hills - 116.0 Somerset-Olde Creek
Rolling Valley,Week1,Fairfax Club Estates,Week1,287.0 Fairfax Club Estates - 115.0 Rolling Valley
Rutherford,Week2,Highland Park,Week5,291.0 Highland Park - 111.0 Rutherford
Rolling Valley,Week2,Lakevale Estates,Week2,337.0 Lakevale Estates - 65.0 Rolling Valley
Rolling Valley,Week4,Truro,Week2,215.0 Truro - 186.0 Rolling Valley
Rolling Valley,Week3,Lakevale Estates,Week3,337.0 Lakevale Estates - 65.0 Rolling Valley
Rolling Hills,Week5,Mantua,Week1,272.0 Mantua - 130.0 Rolling Hills
Rolling Valley,Week5,Sully Station II,Week3,344.0 Sully Station II - 58.0 Rolling Valley
Rolling Hills,Week5,Mantua,Week3,307.0 Mantua - 95.0 Rolling Hills
Rolling Valley,Week5,Lake Braddock,Week5,202.0 Rolling Valley - 200.0 Lake Braddock
Rolling Valley,Week2,Fairfax,Week4,344.0 Fairfax - 58.0 Rolling Valley
Rolling Valley,Week1,Truro,Week2,272.0 Truro - 130.0 Rolling Valley
Rolling Valley,Week5,Fairfax,Week2,341.0 Fairfax - 61.0 Rolling Valley
Rolling Hills,Week3,South Run,Week1,197.0 South Run - 196.0 Rolling Hills
Rolling Hills,Week1,Rolling Valley,Week4,252.0 Rolling Hills - 150.0 Rolling Valley
Rolling Valley,Week1,Truro,Week1,278.0 Truro - 124.0 Rolling Valley
Rutherford,Week2,Highland Park,Week3,271.0 Highland Park - 131.0 Rutherford
Rolling Hills,Week5,Mantua,Week4,285.0 Mantua - 117.0 Rolling Hills
Rolling Valley,Week1,Lakevale Estates,Week2,370.0 Lakevale Estates - 32.0 Rolling Valley
Rolling Hills,Week3,South Run,Week2,218.0 Rolling Hills - 183.0 South Run
Rutherford,Week5,High Point Pool,Week3,287.0 High Point Pool - 115.0 Rutherford
Rutherford,Week4,Daventry,Week5,230.0 Rutherford - 172.0 Daventry
Rutherford,Week2,Dominion Hills,Week2,294.0 Dominion Hills - 108.0 Rutherford
Rolling Hills,Week4,Mantua,Week2,274.0 Mantua - 126.0 Rolling Hills
Rolling Hills,Week1,Rolling Valley,Week2,255.0 Rolling Hills - 147.0 Rolling Valley
Rolling Valley,Week5,Sully Station II,Week5,344.0 Sully Station II - 58.0 Rolling Valley
Rolling Valley,Week5,Wakefield Chapel,Week4,348.0 Wakefield Chapel - 54.0 Rolling Valley
Rutherford,Week5,High Point Pool,Week5,299.0 High Point Pool - 103.0 Rutherford
Rolling Hills,Week1,Rolling Valley,Week3,254.0 Rolling Hills - 148.0 Rolling Valley
Rolling Valley,Week3,Fairfax,Week3,354.0 Fairfax - 48.0 Rolling Valley
Rutherford,Week5,Daventry,Week5,227.0 Rutherford - 174.0 Daventry
Rolling Valley,Week5,Wakefield Chapel,Week2,358.0 Wakefield Chapel - 44.0 Rolling Valley
Rolling Hills,Week3,South Run,Week5,223.0 South Run - 179.0 Rolling Hills
Rolling Valley,Week1,Lakevale Estates,Week1,365.0 Lakevale Estates - 37.0 Rolling Valley
Rolling Valley,Week4,Wakefield Chapel,Week4,350.0 Wakefield Chapel - 52.0 Rolling Valley
Rolling Hills,Week4,South Run,Week1,215.0 South Run - 169.0 Rolling Hills
Rolling Hills,Week1,McLean,Week1,301.0 McLean - 101.0 Rolling Hills
Rolling Valley,Week1,Wakefield Chapel,Week5,388.0 Wakefield Chapel - 14.0 Rolling Valley
Rolling Hills,Week1,McLean,Week3,312.0 McLean - 90.0 Rolling Hills
Rolling Valley,Week3,Lakevale Estates,Week4,352.0 Lakevale Estates - 50.0 Rolling Valley
Rolling Hills,Week3,Rolling Valley,Week4,243.0 Rolling Hills - 159.0 Rolling Valley
Rolling Hills,Week1,McLean,Week2,311.0 McLean - 91.0 Rolling Hills
Rolling Valley,Week1,Truro,Week4,277.0 Truro - 125.0 Rolling Valley
Rolling Hills,Week2,Rolling Valley,Week5,261.0 Rolling Hills - 141.0 Rolling Valley
Rutherford,Week3,Dominion Hills,Week1,269.0 Dominion Hills - 133.0 Rutherford
Rolling Valley,Week3,Lakevale Estates,Week5,349.0 Lakevale Estates - 53.0 Rolling Valley
Rutherford,Week2,Dominion Hills,Week5,313.0 Dominion Hills - 89.0 Rutherford
Rolling Valley,Week4,Lakevale Estates,Week4,360.0 Lakevale Estates - 42.0 Rolling Valley
Rutherford,Week3,Highland Park,Week4,289.0 Highland Park - 113.0 Rutherford
Rutherford,Week3,Highland Park,Week1,282.0 Highland Park - 120.0 Rutherford
Rolling Valley,Week1,Fairfax Club Estates,Week4,298.0 Fairfax Club Estates - 104.0 Rolling Valley
Rolling Valley,Week3,Fairfax,Week4,351.0 Fairfax - 51.0 Rolling Valley
Rolling Hills,Week1,Springboard,Week4,226.0 Rolling Hills - 175.0 Springboard
Rolling Hills,Week3,Rolling Valley,Week3,257.0 Rolling Hills - 143.0 Rolling Valley
Rolling Valley,Week5,Virginia Run,Week5,328.0 Virginia Run - 74.0 Rolling Valley
Rutherford,Week2,Highland Park,Week4,308.0 Highland Park - 94.0 Rutherford
Rolling Valley,Week4,Sully Station II,Week4,318.0 Sully Station II - 84.0 Rolling Valley
Rolling Valley,Week2,Truro,Week3,246.0 Truro - 156.0 Rolling Valley
Rolling Hills,Week1,Springboard,Week5,215.0 Rolling Hills - 182.0 Springboard
Rutherford,Week1,Dominion Hills,Week2,308.0 Dominion Hills - 94.0 Rutherford
Rolling Valley,Week2,Fairfax Club Estates,Week2,225.0 Fairfax Club Estates - 177.0 Rolling Valley
Rutherford,Week4,Highland Park,Week3,264.0 Highland Park - 138.0 Rutherford
Rutherford,Week1,Dominion Hills,Week4,305.0 Dominion Hills - 96.0 Rutherford
Rolling Hills,Week1,McLean,Week4,297.0 McLean - 104.0 Rolling Hills
Rolling Valley,Week5,Fairfax,Week1,321.0 Fairfax - 81.0 Rolling Valley
Rolling Valley,Week5,Sully Station II,Week1,313.0 Sully Station II - 89.0 Rolling Valley
Rutherford,Week3,Dominion Hills,Week3,266.0 Dominion Hills - 136.0 Rutherford
Rutherford,Week3,Dominion Hills,Week2,278.0 Dominion Hills - 124.0 Rutherford
Rolling Hills,Week5,Mantua,Week5,304.0 Mantua - 98.0 Rolling Hills
Rolling Valley,Week2,Fairfax Club Estates,Week4,263.0 Fairfax Club Estates - 139.0 Rolling Valley
Rolling Hills,Week1,Springboard,Week3,231.0 Rolling Hills - 167.0 Springboard
Rolling Valley,Week2,Walden Glen,Week2,248.0 Walden Glen - 153.0 Rolling Valley
Rutherford,Week4,Highland Park,Week1,291.0 Highland Park - 111.0 Rutherford
Rolling Hills,Week5,Rolling Valley,Week5,251.0 Rolling Hills - 151.0 Rolling Valley
Rolling Hills,Week1,McLean,Week5,312.0 McLean - 90.0 Rolling Hills
Rutherford,Week4,High Point Pool,Week3,299.0 High Point Pool - 103.0 Rutherford
Rolling Valley,Week2,Fairfax Club Estates,Week3,247.0 Fairfax Club Estates - 155.0 Rolling Valley
Rolling Valley,Week3,Wakefield Chapel,Week4,353.0 Wakefield Chapel - 49.0 Rolling Valley
Rolling Hills,Week5,Rolling Valley,Week2,259.0 Rolling Hills - 143.0 Rolling Valley
Rolling Valley,Week1,Wakefield Chapel,Week2,384.0 Wakefield Chapel - 18.0 Rolling Valley
Rolling Hills,Week2,McLean,Week1,300.0 McLean - 102.0 Rolling Hills
Rolling Hills,Week4,Springboard,Week4,220.0 Rolling Hills - 178.0 Springboard
Rolling Valley,Week1,Lakeview,Week1,215.0 Lakeview - 187.0 Rolling Valley
Rolling Valley,Week5,Lakevale Estates,Week1,327.0 Lakevale Estates - 75.0 Rolling Valley
Rolling Hills,Week2,Springboard,Week3,258.0 Rolling Hills - 143.0 Springboard
Rolling Valley,Week1,Wakefield Chapel,Week4,378.0 Wakefield Chapel - 24.0 Rolling Valley
Rolling Valley,Week3,Truro,Week2,221.0 Truro - 181.0 Rolling Valley
Rolling Valley,Week3,Wakefield Chapel,Week5,364.0 Wakefield Chapel - 38.0 Rolling Valley
Rolling Hills,Week5,South Run,Week4,202.0 South Run - 200.0 Rolling Hills
Rolling Hills,Week4,Rolling Valley,Week5,254.0 Rolling Hills - 148.0 Rolling Valley
Rolling Valley,Week2,Truro,Week2,232.0 Truro - 170.0 Rolling Valley
Rolling Valley,Week2,Truro,Week4,245.0 Truro - 157.0 Rolling Valley
Rolling Valley,Week5,Lakevale Estates,Week5,337.0 Lakevale Estates - 65.0 Rolling Valley
Rolling Valley,Week5,Lakevale Estates,Week2,334.0 Lakevale Estates - 68.0 Rolling Valley
Rolling Valley,Week3,Wakefield Chapel,Week2,365.0 Wakefield Chapel - 37.0 Rolling Valley
Rolling Hills,Week1,Rutherford,Week2,236.0 Rolling Hills - 165.0 Rutherford
Rolling Valley,Week4,Sully Station II,Week2,336.0 Sully Station II - 66.0 Rolling Valley
Rutherford,Week4,High Point Pool,Week5,308.0 High Point Pool - 94.0 Rutherford
Rolling Valley,Week2,Fairfax Club Estates,Week1,245.0 Fairfax Club Estates - 157.0 Rolling Valley
Rolling Hills,Week4,South Run,Week4,202.0 South Run - 196.0 Rolling Hills
Rolling Valley,Week1,Lakeview,Week3,239.0 Lakeview - 162.0 Rolling Valley
Rolling Hills,Week4,Rolling Valley,Week2,268.0 Rolling Hills - 134.0 Rolling Valley
Rolling Valley,Week3,Fairfax Club Estates,Week1,243.0 Fairfax Club Estates - 159.0 Rolling Valley
Rutherford,Week1,Highland Park,Week2,295.0 Highland Park - 107.0 Rutherford
Rutherford,Week2,Dominion Hills,Week1,276.0 Dominion Hills - 126.0 Rutherford
Rolling Valley,Week3,Truro,Week4,243.0 Truro - 159.0 Rolling Valley
Rutherford,Week4,Dominion Hills,Week1,261.0 Dominion Hills - 141.0 Rutherford
Rolling Hills,Week5,South Run,Week1,203.0 South Run - 190.0 Rolling Hills
Rolling Valley,Week1,Lakeview,Week5,230.0 Lakeview - 163.0 Rolling Valley
Rolling Hills,Week5,South Run,Week3,209.0 South Run - 193.0 Rolling Hills
Rolling Valley,Week3,Rutherford,Week1,205.0 Rutherford - 197.0 Rolling Valley
Rutherford,Week4,Dominion Hills,Week3,256.0 Dominion Hills - 146.0 Rutherford
Rolling Valley,Week3,Fairfax Club Estates,Week2,235.0 Fairfax Club Estates - 167.0 Rolling Valley
Rolling Valley,Week1,Lakeview,Week4,255.0 Lakeview - 146.0 Rolling Valley
Rolling Valley,Week3,Truro,Week3,231.0 Truro - 170.0 Rolling Valley
Rolling Valley,Week3,Truro,Week5,233.0 Truro - 169.0 Rolling Valley
Rolling Valley,Week4,Wakefield Chapel,Week2,362.0 Wakefield Chapel - 40.0 Rolling Valley
Rolling Valley,Week4,Wakefield Chapel,Week3,359.5 Wakefield Chapel - 42.5 Rolling Valley
Rolling Valley,Week2,Rutherford,Week1,209.0 Rutherford - 193.0 Rolling Valley
Rolling Hills,Week2,Rutherford,Week1,244.0 Rolling Hills - 158.0 Rutherford
Rolling Hills,Week5,South Run,Week5,227.0 South Run - 175.0 Rolling Hills
Rolling Hills,Week1,Rutherford,Week3,231.0 Rolling Hills - 170.0 Rutherford
Rolling Valley,Week3,Fairfax Club Estates,Week5,257.0 Fairfax Club Estates - 145.0 Rolling Valley
Rolling Hills,Week1,Springboard,Week2,249.0 Rolling Hills - 148.0 Springboard
Rolling Valley,Week2,Wakefield Chapel,Week3,364.0 Wakefield Chapel - 38.0 Rolling Valley
Rolling Valley,Week4,Rutherford,Week2,204.0 Rolling Valley - 198.0 Rutherford
Rutherford,Week5,Dominion Hills,Week3,245.0 Dominion Hills - 157.0 Rutherford
Rutherford,Week5,Dominion Hills,Week1,256.5 Dominion Hills - 145.5 Rutherford
Rolling Valley,Week2,Lakeview,Week2,205.0 Rolling Valley - 197.0 Lakeview
Rolling Valley,Week4,Fairfax Club Estates,Week2,225.0 Fairfax Club Estates - 177.0 Rolling Valley
Rutherford,Week5,High Point Pool,Week2,302.0 High Point Pool - 100.0 Rutherford
Rolling Hills,Week1,Rutherford,Week5,213.0 Rolling Hills - 188.0 Rutherford
Rutherford,Week1,Highland Park,Week1,302.0 Highland Park - 100.0 Rutherford
Rutherford,Week4,High Point Pool,Week4,307.0 High Point Pool - 95.0 Rutherford
Rolling Valley,Week5,Rutherford,Week1,207.0 Rolling Valley - 195.0 Rutherford
Rolling Valley,Week3,Rutherford,Week3,238.0 Rutherford - 159.0 Rolling Valley
Rolling Hills,Week2,Springboard,Week5,232.0 Rolling Hills - 169.0 Springboard
Rutherford,Week5,Dominion Hills,Week4,279.0 Dominion Hills - 123.0 Rutherford
Rolling Valley,Week4,Fairfax Club Estates,Week5,242.0 Fairfax Club Estates - 159.0 Rolling Valley
Rolling Valley,Week1,Rutherford,Week2,238.0 Rutherford - 164.0 Rolling Valley
Rolling Valley,Week2,Lakeview,Week4,240.0 Lakeview - 162.0 Rolling Valley
Rutherford,Week3,Highland Park,Week2,272.0 Highland Park - 130.0 Rutherford
Rolling Valley,Week2,Langley,Week5,319.0 Langley - 83.0 Rolling Valley
Rolling Hills,Week2,Rutherford,Week3,238.0 Rolling Hills - 164.0 Rutherford
Rolling Hills,Week2,Rutherford,Week5,210.0 Rolling Hills - 192.0 Rutherford
Rolling Valley,Week4,Truro,Week5,238.0 Truro - 164.0 Rolling Valley
Rolling Valley,Week5,Fairfax Club Estates,Week2,227.0 Fairfax Club Estates - 175.0 Rolling Valley
Rutherford,Week1,Dowden Terrace,Week1,289.0 Dowden Terrace - 109.0 Rutherford
Rutherford,Week1,Highland Park,Week3,281.0 Highland Park - 121.0 Rutherford
Rutherford,Week3,Highland Park,Week3,260.0 Highland Park - 142.0 Rutherford
Rolling Valley,Week4,Truro,Week1,232.0 Truro - 170.0 Rolling Valley
Rolling Valley,Week1,Wakefield Chapel,Week3,379.0 Wakefield Chapel - 23.0 Rolling Valley
Rolling Valley,Week1,Wakefield Chapel,Week1,382.0 Wakefield Chapel - 20.0 Rolling Valley
Rolling Hills,Week5,South Run,Week2,212.0 Rolling Hills - 190.0 South Run
Rolling Valley,Week1,Langley,Week4,362.0 Langley - 40.0 Rolling Valley
Rolling Valley,Week4,Truro,Week4,251.0 Truro - 151.0 Rolling Valley
Rutherford,Week2,Donaldson Run,Week1,333.0 Donaldson Run - 69.0 Rutherford
Rolling Hills,Week3,Rutherford,Week1,246.0 Rolling Hills - 155.0 Rutherford
Rolling Valley,Week1,Walden Glen,Week1,246.0 Walden Glen - 156.0 Rolling Valley
Rolling Valley,Week4,Fairfax Club Estates,Week3,244.0 Fairfax Club Estates - 158.0 Rolling Valley
Rolling Valley,Week1,Rutherford,Week4,272.0 Rutherford - 130.0 Rolling Valley
Rolling Valley,Week1,Langley,Week5,350.0 Langley - 52.0 Rolling Valley
Rutherford,Week4,Highland Park,Week2,270.0 Highland Park - 132.0 Rutherford
Rolling Hills,Week1,Springboard,Week1,238.0 Rolling Hills - 160.0 Springboard
Rolling Valley,Week5,Fairfax Club Estates,Week4,245.0 Fairfax Club Estates - 157.0 Rolling Valley
Rolling Hills,Week3,Springboard,Week3,237.0 Rolling Hills - 163.0 Springboard
Rolling Valley,Week4,Lakeview,Week2,215.0 Rolling Valley - 187.0 Lakeview
Rutherford,Week4,Highland Park,Week4,296.0 Highland Park - 106.0 Rutherford
Rolling Valley,Week2,Rutherford,Week4,245.0 Rutherford - 157.0 Rolling Valley
Rutherford,Week3,Donaldson Run,Week2,310.0 Donaldson Run - 92.0 Rutherford
Rolling Valley,Week3,Lakeview,Week3,215.0 Lakeview - 187.0 Rolling Valley
Rolling Valley,Week1,Tuckahoe,Week2,387.0 Tuckahoe - 15.0 Rolling Valley
Rolling Hills,Week3,Springboard,Week4,231.0 Rolling Hills - 166.0 Springboard
Rolling Valley,Week5,Fairfax Club Estates,Week3,232.0 Fairfax Club Estates - 170.0 Rolling Valley
Rutherford,Week4,Donaldson Run,Week3,317.0 Donaldson Run - 85.0 Rutherford
Rolling Valley,Week5,Rutherford,Week3,230.0 Rutherford - 172.0 Rolling Valley
Rolling Valley,Week4,Tuckahoe,Week1,373.0 Tuckahoe - 29.0 Rolling Valley
Rolling Valley,Week2,Wakefield Chapel,Week4,351.0 Wakefield Chapel - 51.0 Rolling Valley
Rolling Valley,Week3,Lakeview,Week5,215.0 Lakeview - 178.0 Rolling Valley
Rutherford,Week5,Donaldson Run,Week5,332.0 Donaldson Run - 70.0 Rutherford
Rolling Hills,Week3,Springboard,Week1,236.0 Rolling Hills - 164.0 Springboard
Rolling Hills,Week2,Springboard,Week1,249.0 Rolling Hills - 152.0 Springboard
Rolling Valley,Week2,Langley,Week4,336.0 Langley - 66.0 Rolling Valley
Rolling Valley,Week2,Tuckahoe,Week1,371.0 Tuckahoe - 31.0 Rolling Valley
Rutherford,Week3,Donaldson Run,Week1,314.0 Donaldson Run - 88.0 Rutherford
Rolling Valley,Week5,Truro,Week4,251.0 Truro - 151.0 Rolling Valley
Rolling Valley,Week5,Tuckahoe,Week5,381.0 Tuckahoe - 21.0 Rolling Valley
Rolling Valley,Week3,Wakefield Chapel,Week1,359.0 Wakefield Chapel - 43.0 Rolling Valley
Rolling Valley,Week5,Fairfax Club Estates,Week5,254.0 Fairfax Club Estates - 148.0 Rolling Valley
Rolling Valley,Week4,Wakefield Chapel,Week1,360.0 Wakefield Chapel - 42.0 Rolling Valley
Rutherford,Week2,Highland Park,Week1,295.0 Highland Park - 107.0 Rutherford
Rolling Valley,Week4,Rutherford,Week4,238.0 Rutherford - 164.0 Rolling Valley
Rolling Valley,Week3,Shouse Village,Week1,270.0 Shouse Village - 132.0 Rolling Valley
Rolling Hills,Week4,South Run,Week3,217.0 South Run - 181.0 Rolling Hills
Rolling Valley,Week1,Fairfax Station,Week4,356.0 Fairfax Station - 46.0 Rolling Valley
Rutherford,Week2,Donaldson Run,Week2,321.0 Donaldson Run - 81.0 Rutherford
Rolling Valley,Week5,Truro,Week1,243.0 Truro - 159.0 Rolling Valley
Rutherford,Week1,Highland Park,Week4,312.0 Highland Park - 90.0 Rutherford
Rolling Hills,Week3,Rutherford,Week2,234.0 Rolling Hills - 168.0 Rutherford
Rolling Valley,Week2,Wakefield Chapel,Week2,361.0 Wakefield Chapel - 41.0 Rolling Valley
Rolling Valley,Week3,Wakefield Chapel,Week3,361.0 Wakefield Chapel - 41.0 Rolling Valley
Rolling Valley,Week1,Fairfax Station,Week3,366.0 Fairfax Station - 36.0 Rolling Valley
Rutherford,Week5,High Point Pool,Week1,290.0 High Point Pool - 107.0 Rutherford
Rutherford,Week3,Highland Park,Week5,290.0 Highland Park - 112.0 Rutherford
Rolling Valley,Week5,Wakefield Chapel,Week1,349.0 Wakefield Chapel - 53.0 Rolling Valley
Rolling Valley,Week5,Rutherford,Week2,206.0 Rutherford - 196.0 Rolling Valley
Rolling Valley,Week3,Tuckahoe,Week2,378.0 Tuckahoe - 24.0 Rolling Valley
Rutherford,Week1,Dowden Terrace,Week4,300.0 Dowden Terrace - 102.0 Rutherford
Rutherford,Week1,Donaldson Run,Week4,337.0 Donaldson Run - 65.0 Rutherford
Rolling Hills,Week3,Springboard,Week2,261.0 Rolling Hills - 134.0 Springboard
Rolling Valley,Week3,Rutherford,Week2,218.0 Rutherford - 184.0 Rolling Valley
Rolling Valley,Week3,Rutherford,Week5,238.0 Rutherford - 164.0 Rolling Valley
Rolling Hills,Week3,Springboard,Week5,228.0 Rolling Hills - 173.0 Springboard
Rolling Valley,Week5,Lakeview,Week1,223.0 Rolling Valley - 179.0 Lakeview
Rolling Valley,Week5,Lakeview,Week3,206.0 Rolling Valley - 196.0 Lakeview
Rolling Valley,Week1,Langley,Week2,349.0 Langley - 53.0 Rolling Valley
Rolling Valley,Week1,Fairfax Station,Week2,361.0 Fairfax Station - 41.0 Rolling Valley
Rolling Valley,Week3,Tuckahoe,Week3,384.0 Tuckahoe - 18.0 Rolling Valley
Rolling Valley,Week4,Lakeview,Week4,234.0 Lakeview - 168.0 Rolling Valley
Rolling Valley,Week5,Wakefield Chapel,Week3,356.0 Wakefield Chapel - 46.0 Rolling Valley
Rolling Valley,Week4,Fairfax Club Estates,Week4,247.0 Fairfax Club Estates - 155.0 Rolling Valley
Rutherford,Week5,Highland Park,Week2,270.0 Highland Park - 132.0 Rutherford
Rolling Valley,Week1,Fairfax Station,Week1,353.0 Fairfax Station - 49.0 Rolling Valley
Rutherford,Week1,Donaldson Run,Week2,320.0 Donaldson Run - 82.0 Rutherford
Rolling Valley,Week4,Wakefield Chapel,Week5,362.0 Wakefield Chapel - 40.0 Rolling Valley
Rolling Valley,Week4,Rutherford,Week1,201.0 Rolling Valley - 201.0 Rutherford
Rolling Hills,Week4,Springboard,Week2,246.0 Rolling Hills - 146.0 Springboard
Rutherford,Week3,Highlands Swim,Week4,326.0 Highlands Swim - 76.0 Rutherford
Rolling Hills,Week4,Springboard,Week1,230.0 Rolling Hills - 162.0 Springboard
Rutherford,Week1,Donaldson Run,Week5,337.0 Donaldson Run - 65.0 Rutherford
Rolling Valley,Week2,Wakefield Chapel,Week5,364.0 Wakefield Chapel - 38.0 Rolling Valley
Rolling Valley,Week1,Tuckahoe,Week5,393.0 Tuckahoe - 9.0 Rolling Valley
Rutherford,Week4,Highlands Swim,Week1,331.0 Highlands Swim - 71.0 Rutherford
Rolling Valley,Week1,Fairfax Station,Week5,372.0 Fairfax Station - 30.0 Rolling Valley
Rolling Valley,Week2,Tuckahoe,Week2,381.0 Tuckahoe - 21.0 Rolling Valley
Rolling Valley,Week3,Tuckahoe,Week1,375.0 Tuckahoe - 27.0 Rolling Valley
Rutherford,Week5,Highlands Swim,Week4,317.5 Highlands Swim - 84.5 Rutherford
Rolling Hills,Week5,Springboard,Week1,241.0 Rolling Hills - 160.0 Springboard
Rolling Valley,Week2,Wakefield Chapel,Week1,365.0 Wakefield Chapel - 37.0 Rolling Valley
Rolling Valley,Week2,Fairfax Station,Week1,338.0 Fairfax Station - 64.0 Rolling Valley
Rolling Valley,Week5,Wakefield Chapel,Week5,355.0 Wakefield Chapel - 47.0 Rolling Valley
Rutherford,Week1,Donaldson Run,Week3,338.0 Donaldson Run - 64.0 Rutherford
Rolling Valley,Week5,Lakeview,Week2,214.0 Rolling Valley - 188.0 Lakeview
Rolling Valley,Week4,Fairfax Club Estates,Week1,245.0 Fairfax Club Estates - 157.0 Rolling Valley
Rolling Valley,Week3,Fairfax Club Estates,Week4,254.0 Fairfax Club Estates - 143.0 Rolling Valley
Rolling Valley,Week4,Rutherford,Week5,228.0 Rutherford - 174.0 Rolling Valley
Rolling Hills,Week4,South Run,Week5,230.0 South Run - 171.0 Rolling Hills
Rolling Valley,Week3,Lakeview,Week2,201.0 Lakeview - 201.0 Rolling Valley
Rutherford,Week3,Donaldson Run,Week3,308.0 Donaldson Run - 94.0 Rutherford
Rutherford,Week2,Donaldson Run,Week4,339.0 Donaldson Run - 63.0 Rutherford
Rolling Valley,Week1,Walden Glen,Week2,277.0 Walden Glen - 125.0 Rolling Valley
Rutherford,Week1,Hollin Hills,Week1,245.0 Rutherford - 152.0 Hollin Hills
Rolling Hills,Week4,South Run,Week2,199.0 South Run - 193.0 Rolling Hills
Rolling Valley,Week2,Tuckahoe,Week5,385.0 Tuckahoe - 17.0 Rolling Valley
Rutherford,Week1,Donaldson Run,Week1,330.0 Donaldson Run - 72.0 Rutherford
Rolling Valley,Week2,Tuckahoe,Week4,389.0 Tuckahoe - 13.0 Rolling Valley
Rolling Valley,Week1,Shouse Village,Week2,296.5 Shouse Village - 105.5 Rolling Valley
Rutherford,Week3,Highlands Swim,Week1,344.0 Highlands Swim - 58.0 Rutherford
Rolling Valley,Week3,Lakeview,Week1,217.0 Rolling Valley - 185.0 Lakeview
Rolling Valley,Week1,Rutherford,Week5,268.0 Rutherford - 134.0 Rolling Valley
Rutherford,Week4,Highlands Swim,Week3,334.0 Highlands Swim - 68.0 Rutherford
Rolling Valley,Week4,Lakeview,Week3,202.0 Lakeview - 200.0 Rolling Valley
Rolling Valley,Week2,Rutherford,Week5,240.0 Rutherford - 162.0 Rolling Valley
Rolling Hills,Week2,Springboard,Week2,260.0 Rolling Hills - 135.0 Springboard
Rolling Valley,Week1,Walden Glen,Week3,286.0 Walden Glen - 116.0 Rolling Valley
Rolling Valley,Week4,Lakeview,Week5,205.0 Lakeview - 188.0 Rolling Valley
Rolling Valley,Week4,Tuckahoe,Week2,382.5 Tuckahoe - 19.5 Rolling Valley
Rolling Valley,Week2,Tuckahoe,Week3,387.5 Tuckahoe - 14.5 Rolling Valley
Rolling Valley,Week2,Fairfax Station,Week2,339.0 Fairfax Station - 63.0 Rolling Valley
Rolling Valley,Week1,Walden Glen,Week5,300.0 Walden Glen - 102.0 Rolling Valley
Rutherford,Week4,Donaldson Run,Week4,318.0 Donaldson Run - 84.0 Rutherford
Rolling Valley,Week5,Fairfax Club Estates,Week1,242.0 Fairfax Club Estates - 160.0 Rolling Valley
Rolling Valley,Week5,Tuckahoe,Week4,384.0 Tuckahoe - 18.0 Rolling Valley
Rolling Valley,Week4,Walden Glen,Week1,214.0 Walden Glen - 187.0 Rolling Valley
Rolling Hills,Week5,Springboard,Week2,264.0 Rolling Hills - 137.0 Springboard
Rolling Valley,Week2,Walden Glen,Week1,229.0 Walden Glen - 173.0 Rolling Valley
Rolling Valley,Week1,Shouse Village,Week3,307.0 Shouse Village - 95.0 Rolling Valley
Rolling Valley,Week5,Lakeview,Week4,230.0 Lakeview - 172.0 Rolling Valley
Rolling Valley,Week5,Rutherford,Week4,246.0 Rutherford - 156.0 Rolling Valley
Rolling Hills,Week2,Springboard,Week4,242.0 Rolling Hills - 160.0 Springboard
Rolling Hills,Week4,Springboard,Week3,236.5 Rolling Hills - 155.5 Springboard
Rolling Valley,Week1,Walden Glen,Week4,289.0 Walden Glen - 113.0 Rolling Valley
Rutherford,Week4,Donaldson Run,Week1,308.0 Donaldson Run - 94.0 Rutherford
Rolling Hills,Week5,Springboard,Week5,240.0 Rolling Hills - 161.0 Springboard
Rolling Valley,Week3,Walden Glen,Week3,265.0 Walden Glen - 137.0 Rolling Valley
Rolling Valley,Week3,Fairfax Club Estates,Week3,240.0 Fairfax Club Estates - 161.0 Rolling Valley
Rolling Valley,Week1,Langley,Week3,360.0 Langley - 42.0 Rolling Valley
Rutherford,Week2,Highlands Swim,Week4,337.0 Highlands Swim - 65.0 Rutherford
Rolling Valley,Week4,Tuckahoe,Week5,385.0 Tuckahoe - 17.0 Rolling Valley
Rolling Hills,Week1,Springfield,Week2,339.0 Rolling Hills - 53.0 Springfield
Rutherford,Week4,Donaldson Run,Week2,305.0 Donaldson Run - 97.0 Rutherford
Rolling Valley,Week1,Shouse Village,Week4,334.0 Shouse Village - 68.0 Rolling Valley
Rolling Valley,Week2,Shouse Village,Week2,272.0 Shouse Village - 130.0 Rolling Valley
Rolling Valley,Week5,Lakeview,Week5,201.0 Lakeview - 192.0 Rolling Valley
Rutherford,Week1,Highlands Swim,Week4,343.0 Highlands Swim - 59.0 Rutherford
Rutherford,Week2,Highlands Swim,Week1,350.0 Highlands Swim - 52.0 Rutherford
Rutherford,Week2,Highlands Swim,Week2,348.0 Highlands Swim - 54.0 Rutherford
Rolling Valley,Week1,Langley,Week1,366.0 Langley - 36.0 Rolling Valley
Rolling Valley,Week4,Tuckahoe,Week3,383.5 Tuckahoe - 18.5 Rolling Valley
Rutherford,Week5,Highland Park,Week1,278.0 Highland Park - 124.0 Rutherford
Rutherford,Week3,Donaldson Run,Week5,329.0 Donaldson Run - 68.0 Rutherford
Rutherford,Week4,Donaldson Run,Week5,325.0 Donaldson Run - 72.0 Rutherford
Rolling Valley,Week5,Rutherford,Week5,223.0 Rutherford - 179.0 Rolling Valley
Rolling Valley,Week2,Langley,Week2,325.0 Langley - 77.0 Rolling Valley
Rolling Valley,Week1,Tuckahoe,Week4,396.0 Tuckahoe - 6.0 Rolling Valley
Rolling Valley,Week1,Tuckahoe,Week1,387.0 Tuckahoe - 15.0 Rolling Valley
Rolling Valley,Week2,Waynewood,Week5,343.0 Waynewood - 59.0 Rolling Valley
Rolling Valley,Week2,Rutherford,Week2,209.0 Rutherford - 193.0 Rolling Valley
Rutherford,Week4,Highlands Swim,Week5,335.0 Highlands Swim - 67.0 Rutherford
Rolling Valley,Week1,Rutherford,Week3,270.0 Rutherford - 132.0 Rolling Valley
Rutherford,Week3,Donaldson Run,Week4,320.0 Donaldson Run - 82.0 Rutherford
Rutherford,Week5,Donaldson Run,Week2,310.0 Donaldson Run - 92.0 Rutherford
Rolling Valley,Week5,Truro,Week3,224.0 Truro - 178.0 Rolling Valley
Rolling Valley,Week4,Walden Glen,Week5,280.0 Walden Glen - 122.0 Rolling Valley
Rolling Valley,Week2,Langley,Week1,334.5 Langley - 67.5 Rolling Valley
Rutherford,Week5,Donaldson Run,Week1,317.5 Donaldson Run - 84.5 Rutherford
Rutherford,Week2,Highlands Swim,Week5,346.0 Highlands Swim - 56.0 Rutherford
Rolling Valley,Week5,Walden Glen,Week2,260.0 Walden Glen - 142.0 Rolling Valley
Rutherford,Week2,Donaldson Run,Week3,336.0 Donaldson Run - 66.0 Rutherford
Rolling Valley,Week2,Shouse Village,Week3,281.0 Shouse Village - 121.0 Rolling Valley
Rolling Hills,Week4,Springfield,Week3,330.0 Rolling Hills - 53.0 Springfield
Rolling Valley,Week3,Tuckahoe,Week4,386.0 Tuckahoe - 16.0 Rolling Valley
Rolling Hills,Week4,Springfield,Week5,334.0 Rolling Hills - 60.0 Springfield
Rolling Hills,Week1,Springfield,Week5,352.0 Rolling Hills - 44.0 Springfield
Rutherford,Week2,Donaldson Run,Week5,342.0 Donaldson Run - 60.0 Rutherford
Rolling Valley,Week3,Rutherford,Week4,245.0 Rutherford - 152.0 Rolling Valley
Rolling Valley,Week2,Rutherford,Week3,232.0 Rutherford - 170.0 Rolling Valley
Rolling Hills,Week5,Springboard,Week3,253.0 Rolling Hills - 148.0 Springboard
Rolling Valley,Week3,Lakeview,Week4,239.0 Lakeview - 163.0 Rolling Valley
Rolling Valley,Week5,Truro,Week2,226.0 Truro - 175.0 Rolling Valley
Rutherford,Week5,Highland Park,Week5,285.0 Highland Park - 117.0 Rutherford
Rolling Valley,Week1,Waynewood,Week5,369.0 Waynewood - 33.0 Rolling Valley
Rutherford,Week4,Highland Park,Week5,287.0 Highland Park - 115.0 Rutherford
Rolling Valley,Week4,Lakeview,Week1,223.0 Rolling Valley - 179.0 Lakeview
Rolling Valley,Week4,Langley,Week1,343.0 Langley - 59.0 Rolling Valley
Rutherford,Week5,Donaldson Run,Week4,320.0 Donaldson Run - 82.0 Rutherford
Rolling Hills,Week2,Springfield,Week3,344.0 Rolling Hills - 45.0 Springfield
Rutherford,Week1,Dowden Terrace,Week2,289.0 Dowden Terrace - 108.0 Rutherford
Rolling Valley,Week2,Waynewood,Week2,332.0 Waynewood - 70.0 Rolling Valley
Rolling Valley,Week5,Tuckahoe,Week1,369.0 Tuckahoe - 33.0 Rolling Valley
Rolling Valley,Week3,Waynewood,Week1,303.0 Waynewood - 99.0 Rolling Valley
Rolling Valley,Week4,Tuckahoe,Week4,384.0 Tuckahoe - 18.0 Rolling Valley
Rolling Hills,Week1,Springfield,Week4,333.0 Rolling Hills - 65.0 Springfield
Rolling Valley,Week1,Shouse Village,Week1,292.0 Shouse Village - 110.0 Rolling Valley
Rutherford,Week2,Highlands Swim,Week3,339.0 Highlands Swim - 63.0 Rutherford
Rolling Valley,Week1,Tuckahoe,Week3,389.0 Tuckahoe - 13.0 Rolling Valley
Rolling Valley,Week5,Tuckahoe,Week3,381.0 Tuckahoe - 21.0 Rolling Valley
Rutherford,Week5,Highlands Swim,Week1,328.0 Highlands Swim - 74.0 Rutherford
Rolling Hills,Week4,Springfield,Week1,331.0 Rolling Hills - 62.0 Springfield
Rutherford,Week5,Highland Park,Week4,288.0 Highland Park - 114.0 Rutherford
Rolling Valley,Week1,Shouse Village,Week5,321.0 Shouse Village - 81.0 Rolling Valley
Rutherford,Week1,Highlands Swim,Week5,357.0 Highlands Swim - 45.0 Rutherford
Rolling Valley,Week3,Waynewood,Week2,324.0 Waynewood - 78.0 Rolling Valley
Rolling Valley,Week2,Langley,Week3,331.0 Langley - 71.0 Rolling Valley
Rolling Valley,Week1,Laurel Hill,Week5,278.0 Laurel Hill - 123.0 Rolling Valley
Rolling Valley,Week4,Rutherford,Week3,224.0 Rutherford - 178.0 Rolling Valley
Rolling Valley,Week1,Laurel Hill,Week1,225.0 Laurel Hill - 173.0 Rolling Valley
Rutherford,Week5,Donaldson Run,Week3,323.0 Donaldson Run - 79.0 Rutherford
Rolling Valley,Week3,Walden Glen,Week1,242.0 Walden Glen - 160.0 Rolling Valley
Rolling Hills,Week3,Springfield,Week1,325.0 Rolling Hills - 65.0 Springfield
Rutherford,Week1,Highlands Swim,Week1,352.0 Highlands Swim - 50.0 Rutherford
Rolling Valley,Week2,Shouse Village,Week5,295.0 Shouse Village - 107.0 Rolling Valley
Rolling Valley,Week2,Shouse Village,Week4,303.0 Shouse Village - 99.0 Rolling Valley
Rutherford,Week1,Dowden Terrace,Week3,279.0 Dowden Terrace - 123.0 Rutherford
Rolling Valley,Week5,Truro,Week5,251.0 Truro - 151.0 Rolling Valley
Rolling Valley,Week5,Tuckahoe,Week2,381.0 Tuckahoe - 21.0 Rolling Valley
Rolling Valley,Week5,Langley,Week3,332.0 Langley - 70.0 Rolling Valley
Rutherford,Week2,Dowden Terrace,Week2,274.0 Dowden Terrace - 128.0 Rutherford
Rolling Valley,Week5,Walden Glen,Week1,216.0 Walden Glen - 186.0 Rolling Valley
Rolling Valley,Week2,Shouse Village,Week1,257.0 Shouse Village - 145.0 Rolling Valley
Rolling Valley,Week5,Vienna Aquatic,Week3,346.0 Vienna Aquatic - 56.0 Rolling Valley
Rolling Hills,Week4,Springboard,Week5,223.0 Rolling Hills - 170.0 Springboard
Rolling Valley,Week5,Walden Glen,Week5,273.0 Walden Glen - 129.0 Rolling Valley
Rutherford,Week1,Dowden Terrace,Week5,318.0 Dowden Terrace - 84.0 Rutherford
Rolling Valley,Week1,Waynewood,Week1,332.0 Waynewood - 70.0 Rolling Valley
Rolling Valley,Week3,Tuckahoe,Week5,386.0 Tuckahoe - 16.0 Rolling Valley
Rutherford,Week3,Highlands Swim,Week3,340.0 Highlands Swim - 62.0 Rutherford
Rutherford,Week2,Dowden Terrace,Week1,277.0 Dowden Terrace - 121.0 Rutherford
Rolling Valley,Week2,Laurel Hill,Week4,218.0 Laurel Hill - 184.0 Rolling Valley
Rolling Valley,Week2,Walden Glen,Week5,268.0 Walden Glen - 134.0 Rolling Valley
Rolling Valley,Week3,Laurel Hill,Week4,215.0 Laurel Hill - 186.0 Rolling Valley
Rolling Hills,Week5,Springfield,Week3,352.0 Rolling Hills - 45.0 Springfield
Rolling Valley,Week1,Laurel Hill,Week4,260.0 Laurel Hill - 141.0 Rolling Valley
Rolling Hills,Week1,Stratford,Week1,245.0 Rolling Hills - 156.0 Stratford
Rolling Hills,Week2,Springfield,Week5,347.0 Rolling Hills - 49.0 Springfield
Rolling Valley,Week4,Walden Glen,Week4,266.0 Walden Glen - 136.0 Rolling Valley
Rolling Hills,Week5,Springfield,Week5,348.0 Rolling Hills - 51.0 Springfield
Rolling Valley,Week2,Vienna Aquatic,Week3,362.0 Vienna Aquatic - 40.0 Rolling Valley
Rolling Valley,Week1,Vienna Aquatic,Week5,375.0 Vienna Aquatic - 27.0 Rolling Valley
Rutherford,Week1,Highlands Swim,Week2,350.0 Highlands Swim - 52.0 Rutherford
Rutherford,Week1,Dunn Loring,Week3,355.0 Dunn Loring - 47.0 Rutherford
Rutherford,Week4,Dowden Terrace,Week3,255.0 Dowden Terrace - 147.0 Rutherford
Rolling Valley,Week4,Laurel Hill,Week2,228.0 Rolling Valley - 174.0 Laurel Hill
Rolling Valley,Week3,Sideburn Run,Week4,303.0 Sideburn Run - 99.0 Rolling Valley
Rutherford,Week3,Highlands Swim,Week2,346.0 Highlands Swim - 56.0 Rutherford
Rutherford,Week4,Dowden Terrace,Week2,251.0 Dowden Terrace - 146.0 Rutherford
Rolling Valley,Week2,Sideburn Run,Week2,289.0 Sideburn Run - 113.0 Rolling Valley
Rolling Valley,Week2,Walden Glen,Week4,260.0 Walden Glen - 142.0 Rolling Valley
Rutherford,Week1,Highlands Swim,Week3,347.0 Highlands Swim - 55.0 Rutherford
Rolling Hills,Week2,Springfield,Week2,335.0 Rolling Hills - 59.0 Springfield
Rolling Valley,Week3,Laurel Hill,Week1,209.0 Laurel Hill - 193.0 Rolling Valley
Rolling Valley,Week3,Shouse Village,Week3,286.0 Shouse Village - 116.0 Rolling Valley
Rutherford,Week3,Highlands Swim,Week5,345.5 Highlands Swim - 56.5 Rutherford
Rutherford,Week5,Highland Park,Week3,261.0 Highland Park - 141.0 Rutherford
Rolling Valley,Week3,Shouse Village,Week4,308.0 Shouse Village - 94.0 Rolling Valley
Rolling Valley,Week3,Langley,Week1,342.0 Langley - 60.0 Rolling Valley
Rolling Valley,Week4,Langley,Week3,327.0 Langley - 75.0 Rolling Valley
Rolling Valley,Week5,Walden Glen,Week3,259.0 Walden Glen - 143.0 Rolling Valley
Rutherford,Week4,Highlands Swim,Week2,343.0 Highlands Swim - 59.0 Rutherford
Rolling Valley,Week4,Shouse Village,Week1,262.0 Shouse Village - 140.0 Rolling Valley
Rolling Hills,Week3,Springfield,Week4,316.0 Rolling Hills - 74.0 Springfield
Rolling Hills,Week2,Springfield,Week4,315.0 Rolling Hills - 85.0 Springfield
Rolling Valley,Week3,Laurel Hill,Week2,214.0 Rolling Valley - 181.0 Laurel Hill
Rutherford,Week3,Dowden Terrace,Week1,266.0 Dowden Terrace - 132.0 Rutherford
Rolling Valley,Week3,Langley,Week4,336.0 Langley - 66.0 Rolling Valley
Rolling Hills,Week5,Springfield,Week4,328.0 Rolling Hills - 73.0 Springfield
Rolling Valley,Week3,Shouse Village,Week2,260.0 Shouse Village - 142.0 Rolling Valley
Rolling Valley,Week3,Langley,Week3,335.0 Langley - 67.0 Rolling Valley
Rolling Valley,Week2,Vienna Aquatic,Week2,350.0 Vienna Aquatic - 52.0 Rolling Valley
Rolling Valley,Week4,Shouse Village,Week4,302.0 Shouse Village - 100.0 Rolling Valley
Rolling Valley,Week4,Walden Glen,Week2,241.0 Walden Glen - 160.0 Rolling Valley
Rolling Valley,Week4,Shouse Village,Week5,288.0 Shouse Village - 114.0 Rolling Valley
Rolling Hills,Week1,Stratford,Week2,236.0 Rolling Hills - 166.0 Stratford
Rolling Valley,Week4,Vienna Aquatic,Week2,346.0 Vienna Aquatic - 56.0 Rolling Valley
Rolling Valley,Week2,Waynewood,Week1,308.0 Waynewood - 94.0 Rolling Valley
Rutherford,Week5,Dowden Terrace,Week1,231.0 Dowden Terrace - 167.0 Rutherford
Rutherford,Week5,Highlands Swim,Week2,341.0 Highlands Swim - 61.0 Rutherford
Rolling Valley,Week3,Vienna Aquatic,Week3,350.0 Vienna Aquatic - 52.0 Rolling Valley
Rolling Valley,Week3,Vienna Aquatic,Week2,345.0 Vienna Aquatic - 57.0 Rolling Valley
Rolling Valley,Week2,Waynewood,Week3,341.0 Waynewood - 61.0 Rolling Valley
Rutherford,Week4,Highlands Swim,Week4,326.0 Highlands Swim - 76.0 Rutherford
Rutherford,Week3,Dowden Terrace,Week3,259.0 Dowden Terrace - 143.0 Rutherford
Rutherford,Week3,Dowden Terrace,Week4,277.0 Dowden Terrace - 125.0 Rutherford
Rutherford,Week5,Highlands Swim,Week3,329.0 Highlands Swim - 73.0 Rutherford
Rolling Valley,Week2,Sideburn Run,Week4,317.0 Sideburn Run - 85.0 Rolling Valley
Rolling Valley,Week3,Walden Glen,Week5,286.0 Walden Glen - 116.0 Rolling Valley
Rolling Valley,Week3,Langley,Week5,327.0 Langley - 75.0 Rolling Valley
Rutherford,Week5,Highlands Swim,Week5,333.0 Highlands Swim - 69.0 Rutherford
Rolling Hills,Week1,Stratford,Week3,217.0 Rolling Hills - 185.0 Stratford
Rolling Valley,Week5,Vienna Aquatic,Week2,341.0 Vienna Aquatic - 61.0 Rolling Valley
Rolling Valley,Week4,Vienna Aquatic,Week3,353.0 Vienna Aquatic - 49.0 Rolling Valley
Rutherford,Week2,Dowden Terrace,Week3,274.0 Dowden Terrace - 128.0 Rutherford
Rolling Valley,Week4,Langley,Week2,330.0 Langley - 72.0 Rolling Valley
Rutherford,Week3,Dowden Terrace,Week2,258.0 Dowden Terrace - 139.0 Rutherford
Rolling Hills,Week5,Lee Graham,Week1,301.0 Lee Graham - 101.0 Rolling Hills
Rolling Valley,Week2,Walden Glen,Week3,253.0 Walden Glen - 149.0 Rolling Valley
Rolling Valley,Week1,Waynewood,Week2,346.0 Waynewood - 56.0 Rolling Valley
Rolling Valley,Week4,Walden Glen,Week3,253.0 Walden Glen - 149.0 Rolling Valley
Rutherford,Week2,Hollin Hills,Week3,228.0 Rutherford - 173.0 Hollin Hills
Rutherford,Week2,Dowden Terrace,Week5,313.0 Dowden Terrace - 89.0 Rutherford
Rolling Valley,Week1,Sideburn Run,Week3,332.0 Sideburn Run - 70.0 Rolling Valley
Rolling Hills,Week3,Lee Graham,Week2,307.0 Lee Graham - 95.0 Rolling Hills
Rutherford,Week1,Hollin Hills,Week5,228.0 Rutherford - 168.0 Hollin Hills
Rolling Valley,Week4,Shouse Village,Week3,282.0 Shouse Village - 120.0 Rolling Valley
Rolling Valley,Week2,Laurel Hill,Week1,203.0 Laurel Hill - 194.0 Rolling Valley
Rolling Hills,Week4,Lee Graham,Week2,313.0 Lee Graham - 89.0 Rolling Hills
Rolling Hills,Week1,Stratford,Week4,205.0 Rolling Hills - 197.0 Stratford
Rolling Valley,Week4,Vienna Aquatic,Week4,346.0 Vienna Aquatic - 56.0 Rolling Valley
Rolling Hills,Week5,Laurel Hill,Week5,204.0 Rolling Hills - 198.0 Laurel Hill
Rolling Hills,Week1,Springfield,Week1,336.0 Rolling Hills - 61.0 Springfield
Rolling Valley,Week3,Walden Glen,Week4,279.0 Walden Glen - 123.0 Rolling Valley
Rolling Hills,Week4,Springfield,Week2,326.0 Rolling Hills - 58.0 Springfield
Rolling Valley,Week5,Langley,Week2,333.0 Langley - 69.0 Rolling Valley
Rolling Hills,Week2,Lee Graham,Week1,295.0 Lee Graham - 102.0 Rolling Hills
Rolling Valley,Week1,Waynewood,Week4,339.0 Waynewood - 63.0 Rolling Valley
Rolling Valley,Week1,Laurel Hill,Week3,263.0 Laurel Hill - 138.0 Rolling Valley
Rolling Valley,Week4,Langley,Week5,324.0 Langley - 78.0 Rolling Valley
Rutherford,Week3,Hollin Hills,Week4,261.0 Rutherford - 138.0 Hollin Hills
Rutherford,Week1,Hollin Meadows,Week3,290.0 Hollin Meadows - 112.0 Rutherford
Rolling Hills,Week3,Lee Graham,Week4,296.0 Lee Graham - 106.0 Rolling Hills
Rolling Valley,Week5,Vienna Aquatic,Week4,344.0 Vienna Aquatic - 58.0 Rolling Valley
Rolling Valley,Week3,Walden Glen,Week2,263.0 Walden Glen - 139.0 Rolling Valley
Rutherford,Week2,Dunn Loring,Week1,311.0 Dunn Loring - 91.0 Rutherford
Rolling Hills,Week5,Lee Graham,Week2,312.0 Lee Graham - 90.0 Rolling Hills
Rolling Hills,Week3,Springfield,Week3,333.0 Rolling Hills - 49.0 Springfield
Rutherford,Week4,Dowden Terrace,Week4,261.0 Dowden Terrace - 141.0 Rutherford
Rolling Hills,Week4,Lee Graham,Week5,306.0 Lee Graham - 96.0 Rolling Hills
Rolling Valley,Week5,Shouse Village,Week1,263.0 Shouse Village - 139.0 Rolling Valley
Rutherford,Week2,Hollin Meadows,Week2,269.0 Hollin Meadows - 133.0 Rutherford
Rolling Valley,Week1,Vienna Aquatic,Week3,372.0 Vienna Aquatic - 30.0 Rolling Valley
Rolling Hills,Week1,Springfield,Week3,336.0 Rolling Hills - 55.0 Springfield
Rutherford,Week2,Dunn Loring,Week3,349.0 Dunn Loring - 53.0 Rutherford
Rolling Valley,Week2,Sideburn Run,Week5,320.0 Sideburn Run - 82.0 Rolling Valley
Rolling Hills,Week2,Springfield,Week1,327.0 Rolling Hills - 73.0 Springfield
Rolling Valley,Week2,Vienna Aquatic,Week4,356.0 Vienna Aquatic - 46.0 Rolling Valley
Rolling Hills,Week3,Springfield,Week5,339.0 Rolling Hills - 51.0 Springfield
Rutherford,Week5,Dowden Terrace,Week5,286.0 Dowden Terrace - 116.0 Rutherford
Rutherford,Week2,Dowden Terrace,Week4,291.0 Dowden Terrace - 111.0 Rutherford
Rolling Valley,Week4,Langley,Week4,330.0 Langley - 72.0 Rolling Valley
Rolling Valley,Week1,Waynewood,Week3,366.0 Waynewood - 36.0 Rolling Valley
Rolling Valley,Week2,Vienna Aquatic,Week5,363.0 Vienna Aquatic - 39.0 Rolling Valley
Rutherford,Week5,Hollin Hills,Week4,269.0 Rutherford - 130.0 Hollin Hills
Rolling Valley,Week5,Langley,Week5,323.0 Langley - 79.0 Rolling Valley
Rolling Hills,Week2,Lee Graham,Week4,297.0 Lee Graham - 105.0 Rolling Hills
Rolling Valley,Week3,Sideburn Run,Week5,312.0 Sideburn Run - 90.0 Rolling Valley
Rutherford,Week3,Hollin Hills,Week2,267.0 Rutherford - 133.0 Hollin Hills
Rolling Valley,Week3,Sideburn Run,Week1,286.0 Sideburn Run - 116.0 Rolling Valley
Rolling Hills,Week5,Springboard,Week4,237.0 Rolling Hills - 165.0 Springboard
Rolling Valley,Week1,Hunter Mill,Week2,342.5 Hunter Mill - 59.5 Rolling Valley
Rolling Valley,Week2,Vienna Woods,Week5,373.0 Vienna Woods - 29.0 Rolling Valley
Rolling Valley,Week5,Shouse Village,Week3,280.0 Shouse Village - 122.0 Rolling Valley
Rolling Valley,Week5,Walden Glen,Week4,271.0 Walden Glen - 131.0 Rolling Valley
Rolling Valley,Week2,Vienna Woods,Week4,362.0 Vienna Woods - 40.0 Rolling Valley
Rolling Valley,Week1,Laurel Hill,Week2,214.0 Laurel Hill - 188.0 Rolling Valley
Rolling Valley,Week2,Hunter Mill,Week3,323.0 Hunter Mill - 79.0 Rolling Valley
Rolling Valley,Week4,Vienna Aquatic,Week5,366.0 Vienna Aquatic - 36.0 Rolling Valley
Rolling Valley,Week2,Laurel Hill,Week2,213.0 Rolling Valley - 189.0 Laurel Hill
Rolling Valley,Week2,Sideburn Run,Week1,290.0 Sideburn Run - 112.0 Rolling Valley
Rutherford,Week1,Hollin Hills,Week2,238.0 Rutherford - 150.0 Hollin Hills
Rolling Valley,Week2,Waynewood,Week4,327.0 Waynewood - 75.0 Rolling Valley
Rutherford,Week4,Dowden Terrace,Week5,285.0 Dowden Terrace - 117.0 Rutherford
Rolling Valley,Week1,Vienna Aquatic,Week1,369.0 Vienna Aquatic - 33.0 Rolling Valley
Rolling Valley,Week3,Langley,Week2,326.0 Langley - 76.0 Rolling Valley
Rutherford,Week5,Dowden Terrace,Week2,249.0 Dowden Terrace - 148.0 Rutherford
Rolling Valley,Week4,Shouse Village,Week2,256.0 Shouse Village - 146.0 Rolling Valley
Rutherford,Week2,Hollin Meadows,Week3,290.0 Hollin Meadows - 112.0 Rutherford
Rolling Valley,Week5,Langley,Week1,340.0 Langley - 62.0 Rolling Valley
Rutherford,Week3,Dowden Terrace,Week5,295.5 Dowden Terrace - 106.5 Rutherford
Rutherford,Week1,Dunn Loring,Week2,344.0 Dunn Loring - 58.0 Rutherford
Rolling Valley,Week5,Shouse Village,Week4,309.0 Shouse Village - 93.0 Rolling Valley
Rolling Hills,Week4,Springfield,Week4,321.0 Rolling Hills - 74.0 Springfield
Rolling Hills,Week5,Springfield,Week1,334.0 Rolling Hills - 66.0 Springfield
Rutherford,Week1,Hollin Meadows,Week1,281.0 Hollin Meadows - 120.0 Rutherford
Rolling Valley,Week5,Hunt Valley,Week2,328.0 Hunt Valley - 74.0 Rolling Valley
Rutherford,Week1,Hollin Hills,Week3,227.0 Rutherford - 173.0 Hollin Hills
Rolling Hills,Week3,Springfield,Week2,334.0 Rolling Hills - 48.0 Springfield
Rolling Valley,Week2,Woodley,Week5,234.5 Woodley - 167.5 Rolling Valley
Rolling Hills,Week3,Lee Graham,Week3,312.0 Lee Graham - 90.0 Rolling Hills
Rolling Valley,Week2,Hunter Mill,Week5,342.0 Hunter Mill - 60.0 Rolling Valley
Rolling Valley,Week1,Woodley,Week5,265.0 Woodley - 137.0 Rolling Valley
Rolling Hills,Week1,Lee Graham,Week1,306.0 Lee Graham - 96.0 Rolling Hills
Rolling Valley,Week3,Vienna Aquatic,Week4,350.0 Vienna Aquatic - 52.0 Rolling Valley
Rolling Hills,Week5,Lee Graham,Week3,317.0 Lee Graham - 85.0 Rolling Hills
Rolling Valley,Week1,Sideburn Run,Week4,328.0 Sideburn Run - 74.0 Rolling Valley
Rutherford,Week4,Dunn Loring,Week2,338.0 Dunn Loring - 64.0 Rutherford
Rolling Valley,Week5,Langley,Week4,330.0 Langley - 72.0 Rolling Valley
Rolling Valley,Week1,Hunter Mill,Week5,361.0 Hunter Mill - 41.0 Rolling Valley
Rolling Hills,Week1,Lee Graham,Week2,308.0 Lee Graham - 94.0 Rolling Hills
Rolling Hills,Week1,Lee Graham,Week4,300.0 Lee Graham - 102.0 Rolling Hills
Rutherford,Week1,Fair Oaks ,Week3,302.0 Fair Oaks - 100.0 Rutherford
Rutherford,Week3,Hollin Hills,Week3,252.0 Rutherford - 150.0 Hollin Hills
Rolling Valley,Week2,Laurel Hill,Week3,232.0 Laurel Hill - 169.0 Rolling Valley
Rolling Hills,Week5,Springfield,Week2,343.0 Rolling Hills - 56.0 Springfield
Rolling Valley,Week2,Laurel Hill,Week5,239.5 Laurel Hill - 162.5 Rolling Valley
Rolling Valley,Week5,Waynewood,Week5,346.0 Waynewood - 56.0 Rolling Valley
Rolling Valley,Week5,Vienna Aquatic,Week1,349.0 Vienna Aquatic - 53.0 Rolling Valley
Rolling Hills,Week5,Laurel Hill,Week3,227.0 Rolling Hills - 175.0 Laurel Hill
Rolling Valley,Week3,Hunter Mill,Week2,327.0 Hunter Mill - 75.0 Rolling Valley
Rolling Valley,Week3,Sideburn Run,Week3,304.0 Sideburn Run - 98.0 Rolling Valley
Rolling Hills,Week3,Shouse Village,Week2,211.0 Shouse Village - 191.0 Rolling Hills
Rutherford,Week1,Fair Oaks ,Week5,303.0 Fair Oaks - 99.0 Rutherford
Rolling Valley,Week2,Sideburn Run,Week3,304.0 Sideburn Run - 98.0 Rolling Valley
Rolling Valley,Week4,Vienna Aquatic,Week1,353.5 Vienna Aquatic - 48.5 Rolling Valley
Rutherford,Week4,Hollin Hills,Week3,247.0 Rutherford - 154.0 Hollin Hills
Rolling Valley,Week3,Shouse Village,Week5,300.0 Shouse Village - 102.0 Rolling Valley
Rolling Valley,Week4,Hunter Mill,Week4,325.0 Hunter Mill - 77.0 Rolling Valley
Rolling Valley,Week3,Vienna Aquatic,Week5,363.0 Vienna Aquatic - 39.0 Rolling Valley
Rolling Valley,Week3,Woodley,Week4,223.0 Woodley - 179.0 Rolling Valley
Rolling Hills,Week1,Shouse Village,Week4,251.0 Shouse Village - 151.0 Rolling Hills
Rolling Valley,Week5,Waynewood,Week1,312.0 Waynewood - 90.0 Rolling Valley
Rolling Hills,Week5,Rutherford,Week3,242.0 Rolling Hills - 160.0 Rutherford
Rolling Hills,Week4,Lee Graham,Week3,314.0 Lee Graham - 88.0 Rolling Hills
Rolling Valley,Week3,Hunter Mill,Week4,335.0 Hunter Mill - 67.0 Rolling Valley
Rutherford,Week5,Dowden Terrace,Week4,270.0 Dowden Terrace - 132.0 Rutherford
Rolling Hills,Week3,Rutherford,Week5,211.0 Rolling Hills - 191.0 Rutherford
Rutherford,Week5,Hollin Hills,Week5,248.0 Rutherford - 153.0 Hollin Hills
Rutherford,Week3,Hollin Hills,Week1,261.0 Rutherford - 139.0 Hollin Hills
Rolling Valley,Week3,Vienna Aquatic,Week1,353.0 Vienna Aquatic - 49.0 Rolling Valley
Rolling Valley,Week4,Waynewood,Week3,334.0 Waynewood - 68.0 Rolling Valley
Rolling Hills,Week4,Rutherford,Week2,233.0 Rolling Hills - 165.0 Rutherford
Rolling Valley,Week1,Lee Graham,Week3,364.0 Lee Graham - 38.0 Rolling Valley
Rutherford,Week4,Dowden Terrace,Week1,248.0 Dowden Terrace - 153.0 Rutherford
Rutherford,Week5,Dowden Terrace,Week3,248.0 Dowden Terrace - 154.0 Rutherford
Rutherford,Week3,Hollin Hills,Week5,256.0 Rutherford - 145.0 Hollin Hills
Rolling Valley,Week4,Woodley,Week5,224.0 Woodley - 178.0 Rolling Valley
Rolling Hills,Week3,Lee Graham,Week5,309.0 Lee Graham - 93.0 Rolling Hills
Rutherford,Week5,Hollin Hills,Week3,262.0 Rutherford - 140.0 Hollin Hills
Rolling Valley,Week3,Waynewood,Week4,319.0 Waynewood - 83.0 Rolling Valley
Rutherford,Week1,Dunn Loring,Week1,318.0 Dunn Loring - 84.0 Rutherford
Rolling Hills,Week2,Lee Graham,Week5,292.0 Lee Graham - 110.0 Rolling Hills
Rolling Valley,Week3,Waynewood,Week5,347.0 Waynewood - 55.0 Rolling Valley
Rolling Valley,Week5,Shouse Village,Week5,300.0 Shouse Village - 102.0 Rolling Valley
Rolling Hills,Week1,Shouse Village,Week2,211.0 Shouse Village - 191.0 Rolling Hills
Rolling Valley,Week1,Vienna Aquatic,Week2,364.0 Vienna Aquatic - 38.0 Rolling Valley
Rolling Valley,Week1,Hunter Mill,Week1,357.0 Hunter Mill - 45.0 Rolling Valley
Rolling Hills,Week4,Lee Graham,Week1,305.5 Lee Graham - 96.5 Rolling Hills
Rolling Valley,Week1,Vienna Aquatic,Week4,370.0 Vienna Aquatic - 32.0 Rolling Valley
Rolling Hills,Week1,Shouse Village,Week5,241.0 Shouse Village - 161.0 Rolling Hills
Rolling Hills,Week2,Lee Graham,Week3,306.0 Lee Graham - 96.0 Rolling Hills
Rolling Valley,Week4,Laurel Hill,Week1,209.0 Rolling Valley - 192.0 Laurel Hill
Rutherford,Week4,Hollin Hills,Week2,262.0 Rutherford - 135.0 Hollin Hills
Rolling Valley,Week1,Sideburn Run,Week5,336.0 Sideburn Run - 66.0 Rolling Valley
Rolling Valley,Week4,Hunter Mill,Week1,313.0 Hunter Mill - 89.0 Rolling Valley
Rolling Valley,Week3,Waynewood,Week3,341.0 Waynewood - 61.0 Rolling Valley
Rolling Valley,Week2,Vienna Aquatic,Week1,353.0 Vienna Aquatic - 49.0 Rolling Valley
Rolling Valley,Week1,Ilda Community,Week1,253.0 Ilda Community - 149.0 Rolling Valley
Rolling Valley,Week1,Sideburn Run,Week1,312.5 Sideburn Run - 89.5 Rolling Valley
Rolling Valley,Week1,Vienna Woods,Week1,373.0 Vienna Woods - 29.0 Rolling Valley
Rutherford,Week2,Dunn Loring,Week4,342.0 Dunn Loring - 60.0 Rutherford
Rolling Valley,Week5,Shouse Village,Week2,257.5 Shouse Village - 144.5 Rolling Valley
Rolling Valley,Week3,Laurel Hill,Week3,233.5 Laurel Hill - 164.5 Rolling Valley
Rolling Valley,Week5,Hunter Mill,Week4,327.0 Hunter Mill - 75.0 Rolling Valley
Rolling Valley,Week3,Laurel Hill,Week5,245.0 Laurel Hill - 156.0 Rolling Valley
Rolling Hills,Week4,Rutherford,Week4,198.0 Rutherford - 197.0 Rolling Hills
Rolling Valley,Week1,Lee Graham,Week4,362.0 Lee Graham - 40.0 Rolling Valley
Rolling Valley,Week3,Sideburn Run,Week2,280.0 Sideburn Run - 122.0 Rolling Valley
Rolling Valley,Week1,Sideburn Run,Week2,320.0 Sideburn Run - 82.0 Rolling Valley
Rolling Valley,Week4,Waynewood,Week4,320.0 Waynewood - 82.0 Rolling Valley
Rutherford,Week2,Hollin Hills,Week4,238.0 Rutherford - 158.0 Hollin Hills
Rolling Valley,Week1,Vienna Woods,Week2,377.0 Vienna Woods - 25.0 Rolling Valley
Rolling Hills,Week4,Lee Graham,Week4,304.0 Lee Graham - 98.0 Rolling Hills
Rutherford,Week4,Hollin Hills,Week4,264.0 Rutherford - 136.0 Hollin Hills
Rolling Valley,Week1,Vienna Woods,Week4,367.0 Vienna Woods - 35.0 Rolling Valley
Rolling Valley,Week3,Lee Graham,Week2,353.0 Lee Graham - 49.0 Rolling Valley
Rutherford,Week2,Dunn Loring,Week5,343.5 Dunn Loring - 58.5 Rutherford
Rolling Hills,Week1,Lee Graham,Week3,320.0 Lee Graham - 82.0 Rolling Hills
Rolling Hills,Week5,Rutherford,Week1,236.0 Rolling Hills - 166.0 Rutherford
Rolling Valley,Week2,Lee Graham,Week1,345.0 Lee Graham - 57.0 Rolling Valley
Rolling Hills,Week1,Lee Graham,Week5,312.0 Lee Graham - 90.0 Rolling Hills
Rolling Valley,Week2,Woodley,Week4,220.0 Woodley - 182.0 Rolling Valley
Rolling Valley,Week4,Laurel Hill,Week4,202.0 Laurel Hill - 200.0 Rolling Valley
Rolling Valley,Week4,Waynewood,Week2,330.0 Waynewood - 72.0 Rolling Valley
Rutherford,Week1,Dunn Loring,Week4,344.0 Dunn Loring - 58.0 Rutherford
Rolling Valley,Week5,Old Keene Mill,Week4,209.0 Old Keene Mill - 193.0 Rolling Valley
Rolling Valley,Week1,Hunter Mill,Week3,351.0 Hunter Mill - 51.0 Rolling Valley
Rolling Valley,Week2,Ilda Community,Week1,213.0 Ilda Community - 183.0 Rolling Valley
Rolling Hills,Week1,Shouse Village,Week3,228.0 Shouse Village - 174.0 Rolling Hills
Rutherford,Week3,Dunn Loring,Week3,341.0 Dunn Loring - 61.0 Rutherford
Rutherford,Week2,Hollin Hills,Week5,226.0 Rutherford - 175.0 Hollin Hills
Rolling Valley,Week2,Old Keene Mill,Week4,228.0 Old Keene Mill - 174.0 Rolling Valley
Rutherford,Week1,Hollin Meadows,Week2,257.0 Hollin Meadows - 145.0 Rutherford
Rolling Hills,Week5,Laurel Hill,Week4,236.0 Rolling Hills - 166.0 Laurel Hill
Rolling Valley,Week2,Ilda Community,Week3,220.0 Ilda Community - 182.0 Rolling Valley
Rolling Valley,Week1,Vienna Woods,Week3,382.0 Vienna Woods - 20.0 Rolling Valley
Rolling Valley,Week1,Woodley,Week4,263.0 Woodley - 139.0 Rolling Valley
Rutherford,Week4,Hollin Hills,Week1,270.0 Rutherford - 130.0 Hollin Hills
Rolling Hills,Week5,Rutherford,Week2,246.0 Rolling Hills - 156.0 Rutherford
Rolling Valley,Week3,Old Keene Mill,Week4,212.0 Old Keene Mill - 190.0 Rolling Valley
Rolling Valley,Week2,Vienna Woods,Week1,352.0 Vienna Woods - 50.0 Rolling Valley
Rolling Hills,Week3,Lee Graham,Week1,304.0 Lee Graham - 98.0 Rolling Hills
Rolling Valley,Week5,Vienna Aquatic,Week5,360.0 Vienna Aquatic - 42.0 Rolling Valley
Rolling Valley,Week4,Old Keene Mill,Week3,215.0 Old Keene Mill - 187.0 Rolling Valley
Rolling Valley,Week5,Laurel Hill,Week3,217.0 Laurel Hill - 185.0 Rolling Valley
Rutherford,Week4,Hollin Hills,Week5,242.0 Rutherford - 155.0 Hollin Hills
Rutherford,Week3,Dunn Loring,Week4,330.0 Dunn Loring - 72.0 Rutherford
Rolling Valley,Week5,Hunt Valley,Week1,323.0 Hunt Valley - 79.0 Rolling Valley
Rolling Valley,Week5,Hunt Valley,Week3,341.0 Hunt Valley - 61.0 Rolling Valley
Rolling Valley,Week4,Woodley,Week2,208.0 Rolling Valley - 194.0 Woodley
Rolling Hills,Week5,Rutherford,Week4,203.0 Rolling Hills - 199.0 Rutherford
Rolling Valley,Week3,Hunter Mill,Week1,324.0 Hunter Mill - 78.0 Rolling Valley
Rutherford,Week2,Hollin Hills,Week2,242.0 Rutherford - 155.0 Hollin Hills
Rolling Valley,Week2,Lee Graham,Week5,346.0 Lee Graham - 56.0 Rolling Valley
Rolling Valley,Week4,Old Keene Mill,Week4,220.0 Old Keene Mill - 182.0 Rolling Valley
Rutherford,Week4,Dunn Loring,Week3,347.0 Dunn Loring - 55.0 Rutherford
Rolling Hills,Week2,Lee Graham,Week2,298.0 Lee Graham - 104.0 Rolling Hills
Rolling Valley,Week1,Vienna Woods,Week5,381.5 Vienna Woods - 20.5 Rolling Valley
Rolling Valley,Week4,Woodley,Week1,214.0 Rolling Valley - 188.0 Woodley
Rolling Hills,Week5,Rutherford,Week5,208.0 Rolling Hills - 194.0 Rutherford
Rutherford,Week4,Dunn Loring,Week5,338.0 Dunn Loring - 64.0 Rutherford
Rolling Valley,Week2,Lee Graham,Week2,344.0 Lee Graham - 58.0 Rolling Valley
Rolling Hills,Week2,Shouse Village,Week1,208.0 Shouse Village - 194.0 Rolling Hills
Rolling Valley,Week5,Lee Graham,Week2,348.0 Lee Graham - 54.0 Rolling Valley
Rolling Valley,Week5,Waynewood,Week3,341.0 Waynewood - 61.0 Rolling Valley
Rutherford,Week5,Hollin Hills,Week2,267.0 Rutherford - 128.0 Hollin Hills
Rolling Valley,Week2,Vienna Woods,Week3,373.0 Vienna Woods - 29.0 Rolling Valley
Rolling Valley,Week5,Hunt Valley,Week4,338.0 Hunt Valley - 64.0 Rolling Valley
Rolling Valley,Week4,Orange Hunt,Week2,290.0 Orange Hunt - 112.0 Rolling Valley
Rolling Valley,Week4,Waynewood,Week1,311.0 Waynewood - 91.0 Rolling Valley
Rutherford,Week1,Hollin Meadows,Week4,298.0 Hollin Meadows - 104.0 Rutherford
Rolling Valley,Week3,Lee Graham,Week4,341.0 Lee Graham - 61.0 Rolling Valley
Rolling Valley,Week3,Hunter Mill,Week5,340.0 Hunter Mill - 62.0 Rolling Valley
Rutherford,Week1,Hollin Hills,Week4,236.0 Rutherford - 159.0 Hollin Hills
Rolling Hills,Week4,Rutherford,Week3,225.0 Rolling Hills - 168.0 Rutherford
Rolling Valley,Week2,Vienna Woods,Week2,365.0 Vienna Woods - 37.0 Rolling Valley
Rolling Valley,Week4,Hunt Valley,Week5,362.0 Hunt Valley - 40.0 Rolling Valley
Rolling Hills,Week2,Shouse Village,Week2,203.0 Rolling Hills - 199.0 Shouse Village
Rolling Hills,Week2,Shouse Village,Week3,229.0 Shouse Village - 173.0 Rolling Hills
Rutherford,Week2,Hollin Hills,Week1,246.0 Rutherford - 154.0 Hollin Hills
Rolling Valley,Week3,Lee Graham,Week5,344.0 Lee Graham - 58.0 Rolling Valley
Rutherford,Week2,Dunn Loring,Week2,346.0 Dunn Loring - 56.0 Rutherford
Rolling Valley,Week4,Old Keene Mill,Week5,229.0 Old Keene Mill - 173.0 Rolling Valley
Rolling Valley,Week4,Hunter Mill,Week2,301.0 Hunter Mill - 101.0 Rolling Valley
Rolling Valley,Week1,Woodley,Week3,271.0 Woodley - 131.0 Rolling Valley
Rolling Valley,Week2,Lee Graham,Week3,346.0 Lee Graham - 56.0 Rolling Valley
Rolling Valley,Week2,Villa Aquatic,Week5,309.0 Villa Aquatic - 93.0 Rolling Valley
Rutherford,Week4,Dunn Loring,Week4,339.5 Dunn Loring - 62.5 Rutherford
Rolling Hills,Week1,Shouse Village,Week1,211.0 Shouse Village - 191.0 Rolling Hills
Rolling Valley,Week4,Lee Graham,Week1,336.0 Lee Graham - 66.0 Rolling Valley
Rolling Valley,Week2,Old Keene Mill,Week5,252.0 Old Keene Mill - 150.0 Rolling Valley
Rolling Valley,Week3,Old Keene Mill,Week3,235.0 Old Keene Mill - 167.0 Rolling Valley
Rolling Hills,Week4,Rutherford,Week5,199.0 Rolling Hills - 199.0 Rutherford
Rolling Valley,Week2,Woodley,Week2,218.0 Woodley - 184.0 Rolling Valley
Rolling Valley,Week5,Hunt Valley,Week5,348.0 Hunt Valley - 54.0 Rolling Valley
Rutherford,Week5,Dunn Loring,Week1,305.0 Dunn Loring - 97.0 Rutherford
Rutherford,Week4,Dunn Loring,Week1,293.0 Dunn Loring - 104.0 Rutherford
Rolling Valley,Week5,Vienna Woods,Week1,349.0 Vienna Woods - 53.0 Rolling Valley
Rutherford,Week5,Hollin Hills,Week1,268.0 Rutherford - 134.0 Hollin Hills
Rolling Valley,Week5,Old Keene Mill,Week3,222.0 Old Keene Mill - 180.0 Rolling Valley
Rolling Valley,Week5,Waynewood,Week2,330.0 Waynewood - 72.0 Rolling Valley
Rolling Valley,Week4,Vienna Woods,Week5,372.0 Vienna Woods - 30.0 Rolling Valley
Rutherford,Week1,Dunn Loring,Week5,341.0 Dunn Loring - 61.0 Rutherford
Rolling Valley,Week2,Woodley,Week1,215.0 Woodley - 187.0 Rolling Valley
Rolling Valley,Week4,Hunter Mill,Week5,333.0 Hunter Mill - 69.0 Rolling Valley
Rolling Valley,Week3,Old Keene Mill,Week1,214.0 Old Keene Mill - 187.0 Rolling Valley
Rolling Valley,Week3,Vienna Woods,Week3,366.0 Vienna Woods - 36.0 Rolling Valley
Rolling Valley,Week1,Woodley,Week1,249.0 Woodley - 153.0 Rolling Valley
Rolling Valley,Week4,Laurel Hill,Week3,223.5 Laurel Hill - 177.5 Rolling Valley
Rolling Hills,Week2,Shouse Village,Week4,250.0 Shouse Village - 152.0 Rolling Hills
Rolling Valley,Week1,Orange Hunt,Week2,318.0 Orange Hunt - 84.0 Rolling Valley
Rolling Valley,Week5,Lee Graham,Week1,345.0 Lee Graham - 57.0 Rolling Valley
Rutherford,Week2,Hollin Meadows,Week1,288.0 Hollin Meadows - 114.0 Rutherford
Rutherford,Week5,Hollin Meadows,Week2,240.0 Hollin Meadows - 162.0 Rutherford
Rolling Valley,Week1,Woodley,Week2,252.5 Woodley - 149.5 Rolling Valley
Rolling Valley,Week2,Woodley,Week3,226.0 Woodley - 176.0 Rolling Valley
Rolling Valley,Week4,Laurel Hill,Week5,225.0 Laurel Hill - 177.0 Rolling Valley
Rolling Valley,Week5,Old Keene Mill,Week5,232.0 Old Keene Mill - 170.0 Rolling Valley
Rolling Valley,Week2,Villa Aquatic,Week4,295.0 Villa Aquatic - 107.0 Rolling Valley
Rolling Valley,Week1,Villa Aquatic,Week4,325.0 Villa Aquatic - 77.0 Rolling Valley
Rutherford,Week5,Dunn Loring,Week5,330.0 Dunn Loring - 72.0 Rutherford
Rolling Hills,Week4,Rutherford,Week1,246.5 Rolling Hills - 150.5 Rutherford
Rolling Valley,Week4,Hunt Valley,Week4,339.0 Hunt Valley - 63.0 Rolling Valley
Rolling Valley,Week2,Hunter Mill,Week2,311.0 Hunter Mill - 91.0 Rolling Valley
Rutherford,Week3,Dunn Loring,Week5,335.0 Dunn Loring - 67.0 Rutherford
Rolling Valley,Week1,Villa Aquatic,Week1,290.0 Villa Aquatic - 112.0 Rolling Valley
Rolling Valley,Week5,Waynewood,Week4,322.0 Waynewood - 80.0 Rolling Valley
Rutherford,Week1,Hollin Meadows,Week5,294.0 Hollin Meadows - 108.0 Rutherford
Rolling Valley,Week4,Orange Hunt,Week5,300.0 Orange Hunt - 102.0 Rolling Valley
Rolling Valley,Week1,Lee Graham,Week2,367.0 Lee Graham - 35.0 Rolling Valley
Rutherford,Week5,Dunn Loring,Week3,347.0 Dunn Loring - 55.0 Rutherford
Rolling Valley,Week2,Hunter Mill,Week4,329.0 Hunter Mill - 73.0 Rolling Valley
Rutherford,Week1,Holmes Run Acres,Week2,279.0 Holmes Run Acres - 123.0 Rutherford
Rolling Hills,Week2,Shouse Village,Week5,250.0 Shouse Village - 152.0 Rolling Hills
Rolling Valley,Week2,Hunter Mill,Week1,321.0 Hunter Mill - 81.0 Rolling Valley
Rutherford,Week5,Dunn Loring,Week2,339.0 Dunn Loring - 63.0 Rutherford
Rutherford,Week3,Dunn Loring,Week2,331.0 Dunn Loring - 71.0 Rutherford
Rolling Valley,Week4,Vienna Woods,Week4,357.0 Vienna Woods - 45.0 Rolling Valley
Rolling Valley,Week1,Villa Aquatic,Week5,327.0 Villa Aquatic - 75.0 Rolling Valley
Rolling Valley,Week4,Hunter Mill,Week3,319.0 Hunter Mill - 83.0 Rolling Valley
Rutherford,Week3,Dunn Loring,Week1,293.0 Dunn Loring - 104.0 Rutherford
Rolling Valley,Week3,Hunter Mill,Week3,335.0 Hunter Mill - 67.0 Rolling Valley
Rolling Valley,Week5,Old Keene Mill,Week2,213.0 Old Keene Mill - 189.0 Rolling Valley
Rolling Valley,Week5,Laurel Hill,Week5,229.5 Laurel Hill - 172.5 Rolling Valley
Rolling Valley,Week4,Waynewood,Week5,345.0 Waynewood - 57.0 Rolling Valley
Rolling Valley,Week5,Lee Graham,Week3,343.0 Lee Graham - 59.0 Rolling Valley
Rolling Hills,Week3,Shouse Village,Week1,208.0 Shouse Village - 194.0 Rolling Hills
Rolling Valley,Week4,Lee Graham,Week3,342.0 Lee Graham - 60.0 Rolling Valley
Rolling Valley,Week1,Hunter Mill,Week4,353.0 Hunter Mill - 49.0 Rolling Valley
Rolling Valley,Week4,Lee Graham,Week2,342.0 Lee Graham - 60.0 Rolling Valley
Rutherford,Week1,Fair Oaks ,Week2,281.0 Fair Oaks - 121.0 Rutherford
Rolling Valley,Week1,Orange Hunt,Week5,318.0 Orange Hunt - 84.0 Rolling Valley
Rutherford,Week2,Holmes Run Acres,Week2,263.0 Holmes Run Acres - 139.0 Rutherford
Rolling Valley,Week3,Woodley,Week3,215.5 Woodley - 186.5 Rolling Valley
Rolling Valley,Week4,Villa Aquatic,Week3,317.5 Villa Aquatic - 84.5 Rolling Valley
Rolling Valley,Week3,Woodley,Week1,216.0 Rolling Valley - 186.0 Woodley
Rolling Valley,Week3,Old Keene Mill,Week5,248.0 Old Keene Mill - 149.0 Rolling Valley
Rutherford,Week4,Hollin Meadows,Week2,239.5 Hollin Meadows - 162.5 Rutherford
Rutherford,Week3,Hollin Meadows,Week3,277.0 Hollin Meadows - 125.0 Rutherford
Rolling Valley,Week2,Villa Aquatic,Week1,266.0 Villa Aquatic - 136.0 Rolling Valley
Rutherford,Week1,Fair Oaks ,Week1,301.0 Fair Oaks - 101.0 Rutherford
Rolling Valley,Week5,Old Keene Mill,Week1,206.0 Old Keene Mill - 196.0 Rolling Valley
Rolling Valley,Week3,Vienna Woods,Week4,352.0 Vienna Woods - 50.0 Rolling Valley
Rutherford,Week2,Fair Oaks ,Week4,280.5 Fair Oaks - 121.5 Rutherford
Rolling Valley,Week4,Woodley,Week3,208.0 Woodley - 194.0 Rolling Valley
Rolling Valley,Week4,Old Keene Mill,Week2,218.0 Old Keene Mill - 184.0 Rolling Valley
Rutherford,Week2,Fair Oaks ,Week1,304.0 Fair Oaks - 98.0 Rutherford
Rutherford,Week1,Fair Oaks ,Week4,287.0 Fair Oaks - 115.0 Rutherford
Rolling Valley,Week5,Laurel Hill,Week1,207.0 Rolling Valley - 194.0 Laurel Hill
Rutherford,Week3,Holmes Run Acres,Week3,288.0 Holmes Run Acres - 114.0 Rutherford
Rolling Valley,Week5,Woodley,Week1,221.0 Rolling Valley - 181.0 Woodley
Rolling Valley,Week5,Vienna Woods,Week4,345.0 Vienna Woods - 57.0 Rolling Valley
Rolling Valley,Week2,Orange Hunt,Week1,296.0 Orange Hunt - 106.0 Rolling Valley
Rolling Valley,Week5,Vienna Woods,Week3,360.0 Vienna Woods - 42.0 Rolling Valley
Rolling Valley,Week1,Orange Hunt,Week3,309.0 Orange Hunt - 93.0 Rolling Valley
Rutherford,Week3,Fair Oaks ,Week4,257.5 Fair Oaks - 144.5 Rutherford
Rutherford,Week1,Annandale,Week4,204.0 Rutherford - 198.0 Annandale
Rutherford,Week3,Fair Oaks ,Week3,275.0 Fair Oaks - 127.0 Rutherford
Rolling Valley,Week5,Hunter Mill,Week1,318.0 Hunter Mill - 84.0 Rolling Valley
Rolling Valley,Week3,Woodley,Week2,220.0 Woodley - 182.0 Rolling Valley
Rolling Valley,Week1,Ilda Community,Week4,266.0 Ilda Community - 135.0 Rolling Valley
Rolling Valley,Week1,Lee Graham,Week1,362.0 Lee Graham - 40.0 Rolling Valley
Rutherford,Week2,Hollin Meadows,Week4,283.0 Hollin Meadows - 119.0 Rutherford
Rolling Valley,Week4,Lee Graham,Week5,343.0 Lee Graham - 59.0 Rolling Valley
Rolling Valley,Week5,Hunter Mill,Week2,310.0 Hunter Mill - 92.0 Rolling Valley
Rutherford,Week3,Holmes Run Acres,Week1,256.0 Holmes Run Acres - 146.0 Rutherford
Rutherford,Week4,Holmes Run Acres,Week3,282.0 Holmes Run Acres - 120.0 Rutherford
Rolling Valley,Week5,Laurel Hill,Week2,215.0 Rolling Valley - 187.0 Laurel Hill
Rolling Valley,Week5,Hunter Mill,Week3,322.0 Hunter Mill - 80.0 Rolling Valley
Rolling Valley,Week4,Woodley,Week4,216.0 Woodley - 186.0 Rolling Valley
Rolling Valley,Week5,Lee Graham,Week4,342.0 Lee Graham - 60.0 Rolling Valley
Rolling Valley,Week4,Vienna Woods,Week3,366.0 Vienna Woods - 36.0 Rolling Valley
Rolling Valley,Week5,Laurel Hill,Week4,206.0 Laurel Hill - 196.0 Rolling Valley
Rolling Valley,Week5,Hunter Mill,Week5,338.0 Hunter Mill - 64.0 Rolling Valley
Rolling Valley,Week5,Villa Aquatic,Week4,298.5 Villa Aquatic - 103.5 Rolling Valley
Rolling Valley,Week4,Old Keene Mill,Week1,212.0 Old Keene Mill - 190.0 Rolling Valley
Rolling Valley,Week1,Ilda Community,Week3,248.0 Ilda Community - 153.0 Rolling Valley
Rolling Valley,Week3,Old Keene Mill,Week2,209.0 Old Keene Mill - 193.0 Rolling Valley
Rolling Valley,Week1,Orange Hunt,Week4,307.0 Orange Hunt - 95.0 Rolling Valley
Rutherford,Week2,Hollin Meadows,Week5,281.0 Hollin Meadows - 121.0 Rutherford
Rolling Valley,Week2,Villa Aquatic,Week2,276.0 Villa Aquatic - 126.0 Rolling Valley
Rutherford,Week3,Hollin Meadows,Week1,274.0 Hollin Meadows - 128.0 Rutherford
Rutherford,Week5,Dunn Loring,Week4,336.0 Dunn Loring - 66.0 Rutherford
Rutherford,Week1,Holmes Run Acres,Week1,296.0 Holmes Run Acres - 106.0 Rutherford
Rolling Valley,Week3,Woodley,Week5,235.0 Woodley - 167.0 Rolling Valley
Rolling Valley,Week1,Ilda Community,Week2,255.0 Ilda Community - 147.0 Rolling Valley
Rolling Valley,Week1,Ilda Community,Week5,246.0 Ilda Community - 155.0 Rolling Valley
Rolling Valley,Week3,Ilda Community,Week5,242.0 Ilda Community - 160.0 Rolling Valley
Rolling Valley,Week5,Vienna Woods,Week5,362.0 Vienna Woods - 40.0 Rolling Valley
Rolling Valley,Week4,Vienna Woods,Week2,359.5 Vienna Woods - 42.5 Rolling Valley
Rolling Valley,Week2,Orange Hunt,Week2,299.0 Orange Hunt - 103.0 Rolling Valley
Rutherford,Week4,Annandale,Week2,226.0 Rutherford - 176.0 Annandale
Rolling Valley,Week3,Orange Hunt,Week4,285.0 Orange Hunt - 117.0 Rolling Valley
Rutherford,Week3,Fair Oaks ,Week5,292.0 Fair Oaks - 110.0 Rutherford
Rolling Valley,Week3,Lee Graham,Week1,335.0 Lee Graham - 67.0 Rolling Valley
Rolling Valley,Week1,Lee Graham,Week5,362.0 Lee Graham - 40.0 Rolling Valley
Rutherford,Week4,Annandale,Week3,220.0 Rutherford - 182.0 Annandale
Rolling Valley,Week5,Ilda Community,Week2,224.0 Ilda Community - 178.0 Rolling Valley
Rutherford,Week2,Annandale,Week3,209.0 Annandale - 193.0 Rutherford
Rutherford,Week4,Fair Oaks ,Week2,241.0 Fair Oaks - 161.0 Rutherford
Rutherford,Week5,Holmes Run Acres,Week2,234.0 Holmes Run Acres - 168.0 Rutherford
Rutherford,Week3,Fair Oaks ,Week2,247.0 Fair Oaks - 154.0 Rutherford
Rutherford,Week5,Holmes Run Acres,Week4,242.0 Holmes Run Acres - 160.0 Rutherford
Rolling Valley,Week2,Ilda Community,Week2,238.0 Ilda Community - 164.0 Rolling Valley
Rolling Valley,Week4,Vienna Woods,Week1,352.0 Vienna Woods - 50.0 Rolling Valley
Rolling Valley,Week1,Villa Aquatic,Week2,294.5 Villa Aquatic - 107.5 Rolling Valley
Rutherford,Week4,Fair Oaks ,Week1,264.0 Fair Oaks - 138.0 Rutherford
Rutherford,Week5,Annandale,Week5,208.0 Rutherford - 194.0 Annandale
Rutherford,Week5,Hollin Meadows,Week1,270.0 Hollin Meadows - 132.0 Rutherford
Rolling Valley,Week4,Lee Graham,Week4,339.0 Lee Graham - 63.0 Rolling Valley
Rolling Valley,Week2,Orange Hunt,Week5,304.0 Orange Hunt - 98.0 Rolling Valley
Rutherford,Week3,Holmes Run Acres,Week4,266.0 Holmes Run Acres - 136.0 Rutherford
Rutherford,Week1,Annandale,Week3,214.0 Annandale - 188.0 Rutherford
Rolling Valley,Week1,Villa Aquatic,Week3,331.0 Villa Aquatic - 71.0 Rolling Valley
Rolling Valley,Week2,Orange Hunt,Week4,288.0 Orange Hunt - 114.0 Rolling Valley
Rolling Valley,Week2,Lee Graham,Week4,337.0 Lee Graham - 65.0 Rolling Valley
Rutherford,Week5,Annandale,Week2,218.0 Rutherford - 184.0 Annandale
Rutherford,Week3,Hollin Meadows,Week4,270.0 Hollin Meadows - 132.0 Rutherford
Rutherford,Week3,Hollin Meadows,Week5,275.0 Hollin Meadows - 127.0 Rutherford
Rolling Valley,Week2,Orange Hunt,Week3,295.0 Orange Hunt - 107.0 Rolling Valley
Rolling Valley,Week1,Kent Gardens,Week5,342.0 Kent Gardens - 60.0 Rolling Valley
Rutherford,Week5,Hollin Meadows,Week3,268.0 Hollin Meadows - 134.0 Rutherford
Rutherford,Week2,Fair Oaks ,Week3,300.0 Fair Oaks - 102.0 Rutherford
Rolling Valley,Week3,Orange Hunt,Week5,298.0 Orange Hunt - 104.0 Rolling Valley
Rutherford,Week2,Fair Oaks ,Week5,306.0 Fair Oaks - 96.0 Rutherford
Rolling Valley,Week1,Orange Hunt,Week1,314.0 Orange Hunt - 88.0 Rolling Valley
Rutherford,Week3,Fair Oaks ,Week1,278.0 Fair Oaks - 124.0 Rutherford
Rolling Valley,Week3,Lincolnia Park,Week4,233.0 Rolling Valley - 168.0 Lincolnia Park
Rutherford,Week2,Annandale,Week4,225.0 Rutherford - 177.0 Annandale
Rolling Valley,Week5,Ilda Community,Week3,208.0 Ilda Community - 194.0 Rolling Valley
Rolling Valley,Week4,Lincolnia Park,Week4,242.0 Rolling Valley - 160.0 Lincolnia Park
Rolling Valley,Week4,Ilda Community,Week3,210.0 Ilda Community - 192.0 Rolling Valley
Rolling Valley,Week1,Little Hunting Park,Week1,270.0 Little Hunting Park - 131.0 Rolling Valley
Rolling Valley,Week3,Vienna Woods,Week2,356.0 Vienna Woods - 46.0 Rolling Valley
Rolling Valley,Week1,Kent Gardens,Week3,323.0 Kent Gardens - 79.0 Rolling Valley
Rolling Valley,Week3,Vienna Woods,Week5,370.0 Vienna Woods - 32.0 Rolling Valley
Rolling Valley,Week5,Woodley,Week4,209.0 Woodley - 193.0 Rolling Valley
Rolling Valley,Week3,Lee Graham,Week3,347.0 Lee Graham - 55.0 Rolling Valley
Rutherford,Week2,Fair Oaks ,Week2,268.0 Fair Oaks - 134.0 Rutherford
Rolling Valley,Week3,Vienna Woods,Week1,351.0 Vienna Woods - 46.0 Rolling Valley
Rolling Valley,Week4,Orange Hunt,Week1,289.0 Orange Hunt - 113.0 Rolling Valley
Rutherford,Week4,Hollin Meadows,Week5,268.0 Hollin Meadows - 134.0 Rutherford
Rutherford,Week3,Annandale,Week3,210.0 Rutherford - 192.0 Annandale
Rolling Valley,Week1,Lincolnia Park,Week5,230.0 Lincolnia Park - 163.0 Rolling Valley
Rutherford,Week5,Hollin Meadows,Week4,265.0 Hollin Meadows - 137.0 Rutherford
Rutherford,Week5,Hollin Meadows,Week5,267.0 Hollin Meadows - 135.0 Rutherford
Rolling Valley,Week3,Orange Hunt,Week2,292.0 Orange Hunt - 110.0 Rolling Valley
Rolling Valley,Week4,Ilda Community,Week4,228.0 Ilda Community - 174.0 Rolling Valley
Rutherford,Week3,Annandale,Week5,218.0 Rutherford - 184.0 Annandale
Rolling Valley,Week3,Villa Aquatic,Week5,305.0 Villa Aquatic - 97.0 Rolling Valley
Rolling Valley,Week5,Vienna Woods,Week2,356.0 Vienna Woods - 46.0 Rolling Valley
Rolling Valley,Week3,Ilda Community,Week2,226.0 Ilda Community - 176.0 Rolling Valley
Rutherford,Week1,Holmes Run Acres,Week3,312.0 Holmes Run Acres - 90.0 Rutherford
Rolling Valley,Week3,Overlee,Week5,392.0 Overlee - 10.0 Rolling Valley
Rolling Valley,Week3,Villa Aquatic,Week1,274.0 Villa Aquatic - 128.0 Rolling Valley
Rolling Valley,Week3,Orange Hunt,Week3,293.0 Orange Hunt - 109.0 Rolling Valley
Rolling Valley,Week4,Villa Aquatic,Week1,271.0 Villa Aquatic - 131.0 Rolling Valley
Rutherford,Week5,Fair Oaks ,Week1,270.0 Fair Oaks - 132.0 Rutherford
Rolling Valley,Week2,Kent Gardens,Week1,303.0 Kent Gardens - 99.0 Rolling Valley
Rolling Valley,Week1,Little Hunting Park,Week3,274.0 Little Hunting Park - 127.0 Rolling Valley
Rutherford,Week1,Annandale,Week5,204.0 Annandale - 198.0 Rutherford
Rolling Valley,Week2,Kent Gardens,Week2,281.0 Kent Gardens - 121.0 Rolling Valley
Rutherford,Week2,Annandale,Week1,213.0 Rutherford - 188.0 Annandale
Rutherford,Week3,Annandale,Week2,221.0 Rutherford - 181.0 Annandale
Rolling Valley,Week3,Villa Aquatic,Week3,316.0 Villa Aquatic - 86.0 Rolling Valley
Rutherford,Week4,Hollin Meadows,Week3,271.0 Hollin Meadows - 131.0 Rutherford
Rutherford,Week4,Fair Oaks ,Week4,260.0 Fair Oaks - 142.0 Rutherford
Rolling Valley,Week5,Lincolnia Park,Week1,232.0 Rolling Valley - 170.0 Lincolnia Park
Rutherford,Week4,Hollin Meadows,Week1,269.0 Hollin Meadows - 133.0 Rutherford
Rolling Valley,Week2,Little Hunting Park,Week2,231.0 Little Hunting Park - 171.0 Rolling Valley
Rolling Valley,Week2,Lincolnia Park,Week1,240.0 Rolling Valley - 162.0 Lincolnia Park
Rolling Valley,Week4,Orange Hunt,Week3,297.0 Orange Hunt - 105.0 Rolling Valley
Rutherford,Week4,Fair Oaks ,Week3,278.0 Fair Oaks - 124.0 Rutherford
Rolling Valley,Week4,Ilda Community,Week5,226.0 Ilda Community - 175.0 Rolling Valley
Rutherford,Week5,Annandale,Week3,225.0 Rutherford - 177.0 Annandale
Rolling Valley,Week4,Orange Hunt,Week4,294.0 Orange Hunt - 108.0 Rolling Valley
Rutherford,Week1,Annandale,Week2,208.5 Rutherford - 193.5 Annandale
Rutherford,Week1,Fairfax,Week4,342.0 Fairfax - 59.0 Rutherford
Rolling Valley,Week2,Villa Aquatic,Week3,320.0 Villa Aquatic - 82.0 Rolling Valley
Rutherford,Week4,Hollin Meadows,Week4,271.0 Hollin Meadows - 131.0 Rutherford
Rolling Valley,Week2,Lincolnia Park,Week5,207.0 Rolling Valley - 186.0 Lincolnia Park
Rutherford,Week4,Fair Oaks ,Week5,290.0 Fair Oaks - 112.0 Rutherford
Rolling Valley,Week3,Orange Hunt,Week1,279.0 Orange Hunt - 123.0 Rolling Valley
Rolling Valley,Week1,Kent Gardens,Week4,321.0 Kent Gardens - 81.0 Rolling Valley
Rutherford,Week5,Fairfax,Week2,301.0 Fairfax - 101.0 Rutherford
Rolling Valley,Week4,Villa Aquatic,Week2,273.5 Villa Aquatic - 128.5 Rolling Valley
Rolling Valley,Week3,Lincolnia Park,Week2,229.0 Rolling Valley - 163.0 Lincolnia Park
Rolling Valley,Week4,Villa Aquatic,Week4,304.0 Villa Aquatic - 98.0 Rolling Valley
Rolling Valley,Week2,Ilda Community,Week4,238.0 Ilda Community - 164.0 Rolling Valley
Rutherford,Week4,Annandale,Week1,242.0 Rutherford - 160.0 Annandale
Rutherford,Week1,Fairfax Club Estates,Week2,231.0 Fairfax Club Estates - 170.0 Rutherford
Rolling Valley,Week1,Overlee,Week2,392.0 Overlee - 10.0 Rolling Valley
Rolling Valley,Week4,Villa Aquatic,Week5,303.0 Villa Aquatic - 99.0 Rolling Valley
Rutherford,Week2,Fairfax,Week5,345.0 Fairfax - 56.0 Rutherford
Rolling Valley,Week5,Woodley,Week5,220.0 Woodley - 182.0 Rolling Valley
Rutherford,Week2,Holmes Run Acres,Week1,273.0 Holmes Run Acres - 129.0 Rutherford
Rolling Valley,Week3,Ilda Community,Week1,219.0 Ilda Community - 183.0 Rolling Valley
Rutherford,Week5,Fairfax,Week4,295.0 Fairfax - 106.0 Rutherford
Rutherford,Week5,Fair Oaks ,Week5,281.0 Fair Oaks - 121.0 Rutherford
Rutherford,Week2,Annandale,Week5,207.0 Annandale - 195.0 Rutherford
Rolling Valley,Week2,Lincolnia Park,Week3,197.5 Rolling Valley - 195.5 Lincolnia Park
Rolling Valley,Week3,Villa Aquatic,Week4,297.0 Villa Aquatic - 105.0 Rolling Valley
Rolling Valley,Week4,Overlee,Week1,362.0 Overlee - 40.0 Rolling Valley
Rolling Valley,Week2,Overlee,Week5,392.5 Overlee - 9.5 Rolling Valley
Rolling Valley,Week1,Lincolnia Park,Week3,230.0 Lincolnia Park - 163.0 Rolling Valley
Rolling Valley,Week5,Orange Hunt,Week1,278.0 Orange Hunt - 124.0 Rolling Valley
Rutherford,Week3,Annandale,Week4,218.0 Rutherford - 184.0 Annandale
Rutherford,Week3,Hollin Meadows,Week2,235.0 Hollin Meadows - 167.0 Rutherford
Rutherford,Week1,Holmes Run Acres,Week4,293.0 Holmes Run Acres - 109.0 Rutherford
Rolling Valley,Week5,Ilda Community,Week4,233.0 Ilda Community - 169.0 Rolling Valley
Rolling Valley,Week3,Villa Aquatic,Week2,284.0 Villa Aquatic - 118.0 Rolling Valley
Rolling Valley,Week2,Lincolnia Park,Week4,238.0 Rolling Valley - 164.0 Lincolnia Park
Rutherford,Week1,Holmes Run Acres,Week5,324.0 Holmes Run Acres - 78.0 Rutherford
Rutherford,Week1,Fairfax,Week5,349.0 Fairfax - 52.0 Rutherford
Rolling Valley,Week5,Orange Hunt,Week2,278.0 Orange Hunt - 124.0 Rolling Valley
Rolling Valley,Week4,Ilda Community,Week2,210.0 Ilda Community - 192.0 Rolling Valley
Rutherford,Week2,Holmes Run Acres,Week3,309.0 Holmes Run Acres - 93.0 Rutherford
Rutherford,Week4,Fairfax,Week4,299.0 Fairfax - 103.0 Rutherford
Rolling Valley,Week4,Overlee,Week2,376.0 Overlee - 26.0 Rolling Valley
Rolling Valley,Week4,Overlee,Week4,390.0 Overlee - 12.0 Rolling Valley
Rutherford,Week2,Fairfax,Week2,330.0 Fairfax - 72.0 Rutherford
Rolling Valley,Week5,Villa Aquatic,Week3,318.0 Villa Aquatic - 84.0 Rolling Valley
Rutherford,Week2,Holmes Run Acres,Week5,308.0 Holmes Run Acres - 94.0 Rutherford
Rutherford,Week3,Holmes Run Acres,Week2,239.0 Holmes Run Acres - 163.0 Rutherford
Rolling Valley,Week4,Lincolnia Park,Week2,249.0 Rolling Valley - 143.0 Lincolnia Park
Rolling Valley,Week3,Ilda Community,Week3,234.0 Ilda Community - 168.0 Rolling Valley
Rutherford,Week5,Annandale,Week1,233.0 Rutherford - 169.0 Annandale
Rutherford,Week4,Fairfax,Week5,330.0 Fairfax - 72.0 Rutherford
Rolling Valley,Week5,Lincolnia Park,Week3,204.0 Rolling Valley - 189.0 Lincolnia Park
Rolling Valley,Week5,Ilda Community,Week5,225.0 Ilda Community - 177.0 Rolling Valley
Rolling Valley,Week3,Lincolnia Park,Week3,203.0 Lincolnia Park - 190.0 Rolling Valley
Rutherford,Week1,Arlington Forest,Week1,316.0 Arlington Forest - 86.0 Rutherford
Rolling Valley,Week5,Ilda Community,Week1,216.0 Ilda Community - 186.0 Rolling Valley
Rolling Valley,Week1,Kent Gardens,Week1,329.0 Kent Gardens - 73.0 Rolling Valley
Rolling Valley,Week5,Villa Aquatic,Week2,273.0 Villa Aquatic - 129.0 Rolling Valley
Rolling Valley,Week4,Lincolnia Park,Week5,202.0 Rolling Valley - 190.0 Lincolnia Park
Rolling Valley,Week4,Overlee,Week3,372.0 Overlee - 30.0 Rolling Valley
Rutherford,Week2,Holmes Run Acres,Week4,272.0 Holmes Run Acres - 130.0 Rutherford
Rutherford,Week5,Annandale,Week4,238.0 Rutherford - 164.0 Annandale
Rutherford,Week4,Annandale,Week5,234.0 Rutherford - 168.0 Annandale
Rolling Valley,Week5,Villa Aquatic,Week1,268.0 Villa Aquatic - 134.0 Rolling Valley
Rolling Valley,Week5,Village West,Week4,216.0 Village West - 181.0 Rolling Valley
Rutherford,Week1,Annandale,Week1,215.0 Rutherford - 187.0 Annandale
Rutherford,Week4,Holmes Run Acres,Week5,284.0 Holmes Run Acres - 118.0 Rutherford
Rolling Valley,Week5,Overlee,Week1,358.0 Overlee - 44.0 Rolling Valley
Rolling Valley,Week5,Villa Aquatic,Week5,301.0 Villa Aquatic - 101.0 Rolling Valley
Rutherford,Week4,Annandale,Week4,239.0 Rutherford - 163.0 Annandale
Rolling Valley,Week1,Village West,Week2,252.0 Village West - 150.0 Rolling Valley
Rutherford,Week2,Fairfax,Week3,328.0 Fairfax - 73.0 Rutherford
Rolling Valley,Week3,Ilda Community,Week4,253.0 Ilda Community - 149.0 Rolling Valley
Rutherford,Week3,Annandale,Week1,238.0 Rutherford - 164.0 Annandale
Rolling Valley,Week3,Village West,Week4,215.0 Village West - 182.0 Rolling Valley
Rolling Valley,Week5,Kent Gardens,Week1,303.0 Kent Gardens - 99.0 Rolling Valley
Rolling Valley,Week4,Lincolnia Park,Week3,212.0 Rolling Valley - 180.0 Lincolnia Park
Rolling Valley,Week2,Lincolnia Park,Week2,244.5 Rolling Valley - 148.5 Lincolnia Park
Rolling Valley,Week2,Village West,Week3,235.0 Village West - 167.0 Rolling Valley
Rolling Valley,Week5,Lincolnia Park,Week4,236.0 Rolling Valley - 166.0 Lincolnia Park
Rutherford,Week3,Holmes Run Acres,Week5,293.0 Holmes Run Acres - 109.0 Rutherford
Rolling Valley,Week4,Kent Gardens,Week1,300.0 Kent Gardens - 102.0 Rolling Valley
Rutherford,Week5,Holmes Run Acres,Week1,230.0 Holmes Run Acres - 172.0 Rutherford
Rolling Valley,Week1,Kent Gardens,Week2,317.0 Kent Gardens - 85.0 Rolling Valley
Rolling Valley,Week1,Overlee,Week3,395.0 Overlee - 7.0 Rolling Valley
Rolling Valley,Week2,Overlee,Week3,380.0 Overlee - 22.0 Rolling Valley
Rolling Valley,Week4,Ilda Community,Week1,218.0 Ilda Community - 183.0 Rolling Valley
Rutherford,Week5,Fair Oaks ,Week2,244.0 Fair Oaks - 158.0 Rutherford
Rolling Valley,Week4,Village West,Week4,226.0 Village West - 171.0 Rolling Valley
Rutherford,Week1,Fairfax,Week1,327.0 Fairfax - 75.0 Rutherford
Rolling Valley,Week3,Overlee,Week2,379.0 Overlee - 23.0 Rolling Valley
Rutherford,Week2,Annandale,Week2,201.0 Annandale - 201.0 Rutherford
Rolling Valley,Week5,Overlee,Week2,375.0 Overlee - 27.0 Rolling Valley
Rolling Valley,Week1,Lincolnia Park,Week4,210.0 Lincolnia Park - 192.0 Rolling Valley
Rutherford,Week4,Holmes Run Acres,Week4,255.0 Holmes Run Acres - 147.0 Rutherford
Rutherford,Week2,Fairfax,Week4,317.0 Fairfax - 84.0 Rutherford
Rolling Valley,Week3,Village West,Week5,223.0 Village West - 179.0 Rolling Valley
Rolling Valley,Week5,Woodley,Week2,211.0 Woodley - 191.0 Rolling Valley
Rolling Valley,Week1,Lincolnia Park,Week2,202.0 Lincolnia Park - 187.0 Rolling Valley
Rolling Valley,Week5,Woodley,Week3,203.0 Woodley - 199.0 Rolling Valley
Rutherford,Week2,Fairfax,Week1,315.0 Fairfax - 87.0 Rutherford
Rolling Valley,Week5,Lee Graham,Week5,345.0 Lee Graham - 57.0 Rolling Valley
Rutherford,Week4,Holmes Run Acres,Week2,243.0 Holmes Run Acres - 159.0 Rutherford
Rolling Valley,Week4,Overlee,Week5,388.0 Overlee - 14.0 Rolling Valley
Rutherford,Week4,Holmes Run Acres,Week1,246.0 Holmes Run Acres - 156.0 Rutherford
Rutherford,Week1,Fairfax,Week3,335.0 Fairfax - 66.0 Rutherford
Rutherford,Week4,Fairfax,Week2,312.0 Fairfax - 90.0 Rutherford
Rolling Valley,Week2,Ilda Community,Week5,230.0 Ilda Community - 171.0 Rolling Valley
Rolling Valley,Week2,Overlee,Week4,389.0 Overlee - 13.0 Rolling Valley
Rutherford,Week2,Brandywine,Week1,263.0 Brandywine - 139.0 Rutherford
Rutherford,Week5,Fairfax,Week1,292.0 Fairfax - 110.0 Rutherford
Rolling Valley,Week1,Village West,Week4,253.0 Village West - 143.0 Rolling Valley
Rolling Valley,Week3,Lincolnia Park,Week1,226.0 Rolling Valley - 175.0 Lincolnia Park
Rutherford,Week1,Hunt Valley,Week3,345.0 Hunt Valley - 57.0 Rutherford
Rutherford,Week3,Fairfax,Week2,307.0 Fairfax - 95.0 Rutherford
Rolling Valley,Week3,Village West,Week2,216.0 Village West - 186.0 Rolling Valley
Rolling Valley,Week3,Kent Gardens,Week1,314.0 Kent Gardens - 88.0 Rolling Valley
Rutherford,Week1,Hunt Valley,Week5,351.0 Hunt Valley - 51.0 Rutherford
Rolling Valley,Week2,Village West,Week1,211.0 Village West - 191.0 Rolling Valley
Rutherford,Week1,Arlington Forest,Week4,309.0 Arlington Forest - 93.0 Rutherford
Rolling Valley,Week1,Lincolnia Park,Week1,207.0 Lincolnia Park - 195.0 Rolling Valley
Rolling Valley,Week4,Village West,Week5,216.0 Village West - 186.0 Rolling Valley
Rutherford,Week1,Fairfax,Week2,330.0 Fairfax - 72.0 Rutherford
Rolling Valley,Week5,Orange Hunt,Week4,285.0 Orange Hunt - 117.0 Rolling Valley
Rutherford,Week3,Fairfax,Week3,305.0 Fairfax - 96.0 Rutherford
Rolling Valley,Week3,Overlee,Week4,391.0 Overlee - 11.0 Rolling Valley
Rutherford,Week5,Holmes Run Acres,Week3,270.0 Holmes Run Acres - 132.0 Rutherford
Rolling Valley,Week5,Lincolnia Park,Week5,211.0 Rolling Valley - 182.0 Lincolnia Park
Rolling Valley,Week4,Lincolnia Park,Week1,231.5 Rolling Valley - 169.5 Lincolnia Park
Rutherford,Week3,Arlington Forest,Week4,293.0 Arlington Forest - 109.0 Rutherford
Rolling Valley,Week1,Kings Ridge ,Week2,235.0 Kings Ridge - 167.0 Rolling Valley
Rutherford,Week5,Holmes Run Acres,Week5,276.0 Holmes Run Acres - 126.0 Rutherford
Rolling Valley,Week2,Kings Ridge ,Week2,206.5 Kings Ridge - 195.5 Rolling Valley
Rutherford,Week1,Hunt Valley,Week2,334.0 Hunt Valley - 68.0 Rutherford
Rolling Valley,Week1,Overlee,Week1,392.0 Overlee - 10.0 Rolling Valley
Rutherford,Week4,Arlington Forest,Week3,237.0 Arlington Forest - 165.0 Rutherford
Rolling Valley,Week1,Overlee,Week4,397.0 Overlee - 5.0 Rolling Valley
Rolling Valley,Week1,Kings Ridge ,Week4,256.0 Kings Ridge - 146.0 Rolling Valley
Rolling Valley,Week3,Lincolnia Park,Week5,202.0 Rolling Valley - 190.0 Lincolnia Park
Rolling Valley,Week5,Lincolnia Park,Week2,229.0 Rolling Valley - 163.0 Lincolnia Park
Rolling Valley,Week2,Village West,Week5,230.0 Village West - 172.0 Rolling Valley
Rutherford,Week5,Fair Oaks ,Week4,267.0 Fair Oaks - 135.0 Rutherford
Rolling Valley,Week1,Overlee,Week5,395.0 Overlee - 7.0 Rolling Valley
Rutherford,Week1,Brandywine,Week3,263.0 Brandywine - 134.0 Rutherford
Rolling Valley,Week2,Overlee,Week2,380.0 Overlee - 22.0 Rolling Valley
Rolling Valley,Week3,Kings Ridge ,Week2,202.0 Rolling Valley - 200.0 Kings Ridge
Rolling Valley,Week1,Little Hunting Park,Week5,284.5 Little Hunting Park - 115.5 Rolling Valley
Rutherford,Week1,Hunt Valley,Week4,343.0 Hunt Valley - 59.0 Rutherford
Rolling Valley,Week1,Little Hunting Park,Week2,267.5 Little Hunting Park - 133.5 Rolling Valley
Rolling Valley,Week2,Village West,Week4,226.0 Village West - 171.0 Rolling Valley
Rutherford,Week5,Arlington Forest,Week4,288.0 Arlington Forest - 114.0 Rutherford
Rutherford,Week3,Arlington Forest,Week1,291.0 Arlington Forest - 111.0 Rutherford
Rolling Valley,Week4,Kent Gardens,Week5,325.0 Kent Gardens - 77.0 Rolling Valley
Rutherford,Week3,Fairfax,Week5,329.0 Fairfax - 72.0 Rutherford
Rutherford,Week4,Fairfax,Week1,286.5 Fairfax - 115.5 Rutherford
Rutherford,Week3,Fairfax,Week4,313.0 Fairfax - 88.0 Rutherford
Rutherford,Week1,Hunt Valley,Week1,331.0 Hunt Valley - 71.0 Rutherford
Rolling Valley,Week2,Village West,Week2,214.0 Village West - 188.0 Rolling Valley
Rolling Valley,Week1,Kings Ridge ,Week3,255.0 Kings Ridge - 146.0 Rolling Valley
Rolling Valley,Week3,Village West,Week1,213.0 Village West - 189.0 Rolling Valley
Rolling Valley,Week3,Overlee,Week1,369.0 Overlee - 33.0 Rolling Valley
Rolling Valley,Week5,Orange Hunt,Week5,287.0 Orange Hunt - 115.0 Rolling Valley
Rutherford,Week4,Arlington Forest,Week2,249.0 Arlington Forest - 153.0 Rutherford
Rutherford,Week2,Hunt Valley,Week1,325.0 Hunt Valley - 77.0 Rutherford
Rolling Valley,Week3,Kings Ridge ,Week5,230.0 Kings Ridge - 172.0 Rolling Valley
Rutherford,Week1,Arlington Forest,Week5,296.0 Arlington Forest - 106.0 Rutherford
Rolling Valley,Week3,Kent Gardens,Week5,331.0 Kent Gardens - 71.0 Rolling Valley
Rutherford,Week5,Fair Oaks ,Week3,271.0 Fair Oaks - 131.0 Rutherford
Rolling Valley,Week3,Little Hunting Park,Week5,235.0 Little Hunting Park - 166.0 Rolling Valley
Rolling Valley,Week1,Little Hunting Park,Week4,262.0 Little Hunting Park - 140.0 Rolling Valley
Rutherford,Week3,Hunt Valley,Week1,312.0 Hunt Valley - 90.0 Rutherford
Rutherford,Week1,Arlington Forest,Week2,277.0 Arlington Forest - 125.0 Rutherford
Rolling Valley,Week5,Parklawn,Week4,222.0 Parklawn - 180.0 Rolling Valley
Rolling Hills,Week2,Little Hunting Park,Week5,207.0 Rolling Hills - 195.0 Little Hunting Park
Rolling Valley,Week5,Village West,Week1,206.0 Village West - 196.0 Rolling Valley
Rutherford,Week2,Hunt Valley,Week3,343.0 Hunt Valley - 59.0 Rutherford
Rolling Valley,Week3,Little Hunting Park,Week1,233.0 Little Hunting Park - 169.0 Rolling Valley
Rutherford,Week5,Fairfax,Week3,304.0 Fairfax - 97.0 Rutherford
Rutherford,Week3,Fairfax,Week1,299.0 Fairfax - 103.0 Rutherford
Rolling Valley,Week3,Overlee,Week3,373.0 Overlee - 29.0 Rolling Valley
Rutherford,Week5,Arlington Forest,Week2,258.0 Arlington Forest - 144.0 Rutherford
Rutherford,Week5,Fairfax,Week5,327.0 Fairfax - 74.0 Rutherford
Rolling Valley,Week3,Kings Ridge ,Week4,220.0 Kings Ridge - 182.0 Rolling Valley
Rutherford,Week4,Fairfax,Week3,308.0 Fairfax - 94.0 Rutherford
Rutherford,Week5,Arlington Forest,Week5,278.0 Arlington Forest - 119.0 Rutherford
Rolling Valley,Week2,Overlee,Week1,374.0 Overlee - 28.0 Rolling Valley
Rolling Valley,Week4,Kings Ridge ,Week4,230.0 Kings Ridge - 172.0 Rolling Valley
Rolling Hills,Week5,Little Hunting Park,Week5,211.0 Little Hunting Park - 191.0 Rolling Hills
Rolling Valley,Week5,Orange Hunt,Week3,281.0 Orange Hunt - 121.0 Rolling Valley
Rutherford,Week2,Hunt Valley,Week2,329.0 Hunt Valley - 73.0 Rutherford
Rolling Valley,Week1,Village West,Week3,267.0 Village West - 135.0 Rolling Valley
Rolling Valley,Week5,Kings Ridge ,Week1,205.0 Kings Ridge - 197.0 Rolling Valley
Rolling Valley,Week5,Little Hunting Park,Week1,215.0 Little Hunting Park - 187.0 Rolling Valley
Rutherford,Week2,Arlington Forest,Week1,306.0 Arlington Forest - 96.0 Rutherford
Rutherford,Week2,Hunt Valley,Week5,346.0 Hunt Valley - 56.0 Rutherford
Rolling Hills,Week3,Little Hunting Park,Week1,225.0 Rolling Hills - 176.0 Little Hunting Park
Rolling Valley,Week4,Village West,Week2,207.0 Village West - 195.0 Rolling Valley
Rolling Hills,Week5,Little Hunting Park,Week4,221.0 Rolling Hills - 181.0 Little Hunting Park
Rolling Valley,Week5,Kent Gardens,Week2,278.0 Kent Gardens - 124.0 Rolling Valley
Rutherford,Week4,Arlington Forest,Week4,292.0 Arlington Forest - 110.0 Rutherford
Rolling Hills,Week1,Little Hunting Park,Week2,223.0 Rolling Hills - 178.0 Little Hunting Park
Rolling Valley,Week3,Parklawn,Week5,228.0 Parklawn - 169.0 Rolling Valley
Rolling Valley,Week2,Little Hunting Park,Week1,231.0 Little Hunting Park - 171.0 Rolling Valley
Rolling Valley,Week1,Village West,Week5,261.0 Village West - 141.0 Rolling Valley
Rolling Valley,Week1,Kings Ridge ,Week5,268.0 Kings Ridge - 134.0 Rolling Valley
Rolling Valley,Week3,Village West,Week3,239.0 Village West - 163.0 Rolling Valley
Rutherford,Week2,Hunt Valley,Week4,332.0 Hunt Valley - 70.0 Rutherford
Rolling Valley,Week4,Little Hunting Park,Week1,224.0 Little Hunting Park - 177.0 Rolling Valley
Rolling Valley,Week2,Kent Gardens,Week4,294.0 Kent Gardens - 108.0 Rolling Valley
Rolling Valley,Week4,Kent Gardens,Week2,281.0 Kent Gardens - 121.0 Rolling Valley
Rolling Valley,Week5,Overlee,Week4,388.0 Overlee - 14.0 Rolling Valley
Rolling Valley,Week4,Village West,Week3,225.0 Village West - 177.0 Rolling Valley
Rolling Valley,Week2,Little Rocky Run,Week3,350.0 Little Rocky Run - 52.0 Rolling Valley
Rolling Valley,Week4,Parklawn,Week1,219.0 Rolling Valley - 174.0 Parklawn
Rolling Valley,Week1,Village West,Week1,254.0 Village West - 148.0 Rolling Valley
Rutherford,Week5,Fairfax Club Estates,Week1,206.5 Fairfax Club Estates - 195.5 Rutherford
Rutherford,Week1,Arlington Forest,Week3,269.0 Arlington Forest - 132.0 Rutherford
Rolling Hills,Week2,Little Hunting Park,Week3,238.0 Rolling Hills - 164.0 Little Hunting Park
Rolling Valley,Week1,Parklawn,Week3,247.0 Parklawn - 154.0 Rolling Valley
Rolling Valley,Week1,Parklawn,Week1,214.0 Parklawn - 179.0 Rolling Valley
Rolling Hills,Week1,Little Hunting Park,Week1,224.0 Rolling Hills - 174.0 Little Hunting Park
Rolling Valley,Week4,Village West,Week1,205.0 Village West - 197.0 Rolling Valley
Rutherford,Week5,Arlington Forest,Week1,274.0 Arlington Forest - 128.0 Rutherford
Rutherford,Week1,Fairfax Club Estates,Week4,240.0 Fairfax Club Estates - 161.0 Rutherford
Rolling Hills,Week4,Little Hunting Park,Week3,216.0 Rolling Hills - 185.0 Little Hunting Park
Rolling Valley,Week4,Little Hunting Park,Week2,215.0 Little Hunting Park - 187.0 Rolling Valley
Rutherford,Week2,Arlington Forest,Week2,284.0 Arlington Forest - 118.0 Rutherford
Rutherford,Week1,Fairfax Club Estates,Week1,245.0 Fairfax Club Estates - 156.0 Rutherford
Rolling Valley,Week2,Little Hunting Park,Week5,255.0 Little Hunting Park - 147.0 Rolling Valley
Rutherford,Week4,Fairfax Club Estates,Week3,204.0 Fairfax Club Estates - 198.0 Rutherford
Rolling Hills,Week1,Little Hunting Park,Week5,210.0 Little Hunting Park - 192.0 Rolling Hills
Rolling Valley,Week2,Kent Gardens,Week3,289.5 Kent Gardens - 112.5 Rolling Valley
Rutherford,Week2,Fairfax Club Estates,Week1,233.0 Fairfax Club Estates - 169.0 Rutherford
Rolling Valley,Week3,Kent Gardens,Week4,304.0 Kent Gardens - 98.0 Rolling Valley
Rolling Valley,Week5,Village West,Week3,241.0 Village West - 161.0 Rolling Valley
Rolling Valley,Week5,Village West,Week2,208.0 Village West - 194.0 Rolling Valley
Rolling Valley,Week4,Parklawn,Week5,221.0 Parklawn - 180.0 Rolling Valley
Rolling Valley,Week4,Little Hunting Park,Week5,236.0 Little Hunting Park - 166.0 Rolling Valley
Rutherford,Week4,Arlington Forest,Week5,275.0 Arlington Forest - 127.0 Rutherford
Rolling Valley,Week3,Virginia Hills,Week5,254.0 Rolling Valley - 139.0 Virginia Hills
Rolling Hills,Week2,Little Hunting Park,Week1,234.0 Rolling Hills - 167.0 Little Hunting Park
Rutherford,Week2,Fairfax Club Estates,Week3,225.0 Fairfax Club Estates - 176.0 Rutherford
Rolling Valley,Week3,Kent Gardens,Week2,286.0 Kent Gardens - 116.0 Rolling Valley
Rolling Valley,Week5,Kent Gardens,Week4,301.0 Kent Gardens - 101.0 Rolling Valley
Rutherford,Week3,Arlington Forest,Week3,241.0 Arlington Forest - 160.0 Rutherford
Rolling Valley,Week2,Little Rocky Run,Week5,366.5 Little Rocky Run - 35.5 Rolling Valley
Rolling Valley,Week2,Little Hunting Park,Week3,234.0 Little Hunting Park - 168.0 Rolling Valley
Rolling Valley,Week2,Little Rocky Run,Week4,351.0 Little Rocky Run - 51.0 Rolling Valley
Rolling Hills,Week3,Little Hunting Park,Week5,204.0 Rolling Hills - 198.0 Little Hunting Park
Rutherford,Week4,Arlington Forest,Week1,278.0 Arlington Forest - 124.0 Rutherford
Rolling Valley,Week1,Virginia Hills,Week1,250.0 Rolling Valley - 151.0 Virginia Hills
Rolling Hills,Week2,Little Hunting Park,Week4,241.0 Rolling Hills - 161.0 Little Hunting Park
Rolling Valley,Week4,Kent Gardens,Week3,292.0 Kent Gardens - 110.0 Rolling Valley
Rutherford,Week2,Arlington Forest,Week5,290.0 Arlington Forest - 112.0 Rutherford
Rolling Valley,Week2,Kent Gardens,Week5,328.0 Kent Gardens - 74.0 Rolling Valley
Rolling Valley,Week2,Parklawn,Week4,238.0 Parklawn - 163.0 Rolling Valley
Rolling Hills,Week3,Little Hunting Park,Week3,229.0 Rolling Hills - 172.0 Little Hunting Park
Rutherford,Week2,Fairfax Station,Week2,329.0 Fairfax Station - 73.0 Rutherford
Rolling Valley,Week1,Virginia Run,Week4,356.0 Virginia Run - 46.0 Rolling Valley
Rutherford,Week1,Fairfax Station,Week2,340.0 Fairfax Station - 62.0 Rutherford
Rolling Valley,Week5,Little Hunting Park,Week2,214.0 Little Hunting Park - 188.0 Rolling Valley
Rolling Valley,Week1,Parklawn,Week5,254.0 Parklawn - 147.0 Rolling Valley
Rolling Valley,Week3,Parklawn,Week3,217.0 Parklawn - 185.0 Rolling Valley
Rolling Valley,Week3,Virginia Hills,Week1,279.0 Rolling Valley - 122.0 Virginia Hills
Rutherford,Week2,Arlington Forest,Week3,269.0 Arlington Forest - 132.0 Rutherford
Rutherford,Week3,Arlington Forest,Week5,284.0 Arlington Forest - 118.0 Rutherford
Rolling Valley,Week4,Kent Gardens,Week4,284.0 Kent Gardens - 118.0 Rolling Valley
Rutherford,Week5,Arlington Forest,Week3,252.0 Arlington Forest - 149.0 Rutherford
Rutherford,Week2,Fairfax Club Estates,Week5,231.0 Fairfax Club Estates - 167.0 Rutherford
Rolling Hills,Week5,Lincolnia Park,Week5,249.5 Rolling Hills - 142.5 Lincolnia Park
Rolling Valley,Week5,Kent Gardens,Week3,281.0 Kent Gardens - 121.0 Rolling Valley
Rolling Valley,Week4,Little Hunting Park,Week4,217.0 Little Hunting Park - 185.0 Rolling Valley
Rolling Valley,Week5,Overlee,Week3,372.0 Overlee - 30.0 Rolling Valley
Rolling Valley,Week2,Parklawn,Week3,223.0 Parklawn - 179.0 Rolling Valley
Rolling Valley,Week2,Parklawn,Week2,230.0 Parklawn - 172.0 Rolling Valley
Rolling Valley,Week2,Virginia Hills,Week3,285.0 Rolling Valley - 117.0 Virginia Hills
Rolling Valley,Week5,Virginia Hills,Week5,264.0 Rolling Valley - 138.0 Virginia Hills
Rutherford,Week3,Arlington Forest,Week2,260.0 Arlington Forest - 142.0 Rutherford
Rolling Valley,Week1,Little Rocky Run,Week1,360.0 Little Rocky Run - 42.0 Rolling Valley
Rolling Hills,Week1,Parklawn,Week1,255.0 Rolling Hills - 138.0 Parklawn
Rolling Valley,Week4,Little Hunting Park,Week3,222.0 Little Hunting Park - 180.0 Rolling Valley
Rutherford,Week2,Arlington Forest,Week4,306.0 Arlington Forest - 96.0 Rutherford
Rolling Valley,Week2,Parklawn,Week5,242.0 Parklawn - 160.0 Rolling Valley
Rolling Hills,Week4,Little Hunting Park,Week1,216.0 Rolling Hills - 177.0 Little Hunting Park
Rutherford,Week2,Fairfax Club Estates,Week4,237.0 Fairfax Club Estates - 164.0 Rutherford
Rolling Hills,Week4,Little Hunting Park,Week2,208.0 Rolling Hills - 190.0 Little Hunting Park
Rutherford,Week2,Fairfax Station,Week4,325.0 Fairfax Station - 77.0 Rutherford
Rutherford,Week1,Brandywine,Week1,273.0 Brandywine - 129.0 Rutherford
Rolling Valley,Week5,Little Hunting Park,Week4,207.0 Little Hunting Park - 195.0 Rolling Valley
Rolling Hills,Week1,Parklawn,Week5,211.0 Rolling Hills - 187.0 Parklawn
Rolling Valley,Week3,Virginia Hills,Week4,285.0 Rolling Valley - 116.0 Virginia Hills
Rutherford,Week5,Fairfax Club Estates,Week5,217.0 Fairfax Club Estates - 181.0 Rutherford
Rolling Valley,Week1,Little Rocky Run,Week2,368.0 Little Rocky Run - 34.0 Rolling Valley
Rolling Hills,Week3,Parklawn,Week4,213.0 Rolling Hills - 188.0 Parklawn
Rutherford,Week4,Fairfax Club Estates,Week1,210.0 Fairfax Club Estates - 192.0 Rutherford
Rolling Hills,Week3,Little Hunting Park,Week2,212.0 Rolling Hills - 190.0 Little Hunting Park
Rolling Valley,Week3,Kent Gardens,Week3,291.0 Kent Gardens - 111.0 Rolling Valley
Rolling Valley,Week3,Little Hunting Park,Week2,223.0 Little Hunting Park - 179.0 Rolling Valley
Rolling Valley,Week5,Virginia Hills,Week1,291.0 Rolling Valley - 111.0 Virginia Hills
Rolling Hills,Week3,Parklawn,Week2,223.0 Rolling Hills - 178.0 Parklawn
Rolling Hills,Week3,Little Hunting Park,Week4,226.0 Rolling Hills - 176.0 Little Hunting Park
Rolling Valley,Week1,Parklawn,Week4,258.0 Parklawn - 143.0 Rolling Valley
Rolling Valley,Week5,Kent Gardens,Week5,330.0 Kent Gardens - 72.0 Rolling Valley
Rolling Valley,Week4,Virginia Hills,Week4,296.0 Rolling Valley - 106.0 Virginia Hills
Rolling Hills,Week1,Little Hunting Park,Week3,224.0 Rolling Hills - 178.0 Little Hunting Park
Rolling Valley,Week3,Parklawn,Week1,201.0 Rolling Valley - 192.0 Parklawn
Rutherford,Week3,Fairfax Club Estates,Week4,222.0 Fairfax Club Estates - 174.0 Rutherford
Rolling Valley,Week1,Kings Ridge ,Week1,246.0 Kings Ridge - 156.0 Rolling Valley
Rutherford,Week1,Brandywine,Week4,286.0 Brandywine - 116.0 Rutherford
Rolling Valley,Week5,Virginia Hills,Week2,299.0 Rolling Valley - 103.0 Virginia Hills
Rolling Hills,Week5,Overlee,Week2,355.0 Overlee - 47.0 Rolling Hills
Rolling Valley,Week3,Little Hunting Park,Week4,227.0 Little Hunting Park - 175.0 Rolling Valley
Rolling Hills,Week4,Langley,Week1,295.5 Langley - 106.5 Rolling Hills
Rolling Valley,Week3,Little Hunting Park,Week3,227.0 Little Hunting Park - 174.0 Rolling Valley
Rolling Valley,Week3,Parklawn,Week4,214.0 Parklawn - 183.0 Rolling Valley
Rolling Valley,Week2,Kings Ridge ,Week5,241.0 Kings Ridge - 161.0 Rolling Valley
Rutherford,Week4,Brandywine,Week1,219.0 Brandywine - 183.0 Rutherford
Rolling Valley,Week4,Virginia Hills,Week1,290.0 Rolling Valley - 112.0 Virginia Hills
Rutherford,Week1,Fairfax Club Estates,Week5,234.0 Fairfax Club Estates - 164.0 Rutherford
Rolling Hills,Week3,Langley,Week4,296.0 Langley - 106.0 Rolling Hills
Rolling Hills,Week2,Parklawn,Week4,204.0 Parklawn - 197.0 Rolling Hills
Rolling Valley,Week2,Kings Ridge ,Week1,211.0 Kings Ridge - 191.0 Rolling Valley
Rolling Valley,Week3,Kings Ridge ,Week1,203.0 Kings Ridge - 194.0 Rolling Valley
Rolling Valley,Week2,Kings Ridge ,Week3,226.0 Kings Ridge - 175.0 Rolling Valley
Rolling Hills,Week4,Little Hunting Park,Week5,207.0 Rolling Hills - 194.0 Little Hunting Park
Rolling Hills,Week2,Little Hunting Park,Week2,228.0 Rolling Hills - 174.0 Little Hunting Park
Rolling Valley,Week4,Parklawn,Week3,218.0 Parklawn - 183.0 Rolling Valley
Rolling Valley,Week4,Virginia Hills,Week3,298.0 Rolling Valley - 104.0 Virginia Hills
Rolling Hills,Week2,Parklawn,Week2,219.0 Rolling Hills - 182.0 Parklawn
Rutherford,Week3,Fairfax Club Estates,Week1,217.0 Fairfax Club Estates - 185.0 Rutherford
Rolling Valley,Week1,Virginia Hills,Week3,257.0 Rolling Valley - 145.0 Virginia Hills
Rutherford,Week1,Brandywine,Week2,254.0 Brandywine - 148.0 Rutherford
Rolling Valley,Week2,Little Hunting Park,Week4,228.0 Little Hunting Park - 174.0 Rolling Valley
Rutherford,Week1,Brandywine,Week5,296.0 Brandywine - 106.0 Rutherford
Rutherford,Week3,Fairfax Club Estates,Week5,218.0 Fairfax Club Estates - 180.0 Rutherford
Rutherford,Week5,Fairfax Club Estates,Week4,220.0 Fairfax Club Estates - 181.0 Rutherford
Rolling Valley,Week2,Parklawn,Week1,208.0 Rolling Valley - 180.0 Parklawn
Rolling Valley,Week3,Parklawn,Week2,225.0 Parklawn - 177.0 Rolling Valley
Rolling Hills,Week4,Little Hunting Park,Week4,224.5 Rolling Hills - 173.5 Little Hunting Park
Rolling Valley,Week4,Virginia Hills,Week5,263.0 Rolling Valley - 138.0 Virginia Hills
Rolling Valley,Week4,Kings Ridge ,Week1,207.0 Kings Ridge - 195.0 Rolling Valley
Rolling Valley,Week5,Little Hunting Park,Week5,229.0 Little Hunting Park - 173.0 Rolling Valley
Rolling Valley,Week4,Virginia Hills,Week2,296.0 Rolling Valley - 106.0 Virginia Hills
Rolling Valley,Week1,Little Rocky Run,Week3,366.0 Little Rocky Run - 36.0 Rolling Valley
Rolling Hills,Week1,Langley,Week4,296.0 Langley - 106.0 Rolling Hills
Rolling Hills,Week5,Little Hunting Park,Week1,217.0 Rolling Hills - 184.0 Little Hunting Park
Rolling Hills,Week5,Parklawn,Week1,251.0 Rolling Hills - 142.0 Parklawn
Rolling Hills,Week4,Parklawn,Week2,209.0 Rolling Hills - 184.0 Parklawn
Rutherford,Week1,Fairfax Station,Week5,343.0 Fairfax Station - 59.0 Rutherford
Rolling Valley,Week4,Parklawn,Week2,203.0 Parklawn - 198.0 Rolling Valley
Rolling Hills,Week2,Langley,Week2,278.0 Langley - 124.0 Rolling Hills
Rolling Valley,Week1,Virginia Hills,Week2,273.0 Rolling Valley - 128.0 Virginia Hills
Rolling Valley,Week2,Kings Ridge ,Week4,239.0 Kings Ridge - 163.0 Rolling Valley
Rolling Hills,Week1,Little Hunting Park,Week4,230.0 Rolling Hills - 171.0 Little Hunting Park
Rutherford,Week1,Fairfax Station,Week3,342.5 Fairfax Station - 59.5 Rutherford
Rutherford,Week4,Brandywine,Week4,251.0 Brandywine - 151.0 Rutherford
Rutherford,Week1,Fairfax Station,Week1,334.0 Fairfax Station - 68.0 Rutherford
Rutherford,Week4,Brandywine,Week2,226.0 Brandywine - 176.0 Rutherford
Rolling Valley,Week5,Overlee,Week5,382.0 Overlee - 20.0 Rolling Valley
Rolling Valley,Week3,Kings Ridge ,Week3,220.0 Kings Ridge - 181.0 Rolling Valley
Rolling Valley,Week4,Parklawn,Week4,237.0 Parklawn - 163.0 Rolling Valley
Rolling Hills,Week5,Parklawn,Week4,204.0 Parklawn - 197.0 Rolling Hills
Rolling Hills,Week5,Little Hunting Park,Week2,223.0 Rolling Hills - 179.0 Little Hunting Park
Rolling Valley,Week1,Little Rocky Run,Week4,366.0 Little Rocky Run - 36.0 Rolling Valley
Rutherford,Week2,Brandywine,Week2,255.0 Brandywine - 147.0 Rutherford
Rolling Valley,Week5,Parklawn,Week2,207.0 Parklawn - 195.0 Rolling Valley
Rolling Valley,Week5,Parklawn,Week1,208.0 Rolling Valley - 185.0 Parklawn
Rolling Hills,Week5,Overlee,Week3,351.0 Overlee - 51.0 Rolling Hills
Rolling Hills,Week1,Parliament,Week5,231.0 Parliament - 169.0 Rolling Hills
Rutherford,Week3,Brandywine,Week1,243.0 Brandywine - 159.0 Rutherford
Rolling Valley,Week1,Virginia Hills,Week4,251.0 Rolling Valley - 150.0 Virginia Hills
Rolling Valley,Week5,Kings Ridge ,Week2,208.0 Rolling Valley - 194.0 Kings Ridge
Rutherford,Week4,Brandywine,Week5,264.0 Brandywine - 138.0 Rutherford
Rolling Valley,Week4,Kings Ridge ,Week3,209.0 Kings Ridge - 192.0 Rolling Valley
Rolling Valley,Week1,Lake Braddock,Week4,233.0 Lake Braddock - 169.0 Rolling Valley
Rolling Valley,Week5,Parklawn,Week3,206.5 Parklawn - 195.5 Rolling Valley
Rutherford,Week3,Bren Mar-Edsall Park,Week2,343.0 Rutherford - 57.0 Bren Mar-Edsall Park
Rolling Valley,Week4,Kings Ridge ,Week2,216.5 Rolling Valley - 185.5 Kings Ridge
Rutherford,Week2,Fairfax Station,Week1,334.0 Fairfax Station - 68.0 Rutherford
Rolling Hills,Week3,Langley,Week2,280.0 Langley - 122.0 Rolling Hills
Rolling Valley,Week2,Little Rocky Run,Week2,342.0 Little Rocky Run - 60.0 Rolling Valley
Rolling Hills,Week1,Parliament,Week1,241.0 Parliament - 159.0 Rolling Hills
Rutherford,Week5,Brandywine,Week1,230.0 Brandywine - 172.0 Rutherford
Rolling Hills,Week5,Little Hunting Park,Week3,215.0 Rolling Hills - 187.0 Little Hunting Park
Rolling Valley,Week4,Parliament,Week1,285.0 Parliament - 116.0 Rolling Valley
Rolling Hills,Week5,Overlee,Week5,374.5 Overlee - 27.5 Rolling Hills
Rolling Hills,Week4,Langley,Week2,281.0 Langley - 121.0 Rolling Hills
Rutherford,Week1,Bren Mar-Edsall Park,Week3,313.0 Rutherford - 89.0 Bren Mar-Edsall Park
Rolling Valley,Week5,Village West,Week5,222.0 Village West - 180.0 Rolling Valley
Rolling Valley,Week3,Little Rocky Run,Week3,348.0 Little Rocky Run - 54.0 Rolling Valley
Rolling Valley,Week2,Virginia Hills,Week5,254.0 Rolling Valley - 147.0 Virginia Hills
Rolling Valley,Week3,Little Rocky Run,Week1,330.0 Little Rocky Run - 72.0 Rolling Valley
Rolling Valley,Week2,Little Rocky Run,Week1,328.0 Little Rocky Run - 74.0 Rolling Valley
Rolling Valley,Week1,Parklawn,Week2,242.0 Parklawn - 158.0 Rolling Valley
Rutherford,Week1,Bren Mar-Edsall Park,Week4,310.0 Rutherford - 91.0 Bren Mar-Edsall Park
Rutherford,Week5,Fairfax Club Estates,Week2,202.0 Fairfax Club Estates - 199.0 Rutherford
Rolling Hills,Week1,Langley,Week1,293.0 Langley - 109.0 Rolling Hills
Rolling Hills,Week1,Parliament,Week3,232.0 Parliament - 169.0 Rolling Hills
Rolling Valley,Week3,Lake Braddock,Week4,211.0 Rolling Valley - 191.0 Lake Braddock
Rutherford,Week1,Fairfax Club Estates,Week3,228.0 Fairfax Club Estates - 172.0 Rutherford
Rutherford,Week3,Fairfax Club Estates,Week2,211.0 Fairfax Club Estates - 190.0 Rutherford
Rolling Hills,Week2,Parklawn,Week5,215.0 Rolling Hills - 186.0 Parklawn
Rolling Valley,Week3,Virginia Hills,Week3,280.0 Rolling Valley - 122.0 Virginia Hills
Rutherford,Week2,Fairfax Club Estates,Week2,225.0 Fairfax Club Estates - 176.0 Rutherford
Rolling Valley,Week3,Little Rocky Run,Week2,333.0 Little Rocky Run - 69.0 Rolling Valley
Rolling Valley,Week4,Kings Ridge ,Week5,228.0 Kings Ridge - 174.0 Rolling Valley
Rolling Valley,Week2,Virginia Hills,Week2,284.0 Rolling Valley - 118.0 Virginia Hills
Rolling Valley,Week5,Little Hunting Park,Week3,209.0 Little Hunting Park - 193.0 Rolling Valley
Rolling Hills,Week5,McLean,Week1,312.0 McLean - 90.0 Rolling Hills
Rolling Valley,Week2,Long Branch,Week3,236.0 Long Branch - 166.0 Rolling Valley
Rolling Valley,Week2,Virginia Hills,Week1,282.0 Rolling Valley - 120.0 Virginia Hills
Rolling Hills,Week3,Parliament,Week3,233.0 Parliament - 169.0 Rolling Hills
Rolling Valley,Week1,Virginia Hills,Week5,212.0 Rolling Valley - 188.0 Virginia Hills
Rolling Valley,Week4,Little Rocky Run,Week4,349.0 Little Rocky Run - 53.0 Rolling Valley
Rolling Hills,Week3,Parklawn,Week5,209.0 Rolling Hills - 192.0 Parklawn
Rolling Valley,Week2,Parliament,Week4,279.0 Parliament - 123.0 Rolling Valley
Rutherford,Week4,Fairfax Club Estates,Week2,204.0 Fairfax Club Estates - 198.0 Rutherford
Rutherford,Week5,Brandywine,Week4,245.0 Brandywine - 157.0 Rutherford
Rolling Valley,Week1,Virginia Run,Week1,358.0 Virginia Run - 44.0 Rolling Valley
Rolling Valley,Week1,Parliament,Week2,280.0 Parliament - 122.0 Rolling Valley
Rolling Valley,Week1,Lake Braddock,Week3,239.0 Lake Braddock - 163.0 Rolling Valley
Rolling Valley,Week3,Parliament,Week2,267.0 Parliament - 134.0 Rolling Valley
Rolling Valley,Week4,Little Rocky Run,Week3,355.0 Little Rocky Run - 47.0 Rolling Valley
Rolling Hills,Week2,Langley,Week1,290.0 Langley - 112.0 Rolling Hills
Rolling Valley,Week1,Little Rocky Run,Week5,370.0 Little Rocky Run - 32.0 Rolling Valley
Rutherford,Week2,Bren Mar-Edsall Park,Week4,321.0 Rutherford - 77.0 Bren Mar-Edsall Park
Rutherford,Week2,Bren Mar-Edsall Park,Week1,338.0 Rutherford - 62.0 Bren Mar-Edsall Park
Rolling Valley,Week2,Lake Braddock,Week3,203.0 Rolling Valley - 199.0 Lake Braddock
Rolling Hills,Week2,Langley,Week5,270.0 Langley - 132.0 Rolling Hills
Rutherford,Week4,Fairfax Club Estates,Week5,222.0 Fairfax Club Estates - 179.0 Rutherford
Rolling Hills,Week1,Langley,Week5,269.5 Langley - 132.5 Rolling Hills
Rolling Valley,Week5,Virginia Hills,Week3,299.0 Rolling Valley - 103.0 Virginia Hills
Rolling Hills,Week2,Parliament,Week5,239.0 Parliament - 161.0 Rolling Hills
Rolling Hills,Week2,McLean,Week5,330.0 McLean - 72.0 Rolling Hills
Rutherford,Week3,Fairfax Club Estates,Week3,218.0 Fairfax Club Estates - 183.0 Rutherford
Rolling Valley,Week1,Pinecrest,Week4,374.0 Pinecrest - 28.0 Rolling Valley
Rolling Valley,Week2,Lake Braddock,Week4,203.0 Rolling Valley - 199.0 Lake Braddock
Rolling Hills,Week4,McLean,Week4,303.0 McLean - 99.0 Rolling Hills
Rutherford,Week4,Fairfax Club Estates,Week4,213.0 Fairfax Club Estates - 184.0 Rutherford
Rolling Hills,Week1,Parklawn,Week3,240.0 Rolling Hills - 158.0 Parklawn
Rutherford,Week5,Fairfax Club Estates,Week3,210.0 Fairfax Club Estates - 191.0 Rutherford
Rolling Valley,Week1,Pinecrest,Week1,356.0 Pinecrest - 46.0 Rolling Valley
Rolling Valley,Week4,Lake Braddock,Week3,211.0 Rolling Valley - 191.0 Lake Braddock
Rolling Valley,Week3,Parliament,Week5,283.0 Parliament - 119.0 Rolling Valley
Rolling Valley,Week2,Long Branch,Week2,252.0 Long Branch - 150.0 Rolling Valley
Rolling Valley,Week5,Parliament,Week2,259.0 Parliament - 143.0 Rolling Valley
Rolling Hills,Week2,Mosby Woods,Week3,279.0 Mosby Woods - 118.0 Rolling Hills
Rolling Hills,Week4,Langley,Week3,281.0 Langley - 121.0 Rolling Hills
Rolling Valley,Week5,Virginia Hills,Week4,283.0 Rolling Valley - 119.0 Virginia Hills
Rolling Hills,Week3,Parklawn,Week1,253.0 Rolling Hills - 140.0 Parklawn
Rolling Valley,Week3,Lake Braddock,Week3,207.0 Rolling Valley - 195.0 Lake Braddock
Rolling Hills,Week2,Mosby Woods,Week1,283.0 Mosby Woods - 119.0 Rolling Hills
Rutherford,Week2,Brandywine,Week3,261.0 Brandywine - 140.0 Rutherford
Rutherford,Week3,Brandywine,Week5,277.0 Brandywine - 125.0 Rutherford
Rolling Valley,Week2,Lake Braddock,Week5,217.0 Lake Braddock - 185.0 Rolling Valley
Rolling Hills,Week1,Langley,Week2,279.0 Langley - 123.0 Rolling Hills
Rutherford,Week3,Bren Mar-Edsall Park,Week4,325.0 Rutherford - 76.0 Bren Mar-Edsall Park
Rutherford,Week2,Fairfax Station,Week5,344.0 Fairfax Station - 58.0 Rutherford
Rolling Valley,Week3,Long Branch,Week4,263.0 Long Branch - 139.0 Rolling Valley
Rolling Valley,Week2,Virginia Hills,Week4,274.0 Rolling Valley - 128.0 Virginia Hills
Rolling Hills,Week3,Mosby Woods,Week1,302.0 Mosby Woods - 100.0 Rolling Hills
Rutherford,Week1,Fairfax Station,Week4,337.0 Fairfax Station - 65.0 Rutherford
Rolling Valley,Week5,Little Rocky Run,Week4,346.0 Little Rocky Run - 56.0 Rolling Valley
Rolling Valley,Week3,Virginia Hills,Week2,291.0 Rolling Valley - 110.0 Virginia Hills
Rolling Hills,Week1,Parklawn,Week4,206.0 Rolling Hills - 192.0 Parklawn
Rolling Valley,Week5,Kings Ridge ,Week5,229.5 Kings Ridge - 172.5 Rolling Valley
Rolling Valley,Week1,Virginia Run,Week2,335.0 Virginia Run - 67.0 Rolling Valley
Rolling Valley,Week3,Lake Braddock,Week5,207.0 Lake Braddock - 195.0 Rolling Valley
Rolling Valley,Week2,Virginia Run,Week4,333.0 Virginia Run - 69.0 Rolling Valley
Rolling Hills,Week4,Overlee,Week5,373.0 Overlee - 29.0 Rolling Hills
Rutherford,Week2,Fairfax Station,Week3,337.0 Fairfax Station - 65.0 Rutherford
Rolling Valley,Week4,Parliament,Week5,279.0 Parliament - 122.0 Rolling Valley
Rolling Hills,Week4,McLean,Week2,310.0 McLean - 91.0 Rolling Hills
Rolling Hills,Week3,Langley,Week1,298.0 Langley - 104.0 Rolling Hills
Rolling Hills,Week3,McLean,Week2,312.0 McLean - 90.0 Rolling Hills
Rolling Hills,Week2,Langley,Week4,291.0 Langley - 111.0 Rolling Hills
Rutherford,Week3,Brandywine,Week3,241.0 Brandywine - 161.0 Rutherford
Rolling Valley,Week4,Lake Braddock,Week4,208.0 Rolling Valley - 194.0 Lake Braddock
Rolling Valley,Week4,Long Branch,Week3,216.0 Long Branch - 186.0 Rolling Valley
Rolling Valley,Week1,Parliament,Week4,299.0 Parliament - 103.0 Rolling Valley
Rolling Valley,Week4,Little Rocky Run,Week2,336.0 Little Rocky Run - 66.0 Rolling Valley
Rutherford,Week5,Brandywine,Week5,262.0 Brandywine - 140.0 Rutherford
Rutherford,Week2,Forest Hollow,Week2,296.0 Forest Hollow - 106.0 Rutherford
Rolling Hills,Week4,Overlee,Week4,379.0 Overlee - 23.0 Rolling Hills
Rolling Valley,Week5,Kings Ridge ,Week3,215.0 Kings Ridge - 187.0 Rolling Valley
Rolling Valley,Week5,Parklawn,Week5,216.0 Parklawn - 186.0 Rolling Valley
Rolling Valley,Week4,Long Branch,Week1,227.5 Long Branch - 174.5 Rolling Valley
Rolling Valley,Week2,Virginia Run,Week2,317.0 Virginia Run - 85.0 Rolling Valley
Rolling Hills,Week5,Overlee,Week1,351.0 Overlee - 51.0 Rolling Hills
Rolling Valley,Week5,Long Branch,Week1,233.5 Long Branch - 168.5 Rolling Valley
Rolling Valley,Week1,Lake Braddock,Week1,209.0 Rolling Valley - 193.0 Lake Braddock
Rutherford,Week2,Bren Mar-Edsall Park,Week2,341.0 Rutherford - 56.0 Bren Mar-Edsall Park
Rutherford,Week1,Forest Hollow,Week1,300.0 Forest Hollow - 102.0 Rutherford
Rolling Valley,Week2,Virginia Run,Week1,334.0 Virginia Run - 68.0 Rolling Valley
Rutherford,Week1,Bren Mar-Edsall Park,Week5,313.0 Rutherford - 84.0 Bren Mar-Edsall Park
Rutherford,Week3,Forest Hollow,Week5,298.0 Forest Hollow - 104.0 Rutherford
Rutherford,Week3,Fairfax Station,Week2,319.0 Fairfax Station - 83.0 Rutherford
Rolling Hills,Week3,McLean,Week1,309.0 McLean - 93.0 Rolling Hills
Rolling Valley,Week1,Long Branch,Week5,281.5 Long Branch - 120.5 Rolling Valley
Rolling Hills,Week4,McLean,Week3,310.0 McLean - 92.0 Rolling Hills
Rolling Valley,Week5,Parliament,Week3,267.0 Parliament - 135.0 Rolling Valley
Rolling Valley,Week1,Virginia Run,Week3,354.0 Virginia Run - 48.0 Rolling Valley
Rolling Hills,Week3,Langley,Week3,276.0 Langley - 126.0 Rolling Hills
Rutherford,Week1,Bren Mar-Edsall Park,Week2,325.0 Rutherford - 74.0 Bren Mar-Edsall Park
Rolling Hills,Week1,Parklawn,Week2,231.0 Rolling Hills - 167.0 Parklawn
Rolling Valley,Week4,Parliament,Week2,258.0 Parliament - 144.0 Rolling Valley
Rolling Hills,Week5,Overlee,Week4,373.0 Overlee - 29.0 Rolling Hills
Rolling Hills,Week4,McLean,Week1,315.0 McLean - 87.0 Rolling Hills
Rutherford,Week3,Bren Mar-Edsall Park,Week1,345.0 Rutherford - 56.0 Bren Mar-Edsall Park
Rolling Hills,Week2,Parklawn,Week1,257.0 Rolling Hills - 136.0 Parklawn
Rolling Valley,Week5,Little Rocky Run,Week5,354.0 Little Rocky Run - 48.0 Rolling Valley
Rolling Valley,Week1,Parliament,Week3,300.0 Parliament - 102.0 Rolling Valley
Rolling Hills,Week3,McLean,Week3,311.0 McLean - 86.0 Rolling Hills
Rolling Valley,Week5,Long Branch,Week5,262.0 Long Branch - 140.0 Rolling Valley
Rolling Hills,Week2,Parklawn,Week3,243.5 Rolling Hills - 157.5 Parklawn
Rolling Hills,Week3,Langley,Week5,270.0 Langley - 132.0 Rolling Hills
Rolling Valley,Week2,Virginia Run,Week5,342.0 Virginia Run - 60.0 Rolling Valley
Rolling Valley,Week4,Lake Braddock,Week2,213.0 Rolling Valley - 189.0 Lake Braddock
Rutherford,Week1,Forest Hollow,Week5,311.0 Forest Hollow - 91.0 Rutherford
Rolling Valley,Week4,Parliament,Week4,272.0 Parliament - 130.0 Rolling Valley
Rolling Valley,Week1,Mansion House,Week2,331.0 Mansion House - 71.0 Rolling Valley
Rolling Hills,Week4,Parklawn,Week1,254.0 Rolling Hills - 139.0 Parklawn
Rutherford,Week2,Bren Mar-Edsall Park,Week3,326.0 Rutherford - 75.0 Bren Mar-Edsall Park
Rolling Valley,Week3,Virginia Run,Week3,317.0 Virginia Run - 85.0 Rolling Valley
Rolling Valley,Week3,Virginia Run,Week1,325.0 Virginia Run - 77.0 Rolling Valley
Rolling Valley,Week3,Virginia Run,Week2,298.0 Virginia Run - 104.0 Rolling Valley
Rolling Hills,Week2,McLean,Week4,305.0 McLean - 97.0 Rolling Hills
Rutherford,Week5,Fairfax Station,Week3,328.0 Fairfax Station - 74.0 Rutherford
Rolling Hills,Week3,Parklawn,Week3,248.0 Rolling Hills - 153.0 Parklawn
Rolling Valley,Week1,Lake Braddock,Week5,257.0 Lake Braddock - 145.0 Rolling Valley
Rolling Hills,Week2,Langley,Week3,275.0 Langley - 127.0 Rolling Hills
Rolling Valley,Week3,Lake Braddock,Week2,213.0 Rolling Valley - 189.0 Lake Braddock
Rolling Hills,Week4,McLean,Week5,319.0 McLean - 83.0 Rolling Hills
Rutherford,Week2,Brandywine,Week4,280.0 Brandywine - 122.0 Rutherford
Rolling Valley,Week3,Lake Braddock,Week1,242.0 Rolling Valley - 160.0 Lake Braddock
Rolling Hills,Week1,Langley,Week3,279.0 Langley - 123.0 Rolling Hills
Rolling Valley,Week4,Parliament,Week3,282.0 Parliament - 120.0 Rolling Valley
Rutherford,Week2,Brandywine,Week5,291.0 Brandywine - 111.0 Rutherford
Rutherford,Week3,Fairfax Station,Week4,310.0 Fairfax Station - 92.0 Rutherford
Rolling Valley,Week1,Mansion House,Week4,320.0 Mansion House - 82.0 Rolling Valley
Rolling Valley,Week3,Virginia Run,Week4,325.5 Virginia Run - 76.5 Rolling Valley
Rolling Valley,Week2,Lake Braddock,Week2,208.0 Lake Braddock - 194.0 Rolling Valley
Rolling Valley,Week4,Lake Braddock,Week5,208.0 Lake Braddock - 194.0 Rolling Valley
Rutherford,Week4,Fairfax Station,Week5,344.0 Fairfax Station - 58.0 Rutherford
Rolling Valley,Week3,Virginia Run,Week5,326.0 Virginia Run - 76.0 Rolling Valley
Rolling Valley,Week2,Lake Braddock,Week1,235.0 Rolling Valley - 167.0 Lake Braddock
Rolling Hills,Week1,Mosby Woods,Week3,298.0 Mosby Woods - 104.0 Rolling Hills
Rolling Hills,Week5,McLean,Week4,311.0 McLean - 91.0 Rolling Hills
Rolling Hills,Week5,McLean,Week3,323.0 McLean - 79.0 Rolling Hills
Rolling Hills,Week4,Parklawn,Week3,221.0 Rolling Hills - 172.0 Parklawn
Rutherford,Week3,Fairfax Station,Week3,325.0 Fairfax Station - 77.0 Rutherford
Rolling Valley,Week2,Virginia Run,Week3,322.0 Virginia Run - 80.0 Rolling Valley
Rutherford,Week3,Brandywine,Week4,263.0 Brandywine - 139.0 Rutherford
Rolling Hills,Week4,Parklawn,Week5,195.0 Parklawn - 193.0 Rolling Hills
Rolling Valley,Week1,Parliament,Week5,301.0 Parliament - 101.0 Rolling Valley
Rolling Valley,Week2,Parliament,Week3,290.0 Parliament - 112.0 Rolling Valley
Rutherford,Week4,Fairfax Station,Week3,332.0 Fairfax Station - 70.0 Rutherford
Rutherford,Week4,Fairfax Station,Week4,321.0 Fairfax Station - 81.0 Rutherford
Rolling Valley,Week1,Parliament,Week1,302.0 Parliament - 100.0 Rolling Valley
Rolling Valley,Week4,Little Rocky Run,Week1,330.0 Little Rocky Run - 72.0 Rolling Valley
Rolling Hills,Week4,Parklawn,Week4,200.5 Parklawn - 187.5 Rolling Hills
Rolling Hills,Week5,McLean,Week2,323.5 McLean - 78.5 Rolling Hills
Rutherford,Week3,Brandywine,Week2,248.0 Brandywine - 154.0 Rutherford
Rolling Valley,Week5,Little Rocky Run,Week1,329.0 Little Rocky Run - 73.0 Rolling Valley
Rutherford,Week4,Brandywine,Week3,232.0 Brandywine - 169.0 Rutherford
Rolling Valley,Week4,Virginia Run,Week2,300.0 Virginia Run - 102.0 Rolling Valley
Rutherford,Week5,Brandywine,Week3,235.0 Brandywine - 162.0 Rutherford
Rolling Hills,Week2,McLean,Week2,314.0 McLean - 88.0 Rolling Hills
Rutherford,Week3,Fairfax Station,Week5,337.0 Fairfax Station - 65.0 Rutherford
Rolling Valley,Week1,Long Branch,Week4,295.0 Long Branch - 107.0 Rolling Valley
Rolling Valley,Week4,Virginia Run,Week4,325.0 Virginia Run - 77.0 Rolling Valley
Rolling Valley,Week3,Little Rocky Run,Week4,342.0 Little Rocky Run - 60.0 Rolling Valley
Rolling Valley,Week3,Little Rocky Run,Week5,356.5 Little Rocky Run - 45.5 Rolling Valley
Rolling Hills,Week2,Mosby Woods,Week4,272.0 Mosby Woods - 130.0 Rolling Hills
Rolling Valley,Week3,Parliament,Week1,286.0 Parliament - 116.0 Rolling Valley
Rolling Valley,Week5,Virginia Run,Week1,317.0 Virginia Run - 85.0 Rolling Valley
Rolling Valley,Week5,Little Rocky Run,Week3,349.0 Little Rocky Run - 53.0 Rolling Valley
Rolling Hills,Week3,Mosby Woods,Week3,297.0 Mosby Woods - 105.0 Rolling Hills
Rolling Hills,Week1,Parliament,Week4,231.0 Parliament - 171.0 Rolling Hills
Rolling Hills,Week5,Parklawn,Week5,207.0 Rolling Hills - 194.0 Parklawn
Rolling Hills,Week5,Parklawn,Week2,207.0 Rolling Hills - 194.0 Parklawn
Rutherford,Week2,Bren Mar-Edsall Park,Week5,321.5 Rutherford - 79.5 Bren Mar-Edsall Park
Rolling Valley,Week5,Lake Braddock,Week1,238.0 Rolling Valley - 164.0 Lake Braddock
Rolling Valley,Week4,Lake Braddock,Week1,243.0 Rolling Valley - 159.0 Lake Braddock
Rolling Valley,Week3,Great Falls,Week4,262.0 Great Falls - 140.0 Rolling Valley
Rutherford,Week5,Fairfax Station,Week4,311.5 Fairfax Station - 90.5 Rutherford
Rolling Valley,Week1,Long Branch,Week2,276.0 Long Branch - 126.0 Rolling Valley
Rolling Valley,Week3,Parliament,Week4,270.0 Parliament - 132.0 Rolling Valley
Rolling Valley,Week5,Kings Ridge ,Week4,211.0 Kings Ridge - 191.0 Rolling Valley
Rutherford,Week2,Forest Hollow,Week5,313.0 Forest Hollow - 89.0 Rutherford
Rolling Hills,Week1,Parliament,Week2,222.0 Parliament - 178.0 Rolling Hills
Rolling Valley,Week1,Lake Braddock,Week2,236.0 Lake Braddock - 166.0 Rolling Valley
Rutherford,Week5,Brandywine,Week2,227.0 Brandywine - 175.0 Rutherford
Rutherford,Week1,Bren Mar-Edsall Park,Week1,324.0 Rutherford - 77.0 Bren Mar-Edsall Park
Rolling Valley,Week4,Virginia Run,Week1,327.0 Virginia Run - 75.0 Rolling Valley
Rolling Valley,Week5,Great Falls,Week5,263.0 Great Falls - 139.0 Rolling Valley
Rolling Hills,Week5,Parklawn,Week3,231.0 Rolling Hills - 170.0 Parklawn
Rolling Valley,Week2,Parliament,Week2,264.0 Parliament - 138.0 Rolling Valley
Rutherford,Week3,Fairfax Station,Week1,318.0 Fairfax Station - 84.0 Rutherford
Rolling Hills,Week5,McLean,Week5,333.0 McLean - 69.0 Rolling Hills
Rolling Hills,Week2,Mosby Woods,Week2,270.0 Mosby Woods - 132.0 Rolling Hills
Rolling Valley,Week1,Long Branch,Week1,257.0 Long Branch - 145.0 Rolling Valley
Rolling Valley,Week4,Virginia Run,Week5,343.0 Virginia Run - 59.0 Rolling Valley
Rolling Valley,Week2,Parliament,Week1,290.0 Parliament - 112.0 Rolling Valley
Rolling Valley,Week5,Parliament,Week4,276.0 Parliament - 126.0 Rolling Valley
Rutherford,Week5,Fairfax Station,Week2,321.0 Fairfax Station - 81.0 Rutherford
Rutherford,Week3,Bren Mar-Edsall Park,Week5,326.0 Rutherford - 71.0 Bren Mar-Edsall Park
Rolling Valley,Week5,Parliament,Week1,289.0 Parliament - 113.0 Rolling Valley
Rolling Valley,Week3,Great Falls,Week1,254.0 Great Falls - 146.0 Rolling Valley
Rolling Valley,Week5,Parliament,Week5,277.0 Parliament - 125.0 Rolling Valley
Rutherford,Week1,Forest Hollow,Week2,293.0 Forest Hollow - 109.0 Rutherford
Rolling Valley,Week5,Virginia Run,Week2,302.0 Virginia Run - 100.0 Rolling Valley
Rolling Hills,Week3,McLean,Week5,317.0 McLean - 85.0 Rolling Hills
Rutherford,Week3,Forest Hollow,Week4,286.0 Forest Hollow - 116.0 Rutherford
Rolling Hills,Week2,Parliament,Week4,234.0 Parliament - 168.0 Rolling Hills
Rutherford,Week1,Brookfield ,Week3,261.0 Brookfield - 140.0 Rutherford
Rolling Valley,Week4,Little Rocky Run,Week5,359.0 Little Rocky Run - 43.0 Rolling Valley
Rutherford,Week5,Fairfax Station,Week1,320.0 Fairfax Station - 82.0 Rutherford
Rolling Valley,Week3,Parliament,Week3,280.0 Parliament - 122.0 Rolling Valley
Rolling Valley,Week1,Virginia Run,Week5,363.0 Virginia Run - 39.0 Rolling Valley
Rolling Hills,Week2,Parliament,Week2,224.0 Parliament - 178.0 Rolling Hills
Rolling Valley,Week2,Long Branch,Week1,231.0 Long Branch - 171.0 Rolling Valley
Rolling Valley,Week5,Little Rocky Run,Week2,330.5 Little Rocky Run - 71.5 Rolling Valley
Rolling Hills,Week2,McLean,Week3,314.0 McLean - 88.0 Rolling Hills
Rutherford,Week1,Forest Hollow,Week3,309.0 Forest Hollow - 93.0 Rutherford
Rolling Valley,Week3,Great Falls,Week5,269.0 Great Falls - 133.0 Rolling Valley
Rolling Hills,Week2,Parliament,Week3,227.5 Parliament - 174.5 Rolling Hills
Rolling Hills,Week1,Mosby Woods,Week1,301.0 Mosby Woods - 101.0 Rolling Hills
Rutherford,Week4,Brookfield ,Week2,237.0 Brookfield - 165.0 Rutherford
Rutherford,Week3,Brookfield ,Week2,237.0 Brookfield - 165.0 Rutherford
Rutherford,Week3,Bren Mar-Edsall Park,Week3,326.5 Rutherford - 75.5 Bren Mar-Edsall Park
Rolling Valley,Week4,Virginia Run,Week3,323.0 Virginia Run - 79.0 Rolling Valley
Rolling Valley,Week1,Pinecrest,Week2,368.0 Pinecrest - 34.0 Rolling Valley
Rolling Hills,Week3,McLean,Week4,293.0 McLean - 109.0 Rolling Hills
Rolling Valley,Week5,Virginia Run,Week3,318.0 Virginia Run - 84.0 Rolling Valley
Rolling Valley,Week1,Long Branch,Week3,270.0 Long Branch - 132.0 Rolling Valley
Rolling Valley,Week2,Parliament,Week5,282.0 Parliament - 120.0 Rolling Valley
Rolling Hills,Week2,Parliament,Week1,252.0 Parliament - 145.0 Rolling Hills
Rolling Valley,Week4,Great Falls,Week3,283.0 Great Falls - 119.0 Rolling Valley
Rolling Hills,Week5,Parliament,Week4,236.0 Parliament - 166.0 Rolling Hills
Rutherford,Week4,Fairfax Station,Week2,320.0 Fairfax Station - 82.0 Rutherford
Rolling Hills,Week3,Parliament,Week2,219.0 Parliament - 177.0 Rolling Hills
Rolling Hills,Week1,Mosby Woods,Week5,288.0 Mosby Woods - 114.0 Rolling Hills
Rolling Valley,Week3,Greenbriar,Week1,304.0 Greenbriar - 98.0 Rolling Valley
Rolling Hills,Week3,Parliament,Week1,246.0 Parliament - 147.0 Rolling Hills
Rolling Valley,Week2,Long Branch,Week4,256.0 Long Branch - 146.0 Rolling Valley
Rolling Valley,Week5,Great Falls,Week2,253.0 Great Falls - 131.0 Rolling Valley
Rolling Valley,Week1,Pinecrest,Week3,373.0 Pinecrest - 29.0 Rolling Valley
Rolling Valley,Week2,Pinecrest,Week1,324.0 Pinecrest - 78.0 Rolling Valley
Rolling Hills,Week1,Mosby Woods,Week2,294.0 Mosby Woods - 108.0 Rolling Hills
Rutherford,Week5,Bren Mar-Edsall Park,Week3,325.0 Rutherford - 77.0 Bren Mar-Edsall Park
Rutherford,Week1,Forest Hollow,Week4,301.0 Forest Hollow - 101.0 Rutherford
Rutherford,Week2,Forest Hollow,Week4,303.0 Forest Hollow - 99.0 Rutherford
Rolling Valley,Week1,Greenbriar,Week5,329.0 Greenbriar - 72.0 Rolling Valley
Rutherford,Week5,Brookfield ,Week1,262.0 Brookfield - 140.0 Rutherford
Rolling Hills,Week2,Mosby Woods,Week5,272.0 Mosby Woods - 130.0 Rolling Hills
Rutherford,Week2,Brookfield ,Week2,253.0 Brookfield - 149.0 Rutherford
Rolling Hills,Week5,Parliament,Week2,232.0 Parliament - 170.0 Rolling Hills
Rolling Valley,Week3,Long Branch,Week1,238.0 Long Branch - 164.0 Rolling Valley
Rutherford,Week3,Forest Hollow,Week1,287.0 Forest Hollow - 115.0 Rutherford
Rolling Valley,Week1,Greenbriar,Week3,325.0 Greenbriar - 77.0 Rolling Valley
Rutherford,Week1,Brookfield ,Week5,272.0 Brookfield - 130.0 Rutherford
Rolling Hills,Week1,Mosby Woods,Week4,285.0 Mosby Woods - 116.0 Rolling Hills
Rolling Valley,Week2,Long Branch,Week5,263.0 Long Branch - 139.0 Rolling Valley
Rolling Valley,Week1,Pinecrest,Week5,360.0 Pinecrest - 42.0 Rolling Valley
Rutherford,Week2,Brookfield ,Week3,248.0 Brookfield - 153.0 Rutherford
Rolling Hills,Week2,Pinecrest,Week1,287.0 Pinecrest - 115.0 Rolling Hills
Rutherford,Week2,Forest Hollow,Week1,293.0 Forest Hollow - 109.0 Rutherford
Rolling Hills,Week4,Mosby Woods,Week4,287.0 Mosby Woods - 115.0 Rolling Hills
Rolling Hills,Week3,Mosby Woods,Week5,282.5 Mosby Woods - 119.5 Rolling Hills
Rutherford,Week4,Bren Mar-Edsall Park,Week3,327.0 Rutherford - 75.0 Bren Mar-Edsall Park
Rutherford,Week5,Bren Mar-Edsall Park,Week1,334.0 Rutherford - 67.0 Bren Mar-Edsall Park
Rolling Valley,Week3,Long Branch,Week2,250.0 Long Branch - 152.0 Rolling Valley
Rolling Hills,Week4,Parliament,Week1,253.0 Parliament - 145.0 Rolling Hills
Rolling Valley,Week2,Pinecrest,Week4,351.0 Pinecrest - 51.0 Rolling Valley
Rolling Valley,Week4,Great Falls,Week1,259.0 Great Falls - 143.0 Rolling Valley
Rolling Hills,Week1,Pinecrest,Week5,303.0 Pinecrest - 98.0 Rolling Hills
Rutherford,Week2,Forest Hollow,Week3,308.0 Forest Hollow - 94.0 Rutherford
Rolling Valley,Week3,Long Branch,Week3,235.0 Long Branch - 167.0 Rolling Valley
Rolling Valley,Week2,Pinecrest,Week5,345.0 Pinecrest - 57.0 Rolling Valley
Rutherford,Week4,Bren Mar-Edsall Park,Week1,341.0 Rutherford - 61.0 Bren Mar-Edsall Park
Rolling Valley,Week3,Pinecrest,Week5,332.0 Pinecrest - 70.0 Rolling Valley
Rolling Valley,Week2,Greenbriar,Week4,287.0 Greenbriar - 115.0 Rolling Valley
Rolling Hills,Week5,Mosby Woods,Week3,294.0 Mosby Woods - 108.0 Rolling Hills
Rolling Hills,Week3,Mosby Woods,Week2,295.0 Mosby Woods - 107.0 Rolling Hills
Rolling Valley,Week3,Greenbriar,Week3,305.0 Greenbriar - 97.0 Rolling Valley
Rolling Valley,Week3,Greenbriar,Week4,284.0 Greenbriar - 118.0 Rolling Valley
Rolling Hills,Week4,Mosby Woods,Week5,276.0 Mosby Woods - 126.0 Rolling Hills
Rolling Valley,Week2,Pinecrest,Week3,348.0 Pinecrest - 54.0 Rolling Valley
Rolling Hills,Week5,Parliament,Week3,245.0 Parliament - 157.0 Rolling Hills
Rolling Valley,Week2,Pinecrest,Week2,347.0 Pinecrest - 55.0 Rolling Valley
Rolling Hills,Week2,Pinecrest,Week2,305.0 Pinecrest - 97.0 Rolling Hills
Rolling Valley,Week4,Pinecrest,Week2,343.0 Pinecrest - 59.0 Rolling Valley
Rutherford,Week5,Fairfax Station,Week5,331.0 Fairfax Station - 71.0 Rutherford
Rolling Valley,Week4,Long Branch,Week5,256.0 Long Branch - 146.0 Rolling Valley
Rolling Valley,Week3,Long Branch,Week5,261.0 Long Branch - 141.0 Rolling Valley
Rolling Hills,Week4,Mosby Woods,Week2,287.0 Mosby Woods - 115.0 Rolling Hills
Rutherford,Week5,Bren Mar-Edsall Park,Week2,342.0 Rutherford - 58.0 Bren Mar-Edsall Park
Rutherford,Week4,Bren Mar-Edsall Park,Week4,334.0 Rutherford - 68.0 Bren Mar-Edsall Park
Rolling Hills,Week1,Pinecrest,Week1,283.0 Pinecrest - 119.0 Rolling Hills
Rutherford,Week4,Fairfax Station,Week1,325.0 Fairfax Station - 77.0 Rutherford
Rolling Valley,Week4,Long Branch,Week4,246.0 Long Branch - 156.0 Rolling Valley
Rolling Valley,Week4,Long Branch,Week2,247.0 Long Branch - 155.0 Rolling Valley
Rolling Valley,Week2,Greenbriar,Week2,302.5 Greenbriar - 99.5 Rolling Valley
Rolling Valley,Week2,Greenbriar,Week1,296.0 Greenbriar - 106.0 Rolling Valley
Rutherford,Week3,Forest Hollow,Week2,268.0 Forest Hollow - 129.0 Rutherford
Rolling Valley,Week3,Pinecrest,Week1,324.0 Pinecrest - 78.0 Rolling Valley
Rutherford,Week3,Forest Hollow,Week3,287.0 Forest Hollow - 115.0 Rutherford
Rutherford,Week3,Brookfield ,Week3,243.0 Brookfield - 158.0 Rutherford
Rolling Valley,Week5,Great Falls,Week4,266.0 Great Falls - 136.0 Rolling Valley
Rolling Valley,Week3,Great Falls,Week2,248.0 Great Falls - 135.0 Rolling Valley
Rolling Valley,Week1,Mansion House,Week1,339.0 Mansion House - 63.0 Rolling Valley
Rutherford,Week2,Fox Hunt,Week4,268.0 Fox Hunt - 133.0 Rutherford
Rolling Hills,Week5,Mosby Woods,Week5,278.0 Mosby Woods - 124.0 Rolling Hills
Rolling Valley,Week1,Mansion House,Week3,338.0 Mansion House - 64.0 Rolling Valley
Rutherford,Week5,Forest Hollow,Week5,295.5 Forest Hollow - 106.5 Rutherford
Rolling Hills,Week1,Mount Vernon Park,Week2,287.0 Mount Vernon Park - 115.0 Rolling Hills
Rolling Valley,Week5,Long Branch,Week3,231.5 Long Branch - 170.5 Rolling Valley
Rutherford,Week1,Brookfield ,Week4,280.0 Brookfield - 122.0 Rutherford
Rolling Valley,Week5,Long Branch,Week4,250.0 Long Branch - 152.0 Rolling Valley
Rolling Hills,Week3,Parliament,Week5,219.0 Parliament - 174.0 Rolling Hills
Rolling Valley,Week5,Pinecrest,Week1,324.0 Pinecrest - 78.0 Rolling Valley
Rolling Hills,Week5,Mosby Woods,Week4,275.0 Mosby Woods - 127.0 Rolling Hills
Rolling Hills,Week1,Mount Vernon Park,Week3,286.0 Mount Vernon Park - 116.0 Rolling Hills
Rolling Hills,Week5,Parliament,Week1,251.0 Parliament - 150.0 Rolling Hills
Rolling Hills,Week4,Parliament,Week2,234.0 Parliament - 166.0 Rolling Hills
Rolling Valley,Week4,Great Falls,Week2,253.0 Great Falls - 131.0 Rolling Valley
Rolling Valley,Week4,Pinecrest,Week3,346.0 Pinecrest - 56.0 Rolling Valley
Rolling Valley,Week1,Pinewood Lake,Week1,327.0 Rolling Valley - 69.0 Pinewood Lake
Rutherford,Week1,Fox Hunt,Week2,290.5 Fox Hunt - 111.5 Rutherford
Rolling Valley,Week1,Greenbriar,Week1,330.0 Greenbriar - 72.0 Rolling Valley
Rolling Hills,Week3,Parliament,Week4,228.0 Parliament - 168.0 Rolling Hills
Rolling Valley,Week5,Long Branch,Week2,245.0 Long Branch - 157.0 Rolling Valley
Rolling Hills,Week4,Parliament,Week5,236.0 Parliament - 161.0 Rolling Hills
Rutherford,Week2,Brookfield ,Week4,273.0 Brookfield - 129.0 Rutherford
Rutherford,Week2,Brookfield ,Week5,267.0 Brookfield - 135.0 Rutherford
Rolling Valley,Week4,Great Falls,Week4,271.0 Great Falls - 130.0 Rolling Valley
Rolling Valley,Week5,Pinecrest,Week3,344.0 Pinecrest - 58.0 Rolling Valley
Rutherford,Week2,Fox Hunt,Week3,290.0 Fox Hunt - 112.0 Rutherford
Rolling Hills,Week3,Mosby Woods,Week4,281.0 Mosby Woods - 121.0 Rolling Hills
Rolling Hills,Week1,Mount Vernon Park,Week5,297.0 Mount Vernon Park - 104.0 Rolling Hills
Rolling Valley,Week4,Pinewood Lake,Week3,335.0 Rolling Valley - 64.0 Pinewood Lake
Rolling Hills,Week4,Parliament,Week3,233.0 Parliament - 169.0 Rolling Hills
Rutherford,Week4,Fox Hunt,Week1,251.0 Fox Hunt - 151.0 Rutherford
Rutherford,Week5,Fox Hunt,Week3,254.0 Fox Hunt - 148.0 Rutherford
Rolling Valley,Week3,Pinewood Lake,Week3,324.0 Rolling Valley - 69.0 Pinewood Lake
Rolling Valley,Week5,Pinecrest,Week5,327.0 Pinecrest - 75.0 Rolling Valley
Rutherford,Week4,Bren Mar-Edsall Park,Week5,328.0 Rutherford - 69.0 Bren Mar-Edsall Park
Rolling Valley,Week2,Hamlet,Week3,348.0 Hamlet - 54.0 Rolling Valley
Rolling Valley,Week4,Pinecrest,Week4,341.5 Pinecrest - 60.5 Rolling Valley
Rolling Hills,Week4,Parliament,Week4,233.0 Parliament - 168.0 Rolling Hills
Rutherford,Week4,Bren Mar-Edsall Park,Week2,345.0 Rutherford - 56.0 Bren Mar-Edsall Park
Rolling Valley,Week5,Great Falls,Week1,238.0 Great Falls - 164.0 Rolling Valley
Rutherford,Week3,Fox Hunt,Week4,254.0 Fox Hunt - 148.0 Rutherford
Rutherford,Week4,Fox Hunt,Week3,267.0 Fox Hunt - 135.0 Rutherford
Rolling Valley,Week2,Mansion House,Week5,311.0 Mansion House - 91.0 Rolling Valley
Rolling Hills,Week5,Parliament,Week5,242.0 Parliament - 159.0 Rolling Hills
Rolling Valley,Week2,Mansion House,Week4,294.0 Mansion House - 108.0 Rolling Valley
Rolling Valley,Week2,Hamlet,Week1,346.0 Hamlet - 56.0 Rolling Valley
Rolling Valley,Week2,Mansion House,Week2,300.0 Mansion House - 102.0 Rolling Valley
Rolling Hills,Week2,Mount Vernon Park,Week2,265.0 Mount Vernon Park - 137.0 Rolling Hills
Rutherford,Week3,Brookfield ,Week5,249.0 Brookfield - 148.0 Rutherford
Rolling Valley,Week2,Mansion House,Week3,312.0 Mansion House - 90.0 Rolling Valley
Rolling Hills,Week2,Mount Vernon Park,Week1,266.0 Mount Vernon Park - 136.0 Rolling Hills
Rutherford,Week3,Brookfield ,Week4,249.0 Brookfield - 153.0 Rutherford
Rolling Hills,Week5,Mosby Woods,Week1,290.0 Mosby Woods - 112.0 Rolling Hills
Rolling Hills,Week4,Pinecrest,Week4,315.0 Pinecrest - 87.0 Rolling Hills
Rutherford,Week1,Brookfield ,Week2,254.0 Brookfield - 148.0 Rutherford
Rutherford,Week4,Fox Hunt,Week2,255.0 Fox Hunt - 147.0 Rutherford
Rutherford,Week1,Fox Hunt,Week4,289.0 Fox Hunt - 113.0 Rutherford
Rolling Hills,Week1,Pinecrest,Week3,307.0 Pinecrest - 95.0 Rolling Hills
Rolling Valley,Week4,Greenbriar,Week5,290.0 Greenbriar - 112.0 Rolling Valley
Rutherford,Week5,Fox Hunt,Week2,245.0 Fox Hunt - 157.0 Rutherford
Rutherford,Week2,Fox Hunt,Week2,268.0 Fox Hunt - 133.0 Rutherford
Rolling Valley,Week4,Greenbriar,Week2,306.0 Greenbriar - 96.0 Rolling Valley
Rolling Hills,Week1,Mount Vernon Park,Week1,277.0 Mount Vernon Park - 125.0 Rolling Hills
Rolling Valley,Week1,Pleasant Valley,Week1,204.0 Rolling Valley - 197.0 Pleasant Valley
Rolling Valley,Week2,Mansion House,Week1,311.0 Mansion House - 91.0 Rolling Valley
Rutherford,Week1,Brookfield ,Week1,269.0 Brookfield - 133.0 Rutherford
Rolling Hills,Week2,Mount Vernon Park,Week3,270.5 Mount Vernon Park - 131.5 Rolling Hills
Rolling Valley,Week3,Mansion House,Week4,295.0 Mansion House - 107.0 Rolling Valley
Rolling Hills,Week2,Pinecrest,Week4,304.0 Pinecrest - 98.0 Rolling Hills
Rutherford,Week4,Forest Hollow,Week1,268.0 Forest Hollow - 134.0 Rutherford
Rolling Valley,Week3,Mansion House,Week2,304.0 Mansion House - 98.0 Rolling Valley
Rolling Valley,Week3,Great Falls,Week3,271.0 Great Falls - 131.0 Rolling Valley
Rolling Valley,Week3,Pinecrest,Week3,346.0 Pinecrest - 56.0 Rolling Valley
Rolling Valley,Week2,Pinewood Lake,Week2,323.0 Rolling Valley - 69.0 Pinewood Lake
Rutherford,Week5,Forest Hollow,Week1,280.0 Forest Hollow - 122.0 Rutherford
Rolling Valley,Week5,Pinewood Lake,Week1,343.0 Rolling Valley - 56.0 Pinewood Lake
Rolling Valley,Week3,Mansion House,Week5,313.0 Mansion House - 89.0 Rolling Valley
Rutherford,Week5,Bren Mar-Edsall Park,Week4,325.0 Rutherford - 76.0 Bren Mar-Edsall Park
Rolling Hills,Week4,Mosby Woods,Week1,287.0 Mosby Woods - 115.0 Rolling Hills
Rolling Hills,Week1,Mount Vernon Park,Week4,288.0 Mount Vernon Park - 114.0 Rolling Hills
Rolling Hills,Week1,Pinecrest,Week4,306.0 Pinecrest - 96.0 Rolling Hills
Rolling Valley,Week5,Pinewood Lake,Week3,347.0 Rolling Valley - 54.0 Pinewood Lake
Rolling Hills,Week5,Pinecrest,Week2,307.0 Pinecrest - 95.0 Rolling Hills
Rolling Valley,Week4,Great Falls,Week5,271.0 Great Falls - 130.0 Rolling Valley
Rolling Valley,Week3,Mansion House,Week3,311.0 Mansion House - 91.0 Rolling Valley
Rolling Valley,Week1,Pinewood Lake,Week4,312.0 Rolling Valley - 84.0 Pinewood Lake
Rutherford,Week2,Brookfield ,Week1,276.0 Brookfield - 126.0 Rutherford
Rolling Hills,Week4,Mosby Woods,Week3,290.0 Mosby Woods - 111.0 Rolling Hills
Rutherford,Week5,Bren Mar-Edsall Park,Week5,324.0 Rutherford - 73.0 Bren Mar-Edsall Park
Rolling Valley,Week3,Mansion House,Week1,324.0 Mansion House - 78.0 Rolling Valley
Rolling Hills,Week1,Pinecrest,Week2,300.0 Pinecrest - 102.0 Rolling Hills
Rolling Valley,Week4,Greenbriar,Week1,294.0 Greenbriar - 108.0 Rolling Valley
Rolling Valley,Week1,Greenbriar,Week4,315.0 Greenbriar - 87.0 Rolling Valley
Rolling Valley,Week5,Great Falls,Week3,276.0 Great Falls - 126.0 Rolling Valley
Rutherford,Week3,Broyhill Crest,Week3,319.0 Rutherford - 82.0 Broyhill Crest
Rolling Hills,Week2,Pinewood Lake,Week1,339.0 Rolling Hills - 52.0 Pinewood Lake
Rutherford,Week5,Forest Hollow,Week4,294.0 Forest Hollow - 108.0 Rutherford
Rolling Valley,Week3,Greenbriar,Week2,311.0 Greenbriar - 91.0 Rolling Valley
Rutherford,Week4,Brookfield ,Week1,258.0 Brookfield - 144.0 Rutherford
Rolling Hills,Week2,Pinewood Lake,Week5,338.0 Rolling Hills - 57.0 Pinewood Lake
Rutherford,Week4,Brookfield ,Week5,243.0 Brookfield - 154.0 Rutherford
Rolling Valley,Week4,Mansion House,Week1,313.0 Mansion House - 89.0 Rolling Valley
Rutherford,Week4,Brookfield ,Week3,229.0 Brookfield - 173.0 Rutherford
Rolling Valley,Week1,Pinewood Lake,Week3,321.0 Rolling Valley - 78.0 Pinewood Lake
Rolling Valley,Week4,Pinewood Lake,Week2,331.0 Rolling Valley - 68.0 Pinewood Lake
Rutherford,Week4,Forest Hollow,Week3,269.0 Forest Hollow - 133.0 Rutherford
Rolling Valley,Week2,Greenbriar,Week5,298.0 Greenbriar - 104.0 Rolling Valley
Rolling Valley,Week3,Pinewood Lake,Week4,320.0 Rolling Valley - 74.0 Pinewood Lake
Rutherford,Week3,Brookfield ,Week1,252.0 Brookfield - 150.0 Rutherford
Rolling Hills,Week5,Mosby Woods,Week2,280.0 Mosby Woods - 122.0 Rolling Hills
Rutherford,Week5,Forest Hollow,Week3,284.0 Forest Hollow - 118.0 Rutherford
Rolling Hills,Week2,Mount Vernon Park,Week4,264.0 Mount Vernon Park - 138.0 Rolling Hills
Rolling Hills,Week4,Pinecrest,Week1,292.0 Pinecrest - 110.0 Rolling Hills
Rolling Hills,Week1,Pinewood Lake,Week1,341.0 Rolling Hills - 55.0 Pinewood Lake
Rolling Valley,Week1,Mansion House,Week5,337.0 Mansion House - 65.0 Rolling Valley
Rolling Hills,Week1,Pinewood Lake,Week5,341.0 Rolling Hills - 58.0 Pinewood Lake
Rutherford,Week4,Forest Hollow,Week5,286.0 Forest Hollow - 116.0 Rutherford
Rolling Valley,Week1,Greenbriar,Week2,328.0 Greenbriar - 74.0 Rolling Valley
Rolling Valley,Week2,Pinewood Lake,Week1,339.0 Rolling Valley - 55.0 Pinewood Lake
Rolling Valley,Week2,Greenbriar,Week3,299.0 Greenbriar - 103.0 Rolling Valley
Rutherford,Week5,Forest Hollow,Week2,265.0 Forest Hollow - 137.0 Rutherford
Rolling Valley,Week4,Greenbriar,Week4,284.0 Greenbriar - 118.0 Rolling Valley
Rutherford,Week5,Brookfield ,Week3,219.0 Brookfield - 182.0 Rutherford
Rolling Valley,Week4,Pinewood Lake,Week1,339.0 Rolling Valley - 60.0 Pinewood Lake
Rolling Hills,Week3,Pinewood Lake,Week5,335.0 Rolling Hills - 61.0 Pinewood Lake
Rutherford,Week4,Brookfield ,Week4,251.0 Brookfield - 151.0 Rutherford
Rolling Valley,Week1,Hamlet,Week2,374.0 Hamlet - 28.0 Rolling Valley
Rutherford,Week1,Broyhill Crest,Week2,308.0 Rutherford - 93.0 Broyhill Crest
Rutherford,Week4,Forest Hollow,Week4,282.0 Forest Hollow - 120.0 Rutherford
Rolling Valley,Week1,Hamlet,Week3,363.0 Hamlet - 39.0 Rolling Valley
Rutherford,Week1,Fox Hunt,Week1,272.0 Fox Hunt - 130.0 Rutherford
Rolling Valley,Week4,Pinewood Lake,Week4,337.0 Rolling Valley - 63.0 Pinewood Lake
Rolling Valley,Week2,Pinewood Lake,Week5,322.0 Rolling Valley - 76.0 Pinewood Lake
Rutherford,Week3,Fox Hunt,Week1,244.0 Fox Hunt - 158.0 Rutherford
Rolling Hills,Week2,Pinecrest,Week5,310.0 Pinecrest - 87.0 Rolling Hills
Rutherford,Week1,Broyhill Crest,Week4,295.0 Rutherford - 106.0 Broyhill Crest
Rolling Valley,Week5,Greenbriar,Week2,300.0 Greenbriar - 102.0 Rolling Valley
Rutherford,Week3,Fox Hunt,Week5,277.0 Fox Hunt - 125.0 Rutherford
Rutherford,Week1,Broyhill Crest,Week1,288.0 Rutherford - 110.0 Broyhill Crest
Rolling Valley,Week5,Greenbriar,Week3,300.0 Greenbriar - 102.0 Rolling Valley
Rutherford,Week1,Fox Hunt,Week5,310.0 Fox Hunt - 92.0 Rutherford
Rolling Valley,Week4,Pinecrest,Week1,319.0 Pinecrest - 83.0 Rolling Valley
Rutherford,Week5,Brookfield ,Week5,234.0 Brookfield - 168.0 Rutherford
Rolling Valley,Week3,Pinecrest,Week2,351.0 Pinecrest - 51.0 Rolling Valley
Rutherford,Week2,Fox Hunt,Week5,306.0 Fox Hunt - 95.0 Rutherford
Rolling Hills,Week5,Pinecrest,Week5,316.0 Pinecrest - 86.0 Rolling Hills
Rolling Hills,Week3,Pinecrest,Week1,286.0 Pinecrest - 116.0 Rolling Hills
Rutherford,Week5,Brookfield ,Week4,243.0 Brookfield - 159.0 Rutherford
Rolling Hills,Week5,Pinecrest,Week3,319.5 Pinecrest - 82.5 Rolling Hills
Rolling Valley,Week4,Greenbriar,Week3,306.0 Greenbriar - 96.0 Rolling Valley
Rolling Valley,Week1,Pinewood Lake,Week5,300.0 Rolling Valley - 97.0 Pinewood Lake
Rolling Hills,Week4,Pinewood Lake,Week3,338.0 Rolling Hills - 56.0 Pinewood Lake
Rolling Valley,Week1,Pinewood Lake,Week2,324.0 Rolling Valley - 75.0 Pinewood Lake
Rolling Valley,Week3,Greenbriar,Week5,299.0 Greenbriar - 102.0 Rolling Valley
Rutherford,Week3,Fox Hunt,Week2,260.0 Fox Hunt - 142.0 Rutherford
Rutherford,Week1,Broyhill Crest,Week3,305.0 Rutherford - 96.0 Broyhill Crest
Rolling Hills,Week2,Pinecrest,Week3,311.0 Pinecrest - 91.0 Rolling Hills
Rutherford,Week3,Fox Hunt,Week3,262.0 Fox Hunt - 140.0 Rutherford
Rolling Hills,Week5,Pinecrest,Week1,296.0 Pinecrest - 106.0 Rolling Hills
Rolling Valley,Week1,Hamlet,Week1,368.0 Hamlet - 34.0 Rolling Valley
Rutherford,Week5,Fox Hunt,Week1,246.0 Fox Hunt - 156.0 Rutherford
Rolling Valley,Week5,Pinecrest,Week4,339.0 Pinecrest - 63.0 Rolling Valley
Rutherford,Week3,Broyhill Crest,Week1,302.0 Rutherford - 93.0 Broyhill Crest
Rolling Valley,Week5,Greenbriar,Week4,273.0 Greenbriar - 129.0 Rolling Valley
Rolling Valley,Week5,Pinecrest,Week2,345.0 Pinecrest - 57.0 Rolling Valley
Rutherford,Week1,Fox Hunt,Week3,285.0 Fox Hunt - 117.0 Rutherford
Rolling Valley,Week5,Greenbriar,Week5,292.0 Greenbriar - 110.0 Rolling Valley
Rolling Hills,Week3,Pinecrest,Week2,299.0 Pinecrest - 103.0 Rolling Hills
Rutherford,Week2,Broyhill Crest,Week2,308.0 Rutherford - 93.0 Broyhill Crest
Rolling Valley,Week2,Pinewood Lake,Week4,332.0 Rolling Valley - 60.0 Pinewood Lake
Rutherford,Week2,Broyhill Crest,Week5,263.0 Rutherford - 137.0 Broyhill Crest
Rolling Valley,Week5,Greenbriar,Week1,301.0 Greenbriar - 101.0 Rolling Valley
Rolling Hills,Week3,Pinecrest,Week5,305.0 Pinecrest - 97.0 Rolling Hills
Rolling Hills,Week3,Pinecrest,Week3,310.0 Pinecrest - 92.0 Rolling Hills
Rolling Valley,Week1,Hamlet,Week4,368.0 Hamlet - 34.0 Rolling Valley
Rutherford,Week5,Brookfield ,Week2,234.0 Brookfield - 168.0 Rutherford
Rolling Valley,Week2,Pinewood Lake,Week3,333.0 Rolling Valley - 59.0 Pinewood Lake
Rutherford,Week4,Forest Hollow,Week2,259.0 Forest Hollow - 138.0 Rutherford
Rutherford,Week4,Fox Hunt,Week5,275.0 Fox Hunt - 127.0 Rutherford
Rolling Valley,Week3,Pinewood Lake,Week1,327.0 Rolling Valley - 62.0 Pinewood Lake
Rolling Valley,Week3,Pinewood Lake,Week2,315.0 Rolling Valley - 79.0 Pinewood Lake
Rolling Valley,Week1,Hamlet,Week5,380.0 Hamlet - 22.0 Rolling Valley
Rutherford,Week4,Fox Hunt,Week4,255.5 Fox Hunt - 146.5 Rutherford
Rolling Valley,Week3,Pinecrest,Week4,341.0 Pinecrest - 61.0 Rolling Valley
Rutherford,Week2,Fox Hunt,Week1,250.0 Fox Hunt - 152.0 Rutherford
Rolling Hills,Week3,Pinecrest,Week4,305.0 Pinecrest - 97.0 Rolling Hills
Rutherford,Week2,Broyhill Crest,Week4,289.0 Rutherford - 112.0 Broyhill Crest
Rutherford,Week2,Broyhill Crest,Week1,293.0 Rutherford - 105.0 Broyhill Crest
Rutherford,Week1,Broyhill Crest,Week5,257.0 Rutherford - 143.0 Broyhill Crest
Rolling Hills,Week1,Pinewood Lake,Week2,338.0 Rolling Hills - 60.0 Pinewood Lake
Rolling Valley,Week4,Pinecrest,Week5,342.0 Pinecrest - 60.0 Rolling Valley
Rolling Hills,Week4,Pinecrest,Week3,308.0 Pinecrest - 94.0 Rolling Hills
Rolling Hills,Week5,Pinecrest,Week4,319.0 Pinecrest - 83.0 Rolling Hills
Rolling Valley,Week2,Hamlet,Week5,358.0 Hamlet - 44.0 Rolling Valley
Rolling Valley,Week2,Hamlet,Week2,346.0 Hamlet - 56.0 Rolling Valley
Rutherford,Week1,Fox Mill Estates,Week3,238.0 Fox Mill Estates - 163.0 Rutherford
Rolling Hills,Week2,Pinewood Lake,Week3,348.0 Rolling Hills - 46.0 Pinewood Lake
Rolling Valley,Week3,Hamlet,Week5,364.0 Hamlet - 38.0 Rolling Valley
Rutherford,Week2,Fox Mill Estates,Week2,222.0 Fox Mill Estates - 179.0 Rutherford
Rolling Valley,Week2,Hamlet,Week4,341.0 Hamlet - 61.0 Rolling Valley
Rolling Valley,Week3,Hamlet,Week3,348.0 Hamlet - 54.0 Rolling Valley
Rutherford,Week3,Broyhill Crest,Week5,288.0 Rutherford - 113.0 Broyhill Crest
Rolling Valley,Week3,Hamlet,Week1,340.5 Hamlet - 61.5 Rolling Valley
Rutherford,Week4,Broyhill Crest,Week5,296.0 Rutherford - 105.0 Broyhill Crest
Rolling Valley,Week3,Hamlet,Week2,354.0 Hamlet - 48.0 Rolling Valley
Rolling Valley,Week5,Pinewood Lake,Week4,345.0 Rolling Valley - 56.0 Pinewood Lake
Rutherford,Week4,Broyhill Crest,Week1,310.0 Rutherford - 85.0 Broyhill Crest
Rolling Valley,Week3,Pleasant Valley,Week4,256.0 Rolling Valley - 144.0 Pleasant Valley
Rutherford,Week2,Broyhill Crest,Week3,307.0 Rutherford - 94.0 Broyhill Crest
Rutherford,Week5,Fox Hunt,Week4,246.0 Fox Hunt - 156.0 Rutherford
Rolling Hills,Week1,Pinewood Lake,Week4,344.0 Rolling Hills - 55.0 Pinewood Lake
Rutherford,Week5,Broyhill Crest,Week4,306.0 Rutherford - 96.0 Broyhill Crest
Rolling Hills,Week1,Pinewood Lake,Week3,349.0 Rolling Hills - 48.0 Pinewood Lake
Rolling Valley,Week3,Pinewood Lake,Week5,311.0 Rolling Valley - 86.0 Pinewood Lake
Rolling Valley,Week3,Hamlet,Week4,342.0 Hamlet - 60.0 Rolling Valley
Rolling Hills,Week2,Pleasant Valley,Week1,295.0 Rolling Hills - 106.0 Pleasant Valley
Rolling Hills,Week4,Pinecrest,Week2,309.5 Pinecrest - 91.5 Rolling Hills
Rolling Valley,Week5,Pinewood Lake,Week5,336.0 Rolling Valley - 65.0 Pinewood Lake
Rolling Valley,Week4,Pinewood Lake,Week5,330.0 Rolling Valley - 71.0 Pinewood Lake
Rolling Valley,Week5,Pinewood Lake,Week2,338.0 Rolling Valley - 63.0 Pinewood Lake
Rutherford,Week3,Broyhill Crest,Week2,317.0 Rutherford - 84.0 Broyhill Crest
Rolling Hills,Week1,Pleasant Valley,Week1,283.0 Rolling Hills - 115.0 Pleasant Valley
Rutherford,Week1,Fox Mill Estates,Week2,227.0 Fox Mill Estates - 175.0 Rutherford
Rutherford,Week1,Fox Mill Estates,Week4,248.0 Fox Mill Estates - 154.0 Rutherford
Rutherford,Week2,Fox Mill Estates,Week3,234.0 Fox Mill Estates - 167.0 Rutherford
Rolling Hills,Week4,Pinecrest,Week5,305.0 Pinecrest - 93.0 Rolling Hills
Rutherford,Week2,Fox Mill Estates,Week4,262.0 Fox Mill Estates - 140.0 Rutherford
Rolling Hills,Week2,Pinewood Lake,Week2,340.0 Rolling Hills - 55.0 Pinewood Lake
Rolling Hills,Week1,Pleasant Valley,Week5,260.0 Rolling Hills - 141.0 Pleasant Valley
Rolling Hills,Week2,Pinewood Lake,Week4,347.0 Rolling Hills - 49.0 Pinewood Lake
Rolling Valley,Week4,Hamlet,Week2,352.0 Hamlet - 50.0 Rolling Valley
Rutherford,Week1,Fox Mill Woods,Week5,323.0 Fox Mill Woods - 79.0 Rutherford
Rolling Valley,Week4,Pleasant Valley,Week1,255.0 Rolling Valley - 146.0 Pleasant Valley
Rolling Hills,Week4,Pleasant Valley,Week4,290.0 Rolling Hills - 102.0 Pleasant Valley
Rutherford,Week1,Fox Mill Woods,Week2,322.0 Fox Mill Woods - 80.0 Rutherford
Rutherford,Week2,Fox Mill Woods,Week2,320.0 Fox Mill Woods - 82.0 Rutherford
Rutherford,Week5,Broyhill Crest,Week2,314.0 Rutherford - 88.0 Broyhill Crest
Rolling Hills,Week3,Pinewood Lake,Week2,336.0 Rolling Hills - 51.0 Pinewood Lake
Rolling Valley,Week4,Pleasant Valley,Week2,247.0 Rolling Valley - 154.0 Pleasant Valley
Rolling Hills,Week3,Pinewood Lake,Week1,329.0 Rolling Hills - 56.0 Pinewood Lake
Rolling Valley,Week4,Hamlet,Week4,341.0 Hamlet - 61.0 Rolling Valley
Rolling Hills,Week3,Pinewood Lake,Week3,344.0 Rolling Hills - 47.0 Pinewood Lake
Rolling Valley,Week5,Hamlet,Week1,347.0 Hamlet - 55.0 Rolling Valley
Rutherford,Week1,Burke Station,Week1,193.0 Burke Station - 181.0 Rutherford
Rolling Valley,Week4,Hamlet,Week1,343.0 Hamlet - 59.0 Rolling Valley
Rolling Hills,Week3,Pleasant Valley,Week2,279.0 Rolling Hills - 122.0 Pleasant Valley
Rolling Hills,Week5,Pleasant Valley,Week1,286.0 Rolling Hills - 115.0 Pleasant Valley
Rutherford,Week1,Burke Station,Week2,219.5 Rutherford - 176.5 Burke Station
Rutherford,Week5,Broyhill Crest,Week5,295.0 Rutherford - 106.0 Broyhill Crest
Rolling Valley,Week1,Pleasant Valley,Week3,232.5 Pleasant Valley - 169.5 Rolling Valley
Rolling Valley,Week3,Pleasant Valley,Week5,235.0 Rolling Valley - 161.0 Pleasant Valley
Rutherford,Week1,Burke Station,Week3,221.0 Burke Station - 170.0 Rutherford
Rutherford,Week2,Fox Mill Estates,Week1,209.0 Fox Mill Estates - 193.0 Rutherford
Rutherford,Week5,Fox Mill Estates,Week3,222.0 Fox Mill Estates - 174.0 Rutherford
Rolling Valley,Week5,Hamlet,Week2,350.0 Hamlet - 52.0 Rolling Valley
Rolling Valley,Week3,Hayfield Farm,Week2,303.0 Hayfield Farm - 99.0 Rolling Valley
Rolling Hills,Week4,Pinewood Lake,Week1,329.0 Rolling Hills - 59.0 Pinewood Lake
Rutherford,Week3,Fox Mill Estates,Week1,211.0 Rutherford - 191.0 Fox Mill Estates
Rutherford,Week3,Fox Mill Estates,Week5,217.0 Fox Mill Estates - 185.0 Rutherford
Rolling Valley,Week5,Hamlet,Week4,339.0 Hamlet - 63.0 Rolling Valley
Rutherford,Week4,Broyhill Crest,Week2,319.0 Rutherford - 82.0 Broyhill Crest
Rolling Hills,Week2,Pleasant Valley,Week4,302.0 Rolling Hills - 94.0 Pleasant Valley
Rolling Hills,Week3,Pleasant Valley,Week1,288.0 Rolling Hills - 113.0 Pleasant Valley
Rolling Valley,Week4,Pleasant Valley,Week3,209.0 Rolling Valley - 193.0 Pleasant Valley
Rolling Hills,Week3,Pinewood Lake,Week4,340.0 Rolling Hills - 53.0 Pinewood Lake
Rutherford,Week3,Broyhill Crest,Week4,296.0 Rutherford - 106.0 Broyhill Crest
Rolling Hills,Week4,Pleasant Valley,Week2,277.0 Rolling Hills - 111.0 Pleasant Valley
Rolling Valley,Week3,Pleasant Valley,Week3,208.0 Rolling Valley - 194.0 Pleasant Valley
Rolling Hills,Week4,Pinewood Lake,Week4,339.0 Rolling Hills - 58.0 Pinewood Lake
Rolling Valley,Week2,Pleasant Valley,Week2,237.0 Rolling Valley - 165.0 Pleasant Valley
Rutherford,Week4,Broyhill Crest,Week3,324.0 Rutherford - 78.0 Broyhill Crest
Rolling Hills,Week1,Poplar Heights,Week5,276.0 Poplar Heights - 126.0 Rolling Hills
Rolling Hills,Week5,Pinewood Lake,Week1,340.0 Rolling Hills - 58.0 Pinewood Lake
Rolling Valley,Week2,Hayfield Farm,Week2,303.0 Hayfield Farm - 99.0 Rolling Valley
Rolling Valley,Week3,Pleasant Valley,Week1,236.0 Rolling Valley - 161.0 Pleasant Valley
Rutherford,Week1,Fox Mill Woods,Week4,328.0 Fox Mill Woods - 74.0 Rutherford
Rolling Valley,Week4,Hamlet,Week3,346.0 Hamlet - 56.0 Rolling Valley
Rolling Valley,Week4,Hamlet,Week5,365.0 Hamlet - 37.0 Rolling Valley
Rolling Valley,Week5,Hamlet,Week3,349.0 Hamlet - 53.0 Rolling Valley
Rolling Hills,Week4,Pinewood Lake,Week5,325.0 Rolling Hills - 73.0 Pinewood Lake
Rolling Hills,Week4,Pinewood Lake,Week2,335.0 Rolling Hills - 60.0 Pinewood Lake
Rutherford,Week3,Fox Mill Estates,Week4,237.0 Fox Mill Estates - 165.0 Rutherford
Rolling Hills,Week2,Poplar Heights,Week5,262.0 Poplar Heights - 140.0 Rolling Hills
Rutherford,Week1,Burke Station,Week4,211.0 Rutherford - 190.0 Burke Station
Rutherford,Week4,Broyhill Crest,Week4,313.0 Rutherford - 88.0 Broyhill Crest
Rutherford,Week1,Fox Mill Estates,Week5,240.0 Fox Mill Estates - 162.0 Rutherford
Rolling Hills,Week2,Poplar Heights,Week1,257.0 Poplar Heights - 145.0 Rolling Hills
Rutherford,Week5,Broyhill Crest,Week1,306.0 Rutherford - 95.0 Broyhill Crest
Rolling Valley,Week2,Pleasant Valley,Week1,238.0 Rolling Valley - 164.0 Pleasant Valley
Rolling Hills,Week2,Pleasant Valley,Week3,265.0 Rolling Hills - 137.0 Pleasant Valley
Rolling Valley,Week1,Pleasant Valley,Week5,199.0 Pleasant Valley - 198.0 Rolling Valley
Rolling Valley,Week4,Pleasant Valley,Week4,262.0 Rolling Valley - 139.0 Pleasant Valley
Rutherford,Week5,Broyhill Crest,Week3,326.0 Rutherford - 75.0 Broyhill Crest
Rutherford,Week3,Fox Mill Estates,Week3,217.0 Fox Mill Estates - 184.0 Rutherford
Rolling Hills,Week5,Pinewood Lake,Week2,337.0 Rolling Hills - 63.0 Pinewood Lake
Rolling Valley,Week3,Pleasant Valley,Week2,231.0 Rolling Valley - 166.0 Pleasant Valley
Rolling Hills,Week5,Pinewood Lake,Week5,331.0 Rolling Hills - 70.0 Pinewood Lake
Rolling Valley,Week2,Herndon,Week1,226.0 Rolling Valley - 176.0 Herndon
Rutherford,Week5,Fox Hunt,Week5,278.0 Fox Hunt - 124.0 Rutherford
Rolling Valley,Week5,Hayfield Farm,Week2,296.0 Hayfield Farm - 106.0 Rolling Valley
Rolling Hills,Week4,Poplar Heights,Week1,257.0 Poplar Heights - 143.0 Rolling Hills
Rolling Hills,Week2,Pleasant Valley,Week5,272.0 Rolling Hills - 125.0 Pleasant Valley
Rutherford,Week4,Burke Station,Week5,203.0 Rutherford - 198.0 Burke Station
Rutherford,Week5,Burke Station,Week5,217.0 Rutherford - 185.0 Burke Station
Rolling Valley,Week2,Pleasant Valley,Week3,204.0 Pleasant Valley - 198.0 Rolling Valley
Rutherford,Week2,Fox Mill Woods,Week1,322.0 Fox Mill Woods - 80.0 Rutherford
Rolling Hills,Week5,Pleasant Valley,Week5,265.0 Rolling Hills - 137.0 Pleasant Valley
Rolling Valley,Week1,Hayfield Farm,Week2,337.0 Hayfield Farm - 65.0 Rolling Valley
Rutherford,Week3,Burke Station,Week4,226.0 Rutherford - 176.0 Burke Station
Rolling Hills,Week1,Poplar Heights,Week1,259.0 Poplar Heights - 143.0 Rolling Hills
Rolling Valley,Week1,Hayfield Farm,Week3,332.0 Hayfield Farm - 70.0 Rolling Valley
Rolling Valley,Week5,Pleasant Valley,Week1,246.0 Rolling Valley - 156.0 Pleasant Valley
Rolling Hills,Week3,Pleasant Valley,Week5,260.0 Rolling Hills - 142.0 Pleasant Valley
Rolling Valley,Week1,Herndon,Week4,220.0 Rolling Valley - 181.0 Herndon
Rutherford,Week3,Fox Mill Estates,Week2,212.0 Fox Mill Estates - 190.0 Rutherford
Rutherford,Week2,Burke Station,Week4,209.0 Rutherford - 192.0 Burke Station
Rutherford,Week4,Fox Mill Estates,Week1,214.0 Rutherford - 188.0 Fox Mill Estates
Rutherford,Week1,Fox Mill Estates,Week1,211.0 Fox Mill Estates - 186.0 Rutherford
Rolling Valley,Week5,Pleasant Valley,Week3,215.0 Rolling Valley - 187.0 Pleasant Valley
Rolling Valley,Week1,Pleasant Valley,Week2,203.0 Pleasant Valley - 198.0 Rolling Valley
Rolling Valley,Week3,Hayfield Farm,Week4,309.0 Hayfield Farm - 93.0 Rolling Valley
Rutherford,Week1,Camelot,Week2,236.0 Camelot - 165.0 Rutherford
Rolling Valley,Week4,Pleasant Valley,Week5,238.0 Rolling Valley - 164.0 Pleasant Valley
Rolling Hills,Week3,Poplar Heights,Week1,263.0 Poplar Heights - 138.0 Rolling Hills
Rolling Hills,Week5,Pinewood Lake,Week4,338.0 Rolling Hills - 63.0 Pinewood Lake
Rolling Hills,Week5,Pinewood Lake,Week3,346.0 Rolling Hills - 52.0 Pinewood Lake
Rutherford,Week2,Camelot,Week3,229.5 Camelot - 171.5 Rutherford
Rolling Hills,Week1,Pleasant Valley,Week4,292.0 Rolling Hills - 105.0 Pleasant Valley
Rolling Hills,Week2,Poplar Heights,Week4,270.0 Poplar Heights - 132.0 Rolling Hills
Rutherford,Week3,Camelot,Week5,234.0 Camelot - 168.0 Rutherford
Rolling Valley,Week2,Herndon,Week4,247.0 Rolling Valley - 155.0 Herndon
Rutherford,Week2,Fox Mill Estates,Week5,239.0 Fox Mill Estates - 163.0 Rutherford
Rolling Hills,Week4,Pleasant Valley,Week1,269.0 Rolling Hills - 119.0 Pleasant Valley
Rolling Valley,Week1,Hayfield Farm,Week5,319.0 Hayfield Farm - 83.0 Rolling Valley
Rolling Hills,Week2,Pleasant Valley,Week2,280.0 Rolling Hills - 121.0 Pleasant Valley
Rutherford,Week5,Fox Mill Estates,Week4,246.0 Fox Mill Estates - 156.0 Rutherford
Rutherford,Week4,Fox Mill Estates,Week3,217.0 Fox Mill Estates - 185.0 Rutherford
Rutherford,Week5,Burke Station,Week1,200.0 Rutherford - 175.0 Burke Station
Rutherford,Week3,Burke Station,Week3,205.0 Rutherford - 191.0 Burke Station
Rutherford,Week4,Fox Mill Estates,Week4,233.5 Fox Mill Estates - 168.5 Rutherford
Rolling Valley,Week1,Pleasant Valley,Week4,208.0 Rolling Valley - 191.0 Pleasant Valley
Rolling Hills,Week3,Pleasant Valley,Week4,287.0 Rolling Hills - 113.0 Pleasant Valley
Rolling Valley,Week5,Pleasant Valley,Week2,260.0 Rolling Valley - 142.0 Pleasant Valley
Rolling Valley,Week5,Pleasant Valley,Week5,249.0 Rolling Valley - 153.0 Pleasant Valley
Rutherford,Week3,Camelot,Week2,211.0 Camelot - 190.0 Rutherford
Rolling Valley,Week2,Hayfield Farm,Week5,295.0 Hayfield Farm - 107.0 Rolling Valley
Rolling Valley,Week2,Pleasant Valley,Week4,254.0 Rolling Valley - 148.0 Pleasant Valley
Rolling Valley,Week4,Hayfield Farm,Week3,305.0 Hayfield Farm - 97.0 Rolling Valley
Rolling Valley,Week5,Pleasant Valley,Week4,273.0 Rolling Valley - 129.0 Pleasant Valley
Rutherford,Week2,Camelot,Week2,223.0 Camelot - 178.0 Rutherford
Rolling Valley,Week3,Hayfield Farm,Week3,310.0 Hayfield Farm - 92.0 Rolling Valley
Rutherford,Week1,Fox Mill Woods,Week1,324.5 Fox Mill Woods - 77.5 Rutherford
Rolling Hills,Week3,Pleasant Valley,Week3,256.0 Rolling Hills - 146.0 Pleasant Valley
Rutherford,Week2,Burke Station,Week3,209.0 Burke Station - 187.0 Rutherford
Rolling Valley,Week1,Hayfield Farm,Week1,320.0 Hayfield Farm - 82.0 Rolling Valley
Rutherford,Week5,Fox Mill Estates,Week1,200.0 Fox Mill Estates - 197.0 Rutherford
Rolling Hills,Week5,Pleasant Valley,Week3,250.0 Rolling Hills - 152.0 Pleasant Valley
Rutherford,Week4,Burke Station,Week2,247.0 Rutherford - 153.0 Burke Station
Rolling Valley,Week2,Pleasant Valley,Week5,235.0 Rolling Valley - 166.0 Pleasant Valley
Rolling Hills,Week1,Poplar Heights,Week3,270.0 Poplar Heights - 132.0 Rolling Hills
Rolling Valley,Week5,Poplar Heights,Week3,303.0 Poplar Heights - 99.0 Rolling Valley
Rolling Hills,Week5,Pleasant Valley,Week2,286.0 Rolling Hills - 115.0 Pleasant Valley
Rutherford,Week1,Camelot,Week3,239.0 Camelot - 162.0 Rutherford
Rutherford,Week4,Fox Mill Estates,Week5,211.0 Fox Mill Estates - 191.0 Rutherford
Rolling Valley,Week4,Poplar Heights,Week1,298.0 Poplar Heights - 104.0 Rolling Valley
Rutherford,Week2,Burke Station,Week5,220.0 Burke Station - 182.0 Rutherford
Rutherford,Week3,Burke Station,Week5,206.0 Burke Station - 196.0 Rutherford
Rolling Valley,Week2,Poplar Heights,Week4,322.0 Poplar Heights - 80.0 Rolling Valley
Rolling Valley,Week4,Hayfield Farm,Week5,289.0 Hayfield Farm - 113.0 Rolling Valley
Rutherford,Week4,Fox Mill Woods,Week4,316.0 Fox Mill Woods - 86.0 Rutherford
Rolling Valley,Week4,Hayfield Farm,Week1,278.0 Hayfield Farm - 124.0 Rolling Valley
Rolling Valley,Week2,Hayfield Farm,Week1,285.0 Hayfield Farm - 117.0 Rolling Valley
Rutherford,Week2,Great Falls,Week2,250.0 Great Falls - 134.0 Rutherford
Rolling Hills,Week4,Pleasant Valley,Week5,268.0 Rolling Hills - 125.0 Pleasant Valley
Rolling Valley,Week4,Hayfield Farm,Week4,296.0 Hayfield Farm - 106.0 Rolling Valley
Rolling Valley,Week4,Hayfield Farm,Week2,304.0 Hayfield Farm - 98.0 Rolling Valley
Rolling Valley,Week4,Poplar Heights,Week5,318.0 Poplar Heights - 84.0 Rolling Valley
Rutherford,Week1,Fox Mill Woods,Week3,321.0 Fox Mill Woods - 81.0 Rutherford
Rutherford,Week4,Burke Station,Week4,237.0 Rutherford - 164.0 Burke Station
Rolling Hills,Week1,Pleasant Valley,Week3,255.0 Rolling Hills - 147.0 Pleasant Valley
Rutherford,Week5,Burke Station,Week3,219.0 Rutherford - 175.0 Burke Station
Rolling Hills,Week4,Pleasant Valley,Week3,269.0 Rolling Hills - 132.0 Pleasant Valley
Rolling Valley,Week3,Hayfield Farm,Week1,292.0 Hayfield Farm - 110.0 Rolling Valley
Rolling Valley,Week2,Poplar Tree,Week1,312.0 Poplar Tree - 90.0 Rolling Valley
Rolling Valley,Week5,Hayfield Farm,Week3,297.0 Hayfield Farm - 105.0 Rolling Valley
Rolling Valley,Week1,Poplar Tree,Week1,322.0 Poplar Tree - 79.0 Rolling Valley
Rutherford,Week4,Fox Mill Estates,Week2,209.0 Fox Mill Estates - 193.0 Rutherford
Rutherford,Week5,Fox Mill Estates,Week2,211.0 Fox Mill Estates - 191.0 Rutherford
Rolling Hills,Week5,Pleasant Valley,Week4,292.0 Rolling Hills - 109.0 Pleasant Valley
Rolling Valley,Week3,Poplar Heights,Week1,298.0 Poplar Heights - 104.0 Rolling Valley
Rolling Hills,Week1,Pleasant Valley,Week2,274.0 Rolling Hills - 124.0 Pleasant Valley
Rutherford,Week5,Fox Mill Estates,Week5,234.0 Fox Mill Estates - 168.0 Rutherford
Rolling Valley,Week5,Poplar Heights,Week4,318.0 Poplar Heights - 84.0 Rolling Valley
Rutherford,Week1,Great Falls,Week4,261.0 Great Falls - 137.0 Rutherford
Rutherford,Week4,Camelot,Week2,212.0 Camelot - 190.0 Rutherford
Rutherford,Week1,Burke Station,Week5,215.0 Burke Station - 186.0 Rutherford
Rutherford,Week3,Burke Station,Week2,227.0 Rutherford - 171.0 Burke Station
Rutherford,Week3,Fox Mill Woods,Week4,312.0 Fox Mill Woods - 90.0 Rutherford
Rutherford,Week3,Burke Station,Week1,193.0 Rutherford - 182.0 Burke Station
Rutherford,Week5,Burke Station,Week4,243.0 Rutherford - 159.0 Burke Station
Rolling Valley,Week4,Poplar Heights,Week2,317.0 Poplar Heights - 85.0 Rolling Valley
Rutherford,Week3,Great Falls,Week3,250.0 Great Falls - 152.0 Rutherford
Rutherford,Week3,Fox Mill Woods,Week1,301.0 Fox Mill Woods - 101.0 Rutherford
Rutherford,Week3,Great Falls,Week1,226.0 Great Falls - 175.0 Rutherford
Rolling Hills,Week2,Poplar Heights,Week3,245.0 Poplar Heights - 157.0 Rolling Hills
Rolling Valley,Week1,Poplar Heights,Week2,332.0 Poplar Heights - 70.0 Rolling Valley
Rolling Valley,Week1,Poplar Heights,Week3,337.5 Poplar Heights - 64.5 Rolling Valley
Rolling Hills,Week3,Poplar Heights,Week2,267.0 Poplar Heights - 134.0 Rolling Hills
Rolling Valley,Week5,Hayfield Farm,Week5,294.0 Hayfield Farm - 108.0 Rolling Valley
Rolling Valley,Week2,Hayfield Farm,Week4,305.0 Hayfield Farm - 97.0 Rolling Valley
Rolling Hills,Week1,Poplar Heights,Week2,273.0 Poplar Heights - 129.0 Rolling Hills
Rolling Hills,Week2,Poplar Heights,Week2,270.0 Poplar Heights - 132.0 Rolling Hills
Rolling Valley,Week3,Poplar Heights,Week5,327.5 Poplar Heights - 74.5 Rolling Valley
Rolling Valley,Week1,Herndon,Week1,211.0 Rolling Valley - 190.0 Herndon
Rolling Valley,Week1,Hayfield Farm,Week4,333.0 Hayfield Farm - 69.0 Rolling Valley
Rolling Valley,Week5,Hamlet,Week5,365.0 Hamlet - 37.0 Rolling Valley
Rolling Hills,Week3,Poplar Heights,Week3,261.0 Poplar Heights - 141.0 Rolling Hills
Rutherford,Week3,Great Falls,Week2,231.0 Great Falls - 153.0 Rutherford
Rolling Valley,Week2,Poplar Heights,Week3,315.0 Poplar Heights - 87.0 Rolling Valley
Rolling Valley,Week1,Herndon,Week3,211.0 Rolling Valley - 190.0 Herndon
Rolling Valley,Week2,Poplar Heights,Week5,321.5 Poplar Heights - 80.5 Rolling Valley
Rutherford,Week2,Burke Station,Week1,188.0 Burke Station - 187.0 Rutherford
Rolling Valley,Week2,Hayfield Farm,Week3,313.0 Hayfield Farm - 84.0 Rolling Valley
Rutherford,Week2,Great Falls,Week4,254.0 Great Falls - 147.0 Rutherford
Rolling Hills,Week1,Poplar Heights,Week4,267.0 Poplar Heights - 135.0 Rolling Hills
Rutherford,Week2,Burke Station,Week2,217.0 Rutherford - 180.0 Burke Station
Rutherford,Week4,Fox Mill Woods,Week1,313.0 Fox Mill Woods - 89.0 Rutherford
Rolling Hills,Week4,Newington Forest,Week2,224.0 Rolling Hills - 168.0 Newington Forest
Rolling Hills,Week1,North Springfield,Week2,268.5 Rolling Hills - 119.5 North Springfield
Rolling Valley,Week5,Poplar Heights,Week2,317.0 Poplar Heights - 85.0 Rolling Valley
Rolling Valley,Week3,Hayfield Farm,Week5,298.0 Hayfield Farm - 104.0 Rolling Valley
Rutherford,Week4,Burke Station,Week3,214.0 Rutherford - 178.0 Burke Station
Rolling Valley,Week3,Poplar Heights,Week2,319.0 Poplar Heights - 83.0 Rolling Valley
Rutherford,Week4,Burke Station,Week1,215.0 Rutherford - 163.0 Burke Station
Rolling Valley,Week4,Poplar Heights,Week4,318.0 Poplar Heights - 84.0 Rolling Valley
Rutherford,Week1,Camelot,Week1,256.0 Camelot - 145.0 Rutherford
Rolling Hills,Week5,Newington Forest,Week1,248.0 Rolling Hills - 153.0 Newington Forest
Rutherford,Week3,Fox Mill Woods,Week5,311.0 Fox Mill Woods - 91.0 Rutherford
Rolling Valley,Week1,Herndon,Week2,201.0 Herndon - 200.0 Rolling Valley
Rolling Hills,Week4,Newington Forest,Week3,222.0 Rolling Hills - 179.0 Newington Forest
Rolling Hills,Week3,Poplar Heights,Week4,275.3 Poplar Heights - 126.7 Rolling Hills
Rutherford,Week4,Fox Mill Woods,Week2,297.0 Fox Mill Woods - 105.0 Rutherford
Rolling Hills,Week4,Poplar Heights,Week4,271.0 Poplar Heights - 130.0 Rolling Hills
Rutherford,Week1,Camelot,Week4,244.0 Camelot - 158.0 Rutherford
Rolling Valley,Week5,Hayfield Farm,Week4,302.0 Hayfield Farm - 100.0 Rolling Valley
Rolling Hills,Week4,Poplar Heights,Week5,267.0 Poplar Heights - 134.0 Rolling Hills
Rutherford,Week5,Burke Station,Week2,258.0 Rutherford - 140.0 Burke Station
Rolling Hills,Week3,Poplar Heights,Week5,270.8 Poplar Heights - 130.2 Rolling Hills
Rolling Valley,Week5,Hayfield Farm,Week1,288.0 Hayfield Farm - 114.0 Rolling Valley
Rutherford,Week5,Fox Mill Woods,Week1,312.0 Fox Mill Woods - 90.0 Rutherford
Rolling Valley,Week5,Poplar Heights,Week1,299.0 Poplar Heights - 103.0 Rolling Valley
Rolling Hills,Week1,North Springfield,Week3,259.0 Rolling Hills - 136.0 North Springfield
Rolling Valley,Week3,Herndon,Week3,235.0 Rolling Valley - 166.0 Herndon
Rolling Valley,Week5,Poplar Heights,Week5,314.0 Poplar Heights - 88.0 Rolling Valley
Rutherford,Week2,Fox Mill Woods,Week3,317.0 Fox Mill Woods - 85.0 Rutherford
Rolling Hills,Week1,Poplar Tree,Week3,288.0 Poplar Tree - 114.0 Rolling Hills
Rolling Hills,Week2,North Springfield,Week2,265.0 Rolling Hills - 122.0 North Springfield
Rolling Valley,Week2,Herndon,Week2,219.0 Rolling Valley - 183.0 Herndon
Rutherford,Week2,Camelot,Week1,227.0 Camelot - 175.0 Rutherford
Rutherford,Week2,Fox Mill Woods,Week4,325.0 Fox Mill Woods - 77.0 Rutherford
Rolling Hills,Week1,North Springfield,Week4,276.0 Rolling Hills - 110.0 North Springfield
Rolling Valley,Week1,Poplar Heights,Week4,343.0 Poplar Heights - 59.0 Rolling Valley
Rolling Hills,Week2,North Springfield,Week3,257.0 Rolling Hills - 136.0 North Springfield
Rutherford,Week2,Fox Mill Woods,Week5,319.0 Fox Mill Woods - 83.0 Rutherford
Rolling Hills,Week3,Newington Forest,Week5,218.0 Rolling Hills - 184.0 Newington Forest
Rolling Hills,Week2,Poplar Tree,Week4,252.0 Poplar Tree - 150.0 Rolling Hills
Rutherford,Week3,Fox Mill Woods,Week2,303.0 Fox Mill Woods - 99.0 Rutherford
Rolling Valley,Week1,Poplar Heights,Week1,310.0 Poplar Heights - 92.0 Rolling Valley
Rolling Valley,Week1,Poplar Heights,Week5,356.0 Poplar Heights - 46.0 Rolling Valley
Rolling Valley,Week1,Hiddenbrook,Week3,287.0 Hiddenbrook - 115.0 Rolling Valley
Rutherford,Week2,Camelot,Week5,259.0 Camelot - 143.0 Rutherford
Rolling Hills,Week3,Newington Forest,Week2,234.0 Rolling Hills - 163.0 Newington Forest
Rutherford,Week3,Camelot,Week4,208.0 Rutherford - 194.0 Camelot
Rolling Valley,Week3,Herndon,Week4,247.0 Rolling Valley - 154.0 Herndon
Rutherford,Week3,Camelot,Week3,201.0 Rutherford - 200.0 Camelot
Rutherford,Week5,Fox Mill Woods,Week3,307.0 Fox Mill Woods - 95.0 Rutherford
Rutherford,Week4,Fox Mill Woods,Week3,299.0 Fox Mill Woods - 103.0 Rutherford
Rolling Valley,Week2,Herndon,Week5,243.0 Rolling Valley - 159.0 Herndon
Rolling Valley,Week3,Poplar Heights,Week4,313.0 Poplar Heights - 89.0 Rolling Valley
Rolling Valley,Week1,Herndon,Week5,211.0 Rolling Valley - 190.0 Herndon
Rolling Hills,Week5,Poplar Heights,Week2,263.0 Poplar Heights - 139.0 Rolling Hills
Rolling Hills,Week1,North Springfield,Week5,243.0 Rolling Hills - 129.0 North Springfield
Rolling Valley,Week4,Poplar Heights,Week3,311.0 Poplar Heights - 91.0 Rolling Valley
Rolling Hills,Week2,Poplar Tree,Week1,297.0 Poplar Tree - 105.0 Rolling Hills
Rutherford,Week3,Fox Mill Woods,Week3,301.0 Fox Mill Woods - 101.0 Rutherford
Rolling Hills,Week2,North Springfield,Week4,284.0 Rolling Hills - 103.0 North Springfield
Rolling Hills,Week4,Poplar Heights,Week3,260.0 Poplar Heights - 142.0 Rolling Hills
Rutherford,Week5,Fox Mill Woods,Week5,316.0 Fox Mill Woods - 86.0 Rutherford
Rutherford,Week3,Camelot,Week1,215.0 Camelot - 187.0 Rutherford
Rutherford,Week2,Camelot,Week4,231.0 Camelot - 171.0 Rutherford
Rolling Hills,Week1,Poplar Tree,Week1,298.0 Poplar Tree - 104.0 Rolling Hills
Rutherford,Week1,Camelot,Week5,261.0 Camelot - 141.0 Rutherford
Rolling Hills,Week5,Poplar Heights,Week1,256.0 Poplar Heights - 146.0 Rolling Hills
Rolling Valley,Week2,Herndon,Week3,233.0 Rolling Valley - 169.0 Herndon
Rolling Valley,Week2,Poplar Heights,Week2,315.0 Poplar Heights - 87.0 Rolling Valley
Rolling Hills,Week4,Newington Forest,Week4,206.0 Rolling Hills - 195.0 Newington Forest
Rolling Valley,Week4,Herndon,Week2,248.0 Rolling Valley - 154.0 Herndon
Rutherford,Week5,Fox Mill Woods,Week2,299.0 Fox Mill Woods - 103.0 Rutherford
Rolling Valley,Week3,Herndon,Week5,231.0 Rolling Valley - 170.0 Herndon
Rolling Valley,Week1,Poplar Tree,Week2,310.0 Poplar Tree - 92.0 Rolling Valley
Rolling Valley,Week1,Poplar Tree,Week3,333.0 Poplar Tree - 68.0 Rolling Valley
Rolling Valley,Week1,Poplar Tree,Week4,301.0 Poplar Tree - 100.0 Rolling Valley
Rutherford,Week1,Canterbury Woods,Week1,240.0 Canterbury Woods - 162.0 Rutherford
Rolling Hills,Week3,Poplar Tree,Week1,296.0 Poplar Tree - 106.0 Rolling Hills
Rolling Valley,Week2,Hiddenbrook,Week3,254.0 Hiddenbrook - 148.0 Rolling Valley
Rutherford,Week5,Camelot,Week2,204.0 Camelot - 197.0 Rutherford
Rolling Hills,Week2,Poplar Tree,Week5,294.0 Poplar Tree - 108.0 Rolling Hills
Rolling Valley,Week2,Poplar Heights,Week1,293.0 Poplar Heights - 109.0 Rolling Valley
Rolling Hills,Week3,Newington Forest,Week4,222.0 Rolling Hills - 180.0 Newington Forest
Rolling Hills,Week3,Newington Forest,Week3,219.0 Rolling Hills - 183.0 Newington Forest
Rutherford,Week1,Great Falls,Week3,276.0 Great Falls - 126.0 Rutherford
Rolling Valley,Week2,Hiddenbrook,Week4,259.0 Hiddenbrook - 143.0 Rolling Valley
Rolling Hills,Week4,Poplar Heights,Week2,273.0 Poplar Heights - 127.0 Rolling Hills
Rolling Hills,Week2,North Springfield,Week5,246.0 Rolling Hills - 127.0 North Springfield
Rutherford,Week1,Great Falls,Week2,261.0 Great Falls - 123.0 Rutherford
Rolling Valley,Week3,Poplar Heights,Week3,306.0 Poplar Heights - 96.0 Rolling Valley
Rolling Valley,Week2,Hiddenbrook,Week2,202.0 Hiddenbrook - 195.0 Rolling Valley
Rutherford,Week2,Canterbury Woods,Week2,217.0 Canterbury Woods - 184.0 Rutherford
Rutherford,Week4,Camelot,Week1,209.5 Camelot - 191.5 Rutherford
Rolling Hills,Week2,Poplar Tree,Week3,288.0 Poplar Tree - 114.0 Rolling Hills
Rolling Valley,Week1,Poplar Tree,Week5,334.0 Poplar Tree - 68.0 Rolling Valley
Rolling Hills,Week3,Poplar Tree,Week2,265.0 Poplar Tree - 137.0 Rolling Hills
Rolling Hills,Week4,Newington Forest,Week5,200.0 Rolling Hills - 196.0 Newington Forest
Rutherford,Week1,Great Falls,Week1,243.0 Great Falls - 158.0 Rutherford
Rutherford,Week1,Canterbury Woods,Week2,242.0 Canterbury Woods - 159.0 Rutherford
Rutherford,Week4,Fox Mill Woods,Week5,317.0 Fox Mill Woods - 85.0 Rutherford
Rutherford,Week1,Canterbury Woods,Week3,272.0 Canterbury Woods - 130.0 Rutherford
Rutherford,Week2,Great Falls,Week1,229.0 Great Falls - 169.0 Rutherford
Rolling Hills,Week2,North Springfield,Week1,258.0 Rolling Hills - 92.0 North Springfield
Rutherford,Week5,Camelot,Week1,215.0 Camelot - 187.0 Rutherford
Rolling Valley,Week1,Hiddenbrook,Week4,299.0 Hiddenbrook - 103.0 Rolling Valley
Rolling Hills,Week2,Poplar Tree,Week2,271.0 Poplar Tree - 126.0 Rolling Hills
Rutherford,Week1,Great Falls,Week5,260.0 Great Falls - 142.0 Rutherford
Rolling Hills,Week1,Poplar Tree,Week2,273.0 Poplar Tree - 129.0 Rolling Hills
Rolling Valley,Week4,Poplar Tree,Week5,317.0 Poplar Tree - 85.0 Rolling Valley
Rolling Hills,Week5,Newington Forest,Week3,220.0 Rolling Hills - 182.0 Newington Forest
Rolling Valley,Week5,Poplar Tree,Week4,284.0 Poplar Tree - 118.0 Rolling Valley
Rolling Valley,Week3,Hiddenbrook,Week3,252.0 Hiddenbrook - 150.0 Rolling Valley
Rolling Hills,Week5,Poplar Heights,Week5,268.0 Poplar Heights - 134.0 Rolling Hills
Rutherford,Week2,Canterbury Woods,Week1,228.0 Canterbury Woods - 174.0 Rutherford
Rolling Valley,Week4,Herndon,Week1,237.0 Rolling Valley - 165.0 Herndon
Rolling Valley,Week3,Hiddenbrook,Week2,202.0 Hiddenbrook - 199.0 Rolling Valley
Rolling Hills,Week1,Poplar Tree,Week5,305.0 Poplar Tree - 97.0 Rolling Hills
Rutherford,Week2,Canterbury Woods,Week4,245.0 Canterbury Woods - 157.0 Rutherford
Rolling Hills,Week3,Poplar Tree,Week3,285.0 Poplar Tree - 117.0 Rolling Hills
Rutherford,Week2,Great Falls,Week3,250.0 Great Falls - 152.0 Rutherford
Rolling Valley,Week3,Ravensworth Farm,Week1,298.0 Ravensworth Farm - 104.0 Rolling Valley
Rolling Valley,Week3,Hiddenbrook,Week1,243.0 Hiddenbrook - 158.0 Rolling Valley
Rolling Hills,Week5,Newington Forest,Week4,211.0 Rolling Hills - 191.0 Newington Forest
Rolling Valley,Week2,Poplar Tree,Week5,326.0 Poplar Tree - 76.0 Rolling Valley
Rutherford,Week5,Fox Mill Woods,Week4,315.0 Fox Mill Woods - 87.0 Rutherford
Rolling Hills,Week3,North Springfield,Week1,262.0 Rolling Hills - 88.0 North Springfield
Rolling Valley,Week5,Herndon,Week5,240.0 Rolling Valley - 162.0 Herndon
Rolling Hills,Week2,Stratford,Week2,224.0 Rolling Hills - 178.0 Stratford
Rolling Valley,Week4,Herndon,Week4,249.0 Rolling Valley - 153.0 Herndon
Rolling Hills,Week5,Poplar Heights,Week4,272.0 Poplar Heights - 130.0 Rolling Hills
Rolling Hills,Week3,Newington Forest,Week1,247.0 Rolling Hills - 152.0 Newington Forest
Rutherford,Week3,Greenbriar,Week4,268.0 Greenbriar - 134.0 Rutherford
Rolling Valley,Week2,Ravensworth Farm,Week1,309.0 Ravensworth Farm - 93.0 Rolling Valley
Rolling Hills,Week2,Sully Station,Week2,263.0 Sully Station - 139.0 Rolling Hills
Rutherford,Week5,Great Falls,Week5,243.0 Great Falls - 159.0 Rutherford
Rolling Hills,Week1,Stratford,Week5,221.0 Rolling Hills - 181.0 Stratford
Rolling Hills,Week1,Poplar Tree,Week4,251.0 Poplar Tree - 151.0 Rolling Hills
Rolling Valley,Week4,Herndon,Week5,257.0 Rolling Valley - 145.0 Herndon
Rolling Hills,Week5,Poplar Heights,Week3,260.0 Poplar Heights - 142.0 Rolling Hills
Rolling Valley,Week3,Herndon,Week2,231.0 Rolling Valley - 170.0 Herndon
Rolling Hills,Week1,Ravensworth Farm,Week2,241.0 Ravensworth Farm - 161.0 Rolling Hills
Rolling Hills,Week4,Stratford,Week5,226.0 Rolling Hills - 174.0 Stratford
Rutherford,Week2,Canterbury Woods,Week5,232.0 Canterbury Woods - 166.0 Rutherford
Rolling Valley,Week4,Poplar Tree,Week2,289.0 Poplar Tree - 113.0 Rolling Valley
Rolling Valley,Week5,Herndon,Week4,262.0 Rolling Valley - 140.0 Herndon
Rutherford,Week5,Camelot,Week3,214.0 Rutherford - 187.0 Camelot
Rolling Valley,Week3,Herndon,Week1,238.0 Rolling Valley - 161.0 Herndon
Rolling Hills,Week1,Ravensworth Farm,Week5,285.0 Ravensworth Farm - 117.0 Rolling Hills
Rolling Hills,Week5,Newington Forest,Week5,207.0 Rolling Hills - 195.0 Newington Forest
Rolling Hills,Week5,Newington Forest,Week2,234.0 Rolling Hills - 167.0 Newington Forest
Rolling Hills,Week4,Newington Forest,Week1,241.0 Rolling Hills - 151.0 Newington Forest
Rolling Valley,Week1,Ravensworth Farm,Week5,356.0 Ravensworth Farm - 46.0 Rolling Valley
Rutherford,Week4,Canterbury Woods,Week3,215.0 Canterbury Woods - 182.0 Rutherford
Rutherford,Week1,Greenbriar,Week5,276.0 Greenbriar - 126.0 Rutherford
Rolling Hills,Week4,Stratford,Week2,229.5 Rolling Hills - 171.5 Stratford
Rutherford,Week2,Great Falls,Week5,248.0 Great Falls - 153.0 Rutherford
Rolling Hills,Week1,Sully Station,Week1,286.0 Sully Station - 116.0 Rolling Hills
Rutherford,Week4,Camelot,Week3,206.0 Camelot - 196.0 Rutherford
Rutherford,Week1,Greenbriar,Week4,269.0 Greenbriar - 133.0 Rutherford
Rutherford,Week4,Great Falls,Week3,259.0 Great Falls - 143.0 Rutherford
Rolling Valley,Week1,Ravensworth Farm,Week3,345.0 Ravensworth Farm - 57.0 Rolling Valley
Rolling Hills,Week1,North Springfield,Week1,265.0 Rolling Hills - 86.0 North Springfield
Rutherford,Week2,Canterbury Woods,Week3,251.5 Canterbury Woods - 150.5 Rutherford
Rutherford,Week5,Great Falls,Week4,221.0 Great Falls - 180.0 Rutherford
Rolling Valley,Week5,Poplar Tree,Week3,295.0 Poplar Tree - 107.0 Rolling Valley
Rutherford,Week4,Camelot,Week4,204.0 Camelot - 198.0 Rutherford
Rolling Hills,Week3,Poplar Tree,Week4,248.0 Poplar Tree - 154.0 Rolling Hills
Rolling Valley,Week2,Ravensworth Farm,Week4,312.0 Ravensworth Farm - 90.0 Rolling Valley
Rutherford,Week4,Canterbury Woods,Week1,203.0 Canterbury Woods - 199.0 Rutherford
Rolling Hills,Week4,Ravensworth Farm,Week1,255.0 Ravensworth Farm - 146.0 Rolling Hills
Rolling Hills,Week3,Stratford,Week5,223.0 Rolling Hills - 178.0 Stratford
Rolling Valley,Week3,Poplar Tree,Week2,292.0 Poplar Tree - 110.0 Rolling Valley
Rolling Hills,Week3,Sully Station,Week5,307.0 Sully Station - 95.0 Rolling Hills
Rolling Valley,Week2,Poplar Tree,Week3,306.0 Poplar Tree - 96.0 Rolling Valley
Rolling Hills,Week3,Ravensworth Farm,Week1,258.0 Ravensworth Farm - 144.0 Rolling Hills
Rutherford,Week3,Greenbriar,Week1,264.0 Greenbriar - 138.0 Rutherford
Rolling Valley,Week2,Hiddenbrook,Week5,283.0 Hiddenbrook - 119.0 Rolling Valley
Rolling Valley,Week2,Poplar Tree,Week2,297.0 Poplar Tree - 105.0 Rolling Valley
Rolling Valley,Week1,Hiddenbrook,Week2,232.0 Hiddenbrook - 166.0 Rolling Valley
Rolling Valley,Week3,Poplar Tree,Week1,301.0 Poplar Tree - 101.0 Rolling Valley
Rolling Valley,Week1,Hiddenbrook,Week5,317.0 Hiddenbrook - 85.0 Rolling Valley
Rutherford,Week5,Camelot,Week5,232.0 Camelot - 170.0 Rutherford
Rutherford,Week5,Greenbriar,Week2,278.0 Greenbriar - 124.0 Rutherford
Rolling Hills,Week4,Poplar Tree,Week3,294.0 Poplar Tree - 108.0 Rolling Hills
Rolling Hills,Week5,Stratford,Week4,205.0 Rolling Hills - 197.0 Stratford
Rolling Hills,Week2,Stratford,Week4,214.0 Rolling Hills - 188.0 Stratford
Rolling Valley,Week4,Herndon,Week3,264.0 Rolling Valley - 138.0 Herndon
Rutherford,Week1,Canterbury Woods,Week5,254.0 Canterbury Woods - 144.0 Rutherford
Rutherford,Week1,Canterbury Woods,Week4,270.0 Canterbury Woods - 132.0 Rutherford
Rutherford,Week3,Canterbury Woods,Week2,206.0 Rutherford - 195.0 Canterbury Woods
Rutherford,Week5,Great Falls,Week2,234.0 Great Falls - 150.0 Rutherford
Rolling Hills,Week5,Langley,Week5,273.0 Langley - 129.0 Rolling Hills
Rutherford,Week3,Great Falls,Week4,239.0 Great Falls - 163.0 Rutherford
Rutherford,Week5,Camelot,Week4,203.0 Rutherford - 199.0 Camelot
Rutherford,Week4,Great Falls,Week1,232.0 Great Falls - 170.0 Rutherford
Rolling Hills,Week5,Ravensworth Farm,Week2,241.0 Ravensworth Farm - 161.0 Rolling Hills
Rolling Valley,Week5,Poplar Tree,Week5,315.0 Poplar Tree - 87.0 Rolling Valley
Rolling Valley,Week5,Herndon,Week2,246.0 Rolling Valley - 156.0 Herndon
Rolling Hills,Week2,Ravensworth Farm,Week4,263.0 Ravensworth Farm - 139.0 Rolling Hills
Rolling Hills,Week3,Laurel Hill,Week3,224.0 Rolling Hills - 174.0 Laurel Hill
Rolling Valley,Week5,Herndon,Week1,255.0 Rolling Valley - 147.0 Herndon
Rutherford,Week3,Canterbury Woods,Week5,229.0 Canterbury Woods - 169.0 Rutherford
Rolling Valley,Week5,Herndon,Week3,245.0 Rolling Valley - 157.0 Herndon
Rolling Hills,Week4,Poplar Tree,Week1,300.0 Poplar Tree - 102.0 Rolling Hills
Rutherford,Week3,Canterbury Woods,Week4,231.0 Canterbury Woods - 171.0 Rutherford
Rolling Hills,Week5,Poplar Tree,Week5,304.0 Poplar Tree - 98.0 Rolling Hills
Rolling Valley,Week4,Poplar Tree,Week1,307.0 Poplar Tree - 95.0 Rolling Valley
Rolling Hills,Week5,Ravensworth Farm,Week1,263.0 Ravensworth Farm - 139.0 Rolling Hills
Rolling Valley,Week2,Poplar Tree,Week4,286.0 Poplar Tree - 116.0 Rolling Valley
Rolling Hills,Week4,Laurel Hill,Week1,246.0 Rolling Hills - 155.0 Laurel Hill
Rutherford,Week4,Camelot,Week5,215.0 Camelot - 187.0 Rutherford
Rolling Valley,Week2,Hiddenbrook,Week1,252.0 Hiddenbrook - 150.0 Rolling Valley
Rolling Hills,Week3,Laurel Hill,Week5,208.0 Rolling Hills - 193.0 Laurel Hill
Rolling Valley,Week1,Ravensworth Farm,Week1,344.0 Ravensworth Farm - 58.0 Rolling Valley
Rolling Hills,Week2,Stratford,Week3,227.0 Rolling Hills - 175.0 Stratford
Rutherford,Week4,Great Falls,Week2,234.0 Great Falls - 150.0 Rutherford
Rutherford,Week3,Canterbury Woods,Week3,228.0 Canterbury Woods - 169.0 Rutherford
Rolling Hills,Week4,Poplar Tree,Week2,275.0 Poplar Tree - 126.0 Rolling Hills
Rolling Valley,Week1,Hiddenbrook,Week1,278.0 Hiddenbrook - 124.0 Rolling Valley
Rolling Valley,Week3,Poplar Tree,Week3,306.0 Poplar Tree - 96.0 Rolling Valley
Rolling Hills,Week2,Stratford,Week5,235.0 Rolling Hills - 167.0 Stratford
Rolling Hills,Week3,Laurel Hill,Week4,244.0 Rolling Hills - 157.0 Laurel Hill
Rolling Hills,Week3,Stratford,Week3,232.0 Rolling Hills - 170.0 Stratford
Rutherford,Week4,Great Falls,Week5,256.0 Great Falls - 146.0 Rutherford
Rutherford,Week4,Great Falls,Week4,231.0 Great Falls - 167.0 Rutherford
Rolling Hills,Week3,Stratford,Week4,220.0 Rolling Hills - 182.0 Stratford
Rutherford,Week5,Great Falls,Week1,228.0 Great Falls - 173.0 Rutherford
Rutherford,Week1,Cardinal Hill,Week4,313.0 Cardinal Hill - 89.0 Rutherford
Rolling Valley,Week1,Ravensworth Farm,Week2,318.0 Ravensworth Farm - 84.0 Rolling Valley
Rolling Valley,Week4,Poplar Tree,Week4,281.0 Poplar Tree - 121.0 Rolling Valley
Rutherford,Week3,Canterbury Woods,Week1,212.0 Canterbury Woods - 190.0 Rutherford
Rolling Hills,Week5,Poplar Tree,Week4,256.0 Poplar Tree - 146.0 Rolling Hills
Rutherford,Week5,Great Falls,Week3,245.0 Great Falls - 157.0 Rutherford
Rutherford,Week4,Cardinal Hill,Week2,271.0 Cardinal Hill - 131.0 Rutherford
Rolling Valley,Week5,Poplar Tree,Week2,289.0 Poplar Tree - 113.0 Rolling Valley
Rolling Hills,Week2,Ravensworth Farm,Week5,274.0 Ravensworth Farm - 128.0 Rolling Hills
Rolling Valley,Week2,High Point Pool,Week1,322.0 High Point Pool - 80.0 Rolling Valley
Rutherford,Week3,Great Falls,Week5,250.0 Great Falls - 152.0 Rutherford
Rolling Hills,Week1,Sully Station,Week4,283.0 Sully Station - 119.0 Rolling Hills
Rolling Hills,Week1,Sully Station,Week5,293.0 Sully Station - 109.0 Rolling Hills
Rutherford,Week2,Greenbriar,Week1,272.0 Greenbriar - 130.0 Rutherford
Rolling Valley,Week4,High Point Pool,Week2,339.0 High Point Pool - 63.0 Rolling Valley
Rolling Hills,Week4,Poplar Tree,Week4,258.0 Poplar Tree - 143.0 Rolling Hills
Rutherford,Week1,Greenbriar,Week2,293.0 Greenbriar - 109.0 Rutherford
Rolling Valley,Week3,Poplar Tree,Week4,285.0 Poplar Tree - 117.0 Rolling Valley
Rolling Valley,Week1,Ravensworth Farm,Week4,339.0 Ravensworth Farm - 63.0 Rolling Valley
Rolling Hills,Week1,Laurel Hill,Week3,229.0 Rolling Hills - 172.0 Laurel Hill
Rutherford,Week1,Cardinal Hill,Week5,306.0 Cardinal Hill - 95.0 Rutherford
Rolling Valley,Week5,Hiddenbrook,Week5,273.0 Hiddenbrook - 129.0 Rolling Valley
Rolling Valley,Week3,High Point Pool,Week1,320.0 High Point Pool - 82.0 Rolling Valley
Rutherford,Week2,Greenbriar,Week3,289.0 Greenbriar - 113.0 Rutherford
Rolling Hills,Week1,Sully Station,Week2,277.0 Sully Station - 125.0 Rolling Hills
Rolling Valley,Week3,High Point Pool,Week4,329.0 High Point Pool - 73.0 Rolling Valley
Rolling Hills,Week4,Laurel Hill,Week4,235.0 Rolling Hills - 167.0 Laurel Hill
Rolling Hills,Week3,Laurel Hill,Week2,263.0 Rolling Hills - 136.0 Laurel Hill
Rutherford,Week5,Cardinal Hill,Week2,284.0 Cardinal Hill - 118.0 Rutherford
Rolling Valley,Week3,Poplar Tree,Week5,319.0 Poplar Tree - 83.0 Rolling Valley
Rolling Hills,Week4,Laurel Hill,Week2,262.5 Rolling Hills - 131.5 Laurel Hill
Rolling Hills,Week5,Poplar Tree,Week3,283.0 Poplar Tree - 119.0 Rolling Hills
Rutherford,Week4,Canterbury Woods,Week2,209.0 Rutherford - 193.0 Canterbury Woods
Rolling Hills,Week1,Laurel Hill,Week5,210.0 Rolling Hills - 192.0 Laurel Hill
Rolling Hills,Week5,Stratford,Week3,220.0 Rolling Hills - 182.0 Stratford
Rolling Hills,Week4,Laurel Hill,Week5,202.0 Laurel Hill - 200.0 Rolling Hills
Rolling Hills,Week2,Ravensworth Farm,Week3,270.0 Ravensworth Farm - 132.0 Rolling Hills
Rolling Hills,Week3,Ravensworth Farm,Week4,256.0 Ravensworth Farm - 146.0 Rolling Hills
Rolling Hills,Week5,Stratford,Week5,226.0 Rolling Hills - 176.0 Stratford
Rolling Hills,Week3,Sully Station,Week1,296.0 Sully Station - 105.0 Rolling Hills
Rolling Valley,Week4,Hiddenbrook,Week2,203.0 Hiddenbrook - 198.0 Rolling Valley
Sideburn Run,Week4,Cottontail,Week3,259.5 Sideburn Run - 142.5 Cottontail
Rutherford,Week3,Parliament,Week2,226.0 Parliament - 175.0 Rutherford
Shouse Village,Week2,Little Hunting Park,Week1,241.0 Shouse Village - 161.0 Little Hunting Park
Shouse Village,Week5,Canterbury Woods,Week5,239.0 Shouse Village - 163.0 Canterbury Woods
Shouse Village,Week3,Little Hunting Park,Week5,232.0 Shouse Village - 169.0 Little Hunting Park
Sideburn Run,Week1,High Point Pool,Week2,238.0 High Point Pool - 164.0 Sideburn Run
Sideburn Run,Week2,Cottontail,Week3,232.0 Sideburn Run - 170.0 Cottontail
Sideburn Run,Week2,Cottontail,Week4,214.0 Sideburn Run - 188.0 Cottontail
Sideburn Run,Week2,High Point Pool,Week5,256.0 High Point Pool - 146.0 Sideburn Run
Sideburn Run,Week5,High Point Pool,Week5,235.0 High Point Pool - 167.0 Sideburn Run
Rutherford,Week3,Rutherford,Week2,233.5 Rutherford (RFD1) - 167.5 Rutherford (RFD2)
Shouse Village,Week5,Poplar Tree,Week4,202.0 Shouse Village - 200.0 Poplar Tree
Rutherford,Week1,Rolling Valley,Week3,205.0 Rutherford - 197.0 Rolling Valley
Shouse Village,Week4,Lincolnia Park,Week2,302.0 Shouse Village - 91.0 Lincolnia Park
Sideburn Run,Week1,Highland Park,Week2,216.0 Sideburn Run - 186.0 Highland Park
Rutherford,Week1,Parliament,Week2,251.0 Parliament - 150.0 Rutherford
Shouse Village,Week2,Little Hunting Park,Week2,235.0 Shouse Village - 167.0 Little Hunting Park
Sideburn Run,Week1,Cottontail,Week5,219.0 Sideburn Run - 183.0 Cottontail
Shouse Village,Week3,Ravensworth Farm,Week3,222.0 Ravensworth Farm - 180.0 Shouse Village
Shouse Village,Week3,Canterbury Woods,Week5,235.0 Shouse Village - 167.0 Canterbury Woods
Rutherford,Week5,Rolling Hills,Week5,208.0 Rolling Hills - 194.0 Rutherford
Sideburn Run,Week2,Highland Park,Week5,224.0 Highland Park - 178.0 Sideburn Run
Shouse Village,Week1,Canterbury Woods,Week2,236.0 Shouse Village - 166.0 Canterbury Woods
Rutherford,Week5,Parklawn,Week5,200.0 Parklawn - 198.0 Rutherford
Shouse Village,Week5,Lincolnia Park,Week2,306.0 Shouse Village - 87.0 Lincolnia Park
Shouse Village,Week3,Canterbury Woods,Week4,220.0 Shouse Village - 182.0 Canterbury Woods
Shouse Village,Week1,Little Hunting Park,Week4,231.0 Shouse Village - 171.0 Little Hunting Park
Shouse Village,Week1,Ravensworth Farm,Week3,232.0 Ravensworth Farm - 170.0 Shouse Village
Shouse Village,Week5,Lincolnia Park,Week5,274.0 Shouse Village - 119.0 Lincolnia Park
Rutherford,Week2,Rutherford,Week4,235.0 Rutherford (RFD2) - 167.0 Rutherford (RFD1)
Rutherford,Week2,Parliament,Week1,263.5 Parliament - 137.5 Rutherford
Shouse Village,Week1,Ravensworth Farm,Week5,244.0 Ravensworth Farm - 158.0 Shouse Village
Sideburn Run,Week2,Cottontail,Week1,223.0 Sideburn Run - 179.0 Cottontail
Rutherford,Week3,Rolling Valley,Week2,232.0 Rutherford - 170.0 Rolling Valley
Sideburn Run,Week5,Cottontail,Week5,218.0 Sideburn Run - 184.0 Cottontail
Rutherford,Week4,Parklawn,Week4,201.0 Parklawn - 194.0 Rutherford
Rutherford,Week5,Rolling Hills,Week3,211.0 Rolling Hills - 191.0 Rutherford
Shouse Village,Week5,Canterbury Woods,Week4,232.0 Shouse Village - 170.0 Canterbury Woods
Rutherford,Week1,Rolling Valley,Week4,201.0 Rolling Valley - 201.0 Rutherford
Shouse Village,Week2,Ravensworth Farm,Week2,220.0 Ravensworth Farm - 182.0 Shouse Village
Rutherford,Week3,Parklawn,Week2,201.0 Rutherford - 197.0 Parklawn
Sideburn Run,Week1,Highland Park,Week3,218.0 Sideburn Run - 179.0 Highland Park
Rutherford,Week1,Rolling Valley,Week5,207.0 Rolling Valley - 195.0 Rutherford
Shouse Village,Week2,Ravensworth Farm,Week5,255.5 Ravensworth Farm - 146.5 Shouse Village
Shouse Village,Week5,Lincolnia Park,Week3,271.0 Shouse Village - 122.0 Lincolnia Park
Rutherford,Week3,Parliament,Week1,255.0 Parliament - 147.0 Rutherford
Rutherford,Week1,Parliament,Week5,251.0 Parliament - 147.0 Rutherford
Shouse Village,Week2,Canterbury Woods,Week3,207.0 Shouse Village - 195.0 Canterbury Woods
Shouse Village,Week4,Ravensworth Farm,Week2,213.5 Shouse Village - 188.5 Ravensworth Farm
Shouse Village,Week1,Little Hunting Park,Week3,231.0 Shouse Village - 171.0 Little Hunting Park
Shouse Village,Week5,Little Hunting Park,Week4,272.0 Shouse Village - 129.0 Little Hunting Park
Rutherford,Week3,Rolling Hills,Week4,225.0 Rolling Hills - 168.0 Rutherford
Shouse Village,Week1,Canterbury Woods,Week4,220.0 Shouse Village - 182.0 Canterbury Woods
Shouse Village,Week3,Ravensworth Farm,Week4,222.0 Ravensworth Farm - 180.0 Shouse Village
Rutherford,Week2,Parklawn,Week4,207.0 Parklawn - 190.0 Rutherford
Sideburn Run,Week1,High Point Pool,Week3,221.0 High Point Pool - 181.0 Sideburn Run
Shouse Village,Week2,Little Hunting Park,Week5,205.0 Shouse Village - 196.0 Little Hunting Park
Sideburn Run,Week1,Highland Park,Week1,211.0 Highland Park - 191.0 Sideburn Run
Sideburn Run,Week5,Cottontail,Week1,234.0 Sideburn Run - 168.0 Cottontail
Shouse Village,Week3,Canterbury Woods,Week1,240.0 Shouse Village - 162.0 Canterbury Woods
Shouse Village,Week2,Canterbury Woods,Week1,232.0 Shouse Village - 170.0 Canterbury Woods
Rutherford,Week2,Rolling Valley,Week1,238.0 Rutherford - 164.0 Rolling Valley
Shouse Village,Week2,Canterbury Woods,Week4,215.0 Shouse Village - 187.0 Canterbury Woods
Sideburn Run,Week3,Country Club Hills,Week2,245.0 Sideburn Run - 157.0 Country Club Hills
Sideburn Run,Week4,High Point Pool,Week3,230.0 High Point Pool - 172.0 Sideburn Run
Sideburn Run,Week4,High Point Pool,Week4,233.0 High Point Pool - 169.0 Sideburn Run
Sideburn Run,Week1,Cottontail,Week3,248.0 Sideburn Run - 154.0 Cottontail
Sideburn Run,Week5,Cottontail,Week3,253.0 Sideburn Run - 149.0 Cottontail
Shouse Village,Week4,Ravensworth Farm,Week1,211.0 Ravensworth Farm - 191.0 Shouse Village
Shouse Village,Week1,Ravensworth Farm,Week2,223.0 Ravensworth Farm - 179.0 Shouse Village
Sideburn Run,Week3,High Point Pool,Week5,233.5 High Point Pool - 168.5 Sideburn Run
Shouse Village,Week2,Ravensworth Farm,Week1,243.0 Ravensworth Farm - 159.0 Shouse Village
Shouse Village,Week5,Canterbury Woods,Week3,237.0 Shouse Village - 165.0 Canterbury Woods
Rutherford,Week2,Parliament,Week4,243.0 Parliament - 158.0 Rutherford
Shouse Village,Week5,Lincolnia Park,Week1,313.0 Shouse Village - 89.0 Lincolnia Park
Sideburn Run,Week5,Cottontail,Week4,258.0 Sideburn Run - 144.0 Cottontail
Sideburn Run,Week1,High Point Pool,Week5,223.0 High Point Pool - 179.0 Sideburn Run
Rutherford,Week4,Parklawn,Week2,215.0 Rutherford - 186.0 Parklawn
Sideburn Run,Week4,Cottontail,Week2,237.0 Sideburn Run - 165.0 Cottontail
Rutherford,Week4,Parliament,Week5,241.0 Parliament - 157.0 Rutherford
Rutherford,Week2,Rolling Valley,Week3,218.0 Rutherford - 184.0 Rolling Valley
Rutherford,Week5,Rolling Valley,Week3,238.0 Rutherford - 164.0 Rolling Valley
Shouse Village,Week4,Canterbury Woods,Week4,232.0 Shouse Village - 170.0 Canterbury Woods
Rutherford,Week5,Rolling Hills,Week1,213.0 Rolling Hills - 188.0 Rutherford
Shouse Village,Week4,Ravensworth Farm,Week3,210.0 Ravensworth Farm - 192.0 Shouse Village
Sideburn Run,Week3,Cottontail,Week3,254.0 Sideburn Run - 148.0 Cottontail
Sideburn Run,Week5,Hiddenbrook,Week5,246.0 Sideburn Run - 156.0 Hiddenbrook
Rutherford,Week3,Parliament,Week4,226.0 Parliament - 176.0 Rutherford
Sideburn Run,Week4,Cottontail,Week4,240.5 Sideburn Run - 161.5 Cottontail
Shouse Village,Week3,Little Hunting Park,Week4,253.0 Shouse Village - 149.0 Little Hunting Park
Shouse Village,Week4,Canterbury Woods,Week1,249.0 Shouse Village - 153.0 Canterbury Woods
Sideburn Run,Week4,Cottontail,Week1,236.0 Sideburn Run - 166.0 Cottontail
Rutherford,Week5,Parklawn,Week3,223.0 Rutherford - 175.0 Parklawn
Rutherford,Week2,Rolling Valley,Week2,209.0 Rutherford - 193.0 Rolling Valley
Sideburn Run,Week1,High Point Pool,Week4,222.0 High Point Pool - 180.0 Sideburn Run
Shouse Village,Week5,Ravensworth Farm,Week4,205.0 Shouse Village - 197.0 Ravensworth Farm
Shouse Village,Week5,Ravensworth Farm,Week3,203.0 Ravensworth Farm - 199.0 Shouse Village
Shouse Village,Week3,Little Hunting Park,Week1,247.0 Shouse Village - 155.0 Little Hunting Park
Shouse Village,Week3,Canterbury Woods,Week2,235.0 Shouse Village - 167.0 Canterbury Woods
Shouse Village,Week5,Ravensworth Farm,Week1,206.0 Ravensworth Farm - 196.0 Shouse Village
Sideburn Run,Week5,High Point Pool,Week1,232.0 High Point Pool - 170.0 Sideburn Run
Rutherford,Week4,Parliament,Week4,239.0 Parliament - 162.0 Rutherford
Rutherford,Week3,Rutherford,Week5,218.0 Rutherford (RFD2) - 183.0 Rutherford (RFD1)
Shouse Village,Week4,Lincolnia Park,Week5,281.0 Shouse Village - 112.0 Lincolnia Park
Rutherford,Week4,Parliament,Week2,234.0 Parliament - 168.0 Rutherford
Sideburn Run,Week1,Cottontail,Week2,227.0 Sideburn Run - 175.0 Cottontail
Shouse Village,Week5,Ravensworth Farm,Week2,211.0 Shouse Village - 190.0 Ravensworth Farm
Rutherford,Week3,Rolling Valley,Week3,238.0 Rutherford - 159.0 Rolling Valley
Shouse Village,Week4,Canterbury Woods,Week3,234.0 Shouse Village - 168.0 Canterbury Woods
Shouse Village,Week5,Canterbury Woods,Week2,250.0 Shouse Village - 152.0 Canterbury Woods
Shouse Village,Week5,Lincolnia Park,Week4,301.0 Shouse Village - 101.0 Lincolnia Park
Rutherford,Week4,Parliament,Week3,237.0 Parliament - 165.0 Rutherford
Sideburn Run,Week2,High Point Pool,Week4,252.0 High Point Pool - 150.0 Sideburn Run
Sideburn Run,Week3,Cottontail,Week4,237.0 Sideburn Run - 165.0 Cottontail
Shouse Village,Week1,Little Hunting Park,Week2,235.0 Shouse Village - 167.0 Little Hunting Park
Sideburn Run,Week3,Cottontail,Week5,232.0 Sideburn Run - 170.0 Cottontail
Shouse Village,Week2,Riverside Gardens,Week3,284.0 Riverside Gardens - 118.0 Shouse Village
Sideburn Run,Week3,High Point Pool,Week2,237.0 High Point Pool - 165.0 Sideburn Run
Shouse Village,Week4,Lincolnia Park,Week1,311.0 Shouse Village - 91.0 Lincolnia Park
Rutherford,Week4,Rutherford,Week2,235.0 Rutherford (RFD1) - 167.0 Rutherford (RFD2)
Rutherford,Week4,Rutherford,Week4,198.0 Rutherford (RFD1) - 198.0 Rutherford (RFD2)
Rutherford,Week3,Parliament,Week5,242.0 Parliament - 160.0 Rutherford
Sideburn Run,Week5,Commonwealth,Week5,229.0 Sideburn Run - 173.0 Commonwealth
Shouse Village,Week1,Cardinal Hill,Week2,236.0 Cardinal Hill - 166.0 Shouse Village
Shouse Village,Week5,Riverside Gardens,Week2,218.0 Riverside Gardens - 184.0 Shouse Village
Rutherford,Week5,Parliament,Week1,249.0 Parliament - 152.0 Rutherford
Shouse Village,Week4,Riverside Gardens,Week5,242.0 Riverside Gardens - 160.0 Shouse Village
Shouse Village,Week5,Riverside Gardens,Week4,241.0 Riverside Gardens - 161.0 Shouse Village
Shouse Village,Week1,Little Hunting Park,Week1,229.0 Shouse Village - 173.0 Little Hunting Park
Rutherford,Week5,Rolling Valley,Week4,228.0 Rutherford - 174.0 Rolling Valley
Sideburn Run,Week2,Cottontail,Week5,203.0 Sideburn Run - 199.0 Cottontail
Sideburn Run,Week1,Highland Park,Week4,209.0 Sideburn Run - 193.0 Highland Park
Sideburn Run,Week1,High Point Pool,Week1,218.0 High Point Pool - 184.0 Sideburn Run
Shouse Village,Week4,Canterbury Woods,Week5,233.0 Shouse Village - 164.0 Canterbury Woods
Shouse Village,Week2,Little Hunting Park,Week3,232.0 Shouse Village - 170.0 Little Hunting Park
Sideburn Run,Week4,High Point Pool,Week2,241.0 High Point Pool - 161.0 Sideburn Run
Sideburn Run,Week5,Hiddenbrook,Week4,263.0 Sideburn Run - 139.0 Hiddenbrook
Rutherford,Week5,Rolling Valley,Week2,240.0 Rutherford - 162.0 Rolling Valley
Rutherford,Week2,Parliament,Week3,250.0 Parliament - 152.0 Rutherford
Rutherford,Week3,Parliament,Week3,235.0 Parliament - 167.0 Rutherford
Rutherford,Week3,Virginia Run,Week1,292.0 Virginia Run - 110.0 Rutherford
Shouse Village,Week2,Rolling Forest,Week2,208.0 Shouse Village - 194.0 Rolling Forest
Shouse Village,Week2,Riverside Gardens,Week5,285.0 Riverside Gardens - 117.0 Shouse Village
Shouse Village,Week5,Little Hunting Park,Week1,272.0 Shouse Village - 130.0 Little Hunting Park
Shouse Village,Week2,Chesterbrook,Week5,346.0 Chesterbrook - 56.0 Shouse Village
Shouse Village,Week3,Riverside Gardens,Week2,225.0 Riverside Gardens - 177.0 Shouse Village
Sideburn Run,Week5,Hiddenbrook,Week3,261.0 Sideburn Run - 141.0 Hiddenbrook
Sideburn Run,Week3,Cottontail,Week1,241.0 Sideburn Run - 161.0 Cottontail
Sideburn Run,Week1,Cottontail,Week1,235.0 Sideburn Run - 167.0 Cottontail
Sideburn Run,Week4,Cottontail,Week5,226.0 Sideburn Run - 176.0 Cottontail
Shouse Village,Week4,Little Hunting Park,Week3,262.0 Shouse Village - 140.0 Little Hunting Park
Rutherford,Week4,Virginia Hills,Week3,309.0 Rutherford - 93.0 Virginia Hills
Rutherford,Week2,Virginia Hills,Week5,271.0 Rutherford - 131.0 Virginia Hills
Rutherford,Week3,Rolling Valley,Week4,224.0 Rutherford - 178.0 Rolling Valley
Shouse Village,Week1,Cardinal Hill,Week4,250.0 Cardinal Hill - 152.0 Shouse Village
Sideburn Run,Week3,High Point Pool,Week1,228.0 High Point Pool - 174.0 Sideburn Run
Rutherford,Week4,Parliament,Week1,259.0 Parliament - 139.0 Rutherford
Shouse Village,Week1,Rolling Forest,Week3,226.0 Rolling Forest - 176.0 Shouse Village
Shouse Village,Week4,Lincolnia Park,Week3,282.0 Shouse Village - 111.0 Lincolnia Park
Rutherford,Week3,Virginia Hills,Week3,297.0 Rutherford - 105.0 Virginia Hills
Rutherford,Week5,Rolling Valley,Week1,268.0 Rutherford - 134.0 Rolling Valley
Sideburn Run,Week1,Cottontail,Week4,227.0 Sideburn Run - 170.0 Cottontail
Rutherford,Week5,Parliament,Week2,219.0 Parliament - 182.0 Rutherford
Sideburn Run,Week3,High Point Pool,Week4,234.0 High Point Pool - 168.0 Sideburn Run
Shouse Village,Week1,Cardinal Hill,Week5,237.0 Cardinal Hill - 165.0 Shouse Village
Shouse Village,Week1,Riverside Gardens,Week2,239.5 Riverside Gardens - 162.5 Shouse Village
Sideburn Run,Week2,High Point Pool,Week1,251.0 High Point Pool - 151.0 Sideburn Run
Rutherford,Week4,Rolling Valley,Week4,238.0 Rutherford - 164.0 Rolling Valley
Rutherford,Week4,Rolling Valley,Week2,245.0 Rutherford - 157.0 Rolling Valley
Rutherford,Week4,Virginia Hills,Week1,311.0 Rutherford - 91.0 Virginia Hills
Shouse Village,Week4,Little Hunting Park,Week4,263.0 Shouse Village - 139.0 Little Hunting Park
Rutherford,Week5,Parliament,Week5,225.0 Parliament - 176.0 Rutherford
Rutherford,Week5,Parliament,Week4,220.0 Parliament - 182.0 Rutherford
Sideburn Run,Week2,Cottontail,Week2,230.0 Sideburn Run - 172.0 Cottontail
Rutherford,Week4,Virginia Hills,Week2,327.0 Rutherford - 75.0 Virginia Hills
Shouse Village,Week2,Cardinal Hill,Week3,278.0 Cardinal Hill - 124.0 Shouse Village
Shouse Village,Week4,Cardinal Hill,Week3,252.0 Cardinal Hill - 150.0 Shouse Village
Shouse Village,Week4,Little Hunting Park,Week2,263.0 Shouse Village - 138.0 Little Hunting Park
Shouse Village,Week1,Cardinal Hill,Week3,269.0 Cardinal Hill - 133.0 Shouse Village
Shouse Village,Week1,Riverside Gardens,Week3,266.0 Riverside Gardens - 136.0 Shouse Village
Shouse Village,Week2,Chesterbrook,Week3,353.0 Chesterbrook - 49.0 Shouse Village
Shouse Village,Week3,Chesterbrook,Week2,329.0 Chesterbrook - 73.0 Shouse Village
Rutherford,Week2,Rutherford,Week1,205.0 Rutherford (RFD1) - 196.0 Rutherford (RFD2)
Rutherford,Week3,Virginia Hills,Week1,303.0 Rutherford - 98.0 Virginia Hills
Shouse Village,Week3,Little Hunting Park,Week3,248.0 Shouse Village - 154.0 Little Hunting Park
Sideburn Run,Week5,Cottontail,Week2,252.0 Sideburn Run - 150.0 Cottontail
Shouse Village,Week5,Riverside Gardens,Week3,225.0 Riverside Gardens - 177.0 Shouse Village
Rutherford,Week4,Rolling Valley,Week5,246.0 Rutherford - 156.0 Rolling Valley
Shouse Village,Week5,Cardinal Hill,Week4,230.0 Cardinal Hill - 172.0 Shouse Village
Shouse Village,Week5,Little Hunting Park,Week3,275.0 Shouse Village - 127.0 Little Hunting Park
Sideburn Run,Week2,High Point Pool,Week3,249.0 High Point Pool - 153.0 Sideburn Run
Sideburn Run,Week3,Cottontail,Week2,242.0 Sideburn Run - 160.0 Cottontail
Rutherford,Week5,Parliament,Week3,233.0 Parliament - 169.0 Rutherford
Rutherford,Week2,Rutherford,Week5,238.0 Rutherford (RFD2) - 163.0 Rutherford (RFD1)
Shouse Village,Week3,Little Hunting Park,Week2,248.0 Shouse Village - 154.0 Little Hunting Park
Rutherford,Week4,Virginia Hills,Week5,298.0 Rutherford - 99.0 Virginia Hills
Sideburn Run,Week5,High Point Pool,Week2,246.0 High Point Pool - 156.0 Sideburn Run
Rutherford,Week3,Rolling Valley,Week1,270.0 Rutherford - 132.0 Rolling Valley
Sideburn Run,Week1,Country Club Hills,Week1,244.0 Sideburn Run - 158.0 Country Club Hills
Shouse Village,Week3,Rolling Forest,Week2,211.0 Shouse Village - 191.0 Rolling Forest
Shouse Village,Week2,Riverside Gardens,Week1,277.0 Riverside Gardens - 125.0 Shouse Village
Shouse Village,Week5,Little Hunting Park,Week2,272.0 Shouse Village - 129.0 Little Hunting Park
Sideburn Run,Week5,High Point Pool,Week4,234.0 High Point Pool - 168.0 Sideburn Run
Shouse Village,Week2,Rolling Forest,Week1,212.0 Rolling Forest - 190.0 Shouse Village
Shouse Village,Week3,Chesterbrook,Week3,348.0 Chesterbrook - 54.0 Shouse Village
Rutherford,Week5,Virginia Hills,Week1,297.0 Rutherford - 104.0 Virginia Hills
Sideburn Run,Week1,Country Club Hills,Week4,250.0 Sideburn Run - 152.0 Country Club Hills
Rutherford,Week1,Virginia Run,Week4,306.0 Virginia Run - 96.0 Rutherford
Shouse Village,Week3,Chesterbrook,Week4,335.0 Chesterbrook - 67.0 Shouse Village
Rutherford,Week5,Rolling Valley,Week5,223.0 Rutherford - 179.0 Rolling Valley
Sideburn Run,Week5,High Point Pool,Week3,228.0 High Point Pool - 174.0 Sideburn Run
Sideburn Run,Week2,Highland Park,Week2,219.0 Highland Park - 183.0 Sideburn Run
Sideburn Run,Week2,Highland Park,Week1,240.5 Highland Park - 161.5 Sideburn Run
Sideburn Run,Week2,Country Club Hills,Week1,224.0 Sideburn Run - 178.0 Country Club Hills
Shouse Village,Week3,Chesterbrook,Week5,325.0 Chesterbrook - 77.0 Shouse Village
Sideburn Run,Week2,Country Club Hills,Week2,222.0 Sideburn Run - 180.0 Country Club Hills
Rutherford,Week1,Virginia Run,Week5,327.0 Virginia Run - 75.0 Rutherford
Shouse Village,Week5,Little Rocky Run,Week3,249.0 Little Rocky Run - 153.0 Shouse Village
Rutherford,Week4,Rolling Valley,Week3,245.0 Rutherford - 152.0 Rolling Valley
Rutherford,Week4,Rolling Valley,Week1,272.0 Rutherford - 130.0 Rolling Valley
Rutherford,Week1,Rutherford,Week5,254.0 Rutherford (RFD2) - 142.0 Rutherford (RFD1)
Sideburn Run,Week1,Country Club Hills,Week5,227.0 Sideburn Run - 175.0 Country Club Hills
Shouse Village,Week2,Riverside Gardens,Week4,288.0 Riverside Gardens - 114.0 Shouse Village
Shouse Village,Week1,Chesterbrook,Week5,324.0 Chesterbrook - 78.0 Shouse Village
Sideburn Run,Week1,Highland Park,Week5,208.0 Sideburn Run - 194.0 Highland Park
Rutherford,Week1,Rutherford,Week3,249.0 Rutherford (RFD2) - 152.0 Rutherford (RFD1)
Shouse Village,Week3,Riverside Gardens,Week5,250.5 Riverside Gardens - 151.5 Shouse Village
Rutherford,Week5,Virginia Hills,Week4,319.0 Rutherford - 82.0 Virginia Hills
Shouse Village,Week4,Cardinal Hill,Week4,226.0 Cardinal Hill - 176.0 Shouse Village
Rutherford,Week2,Virginia Run,Week1,306.0 Virginia Run - 96.0 Rutherford
Shouse Village,Week4,Little Hunting Park,Week5,244.0 Shouse Village - 157.0 Little Hunting Park
Shouse Village,Week2,Riverside Gardens,Week2,268.0 Riverside Gardens - 134.0 Shouse Village
Shouse Village,Week1,Long Branch,Week1,233.0 Shouse Village - 169.0 Long Branch
Sideburn Run,Week2,Country Club Hills,Week3,213.5 Sideburn Run - 188.5 Country Club Hills
Sideburn Run,Week2,Country Club Hills,Week5,202.0 Sideburn Run - 200.0 Country Club Hills
Rutherford,Week2,Rutherford,Week2,200.0 Rutherford (RFD1) - 200.0 Rutherford (RFD2)
Sideburn Run,Week2,Highland Park,Week3,203.0 Sideburn Run - 199.0 Highland Park
Sideburn Run,Week2,Highland Park,Week4,225.0 Highland Park - 177.0 Sideburn Run
Shouse Village,Week3,Cardinal Hill,Week4,224.0 Cardinal Hill - 178.0 Shouse Village
Rutherford,Week5,Virginia Hills,Week3,294.0 Rutherford - 108.0 Virginia Hills
Rutherford,Week3,Virginia Hills,Week2,304.0 Rutherford - 97.0 Virginia Hills
Shouse Village,Week3,Little Rocky Run,Week4,264.0 Little Rocky Run - 138.0 Shouse Village
Shouse Village,Week3,Little Rocky Run,Week5,268.0 Little Rocky Run - 134.0 Shouse Village
Shouse Village,Week4,Cardinal Hill,Week2,202.0 Shouse Village - 200.0 Cardinal Hill
Sideburn Run,Week2,Country Club Hills,Week4,217.0 Sideburn Run - 185.0 Country Club Hills
Shouse Village,Week5,Little Rocky Run,Week2,238.0 Little Rocky Run - 164.0 Shouse Village
Shouse Village,Week4,Riverside Gardens,Week3,242.0 Riverside Gardens - 160.0 Shouse Village
Shouse Village,Week1,Little Rocky Run,Week3,278.5 Little Rocky Run - 123.5 Shouse Village
Sideburn Run,Week4,Country Club Hills,Week2,237.0 Sideburn Run - 165.0 Country Club Hills
Shouse Village,Week5,Ravensworth Farm,Week5,211.0 Ravensworth Farm - 191.0 Shouse Village
Rutherford,Week2,Rutherford,Week3,233.5 Rutherford (RFD2) - 167.5 Rutherford (RFD1)
Sideburn Run,Week3,Country Club Hills,Week3,248.5 Sideburn Run - 153.5 Country Club Hills
Sideburn Run,Week3,Country Club Hills,Week1,245.0 Sideburn Run - 157.0 Country Club Hills
Shouse Village,Week3,Little Rocky Run,Week1,269.0 Little Rocky Run - 133.0 Shouse Village
Sideburn Run,Week1,Country Club Hills,Week2,243.0 Sideburn Run - 159.0 Country Club Hills
Rutherford,Week1,Rutherford,Week1,197.0 Rutherford (RFD1) - 197.0 Rutherford (RFD2)
Shouse Village,Week5,Little Rocky Run,Week5,264.0 Little Rocky Run - 138.0 Shouse Village
Rutherford,Week1,Virginia Run,Week1,307.0 Virginia Run - 95.0 Rutherford
Rutherford,Week1,Virginia Run,Week2,303.0 Virginia Run - 94.0 Rutherford
Shouse Village,Week2,Chesterbrook,Week1,336.0 Chesterbrook - 66.0 Shouse Village
Sideburn Run,Week3,Country Club Hills,Week4,251.0 Sideburn Run - 151.0 Country Club Hills
Shouse Village,Week1,Riverside Gardens,Week4,265.0 Riverside Gardens - 137.0 Shouse Village
Sideburn Run,Week5,Highland Park,Week4,207.0 Highland Park - 195.0 Sideburn Run
Shouse Village,Week1,Long Branch,Week4,231.0 Shouse Village - 171.0 Long Branch
Shouse Village,Week4,Little Rocky Run,Week3,269.0 Little Rocky Run - 133.0 Shouse Village
Rutherford,Week3,Rolling Valley,Week5,230.0 Rutherford - 172.0 Rolling Valley
Rutherford,Week5,Virginia Hills,Week5,283.0 Rutherford - 119.0 Virginia Hills
Shouse Village,Week4,Riverside Gardens,Week2,215.0 Riverside Gardens - 187.0 Shouse Village
Shouse Village,Week1,Chesterbrook,Week1,317.0 Chesterbrook - 85.0 Shouse Village
Shouse Village,Week4,Riverside Gardens,Week1,226.0 Riverside Gardens - 176.0 Shouse Village
Rutherford,Week1,Rutherford,Week2,205.0 Rutherford (RFD2) - 196.0 Rutherford (RFD1)
Sideburn Run,Week4,Highland Park,Week4,210.0 Highland Park - 192.0 Sideburn Run
Shouse Village,Week5,Cardinal Hill,Week5,216.0 Cardinal Hill - 186.0 Shouse Village
Shouse Village,Week3,Riverside Gardens,Week3,253.0 Riverside Gardens - 149.0 Shouse Village
Shouse Village,Week3,Riverside Gardens,Week4,256.0 Riverside Gardens - 146.0 Shouse Village
Shouse Village,Week3,Cardinal Hill,Week5,229.0 Cardinal Hill - 173.0 Shouse Village
Shouse Village,Week1,Riverside Gardens,Week5,264.0 Riverside Gardens - 138.0 Shouse Village
Rutherford,Week3,Rutherford,Week4,226.0 Rutherford (RFD2) - 171.0 Rutherford (RFD1)
Sideburn Run,Week5,Highland Park,Week1,225.0 Highland Park - 177.0 Sideburn Run
Rutherford,Week5,Virginia Hills,Week2,307.0 Rutherford - 89.0 Virginia Hills
Shouse Village,Week4,Cardinal Hill,Week5,218.0 Cardinal Hill - 184.0 Shouse Village
Rutherford,Week3,Little Rocky Run,Week5,334.0 Little Rocky Run - 68.0 Rutherford
Rutherford,Week3,Virginia Hills,Week4,296.0 Rutherford - 105.0 Virginia Hills
Rutherford,Week4,Virginia Hills,Week4,313.0 Rutherford - 89.0 Virginia Hills
Sideburn Run,Week1,Country Club Hills,Week3,251.0 Sideburn Run - 151.0 Country Club Hills
Sideburn Run,Week3,Highland Park,Week1,211.0 Highland Park - 191.0 Sideburn Run
Rutherford,Week3,Rutherford,Week3,197.5 Rutherford (RFD1) - 197.5 Rutherford (RFD2)
Sideburn Run,Week2,Highlands Swim,Week3,310.0 Highlands Swim - 92.0 Sideburn Run
Sideburn Run,Week4,Country Club Hills,Week3,235.0 Sideburn Run - 167.0 Country Club Hills
Shouse Village,Week2,Little Rocky Run,Week4,282.0 Little Rocky Run - 120.0 Shouse Village
Rutherford,Week1,Rutherford,Week4,255.0 Rutherford (RFD2) - 146.0 Rutherford (RFD1)
Shouse Village,Week2,Little Rocky Run,Week5,292.0 Little Rocky Run - 110.0 Shouse Village
Shouse Village,Week4,Cardinal Hill,Week1,237.0 Cardinal Hill - 165.0 Shouse Village
Rutherford,Week2,Little Rocky Run,Week5,349.0 Little Rocky Run - 53.0 Rutherford
Rutherford,Week3,Rutherford,Week1,249.0 Rutherford (RFD1) - 152.0 Rutherford (RFD2)
Sideburn Run,Week4,Highland Park,Week2,206.0 Sideburn Run - 196.0 Highland Park
Shouse Village,Week1,Riverside Gardens,Week1,238.0 Riverside Gardens - 164.0 Shouse Village
Rutherford,Week1,Virginia Run,Week3,302.0 Virginia Run - 100.0 Rutherford
Sideburn Run,Week3,Highland Park,Week3,214.0 Sideburn Run - 188.0 Highland Park
Shouse Village,Week3,Cardinal Hill,Week2,225.0 Cardinal Hill - 177.0 Shouse Village
Rutherford,Week2,Virginia Hills,Week4,297.0 Rutherford - 104.0 Virginia Hills
Shouse Village,Week3,Riverside Gardens,Week1,228.0 Riverside Gardens - 174.0 Shouse Village
Rutherford,Week3,Virginia Hills,Week5,275.0 Rutherford - 122.0 Virginia Hills
Sideburn Run,Week1,Highlands Swim,Week5,308.0 Highlands Swim - 94.0 Sideburn Run
Sideburn Run,Week1,Highlands Swim,Week3,290.0 Highlands Swim - 112.0 Sideburn Run
Shouse Village,Week5,Cardinal Hill,Week3,233.0 Cardinal Hill - 169.0 Shouse Village
Rutherford,Week1,Long Branch,Week1,235.0 Long Branch - 165.0 Rutherford
Sideburn Run,Week4,Country Club Hills,Week4,245.0 Sideburn Run - 157.0 Country Club Hills
Shouse Village,Week1,Little Rocky Run,Week4,278.0 Little Rocky Run - 124.0 Shouse Village
Rutherford,Week4,Rutherford,Week1,255.0 Rutherford (RFD1) - 146.0 Rutherford (RFD2)
Shouse Village,Week3,Cardinal Hill,Week3,255.0 Cardinal Hill - 147.0 Shouse Village
Sideburn Run,Week5,Country Club Hills,Week1,243.5 Sideburn Run - 158.5 Country Club Hills
Rutherford,Week3,Little Rocky Run,Week3,336.0 Little Rocky Run - 66.0 Rutherford
Shouse Village,Week5,Riverside Gardens,Week1,221.0 Riverside Gardens - 181.0 Shouse Village
Rutherford,Week2,Shouse Village,Week2,239.0 Shouse Village - 162.0 Rutherford
Rutherford,Week2,Long Branch,Week5,254.0 Long Branch - 147.0 Rutherford
Shouse Village,Week1,Little Rocky Run,Week5,287.0 Little Rocky Run - 115.0 Shouse Village
Shouse Village,Week3,Cardinal Hill,Week1,233.0 Cardinal Hill - 169.0 Shouse Village
Rutherford,Week4,Rutherford,Week3,226.0 Rutherford (RFD1) - 171.0 Rutherford (RFD2)
Rutherford,Week2,Virginia Run,Week2,287.0 Virginia Run - 115.0 Rutherford
Sideburn Run,Week4,Country Club Hills,Week5,222.0 Sideburn Run - 180.0 Country Club Hills
Shouse Village,Week1,Chesterbrook,Week2,321.0 Chesterbrook - 81.0 Shouse Village
Shouse Village,Week4,Little Rocky Run,Week4,261.0 Little Rocky Run - 141.0 Shouse Village
Sideburn Run,Week5,Highland Park,Week3,224.0 Sideburn Run - 178.0 Highland Park
Shouse Village,Week4,Riverside Gardens,Week4,248.0 Riverside Gardens - 154.0 Shouse Village
Shouse Village,Week2,Little Rocky Run,Week3,295.0 Little Rocky Run - 107.0 Shouse Village
Shouse Village,Week1,Little Rocky Run,Week1,264.0 Little Rocky Run - 138.0 Shouse Village
Rutherford,Week1,Long Branch,Week5,262.0 Long Branch - 139.0 Rutherford
Shouse Village,Week5,Little Hunting Park,Week5,251.0 Shouse Village - 147.0 Little Hunting Park
Rutherford,Week5,Shouse Village,Week1,235.0 Shouse Village - 167.0 Rutherford
Rutherford,Week5,Shouse Village,Week3,254.0 Shouse Village - 148.0 Rutherford
Shouse Village,Week1,Rolling Forest,Week1,217.0 Rolling Forest - 185.0 Shouse Village
Sideburn Run,Week4,Country Club Hills,Week1,236.0 Sideburn Run - 166.0 Country Club Hills
Shouse Village,Week1,Chesterbrook,Week4,326.0 Chesterbrook - 76.0 Shouse Village
Rutherford,Week2,Virginia Run,Week5,323.0 Virginia Run - 79.0 Rutherford
Rutherford,Week3,Long Branch,Week2,225.0 Long Branch - 176.0 Rutherford
Shouse Village,Week2,Rolling Forest,Week3,210.0 Rolling Forest - 192.0 Shouse Village
Rutherford,Week5,Shouse Village,Week2,231.0 Shouse Village - 171.0 Rutherford
Shouse Village,Week5,Riverside Gardens,Week5,234.0 Riverside Gardens - 168.0 Shouse Village
Shouse Village,Week5,Cardinal Hill,Week1,224.0 Cardinal Hill - 178.0 Shouse Village
Rutherford,Week1,Wakefield Chapel,Week2,355.0 Wakefield Chapel - 47.0 Rutherford
Rutherford,Week2,Virginia Run,Week4,303.0 Virginia Run - 99.0 Rutherford
Sideburn Run,Week2,Highlands Swim,Week4,295.0 Highlands Swim - 107.0 Sideburn Run
Rutherford,Week3,Virginia Run,Week2,271.5 Virginia Run - 130.5 Rutherford
Rutherford,Week2,Virginia Run,Week3,297.0 Virginia Run - 105.0 Rutherford
Shouse Village,Week2,Cardinal Hill,Week5,262.0 Cardinal Hill - 140.0 Shouse Village
Sideburn Run,Week5,Highland Park,Week5,210.5 Sideburn Run - 191.5 Highland Park
Shouse Village,Week5,Cardinal Hill,Week2,203.0 Shouse Village - 199.0 Cardinal Hill
Rutherford,Week2,Little Rocky Run,Week4,336.0 Little Rocky Run - 66.0 Rutherford
Rutherford,Week4,Long Branch,Week2,227.0 Long Branch - 175.0 Rutherford
Rutherford,Week1,Long Branch,Week2,251.0 Long Branch - 150.0 Rutherford
Sideburn Run,Week2,Highlands Swim,Week2,321.0 Highlands Swim - 81.0 Sideburn Run
Shouse Village,Week2,Little Rocky Run,Week2,286.0 Little Rocky Run - 116.0 Shouse Village
Rutherford,Week1,Shouse Village,Week4,286.0 Shouse Village - 115.0 Rutherford
Rutherford,Week3,Virginia Run,Week5,313.0 Virginia Run - 89.0 Rutherford
Shouse Village,Week1,Chesterbrook,Week3,338.0 Chesterbrook - 64.0 Shouse Village
Rutherford,Week3,Shouse Village,Week4,285.0 Shouse Village - 117.0 Rutherford
Shouse Village,Week2,Chesterbrook,Week2,342.0 Chesterbrook - 60.0 Shouse Village
Sideburn Run,Week3,Highland Park,Week2,206.0 Highland Park - 196.0 Sideburn Run
Sideburn Run,Week1,Highlands Swim,Week4,295.0 Highlands Swim - 107.0 Sideburn Run
Sideburn Run,Week4,Highland Park,Week1,222.0 Highland Park - 180.0 Sideburn Run
Shouse Village,Week1,Rolling Forest,Week5,229.0 Rolling Forest - 173.0 Shouse Village
Shouse Village,Week1,Rolling Forest,Week2,202.0 Shouse Village - 200.0 Rolling Forest
Sideburn Run,Week3,Country Club Hills,Week5,218.0 Sideburn Run - 184.0 Country Club Hills
Sideburn Run,Week4,Highland Park,Week5,204.0 Sideburn Run - 198.0 Highland Park
Shouse Village,Week1,Rolling Forest,Week4,208.0 Rolling Forest - 194.0 Shouse Village
Rutherford,Week1,Long Branch,Week3,235.0 Long Branch - 167.0 Rutherford
Shouse Village,Week4,Little Rocky Run,Week2,257.0 Little Rocky Run - 145.0 Shouse Village
Shouse Village,Week2,Little Rocky Run,Week1,270.0 Little Rocky Run - 132.0 Shouse Village
Rutherford,Week5,Rutherford,Week1,254.0 Rutherford (RFD1) - 142.0 Rutherford (RFD2)
Shouse Village,Week3,Chesterbrook,Week1,327.0 Chesterbrook - 75.0 Shouse Village
Rutherford,Week3,Little Rocky Run,Week1,312.0 Little Rocky Run - 90.0 Rutherford
Shouse Village,Week4,Chesterbrook,Week2,326.0 Chesterbrook - 76.0 Shouse Village
Rutherford,Week5,Little Rocky Run,Week2,319.0 Little Rocky Run - 83.0 Rutherford
Shouse Village,Week2,Rolling Forest,Week4,201.0 Rolling Forest - 201.0 Shouse Village
Rutherford,Week5,Virginia Run,Week4,283.0 Virginia Run - 119.0 Rutherford
Shouse Village,Week5,Chesterbrook,Week5,324.5 Chesterbrook - 77.5 Shouse Village
Rutherford,Week3,Wakefield Chapel,Week1,342.0 Wakefield Chapel - 60.0 Rutherford
Rutherford,Week3,Shouse Village,Week5,268.0 Shouse Village - 134.0 Rutherford
Rutherford,Week5,Little Rocky Run,Week3,338.0 Little Rocky Run - 64.0 Rutherford
Rutherford,Week5,Virginia Run,Week3,267.0 Virginia Run - 135.0 Rutherford
Rutherford,Week1,Shouse Village,Week2,248.0 Shouse Village - 154.0 Rutherford
Sideburn Run,Week4,Highland Park,Week3,226.0 Sideburn Run - 176.0 Highland Park
Shouse Village,Week3,Rolling Forest,Week3,219.0 Rolling Forest - 183.0 Shouse Village
Rutherford,Week5,Shouse Village,Week4,268.0 Shouse Village - 134.0 Rutherford
Sideburn Run,Week3,Highlands Swim,Week1,296.5 Highlands Swim - 105.5 Sideburn Run
Rutherford,Week4,Rutherford,Week5,207.0 Rutherford (RFD1) - 195.0 Rutherford (RFD2)
Rutherford,Week5,Virginia Run,Week5,298.0 Virginia Run - 104.0 Rutherford
Shouse Village,Week4,Little Rocky Run,Week1,251.0 Little Rocky Run - 151.0 Shouse Village
Shouse Village,Week3,Rolling Forest,Week1,209.0 Rolling Forest - 193.0 Shouse Village
Shouse Village,Week3,Little Rocky Run,Week2,260.0 Little Rocky Run - 142.0 Shouse Village
Shouse Village,Week1,Little Rocky Run,Week2,276.0 Little Rocky Run - 126.0 Shouse Village
Sideburn Run,Week5,Highland Park,Week2,204.0 Sideburn Run - 198.0 Highland Park
Shouse Village,Week4,Little Rocky Run,Week5,268.0 Little Rocky Run - 134.0 Shouse Village
Shouse Village,Week2,Rolling Forest,Week5,216.0 Rolling Forest - 186.0 Shouse Village
Sideburn Run,Week2,Highlands Swim,Week5,321.0 Highlands Swim - 81.0 Sideburn Run
Shouse Village,Week4,Rolling Forest,Week1,209.0 Shouse Village - 188.0 Rolling Forest
Rutherford,Week3,Little Rocky Run,Week2,314.0 Little Rocky Run - 88.0 Rutherford
Shouse Village,Week2,Chesterbrook,Week4,333.0 Chesterbrook - 69.0 Shouse Village
Shouse Village,Week3,Little Rocky Run,Week3,274.5 Little Rocky Run - 127.5 Shouse Village
Rutherford,Week4,Little Rocky Run,Week1,302.0 Little Rocky Run - 100.0 Rutherford
Rutherford,Week5,Rutherford,Week5,195.5 Rutherford (RFD1) - 195.5 Rutherford (RFD2)
Shouse Village,Week1,Commonwealth,Week3,226.0 Shouse Village - 174.0 Commonwealth
Rutherford,Week1,Wakefield Chapel,Week3,358.0 Wakefield Chapel - 44.0 Rutherford
Shouse Village,Week5,Chesterbrook,Week4,318.5 Chesterbrook - 83.5 Shouse Village
Rutherford,Week4,Little Rocky Run,Week4,326.0 Little Rocky Run - 76.0 Rutherford
Rutherford,Week4,Virginia Run,Week2,278.0 Virginia Run - 124.0 Rutherford
Shouse Village,Week3,Rolling Forest,Week4,209.0 Shouse Village - 193.0 Rolling Forest
Rutherford,Week5,Rutherford,Week4,207.0 Rutherford (RFD2) - 195.0 Rutherford (RFD1)
Rutherford,Week4,Wakefield Chapel,Week4,329.0 Wakefield Chapel - 73.0 Rutherford
Sideburn Run,Week2,Highlands Swim,Week1,296.0 Highlands Swim - 106.0 Sideburn Run
Rutherford,Week1,Shouse Village,Week1,254.0 Shouse Village - 148.0 Rutherford
Shouse Village,Week5,Little Rocky Run,Week4,257.0 Little Rocky Run - 145.0 Shouse Village
Shouse Village,Week4,Chesterbrook,Week5,338.5 Chesterbrook - 63.5 Shouse Village
Shouse Village,Week5,Little Rocky Run,Week1,238.5 Little Rocky Run - 163.5 Shouse Village
Shouse Village,Week4,Rolling Forest,Week3,204.0 Shouse Village - 198.0 Rolling Forest
Sideburn Run,Week3,Highland Park,Week4,210.0 Highland Park - 192.0 Sideburn Run
Rutherford,Week2,Wakefield Chapel,Week1,353.0 Wakefield Chapel - 49.0 Rutherford
Sideburn Run,Week1,Highlands Swim,Week2,303.0 Highlands Swim - 99.0 Sideburn Run
Rutherford,Week3,Shouse Village,Week1,237.0 Shouse Village - 165.0 Rutherford
Rutherford,Week4,Little Rocky Run,Week5,337.0 Little Rocky Run - 65.0 Rutherford
Rutherford,Week2,Little Rocky Run,Week3,353.0 Little Rocky Run - 49.0 Rutherford
Shouse Village,Week4,Rolling Forest,Week2,239.0 Shouse Village - 163.0 Rolling Forest
Shouse Village,Week1,Long Branch,Week2,235.0 Shouse Village - 167.0 Long Branch
Shouse Village,Week2,Commonwealth,Week1,246.0 Shouse Village - 156.0 Commonwealth
Rutherford,Week4,Wakefield Chapel,Week1,339.0 Wakefield Chapel - 63.0 Rutherford
Sideburn Run,Week1,Highlands Swim,Week1,285.0 Highlands Swim - 117.0 Sideburn Run
Sideburn Run,Week3,Highland Park,Week5,209.0 Sideburn Run - 193.0 Highland Park
Rutherford,Week5,Little Rocky Run,Week5,342.0 Little Rocky Run - 60.0 Rutherford
Shouse Village,Week4,Long Branch,Week4,259.0 Shouse Village - 143.0 Long Branch
Shouse Village,Week1,Long Branch,Week3,247.0 Shouse Village - 155.0 Long Branch
Rutherford,Week1,Wakefield Chapel,Week4,344.5 Wakefield Chapel - 57.5 Rutherford
Rutherford,Week5,Little Rocky Run,Week4,327.0 Little Rocky Run - 75.0 Rutherford
Shouse Village,Week1,Commonwealth,Week2,216.0 Shouse Village - 185.0 Commonwealth
Shouse Village,Week4,Rolling Forest,Week5,212.0 Shouse Village - 190.0 Rolling Forest
Shouse Village,Week4,Chesterbrook,Week1,318.0 Chesterbrook - 84.0 Shouse Village
Rutherford,Week5,Rutherford,Week2,238.0 Rutherford (RFD1) - 163.0 Rutherford (RFD2)
Rutherford,Week4,Shouse Village,Week1,215.0 Shouse Village - 187.0 Rutherford
Rutherford,Week1,Shouse Village,Week5,277.0 Shouse Village - 125.0 Rutherford
Shouse Village,Week4,Rolling Forest,Week4,224.0 Shouse Village - 178.0 Rolling Forest
Rutherford,Week4,Pleasant Valley,Week3,243.0 Rutherford - 159.0 Pleasant Valley
Sideburn Run,Week2,Hollin Hills,Week3,294.0 Sideburn Run - 108.0 Hollin Hills
Rutherford,Week4,Virginia Run,Week5,303.0 Virginia Run - 99.0 Rutherford
Rutherford,Week2,Little Rocky Run,Week2,319.0 Little Rocky Run - 83.0 Rutherford
Rutherford,Week4,Wakefield Chapel,Week5,355.0 Wakefield Chapel - 47.0 Rutherford
Shouse Village,Week3,Rolling Forest,Week5,213.0 Rolling Forest - 189.0 Shouse Village
Shouse Village,Week2,Commonwealth,Week3,204.0 Shouse Village - 197.0 Commonwealth
Sideburn Run,Week5,Highlands Swim,Week5,282.0 Highlands Swim - 120.0 Sideburn Run
Shouse Village,Week3,Long Branch,Week3,254.0 Shouse Village - 148.0 Long Branch
Rutherford,Week4,Little Rocky Run,Week2,312.0 Little Rocky Run - 90.0 Rutherford
Rutherford,Week3,Shouse Village,Week3,255.0 Shouse Village - 147.0 Rutherford
Rutherford,Week4,Wakefield Chapel,Week2,331.0 Wakefield Chapel - 71.0 Rutherford
Shouse Village,Week2,Long Branch,Week2,232.0 Shouse Village - 170.0 Long Branch
Shouse Village,Week3,Mansion House,Week1,226.0 Mansion House - 176.0 Shouse Village
Shouse Village,Week5,Long Branch,Week2,264.0 Shouse Village - 138.0 Long Branch
Rutherford,Week2,Shouse Village,Week3,267.0 Shouse Village - 135.0 Rutherford
Rutherford,Week3,Little Rocky Run,Week4,322.0 Little Rocky Run - 80.0 Rutherford
Sideburn Run,Week3,Hollin Hills,Week5,294.0 Sideburn Run - 108.0 Hollin Hills
Sideburn Run,Week3,Highlands Swim,Week4,285.0 Highlands Swim - 117.0 Sideburn Run
Shouse Village,Week3,Long Branch,Week5,232.0 Shouse Village - 170.0 Long Branch
Rutherford,Week5,Pleasant Valley,Week2,267.0 Rutherford - 131.0 Pleasant Valley
Rutherford,Week4,Poplar Heights,Week3,280.0 Poplar Heights - 122.0 Rutherford
Shouse Village,Week2,Long Branch,Week5,217.0 Shouse Village - 185.0 Long Branch
Rutherford,Week2,Poplar Heights,Week5,312.0 Poplar Heights - 90.0 Rutherford
Rutherford,Week3,Shouse Village,Week2,240.5 Shouse Village - 161.5 Rutherford
Shouse Village,Week5,Rolling Forest,Week2,236.0 Shouse Village - 166.0 Rolling Forest
Rutherford,Week5,Rutherford,Week3,218.0 Rutherford (RFD1) - 183.0 Rutherford (RFD2)
Rutherford,Week5,Wakefield Chapel,Week1,341.5 Wakefield Chapel - 60.5 Rutherford
Shouse Village,Week5,Chesterbrook,Week1,317.0 Chesterbrook - 85.0 Shouse Village
Shouse Village,Week5,Rolling Forest,Week1,216.5 Shouse Village - 185.5 Rolling Forest
Shouse Village,Week2,Commonwealth,Week5,210.0 Shouse Village - 192.0 Commonwealth
Rutherford,Week4,Pleasant Valley,Week2,269.0 Rutherford - 127.0 Pleasant Valley
Rutherford,Week2,Shouse Village,Week5,272.0 Shouse Village - 130.0 Rutherford
Shouse Village,Week5,Rolling Forest,Week5,202.0 Rolling Forest - 200.0 Shouse Village
Rutherford,Week4,Virginia Run,Week4,296.0 Virginia Run - 106.0 Rutherford
Sideburn Run,Week4,Highlands Swim,Week2,315.5 Highlands Swim - 86.5 Sideburn Run
Rutherford,Week2,Shouse Village,Week1,248.5 Shouse Village - 153.5 Rutherford
Shouse Village,Week4,Long Branch,Week1,257.0 Shouse Village - 139.0 Long Branch
Rutherford,Week2,Long Branch,Week1,231.5 Long Branch - 169.5 Rutherford
Shouse Village,Week5,Rolling Forest,Week4,237.0 Shouse Village - 165.0 Rolling Forest
Shouse Village,Week2,Commonwealth,Week4,218.0 Shouse Village - 184.0 Commonwealth
Sideburn Run,Week3,Hollin Hills,Week1,307.0 Sideburn Run - 95.0 Hollin Hills
Rutherford,Week4,Virginia Run,Week3,281.0 Virginia Run - 121.0 Rutherford
Rutherford,Week5,Wakefield Chapel,Week2,329.0 Wakefield Chapel - 73.0 Rutherford
Shouse Village,Week1,Commonwealth,Week4,236.0 Shouse Village - 164.0 Commonwealth
Shouse Village,Week5,Rolling Forest,Week3,212.0 Shouse Village - 190.0 Rolling Forest
Rutherford,Week5,Pleasant Valley,Week4,272.0 Rutherford - 120.0 Pleasant Valley
Rutherford,Week4,Shouse Village,Week2,229.0 Shouse Village - 173.0 Rutherford
Shouse Village,Week5,Chesterbrook,Week2,319.5 Chesterbrook - 82.5 Shouse Village
Rutherford,Week4,Shouse Village,Week3,245.0 Shouse Village - 157.0 Rutherford
Rutherford,Week4,Virginia Run,Week1,290.0 Virginia Run - 112.0 Rutherford
Rutherford,Week1,Long Branch,Week4,261.0 Long Branch - 141.0 Rutherford
Rutherford,Week1,Poplar Heights,Week1,296.5 Poplar Heights - 104.5 Rutherford
Rutherford,Week2,Long Branch,Week2,233.0 Long Branch - 168.0 Rutherford
Rutherford,Week4,Little Rocky Run,Week3,333.0 Little Rocky Run - 69.0 Rutherford
Sideburn Run,Week4,Hollin Hills,Week4,313.0 Sideburn Run - 88.0 Hollin Hills
Shouse Village,Week2,Long Branch,Week1,233.0 Shouse Village - 169.0 Long Branch
Sideburn Run,Week5,Highlands Swim,Week1,288.0 Highlands Swim - 114.0 Sideburn Run
Rutherford,Week5,Little Rocky Run,Week1,319.0 Little Rocky Run - 83.0 Rutherford
Shouse Village,Week4,Chesterbrook,Week4,323.0 Chesterbrook - 79.0 Shouse Village
Rutherford,Week2,Long Branch,Week3,231.0 Long Branch - 171.0 Rutherford
Rutherford,Week4,Poplar Heights,Week5,296.0 Poplar Heights - 105.0 Rutherford
Rutherford,Week1,Poplar Heights,Week2,295.0 Poplar Heights - 106.0 Rutherford
Shouse Village,Week4,Chesterbrook,Week3,343.5 Chesterbrook - 58.5 Shouse Village
Sideburn Run,Week4,Hollin Hills,Week1,307.0 Sideburn Run - 95.0 Hollin Hills
Rutherford,Week1,Wakefield Chapel,Week1,358.0 Wakefield Chapel - 44.0 Rutherford
Sideburn Run,Week5,Highlands Swim,Week3,281.0 Highlands Swim - 121.0 Sideburn Run
Rutherford,Week4,Poplar Heights,Week1,265.0 Poplar Heights - 136.0 Rutherford
Rutherford,Week2,Wakefield Chapel,Week3,351.0 Wakefield Chapel - 51.0 Rutherford
Rutherford,Week2,Poplar Heights,Week3,317.0 Poplar Heights - 85.0 Rutherford
Sideburn Run,Week4,Highlands Swim,Week1,302.0 Highlands Swim - 100.0 Sideburn Run
Rutherford,Week3,Poplar Heights,Week4,300.5 Poplar Heights - 101.5 Rutherford
Shouse Village,Week1,Long Branch,Week5,227.0 Shouse Village - 175.0 Long Branch
Shouse Village,Week3,Mansion House,Week3,232.0 Mansion House - 170.0 Shouse Village
Rutherford,Week3,Long Branch,Week1,223.0 Long Branch - 178.0 Rutherford
Rutherford,Week2,Wakefield Chapel,Week2,345.0 Wakefield Chapel - 57.0 Rutherford
Rutherford,Week3,Virginia Run,Week3,284.0 Virginia Run - 118.0 Rutherford
Rutherford,Week2,Shouse Village,Week4,284.0 Shouse Village - 118.0 Rutherford
Rutherford,Week2,Long Branch,Week4,241.0 Long Branch - 161.0 Rutherford
Shouse Village,Week1,Commonwealth,Week1,261.0 Shouse Village - 137.0 Commonwealth
Shouse Village,Week3,Long Branch,Week1,242.0 Shouse Village - 160.0 Long Branch
Shouse Village,Week5,Chesterbrook,Week3,334.0 Chesterbrook - 68.0 Shouse Village
Shouse Village,Week1,Commonwealth,Week5,228.0 Shouse Village - 174.0 Commonwealth
Sideburn Run,Week1,Hollin Hills,Week4,300.0 Sideburn Run - 100.0 Hollin Hills
Rutherford,Week1,Shouse Village,Week3,279.0 Shouse Village - 123.0 Rutherford
Sideburn Run,Week3,Hollin Hills,Week2,313.0 Sideburn Run - 89.0 Hollin Hills
Shouse Village,Week4,Mansion House,Week5,219.0 Mansion House - 183.0 Shouse Village
Rutherford,Week3,Pleasant Valley,Week5,232.5 Rutherford - 161.5 Pleasant Valley
Rutherford,Week4,Long Branch,Week1,223.0 Long Branch - 179.0 Rutherford
Rutherford,Week5,Virginia Run,Week2,264.0 Virginia Run - 133.0 Rutherford
Shouse Village,Week3,Long Branch,Week2,229.0 Shouse Village - 173.0 Long Branch
Sideburn Run,Week2,Hollin Hills,Week1,298.0 Sideburn Run - 104.0 Hollin Hills
Shouse Village,Week5,Long Branch,Week4,250.0 Shouse Village - 152.0 Long Branch
Rutherford,Week5,Virginia Run,Week1,272.5 Virginia Run - 129.5 Rutherford
Rutherford,Week3,Long Branch,Week4,228.0 Long Branch - 174.0 Rutherford
Rutherford,Week4,Shouse Village,Week4,265.0 Shouse Village - 137.0 Rutherford
Shouse Village,Week2,Commonwealth,Week2,201.0 Commonwealth - 201.0 Shouse Village
Rutherford,Week3,Long Branch,Week3,208.0 Long Branch - 194.0 Rutherford
Shouse Village,Week3,Commonwealth,Week1,261.0 Shouse Village - 141.0 Commonwealth
Shouse Village,Week3,Commonwealth,Week2,223.0 Shouse Village - 179.0 Commonwealth
Rutherford,Week4,Poplar Heights,Week2,276.0 Poplar Heights - 125.0 Rutherford
Rutherford,Week3,Sideburn Run,Week3,257.0 Sideburn Run - 145.0 Rutherford
Rutherford,Week3,Long Branch,Week5,237.0 Long Branch - 164.0 Rutherford
Rutherford,Week5,Pleasant Valley,Week1,250.0 Rutherford - 148.0 Pleasant Valley
Rutherford,Week4,Shouse Village,Week5,259.0 Shouse Village - 143.0 Rutherford
Rutherford,Week2,Sideburn Run,Week5,286.0 Sideburn Run - 116.0 Rutherford
Sideburn Run,Week1,Hollin Hills,Week3,305.0 Sideburn Run - 97.0 Hollin Hills
Rutherford,Week3,Virginia Run,Week4,291.0 Virginia Run - 111.0 Rutherford
Shouse Village,Week4,Mansion House,Week2,208.0 Mansion House - 194.0 Shouse Village
Rutherford,Week3,Wakefield Chapel,Week4,330.0 Wakefield Chapel - 72.0 Rutherford
Rutherford,Week5,Long Branch,Week5,235.0 Long Branch - 166.0 Rutherford
Rutherford,Week4,Pleasant Valley,Week5,255.0 Rutherford - 141.0 Pleasant Valley
Rutherford,Week1,Poplar Heights,Week3,311.0 Poplar Heights - 91.0 Rutherford
Rutherford,Week4,Long Branch,Week5,238.0 Long Branch - 164.0 Rutherford
Rutherford,Week4,Long Branch,Week4,208.0 Long Branch - 194.0 Rutherford
Rutherford,Week4,Wakefield Chapel,Week3,340.0 Wakefield Chapel - 62.0 Rutherford
Rutherford,Week1,Poplar Heights,Week4,311.0 Poplar Heights - 91.0 Rutherford
Rutherford,Week5,Long Branch,Week1,214.0 Long Branch - 187.0 Rutherford
Sideburn Run,Week1,Hollin Hills,Week2,306.0 Sideburn Run - 94.0 Hollin Hills
Rutherford,Week4,Pleasant Valley,Week1,263.0 Rutherford - 133.0 Pleasant Valley
Sideburn Run,Week3,Highlands Swim,Week3,295.5 Highlands Swim - 106.5 Sideburn Run
Shouse Village,Week2,Long Branch,Week3,242.0 Shouse Village - 160.0 Long Branch
Shouse Village,Week3,Commonwealth,Week3,234.0 Shouse Village - 168.0 Commonwealth
Rutherford,Week1,Wakefield Chapel,Week5,363.0 Wakefield Chapel - 39.0 Rutherford
Rutherford,Week1,Sleepy Hollow B & R,Week2,296.0 Sleepy Hollow B & R - 106.0 Rutherford
Sideburn Run,Week5,Highlands Swim,Week2,285.0 Highlands Swim - 117.0 Sideburn Run
Sideburn Run,Week3,Highlands Swim,Week5,302.0 Highlands Swim - 100.0 Sideburn Run
Shouse Village,Week5,Long Branch,Week3,252.0 Shouse Village - 149.0 Long Branch
Rutherford,Week2,Wakefield Chapel,Week4,343.0 Wakefield Chapel - 59.0 Rutherford
Rutherford,Week4,Walden Glen,Week3,215.0 Walden Glen - 187.0 Rutherford
Rutherford,Week4,Sideburn Run,Week4,259.0 Sideburn Run - 143.0 Rutherford
Rutherford,Week1,Mansion House,Week2,284.0 Mansion House - 117.0 Rutherford
Rutherford,Week5,Long Branch,Week3,211.0 Long Branch - 191.0 Rutherford
Rutherford,Week4,Pleasant Valley,Week4,272.0 Rutherford - 129.0 Pleasant Valley
Shouse Village,Week2,Long Branch,Week4,211.0 Shouse Village - 191.0 Long Branch
Rutherford,Week5,Sideburn Run,Week3,249.0 Sideburn Run - 153.0 Rutherford
Rutherford,Week1,Sideburn Run,Week1,267.0 Sideburn Run - 135.0 Rutherford
Shouse Village,Week3,Long Branch,Week4,232.5 Shouse Village - 169.5 Long Branch
Shouse Village,Week1,Mansion House,Week4,217.0 Mansion House - 185.0 Shouse Village
Rutherford,Week5,Wakefield Chapel,Week4,333.0 Wakefield Chapel - 69.0 Rutherford
Sideburn Run,Week1,Hollin Hills,Week1,298.0 Sideburn Run - 104.0 Hollin Hills
Rutherford,Week1,Sideburn Run,Week5,289.0 Sideburn Run - 113.0 Rutherford
Rutherford,Week2,Wakefield Chapel,Week5,362.0 Wakefield Chapel - 40.0 Rutherford
Rutherford,Week3,Sideburn Run,Week2,246.0 Sideburn Run - 156.0 Rutherford
Sideburn Run,Week1,Hollin Hills,Week5,289.0 Sideburn Run - 112.0 Hollin Hills
Shouse Village,Week4,Long Branch,Week2,262.0 Shouse Village - 140.0 Long Branch
Shouse Village,Week1,Mansion House,Week1,227.0 Mansion House - 175.0 Shouse Village
Shouse Village,Week5,Long Branch,Week1,257.0 Shouse Village - 145.0 Long Branch
Shouse Village,Week4,Long Branch,Week3,264.0 Shouse Village - 138.0 Long Branch
Rutherford,Week1,Mansion House,Week1,311.0 Mansion House - 91.0 Rutherford
Sideburn Run,Week4,Highlands Swim,Week4,294.0 Highlands Swim - 108.0 Sideburn Run
Rutherford,Week2,Poplar Heights,Week1,292.0 Poplar Heights - 110.0 Rutherford
Rutherford,Week3,Wakefield Chapel,Week3,343.0 Wakefield Chapel - 59.0 Rutherford
Rutherford,Week5,Long Branch,Week4,221.0 Long Branch - 181.0 Rutherford
Rutherford,Week3,Poplar Heights,Week2,293.0 Poplar Heights - 109.0 Rutherford
Rutherford,Week5,Long Branch,Week2,221.0 Long Branch - 180.0 Rutherford
Rutherford,Week2,Sideburn Run,Week4,275.0 Sideburn Run - 127.0 Rutherford
Rutherford,Week1,Sleepy Hollow B & R,Week5,318.0 Sleepy Hollow B & R - 84.0 Rutherford
Sideburn Run,Week4,Highlands Swim,Week5,303.0 Highlands Swim - 99.0 Sideburn Run
Rutherford,Week1,Sideburn Run,Week2,271.0 Sideburn Run - 131.0 Rutherford
Sideburn Run,Week3,Highlands Swim,Week2,313.0 Highlands Swim - 89.0 Sideburn Run
Sideburn Run,Week4,Highlands Swim,Week3,285.0 Highlands Swim - 117.0 Sideburn Run
Rutherford,Week3,Wakefield Chapel,Week5,345.0 Wakefield Chapel - 57.0 Rutherford
Rutherford,Week1,Poplar Heights,Week5,312.0 Poplar Heights - 89.0 Rutherford
Rutherford,Week3,Poplar Heights,Week1,276.0 Poplar Heights - 126.0 Rutherford
Rutherford,Week3,Wakefield Chapel,Week2,336.0 Wakefield Chapel - 66.0 Rutherford
Rutherford,Week1,Mansion House,Week3,313.5 Mansion House - 88.5 Rutherford
Shouse Village,Week2,Mansion House,Week1,245.0 Mansion House - 157.0 Shouse Village
Rutherford,Week2,Sideburn Run,Week1,267.0 Sideburn Run - 135.0 Rutherford
Rutherford,Week2,Sideburn Run,Week2,257.0 Sideburn Run - 145.0 Rutherford
Rutherford,Week4,Sideburn Run,Week5,285.0 Sideburn Run - 117.0 Rutherford
Rutherford,Week4,Walden Glen,Week2,222.0 Walden Glen - 179.0 Rutherford
Rutherford,Week2,Poplar Heights,Week4,303.0 Poplar Heights - 99.0 Rutherford
Rutherford,Week1,Mansion House,Week5,319.0 Mansion House - 83.0 Rutherford
Rutherford,Week1,Mansion House,Week4,292.0 Mansion House - 105.0 Rutherford
Shouse Village,Week1,Mansion House,Week2,226.0 Mansion House - 176.0 Shouse Village
Sideburn Run,Week2,Hollin Hills,Week2,304.0 Sideburn Run - 98.0 Hollin Hills
Rutherford,Week3,Poplar Heights,Week3,303.0 Poplar Heights - 99.0 Rutherford
Rutherford,Week2,Walden Glen,Week5,270.0 Walden Glen - 131.0 Rutherford
Rutherford,Week5,Wakefield Chapel,Week5,352.0 Wakefield Chapel - 50.0 Rutherford
Sideburn Run,Week5,Highlands Swim,Week4,276.0 Highlands Swim - 126.0 Sideburn Run
Sideburn Run,Week2,Hollin Hills,Week4,306.0 Sideburn Run - 96.0 Hollin Hills
Rutherford,Week5,Pleasant Valley,Week5,245.0 Rutherford - 155.0 Pleasant Valley
Rutherford,Week2,Poplar Heights,Week2,305.0 Poplar Heights - 97.0 Rutherford
Shouse Village,Week2,Mansion House,Week2,231.0 Mansion House - 171.0 Shouse Village
Rutherford,Week4,Sideburn Run,Week2,234.0 Sideburn Run - 168.0 Rutherford
Rutherford,Week1,Sideburn Run,Week3,278.0 Sideburn Run - 124.0 Rutherford
Sideburn Run,Week2,Hollin Hills,Week5,287.0 Sideburn Run - 115.0 Hollin Hills
Rutherford,Week5,Pleasant Valley,Week3,249.5 Rutherford - 152.5 Pleasant Valley
Sideburn Run,Week4,Hollin Hills,Week2,314.0 Sideburn Run - 88.0 Hollin Hills
Rutherford,Week2,Poplar Tree,Week1,295.0 Poplar Tree - 107.0 Rutherford
Rutherford,Week5,Walden Glen,Week1,224.0 Rutherford - 177.0 Walden Glen
Shouse Village,Week1,Mansion House,Week3,239.0 Mansion House - 163.0 Shouse Village
Rutherford,Week4,Poplar Heights,Week4,288.0 Poplar Heights - 114.0 Rutherford
Rutherford,Week3,Sideburn Run,Week4,259.0 Sideburn Run - 143.0 Rutherford
Rutherford,Week2,Mansion House,Week1,304.0 Mansion House - 98.0 Rutherford
Shouse Village,Week2,Mansion House,Week3,259.0 Mansion House - 143.0 Shouse Village
Rutherford,Week2,Mansion House,Week2,287.0 Mansion House - 114.0 Rutherford
Rutherford,Week1,Walden Glen,Week1,207.0 Walden Glen - 191.0 Rutherford
Rutherford,Week1,Sideburn Run,Week4,290.0 Sideburn Run - 112.0 Rutherford
Rutherford,Week2,Mansion House,Week3,306.0 Mansion House - 96.0 Rutherford
Sideburn Run,Week3,Hollin Hills,Week4,304.0 Sideburn Run - 98.0 Hollin Hills
Rutherford,Week2,Mansion House,Week4,292.0 Mansion House - 109.0 Rutherford
Shouse Village,Week1,Mansion House,Week5,236.0 Mansion House - 166.0 Shouse Village
Rutherford,Week3,Poplar Heights,Week5,297.0 Poplar Heights - 105.0 Rutherford
Sideburn Run,Week3,Hollin Hills,Week3,309.0 Sideburn Run - 93.0 Hollin Hills
Rutherford,Week1,Walden Glen,Week2,238.0 Walden Glen - 160.0 Rutherford
Rutherford,Week3,Walden Glen,Week3,208.0 Walden Glen - 194.0 Rutherford
Shouse Village,Week4,Long Branch,Week5,245.0 Shouse Village - 157.0 Long Branch
Rutherford,Week1,Ravensworth Farm,Week3,317.5 Ravensworth Farm - 83.5 Rutherford
Shouse Village,Week4,Mansion House,Week1,213.0 Mansion House - 189.0 Shouse Village
Rutherford,Week5,Shouse Village,Week5,273.0 Shouse Village - 129.0 Rutherford
Rutherford,Week1,Walden Glen,Week3,240.0 Walden Glen - 161.0 Rutherford
Rutherford,Week2,Walden Glen,Week4,239.0 Walden Glen - 162.0 Rutherford
Rutherford,Week5,Poplar Heights,Week5,281.0 Poplar Heights - 121.0 Rutherford
Sideburn Run,Week1,Hollin Meadows,Week1,209.0 Hollin Meadows - 193.0 Sideburn Run
Rutherford,Week4,Walden Glen,Week5,238.0 Walden Glen - 164.0 Rutherford
Rutherford,Week3,Walden Glen,Week5,256.0 Walden Glen - 145.0 Rutherford
Rutherford,Week1,Walden Glen,Week4,253.0 Walden Glen - 147.0 Rutherford
Shouse Village,Week3,Mansion House,Week4,210.0 Mansion House - 192.0 Shouse Village
Rutherford,Week1,Poplar Tree,Week5,318.0 Poplar Tree - 84.0 Rutherford
Rutherford,Week2,Walden Glen,Week3,240.0 Walden Glen - 161.0 Rutherford
Shouse Village,Week4,Mansion House,Week3,221.0 Mansion House - 181.0 Shouse Village
Sideburn Run,Week1,Hollin Meadows,Week4,212.0 Sideburn Run - 190.0 Hollin Meadows
Sideburn Run,Week2,Hollin Meadows,Week3,204.0 Hollin Meadows - 198.0 Sideburn Run
Rutherford,Week1,Sleepy Hollow B & R,Week1,277.0 Sleepy Hollow B & R - 125.0 Rutherford
Sideburn Run,Week1,Hollin Meadows,Week3,209.0 Sideburn Run - 193.0 Hollin Meadows
Shouse Village,Week2,Mansion House,Week5,254.0 Mansion House - 148.0 Shouse Village
Shouse Village,Week4,Mansion House,Week4,203.0 Mansion House - 199.0 Shouse Village
Sideburn Run,Week4,Hollin Hills,Week3,303.0 Sideburn Run - 99.0 Hollin Hills
Shouse Village,Week5,Mansion House,Week1,207.0 Mansion House - 195.0 Shouse Village
Rutherford,Week5,Poplar Tree,Week2,269.0 Poplar Tree - 133.0 Rutherford
Rutherford,Week2,Walden Glen,Week2,238.0 Walden Glen - 163.0 Rutherford
Sideburn Run,Week3,Hollin Meadows,Week2,225.0 Sideburn Run - 177.0 Hollin Meadows
Rutherford,Week1,Walden Glen,Week5,271.0 Walden Glen - 129.0 Rutherford
Rutherford,Week3,Walden Glen,Week2,209.0 Walden Glen - 192.0 Rutherford
Rutherford,Week4,Sideburn Run,Week1,259.0 Sideburn Run - 143.0 Rutherford
Rutherford,Week1,Sleepy Hollow B & R,Week4,304.0 Sleepy Hollow B & R - 98.0 Rutherford
Rutherford,Week3,Poplar Tree,Week1,292.0 Poplar Tree - 110.0 Rutherford
Rutherford,Week2,Walden Glen,Week1,207.0 Walden Glen - 195.0 Rutherford
Rutherford,Week3,Sideburn Run,Week5,273.0 Sideburn Run - 129.0 Rutherford
Shouse Village,Week2,Mansion House,Week4,225.0 Mansion House - 176.0 Shouse Village
Rutherford,Week5,Poplar Tree,Week4,268.0 Poplar Tree - 134.0 Rutherford
Rutherford,Week5,Sideburn Run,Week2,231.0 Sideburn Run - 171.0 Rutherford
Rutherford,Week1,Sleepy Hollow B & R,Week3,314.0 Sleepy Hollow B & R - 88.0 Rutherford
Rutherford,Week5,Poplar Tree,Week3,281.0 Poplar Tree - 121.0 Rutherford
Rutherford,Week4,Poplar Tree,Week2,262.0 Poplar Tree - 140.0 Rutherford
Rutherford,Week1,Ravensworth Farm,Week2,277.0 Ravensworth Farm - 125.0 Rutherford
Rutherford,Week4,Long Branch,Week3,203.0 Long Branch - 199.0 Rutherford
Rutherford,Week4,Poplar Tree,Week5,284.0 Poplar Tree - 118.0 Rutherford
Rutherford,Week5,Sideburn Run,Week1,246.0 Sideburn Run - 156.0 Rutherford
Rutherford,Week5,Sideburn Run,Week5,268.0 Sideburn Run - 134.0 Rutherford
Sideburn Run,Week2,Hollin Meadows,Week5,217.0 Hollin Meadows - 185.0 Sideburn Run
Rutherford,Week2,Sideburn Run,Week3,276.0 Sideburn Run - 126.0 Rutherford
Sideburn Run,Week4,Hollin Hills,Week5,291.0 Sideburn Run - 110.0 Hollin Hills
Sideburn Run,Week5,Hollin Hills,Week1,314.0 Sideburn Run - 88.0 Hollin Hills
Rutherford,Week3,Walden Glen,Week4,230.0 Walden Glen - 171.0 Rutherford
Shouse Village,Week3,Mansion House,Week2,215.5 Mansion House - 186.5 Shouse Village
Sideburn Run,Week5,Hollin Hills,Week3,313.0 Sideburn Run - 89.0 Hollin Hills
Rutherford,Week3,Sideburn Run,Week1,253.0 Sideburn Run - 149.0 Rutherford
Shouse Village,Week5,Long Branch,Week5,245.0 Shouse Village - 157.0 Long Branch
Sideburn Run,Week1,Hollin Meadows,Week2,220.0 Sideburn Run - 182.0 Hollin Meadows
Rutherford,Week5,Sideburn Run,Week4,252.0 Sideburn Run - 150.0 Rutherford
Shouse Village,Week3,Mansion House,Week5,227.0 Mansion House - 175.0 Shouse Village
Rutherford,Week2,Poplar Tree,Week4,281.0 Poplar Tree - 121.0 Rutherford
Shouse Village,Week5,Mansion House,Week3,217.0 Mansion House - 185.0 Shouse Village
Shouse Village,Week1,Mantua,Week1,233.0 Mantua - 169.0 Shouse Village
Rutherford,Week5,Poplar Heights,Week4,277.0 Poplar Heights - 125.0 Rutherford
Rutherford,Week4,Walden Glen,Week1,218.0 Rutherford - 180.0 Walden Glen
Rutherford,Week5,Wakefield Chapel,Week3,340.5 Wakefield Chapel - 61.5 Rutherford
Rutherford,Week2,Waynewood,Week1,285.0 Waynewood - 117.0 Rutherford
Sideburn Run,Week3,Hollin Meadows,Week4,202.0 Sideburn Run - 200.0 Hollin Meadows
Rutherford,Week2,Sleepy Hollow B & R,Week1,283.0 Sleepy Hollow B & R - 119.0 Rutherford
Sideburn Run,Week5,Hollin Meadows,Week1,207.0 Sideburn Run - 195.0 Hollin Meadows
Rutherford,Week3,Walden Glen,Week1,221.0 Rutherford - 181.0 Walden Glen
Shouse Village,Week5,Mansion House,Week2,203.0 Mansion House - 199.0 Shouse Village
Shouse Village,Week5,Mansion House,Week5,210.0 Mansion House - 192.0 Shouse Village
Sideburn Run,Week4,Hollin Meadows,Week5,220.0 Hollin Meadows - 182.0 Sideburn Run
Rutherford,Week2,Poplar Tree,Week2,295.0 Poplar Tree - 107.0 Rutherford
Rutherford,Week2,Sleepy Hollow B & R,Week4,315.0 Sleepy Hollow B & R - 87.0 Rutherford
Shouse Village,Week5,Mansion House,Week4,202.0 Mansion House - 200.0 Shouse Village
Rutherford,Week4,Sideburn Run,Week3,265.0 Sideburn Run - 137.0 Rutherford
Rutherford,Week1,Poplar Tree,Week1,305.0 Poplar Tree - 97.0 Rutherford
Sideburn Run,Week3,Hollin Meadows,Week3,215.0 Sideburn Run - 187.0 Hollin Meadows
Rutherford,Week1,Ravensworth Farm,Week1,301.0 Ravensworth Farm - 101.0 Rutherford
Rutherford,Week1,Poplar Tree,Week3,306.0 Poplar Tree - 96.0 Rutherford
Rutherford,Week3,Sleepy Hollow Rec,Week3,210.0 Sleepy Hollow Rec - 192.0 Rutherford
Rutherford,Week2,Waynewood,Week4,309.5 Waynewood - 92.5 Rutherford
Rutherford,Week1,Waynewood,Week2,311.0 Waynewood - 91.0 Rutherford
Sideburn Run,Week3,Hollin Meadows,Week5,215.0 Hollin Meadows - 187.0 Sideburn Run
Rutherford,Week3,Waynewood,Week2,294.0 Waynewood - 108.0 Rutherford
Rutherford,Week4,Walden Glen,Week4,227.0 Walden Glen - 175.0 Rutherford
Rutherford,Week1,Sleepy Hollow Rec,Week4,202.0 Sleepy Hollow Rec - 200.0 Rutherford
Sideburn Run,Week2,Hollin Meadows,Week1,227.0 Hollin Meadows - 175.0 Sideburn Run
Rutherford,Week3,Poplar Tree,Week2,281.0 Poplar Tree - 121.0 Rutherford
Rutherford,Week5,Sleepy Hollow B & R,Week1,278.0 Sleepy Hollow B & R - 124.0 Rutherford
Rutherford,Week2,Poplar Tree,Week3,309.0 Poplar Tree - 93.0 Rutherford
Rutherford,Week5,Sleepy Hollow B & R,Week5,302.0 Sleepy Hollow B & R - 100.0 Rutherford
Rutherford,Week2,Sleepy Hollow Rec,Week5,221.0 Sleepy Hollow Rec - 180.0 Rutherford
Sideburn Run,Week2,Hollin Meadows,Week2,203.0 Sideburn Run - 199.0 Hollin Meadows
Rutherford,Week5,Poplar Heights,Week1,265.0 Poplar Heights - 137.0 Rutherford
Rutherford,Week3,Sleepy Hollow Rec,Week2,215.0 Rutherford - 187.0 Sleepy Hollow Rec
Sideburn Run,Week5,Hollin Hills,Week4,315.0 Sideburn Run - 87.0 Hollin Hills
Rutherford,Week1,Waynewood,Week3,324.0 Waynewood - 78.0 Rutherford
Sideburn Run,Week5,Hollin Meadows,Week4,215.0 Sideburn Run - 187.0 Hollin Meadows
Rutherford,Week3,Poplar Tree,Week5,303.0 Poplar Tree - 99.0 Rutherford
Rutherford,Week2,Waynewood,Week3,312.0 Waynewood - 90.0 Rutherford
Sideburn Run,Week4,Hollin Meadows,Week3,201.0 Hollin Meadows - 201.0 Sideburn Run
Rutherford,Week1,Poplar Tree,Week2,290.0 Poplar Tree - 112.0 Rutherford
Rutherford,Week5,Sleepy Hollow B & R,Week2,288.0 Sleepy Hollow B & R - 114.0 Rutherford
Rutherford,Week2,Waynewood,Week5,312.0 Waynewood - 90.0 Rutherford
Rutherford,Week2,Sleepy Hollow Rec,Week2,204.0 Sleepy Hollow Rec - 197.0 Rutherford
Rutherford,Week2,Sleepy Hollow B & R,Week5,315.0 Sleepy Hollow B & R - 87.0 Rutherford
Rutherford,Week5,Ravensworth Farm,Week1,262.0 Ravensworth Farm - 140.0 Rutherford
Rutherford,Week5,Poplar Heights,Week2,276.0 Poplar Heights - 126.0 Rutherford
Sideburn Run,Week5,Hollin Meadows,Week3,217.0 Sideburn Run - 185.0 Hollin Meadows
Rutherford,Week1,Waynewood,Week4,311.0 Waynewood - 91.0 Rutherford
Rutherford,Week3,Poplar Tree,Week4,274.0 Poplar Tree - 128.0 Rutherford
Rutherford,Week3,Sleepy Hollow B & R,Week3,297.0 Sleepy Hollow B & R - 105.0 Rutherford
Sideburn Run,Week1,Hollin Meadows,Week5,203.0 Sideburn Run - 199.0 Hollin Meadows
Rutherford,Week3,Waynewood,Week5,311.0 Waynewood - 91.0 Rutherford
Rutherford,Week1,Woodley,Week2,209.0 Rutherford - 192.0 Woodley
Rutherford,Week3,Sleepy Hollow B & R,Week1,275.0 Sleepy Hollow B & R - 127.0 Rutherford
Rutherford,Week5,Poplar Heights,Week3,284.0 Poplar Heights - 118.0 Rutherford
Rutherford,Week5,Sleepy Hollow B & R,Week4,295.0 Sleepy Hollow B & R - 107.0 Rutherford
Rutherford,Week5,Walden Glen,Week5,242.0 Walden Glen - 159.0 Rutherford
Sideburn Run,Week5,Hollin Hills,Week5,290.0 Sideburn Run - 112.0 Hollin Hills
Rutherford,Week1,Sleepy Hollow Rec,Week3,239.0 Sleepy Hollow Rec - 163.0 Rutherford
Rutherford,Week1,Poplar Tree,Week4,280.0 Poplar Tree - 122.0 Rutherford
Sideburn Run,Week3,Hollin Meadows,Week1,205.0 Hollin Meadows - 197.0 Sideburn Run
Rutherford,Week4,Sleepy Hollow B & R,Week4,283.0 Sleepy Hollow B & R - 119.0 Rutherford
Sideburn Run,Week5,Hollin Hills,Week2,312.0 Sideburn Run - 90.0 Hollin Hills
Sideburn Run,Week4,Hollin Meadows,Week4,204.0 Hollin Meadows - 198.0 Sideburn Run
Sideburn Run,Week5,Holmes Run Acres,Week2,235.0 Sideburn Run - 167.0 Holmes Run Acres
Rutherford,Week4,Poplar Tree,Week3,273.0 Poplar Tree - 129.0 Rutherford
Rutherford,Week4,Ravensworth Farm,Week3,289.0 Ravensworth Farm - 113.0 Rutherford
Sideburn Run,Week2,Hollin Meadows,Week4,212.0 Hollin Meadows - 190.0 Sideburn Run
Sideburn Run,Week4,Holmes Run Acres,Week1,225.0 Sideburn Run - 177.0 Holmes Run Acres
Rutherford,Week5,Walden Glen,Week2,213.0 Walden Glen - 189.0 Rutherford
Sideburn Run,Week4,Hollin Meadows,Week2,224.0 Sideburn Run - 178.0 Hollin Meadows
Rutherford,Week4,Poplar Tree,Week4,246.0 Poplar Tree - 156.0 Rutherford
Rutherford,Week5,Poplar Tree,Week1,280.0 Poplar Tree - 122.0 Rutherford
Rutherford,Week4,Sleepy Hollow B & R,Week3,289.5 Sleepy Hollow B & R - 112.5 Rutherford
Sideburn Run,Week5,Hollin Meadows,Week5,214.0 Hollin Meadows - 188.0 Sideburn Run
Rutherford,Week4,Ravensworth Farm,Week5,307.5 Ravensworth Farm - 94.5 Rutherford
Rutherford,Week2,Sleepy Hollow Rec,Week4,207.0 Rutherford - 195.0 Sleepy Hollow Rec
Rutherford,Week2,Woodley,Week5,201.0 Woodley - 200.0 Rutherford
Sideburn Run,Week3,Holmes Run Acres,Week3,221.0 Holmes Run Acres - 181.0 Sideburn Run
Rutherford,Week2,Sleepy Hollow B & R,Week3,314.0 Sleepy Hollow B & R - 88.0 Rutherford
Sideburn Run,Week5,Hollin Meadows,Week2,223.0 Sideburn Run - 179.0 Hollin Meadows
Rutherford,Week4,Waynewood,Week2,283.0 Waynewood - 119.0 Rutherford
Rutherford,Week5,Poplar Tree,Week5,297.0 Poplar Tree - 105.0 Rutherford
Rutherford,Week4,Sleepy Hollow B & R,Week1,263.0 Sleepy Hollow B & R - 139.0 Rutherford
Rutherford,Week1,Woodley,Week5,213.0 Woodley - 188.0 Rutherford
Rutherford,Week3,Sleepy Hollow B & R,Week4,292.0 Sleepy Hollow B & R - 110.0 Rutherford
Rutherford,Week3,Sleepy Hollow B & R,Week5,306.0 Sleepy Hollow B & R - 96.0 Rutherford
Rutherford,Week3,Poplar Tree,Week3,289.0 Poplar Tree - 113.0 Rutherford
Rutherford,Week3,Woodley,Week1,232.0 Rutherford - 170.0 Woodley
Rutherford,Week2,Woodley,Week4,223.0 Rutherford - 179.0 Woodley
Rutherford,Week2,Poplar Tree,Week5,309.0 Poplar Tree - 93.0 Rutherford
Rutherford,Week5,Walden Glen,Week3,209.0 Walden Glen - 193.0 Rutherford
Rutherford,Week2,Waynewood,Week2,301.0 Waynewood - 101.0 Rutherford
Rutherford,Week2,Woodley,Week1,208.0 Rutherford - 194.0 Woodley
Sideburn Run,Week4,Hollin Meadows,Week1,217.0 Hollin Meadows - 185.0 Sideburn Run
Rutherford,Week4,Poplar Tree,Week1,279.0 Poplar Tree - 123.0 Rutherford
Rutherford,Week4,Sleepy Hollow B & R,Week5,297.0 Sleepy Hollow B & R - 105.0 Rutherford
Rutherford,Week1,Waynewood,Week1,287.0 Waynewood - 115.0 Rutherford
Rutherford,Week2,Riverside Gardens,Week3,325.0 Riverside Gardens - 77.0 Rutherford
Sideburn Run,Week3,Holmes Run Acres,Week5,222.0 Holmes Run Acres - 180.0 Sideburn Run
Rutherford,Week5,Sleepy Hollow B & R,Week3,304.0 Sleepy Hollow B & R - 98.0 Rutherford
Rutherford,Week1,Sleepy Hollow Rec,Week1,202.0 Rutherford - 200.0 Sleepy Hollow Rec
Rutherford,Week1,Waynewood,Week5,324.0 Waynewood - 78.0 Rutherford
Rutherford,Week4,Sleepy Hollow B & R,Week2,279.0 Sleepy Hollow B & R - 123.0 Rutherford
Sideburn Run,Week1,Holmes Run Acres,Week1,216.0 Sideburn Run - 186.0 Holmes Run Acres
Sideburn Run,Week3,Holmes Run Acres,Week2,225.0 Sideburn Run - 177.0 Holmes Run Acres
Rutherford,Week1,Sleepy Hollow Rec,Week2,215.5 Sleepy Hollow Rec - 186.5 Rutherford
Rutherford,Week3,Ravensworth Farm,Week2,248.0 Ravensworth Farm - 154.0 Rutherford
Rutherford,Week3,Waynewood,Week4,287.0 Waynewood - 115.0 Rutherford
Rutherford,Week5,Ravensworth Farm,Week3,295.0 Ravensworth Farm - 106.0 Rutherford
Rutherford,Week2,Ravensworth Farm,Week5,314.0 Ravensworth Farm - 88.0 Rutherford
Sideburn Run,Week2,Holmes Run Acres,Week2,217.0 Sideburn Run - 185.0 Holmes Run Acres
Rutherford,Week5,Walden Glen,Week4,213.0 Walden Glen - 188.0 Rutherford
Rutherford,Week3,Ravensworth Farm,Week1,274.0 Ravensworth Farm - 128.0 Rutherford
Rutherford,Week2,Sleepy Hollow B & R,Week2,310.0 Sleepy Hollow B & R - 92.0 Rutherford
Rutherford,Week3,Waynewood,Week1,273.0 Waynewood - 129.0 Rutherford
Rutherford,Week4,Waynewood,Week5,310.0 Waynewood - 92.0 Rutherford
Shouse Village,Week5,Tuckahoe,Week4,317.0 Tuckahoe - 85.0 Shouse Village
Rutherford,Week5,Waynewood,Week4,285.0 Waynewood - 117.0 Rutherford
Sideburn Run,Week1,Holmes Run Acres,Week3,211.0 Holmes Run Acres - 191.0 Sideburn Run
Rutherford,Week4,Waynewood,Week4,289.0 Waynewood - 113.0 Rutherford
Sideburn Run,Week2,Holmes Run Acres,Week3,239.0 Holmes Run Acres - 163.0 Sideburn Run
Rutherford,Week2,Sleepy Hollow Rec,Week1,208.0 Rutherford - 194.0 Sleepy Hollow Rec
Shouse Village,Week5,Truro,Week4,247.0 Shouse Village - 155.0 Truro
Sideburn Run,Week1,Holmes Run Acres,Week4,205.5 Sideburn Run - 196.5 Holmes Run Acres
Rutherford,Week4,Ravensworth Farm,Week1,275.0 Ravensworth Farm - 127.0 Rutherford
Rutherford,Week3,Sleepy Hollow B & R,Week2,290.0 Sleepy Hollow B & R - 112.0 Rutherford
Rutherford,Week5,Waynewood,Week1,277.0 Waynewood - 125.0 Rutherford
Rutherford,Week1,Riverside Gardens,Week4,335.5 Riverside Gardens - 66.5 Rutherford
Shouse Village,Week3,Tuckahoe,Week4,332.0 Tuckahoe - 70.0 Shouse Village
Rutherford,Week1,Ravensworth Farm,Week4,307.0 Ravensworth Farm - 95.0 Rutherford
Rutherford,Week2,Sleepy Hollow Rec,Week3,227.0 Sleepy Hollow Rec - 175.0 Rutherford
Shouse Village,Week1,Vienna Aquatic,Week3,290.0 Vienna Aquatic - 112.0 Shouse Village
Rutherford,Week1,Riverside Gardens,Week5,331.0 Riverside Gardens - 71.0 Rutherford
Rutherford,Week5,Waynewood,Week2,286.0 Waynewood - 116.0 Rutherford
Rutherford,Week4,Waynewood,Week1,267.0 Waynewood - 135.0 Rutherford
Rutherford,Week3,Sleepy Hollow Rec,Week1,212.0 Rutherford - 185.0 Sleepy Hollow Rec
Rutherford,Week2,Ravensworth Farm,Week1,295.0 Ravensworth Farm - 107.0 Rutherford
Rutherford,Week1,Ravensworth Farm,Week5,315.0 Ravensworth Farm - 87.0 Rutherford
Rutherford,Week1,Sleepy Hollow Rec,Week5,233.0 Sleepy Hollow Rec - 169.0 Rutherford
Sideburn Run,Week2,Holmes Run Acres,Week5,233.0 Holmes Run Acres - 169.0 Sideburn Run
Rutherford,Week5,Sleepy Hollow Rec,Week5,216.0 Sleepy Hollow Rec - 186.0 Rutherford
Rutherford,Week2,Ravensworth Farm,Week4,300.0 Ravensworth Farm - 102.0 Rutherford
Sideburn Run,Week3,Holmes Run Acres,Week1,226.0 Sideburn Run - 176.0 Holmes Run Acres
Shouse Village,Week4,Tuckahoe,Week1,298.5 Tuckahoe - 103.5 Shouse Village
Rutherford,Week1,Somerset-Olde Creek,Week5,219.0 Rutherford - 179.0 Somerset-Olde Creek
Rutherford,Week4,Sleepy Hollow Rec,Week1,219.0 Rutherford - 178.0 Sleepy Hollow Rec
Sideburn Run,Week2,Holmes Run Acres,Week1,201.0 Holmes Run Acres - 201.0 Sideburn Run
Shouse Village,Week5,Truro,Week5,251.0 Shouse Village - 151.0 Truro
Sideburn Run,Week5,Holmes Run Acres,Week3,211.0 Holmes Run Acres - 191.0 Sideburn Run
Rutherford,Week5,Sleepy Hollow Rec,Week2,216.0 Rutherford - 186.0 Sleepy Hollow Rec
Rutherford,Week5,Sleepy Hollow Rec,Week4,224.0 Rutherford - 178.0 Sleepy Hollow Rec
Rutherford,Week1,Somerset-Olde Creek,Week1,244.0 Rutherford - 146.0 Somerset-Olde Creek
Sideburn Run,Week4,Holmes Run Acres,Week4,209.0 Sideburn Run - 193.0 Holmes Run Acres
Rutherford,Week5,Ravensworth Farm,Week2,260.0 Ravensworth Farm - 142.0 Rutherford
Sideburn Run,Week4,Holmes Run Acres,Week5,225.0 Holmes Run Acres - 177.0 Sideburn Run
Rutherford,Week4,Waynewood,Week3,307.0 Waynewood - 95.0 Rutherford
Shouse Village,Week4,Tuckahoe,Week2,305.0 Tuckahoe - 97.0 Shouse Village
Rutherford,Week5,Waynewood,Week5,305.0 Waynewood - 97.0 Rutherford
Rutherford,Week5,Ravensworth Farm,Week4,280.5 Ravensworth Farm - 121.5 Rutherford
Shouse Village,Week1,Tuckahoe,Week1,307.0 Tuckahoe - 95.0 Shouse Village
Rutherford,Week3,Ravensworth Farm,Week3,292.0 Ravensworth Farm - 109.0 Rutherford
Rutherford,Week1,Woodley,Week4,201.0 Rutherford - 201.0 Woodley
Rutherford,Week2,Somerset-Olde Creek,Week3,266.0 Rutherford - 131.0 Somerset-Olde Creek
Rutherford,Week5,Ravensworth Farm,Week5,307.0 Ravensworth Farm - 95.0 Rutherford
Rutherford,Week3,Ravensworth Farm,Week5,304.0 Ravensworth Farm - 98.0 Rutherford
Rutherford,Week1,Woodley,Week3,205.0 Woodley - 196.0 Rutherford
Rutherford,Week1,Riverside Gardens,Week1,327.0 Riverside Gardens - 75.0 Rutherford
Shouse Village,Week1,Tuckahoe,Week3,335.0 Tuckahoe - 67.0 Shouse Village
Sideburn Run,Week5,Holmes Run Acres,Week1,223.0 Sideburn Run - 179.0 Holmes Run Acres
Rutherford,Week3,Ravensworth Farm,Week4,291.0 Ravensworth Farm - 111.0 Rutherford
Shouse Village,Week4,Tuckahoe,Week3,332.0 Tuckahoe - 70.0 Shouse Village
Rutherford,Week1,Somerset-Olde Creek,Week4,231.0 Rutherford - 169.0 Somerset-Olde Creek
Shouse Village,Week2,Tuckahoe,Week2,333.0 Tuckahoe - 69.0 Shouse Village
Rutherford,Week2,Woodley,Week3,212.0 Rutherford - 190.0 Woodley
Rutherford,Week2,Somerset-Olde Creek,Week1,257.0 Rutherford - 139.0 Somerset-Olde Creek
Shouse Village,Week1,Tuckahoe,Week2,318.5 Tuckahoe - 83.5 Shouse Village
Sideburn Run,Week1,Holmes Run Acres,Week2,218.5 Sideburn Run - 178.5 Holmes Run Acres
Shouse Village,Week2,Annandale,Week2,251.0 Shouse Village - 151.0 Annandale
Sideburn Run,Week2,Holmes Run Acres,Week4,208.0 Holmes Run Acres - 194.0 Sideburn Run
Shouse Village,Week1,Tuckahoe,Week4,327.0 Tuckahoe - 75.0 Shouse Village
Rutherford,Week2,Woodley,Week2,217.0 Rutherford - 184.0 Woodley
Rutherford,Week2,Somerset-Olde Creek,Week5,232.0 Rutherford - 165.0 Somerset-Olde Creek
Sideburn Run,Week4,Holmes Run Acres,Week2,233.0 Sideburn Run - 169.0 Holmes Run Acres
Rutherford,Week2,Ravensworth Farm,Week3,315.0 Ravensworth Farm - 86.0 Rutherford
Rutherford,Week2,Somerset-Olde Creek,Week2,281.0 Rutherford - 119.0 Somerset-Olde Creek
Sideburn Run,Week5,Holmes Run Acres,Week5,207.0 Holmes Run Acres - 195.0 Sideburn Run
Rutherford,Week2,Somerset-Olde Creek,Week4,266.0 Rutherford - 134.0 Somerset-Olde Creek
Rutherford,Week1,Woodley,Week1,203.0 Woodley - 199.0 Rutherford
Shouse Village,Week3,Annandale,Week1,273.0 Shouse Village - 129.0 Annandale
Sideburn Run,Week5,Holmes Run Acres,Week4,226.0 Sideburn Run - 176.0 Holmes Run Acres
Shouse Village,Week3,Tuckahoe,Week3,332.0 Tuckahoe - 70.0 Shouse Village
Rutherford,Week5,Waynewood,Week3,302.5 Waynewood - 99.5 Rutherford
Rutherford,Week4,Ravensworth Farm,Week4,276.5 Ravensworth Farm - 125.5 Rutherford
Shouse Village,Week2,Tuckahoe,Week3,348.5 Tuckahoe - 53.5 Shouse Village
Rutherford,Week3,Waynewood,Week3,314.0 Waynewood - 88.0 Rutherford
Rutherford,Week2,Ravensworth Farm,Week2,273.0 Ravensworth Farm - 129.0 Rutherford
Rutherford,Week3,Woodley,Week5,217.0 Rutherford - 184.0 Woodley
Rutherford,Week1,Riverside Gardens,Week3,327.0 Riverside Gardens - 75.0 Rutherford
Shouse Village,Week1,Annandale,Week3,240.0 Shouse Village - 162.0 Annandale
Sideburn Run,Week3,Holmes Run Acres,Week4,213.0 Sideburn Run - 189.0 Holmes Run Acres
Rutherford,Week5,Woodley,Week2,244.0 Rutherford - 157.0 Woodley
Rutherford,Week1,Somerset-Olde Creek,Week2,271.0 Rutherford - 124.0 Somerset-Olde Creek
Shouse Village,Week2,Tuckahoe,Week4,346.0 Tuckahoe - 56.0 Shouse Village
Rutherford,Week1,Riverside Gardens,Week2,313.0 Riverside Gardens - 89.0 Rutherford
Rutherford,Week4,Ravensworth Farm,Week2,245.0 Ravensworth Farm - 157.0 Rutherford
Rutherford,Week3,Sleepy Hollow Rec,Week4,220.0 Rutherford - 182.0 Sleepy Hollow Rec
Sideburn Run,Week1,Holmes Run Acres,Week5,214.0 Holmes Run Acres - 188.0 Sideburn Run
Shouse Village,Week3,Tuckahoe,Week5,327.0 Tuckahoe - 75.0 Shouse Village
Rutherford,Week5,Sleepy Hollow Rec,Week1,217.0 Rutherford - 185.0 Sleepy Hollow Rec
Shouse Village,Week4,Tuckahoe,Week5,315.0 Tuckahoe - 87.0 Shouse Village
Rutherford,Week3,Somerset-Olde Creek,Week1,273.0 Rutherford - 126.0 Somerset-Olde Creek
Rutherford,Week2,Riverside Gardens,Week1,323.0 Riverside Gardens - 79.0 Rutherford
Sideburn Run,Week4,Holmes Run Acres,Week3,227.0 Holmes Run Acres - 175.0 Sideburn Run
Rutherford,Week3,Woodley,Week3,230.0 Rutherford - 172.0 Woodley
Shouse Village,Week4,Tuckahoe,Week4,325.0 Tuckahoe - 77.0 Shouse Village
Rutherford,Week3,Riverside Gardens,Week3,314.0 Riverside Gardens - 88.0 Rutherford
Shouse Village,Week2,Tuckahoe,Week1,319.0 Tuckahoe - 83.0 Shouse Village
Shouse Village,Week1,Tuckahoe,Week5,308.0 Tuckahoe - 94.0 Shouse Village
Rutherford,Week2,Riverside Gardens,Week4,331.0 Riverside Gardens - 71.0 Rutherford
Rutherford,Week4,Sleepy Hollow Rec,Week4,227.0 Rutherford - 175.0 Sleepy Hollow Rec
Shouse Village,Week3,Tuckahoe,Week1,310.0 Tuckahoe - 92.0 Shouse Village
Rutherford,Week4,Woodley,Week2,225.0 Rutherford - 177.0 Woodley
Shouse Village,Week5,Tuckahoe,Week3,314.0 Tuckahoe - 88.0 Shouse Village
Rutherford,Week4,Woodley,Week1,247.0 Rutherford - 155.0 Woodley
Rutherford,Week4,Sleepy Hollow Rec,Week5,205.0 Rutherford - 197.0 Sleepy Hollow Rec
Shouse Village,Week5,Annandale,Week2,280.0 Shouse Village - 121.0 Annandale
Shouse Village,Week2,Annandale,Week3,239.0 Shouse Village - 163.0 Annandale
Rutherford,Week3,Riverside Gardens,Week1,306.5 Riverside Gardens - 95.5 Rutherford
Shouse Village,Week3,Tuckahoe,Week2,313.0 Tuckahoe - 89.0 Shouse Village
Rutherford,Week3,Riverside Gardens,Week4,317.0 Riverside Gardens - 85.0 Rutherford
Shouse Village,Week2,Annandale,Week1,266.0 Shouse Village - 135.0 Annandale
Rutherford,Week3,Riverside Gardens,Week2,296.0 Riverside Gardens - 106.0 Rutherford
Shouse Village,Week5,Tuckahoe,Week2,295.0 Tuckahoe - 107.0 Shouse Village
Rutherford,Week3,Sleepy Hollow Rec,Week5,201.0 Rutherford - 201.0 Sleepy Hollow Rec
Rutherford,Week1,Somerset-Olde Creek,Week3,262.0 Rutherford - 137.0 Somerset-Olde Creek
Rutherford,Week4,Sleepy Hollow Rec,Week3,210.0 Sleepy Hollow Rec - 192.0 Rutherford
Shouse Village,Week1,Annandale,Week5,246.0 Shouse Village - 156.0 Annandale
Rutherford,Week4,Sleepy Hollow Rec,Week2,218.0 Rutherford - 184.0 Sleepy Hollow Rec
Rutherford,Week2,Riverside Gardens,Week2,311.0 Riverside Gardens - 91.0 Rutherford
Rutherford,Week3,Villa Aquatic,Week2,238.0 Villa Aquatic - 164.0 Rutherford
Rutherford,Week4,Woodley,Week5,228.0 Rutherford - 174.0 Woodley
Rutherford,Week2,Villa Aquatic,Week3,303.0 Villa Aquatic - 99.0 Rutherford
Shouse Village,Week5,Tuckahoe,Week5,304.0 Tuckahoe - 98.0 Shouse Village
Shouse Village,Week3,Annandale,Week3,261.0 Shouse Village - 141.0 Annandale
Rutherford,Week4,Villa Aquatic,Week1,232.0 Villa Aquatic - 170.0 Rutherford
Rutherford,Week5,Vienna Woods,Week1,337.0 Vienna Woods - 65.0 Rutherford
Shouse Village,Week1,Vienna Aquatic,Week2,274.5 Vienna Aquatic - 127.5 Shouse Village
Shouse Village,Week2,Annandale,Week5,251.0 Shouse Village - 151.0 Annandale
Rutherford,Week4,Villa Aquatic,Week4,261.0 Villa Aquatic - 141.0 Rutherford
Shouse Village,Week1,Vienna Aquatic,Week1,279.0 Vienna Aquatic - 123.0 Shouse Village
Rutherford,Week3,Riverside Gardens,Week5,313.0 Riverside Gardens - 89.0 Rutherford
Shouse Village,Week1,Annandale,Week2,241.0 Shouse Village - 161.0 Annandale
Rutherford,Week4,Riverside Gardens,Week3,316.0 Riverside Gardens - 86.0 Rutherford
Shouse Village,Week4,Annandale,Week4,296.0 Shouse Village - 106.0 Annandale
Rutherford,Week4,Riverside Gardens,Week1,311.0 Riverside Gardens - 91.0 Rutherford
Rutherford,Week4,Woodley,Week3,231.0 Rutherford - 171.0 Woodley
Shouse Village,Week5,Tuckahoe,Week1,280.0 Tuckahoe - 122.0 Shouse Village
Shouse Village,Week1,Vienna Aquatic,Week4,284.0 Vienna Aquatic - 118.0 Shouse Village
Rutherford,Week4,Riverside Gardens,Week4,322.0 Riverside Gardens - 80.0 Rutherford
Shouse Village,Week2,Vienna Aquatic,Week3,303.0 Vienna Aquatic - 99.0 Shouse Village
Rutherford,Week5,Villa Aquatic,Week1,252.0 Villa Aquatic - 150.0 Rutherford
Rutherford,Week5,Villa Aquatic,Week3,283.0 Villa Aquatic - 119.0 Rutherford
Rutherford,Week4,Riverside Gardens,Week2,294.0 Riverside Gardens - 108.0 Rutherford
Shouse Village,Week2,Tuckahoe,Week5,334.0 Tuckahoe - 68.0 Shouse Village
Rutherford,Week5,Villa Aquatic,Week5,277.0 Villa Aquatic - 125.0 Rutherford
Rutherford,Week2,Riverside Gardens,Week5,322.0 Riverside Gardens - 80.0 Rutherford
Rutherford,Week1,Village West,Week2,213.0 Village West - 188.0 Rutherford
Rutherford,Week5,Sleepy Hollow Rec,Week3,218.0 Sleepy Hollow Rec - 184.0 Rutherford
Shouse Village,Week5,Annandale,Week5,275.0 Shouse Village - 127.0 Annandale
Rutherford,Week3,Woodley,Week2,230.0 Rutherford - 171.0 Woodley
Rutherford,Week4,Riverside Gardens,Week5,317.0 Riverside Gardens - 85.0 Rutherford
Rutherford,Week5,Woodley,Week5,227.0 Rutherford - 174.0 Woodley
Shouse Village,Week2,Annandale,Week4,263.5 Shouse Village - 138.5 Annandale
Shouse Village,Week1,Vienna Woods,Week2,297.0 Vienna Woods - 105.0 Shouse Village
Rutherford,Week3,Woodley,Week4,227.0 Rutherford - 175.0 Woodley
Rutherford,Week5,Vienna Woods,Week2,330.0 Vienna Woods - 71.0 Rutherford
Rutherford,Week1,Villa Aquatic,Week3,310.0 Villa Aquatic - 92.0 Rutherford
Rutherford,Week5,Woodley,Week4,241.0 Rutherford - 161.0 Woodley
Shouse Village,Week2,Vienna Woods,Week3,303.0 Vienna Woods - 99.0 Shouse Village
Rutherford,Week5,Vienna Woods,Week5,354.0 Vienna Woods - 48.0 Rutherford
Rutherford,Week5,Vienna Woods,Week3,344.0 Vienna Woods - 58.0 Rutherford
Shouse Village,Week1,Annandale,Week1,270.0 Shouse Village - 132.0 Annandale
Rutherford,Week5,Villa Aquatic,Week2,249.0 Villa Aquatic - 153.0 Rutherford
Shouse Village,Week2,Vienna Aquatic,Week1,301.0 Vienna Aquatic - 101.0 Shouse Village
Rutherford,Week5,Riverside Gardens,Week1,303.0 Riverside Gardens - 99.0 Rutherford
Rutherford,Week3,Villa Aquatic,Week1,243.0 Villa Aquatic - 159.0 Rutherford
Shouse Village,Week2,Vienna Woods,Week4,296.0 Vienna Woods - 106.0 Shouse Village
Rutherford,Week5,Woodley,Week1,229.0 Rutherford - 173.0 Woodley
Shouse Village,Week5,Vienna Aquatic,Week2,251.0 Vienna Aquatic - 151.0 Shouse Village
Shouse Village,Week3,Vienna Aquatic,Week1,276.5 Vienna Aquatic - 125.5 Shouse Village
Rutherford,Week5,Woodley,Week3,228.0 Rutherford - 174.0 Woodley
Shouse Village,Week3,Vienna Woods,Week2,289.0 Vienna Woods - 113.0 Shouse Village
Shouse Village,Week3,Vienna Aquatic,Week4,274.0 Vienna Aquatic - 128.0 Shouse Village
Shouse Village,Week1,Annandale,Week4,261.0 Shouse Village - 141.0 Annandale
Rutherford,Week4,Woodley,Week4,244.0 Rutherford - 158.0 Woodley
Shouse Village,Week4,Vienna Aquatic,Week3,280.0 Vienna Aquatic - 122.0 Shouse Village
Rutherford,Week2,Villa Aquatic,Week1,262.0 Villa Aquatic - 140.0 Rutherford
Shouse Village,Week3,Annandale,Week4,281.0 Shouse Village - 121.0 Annandale
Rutherford,Week1,Villa Aquatic,Week5,303.0 Villa Aquatic - 99.0 Rutherford
Shouse Village,Week5,Vienna Aquatic,Week5,279.0 Vienna Aquatic - 123.0 Shouse Village
Shouse Village,Week4,Annandale,Week2,280.0 Shouse Village - 122.0 Annandale
Shouse Village,Week3,Vienna Aquatic,Week2,276.0 Vienna Aquatic - 126.0 Shouse Village
Shouse Village,Week4,Vienna Aquatic,Week5,288.0 Vienna Aquatic - 114.0 Shouse Village
Rutherford,Week3,Villa Aquatic,Week5,275.0 Villa Aquatic - 127.0 Rutherford
Rutherford,Week2,Villa Aquatic,Week4,284.0 Villa Aquatic - 118.0 Rutherford
Shouse Village,Week4,Annandale,Week3,283.0 Shouse Village - 119.0 Annandale
Rutherford,Week2,Mansion House,Week5,310.0 Mansion House - 92.0 Rutherford
Shouse Village,Week3,Annandale,Week5,269.0 Shouse Village - 133.0 Annandale
Shouse Village,Week1,Vienna Woods,Week3,310.0 Vienna Woods - 92.0 Shouse Village
Shouse Village,Week3,Vienna Aquatic,Week3,289.0 Vienna Aquatic - 113.0 Shouse Village
Rutherford,Week1,Villa Aquatic,Week1,267.0 Villa Aquatic - 135.0 Rutherford
Shouse Village,Week1,Vienna Woods,Week1,288.0 Vienna Woods - 114.0 Shouse Village
Shouse Village,Week4,Annandale,Week1,299.0 Shouse Village - 103.0 Annandale
Shouse Village,Week3,Annandale,Week2,270.0 Shouse Village - 132.0 Annandale
Rutherford,Week2,Villa Aquatic,Week2,265.0 Villa Aquatic - 137.0 Rutherford
Shouse Village,Week5,Vienna Aquatic,Week4,253.0 Vienna Aquatic - 149.0 Shouse Village
Rutherford,Week1,Villa Aquatic,Week2,280.0 Villa Aquatic - 122.0 Rutherford
Rutherford,Week2,Mantua,Week1,313.0 Mantua - 88.0 Rutherford
Rutherford,Week1,Villa Aquatic,Week4,288.0 Villa Aquatic - 114.0 Rutherford
Shouse Village,Week2,Vienna Aquatic,Week5,316.0 Vienna Aquatic - 85.0 Shouse Village
Shouse Village,Week1,Arlington Forest,Week3,206.0 Shouse Village - 196.0 Arlington Forest
Rutherford,Week3,Villa Aquatic,Week4,266.0 Villa Aquatic - 136.0 Rutherford
Rutherford,Week3,Mansion House,Week1,279.0 Mansion House - 123.0 Rutherford
Rutherford,Week1,Mantua,Week1,310.0 Mantua - 91.0 Rutherford
Rutherford,Week3,Mansion House,Week4,252.0 Mansion House - 150.0 Rutherford
Shouse Village,Week5,Annandale,Week4,282.0 Shouse Village - 119.0 Annandale
Shouse Village,Week2,Vienna Aquatic,Week2,288.0 Vienna Aquatic - 114.0 Shouse Village
Shouse Village,Week5,Annandale,Week3,279.0 Shouse Village - 123.0 Annandale
Rutherford,Week4,Mansion House,Week2,276.0 Mansion House - 126.0 Rutherford
Rutherford,Week2,Villa Aquatic,Week5,299.0 Villa Aquatic - 103.0 Rutherford
Rutherford,Week3,Villa Aquatic,Week3,284.0 Villa Aquatic - 118.0 Rutherford
Shouse Village,Week2,Vienna Aquatic,Week4,292.0 Vienna Aquatic - 110.0 Shouse Village
Rutherford,Week4,Vienna Woods,Week5,357.0 Vienna Woods - 45.0 Rutherford
Shouse Village,Week1,Arlington Forest,Week5,236.0 Arlington Forest - 166.0 Shouse Village
Rutherford,Week4,Mansion House,Week4,266.0 Mansion House - 136.0 Rutherford
Shouse Village,Week4,Vienna Aquatic,Week1,267.0 Vienna Aquatic - 135.0 Shouse Village
Shouse Village,Week5,Annandale,Week1,291.0 Shouse Village - 111.0 Annandale
Shouse Village,Week4,Vienna Aquatic,Week2,269.0 Vienna Aquatic - 133.0 Shouse Village
Shouse Village,Week4,Annandale,Week5,284.0 Shouse Village - 118.0 Annandale
Rutherford,Week4,Villa Aquatic,Week2,240.0 Villa Aquatic - 162.0 Rutherford
Shouse Village,Week2,Arlington Forest,Week3,205.0 Arlington Forest - 197.0 Shouse Village
Rutherford,Week5,Villa Aquatic,Week4,267.0 Villa Aquatic - 135.0 Rutherford
Rutherford,Week2,Village West,Week4,199.0 Rutherford - 197.0 Village West
Rutherford,Week5,Mansion House,Week2,274.0 Mansion House - 127.0 Rutherford
Rutherford,Week1,Mantua,Week4,336.0 Mantua - 66.0 Rutherford
Rutherford,Week4,Villa Aquatic,Week3,284.0 Villa Aquatic - 118.0 Rutherford
Rutherford,Week5,Vienna Woods,Week4,321.5 Vienna Woods - 80.5 Rutherford
Rutherford,Week3,Mansion House,Week2,261.0 Mansion House - 140.0 Rutherford
Shouse Village,Week3,Arlington Forest,Week2,209.0 Shouse Village - 193.0 Arlington Forest
Rutherford,Week1,Mantua,Week5,350.0 Mantua - 52.0 Rutherford
Sideburn Run,Week2,Fox Mill Woods,Week3,249.0 Fox Mill Woods - 153.0 Sideburn Run
Rutherford,Week5,Village West,Week5,212.0 Rutherford - 189.0 Village West
Shouse Village,Week5,Arlington Forest,Week4,212.0 Shouse Village - 190.0 Arlington Forest
Rutherford,Week1,Village West,Week3,230.0 Village West - 172.0 Rutherford
Shouse Village,Week3,Vienna Woods,Week1,286.0 Vienna Woods - 116.0 Shouse Village
Rutherford,Week3,Mansion House,Week5,300.0 Mansion House - 102.0 Rutherford
Shouse Village,Week2,Vienna Woods,Week2,295.0 Vienna Woods - 107.0 Shouse Village
Shouse Village,Week2,Vienna Woods,Week1,299.0 Vienna Woods - 103.0 Shouse Village
Rutherford,Week5,Mansion House,Week1,270.0 Mansion House - 132.0 Rutherford
Shouse Village,Week2,Vienna Woods,Week5,324.0 Vienna Woods - 78.0 Shouse Village
Shouse Village,Week1,Vienna Woods,Week5,314.0 Vienna Woods - 88.0 Shouse Village
Sideburn Run,Week4,Fox Mill Estates,Week3,242.0 Sideburn Run - 160.0 Fox Mill Estates
Shouse Village,Week4,Arlington Forest,Week1,201.0 Arlington Forest - 201.0 Shouse Village
Shouse Village,Week2,Arlington Forest,Week5,244.0 Arlington Forest - 158.0 Shouse Village
Rutherford,Week2,Mantua,Week4,328.0 Mantua - 74.0 Rutherford
Shouse Village,Week3,Vienna Aquatic,Week5,292.0 Vienna Aquatic - 110.0 Shouse Village
Sideburn Run,Week2,Fox Mill Estates,Week4,210.0 Sideburn Run - 192.0 Fox Mill Estates
Shouse Village,Week4,Vienna Woods,Week2,272.0 Vienna Woods - 130.0 Shouse Village
Shouse Village,Week5,Vienna Woods,Week3,279.0 Vienna Woods - 123.0 Shouse Village
Rutherford,Week3,Village West,Week2,205.0 Rutherford - 196.0 Village West
Shouse Village,Week5,Arlington Forest,Week5,208.0 Shouse Village - 194.0 Arlington Forest
Sideburn Run,Week3,Fox Mill Estates,Week1,254.0 Sideburn Run - 148.0 Fox Mill Estates
Rutherford,Week2,Mantua,Week3,337.5 Mantua - 64.5 Rutherford
Shouse Village,Week5,Vienna Aquatic,Week1,272.0 Vienna Aquatic - 130.0 Shouse Village
Sideburn Run,Week2,Fox Mill Estates,Week2,230.5 Sideburn Run - 171.5 Fox Mill Estates
Shouse Village,Week5,Arlington Forest,Week2,226.5 Shouse Village - 175.5 Arlington Forest
Rutherford,Week5,Mansion House,Week5,281.0 Mansion House - 121.0 Rutherford
Rutherford,Week4,Villa Aquatic,Week5,274.0 Villa Aquatic - 128.0 Rutherford
Shouse Village,Week1,Vienna Aquatic,Week5,293.0 Vienna Aquatic - 109.0 Shouse Village
Shouse Village,Week2,Arlington Forest,Week1,241.0 Arlington Forest - 161.0 Shouse Village
Rutherford,Week4,Village West,Week2,217.0 Rutherford - 185.0 Village West
Shouse Village,Week3,Arlington Forest,Week3,210.0 Shouse Village - 192.0 Arlington Forest
Sideburn Run,Week1,Fox Mill Woods,Week1,248.0 Fox Mill Woods - 154.0 Sideburn Run
Shouse Village,Week1,Arlington Forest,Week1,231.0 Arlington Forest - 171.0 Shouse Village
Rutherford,Week4,Mansion House,Week5,288.0 Mansion House - 114.0 Rutherford
Rutherford,Week3,Village West,Week1,212.0 Rutherford - 189.0 Village West
Shouse Village,Week1,Vienna Woods,Week4,285.0 Vienna Woods - 117.0 Shouse Village
Shouse Village,Week3,Arlington Forest,Week5,226.0 Arlington Forest - 176.0 Shouse Village
Shouse Village,Week5,Vienna Aquatic,Week3,261.0 Vienna Aquatic - 141.0 Shouse Village
Rutherford,Week1,Village West,Week1,202.0 Village West - 198.0 Rutherford
Shouse Village,Week3,Arlington Forest,Week1,215.0 Arlington Forest - 187.0 Shouse Village
Rutherford,Week1,Virginia Hills,Week3,272.0 Rutherford - 130.0 Virginia Hills
Rutherford,Week1,Mantua,Week3,347.0 Mantua - 55.0 Rutherford
Shouse Village,Week5,Arlington Forest,Week3,224.0 Shouse Village - 178.0 Arlington Forest
Rutherford,Week4,Mansion House,Week1,274.0 Mansion House - 128.0 Rutherford
Shouse Village,Week4,Vienna Aquatic,Week4,263.5 Vienna Aquatic - 138.5 Shouse Village
Rutherford,Week5,Mansion House,Week3,279.0 Mansion House - 123.0 Rutherford
Rutherford,Week3,Village West,Week4,203.0 Rutherford - 193.0 Village West
Shouse Village,Week4,Vienna Woods,Week3,282.0 Vienna Woods - 120.0 Shouse Village
Sideburn Run,Week3,Fox Mill Estates,Week3,234.0 Sideburn Run - 168.0 Fox Mill Estates
Shouse Village,Week3,Villa Aquatic,Week5,209.0 Villa Aquatic - 193.0 Shouse Village
Shouse Village,Week3,Villa Aquatic,Week1,223.5 Shouse Village - 178.5 Villa Aquatic
Rutherford,Week3,Mansion House,Week3,287.0 Mansion House - 115.0 Rutherford
Sideburn Run,Week4,Fox Mill Estates,Week5,222.5 Sideburn Run - 179.5 Fox Mill Estates
Rutherford,Week4,Village West,Week4,214.0 Rutherford - 183.0 Village West
Rutherford,Week5,Mansion House,Week4,254.0 Mansion House - 143.0 Rutherford
Shouse Village,Week2,Arlington Forest,Week2,212.0 Arlington Forest - 190.0 Shouse Village
Shouse Village,Week4,Arlington Forest,Week3,244.0 Shouse Village - 158.0 Arlington Forest
Rutherford,Week4,Mansion House,Week3,284.0 Mansion House - 118.0 Rutherford
Shouse Village,Week4,Villa Aquatic,Week4,211.0 Shouse Village - 191.0 Villa Aquatic
Sideburn Run,Week2,Fox Mill Estates,Week1,237.0 Sideburn Run - 165.0 Fox Mill Estates
Rutherford,Week5,Village West,Week4,200.0 Village West - 196.0 Rutherford
Sideburn Run,Week1,Fox Mill Woods,Week4,225.0 Fox Mill Woods - 177.0 Sideburn Run
Shouse Village,Week4,Arlington Forest,Week4,213.0 Shouse Village - 189.0 Arlington Forest
Rutherford,Week5,Village West,Week3,210.0 Village West - 192.0 Rutherford
Rutherford,Week5,Village West,Week2,207.0 Rutherford - 194.0 Village West
Shouse Village,Week3,Vienna Woods,Week3,297.0 Vienna Woods - 105.0 Shouse Village
Rutherford,Week2,Mantua,Week5,328.0 Mantua - 74.0 Rutherford
Shouse Village,Week3,Vienna Woods,Week4,287.0 Vienna Woods - 115.0 Shouse Village
Rutherford,Week2,Virginia Hills,Week1,302.0 Rutherford - 99.0 Virginia Hills
Sideburn Run,Week5,Fox Mill Estates,Week4,230.0 Sideburn Run - 172.0 Fox Mill Estates
Rutherford,Week3,Village West,Week5,202.0 Village West - 199.0 Rutherford
Sideburn Run,Week2,Fox Mill Estates,Week5,220.0 Sideburn Run - 182.0 Fox Mill Estates
Shouse Village,Week4,Vienna Woods,Week5,294.0 Vienna Woods - 108.0 Shouse Village
Shouse Village,Week3,Arlington Forest,Week4,225.0 Arlington Forest - 177.0 Shouse Village
Shouse Village,Week5,Arlington Forest,Week1,211.0 Shouse Village - 191.0 Arlington Forest
Shouse Village,Week4,Arlington Forest,Week2,232.0 Shouse Village - 170.0 Arlington Forest
Rutherford,Week2,Village West,Week3,234.0 Village West - 168.0 Rutherford
Rutherford,Week1,Virginia Hills,Week5,259.0 Rutherford - 143.0 Virginia Hills
Shouse Village,Week4,Arlington Forest,Week5,202.0 Shouse Village - 200.0 Arlington Forest
Rutherford,Week2,Mantua,Week2,308.0 Mantua - 94.0 Rutherford
Sideburn Run,Week3,Fox Mill Estates,Week5,227.0 Sideburn Run - 175.0 Fox Mill Estates
Sideburn Run,Week5,Fox Mill Estates,Week2,251.0 Sideburn Run - 151.0 Fox Mill Estates
Rutherford,Week1,Mantua,Week2,319.0 Mantua - 82.0 Rutherford
Shouse Village,Week2,Arlington Forest,Week4,242.0 Arlington Forest - 160.0 Shouse Village
Shouse Village,Week1,Arlington Forest,Week4,229.0 Arlington Forest - 173.0 Shouse Village
Sideburn Run,Week4,Fox Mill Estates,Week4,215.0 Sideburn Run - 187.0 Fox Mill Estates
Shouse Village,Week4,Villa Aquatic,Week3,209.0 Shouse Village - 193.0 Villa Aquatic
Shouse Village,Week2,Villa Aquatic,Week1,211.0 Villa Aquatic - 191.0 Shouse Village
Shouse Village,Week2,Brandywine,Week3,224.0 Brandywine - 178.0 Shouse Village
Shouse Village,Week2,Brandywine,Week5,245.0 Brandywine - 157.0 Shouse Village
Shouse Village,Week4,Villa Aquatic,Week2,236.0 Shouse Village - 166.0 Villa Aquatic
Shouse Village,Week1,Villa Aquatic,Week2,215.0 Shouse Village - 187.0 Villa Aquatic
Shouse Village,Week5,Vienna Woods,Week1,264.0 Vienna Woods - 138.0 Shouse Village
Shouse Village,Week4,Vienna Woods,Week1,271.0 Vienna Woods - 131.0 Shouse Village
Shouse Village,Week2,Brandywine,Week2,204.0 Shouse Village - 198.0 Brandywine
Shouse Village,Week4,Brandywine,Week1,210.0 Shouse Village - 192.0 Brandywine
Shouse Village,Week5,Brandywine,Week1,225.0 Shouse Village - 177.0 Brandywine
Rutherford,Week2,Village West,Week2,216.0 Village West - 185.0 Rutherford
Rutherford,Week5,Village West,Week1,222.0 Rutherford - 179.0 Village West
Sideburn Run,Week1,Fox Mill Woods,Week3,232.0 Fox Mill Woods - 170.0 Sideburn Run
Shouse Village,Week1,Arlington Forest,Week2,214.0 Arlington Forest - 188.0 Shouse Village
Sideburn Run,Week2,Fox Mill Estates,Week3,229.0 Sideburn Run - 173.0 Fox Mill Estates
Rutherford,Week2,Village West,Week1,203.0 Rutherford - 198.0 Village West
Sideburn Run,Week5,Fox Mill Estates,Week5,233.0 Sideburn Run - 169.0 Fox Mill Estates
Sideburn Run,Week3,Fox Mill Estates,Week2,244.0 Sideburn Run - 158.0 Fox Mill Estates
Shouse Village,Week2,Villa Aquatic,Week2,219.0 Villa Aquatic - 183.0 Shouse Village
Sideburn Run,Week1,Fox Mill Woods,Week5,237.0 Fox Mill Woods - 165.0 Sideburn Run
Shouse Village,Week1,Villa Aquatic,Week1,218.0 Shouse Village - 184.0 Villa Aquatic
Rutherford,Week1,Virginia Hills,Week2,289.0 Rutherford - 106.0 Virginia Hills
Rutherford,Week2,Village West,Week5,216.0 Village West - 185.0 Rutherford
Rutherford,Week1,Virginia Hills,Week4,264.0 Rutherford - 137.0 Virginia Hills
Shouse Village,Week4,Brandywine,Week3,207.0 Brandywine - 194.0 Shouse Village
Sideburn Run,Week2,Fox Mill Woods,Week1,252.0 Fox Mill Woods - 150.0 Sideburn Run
Shouse Village,Week3,Villa Aquatic,Week4,207.0 Shouse Village - 195.0 Villa Aquatic
Rutherford,Week3,Village West,Week3,212.0 Village West - 190.0 Rutherford
Shouse Village,Week5,Vienna Woods,Week4,269.0 Vienna Woods - 133.0 Shouse Village
Shouse Village,Week3,Villa Aquatic,Week3,207.0 Villa Aquatic - 195.0 Shouse Village
Sideburn Run,Week4,Fox Mill Estates,Week2,248.0 Sideburn Run - 154.0 Fox Mill Estates
Shouse Village,Week1,Brandywine,Week5,233.0 Brandywine - 169.0 Shouse Village
Shouse Village,Week2,Brandywine,Week4,236.0 Brandywine - 166.0 Shouse Village
Rutherford,Week1,Village West,Week5,211.0 Village West - 190.0 Rutherford
Shouse Village,Week1,Villa Aquatic,Week3,220.0 Villa Aquatic - 182.0 Shouse Village
Sideburn Run,Week5,Fox Mill Estates,Week1,258.0 Sideburn Run - 144.0 Fox Mill Estates
Sideburn Run,Week3,Fox Mill Estates,Week4,219.0 Sideburn Run - 183.0 Fox Mill Estates
Sideburn Run,Week1,Great Falls,Week3,205.0 Sideburn Run - 197.0 Great Falls
Sideburn Run,Week1,Fox Mill Woods,Week2,245.0 Fox Mill Woods - 157.0 Sideburn Run
Rutherford,Week2,Virginia Hills,Week2,304.0 Rutherford - 96.0 Virginia Hills
Rutherford,Week4,Village West,Week5,208.0 Rutherford - 194.0 Village West
Rutherford,Week1,Virginia Hills,Week1,284.0 Rutherford - 117.0 Virginia Hills
Sideburn Run,Week5,Fox Mill Estates,Week3,247.0 Sideburn Run - 155.0 Fox Mill Estates
Shouse Village,Week5,Vienna Woods,Week2,265.5 Vienna Woods - 136.5 Shouse Village
Sideburn Run,Week4,Fox Mill Estates,Week1,252.0 Sideburn Run - 150.0 Fox Mill Estates
Shouse Village,Week3,Vienna Woods,Week5,318.0 Vienna Woods - 84.0 Shouse Village
Rutherford,Week1,Village West,Week4,212.0 Village West - 184.0 Rutherford
Shouse Village,Week3,Brandywine,Week2,226.0 Shouse Village - 176.0 Brandywine
Shouse Village,Week5,Brandywine,Week2,222.0 Shouse Village - 180.0 Brandywine
Shouse Village,Week4,Brandywine,Week2,217.0 Shouse Village - 185.0 Brandywine
Shouse Village,Week1,Brandywine,Week1,209.0 Brandywine - 193.0 Shouse Village
Rutherford,Week4,Village West,Week3,211.0 Village West - 191.0 Rutherford
Shouse Village,Week2,Villa Aquatic,Week3,238.0 Villa Aquatic - 164.0 Shouse Village
Rutherford,Week4,Village West,Week1,217.0 Rutherford - 185.0 Village West
Shouse Village,Week1,Villa Aquatic,Week4,222.0 Villa Aquatic - 180.0 Shouse Village
Shouse Village,Week4,Brandywine,Week5,217.0 Brandywine - 185.0 Shouse Village
Shouse Village,Week2,Villa Aquatic,Week4,233.5 Villa Aquatic - 168.5 Shouse Village
Sideburn Run,Week2,Fox Mill Woods,Week2,257.0 Fox Mill Woods - 145.0 Sideburn Run
Rutherford,Week4,Sully Station,Week1,300.0 Sully Station - 101.0 Rutherford
Shouse Village,Week4,Brandywine,Week4,205.0 Shouse Village - 197.0 Brandywine
Shouse Village,Week3,Brandywine,Week5,215.0 Brandywine - 187.0 Shouse Village
Sideburn Run,Week3,Great Falls,Week4,232.0 Sideburn Run - 170.0 Great Falls
Sideburn Run,Week2,Great Falls,Week5,210.0 Great Falls - 192.0 Sideburn Run
Rutherford,Week2,Virginia Hills,Week3,296.0 Rutherford - 106.0 Virginia Hills
Shouse Village,Week2,Villa Aquatic,Week5,234.0 Villa Aquatic - 168.0 Shouse Village
Rutherford,Week1,Sully Station,Week1,315.0 Sully Station - 86.0 Rutherford
Shouse Village,Week1,Brandywine,Week2,203.0 Brandywine - 199.0 Shouse Village
Rutherford,Week2,Sully Station,Week3,307.0 Sully Station - 95.0 Rutherford
Shouse Village,Week4,Vienna Woods,Week4,271.0 Vienna Woods - 131.0 Shouse Village
Sideburn Run,Week3,Fox Mill Woods,Week5,259.0 Fox Mill Woods - 143.0 Sideburn Run
Sideburn Run,Week2,Great Falls,Week3,210.0 Great Falls - 192.0 Sideburn Run
Shouse Village,Week1,Brandywine,Week3,219.0 Brandywine - 182.0 Shouse Village
Shouse Village,Week5,Vienna Woods,Week5,287.0 Vienna Woods - 115.0 Shouse Village
Sideburn Run,Week3,Great Falls,Week2,230.0 Sideburn Run - 154.0 Great Falls
Shouse Village,Week1,Villa Aquatic,Week5,226.0 Villa Aquatic - 176.0 Shouse Village
Rutherford,Week4,Stratford,Week5,202.0 Rutherford - 199.0 Stratford
Shouse Village,Week5,Brandywine,Week3,212.0 Shouse Village - 190.0 Brandywine
Shouse Village,Week3,Villa Aquatic,Week2,216.0 Shouse Village - 186.0 Villa Aquatic
Sideburn Run,Week3,Fox Mill Woods,Week1,249.0 Fox Mill Woods - 153.0 Sideburn Run
Shouse Village,Week3,Village West,Week3,244.5 Shouse Village - 157.5 Village West
Shouse Village,Week1,Village West,Week1,252.0 Shouse Village - 150.0 Village West
Rutherford,Week5,Stratford,Week3,205.0 Rutherford - 197.0 Stratford
Sideburn Run,Week1,Great Falls,Week4,221.0 Sideburn Run - 175.0 Great Falls
Rutherford,Week4,Sully Station,Week4,304.0 Sully Station - 98.0 Rutherford
Shouse Village,Week5,Village West,Week3,270.0 Shouse Village - 132.0 Village West
Rutherford,Week1,Sully Station,Week4,322.0 Sully Station - 80.0 Rutherford
Shouse Village,Week1,Brandywine,Week4,224.0 Brandywine - 178.0 Shouse Village
Shouse Village,Week2,Brandywine,Week1,213.0 Brandywine - 189.0 Shouse Village
Shouse Village,Week1,Village West,Week4,245.0 Shouse Village - 152.0 Village West
Rutherford,Week1,Sully Station II,Week3,337.0 Sully Station II - 65.0 Rutherford
Sideburn Run,Week4,Great Falls,Week1,237.0 Sideburn Run - 165.0 Great Falls
Shouse Village,Week3,Brandywine,Week1,207.0 Shouse Village - 195.0 Brandywine
Sideburn Run,Week4,Fox Mill Woods,Week3,256.0 Fox Mill Woods - 146.0 Sideburn Run
Rutherford,Week1,Sully Station II,Week1,307.0 Sully Station II - 95.0 Rutherford
Shouse Village,Week3,Brandywine,Week3,203.0 Shouse Village - 199.0 Brandywine
Rutherford,Week5,Sully Station,Week3,289.0 Sully Station - 113.0 Rutherford
Sideburn Run,Week3,Fox Mill Woods,Week3,237.0 Fox Mill Woods - 165.0 Sideburn Run
Shouse Village,Week4,Villa Aquatic,Week1,245.0 Shouse Village - 157.0 Villa Aquatic
Shouse Village,Week5,Villa Aquatic,Week5,206.0 Shouse Village - 196.0 Villa Aquatic
Sideburn Run,Week4,Fox Mill Woods,Week4,244.0 Fox Mill Woods - 158.0 Sideburn Run
Shouse Village,Week3,Brandywine,Week4,210.0 Brandywine - 192.0 Shouse Village
Shouse Village,Week3,Hunter Mill,Week4,259.0 Hunter Mill - 143.0 Shouse Village
Sideburn Run,Week2,Fox Mill Woods,Week4,259.0 Fox Mill Woods - 143.0 Sideburn Run
Sideburn Run,Week5,Fox Mill Woods,Week2,246.0 Fox Mill Woods - 156.0 Sideburn Run
Shouse Village,Week3,Hunter Mill,Week1,246.0 Hunter Mill - 156.0 Shouse Village
Shouse Village,Week2,Village West,Week1,246.0 Shouse Village - 156.0 Village West
Rutherford,Week1,Sully Station,Week5,327.0 Sully Station - 74.0 Rutherford
Shouse Village,Week4,Hunter Mill,Week2,227.0 Hunter Mill - 174.0 Shouse Village
Shouse Village,Week2,Village West,Week3,218.0 Shouse Village - 184.0 Village West
Rutherford,Week4,Stratford,Week4,207.0 Stratford - 195.0 Rutherford
Sideburn Run,Week2,Great Falls,Week1,234.0 Sideburn Run - 168.0 Great Falls
Shouse Village,Week5,Villa Aquatic,Week2,232.0 Shouse Village - 170.0 Villa Aquatic
Shouse Village,Week3,Village West,Week5,261.0 Shouse Village - 141.0 Village West
Sideburn Run,Week1,Great Falls,Week1,236.0 Sideburn Run - 160.0 Great Falls
Sideburn Run,Week5,Fox Mill Woods,Week3,246.0 Fox Mill Woods - 156.0 Sideburn Run
Sideburn Run,Week2,Fox Mill Woods,Week5,267.0 Fox Mill Woods - 135.0 Sideburn Run
Shouse Village,Week4,Villa Aquatic,Week5,205.0 Villa Aquatic - 197.0 Shouse Village
Shouse Village,Week4,Village West,Week2,278.0 Shouse Village - 124.0 Village West
Shouse Village,Week5,Hunter Mill,Week2,216.0 Hunter Mill - 186.0 Shouse Village
Shouse Village,Week2,Village West,Week4,235.0 Shouse Village - 162.0 Village West
Rutherford,Week2,Sully Station,Week5,318.0 Sully Station - 84.0 Rutherford
Sideburn Run,Week1,Great Falls,Week2,212.0 Sideburn Run - 172.0 Great Falls
Shouse Village,Week3,Hunter Mill,Week2,228.0 Hunter Mill - 174.0 Shouse Village
Sideburn Run,Week3,Fox Mill Woods,Week2,244.0 Fox Mill Woods - 158.0 Sideburn Run
Shouse Village,Week2,Village West,Week5,238.0 Shouse Village - 164.0 Village West
Rutherford,Week3,Sully Station,Week4,313.0 Sully Station - 89.0 Rutherford
Rutherford,Week5,Stratford,Week2,212.0 Rutherford - 190.0 Stratford
Rutherford,Week5,Stratford,Week1,218.0 Rutherford - 183.0 Stratford
Shouse Village,Week1,Village West,Week2,252.0 Shouse Village - 150.0 Village West
Shouse Village,Week5,Villa Aquatic,Week1,245.0 Shouse Village - 157.0 Villa Aquatic
Sideburn Run,Week5,Fox Mill Woods,Week1,242.0 Fox Mill Woods - 160.0 Sideburn Run
Shouse Village,Week1,Village West,Week3,245.0 Shouse Village - 157.0 Village West
Rutherford,Week3,Sully Station,Week2,294.0 Sully Station - 108.0 Rutherford
Shouse Village,Week5,Villa Aquatic,Week3,205.0 Shouse Village - 197.0 Villa Aquatic
Rutherford,Week3,Sully Station,Week1,308.5 Sully Station - 93.5 Rutherford
Rutherford,Week5,Stratford,Week5,211.0 Stratford - 191.0 Rutherford
Sideburn Run,Week4,Fox Mill Woods,Week1,249.0 Fox Mill Woods - 153.0 Sideburn Run
Rutherford,Week3,Sully Station,Week3,302.0 Sully Station - 100.0 Rutherford
Sideburn Run,Week1,Great Falls,Week5,206.0 Great Falls - 195.0 Sideburn Run
Rutherford,Week2,Sully Station,Week1,308.0 Sully Station - 94.0 Rutherford
Shouse Village,Week4,Village West,Week4,278.0 Shouse Village - 119.0 Village West
Sideburn Run,Week5,Fox Mill Woods,Week4,241.0 Fox Mill Woods - 161.0 Sideburn Run
Shouse Village,Week5,Hunter Mill,Week1,213.0 Hunter Mill - 189.0 Shouse Village
Sideburn Run,Week4,Fox Mill Woods,Week2,252.0 Fox Mill Woods - 150.0 Sideburn Run
Shouse Village,Week3,Ilda Community,Week2,265.0 Shouse Village - 137.0 Ilda Community
Sideburn Run,Week5,Fox Mill Woods,Week5,251.0 Fox Mill Woods - 151.0 Sideburn Run
Rutherford,Week4,Sully Station,Week5,319.0 Sully Station - 83.0 Rutherford
Rutherford,Week1,Sully Station,Week3,318.0 Sully Station - 84.0 Rutherford
Shouse Village,Week3,Village West,Week4,258.0 Shouse Village - 139.0 Village West
Sideburn Run,Week4,Fox Mill Woods,Week5,260.0 Fox Mill Woods - 142.0 Sideburn Run
Rutherford,Week5,Stratford,Week4,216.0 Stratford - 186.0 Rutherford
Rutherford,Week2,Sully Station,Week4,320.0 Sully Station - 82.0 Rutherford
Shouse Village,Week1,Village West,Week5,256.0 Shouse Village - 146.0 Village West
Shouse Village,Week4,Hunter Mill,Week4,231.0 Hunter Mill - 170.0 Shouse Village
Rutherford,Week1,Sully Station,Week2,313.0 Sully Station - 89.0 Rutherford
Shouse Village,Week4,Hunter Mill,Week3,237.5 Hunter Mill - 164.5 Shouse Village
Sideburn Run,Week3,Fox Mill Woods,Week4,245.0 Fox Mill Woods - 157.0 Sideburn Run
Shouse Village,Week4,Village West,Week1,274.0 Shouse Village - 127.0 Village West
Shouse Village,Week4,Village West,Week5,285.0 Shouse Village - 117.0 Village West
Rutherford,Week2,Sully Station,Week2,303.0 Sully Station - 99.0 Rutherford
Sideburn Run,Week3,Great Falls,Week3,216.0 Sideburn Run - 186.0 Great Falls
Sideburn Run,Week2,Great Falls,Week2,205.0 Sideburn Run - 179.0 Great Falls
Rutherford,Week3,Sully Station,Week5,313.0 Sully Station - 89.0 Rutherford
Shouse Village,Week2,Ilda Community,Week1,239.0 Shouse Village - 162.0 Ilda Community
Shouse Village,Week5,Hunter Mill,Week4,225.0 Hunter Mill - 177.0 Shouse Village
Shouse Village,Week3,Village West,Week1,250.0 Shouse Village - 152.0 Village West
Shouse Village,Week5,Hunter Mill,Week5,227.0 Hunter Mill - 175.0 Shouse Village
Sideburn Run,Week3,Great Falls,Week1,243.0 Sideburn Run - 159.0 Great Falls
Sideburn Run,Week2,Great Falls,Week4,212.0 Sideburn Run - 190.0 Great Falls
Shouse Village,Week1,Ilda Community,Week5,238.0 Shouse Village - 164.0 Ilda Community
Rutherford,Week4,Sully Station,Week2,287.0 Sully Station - 115.0 Rutherford
Shouse Village,Week5,Villa Aquatic,Week4,220.5 Shouse Village - 181.5 Villa Aquatic
Shouse Village,Week2,Ilda Community,Week2,245.0 Shouse Village - 157.0 Ilda Community
Sideburn Run,Week3,Great Falls,Week5,210.0 Sideburn Run - 192.0 Great Falls
Rutherford,Week4,Sully Station,Week3,288.0 Sully Station - 114.0 Rutherford
Shouse Village,Week3,Village West,Week2,269.0 Shouse Village - 133.0 Village West
Rutherford,Week5,Sully Station,Week1,296.0 Sully Station - 106.0 Rutherford
Sideburn Run,Week4,Great Falls,Week3,215.0 Sideburn Run - 187.0 Great Falls
Shouse Village,Week4,Village West,Week3,272.0 Shouse Village - 130.0 Village West
Sideburn Run,Week1,Greenbriar,Week2,224.5 Greenbriar - 177.5 Sideburn Run
Rutherford,Week5,Sully Station,Week5,312.0 Sully Station - 90.0 Rutherford
Shouse Village,Week5,Hunter Mill,Week3,216.0 Hunter Mill - 186.0 Shouse Village
Sideburn Run,Week4,Great Falls,Week4,215.0 Sideburn Run - 187.0 Great Falls
Shouse Village,Week2,Village West,Week2,240.0 Shouse Village - 162.0 Village West
Shouse Village,Week5,Village West,Week5,275.0 Shouse Village - 127.0 Village West
Shouse Village,Week5,Village West,Week1,284.0 Shouse Village - 118.0 Village West
Shouse Village,Week4,Hunter Mill,Week5,248.0 Hunter Mill - 154.0 Shouse Village
Rutherford,Week1,Sully Station II,Week2,325.0 Sully Station II - 77.0 Rutherford
Sideburn Run,Week4,Great Falls,Week2,226.0 Sideburn Run - 158.0 Great Falls
Rutherford,Week5,Sully Station,Week2,292.0 Sully Station - 110.0 Rutherford
Rutherford,Week4,Sully Station II,Week5,324.0 Sully Station II - 78.0 Rutherford
Shouse Village,Week5,Village West,Week4,270.0 Shouse Village - 127.0 Village West
Shouse Village,Week5,Village West,Week2,280.0 Shouse Village - 121.0 Village West
Shouse Village,Week1,Ilda Community,Week1,256.5 Shouse Village - 145.5 Ilda Community
Sideburn Run,Week5,Great Falls,Week4,237.0 Sideburn Run - 165.0 Great Falls
Sideburn Run,Week5,Greenbriar,Week3,202.0 Sideburn Run - 200.0 Greenbriar
Rutherford,Week1,Truro,Week4,255.0 Truro - 147.0 Rutherford
Shouse Village,Week3,Hunter Mill,Week5,261.0 Hunter Mill - 141.0 Shouse Village
Shouse Village,Week1,Ilda Community,Week2,251.0 Shouse Village - 151.0 Ilda Community
Rutherford,Week5,Sully Station,Week4,305.0 Sully Station - 97.0 Rutherford
Shouse Village,Week3,Hunter Mill,Week3,240.0 Hunter Mill - 162.0 Shouse Village
Shouse Village,Week1,Virginia Hills,Week1,324.0 Shouse Village - 77.0 Virginia Hills
Rutherford,Week3,Sully Station II,Week1,283.0 Sully Station II - 119.0 Rutherford
Shouse Village,Week1,Virginia Run,Week4,241.0 Virginia Run - 161.0 Shouse Village
Sideburn Run,Week4,Greenbriar,Week3,209.0 Greenbriar - 193.0 Sideburn Run
Rutherford,Week3,Sully Station II,Week4,287.0 Sully Station II - 115.0 Rutherford
Sideburn Run,Week1,Greenbriar,Week3,202.0 Greenbriar - 200.0 Sideburn Run
Rutherford,Week3,Sully Station II,Week3,309.0 Sully Station II - 93.0 Rutherford
Sideburn Run,Week1,Greenbriar,Week1,211.0 Greenbriar - 191.0 Sideburn Run
Shouse Village,Week5,Virginia Hills,Week5,322.0 Shouse Village - 80.0 Virginia Hills
Rutherford,Week1,Truro,Week5,233.0 Truro - 167.0 Rutherford
Shouse Village,Week2,Virginia Run,Week1,257.0 Virginia Run - 145.0 Shouse Village
Rutherford,Week3,Sully Station II,Week5,329.0 Sully Station II - 73.0 Rutherford
Sideburn Run,Week4,Greenbriar,Week2,227.0 Greenbriar - 175.0 Sideburn Run
Shouse Village,Week1,Ilda Community,Week4,232.0 Shouse Village - 170.0 Ilda Community
Sideburn Run,Week5,Great Falls,Week3,224.0 Sideburn Run - 178.0 Great Falls
Sideburn Run,Week2,Greenbriar,Week3,227.0 Greenbriar - 175.0 Sideburn Run
Shouse Village,Week3,Virginia Run,Week4,229.0 Virginia Run - 173.0 Shouse Village
Shouse Village,Week4,Ilda Community,Week3,271.0 Shouse Village - 130.0 Ilda Community
Shouse Village,Week3,Ilda Community,Week3,270.0 Shouse Village - 132.0 Ilda Community
Rutherford,Week4,Sully Station II,Week2,300.0 Sully Station II - 102.0 Rutherford
Shouse Village,Week2,Virginia Hills,Week2,317.0 Shouse Village - 84.0 Virginia Hills
Sideburn Run,Week2,Greenbriar,Week2,242.0 Greenbriar - 160.0 Sideburn Run
Shouse Village,Week1,Virginia Run,Week2,212.0 Virginia Run - 190.0 Shouse Village
Sideburn Run,Week3,Greenbriar,Week4,217.0 Sideburn Run - 185.0 Greenbriar
Shouse Village,Week4,Hunter Mill,Week1,227.0 Hunter Mill - 175.0 Shouse Village
Shouse Village,Week1,Virginia Run,Week1,237.0 Virginia Run - 165.0 Shouse Village
Sideburn Run,Week3,Greenbriar,Week1,211.0 Greenbriar - 191.0 Sideburn Run
Shouse Village,Week2,Hunter Mill,Week5,259.0 Hunter Mill - 143.0 Shouse Village
Shouse Village,Week2,Ilda Community,Week4,226.0 Shouse Village - 176.0 Ilda Community
Rutherford,Week1,Sully Station II,Week5,344.0 Sully Station II - 58.0 Rutherford
Shouse Village,Week4,Ilda Community,Week1,272.0 Shouse Village - 126.0 Ilda Community
Shouse Village,Week2,Ilda Community,Week5,237.0 Shouse Village - 164.0 Ilda Community
Shouse Village,Week2,Ilda Community,Week3,249.0 Shouse Village - 153.0 Ilda Community
Sideburn Run,Week5,Great Falls,Week1,241.0 Sideburn Run - 161.0 Great Falls
Rutherford,Week2,Sully Station II,Week5,339.0 Sully Station II - 63.0 Rutherford
Rutherford,Week5,Sully Station II,Week5,324.0 Sully Station II - 78.0 Rutherford
Rutherford,Week4,Lincolnia Park,Week4,295.0 Rutherford - 106.0 Lincolnia Park
Rutherford,Week1,Truro,Week3,223.0 Truro - 179.0 Rutherford
Rutherford,Week5,Lincolnia Park,Week3,256.0 Rutherford - 135.0 Lincolnia Park
Sideburn Run,Week1,Greenbriar,Week4,210.0 Sideburn Run - 192.0 Greenbriar
Rutherford,Week2,Lincolnia Park,Week3,236.0 Rutherford - 156.0 Lincolnia Park
Rutherford,Week1,Lincolnia Park,Week5,213.5 Rutherford - 174.5 Lincolnia Park
Sideburn Run,Week2,Greenbriar,Week1,223.0 Greenbriar - 179.0 Sideburn Run
Shouse Village,Week5,Virginia Hills,Week3,332.0 Shouse Village - 70.0 Virginia Hills
Shouse Village,Week2,Kent Gardens,Week1,228.0 Kent Gardens - 174.0 Shouse Village
Sideburn Run,Week4,Great Falls,Week5,202.0 Sideburn Run - 199.0 Great Falls
Shouse Village,Week1,Virginia Hills,Week4,329.0 Shouse Village - 72.0 Virginia Hills
Shouse Village,Week3,Ilda Community,Week1,272.0 Shouse Village - 130.0 Ilda Community
Rutherford,Week1,Truro,Week1,244.0 Truro - 157.0 Rutherford
Shouse Village,Week1,Kent Gardens,Week5,234.0 Kent Gardens - 168.0 Shouse Village
Shouse Village,Week4,Virginia Hills,Week5,327.0 Shouse Village - 75.0 Virginia Hills
Shouse Village,Week1,Ilda Community,Week3,252.0 Shouse Village - 150.0 Ilda Community
Shouse Village,Week3,Virginia Hills,Week5,322.0 Shouse Village - 80.0 Virginia Hills
Shouse Village,Week4,Virginia Hills,Week1,331.0 Shouse Village - 71.0 Virginia Hills
Shouse Village,Week1,Virginia Hills,Week2,325.0 Shouse Village - 76.0 Virginia Hills
Rutherford,Week2,Truro,Week2,220.0 Truro - 180.0 Rutherford
Rutherford,Week1,Sully Station II,Week4,318.0 Sully Station II - 84.0 Rutherford
Shouse Village,Week5,Ilda Community,Week4,247.0 Shouse Village - 155.0 Ilda Community
Shouse Village,Week4,Kent Gardens,Week1,216.0 Shouse Village - 186.0 Kent Gardens
Rutherford,Week5,Lincolnia Park,Week4,296.0 Rutherford - 104.0 Lincolnia Park
Rutherford,Week3,Sully Station II,Week2,308.0 Sully Station II - 94.0 Rutherford
Shouse Village,Week3,Virginia Hills,Week3,336.0 Shouse Village - 66.0 Virginia Hills
Sideburn Run,Week4,Greenbriar,Week4,213.0 Sideburn Run - 189.0 Greenbriar
Rutherford,Week2,Sully Station II,Week1,292.0 Sully Station II - 110.0 Rutherford
Rutherford,Week1,Little Hunting Park,Week2,205.0 Little Hunting Park - 195.0 Rutherford
Rutherford,Week3,Little Hunting Park,Week1,212.0 Rutherford - 186.0 Little Hunting Park
Sideburn Run,Week3,Greenbriar,Week2,233.0 Greenbriar - 169.0 Sideburn Run
Sideburn Run,Week5,Great Falls,Week5,211.0 Sideburn Run - 191.0 Great Falls
Rutherford,Week4,Sully Station II,Week1,283.0 Sully Station II - 119.0 Rutherford
Shouse Village,Week4,Kent Gardens,Week5,213.0 Kent Gardens - 189.0 Shouse Village
Shouse Village,Week4,Virginia Hills,Week4,336.0 Shouse Village - 66.0 Virginia Hills
Shouse Village,Week3,Kent Gardens,Week2,211.0 Shouse Village - 191.0 Kent Gardens
Sideburn Run,Week3,Greenbriar,Week3,210.0 Greenbriar - 192.0 Sideburn Run
Shouse Village,Week2,Virginia Hills,Week5,301.0 Shouse Village - 101.0 Virginia Hills
Rutherford,Week2,Little Hunting Park,Week4,206.0 Little Hunting Park - 195.0 Rutherford
Rutherford,Week4,Sully Station II,Week4,278.0 Sully Station II - 124.0 Rutherford
Sideburn Run,Week5,Great Falls,Week2,221.0 Sideburn Run - 163.0 Great Falls
Rutherford,Week2,Lincolnia Park,Week2,254.0 Rutherford - 138.0 Lincolnia Park
Shouse Village,Week1,Kent Gardens,Week3,205.0 Kent Gardens - 197.0 Shouse Village
Sideburn Run,Week2,Greenbriar,Week5,224.0 Greenbriar - 178.0 Sideburn Run
Shouse Village,Week4,Kent Gardens,Week2,233.0 Shouse Village - 169.0 Kent Gardens
Shouse Village,Week1,Kent Gardens,Week2,204.0 Kent Gardens - 198.0 Shouse Village
Shouse Village,Week5,Kent Gardens,Week3,224.5 Shouse Village - 177.5 Kent Gardens
Sideburn Run,Week4,Greenbriar,Week5,206.0 Sideburn Run - 196.0 Greenbriar
Sideburn Run,Week3,Greenbriar,Week5,211.0 Greenbriar - 191.0 Sideburn Run
Rutherford,Week3,Lincolnia Park,Week2,267.0 Rutherford - 124.0 Lincolnia Park
Rutherford,Week2,Sully Station II,Week3,329.0 Sully Station II - 73.0 Rutherford
Rutherford,Week2,Little Hunting Park,Week2,211.0 Little Hunting Park - 190.0 Rutherford
Rutherford,Week5,Sully Station II,Week3,309.0 Sully Station II - 93.0 Rutherford
Shouse Village,Week3,Virginia Hills,Week1,332.0 Shouse Village - 70.0 Virginia Hills
Rutherford,Week3,Little Hunting Park,Week3,210.0 Rutherford - 192.0 Little Hunting Park
Sideburn Run,Week2,Greenbriar,Week4,219.0 Greenbriar - 183.0 Sideburn Run
Shouse Village,Week1,Virginia Hills,Week5,302.0 Shouse Village - 100.0 Virginia Hills
Rutherford,Week5,Sully Station II,Week4,280.0 Sully Station II - 122.0 Rutherford
Shouse Village,Week2,Virginia Hills,Week4,316.0 Shouse Village - 86.0 Virginia Hills
Shouse Village,Week2,Virginia Hills,Week1,315.0 Shouse Village - 87.0 Virginia Hills
Shouse Village,Week5,Kent Gardens,Week2,228.0 Shouse Village - 174.0 Kent Gardens
Rutherford,Week5,Sully Station II,Week2,307.0 Sully Station II - 95.0 Rutherford
Rutherford,Week2,Lincolnia Park,Week5,227.0 Rutherford - 165.0 Lincolnia Park
Shouse Village,Week3,Virginia Hills,Week4,334.0 Shouse Village - 68.0 Virginia Hills
Rutherford,Week2,Tuckahoe,Week2,359.0 Tuckahoe - 43.0 Rutherford
Shouse Village,Week4,Kent Gardens,Week3,216.0 Shouse Village - 186.0 Kent Gardens
Shouse Village,Week4,Virginia Hills,Week2,335.0 Shouse Village - 66.0 Virginia Hills
Shouse Village,Week1,Virginia Hills,Week3,322.0 Shouse Village - 80.0 Virginia Hills
Rutherford,Week4,Sully Station II,Week3,308.0 Sully Station II - 94.0 Rutherford
Sideburn Run,Week1,Greenbriar,Week5,202.0 Sideburn Run - 200.0 Greenbriar
Shouse Village,Week5,Ilda Community,Week1,266.0 Shouse Village - 135.0 Ilda Community
Rutherford,Week5,Sully Station II,Week1,285.0 Sully Station II - 117.0 Rutherford
Rutherford,Week1,Little Hunting Park,Week5,240.0 Little Hunting Park - 162.0 Rutherford
Rutherford,Week4,Lincolnia Park,Week1,289.0 Rutherford - 109.0 Lincolnia Park
Rutherford,Week1,Truro,Week2,224.0 Truro - 173.0 Rutherford
Rutherford,Week4,Truro,Week4,215.0 Truro - 187.0 Rutherford
Shouse Village,Week5,Virginia Hills,Week2,330.0 Shouse Village - 71.0 Virginia Hills
Rutherford,Week2,Truro,Week3,220.0 Truro - 182.0 Rutherford
Sideburn Run,Week1,Hayfield Farm,Week3,215.0 Hayfield Farm - 187.0 Sideburn Run
Rutherford,Week2,Truro,Week1,239.0 Truro - 162.0 Rutherford
Sideburn Run,Week5,Greenbriar,Week1,208.0 Sideburn Run - 194.0 Greenbriar
Sideburn Run,Week5,Greenbriar,Week2,219.0 Greenbriar - 183.0 Sideburn Run
Shouse Village,Week2,Virginia Run,Week2,232.0 Virginia Run - 170.0 Shouse Village
Rutherford,Week2,Lincolnia Park,Week4,257.0 Rutherford - 140.0 Lincolnia Park
Shouse Village,Week1,Kent Gardens,Week1,220.0 Kent Gardens - 182.0 Shouse Village
Rutherford,Week3,Lincolnia Park,Week3,243.0 Rutherford - 148.0 Lincolnia Park
Shouse Village,Week2,Virginia Hills,Week3,313.0 Shouse Village - 89.0 Virginia Hills
Rutherford,Week5,Lincolnia Park,Week1,289.0 Rutherford - 111.0 Lincolnia Park
Rutherford,Week3,Lincolnia Park,Week4,283.0 Rutherford - 117.0 Lincolnia Park
Rutherford,Week2,Sully Station II,Week2,319.0 Sully Station II - 83.0 Rutherford
Shouse Village,Week3,Kent Gardens,Week4,204.0 Shouse Village - 198.0 Kent Gardens
Shouse Village,Week4,Ilda Community,Week5,277.0 Shouse Village - 121.0 Ilda Community
Rutherford,Week1,Lincolnia Park,Week4,248.0 Rutherford - 151.0 Lincolnia Park
Rutherford,Week2,Sully Station II,Week4,305.0 Sully Station II - 97.0 Rutherford
Rutherford,Week3,Truro,Week1,203.0 Truro - 198.0 Rutherford
Rutherford,Week4,Lincolnia Park,Week3,260.0 Rutherford - 129.0 Lincolnia Park
Shouse Village,Week5,Virginia Hills,Week4,337.0 Shouse Village - 65.0 Virginia Hills
Sideburn Run,Week5,Hamlet,Week2,281.0 Hamlet - 121.0 Sideburn Run
Shouse Village,Week4,Ilda Community,Week2,283.5 Shouse Village - 117.5 Ilda Community
Sideburn Run,Week4,Hamlet,Week3,287.5 Hamlet - 114.5 Sideburn Run
Shouse Village,Week3,Virginia Hills,Week2,337.0 Shouse Village - 65.0 Virginia Hills
Shouse Village,Week4,Virginia Hills,Week3,341.0 Shouse Village - 61.0 Virginia Hills
Shouse Village,Week4,Ilda Community,Week4,262.0 Shouse Village - 139.0 Ilda Community
Sideburn Run,Week3,Hamlet,Week4,263.0 Hamlet - 139.0 Sideburn Run
Rutherford,Week2,Tuckahoe,Week1,357.0 Tuckahoe - 45.0 Rutherford
Sideburn Run,Week4,Greenbriar,Week1,215.0 Greenbriar - 187.0 Sideburn Run
Shouse Village,Week2,Kent Gardens,Week4,218.0 Kent Gardens - 184.0 Shouse Village
Shouse Village,Week1,Virginia Run,Week3,222.0 Virginia Run - 180.0 Shouse Village
Shouse Village,Week1,Virginia Run,Week5,252.0 Virginia Run - 150.0 Shouse Village
Sideburn Run,Week3,Hamlet,Week3,278.0 Hamlet - 124.0 Sideburn Run
Shouse Village,Week1,Kent Gardens,Week4,210.0 Kent Gardens - 192.0 Shouse Village
Rutherford,Week3,Lincolnia Park,Week5,247.0 Rutherford - 145.0 Lincolnia Park
Rutherford,Week5,Lincolnia Park,Week5,256.5 Rutherford - 134.5 Lincolnia Park
Shouse Village,Week3,Ilda Community,Week4,243.0 Shouse Village - 159.0 Ilda Community
Sideburn Run,Week1,Hayfield Farm,Week1,228.0 Sideburn Run - 174.0 Hayfield Farm
Rutherford,Week4,Lincolnia Park,Week2,298.0 Rutherford - 94.0 Lincolnia Park
Shouse Village,Week2,Kent Gardens,Week3,220.0 Kent Gardens - 182.0 Shouse Village
Rutherford,Week1,Tuckahoe,Week5,380.0 Tuckahoe - 22.0 Rutherford
Rutherford,Week4,Lakeview,Week5,226.0 Rutherford - 166.0 Lakeview
Shouse Village,Week5,Virginia Hills,Week1,325.0 Shouse Village - 77.0 Virginia Hills
Sideburn Run,Week5,Hamlet,Week3,278.0 Hamlet - 124.0 Sideburn Run
Shouse Village,Week2,Virginia Run,Week3,242.0 Virginia Run - 160.0 Shouse Village
Rutherford,Week3,Truro,Week5,214.0 Truro - 187.0 Rutherford
Sideburn Run,Week5,Greenbriar,Week5,208.0 Sideburn Run - 194.0 Greenbriar
Shouse Village,Week2,Virginia Run,Week5,271.0 Virginia Run - 131.0 Shouse Village
Shouse Village,Week3,Virginia Run,Week2,206.0 Virginia Run - 196.0 Shouse Village
Rutherford,Week5,Lakevale Estates,Week4,313.0 Lakevale Estates - 89.0 Rutherford
Shouse Village,Week3,Virginia Run,Week1,226.0 Virginia Run - 176.0 Shouse Village
Sideburn Run,Week5,Hamlet,Week1,271.0 Hamlet - 131.0 Sideburn Run
Rutherford,Week5,Lincolnia Park,Week2,288.0 Rutherford - 104.0 Lincolnia Park
Rutherford,Week4,Tuckahoe,Week1,352.0 Tuckahoe - 50.0 Rutherford
Sideburn Run,Week1,Hamlet,Week2,283.0 Hamlet - 119.0 Sideburn Run
Shouse Village,Week3,Ilda Community,Week5,268.0 Shouse Village - 134.0 Ilda Community
Rutherford,Week2,Lakeview,Week4,213.0 Lakeview - 189.0 Rutherford
Rutherford,Week1,Little Hunting Park,Week4,207.0 Little Hunting Park - 194.0 Rutherford
Shouse Village,Week5,Ilda Community,Week2,268.0 Shouse Village - 134.0 Ilda Community
Shouse Village,Week5,Ilda Community,Week3,271.0 Shouse Village - 131.0 Ilda Community
Rutherford,Week1,Little Hunting Park,Week1,213.0 Little Hunting Park - 185.0 Rutherford
Rutherford,Week5,Lakeview,Week1,244.0 Rutherford - 158.0 Lakeview
Rutherford,Week3,Tuckahoe,Week4,372.0 Tuckahoe - 30.0 Rutherford
Sideburn Run,Week5,Hamlet,Week4,263.0 Hamlet - 139.0 Sideburn Run
Rutherford,Week2,Lincolnia Park,Week1,250.0 Rutherford - 148.0 Lincolnia Park
Shouse Village,Week2,Wakefield Chapel,Week5,304.0 Wakefield Chapel - 98.0 Shouse Village
Rutherford,Week5,Truro,Week3,221.0 Rutherford - 181.0 Truro
Rutherford,Week2,Little Hunting Park,Week1,213.0 Little Hunting Park - 185.0 Rutherford
Rutherford,Week5,Truro,Week2,224.0 Rutherford - 175.0 Truro
Shouse Village,Week2,Kent Gardens,Week2,218.0 Kent Gardens - 184.0 Shouse Village
Rutherford,Week4,Lakeview,Week4,210.0 Rutherford - 192.0 Lakeview
Sideburn Run,Week1,Hamlet,Week5,290.0 Hamlet - 112.0 Sideburn Run
Rutherford,Week2,Truro,Week5,238.0 Truro - 162.0 Rutherford
Shouse Village,Week4,Virginia Run,Week2,206.0 Shouse Village - 191.0 Virginia Run
Shouse Village,Week2,Kent Gardens,Week5,248.0 Kent Gardens - 154.0 Shouse Village
Rutherford,Week2,Lakeview,Week5,200.0 Rutherford - 193.0 Lakeview
Sideburn Run,Week5,Greenbriar,Week4,211.0 Sideburn Run - 191.0 Greenbriar
Shouse Village,Week5,Ilda Community,Week5,261.0 Shouse Village - 140.0 Ilda Community
Shouse Village,Week2,Virginia Run,Week4,251.0 Virginia Run - 151.0 Shouse Village
Rutherford,Week5,Lakeview,Week2,252.5 Rutherford - 149.5 Lakeview
Rutherford,Week4,Lincolnia Park,Week5,246.0 Rutherford - 143.0 Lincolnia Park
Sideburn Run,Week2,Hayfield Farm,Week1,211.0 Sideburn Run - 191.0 Hayfield Farm
Shouse Village,Week3,Virginia Run,Week3,203.0 Virginia Run - 199.0 Shouse Village
Rutherford,Week4,Truro,Week2,210.0 Rutherford - 188.0 Truro
Shouse Village,Week3,Kent Gardens,Week1,204.0 Kent Gardens - 198.0 Shouse Village
Rutherford,Week5,Lakeview,Week3,230.0 Rutherford - 172.0 Lakeview
Rutherford,Week3,Lincolnia Park,Week1,275.0 Rutherford - 126.0 Lincolnia Park
Sideburn Run,Week1,Hamlet,Week3,270.0 Hamlet - 132.0 Sideburn Run
Rutherford,Week1,Lakeview,Week2,231.0 Rutherford - 170.0 Lakeview
Shouse Village,Week5,Virginia Run,Week3,203.0 Shouse Village - 199.0 Virginia Run
Rutherford,Week5,Truro,Week5,209.0 Truro - 192.0 Rutherford
Sideburn Run,Week3,Hamlet,Week1,283.0 Hamlet - 119.0 Sideburn Run
Shouse Village,Week4,Kings Ridge ,Week1,294.0 Shouse Village - 108.0 Kings Ridge
Rutherford,Week2,Lakeview,Week2,235.0 Rutherford - 167.0 Lakeview
Shouse Village,Week5,Kent Gardens,Week1,218.0 Shouse Village - 184.0 Kent Gardens
Rutherford,Week4,Lakeview,Week1,260.0 Rutherford - 142.0 Lakeview
Shouse Village,Week1,Wakefield Chapel,Week4,297.0 Wakefield Chapel - 105.0 Shouse Village
Rutherford,Week4,Lakeview,Week2,250.0 Rutherford - 151.0 Lakeview
Shouse Village,Week3,Virginia Run,Week5,243.0 Virginia Run - 159.0 Shouse Village
Shouse Village,Week1,Wakefield Chapel,Week2,295.0 Wakefield Chapel - 107.0 Shouse Village
Rutherford,Week3,Little Hunting Park,Week2,201.0 Rutherford - 200.0 Little Hunting Park
Shouse Village,Week4,Virginia Run,Week3,204.5 Virginia Run - 197.5 Shouse Village
Rutherford,Week4,Little Hunting Park,Week3,205.0 Rutherford - 197.0 Little Hunting Park
Rutherford,Week5,Truro,Week4,215.0 Truro - 187.0 Rutherford
Rutherford,Week5,Truro,Week1,203.0 Truro - 198.0 Rutherford
Rutherford,Week1,Lakeview,Week1,230.0 Rutherford - 172.0 Lakeview
Rutherford,Week3,Little Hunting Park,Week5,222.5 Little Hunting Park - 179.5 Rutherford
Sideburn Run,Week2,Hamlet,Week4,283.0 Hamlet - 119.0 Sideburn Run
Sideburn Run,Week4,Hamlet,Week1,276.0 Hamlet - 126.0 Sideburn Run
Rutherford,Week1,Little Hunting Park,Week3,229.0 Little Hunting Park - 173.0 Rutherford
Shouse Village,Week4,Kent Gardens,Week4,214.0 Shouse Village - 188.0 Kent Gardens
Sideburn Run,Week3,Hamlet,Week2,290.0 Hamlet - 112.0 Sideburn Run
Rutherford,Week2,Little Hunting Park,Week5,247.0 Little Hunting Park - 155.0 Rutherford
Sideburn Run,Week2,Hamlet,Week3,291.0 Hamlet - 111.0 Sideburn Run
Rutherford,Week3,Truro,Week3,232.0 Rutherford - 170.0 Truro
Rutherford,Week4,Little Hunting Park,Week1,213.0 Rutherford - 188.0 Little Hunting Park
Rutherford,Week4,Truro,Week5,208.0 Truro - 193.0 Rutherford
Shouse Village,Week5,Kent Gardens,Week5,208.0 Kent Gardens - 194.0 Shouse Village
Shouse Village,Week4,Virginia Run,Week1,207.0 Virginia Run - 195.0 Shouse Village
Sideburn Run,Week2,Hamlet,Week2,297.0 Hamlet - 105.0 Sideburn Run
Rutherford,Week4,Truro,Week1,208.5 Truro - 193.5 Rutherford
Rutherford,Week5,Lakeview,Week4,210.0 Rutherford - 192.0 Lakeview
Rutherford,Week2,Truro,Week4,231.0 Truro - 170.0 Rutherford
Shouse Village,Week1,Wakefield Chapel,Week3,298.0 Wakefield Chapel - 104.0 Shouse Village
Rutherford,Week4,Little Hunting Park,Week2,212.5 Rutherford - 189.5 Little Hunting Park
Sideburn Run,Week3,Hamlet,Week5,294.0 Hamlet - 108.0 Sideburn Run
Rutherford,Week3,Lakeview,Week1,242.0 Rutherford - 160.0 Lakeview
Rutherford,Week1,Tuckahoe,Week3,374.0 Tuckahoe - 23.0 Rutherford
Shouse Village,Week1,Kings Ridge ,Week1,254.0 Shouse Village - 148.0 Kings Ridge
Shouse Village,Week2,Wakefield Chapel,Week3,299.0 Wakefield Chapel - 103.0 Shouse Village
Rutherford,Week4,Little Hunting Park,Week4,231.0 Rutherford - 171.0 Little Hunting Park
Sideburn Run,Week2,Hamlet,Week1,286.0 Hamlet - 116.0 Sideburn Run
Shouse Village,Week3,Wakefield Chapel,Week1,292.0 Wakefield Chapel - 110.0 Shouse Village
Shouse Village,Week1,Lake Braddock,Week4,284.0 Shouse Village - 118.0 Lake Braddock
Shouse Village,Week5,Kings Ridge ,Week5,257.0 Shouse Village - 145.0 Kings Ridge
Rutherford,Week3,Little Hunting Park,Week4,210.0 Rutherford - 191.0 Little Hunting Park
Rutherford,Week3,Lakeview,Week4,211.0 Rutherford - 191.0 Lakeview
Rutherford,Week3,Truro,Week4,227.0 Truro - 175.0 Rutherford
Rutherford,Week2,Little Hunting Park,Week3,224.0 Little Hunting Park - 178.0 Rutherford
Shouse Village,Week2,Kings Ridge ,Week5,235.0 Shouse Village - 167.0 Kings Ridge
Shouse Village,Week3,Kent Gardens,Week5,229.0 Kent Gardens - 173.0 Shouse Village
Rutherford,Week1,Lakeview,Week4,205.0 Lakeview - 197.0 Rutherford
Shouse Village,Week3,Kent Gardens,Week3,207.5 Shouse Village - 194.5 Kent Gardens
Sideburn Run,Week1,Hamlet,Week4,264.0 Hamlet - 138.0 Sideburn Run
Sideburn Run,Week1,Hamlet,Week1,266.0 Hamlet - 136.0 Sideburn Run
Rutherford,Week5,Lakevale Estates,Week5,320.0 Lakevale Estates - 82.0 Rutherford
Rutherford,Week5,Little Hunting Park,Week4,221.0 Rutherford - 180.0 Little Hunting Park
Shouse Village,Week3,Wakefield Chapel,Week3,298.0 Wakefield Chapel - 104.0 Shouse Village
Rutherford,Week1,Tuckahoe,Week2,369.0 Tuckahoe - 33.0 Rutherford
Shouse Village,Week3,Wakefield Chapel,Week2,299.0 Wakefield Chapel - 103.0 Shouse Village
Shouse Village,Week1,Kings Ridge ,Week2,271.0 Shouse Village - 130.0 Kings Ridge
Shouse Village,Week4,Kings Ridge ,Week3,287.0 Shouse Village - 111.0 Kings Ridge
Rutherford,Week3,Truro,Week2,226.0 Rutherford - 175.0 Truro
Rutherford,Week1,Lakeview,Week3,214.0 Rutherford - 188.0 Lakeview
Rutherford,Week1,Tuckahoe,Week4,380.0 Tuckahoe - 22.0 Rutherford
Shouse Village,Week1,Kings Ridge ,Week3,245.0 Shouse Village - 157.0 Kings Ridge
Rutherford,Week4,Little Hunting Park,Week5,218.0 Little Hunting Park - 184.0 Rutherford
Rutherford,Week5,Little Hunting Park,Week1,214.0 Rutherford - 184.0 Little Hunting Park
Sideburn Run,Week4,Hamlet,Week2,296.0 Hamlet - 106.0 Sideburn Run
Shouse Village,Week1,Wakefield Chapel,Week1,299.0 Wakefield Chapel - 103.0 Shouse Village
Sideburn Run,Week2,Hamlet,Week5,305.0 Hamlet - 97.0 Sideburn Run
Rutherford,Week1,Tuckahoe,Week1,357.0 Tuckahoe - 45.0 Rutherford
Rutherford,Week2,Lakeview,Week1,247.0 Rutherford - 155.0 Lakeview
Shouse Village,Week4,Kings Ridge ,Week4,279.0 Shouse Village - 123.0 Kings Ridge
Shouse Village,Week5,Virginia Run,Week4,206.0 Virginia Run - 196.0 Shouse Village
Rutherford,Week5,Little Hunting Park,Week3,218.0 Rutherford - 184.0 Little Hunting Park
Rutherford,Week2,Tuckahoe,Week4,367.0 Tuckahoe - 35.0 Rutherford
Shouse Village,Week2,Wakefield Chapel,Week2,302.0 Wakefield Chapel - 100.0 Shouse Village
Rutherford,Week1,Lakeview,Week5,208.0 Rutherford - 184.0 Lakeview
Sideburn Run,Week1,Hayfield Farm,Week2,217.0 Sideburn Run - 185.0 Hayfield Farm
Rutherford,Week3,Lakeview,Week3,225.0 Rutherford - 177.0 Lakeview
Shouse Village,Week4,Kings Ridge ,Week5,279.0 Shouse Village - 123.0 Kings Ridge
Sideburn Run,Week4,Hamlet,Week5,294.0 Hamlet - 108.0 Sideburn Run
Shouse Village,Week1,Kings Ridge ,Week5,235.0 Shouse Village - 166.0 Kings Ridge
Rutherford,Week2,Lakeview,Week3,217.0 Rutherford - 185.0 Lakeview
Rutherford,Week2,Tuckahoe,Week5,366.0 Tuckahoe - 36.0 Rutherford
Shouse Village,Week2,Wakefield Chapel,Week1,300.0 Wakefield Chapel - 102.0 Shouse Village
Shouse Village,Week3,Kings Ridge ,Week5,262.0 Shouse Village - 140.0 Kings Ridge
Sideburn Run,Week5,Hamlet,Week5,277.0 Hamlet - 125.0 Sideburn Run
Sideburn Run,Week4,Hamlet,Week4,276.0 Hamlet - 126.0 Sideburn Run
Rutherford,Week1,Little Rocky Run,Week1,330.0 Little Rocky Run - 72.0 Rutherford
Shouse Village,Week4,Virginia Run,Week4,211.0 Virginia Run - 191.0 Shouse Village
Rutherford,Week1,Little Rocky Run,Week3,355.0 Little Rocky Run - 47.0 Rutherford
Rutherford,Week1,Little Rocky Run,Week2,333.0 Little Rocky Run - 69.0 Rutherford
Rutherford,Week3,Tuckahoe,Week1,357.0 Tuckahoe - 45.0 Rutherford
Rutherford,Week4,Truro,Week3,206.0 Rutherford - 196.0 Truro
Rutherford,Week3,Lakeview,Week5,219.0 Rutherford - 174.0 Lakeview
Rutherford,Week1,Little Rocky Run,Week4,348.0 Little Rocky Run - 54.0 Rutherford
Rutherford,Week4,Vienna Aquatic,Week2,318.0 Vienna Aquatic - 84.0 Rutherford
Sideburn Run,Week1,Crosspointe,Week5,260.0 Crosspointe - 142.0 Sideburn Run
Rutherford,Week1,Vienna Aquatic,Week2,337.0 Vienna Aquatic - 65.0 Rutherford
Shouse Village,Week2,Wakefield Chapel,Week4,294.0 Wakefield Chapel - 108.0 Shouse Village
Shouse Village,Week4,Sleepy Hollow B & R,Week5,226.0 Sleepy Hollow B & R - 176.0 Shouse Village
Sideburn Run,Week1,Hayfield Farm,Week5,236.0 Sideburn Run - 166.0 Hayfield Farm
Shouse Village,Week4,Virginia Run,Week5,240.0 Virginia Run - 162.0 Shouse Village
Rutherford,Week4,Lakeview,Week3,229.0 Rutherford - 173.0 Lakeview
Rutherford,Week3,Tuckahoe,Week2,360.0 Tuckahoe - 42.0 Rutherford
Rutherford,Week3,Tuckahoe,Week5,365.0 Tuckahoe - 37.0 Rutherford
Sideburn Run,Week2,Hayfield Farm,Week2,211.0 Hayfield Farm - 191.0 Sideburn Run
Shouse Village,Week2,Sleepy Hollow B & R,Week2,246.0 Sleepy Hollow B & R - 156.0 Shouse Village
Shouse Village,Week2,Kings Ridge ,Week4,239.0 Shouse Village - 163.0 Kings Ridge
Shouse Village,Week5,Kings Ridge ,Week1,278.0 Shouse Village - 124.0 Kings Ridge
Rutherford,Week5,Little Hunting Park,Week5,217.0 Little Hunting Park - 185.0 Rutherford
Rutherford,Week3,Tuckahoe,Week3,369.0 Tuckahoe - 33.0 Rutherford
Shouse Village,Week3,Commonwealth,Week4,245.0 Shouse Village - 157.0 Commonwealth
Shouse Village,Week3,Wakefield Chapel,Week5,297.0 Wakefield Chapel - 105.0 Shouse Village
Sideburn Run,Week1,Hayfield Farm,Week4,208.0 Sideburn Run - 194.0 Hayfield Farm
Shouse Village,Week3,Wakefield Chapel,Week4,285.0 Wakefield Chapel - 117.0 Shouse Village
Sideburn Run,Week2,Hayfield Farm,Week3,234.0 Hayfield Farm - 168.0 Sideburn Run
Shouse Village,Week4,Kings Ridge ,Week2,288.0 Shouse Village - 114.0 Kings Ridge
Rutherford,Week2,Little Rocky Run,Week1,327.0 Little Rocky Run - 75.0 Rutherford
Sideburn Run,Week4,Crosspointe,Week3,266.0 Crosspointe - 136.0 Sideburn Run
Shouse Village,Week4,Commonwealth,Week1,281.0 Shouse Village - 120.0 Commonwealth
Shouse Village,Week1,Kings Ridge ,Week4,237.0 Shouse Village - 165.0 Kings Ridge
Shouse Village,Week3,Kings Ridge ,Week1,291.0 Shouse Village - 111.0 Kings Ridge
Sideburn Run,Week1,Crosspointe,Week2,233.0 Crosspointe - 169.0 Sideburn Run
Shouse Village,Week3,Cottontail,Week4,238.0 Shouse Village - 164.0 Cottontail
Rutherford,Week5,Little Hunting Park,Week2,217.0 Rutherford - 184.0 Little Hunting Park
Rutherford,Week3,Lakeview,Week2,246.0 Rutherford - 156.0 Lakeview
Rutherford,Week2,Tuckahoe,Week3,365.0 Tuckahoe - 37.0 Rutherford
Shouse Village,Week2,Kings Ridge ,Week3,245.0 Shouse Village - 156.0 Kings Ridge
Shouse Village,Week4,Commonwealth,Week5,246.0 Shouse Village - 156.0 Commonwealth
Shouse Village,Week5,Virginia Run,Week1,210.0 Virginia Run - 192.0 Shouse Village
Sideburn Run,Week1,Crosspointe,Week1,239.0 Crosspointe - 163.0 Sideburn Run
Sideburn Run,Week3,Crosspointe,Week1,252.0 Crosspointe - 150.0 Sideburn Run
Shouse Village,Week1,Wakefield Chapel,Week5,308.0 Wakefield Chapel - 94.0 Shouse Village
Shouse Village,Week5,Virginia Run,Week2,213.0 Shouse Village - 189.0 Virginia Run
Shouse Village,Week5,Virginia Run,Week5,216.0 Virginia Run - 186.0 Shouse Village
Shouse Village,Week2,Kings Ridge ,Week1,257.0 Shouse Village - 145.0 Kings Ridge
Rutherford,Week1,Little Rocky Run,Week5,354.0 Little Rocky Run - 48.0 Rutherford
Rutherford,Week3,Vienna Aquatic,Week3,329.0 Vienna Aquatic - 73.0 Rutherford
Shouse Village,Week5,Kings Ridge ,Week4,265.0 Shouse Village - 137.0 Kings Ridge
Rutherford,Week5,Vienna Aquatic,Week1,314.0 Vienna Aquatic - 88.0 Rutherford
Shouse Village,Week4,Commonwealth,Week2,233.0 Shouse Village - 168.0 Commonwealth
Shouse Village,Week1,Sleepy Hollow Rec,Week1,242.0 Shouse Village - 160.0 Sleepy Hollow Rec
Shouse Village,Week5,Commonwealth,Week3,239.0 Shouse Village - 162.0 Commonwealth
Shouse Village,Week5,Kent Gardens,Week4,229.0 Shouse Village - 173.0 Kent Gardens
Shouse Village,Week5,Kings Ridge ,Week2,275.0 Shouse Village - 127.0 Kings Ridge
Shouse Village,Week2,Kings Ridge ,Week2,256.0 Shouse Village - 145.0 Kings Ridge
Shouse Village,Week2,Cottontail,Week5,216.0 Cottontail - 186.0 Shouse Village
Sideburn Run,Week1,Crosspointe,Week4,249.0 Crosspointe - 153.0 Sideburn Run
Rutherford,Week4,Vienna Aquatic,Week5,347.0 Vienna Aquatic - 55.0 Rutherford
Sideburn Run,Week5,Crosspointe,Week4,247.0 Crosspointe - 155.0 Sideburn Run
Rutherford,Week3,Vienna Aquatic,Week5,340.0 Vienna Aquatic - 62.0 Rutherford
Shouse Village,Week4,Cottontail,Week3,271.0 Shouse Village - 131.0 Cottontail
Shouse Village,Week5,Cottontail,Week5,219.0 Shouse Village - 183.0 Cottontail
Rutherford,Week3,Vienna Aquatic,Week1,320.5 Vienna Aquatic - 81.5 Rutherford
Sideburn Run,Week1,Daventry,Week4,309.5 Sideburn Run - 92.5 Daventry
Shouse Village,Week5,Cottontail,Week2,239.5 Shouse Village - 162.5 Cottontail
Shouse Village,Week5,Kings Ridge ,Week3,270.0 Shouse Village - 131.0 Kings Ridge
Rutherford,Week4,Tuckahoe,Week2,362.0 Tuckahoe - 40.0 Rutherford
Sideburn Run,Week4,Crosspointe,Week2,246.0 Crosspointe - 156.0 Sideburn Run
Shouse Village,Week3,Kings Ridge ,Week3,274.0 Shouse Village - 128.0 Kings Ridge
Sideburn Run,Week2,Daventry,Week3,287.0 Sideburn Run - 115.0 Daventry
Shouse Village,Week3,Sleepy Hollow B & R,Week3,225.0 Sleepy Hollow B & R - 177.0 Shouse Village
Rutherford,Week1,Vienna Aquatic,Week3,348.0 Vienna Aquatic - 54.0 Rutherford
Shouse Village,Week1,Sleepy Hollow Rec,Week3,230.0 Shouse Village - 172.0 Sleepy Hollow Rec
Shouse Village,Week2,Sleepy Hollow Rec,Week5,231.0 Shouse Village - 170.0 Sleepy Hollow Rec
Shouse Village,Week3,Kings Ridge ,Week4,264.0 Shouse Village - 138.0 Kings Ridge
Shouse Village,Week2,Sleepy Hollow Rec,Week3,229.0 Shouse Village - 173.0 Sleepy Hollow Rec
Sideburn Run,Week1,Daventry,Week5,287.0 Sideburn Run - 115.0 Daventry
Shouse Village,Week4,Cottontail,Week5,229.0 Shouse Village - 173.0 Cottontail
Rutherford,Week5,Tuckahoe,Week4,364.0 Tuckahoe - 38.0 Rutherford
Shouse Village,Week5,Commonwealth,Week5,251.0 Shouse Village - 151.0 Commonwealth
Shouse Village,Week1,Cottontail,Week2,211.0 Shouse Village - 191.0 Cottontail
Sideburn Run,Week4,Crosspointe,Week5,283.0 Crosspointe - 119.0 Sideburn Run
Shouse Village,Week2,Sleepy Hollow Rec,Week1,243.0 Shouse Village - 159.0 Sleepy Hollow Rec
Shouse Village,Week1,Lake Braddock,Week1,293.0 Shouse Village - 109.0 Lake Braddock
Shouse Village,Week3,Sleepy Hollow Rec,Week4,263.0 Shouse Village - 139.0 Sleepy Hollow Rec
Rutherford,Week1,Vienna Aquatic,Week4,346.0 Vienna Aquatic - 56.0 Rutherford
Rutherford,Week2,Vienna Aquatic,Week5,343.0 Vienna Aquatic - 58.0 Rutherford
Sideburn Run,Week5,Country Club Hills,Week5,241.0 Sideburn Run - 161.0 Country Club Hills
Shouse Village,Week4,Sleepy Hollow B & R,Week2,205.0 Sleepy Hollow B & R - 197.0 Shouse Village
Sideburn Run,Week3,Crosspointe,Week4,240.5 Crosspointe - 161.5 Sideburn Run
Rutherford,Week3,Vienna Aquatic,Week4,322.0 Vienna Aquatic - 80.0 Rutherford
Shouse Village,Week4,Sleepy Hollow B & R,Week1,219.0 Shouse Village - 183.0 Sleepy Hollow B & R
Shouse Village,Week1,Lake Braddock,Week3,278.0 Shouse Village - 124.0 Lake Braddock
Shouse Village,Week1,Lake Braddock,Week2,289.5 Shouse Village - 111.5 Lake Braddock
Sideburn Run,Week5,Crosspointe,Week1,237.0 Crosspointe - 165.0 Sideburn Run
Shouse Village,Week5,Cottontail,Week3,249.0 Shouse Village - 153.0 Cottontail
Shouse Village,Week3,Kings Ridge ,Week2,280.0 Shouse Village - 122.0 Kings Ridge
Rutherford,Week4,Vienna Aquatic,Week3,323.0 Vienna Aquatic - 79.0 Rutherford
Sideburn Run,Week5,Country Club Hills,Week2,251.0 Sideburn Run - 151.0 Country Club Hills
Shouse Village,Week2,Lake Braddock,Week5,262.0 Shouse Village - 139.0 Lake Braddock
Rutherford,Week2,Vienna Aquatic,Week4,327.0 Vienna Aquatic - 75.0 Rutherford
Shouse Village,Week2,Sleepy Hollow Rec,Week2,255.0 Shouse Village - 146.0 Sleepy Hollow Rec
Shouse Village,Week3,Cottontail,Week3,242.0 Shouse Village - 160.0 Cottontail
Shouse Village,Week2,Sleepy Hollow B & R,Week5,269.0 Sleepy Hollow B & R - 133.0 Shouse Village
Sideburn Run,Week5,Country Club Hills,Week4,255.0 Sideburn Run - 147.0 Country Club Hills
Sideburn Run,Week4,Crosspointe,Week4,256.0 Crosspointe - 146.0 Sideburn Run
Shouse Village,Week5,Sleepy Hollow B & R,Week2,208.0 Sleepy Hollow B & R - 194.0 Shouse Village
Rutherford,Week4,Tuckahoe,Week3,365.0 Tuckahoe - 37.0 Rutherford
Shouse Village,Week4,Sleepy Hollow B & R,Week3,208.5 Sleepy Hollow B & R - 193.5 Shouse Village
Shouse Village,Week5,Lake Braddock,Week2,305.0 Shouse Village - 97.0 Lake Braddock
Shouse Village,Week2,Lakevale Estates,Week5,293.0 Lakevale Estates - 109.0 Shouse Village
Rutherford,Week2,Vienna Aquatic,Week1,332.0 Vienna Aquatic - 70.0 Rutherford
Shouse Village,Week4,Commonwealth,Week4,263.5 Shouse Village - 138.5 Commonwealth
Shouse Village,Week2,Sleepy Hollow B & R,Week4,246.0 Sleepy Hollow B & R - 156.0 Shouse Village
Shouse Village,Week2,Cottontail,Week4,206.0 Cottontail - 196.0 Shouse Village
Shouse Village,Week4,Lake Braddock,Week5,306.0 Shouse Village - 96.0 Lake Braddock
Rutherford,Week1,Vienna Aquatic,Week5,352.0 Vienna Aquatic - 50.0 Rutherford
Shouse Village,Week3,Sleepy Hollow B & R,Week5,254.0 Sleepy Hollow B & R - 148.0 Shouse Village
Shouse Village,Week4,Commonwealth,Week3,238.0 Shouse Village - 164.0 Commonwealth
Shouse Village,Week4,Lake Braddock,Week1,320.0 Shouse Village - 82.0 Lake Braddock
Shouse Village,Week3,Cottontail,Week1,206.0 Shouse Village - 196.0 Cottontail
Shouse Village,Week3,Commonwealth,Week5,227.0 Shouse Village - 175.0 Commonwealth
Rutherford,Week5,Tuckahoe,Week3,362.0 Tuckahoe - 35.0 Rutherford
Sideburn Run,Week3,Crosspointe,Week2,231.0 Crosspointe - 171.0 Sideburn Run
Sideburn Run,Week2,Crosspointe,Week4,257.0 Crosspointe - 145.0 Sideburn Run
Sideburn Run,Week3,Crosspointe,Week5,268.0 Crosspointe - 134.0 Sideburn Run
Rutherford,Week1,Vienna Aquatic,Week1,347.0 Vienna Aquatic - 55.0 Rutherford
Shouse Village,Week5,Commonwealth,Week2,240.0 Shouse Village - 162.0 Commonwealth
Shouse Village,Week1,Cottontail,Week4,207.0 Shouse Village - 195.0 Cottontail
Sideburn Run,Week3,Crosspointe,Week3,248.0 Crosspointe - 154.0 Sideburn Run
Shouse Village,Week2,Lakevale Estates,Week3,280.0 Lakevale Estates - 122.0 Shouse Village
Shouse Village,Week5,Sleepy Hollow B & R,Week3,210.0 Sleepy Hollow B & R - 192.0 Shouse Village
Rutherford,Week5,Tuckahoe,Week5,365.0 Tuckahoe - 37.0 Rutherford
Rutherford,Week5,Tuckahoe,Week1,358.0 Tuckahoe - 44.0 Rutherford
Sideburn Run,Week2,Crosspointe,Week5,264.0 Crosspointe - 138.0 Sideburn Run
Shouse Village,Week1,Sleepy Hollow B & R,Week5,259.0 Sleepy Hollow B & R - 143.0 Shouse Village
Shouse Village,Week3,Lakevale Estates,Week2,269.0 Lakevale Estates - 133.0 Shouse Village
Shouse Village,Week2,Sleepy Hollow B & R,Week3,256.5 Sleepy Hollow B & R - 145.5 Shouse Village
Shouse Village,Week3,Lake Braddock,Week3,293.0 Shouse Village - 109.0 Lake Braddock
Shouse Village,Week1,Sleepy Hollow B & R,Week4,247.0 Sleepy Hollow B & R - 155.0 Shouse Village
Rutherford,Week5,Tuckahoe,Week2,361.0 Tuckahoe - 41.0 Rutherford
Shouse Village,Week1,Cottontail,Week5,216.0 Cottontail - 186.0 Shouse Village
Sideburn Run,Week5,Country Club Hills,Week3,240.0 Sideburn Run - 162.0 Country Club Hills
Shouse Village,Week3,Lake Braddock,Week5,278.0 Shouse Village - 124.0 Lake Braddock
Shouse Village,Week5,Lake Braddock,Week5,295.0 Shouse Village - 107.0 Lake Braddock
Shouse Village,Week5,Commonwealth,Week4,260.0 Shouse Village - 141.0 Commonwealth
Sideburn Run,Week2,Crosspointe,Week2,251.0 Crosspointe - 151.0 Sideburn Run
Rutherford,Week2,Vienna Aquatic,Week2,325.0 Vienna Aquatic - 77.0 Rutherford
Rutherford,Week4,Tuckahoe,Week4,369.0 Tuckahoe - 33.0 Rutherford
Shouse Village,Week2,Lake Braddock,Week1,294.0 Shouse Village - 108.0 Lake Braddock
Shouse Village,Week5,Lake Braddock,Week4,313.0 Shouse Village - 89.0 Lake Braddock
Sideburn Run,Week2,Crosspointe,Week1,249.0 Crosspointe - 153.0 Sideburn Run
Shouse Village,Week1,Cottontail,Week3,222.0 Shouse Village - 180.0 Cottontail
Shouse Village,Week2,Sleepy Hollow B & R,Week1,233.0 Sleepy Hollow B & R - 169.0 Shouse Village
Shouse Village,Week2,Cottontail,Week2,216.0 Cottontail - 186.0 Shouse Village
Shouse Village,Week2,Cottontail,Week3,218.0 Shouse Village - 184.0 Cottontail
Sideburn Run,Week2,Crosspointe,Week3,260.5 Crosspointe - 141.5 Sideburn Run
Rutherford,Week2,Vienna Aquatic,Week3,334.0 Vienna Aquatic - 68.0 Rutherford
Shouse Village,Week2,Lake Braddock,Week3,279.0 Shouse Village - 122.0 Lake Braddock
Shouse Village,Week3,Sleepy Hollow B & R,Week1,209.0 Sleepy Hollow B & R - 193.0 Shouse Village
Rutherford,Week4,Vienna Aquatic,Week4,331.0 Vienna Aquatic - 71.0 Rutherford
Sideburn Run,Week5,Crosspointe,Week2,234.0 Crosspointe - 168.0 Sideburn Run
Shouse Village,Week2,Cottontail,Week1,209.0 Cottontail - 193.0 Shouse Village
Rutherford,Week3,Vienna Aquatic,Week2,312.0 Vienna Aquatic - 90.0 Rutherford
Rutherford,Week4,Vienna Aquatic,Week1,322.0 Vienna Aquatic - 80.0 Rutherford
Shouse Village,Week1,Lakevale Estates,Week5,274.0 Lakevale Estates - 128.0 Shouse Village
Shouse Village,Week5,Commonwealth,Week1,279.0 Shouse Village - 121.0 Commonwealth
Shouse Village,Week5,Sleepy Hollow B & R,Week1,203.0 Shouse Village - 199.0 Sleepy Hollow B & R
Shouse Village,Week4,Sleepy Hollow B & R,Week4,217.0 Sleepy Hollow B & R - 185.0 Shouse Village
Rutherford,Week4,Tuckahoe,Week5,371.0 Tuckahoe - 31.0 Rutherford
Shouse Village,Week3,Cottontail,Week5,209.0 Shouse Village - 193.0 Cottontail
Shouse Village,Week1,Lakevale Estates,Week3,261.5 Lakevale Estates - 140.5 Shouse Village
Shouse Village,Week3,Lakevale Estates,Week1,260.0 Lakevale Estates - 142.0 Shouse Village
Sideburn Run,Week4,Crosspointe,Week1,261.0 Crosspointe - 141.0 Sideburn Run
Sideburn Run,Week5,Crosspointe,Week3,254.0 Crosspointe - 148.0 Sideburn Run
Shouse Village,Week3,Cottontail,Week2,234.0 Shouse Village - 168.0 Cottontail
Shouse Village,Week3,Sleepy Hollow B & R,Week2,224.0 Sleepy Hollow B & R - 178.0 Shouse Village
Shouse Village,Week3,Sleepy Hollow B & R,Week4,233.0 Sleepy Hollow B & R - 169.0 Shouse Village
Sideburn Run,Week1,Crosspointe,Week3,236.0 Crosspointe - 166.0 Sideburn Run
Sideburn Run,Week1,Daventry,Week1,303.0 Sideburn Run - 99.0 Daventry
Sideburn Run,Week2,Daventry,Week1,308.0 Sideburn Run - 94.0 Daventry
Rutherford,Week1,Vienna Woods,Week1,346.0 Vienna Woods - 56.0 Rutherford
Shouse Village,Week4,Lake Braddock,Week4,314.0 Shouse Village - 88.0 Lake Braddock
Shouse Village,Week5,Sleepy Hollow B & R,Week4,211.0 Sleepy Hollow B & R - 191.0 Shouse Village
Shouse Village,Week5,Sleepy Hollow B & R,Week5,223.0 Sleepy Hollow B & R - 179.0 Shouse Village
Sideburn Run,Week5,Crosspointe,Week5,255.0 Crosspointe - 147.0 Sideburn Run
Sideburn Run,Week1,Daventry,Week2,296.0 Sideburn Run - 106.0 Daventry
Shouse Village,Week4,Cottontail,Week4,257.0 Shouse Village - 140.0 Cottontail
Shouse Village,Week1,Sleepy Hollow Rec,Week4,256.0 Shouse Village - 146.0 Sleepy Hollow Rec
Rutherford,Week1,Vienna Woods,Week4,350.0 Vienna Woods - 52.0 Rutherford
Shouse Village,Week4,Cottontail,Week1,236.0 Shouse Village - 166.0 Cottontail
Shouse Village,Week1,Lake Braddock,Week5,266.0 Shouse Village - 135.0 Lake Braddock
Rutherford,Week5,Vienna Aquatic,Week2,299.0 Vienna Aquatic - 103.0 Rutherford
Rutherford,Week2,Vienna Woods,Week1,348.0 Vienna Woods - 54.0 Rutherford
Shouse Village,Week1,Lakevale Estates,Week2,271.0 Lakevale Estates - 131.0 Shouse Village
Shouse Village,Week4,Cottontail,Week2,252.0 Shouse Village - 150.0 Cottontail
Shouse Village,Week1,Cottontail,Week1,206.0 Shouse Village - 196.0 Cottontail
Sideburn Run,Week1,Daventry,Week3,296.0 Sideburn Run - 105.0 Daventry
Rutherford,Week5,Vienna Aquatic,Week3,301.5 Vienna Aquatic - 100.5 Rutherford
Shouse Village,Week1,Sleepy Hollow Rec,Week2,246.0 Shouse Village - 156.0 Sleepy Hollow Rec
Shouse Village,Week1,Sleepy Hollow Rec,Week5,231.0 Shouse Village - 171.0 Sleepy Hollow Rec
Shouse Village,Week3,Lake Braddock,Week4,290.0 Shouse Village - 112.0 Lake Braddock
Shouse Village,Week2,Lake Braddock,Week4,282.0 Shouse Village - 119.0 Lake Braddock
Rutherford,Week5,Vienna Aquatic,Week5,338.0 Vienna Aquatic - 64.0 Rutherford
Shouse Village,Week4,Sleepy Hollow Rec,Week4,280.0 Shouse Village - 122.0 Sleepy Hollow Rec
Shouse Village,Week4,Country Club Hills,Week5,244.0 Shouse Village - 158.0 Country Club Hills
Sideburn Run,Week2,Daventry,Week5,273.0 Sideburn Run - 129.0 Daventry
Shouse Village,Week5,Cottontail,Week1,230.0 Shouse Village - 172.0 Cottontail
Shouse Village,Week3,Sleepy Hollow Rec,Week3,237.0 Shouse Village - 165.0 Sleepy Hollow Rec
Shouse Village,Week1,Somerset-Olde Creek,Week5,276.0 Shouse Village - 125.0 Somerset-Olde Creek
Rutherford,Week2,Vienna Woods,Week2,353.0 Vienna Woods - 48.0 Rutherford
Shouse Village,Week3,Lake Braddock,Week2,290.0 Shouse Village - 112.0 Lake Braddock
Shouse Village,Week2,Lake Braddock,Week2,288.0 Shouse Village - 113.0 Lake Braddock
Shouse Village,Week2,Sleepy Hollow Rec,Week4,247.0 Shouse Village - 155.0 Sleepy Hollow Rec
Shouse Village,Week5,Sleepy Hollow Rec,Week4,269.5 Shouse Village - 132.5 Sleepy Hollow Rec
Shouse Village,Week2,Lakevale Estates,Week4,289.0 Lakevale Estates - 113.0 Shouse Village
Shouse Village,Week2,Lakevale Estates,Week2,273.0 Lakevale Estates - 129.0 Shouse Village
Shouse Village,Week4,Country Club Hills,Week4,254.0 Shouse Village - 148.0 Country Club Hills
Sideburn Run,Week3,Daventry,Week1,304.0 Sideburn Run - 98.0 Daventry
Shouse Village,Week1,Lakevale Estates,Week4,282.0 Lakevale Estates - 120.0 Shouse Village
Rutherford,Week1,Vienna Woods,Week5,366.0 Vienna Woods - 36.0 Rutherford
Shouse Village,Week1,Lakevale Estates,Week1,257.0 Lakevale Estates - 145.0 Shouse Village
Shouse Village,Week3,Lake Braddock,Week1,297.0 Shouse Village - 105.0 Lake Braddock
Shouse Village,Week4,Sleepy Hollow Rec,Week1,278.0 Shouse Village - 124.0 Sleepy Hollow Rec
Rutherford,Week1,Vienna Woods,Week3,356.0 Vienna Woods - 46.0 Rutherford
Rutherford,Week2,Vienna Woods,Week5,367.0 Vienna Woods - 35.0 Rutherford
Shouse Village,Week2,Lakevale Estates,Week1,265.0 Lakevale Estates - 137.0 Shouse Village
Sideburn Run,Week4,Daventry,Week5,298.0 Sideburn Run - 104.0 Daventry
Shouse Village,Week4,Country Club Hills,Week1,243.0 Shouse Village - 159.0 Country Club Hills
Sideburn Run,Week5,Daventry,Week1,325.0 Sideburn Run - 77.0 Daventry
Shouse Village,Week4,Sleepy Hollow Rec,Week2,277.0 Shouse Village - 125.0 Sleepy Hollow Rec
Shouse Village,Week5,Country Club Hills,Week1,257.0 Shouse Village - 145.0 Country Club Hills
Sideburn Run,Week5,Daventry,Week3,306.5 Sideburn Run - 95.5 Daventry
Rutherford,Week3,Vienna Woods,Week2,336.5 Vienna Woods - 64.5 Rutherford
Rutherford,Week5,Vienna Aquatic,Week4,304.0 Vienna Aquatic - 98.0 Rutherford
Shouse Village,Week5,Cottontail,Week4,238.0 Shouse Village - 164.0 Cottontail
Sideburn Run,Week2,Daventry,Week2,288.0 Sideburn Run - 113.0 Daventry
Shouse Village,Week3,Somerset-Olde Creek,Week4,293.0 Shouse Village - 109.0 Somerset-Olde Creek
Shouse Village,Week5,Country Club Hills,Week3,254.0 Shouse Village - 148.0 Country Club Hills
Shouse Village,Week5,Country Club Hills,Week2,256.0 Shouse Village - 146.0 Country Club Hills
Shouse Village,Week4,Lake Braddock,Week3,304.0 Shouse Village - 98.0 Lake Braddock
Rutherford,Week3,Vienna Woods,Week1,339.0 Vienna Woods - 58.0 Rutherford
Shouse Village,Week3,Country Club Hills,Week4,242.0 Shouse Village - 160.0 Country Club Hills
Shouse Village,Week3,Country Club Hills,Week1,225.0 Shouse Village - 177.0 Country Club Hills
Rutherford,Week2,Vienna Woods,Week3,356.5 Vienna Woods - 45.5 Rutherford
Shouse Village,Week4,Lake Braddock,Week2,311.0 Shouse Village - 91.0 Lake Braddock
Shouse Village,Week3,Sleepy Hollow Rec,Week2,259.0 Shouse Village - 143.0 Sleepy Hollow Rec
Rutherford,Week3,Vienna Woods,Week4,330.0 Vienna Woods - 72.0 Rutherford
Shouse Village,Week3,Sleepy Hollow Rec,Week5,245.0 Shouse Village - 157.0 Sleepy Hollow Rec
Shouse Village,Week3,Sleepy Hollow Rec,Week1,254.0 Shouse Village - 148.0 Sleepy Hollow Rec
Sideburn Run,Week4,Daventry,Week4,325.0 Sideburn Run - 77.0 Daventry
Shouse Village,Week5,Lake Braddock,Week3,300.0 Shouse Village - 101.0 Lake Braddock
Rutherford,Week1,Vienna Woods,Week2,350.0 Vienna Woods - 51.0 Rutherford
Shouse Village,Week5,Lake Braddock,Week1,325.0 Shouse Village - 77.0 Lake Braddock
Shouse Village,Week1,Country Club Hills,Week5,214.0 Country Club Hills - 188.0 Shouse Village
Shouse Village,Week3,Country Club Hills,Week3,233.0 Shouse Village - 169.0 Country Club Hills
Sideburn Run,Week1,Dominion Hills,Week5,215.0 Dominion Hills - 187.0 Sideburn Run
Sideburn Run,Week2,Dominion Hills,Week1,205.0 Sideburn Run - 197.0 Dominion Hills
Sideburn Run,Week4,Daventry,Week3,304.0 Sideburn Run - 98.0 Daventry
Sideburn Run,Week1,Dominion Hills,Week3,233.5 Sideburn Run - 168.5 Dominion Hills
Rutherford,Week2,Vienna Woods,Week4,345.0 Vienna Woods - 57.0 Rutherford
Rutherford,Week4,Vienna Woods,Week1,337.0 Vienna Woods - 60.0 Rutherford
Shouse Village,Week5,Greenbriar,Week1,211.0 Greenbriar - 191.0 Shouse Village
Shouse Village,Week2,Greenbriar,Week1,231.0 Greenbriar - 171.0 Shouse Village
Shouse Village,Week5,Country Club Hills,Week5,240.0 Shouse Village - 162.0 Country Club Hills
Shouse Village,Week2,Somerset-Olde Creek,Week2,300.0 Shouse Village - 101.0 Somerset-Olde Creek
Shouse Village,Week1,Somerset-Olde Creek,Week4,283.0 Shouse Village - 118.0 Somerset-Olde Creek
Rutherford,Week3,Vienna Woods,Week5,361.0 Vienna Woods - 41.0 Rutherford
Rutherford,Week4,Vienna Woods,Week2,333.5 Vienna Woods - 68.5 Rutherford
Shouse Village,Week5,Country Club Hills,Week4,251.0 Shouse Village - 151.0 Country Club Hills
Sideburn Run,Week3,Daventry,Week3,298.0 Sideburn Run - 104.0 Daventry
Shouse Village,Week1,Crosspointe,Week2,246.0 Crosspointe - 156.0 Shouse Village
Shouse Village,Week1,Crosspointe,Week1,256.0 Crosspointe - 146.0 Shouse Village
Shouse Village,Week4,Greenbriar,Week5,209.0 Greenbriar - 193.0 Shouse Village
Sideburn Run,Week2,Dominion Hills,Week2,203.0 Sideburn Run - 199.0 Dominion Hills
Shouse Village,Week2,Somerset-Olde Creek,Week3,295.0 Shouse Village - 103.0 Somerset-Olde Creek
Sideburn Run,Week2,Dominion Hills,Week3,210.5 Sideburn Run - 191.5 Dominion Hills
Sideburn Run,Week5,Daventry,Week4,329.0 Sideburn Run - 73.0 Daventry
Shouse Village,Week4,Sleepy Hollow Rec,Week5,271.0 Shouse Village - 131.0 Sleepy Hollow Rec
Sideburn Run,Week2,Dominion Hills,Week4,228.0 Dominion Hills - 174.0 Sideburn Run
Shouse Village,Week2,Somerset-Olde Creek,Week4,292.5 Shouse Village - 108.5 Somerset-Olde Creek
Shouse Village,Week2,Somerset-Olde Creek,Week1,293.0 Shouse Village - 104.0 Somerset-Olde Creek
Shouse Village,Week2,Country Club Hills,Week3,203.0 Country Club Hills - 199.0 Shouse Village
Shouse Village,Week5,Sleepy Hollow Rec,Week5,258.0 Shouse Village - 144.0 Sleepy Hollow Rec
Rutherford,Week4,Vienna Woods,Week4,323.0 Vienna Woods - 79.0 Rutherford
Shouse Village,Week2,Country Club Hills,Week5,214.0 Country Club Hills - 188.0 Shouse Village
Shouse Village,Week1,Country Club Hills,Week3,214.0 Shouse Village - 188.0 Country Club Hills
Sideburn Run,Week2,Dominion Hills,Week5,236.0 Dominion Hills - 166.0 Sideburn Run
Shouse Village,Week1,Country Club Hills,Week2,213.0 Shouse Village - 189.0 Country Club Hills
Shouse Village,Week1,Greenbriar,Week2,233.0 Greenbriar - 169.0 Shouse Village
Shouse Village,Week2,Hamlet,Week3,309.0 Hamlet - 93.0 Shouse Village
Sideburn Run,Week1,Dominion Hills,Week2,220.0 Sideburn Run - 182.0 Dominion Hills
Shouse Village,Week3,Greenbriar,Week2,232.0 Greenbriar - 170.0 Shouse Village
Rutherford,Week4,Vienna Woods,Week3,334.0 Vienna Woods - 68.0 Rutherford
Shouse Village,Week2,Greenbriar,Week4,214.0 Greenbriar - 188.0 Shouse Village
Shouse Village,Week1,Hamlet,Week4,272.0 Hamlet - 130.0 Shouse Village
Shouse Village,Week4,Sleepy Hollow Rec,Week3,262.0 Shouse Village - 140.0 Sleepy Hollow Rec
Shouse Village,Week1,Country Club Hills,Week1,215.0 Shouse Village - 187.0 Country Club Hills
Sideburn Run,Week5,Daventry,Week2,308.0 Sideburn Run - 93.0 Daventry
Sideburn Run,Week1,Dominion Hills,Week4,214.0 Dominion Hills - 188.0 Sideburn Run
Rutherford,Week3,Vienna Woods,Week3,337.0 Vienna Woods - 65.0 Rutherford
Shouse Village,Week2,Hamlet,Week1,298.5 Hamlet - 103.5 Shouse Village
Shouse Village,Week5,Sleepy Hollow Rec,Week3,263.0 Shouse Village - 139.0 Sleepy Hollow Rec
Shouse Village,Week2,Somerset-Olde Creek,Week5,266.5 Shouse Village - 131.5 Somerset-Olde Creek
Shouse Village,Week2,Country Club Hills,Week4,205.0 Shouse Village - 197.0 Country Club Hills
Sideburn Run,Week3,Daventry,Week4,315.0 Sideburn Run - 87.0 Daventry
Shouse Village,Week3,Greenbriar,Week1,203.0 Greenbriar - 199.0 Shouse Village
Sideburn Run,Week5,Daventry,Week5,297.0 Sideburn Run - 105.0 Daventry
Rutherford,Week5,Kings Ridge ,Week1,224.0 Rutherford - 178.0 Kings Ridge
Sideburn Run,Week3,Dominion Hills,Week3,226.0 Sideburn Run - 176.0 Dominion Hills
Shouse Village,Week4,Greenbriar,Week1,209.0 Greenbriar - 193.0 Shouse Village
Shouse Village,Week5,Sleepy Hollow Rec,Week1,262.0 Shouse Village - 140.0 Sleepy Hollow Rec
Shouse Village,Week2,Country Club Hills,Week1,201.0 Country Club Hills - 201.0 Shouse Village
Sideburn Run,Week4,Dominion Hills,Week5,220.0 Dominion Hills - 182.0 Sideburn Run
Shouse Village,Week4,Crosspointe,Week5,248.0 Crosspointe - 154.0 Shouse Village
Sideburn Run,Week1,Donaldson Run,Week3,266.0 Donaldson Run - 136.0 Sideburn Run
Shouse Village,Week3,South Run,Week4,235.0 Shouse Village - 167.0 South Run
Sideburn Run,Week4,Daventry,Week1,321.0 Sideburn Run - 81.0 Daventry
Sideburn Run,Week2,Donaldson Run,Week4,270.0 Donaldson Run - 132.0 Sideburn Run
Sideburn Run,Week3,Daventry,Week5,287.0 Sideburn Run - 115.0 Daventry
Shouse Village,Week1,Somerset-Olde Creek,Week3,308.0 Shouse Village - 92.0 Somerset-Olde Creek
Shouse Village,Week2,Crosspointe,Week1,280.5 Crosspointe - 121.5 Shouse Village
Shouse Village,Week1,Somerset-Olde Creek,Week2,305.0 Shouse Village - 95.0 Somerset-Olde Creek
Shouse Village,Week2,Greenbriar,Week5,234.0 Greenbriar - 168.0 Shouse Village
Shouse Village,Week4,Somerset-Olde Creek,Week2,329.0 Shouse Village - 73.0 Somerset-Olde Creek
Shouse Village,Week2,Daventry,Week1,282.0 Shouse Village - 119.0 Daventry
Shouse Village,Week1,Greenbriar,Week4,222.0 Greenbriar - 180.0 Shouse Village
Sideburn Run,Week3,Dominion Hills,Week1,232.0 Sideburn Run - 170.0 Dominion Hills
Shouse Village,Week1,Greenbriar,Week5,231.0 Greenbriar - 171.0 Shouse Village
Shouse Village,Week5,Sleepy Hollow Rec,Week2,272.0 Shouse Village - 130.0 Sleepy Hollow Rec
Shouse Village,Week4,Country Club Hills,Week2,249.0 Shouse Village - 153.0 Country Club Hills
Shouse Village,Week2,Greenbriar,Week3,244.0 Greenbriar - 158.0 Shouse Village
Shouse Village,Week5,Greenbriar,Week4,202.0 Shouse Village - 200.0 Greenbriar
Sideburn Run,Week3,Donaldson Run,Week1,264.0 Donaldson Run - 138.0 Sideburn Run
Shouse Village,Week5,Somerset-Olde Creek,Week4,299.0 Shouse Village - 103.0 Somerset-Olde Creek
Shouse Village,Week3,Crosspointe,Week4,246.0 Crosspointe - 156.0 Shouse Village
Shouse Village,Week3,Somerset-Olde Creek,Week1,312.0 Shouse Village - 90.0 Somerset-Olde Creek
Shouse Village,Week2,Greenbriar,Week2,255.0 Greenbriar - 147.0 Shouse Village
Sideburn Run,Week3,Daventry,Week2,307.0 Sideburn Run - 94.0 Daventry
Shouse Village,Week4,Country Club Hills,Week3,253.0 Shouse Village - 149.0 Country Club Hills
Shouse Village,Week2,Hamlet,Week2,320.0 Hamlet - 82.0 Shouse Village
Shouse Village,Week3,Crosspointe,Week3,246.5 Crosspointe - 155.5 Shouse Village
Shouse Village,Week4,Greenbriar,Week3,219.0 Greenbriar - 183.0 Shouse Village
Sideburn Run,Week4,Daventry,Week2,311.0 Sideburn Run - 90.0 Daventry
Shouse Village,Week2,Country Club Hills,Week2,215.0 Shouse Village - 187.0 Country Club Hills
Shouse Village,Week4,Somerset-Olde Creek,Week1,319.0 Shouse Village - 79.0 Somerset-Olde Creek
Shouse Village,Week1,Hamlet,Week1,281.0 Hamlet - 121.0 Shouse Village
Shouse Village,Week3,Country Club Hills,Week5,209.0 Shouse Village - 193.0 Country Club Hills
Shouse Village,Week3,Somerset-Olde Creek,Week2,314.0 Shouse Village - 88.0 Somerset-Olde Creek
Shouse Village,Week3,Country Club Hills,Week2,237.0 Shouse Village - 165.0 Country Club Hills
Sideburn Run,Week1,Dominion Hills,Week1,234.0 Sideburn Run - 168.0 Dominion Hills
Shouse Village,Week2,Crosspointe,Week3,283.0 Crosspointe - 119.0 Shouse Village
Sideburn Run,Week2,Daventry,Week4,307.0 Sideburn Run - 95.0 Daventry
Shouse Village,Week1,Somerset-Olde Creek,Week1,305.0 Shouse Village - 95.0 Somerset-Olde Creek
Shouse Village,Week5,Greenbriar,Week3,212.0 Greenbriar - 190.0 Shouse Village
Shouse Village,Week3,Greenbriar,Week5,219.0 Greenbriar - 183.0 Shouse Village
Shouse Village,Week1,Greenbriar,Week1,221.0 Greenbriar - 181.0 Shouse Village
Shouse Village,Week3,Somerset-Olde Creek,Week5,278.0 Shouse Village - 124.0 Somerset-Olde Creek
Shouse Village,Week3,Somerset-Olde Creek,Week3,316.0 Shouse Village - 86.0 Somerset-Olde Creek
Shouse Village,Week1,Country Club Hills,Week4,217.0 Shouse Village - 185.0 Country Club Hills
Shouse Village,Week3,South Run,Week3,223.0 Shouse Village - 179.0 South Run
Shouse Village,Week4,Crosspointe,Week1,238.0 Crosspointe - 164.0 Shouse Village
Shouse Village,Week1,Greenbriar,Week3,239.0 Greenbriar - 163.0 Shouse Village
Sideburn Run,Week5,Dominion Hills,Week2,234.0 Sideburn Run - 168.0 Dominion Hills
Sideburn Run,Week5,Dominion Hills,Week1,253.0 Sideburn Run - 149.0 Dominion Hills
Sideburn Run,Week2,Donaldson Run,Week1,276.0 Donaldson Run - 126.0 Sideburn Run
Shouse Village,Week5,South Run,Week2,237.0 Shouse Village - 164.0 South Run
Shouse Village,Week4,Greenbriar,Week2,227.0 Greenbriar - 175.0 Shouse Village
Shouse Village,Week3,Greenbriar,Week4,207.0 Greenbriar - 195.0 Shouse Village
Shouse Village,Week1,South Run,Week2,223.0 Shouse Village - 175.0 South Run
Shouse Village,Week4,Crosspointe,Week4,230.0 Crosspointe - 172.0 Shouse Village
Shouse Village,Week1,South Run,Week5,213.0 Shouse Village - 189.0 South Run
Shouse Village,Week5,Crosspointe,Week3,234.0 Crosspointe - 168.0 Shouse Village
Shouse Village,Week5,Crosspointe,Week1,225.0 Crosspointe - 177.0 Shouse Village
Sideburn Run,Week3,Dominion Hills,Week5,218.0 Dominion Hills - 184.0 Sideburn Run
Sideburn Run,Week3,Dominion Hills,Week2,222.0 Sideburn Run - 180.0 Dominion Hills
Shouse Village,Week5,Crosspointe,Week4,231.0 Crosspointe - 171.0 Shouse Village
Shouse Village,Week4,Somerset-Olde Creek,Week3,316.0 Shouse Village - 80.0 Somerset-Olde Creek
Shouse Village,Week3,Greenbriar,Week3,218.0 Greenbriar - 184.0 Shouse Village
Shouse Village,Week1,South Run,Week4,223.0 Shouse Village - 175.0 South Run
Shouse Village,Week3,Crosspointe,Week5,260.0 Crosspointe - 142.0 Shouse Village
Shouse Village,Week3,Daventry,Week5,264.0 Shouse Village - 138.0 Daventry
Sideburn Run,Week1,Donaldson Run,Week1,258.0 Donaldson Run - 144.0 Sideburn Run
Shouse Village,Week1,Hamlet,Week5,300.0 Hamlet - 102.0 Shouse Village
Sideburn Run,Week1,Dowden Terrace,Week2,211.0 Dowden Terrace - 191.0 Sideburn Run
Shouse Village,Week1,Daventry,Week1,277.0 Shouse Village - 125.0 Daventry
Sideburn Run,Week3,Dominion Hills,Week4,224.0 Dominion Hills - 178.0 Sideburn Run
Shouse Village,Week1,Hamlet,Week3,296.0 Hamlet - 106.0 Shouse Village
Shouse Village,Week5,Greenbriar,Week2,227.0 Greenbriar - 175.0 Shouse Village
Shouse Village,Week4,Somerset-Olde Creek,Week5,291.0 Shouse Village - 110.0 Somerset-Olde Creek
Shouse Village,Week4,Greenbriar,Week4,209.0 Shouse Village - 193.0 Greenbriar
Shouse Village,Week3,South Run,Week1,208.0 Shouse Village - 185.0 South Run
Sideburn Run,Week2,Donaldson Run,Week3,274.0 Donaldson Run - 128.0 Sideburn Run
Shouse Village,Week5,Somerset-Olde Creek,Week2,319.0 Shouse Village - 82.0 Somerset-Olde Creek
Shouse Village,Week1,Crosspointe,Week5,279.0 Crosspointe - 123.0 Shouse Village
Shouse Village,Week5,Greenbriar,Week5,208.0 Greenbriar - 194.0 Shouse Village
Shouse Village,Week1,Hamlet,Week2,300.0 Hamlet - 102.0 Shouse Village
Shouse Village,Week2,Crosspointe,Week4,273.0 Crosspointe - 129.0 Shouse Village
Shouse Village,Week1,Springboard,Week1,260.0 Shouse Village - 142.0 Springboard
Sideburn Run,Week4,Dominion Hills,Week2,216.0 Sideburn Run - 186.0 Dominion Hills
Shouse Village,Week1,Crosspointe,Week4,254.5 Crosspointe - 147.5 Shouse Village
Shouse Village,Week2,South Run,Week4,213.0 Shouse Village - 188.0 South Run
Sideburn Run,Week5,Dominion Hills,Week4,210.0 Dominion Hills - 192.0 Sideburn Run
Shouse Village,Week3,Hayfield Farm,Week4,210.0 Hayfield Farm - 192.0 Shouse Village
Sideburn Run,Week1,Donaldson Run,Week4,264.0 Donaldson Run - 138.0 Sideburn Run
Shouse Village,Week2,Crosspointe,Week5,290.0 Crosspointe - 112.0 Shouse Village
Shouse Village,Week4,South Run,Week2,246.0 Shouse Village - 156.0 South Run
Sideburn Run,Week5,Dominion Hills,Week5,217.0 Dominion Hills - 185.0 Sideburn Run
Shouse Village,Week4,South Run,Week4,248.0 Shouse Village - 154.0 South Run
Shouse Village,Week4,Hamlet,Week2,293.0 Hamlet - 109.0 Shouse Village
Sideburn Run,Week5,Dominion Hills,Week3,239.0 Sideburn Run - 163.0 Dominion Hills
Shouse Village,Week3,Hayfield Farm,Week1,202.0 Hayfield Farm - 200.0 Shouse Village
Sideburn Run,Week1,Donaldson Run,Week2,255.0 Donaldson Run - 147.0 Sideburn Run
Sideburn Run,Week3,Donaldson Run,Week5,291.0 Donaldson Run - 111.0 Sideburn Run
Shouse Village,Week1,Daventry,Week4,280.0 Shouse Village - 121.0 Daventry
Shouse Village,Week4,Hamlet,Week1,273.0 Hamlet - 129.0 Shouse Village
Sideburn Run,Week3,Donaldson Run,Week3,260.0 Donaldson Run - 142.0 Sideburn Run
Shouse Village,Week1,Crosspointe,Week3,261.0 Crosspointe - 141.0 Shouse Village
Sideburn Run,Week4,Dominion Hills,Week1,222.5 Sideburn Run - 179.5 Dominion Hills
Sideburn Run,Week2,Donaldson Run,Week5,304.0 Donaldson Run - 98.0 Sideburn Run
Shouse Village,Week1,Daventry,Week5,258.0 Shouse Village - 143.0 Daventry
Sideburn Run,Week3,Donaldson Run,Week2,257.0 Donaldson Run - 145.0 Sideburn Run
Shouse Village,Week3,Crosspointe,Week2,241.0 Crosspointe - 161.0 Shouse Village
Shouse Village,Week3,Hamlet,Week1,268.0 Hamlet - 134.0 Shouse Village
Shouse Village,Week3,Hayfield Farm,Week3,229.0 Hayfield Farm - 173.0 Shouse Village
Shouse Village,Week4,Somerset-Olde Creek,Week4,298.0 Shouse Village - 104.0 Somerset-Olde Creek
Shouse Village,Week4,South Run,Week1,233.5 Shouse Village - 159.5 South Run
Sideburn Run,Week1,Donaldson Run,Week5,282.0 Donaldson Run - 120.0 Sideburn Run
Shouse Village,Week1,Daventry,Week2,278.0 Shouse Village - 124.0 Daventry
Shouse Village,Week1,Hayfield Farm,Week4,228.0 Hayfield Farm - 174.0 Shouse Village
Shouse Village,Week4,Hamlet,Week3,280.0 Hamlet - 122.0 Shouse Village
Shouse Village,Week3,Hayfield Farm,Week2,215.0 Hayfield Farm - 187.0 Shouse Village
Sideburn Run,Week4,Donaldson Run,Week5,293.5 Donaldson Run - 108.5 Sideburn Run
Shouse Village,Week2,Crosspointe,Week2,274.0 Crosspointe - 128.0 Shouse Village
Shouse Village,Week5,Somerset-Olde Creek,Week5,287.0 Shouse Village - 115.0 Somerset-Olde Creek
Shouse Village,Week2,Hayfield Farm,Week2,231.0 Hayfield Farm - 171.0 Shouse Village
Shouse Village,Week5,Crosspointe,Week2,217.0 Crosspointe - 185.0 Shouse Village
Sideburn Run,Week2,Donaldson Run,Week2,270.0 Donaldson Run - 132.0 Sideburn Run
Shouse Village,Week5,Hamlet,Week3,275.0 Hamlet - 126.0 Shouse Village
Shouse Village,Week2,Daventry,Week2,278.0 Shouse Village - 124.0 Daventry
Shouse Village,Week3,Hamlet,Week5,295.0 Hamlet - 107.0 Shouse Village
Sideburn Run,Week4,Dominion Hills,Week3,221.0 Sideburn Run - 181.0 Dominion Hills
Shouse Village,Week2,South Run,Week2,206.0 Shouse Village - 196.0 South Run
Shouse Village,Week3,Crosspointe,Week1,248.0 Crosspointe - 154.0 Shouse Village
Shouse Village,Week4,Crosspointe,Week2,222.0 Crosspointe - 180.0 Shouse Village
Shouse Village,Week5,Somerset-Olde Creek,Week3,322.0 Shouse Village - 79.0 Somerset-Olde Creek
Shouse Village,Week1,South Run,Week3,211.0 Shouse Village - 190.0 South Run
Shouse Village,Week3,Hamlet,Week3,289.0 Hamlet - 113.0 Shouse Village
Shouse Village,Week1,South Run,Week1,215.0 Shouse Village - 178.0 South Run
Shouse Village,Week5,Somerset-Olde Creek,Week1,310.0 Shouse Village - 90.0 Somerset-Olde Creek
Shouse Village,Week3,Hamlet,Week4,272.0 Hamlet - 130.0 Shouse Village
Shouse Village,Week2,South Run,Week1,202.0 South Run - 191.0 Shouse Village
Sideburn Run,Week4,Dominion Hills,Week4,225.0 Dominion Hills - 177.0 Sideburn Run
Shouse Village,Week5,Crosspointe,Week5,242.0 Crosspointe - 160.0 Shouse Village
Shouse Village,Week2,South Run,Week3,210.0 South Run - 192.0 Shouse Village
Shouse Village,Week1,Daventry,Week3,266.0 Shouse Village - 135.0 Daventry
Shouse Village,Week2,South Run,Week5,229.0 South Run - 173.0 Shouse Village
Shouse Village,Week4,Crosspointe,Week3,234.0 Crosspointe - 168.0 Shouse Village
Shouse Village,Week5,South Run,Week4,247.0 Shouse Village - 154.0 South Run
Shouse Village,Week2,Hayfield Farm,Week4,238.0 Hayfield Farm - 164.0 Shouse Village
Shouse Village,Week3,South Run,Week2,224.0 Shouse Village - 178.0 South Run
Shouse Village,Week4,South Run,Week3,239.0 Shouse Village - 163.0 South Run
Shouse Village,Week1,Hayfield Farm,Week5,224.0 Hayfield Farm - 178.0 Shouse Village
Sideburn Run,Week4,Donaldson Run,Week2,264.0 Donaldson Run - 138.0 Sideburn Run
Shouse Village,Week3,Daventry,Week2,280.0 Shouse Village - 122.0 Daventry
Sideburn Run,Week5,Donaldson Run,Week2,252.0 Donaldson Run - 150.0 Sideburn Run
Sideburn Run,Week5,Donaldson Run,Week1,247.0 Donaldson Run - 155.0 Sideburn Run
Shouse Village,Week2,Daventry,Week3,266.0 Shouse Village - 136.0 Daventry
Shouse Village,Week3,South Run,Week5,216.0 Shouse Village - 186.0 South Run
Shouse Village,Week5,Hamlet,Week5,282.0 Hamlet - 120.0 Shouse Village
Shouse Village,Week3,Daventry,Week1,286.0 Shouse Village - 116.0 Daventry
Shouse Village,Week5,South Run,Week1,224.0 Shouse Village - 169.0 South Run
Shouse Village,Week2,Daventry,Week5,249.0 Shouse Village - 153.0 Daventry
Sideburn Run,Week4,Donaldson Run,Week4,281.0 Donaldson Run - 121.0 Sideburn Run
Shouse Village,Week2,Daventry,Week4,281.0 Shouse Village - 121.0 Daventry
Shouse Village,Week4,South Run,Week5,232.0 Shouse Village - 170.0 South Run
Shouse Village,Week5,Hamlet,Week4,254.0 Hamlet - 148.0 Shouse Village
Sideburn Run,Week4,Donaldson Run,Week3,274.0 Donaldson Run - 128.0 Sideburn Run
Shouse Village,Week4,Hamlet,Week4,263.0 Hamlet - 139.0 Shouse Village
Shouse Village,Week2,Hamlet,Week5,321.0 Hamlet - 81.0 Shouse Village
Sideburn Run,Week5,Donaldson Run,Week5,282.0 Donaldson Run - 120.0 Sideburn Run
Shouse Village,Week3,Daventry,Week4,306.0 Shouse Village - 96.0 Daventry
Shouse Village,Week3,Daventry,Week3,276.5 Shouse Village - 125.5 Daventry
Shouse Village,Week3,Hamlet,Week2,293.0 Hamlet - 109.0 Shouse Village
Sideburn Run,Week5,Donaldson Run,Week3,251.0 Donaldson Run - 151.0 Sideburn Run
Shouse Village,Week5,Hamlet,Week2,272.0 Hamlet - 130.0 Shouse Village
Sideburn Run,Week4,Donaldson Run,Week1,271.0 Donaldson Run - 131.0 Sideburn Run
Shouse Village,Week4,Hamlet,Week5,298.0 Hamlet - 104.0 Shouse Village
Shouse Village,Week5,South Run,Week3,228.0 Shouse Village - 174.0 South Run
Shouse Village,Week3,Springboard,Week4,269.0 Shouse Village - 133.0 Springboard
Shouse Village,Week5,Daventry,Week5,276.0 Shouse Village - 125.0 Daventry
Shouse Village,Week4,Daventry,Week5,278.0 Shouse Village - 124.0 Daventry
Sideburn Run,Week5,Donaldson Run,Week4,260.0 Donaldson Run - 142.0 Sideburn Run
Sideburn Run,Week1,Dowden Terrace,Week1,211.0 Sideburn Run - 191.0 Dowden Terrace
Shouse Village,Week1,Hayfield Farm,Week2,234.0 Hayfield Farm - 168.0 Shouse Village
Shouse Village,Week5,South Run,Week5,227.0 Shouse Village - 175.0 South Run
Shouse Village,Week4,Daventry,Week2,297.0 Shouse Village - 105.0 Daventry
Shouse Village,Week2,Springboard,Week3,261.0 Shouse Village - 141.0 Springboard
Shouse Village,Week2,Springboard,Week4,261.0 Shouse Village - 140.0 Springboard
Shouse Village,Week4,Daventry,Week3,292.0 Shouse Village - 109.0 Daventry
Shouse Village,Week1,Hayfield Farm,Week1,231.0 Hayfield Farm - 171.0 Shouse Village
Sideburn Run,Week3,Donaldson Run,Week4,266.0 Donaldson Run - 136.0 Sideburn Run
Shouse Village,Week1,Springboard,Week3,266.0 Shouse Village - 136.0 Springboard
Shouse Village,Week1,Springfield,Week1,328.0 Shouse Village - 71.0 Springfield
Shouse Village,Week1,Springfield,Week5,345.0 Shouse Village - 53.0 Springfield
Shouse Village,Week3,Hayfield Farm,Week5,213.0 Hayfield Farm - 189.0 Shouse Village
Shouse Village,Week1,Dominion Hills,Week2,224.0 Dominion Hills - 178.0 Shouse Village
Sideburn Run,Week3,Dowden Terrace,Week5,218.0 Dowden Terrace - 184.0 Sideburn Run
Shouse Village,Week5,Daventry,Week3,293.0 Shouse Village - 108.0 Daventry
Shouse Village,Week1,Dominion Hills,Week5,241.0 Dominion Hills - 161.0 Shouse Village
Sideburn Run,Week1,Dowden Terrace,Week4,202.0 Dowden Terrace - 200.0 Sideburn Run
Shouse Village,Week1,Springboard,Week4,257.0 Shouse Village - 145.0 Springboard
Shouse Village,Week4,Hayfield Farm,Week1,211.0 Shouse Village - 191.0 Hayfield Farm
Shouse Village,Week1,Herndon,Week2,292.0 Shouse Village - 109.0 Herndon
Shouse Village,Week1,Springfield,Week2,334.0 Shouse Village - 65.0 Springfield
Sideburn Run,Week2,Dowden Terrace,Week4,224.0 Dowden Terrace - 178.0 Sideburn Run
Shouse Village,Week2,Dominion Hills,Week4,247.0 Dominion Hills - 155.0 Shouse Village
Shouse Village,Week4,Springboard,Week3,291.0 Shouse Village - 111.0 Springboard
Sideburn Run,Week2,Dowden Terrace,Week5,248.0 Dowden Terrace - 154.0 Sideburn Run
Shouse Village,Week5,Hamlet,Week1,264.0 Hamlet - 138.0 Shouse Village
Shouse Village,Week3,Springboard,Week1,273.0 Shouse Village - 129.0 Springboard
Shouse Village,Week2,Hayfield Farm,Week5,222.0 Hayfield Farm - 180.0 Shouse Village
Shouse Village,Week1,Springfield,Week4,316.0 Shouse Village - 84.0 Springfield
Shouse Village,Week2,Hayfield Farm,Week3,236.0 Hayfield Farm - 165.0 Shouse Village
Shouse Village,Week2,Dominion Hills,Week5,253.0 Dominion Hills - 149.0 Shouse Village
Sideburn Run,Week3,Dowden Terrace,Week1,213.0 Sideburn Run - 188.0 Dowden Terrace
Shouse Village,Week3,Dominion Hills,Week2,206.0 Dominion Hills - 196.0 Shouse Village
Sideburn Run,Week2,Dowden Terrace,Week2,221.0 Dowden Terrace - 181.0 Sideburn Run
Shouse Village,Week2,Hayfield Farm,Week1,227.0 Hayfield Farm - 175.0 Shouse Village
Shouse Village,Week1,Dominion Hills,Week1,202.0 Dominion Hills - 200.0 Shouse Village
Shouse Village,Week1,Springboard,Week5,253.0 Shouse Village - 149.0 Springboard
Shouse Village,Week2,Dominion Hills,Week2,231.0 Dominion Hills - 171.0 Shouse Village
Sideburn Run,Week3,Dowden Terrace,Week2,203.0 Sideburn Run - 199.0 Dowden Terrace
Shouse Village,Week5,Springboard,Week2,304.0 Shouse Village - 98.0 Springboard
Shouse Village,Week5,Hayfield Farm,Week4,214.0 Shouse Village - 188.0 Hayfield Farm
Sideburn Run,Week3,Dowden Terrace,Week3,217.0 Sideburn Run - 185.0 Dowden Terrace
Shouse Village,Week3,Dominion Hills,Week3,208.0 Shouse Village - 194.0 Dominion Hills
Shouse Village,Week2,Hamlet,Week4,295.0 Hamlet - 107.0 Shouse Village
Sideburn Run,Week4,Dowden Terrace,Week4,214.0 Dowden Terrace - 188.0 Sideburn Run
Shouse Village,Week2,Springfield,Week1,350.0 Shouse Village - 50.0 Springfield
Shouse Village,Week5,Hayfield Farm,Week3,212.0 Hayfield Farm - 190.0 Shouse Village
Sideburn Run,Week1,Dowden Terrace,Week5,220.0 Dowden Terrace - 182.0 Sideburn Run
Shouse Village,Week4,Herndon,Week5,323.0 Shouse Village - 79.0 Herndon
Shouse Village,Week3,Dominion Hills,Week4,227.0 Dominion Hills - 175.0 Shouse Village
Sideburn Run,Week4,Dowden Terrace,Week1,212.0 Sideburn Run - 189.0 Dowden Terrace
Shouse Village,Week3,Herndon,Week1,316.0 Shouse Village - 86.0 Herndon
Sideburn Run,Week2,Dowden Terrace,Week1,210.0 Dowden Terrace - 191.0 Sideburn Run
Sideburn Run,Week4,Dowden Terrace,Week2,201.0 Dowden Terrace - 201.0 Sideburn Run
Shouse Village,Week5,Springboard,Week1,279.0 Shouse Village - 123.0 Springboard
Shouse Village,Week3,Dominion Hills,Week5,239.0 Dominion Hills - 163.0 Shouse Village
Shouse Village,Week4,Hayfield Farm,Week4,203.0 Shouse Village - 199.0 Hayfield Farm
Shouse Village,Week1,Dominion Hills,Week4,238.0 Dominion Hills - 164.0 Shouse Village
Shouse Village,Week2,Springboard,Week1,275.0 Shouse Village - 126.0 Springboard
Shouse Village,Week2,Springboard,Week2,278.0 Shouse Village - 124.0 Springboard
Shouse Village,Week2,Dominion Hills,Week3,213.0 Dominion Hills - 189.0 Shouse Village
Shouse Village,Week2,Dominion Hills,Week1,216.0 Dominion Hills - 186.0 Shouse Village
Sideburn Run,Week4,Dowden Terrace,Week5,226.0 Dowden Terrace - 176.0 Sideburn Run
Shouse Village,Week3,Springboard,Week2,287.0 Shouse Village - 115.0 Springboard
Shouse Village,Week1,Herndon,Week1,302.0 Shouse Village - 100.0 Herndon
Shouse Village,Week1,Hayfield Farm,Week3,243.0 Hayfield Farm - 159.0 Shouse Village
Shouse Village,Week4,Springboard,Week2,293.0 Shouse Village - 108.0 Springboard
Shouse Village,Week1,Dominion Hills,Week3,205.0 Shouse Village - 197.0 Dominion Hills
Shouse Village,Week5,Daventry,Week2,287.0 Shouse Village - 114.0 Daventry
Shouse Village,Week5,Springboard,Week4,283.0 Shouse Village - 119.0 Springboard
Sideburn Run,Week2,Dowden Terrace,Week3,204.0 Sideburn Run - 198.0 Dowden Terrace
Sideburn Run,Week5,Dowden Terrace,Week2,207.0 Sideburn Run - 195.0 Dowden Terrace
Sideburn Run,Week3,Dowden Terrace,Week4,205.0 Dowden Terrace - 197.0 Sideburn Run
Shouse Village,Week2,Herndon,Week3,293.0 Shouse Village - 109.0 Herndon
Shouse Village,Week1,Springboard,Week2,276.0 Shouse Village - 126.0 Springboard
Sideburn Run,Week5,Dowden Terrace,Week1,211.0 Sideburn Run - 190.0 Dowden Terrace
Shouse Village,Week1,Springfield,Week3,335.0 Shouse Village - 65.0 Springfield
Shouse Village,Week2,Herndon,Week2,295.0 Shouse Village - 106.0 Herndon
Shouse Village,Week4,Daventry,Week4,309.0 Shouse Village - 93.0 Daventry
Shouse Village,Week5,Daventry,Week1,295.0 Shouse Village - 106.0 Daventry
Shouse Village,Week4,Hayfield Farm,Week5,220.0 Shouse Village - 182.0 Hayfield Farm
Shouse Village,Week5,Springboard,Week3,282.0 Shouse Village - 120.0 Springboard
Shouse Village,Week3,Herndon,Week4,303.0 Shouse Village - 99.0 Herndon
Sideburn Run,Week1,Dowden Terrace,Week3,209.5 Sideburn Run - 192.5 Dowden Terrace
Shouse Village,Week4,Dominion Hills,Week1,249.0 Shouse Village - 153.0 Dominion Hills
Sideburn Run,Week4,Dunn Loring,Week1,239.0 Dunn Loring - 163.0 Sideburn Run
Shouse Village,Week5,Hayfield Farm,Week5,218.0 Shouse Village - 184.0 Hayfield Farm
Shouse Village,Week4,Dominion Hills,Week4,202.0 Shouse Village - 199.0 Dominion Hills
Sideburn Run,Week5,Dowden Terrace,Week4,204.0 Dowden Terrace - 198.0 Sideburn Run
Shouse Village,Week2,Springboard,Week5,260.0 Shouse Village - 142.0 Springboard
Shouse Village,Week1,Donaldson Run,Week2,268.0 Donaldson Run - 134.0 Shouse Village
Shouse Village,Week3,Springboard,Week3,276.0 Shouse Village - 126.0 Springboard
Sideburn Run,Week5,Dowden Terrace,Week3,230.0 Sideburn Run - 172.0 Dowden Terrace
Sideburn Run,Week3,Dunn Loring,Week3,296.5 Dunn Loring - 105.5 Sideburn Run
Shouse Village,Week5,Hayfield Farm,Week1,224.0 Shouse Village - 178.0 Hayfield Farm
Shouse Village,Week4,Hayfield Farm,Week3,205.0 Hayfield Farm - 197.0 Shouse Village
Shouse Village,Week4,Springboard,Week5,284.0 Shouse Village - 118.0 Springboard
Shouse Village,Week4,Hayfield Farm,Week2,218.0 Shouse Village - 184.0 Hayfield Farm
Shouse Village,Week3,Dominion Hills,Week1,222.0 Shouse Village - 180.0 Dominion Hills
Shouse Village,Week3,Donaldson Run,Week3,269.0 Donaldson Run - 133.0 Shouse Village
Shouse Village,Week4,Daventry,Week1,298.0 Shouse Village - 104.0 Daventry
Shouse Village,Week5,Springboard,Week5,271.0 Shouse Village - 131.0 Springboard
Shouse Village,Week3,Springboard,Week5,265.0 Shouse Village - 137.0 Springboard
Sideburn Run,Week1,Dunn Loring,Week5,274.0 Dunn Loring - 128.0 Sideburn Run
Shouse Village,Week1,Herndon,Week3,297.0 Shouse Village - 105.0 Herndon
Shouse Village,Week5,Daventry,Week4,301.0 Shouse Village - 100.0 Daventry
Sideburn Run,Week4,Dowden Terrace,Week3,217.0 Sideburn Run - 185.0 Dowden Terrace
Shouse Village,Week2,Herndon,Week1,307.0 Shouse Village - 93.0 Herndon
Shouse Village,Week4,Springboard,Week4,289.0 Shouse Village - 112.0 Springboard
Sideburn Run,Week3,Dunn Loring,Week5,288.0 Dunn Loring - 114.0 Sideburn Run
Shouse Village,Week5,Donaldson Run,Week1,248.0 Donaldson Run - 154.0 Shouse Village
Shouse Village,Week1,Herndon,Week4,300.5 Shouse Village - 100.5 Herndon
Shouse Village,Week4,Springfield,Week2,352.0 Shouse Village - 42.0 Springfield
Sideburn Run,Week3,Dunn Loring,Week2,284.0 Dunn Loring - 118.0 Sideburn Run
Shouse Village,Week4,Springfield,Week1,352.0 Shouse Village - 42.0 Springfield
Shouse Village,Week2,Herndon,Week4,313.0 Shouse Village - 89.0 Herndon
Shouse Village,Week4,Dominion Hills,Week5,218.0 Dominion Hills - 184.0 Shouse Village
Shouse Village,Week3,Stratford,Week2,265.0 Shouse Village - 137.0 Stratford
Shouse Village,Week3,Donaldson Run,Week2,256.0 Donaldson Run - 146.0 Shouse Village
Shouse Village,Week4,Donaldson Run,Week1,246.0 Donaldson Run - 156.0 Shouse Village
Shouse Village,Week5,Hayfield Farm,Week2,217.0 Shouse Village - 185.0 Hayfield Farm
Shouse Village,Week2,Springfield,Week4,337.0 Shouse Village - 63.0 Springfield
Shouse Village,Week2,Springfield,Week3,348.0 Shouse Village - 52.0 Springfield
Shouse Village,Week2,Stratford,Week2,236.0 Shouse Village - 166.0 Stratford
Shouse Village,Week1,Donaldson Run,Week5,285.5 Donaldson Run - 116.5 Shouse Village
Shouse Village,Week3,Herndon,Week5,304.0 Shouse Village - 98.0 Herndon
Sideburn Run,Week1,Fair Oaks ,Week5,220.0 Fair Oaks - 182.0 Sideburn Run
Shouse Village,Week4,Springfield,Week4,339.0 Shouse Village - 56.0 Springfield
Shouse Village,Week1,Dowden Terrace,Week4,229.0 Dowden Terrace - 173.0 Shouse Village
Shouse Village,Week4,Herndon,Week3,323.0 Shouse Village - 79.0 Herndon
Shouse Village,Week2,Hiddenbrook,Week5,204.0 Shouse Village - 198.0 Hiddenbrook
Sideburn Run,Week1,Dunn Loring,Week1,237.0 Dunn Loring - 165.0 Sideburn Run
Shouse Village,Week2,Donaldson Run,Week1,290.0 Donaldson Run - 112.0 Shouse Village
Sideburn Run,Week2,Dunn Loring,Week2,290.0 Dunn Loring - 112.0 Sideburn Run
Shouse Village,Week5,Dominion Hills,Week2,217.0 Shouse Village - 185.0 Dominion Hills
Shouse Village,Week3,Herndon,Week3,301.0 Shouse Village - 101.0 Herndon
Shouse Village,Week3,Springfield,Week2,356.0 Shouse Village - 44.0 Springfield
Sideburn Run,Week2,Dunn Loring,Week5,295.0 Dunn Loring - 107.0 Sideburn Run
Shouse Village,Week4,Springboard,Week1,294.0 Shouse Village - 108.0 Springboard
Shouse Village,Week4,Springfield,Week5,358.0 Shouse Village - 36.0 Springfield
Shouse Village,Week4,Herndon,Week1,325.0 Shouse Village - 77.0 Herndon
Shouse Village,Week4,Herndon,Week2,316.0 Shouse Village - 86.0 Herndon
Shouse Village,Week4,Herndon,Week4,317.0 Shouse Village - 85.0 Herndon
Shouse Village,Week2,Donaldson Run,Week2,293.0 Donaldson Run - 109.0 Shouse Village
Sideburn Run,Week1,Dunn Loring,Week4,272.0 Dunn Loring - 130.0 Sideburn Run
Sideburn Run,Week5,Dunn Loring,Week5,271.0 Dunn Loring - 131.0 Sideburn Run
Sideburn Run,Week5,Dowden Terrace,Week5,220.0 Dowden Terrace - 182.0 Sideburn Run
Shouse Village,Week1,Donaldson Run,Week3,277.0 Donaldson Run - 125.0 Shouse Village
Shouse Village,Week3,Herndon,Week2,299.0 Shouse Village - 103.0 Herndon
Shouse Village,Week5,Springfield,Week5,363.0 Shouse Village - 33.0 Springfield
Sideburn Run,Week2,Dunn Loring,Week4,289.0 Dunn Loring - 113.0 Sideburn Run
Shouse Village,Week1,Stratford,Week4,204.0 Shouse Village - 198.0 Stratford
Sideburn Run,Week2,Dunn Loring,Week3,285.5 Dunn Loring - 116.5 Sideburn Run
Shouse Village,Week2,Donaldson Run,Week3,298.0 Donaldson Run - 104.0 Shouse Village
Shouse Village,Week3,Hiddenbrook,Week4,237.0 Shouse Village - 165.0 Hiddenbrook
Sideburn Run,Week5,Dunn Loring,Week1,236.0 Dunn Loring - 166.0 Sideburn Run
Shouse Village,Week2,Herndon,Week5,299.0 Shouse Village - 103.0 Herndon
Shouse Village,Week3,Donaldson Run,Week1,267.0 Donaldson Run - 135.0 Shouse Village
Sideburn Run,Week4,Dunn Loring,Week5,292.0 Dunn Loring - 110.0 Sideburn Run
Shouse Village,Week1,Donaldson Run,Week4,278.5 Donaldson Run - 123.5 Shouse Village
Shouse Village,Week5,Herndon,Week3,308.0 Shouse Village - 94.0 Herndon
Shouse Village,Week1,Stratford,Week1,244.0 Shouse Village - 157.0 Stratford
Shouse Village,Week3,Donaldson Run,Week4,267.0 Donaldson Run - 135.0 Shouse Village
Shouse Village,Week3,Springfield,Week3,351.0 Shouse Village - 50.0 Springfield
Sideburn Run,Week4,Dunn Loring,Week2,289.5 Dunn Loring - 112.5 Sideburn Run
Shouse Village,Week1,Herndon,Week5,297.0 Shouse Village - 104.0 Herndon
Shouse Village,Week5,Springfield,Week1,350.0 Shouse Village - 47.0 Springfield
Shouse Village,Week5,Springfield,Week4,348.0 Shouse Village - 50.0 Springfield
Shouse Village,Week5,Dominion Hills,Week1,235.0 Shouse Village - 167.0 Dominion Hills
Shouse Village,Week2,Springfield,Week5,355.0 Shouse Village - 42.0 Springfield
Shouse Village,Week5,Hiddenbrook,Week4,266.0 Shouse Village - 135.0 Hiddenbrook
Shouse Village,Week4,Donaldson Run,Week4,253.0 Donaldson Run - 149.0 Shouse Village
Shouse Village,Week5,Dominion Hills,Week3,226.0 Shouse Village - 176.0 Dominion Hills
Shouse Village,Week4,Donaldson Run,Week5,270.0 Donaldson Run - 132.0 Shouse Village
Shouse Village,Week1,High Point Pool,Week1,225.0 High Point Pool - 177.0 Shouse Village
Shouse Village,Week4,Hiddenbrook,Week3,253.0 Shouse Village - 149.0 Hiddenbrook
Sideburn Run,Week1,Dunn Loring,Week3,273.0 Dunn Loring - 129.0 Sideburn Run
Sideburn Run,Week2,Dunn Loring,Week1,251.0 Dunn Loring - 151.0 Sideburn Run
Shouse Village,Week3,Springfield,Week1,349.0 Shouse Village - 52.0 Springfield
Shouse Village,Week3,Springfield,Week4,339.0 Shouse Village - 62.0 Springfield
Shouse Village,Week4,Dominion Hills,Week2,224.0 Shouse Village - 178.0 Dominion Hills
Shouse Village,Week1,High Point Pool,Week3,234.0 High Point Pool - 168.0 Shouse Village
Sideburn Run,Week3,Dunn Loring,Week4,274.0 Dunn Loring - 128.0 Sideburn Run
Sideburn Run,Week1,Dunn Loring,Week2,264.0 Dunn Loring - 138.0 Sideburn Run
Sideburn Run,Week4,Dunn Loring,Week3,287.0 Dunn Loring - 115.0 Sideburn Run
Shouse Village,Week4,Dominion Hills,Week3,229.0 Shouse Village - 173.0 Dominion Hills
Shouse Village,Week4,Walden Glen,Week1,270.0 Shouse Village - 132.0 Walden Glen
Shouse Village,Week5,Dominion Hills,Week4,205.0 Dominion Hills - 197.0 Shouse Village
Shouse Village,Week5,Herndon,Week5,313.0 Shouse Village - 88.0 Herndon
Shouse Village,Week2,Donaldson Run,Week4,297.0 Donaldson Run - 105.0 Shouse Village
Sideburn Run,Week4,Dunn Loring,Week4,274.0 Dunn Loring - 128.0 Sideburn Run
Shouse Village,Week5,Herndon,Week2,310.0 Shouse Village - 91.0 Herndon
Sideburn Run,Week5,Dunn Loring,Week2,282.0 Dunn Loring - 120.0 Sideburn Run
Sideburn Run,Week3,Dunn Loring,Week1,250.5 Dunn Loring - 151.5 Sideburn Run
Shouse Village,Week1,Hiddenbrook,Week2,269.0 Shouse Village - 133.0 Hiddenbrook
Shouse Village,Week3,Springfield,Week5,362.0 Shouse Village - 36.0 Springfield
Sideburn Run,Week1,Fair Oaks ,Week1,202.0 Fair Oaks - 200.0 Sideburn Run
Shouse Village,Week5,Hiddenbrook,Week3,267.0 Shouse Village - 134.0 Hiddenbrook
Sideburn Run,Week5,Dunn Loring,Week3,284.0 Dunn Loring - 118.0 Sideburn Run
Shouse Village,Week1,Stratford,Week5,219.0 Shouse Village - 183.0 Stratford
Sideburn Run,Week5,Dunn Loring,Week4,264.0 Dunn Loring - 138.0 Sideburn Run
Shouse Village,Week5,Dominion Hills,Week5,211.0 Dominion Hills - 191.0 Shouse Village
Shouse Village,Week3,Hiddenbrook,Week3,238.0 Shouse Village - 164.0 Hiddenbrook
Shouse Village,Week1,Donaldson Run,Week1,281.0 Donaldson Run - 121.0 Shouse Village
Shouse Village,Week5,Hiddenbrook,Week1,275.0 Shouse Village - 127.0 Hiddenbrook
Shouse Village,Week1,Stratford,Week2,230.0 Shouse Village - 172.0 Stratford
Shouse Village,Week5,Springfield,Week2,346.0 Shouse Village - 51.0 Springfield
Shouse Village,Week4,Springfield,Week3,348.0 Shouse Village - 47.0 Springfield
Shouse Village,Week2,Springfield,Week2,348.0 Shouse Village - 50.0 Springfield
Shouse Village,Week2,Stratford,Week4,216.0 Shouse Village - 186.0 Stratford
Shouse Village,Week1,Hiddenbrook,Week4,230.0 Shouse Village - 172.0 Hiddenbrook
Shouse Village,Week1,Stratford,Week3,227.0 Shouse Village - 175.0 Stratford
Shouse Village,Week1,Hiddenbrook,Week5,215.0 Shouse Village - 187.0 Hiddenbrook
Shouse Village,Week4,Donaldson Run,Week3,257.0 Donaldson Run - 145.0 Shouse Village
Sideburn Run,Week2,Fair Oaks ,Week1,224.0 Fair Oaks - 178.0 Sideburn Run
Shouse Village,Week3,Stratford,Week1,273.0 Shouse Village - 129.0 Stratford
Shouse Village,Week1,Hiddenbrook,Week3,236.0 Shouse Village - 166.0 Hiddenbrook
Shouse Village,Week5,Wakefield Chapel,Week5,284.0 Wakefield Chapel - 118.0 Shouse Village
Shouse Village,Week5,Wakefield Chapel,Week4,258.0 Wakefield Chapel - 144.0 Shouse Village
Shouse Village,Week2,Hiddenbrook,Week2,284.0 Shouse Village - 118.0 Hiddenbrook
Shouse Village,Week2,Sully Station,Week2,254.0 Sully Station - 148.0 Shouse Village
Shouse Village,Week5,Springfield,Week3,354.0 Shouse Village - 46.0 Springfield
Sideburn Run,Week1,Fair Oaks ,Week4,202.0 Sideburn Run - 200.0 Fair Oaks
Shouse Village,Week5,Wakefield Chapel,Week2,268.0 Wakefield Chapel - 134.0 Shouse Village
Shouse Village,Week2,Walden Glen,Week2,223.0 Shouse Village - 178.0 Walden Glen
Shouse Village,Week2,Stratford,Week1,241.0 Shouse Village - 161.0 Stratford
Sideburn Run,Week3,Fair Oaks ,Week2,227.0 Sideburn Run - 175.0 Fair Oaks
Shouse Village,Week2,Hiddenbrook,Week4,233.0 Shouse Village - 169.0 Hiddenbrook
Shouse Village,Week4,Wakefield Chapel,Week1,278.5 Wakefield Chapel - 123.5 Shouse Village
Shouse Village,Week2,Stratford,Week5,237.0 Shouse Village - 165.0 Stratford
Shouse Village,Week5,Donaldson Run,Week2,255.0 Donaldson Run - 147.0 Shouse Village
Sideburn Run,Week1,Fair Oaks ,Week2,227.0 Sideburn Run - 175.0 Fair Oaks
Shouse Village,Week5,Herndon,Week4,314.0 Shouse Village - 87.0 Herndon
Shouse Village,Week4,Hiddenbrook,Week2,304.0 Shouse Village - 98.0 Hiddenbrook
Shouse Village,Week5,Wakefield Chapel,Week1,266.0 Wakefield Chapel - 136.0 Shouse Village
Shouse Village,Week4,Wakefield Chapel,Week2,287.0 Wakefield Chapel - 115.0 Shouse Village
Shouse Village,Week3,Sully Station,Week1,242.0 Sully Station - 160.0 Shouse Village
Sideburn Run,Week1,Fair Oaks ,Week3,208.0 Fair Oaks - 194.0 Sideburn Run
Shouse Village,Week4,Walden Glen,Week3,255.0 Shouse Village - 146.0 Walden Glen
Shouse Village,Week2,Stratford,Week3,220.0 Shouse Village - 182.0 Stratford
Shouse Village,Week4,Donaldson Run,Week2,247.0 Donaldson Run - 155.0 Shouse Village
Shouse Village,Week2,Donaldson Run,Week5,308.0 Donaldson Run - 94.0 Shouse Village
Shouse Village,Week2,Walden Glen,Week3,230.0 Shouse Village - 171.0 Walden Glen
Shouse Village,Week1,Dowden Terrace,Week2,215.0 Dowden Terrace - 187.0 Shouse Village
Shouse Village,Week5,Donaldson Run,Week5,270.0 Donaldson Run - 132.0 Shouse Village
Shouse Village,Week3,Hiddenbrook,Week2,287.0 Shouse Village - 115.0 Hiddenbrook
Sideburn Run,Week2,Fair Oaks ,Week2,209.0 Fair Oaks - 193.0 Sideburn Run
Shouse Village,Week5,Donaldson Run,Week4,255.0 Donaldson Run - 147.0 Shouse Village
Shouse Village,Week2,Hiddenbrook,Week3,222.0 Shouse Village - 180.0 Hiddenbrook
Sideburn Run,Week1,Fairfax,Week1,249.0 Fairfax - 153.0 Sideburn Run
Shouse Village,Week4,Stratford,Week1,284.0 Shouse Village - 112.0 Stratford
Shouse Village,Week5,Donaldson Run,Week3,253.0 Donaldson Run - 149.0 Shouse Village
Shouse Village,Week3,Hiddenbrook,Week1,267.5 Shouse Village - 134.5 Hiddenbrook
Shouse Village,Week1,Dowden Terrace,Week1,202.0 Shouse Village - 200.0 Dowden Terrace
Shouse Village,Week2,Hiddenbrook,Week1,243.0 Shouse Village - 159.0 Hiddenbrook
Shouse Village,Week1,Walden Glen,Week5,216.0 Shouse Village - 186.0 Walden Glen
Sideburn Run,Week2,Fairfax,Week2,288.0 Fairfax - 114.0 Sideburn Run
Sideburn Run,Week1,Fairfax,Week3,259.0 Fairfax - 143.0 Sideburn Run
Shouse Village,Week1,Dowden Terrace,Week5,236.0 Dowden Terrace - 166.0 Shouse Village
Shouse Village,Week3,Donaldson Run,Week5,279.0 Donaldson Run - 123.0 Shouse Village
Shouse Village,Week2,Sully Station,Week4,260.0 Sully Station - 142.0 Shouse Village
Shouse Village,Week1,Dowden Terrace,Week3,210.0 Dowden Terrace - 192.0 Shouse Village
Sideburn Run,Week2,Fairfax,Week1,269.0 Fairfax - 133.0 Sideburn Run
Sideburn Run,Week1,Fairfax,Week2,265.0 Fairfax - 137.0 Sideburn Run
Shouse Village,Week1,Walden Glen,Week3,246.0 Shouse Village - 156.0 Walden Glen
Shouse Village,Week3,Hiddenbrook,Week5,232.0 Shouse Village - 170.0 Hiddenbrook
Shouse Village,Week1,Walden Glen,Week1,256.0 Shouse Village - 146.0 Walden Glen
Sideburn Run,Week2,Fairfax,Week3,270.0 Fairfax - 132.0 Sideburn Run
Shouse Village,Week1,Walden Glen,Week2,232.0 Shouse Village - 170.0 Walden Glen
Shouse Village,Week5,Herndon,Week1,317.5 Shouse Village - 81.5 Herndon
Shouse Village,Week4,Sully Station,Week5,229.0 Sully Station - 172.0 Shouse Village
Sideburn Run,Week3,Fair Oaks ,Week4,211.0 Fair Oaks - 191.0 Sideburn Run
Shouse Village,Week1,Walden Glen,Week4,226.5 Shouse Village - 175.5 Walden Glen
Shouse Village,Week3,Sully Station,Week3,231.0 Sully Station - 171.0 Shouse Village
Sideburn Run,Week4,Fair Oaks ,Week1,221.0 Fair Oaks - 181.0 Sideburn Run
Shouse Village,Week2,Walden Glen,Week5,202.0 Walden Glen - 200.0 Shouse Village
Shouse Village,Week3,Dowden Terrace,Week3,219.0 Shouse Village - 183.0 Dowden Terrace
Shouse Village,Week4,Sully Station,Week3,225.0 Sully Station - 177.0 Shouse Village
Shouse Village,Week4,Dowden Terrace,Week2,213.0 Shouse Village - 189.0 Dowden Terrace
Shouse Village,Week2,Sully Station,Week1,264.0 Sully Station - 138.0 Shouse Village
Shouse Village,Week4,Dowden Terrace,Week4,204.0 Shouse Village - 198.0 Dowden Terrace
Sideburn Run,Week3,Fairfax,Week1,258.0 Fairfax - 144.0 Sideburn Run
Shouse Village,Week4,Hiddenbrook,Week1,284.0 Shouse Village - 118.0 Hiddenbrook
Shouse Village,Week1,Hiddenbrook,Week1,245.0 Shouse Village - 157.0 Hiddenbrook
Shouse Village,Week5,Dowden Terrace,Week3,229.0 Shouse Village - 173.0 Dowden Terrace
Shouse Village,Week4,Rolling Hills,Week1,251.0 Shouse Village - 151.0 Rolling Hills
Sideburn Run,Week3,Fair Oaks ,Week3,214.0 Fair Oaks - 188.0 Sideburn Run
Shouse Village,Week4,Stratford,Week3,275.0 Shouse Village - 127.0 Stratford
Sideburn Run,Week3,Fairfax,Week3,261.0 Fairfax - 141.0 Sideburn Run
Shouse Village,Week3,Walden Glen,Week2,236.0 Shouse Village - 166.0 Walden Glen
Shouse Village,Week5,Dowden Terrace,Week4,204.0 Shouse Village - 198.0 Dowden Terrace
Shouse Village,Week5,Hiddenbrook,Week2,303.0 Shouse Village - 99.0 Hiddenbrook
Shouse Village,Week3,Dowden Terrace,Week4,204.0 Shouse Village - 198.0 Dowden Terrace
Shouse Village,Week4,Stratford,Week5,281.0 Shouse Village - 121.0 Stratford
Shouse Village,Week5,Rolling Hills,Week3,246.0 Shouse Village - 156.0 Rolling Hills
Sideburn Run,Week3,Fair Oaks ,Week1,214.0 Fair Oaks - 188.0 Sideburn Run
Sideburn Run,Week2,Fair Oaks ,Week5,250.0 Fair Oaks - 152.0 Sideburn Run
Shouse Village,Week4,Wakefield Chapel,Week3,282.5 Wakefield Chapel - 119.5 Shouse Village
Shouse Village,Week3,Sully Station,Week4,239.0 Sully Station - 163.0 Shouse Village
Shouse Village,Week5,Hiddenbrook,Week5,255.0 Shouse Village - 147.0 Hiddenbrook
Shouse Village,Week1,Dunn Loring,Week3,289.0 Dunn Loring - 113.0 Shouse Village
Shouse Village,Week1,Dunn Loring,Week2,285.0 Dunn Loring - 117.0 Shouse Village
Shouse Village,Week3,Walden Glen,Week1,262.0 Shouse Village - 139.0 Walden Glen
Shouse Village,Week4,Hiddenbrook,Week4,258.0 Shouse Village - 144.0 Hiddenbrook
Shouse Village,Week4,Sully Station,Week1,220.0 Sully Station - 182.0 Shouse Village
Shouse Village,Week4,Rolling Hills,Week3,249.0 Shouse Village - 153.0 Rolling Hills
Shouse Village,Week3,Rolling Hills,Week2,229.0 Shouse Village - 173.0 Rolling Hills
Shouse Village,Week5,Wakefield Chapel,Week3,264.0 Wakefield Chapel - 138.0 Shouse Village
Shouse Village,Week4,Hiddenbrook,Week5,254.0 Shouse Village - 148.0 Hiddenbrook
Shouse Village,Week3,High Point Pool,Week1,231.0 High Point Pool - 171.0 Shouse Village
Shouse Village,Week3,Rolling Hills,Week4,236.0 Shouse Village - 166.0 Rolling Hills
Sideburn Run,Week5,Fair Oaks ,Week2,235.0 Sideburn Run - 167.0 Fair Oaks
Shouse Village,Week1,Dunn Loring,Week5,286.0 Dunn Loring - 116.0 Shouse Village
Shouse Village,Week1,High Point Pool,Week2,252.0 High Point Pool - 150.0 Shouse Village
Shouse Village,Week2,Walden Glen,Week4,217.0 Shouse Village - 185.0 Walden Glen
Sideburn Run,Week4,Fair Oaks ,Week4,219.0 Fair Oaks - 183.0 Sideburn Run
Shouse Village,Week3,Walden Glen,Week3,247.0 Shouse Village - 155.0 Walden Glen
Shouse Village,Week5,Stratford,Week3,260.0 Shouse Village - 142.0 Stratford
Shouse Village,Week2,Rolling Valley,Week5,257.5 Shouse Village - 144.5 Rolling Valley
Sideburn Run,Week5,Fair Oaks ,Week1,204.0 Fair Oaks - 198.0 Sideburn Run
Shouse Village,Week2,Rolling Hills,Week4,224.0 Shouse Village - 178.0 Rolling Hills
Shouse Village,Week4,High Point Pool,Week4,232.0 High Point Pool - 170.0 Shouse Village
Shouse Village,Week3,High Point Pool,Week3,231.0 High Point Pool - 171.0 Shouse Village
Shouse Village,Week1,Highland Park,Week3,223.0 Highland Park - 179.0 Shouse Village
Shouse Village,Week3,Stratford,Week4,232.0 Shouse Village - 170.0 Stratford
Shouse Village,Week2,Walden Glen,Week1,243.0 Shouse Village - 158.0 Walden Glen
Shouse Village,Week4,Stratford,Week2,276.0 Shouse Village - 126.0 Stratford
Shouse Village,Week3,Stratford,Week5,249.0 Shouse Village - 153.0 Stratford
Shouse Village,Week1,Dunn Loring,Week4,288.0 Dunn Loring - 114.0 Shouse Village
Sideburn Run,Week2,Fair Oaks ,Week4,230.0 Fair Oaks - 172.0 Sideburn Run
Sideburn Run,Week4,Fair Oaks ,Week2,210.0 Sideburn Run - 192.0 Fair Oaks
Shouse Village,Week4,Sully Station,Week2,219.0 Sully Station - 183.0 Shouse Village
Shouse Village,Week2,Rolling Hills,Week5,211.5 Shouse Village - 190.5 Rolling Hills
Shouse Village,Week3,Dowden Terrace,Week2,209.0 Shouse Village - 193.0 Dowden Terrace
Shouse Village,Week3,Rolling Hills,Week1,228.0 Shouse Village - 174.0 Rolling Hills
Shouse Village,Week5,Stratford,Week5,276.0 Shouse Village - 126.0 Stratford
Shouse Village,Week3,Walden Glen,Week4,226.0 Shouse Village - 176.0 Walden Glen
Shouse Village,Week5,Rolling Hills,Week4,254.0 Shouse Village - 148.0 Rolling Hills
Sideburn Run,Week4,Fair Oaks ,Week3,226.0 Fair Oaks - 176.0 Sideburn Run
Shouse Village,Week4,High Point Pool,Week1,222.0 High Point Pool - 180.0 Shouse Village
Shouse Village,Week1,Rolling Valley,Week1,292.0 Shouse Village - 110.0 Rolling Valley
Shouse Village,Week1,High Point Pool,Week5,255.0 High Point Pool - 147.0 Shouse Village
Shouse Village,Week4,Walden Glen,Week2,241.0 Shouse Village - 157.0 Walden Glen
Shouse Village,Week5,Dowden Terrace,Week1,223.0 Shouse Village - 179.0 Dowden Terrace
Shouse Village,Week2,Dowden Terrace,Week2,227.0 Dowden Terrace - 175.0 Shouse Village
Shouse Village,Week3,Walden Glen,Week5,219.5 Shouse Village - 182.5 Walden Glen
Shouse Village,Week1,Waynewood,Week2,247.0 Waynewood - 155.0 Shouse Village
Shouse Village,Week1,Rolling Valley,Week5,263.0 Shouse Village - 139.0 Rolling Valley
Shouse Village,Week1,Sully Station,Week1,255.0 Sully Station - 146.0 Shouse Village
Shouse Village,Week2,Dowden Terrace,Week4,219.0 Dowden Terrace - 183.0 Shouse Village
Shouse Village,Week3,Dowden Terrace,Week5,229.0 Dowden Terrace - 173.0 Shouse Village
Shouse Village,Week3,Dowden Terrace,Week1,211.0 Shouse Village - 191.0 Dowden Terrace
Shouse Village,Week4,Wakefield Chapel,Week4,270.0 Wakefield Chapel - 132.0 Shouse Village
Shouse Village,Week5,Stratford,Week1,273.0 Shouse Village - 129.0 Stratford
Shouse Village,Week1,Highland Park,Week2,234.0 Highland Park - 168.0 Shouse Village
Shouse Village,Week5,Stratford,Week2,267.0 Shouse Village - 135.0 Stratford
Sideburn Run,Week5,Fair Oaks ,Week3,204.0 Fair Oaks - 198.0 Sideburn Run
Shouse Village,Week1,Rolling Hills,Week1,211.0 Shouse Village - 191.0 Rolling Hills
Shouse Village,Week3,High Point Pool,Week4,251.0 High Point Pool - 151.0 Shouse Village
Shouse Village,Week2,Dowden Terrace,Week5,243.0 Dowden Terrace - 159.0 Shouse Village
Shouse Village,Week3,Stratford,Week3,243.0 Shouse Village - 159.0 Stratford
Shouse Village,Week4,Wakefield Chapel,Week5,289.0 Wakefield Chapel - 113.0 Shouse Village
Shouse Village,Week5,High Point Pool,Week1,213.0 High Point Pool - 189.0 Shouse Village
Sideburn Run,Week2,Fair Oaks ,Week3,231.0 Fair Oaks - 171.0 Sideburn Run
Shouse Village,Week2,Rolling Hills,Week1,211.0 Shouse Village - 191.0 Rolling Hills
Sideburn Run,Week4,Fair Oaks ,Week5,232.0 Fair Oaks - 170.0 Sideburn Run
Sideburn Run,Week5,Fair Oaks ,Week4,204.0 Sideburn Run - 198.0 Fair Oaks
Shouse Village,Week2,Rolling Hills,Week2,203.0 Rolling Hills - 199.0 Shouse Village
Shouse Village,Week1,Sully Station,Week2,247.0 Sully Station - 155.0 Shouse Village
Shouse Village,Week1,Dunn Loring,Week1,265.0 Dunn Loring - 137.0 Shouse Village
Shouse Village,Week5,Waynewood,Week4,217.0 Waynewood - 185.0 Shouse Village
Shouse Village,Week2,Highland Park,Week3,226.0 Highland Park - 176.0 Shouse Village
Shouse Village,Week5,Walden Glen,Week1,260.0 Shouse Village - 142.0 Walden Glen
Shouse Village,Week5,Waynewood,Week2,227.0 Waynewood - 175.0 Shouse Village
Shouse Village,Week1,Rolling Hills,Week2,208.0 Shouse Village - 194.0 Rolling Hills
Shouse Village,Week5,Stratford,Week4,259.0 Shouse Village - 143.0 Stratford
Shouse Village,Week5,Dowden Terrace,Week5,213.0 Dowden Terrace - 189.0 Shouse Village
Shouse Village,Week5,Walden Glen,Week5,243.0 Shouse Village - 159.0 Walden Glen
Shouse Village,Week1,Highland Park,Week1,244.0 Highland Park - 158.0 Shouse Village
Sideburn Run,Week3,Fair Oaks ,Week5,232.5 Fair Oaks - 169.5 Sideburn Run
Sideburn Run,Week5,Fair Oaks ,Week5,230.0 Fair Oaks - 172.0 Sideburn Run
Shouse Village,Week5,High Point Pool,Week5,208.5 High Point Pool - 192.5 Shouse Village
Shouse Village,Week1,Sully Station,Week4,249.0 Sully Station - 153.0 Shouse Village
Shouse Village,Week3,Rolling Hills,Week5,251.0 Shouse Village - 151.0 Rolling Hills
Shouse Village,Week4,Dowden Terrace,Week5,215.0 Dowden Terrace - 187.0 Shouse Village
Shouse Village,Week2,Dowden Terrace,Week1,215.0 Dowden Terrace - 187.0 Shouse Village
Shouse Village,Week4,Dowden Terrace,Week3,232.0 Shouse Village - 170.0 Dowden Terrace
Shouse Village,Week2,Waynewood,Week1,245.0 Waynewood - 157.0 Shouse Village
Shouse Village,Week5,High Point Pool,Week4,211.0 High Point Pool - 191.0 Shouse Village
Sideburn Run,Week2,Fairfax,Week5,288.0 Fairfax - 114.0 Sideburn Run
Rutherford,Week3,Springboard,Week4,215.0 Rutherford - 186.0 Springboard
Shouse Village,Week2,Rolling Hills,Week3,211.0 Shouse Village - 191.0 Rolling Hills
Shouse Village,Week4,Canterbury Woods,Week2,258.5 Shouse Village - 143.5 Canterbury Woods
Shouse Village,Week2,Dowden Terrace,Week3,204.0 Dowden Terrace - 198.0 Shouse Village
Shouse Village,Week4,Stratford,Week4,265.0 Shouse Village - 137.0 Stratford
Shouse Village,Week1,Rolling Hills,Week3,208.0 Shouse Village - 194.0 Rolling Hills
Shouse Village,Week4,High Point Pool,Week2,222.0 High Point Pool - 180.0 Shouse Village
Shouse Village,Week2,Sully Station,Week3,262.0 Sully Station - 140.0 Shouse Village
Sideburn Run,Week1,Fairfax,Week5,267.0 Fairfax - 135.0 Sideburn Run
Shouse Village,Week4,Walden Glen,Week4,247.0 Shouse Village - 154.0 Walden Glen
Shouse Village,Week1,Sully Station,Week5,252.0 Sully Station - 150.0 Shouse Village
Sideburn Run,Week1,Fairfax,Week4,238.0 Fairfax - 164.0 Sideburn Run
Shouse Village,Week3,Highland Park,Week3,217.0 Highland Park - 185.0 Shouse Village
Shouse Village,Week2,High Point Pool,Week5,249.5 High Point Pool - 152.5 Shouse Village
Shouse Village,Week5,Dowden Terrace,Week2,212.5 Shouse Village - 189.5 Dowden Terrace
Shouse Village,Week1,Sully Station,Week3,251.0 Sully Station - 150.0 Shouse Village
Shouse Village,Week4,Walden Glen,Week5,238.0 Shouse Village - 163.0 Walden Glen
Sideburn Run,Week2,Fairfax,Week4,259.0 Fairfax - 143.0 Sideburn Run
Shouse Village,Week3,Rolling Hills,Week3,235.0 Shouse Village - 167.0 Rolling Hills
Shouse Village,Week4,Dunn Loring,Week4,254.0 Dunn Loring - 148.0 Shouse Village
Sideburn Run,Week3,Fairfax,Week2,270.0 Fairfax - 132.0 Sideburn Run
Shouse Village,Week4,Rolling Hills,Week4,253.0 Shouse Village - 149.0 Rolling Hills
Rutherford,Week5,Springboard,Week3,223.0 Rutherford - 175.0 Springboard
Shouse Village,Week5,High Point Pool,Week3,212.0 High Point Pool - 190.0 Shouse Village
Shouse Village,Week4,High Point Pool,Week3,214.5 High Point Pool - 187.5 Shouse Village
Shouse Village,Week5,High Point Pool,Week2,222.0 High Point Pool - 180.0 Shouse Village
Shouse Village,Week2,Sully Station II,Week5,290.0 Sully Station II - 112.0 Shouse Village
Shouse Village,Week4,Dunn Loring,Week5,256.0 Dunn Loring - 146.0 Shouse Village
Shouse Village,Week1,Rolling Valley,Week2,257.0 Shouse Village - 145.0 Rolling Valley
Sideburn Run,Week3,Fairfax Club Estates,Week1,260.0 Sideburn Run - 142.0 Fairfax Club Estates
Shouse Village,Week5,Rolling Hills,Week5,254.0 Shouse Village - 148.0 Rolling Hills
Shouse Village,Week5,Rolling Hills,Week2,250.0 Shouse Village - 152.0 Rolling Hills
Shouse Village,Week2,Waynewood,Week2,266.0 Waynewood - 136.0 Shouse Village
Shouse Village,Week4,Sully Station II,Week1,232.0 Sully Station II - 170.0 Shouse Village
Shouse Village,Week3,High Point Pool,Week2,256.0 High Point Pool - 146.0 Shouse Village
Shouse Village,Week2,Sully Station,Week5,271.0 Sully Station - 131.0 Shouse Village
Rutherford,Week4,Springboard,Week1,217.0 Rutherford - 183.0 Springboard
Shouse Village,Week3,Sully Station,Week2,230.0 Sully Station - 172.0 Shouse Village
Shouse Village,Week3,Fair Oaks ,Week1,211.0 Fair Oaks - 191.0 Shouse Village
Shouse Village,Week3,Waynewood,Week4,230.0 Waynewood - 172.0 Shouse Village
Rutherford,Week4,Kings Ridge ,Week4,221.0 Rutherford - 181.0 Kings Ridge
Shouse Village,Week2,Waynewood,Week4,269.0 Waynewood - 133.0 Shouse Village
Shouse Village,Week4,Sully Station,Week4,217.0 Sully Station - 185.0 Shouse Village
Shouse Village,Week1,Rolling Hills,Week4,218.0 Shouse Village - 184.0 Rolling Hills
Rutherford,Week3,Springboard,Week5,223.0 Rutherford - 175.0 Springboard
Shouse Village,Week1,Rolling Hills,Week5,217.0 Shouse Village - 185.0 Rolling Hills
Sideburn Run,Week5,Fairfax,Week5,269.0 Fairfax - 133.0 Sideburn Run
Sideburn Run,Week4,Fairfax Club Estates,Week2,268.0 Sideburn Run - 134.0 Fairfax Club Estates
Shouse Village,Week2,Sully Station II,Week2,273.0 Sully Station II - 129.0 Shouse Village
Rutherford,Week3,Springboard,Week2,235.0 Rutherford - 163.0 Springboard
Shouse Village,Week4,Dowden Terrace,Week1,216.0 Shouse Village - 186.0 Dowden Terrace
Shouse Village,Week2,High Point Pool,Week4,255.5 High Point Pool - 146.5 Shouse Village
Rutherford,Week4,Springboard,Week3,230.0 Rutherford - 170.0 Springboard
Sideburn Run,Week2,Fairfax Club Estates,Week3,246.0 Sideburn Run - 156.0 Fairfax Club Estates
Shouse Village,Week5,Walden Glen,Week4,240.0 Shouse Village - 162.0 Walden Glen
Sideburn Run,Week4,Fairfax,Week4,250.0 Fairfax - 152.0 Sideburn Run
Shouse Village,Week5,Walden Glen,Week3,262.0 Shouse Village - 140.0 Walden Glen
Shouse Village,Week4,Rolling Hills,Week2,250.0 Shouse Village - 152.0 Rolling Hills
Shouse Village,Week2,Waynewood,Week5,288.0 Waynewood - 114.0 Shouse Village
Shouse Village,Week4,Waynewood,Week2,230.0 Waynewood - 172.0 Shouse Village
Rutherford,Week2,Springboard,Week5,206.0 Rutherford - 192.0 Springboard
Rutherford,Week3,Springboard,Week1,222.0 Rutherford - 176.0 Springboard
Sideburn Run,Week1,Fairfax Club Estates,Week3,248.0 Sideburn Run - 154.0 Fairfax Club Estates
Shouse Village,Week3,Dunn Loring,Week5,281.0 Dunn Loring - 121.0 Shouse Village
Rutherford,Week2,Springfield,Week4,308.0 Rutherford - 91.0 Springfield
Shouse Village,Week2,Highland Park,Week1,237.0 Highland Park - 165.0 Shouse Village
Shouse Village,Week4,Sully Station II,Week5,272.0 Sully Station II - 130.0 Shouse Village
Shouse Village,Week4,Rolling Hills,Week5,252.5 Shouse Village - 149.5 Rolling Hills
Shouse Village,Week3,Waynewood,Week5,257.0 Waynewood - 145.0 Shouse Village
Shouse Village,Week2,Dunn Loring,Week3,299.0 Dunn Loring - 103.0 Shouse Village
Shouse Village,Week2,High Point Pool,Week3,243.0 High Point Pool - 159.0 Shouse Village
Shouse Village,Week5,Dunn Loring,Week3,258.0 Dunn Loring - 144.0 Shouse Village
Sideburn Run,Week1,Fairfax Club Estates,Week2,260.0 Sideburn Run - 142.0 Fairfax Club Estates
Shouse Village,Week3,Sully Station,Week5,240.5 Sully Station - 161.5 Shouse Village
Shouse Village,Week1,High Point Pool,Week4,240.0 High Point Pool - 162.0 Shouse Village
Shouse Village,Week3,Dunn Loring,Week2,275.0 Dunn Loring - 127.0 Shouse Village
Rutherford,Week3,Springfield,Week1,327.0 Rutherford - 74.0 Springfield
Shouse Village,Week1,Sully Station II,Week4,241.0 Sully Station II - 161.0 Shouse Village
Rutherford,Week4,Springfield,Week2,341.0 Rutherford - 50.0 Springfield
Shouse Village,Week2,High Point Pool,Week1,248.5 High Point Pool - 153.5 Shouse Village
Sideburn Run,Week3,Fairfax Club Estates,Week4,235.0 Sideburn Run - 167.0 Fairfax Club Estates
Shouse Village,Week4,Waynewood,Week3,241.0 Waynewood - 161.0 Shouse Village
Sideburn Run,Week1,Fairfax Club Estates,Week5,243.0 Sideburn Run - 159.0 Fairfax Club Estates
Shouse Village,Week1,Rolling Valley,Week4,262.0 Shouse Village - 140.0 Rolling Valley
Shouse Village,Week5,Dunn Loring,Week2,244.0 Dunn Loring - 158.0 Shouse Village
Rutherford,Week4,Kings Ridge ,Week5,211.0 Rutherford - 191.0 Kings Ridge
Shouse Village,Week2,High Point Pool,Week2,252.0 High Point Pool - 150.0 Shouse Village
Sideburn Run,Week2,Fairfax Club Estates,Week5,243.0 Sideburn Run - 158.0 Fairfax Club Estates
Shouse Village,Week5,Rolling Hills,Week1,241.0 Shouse Village - 161.0 Rolling Hills
Shouse Village,Week5,Sully Station,Week3,213.0 Sully Station - 189.0 Shouse Village
Shouse Village,Week1,Rolling Valley,Week3,270.0 Shouse Village - 132.0 Rolling Valley
Shouse Village,Week2,Waynewood,Week3,283.0 Waynewood - 119.0 Shouse Village
Shouse Village,Week3,Dunn Loring,Week1,246.0 Dunn Loring - 156.0 Shouse Village
Rutherford,Week1,Springfield,Week3,316.0 Rutherford - 70.0 Springfield
Shouse Village,Week1,Waynewood,Week3,265.0 Waynewood - 137.0 Shouse Village
Shouse Village,Week3,Waynewood,Week1,206.0 Waynewood - 196.0 Shouse Village
Shouse Village,Week1,Truro,Week4,215.0 Shouse Village - 187.0 Truro
Rutherford,Week2,Springboard,Week2,217.0 Rutherford - 181.0 Springboard
Shouse Village,Week1,Sully Station II,Week3,274.0 Sully Station II - 128.0 Shouse Village
Shouse Village,Week1,Highland Park,Week4,245.0 Highland Park - 157.0 Shouse Village
Shouse Village,Week5,Walden Glen,Week2,245.0 Shouse Village - 156.0 Walden Glen
Shouse Village,Week4,Waynewood,Week1,213.0 Waynewood - 189.0 Shouse Village
Shouse Village,Week1,Highland Park,Week5,238.0 Highland Park - 164.0 Shouse Village
Shouse Village,Week2,Rolling Valley,Week1,296.5 Shouse Village - 105.5 Rolling Valley
Shouse Village,Week3,High Point Pool,Week5,241.5 High Point Pool - 160.5 Shouse Village
Shouse Village,Week1,Sully Station II,Week5,280.0 Sully Station II - 122.0 Shouse Village
Shouse Village,Week4,High Point Pool,Week5,225.0 High Point Pool - 177.0 Shouse Village
Sideburn Run,Week3,Fairfax Club Estates,Week5,243.0 Sideburn Run - 158.0 Fairfax Club Estates
Rutherford,Week4,Springboard,Week5,211.0 Rutherford - 190.0 Springboard
Shouse Village,Week2,Rolling Valley,Week3,260.0 Shouse Village - 142.0 Rolling Valley
Shouse Village,Week2,Dunn Loring,Week1,263.0 Dunn Loring - 139.0 Shouse Village
Sideburn Run,Week4,Fairfax Club Estates,Week1,250.0 Sideburn Run - 152.0 Fairfax Club Estates
Shouse Village,Week2,Fair Oaks ,Week2,213.0 Fair Oaks - 189.0 Shouse Village
Shouse Village,Week2,Dunn Loring,Week2,291.0 Dunn Loring - 111.0 Shouse Village
Shouse Village,Week2,Rolling Valley,Week2,272.0 Shouse Village - 130.0 Rolling Valley
Shouse Village,Week2,Sully Station II,Week4,241.0 Sully Station II - 161.0 Shouse Village
Shouse Village,Week4,Dunn Loring,Week1,235.0 Dunn Loring - 167.0 Shouse Village
Rutherford,Week3,Springfield,Week2,338.0 Rutherford - 57.0 Springfield
Sideburn Run,Week3,Fairfax,Week4,247.0 Fairfax - 155.0 Sideburn Run
Shouse Village,Week2,Highland Park,Week4,236.0 Highland Park - 166.0 Shouse Village
Shouse Village,Week5,Sully Station,Week1,221.0 Sully Station - 181.0 Shouse Village
Shouse Village,Week1,Fair Oaks ,Week2,210.0 Fair Oaks - 192.0 Shouse Village
Shouse Village,Week1,Rutherford,Week2,248.5 Shouse Village - 153.5 Rutherford
Shouse Village,Week4,Dunn Loring,Week2,253.0 Dunn Loring - 149.0 Shouse Village
Shouse Village,Week1,Waynewood,Week1,221.0 Waynewood - 181.0 Shouse Village
Rutherford,Week1,Springfield,Week4,311.0 Rutherford - 88.0 Springfield
Rutherford,Week5,Springboard,Week2,249.0 Rutherford - 149.0 Springboard
Sideburn Run,Week5,Fairfax,Week3,263.0 Fairfax - 139.0 Sideburn Run
Shouse Village,Week5,Waynewood,Week1,206.0 Waynewood - 196.0 Shouse Village
Shouse Village,Week4,Highland Park,Week5,209.0 Highland Park - 193.0 Shouse Village
Shouse Village,Week3,Dunn Loring,Week3,282.0 Dunn Loring - 120.0 Shouse Village
Shouse Village,Week3,Highlands Swim,Week1,279.0 Highlands Swim - 123.0 Shouse Village
Shouse Village,Week2,Rolling Valley,Week4,256.0 Shouse Village - 146.0 Rolling Valley
Shouse Village,Week2,Truro,Week3,251.0 Shouse Village - 151.0 Truro
Sideburn Run,Week5,Fairfax Club Estates,Week2,271.0 Sideburn Run - 131.0 Fairfax Club Estates
Sideburn Run,Week4,Fairfax,Week2,274.0 Fairfax - 128.0 Sideburn Run
Shouse Village,Week5,Dunn Loring,Week4,234.5 Dunn Loring - 167.5 Shouse Village
Sideburn Run,Week3,Fairfax,Week5,274.0 Fairfax - 128.0 Sideburn Run
Shouse Village,Week4,Waynewood,Week4,226.0 Waynewood - 176.0 Shouse Village
Rutherford,Week1,Springboard,Week5,205.0 Springboard - 193.0 Rutherford
Shouse Village,Week3,Waynewood,Week3,255.0 Waynewood - 147.0 Shouse Village
Shouse Village,Week2,Truro,Week1,232.0 Shouse Village - 170.0 Truro
Shouse Village,Week5,Rolling Valley,Week5,300.0 Shouse Village - 102.0 Rolling Valley
Shouse Village,Week3,Dunn Loring,Week4,274.0 Dunn Loring - 128.0 Shouse Village
Sideburn Run,Week5,Fairfax,Week2,268.5 Fairfax - 133.5 Sideburn Run
Shouse Village,Week3,Highland Park,Week4,212.0 Highland Park - 190.0 Shouse Village
Shouse Village,Week1,Rutherford,Week3,237.0 Shouse Village - 165.0 Rutherford
Shouse Village,Week2,Highland Park,Week2,236.0 Highland Park - 166.0 Shouse Village
Shouse Village,Week3,Highland Park,Week1,219.0 Highland Park - 183.0 Shouse Village
Rutherford,Week2,Springboard,Week1,199.0 Springboard - 198.0 Rutherford
Rutherford,Week2,Springboard,Week3,209.0 Rutherford - 189.0 Springboard
Sideburn Run,Week2,Fairfax Club Estates,Week1,242.0 Sideburn Run - 160.0 Fairfax Club Estates
Shouse Village,Week1,Rutherford,Week5,235.0 Shouse Village - 167.0 Rutherford
Rutherford,Week2,Springfield,Week1,315.0 Rutherford - 84.0 Springfield
Sideburn Run,Week5,Fairfax,Week4,241.0 Fairfax - 161.0 Sideburn Run
Shouse Village,Week2,Dunn Loring,Week5,285.0 Dunn Loring - 117.0 Shouse Village
Shouse Village,Week3,Rutherford,Week3,255.0 Shouse Village - 147.0 Rutherford
Rutherford,Week2,Springboard,Week4,202.0 Springboard - 198.0 Rutherford
Shouse Village,Week4,Waynewood,Week5,246.0 Waynewood - 156.0 Shouse Village
Rutherford,Week3,Springboard,Week3,225.0 Rutherford - 173.0 Springboard
Shouse Village,Week3,Waynewood,Week2,240.0 Waynewood - 162.0 Shouse Village
Rutherford,Week4,Springboard,Week4,223.0 Rutherford - 179.0 Springboard
Shouse Village,Week3,Highland Park,Week2,216.0 Highland Park - 186.0 Shouse Village
Shouse Village,Week4,Sully Station II,Week4,231.0 Sully Station II - 171.0 Shouse Village
Shouse Village,Week4,Rolling Valley,Week2,303.0 Shouse Village - 99.0 Rolling Valley
Shouse Village,Week1,Waynewood,Week4,256.0 Waynewood - 146.0 Shouse Village
Shouse Village,Week5,Sully Station,Week5,222.0 Sully Station - 180.0 Shouse Village
Shouse Village,Week5,Sully Station II,Week2,243.0 Sully Station II - 159.0 Shouse Village
Shouse Village,Week1,Waynewood,Week5,278.0 Waynewood - 124.0 Shouse Village
Shouse Village,Week5,Dunn Loring,Week1,225.0 Dunn Loring - 177.0 Shouse Village
Shouse Village,Week1,Sully Station II,Week1,228.0 Sully Station II - 173.0 Shouse Village
Shouse Village,Week1,Sully Station II,Week2,266.0 Sully Station II - 136.0 Shouse Village
Sideburn Run,Week4,Fairfax,Week1,248.0 Fairfax - 154.0 Sideburn Run
Shouse Village,Week4,Rolling Valley,Week3,308.0 Shouse Village - 94.0 Rolling Valley
Shouse Village,Week2,Dunn Loring,Week4,296.0 Dunn Loring - 106.0 Shouse Village
Shouse Village,Week2,Highland Park,Week5,238.0 Highland Park - 164.0 Shouse Village
Shouse Village,Week4,Sully Station II,Week2,263.0 Sully Station II - 139.0 Shouse Village
Shouse Village,Week5,Waynewood,Week5,249.0 Waynewood - 153.0 Shouse Village
Shouse Village,Week5,Waynewood,Week3,244.0 Waynewood - 158.0 Shouse Village
Shouse Village,Week1,Woodley,Week1,270.0 Shouse Village - 132.0 Woodley
Rutherford,Week4,Springboard,Week2,224.0 Rutherford - 176.0 Springboard
Shouse Village,Week5,Dunn Loring,Week5,241.0 Dunn Loring - 161.0 Shouse Village
Shouse Village,Week3,Rutherford,Week1,279.0 Shouse Village - 123.0 Rutherford
Shouse Village,Week3,Sully Station II,Week4,241.0 Sully Station II - 161.0 Shouse Village
Rutherford,Week5,Springboard,Week1,240.5 Rutherford - 157.5 Springboard
Shouse Village,Week4,Highland Park,Week1,212.0 Highland Park - 190.0 Shouse Village
Shouse Village,Week4,Rolling Valley,Week4,302.0 Shouse Village - 100.0 Rolling Valley
Shouse Village,Week5,Rolling Valley,Week3,300.0 Shouse Village - 102.0 Rolling Valley
Sideburn Run,Week4,Fairfax,Week3,260.0 Fairfax - 142.0 Sideburn Run
Shouse Village,Week1,Fair Oaks ,Week3,226.0 Fair Oaks - 176.0 Shouse Village
Sideburn Run,Week2,Fairfax Club Estates,Week2,259.0 Sideburn Run - 143.0 Fairfax Club Estates
Shouse Village,Week4,Dunn Loring,Week3,266.0 Dunn Loring - 136.0 Shouse Village
Shouse Village,Week4,Highland Park,Week4,211.0 Highland Park - 191.0 Shouse Village
Shouse Village,Week5,Highland Park,Week1,204.0 Highland Park - 198.0 Shouse Village
Sideburn Run,Week1,Fairfax Club Estates,Week1,255.0 Sideburn Run - 147.0 Fairfax Club Estates
Shouse Village,Week3,Rutherford,Week4,245.0 Shouse Village - 157.0 Rutherford
Shouse Village,Week2,Fair Oaks ,Week1,216.0 Fair Oaks - 186.0 Shouse Village
Shouse Village,Week1,McLean,Week2,304.0 McLean - 98.0 Shouse Village
Shouse Village,Week4,Mantua,Week3,253.0 Mantua - 149.0 Shouse Village
Shouse Village,Week1,Woodley,Week2,262.5 Shouse Village - 139.5 Woodley
Shouse Village,Week2,Sully Station II,Week1,245.0 Sully Station II - 157.0 Shouse Village
Sideburn Run,Week4,Fairfax,Week5,277.0 Fairfax - 125.0 Sideburn Run
Shouse Village,Week5,Highland Park,Week3,214.0 Shouse Village - 188.0 Highland Park
Rutherford,Week1,Springfield,Week1,315.0 Rutherford - 78.0 Springfield
Rutherford,Week5,Springboard,Week5,217.0 Rutherford - 181.0 Springboard
Sideburn Run,Week1,Fairfax Club Estates,Week4,240.0 Sideburn Run - 162.0 Fairfax Club Estates
Shouse Village,Week5,Sully Station,Week2,204.0 Shouse Village - 198.0 Sully Station
Shouse Village,Week3,Sully Station II,Week3,274.0 Sully Station II - 128.0 Shouse Village
Shouse Village,Week1,Fair Oaks ,Week5,243.0 Fair Oaks - 159.0 Shouse Village
Sideburn Run,Week5,Fairfax,Week1,247.0 Fairfax - 155.0 Sideburn Run
Shouse Village,Week3,Rolling Valley,Week2,281.0 Shouse Village - 121.0 Rolling Valley
Shouse Village,Week5,Highland Park,Week4,202.0 Highland Park - 200.0 Shouse Village
Shouse Village,Week1,Woodley,Week3,258.0 Shouse Village - 144.0 Woodley
Rutherford,Week2,Springfield,Week2,342.0 Rutherford - 57.0 Springfield
Shouse Village,Week3,Rolling Valley,Week1,307.0 Shouse Village - 95.0 Rolling Valley
Shouse Village,Week1,Woodley,Week4,258.0 Shouse Village - 144.0 Woodley
Shouse Village,Week1,Highlands Swim,Week1,278.0 Highlands Swim - 124.0 Shouse Village
Shouse Village,Week1,Fair Oaks ,Week4,222.0 Fair Oaks - 180.0 Shouse Village
Shouse Village,Week2,Mantua,Week5,286.0 Mantua - 116.0 Shouse Village
Shouse Village,Week5,Highland Park,Week5,210.0 Shouse Village - 192.0 Highland Park
Sideburn Run,Week3,Fairfax Club Estates,Week2,269.0 Sideburn Run - 133.0 Fairfax Club Estates
Shouse Village,Week3,Mantua,Week3,256.0 Mantua - 146.0 Shouse Village
Shouse Village,Week2,Fair Oaks ,Week3,235.0 Fair Oaks - 167.0 Shouse Village
Shouse Village,Week1,Mantua,Week4,240.0 Mantua - 162.0 Shouse Village
Shouse Village,Week3,Rolling Valley,Week5,280.0 Shouse Village - 122.0 Rolling Valley
Rutherford,Week3,Springfield,Week3,336.0 Rutherford - 60.0 Springfield
Shouse Village,Week3,Sully Station II,Week1,245.0 Sully Station II - 157.0 Shouse Village
Shouse Village,Week3,Woodley,Week4,283.0 Shouse Village - 119.0 Woodley
Rutherford,Week2,Springfield,Week3,331.0 Rutherford - 65.0 Springfield
Rutherford,Week1,Springfield,Week5,335.0 Rutherford - 60.0 Springfield
Shouse Village,Week3,Sully Station II,Week5,275.0 Sully Station II - 127.0 Shouse Village
Shouse Village,Week1,Woodley,Week5,245.0 Shouse Village - 157.0 Woodley
Shouse Village,Week3,Rolling Valley,Week3,286.0 Shouse Village - 116.0 Rolling Valley
Shouse Village,Week4,Mantua,Week5,249.0 Mantua - 153.0 Shouse Village
Sideburn Run,Week3,Fairfax Club Estates,Week3,254.0 Sideburn Run - 148.0 Fairfax Club Estates
Shouse Village,Week3,Highland Park,Week5,219.0 Highland Park - 183.0 Shouse Village
Sideburn Run,Week2,Fairfax Club Estates,Week4,245.0 Sideburn Run - 157.0 Fairfax Club Estates
Shouse Village,Week5,Woodley,Week1,295.0 Shouse Village - 107.0 Woodley
Shouse Village,Week1,Fair Oaks ,Week1,215.0 Fair Oaks - 187.0 Shouse Village
Sideburn Run,Week4,Fairfax Club Estates,Week3,258.0 Sideburn Run - 144.0 Fairfax Club Estates
Shouse Village,Week5,Sully Station II,Week5,263.0 Sully Station II - 139.0 Shouse Village
Shouse Village,Week5,Highland Park,Week2,210.0 Shouse Village - 192.0 Highland Park
Rutherford,Week1,Springfield,Week2,333.0 Rutherford - 56.0 Springfield
Shouse Village,Week3,Rolling Valley,Week4,282.0 Shouse Village - 120.0 Rolling Valley
Shouse Village,Week3,Fair Oaks ,Week2,208.0 Shouse Village - 194.0 Fair Oaks
Shouse Village,Week4,Highland Park,Week2,205.0 Highland Park - 197.0 Shouse Village
Sideburn Run,Week4,Fairfax Club Estates,Week4,246.0 Sideburn Run - 156.0 Fairfax Club Estates
Shouse Village,Week3,Mantua,Week2,237.0 Mantua - 165.0 Shouse Village
Shouse Village,Week2,Woodley,Week2,267.0 Shouse Village - 135.0 Woodley
Shouse Village,Week1,Highlands Swim,Week3,273.0 Highlands Swim - 129.0 Shouse Village
Shouse Village,Week3,Sully Station II,Week2,256.0 Sully Station II - 146.0 Shouse Village
Shouse Village,Week2,Woodley,Week3,271.0 Shouse Village - 131.0 Woodley
Shouse Village,Week4,Rolling Valley,Week1,334.0 Shouse Village - 68.0 Rolling Valley
Shouse Village,Week5,Mantua,Week4,219.0 Mantua - 183.0 Shouse Village
Shouse Village,Week2,Sully Station II,Week3,283.0 Sully Station II - 119.0 Shouse Village
Shouse Village,Week2,Fair Oaks ,Week4,222.5 Fair Oaks - 179.5 Shouse Village
Sideburn Run,Week5,Fairfax Station,Week2,246.0 Fairfax Station - 156.0 Sideburn Run
Shouse Village,Week3,Fair Oaks ,Week3,219.0 Fair Oaks - 183.0 Shouse Village
Sideburn Run,Week1,Annandale,Week2,281.0 Sideburn Run - 121.0 Annandale
Rutherford,Week3,Springfield,Week4,331.0 Rutherford - 70.0 Springfield
Shouse Village,Week2,Fair Oaks ,Week5,236.0 Fair Oaks - 166.0 Shouse Village
Shouse Village,Week2,Rutherford,Week1,248.0 Shouse Village - 154.0 Rutherford
Shouse Village,Week3,Mantua,Week5,263.0 Mantua - 139.0 Shouse Village
Shouse Village,Week1,McLean,Week1,293.0 McLean - 109.0 Shouse Village
Shouse Village,Week4,Sully Station II,Week3,273.0 Sully Station II - 129.0 Shouse Village
Shouse Village,Week1,Highlands Swim,Week2,294.0 Highlands Swim - 108.0 Shouse Village
Shouse Village,Week5,Sully Station II,Week4,217.0 Sully Station II - 185.0 Shouse Village
Shouse Village,Week5,Sully Station,Week4,217.0 Sully Station - 185.0 Shouse Village
Shouse Village,Week2,Rutherford,Week3,240.5 Shouse Village - 161.5 Rutherford
Rutherford,Week5,Springboard,Week4,223.0 Rutherford - 178.0 Springboard
Shouse Village,Week4,Fair Oaks ,Week1,204.0 Shouse Village - 198.0 Fair Oaks
Sideburn Run,Week4,Fairfax Club Estates,Week5,248.0 Sideburn Run - 153.0 Fairfax Club Estates
Shouse Village,Week1,Highlands Swim,Week4,270.0 Highlands Swim - 132.0 Shouse Village
Shouse Village,Week5,Rolling Valley,Week1,321.0 Shouse Village - 81.0 Rolling Valley
Shouse Village,Week4,Woodley,Week5,281.0 Shouse Village - 121.0 Woodley
Rutherford,Week2,Springfield,Week5,339.0 Rutherford - 60.0 Springfield
Shouse Village,Week3,McLean,Week2,289.0 McLean - 113.0 Shouse Village
Shouse Village,Week4,Fair Oaks ,Week4,211.0 Shouse Village - 191.0 Fair Oaks
Shouse Village,Week5,Mantua,Week5,237.0 Mantua - 165.0 Shouse Village
Shouse Village,Week1,Rutherford,Week4,215.0 Shouse Village - 187.0 Rutherford
Sideburn Run,Week2,Annandale,Week5,268.0 Sideburn Run - 134.0 Annandale
Shouse Village,Week1,Truro,Week1,237.0 Shouse Village - 164.0 Truro
Shouse Village,Week1,Highlands Swim,Week5,279.0 Highlands Swim - 123.0 Shouse Village
Rutherford,Week5,Springfield,Week3,334.0 Rutherford - 55.0 Springfield
Shouse Village,Week2,McLean,Week2,295.0 McLean - 107.0 Shouse Village
Shouse Village,Week5,Sully Station II,Week1,221.0 Sully Station II - 181.0 Shouse Village
Shouse Village,Week2,Fairfax,Week1,262.0 Fairfax - 140.0 Shouse Village
Rutherford,Week3,Springfield,Week5,343.0 Rutherford - 57.0 Springfield
Shouse Village,Week2,Highlands Swim,Week1,295.0 Highlands Swim - 107.0 Shouse Village
Shouse Village,Week4,Rolling Valley,Week5,309.0 Shouse Village - 93.0 Rolling Valley
Sideburn Run,Week2,Annandale,Week3,249.0 Sideburn Run - 153.0 Annandale
Sideburn Run,Week1,Fairfax Station,Week1,240.0 Fairfax Station - 162.0 Sideburn Run
Shouse Village,Week5,Rolling Valley,Week2,295.0 Shouse Village - 107.0 Rolling Valley
Rutherford,Week4,Springfield,Week1,331.0 Rutherford - 68.0 Springfield
Sideburn Run,Week5,Fairfax Station,Week4,244.0 Fairfax Station - 158.0 Sideburn Run
Sideburn Run,Week3,Annandale,Week5,274.5 Sideburn Run - 127.5 Annandale
Shouse Village,Week1,Truro,Week2,253.0 Shouse Village - 149.0 Truro
Shouse Village,Week3,Fairfax,Week4,256.0 Fairfax - 146.0 Shouse Village
Shouse Village,Week1,Truro,Week3,239.0 Shouse Village - 163.0 Truro
Shouse Village,Week4,Highland Park,Week3,199.0 Shouse Village - 198.0 Highland Park
Shouse Village,Week5,Sully Station II,Week3,258.0 Sully Station II - 144.0 Shouse Village
Rutherford,Week3,Stratford,Week1,216.0 Rutherford - 180.0 Stratford
Shouse Village,Week5,Mantua,Week3,239.0 Mantua - 163.0 Shouse Village
Sideburn Run,Week5,Fairfax Club Estates,Week1,259.0 Sideburn Run - 143.0 Fairfax Club Estates
Shouse Village,Week1,Mantua,Week2,235.0 Mantua - 167.0 Shouse Village
Shouse Village,Week5,Woodley,Week4,280.0 Shouse Village - 122.0 Woodley
Sideburn Run,Week1,Fairfax Station,Week5,259.0 Fairfax Station - 143.0 Sideburn Run
Shouse Village,Week2,Rutherford,Week2,239.0 Shouse Village - 162.0 Rutherford
Shouse Village,Week4,Mantua,Week1,230.0 Mantua - 172.0 Shouse Village
Shouse Village,Week3,Fairfax,Week5,279.0 Fairfax - 123.0 Shouse Village
Rutherford,Week1,Stratford,Week2,217.0 Stratford - 185.0 Rutherford
Sideburn Run,Week3,Annandale,Week2,277.0 Sideburn Run - 125.0 Annandale
Shouse Village,Week2,Fairfax,Week5,292.0 Fairfax - 110.0 Shouse Village
Shouse Village,Week2,Rutherford,Week4,229.0 Shouse Village - 173.0 Rutherford
Shouse Village,Week2,Highlands Swim,Week2,305.0 Highlands Swim - 97.0 Shouse Village
Shouse Village,Week1,Rutherford,Week1,254.0 Shouse Village - 148.0 Rutherford
Rutherford,Week3,Stratford,Week2,208.0 Rutherford - 194.0 Stratford
Shouse Village,Week2,Highlands Swim,Week3,297.0 Highlands Swim - 105.0 Shouse Village
Sideburn Run,Week1,Fairfax Station,Week2,250.0 Fairfax Station - 152.0 Sideburn Run
Sideburn Run,Week2,Fairfax Station,Week5,268.0 Fairfax Station - 134.0 Sideburn Run
Shouse Village,Week2,Truro,Week4,215.0 Shouse Village - 186.0 Truro
Shouse Village,Week5,Woodley,Week2,282.0 Shouse Village - 120.0 Woodley
Shouse Village,Week4,Mantua,Week2,222.5 Mantua - 179.5 Shouse Village
Rutherford,Week5,Springfield,Week1,332.0 Rutherford - 63.0 Springfield
Shouse Village,Week3,Highlands Swim,Week4,279.0 Highlands Swim - 123.0 Shouse Village
Shouse Village,Week2,Shouse Village,Week2,200.5 Shouse Village (SV1) - 200.5 Shouse Village (SV2)
Sideburn Run,Week3,Fairfax Station,Week2,254.0 Fairfax Station - 148.0 Sideburn Run
Rutherford,Week1,Stratford,Week4,254.0 Stratford - 148.0 Rutherford
Shouse Village,Week2,Rutherford,Week5,231.0 Shouse Village - 171.0 Rutherford
Rutherford,Week3,Stratford,Week5,202.0 Stratford - 200.0 Rutherford
Shouse Village,Week2,Mantua,Week3,288.0 Mantua - 114.0 Shouse Village
Sideburn Run,Week4,Fairfax Station,Week1,249.0 Fairfax Station - 153.0 Sideburn Run
Shouse Village,Week5,Fair Oaks ,Week1,217.0 Shouse Village - 185.0 Fair Oaks
Shouse Village,Week4,Fairfax,Week1,230.0 Fairfax - 172.0 Shouse Village
Sideburn Run,Week2,Fairfax Station,Week4,243.0 Fairfax Station - 159.0 Sideburn Run
Shouse Village,Week3,Rutherford,Week2,267.0 Shouse Village - 135.0 Rutherford
Shouse Village,Week4,Fairfax,Week3,247.0 Fairfax - 155.0 Shouse Village
Shouse Village,Week5,Fair Oaks ,Week3,208.0 Shouse Village - 194.0 Fair Oaks
Shouse Village,Week5,Woodley,Week5,269.0 Shouse Village - 133.0 Woodley
Shouse Village,Week3,Highlands Swim,Week2,289.5 Highlands Swim - 112.5 Shouse Village
Sideburn Run,Week3,Annandale,Week3,271.0 Sideburn Run - 131.0 Annandale
Shouse Village,Week3,Highlands Swim,Week3,281.0 Highlands Swim - 121.0 Shouse Village
Sideburn Run,Week3,Fairfax Station,Week3,261.0 Fairfax Station - 141.0 Sideburn Run
Shouse Village,Week4,Fairfax,Week4,251.0 Fairfax - 151.0 Shouse Village
Shouse Village,Week3,Truro,Week1,241.0 Shouse Village - 161.0 Truro
Shouse Village,Week2,Truro,Week2,252.0 Shouse Village - 147.0 Truro
Shouse Village,Week5,Mantua,Week1,228.5 Mantua - 172.5 Shouse Village
Shouse Village,Week2,Mantua,Week2,268.0 Mantua - 134.0 Shouse Village
Rutherford,Week2,Stratford,Week3,234.0 Stratford - 168.0 Rutherford
Shouse Village,Week4,Woodley,Week2,300.0 Shouse Village - 102.0 Woodley
Rutherford,Week3,Stratford,Week4,220.0 Stratford - 182.0 Rutherford
Shouse Village,Week2,Mantua,Week4,274.0 Mantua - 128.0 Shouse Village
Rutherford,Week2,Stratford,Week1,202.0 Stratford - 198.0 Rutherford
Sideburn Run,Week5,Annandale,Week1,298.0 Sideburn Run - 104.0 Annandale
Sideburn Run,Week1,Fairfax Station,Week4,229.0 Fairfax Station - 173.0 Sideburn Run
Shouse Village,Week5,Woodley,Week3,288.0 Shouse Village - 114.0 Woodley
Shouse Village,Week5,Mantua,Week2,218.0 Mantua - 184.0 Shouse Village
Shouse Village,Week2,Highlands Swim,Week4,293.0 Highlands Swim - 109.0 Shouse Village
Shouse Village,Week4,Highlands Swim,Week1,285.0 Highlands Swim - 117.0 Shouse Village
Shouse Village,Week2,Truro,Week5,241.0 Shouse Village - 160.0 Truro
Shouse Village,Week2,Highlands Swim,Week5,296.0 Highlands Swim - 106.0 Shouse Village
Shouse Village,Week1,Truro,Week5,236.0 Shouse Village - 166.0 Truro
Shouse Village,Week3,Truro,Week2,249.0 Shouse Village - 152.0 Truro
Shouse Village,Week5,Rolling Valley,Week4,288.0 Shouse Village - 114.0 Rolling Valley
Shouse Village,Week2,Fairfax,Week4,266.0 Fairfax - 136.0 Shouse Village
Shouse Village,Week4,Shouse Village,Week1,233.0 Shouse Village (SV1) - 169.0 Shouse Village (SV2)
Shouse Village,Week4,Rutherford,Week3,285.0 Shouse Village - 117.0 Rutherford
Shouse Village,Week3,Shouse Village,Week5,224.0 Shouse Village (SV2) - 178.0 Shouse Village (SV1)
Sideburn Run,Week5,Fairfax Club Estates,Week3,260.0 Sideburn Run - 142.0 Fairfax Club Estates
Sideburn Run,Week1,Fairfax Station,Week3,255.0 Fairfax Station - 147.0 Sideburn Run
Shouse Village,Week4,Fair Oaks ,Week3,209.0 Fair Oaks - 193.0 Shouse Village
Shouse Village,Week1,Mantua,Week3,265.0 Mantua - 137.0 Shouse Village
Sideburn Run,Week3,Fairfax Station,Week4,236.0 Fairfax Station - 166.0 Sideburn Run
Shouse Village,Week3,Highlands Swim,Week5,287.0 Highlands Swim - 115.0 Shouse Village
Rutherford,Week1,Stratford,Week5,240.0 Stratford - 161.0 Rutherford
Shouse Village,Week3,Woodley,Week3,280.0 Shouse Village - 122.0 Woodley
Shouse Village,Week3,Mantua,Week1,243.0 Mantua - 159.0 Shouse Village
Rutherford,Week4,Springfield,Week5,349.0 Rutherford - 50.0 Springfield
Shouse Village,Week4,Highlands Swim,Week2,283.0 Highlands Swim - 119.0 Shouse Village
Shouse Village,Week1,Shouse Village,Week2,209.0 Shouse Village (SV1) - 193.0 Shouse Village (SV2)
Shouse Village,Week4,Fair Oaks ,Week5,217.0 Fair Oaks - 185.0 Shouse Village
Shouse Village,Week1,Mantua,Week5,267.0 Mantua - 135.0 Shouse Village
Shouse Village,Week2,Hollin Hills,Week3,284.0 Shouse Village - 117.0 Hollin Hills
Shouse Village,Week4,Highlands Swim,Week3,278.0 Highlands Swim - 124.0 Shouse Village
Shouse Village,Week4,Truro,Week2,273.0 Shouse Village - 129.0 Truro
Shouse Village,Week5,Rutherford,Week4,259.0 Shouse Village - 143.0 Rutherford
Shouse Village,Week3,Fair Oaks ,Week4,203.0 Fair Oaks - 199.0 Shouse Village
Shouse Village,Week3,Truro,Week3,248.0 Shouse Village - 154.0 Truro
Shouse Village,Week3,Woodley,Week5,270.0 Shouse Village - 132.0 Woodley
Rutherford,Week1,Stratford,Week1,204.0 Stratford - 197.0 Rutherford
Shouse Village,Week4,Fairfax,Week2,257.0 Fairfax - 145.0 Shouse Village
Sideburn Run,Week3,Fairfax Station,Week5,268.0 Fairfax Station - 134.0 Sideburn Run
Shouse Village,Week3,Woodley,Week1,284.0 Shouse Village - 118.0 Woodley
Shouse Village,Week3,Truro,Week4,230.0 Shouse Village - 172.0 Truro
Shouse Village,Week3,Woodley,Week2,283.0 Shouse Village - 119.0 Woodley
Shouse Village,Week3,Mantua,Week4,243.0 Mantua - 159.0 Shouse Village
Sideburn Run,Week2,Fairfax Station,Week1,249.0 Fairfax Station - 153.0 Sideburn Run
Shouse Village,Week4,Woodley,Week1,299.0 Shouse Village - 103.0 Woodley
Sideburn Run,Week1,Annandale,Week5,279.5 Sideburn Run - 122.5 Annandale
Shouse Village,Week3,Truro,Week5,239.0 Shouse Village - 163.0 Truro
Sideburn Run,Week3,Fairfax Station,Week1,254.0 Fairfax Station - 148.0 Sideburn Run
Shouse Village,Week1,Fairfax,Week1,243.0 Fairfax - 159.0 Shouse Village
Shouse Village,Week4,Highlands Swim,Week5,293.0 Highlands Swim - 109.0 Shouse Village
Shouse Village,Week4,Mantua,Week4,229.0 Mantua - 173.0 Shouse Village
Shouse Village,Week4,Truro,Week3,276.0 Shouse Village - 126.0 Truro
Rutherford,Week4,Stratford,Week3,211.5 Rutherford - 190.5 Stratford
Shouse Village,Week2,Mantua,Week1,259.0 Mantua - 142.0 Shouse Village
Rutherford,Week4,Stratford,Week1,208.0 Rutherford - 188.0 Stratford
Shouse Village,Week1,Shouse Village,Week4,233.0 Shouse Village (SV2) - 169.0 Shouse Village (SV1)
Shouse Village,Week3,Hollin Hills,Week4,305.0 Shouse Village - 97.0 Hollin Hills
Shouse Village,Week4,Truro,Week4,256.0 Shouse Village - 146.0 Truro
Shouse Village,Week3,Rutherford,Week5,254.0 Shouse Village - 148.0 Rutherford
Rutherford,Week5,Springfield,Week2,342.0 Rutherford - 50.0 Springfield
Shouse Village,Week1,Shouse Village,Week1,200.0 Shouse Village (SV1) - 200.0 Shouse Village (SV2)
Shouse Village,Week1,Fairfax,Week3,259.0 Fairfax - 143.0 Shouse Village
Shouse Village,Week3,Fair Oaks ,Week5,235.0 Fair Oaks - 167.0 Shouse Village
Sideburn Run,Week4,Fairfax Station,Week3,270.0 Fairfax Station - 132.0 Sideburn Run
Shouse Village,Week4,Hollin Hills,Week3,305.0 Shouse Village - 96.0 Hollin Hills
Shouse Village,Week2,Woodley,Week4,266.0 Shouse Village - 136.0 Woodley
Shouse Village,Week1,Fairfax,Week5,272.0 Fairfax - 130.0 Shouse Village
Shouse Village,Week2,Shouse Village,Week4,238.0 Shouse Village (SV2) - 164.0 Shouse Village (SV1)
Shouse Village,Week1,Hollin Hills,Week1,292.0 Shouse Village - 108.0 Hollin Hills
Shouse Village,Week1,Hollin Hills,Week4,279.0 Shouse Village - 122.0 Hollin Hills
Sideburn Run,Week4,Fairfax Station,Week5,267.0 Fairfax Station - 135.0 Sideburn Run
Shouse Village,Week5,Hollin Hills,Week3,312.0 Shouse Village - 90.0 Hollin Hills
Sideburn Run,Week4,Fairfax Station,Week4,250.0 Fairfax Station - 152.0 Sideburn Run
Shouse Village,Week3,Shouse Village,Week3,201.0 Shouse Village (SV1) - 201.0 Shouse Village (SV2)
Shouse Village,Week4,Truro,Week1,259.0 Shouse Village - 143.0 Truro
Rutherford,Week1,Stratford,Week3,229.0 Stratford - 173.0 Rutherford
Shouse Village,Week1,McLean,Week3,304.0 McLean - 98.0 Shouse Village
Shouse Village,Week2,McLean,Week1,304.0 McLean - 98.0 Shouse Village
Shouse Village,Week2,Woodley,Week1,262.0 Shouse Village - 140.0 Woodley
Shouse Village,Week3,Shouse Village,Week4,213.0 Shouse Village (SV2) - 189.0 Shouse Village (SV1)
Sideburn Run,Week2,Fairfax Station,Week3,272.0 Fairfax Station - 130.0 Sideburn Run
Shouse Village,Week5,Truro,Week1,262.0 Shouse Village - 140.0 Truro
Shouse Village,Week1,McLean,Week5,318.0 McLean - 84.0 Shouse Village
Shouse Village,Week3,Shouse Village,Week2,226.0 Shouse Village (SV1) - 176.0 Shouse Village (SV2)
Shouse Village,Week1,McLean,Week4,299.0 McLean - 103.0 Shouse Village
Shouse Village,Week4,Woodley,Week3,298.0 Shouse Village - 103.0 Woodley
Shouse Village,Week1,Fairfax,Week4,255.0 Fairfax - 147.0 Shouse Village
Rutherford,Week4,Stratford,Week2,225.0 Rutherford - 177.0 Stratford
Shouse Village,Week1,Fairfax,Week2,258.0 Fairfax - 144.0 Shouse Village
Rutherford,Week2,Stratford,Week2,225.0 Stratford - 177.0 Rutherford
Shouse Village,Week2,Woodley,Week5,249.0 Shouse Village - 153.0 Woodley
Shouse Village,Week5,Hollin Hills,Week5,310.0 Shouse Village - 90.0 Hollin Hills
Shouse Village,Week3,McLean,Week3,288.0 McLean - 114.0 Shouse Village
Shouse Village,Week5,Fair Oaks ,Week4,216.0 Shouse Village - 186.0 Fair Oaks
Sideburn Run,Week2,Fairfax Station,Week2,256.0 Fairfax Station - 146.0 Sideburn Run
Shouse Village,Week4,Rutherford,Week1,286.0 Shouse Village - 115.0 Rutherford
Shouse Village,Week5,Truro,Week2,273.0 Shouse Village - 129.0 Truro
Sideburn Run,Week5,Fairfax Station,Week1,232.0 Fairfax Station - 170.0 Sideburn Run
Shouse Village,Week4,Woodley,Week4,291.0 Shouse Village - 111.0 Woodley
Rutherford,Week4,Springfield,Week3,343.0 Rutherford - 52.0 Springfield
Shouse Village,Week5,Truro,Week3,259.0 Shouse Village - 143.0 Truro
Rutherford,Week4,Springfield,Week4,326.0 Rutherford - 73.0 Springfield
Shouse Village,Week2,Mosby Woods,Week5,264.0 Mosby Woods - 138.0 Shouse Village
Shouse Village,Week4,Truro,Week5,264.0 Shouse Village - 138.0 Truro
Sideburn Run,Week1,Annandale,Week3,275.5 Sideburn Run - 126.5 Annandale
Shouse Village,Week5,Shouse Village,Week1,223.0 Shouse Village (SV1) - 179.0 Shouse Village (SV2)
Rutherford,Week2,Stratford,Week5,227.0 Stratford - 175.0 Rutherford
Shouse Village,Week1,Hollin Hills,Week5,277.0 Shouse Village - 124.0 Hollin Hills
Sideburn Run,Week1,Annandale,Week1,292.0 Sideburn Run - 110.0 Annandale
Shouse Village,Week2,Fairfax,Week2,281.5 Fairfax - 120.5 Shouse Village
Shouse Village,Week4,Hollin Hills,Week4,307.0 Shouse Village - 91.0 Hollin Hills
Shouse Village,Week2,McLean,Week3,299.0 McLean - 103.0 Shouse Village
Shouse Village,Week5,Fair Oaks ,Week5,203.0 Shouse Village - 199.0 Fair Oaks
Sideburn Run,Week5,Fairfax Club Estates,Week4,253.0 Sideburn Run - 149.0 Fairfax Club Estates
Rutherford,Week3,Stratford,Week3,204.0 Stratford - 198.0 Rutherford
Rutherford,Week1,McLean,Week5,342.0 McLean - 60.0 Rutherford
Rutherford,Week2,Stratford,Week4,246.0 Stratford - 156.0 Rutherford
Rutherford,Week2,McLean,Week3,336.0 McLean - 66.0 Rutherford
Sideburn Run,Week5,Fairfax Club Estates,Week5,254.5 Sideburn Run - 146.5 Fairfax Club Estates
Sideburn Run,Week1,Annandale,Week4,292.0 Sideburn Run - 110.0 Annandale
Shouse Village,Week2,McLean,Week4,286.0 McLean - 116.0 Shouse Village
Sideburn Run,Week5,Fairfax Station,Week3,248.0 Fairfax Station - 154.0 Sideburn Run
Shouse Village,Week4,Hollin Hills,Week5,294.0 Shouse Village - 107.0 Hollin Hills
Shouse Village,Week5,Highlands Swim,Week3,261.0 Highlands Swim - 141.0 Shouse Village
Shouse Village,Week1,Hollin Meadows,Week5,230.0 Hollin Meadows - 172.0 Shouse Village
Shouse Village,Week3,McLean,Week1,280.0 McLean - 122.0 Shouse Village
Shouse Village,Week1,Shouse Village,Week5,223.0 Shouse Village (SV2) - 179.0 Shouse Village (SV1)
Rutherford,Week5,Springfield,Week4,324.5 Rutherford - 75.5 Springfield
Shouse Village,Week3,Fairfax,Week1,235.5 Fairfax - 166.5 Shouse Village
Shouse Village,Week2,Shouse Village,Week5,224.0 Shouse Village (SV2) - 178.0 Shouse Village (SV1)
Shouse Village,Week4,Fair Oaks ,Week2,235.0 Shouse Village - 167.0 Fair Oaks
Sideburn Run,Week4,Fairfax Station,Week2,257.0 Fairfax Station - 145.0 Sideburn Run
Sideburn Run,Week5,Fairfax Station,Week5,266.0 Fairfax Station - 136.0 Sideburn Run
Shouse Village,Week5,Rutherford,Week3,268.0 Shouse Village - 134.0 Rutherford
Shouse Village,Week2,McLean,Week5,305.0 McLean - 97.0 Shouse Village
Sideburn Run,Week2,Annandale,Week4,283.0 Sideburn Run - 119.0 Annandale
Rutherford,Week5,Springfield,Week5,340.5 Rutherford - 54.5 Springfield
Sideburn Run,Week2,Annandale,Week2,260.0 Sideburn Run - 142.0 Annandale
Shouse Village,Week5,Fair Oaks ,Week2,237.0 Shouse Village - 165.0 Fair Oaks
Shouse Village,Week2,Fairfax,Week3,271.0 Fairfax - 131.0 Shouse Village
Shouse Village,Week4,Shouse Village,Week4,198.0 Shouse Village (SV1) - 198.0 Shouse Village (SV2)
Sideburn Run,Week2,Annandale,Week1,272.0 Sideburn Run - 130.0 Annandale
Sideburn Run,Week4,Annandale,Week1,286.0 Sideburn Run - 116.0 Annandale
Shouse Village,Week3,McLean,Week5,295.0 McLean - 107.0 Shouse Village
Shouse Village,Week3,Fairfax,Week2,267.0 Fairfax - 135.0 Shouse Village
Sideburn Run,Week1,Forest Hollow,Week1,207.0 Forest Hollow - 195.0 Sideburn Run
Sideburn Run,Week3,Annandale,Week1,283.0 Sideburn Run - 119.0 Annandale
Rutherford,Week3,Mantua,Week5,316.0 Mantua - 86.0 Rutherford
Shouse Village,Week2,Shouse Village,Week1,209.0 Shouse Village (SV2) - 193.0 Shouse Village (SV1)
Shouse Village,Week3,Fairfax Club Estates,Week5,242.0 Shouse Village - 160.0 Fairfax Club Estates
Shouse Village,Week5,Rutherford,Week2,272.0 Shouse Village - 130.0 Rutherford
Rutherford,Week1,South Run,Week1,244.0 South Run - 148.0 Rutherford
Rutherford,Week3,Somerset-Olde Creek,Week5,246.0 Rutherford - 154.0 Somerset-Olde Creek
Sideburn Run,Week1,Forest Hollow,Week2,203.0 Forest Hollow - 199.0 Sideburn Run
Rutherford,Week5,Mantua,Week3,317.0 Mantua - 85.0 Rutherford
Sideburn Run,Week3,Annandale,Week4,291.0 Sideburn Run - 111.0 Annandale
Rutherford,Week4,Somerset-Olde Creek,Week2,290.0 Rutherford - 106.0 Somerset-Olde Creek
Shouse Village,Week5,Rutherford,Week1,277.0 Shouse Village - 125.0 Rutherford
Sideburn Run,Week1,Forest Hollow,Week3,202.0 Sideburn Run - 200.0 Forest Hollow
Rutherford,Week5,Mantua,Week1,282.0 Mantua - 120.0 Rutherford
Shouse Village,Week3,Fairfax,Week3,251.0 Fairfax - 151.0 Shouse Village
Shouse Village,Week3,Hollin Hills,Week1,307.0 Shouse Village - 95.0 Hollin Hills
Shouse Village,Week4,McLean,Week4,273.0 McLean - 124.0 Shouse Village
Shouse Village,Week1,Hollin Hills,Week3,284.0 Shouse Village - 117.0 Hollin Hills
Shouse Village,Week2,Hollin Hills,Week1,282.0 Shouse Village - 118.0 Hollin Hills
Shouse Village,Week4,McLean,Week3,276.0 McLean - 126.0 Shouse Village
Shouse Village,Week5,Highlands Swim,Week1,270.0 Highlands Swim - 132.0 Shouse Village
Rutherford,Week4,Mantua,Week5,314.0 Mantua - 88.0 Rutherford
Shouse Village,Week5,Rutherford,Week5,273.0 Shouse Village - 129.0 Rutherford
Shouse Village,Week5,McLean,Week2,268.0 McLean - 134.0 Shouse Village
Shouse Village,Week2,Fairfax Club Estates,Week5,231.0 Shouse Village - 171.0 Fairfax Club Estates
Rutherford,Week5,Mantua,Week5,330.0 Mantua - 72.0 Rutherford
Sideburn Run,Week5,Forest Hollow,Week1,204.5 Sideburn Run - 197.5 Forest Hollow
Rutherford,Week2,McLean,Week4,322.0 McLean - 80.0 Rutherford
Sideburn Run,Week4,Annandale,Week3,269.0 Sideburn Run - 133.0 Annandale
Sideburn Run,Week5,Forest Hollow,Week2,207.0 Sideburn Run - 195.0 Forest Hollow
Shouse Village,Week4,McLean,Week5,282.0 McLean - 120.0 Shouse Village
Sideburn Run,Week3,Forest Hollow,Week5,227.0 Forest Hollow - 175.0 Sideburn Run
Shouse Village,Week5,McLean,Week4,261.0 McLean - 141.0 Shouse Village
Rutherford,Week3,South Run,Week3,239.0 South Run - 162.0 Rutherford
Rutherford,Week4,South Run,Week4,224.0 South Run - 177.0 Rutherford
Shouse Village,Week2,Fairfax Club Estates,Week2,249.0 Shouse Village - 153.0 Fairfax Club Estates
Rutherford,Week5,Mantua,Week4,299.0 Mantua - 103.0 Rutherford
Shouse Village,Week1,Shouse Village,Week3,213.0 Shouse Village (SV2) - 189.0 Shouse Village (SV1)
Rutherford,Week1,South Run,Week4,237.0 South Run - 164.0 Rutherford
Sideburn Run,Week1,Fox Hunt,Week3,210.0 Sideburn Run - 192.0 Fox Hunt
Shouse Village,Week5,Highlands Swim,Week2,274.0 Highlands Swim - 128.0 Shouse Village
Shouse Village,Week4,Highlands Swim,Week4,278.0 Highlands Swim - 124.0 Shouse Village
Sideburn Run,Week2,Forest Hollow,Week4,232.0 Forest Hollow - 170.0 Sideburn Run
Shouse Village,Week2,Shouse Village,Week3,226.0 Shouse Village (SV2) - 176.0 Shouse Village (SV1)
Rutherford,Week5,South Run,Week1,225.0 South Run - 167.0 Rutherford
Rutherford,Week1,McLean,Week2,326.0 McLean - 76.0 Rutherford
Sideburn Run,Week4,Annandale,Week2,268.0 Sideburn Run - 134.0 Annandale
Shouse Village,Week5,Fairfax Club Estates,Week4,250.0 Shouse Village - 152.0 Fairfax Club Estates
Sideburn Run,Week1,Fox Hunt,Week2,220.0 Sideburn Run - 182.0 Fox Hunt
Shouse Village,Week1,Fairfax Club Estates,Week1,234.5 Shouse Village - 167.5 Fairfax Club Estates
Rutherford,Week3,South Run,Week5,248.0 South Run - 154.0 Rutherford
Sideburn Run,Week2,Arlington Forest,Week3,214.5 Sideburn Run - 187.5 Arlington Forest
Shouse Village,Week4,Fairfax Club Estates,Week3,263.0 Shouse Village - 138.0 Fairfax Club Estates
Shouse Village,Week4,Fairfax,Week5,273.0 Fairfax - 129.0 Shouse Village
Sideburn Run,Week5,Annandale,Week2,282.0 Sideburn Run - 120.0 Annandale
Shouse Village,Week3,Hollin Hills,Week3,295.0 Shouse Village - 107.0 Hollin Hills
Shouse Village,Week4,Rutherford,Week4,265.0 Shouse Village - 137.0 Rutherford
Shouse Village,Week4,Rutherford,Week2,284.0 Shouse Village - 118.0 Rutherford
Shouse Village,Week4,Rutherford,Week5,268.0 Shouse Village - 134.0 Rutherford
Sideburn Run,Week4,Annandale,Week5,276.0 Sideburn Run - 126.0 Annandale
Shouse Village,Week5,McLean,Week3,268.0 McLean - 133.0 Shouse Village
Rutherford,Week1,South Run,Week5,274.0 South Run - 128.0 Rutherford
Shouse Village,Week3,McLean,Week4,279.0 McLean - 123.0 Shouse Village
Sideburn Run,Week4,Annandale,Week4,289.0 Sideburn Run - 113.0 Annandale
Shouse Village,Week4,Hollin Hills,Week1,311.0 Shouse Village - 87.0 Hollin Hills
Shouse Village,Week5,McLean,Week5,280.0 McLean - 122.0 Shouse Village
Shouse Village,Week2,Hollin Hills,Week5,271.0 Shouse Village - 128.0 Hollin Hills
Rutherford,Week2,McLean,Week5,340.0 McLean - 62.0 Rutherford
Rutherford,Week2,South Run,Week2,222.0 South Run - 179.0 Rutherford
Shouse Village,Week5,Highlands Swim,Week5,274.0 Highlands Swim - 128.0 Shouse Village
Shouse Village,Week3,Shouse Village,Week1,213.0 Shouse Village (SV1) - 189.0 Shouse Village (SV2)
Sideburn Run,Week2,Fox Hunt,Week2,204.0 Sideburn Run - 198.0 Fox Hunt
Rutherford,Week4,Langley,Week5,299.0 Langley - 103.0 Rutherford
Rutherford,Week2,Oakton ,Week5,341.0 Oakton - 61.0 Rutherford
Shouse Village,Week1,Mosby Woods,Week1,252.0 Mosby Woods - 150.0 Shouse Village
Rutherford,Week5,Somerset-Olde Creek,Week5,262.0 Rutherford - 138.0 Somerset-Olde Creek
Rutherford,Week3,Mantua,Week1,283.0 Mantua - 119.0 Rutherford
Shouse Village,Week1,Hollin Hills,Week2,284.0 Shouse Village - 118.0 Hollin Hills
Sideburn Run,Week2,Arlington Forest,Week4,228.0 Arlington Forest - 174.0 Sideburn Run
Rutherford,Week5,North Springfield,Week4,261.0 Rutherford - 131.0 North Springfield
Shouse Village,Week5,Highlands Swim,Week4,271.0 Highlands Swim - 131.0 Shouse Village
Shouse Village,Week2,Fairfax Club Estates,Week4,224.0 Shouse Village - 178.0 Fairfax Club Estates
Shouse Village,Week1,Mosby Woods,Week2,252.0 Mosby Woods - 150.0 Shouse Village
Shouse Village,Week5,McLean,Week1,265.0 McLean - 137.0 Shouse Village
Rutherford,Week5,North Springfield,Week2,252.0 Rutherford - 136.0 North Springfield
Sideburn Run,Week4,Forest Hollow,Week4,218.0 Forest Hollow - 184.0 Sideburn Run
Rutherford,Week4,Langley,Week3,307.0 Langley - 95.0 Rutherford
Shouse Village,Week3,Fairfax Club Estates,Week2,248.0 Shouse Village - 154.0 Fairfax Club Estates
Rutherford,Week3,Mantua,Week4,317.0 Mantua - 85.0 Rutherford
Shouse Village,Week4,Shouse Village,Week3,213.0 Shouse Village (SV1) - 189.0 Shouse Village (SV2)
Rutherford,Week3,McLean,Week1,322.0 McLean - 80.0 Rutherford
Sideburn Run,Week2,Arlington Forest,Week5,234.0 Arlington Forest - 168.0 Sideburn Run
Sideburn Run,Week2,Arlington Forest,Week1,205.0 Arlington Forest - 197.0 Sideburn Run
Rutherford,Week2,South Run,Week3,242.0 South Run - 159.0 Rutherford
Shouse Village,Week4,Shouse Village,Week2,238.0 Shouse Village (SV1) - 164.0 Shouse Village (SV2)
Rutherford,Week5,Langley,Week1,321.0 Langley - 81.0 Rutherford
Shouse Village,Week1,Mosby Woods,Week3,244.0 Mosby Woods - 158.0 Shouse Village
Sideburn Run,Week3,Fox Hunt,Week2,213.0 Sideburn Run - 189.0 Fox Hunt
Shouse Village,Week4,McLean,Week1,265.0 McLean - 137.0 Shouse Village
Rutherford,Week5,Oakton ,Week3,297.5 Oakton - 104.5 Rutherford
Shouse Village,Week5,Sideburn Run,Week3,206.0 Sideburn Run - 196.0 Shouse Village
Sideburn Run,Week3,Arlington Forest,Week3,227.0 Sideburn Run - 175.0 Arlington Forest
Shouse Village,Week2,Hollin Hills,Week4,277.0 Shouse Village - 119.0 Hollin Hills
Shouse Village,Week4,Fairfax Club Estates,Week2,273.0 Shouse Village - 129.0 Fairfax Club Estates
Sideburn Run,Week5,Annandale,Week3,280.0 Sideburn Run - 122.0 Annandale
Shouse Village,Week1,Mosby Woods,Week4,225.0 Mosby Woods - 177.0 Shouse Village
Rutherford,Week1,McLean,Week1,322.0 McLean - 80.0 Rutherford
Rutherford,Week3,Somerset-Olde Creek,Week3,276.0 Rutherford - 118.0 Somerset-Olde Creek
Sideburn Run,Week4,Forest Hollow,Week3,213.0 Forest Hollow - 189.0 Sideburn Run
Shouse Village,Week1,Sideburn Run,Week1,222.0 Sideburn Run - 180.0 Shouse Village
Shouse Village,Week5,Fairfax Club Estates,Week1,261.0 Shouse Village - 140.0 Fairfax Club Estates
Rutherford,Week4,Mantua,Week1,282.0 Mantua - 119.0 Rutherford
Shouse Village,Week2,Hollin Hills,Week2,285.0 Shouse Village - 111.0 Hollin Hills
Shouse Village,Week5,Fairfax,Week1,216.0 Fairfax - 186.0 Shouse Village
Rutherford,Week5,Langley,Week4,311.0 Langley - 91.0 Rutherford
Shouse Village,Week3,Hollin Hills,Week2,307.5 Shouse Village - 93.5 Hollin Hills
Rutherford,Week2,Oakton ,Week3,326.0 Oakton - 76.0 Rutherford
Rutherford,Week3,Somerset-Olde Creek,Week4,286.0 Rutherford - 115.0 Somerset-Olde Creek
Sideburn Run,Week2,Fox Hunt,Week3,212.0 Fox Hunt - 190.0 Sideburn Run
Rutherford,Week5,Langley,Week3,308.0 Langley - 94.0 Rutherford
Rutherford,Week5,Langley,Week5,300.0 Langley - 102.0 Rutherford
Rutherford,Week4,Somerset-Olde Creek,Week3,296.0 Rutherford - 101.0 Somerset-Olde Creek
Rutherford,Week1,Langley,Week4,332.0 Langley - 70.0 Rutherford
Sideburn Run,Week4,Fox Hunt,Week1,218.0 Sideburn Run - 184.0 Fox Hunt
Rutherford,Week5,Somerset-Olde Creek,Week3,285.0 Rutherford - 115.0 Somerset-Olde Creek
Sideburn Run,Week5,Annandale,Week4,299.0 Sideburn Run - 103.0 Annandale
Rutherford,Week5,North Springfield,Week5,220.0 Rutherford - 149.0 North Springfield
Rutherford,Week1,South Run,Week2,226.0 South Run - 175.0 Rutherford
Rutherford,Week5,Mantua,Week2,283.0 Mantua - 119.0 Rutherford
Rutherford,Week4,North Springfield,Week4,270.0 Rutherford - 122.0 North Springfield
Rutherford,Week3,Mantua,Week2,286.0 Mantua - 116.0 Rutherford
Shouse Village,Week4,Shouse Village,Week5,212.0 Shouse Village (SV2) - 190.0 Shouse Village (SV1)
Shouse Village,Week3,Hollin Hills,Week5,288.5 Shouse Village - 111.5 Hollin Hills
Shouse Village,Week4,McLean,Week2,277.0 McLean - 125.0 Shouse Village
Sideburn Run,Week1,Arlington Forest,Week1,223.0 Sideburn Run - 179.0 Arlington Forest
Rutherford,Week4,North Springfield,Week5,241.0 Rutherford - 133.0 North Springfield
Shouse Village,Week4,Hollin Hills,Week2,316.0 Shouse Village - 82.0 Hollin Hills
Shouse Village,Week2,Sideburn Run,Week3,231.0 Sideburn Run - 171.0 Shouse Village
Sideburn Run,Week2,Fox Hunt,Week4,203.0 Fox Hunt - 199.0 Sideburn Run
Rutherford,Week3,Mantua,Week3,326.0 Mantua - 76.0 Rutherford
Shouse Village,Week1,Mosby Woods,Week5,249.0 Mosby Woods - 153.0 Shouse Village
Rutherford,Week1,Oakton ,Week4,350.0 Oakton - 52.0 Rutherford
Shouse Village,Week1,Sideburn Run,Week2,205.0 Sideburn Run - 197.0 Shouse Village
Sideburn Run,Week4,Forest Hollow,Week2,216.0 Forest Hollow - 186.0 Sideburn Run
Rutherford,Week5,Somerset-Olde Creek,Week1,277.0 Rutherford - 118.0 Somerset-Olde Creek
Sideburn Run,Week4,Arlington Forest,Week3,229.0 Sideburn Run - 173.0 Arlington Forest
Shouse Village,Week2,Sideburn Run,Week2,203.0 Shouse Village - 199.0 Sideburn Run
Rutherford,Week3,Langley,Week4,310.0 Langley - 92.0 Rutherford
Sideburn Run,Week3,Arlington Forest,Week2,224.0 Sideburn Run - 178.0 Arlington Forest
Rutherford,Week2,McLean,Week2,330.0 McLean - 72.0 Rutherford
Shouse Village,Week2,Mosby Woods,Week1,283.0 Mosby Woods - 119.0 Shouse Village
Shouse Village,Week2,Mosby Woods,Week2,275.0 Mosby Woods - 127.0 Shouse Village
Shouse Village,Week1,Sideburn Run,Week4,231.0 Sideburn Run - 171.0 Shouse Village
Shouse Village,Week5,Fairfax Club Estates,Week2,274.0 Shouse Village - 127.0 Fairfax Club Estates
Shouse Village,Week5,Hollin Hills,Week1,327.0 Shouse Village - 74.0 Hollin Hills
Rutherford,Week2,Oakton ,Week2,340.0 Oakton - 62.0 Rutherford
Shouse Village,Week5,Fairfax Club Estates,Week3,261.0 Shouse Village - 140.0 Fairfax Club Estates
Sideburn Run,Week4,Forest Hollow,Week5,228.0 Forest Hollow - 174.0 Sideburn Run
Rutherford,Week3,Langley,Week1,306.0 Langley - 96.0 Rutherford
Rutherford,Week2,South Run,Week4,232.5 South Run - 167.5 Rutherford
Shouse Village,Week5,Fairfax,Week2,248.0 Fairfax - 154.0 Shouse Village
Shouse Village,Week5,Fairfax,Week4,227.0 Fairfax - 175.0 Shouse Village
Rutherford,Week1,McLean,Week4,319.0 McLean - 83.0 Rutherford
Shouse Village,Week5,Hollin Hills,Week2,314.0 Shouse Village - 87.0 Hollin Hills
Shouse Village,Week2,Fairfax Club Estates,Week1,226.0 Shouse Village - 176.0 Fairfax Club Estates
Rutherford,Week5,Lakeview,Week5,229.0 Rutherford - 164.0 Lakeview
Sideburn Run,Week4,Arlington Forest,Week2,211.0 Sideburn Run - 191.0 Arlington Forest
Sideburn Run,Week3,Forest Hollow,Week2,207.0 Sideburn Run - 195.0 Forest Hollow
Rutherford,Week2,South Run,Week1,236.0 South Run - 156.0 Rutherford
Rutherford,Week3,Oakton ,Week3,308.0 Oakton - 94.0 Rutherford
Rutherford,Week2,McLean,Week1,322.0 McLean - 80.0 Rutherford
Shouse Village,Week5,Hollin Hills,Week4,303.0 Shouse Village - 98.0 Hollin Hills
Rutherford,Week4,Langley,Week4,309.0 Langley - 93.0 Rutherford
Rutherford,Week3,Oakton ,Week1,315.0 Oakton - 87.0 Rutherford
Shouse Village,Week2,Mosby Woods,Week4,261.0 Mosby Woods - 141.0 Shouse Village
Rutherford,Week1,Langley,Week5,310.0 Langley - 92.0 Rutherford
Shouse Village,Week5,Fairfax,Week3,246.0 Fairfax - 156.0 Shouse Village
Rutherford,Week3,Somerset-Olde Creek,Week2,294.0 Rutherford - 102.0 Somerset-Olde Creek
Shouse Village,Week2,Mosby Woods,Week3,269.0 Mosby Woods - 133.0 Shouse Village
Rutherford,Week5,Somerset-Olde Creek,Week4,280.0 Rutherford - 121.0 Somerset-Olde Creek
Sideburn Run,Week2,Forest Hollow,Week5,246.0 Forest Hollow - 156.0 Sideburn Run
Shouse Village,Week1,Hollin Meadows,Week1,215.0 Hollin Meadows - 187.0 Shouse Village
Sideburn Run,Week1,Arlington Forest,Week2,225.0 Sideburn Run - 177.0 Arlington Forest
Shouse Village,Week1,Fairfax Club Estates,Week4,227.0 Shouse Village - 175.0 Fairfax Club Estates
Rutherford,Week2,Langley,Week5,309.0 Langley - 93.0 Rutherford
Shouse Village,Week2,Sideburn Run,Week4,229.0 Sideburn Run - 173.0 Shouse Village
Rutherford,Week4,Mantua,Week3,318.5 Mantua - 83.5 Rutherford
Rutherford,Week4,Mantua,Week4,299.0 Mantua - 103.0 Rutherford
Shouse Village,Week1,Hollin Meadows,Week2,222.0 Hollin Meadows - 180.0 Shouse Village
Rutherford,Week3,Oakton ,Week2,332.0 Oakton - 70.0 Rutherford
Sideburn Run,Week5,Annandale,Week5,288.0 Sideburn Run - 114.0 Annandale
Sideburn Run,Week2,Forest Hollow,Week2,213.0 Forest Hollow - 189.0 Sideburn Run
Shouse Village,Week3,Sideburn Run,Week1,211.0 Sideburn Run - 191.0 Shouse Village
Shouse Village,Week3,Mosby Woods,Week1,249.0 Mosby Woods - 153.0 Shouse Village
Sideburn Run,Week1,Arlington Forest,Week5,232.0 Arlington Forest - 170.0 Sideburn Run
Shouse Village,Week3,Sideburn Run,Week2,202.0 Sideburn Run - 200.0 Shouse Village
Shouse Village,Week3,Mosby Woods,Week4,243.0 Mosby Woods - 159.0 Shouse Village
Sideburn Run,Week2,Forest Hollow,Week3,218.0 Forest Hollow - 184.0 Sideburn Run
Shouse Village,Week1,Fairfax Club Estates,Week5,230.0 Shouse Village - 172.0 Fairfax Club Estates
Shouse Village,Week3,Mosby Woods,Week5,242.0 Mosby Woods - 160.0 Shouse Village
Rutherford,Week2,Langley,Week1,325.0 Langley - 77.0 Rutherford
Sideburn Run,Week2,Arlington Forest,Week2,201.0 Arlington Forest - 201.0 Sideburn Run
Rutherford,Week5,Langley,Week2,291.0 Langley - 111.0 Rutherford
Rutherford,Week2,South Run,Week5,262.0 South Run - 140.0 Rutherford
Shouse Village,Week1,Hollin Meadows,Week3,219.0 Hollin Meadows - 183.0 Shouse Village
Shouse Village,Week3,Fairfax Club Estates,Week3,248.0 Shouse Village - 154.0 Fairfax Club Estates
Shouse Village,Week4,Sideburn Run,Week5,202.0 Sideburn Run - 200.0 Shouse Village
Sideburn Run,Week3,Forest Hollow,Week1,207.0 Forest Hollow - 195.0 Sideburn Run
Sideburn Run,Week2,Forest Hollow,Week1,224.0 Forest Hollow - 178.0 Sideburn Run
Shouse Village,Week3,Mosby Woods,Week2,246.0 Mosby Woods - 156.0 Shouse Village
Rutherford,Week3,Oakton ,Week5,336.0 Oakton - 66.0 Rutherford
Sideburn Run,Week3,Arlington Forest,Week1,206.0 Sideburn Run - 196.0 Arlington Forest
Rutherford,Week1,McLean,Week3,333.0 McLean - 69.0 Rutherford
Rutherford,Week4,Somerset-Olde Creek,Week1,281.0 Rutherford - 119.0 Somerset-Olde Creek
Rutherford,Week4,Mantua,Week2,288.0 Mantua - 113.0 Rutherford
Shouse Village,Week1,Hollin Meadows,Week4,211.0 Hollin Meadows - 191.0 Shouse Village
Shouse Village,Week4,Hollin Meadows,Week3,218.0 Shouse Village - 184.0 Hollin Meadows
Shouse Village,Week3,Fairfax Club Estates,Week4,238.0 Shouse Village - 164.0 Fairfax Club Estates
Shouse Village,Week5,Sideburn Run,Week1,213.0 Shouse Village - 189.0 Sideburn Run
Rutherford,Week5,North Springfield,Week3,253.0 Rutherford - 143.0 North Springfield
Rutherford,Week4,Somerset-Olde Creek,Week4,285.0 Rutherford - 116.0 Somerset-Olde Creek
Shouse Village,Week4,Hollin Meadows,Week4,223.0 Shouse Village - 179.0 Hollin Meadows
Rutherford,Week2,Langley,Week4,318.0 Langley - 84.0 Rutherford
Rutherford,Week4,Somerset-Olde Creek,Week5,260.0 Rutherford - 141.0 Somerset-Olde Creek
Rutherford,Week3,South Run,Week2,209.0 South Run - 187.0 Rutherford
Sideburn Run,Week3,Arlington Forest,Week4,205.0 Arlington Forest - 197.0 Sideburn Run
Rutherford,Week5,North Springfield,Week1,250.0 Rutherford - 101.0 North Springfield
Shouse Village,Week1,Sideburn Run,Week3,228.0 Sideburn Run - 174.0 Shouse Village
Rutherford,Week2,Langley,Week3,308.0 Langley - 94.0 Rutherford
Rutherford,Week1,Langley,Week2,314.0 Langley - 88.0 Rutherford
Rutherford,Week4,Oakton ,Week1,316.0 Oakton - 86.0 Rutherford
Shouse Village,Week3,Mosby Woods,Week3,242.0 Mosby Woods - 160.0 Shouse Village
Shouse Village,Week2,Fairfax Club Estates,Week3,233.0 Shouse Village - 169.0 Fairfax Club Estates
Sideburn Run,Week4,Arlington Forest,Week1,205.0 Arlington Forest - 197.0 Sideburn Run
Shouse Village,Week5,Mosby Woods,Week2,238.0 Mosby Woods - 164.0 Shouse Village
Shouse Village,Week5,Shouse Village,Week2,224.0 Shouse Village (SV1) - 178.0 Shouse Village (SV2)
Sideburn Run,Week1,Forest Hollow,Week4,217.0 Forest Hollow - 185.0 Sideburn Run
Shouse Village,Week3,Sideburn Run,Week5,207.0 Sideburn Run - 195.0 Shouse Village
Shouse Village,Week3,Hollin Meadows,Week5,218.0 Hollin Meadows - 184.0 Shouse Village
Sideburn Run,Week3,Arlington Forest,Week5,227.0 Arlington Forest - 175.0 Sideburn Run
Shouse Village,Week3,Sideburn Run,Week3,211.0 Sideburn Run - 191.0 Shouse Village
Shouse Village,Week3,Hollin Meadows,Week4,202.0 Hollin Meadows - 200.0 Shouse Village
Rutherford,Week3,South Run,Week1,223.0 South Run - 164.0 Rutherford
Sideburn Run,Week1,Forest Hollow,Week5,221.0 Forest Hollow - 181.0 Sideburn Run
Rutherford,Week1,Oakton ,Week2,347.0 Oakton - 55.0 Rutherford
Rutherford,Week2,Langley,Week2,303.0 Langley - 99.0 Rutherford
Sideburn Run,Week3,Forest Hollow,Week3,205.0 Forest Hollow - 197.0 Sideburn Run
Rutherford,Week1,Oakton ,Week3,334.0 Oakton - 68.0 Rutherford
Rutherford,Week1,South Run,Week3,250.0 South Run - 151.0 Rutherford
Rutherford,Week3,Langley,Week2,298.0 Langley - 104.0 Rutherford
Rutherford,Week5,Somerset-Olde Creek,Week2,296.0 Rutherford - 100.0 Somerset-Olde Creek
Shouse Village,Week4,Mount Vernon Park,Week4,239.0 Mount Vernon Park - 163.0 Shouse Village
Shouse Village,Week2,Hollin Meadows,Week4,213.0 Hollin Meadows - 189.0 Shouse Village
Shouse Village,Week5,Fairfax,Week5,254.0 Fairfax - 148.0 Shouse Village
Shouse Village,Week3,Hollin Meadows,Week2,205.0 Shouse Village - 197.0 Hollin Meadows
Sideburn Run,Week1,Arlington Forest,Week3,248.0 Sideburn Run - 154.0 Arlington Forest
Sideburn Run,Week3,Forest Hollow,Week4,212.0 Forest Hollow - 190.0 Sideburn Run
Rutherford,Week3,Oakton ,Week4,326.0 Oakton - 76.0 Rutherford
Shouse Village,Week5,Mosby Woods,Week1,234.0 Mosby Woods - 168.0 Shouse Village
Rutherford,Week1,Langley,Week1,325.5 Langley - 76.5 Rutherford
Sideburn Run,Week1,Arlington Forest,Week4,213.0 Sideburn Run - 189.0 Arlington Forest
Rutherford,Week4,Oakton ,Week4,321.0 Oakton - 81.0 Rutherford
Shouse Village,Week2,Mount Vernon Park,Week5,273.0 Mount Vernon Park - 129.0 Shouse Village
Shouse Village,Week3,Sideburn Run,Week4,210.0 Sideburn Run - 192.0 Shouse Village
Shouse Village,Week1,Fairfax Club Estates,Week3,234.0 Shouse Village - 168.0 Fairfax Club Estates
Sideburn Run,Week5,Forest Hollow,Week4,210.0 Forest Hollow - 192.0 Sideburn Run
Shouse Village,Week3,Fairfax Club Estates,Week1,236.0 Shouse Village - 166.0 Fairfax Club Estates
Shouse Village,Week1,Fairfax Club Estates,Week2,243.0 Shouse Village - 159.0 Fairfax Club Estates
Sideburn Run,Week3,Brandywine,Week4,205.0 Brandywine - 197.0 Sideburn Run
Shouse Village,Week4,Fairfax Club Estates,Week1,257.0 Shouse Village - 144.0 Fairfax Club Estates
Rutherford,Week4,South Run,Week1,219.0 South Run - 169.0 Rutherford
Sideburn Run,Week5,Arlington Forest,Week3,240.0 Sideburn Run - 162.0 Arlington Forest
Shouse Village,Week5,Hollin Meadows,Week4,213.0 Shouse Village - 189.0 Hollin Meadows
Shouse Village,Week4,Fairfax Club Estates,Week4,249.0 Shouse Village - 153.0 Fairfax Club Estates
Rutherford,Week4,Oakton ,Week2,329.0 Oakton - 73.0 Rutherford
Shouse Village,Week3,Mount Vernon Park,Week2,246.0 Mount Vernon Park - 156.0 Shouse Village
Sideburn Run,Week4,Forest Hollow,Week1,211.0 Forest Hollow - 191.0 Sideburn Run
Shouse Village,Week5,Mount Vernon Park,Week1,225.0 Mount Vernon Park - 177.0 Shouse Village
Rutherford,Week3,Langley,Week5,292.0 Langley - 110.0 Rutherford
Shouse Village,Week2,Sideburn Run,Week5,241.0 Sideburn Run - 161.0 Shouse Village
Shouse Village,Week4,Sideburn Run,Week1,208.0 Shouse Village - 189.0 Sideburn Run
Rutherford,Week4,Langley,Week1,311.5 Langley - 90.5 Rutherford
Sideburn Run,Week5,Forest Hollow,Week3,207.0 Sideburn Run - 195.0 Forest Hollow
Shouse Village,Week5,Hollin Meadows,Week1,206.0 Shouse Village - 196.0 Hollin Meadows
Rutherford,Week3,Langley,Week3,301.0 Langley - 101.0 Rutherford
Sideburn Run,Week2,Brandywine,Week1,208.0 Brandywine - 194.0 Sideburn Run
Rutherford,Week2,Oakton ,Week1,329.0 Oakton - 73.0 Rutherford
Rutherford,Week4,South Run,Week2,212.0 South Run - 184.0 Rutherford
Shouse Village,Week4,Fairfax Club Estates,Week5,259.0 Shouse Village - 143.0 Fairfax Club Estates
Shouse Village,Week1,Sideburn Run,Week5,231.0 Sideburn Run - 171.0 Shouse Village
Rutherford,Week3,South Run,Week4,221.0 South Run - 180.0 Rutherford
Shouse Village,Week2,Hollin Meadows,Week1,229.0 Hollin Meadows - 173.0 Shouse Village
Shouse Village,Week2,Mount Vernon Park,Week1,258.0 Mount Vernon Park - 144.0 Shouse Village
Sideburn Run,Week5,Forest Hollow,Week5,222.0 Forest Hollow - 180.0 Sideburn Run
Rutherford,Week1,Oakton ,Week1,337.0 Oakton - 65.0 Rutherford
Shouse Village,Week4,Sideburn Run,Week2,213.5 Shouse Village - 188.5 Sideburn Run
Sideburn Run,Week2,Brandywine,Week4,219.0 Brandywine - 183.0 Sideburn Run
Shouse Village,Week1,Fairfax Station,Week2,255.0 Fairfax Station - 147.0 Shouse Village
Sideburn Run,Week5,Brandywine,Week2,234.0 Sideburn Run - 168.0 Brandywine
Sideburn Run,Week1,Fox Hunt,Week1,225.0 Sideburn Run - 177.0 Fox Hunt
Shouse Village,Week2,Fairfax Station,Week4,264.0 Fairfax Station - 138.0 Shouse Village
Rutherford,Week4,Oakton ,Week3,304.0 Oakton - 98.0 Rutherford
Shouse Village,Week5,Shouse Village,Week5,200.5 Shouse Village (SV1) - 200.5 Shouse Village (SV2)
Rutherford,Week1,Langley,Week3,326.0 Langley - 76.0 Rutherford
Rutherford,Week2,Oakton ,Week4,348.0 Oakton - 54.0 Rutherford
Rutherford,Week4,Langley,Week2,298.0 Langley - 104.0 Rutherford
Shouse Village,Week5,Mosby Woods,Week3,221.0 Mosby Woods - 181.0 Shouse Village
Shouse Village,Week1,Holmes Run Acres,Week1,204.0 Holmes Run Acres - 198.0 Shouse Village
Sideburn Run,Week1,Fox Hunt,Week5,204.0 Sideburn Run - 198.0 Fox Hunt
Shouse Village,Week2,Hollin Meadows,Week5,236.0 Hollin Meadows - 166.0 Shouse Village
Shouse Village,Week1,Fairfax Station,Week4,253.0 Fairfax Station - 149.0 Shouse Village
Shouse Village,Week4,Sideburn Run,Week3,216.0 Shouse Village - 186.0 Sideburn Run
Sideburn Run,Week1,Fox Hunt,Week4,208.0 Sideburn Run - 194.0 Fox Hunt
Rutherford,Week5,South Run,Week3,224.0 South Run - 177.0 Rutherford
Sideburn Run,Week3,Brandywine,Week2,234.0 Sideburn Run - 168.0 Brandywine
Shouse Village,Week1,Mount Vernon Park,Week1,248.0 Mount Vernon Park - 154.0 Shouse Village
Shouse Village,Week5,Mosby Woods,Week4,207.0 Mosby Woods - 195.0 Shouse Village
Rutherford,Week4,South Run,Week5,254.0 South Run - 148.0 Rutherford
Rutherford,Week4,South Run,Week3,228.0 South Run - 174.0 Rutherford
Shouse Village,Week1,Holmes Run Acres,Week2,218.0 Shouse Village - 184.0 Holmes Run Acres
Sideburn Run,Week5,Arlington Forest,Week4,207.0 Arlington Forest - 195.0 Sideburn Run
Shouse Village,Week5,Shouse Village,Week3,224.0 Shouse Village (SV1) - 178.0 Shouse Village (SV2)
Sideburn Run,Week3,Fox Hunt,Week5,211.5 Fox Hunt - 190.5 Sideburn Run
Shouse Village,Week4,Mosby Woods,Week1,238.0 Mosby Woods - 164.0 Shouse Village
Shouse Village,Week1,Holmes Run Acres,Week5,238.0 Holmes Run Acres - 164.0 Shouse Village
Shouse Village,Week1,Holmes Run Acres,Week4,208.0 Shouse Village - 194.0 Holmes Run Acres
Shouse Village,Week4,Mount Vernon Park,Week1,233.0 Mount Vernon Park - 169.0 Shouse Village
Shouse Village,Week5,Shouse Village,Week4,212.0 Shouse Village (SV1) - 190.0 Shouse Village (SV2)
Sideburn Run,Week1,Brandywine,Week2,222.0 Sideburn Run - 180.0 Brandywine
Sideburn Run,Week2,Fox Hunt,Week1,219.0 Sideburn Run - 183.0 Fox Hunt
Shouse Village,Week2,Fairfax Station,Week5,291.0 Fairfax Station - 111.0 Shouse Village
Shouse Village,Week1,Forest Hollow,Week4,227.0 Forest Hollow - 175.0 Shouse Village
Shouse Village,Week3,Hollin Meadows,Week1,215.0 Hollin Meadows - 187.0 Shouse Village
Rutherford,Week4,Oakton ,Week5,336.0 Oakton - 66.0 Rutherford
Rutherford,Week5,South Run,Week4,210.0 South Run - 191.0 Rutherford
Shouse Village,Week4,Hollin Meadows,Week1,208.0 Shouse Village - 193.0 Hollin Meadows
Rutherford,Week5,South Run,Week5,250.0 South Run - 152.0 Rutherford
Shouse Village,Week3,Mount Vernon Park,Week4,242.0 Mount Vernon Park - 160.0 Shouse Village
Sideburn Run,Week3,Fox Hunt,Week4,211.0 Sideburn Run - 191.0 Fox Hunt
Rutherford,Week1,Springboard,Week1,210.0 Springboard - 187.0 Rutherford
Sideburn Run,Week4,Brandywine,Week5,224.0 Brandywine - 178.0 Sideburn Run
Sideburn Run,Week5,Arlington Forest,Week5,214.0 Arlington Forest - 188.0 Sideburn Run
Shouse Village,Week1,Mount Vernon Park,Week2,237.0 Mount Vernon Park - 165.0 Shouse Village
Sideburn Run,Week2,Fox Hunt,Week5,212.0 Fox Hunt - 190.0 Sideburn Run
Shouse Village,Week5,Hollin Meadows,Week3,207.0 Shouse Village - 194.0 Hollin Meadows
Shouse Village,Week2,Sideburn Run,Week1,229.0 Sideburn Run - 173.0 Shouse Village
Sideburn Run,Week3,Fox Hunt,Week1,220.0 Sideburn Run - 182.0 Fox Hunt
Shouse Village,Week4,Fairfax Station,Week1,226.0 Fairfax Station - 176.0 Shouse Village
Shouse Village,Week3,Fairfax Station,Week2,249.0 Fairfax Station - 153.0 Shouse Village
Shouse Village,Week1,Mount Vernon Park,Week5,253.0 Mount Vernon Park - 149.0 Shouse Village
Rutherford,Week5,Oakton ,Week1,317.0 Oakton - 85.0 Rutherford
Shouse Village,Week4,Sideburn Run,Week4,211.0 Shouse Village - 191.0 Sideburn Run
Rutherford,Week1,Oakton ,Week5,346.0 Oakton - 56.0 Rutherford
Rutherford,Week5,Oakton ,Week2,322.0 Oakton - 80.0 Rutherford
Rutherford,Week1,Springboard,Week3,211.0 Springboard - 186.0 Rutherford
Rutherford,Week1,Orange Hunt,Week1,275.0 Orange Hunt - 127.0 Rutherford
Sideburn Run,Week1,Brandywine,Week4,204.0 Sideburn Run - 198.0 Brandywine
Shouse Village,Week3,Fairfax Station,Week5,261.0 Fairfax Station - 141.0 Shouse Village
Rutherford,Week1,Springboard,Week4,220.0 Springboard - 180.0 Rutherford
Shouse Village,Week3,Hollin Meadows,Week3,203.0 Hollin Meadows - 199.0 Shouse Village
Sideburn Run,Week4,Arlington Forest,Week5,234.0 Arlington Forest - 168.0 Sideburn Run
Rutherford,Week1,Springboard,Week2,202.0 Rutherford - 194.0 Springboard
Shouse Village,Week5,Sideburn Run,Week2,215.0 Shouse Village - 187.0 Sideburn Run
Shouse Village,Week4,Fairfax Station,Week2,225.0 Fairfax Station - 177.0 Shouse Village
Sideburn Run,Week3,Fox Hunt,Week3,208.0 Sideburn Run - 194.0 Fox Hunt
Rutherford,Week2,Old Keene Mill,Week5,219.0 Old Keene Mill - 183.0 Rutherford
Shouse Village,Week5,Mosby Woods,Week5,226.0 Mosby Woods - 176.0 Shouse Village
Shouse Village,Week5,Sideburn Run,Week4,203.0 Sideburn Run - 199.0 Shouse Village
Rutherford,Week5,South Run,Week2,215.0 South Run - 186.0 Rutherford
Sideburn Run,Week3,Brandywine,Week1,207.0 Sideburn Run - 195.0 Brandywine
Sideburn Run,Week4,Brandywine,Week3,213.0 Brandywine - 189.0 Sideburn Run
Shouse Village,Week4,Fairfax Station,Week4,222.0 Fairfax Station - 180.0 Shouse Village
Shouse Village,Week4,Hollin Meadows,Week2,226.0 Shouse Village - 176.0 Hollin Meadows
Sideburn Run,Week5,Fox Hunt,Week5,204.0 Sideburn Run - 198.0 Fox Hunt
Shouse Village,Week2,Hollin Meadows,Week2,209.0 Hollin Meadows - 193.0 Shouse Village
Rutherford,Week4,Old Keene Mill,Week1,218.0 Rutherford - 184.0 Old Keene Mill
Sideburn Run,Week4,Fox Hunt,Week2,217.0 Sideburn Run - 185.0 Fox Hunt
Rutherford,Week1,Old Keene Mill,Week1,211.0 Old Keene Mill - 191.0 Rutherford
Shouse Village,Week4,Hollin Meadows,Week5,211.0 Shouse Village - 191.0 Hollin Meadows
Shouse Village,Week1,Sleepy Hollow B & R,Week1,206.0 Sleepy Hollow B & R - 196.0 Shouse Village
Shouse Village,Week2,Mount Vernon Park,Week2,258.0 Mount Vernon Park - 144.0 Shouse Village
Sideburn Run,Week4,Brandywine,Week1,204.0 Sideburn Run - 198.0 Brandywine
Shouse Village,Week3,Mount Vernon Park,Week1,249.0 Mount Vernon Park - 153.0 Shouse Village
Shouse Village,Week4,Fairfax Station,Week5,251.0 Fairfax Station - 151.0 Shouse Village
Rutherford,Week1,Old Keene Mill,Week3,216.0 Old Keene Mill - 186.0 Rutherford
Sideburn Run,Week5,Fox Hunt,Week4,208.0 Sideburn Run - 194.0 Fox Hunt
Shouse Village,Week5,Fairfax Club Estates,Week5,258.0 Shouse Village - 144.0 Fairfax Club Estates
Shouse Village,Week3,Mount Vernon Park,Week5,269.5 Mount Vernon Park - 132.5 Shouse Village
Shouse Village,Week1,Forest Hollow,Week3,216.0 Forest Hollow - 186.0 Shouse Village
Sideburn Run,Week5,Fox Hunt,Week3,212.0 Sideburn Run - 190.0 Fox Hunt
Shouse Village,Week5,Sideburn Run,Week5,204.0 Sideburn Run - 198.0 Shouse Village
Rutherford,Week1,Old Keene Mill,Week5,220.0 Old Keene Mill - 182.0 Rutherford
Sideburn Run,Week2,Bren Mar-Edsall Park,Week4,361.0 Sideburn Run - 41.0 Bren Mar-Edsall Park
Shouse Village,Week2,Hollin Meadows,Week3,220.0 Hollin Meadows - 182.0 Shouse Village
Shouse Village,Week1,Sleepy Hollow B & R,Week3,228.0 Sleepy Hollow B & R - 174.0 Shouse Village
Shouse Village,Week1,Sleepy Hollow B & R,Week2,233.0 Sleepy Hollow B & R - 169.0 Shouse Village
Shouse Village,Week4,Mosby Woods,Week2,229.0 Mosby Woods - 173.0 Shouse Village
Shouse Village,Week2,Holmes Run Acres,Week1,217.0 Holmes Run Acres - 185.0 Shouse Village
Rutherford,Week5,Old Keene Mill,Week3,202.0 Rutherford - 200.0 Old Keene Mill
Sideburn Run,Week1,Fox Mill Estates,Week3,238.0 Sideburn Run - 164.0 Fox Mill Estates
Sideburn Run,Week1,Fox Mill Estates,Week2,231.0 Sideburn Run - 171.0 Fox Mill Estates
Shouse Village,Week4,Orange Hunt,Week2,207.0 Shouse Village - 195.0 Orange Hunt
Shouse Village,Week5,Hollin Meadows,Week2,218.0 Shouse Village - 184.0 Hollin Meadows
Shouse Village,Week1,Fairfax Station,Week1,250.0 Fairfax Station - 152.0 Shouse Village
Shouse Village,Week3,Orange Hunt,Week3,215.0 Orange Hunt - 187.0 Shouse Village
Sideburn Run,Week3,Bren Mar-Edsall Park,Week3,365.0 Sideburn Run - 37.0 Bren Mar-Edsall Park
Sideburn Run,Week2,Brandywine,Week5,240.0 Brandywine - 162.0 Sideburn Run
Shouse Village,Week5,Old Keene Mill,Week2,261.0 Shouse Village - 141.0 Old Keene Mill
Shouse Village,Week5,Hollin Meadows,Week5,203.0 Hollin Meadows - 199.0 Shouse Village
Sideburn Run,Week2,Bren Mar-Edsall Park,Week1,362.0 Sideburn Run - 40.0 Bren Mar-Edsall Park
Rutherford,Week5,Oakton ,Week5,318.0 Oakton - 84.0 Rutherford
Shouse Village,Week5,Fairfax Station,Week2,217.0 Fairfax Station - 185.0 Shouse Village
Shouse Village,Week4,Mosby Woods,Week5,224.0 Mosby Woods - 178.0 Shouse Village
Shouse Village,Week1,Fairfax Station,Week5,271.0 Fairfax Station - 131.0 Shouse Village
Shouse Village,Week1,Mount Vernon Park,Week3,244.0 Mount Vernon Park - 158.0 Shouse Village
Sideburn Run,Week4,Fox Hunt,Week3,205.0 Fox Hunt - 197.0 Sideburn Run
Rutherford,Week4,Old Keene Mill,Week4,216.0 Rutherford - 186.0 Old Keene Mill
Shouse Village,Week3,Mount Vernon Park,Week3,262.0 Mount Vernon Park - 140.0 Shouse Village
Shouse Village,Week3,Orange Hunt,Week5,219.0 Orange Hunt - 183.0 Shouse Village
Rutherford,Week2,Old Keene Mill,Week2,222.0 Old Keene Mill - 180.0 Rutherford
Shouse Village,Week1,Hunt Valley,Week5,280.0 Hunt Valley - 122.0 Shouse Village
Shouse Village,Week4,Mount Vernon Park,Week3,247.0 Mount Vernon Park - 155.0 Shouse Village
Shouse Village,Week2,Mount Vernon Park,Week4,265.5 Mount Vernon Park - 136.5 Shouse Village
Shouse Village,Week5,Old Keene Mill,Week4,284.0 Shouse Village - 118.0 Old Keene Mill
Rutherford,Week1,Old Keene Mill,Week4,214.0 Old Keene Mill - 188.0 Rutherford
Shouse Village,Week4,Mosby Woods,Week4,212.0 Mosby Woods - 190.0 Shouse Village
Sideburn Run,Week1,Brandywine,Week1,205.0 Sideburn Run - 197.0 Brandywine
Shouse Village,Week4,Fairfax Station,Week3,238.0 Fairfax Station - 164.0 Shouse Village
Shouse Village,Week4,Holmes Run Acres,Week1,240.0 Shouse Village - 162.0 Holmes Run Acres
Shouse Village,Week4,Mount Vernon Park,Week2,236.0 Mount Vernon Park - 166.0 Shouse Village
Sideburn Run,Week4,Fox Hunt,Week4,202.0 Sideburn Run - 200.0 Fox Hunt
Shouse Village,Week5,Orange Hunt,Week4,209.0 Shouse Village - 193.0 Orange Hunt
Shouse Village,Week3,Holmes Run Acres,Week2,218.0 Shouse Village - 184.0 Holmes Run Acres
Sideburn Run,Week1,Fox Mill Estates,Week1,243.0 Sideburn Run - 159.0 Fox Mill Estates
Sideburn Run,Week1,Brandywine,Week5,223.0 Brandywine - 179.0 Sideburn Run
Sideburn Run,Week5,Arlington Forest,Week2,221.0 Sideburn Run - 181.0 Arlington Forest
Shouse Village,Week5,Fairfax Station,Week1,214.0 Fairfax Station - 188.0 Shouse Village
Shouse Village,Week3,Orange Hunt,Week2,205.0 Orange Hunt - 197.0 Shouse Village
Sideburn Run,Week1,Brandywine,Week3,208.0 Brandywine - 194.0 Sideburn Run
Shouse Village,Week1,Holmes Run Acres,Week3,235.0 Holmes Run Acres - 167.0 Shouse Village
Rutherford,Week3,Old Keene Mill,Week5,202.0 Old Keene Mill - 195.0 Rutherford
Shouse Village,Week4,Orange Hunt,Week4,203.0 Orange Hunt - 199.0 Shouse Village
Rutherford,Week4,Old Keene Mill,Week3,207.0 Rutherford - 195.0 Old Keene Mill
Sideburn Run,Week4,Fox Hunt,Week5,219.0 Fox Hunt - 183.0 Sideburn Run
Shouse Village,Week2,Hunt Valley,Week2,273.0 Hunt Valley - 129.0 Shouse Village
Shouse Village,Week1,Mount Vernon Park,Week4,241.0 Mount Vernon Park - 161.0 Shouse Village
Rutherford,Week4,Old Keene Mill,Week2,209.0 Rutherford - 193.0 Old Keene Mill
Shouse Village,Week3,Fairfax Station,Week1,242.0 Fairfax Station - 160.0 Shouse Village
Sideburn Run,Week5,Fox Hunt,Week1,225.0 Sideburn Run - 177.0 Fox Hunt
Sideburn Run,Week1,Fox Mill Estates,Week5,227.0 Sideburn Run - 175.0 Fox Mill Estates
Shouse Village,Week5,Orange Hunt,Week2,213.0 Shouse Village - 189.0 Orange Hunt
Sideburn Run,Week4,Arlington Forest,Week4,220.0 Arlington Forest - 182.0 Sideburn Run
Shouse Village,Week5,Fairfax Station,Week3,230.0 Fairfax Station - 172.0 Shouse Village
Rutherford,Week2,Old Keene Mill,Week1,211.0 Old Keene Mill - 191.0 Rutherford
Shouse Village,Week2,Mount Vernon Park,Week3,269.0 Mount Vernon Park - 133.0 Shouse Village
Shouse Village,Week1,Overlee,Week2,312.0 Overlee - 90.0 Shouse Village
Shouse Village,Week3,Fairfax Station,Week3,253.0 Fairfax Station - 149.0 Shouse Village
Shouse Village,Week5,Fairfax Station,Week4,215.0 Fairfax Station - 187.0 Shouse Village
Sideburn Run,Week2,Brandywine,Week2,203.0 Sideburn Run - 199.0 Brandywine
Sideburn Run,Week5,Arlington Forest,Week1,213.0 Sideburn Run - 189.0 Arlington Forest
Shouse Village,Week3,Holmes Run Acres,Week1,201.5 Shouse Village - 200.5 Holmes Run Acres
Sideburn Run,Week5,Fox Hunt,Week2,219.0 Sideburn Run - 183.0 Fox Hunt
Shouse Village,Week4,Mosby Woods,Week3,224.0 Mosby Woods - 178.0 Shouse Village
Shouse Village,Week5,Fairfax Station,Week5,244.0 Fairfax Station - 158.0 Shouse Village
Rutherford,Week4,Old Keene Mill,Week5,203.0 Old Keene Mill - 194.0 Rutherford
Rutherford,Week3,Old Keene Mill,Week2,208.0 Rutherford - 194.0 Old Keene Mill
Shouse Village,Week2,Hunt Valley,Week5,292.0 Hunt Valley - 110.0 Shouse Village
Sideburn Run,Week1,Fox Mill Estates,Week4,221.0 Sideburn Run - 181.0 Fox Mill Estates
Shouse Village,Week4,Mount Vernon Park,Week5,254.0 Mount Vernon Park - 148.0 Shouse Village
Shouse Village,Week5,Old Keene Mill,Week1,271.0 Shouse Village - 131.0 Old Keene Mill
Shouse Village,Week2,Newington Forest,Week1,257.0 Shouse Village - 145.0 Newington Forest
Shouse Village,Week1,Hunt Valley,Week3,260.0 Hunt Valley - 142.0 Shouse Village
Sideburn Run,Week2,Brandywine,Week3,222.0 Brandywine - 180.0 Sideburn Run
Shouse Village,Week5,Mount Vernon Park,Week3,231.0 Mount Vernon Park - 171.0 Shouse Village
Shouse Village,Week2,Fairfax Station,Week1,273.0 Fairfax Station - 129.0 Shouse Village
Shouse Village,Week4,Old Keene Mill,Week5,256.0 Shouse Village - 146.0 Old Keene Mill
Shouse Village,Week5,Holmes Run Acres,Week2,242.0 Shouse Village - 160.0 Holmes Run Acres
Sideburn Run,Week3,Brandywine,Week3,210.0 Brandywine - 191.0 Sideburn Run
Shouse Village,Week1,Fairfax Station,Week3,262.0 Fairfax Station - 140.0 Shouse Village
Rutherford,Week3,Old Keene Mill,Week3,212.0 Rutherford - 190.0 Old Keene Mill
Rutherford,Week1,Old Keene Mill,Week2,216.0 Old Keene Mill - 186.0 Rutherford
Sideburn Run,Week5,Brandywine,Week1,228.0 Sideburn Run - 174.0 Brandywine
Rutherford,Week2,Old Keene Mill,Week4,220.0 Old Keene Mill - 182.0 Rutherford
Shouse Village,Week2,Fairfax Station,Week3,278.0 Fairfax Station - 124.0 Shouse Village
Rutherford,Week3,Old Keene Mill,Week4,209.0 Rutherford - 193.0 Old Keene Mill
Shouse Village,Week4,Holmes Run Acres,Week4,237.0 Shouse Village - 165.0 Holmes Run Acres
Shouse Village,Week4,Orange Hunt,Week5,207.0 Orange Hunt - 194.0 Shouse Village
Shouse Village,Week1,Orange Hunt,Week1,208.0 Orange Hunt - 194.0 Shouse Village
Shouse Village,Week5,Holmes Run Acres,Week1,235.0 Shouse Village - 167.0 Holmes Run Acres
Shouse Village,Week3,Fairfax Station,Week4,239.0 Fairfax Station - 163.0 Shouse Village
Shouse Village,Week2,Fairfax Station,Week2,282.0 Fairfax Station - 120.0 Shouse Village
Shouse Village,Week5,Orange Hunt,Week3,207.0 Shouse Village - 195.0 Orange Hunt
Sideburn Run,Week4,Brandywine,Week2,222.0 Sideburn Run - 180.0 Brandywine
Shouse Village,Week4,Newington Forest,Week4,271.0 Shouse Village - 131.0 Newington Forest
Sideburn Run,Week3,Brandywine,Week5,235.0 Brandywine - 167.0 Sideburn Run
Shouse Village,Week2,Hunt Valley,Week4,282.0 Hunt Valley - 120.0 Shouse Village
Sideburn Run,Week5,Brandywine,Week4,208.0 Sideburn Run - 194.0 Brandywine
Shouse Village,Week2,Forest Hollow,Week1,218.0 Forest Hollow - 184.0 Shouse Village
Sideburn Run,Week5,Brandywine,Week3,202.0 Brandywine - 200.0 Sideburn Run
Sideburn Run,Week5,Brandywine,Week5,215.0 Brandywine - 187.0 Sideburn Run
Shouse Village,Week4,Hunt Valley,Week3,251.0 Hunt Valley - 151.0 Shouse Village
Rutherford,Week5,Old Keene Mill,Week1,209.0 Rutherford - 193.0 Old Keene Mill
Shouse Village,Week1,North Springfield,Week3,288.0 Shouse Village - 107.0 North Springfield
Shouse Village,Week2,Newington Forest,Week4,219.0 Shouse Village - 183.0 Newington Forest
Shouse Village,Week4,Old Keene Mill,Week4,293.0 Shouse Village - 109.0 Old Keene Mill
Shouse Village,Week2,Holmes Run Acres,Week4,214.0 Holmes Run Acres - 188.0 Shouse Village
Shouse Village,Week2,Orange Hunt,Week1,242.5 Orange Hunt - 159.5 Shouse Village
Rutherford,Week5,Oakton ,Week4,313.0 Oakton - 89.0 Rutherford
Shouse Village,Week1,Forest Hollow,Week5,232.0 Forest Hollow - 170.0 Shouse Village
Shouse Village,Week5,Mount Vernon Park,Week5,256.0 Mount Vernon Park - 146.0 Shouse Village
Shouse Village,Week4,Hunt Valley,Week5,261.0 Hunt Valley - 141.0 Shouse Village
Shouse Village,Week3,Newington Forest,Week2,266.0 Shouse Village - 136.0 Newington Forest
Shouse Village,Week1,Forest Hollow,Week2,204.0 Forest Hollow - 198.0 Shouse Village
Shouse Village,Week1,Orange Hunt,Week4,218.0 Orange Hunt - 184.0 Shouse Village
Sideburn Run,Week4,Brandywine,Week4,212.0 Brandywine - 190.0 Sideburn Run
Shouse Village,Week3,Holmes Run Acres,Week5,230.0 Holmes Run Acres - 172.0 Shouse Village
Rutherford,Week2,Old Keene Mill,Week3,213.0 Old Keene Mill - 189.0 Rutherford
Shouse Village,Week5,Old Keene Mill,Week3,263.5 Shouse Village - 138.5 Old Keene Mill
Rutherford,Week3,Old Keene Mill,Week1,216.0 Rutherford - 186.0 Old Keene Mill
Shouse Village,Week1,Forest Hollow,Week1,202.0 Shouse Village - 200.0 Forest Hollow
Shouse Village,Week2,Forest Hollow,Week3,220.0 Forest Hollow - 182.0 Shouse Village
Shouse Village,Week2,Holmes Run Acres,Week2,210.0 Holmes Run Acres - 192.0 Shouse Village
Rutherford,Week5,Old Keene Mill,Week4,214.0 Rutherford - 188.0 Old Keene Mill
Shouse Village,Week3,Forest Hollow,Week3,207.0 Forest Hollow - 195.0 Shouse Village
Shouse Village,Week1,Orange Hunt,Week2,207.0 Orange Hunt - 195.0 Shouse Village
Shouse Village,Week4,Newington Forest,Week5,257.0 Shouse Village - 140.0 Newington Forest
Sideburn Run,Week1,Bren Mar-Edsall Park,Week1,346.0 Sideburn Run - 56.0 Bren Mar-Edsall Park
Rutherford,Week5,Old Keene Mill,Week2,204.0 Old Keene Mill - 198.0 Rutherford
Shouse Village,Week5,Mount Vernon Park,Week4,239.0 Mount Vernon Park - 163.0 Shouse Village
Shouse Village,Week1,Newington Forest,Week4,227.0 Shouse Village - 175.0 Newington Forest
Shouse Village,Week2,Orange Hunt,Week3,238.0 Orange Hunt - 164.0 Shouse Village
Shouse Village,Week1,Orange Hunt,Week3,227.0 Orange Hunt - 175.0 Shouse Village
Rutherford,Week1,Orange Hunt,Week2,284.0 Orange Hunt - 118.0 Rutherford
Shouse Village,Week3,Forest Hollow,Week1,208.0 Shouse Village - 194.0 Forest Hollow
Shouse Village,Week3,Holmes Run Acres,Week4,203.0 Shouse Village - 199.0 Holmes Run Acres
Shouse Village,Week2,Forest Hollow,Week2,207.0 Forest Hollow - 195.0 Shouse Village
Shouse Village,Week2,Orange Hunt,Week5,256.0 Orange Hunt - 146.0 Shouse Village
Sideburn Run,Week1,Bren Mar-Edsall Park,Week2,356.0 Sideburn Run - 45.0 Bren Mar-Edsall Park
Shouse Village,Week5,Newington Forest,Week4,267.0 Shouse Village - 135.0 Newington Forest
Shouse Village,Week1,Orange Hunt,Week5,235.0 Orange Hunt - 167.0 Shouse Village
Shouse Village,Week3,Forest Hollow,Week4,218.0 Forest Hollow - 184.0 Shouse Village
Rutherford,Week1,Orange Hunt,Week3,291.0 Orange Hunt - 111.0 Rutherford
Shouse Village,Week2,Fox Hunt,Week4,213.0 Fox Hunt - 188.0 Shouse Village
Sideburn Run,Week2,Bren Mar-Edsall Park,Week5,351.0 Sideburn Run - 51.0 Bren Mar-Edsall Park
Shouse Village,Week5,Holmes Run Acres,Week5,201.0 Holmes Run Acres - 201.0 Shouse Village
Shouse Village,Week4,Newington Forest,Week1,291.0 Shouse Village - 110.0 Newington Forest
Sideburn Run,Week2,Bren Mar-Edsall Park,Week2,366.0 Sideburn Run - 36.0 Bren Mar-Edsall Park
Sideburn Run,Week2,Bren Mar-Edsall Park,Week3,352.5 Sideburn Run - 49.5 Bren Mar-Edsall Park
Shouse Village,Week4,Forest Hollow,Week1,224.5 Shouse Village - 177.5 Forest Hollow
Sideburn Run,Week1,Bren Mar-Edsall Park,Week4,351.0 Sideburn Run - 50.0 Bren Mar-Edsall Park
Shouse Village,Week5,Holmes Run Acres,Week3,207.0 Shouse Village - 195.0 Holmes Run Acres
Shouse Village,Week3,Newington Forest,Week1,263.0 Shouse Village - 139.0 Newington Forest
Shouse Village,Week3,Orange Hunt,Week1,208.0 Orange Hunt - 194.0 Shouse Village
Sideburn Run,Week1,Bren Mar-Edsall Park,Week3,349.0 Sideburn Run - 53.0 Bren Mar-Edsall Park
Sideburn Run,Week1,Bren Mar-Edsall Park,Week5,345.0 Sideburn Run - 52.0 Bren Mar-Edsall Park
Rutherford,Week5,Old Keene Mill,Week5,209.0 Old Keene Mill - 193.0 Rutherford
Shouse Village,Week5,Holmes Run Acres,Week4,236.0 Shouse Village - 166.0 Holmes Run Acres
Shouse Village,Week1,Newington Forest,Week2,253.0 Shouse Village - 149.0 Newington Forest
Shouse Village,Week5,Old Keene Mill,Week5,240.0 Shouse Village - 161.0 Old Keene Mill
Shouse Village,Week3,Holmes Run Acres,Week3,222.0 Holmes Run Acres - 180.0 Shouse Village
Shouse Village,Week4,Holmes Run Acres,Week3,203.0 Shouse Village - 199.0 Holmes Run Acres
Rutherford,Week1,Orange Hunt,Week4,291.0 Orange Hunt - 111.0 Rutherford
Rutherford,Week1,Orange Hunt,Week5,306.0 Orange Hunt - 95.0 Rutherford
Rutherford,Week2,Orange Hunt,Week1,272.0 Orange Hunt - 130.0 Rutherford
Shouse Village,Week2,Orange Hunt,Week2,237.0 Orange Hunt - 165.0 Shouse Village
Shouse Village,Week2,Holmes Run Acres,Week5,252.0 Holmes Run Acres - 150.0 Shouse Village
Shouse Village,Week1,Fox Hunt,Week4,206.0 Shouse Village - 196.0 Fox Hunt
Shouse Village,Week4,Newington Forest,Week3,276.0 Shouse Village - 125.0 Newington Forest
Shouse Village,Week2,Orange Hunt,Week4,243.0 Orange Hunt - 159.0 Shouse Village
Shouse Village,Week3,Orange Hunt,Week4,219.0 Orange Hunt - 183.0 Shouse Village
Shouse Village,Week4,Fox Hunt,Week2,230.0 Shouse Village - 172.0 Fox Hunt
Shouse Village,Week5,Forest Hollow,Week2,223.0 Shouse Village - 179.0 Forest Hollow
Sideburn Run,Week3,Bren Mar-Edsall Park,Week5,365.0 Sideburn Run - 37.0 Bren Mar-Edsall Park
Rutherford,Week5,Orange Hunt,Week2,255.0 Orange Hunt - 147.0 Rutherford
Shouse Village,Week2,Newington Forest,Week5,218.0 Shouse Village - 184.0 Newington Forest
Sideburn Run,Week3,Bren Mar-Edsall Park,Week1,372.0 Sideburn Run - 30.0 Bren Mar-Edsall Park
Rutherford,Week4,Orange Hunt,Week5,277.0 Orange Hunt - 125.0 Rutherford
Shouse Village,Week1,North Springfield,Week1,280.0 Shouse Village - 69.0 North Springfield
Shouse Village,Week4,Holmes Run Acres,Week5,221.0 Holmes Run Acres - 181.0 Shouse Village
Shouse Village,Week5,Orange Hunt,Week1,213.0 Shouse Village - 189.0 Orange Hunt
Shouse Village,Week1,Hunt Valley,Week1,241.0 Hunt Valley - 161.0 Shouse Village
Sideburn Run,Week4,Bren Mar-Edsall Park,Week1,365.0 Sideburn Run - 37.0 Bren Mar-Edsall Park
Shouse Village,Week3,Newington Forest,Week5,235.0 Shouse Village - 167.0 Newington Forest
Shouse Village,Week5,Newington Forest,Week3,275.0 Shouse Village - 127.0 Newington Forest
Shouse Village,Week2,Holmes Run Acres,Week3,244.0 Holmes Run Acres - 158.0 Shouse Village
Shouse Village,Week1,Hunt Valley,Week2,255.0 Hunt Valley - 147.0 Shouse Village
Shouse Village,Week4,Orange Hunt,Week1,203.5 Shouse Village - 198.5 Orange Hunt
Sideburn Run,Week4,Bren Mar-Edsall Park,Week2,363.0 Sideburn Run - 39.0 Bren Mar-Edsall Park
Rutherford,Week2,Orange Hunt,Week2,294.0 Orange Hunt - 108.0 Rutherford
Shouse Village,Week2,Forest Hollow,Week4,238.0 Forest Hollow - 164.0 Shouse Village
Shouse Village,Week2,Fox Hunt,Week5,237.0 Fox Hunt - 164.0 Shouse Village
Shouse Village,Week4,Orange Hunt,Week3,202.0 Shouse Village - 200.0 Orange Hunt
Rutherford,Week2,Orange Hunt,Week4,284.0 Orange Hunt - 118.0 Rutherford
Rutherford,Week2,Overlee,Week3,366.0 Overlee - 36.0 Rutherford
Shouse Village,Week1,Newington Forest,Week1,256.0 Shouse Village - 146.0 Newington Forest
Sideburn Run,Week3,Bren Mar-Edsall Park,Week2,370.0 Sideburn Run - 32.0 Bren Mar-Edsall Park
Shouse Village,Week2,Hunt Valley,Week3,292.0 Hunt Valley - 110.0 Shouse Village
Sideburn Run,Week5,Bren Mar-Edsall Park,Week2,369.0 Sideburn Run - 33.0 Bren Mar-Edsall Park
Shouse Village,Week1,Parklawn,Week2,236.0 Shouse Village - 166.0 Parklawn
Sideburn Run,Week5,Bren Mar-Edsall Park,Week3,371.0 Sideburn Run - 31.0 Bren Mar-Edsall Park
Shouse Village,Week2,Hunt Valley,Week1,269.0 Hunt Valley - 133.0 Shouse Village
Sideburn Run,Week4,Bren Mar-Edsall Park,Week5,358.0 Sideburn Run - 44.0 Bren Mar-Edsall Park
Rutherford,Week3,Overlee,Week5,373.0 Overlee - 29.0 Rutherford
Shouse Village,Week2,Newington Forest,Week2,245.0 Shouse Village - 157.0 Newington Forest
Shouse Village,Week2,Newington Forest,Week3,232.0 Shouse Village - 170.0 Newington Forest
Shouse Village,Week5,Fox Hunt,Week2,230.0 Shouse Village - 171.0 Fox Hunt
Shouse Village,Week5,Forest Hollow,Week5,211.0 Forest Hollow - 191.0 Shouse Village
Shouse Village,Week5,Orange Hunt,Week5,207.0 Orange Hunt - 195.0 Shouse Village
Rutherford,Week3,Overlee,Week3,353.0 Overlee - 49.0 Rutherford
Sideburn Run,Week5,Bren Mar-Edsall Park,Week1,378.0 Sideburn Run - 24.0 Bren Mar-Edsall Park
Shouse Village,Week1,Fox Hunt,Week1,209.0 Shouse Village - 193.0 Fox Hunt
Shouse Village,Week3,Fox Hunt,Week5,212.0 Fox Hunt - 190.0 Shouse Village
Shouse Village,Week1,Hunt Valley,Week4,259.0 Hunt Valley - 143.0 Shouse Village
Rutherford,Week5,Orange Hunt,Week1,260.0 Orange Hunt - 142.0 Rutherford
Rutherford,Week3,Overlee,Week1,349.0 Overlee - 53.0 Rutherford
Shouse Village,Week1,Newington Forest,Week5,229.0 Shouse Village - 173.0 Newington Forest
Shouse Village,Week1,Overlee,Week1,295.0 Overlee - 107.0 Shouse Village
Shouse Village,Week5,Mount Vernon Park,Week2,233.0 Mount Vernon Park - 169.0 Shouse Village
Shouse Village,Week4,Overlee,Week3,307.0 Overlee - 95.0 Shouse Village
Shouse Village,Week4,Holmes Run Acres,Week2,242.0 Shouse Village - 155.0 Holmes Run Acres
Rutherford,Week1,Lakevale Estates,Week2,322.0 Lakevale Estates - 80.0 Rutherford
Shouse Village,Week4,Forest Hollow,Week3,216.0 Shouse Village - 186.0 Forest Hollow
Shouse Village,Week3,Overlee,Week2,308.0 Overlee - 94.0 Shouse Village
Shouse Village,Week5,Newington Forest,Week5,264.0 Shouse Village - 138.0 Newington Forest
Shouse Village,Week3,Hunt Valley,Week1,242.5 Hunt Valley - 159.5 Shouse Village
Shouse Village,Week3,Overlee,Week5,325.0 Overlee - 77.0 Shouse Village
Rutherford,Week3,Orange Hunt,Week3,253.0 Orange Hunt - 149.0 Rutherford
Rutherford,Week2,Lakevale Estates,Week3,317.0 Lakevale Estates - 85.0 Rutherford
Shouse Village,Week3,Overlee,Week3,305.0 Overlee - 97.0 Shouse Village
Shouse Village,Week4,Overlee,Week5,324.0 Overlee - 78.0 Shouse Village
Shouse Village,Week1,Parklawn,Week1,253.0 Shouse Village - 140.0 Parklawn
Shouse Village,Week4,Hunt Valley,Week1,228.0 Hunt Valley - 174.0 Shouse Village
Shouse Village,Week1,Fox Hunt,Week2,209.5 Shouse Village - 192.5 Fox Hunt
Rutherford,Week1,Overlee,Week1,368.0 Overlee - 34.0 Rutherford
Rutherford,Week3,Orange Hunt,Week5,275.0 Orange Hunt - 127.0 Rutherford
Rutherford,Week4,Orange Hunt,Week3,270.0 Orange Hunt - 132.0 Rutherford
Shouse Village,Week5,Newington Forest,Week2,281.0 Shouse Village - 121.0 Newington Forest
Shouse Village,Week3,Hunt Valley,Week4,259.0 Hunt Valley - 143.0 Shouse Village
Shouse Village,Week3,Forest Hollow,Week5,234.0 Forest Hollow - 168.0 Shouse Village
Shouse Village,Week5,Fox Hunt,Week3,214.0 Shouse Village - 188.0 Fox Hunt
Shouse Village,Week3,Hunt Valley,Week2,245.0 Hunt Valley - 157.0 Shouse Village
Shouse Village,Week4,Forest Hollow,Week2,221.0 Shouse Village - 181.0 Forest Hollow
Shouse Village,Week1,North Springfield,Week2,289.0 Shouse Village - 97.0 North Springfield
Sideburn Run,Week1,Brookfield ,Week4,216.0 Sideburn Run - 186.0 Brookfield
Shouse Village,Week3,Hunt Valley,Week5,270.0 Hunt Valley - 132.0 Shouse Village
Shouse Village,Week3,Hunt Valley,Week3,265.0 Hunt Valley - 137.0 Shouse Village
Shouse Village,Week1,Overlee,Week4,336.0 Overlee - 66.0 Shouse Village
Sideburn Run,Week4,Bren Mar-Edsall Park,Week3,363.0 Sideburn Run - 39.0 Bren Mar-Edsall Park
Rutherford,Week3,Lakevale Estates,Week4,324.0 Lakevale Estates - 78.0 Rutherford
Shouse Village,Week5,Forest Hollow,Week4,212.0 Shouse Village - 190.0 Forest Hollow
Shouse Village,Week2,Fox Hunt,Week2,211.0 Fox Hunt - 190.0 Shouse Village
Sideburn Run,Week1,Brookfield ,Week3,233.0 Sideburn Run - 169.0 Brookfield
Sideburn Run,Week5,Bren Mar-Edsall Park,Week4,369.0 Sideburn Run - 33.0 Bren Mar-Edsall Park
Shouse Village,Week2,Overlee,Week5,342.0 Overlee - 60.0 Shouse Village
Rutherford,Week3,Orange Hunt,Week2,268.5 Orange Hunt - 133.5 Rutherford
Shouse Village,Week4,Newington Forest,Week2,283.0 Shouse Village - 118.0 Newington Forest
Shouse Village,Week4,Hunt Valley,Week2,237.5 Hunt Valley - 164.5 Shouse Village
Shouse Village,Week4,Hunt Valley,Week4,257.0 Hunt Valley - 145.0 Shouse Village
Sideburn Run,Week1,Brookfield ,Week5,221.0 Sideburn Run - 181.0 Brookfield
Shouse Village,Week1,Newington Forest,Week3,235.5 Shouse Village - 166.5 Newington Forest
Shouse Village,Week3,Newington Forest,Week4,251.0 Shouse Village - 151.0 Newington Forest
Shouse Village,Week4,Forest Hollow,Week4,205.0 Shouse Village - 197.0 Forest Hollow
Sideburn Run,Week1,Brookfield ,Week1,215.0 Sideburn Run - 187.0 Brookfield
Rutherford,Week5,Overlee,Week1,352.0 Overlee - 50.0 Rutherford
Shouse Village,Week3,Newington Forest,Week3,256.0 Shouse Village - 146.0 Newington Forest
Shouse Village,Week5,Newington Forest,Week1,274.0 Shouse Village - 128.0 Newington Forest
Sideburn Run,Week1,Brookfield ,Week2,222.0 Sideburn Run - 180.0 Brookfield
Shouse Village,Week2,North Springfield,Week1,278.0 Shouse Village - 71.0 North Springfield
Shouse Village,Week5,Overlee,Week5,322.0 Overlee - 80.0 Shouse Village
Shouse Village,Week5,North Springfield,Week1,293.0 Shouse Village - 56.0 North Springfield
Rutherford,Week3,Lakevale Estates,Week5,320.0 Lakevale Estates - 82.0 Rutherford
Rutherford,Week5,Orange Hunt,Week4,257.0 Orange Hunt - 145.0 Rutherford
Shouse Village,Week5,Overlee,Week4,326.0 Overlee - 76.0 Shouse Village
Shouse Village,Week1,North Springfield,Week4,296.0 Shouse Village - 95.0 North Springfield
Shouse Village,Week5,Hunt Valley,Week1,221.0 Hunt Valley - 181.0 Shouse Village
Shouse Village,Week1,Hunter Mill,Week1,245.0 Hunter Mill - 157.0 Shouse Village
Shouse Village,Week4,Forest Hollow,Week5,216.5 Forest Hollow - 185.5 Shouse Village
Sideburn Run,Week3,Bren Mar-Edsall Park,Week4,366.0 Sideburn Run - 36.0 Bren Mar-Edsall Park
Shouse Village,Week4,Fox Hunt,Week1,231.0 Shouse Village - 171.0 Fox Hunt
Rutherford,Week3,Orange Hunt,Week1,269.0 Orange Hunt - 133.0 Rutherford
Shouse Village,Week5,Hunt Valley,Week5,248.0 Hunt Valley - 154.0 Shouse Village
Shouse Village,Week1,Hunter Mill,Week2,233.0 Hunter Mill - 168.0 Shouse Village
Sideburn Run,Week2,Brookfield ,Week2,203.0 Sideburn Run - 199.0 Brookfield
Sideburn Run,Week2,Brookfield ,Week1,206.0 Brookfield - 196.0 Sideburn Run
Rutherford,Week4,Lakevale Estates,Week4,320.0 Lakevale Estates - 82.0 Rutherford
Rutherford,Week4,Lakevale Estates,Week1,300.0 Lakevale Estates - 102.0 Rutherford
Shouse Village,Week2,Parklawn,Week1,264.0 Shouse Village - 129.0 Parklawn
Shouse Village,Week2,Fox Hunt,Week1,208.0 Fox Hunt - 194.0 Shouse Village
Rutherford,Week4,Orange Hunt,Week4,265.0 Orange Hunt - 137.0 Rutherford
Shouse Village,Week3,Forest Hollow,Week2,203.0 Shouse Village - 199.0 Forest Hollow
Rutherford,Week4,Lakevale Estates,Week3,308.0 Lakevale Estates - 94.0 Rutherford
Shouse Village,Week3,North Springfield,Week5,266.0 Shouse Village - 108.0 North Springfield
Rutherford,Week2,Orange Hunt,Week5,295.0 Orange Hunt - 107.0 Rutherford
Shouse Village,Week2,Parklawn,Week2,234.0 Shouse Village - 168.0 Parklawn
Sideburn Run,Week5,Bren Mar-Edsall Park,Week5,363.0 Sideburn Run - 39.0 Bren Mar-Edsall Park
Rutherford,Week2,Overlee,Week1,365.0 Overlee - 37.0 Rutherford
Shouse Village,Week1,Hunter Mill,Week5,256.0 Hunter Mill - 146.0 Shouse Village
Shouse Village,Week5,Hunt Valley,Week4,243.0 Hunt Valley - 159.0 Shouse Village
Shouse Village,Week5,Forest Hollow,Week1,222.0 Shouse Village - 180.0 Forest Hollow
Shouse Village,Week1,Hunter Mill,Week3,247.0 Hunter Mill - 155.0 Shouse Village
Sideburn Run,Week4,Brookfield ,Week1,207.0 Brookfield - 195.0 Sideburn Run
Rutherford,Week4,Orange Hunt,Week1,257.0 Orange Hunt - 145.0 Rutherford
Shouse Village,Week2,Overlee,Week4,350.0 Overlee - 52.0 Shouse Village
Rutherford,Week3,Orange Hunt,Week4,262.0 Orange Hunt - 140.0 Rutherford
Rutherford,Week5,Lake Braddock,Week4,241.0 Rutherford - 161.0 Lake Braddock
Rutherford,Week1,Overlee,Week2,370.0 Overlee - 32.0 Rutherford
Shouse Village,Week2,North Springfield,Week5,265.0 Shouse Village - 109.0 North Springfield
Shouse Village,Week4,Overlee,Week1,303.0 Overlee - 99.0 Shouse Village
Rutherford,Week4,Lakevale Estates,Week2,307.0 Lakevale Estates - 95.0 Rutherford
Shouse Village,Week1,Parklawn,Week5,212.0 Shouse Village - 190.0 Parklawn
Sideburn Run,Week5,Brookfield ,Week4,222.0 Sideburn Run - 180.0 Brookfield
Shouse Village,Week5,Forest Hollow,Week3,219.0 Shouse Village - 183.0 Forest Hollow
Shouse Village,Week4,North Springfield,Week1,302.0 Shouse Village - 45.0 North Springfield
Rutherford,Week4,Orange Hunt,Week2,272.0 Orange Hunt - 130.0 Rutherford
Shouse Village,Week2,Forest Hollow,Week5,239.0 Forest Hollow - 163.0 Shouse Village
Rutherford,Week4,Lakevale Estates,Week5,305.0 Lakevale Estates - 97.0 Rutherford
Sideburn Run,Week4,Bren Mar-Edsall Park,Week4,360.0 Sideburn Run - 42.0 Bren Mar-Edsall Park
Shouse Village,Week2,North Springfield,Week2,289.0 Shouse Village - 99.0 North Springfield
Shouse Village,Week5,Overlee,Week3,288.0 Overlee - 114.0 Shouse Village
Sideburn Run,Week1,Broyhill Crest,Week2,343.0 Sideburn Run - 59.0 Broyhill Crest
Rutherford,Week1,Overlee,Week3,373.0 Overlee - 29.0 Rutherford
Shouse Village,Week2,Fox Hunt,Week3,235.0 Fox Hunt - 167.0 Shouse Village
Rutherford,Week5,Lakevale Estates,Week2,301.0 Lakevale Estates - 101.0 Rutherford
Shouse Village,Week2,Overlee,Week2,322.0 Overlee - 80.0 Shouse Village
Sideburn Run,Week3,Broyhill Crest,Week3,371.0 Sideburn Run - 31.0 Broyhill Crest
Rutherford,Week5,Orange Hunt,Week5,281.0 Orange Hunt - 121.0 Rutherford
Shouse Village,Week2,Hunter Mill,Week3,248.0 Hunter Mill - 154.0 Shouse Village
Sideburn Run,Week4,Brookfield ,Week4,206.0 Brookfield - 196.0 Sideburn Run
Shouse Village,Week1,Fox Hunt,Week3,227.0 Fox Hunt - 175.0 Shouse Village
Sideburn Run,Week5,Brookfield ,Week3,237.0 Sideburn Run - 165.0 Brookfield
Rutherford,Week5,Lakevale Estates,Week3,303.0 Lakevale Estates - 99.0 Rutherford
Shouse Village,Week4,Overlee,Week2,300.5 Overlee - 101.5 Shouse Village
Rutherford,Week5,Lakevale Estates,Week1,285.0 Lakevale Estates - 117.0 Rutherford
Shouse Village,Week5,Overlee,Week1,290.0 Overlee - 112.0 Shouse Village
Shouse Village,Week3,North Springfield,Week2,296.0 Shouse Village - 92.0 North Springfield
Shouse Village,Week2,Overlee,Week3,314.0 Overlee - 88.0 Shouse Village
Shouse Village,Week3,Fox Hunt,Week2,218.0 Shouse Village - 184.0 Fox Hunt
Shouse Village,Week2,Hunter Mill,Week2,235.0 Hunter Mill - 167.0 Shouse Village
Rutherford,Week1,Lakevale Estates,Week1,314.0 Lakevale Estates - 88.0 Rutherford
Shouse Village,Week4,North Springfield,Week3,301.0 Shouse Village - 96.0 North Springfield
Shouse Village,Week3,Fox Hunt,Week1,221.0 Shouse Village - 181.0 Fox Hunt
Shouse Village,Week1,Fox Hunt,Week5,222.0 Fox Hunt - 180.0 Shouse Village
Shouse Village,Week5,Hunt Valley,Week3,248.0 Hunt Valley - 154.0 Shouse Village
Shouse Village,Week1,Hunter Mill,Week4,259.0 Hunter Mill - 143.0 Shouse Village
Rutherford,Week1,Lakevale Estates,Week4,332.0 Lakevale Estates - 70.0 Rutherford
Shouse Village,Week5,Overlee,Week2,299.0 Overlee - 103.0 Shouse Village
Rutherford,Week2,Orange Hunt,Week3,281.0 Orange Hunt - 121.0 Rutherford
Shouse Village,Week4,Oakton ,Week2,266.0 Oakton - 136.0 Shouse Village
Shouse Village,Week2,Hunter Mill,Week4,263.0 Hunter Mill - 139.0 Shouse Village
Shouse Village,Week1,Oakton ,Week4,256.0 Oakton - 146.0 Shouse Village
Shouse Village,Week1,Overlee,Week3,295.0 Overlee - 107.0 Shouse Village
Sideburn Run,Week3,Brookfield ,Week2,224.0 Sideburn Run - 178.0 Brookfield
Shouse Village,Week3,Fox Hunt,Week4,212.0 Shouse Village - 190.0 Fox Hunt
Shouse Village,Week2,Oakton ,Week5,301.0 Oakton - 101.0 Shouse Village
Rutherford,Week5,Orange Hunt,Week3,267.0 Orange Hunt - 135.0 Rutherford
Rutherford,Week1,Overlee,Week5,383.0 Overlee - 19.0 Rutherford
Shouse Village,Week5,Hunt Valley,Week2,227.0 Hunt Valley - 175.0 Shouse Village
Rutherford,Week2,Lakevale Estates,Week2,318.0 Lakevale Estates - 84.0 Rutherford
Sideburn Run,Week3,Brookfield ,Week5,229.0 Sideburn Run - 173.0 Brookfield
Sideburn Run,Week1,Broyhill Crest,Week1,342.0 Sideburn Run - 59.0 Broyhill Crest
Rutherford,Week1,Overlee,Week4,382.0 Overlee - 20.0 Rutherford
Rutherford,Week2,Overlee,Week2,370.0 Overlee - 32.0 Rutherford
Rutherford,Week5,Lake Braddock,Week3,244.0 Rutherford - 158.0 Lake Braddock
Shouse Village,Week3,Oakton ,Week2,269.0 Oakton - 133.0 Shouse Village
Shouse Village,Week3,Fox Hunt,Week3,206.0 Fox Hunt - 196.0 Shouse Village
Shouse Village,Week2,Hunter Mill,Week1,239.0 Hunter Mill - 163.0 Shouse Village
Shouse Village,Week3,North Springfield,Week1,290.0 Shouse Village - 61.0 North Springfield
Shouse Village,Week4,Fox Hunt,Week5,201.0 Fox Hunt - 201.0 Shouse Village
Sideburn Run,Week3,Brookfield ,Week1,209.0 Sideburn Run - 193.0 Brookfield
Rutherford,Week2,Lakevale Estates,Week1,306.0 Lakevale Estates - 96.0 Rutherford
Rutherford,Week2,Lakevale Estates,Week4,329.0 Lakevale Estates - 73.0 Rutherford
Shouse Village,Week4,Oakton ,Week1,247.0 Oakton - 155.0 Shouse Village
Shouse Village,Week2,North Springfield,Week3,287.5 Shouse Village - 109.5 North Springfield
Shouse Village,Week3,North Springfield,Week3,289.0 Shouse Village - 108.0 North Springfield
Shouse Village,Week3,North Springfield,Week4,306.0 Shouse Village - 85.0 North Springfield
Shouse Village,Week4,Fox Hunt,Week3,202.0 Shouse Village - 200.0 Fox Hunt
Shouse Village,Week3,Overlee,Week4,330.0 Overlee - 72.0 Shouse Village
Shouse Village,Week1,Overlee,Week5,337.0 Overlee - 65.0 Shouse Village
Rutherford,Week2,Overlee,Week5,379.0 Overlee - 23.0 Rutherford
Shouse Village,Week5,Fox Hunt,Week1,230.0 Shouse Village - 172.0 Fox Hunt
Rutherford,Week2,Overlee,Week4,384.0 Overlee - 18.0 Rutherford
Sideburn Run,Week5,Brookfield ,Week1,212.0 Sideburn Run - 190.0 Brookfield
Rutherford,Week3,Overlee,Week4,380.0 Overlee - 22.0 Rutherford
Sideburn Run,Week4,Brookfield ,Week5,225.0 Sideburn Run - 177.0 Brookfield
Shouse Village,Week3,Overlee,Week1,306.0 Overlee - 96.0 Shouse Village
Sideburn Run,Week2,Brookfield ,Week5,214.0 Sideburn Run - 188.0 Brookfield
Rutherford,Week3,Lakevale Estates,Week2,303.0 Lakevale Estates - 99.0 Rutherford
Sideburn Run,Week3,Broyhill Crest,Week1,358.0 Sideburn Run - 44.0 Broyhill Crest
Rutherford,Week1,Lakevale Estates,Week5,334.0 Lakevale Estates - 68.0 Rutherford
Shouse Village,Week4,Overlee,Week4,334.0 Overlee - 68.0 Shouse Village
Rutherford,Week3,Overlee,Week2,364.5 Overlee - 37.5 Rutherford
Shouse Village,Week4,Fox Hunt,Week4,221.0 Shouse Village - 181.0 Fox Hunt
Shouse Village,Week2,Overlee,Week1,314.0 Overlee - 88.0 Shouse Village
Rutherford,Week3,Lakevale Estates,Week1,302.0 Lakevale Estates - 100.0 Rutherford
Shouse Village,Week2,Fox Mill Estates,Week5,217.0 Shouse Village - 185.0 Fox Mill Estates
Shouse Village,Week1,North Springfield,Week5,258.0 Shouse Village - 115.0 North Springfield
Sideburn Run,Week2,Brookfield ,Week4,211.0 Brookfield - 191.0 Sideburn Run
Rutherford,Week3,Lakevale Estates,Week3,303.0 Lakevale Estates - 99.0 Rutherford
Shouse Village,Week2,Oakton ,Week1,274.0 Oakton - 128.0 Shouse Village
Shouse Village,Week3,Fox Mill Estates,Week2,229.0 Shouse Village - 173.0 Fox Mill Estates
Shouse Village,Week1,Parklawn,Week4,215.0 Shouse Village - 187.0 Parklawn
Shouse Village,Week2,Fox Mill Estates,Week3,229.0 Shouse Village - 173.0 Fox Mill Estates
Sideburn Run,Week4,Brookfield ,Week3,222.0 Sideburn Run - 180.0 Brookfield
Shouse Village,Week3,Fox Mill Estates,Week1,246.0 Shouse Village - 156.0 Fox Mill Estates
Sideburn Run,Week3,Brookfield ,Week3,229.0 Sideburn Run - 173.0 Brookfield
Rutherford,Week4,Overlee,Week3,350.0 Overlee - 52.0 Rutherford
Shouse Village,Week4,North Springfield,Week4,311.0 Shouse Village - 80.0 North Springfield
Shouse Village,Week5,Fox Hunt,Week4,223.0 Shouse Village - 179.0 Fox Hunt
Rutherford,Week4,Overlee,Week2,360.0 Overlee - 42.0 Rutherford
Shouse Village,Week1,Parklawn,Week3,246.0 Shouse Village - 156.0 Parklawn
Rutherford,Week2,Lakevale Estates,Week5,318.5 Lakevale Estates - 83.5 Rutherford
Shouse Village,Week3,Parklawn,Week2,236.0 Shouse Village - 166.0 Parklawn
Shouse Village,Week2,Parliament,Week5,212.0 Parliament - 188.0 Shouse Village
Sideburn Run,Week1,Broyhill Crest,Week3,349.0 Sideburn Run - 53.0 Broyhill Crest
Shouse Village,Week1,Oakton ,Week5,272.0 Oakton - 130.0 Shouse Village
Rutherford,Week5,Lake Braddock,Week5,244.0 Rutherford - 158.0 Lake Braddock
Rutherford,Week4,Overlee,Week5,368.5 Overlee - 33.5 Rutherford
Rutherford,Week1,Lakevale Estates,Week3,324.0 Lakevale Estates - 78.0 Rutherford
Rutherford,Week4,Overlee,Week4,369.0 Overlee - 33.0 Rutherford
Shouse Village,Week5,North Springfield,Week5,282.0 Shouse Village - 91.0 North Springfield
Shouse Village,Week5,North Springfield,Week2,306.0 Shouse Village - 81.0 North Springfield
Shouse Village,Week2,North Springfield,Week4,302.0 Shouse Village - 89.0 North Springfield
Rutherford,Week4,Overlee,Week1,345.0 Overlee - 57.0 Rutherford
Rutherford,Week5,Overlee,Week3,359.0 Overlee - 43.0 Rutherford
Shouse Village,Week4,North Springfield,Week5,281.0 Shouse Village - 92.0 North Springfield
Shouse Village,Week4,Parklawn,Week5,258.0 Shouse Village - 144.0 Parklawn
Shouse Village,Week4,North Springfield,Week2,307.0 Shouse Village - 80.0 North Springfield
Shouse Village,Week5,Fox Hunt,Week5,206.0 Shouse Village - 196.0 Fox Hunt
Sideburn Run,Week3,Brookfield ,Week4,216.0 Sideburn Run - 186.0 Brookfield
Rutherford,Week1,Parklawn,Week2,206.0 Parklawn - 191.0 Rutherford
Shouse Village,Week1,Oakton ,Week2,268.0 Oakton - 134.0 Shouse Village
Shouse Village,Week5,North Springfield,Week4,320.0 Shouse Village - 70.0 North Springfield
Sideburn Run,Week2,Brookfield ,Week3,225.0 Sideburn Run - 177.0 Brookfield
Sideburn Run,Week2,Broyhill Crest,Week1,338.0 Sideburn Run - 63.0 Broyhill Crest
Rutherford,Week5,Overlee,Week4,375.0 Overlee - 27.0 Rutherford
Sideburn Run,Week2,Broyhill Crest,Week2,354.0 Sideburn Run - 47.0 Broyhill Crest
Sideburn Run,Week4,Brookfield ,Week2,214.0 Sideburn Run - 188.0 Brookfield
Shouse Village,Week5,Fox Mill Estates,Week1,267.0 Shouse Village - 135.0 Fox Mill Estates
Shouse Village,Week3,Parklawn,Week5,241.0 Shouse Village - 161.0 Parklawn
Rutherford,Week1,Parklawn,Week1,223.0 Rutherford - 169.0 Parklawn
Sideburn Run,Week5,Brookfield ,Week2,230.0 Sideburn Run - 172.0 Brookfield
Shouse Village,Week1,Fox Mill Estates,Week1,241.0 Shouse Village - 161.0 Fox Mill Estates
Shouse Village,Week4,Parklawn,Week4,253.0 Shouse Village - 145.0 Parklawn
Shouse Village,Week3,Parklawn,Week3,259.0 Shouse Village - 143.0 Parklawn
Shouse Village,Week4,Parklawn,Week3,277.5 Shouse Village - 124.5 Parklawn
Shouse Village,Week1,Fox Mill Estates,Week3,218.0 Shouse Village - 184.0 Fox Mill Estates
Rutherford,Week5,Overlee,Week2,363.0 Overlee - 39.0 Rutherford
Shouse Village,Week5,Parklawn,Week2,256.0 Shouse Village - 146.0 Parklawn
Rutherford,Week1,Parklawn,Week5,229.0 Parklawn - 169.0 Rutherford
Sideburn Run,Week2,Broyhill Crest,Week3,348.0 Sideburn Run - 53.0 Broyhill Crest
Shouse Village,Week4,Fox Mill Estates,Week1,268.0 Shouse Village - 134.0 Fox Mill Estates
Sideburn Run,Week5,Brookfield ,Week5,228.0 Sideburn Run - 174.0 Brookfield
Rutherford,Week1,Parklawn,Week4,230.0 Parklawn - 164.0 Rutherford
Shouse Village,Week3,Fox Mill Estates,Week4,206.0 Fox Mill Estates - 196.0 Shouse Village
Sideburn Run,Week1,Broyhill Crest,Week4,336.0 Sideburn Run - 66.0 Broyhill Crest
Shouse Village,Week2,Parliament,Week2,204.0 Shouse Village - 194.0 Parliament
Shouse Village,Week2,Oakton ,Week2,291.0 Oakton - 111.0 Shouse Village
Shouse Village,Week1,Fox Mill Estates,Week2,228.0 Shouse Village - 174.0 Fox Mill Estates
Shouse Village,Week1,Fox Mill Estates,Week4,201.0 Fox Mill Estates - 201.0 Shouse Village
Rutherford,Week2,Kings Ridge ,Week4,211.0 Kings Ridge - 191.0 Rutherford
Shouse Village,Week4,Fox Mill Estates,Week3,240.0 Shouse Village - 162.0 Fox Mill Estates
Shouse Village,Week1,Oakton ,Week1,257.0 Oakton - 145.0 Shouse Village
Shouse Village,Week2,Parliament,Week1,243.0 Parliament - 157.0 Shouse Village
Rutherford,Week1,Kings Ridge ,Week5,226.0 Kings Ridge - 176.0 Rutherford
Rutherford,Week1,Parklawn,Week3,200.0 Rutherford - 198.0 Parklawn
Shouse Village,Week2,Oakton ,Week3,286.0 Oakton - 116.0 Shouse Village
Shouse Village,Week5,Parklawn,Week3,268.0 Shouse Village - 134.0 Parklawn
Rutherford,Week2,Parklawn,Week1,231.0 Rutherford - 162.0 Parklawn
Sideburn Run,Week1,Broyhill Crest,Week5,328.0 Sideburn Run - 69.0 Broyhill Crest
Shouse Village,Week4,Fox Mill Estates,Week5,252.0 Shouse Village - 150.0 Fox Mill Estates
Shouse Village,Week2,Parklawn,Week3,250.0 Shouse Village - 152.0 Parklawn
Shouse Village,Week4,Fox Mill Estates,Week2,264.0 Shouse Village - 138.0 Fox Mill Estates
Sideburn Run,Week3,Broyhill Crest,Week4,361.0 Sideburn Run - 41.0 Broyhill Crest
Rutherford,Week3,Kings Ridge ,Week5,220.0 Rutherford - 182.0 Kings Ridge
Shouse Village,Week2,Fox Mill Estates,Week2,228.0 Shouse Village - 173.0 Fox Mill Estates
Shouse Village,Week1,Parliament,Week1,205.0 Parliament - 197.0 Shouse Village
Shouse Village,Week5,Parklawn,Week5,249.0 Shouse Village - 153.0 Parklawn
Sideburn Run,Week5,Broyhill Crest,Week3,374.0 Sideburn Run - 28.0 Broyhill Crest
Shouse Village,Week3,Oakton ,Week1,255.0 Oakton - 147.0 Shouse Village
Rutherford,Week5,Overlee,Week5,374.0 Overlee - 28.0 Rutherford
Shouse Village,Week3,Fox Mill Estates,Week3,217.0 Shouse Village - 185.0 Fox Mill Estates
Shouse Village,Week2,Oakton ,Week4,284.0 Oakton - 118.0 Shouse Village
Shouse Village,Week3,Oakton ,Week3,259.0 Oakton - 143.0 Shouse Village
Shouse Village,Week2,Fox Mill Estates,Week4,208.0 Shouse Village - 194.0 Fox Mill Estates
Rutherford,Week4,Kings Ridge ,Week2,250.0 Rutherford - 152.0 Kings Ridge
Shouse Village,Week5,Parklawn,Week4,245.0 Shouse Village - 156.0 Parklawn
Shouse Village,Week2,Parliament,Week3,208.0 Parliament - 194.0 Shouse Village
Rutherford,Week2,Parklawn,Week2,206.0 Rutherford - 192.0 Parklawn
Shouse Village,Week1,Oakton ,Week3,270.0 Oakton - 132.0 Shouse Village
Shouse Village,Week3,Parklawn,Week4,235.0 Shouse Village - 167.0 Parklawn
Shouse Village,Week5,North Springfield,Week3,299.0 Shouse Village - 96.0 North Springfield
Rutherford,Week4,Kings Ridge ,Week1,243.0 Rutherford - 154.0 Kings Ridge
Rutherford,Week1,Kings Ridge ,Week3,201.0 Kings Ridge - 197.0 Rutherford
Sideburn Run,Week3,Broyhill Crest,Week2,364.0 Sideburn Run - 38.0 Broyhill Crest
Sideburn Run,Week2,Broyhill Crest,Week5,338.0 Sideburn Run - 64.0 Broyhill Crest
Sideburn Run,Week2,Broyhill Crest,Week4,339.0 Sideburn Run - 62.0 Broyhill Crest
Rutherford,Week2,Kings Ridge ,Week2,217.0 Rutherford - 184.0 Kings Ridge
Shouse Village,Week3,Oakton ,Week4,259.0 Oakton - 143.0 Shouse Village
Shouse Village,Week5,Oakton ,Week3,240.0 Oakton - 162.0 Shouse Village
Sideburn Run,Week4,Burke Station,Week3,260.0 Sideburn Run - 136.0 Burke Station
Shouse Village,Week4,Parklawn,Week1,281.0 Shouse Village - 111.0 Parklawn
Shouse Village,Week1,Parliament,Week2,217.0 Shouse Village - 185.0 Parliament
Sideburn Run,Week3,Burke Station,Week1,239.0 Sideburn Run - 139.0 Burke Station
Shouse Village,Week3,Fox Mill Estates,Week5,216.0 Shouse Village - 186.0 Fox Mill Estates
Shouse Village,Week2,Fox Mill Estates,Week1,254.0 Shouse Village - 148.0 Fox Mill Estates
Sideburn Run,Week3,Burke Station,Week4,292.0 Sideburn Run - 110.0 Burke Station
Shouse Village,Week1,Old Keene Mill,Week2,251.0 Shouse Village - 151.0 Old Keene Mill
Sideburn Run,Week4,Broyhill Crest,Week2,362.0 Sideburn Run - 38.0 Broyhill Crest
Shouse Village,Week5,Fox Mill Estates,Week2,252.0 Shouse Village - 150.0 Fox Mill Estates
Shouse Village,Week5,Fox Mill Estates,Week3,239.0 Shouse Village - 163.0 Fox Mill Estates
Shouse Village,Week5,Oakton ,Week4,230.0 Oakton - 172.0 Shouse Village
Rutherford,Week2,Kings Ridge ,Week5,216.5 Kings Ridge - 185.5 Rutherford
Sideburn Run,Week4,Broyhill Crest,Week3,368.0 Sideburn Run - 33.0 Broyhill Crest
Shouse Village,Week5,Parklawn,Week1,271.0 Shouse Village - 122.0 Parklawn
Shouse Village,Week4,Fox Mill Estates,Week4,228.0 Shouse Village - 174.0 Fox Mill Estates
Shouse Village,Week1,Fox Mill Estates,Week5,211.0 Shouse Village - 191.0 Fox Mill Estates
Shouse Village,Week3,Oakton ,Week5,264.0 Oakton - 138.0 Shouse Village
Shouse Village,Week1,Parliament,Week4,214.5 Shouse Village - 187.5 Parliament
Shouse Village,Week4,Old Keene Mill,Week3,274.0 Shouse Village - 128.0 Old Keene Mill
Shouse Village,Week1,Parliament,Week3,208.0 Shouse Village - 194.0 Parliament
Shouse Village,Week4,Fox Mill Woods,Week5,241.0 Fox Mill Woods - 161.0 Shouse Village
Rutherford,Week3,Kings Ridge ,Week4,215.0 Rutherford - 187.0 Kings Ridge
Shouse Village,Week2,Old Keene Mill,Week2,241.0 Shouse Village - 161.0 Old Keene Mill
Shouse Village,Week3,Old Keene Mill,Week1,270.0 Shouse Village - 132.0 Old Keene Mill
Sideburn Run,Week4,Burke Station,Week5,269.0 Sideburn Run - 133.0 Burke Station
Shouse Village,Week4,Parklawn,Week2,258.0 Shouse Village - 143.0 Parklawn
Rutherford,Week4,Kings Ridge ,Week3,221.0 Rutherford - 180.0 Kings Ridge
Shouse Village,Week4,Oakton ,Week4,240.0 Oakton - 162.0 Shouse Village
Sideburn Run,Week4,Burke Station,Week4,295.0 Sideburn Run - 107.0 Burke Station
Shouse Village,Week3,Fox Mill Woods,Week1,251.0 Fox Mill Woods - 151.0 Shouse Village
Shouse Village,Week2,Fox Mill Woods,Week3,263.0 Fox Mill Woods - 139.0 Shouse Village
Shouse Village,Week4,Parliament,Week1,205.0 Shouse Village - 196.0 Parliament
Rutherford,Week3,Kings Ridge ,Week3,229.0 Rutherford - 172.0 Kings Ridge
Shouse Village,Week5,Fox Mill Woods,Week2,224.0 Fox Mill Woods - 178.0 Shouse Village
Rutherford,Week1,Kings Ridge ,Week4,225.0 Kings Ridge - 177.0 Rutherford
Shouse Village,Week2,Parklawn,Week5,218.0 Shouse Village - 183.0 Parklawn
Shouse Village,Week1,Old Keene Mill,Week3,251.0 Shouse Village - 151.0 Old Keene Mill
Shouse Village,Week4,Parliament,Week2,224.0 Shouse Village - 178.0 Parliament
Sideburn Run,Week5,Broyhill Crest,Week4,367.0 Sideburn Run - 35.0 Broyhill Crest
Rutherford,Week2,Kings Ridge ,Week1,219.0 Rutherford - 183.0 Kings Ridge
Sideburn Run,Week5,Broyhill Crest,Week2,375.0 Sideburn Run - 27.0 Broyhill Crest
Sideburn Run,Week3,Burke Station,Week3,261.0 Sideburn Run - 136.0 Burke Station
Shouse Village,Week1,Great Falls,Week3,203.0 Great Falls - 199.0 Shouse Village
Shouse Village,Week3,Old Keene Mill,Week4,275.0 Shouse Village - 127.0 Old Keene Mill
Shouse Village,Week3,Fox Mill Woods,Week4,267.0 Fox Mill Woods - 135.0 Shouse Village
Shouse Village,Week1,Parliament,Week5,208.0 Shouse Village - 194.0 Parliament
Shouse Village,Week1,Old Keene Mill,Week1,260.0 Shouse Village - 142.0 Old Keene Mill
Sideburn Run,Week1,Burke Station,Week2,273.0 Sideburn Run - 129.0 Burke Station
Shouse Village,Week3,Parklawn,Week1,271.0 Shouse Village - 122.0 Parklawn
Sideburn Run,Week5,Burke Station,Week1,247.0 Sideburn Run - 131.0 Burke Station
Sideburn Run,Week5,Broyhill Crest,Week1,374.0 Sideburn Run - 28.0 Broyhill Crest
Rutherford,Week2,Kings Ridge ,Week3,204.0 Kings Ridge - 197.0 Rutherford
Shouse Village,Week5,Fox Mill Woods,Week3,229.0 Fox Mill Woods - 173.0 Shouse Village
Shouse Village,Week2,Parklawn,Week4,215.0 Shouse Village - 186.0 Parklawn
Sideburn Run,Week5,Broyhill Crest,Week5,351.0 Sideburn Run - 51.0 Broyhill Crest
Shouse Village,Week2,Old Keene Mill,Week3,234.0 Shouse Village - 168.0 Old Keene Mill
Shouse Village,Week2,Great Falls,Week1,211.0 Shouse Village - 187.0 Great Falls
Shouse Village,Week2,Parliament,Week4,206.0 Parliament - 195.0 Shouse Village
Shouse Village,Week1,Fox Mill Woods,Week4,264.5 Fox Mill Woods - 137.5 Shouse Village
Shouse Village,Week4,Oakton ,Week5,258.0 Oakton - 144.0 Shouse Village
Shouse Village,Week3,Parliament,Week4,224.0 Shouse Village - 178.0 Parliament
Shouse Village,Week2,Pinecrest,Week2,282.0 Pinecrest - 120.0 Shouse Village
Shouse Village,Week4,Old Keene Mill,Week1,280.0 Shouse Village - 122.0 Old Keene Mill
Sideburn Run,Week1,Burke Station,Week5,259.0 Sideburn Run - 143.0 Burke Station
Shouse Village,Week5,Oakton ,Week1,234.0 Oakton - 168.0 Shouse Village
Rutherford,Week1,Kings Ridge ,Week1,202.0 Kings Ridge - 200.0 Rutherford
Shouse Village,Week2,Fox Mill Woods,Week1,266.0 Fox Mill Woods - 136.0 Shouse Village
Sideburn Run,Week1,Burke Station,Week4,274.0 Sideburn Run - 128.0 Burke Station
Sideburn Run,Week1,Burke Station,Week3,249.0 Sideburn Run - 147.0 Burke Station
Shouse Village,Week4,Parliament,Week4,241.0 Shouse Village - 161.0 Parliament
Shouse Village,Week1,Old Keene Mill,Week4,265.0 Shouse Village - 137.0 Old Keene Mill
Rutherford,Week1,Kings Ridge ,Week2,218.0 Rutherford - 184.0 Kings Ridge
Shouse Village,Week1,Fox Mill Woods,Week3,246.0 Fox Mill Woods - 156.0 Shouse Village
Rutherford,Week3,Kings Ridge ,Week1,216.0 Rutherford - 181.0 Kings Ridge
Shouse Village,Week3,Parliament,Week2,214.0 Shouse Village - 188.0 Parliament
Shouse Village,Week3,Pinecrest,Week2,266.0 Pinecrest - 136.0 Shouse Village
Shouse Village,Week5,Fox Mill Estates,Week5,234.5 Shouse Village - 167.5 Fox Mill Estates
Shouse Village,Week3,Old Keene Mill,Week3,263.0 Shouse Village - 139.0 Old Keene Mill
Sideburn Run,Week4,Broyhill Crest,Week4,356.0 Sideburn Run - 45.0 Broyhill Crest
Shouse Village,Week2,Great Falls,Week5,211.0 Great Falls - 190.0 Shouse Village
Shouse Village,Week4,Oakton ,Week3,245.0 Oakton - 157.0 Shouse Village
Sideburn Run,Week4,Broyhill Crest,Week5,347.0 Sideburn Run - 55.0 Broyhill Crest
Rutherford,Week3,Kings Ridge ,Week2,238.0 Rutherford - 164.0 Kings Ridge
Shouse Village,Week5,Fox Mill Woods,Week4,237.0 Fox Mill Woods - 165.0 Shouse Village
Shouse Village,Week5,Parliament,Week5,227.0 Shouse Village - 175.0 Parliament
Shouse Village,Week1,Pinecrest,Week4,286.0 Pinecrest - 116.0 Shouse Village
Shouse Village,Week3,Old Keene Mill,Week2,262.0 Shouse Village - 140.0 Old Keene Mill
Shouse Village,Week3,Fox Mill Woods,Week3,244.0 Fox Mill Woods - 158.0 Shouse Village
Shouse Village,Week3,Pinecrest,Week3,276.0 Pinecrest - 126.0 Shouse Village
Sideburn Run,Week3,Broyhill Crest,Week5,338.0 Sideburn Run - 64.0 Broyhill Crest
Shouse Village,Week2,Old Keene Mill,Week1,250.0 Shouse Village - 152.0 Old Keene Mill
Shouse Village,Week4,Pinecrest,Week3,260.0 Pinecrest - 142.0 Shouse Village
Shouse Village,Week5,Brandywine,Week4,201.0 Brandywine - 201.0 Shouse Village
Sideburn Run,Week2,Burke Station,Week2,277.0 Sideburn Run - 124.0 Burke Station
Shouse Village,Week5,Oakton ,Week5,240.0 Oakton - 162.0 Shouse Village
Shouse Village,Week1,Fox Mill Woods,Week1,266.0 Fox Mill Woods - 136.0 Shouse Village
Shouse Village,Week1,Pinecrest,Week3,286.0 Pinecrest - 116.0 Shouse Village
Shouse Village,Week4,Fox Mill Woods,Week2,234.0 Fox Mill Woods - 168.0 Shouse Village
Shouse Village,Week1,Bren Mar-Edsall Park,Week5,328.0 Shouse Village - 74.0 Bren Mar-Edsall Park
Sideburn Run,Week2,Burke Station,Week1,217.0 Sideburn Run - 161.0 Burke Station
Sideburn Run,Week2,Burke Station,Week3,233.0 Sideburn Run - 163.0 Burke Station
Shouse Village,Week5,Pinecrest,Week1,227.0 Pinecrest - 175.0 Shouse Village
Shouse Village,Week2,Bren Mar-Edsall Park,Week5,336.0 Shouse Village - 65.0 Bren Mar-Edsall Park
Shouse Village,Week5,Oakton ,Week2,238.0 Oakton - 164.0 Shouse Village
Sideburn Run,Week4,Broyhill Crest,Week1,356.0 Sideburn Run - 44.0 Broyhill Crest
Shouse Village,Week3,Old Keene Mill,Week5,256.0 Shouse Village - 146.0 Old Keene Mill
Rutherford,Week4,McLean,Week2,326.0 McLean - 76.0 Rutherford
Shouse Village,Week3,Fox Mill Woods,Week2,243.0 Fox Mill Woods - 159.0 Shouse Village
Sideburn Run,Week1,Burke Station,Week1,233.0 Sideburn Run - 146.0 Burke Station
Shouse Village,Week2,Fox Mill Woods,Week4,275.0 Fox Mill Woods - 127.0 Shouse Village
Shouse Village,Week1,Fox Mill Woods,Week2,248.0 Fox Mill Woods - 154.0 Shouse Village
Shouse Village,Week4,Bren Mar-Edsall Park,Week1,355.0 Shouse Village - 47.0 Bren Mar-Edsall Park
Shouse Village,Week2,Old Keene Mill,Week5,243.0 Shouse Village - 159.0 Old Keene Mill
Shouse Village,Week2,Fox Mill Woods,Week2,260.0 Fox Mill Woods - 142.0 Shouse Village
Shouse Village,Week2,Old Keene Mill,Week4,251.0 Shouse Village - 151.0 Old Keene Mill
Sideburn Run,Week2,Burke Station,Week4,265.0 Sideburn Run - 137.0 Burke Station
Shouse Village,Week4,Pinecrest,Week5,248.0 Pinecrest - 154.0 Shouse Village
Rutherford,Week2,Mosby Woods,Week5,297.0 Mosby Woods - 105.0 Rutherford
Shouse Village,Week4,Pinecrest,Week4,254.0 Pinecrest - 148.0 Shouse Village
Shouse Village,Week4,Bren Mar-Edsall Park,Week3,345.0 Shouse Village - 57.0 Bren Mar-Edsall Park
Shouse Village,Week3,Lakevale Estates,Week3,269.0 Lakevale Estates - 133.0 Shouse Village
Shouse Village,Week1,Fox Mill Woods,Week5,265.0 Fox Mill Woods - 137.0 Shouse Village
Shouse Village,Week4,Old Keene Mill,Week2,270.0 Shouse Village - 132.0 Old Keene Mill
Shouse Village,Week1,Brookfield ,Week2,202.0 Brookfield - 200.0 Shouse Village
Shouse Village,Week2,Pinecrest,Week5,277.0 Pinecrest - 125.0 Shouse Village
Shouse Village,Week4,Bren Mar-Edsall Park,Week4,341.0 Shouse Village - 61.0 Bren Mar-Edsall Park
Shouse Village,Week5,Fox Mill Estates,Week4,227.0 Shouse Village - 175.0 Fox Mill Estates
Sideburn Run,Week2,Burke Station,Week5,246.0 Sideburn Run - 156.0 Burke Station
Shouse Village,Week4,Bren Mar-Edsall Park,Week5,345.0 Shouse Village - 57.0 Bren Mar-Edsall Park
Rutherford,Week1,Mosby Woods,Week3,317.0 Mosby Woods - 85.0 Rutherford
Shouse Village,Week4,Lakevale Estates,Week4,280.0 Lakevale Estates - 122.0 Shouse Village
Shouse Village,Week5,Lakevale Estates,Week4,262.0 Lakevale Estates - 140.0 Shouse Village
Sideburn Run,Week3,Camelot,Week2,225.0 Sideburn Run - 177.0 Camelot
Shouse Village,Week4,Fox Mill Woods,Week4,250.0 Fox Mill Woods - 152.0 Shouse Village
Shouse Village,Week5,Parliament,Week1,208.0 Shouse Village - 194.0 Parliament
Shouse Village,Week1,Brookfield ,Week5,207.0 Shouse Village - 195.0 Brookfield
Rutherford,Week4,Mosby Woods,Week2,298.0 Mosby Woods - 104.0 Rutherford
Sideburn Run,Week3,Burke Station,Week2,294.0 Sideburn Run - 107.0 Burke Station
Shouse Village,Week4,Fox Mill Woods,Week1,238.0 Fox Mill Woods - 164.0 Shouse Village
Shouse Village,Week2,Brookfield ,Week5,207.0 Brookfield - 195.0 Shouse Village
Shouse Village,Week3,Lakeview,Week3,285.0 Shouse Village - 117.0 Lakeview
Sideburn Run,Week3,Camelot,Week1,250.0 Sideburn Run - 152.0 Camelot
Rutherford,Week5,McLean,Week4,319.0 McLean - 83.0 Rutherford
Shouse Village,Week1,Old Keene Mill,Week5,240.0 Shouse Village - 162.0 Old Keene Mill
Rutherford,Week3,McLean,Week3,329.0 McLean - 73.0 Rutherford
Shouse Village,Week4,Lakevale Estates,Week3,261.0 Lakevale Estates - 141.0 Shouse Village
Rutherford,Week4,McLean,Week5,330.0 McLean - 72.0 Rutherford
Shouse Village,Week3,Parliament,Week1,203.0 Parliament - 198.0 Shouse Village
Sideburn Run,Week4,Camelot,Week5,232.0 Sideburn Run - 170.0 Camelot
Shouse Village,Week1,Pinecrest,Week2,276.0 Pinecrest - 126.0 Shouse Village
Sideburn Run,Week4,Burke Station,Week2,292.0 Sideburn Run - 109.0 Burke Station
Shouse Village,Week2,Fox Mill Woods,Week5,276.0 Fox Mill Woods - 126.0 Shouse Village
Rutherford,Week1,Mosby Woods,Week1,311.0 Mosby Woods - 91.0 Rutherford
Shouse Village,Week5,Parliament,Week2,224.0 Shouse Village - 178.0 Parliament
Shouse Village,Week3,Fox Mill Woods,Week5,266.0 Fox Mill Woods - 136.0 Shouse Village
Shouse Village,Week4,Parliament,Week5,223.0 Shouse Village - 179.0 Parliament
Shouse Village,Week5,Bren Mar-Edsall Park,Week1,350.0 Shouse Village - 51.0 Bren Mar-Edsall Park
Rutherford,Week3,Mosby Woods,Week3,300.0 Mosby Woods - 102.0 Rutherford
Shouse Village,Week1,Pinecrest,Week5,284.0 Pinecrest - 118.0 Shouse Village
Shouse Village,Week4,Parliament,Week3,236.0 Shouse Village - 166.0 Parliament
Sideburn Run,Week3,Burke Station,Week5,261.0 Sideburn Run - 141.0 Burke Station
Rutherford,Week4,Mosby Woods,Week5,283.0 Mosby Woods - 119.0 Rutherford
Sideburn Run,Week4,Burke Station,Week1,254.0 Sideburn Run - 124.0 Burke Station
Shouse Village,Week4,Lakeview,Week1,312.0 Shouse Village - 90.0 Lakeview
Shouse Village,Week4,Fox Mill Woods,Week3,233.0 Fox Mill Woods - 169.0 Shouse Village
Shouse Village,Week3,Bren Mar-Edsall Park,Week1,348.0 Shouse Village - 54.0 Bren Mar-Edsall Park
Shouse Village,Week2,Brookfield ,Week3,207.0 Shouse Village - 195.0 Brookfield
Shouse Village,Week5,Bren Mar-Edsall Park,Week3,337.0 Shouse Village - 65.0 Bren Mar-Edsall Park
Shouse Village,Week1,Great Falls,Week1,231.0 Shouse Village - 171.0 Great Falls
Shouse Village,Week5,Bren Mar-Edsall Park,Week4,339.0 Shouse Village - 63.0 Bren Mar-Edsall Park
Shouse Village,Week3,Bren Mar-Edsall Park,Week3,346.0 Shouse Village - 56.0 Bren Mar-Edsall Park
Shouse Village,Week2,Bren Mar-Edsall Park,Week2,341.0 Shouse Village - 57.0 Bren Mar-Edsall Park
Shouse Village,Week5,Parliament,Week4,229.0 Shouse Village - 173.0 Parliament
Sideburn Run,Week5,Camelot,Week3,242.0 Sideburn Run - 160.0 Camelot
Rutherford,Week4,McLean,Week4,317.0 McLean - 85.0 Rutherford
Shouse Village,Week2,Pinecrest,Week4,287.0 Pinecrest - 115.0 Shouse Village
Rutherford,Week3,McLean,Week4,309.0 McLean - 93.0 Rutherford
Shouse Village,Week1,Great Falls,Week4,222.0 Shouse Village - 180.0 Great Falls
Shouse Village,Week5,Lakeview,Week2,308.0 Shouse Village - 94.0 Lakeview
Shouse Village,Week5,Fox Mill Woods,Week5,221.0 Fox Mill Woods - 181.0 Shouse Village
Rutherford,Week3,McLean,Week5,332.0 McLean - 70.0 Rutherford
Sideburn Run,Week5,Burke Station,Week3,262.0 Sideburn Run - 135.0 Burke Station
Shouse Village,Week3,Lakevale Estates,Week5,272.0 Lakevale Estates - 130.0 Shouse Village
Sideburn Run,Week1,Canterbury Woods,Week3,249.0 Sideburn Run - 153.0 Canterbury Woods
Shouse Village,Week5,Parliament,Week3,227.0 Shouse Village - 175.0 Parliament
Shouse Village,Week3,Parliament,Week3,208.0 Shouse Village - 194.0 Parliament
Sideburn Run,Week5,Burke Station,Week4,286.0 Sideburn Run - 116.0 Burke Station
Sideburn Run,Week1,Camelot,Week5,228.0 Sideburn Run - 174.0 Camelot
Rutherford,Week3,McLean,Week2,328.0 McLean - 74.0 Rutherford
Shouse Village,Week3,Parliament,Week5,211.0 Shouse Village - 190.0 Parliament
Shouse Village,Week5,Lakevale Estates,Week1,232.0 Lakevale Estates - 170.0 Shouse Village
Shouse Village,Week1,Bren Mar-Edsall Park,Week2,349.0 Shouse Village - 53.0 Bren Mar-Edsall Park
Shouse Village,Week5,Fox Mill Woods,Week1,238.0 Fox Mill Woods - 164.0 Shouse Village
Shouse Village,Week4,Lakeview,Week5,292.0 Shouse Village - 96.0 Lakeview
Shouse Village,Week3,Lakevale Estates,Week4,285.0 Lakevale Estates - 117.0 Shouse Village
Shouse Village,Week1,Great Falls,Week2,216.0 Shouse Village - 168.0 Great Falls
Shouse Village,Week2,Pinecrest,Week1,256.0 Pinecrest - 146.0 Shouse Village
Sideburn Run,Week1,Canterbury Woods,Week2,258.0 Sideburn Run - 144.0 Canterbury Woods
Shouse Village,Week1,Great Falls,Week5,217.0 Shouse Village - 185.0 Great Falls
Shouse Village,Week1,Bren Mar-Edsall Park,Week1,344.0 Shouse Village - 57.0 Bren Mar-Edsall Park
Shouse Village,Week2,Great Falls,Week2,193.0 Great Falls - 191.0 Shouse Village
Rutherford,Week4,McLean,Week3,329.0 McLean - 73.0 Rutherford
Shouse Village,Week1,Pinecrest,Week1,257.0 Pinecrest - 145.0 Shouse Village
Shouse Village,Week1,Bren Mar-Edsall Park,Week4,334.0 Shouse Village - 67.0 Bren Mar-Edsall Park
Sideburn Run,Week4,Camelot,Week1,235.5 Sideburn Run - 166.5 Camelot
Shouse Village,Week4,Lakeview,Week4,273.0 Shouse Village - 124.0 Lakeview
Sideburn Run,Week5,Burke Station,Week5,273.0 Sideburn Run - 129.0 Burke Station
Shouse Village,Week5,Bren Mar-Edsall Park,Week2,350.0 Shouse Village - 52.0 Bren Mar-Edsall Park
Rutherford,Week1,Mosby Woods,Week5,318.0 Mosby Woods - 84.0 Rutherford
Shouse Village,Week2,Great Falls,Week4,214.0 Shouse Village - 186.0 Great Falls
Shouse Village,Week3,Lakeview,Week5,284.0 Shouse Village - 109.0 Lakeview
Shouse Village,Week2,Pinecrest,Week3,286.0 Pinecrest - 116.0 Shouse Village
Shouse Village,Week3,Bren Mar-Edsall Park,Week4,336.0 Shouse Village - 66.0 Bren Mar-Edsall Park
Sideburn Run,Week4,Camelot,Week3,246.0 Sideburn Run - 156.0 Camelot
Shouse Village,Week2,Great Falls,Week3,216.0 Great Falls - 186.0 Shouse Village
Rutherford,Week5,McLean,Week3,338.0 McLean - 64.0 Rutherford
Shouse Village,Week2,Lakeview,Week2,283.0 Shouse Village - 119.0 Lakeview
Shouse Village,Week1,Lakeview,Week3,268.0 Shouse Village - 134.0 Lakeview
Rutherford,Week1,Mosby Woods,Week4,321.0 Mosby Woods - 81.0 Rutherford
Shouse Village,Week3,Pinecrest,Week1,236.0 Pinecrest - 166.0 Shouse Village
Shouse Village,Week4,Lakevale Estates,Week2,254.0 Lakevale Estates - 148.0 Shouse Village
Shouse Village,Week5,Lakevale Estates,Week2,244.0 Lakevale Estates - 158.0 Shouse Village
Shouse Village,Week3,Bren Mar-Edsall Park,Week2,353.0 Shouse Village - 49.0 Bren Mar-Edsall Park
Rutherford,Week5,McLean,Week5,346.0 McLean - 56.0 Rutherford
Shouse Village,Week5,Brandywine,Week5,202.0 Brandywine - 200.0 Shouse Village
Sideburn Run,Week5,Camelot,Week4,252.0 Sideburn Run - 150.0 Camelot
Shouse Village,Week4,Pinecrest,Week2,255.0 Pinecrest - 147.0 Shouse Village
Rutherford,Week2,Mosby Woods,Week1,314.5 Mosby Woods - 87.5 Rutherford
Shouse Village,Week5,Pinecrest,Week3,237.5 Pinecrest - 164.5 Shouse Village
Shouse Village,Week5,Lakevale Estates,Week5,258.0 Lakevale Estates - 144.0 Shouse Village
Sideburn Run,Week1,Camelot,Week1,236.0 Sideburn Run - 166.0 Camelot
Rutherford,Week5,McLean,Week1,333.0 McLean - 69.0 Rutherford
Shouse Village,Week1,Bren Mar-Edsall Park,Week3,329.0 Shouse Village - 73.0 Bren Mar-Edsall Park
Shouse Village,Week2,Pinewood Lake,Week1,354.0 Shouse Village - 41.0 Pinewood Lake
Shouse Village,Week2,Lakeview,Week5,266.0 Shouse Village - 127.0 Lakeview
Shouse Village,Week3,Pinecrest,Week5,266.0 Pinecrest - 136.0 Shouse Village
Rutherford,Week2,Mosby Woods,Week2,311.0 Mosby Woods - 91.0 Rutherford
Shouse Village,Week3,Great Falls,Week1,223.0 Shouse Village - 179.0 Great Falls
Sideburn Run,Week3,Camelot,Week5,237.0 Sideburn Run - 165.0 Camelot
Shouse Village,Week4,Great Falls,Week3,228.0 Shouse Village - 174.0 Great Falls
Shouse Village,Week3,Great Falls,Week5,202.0 Great Falls - 200.0 Shouse Village
Rutherford,Week4,McLean,Week1,321.0 McLean - 81.0 Rutherford
Shouse Village,Week3,Great Falls,Week3,211.0 Great Falls - 191.0 Shouse Village
Shouse Village,Week3,Great Falls,Week4,215.0 Shouse Village - 186.0 Great Falls
Shouse Village,Week2,Lakeview,Week4,236.0 Shouse Village - 166.0 Lakeview
Rutherford,Week5,McLean,Week2,336.0 McLean - 66.0 Rutherford
Shouse Village,Week4,Lakevale Estates,Week1,258.0 Lakevale Estates - 144.0 Shouse Village
Shouse Village,Week2,Bren Mar-Edsall Park,Week3,334.5 Shouse Village - 66.5 Bren Mar-Edsall Park
Shouse Village,Week3,Bren Mar-Edsall Park,Week5,338.0 Shouse Village - 64.0 Bren Mar-Edsall Park
Shouse Village,Week4,Pinecrest,Week1,216.5 Pinecrest - 185.5 Shouse Village
Shouse Village,Week4,Great Falls,Week2,228.0 Shouse Village - 156.0 Great Falls
Shouse Village,Week4,Bren Mar-Edsall Park,Week2,353.0 Shouse Village - 49.0 Bren Mar-Edsall Park
Shouse Village,Week2,Pinewood Lake,Week2,349.0 Shouse Village - 47.0 Pinewood Lake
Shouse Village,Week3,Pinecrest,Week4,273.0 Pinecrest - 129.0 Shouse Village
Sideburn Run,Week1,Camelot,Week3,231.0 Sideburn Run - 171.0 Camelot
Rutherford,Week2,Mosby Woods,Week4,308.0 Mosby Woods - 94.0 Rutherford
Shouse Village,Week4,Great Falls,Week5,222.5 Shouse Village - 179.5 Great Falls
Sideburn Run,Week2,Camelot,Week3,236.0 Sideburn Run - 166.0 Camelot
Shouse Village,Week5,Great Falls,Week1,248.0 Shouse Village - 153.0 Great Falls
Rutherford,Week2,Mosby Woods,Week3,308.5 Mosby Woods - 93.5 Rutherford
Shouse Village,Week4,Pinewood Lake,Week4,352.5 Shouse Village - 44.5 Pinewood Lake
Sideburn Run,Week2,Camelot,Week5,218.0 Sideburn Run - 184.0 Camelot
Shouse Village,Week2,Bren Mar-Edsall Park,Week1,350.0 Shouse Village - 51.0 Bren Mar-Edsall Park
Shouse Village,Week2,Bren Mar-Edsall Park,Week4,329.0 Shouse Village - 69.0 Bren Mar-Edsall Park
Shouse Village,Week1,Lakeview,Week2,277.0 Shouse Village - 125.0 Lakeview
Sideburn Run,Week1,Camelot,Week2,221.0 Sideburn Run - 181.0 Camelot
Shouse Village,Week2,Lakeview,Week3,268.0 Shouse Village - 134.0 Lakeview
Shouse Village,Week4,Great Falls,Week1,247.0 Shouse Village - 155.0 Great Falls
Shouse Village,Week5,Great Falls,Week3,230.0 Shouse Village - 172.0 Great Falls
Sideburn Run,Week2,Camelot,Week4,234.5 Sideburn Run - 167.5 Camelot
Shouse Village,Week2,Pinewood Lake,Week3,352.0 Shouse Village - 43.0 Pinewood Lake
Sideburn Run,Week4,Camelot,Week2,233.0 Sideburn Run - 169.0 Camelot
Shouse Village,Week1,Brookfield ,Week3,218.0 Shouse Village - 184.0 Brookfield
Shouse Village,Week5,Bren Mar-Edsall Park,Week5,335.0 Shouse Village - 66.0 Bren Mar-Edsall Park
Shouse Village,Week5,Great Falls,Week4,241.0 Shouse Village - 160.0 Great Falls
Shouse Village,Week5,Great Falls,Week2,226.0 Shouse Village - 157.0 Great Falls
Rutherford,Week3,Mosby Woods,Week1,305.0 Mosby Woods - 97.0 Rutherford
Shouse Village,Week4,Lakevale Estates,Week5,272.0 Lakevale Estates - 130.0 Shouse Village
Sideburn Run,Week3,Camelot,Week3,238.0 Sideburn Run - 164.0 Camelot
Shouse Village,Week5,Lakevale Estates,Week3,248.0 Lakevale Estates - 154.0 Shouse Village
Shouse Village,Week5,Pinecrest,Week4,243.0 Pinecrest - 159.0 Shouse Village
Shouse Village,Week1,Brookfield ,Week1,206.0 Brookfield - 196.0 Shouse Village
Shouse Village,Week4,Pinewood Lake,Week1,355.0 Shouse Village - 42.0 Pinewood Lake
Shouse Village,Week3,Lakeview,Week1,303.0 Shouse Village - 99.0 Lakeview
Sideburn Run,Week3,Camelot,Week4,248.5 Sideburn Run - 153.5 Camelot
Shouse Village,Week3,Great Falls,Week2,197.0 Shouse Village - 187.0 Great Falls
Shouse Village,Week2,Brookfield ,Week1,225.0 Brookfield - 177.0 Shouse Village
Rutherford,Week3,Mosby Woods,Week5,303.0 Mosby Woods - 99.0 Rutherford
Rutherford,Week3,Mosby Woods,Week4,300.0 Mosby Woods - 102.0 Rutherford
Rutherford,Week1,Mosby Woods,Week2,315.0 Mosby Woods - 87.0 Rutherford
Sideburn Run,Week1,Camelot,Week4,230.0 Sideburn Run - 172.0 Camelot
Rutherford,Week3,Mosby Woods,Week2,306.0 Mosby Woods - 96.0 Rutherford
Shouse Village,Week1,Lakeview,Week4,242.0 Shouse Village - 160.0 Lakeview
Shouse Village,Week1,Pleasant Valley,Week2,283.0 Shouse Village - 119.0 Pleasant Valley
Shouse Village,Week1,Lakeview,Week5,254.0 Shouse Village - 139.0 Lakeview
Shouse Village,Week1,Brookfield ,Week4,202.0 Shouse Village - 200.0 Brookfield
Shouse Village,Week2,Lakeview,Week1,280.0 Shouse Village - 122.0 Lakeview
Shouse Village,Week4,Great Falls,Week4,239.0 Shouse Village - 158.0 Great Falls
Rutherford,Week4,Mosby Woods,Week3,295.0 Mosby Woods - 107.0 Rutherford
Shouse Village,Week5,Pinewood Lake,Week2,353.0 Shouse Village - 47.0 Pinewood Lake
Shouse Village,Week5,Great Falls,Week5,232.0 Shouse Village - 168.0 Great Falls
Rutherford,Week2,Laurel Hill,Week4,204.0 Rutherford - 198.0 Laurel Hill
Shouse Village,Week3,Lakeview,Week2,305.0 Shouse Village - 97.0 Lakeview
Shouse Village,Week5,Pinewood Lake,Week4,349.0 Shouse Village - 52.0 Pinewood Lake
Shouse Village,Week1,Pinewood Lake,Week1,350.0 Shouse Village - 45.0 Pinewood Lake
Shouse Village,Week2,Pinewood Lake,Week4,342.0 Shouse Village - 55.0 Pinewood Lake
Shouse Village,Week3,Lakeview,Week4,265.0 Shouse Village - 137.0 Lakeview
Shouse Village,Week4,Brookfield ,Week3,244.0 Shouse Village - 158.0 Brookfield
Shouse Village,Week1,Broyhill Crest,Week3,328.0 Shouse Village - 73.0 Broyhill Crest
Sideburn Run,Week2,Camelot,Week2,207.0 Sideburn Run - 195.0 Camelot
Shouse Village,Week2,Brookfield ,Week4,220.0 Brookfield - 182.0 Shouse Village
Rutherford,Week4,Mosby Woods,Week4,288.0 Mosby Woods - 114.0 Rutherford
Rutherford,Week4,Mosby Woods,Week1,298.0 Mosby Woods - 104.0 Rutherford
Sideburn Run,Week5,Burke Station,Week2,297.0 Sideburn Run - 104.0 Burke Station
Rutherford,Week3,Mount Vernon Park,Week5,305.0 Mount Vernon Park - 96.0 Rutherford
Shouse Village,Week3,Pinewood Lake,Week1,365.0 Shouse Village - 36.0 Pinewood Lake
Sideburn Run,Week2,Camelot,Week1,228.0 Sideburn Run - 174.0 Camelot
Sideburn Run,Week4,Camelot,Week4,235.0 Sideburn Run - 167.0 Camelot
Shouse Village,Week2,Brookfield ,Week2,202.0 Shouse Village - 200.0 Brookfield
Shouse Village,Week1,Lakeview,Week1,283.0 Shouse Village - 118.0 Lakeview
Shouse Village,Week3,Brookfield ,Week1,212.0 Shouse Village - 190.0 Brookfield
Rutherford,Week1,Lee Graham,Week2,336.5 Lee Graham - 65.5 Rutherford
Rutherford,Week4,Mount Vernon Park,Week3,298.0 Mount Vernon Park - 104.0 Rutherford
Shouse Village,Week3,Broyhill Crest,Week1,328.0 Shouse Village - 72.0 Broyhill Crest
Rutherford,Week5,Mount Vernon Park,Week3,287.0 Mount Vernon Park - 115.0 Rutherford
Shouse Village,Week5,Pinewood Lake,Week5,347.0 Shouse Village - 54.0 Pinewood Lake
Sideburn Run,Week5,Camelot,Week5,232.0 Sideburn Run - 170.0 Camelot
Shouse Village,Week3,Pinewood Lake,Week5,349.0 Shouse Village - 53.0 Pinewood Lake
Shouse Village,Week5,Lakeview,Week1,312.0 Shouse Village - 90.0 Lakeview
Shouse Village,Week2,Broyhill Crest,Week1,320.0 Shouse Village - 76.0 Broyhill Crest
Shouse Village,Week2,Langley,Week3,276.0 Langley - 126.0 Shouse Village
Rutherford,Week4,Laurel Hill,Week1,247.0 Rutherford - 154.0 Laurel Hill
Shouse Village,Week1,Langley,Week2,257.0 Langley - 145.0 Shouse Village
Rutherford,Week1,Lake Braddock,Week2,205.0 Rutherford - 197.0 Lake Braddock
Rutherford,Week1,Lee Graham,Week4,330.0 Lee Graham - 72.0 Rutherford
Sideburn Run,Week5,Camelot,Week2,230.0 Sideburn Run - 172.0 Camelot
Shouse Village,Week4,Pinewood Lake,Week2,350.0 Shouse Village - 47.0 Pinewood Lake
Shouse Village,Week3,Brookfield ,Week3,220.0 Shouse Village - 182.0 Brookfield
Sideburn Run,Week5,Camelot,Week1,248.0 Sideburn Run - 154.0 Camelot
Rutherford,Week4,Mount Vernon Park,Week5,304.0 Mount Vernon Park - 98.0 Rutherford
Shouse Village,Week3,Pinewood Lake,Week2,350.0 Shouse Village - 51.0 Pinewood Lake
Rutherford,Week5,Mosby Woods,Week5,293.0 Mosby Woods - 109.0 Rutherford
Rutherford,Week5,Laurel Hill,Week5,210.0 Laurel Hill - 192.0 Rutherford
Shouse Village,Week2,Broyhill Crest,Week5,296.0 Shouse Village - 105.0 Broyhill Crest
Shouse Village,Week4,Lakeview,Week2,319.5 Shouse Village - 82.5 Lakeview
Rutherford,Week5,Mount Vernon Park,Week5,287.0 Mount Vernon Park - 114.0 Rutherford
Rutherford,Week1,Mount Vernon Park,Week3,329.0 Mount Vernon Park - 73.0 Rutherford
Shouse Village,Week4,Lakeview,Week3,295.0 Shouse Village - 107.0 Lakeview
Rutherford,Week2,Lee Graham,Week2,324.0 Lee Graham - 78.0 Rutherford
Shouse Village,Week2,Pinewood Lake,Week5,338.0 Shouse Village - 59.0 Pinewood Lake
Shouse Village,Week1,Pinewood Lake,Week2,347.0 Shouse Village - 49.0 Pinewood Lake
Shouse Village,Week3,Brookfield ,Week5,219.0 Shouse Village - 183.0 Brookfield
Rutherford,Week3,Lake Braddock,Week5,206.0 Rutherford - 196.0 Lake Braddock
Sideburn Run,Week1,Canterbury Woods,Week1,249.0 Sideburn Run - 153.0 Canterbury Woods
Rutherford,Week2,Lee Graham,Week1,325.0 Lee Graham - 77.0 Rutherford
Sideburn Run,Week2,Canterbury Woods,Week3,221.0 Sideburn Run - 181.0 Canterbury Woods
Shouse Village,Week2,Broyhill Crest,Week4,324.5 Shouse Village - 75.5 Broyhill Crest
Rutherford,Week4,Laurel Hill,Week2,258.0 Rutherford - 138.0 Laurel Hill
Rutherford,Week2,Mount Vernon Park,Week4,299.0 Mount Vernon Park - 103.0 Rutherford
Rutherford,Week1,Mount Vernon Park,Week1,319.0 Mount Vernon Park - 83.0 Rutherford
Rutherford,Week2,Laurel Hill,Week1,218.0 Rutherford - 183.0 Laurel Hill
Sideburn Run,Week2,Canterbury Woods,Week2,244.0 Sideburn Run - 158.0 Canterbury Woods
Sideburn Run,Week1,Cardinal Hill,Week1,260.0 Cardinal Hill - 142.0 Sideburn Run
Shouse Village,Week5,Pinewood Lake,Week1,355.0 Shouse Village - 44.0 Pinewood Lake
Shouse Village,Week2,Langley,Week5,276.0 Langley - 126.0 Shouse Village
Shouse Village,Week1,Langley,Week1,267.0 Langley - 135.0 Shouse Village
Sideburn Run,Week3,Canterbury Woods,Week3,242.0 Sideburn Run - 160.0 Canterbury Woods
Shouse Village,Week4,Langley,Week2,242.0 Langley - 160.0 Shouse Village
Shouse Village,Week3,Langley,Week3,267.0 Langley - 135.0 Shouse Village
Rutherford,Week1,Lake Braddock,Week1,219.0 Rutherford - 182.0 Lake Braddock
Sideburn Run,Week2,Cardinal Hill,Week4,255.5 Cardinal Hill - 146.5 Sideburn Run
Rutherford,Week3,Mount Vernon Park,Week4,304.0 Mount Vernon Park - 98.0 Rutherford
Rutherford,Week5,Laurel Hill,Week4,215.0 Rutherford - 187.0 Laurel Hill
Shouse Village,Week2,Langley,Week1,289.0 Langley - 113.0 Shouse Village
Shouse Village,Week5,Pinecrest,Week5,236.5 Pinecrest - 165.5 Shouse Village
Shouse Village,Week3,Brookfield ,Week2,224.0 Shouse Village - 178.0 Brookfield
Shouse Village,Week5,Brookfield ,Week4,218.0 Shouse Village - 184.0 Brookfield
Shouse Village,Week3,Langley,Week1,277.0 Langley - 125.0 Shouse Village
Rutherford,Week5,Mosby Woods,Week1,302.0 Mosby Woods - 100.0 Rutherford
Shouse Village,Week4,Langley,Week3,254.0 Langley - 148.0 Shouse Village
Rutherford,Week1,Laurel Hill,Week4,205.0 Rutherford - 197.0 Laurel Hill
Shouse Village,Week5,Pinecrest,Week2,249.0 Pinecrest - 153.0 Shouse Village
Rutherford,Week1,Laurel Hill,Week1,214.0 Rutherford - 186.0 Laurel Hill
Shouse Village,Week5,Brookfield ,Week3,235.0 Shouse Village - 167.0 Brookfield
Rutherford,Week5,Mosby Woods,Week3,304.0 Mosby Woods - 98.0 Rutherford
Rutherford,Week4,Lake Braddock,Week1,253.0 Rutherford - 148.0 Lake Braddock
Shouse Village,Week3,Pinewood Lake,Week3,362.0 Shouse Village - 39.0 Pinewood Lake
Sideburn Run,Week1,Cardinal Hill,Week5,241.0 Cardinal Hill - 161.0 Sideburn Run
Rutherford,Week5,Mosby Woods,Week2,297.0 Mosby Woods - 105.0 Rutherford
Sideburn Run,Week2,Canterbury Woods,Week5,237.0 Sideburn Run - 164.0 Canterbury Woods
Rutherford,Week4,Lake Braddock,Week2,246.0 Rutherford - 156.0 Lake Braddock
Shouse Village,Week1,Broyhill Crest,Week1,309.0 Shouse Village - 92.0 Broyhill Crest
Sideburn Run,Week2,Cardinal Hill,Week3,283.0 Cardinal Hill - 119.0 Sideburn Run
Rutherford,Week3,Laurel Hill,Week3,211.0 Rutherford - 190.0 Laurel Hill
Shouse Village,Week1,Pinewood Lake,Week5,336.0 Shouse Village - 63.0 Pinewood Lake
Rutherford,Week3,Lake Braddock,Week3,236.0 Rutherford - 166.0 Lake Braddock
Rutherford,Week4,Laurel Hill,Week3,221.0 Rutherford - 181.0 Laurel Hill
Sideburn Run,Week5,Canterbury Woods,Week1,260.0 Sideburn Run - 142.0 Canterbury Woods
Rutherford,Week1,Laurel Hill,Week2,224.0 Rutherford - 176.0 Laurel Hill
Shouse Village,Week3,Broyhill Crest,Week2,340.0 Shouse Village - 60.0 Broyhill Crest
Rutherford,Week2,Mount Vernon Park,Week3,305.0 Mount Vernon Park - 97.0 Rutherford
Rutherford,Week4,Lake Braddock,Week4,246.0 Rutherford - 156.0 Lake Braddock
Rutherford,Week5,Lake Braddock,Week1,259.0 Rutherford - 143.0 Lake Braddock
Shouse Village,Week1,Pinewood Lake,Week4,343.0 Shouse Village - 52.0 Pinewood Lake
Shouse Village,Week4,Pinewood Lake,Week3,361.0 Shouse Village - 36.0 Pinewood Lake
Shouse Village,Week4,Brookfield ,Week5,226.5 Shouse Village - 175.5 Brookfield
Rutherford,Week4,Lake Braddock,Week5,232.0 Rutherford - 170.0 Lake Braddock
Rutherford,Week1,Mount Vernon Park,Week4,331.0 Mount Vernon Park - 71.0 Rutherford
Shouse Village,Week1,Pinewood Lake,Week3,351.0 Shouse Village - 46.0 Pinewood Lake
Shouse Village,Week3,Brookfield ,Week4,208.0 Shouse Village - 194.0 Brookfield
Rutherford,Week2,Mount Vernon Park,Week5,312.0 Mount Vernon Park - 89.0 Rutherford
Shouse Village,Week3,Pinewood Lake,Week4,356.0 Shouse Village - 46.0 Pinewood Lake
Sideburn Run,Week1,Cardinal Hill,Week4,235.0 Cardinal Hill - 167.0 Sideburn Run
Shouse Village,Week4,Langley,Week5,242.0 Langley - 160.0 Shouse Village
Shouse Village,Week5,Langley,Week1,240.0 Langley - 162.0 Shouse Village
Shouse Village,Week5,Langley,Week4,240.0 Langley - 162.0 Shouse Village
Shouse Village,Week2,Broyhill Crest,Week3,334.0 Shouse Village - 67.0 Broyhill Crest
Rutherford,Week2,Laurel Hill,Week2,242.0 Rutherford - 156.0 Laurel Hill
Rutherford,Week5,Kings Ridge ,Week4,207.0 Rutherford - 195.0 Kings Ridge
Sideburn Run,Week1,Canterbury Woods,Week4,242.0 Sideburn Run - 160.0 Canterbury Woods
Rutherford,Week1,Mount Vernon Park,Week5,328.0 Mount Vernon Park - 73.0 Rutherford
Sideburn Run,Week4,Canterbury Woods,Week2,259.5 Sideburn Run - 142.5 Canterbury Woods
Shouse Village,Week5,Brookfield ,Week1,209.0 Shouse Village - 193.0 Brookfield
Rutherford,Week3,Laurel Hill,Week5,207.0 Laurel Hill - 195.0 Rutherford
Rutherford,Week2,Lake Braddock,Week3,206.0 Rutherford - 195.0 Lake Braddock
Shouse Village,Week1,Langley,Week4,292.0 Langley - 110.0 Shouse Village
Rutherford,Week3,Mount Vernon Park,Week2,306.0 Mount Vernon Park - 96.0 Rutherford
Shouse Village,Week4,Brookfield ,Week4,231.0 Shouse Village - 171.0 Brookfield
Rutherford,Week1,Lake Braddock,Week5,214.0 Lake Braddock - 188.0 Rutherford
Shouse Village,Week5,Lakeview,Week3,297.0 Shouse Village - 105.0 Lakeview
Shouse Village,Week1,Broyhill Crest,Week2,324.0 Shouse Village - 77.0 Broyhill Crest
Rutherford,Week4,Laurel Hill,Week5,201.0 Laurel Hill - 201.0 Rutherford
Sideburn Run,Week3,Canterbury Woods,Week1,247.0 Sideburn Run - 155.0 Canterbury Woods
Shouse Village,Week4,Pleasant Valley,Week1,315.0 Shouse Village - 87.0 Pleasant Valley
Shouse Village,Week5,Brookfield ,Week2,224.0 Shouse Village - 178.0 Brookfield
Sideburn Run,Week2,Canterbury Woods,Week1,240.5 Sideburn Run - 161.5 Canterbury Woods
Rutherford,Week1,Lake Braddock,Week3,209.0 Lake Braddock - 193.0 Rutherford
Shouse Village,Week1,Broyhill Crest,Week4,310.0 Shouse Village - 91.0 Broyhill Crest
Rutherford,Week3,Mount Vernon Park,Week1,303.0 Mount Vernon Park - 99.0 Rutherford
Rutherford,Week5,Laurel Hill,Week2,257.0 Rutherford - 144.0 Laurel Hill
Rutherford,Week5,Mosby Woods,Week4,285.0 Mosby Woods - 117.0 Rutherford
Rutherford,Week4,Laurel Hill,Week4,228.0 Rutherford - 174.0 Laurel Hill
Rutherford,Week4,Mount Vernon Park,Week2,298.0 Mount Vernon Park - 104.0 Rutherford
Rutherford,Week2,Lake Braddock,Week4,221.0 Rutherford - 180.0 Lake Braddock
Shouse Village,Week1,Pleasant Valley,Week1,288.0 Shouse Village - 114.0 Pleasant Valley
Sideburn Run,Week1,Canterbury Woods,Week5,255.0 Sideburn Run - 142.0 Canterbury Woods
Rutherford,Week4,Pinecrest,Week3,323.0 Pinecrest - 79.0 Rutherford
Shouse Village,Week1,Laurel Hill,Week1,268.0 Shouse Village - 133.0 Laurel Hill
Rutherford,Week1,Pinecrest,Week4,344.0 Pinecrest - 58.0 Rutherford
Rutherford,Week4,Mount Vernon Park,Week1,292.0 Mount Vernon Park - 110.0 Rutherford
Rutherford,Week5,Kings Ridge ,Week5,207.0 Rutherford - 195.0 Kings Ridge
Shouse Village,Week5,Pleasant Valley,Week4,314.0 Shouse Village - 84.0 Pleasant Valley
Shouse Village,Week5,Langley,Week5,235.0 Langley - 167.0 Shouse Village
Sideburn Run,Week2,Cardinal Hill,Week5,253.0 Cardinal Hill - 149.0 Sideburn Run
Shouse Village,Week2,Pleasant Valley,Week3,270.0 Shouse Village - 132.0 Pleasant Valley
Shouse Village,Week4,Pinewood Lake,Week5,351.0 Shouse Village - 46.0 Pinewood Lake
Rutherford,Week5,Lake Braddock,Week2,250.0 Rutherford - 152.0 Lake Braddock
Rutherford,Week3,Laurel Hill,Week2,234.0 Rutherford - 162.0 Laurel Hill
Shouse Village,Week4,Brookfield ,Week2,237.0 Shouse Village - 165.0 Brookfield
Rutherford,Week2,Laurel Hill,Week5,218.0 Laurel Hill - 184.0 Rutherford
Rutherford,Week3,Laurel Hill,Week4,227.0 Rutherford - 175.0 Laurel Hill
Shouse Village,Week5,Pinewood Lake,Week3,353.0 Shouse Village - 45.0 Pinewood Lake
Sideburn Run,Week2,Cardinal Hill,Week2,242.0 Cardinal Hill - 160.0 Sideburn Run
Shouse Village,Week4,Langley,Week4,264.0 Langley - 138.0 Shouse Village
Sideburn Run,Week1,Cardinal Hill,Week3,269.0 Cardinal Hill - 133.0 Sideburn Run
Shouse Village,Week5,Lakeview,Week4,278.0 Shouse Village - 124.0 Lakeview
Rutherford,Week5,Mount Vernon Park,Week1,281.0 Mount Vernon Park - 121.0 Rutherford
Sideburn Run,Week5,Canterbury Woods,Week2,272.0 Sideburn Run - 130.0 Canterbury Woods
Rutherford,Week3,Lake Braddock,Week4,242.0 Rutherford - 160.0 Lake Braddock
Rutherford,Week2,Pinecrest,Week4,334.0 Pinecrest - 68.0 Rutherford
Rutherford,Week1,Pinewood Lake,Week1,333.0 Rutherford - 54.0 Pinewood Lake
Rutherford,Week2,Mount Vernon Park,Week2,304.0 Mount Vernon Park - 98.0 Rutherford
Shouse Village,Week5,Langley,Week3,239.0 Langley - 163.0 Shouse Village
Shouse Village,Week2,Broyhill Crest,Week2,333.0 Shouse Village - 66.0 Broyhill Crest
Shouse Village,Week4,Pleasant Valley,Week4,326.0 Shouse Village - 75.0 Pleasant Valley
Shouse Village,Week1,Broyhill Crest,Week5,310.0 Shouse Village - 92.0 Broyhill Crest
Shouse Village,Week4,Langley,Week1,261.0 Langley - 141.0 Shouse Village
Rutherford,Week4,Pinecrest,Week1,286.0 Pinecrest - 116.0 Rutherford
Shouse Village,Week5,Brookfield ,Week5,219.0 Shouse Village - 183.0 Brookfield
Rutherford,Week3,Lake Braddock,Week2,240.0 Rutherford - 162.0 Lake Braddock
Shouse Village,Week4,Brookfield ,Week1,220.0 Shouse Village - 182.0 Brookfield
Rutherford,Week1,Pinewood Lake,Week4,318.0 Rutherford - 76.0 Pinewood Lake
Rutherford,Week2,Laurel Hill,Week3,212.0 Laurel Hill - 190.0 Rutherford
Sideburn Run,Week4,Canterbury Woods,Week1,249.0 Sideburn Run - 153.0 Canterbury Woods
Shouse Village,Week1,Langley,Week3,265.0 Langley - 137.0 Shouse Village
Rutherford,Week2,Lake Braddock,Week5,203.0 Rutherford - 198.0 Lake Braddock
Rutherford,Week2,Mount Vernon Park,Week1,305.0 Mount Vernon Park - 97.0 Rutherford
Rutherford,Week5,Laurel Hill,Week1,236.0 Rutherford - 166.0 Laurel Hill
Rutherford,Week5,Kings Ridge ,Week3,233.0 Rutherford - 169.0 Kings Ridge
Shouse Village,Week2,Pleasant Valley,Week5,288.0 Shouse Village - 112.0 Pleasant Valley
Shouse Village,Week2,Poplar Heights,Week2,242.0 Poplar Heights - 160.0 Shouse Village
Shouse Village,Week5,Langley,Week2,237.0 Langley - 165.0 Shouse Village
Rutherford,Week1,Laurel Hill,Week3,215.5 Laurel Hill - 186.5 Rutherford
Shouse Village,Week5,Pleasant Valley,Week2,316.0 Shouse Village - 85.0 Pleasant Valley
Sideburn Run,Week5,Canterbury Woods,Week3,260.0 Sideburn Run - 142.0 Canterbury Woods
Rutherford,Week3,Mount Vernon Park,Week3,307.0 Mount Vernon Park - 95.0 Rutherford
Sideburn Run,Week4,Canterbury Woods,Week3,247.0 Sideburn Run - 155.0 Canterbury Woods
Rutherford,Week5,Mount Vernon Park,Week2,291.0 Mount Vernon Park - 111.0 Rutherford
Shouse Village,Week1,Langley,Week5,255.5 Langley - 146.5 Shouse Village
Rutherford,Week3,Laurel Hill,Week1,236.0 Rutherford - 166.0 Laurel Hill
Rutherford,Week1,Laurel Hill,Week5,229.0 Laurel Hill - 173.0 Rutherford
Rutherford,Week4,Mount Vernon Park,Week4,295.0 Mount Vernon Park - 107.0 Rutherford
Rutherford,Week2,Lake Braddock,Week2,221.0 Rutherford - 180.0 Lake Braddock
Rutherford,Week5,Laurel Hill,Week3,211.0 Rutherford - 191.0 Laurel Hill
Rutherford,Week1,Lake Braddock,Week4,204.0 Rutherford - 198.0 Lake Braddock
Shouse Village,Week3,Langley,Week2,262.0 Langley - 140.0 Shouse Village
Shouse Village,Week2,Burke Station,Week1,209.0 Shouse Village - 170.0 Burke Station
Shouse Village,Week1,Pleasant Valley,Week3,271.0 Shouse Village - 130.0 Pleasant Valley
Shouse Village,Week1,Burke Station,Week3,235.0 Shouse Village - 162.0 Burke Station
Rutherford,Week1,Mount Vernon Park,Week2,322.0 Mount Vernon Park - 80.0 Rutherford
Rutherford,Week5,Pinecrest,Week2,307.0 Pinecrest - 95.0 Rutherford
Shouse Village,Week5,Lakeview,Week5,284.0 Shouse Village - 109.0 Lakeview
Shouse Village,Week4,Broyhill Crest,Week2,351.0 Shouse Village - 50.0 Broyhill Crest
Sideburn Run,Week3,Canterbury Woods,Week2,255.0 Sideburn Run - 147.0 Canterbury Woods
Sideburn Run,Week3,Canterbury Woods,Week4,230.0 Sideburn Run - 172.0 Canterbury Woods
Rutherford,Week2,Pinecrest,Week2,329.0 Pinecrest - 73.0 Rutherford
Shouse Village,Week1,Poplar Heights,Week5,241.0 Poplar Heights - 161.0 Shouse Village
Shouse Village,Week2,Pleasant Valley,Week4,296.0 Shouse Village - 101.0 Pleasant Valley
Rutherford,Week4,Lake Braddock,Week3,235.0 Rutherford - 167.0 Lake Braddock
Rutherford,Week2,Pinecrest,Week5,337.0 Pinecrest - 64.0 Rutherford
Shouse Village,Week3,Pleasant Valley,Week4,305.0 Shouse Village - 96.0 Pleasant Valley
Shouse Village,Week4,Burke Station,Week2,284.0 Shouse Village - 117.0 Burke Station
Sideburn Run,Week5,Canterbury Woods,Week4,246.0 Sideburn Run - 156.0 Canterbury Woods
Rutherford,Week2,Lake Braddock,Week1,245.0 Rutherford - 157.0 Lake Braddock
Rutherford,Week1,Pinecrest,Week3,336.0 Pinecrest - 66.0 Rutherford
Rutherford,Week1,Lee Graham,Week1,332.0 Lee Graham - 70.0 Rutherford
Rutherford,Week1,Lee Graham,Week3,337.0 Lee Graham - 65.0 Rutherford
Rutherford,Week1,Pinecrest,Week2,326.0 Pinecrest - 76.0 Rutherford
Shouse Village,Week3,Pleasant Valley,Week2,306.0 Shouse Village - 96.0 Pleasant Valley
Shouse Village,Week2,Langley,Week4,293.0 Langley - 109.0 Shouse Village
Rutherford,Week1,Pinecrest,Week1,312.0 Pinecrest - 90.0 Rutherford
Shouse Village,Week1,Pleasant Valley,Week5,290.0 Shouse Village - 106.0 Pleasant Valley
Rutherford,Week1,Newington Forest,Week5,242.0 Newington Forest - 160.0 Rutherford
Shouse Village,Week3,Langley,Week4,278.0 Langley - 124.0 Shouse Village
Shouse Village,Week2,Langley,Week2,272.0 Langley - 130.0 Shouse Village
Shouse Village,Week1,Burke Station,Week4,257.0 Shouse Village - 145.0 Burke Station
Rutherford,Week1,Pinewood Lake,Week3,334.0 Rutherford - 57.0 Pinewood Lake
Rutherford,Week1,Newington Forest,Week2,205.0 Newington Forest - 192.0 Rutherford
Rutherford,Week3,Lake Braddock,Week1,249.0 Rutherford - 153.0 Lake Braddock
Sideburn Run,Week2,Herndon,Week2,304.0 Sideburn Run - 98.0 Herndon
Sideburn Run,Week5,Canterbury Woods,Week5,261.0 Sideburn Run - 140.0 Canterbury Woods
Sideburn Run,Week4,Canterbury Woods,Week4,242.5 Sideburn Run - 159.5 Canterbury Woods
Rutherford,Week5,Newington Forest,Week4,207.0 Newington Forest - 195.0 Rutherford
Sideburn Run,Week2,Canterbury Woods,Week4,233.0 Sideburn Run - 169.0 Canterbury Woods
Shouse Village,Week3,Burke Station,Week4,269.0 Shouse Village - 133.0 Burke Station
Shouse Village,Week1,Poplar Heights,Week1,209.0 Poplar Heights - 193.0 Shouse Village
Rutherford,Week5,Kings Ridge ,Week2,239.0 Rutherford - 163.0 Kings Ridge
Rutherford,Week1,North Springfield,Week2,233.0 Rutherford - 154.0 North Springfield
Rutherford,Week5,Mount Vernon Park,Week4,283.0 Mount Vernon Park - 119.0 Rutherford
Shouse Village,Week4,Burke Station,Week4,278.0 Shouse Village - 124.0 Burke Station
Rutherford,Week5,Pinecrest,Week4,325.0 Pinecrest - 77.0 Rutherford
Rutherford,Week3,Lee Graham,Week1,308.0 Lee Graham - 94.0 Rutherford
Shouse Village,Week3,Langley,Week5,260.5 Langley - 141.5 Shouse Village
Rutherford,Week2,Pinewood Lake,Week2,335.0 Rutherford - 61.0 Pinewood Lake
Rutherford,Week2,Newington Forest,Week1,232.0 Rutherford - 166.0 Newington Forest
Sideburn Run,Week4,Canterbury Woods,Week5,247.0 Sideburn Run - 154.0 Canterbury Woods
Sideburn Run,Week1,Herndon,Week1,309.0 Sideburn Run - 92.0 Herndon
Shouse Village,Week4,Laurel Hill,Week3,280.0 Shouse Village - 122.0 Laurel Hill
Rutherford,Week2,Lee Graham,Week4,321.0 Lee Graham - 81.0 Rutherford
Shouse Village,Week5,Burke Station,Week1,226.0 Shouse Village - 153.0 Burke Station
Shouse Village,Week1,Poplar Heights,Week3,233.0 Poplar Heights - 169.0 Shouse Village
Rutherford,Week1,Lee Graham,Week5,329.0 Lee Graham - 73.0 Rutherford
Sideburn Run,Week3,Canterbury Woods,Week5,242.0 Sideburn Run - 159.0 Canterbury Woods
Rutherford,Week3,Lee Graham,Week4,311.0 Lee Graham - 91.0 Rutherford
Shouse Village,Week5,Pleasant Valley,Week1,320.0 Shouse Village - 81.0 Pleasant Valley
Shouse Village,Week2,Laurel Hill,Week2,276.0 Shouse Village - 122.0 Laurel Hill
Shouse Village,Week3,Broyhill Crest,Week3,345.0 Shouse Village - 56.0 Broyhill Crest
Shouse Village,Week3,Laurel Hill,Week2,284.0 Shouse Village - 118.0 Laurel Hill
Sideburn Run,Week4,Cardinal Hill,Week4,259.0 Cardinal Hill - 143.0 Sideburn Run
Rutherford,Week4,Newington Forest,Week3,224.0 Rutherford - 178.0 Newington Forest
Sideburn Run,Week2,Cardinal Hill,Week1,258.0 Cardinal Hill - 144.0 Sideburn Run
Rutherford,Week3,Pinecrest,Week1,297.0 Pinecrest - 105.0 Rutherford
Rutherford,Week5,Newington Forest,Week5,214.0 Newington Forest - 188.0 Rutherford
Sideburn Run,Week4,Cardinal Hill,Week1,249.0 Cardinal Hill - 153.0 Sideburn Run
Shouse Village,Week4,Pleasant Valley,Week5,307.5 Shouse Village - 93.5 Pleasant Valley
Rutherford,Week4,Lee Graham,Week2,321.0 Lee Graham - 81.0 Rutherford
Rutherford,Week5,Lee Graham,Week4,324.0 Lee Graham - 78.0 Rutherford
Sideburn Run,Week1,Cardinal Hill,Week2,223.0 Cardinal Hill - 179.0 Sideburn Run
Shouse Village,Week4,Laurel Hill,Week5,252.0 Shouse Village - 150.0 Laurel Hill
Shouse Village,Week2,Poplar Heights,Week5,244.0 Poplar Heights - 158.0 Shouse Village
Shouse Village,Week5,Laurel Hill,Week1,284.0 Shouse Village - 118.0 Laurel Hill
Sideburn Run,Week1,Herndon,Week5,323.0 Sideburn Run - 79.0 Herndon
Shouse Village,Week2,Poplar Heights,Week4,242.0 Poplar Heights - 160.0 Shouse Village
Shouse Village,Week5,Broyhill Crest,Week1,346.0 Shouse Village - 51.0 Broyhill Crest
Rutherford,Week5,Lee Graham,Week3,331.0 Lee Graham - 71.0 Rutherford
Rutherford,Week4,Lee Graham,Week4,301.0 Lee Graham - 101.0 Rutherford
Rutherford,Week2,Newington Forest,Week4,223.0 Newington Forest - 179.0 Rutherford
Shouse Village,Week4,Broyhill Crest,Week5,328.0 Shouse Village - 69.0 Broyhill Crest
Shouse Village,Week3,Broyhill Crest,Week5,318.0 Shouse Village - 84.0 Broyhill Crest
Rutherford,Week3,Pinecrest,Week2,316.0 Pinecrest - 86.0 Rutherford
Shouse Village,Week1,Lee Graham,Week4,295.0 Lee Graham - 107.0 Shouse Village
Sideburn Run,Week2,Hayfield Farm,Week4,211.0 Hayfield Farm - 191.0 Sideburn Run
Rutherford,Week2,Pinecrest,Week1,317.0 Pinecrest - 85.0 Rutherford
Rutherford,Week3,Pinecrest,Week4,332.0 Pinecrest - 70.0 Rutherford
Sideburn Run,Week3,Hayfield Farm,Week3,215.0 Hayfield Farm - 187.0 Sideburn Run
Rutherford,Week2,Newington Forest,Week3,203.0 Rutherford - 199.0 Newington Forest
Sideburn Run,Week3,Chesterbrook,Week4,341.0 Chesterbrook - 61.0 Sideburn Run
Shouse Village,Week3,Pleasant Valley,Week1,304.0 Shouse Village - 98.0 Pleasant Valley
Rutherford,Week4,Newington Forest,Week2,234.0 Rutherford - 167.0 Newington Forest
Shouse Village,Week1,Burke Station,Week1,221.0 Shouse Village - 158.0 Burke Station
Sideburn Run,Week1,Chesterbrook,Week3,349.0 Chesterbrook - 53.0 Sideburn Run
Shouse Village,Week3,Laurel Hill,Week3,262.0 Shouse Village - 140.0 Laurel Hill
Rutherford,Week4,Newington Forest,Week4,204.0 Newington Forest - 198.0 Rutherford
Rutherford,Week4,Lee Graham,Week5,328.0 Lee Graham - 74.0 Rutherford
Rutherford,Week3,Lee Graham,Week3,319.0 Lee Graham - 83.0 Rutherford
Rutherford,Week4,Pinecrest,Week5,310.0 Pinecrest - 92.0 Rutherford
Shouse Village,Week5,Broyhill Crest,Week3,343.0 Shouse Village - 55.0 Broyhill Crest
Shouse Village,Week1,Burke Station,Week5,237.0 Shouse Village - 165.0 Burke Station
Rutherford,Week3,Pinecrest,Week3,325.0 Pinecrest - 77.0 Rutherford
Sideburn Run,Week3,Cardinal Hill,Week5,245.0 Cardinal Hill - 157.0 Sideburn Run
Sideburn Run,Week3,Hayfield Farm,Week2,214.0 Sideburn Run - 188.0 Hayfield Farm
Shouse Village,Week3,Pleasant Valley,Week5,293.0 Shouse Village - 107.0 Pleasant Valley
Rutherford,Week5,Lee Graham,Week5,327.0 Lee Graham - 75.0 Rutherford
Shouse Village,Week2,Pleasant Valley,Week2,299.0 Shouse Village - 103.0 Pleasant Valley
Shouse Village,Week2,Lee Graham,Week2,301.0 Lee Graham - 101.0 Shouse Village
Rutherford,Week4,Pinecrest,Week4,324.0 Pinecrest - 78.0 Rutherford
Rutherford,Week5,Newington Forest,Week3,217.0 Rutherford - 185.0 Newington Forest
Shouse Village,Week2,Lee Graham,Week5,304.0 Lee Graham - 98.0 Shouse Village
Sideburn Run,Week3,Hayfield Farm,Week5,214.0 Sideburn Run - 188.0 Hayfield Farm
Sideburn Run,Week4,Hayfield Farm,Week5,212.0 Sideburn Run - 190.0 Hayfield Farm
Rutherford,Week5,Pinecrest,Week1,292.0 Pinecrest - 110.0 Rutherford
Rutherford,Week3,Newington Forest,Week2,221.0 Rutherford - 177.0 Newington Forest
Sideburn Run,Week2,Chesterbrook,Week1,340.0 Chesterbrook - 62.0 Sideburn Run
Shouse Village,Week4,Broyhill Crest,Week4,343.0 Shouse Village - 58.0 Broyhill Crest
Sideburn Run,Week5,Hayfield Farm,Week4,226.0 Sideburn Run - 176.0 Hayfield Farm
Rutherford,Week5,Pinecrest,Week3,314.5 Pinecrest - 87.5 Rutherford
Shouse Village,Week5,Laurel Hill,Week2,298.0 Shouse Village - 104.0 Laurel Hill
Sideburn Run,Week2,Hayfield Farm,Week5,213.0 Hayfield Farm - 189.0 Sideburn Run
Shouse Village,Week4,Pleasant Valley,Week3,293.0 Shouse Village - 108.0 Pleasant Valley
Shouse Village,Week4,Pleasant Valley,Week2,317.5 Shouse Village - 83.5 Pleasant Valley
Rutherford,Week3,Newington Forest,Week3,214.0 Rutherford - 188.0 Newington Forest
Sideburn Run,Week5,Herndon,Week1,324.0 Sideburn Run - 78.0 Herndon
Rutherford,Week1,Lincolnia Park,Week1,256.0 Rutherford - 141.0 Lincolnia Park
Rutherford,Week3,Lee Graham,Week5,310.0 Lee Graham - 92.0 Rutherford
Rutherford,Week3,Pinecrest,Week5,322.0 Pinecrest - 79.0 Rutherford
Sideburn Run,Week5,Hayfield Farm,Week3,208.0 Hayfield Farm - 194.0 Sideburn Run
Shouse Village,Week5,Pleasant Valley,Week3,296.0 Shouse Village - 105.0 Pleasant Valley
Rutherford,Week4,Lee Graham,Week3,320.0 Lee Graham - 82.0 Rutherford
Shouse Village,Week5,Laurel Hill,Week3,274.0 Shouse Village - 128.0 Laurel Hill
Shouse Village,Week1,Pleasant Valley,Week4,292.0 Shouse Village - 108.0 Pleasant Valley
Sideburn Run,Week3,Cardinal Hill,Week1,253.0 Cardinal Hill - 149.0 Sideburn Run
Rutherford,Week2,Newington Forest,Week5,228.0 Newington Forest - 174.0 Rutherford
Sideburn Run,Week5,Cardinal Hill,Week5,230.0 Cardinal Hill - 172.0 Sideburn Run
Shouse Village,Week4,Broyhill Crest,Week3,343.5 Shouse Village - 57.5 Broyhill Crest
Shouse Village,Week2,Burke Station,Week3,231.0 Shouse Village - 165.0 Burke Station
Rutherford,Week3,Newington Forest,Week1,233.0 Rutherford - 165.0 Newington Forest
Shouse Village,Week3,Lee Graham,Week2,275.0 Lee Graham - 127.0 Shouse Village
Rutherford,Week1,Rolling Forest,Week2,256.0 Rolling Forest - 146.0 Rutherford
Sideburn Run,Week1,Herndon,Week3,311.0 Sideburn Run - 91.0 Herndon
Rutherford,Week2,Lee Graham,Week5,328.0 Lee Graham - 74.0 Rutherford
Shouse Village,Week1,Burke Station,Week2,254.0 Shouse Village - 148.0 Burke Station
Sideburn Run,Week4,Cardinal Hill,Week3,270.0 Cardinal Hill - 132.0 Sideburn Run
Shouse Village,Week2,Pleasant Valley,Week1,292.0 Shouse Village - 110.0 Pleasant Valley
Rutherford,Week2,Pinecrest,Week3,332.0 Pinecrest - 70.0 Rutherford
Sideburn Run,Week2,Chesterbrook,Week4,353.0 Chesterbrook - 49.0 Sideburn Run
Rutherford,Week4,Pinecrest,Week2,318.0 Pinecrest - 84.0 Rutherford
Shouse Village,Week1,Laurel Hill,Week4,252.0 Shouse Village - 150.0 Laurel Hill
Rutherford,Week5,Lee Graham,Week1,321.0 Lee Graham - 81.0 Rutherford
Rutherford,Week1,Lincolnia Park,Week2,243.0 Rutherford - 148.0 Lincolnia Park
Sideburn Run,Week5,Cardinal Hill,Week4,237.0 Cardinal Hill - 165.0 Sideburn Run
Shouse Village,Week5,Broyhill Crest,Week5,329.0 Shouse Village - 72.0 Broyhill Crest
Rutherford,Week2,Newington Forest,Week2,216.0 Rutherford - 182.0 Newington Forest
Shouse Village,Week5,Laurel Hill,Week5,256.0 Shouse Village - 145.0 Laurel Hill
Shouse Village,Week3,Pleasant Valley,Week3,279.0 Shouse Village - 123.0 Pleasant Valley
Rutherford,Week1,Newington Forest,Week3,219.0 Newington Forest - 182.0 Rutherford
Shouse Village,Week5,Broyhill Crest,Week2,350.5 Shouse Village - 46.5 Broyhill Crest
Sideburn Run,Week5,Hayfield Farm,Week5,214.0 Sideburn Run - 188.0 Hayfield Farm
Shouse Village,Week2,Laurel Hill,Week4,267.0 Shouse Village - 135.0 Laurel Hill
Rutherford,Week1,Pinecrest,Week5,339.0 Pinecrest - 62.0 Rutherford
Rutherford,Week4,Lee Graham,Week1,312.0 Lee Graham - 90.0 Rutherford
Shouse Village,Week5,Pleasant Valley,Week5,311.0 Shouse Village - 86.0 Pleasant Valley
Shouse Village,Week3,Broyhill Crest,Week4,341.0 Shouse Village - 60.0 Broyhill Crest
Rutherford,Week3,Newington Forest,Week4,206.0 Newington Forest - 196.0 Rutherford
Rutherford,Week4,Rolling Forest,Week1,238.0 Rolling Forest - 164.0 Rutherford
Sideburn Run,Week4,Hayfield Farm,Week1,230.0 Sideburn Run - 172.0 Hayfield Farm
Rutherford,Week3,Newington Forest,Week5,202.0 Newington Forest - 195.0 Rutherford
Rutherford,Week5,Pinecrest,Week5,315.0 Pinecrest - 86.0 Rutherford
Shouse Village,Week3,Laurel Hill,Week5,240.0 Shouse Village - 162.0 Laurel Hill
Shouse Village,Week5,Laurel Hill,Week4,288.0 Shouse Village - 113.0 Laurel Hill
Rutherford,Week4,Newington Forest,Week1,242.0 Rutherford - 159.0 Newington Forest
Sideburn Run,Week4,Cardinal Hill,Week5,247.0 Cardinal Hill - 155.0 Sideburn Run
Sideburn Run,Week3,Cardinal Hill,Week3,271.0 Cardinal Hill - 131.0 Sideburn Run
Sideburn Run,Week5,Hayfield Farm,Week1,240.0 Sideburn Run - 162.0 Hayfield Farm
Shouse Village,Week5,Broyhill Crest,Week4,340.0 Shouse Village - 58.0 Broyhill Crest
Shouse Village,Week2,Poplar Heights,Week1,233.0 Poplar Heights - 169.0 Shouse Village
Shouse Village,Week1,Lee Graham,Week1,275.0 Lee Graham - 127.0 Shouse Village
Shouse Village,Week1,Poplar Heights,Week2,216.0 Poplar Heights - 186.0 Shouse Village
Rutherford,Week2,Lee Graham,Week3,333.0 Lee Graham - 69.0 Rutherford
Rutherford,Week1,Rolling Forest,Week3,288.0 Rolling Forest - 114.0 Rutherford
Rutherford,Week1,Pinewood Lake,Week5,310.0 Rutherford - 84.0 Pinewood Lake
Rutherford,Week1,Lincolnia Park,Week3,201.5 Rutherford - 186.5 Lincolnia Park
Shouse Village,Week2,Burke Station,Week4,258.0 Shouse Village - 143.0 Burke Station
Sideburn Run,Week3,Cardinal Hill,Week2,229.0 Cardinal Hill - 173.0 Sideburn Run
Rutherford,Week1,Pinewood Lake,Week2,327.0 Rutherford - 65.0 Pinewood Lake
Sideburn Run,Week1,Herndon,Week4,315.0 Sideburn Run - 87.0 Herndon
Rutherford,Week5,Rolling Forest,Week5,253.0 Rolling Forest - 149.0 Rutherford
Rutherford,Week5,Lee Graham,Week2,319.0 Lee Graham - 83.0 Rutherford
Shouse Village,Week1,Poplar Heights,Week4,228.0 Poplar Heights - 174.0 Shouse Village
Rutherford,Week5,Pinewood Lake,Week5,328.0 Rutherford - 71.0 Pinewood Lake
Sideburn Run,Week3,Hayfield Farm,Week1,222.0 Sideburn Run - 180.0 Hayfield Farm
Shouse Village,Week2,Burke Station,Week5,233.0 Shouse Village - 169.0 Burke Station
Rutherford,Week3,Lee Graham,Week2,316.0 Lee Graham - 86.0 Rutherford
Shouse Village,Week4,Broyhill Crest,Week1,336.0 Shouse Village - 64.0 Broyhill Crest
Rutherford,Week1,Rolling Hills,Week2,244.0 Rolling Hills - 158.0 Rutherford
Shouse Village,Week1,Laurel Hill,Week3,243.0 Shouse Village - 159.0 Laurel Hill
Shouse Village,Week2,Burke Station,Week2,258.0 Shouse Village - 143.0 Burke Station
Sideburn Run,Week5,Cardinal Hill,Week3,260.0 Cardinal Hill - 142.0 Sideburn Run
Shouse Village,Week2,Poplar Heights,Week3,244.0 Poplar Heights - 158.0 Shouse Village
Sideburn Run,Week4,Hayfield Farm,Week2,212.5 Sideburn Run - 189.5 Hayfield Farm
Rutherford,Week3,Rolling Forest,Week2,237.0 Rolling Forest - 165.0 Rutherford
Sideburn Run,Week5,Hayfield Farm,Week2,223.0 Sideburn Run - 179.0 Hayfield Farm
Shouse Village,Week2,Laurel Hill,Week1,264.0 Shouse Village - 137.0 Laurel Hill
Rutherford,Week4,Newington Forest,Week5,201.0 Rutherford - 196.0 Newington Forest
Sideburn Run,Week5,Cardinal Hill,Week1,248.0 Cardinal Hill - 154.0 Sideburn Run
Rutherford,Week2,Pinewood Lake,Week1,342.0 Rutherford - 54.0 Pinewood Lake
Rutherford,Week5,Newington Forest,Week1,243.0 Rutherford - 155.0 Newington Forest
Rutherford,Week4,Rolling Forest,Week3,246.0 Rolling Forest - 156.0 Rutherford
Sideburn Run,Week1,Chesterbrook,Week4,335.0 Chesterbrook - 67.0 Sideburn Run
Shouse Village,Week2,Poplar Tree,Week1,252.0 Poplar Tree - 150.0 Shouse Village
Rutherford,Week5,Newington Forest,Week2,231.0 Rutherford - 167.0 Newington Forest
Shouse Village,Week1,Laurel Hill,Week5,231.0 Shouse Village - 171.0 Laurel Hill
Shouse Village,Week1,Poplar Tree,Week3,247.0 Poplar Tree - 155.0 Shouse Village
Shouse Village,Week4,Laurel Hill,Week1,286.0 Shouse Village - 115.0 Laurel Hill
Shouse Village,Week3,Burke Station,Week1,222.0 Shouse Village - 157.0 Burke Station
Shouse Village,Week3,Laurel Hill,Week4,276.0 Shouse Village - 126.0 Laurel Hill
Sideburn Run,Week2,Herndon,Week3,307.0 Sideburn Run - 95.0 Herndon
Shouse Village,Week4,Poplar Heights,Week1,212.0 Shouse Village - 190.0 Poplar Heights
Sideburn Run,Week2,Herndon,Week1,301.0 Sideburn Run - 101.0 Herndon
Rutherford,Week1,North Springfield,Week5,217.0 Rutherford - 151.0 North Springfield
Sideburn Run,Week3,Herndon,Week1,313.0 Sideburn Run - 89.0 Herndon
Rutherford,Week1,North Springfield,Week3,227.0 Rutherford - 168.0 North Springfield
Sideburn Run,Week1,Chesterbrook,Week5,337.0 Chesterbrook - 65.0 Sideburn Run
Rutherford,Week3,Pinewood Lake,Week3,344.0 Rutherford - 50.0 Pinewood Lake
Rutherford,Week4,Pinewood Lake,Week2,336.0 Rutherford - 58.0 Pinewood Lake
Shouse Village,Week3,Burke Station,Week2,278.0 Shouse Village - 124.0 Burke Station
Shouse Village,Week5,Poplar Heights,Week5,203.0 Poplar Heights - 199.0 Shouse Village
Rutherford,Week1,North Springfield,Week1,246.0 Rutherford - 101.0 North Springfield
Rutherford,Week2,Pleasant Valley,Week1,247.0 Rutherford - 151.0 Pleasant Valley
Shouse Village,Week1,Poplar Tree,Week1,250.0 Poplar Tree - 152.0 Shouse Village
Sideburn Run,Week2,Chesterbrook,Week5,356.0 Chesterbrook - 46.0 Sideburn Run
Sideburn Run,Week4,Hayfield Farm,Week3,220.0 Hayfield Farm - 182.0 Sideburn Run
Rutherford,Week1,Newington Forest,Week1,207.0 Rutherford - 190.0 Newington Forest
Sideburn Run,Week3,Cardinal Hill,Week4,242.0 Cardinal Hill - 160.0 Sideburn Run
Shouse Village,Week4,Poplar Heights,Week2,205.0 Shouse Village - 197.0 Poplar Heights
Sideburn Run,Week1,Chesterbrook,Week1,328.5 Chesterbrook - 73.5 Sideburn Run
Shouse Village,Week4,Burke Station,Week3,254.0 Shouse Village - 143.0 Burke Station
Rutherford,Week2,North Springfield,Week2,238.0 Rutherford - 150.0 North Springfield
Rutherford,Week1,Rolling Forest,Week4,280.0 Rolling Forest - 122.0 Rutherford
Rutherford,Week1,Newington Forest,Week4,229.0 Newington Forest - 173.0 Rutherford
Shouse Village,Week3,Burke Station,Week5,239.0 Shouse Village - 163.0 Burke Station
Shouse Village,Week4,Poplar Heights,Week5,204.0 Poplar Heights - 198.0 Shouse Village
Rutherford,Week1,Rolling Forest,Week5,272.0 Rolling Forest - 130.0 Rutherford
Sideburn Run,Week4,Hayfield Farm,Week4,214.0 Sideburn Run - 188.0 Hayfield Farm
Rutherford,Week5,Pinewood Lake,Week2,343.0 Rutherford - 55.0 Pinewood Lake
Sideburn Run,Week2,Chesterbrook,Week2,339.0 Chesterbrook - 63.0 Sideburn Run
Sideburn Run,Week1,Herndon,Week2,313.0 Sideburn Run - 89.0 Herndon
Rutherford,Week5,Pinewood Lake,Week1,349.0 Rutherford - 43.0 Pinewood Lake
Sideburn Run,Week4,Cardinal Hill,Week2,238.0 Cardinal Hill - 164.0 Sideburn Run
Rutherford,Week1,Pleasant Valley,Week3,216.0 Rutherford - 185.0 Pleasant Valley
Rutherford,Week2,Rolling Forest,Week2,258.0 Rolling Forest - 144.0 Rutherford
Shouse Village,Week2,Laurel Hill,Week5,236.0 Shouse Village - 166.0 Laurel Hill
Rutherford,Week4,Rolling Forest,Week5,239.0 Rolling Forest - 163.0 Rutherford
Shouse Village,Week4,Burke Station,Week1,230.0 Shouse Village - 148.0 Burke Station
Shouse Village,Week3,Laurel Hill,Week1,276.0 Shouse Village - 126.0 Laurel Hill
Shouse Village,Week1,Laurel Hill,Week2,279.0 Shouse Village - 123.0 Laurel Hill
Rutherford,Week5,Rolling Forest,Week2,239.0 Rolling Forest - 163.0 Rutherford
Shouse Village,Week3,Burke Station,Week3,238.0 Shouse Village - 158.0 Burke Station
Sideburn Run,Week3,Herndon,Week2,318.0 Sideburn Run - 84.0 Herndon
Shouse Village,Week3,Poplar Heights,Week1,205.0 Poplar Heights - 197.0 Shouse Village
Rutherford,Week2,North Springfield,Week4,248.0 Rutherford - 143.0 North Springfield
Shouse Village,Week4,Laurel Hill,Week4,283.0 Shouse Village - 119.0 Laurel Hill
Shouse Village,Week4,Burke Station,Week5,258.0 Shouse Village - 144.0 Burke Station
Rutherford,Week3,Pinewood Lake,Week4,332.0 Rutherford - 63.0 Pinewood Lake
Shouse Village,Week2,Laurel Hill,Week3,236.0 Shouse Village - 166.0 Laurel Hill
Sideburn Run,Week3,Chesterbrook,Week1,340.0 Chesterbrook - 62.0 Sideburn Run
Rutherford,Week2,Rolling Forest,Week3,294.0 Rolling Forest - 108.0 Rutherford
Shouse Village,Week4,Laurel Hill,Week2,298.0 Shouse Village - 104.0 Laurel Hill
Rutherford,Week2,North Springfield,Week3,241.0 Rutherford - 156.0 North Springfield
Sideburn Run,Week1,Chesterbrook,Week2,327.0 Chesterbrook - 75.0 Sideburn Run
Sideburn Run,Week3,Hayfield Farm,Week4,206.0 Hayfield Farm - 196.0 Sideburn Run
Rutherford,Week5,Riverside Gardens,Week2,283.0 Riverside Gardens - 119.0 Rutherford
Rutherford,Week3,Pleasant Valley,Week3,224.0 Rutherford - 178.0 Pleasant Valley
Shouse Village,Week5,Camelot,Week2,231.0 Shouse Village - 171.0 Camelot
Shouse Village,Week5,Poplar Heights,Week2,201.0 Poplar Heights - 201.0 Shouse Village
Sideburn Run,Week3,Herndon,Week3,326.0 Sideburn Run - 76.0 Herndon
Shouse Village,Week2,Camelot,Week4,216.0 Shouse Village - 186.0 Camelot
Rutherford,Week2,Pinewood Lake,Week3,338.0 Rutherford - 58.0 Pinewood Lake
Shouse Village,Week1,Lee Graham,Week2,281.0 Lee Graham - 121.0 Shouse Village
Rutherford,Week2,Rolling Forest,Week1,279.0 Rolling Forest - 123.0 Rutherford
Shouse Village,Week4,Poplar Tree,Week3,220.0 Poplar Tree - 182.0 Shouse Village
Sideburn Run,Week5,Cardinal Hill,Week2,238.0 Cardinal Hill - 164.0 Sideburn Run
Rutherford,Week2,North Springfield,Week5,232.0 Rutherford - 142.0 North Springfield
Rutherford,Week3,Pinewood Lake,Week1,343.0 Rutherford - 48.0 Pinewood Lake
Shouse Village,Week5,Camelot,Week4,242.0 Shouse Village - 160.0 Camelot
Sideburn Run,Week3,Herndon,Week4,325.5 Sideburn Run - 76.5 Herndon
Rutherford,Week3,Rolling Forest,Week1,247.0 Rolling Forest - 155.0 Rutherford
Shouse Village,Week1,Lee Graham,Week5,285.0 Lee Graham - 117.0 Shouse Village
Sideburn Run,Week2,Chesterbrook,Week3,356.0 Chesterbrook - 46.0 Sideburn Run
Sideburn Run,Week3,Chesterbrook,Week2,331.5 Chesterbrook - 70.5 Sideburn Run
Sideburn Run,Week3,Herndon,Week5,335.0 Sideburn Run - 67.0 Herndon
Shouse Village,Week3,Poplar Tree,Week4,212.0 Poplar Tree - 190.0 Shouse Village
Shouse Village,Week3,Camelot,Week3,223.0 Shouse Village - 179.0 Camelot
Shouse Village,Week5,Poplar Tree,Week3,208.0 Poplar Tree - 194.0 Shouse Village
Shouse Village,Week2,Camelot,Week2,211.0 Shouse Village - 191.0 Camelot
Shouse Village,Week1,Lee Graham,Week3,280.0 Lee Graham - 122.0 Shouse Village
Rutherford,Week3,Pleasant Valley,Week4,265.0 Rutherford - 132.0 Pleasant Valley
Rutherford,Week3,North Springfield,Week5,229.0 Rutherford - 145.0 North Springfield
Shouse Village,Week5,Poplar Heights,Week1,222.0 Shouse Village - 180.0 Poplar Heights
Rutherford,Week3,Rolling Forest,Week3,262.0 Rolling Forest - 140.0 Rutherford
Shouse Village,Week1,Camelot,Week1,221.0 Shouse Village - 181.0 Camelot
Sideburn Run,Week4,Herndon,Week1,310.0 Sideburn Run - 92.0 Herndon
Rutherford,Week2,Pinewood Lake,Week4,333.0 Rutherford - 62.0 Pinewood Lake
Rutherford,Week3,North Springfield,Week4,262.0 Rutherford - 130.0 North Springfield
Rutherford,Week5,Rolling Forest,Week1,261.5 Rolling Forest - 140.5 Rutherford
Sideburn Run,Week3,Chesterbrook,Week3,347.0 Chesterbrook - 55.0 Sideburn Run
Rutherford,Week4,Rolling Forest,Week2,213.0 Rolling Forest - 189.0 Rutherford
Shouse Village,Week2,Lee Graham,Week1,287.0 Lee Graham - 115.0 Shouse Village
Sideburn Run,Week4,Herndon,Week3,316.0 Sideburn Run - 86.0 Herndon
Rutherford,Week3,North Springfield,Week3,238.0 Rutherford - 157.0 North Springfield
Rutherford,Week4,Pinewood Lake,Week4,336.0 Rutherford - 61.0 Pinewood Lake
Shouse Village,Week2,Lee Graham,Week4,287.0 Lee Graham - 115.0 Shouse Village
Rutherford,Week3,North Springfield,Week2,247.0 Rutherford - 141.0 North Springfield
Shouse Village,Week3,Lincolnia Park,Week3,281.0 Shouse Village - 111.0 Lincolnia Park
Sideburn Run,Week4,Commonwealth,Week5,229.0 Sideburn Run - 173.0 Commonwealth
Rutherford,Week2,North Springfield,Week1,255.0 Rutherford - 94.0 North Springfield
Rutherford,Week5,Pinewood Lake,Week4,330.0 Rutherford - 67.0 Pinewood Lake
Shouse Village,Week4,Camelot,Week1,224.0 Shouse Village - 178.0 Camelot
Rutherford,Week5,Pinewood Lake,Week3,341.0 Rutherford - 57.0 Pinewood Lake
Sideburn Run,Week2,Herndon,Week4,303.0 Sideburn Run - 99.0 Herndon
Rutherford,Week1,Rolling Forest,Week1,280.0 Rolling Forest - 122.0 Rutherford
Shouse Village,Week1,Canterbury Woods,Week1,236.0 Shouse Village - 166.0 Canterbury Woods
Sideburn Run,Week4,Herndon,Week2,316.0 Sideburn Run - 86.0 Herndon
Sideburn Run,Week2,Commonwealth,Week5,226.0 Sideburn Run - 176.0 Commonwealth
Shouse Village,Week3,Poplar Heights,Week4,224.0 Poplar Heights - 178.0 Shouse Village
Shouse Village,Week3,Lee Graham,Week1,270.0 Lee Graham - 132.0 Shouse Village
Shouse Village,Week5,Burke Station,Week2,278.0 Shouse Village - 123.0 Burke Station
Sideburn Run,Week2,Herndon,Week5,309.0 Sideburn Run - 93.0 Herndon
Shouse Village,Week3,Poplar Heights,Week5,228.0 Poplar Heights - 174.0 Shouse Village
Sideburn Run,Week4,Herndon,Week5,322.0 Sideburn Run - 80.0 Herndon
Shouse Village,Week3,Camelot,Week2,211.0 Shouse Village - 191.0 Camelot
Rutherford,Week4,North Springfield,Week1,264.0 Rutherford - 86.0 North Springfield
Shouse Village,Week1,Lincolnia Park,Week5,256.0 Shouse Village - 136.0 Lincolnia Park
Sideburn Run,Week3,Commonwealth,Week4,257.0 Sideburn Run - 145.0 Commonwealth
Shouse Village,Week5,Poplar Heights,Week4,204.0 Shouse Village - 198.0 Poplar Heights
Sideburn Run,Week4,Commonwealth,Week3,235.0 Sideburn Run - 167.0 Commonwealth
Rutherford,Week4,Pinewood Lake,Week3,342.0 Rutherford - 51.0 Pinewood Lake
Rutherford,Week4,Rolling Forest,Week4,230.0 Rolling Forest - 172.0 Rutherford
Rutherford,Week4,North Springfield,Week3,253.0 Rutherford - 143.0 North Springfield
Shouse Village,Week5,Lee Graham,Week2,264.0 Lee Graham - 138.0 Shouse Village
Shouse Village,Week1,Poplar Tree,Week4,227.0 Poplar Tree - 174.0 Shouse Village
Rutherford,Week2,Rolling Forest,Week5,283.0 Rolling Forest - 119.0 Rutherford
Rutherford,Week5,Riverside Gardens,Week3,309.0 Riverside Gardens - 93.0 Rutherford
Sideburn Run,Week3,Chesterbrook,Week5,346.0 Chesterbrook - 56.0 Sideburn Run
Rutherford,Week3,Pinewood Lake,Week5,326.0 Rutherford - 73.0 Pinewood Lake
Rutherford,Week2,Rolling Forest,Week4,265.5 Rolling Forest - 136.5 Rutherford
Rutherford,Week4,North Springfield,Week2,269.0 Rutherford - 119.0 North Springfield
Rutherford,Week4,Pinewood Lake,Week5,328.0 Rutherford - 70.0 Pinewood Lake
Shouse Village,Week4,Camelot,Week2,216.0 Shouse Village - 186.0 Camelot
Sideburn Run,Week4,Herndon,Week4,322.0 Sideburn Run - 80.0 Herndon
Rutherford,Week3,Rolling Forest,Week5,249.0 Rolling Forest - 153.0 Rutherford
Sideburn Run,Week2,Commonwealth,Week1,248.0 Sideburn Run - 153.0 Commonwealth
Rutherford,Week3,North Springfield,Week1,255.0 Rutherford - 94.0 North Springfield
Shouse Village,Week2,Lee Graham,Week3,297.5 Lee Graham - 104.5 Shouse Village
Shouse Village,Week5,Poplar Heights,Week3,211.0 Shouse Village - 191.0 Poplar Heights
Shouse Village,Week4,Poplar Heights,Week3,203.0 Poplar Heights - 199.0 Shouse Village
Shouse Village,Week3,Camelot,Week5,213.0 Shouse Village - 189.0 Camelot
Rutherford,Week1,Pleasant Valley,Week5,239.0 Rutherford - 161.0 Pleasant Valley
Sideburn Run,Week1,Hiddenbrook,Week2,279.0 Sideburn Run - 122.0 Hiddenbrook
Rutherford,Week5,Rolling Forest,Week3,259.0 Rolling Forest - 143.0 Rutherford
Shouse Village,Week3,Poplar Heights,Week3,232.0 Poplar Heights - 170.0 Shouse Village
Rutherford,Week5,Riverside Gardens,Week4,320.0 Riverside Gardens - 82.0 Rutherford
Rutherford,Week5,Riverside Gardens,Week5,312.0 Riverside Gardens - 90.0 Rutherford
Sideburn Run,Week3,Commonwealth,Week5,237.0 Sideburn Run - 165.0 Commonwealth
Shouse Village,Week5,Lee Graham,Week4,273.0 Lee Graham - 129.0 Shouse Village
Sideburn Run,Week3,Hiddenbrook,Week1,265.0 Sideburn Run - 137.0 Hiddenbrook
Shouse Village,Week4,Poplar Heights,Week4,201.0 Poplar Heights - 201.0 Shouse Village
Rutherford,Week1,Pleasant Valley,Week4,262.0 Rutherford - 130.0 Pleasant Valley
Shouse Village,Week1,Camelot,Week2,209.5 Shouse Village - 192.5 Camelot
Shouse Village,Week2,Poplar Tree,Week5,263.0 Poplar Tree - 139.0 Shouse Village
Rutherford,Week2,Pinewood Lake,Week5,328.0 Rutherford - 69.0 Pinewood Lake
Sideburn Run,Week4,Chesterbrook,Week2,335.0 Chesterbrook - 67.0 Sideburn Run
Rutherford,Week1,North Springfield,Week4,250.0 Rutherford - 141.0 North Springfield
Shouse Village,Week1,Camelot,Week3,220.0 Shouse Village - 182.0 Camelot
Rutherford,Week3,Rolling Forest,Week4,246.0 Rolling Forest - 156.0 Rutherford
Shouse Village,Week3,Lee Graham,Week5,284.0 Lee Graham - 118.0 Shouse Village
Shouse Village,Week2,Camelot,Week1,210.0 Shouse Village - 192.0 Camelot
Rutherford,Week2,Pleasant Valley,Week2,246.0 Rutherford - 152.0 Pleasant Valley
Shouse Village,Week3,Poplar Heights,Week2,206.0 Poplar Heights - 196.0 Shouse Village
Shouse Village,Week4,Camelot,Week4,249.0 Shouse Village - 153.0 Camelot
Shouse Village,Week3,Lee Graham,Week3,271.0 Lee Graham - 131.0 Shouse Village
Shouse Village,Week3,Lincolnia Park,Week1,316.0 Shouse Village - 85.0 Lincolnia Park
Rutherford,Week1,Pleasant Valley,Week2,240.0 Rutherford - 157.0 Pleasant Valley
Sideburn Run,Week3,Hiddenbrook,Week3,252.0 Sideburn Run - 150.0 Hiddenbrook
Sideburn Run,Week3,Commonwealth,Week3,244.0 Sideburn Run - 158.0 Commonwealth
Sideburn Run,Week1,Commonwealth,Week5,244.0 Sideburn Run - 158.0 Commonwealth
Sideburn Run,Week2,Hiddenbrook,Week5,220.0 Sideburn Run - 182.0 Hiddenbrook
Shouse Village,Week5,Lee Graham,Week3,260.5 Lee Graham - 141.5 Shouse Village
Sideburn Run,Week5,Herndon,Week3,332.0 Sideburn Run - 70.0 Herndon
Sideburn Run,Week3,Hiddenbrook,Week4,252.0 Sideburn Run - 150.0 Hiddenbrook
Rutherford,Week4,Pinewood Lake,Week1,350.0 Rutherford - 40.0 Pinewood Lake
Shouse Village,Week2,Camelot,Week3,214.0 Shouse Village - 188.0 Camelot
Sideburn Run,Week4,Chesterbrook,Week4,339.0 Chesterbrook - 63.0 Sideburn Run
Shouse Village,Week2,Poplar Tree,Week2,228.0 Poplar Tree - 174.0 Shouse Village
Sideburn Run,Week4,Chesterbrook,Week1,336.0 Chesterbrook - 66.0 Sideburn Run
Rutherford,Week1,Rolling Hills,Week1,238.0 Rolling Hills - 163.0 Rutherford
Shouse Village,Week1,Camelot,Week4,211.0 Shouse Village - 191.0 Camelot
Shouse Village,Week1,Poplar Tree,Week5,255.0 Poplar Tree - 146.0 Shouse Village
Shouse Village,Week1,Poplar Tree,Week2,232.0 Poplar Tree - 170.0 Shouse Village
Shouse Village,Week4,Lee Graham,Week2,269.0 Lee Graham - 133.0 Shouse Village
Sideburn Run,Week3,Hiddenbrook,Week5,231.0 Sideburn Run - 171.0 Hiddenbrook
Rutherford,Week5,Rolling Forest,Week4,241.0 Rolling Forest - 161.0 Rutherford
Sideburn Run,Week4,Commonwealth,Week1,269.0 Sideburn Run - 133.0 Commonwealth
Shouse Village,Week2,Lincolnia Park,Week3,267.0 Shouse Village - 125.0 Lincolnia Park
Rutherford,Week1,Rolling Valley,Week2,209.0 Rutherford - 193.0 Rolling Valley
Sideburn Run,Week5,Commonwealth,Week3,236.0 Sideburn Run - 166.0 Commonwealth
Sideburn Run,Week5,Herndon,Week2,327.0 Sideburn Run - 75.0 Herndon
Rutherford,Week3,Pinewood Lake,Week2,337.0 Rutherford - 58.0 Pinewood Lake
Rutherford,Week2,Pleasant Valley,Week3,225.0 Rutherford - 177.0 Pleasant Valley
Shouse Village,Week5,Burke Station,Week3,249.0 Shouse Village - 148.0 Burke Station
Shouse Village,Week2,Poplar Tree,Week4,221.0 Poplar Tree - 181.0 Shouse Village
Sideburn Run,Week1,Hiddenbrook,Week4,249.0 Sideburn Run - 153.0 Hiddenbrook
Sideburn Run,Week3,Hiddenbrook,Week2,295.0 Sideburn Run - 107.0 Hiddenbrook
Shouse Village,Week4,Camelot,Week3,240.0 Shouse Village - 162.0 Camelot
Sideburn Run,Week5,Chesterbrook,Week2,327.0 Chesterbrook - 75.0 Sideburn Run
Sideburn Run,Week2,Hiddenbrook,Week4,242.0 Sideburn Run - 160.0 Hiddenbrook
Shouse Village,Week2,Camelot,Week5,209.0 Shouse Village - 193.0 Camelot
Shouse Village,Week1,Lincolnia Park,Week3,266.5 Shouse Village - 125.5 Lincolnia Park
Shouse Village,Week1,Camelot,Week5,209.0 Shouse Village - 192.0 Camelot
Shouse Village,Week3,Lee Graham,Week4,275.0 Lee Graham - 127.0 Shouse Village
Sideburn Run,Week1,Hiddenbrook,Week1,255.0 Sideburn Run - 147.0 Hiddenbrook
Shouse Village,Week4,Lee Graham,Week4,267.0 Lee Graham - 135.0 Shouse Village
Shouse Village,Week5,Burke Station,Week4,274.0 Shouse Village - 127.0 Burke Station
Rutherford,Week3,Rolling Hills,Week1,231.0 Rolling Hills - 170.0 Rutherford
Sideburn Run,Week5,Chesterbrook,Week5,340.0 Chesterbrook - 62.0 Sideburn Run
Shouse Village,Week1,Lincolnia Park,Week1,303.0 Shouse Village - 99.0 Lincolnia Park
Rutherford,Week3,Pleasant Valley,Week1,249.0 Rutherford - 143.0 Pleasant Valley
Shouse Village,Week3,Poplar Tree,Week1,239.0 Poplar Tree - 163.0 Shouse Village
Rutherford,Week3,Parklawn,Week4,198.0 Parklawn - 194.0 Rutherford
Shouse Village,Week3,Camelot,Week1,208.0 Shouse Village - 194.0 Camelot
Rutherford,Week2,Rolling Hills,Week3,234.0 Rolling Hills - 168.0 Rutherford
Shouse Village,Week3,Poplar Tree,Week5,248.0 Poplar Tree - 154.0 Shouse Village
Rutherford,Week4,Rolling Hills,Week3,207.0 Rolling Hills - 194.0 Rutherford
Sideburn Run,Week4,Chesterbrook,Week5,347.0 Chesterbrook - 55.0 Sideburn Run
Shouse Village,Week4,Camelot,Week5,230.0 Shouse Village - 172.0 Camelot
Shouse Village,Week3,Poplar Tree,Week2,229.0 Poplar Tree - 173.0 Shouse Village
Rutherford,Week3,Parklawn,Week1,229.0 Rutherford - 164.0 Parklawn
Rutherford,Week2,Pleasant Valley,Week4,268.5 Rutherford - 125.5 Pleasant Valley
Rutherford,Week3,Pleasant Valley,Week2,249.0 Rutherford - 144.0 Pleasant Valley
Sideburn Run,Week1,Commonwealth,Week3,249.0 Sideburn Run - 153.0 Commonwealth
Shouse Village,Week3,Camelot,Week4,231.0 Shouse Village - 171.0 Camelot
Shouse Village,Week4,Lee Graham,Week1,270.0 Lee Graham - 132.0 Shouse Village
Shouse Village,Week2,Poplar Tree,Week3,247.0 Poplar Tree - 155.0 Shouse Village
Rutherford,Week2,Rolling Valley,Week5,206.0 Rutherford - 196.0 Rolling Valley
Shouse Village,Week4,Poplar Tree,Week1,218.0 Poplar Tree - 184.0 Shouse Village
Shouse Village,Week2,Lincolnia Park,Week5,269.0 Shouse Village - 123.0 Lincolnia Park
Rutherford,Week1,Pleasant Valley,Week1,244.0 Rutherford - 154.0 Pleasant Valley
Rutherford,Week3,Rolling Hills,Week5,242.0 Rolling Hills - 160.0 Rutherford
Rutherford,Week2,Pleasant Valley,Week5,239.0 Rutherford - 161.0 Pleasant Valley
Shouse Village,Week4,Poplar Tree,Week2,202.0 Shouse Village - 200.0 Poplar Tree
Sideburn Run,Week5,Herndon,Week4,334.0 Sideburn Run - 68.0 Herndon
Sideburn Run,Week5,Herndon,Week5,336.0 Sideburn Run - 66.0 Herndon
Rutherford,Week2,Rolling Valley,Week4,204.0 Rolling Valley - 198.0 Rutherford
Rutherford,Week1,Rolling Valley,Week1,249.0 Rutherford - 153.0 Rolling Valley
Shouse Village,Week3,Lincolnia Park,Week4,299.0 Shouse Village - 103.0 Lincolnia Park
Sideburn Run,Week5,Chesterbrook,Week4,338.0 Chesterbrook - 64.0 Sideburn Run
Sideburn Run,Week1,Hiddenbrook,Week5,228.0 Sideburn Run - 174.0 Hiddenbrook
Sideburn Run,Week1,Commonwealth,Week1,269.0 Sideburn Run - 128.0 Commonwealth
Rutherford,Week2,Rolling Hills,Week2,245.0 Rolling Hills - 157.0 Rutherford
Sideburn Run,Week5,Chesterbrook,Week3,347.0 Chesterbrook - 55.0 Sideburn Run
Shouse Village,Week5,Lee Graham,Week1,267.0 Lee Graham - 135.0 Shouse Village
Rutherford,Week5,Parklawn,Week4,207.0 Parklawn - 191.0 Rutherford
Shouse Village,Week5,Camelot,Week5,234.0 Shouse Village - 167.0 Camelot
Shouse Village,Week5,Poplar Tree,Week1,213.0 Poplar Tree - 189.0 Shouse Village
Shouse Village,Week2,Lincolnia Park,Week4,294.0 Shouse Village - 104.0 Lincolnia Park
Rutherford,Week2,Parliament,Week2,245.0 Parliament - 153.0 Rutherford
Shouse Village,Week5,Burke Station,Week5,250.0 Shouse Village - 152.0 Burke Station
Sideburn Run,Week5,Chesterbrook,Week1,329.0 Chesterbrook - 73.0 Sideburn Run
Sideburn Run,Week1,Hiddenbrook,Week3,247.0 Sideburn Run - 155.0 Hiddenbrook
Shouse Village,Week5,Camelot,Week3,229.0 Shouse Village - 172.0 Camelot
Shouse Village,Week5,Lee Graham,Week5,269.0 Lee Graham - 133.0 Shouse Village
Sideburn Run,Week2,Commonwealth,Week2,216.5 Sideburn Run - 185.5 Commonwealth
Sideburn Run,Week2,Hiddenbrook,Week3,239.0 Sideburn Run - 163.0 Hiddenbrook
Rutherford,Week2,Parklawn,Week5,206.0 Parklawn - 191.0 Rutherford
Rutherford,Week2,Rolling Hills,Week5,246.0 Rolling Hills - 156.0 Rutherford
Shouse Village,Week4,Poplar Tree,Week5,230.0 Poplar Tree - 172.0 Shouse Village
Shouse Village,Week5,Poplar Tree,Week2,211.0 Shouse Village - 191.0 Poplar Tree
Sideburn Run,Week4,Hiddenbrook,Week1,263.0 Sideburn Run - 139.0 Hiddenbrook
Rutherford,Week5,Rolling Hills,Week4,199.0 Rolling Hills - 199.0 Rutherford
Rutherford,Week4,Parklawn,Week5,213.0 Rutherford - 183.0 Parklawn
Shouse Village,Week4,Poplar Tree,Week4,210.0 Shouse Village - 192.0 Poplar Tree
Sideburn Run,Week2,Hiddenbrook,Week2,283.5 Sideburn Run - 118.5 Hiddenbrook
Shouse Village,Week3,Lincolnia Park,Week5,283.0 Shouse Village - 109.0 Lincolnia Park
Shouse Village,Week3,Poplar Tree,Week3,243.0 Poplar Tree - 159.0 Shouse Village
Rutherford,Week5,Rolling Hills,Week2,210.0 Rolling Hills - 192.0 Rutherford
Sideburn Run,Week1,Commonwealth,Week4,264.0 Sideburn Run - 138.0 Commonwealth
Shouse Village,Week5,Camelot,Week1,231.0 Shouse Village - 171.0 Camelot
Rutherford,Week3,Parklawn,Week3,204.0 Rutherford - 194.0 Parklawn
Shouse Village,Week2,Canterbury Woods,Week2,222.0 Shouse Village - 180.0 Canterbury Woods
Shouse Village,Week5,Canterbury Woods,Week1,254.0 Shouse Village - 148.0 Canterbury Woods
Rutherford,Week1,Parliament,Week4,254.0 Parliament - 147.0 Rutherford
Sideburn Run,Week2,Commonwealth,Week3,221.0 Sideburn Run - 181.0 Commonwealth
Rutherford,Week3,Rolling Hills,Week2,238.0 Rolling Hills - 164.0 Rutherford
Sideburn Run,Week4,Hiddenbrook,Week3,243.0 Sideburn Run - 159.0 Hiddenbrook
Rutherford,Week1,Rolling Hills,Week5,236.0 Rolling Hills - 166.0 Rutherford
Rutherford,Week5,Parklawn,Week1,239.0 Rutherford - 154.0 Parklawn
Rutherford,Week1,Rolling Hills,Week4,246.5 Rolling Hills - 150.5 Rutherford
Shouse Village,Week4,Lee Graham,Week5,273.0 Lee Graham - 129.0 Shouse Village
Sideburn Run,Week4,Hiddenbrook,Week2,297.0 Sideburn Run - 105.0 Hiddenbrook
Shouse Village,Week3,Ravensworth Farm,Week2,207.0 Ravensworth Farm - 195.0 Shouse Village
Sideburn Run,Week2,Commonwealth,Week4,244.0 Sideburn Run - 158.0 Commonwealth
Sideburn Run,Week4,Chesterbrook,Week3,352.0 Chesterbrook - 50.0 Sideburn Run
Shouse Village,Week2,Lincolnia Park,Week1,292.0 Shouse Village - 105.0 Lincolnia Park
Rutherford,Week1,Parliament,Week3,264.0 Parliament - 138.0 Rutherford
Rutherford,Week2,Rolling Hills,Week4,233.0 Rolling Hills - 165.0 Rutherford
Sideburn Run,Week4,Hiddenbrook,Week5,235.0 Sideburn Run - 167.0 Hiddenbrook
Sideburn Run,Week1,Commonwealth,Week2,235.0 Sideburn Run - 167.0 Commonwealth
Shouse Village,Week1,Cardinal Hill,Week1,263.0 Cardinal Hill - 139.0 Shouse Village
Shouse Village,Week1,Ravensworth Farm,Week1,239.0 Ravensworth Farm - 163.0 Shouse Village
Shouse Village,Week2,Ravensworth Farm,Week4,239.0 Ravensworth Farm - 163.0 Shouse Village
Shouse Village,Week1,Lincolnia Park,Week4,292.0 Shouse Village - 108.0 Lincolnia Park
Sideburn Run,Week5,Commonwealth,Week2,221.0 Sideburn Run - 181.0 Commonwealth
Shouse Village,Week1,Ravensworth Farm,Week4,233.5 Ravensworth Farm - 168.5 Shouse Village
Shouse Village,Week4,Ravensworth Farm,Week4,209.0 Ravensworth Farm - 193.0 Shouse Village
Sideburn Run,Week2,Hiddenbrook,Week1,257.0 Sideburn Run - 145.0 Hiddenbrook
Rutherford,Week3,Parklawn,Week5,197.0 Rutherford - 196.0 Parklawn
Rutherford,Week3,Rolling Hills,Week3,231.0 Rolling Hills - 171.0 Rutherford
Rutherford,Week4,Rolling Hills,Week5,203.0 Rolling Hills - 199.0 Rutherford
Shouse Village,Week3,Lincolnia Park,Week2,307.0 Shouse Village - 86.0 Lincolnia Park
Rutherford,Week4,Rolling Hills,Week2,220.0 Rolling Hills - 182.0 Rutherford
Shouse Village,Week4,Little Hunting Park,Week1,267.0 Shouse Village - 135.0 Little Hunting Park
Shouse Village,Week1,Little Hunting Park,Week5,216.0 Shouse Village - 185.0 Little Hunting Park
Shouse Village,Week2,Canterbury Woods,Week5,221.0 Shouse Village - 181.0 Canterbury Woods
Shouse Village,Week4,Lincolnia Park,Week4,295.0 Shouse Village - 107.0 Lincolnia Park
Sideburn Run,Week4,Commonwealth,Week2,220.5 Sideburn Run - 181.5 Commonwealth
Rutherford,Week4,Parklawn,Week3,226.0 Rutherford - 175.0 Parklawn
Rutherford,Week1,Parliament,Week1,271.0 Parliament - 126.0 Rutherford
Shouse Village,Week5,Poplar Tree,Week5,225.0 Poplar Tree - 177.0 Shouse Village
Shouse Village,Week3,Canterbury Woods,Week3,218.0 Shouse Village - 184.0 Canterbury Woods
Shouse Village,Week2,Cardinal Hill,Week1,279.0 Cardinal Hill - 123.0 Shouse Village
Shouse Village,Week1,Lincolnia Park,Week2,292.0 Shouse Village - 100.0 Lincolnia Park
Shouse Village,Week3,Ravensworth Farm,Week1,222.0 Ravensworth Farm - 180.0 Shouse Village
Sideburn Run,Week3,Commonwealth,Week1,261.0 Sideburn Run - 141.0 Commonwealth
Sideburn Run,Week4,Hiddenbrook,Week4,249.0 Sideburn Run - 153.0 Hiddenbrook
Shouse Village,Week4,Ravensworth Farm,Week5,233.5 Ravensworth Farm - 168.5 Shouse Village
Sideburn Run,Week4,High Point Pool,Week1,233.0 High Point Pool - 169.0 Sideburn Run
Rutherford,Week1,Rolling Hills,Week3,246.0 Rolling Hills - 155.0 Rutherford
Sideburn Run,Week3,High Point Pool,Week3,240.0 High Point Pool - 162.0 Sideburn Run
Shouse Village,Week1,Canterbury Woods,Week5,221.0 Shouse Village - 181.0 Canterbury Woods
Rutherford,Week2,Rolling Hills,Week1,236.0 Rolling Hills - 165.0 Rutherford
Sideburn Run,Week3,Commonwealth,Week2,225.0 Sideburn Run - 177.0 Commonwealth
Rutherford,Week4,Rolling Hills,Week1,216.0 Rolling Hills - 186.0 Rutherford
Shouse Village,Week3,Ravensworth Farm,Week5,245.0 Ravensworth Farm - 157.0 Shouse Village
Sideburn Run,Week4,Commonwealth,Week4,258.0 Sideburn Run - 144.0 Commonwealth
Shouse Village,Week2,Cardinal Hill,Week4,261.0 Cardinal Hill - 141.0 Shouse Village
Shouse Village,Week1,Canterbury Woods,Week3,220.0 Shouse Village - 182.0 Canterbury Woods
Rutherford,Week2,Parliament,Week5,257.0 Parliament - 144.0 Rutherford
Sideburn Run,Week2,High Point Pool,Week2,266.0 High Point Pool - 136.0 Sideburn Run
Sideburn Run,Week5,Hiddenbrook,Week1,271.0 Sideburn Run - 131.0 Hiddenbrook
Shouse Village,Week4,Lee Graham,Week3,275.0 Lee Graham - 127.0 Shouse Village
Shouse Village,Week2,Cardinal Hill,Week2,255.0 Cardinal Hill - 147.0 Shouse Village
Rutherford,Week4,Parklawn,Week1,241.0 Rutherford - 152.0 Parklawn
Shouse Village,Week2,Ravensworth Farm,Week3,240.0 Ravensworth Farm - 162.0 Shouse Village
Rutherford,Week2,Parklawn,Week3,217.0 Rutherford - 181.0 Parklawn
Sideburn Run,Week5,Hiddenbrook,Week2,306.0 Sideburn Run - 96.0 Hiddenbrook
Shouse Village,Week2,Lincolnia Park,Week2,294.0 Shouse Village - 99.0 Lincolnia Park
Sideburn Run,Week5,Commonwealth,Week4,265.0 Sideburn Run - 137.0 Commonwealth
Sideburn Run,Week5,Commonwealth,Week1,273.0 Sideburn Run - 129.0 Commonwealth
Rutherford,Week4,Rolling Hills,Week4,198.0 Rutherford - 197.0 Rolling Hills
Sideburn Run,Week4,High Point Pool,Week5,236.0 High Point Pool - 166.0 Sideburn Run
Shouse Village,Week2,Little Hunting Park,Week4,231.0 Shouse Village - 171.0 Little Hunting Park
Rutherford,Week5,Parklawn,Week2,221.0 Rutherford - 177.0 Parklawn
Sideburn Run,Week5,Walden Glen,Week2,240.0 Sideburn Run - 162.0 Walden Glen
Sideburn Run,Week4,Overlee,Week1,323.0 Overlee - 79.0 Sideburn Run
Sideburn Run,Week2,Lincolnia Park,Week2,305.5 Sideburn Run - 87.5 Lincolnia Park
Sideburn Run,Week1,Waynewood,Week2,233.0 Waynewood - 169.0 Sideburn Run
Sideburn Run,Week3,Sully Station II,Week1,241.0 Sully Station II - 161.0 Sideburn Run
Sideburn Run,Week2,Lincolnia Park,Week4,303.0 Sideburn Run - 99.0 Lincolnia Park
Sideburn Run,Week2,Overlee,Week2,331.0 Overlee - 71.0 Sideburn Run
Sleepy Hollow B & R,Week5,Vienna Aquatic,Week2,243.0 Vienna Aquatic - 159.0 Sleepy Hollow B & R
Sideburn Run,Week1,Overlee,Week3,301.0 Overlee - 101.0 Sideburn Run
Sleepy Hollow Rec,Week4,Fair Oaks ,Week2,268.0 Fair Oaks - 134.0 Sleepy Hollow Rec
Sideburn Run,Week1,Lincolnia Park,Week1,299.0 Sideburn Run - 101.0 Lincolnia Park
Sleepy Hollow B & R,Week4,Kent Gardens,Week1,227.0 Sleepy Hollow B & R - 175.0 Kent Gardens
Sideburn Run,Week3,Waynewood,Week1,221.0 Waynewood - 181.0 Sideburn Run
Sleepy Hollow B & R,Week5,Vienna Aquatic,Week1,255.0 Vienna Aquatic - 147.0 Sleepy Hollow B & R
Sideburn Run,Week3,Waynewood,Week3,257.0 Waynewood - 145.0 Sideburn Run
Sideburn Run,Week1,Overlee,Week2,313.0 Overlee - 89.0 Sideburn Run
Sleepy Hollow B & R,Week4,Pinecrest,Week2,246.0 Pinecrest - 156.0 Sleepy Hollow B & R
Sideburn Run,Week3,Sully Station II,Week2,267.0 Sully Station II - 135.0 Sideburn Run
Sleepy Hollow B & R,Week2,Pinecrest,Week5,241.0 Pinecrest - 161.0 Sleepy Hollow B & R
Sleepy Hollow B & R,Week5,Parliament,Week3,273.0 Sleepy Hollow B & R - 129.0 Parliament
Sleepy Hollow B & R,Week4,Parliament,Week5,237.0 Sleepy Hollow B & R - 165.0 Parliament
Sleepy Hollow Rec,Week1,Fair Oaks ,Week2,262.0 Fair Oaks - 140.0 Sleepy Hollow Rec
Sideburn Run,Week2,Lincolnia Park,Week3,266.0 Sideburn Run - 127.0 Lincolnia Park
Sideburn Run,Week2,Overlee,Week5,352.0 Overlee - 50.0 Sideburn Run
Sleepy Hollow B & R,Week1,Vienna Woods,Week5,326.0 Vienna Woods - 76.0 Sleepy Hollow B & R
Sideburn Run,Week2,Overlee,Week3,326.0 Overlee - 76.0 Sideburn Run
Sleepy Hollow B & R,Week4,Ilda Community,Week2,323.0 Sleepy Hollow B & R - 79.0 Ilda Community
Sleepy Hollow B & R,Week5,Ilda Community,Week5,323.0 Sleepy Hollow B & R - 78.0 Ilda Community
Sideburn Run,Week3,Sully Station II,Week3,278.0 Sully Station II - 124.0 Sideburn Run
Sideburn Run,Week2,Sully Station II,Week5,290.0 Sully Station II - 112.0 Sideburn Run
Sleepy Hollow B & R,Week5,Ilda Community,Week4,309.0 Sleepy Hollow B & R - 92.0 Ilda Community
Sideburn Run,Week1,Overlee,Week5,340.0 Overlee - 62.0 Sideburn Run
Sideburn Run,Week5,Orange Hunt,Week5,219.0 Orange Hunt - 183.0 Sideburn Run
Sleepy Hollow B & R,Week2,Pinecrest,Week4,260.0 Pinecrest - 142.0 Sleepy Hollow B & R
Sleepy Hollow B & R,Week1,Villa Aquatic,Week5,201.0 Sleepy Hollow B & R - 201.0 Villa Aquatic
Sleepy Hollow B & R,Week1,Villa Aquatic,Week2,248.5 Sleepy Hollow B & R - 153.5 Villa Aquatic
Sleepy Hollow B & R,Week4,Kent Gardens,Week4,245.0 Sleepy Hollow B & R - 157.0 Kent Gardens
Sideburn Run,Week1,Overlee,Week1,309.0 Overlee - 93.0 Sideburn Run
Sideburn Run,Week4,Overlee,Week5,351.0 Overlee - 51.0 Sideburn Run
Sideburn Run,Week1,Waynewood,Week4,252.0 Waynewood - 150.0 Sideburn Run
Sleepy Hollow Rec,Week2,Fair Oaks ,Week5,302.0 Fair Oaks - 100.0 Sleepy Hollow Rec
Sideburn Run,Week3,Lee Graham,Week5,277.0 Lee Graham - 125.0 Sideburn Run
Sleepy Hollow B & R,Week5,Vienna Aquatic,Week5,277.0 Vienna Aquatic - 125.0 Sleepy Hollow B & R
Sideburn Run,Week5,Walden Glen,Week5,223.0 Sideburn Run - 179.0 Walden Glen
Sideburn Run,Week2,Sully Station II,Week1,246.5 Sully Station II - 155.5 Sideburn Run
Sleepy Hollow Rec,Week4,Fair Oaks ,Week5,316.0 Fair Oaks - 86.0 Sleepy Hollow Rec
Sleepy Hollow B & R,Week4,Vienna Woods,Week4,270.0 Vienna Woods - 132.0 Sleepy Hollow B & R
Sideburn Run,Week5,Lee Graham,Week4,263.0 Lee Graham - 139.0 Sideburn Run
Sleepy Hollow B & R,Week1,Pinecrest,Week5,264.0 Pinecrest - 138.0 Sleepy Hollow B & R
Sleepy Hollow B & R,Week2,Vienna Woods,Week5,310.0 Vienna Woods - 92.0 Sleepy Hollow B & R
Sleepy Hollow Rec,Week2,Fair Oaks ,Week2,255.0 Fair Oaks - 147.0 Sleepy Hollow Rec
Sideburn Run,Week2,Waynewood,Week2,254.0 Waynewood - 148.0 Sideburn Run
Sleepy Hollow Rec,Week5,Fair Oaks ,Week4,269.0 Fair Oaks - 133.0 Sleepy Hollow Rec
Sleepy Hollow B & R,Week5,Ilda Community,Week1,322.0 Sleepy Hollow B & R - 79.0 Ilda Community
Sideburn Run,Week3,Lee Graham,Week2,278.0 Lee Graham - 124.0 Sideburn Run
Sideburn Run,Week3,Overlee,Week5,338.0 Overlee - 64.0 Sideburn Run
Sleepy Hollow B & R,Week2,Vienna Woods,Week1,289.0 Vienna Woods - 113.0 Sleepy Hollow B & R
Sleepy Hollow B & R,Week2,Kent Gardens,Week5,212.0 Kent Gardens - 190.0 Sleepy Hollow B & R
Sideburn Run,Week4,Waynewood,Week1,226.0 Waynewood - 176.0 Sideburn Run
Sleepy Hollow Rec,Week4,Fair Oaks ,Week1,302.0 Fair Oaks - 100.0 Sleepy Hollow Rec
Sideburn Run,Week3,Lee Graham,Week3,274.0 Lee Graham - 128.0 Sideburn Run
Sleepy Hollow B & R,Week1,Villa Aquatic,Week1,243.0 Sleepy Hollow B & R - 159.0 Villa Aquatic
Sideburn Run,Week4,Sully Station II,Week3,273.0 Sully Station II - 129.0 Sideburn Run
Sleepy Hollow B & R,Week2,Vienna Woods,Week3,301.0 Vienna Woods - 101.0 Sleepy Hollow B & R
Sideburn Run,Week4,Walden Glen,Week5,225.0 Sideburn Run - 177.0 Walden Glen
Sleepy Hollow B & R,Week3,Ilda Community,Week5,302.0 Sleepy Hollow B & R - 99.0 Ilda Community
Sleepy Hollow B & R,Week4,Vienna Woods,Week2,288.0 Vienna Woods - 114.0 Sleepy Hollow B & R
Sideburn Run,Week1,Lincolnia Park,Week3,272.0 Sideburn Run - 120.0 Lincolnia Park
Sideburn Run,Week3,Sully Station II,Week5,278.0 Sully Station II - 124.0 Sideburn Run
Sleepy Hollow Rec,Week3,Fair Oaks ,Week2,229.0 Fair Oaks - 173.0 Sleepy Hollow Rec
Sideburn Run,Week5,Sully Station,Week4,220.0 Sully Station - 182.0 Sideburn Run
Sleepy Hollow B & R,Week3,Pinecrest,Week2,261.0 Pinecrest - 141.0 Sleepy Hollow B & R
Sideburn Run,Week4,Overlee,Week4,349.0 Overlee - 53.0 Sideburn Run
Sideburn Run,Week1,Waynewood,Week1,226.0 Waynewood - 176.0 Sideburn Run
Sleepy Hollow B & R,Week5,Ilda Community,Week3,319.0 Sleepy Hollow B & R - 82.0 Ilda Community
Sleepy Hollow B & R,Week4,Vienna Woods,Week1,291.0 Vienna Woods - 111.0 Sleepy Hollow B & R
Sideburn Run,Week1,Sully Station II,Week2,275.0 Sully Station II - 127.0 Sideburn Run
Sleepy Hollow B & R,Week4,Pinecrest,Week3,267.0 Pinecrest - 135.0 Sleepy Hollow B & R
Sleepy Hollow B & R,Week5,Ilda Community,Week2,331.0 Sleepy Hollow B & R - 71.0 Ilda Community
Sleepy Hollow B & R,Week4,Ilda Community,Week1,313.0 Sleepy Hollow B & R - 89.0 Ilda Community
Sideburn Run,Week5,Overlee,Week3,314.0 Overlee - 88.0 Sideburn Run
Sleepy Hollow Rec,Week1,Fair Oaks ,Week1,288.0 Fair Oaks - 114.0 Sleepy Hollow Rec
Sideburn Run,Week4,Waynewood,Week2,226.0 Waynewood - 176.0 Sideburn Run
Sleepy Hollow Rec,Week4,Fair Oaks ,Week3,306.0 Fair Oaks - 96.0 Sleepy Hollow Rec
Sleepy Hollow B & R,Week4,Pinecrest,Week1,228.0 Pinecrest - 174.0 Sleepy Hollow B & R
Sideburn Run,Week2,Lincolnia Park,Week1,301.0 Sideburn Run - 101.0 Lincolnia Park
Sideburn Run,Week2,Sully Station II,Week3,279.0 Sully Station II - 123.0 Sideburn Run
Sideburn Run,Week3,Lee Graham,Week4,272.0 Lee Graham - 130.0 Sideburn Run
Sideburn Run,Week2,Sully Station II,Week2,269.0 Sully Station II - 133.0 Sideburn Run
Sleepy Hollow B & R,Week3,Pinecrest,Week4,257.0 Pinecrest - 145.0 Sleepy Hollow B & R
Sideburn Run,Week5,Walden Glen,Week4,235.0 Sideburn Run - 167.0 Walden Glen
Sleepy Hollow Rec,Week2,Fair Oaks ,Week3,300.0 Fair Oaks - 102.0 Sleepy Hollow Rec
Sleepy Hollow B & R,Week4,Ilda Community,Week5,318.0 Sleepy Hollow B & R - 84.0 Ilda Community
Sideburn Run,Week4,Sully Station II,Week2,266.0 Sully Station II - 136.0 Sideburn Run
Sideburn Run,Week1,Lincolnia Park,Week5,274.0 Sideburn Run - 118.0 Lincolnia Park
Sideburn Run,Week4,Waynewood,Week3,247.0 Waynewood - 155.0 Sideburn Run
Sleepy Hollow Rec,Week1,Fairfax,Week2,323.0 Fairfax - 79.0 Sleepy Hollow Rec
Sleepy Hollow Rec,Week1,Fair Oaks ,Week3,301.0 Fair Oaks - 101.0 Sleepy Hollow Rec
Sleepy Hollow B & R,Week1,Pinecrest,Week4,271.0 Pinecrest - 131.0 Sleepy Hollow B & R
Sleepy Hollow B & R,Week4,Parliament,Week4,249.0 Sleepy Hollow B & R - 153.0 Parliament
Sideburn Run,Week4,Waynewood,Week4,240.0 Waynewood - 162.0 Sideburn Run
Sleepy Hollow B & R,Week5,Vienna Woods,Week1,275.0 Vienna Woods - 127.0 Sleepy Hollow B & R
Sleepy Hollow B & R,Week3,Ilda Community,Week4,284.0 Sleepy Hollow B & R - 117.0 Ilda Community
Sleepy Hollow Rec,Week1,Fairfax,Week3,317.0 Fairfax - 85.0 Sleepy Hollow Rec
Sleepy Hollow B & R,Week4,Parliament,Week2,259.0 Sleepy Hollow B & R - 143.0 Parliament
Sideburn Run,Week1,Parklawn,Week1,275.5 Sideburn Run - 117.5 Parklawn
Sideburn Run,Week4,Sully Station II,Week1,235.5 Sully Station II - 166.5 Sideburn Run
Sleepy Hollow B & R,Week5,Vienna Aquatic,Week4,247.0 Vienna Aquatic - 155.0 Sleepy Hollow B & R
Sleepy Hollow B & R,Week1,Kent Gardens,Week5,223.0 Kent Gardens - 179.0 Sleepy Hollow B & R
Sideburn Run,Week5,Sully Station II,Week1,232.0 Sully Station II - 170.0 Sideburn Run
Sideburn Run,Week1,Parklawn,Week3,270.0 Sideburn Run - 132.0 Parklawn
Sleepy Hollow B & R,Week1,Vienna Woods,Week2,302.0 Vienna Woods - 100.0 Sleepy Hollow B & R
Sleepy Hollow B & R,Week4,Pinecrest,Week5,246.0 Pinecrest - 156.0 Sleepy Hollow B & R
Sleepy Hollow B & R,Week3,Pinecrest,Week5,244.0 Pinecrest - 158.0 Sleepy Hollow B & R
Sleepy Hollow B & R,Week1,Kent Gardens,Week3,227.0 Sleepy Hollow B & R - 175.0 Kent Gardens
Sideburn Run,Week4,Sully Station II,Week4,233.0 Sully Station II - 169.0 Sideburn Run
Sideburn Run,Week5,Waynewood,Week2,229.0 Waynewood - 173.0 Sideburn Run
Sideburn Run,Week1,Parklawn,Week4,252.0 Sideburn Run - 150.0 Parklawn
Sleepy Hollow Rec,Week1,Fairfax,Week4,324.0 Fairfax - 78.0 Sleepy Hollow Rec
Sideburn Run,Week2,Parklawn,Week2,245.0 Sideburn Run - 156.0 Parklawn
Sideburn Run,Week5,Waynewood,Week3,239.0 Waynewood - 163.0 Sideburn Run
Sleepy Hollow B & R,Week2,Bren Mar-Edsall Park,Week4,364.5 Sleepy Hollow B & R - 36.5 Bren Mar-Edsall Park
Sideburn Run,Week5,Waynewood,Week1,212.0 Waynewood - 190.0 Sideburn Run
Sideburn Run,Week3,Sully Station II,Week4,237.0 Sully Station II - 165.0 Sideburn Run
Sleepy Hollow B & R,Week4,Brandywine,Week5,201.0 Brandywine - 201.0 Sleepy Hollow B & R
Sleepy Hollow B & R,Week2,Kent Gardens,Week2,235.0 Sleepy Hollow B & R - 167.0 Kent Gardens
Sleepy Hollow B & R,Week1,Vienna Woods,Week1,303.0 Vienna Woods - 99.0 Sleepy Hollow B & R
Sideburn Run,Week2,Vienna Woods,Week2,314.0 Vienna Woods - 88.0 Sideburn Run
Sideburn Run,Week5,Vienna Aquatic,Week3,275.0 Vienna Aquatic - 127.0 Sideburn Run
Sideburn Run,Week5,Sully Station II,Week4,221.5 Sully Station II - 180.5 Sideburn Run
Sleepy Hollow Rec,Week1,Fairfax,Week5,331.0 Fairfax - 71.0 Sleepy Hollow Rec
Sleepy Hollow B & R,Week3,Vienna Woods,Week4,264.0 Vienna Woods - 138.0 Sleepy Hollow B & R
Sleepy Hollow B & R,Week4,Pinecrest,Week4,247.0 Pinecrest - 155.0 Sleepy Hollow B & R
Sleepy Hollow B & R,Week4,Kent Gardens,Week2,255.0 Sleepy Hollow B & R - 147.0 Kent Gardens
Sleepy Hollow B & R,Week5,Pinecrest,Week4,229.0 Pinecrest - 173.0 Sleepy Hollow B & R
Sleepy Hollow B & R,Week3,Vienna Woods,Week2,289.0 Vienna Woods - 113.0 Sleepy Hollow B & R
Sleepy Hollow B & R,Week2,Vienna Woods,Week2,289.0 Vienna Woods - 113.0 Sleepy Hollow B & R
Sleepy Hollow Rec,Week5,Fair Oaks ,Week2,241.0 Fair Oaks - 161.0 Sleepy Hollow Rec
Sleepy Hollow Rec,Week2,Fairfax,Week1,324.0 Fairfax - 78.0 Sleepy Hollow Rec
Sleepy Hollow B & R,Week5,Vienna Aquatic,Week3,244.0 Vienna Aquatic - 158.0 Sleepy Hollow B & R
Sleepy Hollow B & R,Week2,Pinewood Lake,Week1,368.0 Sleepy Hollow B & R - 32.0 Pinewood Lake
Sleepy Hollow B & R,Week2,Kent Gardens,Week4,228.0 Sleepy Hollow B & R - 174.0 Kent Gardens
Sleepy Hollow B & R,Week3,Kent Gardens,Week5,212.0 Kent Gardens - 190.0 Sleepy Hollow B & R
Sleepy Hollow B & R,Week1,Pinewood Lake,Week1,367.0 Sleepy Hollow B & R - 32.0 Pinewood Lake
Sleepy Hollow B & R,Week5,Pinecrest,Week1,211.0 Pinecrest - 191.0 Sleepy Hollow B & R
Sideburn Run,Week2,Parklawn,Week3,262.0 Sideburn Run - 139.0 Parklawn
Sleepy Hollow B & R,Week4,Brandywine,Week2,239.0 Sleepy Hollow B & R - 163.0 Brandywine
Sideburn Run,Week5,Sully Station II,Week2,260.0 Sully Station II - 142.0 Sideburn Run
Sleepy Hollow B & R,Week1,Bren Mar-Edsall Park,Week3,362.0 Sleepy Hollow B & R - 40.0 Bren Mar-Edsall Park
Sideburn Run,Week2,Parklawn,Week5,234.0 Sideburn Run - 167.0 Parklawn
Sleepy Hollow B & R,Week4,Kent Gardens,Week3,265.0 Sleepy Hollow B & R - 137.0 Kent Gardens
Sideburn Run,Week3,Parklawn,Week3,277.0 Sideburn Run - 124.0 Parklawn
Sleepy Hollow B & R,Week5,Kent Gardens,Week1,232.0 Sleepy Hollow B & R - 170.0 Kent Gardens
Sleepy Hollow B & R,Week1,Vienna Woods,Week4,287.5 Vienna Woods - 114.5 Sleepy Hollow B & R
Sleepy Hollow B & R,Week1,Vienna Woods,Week3,322.0 Vienna Woods - 80.0 Sleepy Hollow B & R
Sleepy Hollow B & R,Week3,Vienna Woods,Week1,296.0 Vienna Woods - 106.0 Sleepy Hollow B & R
Sleepy Hollow B & R,Week1,Bren Mar-Edsall Park,Week4,356.0 Sleepy Hollow B & R - 45.0 Bren Mar-Edsall Park
Sideburn Run,Week1,Truro,Week2,277.5 Sideburn Run - 122.5 Truro
Sleepy Hollow B & R,Week1,Pinewood Lake,Week2,368.0 Sleepy Hollow B & R - 29.0 Pinewood Lake
Sideburn Run,Week1,Parklawn,Week5,252.0 Sideburn Run - 150.0 Parklawn
Sleepy Hollow B & R,Week3,Brandywine,Week4,212.0 Sleepy Hollow B & R - 190.0 Brandywine
Sideburn Run,Week3,Parklawn,Week2,262.0 Sideburn Run - 139.0 Parklawn
Sleepy Hollow B & R,Week5,Brandywine,Week3,237.0 Sleepy Hollow B & R - 163.0 Brandywine
Sleepy Hollow Rec,Week5,Fair Oaks ,Week5,286.0 Fair Oaks - 116.0 Sleepy Hollow Rec
Sleepy Hollow Rec,Week2,Fairfax,Week2,323.0 Fairfax - 79.0 Sleepy Hollow Rec
Sleepy Hollow B & R,Week2,Vienna Woods,Week4,274.5 Vienna Woods - 127.5 Sleepy Hollow B & R
Sideburn Run,Week2,Parklawn,Week4,243.0 Sideburn Run - 158.0 Parklawn
Sideburn Run,Week3,Vienna Aquatic,Week4,261.0 Vienna Aquatic - 141.0 Sideburn Run
Sleepy Hollow B & R,Week4,Bren Mar-Edsall Park,Week1,380.0 Sleepy Hollow B & R - 22.0 Bren Mar-Edsall Park
Sleepy Hollow Rec,Week2,Fairfax,Week4,325.0 Fairfax - 77.0 Sleepy Hollow Rec
Sleepy Hollow B & R,Week5,Kings Ridge ,Week4,317.5 Sleepy Hollow B & R - 84.5 Kings Ridge
Sideburn Run,Week2,Vienna Aquatic,Week4,266.0 Vienna Aquatic - 136.0 Sideburn Run
Sleepy Hollow B & R,Week1,Pinewood Lake,Week5,353.0 Sleepy Hollow B & R - 47.0 Pinewood Lake
Sideburn Run,Week2,Vienna Woods,Week3,312.0 Vienna Woods - 90.0 Sideburn Run
Sleepy Hollow B & R,Week1,Pinewood Lake,Week3,369.0 Sleepy Hollow B & R - 28.0 Pinewood Lake
Sleepy Hollow Rec,Week1,Fairfax,Week1,317.0 Fairfax - 85.0 Sleepy Hollow Rec
Sleepy Hollow Rec,Week3,Fairfax,Week1,294.5 Fairfax - 107.5 Sleepy Hollow Rec
Sleepy Hollow B & R,Week5,Kings Ridge ,Week1,331.0 Sleepy Hollow B & R - 71.0 Kings Ridge
Sideburn Run,Week2,Truro,Week5,248.0 Sideburn Run - 154.0 Truro
Sideburn Run,Week1,Truro,Week3,270.0 Sideburn Run - 132.0 Truro
Sideburn Run,Week3,Vienna Aquatic,Week5,292.0 Vienna Aquatic - 110.0 Sideburn Run
Sleepy Hollow B & R,Week5,Brandywine,Week1,262.0 Sleepy Hollow B & R - 140.0 Brandywine
Sideburn Run,Week5,Vienna Aquatic,Week2,270.0 Vienna Aquatic - 132.0 Sideburn Run
Sideburn Run,Week4,Truro,Week3,262.0 Sideburn Run - 140.0 Truro
Sleepy Hollow B & R,Week1,Lake Braddock,Week1,325.0 Sleepy Hollow B & R - 77.0 Lake Braddock
Sideburn Run,Week1,Truro,Week4,266.0 Sideburn Run - 136.0 Truro
Sideburn Run,Week4,Truro,Week2,280.0 Sideburn Run - 121.0 Truro
Sleepy Hollow B & R,Week1,Pinewood Lake,Week4,366.0 Sleepy Hollow B & R - 30.0 Pinewood Lake
Sideburn Run,Week2,Parklawn,Week1,271.0 Sideburn Run - 122.0 Parklawn
Sleepy Hollow Rec,Week2,Fairfax,Week3,320.0 Fairfax - 82.0 Sleepy Hollow Rec
Sideburn Run,Week3,Parklawn,Week1,280.0 Sideburn Run - 113.0 Parklawn
Sideburn Run,Week5,Vienna Aquatic,Week1,278.0 Vienna Aquatic - 124.0 Sideburn Run
Sideburn Run,Week3,Parklawn,Week4,257.0 Sideburn Run - 144.0 Parklawn
Sleepy Hollow B & R,Week2,Pinewood Lake,Week2,372.0 Sleepy Hollow B & R - 25.0 Pinewood Lake
Sleepy Hollow B & R,Week1,Bren Mar-Edsall Park,Week2,376.0 Sleepy Hollow B & R - 26.0 Bren Mar-Edsall Park
Sleepy Hollow B & R,Week3,Vienna Woods,Week3,304.0 Vienna Woods - 98.0 Sleepy Hollow B & R
Sleepy Hollow B & R,Week5,Kent Gardens,Week4,255.0 Sleepy Hollow B & R - 147.0 Kent Gardens
Sleepy Hollow Rec,Week3,Fairfax,Week4,314.0 Fairfax - 88.0 Sleepy Hollow Rec
Sideburn Run,Week3,Vienna Aquatic,Week3,276.5 Vienna Aquatic - 125.5 Sideburn Run
Sideburn Run,Week2,Truro,Week2,276.0 Sideburn Run - 126.0 Truro
Sideburn Run,Week5,Vienna Aquatic,Week4,266.0 Vienna Aquatic - 136.0 Sideburn Run
Sleepy Hollow Rec,Week3,Fairfax,Week5,328.0 Fairfax - 74.0 Sleepy Hollow Rec
Sleepy Hollow B & R,Week3,Vienna Woods,Week5,313.0 Vienna Woods - 89.0 Sleepy Hollow B & R
Sleepy Hollow B & R,Week2,Pinewood Lake,Week3,376.0 Sleepy Hollow B & R - 21.0 Pinewood Lake
Sleepy Hollow B & R,Week4,Brandywine,Week3,220.0 Sleepy Hollow B & R - 182.0 Brandywine
Sideburn Run,Week5,Truro,Week4,265.0 Sideburn Run - 137.0 Truro
Sleepy Hollow B & R,Week1,Kings Ridge ,Week5,272.0 Sleepy Hollow B & R - 130.0 Kings Ridge
Sideburn Run,Week1,Truro,Week5,259.0 Sideburn Run - 143.0 Truro
Sleepy Hollow B & R,Week5,Kent Gardens,Week3,262.0 Sleepy Hollow B & R - 140.0 Kent Gardens
Sleepy Hollow Rec,Week4,Fairfax,Week1,316.0 Fairfax - 86.0 Sleepy Hollow Rec
Sleepy Hollow B & R,Week4,Vienna Woods,Week3,302.0 Vienna Woods - 100.0 Sleepy Hollow B & R
Sleepy Hollow B & R,Week5,Pinecrest,Week5,235.5 Pinecrest - 166.5 Sleepy Hollow B & R
Sleepy Hollow Rec,Week4,Fairfax,Week5,349.0 Fairfax - 53.0 Sleepy Hollow Rec
Sleepy Hollow B & R,Week4,Vienna Woods,Week5,313.0 Vienna Woods - 89.0 Sleepy Hollow B & R
Sideburn Run,Week5,Vienna Aquatic,Week5,282.0 Vienna Aquatic - 120.0 Sideburn Run
Sideburn Run,Week4,Vienna Aquatic,Week3,286.0 Vienna Aquatic - 116.0 Sideburn Run
Sleepy Hollow B & R,Week1,Kings Ridge ,Week1,291.0 Sleepy Hollow B & R - 111.0 Kings Ridge
Sideburn Run,Week2,Truro,Week1,246.0 Sideburn Run - 156.0 Truro
Sleepy Hollow B & R,Week2,Pinewood Lake,Week4,372.0 Sleepy Hollow B & R - 24.0 Pinewood Lake
Sleepy Hollow B & R,Week2,Bren Mar-Edsall Park,Week2,374.0 Sleepy Hollow B & R - 28.0 Bren Mar-Edsall Park
Sleepy Hollow Rec,Week5,Fairfax,Week1,302.0 Fairfax - 100.0 Sleepy Hollow Rec
Sleepy Hollow B & R,Week5,Vienna Woods,Week4,240.0 Vienna Woods - 162.0 Sleepy Hollow B & R
Sleepy Hollow B & R,Week2,Kings Ridge ,Week1,310.0 Sleepy Hollow B & R - 92.0 Kings Ridge
Sleepy Hollow Rec,Week3,Fairfax,Week3,306.0 Fairfax - 96.0 Sleepy Hollow Rec
Sideburn Run,Week4,Vienna Aquatic,Week4,278.0 Vienna Aquatic - 124.0 Sideburn Run
Sleepy Hollow B & R,Week3,Brandywine,Week1,254.0 Sleepy Hollow B & R - 148.0 Brandywine
Sideburn Run,Week1,Tuckahoe,Week3,330.0 Tuckahoe - 72.0 Sideburn Run
Sleepy Hollow B & R,Week1,Villa Aquatic,Week4,211.0 Sleepy Hollow B & R - 191.0 Villa Aquatic
Sideburn Run,Week5,Vienna Woods,Week2,297.0 Vienna Woods - 105.0 Sideburn Run
Sleepy Hollow B & R,Week3,Pinewood Lake,Week3,382.0 Sleepy Hollow B & R - 17.0 Pinewood Lake
Sleepy Hollow Rec,Week5,Fairfax,Week3,311.0 Fairfax - 91.0 Sleepy Hollow Rec
Sideburn Run,Week2,Vienna Aquatic,Week5,294.0 Vienna Aquatic - 108.0 Sideburn Run
Sideburn Run,Week2,Vienna Woods,Week1,310.0 Vienna Woods - 92.0 Sideburn Run
Sideburn Run,Week2,Truro,Week4,253.0 Sideburn Run - 149.0 Truro
Sleepy Hollow B & R,Week4,Pinewood Lake,Week1,370.0 Sleepy Hollow B & R - 31.0 Pinewood Lake
Sideburn Run,Week1,Vienna Woods,Week1,293.0 Vienna Woods - 109.0 Sideburn Run
Sleepy Hollow B & R,Week2,Bren Mar-Edsall Park,Week5,363.0 Sleepy Hollow B & R - 39.0 Bren Mar-Edsall Park
Sleepy Hollow Rec,Week4,Fairfax,Week4,330.0 Fairfax - 72.0 Sleepy Hollow Rec
Sleepy Hollow Rec,Week5,Fairfax,Week2,308.0 Fairfax - 94.0 Sleepy Hollow Rec
Sleepy Hollow B & R,Week4,Kings Ridge ,Week1,311.0 Sleepy Hollow B & R - 91.0 Kings Ridge
Sleepy Hollow B & R,Week1,Villa Aquatic,Week3,202.0 Villa Aquatic - 200.0 Sleepy Hollow B & R
Sleepy Hollow Rec,Week4,Fairfax,Week2,328.5 Fairfax - 73.5 Sleepy Hollow Rec
Sleepy Hollow B & R,Week3,Kings Ridge ,Week3,303.5 Sleepy Hollow B & R - 96.5 Kings Ridge
Sleepy Hollow B & R,Week3,Bren Mar-Edsall Park,Week1,382.0 Sleepy Hollow B & R - 19.0 Bren Mar-Edsall Park
Sideburn Run,Week2,Tuckahoe,Week1,320.0 Tuckahoe - 82.0 Sideburn Run
Sleepy Hollow B & R,Week3,Pinewood Lake,Week4,382.0 Sleepy Hollow B & R - 17.0 Pinewood Lake
Sleepy Hollow Rec,Week4,Fairfax,Week3,321.0 Fairfax - 81.0 Sleepy Hollow Rec
Sleepy Hollow B & R,Week1,Kings Ridge ,Week2,304.0 Sleepy Hollow B & R - 98.0 Kings Ridge
Sleepy Hollow B & R,Week3,Pinewood Lake,Week1,372.0 Sleepy Hollow B & R - 24.0 Pinewood Lake
Sideburn Run,Week4,Vienna Aquatic,Week1,283.0 Vienna Aquatic - 119.0 Sideburn Run
Sideburn Run,Week2,Tuckahoe,Week2,323.0 Tuckahoe - 79.0 Sideburn Run
Sleepy Hollow B & R,Week5,Vienna Woods,Week2,275.0 Vienna Woods - 127.0 Sleepy Hollow B & R
Sleepy Hollow B & R,Week5,Brandywine,Week4,243.0 Sleepy Hollow B & R - 159.0 Brandywine
Sleepy Hollow B & R,Week5,Vienna Woods,Week5,301.0 Vienna Woods - 101.0 Sleepy Hollow B & R
Sideburn Run,Week3,Truro,Week2,280.0 Sideburn Run - 122.0 Truro
Sleepy Hollow B & R,Week2,Bren Mar-Edsall Park,Week3,369.0 Sleepy Hollow B & R - 33.0 Bren Mar-Edsall Park
Sleepy Hollow B & R,Week2,Pinewood Lake,Week5,365.0 Sleepy Hollow B & R - 34.0 Pinewood Lake
Sleepy Hollow B & R,Week1,Kings Ridge ,Week4,266.5 Sleepy Hollow B & R - 135.5 Kings Ridge
Sideburn Run,Week1,Tuckahoe,Week5,321.0 Tuckahoe - 81.0 Sideburn Run
Sleepy Hollow B & R,Week2,Kings Ridge ,Week5,291.0 Sleepy Hollow B & R - 111.0 Kings Ridge
Sleepy Hollow B & R,Week5,Brandywine,Week2,252.0 Sleepy Hollow B & R - 149.0 Brandywine
Sleepy Hollow B & R,Week5,Vienna Woods,Week3,290.0 Vienna Woods - 112.0 Sleepy Hollow B & R
Sleepy Hollow B & R,Week3,Brandywine,Week2,223.0 Sleepy Hollow B & R - 178.0 Brandywine
Sleepy Hollow B & R,Week2,Kings Ridge ,Week4,285.0 Sleepy Hollow B & R - 117.0 Kings Ridge
Sleepy Hollow B & R,Week3,Pinewood Lake,Week2,378.0 Sleepy Hollow B & R - 21.0 Pinewood Lake
Sleepy Hollow B & R,Week4,Kings Ridge ,Week3,309.0 Sleepy Hollow B & R - 93.0 Kings Ridge
Sleepy Hollow Rec,Week5,Fairfax,Week4,309.0 Fairfax - 93.0 Sleepy Hollow Rec
Sideburn Run,Week3,Truro,Week3,264.0 Sideburn Run - 138.0 Truro
Sleepy Hollow Rec,Week5,Fairfax,Week5,326.0 Fairfax - 76.0 Sleepy Hollow Rec
Sleepy Hollow B & R,Week3,Brandywine,Week5,210.0 Brandywine - 192.0 Sleepy Hollow B & R
Sleepy Hollow B & R,Week4,Kings Ridge ,Week4,308.0 Sleepy Hollow B & R - 94.0 Kings Ridge
Sideburn Run,Week4,Truro,Week4,264.0 Sideburn Run - 138.0 Truro
Sideburn Run,Week1,Vienna Woods,Week3,311.0 Vienna Woods - 91.0 Sideburn Run
Sleepy Hollow B & R,Week4,Pinewood Lake,Week2,373.0 Sleepy Hollow B & R - 28.0 Pinewood Lake
Sleepy Hollow B & R,Week3,Villa Aquatic,Week1,273.0 Sleepy Hollow B & R - 129.0 Villa Aquatic
Sleepy Hollow B & R,Week2,Villa Aquatic,Week4,239.0 Sleepy Hollow B & R - 163.0 Villa Aquatic
Sleepy Hollow B & R,Week3,Pinewood Lake,Week5,371.0 Sleepy Hollow B & R - 28.0 Pinewood Lake
Sideburn Run,Week1,Vienna Woods,Week2,291.5 Vienna Woods - 110.5 Sideburn Run
Sleepy Hollow B & R,Week1,Bren Mar-Edsall Park,Week5,349.0 Sleepy Hollow B & R - 53.0 Bren Mar-Edsall Park
Sleepy Hollow B & R,Week2,Villa Aquatic,Week3,210.5 Sleepy Hollow B & R - 191.5 Villa Aquatic
Sleepy Hollow Rec,Week1,Fairfax Club Estates,Week3,227.0 Fairfax Club Estates - 175.0 Sleepy Hollow Rec
Sleepy Hollow Rec,Week1,Fairfax Club Estates,Week1,231.0 Fairfax Club Estates - 171.0 Sleepy Hollow Rec
Sleepy Hollow B & R,Week2,Bren Mar-Edsall Park,Week1,376.0 Sleepy Hollow B & R - 26.0 Bren Mar-Edsall Park
Sleepy Hollow B & R,Week2,Villa Aquatic,Week2,259.0 Sleepy Hollow B & R - 143.0 Villa Aquatic
Sleepy Hollow B & R,Week5,Kent Gardens,Week5,221.0 Sleepy Hollow B & R - 181.0 Kent Gardens
Sideburn Run,Week1,Vienna Woods,Week4,281.0 Vienna Woods - 121.0 Sideburn Run
Sideburn Run,Week1,Truro,Week1,253.0 Sideburn Run - 149.0 Truro
Sideburn Run,Week4,Vienna Aquatic,Week2,266.0 Vienna Aquatic - 136.0 Sideburn Run
Sleepy Hollow B & R,Week4,Brandywine,Week4,231.0 Sleepy Hollow B & R - 171.0 Brandywine
Sideburn Run,Week1,Vienna Woods,Week5,327.0 Vienna Woods - 75.0 Sideburn Run
Sleepy Hollow B & R,Week3,Kings Ridge ,Week2,309.0 Sleepy Hollow B & R - 93.0 Kings Ridge
Sleepy Hollow B & R,Week5,Pinecrest,Week3,247.0 Pinecrest - 155.0 Sleepy Hollow B & R
Sleepy Hollow B & R,Week2,Villa Aquatic,Week5,238.0 Sleepy Hollow B & R - 164.0 Villa Aquatic
Sleepy Hollow Rec,Week1,Fairfax Club Estates,Week2,217.0 Fairfax Club Estates - 185.0 Sleepy Hollow Rec
Sideburn Run,Week5,Truro,Week2,288.0 Sideburn Run - 114.0 Truro
Sleepy Hollow B & R,Week1,Bren Mar-Edsall Park,Week1,370.0 Sleepy Hollow B & R - 32.0 Bren Mar-Edsall Park
Sleepy Hollow B & R,Week4,Pinewood Lake,Week4,378.0 Sleepy Hollow B & R - 22.0 Pinewood Lake
Sleepy Hollow B & R,Week1,Kings Ridge ,Week3,284.0 Sleepy Hollow B & R - 117.0 Kings Ridge
Sleepy Hollow B & R,Week4,Pinewood Lake,Week3,378.0 Sleepy Hollow B & R - 23.0 Pinewood Lake
Sideburn Run,Week1,Tuckahoe,Week1,304.0 Tuckahoe - 98.0 Sideburn Run
Sleepy Hollow Rec,Week1,Fairfax Club Estates,Week5,234.0 Fairfax Club Estates - 168.0 Sleepy Hollow Rec
Sideburn Run,Week4,Vienna Aquatic,Week5,298.0 Vienna Aquatic - 104.0 Sideburn Run
Sleepy Hollow B & R,Week2,Kings Ridge ,Week3,301.0 Sleepy Hollow B & R - 100.0 Kings Ridge
Sideburn Run,Week3,Truro,Week1,250.0 Sideburn Run - 152.0 Truro
Sideburn Run,Week3,Vienna Aquatic,Week2,262.0 Vienna Aquatic - 140.0 Sideburn Run
Sideburn Run,Week3,Truro,Week4,271.0 Sideburn Run - 131.0 Truro
Sleepy Hollow Rec,Week1,Fairfax Club Estates,Week4,240.0 Fairfax Club Estates - 157.0 Sleepy Hollow Rec
Sleepy Hollow B & R,Week3,Villa Aquatic,Week3,202.0 Sleepy Hollow B & R - 200.0 Villa Aquatic
Sleepy Hollow B & R,Week3,Villa Aquatic,Week2,266.0 Sleepy Hollow B & R - 136.0 Villa Aquatic
Sideburn Run,Week3,Vienna Aquatic,Week1,282.0 Vienna Aquatic - 120.0 Sideburn Run
Sideburn Run,Week1,Tuckahoe,Week2,320.0 Tuckahoe - 82.0 Sideburn Run
Sideburn Run,Week2,Truro,Week3,255.5 Sideburn Run - 146.5 Truro
Sleepy Hollow B & R,Week3,Villa Aquatic,Week5,222.5 Sleepy Hollow B & R - 179.5 Villa Aquatic
Sleepy Hollow Rec,Week2,Fairfax Station,Week2,318.0 Fairfax Station - 84.0 Sleepy Hollow Rec
Sleepy Hollow B & R,Week5,Brandywine,Week5,217.0 Sleepy Hollow B & R - 185.0 Brandywine
Sleepy Hollow B & R,Week3,Villa Aquatic,Week4,250.5 Sleepy Hollow B & R - 151.5 Villa Aquatic
Sleepy Hollow B & R,Week4,Brandywine,Week1,255.0 Sleepy Hollow B & R - 147.0 Brandywine
Sleepy Hollow B & R,Week3,Brandywine,Week3,222.0 Sleepy Hollow B & R - 179.0 Brandywine
Sleepy Hollow B & R,Week3,Kings Ridge ,Week4,300.0 Sleepy Hollow B & R - 102.0 Kings Ridge
Sleepy Hollow B & R,Week2,Kings Ridge ,Week2,313.0 Sleepy Hollow B & R - 89.0 Kings Ridge
Sideburn Run,Week5,Truro,Week1,263.0 Sideburn Run - 139.0 Truro
Sideburn Run,Week2,Tuckahoe,Week5,330.0 Tuckahoe - 72.0 Sideburn Run
Sleepy Hollow B & R,Week2,Lake Braddock,Week1,334.0 Sleepy Hollow B & R - 68.0 Lake Braddock
Sideburn Run,Week3,Vienna Woods,Week1,301.0 Vienna Woods - 101.0 Sideburn Run
Sleepy Hollow B & R,Week4,Kings Ridge ,Week2,302.0 Sleepy Hollow B & R - 100.0 Kings Ridge
Sideburn Run,Week4,Truro,Week5,263.0 Sideburn Run - 139.0 Truro
Sideburn Run,Week5,Vienna Woods,Week1,296.0 Vienna Woods - 106.0 Sideburn Run
Sleepy Hollow Rec,Week2,Fairfax Club Estates,Week1,236.0 Fairfax Club Estates - 166.0 Sleepy Hollow Rec
Sleepy Hollow B & R,Week3,Bren Mar-Edsall Park,Week5,371.0 Sleepy Hollow B & R - 31.0 Bren Mar-Edsall Park
Sleepy Hollow B & R,Week2,Villa Aquatic,Week1,271.5 Sleepy Hollow B & R - 130.5 Villa Aquatic
Sleepy Hollow B & R,Week3,Kings Ridge ,Week1,319.0 Sleepy Hollow B & R - 83.0 Kings Ridge
Sleepy Hollow Rec,Week3,Fairfax Club Estates,Week2,206.0 Sleepy Hollow Rec - 196.0 Fairfax Club Estates
Sleepy Hollow Rec,Week2,Fairfax Station,Week1,323.0 Fairfax Station - 79.0 Sleepy Hollow Rec
Sleepy Hollow B & R,Week4,Kings Ridge ,Week5,293.0 Sleepy Hollow B & R - 109.0 Kings Ridge
Sideburn Run,Week3,Truro,Week5,266.0 Sideburn Run - 136.0 Truro
Sleepy Hollow B & R,Week4,Villa Aquatic,Week1,276.0 Sleepy Hollow B & R - 126.0 Villa Aquatic
Sleepy Hollow B & R,Week3,Bren Mar-Edsall Park,Week3,380.0 Sleepy Hollow B & R - 22.0 Bren Mar-Edsall Park
Sideburn Run,Week2,Tuckahoe,Week3,343.0 Tuckahoe - 59.0 Sideburn Run
Sleepy Hollow B & R,Week5,Kings Ridge ,Week3,310.0 Sleepy Hollow B & R - 90.0 Kings Ridge
Sleepy Hollow B & R,Week3,Bren Mar-Edsall Park,Week2,385.0 Sleepy Hollow B & R - 17.0 Bren Mar-Edsall Park
Sleepy Hollow Rec,Week2,Fairfax Club Estates,Week3,231.5 Fairfax Club Estates - 170.5 Sleepy Hollow Rec
Sideburn Run,Week2,Vienna Woods,Week4,300.0 Vienna Woods - 102.0 Sideburn Run
Sideburn Run,Week2,Vienna Woods,Week5,333.0 Vienna Woods - 69.0 Sideburn Run
Sideburn Run,Week4,Truro,Week1,241.5 Sideburn Run - 160.5 Truro
Sideburn Run,Week1,Villa Aquatic,Week3,207.0 Villa Aquatic - 195.0 Sideburn Run
Sleepy Hollow Rec,Week3,Fairfax Club Estates,Week3,219.0 Fairfax Club Estates - 183.0 Sleepy Hollow Rec
Sleepy Hollow B & R,Week4,Villa Aquatic,Week2,267.0 Sleepy Hollow B & R - 135.0 Villa Aquatic
Sleepy Hollow B & R,Week2,Brookfield ,Week1,233.0 Sleepy Hollow B & R - 169.0 Brookfield
Sleepy Hollow B & R,Week3,Brookfield ,Week4,247.0 Sleepy Hollow B & R - 155.0 Brookfield
Sleepy Hollow B & R,Week3,Bren Mar-Edsall Park,Week4,372.0 Sleepy Hollow B & R - 30.0 Bren Mar-Edsall Park
Sleepy Hollow Rec,Week5,Fairfax Club Estates,Week3,214.0 Fairfax Club Estates - 188.0 Sleepy Hollow Rec
Sleepy Hollow Rec,Week2,Fairfax Club Estates,Week2,215.5 Fairfax Club Estates - 186.5 Sleepy Hollow Rec
Sleepy Hollow Rec,Week2,Fairfax Club Estates,Week4,242.0 Fairfax Club Estates - 160.0 Sleepy Hollow Rec
Sleepy Hollow B & R,Week5,Kings Ridge ,Week2,316.0 Sleepy Hollow B & R - 86.0 Kings Ridge
Sleepy Hollow B & R,Week4,Bren Mar-Edsall Park,Week2,378.0 Sleepy Hollow B & R - 24.0 Bren Mar-Edsall Park
Sleepy Hollow B & R,Week5,Kings Ridge ,Week5,307.0 Sleepy Hollow B & R - 95.0 Kings Ridge
Sleepy Hollow B & R,Week5,Bren Mar-Edsall Park,Week5,371.0 Sleepy Hollow B & R - 31.0 Bren Mar-Edsall Park
Sideburn Run,Week1,Tuckahoe,Week4,328.0 Tuckahoe - 74.0 Sideburn Run
Sleepy Hollow B & R,Week1,Brookfield ,Week1,227.0 Sleepy Hollow B & R - 175.0 Brookfield
Sideburn Run,Week2,Tuckahoe,Week4,342.0 Tuckahoe - 60.0 Sideburn Run
Sideburn Run,Week4,Vienna Woods,Week2,304.0 Vienna Woods - 98.0 Sideburn Run
Sideburn Run,Week3,Vienna Woods,Week3,301.0 Vienna Woods - 101.0 Sideburn Run
Sideburn Run,Week4,Vienna Woods,Week1,295.0 Vienna Woods - 107.0 Sideburn Run
Sleepy Hollow B & R,Week3,Kings Ridge ,Week5,303.0 Sleepy Hollow B & R - 99.0 Kings Ridge
Sideburn Run,Week3,Vienna Woods,Week4,280.0 Vienna Woods - 122.0 Sideburn Run
Sideburn Run,Week5,Truro,Week3,274.0 Sideburn Run - 128.0 Truro
Sideburn Run,Week3,Tuckahoe,Week1,315.0 Tuckahoe - 87.0 Sideburn Run
Sideburn Run,Week5,Tuckahoe,Week5,315.0 Tuckahoe - 87.0 Sideburn Run
Sideburn Run,Week3,Vienna Woods,Week5,317.0 Vienna Woods - 85.0 Sideburn Run
Sleepy Hollow Rec,Week1,Fairfax Station,Week2,323.0 Fairfax Station - 79.0 Sleepy Hollow Rec
Sleepy Hollow B & R,Week4,Bren Mar-Edsall Park,Week5,374.0 Sleepy Hollow B & R - 28.0 Bren Mar-Edsall Park
Sleepy Hollow B & R,Week4,Bren Mar-Edsall Park,Week3,370.0 Sleepy Hollow B & R - 32.0 Bren Mar-Edsall Park
Sleepy Hollow B & R,Week1,Lake Braddock,Week5,305.0 Sleepy Hollow B & R - 97.0 Lake Braddock
Sleepy Hollow B & R,Week4,Lake Braddock,Week4,329.0 Sleepy Hollow B & R - 73.0 Lake Braddock
Sleepy Hollow Rec,Week5,Fairfax Club Estates,Week4,234.0 Fairfax Club Estates - 168.0 Sleepy Hollow Rec
Sideburn Run,Week5,Truro,Week5,271.0 Sideburn Run - 131.0 Truro
Sleepy Hollow Rec,Week5,Fairfax Club Estates,Week5,233.0 Fairfax Club Estates - 168.0 Sleepy Hollow Rec
Sleepy Hollow Rec,Week4,Fairfax Club Estates,Week5,242.0 Fairfax Club Estates - 160.0 Sleepy Hollow Rec
Sideburn Run,Week3,Vienna Woods,Week2,296.0 Vienna Woods - 106.0 Sideburn Run
Sleepy Hollow B & R,Week3,Brookfield ,Week1,247.0 Sleepy Hollow B & R - 155.0 Brookfield
Sideburn Run,Week4,Vienna Woods,Week3,311.5 Vienna Woods - 90.5 Sideburn Run
Sleepy Hollow Rec,Week4,Fairfax Club Estates,Week2,230.0 Fairfax Club Estates - 172.0 Sleepy Hollow Rec
Sleepy Hollow B & R,Week4,Lake Braddock,Week5,316.0 Sleepy Hollow B & R - 86.0 Lake Braddock
Sideburn Run,Week3,Tuckahoe,Week3,338.0 Tuckahoe - 64.0 Sideburn Run
Sideburn Run,Week3,Villa Aquatic,Week1,213.0 Sideburn Run - 189.0 Villa Aquatic
Sleepy Hollow Rec,Week5,Fairfax Club Estates,Week1,211.0 Fairfax Club Estates - 191.0 Sleepy Hollow Rec
Sleepy Hollow B & R,Week1,Lakevale Estates,Week1,245.0 Lakevale Estates - 157.0 Sleepy Hollow B & R
Sleepy Hollow Rec,Week1,Fairfax Station,Week1,330.0 Fairfax Station - 72.0 Sleepy Hollow Rec
Sideburn Run,Week4,Vienna Woods,Week4,289.0 Vienna Woods - 113.0 Sideburn Run
Sleepy Hollow B & R,Week4,Brookfield ,Week3,271.0 Sleepy Hollow B & R - 131.0 Brookfield
Sideburn Run,Week2,Villa Aquatic,Week1,204.0 Villa Aquatic - 198.0 Sideburn Run
Sleepy Hollow B & R,Week1,Lake Braddock,Week4,318.0 Sleepy Hollow B & R - 84.0 Lake Braddock
Sleepy Hollow B & R,Week3,Lake Braddock,Week2,328.0 Sleepy Hollow B & R - 74.0 Lake Braddock
Sideburn Run,Week1,Vienna Aquatic,Week3,280.0 Vienna Aquatic - 122.0 Sideburn Run
Sideburn Run,Week2,Villa Aquatic,Week2,208.0 Sideburn Run - 194.0 Villa Aquatic
Sleepy Hollow B & R,Week4,Brookfield ,Week4,244.0 Sleepy Hollow B & R - 158.0 Brookfield
Sleepy Hollow B & R,Week5,Bren Mar-Edsall Park,Week1,379.0 Sleepy Hollow B & R - 21.0 Bren Mar-Edsall Park
Sleepy Hollow B & R,Week2,Lake Braddock,Week4,333.0 Sleepy Hollow B & R - 69.0 Lake Braddock
Sleepy Hollow B & R,Week5,Brookfield ,Week4,260.0 Sleepy Hollow B & R - 142.0 Brookfield
Sideburn Run,Week4,Tuckahoe,Week2,322.0 Tuckahoe - 80.0 Sideburn Run
Sleepy Hollow Rec,Week1,Fairfax Station,Week5,339.0 Fairfax Station - 63.0 Sleepy Hollow Rec
Sleepy Hollow B & R,Week2,Lake Braddock,Week3,322.0 Sleepy Hollow B & R - 80.0 Lake Braddock
Sleepy Hollow B & R,Week2,Lakevale Estates,Week4,274.0 Lakevale Estates - 128.0 Sleepy Hollow B & R
Sleepy Hollow B & R,Week1,Brookfield ,Week5,226.0 Sleepy Hollow B & R - 176.0 Brookfield
Sideburn Run,Week5,Vienna Woods,Week3,301.5 Vienna Woods - 100.5 Sideburn Run
Sideburn Run,Week3,Tuckahoe,Week5,319.0 Tuckahoe - 83.0 Sideburn Run
Sideburn Run,Week4,Tuckahoe,Week1,319.0 Tuckahoe - 83.0 Sideburn Run
Sideburn Run,Week1,Villa Aquatic,Week5,215.0 Sideburn Run - 187.0 Villa Aquatic
Sleepy Hollow B & R,Week3,Brookfield ,Week5,252.0 Sleepy Hollow B & R - 150.0 Brookfield
Sleepy Hollow B & R,Week2,Brookfield ,Week4,236.0 Sleepy Hollow B & R - 166.0 Brookfield
Sideburn Run,Week4,Tuckahoe,Week3,343.0 Tuckahoe - 59.0 Sideburn Run
Sleepy Hollow Rec,Week2,Fairfax Club Estates,Week5,239.0 Fairfax Club Estates - 162.0 Sleepy Hollow Rec
Sideburn Run,Week5,Tuckahoe,Week2,308.0 Tuckahoe - 94.0 Sideburn Run
Sleepy Hollow Rec,Week3,Fairfax Club Estates,Week4,230.0 Fairfax Club Estates - 172.0 Sleepy Hollow Rec
Sideburn Run,Week1,Villa Aquatic,Week1,213.0 Sideburn Run - 189.0 Villa Aquatic
Sideburn Run,Week4,Vienna Woods,Week5,325.0 Vienna Woods - 77.0 Sideburn Run
Sleepy Hollow B & R,Week3,Lake Braddock,Week4,332.0 Sleepy Hollow B & R - 70.0 Lake Braddock
Sleepy Hollow Rec,Week3,Fairfax Club Estates,Week5,228.0 Fairfax Club Estates - 174.0 Sleepy Hollow Rec
Sleepy Hollow B & R,Week2,Lake Braddock,Week2,328.0 Sleepy Hollow B & R - 74.0 Lake Braddock
Sleepy Hollow B & R,Week4,Brookfield ,Week2,258.0 Sleepy Hollow B & R - 144.0 Brookfield
Sleepy Hollow B & R,Week3,Lake Braddock,Week5,320.0 Sleepy Hollow B & R - 82.0 Lake Braddock
Sleepy Hollow Rec,Week4,Fairfax Club Estates,Week1,238.0 Fairfax Club Estates - 164.0 Sleepy Hollow Rec
Sideburn Run,Week2,Villa Aquatic,Week3,225.0 Villa Aquatic - 177.0 Sideburn Run
Sleepy Hollow B & R,Week1,Lake Braddock,Week3,314.0 Sleepy Hollow B & R - 88.0 Lake Braddock
Sideburn Run,Week5,Villa Aquatic,Week1,228.0 Sideburn Run - 174.0 Villa Aquatic
Sleepy Hollow B & R,Week5,Lake Braddock,Week4,337.0 Sleepy Hollow B & R - 65.0 Lake Braddock
Sideburn Run,Week2,Pinewood Lake,Week1,359.0 Sideburn Run - 41.0 Pinewood Lake
Sleepy Hollow Rec,Week2,Forest Hollow,Week1,297.0 Forest Hollow - 105.0 Sleepy Hollow Rec
Sleepy Hollow B & R,Week3,Brookfield ,Week2,249.5 Sleepy Hollow B & R - 152.5 Brookfield
Sleepy Hollow B & R,Week2,Brookfield ,Week3,254.0 Sleepy Hollow B & R - 148.0 Brookfield
Sideburn Run,Week2,Vienna Aquatic,Week1,290.0 Vienna Aquatic - 112.0 Sideburn Run
Sideburn Run,Week4,Villa Aquatic,Week2,237.0 Sideburn Run - 165.0 Villa Aquatic
Sideburn Run,Week3,Tuckahoe,Week2,316.0 Tuckahoe - 86.0 Sideburn Run
Sleepy Hollow B & R,Week1,Lakevale Estates,Week5,269.0 Lakevale Estates - 133.0 Sleepy Hollow B & R
Sleepy Hollow B & R,Week5,Brookfield ,Week1,262.0 Sleepy Hollow B & R - 140.0 Brookfield
Sleepy Hollow Rec,Week4,Fairfax Club Estates,Week3,239.0 Fairfax Club Estates - 163.0 Sleepy Hollow Rec
Sideburn Run,Week3,Villa Aquatic,Week4,204.0 Sideburn Run - 198.0 Villa Aquatic
Sleepy Hollow Rec,Week5,Fairfax Club Estates,Week2,213.0 Fairfax Club Estates - 189.0 Sleepy Hollow Rec
Sleepy Hollow B & R,Week5,Brookfield ,Week2,271.0 Sleepy Hollow B & R - 131.0 Brookfield
Sideburn Run,Week3,Villa Aquatic,Week5,217.0 Villa Aquatic - 185.0 Sideburn Run
Sleepy Hollow B & R,Week1,Lakevale Estates,Week3,245.0 Lakevale Estates - 157.0 Sleepy Hollow B & R
Sleepy Hollow Rec,Week1,Fairfax Station,Week3,344.0 Fairfax Station - 58.0 Sleepy Hollow Rec
Sideburn Run,Week3,Villa Aquatic,Week3,215.0 Villa Aquatic - 187.0 Sideburn Run
Sleepy Hollow B & R,Week3,Lakevale Estates,Week1,228.0 Lakevale Estates - 174.0 Sleepy Hollow B & R
Sleepy Hollow Rec,Week1,Fairfax Station,Week4,317.0 Fairfax Station - 85.0 Sleepy Hollow Rec
Sleepy Hollow B & R,Week5,Lake Braddock,Week1,351.0 Sleepy Hollow B & R - 51.0 Lake Braddock
Sleepy Hollow Rec,Week3,Fairfax Club Estates,Week1,212.0 Fairfax Club Estates - 190.0 Sleepy Hollow Rec
Sleepy Hollow Rec,Week1,Forest Hollow,Week3,283.0 Forest Hollow - 119.0 Sleepy Hollow Rec
Sideburn Run,Week1,Vienna Aquatic,Week1,275.0 Vienna Aquatic - 127.0 Sideburn Run
Sideburn Run,Week1,Vienna Aquatic,Week5,290.0 Vienna Aquatic - 112.0 Sideburn Run
Sleepy Hollow B & R,Week1,Lake Braddock,Week2,315.0 Sleepy Hollow B & R - 87.0 Lake Braddock
Sideburn Run,Week4,Villa Aquatic,Week3,225.0 Villa Aquatic - 177.0 Sideburn Run
Sleepy Hollow Rec,Week4,Fairfax Club Estates,Week4,252.0 Fairfax Club Estates - 150.0 Sleepy Hollow Rec
Sleepy Hollow B & R,Week4,Bren Mar-Edsall Park,Week4,374.0 Sleepy Hollow B & R - 28.0 Bren Mar-Edsall Park
Sideburn Run,Week5,Tuckahoe,Week1,308.0 Tuckahoe - 94.0 Sideburn Run
Sleepy Hollow B & R,Week5,Bren Mar-Edsall Park,Week4,373.0 Sleepy Hollow B & R - 28.0 Bren Mar-Edsall Park
Sleepy Hollow B & R,Week3,Lake Braddock,Week1,345.0 Sleepy Hollow B & R - 57.0 Lake Braddock
Sideburn Run,Week2,Vienna Aquatic,Week3,295.0 Vienna Aquatic - 107.0 Sideburn Run
Sleepy Hollow B & R,Week4,Brookfield ,Week5,251.0 Sleepy Hollow B & R - 151.0 Brookfield
Sideburn Run,Week2,Vienna Aquatic,Week2,274.0 Vienna Aquatic - 128.0 Sideburn Run
Sideburn Run,Week5,Villa Aquatic,Week2,252.0 Sideburn Run - 150.0 Villa Aquatic
Sideburn Run,Week5,Vienna Woods,Week5,311.0 Vienna Woods - 91.0 Sideburn Run
Sleepy Hollow B & R,Week5,Bren Mar-Edsall Park,Week3,375.0 Sleepy Hollow B & R - 27.0 Bren Mar-Edsall Park
Sideburn Run,Week5,Tuckahoe,Week4,322.0 Tuckahoe - 80.0 Sideburn Run
Sideburn Run,Week5,Tuckahoe,Week3,327.0 Tuckahoe - 75.0 Sideburn Run
Sleepy Hollow Rec,Week3,Forest Hollow,Week2,254.0 Forest Hollow - 148.0 Sleepy Hollow Rec
Sideburn Run,Week1,Vienna Aquatic,Week2,266.0 Vienna Aquatic - 136.0 Sideburn Run
Sideburn Run,Week3,Villa Aquatic,Week2,227.0 Sideburn Run - 175.0 Villa Aquatic
Sideburn Run,Week4,Tuckahoe,Week4,333.0 Tuckahoe - 69.0 Sideburn Run
Sleepy Hollow Rec,Week3,Forest Hollow,Week4,273.5 Forest Hollow - 128.5 Sleepy Hollow Rec
Sideburn Run,Week1,Vienna Aquatic,Week4,262.0 Vienna Aquatic - 140.0 Sideburn Run
Sleepy Hollow Rec,Week1,Forest Hollow,Week5,295.0 Forest Hollow - 107.0 Sleepy Hollow Rec
Sleepy Hollow Rec,Week2,Forest Hollow,Week4,293.0 Forest Hollow - 109.0 Sleepy Hollow Rec
Sleepy Hollow B & R,Week1,Brookfield ,Week4,230.0 Sleepy Hollow B & R - 172.0 Brookfield
Sleepy Hollow B & R,Week5,Bren Mar-Edsall Park,Week2,380.0 Sleepy Hollow B & R - 21.0 Bren Mar-Edsall Park
Sideburn Run,Week4,Tuckahoe,Week5,319.0 Tuckahoe - 83.0 Sideburn Run
Sleepy Hollow B & R,Week1,Brookfield ,Week3,249.0 Sleepy Hollow B & R - 153.0 Brookfield
Sideburn Run,Week4,Villa Aquatic,Week5,222.0 Villa Aquatic - 180.0 Sideburn Run
Sideburn Run,Week2,Pinewood Lake,Week3,365.0 Sideburn Run - 33.0 Pinewood Lake
Sleepy Hollow B & R,Week3,Lake Braddock,Week3,326.0 Sleepy Hollow B & R - 76.0 Lake Braddock
Sleepy Hollow B & R,Week4,Lake Braddock,Week1,335.0 Sleepy Hollow B & R - 67.0 Lake Braddock
Sleepy Hollow B & R,Week1,Brookfield ,Week2,245.5 Sleepy Hollow B & R - 156.5 Brookfield
Sideburn Run,Week2,Villa Aquatic,Week4,204.0 Villa Aquatic - 198.0 Sideburn Run
Sleepy Hollow B & R,Week2,Brookfield ,Week2,245.0 Sleepy Hollow B & R - 157.0 Brookfield
Sideburn Run,Week3,Pinewood Lake,Week2,366.0 Sideburn Run - 35.0 Pinewood Lake
Sideburn Run,Week1,Villa Aquatic,Week4,216.0 Sideburn Run - 186.0 Villa Aquatic
Sleepy Hollow B & R,Week2,Brookfield ,Week5,234.0 Sleepy Hollow B & R - 168.0 Brookfield
Sleepy Hollow B & R,Week1,Lakevale Estates,Week4,265.0 Lakevale Estates - 137.0 Sleepy Hollow B & R
Sleepy Hollow B & R,Week2,Lake Braddock,Week5,313.0 Sleepy Hollow B & R - 89.0 Lake Braddock
Sideburn Run,Week1,Pinewood Lake,Week5,349.0 Sideburn Run - 49.0 Pinewood Lake
Sideburn Run,Week5,Pinecrest,Week1,245.0 Pinecrest - 157.0 Sideburn Run
Sideburn Run,Week1,Villa Aquatic,Week2,229.0 Sideburn Run - 173.0 Villa Aquatic
Sleepy Hollow B & R,Week4,Lake Braddock,Week2,327.0 Sleepy Hollow B & R - 75.0 Lake Braddock
Sideburn Run,Week3,Pinewood Lake,Week5,362.0 Sideburn Run - 39.0 Pinewood Lake
Sleepy Hollow B & R,Week5,Lake Braddock,Week3,340.0 Sleepy Hollow B & R - 62.0 Lake Braddock
Sleepy Hollow Rec,Week4,Fairfax Station,Week2,338.0 Fairfax Station - 64.0 Sleepy Hollow Rec
Sideburn Run,Week3,Pinecrest,Week5,260.0 Pinecrest - 142.0 Sideburn Run
Sideburn Run,Week3,Tuckahoe,Week4,330.0 Tuckahoe - 72.0 Sideburn Run
Sideburn Run,Week5,Vienna Woods,Week4,286.0 Vienna Woods - 116.0 Sideburn Run
Sleepy Hollow Rec,Week3,Fairfax Station,Week5,331.0 Fairfax Station - 71.0 Sleepy Hollow Rec
Sleepy Hollow B & R,Week2,Lakevale Estates,Week5,261.0 Lakevale Estates - 141.0 Sleepy Hollow B & R
Sleepy Hollow B & R,Week5,Brookfield ,Week3,281.0 Sleepy Hollow B & R - 121.0 Brookfield
Sleepy Hollow B & R,Week2,Lakevale Estates,Week1,229.0 Lakevale Estates - 173.0 Sleepy Hollow B & R
Sleepy Hollow B & R,Week5,Broyhill Crest,Week3,377.0 Sleepy Hollow B & R - 24.0 Broyhill Crest
Sideburn Run,Week4,Villa Aquatic,Week4,203.0 Sideburn Run - 199.0 Villa Aquatic
Sideburn Run,Week2,Villa Aquatic,Week5,216.0 Villa Aquatic - 186.0 Sideburn Run
Sleepy Hollow Rec,Week2,Fairfax Station,Week5,344.0 Fairfax Station - 58.0 Sleepy Hollow Rec
Sideburn Run,Week4,Villa Aquatic,Week1,213.0 Sideburn Run - 189.0 Villa Aquatic
Sleepy Hollow B & R,Week3,Brookfield ,Week3,262.0 Sleepy Hollow B & R - 140.0 Brookfield
Sideburn Run,Week4,Pinecrest,Week3,277.0 Pinecrest - 125.0 Sideburn Run
Sideburn Run,Week3,Pinecrest,Week2,254.0 Pinecrest - 148.0 Sideburn Run
Sleepy Hollow Rec,Week4,Fairfax Station,Week5,361.0 Fairfax Station - 41.0 Sleepy Hollow Rec
Sleepy Hollow Rec,Week3,Fairfax Station,Week3,331.0 Fairfax Station - 71.0 Sleepy Hollow Rec
Sideburn Run,Week4,Pinecrest,Week5,256.0 Pinecrest - 146.0 Sideburn Run
Sleepy Hollow B & R,Week3,Lakevale Estates,Week3,231.0 Lakevale Estates - 171.0 Sleepy Hollow B & R
Sleepy Hollow Rec,Week5,Fairfax Station,Week1,315.0 Fairfax Station - 87.0 Sleepy Hollow Rec
Sideburn Run,Week3,Pinecrest,Week3,267.0 Pinecrest - 135.0 Sideburn Run
Sleepy Hollow B & R,Week4,Lake Braddock,Week3,329.0 Sleepy Hollow B & R - 73.0 Lake Braddock
Sleepy Hollow B & R,Week4,Brookfield ,Week1,257.0 Sleepy Hollow B & R - 145.0 Brookfield
Sideburn Run,Week5,Village West,Week1,289.0 Sideburn Run - 113.0 Village West
Sleepy Hollow B & R,Week1,Burke Station,Week1,272.0 Sleepy Hollow B & R - 107.0 Burke Station
Sleepy Hollow B & R,Week1,Lakeview,Week2,319.0 Sleepy Hollow B & R - 83.0 Lakeview
Sleepy Hollow B & R,Week1,Lakevale Estates,Week2,243.0 Lakevale Estates - 159.0 Sleepy Hollow B & R
Sleepy Hollow Rec,Week3,Fairfax Station,Week1,315.0 Fairfax Station - 87.0 Sleepy Hollow Rec
Sleepy Hollow B & R,Week5,Broyhill Crest,Week4,369.0 Sleepy Hollow B & R - 33.0 Broyhill Crest
Sideburn Run,Week3,Village West,Week4,256.0 Sideburn Run - 141.0 Village West
Sleepy Hollow Rec,Week4,Fairfax Station,Week3,349.0 Fairfax Station - 53.0 Sleepy Hollow Rec
Sideburn Run,Week5,Pinecrest,Week5,250.0 Pinecrest - 152.0 Sideburn Run
Sideburn Run,Week1,Pinewood Lake,Week3,358.0 Sideburn Run - 39.0 Pinewood Lake
Sleepy Hollow B & R,Week2,Lakevale Estates,Week3,243.0 Lakevale Estates - 159.0 Sleepy Hollow B & R
Sideburn Run,Week5,Villa Aquatic,Week5,208.0 Sideburn Run - 194.0 Villa Aquatic
Sleepy Hollow Rec,Week5,Fairfax Station,Week3,332.0 Fairfax Station - 70.0 Sleepy Hollow Rec
Sideburn Run,Week4,Village West,Week5,267.0 Sideburn Run - 135.0 Village West
Sideburn Run,Week3,Village West,Week1,277.0 Sideburn Run - 125.0 Village West
Sleepy Hollow B & R,Week5,Lake Braddock,Week2,329.0 Sleepy Hollow B & R - 73.0 Lake Braddock
Sleepy Hollow B & R,Week1,Burke Station,Week2,320.0 Sleepy Hollow B & R - 82.0 Burke Station
Sleepy Hollow B & R,Week3,Broyhill Crest,Week2,371.0 Sleepy Hollow B & R - 31.0 Broyhill Crest
Sideburn Run,Week5,Pinecrest,Week2,252.0 Pinecrest - 150.0 Sideburn Run
Sideburn Run,Week1,Village West,Week5,263.0 Sideburn Run - 139.0 Village West
Sleepy Hollow Rec,Week2,Forest Hollow,Week2,279.0 Forest Hollow - 123.0 Sleepy Hollow Rec
Sleepy Hollow Rec,Week5,Fairfax Station,Week4,307.0 Fairfax Station - 95.0 Sleepy Hollow Rec
Sideburn Run,Week3,Pinecrest,Week4,266.0 Pinecrest - 136.0 Sideburn Run
Sideburn Run,Week1,Pinewood Lake,Week2,348.0 Sideburn Run - 46.0 Pinewood Lake
Sleepy Hollow B & R,Week2,Broyhill Crest,Week2,373.0 Sleepy Hollow B & R - 28.0 Broyhill Crest
Sideburn Run,Week2,Village West,Week3,233.0 Sideburn Run - 169.0 Village West
Sideburn Run,Week4,Pinecrest,Week2,253.0 Pinecrest - 149.0 Sideburn Run
Sideburn Run,Week5,Pinecrest,Week3,264.0 Pinecrest - 138.0 Sideburn Run
Sleepy Hollow B & R,Week2,Broyhill Crest,Week1,372.0 Sleepy Hollow B & R - 29.0 Broyhill Crest
Sleepy Hollow B & R,Week2,Broyhill Crest,Week4,368.0 Sleepy Hollow B & R - 34.0 Broyhill Crest
Sideburn Run,Week4,Pinecrest,Week1,251.0 Pinecrest - 151.0 Sideburn Run
Sleepy Hollow B & R,Week4,Lakevale Estates,Week3,240.0 Lakevale Estates - 162.0 Sleepy Hollow B & R
Sleepy Hollow Rec,Week2,Fairfax Station,Week3,337.0 Fairfax Station - 65.0 Sleepy Hollow Rec
Sleepy Hollow B & R,Week5,Lake Braddock,Week5,325.0 Sleepy Hollow B & R - 77.0 Lake Braddock
Sleepy Hollow B & R,Week2,Lakevale Estates,Week2,241.0 Lakevale Estates - 161.0 Sleepy Hollow B & R
Sleepy Hollow Rec,Week4,Fairfax Station,Week1,332.0 Fairfax Station - 70.0 Sleepy Hollow Rec
Sleepy Hollow Rec,Week4,Fairfax Station,Week4,327.0 Fairfax Station - 75.0 Sleepy Hollow Rec
Sideburn Run,Week3,Village West,Week2,271.0 Sideburn Run - 131.0 Village West
Sleepy Hollow B & R,Week3,Broyhill Crest,Week5,364.0 Sleepy Hollow B & R - 38.0 Broyhill Crest
Sleepy Hollow Rec,Week3,Fairfax Station,Week4,301.0 Fairfax Station - 101.0 Sleepy Hollow Rec
Sideburn Run,Week4,Village West,Week4,278.0 Sideburn Run - 119.0 Village West
Sideburn Run,Week2,Pinecrest,Week5,282.0 Pinecrest - 120.0 Sideburn Run
Sideburn Run,Week1,Village West,Week1,267.0 Sideburn Run - 135.0 Village West
Sleepy Hollow B & R,Week4,Lakevale Estates,Week4,268.0 Lakevale Estates - 134.0 Sleepy Hollow B & R
Sleepy Hollow B & R,Week4,Lakevale Estates,Week2,231.0 Lakevale Estates - 171.0 Sleepy Hollow B & R
Sleepy Hollow B & R,Week1,Broyhill Crest,Week1,356.0 Sleepy Hollow B & R - 45.0 Broyhill Crest
Sideburn Run,Week3,Virginia Hills,Week2,352.0 Sideburn Run - 50.0 Virginia Hills
Sleepy Hollow Rec,Week1,Forest Hollow,Week2,266.0 Forest Hollow - 131.0 Sleepy Hollow Rec
Sideburn Run,Week2,Pinecrest,Week4,285.0 Pinecrest - 117.0 Sideburn Run
Sideburn Run,Week2,Pinecrest,Week3,298.0 Pinecrest - 104.0 Sideburn Run
Sideburn Run,Week3,Village West,Week3,245.0 Sideburn Run - 157.0 Village West
Sleepy Hollow B & R,Week4,Broyhill Crest,Week2,377.0 Sleepy Hollow B & R - 24.0 Broyhill Crest
Sleepy Hollow B & R,Week3,Broyhill Crest,Week4,364.0 Sleepy Hollow B & R - 38.0 Broyhill Crest
Sideburn Run,Week5,Lake Braddock,Week1,337.0 Sideburn Run - 65.0 Lake Braddock
Sleepy Hollow B & R,Week5,Broyhill Crest,Week2,375.0 Sleepy Hollow B & R - 27.0 Broyhill Crest
Sideburn Run,Week5,Lake Braddock,Week3,323.5 Sideburn Run - 78.5 Lake Braddock
Sleepy Hollow B & R,Week5,Lakevale Estates,Week4,242.0 Lakevale Estates - 160.0 Sleepy Hollow B & R
Sleepy Hollow B & R,Week3,Lakeview,Week4,294.0 Sleepy Hollow B & R - 108.0 Lakeview
Sleepy Hollow B & R,Week5,Broyhill Crest,Week1,372.0 Sleepy Hollow B & R - 29.0 Broyhill Crest
Sleepy Hollow B & R,Week4,Lakevale Estates,Week5,275.0 Lakevale Estates - 127.0 Sleepy Hollow B & R
Sleepy Hollow B & R,Week1,Broyhill Crest,Week4,346.0 Sleepy Hollow B & R - 56.0 Broyhill Crest
Sideburn Run,Week1,Pinewood Lake,Week1,345.0 Sideburn Run - 52.0 Pinewood Lake
Sideburn Run,Week4,Pinecrest,Week4,280.0 Pinecrest - 122.0 Sideburn Run
Sleepy Hollow B & R,Week3,Lakevale Estates,Week4,262.0 Lakevale Estates - 140.0 Sleepy Hollow B & R
Sideburn Run,Week3,Pinecrest,Week1,236.0 Pinecrest - 166.0 Sideburn Run
Sleepy Hollow Rec,Week5,Fairfax Station,Week2,318.5 Fairfax Station - 83.5 Sleepy Hollow Rec
Sideburn Run,Week1,Pinewood Lake,Week4,355.0 Sideburn Run - 43.0 Pinewood Lake
Sideburn Run,Week2,Village West,Week4,247.0 Sideburn Run - 150.0 Village West
Sideburn Run,Week1,Lakevale Estates,Week1,258.0 Lakevale Estates - 144.0 Sideburn Run
Sideburn Run,Week3,Virginia Hills,Week4,356.0 Sideburn Run - 46.0 Virginia Hills
Sideburn Run,Week5,Pinecrest,Week4,276.0 Pinecrest - 126.0 Sideburn Run
Sleepy Hollow Rec,Week1,Forest Hollow,Week1,289.0 Forest Hollow - 113.0 Sleepy Hollow Rec
Sleepy Hollow B & R,Week5,Lakevale Estates,Week3,214.0 Lakevale Estates - 188.0 Sleepy Hollow B & R
Sleepy Hollow B & R,Week4,Broyhill Crest,Week1,374.0 Sleepy Hollow B & R - 27.0 Broyhill Crest
Sideburn Run,Week3,Village West,Week5,269.0 Sideburn Run - 133.0 Village West
Sleepy Hollow B & R,Week4,Broyhill Crest,Week4,372.0 Sleepy Hollow B & R - 29.0 Broyhill Crest
Sideburn Run,Week4,Village West,Week3,254.0 Sideburn Run - 148.0 Village West
Sleepy Hollow B & R,Week1,Lakeview,Week5,287.5 Sleepy Hollow B & R - 105.5 Lakeview
Sleepy Hollow Rec,Week5,Fairfax Station,Week5,336.0 Fairfax Station - 66.0 Sleepy Hollow Rec
Sleepy Hollow Rec,Week2,Fairfax Station,Week4,314.0 Fairfax Station - 88.0 Sleepy Hollow Rec
Sleepy Hollow Rec,Week3,Fairfax Station,Week2,311.0 Fairfax Station - 91.0 Sleepy Hollow Rec
Sleepy Hollow Rec,Week2,Forest Hollow,Week3,285.0 Forest Hollow - 117.0 Sleepy Hollow Rec
Sideburn Run,Week2,Virginia Hills,Week1,347.0 Sideburn Run - 55.0 Virginia Hills
Sleepy Hollow B & R,Week2,Lakeview,Week4,308.0 Sleepy Hollow B & R - 94.0 Lakeview
Sideburn Run,Week1,Lake Braddock,Week3,293.0 Sideburn Run - 109.0 Lake Braddock
Sleepy Hollow B & R,Week5,Lakevale Estates,Week5,237.0 Lakevale Estates - 165.0 Sleepy Hollow B & R
Sleepy Hollow B & R,Week1,Lakeview,Week1,313.0 Sleepy Hollow B & R - 89.0 Lakeview
Sleepy Hollow Rec,Week2,Forest Hollow,Week5,297.0 Forest Hollow - 105.0 Sleepy Hollow Rec
Sleepy Hollow Rec,Week3,Forest Hollow,Week1,274.0 Forest Hollow - 128.0 Sleepy Hollow Rec
Sleepy Hollow B & R,Week2,Broyhill Crest,Week3,382.0 Sleepy Hollow B & R - 20.0 Broyhill Crest
Sideburn Run,Week2,Pinewood Lake,Week5,361.0 Sideburn Run - 39.0 Pinewood Lake
Sleepy Hollow B & R,Week3,Lakeview,Week5,294.0 Sleepy Hollow B & R - 99.0 Lakeview
Sideburn Run,Week2,Pinewood Lake,Week4,364.0 Sideburn Run - 34.0 Pinewood Lake
Sideburn Run,Week4,Lake Braddock,Week1,328.0 Sideburn Run - 74.0 Lake Braddock
Sleepy Hollow B & R,Week3,Broyhill Crest,Week1,372.0 Sleepy Hollow B & R - 30.0 Broyhill Crest
Sideburn Run,Week1,Village West,Week2,266.0 Sideburn Run - 136.0 Village West
Sleepy Hollow B & R,Week2,Broyhill Crest,Week5,370.0 Sleepy Hollow B & R - 32.0 Broyhill Crest
Sideburn Run,Week1,Village West,Week3,253.0 Sideburn Run - 149.0 Village West
Sleepy Hollow Rec,Week1,Forest Hollow,Week4,299.0 Forest Hollow - 103.0 Sleepy Hollow Rec
Sideburn Run,Week1,Lakevale Estates,Week2,244.0 Lakevale Estates - 158.0 Sideburn Run
Sideburn Run,Week2,Pinewood Lake,Week2,356.0 Sideburn Run - 42.0 Pinewood Lake
Sideburn Run,Week2,Lake Braddock,Week5,271.0 Sideburn Run - 131.0 Lake Braddock
Sleepy Hollow B & R,Week5,Lakevale Estates,Week1,202.0 Lakevale Estates - 200.0 Sleepy Hollow B & R
Sleepy Hollow B & R,Week3,Broyhill Crest,Week3,380.0 Sleepy Hollow B & R - 21.0 Broyhill Crest
Sleepy Hollow B & R,Week4,Broyhill Crest,Week3,381.0 Sleepy Hollow B & R - 20.0 Broyhill Crest
Sleepy Hollow B & R,Week3,Lakevale Estates,Week2,236.0 Lakevale Estates - 166.0 Sleepy Hollow B & R
Sideburn Run,Week3,Lake Braddock,Week3,306.0 Sideburn Run - 96.0 Lake Braddock
Sideburn Run,Week3,Pinewood Lake,Week3,370.0 Sideburn Run - 31.0 Pinewood Lake
Sideburn Run,Week5,Villa Aquatic,Week4,220.0 Sideburn Run - 182.0 Villa Aquatic
Sideburn Run,Week3,Pinewood Lake,Week1,364.0 Sideburn Run - 37.0 Pinewood Lake
Sleepy Hollow Rec,Week4,Forest Hollow,Week1,294.0 Forest Hollow - 108.0 Sleepy Hollow Rec
Sideburn Run,Week3,Pinewood Lake,Week4,370.0 Sideburn Run - 31.0 Pinewood Lake
Sleepy Hollow B & R,Week5,Lakevale Estates,Week2,202.0 Lakevale Estates - 200.0 Sleepy Hollow B & R
Sideburn Run,Week2,Lake Braddock,Week3,291.0 Sideburn Run - 111.0 Lake Braddock
Sideburn Run,Week4,Village West,Week1,298.0 Sideburn Run - 104.0 Village West
Sleepy Hollow Rec,Week3,Forest Hollow,Week3,272.0 Forest Hollow - 130.0 Sleepy Hollow Rec
Sleepy Hollow B & R,Week4,Broyhill Crest,Week5,374.0 Sleepy Hollow B & R - 28.0 Broyhill Crest
Sideburn Run,Week5,Lake Braddock,Week4,326.0 Sideburn Run - 76.0 Lake Braddock
Sideburn Run,Week2,Village West,Week5,250.0 Sideburn Run - 152.0 Village West
Sleepy Hollow B & R,Week1,Broyhill Crest,Week2,360.0 Sleepy Hollow B & R - 41.0 Broyhill Crest
Sideburn Run,Week2,Village West,Week1,268.0 Sideburn Run - 134.0 Village West
Sideburn Run,Week5,Villa Aquatic,Week3,202.0 Villa Aquatic - 200.0 Sideburn Run
Sleepy Hollow Rec,Week5,Forest Hollow,Week1,269.0 Forest Hollow - 133.0 Sleepy Hollow Rec
Sideburn Run,Week2,Lake Braddock,Week2,294.0 Sideburn Run - 108.0 Lake Braddock
Sleepy Hollow Rec,Week3,Forest Hollow,Week5,282.0 Forest Hollow - 120.0 Sleepy Hollow Rec
Sleepy Hollow Rec,Week4,Forest Hollow,Week2,286.0 Forest Hollow - 116.0 Sleepy Hollow Rec
Sleepy Hollow B & R,Week4,Lakevale Estates,Week1,222.0 Lakevale Estates - 180.0 Sleepy Hollow B & R
Sideburn Run,Week1,Pleasant Valley,Week5,308.0 Sideburn Run - 93.0 Pleasant Valley
Sleepy Hollow B & R,Week5,Brookfield ,Week5,273.0 Sleepy Hollow B & R - 129.0 Brookfield
Sleepy Hollow B & R,Week1,Broyhill Crest,Week5,338.5 Sleepy Hollow B & R - 63.5 Broyhill Crest
Sleepy Hollow B & R,Week1,Broyhill Crest,Week3,368.0 Sleepy Hollow B & R - 34.0 Broyhill Crest
Sideburn Run,Week5,Pinewood Lake,Week5,364.0 Sideburn Run - 37.0 Pinewood Lake
Sideburn Run,Week4,Pinewood Lake,Week1,356.0 Sideburn Run - 45.0 Pinewood Lake
Sideburn Run,Week2,Pleasant Valley,Week5,304.0 Sideburn Run - 96.0 Pleasant Valley
Sleepy Hollow Rec,Week4,Forest Hollow,Week3,292.0 Forest Hollow - 110.0 Sleepy Hollow Rec
Sleepy Hollow Rec,Week4,Forest Hollow,Week4,299.0 Forest Hollow - 103.0 Sleepy Hollow Rec
Sleepy Hollow B & R,Week1,Lakeview,Week3,287.0 Sleepy Hollow B & R - 115.0 Lakeview
Sleepy Hollow B & R,Week2,Lakeview,Week2,333.0 Sleepy Hollow B & R - 69.0 Lakeview
Sideburn Run,Week3,Lake Braddock,Week5,306.0 Sideburn Run - 96.0 Lake Braddock
Sideburn Run,Week4,Village West,Week2,276.0 Sideburn Run - 126.0 Village West
Sleepy Hollow B & R,Week5,Broyhill Crest,Week5,364.0 Sleepy Hollow B & R - 38.0 Broyhill Crest
Sideburn Run,Week3,Pleasant Valley,Week2,324.0 Sideburn Run - 77.0 Pleasant Valley
Sleepy Hollow B & R,Week2,Lakeview,Week1,332.0 Sleepy Hollow B & R - 70.0 Lakeview
Sideburn Run,Week4,Lake Braddock,Week4,317.0 Sideburn Run - 85.0 Lake Braddock
Sideburn Run,Week1,Village West,Week4,261.0 Sideburn Run - 136.0 Village West
Sideburn Run,Week2,Village West,Week2,254.0 Sideburn Run - 148.0 Village West
Sleepy Hollow B & R,Week4,Burke Station,Week4,321.0 Sleepy Hollow B & R - 81.0 Burke Station
Sleepy Hollow Rec,Week5,Fox Hunt,Week4,265.0 Fox Hunt - 136.0 Sleepy Hollow Rec
Sideburn Run,Week5,Village West,Week4,276.0 Sideburn Run - 121.0 Village West
Sleepy Hollow Rec,Week5,Forest Hollow,Week5,283.0 Forest Hollow - 119.0 Sleepy Hollow Rec
Sleepy Hollow B & R,Week3,Lakeview,Week1,324.0 Sleepy Hollow B & R - 78.0 Lakeview
Sleepy Hollow B & R,Week1,Camelot,Week1,235.0 Sleepy Hollow B & R - 167.0 Camelot
Sideburn Run,Week5,Pinewood Lake,Week1,361.0 Sideburn Run - 40.0 Pinewood Lake
Sleepy Hollow B & R,Week2,Lakeview,Week5,297.0 Sleepy Hollow B & R - 96.0 Lakeview
Sideburn Run,Week4,Lakevale Estates,Week1,268.0 Lakevale Estates - 134.0 Sideburn Run
Sideburn Run,Week1,Virginia Hills,Week5,314.0 Sideburn Run - 88.0 Virginia Hills
Sleepy Hollow Rec,Week5,Forest Hollow,Week2,262.0 Forest Hollow - 140.0 Sleepy Hollow Rec
Sideburn Run,Week4,Pleasant Valley,Week5,320.0 Sideburn Run - 80.0 Pleasant Valley
Sideburn Run,Week4,Lake Braddock,Week5,302.0 Sideburn Run - 100.0 Lake Braddock
Sleepy Hollow B & R,Week3,Lakevale Estates,Week5,257.0 Lakevale Estates - 145.0 Sleepy Hollow B & R
Sideburn Run,Week5,Pleasant Valley,Week1,326.0 Sideburn Run - 75.0 Pleasant Valley
Sideburn Run,Week5,Village West,Week3,274.0 Sideburn Run - 128.0 Village West
Sleepy Hollow Rec,Week5,Fox Hunt,Week1,256.0 Fox Hunt - 146.0 Sleepy Hollow Rec
Sideburn Run,Week3,Pleasant Valley,Week1,316.0 Sideburn Run - 85.0 Pleasant Valley
Sleepy Hollow B & R,Week3,Lakeview,Week2,329.0 Sleepy Hollow B & R - 73.0 Lakeview
Sleepy Hollow Rec,Week4,Forest Hollow,Week5,300.0 Forest Hollow - 102.0 Sleepy Hollow Rec
Sideburn Run,Week1,Virginia Hills,Week3,337.0 Sideburn Run - 65.0 Virginia Hills
Sideburn Run,Week1,Lake Braddock,Week5,292.0 Sideburn Run - 110.0 Lake Braddock
Sideburn Run,Week4,Lakevale Estates,Week3,268.0 Lakevale Estates - 134.0 Sideburn Run
Sleepy Hollow B & R,Week1,Lakeview,Week4,266.0 Sleepy Hollow B & R - 136.0 Lakeview
Sideburn Run,Week1,Virginia Hills,Week1,334.0 Sideburn Run - 68.0 Virginia Hills
Sleepy Hollow B & R,Week2,Camelot,Week4,236.0 Sleepy Hollow B & R - 166.0 Camelot
Sleepy Hollow B & R,Week3,Lakeview,Week3,305.0 Sleepy Hollow B & R - 97.0 Lakeview
Sleepy Hollow B & R,Week2,Burke Station,Week5,285.0 Sleepy Hollow B & R - 116.0 Burke Station
Sleepy Hollow Rec,Week4,Fox Hunt,Week3,293.0 Fox Hunt - 109.0 Sleepy Hollow Rec
Sleepy Hollow B & R,Week2,Camelot,Week2,235.0 Sleepy Hollow B & R - 167.0 Camelot
Sideburn Run,Week2,Lake Braddock,Week4,299.0 Sideburn Run - 103.0 Lake Braddock
Sideburn Run,Week4,Pleasant Valley,Week4,337.0 Sideburn Run - 63.0 Pleasant Valley
Sideburn Run,Week1,Lake Braddock,Week1,319.0 Sideburn Run - 83.0 Lake Braddock
Sleepy Hollow B & R,Week5,Burke Station,Week4,322.0 Sleepy Hollow B & R - 80.0 Burke Station
Sideburn Run,Week2,Virginia Hills,Week2,335.0 Sideburn Run - 67.0 Virginia Hills
Sleepy Hollow B & R,Week3,Burke Station,Week5,291.0 Sleepy Hollow B & R - 111.0 Burke Station
Sleepy Hollow B & R,Week2,Burke Station,Week3,293.0 Sleepy Hollow B & R - 104.0 Burke Station
Sleepy Hollow Rec,Week5,Forest Hollow,Week4,279.0 Forest Hollow - 123.0 Sleepy Hollow Rec
Sideburn Run,Week3,Lake Braddock,Week1,321.0 Sideburn Run - 81.0 Lake Braddock
Sideburn Run,Week1,Pleasant Valley,Week3,298.0 Sideburn Run - 104.0 Pleasant Valley
Sideburn Run,Week3,Lake Braddock,Week4,312.0 Sideburn Run - 90.0 Lake Braddock
Sleepy Hollow Rec,Week2,Fox Hunt,Week5,315.0 Fox Hunt - 86.0 Sleepy Hollow Rec
Sideburn Run,Week4,Pinewood Lake,Week2,361.0 Sideburn Run - 39.0 Pinewood Lake
Sideburn Run,Week3,Lake Braddock,Week2,305.0 Sideburn Run - 97.0 Lake Braddock
Sleepy Hollow Rec,Week1,Fox Hunt,Week4,274.0 Fox Hunt - 128.0 Sleepy Hollow Rec
Sideburn Run,Week1,Pleasant Valley,Week1,305.0 Sideburn Run - 97.0 Pleasant Valley
Sleepy Hollow B & R,Week1,Burke Station,Week4,300.0 Sleepy Hollow B & R - 102.0 Burke Station
Sideburn Run,Week1,Virginia Hills,Week4,340.0 Sideburn Run - 62.0 Virginia Hills
Sleepy Hollow B & R,Week3,Langley,Week4,235.0 Langley - 167.0 Sleepy Hollow B & R
Sleepy Hollow B & R,Week2,Lakeview,Week3,308.5 Sleepy Hollow B & R - 93.5 Lakeview
Sideburn Run,Week1,Lake Braddock,Week4,299.0 Sideburn Run - 103.0 Lake Braddock
Sideburn Run,Week2,Virginia Hills,Week3,343.0 Sideburn Run - 59.0 Virginia Hills
Sideburn Run,Week2,Virginia Hills,Week4,348.0 Sideburn Run - 54.0 Virginia Hills
Sideburn Run,Week4,Pinewood Lake,Week5,361.0 Sideburn Run - 39.0 Pinewood Lake
Sleepy Hollow B & R,Week4,Lakeview,Week2,335.0 Sleepy Hollow B & R - 67.0 Lakeview
Sideburn Run,Week1,Lakevale Estates,Week4,281.0 Lakevale Estates - 121.0 Sideburn Run
Sleepy Hollow B & R,Week4,Burke Station,Week5,302.0 Sleepy Hollow B & R - 100.0 Burke Station
Sideburn Run,Week3,Virginia Hills,Week5,335.0 Sideburn Run - 67.0 Virginia Hills
Sleepy Hollow B & R,Week1,Burke Station,Week5,278.0 Sleepy Hollow B & R - 123.0 Burke Station
Sleepy Hollow Rec,Week2,Fox Hunt,Week4,273.0 Fox Hunt - 128.0 Sleepy Hollow Rec
Sideburn Run,Week2,Lake Braddock,Week1,313.0 Sideburn Run - 89.0 Lake Braddock
Sideburn Run,Week4,Lake Braddock,Week3,311.0 Sideburn Run - 91.0 Lake Braddock
Sideburn Run,Week3,Virginia Hills,Week3,355.5 Sideburn Run - 46.5 Virginia Hills
Sideburn Run,Week5,Pinewood Lake,Week4,372.0 Sideburn Run - 29.0 Pinewood Lake
Sideburn Run,Week4,Pinewood Lake,Week3,367.0 Sideburn Run - 33.0 Pinewood Lake
Sleepy Hollow Rec,Week5,Forest Hollow,Week3,269.0 Forest Hollow - 133.0 Sleepy Hollow Rec
Sideburn Run,Week1,Lake Braddock,Week2,293.0 Sideburn Run - 109.0 Lake Braddock
Sleepy Hollow Rec,Week3,Fox Hunt,Week5,279.0 Fox Hunt - 123.0 Sleepy Hollow Rec
Sideburn Run,Week2,Pleasant Valley,Week1,303.0 Sideburn Run - 98.0 Pleasant Valley
Sideburn Run,Week4,Lake Braddock,Week2,309.0 Sideburn Run - 93.0 Lake Braddock
Sleepy Hollow B & R,Week1,Camelot,Week4,226.0 Sleepy Hollow B & R - 176.0 Camelot
Sleepy Hollow B & R,Week2,Langley,Week1,238.0 Langley - 164.0 Sleepy Hollow B & R
Sleepy Hollow Rec,Week1,Fox Hunt,Week1,282.0 Fox Hunt - 120.0 Sleepy Hollow Rec
Sleepy Hollow B & R,Week1,Langley,Week3,249.5 Langley - 152.5 Sleepy Hollow B & R
Sideburn Run,Week5,Village West,Week5,275.0 Sideburn Run - 127.0 Village West
Sideburn Run,Week1,Virginia Hills,Week2,337.0 Sideburn Run - 65.0 Virginia Hills
Sleepy Hollow Rec,Week2,Fox Hunt,Week2,283.0 Fox Hunt - 118.0 Sleepy Hollow Rec
Sleepy Hollow B & R,Week4,Langley,Week4,228.0 Langley - 174.0 Sleepy Hollow B & R
Sideburn Run,Week3,Virginia Hills,Week1,350.0 Sideburn Run - 52.0 Virginia Hills
Sideburn Run,Week5,Village West,Week2,285.0 Sideburn Run - 117.0 Village West
Sideburn Run,Week5,Lake Braddock,Week5,307.0 Sideburn Run - 95.0 Lake Braddock
Sleepy Hollow B & R,Week5,Burke Station,Week2,333.0 Sleepy Hollow B & R - 69.0 Burke Station
Sleepy Hollow B & R,Week4,Lakeview,Week3,318.0 Sleepy Hollow B & R - 84.0 Lakeview
Sideburn Run,Week4,Pinewood Lake,Week4,371.0 Sideburn Run - 29.0 Pinewood Lake
Sideburn Run,Week5,Lake Braddock,Week2,324.0 Sideburn Run - 78.0 Lake Braddock
Sleepy Hollow B & R,Week3,Burke Station,Week3,295.0 Sleepy Hollow B & R - 102.0 Burke Station
Sleepy Hollow Rec,Week4,Fox Hunt,Week4,288.0 Fox Hunt - 114.0 Sleepy Hollow Rec
Sleepy Hollow B & R,Week3,Burke Station,Week1,280.0 Sleepy Hollow B & R - 99.0 Burke Station
Sideburn Run,Week1,Pleasant Valley,Week4,318.0 Sideburn Run - 83.0 Pleasant Valley
Sleepy Hollow Rec,Week3,Fox Hunt,Week2,260.0 Fox Hunt - 142.0 Sleepy Hollow Rec
Sleepy Hollow Rec,Week4,Fox Hunt,Week2,290.0 Fox Hunt - 112.0 Sleepy Hollow Rec
Sleepy Hollow B & R,Week1,Langley,Week1,247.0 Langley - 155.0 Sleepy Hollow B & R
Sideburn Run,Week4,Virginia Hills,Week1,348.0 Sideburn Run - 54.0 Virginia Hills
Sideburn Run,Week2,Virginia Hills,Week5,316.0 Sideburn Run - 86.0 Virginia Hills
Sleepy Hollow B & R,Week4,Lakeview,Week1,332.0 Sleepy Hollow B & R - 70.0 Lakeview
Sleepy Hollow B & R,Week3,Langley,Week5,223.0 Langley - 179.0 Sleepy Hollow B & R
Sleepy Hollow B & R,Week5,Langley,Week2,208.0 Sleepy Hollow B & R - 194.0 Langley
Sideburn Run,Week2,Pleasant Valley,Week2,311.0 Sideburn Run - 90.0 Pleasant Valley
Sideburn Run,Week3,Pleasant Valley,Week4,334.0 Sideburn Run - 67.0 Pleasant Valley
Sleepy Hollow B & R,Week3,Burke Station,Week4,312.0 Sleepy Hollow B & R - 90.0 Burke Station
Sideburn Run,Week2,Lakevale Estates,Week3,284.0 Lakevale Estates - 118.0 Sideburn Run
Sideburn Run,Week1,Lakevale Estates,Week5,276.5 Lakevale Estates - 125.5 Sideburn Run
Sideburn Run,Week2,Pleasant Valley,Week4,319.0 Sideburn Run - 81.0 Pleasant Valley
Sideburn Run,Week4,Virginia Hills,Week2,345.0 Sideburn Run - 57.0 Virginia Hills
Sleepy Hollow B & R,Week1,Langley,Week2,233.0 Langley - 169.0 Sleepy Hollow B & R
Sideburn Run,Week5,Pinewood Lake,Week2,363.0 Sideburn Run - 39.0 Pinewood Lake
Sideburn Run,Week4,Virginia Hills,Week3,355.0 Sideburn Run - 47.0 Virginia Hills
Sleepy Hollow B & R,Week2,Burke Station,Week4,312.5 Sleepy Hollow B & R - 89.5 Burke Station
Sleepy Hollow Rec,Week1,Fox Hunt,Week2,280.0 Fox Hunt - 122.0 Sleepy Hollow Rec
Sleepy Hollow B & R,Week5,Lakeview,Week1,344.0 Sleepy Hollow B & R - 58.0 Lakeview
Sleepy Hollow Rec,Week3,Fox Hunt,Week1,248.0 Fox Hunt - 154.0 Sleepy Hollow Rec
Sideburn Run,Week2,Lakevale Estates,Week5,292.0 Lakevale Estates - 110.0 Sideburn Run
Sideburn Run,Week5,Virginia Hills,Week4,357.0 Sideburn Run - 45.0 Virginia Hills
Sideburn Run,Week4,Virginia Hills,Week5,330.0 Sideburn Run - 72.0 Virginia Hills
Sideburn Run,Week2,Pleasant Valley,Week3,287.0 Sideburn Run - 115.0 Pleasant Valley
Sideburn Run,Week5,Pinewood Lake,Week3,374.0 Sideburn Run - 28.0 Pinewood Lake
Sideburn Run,Week3,Pleasant Valley,Week3,297.0 Sideburn Run - 105.0 Pleasant Valley
Sleepy Hollow B & R,Week2,Langley,Week2,223.0 Langley - 179.0 Sleepy Hollow B & R
Sleepy Hollow Rec,Week3,Fox Hunt,Week3,268.0 Fox Hunt - 134.0 Sleepy Hollow Rec
Sleepy Hollow B & R,Week2,Langley,Week4,237.0 Langley - 165.0 Sleepy Hollow B & R
Sleepy Hollow Rec,Week3,Fox Hunt,Week4,255.0 Fox Hunt - 147.0 Sleepy Hollow Rec
Sleepy Hollow B & R,Week4,Burke Station,Week3,309.0 Sleepy Hollow B & R - 88.0 Burke Station
Sleepy Hollow B & R,Week3,Burke Station,Week2,323.0 Sleepy Hollow B & R - 79.0 Burke Station
Sleepy Hollow B & R,Week5,Burke Station,Week3,314.0 Sleepy Hollow B & R - 83.0 Burke Station
Sleepy Hollow B & R,Week5,Lakeview,Week4,321.0 Sleepy Hollow B & R - 81.0 Lakeview
Sideburn Run,Week3,Lakevale Estates,Week1,256.0 Lakevale Estates - 146.0 Sideburn Run
Sleepy Hollow B & R,Week2,Burke Station,Week1,271.0 Sleepy Hollow B & R - 107.0 Burke Station
Sleepy Hollow B & R,Week5,Lakeview,Week2,353.0 Sleepy Hollow B & R - 49.0 Lakeview
Sideburn Run,Week5,Virginia Hills,Week1,355.0 Sideburn Run - 47.0 Virginia Hills
Sleepy Hollow B & R,Week4,Burke Station,Week1,281.0 Sleepy Hollow B & R - 98.0 Burke Station
Sideburn Run,Week2,Lakevale Estates,Week1,270.0 Lakevale Estates - 132.0 Sideburn Run
Sideburn Run,Week1,Pleasant Valley,Week2,310.0 Sideburn Run - 92.0 Pleasant Valley
Sleepy Hollow Rec,Week4,Fox Hunt,Week1,276.0 Fox Hunt - 126.0 Sleepy Hollow Rec
Sideburn Run,Week2,Lakevale Estates,Week4,303.0 Lakevale Estates - 99.0 Sideburn Run
Sleepy Hollow Rec,Week1,Fox Hunt,Week5,300.0 Fox Hunt - 102.0 Sleepy Hollow Rec
Sleepy Hollow Rec,Week2,Fox Hunt,Week3,295.0 Fox Hunt - 107.0 Sleepy Hollow Rec
Sleepy Hollow B & R,Week5,Burke Station,Week5,295.0 Sleepy Hollow B & R - 107.0 Burke Station
Sleepy Hollow B & R,Week5,Lakeview,Week5,309.0 Sleepy Hollow B & R - 84.0 Lakeview
Sideburn Run,Week3,Lakevale Estates,Week2,263.0 Lakevale Estates - 139.0 Sideburn Run
Sleepy Hollow Rec,Week2,Fox Hunt,Week1,267.0 Fox Hunt - 135.0 Sleepy Hollow Rec
Sleepy Hollow Rec,Week1,Fox Hunt,Week3,287.0 Fox Hunt - 115.0 Sleepy Hollow Rec
Sideburn Run,Week4,Pleasant Valley,Week1,330.0 Sideburn Run - 71.0 Pleasant Valley
Sideburn Run,Week5,Virginia Hills,Week5,332.0 Sideburn Run - 70.0 Virginia Hills
Sleepy Hollow B & R,Week2,Langley,Week5,233.0 Langley - 169.0 Sleepy Hollow B & R
Sleepy Hollow B & R,Week1,Burke Station,Week3,280.0 Sleepy Hollow B & R - 117.0 Burke Station
Sleepy Hollow B & R,Week4,Lakeview,Week4,303.0 Sleepy Hollow B & R - 99.0 Lakeview
Sideburn Run,Week3,Lakevale Estates,Week3,264.0 Lakevale Estates - 138.0 Sideburn Run
Sideburn Run,Week1,Virginia Run,Week2,206.0 Sideburn Run - 191.0 Virginia Run
Sleepy Hollow B & R,Week2,Burke Station,Week2,315.0 Sleepy Hollow B & R - 86.0 Burke Station
Sideburn Run,Week4,Pleasant Valley,Week2,327.0 Sideburn Run - 74.0 Pleasant Valley
Sideburn Run,Week2,Lakevale Estates,Week2,260.0 Lakevale Estates - 142.0 Sideburn Run
Sideburn Run,Week3,Pleasant Valley,Week5,321.0 Sideburn Run - 81.0 Pleasant Valley
Sideburn Run,Week1,Virginia Run,Week5,221.0 Virginia Run - 181.0 Sideburn Run
Sleepy Hollow B & R,Week5,Burke Station,Week1,291.0 Sleepy Hollow B & R - 88.0 Burke Station
Sideburn Run,Week1,Virginia Run,Week3,203.0 Virginia Run - 199.0 Sideburn Run
Sleepy Hollow Rec,Week5,Fox Hunt,Week3,268.0 Fox Hunt - 134.0 Sleepy Hollow Rec
Sideburn Run,Week4,Lakevale Estates,Week2,267.0 Lakevale Estates - 135.0 Sideburn Run
Sideburn Run,Week3,Lakevale Estates,Week4,296.0 Lakevale Estates - 106.0 Sideburn Run
Sideburn Run,Week2,Parliament,Week1,214.0 Parliament - 188.0 Sideburn Run
Sideburn Run,Week5,Virginia Hills,Week3,368.0 Sideburn Run - 34.0 Virginia Hills
Sleepy Hollow Rec,Week1,Fox Mill Estates,Week5,240.0 Fox Mill Estates - 162.0 Sleepy Hollow Rec
Sleepy Hollow B & R,Week3,Langley,Week2,224.0 Langley - 178.0 Sleepy Hollow B & R
Sleepy Hollow B & R,Week1,Langley,Week4,247.0 Langley - 155.0 Sleepy Hollow B & R
Sideburn Run,Week2,Virginia Run,Week2,210.0 Virginia Run - 192.0 Sideburn Run
Sleepy Hollow B & R,Week1,Camelot,Week2,217.0 Sleepy Hollow B & R - 185.0 Camelot
Sideburn Run,Week3,Lakevale Estates,Week5,287.5 Lakevale Estates - 114.5 Sideburn Run
Sleepy Hollow B & R,Week1,Langley,Week5,240.0 Langley - 162.0 Sleepy Hollow B & R
Sideburn Run,Week4,Lakevale Estates,Week5,282.5 Lakevale Estates - 119.5 Sideburn Run
Sideburn Run,Week2,Virginia Run,Week5,245.0 Virginia Run - 157.0 Sideburn Run
Sleepy Hollow Rec,Week4,Fox Mill Estates,Week5,250.0 Fox Mill Estates - 152.0 Sleepy Hollow Rec
Sideburn Run,Week2,Virginia Run,Week4,234.0 Virginia Run - 168.0 Sideburn Run
Sleepy Hollow B & R,Week1,Camelot,Week5,219.0 Sleepy Hollow B & R - 183.0 Camelot
Sleepy Hollow Rec,Week4,Fox Hunt,Week5,320.0 Fox Hunt - 82.0 Sleepy Hollow Rec
Sleepy Hollow B & R,Week4,Lakeview,Week5,305.0 Sleepy Hollow B & R - 88.0 Lakeview
Sideburn Run,Week1,Lakevale Estates,Week3,266.0 Lakevale Estates - 136.0 Sideburn Run
Sideburn Run,Week2,Parliament,Week2,219.0 Sideburn Run - 183.0 Parliament
Sleepy Hollow B & R,Week2,Langley,Week3,241.0 Langley - 161.0 Sleepy Hollow B & R
Sleepy Hollow Rec,Week5,Fox Hunt,Week2,257.0 Fox Hunt - 144.0 Sleepy Hollow Rec
Sleepy Hollow B & R,Week1,Camelot,Week3,233.0 Sleepy Hollow B & R - 169.0 Camelot
Sideburn Run,Week1,Parliament,Week4,214.0 Sideburn Run - 188.0 Parliament
Sideburn Run,Week4,Pleasant Valley,Week3,306.0 Sideburn Run - 96.0 Pleasant Valley
Sideburn Run,Week2,Virginia Run,Week3,218.5 Virginia Run - 183.5 Sideburn Run
Sleepy Hollow B & R,Week4,Burke Station,Week2,329.0 Sleepy Hollow B & R - 73.0 Burke Station
Sideburn Run,Week2,Parliament,Week5,205.0 Parliament - 197.0 Sideburn Run
Sleepy Hollow Rec,Week2,Fox Mill Estates,Week2,227.0 Fox Mill Estates - 174.0 Sleepy Hollow Rec
Sleepy Hollow B & R,Week2,Camelot,Week1,250.0 Sleepy Hollow B & R - 152.0 Camelot
Sleepy Hollow B & R,Week4,Langley,Week3,242.0 Langley - 160.0 Sleepy Hollow B & R
Sideburn Run,Week4,Parklawn,Week2,263.0 Sideburn Run - 138.0 Parklawn
Sideburn Run,Week2,Wakefield Chapel,Week2,296.0 Wakefield Chapel - 106.0 Sideburn Run
Sideburn Run,Week5,Lakevale Estates,Week4,293.0 Lakevale Estates - 109.0 Sideburn Run
Sideburn Run,Week1,Pinecrest,Week3,263.0 Pinecrest - 139.0 Sideburn Run
Sleepy Hollow Rec,Week1,Fox Mill Estates,Week2,216.0 Fox Mill Estates - 186.0 Sleepy Hollow Rec
Sleepy Hollow B & R,Week3,Camelot,Week1,241.0 Sleepy Hollow B & R - 161.0 Camelot
Sleepy Hollow Rec,Week3,Fox Mill Estates,Week1,207.0 Fox Mill Estates - 195.0 Sleepy Hollow Rec
Sleepy Hollow Rec,Week2,Fox Mill Woods,Week1,335.0 Fox Mill Woods - 67.0 Sleepy Hollow Rec
Sideburn Run,Week3,Woodley,Week3,292.0 Sideburn Run - 110.0 Woodley
Sideburn Run,Week1,Lakeview,Week1,306.0 Sideburn Run - 91.0 Lakeview
Sideburn Run,Week1,Parliament,Week1,212.0 Parliament - 189.0 Sideburn Run
Sideburn Run,Week1,Parliament,Week2,222.0 Sideburn Run - 179.0 Parliament
Sideburn Run,Week5,Lakevale Estates,Week1,252.0 Lakevale Estates - 150.0 Sideburn Run
Sleepy Hollow Rec,Week5,Fox Mill Estates,Week2,216.0 Fox Mill Estates - 185.0 Sleepy Hollow Rec
Sideburn Run,Week4,Virginia Hills,Week4,352.0 Sideburn Run - 50.0 Virginia Hills
Sideburn Run,Week1,Virginia Run,Week4,220.0 Virginia Run - 182.0 Sideburn Run
Sideburn Run,Week5,Lakevale Estates,Week5,273.0 Lakevale Estates - 129.0 Sideburn Run
Sideburn Run,Week4,Parklawn,Week4,261.0 Sideburn Run - 140.0 Parklawn
Sideburn Run,Week1,Virginia Run,Week1,217.0 Virginia Run - 185.0 Sideburn Run
Sleepy Hollow Rec,Week1,Fox Mill Woods,Week1,328.0 Fox Mill Woods - 74.0 Sleepy Hollow Rec
Sideburn Run,Week5,Parklawn,Week4,271.0 Sideburn Run - 130.0 Parklawn
Sideburn Run,Week5,Parklawn,Week1,289.0 Sideburn Run - 104.0 Parklawn
Sideburn Run,Week5,Lakevale Estates,Week3,270.0 Lakevale Estates - 132.0 Sideburn Run
Sleepy Hollow B & R,Week3,Langley,Week1,241.5 Langley - 160.5 Sleepy Hollow B & R
Sleepy Hollow Rec,Week3,Fox Mill Estates,Week3,229.0 Fox Mill Estates - 173.0 Sleepy Hollow Rec
Sleepy Hollow B & R,Week2,Camelot,Week5,253.0 Sleepy Hollow B & R - 149.0 Camelot
Sleepy Hollow B & R,Week3,Camelot,Week2,233.0 Sleepy Hollow B & R - 169.0 Camelot
Sideburn Run,Week3,Virginia Run,Week1,239.0 Virginia Run - 163.0 Sideburn Run
Sideburn Run,Week1,Lakeview,Week2,305.0 Sideburn Run - 97.0 Lakeview
Sleepy Hollow B & R,Week3,Langley,Week3,234.0 Langley - 168.0 Sleepy Hollow B & R
Sideburn Run,Week2,Virginia Run,Week1,256.0 Virginia Run - 146.0 Sideburn Run
Sleepy Hollow B & R,Week5,Langley,Week1,210.0 Langley - 192.0 Sleepy Hollow B & R
Sideburn Run,Week4,Lakevale Estates,Week4,299.0 Lakevale Estates - 103.0 Sideburn Run
Sideburn Run,Week5,Waynewood,Week4,220.0 Waynewood - 182.0 Sideburn Run
Sleepy Hollow B & R,Week2,Camelot,Week3,250.0 Sleepy Hollow B & R - 152.0 Camelot
Sleepy Hollow Rec,Week4,Fox Mill Estates,Week3,244.0 Fox Mill Estates - 158.0 Sleepy Hollow Rec
Sideburn Run,Week5,Lakevale Estates,Week2,249.0 Lakevale Estates - 153.0 Sideburn Run
Sleepy Hollow B & R,Week4,Langley,Week1,234.0 Langley - 168.0 Sleepy Hollow B & R
Sideburn Run,Week2,Wakefield Chapel,Week3,292.5 Wakefield Chapel - 109.5 Sideburn Run
Sleepy Hollow B & R,Week5,Lakeview,Week3,322.0 Sleepy Hollow B & R - 80.0 Lakeview
Sleepy Hollow B & R,Week4,Langley,Week2,225.0 Langley - 177.0 Sleepy Hollow B & R
Sideburn Run,Week5,Parliament,Week1,205.0 Sideburn Run - 197.0 Parliament
Sleepy Hollow B & R,Week3,Camelot,Week3,256.0 Sleepy Hollow B & R - 146.0 Camelot
Sleepy Hollow B & R,Week4,Langley,Week5,231.0 Langley - 171.0 Sleepy Hollow B & R
Sideburn Run,Week1,Lakeview,Week3,288.0 Sideburn Run - 114.0 Lakeview
Sideburn Run,Week5,Virginia Hills,Week2,353.0 Sideburn Run - 49.0 Virginia Hills
Sideburn Run,Week2,Woodley,Week4,269.0 Sideburn Run - 133.0 Woodley
Sideburn Run,Week5,Parliament,Week4,228.0 Sideburn Run - 174.0 Parliament
Sideburn Run,Week1,Wakefield Chapel,Week4,267.0 Wakefield Chapel - 135.0 Sideburn Run
Sleepy Hollow Rec,Week1,Fox Mill Woods,Week2,318.0 Fox Mill Woods - 84.0 Sleepy Hollow Rec
Sideburn Run,Week2,Wakefield Chapel,Week4,292.0 Wakefield Chapel - 110.0 Sideburn Run
Sleepy Hollow B & R,Week2,Laurel Hill,Week2,304.0 Sleepy Hollow B & R - 97.0 Laurel Hill
Sideburn Run,Week3,Parklawn,Week5,260.0 Sideburn Run - 141.0 Parklawn
Sleepy Hollow B & R,Week2,Laurel Hill,Week3,279.0 Sleepy Hollow B & R - 119.0 Laurel Hill
Sideburn Run,Week5,Waynewood,Week5,256.0 Waynewood - 146.0 Sideburn Run
Sleepy Hollow Rec,Week1,Fox Mill Estates,Week1,214.0 Fox Mill Estates - 188.0 Sleepy Hollow Rec
Sideburn Run,Week5,Parklawn,Week2,271.0 Sideburn Run - 130.0 Parklawn
Sleepy Hollow B & R,Week5,Langley,Week5,210.0 Sleepy Hollow B & R - 192.0 Langley
Sleepy Hollow Rec,Week2,Fox Mill Woods,Week3,316.0 Fox Mill Woods - 86.0 Sleepy Hollow Rec
Sideburn Run,Week2,Woodley,Week1,282.0 Sideburn Run - 120.0 Woodley
Sideburn Run,Week4,Woodley,Week1,292.0 Sideburn Run - 110.0 Woodley
Sideburn Run,Week3,Parliament,Week5,214.0 Sideburn Run - 188.0 Parliament
Sleepy Hollow B & R,Week5,Laurel Hill,Week4,309.0 Sleepy Hollow B & R - 93.0 Laurel Hill
Sideburn Run,Week3,Virginia Run,Week5,236.0 Virginia Run - 166.0 Sideburn Run
Sleepy Hollow Rec,Week3,Fox Mill Estates,Week4,252.0 Fox Mill Estates - 150.0 Sleepy Hollow Rec
Sideburn Run,Week4,Woodley,Week4,288.0 Sideburn Run - 114.0 Woodley
Sideburn Run,Week4,Parliament,Week4,217.0 Sideburn Run - 185.0 Parliament
Sideburn Run,Week5,Virginia Run,Week3,207.5 Sideburn Run - 194.5 Virginia Run
Sleepy Hollow B & R,Week1,Lee Graham,Week3,295.0 Lee Graham - 107.0 Sleepy Hollow B & R
Sideburn Run,Week4,Parklawn,Week5,257.0 Sideburn Run - 144.0 Parklawn
Sleepy Hollow B & R,Week2,Laurel Hill,Week1,295.0 Sleepy Hollow B & R - 107.0 Laurel Hill
Sleepy Hollow B & R,Week2,Laurel Hill,Week5,264.0 Sleepy Hollow B & R - 137.0 Laurel Hill
Sleepy Hollow B & R,Week5,Langley,Week3,207.0 Langley - 195.0 Sleepy Hollow B & R
Sleepy Hollow Rec,Week2,Fox Mill Estates,Week3,241.0 Fox Mill Estates - 161.0 Sleepy Hollow Rec
Sideburn Run,Week3,Woodley,Week1,291.0 Sideburn Run - 111.0 Woodley
Sideburn Run,Week5,Woodley,Week4,306.0 Sideburn Run - 96.0 Woodley
Sleepy Hollow B & R,Week1,Annandale,Week5,289.5 Sleepy Hollow B & R - 111.5 Annandale
Sleepy Hollow Rec,Week3,Fox Mill Estates,Week2,217.0 Fox Mill Estates - 185.0 Sleepy Hollow Rec
Sideburn Run,Week5,Parliament,Week3,236.0 Sideburn Run - 166.0 Parliament
Sleepy Hollow Rec,Week1,Fox Mill Estates,Week4,251.0 Fox Mill Estates - 151.0 Sleepy Hollow Rec
Sleepy Hollow B & R,Week2,Annandale,Week4,322.0 Sleepy Hollow B & R - 79.0 Annandale
Sideburn Run,Week3,Parliament,Week1,215.0 Parliament - 187.0 Sideburn Run
Sleepy Hollow B & R,Week1,Annandale,Week4,305.0 Sleepy Hollow B & R - 96.0 Annandale
Sideburn Run,Week1,Wakefield Chapel,Week1,281.0 Wakefield Chapel - 116.0 Sideburn Run
Sideburn Run,Week4,Parliament,Week5,212.0 Sideburn Run - 190.0 Parliament
Sleepy Hollow Rec,Week4,Fox Mill Estates,Week1,213.0 Fox Mill Estates - 189.0 Sleepy Hollow Rec
Sideburn Run,Week1,Wakefield Chapel,Week3,280.0 Wakefield Chapel - 122.0 Sideburn Run
Sideburn Run,Week4,Virginia Run,Week3,208.0 Virginia Run - 194.0 Sideburn Run
Sleepy Hollow Rec,Week2,Fox Mill Estates,Week4,265.0 Fox Mill Estates - 137.0 Sleepy Hollow Rec
Sideburn Run,Week5,Virginia Run,Week1,225.0 Virginia Run - 177.0 Sideburn Run
Sleepy Hollow B & R,Week3,Laurel Hill,Week1,299.0 Sleepy Hollow B & R - 99.0 Laurel Hill
Sleepy Hollow B & R,Week1,Laurel Hill,Week4,272.0 Sleepy Hollow B & R - 129.0 Laurel Hill
Sideburn Run,Week4,Virginia Run,Week5,245.0 Virginia Run - 157.0 Sideburn Run
Sideburn Run,Week5,Parklawn,Week5,269.0 Sideburn Run - 132.0 Parklawn
Sleepy Hollow Rec,Week4,Fox Mill Estates,Week2,234.0 Fox Mill Estates - 168.0 Sleepy Hollow Rec
Sideburn Run,Week3,Virginia Run,Week2,206.0 Virginia Run - 196.0 Sideburn Run
Sideburn Run,Week4,Woodley,Week3,298.0 Sideburn Run - 104.0 Woodley
Sleepy Hollow B & R,Week4,Laurel Hill,Week5,282.0 Sleepy Hollow B & R - 120.0 Laurel Hill
Sideburn Run,Week5,Virginia Run,Week2,215.0 Sideburn Run - 187.0 Virginia Run
Sideburn Run,Week5,Virginia Run,Week4,207.0 Virginia Run - 195.0 Sideburn Run
Sleepy Hollow B & R,Week3,Laurel Hill,Week5,268.0 Sleepy Hollow B & R - 133.0 Laurel Hill
Sleepy Hollow Rec,Week5,Fox Mill Estates,Week3,218.0 Fox Mill Estates - 184.0 Sleepy Hollow Rec
Sideburn Run,Week3,Parliament,Week4,224.0 Sideburn Run - 178.0 Parliament
Sideburn Run,Week4,Virginia Run,Week1,234.0 Virginia Run - 168.0 Sideburn Run
Sideburn Run,Week3,Virginia Run,Week4,223.0 Virginia Run - 179.0 Sideburn Run
Sideburn Run,Week1,Woodley,Week4,279.0 Sideburn Run - 123.0 Woodley
Sideburn Run,Week2,Parliament,Week3,215.0 Sideburn Run - 187.0 Parliament
Sleepy Hollow B & R,Week2,Annandale,Week2,321.0 Sleepy Hollow B & R - 81.0 Annandale
Sideburn Run,Week4,Virginia Run,Week4,223.0 Virginia Run - 179.0 Sideburn Run
Sideburn Run,Week5,Virginia Run,Week5,220.5 Virginia Run - 181.5 Sideburn Run
Sideburn Run,Week3,Parliament,Week3,224.5 Sideburn Run - 177.5 Parliament
Sleepy Hollow B & R,Week4,Laurel Hill,Week3,296.0 Sleepy Hollow B & R - 106.0 Laurel Hill
Sleepy Hollow Rec,Week5,Fox Mill Estates,Week5,229.0 Fox Mill Estates - 173.0 Sleepy Hollow Rec
Sleepy Hollow B & R,Week2,Annandale,Week1,308.0 Sleepy Hollow B & R - 94.0 Annandale
Sideburn Run,Week1,Woodley,Week3,283.0 Sideburn Run - 119.0 Woodley
Sleepy Hollow B & R,Week5,Laurel Hill,Week3,299.0 Sleepy Hollow B & R - 102.0 Laurel Hill
Sleepy Hollow Rec,Week5,Fox Mill Estates,Week1,213.0 Sleepy Hollow Rec - 189.0 Fox Mill Estates
Sideburn Run,Week3,Parliament,Week2,235.0 Sideburn Run - 167.0 Parliament
Sideburn Run,Week1,Woodley,Week1,287.0 Sideburn Run - 115.0 Woodley
Sideburn Run,Week1,Woodley,Week2,284.5 Sideburn Run - 117.5 Woodley
Sideburn Run,Week3,Woodley,Week5,285.0 Sideburn Run - 117.0 Woodley
Sleepy Hollow Rec,Week1,Fox Mill Estates,Week3,242.0 Fox Mill Estates - 160.0 Sleepy Hollow Rec
Sleepy Hollow B & R,Week2,Laurel Hill,Week4,298.0 Sleepy Hollow B & R - 103.0 Laurel Hill
Sideburn Run,Week5,Parklawn,Week3,281.5 Sideburn Run - 119.5 Parklawn
Sleepy Hollow Rec,Week2,Fox Mill Estates,Week1,220.0 Fox Mill Estates - 182.0 Sleepy Hollow Rec
Sideburn Run,Week1,Parliament,Week3,218.0 Sideburn Run - 184.0 Parliament
Sleepy Hollow Rec,Week5,Fox Hunt,Week5,287.0 Fox Hunt - 114.0 Sleepy Hollow Rec
Sideburn Run,Week2,Wakefield Chapel,Week1,302.0 Wakefield Chapel - 100.0 Sideburn Run
Sideburn Run,Week5,Woodley,Week1,298.0 Sideburn Run - 104.0 Woodley
Sleepy Hollow B & R,Week5,Laurel Hill,Week1,308.0 Sleepy Hollow B & R - 90.0 Laurel Hill
Sleepy Hollow B & R,Week3,Laurel Hill,Week2,306.0 Sleepy Hollow B & R - 96.0 Laurel Hill
Sideburn Run,Week4,Parklawn,Week1,281.0 Sideburn Run - 112.0 Parklawn
Sideburn Run,Week3,Virginia Run,Week3,209.0 Virginia Run - 193.0 Sideburn Run
Sleepy Hollow B & R,Week1,Laurel Hill,Week1,287.0 Sleepy Hollow B & R - 114.0 Laurel Hill
Sleepy Hollow B & R,Week1,Annandale,Week3,280.0 Sleepy Hollow B & R - 122.0 Annandale
Sleepy Hollow Rec,Week3,Fox Mill Estates,Week5,229.0 Fox Mill Estates - 173.0 Sleepy Hollow Rec
Sideburn Run,Week1,Parliament,Week5,208.0 Sideburn Run - 193.0 Parliament
Sleepy Hollow Rec,Week5,Fox Mill Estates,Week4,251.0 Fox Mill Estates - 151.0 Sleepy Hollow Rec
Sleepy Hollow B & R,Week1,Lee Graham,Week1,279.0 Lee Graham - 123.0 Sleepy Hollow B & R
Sleepy Hollow Rec,Week2,Fox Mill Estates,Week5,247.0 Fox Mill Estates - 155.0 Sleepy Hollow Rec
Sideburn Run,Week1,Woodley,Week5,273.0 Sideburn Run - 129.0 Woodley
Sleepy Hollow B & R,Week3,Laurel Hill,Week3,294.0 Sleepy Hollow B & R - 108.0 Laurel Hill
Sideburn Run,Week4,Parliament,Week1,216.0 Parliament - 186.0 Sideburn Run
Sleepy Hollow Rec,Week4,Fox Mill Estates,Week4,265.0 Fox Mill Estates - 137.0 Sleepy Hollow Rec
Sideburn Run,Week4,Parklawn,Week3,283.0 Sideburn Run - 118.0 Parklawn
Sideburn Run,Week1,Wakefield Chapel,Week5,297.0 Wakefield Chapel - 105.0 Sideburn Run
Sideburn Run,Week4,Virginia Run,Week2,204.0 Sideburn Run - 198.0 Virginia Run
Sideburn Run,Week2,Parliament,Week4,212.0 Sideburn Run - 190.0 Parliament
Sleepy Hollow B & R,Week5,Laurel Hill,Week2,306.0 Sleepy Hollow B & R - 95.0 Laurel Hill
Sideburn Run,Week5,Parliament,Week5,223.0 Sideburn Run - 179.0 Parliament
Sideburn Run,Week4,Parliament,Week3,218.0 Sideburn Run - 184.0 Parliament
Sleepy Hollow Rec,Week5,Chesterbrook,Week4,367.0 Chesterbrook - 35.0 Sleepy Hollow Rec
Sleepy Hollow Rec,Week1,Fox Mill Woods,Week4,313.5 Fox Mill Woods - 88.5 Sleepy Hollow Rec
Sleepy Hollow Rec,Week2,Fox Mill Woods,Week2,310.0 Fox Mill Woods - 92.0 Sleepy Hollow Rec
Sleepy Hollow B & R,Week1,Laurel Hill,Week5,247.5 Sleepy Hollow B & R - 153.5 Laurel Hill
Sideburn Run,Week5,Parliament,Week2,228.0 Sideburn Run - 174.0 Parliament
Sleepy Hollow B & R,Week1,Laurel Hill,Week3,272.0 Sleepy Hollow B & R - 126.0 Laurel Hill
Sideburn Run,Week2,Woodley,Week2,284.0 Sideburn Run - 118.0 Woodley
Sleepy Hollow B & R,Week1,Laurel Hill,Week2,287.0 Sleepy Hollow B & R - 114.0 Laurel Hill
Sleepy Hollow Rec,Week1,Fox Mill Woods,Week5,309.0 Fox Mill Woods - 93.0 Sleepy Hollow Rec
Sleepy Hollow B & R,Week5,Langley,Week4,207.0 Langley - 195.0 Sleepy Hollow B & R
Sideburn Run,Week2,Woodley,Week5,256.0 Sideburn Run - 146.0 Woodley
Sideburn Run,Week3,Woodley,Week2,293.0 Sideburn Run - 109.0 Woodley
Sideburn Run,Week2,Woodley,Week3,285.0 Sideburn Run - 117.0 Woodley
Sideburn Run,Week4,Parliament,Week2,225.0 Sideburn Run - 177.0 Parliament
Sideburn Run,Week3,Woodley,Week4,298.0 Sideburn Run - 104.0 Woodley
Sleepy Hollow Rec,Week1,Fox Mill Woods,Week3,317.0 Fox Mill Woods - 85.0 Sleepy Hollow Rec
Sideburn Run,Week1,Wakefield Chapel,Week2,280.0 Wakefield Chapel - 122.0 Sideburn Run
Sideburn Run,Week5,Woodley,Week2,299.0 Sideburn Run - 103.0 Woodley
Sleepy Hollow B & R,Week1,Lee Graham,Week2,285.0 Lee Graham - 117.0 Sleepy Hollow B & R
Sleepy Hollow B & R,Week1,Lee Graham,Week4,280.0 Lee Graham - 122.0 Sleepy Hollow B & R
Sideburn Run,Week5,Woodley,Week5,294.0 Sideburn Run - 108.0 Woodley
Sleepy Hollow B & R,Week4,Lee Graham,Week1,256.0 Lee Graham - 146.0 Sleepy Hollow B & R
Sleepy Hollow B & R,Week4,Laurel Hill,Week1,308.0 Sleepy Hollow B & R - 94.0 Laurel Hill
Sleepy Hollow Rec,Week3,Chesterbrook,Week1,363.0 Chesterbrook - 39.0 Sleepy Hollow Rec
Sleepy Hollow B & R,Week1,Annandale,Week1,304.0 Sleepy Hollow B & R - 98.0 Annandale
Sleepy Hollow Rec,Week3,Chesterbrook,Week4,367.0 Chesterbrook - 35.0 Sleepy Hollow Rec
Sleepy Hollow Rec,Week2,Chesterbrook,Week5,380.0 Chesterbrook - 22.0 Sleepy Hollow Rec
Sideburn Run,Week5,Woodley,Week3,300.0 Sideburn Run - 102.0 Woodley
Sleepy Hollow Rec,Week2,Chesterbrook,Week2,379.0 Chesterbrook - 23.0 Sleepy Hollow Rec
Sideburn Run,Week1,Pinecrest,Week5,252.0 Pinecrest - 150.0 Sideburn Run
Sideburn Run,Week2,Pinecrest,Week2,266.0 Pinecrest - 136.0 Sideburn Run
Sideburn Run,Week1,Pinecrest,Week2,251.0 Pinecrest - 151.0 Sideburn Run
Sleepy Hollow Rec,Week2,Chesterbrook,Week3,387.0 Chesterbrook - 15.0 Sleepy Hollow Rec
Sleepy Hollow Rec,Week1,Commonwealth,Week3,230.5 Commonwealth - 171.5 Sleepy Hollow Rec
Sleepy Hollow B & R,Week5,Laurel Hill,Week5,285.0 Sleepy Hollow B & R - 116.0 Laurel Hill
Sideburn Run,Week2,Pinecrest,Week1,259.0 Pinecrest - 143.0 Sideburn Run
Sideburn Run,Week1,Pinecrest,Week1,240.0 Pinecrest - 162.0 Sideburn Run
Sleepy Hollow Rec,Week4,Chesterbrook,Week4,377.0 Chesterbrook - 25.0 Sleepy Hollow Rec
Sideburn Run,Week1,Pinecrest,Week4,269.0 Pinecrest - 133.0 Sideburn Run
Sideburn Run,Week4,Woodley,Week5,279.0 Sideburn Run - 123.0 Woodley
Sleepy Hollow B & R,Week4,Laurel Hill,Week2,315.0 Sleepy Hollow B & R - 87.0 Laurel Hill
Sleepy Hollow B & R,Week1,Annandale,Week2,291.0 Sleepy Hollow B & R - 111.0 Annandale
Sideburn Run,Week4,Woodley,Week2,294.0 Sideburn Run - 108.0 Woodley
Sleepy Hollow B & R,Week4,Laurel Hill,Week4,302.0 Sleepy Hollow B & R - 100.0 Laurel Hill
Sleepy Hollow B & R,Week3,Laurel Hill,Week4,298.0 Sleepy Hollow B & R - 104.0 Laurel Hill
Sleepy Hollow Rec,Week1,Commonwealth,Week5,220.0 Commonwealth - 182.0 Sleepy Hollow Rec
Sleepy Hollow B & R,Week2,Lincolnia Park,Week1,329.0 Sleepy Hollow B & R - 73.0 Lincolnia Park
Sleepy Hollow Rec,Week3,Chesterbrook,Week5,371.0 Chesterbrook - 31.0 Sleepy Hollow Rec
Sleepy Hollow Rec,Week4,Chesterbrook,Week2,383.0 Chesterbrook - 19.0 Sleepy Hollow Rec
Sleepy Hollow Rec,Week5,Chesterbrook,Week5,370.0 Chesterbrook - 32.0 Sleepy Hollow Rec
Sleepy Hollow B & R,Week2,Annandale,Week3,308.0 Sleepy Hollow B & R - 94.0 Annandale
Sleepy Hollow Rec,Week1,Commonwealth,Week2,238.0 Commonwealth - 164.0 Sleepy Hollow Rec
Sleepy Hollow Rec,Week3,Chesterbrook,Week2,370.0 Chesterbrook - 32.0 Sleepy Hollow Rec
Sleepy Hollow B & R,Week5,Lee Graham,Week4,224.0 Lee Graham - 178.0 Sleepy Hollow B & R
Sleepy Hollow B & R,Week1,Lincolnia Park,Week2,321.0 Sleepy Hollow B & R - 71.0 Lincolnia Park
Sleepy Hollow B & R,Week4,Lee Graham,Week3,276.5 Lee Graham - 125.5 Sleepy Hollow B & R
Sleepy Hollow Rec,Week2,Chesterbrook,Week1,373.0 Chesterbrook - 29.0 Sleepy Hollow Rec
Sleepy Hollow Rec,Week1,Chesterbrook,Week5,375.0 Chesterbrook - 27.0 Sleepy Hollow Rec
Sleepy Hollow B & R,Week3,Arlington Forest,Week1,244.0 Sleepy Hollow B & R - 158.0 Arlington Forest
Sleepy Hollow B & R,Week3,Lee Graham,Week2,273.0 Lee Graham - 129.0 Sleepy Hollow B & R
Sleepy Hollow Rec,Week1,Chesterbrook,Week2,370.0 Chesterbrook - 32.0 Sleepy Hollow Rec
Sleepy Hollow Rec,Week5,Chesterbrook,Week3,373.0 Chesterbrook - 29.0 Sleepy Hollow Rec
Sleepy Hollow B & R,Week1,Lee Graham,Week5,296.0 Lee Graham - 106.0 Sleepy Hollow B & R
Sleepy Hollow B & R,Week2,Arlington Forest,Week1,225.0 Sleepy Hollow B & R - 177.0 Arlington Forest
Sleepy Hollow Rec,Week4,Chesterbrook,Week3,385.0 Chesterbrook - 17.0 Sleepy Hollow Rec
Sleepy Hollow Rec,Week4,Chesterbrook,Week1,368.0 Chesterbrook - 34.0 Sleepy Hollow Rec
Sleepy Hollow B & R,Week2,Lee Graham,Week1,265.0 Lee Graham - 137.0 Sleepy Hollow B & R
Sleepy Hollow Rec,Week4,Chesterbrook,Week5,378.0 Chesterbrook - 24.0 Sleepy Hollow Rec
Sleepy Hollow B & R,Week3,Lee Graham,Week5,276.5 Lee Graham - 125.5 Sleepy Hollow B & R
Sleepy Hollow B & R,Week5,Annandale,Week1,325.0 Sleepy Hollow B & R - 77.0 Annandale
Sleepy Hollow Rec,Week1,Chesterbrook,Week3,382.0 Chesterbrook - 20.0 Sleepy Hollow Rec
Sleepy Hollow B & R,Week4,Lincolnia Park,Week3,312.0 Sleepy Hollow B & R - 81.0 Lincolnia Park
Sleepy Hollow B & R,Week3,Lee Graham,Week3,273.0 Lee Graham - 129.0 Sleepy Hollow B & R
Sleepy Hollow B & R,Week5,Annandale,Week4,337.0 Sleepy Hollow B & R - 65.0 Annandale
Sleepy Hollow B & R,Week3,Annandale,Week5,301.0 Sleepy Hollow B & R - 101.0 Annandale
Sleepy Hollow B & R,Week4,Annandale,Week3,313.0 Sleepy Hollow B & R - 89.0 Annandale
Sleepy Hollow B & R,Week2,Lee Graham,Week5,277.0 Lee Graham - 125.0 Sleepy Hollow B & R
Sleepy Hollow B & R,Week2,Lincolnia Park,Week3,311.0 Sleepy Hollow B & R - 82.0 Lincolnia Park
Sleepy Hollow Rec,Week3,Chesterbrook,Week3,377.0 Chesterbrook - 25.0 Sleepy Hollow Rec
Sleepy Hollow B & R,Week1,Arlington Forest,Week4,215.0 Arlington Forest - 187.0 Sleepy Hollow B & R
Sleepy Hollow B & R,Week2,Lee Graham,Week3,276.0 Lee Graham - 126.0 Sleepy Hollow B & R
Sleepy Hollow Rec,Week2,Chesterbrook,Week4,378.0 Chesterbrook - 24.0 Sleepy Hollow Rec
Sleepy Hollow B & R,Week5,Lee Graham,Week2,249.0 Lee Graham - 153.0 Sleepy Hollow B & R
Sleepy Hollow Rec,Week5,Chesterbrook,Week2,370.0 Chesterbrook - 32.0 Sleepy Hollow Rec
Sleepy Hollow B & R,Week2,Arlington Forest,Week4,213.0 Sleepy Hollow B & R - 189.0 Arlington Forest
Sleepy Hollow B & R,Week5,Annandale,Week3,318.0 Sleepy Hollow B & R - 84.0 Annandale
Sleepy Hollow B & R,Week1,Arlington Forest,Week5,239.0 Arlington Forest - 163.0 Sleepy Hollow B & R
Sleepy Hollow B & R,Week3,Lee Graham,Week1,261.0 Lee Graham - 141.0 Sleepy Hollow B & R
Sleepy Hollow B & R,Week2,Lincolnia Park,Week5,304.0 Sleepy Hollow B & R - 89.0 Lincolnia Park
Sleepy Hollow Rec,Week5,Chesterbrook,Week1,357.0 Chesterbrook - 45.0 Sleepy Hollow Rec
Sleepy Hollow B & R,Week2,Arlington Forest,Week3,265.0 Sleepy Hollow B & R - 137.0 Arlington Forest
Sleepy Hollow B & R,Week3,Annandale,Week1,315.0 Sleepy Hollow B & R - 87.0 Annandale
Sleepy Hollow B & R,Week5,Annandale,Week5,327.0 Sleepy Hollow B & R - 75.0 Annandale
Sleepy Hollow B & R,Week2,Annandale,Week5,301.0 Sleepy Hollow B & R - 100.0 Annandale
Sleepy Hollow B & R,Week1,Lincolnia Park,Week4,321.0 Sleepy Hollow B & R - 81.0 Lincolnia Park
Sleepy Hollow B & R,Week2,Arlington Forest,Week2,245.0 Sleepy Hollow B & R - 157.0 Arlington Forest
Sleepy Hollow B & R,Week3,Annandale,Week4,321.0 Sleepy Hollow B & R - 81.0 Annandale
Sleepy Hollow B & R,Week3,Annandale,Week2,310.0 Sleepy Hollow B & R - 92.0 Annandale
Sleepy Hollow Rec,Week1,Chesterbrook,Week4,368.0 Chesterbrook - 34.0 Sleepy Hollow Rec
Sleepy Hollow B & R,Week4,Lee Graham,Week4,241.0 Lee Graham - 161.0 Sleepy Hollow B & R
Sleepy Hollow B & R,Week1,Arlington Forest,Week1,211.0 Sleepy Hollow B & R - 191.0 Arlington Forest
Sleepy Hollow B & R,Week5,Lee Graham,Week3,240.0 Lee Graham - 162.0 Sleepy Hollow B & R
Sleepy Hollow Rec,Week3,Commonwealth,Week3,212.0 Commonwealth - 190.0 Sleepy Hollow Rec
Sleepy Hollow B & R,Week4,Lee Graham,Week5,275.0 Lee Graham - 127.0 Sleepy Hollow B & R
Sleepy Hollow Rec,Week5,Commonwealth,Week1,233.0 Sleepy Hollow Rec - 169.0 Commonwealth
Sleepy Hollow B & R,Week5,Lee Graham,Week1,238.0 Lee Graham - 164.0 Sleepy Hollow B & R
Sleepy Hollow B & R,Week3,Annandale,Week3,295.0 Sleepy Hollow B & R - 107.0 Annandale
Sleepy Hollow B & R,Week4,Annandale,Week2,316.0 Sleepy Hollow B & R - 86.0 Annandale
Sleepy Hollow B & R,Week5,Lee Graham,Week5,238.0 Lee Graham - 164.0 Sleepy Hollow B & R
Sleepy Hollow Rec,Week2,Commonwealth,Week3,230.5 Commonwealth - 170.5 Sleepy Hollow Rec
Sleepy Hollow B & R,Week2,Lee Graham,Week2,281.0 Lee Graham - 121.0 Sleepy Hollow B & R
Sleepy Hollow B & R,Week4,Annandale,Week1,318.0 Sleepy Hollow B & R - 84.0 Annandale
Sleepy Hollow B & R,Week3,Arlington Forest,Week2,244.5 Sleepy Hollow B & R - 157.5 Arlington Forest
Sleepy Hollow Rec,Week2,Cottontail,Week2,242.0 Cottontail - 160.0 Sleepy Hollow Rec
Sleepy Hollow Rec,Week1,Commonwealth,Week1,208.0 Sleepy Hollow Rec - 194.0 Commonwealth
Sleepy Hollow Rec,Week1,Commonwealth,Week4,219.0 Commonwealth - 183.0 Sleepy Hollow Rec
Sleepy Hollow B & R,Week4,Annandale,Week4,321.0 Sleepy Hollow B & R - 81.0 Annandale
Sleepy Hollow B & R,Week4,Arlington Forest,Week1,244.0 Sleepy Hollow B & R - 158.0 Arlington Forest
Sleepy Hollow B & R,Week2,Lincolnia Park,Week4,334.0 Sleepy Hollow B & R - 68.0 Lincolnia Park
Sleepy Hollow B & R,Week1,Lincolnia Park,Week5,292.0 Sleepy Hollow B & R - 101.0 Lincolnia Park
Sleepy Hollow B & R,Week5,Arlington Forest,Week2,277.0 Sleepy Hollow B & R - 125.0 Arlington Forest
Sleepy Hollow B & R,Week2,Arlington Forest,Week5,209.0 Arlington Forest - 193.0 Sleepy Hollow B & R
Sleepy Hollow Rec,Week5,Commonwealth,Week2,220.0 Commonwealth - 182.0 Sleepy Hollow Rec
Sleepy Hollow B & R,Week4,Annandale,Week5,319.0 Sleepy Hollow B & R - 83.0 Annandale
Sleepy Hollow B & R,Week4,Lee Graham,Week2,277.0 Lee Graham - 125.0 Sleepy Hollow B & R
Sleepy Hollow Rec,Week4,Commonwealth,Week2,244.0 Commonwealth - 158.0 Sleepy Hollow Rec
Sleepy Hollow Rec,Week3,Commonwealth,Week4,211.0 Sleepy Hollow Rec - 191.0 Commonwealth
Sleepy Hollow Rec,Week2,Commonwealth,Week1,210.0 Sleepy Hollow Rec - 192.0 Commonwealth
Sleepy Hollow B & R,Week1,Arlington Forest,Week2,238.0 Sleepy Hollow B & R - 164.0 Arlington Forest
Sleepy Hollow Rec,Week2,Commonwealth,Week2,238.0 Commonwealth - 164.0 Sleepy Hollow Rec
Sleepy Hollow B & R,Week2,Lincolnia Park,Week2,338.0 Sleepy Hollow B & R - 55.0 Lincolnia Park
Sleepy Hollow B & R,Week1,Lincolnia Park,Week3,284.0 Sleepy Hollow B & R - 109.0 Lincolnia Park
Sleepy Hollow B & R,Week4,Arlington Forest,Week5,203.0 Arlington Forest - 199.0 Sleepy Hollow B & R
Sleepy Hollow Rec,Week4,Commonwealth,Week5,228.0 Commonwealth - 174.0 Sleepy Hollow Rec
Sleepy Hollow B & R,Week1,Lincolnia Park,Week1,328.0 Sleepy Hollow B & R - 74.0 Lincolnia Park
Sleepy Hollow B & R,Week3,Lincolnia Park,Week1,340.0 Sleepy Hollow B & R - 62.0 Lincolnia Park
Sleepy Hollow Rec,Week3,Commonwealth,Week1,239.0 Sleepy Hollow Rec - 163.0 Commonwealth
Sleepy Hollow Rec,Week4,Commonwealth,Week1,222.0 Sleepy Hollow Rec - 180.0 Commonwealth
Sleepy Hollow B & R,Week1,Brandywine,Week1,222.0 Sleepy Hollow B & R - 180.0 Brandywine
Sleepy Hollow B & R,Week5,Arlington Forest,Week4,257.0 Sleepy Hollow B & R - 145.0 Arlington Forest
Sleepy Hollow B & R,Week3,Lee Graham,Week4,260.0 Lee Graham - 142.0 Sleepy Hollow B & R
Sleepy Hollow B & R,Week1,Arlington Forest,Week3,244.5 Sleepy Hollow B & R - 157.5 Arlington Forest
Sleepy Hollow B & R,Week5,Annandale,Week2,326.0 Sleepy Hollow B & R - 76.0 Annandale
Sleepy Hollow Rec,Week2,Commonwealth,Week5,230.0 Commonwealth - 172.0 Sleepy Hollow Rec
Sleepy Hollow B & R,Week3,Lincolnia Park,Week2,326.5 Sleepy Hollow B & R - 62.5 Lincolnia Park
Sleepy Hollow B & R,Week2,Lee Graham,Week4,274.0 Lee Graham - 128.0 Sleepy Hollow B & R
Sleepy Hollow B & R,Week2,Brandywine,Week3,212.0 Sleepy Hollow B & R - 189.0 Brandywine
Sleepy Hollow B & R,Week3,Arlington Forest,Week3,259.0 Sleepy Hollow B & R - 143.0 Arlington Forest
Sleepy Hollow B & R,Week3,Little Hunting Park,Week3,287.0 Sleepy Hollow B & R - 114.0 Little Hunting Park
Sleepy Hollow Rec,Week2,Cottontail,Week3,231.0 Cottontail - 171.0 Sleepy Hollow Rec
Sleepy Hollow B & R,Week1,Brandywine,Week2,215.0 Sleepy Hollow B & R - 187.0 Brandywine
Sleepy Hollow B & R,Week4,Lincolnia Park,Week1,340.0 Sleepy Hollow B & R - 62.0 Lincolnia Park
Sleepy Hollow B & R,Week2,Brandywine,Week5,203.0 Brandywine - 199.0 Sleepy Hollow B & R
Sleepy Hollow B & R,Week4,Arlington Forest,Week2,250.0 Sleepy Hollow B & R - 152.0 Arlington Forest
Sleepy Hollow B & R,Week3,Lincolnia Park,Week4,327.0 Sleepy Hollow B & R - 75.0 Lincolnia Park
Sleepy Hollow B & R,Week3,Arlington Forest,Week4,220.0 Sleepy Hollow B & R - 182.0 Arlington Forest
Sleepy Hollow Rec,Week3,Commonwealth,Week5,208.0 Commonwealth - 194.0 Sleepy Hollow Rec
Sleepy Hollow B & R,Week4,Lincolnia Park,Week2,342.0 Sleepy Hollow B & R - 51.0 Lincolnia Park
Sleepy Hollow B & R,Week2,Brandywine,Week2,229.0 Sleepy Hollow B & R - 173.0 Brandywine
Sleepy Hollow Rec,Week1,Cottontail,Week4,249.0 Cottontail - 153.0 Sleepy Hollow Rec
Sleepy Hollow B & R,Week3,Arlington Forest,Week5,203.0 Sleepy Hollow B & R - 199.0 Arlington Forest
Sleepy Hollow Rec,Week5,Commonwealth,Week5,210.0 Commonwealth - 192.0 Sleepy Hollow Rec
Sleepy Hollow B & R,Week5,Lincolnia Park,Week3,312.0 Sleepy Hollow B & R - 81.0 Lincolnia Park
Sleepy Hollow B & R,Week2,Brandywine,Week4,209.0 Sleepy Hollow B & R - 193.0 Brandywine
Sleepy Hollow Rec,Week2,Commonwealth,Week4,218.0 Commonwealth - 184.0 Sleepy Hollow Rec
Sleepy Hollow Rec,Week1,Cottontail,Week3,233.0 Cottontail - 169.0 Sleepy Hollow Rec
Sleepy Hollow Rec,Week1,Cottontail,Week1,257.0 Cottontail - 145.0 Sleepy Hollow Rec
Sleepy Hollow Rec,Week2,Cottontail,Week4,241.0 Cottontail - 161.0 Sleepy Hollow Rec
Sleepy Hollow Rec,Week5,Commonwealth,Week4,201.0 Commonwealth - 201.0 Sleepy Hollow Rec
Sleepy Hollow B & R,Week4,Arlington Forest,Week4,234.0 Sleepy Hollow B & R - 168.0 Arlington Forest
Sleepy Hollow B & R,Week3,Little Hunting Park,Week1,295.0 Sleepy Hollow B & R - 107.0 Little Hunting Park
Sleepy Hollow B & R,Week2,Brandywine,Week1,240.0 Sleepy Hollow B & R - 162.0 Brandywine
Sleepy Hollow Rec,Week4,Commonwealth,Week4,219.0 Commonwealth - 182.0 Sleepy Hollow Rec
Sleepy Hollow B & R,Week3,Lincolnia Park,Week5,310.0 Sleepy Hollow B & R - 83.0 Lincolnia Park
Sleepy Hollow B & R,Week4,Arlington Forest,Week3,268.0 Sleepy Hollow B & R - 134.0 Arlington Forest
Sleepy Hollow B & R,Week3,Lincolnia Park,Week3,297.0 Sleepy Hollow B & R - 96.0 Lincolnia Park
Sleepy Hollow Rec,Week3,Commonwealth,Week2,209.0 Commonwealth - 193.0 Sleepy Hollow Rec
Sleepy Hollow B & R,Week5,Lincolnia Park,Week1,352.5 Sleepy Hollow B & R - 48.5 Lincolnia Park
Sleepy Hollow B & R,Week1,Brandywine,Week4,210.0 Brandywine - 192.0 Sleepy Hollow B & R
Sleepy Hollow B & R,Week5,Arlington Forest,Week5,239.0 Sleepy Hollow B & R - 163.0 Arlington Forest
Sleepy Hollow B & R,Week2,Little Hunting Park,Week3,278.0 Sleepy Hollow B & R - 123.0 Little Hunting Park
Sleepy Hollow B & R,Week1,Little Hunting Park,Week5,236.5 Sleepy Hollow B & R - 165.5 Little Hunting Park
Sleepy Hollow Rec,Week1,Cottontail,Week5,257.0 Cottontail - 145.0 Sleepy Hollow Rec
Sleepy Hollow Rec,Week2,Cottontail,Week1,244.5 Cottontail - 157.5 Sleepy Hollow Rec
Sleepy Hollow Rec,Week5,Commonwealth,Week3,211.0 Commonwealth - 190.0 Sleepy Hollow Rec
Sleepy Hollow B & R,Week1,Brandywine,Week5,230.0 Brandywine - 172.0 Sleepy Hollow B & R
Sleepy Hollow B & R,Week3,Little Hunting Park,Week5,249.0 Sleepy Hollow B & R - 152.0 Little Hunting Park
Sleepy Hollow B & R,Week3,Little Hunting Park,Week2,287.0 Sleepy Hollow B & R - 114.0 Little Hunting Park
Sleepy Hollow B & R,Week1,Little Hunting Park,Week4,275.0 Sleepy Hollow B & R - 127.0 Little Hunting Park
Sleepy Hollow Rec,Week2,Cottontail,Week5,255.0 Cottontail - 147.0 Sleepy Hollow Rec
Sleepy Hollow B & R,Week3,Little Hunting Park,Week4,287.0 Sleepy Hollow B & R - 115.0 Little Hunting Park
Sleepy Hollow B & R,Week1,Little Hunting Park,Week3,278.5 Sleepy Hollow B & R - 122.5 Little Hunting Park
Sleepy Hollow B & R,Week1,Brandywine,Week3,207.0 Brandywine - 195.0 Sleepy Hollow B & R
Sleepy Hollow B & R,Week4,Lincolnia Park,Week4,339.0 Sleepy Hollow B & R - 63.0 Lincolnia Park
Sleepy Hollow B & R,Week5,Arlington Forest,Week1,270.0 Sleepy Hollow B & R - 132.0 Arlington Forest
Sleepy Hollow Rec,Week4,Commonwealth,Week3,243.0 Commonwealth - 158.0 Sleepy Hollow Rec
Sleepy Hollow Rec,Week1,Cottontail,Week2,244.0 Cottontail - 158.0 Sleepy Hollow Rec
Sleepy Hollow Rec,Week3,Bren Mar-Edsall Park,Week2,356.0 Sleepy Hollow Rec - 46.0 Bren Mar-Edsall Park
Sleepy Hollow B & R,Week5,Lincolnia Park,Week4,335.0 Sleepy Hollow B & R - 66.0 Lincolnia Park
Sleepy Hollow B & R,Week2,Little Hunting Park,Week4,295.0 Sleepy Hollow B & R - 107.0 Little Hunting Park
Sleepy Hollow Rec,Week3,Cottontail,Week1,233.0 Cottontail - 169.0 Sleepy Hollow Rec
Sleepy Hollow B & R,Week4,Little Hunting Park,Week2,288.0 Sleepy Hollow B & R - 114.0 Little Hunting Park
Sleepy Hollow B & R,Week5,Arlington Forest,Week3,298.0 Sleepy Hollow B & R - 104.0 Arlington Forest
Sleepy Hollow Rec,Week3,Cottontail,Week3,214.0 Cottontail - 188.0 Sleepy Hollow Rec
Sleepy Hollow Rec,Week4,Cottontail,Week3,248.0 Cottontail - 154.0 Sleepy Hollow Rec
Sleepy Hollow B & R,Week1,Little Hunting Park,Week2,284.0 Sleepy Hollow B & R - 118.0 Little Hunting Park
Sleepy Hollow Rec,Week3,Cottontail,Week2,218.5 Cottontail - 183.5 Sleepy Hollow Rec
Sleepy Hollow B & R,Week4,Little Hunting Park,Week3,293.0 Sleepy Hollow B & R - 109.0 Little Hunting Park
Sleepy Hollow B & R,Week4,Little Hunting Park,Week1,295.0 Sleepy Hollow B & R - 107.0 Little Hunting Park
Sleepy Hollow Rec,Week5,Cottontail,Week1,248.0 Cottontail - 154.0 Sleepy Hollow Rec
Sleepy Hollow Rec,Week3,Brandywine,Week3,224.0 Brandywine - 178.0 Sleepy Hollow Rec
Sleepy Hollow Rec,Week4,Brandywine,Week2,241.0 Brandywine - 161.0 Sleepy Hollow Rec
Sleepy Hollow Rec,Week2,Bren Mar-Edsall Park,Week1,331.0 Sleepy Hollow Rec - 69.0 Bren Mar-Edsall Park
Sleepy Hollow Rec,Week3,Brandywine,Week5,261.0 Brandywine - 141.0 Sleepy Hollow Rec
Sleepy Hollow B & R,Week4,Lincolnia Park,Week5,309.0 Sleepy Hollow B & R - 84.0 Lincolnia Park
Sleepy Hollow Rec,Week3,Cottontail,Week4,220.0 Cottontail - 182.0 Sleepy Hollow Rec
Sleepy Hollow Rec,Week3,Cottontail,Week5,231.0 Cottontail - 171.0 Sleepy Hollow Rec
Sleepy Hollow Rec,Week5,Brandywine,Week1,231.0 Brandywine - 171.0 Sleepy Hollow Rec
Sleepy Hollow B & R,Week5,Little Hunting Park,Week4,318.0 Sleepy Hollow B & R - 84.0 Little Hunting Park
Sleepy Hollow B & R,Week1,Little Rocky Run,Week2,249.0 Little Rocky Run - 153.0 Sleepy Hollow B & R
Sleepy Hollow B & R,Week4,Fox Hunt,Week1,265.0 Sleepy Hollow B & R - 137.0 Fox Hunt
Sleepy Hollow B & R,Week5,Lincolnia Park,Week5,321.0 Sleepy Hollow B & R - 72.0 Lincolnia Park
Sleepy Hollow Rec,Week1,Bren Mar-Edsall Park,Week3,301.0 Sleepy Hollow Rec - 101.0 Bren Mar-Edsall Park
Sleepy Hollow Rec,Week5,Country Club Hills,Week1,242.0 Country Club Hills - 160.0 Sleepy Hollow Rec
Sleepy Hollow B & R,Week2,Little Hunting Park,Week1,295.0 Sleepy Hollow B & R - 106.0 Little Hunting Park
Sleepy Hollow Rec,Week1,Bren Mar-Edsall Park,Week2,337.0 Sleepy Hollow Rec - 65.0 Bren Mar-Edsall Park
Sleepy Hollow B & R,Week3,Fox Hunt,Week5,217.0 Sleepy Hollow B & R - 185.0 Fox Hunt
Sleepy Hollow Rec,Week5,Brandywine,Week2,225.0 Brandywine - 177.0 Sleepy Hollow Rec
Sleepy Hollow Rec,Week3,Brandywine,Week4,248.5 Brandywine - 153.5 Sleepy Hollow Rec
Sleepy Hollow Rec,Week2,Country Club Hills,Week3,260.0 Country Club Hills - 142.0 Sleepy Hollow Rec
Sleepy Hollow Rec,Week4,Cottontail,Week5,267.0 Cottontail - 135.0 Sleepy Hollow Rec
Sleepy Hollow B & R,Week5,Fox Hunt,Week1,288.0 Sleepy Hollow B & R - 114.0 Fox Hunt
Sleepy Hollow Rec,Week5,Cottontail,Week2,235.0 Cottontail - 167.0 Sleepy Hollow Rec
Sleepy Hollow Rec,Week5,Brandywine,Week3,232.0 Brandywine - 170.0 Sleepy Hollow Rec
Sleepy Hollow Rec,Week1,Country Club Hills,Week4,253.0 Country Club Hills - 144.0 Sleepy Hollow Rec
Sleepy Hollow Rec,Week3,Country Club Hills,Week2,230.0 Country Club Hills - 172.0 Sleepy Hollow Rec
Sleepy Hollow Rec,Week5,Cottontail,Week5,237.0 Cottontail - 165.0 Sleepy Hollow Rec
Sleepy Hollow B & R,Week2,Little Hunting Park,Week5,252.0 Sleepy Hollow B & R - 150.0 Little Hunting Park
Sleepy Hollow B & R,Week1,Little Rocky Run,Week5,269.0 Little Rocky Run - 133.0 Sleepy Hollow B & R
Sleepy Hollow Rec,Week5,Brandywine,Week4,250.0 Brandywine - 152.0 Sleepy Hollow Rec
Sleepy Hollow B & R,Week5,Lincolnia Park,Week2,336.0 Sleepy Hollow B & R - 53.0 Lincolnia Park
Sleepy Hollow Rec,Week3,Country Club Hills,Week1,231.0 Country Club Hills - 171.0 Sleepy Hollow Rec
Sleepy Hollow Rec,Week5,Country Club Hills,Week4,239.0 Country Club Hills - 163.0 Sleepy Hollow Rec
Sleepy Hollow Rec,Week4,Bren Mar-Edsall Park,Week1,335.0 Sleepy Hollow Rec - 67.0 Bren Mar-Edsall Park
Sleepy Hollow B & R,Week1,Little Hunting Park,Week1,280.0 Sleepy Hollow B & R - 122.0 Little Hunting Park
Sleepy Hollow B & R,Week2,Little Hunting Park,Week2,278.0 Sleepy Hollow B & R - 124.0 Little Hunting Park
Sleepy Hollow B & R,Week3,Fox Hunt,Week1,254.0 Sleepy Hollow B & R - 148.0 Fox Hunt
Sleepy Hollow Rec,Week2,Bren Mar-Edsall Park,Week2,347.0 Sleepy Hollow Rec - 51.0 Bren Mar-Edsall Park
Sleepy Hollow Rec,Week5,Brandywine,Week5,262.0 Brandywine - 140.0 Sleepy Hollow Rec
Sleepy Hollow B & R,Week1,Fox Hunt,Week4,221.0 Sleepy Hollow B & R - 181.0 Fox Hunt
Sleepy Hollow B & R,Week3,Little Rocky Run,Week5,259.0 Little Rocky Run - 143.0 Sleepy Hollow B & R
Sleepy Hollow B & R,Week2,Fox Hunt,Week2,246.0 Sleepy Hollow B & R - 156.0 Fox Hunt
Sleepy Hollow B & R,Week1,Fox Hunt,Week2,231.0 Sleepy Hollow B & R - 171.0 Fox Hunt
Sleepy Hollow Rec,Week3,Bren Mar-Edsall Park,Week3,340.0 Sleepy Hollow Rec - 62.0 Bren Mar-Edsall Park
Sleepy Hollow B & R,Week5,Little Rocky Run,Week5,236.0 Little Rocky Run - 166.0 Sleepy Hollow B & R
Sleepy Hollow Rec,Week5,Cottontail,Week4,231.0 Cottontail - 171.0 Sleepy Hollow Rec
Sleepy Hollow B & R,Week1,Fox Mill Estates,Week1,254.0 Sleepy Hollow B & R - 148.0 Fox Mill Estates
Sleepy Hollow Rec,Week1,Country Club Hills,Week2,250.5 Country Club Hills - 151.5 Sleepy Hollow Rec
Sleepy Hollow Rec,Week1,Country Club Hills,Week1,264.0 Country Club Hills - 138.0 Sleepy Hollow Rec
Sleepy Hollow B & R,Week3,Little Rocky Run,Week4,237.0 Little Rocky Run - 165.0 Sleepy Hollow B & R
Sleepy Hollow Rec,Week3,Bren Mar-Edsall Park,Week1,347.0 Sleepy Hollow Rec - 55.0 Bren Mar-Edsall Park
Sleepy Hollow Rec,Week5,Cottontail,Week3,218.0 Cottontail - 184.0 Sleepy Hollow Rec
Sleepy Hollow Rec,Week3,Bren Mar-Edsall Park,Week4,331.0 Sleepy Hollow Rec - 71.0 Bren Mar-Edsall Park
Sleepy Hollow B & R,Week5,Little Rocky Run,Week2,219.0 Sleepy Hollow B & R - 183.0 Little Rocky Run
Sleepy Hollow Rec,Week2,Country Club Hills,Week5,270.0 Country Club Hills - 132.0 Sleepy Hollow Rec
Sleepy Hollow B & R,Week2,Little Rocky Run,Week5,258.0 Little Rocky Run - 144.0 Sleepy Hollow B & R
Sleepy Hollow Rec,Week1,Country Club Hills,Week5,272.0 Country Club Hills - 130.0 Sleepy Hollow Rec
Sleepy Hollow B & R,Week2,Fox Mill Estates,Week2,235.0 Sleepy Hollow B & R - 167.0 Fox Mill Estates
Sleepy Hollow Rec,Week4,Brandywine,Week3,242.0 Brandywine - 160.0 Sleepy Hollow Rec
Sleepy Hollow B & R,Week1,Fox Mill Estates,Week3,233.0 Sleepy Hollow B & R - 169.0 Fox Mill Estates
Sleepy Hollow Rec,Week1,Bren Mar-Edsall Park,Week5,310.5 Sleepy Hollow Rec - 86.5 Bren Mar-Edsall Park
Sleepy Hollow Rec,Week2,Bren Mar-Edsall Park,Week5,314.0 Sleepy Hollow Rec - 87.0 Bren Mar-Edsall Park
Sleepy Hollow B & R,Week1,Little Rocky Run,Week4,261.0 Little Rocky Run - 141.0 Sleepy Hollow B & R
Sleepy Hollow B & R,Week4,Fox Hunt,Week5,216.5 Sleepy Hollow B & R - 185.5 Fox Hunt
Sleepy Hollow Rec,Week3,Country Club Hills,Week3,235.0 Country Club Hills - 167.0 Sleepy Hollow Rec
Sleepy Hollow Rec,Week4,Cottontail,Week1,272.0 Cottontail - 130.0 Sleepy Hollow Rec
Sleepy Hollow Rec,Week3,Country Club Hills,Week4,233.0 Country Club Hills - 169.0 Sleepy Hollow Rec
Sleepy Hollow Rec,Week2,Country Club Hills,Week1,250.0 Country Club Hills - 152.0 Sleepy Hollow Rec
Sleepy Hollow B & R,Week2,Fox Hunt,Week5,211.0 Sleepy Hollow B & R - 191.0 Fox Hunt
Sleepy Hollow B & R,Week4,Little Rocky Run,Week3,234.0 Little Rocky Run - 168.0 Sleepy Hollow B & R
Sleepy Hollow B & R,Week4,Little Rocky Run,Week5,258.0 Little Rocky Run - 144.0 Sleepy Hollow B & R
Sleepy Hollow B & R,Week2,Little Rocky Run,Week2,212.0 Little Rocky Run - 190.0 Sleepy Hollow B & R
Sleepy Hollow Rec,Week4,Country Club Hills,Week1,270.0 Country Club Hills - 132.0 Sleepy Hollow Rec
Sleepy Hollow B & R,Week5,Little Hunting Park,Week2,302.0 Sleepy Hollow B & R - 99.0 Little Hunting Park
Sleepy Hollow Rec,Week3,Brandywine,Week1,229.0 Brandywine - 173.0 Sleepy Hollow Rec
Sleepy Hollow B & R,Week4,Little Rocky Run,Week2,213.0 Little Rocky Run - 189.0 Sleepy Hollow B & R
Sleepy Hollow Rec,Week2,Brandywine,Week5,266.0 Brandywine - 136.0 Sleepy Hollow Rec
Sleepy Hollow B & R,Week2,Little Rocky Run,Week4,244.0 Little Rocky Run - 158.0 Sleepy Hollow B & R
Sleepy Hollow Rec,Week3,Country Club Hills,Week5,249.0 Country Club Hills - 153.0 Sleepy Hollow Rec
Sleepy Hollow B & R,Week5,Fox Hunt,Week4,268.5 Sleepy Hollow B & R - 133.5 Fox Hunt
Sleepy Hollow Rec,Week3,Brandywine,Week2,227.0 Brandywine - 175.0 Sleepy Hollow Rec
Sleepy Hollow B & R,Week1,Fox Hunt,Week3,216.5 Fox Hunt - 185.5 Sleepy Hollow B & R
Sleepy Hollow B & R,Week2,Fox Hunt,Week3,215.0 Sleepy Hollow B & R - 187.0 Fox Hunt
Sleepy Hollow Rec,Week1,Bren Mar-Edsall Park,Week4,306.0 Sleepy Hollow Rec - 96.0 Bren Mar-Edsall Park
Sleepy Hollow B & R,Week1,Little Rocky Run,Week1,247.0 Little Rocky Run - 155.0 Sleepy Hollow B & R
Sleepy Hollow Rec,Week4,Brandywine,Week1,239.0 Brandywine - 163.0 Sleepy Hollow Rec
Sleepy Hollow Rec,Week4,Cottontail,Week2,255.0 Cottontail - 147.0 Sleepy Hollow Rec
Sleepy Hollow B & R,Week2,Fox Hunt,Week4,229.0 Sleepy Hollow B & R - 173.0 Fox Hunt
Sleepy Hollow B & R,Week1,Fox Hunt,Week5,207.0 Fox Hunt - 195.0 Sleepy Hollow B & R
Sleepy Hollow B & R,Week3,Little Rocky Run,Week3,246.0 Little Rocky Run - 156.0 Sleepy Hollow B & R
Sleepy Hollow Rec,Week4,Brandywine,Week4,263.0 Brandywine - 139.0 Sleepy Hollow Rec
Sleepy Hollow Rec,Week2,Bren Mar-Edsall Park,Week4,310.0 Sleepy Hollow Rec - 88.0 Bren Mar-Edsall Park
Sleepy Hollow Rec,Week2,Bren Mar-Edsall Park,Week3,316.0 Sleepy Hollow Rec - 85.0 Bren Mar-Edsall Park
Sleepy Hollow B & R,Week1,Little Rocky Run,Week3,263.0 Little Rocky Run - 139.0 Sleepy Hollow B & R
Sleepy Hollow B & R,Week1,Fox Mill Estates,Week2,228.0 Sleepy Hollow B & R - 174.0 Fox Mill Estates
Sleepy Hollow B & R,Week1,Fox Hunt,Week1,247.0 Sleepy Hollow B & R - 155.0 Fox Hunt
Sleepy Hollow B & R,Week2,Little Rocky Run,Week1,231.0 Little Rocky Run - 171.0 Sleepy Hollow B & R
Sleepy Hollow Rec,Week4,Brandywine,Week5,278.0 Brandywine - 124.0 Sleepy Hollow Rec
Sleepy Hollow Rec,Week4,Cottontail,Week4,254.0 Cottontail - 148.0 Sleepy Hollow Rec
Sleepy Hollow B & R,Week1,Fox Mill Estates,Week5,256.0 Sleepy Hollow B & R - 146.0 Fox Mill Estates
Sleepy Hollow Rec,Week1,Country Club Hills,Week3,263.0 Country Club Hills - 139.0 Sleepy Hollow Rec
Sleepy Hollow B & R,Week5,Little Hunting Park,Week5,281.0 Sleepy Hollow B & R - 120.0 Little Hunting Park
Sleepy Hollow B & R,Week5,Little Hunting Park,Week1,307.0 Sleepy Hollow B & R - 95.0 Little Hunting Park
Sleepy Hollow Rec,Week4,Country Club Hills,Week2,268.0 Country Club Hills - 134.0 Sleepy Hollow Rec
Sleepy Hollow Rec,Week2,Country Club Hills,Week2,243.0 Country Club Hills - 159.0 Sleepy Hollow Rec
Sleepy Hollow Rec,Week2,Country Club Hills,Week4,252.0 Country Club Hills - 150.0 Sleepy Hollow Rec
Sleepy Hollow Rec,Week1,Bren Mar-Edsall Park,Week1,321.0 Sleepy Hollow Rec - 81.0 Bren Mar-Edsall Park
Sleepy Hollow Rec,Week4,Country Club Hills,Week3,259.0 Country Club Hills - 143.0 Sleepy Hollow Rec
Sleepy Hollow Rec,Week4,Brookfield ,Week3,257.0 Brookfield - 145.0 Sleepy Hollow Rec
Sleepy Hollow B & R,Week3,Fox Hunt,Week4,248.0 Sleepy Hollow B & R - 154.0 Fox Hunt
Sleepy Hollow B & R,Week4,Little Rocky Run,Week4,242.5 Little Rocky Run - 159.5 Sleepy Hollow B & R
Sleepy Hollow Rec,Week5,Brookfield ,Week1,251.0 Brookfield - 151.0 Sleepy Hollow Rec
Sleepy Hollow B & R,Week4,Little Rocky Run,Week1,217.0 Little Rocky Run - 185.0 Sleepy Hollow B & R
Sleepy Hollow B & R,Week5,Little Hunting Park,Week3,298.0 Sleepy Hollow B & R - 103.0 Little Hunting Park
Sleepy Hollow Rec,Week5,Country Club Hills,Week3,241.5 Country Club Hills - 160.5 Sleepy Hollow Rec
Sleepy Hollow B & R,Week3,Fox Hunt,Week2,259.0 Sleepy Hollow B & R - 143.0 Fox Hunt
Sleepy Hollow B & R,Week3,Fox Hunt,Week3,214.0 Sleepy Hollow B & R - 188.0 Fox Hunt
Sleepy Hollow Rec,Week3,Bren Mar-Edsall Park,Week5,332.0 Sleepy Hollow Rec - 70.0 Bren Mar-Edsall Park
Sleepy Hollow B & R,Week4,Fox Hunt,Week3,230.0 Sleepy Hollow B & R - 172.0 Fox Hunt
Sleepy Hollow Rec,Week4,Country Club Hills,Week4,279.0 Country Club Hills - 123.0 Sleepy Hollow Rec
Sleepy Hollow Rec,Week4,Crosspointe,Week5,350.0 Crosspointe - 52.0 Sleepy Hollow Rec
Sleepy Hollow B & R,Week5,Fox Hunt,Week3,247.5 Sleepy Hollow B & R - 154.5 Fox Hunt
Sleepy Hollow B & R,Week4,Little Hunting Park,Week5,263.0 Sleepy Hollow B & R - 138.0 Little Hunting Park
Sleepy Hollow B & R,Week5,Little Rocky Run,Week1,201.5 Little Rocky Run - 200.5 Sleepy Hollow B & R
Sleepy Hollow Rec,Week5,Bren Mar-Edsall Park,Week1,349.0 Sleepy Hollow Rec - 52.0 Bren Mar-Edsall Park
Sleepy Hollow Rec,Week3,Brookfield ,Week5,250.0 Brookfield - 152.0 Sleepy Hollow Rec
Sleepy Hollow Rec,Week4,Country Club Hills,Week5,284.0 Country Club Hills - 118.0 Sleepy Hollow Rec
Sleepy Hollow Rec,Week3,Crosspointe,Week3,295.0 Crosspointe - 107.0 Sleepy Hollow Rec
Sleepy Hollow B & R,Week4,Fox Hunt,Week4,237.0 Sleepy Hollow B & R - 165.0 Fox Hunt
Sleepy Hollow B & R,Week4,Fox Hunt,Week2,249.0 Sleepy Hollow B & R - 153.0 Fox Hunt
Sleepy Hollow Rec,Week5,Bren Mar-Edsall Park,Week2,348.0 Sleepy Hollow Rec - 50.0 Bren Mar-Edsall Park
Sleepy Hollow Rec,Week5,Brookfield ,Week3,235.0 Brookfield - 167.0 Sleepy Hollow Rec
Sleepy Hollow B & R,Week2,Little Rocky Run,Week3,245.0 Little Rocky Run - 157.0 Sleepy Hollow B & R
Sleepy Hollow B & R,Week2,Fox Hunt,Week1,256.0 Sleepy Hollow B & R - 146.0 Fox Hunt
Sleepy Hollow B & R,Week4,Little Hunting Park,Week4,304.0 Sleepy Hollow B & R - 98.0 Little Hunting Park
Sleepy Hollow Rec,Week5,Country Club Hills,Week2,230.0 Country Club Hills - 172.0 Sleepy Hollow Rec
Sleepy Hollow Rec,Week4,Crosspointe,Week2,309.0 Crosspointe - 93.0 Sleepy Hollow Rec
Sleepy Hollow Rec,Week2,Crosspointe,Week3,311.5 Crosspointe - 90.5 Sleepy Hollow Rec
Sleepy Hollow Rec,Week1,Brookfield ,Week4,277.0 Brookfield - 125.0 Sleepy Hollow Rec
Sleepy Hollow Rec,Week1,Brookfield ,Week5,262.5 Brookfield - 134.5 Sleepy Hollow Rec
Sleepy Hollow B & R,Week5,Fox Mill Estates,Week4,259.0 Sleepy Hollow B & R - 143.0 Fox Mill Estates
Sleepy Hollow Rec,Week4,Bren Mar-Edsall Park,Week2,345.0 Sleepy Hollow Rec - 57.0 Bren Mar-Edsall Park
Sleepy Hollow B & R,Week2,Fox Mill Estates,Week1,262.0 Sleepy Hollow B & R - 140.0 Fox Mill Estates
Sleepy Hollow B & R,Week5,Fox Hunt,Week5,247.0 Sleepy Hollow B & R - 155.0 Fox Hunt
Sleepy Hollow Rec,Week1,Brookfield ,Week3,250.0 Brookfield - 152.0 Sleepy Hollow Rec
Sleepy Hollow B & R,Week2,Fox Mill Estates,Week4,232.0 Sleepy Hollow B & R - 169.0 Fox Mill Estates
Sleepy Hollow Rec,Week1,Crosspointe,Week2,299.0 Crosspointe - 103.0 Sleepy Hollow Rec
Sleepy Hollow B & R,Week3,Fox Mill Estates,Week2,244.0 Sleepy Hollow B & R - 158.0 Fox Mill Estates
Sleepy Hollow B & R,Week3,Little Rocky Run,Week2,211.0 Little Rocky Run - 191.0 Sleepy Hollow B & R
Sleepy Hollow Rec,Week3,Brookfield ,Week1,251.0 Brookfield - 151.0 Sleepy Hollow Rec
Sleepy Hollow B & R,Week3,Long Branch,Week1,283.0 Sleepy Hollow B & R - 119.0 Long Branch
Sleepy Hollow B & R,Week5,Fox Hunt,Week2,277.0 Sleepy Hollow B & R - 125.0 Fox Hunt
Sleepy Hollow B & R,Week1,Fox Mill Woods,Week5,247.0 Fox Mill Woods - 155.0 Sleepy Hollow B & R
Sleepy Hollow Rec,Week5,Crosspointe,Week2,284.0 Crosspointe - 118.0 Sleepy Hollow Rec
Sleepy Hollow Rec,Week4,Crosspointe,Week1,330.0 Crosspointe - 72.0 Sleepy Hollow Rec
Sleepy Hollow B & R,Week2,Long Branch,Week4,266.0 Sleepy Hollow B & R - 136.0 Long Branch
Sleepy Hollow B & R,Week2,Long Branch,Week5,251.0 Sleepy Hollow B & R - 151.0 Long Branch
Sleepy Hollow Rec,Week5,Bren Mar-Edsall Park,Week3,343.0 Sleepy Hollow Rec - 58.0 Bren Mar-Edsall Park
Sleepy Hollow B & R,Week2,Fox Mill Woods,Week4,245.0 Fox Mill Woods - 157.0 Sleepy Hollow B & R
Sleepy Hollow Rec,Week3,Crosspointe,Week4,299.0 Crosspointe - 103.0 Sleepy Hollow Rec
Sleepy Hollow Rec,Week2,Crosspointe,Week2,322.0 Crosspointe - 80.0 Sleepy Hollow Rec
Sleepy Hollow B & R,Week3,Fox Mill Woods,Week2,226.0 Fox Mill Woods - 176.0 Sleepy Hollow B & R
Sleepy Hollow B & R,Week5,Long Branch,Week2,296.0 Sleepy Hollow B & R - 106.0 Long Branch
Sleepy Hollow Rec,Week1,Crosspointe,Week5,336.0 Crosspointe - 66.0 Sleepy Hollow Rec
Sleepy Hollow Rec,Week1,Brookfield ,Week1,274.5 Brookfield - 127.5 Sleepy Hollow Rec
Sleepy Hollow B & R,Week5,Little Rocky Run,Week3,220.0 Little Rocky Run - 182.0 Sleepy Hollow B & R
Sleepy Hollow Rec,Week3,Brookfield ,Week3,260.0 Brookfield - 142.0 Sleepy Hollow Rec
Sleepy Hollow B & R,Week1,Fox Mill Estates,Week4,219.0 Sleepy Hollow B & R - 182.0 Fox Mill Estates
Sleepy Hollow Rec,Week2,Brookfield ,Week1,279.0 Brookfield - 123.0 Sleepy Hollow Rec
Sleepy Hollow Rec,Week1,Daventry,Week2,240.0 Sleepy Hollow Rec - 162.0 Daventry
Sleepy Hollow Rec,Week1,Daventry,Week4,244.0 Sleepy Hollow Rec - 158.0 Daventry
Sleepy Hollow B & R,Week3,Long Branch,Week2,273.0 Sleepy Hollow B & R - 129.0 Long Branch
Sleepy Hollow Rec,Week2,Brookfield ,Week5,267.0 Brookfield - 135.0 Sleepy Hollow Rec
Sleepy Hollow B & R,Week3,Little Rocky Run,Week1,225.0 Little Rocky Run - 177.0 Sleepy Hollow B & R
Sleepy Hollow B & R,Week3,Long Branch,Week5,264.0 Sleepy Hollow B & R - 138.0 Long Branch
Sleepy Hollow B & R,Week5,Long Branch,Week1,303.5 Sleepy Hollow B & R - 98.5 Long Branch
Sleepy Hollow Rec,Week5,Country Club Hills,Week5,253.0 Country Club Hills - 149.0 Sleepy Hollow Rec
Sleepy Hollow Rec,Week4,Bren Mar-Edsall Park,Week5,317.0 Sleepy Hollow Rec - 85.0 Bren Mar-Edsall Park
Sleepy Hollow B & R,Week5,Little Rocky Run,Week4,205.0 Little Rocky Run - 197.0 Sleepy Hollow B & R
Sleepy Hollow Rec,Week5,Bren Mar-Edsall Park,Week5,324.0 Sleepy Hollow Rec - 77.0 Bren Mar-Edsall Park
Sleepy Hollow Rec,Week1,Daventry,Week1,221.0 Sleepy Hollow Rec - 181.0 Daventry
Sleepy Hollow Rec,Week2,Brookfield ,Week2,281.0 Brookfield - 121.0 Sleepy Hollow Rec
Sleepy Hollow B & R,Week4,Fox Mill Estates,Week1,273.0 Sleepy Hollow B & R - 129.0 Fox Mill Estates
Sleepy Hollow B & R,Week3,Long Branch,Week3,283.0 Sleepy Hollow B & R - 119.0 Long Branch
Sleepy Hollow B & R,Week2,Fox Mill Estates,Week3,238.0 Sleepy Hollow B & R - 164.0 Fox Mill Estates
Sleepy Hollow Rec,Week2,Crosspointe,Week4,316.0 Crosspointe - 86.0 Sleepy Hollow Rec
Sleepy Hollow B & R,Week1,Long Branch,Week1,269.0 Sleepy Hollow B & R - 133.0 Long Branch
Sleepy Hollow B & R,Week4,Long Branch,Week5,273.0 Sleepy Hollow B & R - 129.0 Long Branch
Sleepy Hollow Rec,Week1,Crosspointe,Week1,327.0 Crosspointe - 75.0 Sleepy Hollow Rec
Sleepy Hollow Rec,Week4,Bren Mar-Edsall Park,Week4,317.0 Sleepy Hollow Rec - 84.0 Bren Mar-Edsall Park
Sleepy Hollow B & R,Week3,Fox Mill Estates,Week3,249.0 Sleepy Hollow B & R - 153.0 Fox Mill Estates
Sleepy Hollow B & R,Week3,Long Branch,Week4,271.0 Sleepy Hollow B & R - 131.0 Long Branch
Sleepy Hollow Rec,Week3,Crosspointe,Week1,311.0 Crosspointe - 91.0 Sleepy Hollow Rec
Sleepy Hollow B & R,Week1,Long Branch,Week4,260.0 Sleepy Hollow B & R - 142.0 Long Branch
Sleepy Hollow B & R,Week2,Long Branch,Week2,267.0 Sleepy Hollow B & R - 135.0 Long Branch
Sleepy Hollow B & R,Week5,Fox Mill Estates,Week1,279.0 Sleepy Hollow B & R - 123.0 Fox Mill Estates
Sleepy Hollow B & R,Week2,Fox Mill Estates,Week5,258.0 Sleepy Hollow B & R - 144.0 Fox Mill Estates
Sleepy Hollow B & R,Week1,Mansion House,Week1,222.0 Mansion House - 180.0 Sleepy Hollow B & R
Sleepy Hollow B & R,Week3,Fox Mill Estates,Week1,257.0 Sleepy Hollow B & R - 145.0 Fox Mill Estates
Sleepy Hollow Rec,Week2,Brookfield ,Week4,286.0 Brookfield - 116.0 Sleepy Hollow Rec
Sleepy Hollow Rec,Week2,Brookfield ,Week3,283.0 Brookfield - 119.0 Sleepy Hollow Rec
Sleepy Hollow Rec,Week1,Crosspointe,Week3,304.5 Crosspointe - 97.5 Sleepy Hollow Rec
Sleepy Hollow Rec,Week3,Brookfield ,Week2,246.0 Brookfield - 156.0 Sleepy Hollow Rec
Sleepy Hollow Rec,Week1,Crosspointe,Week4,304.0 Crosspointe - 98.0 Sleepy Hollow Rec
Sleepy Hollow Rec,Week1,Daventry,Week3,239.0 Sleepy Hollow Rec - 162.0 Daventry
Sleepy Hollow Rec,Week5,Bren Mar-Edsall Park,Week4,324.0 Sleepy Hollow Rec - 74.0 Bren Mar-Edsall Park
Sleepy Hollow B & R,Week5,Fox Mill Estates,Week2,254.0 Sleepy Hollow B & R - 148.0 Fox Mill Estates
Sleepy Hollow B & R,Week1,Mansion House,Week4,207.0 Sleepy Hollow B & R - 195.0 Mansion House
Sleepy Hollow Rec,Week1,Brookfield ,Week2,268.0 Brookfield - 134.0 Sleepy Hollow Rec
Sleepy Hollow Rec,Week4,Brookfield ,Week2,264.0 Brookfield - 138.0 Sleepy Hollow Rec
Sleepy Hollow Rec,Week4,Brookfield ,Week4,274.0 Brookfield - 128.0 Sleepy Hollow Rec
Sleepy Hollow B & R,Week4,Long Branch,Week2,281.0 Sleepy Hollow B & R - 121.0 Long Branch
Sleepy Hollow Rec,Week3,Crosspointe,Week2,302.0 Crosspointe - 100.0 Sleepy Hollow Rec
Sleepy Hollow Rec,Week4,Bren Mar-Edsall Park,Week3,329.0 Sleepy Hollow Rec - 72.0 Bren Mar-Edsall Park
Sleepy Hollow B & R,Week2,Fox Mill Woods,Week2,214.5 Fox Mill Woods - 187.5 Sleepy Hollow B & R
Sleepy Hollow B & R,Week5,Fox Mill Estates,Week3,267.0 Sleepy Hollow B & R - 135.0 Fox Mill Estates
Sleepy Hollow Rec,Week4,Brookfield ,Week1,277.0 Brookfield - 125.0 Sleepy Hollow Rec
Sleepy Hollow Rec,Week2,Crosspointe,Week1,333.0 Crosspointe - 69.0 Sleepy Hollow Rec
Sleepy Hollow B & R,Week4,Long Branch,Week1,283.0 Sleepy Hollow B & R - 119.0 Long Branch
Sleepy Hollow B & R,Week1,Fox Mill Woods,Week2,233.0 Fox Mill Woods - 169.0 Sleepy Hollow B & R
Sideburn Run,Week4,Hunter Mill,Week1,228.0 Hunter Mill - 174.0 Sideburn Run
Sleepy Hollow Rec,Week4,Brookfield ,Week5,265.0 Brookfield - 137.0 Sleepy Hollow Rec
Sleepy Hollow B & R,Week2,Fox Mill Woods,Week1,229.0 Fox Mill Woods - 173.0 Sleepy Hollow B & R
Sideburn Run,Week3,Hunter Mill,Week2,228.0 Hunter Mill - 174.0 Sideburn Run
Sleepy Hollow Rec,Week5,Crosspointe,Week3,295.5 Crosspointe - 106.5 Sleepy Hollow Rec
Sleepy Hollow B & R,Week1,Long Branch,Week5,246.0 Sleepy Hollow B & R - 156.0 Long Branch
Sleepy Hollow B & R,Week3,Fox Mill Estates,Week4,235.0 Sleepy Hollow B & R - 167.0 Fox Mill Estates
Sleepy Hollow B & R,Week1,Long Branch,Week3,270.0 Sleepy Hollow B & R - 132.0 Long Branch
Sleepy Hollow B & R,Week4,Fox Mill Estates,Week4,246.0 Sleepy Hollow B & R - 156.0 Fox Mill Estates
Sideburn Run,Week5,Hunt Valley,Week5,268.0 Hunt Valley - 134.0 Sideburn Run
Sleepy Hollow B & R,Week4,Long Branch,Week3,293.0 Sleepy Hollow B & R - 109.0 Long Branch
Sleepy Hollow Rec,Week3,Brookfield ,Week4,255.0 Brookfield - 147.0 Sleepy Hollow Rec
Sleepy Hollow B & R,Week1,Fox Mill Woods,Week4,246.0 Fox Mill Woods - 156.0 Sleepy Hollow B & R
Sleepy Hollow Rec,Week4,Crosspointe,Week4,324.0 Crosspointe - 78.0 Sleepy Hollow Rec
Sleepy Hollow Rec,Week4,Crosspointe,Week3,324.0 Crosspointe - 78.0 Sleepy Hollow Rec
Sleepy Hollow Rec,Week2,Crosspointe,Week5,338.0 Crosspointe - 64.0 Sleepy Hollow Rec
Sleepy Hollow Rec,Week3,Crosspointe,Week5,326.0 Crosspointe - 76.0 Sleepy Hollow Rec
Sleepy Hollow Rec,Week5,Brookfield ,Week2,225.0 Brookfield - 177.0 Sleepy Hollow Rec
Sleepy Hollow Rec,Week1,Broyhill Crest,Week4,300.0 Sleepy Hollow Rec - 102.0 Broyhill Crest
Sleepy Hollow Rec,Week4,Daventry,Week2,234.0 Sleepy Hollow Rec - 167.0 Daventry
Sleepy Hollow B & R,Week5,Long Branch,Week5,282.0 Sleepy Hollow B & R - 120.0 Long Branch
Sleepy Hollow B & R,Week1,Mansion House,Week3,236.0 Mansion House - 166.0 Sleepy Hollow B & R
Sleepy Hollow Rec,Week5,Crosspointe,Week4,301.0 Crosspointe - 101.0 Sleepy Hollow Rec
Sleepy Hollow B & R,Week2,Fox Mill Woods,Week3,218.0 Fox Mill Woods - 184.0 Sleepy Hollow B & R
Sleepy Hollow B & R,Week1,Long Branch,Week2,253.0 Sleepy Hollow B & R - 149.0 Long Branch
Sleepy Hollow B & R,Week3,Fox Mill Woods,Week1,226.0 Fox Mill Woods - 176.0 Sleepy Hollow B & R
Sideburn Run,Week1,Hunter Mill,Week4,238.0 Hunter Mill - 164.0 Sideburn Run
Sleepy Hollow B & R,Week2,Long Branch,Week3,288.0 Sleepy Hollow B & R - 114.0 Long Branch
Sleepy Hollow B & R,Week4,Long Branch,Week4,288.0 Sleepy Hollow B & R - 114.0 Long Branch
Sleepy Hollow B & R,Week1,Fox Mill Woods,Week1,244.0 Fox Mill Woods - 158.0 Sleepy Hollow B & R
Sleepy Hollow B & R,Week5,Long Branch,Week3,308.0 Sleepy Hollow B & R - 94.0 Long Branch
Sleepy Hollow Rec,Week3,Broyhill Crest,Week5,302.0 Sleepy Hollow Rec - 100.0 Broyhill Crest
Sleepy Hollow Rec,Week3,Broyhill Crest,Week1,324.0 Sleepy Hollow Rec - 78.0 Broyhill Crest
Sleepy Hollow Rec,Week5,Crosspointe,Week5,322.0 Crosspointe - 80.0 Sleepy Hollow Rec
Sleepy Hollow B & R,Week5,Fox Mill Estates,Week5,270.0 Sleepy Hollow B & R - 132.0 Fox Mill Estates
Sideburn Run,Week5,Hunt Valley,Week2,255.0 Hunt Valley - 147.0 Sideburn Run
Sleepy Hollow Rec,Week5,Crosspointe,Week1,301.0 Crosspointe - 101.0 Sleepy Hollow Rec
Sleepy Hollow B & R,Week2,Long Branch,Week1,279.0 Sleepy Hollow B & R - 123.0 Long Branch
Sleepy Hollow Rec,Week1,Great Falls,Week2,249.0 Great Falls - 135.0 Sleepy Hollow Rec
Sleepy Hollow Rec,Week5,Daventry,Week2,254.0 Sleepy Hollow Rec - 147.0 Daventry
Sleepy Hollow Rec,Week1,Burke Station,Week4,231.0 Sleepy Hollow Rec - 171.0 Burke Station
Sleepy Hollow Rec,Week5,Daventry,Week3,264.0 Sleepy Hollow Rec - 137.0 Daventry
Sideburn Run,Week3,Hunter Mill,Week5,241.0 Hunter Mill - 161.0 Sideburn Run
Sleepy Hollow B & R,Week4,Fox Mill Estates,Week5,265.0 Sleepy Hollow B & R - 137.0 Fox Mill Estates
Sideburn Run,Week4,Hunter Mill,Week3,237.0 Hunter Mill - 165.0 Sideburn Run
Sleepy Hollow Rec,Week3,Fox Mill Woods,Week5,315.0 Fox Mill Woods - 87.0 Sleepy Hollow Rec
Sleepy Hollow Rec,Week2,Broyhill Crest,Week3,324.0 Sleepy Hollow Rec - 78.0 Broyhill Crest
Sleepy Hollow Rec,Week3,Daventry,Week2,264.0 Sleepy Hollow Rec - 138.0 Daventry
Sleepy Hollow B & R,Week1,Fox Mill Woods,Week3,242.0 Fox Mill Woods - 160.0 Sleepy Hollow B & R
Sleepy Hollow Rec,Week4,Fox Mill Woods,Week3,324.0 Fox Mill Woods - 78.0 Sleepy Hollow Rec
Sleepy Hollow Rec,Week5,Brookfield ,Week5,250.5 Brookfield - 151.5 Sleepy Hollow Rec
Sleepy Hollow B & R,Week4,Fox Mill Estates,Week3,248.0 Sleepy Hollow B & R - 154.0 Fox Mill Estates
Sleepy Hollow Rec,Week2,Great Falls,Week4,250.0 Great Falls - 151.0 Sleepy Hollow Rec
Sleepy Hollow Rec,Week4,Fox Mill Woods,Week5,329.0 Fox Mill Woods - 73.0 Sleepy Hollow Rec
Sleepy Hollow B & R,Week3,Fox Mill Estates,Week5,259.0 Sleepy Hollow B & R - 143.0 Fox Mill Estates
Sideburn Run,Week2,Hunter Mill,Week3,257.0 Hunter Mill - 145.0 Sideburn Run
Sleepy Hollow Rec,Week1,Burke Station,Week1,193.0 Sleepy Hollow Rec - 186.0 Burke Station
Sleepy Hollow Rec,Week1,Great Falls,Week3,275.0 Great Falls - 127.0 Sleepy Hollow Rec
Sleepy Hollow B & R,Week1,Mansion House,Week2,204.0 Mansion House - 198.0 Sleepy Hollow B & R
Sideburn Run,Week5,Hunter Mill,Week1,224.0 Hunter Mill - 178.0 Sideburn Run
Sleepy Hollow B & R,Week4,Fox Mill Estates,Week2,261.0 Sleepy Hollow B & R - 141.0 Fox Mill Estates
Sideburn Run,Week5,Hunt Valley,Week3,259.0 Hunt Valley - 143.0 Sideburn Run
Sideburn Run,Week2,Hunter Mill,Week4,250.0 Hunter Mill - 152.0 Sideburn Run
Sleepy Hollow Rec,Week3,Broyhill Crest,Week2,336.0 Sleepy Hollow Rec - 66.0 Broyhill Crest
Sleepy Hollow B & R,Week5,Long Branch,Week4,295.0 Sleepy Hollow B & R - 107.0 Long Branch
Sleepy Hollow Rec,Week5,Daventry,Week5,230.0 Sleepy Hollow Rec - 172.0 Daventry
Sleepy Hollow Rec,Week2,Great Falls,Week1,241.0 Great Falls - 157.0 Sleepy Hollow Rec
Sleepy Hollow Rec,Week1,Broyhill Crest,Week2,309.0 Sleepy Hollow Rec - 93.0 Broyhill Crest
Sleepy Hollow Rec,Week2,Daventry,Week3,258.0 Sleepy Hollow Rec - 144.0 Daventry
Sleepy Hollow B & R,Week3,Fox Mill Woods,Week3,224.0 Fox Mill Woods - 178.0 Sleepy Hollow B & R
Sleepy Hollow Rec,Week4,Fox Mill Woods,Week2,321.0 Fox Mill Woods - 81.0 Sleepy Hollow Rec
Sleepy Hollow Rec,Week3,Dominion Hills,Week1,238.5 Dominion Hills - 163.5 Sleepy Hollow Rec
Sleepy Hollow B & R,Week1,Mansion House,Week5,225.0 Mansion House - 177.0 Sleepy Hollow B & R
Sleepy Hollow Rec,Week5,Fox Mill Woods,Week2,306.0 Fox Mill Woods - 96.0 Sleepy Hollow Rec
Sleepy Hollow B & R,Week2,Mansion House,Week1,211.0 Mansion House - 191.0 Sleepy Hollow B & R
Sideburn Run,Week4,Hunter Mill,Week2,225.5 Hunter Mill - 176.5 Sideburn Run
Sleepy Hollow Rec,Week3,Fox Mill Woods,Week1,317.0 Fox Mill Woods - 85.0 Sleepy Hollow Rec
Sideburn Run,Week3,Hunter Mill,Week3,229.0 Hunter Mill - 173.0 Sideburn Run
Sleepy Hollow B & R,Week2,Fox Mill Woods,Week5,240.0 Fox Mill Woods - 162.0 Sleepy Hollow B & R
Sleepy Hollow B & R,Week2,Mansion House,Week2,210.0 Sleepy Hollow B & R - 192.0 Mansion House
Sideburn Run,Week2,Hunter Mill,Week1,241.0 Hunter Mill - 161.0 Sideburn Run
Sleepy Hollow Rec,Week3,Broyhill Crest,Week4,314.0 Sleepy Hollow Rec - 88.0 Broyhill Crest
Sleepy Hollow Rec,Week3,Dominion Hills,Week4,261.5 Dominion Hills - 140.5 Sleepy Hollow Rec
Sleepy Hollow B & R,Week3,Fox Mill Woods,Week4,236.0 Fox Mill Woods - 166.0 Sleepy Hollow B & R
Sleepy Hollow Rec,Week2,Broyhill Crest,Week5,282.0 Sleepy Hollow Rec - 119.0 Broyhill Crest
Sleepy Hollow Rec,Week2,Dominion Hills,Week2,271.0 Dominion Hills - 131.0 Sleepy Hollow Rec
Sideburn Run,Week3,Hunter Mill,Week1,224.0 Hunter Mill - 178.0 Sideburn Run
Sleepy Hollow B & R,Week4,Fox Mill Woods,Week2,229.0 Fox Mill Woods - 173.0 Sleepy Hollow B & R
Sleepy Hollow Rec,Week4,Great Falls,Week5,270.0 Great Falls - 132.0 Sleepy Hollow Rec
Sleepy Hollow B & R,Week2,Mansion House,Week5,216.0 Mansion House - 186.0 Sleepy Hollow B & R
Sleepy Hollow B & R,Week3,Mansion House,Week1,207.0 Mansion House - 195.0 Sleepy Hollow B & R
Sleepy Hollow Rec,Week3,Broyhill Crest,Week3,339.0 Sleepy Hollow Rec - 63.0 Broyhill Crest
Sleepy Hollow Rec,Week4,Broyhill Crest,Week1,319.0 Sleepy Hollow Rec - 83.0 Broyhill Crest
Sideburn Run,Week5,Hunter Mill,Week2,233.0 Hunter Mill - 169.0 Sideburn Run
Sideburn Run,Week5,Hunt Valley,Week4,255.0 Hunt Valley - 147.0 Sideburn Run
Sleepy Hollow Rec,Week3,Daventry,Week5,230.0 Sleepy Hollow Rec - 172.0 Daventry
Sleepy Hollow B & R,Week2,Great Falls,Week4,216.0 Sleepy Hollow B & R - 186.0 Great Falls
Sleepy Hollow Rec,Week5,Brookfield ,Week4,255.0 Brookfield - 147.0 Sleepy Hollow Rec
Sleepy Hollow Rec,Week5,Fox Mill Woods,Week5,307.0 Fox Mill Woods - 95.0 Sleepy Hollow Rec
Sleepy Hollow Rec,Week3,Daventry,Week3,269.0 Sleepy Hollow Rec - 132.0 Daventry
Sideburn Run,Week1,Hunter Mill,Week2,227.0 Hunter Mill - 175.0 Sideburn Run
Sleepy Hollow B & R,Week4,Great Falls,Week2,235.0 Sleepy Hollow B & R - 149.0 Great Falls
Sleepy Hollow Rec,Week5,Fox Mill Woods,Week3,311.0 Fox Mill Woods - 91.0 Sleepy Hollow Rec
Sleepy Hollow Rec,Week5,Fox Mill Woods,Week1,314.0 Fox Mill Woods - 88.0 Sleepy Hollow Rec
Sleepy Hollow Rec,Week2,Daventry,Week2,249.0 Sleepy Hollow Rec - 152.0 Daventry
Sleepy Hollow B & R,Week5,Mansion House,Week4,225.0 Sleepy Hollow B & R - 177.0 Mansion House
Sleepy Hollow Rec,Week1,Broyhill Crest,Week5,280.0 Sleepy Hollow Rec - 122.0 Broyhill Crest
Sleepy Hollow B & R,Week5,Mansion House,Week1,231.0 Sleepy Hollow B & R - 171.0 Mansion House
Sideburn Run,Week2,Hunter Mill,Week5,267.0 Hunter Mill - 135.0 Sideburn Run
Sleepy Hollow Rec,Week4,Broyhill Crest,Week4,306.0 Sleepy Hollow Rec - 96.0 Broyhill Crest
Sleepy Hollow B & R,Week3,Great Falls,Week3,214.5 Sleepy Hollow B & R - 187.5 Great Falls
Sleepy Hollow Rec,Week1,Dominion Hills,Week2,271.0 Dominion Hills - 131.0 Sleepy Hollow Rec
Sleepy Hollow B & R,Week5,Fox Mill Woods,Week5,217.0 Fox Mill Woods - 185.0 Sleepy Hollow B & R
Sleepy Hollow B & R,Week4,Mansion House,Week2,213.0 Sleepy Hollow B & R - 189.0 Mansion House
Sleepy Hollow Rec,Week3,Fox Mill Woods,Week2,303.0 Fox Mill Woods - 99.0 Sleepy Hollow Rec
Sideburn Run,Week4,Hunter Mill,Week4,249.5 Hunter Mill - 152.5 Sideburn Run
Sleepy Hollow B & R,Week5,Great Falls,Week2,242.0 Sleepy Hollow B & R - 142.0 Great Falls
Sleepy Hollow Rec,Week2,Dominion Hills,Week4,287.0 Dominion Hills - 115.0 Sleepy Hollow Rec
Sideburn Run,Week1,Hunter Mill,Week1,222.0 Hunter Mill - 180.0 Sideburn Run
Sleepy Hollow B & R,Week5,Mansion House,Week5,232.0 Sleepy Hollow B & R - 170.0 Mansion House
Sleepy Hollow B & R,Week4,Mantua,Week2,204.0 Mantua - 198.0 Sleepy Hollow B & R
Sleepy Hollow Rec,Week2,Great Falls,Week2,243.5 Great Falls - 140.5 Sleepy Hollow Rec
Sleepy Hollow Rec,Week4,Daventry,Week1,225.0 Sleepy Hollow Rec - 176.0 Daventry
Sleepy Hollow Rec,Week2,Daventry,Week1,232.0 Sleepy Hollow Rec - 169.0 Daventry
Sleepy Hollow B & R,Week1,Mantua,Week4,228.0 Mantua - 174.0 Sleepy Hollow B & R
Sleepy Hollow Rec,Week5,Broyhill Crest,Week4,316.0 Sleepy Hollow Rec - 84.0 Broyhill Crest
Sideburn Run,Week1,Hunter Mill,Week3,230.0 Hunter Mill - 172.0 Sideburn Run
Sleepy Hollow B & R,Week3,Great Falls,Week4,224.0 Sleepy Hollow B & R - 178.0 Great Falls
Sleepy Hollow Rec,Week1,Great Falls,Week5,268.0 Great Falls - 134.0 Sleepy Hollow Rec
Sleepy Hollow Rec,Week5,Broyhill Crest,Week2,336.5 Sleepy Hollow Rec - 63.5 Broyhill Crest
Sleepy Hollow Rec,Week4,Daventry,Week4,244.0 Sleepy Hollow Rec - 157.0 Daventry
Sleepy Hollow Rec,Week3,Daventry,Week1,257.0 Sleepy Hollow Rec - 145.0 Daventry
Sleepy Hollow B & R,Week3,Great Falls,Week2,211.0 Sleepy Hollow B & R - 173.0 Great Falls
Sleepy Hollow Rec,Week5,Broyhill Crest,Week5,307.0 Sleepy Hollow Rec - 94.0 Broyhill Crest
Sleepy Hollow Rec,Week2,Broyhill Crest,Week1,311.0 Sleepy Hollow Rec - 87.0 Broyhill Crest
Sleepy Hollow Rec,Week4,Fox Mill Woods,Week1,332.0 Fox Mill Woods - 70.0 Sleepy Hollow Rec
Sleepy Hollow B & R,Week3,Mansion House,Week2,206.0 Sleepy Hollow B & R - 196.0 Mansion House
Sleepy Hollow Rec,Week2,Fox Mill Woods,Week5,321.0 Fox Mill Woods - 81.0 Sleepy Hollow Rec
Sleepy Hollow Rec,Week1,Broyhill Crest,Week3,311.0 Sleepy Hollow Rec - 91.0 Broyhill Crest
Sleepy Hollow Rec,Week3,Fox Mill Woods,Week4,315.0 Fox Mill Woods - 87.0 Sleepy Hollow Rec
Sleepy Hollow Rec,Week2,Broyhill Crest,Week2,323.0 Sleepy Hollow Rec - 78.0 Broyhill Crest
Sleepy Hollow B & R,Week1,Great Falls,Week1,218.0 Sleepy Hollow B & R - 184.0 Great Falls
Sleepy Hollow Rec,Week2,Dominion Hills,Week3,283.0 Dominion Hills - 119.0 Sleepy Hollow Rec
Sleepy Hollow Rec,Week4,Daventry,Week3,245.0 Sleepy Hollow Rec - 156.0 Daventry
Sleepy Hollow B & R,Week4,Great Falls,Week4,232.5 Sleepy Hollow B & R - 169.5 Great Falls
Sleepy Hollow B & R,Week5,Fox Mill Woods,Week3,214.5 Sleepy Hollow B & R - 187.5 Fox Mill Woods
Sleepy Hollow B & R,Week3,Mansion House,Week5,202.0 Sleepy Hollow B & R - 200.0 Mansion House
Sleepy Hollow B & R,Week4,Mansion House,Week5,203.0 Mansion House - 199.0 Sleepy Hollow B & R
Sideburn Run,Week4,Hunter Mill,Week5,260.0 Hunter Mill - 142.0 Sideburn Run
Sleepy Hollow Rec,Week1,Daventry,Week5,206.0 Sleepy Hollow Rec - 196.0 Daventry
Sleepy Hollow B & R,Week2,Mantua,Week4,207.0 Mantua - 195.0 Sleepy Hollow B & R
Sleepy Hollow Rec,Week2,Daventry,Week4,243.0 Sleepy Hollow Rec - 159.0 Daventry
Sleepy Hollow Rec,Week5,Fox Mill Woods,Week4,313.0 Fox Mill Woods - 89.0 Sleepy Hollow Rec
Sideburn Run,Week2,Hunter Mill,Week2,242.0 Hunter Mill - 160.0 Sideburn Run
Sleepy Hollow B & R,Week1,Great Falls,Week4,205.0 Sleepy Hollow B & R - 197.0 Great Falls
Sleepy Hollow B & R,Week1,Mantua,Week2,229.0 Mantua - 173.0 Sleepy Hollow B & R
Sleepy Hollow Rec,Week2,Broyhill Crest,Week4,295.0 Sleepy Hollow Rec - 106.0 Broyhill Crest
Sleepy Hollow Rec,Week1,Broyhill Crest,Week1,291.0 Sleepy Hollow Rec - 106.0 Broyhill Crest
Sideburn Run,Week1,Hunter Mill,Week5,249.0 Hunter Mill - 153.0 Sideburn Run
Sleepy Hollow Rec,Week4,Fox Mill Woods,Week4,333.0 Fox Mill Woods - 69.0 Sleepy Hollow Rec
Sleepy Hollow Rec,Week4,Broyhill Crest,Week2,323.0 Sleepy Hollow Rec - 79.0 Broyhill Crest
Sleepy Hollow Rec,Week3,Fox Mill Woods,Week3,307.0 Fox Mill Woods - 95.0 Sleepy Hollow Rec
Sleepy Hollow B & R,Week1,Great Falls,Week5,202.0 Sleepy Hollow B & R - 200.0 Great Falls
Sleepy Hollow B & R,Week4,Fox Mill Woods,Week4,230.0 Fox Mill Woods - 172.0 Sleepy Hollow B & R
Sleepy Hollow B & R,Week4,Mansion House,Week4,221.0 Sleepy Hollow B & R - 181.0 Mansion House
Sideburn Run,Week3,Hunter Mill,Week4,242.0 Hunter Mill - 160.0 Sideburn Run
Sleepy Hollow Rec,Week4,Great Falls,Week2,253.5 Great Falls - 129.5 Sleepy Hollow Rec
Sleepy Hollow Rec,Week4,Daventry,Week5,205.0 Sleepy Hollow Rec - 196.0 Daventry
Sleepy Hollow Rec,Week5,Broyhill Crest,Week1,327.0 Sleepy Hollow Rec - 70.0 Broyhill Crest
Sleepy Hollow Rec,Week3,Daventry,Week4,258.0 Sleepy Hollow Rec - 144.0 Daventry
Sleepy Hollow Rec,Week4,Broyhill Crest,Week3,330.0 Sleepy Hollow Rec - 72.0 Broyhill Crest
Sleepy Hollow Rec,Week2,Great Falls,Week3,264.5 Great Falls - 137.5 Sleepy Hollow Rec
Sleepy Hollow B & R,Week2,Great Falls,Week5,212.0 Sleepy Hollow B & R - 190.0 Great Falls
Sleepy Hollow Rec,Week5,Daventry,Week1,247.0 Sleepy Hollow Rec - 154.0 Daventry
Sleepy Hollow Rec,Week4,Broyhill Crest,Week5,283.0 Sleepy Hollow Rec - 119.0 Broyhill Crest
Sleepy Hollow B & R,Week4,Fox Mill Woods,Week5,228.0 Fox Mill Woods - 174.0 Sleepy Hollow B & R
Sleepy Hollow B & R,Week2,Mantua,Week5,244.0 Mantua - 158.0 Sleepy Hollow B & R
Sleepy Hollow B & R,Week4,Fox Mill Woods,Week1,234.0 Fox Mill Woods - 168.0 Sleepy Hollow B & R
Sleepy Hollow Rec,Week2,Fox Mill Woods,Week4,324.0 Fox Mill Woods - 78.0 Sleepy Hollow Rec
Sleepy Hollow B & R,Week1,Great Falls,Week3,208.0 Great Falls - 194.0 Sleepy Hollow B & R
Sleepy Hollow Rec,Week2,Daventry,Week5,212.0 Sleepy Hollow Rec - 190.0 Daventry
Sleepy Hollow B & R,Week4,Camelot,Week2,244.0 Sleepy Hollow B & R - 158.0 Camelot
Sleepy Hollow Rec,Week1,Great Falls,Week4,245.0 Great Falls - 157.0 Sleepy Hollow Rec
Sleepy Hollow Rec,Week1,Great Falls,Week1,237.0 Great Falls - 165.0 Sleepy Hollow Rec
Sleepy Hollow B & R,Week3,Mantua,Week1,207.0 Mantua - 195.0 Sleepy Hollow B & R
Sleepy Hollow B & R,Week2,Mantua,Week3,249.0 Mantua - 153.0 Sleepy Hollow B & R
Sleepy Hollow B & R,Week1,Mantua,Week1,230.0 Mantua - 172.0 Sleepy Hollow B & R
Sleepy Hollow B & R,Week5,Camelot,Week5,280.0 Sleepy Hollow B & R - 122.0 Camelot
Sleepy Hollow Rec,Week3,Burke Station,Week3,230.0 Sleepy Hollow Rec - 167.0 Burke Station
Sleepy Hollow Rec,Week1,Burke Station,Week3,202.0 Burke Station - 195.0 Sleepy Hollow Rec
Sleepy Hollow B & R,Week5,Camelot,Week4,265.0 Sleepy Hollow B & R - 137.0 Camelot
Sleepy Hollow B & R,Week3,Mantua,Week4,218.0 Mantua - 184.0 Sleepy Hollow B & R
Sleepy Hollow Rec,Week2,Great Falls,Week5,267.0 Great Falls - 134.0 Sleepy Hollow Rec
Sleepy Hollow B & R,Week1,Canterbury Woods,Week3,253.0 Sleepy Hollow B & R - 149.0 Canterbury Woods
Sleepy Hollow Rec,Week3,Great Falls,Week3,256.0 Great Falls - 146.0 Sleepy Hollow Rec
Sleepy Hollow Rec,Week1,Dominion Hills,Week5,306.0 Dominion Hills - 96.0 Sleepy Hollow Rec
Sleepy Hollow B & R,Week2,Mansion House,Week3,219.0 Mansion House - 183.0 Sleepy Hollow B & R
Sleepy Hollow Rec,Week1,Burke Station,Week2,247.0 Sleepy Hollow Rec - 155.0 Burke Station
Sleepy Hollow Rec,Week3,Great Falls,Week4,227.5 Great Falls - 174.5 Sleepy Hollow Rec
Sleepy Hollow Rec,Week5,Broyhill Crest,Week3,335.0 Sleepy Hollow Rec - 66.0 Broyhill Crest
Sleepy Hollow B & R,Week1,Mantua,Week5,274.0 Mantua - 128.0 Sleepy Hollow B & R
Sleepy Hollow B & R,Week3,Camelot,Week5,249.0 Sleepy Hollow B & R - 153.0 Camelot
Sleepy Hollow B & R,Week3,Canterbury Woods,Week5,280.0 Sleepy Hollow B & R - 122.0 Canterbury Woods
Sleepy Hollow Rec,Week3,Great Falls,Week2,231.0 Great Falls - 153.0 Sleepy Hollow Rec
Sleepy Hollow Rec,Week5,Daventry,Week4,268.0 Sleepy Hollow Rec - 134.0 Daventry
Sleepy Hollow B & R,Week3,Mantua,Week5,248.0 Mantua - 154.0 Sleepy Hollow B & R
Sleepy Hollow B & R,Week1,Great Falls,Week2,198.0 Sleepy Hollow B & R - 186.0 Great Falls
Sleepy Hollow Rec,Week1,Dominion Hills,Week3,269.0 Dominion Hills - 133.0 Sleepy Hollow Rec
Sleepy Hollow B & R,Week2,Great Falls,Week3,213.0 Sleepy Hollow B & R - 189.0 Great Falls
Sleepy Hollow B & R,Week5,Fox Mill Woods,Week1,206.0 Sleepy Hollow B & R - 196.0 Fox Mill Woods
Sleepy Hollow B & R,Week5,Fox Mill Woods,Week4,206.0 Sleepy Hollow B & R - 196.0 Fox Mill Woods
Sleepy Hollow B & R,Week2,Great Falls,Week1,250.0 Sleepy Hollow B & R - 152.0 Great Falls
Sleepy Hollow Rec,Week1,Dominion Hills,Week4,291.0 Dominion Hills - 111.0 Sleepy Hollow Rec
Sleepy Hollow Rec,Week1,Dominion Hills,Week1,264.0 Dominion Hills - 138.0 Sleepy Hollow Rec
Sleepy Hollow Rec,Week4,Burke Station,Week5,210.0 Burke Station - 192.0 Sleepy Hollow Rec
Sleepy Hollow B & R,Week3,Mansion House,Week4,221.0 Sleepy Hollow B & R - 181.0 Mansion House
Sleepy Hollow Rec,Week5,Great Falls,Week2,238.0 Great Falls - 146.0 Sleepy Hollow Rec
Sleepy Hollow B & R,Week3,Fox Mill Woods,Week5,239.0 Fox Mill Woods - 163.0 Sleepy Hollow B & R
Sleepy Hollow Rec,Week3,Donaldson Run,Week2,324.0 Donaldson Run - 78.0 Sleepy Hollow Rec
Sleepy Hollow B & R,Week4,Great Falls,Week1,266.5 Sleepy Hollow B & R - 135.5 Great Falls
Sleepy Hollow Rec,Week4,Dominion Hills,Week4,315.5 Dominion Hills - 86.5 Sleepy Hollow Rec
Sleepy Hollow B & R,Week3,Camelot,Week4,243.0 Sleepy Hollow B & R - 159.0 Camelot
Sleepy Hollow Rec,Week3,Camelot,Week2,213.5 Camelot - 188.5 Sleepy Hollow Rec
Sleepy Hollow B & R,Week3,Great Falls,Week5,204.0 Sleepy Hollow B & R - 198.0 Great Falls
Sleepy Hollow Rec,Week3,Donaldson Run,Week4,328.0 Donaldson Run - 74.0 Sleepy Hollow Rec
Sleepy Hollow B & R,Week4,Mansion House,Week3,210.0 Mansion House - 192.0 Sleepy Hollow B & R
Sleepy Hollow Rec,Week2,Camelot,Week3,220.0 Camelot - 182.0 Sleepy Hollow Rec
Sleepy Hollow Rec,Week4,Great Falls,Week1,244.0 Great Falls - 157.0 Sleepy Hollow Rec
Sleepy Hollow Rec,Week4,Great Falls,Week4,250.0 Great Falls - 152.0 Sleepy Hollow Rec
Sleepy Hollow Rec,Week3,Great Falls,Week1,233.0 Great Falls - 169.0 Sleepy Hollow Rec
Sleepy Hollow Rec,Week4,Dominion Hills,Week3,286.5 Dominion Hills - 115.5 Sleepy Hollow Rec
Sleepy Hollow B & R,Week4,Mantua,Week1,202.0 Sleepy Hollow B & R - 200.0 Mantua
Sleepy Hollow Rec,Week1,Greenbriar,Week1,292.0 Greenbriar - 110.0 Sleepy Hollow Rec
Sleepy Hollow Rec,Week1,Camelot,Week3,244.0 Camelot - 158.0 Sleepy Hollow Rec
Sleepy Hollow Rec,Week3,Great Falls,Week5,258.0 Great Falls - 144.0 Sleepy Hollow Rec
Sleepy Hollow Rec,Week5,Dominion Hills,Week2,260.0 Dominion Hills - 142.0 Sleepy Hollow Rec
Sleepy Hollow Rec,Week2,Dominion Hills,Week5,300.0 Dominion Hills - 102.0 Sleepy Hollow Rec
Sleepy Hollow B & R,Week4,Canterbury Woods,Week5,265.0 Sleepy Hollow B & R - 137.0 Canterbury Woods
Sleepy Hollow B & R,Week5,Mansion House,Week3,214.0 Sleepy Hollow B & R - 188.0 Mansion House
Sleepy Hollow Rec,Week4,Burke Station,Week2,257.0 Sleepy Hollow Rec - 145.0 Burke Station
Sleepy Hollow Rec,Week2,Dominion Hills,Week1,264.0 Dominion Hills - 138.0 Sleepy Hollow Rec
Sleepy Hollow B & R,Week1,Canterbury Woods,Week5,248.0 Sleepy Hollow B & R - 154.0 Canterbury Woods
Sleepy Hollow B & R,Week5,Fox Mill Woods,Week2,208.0 Sleepy Hollow B & R - 194.0 Fox Mill Woods
Sleepy Hollow B & R,Week3,Mansion House,Week3,219.0 Mansion House - 183.0 Sleepy Hollow B & R
Sleepy Hollow B & R,Week2,Canterbury Woods,Week5,264.0 Sleepy Hollow B & R - 137.0 Canterbury Woods
Sleepy Hollow B & R,Week4,Great Falls,Week3,224.0 Sleepy Hollow B & R - 178.0 Great Falls
Sleepy Hollow B & R,Week1,Mantua,Week3,268.0 Mantua - 134.0 Sleepy Hollow B & R
Sleepy Hollow B & R,Week3,Canterbury Woods,Week1,291.0 Sleepy Hollow B & R - 111.0 Canterbury Woods
Sleepy Hollow Rec,Week4,Great Falls,Week3,276.0 Great Falls - 126.0 Sleepy Hollow Rec
Sleepy Hollow Rec,Week1,Greenbriar,Week2,295.0 Greenbriar - 107.0 Sleepy Hollow Rec
Sleepy Hollow B & R,Week3,Great Falls,Week1,241.0 Sleepy Hollow B & R - 161.0 Great Falls
Sleepy Hollow B & R,Week4,Camelot,Week3,261.0 Sleepy Hollow B & R - 141.0 Camelot
Sleepy Hollow Rec,Week3,Dominion Hills,Week2,249.0 Dominion Hills - 153.0 Sleepy Hollow Rec
Sleepy Hollow Rec,Week2,Burke Station,Week3,212.0 Sleepy Hollow Rec - 184.0 Burke Station
Sleepy Hollow Rec,Week2,Burke Station,Week2,258.0 Sleepy Hollow Rec - 142.0 Burke Station
Sleepy Hollow Rec,Week2,Greenbriar,Week1,275.5 Greenbriar - 126.5 Sleepy Hollow Rec
Sleepy Hollow B & R,Week4,Camelot,Week5,268.0 Sleepy Hollow B & R - 134.0 Camelot
Sleepy Hollow B & R,Week4,Camelot,Week4,264.5 Sleepy Hollow B & R - 137.5 Camelot
Sleepy Hollow B & R,Week2,Great Falls,Week2,205.0 Sleepy Hollow B & R - 179.0 Great Falls
Sleepy Hollow B & R,Week4,Mansion House,Week1,213.0 Sleepy Hollow B & R - 189.0 Mansion House
Sleepy Hollow Rec,Week2,Camelot,Week5,243.0 Camelot - 159.0 Sleepy Hollow Rec
Sleepy Hollow B & R,Week2,Mansion House,Week4,210.0 Sleepy Hollow B & R - 192.0 Mansion House
Sleepy Hollow Rec,Week2,Burke Station,Week4,235.0 Sleepy Hollow Rec - 166.0 Burke Station
Sleepy Hollow Rec,Week3,Dominion Hills,Week3,250.5 Dominion Hills - 151.5 Sleepy Hollow Rec
Sleepy Hollow Rec,Week1,Burke Station,Week5,202.0 Sleepy Hollow Rec - 200.0 Burke Station
Sleepy Hollow B & R,Week5,Mansion House,Week2,236.0 Sleepy Hollow B & R - 166.0 Mansion House
Sleepy Hollow B & R,Week4,Fox Mill Woods,Week3,225.0 Fox Mill Woods - 177.0 Sleepy Hollow B & R
Sleepy Hollow B & R,Week2,Canterbury Woods,Week2,272.0 Sleepy Hollow B & R - 130.0 Canterbury Woods
Sleepy Hollow Rec,Week5,Burke Station,Week2,263.0 Sleepy Hollow Rec - 137.0 Burke Station
Sleepy Hollow Rec,Week1,Greenbriar,Week5,271.0 Greenbriar - 131.0 Sleepy Hollow Rec
Sleepy Hollow B & R,Week4,Great Falls,Week5,220.0 Sleepy Hollow B & R - 181.0 Great Falls
Sleepy Hollow B & R,Week2,Mantua,Week1,210.0 Mantua - 192.0 Sleepy Hollow B & R
Sleepy Hollow B & R,Week2,Mantua,Week2,207.0 Mantua - 195.0 Sleepy Hollow B & R
Sleepy Hollow B & R,Week1,Canterbury Woods,Week4,232.0 Sleepy Hollow B & R - 170.0 Canterbury Woods
Sleepy Hollow Rec,Week2,Donaldson Run,Week3,335.0 Donaldson Run - 67.0 Sleepy Hollow Rec
Sleepy Hollow B & R,Week5,Great Falls,Week1,283.0 Sleepy Hollow B & R - 118.0 Great Falls
Sleepy Hollow Rec,Week2,Greenbriar,Week2,292.0 Greenbriar - 110.0 Sleepy Hollow Rec
Sleepy Hollow B & R,Week5,Camelot,Week2,259.0 Sleepy Hollow B & R - 143.0 Camelot
Sleepy Hollow B & R,Week3,Mantua,Week2,202.0 Sleepy Hollow B & R - 200.0 Mantua
Sleepy Hollow Rec,Week3,Burke Station,Week4,262.0 Sleepy Hollow Rec - 140.0 Burke Station
Sleepy Hollow B & R,Week1,Canterbury Woods,Week2,259.0 Sleepy Hollow B & R - 143.0 Canterbury Woods
Sleepy Hollow Rec,Week3,Donaldson Run,Week3,322.0 Donaldson Run - 80.0 Sleepy Hollow Rec
Sleepy Hollow Rec,Week2,Greenbriar,Week3,285.0 Greenbriar - 117.0 Sleepy Hollow Rec
Sleepy Hollow B & R,Week3,Mantua,Week3,251.0 Mantua - 151.0 Sleepy Hollow B & R
Sleepy Hollow B & R,Week2,Greenbriar,Week3,227.0 Sleepy Hollow B & R - 175.0 Greenbriar
Sleepy Hollow Rec,Week4,Donaldson Run,Week2,340.0 Donaldson Run - 62.0 Sleepy Hollow Rec
Sleepy Hollow Rec,Week4,Burke Station,Week1,193.0 Sleepy Hollow Rec - 186.0 Burke Station
Sleepy Hollow Rec,Week4,Dominion Hills,Week1,282.0 Dominion Hills - 120.0 Sleepy Hollow Rec
Sleepy Hollow B & R,Week5,Mantua,Week5,210.0 Mantua - 192.0 Sleepy Hollow B & R
Sleepy Hollow B & R,Week5,Camelot,Week1,278.0 Sleepy Hollow B & R - 124.0 Camelot
Sleepy Hollow Rec,Week2,Greenbriar,Week5,258.5 Greenbriar - 143.5 Sleepy Hollow Rec
Sleepy Hollow Rec,Week5,Dominion Hills,Week3,261.0 Dominion Hills - 141.0 Sleepy Hollow Rec
Sleepy Hollow B & R,Week5,McLean,Week1,240.0 McLean - 162.0 Sleepy Hollow B & R
Sleepy Hollow B & R,Week2,McLean,Week4,262.0 McLean - 140.0 Sleepy Hollow B & R
Sleepy Hollow B & R,Week4,Camelot,Week1,250.0 Sleepy Hollow B & R - 152.0 Camelot
Sleepy Hollow Rec,Week1,Donaldson Run,Week3,344.0 Donaldson Run - 58.0 Sleepy Hollow Rec
Sleepy Hollow B & R,Week2,Canterbury Woods,Week4,248.0 Sleepy Hollow B & R - 154.0 Canterbury Woods
Sleepy Hollow Rec,Week5,Great Falls,Week5,256.5 Great Falls - 144.5 Sleepy Hollow Rec
Sleepy Hollow Rec,Week1,Camelot,Week4,249.0 Camelot - 153.0 Sleepy Hollow Rec
Sleepy Hollow B & R,Week5,Great Falls,Week4,252.0 Sleepy Hollow B & R - 150.0 Great Falls
Sleepy Hollow Rec,Week4,Burke Station,Week4,239.0 Sleepy Hollow Rec - 163.0 Burke Station
Sleepy Hollow B & R,Week2,Greenbriar,Week1,220.0 Sleepy Hollow B & R - 182.0 Greenbriar
Sleepy Hollow Rec,Week1,Camelot,Week1,241.0 Camelot - 161.0 Sleepy Hollow Rec
Sleepy Hollow Rec,Week3,Greenbriar,Week2,285.0 Greenbriar - 117.0 Sleepy Hollow Rec
Sleepy Hollow Rec,Week3,Burke Station,Week1,229.0 Sleepy Hollow Rec - 150.0 Burke Station
Sleepy Hollow Rec,Week3,Donaldson Run,Week1,324.0 Donaldson Run - 78.0 Sleepy Hollow Rec
Sleepy Hollow Rec,Week3,Greenbriar,Week3,274.0 Greenbriar - 128.0 Sleepy Hollow Rec
Sleepy Hollow B & R,Week4,Greenbriar,Week4,243.0 Sleepy Hollow B & R - 159.0 Greenbriar
Sleepy Hollow B & R,Week5,Greenbriar,Week3,255.0 Sleepy Hollow B & R - 147.0 Greenbriar
Sleepy Hollow Rec,Week5,Dominion Hills,Week1,253.0 Dominion Hills - 149.0 Sleepy Hollow Rec
Sleepy Hollow B & R,Week3,McLean,Week4,262.0 McLean - 140.0 Sleepy Hollow B & R
Sleepy Hollow Rec,Week3,Greenbriar,Week1,271.0 Greenbriar - 131.0 Sleepy Hollow Rec
Sleepy Hollow Rec,Week2,Burke Station,Week1,204.0 Sleepy Hollow Rec - 174.0 Burke Station
Sleepy Hollow Rec,Week4,Greenbriar,Week5,274.0 Greenbriar - 128.0 Sleepy Hollow Rec
Sleepy Hollow Rec,Week1,Greenbriar,Week4,261.0 Greenbriar - 141.0 Sleepy Hollow Rec
Sleepy Hollow Rec,Week2,Donaldson Run,Week2,332.0 Donaldson Run - 70.0 Sleepy Hollow Rec
Sleepy Hollow Rec,Week2,Greenbriar,Week4,247.0 Greenbriar - 155.0 Sleepy Hollow Rec
Sleepy Hollow Rec,Week1,Donaldson Run,Week4,344.0 Donaldson Run - 58.0 Sleepy Hollow Rec
Sleepy Hollow B & R,Week1,Greenbriar,Week3,207.0 Sleepy Hollow B & R - 195.0 Greenbriar
Sleepy Hollow Rec,Week5,Dominion Hills,Week5,278.0 Dominion Hills - 124.0 Sleepy Hollow Rec
Sleepy Hollow B & R,Week1,Cardinal Hill,Week5,246.0 Cardinal Hill - 156.0 Sleepy Hollow B & R
Sleepy Hollow B & R,Week2,McLean,Week3,268.0 McLean - 134.0 Sleepy Hollow B & R
Sleepy Hollow B & R,Week3,Greenbriar,Week5,219.0 Sleepy Hollow B & R - 182.0 Greenbriar
Sleepy Hollow B & R,Week1,Canterbury Woods,Week1,261.0 Sleepy Hollow B & R - 141.0 Canterbury Woods
Sleepy Hollow Rec,Week3,Greenbriar,Week4,231.0 Greenbriar - 171.0 Sleepy Hollow Rec
Sleepy Hollow B & R,Week2,Greenbriar,Week5,226.0 Sleepy Hollow B & R - 175.0 Greenbriar
Sleepy Hollow B & R,Week5,Camelot,Week3,267.0 Sleepy Hollow B & R - 135.0 Camelot
Sleepy Hollow B & R,Week2,McLean,Week2,268.0 McLean - 134.0 Sleepy Hollow B & R
Sleepy Hollow B & R,Week4,Greenbriar,Week1,232.0 Sleepy Hollow B & R - 170.0 Greenbriar
Sleepy Hollow B & R,Week5,Canterbury Woods,Week4,281.5 Sleepy Hollow B & R - 120.5 Canterbury Woods
Sleepy Hollow Rec,Week5,Burke Station,Week4,247.0 Sleepy Hollow Rec - 154.0 Burke Station
Sleepy Hollow B & R,Week3,Canterbury Woods,Week2,289.0 Sleepy Hollow B & R - 113.0 Canterbury Woods
Sleepy Hollow B & R,Week5,Mantua,Week3,204.5 Mantua - 197.5 Sleepy Hollow B & R
Sleepy Hollow Rec,Week5,Great Falls,Week4,235.0 Great Falls - 166.0 Sleepy Hollow Rec
Sleepy Hollow Rec,Week4,Burke Station,Week3,209.0 Sleepy Hollow Rec - 188.0 Burke Station
Sleepy Hollow B & R,Week1,McLean,Week4,272.0 McLean - 130.0 Sleepy Hollow B & R
Sleepy Hollow B & R,Week1,McLean,Week1,270.0 McLean - 132.0 Sleepy Hollow B & R
Sleepy Hollow Rec,Week1,Greenbriar,Week3,296.0 Greenbriar - 106.0 Sleepy Hollow Rec
Sleepy Hollow B & R,Week4,Canterbury Woods,Week2,288.0 Sleepy Hollow B & R - 114.0 Canterbury Woods
Sleepy Hollow Rec,Week4,Greenbriar,Week4,255.0 Greenbriar - 147.0 Sleepy Hollow Rec
Sleepy Hollow B & R,Week3,McLean,Week2,268.5 McLean - 133.5 Sleepy Hollow B & R
Sleepy Hollow Rec,Week2,Burke Station,Week5,206.0 Sleepy Hollow Rec - 196.0 Burke Station
Sleepy Hollow Rec,Week1,Camelot,Week5,249.5 Camelot - 152.5 Sleepy Hollow Rec
Sleepy Hollow Rec,Week1,Donaldson Run,Week1,341.0 Donaldson Run - 61.0 Sleepy Hollow Rec
Sleepy Hollow Rec,Week4,Dominion Hills,Week5,317.0 Dominion Hills - 85.0 Sleepy Hollow Rec
Sleepy Hollow B & R,Week2,Greenbriar,Week4,229.0 Sleepy Hollow B & R - 173.0 Greenbriar
Sleepy Hollow Rec,Week3,Dominion Hills,Week5,280.0 Dominion Hills - 122.0 Sleepy Hollow Rec
Sleepy Hollow B & R,Week3,Canterbury Woods,Week4,259.0 Sleepy Hollow B & R - 143.0 Canterbury Woods
Sleepy Hollow B & R,Week1,Greenbriar,Week5,201.0 Greenbriar - 200.0 Sleepy Hollow B & R
Sleepy Hollow Rec,Week3,Burke Station,Week5,227.0 Sleepy Hollow Rec - 175.0 Burke Station
Sleepy Hollow Rec,Week4,Greenbriar,Week1,293.0 Greenbriar - 109.0 Sleepy Hollow Rec
Sleepy Hollow B & R,Week4,Mantua,Week4,204.0 Mantua - 198.0 Sleepy Hollow B & R
Sleepy Hollow B & R,Week2,Canterbury Woods,Week3,269.0 Sleepy Hollow B & R - 133.0 Canterbury Woods
Sleepy Hollow B & R,Week2,Canterbury Woods,Week1,283.0 Sleepy Hollow B & R - 119.0 Canterbury Woods
Sleepy Hollow Rec,Week2,Donaldson Run,Week5,345.0 Donaldson Run - 57.0 Sleepy Hollow Rec
Sleepy Hollow Rec,Week4,Donaldson Run,Week1,352.0 Donaldson Run - 50.0 Sleepy Hollow Rec
Sleepy Hollow Rec,Week3,Greenbriar,Week5,243.0 Greenbriar - 159.0 Sleepy Hollow Rec
Sleepy Hollow B & R,Week5,Mantua,Week2,229.0 Sleepy Hollow B & R - 173.0 Mantua
Sleepy Hollow B & R,Week3,Canterbury Woods,Week3,272.0 Sleepy Hollow B & R - 130.0 Canterbury Woods
Sleepy Hollow B & R,Week5,Greenbriar,Week4,262.0 Sleepy Hollow B & R - 140.0 Greenbriar
Sleepy Hollow B & R,Week1,McLean,Week3,279.0 McLean - 123.0 Sleepy Hollow B & R
Sleepy Hollow B & R,Week3,Greenbriar,Week1,226.0 Sleepy Hollow B & R - 176.0 Greenbriar
Sleepy Hollow Rec,Week5,Burke Station,Week3,223.0 Sleepy Hollow Rec - 174.0 Burke Station
Sleepy Hollow Rec,Week1,Camelot,Week2,244.5 Camelot - 157.5 Sleepy Hollow Rec
Sleepy Hollow B & R,Week1,Hamlet,Week3,286.0 Hamlet - 116.0 Sleepy Hollow B & R
Sleepy Hollow Rec,Week3,Burke Station,Week2,272.0 Sleepy Hollow Rec - 130.0 Burke Station
Sleepy Hollow B & R,Week5,Greenbriar,Week1,246.0 Sleepy Hollow B & R - 156.0 Greenbriar
Sleepy Hollow Rec,Week5,Burke Station,Week1,205.0 Sleepy Hollow Rec - 173.0 Burke Station
Sleepy Hollow Rec,Week4,Greenbriar,Week2,298.0 Greenbriar - 104.0 Sleepy Hollow Rec
Sleepy Hollow Rec,Week5,Greenbriar,Week1,267.0 Greenbriar - 135.0 Sleepy Hollow Rec
Sleepy Hollow B & R,Week3,Greenbriar,Week3,228.0 Sleepy Hollow B & R - 174.0 Greenbriar
Sleepy Hollow B & R,Week3,McLean,Week3,274.0 McLean - 128.0 Sleepy Hollow B & R
Sleepy Hollow Rec,Week1,Donaldson Run,Week2,337.0 Donaldson Run - 65.0 Sleepy Hollow Rec
Sleepy Hollow Rec,Week5,Burke Station,Week5,209.0 Sleepy Hollow Rec - 193.0 Burke Station
Sleepy Hollow Rec,Week2,Camelot,Week2,235.0 Camelot - 167.0 Sleepy Hollow Rec
Sleepy Hollow Rec,Week1,Donaldson Run,Week5,359.0 Donaldson Run - 38.0 Sleepy Hollow Rec
Sleepy Hollow Rec,Week2,Camelot,Week1,229.0 Camelot - 173.0 Sleepy Hollow Rec
Sleepy Hollow Rec,Week2,Donaldson Run,Week1,334.0 Donaldson Run - 68.0 Sleepy Hollow Rec
Sleepy Hollow B & R,Week4,Canterbury Woods,Week1,287.0 Sleepy Hollow B & R - 115.0 Canterbury Woods
Sleepy Hollow Rec,Week4,Greenbriar,Week3,304.0 Greenbriar - 98.0 Sleepy Hollow Rec
Sleepy Hollow B & R,Week4,Greenbriar,Week3,244.0 Sleepy Hollow B & R - 158.0 Greenbriar
Sleepy Hollow B & R,Week1,McLean,Week2,280.0 McLean - 122.0 Sleepy Hollow B & R
Sleepy Hollow B & R,Week5,Great Falls,Week5,234.0 Sleepy Hollow B & R - 168.0 Great Falls
Sleepy Hollow Rec,Week4,Dominion Hills,Week2,297.0 Dominion Hills - 105.0 Sleepy Hollow Rec
Sleepy Hollow B & R,Week3,McLean,Week5,289.0 McLean - 113.0 Sleepy Hollow B & R
Sleepy Hollow B & R,Week1,Cardinal Hill,Week4,237.5 Cardinal Hill - 164.5 Sleepy Hollow B & R
Sleepy Hollow B & R,Week1,Cardinal Hill,Week2,243.0 Cardinal Hill - 159.0 Sleepy Hollow B & R
Sleepy Hollow B & R,Week3,Greenbriar,Week2,207.0 Sleepy Hollow B & R - 195.0 Greenbriar
Sleepy Hollow Rec,Week3,Camelot,Week1,207.0 Camelot - 195.0 Sleepy Hollow Rec
Sleepy Hollow B & R,Week4,McLean,Week3,268.0 McLean - 134.0 Sleepy Hollow B & R
Sleepy Hollow B & R,Week5,Great Falls,Week3,245.0 Sleepy Hollow B & R - 157.0 Great Falls
Sleepy Hollow Rec,Week3,Hamlet,Week5,332.0 Hamlet - 70.0 Sleepy Hollow Rec
Sleepy Hollow B & R,Week4,Mantua,Week5,245.0 Mantua - 157.0 Sleepy Hollow B & R
Sleepy Hollow Rec,Week5,Camelot,Week5,224.0 Camelot - 178.0 Sleepy Hollow Rec
Sleepy Hollow B & R,Week5,Canterbury Woods,Week2,303.0 Sleepy Hollow B & R - 99.0 Canterbury Woods
Sleepy Hollow Rec,Week2,Camelot,Week4,234.0 Camelot - 168.0 Sleepy Hollow Rec
Sleepy Hollow Rec,Week4,Donaldson Run,Week3,350.0 Donaldson Run - 52.0 Sleepy Hollow Rec
Sleepy Hollow Rec,Week3,Canterbury Woods,Week1,206.0 Canterbury Woods - 196.0 Sleepy Hollow Rec
Sleepy Hollow B & R,Week4,McLean,Week2,263.0 McLean - 139.0 Sleepy Hollow B & R
Sleepy Hollow B & R,Week4,Canterbury Woods,Week3,278.0 Sleepy Hollow B & R - 124.0 Canterbury Woods
Sleepy Hollow B & R,Week1,Chesterbrook,Week1,320.0 Chesterbrook - 82.0 Sleepy Hollow B & R
Sleepy Hollow Rec,Week5,Greenbriar,Week2,275.0 Greenbriar - 127.0 Sleepy Hollow Rec
Sleepy Hollow Rec,Week3,Donaldson Run,Week5,335.0 Donaldson Run - 67.0 Sleepy Hollow Rec
Sleepy Hollow B & R,Week5,Mantua,Week4,219.0 Sleepy Hollow B & R - 183.0 Mantua
Sleepy Hollow Rec,Week5,Great Falls,Week3,262.0 Great Falls - 140.0 Sleepy Hollow Rec
Sleepy Hollow B & R,Week4,Canterbury Woods,Week4,264.0 Sleepy Hollow B & R - 138.0 Canterbury Woods
Sleepy Hollow B & R,Week2,Greenbriar,Week2,203.0 Sleepy Hollow B & R - 199.0 Greenbriar
Sleepy Hollow B & R,Week2,McLean,Week5,285.0 McLean - 117.0 Sleepy Hollow B & R
Sleepy Hollow B & R,Week5,Cardinal Hill,Week3,240.0 Cardinal Hill - 162.0 Sleepy Hollow B & R
Sleepy Hollow Rec,Week5,Great Falls,Week1,228.0 Great Falls - 170.0 Sleepy Hollow Rec
Sleepy Hollow Rec,Week5,Dominion Hills,Week4,274.0 Dominion Hills - 128.0 Sleepy Hollow Rec
Sleepy Hollow B & R,Week1,Greenbriar,Week2,221.0 Greenbriar - 181.0 Sleepy Hollow B & R
Sleepy Hollow B & R,Week1,McLean,Week5,293.0 McLean - 109.0 Sleepy Hollow B & R
Sleepy Hollow B & R,Week2,Cardinal Hill,Week5,240.5 Cardinal Hill - 161.5 Sleepy Hollow B & R
Sleepy Hollow Rec,Week4,Camelot,Week2,238.0 Camelot - 163.0 Sleepy Hollow Rec
Sleepy Hollow Rec,Week4,Hamlet,Week3,346.0 Hamlet - 56.0 Sleepy Hollow Rec
Sleepy Hollow B & R,Week5,Mantua,Week1,233.0 Sleepy Hollow B & R - 169.0 Mantua
Sleepy Hollow B & R,Week1,Greenbriar,Week4,229.0 Sleepy Hollow B & R - 173.0 Greenbriar
Sleepy Hollow Rec,Week4,Dowden Terrace,Week3,278.0 Dowden Terrace - 124.0 Sleepy Hollow Rec
Sleepy Hollow Rec,Week5,Dowden Terrace,Week2,244.0 Dowden Terrace - 158.0 Sleepy Hollow Rec
Sleepy Hollow Rec,Week1,Hamlet,Week4,321.0 Hamlet - 81.0 Sleepy Hollow Rec
Sleepy Hollow B & R,Week4,Greenbriar,Week5,221.5 Sleepy Hollow B & R - 180.5 Greenbriar
Sleepy Hollow B & R,Week4,McLean,Week4,254.0 McLean - 148.0 Sleepy Hollow B & R
Sleepy Hollow Rec,Week1,Dowden Terrace,Week1,249.0 Dowden Terrace - 153.0 Sleepy Hollow Rec
Sleepy Hollow B & R,Week2,McLean,Week1,258.0 McLean - 144.0 Sleepy Hollow B & R
Sleepy Hollow B & R,Week3,Greenbriar,Week4,233.0 Sleepy Hollow B & R - 169.0 Greenbriar
Sleepy Hollow B & R,Week3,Cardinal Hill,Week4,221.0 Cardinal Hill - 181.0 Sleepy Hollow B & R
Sleepy Hollow Rec,Week5,Hamlet,Week5,337.0 Hamlet - 65.0 Sleepy Hollow Rec
Sleepy Hollow B & R,Week3,McLean,Week1,263.0 McLean - 139.0 Sleepy Hollow B & R
Sleepy Hollow B & R,Week4,Mantua,Week3,262.5 Mantua - 139.5 Sleepy Hollow B & R
Sleepy Hollow B & R,Week1,Cardinal Hill,Week1,264.0 Cardinal Hill - 138.0 Sleepy Hollow B & R
Sleepy Hollow B & R,Week2,Cardinal Hill,Week2,230.0 Cardinal Hill - 172.0 Sleepy Hollow B & R
Sleepy Hollow B & R,Week5,Greenbriar,Week5,242.0 Sleepy Hollow B & R - 159.0 Greenbriar
Sleepy Hollow Rec,Week5,Hamlet,Week4,321.0 Hamlet - 81.0 Sleepy Hollow Rec
Sleepy Hollow Rec,Week5,Donaldson Run,Week1,340.0 Donaldson Run - 62.0 Sleepy Hollow Rec
Sleepy Hollow B & R,Week4,McLean,Week5,275.0 McLean - 127.0 Sleepy Hollow B & R
Sleepy Hollow Rec,Week3,Camelot,Week5,220.0 Camelot - 182.0 Sleepy Hollow Rec
Sleepy Hollow Rec,Week1,Canterbury Woods,Week2,221.0 Canterbury Woods - 181.0 Sleepy Hollow Rec
Sleepy Hollow B & R,Week1,Greenbriar,Week1,211.0 Sleepy Hollow B & R - 191.0 Greenbriar
Sleepy Hollow Rec,Week5,Camelot,Week3,212.0 Camelot - 190.0 Sleepy Hollow Rec
Sleepy Hollow Rec,Week2,Canterbury Woods,Week4,247.0 Canterbury Woods - 155.0 Sleepy Hollow Rec
Sleepy Hollow Rec,Week5,Greenbriar,Week3,273.0 Greenbriar - 129.0 Sleepy Hollow Rec
Sleepy Hollow B & R,Week3,Cardinal Hill,Week5,235.0 Cardinal Hill - 167.0 Sleepy Hollow B & R
Sleepy Hollow Rec,Week5,Greenbriar,Week4,228.0 Greenbriar - 174.0 Sleepy Hollow Rec
Sleepy Hollow B & R,Week4,Cardinal Hill,Week2,220.0 Cardinal Hill - 182.0 Sleepy Hollow B & R
Sleepy Hollow Rec,Week5,Camelot,Week2,214.0 Camelot - 188.0 Sleepy Hollow Rec
Sleepy Hollow Rec,Week1,Dowden Terrace,Week5,286.5 Dowden Terrace - 115.5 Sleepy Hollow Rec
Sleepy Hollow B & R,Week4,Greenbriar,Week2,208.0 Sleepy Hollow B & R - 194.0 Greenbriar
Sleepy Hollow B & R,Week5,Greenbriar,Week2,233.0 Sleepy Hollow B & R - 169.0 Greenbriar
Sleepy Hollow B & R,Week1,Mosby Woods,Week5,251.0 Mosby Woods - 151.0 Sleepy Hollow B & R
Sleepy Hollow Rec,Week2,Dowden Terrace,Week4,265.0 Dowden Terrace - 137.0 Sleepy Hollow Rec
Sleepy Hollow B & R,Week1,Hamlet,Week2,285.0 Hamlet - 117.0 Sleepy Hollow B & R
Sleepy Hollow Rec,Week3,Dowden Terrace,Week5,256.0 Dowden Terrace - 146.0 Sleepy Hollow Rec
Sleepy Hollow Rec,Week5,Donaldson Run,Week5,347.0 Donaldson Run - 55.0 Sleepy Hollow Rec
Sleepy Hollow B & R,Week5,Canterbury Woods,Week5,277.0 Sleepy Hollow B & R - 125.0 Canterbury Woods
Sleepy Hollow Rec,Week2,Canterbury Woods,Week3,231.0 Canterbury Woods - 171.0 Sleepy Hollow Rec
Sleepy Hollow Rec,Week3,Hamlet,Week2,338.0 Hamlet - 64.0 Sleepy Hollow Rec
Sleepy Hollow Rec,Week4,Canterbury Woods,Week5,231.0 Canterbury Woods - 171.0 Sleepy Hollow Rec
Sleepy Hollow Rec,Week5,Canterbury Woods,Week2,206.0 Canterbury Woods - 196.0 Sleepy Hollow Rec
Sleepy Hollow Rec,Week2,Dowden Terrace,Week3,238.0 Dowden Terrace - 164.0 Sleepy Hollow Rec
Sleepy Hollow B & R,Week1,Hamlet,Week1,265.5 Hamlet - 136.5 Sleepy Hollow B & R
Sleepy Hollow B & R,Week4,Cardinal Hill,Week3,271.0 Cardinal Hill - 131.0 Sleepy Hollow B & R
Sleepy Hollow B & R,Week5,Canterbury Woods,Week1,287.0 Sleepy Hollow B & R - 115.0 Canterbury Woods
Sleepy Hollow Rec,Week3,Hamlet,Week3,333.0 Hamlet - 69.0 Sleepy Hollow Rec
Sleepy Hollow Rec,Week3,Hamlet,Week4,321.0 Hamlet - 81.0 Sleepy Hollow Rec
Sleepy Hollow B & R,Week4,McLean,Week1,251.0 McLean - 151.0 Sleepy Hollow B & R
Sleepy Hollow Rec,Week2,Donaldson Run,Week4,338.0 Donaldson Run - 64.0 Sleepy Hollow Rec
Sleepy Hollow B & R,Week1,Cardinal Hill,Week3,278.0 Cardinal Hill - 124.0 Sleepy Hollow B & R
Sleepy Hollow B & R,Week3,Hamlet,Week5,279.0 Hamlet - 123.0 Sleepy Hollow B & R
Sleepy Hollow Rec,Week4,Canterbury Woods,Week3,240.0 Canterbury Woods - 162.0 Sleepy Hollow Rec
Sleepy Hollow Rec,Week4,Donaldson Run,Week5,370.0 Donaldson Run - 32.0 Sleepy Hollow Rec
Sleepy Hollow Rec,Week3,Canterbury Woods,Week3,218.0 Canterbury Woods - 184.0 Sleepy Hollow Rec
Sleepy Hollow B & R,Week5,Hamlet,Week1,235.0 Hamlet - 167.0 Sleepy Hollow B & R
Sleepy Hollow Rec,Week1,Hamlet,Week3,340.0 Hamlet - 62.0 Sleepy Hollow Rec
Sleepy Hollow Rec,Week3,Dowden Terrace,Week1,233.0 Dowden Terrace - 169.0 Sleepy Hollow Rec
Sleepy Hollow B & R,Week2,Cardinal Hill,Week4,224.0 Cardinal Hill - 178.0 Sleepy Hollow B & R
Sleepy Hollow B & R,Week2,Mosby Woods,Week1,260.5 Mosby Woods - 141.5 Sleepy Hollow B & R
Sleepy Hollow B & R,Week3,Cardinal Hill,Week3,259.0 Cardinal Hill - 143.0 Sleepy Hollow B & R
Sleepy Hollow B & R,Week3,Mosby Woods,Week1,235.0 Mosby Woods - 167.0 Sleepy Hollow B & R
Sleepy Hollow Rec,Week3,Dowden Terrace,Week2,245.0 Dowden Terrace - 157.0 Sleepy Hollow Rec
Sleepy Hollow B & R,Week2,Hamlet,Week3,272.0 Hamlet - 130.0 Sleepy Hollow B & R
Sleepy Hollow B & R,Week4,Mosby Woods,Week3,239.0 Mosby Woods - 163.0 Sleepy Hollow B & R
Sleepy Hollow B & R,Week3,Hamlet,Week1,257.0 Hamlet - 145.0 Sleepy Hollow B & R
Sleepy Hollow Rec,Week2,Hamlet,Week2,348.5 Hamlet - 53.5 Sleepy Hollow Rec
Sleepy Hollow Rec,Week2,Hamlet,Week5,343.0 Hamlet - 59.0 Sleepy Hollow Rec
Sleepy Hollow Rec,Week3,Camelot,Week3,204.0 Camelot - 198.0 Sleepy Hollow Rec
Sleepy Hollow Rec,Week5,Greenbriar,Week5,251.0 Greenbriar - 151.0 Sleepy Hollow Rec
Sleepy Hollow Rec,Week4,Camelot,Week1,230.0 Camelot - 172.0 Sleepy Hollow Rec
Sleepy Hollow Rec,Week2,Dowden Terrace,Week2,253.0 Dowden Terrace - 149.0 Sleepy Hollow Rec
Sleepy Hollow Rec,Week4,Hamlet,Week1,341.0 Hamlet - 61.0 Sleepy Hollow Rec
Sleepy Hollow Rec,Week4,Dowden Terrace,Week1,250.0 Dowden Terrace - 152.0 Sleepy Hollow Rec
Sleepy Hollow B & R,Week4,Cardinal Hill,Week4,218.0 Cardinal Hill - 184.0 Sleepy Hollow B & R
Sleepy Hollow Rec,Week3,Dowden Terrace,Week4,244.0 Dowden Terrace - 158.0 Sleepy Hollow Rec
Sleepy Hollow Rec,Week4,Dowden Terrace,Week4,274.0 Dowden Terrace - 128.0 Sleepy Hollow Rec
Sleepy Hollow B & R,Week4,Hamlet,Week5,285.0 Hamlet - 117.0 Sleepy Hollow B & R
Sleepy Hollow B & R,Week5,Mosby Woods,Week3,213.0 Mosby Woods - 189.0 Sleepy Hollow B & R
Sleepy Hollow B & R,Week5,McLean,Week3,258.0 McLean - 144.0 Sleepy Hollow B & R
Sleepy Hollow B & R,Week5,McLean,Week2,251.0 McLean - 151.0 Sleepy Hollow B & R
Sleepy Hollow Rec,Week2,Canterbury Woods,Week1,226.0 Canterbury Woods - 176.0 Sleepy Hollow Rec
Sleepy Hollow B & R,Week4,Mosby Woods,Week1,251.0 Mosby Woods - 151.0 Sleepy Hollow B & R
Sleepy Hollow B & R,Week2,Cardinal Hill,Week1,259.0 Cardinal Hill - 143.0 Sleepy Hollow B & R
Sleepy Hollow B & R,Week1,Hayfield Farm,Week4,203.0 Sleepy Hollow B & R - 199.0 Hayfield Farm
Sleepy Hollow Rec,Week4,Hamlet,Week2,352.0 Hamlet - 50.0 Sleepy Hollow Rec
Sleepy Hollow B & R,Week3,Hayfield Farm,Week1,226.0 Sleepy Hollow B & R - 176.0 Hayfield Farm
Sleepy Hollow Rec,Week4,Camelot,Week4,237.0 Camelot - 165.0 Sleepy Hollow Rec
Sleepy Hollow Rec,Week2,Hamlet,Week1,333.0 Hamlet - 69.0 Sleepy Hollow Rec
Sleepy Hollow Rec,Week5,Camelot,Week4,218.0 Camelot - 184.0 Sleepy Hollow Rec
Sleepy Hollow B & R,Week5,Canterbury Woods,Week3,301.0 Sleepy Hollow B & R - 101.0 Canterbury Woods
Sleepy Hollow B & R,Week4,Hamlet,Week3,269.0 Hamlet - 133.0 Sleepy Hollow B & R
Sleepy Hollow B & R,Week4,Cardinal Hill,Week1,235.0 Cardinal Hill - 167.0 Sleepy Hollow B & R
Sleepy Hollow B & R,Week4,Mosby Woods,Week5,221.0 Mosby Woods - 181.0 Sleepy Hollow B & R
Sleepy Hollow B & R,Week1,Mosby Woods,Week1,267.0 Mosby Woods - 135.0 Sleepy Hollow B & R
Sleepy Hollow Rec,Week4,Hamlet,Week4,332.0 Hamlet - 70.0 Sleepy Hollow Rec
Sleepy Hollow Rec,Week2,Hamlet,Week4,332.0 Hamlet - 70.0 Sleepy Hollow Rec
Sleepy Hollow B & R,Week1,Hayfield Farm,Week1,209.0 Sleepy Hollow B & R - 193.0 Hayfield Farm
Sleepy Hollow Rec,Week5,Donaldson Run,Week2,328.0 Donaldson Run - 74.0 Sleepy Hollow Rec
Sleepy Hollow Rec,Week1,Canterbury Woods,Week3,236.0 Canterbury Woods - 161.0 Sleepy Hollow Rec
Sleepy Hollow B & R,Week5,Mosby Woods,Week4,220.5 Mosby Woods - 181.5 Sleepy Hollow B & R
Sleepy Hollow Rec,Week2,Dowden Terrace,Week5,288.0 Dowden Terrace - 114.0 Sleepy Hollow Rec
Sleepy Hollow Rec,Week4,Hamlet,Week5,359.0 Hamlet - 43.0 Sleepy Hollow Rec
Sleepy Hollow Rec,Week2,Dunn Loring,Week1,319.0 Dunn Loring - 83.0 Sleepy Hollow Rec
Sleepy Hollow Rec,Week1,Hamlet,Week1,332.0 Hamlet - 70.0 Sleepy Hollow Rec
Sleepy Hollow Rec,Week4,Camelot,Week3,230.0 Camelot - 172.0 Sleepy Hollow Rec
Sleepy Hollow Rec,Week1,Canterbury Woods,Week5,224.0 Canterbury Woods - 178.0 Sleepy Hollow Rec
Sleepy Hollow B & R,Week2,Mosby Woods,Week5,245.0 Mosby Woods - 157.0 Sleepy Hollow B & R
Sleepy Hollow Rec,Week4,Donaldson Run,Week4,352.0 Donaldson Run - 50.0 Sleepy Hollow Rec
Sleepy Hollow Rec,Week1,Canterbury Woods,Week1,216.0 Canterbury Woods - 186.0 Sleepy Hollow Rec
Sleepy Hollow B & R,Week2,Mount Vernon Park,Week3,244.5 Mount Vernon Park - 156.5 Sleepy Hollow B & R
Sleepy Hollow B & R,Week4,Cardinal Hill,Week5,238.0 Cardinal Hill - 164.0 Sleepy Hollow B & R
Sleepy Hollow B & R,Week5,Cardinal Hill,Week1,209.0 Cardinal Hill - 193.0 Sleepy Hollow B & R
Sleepy Hollow B & R,Week3,Cardinal Hill,Week2,227.0 Cardinal Hill - 175.0 Sleepy Hollow B & R
Sleepy Hollow B & R,Week3,Mosby Woods,Week4,221.5 Mosby Woods - 180.5 Sleepy Hollow B & R
Sleepy Hollow Rec,Week4,Dowden Terrace,Week5,292.0 Dowden Terrace - 110.0 Sleepy Hollow Rec
Sleepy Hollow B & R,Week5,McLean,Week5,256.0 McLean - 146.0 Sleepy Hollow B & R
Sleepy Hollow B & R,Week5,Cardinal Hill,Week2,203.0 Sleepy Hollow B & R - 199.0 Cardinal Hill
Sleepy Hollow B & R,Week5,Hamlet,Week3,234.0 Hamlet - 168.0 Sleepy Hollow B & R
Sleepy Hollow B & R,Week3,Hamlet,Week3,267.0 Hamlet - 135.0 Sleepy Hollow B & R
Sleepy Hollow Rec,Week5,Donaldson Run,Week3,327.0 Donaldson Run - 75.0 Sleepy Hollow Rec
Sleepy Hollow Rec,Week1,Hamlet,Week2,346.0 Hamlet - 56.0 Sleepy Hollow Rec
Sleepy Hollow Rec,Week5,Hamlet,Week2,335.0 Hamlet - 67.0 Sleepy Hollow Rec
Sleepy Hollow Rec,Week5,Camelot,Week1,206.0 Camelot - 196.0 Sleepy Hollow Rec
Sleepy Hollow B & R,Week2,Hayfield Farm,Week1,231.0 Sleepy Hollow B & R - 171.0 Hayfield Farm
Sleepy Hollow Rec,Week2,Canterbury Woods,Week2,210.0 Canterbury Woods - 192.0 Sleepy Hollow Rec
Sleepy Hollow Rec,Week2,Hamlet,Week3,344.0 Hamlet - 58.0 Sleepy Hollow Rec
Sideburn Run,Week5,Hunt Valley,Week1,231.0 Hunt Valley - 171.0 Sideburn Run
Sleepy Hollow B & R,Week2,Hayfield Farm,Week4,221.0 Sleepy Hollow B & R - 181.0 Hayfield Farm
Sleepy Hollow Rec,Week1,Dowden Terrace,Week4,259.0 Dowden Terrace - 143.0 Sleepy Hollow Rec
Sleepy Hollow B & R,Week2,Cardinal Hill,Week3,268.5 Cardinal Hill - 133.5 Sleepy Hollow B & R
Sleepy Hollow B & R,Week5,Cardinal Hill,Week4,208.0 Sleepy Hollow B & R - 194.0 Cardinal Hill
Sleepy Hollow Rec,Week1,Canterbury Woods,Week4,245.0 Canterbury Woods - 157.0 Sleepy Hollow Rec
Sleepy Hollow B & R,Week3,Hayfield Farm,Week4,230.0 Sleepy Hollow B & R - 172.0 Hayfield Farm
Sleepy Hollow B & R,Week1,Hayfield Farm,Week5,208.0 Sleepy Hollow B & R - 194.0 Hayfield Farm
Sleepy Hollow Rec,Week1,Dowden Terrace,Week2,252.0 Dowden Terrace - 145.0 Sleepy Hollow Rec
Sleepy Hollow B & R,Week1,Chesterbrook,Week2,340.0 Chesterbrook - 62.0 Sleepy Hollow B & R
Sleepy Hollow Rec,Week1,Hamlet,Week5,349.0 Hamlet - 53.0 Sleepy Hollow Rec
Sleepy Hollow B & R,Week5,Cardinal Hill,Week5,210.0 Cardinal Hill - 192.0 Sleepy Hollow B & R
Sleepy Hollow B & R,Week4,Mosby Woods,Week2,255.0 Mosby Woods - 147.0 Sleepy Hollow B & R
Sleepy Hollow B & R,Week3,Cardinal Hill,Week1,233.0 Cardinal Hill - 169.0 Sleepy Hollow B & R
Sleepy Hollow Rec,Week3,Dowden Terrace,Week3,235.0 Dowden Terrace - 167.0 Sleepy Hollow Rec
Sleepy Hollow Rec,Week2,Canterbury Woods,Week5,231.0 Canterbury Woods - 170.0 Sleepy Hollow Rec
Sleepy Hollow B & R,Week2,Hayfield Farm,Week3,213.0 Sleepy Hollow B & R - 189.0 Hayfield Farm
Sleepy Hollow B & R,Week4,Hamlet,Week2,274.0 Hamlet - 128.0 Sleepy Hollow B & R
Sleepy Hollow Rec,Week3,Camelot,Week4,215.0 Camelot - 187.0 Sleepy Hollow Rec
Sleepy Hollow Rec,Week5,Hamlet,Week1,329.0 Hamlet - 73.0 Sleepy Hollow Rec
Sleepy Hollow Rec,Week4,Camelot,Week5,245.0 Camelot - 157.0 Sleepy Hollow Rec
Sleepy Hollow Rec,Week3,Hamlet,Week1,320.0 Hamlet - 82.0 Sleepy Hollow Rec
Sleepy Hollow B & R,Week5,Mosby Woods,Week2,238.0 Mosby Woods - 164.0 Sleepy Hollow B & R
Sleepy Hollow B & R,Week5,Chesterbrook,Week2,314.0 Chesterbrook - 88.0 Sleepy Hollow B & R
Sleepy Hollow Rec,Week3,Canterbury Woods,Week4,233.0 Canterbury Woods - 169.0 Sleepy Hollow Rec
Sleepy Hollow B & R,Week5,McLean,Week4,246.0 McLean - 156.0 Sleepy Hollow B & R
Sleepy Hollow Rec,Week2,Dowden Terrace,Week1,242.0 Dowden Terrace - 159.0 Sleepy Hollow Rec
Sleepy Hollow B & R,Week5,Hamlet,Week5,254.0 Hamlet - 148.0 Sleepy Hollow B & R
Sleepy Hollow B & R,Week3,Chesterbrook,Week2,327.0 Chesterbrook - 75.0 Sleepy Hollow B & R
Sleepy Hollow B & R,Week5,Chesterbrook,Week1,289.5 Chesterbrook - 112.5 Sleepy Hollow B & R
Sleepy Hollow Rec,Week1,Dowden Terrace,Week3,247.5 Dowden Terrace - 154.5 Sleepy Hollow Rec
Sleepy Hollow Rec,Week3,Hayfield Farm,Week4,254.0 Hayfield Farm - 148.0 Sleepy Hollow Rec
Sleepy Hollow Rec,Week4,Dowden Terrace,Week2,267.0 Dowden Terrace - 135.0 Sleepy Hollow Rec
Sleepy Hollow Rec,Week3,Canterbury Woods,Week2,209.5 Sleepy Hollow Rec - 192.5 Canterbury Woods
Sleepy Hollow B & R,Week1,Hamlet,Week5,293.0 Hamlet - 109.0 Sleepy Hollow B & R
Sleepy Hollow Rec,Week3,Canterbury Woods,Week5,209.0 Canterbury Woods - 193.0 Sleepy Hollow Rec
Sleepy Hollow Rec,Week5,Donaldson Run,Week4,338.0 Donaldson Run - 64.0 Sleepy Hollow Rec
Sleepy Hollow B & R,Week1,Mount Vernon Park,Week1,232.0 Mount Vernon Park - 170.0 Sleepy Hollow B & R
Sleepy Hollow B & R,Week1,Hamlet,Week4,272.0 Hamlet - 130.0 Sleepy Hollow B & R
Sleepy Hollow Rec,Week5,Hamlet,Week3,328.0 Hamlet - 74.0 Sleepy Hollow Rec
Sleepy Hollow B & R,Week3,Mosby Woods,Week3,234.5 Mosby Woods - 167.5 Sleepy Hollow B & R
Sleepy Hollow Rec,Week3,Hayfield Farm,Week3,261.0 Hayfield Farm - 141.0 Sleepy Hollow Rec
Sleepy Hollow B & R,Week1,Mosby Woods,Week4,253.0 Mosby Woods - 149.0 Sleepy Hollow B & R
Sleepy Hollow Rec,Week2,Hayfield Farm,Week1,260.0 Hayfield Farm - 142.0 Sleepy Hollow Rec
Sleepy Hollow B & R,Week2,Hamlet,Week1,255.0 Hamlet - 147.0 Sleepy Hollow B & R
Sleepy Hollow B & R,Week3,Chesterbrook,Week5,328.0 Chesterbrook - 74.0 Sleepy Hollow B & R
Sleepy Hollow Rec,Week4,Canterbury Woods,Week4,248.5 Canterbury Woods - 153.5 Sleepy Hollow Rec
Sleepy Hollow Rec,Week4,Canterbury Woods,Week2,226.0 Canterbury Woods - 176.0 Sleepy Hollow Rec
Sleepy Hollow Rec,Week1,Dunn Loring,Week1,302.0 Dunn Loring - 95.0 Sleepy Hollow Rec
Sleepy Hollow Rec,Week5,Dowden Terrace,Week3,252.0 Dowden Terrace - 150.0 Sleepy Hollow Rec
Sleepy Hollow B & R,Week1,Mosby Woods,Week3,268.0 Mosby Woods - 134.0 Sleepy Hollow B & R
Sleepy Hollow B & R,Week5,Mosby Woods,Week5,221.0 Mosby Woods - 181.0 Sleepy Hollow B & R
Sleepy Hollow B & R,Week2,Commonwealth,Week3,282.0 Sleepy Hollow B & R - 120.0 Commonwealth
Sleepy Hollow Rec,Week4,Canterbury Woods,Week1,226.0 Canterbury Woods - 175.0 Sleepy Hollow Rec
Sleepy Hollow B & R,Week2,Chesterbrook,Week4,318.0 Chesterbrook - 84.0 Sleepy Hollow B & R
Sleepy Hollow B & R,Week1,Mount Vernon Park,Week2,230.0 Mount Vernon Park - 172.0 Sleepy Hollow B & R
Sleepy Hollow Rec,Week1,Hayfield Farm,Week3,285.0 Hayfield Farm - 117.0 Sleepy Hollow Rec
Sleepy Hollow B & R,Week2,Chesterbrook,Week5,321.5 Chesterbrook - 80.5 Sleepy Hollow B & R
Sleepy Hollow Rec,Week5,Hayfield Farm,Week4,264.0 Hayfield Farm - 138.0 Sleepy Hollow Rec
Sleepy Hollow Rec,Week2,Herndon,Week2,266.0 Sleepy Hollow Rec - 135.0 Herndon
Sleepy Hollow Rec,Week5,Dowden Terrace,Week1,244.0 Dowden Terrace - 157.0 Sleepy Hollow Rec
Sleepy Hollow Rec,Week1,Dunn Loring,Week3,322.5 Dunn Loring - 79.5 Sleepy Hollow Rec
Sleepy Hollow B & R,Week4,Hamlet,Week1,260.0 Hamlet - 142.0 Sleepy Hollow B & R
Sleepy Hollow B & R,Week2,Hamlet,Week2,267.0 Hamlet - 135.0 Sleepy Hollow B & R
Sleepy Hollow B & R,Week3,Hamlet,Week2,273.0 Hamlet - 129.0 Sleepy Hollow B & R
Sleepy Hollow Rec,Week5,Canterbury Woods,Week1,207.0 Sleepy Hollow Rec - 195.0 Canterbury Woods
Sleepy Hollow Rec,Week1,Hayfield Farm,Week5,255.0 Hayfield Farm - 147.0 Sleepy Hollow Rec
Sleepy Hollow Rec,Week2,Hayfield Farm,Week3,281.0 Hayfield Farm - 120.0 Sleepy Hollow Rec
Sleepy Hollow Rec,Week5,Hayfield Farm,Week5,247.0 Hayfield Farm - 155.0 Sleepy Hollow Rec
Sleepy Hollow B & R,Week2,Chesterbrook,Week2,317.0 Chesterbrook - 85.0 Sleepy Hollow B & R
Sleepy Hollow B & R,Week3,Hamlet,Week4,256.5 Hamlet - 145.5 Sleepy Hollow B & R
Sleepy Hollow Rec,Week5,Cardinal Hill,Week4,300.0 Cardinal Hill - 102.0 Sleepy Hollow Rec
Sleepy Hollow B & R,Week1,Mosby Woods,Week2,270.0 Mosby Woods - 132.0 Sleepy Hollow B & R
Sleepy Hollow B & R,Week4,Hamlet,Week4,250.5 Hamlet - 151.5 Sleepy Hollow B & R
Sleepy Hollow Rec,Week5,Hayfield Farm,Week2,258.0 Hayfield Farm - 144.0 Sleepy Hollow Rec
Sleepy Hollow B & R,Week2,Mosby Woods,Week3,255.0 Mosby Woods - 147.0 Sleepy Hollow B & R
Sleepy Hollow Rec,Week2,Dunn Loring,Week2,343.0 Dunn Loring - 59.0 Sleepy Hollow Rec
Sleepy Hollow Rec,Week1,Dunn Loring,Week5,327.0 Dunn Loring - 75.0 Sleepy Hollow Rec
Sleepy Hollow B & R,Week1,Hayfield Farm,Week3,205.0 Hayfield Farm - 197.0 Sleepy Hollow B & R
Sleepy Hollow Rec,Week5,Cardinal Hill,Week3,319.0 Cardinal Hill - 83.0 Sleepy Hollow Rec
Sleepy Hollow B & R,Week1,Mount Vernon Park,Week3,251.0 Mount Vernon Park - 150.0 Sleepy Hollow B & R
Sleepy Hollow Rec,Week4,Cardinal Hill,Week3,345.0 Cardinal Hill - 57.0 Sleepy Hollow Rec
Sleepy Hollow B & R,Week2,Mosby Woods,Week2,262.0 Mosby Woods - 140.0 Sleepy Hollow B & R
Sleepy Hollow B & R,Week2,Hamlet,Week5,277.0 Hamlet - 125.0 Sleepy Hollow B & R
Sleepy Hollow B & R,Week5,Hamlet,Week4,225.0 Hamlet - 177.0 Sleepy Hollow B & R
Sleepy Hollow B & R,Week3,Chesterbrook,Week3,340.0 Chesterbrook - 62.0 Sleepy Hollow B & R
Sleepy Hollow B & R,Week1,Chesterbrook,Week4,335.0 Chesterbrook - 67.0 Sleepy Hollow B & R
Sleepy Hollow B & R,Week5,Hamlet,Week2,249.0 Hamlet - 153.0 Sleepy Hollow B & R
Sleepy Hollow Rec,Week5,Cardinal Hill,Week5,273.0 Cardinal Hill - 129.0 Sleepy Hollow Rec
Sleepy Hollow Rec,Week3,Dunn Loring,Week1,293.0 Dunn Loring - 109.0 Sleepy Hollow Rec
Sleepy Hollow Rec,Week2,Cardinal Hill,Week3,338.0 Cardinal Hill - 64.0 Sleepy Hollow Rec
Sleepy Hollow B & R,Week4,Mosby Woods,Week4,227.0 Mosby Woods - 175.0 Sleepy Hollow B & R
Sleepy Hollow B & R,Week5,Chesterbrook,Week4,313.0 Chesterbrook - 89.0 Sleepy Hollow B & R
Sleepy Hollow Rec,Week2,Dunn Loring,Week5,347.0 Dunn Loring - 55.0 Sleepy Hollow Rec
Sleepy Hollow B & R,Week3,Chesterbrook,Week4,310.0 Chesterbrook - 92.0 Sleepy Hollow B & R
Sleepy Hollow Rec,Week1,Hayfield Farm,Week2,271.0 Hayfield Farm - 131.0 Sleepy Hollow Rec
Sleepy Hollow Rec,Week1,Dunn Loring,Week2,316.0 Dunn Loring - 86.0 Sleepy Hollow Rec
Sleepy Hollow Rec,Week2,Dunn Loring,Week4,336.0 Dunn Loring - 66.0 Sleepy Hollow Rec
Sleepy Hollow B & R,Week3,Mosby Woods,Week5,228.0 Mosby Woods - 174.0 Sleepy Hollow B & R
Sleepy Hollow Rec,Week1,Hayfield Farm,Week1,263.0 Hayfield Farm - 139.0 Sleepy Hollow Rec
Sleepy Hollow B & R,Week5,Mosby Woods,Week1,229.0 Mosby Woods - 173.0 Sleepy Hollow B & R
Sleepy Hollow B & R,Week3,Chesterbrook,Week1,307.0 Chesterbrook - 95.0 Sleepy Hollow B & R
Sleepy Hollow Rec,Week1,Dunn Loring,Week4,327.0 Dunn Loring - 75.0 Sleepy Hollow Rec
Sleepy Hollow Rec,Week4,Hayfield Farm,Week3,297.0 Hayfield Farm - 105.0 Sleepy Hollow Rec
Sleepy Hollow B & R,Week4,Chesterbrook,Week2,321.0 Chesterbrook - 81.0 Sleepy Hollow B & R
Sleepy Hollow Rec,Week5,Cardinal Hill,Week1,316.0 Cardinal Hill - 86.0 Sleepy Hollow Rec
Sleepy Hollow B & R,Week2,Hayfield Farm,Week2,227.0 Sleepy Hollow B & R - 175.0 Hayfield Farm
Sleepy Hollow Rec,Week3,Hayfield Farm,Week5,234.0 Hayfield Farm - 168.0 Sleepy Hollow Rec
Sleepy Hollow Rec,Week5,Dowden Terrace,Week4,240.0 Dowden Terrace - 162.0 Sleepy Hollow Rec
Sleepy Hollow B & R,Week5,Chesterbrook,Week3,325.0 Chesterbrook - 77.0 Sleepy Hollow B & R
Sleepy Hollow B & R,Week3,Mosby Woods,Week2,247.0 Mosby Woods - 155.0 Sleepy Hollow B & R
Sleepy Hollow Rec,Week3,Cardinal Hill,Week3,310.0 Cardinal Hill - 92.0 Sleepy Hollow Rec
Sleepy Hollow B & R,Week1,Hayfield Farm,Week2,206.0 Sleepy Hollow B & R - 196.0 Hayfield Farm
Sleepy Hollow Rec,Week5,Hayfield Farm,Week3,267.0 Hayfield Farm - 134.0 Sleepy Hollow Rec
Sleepy Hollow B & R,Week4,Chesterbrook,Week5,328.0 Chesterbrook - 74.0 Sleepy Hollow B & R
Sleepy Hollow B & R,Week2,Hamlet,Week4,257.0 Hamlet - 145.0 Sleepy Hollow B & R
Sleepy Hollow Rec,Week3,Cardinal Hill,Week4,295.0 Cardinal Hill - 107.0 Sleepy Hollow Rec
Sleepy Hollow B & R,Week1,Mount Vernon Park,Week4,243.0 Mount Vernon Park - 159.0 Sleepy Hollow B & R
Sleepy Hollow B & R,Week2,Mosby Woods,Week4,239.0 Mosby Woods - 163.0 Sleepy Hollow B & R
Sleepy Hollow Rec,Week2,Dunn Loring,Week3,350.0 Dunn Loring - 52.0 Sleepy Hollow Rec
Sleepy Hollow Rec,Week3,Cardinal Hill,Week1,305.0 Cardinal Hill - 97.0 Sleepy Hollow Rec
Sleepy Hollow Rec,Week2,Hayfield Farm,Week4,269.0 Hayfield Farm - 133.0 Sleepy Hollow Rec
Sleepy Hollow Rec,Week2,Cardinal Hill,Week2,307.0 Cardinal Hill - 95.0 Sleepy Hollow Rec
Sleepy Hollow B & R,Week3,Hayfield Farm,Week2,229.0 Sleepy Hollow B & R - 173.0 Hayfield Farm
Sleepy Hollow Rec,Week5,Canterbury Woods,Week3,221.0 Canterbury Woods - 181.0 Sleepy Hollow Rec
Sleepy Hollow Rec,Week1,Cardinal Hill,Week4,303.0 Cardinal Hill - 99.0 Sleepy Hollow Rec
Sleepy Hollow Rec,Week1,Herndon,Week1,272.0 Sleepy Hollow Rec - 130.0 Herndon
Sleepy Hollow B & R,Week1,Mount Vernon Park,Week5,263.0 Mount Vernon Park - 139.0 Sleepy Hollow B & R
Sleepy Hollow B & R,Week2,Hayfield Farm,Week5,239.0 Sleepy Hollow B & R - 163.0 Hayfield Farm
Sleepy Hollow B & R,Week1,Chesterbrook,Week3,348.0 Chesterbrook - 54.0 Sleepy Hollow B & R
Sleepy Hollow Rec,Week3,Dunn Loring,Week2,322.0 Dunn Loring - 80.0 Sleepy Hollow Rec
Sleepy Hollow B & R,Week4,Chesterbrook,Week3,338.0 Chesterbrook - 64.0 Sleepy Hollow B & R
Sleepy Hollow B & R,Week2,Mount Vernon Park,Week2,228.0 Mount Vernon Park - 174.0 Sleepy Hollow B & R
Sleepy Hollow B & R,Week2,Mount Vernon Park,Week1,232.0 Mount Vernon Park - 170.0 Sleepy Hollow B & R
Sleepy Hollow Rec,Week1,Cardinal Hill,Week3,327.0 Cardinal Hill - 75.0 Sleepy Hollow Rec
Sleepy Hollow B & R,Week4,Chesterbrook,Week1,314.0 Chesterbrook - 88.0 Sleepy Hollow B & R
Sleepy Hollow B & R,Week3,Hayfield Farm,Week3,211.0 Sleepy Hollow B & R - 191.0 Hayfield Farm
Sleepy Hollow Rec,Week1,Herndon,Week2,274.0 Sleepy Hollow Rec - 128.0 Herndon
Sleepy Hollow Rec,Week5,Dowden Terrace,Week5,267.0 Dowden Terrace - 135.0 Sleepy Hollow Rec
Sleepy Hollow B & R,Week5,Hayfield Farm,Week1,254.0 Sleepy Hollow B & R - 148.0 Hayfield Farm
Sleepy Hollow B & R,Week1,Chesterbrook,Week5,343.0 Chesterbrook - 59.0 Sleepy Hollow B & R
Sleepy Hollow Rec,Week1,Herndon,Week3,269.0 Sleepy Hollow Rec - 133.0 Herndon
Sleepy Hollow Rec,Week3,Dunn Loring,Week3,323.0 Dunn Loring - 79.0 Sleepy Hollow Rec
Sleepy Hollow Rec,Week3,Dunn Loring,Week4,328.0 Dunn Loring - 74.0 Sleepy Hollow Rec
Sleepy Hollow B & R,Week3,Mount Vernon Park,Week3,234.0 Mount Vernon Park - 168.0 Sleepy Hollow B & R
Sleepy Hollow Rec,Week4,Dunn Loring,Week1,306.0 Dunn Loring - 96.0 Sleepy Hollow Rec
Sleepy Hollow B & R,Week3,Mount Vernon Park,Week5,232.0 Mount Vernon Park - 170.0 Sleepy Hollow B & R
Sleepy Hollow B & R,Week2,Mount Vernon Park,Week5,255.5 Mount Vernon Park - 146.5 Sleepy Hollow B & R
Sleepy Hollow B & R,Week5,Chesterbrook,Week5,308.0 Chesterbrook - 94.0 Sleepy Hollow B & R
Sleepy Hollow B & R,Week4,Mount Vernon Park,Week1,225.0 Mount Vernon Park - 177.0 Sleepy Hollow B & R
Sleepy Hollow Rec,Week4,Cardinal Hill,Week5,309.0 Cardinal Hill - 93.0 Sleepy Hollow Rec
Sleepy Hollow B & R,Week1,Commonwealth,Week2,246.0 Sleepy Hollow B & R - 156.0 Commonwealth
Sleepy Hollow Rec,Week4,Cardinal Hill,Week1,340.0 Cardinal Hill - 62.0 Sleepy Hollow Rec
Sleepy Hollow Rec,Week1,Chesterbrook,Week1,363.0 Chesterbrook - 39.0 Sleepy Hollow Rec
Sleepy Hollow Rec,Week1,Hayfield Farm,Week4,280.0 Hayfield Farm - 122.0 Sleepy Hollow Rec
Sleepy Hollow B & R,Week2,Chesterbrook,Week3,331.0 Chesterbrook - 71.0 Sleepy Hollow B & R
Sleepy Hollow Rec,Week2,Hayfield Farm,Week2,267.0 Hayfield Farm - 135.0 Sleepy Hollow Rec
Sleepy Hollow B & R,Week1,Herndon,Week3,336.0 Sleepy Hollow B & R - 65.0 Herndon
Sleepy Hollow Rec,Week3,Dunn Loring,Week5,337.0 Dunn Loring - 65.0 Sleepy Hollow Rec
Sleepy Hollow Rec,Week2,Cardinal Hill,Week5,296.0 Cardinal Hill - 106.0 Sleepy Hollow Rec
Sleepy Hollow B & R,Week4,Chesterbrook,Week4,326.0 Chesterbrook - 76.0 Sleepy Hollow B & R
Sleepy Hollow Rec,Week1,Herndon,Week4,269.0 Sleepy Hollow Rec - 133.0 Herndon
Sleepy Hollow B & R,Week2,Herndon,Week1,340.0 Sleepy Hollow B & R - 61.0 Herndon
Sleepy Hollow Rec,Week2,Hayfield Farm,Week5,259.0 Hayfield Farm - 143.0 Sleepy Hollow Rec
Sleepy Hollow B & R,Week1,Herndon,Week2,337.0 Sleepy Hollow B & R - 64.0 Herndon
Sleepy Hollow B & R,Week5,Hayfield Farm,Week2,259.0 Sleepy Hollow B & R - 143.0 Hayfield Farm
Sleepy Hollow B & R,Week1,Commonwealth,Week5,264.0 Sleepy Hollow B & R - 138.0 Commonwealth
Sleepy Hollow Rec,Week1,Cardinal Hill,Week2,297.0 Cardinal Hill - 105.0 Sleepy Hollow Rec
Sleepy Hollow Rec,Week3,Hayfield Farm,Week2,244.0 Hayfield Farm - 158.0 Sleepy Hollow Rec
Sleepy Hollow B & R,Week4,Mount Vernon Park,Week5,235.5 Mount Vernon Park - 166.5 Sleepy Hollow B & R
Sleepy Hollow Rec,Week3,Cardinal Hill,Week2,273.5 Cardinal Hill - 128.5 Sleepy Hollow Rec
Sleepy Hollow B & R,Week5,Mount Vernon Park,Week3,218.0 Mount Vernon Park - 184.0 Sleepy Hollow B & R
Sleepy Hollow B & R,Week3,Commonwealth,Week1,290.0 Sleepy Hollow B & R - 112.0 Commonwealth
Sleepy Hollow Rec,Week2,Cardinal Hill,Week1,321.0 Cardinal Hill - 81.0 Sleepy Hollow Rec
Sleepy Hollow B & R,Week1,Commonwealth,Week3,251.0 Sleepy Hollow B & R - 151.0 Commonwealth
Sleepy Hollow B & R,Week1,Herndon,Week1,333.0 Sleepy Hollow B & R - 68.0 Herndon
Sleepy Hollow B & R,Week4,Mount Vernon Park,Week3,228.0 Mount Vernon Park - 174.0 Sleepy Hollow B & R
Sleepy Hollow B & R,Week2,Herndon,Week5,346.0 Sleepy Hollow B & R - 55.0 Herndon
Sleepy Hollow Rec,Week4,Hayfield Farm,Week1,261.5 Hayfield Farm - 140.5 Sleepy Hollow Rec
Sleepy Hollow B & R,Week5,Mount Vernon Park,Week2,201.0 Mount Vernon Park - 201.0 Sleepy Hollow B & R
Sleepy Hollow B & R,Week5,Mount Vernon Park,Week1,211.0 Mount Vernon Park - 191.0 Sleepy Hollow B & R
Sleepy Hollow Rec,Week1,Cardinal Hill,Week5,278.0 Cardinal Hill - 124.0 Sleepy Hollow Rec
Sleepy Hollow B & R,Week3,Herndon,Week2,341.0 Sleepy Hollow B & R - 60.0 Herndon
Sleepy Hollow B & R,Week3,Mount Vernon Park,Week2,219.0 Mount Vernon Park - 183.0 Sleepy Hollow B & R
Sleepy Hollow Rec,Week2,Herndon,Week1,279.0 Sleepy Hollow Rec - 122.0 Herndon
Sleepy Hollow B & R,Week2,Herndon,Week2,349.0 Sleepy Hollow B & R - 52.0 Herndon
Sleepy Hollow Rec,Week5,Hayfield Farm,Week1,242.0 Hayfield Farm - 160.0 Sleepy Hollow Rec
Sleepy Hollow B & R,Week4,Hayfield Farm,Week2,242.0 Sleepy Hollow B & R - 160.0 Hayfield Farm
Sleepy Hollow Rec,Week4,Cardinal Hill,Week4,325.0 Cardinal Hill - 77.0 Sleepy Hollow Rec
Sleepy Hollow B & R,Week3,Herndon,Week4,349.0 Sleepy Hollow B & R - 52.0 Herndon
Sleepy Hollow B & R,Week4,Hayfield Farm,Week1,240.0 Sleepy Hollow B & R - 162.0 Hayfield Farm
Sleepy Hollow Rec,Week3,Cardinal Hill,Week5,288.0 Cardinal Hill - 114.0 Sleepy Hollow Rec
Sleepy Hollow B & R,Week4,Mount Vernon Park,Week2,214.5 Mount Vernon Park - 187.5 Sleepy Hollow B & R
Sleepy Hollow B & R,Week2,Commonwealth,Week5,273.0 Sleepy Hollow B & R - 129.0 Commonwealth
Sleepy Hollow B & R,Week3,Mount Vernon Park,Week1,225.0 Mount Vernon Park - 177.0 Sleepy Hollow B & R
Sleepy Hollow Rec,Week1,Herndon,Week5,264.0 Sleepy Hollow Rec - 138.0 Herndon
Sleepy Hollow B & R,Week1,Commonwealth,Week4,268.0 Sleepy Hollow B & R - 134.0 Commonwealth
Sleepy Hollow Rec,Week4,Hayfield Farm,Week4,280.0 Hayfield Farm - 122.0 Sleepy Hollow Rec
Sleepy Hollow B & R,Week2,Herndon,Week4,344.0 Sleepy Hollow B & R - 57.0 Herndon
Sleepy Hollow Rec,Week3,Hayfield Farm,Week1,242.0 Hayfield Farm - 160.0 Sleepy Hollow Rec
Sleepy Hollow B & R,Week2,Mount Vernon Park,Week4,230.0 Mount Vernon Park - 172.0 Sleepy Hollow B & R
Sleepy Hollow B & R,Week1,Herndon,Week5,338.0 Sleepy Hollow B & R - 63.0 Herndon
Sleepy Hollow B & R,Week3,Mount Vernon Park,Week4,221.0 Mount Vernon Park - 181.0 Sleepy Hollow B & R
Sleepy Hollow Rec,Week5,Canterbury Woods,Week5,219.0 Canterbury Woods - 182.0 Sleepy Hollow Rec
Sleepy Hollow Rec,Week4,Hayfield Farm,Week2,279.0 Hayfield Farm - 123.0 Sleepy Hollow Rec
Sleepy Hollow B & R,Week2,Commonwealth,Week1,287.0 Sleepy Hollow B & R - 115.0 Commonwealth
Sleepy Hollow B & R,Week1,Commonwealth,Week1,278.0 Sleepy Hollow B & R - 124.0 Commonwealth
Sleepy Hollow Rec,Week2,Cardinal Hill,Week4,315.0 Cardinal Hill - 87.0 Sleepy Hollow Rec
Sleepy Hollow B & R,Week2,Chesterbrook,Week1,303.0 Chesterbrook - 99.0 Sleepy Hollow B & R
Sleepy Hollow B & R,Week2,Commonwealth,Week2,274.0 Sleepy Hollow B & R - 128.0 Commonwealth
Sleepy Hollow Rec,Week1,Cardinal Hill,Week1,317.0 Cardinal Hill - 85.0 Sleepy Hollow Rec
Sleepy Hollow Rec,Week4,Hayfield Farm,Week5,269.0 Hayfield Farm - 133.0 Sleepy Hollow Rec
Sleepy Hollow B & R,Week2,Herndon,Week3,346.0 Sleepy Hollow B & R - 55.0 Herndon
Sleepy Hollow B & R,Week3,Herndon,Week3,340.0 Sleepy Hollow B & R - 61.0 Herndon
Sleepy Hollow B & R,Week4,Commonwealth,Week2,256.0 Sleepy Hollow B & R - 146.0 Commonwealth
Sleepy Hollow B & R,Week1,Cottontail,Week2,227.0 Sleepy Hollow B & R - 175.0 Cottontail
Sleepy Hollow B & R,Week4,Mount Vernon Park,Week4,220.0 Mount Vernon Park - 182.0 Sleepy Hollow B & R
Sleepy Hollow B & R,Week5,Commonwealth,Week4,314.0 Sleepy Hollow B & R - 88.0 Commonwealth
Sleepy Hollow Rec,Week3,Herndon,Week1,306.0 Sleepy Hollow Rec - 96.0 Herndon
Sleepy Hollow Rec,Week2,Herndon,Week4,265.0 Sleepy Hollow Rec - 137.0 Herndon
Sleepy Hollow Rec,Week5,Cardinal Hill,Week2,284.0 Cardinal Hill - 118.0 Sleepy Hollow Rec
Sleepy Hollow B & R,Week3,Hayfield Farm,Week5,250.0 Sleepy Hollow B & R - 152.0 Hayfield Farm
Sleepy Hollow B & R,Week2,Village West,Week1,294.0 Sleepy Hollow B & R - 108.0 Village West
Sleepy Hollow Rec,Week3,Hiddenbrook,Week3,207.0 Hiddenbrook - 195.0 Sleepy Hollow Rec
Sleepy Hollow Rec,Week2,Herndon,Week5,271.0 Sleepy Hollow Rec - 131.0 Herndon
Sleepy Hollow B & R,Week4,Commonwealth,Week5,263.0 Sleepy Hollow B & R - 139.0 Commonwealth
Sleepy Hollow B & R,Week2,Cottontail,Week1,229.0 Sleepy Hollow B & R - 173.0 Cottontail
Sleepy Hollow B & R,Week4,Herndon,Week1,338.0 Sleepy Hollow B & R - 64.0 Herndon
Sleepy Hollow B & R,Week5,Villa Aquatic,Week4,281.0 Sleepy Hollow B & R - 121.0 Villa Aquatic
Sleepy Hollow Rec,Week1,Hiddenbrook,Week5,254.0 Hiddenbrook - 148.0 Sleepy Hollow Rec
Sleepy Hollow B & R,Week1,Cottontail,Week4,224.0 Sleepy Hollow B & R - 178.0 Cottontail
Sleepy Hollow Rec,Week4,Cardinal Hill,Week2,303.0 Cardinal Hill - 99.0 Sleepy Hollow Rec
Sleepy Hollow Rec,Week5,Canterbury Woods,Week4,220.0 Canterbury Woods - 182.0 Sleepy Hollow Rec
Sleepy Hollow B & R,Week4,Villa Aquatic,Week5,235.0 Sleepy Hollow B & R - 167.0 Villa Aquatic
Sleepy Hollow B & R,Week1,Herndon,Week4,339.0 Sleepy Hollow B & R - 62.0 Herndon
Sleepy Hollow B & R,Week3,Herndon,Week5,349.0 Sleepy Hollow B & R - 52.0 Herndon
Sleepy Hollow B & R,Week5,Villa Aquatic,Week5,254.0 Sleepy Hollow B & R - 148.0 Villa Aquatic
Sleepy Hollow B & R,Week3,Herndon,Week1,341.0 Sleepy Hollow B & R - 60.0 Herndon
Sleepy Hollow B & R,Week5,Commonwealth,Week1,297.0 Sleepy Hollow B & R - 105.0 Commonwealth
Sleepy Hollow B & R,Week5,Commonwealth,Week5,283.0 Sleepy Hollow B & R - 119.0 Commonwealth
Sleepy Hollow Rec,Week2,Hiddenbrook,Week3,231.0 Hiddenbrook - 171.0 Sleepy Hollow Rec
Sleepy Hollow B & R,Week5,Mount Vernon Park,Week4,204.0 Mount Vernon Park - 198.0 Sleepy Hollow B & R
Sleepy Hollow Rec,Week2,Herndon,Week3,274.0 Sleepy Hollow Rec - 128.0 Herndon
Sleepy Hollow B & R,Week4,Hayfield Farm,Week3,222.0 Sleepy Hollow B & R - 180.0 Hayfield Farm
Sleepy Hollow B & R,Week4,Hayfield Farm,Week5,252.0 Sleepy Hollow B & R - 150.0 Hayfield Farm
Sleepy Hollow B & R,Week3,Village West,Week1,304.0 Sleepy Hollow B & R - 98.0 Village West
Sleepy Hollow B & R,Week5,Hayfield Farm,Week5,264.0 Sleepy Hollow B & R - 138.0 Hayfield Farm
Sleepy Hollow B & R,Week5,Villa Aquatic,Week3,257.5 Sleepy Hollow B & R - 144.5 Villa Aquatic
Sleepy Hollow B & R,Week4,Herndon,Week2,349.0 Sleepy Hollow B & R - 53.0 Herndon
Sleepy Hollow B & R,Week3,Cottontail,Week2,239.0 Sleepy Hollow B & R - 163.0 Cottontail
Sleepy Hollow B & R,Week1,Village West,Week3,266.0 Sleepy Hollow B & R - 136.0 Village West
Sleepy Hollow Rec,Week4,Herndon,Week4,283.0 Sleepy Hollow Rec - 119.0 Herndon
Sleepy Hollow Rec,Week4,Hiddenbrook,Week2,229.0 Sleepy Hollow Rec - 172.0 Hiddenbrook
Sleepy Hollow B & R,Week4,Commonwealth,Week4,281.0 Sleepy Hollow B & R - 121.0 Commonwealth
Sleepy Hollow Rec,Week4,Hiddenbrook,Week1,235.0 Hiddenbrook - 167.0 Sleepy Hollow Rec
Sleepy Hollow B & R,Week4,Hayfield Farm,Week4,223.5 Sleepy Hollow B & R - 178.5 Hayfield Farm
Sleepy Hollow B & R,Week4,Villa Aquatic,Week3,229.0 Sleepy Hollow B & R - 173.0 Villa Aquatic
Sleepy Hollow B & R,Week3,Commonwealth,Week2,271.0 Sleepy Hollow B & R - 131.0 Commonwealth
Sleepy Hollow B & R,Week5,Village West,Week4,318.0 Sleepy Hollow B & R - 79.0 Village West
Sleepy Hollow B & R,Week5,Hayfield Farm,Week3,219.0 Sleepy Hollow B & R - 183.0 Hayfield Farm
Sleepy Hollow Rec,Week5,Herndon,Week2,285.0 Sleepy Hollow Rec - 116.0 Herndon
Sleepy Hollow Rec,Week4,Herndon,Week2,279.0 Sleepy Hollow Rec - 123.0 Herndon
Sleepy Hollow B & R,Week3,Commonwealth,Week5,274.0 Sleepy Hollow B & R - 128.0 Commonwealth
Sleepy Hollow B & R,Week2,Cottontail,Week2,236.5 Sleepy Hollow B & R - 165.5 Cottontail
Sleepy Hollow Rec,Week2,Hiddenbrook,Week2,239.0 Sleepy Hollow Rec - 163.0 Hiddenbrook
Sleepy Hollow B & R,Week1,Village West,Week5,291.0 Sleepy Hollow B & R - 111.0 Village West
Sleepy Hollow B & R,Week3,Cottontail,Week1,239.0 Sleepy Hollow B & R - 163.0 Cottontail
Sleepy Hollow B & R,Week5,Hiddenbrook,Week1,297.0 Sleepy Hollow B & R - 105.0 Hiddenbrook
Sleepy Hollow Rec,Week5,Herndon,Week3,296.0 Sleepy Hollow Rec - 106.0 Herndon
Sleepy Hollow Rec,Week5,Herndon,Week5,286.0 Sleepy Hollow Rec - 116.0 Herndon
Sleepy Hollow B & R,Week2,Cottontail,Week3,244.0 Sleepy Hollow B & R - 158.0 Cottontail
Sleepy Hollow B & R,Week4,Hiddenbrook,Week4,288.0 Sleepy Hollow B & R - 114.0 Hiddenbrook
Sleepy Hollow B & R,Week3,Cottontail,Week4,248.0 Sleepy Hollow B & R - 154.0 Cottontail
Sleepy Hollow Rec,Week4,Herndon,Week1,267.0 Sleepy Hollow Rec - 134.0 Herndon
Sleepy Hollow B & R,Week5,Commonwealth,Week2,292.0 Sleepy Hollow B & R - 110.0 Commonwealth
Sleepy Hollow B & R,Week4,Village West,Week3,287.0 Sleepy Hollow B & R - 115.0 Village West
Sleepy Hollow B & R,Week4,Herndon,Week4,346.0 Sleepy Hollow B & R - 56.0 Herndon
Sleepy Hollow B & R,Week1,Hiddenbrook,Week3,243.0 Sleepy Hollow B & R - 159.0 Hiddenbrook
Sleepy Hollow B & R,Week5,Hayfield Farm,Week4,258.0 Sleepy Hollow B & R - 144.0 Hayfield Farm
Sleepy Hollow B & R,Week3,Cottontail,Week3,241.0 Sleepy Hollow B & R - 161.0 Cottontail
Sleepy Hollow B & R,Week1,Village West,Week2,286.0 Sleepy Hollow B & R - 116.0 Village West
Sleepy Hollow B & R,Week2,Village West,Week5,296.0 Sleepy Hollow B & R - 106.0 Village West
Sleepy Hollow B & R,Week1,Hiddenbrook,Week2,284.0 Sleepy Hollow B & R - 116.0 Hiddenbrook
Sleepy Hollow Rec,Week3,Herndon,Week3,291.0 Sleepy Hollow Rec - 111.0 Herndon
Sleepy Hollow B & R,Week4,Village West,Week1,299.5 Sleepy Hollow B & R - 102.5 Village West
Sleepy Hollow B & R,Week3,Hiddenbrook,Week1,273.0 Sleepy Hollow B & R - 129.0 Hiddenbrook
Sleepy Hollow B & R,Week5,Village West,Week1,310.0 Sleepy Hollow B & R - 92.0 Village West
Sleepy Hollow Rec,Week3,Herndon,Week5,283.0 Sleepy Hollow Rec - 119.0 Herndon
Sleepy Hollow B & R,Week4,Village West,Week4,301.0 Sleepy Hollow B & R - 96.0 Village West
Sleepy Hollow Rec,Week4,Herndon,Week5,270.0 Sleepy Hollow Rec - 132.0 Herndon
Sleepy Hollow B & R,Week1,Hiddenbrook,Week5,222.0 Sleepy Hollow B & R - 180.0 Hiddenbrook
Sleepy Hollow B & R,Week1,Cottontail,Week5,210.0 Sleepy Hollow B & R - 192.0 Cottontail
Sleepy Hollow B & R,Week3,Commonwealth,Week4,285.0 Sleepy Hollow B & R - 117.0 Commonwealth
Sleepy Hollow B & R,Week5,Villa Aquatic,Week2,288.0 Sleepy Hollow B & R - 114.0 Villa Aquatic
Sleepy Hollow B & R,Week3,Village West,Week4,298.0 Sleepy Hollow B & R - 99.0 Village West
Sleepy Hollow B & R,Week5,Herndon,Week2,349.0 Sleepy Hollow B & R - 52.0 Herndon
Sleepy Hollow Rec,Week3,Herndon,Week2,288.0 Sleepy Hollow Rec - 114.0 Herndon
Sleepy Hollow Rec,Week1,Hiddenbrook,Week1,229.0 Hiddenbrook - 173.0 Sleepy Hollow Rec
Sleepy Hollow B & R,Week4,Commonwealth,Week3,267.0 Sleepy Hollow B & R - 135.0 Commonwealth
Sleepy Hollow B & R,Week4,Herndon,Week3,343.0 Sleepy Hollow B & R - 59.0 Herndon
Sleepy Hollow B & R,Week1,Village West,Week1,297.0 Sleepy Hollow B & R - 105.0 Village West
Sleepy Hollow B & R,Week1,Cottontail,Week1,214.0 Sleepy Hollow B & R - 188.0 Cottontail
Sleepy Hollow Rec,Week5,Herndon,Week4,293.0 Sleepy Hollow Rec - 109.0 Herndon
Sleepy Hollow B & R,Week2,Commonwealth,Week4,285.0 Sleepy Hollow B & R - 117.0 Commonwealth
Sleepy Hollow B & R,Week2,Cottontail,Week4,248.0 Sleepy Hollow B & R - 154.0 Cottontail
Sleepy Hollow B & R,Week2,Village West,Week3,278.0 Sleepy Hollow B & R - 124.0 Village West
Sleepy Hollow B & R,Week2,Cottontail,Week5,216.0 Sleepy Hollow B & R - 186.0 Cottontail
Sleepy Hollow B & R,Week3,Village West,Week5,298.0 Sleepy Hollow B & R - 104.0 Village West
Sleepy Hollow Rec,Week4,Herndon,Week3,269.0 Sleepy Hollow Rec - 133.0 Herndon
Sleepy Hollow Rec,Week2,Hiddenbrook,Week4,230.0 Hiddenbrook - 172.0 Sleepy Hollow Rec
Sleepy Hollow B & R,Week4,Hiddenbrook,Week1,301.0 Sleepy Hollow B & R - 101.0 Hiddenbrook
Sleepy Hollow B & R,Week2,Hiddenbrook,Week3,260.0 Sleepy Hollow B & R - 142.0 Hiddenbrook
Sleepy Hollow B & R,Week3,Village West,Week3,286.0 Sleepy Hollow B & R - 116.0 Village West
Sleepy Hollow B & R,Week4,Village West,Week2,302.0 Sleepy Hollow B & R - 100.0 Village West
Sleepy Hollow B & R,Week4,Herndon,Week5,347.0 Sleepy Hollow B & R - 55.0 Herndon
Sleepy Hollow B & R,Week1,Village West,Week4,287.0 Sleepy Hollow B & R - 110.0 Village West
Sleepy Hollow B & R,Week3,Hiddenbrook,Week5,248.5 Sleepy Hollow B & R - 153.5 Hiddenbrook
Sleepy Hollow B & R,Week4,Commonwealth,Week1,294.0 Sleepy Hollow B & R - 108.0 Commonwealth
Sleepy Hollow B & R,Week3,Hiddenbrook,Week3,270.0 Sleepy Hollow B & R - 132.0 Hiddenbrook
Sleepy Hollow B & R,Week4,Cottontail,Week1,244.0 Sleepy Hollow B & R - 158.0 Cottontail
Sleepy Hollow B & R,Week5,Commonwealth,Week3,297.0 Sleepy Hollow B & R - 105.0 Commonwealth
Sleepy Hollow Rec,Week1,Hiddenbrook,Week3,234.0 Hiddenbrook - 168.0 Sleepy Hollow Rec
Sleepy Hollow B & R,Week3,Country Club Hills,Week4,270.0 Sleepy Hollow B & R - 132.0 Country Club Hills
Sleepy Hollow B & R,Week4,Village West,Week5,304.0 Sleepy Hollow B & R - 98.0 Village West
Sleepy Hollow B & R,Week2,Country Club Hills,Week3,256.0 Sleepy Hollow B & R - 146.0 Country Club Hills
Sleepy Hollow B & R,Week3,Cottontail,Week5,230.0 Sleepy Hollow B & R - 172.0 Cottontail
Sleepy Hollow B & R,Week5,Herndon,Week5,359.0 Sleepy Hollow B & R - 42.0 Herndon
Sleepy Hollow Rec,Week5,Herndon,Week1,280.0 Sleepy Hollow Rec - 120.0 Herndon
Sleepy Hollow B & R,Week2,Village West,Week2,292.5 Sleepy Hollow B & R - 109.5 Village West
Sleepy Hollow Rec,Week3,Herndon,Week4,300.0 Sleepy Hollow Rec - 102.0 Herndon
Sleepy Hollow B & R,Week3,Hiddenbrook,Week2,298.0 Sleepy Hollow B & R - 100.0 Hiddenbrook
Sleepy Hollow B & R,Week3,Commonwealth,Week3,276.0 Sleepy Hollow B & R - 126.0 Commonwealth
Sleepy Hollow Rec,Week2,Hiddenbrook,Week5,251.0 Hiddenbrook - 151.0 Sleepy Hollow Rec
Sleepy Hollow B & R,Week2,Village West,Week4,287.0 Sleepy Hollow B & R - 110.0 Village West
Sleepy Hollow Rec,Week1,Hiddenbrook,Week2,211.0 Sleepy Hollow Rec - 190.0 Hiddenbrook
Sleepy Hollow B & R,Week1,Cottontail,Week3,222.0 Sleepy Hollow B & R - 180.0 Cottontail
Sleepy Hollow B & R,Week4,Hiddenbrook,Week3,278.0 Sleepy Hollow B & R - 124.0 Hiddenbrook
Sleepy Hollow B & R,Week2,Hiddenbrook,Week5,246.0 Sleepy Hollow B & R - 156.0 Hiddenbrook
Sleepy Hollow Rec,Week1,Hiddenbrook,Week4,231.0 Hiddenbrook - 171.0 Sleepy Hollow Rec
Sleepy Hollow B & R,Week5,Villa Aquatic,Week1,290.5 Sleepy Hollow B & R - 111.5 Villa Aquatic
Sleepy Hollow Rec,Week3,Hiddenbrook,Week1,205.0 Hiddenbrook - 197.0 Sleepy Hollow Rec
Sleepy Hollow B & R,Week4,Villa Aquatic,Week4,249.0 Sleepy Hollow B & R - 153.0 Villa Aquatic
Sleepy Hollow Rec,Week2,Hiddenbrook,Week1,213.0 Hiddenbrook - 189.0 Sleepy Hollow Rec
Sleepy Hollow B & R,Week2,Hiddenbrook,Week4,264.0 Sleepy Hollow B & R - 138.0 Hiddenbrook
Sleepy Hollow B & R,Week2,Hiddenbrook,Week1,280.0 Sleepy Hollow B & R - 121.0 Hiddenbrook
Sleepy Hollow B & R,Week1,Country Club Hills,Week1,247.0 Sleepy Hollow B & R - 155.0 Country Club Hills
Sleepy Hollow Rec,Week4,High Point Pool,Week1,291.0 High Point Pool - 111.0 Sleepy Hollow Rec
Sleepy Hollow Rec,Week3,Hiddenbrook,Week5,232.0 Hiddenbrook - 170.0 Sleepy Hollow Rec
Sleepy Hollow Rec,Week5,Hiddenbrook,Week3,216.0 Hiddenbrook - 186.0 Sleepy Hollow Rec
Sleepy Hollow B & R,Week5,Herndon,Week3,354.0 Sleepy Hollow B & R - 47.0 Herndon
Sleepy Hollow B & R,Week5,Village West,Week2,315.5 Sleepy Hollow B & R - 86.5 Village West
Sleepy Hollow B & R,Week1,Country Club Hills,Week3,250.0 Sleepy Hollow B & R - 152.0 Country Club Hills
Sleepy Hollow Rec,Week3,Hiddenbrook,Week2,245.0 Sleepy Hollow Rec - 157.0 Hiddenbrook
Sleepy Hollow B & R,Week5,Country Club Hills,Week2,297.5 Sleepy Hollow B & R - 104.5 Country Club Hills
Sleepy Hollow B & R,Week3,Village West,Week2,303.0 Sleepy Hollow B & R - 99.0 Village West
Sleepy Hollow B & R,Week2,Country Club Hills,Week4,260.0 Sleepy Hollow B & R - 142.0 Country Club Hills
Sleepy Hollow B & R,Week5,Virginia Hills,Week2,367.0 Sleepy Hollow B & R - 34.0 Virginia Hills
Sleepy Hollow Rec,Week5,Hiddenbrook,Week4,224.0 Hiddenbrook - 178.0 Sleepy Hollow Rec
Sleepy Hollow B & R,Week5,Cottontail,Week5,266.0 Sleepy Hollow B & R - 136.0 Cottontail
Sleepy Hollow B & R,Week1,Hiddenbrook,Week4,252.0 Sleepy Hollow B & R - 150.0 Hiddenbrook
Sleepy Hollow B & R,Week3,Virginia Hills,Week3,365.0 Sleepy Hollow B & R - 37.0 Virginia Hills
Sleepy Hollow B & R,Week5,Village West,Week3,300.0 Sleepy Hollow B & R - 102.0 Village West
Sleepy Hollow B & R,Week5,Herndon,Week1,350.0 Sleepy Hollow B & R - 51.0 Herndon
Sleepy Hollow Rec,Week3,Hiddenbrook,Week4,222.0 Hiddenbrook - 180.0 Sleepy Hollow Rec
Sleepy Hollow B & R,Week5,Virginia Hills,Week3,362.0 Sleepy Hollow B & R - 40.0 Virginia Hills
Sleepy Hollow B & R,Week2,Hiddenbrook,Week2,283.0 Sleepy Hollow B & R - 118.0 Hiddenbrook
Sleepy Hollow B & R,Week4,Virginia Hills,Week1,363.0 Sleepy Hollow B & R - 39.0 Virginia Hills
Sleepy Hollow B & R,Week5,Cottontail,Week3,272.0 Sleepy Hollow B & R - 130.0 Cottontail
Sleepy Hollow B & R,Week5,Pinewood Lake,Week3,384.0 Sleepy Hollow B & R - 12.0 Pinewood Lake
Sleepy Hollow B & R,Week1,Virginia Hills,Week1,350.0 Sleepy Hollow B & R - 51.0 Virginia Hills
Sleepy Hollow B & R,Week3,Country Club Hills,Week2,271.5 Sleepy Hollow B & R - 130.5 Country Club Hills
Sleepy Hollow Rec,Week5,High Point Pool,Week1,260.0 High Point Pool - 142.0 Sleepy Hollow Rec
Sleepy Hollow B & R,Week5,Cottontail,Week2,270.0 Sleepy Hollow B & R - 132.0 Cottontail
Sleepy Hollow B & R,Week4,Hiddenbrook,Week2,305.0 Sleepy Hollow B & R - 97.0 Hiddenbrook
Sleepy Hollow Rec,Week5,High Point Pool,Week4,279.0 High Point Pool - 123.0 Sleepy Hollow Rec
Sleepy Hollow B & R,Week5,Herndon,Week4,355.0 Sleepy Hollow B & R - 46.0 Herndon
Sleepy Hollow Rec,Week4,Hiddenbrook,Week5,256.0 Hiddenbrook - 146.0 Sleepy Hollow Rec
Sleepy Hollow B & R,Week4,Hiddenbrook,Week5,252.0 Sleepy Hollow B & R - 150.0 Hiddenbrook
Sleepy Hollow B & R,Week1,Hiddenbrook,Week1,269.0 Sleepy Hollow B & R - 132.0 Hiddenbrook
Sleepy Hollow B & R,Week4,Cottontail,Week4,257.0 Sleepy Hollow B & R - 145.0 Cottontail
Sleepy Hollow Rec,Week1,High Point Pool,Week3,282.0 High Point Pool - 120.0 Sleepy Hollow Rec
Sleepy Hollow B & R,Week3,Hiddenbrook,Week4,271.5 Sleepy Hollow B & R - 130.5 Hiddenbrook
Sleepy Hollow B & R,Week2,Country Club Hills,Week2,266.0 Sleepy Hollow B & R - 136.0 Country Club Hills
Sleepy Hollow B & R,Week2,High Point Pool,Week1,206.0 Sleepy Hollow B & R - 196.0 High Point Pool
Sleepy Hollow B & R,Week5,Pleasant Valley,Week4,354.0 Sleepy Hollow B & R - 47.0 Pleasant Valley
Sleepy Hollow B & R,Week1,Virginia Hills,Week2,352.0 Sleepy Hollow B & R - 49.0 Virginia Hills
Sleepy Hollow Rec,Week5,Hiddenbrook,Week5,246.0 Hiddenbrook - 156.0 Sleepy Hollow Rec
Sleepy Hollow Rec,Week3,High Point Pool,Week1,258.0 High Point Pool - 144.0 Sleepy Hollow Rec
Sleepy Hollow B & R,Week2,Virginia Hills,Week5,341.0 Sleepy Hollow B & R - 57.0 Virginia Hills
Sleepy Hollow B & R,Week4,Country Club Hills,Week1,256.0 Sleepy Hollow B & R - 146.0 Country Club Hills
Sleepy Hollow B & R,Week3,Virginia Hills,Week1,356.0 Sleepy Hollow B & R - 45.0 Virginia Hills
Sleepy Hollow B & R,Week4,High Point Pool,Week5,207.0 Sleepy Hollow B & R - 195.0 High Point Pool
Sleepy Hollow Rec,Week1,High Point Pool,Week1,274.0 High Point Pool - 128.0 Sleepy Hollow Rec
Sleepy Hollow B & R,Week5,High Point Pool,Week1,213.0 Sleepy Hollow B & R - 189.0 High Point Pool
Sleepy Hollow B & R,Week5,Hiddenbrook,Week3,282.0 Sleepy Hollow B & R - 120.0 Hiddenbrook
Sleepy Hollow B & R,Week5,Pleasant Valley,Week1,338.0 Sleepy Hollow B & R - 64.0 Pleasant Valley
Sleepy Hollow B & R,Week3,Country Club Hills,Week5,222.0 Sleepy Hollow B & R - 180.0 Country Club Hills
Sleepy Hollow B & R,Week4,Cottontail,Week2,250.0 Sleepy Hollow B & R - 152.0 Cottontail
Sleepy Hollow B & R,Week5,Virginia Hills,Week1,369.0 Sleepy Hollow B & R - 32.0 Virginia Hills
Sleepy Hollow B & R,Week3,Country Club Hills,Week3,266.0 Sleepy Hollow B & R - 136.0 Country Club Hills
Sleepy Hollow B & R,Week1,Virginia Hills,Week5,330.0 Sleepy Hollow B & R - 68.0 Virginia Hills
Sleepy Hollow B & R,Week1,Highland Park,Week2,202.5 Sleepy Hollow B & R - 199.5 Highland Park
Sleepy Hollow B & R,Week5,Pinewood Lake,Week2,383.0 Sleepy Hollow B & R - 13.0 Pinewood Lake
Sleepy Hollow B & R,Week3,Virginia Hills,Week2,369.0 Sleepy Hollow B & R - 32.0 Virginia Hills
Sleepy Hollow Rec,Week1,High Point Pool,Week2,304.0 High Point Pool - 98.0 Sleepy Hollow Rec
Sleepy Hollow B & R,Week1,Country Club Hills,Week4,229.0 Sleepy Hollow B & R - 173.0 Country Club Hills
Sleepy Hollow B & R,Week3,Virginia Hills,Week5,342.0 Sleepy Hollow B & R - 59.0 Virginia Hills
Sleepy Hollow B & R,Week1,Country Club Hills,Week2,246.0 Sleepy Hollow B & R - 156.0 Country Club Hills
Sleepy Hollow B & R,Week3,High Point Pool,Week5,208.0 High Point Pool - 194.0 Sleepy Hollow B & R
Sleepy Hollow Rec,Week2,High Point Pool,Week1,276.0 High Point Pool - 126.0 Sleepy Hollow Rec
Sleepy Hollow B & R,Week3,Virginia Hills,Week4,365.0 Sleepy Hollow B & R - 36.0 Virginia Hills
Sleepy Hollow Rec,Week5,Hiddenbrook,Week2,230.0 Sleepy Hollow Rec - 172.0 Hiddenbrook
Sleepy Hollow B & R,Week1,Pleasant Valley,Week1,309.0 Sleepy Hollow B & R - 93.0 Pleasant Valley
Sleepy Hollow Rec,Week4,High Point Pool,Week2,308.0 High Point Pool - 94.0 Sleepy Hollow Rec
Sleepy Hollow Rec,Week3,High Point Pool,Week4,259.0 High Point Pool - 143.0 Sleepy Hollow Rec
Sleepy Hollow B & R,Week1,Virginia Run,Week2,202.0 Virginia Run - 200.0 Sleepy Hollow B & R
Sleepy Hollow B & R,Week5,Cottontail,Week4,275.0 Sleepy Hollow B & R - 127.0 Cottontail
Sleepy Hollow Rec,Week2,High Point Pool,Week4,291.0 High Point Pool - 111.0 Sleepy Hollow Rec
Sleepy Hollow B & R,Week2,Virginia Hills,Week3,363.0 Sleepy Hollow B & R - 39.0 Virginia Hills
Sleepy Hollow B & R,Week5,Hiddenbrook,Week5,276.0 Sleepy Hollow B & R - 126.0 Hiddenbrook
Sleepy Hollow B & R,Week1,High Point Pool,Week4,230.0 High Point Pool - 172.0 Sleepy Hollow B & R
Sleepy Hollow B & R,Week3,High Point Pool,Week1,210.5 Sleepy Hollow B & R - 191.5 High Point Pool
Sleepy Hollow Rec,Week3,High Point Pool,Week2,283.0 High Point Pool - 119.0 Sleepy Hollow Rec
Sleepy Hollow B & R,Week3,Country Club Hills,Week1,260.0 Sleepy Hollow B & R - 142.0 Country Club Hills
Sleepy Hollow B & R,Week4,Country Club Hills,Week2,269.0 Sleepy Hollow B & R - 133.0 Country Club Hills
Sleepy Hollow Rec,Week4,High Point Pool,Week4,308.0 High Point Pool - 94.0 Sleepy Hollow Rec
Sleepy Hollow B & R,Week3,Pleasant Valley,Week1,327.0 Sleepy Hollow B & R - 75.0 Pleasant Valley
Sleepy Hollow Rec,Week1,High Point Pool,Week4,282.0 High Point Pool - 120.0 Sleepy Hollow Rec
Sleepy Hollow B & R,Week5,High Point Pool,Week5,218.0 Sleepy Hollow B & R - 184.0 High Point Pool
Sleepy Hollow B & R,Week4,Pleasant Valley,Week4,338.0 Sleepy Hollow B & R - 63.0 Pleasant Valley
Sleepy Hollow B & R,Week1,Pleasant Valley,Week5,299.0 Sleepy Hollow B & R - 103.0 Pleasant Valley
Sleepy Hollow B & R,Week5,Pinewood Lake,Week1,369.0 Sleepy Hollow B & R - 24.0 Pinewood Lake
Sleepy Hollow B & R,Week4,Virginia Hills,Week3,360.0 Sleepy Hollow B & R - 42.0 Virginia Hills
Sleepy Hollow B & R,Week1,Highland Park,Week3,201.0 Highland Park - 201.0 Sleepy Hollow B & R
Sleepy Hollow B & R,Week2,Virginia Hills,Week1,354.0 Sleepy Hollow B & R - 47.0 Virginia Hills
Sleepy Hollow B & R,Week5,Pinewood Lake,Week5,374.0 Sleepy Hollow B & R - 24.0 Pinewood Lake
Sleepy Hollow B & R,Week4,Cottontail,Week5,238.0 Sleepy Hollow B & R - 164.0 Cottontail
Sleepy Hollow B & R,Week2,Country Club Hills,Week5,220.0 Sleepy Hollow B & R - 182.0 Country Club Hills
Sleepy Hollow B & R,Week4,Virginia Hills,Week4,358.0 Sleepy Hollow B & R - 44.0 Virginia Hills
Sleepy Hollow B & R,Week2,Country Club Hills,Week1,261.0 Sleepy Hollow B & R - 141.0 Country Club Hills
Sleepy Hollow B & R,Week1,Virginia Hills,Week4,356.0 Sleepy Hollow B & R - 45.0 Virginia Hills
Sleepy Hollow Rec,Week3,High Point Pool,Week3,263.0 High Point Pool - 139.0 Sleepy Hollow Rec
Sleepy Hollow B & R,Week4,High Point Pool,Week3,218.0 Sleepy Hollow B & R - 184.0 High Point Pool
Sleepy Hollow B & R,Week1,Virginia Hills,Week3,352.0 Sleepy Hollow B & R - 50.0 Virginia Hills
Sleepy Hollow B & R,Week4,Virginia Hills,Week2,369.0 Sleepy Hollow B & R - 33.0 Virginia Hills
Sleepy Hollow B & R,Week2,Virginia Hills,Week4,364.0 Sleepy Hollow B & R - 37.0 Virginia Hills
Sleepy Hollow B & R,Week2,Pleasant Valley,Week3,308.0 Sleepy Hollow B & R - 94.0 Pleasant Valley
Sleepy Hollow B & R,Week5,Pinewood Lake,Week4,382.0 Sleepy Hollow B & R - 14.0 Pinewood Lake
Sleepy Hollow B & R,Week4,Virginia Hills,Week5,346.0 Sleepy Hollow B & R - 56.0 Virginia Hills
Sleepy Hollow B & R,Week3,Pleasant Valley,Week3,310.0 Sleepy Hollow B & R - 92.0 Pleasant Valley
Sleepy Hollow B & R,Week2,High Point Pool,Week4,208.0 High Point Pool - 194.0 Sleepy Hollow B & R
Sleepy Hollow B & R,Week1,High Point Pool,Week1,206.0 High Point Pool - 196.0 Sleepy Hollow B & R
Sleepy Hollow Rec,Week4,Hiddenbrook,Week4,224.0 Hiddenbrook - 178.0 Sleepy Hollow Rec
Sleepy Hollow B & R,Week2,High Point Pool,Week2,209.0 High Point Pool - 193.0 Sleepy Hollow B & R
Sleepy Hollow B & R,Week4,Country Club Hills,Week3,270.0 Sleepy Hollow B & R - 132.0 Country Club Hills
Sleepy Hollow B & R,Week3,Rolling Valley,Week4,321.0 Sleepy Hollow B & R - 81.0 Rolling Valley
Sleepy Hollow B & R,Week1,Pleasant Valley,Week2,315.0 Sleepy Hollow B & R - 87.0 Pleasant Valley
Sleepy Hollow B & R,Week5,Cottontail,Week1,274.0 Sleepy Hollow B & R - 128.0 Cottontail
Sleepy Hollow B & R,Week2,High Point Pool,Week5,209.0 High Point Pool - 193.0 Sleepy Hollow B & R
Sleepy Hollow Rec,Week5,Hiddenbrook,Week1,214.0 Hiddenbrook - 188.0 Sleepy Hollow Rec
Sleepy Hollow B & R,Week1,Country Club Hills,Week5,206.0 Country Club Hills - 196.0 Sleepy Hollow B & R
Sleepy Hollow B & R,Week4,Cottontail,Week3,266.0 Sleepy Hollow B & R - 136.0 Cottontail
Sleepy Hollow Rec,Week3,High Point Pool,Week5,277.0 High Point Pool - 125.0 Sleepy Hollow Rec
Sleepy Hollow B & R,Week2,Pleasant Valley,Week5,314.0 Sleepy Hollow B & R - 87.0 Pleasant Valley
Sleepy Hollow Rec,Week4,Hiddenbrook,Week3,225.0 Hiddenbrook - 177.0 Sleepy Hollow Rec
Sleepy Hollow B & R,Week5,Village West,Week5,324.0 Sleepy Hollow B & R - 78.0 Village West
Sleepy Hollow B & R,Week3,Pleasant Valley,Week5,307.0 Sleepy Hollow B & R - 95.0 Pleasant Valley
Sleepy Hollow B & R,Week4,Pleasant Valley,Week3,308.0 Sleepy Hollow B & R - 94.0 Pleasant Valley
Sleepy Hollow B & R,Week5,Rolling Valley,Week2,328.0 Sleepy Hollow B & R - 74.0 Rolling Valley
Sleepy Hollow B & R,Week2,Virginia Hills,Week2,360.0 Sleepy Hollow B & R - 41.0 Virginia Hills
Sleepy Hollow B & R,Week4,Pleasant Valley,Week5,315.0 Sleepy Hollow B & R - 85.0 Pleasant Valley
Sleepy Hollow B & R,Week4,Crosspointe,Week3,218.0 Crosspointe - 184.0 Sleepy Hollow B & R
Sleepy Hollow Rec,Week1,High Point Pool,Week5,285.0 High Point Pool - 117.0 Sleepy Hollow Rec
Sleepy Hollow B & R,Week3,Pleasant Valley,Week2,339.0 Sleepy Hollow B & R - 63.0 Pleasant Valley
Sleepy Hollow B & R,Week1,Rutherford,Week1,277.0 Sleepy Hollow B & R - 125.0 Rutherford
Sleepy Hollow B & R,Week3,Pleasant Valley,Week4,337.0 Sleepy Hollow B & R - 65.0 Pleasant Valley
Sleepy Hollow B & R,Week5,Country Club Hills,Week1,289.0 Sleepy Hollow B & R - 113.0 Country Club Hills
Sleepy Hollow B & R,Week4,Crosspointe,Week1,229.0 Crosspointe - 173.0 Sleepy Hollow B & R
Sleepy Hollow Rec,Week5,High Point Pool,Week3,269.0 High Point Pool - 133.0 Sleepy Hollow Rec
Sleepy Hollow B & R,Week2,Virginia Run,Week1,223.0 Virginia Run - 179.0 Sleepy Hollow B & R
Sleepy Hollow B & R,Week4,Rutherford,Week4,283.0 Sleepy Hollow B & R - 119.0 Rutherford
Sleepy Hollow B & R,Week1,High Point Pool,Week2,228.0 High Point Pool - 174.0 Sleepy Hollow B & R
Sleepy Hollow B & R,Week1,Virginia Run,Week3,201.0 Sleepy Hollow B & R - 201.0 Virginia Run
Sleepy Hollow B & R,Week4,Rutherford,Week1,304.0 Sleepy Hollow B & R - 98.0 Rutherford
Sleepy Hollow B & R,Week3,High Point Pool,Week2,214.0 High Point Pool - 188.0 Sleepy Hollow B & R
Sleepy Hollow B & R,Week4,High Point Pool,Week1,217.0 Sleepy Hollow B & R - 185.0 High Point Pool
Sleepy Hollow B & R,Week3,Rolling Valley,Week3,315.0 Sleepy Hollow B & R - 87.0 Rolling Valley
Sleepy Hollow B & R,Week5,Hiddenbrook,Week2,317.0 Sleepy Hollow B & R - 81.0 Hiddenbrook
Sleepy Hollow Rec,Week4,High Point Pool,Week3,300.0 High Point Pool - 102.0 Sleepy Hollow Rec
Sleepy Hollow Rec,Week2,High Point Pool,Week5,304.0 High Point Pool - 98.0 Sleepy Hollow Rec
Sleepy Hollow B & R,Week1,High Point Pool,Week5,224.0 High Point Pool - 178.0 Sleepy Hollow B & R
Sleepy Hollow B & R,Week3,Crosspointe,Week1,228.0 Crosspointe - 174.0 Sleepy Hollow B & R
Sleepy Hollow B & R,Week1,Crosspointe,Week5,277.0 Crosspointe - 125.0 Sleepy Hollow B & R
Sleepy Hollow B & R,Week5,Virginia Hills,Week5,355.0 Sleepy Hollow B & R - 45.0 Virginia Hills
Sleepy Hollow B & R,Week1,Rutherford,Week5,278.0 Sleepy Hollow B & R - 124.0 Rutherford
Sleepy Hollow B & R,Week1,Virginia Run,Week1,227.5 Virginia Run - 174.5 Sleepy Hollow B & R
Sleepy Hollow B & R,Week3,High Point Pool,Week4,214.0 High Point Pool - 188.0 Sleepy Hollow B & R
Sleepy Hollow B & R,Week4,Rolling Valley,Week3,319.0 Sleepy Hollow B & R - 83.0 Rolling Valley
Sleepy Hollow Rec,Week2,High Point Pool,Week3,282.0 High Point Pool - 120.0 Sleepy Hollow Rec
Sleepy Hollow B & R,Week1,Virginia Run,Week5,239.0 Virginia Run - 163.0 Sleepy Hollow B & R
Sleepy Hollow B & R,Week4,Country Club Hills,Week5,252.0 Sleepy Hollow B & R - 150.0 Country Club Hills
Sleepy Hollow B & R,Week1,Pleasant Valley,Week3,296.0 Sleepy Hollow B & R - 106.0 Pleasant Valley
Sleepy Hollow B & R,Week1,High Point Pool,Week3,213.0 High Point Pool - 189.0 Sleepy Hollow B & R
Sleepy Hollow B & R,Week2,High Point Pool,Week3,205.0 Sleepy Hollow B & R - 197.0 High Point Pool
Sleepy Hollow B & R,Week4,Pleasant Valley,Week1,329.0 Sleepy Hollow B & R - 73.0 Pleasant Valley
Sleepy Hollow B & R,Week1,Rutherford,Week4,263.0 Sleepy Hollow B & R - 139.0 Rutherford
Sleepy Hollow Rec,Week2,High Point Pool,Week2,302.0 High Point Pool - 100.0 Sleepy Hollow Rec
Sleepy Hollow Rec,Week4,High Point Pool,Week5,304.0 High Point Pool - 98.0 Sleepy Hollow Rec
Sleepy Hollow Rec,Week5,High Point Pool,Week2,285.0 High Point Pool - 117.0 Sleepy Hollow Rec
Sleepy Hollow B & R,Week4,Country Club Hills,Week4,262.0 Sleepy Hollow B & R - 140.0 Country Club Hills
Sleepy Hollow B & R,Week2,Crosspointe,Week1,250.0 Crosspointe - 152.0 Sleepy Hollow B & R
Sleepy Hollow B & R,Week5,Virginia Hills,Week4,372.0 Sleepy Hollow B & R - 29.0 Virginia Hills
Sleepy Hollow B & R,Week5,Virginia Run,Week2,256.0 Sleepy Hollow B & R - 146.0 Virginia Run
Sleepy Hollow B & R,Week4,Pinewood Lake,Week5,373.0 Sleepy Hollow B & R - 27.0 Pinewood Lake
Sleepy Hollow B & R,Week5,Rolling Valley,Week3,332.0 Sleepy Hollow B & R - 70.0 Rolling Valley
Sleepy Hollow B & R,Week3,High Point Pool,Week3,207.0 Sleepy Hollow B & R - 194.0 High Point Pool
Sleepy Hollow B & R,Week2,Pleasant Valley,Week1,328.0 Sleepy Hollow B & R - 73.0 Pleasant Valley
Sleepy Hollow B & R,Week5,Crosspointe,Week3,203.0 Sleepy Hollow B & R - 199.0 Crosspointe
Sleepy Hollow B & R,Week3,Rolling Valley,Week5,313.5 Sleepy Hollow B & R - 88.5 Rolling Valley
Sleepy Hollow B & R,Week4,Pleasant Valley,Week2,335.0 Sleepy Hollow B & R - 67.0 Pleasant Valley
Sleepy Hollow B & R,Week1,Pleasant Valley,Week4,314.0 Sleepy Hollow B & R - 88.0 Pleasant Valley
Sleepy Hollow B & R,Week4,Virginia Run,Week3,219.0 Sleepy Hollow B & R - 183.0 Virginia Run
Sleepy Hollow B & R,Week4,High Point Pool,Week2,206.0 High Point Pool - 196.0 Sleepy Hollow B & R
Sleepy Hollow B & R,Week4,Rolling Valley,Week5,319.0 Sleepy Hollow B & R - 83.0 Rolling Valley
Sleepy Hollow B & R,Week3,Virginia Run,Week2,211.0 Sleepy Hollow B & R - 191.0 Virginia Run
Sleepy Hollow B & R,Week4,High Point Pool,Week4,206.0 Sleepy Hollow B & R - 196.0 High Point Pool
Sleepy Hollow B & R,Week5,Country Club Hills,Week3,297.0 Sleepy Hollow B & R - 105.0 Country Club Hills
Sleepy Hollow B & R,Week2,Pleasant Valley,Week4,338.0 Sleepy Hollow B & R - 63.0 Pleasant Valley
Sleepy Hollow B & R,Week5,Hiddenbrook,Week4,283.0 Sleepy Hollow B & R - 119.0 Hiddenbrook
Sleepy Hollow B & R,Week2,Rutherford,Week2,310.0 Sleepy Hollow B & R - 92.0 Rutherford
Sleepy Hollow B & R,Week5,Country Club Hills,Week5,266.0 Sleepy Hollow B & R - 136.0 Country Club Hills
Sleepy Hollow B & R,Week3,Virginia Run,Week1,204.0 Virginia Run - 198.0 Sleepy Hollow B & R
Sleepy Hollow Rec,Week2,Highland Park,Week2,279.0 Highland Park - 123.0 Sleepy Hollow Rec
Sleepy Hollow Rec,Week5,Highland Park,Week2,265.0 Highland Park - 137.0 Sleepy Hollow Rec
Sleepy Hollow B & R,Week5,High Point Pool,Week2,207.5 Sleepy Hollow B & R - 194.5 High Point Pool
Sleepy Hollow B & R,Week1,Virginia Run,Week4,214.0 Virginia Run - 188.0 Sleepy Hollow B & R
Sleepy Hollow B & R,Week1,Daventry,Week5,302.0 Sleepy Hollow B & R - 100.0 Daventry
Sleepy Hollow B & R,Week5,Virginia Run,Week5,225.0 Sleepy Hollow B & R - 177.0 Virginia Run
Sleepy Hollow B & R,Week2,Pleasant Valley,Week2,340.0 Sleepy Hollow B & R - 61.0 Pleasant Valley
Sleepy Hollow Rec,Week5,High Point Pool,Week5,283.0 High Point Pool - 119.0 Sleepy Hollow Rec
Sleepy Hollow Rec,Week1,Highland Park,Week4,299.0 Highland Park - 103.0 Sleepy Hollow Rec
Sleepy Hollow B & R,Week1,Rutherford,Week3,275.0 Sleepy Hollow B & R - 127.0 Rutherford
Sleepy Hollow B & R,Week1,Crosspointe,Week1,270.5 Crosspointe - 131.5 Sleepy Hollow B & R
Sleepy Hollow B & R,Week1,Highland Park,Week1,224.0 Highland Park - 178.0 Sleepy Hollow B & R
Sleepy Hollow B & R,Week2,Crosspointe,Week5,263.0 Crosspointe - 139.0 Sleepy Hollow B & R
Sleepy Hollow B & R,Week5,Crosspointe,Week4,210.5 Crosspointe - 191.5 Sleepy Hollow B & R
Sleepy Hollow B & R,Week1,Wakefield Chapel,Week3,288.0 Wakefield Chapel - 114.0 Sleepy Hollow B & R
Sleepy Hollow B & R,Week2,Rutherford,Week1,296.0 Sleepy Hollow B & R - 106.0 Rutherford
Sleepy Hollow B & R,Week5,Pleasant Valley,Week2,339.5 Sleepy Hollow B & R - 62.5 Pleasant Valley
Sleepy Hollow Rec,Week5,Highland Park,Week4,281.0 Highland Park - 121.0 Sleepy Hollow Rec
Sleepy Hollow B & R,Week3,Crosspointe,Week4,229.0 Crosspointe - 173.0 Sleepy Hollow B & R
Sleepy Hollow B & R,Week5,High Point Pool,Week3,220.5 Sleepy Hollow B & R - 180.5 High Point Pool
Sleepy Hollow B & R,Week4,Crosspointe,Week5,240.0 Crosspointe - 162.0 Sleepy Hollow B & R
Sleepy Hollow B & R,Week1,Wakefield Chapel,Week1,299.0 Wakefield Chapel - 103.0 Sleepy Hollow B & R
Sleepy Hollow B & R,Week4,Rolling Valley,Week1,353.0 Sleepy Hollow B & R - 49.0 Rolling Valley
Sleepy Hollow B & R,Week5,Pleasant Valley,Week3,322.0 Sleepy Hollow B & R - 80.0 Pleasant Valley
Sleepy Hollow B & R,Week5,Poplar Heights,Week1,248.0 Sleepy Hollow B & R - 154.0 Poplar Heights
Sleepy Hollow B & R,Week4,Wakefield Chapel,Week1,268.0 Wakefield Chapel - 134.0 Sleepy Hollow B & R
Sleepy Hollow B & R,Week4,Rolling Valley,Week2,331.0 Sleepy Hollow B & R - 71.0 Rolling Valley
Sleepy Hollow B & R,Week2,Rutherford,Week3,290.0 Sleepy Hollow B & R - 112.0 Rutherford
Sleepy Hollow Rec,Week3,Highland Park,Week5,257.0 Highland Park - 145.0 Sleepy Hollow Rec
Sleepy Hollow Rec,Week2,Highland Park,Week4,298.0 Highland Park - 104.0 Sleepy Hollow Rec
Sleepy Hollow B & R,Week1,Wakefield Chapel,Week5,309.0 Wakefield Chapel - 93.0 Sleepy Hollow B & R
Sleepy Hollow B & R,Week1,Highland Park,Week4,227.0 Highland Park - 175.0 Sleepy Hollow B & R
Sleepy Hollow B & R,Week5,High Point Pool,Week4,205.0 Sleepy Hollow B & R - 197.0 High Point Pool
Sleepy Hollow B & R,Week2,Poplar Heights,Week1,220.0 Sleepy Hollow B & R - 182.0 Poplar Heights
Sleepy Hollow B & R,Week2,Highland Park,Week1,209.0 Highland Park - 193.0 Sleepy Hollow B & R
Sleepy Hollow B & R,Week2,Wakefield Chapel,Week5,282.0 Wakefield Chapel - 120.0 Sleepy Hollow B & R
Sleepy Hollow B & R,Week3,Highland Park,Week4,203.0 Sleepy Hollow B & R - 199.0 Highland Park
Sleepy Hollow B & R,Week2,Rutherford,Week4,279.0 Sleepy Hollow B & R - 123.0 Rutherford
Sleepy Hollow B & R,Week4,Rolling Valley,Week4,319.0 Sleepy Hollow B & R - 83.0 Rolling Valley
Sleepy Hollow Rec,Week3,Highland Park,Week3,245.0 Highland Park - 157.0 Sleepy Hollow Rec
Sleepy Hollow B & R,Week1,Poplar Heights,Week3,227.0 Poplar Heights - 175.0 Sleepy Hollow B & R
Sleepy Hollow B & R,Week3,Crosspointe,Week3,226.0 Crosspointe - 176.0 Sleepy Hollow B & R
Sleepy Hollow Rec,Week1,Highland Park,Week3,272.0 Highland Park - 130.0 Sleepy Hollow Rec
Sleepy Hollow B & R,Week5,Crosspointe,Week5,225.0 Crosspointe - 177.0 Sleepy Hollow B & R
Sleepy Hollow B & R,Week3,Rutherford,Week2,314.0 Sleepy Hollow B & R - 88.0 Rutherford
Sleepy Hollow B & R,Week4,Crosspointe,Week2,213.5 Crosspointe - 188.5 Sleepy Hollow B & R
Sleepy Hollow B & R,Week1,Poplar Tree,Week2,213.0 Poplar Tree - 189.0 Sleepy Hollow B & R
Sleepy Hollow B & R,Week1,Daventry,Week1,305.0 Sleepy Hollow B & R - 97.0 Daventry
Sleepy Hollow B & R,Week5,Virginia Run,Week1,223.0 Sleepy Hollow B & R - 179.0 Virginia Run
Sleepy Hollow B & R,Week5,Poplar Heights,Week3,242.0 Sleepy Hollow B & R - 160.0 Poplar Heights
Sleepy Hollow Rec,Week1,Highland Park,Week1,288.0 Highland Park - 114.0 Sleepy Hollow Rec
Sleepy Hollow B & R,Week1,Highland Park,Week5,208.0 Sleepy Hollow B & R - 194.0 Highland Park
Sleepy Hollow B & R,Week3,Rolling Valley,Week2,316.0 Sleepy Hollow B & R - 86.0 Rolling Valley
Sleepy Hollow B & R,Week2,Rutherford,Week5,288.0 Sleepy Hollow B & R - 114.0 Rutherford
Sleepy Hollow Rec,Week4,Highland Park,Week3,287.0 Highland Park - 115.0 Sleepy Hollow Rec
Sleepy Hollow B & R,Week4,Virginia Run,Week5,207.0 Virginia Run - 195.0 Sleepy Hollow B & R
Sleepy Hollow B & R,Week3,Poplar Heights,Week4,204.0 Poplar Heights - 198.0 Sleepy Hollow B & R
Sleepy Hollow B & R,Week5,Rolling Valley,Week4,324.0 Sleepy Hollow B & R - 78.0 Rolling Valley
Sleepy Hollow B & R,Week5,Highland Park,Week2,245.0 Sleepy Hollow B & R - 157.0 Highland Park
Sleepy Hollow B & R,Week5,Highland Park,Week1,222.0 Sleepy Hollow B & R - 180.0 Highland Park
Sleepy Hollow B & R,Week5,Country Club Hills,Week4,301.0 Sleepy Hollow B & R - 101.0 Country Club Hills
Sleepy Hollow B & R,Week5,Crosspointe,Week2,216.0 Sleepy Hollow B & R - 186.0 Crosspointe
Sleepy Hollow Rec,Week4,Highland Park,Week5,289.0 Highland Park - 113.0 Sleepy Hollow Rec
Sleepy Hollow B & R,Week2,Wakefield Chapel,Week4,253.0 Wakefield Chapel - 149.0 Sleepy Hollow B & R
Sleepy Hollow B & R,Week2,Highlands Swim,Week1,287.0 Highlands Swim - 115.0 Sleepy Hollow B & R
Sleepy Hollow B & R,Week2,Poplar Tree,Week2,205.0 Sleepy Hollow B & R - 197.0 Poplar Tree
Sleepy Hollow B & R,Week5,Rolling Valley,Week5,316.5 Sleepy Hollow B & R - 85.5 Rolling Valley
Sleepy Hollow B & R,Week5,Pleasant Valley,Week5,326.0 Sleepy Hollow B & R - 75.0 Pleasant Valley
Sleepy Hollow B & R,Week3,Virginia Run,Week3,215.0 Sleepy Hollow B & R - 187.0 Virginia Run
Sleepy Hollow B & R,Week5,Highland Park,Week5,234.0 Sleepy Hollow B & R - 168.0 Highland Park
Sleepy Hollow Rec,Week4,Highland Park,Week1,298.0 Highland Park - 104.0 Sleepy Hollow Rec
Sleepy Hollow B & R,Week3,Highland Park,Week2,205.0 Sleepy Hollow B & R - 197.0 Highland Park
Sleepy Hollow B & R,Week1,Daventry,Week2,324.0 Sleepy Hollow B & R - 78.0 Daventry
Sleepy Hollow B & R,Week5,Rolling Valley,Week1,349.0 Sleepy Hollow B & R - 52.0 Rolling Valley
Sleepy Hollow B & R,Week3,Wakefield Chapel,Week1,279.0 Wakefield Chapel - 123.0 Sleepy Hollow B & R
Sleepy Hollow B & R,Week1,Crosspointe,Week4,262.0 Crosspointe - 140.0 Sleepy Hollow B & R
Sleepy Hollow B & R,Week4,Virginia Run,Week1,203.0 Sleepy Hollow B & R - 199.0 Virginia Run
Sleepy Hollow B & R,Week2,Poplar Heights,Week3,206.0 Sleepy Hollow B & R - 196.0 Poplar Heights
Sleepy Hollow Rec,Week2,Highland Park,Week5,282.0 Highland Park - 120.0 Sleepy Hollow Rec
Sideburn Run,Week3,Kent Gardens,Week3,220.0 Sideburn Run - 182.0 Kent Gardens
Sleepy Hollow B & R,Week2,Wakefield Chapel,Week1,279.0 Wakefield Chapel - 123.0 Sleepy Hollow B & R
Sideburn Run,Week4,Kent Gardens,Week5,215.0 Kent Gardens - 187.0 Sideburn Run
Sleepy Hollow B & R,Week3,Highlands Swim,Week5,299.0 Highlands Swim - 103.0 Sleepy Hollow B & R
Sleepy Hollow B & R,Week3,Wakefield Chapel,Week2,262.0 Wakefield Chapel - 140.0 Sleepy Hollow B & R
Sleepy Hollow B & R,Week1,Wakefield Chapel,Week2,283.0 Wakefield Chapel - 119.0 Sleepy Hollow B & R
Sleepy Hollow B & R,Week1,Crosspointe,Week2,245.0 Crosspointe - 157.0 Sleepy Hollow B & R
Sideburn Run,Week3,Kent Gardens,Week5,218.0 Kent Gardens - 184.0 Sideburn Run
Sleepy Hollow B & R,Week1,Poplar Tree,Week3,241.0 Poplar Tree - 161.0 Sleepy Hollow B & R
Sleepy Hollow B & R,Week3,Poplar Heights,Week2,211.0 Sleepy Hollow B & R - 191.0 Poplar Heights
Sleepy Hollow B & R,Week2,Virginia Run,Week2,206.0 Sleepy Hollow B & R - 196.0 Virginia Run
Sleepy Hollow Rec,Week4,Highland Park,Week4,296.0 Highland Park - 106.0 Sleepy Hollow Rec
Sideburn Run,Week5,Kent Gardens,Week1,207.0 Sideburn Run - 195.0 Kent Gardens
Sideburn Run,Week1,Kent Gardens,Week2,207.0 Sideburn Run - 195.0 Kent Gardens
Sleepy Hollow B & R,Week1,Crosspointe,Week3,259.0 Crosspointe - 143.0 Sleepy Hollow B & R
Sleepy Hollow B & R,Week4,Highland Park,Week1,202.0 Sleepy Hollow B & R - 200.0 Highland Park
Sleepy Hollow Rec,Week3,Highland Park,Week4,268.0 Highland Park - 134.0 Sleepy Hollow Rec
Sideburn Run,Week1,Kent Gardens,Week5,223.0 Kent Gardens - 179.0 Sideburn Run
Sleepy Hollow B & R,Week3,Rutherford,Week1,314.0 Sleepy Hollow B & R - 88.0 Rutherford
Sleepy Hollow B & R,Week4,Poplar Heights,Week4,203.0 Sleepy Hollow B & R - 199.0 Poplar Heights
Sleepy Hollow B & R,Week3,Highland Park,Week1,207.0 Highland Park - 195.0 Sleepy Hollow B & R
Sleepy Hollow B & R,Week1,Daventry,Week3,317.0 Sleepy Hollow B & R - 84.0 Daventry
Sleepy Hollow B & R,Week1,Rutherford,Week2,283.0 Sleepy Hollow B & R - 119.0 Rutherford
Sleepy Hollow B & R,Week3,Rutherford,Week3,297.0 Sleepy Hollow B & R - 105.0 Rutherford
Sleepy Hollow B & R,Week2,Crosspointe,Week2,221.0 Crosspointe - 181.0 Sleepy Hollow B & R
Sleepy Hollow B & R,Week3,Rutherford,Week4,289.5 Sleepy Hollow B & R - 112.5 Rutherford
Sleepy Hollow B & R,Week3,Poplar Heights,Week5,202.0 Sleepy Hollow B & R - 200.0 Poplar Heights
Sleepy Hollow B & R,Week2,Highlands Swim,Week2,295.0 Highlands Swim - 107.0 Sleepy Hollow B & R
Sleepy Hollow B & R,Week2,Virginia Run,Week3,205.0 Sleepy Hollow B & R - 197.0 Virginia Run
Sleepy Hollow B & R,Week1,Poplar Heights,Week2,206.0 Poplar Heights - 196.0 Sleepy Hollow B & R
Sleepy Hollow Rec,Week2,Highland Park,Week1,286.0 Highland Park - 116.0 Sleepy Hollow Rec
Sleepy Hollow Rec,Week3,Highland Park,Week1,272.5 Highland Park - 129.5 Sleepy Hollow Rec
Sleepy Hollow B & R,Week3,Crosspointe,Week2,229.5 Crosspointe - 172.5 Sleepy Hollow B & R
Sleepy Hollow Rec,Week5,Highland Park,Week5,262.5 Highland Park - 139.5 Sleepy Hollow Rec
Sleepy Hollow B & R,Week3,Shouse Village,Week3,225.0 Sleepy Hollow B & R - 177.0 Shouse Village
Sleepy Hollow B & R,Week4,Poplar Heights,Week2,220.0 Sleepy Hollow B & R - 182.0 Poplar Heights
Sleepy Hollow B & R,Week3,Rutherford,Week5,304.0 Sleepy Hollow B & R - 98.0 Rutherford
Sleepy Hollow Rec,Week4,Highland Park,Week2,286.0 Highland Park - 116.0 Sleepy Hollow Rec
Sleepy Hollow Rec,Week5,Highland Park,Week1,289.0 Highland Park - 113.0 Sleepy Hollow Rec
Sideburn Run,Week3,Kent Gardens,Week2,218.0 Sideburn Run - 184.0 Kent Gardens
Sleepy Hollow B & R,Week1,Highlands Swim,Week2,316.0 Highlands Swim - 86.0 Sleepy Hollow B & R
Sleepy Hollow B & R,Week2,Crosspointe,Week4,243.0 Crosspointe - 159.0 Sleepy Hollow B & R
Sleepy Hollow B & R,Week3,Virginia Run,Week5,220.0 Virginia Run - 182.0 Sleepy Hollow B & R
Sleepy Hollow B & R,Week2,Crosspointe,Week3,233.0 Crosspointe - 169.0 Sleepy Hollow B & R
Sideburn Run,Week1,Kent Gardens,Week4,206.0 Sideburn Run - 196.0 Kent Gardens
Sleepy Hollow B & R,Week4,Rutherford,Week2,315.0 Sleepy Hollow B & R - 87.0 Rutherford
Sideburn Run,Week5,Ilda Community,Week4,259.0 Sideburn Run - 143.0 Ilda Community
Sleepy Hollow B & R,Week2,Poplar Heights,Week4,209.0 Poplar Heights - 193.0 Sleepy Hollow B & R
Sleepy Hollow B & R,Week4,Poplar Heights,Week3,211.0 Sleepy Hollow B & R - 191.0 Poplar Heights
Sleepy Hollow B & R,Week3,Highland Park,Week5,210.0 Sleepy Hollow B & R - 192.0 Highland Park
Sleepy Hollow B & R,Week2,Virginia Run,Week4,203.0 Virginia Run - 199.0 Sleepy Hollow B & R
Sleepy Hollow B & R,Week5,Virginia Run,Week3,252.0 Sleepy Hollow B & R - 150.0 Virginia Run
Sleepy Hollow B & R,Week3,Crosspointe,Week5,244.0 Crosspointe - 158.0 Sleepy Hollow B & R
Sleepy Hollow B & R,Week4,Rutherford,Week3,292.0 Sleepy Hollow B & R - 110.0 Rutherford
Sleepy Hollow B & R,Week3,Highlands Swim,Week4,280.0 Highlands Swim - 122.0 Sleepy Hollow B & R
Sleepy Hollow Rec,Week5,Highland Park,Week3,260.0 Highland Park - 142.0 Sleepy Hollow Rec
Sleepy Hollow B & R,Week4,Highland Park,Week2,228.0 Sleepy Hollow B & R - 174.0 Highland Park
Sleepy Hollow B & R,Week4,Virginia Run,Week2,232.0 Sleepy Hollow B & R - 170.0 Virginia Run
Sleepy Hollow B & R,Week3,Virginia Run,Week4,204.0 Sleepy Hollow B & R - 198.0 Virginia Run
Sideburn Run,Week2,Kent Gardens,Week5,230.0 Kent Gardens - 172.0 Sideburn Run
Sleepy Hollow B & R,Week2,Highland Park,Week4,202.0 Sleepy Hollow B & R - 200.0 Highland Park
Sleepy Hollow Rec,Week1,Highland Park,Week5,284.0 Highland Park - 118.0 Sleepy Hollow Rec
Sleepy Hollow Rec,Week3,Highland Park,Week2,259.0 Highland Park - 143.0 Sleepy Hollow Rec
Sleepy Hollow B & R,Week4,Crosspointe,Week4,233.0 Crosspointe - 169.0 Sleepy Hollow B & R
Sleepy Hollow B & R,Week5,Poplar Heights,Week4,232.0 Sleepy Hollow B & R - 170.0 Poplar Heights
Sleepy Hollow B & R,Week2,Shouse Village,Week5,208.0 Sleepy Hollow B & R - 194.0 Shouse Village
Sleepy Hollow B & R,Week4,Poplar Heights,Week5,206.0 Sleepy Hollow B & R - 196.0 Poplar Heights
Sleepy Hollow B & R,Week3,Poplar Heights,Week3,208.0 Sleepy Hollow B & R - 194.0 Poplar Heights
Sideburn Run,Week1,Kent Gardens,Week1,213.0 Kent Gardens - 189.0 Sideburn Run
Sleepy Hollow B & R,Week2,Virginia Run,Week5,243.0 Virginia Run - 159.0 Sleepy Hollow B & R
Sleepy Hollow B & R,Week4,Highland Park,Week4,207.0 Sleepy Hollow B & R - 195.0 Highland Park
Sideburn Run,Week5,Kent Gardens,Week3,237.0 Sideburn Run - 165.0 Kent Gardens
Sleepy Hollow B & R,Week3,Wakefield Chapel,Week5,289.0 Wakefield Chapel - 113.0 Sleepy Hollow B & R
Sleepy Hollow B & R,Week1,Poplar Heights,Week5,220.0 Poplar Heights - 182.0 Sleepy Hollow B & R
Sleepy Hollow B & R,Week1,Highlands Swim,Week1,301.0 Highlands Swim - 101.0 Sleepy Hollow B & R
Sleepy Hollow B & R,Week2,Shouse Village,Week1,233.0 Sleepy Hollow B & R - 169.0 Shouse Village
Sleepy Hollow B & R,Week4,Rutherford,Week5,295.0 Sleepy Hollow B & R - 107.0 Rutherford
Sleepy Hollow B & R,Week1,Daventry,Week4,324.0 Sleepy Hollow B & R - 78.0 Daventry
Sleepy Hollow Rec,Week1,Highland Park,Week2,278.0 Highland Park - 124.0 Sleepy Hollow Rec
Sleepy Hollow B & R,Week5,Crosspointe,Week1,201.0 Crosspointe - 201.0 Sleepy Hollow B & R
Sleepy Hollow B & R,Week5,Highland Park,Week4,225.0 Sleepy Hollow B & R - 177.0 Highland Park
Sideburn Run,Week3,Kent Gardens,Week4,212.0 Sideburn Run - 190.0 Kent Gardens
Sleepy Hollow B & R,Week4,Virginia Run,Week4,222.0 Sleepy Hollow B & R - 180.0 Virginia Run
Sleepy Hollow B & R,Week5,Shouse Village,Week4,226.0 Sleepy Hollow B & R - 176.0 Shouse Village
Sleepy Hollow B & R,Week2,Dominion Hills,Week2,235.0 Sleepy Hollow B & R - 167.0 Dominion Hills
Sideburn Run,Week4,Kent Gardens,Week4,216.0 Sideburn Run - 186.0 Kent Gardens
Sleepy Hollow B & R,Week2,Poplar Heights,Week5,205.0 Poplar Heights - 197.0 Sleepy Hollow B & R
Sleepy Hollow B & R,Week1,Shouse Village,Week1,206.0 Sleepy Hollow B & R - 196.0 Shouse Village
Sleepy Hollow B & R,Week3,Highland Park,Week3,219.0 Sleepy Hollow B & R - 183.0 Highland Park
Sideburn Run,Week2,Kent Gardens,Week2,211.0 Kent Gardens - 191.0 Sideburn Run
Sleepy Hollow B & R,Week1,Dominion Hills,Week4,217.0 Dominion Hills - 185.0 Sleepy Hollow B & R
Sleepy Hollow B & R,Week1,Wakefield Chapel,Week4,277.0 Wakefield Chapel - 125.0 Sleepy Hollow B & R
Sleepy Hollow B & R,Week5,Virginia Run,Week4,243.0 Sleepy Hollow B & R - 159.0 Virginia Run
Sleepy Hollow B & R,Week1,Dominion Hills,Week5,224.0 Dominion Hills - 178.0 Sleepy Hollow B & R
Sleepy Hollow B & R,Week2,Highland Park,Week3,218.0 Sleepy Hollow B & R - 184.0 Highland Park
Sideburn Run,Week4,Hunt Valley,Week4,266.0 Hunt Valley - 136.0 Sideburn Run
Sleepy Hollow Rec,Week2,Highland Park,Week3,282.0 Highland Park - 120.0 Sleepy Hollow Rec
Sideburn Run,Week5,Kent Gardens,Week2,223.0 Sideburn Run - 179.0 Kent Gardens
Sleepy Hollow B & R,Week3,Poplar Heights,Week1,224.0 Sleepy Hollow B & R - 178.0 Poplar Heights
Sleepy Hollow B & R,Week4,Poplar Heights,Week1,224.0 Sleepy Hollow B & R - 178.0 Poplar Heights
Sleepy Hollow B & R,Week5,Shouse Village,Week5,223.0 Sleepy Hollow B & R - 179.0 Shouse Village
Sleepy Hollow B & R,Week3,Walden Glen,Week5,255.0 Sleepy Hollow B & R - 147.0 Walden Glen
Sideburn Run,Week4,Hunt Valley,Week5,282.0 Hunt Valley - 120.0 Sideburn Run
Sleepy Hollow B & R,Week2,Shouse Village,Week2,246.0 Sleepy Hollow B & R - 156.0 Shouse Village
Sleepy Hollow B & R,Week4,Highland Park,Week3,229.0 Sleepy Hollow B & R - 173.0 Highland Park
Sideburn Run,Week4,Kent Gardens,Week1,201.0 Kent Gardens - 201.0 Sideburn Run
Sleepy Hollow B & R,Week5,Rutherford,Week3,306.0 Sleepy Hollow B & R - 96.0 Rutherford
Sleepy Hollow B & R,Week1,Poplar Heights,Week1,210.0 Sleepy Hollow B & R - 192.0 Poplar Heights
Sideburn Run,Week5,Ilda Community,Week5,284.0 Sideburn Run - 118.0 Ilda Community
Sleepy Hollow B & R,Week5,Highland Park,Week3,253.0 Sleepy Hollow B & R - 149.0 Highland Park
Sleepy Hollow B & R,Week3,Daventry,Week4,335.0 Sleepy Hollow B & R - 67.0 Daventry
Sleepy Hollow B & R,Week5,Rutherford,Week5,302.0 Sleepy Hollow B & R - 100.0 Rutherford
Sleepy Hollow B & R,Week3,Wakefield Chapel,Week4,253.0 Wakefield Chapel - 149.0 Sleepy Hollow B & R
Sleepy Hollow B & R,Week2,Poplar Heights,Week2,201.0 Poplar Heights - 201.0 Sleepy Hollow B & R
Sleepy Hollow B & R,Week1,Shouse Village,Week2,233.0 Sleepy Hollow B & R - 169.0 Shouse Village
Sleepy Hollow B & R,Week2,Highland Park,Week2,212.0 Sleepy Hollow B & R - 190.0 Highland Park
Sleepy Hollow B & R,Week1,Poplar Heights,Week4,220.0 Poplar Heights - 182.0 Sleepy Hollow B & R
Sleepy Hollow B & R,Week4,Daventry,Week5,316.0 Sleepy Hollow B & R - 86.0 Daventry
Sleepy Hollow B & R,Week3,Dominion Hills,Week1,252.0 Sleepy Hollow B & R - 150.0 Dominion Hills
Sleepy Hollow B & R,Week2,Highland Park,Week5,222.0 Sleepy Hollow B & R - 180.0 Highland Park
Sleepy Hollow B & R,Week2,Wakefield Chapel,Week3,274.5 Wakefield Chapel - 127.5 Sleepy Hollow B & R
Sleepy Hollow B & R,Week4,Highland Park,Week5,214.0 Sleepy Hollow B & R - 188.0 Highland Park
Sideburn Run,Week5,Kent Gardens,Week4,231.0 Sideburn Run - 171.0 Kent Gardens
Sideburn Run,Week4,Kent Gardens,Week3,222.0 Sideburn Run - 180.0 Kent Gardens
Sleepy Hollow B & R,Week5,Poplar Heights,Week2,236.0 Sleepy Hollow B & R - 166.0 Poplar Heights
Sideburn Run,Week1,Kent Gardens,Week3,206.0 Sideburn Run - 196.0 Kent Gardens
Sleepy Hollow B & R,Week5,Shouse Village,Week1,259.0 Sleepy Hollow B & R - 143.0 Shouse Village
Sleepy Hollow B & R,Week2,Daventry,Week1,321.0 Sleepy Hollow B & R - 81.0 Daventry
Sleepy Hollow B & R,Week3,Wakefield Chapel,Week3,272.0 Wakefield Chapel - 130.0 Sleepy Hollow B & R
Sleepy Hollow B & R,Week3,Daventry,Week2,331.0 Sleepy Hollow B & R - 71.0 Daventry
Sleepy Hollow B & R,Week2,Wakefield Chapel,Week2,263.0 Wakefield Chapel - 139.0 Sleepy Hollow B & R
Sleepy Hollow B & R,Week5,Poplar Heights,Week5,224.0 Sleepy Hollow B & R - 178.0 Poplar Heights
Sleepy Hollow B & R,Week4,Shouse Village,Week4,217.0 Sleepy Hollow B & R - 185.0 Shouse Village
Sleepy Hollow B & R,Week2,Poplar Tree,Week1,211.0 Poplar Tree - 191.0 Sleepy Hollow B & R
Sideburn Run,Week3,Kent Gardens,Week1,204.0 Sideburn Run - 198.0 Kent Gardens
Sleepy Hollow B & R,Week2,Highlands Swim,Week3,289.0 Highlands Swim - 113.0 Sleepy Hollow B & R
Sleepy Hollow B & R,Week3,Daventry,Week1,328.0 Sleepy Hollow B & R - 74.0 Daventry
Sleepy Hollow B & R,Week1,Poplar Tree,Week1,219.0 Poplar Tree - 183.0 Sleepy Hollow B & R
Sleepy Hollow B & R,Week2,Walden Glen,Week5,251.0 Sleepy Hollow B & R - 151.0 Walden Glen
Sleepy Hollow B & R,Week1,Walden Glen,Week1,301.5 Sleepy Hollow B & R - 100.5 Walden Glen
Sleepy Hollow B & R,Week4,Daventry,Week2,333.0 Sleepy Hollow B & R - 69.0 Daventry
Sleepy Hollow B & R,Week5,Daventry,Week4,344.0 Sleepy Hollow B & R - 58.0 Daventry
Sideburn Run,Week2,Kent Gardens,Week4,201.5 Kent Gardens - 200.5 Sideburn Run
Sleepy Hollow B & R,Week1,Poplar Tree,Week5,259.0 Poplar Tree - 143.0 Sleepy Hollow B & R
Sleepy Hollow B & R,Week4,Daventry,Week4,344.0 Sleepy Hollow B & R - 58.0 Daventry
Sleepy Hollow B & R,Week1,Highlands Swim,Week5,304.0 Highlands Swim - 98.0 Sleepy Hollow B & R
Sleepy Hollow B & R,Week1,Shouse Village,Week4,219.0 Shouse Village - 183.0 Sleepy Hollow B & R
Sleepy Hollow B & R,Week1,Highlands Swim,Week4,284.0 Highlands Swim - 118.0 Sleepy Hollow B & R
Sleepy Hollow B & R,Week2,Walden Glen,Week4,254.0 Sleepy Hollow B & R - 148.0 Walden Glen
Sleepy Hollow B & R,Week3,Shouse Village,Week5,210.0 Sleepy Hollow B & R - 192.0 Shouse Village
Sleepy Hollow B & R,Week1,Highlands Swim,Week3,306.0 Highlands Swim - 96.0 Sleepy Hollow B & R
Sleepy Hollow B & R,Week4,Walden Glen,Week5,255.0 Sleepy Hollow B & R - 147.0 Walden Glen
Sleepy Hollow B & R,Week1,Poplar Tree,Week4,221.5 Poplar Tree - 180.5 Sleepy Hollow B & R
Sleepy Hollow B & R,Week2,Shouse Village,Week4,205.0 Sleepy Hollow B & R - 197.0 Shouse Village
Sideburn Run,Week2,Kent Gardens,Week3,208.0 Sideburn Run - 194.0 Kent Gardens
Sleepy Hollow B & R,Week4,Hollin Hills,Week4,331.0 Sleepy Hollow B & R - 70.0 Hollin Hills
Sleepy Hollow B & R,Week5,Rutherford,Week2,315.0 Sleepy Hollow B & R - 87.0 Rutherford
Sleepy Hollow B & R,Week3,Walden Glen,Week3,286.0 Sleepy Hollow B & R - 116.0 Walden Glen
Sleepy Hollow B & R,Week4,Shouse Village,Week1,247.0 Sleepy Hollow B & R - 155.0 Shouse Village
Sleepy Hollow B & R,Week4,Daventry,Week1,329.0 Sleepy Hollow B & R - 73.0 Daventry
Sleepy Hollow B & R,Week5,Wakefield Chapel,Week3,251.0 Wakefield Chapel - 151.0 Sleepy Hollow B & R
Sleepy Hollow B & R,Week1,Walden Glen,Week5,238.0 Sleepy Hollow B & R - 164.0 Walden Glen
Sleepy Hollow B & R,Week5,Shouse Village,Week2,269.0 Sleepy Hollow B & R - 133.0 Shouse Village
Sleepy Hollow B & R,Week2,Ravensworth Farm,Week5,236.5 Ravensworth Farm - 165.5 Sleepy Hollow B & R
Sleepy Hollow B & R,Week5,Rutherford,Week4,297.0 Sleepy Hollow B & R - 105.0 Rutherford
Sleepy Hollow B & R,Week1,Dominion Hills,Week2,214.0 Sleepy Hollow B & R - 188.0 Dominion Hills
Sleepy Hollow B & R,Week2,Highlands Swim,Week5,293.0 Highlands Swim - 109.0 Sleepy Hollow B & R
Sleepy Hollow B & R,Week3,Highlands Swim,Week1,288.0 Highlands Swim - 114.0 Sleepy Hollow B & R
Sleepy Hollow B & R,Week2,Poplar Tree,Week3,218.0 Poplar Tree - 184.0 Sleepy Hollow B & R
Sleepy Hollow B & R,Week3,Poplar Tree,Week1,201.0 Poplar Tree - 200.0 Sleepy Hollow B & R
Sleepy Hollow B & R,Week5,Wakefield Chapel,Week4,225.0 Wakefield Chapel - 177.0 Sleepy Hollow B & R
Sleepy Hollow B & R,Week5,Rutherford,Week1,318.0 Sleepy Hollow B & R - 84.0 Rutherford
Sleepy Hollow B & R,Week1,Dominion Hills,Week1,233.0 Sleepy Hollow B & R - 169.0 Dominion Hills
Sleepy Hollow B & R,Week3,Shouse Village,Week2,256.5 Sleepy Hollow B & R - 145.5 Shouse Village
Sleepy Hollow B & R,Week1,Walden Glen,Week2,261.0 Sleepy Hollow B & R - 141.0 Walden Glen
Sleepy Hollow B & R,Week1,Walden Glen,Week4,245.0 Sleepy Hollow B & R - 157.0 Walden Glen
Sleepy Hollow B & R,Week3,Daventry,Week3,329.0 Sleepy Hollow B & R - 72.0 Daventry
Sleepy Hollow B & R,Week4,Wakefield Chapel,Week5,291.0 Wakefield Chapel - 111.0 Sleepy Hollow B & R
Sleepy Hollow B & R,Week3,Ravensworth Farm,Week3,208.0 Sleepy Hollow B & R - 194.0 Ravensworth Farm
Sleepy Hollow B & R,Week5,Highlands Swim,Week1,259.5 Highlands Swim - 142.5 Sleepy Hollow B & R
Sleepy Hollow B & R,Week5,Poplar Tree,Week2,236.0 Sleepy Hollow B & R - 166.0 Poplar Tree
Sleepy Hollow B & R,Week4,Poplar Tree,Week2,208.0 Sleepy Hollow B & R - 194.0 Poplar Tree
Sleepy Hollow B & R,Week2,Walden Glen,Week3,293.0 Sleepy Hollow B & R - 109.0 Walden Glen
Sleepy Hollow B & R,Week3,Poplar Tree,Week4,209.5 Sleepy Hollow B & R - 191.5 Poplar Tree
Sleepy Hollow B & R,Week4,Daventry,Week3,330.0 Sleepy Hollow B & R - 72.0 Daventry
Sleepy Hollow B & R,Week3,Daventry,Week5,305.0 Sleepy Hollow B & R - 97.0 Daventry
Sleepy Hollow B & R,Week5,Daventry,Week2,334.0 Sleepy Hollow B & R - 68.0 Daventry
Sleepy Hollow B & R,Week1,Hollin Hills,Week2,313.0 Sleepy Hollow B & R - 89.0 Hollin Hills
Sleepy Hollow B & R,Week5,Daventry,Week1,334.0 Sleepy Hollow B & R - 68.0 Daventry
Sideburn Run,Week2,Kent Gardens,Week1,223.0 Kent Gardens - 179.0 Sideburn Run
Sleepy Hollow B & R,Week1,Shouse Village,Week5,203.0 Shouse Village - 199.0 Sleepy Hollow B & R
Sleepy Hollow B & R,Week1,Shouse Village,Week3,209.0 Sleepy Hollow B & R - 193.0 Shouse Village
Sleepy Hollow B & R,Week2,Highlands Swim,Week4,284.0 Highlands Swim - 118.0 Sleepy Hollow B & R
Sleepy Hollow B & R,Week3,Highlands Swim,Week3,300.0 Highlands Swim - 102.0 Sleepy Hollow B & R
Sleepy Hollow B & R,Week3,Highlands Swim,Week2,297.0 Highlands Swim - 105.0 Sleepy Hollow B & R
Sleepy Hollow B & R,Week2,Poplar Tree,Week4,214.0 Sleepy Hollow B & R - 188.0 Poplar Tree
Sleepy Hollow B & R,Week5,Poplar Tree,Week1,223.0 Sleepy Hollow B & R - 178.0 Poplar Tree
Sideburn Run,Week4,Kent Gardens,Week2,226.0 Sideburn Run - 176.0 Kent Gardens
Sleepy Hollow B & R,Week3,Shouse Village,Week1,228.0 Sleepy Hollow B & R - 174.0 Shouse Village
Sleepy Hollow B & R,Week2,Daventry,Week4,334.0 Sleepy Hollow B & R - 68.0 Daventry
Sleepy Hollow B & R,Week5,Highlands Swim,Week4,268.0 Highlands Swim - 134.0 Sleepy Hollow B & R
Sleepy Hollow B & R,Week3,Hollin Hills,Week2,325.5 Sleepy Hollow B & R - 75.5 Hollin Hills
Sleepy Hollow B & R,Week1,Ravensworth Farm,Week4,242.0 Ravensworth Farm - 160.0 Sleepy Hollow B & R
Sleepy Hollow B & R,Week1,Walden Glen,Week3,260.0 Sleepy Hollow B & R - 142.0 Walden Glen
Sleepy Hollow B & R,Week2,Hollin Hills,Week2,326.0 Sleepy Hollow B & R - 76.0 Hollin Hills
Sleepy Hollow B & R,Week5,Poplar Tree,Week5,211.0 Poplar Tree - 191.0 Sleepy Hollow B & R
Sleepy Hollow B & R,Week2,Daventry,Week5,309.0 Sleepy Hollow B & R - 93.0 Daventry
Sleepy Hollow B & R,Week1,Ravensworth Farm,Week2,203.0 Ravensworth Farm - 199.0 Sleepy Hollow B & R
Sleepy Hollow B & R,Week5,Poplar Tree,Week4,237.0 Sleepy Hollow B & R - 164.0 Poplar Tree
Sleepy Hollow B & R,Week5,Daventry,Week3,341.5 Sleepy Hollow B & R - 60.5 Daventry
Sleepy Hollow B & R,Week2,Daventry,Week2,328.0 Sleepy Hollow B & R - 73.0 Daventry
Sleepy Hollow B & R,Week4,Walden Glen,Week1,301.0 Sleepy Hollow B & R - 101.0 Walden Glen
Sideburn Run,Week2,Ilda Community,Week1,261.0 Sideburn Run - 141.0 Ilda Community
Sleepy Hollow B & R,Week4,Shouse Village,Week5,211.0 Sleepy Hollow B & R - 191.0 Shouse Village
Sideburn Run,Week5,Hunter Mill,Week5,242.5 Hunter Mill - 159.5 Sideburn Run
Sideburn Run,Week1,Ilda Community,Week3,273.0 Sideburn Run - 129.0 Ilda Community
Sleepy Hollow B & R,Week3,Shouse Village,Week4,208.5 Sleepy Hollow B & R - 193.5 Shouse Village
Sleepy Hollow B & R,Week4,Hollin Hills,Week5,308.0 Sleepy Hollow B & R - 94.0 Hollin Hills
Sleepy Hollow B & R,Week1,Ravensworth Farm,Week3,236.0 Ravensworth Farm - 166.0 Sleepy Hollow B & R
Sleepy Hollow B & R,Week4,Shouse Village,Week2,246.0 Sleepy Hollow B & R - 156.0 Shouse Village
Sleepy Hollow B & R,Week3,Walden Glen,Week4,263.0 Sleepy Hollow B & R - 139.0 Walden Glen
Sleepy Hollow B & R,Week1,Hollin Hills,Week1,318.0 Sleepy Hollow B & R - 84.0 Hollin Hills
Sleepy Hollow B & R,Week2,Shouse Village,Week3,224.0 Sleepy Hollow B & R - 178.0 Shouse Village
Sleepy Hollow B & R,Week4,Shouse Village,Week3,233.0 Sleepy Hollow B & R - 169.0 Shouse Village
Sleepy Hollow B & R,Week4,Walden Glen,Week3,287.0 Sleepy Hollow B & R - 115.0 Walden Glen
Sleepy Hollow B & R,Week4,Wakefield Chapel,Week3,276.0 Wakefield Chapel - 126.0 Sleepy Hollow B & R
Sleepy Hollow B & R,Week5,Shouse Village,Week3,254.0 Sleepy Hollow B & R - 148.0 Shouse Village
Sleepy Hollow B & R,Week2,Daventry,Week3,332.0 Sleepy Hollow B & R - 68.0 Daventry
Sleepy Hollow B & R,Week1,Dominion Hills,Week3,207.0 Sleepy Hollow B & R - 195.0 Dominion Hills
Sleepy Hollow B & R,Week3,Hollin Hills,Week1,323.0 Sleepy Hollow B & R - 78.0 Hollin Hills
Sleepy Hollow B & R,Week4,Wakefield Chapel,Week2,266.5 Wakefield Chapel - 135.5 Sleepy Hollow B & R
Sleepy Hollow B & R,Week5,Daventry,Week5,321.0 Sleepy Hollow B & R - 81.0 Daventry
Sleepy Hollow B & R,Week4,Sideburn Run,Week3,213.0 Sleepy Hollow B & R - 189.0 Sideburn Run
Sleepy Hollow B & R,Week3,Walden Glen,Week2,274.0 Sleepy Hollow B & R - 127.0 Walden Glen
Sideburn Run,Week2,Ilda Community,Week2,288.0 Sideburn Run - 114.0 Ilda Community
Sleepy Hollow B & R,Week3,Walden Glen,Week1,306.0 Sleepy Hollow B & R - 96.0 Walden Glen
Sleepy Hollow B & R,Week4,Poplar Tree,Week5,241.0 Poplar Tree - 161.0 Sleepy Hollow B & R
Sideburn Run,Week3,Ilda Community,Week4,252.0 Sideburn Run - 150.0 Ilda Community
Sleepy Hollow B & R,Week1,Sideburn Run,Week5,219.0 Sideburn Run - 183.0 Sleepy Hollow B & R
Sideburn Run,Week2,Ilda Community,Week5,266.0 Sideburn Run - 136.0 Ilda Community
Sleepy Hollow B & R,Week5,Highlands Swim,Week3,276.0 Highlands Swim - 126.0 Sleepy Hollow B & R
Sleepy Hollow B & R,Week5,Wakefield Chapel,Week5,271.0 Wakefield Chapel - 131.0 Sleepy Hollow B & R
Sleepy Hollow B & R,Week2,Dominion Hills,Week4,203.0 Sleepy Hollow B & R - 199.0 Dominion Hills
Sleepy Hollow B & R,Week4,Poplar Tree,Week1,208.0 Poplar Tree - 194.0 Sleepy Hollow B & R
Sleepy Hollow B & R,Week4,Highlands Swim,Week4,282.0 Highlands Swim - 120.0 Sleepy Hollow B & R
Sleepy Hollow B & R,Week3,Hollin Hills,Week4,327.0 Sleepy Hollow B & R - 74.0 Hollin Hills
Sideburn Run,Week4,Ilda Community,Week1,268.0 Sideburn Run - 134.0 Ilda Community
Sleepy Hollow B & R,Week5,Wakefield Chapel,Week1,270.0 Wakefield Chapel - 132.0 Sleepy Hollow B & R
Sleepy Hollow B & R,Week2,Dominion Hills,Week1,262.0 Sleepy Hollow B & R - 140.0 Dominion Hills
Sleepy Hollow B & R,Week1,Hollin Hills,Week4,325.0 Sleepy Hollow B & R - 77.0 Hollin Hills
Sleepy Hollow B & R,Week2,Sideburn Run,Week5,203.0 Sleepy Hollow B & R - 199.0 Sideburn Run
Sleepy Hollow B & R,Week2,Ravensworth Farm,Week3,213.0 Ravensworth Farm - 189.0 Sleepy Hollow B & R
Sleepy Hollow B & R,Week4,Sideburn Run,Week1,202.0 Sleepy Hollow B & R - 200.0 Sideburn Run
Sleepy Hollow B & R,Week2,Dominion Hills,Week3,237.0 Sleepy Hollow B & R - 165.0 Dominion Hills
Sleepy Hollow B & R,Week2,Ravensworth Farm,Week2,215.0 Sleepy Hollow B & R - 187.0 Ravensworth Farm
Sleepy Hollow B & R,Week2,Sleepy Hollow B & R,Week4,224.0 Sleepy Hollow B & R (SHB2) - 178.0 Sleepy Hollow B & R (SHB1)
Sleepy Hollow B & R,Week4,Walden Glen,Week2,290.0 Sleepy Hollow B & R - 112.0 Walden Glen
Sleepy Hollow B & R,Week2,Donaldson Run,Week4,279.0 Donaldson Run - 123.0 Sleepy Hollow B & R
Sleepy Hollow B & R,Week3,Sideburn Run,Week5,205.0 Sleepy Hollow B & R - 197.0 Sideburn Run
Sleepy Hollow B & R,Week2,Walden Glen,Week2,283.0 Sleepy Hollow B & R - 119.0 Walden Glen
Sleepy Hollow B & R,Week1,Ravensworth Farm,Week1,240.0 Ravensworth Farm - 162.0 Sleepy Hollow B & R
Sleepy Hollow B & R,Week1,Hollin Hills,Week3,315.0 Sleepy Hollow B & R - 87.0 Hollin Hills
Sleepy Hollow B & R,Week5,Poplar Tree,Week3,211.0 Sleepy Hollow B & R - 190.0 Poplar Tree
Sleepy Hollow B & R,Week2,Dominion Hills,Week5,208.0 Dominion Hills - 194.0 Sleepy Hollow B & R
Sleepy Hollow B & R,Week1,Donaldson Run,Week4,305.5 Donaldson Run - 96.5 Sleepy Hollow B & R
Sleepy Hollow B & R,Week4,Wakefield Chapel,Week4,248.0 Wakefield Chapel - 154.0 Sleepy Hollow B & R
Sleepy Hollow B & R,Week5,Highlands Swim,Week2,282.0 Highlands Swim - 120.0 Sleepy Hollow B & R
Sideburn Run,Week2,Ilda Community,Week4,236.0 Sideburn Run - 166.0 Ilda Community
Sleepy Hollow B & R,Week3,Donaldson Run,Week1,257.0 Donaldson Run - 145.0 Sleepy Hollow B & R
Sleepy Hollow B & R,Week5,Wakefield Chapel,Week2,240.0 Wakefield Chapel - 162.0 Sleepy Hollow B & R
Sideburn Run,Week4,Ilda Community,Week5,277.0 Sideburn Run - 125.0 Ilda Community
Sleepy Hollow B & R,Week3,Hollin Hills,Week5,310.0 Sleepy Hollow B & R - 92.0 Hollin Hills
Sleepy Hollow B & R,Week2,Sideburn Run,Week3,204.0 Sleepy Hollow B & R - 198.0 Sideburn Run
Sleepy Hollow B & R,Week2,Walden Glen,Week1,302.0 Sleepy Hollow B & R - 100.0 Walden Glen
Sleepy Hollow B & R,Week5,Dominion Hills,Week4,235.0 Sleepy Hollow B & R - 167.0 Dominion Hills
Sleepy Hollow B & R,Week4,Hollin Hills,Week2,326.0 Sleepy Hollow B & R - 76.0 Hollin Hills
Sleepy Hollow B & R,Week4,Sideburn Run,Week5,210.0 Sleepy Hollow B & R - 192.0 Sideburn Run
Sideburn Run,Week4,Ilda Community,Week3,275.0 Sideburn Run - 127.0 Ilda Community
Sleepy Hollow B & R,Week2,Poplar Tree,Week5,245.5 Poplar Tree - 156.5 Sleepy Hollow B & R
Sleepy Hollow B & R,Week3,Poplar Tree,Week3,208.0 Poplar Tree - 193.0 Sleepy Hollow B & R
Sleepy Hollow B & R,Week4,Poplar Tree,Week4,212.0 Sleepy Hollow B & R - 190.0 Poplar Tree
Sleepy Hollow B & R,Week1,Sleepy Hollow B & R,Week3,255.5 Sleepy Hollow B & R (SHB2) - 146.5 Sleepy Hollow B & R (SHB1)
Sleepy Hollow B & R,Week3,Poplar Tree,Week2,208.0 Sleepy Hollow B & R - 194.0 Poplar Tree
Sleepy Hollow B & R,Week3,Poplar Tree,Week5,242.0 Poplar Tree - 160.0 Sleepy Hollow B & R
Sleepy Hollow B & R,Week1,Ravensworth Farm,Week5,239.0 Ravensworth Farm - 163.0 Sleepy Hollow B & R
Sleepy Hollow B & R,Week2,Hollin Hills,Week1,326.0 Sleepy Hollow B & R - 76.0 Hollin Hills
Sleepy Hollow B & R,Week2,Hollin Hills,Week5,318.0 Sleepy Hollow B & R - 84.0 Hollin Hills
Sideburn Run,Week4,Ilda Community,Week4,242.0 Sideburn Run - 160.0 Ilda Community
Sleepy Hollow B & R,Week1,Sleepy Hollow B & R,Week4,249.5 Sleepy Hollow B & R (SHB2) - 152.5 Sleepy Hollow B & R (SHB1)
Sleepy Hollow B & R,Week4,Highlands Swim,Week3,289.0 Highlands Swim - 113.0 Sleepy Hollow B & R
Sleepy Hollow B & R,Week2,Waynewood,Week1,206.0 Waynewood - 196.0 Sleepy Hollow B & R
Sideburn Run,Week5,Ilda Community,Week1,276.0 Sideburn Run - 126.0 Ilda Community
Sleepy Hollow B & R,Week2,Donaldson Run,Week5,297.0 Donaldson Run - 105.0 Sleepy Hollow B & R
Sleepy Hollow B & R,Week3,Donaldson Run,Week2,269.0 Donaldson Run - 133.0 Sleepy Hollow B & R
Sleepy Hollow B & R,Week5,Highlands Swim,Week5,289.0 Highlands Swim - 113.0 Sleepy Hollow B & R
Sleepy Hollow B & R,Week2,Waynewood,Week4,232.0 Waynewood - 170.0 Sleepy Hollow B & R
Sideburn Run,Week3,Ilda Community,Week5,269.0 Sideburn Run - 133.0 Ilda Community
Sleepy Hollow B & R,Week3,Dominion Hills,Week5,222.5 Dominion Hills - 179.5 Sleepy Hollow B & R
Sleepy Hollow B & R,Week4,Poplar Tree,Week3,217.0 Poplar Tree - 185.0 Sleepy Hollow B & R
Sleepy Hollow B & R,Week1,Sideburn Run,Week1,221.0 Sideburn Run - 181.0 Sleepy Hollow B & R
Sleepy Hollow B & R,Week4,Walden Glen,Week4,263.0 Sleepy Hollow B & R - 139.0 Walden Glen
Sideburn Run,Week1,Ilda Community,Week5,274.0 Sideburn Run - 128.0 Ilda Community
Sideburn Run,Week4,Ilda Community,Week2,294.0 Sideburn Run - 108.0 Ilda Community
Sleepy Hollow B & R,Week2,Ravensworth Farm,Week4,216.0 Ravensworth Farm - 186.0 Sleepy Hollow B & R
Sideburn Run,Week1,Ilda Community,Week4,258.0 Sideburn Run - 144.0 Ilda Community
Sleepy Hollow B & R,Week4,Donaldson Run,Week4,268.0 Donaldson Run - 134.0 Sleepy Hollow B & R
Sleepy Hollow B & R,Week2,Ravensworth Farm,Week1,209.0 Ravensworth Farm - 193.0 Sleepy Hollow B & R
Sideburn Run,Week5,Ilda Community,Week2,300.0 Sideburn Run - 102.0 Ilda Community
Sleepy Hollow B & R,Week4,Hollin Hills,Week1,321.0 Sleepy Hollow B & R - 81.0 Hollin Hills
Sleepy Hollow B & R,Week3,Ravensworth Farm,Week1,208.0 Ravensworth Farm - 194.0 Sleepy Hollow B & R
Sleepy Hollow B & R,Week5,Waynewood,Week2,208.0 Sleepy Hollow B & R - 194.0 Waynewood
Sleepy Hollow B & R,Week4,Highlands Swim,Week1,276.0 Highlands Swim - 126.0 Sleepy Hollow B & R
Sleepy Hollow B & R,Week1,Sleepy Hollow B & R,Week1,200.5 Sleepy Hollow B & R (SHB1) - 200.5 Sleepy Hollow B & R (SHB2)
Sleepy Hollow B & R,Week4,Dominion Hills,Week5,203.0 Dominion Hills - 199.0 Sleepy Hollow B & R
Sleepy Hollow B & R,Week3,Dominion Hills,Week3,239.0 Sleepy Hollow B & R - 163.0 Dominion Hills
Sleepy Hollow B & R,Week4,Hollin Hills,Week3,320.0 Sleepy Hollow B & R - 82.0 Hollin Hills
Sleepy Hollow B & R,Week3,Sideburn Run,Week2,211.0 Sleepy Hollow B & R - 191.0 Sideburn Run
Sleepy Hollow B & R,Week4,Dominion Hills,Week4,205.0 Sleepy Hollow B & R - 197.0 Dominion Hills
Sideburn Run,Week5,Ilda Community,Week3,279.5 Sideburn Run - 122.5 Ilda Community
Sleepy Hollow B & R,Week5,Waynewood,Week4,212.0 Sleepy Hollow B & R - 190.0 Waynewood
Sleepy Hollow B & R,Week2,Sleepy Hollow B & R,Week1,246.0 Sleepy Hollow B & R (SHB1) - 155.0 Sleepy Hollow B & R (SHB2)
Sleepy Hollow B & R,Week4,Highlands Swim,Week5,292.5 Highlands Swim - 109.5 Sleepy Hollow B & R
Sleepy Hollow B & R,Week2,Waynewood,Week3,249.0 Waynewood - 153.0 Sleepy Hollow B & R
Sleepy Hollow B & R,Week1,Sleepy Hollow B & R,Week2,246.0 Sleepy Hollow B & R (SHB2) - 155.0 Sleepy Hollow B & R (SHB1)
Sleepy Hollow B & R,Week4,Waynewood,Week2,209.0 Waynewood - 193.0 Sleepy Hollow B & R
Sleepy Hollow B & R,Week1,Donaldson Run,Week2,277.0 Donaldson Run - 125.0 Sleepy Hollow B & R
Sleepy Hollow B & R,Week2,Sideburn Run,Week4,213.0 Sleepy Hollow B & R - 189.0 Sideburn Run
Sleepy Hollow B & R,Week5,Walden Glen,Week4,277.0 Sleepy Hollow B & R - 125.0 Walden Glen
Sleepy Hollow B & R,Week3,Ravensworth Farm,Week2,224.0 Sleepy Hollow B & R - 178.0 Ravensworth Farm
Sideburn Run,Week3,Ilda Community,Week3,278.0 Sideburn Run - 124.0 Ilda Community
Sleepy Hollow B & R,Week3,Hollin Hills,Week3,321.0 Sleepy Hollow B & R - 81.0 Hollin Hills
Sleepy Hollow B & R,Week2,Sideburn Run,Week1,212.0 Sideburn Run - 190.0 Sleepy Hollow B & R
Sideburn Run,Week5,Hunter Mill,Week4,238.0 Hunter Mill - 164.0 Sideburn Run
Sleepy Hollow B & R,Week4,Dominion Hills,Week1,268.0 Sleepy Hollow B & R - 134.0 Dominion Hills
Sleepy Hollow B & R,Week2,Hollin Hills,Week4,337.0 Sleepy Hollow B & R - 65.0 Hollin Hills
Sleepy Hollow B & R,Week5,Dominion Hills,Week5,224.0 Sleepy Hollow B & R - 178.0 Dominion Hills
Sideburn Run,Week3,Ilda Community,Week1,262.0 Sideburn Run - 140.0 Ilda Community
Sleepy Hollow B & R,Week1,Riverside Gardens,Week4,276.0 Riverside Gardens - 126.0 Sleepy Hollow B & R
Sleepy Hollow B & R,Week4,Highlands Swim,Week2,296.0 Highlands Swim - 106.0 Sleepy Hollow B & R
Sleepy Hollow B & R,Week1,Waynewood,Week1,218.0 Waynewood - 184.0 Sleepy Hollow B & R
Sleepy Hollow B & R,Week1,Hollin Hills,Week5,305.0 Sleepy Hollow B & R - 97.0 Hollin Hills
Sleepy Hollow B & R,Week5,Walden Glen,Week3,289.0 Sleepy Hollow B & R - 113.0 Walden Glen
Sleepy Hollow B & R,Week2,Hollin Hills,Week3,323.0 Sleepy Hollow B & R - 79.0 Hollin Hills
Sleepy Hollow B & R,Week4,Sleepy Hollow B & R,Week4,201.0 Sleepy Hollow B & R (SHB1) - 201.0 Sleepy Hollow B & R (SHB2)
Sleepy Hollow B & R,Week4,Dominion Hills,Week3,251.0 Sleepy Hollow B & R - 151.0 Dominion Hills
Sleepy Hollow B & R,Week5,Ravensworth Farm,Week2,254.0 Sleepy Hollow B & R - 148.0 Ravensworth Farm
Sideburn Run,Week5,Hunter Mill,Week3,234.5 Hunter Mill - 167.5 Sideburn Run
Sideburn Run,Week2,Ilda Community,Week3,279.0 Sideburn Run - 123.0 Ilda Community
Sleepy Hollow B & R,Week1,Waynewood,Week2,248.0 Waynewood - 154.0 Sleepy Hollow B & R
Sleepy Hollow B & R,Week4,Ravensworth Farm,Week4,212.0 Ravensworth Farm - 190.0 Sleepy Hollow B & R
Sleepy Hollow B & R,Week1,Donaldson Run,Week3,286.0 Donaldson Run - 116.0 Sleepy Hollow B & R
Sleepy Hollow B & R,Week3,Sideburn Run,Week1,207.0 Sideburn Run - 195.0 Sleepy Hollow B & R
Sleepy Hollow B & R,Week4,Sideburn Run,Week2,223.0 Sleepy Hollow B & R - 179.0 Sideburn Run
Sleepy Hollow B & R,Week2,Waynewood,Week5,255.0 Waynewood - 147.0 Sleepy Hollow B & R
Sleepy Hollow B & R,Week1,Riverside Gardens,Week3,268.0 Riverside Gardens - 134.0 Sleepy Hollow B & R
Sleepy Hollow B & R,Week1,Sideburn Run,Week4,207.0 Sideburn Run - 195.0 Sleepy Hollow B & R
Sleepy Hollow B & R,Week3,Dominion Hills,Week2,238.0 Sleepy Hollow B & R - 164.0 Dominion Hills
Sleepy Hollow B & R,Week2,Hollin Meadows,Week1,212.0 Sleepy Hollow B & R - 190.0 Hollin Meadows
Sleepy Hollow B & R,Week4,Ravensworth Farm,Week2,224.0 Sleepy Hollow B & R - 178.0 Ravensworth Farm
Sleepy Hollow B & R,Week5,Dominion Hills,Week3,275.0 Sleepy Hollow B & R - 127.0 Dominion Hills
Sleepy Hollow B & R,Week5,Dominion Hills,Week1,289.0 Sleepy Hollow B & R - 113.0 Dominion Hills
Sideburn Run,Week1,Ilda Community,Week2,287.0 Sideburn Run - 115.0 Ilda Community
Sleepy Hollow B & R,Week3,Waynewood,Week5,246.0 Waynewood - 156.0 Sleepy Hollow B & R
Sleepy Hollow B & R,Week5,Waynewood,Week1,222.0 Sleepy Hollow B & R - 180.0 Waynewood
Sleepy Hollow B & R,Week2,Hollin Meadows,Week2,229.0 Sleepy Hollow B & R - 173.0 Hollin Meadows
Sleepy Hollow B & R,Week4,Waynewood,Week3,238.0 Waynewood - 164.0 Sleepy Hollow B & R
Sleepy Hollow B & R,Week4,Sideburn Run,Week4,227.0 Sleepy Hollow B & R - 175.0 Sideburn Run
Sleepy Hollow B & R,Week1,Sideburn Run,Week3,210.0 Sideburn Run - 192.0 Sleepy Hollow B & R
Sleepy Hollow B & R,Week5,Walden Glen,Week1,312.0 Sleepy Hollow B & R - 90.0 Walden Glen
Sleepy Hollow B & R,Week4,Ravensworth Farm,Week5,212.0 Ravensworth Farm - 190.0 Sleepy Hollow B & R
Sleepy Hollow B & R,Week5,Sideburn Run,Week1,239.0 Sleepy Hollow B & R - 163.0 Sideburn Run
Sleepy Hollow B & R,Week1,Donaldson Run,Week1,284.0 Donaldson Run - 118.0 Sleepy Hollow B & R
Sleepy Hollow B & R,Week1,Donaldson Run,Week5,320.0 Donaldson Run - 82.0 Sleepy Hollow B & R
Sleepy Hollow B & R,Week3,Waynewood,Week1,205.0 Waynewood - 197.0 Sleepy Hollow B & R
Sleepy Hollow B & R,Week5,Ravensworth Farm,Week1,233.0 Sleepy Hollow B & R - 169.0 Ravensworth Farm
Sleepy Hollow B & R,Week3,Sideburn Run,Week4,222.0 Sleepy Hollow B & R - 180.0 Sideburn Run
Sleepy Hollow B & R,Week3,Waynewood,Week3,242.0 Waynewood - 160.0 Sleepy Hollow B & R
Sleepy Hollow B & R,Week2,Hollin Meadows,Week3,211.0 Sleepy Hollow B & R - 191.0 Hollin Meadows
Sleepy Hollow B & R,Week2,Hollin Meadows,Week4,221.0 Sleepy Hollow B & R - 181.0 Hollin Meadows
Sleepy Hollow B & R,Week4,Hollin Meadows,Week4,240.0 Sleepy Hollow B & R - 162.0 Hollin Meadows
Sleepy Hollow B & R,Week3,Waynewood,Week2,229.0 Waynewood - 173.0 Sleepy Hollow B & R
Sleepy Hollow B & R,Week2,Sideburn Run,Week2,205.0 Sleepy Hollow B & R - 197.0 Sideburn Run
Sleepy Hollow B & R,Week4,Ravensworth Farm,Week3,215.0 Ravensworth Farm - 187.0 Sleepy Hollow B & R
Sleepy Hollow B & R,Week3,Dominion Hills,Week4,210.0 Dominion Hills - 192.0 Sleepy Hollow B & R
Sleepy Hollow B & R,Week3,Sideburn Run,Week3,210.0 Sleepy Hollow B & R - 192.0 Sideburn Run
Sleepy Hollow B & R,Week4,Dominion Hills,Week2,264.0 Sleepy Hollow B & R - 138.0 Dominion Hills
Sleepy Hollow B & R,Week5,Waynewood,Week3,217.0 Waynewood - 185.0 Sleepy Hollow B & R
Sideburn Run,Week3,Ilda Community,Week2,292.0 Sideburn Run - 110.0 Ilda Community
Sleepy Hollow B & R,Week1,Sideburn Run,Week2,203.0 Sideburn Run - 199.0 Sleepy Hollow B & R
Sleepy Hollow B & R,Week2,Donaldson Run,Week1,265.5 Donaldson Run - 136.5 Sleepy Hollow B & R
Sleepy Hollow B & R,Week3,Hollin Meadows,Week2,238.0 Sleepy Hollow B & R - 164.0 Hollin Meadows
Sleepy Hollow B & R,Week4,Ravensworth Farm,Week1,209.0 Ravensworth Farm - 193.0 Sleepy Hollow B & R
Sleepy Hollow B & R,Week4,Hollin Meadows,Week3,239.0 Sleepy Hollow B & R - 163.0 Hollin Meadows
Sleepy Hollow B & R,Week1,Riverside Gardens,Week2,235.0 Riverside Gardens - 167.0 Sleepy Hollow B & R
Sideburn Run,Week1,Ilda Community,Week1,265.0 Sideburn Run - 137.0 Ilda Community
Sleepy Hollow B & R,Week1,Riverside Gardens,Week5,283.0 Riverside Gardens - 119.0 Sleepy Hollow B & R
Sleepy Hollow B & R,Week1,Waynewood,Week3,250.0 Waynewood - 152.0 Sleepy Hollow B & R
Sleepy Hollow B & R,Week5,Sideburn Run,Week5,240.0 Sleepy Hollow B & R - 162.0 Sideburn Run
Sleepy Hollow B & R,Week5,Sideburn Run,Week3,248.0 Sleepy Hollow B & R - 154.0 Sideburn Run
Sleepy Hollow B & R,Week3,Waynewood,Week4,227.0 Waynewood - 175.0 Sleepy Hollow B & R
Sleepy Hollow B & R,Week2,Sleepy Hollow B & R,Week2,200.5 Sleepy Hollow B & R (SHB1) - 200.5 Sleepy Hollow B & R (SHB2)
Sleepy Hollow B & R,Week2,Donaldson Run,Week3,276.0 Donaldson Run - 126.0 Sleepy Hollow B & R
Sleepy Hollow B & R,Week2,Riverside Gardens,Week2,207.0 Riverside Gardens - 195.0 Sleepy Hollow B & R
Sleepy Hollow B & R,Week5,Dominion Hills,Week2,271.0 Sleepy Hollow B & R - 131.0 Dominion Hills
Sleepy Hollow B & R,Week2,Holmes Run Acres,Week3,202.0 Holmes Run Acres - 200.0 Sleepy Hollow B & R
Sleepy Hollow B & R,Week4,Donaldson Run,Week2,253.0 Donaldson Run - 149.0 Sleepy Hollow B & R
Sleepy Hollow B & R,Week5,Walden Glen,Week2,289.0 Sleepy Hollow B & R - 112.0 Walden Glen
Sleepy Hollow B & R,Week5,Hollin Hills,Week2,333.0 Sleepy Hollow B & R - 67.0 Hollin Hills
Sleepy Hollow B & R,Week2,Donaldson Run,Week2,272.0 Donaldson Run - 130.0 Sleepy Hollow B & R
Sleepy Hollow B & R,Week1,Waynewood,Week4,232.0 Waynewood - 170.0 Sleepy Hollow B & R
Sleepy Hollow B & R,Week1,Waynewood,Week5,258.5 Waynewood - 143.5 Sleepy Hollow B & R
Sleepy Hollow B & R,Week3,Donaldson Run,Week4,266.0 Donaldson Run - 136.0 Sleepy Hollow B & R
Sleepy Hollow B & R,Week5,Ravensworth Farm,Week4,218.0 Sleepy Hollow B & R - 184.0 Ravensworth Farm
Sleepy Hollow B & R,Week5,Sideburn Run,Week4,252.0 Sleepy Hollow B & R - 150.0 Sideburn Run
Sleepy Hollow B & R,Week5,Walden Glen,Week5,266.0 Sleepy Hollow B & R - 136.0 Walden Glen
Sleepy Hollow B & R,Week2,Riverside Gardens,Week4,252.0 Riverside Gardens - 150.0 Sleepy Hollow B & R
Sleepy Hollow B & R,Week5,Ravensworth Farm,Week5,212.0 Sleepy Hollow B & R - 190.0 Ravensworth Farm
Sleepy Hollow B & R,Week4,Riverside Gardens,Week3,233.0 Riverside Gardens - 169.0 Sleepy Hollow B & R
Sleepy Hollow B & R,Week5,Ravensworth Farm,Week3,234.0 Sleepy Hollow B & R - 168.0 Ravensworth Farm
Sleepy Hollow B & R,Week4,Hollin Meadows,Week2,246.0 Sleepy Hollow B & R - 156.0 Hollin Meadows
Sleepy Hollow B & R,Week3,Hollin Meadows,Week1,225.0 Sleepy Hollow B & R - 177.0 Hollin Meadows
Sleepy Hollow B & R,Week3,Donaldson Run,Week5,299.0 Donaldson Run - 103.0 Sleepy Hollow B & R
Sleepy Hollow B & R,Week2,Hollin Meadows,Week5,207.0 Sleepy Hollow B & R - 195.0 Hollin Meadows
Sleepy Hollow B & R,Week1,Sleepy Hollow B & R,Week5,298.0 Sleepy Hollow B & R (SHB2) - 104.0 Sleepy Hollow B & R (SHB1)
Sleepy Hollow B & R,Week1,Hollin Meadows,Week1,201.0 Hollin Meadows - 201.0 Sleepy Hollow B & R
Sleepy Hollow B & R,Week1,Hollin Meadows,Week4,215.0 Sleepy Hollow B & R - 187.0 Hollin Meadows
Sleepy Hollow B & R,Week2,Sleepy Hollow B & R,Week3,201.0 Sleepy Hollow B & R (SHB1) - 201.0 Sleepy Hollow B & R (SHB2)
Sleepy Hollow B & R,Week3,Donaldson Run,Week3,272.0 Donaldson Run - 130.0 Sleepy Hollow B & R
Sleepy Hollow B & R,Week2,Riverside Gardens,Week1,222.0 Riverside Gardens - 180.0 Sleepy Hollow B & R
Sleepy Hollow B & R,Week5,Sideburn Run,Week2,250.0 Sleepy Hollow B & R - 152.0 Sideburn Run
Sleepy Hollow B & R,Week3,Ravensworth Farm,Week4,221.0 Ravensworth Farm - 181.0 Sleepy Hollow B & R
Sleepy Hollow B & R,Week5,Hollin Hills,Week3,323.0 Sleepy Hollow B & R - 79.0 Hollin Hills
Sleepy Hollow B & R,Week3,Hollin Meadows,Week4,243.0 Sleepy Hollow B & R - 159.0 Hollin Meadows
Sleepy Hollow B & R,Week4,Donaldson Run,Week1,263.0 Donaldson Run - 139.0 Sleepy Hollow B & R
Sleepy Hollow B & R,Week5,Hollin Hills,Week5,323.0 Sleepy Hollow B & R - 79.0 Hollin Hills
Sleepy Hollow B & R,Week1,Hollin Meadows,Week2,230.5 Sleepy Hollow B & R - 171.5 Hollin Meadows
Sleepy Hollow B & R,Week5,Dowden Terrace,Week1,260.0 Sleepy Hollow B & R - 142.0 Dowden Terrace
Sleepy Hollow B & R,Week2,Riverside Gardens,Week5,263.0 Riverside Gardens - 139.0 Sleepy Hollow B & R
Sleepy Hollow B & R,Week3,Ravensworth Farm,Week5,227.0 Ravensworth Farm - 175.0 Sleepy Hollow B & R
Sleepy Hollow B & R,Week2,Sleepy Hollow B & R,Week5,260.0 Sleepy Hollow B & R (SHB2) - 142.0 Sleepy Hollow B & R (SHB1)
Sleepy Hollow B & R,Week3,Sleepy Hollow B & R,Week3,200.5 Sleepy Hollow B & R (SHB1) - 200.5 Sleepy Hollow B & R (SHB2)
Sleepy Hollow B & R,Week5,Woodley,Week5,311.0 Sleepy Hollow B & R - 91.0 Woodley
Sleepy Hollow B & R,Week4,Waynewood,Week1,202.0 Waynewood - 200.0 Sleepy Hollow B & R
Sleepy Hollow B & R,Week3,Sleepy Hollow B & R,Week2,201.0 Sleepy Hollow B & R (SHB1) - 201.0 Sleepy Hollow B & R (SHB2)
Sleepy Hollow B & R,Week4,Donaldson Run,Week3,270.0 Donaldson Run - 132.0 Sleepy Hollow B & R
Sleepy Hollow B & R,Week1,Riverside Gardens,Week1,256.0 Riverside Gardens - 146.0 Sleepy Hollow B & R
Sleepy Hollow B & R,Week3,Sleepy Hollow B & R,Week1,255.5 Sleepy Hollow B & R (SHB1) - 146.5 Sleepy Hollow B & R (SHB2)
Sleepy Hollow B & R,Week3,Hollin Meadows,Week5,220.0 Sleepy Hollow B & R - 182.0 Hollin Meadows
Sleepy Hollow B & R,Week3,Riverside Gardens,Week2,206.0 Riverside Gardens - 196.0 Sleepy Hollow B & R
Sleepy Hollow B & R,Week3,Sleepy Hollow B & R,Week4,221.5 Sleepy Hollow B & R (SHB2) - 180.5 Sleepy Hollow B & R (SHB1)
Sleepy Hollow B & R,Week2,Dowden Terrace,Week4,214.0 Sleepy Hollow B & R - 188.0 Dowden Terrace
Sleepy Hollow B & R,Week5,Donaldson Run,Week3,233.0 Donaldson Run - 169.0 Sleepy Hollow B & R
Sleepy Hollow B & R,Week2,Waynewood,Week2,227.5 Waynewood - 174.5 Sleepy Hollow B & R
Sleepy Hollow B & R,Week4,Waynewood,Week4,218.0 Waynewood - 184.0 Sleepy Hollow B & R
Sleepy Hollow B & R,Week4,Waynewood,Week5,242.0 Waynewood - 160.0 Sleepy Hollow B & R
Sleepy Hollow Rec,Week1,Annandale,Week3,213.0 Annandale - 189.0 Sleepy Hollow Rec
Sleepy Hollow B & R,Week3,Riverside Gardens,Week5,272.0 Riverside Gardens - 130.0 Sleepy Hollow B & R
Sleepy Hollow B & R,Week3,Sleepy Hollow B & R,Week5,260.0 Sleepy Hollow B & R (SHB2) - 141.0 Sleepy Hollow B & R (SHB1)
Sleepy Hollow B & R,Week4,Dowden Terrace,Week1,254.0 Sleepy Hollow B & R - 148.0 Dowden Terrace
Sleepy Hollow B & R,Week4,Hollin Meadows,Week5,233.0 Sleepy Hollow B & R - 169.0 Hollin Meadows
Sleepy Hollow B & R,Week2,Woodley,Week2,301.0 Sleepy Hollow B & R - 101.0 Woodley
Sleepy Hollow B & R,Week5,Waynewood,Week5,228.0 Waynewood - 174.0 Sleepy Hollow B & R
Sleepy Hollow B & R,Week4,Sleepy Hollow B & R,Week2,224.0 Sleepy Hollow B & R (SHB1) - 178.0 Sleepy Hollow B & R (SHB2)
Sleepy Hollow B & R,Week1,Dowden Terrace,Week5,211.0 Dowden Terrace - 191.0 Sleepy Hollow B & R
Sleepy Hollow B & R,Week4,Sleepy Hollow B & R,Week3,221.5 Sleepy Hollow B & R (SHB1) - 180.5 Sleepy Hollow B & R (SHB2)
Sleepy Hollow B & R,Week3,Hollin Meadows,Week3,218.0 Sleepy Hollow B & R - 184.0 Hollin Meadows
Sleepy Hollow B & R,Week4,Riverside Gardens,Week2,203.0 Riverside Gardens - 199.0 Sleepy Hollow B & R
Sleepy Hollow B & R,Week1,Hollin Meadows,Week3,204.0 Sleepy Hollow B & R - 198.0 Hollin Meadows
Sleepy Hollow B & R,Week5,Donaldson Run,Week1,228.0 Donaldson Run - 174.0 Sleepy Hollow B & R
Sleepy Hollow B & R,Week4,Riverside Gardens,Week1,216.5 Riverside Gardens - 185.5 Sleepy Hollow B & R
Sleepy Hollow B & R,Week3,Riverside Gardens,Week3,245.0 Riverside Gardens - 157.0 Sleepy Hollow B & R
Sleepy Hollow B & R,Week5,Hollin Hills,Week1,327.0 Sleepy Hollow B & R - 74.0 Hollin Hills
Sleepy Hollow B & R,Week1,Woodley,Week3,303.0 Sleepy Hollow B & R - 99.0 Woodley
Sleepy Hollow B & R,Week2,Dowden Terrace,Week1,228.0 Sleepy Hollow B & R - 173.0 Dowden Terrace
Sleepy Hollow B & R,Week5,Donaldson Run,Week5,264.0 Donaldson Run - 138.0 Sleepy Hollow B & R
Sleepy Hollow B & R,Week5,Hollin Meadows,Week2,261.0 Sleepy Hollow B & R - 141.0 Hollin Meadows
Sleepy Hollow B & R,Week3,Riverside Gardens,Week4,250.0 Riverside Gardens - 152.0 Sleepy Hollow B & R
Sleepy Hollow B & R,Week5,Woodley,Week1,323.0 Sleepy Hollow B & R - 79.0 Woodley
Sleepy Hollow B & R,Week4,Donaldson Run,Week5,287.0 Donaldson Run - 115.0 Sleepy Hollow B & R
Sleepy Hollow B & R,Week3,Woodley,Week5,290.0 Sleepy Hollow B & R - 112.0 Woodley
Sleepy Hollow B & R,Week3,Woodley,Week3,311.5 Sleepy Hollow B & R - 90.5 Woodley
Sleepy Hollow B & R,Week4,Riverside Gardens,Week4,235.5 Riverside Gardens - 166.5 Sleepy Hollow B & R
Sleepy Hollow B & R,Week5,Sleepy Hollow B & R,Week5,200.5 Sleepy Hollow B & R (SHB1) - 200.5 Sleepy Hollow B & R (SHB2)
Sleepy Hollow B & R,Week5,Sleepy Hollow B & R,Week3,260.0 Sleepy Hollow B & R (SHB1) - 141.0 Sleepy Hollow B & R (SHB2)
Sleepy Hollow B & R,Week4,Sleepy Hollow B & R,Week1,249.5 Sleepy Hollow B & R (SHB1) - 152.5 Sleepy Hollow B & R (SHB2)
Sleepy Hollow B & R,Week3,Riverside Gardens,Week1,217.0 Riverside Gardens - 185.0 Sleepy Hollow B & R
Sleepy Hollow B & R,Week4,Hollin Meadows,Week1,229.0 Sleepy Hollow B & R - 173.0 Hollin Meadows
Sleepy Hollow B & R,Week5,Hollin Meadows,Week1,227.0 Sleepy Hollow B & R - 175.0 Hollin Meadows
Sleepy Hollow B & R,Week1,Woodley,Week2,310.0 Sleepy Hollow B & R - 92.0 Woodley
Sleepy Hollow B & R,Week5,Hollin Hills,Week4,343.0 Sleepy Hollow B & R - 57.0 Hollin Hills
Sleepy Hollow B & R,Week4,Sleepy Hollow B & R,Week5,260.0 Sleepy Hollow B & R (SHB2) - 142.0 Sleepy Hollow B & R (SHB1)
Sleepy Hollow B & R,Week1,Hollin Meadows,Week5,204.0 Sleepy Hollow B & R - 198.0 Hollin Meadows
Sleepy Hollow B & R,Week3,Dowden Terrace,Week1,226.0 Sleepy Hollow B & R - 176.0 Dowden Terrace
Sleepy Hollow B & R,Week2,Riverside Gardens,Week3,242.0 Riverside Gardens - 160.0 Sleepy Hollow B & R
Sleepy Hollow B & R,Week4,Dowden Terrace,Week2,240.0 Sleepy Hollow B & R - 162.0 Dowden Terrace
Sleepy Hollow B & R,Week5,Sleepy Hollow B & R,Week4,260.0 Sleepy Hollow B & R (SHB1) - 142.0 Sleepy Hollow B & R (SHB2)
Sleepy Hollow B & R,Week5,Woodley,Week2,328.0 Sleepy Hollow B & R - 74.0 Woodley
Sleepy Hollow B & R,Week2,Dowden Terrace,Week5,201.0 Dowden Terrace - 201.0 Sleepy Hollow B & R
Sleepy Hollow B & R,Week2,Dowden Terrace,Week3,231.0 Sleepy Hollow B & R - 171.0 Dowden Terrace
Sleepy Hollow B & R,Week4,Riverside Gardens,Week5,262.0 Riverside Gardens - 140.0 Sleepy Hollow B & R
Sleepy Hollow B & R,Week2,Sleepy Hollow Rec,Week1,299.0 Sleepy Hollow B & R - 103.0 Sleepy Hollow Rec
Sleepy Hollow B & R,Week5,Hollin Meadows,Week5,246.0 Sleepy Hollow B & R - 156.0 Hollin Meadows
Sleepy Hollow B & R,Week3,Holmes Run Acres,Week4,231.0 Sleepy Hollow B & R - 170.0 Holmes Run Acres
Sleepy Hollow B & R,Week5,Donaldson Run,Week4,227.0 Donaldson Run - 175.0 Sleepy Hollow B & R
Sleepy Hollow B & R,Week1,Holmes Run Acres,Week3,223.0 Holmes Run Acres - 179.0 Sleepy Hollow B & R
Sleepy Hollow B & R,Week2,Woodley,Week5,281.0 Sleepy Hollow B & R - 121.0 Woodley
Sleepy Hollow B & R,Week3,Rolling Forest,Week1,234.0 Sleepy Hollow B & R - 168.0 Rolling Forest
Sleepy Hollow B & R,Week1,Sleepy Hollow Rec,Week1,293.0 Sleepy Hollow B & R - 109.0 Sleepy Hollow Rec
Sleepy Hollow B & R,Week3,Woodley,Week2,315.0 Sleepy Hollow B & R - 87.0 Woodley
Sleepy Hollow B & R,Week1,Woodley,Week1,285.0 Sleepy Hollow B & R - 117.0 Woodley
Sleepy Hollow B & R,Week4,Woodley,Week3,323.0 Sleepy Hollow B & R - 79.0 Woodley
Sleepy Hollow B & R,Week4,Woodley,Week5,295.0 Sleepy Hollow B & R - 107.0 Woodley
Sleepy Hollow B & R,Week1,Dowden Terrace,Week3,218.5 Sleepy Hollow B & R - 183.5 Dowden Terrace
Sleepy Hollow B & R,Week2,Rolling Forest,Week2,243.0 Sleepy Hollow B & R - 159.0 Rolling Forest
Sleepy Hollow B & R,Week5,Hollin Meadows,Week3,250.0 Sleepy Hollow B & R - 152.0 Hollin Meadows
Sleepy Hollow B & R,Week1,Sleepy Hollow Rec,Week3,272.0 Sleepy Hollow B & R - 130.0 Sleepy Hollow Rec
Sleepy Hollow B & R,Week5,Riverside Gardens,Week2,240.0 Sleepy Hollow B & R - 162.0 Riverside Gardens
Sleepy Hollow B & R,Week1,Dowden Terrace,Week1,214.0 Sleepy Hollow B & R - 188.0 Dowden Terrace
Sleepy Hollow B & R,Week5,Hollin Meadows,Week4,269.0 Sleepy Hollow B & R - 133.0 Hollin Meadows
Sleepy Hollow B & R,Week5,Sleepy Hollow B & R,Week1,298.0 Sleepy Hollow B & R (SHB1) - 104.0 Sleepy Hollow B & R (SHB2)
Sleepy Hollow B & R,Week1,Dunn Loring,Week1,231.0 Dunn Loring - 171.0 Sleepy Hollow B & R
Sleepy Hollow B & R,Week1,Sleepy Hollow Rec,Week2,284.0 Sleepy Hollow B & R - 118.0 Sleepy Hollow Rec
Sleepy Hollow B & R,Week1,Sleepy Hollow Rec,Week5,286.0 Sleepy Hollow B & R - 116.0 Sleepy Hollow Rec
Sleepy Hollow B & R,Week2,Holmes Run Acres,Week2,230.0 Sleepy Hollow B & R - 172.0 Holmes Run Acres
Sleepy Hollow B & R,Week1,Holmes Run Acres,Week2,226.0 Sleepy Hollow B & R - 176.0 Holmes Run Acres
Sleepy Hollow B & R,Week1,Sleepy Hollow Rec,Week4,310.0 Sleepy Hollow B & R - 92.0 Sleepy Hollow Rec
Sleepy Hollow B & R,Week4,Rolling Forest,Week5,224.0 Sleepy Hollow B & R - 178.0 Rolling Forest
Sleepy Hollow B & R,Week1,Rolling Forest,Week3,212.0 Sleepy Hollow B & R - 190.0 Rolling Forest
Sleepy Hollow B & R,Week3,Dowden Terrace,Week3,240.0 Sleepy Hollow B & R - 162.0 Dowden Terrace
Sleepy Hollow B & R,Week2,Rolling Forest,Week4,241.0 Sleepy Hollow B & R - 161.0 Rolling Forest
Sleepy Hollow B & R,Week1,Woodley,Week4,305.0 Sleepy Hollow B & R - 97.0 Woodley
Sleepy Hollow B & R,Week5,Riverside Gardens,Week1,230.0 Sleepy Hollow B & R - 172.0 Riverside Gardens
Sleepy Hollow B & R,Week1,Rolling Forest,Week1,227.0 Sleepy Hollow B & R - 175.0 Rolling Forest
Sleepy Hollow B & R,Week1,Woodley,Week5,280.0 Sleepy Hollow B & R - 122.0 Woodley
Sleepy Hollow B & R,Week1,Holmes Run Acres,Week1,215.0 Sleepy Hollow B & R - 187.0 Holmes Run Acres
Sleepy Hollow B & R,Week5,Woodley,Week4,342.0 Sleepy Hollow B & R - 60.0 Woodley
Sleepy Hollow B & R,Week2,Sleepy Hollow Rec,Week3,274.0 Sleepy Hollow B & R - 128.0 Sleepy Hollow Rec
Sleepy Hollow B & R,Week2,Sleepy Hollow Rec,Week4,322.0 Sleepy Hollow B & R - 80.0 Sleepy Hollow Rec
Sleepy Hollow B & R,Week2,Dowden Terrace,Week2,216.0 Sleepy Hollow B & R - 186.0 Dowden Terrace
Sleepy Hollow B & R,Week4,Woodley,Week2,315.0 Sleepy Hollow B & R - 87.0 Woodley
Sleepy Hollow B & R,Week4,Woodley,Week1,311.0 Sleepy Hollow B & R - 91.0 Woodley
Sleepy Hollow B & R,Week2,Sleepy Hollow Rec,Week5,303.0 Sleepy Hollow B & R - 99.0 Sleepy Hollow Rec
Sleepy Hollow B & R,Week5,Donaldson Run,Week2,219.0 Donaldson Run - 183.0 Sleepy Hollow B & R
Sleepy Hollow B & R,Week1,Holmes Run Acres,Week4,213.0 Sleepy Hollow B & R - 189.0 Holmes Run Acres
Sleepy Hollow B & R,Week5,Rolling Forest,Week5,241.5 Sleepy Hollow B & R - 160.5 Rolling Forest
Sleepy Hollow B & R,Week5,Holmes Run Acres,Week2,270.0 Sleepy Hollow B & R - 131.0 Holmes Run Acres
Sleepy Hollow B & R,Week4,Rolling Forest,Week1,242.0 Sleepy Hollow B & R - 160.0 Rolling Forest
Sleepy Hollow B & R,Week3,Dowden Terrace,Week5,203.0 Sleepy Hollow B & R - 199.0 Dowden Terrace
Sleepy Hollow B & R,Week2,Sleepy Hollow Rec,Week2,293.0 Sleepy Hollow B & R - 109.0 Sleepy Hollow Rec
Sleepy Hollow B & R,Week5,Sleepy Hollow B & R,Week2,260.0 Sleepy Hollow B & R (SHB1) - 142.0 Sleepy Hollow B & R (SHB2)
Sleepy Hollow B & R,Week1,Holmes Run Acres,Week5,222.0 Holmes Run Acres - 180.0 Sleepy Hollow B & R
Sleepy Hollow B & R,Week3,Woodley,Week4,310.0 Sleepy Hollow B & R - 92.0 Woodley
Sleepy Hollow B & R,Week1,Rolling Forest,Week2,236.0 Sleepy Hollow B & R - 166.0 Rolling Forest
Sleepy Hollow B & R,Week1,Dowden Terrace,Week2,202.0 Sleepy Hollow B & R - 200.0 Dowden Terrace
Sleepy Hollow B & R,Week4,Dowden Terrace,Week3,254.0 Sleepy Hollow B & R - 148.0 Dowden Terrace
Sleepy Hollow B & R,Week3,Woodley,Week1,299.0 Sleepy Hollow B & R - 103.0 Woodley
Sleepy Hollow B & R,Week3,Sleepy Hollow Rec,Week1,314.0 Sleepy Hollow B & R - 88.0 Sleepy Hollow Rec
Sleepy Hollow B & R,Week3,Dowden Terrace,Week2,214.0 Sleepy Hollow B & R - 188.0 Dowden Terrace
Sleepy Hollow B & R,Week3,Holmes Run Acres,Week2,241.0 Sleepy Hollow B & R - 160.0 Holmes Run Acres
Sleepy Hollow B & R,Week5,Woodley,Week3,335.0 Sleepy Hollow B & R - 67.0 Woodley
Sleepy Hollow B & R,Week2,Rolling Forest,Week3,212.0 Sleepy Hollow B & R - 190.0 Rolling Forest
Sleepy Hollow B & R,Week4,Woodley,Week4,313.0 Sleepy Hollow B & R - 89.0 Woodley
Sleepy Hollow B & R,Week3,Sleepy Hollow Rec,Week4,323.0 Sleepy Hollow B & R - 79.0 Sleepy Hollow Rec
Sleepy Hollow B & R,Week1,Dowden Terrace,Week4,204.0 Sleepy Hollow B & R - 198.0 Dowden Terrace
Sleepy Hollow B & R,Week3,Sleepy Hollow Rec,Week2,313.5 Sleepy Hollow B & R - 88.5 Sleepy Hollow Rec
Sleepy Hollow Rec,Week1,Annandale,Week1,210.0 Sleepy Hollow Rec - 192.0 Annandale
Sleepy Hollow B & R,Week3,Rolling Forest,Week2,241.0 Sleepy Hollow B & R - 161.0 Rolling Forest
Sleepy Hollow B & R,Week4,Somerset-Olde Creek,Week3,347.0 Sleepy Hollow B & R - 55.0 Somerset-Olde Creek
Sleepy Hollow Rec,Week1,Annandale,Week2,210.0 Annandale - 192.0 Sleepy Hollow Rec
Sleepy Hollow B & R,Week5,Holmes Run Acres,Week4,263.0 Sleepy Hollow B & R - 138.0 Holmes Run Acres
Sleepy Hollow B & R,Week5,Holmes Run Acres,Week5,217.0 Sleepy Hollow B & R - 185.0 Holmes Run Acres
Sleepy Hollow B & R,Week2,Holmes Run Acres,Week1,221.0 Sleepy Hollow B & R - 181.0 Holmes Run Acres
Sleepy Hollow B & R,Week3,Somerset-Olde Creek,Week2,350.0 Sleepy Hollow B & R - 51.0 Somerset-Olde Creek
Sleepy Hollow B & R,Week4,Holmes Run Acres,Week3,204.0 Sleepy Hollow B & R - 198.0 Holmes Run Acres
Sleepy Hollow B & R,Week4,Sleepy Hollow Rec,Week1,316.0 Sleepy Hollow B & R - 86.0 Sleepy Hollow Rec
Sleepy Hollow B & R,Week3,Dunn Loring,Week1,215.5 Dunn Loring - 186.5 Sleepy Hollow B & R
Sleepy Hollow B & R,Week1,Hunt Valley,Week1,257.0 Hunt Valley - 145.0 Sleepy Hollow B & R
Sleepy Hollow B & R,Week4,Dowden Terrace,Week4,232.0 Sleepy Hollow B & R - 170.0 Dowden Terrace
Sleepy Hollow B & R,Week2,Woodley,Week1,302.0 Sleepy Hollow B & R - 100.0 Woodley
Sleepy Hollow B & R,Week4,Sleepy Hollow Rec,Week2,313.0 Sleepy Hollow B & R - 89.0 Sleepy Hollow Rec
Sleepy Hollow B & R,Week5,Rolling Forest,Week1,253.0 Sleepy Hollow B & R - 149.0 Rolling Forest
Sleepy Hollow B & R,Week3,Sleepy Hollow Rec,Week3,284.0 Sleepy Hollow B & R - 118.0 Sleepy Hollow Rec
Sleepy Hollow B & R,Week4,Dowden Terrace,Week5,208.0 Sleepy Hollow B & R - 194.0 Dowden Terrace
Sleepy Hollow B & R,Week1,Dunn Loring,Week5,286.0 Dunn Loring - 116.0 Sleepy Hollow B & R
Sleepy Hollow B & R,Week4,Rolling Forest,Week2,250.0 Sleepy Hollow B & R - 152.0 Rolling Forest
Sleepy Hollow B & R,Week2,Woodley,Week4,303.0 Sleepy Hollow B & R - 99.0 Woodley
Sleepy Hollow B & R,Week4,Holmes Run Acres,Week2,247.0 Sleepy Hollow B & R - 155.0 Holmes Run Acres
Sleepy Hollow B & R,Week2,Woodley,Week3,309.0 Sleepy Hollow B & R - 93.0 Woodley
Sleepy Hollow B & R,Week5,Dowden Terrace,Week3,266.0 Sleepy Hollow B & R - 136.0 Dowden Terrace
Sleepy Hollow B & R,Week3,Dowden Terrace,Week4,220.0 Sleepy Hollow B & R - 182.0 Dowden Terrace
Sleepy Hollow B & R,Week2,Holmes Run Acres,Week4,229.0 Sleepy Hollow B & R - 173.0 Holmes Run Acres
Sleepy Hollow B & R,Week4,Holmes Run Acres,Week1,244.0 Sleepy Hollow B & R - 158.0 Holmes Run Acres
Sleepy Hollow B & R,Week5,Rolling Forest,Week2,272.0 Sleepy Hollow B & R - 130.0 Rolling Forest
Sleepy Hollow B & R,Week3,Rolling Hills,Week3,267.0 Sleepy Hollow B & R - 135.0 Rolling Hills
Sleepy Hollow B & R,Week3,Rolling Forest,Week5,216.0 Sleepy Hollow B & R - 186.0 Rolling Forest
Sleepy Hollow B & R,Week4,Rolling Forest,Week3,223.0 Sleepy Hollow B & R - 179.0 Rolling Forest
Sleepy Hollow B & R,Week5,Dowden Terrace,Week2,267.0 Sleepy Hollow B & R - 135.0 Dowden Terrace
Sleepy Hollow B & R,Week2,Dunn Loring,Week3,268.5 Dunn Loring - 133.5 Sleepy Hollow B & R
Sleepy Hollow B & R,Week2,Hunt Valley,Week2,241.0 Hunt Valley - 161.0 Sleepy Hollow B & R
Sleepy Hollow B & R,Week2,Hunt Valley,Week1,240.0 Hunt Valley - 162.0 Sleepy Hollow B & R
Sleepy Hollow B & R,Week2,Rolling Forest,Week1,242.0 Sleepy Hollow B & R - 160.0 Rolling Forest
Sleepy Hollow B & R,Week5,Dowden Terrace,Week4,243.0 Sleepy Hollow B & R - 159.0 Dowden Terrace
Sleepy Hollow Rec,Week2,Arlington Forest,Week2,264.0 Arlington Forest - 138.0 Sleepy Hollow Rec
Sleepy Hollow Rec,Week1,Annandale,Week4,201.0 Annandale - 201.0 Sleepy Hollow Rec
Sleepy Hollow Rec,Week2,Annandale,Week1,224.0 Sleepy Hollow Rec - 177.0 Annandale
Sleepy Hollow B & R,Week5,Rolling Forest,Week3,233.5 Sleepy Hollow B & R - 168.5 Rolling Forest
Sleepy Hollow B & R,Week1,Rolling Forest,Week4,227.0 Sleepy Hollow B & R - 175.0 Rolling Forest
Sleepy Hollow B & R,Week1,Hunt Valley,Week4,274.0 Hunt Valley - 128.0 Sleepy Hollow B & R
Sleepy Hollow B & R,Week2,Hunt Valley,Week4,253.0 Hunt Valley - 149.0 Sleepy Hollow B & R
Sleepy Hollow B & R,Week3,Holmes Run Acres,Week1,239.0 Sleepy Hollow B & R - 162.0 Holmes Run Acres
Sleepy Hollow Rec,Week2,Annandale,Week2,208.0 Annandale - 194.0 Sleepy Hollow Rec
Sleepy Hollow Rec,Week1,Annandale,Week5,202.0 Annandale - 200.0 Sleepy Hollow Rec
Sleepy Hollow B & R,Week2,Rolling Hills,Week2,255.0 Sleepy Hollow B & R - 147.0 Rolling Hills
Sleepy Hollow B & R,Week1,Hunt Valley,Week3,281.0 Hunt Valley - 121.0 Sleepy Hollow B & R
Sleepy Hollow B & R,Week3,Somerset-Olde Creek,Week3,347.0 Sleepy Hollow B & R - 54.0 Somerset-Olde Creek
Sleepy Hollow B & R,Week1,Fair Oaks ,Week4,203.0 Fair Oaks - 199.0 Sleepy Hollow B & R
Sleepy Hollow B & R,Week5,Riverside Gardens,Week5,230.0 Riverside Gardens - 172.0 Sleepy Hollow B & R
Sleepy Hollow B & R,Week2,Fair Oaks ,Week2,234.0 Sleepy Hollow B & R - 168.0 Fair Oaks
Sleepy Hollow B & R,Week1,Somerset-Olde Creek,Week2,337.0 Sleepy Hollow B & R - 65.0 Somerset-Olde Creek
Sleepy Hollow B & R,Week5,Sleepy Hollow Rec,Week5,309.0 Sleepy Hollow B & R - 93.0 Sleepy Hollow Rec
Sleepy Hollow B & R,Week3,Rolling Hills,Week5,267.0 Sleepy Hollow B & R - 135.0 Rolling Hills
Sleepy Hollow Rec,Week2,Annandale,Week4,213.0 Sleepy Hollow Rec - 189.0 Annandale
Sleepy Hollow B & R,Week1,Somerset-Olde Creek,Week5,317.0 Sleepy Hollow B & R - 85.0 Somerset-Olde Creek
Sleepy Hollow B & R,Week4,Rolling Hills,Week1,283.0 Sleepy Hollow B & R - 119.0 Rolling Hills
Sleepy Hollow B & R,Week4,Sleepy Hollow Rec,Week4,323.0 Sleepy Hollow B & R - 79.0 Sleepy Hollow Rec
Sleepy Hollow B & R,Week5,Holmes Run Acres,Week3,220.0 Sleepy Hollow B & R - 181.0 Holmes Run Acres
Sleepy Hollow B & R,Week5,Dowden Terrace,Week5,214.0 Sleepy Hollow B & R - 188.0 Dowden Terrace
Sleepy Hollow B & R,Week5,Sleepy Hollow Rec,Week4,331.0 Sleepy Hollow B & R - 71.0 Sleepy Hollow Rec
Sleepy Hollow B & R,Week2,Somerset-Olde Creek,Week3,340.0 Sleepy Hollow B & R - 61.0 Somerset-Olde Creek
Sleepy Hollow B & R,Week2,Dunn Loring,Week5,271.0 Dunn Loring - 131.0 Sleepy Hollow B & R
Sleepy Hollow Rec,Week2,Annandale,Week3,206.5 Annandale - 195.5 Sleepy Hollow Rec
Sleepy Hollow B & R,Week1,Rolling Forest,Week5,209.0 Sleepy Hollow B & R - 193.0 Rolling Forest
Sleepy Hollow Rec,Week5,Annandale,Week5,211.0 Sleepy Hollow Rec - 191.0 Annandale
Sleepy Hollow B & R,Week1,Dunn Loring,Week3,290.0 Dunn Loring - 112.0 Sleepy Hollow B & R
Sleepy Hollow B & R,Week3,Dunn Loring,Week3,270.0 Dunn Loring - 132.0 Sleepy Hollow B & R
Sideburn Run,Week5,McLean,Week2,297.0 McLean - 105.0 Sideburn Run
Sleepy Hollow B & R,Week5,Riverside Gardens,Week4,205.5 Riverside Gardens - 196.5 Sleepy Hollow B & R
Sleepy Hollow B & R,Week5,Sleepy Hollow Rec,Week2,325.0 Sleepy Hollow B & R - 77.0 Sleepy Hollow Rec
Sleepy Hollow B & R,Week2,Somerset-Olde Creek,Week2,343.0 Sleepy Hollow B & R - 59.0 Somerset-Olde Creek
Sleepy Hollow Rec,Week2,Arlington Forest,Week5,296.0 Arlington Forest - 106.0 Sleepy Hollow Rec
Sleepy Hollow B & R,Week1,Hunt Valley,Week5,279.0 Hunt Valley - 123.0 Sleepy Hollow B & R
Sleepy Hollow B & R,Week2,Hunt Valley,Week3,266.0 Hunt Valley - 136.0 Sleepy Hollow B & R
Sleepy Hollow B & R,Week2,Dunn Loring,Week2,254.0 Dunn Loring - 148.0 Sleepy Hollow B & R
Sleepy Hollow B & R,Week4,Dunn Loring,Week1,212.5 Dunn Loring - 189.5 Sleepy Hollow B & R
Sleepy Hollow B & R,Week3,Somerset-Olde Creek,Week4,346.0 Sleepy Hollow B & R - 56.0 Somerset-Olde Creek
Sleepy Hollow B & R,Week5,Riverside Gardens,Week3,203.0 Riverside Gardens - 199.0 Sleepy Hollow B & R
Sleepy Hollow Rec,Week4,Annandale,Week1,225.0 Sleepy Hollow Rec - 177.0 Annandale
Sleepy Hollow B & R,Week2,Holmes Run Acres,Week5,209.0 Holmes Run Acres - 193.0 Sleepy Hollow B & R
Sleepy Hollow Rec,Week2,Arlington Forest,Week4,296.0 Arlington Forest - 106.0 Sleepy Hollow Rec
Sideburn Run,Week3,Poplar Heights,Week2,223.0 Poplar Heights - 179.0 Sideburn Run
Sideburn Run,Week5,McLean,Week1,291.0 McLean - 111.0 Sideburn Run
Sleepy Hollow B & R,Week2,Rolling Forest,Week5,214.0 Sleepy Hollow B & R - 188.0 Rolling Forest
Sleepy Hollow B & R,Week2,Somerset-Olde Creek,Week4,350.0 Sleepy Hollow B & R - 52.0 Somerset-Olde Creek
Sleepy Hollow B & R,Week3,Rolling Forest,Week4,239.0 Sleepy Hollow B & R - 163.0 Rolling Forest
Sleepy Hollow B & R,Week4,Holmes Run Acres,Week4,241.0 Sleepy Hollow B & R - 161.0 Holmes Run Acres
Sideburn Run,Week1,Mosby Woods,Week3,233.0 Mosby Woods - 169.0 Sideburn Run
Sleepy Hollow Rec,Week2,Annandale,Week5,203.0 Sleepy Hollow Rec - 199.0 Annandale
Sleepy Hollow B & R,Week4,Dunn Loring,Week5,274.0 Dunn Loring - 128.0 Sleepy Hollow B & R
Sideburn Run,Week3,Mosby Woods,Week1,262.0 Mosby Woods - 140.0 Sideburn Run
Sideburn Run,Week2,Mosby Woods,Week2,267.0 Mosby Woods - 135.0 Sideburn Run
Sleepy Hollow B & R,Week4,Somerset-Olde Creek,Week1,345.0 Sleepy Hollow B & R - 57.0 Somerset-Olde Creek
Sideburn Run,Week2,Poplar Heights,Week3,227.0 Poplar Heights - 175.0 Sideburn Run
Sideburn Run,Week5,Pleasant Valley,Week4,342.0 Sideburn Run - 59.0 Pleasant Valley
Sleepy Hollow B & R,Week4,Rolling Forest,Week4,253.0 Sleepy Hollow B & R - 149.0 Rolling Forest
Sleepy Hollow Rec,Week4,Arlington Forest,Week1,303.0 Arlington Forest - 99.0 Sleepy Hollow Rec
Sleepy Hollow B & R,Week3,Rolling Forest,Week3,209.0 Sleepy Hollow B & R - 193.0 Rolling Forest
Sideburn Run,Week1,Poplar Heights,Week5,207.0 Poplar Heights - 195.0 Sideburn Run
Sleepy Hollow B & R,Week4,Holmes Run Acres,Week5,203.0 Sleepy Hollow B & R - 199.0 Holmes Run Acres
Sleepy Hollow B & R,Week5,Dunn Loring,Week3,248.0 Dunn Loring - 154.0 Sleepy Hollow B & R
Sleepy Hollow B & R,Week1,Somerset-Olde Creek,Week3,338.0 Sleepy Hollow B & R - 63.0 Somerset-Olde Creek
Sleepy Hollow B & R,Week5,Dunn Loring,Week4,233.0 Dunn Loring - 169.0 Sleepy Hollow B & R
Sideburn Run,Week3,Poplar Heights,Week1,214.0 Poplar Heights - 188.0 Sideburn Run
Sleepy Hollow B & R,Week4,Somerset-Olde Creek,Week2,354.0 Sleepy Hollow B & R - 48.0 Somerset-Olde Creek
Sleepy Hollow Rec,Week2,Arlington Forest,Week3,257.5 Arlington Forest - 144.5 Sleepy Hollow Rec
Sideburn Run,Week5,Pleasant Valley,Week5,321.0 Sideburn Run - 81.0 Pleasant Valley
Sleepy Hollow B & R,Week5,Dunn Loring,Week1,205.0 Sleepy Hollow B & R - 197.0 Dunn Loring
Sleepy Hollow B & R,Week3,Holmes Run Acres,Week3,209.0 Holmes Run Acres - 192.0 Sleepy Hollow B & R
Sideburn Run,Week2,Mosby Woods,Week4,239.0 Mosby Woods - 163.0 Sideburn Run
Sleepy Hollow B & R,Week3,Somerset-Olde Creek,Week1,341.0 Sleepy Hollow B & R - 59.0 Somerset-Olde Creek
Sleepy Hollow Rec,Week3,Annandale,Week4,224.0 Sleepy Hollow Rec - 178.0 Annandale
Sleepy Hollow Rec,Week5,Annandale,Week1,233.0 Sleepy Hollow Rec - 168.0 Annandale
Sleepy Hollow B & R,Week1,Rolling Hills,Week1,253.0 Sleepy Hollow B & R - 149.0 Rolling Hills
Sideburn Run,Week1,Poplar Heights,Week4,218.0 Poplar Heights - 184.0 Sideburn Run
Sleepy Hollow B & R,Week3,Sleepy Hollow Rec,Week5,301.0 Sleepy Hollow B & R - 101.0 Sleepy Hollow Rec
Sleepy Hollow B & R,Week5,Holmes Run Acres,Week1,257.0 Sleepy Hollow B & R - 144.0 Holmes Run Acres
Sleepy Hollow B & R,Week1,Hunt Valley,Week2,261.5 Hunt Valley - 140.5 Sleepy Hollow B & R
Sleepy Hollow B & R,Week2,Dunn Loring,Week1,225.0 Dunn Loring - 177.0 Sleepy Hollow B & R
Sleepy Hollow B & R,Week3,Holmes Run Acres,Week5,215.0 Holmes Run Acres - 187.0 Sleepy Hollow B & R
Sleepy Hollow B & R,Week1,Rolling Hills,Week4,241.0 Sleepy Hollow B & R - 161.0 Rolling Hills
Sideburn Run,Week5,Mosby Woods,Week2,259.5 Mosby Woods - 142.5 Sideburn Run
Sleepy Hollow B & R,Week2,Hunter Mill,Week3,228.0 Hunter Mill - 174.0 Sleepy Hollow B & R
Sleepy Hollow B & R,Week1,Somerset-Olde Creek,Week1,333.0 Sleepy Hollow B & R - 69.0 Somerset-Olde Creek
Sleepy Hollow B & R,Week5,Rolling Forest,Week4,265.0 Sleepy Hollow B & R - 137.0 Rolling Forest
Sleepy Hollow B & R,Week1,Dunn Loring,Week2,271.0 Dunn Loring - 131.0 Sleepy Hollow B & R
Sleepy Hollow Rec,Week1,Arlington Forest,Week3,263.0 Arlington Forest - 139.0 Sleepy Hollow Rec
Sideburn Run,Week2,Little Rocky Run,Week2,256.0 Little Rocky Run - 146.0 Sideburn Run
Sleepy Hollow B & R,Week4,Sleepy Hollow Rec,Week5,298.0 Sleepy Hollow B & R - 104.0 Sleepy Hollow Rec
Sideburn Run,Week2,Little Rocky Run,Week4,270.0 Little Rocky Run - 132.0 Sideburn Run
Sleepy Hollow B & R,Week2,Rolling Hills,Week1,255.0 Sleepy Hollow B & R - 147.0 Rolling Hills
Sideburn Run,Week1,Mosby Woods,Week5,238.5 Mosby Woods - 163.5 Sideburn Run
Sideburn Run,Week5,Little Hunting Park,Week4,290.0 Sideburn Run - 112.0 Little Hunting Park
Sleepy Hollow B & R,Week1,Somerset-Olde Creek,Week4,336.0 Sleepy Hollow B & R - 66.0 Somerset-Olde Creek
Sleepy Hollow Rec,Week3,Annandale,Week1,233.0 Sleepy Hollow Rec - 169.0 Annandale
Sideburn Run,Week5,Poplar Heights,Week4,215.0 Poplar Heights - 187.0 Sideburn Run
Sleepy Hollow B & R,Week5,Hunt Valley,Week2,202.0 Hunt Valley - 200.0 Sleepy Hollow B & R
Sleepy Hollow B & R,Week3,Hunt Valley,Week2,233.0 Hunt Valley - 169.0 Sleepy Hollow B & R
Sideburn Run,Week2,Little Rocky Run,Week5,296.0 Little Rocky Run - 106.0 Sideburn Run
Sleepy Hollow B & R,Week2,Rolling Hills,Week4,258.0 Sleepy Hollow B & R - 143.0 Rolling Hills
Sleepy Hollow B & R,Week1,Rolling Hills,Week2,240.0 Sleepy Hollow B & R - 162.0 Rolling Hills
Sleepy Hollow B & R,Week2,Dunn Loring,Week4,258.0 Dunn Loring - 144.0 Sleepy Hollow B & R
Sideburn Run,Week1,Mount Vernon Park,Week1,228.0 Mount Vernon Park - 174.0 Sideburn Run
Sleepy Hollow B & R,Week2,Somerset-Olde Creek,Week1,341.0 Sleepy Hollow B & R - 61.0 Somerset-Olde Creek
Sleepy Hollow B & R,Week1,Rolling Hills,Week5,243.0 Sleepy Hollow B & R - 159.0 Rolling Hills
Sleepy Hollow Rec,Week4,Annandale,Week2,204.0 Annandale - 198.0 Sleepy Hollow Rec
Sleepy Hollow B & R,Week3,Dunn Loring,Week5,270.0 Dunn Loring - 132.0 Sleepy Hollow B & R
Sleepy Hollow B & R,Week3,Dunn Loring,Week2,264.0 Dunn Loring - 138.0 Sleepy Hollow B & R
Sideburn Run,Week1,Poplar Tree,Week1,213.0 Poplar Tree - 189.0 Sideburn Run
Sideburn Run,Week2,Mosby Woods,Week1,267.0 Mosby Woods - 135.0 Sideburn Run
Sideburn Run,Week2,Little Rocky Run,Week3,272.0 Little Rocky Run - 130.0 Sideburn Run
Sideburn Run,Week1,Mount Vernon Park,Week3,237.0 Mount Vernon Park - 160.0 Sideburn Run
Sideburn Run,Week5,Pleasant Valley,Week3,319.0 Sideburn Run - 83.0 Pleasant Valley
Sleepy Hollow Rec,Week4,Annandale,Week4,220.0 Sleepy Hollow Rec - 182.0 Annandale
Sleepy Hollow Rec,Week1,Arlington Forest,Week1,281.0 Arlington Forest - 121.0 Sleepy Hollow Rec
Sideburn Run,Week3,Poplar Heights,Week3,219.0 Poplar Heights - 183.0 Sideburn Run
Sleepy Hollow B & R,Week5,Sleepy Hollow Rec,Week1,322.0 Sleepy Hollow B & R - 80.0 Sleepy Hollow Rec
Sleepy Hollow B & R,Week1,Hunter Mill,Week5,236.0 Hunter Mill - 166.0 Sleepy Hollow B & R
Sleepy Hollow B & R,Week2,Hunter Mill,Week1,214.0 Hunter Mill - 188.0 Sleepy Hollow B & R
Sleepy Hollow B & R,Week4,Dunn Loring,Week4,260.0 Dunn Loring - 142.0 Sleepy Hollow B & R
Sleepy Hollow B & R,Week4,Sleepy Hollow Rec,Week3,293.0 Sleepy Hollow B & R - 109.0 Sleepy Hollow Rec
Sleepy Hollow B & R,Week2,Rolling Hills,Week3,250.0 Sleepy Hollow B & R - 151.0 Rolling Hills
Sleepy Hollow Rec,Week4,Annandale,Week5,204.0 Annandale - 198.0 Sleepy Hollow Rec
Sideburn Run,Week5,McLean,Week3,292.0 McLean - 110.0 Sideburn Run
Sleepy Hollow B & R,Week3,Rolling Hills,Week1,272.0 Sleepy Hollow B & R - 130.0 Rolling Hills
Sleepy Hollow B & R,Week5,Hunt Valley,Week3,229.0 Hunt Valley - 173.0 Sleepy Hollow B & R
Sleepy Hollow B & R,Week5,Hunt Valley,Week5,227.0 Hunt Valley - 175.0 Sleepy Hollow B & R
Sleepy Hollow B & R,Week2,Somerset-Olde Creek,Week5,330.0 Sleepy Hollow B & R - 72.0 Somerset-Olde Creek
Sleepy Hollow Rec,Week3,Annandale,Week2,212.0 Sleepy Hollow Rec - 190.0 Annandale
Sideburn Run,Week4,Little Hunting Park,Week3,281.0 Sideburn Run - 121.0 Little Hunting Park
Sleepy Hollow B & R,Week2,Rolling Hills,Week5,257.0 Sleepy Hollow B & R - 145.0 Rolling Hills
Sleepy Hollow B & R,Week4,Hunt Valley,Week4,250.0 Hunt Valley - 152.0 Sleepy Hollow B & R
Sideburn Run,Week1,Mosby Woods,Week1,259.0 Mosby Woods - 143.0 Sideburn Run
Sleepy Hollow B & R,Week1,Rolling Hills,Week3,239.0 Sleepy Hollow B & R - 162.0 Rolling Hills
Sleepy Hollow B & R,Week5,Sleepy Hollow Rec,Week3,307.0 Sleepy Hollow B & R - 95.0 Sleepy Hollow Rec
Sideburn Run,Week4,Mosby Woods,Week3,249.0 Mosby Woods - 153.0 Sideburn Run
Sleepy Hollow B & R,Week5,Dunn Loring,Week5,238.0 Dunn Loring - 164.0 Sleepy Hollow B & R
Sleepy Hollow B & R,Week1,Dunn Loring,Week4,286.0 Dunn Loring - 116.0 Sleepy Hollow B & R
Sideburn Run,Week2,Poplar Heights,Week2,236.0 Poplar Heights - 166.0 Sideburn Run
Sleepy Hollow Rec,Week3,Annandale,Week5,214.0 Sleepy Hollow Rec - 188.0 Annandale
Sleepy Hollow B & R,Week5,Dunn Loring,Week2,245.0 Dunn Loring - 157.0 Sleepy Hollow B & R
Sideburn Run,Week3,Little Hunting Park,Week4,275.0 Sideburn Run - 127.0 Little Hunting Park
Sideburn Run,Week1,Poplar Heights,Week2,201.0 Poplar Heights - 201.0 Sideburn Run
Sideburn Run,Week4,Mosby Woods,Week1,260.0 Mosby Woods - 142.0 Sideburn Run
Sideburn Run,Week3,Little Rocky Run,Week1,248.0 Little Rocky Run - 154.0 Sideburn Run
Sleepy Hollow Rec,Week1,Arlington Forest,Week5,290.0 Arlington Forest - 112.0 Sleepy Hollow Rec
Sideburn Run,Week2,Poplar Heights,Week4,240.0 Poplar Heights - 162.0 Sideburn Run
Sleepy Hollow B & R,Week3,Somerset-Olde Creek,Week5,332.0 Sleepy Hollow B & R - 69.0 Somerset-Olde Creek
Sideburn Run,Week3,Poplar Heights,Week5,217.0 Poplar Heights - 185.0 Sideburn Run
Sleepy Hollow B & R,Week1,Fair Oaks ,Week1,205.0 Fair Oaks - 197.0 Sleepy Hollow B & R
Sideburn Run,Week3,Little Hunting Park,Week5,247.0 Sideburn Run - 155.0 Little Hunting Park
Sideburn Run,Week4,Mosby Woods,Week4,237.0 Mosby Woods - 165.0 Sideburn Run
Sleepy Hollow B & R,Week1,Hunter Mill,Week4,235.0 Hunter Mill - 167.0 Sleepy Hollow B & R
Sideburn Run,Week2,Poplar Heights,Week1,220.0 Poplar Heights - 182.0 Sideburn Run
Sleepy Hollow B & R,Week3,Rolling Hills,Week2,271.0 Sleepy Hollow B & R - 131.0 Rolling Hills
Sleepy Hollow B & R,Week5,Rolling Hills,Week1,282.0 Sleepy Hollow B & R - 120.0 Rolling Hills
Sideburn Run,Week5,Little Hunting Park,Week5,248.0 Sideburn Run - 154.0 Little Hunting Park
Sideburn Run,Week5,Mosby Woods,Week1,246.0 Mosby Woods - 156.0 Sideburn Run
Sideburn Run,Week5,Poplar Heights,Week2,211.5 Poplar Heights - 190.5 Sideburn Run
Sleepy Hollow B & R,Week4,Rolling Hills,Week3,274.0 Sleepy Hollow B & R - 128.0 Rolling Hills
Sideburn Run,Week5,Little Hunting Park,Week2,280.0 Sideburn Run - 122.0 Little Hunting Park
Sideburn Run,Week3,Mosby Woods,Week3,252.0 Mosby Woods - 150.0 Sideburn Run
Sleepy Hollow Rec,Week5,Annandale,Week2,214.0 Sleepy Hollow Rec - 188.0 Annandale
Sleepy Hollow Rec,Week4,Annandale,Week3,204.0 Sleepy Hollow Rec - 198.0 Annandale
Sideburn Run,Week3,Little Hunting Park,Week1,270.0 Sideburn Run - 131.0 Little Hunting Park
Sleepy Hollow B & R,Week4,Somerset-Olde Creek,Week5,332.0 Sleepy Hollow B & R - 70.0 Somerset-Olde Creek
Sleepy Hollow B & R,Week4,Hunt Valley,Week1,222.0 Hunt Valley - 180.0 Sleepy Hollow B & R
Sleepy Hollow B & R,Week3,Hunt Valley,Week1,235.0 Hunt Valley - 167.0 Sleepy Hollow B & R
Sideburn Run,Week4,Poplar Heights,Week1,212.0 Poplar Heights - 190.0 Sideburn Run
Sideburn Run,Week1,Little Rocky Run,Week3,249.0 Little Rocky Run - 153.0 Sideburn Run
Sleepy Hollow B & R,Week1,Fair Oaks ,Week3,207.0 Fair Oaks - 195.0 Sleepy Hollow B & R
Sleepy Hollow B & R,Week3,Rolling Hills,Week4,263.0 Sleepy Hollow B & R - 139.0 Rolling Hills
Sleepy Hollow Rec,Week5,Annandale,Week4,233.0 Sleepy Hollow Rec - 169.0 Annandale
Sleepy Hollow B & R,Week4,South Run,Week3,241.0 Sleepy Hollow B & R - 161.0 South Run
Sleepy Hollow B & R,Week4,Hunt Valley,Week5,265.0 Hunt Valley - 137.0 Sleepy Hollow B & R
Sideburn Run,Week5,Mosby Woods,Week4,221.0 Mosby Woods - 181.0 Sideburn Run
Sleepy Hollow B & R,Week3,Dunn Loring,Week4,260.0 Dunn Loring - 142.0 Sleepy Hollow B & R
Sleepy Hollow B & R,Week1,South Run,Week3,209.5 Sleepy Hollow B & R - 192.5 South Run
Sleepy Hollow B & R,Week4,South Run,Week2,238.0 Sleepy Hollow B & R - 164.0 South Run
Sleepy Hollow Rec,Week1,Arlington Forest,Week2,265.0 Arlington Forest - 137.0 Sleepy Hollow Rec
Sleepy Hollow B & R,Week4,Dunn Loring,Week3,260.0 Dunn Loring - 142.0 Sleepy Hollow B & R
Sleepy Hollow B & R,Week3,South Run,Week2,235.0 Sleepy Hollow B & R - 167.0 South Run
Sideburn Run,Week1,Poplar Tree,Week4,207.0 Sideburn Run - 195.0 Poplar Tree
Sleepy Hollow Rec,Week3,Annandale,Week3,220.0 Sleepy Hollow Rec - 182.0 Annandale
Sleepy Hollow B & R,Week5,Rolling Hills,Week3,279.0 Sleepy Hollow B & R - 123.0 Rolling Hills
Sideburn Run,Week4,Mosby Woods,Week5,253.5 Mosby Woods - 148.5 Sideburn Run
Sleepy Hollow B & R,Week1,Fair Oaks ,Week2,235.0 Sleepy Hollow B & R - 167.0 Fair Oaks
Sleepy Hollow B & R,Week1,Hunter Mill,Week1,215.0 Hunter Mill - 187.0 Sleepy Hollow B & R
Sideburn Run,Week4,McLean,Week4,299.0 McLean - 103.0 Sideburn Run
Sleepy Hollow B & R,Week1,South Run,Week1,210.0 Sleepy Hollow B & R - 183.0 South Run
Sideburn Run,Week1,Poplar Heights,Week1,203.0 Sideburn Run - 199.0 Poplar Heights
Sideburn Run,Week3,Mosby Woods,Week2,259.0 Mosby Woods - 143.0 Sideburn Run
Sideburn Run,Week5,Mosby Woods,Week5,239.0 Mosby Woods - 163.0 Sideburn Run
Sleepy Hollow B & R,Week5,Hunt Valley,Week4,227.0 Hunt Valley - 175.0 Sleepy Hollow B & R
Sleepy Hollow B & R,Week2,Fair Oaks ,Week3,202.0 Fair Oaks - 200.0 Sleepy Hollow B & R
Sideburn Run,Week1,Poplar Heights,Week3,214.0 Poplar Heights - 188.0 Sideburn Run
Sleepy Hollow B & R,Week2,Rolling Valley,Week4,312.0 Sleepy Hollow B & R - 90.0 Rolling Valley
Sleepy Hollow B & R,Week2,Rolling Valley,Week1,343.0 Sleepy Hollow B & R - 59.0 Rolling Valley
Sideburn Run,Week5,Little Hunting Park,Week3,297.0 Sideburn Run - 105.0 Little Hunting Park
Sideburn Run,Week1,Little Rocky Run,Week2,235.0 Little Rocky Run - 167.0 Sideburn Run
Sleepy Hollow B & R,Week1,Rolling Valley,Week2,306.0 Sleepy Hollow B & R - 96.0 Rolling Valley
Sleepy Hollow B & R,Week3,Hunt Valley,Week3,262.0 Hunt Valley - 140.0 Sleepy Hollow B & R
Sleepy Hollow B & R,Week1,Rolling Valley,Week3,296.5 Sleepy Hollow B & R - 104.5 Rolling Valley
Sideburn Run,Week1,Little Rocky Run,Week4,257.0 Little Rocky Run - 145.0 Sideburn Run
Sleepy Hollow Rec,Week5,Annandale,Week3,210.0 Sleepy Hollow Rec - 192.0 Annandale
Sleepy Hollow B & R,Week5,South Run,Week5,237.0 Sleepy Hollow B & R - 165.0 South Run
Sleepy Hollow B & R,Week1,Fair Oaks ,Week5,223.0 Fair Oaks - 179.0 Sleepy Hollow B & R
Sleepy Hollow B & R,Week5,Somerset-Olde Creek,Week2,361.0 Sleepy Hollow B & R - 40.0 Somerset-Olde Creek
Sleepy Hollow B & R,Week5,South Run,Week4,258.0 Sleepy Hollow B & R - 144.0 South Run
Sideburn Run,Week2,Poplar Tree,Week5,249.0 Poplar Tree - 153.0 Sideburn Run
Sideburn Run,Week4,Little Hunting Park,Week4,276.0 Sideburn Run - 126.0 Little Hunting Park
Sleepy Hollow Rec,Week2,Arlington Forest,Week1,282.0 Arlington Forest - 120.0 Sleepy Hollow Rec
Sideburn Run,Week5,McLean,Week5,294.0 McLean - 108.0 Sideburn Run
Sleepy Hollow B & R,Week5,Hunter Mill,Week5,209.0 Hunter Mill - 193.0 Sleepy Hollow B & R
Sleepy Hollow B & R,Week2,Fair Oaks ,Week1,212.0 Sleepy Hollow B & R - 190.0 Fair Oaks
Sleepy Hollow B & R,Week5,Hunter Mill,Week3,204.0 Sleepy Hollow B & R - 198.0 Hunter Mill
Sideburn Run,Week2,Poplar Tree,Week4,206.0 Poplar Tree - 196.0 Sideburn Run
Sideburn Run,Week4,Little Hunting Park,Week5,235.0 Sideburn Run - 166.0 Little Hunting Park
Sleepy Hollow B & R,Week1,Ilda Community,Week2,298.0 Sleepy Hollow B & R - 104.0 Ilda Community
Sleepy Hollow Rec,Week3,Arlington Forest,Week1,265.0 Arlington Forest - 137.0 Sleepy Hollow Rec
Sleepy Hollow B & R,Week4,Fair Oaks ,Week3,207.5 Sleepy Hollow B & R - 194.5 Fair Oaks
Sleepy Hollow Rec,Week1,Arlington Forest,Week4,281.0 Arlington Forest - 121.0 Sleepy Hollow Rec
Sleepy Hollow B & R,Week4,Dunn Loring,Week2,265.0 Dunn Loring - 137.0 Sleepy Hollow B & R
Sideburn Run,Week2,Poplar Tree,Week2,226.0 Poplar Tree - 176.0 Sideburn Run
Sideburn Run,Week1,Mosby Woods,Week4,235.0 Mosby Woods - 167.0 Sideburn Run
Sleepy Hollow B & R,Week2,Rolling Valley,Week5,304.0 Sleepy Hollow B & R - 98.0 Rolling Valley
Sleepy Hollow B & R,Week2,South Run,Week3,218.0 Sleepy Hollow B & R - 184.0 South Run
Sleepy Hollow Rec,Week3,Arlington Forest,Week4,266.0 Arlington Forest - 136.0 Sleepy Hollow Rec
Sideburn Run,Week3,Little Hunting Park,Week2,259.0 Sideburn Run - 143.0 Little Hunting Park
Sleepy Hollow B & R,Week3,Hunt Valley,Week4,251.0 Hunt Valley - 151.0 Sleepy Hollow B & R
Sideburn Run,Week5,Pleasant Valley,Week2,331.0 Sideburn Run - 70.0 Pleasant Valley
Sideburn Run,Week5,Poplar Tree,Week2,202.0 Poplar Tree - 200.0 Sideburn Run
Sleepy Hollow B & R,Week3,Rolling Valley,Week1,347.0 Sleepy Hollow B & R - 54.0 Rolling Valley
Sideburn Run,Week4,Little Hunting Park,Week1,268.5 Sideburn Run - 132.5 Little Hunting Park
Sideburn Run,Week3,Mosby Woods,Week4,235.0 Mosby Woods - 167.0 Sideburn Run
Sleepy Hollow B & R,Week3,South Run,Week5,215.5 Sleepy Hollow B & R - 186.5 South Run
Sideburn Run,Week1,Little Rocky Run,Week1,239.0 Little Rocky Run - 163.0 Sideburn Run
Sleepy Hollow B & R,Week2,Hunt Valley,Week5,265.0 Hunt Valley - 137.0 Sleepy Hollow B & R
Sideburn Run,Week2,Poplar Heights,Week5,227.0 Poplar Heights - 175.0 Sideburn Run
Sleepy Hollow B & R,Week1,Fairfax,Week3,268.5 Fairfax - 133.5 Sleepy Hollow B & R
Sleepy Hollow Rec,Week3,Arlington Forest,Week2,250.0 Arlington Forest - 152.0 Sleepy Hollow Rec
Sleepy Hollow B & R,Week5,Rolling Hills,Week4,281.5 Sleepy Hollow B & R - 120.5 Rolling Hills
Sideburn Run,Week4,McLean,Week5,293.0 McLean - 109.0 Sideburn Run
Sleepy Hollow B & R,Week5,Fair Oaks ,Week1,258.0 Sleepy Hollow B & R - 144.0 Fair Oaks
Sleepy Hollow Rec,Week3,Arlington Forest,Week3,225.0 Arlington Forest - 177.0 Sleepy Hollow Rec
Sleepy Hollow B & R,Week5,South Run,Week2,257.0 Sleepy Hollow B & R - 145.0 South Run
Sleepy Hollow B & R,Week1,Fairfax,Week2,282.0 Fairfax - 120.0 Sleepy Hollow B & R
Sleepy Hollow B & R,Week4,Fair Oaks ,Week2,261.0 Sleepy Hollow B & R - 141.0 Fair Oaks
Sleepy Hollow B & R,Week2,South Run,Week1,202.0 Sleepy Hollow B & R - 191.0 South Run
Sideburn Run,Week2,Mosby Woods,Week3,256.0 Mosby Woods - 146.0 Sideburn Run
Sideburn Run,Week4,Little Hunting Park,Week2,267.0 Sideburn Run - 135.0 Little Hunting Park
Sideburn Run,Week4,Poplar Heights,Week3,229.0 Poplar Heights - 173.0 Sideburn Run
Sleepy Hollow B & R,Week1,Rolling Valley,Week1,331.0 Sleepy Hollow B & R - 71.0 Rolling Valley
Sideburn Run,Week3,Little Hunting Park,Week3,276.0 Sideburn Run - 126.0 Little Hunting Park
Sleepy Hollow Rec,Week3,Arlington Forest,Week5,287.0 Arlington Forest - 115.0 Sleepy Hollow Rec
Sleepy Hollow Rec,Week4,Arlington Forest,Week2,280.0 Arlington Forest - 122.0 Sleepy Hollow Rec
Sleepy Hollow B & R,Week1,South Run,Week4,226.0 Sleepy Hollow B & R - 176.0 South Run
Sleepy Hollow B & R,Week5,Hunt Valley,Week1,209.0 Sleepy Hollow B & R - 193.0 Hunt Valley
Sleepy Hollow Rec,Week5,Arlington Forest,Week1,274.0 Arlington Forest - 128.0 Sleepy Hollow Rec
Sleepy Hollow B & R,Week5,Rolling Hills,Week2,285.0 Sleepy Hollow B & R - 117.0 Rolling Hills
Sleepy Hollow B & R,Week4,Fair Oaks ,Week4,231.5 Sleepy Hollow B & R - 170.5 Fair Oaks
Sideburn Run,Week4,Poplar Heights,Week4,230.0 Poplar Heights - 172.0 Sideburn Run
Sleepy Hollow B & R,Week4,Fair Oaks ,Week1,218.0 Sleepy Hollow B & R - 184.0 Fair Oaks
Sideburn Run,Week4,Poplar Heights,Week2,221.0 Poplar Heights - 181.0 Sideburn Run
Sideburn Run,Week3,Poplar Heights,Week4,232.0 Poplar Heights - 170.0 Sideburn Run
Sleepy Hollow B & R,Week1,Hunter Mill,Week3,235.0 Hunter Mill - 167.0 Sleepy Hollow B & R
Sleepy Hollow B & R,Week2,Hunter Mill,Week2,222.5 Hunter Mill - 179.5 Sleepy Hollow B & R
Sleepy Hollow B & R,Week5,Somerset-Olde Creek,Week3,357.0 Sleepy Hollow B & R - 43.0 Somerset-Olde Creek
Sleepy Hollow B & R,Week4,Rolling Hills,Week4,276.0 Sleepy Hollow B & R - 126.0 Rolling Hills
Sideburn Run,Week2,Mosby Woods,Week5,257.0 Mosby Woods - 145.0 Sideburn Run
Sleepy Hollow Rec,Week4,Arlington Forest,Week5,306.0 Arlington Forest - 96.0 Sleepy Hollow Rec
Sleepy Hollow B & R,Week4,Hunt Valley,Week2,242.5 Hunt Valley - 159.5 Sleepy Hollow B & R
Sleepy Hollow B & R,Week1,Rolling Valley,Week5,294.0 Sleepy Hollow B & R - 108.0 Rolling Valley
Sleepy Hollow B & R,Week3,Fairfax,Week4,252.0 Fairfax - 150.0 Sleepy Hollow B & R
Sleepy Hollow Rec,Week5,Arlington Forest,Week2,248.0 Arlington Forest - 154.0 Sleepy Hollow Rec
Sleepy Hollow B & R,Week2,South Run,Week2,223.0 Sleepy Hollow B & R - 179.0 South Run
Sleepy Hollow B & R,Week3,Fair Oaks ,Week5,202.0 Sleepy Hollow B & R - 200.0 Fair Oaks
Sideburn Run,Week1,Mosby Woods,Week2,254.0 Mosby Woods - 148.0 Sideburn Run
Sideburn Run,Week5,McLean,Week4,293.0 McLean - 109.0 Sideburn Run
Sleepy Hollow B & R,Week4,Hunt Valley,Week3,252.0 Hunt Valley - 150.0 Sleepy Hollow B & R
Sideburn Run,Week3,Mosby Woods,Week5,252.0 Mosby Woods - 150.0 Sideburn Run
Sideburn Run,Week2,Little Rocky Run,Week1,249.0 Little Rocky Run - 153.0 Sideburn Run
Sideburn Run,Week1,Little Rocky Run,Week5,266.0 Little Rocky Run - 136.0 Sideburn Run
Sleepy Hollow B & R,Week4,Rolling Hills,Week5,280.0 Sleepy Hollow B & R - 122.0 Rolling Hills
Sideburn Run,Week5,Little Hunting Park,Week1,269.0 Sideburn Run - 132.0 Little Hunting Park
Sleepy Hollow B & R,Week1,Hunter Mill,Week2,230.0 Hunter Mill - 172.0 Sleepy Hollow B & R
Sideburn Run,Week4,Poplar Heights,Week5,221.0 Poplar Heights - 181.0 Sideburn Run
Sleepy Hollow B & R,Week3,South Run,Week3,237.5 Sleepy Hollow B & R - 164.5 South Run
Sleepy Hollow Rec,Week1,Brandywine,Week2,227.0 Brandywine - 175.0 Sleepy Hollow Rec
Sideburn Run,Week5,Poplar Heights,Week3,229.5 Poplar Heights - 172.5 Sideburn Run
Sideburn Run,Week1,Newington Forest,Week5,250.0 Sideburn Run - 147.0 Newington Forest
Sleepy Hollow Rec,Week5,Arlington Forest,Week3,255.0 Arlington Forest - 147.0 Sleepy Hollow Rec
Sleepy Hollow B & R,Week2,Rolling Valley,Week3,299.0 Sleepy Hollow B & R - 102.0 Rolling Valley
Sleepy Hollow B & R,Week4,Rolling Hills,Week2,285.0 Sleepy Hollow B & R - 117.0 Rolling Hills
Sleepy Hollow B & R,Week5,Rolling Hills,Week5,293.5 Sleepy Hollow B & R - 108.5 Rolling Hills
Sideburn Run,Week5,Poplar Heights,Week1,203.0 Sideburn Run - 199.0 Poplar Heights
Sleepy Hollow B & R,Week3,Fair Oaks ,Week3,212.0 Sleepy Hollow B & R - 190.0 Fair Oaks
Sleepy Hollow B & R,Week1,South Run,Week2,220.0 Sleepy Hollow B & R - 182.0 South Run
Sleepy Hollow B & R,Week2,Rolling Valley,Week2,320.0 Sleepy Hollow B & R - 82.0 Rolling Valley
Sideburn Run,Week5,Mount Vernon Park,Week1,238.0 Mount Vernon Park - 164.0 Sideburn Run
Sleepy Hollow B & R,Week5,Somerset-Olde Creek,Week4,356.0 Sleepy Hollow B & R - 46.0 Somerset-Olde Creek
Sleepy Hollow Rec,Week5,Arlington Forest,Week4,287.0 Arlington Forest - 115.0 Sleepy Hollow Rec
Sleepy Hollow B & R,Week4,Fair Oaks ,Week5,205.0 Fair Oaks - 197.0 Sleepy Hollow B & R
Sleepy Hollow B & R,Week2,Hunter Mill,Week4,221.0 Hunter Mill - 181.0 Sleepy Hollow B & R
Sleepy Hollow B & R,Week1,Rolling Valley,Week4,301.0 Sleepy Hollow B & R - 101.0 Rolling Valley
Sideburn Run,Week4,Mount Vernon Park,Week4,249.0 Mount Vernon Park - 153.0 Sideburn Run
Sideburn Run,Week5,Mosby Woods,Week3,246.0 Mosby Woods - 156.0 Sideburn Run
Sleepy Hollow B & R,Week3,Hunt Valley,Week5,265.0 Hunt Valley - 137.0 Sleepy Hollow B & R
Sideburn Run,Week1,Poplar Tree,Week5,232.5 Poplar Tree - 169.5 Sideburn Run
Sideburn Run,Week1,Mount Vernon Park,Week2,238.0 Mount Vernon Park - 164.0 Sideburn Run
Sleepy Hollow B & R,Week2,Hunter Mill,Week5,234.0 Hunter Mill - 168.0 Sleepy Hollow B & R
Sideburn Run,Week1,Poplar Tree,Week2,207.0 Poplar Tree - 195.0 Sideburn Run
Sideburn Run,Week4,Mosby Woods,Week2,268.0 Mosby Woods - 134.0 Sideburn Run
Sideburn Run,Week5,Poplar Heights,Week5,218.0 Poplar Heights - 184.0 Sideburn Run
Sleepy Hollow B & R,Week1,Fairfax,Week4,266.0 Fairfax - 136.0 Sleepy Hollow B & R
Sleepy Hollow Rec,Week4,Arlington Forest,Week3,279.0 Arlington Forest - 123.0 Sleepy Hollow Rec
Sleepy Hollow B & R,Week4,Somerset-Olde Creek,Week4,345.0 Sleepy Hollow B & R - 57.0 Somerset-Olde Creek
Sleepy Hollow B & R,Week3,Hunter Mill,Week4,219.0 Hunter Mill - 183.0 Sleepy Hollow B & R
Sleepy Hollow B & R,Week1,Fairfax,Week1,255.0 Fairfax - 147.0 Sleepy Hollow B & R
Sleepy Hollow Rec,Week1,Brandywine,Week1,245.0 Brandywine - 157.0 Sleepy Hollow Rec
Sleepy Hollow B & R,Week3,Hunter Mill,Week2,213.0 Hunter Mill - 189.0 Sleepy Hollow B & R
Sleepy Hollow B & R,Week1,South Run,Week5,209.0 South Run - 193.0 Sleepy Hollow B & R
Sleepy Hollow B & R,Week3,South Run,Week1,220.0 Sleepy Hollow B & R - 173.0 South Run
Sleepy Hollow B & R,Week2,Fair Oaks ,Week5,211.0 Fair Oaks - 191.0 Sleepy Hollow B & R
Sideburn Run,Week2,Newington Forest,Week1,272.0 Sideburn Run - 129.0 Newington Forest
Sleepy Hollow B & R,Week5,Newington Forest,Week1,346.0 Sleepy Hollow B & R - 55.0 Newington Forest
Sleepy Hollow B & R,Week2,South Run,Week4,216.5 Sleepy Hollow B & R - 185.5 South Run
Sleepy Hollow B & R,Week3,Hunter Mill,Week5,236.0 Hunter Mill - 166.0 Sleepy Hollow B & R
Sleepy Hollow B & R,Week2,Newington Forest,Week1,315.0 Sleepy Hollow B & R - 85.0 Newington Forest
Sleepy Hollow Rec,Week1,Brandywine,Week3,251.0 Brandywine - 151.0 Sleepy Hollow Rec
Sideburn Run,Week3,Poplar Tree,Week2,214.0 Poplar Tree - 188.0 Sideburn Run
Sleepy Hollow B & R,Week1,Fairfax,Week5,291.0 Fairfax - 111.0 Sleepy Hollow B & R
Sleepy Hollow B & R,Week5,Somerset-Olde Creek,Week5,342.0 Sleepy Hollow B & R - 58.0 Somerset-Olde Creek
Sideburn Run,Week2,Poplar Tree,Week1,235.0 Poplar Tree - 167.0 Sideburn Run
Sleepy Hollow B & R,Week3,Hunter Mill,Week3,229.0 Hunter Mill - 173.0 Sleepy Hollow B & R
Sleepy Hollow B & R,Week5,Fair Oaks ,Week3,236.0 Sleepy Hollow B & R - 166.0 Fair Oaks
Sleepy Hollow Rec,Week2,Brandywine,Week1,253.0 Brandywine - 149.0 Sleepy Hollow Rec
Sleepy Hollow Rec,Week1,Brandywine,Week5,276.0 Brandywine - 126.0 Sleepy Hollow Rec
Sideburn Run,Week3,Mount Vernon Park,Week3,252.0 Mount Vernon Park - 150.0 Sideburn Run
Sleepy Hollow Rec,Week1,Brandywine,Week4,258.5 Brandywine - 143.5 Sleepy Hollow Rec
Sideburn Run,Week2,Poplar Tree,Week3,228.0 Poplar Tree - 174.0 Sideburn Run
Sleepy Hollow B & R,Week5,Fair Oaks ,Week4,259.0 Sleepy Hollow B & R - 143.0 Fair Oaks
Sideburn Run,Week5,Mount Vernon Park,Week3,239.0 Mount Vernon Park - 163.0 Sideburn Run
Sleepy Hollow B & R,Week1,Newington Forest,Week3,305.0 Sleepy Hollow B & R - 97.0 Newington Forest
Sleepy Hollow B & R,Week4,Hunter Mill,Week1,207.0 Hunter Mill - 195.0 Sleepy Hollow B & R
Sleepy Hollow B & R,Week3,South Run,Week4,232.0 Sleepy Hollow B & R - 170.0 South Run
Sleepy Hollow B & R,Week1,North Springfield,Week2,314.0 Sleepy Hollow B & R - 74.0 North Springfield
Sleepy Hollow B & R,Week5,Mount Vernon Park,Week5,233.0 Mount Vernon Park - 169.0 Sleepy Hollow B & R
Sideburn Run,Week3,Poplar Tree,Week1,226.0 Poplar Tree - 176.0 Sideburn Run
Sleepy Hollow B & R,Week5,Fair Oaks ,Week2,285.0 Sleepy Hollow B & R - 117.0 Fair Oaks
Sleepy Hollow B & R,Week2,Newington Forest,Week3,316.0 Sleepy Hollow B & R - 86.0 Newington Forest
Sleepy Hollow Rec,Week2,Brandywine,Week2,234.0 Brandywine - 168.0 Sleepy Hollow Rec
Sideburn Run,Week4,Poplar Tree,Week3,222.0 Poplar Tree - 180.0 Sideburn Run
Sideburn Run,Week2,Mount Vernon Park,Week2,259.0 Mount Vernon Park - 143.0 Sideburn Run
Sleepy Hollow B & R,Week2,North Springfield,Week2,320.0 Sleepy Hollow B & R - 68.0 North Springfield
Sideburn Run,Week4,Mount Vernon Park,Week5,275.0 Mount Vernon Park - 127.0 Sideburn Run
Sleepy Hollow B & R,Week3,Newington Forest,Week4,305.0 Sleepy Hollow B & R - 97.0 Newington Forest
Sideburn Run,Week3,Poplar Tree,Week4,207.0 Sideburn Run - 195.0 Poplar Tree
Sleepy Hollow Rec,Week2,Brandywine,Week4,255.0 Brandywine - 147.0 Sleepy Hollow Rec
Sideburn Run,Week1,Poplar Tree,Week3,220.0 Poplar Tree - 182.0 Sideburn Run
Sideburn Run,Week2,Mount Vernon Park,Week3,264.0 Mount Vernon Park - 138.0 Sideburn Run
Sideburn Run,Week3,Mount Vernon Park,Week2,246.0 Mount Vernon Park - 156.0 Sideburn Run
Sleepy Hollow B & R,Week5,Somerset-Olde Creek,Week1,349.0 Sleepy Hollow B & R - 50.0 Somerset-Olde Creek
Sleepy Hollow B & R,Week2,Fair Oaks ,Week4,210.0 Sleepy Hollow B & R - 192.0 Fair Oaks
Sleepy Hollow B & R,Week4,Hunter Mill,Week2,215.0 Hunter Mill - 187.0 Sleepy Hollow B & R
Sleepy Hollow Rec,Week2,Brandywine,Week3,254.0 Brandywine - 148.0 Sleepy Hollow Rec
Sleepy Hollow B & R,Week5,Newington Forest,Week3,340.0 Sleepy Hollow B & R - 62.0 Newington Forest
Sleepy Hollow B & R,Week3,Hunter Mill,Week1,216.0 Hunter Mill - 186.0 Sleepy Hollow B & R
Sleepy Hollow B & R,Week4,Hunter Mill,Week3,220.0 Hunter Mill - 182.0 Sleepy Hollow B & R
Sleepy Hollow Rec,Week4,Arlington Forest,Week4,310.0 Arlington Forest - 92.0 Sleepy Hollow Rec
Sleepy Hollow B & R,Week4,South Run,Week4,249.0 Sleepy Hollow B & R - 153.0 South Run
Sleepy Hollow B & R,Week3,Fair Oaks ,Week1,225.0 Sleepy Hollow B & R - 177.0 Fair Oaks
Sleepy Hollow Rec,Week5,Arlington Forest,Week5,288.0 Arlington Forest - 114.0 Sleepy Hollow Rec
Sleepy Hollow B & R,Week4,Hunter Mill,Week4,215.0 Hunter Mill - 187.0 Sleepy Hollow B & R
Sleepy Hollow B & R,Week4,South Run,Week1,219.0 Sleepy Hollow B & R - 174.0 South Run
Sleepy Hollow B & R,Week2,South Run,Week5,204.0 Sleepy Hollow B & R - 198.0 South Run
Sleepy Hollow B & R,Week4,South Run,Week5,225.5 Sleepy Hollow B & R - 176.5 South Run
Sleepy Hollow B & R,Week5,South Run,Week1,238.0 Sleepy Hollow B & R - 155.0 South Run
Sideburn Run,Week1,Mount Vernon Park,Week4,238.0 Mount Vernon Park - 164.0 Sideburn Run
Sleepy Hollow B & R,Week5,Fair Oaks ,Week5,227.5 Sleepy Hollow B & R - 174.5 Fair Oaks
Sideburn Run,Week4,Mount Vernon Park,Week3,254.0 Mount Vernon Park - 148.0 Sideburn Run
Sideburn Run,Week4,Poplar Tree,Week2,217.0 Poplar Tree - 185.0 Sideburn Run
Sideburn Run,Week3,Poplar Tree,Week5,234.5 Poplar Tree - 167.5 Sideburn Run
Sleepy Hollow B & R,Week5,Hunter Mill,Week1,214.0 Sleepy Hollow B & R - 188.0 Hunter Mill
Sleepy Hollow B & R,Week4,Hunter Mill,Week5,226.0 Hunter Mill - 176.0 Sleepy Hollow B & R
Sleepy Hollow B & R,Week3,Newington Forest,Week2,314.0 Sleepy Hollow B & R - 88.0 Newington Forest
Sleepy Hollow B & R,Week3,Fair Oaks ,Week4,227.0 Sleepy Hollow B & R - 175.0 Fair Oaks
Sleepy Hollow B & R,Week2,Fairfax,Week1,244.0 Fairfax - 158.0 Sleepy Hollow B & R
Sleepy Hollow B & R,Week5,Hunter Mill,Week2,205.0 Sleepy Hollow B & R - 197.0 Hunter Mill
Sleepy Hollow B & R,Week1,Springboard,Week2,324.0 Sleepy Hollow B & R - 78.0 Springboard
Sleepy Hollow B & R,Week5,Hunter Mill,Week4,202.5 Hunter Mill - 199.5 Sleepy Hollow B & R
Sleepy Hollow B & R,Week2,Fairfax,Week4,248.5 Fairfax - 153.5 Sleepy Hollow B & R
Sleepy Hollow B & R,Week1,Springboard,Week3,288.0 Sleepy Hollow B & R - 114.0 Springboard
Sideburn Run,Week4,Poplar Tree,Week5,236.0 Poplar Tree - 166.0 Sideburn Run
Sideburn Run,Week4,Poplar Tree,Week4,207.0 Sideburn Run - 195.0 Poplar Tree
Sleepy Hollow B & R,Week5,South Run,Week3,261.0 Sleepy Hollow B & R - 141.0 South Run
Sideburn Run,Week5,Mount Vernon Park,Week5,260.0 Mount Vernon Park - 142.0 Sideburn Run
Sleepy Hollow B & R,Week1,North Springfield,Week3,307.0 Sleepy Hollow B & R - 89.0 North Springfield
Sleepy Hollow B & R,Week3,Fair Oaks ,Week2,267.0 Sleepy Hollow B & R - 135.0 Fair Oaks
Sideburn Run,Week4,Poplar Tree,Week1,219.0 Poplar Tree - 183.0 Sideburn Run
Sleepy Hollow B & R,Week2,Ilda Community,Week1,304.0 Sleepy Hollow B & R - 98.0 Ilda Community
Sleepy Hollow B & R,Week4,Newington Forest,Week4,315.0 Sleepy Hollow B & R - 87.0 Newington Forest
Sideburn Run,Week1,Newington Forest,Week2,270.0 Sideburn Run - 132.0 Newington Forest
Sleepy Hollow B & R,Week3,Newington Forest,Week5,287.0 Sleepy Hollow B & R - 115.0 Newington Forest
Sleepy Hollow B & R,Week1,Newington Forest,Week2,297.0 Sleepy Hollow B & R - 101.0 Newington Forest
Sleepy Hollow B & R,Week2,Fairfax,Week3,263.0 Fairfax - 139.0 Sleepy Hollow B & R
Sleepy Hollow B & R,Week2,Fairfax,Week5,280.0 Fairfax - 122.0 Sleepy Hollow B & R
Sideburn Run,Week5,Poplar Tree,Week1,220.0 Poplar Tree - 182.0 Sideburn Run
Sideburn Run,Week2,Newington Forest,Week2,272.0 Sideburn Run - 129.0 Newington Forest
Sleepy Hollow B & R,Week2,Newington Forest,Week4,304.0 Sleepy Hollow B & R - 98.0 Newington Forest
Sideburn Run,Week3,Mount Vernon Park,Week5,267.0 Mount Vernon Park - 135.0 Sideburn Run
Sideburn Run,Week5,Poplar Tree,Week3,207.0 Poplar Tree - 195.0 Sideburn Run
Sleepy Hollow B & R,Week3,Fairfax,Week1,233.0 Fairfax - 169.0 Sleepy Hollow B & R
Sideburn Run,Week3,Poplar Tree,Week3,219.0 Poplar Tree - 183.0 Sideburn Run
Sleepy Hollow B & R,Week4,Newington Forest,Week2,326.0 Sleepy Hollow B & R - 76.0 Newington Forest
Sleepy Hollow B & R,Week1,Ilda Community,Week1,295.0 Sleepy Hollow B & R - 107.0 Ilda Community
Sleepy Hollow B & R,Week1,Springfield,Week2,374.0 Sleepy Hollow B & R - 23.0 Springfield
Sleepy Hollow B & R,Week3,Springboard,Week1,313.0 Sleepy Hollow B & R - 88.0 Springboard
Sideburn Run,Week5,Mount Vernon Park,Week2,233.0 Mount Vernon Park - 169.0 Sideburn Run
Sleepy Hollow B & R,Week1,Ilda Community,Week3,287.0 Sleepy Hollow B & R - 115.0 Ilda Community
Sleepy Hollow B & R,Week1,Springboard,Week1,293.0 Sleepy Hollow B & R - 109.0 Springboard
Sleepy Hollow B & R,Week1,Ilda Community,Week5,285.0 Sleepy Hollow B & R - 117.0 Ilda Community
Sideburn Run,Week1,Newington Forest,Week4,283.0 Sideburn Run - 119.0 Newington Forest
Sleepy Hollow B & R,Week2,Fairfax,Week2,263.0 Fairfax - 139.0 Sleepy Hollow B & R
Sleepy Hollow B & R,Week2,Springboard,Week4,293.0 Sleepy Hollow B & R - 109.0 Springboard
Sideburn Run,Week1,Mount Vernon Park,Week5,268.0 Mount Vernon Park - 134.0 Sideburn Run
Sleepy Hollow B & R,Week5,Fairfax,Week3,236.5 Fairfax - 165.5 Sleepy Hollow B & R
Sleepy Hollow B & R,Week2,Ilda Community,Week3,300.0 Sleepy Hollow B & R - 102.0 Ilda Community
Sleepy Hollow B & R,Week2,Ilda Community,Week2,313.0 Sleepy Hollow B & R - 89.0 Ilda Community
Sleepy Hollow B & R,Week5,Springboard,Week2,335.0 Sleepy Hollow B & R - 67.0 Springboard
Sleepy Hollow B & R,Week4,Springboard,Week3,316.0 Sleepy Hollow B & R - 86.0 Springboard
Sideburn Run,Week1,Ravensworth Farm,Week1,219.0 Ravensworth Farm - 183.0 Sideburn Run
Sideburn Run,Week1,Ravensworth Farm,Week2,207.0 Sideburn Run - 195.0 Ravensworth Farm
Sleepy Hollow B & R,Week1,Ilda Community,Week4,273.0 Sleepy Hollow B & R - 129.0 Ilda Community
Sleepy Hollow B & R,Week1,Newington Forest,Week5,270.0 Sleepy Hollow B & R - 132.0 Newington Forest
Sideburn Run,Week1,Ravensworth Farm,Week3,214.0 Ravensworth Farm - 188.0 Sideburn Run
Sleepy Hollow B & R,Week3,Newington Forest,Week3,322.0 Sleepy Hollow B & R - 80.0 Newington Forest
Sideburn Run,Week5,Poplar Tree,Week5,236.0 Poplar Tree - 166.0 Sideburn Run
Sideburn Run,Week2,Mount Vernon Park,Week4,255.0 Mount Vernon Park - 147.0 Sideburn Run
Sleepy Hollow B & R,Week4,Springboard,Week4,299.0 Sleepy Hollow B & R - 103.0 Springboard
Sideburn Run,Week5,Mount Vernon Park,Week4,233.0 Mount Vernon Park - 169.0 Sideburn Run
Sleepy Hollow B & R,Week4,Newington Forest,Week3,319.5 Sleepy Hollow B & R - 82.5 Newington Forest
Sleepy Hollow B & R,Week2,Fairfax Club Estates,Week3,277.0 Sleepy Hollow B & R - 124.0 Fairfax Club Estates
Sleepy Hollow B & R,Week3,Ilda Community,Week1,306.0 Sleepy Hollow B & R - 95.0 Ilda Community
Sleepy Hollow B & R,Week3,Fairfax,Week2,255.0 Fairfax - 147.0 Sleepy Hollow B & R
Sideburn Run,Week3,Mount Vernon Park,Week1,231.0 Mount Vernon Park - 171.0 Sideburn Run
Sleepy Hollow B & R,Week3,Fairfax,Week3,253.0 Fairfax - 149.0 Sleepy Hollow B & R
Sleepy Hollow B & R,Week4,Newington Forest,Week1,324.0 Sleepy Hollow B & R - 78.0 Newington Forest
Sleepy Hollow B & R,Week3,Newington Forest,Week1,333.0 Sleepy Hollow B & R - 68.0 Newington Forest
Sleepy Hollow B & R,Week2,Ilda Community,Week4,276.0 Sleepy Hollow B & R - 126.0 Ilda Community
Sleepy Hollow B & R,Week2,Springboard,Week3,316.0 Sleepy Hollow B & R - 85.0 Springboard
Sleepy Hollow B & R,Week3,Ilda Community,Week2,313.0 Sleepy Hollow B & R - 89.0 Ilda Community
Sideburn Run,Week2,Mount Vernon Park,Week1,245.0 Mount Vernon Park - 157.0 Sideburn Run
Sleepy Hollow B & R,Week2,Newington Forest,Week5,285.0 Sleepy Hollow B & R - 117.0 Newington Forest
Sideburn Run,Week1,Ravensworth Farm,Week5,237.0 Ravensworth Farm - 165.0 Sideburn Run
Sideburn Run,Week2,Ravensworth Farm,Week1,252.0 Ravensworth Farm - 150.0 Sideburn Run
Sideburn Run,Week3,Mount Vernon Park,Week4,238.0 Mount Vernon Park - 164.0 Sideburn Run
Sleepy Hollow B & R,Week5,Fairfax,Week1,213.0 Fairfax - 189.0 Sleepy Hollow B & R
Sideburn Run,Week4,Mount Vernon Park,Week2,240.0 Mount Vernon Park - 162.0 Sideburn Run
Sideburn Run,Week1,Ravensworth Farm,Week4,225.0 Ravensworth Farm - 177.0 Sideburn Run
Sleepy Hollow B & R,Week4,Fairfax Club Estates,Week5,290.0 Sleepy Hollow B & R - 112.0 Fairfax Club Estates
Sleepy Hollow B & R,Week1,Newington Forest,Week4,280.0 Sleepy Hollow B & R - 122.0 Newington Forest
Sleepy Hollow B & R,Week4,Fairfax,Week5,275.0 Fairfax - 127.0 Sleepy Hollow B & R
Sleepy Hollow B & R,Week5,Fairfax,Week2,231.0 Fairfax - 171.0 Sleepy Hollow B & R
Sideburn Run,Week2,Ravensworth Farm,Week2,217.0 Ravensworth Farm - 185.0 Sideburn Run
Sleepy Hollow B & R,Week1,Fairfax Club Estates,Week1,257.0 Sleepy Hollow B & R - 145.0 Fairfax Club Estates
Sleepy Hollow B & R,Week4,Newington Forest,Week5,302.0 Sleepy Hollow B & R - 100.0 Newington Forest
Sleepy Hollow B & R,Week2,Ilda Community,Week5,310.0 Sleepy Hollow B & R - 92.0 Ilda Community
Sideburn Run,Week4,Mount Vernon Park,Week1,243.0 Mount Vernon Park - 159.0 Sideburn Run
Sleepy Hollow B & R,Week3,Springfield,Week3,378.0 Sleepy Hollow B & R - 20.0 Springfield
Sleepy Hollow B & R,Week2,Springfield,Week5,384.0 Sleepy Hollow B & R - 12.0 Springfield
Sleepy Hollow B & R,Week3,Springboard,Week3,303.0 Sleepy Hollow B & R - 99.0 Springboard
Sleepy Hollow B & R,Week5,Springboard,Week3,330.5 Sleepy Hollow B & R - 71.5 Springboard
Sideburn Run,Week2,Ravensworth Farm,Week3,245.0 Ravensworth Farm - 157.0 Sideburn Run
Sleepy Hollow B & R,Week3,Springfield,Week5,387.0 Sleepy Hollow B & R - 11.0 Springfield
Sleepy Hollow B & R,Week2,Fairfax Club Estates,Week2,279.0 Sleepy Hollow B & R - 123.0 Fairfax Club Estates
Sideburn Run,Week2,Mount Vernon Park,Week5,284.0 Mount Vernon Park - 118.0 Sideburn Run
Sleepy Hollow B & R,Week5,Newington Forest,Week4,333.0 Sleepy Hollow B & R - 69.0 Newington Forest
Sideburn Run,Week5,Poplar Tree,Week4,212.0 Sideburn Run - 190.0 Poplar Tree
Sleepy Hollow B & R,Week2,Fairfax Club Estates,Week1,262.0 Sleepy Hollow B & R - 140.0 Fairfax Club Estates
Sideburn Run,Week2,Ravensworth Farm,Week4,234.0 Ravensworth Farm - 168.0 Sideburn Run
Sleepy Hollow B & R,Week1,Newington Forest,Week1,307.0 Sleepy Hollow B & R - 94.0 Newington Forest
Sleepy Hollow B & R,Week1,Springfield,Week3,376.5 Sleepy Hollow B & R - 20.5 Springfield
Sleepy Hollow B & R,Week2,Springboard,Week1,297.0 Sleepy Hollow B & R - 104.0 Springboard
Sleepy Hollow B & R,Week4,Springboard,Week1,306.0 Sleepy Hollow B & R - 96.0 Springboard
Sleepy Hollow B & R,Week1,North Springfield,Week4,313.0 Sleepy Hollow B & R - 77.0 North Springfield
Sideburn Run,Week3,North Springfield,Week4,312.0 Sideburn Run - 80.0 North Springfield
Sideburn Run,Week4,Ravensworth Farm,Week5,246.0 Ravensworth Farm - 156.0 Sideburn Run
Sideburn Run,Week4,Riverside Gardens,Week1,245.0 Riverside Gardens - 157.0 Sideburn Run
Sleepy Hollow B & R,Week5,Fairfax,Week4,219.0 Fairfax - 183.0 Sleepy Hollow B & R
Sleepy Hollow B & R,Week5,Fairfax,Week5,246.0 Fairfax - 156.0 Sleepy Hollow B & R
Sideburn Run,Week4,Newington Forest,Week1,284.0 Sideburn Run - 117.0 Newington Forest
Sleepy Hollow B & R,Week5,Newington Forest,Week5,313.0 Sleepy Hollow B & R - 89.0 Newington Forest
Sideburn Run,Week3,Newington Forest,Week5,251.0 Sideburn Run - 151.0 Newington Forest
Sideburn Run,Week1,Newington Forest,Week1,274.0 Sideburn Run - 128.0 Newington Forest
Sleepy Hollow B & R,Week2,Springboard,Week5,302.0 Sleepy Hollow B & R - 99.0 Springboard
Sleepy Hollow B & R,Week5,Newington Forest,Week2,334.0 Sleepy Hollow B & R - 67.0 Newington Forest
Sleepy Hollow B & R,Week5,Springboard,Week1,332.0 Sleepy Hollow B & R - 69.0 Springboard
Sleepy Hollow B & R,Week3,Fairfax,Week5,275.0 Fairfax - 127.0 Sleepy Hollow B & R
Sleepy Hollow B & R,Week3,North Springfield,Week1,310.0 Sleepy Hollow B & R - 40.0 North Springfield
Sleepy Hollow B & R,Week2,Fairfax Club Estates,Week4,255.0 Sleepy Hollow B & R - 147.0 Fairfax Club Estates
Sleepy Hollow B & R,Week3,Springboard,Week4,299.0 Sleepy Hollow B & R - 103.0 Springboard
Sideburn Run,Week2,Riverside Gardens,Week5,283.0 Riverside Gardens - 119.0 Sideburn Run
Sideburn Run,Week2,Ravensworth Farm,Week5,254.0 Ravensworth Farm - 148.0 Sideburn Run
Sleepy Hollow B & R,Week1,North Springfield,Week1,308.0 Sleepy Hollow B & R - 43.0 North Springfield
Sideburn Run,Week1,Newington Forest,Week3,282.0 Sideburn Run - 120.0 Newington Forest
Sleepy Hollow B & R,Week4,Fairfax,Week3,259.0 Fairfax - 143.0 Sleepy Hollow B & R
Sleepy Hollow B & R,Week1,North Springfield,Week5,285.0 Sleepy Hollow B & R - 85.0 North Springfield
Sleepy Hollow B & R,Week2,North Springfield,Week1,307.0 Sleepy Hollow B & R - 44.0 North Springfield
Sleepy Hollow B & R,Week2,Fairfax Club Estates,Week5,258.0 Sleepy Hollow B & R - 143.0 Fairfax Club Estates
Sleepy Hollow B & R,Week1,Fairfax Club Estates,Week3,277.0 Sleepy Hollow B & R - 124.0 Fairfax Club Estates
Sideburn Run,Week5,Newington Forest,Week1,289.0 Sideburn Run - 112.0 Newington Forest
Sleepy Hollow B & R,Week2,Newington Forest,Week2,304.0 Sleepy Hollow B & R - 93.0 Newington Forest
Sleepy Hollow B & R,Week1,Fairfax Club Estates,Week4,249.0 Sleepy Hollow B & R - 153.0 Fairfax Club Estates
Sideburn Run,Week2,Newington Forest,Week3,275.0 Sideburn Run - 127.0 Newington Forest
Sideburn Run,Week2,North Springfield,Week2,287.0 Sideburn Run - 101.0 North Springfield
Sideburn Run,Week1,Riverside Gardens,Week4,251.0 Riverside Gardens - 151.0 Sideburn Run
Sideburn Run,Week2,Riverside Gardens,Week4,275.0 Riverside Gardens - 127.0 Sideburn Run
Sideburn Run,Week1,North Springfield,Week4,298.0 Sideburn Run - 93.0 North Springfield
Sideburn Run,Week4,Riverside Gardens,Week3,258.0 Riverside Gardens - 144.0 Sideburn Run
Sleepy Hollow B & R,Week1,Springboard,Week5,290.0 Sleepy Hollow B & R - 112.0 Springboard
Sleepy Hollow B & R,Week3,Springboard,Week2,336.0 Sleepy Hollow B & R - 66.0 Springboard
Sideburn Run,Week3,Ravensworth Farm,Week2,204.0 Sideburn Run - 198.0 Ravensworth Farm
Sleepy Hollow B & R,Week4,Springboard,Week5,304.0 Sleepy Hollow B & R - 98.0 Springboard
Sideburn Run,Week5,Ravensworth Farm,Week5,237.0 Ravensworth Farm - 165.0 Sideburn Run
Sleepy Hollow B & R,Week4,Springboard,Week2,331.0 Sleepy Hollow B & R - 71.0 Springboard
Sideburn Run,Week5,Newington Forest,Week3,291.0 Sideburn Run - 111.0 Newington Forest
Sideburn Run,Week3,Ravensworth Farm,Week4,222.0 Ravensworth Farm - 180.0 Sideburn Run
Sleepy Hollow B & R,Week3,Fairfax Club Estates,Week1,279.0 Sleepy Hollow B & R - 123.0 Fairfax Club Estates
Sleepy Hollow B & R,Week5,North Springfield,Week2,329.0 Sleepy Hollow B & R - 58.0 North Springfield
Sleepy Hollow B & R,Week2,North Springfield,Week3,308.0 Sleepy Hollow B & R - 89.0 North Springfield
Sideburn Run,Week4,Ravensworth Farm,Week3,237.0 Ravensworth Farm - 165.0 Sideburn Run
Sideburn Run,Week4,Sleepy Hollow B & R,Week4,227.0 Sleepy Hollow B & R - 175.0 Sideburn Run
Sideburn Run,Week3,Sleepy Hollow B & R,Week3,210.0 Sleepy Hollow B & R - 192.0 Sideburn Run
Sideburn Run,Week1,Sleepy Hollow B & R,Week5,239.0 Sleepy Hollow B & R - 163.0 Sideburn Run
Sleepy Hollow B & R,Week3,Springboard,Week5,300.0 Sleepy Hollow B & R - 102.0 Springboard
Sideburn Run,Week1,North Springfield,Week2,291.0 Sideburn Run - 97.0 North Springfield
Sleepy Hollow B & R,Week4,Fairfax,Week1,243.0 Fairfax - 159.0 Sleepy Hollow B & R
Sideburn Run,Week3,Sleepy Hollow B & R,Week4,213.0 Sleepy Hollow B & R - 189.0 Sideburn Run
Sideburn Run,Week2,Newington Forest,Week5,237.0 Sideburn Run - 165.0 Newington Forest
Sideburn Run,Week3,Riverside Gardens,Week3,258.0 Riverside Gardens - 144.0 Sideburn Run
Sideburn Run,Week3,Newington Forest,Week1,280.0 Sideburn Run - 121.0 Newington Forest
Sleepy Hollow B & R,Week2,North Springfield,Week4,319.0 Sleepy Hollow B & R - 72.0 North Springfield
Sleepy Hollow B & R,Week1,Fairfax Club Estates,Week2,273.0 Sleepy Hollow B & R - 129.0 Fairfax Club Estates
Sleepy Hollow B & R,Week2,Oakton ,Week5,260.0 Oakton - 142.0 Sleepy Hollow B & R
Sleepy Hollow B & R,Week2,Springboard,Week2,341.0 Sleepy Hollow B & R - 60.0 Springboard
Sleepy Hollow B & R,Week1,Springboard,Week4,291.0 Sleepy Hollow B & R - 111.0 Springboard
Sleepy Hollow B & R,Week3,Fairfax Club Estates,Week3,296.0 Sleepy Hollow B & R - 105.0 Fairfax Club Estates
Sideburn Run,Week3,Ravensworth Farm,Week5,241.0 Ravensworth Farm - 161.0 Sideburn Run
Sleepy Hollow B & R,Week1,Springfield,Week4,371.0 Sleepy Hollow B & R - 26.0 Springfield
Sideburn Run,Week2,Sleepy Hollow Rec,Week1,259.0 Sideburn Run - 143.0 Sleepy Hollow Rec
Sleepy Hollow B & R,Week1,Springfield,Week5,380.0 Sleepy Hollow B & R - 17.0 Springfield
Sideburn Run,Week1,Hunt Valley,Week3,266.0 Hunt Valley - 136.0 Sideburn Run
Sleepy Hollow B & R,Week1,Oakton ,Week4,275.0 Oakton - 127.0 Sleepy Hollow B & R
Sleepy Hollow B & R,Week3,North Springfield,Week3,318.0 Sleepy Hollow B & R - 75.0 North Springfield
Sideburn Run,Week4,Hunt Valley,Week2,260.0 Hunt Valley - 142.0 Sideburn Run
Sleepy Hollow B & R,Week5,Springboard,Week5,318.0 Sleepy Hollow B & R - 84.0 Springboard
Sleepy Hollow B & R,Week4,North Springfield,Week5,299.0 Sleepy Hollow B & R - 75.0 North Springfield
Sideburn Run,Week3,Sleepy Hollow Rec,Week2,267.0 Sideburn Run - 135.0 Sleepy Hollow Rec
Sideburn Run,Week5,Ravensworth Farm,Week4,219.0 Ravensworth Farm - 183.0 Sideburn Run
Sideburn Run,Week5,Ravensworth Farm,Week1,210.0 Ravensworth Farm - 192.0 Sideburn Run
Sideburn Run,Week5,Sleepy Hollow B & R,Week5,240.0 Sleepy Hollow B & R - 162.0 Sideburn Run
Sleepy Hollow B & R,Week4,North Springfield,Week4,326.0 Sleepy Hollow B & R - 66.0 North Springfield
Sleepy Hollow B & R,Week1,Springfield,Week1,377.0 Sleepy Hollow B & R - 20.0 Springfield
Sideburn Run,Week2,Riverside Gardens,Week2,230.0 Riverside Gardens - 172.0 Sideburn Run
Sideburn Run,Week2,North Springfield,Week4,304.0 Sideburn Run - 88.0 North Springfield
Sleepy Hollow B & R,Week3,Fairfax Club Estates,Week2,284.0 Sleepy Hollow B & R - 117.0 Fairfax Club Estates
Sideburn Run,Week4,Newington Forest,Week5,247.0 Sideburn Run - 155.0 Newington Forest
Sideburn Run,Week2,Sleepy Hollow B & R,Week3,211.0 Sleepy Hollow B & R - 191.0 Sideburn Run
Sideburn Run,Week1,North Springfield,Week3,290.5 Sideburn Run - 105.5 North Springfield
Sideburn Run,Week2,North Springfield,Week1,290.0 Sideburn Run - 61.0 North Springfield
Sleepy Hollow B & R,Week5,Springboard,Week4,315.0 Sleepy Hollow B & R - 87.0 Springboard
Sleepy Hollow B & R,Week3,Fairfax Club Estates,Week4,271.0 Sleepy Hollow B & R - 131.0 Fairfax Club Estates
Sleepy Hollow B & R,Week4,Fairfax,Week4,252.0 Fairfax - 150.0 Sleepy Hollow B & R
Sleepy Hollow B & R,Week1,Fairfax Club Estates,Week5,257.0 Sleepy Hollow B & R - 145.0 Fairfax Club Estates
Sideburn Run,Week2,Hunt Valley,Week3,286.0 Hunt Valley - 116.0 Sideburn Run
Sideburn Run,Week2,North Springfield,Week3,285.0 Sideburn Run - 112.0 North Springfield
Sideburn Run,Week2,Sleepy Hollow B & R,Week1,203.0 Sideburn Run - 199.0 Sleepy Hollow B & R
Sleepy Hollow B & R,Week5,North Springfield,Week4,323.0 Sleepy Hollow B & R - 65.0 North Springfield
Sleepy Hollow B & R,Week2,Springfield,Week1,383.0 Sleepy Hollow B & R - 13.0 Springfield
Sleepy Hollow B & R,Week3,Oakton ,Week2,273.5 Oakton - 128.5 Sleepy Hollow B & R
Sideburn Run,Week2,North Springfield,Week5,259.0 Sideburn Run - 115.0 North Springfield
Sideburn Run,Week3,Ravensworth Farm,Week1,221.5 Ravensworth Farm - 180.5 Sideburn Run
Sideburn Run,Week1,Sleepy Hollow Rec,Week5,241.0 Sideburn Run - 161.0 Sleepy Hollow Rec
Sleepy Hollow B & R,Week1,Oakton ,Week5,283.0 Oakton - 119.0 Sleepy Hollow B & R
Sideburn Run,Week3,Hunt Valley,Week1,244.0 Hunt Valley - 158.0 Sideburn Run
Sleepy Hollow B & R,Week5,North Springfield,Week3,323.0 Sleepy Hollow B & R - 69.0 North Springfield
Sideburn Run,Week5,Newington Forest,Week2,298.0 Sideburn Run - 103.0 Newington Forest
Sleepy Hollow B & R,Week3,North Springfield,Week4,325.0 Sleepy Hollow B & R - 63.0 North Springfield
Sideburn Run,Week2,Sleepy Hollow Rec,Week2,241.0 Sideburn Run - 161.0 Sleepy Hollow Rec
Sideburn Run,Week4,Sleepy Hollow B & R,Week3,222.0 Sleepy Hollow B & R - 180.0 Sideburn Run
Sleepy Hollow B & R,Week4,Fairfax,Week2,263.0 Fairfax - 139.0 Sleepy Hollow B & R
Sleepy Hollow B & R,Week2,Springfield,Week4,378.0 Sleepy Hollow B & R - 19.0 Springfield
Sideburn Run,Week4,Ravensworth Farm,Week4,234.0 Ravensworth Farm - 168.0 Sideburn Run
Sleepy Hollow B & R,Week4,Fairfax Club Estates,Week1,284.0 Sleepy Hollow B & R - 118.0 Fairfax Club Estates
Sleepy Hollow B & R,Week2,Oakton ,Week2,271.0 Oakton - 131.0 Sleepy Hollow B & R
Sideburn Run,Week1,Sleepy Hollow Rec,Week1,257.0 Sideburn Run - 145.0 Sleepy Hollow Rec
Sleepy Hollow B & R,Week4,Fairfax Club Estates,Week4,283.0 Sleepy Hollow B & R - 119.0 Fairfax Club Estates
Sleepy Hollow B & R,Week2,Springfield,Week3,376.0 Sleepy Hollow B & R - 19.0 Springfield
Sideburn Run,Week2,Newington Forest,Week4,267.0 Sideburn Run - 135.0 Newington Forest
Sideburn Run,Week1,North Springfield,Week5,270.0 Sideburn Run - 104.0 North Springfield
Sleepy Hollow B & R,Week4,North Springfield,Week2,330.0 Sleepy Hollow B & R - 58.0 North Springfield
Sideburn Run,Week5,Ravensworth Farm,Week2,220.0 Sideburn Run - 182.0 Ravensworth Farm
Sleepy Hollow B & R,Week4,Fairfax Club Estates,Week3,304.0 Sleepy Hollow B & R - 98.0 Fairfax Club Estates
Sleepy Hollow B & R,Week3,Springfield,Week1,379.0 Sleepy Hollow B & R - 19.0 Springfield
Sideburn Run,Week3,Newington Forest,Week4,281.0 Sideburn Run - 121.0 Newington Forest
Sideburn Run,Week3,Hunt Valley,Week2,251.0 Hunt Valley - 151.0 Sideburn Run
Sideburn Run,Week1,Sleepy Hollow Rec,Week2,252.0 Sideburn Run - 150.0 Sleepy Hollow Rec
Sleepy Hollow B & R,Week3,Springfield,Week2,381.0 Sleepy Hollow B & R - 17.0 Springfield
Sideburn Run,Week2,Hunt Valley,Week2,264.0 Hunt Valley - 138.0 Sideburn Run
Sideburn Run,Week5,Ravensworth Farm,Week3,219.0 Ravensworth Farm - 183.0 Sideburn Run
Sideburn Run,Week3,North Springfield,Week1,296.0 Sideburn Run - 55.0 North Springfield
Sideburn Run,Week4,Ravensworth Farm,Week1,225.0 Ravensworth Farm - 177.0 Sideburn Run
Sideburn Run,Week1,Hunt Valley,Week4,265.0 Hunt Valley - 137.0 Sideburn Run
Sleepy Hollow B & R,Week3,Fairfax Club Estates,Week5,281.0 Sleepy Hollow B & R - 120.0 Fairfax Club Estates
Sleepy Hollow B & R,Week3,Oakton ,Week3,235.0 Oakton - 167.0 Sleepy Hollow B & R
Sleepy Hollow B & R,Week4,Fairfax Club Estates,Week2,296.0 Sleepy Hollow B & R - 106.0 Fairfax Club Estates
Sideburn Run,Week5,Newington Forest,Week5,258.0 Sideburn Run - 144.0 Newington Forest
Sleepy Hollow B & R,Week2,Springfield,Week2,379.0 Sleepy Hollow B & R - 18.0 Springfield
Sideburn Run,Week5,Sleepy Hollow B & R,Week2,203.0 Sleepy Hollow B & R - 199.0 Sideburn Run
Sideburn Run,Week1,Riverside Gardens,Week3,247.0 Riverside Gardens - 155.0 Sideburn Run
Sleepy Hollow B & R,Week5,Fairfax Club Estates,Week2,294.0 Sleepy Hollow B & R - 107.0 Fairfax Club Estates
Sideburn Run,Week1,Riverside Gardens,Week5,257.0 Riverside Gardens - 145.0 Sideburn Run
Sideburn Run,Week2,Sleepy Hollow B & R,Week4,223.0 Sleepy Hollow B & R - 179.0 Sideburn Run
Sideburn Run,Week5,Sleepy Hollow B & R,Week4,210.0 Sleepy Hollow B & R - 192.0 Sideburn Run
Sleepy Hollow B & R,Week3,Springfield,Week4,382.0 Sleepy Hollow B & R - 16.0 Springfield
Sideburn Run,Week4,Hunt Valley,Week1,258.0 Hunt Valley - 144.0 Sideburn Run
Sideburn Run,Week2,Riverside Gardens,Week1,251.0 Riverside Gardens - 151.0 Sideburn Run
Sideburn Run,Week2,Sleepy Hollow Rec,Week4,260.5 Sideburn Run - 141.5 Sleepy Hollow Rec
Sideburn Run,Week2,Hunt Valley,Week4,283.0 Hunt Valley - 119.0 Sideburn Run
Sleepy Hollow B & R,Week5,Springfield,Week1,378.0 Sleepy Hollow B & R - 18.0 Springfield
Sideburn Run,Week2,Sleepy Hollow Rec,Week3,226.0 Sideburn Run - 176.0 Sleepy Hollow Rec
Sideburn Run,Week1,Riverside Gardens,Week1,232.0 Riverside Gardens - 170.0 Sideburn Run
Sideburn Run,Week4,Ravensworth Farm,Week2,201.0 Ravensworth Farm - 201.0 Sideburn Run
Sideburn Run,Week3,Newington Forest,Week2,289.0 Sideburn Run - 112.0 Newington Forest
Sideburn Run,Week4,Newington Forest,Week2,281.0 Sideburn Run - 120.0 Newington Forest
Sleepy Hollow B & R,Week2,North Springfield,Week5,284.0 Sleepy Hollow B & R - 86.0 North Springfield
Sleepy Hollow B & R,Week5,Fairfax Club Estates,Week1,291.0 Sleepy Hollow B & R - 111.0 Fairfax Club Estates
Sleepy Hollow B & R,Week5,North Springfield,Week5,290.0 Sleepy Hollow B & R - 82.0 North Springfield
Sideburn Run,Week2,Hunt Valley,Week1,250.0 Hunt Valley - 152.0 Sideburn Run
Sleepy Hollow B & R,Week5,North Springfield,Week1,306.0 Sleepy Hollow B & R - 43.0 North Springfield
Sleepy Hollow B & R,Week3,Fairfax Station,Week1,226.0 Fairfax Station - 176.0 Sleepy Hollow B & R
Sideburn Run,Week3,Newington Forest,Week3,286.0 Sideburn Run - 116.0 Newington Forest
Sideburn Run,Week2,Riverside Gardens,Week3,261.0 Riverside Gardens - 141.0 Sideburn Run
Sleepy Hollow B & R,Week1,Fairfax Station,Week3,282.0 Fairfax Station - 120.0 Sleepy Hollow B & R
Sleepy Hollow B & R,Week4,Springfield,Week3,376.0 Sleepy Hollow B & R - 25.0 Springfield
Sleepy Hollow B & R,Week5,Springfield,Week4,378.0 Sleepy Hollow B & R - 18.0 Springfield
Sleepy Hollow B & R,Week5,Springfield,Week3,379.0 Sleepy Hollow B & R - 15.0 Springfield
Sleepy Hollow B & R,Week4,North Springfield,Week3,322.0 Sleepy Hollow B & R - 75.0 North Springfield
Sideburn Run,Week2,Sleepy Hollow B & R,Week2,205.0 Sleepy Hollow B & R - 197.0 Sideburn Run
Sideburn Run,Week5,Sleepy Hollow B & R,Week1,219.0 Sideburn Run - 183.0 Sleepy Hollow B & R
Sideburn Run,Week1,North Springfield,Week1,286.0 Sideburn Run - 65.0 North Springfield
Sideburn Run,Week3,Sleepy Hollow B & R,Week2,204.0 Sleepy Hollow B & R - 198.0 Sideburn Run
Sleepy Hollow B & R,Week1,Stratford,Week5,252.0 Sleepy Hollow B & R - 150.0 Stratford
Sideburn Run,Week3,Ravensworth Farm,Week3,221.0 Ravensworth Farm - 181.0 Sideburn Run
Sideburn Run,Week2,Hunt Valley,Week5,291.0 Hunt Valley - 111.0 Sideburn Run
Sleepy Hollow B & R,Week2,Stratford,Week1,291.0 Sleepy Hollow B & R - 110.0 Stratford
Sleepy Hollow B & R,Week2,Fairfax Station,Week2,239.0 Fairfax Station - 163.0 Sleepy Hollow B & R
Sleepy Hollow B & R,Week3,North Springfield,Week5,293.5 Sleepy Hollow B & R - 80.5 North Springfield
Sideburn Run,Week3,Hunt Valley,Week3,267.0 Hunt Valley - 135.0 Sideburn Run
Sideburn Run,Week3,North Springfield,Week2,303.0 Sideburn Run - 85.0 North Springfield
Sideburn Run,Week3,Riverside Gardens,Week1,239.0 Riverside Gardens - 163.0 Sideburn Run
Sideburn Run,Week4,Newington Forest,Week3,284.0 Sideburn Run - 118.0 Newington Forest
Sideburn Run,Week4,Newington Forest,Week4,275.0 Sideburn Run - 127.0 Newington Forest
Sideburn Run,Week1,Sleepy Hollow Rec,Week4,254.5 Sideburn Run - 147.5 Sleepy Hollow Rec
Sleepy Hollow B & R,Week1,Oakton ,Week2,289.0 Oakton - 113.0 Sleepy Hollow B & R
Sideburn Run,Week5,Newington Forest,Week4,279.0 Sideburn Run - 123.0 Newington Forest
Sideburn Run,Week2,Sleepy Hollow Rec,Week5,239.0 Sideburn Run - 163.0 Sleepy Hollow Rec
Sideburn Run,Week3,Riverside Gardens,Week2,222.0 Riverside Gardens - 180.0 Sideburn Run
Sleepy Hollow B & R,Week1,Forest Hollow,Week4,216.0 Forest Hollow - 186.0 Sleepy Hollow B & R
Sleepy Hollow B & R,Week1,Stratford,Week4,251.0 Sleepy Hollow B & R - 151.0 Stratford
Sleepy Hollow B & R,Week3,Fairfax Station,Week5,250.0 Fairfax Station - 152.0 Sleepy Hollow B & R
Sideburn Run,Week3,Hunt Valley,Week5,277.0 Hunt Valley - 125.0 Sideburn Run
Sleepy Hollow B & R,Week4,North Springfield,Week1,310.0 Sleepy Hollow B & R - 41.0 North Springfield
Sleepy Hollow B & R,Week3,North Springfield,Week2,324.0 Sleepy Hollow B & R - 63.0 North Springfield
Sideburn Run,Week1,Riverside Gardens,Week2,205.0 Riverside Gardens - 197.0 Sideburn Run
Sleepy Hollow B & R,Week5,Fairfax Station,Week4,204.0 Fairfax Station - 198.0 Sleepy Hollow B & R
Sleepy Hollow B & R,Week3,Stratford,Week3,288.0 Sleepy Hollow B & R - 114.0 Stratford
Sleepy Hollow B & R,Week3,Fairfax Station,Week3,253.0 Fairfax Station - 149.0 Sleepy Hollow B & R
Sleepy Hollow B & R,Week1,Fairfax Station,Week1,255.5 Fairfax Station - 146.5 Sleepy Hollow B & R
Sideburn Run,Week4,Sleepy Hollow B & R,Week2,213.0 Sleepy Hollow B & R - 189.0 Sideburn Run
Sideburn Run,Week4,Lincolnia Park,Week3,285.0 Sideburn Run - 108.0 Lincolnia Park
Sideburn Run,Week1,Rolling Forest,Week4,216.5 Sideburn Run - 185.5 Rolling Forest
Sideburn Run,Week1,Hunt Valley,Week5,268.0 Hunt Valley - 134.0 Sideburn Run
Sleepy Hollow B & R,Week4,Stratford,Week2,303.0 Sleepy Hollow B & R - 99.0 Stratford
Sleepy Hollow B & R,Week2,Oakton ,Week3,248.0 Oakton - 154.0 Sleepy Hollow B & R
Sleepy Hollow B & R,Week4,Fairfax Station,Week4,223.0 Fairfax Station - 179.0 Sleepy Hollow B & R
Sideburn Run,Week4,North Springfield,Week4,319.0 Sideburn Run - 73.0 North Springfield
Sideburn Run,Week4,North Springfield,Week2,307.0 Sideburn Run - 81.0 North Springfield
Sideburn Run,Week5,North Springfield,Week2,305.0 Sideburn Run - 83.0 North Springfield
Sideburn Run,Week4,Riverside Gardens,Week2,222.0 Riverside Gardens - 180.0 Sideburn Run
Sleepy Hollow B & R,Week1,Stratford,Week1,278.0 Sleepy Hollow B & R - 124.0 Stratford
Sideburn Run,Week3,North Springfield,Week3,310.0 Sideburn Run - 87.0 North Springfield
Sleepy Hollow B & R,Week2,Oakton ,Week4,255.0 Oakton - 147.0 Sleepy Hollow B & R
Sleepy Hollow B & R,Week2,Fairfax Station,Week1,228.0 Fairfax Station - 174.0 Sleepy Hollow B & R
Sideburn Run,Week3,Sleepy Hollow B & R,Week1,210.0 Sideburn Run - 192.0 Sleepy Hollow B & R
Sideburn Run,Week4,Lincolnia Park,Week4,308.0 Sideburn Run - 94.0 Lincolnia Park
Sideburn Run,Week3,Sleepy Hollow B & R,Week5,248.0 Sleepy Hollow B & R - 154.0 Sideburn Run
Sideburn Run,Week2,Rolling Forest,Week4,206.0 Rolling Forest - 196.0 Sideburn Run
Sideburn Run,Week1,Hunt Valley,Week1,239.0 Hunt Valley - 163.0 Sideburn Run
Sideburn Run,Week4,Sleepy Hollow B & R,Week5,252.0 Sleepy Hollow B & R - 150.0 Sideburn Run
Sideburn Run,Week3,Riverside Gardens,Week5,255.0 Riverside Gardens - 147.0 Sideburn Run
Sleepy Hollow B & R,Week2,Stratford,Week3,278.0 Sleepy Hollow B & R - 124.0 Stratford
Sideburn Run,Week3,Lincolnia Park,Week5,281.0 Sideburn Run - 112.0 Lincolnia Park
Sideburn Run,Week4,North Springfield,Week1,293.0 Sideburn Run - 58.0 North Springfield
Sleepy Hollow B & R,Week5,Fairfax Club Estates,Week3,300.0 Sleepy Hollow B & R - 101.0 Fairfax Club Estates
Sideburn Run,Week3,Riverside Gardens,Week4,265.0 Riverside Gardens - 137.0 Sideburn Run
Sleepy Hollow B & R,Week2,Oakton ,Week1,250.0 Oakton - 152.0 Sleepy Hollow B & R
Sleepy Hollow B & R,Week3,Oakton ,Week1,250.0 Oakton - 152.0 Sleepy Hollow B & R
Sideburn Run,Week4,Sleepy Hollow B & R,Week1,207.0 Sideburn Run - 195.0 Sleepy Hollow B & R
Sleepy Hollow B & R,Week4,Springfield,Week1,385.0 Sleepy Hollow B & R - 14.0 Springfield
Sleepy Hollow B & R,Week1,Oakton ,Week1,284.0 Oakton - 118.0 Sleepy Hollow B & R
Sleepy Hollow B & R,Week4,Springfield,Week5,385.0 Sleepy Hollow B & R - 14.0 Springfield
Sleepy Hollow B & R,Week1,Fairfax Station,Week5,261.0 Fairfax Station - 141.0 Sleepy Hollow B & R
Sideburn Run,Week1,Hunt Valley,Week2,252.0 Hunt Valley - 150.0 Sideburn Run
Sideburn Run,Week4,Rolling Forest,Week2,234.0 Sideburn Run - 168.0 Rolling Forest
Sideburn Run,Week2,Sleepy Hollow B & R,Week5,250.0 Sleepy Hollow B & R - 152.0 Sideburn Run
Sideburn Run,Week3,Hunt Valley,Week4,269.0 Hunt Valley - 133.0 Sideburn Run
Sleepy Hollow B & R,Week4,Fairfax Station,Week5,256.0 Fairfax Station - 146.0 Sleepy Hollow B & R
Sleepy Hollow B & R,Week1,Oakton ,Week3,265.0 Oakton - 137.0 Sleepy Hollow B & R
Sideburn Run,Week5,North Springfield,Week4,322.0 Sideburn Run - 70.0 North Springfield
Sideburn Run,Week5,Riverside Gardens,Week3,235.0 Riverside Gardens - 167.0 Sideburn Run
Sideburn Run,Week4,Hunt Valley,Week3,289.0 Hunt Valley - 113.0 Sideburn Run
Sleepy Hollow B & R,Week2,Stratford,Week4,262.0 Sleepy Hollow B & R - 140.0 Stratford
Sleepy Hollow B & R,Week5,Fairfax Station,Week1,210.0 Sleepy Hollow B & R - 192.0 Fairfax Station
Sleepy Hollow B & R,Week3,Stratford,Week2,292.0 Sleepy Hollow B & R - 110.0 Stratford
Sideburn Run,Week2,Rolling Forest,Week5,222.0 Rolling Forest - 180.0 Sideburn Run
Sideburn Run,Week3,Lincolnia Park,Week4,313.0 Sideburn Run - 89.0 Lincolnia Park
Sleepy Hollow B & R,Week3,Fairfax Station,Week2,245.0 Fairfax Station - 157.0 Sleepy Hollow B & R
Sleepy Hollow B & R,Week1,Old Keene Mill,Week2,266.0 Sleepy Hollow B & R - 136.0 Old Keene Mill
Sideburn Run,Week3,North Springfield,Week5,274.0 Sideburn Run - 100.0 North Springfield
Sideburn Run,Week5,Sleepy Hollow Rec,Week5,255.0 Sideburn Run - 147.0 Sleepy Hollow Rec
Sideburn Run,Week5,Sleepy Hollow B & R,Week3,205.0 Sleepy Hollow B & R - 197.0 Sideburn Run
Sleepy Hollow B & R,Week5,Fairfax Station,Week2,213.0 Fairfax Station - 189.0 Sleepy Hollow B & R
Sleepy Hollow B & R,Week4,Oakton ,Week1,249.5 Oakton - 152.5 Sleepy Hollow B & R
Sideburn Run,Week3,Rolling Forest,Week3,213.0 Sideburn Run - 189.0 Rolling Forest
Sleepy Hollow B & R,Week3,Stratford,Week1,285.0 Sleepy Hollow B & R - 117.0 Stratford
Sleepy Hollow B & R,Week1,Stratford,Week3,263.0 Sleepy Hollow B & R - 139.0 Stratford
Sideburn Run,Week1,Sleepy Hollow Rec,Week3,243.0 Sideburn Run - 159.0 Sleepy Hollow Rec
Sleepy Hollow B & R,Week4,Fairfax Station,Week1,212.0 Fairfax Station - 190.0 Sleepy Hollow B & R
Sideburn Run,Week4,Lincolnia Park,Week5,282.0 Sideburn Run - 111.0 Lincolnia Park
Sideburn Run,Week5,North Springfield,Week5,277.0 Sideburn Run - 97.0 North Springfield
Sideburn Run,Week1,Oakton ,Week2,258.5 Oakton - 143.5 Sideburn Run
Sleepy Hollow B & R,Week3,Old Keene Mill,Week2,286.0 Sleepy Hollow B & R - 116.0 Old Keene Mill
Sideburn Run,Week1,Little Hunting Park,Week1,271.0 Sideburn Run - 131.0 Little Hunting Park
Sideburn Run,Week3,Sleepy Hollow Rec,Week1,264.0 Sideburn Run - 138.0 Sleepy Hollow Rec
Sideburn Run,Week1,Rolling Forest,Week5,201.0 Rolling Forest - 201.0 Sideburn Run
Sideburn Run,Week1,Oakton ,Week5,263.0 Oakton - 139.0 Sideburn Run
Sideburn Run,Week2,Somerset-Olde Creek,Week2,316.0 Sideburn Run - 86.0 Somerset-Olde Creek
Sideburn Run,Week2,Little Hunting Park,Week1,251.0 Sideburn Run - 150.0 Little Hunting Park
Sideburn Run,Week5,North Springfield,Week3,303.0 Sideburn Run - 94.0 North Springfield
Sideburn Run,Week1,Somerset-Olde Creek,Week1,304.0 Sideburn Run - 92.0 Somerset-Olde Creek
Sideburn Run,Week1,Oakton ,Week4,250.0 Oakton - 152.0 Sideburn Run
Sideburn Run,Week1,South Run,Week1,197.0 Sideburn Run - 196.0 South Run
Sleepy Hollow B & R,Week4,Springfield,Week4,380.0 Sleepy Hollow B & R - 21.0 Springfield
Sideburn Run,Week1,Rolling Forest,Week3,202.0 Sideburn Run - 200.0 Rolling Forest
Sleepy Hollow B & R,Week4,Oakton ,Week3,255.0 Oakton - 147.0 Sleepy Hollow B & R
Sideburn Run,Week1,Rolling Forest,Week1,214.0 Sideburn Run - 183.0 Rolling Forest
Sleepy Hollow B & R,Week5,Oakton ,Week3,208.0 Oakton - 194.0 Sleepy Hollow B & R
Sideburn Run,Week4,Rolling Forest,Week1,229.0 Sideburn Run - 173.0 Rolling Forest
Sideburn Run,Week4,Somerset-Olde Creek,Week4,318.0 Sideburn Run - 84.0 Somerset-Olde Creek
Sleepy Hollow B & R,Week3,Stratford,Week4,257.0 Sleepy Hollow B & R - 145.0 Stratford
Sleepy Hollow B & R,Week5,Fairfax Club Estates,Week5,297.0 Sleepy Hollow B & R - 104.0 Fairfax Club Estates
Sideburn Run,Week5,North Springfield,Week1,299.0 Sideburn Run - 52.0 North Springfield
Sleepy Hollow B & R,Week5,Fairfax Station,Week5,230.0 Fairfax Station - 172.0 Sleepy Hollow B & R
Sleepy Hollow B & R,Week5,Oakton ,Week4,212.0 Oakton - 190.0 Sleepy Hollow B & R
Sleepy Hollow B & R,Week3,Oakton ,Week4,248.0 Oakton - 154.0 Sleepy Hollow B & R
Sleepy Hollow B & R,Week5,Springfield,Week2,378.0 Sleepy Hollow B & R - 17.0 Springfield
Sideburn Run,Week2,Somerset-Olde Creek,Week4,313.0 Sideburn Run - 89.0 Somerset-Olde Creek
Sleepy Hollow B & R,Week2,Fairfax Station,Week3,263.0 Fairfax Station - 139.0 Sleepy Hollow B & R
Sideburn Run,Week4,South Run,Week3,219.0 Sideburn Run - 183.0 South Run
Sideburn Run,Week1,Little Hunting Park,Week4,284.0 Sideburn Run - 118.0 Little Hunting Park
Sleepy Hollow B & R,Week1,Forest Hollow,Week1,221.5 Forest Hollow - 180.5 Sleepy Hollow B & R
Sideburn Run,Week5,Riverside Gardens,Week5,259.0 Riverside Gardens - 143.0 Sideburn Run
Sideburn Run,Week5,Lincolnia Park,Week5,298.0 Sideburn Run - 95.0 Lincolnia Park
Sleepy Hollow B & R,Week5,Springfield,Week5,382.0 Sleepy Hollow B & R - 14.0 Springfield
Sideburn Run,Week5,South Run,Week2,242.0 Sideburn Run - 160.0 South Run
Sideburn Run,Week3,Lincolnia Park,Week3,287.0 Sideburn Run - 106.0 Lincolnia Park
Sideburn Run,Week5,Sleepy Hollow Rec,Week3,247.0 Sideburn Run - 155.0 Sleepy Hollow Rec
Sleepy Hollow B & R,Week4,Oakton ,Week2,265.0 Oakton - 137.0 Sleepy Hollow B & R
Sideburn Run,Week1,South Run,Week4,229.0 Sideburn Run - 173.0 South Run
Sleepy Hollow B & R,Week2,Old Keene Mill,Week3,264.0 Sleepy Hollow B & R - 138.0 Old Keene Mill
Sleepy Hollow B & R,Week5,Fairfax Club Estates,Week4,291.0 Sleepy Hollow B & R - 111.0 Fairfax Club Estates
Sideburn Run,Week3,Rolling Forest,Week2,239.0 Sideburn Run - 163.0 Rolling Forest
Sideburn Run,Week2,Little Hunting Park,Week2,265.0 Sideburn Run - 137.0 Little Hunting Park
Sleepy Hollow B & R,Week4,Old Keene Mill,Week1,302.0 Sleepy Hollow B & R - 100.0 Old Keene Mill
Sideburn Run,Week4,North Springfield,Week5,277.0 Sideburn Run - 97.0 North Springfield
Sideburn Run,Week5,South Run,Week4,248.0 Sideburn Run - 154.0 South Run
Sideburn Run,Week5,Somerset-Olde Creek,Week3,330.0 Sideburn Run - 72.0 Somerset-Olde Creek
Sleepy Hollow B & R,Week2,Stratford,Week5,263.0 Sleepy Hollow B & R - 139.0 Stratford
Sleepy Hollow B & R,Week3,Stratford,Week5,278.0 Sleepy Hollow B & R - 123.0 Stratford
Sleepy Hollow B & R,Week1,Stratford,Week2,275.0 Sleepy Hollow B & R - 127.0 Stratford
Sideburn Run,Week2,Little Hunting Park,Week3,274.0 Sideburn Run - 128.0 Little Hunting Park
Sideburn Run,Week4,North Springfield,Week3,300.0 Sideburn Run - 97.0 North Springfield
Sideburn Run,Week5,Somerset-Olde Creek,Week5,304.0 Sideburn Run - 98.0 Somerset-Olde Creek
Sideburn Run,Week1,South Run,Week3,209.0 Sideburn Run - 193.0 South Run
Sideburn Run,Week1,Little Hunting Park,Week2,275.0 Sideburn Run - 127.0 Little Hunting Park
Sleepy Hollow B & R,Week4,Old Keene Mill,Week4,296.0 Sleepy Hollow B & R - 106.0 Old Keene Mill
Sideburn Run,Week4,Riverside Gardens,Week4,273.0 Riverside Gardens - 129.0 Sideburn Run
Sleepy Hollow B & R,Week1,Forest Hollow,Week2,202.0 Forest Hollow - 200.0 Sleepy Hollow B & R
Sleepy Hollow B & R,Week4,Springfield,Week2,382.0 Sleepy Hollow B & R - 18.0 Springfield
Sideburn Run,Week4,Sleepy Hollow Rec,Week4,276.0 Sideburn Run - 126.0 Sleepy Hollow Rec
Sleepy Hollow B & R,Week2,Fairfax Station,Week4,234.0 Fairfax Station - 168.0 Sleepy Hollow B & R
Sideburn Run,Week1,Somerset-Olde Creek,Week2,317.0 Sideburn Run - 85.0 Somerset-Olde Creek
Sideburn Run,Week2,Oakton ,Week1,261.0 Oakton - 141.0 Sideburn Run
Sideburn Run,Week1,Oakton ,Week1,250.0 Oakton - 152.0 Sideburn Run
Sideburn Run,Week1,Oakton ,Week3,257.0 Oakton - 145.0 Sideburn Run
Sleepy Hollow B & R,Week2,Stratford,Week2,290.5 Sleepy Hollow B & R - 111.5 Stratford
Sleepy Hollow B & R,Week1,Fairfax Station,Week4,247.0 Fairfax Station - 155.0 Sleepy Hollow B & R
Sideburn Run,Week3,Sleepy Hollow Rec,Week4,272.0 Sideburn Run - 130.0 Sleepy Hollow Rec
Sleepy Hollow B & R,Week4,Stratford,Week1,298.0 Sleepy Hollow B & R - 104.0 Stratford
Sideburn Run,Week3,Rolling Forest,Week4,216.0 Sideburn Run - 186.0 Rolling Forest
Sideburn Run,Week2,Somerset-Olde Creek,Week5,292.0 Sideburn Run - 110.0 Somerset-Olde Creek
Sideburn Run,Week2,Oakton ,Week2,281.0 Oakton - 121.0 Sideburn Run
Sideburn Run,Week2,Rolling Forest,Week2,217.0 Sideburn Run - 185.0 Rolling Forest
Sideburn Run,Week5,Lincolnia Park,Week2,319.0 Sideburn Run - 74.0 Lincolnia Park
Sleepy Hollow B & R,Week1,Old Keene Mill,Week3,258.0 Sleepy Hollow B & R - 144.0 Old Keene Mill
Sideburn Run,Week5,Riverside Gardens,Week2,220.0 Riverside Gardens - 182.0 Sideburn Run
Sideburn Run,Week3,Somerset-Olde Creek,Week2,329.0 Sideburn Run - 73.0 Somerset-Olde Creek
Sideburn Run,Week1,Little Hunting Park,Week3,275.0 Sideburn Run - 127.0 Little Hunting Park
Sleepy Hollow B & R,Week5,Old Keene Mill,Week3,293.0 Sleepy Hollow B & R - 109.0 Old Keene Mill
Sideburn Run,Week2,South Run,Week3,204.0 South Run - 198.0 Sideburn Run
Sleepy Hollow B & R,Week4,Forest Hollow,Week5,208.0 Sleepy Hollow B & R - 194.0 Forest Hollow
Sideburn Run,Week1,Little Hunting Park,Week5,241.0 Sideburn Run - 161.0 Little Hunting Park
Sideburn Run,Week2,Little Hunting Park,Week5,228.5 Sideburn Run - 172.5 Little Hunting Park
Sleepy Hollow B & R,Week5,Oakton ,Week1,215.0 Oakton - 187.0 Sleepy Hollow B & R
Sleepy Hollow B & R,Week1,Old Keene Mill,Week1,272.0 Sleepy Hollow B & R - 129.0 Old Keene Mill
Sideburn Run,Week3,Rolling Forest,Week1,218.0 Sideburn Run - 184.0 Rolling Forest
Sideburn Run,Week4,Rolling Forest,Week4,227.0 Sideburn Run - 175.0 Rolling Forest
Sideburn Run,Week4,Rolling Forest,Week3,219.0 Sideburn Run - 183.0 Rolling Forest
Sleepy Hollow B & R,Week1,Fairfax Station,Week2,254.0 Fairfax Station - 148.0 Sleepy Hollow B & R
Sleepy Hollow B & R,Week3,Fairfax Station,Week4,228.0 Fairfax Station - 174.0 Sleepy Hollow B & R
Sideburn Run,Week1,Kings Ridge ,Week4,266.0 Sideburn Run - 136.0 Kings Ridge
Sideburn Run,Week1,Somerset-Olde Creek,Week4,312.0 Sideburn Run - 90.0 Somerset-Olde Creek
Sideburn Run,Week5,Sleepy Hollow Rec,Week1,268.0 Sideburn Run - 134.0 Sleepy Hollow Rec
Sleepy Hollow B & R,Week2,Fairfax Station,Week5,250.0 Fairfax Station - 152.0 Sleepy Hollow B & R
Sideburn Run,Week1,South Run,Week2,220.0 Sideburn Run - 177.0 South Run
Sideburn Run,Week2,Little Hunting Park,Week4,268.0 Sideburn Run - 134.0 Little Hunting Park
Sleepy Hollow B & R,Week2,Sully Station,Week1,254.0 Sully Station - 148.0 Sleepy Hollow B & R
Sleepy Hollow B & R,Week4,Sully Station,Week1,241.0 Sully Station - 161.0 Sleepy Hollow B & R
Sleepy Hollow B & R,Week3,Sully Station,Week5,258.0 Sully Station - 144.0 Sleepy Hollow B & R
Sideburn Run,Week3,South Run,Week4,251.0 Sideburn Run - 151.0 South Run
Sleepy Hollow B & R,Week4,Oakton ,Week4,261.0 Oakton - 141.0 Sleepy Hollow B & R
Sideburn Run,Week1,Somerset-Olde Creek,Week5,297.0 Sideburn Run - 104.0 Somerset-Olde Creek
Sideburn Run,Week2,Kings Ridge ,Week2,266.0 Sideburn Run - 136.0 Kings Ridge
Sideburn Run,Week4,Somerset-Olde Creek,Week5,305.0 Sideburn Run - 97.0 Somerset-Olde Creek
Sideburn Run,Week4,Lincolnia Park,Week1,316.0 Sideburn Run - 86.0 Lincolnia Park
Sideburn Run,Week5,Lincolnia Park,Week1,323.0 Sideburn Run - 79.0 Lincolnia Park
Sideburn Run,Week2,Kings Ridge ,Week5,238.0 Sideburn Run - 164.0 Kings Ridge
Sideburn Run,Week4,Little Rocky Run,Week5,282.0 Little Rocky Run - 120.0 Sideburn Run
Sideburn Run,Week3,Kings Ridge ,Week3,273.0 Sideburn Run - 129.0 Kings Ridge
Sleepy Hollow B & R,Week1,Sully Station,Week4,249.5 Sully Station - 152.5 Sleepy Hollow B & R
Sideburn Run,Week4,Sleepy Hollow Rec,Week2,268.0 Sideburn Run - 134.0 Sleepy Hollow Rec
Sideburn Run,Week3,Kings Ridge ,Week5,258.0 Sideburn Run - 144.0 Kings Ridge
Sideburn Run,Week2,Rolling Forest,Week1,205.0 Sideburn Run - 197.0 Rolling Forest
Sleepy Hollow B & R,Week1,Forest Hollow,Week3,224.0 Forest Hollow - 178.0 Sleepy Hollow B & R
Sideburn Run,Week3,South Run,Week1,216.0 Sideburn Run - 177.0 South Run
Sideburn Run,Week1,Kings Ridge ,Week5,258.0 Sideburn Run - 144.0 Kings Ridge
Sleepy Hollow B & R,Week4,Stratford,Week5,278.5 Sleepy Hollow B & R - 123.5 Stratford
Sideburn Run,Week2,Long Branch,Week4,237.0 Sideburn Run - 165.0 Long Branch
Sleepy Hollow B & R,Week5,Old Keene Mill,Week1,316.0 Sleepy Hollow B & R - 85.0 Old Keene Mill
Sideburn Run,Week5,Riverside Gardens,Week1,240.0 Riverside Gardens - 162.0 Sideburn Run
Sideburn Run,Week3,South Run,Week3,222.0 Sideburn Run - 180.0 South Run
Sideburn Run,Week5,Rolling Forest,Week1,215.0 Sideburn Run - 187.0 Rolling Forest
Sideburn Run,Week3,Little Rocky Run,Week2,240.0 Little Rocky Run - 162.0 Sideburn Run
Sideburn Run,Week1,South Run,Week5,214.0 South Run - 188.0 Sideburn Run
Sideburn Run,Week5,Lincolnia Park,Week4,316.5 Sideburn Run - 85.5 Lincolnia Park
Sideburn Run,Week3,Somerset-Olde Creek,Week4,327.0 Sideburn Run - 75.0 Somerset-Olde Creek
Sideburn Run,Week4,Little Rocky Run,Week3,255.0 Little Rocky Run - 147.0 Sideburn Run
Sideburn Run,Week3,Lincolnia Park,Week2,314.0 Sideburn Run - 79.0 Lincolnia Park
Sleepy Hollow B & R,Week2,Sully Station,Week4,235.0 Sully Station - 167.0 Sleepy Hollow B & R
Sleepy Hollow B & R,Week2,Old Keene Mill,Week4,270.5 Sleepy Hollow B & R - 131.5 Old Keene Mill
Sleepy Hollow B & R,Week5,Fairfax Station,Week3,224.0 Fairfax Station - 178.0 Sleepy Hollow B & R
Sideburn Run,Week3,Somerset-Olde Creek,Week3,317.5 Sideburn Run - 84.5 Somerset-Olde Creek
Sleepy Hollow B & R,Week3,Oakton ,Week5,270.0 Oakton - 132.0 Sleepy Hollow B & R
Sideburn Run,Week5,Sleepy Hollow Rec,Week4,283.0 Sideburn Run - 119.0 Sleepy Hollow Rec
Sleepy Hollow B & R,Week4,Fairfax Station,Week2,231.0 Fairfax Station - 171.0 Sleepy Hollow B & R
Sleepy Hollow B & R,Week4,Fairfax Station,Week3,248.0 Fairfax Station - 154.0 Sleepy Hollow B & R
Sideburn Run,Week4,Riverside Gardens,Week5,262.0 Riverside Gardens - 140.0 Sideburn Run
Sideburn Run,Week5,Sleepy Hollow Rec,Week2,276.0 Sideburn Run - 126.0 Sleepy Hollow Rec
Sideburn Run,Week5,South Run,Week1,228.0 Sideburn Run - 165.0 South Run
Sideburn Run,Week1,Rolling Forest,Week2,220.0 Sideburn Run - 182.0 Rolling Forest
Sideburn Run,Week4,Somerset-Olde Creek,Week2,325.0 Sideburn Run - 77.0 Somerset-Olde Creek
Sleepy Hollow B & R,Week4,Oakton ,Week5,273.0 Oakton - 129.0 Sleepy Hollow B & R
Sleepy Hollow B & R,Week3,Forest Hollow,Week1,217.0 Sleepy Hollow B & R - 185.0 Forest Hollow
Sideburn Run,Week2,Lincolnia Park,Week5,276.0 Sideburn Run - 117.0 Lincolnia Park
Sleepy Hollow B & R,Week2,Old Keene Mill,Week1,290.0 Sleepy Hollow B & R - 111.0 Old Keene Mill
Sideburn Run,Week5,Kings Ridge ,Week1,288.0 Sideburn Run - 114.0 Kings Ridge
Sleepy Hollow B & R,Week3,Forest Hollow,Week2,227.5 Sleepy Hollow B & R - 174.5 Forest Hollow
Sideburn Run,Week5,Lincolnia Park,Week3,297.0 Sideburn Run - 96.0 Lincolnia Park
Sideburn Run,Week3,Kings Ridge ,Week2,279.0 Sideburn Run - 123.0 Kings Ridge
Sideburn Run,Week1,Long Branch,Week3,262.0 Sideburn Run - 140.0 Long Branch
Sideburn Run,Week4,South Run,Week4,241.5 Sideburn Run - 160.5 South Run
Sideburn Run,Week4,Lincolnia Park,Week2,319.0 Sideburn Run - 74.0 Lincolnia Park
Sideburn Run,Week5,Riverside Gardens,Week4,259.0 Riverside Gardens - 143.0 Sideburn Run
Sideburn Run,Week4,Rolling Forest,Week5,204.0 Sideburn Run - 198.0 Rolling Forest
Sideburn Run,Week1,Long Branch,Week4,237.0 Sideburn Run - 165.0 Long Branch
Sideburn Run,Week5,Somerset-Olde Creek,Week1,314.0 Sideburn Run - 88.0 Somerset-Olde Creek
Sleepy Hollow B & R,Week5,Oakton ,Week2,234.0 Oakton - 168.0 Sleepy Hollow B & R
Sleepy Hollow B & R,Week2,Forest Hollow,Week4,209.0 Sleepy Hollow B & R - 193.0 Forest Hollow
Sleepy Hollow B & R,Week4,Stratford,Week4,276.0 Sleepy Hollow B & R - 126.0 Stratford
Sleepy Hollow B & R,Week1,Old Keene Mill,Week5,241.0 Sleepy Hollow B & R - 161.0 Old Keene Mill
Sleepy Hollow B & R,Week1,Forest Hollow,Week5,238.0 Forest Hollow - 164.0 Sleepy Hollow B & R
Sideburn Run,Week1,Long Branch,Week2,252.0 Sideburn Run - 145.0 Long Branch
Sideburn Run,Week3,Lincolnia Park,Week1,313.0 Sideburn Run - 89.0 Lincolnia Park
Sideburn Run,Week4,Somerset-Olde Creek,Week1,304.0 Sideburn Run - 98.0 Somerset-Olde Creek
Sideburn Run,Week5,Kent Gardens,Week5,209.0 Kent Gardens - 193.0 Sideburn Run
Sleepy Hollow B & R,Week2,Sully Station,Week2,244.0 Sully Station - 158.0 Sleepy Hollow B & R
Sleepy Hollow B & R,Week5,Oakton ,Week5,239.0 Oakton - 163.0 Sleepy Hollow B & R
Sideburn Run,Week4,South Run,Week1,207.5 Sideburn Run - 185.5 South Run
Sideburn Run,Week2,South Run,Week1,199.0 Sideburn Run - 194.0 South Run
Sideburn Run,Week3,Somerset-Olde Creek,Week5,306.0 Sideburn Run - 96.0 Somerset-Olde Creek
Sideburn Run,Week4,Somerset-Olde Creek,Week3,320.0 Sideburn Run - 82.0 Somerset-Olde Creek
Sideburn Run,Week4,Kings Ridge ,Week3,258.0 Sideburn Run - 144.0 Kings Ridge
Sideburn Run,Week4,Kings Ridge ,Week4,259.0 Sideburn Run - 143.0 Kings Ridge
Sleepy Hollow B & R,Week1,Sully Station,Week3,247.0 Sully Station - 155.0 Sleepy Hollow B & R
Sideburn Run,Week2,Rolling Forest,Week3,204.0 Sideburn Run - 198.0 Rolling Forest
Sleepy Hollow B & R,Week1,Sully Station,Week5,264.0 Sully Station - 138.0 Sleepy Hollow B & R
Sideburn Run,Week4,Little Rocky Run,Week2,241.0 Little Rocky Run - 161.0 Sideburn Run
Sleepy Hollow B & R,Week2,Sully Station,Week3,248.0 Sully Station - 154.0 Sleepy Hollow B & R
Sleepy Hollow B & R,Week2,Forest Hollow,Week3,209.0 Sleepy Hollow B & R - 193.0 Forest Hollow
Sideburn Run,Week3,Rolling Forest,Week5,205.0 Sideburn Run - 197.0 Rolling Forest
Sideburn Run,Week5,Little Rocky Run,Week2,238.0 Little Rocky Run - 164.0 Sideburn Run
Sleepy Hollow B & R,Week2,Old Keene Mill,Week2,266.0 Sleepy Hollow B & R - 136.0 Old Keene Mill
Sideburn Run,Week4,Long Branch,Week5,243.0 Sideburn Run - 159.0 Long Branch
Sideburn Run,Week5,Rolling Forest,Week2,240.0 Sideburn Run - 162.0 Rolling Forest
Sideburn Run,Week4,Long Branch,Week1,247.0 Sideburn Run - 155.0 Long Branch
Sideburn Run,Week5,Somerset-Olde Creek,Week4,319.0 Sideburn Run - 83.0 Somerset-Olde Creek
Sideburn Run,Week3,Sleepy Hollow Rec,Week5,247.0 Sideburn Run - 155.0 Sleepy Hollow Rec
Sideburn Run,Week3,South Run,Week5,219.0 South Run - 183.0 Sideburn Run
Sideburn Run,Week5,Rolling Forest,Week3,216.0 Sideburn Run - 186.0 Rolling Forest
Sideburn Run,Week2,Long Branch,Week3,249.0 Sideburn Run - 153.0 Long Branch
Sideburn Run,Week5,Kings Ridge ,Week3,284.0 Sideburn Run - 118.0 Kings Ridge
Sleepy Hollow B & R,Week1,Sully Station,Week1,261.0 Sully Station - 141.0 Sleepy Hollow B & R
Sleepy Hollow B & R,Week3,Sully Station,Week4,241.0 Sully Station - 161.0 Sleepy Hollow B & R
Sideburn Run,Week4,Kings Ridge ,Week1,269.0 Sideburn Run - 133.0 Kings Ridge
Sleepy Hollow B & R,Week2,Old Keene Mill,Week5,255.0 Sleepy Hollow B & R - 147.0 Old Keene Mill
Sideburn Run,Week3,Sleepy Hollow Rec,Week3,243.0 Sideburn Run - 159.0 Sleepy Hollow Rec
Sleepy Hollow B & R,Week2,Forest Hollow,Week1,219.0 Sleepy Hollow B & R - 183.0 Forest Hollow
Sideburn Run,Week5,Somerset-Olde Creek,Week2,327.0 Sideburn Run - 75.0 Somerset-Olde Creek
Sleepy Hollow B & R,Week5,Stratford,Week3,309.0 Sleepy Hollow B & R - 93.0 Stratford
Sleepy Hollow B & R,Week3,Forest Hollow,Week3,213.0 Sleepy Hollow B & R - 189.0 Forest Hollow
Sleepy Hollow B & R,Week3,Old Keene Mill,Week1,301.0 Sleepy Hollow B & R - 100.0 Old Keene Mill
Sideburn Run,Week5,Rolling Forest,Week4,223.0 Sideburn Run - 179.0 Rolling Forest
Sleepy Hollow B & R,Week2,Forest Hollow,Week5,210.0 Forest Hollow - 192.0 Sleepy Hollow B & R
Sideburn Run,Week5,Kings Ridge ,Week2,282.0 Sideburn Run - 120.0 Kings Ridge
Sideburn Run,Week4,Sleepy Hollow Rec,Week1,267.0 Sideburn Run - 135.0 Sleepy Hollow Rec
Sideburn Run,Week1,Rolling Hills,Week2,235.0 Sideburn Run - 167.0 Rolling Hills
Sideburn Run,Week4,Long Branch,Week4,251.0 Sideburn Run - 151.0 Long Branch
Sideburn Run,Week1,Long Branch,Week1,244.0 Sideburn Run - 153.0 Long Branch
Sleepy Hollow B & R,Week3,Forest Hollow,Week4,213.0 Sleepy Hollow B & R - 189.0 Forest Hollow
Sideburn Run,Week1,Somerset-Olde Creek,Week3,310.0 Sideburn Run - 86.0 Somerset-Olde Creek
Sleepy Hollow B & R,Week3,Forest Hollow,Week5,204.5 Forest Hollow - 197.5 Sleepy Hollow B & R
Sleepy Hollow B & R,Week3,Old Keene Mill,Week3,282.0 Sleepy Hollow B & R - 120.0 Old Keene Mill
Sideburn Run,Week2,Somerset-Olde Creek,Week1,308.0 Sideburn Run - 94.0 Somerset-Olde Creek
Sideburn Run,Week2,South Run,Week5,225.0 South Run - 177.0 Sideburn Run
Sideburn Run,Week4,Kings Ridge ,Week5,246.0 Sideburn Run - 156.0 Kings Ridge
Sideburn Run,Week3,Rolling Hills,Week5,249.0 Sideburn Run - 153.0 Rolling Hills
Sideburn Run,Week5,Kings Ridge ,Week4,272.0 Sideburn Run - 130.0 Kings Ridge
Sleepy Hollow B & R,Week1,Sully Station II,Week5,275.0 Sully Station II - 127.0 Sleepy Hollow B & R
Sideburn Run,Week2,Kings Ridge ,Week4,234.0 Sideburn Run - 168.0 Kings Ridge
Sleepy Hollow B & R,Week1,Old Keene Mill,Week4,266.0 Sleepy Hollow B & R - 136.0 Old Keene Mill
Sideburn Run,Week2,South Run,Week2,226.0 Sideburn Run - 175.0 South Run
Sideburn Run,Week4,Kings Ridge ,Week2,273.0 Sideburn Run - 129.0 Kings Ridge
Sideburn Run,Week2,South Run,Week4,233.0 Sideburn Run - 168.0 South Run
Sideburn Run,Week4,Sleepy Hollow Rec,Week5,247.0 Sideburn Run - 155.0 Sleepy Hollow Rec
Sideburn Run,Week3,South Run,Week2,232.0 Sideburn Run - 170.0 South Run
Sideburn Run,Week3,Long Branch,Week3,265.0 Sideburn Run - 137.0 Long Branch
Sideburn Run,Week1,Rolling Hills,Week5,238.0 Sideburn Run - 164.0 Rolling Hills
Sleepy Hollow B & R,Week5,Stratford,Week2,325.0 Sleepy Hollow B & R - 77.0 Stratford
Sleepy Hollow B & R,Week4,Forest Hollow,Week2,240.0 Sleepy Hollow B & R - 162.0 Forest Hollow
Sleepy Hollow B & R,Week4,Forest Hollow,Week3,224.0 Sleepy Hollow B & R - 178.0 Forest Hollow
Sleepy Hollow B & R,Week3,Old Keene Mill,Week4,288.0 Sleepy Hollow B & R - 113.0 Old Keene Mill
Sleepy Hollow B & R,Week3,Sully Station,Week2,239.0 Sully Station - 163.0 Sleepy Hollow B & R
Sideburn Run,Week2,Rolling Hills,Week4,224.0 Sideburn Run - 177.0 Rolling Hills
Sideburn Run,Week3,Long Branch,Week2,247.0 Sideburn Run - 155.0 Long Branch
Sideburn Run,Week4,Sleepy Hollow Rec,Week3,238.0 Sideburn Run - 164.0 Sleepy Hollow Rec
Sleepy Hollow B & R,Week3,Sully Station,Week1,253.0 Sully Station - 149.0 Sleepy Hollow B & R
Sleepy Hollow B & R,Week3,Old Keene Mill,Week5,259.0 Sleepy Hollow B & R - 143.0 Old Keene Mill
Sideburn Run,Week2,Kings Ridge ,Week1,251.0 Sideburn Run - 151.0 Kings Ridge
Sideburn Run,Week4,Rolling Hills,Week5,249.0 Sideburn Run - 153.0 Rolling Hills
Sideburn Run,Week3,Somerset-Olde Creek,Week1,308.0 Sideburn Run - 94.0 Somerset-Olde Creek
Sideburn Run,Week1,Kings Ridge ,Week3,264.0 Sideburn Run - 138.0 Kings Ridge
Sideburn Run,Week3,Rolling Hills,Week2,232.0 Sideburn Run - 170.0 Rolling Hills
Sideburn Run,Week5,Little Rocky Run,Week5,265.0 Little Rocky Run - 137.0 Sideburn Run
Sleepy Hollow B & R,Week4,Forest Hollow,Week1,216.0 Sleepy Hollow B & R - 186.0 Forest Hollow
Sleepy Hollow B & R,Week1,Orange Hunt,Week1,205.0 Sleepy Hollow B & R - 197.0 Orange Hunt
Sleepy Hollow B & R,Week4,Forest Hollow,Week4,222.0 Sleepy Hollow B & R - 180.0 Forest Hollow
Sleepy Hollow B & R,Week5,Forest Hollow,Week1,248.0 Sleepy Hollow B & R - 154.0 Forest Hollow
Sideburn Run,Week1,Kings Ridge ,Week1,276.0 Sideburn Run - 126.0 Kings Ridge
Sideburn Run,Week3,Sideburn Run,Week2,238.0 Sideburn Run (SR1) - 164.0 Sideburn Run (SR2)
Sideburn Run,Week5,Kings Ridge ,Week5,266.0 Sideburn Run - 136.0 Kings Ridge
Sleepy Hollow B & R,Week4,Stratford,Week3,287.0 Sleepy Hollow B & R - 115.0 Stratford
Sleepy Hollow B & R,Week2,Sully Station,Week5,260.0 Sully Station - 142.0 Sleepy Hollow B & R
Sideburn Run,Week3,Kings Ridge ,Week1,273.0 Sideburn Run - 129.0 Kings Ridge
Sleepy Hollow B & R,Week5,Stratford,Week4,291.0 Sleepy Hollow B & R - 111.0 Stratford
Sideburn Run,Week4,South Run,Week2,241.0 Sideburn Run - 161.0 South Run
Sideburn Run,Week3,Shouse Village,Week2,231.0 Sideburn Run - 171.0 Shouse Village
Sideburn Run,Week2,Somerset-Olde Creek,Week3,326.0 Sideburn Run - 76.0 Somerset-Olde Creek
Sideburn Run,Week5,Little Rocky Run,Week3,253.0 Little Rocky Run - 149.0 Sideburn Run
Sleepy Hollow B & R,Week4,Old Keene Mill,Week3,281.0 Sleepy Hollow B & R - 121.0 Old Keene Mill
Sideburn Run,Week3,Little Rocky Run,Week4,256.0 Little Rocky Run - 146.0 Sideburn Run
Sideburn Run,Week5,South Run,Week3,227.0 Sideburn Run - 175.0 South Run
Sleepy Hollow B & R,Week5,Forest Hollow,Week2,251.0 Sleepy Hollow B & R - 151.0 Forest Hollow
Sleepy Hollow B & R,Week1,Orange Hunt,Week4,213.0 Orange Hunt - 189.0 Sleepy Hollow B & R
Sideburn Run,Week5,Springboard,Week4,282.0 Sideburn Run - 120.0 Springboard
Sideburn Run,Week5,Little Rocky Run,Week1,238.0 Little Rocky Run - 164.0 Sideburn Run
Sleepy Hollow B & R,Week2,Forest Hollow,Week2,227.0 Sleepy Hollow B & R - 175.0 Forest Hollow
Sideburn Run,Week1,Rolling Valley,Week4,281.0 Sideburn Run - 121.0 Rolling Valley
Sideburn Run,Week4,South Run,Week5,220.0 South Run - 182.0 Sideburn Run
Sleepy Hollow B & R,Week5,Stratford,Week1,307.0 Sleepy Hollow B & R - 94.0 Stratford
Sideburn Run,Week3,Rolling Hills,Week4,237.0 Sideburn Run - 164.0 Rolling Hills
Sleepy Hollow B & R,Week3,Sully Station,Week3,245.0 Sully Station - 157.0 Sleepy Hollow B & R
Sideburn Run,Week2,Rolling Valley,Week3,280.0 Sideburn Run - 122.0 Rolling Valley
Sideburn Run,Week2,Springboard,Week4,259.0 Sideburn Run - 143.0 Springboard
Sideburn Run,Week2,Springboard,Week1,259.0 Sideburn Run - 142.0 Springboard
Sideburn Run,Week3,Kings Ridge ,Week4,259.0 Sideburn Run - 143.0 Kings Ridge
Sleepy Hollow B & R,Week4,Old Keene Mill,Week5,272.0 Sleepy Hollow B & R - 130.0 Old Keene Mill
Sideburn Run,Week4,Little Rocky Run,Week4,261.0 Little Rocky Run - 141.0 Sideburn Run
Sleepy Hollow B & R,Week1,Sully Station,Week2,243.0 Sully Station - 159.0 Sleepy Hollow B & R
Sleepy Hollow B & R,Week5,Old Keene Mill,Week2,301.0 Sleepy Hollow B & R - 101.0 Old Keene Mill
Sideburn Run,Week1,Sideburn Run,Week1,196.0 Sideburn Run (SR1) - 196.0 Sideburn Run (SR2)
Sideburn Run,Week3,Little Rocky Run,Week3,259.0 Little Rocky Run - 143.0 Sideburn Run
Sleepy Hollow B & R,Week4,Old Keene Mill,Week2,285.0 Sleepy Hollow B & R - 117.0 Old Keene Mill
Sideburn Run,Week1,Springfield,Week3,340.0 Sideburn Run - 54.0 Springfield
Sideburn Run,Week1,Kings Ridge ,Week2,274.0 Sideburn Run - 128.0 Kings Ridge
Sideburn Run,Week4,Sideburn Run,Week1,206.5 Sideburn Run (SR1) - 195.5 Sideburn Run (SR2)
Sideburn Run,Week5,Little Rocky Run,Week4,241.0 Little Rocky Run - 161.0 Sideburn Run
Sleepy Hollow B & R,Week5,Forest Hollow,Week3,249.0 Sleepy Hollow B & R - 153.0 Forest Hollow
Sideburn Run,Week2,Rolling Hills,Week2,212.0 Sideburn Run - 190.0 Rolling Hills
Sideburn Run,Week4,Shouse Village,Week3,210.0 Sideburn Run - 192.0 Shouse Village
Sideburn Run,Week4,Little Rocky Run,Week1,233.0 Little Rocky Run - 169.0 Sideburn Run
Sleepy Hollow B & R,Week5,Stratford,Week5,292.0 Sleepy Hollow B & R - 109.0 Stratford
Sideburn Run,Week2,Kings Ridge ,Week3,257.0 Sideburn Run - 145.0 Kings Ridge
Sleepy Hollow B & R,Week5,Forest Hollow,Week5,224.0 Sleepy Hollow B & R - 178.0 Forest Hollow
Sideburn Run,Week5,Rolling Hills,Week5,258.0 Sideburn Run - 144.0 Rolling Hills
Sideburn Run,Week1,Springfield,Week1,342.5 Sideburn Run - 51.5 Springfield
Sideburn Run,Week4,Shouse Village,Week2,229.0 Sideburn Run - 173.0 Shouse Village
Sideburn Run,Week4,Rolling Hills,Week2,246.0 Sideburn Run - 156.0 Rolling Hills
Sleepy Hollow B & R,Week1,Overlee,Week1,324.0 Overlee - 78.0 Sleepy Hollow B & R
Sleepy Hollow B & R,Week5,Forest Hollow,Week4,231.0 Sleepy Hollow B & R - 171.0 Forest Hollow
Sleepy Hollow B & R,Week1,Overlee,Week2,339.0 Overlee - 63.0 Sleepy Hollow B & R
Sleepy Hollow B & R,Week1,Orange Hunt,Week3,224.0 Orange Hunt - 178.0 Sleepy Hollow B & R
Sleepy Hollow B & R,Week4,Sully Station,Week3,229.0 Sully Station - 173.0 Sleepy Hollow B & R
Sideburn Run,Week4,Springboard,Week2,292.0 Sideburn Run - 109.0 Springboard
Sleepy Hollow B & R,Week4,Sully Station,Week2,232.0 Sully Station - 170.0 Sleepy Hollow B & R
Sideburn Run,Week3,Little Rocky Run,Week5,277.0 Little Rocky Run - 125.0 Sideburn Run
Sideburn Run,Week2,Long Branch,Week1,236.0 Sideburn Run - 166.0 Long Branch
Sideburn Run,Week3,Rolling Hills,Week1,224.0 Sideburn Run - 178.0 Rolling Hills
Sideburn Run,Week5,Shouse Village,Week2,241.0 Sideburn Run - 161.0 Shouse Village
Sleepy Hollow B & R,Week3,Orange Hunt,Week3,204.0 Sleepy Hollow B & R - 198.0 Orange Hunt
Sideburn Run,Week4,Shouse Village,Week4,211.0 Shouse Village - 191.0 Sideburn Run
Sideburn Run,Week5,Shouse Village,Week3,207.0 Sideburn Run - 195.0 Shouse Village
Sleepy Hollow B & R,Week2,Orange Hunt,Week4,210.0 Sleepy Hollow B & R - 192.0 Orange Hunt
Sleepy Hollow B & R,Week5,Sully Station,Week4,202.0 Sleepy Hollow B & R - 200.0 Sully Station
Sleepy Hollow B & R,Week5,Sully Station,Week2,208.0 Sully Station - 194.0 Sleepy Hollow B & R
Sideburn Run,Week1,Rolling Valley,Week5,285.0 Sideburn Run - 117.0 Rolling Valley
Sideburn Run,Week3,Springboard,Week1,266.0 Sideburn Run - 135.0 Springboard
Sideburn Run,Week1,Springboard,Week4,256.0 Sideburn Run - 146.0 Springboard
Sideburn Run,Week1,Rolling Valley,Week3,286.0 Sideburn Run - 116.0 Rolling Valley
Sleepy Hollow B & R,Week4,Sully Station,Week4,232.0 Sully Station - 170.0 Sleepy Hollow B & R
Sideburn Run,Week2,Long Branch,Week2,239.5 Sideburn Run - 162.5 Long Branch
Sleepy Hollow B & R,Week5,Old Keene Mill,Week5,279.0 Sleepy Hollow B & R - 123.0 Old Keene Mill
Sideburn Run,Week1,Sideburn Run,Week2,228.0 Sideburn Run (SR1) - 174.0 Sideburn Run (SR2)
Sideburn Run,Week1,Lakeview,Week5,290.0 Sideburn Run - 98.0 Lakeview
Sideburn Run,Week5,Springboard,Week2,301.0 Sideburn Run - 100.0 Springboard
Sideburn Run,Week1,Rolling Valley,Week2,290.0 Sideburn Run - 112.0 Rolling Valley
Sideburn Run,Week3,Springboard,Week5,265.0 Sideburn Run - 136.0 Springboard
Sleepy Hollow B & R,Week5,Sully Station,Week1,218.0 Sully Station - 184.0 Sleepy Hollow B & R
Sleepy Hollow B & R,Week2,Orange Hunt,Week1,235.0 Sleepy Hollow B & R - 167.0 Orange Hunt
Sideburn Run,Week2,Long Branch,Week5,229.0 Sideburn Run - 173.0 Long Branch
Sideburn Run,Week5,Rolling Hills,Week4,248.0 Sideburn Run - 153.0 Rolling Hills
Sideburn Run,Week3,Lakeview,Week5,287.0 Sideburn Run - 106.0 Lakeview
Sideburn Run,Week1,Langley,Week3,236.5 Langley - 165.5 Sideburn Run
Sideburn Run,Week4,Shouse Village,Week1,231.0 Sideburn Run - 171.0 Shouse Village
Sideburn Run,Week1,Long Branch,Week5,238.0 Sideburn Run - 164.0 Long Branch
Sideburn Run,Week2,Langley,Week2,252.5 Langley - 149.5 Sideburn Run
Sleepy Hollow B & R,Week3,Orange Hunt,Week4,216.0 Sleepy Hollow B & R - 186.0 Orange Hunt
Sideburn Run,Week2,Springfield,Week2,353.0 Sideburn Run - 47.0 Springfield
Sleepy Hollow B & R,Week1,Sully Station II,Week1,239.0 Sully Station II - 163.0 Sleepy Hollow B & R
Sideburn Run,Week1,Springboard,Week3,267.0 Sideburn Run - 135.0 Springboard
Sideburn Run,Week2,Sideburn Run,Week5,255.0 Sideburn Run (SR2) - 147.0 Sideburn Run (SR1)
Sleepy Hollow B & R,Week3,Sully Station II,Week1,231.0 Sully Station II - 170.0 Sleepy Hollow B & R
Sideburn Run,Week2,Sideburn Run,Week1,228.0 Sideburn Run (SR2) - 174.0 Sideburn Run (SR1)
Sideburn Run,Week3,Long Branch,Week1,258.0 Sideburn Run - 144.0 Long Branch
Sideburn Run,Week1,Sideburn Run,Week5,227.0 Sideburn Run (SR2) - 175.0 Sideburn Run (SR1)
Sideburn Run,Week1,Rolling Hills,Week1,231.0 Sideburn Run - 171.0 Rolling Hills
Sleepy Hollow B & R,Week4,Sully Station,Week5,253.0 Sully Station - 149.0 Sleepy Hollow B & R
Sleepy Hollow B & R,Week4,Orange Hunt,Week1,223.0 Sleepy Hollow B & R - 179.0 Orange Hunt
Sleepy Hollow B & R,Week5,Sully Station,Week3,204.0 Sully Station - 198.0 Sleepy Hollow B & R
Sideburn Run,Week3,Long Branch,Week4,247.0 Sideburn Run - 155.0 Long Branch
Sideburn Run,Week3,Lakeview,Week2,309.0 Sideburn Run - 93.0 Lakeview
Sideburn Run,Week1,Springboard,Week1,269.0 Sideburn Run - 133.0 Springboard
Sideburn Run,Week2,Rolling Hills,Week1,215.0 Sideburn Run - 187.0 Rolling Hills
Sideburn Run,Week3,Sideburn Run,Week1,209.0 Sideburn Run (SR2) - 193.0 Sideburn Run (SR1)
Sleepy Hollow B & R,Week5,Sully Station,Week5,229.0 Sully Station - 173.0 Sleepy Hollow B & R
Sideburn Run,Week3,Sideburn Run,Week3,201.0 Sideburn Run (SR1) - 201.0 Sideburn Run (SR2)
Sleepy Hollow B & R,Week1,Sully Station II,Week4,221.0 Sully Station II - 181.0 Sleepy Hollow B & R
Sideburn Run,Week4,Rolling Hills,Week4,248.0 Sideburn Run - 153.0 Rolling Hills
Sideburn Run,Week4,Long Branch,Week2,249.0 Sideburn Run - 153.0 Long Branch
Sideburn Run,Week3,Mansion House,Week2,216.0 Mansion House - 186.0 Sideburn Run
Sleepy Hollow B & R,Week4,Orange Hunt,Week4,217.0 Sleepy Hollow B & R - 185.0 Orange Hunt
Sleepy Hollow B & R,Week2,Orange Hunt,Week3,211.0 Sleepy Hollow B & R - 191.0 Orange Hunt
Sideburn Run,Week5,Lakeview,Week4,283.0 Sideburn Run - 119.0 Lakeview
Sideburn Run,Week5,Lakeview,Week3,289.0 Sideburn Run - 113.0 Lakeview
Sideburn Run,Week3,Rolling Hills,Week3,225.0 Sideburn Run - 177.0 Rolling Hills
Sideburn Run,Week5,Springboard,Week1,277.0 Sideburn Run - 124.0 Springboard
Sideburn Run,Week1,Springboard,Week5,264.0 Sideburn Run - 138.0 Springboard
Sideburn Run,Week3,Lakeview,Week3,294.0 Sideburn Run - 108.0 Lakeview
Sleepy Hollow B & R,Week1,Sully Station II,Week2,255.0 Sully Station II - 147.0 Sleepy Hollow B & R
Sideburn Run,Week2,Mansion House,Week3,259.0 Mansion House - 143.0 Sideburn Run
Sideburn Run,Week5,Long Branch,Week1,245.0 Sideburn Run - 157.0 Long Branch
Sideburn Run,Week3,Long Branch,Week5,244.0 Sideburn Run - 158.0 Long Branch
Sideburn Run,Week4,Lakeview,Week4,278.0 Sideburn Run - 124.0 Lakeview
Sideburn Run,Week2,Rolling Hills,Week5,223.0 Sideburn Run - 179.0 Rolling Hills
Sleepy Hollow B & R,Week3,Orange Hunt,Week2,206.5 Sleepy Hollow B & R - 195.5 Orange Hunt
Sleepy Hollow B & R,Week4,Orange Hunt,Week2,218.0 Sleepy Hollow B & R - 184.0 Orange Hunt
Sleepy Hollow B & R,Week4,Orange Hunt,Week5,228.0 Orange Hunt - 174.0 Sleepy Hollow B & R
Sideburn Run,Week4,Springboard,Week3,276.0 Sideburn Run - 125.0 Springboard
Sideburn Run,Week2,Lakeview,Week2,291.0 Sideburn Run - 111.0 Lakeview
Sideburn Run,Week1,Langley,Week4,243.0 Langley - 159.0 Sideburn Run
Sideburn Run,Week3,Springboard,Week2,289.5 Sideburn Run - 111.5 Springboard
Sideburn Run,Week3,Shouse Village,Week3,211.0 Sideburn Run - 191.0 Shouse Village
Sideburn Run,Week5,Rolling Forest,Week5,208.0 Sideburn Run - 194.0 Rolling Forest
Sideburn Run,Week1,Rolling Hills,Week4,232.0 Sideburn Run - 170.0 Rolling Hills
Sideburn Run,Week5,Shouse Village,Week4,202.0 Sideburn Run - 200.0 Shouse Village
Sideburn Run,Week2,Springboard,Week3,253.0 Sideburn Run - 148.0 Springboard
Sideburn Run,Week4,Long Branch,Week3,267.0 Sideburn Run - 135.0 Long Branch
Sideburn Run,Week5,Rolling Hills,Week3,243.0 Sideburn Run - 159.0 Rolling Hills
Sideburn Run,Week2,Langley,Week1,267.0 Langley - 135.0 Sideburn Run
Sleepy Hollow B & R,Week1,Orange Hunt,Week2,234.5 Orange Hunt - 167.5 Sleepy Hollow B & R
Sideburn Run,Week5,South Run,Week5,213.0 Sideburn Run - 189.0 South Run
Sideburn Run,Week3,Sideburn Run,Week5,213.0 Sideburn Run (SR2) - 189.0 Sideburn Run (SR1)
Sideburn Run,Week1,Mansion House,Week5,235.0 Mansion House - 167.0 Sideburn Run
Sleepy Hollow B & R,Week5,Old Keene Mill,Week4,315.0 Sleepy Hollow B & R - 86.0 Old Keene Mill
Sideburn Run,Week1,Rolling Hills,Week3,235.0 Sideburn Run - 167.0 Rolling Hills
Sideburn Run,Week5,Shouse Village,Week5,204.0 Sideburn Run - 198.0 Shouse Village
Sideburn Run,Week4,Rolling Hills,Week1,233.0 Sideburn Run - 169.0 Rolling Hills
Sleepy Hollow B & R,Week1,Sully Station II,Week3,281.0 Sully Station II - 121.0 Sleepy Hollow B & R
Sleepy Hollow B & R,Week3,Sully Station II,Week5,265.0 Sully Station II - 137.0 Sleepy Hollow B & R
Sleepy Hollow B & R,Week5,Orange Hunt,Week1,247.0 Sleepy Hollow B & R - 155.0 Orange Hunt
Sideburn Run,Week4,Shouse Village,Week5,203.0 Sideburn Run - 199.0 Shouse Village
Sleepy Hollow B & R,Week4,Sully Station II,Week4,205.0 Sleepy Hollow B & R - 197.0 Sully Station II
Sideburn Run,Week5,Long Branch,Week3,268.0 Sideburn Run - 134.0 Long Branch
Sideburn Run,Week3,Springboard,Week3,274.0 Sideburn Run - 127.0 Springboard
Sideburn Run,Week5,Lakeview,Week1,315.0 Sideburn Run - 87.0 Lakeview
Sideburn Run,Week1,Langley,Week1,244.0 Langley - 158.0 Sideburn Run
Sideburn Run,Week2,Springboard,Week2,276.0 Sideburn Run - 125.0 Springboard
Sleepy Hollow B & R,Week3,Orange Hunt,Week1,235.0 Sleepy Hollow B & R - 167.0 Orange Hunt
Sideburn Run,Week2,Sideburn Run,Week3,238.0 Sideburn Run (SR2) - 164.0 Sideburn Run (SR1)
Sideburn Run,Week5,Shouse Village,Week1,231.0 Sideburn Run - 171.0 Shouse Village
Sleepy Hollow B & R,Week3,Sully Station II,Week4,219.5 Sully Station II - 182.5 Sleepy Hollow B & R
Sleepy Hollow B & R,Week2,Sully Station II,Week1,230.0 Sully Station II - 172.0 Sleepy Hollow B & R
Sideburn Run,Week4,Rolling Hills,Week3,241.0 Sideburn Run - 161.0 Rolling Hills
Sideburn Run,Week2,Lakeview,Week3,280.0 Sideburn Run - 122.0 Lakeview
Sleepy Hollow B & R,Week1,Orange Hunt,Week5,231.0 Orange Hunt - 171.0 Sleepy Hollow B & R
Sleepy Hollow B & R,Week3,Orange Hunt,Week5,213.0 Orange Hunt - 189.0 Sleepy Hollow B & R
Sideburn Run,Week3,Lakeview,Week4,284.0 Sideburn Run - 118.0 Lakeview
Sleepy Hollow B & R,Week3,Sully Station II,Week3,269.0 Sully Station II - 133.0 Sleepy Hollow B & R
Sideburn Run,Week1,Lakeview,Week4,276.0 Sideburn Run - 121.0 Lakeview
Sideburn Run,Week3,Lakeview,Week1,315.0 Sideburn Run - 87.0 Lakeview
Sleepy Hollow B & R,Week4,Orange Hunt,Week3,212.0 Sleepy Hollow B & R - 190.0 Orange Hunt
Sideburn Run,Week1,Rolling Valley,Week1,312.5 Sideburn Run - 89.5 Rolling Valley
Sideburn Run,Week1,Langley,Week2,222.0 Langley - 180.0 Sideburn Run
Sleepy Hollow B & R,Week5,Orange Hunt,Week2,234.0 Sleepy Hollow B & R - 168.0 Orange Hunt
Sideburn Run,Week3,Springboard,Week4,271.0 Sideburn Run - 131.0 Springboard
Sideburn Run,Week4,Springboard,Week4,273.0 Sideburn Run - 129.0 Springboard
Sideburn Run,Week5,Mansion House,Week1,232.0 Mansion House - 170.0 Sideburn Run
Sideburn Run,Week5,Rolling Hills,Week2,250.0 Sideburn Run - 152.0 Rolling Hills
Sideburn Run,Week4,Springboard,Week5,271.0 Sideburn Run - 130.0 Springboard
Sideburn Run,Week2,Rolling Hills,Week3,203.0 Rolling Hills - 199.0 Sideburn Run
Sideburn Run,Week3,Mansion House,Week5,239.0 Mansion House - 163.0 Sideburn Run
Sleepy Hollow B & R,Week2,Sully Station II,Week4,213.0 Sully Station II - 189.0 Sleepy Hollow B & R
Sideburn Run,Week4,Mansion House,Week3,233.0 Mansion House - 169.0 Sideburn Run
Sleepy Hollow B & R,Week5,Sully Station II,Week1,219.0 Sleepy Hollow B & R - 182.0 Sully Station II
Sideburn Run,Week1,Sideburn Run,Week3,209.0 Sideburn Run (SR1) - 193.0 Sideburn Run (SR2)
Sideburn Run,Week4,Springboard,Week1,268.0 Sideburn Run - 133.0 Springboard
Sideburn Run,Week2,Sideburn Run,Week2,201.0 Sideburn Run (SR1) - 201.0 Sideburn Run (SR2)
Sideburn Run,Week4,Mansion House,Week2,213.0 Mansion House - 189.0 Sideburn Run
Sideburn Run,Week4,Lakeview,Week1,315.0 Sideburn Run - 87.0 Lakeview
Sideburn Run,Week5,Rolling Hills,Week1,245.0 Sideburn Run - 157.0 Rolling Hills
Sideburn Run,Week2,Lakeview,Week5,277.0 Sideburn Run - 116.0 Lakeview
Sideburn Run,Week1,Sideburn Run,Week4,206.5 Sideburn Run (SR2) - 195.5 Sideburn Run (SR1)
Sleepy Hollow B & R,Week5,Sully Station II,Week5,239.0 Sully Station II - 163.0 Sleepy Hollow B & R
Sleepy Hollow B & R,Week2,Orange Hunt,Week2,211.0 Sleepy Hollow B & R - 191.0 Orange Hunt
Sideburn Run,Week2,Lakeview,Week4,277.0 Sideburn Run - 125.0 Lakeview
Sideburn Run,Week2,Mansion House,Week5,259.0 Mansion House - 143.0 Sideburn Run
Sleepy Hollow B & R,Week1,Truro,Week1,279.0 Sleepy Hollow B & R - 123.0 Truro
Sideburn Run,Week5,Springboard,Week5,289.0 Sideburn Run - 112.0 Springboard
Sideburn Run,Week2,Rolling Valley,Week2,289.0 Sideburn Run - 113.0 Rolling Valley
Sideburn Run,Week5,Mansion House,Week2,201.0 Mansion House - 201.0 Sideburn Run
Sleepy Hollow B & R,Week5,Sully Station II,Week3,241.0 Sully Station II - 161.0 Sleepy Hollow B & R
Sideburn Run,Week2,Rutherford,Week2,257.0 Sideburn Run - 145.0 Rutherford
Sideburn Run,Week3,Old Keene Mill,Week2,263.0 Sideburn Run - 139.0 Old Keene Mill
Sideburn Run,Week5,Mansion House,Week4,216.0 Mansion House - 186.0 Sideburn Run
Sideburn Run,Week2,Rutherford,Week1,271.0 Sideburn Run - 131.0 Rutherford
Sideburn Run,Week2,Rolling Valley,Week1,320.0 Sideburn Run - 82.0 Rolling Valley
Sleepy Hollow B & R,Week3,Overlee,Week1,312.0 Overlee - 90.0 Sleepy Hollow B & R
Sideburn Run,Week1,Springfield,Week4,338.0 Sideburn Run - 53.0 Springfield
Sleepy Hollow B & R,Week2,Truro,Week1,291.0 Sleepy Hollow B & R - 111.0 Truro
Sideburn Run,Week1,Springboard,Week2,283.0 Sideburn Run - 119.0 Springboard
Sideburn Run,Week2,Old Keene Mill,Week4,268.0 Sideburn Run - 134.0 Old Keene Mill
Sideburn Run,Week5,Rolling Valley,Week2,320.0 Sideburn Run - 82.0 Rolling Valley
Sleepy Hollow B & R,Week5,Orange Hunt,Week4,235.0 Sleepy Hollow B & R - 167.0 Orange Hunt
Sideburn Run,Week2,Lakeview,Week1,304.0 Sideburn Run - 98.0 Lakeview
Sideburn Run,Week2,Sideburn Run,Week4,230.0 Sideburn Run (SR2) - 172.0 Sideburn Run (SR1)
Sideburn Run,Week1,Springfield,Week2,344.0 Sideburn Run - 50.0 Springfield
Sideburn Run,Week2,Springboard,Week5,256.0 Sideburn Run - 145.0 Springboard
Sideburn Run,Week3,Mansion House,Week4,210.0 Mansion House - 192.0 Sideburn Run
Sideburn Run,Week5,Lakeview,Week5,291.0 Sideburn Run - 102.0 Lakeview
Sideburn Run,Week3,Oakton ,Week5,269.0 Oakton - 133.0 Sideburn Run
Sideburn Run,Week4,Sideburn Run,Week3,208.0 Sideburn Run (SR1) - 194.0 Sideburn Run (SR2)
Sleepy Hollow B & R,Week5,Orange Hunt,Week3,238.5 Sleepy Hollow B & R - 163.5 Orange Hunt
Sideburn Run,Week4,Mansion House,Week5,243.0 Mansion House - 159.0 Sideburn Run
Sleepy Hollow B & R,Week5,Orange Hunt,Week5,216.0 Sleepy Hollow B & R - 186.0 Orange Hunt
Sideburn Run,Week3,Sideburn Run,Week4,208.0 Sideburn Run (SR2) - 194.0 Sideburn Run (SR1)
Sideburn Run,Week5,Springboard,Week3,285.0 Sideburn Run - 116.0 Springboard
Sideburn Run,Week3,Shouse Village,Week4,216.0 Shouse Village - 186.0 Sideburn Run
Sleepy Hollow B & R,Week5,Sully Station II,Week2,215.0 Sully Station II - 186.0 Sleepy Hollow B & R
Sideburn Run,Week5,Long Branch,Week4,257.0 Sideburn Run - 145.0 Long Branch
Sleepy Hollow B & R,Week2,Orange Hunt,Week5,220.0 Orange Hunt - 182.0 Sleepy Hollow B & R
Sideburn Run,Week3,Shouse Village,Week5,206.0 Sideburn Run - 196.0 Shouse Village
Sideburn Run,Week3,Oakton ,Week2,268.0 Oakton - 134.0 Sideburn Run
Sleepy Hollow B & R,Week4,Sully Station II,Week5,248.0 Sully Station II - 154.0 Sleepy Hollow B & R
Sideburn Run,Week4,Lakeview,Week2,304.0 Sideburn Run - 98.0 Lakeview
Sleepy Hollow B & R,Week4,Overlee,Week5,351.0 Overlee - 51.0 Sleepy Hollow B & R
Sideburn Run,Week4,Lakeview,Week5,284.0 Sideburn Run - 109.0 Lakeview
Sideburn Run,Week5,Oakton ,Week5,250.0 Oakton - 152.0 Sideburn Run
Sideburn Run,Week2,Springfield,Week1,353.0 Sideburn Run - 47.0 Springfield
Sideburn Run,Week1,Springfield,Week5,355.0 Sideburn Run - 39.0 Springfield
Sideburn Run,Week5,Rolling Valley,Week5,308.0 Sideburn Run - 94.0 Rolling Valley
Sideburn Run,Week4,Sideburn Run,Week2,230.0 Sideburn Run (SR1) - 172.0 Sideburn Run (SR2)
Sideburn Run,Week5,Long Branch,Week2,264.0 Sideburn Run - 138.0 Long Branch
Sideburn Run,Week3,Springfield,Week4,358.0 Sideburn Run - 43.0 Springfield
Sideburn Run,Week4,Sideburn Run,Week5,225.0 Sideburn Run (SR2) - 177.0 Sideburn Run (SR1)
Sleepy Hollow B & R,Week2,Sully Station II,Week3,268.0 Sully Station II - 134.0 Sleepy Hollow B & R
Sideburn Run,Week4,Oakton ,Week4,268.0 Oakton - 134.0 Sideburn Run
Sleepy Hollow B & R,Week1,Truro,Week4,266.0 Sleepy Hollow B & R - 136.0 Truro
Sideburn Run,Week4,Oakton ,Week3,258.0 Oakton - 144.0 Sideburn Run
Sideburn Run,Week4,Sideburn Run,Week4,201.0 Sideburn Run (SR1) - 201.0 Sideburn Run (SR2)
Sideburn Run,Week5,Mansion House,Week5,243.0 Mansion House - 159.0 Sideburn Run
Sideburn Run,Week4,Rolling Valley,Week5,305.0 Sideburn Run - 97.0 Rolling Valley
Sleepy Hollow B & R,Week3,Overlee,Week4,356.0 Overlee - 46.0 Sleepy Hollow B & R
Sideburn Run,Week3,Rolling Valley,Week1,332.0 Sideburn Run - 70.0 Rolling Valley
Sideburn Run,Week5,Mansion House,Week3,234.0 Mansion House - 168.0 Sideburn Run
Sleepy Hollow B & R,Week5,Overlee,Week1,274.0 Overlee - 128.0 Sleepy Hollow B & R
Sideburn Run,Week4,Lakeview,Week3,290.0 Sideburn Run - 112.0 Lakeview
Sideburn Run,Week2,Stratford,Week1,267.0 Sideburn Run - 135.0 Stratford
Sideburn Run,Week5,Lakeview,Week2,320.0 Sideburn Run - 82.0 Lakeview
Sideburn Run,Week4,Rolling Valley,Week4,301.0 Sideburn Run - 101.0 Rolling Valley
Sideburn Run,Week5,Sideburn Run,Week4,225.0 Sideburn Run (SR1) - 177.0 Sideburn Run (SR2)
Sleepy Hollow B & R,Week2,Overlee,Week3,300.0 Overlee - 102.0 Sleepy Hollow B & R
Sideburn Run,Week1,Langley,Week5,234.5 Langley - 167.5 Sideburn Run
Sleepy Hollow B & R,Week1,Truro,Week5,272.0 Sleepy Hollow B & R - 130.0 Truro
Sleepy Hollow B & R,Week2,Parklawn,Week3,307.0 Sleepy Hollow B & R - 94.0 Parklawn
Sleepy Hollow B & R,Week1,Truro,Week3,272.0 Sleepy Hollow B & R - 129.0 Truro
Sideburn Run,Week1,Mansion House,Week1,225.0 Mansion House - 177.0 Sideburn Run
Sideburn Run,Week2,Oakton ,Week5,280.5 Oakton - 121.5 Sideburn Run
Sleepy Hollow B & R,Week1,Truro,Week2,288.0 Sleepy Hollow B & R - 114.0 Truro
Sideburn Run,Week5,Oakton ,Week2,253.0 Oakton - 149.0 Sideburn Run
Sideburn Run,Week1,Mansion House,Week2,216.0 Mansion House - 186.0 Sideburn Run
Sleepy Hollow B & R,Week4,Sully Station II,Week1,211.0 Sully Station II - 191.0 Sleepy Hollow B & R
Sideburn Run,Week3,Springfield,Week2,356.0 Sideburn Run - 45.0 Springfield
Sideburn Run,Week5,Sideburn Run,Week1,227.0 Sideburn Run (SR1) - 175.0 Sideburn Run (SR2)
Sideburn Run,Week1,Stratford,Week2,270.0 Sideburn Run - 132.0 Stratford
Sideburn Run,Week5,Sideburn Run,Week2,255.0 Sideburn Run (SR1) - 147.0 Sideburn Run (SR2)
Sideburn Run,Week4,Langley,Week2,232.5 Langley - 169.5 Sideburn Run
Sleepy Hollow B & R,Week2,Overlee,Week5,344.0 Overlee - 58.0 Sleepy Hollow B & R
Sideburn Run,Week5,Oakton ,Week1,248.0 Oakton - 154.0 Sideburn Run
Sideburn Run,Week5,Sideburn Run,Week5,201.0 Sideburn Run (SR1) - 201.0 Sideburn Run (SR2)
Sideburn Run,Week5,Rolling Valley,Week1,336.0 Sideburn Run - 66.0 Rolling Valley
Sideburn Run,Week4,Langley,Week1,258.0 Langley - 144.0 Sideburn Run
Sideburn Run,Week5,Oakton ,Week4,245.0 Oakton - 157.0 Sideburn Run
Sideburn Run,Week5,Long Branch,Week5,242.0 Sideburn Run - 160.0 Long Branch
Sideburn Run,Week1,Mansion House,Week3,239.0 Mansion House - 163.0 Sideburn Run
Sleepy Hollow B & R,Week2,Overlee,Week4,355.0 Overlee - 47.0 Sleepy Hollow B & R
Sideburn Run,Week5,Rolling Valley,Week3,312.0 Sideburn Run - 90.0 Rolling Valley
Sideburn Run,Week3,Springfield,Week1,357.0 Sideburn Run - 44.0 Springfield
Sideburn Run,Week5,Rolling Valley,Week4,309.0 Sideburn Run - 93.0 Rolling Valley
Sleepy Hollow B & R,Week2,Sully Station II,Week2,243.0 Sully Station II - 159.0 Sleepy Hollow B & R
Sleepy Hollow B & R,Week5,Overlee,Week2,307.0 Overlee - 95.0 Sleepy Hollow B & R
Sideburn Run,Week3,Mansion House,Week3,233.0 Mansion House - 169.0 Sideburn Run
Sleepy Hollow B & R,Week3,Overlee,Week3,315.0 Overlee - 87.0 Sleepy Hollow B & R
Sideburn Run,Week2,Oakton ,Week4,272.0 Oakton - 130.0 Sideburn Run
Sideburn Run,Week5,Langley,Week3,225.0 Langley - 177.0 Sideburn Run
Sideburn Run,Week2,Mansion House,Week2,233.0 Mansion House - 169.0 Sideburn Run
Sleepy Hollow B & R,Week5,Sully Station II,Week4,214.0 Sleepy Hollow B & R - 188.0 Sully Station II
Sideburn Run,Week1,Sleepy Hollow B & R,Week1,221.0 Sideburn Run - 181.0 Sleepy Hollow B & R
Sideburn Run,Week1,Old Keene Mill,Week5,243.0 Sideburn Run - 159.0 Old Keene Mill
Sideburn Run,Week1,Sleepy Hollow B & R,Week2,212.0 Sideburn Run - 190.0 Sleepy Hollow B & R
Sideburn Run,Week3,Langley,Week5,247.0 Langley - 155.0 Sideburn Run
Sideburn Run,Week5,Sideburn Run,Week3,213.0 Sideburn Run (SR1) - 189.0 Sideburn Run (SR2)
Sideburn Run,Week1,Mansion House,Week4,223.0 Mansion House - 179.0 Sideburn Run
Sideburn Run,Week1,Old Keene Mill,Week1,260.0 Sideburn Run - 142.0 Old Keene Mill
Sideburn Run,Week5,Springfield,Week1,369.0 Sideburn Run - 33.0 Springfield
Sleepy Hollow B & R,Week4,Overlee,Week4,354.0 Overlee - 48.0 Sleepy Hollow B & R
Sideburn Run,Week4,Rolling Valley,Week2,317.0 Sideburn Run - 85.0 Rolling Valley
Sideburn Run,Week5,Langley,Week2,217.0 Langley - 185.0 Sideburn Run
Sleepy Hollow B & R,Week3,Overlee,Week2,331.0 Overlee - 71.0 Sleepy Hollow B & R
Sideburn Run,Week5,Springfield,Week4,363.0 Sideburn Run - 39.0 Springfield
Sideburn Run,Week1,Stratford,Week3,260.0 Sideburn Run - 142.0 Stratford
Sleepy Hollow B & R,Week4,Sully Station II,Week2,223.0 Sully Station II - 179.0 Sleepy Hollow B & R
Sideburn Run,Week2,Mansion House,Week4,227.0 Mansion House - 175.0 Sideburn Run
Sleepy Hollow B & R,Week3,Sully Station II,Week2,250.0 Sully Station II - 151.0 Sleepy Hollow B & R
Sideburn Run,Week5,Langley,Week1,236.0 Langley - 166.0 Sideburn Run
Sideburn Run,Week4,Springfield,Week1,361.0 Sideburn Run - 38.0 Springfield
Sleepy Hollow B & R,Week1,Overlee,Week3,323.0 Overlee - 79.0 Sleepy Hollow B & R
Sideburn Run,Week2,Mansion House,Week1,236.0 Mansion House - 166.0 Sideburn Run
Sideburn Run,Week1,Old Keene Mill,Week4,271.0 Sideburn Run - 131.0 Old Keene Mill
Sideburn Run,Week4,Langley,Week3,249.0 Langley - 153.0 Sideburn Run
Sideburn Run,Week1,Rutherford,Week2,267.0 Sideburn Run - 135.0 Rutherford
Sideburn Run,Week2,Langley,Week3,256.0 Langley - 146.0 Sideburn Run
Sideburn Run,Week3,Mansion House,Week1,226.0 Mansion House - 176.0 Sideburn Run
Sideburn Run,Week3,Oakton ,Week1,248.0 Oakton - 154.0 Sideburn Run
Sideburn Run,Week3,Rolling Valley,Week4,293.0 Sideburn Run - 109.0 Rolling Valley
Sleepy Hollow B & R,Week2,Sully Station II,Week5,270.0 Sully Station II - 132.0 Sleepy Hollow B & R
Sideburn Run,Week2,Rolling Valley,Week5,271.0 Sideburn Run - 131.0 Rolling Valley
Sideburn Run,Week5,Springfield,Week3,364.0 Sideburn Run - 37.0 Springfield
Sideburn Run,Week3,Rutherford,Week1,278.0 Sideburn Run - 124.0 Rutherford
Sleepy Hollow B & R,Week4,Sully Station II,Week3,258.0 Sully Station II - 144.0 Sleepy Hollow B & R
Sideburn Run,Week1,Sleepy Hollow B & R,Week4,202.0 Sleepy Hollow B & R - 200.0 Sideburn Run
Sideburn Run,Week4,Oakton ,Week2,264.5 Oakton - 137.5 Sideburn Run
Sideburn Run,Week1,Rutherford,Week5,246.0 Sideburn Run - 156.0 Rutherford
Sideburn Run,Week1,Sleepy Hollow B & R,Week3,207.0 Sideburn Run - 195.0 Sleepy Hollow B & R
Sideburn Run,Week3,Oakton ,Week4,251.0 Oakton - 151.0 Sideburn Run
Sideburn Run,Week1,Stratford,Week5,259.0 Sideburn Run - 143.0 Stratford
Sleepy Hollow B & R,Week4,Overlee,Week2,327.0 Overlee - 75.0 Sleepy Hollow B & R
Sideburn Run,Week3,Stratford,Week5,272.0 Sideburn Run - 130.0 Stratford
Sideburn Run,Week1,Laurel Hill,Week1,262.0 Sideburn Run - 139.0 Laurel Hill
Sideburn Run,Week1,Laurel Hill,Week2,286.0 Sideburn Run - 110.0 Laurel Hill
Sideburn Run,Week1,Stratford,Week1,277.0 Sideburn Run - 120.0 Stratford
Sleepy Hollow B & R,Week5,Overlee,Week3,290.0 Overlee - 112.0 Sleepy Hollow B & R
Sideburn Run,Week5,Langley,Week5,224.0 Langley - 178.0 Sideburn Run
Sleepy Hollow B & R,Week2,Overlee,Week1,303.0 Overlee - 99.0 Sleepy Hollow B & R
Sideburn Run,Week5,Mantua,Week4,237.0 Mantua - 165.0 Sideburn Run
Sideburn Run,Week4,Mansion House,Week1,234.0 Mansion House - 168.0 Sideburn Run
Sleepy Hollow B & R,Week1,Tuckahoe,Week2,337.5 Tuckahoe - 64.5 Sleepy Hollow B & R
Sideburn Run,Week3,Rolling Valley,Week5,301.0 Sideburn Run - 101.0 Rolling Valley
Sleepy Hollow B & R,Week1,Tuckahoe,Week5,330.0 Tuckahoe - 72.0 Sleepy Hollow B & R
Sideburn Run,Week5,Oakton ,Week3,238.0 Oakton - 164.0 Sideburn Run
Sideburn Run,Week1,Rutherford,Week3,253.0 Sideburn Run - 149.0 Rutherford
Sideburn Run,Week4,Mansion House,Week4,221.0 Mansion House - 181.0 Sideburn Run
Sideburn Run,Week3,Rolling Valley,Week3,304.0 Sideburn Run - 98.0 Rolling Valley
Sideburn Run,Week2,Stratford,Week2,254.0 Sideburn Run - 148.0 Stratford
Sleepy Hollow B & R,Week4,Overlee,Week1,309.0 Overlee - 93.0 Sleepy Hollow B & R
Sideburn Run,Week4,Oakton ,Week5,270.0 Oakton - 132.0 Sideburn Run
Sleepy Hollow B & R,Week4,Truro,Week4,302.0 Sleepy Hollow B & R - 100.0 Truro
Sideburn Run,Week2,Rolling Valley,Week4,275.0 Sideburn Run - 127.0 Rolling Valley
Sleepy Hollow B & R,Week2,Truro,Week4,284.0 Sleepy Hollow B & R - 118.0 Truro
Sideburn Run,Week1,Rutherford,Week4,259.0 Sideburn Run - 143.0 Rutherford
Sideburn Run,Week1,Old Keene Mill,Week3,253.0 Sideburn Run - 149.0 Old Keene Mill
Sideburn Run,Week4,Oakton ,Week1,263.0 Oakton - 139.0 Sideburn Run
Sideburn Run,Week4,Springfield,Week2,368.0 Sideburn Run - 31.0 Springfield
Sideburn Run,Week4,Springfield,Week5,368.0 Sideburn Run - 30.0 Springfield
Sleepy Hollow B & R,Week5,Overlee,Week4,344.0 Overlee - 58.0 Sleepy Hollow B & R
Sideburn Run,Week1,Laurel Hill,Week3,253.0 Sideburn Run - 149.0 Laurel Hill
Sideburn Run,Week1,McLean,Week4,291.0 McLean - 106.0 Sideburn Run
Sleepy Hollow B & R,Week4,Truro,Week5,295.5 Sleepy Hollow B & R - 106.5 Truro
Sleepy Hollow B & R,Week1,Overlee,Week4,372.0 Overlee - 30.0 Sleepy Hollow B & R
Sleepy Hollow B & R,Week1,Tuckahoe,Week3,351.0 Tuckahoe - 51.0 Sleepy Hollow B & R
Sideburn Run,Week1,McLean,Week2,290.0 McLean - 112.0 Sideburn Run
Sleepy Hollow B & R,Week4,Truro,Week1,291.0 Sleepy Hollow B & R - 111.0 Truro
Sideburn Run,Week1,Mantua,Week2,223.0 Mantua - 179.0 Sideburn Run
Sideburn Run,Week2,Langley,Week4,263.0 Langley - 139.0 Sideburn Run
Sideburn Run,Week2,Old Keene Mill,Week2,253.0 Sideburn Run - 149.0 Old Keene Mill
Sideburn Run,Week1,Rutherford,Week1,267.0 Sideburn Run - 135.0 Rutherford
Sideburn Run,Week2,Springfield,Week3,350.0 Sideburn Run - 50.0 Springfield
Sideburn Run,Week4,Langley,Week5,242.0 Langley - 160.0 Sideburn Run
Sideburn Run,Week3,Mantua,Week3,267.0 Mantua - 135.0 Sideburn Run
Sideburn Run,Week1,Laurel Hill,Week5,254.0 Sideburn Run - 148.0 Laurel Hill
Sideburn Run,Week2,Stratford,Week3,240.0 Sideburn Run - 162.0 Stratford
Sideburn Run,Week3,Rolling Valley,Week2,304.0 Sideburn Run - 98.0 Rolling Valley
Sideburn Run,Week1,Laurel Hill,Week4,271.0 Sideburn Run - 131.0 Laurel Hill
Sideburn Run,Week1,Old Keene Mill,Week2,259.0 Sideburn Run - 143.0 Old Keene Mill
Sideburn Run,Week2,Mantua,Week3,281.0 Mantua - 121.0 Sideburn Run
Sleepy Hollow B & R,Week3,Overlee,Week5,346.0 Overlee - 56.0 Sleepy Hollow B & R
Sideburn Run,Week4,Rolling Valley,Week3,303.0 Sideburn Run - 99.0 Rolling Valley
Sleepy Hollow B & R,Week5,Truro,Week2,320.0 Sleepy Hollow B & R - 82.0 Truro
Sleepy Hollow B & R,Week2,Overlee,Week2,319.0 Overlee - 83.0 Sleepy Hollow B & R
Sideburn Run,Week3,Stratford,Week1,286.0 Sideburn Run - 115.0 Stratford
Sideburn Run,Week5,Langley,Week4,242.0 Langley - 160.0 Sideburn Run
Sideburn Run,Week3,Old Keene Mill,Week1,271.0 Sideburn Run - 131.0 Old Keene Mill
Sideburn Run,Week2,Springfield,Week4,342.0 Sideburn Run - 58.0 Springfield
Sleepy Hollow B & R,Week3,Truro,Week3,291.0 Sleepy Hollow B & R - 111.0 Truro
Sideburn Run,Week2,Old Keene Mill,Week1,262.0 Sideburn Run - 140.0 Old Keene Mill
Sideburn Run,Week2,Rutherford,Week3,246.0 Sideburn Run - 156.0 Rutherford
Sideburn Run,Week4,Springfield,Week3,362.0 Sideburn Run - 38.0 Springfield
Sideburn Run,Week3,Langley,Week3,244.0 Langley - 158.0 Sideburn Run
Sleepy Hollow B & R,Week5,Truro,Week1,305.0 Sleepy Hollow B & R - 97.0 Truro
Sleepy Hollow B & R,Week2,Truro,Week3,296.0 Sleepy Hollow B & R - 105.0 Truro
Sideburn Run,Week3,Springfield,Week3,360.0 Sideburn Run - 40.0 Springfield
Sleepy Hollow B & R,Week1,Parklawn,Week3,287.0 Sleepy Hollow B & R - 115.0 Parklawn
Sideburn Run,Week2,Mantua,Week4,243.0 Mantua - 159.0 Sideburn Run
Sideburn Run,Week3,Rutherford,Week2,276.0 Sideburn Run - 126.0 Rutherford
Sleepy Hollow B & R,Week4,Overlee,Week3,310.0 Overlee - 92.0 Sleepy Hollow B & R
Sideburn Run,Week1,Mantua,Week4,229.0 Mantua - 173.0 Sideburn Run
Sleepy Hollow B & R,Week1,Parklawn,Week1,298.0 Sleepy Hollow B & R - 95.0 Parklawn
Sideburn Run,Week4,Springfield,Week4,358.0 Sideburn Run - 42.0 Springfield
Sideburn Run,Week2,Langley,Week5,254.0 Langley - 148.0 Sideburn Run
Sideburn Run,Week3,Springfield,Week5,366.0 Sideburn Run - 35.0 Springfield
Sleepy Hollow B & R,Week1,Tuckahoe,Week1,324.0 Tuckahoe - 78.0 Sleepy Hollow B & R
Sideburn Run,Week1,Mantua,Week5,240.0 Mantua - 162.0 Sideburn Run
Sideburn Run,Week5,Mantua,Week1,240.0 Mantua - 162.0 Sideburn Run
Sideburn Run,Week2,Mantua,Week2,232.0 Mantua - 170.0 Sideburn Run
Sleepy Hollow B & R,Week1,Overlee,Week5,359.0 Overlee - 43.0 Sleepy Hollow B & R
Sideburn Run,Week3,Langley,Week1,250.5 Langley - 151.5 Sideburn Run
Sideburn Run,Week2,Old Keene Mill,Week5,230.0 Sideburn Run - 172.0 Old Keene Mill
Sideburn Run,Week2,Rutherford,Week4,234.0 Sideburn Run - 168.0 Rutherford
Sideburn Run,Week2,Rutherford,Week5,231.0 Sideburn Run - 171.0 Rutherford
Sleepy Hollow B & R,Week5,Overlee,Week5,331.0 Overlee - 71.0 Sleepy Hollow B & R
Sideburn Run,Week3,Oakton ,Week3,253.0 Oakton - 149.0 Sideburn Run
Sideburn Run,Week2,Old Keene Mill,Week3,262.0 Sideburn Run - 140.0 Old Keene Mill
Sleepy Hollow B & R,Week1,Parklawn,Week2,283.0 Sleepy Hollow B & R - 119.0 Parklawn
Sideburn Run,Week4,Rolling Valley,Week1,328.0 Sideburn Run - 74.0 Rolling Valley
Sideburn Run,Week3,Langley,Week2,228.0 Langley - 174.0 Sideburn Run
Sideburn Run,Week3,Rutherford,Week3,257.0 Sideburn Run - 145.0 Rutherford
Sideburn Run,Week2,Springfield,Week5,366.0 Sideburn Run - 35.0 Springfield
Sleepy Hollow B & R,Week5,Truro,Week3,309.5 Sleepy Hollow B & R - 92.5 Truro
Sideburn Run,Week2,Laurel Hill,Week1,270.0 Sideburn Run - 132.0 Laurel Hill
Sleepy Hollow B & R,Week1,Parklawn,Week4,262.0 Sleepy Hollow B & R - 140.0 Parklawn
Sideburn Run,Week3,Mantua,Week2,223.5 Mantua - 178.5 Sideburn Run
Sideburn Run,Week4,Old Keene Mill,Week1,266.0 Sideburn Run - 136.0 Old Keene Mill
Sleepy Hollow B & R,Week4,Truro,Week2,303.0 Sleepy Hollow B & R - 98.0 Truro
Sideburn Run,Week2,Oakton ,Week3,266.5 Oakton - 135.5 Sideburn Run
Sideburn Run,Week5,Springfield,Week2,362.0 Sideburn Run - 40.0 Springfield
Sideburn Run,Week5,Old Keene Mill,Week5,252.0 Sideburn Run - 150.0 Old Keene Mill
Sideburn Run,Week1,Stratford,Week4,257.0 Sideburn Run - 145.0 Stratford
Sideburn Run,Week5,Old Keene Mill,Week4,285.0 Sideburn Run - 117.0 Old Keene Mill
Sideburn Run,Week4,Rutherford,Week5,252.0 Sideburn Run - 150.0 Rutherford
Sleepy Hollow B & R,Week2,Parklawn,Week2,297.0 Sleepy Hollow B & R - 104.0 Parklawn
Sideburn Run,Week1,Mantua,Week1,237.0 Mantua - 165.0 Sideburn Run
Sleepy Hollow B & R,Week2,Truro,Week5,287.0 Sleepy Hollow B & R - 115.0 Truro
Sideburn Run,Week5,Rutherford,Week3,273.0 Sideburn Run - 129.0 Rutherford
Sideburn Run,Week4,Mantua,Week1,253.0 Mantua - 149.0 Sideburn Run
Sideburn Run,Week5,Springfield,Week5,371.0 Sideburn Run - 31.0 Springfield
Sideburn Run,Week4,Wakefield Chapel,Week1,292.0 Wakefield Chapel - 110.0 Sideburn Run
Sleepy Hollow B & R,Week2,Parklawn,Week1,315.0 Sleepy Hollow B & R - 78.0 Parklawn
Sleepy Hollow B & R,Week4,Tuckahoe,Week5,314.5 Tuckahoe - 87.5 Sleepy Hollow B & R
Sleepy Hollow B & R,Week5,Tuckahoe,Week2,309.5 Tuckahoe - 92.5 Sleepy Hollow B & R
Sideburn Run,Week4,Langley,Week4,262.5 Langley - 139.5 Sideburn Run
Sideburn Run,Week5,Rutherford,Week1,289.0 Sideburn Run - 113.0 Rutherford
Sideburn Run,Week4,Mantua,Week4,245.0 Mantua - 157.0 Sideburn Run
Sleepy Hollow B & R,Week5,Tuckahoe,Week4,330.0 Tuckahoe - 72.0 Sleepy Hollow B & R
Sideburn Run,Week3,Orange Hunt,Week4,217.0 Orange Hunt - 185.0 Sideburn Run
Sleepy Hollow B & R,Week1,Parklawn,Week5,277.0 Sleepy Hollow B & R - 125.0 Parklawn
Sideburn Run,Week3,Langley,Week4,264.0 Langley - 138.0 Sideburn Run
Sideburn Run,Week5,Mantua,Week2,221.0 Mantua - 181.0 Sideburn Run
Sideburn Run,Week5,Wakefield Chapel,Week4,273.0 Wakefield Chapel - 129.0 Sideburn Run
Sleepy Hollow B & R,Week2,Parklawn,Week5,283.0 Sleepy Hollow B & R - 118.0 Parklawn
Sideburn Run,Week2,Walden Glen,Week4,217.0 Sideburn Run - 185.0 Walden Glen
Sideburn Run,Week2,Stratford,Week4,223.0 Sideburn Run - 179.0 Stratford
Sideburn Run,Week2,Mantua,Week1,249.0 Mantua - 153.0 Sideburn Run
Sideburn Run,Week2,Shouse Village,Week1,205.0 Sideburn Run - 197.0 Shouse Village
Sideburn Run,Week5,Rutherford,Week5,268.0 Sideburn Run - 134.0 Rutherford
Sleepy Hollow B & R,Week3,Truro,Week4,280.0 Sleepy Hollow B & R - 122.0 Truro
Sleepy Hollow B & R,Week4,Parklawn,Week1,315.0 Sleepy Hollow B & R - 78.0 Parklawn
Sideburn Run,Week3,Old Keene Mill,Week5,255.0 Sideburn Run - 147.0 Old Keene Mill
Sleepy Hollow B & R,Week2,Truro,Week2,304.0 Sleepy Hollow B & R - 98.0 Truro
Sideburn Run,Week2,Stratford,Week5,251.0 Sideburn Run - 151.0 Stratford
Sleepy Hollow B & R,Week2,Parklawn,Week4,283.0 Sleepy Hollow B & R - 118.0 Parklawn
Sideburn Run,Week4,Old Keene Mill,Week2,256.0 Sideburn Run - 146.0 Old Keene Mill
Sideburn Run,Week3,Old Keene Mill,Week4,287.0 Sideburn Run - 115.0 Old Keene Mill
Sideburn Run,Week1,Shouse Village,Week1,222.0 Sideburn Run - 180.0 Shouse Village
Sideburn Run,Week1,Mantua,Week3,262.0 Mantua - 140.0 Sideburn Run
Sleepy Hollow B & R,Week3,Truro,Week1,290.0 Sleepy Hollow B & R - 112.0 Truro
Sideburn Run,Week3,Orange Hunt,Week3,211.0 Orange Hunt - 191.0 Sideburn Run
Sideburn Run,Week3,Mantua,Week5,254.0 Mantua - 148.0 Sideburn Run
Sideburn Run,Week1,Shouse Village,Week2,229.0 Sideburn Run - 173.0 Shouse Village
Sideburn Run,Week2,Walden Glen,Week3,233.0 Sideburn Run - 169.0 Walden Glen
Sleepy Hollow B & R,Week4,Parklawn,Week5,303.0 Sleepy Hollow B & R - 99.0 Parklawn
Sleepy Hollow B & R,Week5,Parklawn,Week4,311.0 Sleepy Hollow B & R - 90.0 Parklawn
Sideburn Run,Week1,Sully Station,Week3,240.0 Sully Station - 162.0 Sideburn Run
Sideburn Run,Week3,Rutherford,Week5,249.0 Sideburn Run - 153.0 Rutherford
Sideburn Run,Week3,Stratford,Week2,286.5 Sideburn Run - 115.5 Stratford
Sideburn Run,Week3,Stratford,Week4,253.0 Sideburn Run - 149.0 Stratford
Sideburn Run,Week3,Wakefield Chapel,Week3,295.0 Wakefield Chapel - 107.0 Sideburn Run
Sideburn Run,Week3,Old Keene Mill,Week3,268.0 Sideburn Run - 134.0 Old Keene Mill
Sideburn Run,Week4,Mantua,Week2,230.0 Mantua - 172.0 Sideburn Run
Sleepy Hollow B & R,Week4,Truro,Week3,309.0 Sleepy Hollow B & R - 93.0 Truro
Sideburn Run,Week2,Lee Graham,Week1,290.0 Lee Graham - 112.0 Sideburn Run
Sideburn Run,Week1,Orange Hunt,Week5,229.0 Orange Hunt - 173.0 Sideburn Run
Sleepy Hollow B & R,Week1,Tuckahoe,Week4,350.0 Tuckahoe - 52.0 Sleepy Hollow B & R
Sideburn Run,Week3,Walden Glen,Week5,213.0 Sideburn Run - 189.0 Walden Glen
Sleepy Hollow B & R,Week3,Truro,Week5,287.0 Sleepy Hollow B & R - 115.0 Truro
Sideburn Run,Week3,Mantua,Week1,230.0 Mantua - 172.0 Sideburn Run
Sideburn Run,Week4,Old Keene Mill,Week3,259.0 Sideburn Run - 143.0 Old Keene Mill
Sideburn Run,Week4,Walden Glen,Week2,223.0 Sideburn Run - 179.0 Walden Glen
Sideburn Run,Week3,Laurel Hill,Week1,275.0 Sideburn Run - 127.0 Laurel Hill
Sleepy Hollow B & R,Week5,Truro,Week5,302.0 Sleepy Hollow B & R - 100.0 Truro
Sideburn Run,Week5,Stratford,Week5,270.0 Sideburn Run - 132.0 Stratford
Sleepy Hollow B & R,Week1,Parliament,Week1,208.0 Sleepy Hollow B & R - 194.0 Parliament
Sideburn Run,Week5,Rutherford,Week4,285.0 Sideburn Run - 117.0 Rutherford
Sideburn Run,Week5,Old Keene Mill,Week3,270.0 Sideburn Run - 132.0 Old Keene Mill
Sleepy Hollow B & R,Week1,Parliament,Week3,231.0 Sleepy Hollow B & R - 171.0 Parliament
Sideburn Run,Week1,Shouse Village,Week5,213.0 Shouse Village - 189.0 Sideburn Run
Sideburn Run,Week2,Lee Graham,Week5,294.0 Lee Graham - 108.0 Sideburn Run
Sideburn Run,Week2,Shouse Village,Week2,203.0 Shouse Village - 199.0 Sideburn Run
Sideburn Run,Week4,Mantua,Week5,254.0 Mantua - 148.0 Sideburn Run
Sideburn Run,Week5,Mantua,Week3,250.5 Mantua - 151.5 Sideburn Run
Sideburn Run,Week3,Stratford,Week3,262.0 Sideburn Run - 140.0 Stratford
Sideburn Run,Week5,Rutherford,Week2,286.0 Sideburn Run - 116.0 Rutherford
Sideburn Run,Week1,Orange Hunt,Week1,207.0 Sideburn Run - 195.0 Orange Hunt
Sideburn Run,Week4,Wakefield Chapel,Week3,295.0 Wakefield Chapel - 107.0 Sideburn Run
Sideburn Run,Week1,Orange Hunt,Week2,215.0 Orange Hunt - 187.0 Sideburn Run
Sideburn Run,Week4,Stratford,Week1,284.0 Sideburn Run - 118.0 Stratford
Sideburn Run,Week5,Wakefield Chapel,Week2,274.0 Wakefield Chapel - 128.0 Sideburn Run
Sideburn Run,Week2,Sully Station,Week2,237.0 Sully Station - 165.0 Sideburn Run
Sleepy Hollow B & R,Week4,Parklawn,Week4,294.0 Sleepy Hollow B & R - 108.0 Parklawn
Sideburn Run,Week2,Mantua,Week5,269.0 Mantua - 133.0 Sideburn Run
Sleepy Hollow B & R,Week1,Parliament,Week5,226.0 Sleepy Hollow B & R - 176.0 Parliament
Sideburn Run,Week1,Shouse Village,Week3,211.0 Sideburn Run - 191.0 Shouse Village
Sideburn Run,Week3,Wakefield Chapel,Week1,285.0 Wakefield Chapel - 117.0 Sideburn Run
Sideburn Run,Week3,Mantua,Week4,222.0 Mantua - 180.0 Sideburn Run
Sleepy Hollow B & R,Week3,Truro,Week2,296.0 Sleepy Hollow B & R - 106.0 Truro
Sideburn Run,Week2,Shouse Village,Week3,202.0 Sideburn Run - 200.0 Shouse Village
Sideburn Run,Week2,Lee Graham,Week3,274.0 Lee Graham - 128.0 Sideburn Run
Sideburn Run,Week2,Laurel Hill,Week2,275.0 Sideburn Run - 127.0 Laurel Hill
Sideburn Run,Week1,Orange Hunt,Week3,220.0 Orange Hunt - 182.0 Sideburn Run
Sideburn Run,Week4,Stratford,Week3,269.0 Sideburn Run - 133.0 Stratford
Sideburn Run,Week4,Mantua,Week3,273.0 Mantua - 129.0 Sideburn Run
Sleepy Hollow B & R,Week2,Tuckahoe,Week1,316.0 Tuckahoe - 86.0 Sleepy Hollow B & R
Sideburn Run,Week1,Walden Glen,Week4,226.0 Sideburn Run - 176.0 Walden Glen
Sleepy Hollow B & R,Week5,Truro,Week4,307.0 Sleepy Hollow B & R - 95.0 Truro
Sleepy Hollow B & R,Week3,Parliament,Week2,262.0 Sleepy Hollow B & R - 140.0 Parliament
Sleepy Hollow B & R,Week2,Tuckahoe,Week2,313.0 Tuckahoe - 89.0 Sleepy Hollow B & R
Sideburn Run,Week5,Old Keene Mill,Week1,279.0 Sideburn Run - 123.0 Old Keene Mill
Sideburn Run,Week1,Walden Glen,Week3,246.0 Sideburn Run - 156.0 Walden Glen
Sideburn Run,Week2,Laurel Hill,Week5,247.0 Sideburn Run - 155.0 Laurel Hill
Sideburn Run,Week5,Mantua,Week5,251.0 Mantua - 151.0 Sideburn Run
Sideburn Run,Week1,McLean,Week1,282.0 McLean - 120.0 Sideburn Run
Sideburn Run,Week4,Rutherford,Week1,290.0 Sideburn Run - 112.0 Rutherford
Sleepy Hollow B & R,Week3,Tuckahoe,Week1,308.0 Tuckahoe - 94.0 Sleepy Hollow B & R
Sideburn Run,Week1,Shouse Village,Week4,208.0 Shouse Village - 189.0 Sideburn Run
Sideburn Run,Week1,McLean,Week3,300.0 McLean - 102.0 Sideburn Run
Sideburn Run,Week2,Shouse Village,Week4,213.5 Shouse Village - 188.5 Sideburn Run
Sleepy Hollow B & R,Week3,Parklawn,Week4,301.0 Sleepy Hollow B & R - 100.0 Parklawn
Sleepy Hollow B & R,Week4,Parklawn,Week3,318.0 Sleepy Hollow B & R - 84.0 Parklawn
Sleepy Hollow B & R,Week3,Parklawn,Week1,317.0 Sleepy Hollow B & R - 76.0 Parklawn
Sideburn Run,Week5,Wakefield Chapel,Week5,286.0 Wakefield Chapel - 116.0 Sideburn Run
Sideburn Run,Week2,Orange Hunt,Week1,201.0 Orange Hunt - 201.0 Sideburn Run
Sideburn Run,Week4,Sully Station,Week2,220.0 Sully Station - 182.0 Sideburn Run
Sleepy Hollow B & R,Week2,Tuckahoe,Week4,323.0 Tuckahoe - 79.0 Sleepy Hollow B & R
Sideburn Run,Week3,Sully Station,Week3,229.0 Sully Station - 173.0 Sideburn Run
Sideburn Run,Week3,Walden Glen,Week3,252.0 Sideburn Run - 150.0 Walden Glen
Sideburn Run,Week2,Sully Station,Week5,253.0 Sully Station - 149.0 Sideburn Run
Sideburn Run,Week4,Old Keene Mill,Week5,242.0 Sideburn Run - 160.0 Old Keene Mill
Sideburn Run,Week3,Laurel Hill,Week3,263.0 Sideburn Run - 139.0 Laurel Hill
Sleepy Hollow B & R,Week3,Tuckahoe,Week2,312.0 Tuckahoe - 90.0 Sleepy Hollow B & R
Sideburn Run,Week4,Rutherford,Week3,259.0 Sideburn Run - 143.0 Rutherford
Sideburn Run,Week2,Orange Hunt,Week4,217.0 Orange Hunt - 185.0 Sideburn Run
Sideburn Run,Week4,Rutherford,Week2,275.0 Sideburn Run - 127.0 Rutherford
Sideburn Run,Week4,Old Keene Mill,Week4,266.0 Sideburn Run - 136.0 Old Keene Mill
Sideburn Run,Week4,Laurel Hill,Week2,295.0 Sideburn Run - 107.0 Laurel Hill
Sideburn Run,Week3,Laurel Hill,Week4,269.0 Sideburn Run - 133.0 Laurel Hill
Sideburn Run,Week2,Orange Hunt,Week3,221.0 Orange Hunt - 181.0 Sideburn Run
Sideburn Run,Week4,Stratford,Week4,251.0 Sideburn Run - 151.0 Stratford
Sleepy Hollow B & R,Week3,Tuckahoe,Week4,336.5 Tuckahoe - 65.5 Sleepy Hollow B & R
Sideburn Run,Week1,McLean,Week5,296.0 McLean - 106.0 Sideburn Run
Sideburn Run,Week1,Sully Station,Week5,248.0 Sully Station - 154.0 Sideburn Run
Sleepy Hollow B & R,Week2,Tuckahoe,Week5,316.0 Tuckahoe - 86.0 Sleepy Hollow B & R
Sideburn Run,Week3,Rutherford,Week4,265.0 Sideburn Run - 137.0 Rutherford
Sideburn Run,Week5,Old Keene Mill,Week2,258.0 Sideburn Run - 144.0 Old Keene Mill
Sideburn Run,Week2,McLean,Week3,302.0 McLean - 100.0 Sideburn Run
Sideburn Run,Week4,Sully Station,Week4,221.0 Sully Station - 181.0 Sideburn Run
Sideburn Run,Week2,Wakefield Chapel,Week5,309.0 Wakefield Chapel - 93.0 Sideburn Run
Sleepy Hollow B & R,Week3,Tuckahoe,Week3,325.0 Tuckahoe - 77.0 Sleepy Hollow B & R
Sideburn Run,Week3,Wakefield Chapel,Week2,293.0 Wakefield Chapel - 109.0 Sideburn Run
Sleepy Hollow B & R,Week2,Parliament,Week2,250.0 Sleepy Hollow B & R - 152.0 Parliament
Sleepy Hollow B & R,Week2,Parliament,Week3,239.0 Sleepy Hollow B & R - 163.0 Parliament
Sideburn Run,Week2,McLean,Week4,301.0 McLean - 101.0 Sideburn Run
Sideburn Run,Week4,Laurel Hill,Week3,266.0 Sideburn Run - 136.0 Laurel Hill
Sideburn Run,Week4,Wakefield Chapel,Week4,283.0 Wakefield Chapel - 119.0 Sideburn Run
Sideburn Run,Week3,Wakefield Chapel,Week5,302.0 Wakefield Chapel - 100.0 Sideburn Run
Sideburn Run,Week2,Shouse Village,Week5,215.0 Shouse Village - 187.0 Sideburn Run
Sleepy Hollow B & R,Week5,Parklawn,Week5,312.0 Sleepy Hollow B & R - 90.0 Parklawn
Sideburn Run,Week3,Sully Station,Week2,225.0 Sully Station - 177.0 Sideburn Run
Sideburn Run,Week4,Laurel Hill,Week1,279.0 Sideburn Run - 123.0 Laurel Hill
Sleepy Hollow B & R,Week2,Parliament,Week4,244.0 Sleepy Hollow B & R - 158.0 Parliament
Sideburn Run,Week4,Wakefield Chapel,Week5,306.0 Wakefield Chapel - 96.0 Sideburn Run
Sideburn Run,Week3,Shouse Village,Week1,228.0 Sideburn Run - 174.0 Shouse Village
Sideburn Run,Week5,Laurel Hill,Week1,281.0 Sideburn Run - 121.0 Laurel Hill
Sideburn Run,Week2,Laurel Hill,Week4,262.0 Sideburn Run - 140.0 Laurel Hill
Sideburn Run,Week4,Orange Hunt,Week1,205.0 Sideburn Run - 197.0 Orange Hunt
Sleepy Hollow B & R,Week4,Tuckahoe,Week2,311.0 Tuckahoe - 91.0 Sleepy Hollow B & R
Sideburn Run,Week3,Laurel Hill,Week2,284.0 Sideburn Run - 118.0 Laurel Hill
Sideburn Run,Week2,Orange Hunt,Week2,218.0 Orange Hunt - 184.0 Sideburn Run
Sleepy Hollow B & R,Week2,Parliament,Week5,228.0 Sleepy Hollow B & R - 174.0 Parliament
Sideburn Run,Week1,Walden Glen,Week5,227.0 Sideburn Run - 175.0 Walden Glen
Sideburn Run,Week4,Rutherford,Week4,259.0 Sideburn Run - 143.0 Rutherford
Sideburn Run,Week5,Sully Station,Week1,230.0 Sully Station - 172.0 Sideburn Run
Sideburn Run,Week4,McLean,Week2,297.0 McLean - 105.0 Sideburn Run
Sideburn Run,Week3,Sully Station,Week5,239.0 Sully Station - 163.0 Sideburn Run
Sleepy Hollow B & R,Week3,Parliament,Week3,252.0 Sleepy Hollow B & R - 150.0 Parliament
Sideburn Run,Week1,Orange Hunt,Week4,207.0 Orange Hunt - 195.0 Sideburn Run
Sideburn Run,Week1,Lee Graham,Week3,269.0 Lee Graham - 133.0 Sideburn Run
Sideburn Run,Week1,Walden Glen,Week1,263.0 Sideburn Run - 138.0 Walden Glen
Sleepy Hollow B & R,Week2,Tuckahoe,Week3,329.0 Tuckahoe - 73.0 Sleepy Hollow B & R
Sleepy Hollow B & R,Week1,Parliament,Week4,237.0 Sleepy Hollow B & R - 165.0 Parliament
Sleepy Hollow B & R,Week3,Parliament,Week5,246.0 Sleepy Hollow B & R - 156.0 Parliament
Sideburn Run,Week2,Orange Hunt,Week5,238.0 Orange Hunt - 164.0 Sideburn Run
Sleepy Hollow B & R,Week3,Parklawn,Week3,320.0 Sleepy Hollow B & R - 82.0 Parklawn
Sideburn Run,Week4,Stratford,Week2,292.0 Sideburn Run - 110.0 Stratford
Sideburn Run,Week4,McLean,Week1,279.0 McLean - 123.0 Sideburn Run
Sideburn Run,Week1,Walden Glen,Week2,240.0 Sideburn Run - 162.0 Walden Glen
Sideburn Run,Week2,Sully Station,Week4,236.5 Sully Station - 165.5 Sideburn Run
Sideburn Run,Week5,Laurel Hill,Week2,297.0 Sideburn Run - 105.0 Laurel Hill
Sideburn Run,Week3,McLean,Week2,297.0 McLean - 105.0 Sideburn Run
Sleepy Hollow B & R,Week4,Tuckahoe,Week1,315.0 Tuckahoe - 87.0 Sleepy Hollow B & R
Sideburn Run,Week3,McLean,Week5,296.0 McLean - 106.0 Sideburn Run
Sleepy Hollow B & R,Week4,Tuckahoe,Week3,335.0 Tuckahoe - 67.0 Sleepy Hollow B & R
Sleepy Hollow B & R,Week4,Tuckahoe,Week4,326.0 Tuckahoe - 76.0 Sleepy Hollow B & R
Sideburn Run,Week3,Orange Hunt,Week1,204.0 Sideburn Run - 198.0 Orange Hunt
Sideburn Run,Week5,Laurel Hill,Week5,249.0 Sideburn Run - 153.0 Laurel Hill
Sideburn Run,Week4,Orange Hunt,Week2,222.0 Orange Hunt - 180.0 Sideburn Run
Sleepy Hollow B & R,Week3,Tuckahoe,Week5,315.0 Tuckahoe - 87.0 Sleepy Hollow B & R
Sleepy Hollow B & R,Week5,Parklawn,Week1,330.0 Sleepy Hollow B & R - 63.0 Parklawn
Sideburn Run,Week5,Wakefield Chapel,Week3,281.0 Wakefield Chapel - 121.0 Sideburn Run
Sideburn Run,Week5,Wakefield Chapel,Week1,290.0 Wakefield Chapel - 112.0 Sideburn Run
Sideburn Run,Week3,McLean,Week3,306.0 McLean - 96.0 Sideburn Run
Sideburn Run,Week4,Sully Station,Week5,234.0 Sully Station - 168.0 Sideburn Run
Sideburn Run,Week5,Laurel Hill,Week4,281.0 Sideburn Run - 121.0 Laurel Hill
Sideburn Run,Week2,McLean,Week2,292.0 McLean - 110.0 Sideburn Run
Sideburn Run,Week4,Sully Station,Week3,230.0 Sully Station - 172.0 Sideburn Run
Sideburn Run,Week2,McLean,Week1,295.0 McLean - 107.0 Sideburn Run
Sideburn Run,Week4,Laurel Hill,Week4,268.0 Sideburn Run - 134.0 Laurel Hill
Sleepy Hollow B & R,Week4,Parliament,Week1,221.0 Sleepy Hollow B & R - 181.0 Parliament
Sideburn Run,Week2,McLean,Week5,300.0 McLean - 102.0 Sideburn Run
Sideburn Run,Week4,Orange Hunt,Week3,217.0 Orange Hunt - 185.0 Sideburn Run
Sideburn Run,Week4,Orange Hunt,Week4,213.0 Orange Hunt - 189.0 Sideburn Run
Sleepy Hollow B & R,Week5,Tuckahoe,Week5,311.0 Tuckahoe - 91.0 Sleepy Hollow B & R
Sideburn Run,Week3,Orange Hunt,Week2,227.5 Orange Hunt - 174.5 Sideburn Run
Sideburn Run,Week3,Laurel Hill,Week5,246.0 Sideburn Run - 156.0 Laurel Hill
Sideburn Run,Week3,Wakefield Chapel,Week4,273.0 Wakefield Chapel - 129.0 Sideburn Run
Sideburn Run,Week3,McLean,Week4,292.0 McLean - 110.0 Sideburn Run
Sideburn Run,Week4,Wakefield Chapel,Week2,292.0 Wakefield Chapel - 110.0 Sideburn Run
Sleepy Hollow Rec,Week1,Fair Oaks ,Week4,291.0 Fair Oaks - 111.0 Sleepy Hollow Rec
Sideburn Run,Week5,Stratford,Week2,290.0 Sideburn Run - 112.0 Stratford
Sleepy Hollow B & R,Week3,Parliament,Week4,254.0 Sleepy Hollow B & R - 148.0 Parliament
Sideburn Run,Week4,Stratford,Week5,265.0 Sideburn Run - 137.0 Stratford
Sleepy Hollow Rec,Week1,Fair Oaks ,Week5,300.0 Fair Oaks - 102.0 Sleepy Hollow Rec
Sleepy Hollow B & R,Week4,Parklawn,Week2,312.0 Sleepy Hollow B & R - 90.0 Parklawn
Sideburn Run,Week5,Stratford,Week1,288.0 Sideburn Run - 114.0 Stratford
Sleepy Hollow B & R,Week5,Tuckahoe,Week1,307.0 Tuckahoe - 95.0 Sleepy Hollow B & R
Sideburn Run,Week3,McLean,Week1,296.5 McLean - 105.5 Sideburn Run
Sideburn Run,Week1,Lee Graham,Week1,275.0 Lee Graham - 127.0 Sideburn Run
Sleepy Hollow B & R,Week5,Tuckahoe,Week3,325.0 Tuckahoe - 77.0 Sleepy Hollow B & R
Sideburn Run,Week2,Walden Glen,Week2,231.0 Sideburn Run - 171.0 Walden Glen
Sleepy Hollow B & R,Week1,Vienna Aquatic,Week2,274.0 Vienna Aquatic - 128.0 Sleepy Hollow B & R
Sleepy Hollow B & R,Week5,Parklawn,Week2,311.0 Sleepy Hollow B & R - 90.0 Parklawn
Sideburn Run,Week4,McLean,Week3,303.0 McLean - 99.0 Sideburn Run
Sideburn Run,Week3,Walden Glen,Week1,273.0 Sideburn Run - 129.0 Walden Glen
Sideburn Run,Week2,Walden Glen,Week5,201.0 Sideburn Run - 201.0 Walden Glen
Sideburn Run,Week5,Stratford,Week3,271.0 Sideburn Run - 131.0 Stratford
Sleepy Hollow B & R,Week3,Parklawn,Week2,298.0 Sleepy Hollow B & R - 103.0 Parklawn
Sideburn Run,Week2,Walden Glen,Week1,258.0 Sideburn Run - 144.0 Walden Glen
Sleepy Hollow B & R,Week5,Parklawn,Week3,330.0 Sleepy Hollow B & R - 72.0 Parklawn
Sideburn Run,Week5,Stratford,Week4,266.0 Sideburn Run - 136.0 Stratford
Sleepy Hollow Rec,Week5,Dunn Loring,Week2,316.0 Dunn Loring - 86.0 Sleepy Hollow Rec
Sleepy Hollow B & R,Week3,Parklawn,Week5,301.0 Sleepy Hollow B & R - 101.0 Parklawn
Sideburn Run,Week1,Lee Graham,Week5,272.0 Lee Graham - 130.0 Sideburn Run
Sideburn Run,Week3,Orange Hunt,Week5,229.0 Orange Hunt - 173.0 Sideburn Run
Sideburn Run,Week1,Sully Station,Week2,227.0 Sully Station - 175.0 Sideburn Run
Sleepy Hollow Rec,Week4,Dunn Loring,Week4,339.0 Dunn Loring - 63.0 Sleepy Hollow Rec
Sleepy Hollow Rec,Week3,Fair Oaks ,Week1,273.0 Fair Oaks - 129.0 Sleepy Hollow Rec
Sideburn Run,Week5,Orange Hunt,Week1,216.0 Sideburn Run - 186.0 Orange Hunt
Sideburn Run,Week5,Laurel Hill,Week3,274.0 Sideburn Run - 128.0 Laurel Hill
Sleepy Hollow B & R,Week1,Vienna Aquatic,Week1,279.0 Vienna Aquatic - 123.0 Sleepy Hollow B & R
Sideburn Run,Week1,Sully Station,Week1,242.0 Sully Station - 160.0 Sideburn Run
Sideburn Run,Week4,Laurel Hill,Week5,250.0 Sideburn Run - 152.0 Laurel Hill
Sideburn Run,Week3,Walden Glen,Week2,233.0 Sideburn Run - 169.0 Walden Glen
Sideburn Run,Week1,Overlee,Week4,339.0 Overlee - 63.0 Sideburn Run
Sleepy Hollow B & R,Week2,Vienna Aquatic,Week4,275.0 Vienna Aquatic - 127.0 Sleepy Hollow B & R
Sideburn Run,Week4,Orange Hunt,Week5,232.0 Orange Hunt - 170.0 Sideburn Run
Sideburn Run,Week1,Sully Station,Week4,229.0 Sully Station - 173.0 Sideburn Run
Sideburn Run,Week1,Lee Graham,Week4,264.0 Lee Graham - 138.0 Sideburn Run
Sleepy Hollow B & R,Week3,Vienna Aquatic,Week2,261.5 Vienna Aquatic - 140.5 Sleepy Hollow B & R
Sleepy Hollow B & R,Week1,Parliament,Week2,240.0 Sleepy Hollow B & R - 162.0 Parliament
Sleepy Hollow Rec,Week4,Fair Oaks ,Week4,293.0 Fair Oaks - 109.0 Sleepy Hollow Rec
Sleepy Hollow Rec,Week5,Dunn Loring,Week4,326.0 Dunn Loring - 76.0 Sleepy Hollow Rec
Sleepy Hollow B & R,Week2,Vienna Aquatic,Week1,270.0 Vienna Aquatic - 132.0 Sleepy Hollow B & R
Sideburn Run,Week3,Walden Glen,Week4,230.0 Sideburn Run - 172.0 Walden Glen
Sleepy Hollow B & R,Week5,Parliament,Week4,267.0 Sleepy Hollow B & R - 135.0 Parliament
Sideburn Run,Week2,Laurel Hill,Week3,255.0 Sideburn Run - 147.0 Laurel Hill
Sideburn Run,Week4,Sully Station,Week1,226.0 Sully Station - 176.0 Sideburn Run
Sleepy Hollow B & R,Week4,Vienna Aquatic,Week2,264.0 Vienna Aquatic - 138.0 Sleepy Hollow B & R
Sleepy Hollow Rec,Week5,Dunn Loring,Week1,283.0 Dunn Loring - 119.0 Sleepy Hollow Rec
Sideburn Run,Week5,Overlee,Week1,315.0 Overlee - 87.0 Sideburn Run
Sideburn Run,Week4,Walden Glen,Week4,232.0 Sideburn Run - 170.0 Walden Glen
Sleepy Hollow Rec,Week3,Fair Oaks ,Week5,288.0 Fair Oaks - 114.0 Sleepy Hollow Rec
Sleepy Hollow B & R,Week1,Kent Gardens,Week2,226.0 Sleepy Hollow B & R - 176.0 Kent Gardens
Sleepy Hollow B & R,Week1,Vienna Aquatic,Week3,289.0 Vienna Aquatic - 113.0 Sleepy Hollow B & R
Sideburn Run,Week2,Sully Station,Week3,243.0 Sully Station - 159.0 Sideburn Run
Sideburn Run,Week3,Sully Station,Week1,228.0 Sully Station - 174.0 Sideburn Run
Sleepy Hollow B & R,Week2,Vienna Aquatic,Week5,296.0 Vienna Aquatic - 106.0 Sleepy Hollow B & R
Sleepy Hollow B & R,Week3,Vienna Aquatic,Week3,269.0 Vienna Aquatic - 133.0 Sleepy Hollow B & R
Sideburn Run,Week2,Lee Graham,Week4,279.0 Lee Graham - 123.0 Sideburn Run
Sideburn Run,Week4,Waynewood,Week5,270.0 Waynewood - 132.0 Sideburn Run
Sideburn Run,Week1,Parklawn,Week2,258.0 Sideburn Run - 144.0 Parklawn
Sideburn Run,Week5,Overlee,Week4,341.0 Overlee - 61.0 Sideburn Run
Sleepy Hollow B & R,Week2,Pinecrest,Week2,254.0 Pinecrest - 148.0 Sleepy Hollow B & R
Sleepy Hollow B & R,Week1,Kent Gardens,Week1,209.0 Kent Gardens - 193.0 Sleepy Hollow B & R
Sleepy Hollow B & R,Week3,Vienna Aquatic,Week5,299.0 Vienna Aquatic - 103.0 Sleepy Hollow B & R
Sideburn Run,Week5,Orange Hunt,Week3,202.0 Orange Hunt - 200.0 Sideburn Run
Sideburn Run,Week5,Orange Hunt,Week4,207.0 Orange Hunt - 195.0 Sideburn Run
Sleepy Hollow B & R,Week3,Parliament,Week1,234.5 Sleepy Hollow B & R - 167.5 Parliament
Sideburn Run,Week4,Walden Glen,Week1,263.0 Sideburn Run - 139.0 Walden Glen
Sleepy Hollow B & R,Week2,Parliament,Week1,217.0 Sleepy Hollow B & R - 185.0 Parliament
Sideburn Run,Week2,Waynewood,Week4,260.0 Waynewood - 142.0 Sideburn Run
Sideburn Run,Week3,Sully Station,Week4,222.0 Sully Station - 180.0 Sideburn Run
Sideburn Run,Week4,Lee Graham,Week3,272.0 Lee Graham - 130.0 Sideburn Run
Sideburn Run,Week3,Overlee,Week3,301.0 Overlee - 101.0 Sideburn Run
Sleepy Hollow B & R,Week3,Pinecrest,Week3,261.0 Pinecrest - 141.0 Sleepy Hollow B & R
Sideburn Run,Week5,Walden Glen,Week1,273.0 Sideburn Run - 129.0 Walden Glen
Sleepy Hollow Rec,Week5,Fair Oaks ,Week1,264.0 Fair Oaks - 138.0 Sleepy Hollow Rec
Sleepy Hollow B & R,Week2,Kent Gardens,Week3,237.0 Sleepy Hollow B & R - 165.0 Kent Gardens
Sleepy Hollow Rec,Week4,Dunn Loring,Week2,341.0 Dunn Loring - 61.0 Sleepy Hollow Rec
Sideburn Run,Week4,Lee Graham,Week2,274.0 Lee Graham - 128.0 Sideburn Run
Sideburn Run,Week2,Lee Graham,Week2,285.0 Lee Graham - 117.0 Sideburn Run
Sleepy Hollow B & R,Week2,Pinecrest,Week3,256.0 Pinecrest - 146.0 Sleepy Hollow B & R
Sleepy Hollow Rec,Week4,Dunn Loring,Week3,339.0 Dunn Loring - 63.0 Sleepy Hollow Rec
Sleepy Hollow B & R,Week1,Kent Gardens,Week4,215.0 Sleepy Hollow B & R - 187.0 Kent Gardens
Sideburn Run,Week2,Sully Station,Week1,245.0 Sully Station - 157.0 Sideburn Run
Sideburn Run,Week1,Lee Graham,Week2,271.0 Lee Graham - 131.0 Sideburn Run
Sideburn Run,Week4,Sully Station II,Week5,278.0 Sully Station II - 124.0 Sideburn Run
Sleepy Hollow B & R,Week5,Pinecrest,Week2,230.0 Pinecrest - 172.0 Sleepy Hollow B & R
Sleepy Hollow Rec,Week2,Fair Oaks ,Week1,289.0 Fair Oaks - 113.0 Sleepy Hollow Rec
Sleepy Hollow B & R,Week3,Kent Gardens,Week2,250.0 Sleepy Hollow B & R - 152.0 Kent Gardens
Sideburn Run,Week4,Walden Glen,Week3,246.0 Sideburn Run - 156.0 Walden Glen
Sideburn Run,Week5,Orange Hunt,Week2,207.0 Orange Hunt - 195.0 Sideburn Run
Sleepy Hollow B & R,Week3,Kent Gardens,Week4,234.0 Sleepy Hollow B & R - 168.0 Kent Gardens
Sideburn Run,Week1,Waynewood,Week3,252.0 Waynewood - 150.0 Sideburn Run
Sideburn Run,Week2,Overlee,Week4,359.0 Overlee - 43.0 Sideburn Run
Sleepy Hollow B & R,Week2,Vienna Aquatic,Week3,272.0 Vienna Aquatic - 130.0 Sleepy Hollow B & R
Sleepy Hollow B & R,Week3,Kent Gardens,Week1,213.0 Sleepy Hollow B & R - 189.0 Kent Gardens
Sideburn Run,Week3,Lee Graham,Week1,276.0 Lee Graham - 126.0 Sideburn Run
Sleepy Hollow B & R,Week1,Pinecrest,Week2,261.0 Pinecrest - 141.0 Sleepy Hollow B & R
Sideburn Run,Week4,Lee Graham,Week1,278.0 Lee Graham - 124.0 Sideburn Run
Sleepy Hollow Rec,Week2,Fair Oaks ,Week4,292.0 Fair Oaks - 110.0 Sleepy Hollow Rec
Sideburn Run,Week5,Walden Glen,Week3,251.0 Sideburn Run - 151.0 Walden Glen
Sleepy Hollow B & R,Week5,Parliament,Week5,259.0 Sleepy Hollow B & R - 143.0 Parliament
Sleepy Hollow Rec,Week3,Fair Oaks ,Week3,280.0 Fair Oaks - 122.0 Sleepy Hollow Rec
Sideburn Run,Week5,Sully Station II,Week5,273.5 Sully Station II - 128.5 Sideburn Run
Sleepy Hollow B & R,Week4,Vienna Aquatic,Week4,264.0 Vienna Aquatic - 138.0 Sleepy Hollow B & R
Sideburn Run,Week3,Overlee,Week1,306.0 Overlee - 96.0 Sideburn Run
Sleepy Hollow B & R,Week3,Vienna Aquatic,Week4,264.5 Vienna Aquatic - 137.5 Sleepy Hollow B & R
Sideburn Run,Week5,Lee Graham,Week1,267.0 Lee Graham - 135.0 Sideburn Run
Sideburn Run,Week5,Sully Station II,Week3,275.0 Sully Station II - 127.0 Sideburn Run
Sideburn Run,Week4,Lee Graham,Week5,278.5 Lee Graham - 123.5 Sideburn Run
Sideburn Run,Week1,Waynewood,Week5,262.0 Waynewood - 140.0 Sideburn Run
Sideburn Run,Week5,Sully Station,Week5,242.0 Sully Station - 160.0 Sideburn Run
Sideburn Run,Week3,Overlee,Week4,342.0 Overlee - 60.0 Sideburn Run
Sideburn Run,Week3,Waynewood,Week4,240.5 Waynewood - 161.5 Sideburn Run
Sideburn Run,Week5,Lee Graham,Week5,260.0 Lee Graham - 142.0 Sideburn Run
Sideburn Run,Week4,Overlee,Week2,332.0 Overlee - 70.0 Sideburn Run
Sideburn Run,Week2,Overlee,Week1,329.0 Overlee - 73.0 Sideburn Run
Sleepy Hollow Rec,Week5,Fair Oaks ,Week3,286.0 Fair Oaks - 116.0 Sleepy Hollow Rec
Sideburn Run,Week3,Overlee,Week2,310.0 Overlee - 92.0 Sideburn Run
Sleepy Hollow B & R,Week4,Ilda Community,Week3,314.0 Sleepy Hollow B & R - 88.0 Ilda Community
Sleepy Hollow B & R,Week3,Ilda Community,Week3,299.0 Sleepy Hollow B & R - 102.0 Ilda Community
Sideburn Run,Week5,Sully Station,Week2,208.0 Sully Station - 194.0 Sideburn Run
Sideburn Run,Week2,Waynewood,Week5,275.5 Waynewood - 126.5 Sideburn Run
Sleepy Hollow B & R,Week5,Parliament,Week1,247.0 Sleepy Hollow B & R - 155.0 Parliament
Sleepy Hollow B & R,Week4,Vienna Aquatic,Week3,274.0 Vienna Aquatic - 128.0 Sleepy Hollow B & R
Sleepy Hollow B & R,Week3,Vienna Aquatic,Week1,257.0 Vienna Aquatic - 145.0 Sleepy Hollow B & R
Sleepy Hollow Rec,Week2,Fairfax,Week5,338.0 Fairfax - 64.0 Sleepy Hollow Rec
Sideburn Run,Week2,Waynewood,Week1,233.0 Waynewood - 169.0 Sideburn Run
Sleepy Hollow B & R,Week2,Pinecrest,Week1,233.0 Pinecrest - 169.0 Sleepy Hollow B & R
Sleepy Hollow Rec,Week5,Dunn Loring,Week5,331.0 Dunn Loring - 71.0 Sleepy Hollow Rec
Sideburn Run,Week1,Lincolnia Park,Week4,292.0 Sideburn Run - 109.0 Lincolnia Park
Sleepy Hollow B & R,Week1,Vienna Aquatic,Week5,317.0 Vienna Aquatic - 85.0 Sleepy Hollow B & R
Sleepy Hollow Rec,Week3,Fair Oaks ,Week4,250.0 Fair Oaks - 152.0 Sleepy Hollow Rec
Sleepy Hollow B & R,Week4,Parliament,Week3,248.0 Sleepy Hollow B & R - 154.0 Parliament
Sideburn Run,Week5,Lee Graham,Week3,260.0 Lee Graham - 142.0 Sideburn Run
Sleepy Hollow B & R,Week1,Vienna Aquatic,Week4,286.0 Vienna Aquatic - 116.0 Sleepy Hollow B & R
Sideburn Run,Week5,Sully Station,Week3,220.0 Sully Station - 182.0 Sideburn Run
Sideburn Run,Week1,Sully Station II,Week4,250.0 Sully Station II - 152.0 Sideburn Run
Sleepy Hollow B & R,Week4,Kent Gardens,Week5,207.0 Sleepy Hollow B & R - 195.0 Kent Gardens
Sleepy Hollow B & R,Week5,Kent Gardens,Week2,262.0 Sleepy Hollow B & R - 140.0 Kent Gardens
Sleepy Hollow B & R,Week2,Kent Gardens,Week1,208.0 Kent Gardens - 194.0 Sleepy Hollow B & R
Sideburn Run,Week1,Sully Station II,Week1,250.0 Sully Station II - 152.0 Sideburn Run
Sleepy Hollow B & R,Week4,Vienna Aquatic,Week5,302.0 Vienna Aquatic - 100.0 Sleepy Hollow B & R
Sleepy Hollow B & R,Week1,Pinecrest,Week1,255.0 Pinecrest - 147.0 Sleepy Hollow B & R
Sideburn Run,Week1,Lincolnia Park,Week2,299.0 Sideburn Run - 88.0 Lincolnia Park
Sideburn Run,Week1,Sully Station II,Week3,280.0 Sully Station II - 122.0 Sideburn Run
Sideburn Run,Week2,Waynewood,Week3,269.0 Waynewood - 133.0 Sideburn Run
Sleepy Hollow Rec,Week4,Dunn Loring,Week5,343.0 Dunn Loring - 59.0 Sleepy Hollow Rec
Sleepy Hollow B & R,Week5,Parliament,Week2,284.0 Sleepy Hollow B & R - 117.0 Parliament
Sideburn Run,Week2,Sully Station II,Week4,254.0 Sully Station II - 148.0 Sideburn Run
Sleepy Hollow B & R,Week3,Kent Gardens,Week3,250.0 Sleepy Hollow B & R - 152.0 Kent Gardens
Sideburn Run,Week1,Sully Station II,Week5,284.0 Sully Station II - 118.0 Sideburn Run
Sideburn Run,Week5,Overlee,Week5,344.0 Overlee - 58.0 Sideburn Run
Sideburn Run,Week4,Overlee,Week3,322.0 Overlee - 80.0 Sideburn Run
Sleepy Hollow B & R,Week4,Ilda Community,Week4,289.0 Sleepy Hollow B & R - 113.0 Ilda Community
Sleepy Hollow B & R,Week3,Pinecrest,Week1,238.0 Pinecrest - 164.0 Sleepy Hollow B & R
Sleepy Hollow Rec,Week3,Fairfax,Week2,301.0 Fairfax - 101.0 Sleepy Hollow Rec
Sideburn Run,Week5,Overlee,Week2,322.0 Overlee - 80.0 Sideburn Run
Sideburn Run,Week3,Waynewood,Week2,235.0 Waynewood - 167.0 Sideburn Run
Sideburn Run,Week3,Waynewood,Week5,269.0 Waynewood - 133.0 Sideburn Run
Sleepy Hollow B & R,Week4,Vienna Aquatic,Week1,269.0 Vienna Aquatic - 133.0 Sleepy Hollow B & R
Sleepy Hollow Rec,Week5,Dunn Loring,Week3,325.0 Dunn Loring - 77.0 Sleepy Hollow Rec
Sideburn Run,Week4,Lee Graham,Week4,279.5 Lee Graham - 122.5 Sideburn Run
Sleepy Hollow B & R,Week2,Vienna Aquatic,Week2,262.0 Vienna Aquatic - 140.0 Sleepy Hollow B & R
Sideburn Run,Week5,Lee Graham,Week2,270.0 Lee Graham - 132.0 Sideburn Run
Sleepy Hollow B & R,Week1,Pinecrest,Week3,271.0 Pinecrest - 131.0 Sleepy Hollow B & R
South Run,Week1,Dowden Terrace,Week1,209.0 Dowden Terrace - 180.0 South Run
South Run,Week4,Dunn Loring,Week1,257.0 Dunn Loring - 145.0 South Run
Somerset-Olde Creek,Week2,Sully Station II,Week3,343.0 Sully Station II - 59.0 Somerset-Olde Creek
South Run,Week1,Dunn Loring,Week3,259.0 Dunn Loring - 134.0 South Run
Sleepy Hollow Rec,Week5,Shouse Village,Week3,245.0 Shouse Village - 157.0 Sleepy Hollow Rec
Somerset-Olde Creek,Week4,Bren Mar-Edsall Park,Week1,278.5 Somerset-Olde Creek - 120.5 Bren Mar-Edsall Park
Somerset-Olde Creek,Week5,Poplar Heights,Week1,315.0 Poplar Heights - 86.0 Somerset-Olde Creek
South Run,Week3,Dunn Loring,Week2,281.0 Dunn Loring - 121.0 South Run
Somerset-Olde Creek,Week4,Poplar Heights,Week5,342.0 Poplar Heights - 59.0 Somerset-Olde Creek
Sleepy Hollow Rec,Week1,Sideburn Run,Week2,259.0 Sideburn Run - 143.0 Sleepy Hollow Rec
Sleepy Hollow Rec,Week2,Sideburn Run,Week2,241.0 Sideburn Run - 161.0 Sleepy Hollow Rec
Somerset-Olde Creek,Week2,Sully Station II,Week2,347.0 Sully Station II - 54.0 Somerset-Olde Creek
Somerset-Olde Creek,Week2,Sully Station,Week5,359.0 Sully Station - 43.0 Somerset-Olde Creek
South Run,Week2,Arlington Forest,Week2,227.0 Arlington Forest - 175.0 South Run
Somerset-Olde Creek,Week2,Lakevale Estates,Week4,357.0 Lakevale Estates - 45.0 Somerset-Olde Creek
Somerset-Olde Creek,Week3,Sully Station,Week5,351.0 Sully Station - 50.0 Somerset-Olde Creek
South Run,Week4,Arlington Forest,Week3,202.0 South Run - 199.0 Arlington Forest
Somerset-Olde Creek,Week2,Bren Mar-Edsall Park,Week1,230.0 Somerset-Olde Creek - 166.0 Bren Mar-Edsall Park
Somerset-Olde Creek,Week5,Pleasant Valley,Week2,203.0 Somerset-Olde Creek - 194.0 Pleasant Valley
Somerset-Olde Creek,Week2,Brookfield ,Week5,328.0 Brookfield - 69.0 Somerset-Olde Creek
Somerset-Olde Creek,Week4,Bren Mar-Edsall Park,Week3,260.0 Somerset-Olde Creek - 140.0 Bren Mar-Edsall Park
Somerset-Olde Creek,Week4,Sully Station,Week3,338.0 Sully Station - 64.0 Somerset-Olde Creek
Somerset-Olde Creek,Week4,Bren Mar-Edsall Park,Week2,286.0 Somerset-Olde Creek - 110.0 Bren Mar-Edsall Park
South Run,Week5,Brandywine,Week2,217.0 South Run - 185.0 Brandywine
South Run,Week2,Dunn Loring,Week2,279.0 Dunn Loring - 123.0 South Run
Sleepy Hollow Rec,Week2,Sideburn Run,Week3,267.0 Sideburn Run - 135.0 Sleepy Hollow Rec
South Run,Week1,Dunn Loring,Week1,229.0 Dunn Loring - 159.0 South Run
South Run,Week1,Brandywine,Week5,239.0 Brandywine - 154.0 South Run
Somerset-Olde Creek,Week2,Sully Station,Week4,356.0 Sully Station - 46.0 Somerset-Olde Creek
Somerset-Olde Creek,Week2,Sully Station,Week1,349.0 Sully Station - 51.0 Somerset-Olde Creek
Somerset-Olde Creek,Week4,Bren Mar-Edsall Park,Week4,256.5 Somerset-Olde Creek - 140.5 Bren Mar-Edsall Park
Somerset-Olde Creek,Week1,Lakevale Estates,Week5,357.0 Lakevale Estates - 45.0 Somerset-Olde Creek
South Run,Week2,Brandywine,Week5,262.0 Brandywine - 140.0 South Run
Somerset-Olde Creek,Week4,Poplar Heights,Week4,338.0 Poplar Heights - 64.0 Somerset-Olde Creek
Somerset-Olde Creek,Week5,Sully Station,Week3,327.0 Sully Station - 74.0 Somerset-Olde Creek
South Run,Week2,Bren Mar-Edsall Park,Week3,311.0 South Run - 89.0 Bren Mar-Edsall Park
Sleepy Hollow Rec,Week3,Shouse Village,Week2,229.0 Shouse Village - 173.0 Sleepy Hollow Rec
South Run,Week4,Dowden Terrace,Week3,223.5 Dowden Terrace - 178.5 South Run
Somerset-Olde Creek,Week2,Brookfield ,Week4,329.0 Brookfield - 73.0 Somerset-Olde Creek
Somerset-Olde Creek,Week4,Lakevale Estates,Week1,340.0 Lakevale Estates - 62.0 Somerset-Olde Creek
Somerset-Olde Creek,Week5,Bren Mar-Edsall Park,Week1,284.0 Somerset-Olde Creek - 110.0 Bren Mar-Edsall Park
Somerset-Olde Creek,Week3,Poplar Heights,Week5,351.0 Poplar Heights - 46.0 Somerset-Olde Creek
Somerset-Olde Creek,Week3,Brookfield ,Week1,332.0 Brookfield - 70.0 Somerset-Olde Creek
Somerset-Olde Creek,Week5,Lakevale Estates,Week2,334.0 Lakevale Estates - 68.0 Somerset-Olde Creek
South Run,Week5,Arlington Forest,Week1,213.0 South Run - 189.0 Arlington Forest
Somerset-Olde Creek,Week2,Poplar Heights,Week5,345.0 Poplar Heights - 56.0 Somerset-Olde Creek
Somerset-Olde Creek,Week5,Bren Mar-Edsall Park,Week5,267.0 Somerset-Olde Creek - 131.0 Bren Mar-Edsall Park
Somerset-Olde Creek,Week2,Brookfield ,Week1,325.0 Brookfield - 77.0 Somerset-Olde Creek
Somerset-Olde Creek,Week1,Poplar Heights,Week4,338.0 Poplar Heights - 64.0 Somerset-Olde Creek
Somerset-Olde Creek,Week5,Poplar Heights,Week2,325.0 Poplar Heights - 75.0 Somerset-Olde Creek
Somerset-Olde Creek,Week4,Sully Station,Week4,344.0 Sully Station - 58.0 Somerset-Olde Creek
South Run,Week3,Brandywine,Week5,261.0 Brandywine - 141.0 South Run
South Run,Week4,Dowden Terrace,Week5,257.0 Dowden Terrace - 145.0 South Run
South Run,Week5,Arlington Forest,Week5,211.0 Arlington Forest - 191.0 South Run
Sleepy Hollow Rec,Week1,Sideburn Run,Week4,267.0 Sideburn Run - 135.0 Sleepy Hollow Rec
Somerset-Olde Creek,Week4,Poplar Heights,Week1,329.0 Poplar Heights - 72.0 Somerset-Olde Creek
South Run,Week2,Dowden Terrace,Week1,228.0 Dowden Terrace - 165.0 South Run
Sleepy Hollow Rec,Week5,Shouse Village,Week4,271.0 Shouse Village - 131.0 Sleepy Hollow Rec
South Run,Week5,Dowden Terrace,Week2,210.0 South Run - 192.0 Dowden Terrace
Somerset-Olde Creek,Week5,Lake Braddock,Week4,236.0 Lake Braddock - 162.0 Somerset-Olde Creek
Somerset-Olde Creek,Week5,Lake Braddock,Week2,218.0 Lake Braddock - 179.0 Somerset-Olde Creek
South Run,Week5,Brandywine,Week4,211.0 Brandywine - 191.0 South Run
Somerset-Olde Creek,Week2,Lakeview,Week2,261.0 Lakeview - 140.0 Somerset-Olde Creek
South Run,Week2,Dowden Terrace,Week5,253.0 Dowden Terrace - 149.0 South Run
Somerset-Olde Creek,Week4,Lake Braddock,Week5,267.0 Lake Braddock - 134.0 Somerset-Olde Creek
South Run,Week5,Dowden Terrace,Week3,219.0 South Run - 183.0 Dowden Terrace
South Run,Week1,Bren Mar-Edsall Park,Week4,309.0 South Run - 83.0 Bren Mar-Edsall Park
Somerset-Olde Creek,Week2,Poplar Heights,Week3,347.0 Poplar Heights - 55.0 Somerset-Olde Creek
Sleepy Hollow Rec,Week4,Shouse Village,Week3,263.0 Shouse Village - 139.0 Sleepy Hollow Rec
Sleepy Hollow Rec,Week2,Sideburn Run,Week4,268.0 Sideburn Run - 134.0 Sleepy Hollow Rec
Somerset-Olde Creek,Week5,Pleasant Valley,Week4,221.5 Somerset-Olde Creek - 166.5 Pleasant Valley
Somerset-Olde Creek,Week3,Sully Station,Week2,346.0 Sully Station - 51.0 Somerset-Olde Creek
Somerset-Olde Creek,Week5,Pleasant Valley,Week1,204.0 Somerset-Olde Creek - 194.0 Pleasant Valley
Somerset-Olde Creek,Week5,Lake Braddock,Week1,202.0 Lake Braddock - 198.0 Somerset-Olde Creek
Somerset-Olde Creek,Week1,Brookfield ,Week4,322.0 Brookfield - 80.0 Somerset-Olde Creek
Somerset-Olde Creek,Week5,Lakevale Estates,Week3,326.0 Lakevale Estates - 76.0 Somerset-Olde Creek
Somerset-Olde Creek,Week5,Lake Braddock,Week5,233.0 Lake Braddock - 164.0 Somerset-Olde Creek
Somerset-Olde Creek,Week1,Sully Station II,Week1,328.0 Sully Station II - 72.0 Somerset-Olde Creek
Somerset-Olde Creek,Week2,Lakevale Estates,Week5,360.0 Lakevale Estates - 42.0 Somerset-Olde Creek
South Run,Week3,Brandywine,Week1,208.0 Brandywine - 194.0 South Run
Sleepy Hollow Rec,Week4,Shouse Village,Week1,256.0 Shouse Village - 146.0 Sleepy Hollow Rec
Sleepy Hollow Rec,Week3,Shouse Village,Week5,263.0 Shouse Village - 139.0 Sleepy Hollow Rec
Somerset-Olde Creek,Week5,Lakevale Estates,Week4,338.0 Lakevale Estates - 64.0 Somerset-Olde Creek
Somerset-Olde Creek,Week5,Sully Station,Week2,325.0 Sully Station - 77.0 Somerset-Olde Creek
Somerset-Olde Creek,Week3,Brookfield ,Week2,327.0 Brookfield - 75.0 Somerset-Olde Creek
Sleepy Hollow Rec,Week3,Shouse Village,Week3,237.0 Shouse Village - 165.0 Sleepy Hollow Rec
Somerset-Olde Creek,Week2,Sully Station II,Week4,336.0 Sully Station II - 66.0 Somerset-Olde Creek
Somerset-Olde Creek,Week3,Poplar Heights,Week2,345.0 Poplar Heights - 56.0 Somerset-Olde Creek
Somerset-Olde Creek,Week3,Lakevale Estates,Week4,346.0 Lakevale Estates - 56.0 Somerset-Olde Creek
Somerset-Olde Creek,Week4,Sully Station II,Week2,330.0 Sully Station II - 72.0 Somerset-Olde Creek
Sleepy Hollow Rec,Week4,Shouse Village,Week5,269.5 Shouse Village - 132.5 Sleepy Hollow Rec
Somerset-Olde Creek,Week3,Bren Mar-Edsall Park,Week3,230.0 Somerset-Olde Creek - 167.0 Bren Mar-Edsall Park
Somerset-Olde Creek,Week5,Bren Mar-Edsall Park,Week4,249.0 Somerset-Olde Creek - 142.0 Bren Mar-Edsall Park
South Run,Week1,Bren Mar-Edsall Park,Week1,327.0 South Run - 64.0 Bren Mar-Edsall Park
Sleepy Hollow Rec,Week5,Sideburn Run,Week3,247.0 Sideburn Run - 155.0 Sleepy Hollow Rec
South Run,Week3,Dowden Terrace,Week4,236.0 Dowden Terrace - 166.0 South Run
Somerset-Olde Creek,Week2,Sully Station,Week2,350.0 Sully Station - 47.0 Somerset-Olde Creek
South Run,Week5,Arlington Forest,Week3,230.0 South Run - 172.0 Arlington Forest
South Run,Week4,Dowden Terrace,Week1,216.0 Dowden Terrace - 182.0 South Run
Somerset-Olde Creek,Week2,Poplar Heights,Week1,337.0 Poplar Heights - 64.0 Somerset-Olde Creek
Somerset-Olde Creek,Week2,Lakevale Estates,Week2,352.0 Lakevale Estates - 50.0 Somerset-Olde Creek
South Run,Week5,Dunn Loring,Week5,258.0 Dunn Loring - 144.0 South Run
Somerset-Olde Creek,Week4,Sully Station,Week5,342.0 Sully Station - 60.0 Somerset-Olde Creek
Sleepy Hollow Rec,Week2,Sideburn Run,Week1,252.0 Sideburn Run - 150.0 Sleepy Hollow Rec
South Run,Week3,Brandywine,Week2,208.0 Brandywine - 194.0 South Run
Somerset-Olde Creek,Week3,Poplar Heights,Week3,345.0 Poplar Heights - 57.0 Somerset-Olde Creek
South Run,Week4,Brandywine,Week2,228.0 Brandywine - 174.0 South Run
Somerset-Olde Creek,Week4,Lakevale Estates,Week2,348.0 Lakevale Estates - 54.0 Somerset-Olde Creek
Sleepy Hollow Rec,Week4,Shouse Village,Week2,247.0 Shouse Village - 155.0 Sleepy Hollow Rec
Somerset-Olde Creek,Week3,Poplar Heights,Week4,349.0 Poplar Heights - 53.0 Somerset-Olde Creek
South Run,Week3,Brandywine,Week3,229.0 Brandywine - 173.0 South Run
Somerset-Olde Creek,Week5,Poplar Heights,Week4,328.0 Poplar Heights - 74.0 Somerset-Olde Creek
Somerset-Olde Creek,Week1,Sully Station,Week5,352.0 Sully Station - 46.0 Somerset-Olde Creek
Somerset-Olde Creek,Week1,Lakevale Estates,Week1,342.0 Lakevale Estates - 60.0 Somerset-Olde Creek
Somerset-Olde Creek,Week4,Sully Station,Week2,343.0 Sully Station - 59.0 Somerset-Olde Creek
Somerset-Olde Creek,Week4,Brookfield ,Week2,302.0 Brookfield - 100.0 Somerset-Olde Creek
Somerset-Olde Creek,Week3,Brookfield ,Week5,320.0 Brookfield - 77.0 Somerset-Olde Creek
Sleepy Hollow Rec,Week3,Sideburn Run,Week1,243.0 Sideburn Run - 159.0 Sleepy Hollow Rec
South Run,Week5,Dowden Terrace,Week4,208.0 Dowden Terrace - 194.0 South Run
South Run,Week5,Dunn Loring,Week2,263.0 Dunn Loring - 139.0 South Run
Somerset-Olde Creek,Week5,Sully Station,Week4,332.0 Sully Station - 70.0 Somerset-Olde Creek
Somerset-Olde Creek,Week3,Brookfield ,Week4,334.0 Brookfield - 68.0 Somerset-Olde Creek
South Run,Week4,Brandywine,Week4,240.0 Brandywine - 162.0 South Run
South Run,Week1,Fair Oaks ,Week3,236.0 Fair Oaks - 157.0 South Run
Somerset-Olde Creek,Week3,Brookfield ,Week3,319.0 Brookfield - 81.0 Somerset-Olde Creek
South Run,Week1,Fair Oaks ,Week4,220.0 Fair Oaks - 173.0 South Run
Somerset-Olde Creek,Week1,Lakevale Estates,Week4,356.0 Lakevale Estates - 46.0 Somerset-Olde Creek
Sleepy Hollow Rec,Week3,Sideburn Run,Week3,243.0 Sideburn Run - 159.0 Sleepy Hollow Rec
Somerset-Olde Creek,Week4,Brookfield ,Week4,311.0 Brookfield - 91.0 Somerset-Olde Creek
Somerset-Olde Creek,Week5,Poplar Heights,Week5,331.0 Poplar Heights - 70.0 Somerset-Olde Creek
South Run,Week4,Brandywine,Week5,268.0 Brandywine - 134.0 South Run
Somerset-Olde Creek,Week4,Lakevale Estates,Week3,341.0 Lakevale Estates - 61.0 Somerset-Olde Creek
South Run,Week1,Fair Oaks ,Week1,218.0 Fair Oaks - 175.0 South Run
South Run,Week1,Brandywine,Week1,198.0 South Run - 195.0 Brandywine
Somerset-Olde Creek,Week4,Brookfield ,Week3,302.0 Brookfield - 98.0 Somerset-Olde Creek
Somerset-Olde Creek,Week4,Brookfield ,Week5,297.0 Brookfield - 105.0 Somerset-Olde Creek
Sleepy Hollow Rec,Week4,Sideburn Run,Week1,254.5 Sideburn Run - 147.5 Sleepy Hollow Rec
Sleepy Hollow Rec,Week3,Sideburn Run,Week5,247.0 Sideburn Run - 155.0 Sleepy Hollow Rec
Somerset-Olde Creek,Week1,Sully Station II,Week3,344.0 Sully Station II - 58.0 Somerset-Olde Creek
Somerset-Olde Creek,Week1,Sully Station II,Week2,340.0 Sully Station II - 60.0 Somerset-Olde Creek
Somerset-Olde Creek,Week3,Poplar Heights,Week1,340.0 Poplar Heights - 62.0 Somerset-Olde Creek
South Run,Week2,Dunn Loring,Week4,277.0 Dunn Loring - 125.0 South Run
Somerset-Olde Creek,Week5,Poplar Heights,Week3,336.0 Poplar Heights - 66.0 Somerset-Olde Creek
Somerset-Olde Creek,Week4,Lakevale Estates,Week5,355.0 Lakevale Estates - 47.0 Somerset-Olde Creek
Somerset-Olde Creek,Week1,Sully Station II,Week4,330.0 Sully Station II - 72.0 Somerset-Olde Creek
Somerset-Olde Creek,Week3,Sully Station,Week3,352.0 Sully Station - 49.0 Somerset-Olde Creek
Somerset-Olde Creek,Week5,Lake Braddock,Week3,229.0 Lake Braddock - 169.0 Somerset-Olde Creek
Somerset-Olde Creek,Week2,Broyhill Crest,Week3,211.0 Somerset-Olde Creek - 180.0 Broyhill Crest
South Run,Week1,Dunn Loring,Week5,259.0 Dunn Loring - 134.0 South Run
Sleepy Hollow Rec,Week4,Sideburn Run,Week4,276.0 Sideburn Run - 126.0 Sleepy Hollow Rec
Sleepy Hollow Rec,Week5,Sideburn Run,Week1,241.0 Sideburn Run - 161.0 Sleepy Hollow Rec
South Run,Week1,Fair Oaks ,Week5,233.0 Fair Oaks - 160.0 South Run
Somerset-Olde Creek,Week1,Broyhill Crest,Week4,226.0 Somerset-Olde Creek - 166.0 Broyhill Crest
Somerset-Olde Creek,Week3,Lakevale Estates,Week5,354.0 Lakevale Estates - 48.0 Somerset-Olde Creek
Somerset-Olde Creek,Week3,Sully Station,Week4,356.0 Sully Station - 46.0 Somerset-Olde Creek
Somerset-Olde Creek,Week3,Poplar Tree,Week5,345.0 Poplar Tree - 56.0 Somerset-Olde Creek
Somerset-Olde Creek,Week1,Poplar Tree,Week2,308.0 Poplar Tree - 94.0 Somerset-Olde Creek
Somerset-Olde Creek,Week2,Sully Station,Week3,354.0 Sully Station - 47.0 Somerset-Olde Creek
Somerset-Olde Creek,Week3,Poplar Tree,Week3,330.0 Poplar Tree - 71.0 Somerset-Olde Creek
South Run,Week1,Brandywine,Week2,198.0 Brandywine - 195.0 South Run
Sleepy Hollow Rec,Week4,Sideburn Run,Week2,260.5 Sideburn Run - 141.5 Sleepy Hollow Rec
South Run,Week1,Brandywine,Week3,205.0 Brandywine - 187.0 South Run
South Run,Week5,Brandywine,Week1,209.0 South Run - 193.0 Brandywine
Somerset-Olde Creek,Week5,Brookfield ,Week5,288.0 Brookfield - 114.0 Somerset-Olde Creek
South Run,Week2,Brandywine,Week3,224.0 Brandywine - 173.0 South Run
Somerset-Olde Creek,Week2,Lakevale Estates,Week1,351.0 Lakevale Estates - 51.0 Somerset-Olde Creek
Somerset-Olde Creek,Week4,Brookfield ,Week1,313.0 Brookfield - 89.0 Somerset-Olde Creek
Somerset-Olde Creek,Week1,Lakeview,Week1,232.0 Lakeview - 163.0 Somerset-Olde Creek
South Run,Week2,Fair Oaks ,Week1,235.0 Fair Oaks - 167.0 South Run
South Run,Week2,Brandywine,Week2,215.0 Brandywine - 187.0 South Run
Somerset-Olde Creek,Week3,Poplar Tree,Week1,324.0 Poplar Tree - 77.0 Somerset-Olde Creek
Sleepy Hollow Rec,Week4,Sideburn Run,Week3,272.0 Sideburn Run - 130.0 Sleepy Hollow Rec
Somerset-Olde Creek,Week1,Lakevale Estates,Week3,334.0 Lakevale Estates - 63.0 Somerset-Olde Creek
Somerset-Olde Creek,Week3,Lakevale Estates,Week1,342.0 Lakevale Estates - 60.0 Somerset-Olde Creek
Sleepy Hollow Rec,Week1,Sleepy Hollow B & R,Week2,299.0 Sleepy Hollow B & R - 103.0 Sleepy Hollow Rec
Somerset-Olde Creek,Week5,Sully Station,Week5,331.0 Sully Station - 70.0 Somerset-Olde Creek
Sleepy Hollow Rec,Week3,Sideburn Run,Week4,238.0 Sideburn Run - 164.0 Sleepy Hollow Rec
Somerset-Olde Creek,Week3,Sully Station,Week1,354.0 Sully Station - 46.0 Somerset-Olde Creek
Somerset-Olde Creek,Week1,Poplar Tree,Week1,319.0 Poplar Tree - 82.0 Somerset-Olde Creek
Somerset-Olde Creek,Week5,Sully Station,Week1,328.0 Sully Station - 71.0 Somerset-Olde Creek
South Run,Week3,Dunn Loring,Week1,248.0 Dunn Loring - 154.0 South Run
Somerset-Olde Creek,Week4,Lakevale Estates,Week4,349.0 Lakevale Estates - 53.0 Somerset-Olde Creek
Somerset-Olde Creek,Week4,Broyhill Crest,Week2,260.0 Somerset-Olde Creek - 140.0 Broyhill Crest
Sleepy Hollow Rec,Week4,Sideburn Run,Week5,283.0 Sideburn Run - 119.0 Sleepy Hollow Rec
Sleepy Hollow Rec,Week5,Sideburn Run,Week2,239.0 Sideburn Run - 163.0 Sleepy Hollow Rec
South Run,Week1,Dunn Loring,Week2,252.0 Dunn Loring - 141.0 South Run
Somerset-Olde Creek,Week4,Sully Station,Week1,346.0 Sully Station - 55.0 Somerset-Olde Creek
Somerset-Olde Creek,Week2,Poplar Tree,Week4,320.0 Poplar Tree - 79.0 Somerset-Olde Creek
South Run,Week2,Brandywine,Week1,219.0 Brandywine - 183.0 South Run
South Run,Week2,Dunn Loring,Week5,279.0 Dunn Loring - 123.0 South Run
South Run,Week2,Brandywine,Week4,246.0 Brandywine - 156.0 South Run
Somerset-Olde Creek,Week5,Lakevale Estates,Week5,351.0 Lakevale Estates - 51.0 Somerset-Olde Creek
South Run,Week1,Brandywine,Week4,220.0 Brandywine - 173.0 South Run
Somerset-Olde Creek,Week3,Broyhill Crest,Week5,201.0 Broyhill Crest - 190.0 Somerset-Olde Creek
South Run,Week2,Dunn Loring,Week3,285.0 Dunn Loring - 117.0 South Run
South Run,Week3,Dunn Loring,Week4,278.0 Dunn Loring - 124.0 South Run
Somerset-Olde Creek,Week3,Broyhill Crest,Week2,224.0 Somerset-Olde Creek - 168.0 Broyhill Crest
Somerset-Olde Creek,Week2,Poplar Tree,Week5,342.5 Poplar Tree - 58.5 Somerset-Olde Creek
Sleepy Hollow Rec,Week2,Sleepy Hollow B & R,Week3,313.5 Sleepy Hollow B & R - 88.5 Sleepy Hollow Rec
South Run,Week3,Brandywine,Week4,233.0 Brandywine - 169.0 South Run
Somerset-Olde Creek,Week1,Sully Station II,Week5,354.0 Sully Station II - 48.0 Somerset-Olde Creek
Somerset-Olde Creek,Week5,Brookfield ,Week2,299.0 Brookfield - 103.0 Somerset-Olde Creek
Somerset-Olde Creek,Week4,Poplar Tree,Week1,321.0 Poplar Tree - 81.0 Somerset-Olde Creek
South Run,Week5,Dowden Terrace,Week5,229.0 Dowden Terrace - 173.0 South Run
Somerset-Olde Creek,Week5,Lakevale Estates,Week1,324.0 Lakevale Estates - 78.0 Somerset-Olde Creek
Somerset-Olde Creek,Week3,Poplar Tree,Week4,319.0 Poplar Tree - 80.0 Somerset-Olde Creek
Somerset-Olde Creek,Week1,Lakeview,Week2,235.0 Lakeview - 165.0 Somerset-Olde Creek
Somerset-Olde Creek,Week2,Sully Station II,Week1,330.0 Sully Station II - 70.0 Somerset-Olde Creek
Sleepy Hollow Rec,Week4,Sleepy Hollow B & R,Week1,310.0 Sleepy Hollow B & R - 92.0 Sleepy Hollow Rec
Somerset-Olde Creek,Week3,Poplar Tree,Week2,314.0 Poplar Tree - 88.0 Somerset-Olde Creek
Somerset-Olde Creek,Week3,Broyhill Crest,Week3,217.0 Somerset-Olde Creek - 173.0 Broyhill Crest
South Run,Week4,Brandywine,Week1,214.0 Brandywine - 188.0 South Run
Somerset-Olde Creek,Week1,Lakeview,Week3,245.0 Lakeview - 157.0 Somerset-Olde Creek
South Run,Week4,Brandywine,Week3,248.0 Brandywine - 153.0 South Run
Somerset-Olde Creek,Week4,Poplar Tree,Week2,315.0 Poplar Tree - 82.0 Somerset-Olde Creek
South Run,Week3,Dunn Loring,Week3,282.0 Dunn Loring - 120.0 South Run
Somerset-Olde Creek,Week4,Poplar Tree,Week3,332.0 Poplar Tree - 70.0 Somerset-Olde Creek
Somerset-Olde Creek,Week2,Broyhill Crest,Week2,219.0 Somerset-Olde Creek - 178.0 Broyhill Crest
South Run,Week2,Dunn Loring,Week1,255.0 Dunn Loring - 142.0 South Run
Somerset-Olde Creek,Week2,Sully Station II,Week5,352.0 Sully Station II - 50.0 Somerset-Olde Creek
Sleepy Hollow Rec,Week4,Sleepy Hollow B & R,Week2,322.0 Sleepy Hollow B & R - 80.0 Sleepy Hollow Rec
Somerset-Olde Creek,Week1,Lakeview,Week4,267.0 Lakeview - 135.0 Somerset-Olde Creek
South Run,Week4,Dunn Loring,Week4,297.0 Dunn Loring - 105.0 South Run
Somerset-Olde Creek,Week2,Poplar Tree,Week1,326.0 Poplar Tree - 75.0 Somerset-Olde Creek
Somerset-Olde Creek,Week1,Broyhill Crest,Week2,243.0 Somerset-Olde Creek - 149.0 Broyhill Crest
Somerset-Olde Creek,Week3,Lakeview,Week4,286.0 Lakeview - 110.0 Somerset-Olde Creek
Somerset-Olde Creek,Week3,Sully Station II,Week2,341.0 Sully Station II - 60.0 Somerset-Olde Creek
Somerset-Olde Creek,Week3,Sully Station II,Week4,331.0 Sully Station II - 71.0 Somerset-Olde Creek
Somerset-Olde Creek,Week2,Langley,Week3,353.0 Langley - 49.0 Somerset-Olde Creek
South Run,Week1,Bren Mar-Edsall Park,Week3,321.0 South Run - 72.0 Bren Mar-Edsall Park
Somerset-Olde Creek,Week4,Broyhill Crest,Week4,248.0 Somerset-Olde Creek - 151.0 Broyhill Crest
South Run,Week5,Brandywine,Week5,234.0 Brandywine - 168.0 South Run
Somerset-Olde Creek,Week3,Sully Station II,Week1,326.0 Sully Station II - 73.0 Somerset-Olde Creek
South Run,Week4,Dunn Loring,Week3,298.0 Dunn Loring - 104.0 South Run
Somerset-Olde Creek,Week4,Lakeview,Week4,258.0 Lakeview - 144.0 Somerset-Olde Creek
Somerset-Olde Creek,Week4,Broyhill Crest,Week3,266.0 Somerset-Olde Creek - 134.0 Broyhill Crest
Somerset-Olde Creek,Week2,Broyhill Crest,Week1,202.0 Somerset-Olde Creek - 186.0 Broyhill Crest
Somerset-Olde Creek,Week4,Poplar Tree,Week5,341.0 Poplar Tree - 61.0 Somerset-Olde Creek
Sleepy Hollow Rec,Week5,Sleepy Hollow B & R,Week3,301.0 Sleepy Hollow B & R - 101.0 Sleepy Hollow Rec
South Run,Week1,Bren Mar-Edsall Park,Week5,304.0 South Run - 84.0 Bren Mar-Edsall Park
Somerset-Olde Creek,Week2,Lakeview,Week1,244.0 Lakeview - 157.0 Somerset-Olde Creek
Somerset-Olde Creek,Week3,Sully Station II,Week3,341.0 Sully Station II - 56.0 Somerset-Olde Creek
Sleepy Hollow Rec,Week5,Sleepy Hollow B & R,Week4,298.0 Sleepy Hollow B & R - 104.0 Sleepy Hollow Rec
South Run,Week2,Bren Mar-Edsall Park,Week1,311.0 South Run - 85.0 Bren Mar-Edsall Park
Sleepy Hollow Rec,Week3,Sleepy Hollow B & R,Week2,274.0 Sleepy Hollow B & R - 128.0 Sleepy Hollow Rec
Somerset-Olde Creek,Week4,Poplar Tree,Week4,308.0 Poplar Tree - 94.0 Somerset-Olde Creek
Sleepy Hollow Rec,Week4,Sleepy Hollow B & R,Week4,323.0 Sleepy Hollow B & R - 79.0 Sleepy Hollow Rec
Somerset-Olde Creek,Week3,Sully Station II,Week5,351.0 Sully Station II - 51.0 Somerset-Olde Creek
Sleepy Hollow Rec,Week1,Sleepy Hollow B & R,Week4,316.0 Sleepy Hollow B & R - 86.0 Sleepy Hollow Rec
Sleepy Hollow Rec,Week5,Sleepy Hollow B & R,Week2,303.0 Sleepy Hollow B & R - 99.0 Sleepy Hollow Rec
Somerset-Olde Creek,Week2,Poplar Tree,Week3,337.0 Poplar Tree - 64.0 Somerset-Olde Creek
Somerset-Olde Creek,Week1,Broyhill Crest,Week1,225.0 Somerset-Olde Creek - 158.0 Broyhill Crest
South Run,Week1,Bren Mar-Edsall Park,Week2,321.0 South Run - 70.0 Bren Mar-Edsall Park
South Run,Week1,Dunn Loring,Week4,257.0 Dunn Loring - 136.0 South Run
South Run,Week3,Dunn Loring,Week5,275.0 Dunn Loring - 127.0 South Run
Somerset-Olde Creek,Week4,Sully Station II,Week1,315.0 Sully Station II - 87.0 Somerset-Olde Creek
Somerset-Olde Creek,Week4,Broyhill Crest,Week1,252.0 Somerset-Olde Creek - 144.0 Broyhill Crest
South Run,Week5,Brandywine,Week3,203.0 Brandywine - 199.0 South Run
South Run,Week4,Dunn Loring,Week2,285.0 Dunn Loring - 117.0 South Run
Somerset-Olde Creek,Week1,Lakeview,Week5,237.0 Lakeview - 154.0 Somerset-Olde Creek
Somerset-Olde Creek,Week1,Poplar Tree,Week5,342.0 Poplar Tree - 58.0 Somerset-Olde Creek
South Run,Week4,Dunn Loring,Week5,293.0 Dunn Loring - 109.0 South Run
Sleepy Hollow Rec,Week5,Sideburn Run,Week4,247.0 Sideburn Run - 155.0 Sleepy Hollow Rec
South Run,Week5,Dunn Loring,Week1,223.0 Dunn Loring - 179.0 South Run
Somerset-Olde Creek,Week3,Broyhill Crest,Week1,208.0 Somerset-Olde Creek - 173.0 Broyhill Crest
Somerset-Olde Creek,Week1,Broyhill Crest,Week3,242.0 Somerset-Olde Creek - 147.0 Broyhill Crest
South Run,Week2,Bren Mar-Edsall Park,Week2,314.0 South Run - 85.0 Bren Mar-Edsall Park
Somerset-Olde Creek,Week5,Sully Station II,Week2,331.0 Sully Station II - 70.0 Somerset-Olde Creek
Somerset-Olde Creek,Week2,Poplar Tree,Week2,316.0 Poplar Tree - 85.0 Somerset-Olde Creek
Somerset-Olde Creek,Week2,Lakeview,Week4,276.0 Lakeview - 126.0 Somerset-Olde Creek
South Run,Week2,Bren Mar-Edsall Park,Week5,291.0 South Run - 99.0 Bren Mar-Edsall Park
Sleepy Hollow Rec,Week4,Sleepy Hollow B & R,Week3,323.0 Sleepy Hollow B & R - 79.0 Sleepy Hollow Rec
South Run,Week2,Fair Oaks ,Week4,230.0 Fair Oaks - 171.0 South Run
Somerset-Olde Creek,Week2,Broyhill Crest,Week4,203.0 Somerset-Olde Creek - 193.0 Broyhill Crest
Somerset-Olde Creek,Week5,Brookfield ,Week3,291.0 Brookfield - 109.0 Somerset-Olde Creek
Somerset-Olde Creek,Week4,Sully Station II,Week4,327.0 Sully Station II - 75.0 Somerset-Olde Creek
South Run,Week4,Bren Mar-Edsall Park,Week3,313.0 South Run - 87.0 Bren Mar-Edsall Park
South Run,Week5,Dunn Loring,Week4,254.0 Dunn Loring - 148.0 South Run
Somerset-Olde Creek,Week5,Lakeview,Week5,230.0 Lakeview - 161.0 Somerset-Olde Creek
South Run,Week1,Brookfield ,Week5,199.0 Brookfield - 189.0 South Run
South Run,Week5,Dunn Loring,Week3,266.0 Dunn Loring - 136.0 South Run
Somerset-Olde Creek,Week4,Lakeview,Week2,235.0 Lakeview - 166.0 Somerset-Olde Creek
Sleepy Hollow Rec,Week1,Sleepy Hollow B & R,Week5,322.0 Sleepy Hollow B & R - 80.0 Sleepy Hollow Rec
South Run,Week2,Bren Mar-Edsall Park,Week4,307.0 South Run - 89.0 Bren Mar-Edsall Park
South Run,Week3,Brookfield ,Week3,208.0 South Run - 193.0 Brookfield
Somerset-Olde Creek,Week4,Lakeview,Week1,232.0 Lakeview - 169.0 Somerset-Olde Creek
Somerset-Olde Creek,Week4,Sully Station II,Week3,342.0 Sully Station II - 60.0 Somerset-Olde Creek
Somerset-Olde Creek,Week2,Broyhill Crest,Week5,233.0 Broyhill Crest - 165.0 Somerset-Olde Creek
Sleepy Hollow Rec,Week5,Sideburn Run,Week5,255.0 Sideburn Run - 147.0 Sleepy Hollow Rec
Sleepy Hollow Rec,Week2,Sleepy Hollow B & R,Week2,293.0 Sleepy Hollow B & R - 109.0 Sleepy Hollow Rec
Somerset-Olde Creek,Week5,Sully Station II,Week3,326.0 Sully Station II - 76.0 Somerset-Olde Creek
South Run,Week1,Fair Oaks ,Week2,207.0 Fair Oaks - 186.0 South Run
Somerset-Olde Creek,Week2,Lakeview,Week3,266.0 Lakeview - 136.0 Somerset-Olde Creek
Somerset-Olde Creek,Week2,Lakeview,Week5,258.0 Lakeview - 134.0 Somerset-Olde Creek
Somerset-Olde Creek,Week1,Poplar Tree,Week4,302.0 Poplar Tree - 97.0 Somerset-Olde Creek
Somerset-Olde Creek,Week5,Sully Station II,Week1,303.0 Sully Station II - 97.0 Somerset-Olde Creek
Sleepy Hollow Rec,Week2,Sleepy Hollow B & R,Week4,313.0 Sleepy Hollow B & R - 89.0 Sleepy Hollow Rec
Somerset-Olde Creek,Week5,Sully Station II,Week4,303.0 Sully Station II - 99.0 Somerset-Olde Creek
Somerset-Olde Creek,Week5,Sully Station II,Week5,334.0 Sully Station II - 68.0 Somerset-Olde Creek
South Run,Week5,Fair Oaks ,Week1,214.0 Fair Oaks - 188.0 South Run
South Run,Week3,Brookfield ,Week5,215.0 Brookfield - 187.0 South Run
South Run,Week2,Fairfax,Week1,264.0 Fairfax - 138.0 South Run
Sleepy Hollow Rec,Week1,Sleepy Hollow B & R,Week1,293.0 Sleepy Hollow B & R - 109.0 Sleepy Hollow Rec
Somerset-Olde Creek,Week5,Brookfield ,Week4,307.0 Brookfield - 95.0 Somerset-Olde Creek
Somerset-Olde Creek,Week1,Broyhill Crest,Week5,207.0 Somerset-Olde Creek - 187.0 Broyhill Crest
Somerset-Olde Creek,Week5,Lakeview,Week1,213.0 Lakeview - 188.0 Somerset-Olde Creek
Somerset-Olde Creek,Week4,Sully Station II,Week5,344.0 Sully Station II - 58.0 Somerset-Olde Creek
Somerset-Olde Creek,Week3,Burke Station,Week4,231.0 Burke Station - 161.0 Somerset-Olde Creek
Sleepy Hollow Rec,Week4,Sleepy Hollow B & R,Week5,331.0 Sleepy Hollow B & R - 71.0 Sleepy Hollow Rec
South Run,Week4,Bren Mar-Edsall Park,Week5,298.0 South Run - 101.0 Bren Mar-Edsall Park
Sleepy Hollow Rec,Week3,Sleepy Hollow B & R,Week3,284.0 Sleepy Hollow B & R - 118.0 Sleepy Hollow Rec
Somerset-Olde Creek,Week1,Burke Station,Week3,241.0 Burke Station - 144.0 Somerset-Olde Creek
Somerset-Olde Creek,Week3,Broyhill Crest,Week4,203.0 Somerset-Olde Creek - 191.0 Broyhill Crest
South Run,Week2,Brookfield ,Week3,213.0 Brookfield - 188.0 South Run
Somerset-Olde Creek,Week1,Langley,Week3,338.0 Langley - 64.0 Somerset-Olde Creek
Somerset-Olde Creek,Week3,Lakeview,Week1,269.0 Lakeview - 131.0 Somerset-Olde Creek
Somerset-Olde Creek,Week1,Langley,Week1,345.0 Langley - 57.0 Somerset-Olde Creek
Sleepy Hollow Rec,Week3,Sleepy Hollow B & R,Week5,307.0 Sleepy Hollow B & R - 95.0 Sleepy Hollow Rec
South Run,Week1,Brookfield ,Week3,198.0 South Run - 194.0 Brookfield
South Run,Week4,Fair Oaks ,Week4,231.0 Fair Oaks - 170.0 South Run
Somerset-Olde Creek,Week1,Truro,Week1,266.0 Truro - 133.0 Somerset-Olde Creek
South Run,Week2,Fairfax,Week5,291.0 Fairfax - 110.0 South Run
Somerset-Olde Creek,Week3,Burke Station,Week3,257.0 Burke Station - 131.0 Somerset-Olde Creek
Somerset-Olde Creek,Week4,Lakeview,Week3,253.0 Lakeview - 149.0 Somerset-Olde Creek
Somerset-Olde Creek,Week2,Burke Station,Week5,257.0 Burke Station - 139.0 Somerset-Olde Creek
Somerset-Olde Creek,Week4,Burke Station,Week2,219.0 Burke Station - 177.0 Somerset-Olde Creek
South Run,Week5,Fair Oaks ,Week4,204.0 South Run - 198.0 Fair Oaks
South Run,Week2,Brookfield ,Week5,214.0 Brookfield - 183.0 South Run
Somerset-Olde Creek,Week3,Lakeview,Week5,262.0 Lakeview - 125.0 Somerset-Olde Creek
Somerset-Olde Creek,Week2,Burke Station,Week4,250.0 Burke Station - 144.0 Somerset-Olde Creek
Somerset-Olde Creek,Week5,Burke Station,Week5,227.0 Burke Station - 173.0 Somerset-Olde Creek
Sleepy Hollow Rec,Week2,Sleepy Hollow B & R,Week1,284.0 Sleepy Hollow B & R - 118.0 Sleepy Hollow Rec
Somerset-Olde Creek,Week1,Langley,Week2,331.0 Langley - 70.0 Somerset-Olde Creek
South Run,Week1,Fairfax,Week1,250.5 Fairfax - 142.5 South Run
South Run,Week3,Fair Oaks ,Week2,219.0 Fair Oaks - 183.0 South Run
South Run,Week5,Bren Mar-Edsall Park,Week3,330.0 South Run - 72.0 Bren Mar-Edsall Park
Somerset-Olde Creek,Week3,Lakeview,Week3,281.0 Lakeview - 120.0 Somerset-Olde Creek
South Run,Week2,Fair Oaks ,Week3,251.0 Fair Oaks - 151.0 South Run
Sleepy Hollow Rec,Week5,Sleepy Hollow B & R,Week1,286.0 Sleepy Hollow B & R - 116.0 Sleepy Hollow Rec
South Run,Week3,Bren Mar-Edsall Park,Week1,343.0 South Run - 57.0 Bren Mar-Edsall Park
Somerset-Olde Creek,Week5,Lakeview,Week3,230.0 Lakeview - 172.0 Somerset-Olde Creek
South Run,Week1,Fairfax,Week3,249.0 Fairfax - 143.0 South Run
Somerset-Olde Creek,Week1,Burke Station,Week1,230.0 Burke Station - 139.0 Somerset-Olde Creek
Somerset-Olde Creek,Week5,Broyhill Crest,Week5,231.0 Somerset-Olde Creek - 165.0 Broyhill Crest
Sleepy Hollow Rec,Week1,Sleepy Hollow B & R,Week3,314.0 Sleepy Hollow B & R - 88.0 Sleepy Hollow Rec
Sleepy Hollow Rec,Week1,Sleepy Hollow Rec,Week3,238.0 Sleepy Hollow Rec (SHR2) - 164.0 Sleepy Hollow Rec (SHR1)
Sleepy Hollow Rec,Week2,Sleepy Hollow B & R,Week5,325.0 Sleepy Hollow B & R - 77.0 Sleepy Hollow Rec
South Run,Week4,Bren Mar-Edsall Park,Week2,320.0 South Run - 76.0 Bren Mar-Edsall Park
South Run,Week2,Brookfield ,Week1,230.0 Brookfield - 172.0 South Run
South Run,Week4,Fair Oaks ,Week1,241.0 Fair Oaks - 161.0 South Run
South Run,Week5,Bren Mar-Edsall Park,Week1,346.0 South Run - 56.0 Bren Mar-Edsall Park
South Run,Week3,Bren Mar-Edsall Park,Week4,337.0 South Run - 63.0 Bren Mar-Edsall Park
Sleepy Hollow Rec,Week3,Sleepy Hollow B & R,Week4,293.0 Sleepy Hollow B & R - 109.0 Sleepy Hollow Rec
Sleepy Hollow Rec,Week3,Sleepy Hollow B & R,Week1,272.0 Sleepy Hollow B & R - 130.0 Sleepy Hollow Rec
South Run,Week3,Fair Oaks ,Week1,241.0 Fair Oaks - 161.0 South Run
Somerset-Olde Creek,Week1,Langley,Week4,343.0 Langley - 59.0 Somerset-Olde Creek
Somerset-Olde Creek,Week5,Lakeview,Week2,224.0 Lakeview - 177.0 Somerset-Olde Creek
Somerset-Olde Creek,Week5,Lakeview,Week4,244.0 Lakeview - 158.0 Somerset-Olde Creek
South Run,Week5,Fair Oaks ,Week2,203.0 Fair Oaks - 199.0 South Run
Somerset-Olde Creek,Week1,Langley,Week5,332.0 Langley - 70.0 Somerset-Olde Creek
South Run,Week1,Fairfax,Week2,263.0 Fairfax - 130.0 South Run
Sleepy Hollow Rec,Week4,Sleepy Hollow Rec,Week2,206.0 Sleepy Hollow Rec (SHR1) - 196.0 Sleepy Hollow Rec (SHR2)
Somerset-Olde Creek,Week5,Burke Station,Week4,204.0 Burke Station - 193.0 Somerset-Olde Creek
South Run,Week5,Bren Mar-Edsall Park,Week5,322.0 South Run - 80.0 Bren Mar-Edsall Park
South Run,Week3,Bren Mar-Edsall Park,Week5,328.0 South Run - 74.0 Bren Mar-Edsall Park
Somerset-Olde Creek,Week3,Lakeview,Week2,269.0 Lakeview - 133.0 Somerset-Olde Creek
South Run,Week1,Brookfield ,Week4,209.0 Brookfield - 184.0 South Run
South Run,Week1,Fairfax,Week4,243.0 Fairfax - 149.0 South Run
Sleepy Hollow Rec,Week3,Sleepy Hollow Rec,Week2,247.0 Sleepy Hollow Rec (SHR1) - 155.0 Sleepy Hollow Rec (SHR2)
South Run,Week3,Fair Oaks ,Week4,233.0 Fair Oaks - 169.0 South Run
South Run,Week2,Fair Oaks ,Week5,258.0 Fair Oaks - 144.0 South Run
South Run,Week2,Brookfield ,Week4,244.0 Brookfield - 158.0 South Run
South Run,Week2,Fairfax,Week4,268.0 Fairfax - 133.0 South Run
Somerset-Olde Creek,Week2,Burke Station,Week1,253.0 Burke Station - 121.0 Somerset-Olde Creek
Somerset-Olde Creek,Week2,Langley,Week4,353.0 Langley - 49.0 Somerset-Olde Creek
Somerset-Olde Creek,Week4,Broyhill Crest,Week5,219.0 Somerset-Olde Creek - 180.0 Broyhill Crest
Somerset-Olde Creek,Week5,Burke Station,Week3,216.0 Burke Station - 175.0 Somerset-Olde Creek
Somerset-Olde Creek,Week4,Lakeview,Week5,237.0 Lakeview - 155.0 Somerset-Olde Creek
South Run,Week1,Fairfax,Week5,257.5 Fairfax - 134.5 South Run
Sleepy Hollow Rec,Week1,Sleepy Hollow Rec,Week4,213.0 Sleepy Hollow Rec (SHR2) - 189.0 Sleepy Hollow Rec (SHR1)
South Run,Week2,Fairfax,Week3,280.0 Fairfax - 121.0 South Run
Sleepy Hollow Rec,Week1,Sleepy Hollow Rec,Week1,198.5 Sleepy Hollow Rec (SHR1) - 198.5 Sleepy Hollow Rec (SHR2)
Somerset-Olde Creek,Week2,Langley,Week1,356.0 Langley - 46.0 Somerset-Olde Creek
Somerset-Olde Creek,Week2,Langley,Week2,341.0 Langley - 61.0 Somerset-Olde Creek
South Run,Week5,Fair Oaks ,Week5,242.0 Fair Oaks - 160.0 South Run
South Run,Week3,Bren Mar-Edsall Park,Week2,347.0 South Run - 53.0 Bren Mar-Edsall Park
South Run,Week3,Bren Mar-Edsall Park,Week3,335.0 South Run - 67.0 Bren Mar-Edsall Park
Sleepy Hollow Rec,Week3,Sleepy Hollow Rec,Week3,201.0 Sleepy Hollow Rec (SHR1) - 201.0 Sleepy Hollow Rec (SHR2)
Somerset-Olde Creek,Week5,Broyhill Crest,Week1,272.0 Somerset-Olde Creek - 117.0 Broyhill Crest
Somerset-Olde Creek,Week5,Broyhill Crest,Week2,271.0 Somerset-Olde Creek - 125.0 Broyhill Crest
Sleepy Hollow Rec,Week2,Sleepy Hollow Rec,Week1,215.0 Sleepy Hollow Rec (SHR1) - 187.0 Sleepy Hollow Rec (SHR2)
South Run,Week4,Bren Mar-Edsall Park,Week1,321.0 South Run - 74.0 Bren Mar-Edsall Park
Sleepy Hollow Rec,Week3,Sleepy Hollow Rec,Week1,238.0 Sleepy Hollow Rec (SHR1) - 164.0 Sleepy Hollow Rec (SHR2)
Sleepy Hollow Rec,Week1,Sleepy Hollow Rec,Week5,242.0 Sleepy Hollow Rec (SHR2) - 160.0 Sleepy Hollow Rec (SHR1)
Somerset-Olde Creek,Week3,Burke Station,Week5,256.0 Burke Station - 139.0 Somerset-Olde Creek
Somerset-Olde Creek,Week3,Burke Station,Week1,245.0 Burke Station - 127.0 Somerset-Olde Creek
Sleepy Hollow Rec,Week1,Sleepy Hollow Rec,Week2,215.0 Sleepy Hollow Rec (SHR2) - 187.0 Sleepy Hollow Rec (SHR1)
South Run,Week4,Bren Mar-Edsall Park,Week4,309.0 South Run - 85.0 Bren Mar-Edsall Park
South Run,Week3,Brookfield ,Week2,224.0 Brookfield - 178.0 South Run
South Run,Week4,Fair Oaks ,Week5,267.0 Fair Oaks - 135.0 South Run
Somerset-Olde Creek,Week3,Langley,Week3,343.0 Langley - 59.0 Somerset-Olde Creek
South Run,Week3,Brookfield ,Week1,220.0 Brookfield - 182.0 South Run
Somerset-Olde Creek,Week5,Broyhill Crest,Week3,269.0 Somerset-Olde Creek - 129.0 Broyhill Crest
Somerset-Olde Creek,Week1,Laurel Hill,Week4,267.0 Laurel Hill - 134.0 Somerset-Olde Creek
Somerset-Olde Creek,Week4,Langley,Week3,342.0 Langley - 60.0 Somerset-Olde Creek
Sleepy Hollow Rec,Week3,Sleepy Hollow Rec,Week5,203.0 Sleepy Hollow Rec (SHR1) - 199.0 Sleepy Hollow Rec (SHR2)
South Run,Week5,Bren Mar-Edsall Park,Week2,339.0 South Run - 63.0 Bren Mar-Edsall Park
South Run,Week4,Fair Oaks ,Week2,225.0 Fair Oaks - 175.0 South Run
Somerset-Olde Creek,Week3,Laurel Hill,Week1,250.0 Laurel Hill - 142.0 Somerset-Olde Creek
Somerset-Olde Creek,Week4,Burke Station,Week3,234.0 Burke Station - 158.0 Somerset-Olde Creek
South Run,Week3,Fair Oaks ,Week3,241.0 Fair Oaks - 161.0 South Run
Somerset-Olde Creek,Week2,Burke Station,Week3,260.0 Burke Station - 126.0 Somerset-Olde Creek
Sleepy Hollow Rec,Week4,Sleepy Hollow Rec,Week3,226.5 Sleepy Hollow Rec (SHR2) - 175.5 Sleepy Hollow Rec (SHR1)
Somerset-Olde Creek,Week4,Laurel Hill,Week1,235.0 Laurel Hill - 164.0 Somerset-Olde Creek
Somerset-Olde Creek,Week1,Laurel Hill,Week3,270.0 Laurel Hill - 131.0 Somerset-Olde Creek
Sleepy Hollow Rec,Week3,Sleepy Hollow Rec,Week4,226.5 Sleepy Hollow Rec (SHR1) - 175.5 Sleepy Hollow Rec (SHR2)
South Run,Week1,Brookfield ,Week2,217.0 Brookfield - 176.0 South Run
Somerset-Olde Creek,Week1,Burke Station,Week2,224.0 Burke Station - 159.0 Somerset-Olde Creek
South Run,Week1,Brookfield ,Week1,213.0 Brookfield - 180.0 South Run
Sleepy Hollow Rec,Week2,Sleepy Hollow Rec,Week5,237.0 Sleepy Hollow Rec (SHR2) - 164.0 Sleepy Hollow Rec (SHR1)
South Run,Week2,Fair Oaks ,Week2,226.0 Fair Oaks - 174.0 South Run
Somerset-Olde Creek,Week1,Burke Station,Week5,244.0 Burke Station - 151.0 Somerset-Olde Creek
Somerset-Olde Creek,Week4,Burke Station,Week5,235.0 Burke Station - 161.0 Somerset-Olde Creek
South Run,Week4,Brookfield ,Week4,234.0 Brookfield - 168.0 South Run
Somerset-Olde Creek,Week5,Langley,Week3,331.0 Langley - 71.0 Somerset-Olde Creek
Somerset-Olde Creek,Week4,Burke Station,Week4,216.0 Burke Station - 184.0 Somerset-Olde Creek
Sleepy Hollow Rec,Week4,Sleepy Hollow Rec,Week4,200.5 Sleepy Hollow Rec (SHR1) - 200.5 Sleepy Hollow Rec (SHR2)
Sleepy Hollow Rec,Week4,Little Rocky Run,Week5,359.0 Little Rocky Run - 43.0 Sleepy Hollow Rec
Sleepy Hollow Rec,Week4,Long Branch,Week3,223.0 Long Branch - 179.0 Sleepy Hollow Rec
Sleepy Hollow Rec,Week5,Sleepy Hollow Rec,Week1,242.0 Sleepy Hollow Rec (SHR1) - 160.0 Sleepy Hollow Rec (SHR2)
South Run,Week3,Brookfield ,Week4,220.0 Brookfield - 182.0 South Run
Sleepy Hollow Rec,Week5,Little Rocky Run,Week1,309.0 Little Rocky Run - 93.0 Sleepy Hollow Rec
Somerset-Olde Creek,Week1,Burke Station,Week4,217.0 Burke Station - 173.0 Somerset-Olde Creek
South Run,Week3,Fair Oaks ,Week5,251.0 Fair Oaks - 151.0 South Run
South Run,Week4,Fairfax,Week4,262.0 Fairfax - 139.0 South Run
South Run,Week2,Brookfield ,Week2,237.0 Brookfield - 165.0 South Run
South Run,Week4,Brookfield ,Week1,223.0 Brookfield - 179.0 South Run
Sleepy Hollow Rec,Week4,Sleepy Hollow Rec,Week1,213.0 Sleepy Hollow Rec (SHR1) - 189.0 Sleepy Hollow Rec (SHR2)
Somerset-Olde Creek,Week1,Laurel Hill,Week1,234.0 Laurel Hill - 154.0 Somerset-Olde Creek
Somerset-Olde Creek,Week5,Langley,Week4,342.0 Langley - 60.0 Somerset-Olde Creek
Somerset-Olde Creek,Week2,Burke Station,Week2,248.0 Burke Station - 142.0 Somerset-Olde Creek
South Run,Week4,Fair Oaks ,Week3,248.0 Fair Oaks - 154.0 South Run
Somerset-Olde Creek,Week3,Laurel Hill,Week2,237.0 Laurel Hill - 149.0 Somerset-Olde Creek
Somerset-Olde Creek,Week3,Laurel Hill,Week4,264.0 Laurel Hill - 135.0 Somerset-Olde Creek
South Run,Week5,Bren Mar-Edsall Park,Week4,333.0 South Run - 69.0 Bren Mar-Edsall Park
South Run,Week4,Fairfax,Week3,286.0 Fairfax - 115.0 South Run
South Run,Week5,Brookfield ,Week1,210.0 South Run - 192.0 Brookfield
Sleepy Hollow Rec,Week2,Sleepy Hollow Rec,Week3,247.0 Sleepy Hollow Rec (SHR2) - 155.0 Sleepy Hollow Rec (SHR1)
Sleepy Hollow Rec,Week2,Sleepy Hollow Rec,Week2,200.5 Sleepy Hollow Rec (SHR1) - 200.5 Sleepy Hollow Rec (SHR2)
South Run,Week2,Fairfax,Week2,281.0 Fairfax - 121.0 South Run
Sleepy Hollow Rec,Week2,Sleepy Hollow Rec,Week4,206.0 Sleepy Hollow Rec (SHR2) - 196.0 Sleepy Hollow Rec (SHR1)
Somerset-Olde Creek,Week5,Broyhill Crest,Week4,259.0 Somerset-Olde Creek - 137.0 Broyhill Crest
South Run,Week5,Fair Oaks ,Week3,232.0 Fair Oaks - 170.0 South Run
Somerset-Olde Creek,Week5,Langley,Week5,320.0 Langley - 82.0 Somerset-Olde Creek
Somerset-Olde Creek,Week3,Langley,Week5,339.0 Langley - 63.0 Somerset-Olde Creek
South Run,Week4,Fairfax,Week2,285.5 Fairfax - 116.5 South Run
Sleepy Hollow Rec,Week5,Little Rocky Run,Week2,319.0 Little Rocky Run - 83.0 Sleepy Hollow Rec
Somerset-Olde Creek,Week3,Laurel Hill,Week3,269.0 Laurel Hill - 128.0 Somerset-Olde Creek
South Run,Week4,Fairfax,Week5,288.0 Fairfax - 113.0 South Run
Sleepy Hollow Rec,Week4,Sleepy Hollow Rec,Week5,229.0 Sleepy Hollow Rec (SHR2) - 173.0 Sleepy Hollow Rec (SHR1)
Somerset-Olde Creek,Week5,Langley,Week2,322.0 Langley - 79.0 Somerset-Olde Creek
South Run,Week3,Fairfax,Week1,257.0 Fairfax - 145.0 South Run
South Run,Week3,Fairfax,Week3,267.0 Fairfax - 134.0 South Run
South Run,Week1,Broyhill Crest,Week3,333.0 South Run - 58.0 Broyhill Crest
Sleepy Hollow Rec,Week4,Little Rocky Run,Week4,356.0 Little Rocky Run - 46.0 Sleepy Hollow Rec
Sleepy Hollow Rec,Week5,Sleepy Hollow B & R,Week5,309.0 Sleepy Hollow B & R - 93.0 Sleepy Hollow Rec
South Run,Week1,Broyhill Crest,Week2,327.0 South Run - 65.0 Broyhill Crest
Somerset-Olde Creek,Week2,Laurel Hill,Week2,244.0 Laurel Hill - 146.0 Somerset-Olde Creek
Sleepy Hollow Rec,Week3,Long Branch,Week5,223.0 Long Branch - 179.0 Sleepy Hollow Rec
South Run,Week2,Fairfax Club Estates,Week4,217.0 South Run - 179.0 Fairfax Club Estates
Somerset-Olde Creek,Week3,Langley,Week4,346.0 Langley - 56.0 Somerset-Olde Creek
Somerset-Olde Creek,Week1,Canterbury Woods,Week4,291.0 Canterbury Woods - 111.0 Somerset-Olde Creek
Somerset-Olde Creek,Week4,Burke Station,Week1,211.0 Burke Station - 163.0 Somerset-Olde Creek
Sleepy Hollow Rec,Week5,Little Rocky Run,Week3,331.0 Little Rocky Run - 71.0 Sleepy Hollow Rec
Somerset-Olde Creek,Week5,Langley,Week1,339.0 Langley - 63.0 Somerset-Olde Creek
Somerset-Olde Creek,Week3,Camelot,Week5,303.0 Camelot - 97.0 Somerset-Olde Creek
Sleepy Hollow Rec,Week5,Sleepy Hollow Rec,Week2,237.0 Sleepy Hollow Rec (SHR1) - 164.0 Sleepy Hollow Rec (SHR2)
Somerset-Olde Creek,Week1,Camelot,Week1,267.0 Camelot - 133.0 Somerset-Olde Creek
Somerset-Olde Creek,Week1,Canterbury Woods,Week2,262.0 Canterbury Woods - 139.0 Somerset-Olde Creek
Sleepy Hollow Rec,Week1,Long Branch,Week4,228.0 Long Branch - 174.0 Sleepy Hollow Rec
South Run,Week2,Broyhill Crest,Week4,300.0 South Run - 102.0 Broyhill Crest
Somerset-Olde Creek,Week4,Langley,Week1,349.0 Langley - 53.0 Somerset-Olde Creek
Somerset-Olde Creek,Week2,Camelot,Week4,293.0 Camelot - 109.0 Somerset-Olde Creek
South Run,Week5,Fairfax,Week2,261.0 Fairfax - 141.0 South Run
South Run,Week2,Broyhill Crest,Week1,312.0 South Run - 83.0 Broyhill Crest
South Run,Week4,Brookfield ,Week5,213.0 Brookfield - 189.0 South Run
Sleepy Hollow Rec,Week5,Long Branch,Week3,204.0 Long Branch - 198.0 Sleepy Hollow Rec
Sleepy Hollow Rec,Week3,Long Branch,Week1,209.0 Long Branch - 193.0 Sleepy Hollow Rec
Somerset-Olde Creek,Week5,Burke Station,Week2,206.0 Burke Station - 186.0 Somerset-Olde Creek
South Run,Week1,Broyhill Crest,Week4,315.0 South Run - 77.0 Broyhill Crest
South Run,Week1,Fairfax Club Estates,Week2,247.0 South Run - 145.0 Fairfax Club Estates
Somerset-Olde Creek,Week3,Langley,Week1,348.0 Langley - 54.0 Somerset-Olde Creek
South Run,Week5,Fairfax,Week1,237.0 Fairfax - 165.0 South Run
Somerset-Olde Creek,Week3,Burke Station,Week2,236.0 Burke Station - 151.0 Somerset-Olde Creek
Sleepy Hollow Rec,Week5,Little Rocky Run,Week4,321.0 Little Rocky Run - 81.0 Sleepy Hollow Rec
Somerset-Olde Creek,Week5,Burke Station,Week1,211.0 Burke Station - 161.0 Somerset-Olde Creek
South Run,Week1,Broyhill Crest,Week1,321.0 South Run - 65.0 Broyhill Crest
South Run,Week2,Broyhill Crest,Week3,328.0 South Run - 73.0 Broyhill Crest
Sleepy Hollow Rec,Week4,Long Branch,Week2,231.0 Long Branch - 171.0 Sleepy Hollow Rec
Somerset-Olde Creek,Week2,Camelot,Week5,302.0 Camelot - 98.0 Somerset-Olde Creek
South Run,Week4,Fairfax Club Estates,Week2,239.0 South Run - 162.0 Fairfax Club Estates
Somerset-Olde Creek,Week4,Langley,Week2,332.0 Langley - 70.0 Somerset-Olde Creek
South Run,Week1,Fairfax Club Estates,Week3,238.0 South Run - 154.0 Fairfax Club Estates
South Run,Week5,Brookfield ,Week2,212.0 South Run - 190.0 Brookfield
Sleepy Hollow Rec,Week1,Mansion House,Week1,284.0 Mansion House - 118.0 Sleepy Hollow Rec
Somerset-Olde Creek,Week4,Langley,Week5,335.0 Langley - 67.0 Somerset-Olde Creek
Somerset-Olde Creek,Week2,Langley,Week5,341.0 Langley - 61.0 Somerset-Olde Creek
South Run,Week2,Fairfax Club Estates,Week2,234.0 South Run - 167.0 Fairfax Club Estates
Sleepy Hollow Rec,Week5,Little Rocky Run,Week5,335.0 Little Rocky Run - 67.0 Sleepy Hollow Rec
Sleepy Hollow Rec,Week4,Little Rocky Run,Week3,347.0 Little Rocky Run - 55.0 Sleepy Hollow Rec
Sleepy Hollow Rec,Week1,Long Branch,Week2,218.0 Long Branch - 184.0 Sleepy Hollow Rec
South Run,Week4,Brookfield ,Week2,220.0 Brookfield - 182.0 South Run
South Run,Week4,Fairfax,Week1,270.0 Fairfax - 132.0 South Run
Somerset-Olde Creek,Week4,Camelot,Week3,271.0 Camelot - 130.0 Somerset-Olde Creek
Somerset-Olde Creek,Week3,Langley,Week2,334.0 Langley - 67.0 Somerset-Olde Creek
Somerset-Olde Creek,Week4,Camelot,Week2,263.0 Camelot - 137.0 Somerset-Olde Creek
South Run,Week3,Fairfax Club Estates,Week2,257.0 South Run - 144.0 Fairfax Club Estates
Somerset-Olde Creek,Week4,Langley,Week4,352.0 Langley - 50.0 Somerset-Olde Creek
South Run,Week1,Broyhill Crest,Week5,315.0 South Run - 77.0 Broyhill Crest
Somerset-Olde Creek,Week3,Camelot,Week1,276.0 Camelot - 125.0 Somerset-Olde Creek
South Run,Week2,Broyhill Crest,Week5,299.0 South Run - 102.0 Broyhill Crest
South Run,Week4,Brookfield ,Week3,201.0 Brookfield - 200.0 South Run
Somerset-Olde Creek,Week1,Camelot,Week2,266.0 Camelot - 133.0 Somerset-Olde Creek
Somerset-Olde Creek,Week2,Laurel Hill,Week5,278.0 Laurel Hill - 121.0 Somerset-Olde Creek
South Run,Week3,Broyhill Crest,Week3,347.0 South Run - 54.0 Broyhill Crest
Somerset-Olde Creek,Week2,Laurel Hill,Week1,244.0 Laurel Hill - 151.0 Somerset-Olde Creek
South Run,Week3,Fairfax,Week4,266.0 Fairfax - 135.0 South Run
Sleepy Hollow Rec,Week3,Long Branch,Week4,210.0 Long Branch - 192.0 Sleepy Hollow Rec
Somerset-Olde Creek,Week1,Laurel Hill,Week2,230.0 Laurel Hill - 156.0 Somerset-Olde Creek
South Run,Week3,Fairfax,Week5,281.0 Fairfax - 120.0 South Run
Sleepy Hollow Rec,Week2,Long Branch,Week3,206.0 Long Branch - 196.0 Sleepy Hollow Rec
South Run,Week5,Brookfield ,Week3,236.0 South Run - 166.0 Brookfield
Somerset-Olde Creek,Week5,Camelot,Week2,253.0 Camelot - 146.0 Somerset-Olde Creek
Somerset-Olde Creek,Week1,Camelot,Week5,289.0 Camelot - 111.0 Somerset-Olde Creek
South Run,Week3,Broyhill Crest,Week2,337.0 South Run - 65.0 Broyhill Crest
South Run,Week5,Brookfield ,Week5,218.5 South Run - 183.5 Brookfield
Sleepy Hollow Rec,Week3,Long Branch,Week3,216.0 Sleepy Hollow Rec - 186.0 Long Branch
Somerset-Olde Creek,Week3,Camelot,Week4,296.0 Camelot - 106.0 Somerset-Olde Creek
Sleepy Hollow Rec,Week1,Long Branch,Week3,205.0 Long Branch - 197.0 Sleepy Hollow Rec
Somerset-Olde Creek,Week1,Laurel Hill,Week5,266.0 Laurel Hill - 133.0 Somerset-Olde Creek
South Run,Week5,Fairfax,Week3,267.0 Fairfax - 135.0 South Run
Somerset-Olde Creek,Week3,Camelot,Week2,277.0 Camelot - 122.0 Somerset-Olde Creek
Somerset-Olde Creek,Week2,Laurel Hill,Week4,269.0 Laurel Hill - 132.0 Somerset-Olde Creek
Somerset-Olde Creek,Week2,Laurel Hill,Week3,268.0 Laurel Hill - 133.0 Somerset-Olde Creek
South Run,Week3,Fairfax Club Estates,Week3,235.0 South Run - 166.0 Fairfax Club Estates
South Run,Week5,Fairfax,Week5,277.0 Fairfax - 125.0 South Run
Sleepy Hollow Rec,Week2,Long Branch,Week5,236.0 Long Branch - 166.0 Sleepy Hollow Rec
Sleepy Hollow Rec,Week2,Long Branch,Week4,229.0 Long Branch - 173.0 Sleepy Hollow Rec
Somerset-Olde Creek,Week4,Camelot,Week4,269.0 Camelot - 133.0 Somerset-Olde Creek
South Run,Week2,Broyhill Crest,Week2,316.0 South Run - 85.0 Broyhill Crest
South Run,Week3,Broyhill Crest,Week1,335.0 South Run - 66.0 Broyhill Crest
Somerset-Olde Creek,Week2,Camelot,Week2,278.0 Camelot - 122.0 Somerset-Olde Creek
Sleepy Hollow Rec,Week2,Long Branch,Week2,224.0 Long Branch - 178.0 Sleepy Hollow Rec
South Run,Week1,Fairfax Club Estates,Week1,239.0 South Run - 154.0 Fairfax Club Estates
Somerset-Olde Creek,Week1,Camelot,Week3,274.0 Camelot - 125.0 Somerset-Olde Creek
Sleepy Hollow Rec,Week3,Long Branch,Week2,204.0 Long Branch - 198.0 Sleepy Hollow Rec
Somerset-Olde Creek,Week2,Camelot,Week1,290.0 Camelot - 111.0 Somerset-Olde Creek
Sleepy Hollow Rec,Week1,Long Branch,Week5,237.0 Long Branch - 165.0 Sleepy Hollow Rec
Somerset-Olde Creek,Week3,Laurel Hill,Week5,281.0 Laurel Hill - 118.0 Somerset-Olde Creek
Sleepy Hollow Rec,Week1,Long Branch,Week1,214.0 Long Branch - 188.0 Sleepy Hollow Rec
South Run,Week2,Fairfax Club Estates,Week1,215.0 South Run - 187.0 Fairfax Club Estates
Somerset-Olde Creek,Week4,Camelot,Week1,269.5 Camelot - 131.5 Somerset-Olde Creek
South Run,Week5,Brookfield ,Week4,202.0 South Run - 200.0 Brookfield
South Run,Week2,Fairfax Club Estates,Week3,224.0 South Run - 177.0 Fairfax Club Estates
Somerset-Olde Creek,Week5,Camelot,Week4,262.0 Camelot - 140.0 Somerset-Olde Creek
South Run,Week3,Fairfax,Week2,277.0 Fairfax - 125.0 South Run
Somerset-Olde Creek,Week4,Laurel Hill,Week2,228.0 Laurel Hill - 164.0 Somerset-Olde Creek
South Run,Week4,Fairfax Club Estates,Week1,223.0 South Run - 169.0 Fairfax Club Estates
South Run,Week1,Fairfax Club Estates,Week5,239.0 South Run - 150.0 Fairfax Club Estates
Sleepy Hollow Rec,Week5,Long Branch,Week2,230.0 Long Branch - 172.0 Sleepy Hollow Rec
Somerset-Olde Creek,Week5,Camelot,Week5,270.0 Camelot - 131.0 Somerset-Olde Creek
Somerset-Olde Creek,Week5,Camelot,Week1,248.0 Camelot - 152.0 Somerset-Olde Creek
South Run,Week3,Fairfax Club Estates,Week4,224.0 South Run - 177.0 Fairfax Club Estates
Sleepy Hollow Rec,Week5,Long Branch,Week5,230.0 Long Branch - 172.0 Sleepy Hollow Rec
Somerset-Olde Creek,Week5,Laurel Hill,Week1,208.0 Laurel Hill - 183.0 Somerset-Olde Creek
South Run,Week2,Fairfax Club Estates,Week5,219.0 South Run - 174.0 Fairfax Club Estates
Sleepy Hollow Rec,Week4,Long Branch,Week5,249.0 Long Branch - 153.0 Sleepy Hollow Rec
Somerset-Olde Creek,Week3,Camelot,Week3,282.0 Camelot - 117.0 Somerset-Olde Creek
South Run,Week3,Fairfax Club Estates,Week1,235.0 South Run - 167.0 Fairfax Club Estates
Somerset-Olde Creek,Week1,Lee Graham,Week1,343.0 Lee Graham - 58.0 Somerset-Olde Creek
Sleepy Hollow Rec,Week5,Mansion House,Week4,256.0 Mansion House - 145.0 Sleepy Hollow Rec
Somerset-Olde Creek,Week5,Laurel Hill,Week3,240.0 Laurel Hill - 161.0 Somerset-Olde Creek
Somerset-Olde Creek,Week1,Lee Graham,Week3,349.0 Lee Graham - 53.0 Somerset-Olde Creek
Sleepy Hollow Rec,Week1,Mantua,Week2,307.0 Mantua - 95.0 Sleepy Hollow Rec
Sleepy Hollow Rec,Week5,Long Branch,Week1,217.0 Long Branch - 185.0 Sleepy Hollow Rec
Somerset-Olde Creek,Week5,Laurel Hill,Week5,261.0 Laurel Hill - 139.0 Somerset-Olde Creek
Sleepy Hollow Rec,Week4,Long Branch,Week4,232.0 Long Branch - 170.0 Sleepy Hollow Rec
Somerset-Olde Creek,Week4,Camelot,Week5,300.0 Camelot - 102.0 Somerset-Olde Creek
Somerset-Olde Creek,Week1,Lee Graham,Week2,350.0 Lee Graham - 51.0 Somerset-Olde Creek
Sleepy Hollow Rec,Week4,Long Branch,Week1,215.0 Long Branch - 187.0 Sleepy Hollow Rec
South Run,Week3,Fairfax Club Estates,Week5,231.0 South Run - 167.0 Fairfax Club Estates
Somerset-Olde Creek,Week4,Laurel Hill,Week4,248.0 Laurel Hill - 154.0 Somerset-Olde Creek
Somerset-Olde Creek,Week2,Camelot,Week3,287.0 Camelot - 113.0 Somerset-Olde Creek
Somerset-Olde Creek,Week5,Laurel Hill,Week2,214.0 Laurel Hill - 177.0 Somerset-Olde Creek
South Run,Week1,Fairfax Club Estates,Week4,223.0 South Run - 164.0 Fairfax Club Estates
Sleepy Hollow Rec,Week5,Long Branch,Week4,218.0 Long Branch - 184.0 Sleepy Hollow Rec
Somerset-Olde Creek,Week1,Camelot,Week4,276.0 Camelot - 126.0 Somerset-Olde Creek
Somerset-Olde Creek,Week5,Camelot,Week3,251.0 Camelot - 149.0 Somerset-Olde Creek
Somerset-Olde Creek,Week4,Laurel Hill,Week3,249.0 Laurel Hill - 153.0 Somerset-Olde Creek
South Run,Week4,Fairfax Club Estates,Week3,222.0 South Run - 179.0 Fairfax Club Estates
South Run,Week4,Fairfax Club Estates,Week4,219.0 South Run - 182.0 Fairfax Club Estates
Somerset-Olde Creek,Week1,Lee Graham,Week4,347.0 Lee Graham - 55.0 Somerset-Olde Creek
Sleepy Hollow Rec,Week2,Long Branch,Week1,215.0 Long Branch - 187.0 Sleepy Hollow Rec
South Run,Week5,Fairfax,Week4,241.0 Fairfax - 161.0 South Run
Somerset-Olde Creek,Week4,Laurel Hill,Week5,266.0 Laurel Hill - 136.0 Somerset-Olde Creek
Somerset-Olde Creek,Week1,Canterbury Woods,Week1,267.0 Canterbury Woods - 129.0 Somerset-Olde Creek
South Run,Week4,Burke Station,Week2,253.0 South Run - 144.0 Burke Station
Somerset-Olde Creek,Week1,Canterbury Woods,Week5,273.0 Canterbury Woods - 120.0 Somerset-Olde Creek
Sleepy Hollow Rec,Week3,Mansion House,Week4,235.0 Mansion House - 167.0 Sleepy Hollow Rec
Sleepy Hollow Rec,Week1,Mansion House,Week4,261.0 Mansion House - 141.0 Sleepy Hollow Rec
Somerset-Olde Creek,Week5,Laurel Hill,Week4,237.0 Laurel Hill - 165.0 Somerset-Olde Creek
Somerset-Olde Creek,Week1,Lee Graham,Week5,353.0 Lee Graham - 48.0 Somerset-Olde Creek
South Run,Week5,Broyhill Crest,Week3,347.0 South Run - 55.0 Broyhill Crest
South Run,Week4,Fairfax Club Estates,Week5,231.0 South Run - 162.0 Fairfax Club Estates
Somerset-Olde Creek,Week2,Canterbury Woods,Week3,312.0 Canterbury Woods - 85.0 Somerset-Olde Creek
South Run,Week1,Burke Station,Week1,234.5 South Run - 131.5 Burke Station
Sleepy Hollow Rec,Week3,Mansion House,Week1,255.0 Mansion House - 147.0 Sleepy Hollow Rec
South Run,Week4,Broyhill Crest,Week2,316.0 South Run - 84.0 Broyhill Crest
Somerset-Olde Creek,Week2,Canterbury Woods,Week1,304.0 Canterbury Woods - 92.0 Somerset-Olde Creek
Sleepy Hollow Rec,Week1,Mansion House,Week3,286.0 Mansion House - 116.0 Sleepy Hollow Rec
Somerset-Olde Creek,Week1,Canterbury Woods,Week3,279.0 Canterbury Woods - 123.0 Somerset-Olde Creek
Somerset-Olde Creek,Week2,Canterbury Woods,Week2,286.0 Canterbury Woods - 115.0 Somerset-Olde Creek
Somerset-Olde Creek,Week1,Cardinal Hill,Week5,328.0 Cardinal Hill - 72.0 Somerset-Olde Creek
South Run,Week4,Broyhill Crest,Week5,300.0 South Run - 100.0 Broyhill Crest
Somerset-Olde Creek,Week5,Canterbury Woods,Week5,271.0 Canterbury Woods - 127.0 Somerset-Olde Creek
Sleepy Hollow Rec,Week1,Mansion House,Week2,284.0 Mansion House - 118.0 Sleepy Hollow Rec
Sleepy Hollow Rec,Week1,Mantua,Week5,332.0 Mantua - 70.0 Sleepy Hollow Rec
South Run,Week2,Burke Station,Week5,242.0 South Run - 155.0 Burke Station
South Run,Week5,Broyhill Crest,Week1,334.0 South Run - 68.0 Broyhill Crest
Somerset-Olde Creek,Week2,Canterbury Woods,Week5,297.0 Canterbury Woods - 96.0 Somerset-Olde Creek
Sleepy Hollow Rec,Week4,Mansion House,Week2,285.0 Mansion House - 117.0 Sleepy Hollow Rec
South Run,Week1,Burke Station,Week3,244.0 South Run - 143.0 Burke Station
Sleepy Hollow Rec,Week2,Mansion House,Week2,282.0 Mansion House - 120.0 Sleepy Hollow Rec
Somerset-Olde Creek,Week1,Cardinal Hill,Week4,340.0 Cardinal Hill - 62.0 Somerset-Olde Creek
South Run,Week2,Burke Station,Week1,235.0 South Run - 140.0 Burke Station
South Run,Week3,Burke Station,Week1,242.0 South Run - 133.0 Burke Station
Somerset-Olde Creek,Week2,Canterbury Woods,Week4,313.0 Canterbury Woods - 89.0 Somerset-Olde Creek
South Run,Week3,Broyhill Crest,Week5,324.0 South Run - 77.0 Broyhill Crest
South Run,Week2,Burke Station,Week4,257.0 South Run - 145.0 Burke Station
Sleepy Hollow Rec,Week2,Mantua,Week1,306.5 Mantua - 94.5 Sleepy Hollow Rec
Somerset-Olde Creek,Week4,Cardinal Hill,Week1,356.0 Cardinal Hill - 46.0 Somerset-Olde Creek
Sleepy Hollow Rec,Week1,Mantua,Week1,301.0 Mantua - 101.0 Sleepy Hollow Rec
Sleepy Hollow Rec,Week4,Mansion House,Week3,296.0 Mansion House - 106.0 Sleepy Hollow Rec
Somerset-Olde Creek,Week3,Canterbury Woods,Week4,301.0 Canterbury Woods - 101.0 Somerset-Olde Creek
Somerset-Olde Creek,Week4,Canterbury Woods,Week4,300.0 Canterbury Woods - 102.0 Somerset-Olde Creek
Somerset-Olde Creek,Week3,Canterbury Woods,Week2,277.0 Canterbury Woods - 119.0 Somerset-Olde Creek
Sleepy Hollow Rec,Week5,Mansion House,Week2,262.5 Mansion House - 139.5 Sleepy Hollow Rec
South Run,Week1,Burke Station,Week5,248.0 South Run - 145.0 Burke Station
Sleepy Hollow Rec,Week2,Mansion House,Week1,287.0 Mansion House - 115.0 Sleepy Hollow Rec
South Run,Week5,Broyhill Crest,Week5,328.0 South Run - 74.0 Broyhill Crest
Somerset-Olde Creek,Week5,Canterbury Woods,Week1,249.0 Canterbury Woods - 152.0 Somerset-Olde Creek
South Run,Week3,Burke Station,Week2,276.0 South Run - 122.0 Burke Station
South Run,Week4,Broyhill Crest,Week3,320.5 South Run - 80.5 Broyhill Crest
Somerset-Olde Creek,Week5,Canterbury Woods,Week4,281.0 Canterbury Woods - 121.0 Somerset-Olde Creek
Sleepy Hollow Rec,Week2,Mansion House,Week5,306.5 Mansion House - 95.5 Sleepy Hollow Rec
Sleepy Hollow Rec,Week3,Hollin Hills,Week5,258.0 Sleepy Hollow Rec - 144.0 Hollin Hills
Sleepy Hollow Rec,Week1,Mansion House,Week5,289.0 Mansion House - 113.0 Sleepy Hollow Rec
Somerset-Olde Creek,Week3,Cardinal Hill,Week3,349.0 Cardinal Hill - 53.0 Somerset-Olde Creek
Sleepy Hollow Rec,Week2,Mansion House,Week4,263.0 Mansion House - 138.0 Sleepy Hollow Rec
South Run,Week1,Burke Station,Week2,272.0 South Run - 117.0 Burke Station
South Run,Week4,Broyhill Crest,Week1,313.0 South Run - 79.0 Broyhill Crest
Somerset-Olde Creek,Week1,Cardinal Hill,Week2,346.0 Cardinal Hill - 50.0 Somerset-Olde Creek
Sleepy Hollow Rec,Week1,Mantua,Week3,341.0 Mantua - 61.0 Sleepy Hollow Rec
South Run,Week4,Broyhill Crest,Week4,314.0 South Run - 87.0 Broyhill Crest
Sleepy Hollow Rec,Week3,Mansion House,Week2,262.0 Mansion House - 140.0 Sleepy Hollow Rec
Sleepy Hollow Rec,Week4,Mansion House,Week1,292.0 Mansion House - 110.0 Sleepy Hollow Rec
Somerset-Olde Creek,Week4,Canterbury Woods,Week2,271.0 Canterbury Woods - 130.0 Somerset-Olde Creek
Sleepy Hollow Rec,Week3,Mantua,Week4,301.0 Mantua - 101.0 Sleepy Hollow Rec
Somerset-Olde Creek,Week3,Canterbury Woods,Week1,283.0 Canterbury Woods - 113.0 Somerset-Olde Creek
Somerset-Olde Creek,Week3,Cardinal Hill,Week4,337.0 Cardinal Hill - 65.0 Somerset-Olde Creek
Somerset-Olde Creek,Week5,Canterbury Woods,Week2,239.0 Canterbury Woods - 162.0 Somerset-Olde Creek
Sleepy Hollow Rec,Week3,Mansion House,Week3,272.0 Mansion House - 130.0 Sleepy Hollow Rec
Sleepy Hollow Rec,Week1,Hollin Hills,Week3,244.0 Sleepy Hollow Rec - 158.0 Hollin Hills
Sleepy Hollow Rec,Week5,Mansion House,Week1,276.0 Mansion House - 126.0 Sleepy Hollow Rec
South Run,Week2,Burke Station,Week3,239.0 South Run - 156.0 Burke Station
Sleepy Hollow Rec,Week3,Hollin Hills,Week3,265.0 Sleepy Hollow Rec - 137.0 Hollin Hills
Somerset-Olde Creek,Week3,Canterbury Woods,Week5,288.0 Canterbury Woods - 100.0 Somerset-Olde Creek
Sleepy Hollow Rec,Week4,Mansion House,Week4,271.0 Mansion House - 131.0 Sleepy Hollow Rec
South Run,Week3,Burke Station,Week5,251.0 South Run - 151.0 Burke Station
Sleepy Hollow Rec,Week5,Rolling Forest,Week4,223.0 Rolling Forest - 179.0 Sleepy Hollow Rec
Sleepy Hollow Rec,Week3,Mansion House,Week5,275.0 Mansion House - 127.0 Sleepy Hollow Rec
South Run,Week5,Broyhill Crest,Week4,344.0 South Run - 58.0 Broyhill Crest
Sleepy Hollow Rec,Week3,Hollin Hills,Week4,272.0 Sleepy Hollow Rec - 129.0 Hollin Hills
South Run,Week2,Burke Station,Week2,266.0 South Run - 132.0 Burke Station
South Run,Week4,Burke Station,Week1,224.0 South Run - 151.0 Burke Station
Sleepy Hollow Rec,Week2,Hollin Hills,Week5,242.0 Sleepy Hollow Rec - 159.0 Hollin Hills
Somerset-Olde Creek,Week4,Canterbury Woods,Week3,297.0 Canterbury Woods - 105.0 Somerset-Olde Creek
Sleepy Hollow Rec,Week1,Hollin Hills,Week5,238.0 Sleepy Hollow Rec - 164.0 Hollin Hills
South Run,Week5,Broyhill Crest,Week2,339.0 South Run - 63.0 Broyhill Crest
South Run,Week3,Burke Station,Week4,267.0 South Run - 135.0 Burke Station
Somerset-Olde Creek,Week2,Cardinal Hill,Week3,350.0 Cardinal Hill - 52.0 Somerset-Olde Creek
Sleepy Hollow Rec,Week2,Mansion House,Week3,302.0 Mansion House - 100.0 Sleepy Hollow Rec
South Run,Week3,Burke Station,Week3,241.0 South Run - 155.0 Burke Station
Sleepy Hollow Rec,Week1,Mantua,Week4,310.0 Mantua - 92.0 Sleepy Hollow Rec
Somerset-Olde Creek,Week1,Cardinal Hill,Week1,353.0 Cardinal Hill - 48.0 Somerset-Olde Creek
Somerset-Olde Creek,Week5,Cardinal Hill,Week4,332.0 Cardinal Hill - 70.0 Somerset-Olde Creek
Somerset-Olde Creek,Week4,Canterbury Woods,Week5,281.0 Canterbury Woods - 117.0 Somerset-Olde Creek
South Run,Week1,Burke Station,Week4,271.0 South Run - 122.0 Burke Station
Sleepy Hollow Rec,Week4,Mansion House,Week5,300.5 Mansion House - 101.5 Sleepy Hollow Rec
Sleepy Hollow Rec,Week4,Hollin Hills,Week3,257.0 Sleepy Hollow Rec - 145.0 Hollin Hills
Sleepy Hollow Rec,Week5,Mansion House,Week3,277.0 Mansion House - 125.0 Sleepy Hollow Rec
Sleepy Hollow Rec,Week5,Mansion House,Week5,291.0 Mansion House - 111.0 Sleepy Hollow Rec
Somerset-Olde Creek,Week3,Canterbury Woods,Week3,303.0 Canterbury Woods - 94.0 Somerset-Olde Creek
Sleepy Hollow Rec,Week4,Hollin Hills,Week1,267.0 Sleepy Hollow Rec - 134.0 Hollin Hills
Somerset-Olde Creek,Week4,Canterbury Woods,Week1,287.0 Canterbury Woods - 114.0 Somerset-Olde Creek
South Run,Week3,Broyhill Crest,Week4,335.0 South Run - 67.0 Broyhill Crest
Sleepy Hollow Rec,Week2,Mantua,Week2,305.0 Mantua - 97.0 Sleepy Hollow Rec
Somerset-Olde Creek,Week2,Cardinal Hill,Week1,344.0 Cardinal Hill - 58.0 Somerset-Olde Creek
Sleepy Hollow Rec,Week2,Rolling Forest,Week4,252.0 Rolling Forest - 150.0 Sleepy Hollow Rec
Sleepy Hollow Rec,Week1,Rolling Hills,Week1,238.0 Rolling Hills - 164.0 Sleepy Hollow Rec
South Run,Week4,Burke Station,Week5,237.0 South Run - 165.0 Burke Station
Somerset-Olde Creek,Week5,Canterbury Woods,Week3,282.0 Canterbury Woods - 120.0 Somerset-Olde Creek
South Run,Week4,Burke Station,Week4,269.0 South Run - 132.0 Burke Station
Sleepy Hollow Rec,Week3,Mantua,Week2,283.0 Mantua - 119.0 Sleepy Hollow Rec
Sleepy Hollow Rec,Week1,Hollin Hills,Week2,256.0 Sleepy Hollow Rec - 146.0 Hollin Hills
Sleepy Hollow Rec,Week4,Mantua,Week1,315.0 Mantua - 87.0 Sleepy Hollow Rec
Sleepy Hollow Rec,Week5,Highlands Swim,Week2,344.0 Highlands Swim - 58.0 Sleepy Hollow Rec
Sleepy Hollow Rec,Week2,McLean,Week1,331.0 McLean - 71.0 Sleepy Hollow Rec
Sleepy Hollow Rec,Week2,Rolling Forest,Week2,233.0 Rolling Forest - 169.0 Sleepy Hollow Rec
Sleepy Hollow Rec,Week2,Hollin Hills,Week2,249.0 Sleepy Hollow Rec - 148.0 Hollin Hills
South Run,Week5,Burke Station,Week3,277.0 South Run - 120.0 Burke Station
Somerset-Olde Creek,Week1,Cardinal Hill,Week3,353.0 Cardinal Hill - 49.0 Somerset-Olde Creek
South Run,Week4,Camelot,Week5,207.5 Camelot - 190.5 South Run
Sleepy Hollow Rec,Week3,Rolling Forest,Week4,228.0 Rolling Forest - 174.0 Sleepy Hollow Rec
Somerset-Olde Creek,Week3,Cardinal Hill,Week1,361.0 Cardinal Hill - 41.0 Somerset-Olde Creek
South Run,Week4,Burke Station,Week3,239.0 South Run - 157.0 Burke Station
South Run,Week3,Camelot,Week4,220.0 South Run - 182.0 Camelot
Somerset-Olde Creek,Week3,Cardinal Hill,Week5,333.0 Cardinal Hill - 68.0 Somerset-Olde Creek
Sleepy Hollow Rec,Week1,McLean,Week3,320.5 McLean - 81.5 Sleepy Hollow Rec
Sleepy Hollow Rec,Week4,Hollin Hills,Week5,234.0 Sleepy Hollow Rec - 168.0 Hollin Hills
South Run,Week1,Camelot,Week3,214.0 South Run - 178.0 Camelot
Somerset-Olde Creek,Week2,Cardinal Hill,Week2,340.0 Cardinal Hill - 57.0 Somerset-Olde Creek
Sleepy Hollow Rec,Week2,Hollin Hills,Week4,257.0 Sleepy Hollow Rec - 140.0 Hollin Hills
South Run,Week5,Camelot,Week1,221.0 South Run - 181.0 Camelot
Sleepy Hollow Rec,Week4,Mantua,Week4,318.0 Mantua - 84.0 Sleepy Hollow Rec
Somerset-Olde Creek,Week2,Cardinal Hill,Week5,336.0 Cardinal Hill - 65.0 Somerset-Olde Creek
Somerset-Olde Creek,Week3,Cardinal Hill,Week2,348.0 Cardinal Hill - 49.0 Somerset-Olde Creek
Sleepy Hollow Rec,Week4,Hollin Hills,Week4,260.0 Sleepy Hollow Rec - 141.0 Hollin Hills
Sleepy Hollow Rec,Week4,Rolling Forest,Week3,282.0 Rolling Forest - 120.0 Sleepy Hollow Rec
South Run,Week5,Burke Station,Week4,287.0 South Run - 115.0 Burke Station
Sleepy Hollow Rec,Week2,Mantua,Week5,333.0 Mantua - 69.0 Sleepy Hollow Rec
Somerset-Olde Creek,Week2,Cardinal Hill,Week4,340.0 Cardinal Hill - 62.0 Somerset-Olde Creek
Sleepy Hollow Rec,Week4,Rolling Forest,Week4,257.0 Rolling Forest - 145.0 Sleepy Hollow Rec
Sleepy Hollow Rec,Week5,Mantua,Week5,317.0 Mantua - 85.0 Sleepy Hollow Rec
Sleepy Hollow Rec,Week3,Rolling Forest,Week5,234.0 Rolling Forest - 168.0 Sleepy Hollow Rec
Sleepy Hollow Rec,Week5,Hollin Hills,Week1,265.0 Sleepy Hollow Rec - 136.0 Hollin Hills
Sleepy Hollow Rec,Week3,Hollin Hills,Week1,273.0 Sleepy Hollow Rec - 128.0 Hollin Hills
Sleepy Hollow Rec,Week2,Rolling Forest,Week3,258.0 Rolling Forest - 144.0 Sleepy Hollow Rec
Sleepy Hollow Rec,Week3,Mantua,Week1,284.0 Mantua - 118.0 Sleepy Hollow Rec
Sleepy Hollow Rec,Week5,Highlands Swim,Week4,330.0 Highlands Swim - 72.0 Sleepy Hollow Rec
Sleepy Hollow Rec,Week5,Mantua,Week1,273.0 Mantua - 128.0 Sleepy Hollow Rec
Sleepy Hollow Rec,Week4,Rolling Forest,Week1,268.0 Rolling Forest - 134.0 Sleepy Hollow Rec
South Run,Week4,Camelot,Week2,201.0 South Run - 199.0 Camelot
Sleepy Hollow Rec,Week5,McLean,Week3,322.0 McLean - 80.0 Sleepy Hollow Rec
Sleepy Hollow Rec,Week4,Mantua,Week5,335.0 Mantua - 67.0 Sleepy Hollow Rec
Somerset-Olde Creek,Week5,Cardinal Hill,Week3,341.0 Cardinal Hill - 61.0 Somerset-Olde Creek
Somerset-Olde Creek,Week1,Chesterbrook,Week1,374.0 Chesterbrook - 28.0 Somerset-Olde Creek
Sleepy Hollow Rec,Week1,McLean,Week1,327.0 McLean - 75.0 Sleepy Hollow Rec
Sleepy Hollow Rec,Week2,Mantua,Week4,319.0 Mantua - 83.0 Sleepy Hollow Rec
Sleepy Hollow Rec,Week1,Hollin Hills,Week4,257.0 Sleepy Hollow Rec - 144.0 Hollin Hills
Sleepy Hollow Rec,Week3,Rolling Hills,Week1,214.0 Rolling Hills - 188.0 Sleepy Hollow Rec
Somerset-Olde Creek,Week5,Cardinal Hill,Week1,340.0 Cardinal Hill - 62.0 Somerset-Olde Creek
Sleepy Hollow Rec,Week2,Mantua,Week3,342.0 Mantua - 60.0 Sleepy Hollow Rec
Sleepy Hollow Rec,Week4,Hunter Mill,Week1,313.0 Hunter Mill - 89.0 Sleepy Hollow Rec
Sleepy Hollow Rec,Week5,Highlands Swim,Week3,336.0 Highlands Swim - 66.0 Sleepy Hollow Rec
Sleepy Hollow Rec,Week5,Hollin Hills,Week2,254.0 Sleepy Hollow Rec - 144.0 Hollin Hills
Sleepy Hollow Rec,Week4,Hollin Hills,Week2,254.0 Sleepy Hollow Rec - 147.0 Hollin Hills
Somerset-Olde Creek,Week4,Cardinal Hill,Week4,341.0 Cardinal Hill - 61.0 Somerset-Olde Creek
Sleepy Hollow Rec,Week3,Rolling Hills,Week5,206.0 Rolling Hills - 196.0 Sleepy Hollow Rec
Sleepy Hollow Rec,Week3,Rolling Forest,Week2,212.0 Rolling Forest - 190.0 Sleepy Hollow Rec
Sleepy Hollow Rec,Week1,Rolling Forest,Week4,249.0 Rolling Forest - 153.0 Sleepy Hollow Rec
Somerset-Olde Creek,Week1,Chesterbrook,Week4,379.0 Chesterbrook - 22.0 Somerset-Olde Creek
Sleepy Hollow Rec,Week1,McLean,Week4,315.0 McLean - 87.0 Sleepy Hollow Rec
South Run,Week5,Camelot,Week4,216.0 South Run - 186.0 Camelot
Somerset-Olde Creek,Week5,Cardinal Hill,Week5,331.0 Cardinal Hill - 70.0 Somerset-Olde Creek
South Run,Week4,Camelot,Week4,203.0 South Run - 198.0 Camelot
Sleepy Hollow Rec,Week2,Hollin Hills,Week1,270.0 Sleepy Hollow Rec - 130.0 Hollin Hills
Sleepy Hollow Rec,Week1,Rolling Hills,Week3,220.0 Rolling Hills - 182.0 Sleepy Hollow Rec
South Run,Week1,Camelot,Week1,208.0 South Run - 185.0 Camelot
Somerset-Olde Creek,Week1,Chesterbrook,Week3,382.0 Chesterbrook - 20.0 Somerset-Olde Creek
Somerset-Olde Creek,Week4,Cardinal Hill,Week2,341.0 Cardinal Hill - 61.0 Somerset-Olde Creek
Sleepy Hollow Rec,Week5,Rolling Forest,Week3,235.5 Rolling Forest - 166.5 Sleepy Hollow Rec
Somerset-Olde Creek,Week4,Cardinal Hill,Week3,357.0 Cardinal Hill - 45.0 Somerset-Olde Creek
Somerset-Olde Creek,Week5,Cardinal Hill,Week2,339.0 Cardinal Hill - 63.0 Somerset-Olde Creek
Sleepy Hollow Rec,Week4,Rolling Forest,Week5,274.0 Rolling Forest - 128.0 Sleepy Hollow Rec
South Run,Week1,Camelot,Week2,204.0 South Run - 188.0 Camelot
South Run,Week3,Camelot,Week1,212.0 South Run - 190.0 Camelot
Sleepy Hollow Rec,Week1,Rolling Forest,Week5,259.0 Rolling Forest - 143.0 Sleepy Hollow Rec
Sleepy Hollow Rec,Week3,Hollin Hills,Week2,264.0 Sleepy Hollow Rec - 137.0 Hollin Hills
Sleepy Hollow Rec,Week5,Rolling Forest,Week5,241.0 Rolling Forest - 161.0 Sleepy Hollow Rec
South Run,Week2,Camelot,Week1,202.0 South Run - 199.0 Camelot
South Run,Week3,Camelot,Week3,209.0 South Run - 192.0 Camelot
Sleepy Hollow Rec,Week5,Highlands Swim,Week5,335.0 Highlands Swim - 67.0 Sleepy Hollow Rec
Sleepy Hollow Rec,Week5,Rolling Forest,Week2,206.0 Rolling Forest - 196.0 Sleepy Hollow Rec
South Run,Week5,Camelot,Week2,225.0 South Run - 177.0 Camelot
Sleepy Hollow Rec,Week3,Mantua,Week3,324.0 Mantua - 78.0 Sleepy Hollow Rec
Somerset-Olde Creek,Week4,Cardinal Hill,Week5,341.0 Cardinal Hill - 60.0 Somerset-Olde Creek
Sleepy Hollow Rec,Week1,Hollin Hills,Week1,259.0 Sleepy Hollow Rec - 143.0 Hollin Hills
Sleepy Hollow Rec,Week2,McLean,Week2,336.0 McLean - 66.0 Sleepy Hollow Rec
Sleepy Hollow Rec,Week5,Mantua,Week4,304.0 Mantua - 98.0 Sleepy Hollow Rec
Sleepy Hollow Rec,Week2,Hollin Hills,Week3,257.0 Sleepy Hollow Rec - 144.0 Hollin Hills
South Run,Week1,Camelot,Week5,199.0 Camelot - 194.0 South Run
Sleepy Hollow Rec,Week4,McLean,Week5,342.0 McLean - 60.0 Sleepy Hollow Rec
South Run,Week4,Camelot,Week3,215.0 South Run - 185.0 Camelot
Sleepy Hollow Rec,Week5,Mantua,Week2,291.0 Mantua - 111.0 Sleepy Hollow Rec
Sleepy Hollow Rec,Week4,Rolling Forest,Week2,238.0 Rolling Forest - 164.0 Sleepy Hollow Rec
Sleepy Hollow Rec,Week5,Rolling Forest,Week1,227.0 Rolling Forest - 175.0 Sleepy Hollow Rec
Sleepy Hollow Rec,Week1,Hunter Mill,Week1,300.0 Hunter Mill - 102.0 Sleepy Hollow Rec
South Run,Week5,Burke Station,Week2,293.5 South Run - 107.5 Burke Station
Sleepy Hollow Rec,Week2,Rolling Forest,Week1,258.0 Rolling Forest - 144.0 Sleepy Hollow Rec
Sleepy Hollow Rec,Week1,Hunter Mill,Week4,312.0 Hunter Mill - 90.0 Sleepy Hollow Rec
Sleepy Hollow Rec,Week2,Hunter Mill,Week2,298.0 Hunter Mill - 104.0 Sleepy Hollow Rec
Somerset-Olde Creek,Week1,Chesterbrook,Week5,380.0 Chesterbrook - 22.0 Somerset-Olde Creek
Sleepy Hollow Rec,Week1,McLean,Week2,329.0 McLean - 73.0 Sleepy Hollow Rec
Sleepy Hollow Rec,Week3,Mantua,Week5,322.0 Mantua - 80.0 Sleepy Hollow Rec
Sleepy Hollow Rec,Week4,Mantua,Week3,341.0 Mantua - 61.0 Sleepy Hollow Rec
Somerset-Olde Creek,Week2,Chesterbrook,Week2,376.0 Chesterbrook - 26.0 Somerset-Olde Creek
Sleepy Hollow Rec,Week1,Rolling Hills,Week4,232.0 Rolling Hills - 165.0 Sleepy Hollow Rec
Somerset-Olde Creek,Week2,Chesterbrook,Week1,371.0 Chesterbrook - 31.0 Somerset-Olde Creek
Somerset-Olde Creek,Week1,Chesterbrook,Week2,376.0 Chesterbrook - 26.0 Somerset-Olde Creek
South Run,Week2,Camelot,Week2,200.0 South Run - 199.0 Camelot
South Run,Week5,Burke Station,Week5,263.0 South Run - 139.0 Burke Station
Sleepy Hollow Rec,Week2,Rolling Forest,Week5,258.0 Rolling Forest - 144.0 Sleepy Hollow Rec
Sleepy Hollow Rec,Week1,Ilda Community,Week5,209.0 Ilda Community - 193.0 Sleepy Hollow Rec
Sleepy Hollow Rec,Week4,Mantua,Week2,316.0 Mantua - 86.0 Sleepy Hollow Rec
Sleepy Hollow Rec,Week3,Rolling Forest,Week1,219.0 Rolling Forest - 183.0 Sleepy Hollow Rec
South Run,Week1,Camelot,Week4,221.0 South Run - 172.0 Camelot
Sleepy Hollow Rec,Week2,Rolling Hills,Week3,230.0 Rolling Hills - 172.0 Sleepy Hollow Rec
Somerset-Olde Creek,Week4,Chesterbrook,Week1,372.0 Chesterbrook - 25.0 Somerset-Olde Creek
Somerset-Olde Creek,Week3,Chesterbrook,Week5,386.5 Chesterbrook - 15.5 Somerset-Olde Creek
Sleepy Hollow Rec,Week1,McLean,Week5,330.0 McLean - 72.0 Sleepy Hollow Rec
South Run,Week3,Camelot,Week2,213.0 South Run - 188.0 Camelot
South Run,Week5,Burke Station,Week1,256.0 South Run - 122.0 Burke Station
Somerset-Olde Creek,Week3,Chesterbrook,Week4,387.0 Chesterbrook - 15.0 Somerset-Olde Creek
Sleepy Hollow Rec,Week3,Rolling Hills,Week2,211.0 Rolling Hills - 191.0 Sleepy Hollow Rec
Sleepy Hollow Rec,Week3,Hunter Mill,Week3,304.5 Hunter Mill - 97.5 Sleepy Hollow Rec
Sleepy Hollow Rec,Week4,Hunter Mill,Week3,329.0 Hunter Mill - 73.0 Sleepy Hollow Rec
Sleepy Hollow Rec,Week3,Hunter Mill,Week4,301.0 Hunter Mill - 101.0 Sleepy Hollow Rec
South Run,Week2,Camelot,Week5,205.0 Camelot - 193.0 South Run
Sleepy Hollow Rec,Week2,Rolling Hills,Week1,241.0 Rolling Hills - 161.0 Sleepy Hollow Rec
Sleepy Hollow Rec,Week2,McLean,Week3,338.0 McLean - 64.0 Sleepy Hollow Rec
Sleepy Hollow Rec,Week3,Rolling Forest,Week3,238.5 Rolling Forest - 163.5 Sleepy Hollow Rec
Somerset-Olde Creek,Week2,Chesterbrook,Week3,381.0 Chesterbrook - 21.0 Somerset-Olde Creek
South Run,Week2,Camelot,Week3,200.0 Camelot - 200.0 South Run
South Run,Week3,Camelot,Week5,201.0 South Run - 200.0 Camelot
Sleepy Hollow Rec,Week5,Mantua,Week3,326.0 Mantua - 76.0 Sleepy Hollow Rec
Somerset-Olde Creek,Week4,Chesterbrook,Week2,381.0 Chesterbrook - 21.0 Somerset-Olde Creek
Sleepy Hollow Rec,Week2,McLean,Week4,322.0 McLean - 80.0 Sleepy Hollow Rec
Sleepy Hollow Rec,Week3,Hunter Mill,Week2,283.0 Hunter Mill - 119.0 Sleepy Hollow Rec
Sleepy Hollow Rec,Week3,McLean,Week1,310.0 McLean - 92.0 Sleepy Hollow Rec
Sleepy Hollow Rec,Week4,Rolling Hills,Week1,236.0 Rolling Hills - 166.0 Sleepy Hollow Rec
South Run,Week4,Canterbury Woods,Week1,215.0 South Run - 187.0 Canterbury Woods
South Run,Week4,Camelot,Week1,211.0 South Run - 190.0 Camelot
South Run,Week1,Cardinal Hill,Week3,258.0 Cardinal Hill - 135.0 South Run
Sleepy Hollow Rec,Week5,McLean,Week2,329.0 McLean - 73.0 Sleepy Hollow Rec
Sleepy Hollow Rec,Week3,Rolling Hills,Week3,207.0 Rolling Hills - 195.0 Sleepy Hollow Rec
Sleepy Hollow Rec,Week5,Rolling Hills,Week3,207.0 Rolling Hills - 195.0 Sleepy Hollow Rec
Sleepy Hollow Rec,Week5,Rolling Hills,Week4,226.0 Rolling Hills - 175.0 Sleepy Hollow Rec
Sleepy Hollow Rec,Week1,Rolling Hills,Week5,225.0 Rolling Hills - 177.0 Sleepy Hollow Rec
Somerset-Olde Creek,Week2,Chesterbrook,Week4,381.0 Chesterbrook - 21.0 Somerset-Olde Creek
Sleepy Hollow Rec,Week2,Hunter Mill,Week3,311.0 Hunter Mill - 91.0 Sleepy Hollow Rec
Sleepy Hollow Rec,Week5,McLean,Week1,319.0 McLean - 83.0 Sleepy Hollow Rec
Somerset-Olde Creek,Week3,Chesterbrook,Week1,374.0 Chesterbrook - 28.0 Somerset-Olde Creek
Sleepy Hollow Rec,Week2,Hunter Mill,Week5,315.0 Hunter Mill - 87.0 Sleepy Hollow Rec
Sleepy Hollow Rec,Week4,Rolling Hills,Week3,235.0 Rolling Hills - 166.0 Sleepy Hollow Rec
Sleepy Hollow Rec,Week3,McLean,Week3,325.0 McLean - 77.0 Sleepy Hollow Rec
Somerset-Olde Creek,Week5,Chesterbrook,Week1,366.0 Chesterbrook - 36.0 Somerset-Olde Creek
Sleepy Hollow Rec,Week4,McLean,Week3,342.0 McLean - 60.0 Sleepy Hollow Rec
Sleepy Hollow Rec,Week2,Rolling Hills,Week5,227.0 Rolling Hills - 175.0 Sleepy Hollow Rec
South Run,Week5,Camelot,Week5,213.0 South Run - 189.0 Camelot
Somerset-Olde Creek,Week4,Chesterbrook,Week3,383.0 Chesterbrook - 19.0 Somerset-Olde Creek
South Run,Week2,Cardinal Hill,Week2,259.0 Cardinal Hill - 143.0 South Run
Sleepy Hollow Rec,Week1,Hunter Mill,Week3,317.0 Hunter Mill - 85.0 Sleepy Hollow Rec
South Run,Week2,Camelot,Week4,202.0 Camelot - 199.0 South Run
Somerset-Olde Creek,Week5,Chesterbrook,Week2,369.0 Chesterbrook - 33.0 Somerset-Olde Creek
Sleepy Hollow Rec,Week2,Ilda Community,Week5,206.0 Sleepy Hollow Rec - 195.0 Ilda Community
Sleepy Hollow Rec,Week2,McLean,Week5,329.0 McLean - 73.0 Sleepy Hollow Rec
Sleepy Hollow Rec,Week2,Rolling Hills,Week2,237.0 Rolling Hills - 165.0 Sleepy Hollow Rec
Sleepy Hollow Rec,Week2,Rolling Hills,Week4,238.0 Rolling Hills - 163.0 Sleepy Hollow Rec
Sleepy Hollow Rec,Week4,McLean,Week1,339.0 McLean - 63.0 Sleepy Hollow Rec
South Run,Week1,Canterbury Woods,Week2,225.5 South Run - 166.5 Canterbury Woods
Sleepy Hollow Rec,Week2,Hunter Mill,Week1,298.0 Hunter Mill - 104.0 Sleepy Hollow Rec
Somerset-Olde Creek,Week2,Commonwealth,Week4,285.0 Commonwealth - 111.0 Somerset-Olde Creek
Sleepy Hollow Rec,Week3,Ilda Community,Week2,221.0 Sleepy Hollow Rec - 181.0 Ilda Community
Sleepy Hollow Rec,Week4,McLean,Week4,336.0 McLean - 66.0 Sleepy Hollow Rec
Somerset-Olde Creek,Week4,Chesterbrook,Week4,387.0 Chesterbrook - 15.0 Somerset-Olde Creek
Sleepy Hollow Rec,Week1,Hunter Mill,Week5,313.0 Hunter Mill - 89.0 Sleepy Hollow Rec
Sleepy Hollow Rec,Week2,Ilda Community,Week4,208.0 Ilda Community - 194.0 Sleepy Hollow Rec
Somerset-Olde Creek,Week3,Chesterbrook,Week2,378.0 Chesterbrook - 24.0 Somerset-Olde Creek
Sleepy Hollow Rec,Week1,Rolling Hills,Week2,236.0 Rolling Hills - 166.0 Sleepy Hollow Rec
South Run,Week1,Canterbury Woods,Week1,226.0 South Run - 167.0 Canterbury Woods
Sleepy Hollow Rec,Week3,McLean,Week2,329.0 McLean - 73.0 Sleepy Hollow Rec
South Run,Week4,Canterbury Woods,Week5,212.0 South Run - 186.0 Canterbury Woods
Somerset-Olde Creek,Week2,Chesterbrook,Week5,384.0 Chesterbrook - 18.0 Somerset-Olde Creek
Sleepy Hollow Rec,Week1,Ilda Community,Week3,210.0 Sleepy Hollow Rec - 192.0 Ilda Community
Sleepy Hollow Rec,Week3,McLean,Week5,326.0 McLean - 76.0 Sleepy Hollow Rec
Somerset-Olde Creek,Week4,Chesterbrook,Week5,385.0 Chesterbrook - 17.0 Somerset-Olde Creek
Sleepy Hollow Rec,Week3,Rolling Hills,Week4,215.0 Rolling Hills - 187.0 Sleepy Hollow Rec
South Run,Week5,Camelot,Week3,221.0 South Run - 181.0 Camelot
Sleepy Hollow Rec,Week3,Hunter Mill,Week5,313.0 Hunter Mill - 89.0 Sleepy Hollow Rec
Sleepy Hollow Rec,Week3,McLean,Week4,306.0 McLean - 96.0 Sleepy Hollow Rec
Sleepy Hollow Rec,Week3,Ilda Community,Week5,228.0 Sleepy Hollow Rec - 173.0 Ilda Community
South Run,Week1,Cardinal Hill,Week5,234.0 Cardinal Hill - 158.0 South Run
Somerset-Olde Creek,Week3,Chesterbrook,Week3,385.0 Chesterbrook - 17.0 Somerset-Olde Creek
Sleepy Hollow Rec,Week5,Hunter Mill,Week1,294.0 Hunter Mill - 108.0 Sleepy Hollow Rec
Sleepy Hollow Rec,Week4,McLean,Week2,345.0 McLean - 57.0 Sleepy Hollow Rec
Sleepy Hollow Rec,Week1,Rolling Valley,Week4,214.0 Sleepy Hollow Rec - 188.0 Rolling Valley
Somerset-Olde Creek,Week2,Commonwealth,Week5,308.0 Commonwealth - 93.0 Somerset-Olde Creek
Somerset-Olde Creek,Week4,Commonwealth,Week2,305.0 Commonwealth - 97.0 Somerset-Olde Creek
South Run,Week1,Canterbury Woods,Week3,206.0 South Run - 182.0 Canterbury Woods
Sleepy Hollow Rec,Week5,Hunter Mill,Week3,308.0 Hunter Mill - 94.0 Sleepy Hollow Rec
Sleepy Hollow Rec,Week3,Hunter Mill,Week1,281.0 Hunter Mill - 121.0 Sleepy Hollow Rec
Sleepy Hollow Rec,Week5,Rolling Hills,Week1,213.5 Rolling Hills - 188.5 Sleepy Hollow Rec
Somerset-Olde Creek,Week5,Commonwealth,Week1,238.0 Commonwealth - 156.0 Somerset-Olde Creek
Sleepy Hollow Rec,Week5,McLean,Week4,308.0 McLean - 94.0 Sleepy Hollow Rec
South Run,Week2,Canterbury Woods,Week4,209.0 Canterbury Woods - 193.0 South Run
South Run,Week3,Canterbury Woods,Week2,229.0 South Run - 172.0 Canterbury Woods
Sleepy Hollow Rec,Week3,Langley,Week2,299.0 Langley - 103.0 Sleepy Hollow Rec
Sleepy Hollow Rec,Week1,Rolling Valley,Week2,218.0 Sleepy Hollow Rec - 184.0 Rolling Valley
Somerset-Olde Creek,Week1,Commonwealth,Week5,292.0 Commonwealth - 107.0 Somerset-Olde Creek
South Run,Week2,Cardinal Hill,Week4,265.0 Cardinal Hill - 137.0 South Run
Sleepy Hollow Rec,Week5,Hunter Mill,Week4,311.0 Hunter Mill - 91.0 Sleepy Hollow Rec
Sleepy Hollow Rec,Week1,Hollin Meadows,Week1,283.0 Hollin Meadows - 119.0 Sleepy Hollow Rec
South Run,Week1,Canterbury Woods,Week4,204.0 South Run - 189.0 Canterbury Woods
Sleepy Hollow Rec,Week4,Langley,Week5,318.0 Langley - 84.0 Sleepy Hollow Rec
Sleepy Hollow Rec,Week4,Rolling Hills,Week2,246.0 Rolling Hills - 155.0 Sleepy Hollow Rec
Sleepy Hollow Rec,Week4,Rolling Hills,Week5,237.0 Rolling Hills - 165.0 Sleepy Hollow Rec
South Run,Week3,Canterbury Woods,Week3,207.5 South Run - 194.5 Canterbury Woods
Sleepy Hollow Rec,Week1,Lakeview,Week5,206.0 Sleepy Hollow Rec - 187.0 Lakeview
Sleepy Hollow Rec,Week2,Rolling Valley,Week1,271.0 Sleepy Hollow Rec - 131.0 Rolling Valley
Sleepy Hollow Rec,Week5,Hollin Hills,Week5,241.0 Sleepy Hollow Rec - 160.0 Hollin Hills
Sleepy Hollow Rec,Week1,Hollin Meadows,Week4,288.0 Hollin Meadows - 114.0 Sleepy Hollow Rec
Sleepy Hollow Rec,Week4,Hunter Mill,Week5,325.0 Hunter Mill - 77.0 Sleepy Hollow Rec
Sleepy Hollow Rec,Week4,Langley,Week3,323.0 Langley - 79.0 Sleepy Hollow Rec
Sleepy Hollow Rec,Week5,Hunter Mill,Week2,298.0 Hunter Mill - 104.0 Sleepy Hollow Rec
Sleepy Hollow Rec,Week3,Langley,Week5,301.0 Langley - 101.0 Sleepy Hollow Rec
Sleepy Hollow Rec,Week2,Hollin Meadows,Week2,256.0 Hollin Meadows - 146.0 Sleepy Hollow Rec
Sleepy Hollow Rec,Week1,Hunter Mill,Week2,300.0 Hunter Mill - 102.0 Sleepy Hollow Rec
Sleepy Hollow Rec,Week2,Hunter Mill,Week4,306.0 Hunter Mill - 96.0 Sleepy Hollow Rec
Sleepy Hollow Rec,Week1,Rolling Valley,Week3,228.0 Sleepy Hollow Rec - 169.0 Rolling Valley
Somerset-Olde Creek,Week1,Cottontail,Week4,291.0 Cottontail - 111.0 Somerset-Olde Creek
Sleepy Hollow Rec,Week1,Laurel Hill,Week1,233.0 Sleepy Hollow Rec - 168.0 Laurel Hill
Somerset-Olde Creek,Week3,Commonwealth,Week5,299.0 Commonwealth - 102.0 Somerset-Olde Creek
Sleepy Hollow Rec,Week5,Langley,Week2,299.0 Langley - 103.0 Sleepy Hollow Rec
South Run,Week1,Canterbury Woods,Week5,230.0 South Run - 159.0 Canterbury Woods
Somerset-Olde Creek,Week3,Commonwealth,Week1,255.0 Commonwealth - 134.0 Somerset-Olde Creek
South Run,Week2,Canterbury Woods,Week3,205.0 South Run - 192.0 Canterbury Woods
Somerset-Olde Creek,Week3,Commonwealth,Week4,282.0 Commonwealth - 115.0 Somerset-Olde Creek
Sleepy Hollow Rec,Week2,Rolling Valley,Week2,232.0 Sleepy Hollow Rec - 170.0 Rolling Valley
Somerset-Olde Creek,Week5,Chesterbrook,Week3,381.0 Chesterbrook - 21.0 Somerset-Olde Creek
Sleepy Hollow Rec,Week2,Hollin Meadows,Week1,280.0 Hollin Meadows - 122.0 Sleepy Hollow Rec
Sleepy Hollow Rec,Week4,Langley,Week1,345.0 Langley - 57.0 Sleepy Hollow Rec
Sleepy Hollow Rec,Week4,Rolling Hills,Week4,242.0 Rolling Hills - 159.0 Sleepy Hollow Rec
Sleepy Hollow Rec,Week3,Hollin Meadows,Week2,236.0 Hollin Meadows - 166.0 Sleepy Hollow Rec
Sleepy Hollow Rec,Week4,Hunter Mill,Week4,329.0 Hunter Mill - 73.0 Sleepy Hollow Rec
South Run,Week4,Canterbury Woods,Week2,225.0 South Run - 171.0 Canterbury Woods
Sleepy Hollow Rec,Week2,Ilda Community,Week1,219.0 Sleepy Hollow Rec - 182.0 Ilda Community
Sleepy Hollow Rec,Week1,Ilda Community,Week2,208.5 Ilda Community - 193.5 Sleepy Hollow Rec
Sleepy Hollow Rec,Week2,Lakevale Estates,Week3,320.0 Lakevale Estates - 82.0 Sleepy Hollow Rec
Somerset-Olde Creek,Week3,Commonwealth,Week3,288.0 Commonwealth - 105.0 Somerset-Olde Creek
Somerset-Olde Creek,Week1,Commonwealth,Week2,296.0 Commonwealth - 100.0 Somerset-Olde Creek
Sleepy Hollow Rec,Week3,Langley,Week3,303.0 Langley - 99.0 Sleepy Hollow Rec
South Run,Week2,Canterbury Woods,Week1,216.0 South Run - 185.0 Canterbury Woods
Sleepy Hollow Rec,Week4,Hunter Mill,Week2,307.0 Hunter Mill - 95.0 Sleepy Hollow Rec
Sleepy Hollow Rec,Week5,Hollin Hills,Week3,276.0 Sleepy Hollow Rec - 125.0 Hollin Hills
Somerset-Olde Creek,Week5,Commonwealth,Week2,278.0 Commonwealth - 121.0 Somerset-Olde Creek
South Run,Week2,Canterbury Woods,Week5,219.0 South Run - 179.0 Canterbury Woods
Sleepy Hollow Rec,Week5,Hunter Mill,Week5,306.0 Hunter Mill - 96.0 Sleepy Hollow Rec
Sleepy Hollow Rec,Week4,Lakevale Estates,Week4,344.0 Lakevale Estates - 58.0 Sleepy Hollow Rec
Sleepy Hollow Rec,Week2,Ilda Community,Week3,224.0 Sleepy Hollow Rec - 178.0 Ilda Community
Sleepy Hollow Rec,Week2,Lakevale Estates,Week4,336.0 Lakevale Estates - 66.0 Sleepy Hollow Rec
Sleepy Hollow Rec,Week4,Hollin Meadows,Week2,272.0 Hollin Meadows - 130.0 Sleepy Hollow Rec
Sleepy Hollow Rec,Week1,Hollin Meadows,Week5,297.0 Hollin Meadows - 105.0 Sleepy Hollow Rec
Sleepy Hollow Rec,Week1,Rolling Valley,Week1,261.0 Sleepy Hollow Rec - 141.0 Rolling Valley
Sleepy Hollow Rec,Week1,Ilda Community,Week1,209.0 Sleepy Hollow Rec - 193.0 Ilda Community
Sleepy Hollow Rec,Week1,Laurel Hill,Week3,211.0 Laurel Hill - 191.0 Sleepy Hollow Rec
Sleepy Hollow Rec,Week1,Laurel Hill,Week2,231.0 Sleepy Hollow Rec - 166.0 Laurel Hill
Somerset-Olde Creek,Week4,Commonwealth,Week5,293.0 Commonwealth - 108.0 Somerset-Olde Creek
Sleepy Hollow Rec,Week5,Langley,Week1,311.0 Langley - 91.0 Sleepy Hollow Rec
Somerset-Olde Creek,Week4,Commonwealth,Week4,278.0 Commonwealth - 116.0 Somerset-Olde Creek
Sleepy Hollow Rec,Week1,Rolling Valley,Week5,221.0 Sleepy Hollow Rec - 181.0 Rolling Valley
Sleepy Hollow Rec,Week5,Rolling Hills,Week5,211.0 Rolling Hills - 191.0 Sleepy Hollow Rec
South Run,Week5,Canterbury Woods,Week1,242.0 South Run - 160.0 Canterbury Woods
Sleepy Hollow Rec,Week2,Ilda Community,Week2,212.0 Sleepy Hollow Rec - 190.0 Ilda Community
South Run,Week3,Canterbury Woods,Week4,202.0 South Run - 200.0 Canterbury Woods
Sleepy Hollow Rec,Week2,Hollin Meadows,Week5,298.0 Hollin Meadows - 104.0 Sleepy Hollow Rec
Sleepy Hollow Rec,Week4,Lakevale Estates,Week3,324.0 Lakevale Estates - 78.0 Sleepy Hollow Rec
South Run,Week3,Canterbury Woods,Week1,226.0 South Run - 176.0 Canterbury Woods
Sleepy Hollow Rec,Week5,Lakevale Estates,Week3,311.0 Lakevale Estates - 91.0 Sleepy Hollow Rec
Sleepy Hollow Rec,Week5,Rolling Hills,Week2,217.0 Rolling Hills - 185.0 Sleepy Hollow Rec
Sleepy Hollow Rec,Week4,Langley,Week4,335.0 Langley - 67.0 Sleepy Hollow Rec
Sleepy Hollow Rec,Week1,Ilda Community,Week4,224.0 Ilda Community - 178.0 Sleepy Hollow Rec
Somerset-Olde Creek,Week2,Commonwealth,Week3,299.0 Commonwealth - 96.0 Somerset-Olde Creek
Sleepy Hollow Rec,Week2,Hollin Meadows,Week4,283.5 Hollin Meadows - 118.5 Sleepy Hollow Rec
Sleepy Hollow Rec,Week2,Rolling Valley,Week5,223.0 Sleepy Hollow Rec - 179.0 Rolling Valley
Sleepy Hollow Rec,Week3,Hollin Meadows,Week3,267.0 Hollin Meadows - 135.0 Sleepy Hollow Rec
Sleepy Hollow Rec,Week3,Langley,Week4,302.0 Langley - 100.0 Sleepy Hollow Rec
Sleepy Hollow Rec,Week3,Rolling Valley,Week1,285.0 Sleepy Hollow Rec - 117.0 Rolling Valley
Sleepy Hollow Rec,Week2,Rolling Valley,Week3,239.0 Sleepy Hollow Rec - 163.0 Rolling Valley
Somerset-Olde Creek,Week5,Chesterbrook,Week5,374.0 Chesterbrook - 28.0 Somerset-Olde Creek
South Run,Week4,Canterbury Woods,Week3,201.0 Canterbury Woods - 201.0 South Run
Sleepy Hollow Rec,Week5,Langley,Week5,302.0 Langley - 100.0 Sleepy Hollow Rec
Sleepy Hollow Rec,Week4,Lakevale Estates,Week2,333.0 Lakevale Estates - 69.0 Sleepy Hollow Rec
Sleepy Hollow Rec,Week2,Lakevale Estates,Week5,339.0 Lakevale Estates - 63.0 Sleepy Hollow Rec
South Run,Week4,Canterbury Woods,Week4,202.5 Canterbury Woods - 194.5 South Run
Sleepy Hollow Rec,Week3,Lakevale Estates,Week5,320.0 Lakevale Estates - 82.0 Sleepy Hollow Rec
Sleepy Hollow Rec,Week1,Lakeview,Week3,209.0 Sleepy Hollow Rec - 193.0 Lakeview
Sleepy Hollow Rec,Week1,Laurel Hill,Week4,202.0 Sleepy Hollow Rec - 200.0 Laurel Hill
Somerset-Olde Creek,Week2,Commonwealth,Week1,260.0 Commonwealth - 129.0 Somerset-Olde Creek
Sleepy Hollow Rec,Week3,Hollin Meadows,Week4,254.0 Hollin Meadows - 148.0 Sleepy Hollow Rec
Sleepy Hollow Rec,Week1,Hollin Meadows,Week2,261.0 Hollin Meadows - 141.0 Sleepy Hollow Rec
Sleepy Hollow Rec,Week3,Rolling Valley,Week3,252.0 Sleepy Hollow Rec - 150.0 Rolling Valley
Sleepy Hollow Rec,Week3,Rolling Valley,Week2,246.0 Sleepy Hollow Rec - 156.0 Rolling Valley
Somerset-Olde Creek,Week4,Commonwealth,Week1,260.0 Commonwealth - 134.0 Somerset-Olde Creek
Somerset-Olde Creek,Week5,Commonwealth,Week4,256.0 Commonwealth - 142.0 Somerset-Olde Creek
Sleepy Hollow Rec,Week1,Lakeview,Week2,216.0 Sleepy Hollow Rec - 186.0 Lakeview
South Run,Week3,Canterbury Woods,Week5,227.0 South Run - 171.0 Canterbury Woods
Sleepy Hollow Rec,Week3,Ilda Community,Week1,239.0 Sleepy Hollow Rec - 162.0 Ilda Community
South Run,Week5,Canterbury Woods,Week2,248.0 South Run - 154.0 Canterbury Woods
Sleepy Hollow Rec,Week5,Langley,Week3,308.0 Langley - 94.0 Sleepy Hollow Rec
Sleepy Hollow Rec,Week3,Ilda Community,Week3,234.0 Sleepy Hollow Rec - 168.0 Ilda Community
Sleepy Hollow Rec,Week1,Lakeview,Week1,239.0 Sleepy Hollow Rec - 163.0 Lakeview
Sleepy Hollow Rec,Week4,Hollin Meadows,Week3,307.0 Hollin Meadows - 95.0 Sleepy Hollow Rec
Sleepy Hollow Rec,Week3,Lakevale Estates,Week2,305.0 Lakevale Estates - 97.0 Sleepy Hollow Rec
Sleepy Hollow Rec,Week2,Lakeview,Week1,244.0 Sleepy Hollow Rec - 158.0 Lakeview
Sleepy Hollow Rec,Week2,Rolling Valley,Week4,217.0 Sleepy Hollow Rec - 185.0 Rolling Valley
Sleepy Hollow Rec,Week4,Rolling Valley,Week1,260.0 Sleepy Hollow Rec - 142.0 Rolling Valley
Sleepy Hollow Rec,Week1,Hollin Meadows,Week3,273.0 Hollin Meadows - 129.0 Sleepy Hollow Rec
Sleepy Hollow Rec,Week4,Ilda Community,Week5,219.0 Ilda Community - 182.0 Sleepy Hollow Rec
Sleepy Hollow Rec,Week3,Ilda Community,Week4,209.0 Sleepy Hollow Rec - 193.0 Ilda Community
Sleepy Hollow Rec,Week3,Lakevale Estates,Week3,302.0 Lakevale Estates - 100.0 Sleepy Hollow Rec
South Run,Week2,Canterbury Woods,Week2,217.0 South Run - 184.0 Canterbury Woods
South Run,Week5,Canterbury Woods,Week3,225.0 South Run - 177.0 Canterbury Woods
Sleepy Hollow Rec,Week1,Laurel Hill,Week5,204.0 Laurel Hill - 198.0 Sleepy Hollow Rec
Somerset-Olde Creek,Week5,Chesterbrook,Week4,378.0 Chesterbrook - 24.0 Somerset-Olde Creek
Sleepy Hollow Rec,Week4,Hollin Meadows,Week4,288.5 Hollin Meadows - 113.5 Sleepy Hollow Rec
Sleepy Hollow Rec,Week5,Hollin Hills,Week4,267.0 Sleepy Hollow Rec - 131.0 Hollin Hills
Somerset-Olde Creek,Week1,Commonwealth,Week3,295.0 Commonwealth - 97.0 Somerset-Olde Creek
Sleepy Hollow Rec,Week2,Laurel Hill,Week1,234.0 Sleepy Hollow Rec - 167.0 Laurel Hill
Sleepy Hollow Rec,Week5,Langley,Week4,312.0 Langley - 90.0 Sleepy Hollow Rec
Sleepy Hollow Rec,Week4,Ilda Community,Week3,220.0 Sleepy Hollow Rec - 182.0 Ilda Community
South Run,Week5,Canterbury Woods,Week5,240.0 South Run - 161.0 Canterbury Woods
Sleepy Hollow Rec,Week2,Laurel Hill,Week2,232.0 Sleepy Hollow Rec - 166.0 Laurel Hill
Sleepy Hollow Rec,Week3,Rolling Valley,Week4,242.0 Sleepy Hollow Rec - 160.0 Rolling Valley
Sleepy Hollow Rec,Week3,Rolling Valley,Week5,245.0 Sleepy Hollow Rec - 157.0 Rolling Valley
Somerset-Olde Creek,Week1,Commonwealth,Week4,276.0 Commonwealth - 119.0 Somerset-Olde Creek
Sleepy Hollow Rec,Week3,Lakevale Estates,Week4,324.0 Lakevale Estates - 78.0 Sleepy Hollow Rec
South Run,Week5,Canterbury Woods,Week4,216.0 South Run - 186.0 Canterbury Woods
Sleepy Hollow Rec,Week4,Ilda Community,Week4,224.0 Ilda Community - 178.0 Sleepy Hollow Rec
Sleepy Hollow Rec,Week3,Lakevale Estates,Week1,296.0 Lakevale Estates - 106.0 Sleepy Hollow Rec
Somerset-Olde Creek,Week2,Commonwealth,Week2,315.0 Commonwealth - 86.0 Somerset-Olde Creek
South Run,Week1,Cardinal Hill,Week1,253.0 Cardinal Hill - 140.0 South Run
Sleepy Hollow Rec,Week5,Ilda Community,Week1,244.0 Sleepy Hollow Rec - 158.0 Ilda Community
Sleepy Hollow Rec,Week2,Laurel Hill,Week3,210.0 Laurel Hill - 192.0 Sleepy Hollow Rec
Sleepy Hollow Rec,Week5,Hollin Meadows,Week2,243.0 Hollin Meadows - 159.0 Sleepy Hollow Rec
South Run,Week1,Cardinal Hill,Week2,230.0 Cardinal Hill - 163.0 South Run
Sleepy Hollow Rec,Week2,Laurel Hill,Week5,211.0 Laurel Hill - 191.0 Sleepy Hollow Rec
Sleepy Hollow Rec,Week5,Hollin Meadows,Week1,274.0 Hollin Meadows - 128.0 Sleepy Hollow Rec
South Run,Week2,Cardinal Hill,Week3,279.0 Cardinal Hill - 123.0 South Run
Sleepy Hollow Rec,Week4,Rolling Valley,Week2,229.0 Sleepy Hollow Rec - 173.0 Rolling Valley
Somerset-Olde Creek,Week1,Cottontail,Week1,305.0 Cottontail - 97.0 Somerset-Olde Creek
Sleepy Hollow Rec,Week4,Rutherford,Week2,207.0 Rutherford - 195.0 Sleepy Hollow Rec
Sleepy Hollow Rec,Week5,Ilda Community,Week4,205.0 Sleepy Hollow Rec - 197.0 Ilda Community
Sleepy Hollow Rec,Week4,Ilda Community,Week2,208.0 Sleepy Hollow Rec - 194.0 Ilda Community
Somerset-Olde Creek,Week1,Cottontail,Week2,295.0 Cottontail - 107.0 Somerset-Olde Creek
Sleepy Hollow Rec,Week2,Hollin Meadows,Week3,280.0 Hollin Meadows - 122.0 Sleepy Hollow Rec
South Run,Week2,Cardinal Hill,Week1,271.0 Cardinal Hill - 131.0 South Run
Sleepy Hollow Rec,Week2,Lakeview,Week3,218.0 Sleepy Hollow Rec - 184.0 Lakeview
Sleepy Hollow Rec,Week2,Laurel Hill,Week4,202.0 Sleepy Hollow Rec - 200.0 Laurel Hill
Sleepy Hollow Rec,Week3,Hollin Meadows,Week5,279.0 Hollin Meadows - 123.0 Sleepy Hollow Rec
Sleepy Hollow Rec,Week4,Rolling Valley,Week4,217.0 Sleepy Hollow Rec - 185.0 Rolling Valley
Somerset-Olde Creek,Week5,Commonwealth,Week5,275.0 Commonwealth - 125.0 Somerset-Olde Creek
Sleepy Hollow Rec,Week5,Lakevale Estates,Week1,298.0 Lakevale Estates - 104.0 Sleepy Hollow Rec
Sleepy Hollow Rec,Week5,Ilda Community,Week2,228.0 Sleepy Hollow Rec - 174.0 Ilda Community
Sleepy Hollow Rec,Week5,Lakevale Estates,Week4,330.0 Lakevale Estates - 72.0 Sleepy Hollow Rec
South Run,Week1,Cardinal Hill,Week4,249.0 Cardinal Hill - 144.0 South Run
Sleepy Hollow Rec,Week3,Langley,Week1,309.0 Langley - 93.0 Sleepy Hollow Rec
Sleepy Hollow Rec,Week3,Rutherford,Week3,210.0 Sleepy Hollow Rec - 192.0 Rutherford
Sleepy Hollow Rec,Week1,Lakeview,Week4,211.0 Lakeview - 191.0 Sleepy Hollow Rec
Somerset-Olde Creek,Week1,Commonwealth,Week1,241.0 Commonwealth - 139.0 Somerset-Olde Creek
Sleepy Hollow Rec,Week3,Rutherford,Week4,210.0 Sleepy Hollow Rec - 192.0 Rutherford
Sleepy Hollow Rec,Week5,Lakevale Estates,Week5,326.0 Lakevale Estates - 76.0 Sleepy Hollow Rec
Sleepy Hollow Rec,Week4,Langley,Week2,316.0 Langley - 86.0 Sleepy Hollow Rec
Sleepy Hollow Rec,Week4,Ilda Community,Week1,211.0 Sleepy Hollow Rec - 190.0 Ilda Community
Sleepy Hollow Rec,Week5,Ilda Community,Week3,241.0 Sleepy Hollow Rec - 161.0 Ilda Community
Somerset-Olde Creek,Week3,Commonwealth,Week2,305.0 Commonwealth - 94.0 Somerset-Olde Creek
Somerset-Olde Creek,Week1,Cottontail,Week3,291.0 Cottontail - 110.0 Somerset-Olde Creek
Sleepy Hollow Rec,Week3,Hollin Meadows,Week1,266.0 Hollin Meadows - 136.0 Sleepy Hollow Rec
South Run,Week3,Chesterbrook,Week3,351.0 Chesterbrook - 51.0 South Run
South Run,Week5,Cardinal Hill,Week5,236.0 Cardinal Hill - 166.0 South Run
Sleepy Hollow Rec,Week5,Rutherford,Week3,201.0 Rutherford - 201.0 Sleepy Hollow Rec
Sleepy Hollow Rec,Week2,Rutherford,Week1,215.5 Sleepy Hollow Rec - 186.5 Rutherford
Sleepy Hollow Rec,Week2,Langley,Week5,311.0 Langley - 91.0 Sleepy Hollow Rec
Somerset-Olde Creek,Week5,Commonwealth,Week3,248.0 Commonwealth - 147.0 Somerset-Olde Creek
Somerset-Olde Creek,Week4,Commonwealth,Week3,299.0 Commonwealth - 99.0 Somerset-Olde Creek
Sleepy Hollow Rec,Week3,Rutherford,Week1,239.0 Sleepy Hollow Rec - 163.0 Rutherford
Sleepy Hollow Rec,Week5,Ilda Community,Week5,218.0 Sleepy Hollow Rec - 184.0 Ilda Community
Sleepy Hollow Rec,Week2,Lakeview,Week2,247.0 Sleepy Hollow Rec - 155.0 Lakeview
Sleepy Hollow Rec,Week4,Hollin Meadows,Week5,311.5 Hollin Meadows - 90.5 Sleepy Hollow Rec
Sleepy Hollow Rec,Week1,Rutherford,Week2,208.0 Rutherford - 194.0 Sleepy Hollow Rec
South Run,Week1,Chesterbrook,Week2,324.0 Chesterbrook - 69.0 South Run
South Run,Week2,Chesterbrook,Week1,326.0 Chesterbrook - 71.0 South Run
Sleepy Hollow Rec,Week4,Lakevale Estates,Week1,317.0 Lakevale Estates - 85.0 Sleepy Hollow Rec
Sleepy Hollow Rec,Week5,Hollin Meadows,Week3,268.0 Hollin Meadows - 134.0 Sleepy Hollow Rec
Sleepy Hollow Rec,Week1,Kent Gardens,Week1,263.0 Kent Gardens - 139.0 Sleepy Hollow Rec
Sleepy Hollow Rec,Week4,Hollin Meadows,Week1,302.0 Hollin Meadows - 100.0 Sleepy Hollow Rec
Somerset-Olde Creek,Week1,Country Club Hills,Week4,298.0 Country Club Hills - 104.0 Somerset-Olde Creek
Sleepy Hollow Rec,Week4,Rutherford,Week4,227.0 Rutherford - 175.0 Sleepy Hollow Rec
Somerset-Olde Creek,Week2,Cottontail,Week1,314.0 Cottontail - 88.0 Somerset-Olde Creek
Sleepy Hollow Rec,Week4,Rutherford,Week1,202.0 Sleepy Hollow Rec - 200.0 Rutherford
South Run,Week3,Chesterbrook,Week5,346.0 Chesterbrook - 56.0 South Run
South Run,Week1,Chesterbrook,Week1,318.0 Chesterbrook - 75.0 South Run
Sleepy Hollow Rec,Week4,Rutherford,Week3,220.0 Rutherford - 182.0 Sleepy Hollow Rec
Somerset-Olde Creek,Week3,Cottontail,Week3,296.0 Cottontail - 106.0 Somerset-Olde Creek
Sleepy Hollow Rec,Week2,Rutherford,Week3,215.0 Rutherford - 187.0 Sleepy Hollow Rec
Somerset-Olde Creek,Week1,Cottontail,Week5,305.0 Cottontail - 97.0 Somerset-Olde Creek
Sleepy Hollow Rec,Week5,Lakevale Estates,Week2,318.0 Lakevale Estates - 84.0 Sleepy Hollow Rec
Sleepy Hollow Rec,Week1,Kent Gardens,Week3,252.0 Kent Gardens - 150.0 Sleepy Hollow Rec
Sleepy Hollow Rec,Week4,Lakevale Estates,Week5,337.0 Lakevale Estates - 65.0 Sleepy Hollow Rec
South Run,Week4,Cardinal Hill,Week2,261.0 Cardinal Hill - 141.0 South Run
Sleepy Hollow Rec,Week1,Kent Gardens,Week2,258.0 Kent Gardens - 144.0 Sleepy Hollow Rec
South Run,Week2,Chesterbrook,Week2,343.0 Chesterbrook - 59.0 South Run
South Run,Week5,Cardinal Hill,Week1,253.0 Cardinal Hill - 149.0 South Run
Sleepy Hollow Rec,Week2,Rutherford,Week2,204.0 Sleepy Hollow Rec - 197.0 Rutherford
Somerset-Olde Creek,Week5,Cottontail,Week1,279.0 Cottontail - 123.0 Somerset-Olde Creek
South Run,Week3,Cardinal Hill,Week3,279.0 Cardinal Hill - 123.0 South Run
Sleepy Hollow Rec,Week2,Rutherford,Week5,216.0 Rutherford - 186.0 Sleepy Hollow Rec
South Run,Week3,Cardinal Hill,Week4,270.0 Cardinal Hill - 132.0 South Run
South Run,Week3,Cardinal Hill,Week1,271.0 Cardinal Hill - 131.0 South Run
South Run,Week3,Cardinal Hill,Week2,255.0 Cardinal Hill - 147.0 South Run
Sleepy Hollow Rec,Week5,Rolling Valley,Week5,249.0 Sleepy Hollow Rec - 153.0 Rolling Valley
Somerset-Olde Creek,Week2,Country Club Hills,Week3,310.0 Country Club Hills - 92.0 Somerset-Olde Creek
Sleepy Hollow Rec,Week5,Rolling Valley,Week3,251.0 Sleepy Hollow Rec - 151.0 Rolling Valley
South Run,Week4,Cardinal Hill,Week1,275.0 Cardinal Hill - 127.0 South Run
South Run,Week4,Cardinal Hill,Week5,271.0 Cardinal Hill - 129.0 South Run
Somerset-Olde Creek,Week2,Country Club Hills,Week5,320.0 Country Club Hills - 82.0 Somerset-Olde Creek
Somerset-Olde Creek,Week1,Country Club Hills,Week1,306.0 Country Club Hills - 96.0 Somerset-Olde Creek
South Run,Week2,Chesterbrook,Week4,340.0 Chesterbrook - 62.0 South Run
Sleepy Hollow Rec,Week5,Rolling Valley,Week4,241.0 Sleepy Hollow Rec - 161.0 Rolling Valley
Somerset-Olde Creek,Week2,Cottontail,Week3,302.0 Cottontail - 100.0 Somerset-Olde Creek
Sleepy Hollow Rec,Week1,Rutherford,Week4,219.0 Rutherford - 178.0 Sleepy Hollow Rec
Somerset-Olde Creek,Week3,Country Club Hills,Week1,310.0 Country Club Hills - 87.0 Somerset-Olde Creek
Somerset-Olde Creek,Week5,Cottontail,Week3,276.0 Cottontail - 126.0 Somerset-Olde Creek
Sleepy Hollow Rec,Week4,Rolling Valley,Week3,230.0 Sleepy Hollow Rec - 171.0 Rolling Valley
Sleepy Hollow Rec,Week1,Rutherford,Week1,202.0 Rutherford - 200.0 Sleepy Hollow Rec
Somerset-Olde Creek,Week2,Cottontail,Week2,309.0 Cottontail - 93.0 Somerset-Olde Creek
Sleepy Hollow Rec,Week5,Rolling Valley,Week2,248.0 Sleepy Hollow Rec - 154.0 Rolling Valley
South Run,Week2,Chesterbrook,Week3,350.0 Chesterbrook - 52.0 South Run
Somerset-Olde Creek,Week5,Cottontail,Week4,265.0 Cottontail - 137.0 Somerset-Olde Creek
Sleepy Hollow Rec,Week1,Shouse Village,Week4,278.0 Shouse Village - 124.0 Sleepy Hollow Rec
Somerset-Olde Creek,Week3,Cottontail,Week4,299.0 Cottontail - 98.0 Somerset-Olde Creek
Somerset-Olde Creek,Week2,Cottontail,Week4,299.0 Cottontail - 103.0 Somerset-Olde Creek
Somerset-Olde Creek,Week4,Cottontail,Week1,303.5 Cottontail - 98.5 Somerset-Olde Creek
South Run,Week4,Cardinal Hill,Week3,285.0 Cardinal Hill - 117.0 South Run
South Run,Week5,Cardinal Hill,Week2,242.0 Cardinal Hill - 160.0 South Run
Sleepy Hollow Rec,Week4,Rolling Valley,Week5,223.0 Sleepy Hollow Rec - 179.0 Rolling Valley
South Run,Week4,Chesterbrook,Week4,355.0 Chesterbrook - 47.0 South Run
South Run,Week3,Cardinal Hill,Week5,264.0 Cardinal Hill - 137.0 South Run
South Run,Week2,Chesterbrook,Week5,341.0 Chesterbrook - 61.0 South Run
South Run,Week3,Chesterbrook,Week4,349.0 Chesterbrook - 53.0 South Run
Sleepy Hollow Rec,Week3,Rutherford,Week2,227.0 Sleepy Hollow Rec - 175.0 Rutherford
Somerset-Olde Creek,Week2,Cottontail,Week5,320.0 Cottontail - 82.0 Somerset-Olde Creek
Somerset-Olde Creek,Week4,Cottontail,Week5,306.0 Cottontail - 96.0 Somerset-Olde Creek
Somerset-Olde Creek,Week5,Cottontail,Week2,279.0 Cottontail - 123.0 Somerset-Olde Creek
Sleepy Hollow Rec,Week2,Rutherford,Week4,218.0 Rutherford - 184.0 Sleepy Hollow Rec
Somerset-Olde Creek,Week4,Cottontail,Week3,285.0 Cottontail - 117.0 Somerset-Olde Creek
South Run,Week5,Cardinal Hill,Week3,272.0 Cardinal Hill - 130.0 South Run
Sleepy Hollow Rec,Week5,Rutherford,Week5,216.0 Sleepy Hollow Rec - 186.0 Rutherford
Sleepy Hollow Rec,Week5,Rolling Valley,Week1,292.0 Sleepy Hollow Rec - 110.0 Rolling Valley
Sleepy Hollow Rec,Week2,Shouse Village,Week1,246.0 Shouse Village - 156.0 Sleepy Hollow Rec
Sleepy Hollow Rec,Week4,Rutherford,Week5,224.0 Rutherford - 178.0 Sleepy Hollow Rec
South Run,Week2,Commonwealth,Week1,232.0 South Run - 150.0 Commonwealth
South Run,Week2,Cardinal Hill,Week5,252.0 Cardinal Hill - 148.0 South Run
Sleepy Hollow Rec,Week1,Shouse Village,Week2,243.0 Shouse Village - 159.0 Sleepy Hollow Rec
Somerset-Olde Creek,Week1,Country Club Hills,Week3,304.0 Country Club Hills - 97.0 Somerset-Olde Creek
South Run,Week1,Chesterbrook,Week5,330.0 Chesterbrook - 63.0 South Run
Somerset-Olde Creek,Week3,Cottontail,Week5,316.5 Cottontail - 85.5 Somerset-Olde Creek
South Run,Week3,Chesterbrook,Week1,332.5 Chesterbrook - 69.5 South Run
Somerset-Olde Creek,Week4,Cottontail,Week2,294.0 Cottontail - 108.0 Somerset-Olde Creek
Somerset-Olde Creek,Week3,Cottontail,Week1,315.0 Cottontail - 87.0 Somerset-Olde Creek
South Run,Week3,Chesterbrook,Week2,333.0 Chesterbrook - 69.0 South Run
Sleepy Hollow Rec,Week1,Rutherford,Week5,217.0 Rutherford - 185.0 Sleepy Hollow Rec
Sleepy Hollow Rec,Week2,Shouse Village,Week2,255.0 Shouse Village - 146.0 Sleepy Hollow Rec
Somerset-Olde Creek,Week1,Country Club Hills,Week5,320.0 Country Club Hills - 81.0 Somerset-Olde Creek
South Run,Week4,Cardinal Hill,Week4,274.0 Cardinal Hill - 128.0 South Run
Sleepy Hollow Rec,Week1,Shouse Village,Week1,242.0 Shouse Village - 160.0 Sleepy Hollow Rec
South Run,Week1,Chesterbrook,Week4,321.0 Chesterbrook - 72.0 South Run
Sleepy Hollow Rec,Week3,Rutherford,Week5,218.0 Sleepy Hollow Rec - 184.0 Rutherford
Sleepy Hollow Rec,Week5,Rutherford,Week4,205.0 Rutherford - 197.0 Sleepy Hollow Rec
South Run,Week1,Chesterbrook,Week3,337.0 Chesterbrook - 56.0 South Run
Somerset-Olde Creek,Week2,Country Club Hills,Week2,308.0 Country Club Hills - 94.0 Somerset-Olde Creek
Somerset-Olde Creek,Week5,Cottontail,Week5,284.0 Cottontail - 118.0 Somerset-Olde Creek
Somerset-Olde Creek,Week2,Country Club Hills,Week1,317.0 Country Club Hills - 85.0 Somerset-Olde Creek
South Run,Week4,Chesterbrook,Week1,337.0 Chesterbrook - 65.0 South Run
Somerset-Olde Creek,Week4,Annandale,Week2,269.0 Annandale - 133.0 Somerset-Olde Creek
Sleepy Hollow Rec,Week5,Rutherford,Week1,233.0 Sleepy Hollow Rec - 169.0 Rutherford
South Run,Week5,Cardinal Hill,Week4,245.0 Cardinal Hill - 157.0 South Run
Sleepy Hollow Rec,Week1,Shouse Village,Week3,254.0 Shouse Village - 148.0 Sleepy Hollow Rec
Somerset-Olde Creek,Week3,Cottontail,Week2,308.0 Cottontail - 94.0 Somerset-Olde Creek
Somerset-Olde Creek,Week4,Cottontail,Week4,290.0 Cottontail - 112.0 Somerset-Olde Creek
Somerset-Olde Creek,Week1,Country Club Hills,Week2,298.0 Country Club Hills - 103.0 Somerset-Olde Creek
Sleepy Hollow Rec,Week1,Rutherford,Week3,212.0 Rutherford - 185.0 Sleepy Hollow Rec
Sleepy Hollow Rec,Week5,Rutherford,Week2,221.0 Sleepy Hollow Rec - 180.0 Rutherford
Somerset-Olde Creek,Week2,Country Club Hills,Week4,306.0 Country Club Hills - 91.0 Somerset-Olde Creek
South Run,Week4,Commonwealth,Week1,241.0 South Run - 151.0 Commonwealth
Somerset-Olde Creek,Week5,Annandale,Week4,217.0 Annandale - 184.0 Somerset-Olde Creek
Somerset-Olde Creek,Week5,Country Club Hills,Week3,275.0 Country Club Hills - 126.0 Somerset-Olde Creek
South Run,Week5,Chesterbrook,Week1,318.0 Chesterbrook - 84.0 South Run
Sleepy Hollow Rec,Week1,Shouse Village,Week5,262.0 Shouse Village - 140.0 Sleepy Hollow Rec
Somerset-Olde Creek,Week3,Arlington Forest,Week2,325.0 Arlington Forest - 72.0 Somerset-Olde Creek
Somerset-Olde Creek,Week5,Arlington Forest,Week2,309.0 Arlington Forest - 93.0 Somerset-Olde Creek
Sleepy Hollow Rec,Week2,Shouse Village,Week4,277.0 Shouse Village - 125.0 Sleepy Hollow Rec
Somerset-Olde Creek,Week5,Annandale,Week2,245.0 Annandale - 157.0 Somerset-Olde Creek
Somerset-Olde Creek,Week3,Country Club Hills,Week3,309.0 Country Club Hills - 92.0 Somerset-Olde Creek
Somerset-Olde Creek,Week3,Country Club Hills,Week4,300.0 Country Club Hills - 97.0 Somerset-Olde Creek
Sleepy Hollow Rec,Week2,Shouse Village,Week3,259.0 Shouse Village - 143.0 Sleepy Hollow Rec
Somerset-Olde Creek,Week1,Arlington Forest,Week3,319.0 Arlington Forest - 82.0 Somerset-Olde Creek
South Run,Week4,Commonwealth,Week5,224.0 South Run - 177.0 Commonwealth
Somerset-Olde Creek,Week1,Crosspointe,Week1,359.0 Crosspointe - 43.0 Somerset-Olde Creek
South Run,Week2,Commonwealth,Week4,225.0 South Run - 167.0 Commonwealth
South Run,Week1,Commonwealth,Week4,237.0 South Run - 156.0 Commonwealth
Sleepy Hollow Rec,Week2,Shouse Village,Week5,272.0 Shouse Village - 130.0 Sleepy Hollow Rec
Somerset-Olde Creek,Week5,Annandale,Week1,234.0 Annandale - 164.0 Somerset-Olde Creek
Somerset-Olde Creek,Week5,Country Club Hills,Week1,287.0 Country Club Hills - 115.0 Somerset-Olde Creek
South Run,Week3,Commonwealth,Week1,249.0 South Run - 149.0 Commonwealth
Somerset-Olde Creek,Week3,Arlington Forest,Week1,330.0 Arlington Forest - 72.0 Somerset-Olde Creek
South Run,Week4,Chesterbrook,Week3,358.0 Chesterbrook - 44.0 South Run
Sleepy Hollow Rec,Week2,Sully Station,Week3,301.0 Sully Station - 101.0 Sleepy Hollow Rec
South Run,Week3,Commonwealth,Week3,222.0 South Run - 179.0 Commonwealth
Sleepy Hollow Rec,Week1,Sully Station II,Week4,290.0 Sully Station II - 112.0 Sleepy Hollow Rec
Somerset-Olde Creek,Week1,Arlington Forest,Week4,339.0 Arlington Forest - 63.0 Somerset-Olde Creek
Somerset-Olde Creek,Week5,Country Club Hills,Week2,281.0 Country Club Hills - 121.0 Somerset-Olde Creek
Somerset-Olde Creek,Week4,Annandale,Week5,289.0 Annandale - 113.0 Somerset-Olde Creek
South Run,Week5,Chesterbrook,Week4,329.0 Chesterbrook - 73.0 South Run
Somerset-Olde Creek,Week4,Crosspointe,Week2,353.0 Crosspointe - 49.0 Somerset-Olde Creek
Sleepy Hollow Rec,Week1,Sully Station II,Week2,318.0 Sully Station II - 84.0 Sleepy Hollow Rec
South Run,Week2,Commonwealth,Week2,203.0 Commonwealth - 195.0 South Run
South Run,Week1,Commonwealth,Week1,251.0 South Run - 142.0 Commonwealth
Somerset-Olde Creek,Week2,Arlington Forest,Week5,330.0 Arlington Forest - 67.0 Somerset-Olde Creek
Somerset-Olde Creek,Week2,Arlington Forest,Week1,346.0 Arlington Forest - 56.0 Somerset-Olde Creek
South Run,Week5,Chesterbrook,Week2,322.0 Chesterbrook - 80.0 South Run
Somerset-Olde Creek,Week3,Country Club Hills,Week2,303.0 Country Club Hills - 99.0 Somerset-Olde Creek
Sleepy Hollow Rec,Week2,Sully Station,Week4,312.0 Sully Station - 90.0 Sleepy Hollow Rec
Somerset-Olde Creek,Week1,Crosspointe,Week2,349.0 Crosspointe - 52.0 Somerset-Olde Creek
Sleepy Hollow Rec,Week3,Sully Station,Week4,300.0 Sully Station - 102.0 Sleepy Hollow Rec
Somerset-Olde Creek,Week4,Annandale,Week3,271.0 Annandale - 131.0 Somerset-Olde Creek
Somerset-Olde Creek,Week2,Crosspointe,Week1,358.0 Crosspointe - 44.0 Somerset-Olde Creek
Somerset-Olde Creek,Week4,Crosspointe,Week4,346.0 Crosspointe - 56.0 Somerset-Olde Creek
Sleepy Hollow Rec,Week4,Sully Station,Week1,309.0 Sully Station - 93.0 Sleepy Hollow Rec
Somerset-Olde Creek,Week2,Crosspointe,Week4,356.0 Crosspointe - 46.0 Somerset-Olde Creek
Sleepy Hollow Rec,Week2,Ravensworth Farm,Week4,291.0 Ravensworth Farm - 111.0 Sleepy Hollow Rec
Sleepy Hollow Rec,Week5,Poplar Tree,Week1,274.0 Poplar Tree - 128.0 Sleepy Hollow Rec
Sleepy Hollow Rec,Week2,Sully Station,Week1,309.0 Sully Station - 93.0 Sleepy Hollow Rec
Sleepy Hollow Rec,Week1,Ravensworth Farm,Week5,311.5 Ravensworth Farm - 90.5 Sleepy Hollow Rec
South Run,Week3,Commonwealth,Week5,231.0 South Run - 171.0 Commonwealth
Sleepy Hollow Rec,Week5,Poplar Tree,Week2,252.0 Poplar Tree - 150.0 Sleepy Hollow Rec
Somerset-Olde Creek,Week5,Annandale,Week3,255.0 Annandale - 146.0 Somerset-Olde Creek
Sleepy Hollow Rec,Week1,Sully Station,Week4,319.0 Sully Station - 83.0 Sleepy Hollow Rec
South Run,Week4,Chesterbrook,Week5,358.5 Chesterbrook - 43.5 South Run
Somerset-Olde Creek,Week2,Arlington Forest,Week4,344.0 Arlington Forest - 58.0 Somerset-Olde Creek
Sleepy Hollow Rec,Week3,Sully Station,Week1,293.0 Sully Station - 109.0 Sleepy Hollow Rec
Sleepy Hollow Rec,Week4,Sully Station,Week2,304.0 Sully Station - 98.0 Sleepy Hollow Rec
South Run,Week4,Commonwealth,Week4,229.0 South Run - 169.0 Commonwealth
Somerset-Olde Creek,Week4,Arlington Forest,Week1,345.0 Arlington Forest - 57.0 Somerset-Olde Creek
Sleepy Hollow Rec,Week5,Sully Station,Week1,298.0 Sully Station - 104.0 Sleepy Hollow Rec
Sleepy Hollow Rec,Week2,Ravensworth Farm,Week1,288.0 Ravensworth Farm - 114.0 Sleepy Hollow Rec
Somerset-Olde Creek,Week4,Country Club Hills,Week5,316.5 Country Club Hills - 85.5 Somerset-Olde Creek
Sleepy Hollow Rec,Week3,Sully Station,Week3,279.0 Sully Station - 123.0 Sleepy Hollow Rec
Somerset-Olde Creek,Week1,Arlington Forest,Week1,328.0 Arlington Forest - 74.0 Somerset-Olde Creek
Somerset-Olde Creek,Week4,Country Club Hills,Week1,303.0 Country Club Hills - 99.0 Somerset-Olde Creek
South Run,Week2,Commonwealth,Week5,226.0 South Run - 175.0 Commonwealth
Sleepy Hollow Rec,Week3,Ravensworth Farm,Week1,263.0 Ravensworth Farm - 139.0 Sleepy Hollow Rec
Sleepy Hollow Rec,Week5,Sully Station,Week2,295.0 Sully Station - 107.0 Sleepy Hollow Rec
Sleepy Hollow Rec,Week5,Ravensworth Farm,Week2,249.0 Ravensworth Farm - 153.0 Sleepy Hollow Rec
Somerset-Olde Creek,Week3,Arlington Forest,Week5,330.0 Arlington Forest - 67.0 Somerset-Olde Creek
Somerset-Olde Creek,Week1,Arlington Forest,Week2,319.0 Arlington Forest - 78.0 Somerset-Olde Creek
South Run,Week4,Commonwealth,Week3,223.0 South Run - 174.0 Commonwealth
Somerset-Olde Creek,Week3,Arlington Forest,Week4,345.0 Arlington Forest - 57.0 Somerset-Olde Creek
Sleepy Hollow Rec,Week1,Sully Station,Week1,310.0 Sully Station - 92.0 Sleepy Hollow Rec
Somerset-Olde Creek,Week4,Country Club Hills,Week4,306.0 Country Club Hills - 96.0 Somerset-Olde Creek
Somerset-Olde Creek,Week4,Country Club Hills,Week2,304.0 Country Club Hills - 98.0 Somerset-Olde Creek
Sleepy Hollow Rec,Week2,Sully Station,Week5,311.0 Sully Station - 91.0 Sleepy Hollow Rec
Somerset-Olde Creek,Week3,Crosspointe,Week4,359.0 Crosspointe - 42.0 Somerset-Olde Creek
South Run,Week1,Commonwealth,Week5,223.0 South Run - 170.0 Commonwealth
South Run,Week4,Chesterbrook,Week2,348.0 Chesterbrook - 54.0 South Run
Somerset-Olde Creek,Week4,Country Club Hills,Week3,295.0 Country Club Hills - 107.0 Somerset-Olde Creek
Sleepy Hollow Rec,Week4,Sully Station,Week3,309.0 Sully Station - 93.0 Sleepy Hollow Rec
Somerset-Olde Creek,Week1,Crosspointe,Week4,358.0 Crosspointe - 43.0 Somerset-Olde Creek
Sleepy Hollow Rec,Week2,Ravensworth Farm,Week2,268.0 Ravensworth Farm - 134.0 Sleepy Hollow Rec
Somerset-Olde Creek,Week3,Country Club Hills,Week5,318.0 Country Club Hills - 84.0 Somerset-Olde Creek
Somerset-Olde Creek,Week3,Arlington Forest,Week3,324.0 Arlington Forest - 77.0 Somerset-Olde Creek
Somerset-Olde Creek,Week4,Crosspointe,Week1,359.0 Crosspointe - 43.0 Somerset-Olde Creek
Sleepy Hollow Rec,Week4,Ravensworth Farm,Week5,327.0 Ravensworth Farm - 75.0 Sleepy Hollow Rec
Somerset-Olde Creek,Week2,Arlington Forest,Week3,325.0 Arlington Forest - 76.0 Somerset-Olde Creek
Sleepy Hollow Rec,Week5,Ravensworth Farm,Week4,279.0 Ravensworth Farm - 123.0 Sleepy Hollow Rec
South Run,Week5,Chesterbrook,Week3,338.0 Chesterbrook - 64.0 South Run
Somerset-Olde Creek,Week2,Arlington Forest,Week2,329.0 Arlington Forest - 68.0 Somerset-Olde Creek
South Run,Week3,Commonwealth,Week2,215.0 South Run - 186.0 Commonwealth
South Run,Week3,Commonwealth,Week4,246.0 South Run - 155.0 Commonwealth
Sleepy Hollow Rec,Week4,Poplar Tree,Week5,308.0 Poplar Tree - 94.0 Sleepy Hollow Rec
Somerset-Olde Creek,Week1,Crosspointe,Week5,356.0 Crosspointe - 45.0 Somerset-Olde Creek
Somerset-Olde Creek,Week5,Arlington Forest,Week1,314.0 Arlington Forest - 88.0 Somerset-Olde Creek
South Run,Week1,Cottontail,Week4,208.0 South Run - 185.0 Cottontail
Sleepy Hollow Rec,Week2,Ravensworth Farm,Week3,294.0 Ravensworth Farm - 108.0 Sleepy Hollow Rec
South Run,Week5,Chesterbrook,Week5,328.0 Chesterbrook - 74.0 South Run
Somerset-Olde Creek,Week4,Arlington Forest,Week5,324.0 Arlington Forest - 78.0 Somerset-Olde Creek
Sleepy Hollow Rec,Week1,Ravensworth Farm,Week3,292.0 Ravensworth Farm - 110.0 Sleepy Hollow Rec
Somerset-Olde Creek,Week2,Crosspointe,Week3,350.0 Crosspointe - 47.0 Somerset-Olde Creek
Somerset-Olde Creek,Week4,Arlington Forest,Week4,346.0 Arlington Forest - 56.0 Somerset-Olde Creek
Somerset-Olde Creek,Week5,Country Club Hills,Week5,302.0 Country Club Hills - 100.0 Somerset-Olde Creek
Sleepy Hollow Rec,Week1,Sully Station,Week2,310.0 Sully Station - 92.0 Sleepy Hollow Rec
Sleepy Hollow Rec,Week3,Ravensworth Farm,Week3,275.0 Ravensworth Farm - 127.0 Sleepy Hollow Rec
Sleepy Hollow Rec,Week1,Sully Station,Week5,323.0 Sully Station - 79.0 Sleepy Hollow Rec
Sleepy Hollow Rec,Week5,Sully Station,Week3,296.0 Sully Station - 106.0 Sleepy Hollow Rec
Sleepy Hollow Rec,Week2,Lakeview,Week4,213.0 Lakeview - 189.0 Sleepy Hollow Rec
Somerset-Olde Creek,Week4,Arlington Forest,Week3,321.0 Arlington Forest - 80.0 Somerset-Olde Creek
South Run,Week2,Commonwealth,Week3,206.0 South Run - 191.0 Commonwealth
Somerset-Olde Creek,Week1,Crosspointe,Week3,350.0 Crosspointe - 46.0 Somerset-Olde Creek
South Run,Week1,Commonwealth,Week3,220.0 South Run - 173.0 Commonwealth
Sleepy Hollow Rec,Week3,Sully Station,Week5,300.0 Sully Station - 102.0 Sleepy Hollow Rec
South Run,Week1,Commonwealth,Week2,219.0 South Run - 174.0 Commonwealth
Sleepy Hollow Rec,Week1,Sully Station,Week3,318.0 Sully Station - 84.0 Sleepy Hollow Rec
Somerset-Olde Creek,Week5,Country Club Hills,Week4,286.0 Country Club Hills - 116.0 Somerset-Olde Creek
Somerset-Olde Creek,Week4,Arlington Forest,Week2,329.0 Arlington Forest - 73.0 Somerset-Olde Creek
Sleepy Hollow Rec,Week3,Sully Station,Week2,285.0 Sully Station - 117.0 Sleepy Hollow Rec
Sleepy Hollow Rec,Week5,Sully Station,Week4,302.0 Sully Station - 100.0 Sleepy Hollow Rec
Sleepy Hollow Rec,Week1,Langley,Week1,329.0 Langley - 73.0 Sleepy Hollow Rec
Somerset-Olde Creek,Week4,Annandale,Week4,247.0 Annandale - 155.0 Somerset-Olde Creek
Somerset-Olde Creek,Week3,Crosspointe,Week1,361.0 Crosspointe - 41.0 Somerset-Olde Creek
South Run,Week5,Commonwealth,Week1,275.0 South Run - 126.0 Commonwealth
Sleepy Hollow Rec,Week5,Lakeview,Week4,208.0 Lakeview - 194.0 Sleepy Hollow Rec
Sleepy Hollow Rec,Week4,Sully Station,Week5,313.0 Sully Station - 89.0 Sleepy Hollow Rec
Somerset-Olde Creek,Week5,Annandale,Week5,257.0 Annandale - 145.0 Somerset-Olde Creek
South Run,Week4,Cottontail,Week4,216.0 Cottontail - 186.0 South Run
Sleepy Hollow Rec,Week2,Ravensworth Farm,Week5,318.0 Ravensworth Farm - 84.0 Sleepy Hollow Rec
Sleepy Hollow Rec,Week3,Poplar Tree,Week5,286.0 Poplar Tree - 116.0 Sleepy Hollow Rec
Somerset-Olde Creek,Week3,Brandywine,Week1,310.0 Brandywine - 92.0 Somerset-Olde Creek
South Run,Week4,Commonwealth,Week2,215.0 South Run - 183.0 Commonwealth
Sleepy Hollow Rec,Week5,Poplar Tree,Week3,275.0 Poplar Tree - 127.0 Sleepy Hollow Rec
Sleepy Hollow Rec,Week3,Ravensworth Farm,Week4,260.0 Ravensworth Farm - 142.0 Sleepy Hollow Rec
Sleepy Hollow Rec,Week5,Lakeview,Week3,226.0 Sleepy Hollow Rec - 176.0 Lakeview
Somerset-Olde Creek,Week2,Crosspointe,Week5,357.0 Crosspointe - 45.0 Somerset-Olde Creek
Sleepy Hollow Rec,Week3,Lakeview,Week5,220.0 Sleepy Hollow Rec - 173.0 Lakeview
Sleepy Hollow Rec,Week4,Poplar Tree,Week3,295.0 Poplar Tree - 107.0 Sleepy Hollow Rec
Sleepy Hollow Rec,Week5,Sully Station,Week5,310.0 Sully Station - 92.0 Sleepy Hollow Rec
Somerset-Olde Creek,Week2,Crosspointe,Week2,357.0 Crosspointe - 45.0 Somerset-Olde Creek
Somerset-Olde Creek,Week1,Arlington Forest,Week5,322.0 Arlington Forest - 75.0 Somerset-Olde Creek
South Run,Week1,Cottontail,Week3,209.5 South Run - 183.5 Cottontail
Somerset-Olde Creek,Week3,Crosspointe,Week3,353.0 Crosspointe - 49.0 Somerset-Olde Creek
Sleepy Hollow Rec,Week5,Poplar Tree,Week4,253.0 Poplar Tree - 149.0 Sleepy Hollow Rec
Sleepy Hollow Rec,Week1,Ravensworth Farm,Week1,291.0 Ravensworth Farm - 111.0 Sleepy Hollow Rec
Sleepy Hollow Rec,Week3,Ravensworth Farm,Week2,229.0 Ravensworth Farm - 173.0 Sleepy Hollow Rec
Sleepy Hollow Rec,Week2,Langley,Week2,315.0 Langley - 87.0 Sleepy Hollow Rec
Sleepy Hollow Rec,Week5,Lakeview,Week5,210.0 Sleepy Hollow Rec - 183.0 Lakeview
Sleepy Hollow Rec,Week2,Langley,Week1,321.0 Langley - 81.0 Sleepy Hollow Rec
Somerset-Olde Creek,Week4,Brandywine,Week2,283.0 Brandywine - 119.0 Somerset-Olde Creek
South Run,Week3,Cottontail,Week3,206.0 Cottontail - 196.0 South Run
Somerset-Olde Creek,Week3,Brandywine,Week5,326.0 Brandywine - 76.0 Somerset-Olde Creek
Somerset-Olde Creek,Week4,Daventry,Week4,203.0 Daventry - 197.0 Somerset-Olde Creek
Somerset-Olde Creek,Week5,Crosspointe,Week4,345.0 Crosspointe - 56.0 Somerset-Olde Creek
Somerset-Olde Creek,Week2,Brandywine,Week1,311.0 Brandywine - 91.0 Somerset-Olde Creek
South Run,Week3,Cottontail,Week2,208.0 Cottontail - 194.0 South Run
Sleepy Hollow Rec,Week2,Sully Station II,Week2,317.0 Sully Station II - 85.0 Sleepy Hollow Rec
Sleepy Hollow Rec,Week3,Lakeview,Week4,207.0 Sleepy Hollow Rec - 195.0 Lakeview
South Run,Week5,Commonwealth,Week3,246.0 South Run - 156.0 Commonwealth
Sleepy Hollow Rec,Week5,Poplar Tree,Week5,281.0 Poplar Tree - 121.0 Sleepy Hollow Rec
Sleepy Hollow Rec,Week2,Langley,Week4,322.0 Langley - 80.0 Sleepy Hollow Rec
Sleepy Hollow Rec,Week4,Sully Station II,Week3,348.0 Sully Station II - 54.0 Sleepy Hollow Rec
South Run,Week1,Cottontail,Week2,201.0 South Run - 192.0 Cottontail
Sleepy Hollow Rec,Week1,Ravensworth Farm,Week2,261.0 Ravensworth Farm - 141.0 Sleepy Hollow Rec
Somerset-Olde Creek,Week5,Daventry,Week2,209.0 Somerset-Olde Creek - 186.0 Daventry
Sleepy Hollow Rec,Week1,Sully Station II,Week3,330.0 Sully Station II - 72.0 Sleepy Hollow Rec
South Run,Week2,Cottontail,Week1,215.0 Cottontail - 187.0 South Run
Somerset-Olde Creek,Week3,Crosspointe,Week2,354.0 Crosspointe - 48.0 Somerset-Olde Creek
Somerset-Olde Creek,Week3,Brandywine,Week2,297.0 Brandywine - 104.0 Somerset-Olde Creek
South Run,Week1,Cottontail,Week5,212.0 Cottontail - 181.0 South Run
Sleepy Hollow Rec,Week4,Poplar Tree,Week2,266.0 Poplar Tree - 136.0 Sleepy Hollow Rec
Sleepy Hollow Rec,Week4,Lakeview,Week4,222.0 Lakeview - 180.0 Sleepy Hollow Rec
Somerset-Olde Creek,Week1,Brandywine,Week5,321.0 Brandywine - 81.0 Somerset-Olde Creek
Sleepy Hollow Rec,Week4,Sully Station,Week4,317.0 Sully Station - 85.0 Sleepy Hollow Rec
Somerset-Olde Creek,Week1,Brandywine,Week3,292.0 Brandywine - 102.0 Somerset-Olde Creek
South Run,Week1,Country Club Hills,Week2,215.5 South Run - 177.5 Country Club Hills
Sleepy Hollow Rec,Week2,Sully Station II,Week3,330.0 Sully Station II - 72.0 Sleepy Hollow Rec
Somerset-Olde Creek,Week2,Brandywine,Week3,307.0 Brandywine - 88.0 Somerset-Olde Creek
Sleepy Hollow Rec,Week4,Poplar Tree,Week4,271.0 Poplar Tree - 131.0 Sleepy Hollow Rec
Sleepy Hollow Rec,Week1,Sully Station II,Week1,299.0 Sully Station II - 103.0 Sleepy Hollow Rec
Somerset-Olde Creek,Week1,Daventry,Week1,225.0 Daventry - 170.0 Somerset-Olde Creek
Sleepy Hollow Rec,Week4,Poplar Tree,Week1,289.0 Poplar Tree - 113.0 Sleepy Hollow Rec
Somerset-Olde Creek,Week4,Crosspointe,Week3,348.0 Crosspointe - 49.0 Somerset-Olde Creek
Somerset-Olde Creek,Week3,Crosspointe,Week5,358.0 Crosspointe - 44.0 Somerset-Olde Creek
Sleepy Hollow Rec,Week1,Truro,Week4,235.0 Truro - 167.0 Sleepy Hollow Rec
Somerset-Olde Creek,Week4,Brandywine,Week3,280.0 Brandywine - 117.0 Somerset-Olde Creek
Sleepy Hollow Rec,Week3,Lakeview,Week2,254.0 Sleepy Hollow Rec - 148.0 Lakeview
South Run,Week2,Cottontail,Week2,213.0 Cottontail - 189.0 South Run
Somerset-Olde Creek,Week5,Crosspointe,Week2,333.0 Crosspointe - 69.0 Somerset-Olde Creek
South Run,Week4,Cottontail,Week2,222.0 Cottontail - 180.0 South Run
Sleepy Hollow Rec,Week2,Sully Station,Week2,303.0 Sully Station - 99.0 Sleepy Hollow Rec
Sleepy Hollow Rec,Week3,Lakeview,Week1,258.0 Sleepy Hollow Rec - 144.0 Lakeview
Sleepy Hollow Rec,Week2,Sully Station II,Week4,297.0 Sully Station II - 105.0 Sleepy Hollow Rec
Sleepy Hollow Rec,Week1,Old Keene Mill,Week2,215.0 Old Keene Mill - 187.0 Sleepy Hollow Rec
Sleepy Hollow Rec,Week1,Ravensworth Farm,Week4,286.0 Ravensworth Farm - 116.0 Sleepy Hollow Rec
Somerset-Olde Creek,Week1,Bren Mar-Edsall Park,Week4,223.0 Somerset-Olde Creek - 163.0 Bren Mar-Edsall Park
Sleepy Hollow Rec,Week1,Langley,Week3,312.0 Langley - 90.0 Sleepy Hollow Rec
South Run,Week1,Cottontail,Week1,209.0 South Run - 184.0 Cottontail
Somerset-Olde Creek,Week3,Daventry,Week5,249.0 Daventry - 141.0 Somerset-Olde Creek
Somerset-Olde Creek,Week1,Bren Mar-Edsall Park,Week5,231.0 Somerset-Olde Creek - 151.0 Bren Mar-Edsall Park
Sleepy Hollow Rec,Week1,Truro,Week3,211.0 Truro - 191.0 Sleepy Hollow Rec
Somerset-Olde Creek,Week5,Crosspointe,Week1,356.0 Crosspointe - 46.0 Somerset-Olde Creek
Somerset-Olde Creek,Week5,Arlington Forest,Week4,328.0 Arlington Forest - 74.0 Somerset-Olde Creek
Sleepy Hollow Rec,Week4,Lakeview,Week1,234.0 Sleepy Hollow Rec - 168.0 Lakeview
Sleepy Hollow Rec,Week3,Ravensworth Farm,Week5,300.0 Ravensworth Farm - 102.0 Sleepy Hollow Rec
Sleepy Hollow Rec,Week4,Ravensworth Farm,Week2,268.0 Ravensworth Farm - 134.0 Sleepy Hollow Rec
Somerset-Olde Creek,Week4,Crosspointe,Week5,363.0 Crosspointe - 39.0 Somerset-Olde Creek
Sleepy Hollow Rec,Week3,Sully Station II,Week1,282.0 Sully Station II - 120.0 Sleepy Hollow Rec
South Run,Week2,Cottontail,Week5,231.0 Cottontail - 171.0 South Run
Sleepy Hollow Rec,Week3,Sully Station II,Week3,324.0 Sully Station II - 78.0 Sleepy Hollow Rec
South Run,Week5,Cottontail,Week2,227.0 South Run - 175.0 Cottontail
Sleepy Hollow Rec,Week3,Oakton ,Week1,312.0 Oakton - 90.0 Sleepy Hollow Rec
Sleepy Hollow Rec,Week3,Oakton ,Week3,310.0 Oakton - 92.0 Sleepy Hollow Rec
Somerset-Olde Creek,Week5,Brandywine,Week1,285.0 Brandywine - 117.0 Somerset-Olde Creek
Sleepy Hollow Rec,Week1,Langley,Week2,314.0 Langley - 88.0 Sleepy Hollow Rec
Sleepy Hollow Rec,Week5,Lakeview,Week2,239.0 Sleepy Hollow Rec - 163.0 Lakeview
South Run,Week5,Commonwealth,Week5,258.0 South Run - 144.0 Commonwealth
Somerset-Olde Creek,Week5,Arlington Forest,Week3,304.0 Arlington Forest - 97.0 Somerset-Olde Creek
Somerset-Olde Creek,Week3,Daventry,Week1,227.0 Daventry - 168.0 Somerset-Olde Creek
South Run,Week3,Cottontail,Week1,204.5 Cottontail - 197.5 South Run
Sleepy Hollow Rec,Week4,Ravensworth Farm,Week1,296.0 Ravensworth Farm - 106.0 Sleepy Hollow Rec
Sleepy Hollow Rec,Week5,Sully Station II,Week3,326.0 Sully Station II - 76.0 Sleepy Hollow Rec
Sleepy Hollow Rec,Week4,Ravensworth Farm,Week4,295.0 Ravensworth Farm - 107.0 Sleepy Hollow Rec
Somerset-Olde Creek,Week4,Daventry,Week1,205.0 Daventry - 194.0 Somerset-Olde Creek
Sleepy Hollow Rec,Week5,Sully Station II,Week5,323.0 Sully Station II - 79.0 Sleepy Hollow Rec
Somerset-Olde Creek,Week1,Brandywine,Week2,281.0 Brandywine - 120.0 Somerset-Olde Creek
Sleepy Hollow Rec,Week1,Langley,Week4,318.0 Langley - 84.0 Sleepy Hollow Rec
South Run,Week5,Commonwealth,Week4,265.0 South Run - 137.0 Commonwealth
Sleepy Hollow Rec,Week2,Langley,Week3,314.0 Langley - 88.0 Sleepy Hollow Rec
Sleepy Hollow Rec,Week4,Lakeview,Week5,199.0 Lakeview - 194.0 Sleepy Hollow Rec
Somerset-Olde Creek,Week5,Arlington Forest,Week5,317.0 Arlington Forest - 85.0 Somerset-Olde Creek
Sleepy Hollow Rec,Week1,Truro,Week1,211.0 Truro - 191.0 Sleepy Hollow Rec
Sleepy Hollow Rec,Week5,Ravensworth Farm,Week1,267.0 Ravensworth Farm - 135.0 Sleepy Hollow Rec
Sleepy Hollow Rec,Week4,Oakton ,Week3,342.0 Oakton - 60.0 Sleepy Hollow Rec
Somerset-Olde Creek,Week3,Daventry,Week2,232.0 Daventry - 163.0 Somerset-Olde Creek
Sleepy Hollow Rec,Week1,Old Keene Mill,Week4,202.0 Sleepy Hollow Rec - 200.0 Old Keene Mill
Sleepy Hollow Rec,Week5,Oakton ,Week2,330.5 Oakton - 71.5 Sleepy Hollow Rec
Sleepy Hollow Rec,Week2,Lakeview,Week5,201.0 Sleepy Hollow Rec - 192.0 Lakeview
Sleepy Hollow Rec,Week4,Ravensworth Farm,Week3,304.0 Ravensworth Farm - 98.0 Sleepy Hollow Rec
Sleepy Hollow Rec,Week3,Oakton ,Week2,321.0 Oakton - 81.0 Sleepy Hollow Rec
Somerset-Olde Creek,Week2,Daventry,Week1,239.0 Daventry - 159.0 Somerset-Olde Creek
South Run,Week2,Cottontail,Week3,203.0 Cottontail - 199.0 South Run
Sleepy Hollow Rec,Week5,Sully Station II,Week4,294.0 Sully Station II - 108.0 Sleepy Hollow Rec
Somerset-Olde Creek,Week3,Daventry,Week3,229.0 Daventry - 165.0 Somerset-Olde Creek
Sleepy Hollow Rec,Week2,Sully Station II,Week1,297.0 Sully Station II - 105.0 Sleepy Hollow Rec
Sleepy Hollow Rec,Week4,Old Keene Mill,Week3,220.0 Old Keene Mill - 182.0 Sleepy Hollow Rec
Sleepy Hollow Rec,Week2,Truro,Week1,223.0 Truro - 179.0 Sleepy Hollow Rec
Sleepy Hollow Rec,Week1,Rolling Forest,Week1,262.5 Rolling Forest - 139.5 Sleepy Hollow Rec
Sleepy Hollow Rec,Week2,Oakton ,Week4,336.0 Oakton - 66.0 Sleepy Hollow Rec
Sleepy Hollow Rec,Week1,Riverside Gardens,Week4,321.0 Riverside Gardens - 81.0 Sleepy Hollow Rec
Sleepy Hollow Rec,Week1,Riverside Gardens,Week5,322.0 Riverside Gardens - 80.0 Sleepy Hollow Rec
Sleepy Hollow Rec,Week2,Riverside Gardens,Week3,322.0 Riverside Gardens - 80.0 Sleepy Hollow Rec
Sleepy Hollow Rec,Week4,Oakton ,Week5,352.0 Oakton - 50.0 Sleepy Hollow Rec
Sleepy Hollow Rec,Week3,Truro,Week1,205.0 Truro - 197.0 Sleepy Hollow Rec
Somerset-Olde Creek,Week2,Brandywine,Week2,308.0 Brandywine - 93.0 Somerset-Olde Creek
Sleepy Hollow Rec,Week5,Oakton ,Week3,324.0 Oakton - 78.0 Sleepy Hollow Rec
Sleepy Hollow Rec,Week1,Old Keene Mill,Week3,213.0 Old Keene Mill - 189.0 Sleepy Hollow Rec
South Run,Week4,Cottontail,Week3,210.0 Cottontail - 192.0 South Run
Somerset-Olde Creek,Week2,Daventry,Week2,248.0 Daventry - 147.0 Somerset-Olde Creek
Somerset-Olde Creek,Week3,Brandywine,Week4,321.0 Brandywine - 81.0 Somerset-Olde Creek
Sleepy Hollow Rec,Week5,Lakeview,Week1,247.0 Sleepy Hollow Rec - 155.0 Lakeview
Sleepy Hollow Rec,Week3,Riverside Gardens,Week5,306.5 Riverside Gardens - 95.5 Sleepy Hollow Rec
Somerset-Olde Creek,Week4,Brandywine,Week4,313.0 Brandywine - 89.0 Somerset-Olde Creek
Sleepy Hollow Rec,Week4,Oakton ,Week4,344.0 Oakton - 58.0 Sleepy Hollow Rec
Somerset-Olde Creek,Week1,Brandywine,Week1,301.0 Brandywine - 101.0 Somerset-Olde Creek
Somerset-Olde Creek,Week1,Brandywine,Week4,319.0 Brandywine - 82.0 Somerset-Olde Creek
Sleepy Hollow Rec,Week5,Ravensworth Farm,Week5,297.0 Ravensworth Farm - 105.0 Sleepy Hollow Rec
Somerset-Olde Creek,Week2,Brandywine,Week4,330.0 Brandywine - 72.0 Somerset-Olde Creek
Sleepy Hollow Rec,Week4,Lakeview,Week3,203.0 Sleepy Hollow Rec - 199.0 Lakeview
Sleepy Hollow Rec,Week2,Riverside Gardens,Week1,307.0 Riverside Gardens - 95.0 Sleepy Hollow Rec
South Run,Week5,Cottontail,Week3,220.0 South Run - 182.0 Cottontail
Somerset-Olde Creek,Week3,Brandywine,Week3,295.0 Brandywine - 106.0 Somerset-Olde Creek
Somerset-Olde Creek,Week1,Daventry,Week4,223.0 Daventry - 174.0 Somerset-Olde Creek
South Run,Week4,Cottontail,Week1,220.0 Cottontail - 182.0 South Run
Sleepy Hollow Rec,Week4,Lakeview,Week2,228.5 Sleepy Hollow Rec - 173.5 Lakeview
Somerset-Olde Creek,Week4,Brandywine,Week1,296.0 Brandywine - 106.0 Somerset-Olde Creek
Sleepy Hollow Rec,Week3,Sully Station II,Week4,284.0 Sully Station II - 118.0 Sleepy Hollow Rec
Sleepy Hollow Rec,Week5,Ravensworth Farm,Week3,290.0 Ravensworth Farm - 112.0 Sleepy Hollow Rec
Somerset-Olde Creek,Week1,Daventry,Week5,240.0 Daventry - 150.0 Somerset-Olde Creek
Somerset-Olde Creek,Week5,Crosspointe,Week3,335.0 Crosspointe - 67.0 Somerset-Olde Creek
Sleepy Hollow Rec,Week1,Langley,Week5,309.0 Langley - 93.0 Sleepy Hollow Rec
Sleepy Hollow Rec,Week3,Lakeview,Week3,231.0 Sleepy Hollow Rec - 171.0 Lakeview
Somerset-Olde Creek,Week1,Daventry,Week3,212.0 Daventry - 181.0 Somerset-Olde Creek
South Run,Week5,Commonwealth,Week2,239.0 South Run - 163.0 Commonwealth
South Run,Week5,Cottontail,Week1,225.0 South Run - 177.0 Cottontail
South Run,Week5,Cottontail,Week5,210.0 South Run - 192.0 Cottontail
Sleepy Hollow Rec,Week5,Oakton ,Week5,333.0 Oakton - 69.0 Sleepy Hollow Rec
Somerset-Olde Creek,Week2,Daventry,Week3,241.0 Daventry - 151.0 Somerset-Olde Creek
Somerset-Olde Creek,Week2,Daventry,Week4,242.0 Daventry - 155.0 Somerset-Olde Creek
South Run,Week5,Cottontail,Week4,226.0 South Run - 176.0 Cottontail
Sleepy Hollow Rec,Week1,Sully Station II,Week5,331.0 Sully Station II - 71.0 Sleepy Hollow Rec
Sleepy Hollow Rec,Week5,Sully Station II,Week1,280.5 Sully Station II - 121.5 Sleepy Hollow Rec
Sleepy Hollow Rec,Week3,Sully Station II,Week5,325.0 Sully Station II - 77.0 Sleepy Hollow Rec
South Run,Week3,Cottontail,Week5,218.0 Cottontail - 184.0 South Run
South Run,Week1,Country Club Hills,Week1,212.0 South Run - 181.0 Country Club Hills
Sleepy Hollow Rec,Week2,Oakton ,Week2,335.0 Oakton - 67.0 Sleepy Hollow Rec
Sleepy Hollow Rec,Week1,Old Keene Mill,Week1,206.0 Old Keene Mill - 196.0 Sleepy Hollow Rec
Somerset-Olde Creek,Week4,Brandywine,Week5,330.0 Brandywine - 72.0 Somerset-Olde Creek
Sleepy Hollow Rec,Week2,Riverside Gardens,Week5,317.0 Riverside Gardens - 85.0 Sleepy Hollow Rec
Sleepy Hollow Rec,Week4,Riverside Gardens,Week5,328.0 Riverside Gardens - 74.0 Sleepy Hollow Rec
Sleepy Hollow Rec,Week2,Sully Station II,Week5,338.5 Sully Station II - 63.5 Sleepy Hollow Rec
Somerset-Olde Creek,Week3,Daventry,Week4,234.0 Daventry - 163.0 Somerset-Olde Creek
Somerset-Olde Creek,Week5,Brandywine,Week3,283.0 Brandywine - 118.0 Somerset-Olde Creek
Sleepy Hollow Rec,Week5,Oakton ,Week1,324.0 Oakton - 78.0 Sleepy Hollow Rec
Sleepy Hollow Rec,Week5,Riverside Gardens,Week2,305.0 Riverside Gardens - 97.0 Sleepy Hollow Rec
Somerset-Olde Creek,Week5,Brandywine,Week2,271.0 Brandywine - 130.0 Somerset-Olde Creek
Somerset-Olde Creek,Week2,Brandywine,Week5,347.0 Brandywine - 55.0 Somerset-Olde Creek
Sleepy Hollow Rec,Week4,Sully Station II,Week1,296.0 Sully Station II - 106.0 Sleepy Hollow Rec
South Run,Week3,Cottontail,Week4,209.0 South Run - 193.0 Cottontail
Somerset-Olde Creek,Week5,Crosspointe,Week5,354.0 Crosspointe - 48.0 Somerset-Olde Creek
South Run,Week2,Cottontail,Week4,206.0 Cottontail - 196.0 South Run
Sleepy Hollow Rec,Week2,Oakton ,Week3,328.5 Oakton - 73.5 Sleepy Hollow Rec
Sleepy Hollow Rec,Week5,Riverside Gardens,Week1,320.0 Riverside Gardens - 82.0 Sleepy Hollow Rec
Somerset-Olde Creek,Week4,Daventry,Week2,212.0 Daventry - 183.0 Somerset-Olde Creek
Sleepy Hollow Rec,Week4,Sully Station II,Week5,345.0 Sully Station II - 57.0 Sleepy Hollow Rec
Sleepy Hollow Rec,Week4,Sully Station II,Week2,330.0 Sully Station II - 72.0 Sleepy Hollow Rec
Sleepy Hollow Rec,Week5,Sully Station II,Week2,312.0 Sully Station II - 90.0 Sleepy Hollow Rec
Somerset-Olde Creek,Week5,Brandywine,Week4,310.0 Brandywine - 92.0 Somerset-Olde Creek
Sleepy Hollow Rec,Week5,Riverside Gardens,Week4,322.0 Riverside Gardens - 80.0 Sleepy Hollow Rec
Sleepy Hollow Rec,Week1,Riverside Gardens,Week3,321.0 Riverside Gardens - 81.0 Sleepy Hollow Rec
Sleepy Hollow Rec,Week5,Oakton ,Week4,330.0 Oakton - 72.0 Sleepy Hollow Rec
Sleepy Hollow Rec,Week2,Old Keene Mill,Week2,209.5 Old Keene Mill - 192.5 Sleepy Hollow Rec
Somerset-Olde Creek,Week5,Brandywine,Week5,318.0 Brandywine - 84.0 Somerset-Olde Creek
Somerset-Olde Creek,Week2,Daventry,Week5,250.0 Daventry - 141.0 Somerset-Olde Creek
Sleepy Hollow Rec,Week3,Old Keene Mill,Week1,222.0 Sleepy Hollow Rec - 180.0 Old Keene Mill
South Run,Week4,Cottontail,Week5,226.0 Cottontail - 176.0 South Run
Somerset-Olde Creek,Week1,Bren Mar-Edsall Park,Week1,245.0 Somerset-Olde Creek - 149.0 Bren Mar-Edsall Park
Sleepy Hollow Rec,Week1,Truro,Week2,201.0 Truro - 200.0 Sleepy Hollow Rec
Sleepy Hollow Rec,Week4,Oakton ,Week1,334.0 Oakton - 68.0 Sleepy Hollow Rec
South Run,Week5,Country Club Hills,Week2,233.0 South Run - 169.0 Country Club Hills
Sleepy Hollow Rec,Week4,Sully Station II,Week4,310.0 Sully Station II - 92.0 Sleepy Hollow Rec
Somerset-Olde Creek,Week4,Daventry,Week3,215.0 Daventry - 182.0 Somerset-Olde Creek
Sleepy Hollow Rec,Week5,Riverside Gardens,Week5,318.0 Riverside Gardens - 84.0 Sleepy Hollow Rec
Somerset-Olde Creek,Week4,Daventry,Week5,229.0 Daventry - 168.0 Somerset-Olde Creek
South Run,Week1,Country Club Hills,Week3,210.0 South Run - 183.0 Country Club Hills
South Run,Week1,Country Club Hills,Week5,209.0 Country Club Hills - 184.0 South Run
Sleepy Hollow Rec,Week2,Old Keene Mill,Week1,203.0 Old Keene Mill - 199.0 Sleepy Hollow Rec
Somerset-Olde Creek,Week1,Bren Mar-Edsall Park,Week2,253.0 Somerset-Olde Creek - 133.0 Bren Mar-Edsall Park
Sleepy Hollow Rec,Week3,Sully Station II,Week2,311.0 Sully Station II - 91.0 Sleepy Hollow Rec
South Run,Week1,Country Club Hills,Week4,216.0 South Run - 172.0 Country Club Hills
Somerset-Olde Creek,Week5,Daventry,Week1,203.0 Somerset-Olde Creek - 193.0 Daventry
Sleepy Hollow Rec,Week5,Riverside Gardens,Week3,326.0 Riverside Gardens - 76.0 Sleepy Hollow Rec
Somerset-Olde Creek,Week1,Daventry,Week2,226.0 Daventry - 167.0 Somerset-Olde Creek
Sleepy Hollow Rec,Week1,Truro,Week5,220.0 Truro - 182.0 Sleepy Hollow Rec
Sleepy Hollow Rec,Week2,Truro,Week3,204.0 Sleepy Hollow Rec - 198.0 Truro
South Run,Week5,Country Club Hills,Week5,204.0 Country Club Hills - 198.0 South Run
South Run,Week5,Country Club Hills,Week1,230.0 South Run - 172.0 Country Club Hills
Sleepy Hollow Rec,Week5,Virginia Hills,Week1,323.0 Sleepy Hollow Rec - 79.0 Virginia Hills
Sleepy Hollow Rec,Week1,Virginia Run,Week3,299.0 Virginia Run - 103.0 Sleepy Hollow Rec
Sleepy Hollow Rec,Week1,Riverside Gardens,Week1,322.0 Riverside Gardens - 80.0 Sleepy Hollow Rec
Somerset-Olde Creek,Week5,Daventry,Week4,203.0 Somerset-Olde Creek - 194.0 Daventry
Sleepy Hollow Rec,Week3,Oakton ,Week5,336.0 Oakton - 66.0 Sleepy Hollow Rec
Somerset-Olde Creek,Week5,Daventry,Week5,213.0 Daventry - 185.0 Somerset-Olde Creek
Sleepy Hollow Rec,Week3,Oakton ,Week4,321.0 Oakton - 81.0 Sleepy Hollow Rec
Somerset-Olde Creek,Week5,Daventry,Week3,203.0 Somerset-Olde Creek - 189.0 Daventry
Sleepy Hollow Rec,Week2,Truro,Week2,214.0 Sleepy Hollow Rec - 187.0 Truro
Sleepy Hollow Rec,Week4,Virginia Hills,Week3,303.0 Sleepy Hollow Rec - 99.0 Virginia Hills
Somerset-Olde Creek,Week5,Dominion Hills,Week2,305.0 Dominion Hills - 97.0 Somerset-Olde Creek
Sleepy Hollow Rec,Week4,Virginia Run,Week5,334.0 Virginia Run - 68.0 Sleepy Hollow Rec
Sleepy Hollow Rec,Week2,Truro,Week4,225.0 Truro - 176.0 Sleepy Hollow Rec
Somerset-Olde Creek,Week1,Bren Mar-Edsall Park,Week3,235.0 Somerset-Olde Creek - 162.0 Bren Mar-Edsall Park
South Run,Week2,Country Club Hills,Week2,203.0 South Run - 199.0 Country Club Hills
Sleepy Hollow Rec,Week3,Truro,Week2,234.0 Sleepy Hollow Rec - 168.0 Truro
South Run,Week3,Country Club Hills,Week3,207.0 South Run - 195.0 Country Club Hills
South Run,Week3,Country Club Hills,Week1,208.0 South Run - 194.0 Country Club Hills
Somerset-Olde Creek,Week2,Dominion Hills,Week5,343.0 Dominion Hills - 54.0 Somerset-Olde Creek
Sleepy Hollow Rec,Week4,Oakton ,Week2,345.0 Oakton - 57.0 Sleepy Hollow Rec
Sleepy Hollow Rec,Week2,Tuckahoe,Week1,369.0 Tuckahoe - 33.0 Sleepy Hollow Rec
Sleepy Hollow Rec,Week2,Truro,Week5,220.0 Truro - 181.0 Sleepy Hollow Rec
Sleepy Hollow Rec,Week5,Virginia Run,Week2,282.0 Virginia Run - 120.0 Sleepy Hollow Rec
Sleepy Hollow Rec,Week3,Riverside Gardens,Week3,288.0 Riverside Gardens - 114.0 Sleepy Hollow Rec
Sleepy Hollow Rec,Week5,Virginia Hills,Week2,336.0 Sleepy Hollow Rec - 65.0 Virginia Hills
Sleepy Hollow Rec,Week2,Old Keene Mill,Week4,203.0 Sleepy Hollow Rec - 199.0 Old Keene Mill
Somerset-Olde Creek,Week5,Dominion Hills,Week5,312.0 Dominion Hills - 90.0 Somerset-Olde Creek
Sleepy Hollow Rec,Week1,Old Keene Mill,Week5,224.0 Old Keene Mill - 173.0 Sleepy Hollow Rec
Sleepy Hollow Rec,Week1,Riverside Gardens,Week2,302.0 Riverside Gardens - 100.0 Sleepy Hollow Rec
South Run,Week4,Country Club Hills,Week5,232.0 Country Club Hills - 170.0 South Run
Sleepy Hollow Rec,Week3,Old Keene Mill,Week4,209.0 Sleepy Hollow Rec - 193.0 Old Keene Mill
Sleepy Hollow Rec,Week3,Truro,Week3,211.5 Sleepy Hollow Rec - 190.5 Truro
Sleepy Hollow Rec,Week3,Old Keene Mill,Week5,207.0 Old Keene Mill - 195.0 Sleepy Hollow Rec
Sleepy Hollow Rec,Week4,Virginia Hills,Week1,311.0 Sleepy Hollow Rec - 91.0 Virginia Hills
Sleepy Hollow Rec,Week3,Riverside Gardens,Week4,299.0 Riverside Gardens - 103.0 Sleepy Hollow Rec
Sleepy Hollow Rec,Week3,Truro,Week4,215.0 Truro - 187.0 Sleepy Hollow Rec
Sleepy Hollow Rec,Week2,Riverside Gardens,Week2,295.0 Riverside Gardens - 107.0 Sleepy Hollow Rec
Sleepy Hollow Rec,Week3,Riverside Gardens,Week1,308.0 Riverside Gardens - 94.0 Sleepy Hollow Rec
Sleepy Hollow Rec,Week4,Riverside Gardens,Week2,321.0 Riverside Gardens - 81.0 Sleepy Hollow Rec
Sleepy Hollow Rec,Week5,Virginia Hills,Week5,290.0 Sleepy Hollow Rec - 111.0 Virginia Hills
Sleepy Hollow Rec,Week3,Riverside Gardens,Week2,283.0 Riverside Gardens - 119.0 Sleepy Hollow Rec
Somerset-Olde Creek,Week2,Dominion Hills,Week2,335.5 Dominion Hills - 66.5 Somerset-Olde Creek
Somerset-Olde Creek,Week1,Donaldson Run,Week2,343.0 Donaldson Run - 59.0 Somerset-Olde Creek
South Run,Week3,Crosspointe,Week4,269.0 Crosspointe - 133.0 South Run
Sleepy Hollow Rec,Week2,Oakton ,Week5,344.0 Oakton - 58.0 Sleepy Hollow Rec
South Run,Week3,Country Club Hills,Week2,207.0 South Run - 195.0 Country Club Hills
Somerset-Olde Creek,Week2,Donaldson Run,Week4,364.0 Donaldson Run - 38.0 Somerset-Olde Creek
Sleepy Hollow Rec,Week4,Tuckahoe,Week2,378.0 Tuckahoe - 24.0 Sleepy Hollow Rec
Sleepy Hollow Rec,Week2,Old Keene Mill,Week3,208.0 Old Keene Mill - 194.0 Sleepy Hollow Rec
Sleepy Hollow Rec,Week4,Tuckahoe,Week4,383.0 Tuckahoe - 19.0 Sleepy Hollow Rec
South Run,Week2,Country Club Hills,Week3,204.0 Country Club Hills - 198.0 South Run
South Run,Week4,Country Club Hills,Week1,210.0 South Run - 187.0 Country Club Hills
Sleepy Hollow Rec,Week3,Old Keene Mill,Week3,203.0 Sleepy Hollow Rec - 199.0 Old Keene Mill
Sleepy Hollow Rec,Week2,Riverside Gardens,Week4,319.0 Riverside Gardens - 83.0 Sleepy Hollow Rec
Sleepy Hollow Rec,Week4,Riverside Gardens,Week1,337.0 Riverside Gardens - 65.0 Sleepy Hollow Rec
Somerset-Olde Creek,Week4,Dominion Hills,Week5,339.0 Dominion Hills - 63.0 Somerset-Olde Creek
Somerset-Olde Creek,Week4,Dominion Hills,Week4,323.0 Dominion Hills - 74.0 Somerset-Olde Creek
Sleepy Hollow Rec,Week4,Truro,Week4,243.0 Truro - 159.0 Sleepy Hollow Rec
Sleepy Hollow Rec,Week4,Riverside Gardens,Week4,336.0 Riverside Gardens - 66.0 Sleepy Hollow Rec
Sleepy Hollow Rec,Week3,Tuckahoe,Week5,362.0 Tuckahoe - 40.0 Sleepy Hollow Rec
South Run,Week1,Crosspointe,Week5,275.0 Crosspointe - 118.0 South Run
Sleepy Hollow Rec,Week3,Old Keene Mill,Week2,209.0 Old Keene Mill - 193.0 Sleepy Hollow Rec
Sleepy Hollow Rec,Week4,Old Keene Mill,Week1,202.0 Sleepy Hollow Rec - 200.0 Old Keene Mill
Sleepy Hollow Rec,Week2,Virginia Run,Week1,311.0 Virginia Run - 91.0 Sleepy Hollow Rec
Sleepy Hollow Rec,Week1,Virginia Run,Week2,307.0 Virginia Run - 95.0 Sleepy Hollow Rec
Sleepy Hollow Rec,Week4,Riverside Gardens,Week3,334.0 Riverside Gardens - 68.0 Sleepy Hollow Rec
Somerset-Olde Creek,Week1,Dominion Hills,Week1,308.0 Dominion Hills - 94.0 Somerset-Olde Creek
Sleepy Hollow Rec,Week1,Virginia Run,Week5,333.0 Virginia Run - 69.0 Sleepy Hollow Rec
South Run,Week2,Country Club Hills,Week4,201.0 South Run - 196.0 Country Club Hills
Somerset-Olde Creek,Week1,Donaldson Run,Week3,351.0 Donaldson Run - 51.0 Somerset-Olde Creek
Sleepy Hollow Rec,Week5,Virginia Hills,Week3,328.0 Sleepy Hollow Rec - 74.0 Virginia Hills
Sleepy Hollow Rec,Week2,Old Keene Mill,Week5,224.0 Old Keene Mill - 178.0 Sleepy Hollow Rec
South Run,Week3,Country Club Hills,Week4,214.0 South Run - 188.0 Country Club Hills
Sleepy Hollow Rec,Week4,Virginia Hills,Week2,318.0 Sleepy Hollow Rec - 84.0 Virginia Hills
Sleepy Hollow Rec,Week1,Rolling Forest,Week3,264.0 Rolling Forest - 138.0 Sleepy Hollow Rec
Sleepy Hollow Rec,Week4,Old Keene Mill,Week4,220.0 Old Keene Mill - 182.0 Sleepy Hollow Rec
Somerset-Olde Creek,Week2,Dominion Hills,Week4,337.0 Dominion Hills - 65.0 Somerset-Olde Creek
Sleepy Hollow Rec,Week1,Virginia Run,Week4,306.0 Virginia Run - 96.0 Sleepy Hollow Rec
Somerset-Olde Creek,Week1,Dominion Hills,Week5,328.0 Dominion Hills - 68.0 Somerset-Olde Creek
Sleepy Hollow Rec,Week5,Truro,Week4,220.0 Truro - 181.0 Sleepy Hollow Rec
Sleepy Hollow Rec,Week1,Rolling Forest,Week2,227.0 Rolling Forest - 175.0 Sleepy Hollow Rec
Sleepy Hollow Rec,Week5,Truro,Week3,204.5 Sleepy Hollow Rec - 197.5 Truro
Somerset-Olde Creek,Week3,Dominion Hills,Week1,313.0 Dominion Hills - 89.0 Somerset-Olde Creek
Sleepy Hollow Rec,Week4,Truro,Week5,225.0 Truro - 177.0 Sleepy Hollow Rec
South Run,Week1,Crosspointe,Week1,255.0 Crosspointe - 138.0 South Run
Sleepy Hollow Rec,Week4,Parliament,Week1,263.0 Parliament - 139.0 Sleepy Hollow Rec
Somerset-Olde Creek,Week3,Dominion Hills,Week4,324.0 Dominion Hills - 77.0 Somerset-Olde Creek
Sleepy Hollow Rec,Week2,Tuckahoe,Week2,375.0 Tuckahoe - 27.0 Sleepy Hollow Rec
Sleepy Hollow Rec,Week4,Old Keene Mill,Week2,213.0 Old Keene Mill - 189.0 Sleepy Hollow Rec
Sleepy Hollow Rec,Week3,Virginia Run,Week3,278.0 Virginia Run - 124.0 Sleepy Hollow Rec
Sleepy Hollow Rec,Week5,Old Keene Mill,Week1,216.0 Sleepy Hollow Rec - 186.0 Old Keene Mill
Sleepy Hollow Rec,Week1,Parliament,Week5,238.0 Parliament - 164.0 Sleepy Hollow Rec
South Run,Week3,Country Club Hills,Week5,231.0 Country Club Hills - 171.0 South Run
Sleepy Hollow Rec,Week5,Parklawn,Week3,226.0 Sleepy Hollow Rec - 175.0 Parklawn
Sleepy Hollow Rec,Week4,Virginia Run,Week1,324.0 Virginia Run - 78.0 Sleepy Hollow Rec
South Run,Week4,Country Club Hills,Week3,208.0 South Run - 194.0 Country Club Hills
Sleepy Hollow Rec,Week4,Parklawn,Week5,210.0 Parklawn - 192.0 Sleepy Hollow Rec
Somerset-Olde Creek,Week4,Dominion Hills,Week1,311.0 Dominion Hills - 91.0 Somerset-Olde Creek
South Run,Week1,Crosspointe,Week3,260.0 Crosspointe - 133.0 South Run
Somerset-Olde Creek,Week1,Dominion Hills,Week3,311.0 Dominion Hills - 90.0 Somerset-Olde Creek
South Run,Week2,Country Club Hills,Week5,237.0 Country Club Hills - 165.0 South Run
South Run,Week5,Country Club Hills,Week4,242.0 South Run - 160.0 Country Club Hills
Sleepy Hollow Rec,Week1,Orange Hunt,Week1,284.0 Orange Hunt - 118.0 Sleepy Hollow Rec
Sleepy Hollow Rec,Week1,Tuckahoe,Week5,364.5 Tuckahoe - 37.5 Sleepy Hollow Rec
Sleepy Hollow Rec,Week2,Virginia Run,Week4,319.0 Virginia Run - 83.0 Sleepy Hollow Rec
Sleepy Hollow Rec,Week5,Old Keene Mill,Week4,210.0 Sleepy Hollow Rec - 192.0 Old Keene Mill
Sleepy Hollow Rec,Week2,Orange Hunt,Week2,272.0 Orange Hunt - 130.0 Sleepy Hollow Rec
Sleepy Hollow Rec,Week2,Virginia Run,Week3,302.0 Virginia Run - 100.0 Sleepy Hollow Rec
Sleepy Hollow Rec,Week1,Tuckahoe,Week2,374.0 Tuckahoe - 28.0 Sleepy Hollow Rec
Sleepy Hollow Rec,Week3,Parliament,Week2,225.0 Parliament - 177.0 Sleepy Hollow Rec
Sleepy Hollow Rec,Week1,Parliament,Week1,247.0 Parliament - 155.0 Sleepy Hollow Rec
Sleepy Hollow Rec,Week1,Parliament,Week2,244.0 Parliament - 158.0 Sleepy Hollow Rec
Sleepy Hollow Rec,Week2,Tuckahoe,Week4,373.0 Tuckahoe - 29.0 Sleepy Hollow Rec
Sleepy Hollow Rec,Week1,Orange Hunt,Week2,293.0 Orange Hunt - 109.0 Sleepy Hollow Rec
Sleepy Hollow Rec,Week2,Virginia Run,Week2,300.0 Virginia Run - 102.0 Sleepy Hollow Rec
South Run,Week2,Crosspointe,Week3,273.0 Crosspointe - 124.0 South Run
Sleepy Hollow Rec,Week5,Virginia Hills,Week4,331.0 Sleepy Hollow Rec - 71.0 Virginia Hills
Somerset-Olde Creek,Week3,Dominion Hills,Week3,320.0 Dominion Hills - 82.0 Somerset-Olde Creek
Somerset-Olde Creek,Week3,Dominion Hills,Week5,335.0 Dominion Hills - 67.0 Somerset-Olde Creek
Sleepy Hollow Rec,Week5,Truro,Week1,205.0 Truro - 197.0 Sleepy Hollow Rec
Sleepy Hollow Rec,Week3,Tuckahoe,Week3,372.0 Tuckahoe - 30.0 Sleepy Hollow Rec
Somerset-Olde Creek,Week4,Dominion Hills,Week2,330.0 Dominion Hills - 72.0 Somerset-Olde Creek
Sleepy Hollow Rec,Week1,Virginia Run,Week1,309.0 Virginia Run - 93.0 Sleepy Hollow Rec
Sleepy Hollow Rec,Week1,Parliament,Week3,242.5 Parliament - 159.5 Sleepy Hollow Rec
Sleepy Hollow Rec,Week3,Parklawn,Week4,206.0 Parklawn - 195.0 Sleepy Hollow Rec
South Run,Week1,Crosspointe,Week2,246.0 Crosspointe - 147.0 South Run
South Run,Week4,Country Club Hills,Week4,210.0 South Run - 192.0 Country Club Hills
South Run,Week4,Country Club Hills,Week2,209.0 South Run - 193.0 Country Club Hills
Sleepy Hollow Rec,Week5,Truro,Week2,213.0 Sleepy Hollow Rec - 188.0 Truro
Sleepy Hollow Rec,Week5,Old Keene Mill,Week3,206.0 Sleepy Hollow Rec - 196.0 Old Keene Mill
Somerset-Olde Creek,Week1,Dominion Hills,Week4,323.0 Dominion Hills - 75.0 Somerset-Olde Creek
Sleepy Hollow Rec,Week1,Orange Hunt,Week5,309.0 Orange Hunt - 93.0 Sleepy Hollow Rec
Sleepy Hollow Rec,Week2,Virginia Run,Week5,333.0 Virginia Run - 69.0 Sleepy Hollow Rec
Somerset-Olde Creek,Week1,Dominion Hills,Week2,327.0 Dominion Hills - 75.0 Somerset-Olde Creek
Sleepy Hollow Rec,Week4,Old Keene Mill,Week5,224.0 Old Keene Mill - 178.0 Sleepy Hollow Rec
Somerset-Olde Creek,Week2,Dominion Hills,Week3,328.0 Dominion Hills - 74.0 Somerset-Olde Creek
Sleepy Hollow Rec,Week4,Virginia Hills,Week4,317.0 Sleepy Hollow Rec - 85.0 Virginia Hills
Sleepy Hollow Rec,Week2,Parliament,Week2,236.0 Parliament - 162.0 Sleepy Hollow Rec
South Run,Week2,Country Club Hills,Week1,203.0 South Run - 199.0 Country Club Hills
Sleepy Hollow Rec,Week5,Truro,Week5,204.0 Truro - 197.0 Sleepy Hollow Rec
South Run,Week1,Crosspointe,Week4,257.0 Crosspointe - 136.0 South Run
Sleepy Hollow Rec,Week1,Tuckahoe,Week3,377.0 Tuckahoe - 25.0 Sleepy Hollow Rec
Sleepy Hollow Rec,Week2,Orange Hunt,Week4,278.0 Orange Hunt - 124.0 Sleepy Hollow Rec
Sleepy Hollow Rec,Week5,Parklawn,Week2,212.0 Sleepy Hollow Rec - 189.0 Parklawn
Sleepy Hollow Rec,Week2,Orange Hunt,Week1,273.0 Orange Hunt - 129.0 Sleepy Hollow Rec
Sleepy Hollow Rec,Week3,Virginia Run,Week1,288.0 Virginia Run - 114.0 Sleepy Hollow Rec
Sleepy Hollow Rec,Week4,Virginia Run,Week2,314.0 Virginia Run - 88.0 Sleepy Hollow Rec
Somerset-Olde Creek,Week2,Dominion Hills,Week1,322.0 Dominion Hills - 80.0 Somerset-Olde Creek
Sleepy Hollow Rec,Week4,Truro,Week2,206.0 Truro - 196.0 Sleepy Hollow Rec
Sleepy Hollow Rec,Week4,Parklawn,Week1,222.0 Sleepy Hollow Rec - 171.0 Parklawn
Sleepy Hollow Rec,Week5,Old Keene Mill,Week2,203.0 Old Keene Mill - 199.0 Sleepy Hollow Rec
Sleepy Hollow Rec,Week2,Orange Hunt,Week5,296.0 Orange Hunt - 106.0 Sleepy Hollow Rec
South Run,Week5,Country Club Hills,Week3,235.0 South Run - 167.0 Country Club Hills
Sleepy Hollow Rec,Week2,Tuckahoe,Week3,373.0 Tuckahoe - 29.0 Sleepy Hollow Rec
Somerset-Olde Creek,Week4,Fair Oaks ,Week4,326.0 Fair Oaks - 76.0 Somerset-Olde Creek
South Run,Week2,Crosspointe,Week4,267.0 Crosspointe - 135.0 South Run
Somerset-Olde Creek,Week4,Dominion Hills,Week3,314.0 Dominion Hills - 88.0 Somerset-Olde Creek
Sleepy Hollow Rec,Week2,Tuckahoe,Week5,370.0 Tuckahoe - 32.0 Sleepy Hollow Rec
South Run,Week2,Crosspointe,Week2,260.0 Crosspointe - 142.0 South Run
Somerset-Olde Creek,Week2,Fairfax,Week4,354.0 Fairfax - 47.0 Somerset-Olde Creek
Sleepy Hollow Rec,Week4,Virginia Hills,Week5,265.0 Sleepy Hollow Rec - 136.0 Virginia Hills
Somerset-Olde Creek,Week5,Fair Oaks ,Week4,300.0 Fair Oaks - 102.0 Somerset-Olde Creek
Sleepy Hollow Rec,Week3,Parklawn,Week5,206.0 Parklawn - 196.0 Sleepy Hollow Rec
Sleepy Hollow Rec,Week3,Virginia Run,Week2,278.0 Virginia Run - 124.0 Sleepy Hollow Rec
Sleepy Hollow Rec,Week3,Tuckahoe,Week1,359.0 Tuckahoe - 43.0 Sleepy Hollow Rec
Somerset-Olde Creek,Week3,Dominion Hills,Week2,326.0 Dominion Hills - 76.0 Somerset-Olde Creek
Somerset-Olde Creek,Week2,Fairfax,Week5,369.0 Fairfax - 32.0 Somerset-Olde Creek
Sleepy Hollow Rec,Week3,Orange Hunt,Week1,261.0 Orange Hunt - 141.0 Sleepy Hollow Rec
Sleepy Hollow Rec,Week2,Parliament,Week5,249.0 Parliament - 152.0 Sleepy Hollow Rec
Somerset-Olde Creek,Week1,Donaldson Run,Week1,348.0 Donaldson Run - 54.0 Somerset-Olde Creek
Sleepy Hollow Rec,Week2,Orange Hunt,Week3,281.0 Orange Hunt - 121.0 Sleepy Hollow Rec
Somerset-Olde Creek,Week4,Fairfax,Week1,336.0 Fairfax - 66.0 Somerset-Olde Creek
South Run,Week3,Crosspointe,Week2,260.0 Crosspointe - 142.0 South Run
Somerset-Olde Creek,Week5,Dominion Hills,Week4,300.0 Dominion Hills - 101.0 Somerset-Olde Creek
Sleepy Hollow Rec,Week5,Parklawn,Week1,232.0 Sleepy Hollow Rec - 161.0 Parklawn
Somerset-Olde Creek,Week4,Fairfax,Week5,368.0 Fairfax - 33.0 Somerset-Olde Creek
Sleepy Hollow Rec,Week3,Parliament,Week1,243.0 Parliament - 159.0 Sleepy Hollow Rec
South Run,Week2,Crosspointe,Week5,292.0 Crosspointe - 110.0 South Run
Sleepy Hollow Rec,Week5,Parklawn,Week4,202.0 Sleepy Hollow Rec - 199.0 Parklawn
Sleepy Hollow Rec,Week1,Orange Hunt,Week4,289.0 Orange Hunt - 113.0 Sleepy Hollow Rec
Sleepy Hollow Rec,Week3,Tuckahoe,Week2,372.0 Tuckahoe - 30.0 Sleepy Hollow Rec
Sleepy Hollow Rec,Week3,Truro,Week5,202.0 Sleepy Hollow Rec - 200.0 Truro
South Run,Week3,Crosspointe,Week3,274.0 Crosspointe - 128.0 South Run
Sleepy Hollow Rec,Week4,Virginia Run,Week3,301.0 Virginia Run - 101.0 Sleepy Hollow Rec
Sleepy Hollow Rec,Week1,Tuckahoe,Week1,367.0 Tuckahoe - 35.0 Sleepy Hollow Rec
Sleepy Hollow Rec,Week3,Orange Hunt,Week4,258.0 Orange Hunt - 144.0 Sleepy Hollow Rec
Sleepy Hollow Rec,Week4,Virginia Run,Week4,329.0 Virginia Run - 73.0 Sleepy Hollow Rec
Sleepy Hollow Rec,Week1,Tuckahoe,Week4,376.0 Tuckahoe - 26.0 Sleepy Hollow Rec
Somerset-Olde Creek,Week5,Fairfax,Week1,327.0 Fairfax - 75.0 Somerset-Olde Creek
South Run,Week2,Crosspointe,Week1,280.5 Crosspointe - 121.5 South Run
Somerset-Olde Creek,Week5,Dominion Hills,Week3,290.0 Dominion Hills - 112.0 Somerset-Olde Creek
Sleepy Hollow Rec,Week1,Orange Hunt,Week3,310.0 Orange Hunt - 92.0 Sleepy Hollow Rec
Somerset-Olde Creek,Week5,Dominion Hills,Week1,290.0 Dominion Hills - 112.0 Somerset-Olde Creek
Sleepy Hollow Rec,Week3,Virginia Run,Week4,279.0 Virginia Run - 123.0 Sleepy Hollow Rec
Sleepy Hollow Rec,Week3,Virginia Run,Week5,303.0 Virginia Run - 99.0 Sleepy Hollow Rec
Sleepy Hollow Rec,Week2,Parliament,Week4,241.0 Parliament - 160.0 Sleepy Hollow Rec
Somerset-Olde Creek,Week2,Donaldson Run,Week2,360.0 Donaldson Run - 42.0 Somerset-Olde Creek
Sleepy Hollow Rec,Week5,Wakefield Chapel,Week5,346.0 Wakefield Chapel - 56.0 Sleepy Hollow Rec
South Run,Week4,Crosspointe,Week1,277.0 Crosspointe - 125.0 South Run
Somerset-Olde Creek,Week1,Donaldson Run,Week5,361.0 Donaldson Run - 40.0 Somerset-Olde Creek
Somerset-Olde Creek,Week1,Fairfax,Week4,354.0 Fairfax - 47.0 Somerset-Olde Creek
Somerset-Olde Creek,Week2,Donaldson Run,Week3,366.0 Donaldson Run - 36.0 Somerset-Olde Creek
Sleepy Hollow Rec,Week3,Orange Hunt,Week5,271.0 Orange Hunt - 131.0 Sleepy Hollow Rec
Sleepy Hollow Rec,Week4,Truro,Week1,233.0 Truro - 169.0 Sleepy Hollow Rec
Somerset-Olde Creek,Week4,Fairfax,Week3,345.0 Fairfax - 56.0 Somerset-Olde Creek
Sleepy Hollow Rec,Week2,Wakefield Chapel,Week4,344.0 Wakefield Chapel - 58.0 Sleepy Hollow Rec
Sleepy Hollow Rec,Week3,Orange Hunt,Week3,271.0 Orange Hunt - 131.0 Sleepy Hollow Rec
Somerset-Olde Creek,Week4,Fairfax,Week4,344.0 Fairfax - 57.0 Somerset-Olde Creek
Sleepy Hollow Rec,Week1,Wakefield Chapel,Week1,339.0 Wakefield Chapel - 63.0 Sleepy Hollow Rec
Sleepy Hollow Rec,Week3,Parliament,Week3,230.0 Parliament - 172.0 Sleepy Hollow Rec
Sleepy Hollow Rec,Week5,Tuckahoe,Week3,369.5 Tuckahoe - 32.5 Sleepy Hollow Rec
Somerset-Olde Creek,Week1,Fairfax,Week5,365.0 Fairfax - 36.0 Somerset-Olde Creek
Somerset-Olde Creek,Week3,Fairfax,Week3,355.0 Fairfax - 46.0 Somerset-Olde Creek
Sleepy Hollow Rec,Week5,Virginia Run,Week1,290.0 Virginia Run - 112.0 Sleepy Hollow Rec
Sleepy Hollow Rec,Week4,Tuckahoe,Week1,368.0 Tuckahoe - 34.0 Sleepy Hollow Rec
Sleepy Hollow Rec,Week5,Parklawn,Week5,208.0 Parklawn - 192.0 Sleepy Hollow Rec
Somerset-Olde Creek,Week2,Donaldson Run,Week1,362.5 Donaldson Run - 39.5 Somerset-Olde Creek
Sleepy Hollow Rec,Week5,Virginia Run,Week3,277.0 Virginia Run - 125.0 Sleepy Hollow Rec
South Run,Week5,Crosspointe,Week5,265.0 Crosspointe - 137.0 South Run
South Run,Week4,Daventry,Week2,267.0 South Run - 130.0 Daventry
Somerset-Olde Creek,Week2,Dowden Terrace,Week4,330.0 Dowden Terrace - 67.0 Somerset-Olde Creek
Sleepy Hollow Rec,Week4,Tuckahoe,Week3,380.0 Tuckahoe - 22.0 Sleepy Hollow Rec
Sleepy Hollow Rec,Week4,Orange Hunt,Week1,272.0 Orange Hunt - 130.0 Sleepy Hollow Rec
Sleepy Hollow Rec,Week4,Parklawn,Week2,207.0 Parklawn - 195.0 Sleepy Hollow Rec
Sleepy Hollow Rec,Week4,Orange Hunt,Week2,269.0 Orange Hunt - 133.0 Sleepy Hollow Rec
Somerset-Olde Creek,Week1,Donaldson Run,Week4,353.0 Donaldson Run - 49.0 Somerset-Olde Creek
Sleepy Hollow Rec,Week4,Parklawn,Week4,219.0 Parklawn - 182.0 Sleepy Hollow Rec
Sleepy Hollow Rec,Week5,Old Keene Mill,Week5,216.0 Old Keene Mill - 186.0 Sleepy Hollow Rec
Sleepy Hollow Rec,Week4,Wakefield Chapel,Week1,345.0 Wakefield Chapel - 57.0 Sleepy Hollow Rec
South Run,Week5,Crosspointe,Week3,243.5 Crosspointe - 158.5 South Run
Sleepy Hollow Rec,Week3,Orange Hunt,Week2,266.0 Orange Hunt - 136.0 Sleepy Hollow Rec
South Run,Week3,Crosspointe,Week1,275.0 Crosspointe - 127.0 South Run
Sleepy Hollow Rec,Week5,Vienna Aquatic,Week1,329.0 Vienna Aquatic - 73.0 Sleepy Hollow Rec
South Run,Week5,Crosspointe,Week1,258.0 Crosspointe - 144.0 South Run
Sleepy Hollow Rec,Week4,Truro,Week3,210.0 Truro - 192.0 Sleepy Hollow Rec
Sleepy Hollow Rec,Week3,Tuckahoe,Week4,372.0 Tuckahoe - 30.0 Sleepy Hollow Rec
Somerset-Olde Creek,Week2,Fairfax,Week1,350.0 Fairfax - 52.0 Somerset-Olde Creek
Sleepy Hollow Rec,Week1,Parliament,Week4,242.0 Parliament - 160.0 Sleepy Hollow Rec
Sleepy Hollow Rec,Week2,Parliament,Week1,257.0 Parliament - 144.0 Sleepy Hollow Rec
Somerset-Olde Creek,Week2,Fairfax,Week2,354.0 Fairfax - 48.0 Somerset-Olde Creek
Sleepy Hollow Rec,Week3,Parliament,Week4,223.0 Parliament - 179.0 Sleepy Hollow Rec
South Run,Week4,Crosspointe,Week4,272.0 Crosspointe - 130.0 South Run
Sleepy Hollow Rec,Week2,Wakefield Chapel,Week1,344.0 Wakefield Chapel - 58.0 Sleepy Hollow Rec
Sleepy Hollow Rec,Week4,Orange Hunt,Week3,285.0 Orange Hunt - 117.0 Sleepy Hollow Rec
Somerset-Olde Creek,Week2,Fairfax Club Estates,Week1,288.0 Fairfax Club Estates - 113.0 Somerset-Olde Creek
Somerset-Olde Creek,Week3,Dowden Terrace,Week2,310.0 Dowden Terrace - 87.0 Somerset-Olde Creek
Somerset-Olde Creek,Week4,Donaldson Run,Week3,365.0 Donaldson Run - 37.0 Somerset-Olde Creek
Sleepy Hollow Rec,Week4,Orange Hunt,Week4,280.5 Orange Hunt - 121.5 Sleepy Hollow Rec
Sleepy Hollow Rec,Week3,Wakefield Chapel,Week3,340.0 Wakefield Chapel - 62.0 Sleepy Hollow Rec
South Run,Week3,Crosspointe,Week5,287.0 Crosspointe - 115.0 South Run
South Run,Week4,Crosspointe,Week5,294.0 Crosspointe - 108.0 South Run
Sleepy Hollow Rec,Week2,Vienna Aquatic,Week2,337.0 Vienna Aquatic - 65.0 Sleepy Hollow Rec
Sleepy Hollow Rec,Week1,Vienna Aquatic,Week1,338.0 Vienna Aquatic - 64.0 Sleepy Hollow Rec
Sleepy Hollow Rec,Week3,Parliament,Week5,235.0 Parliament - 167.0 Sleepy Hollow Rec
Somerset-Olde Creek,Week3,Donaldson Run,Week1,361.0 Donaldson Run - 41.0 Somerset-Olde Creek
Sleepy Hollow Rec,Week3,Wakefield Chapel,Week2,334.0 Wakefield Chapel - 68.0 Sleepy Hollow Rec
Sleepy Hollow Rec,Week3,Pinecrest,Week5,301.0 Pinecrest - 101.0 Sleepy Hollow Rec
Sleepy Hollow Rec,Week4,Overlee,Week1,365.0 Overlee - 37.0 Sleepy Hollow Rec
Sleepy Hollow Rec,Week2,Parliament,Week3,244.0 Parliament - 158.0 Sleepy Hollow Rec
Somerset-Olde Creek,Week5,Fair Oaks ,Week1,309.0 Fair Oaks - 93.0 Somerset-Olde Creek
Somerset-Olde Creek,Week4,Fair Oaks ,Week2,314.0 Fair Oaks - 88.0 Somerset-Olde Creek
Sleepy Hollow Rec,Week4,Orange Hunt,Week5,300.0 Orange Hunt - 102.0 Sleepy Hollow Rec
Sleepy Hollow Rec,Week4,Parklawn,Week3,208.0 Sleepy Hollow Rec - 194.0 Parklawn
Somerset-Olde Creek,Week4,Fair Oaks ,Week5,336.0 Fair Oaks - 66.0 Somerset-Olde Creek
Sleepy Hollow Rec,Week5,Vienna Aquatic,Week3,339.0 Vienna Aquatic - 63.0 Sleepy Hollow Rec
Somerset-Olde Creek,Week4,Donaldson Run,Week5,368.0 Donaldson Run - 34.0 Somerset-Olde Creek
Sleepy Hollow Rec,Week3,Wakefield Chapel,Week4,342.0 Wakefield Chapel - 60.0 Sleepy Hollow Rec
Sleepy Hollow Rec,Week2,Wakefield Chapel,Week3,351.0 Wakefield Chapel - 51.0 Sleepy Hollow Rec
South Run,Week3,Daventry,Week4,288.0 South Run - 112.0 Daventry
Sleepy Hollow Rec,Week5,Tuckahoe,Week5,360.0 Tuckahoe - 42.0 Sleepy Hollow Rec
Somerset-Olde Creek,Week1,Fairfax,Week2,348.0 Fairfax - 54.0 Somerset-Olde Creek
South Run,Week2,Daventry,Week5,246.5 South Run - 152.5 Daventry
Sleepy Hollow Rec,Week4,Overlee,Week5,395.0 Overlee - 7.0 Sleepy Hollow Rec
Sleepy Hollow Rec,Week2,Vienna Aquatic,Week5,360.0 Vienna Aquatic - 41.0 Sleepy Hollow Rec
South Run,Week3,Daventry,Week1,293.0 South Run - 109.0 Daventry
Somerset-Olde Creek,Week1,Fairfax,Week1,350.0 Fairfax - 52.0 Somerset-Olde Creek
Sleepy Hollow Rec,Week1,Parklawn,Week1,220.0 Sleepy Hollow Rec - 173.0 Parklawn
Sleepy Hollow Rec,Week4,Overlee,Week2,382.0 Overlee - 20.0 Sleepy Hollow Rec
Somerset-Olde Creek,Week1,Dowden Terrace,Week3,304.0 Dowden Terrace - 98.0 Somerset-Olde Creek
Sleepy Hollow Rec,Week5,Wakefield Chapel,Week3,341.0 Wakefield Chapel - 61.0 Sleepy Hollow Rec
Somerset-Olde Creek,Week1,Dowden Terrace,Week4,311.0 Dowden Terrace - 86.0 Somerset-Olde Creek
Somerset-Olde Creek,Week1,Dowden Terrace,Week5,332.0 Dowden Terrace - 70.0 Somerset-Olde Creek
Sleepy Hollow Rec,Week5,Parliament,Week5,236.0 Parliament - 165.0 Sleepy Hollow Rec
South Run,Week1,Daventry,Week5,263.0 South Run - 129.0 Daventry
Sleepy Hollow Rec,Week1,Vienna Aquatic,Week5,356.0 Vienna Aquatic - 46.0 Sleepy Hollow Rec
Somerset-Olde Creek,Week4,Donaldson Run,Week2,359.0 Donaldson Run - 43.0 Somerset-Olde Creek
Somerset-Olde Creek,Week5,Fair Oaks ,Week3,305.0 Fair Oaks - 97.0 Somerset-Olde Creek
Sleepy Hollow Rec,Week4,Wakefield Chapel,Week3,362.0 Wakefield Chapel - 40.0 Sleepy Hollow Rec
South Run,Week1,Daventry,Week3,268.0 South Run - 124.0 Daventry
Sleepy Hollow Rec,Week5,Orange Hunt,Week2,256.0 Orange Hunt - 146.0 Sleepy Hollow Rec
Sleepy Hollow Rec,Week5,Wakefield Chapel,Week2,328.0 Wakefield Chapel - 74.0 Sleepy Hollow Rec
Sleepy Hollow Rec,Week4,Pinecrest,Week4,325.0 Pinecrest - 77.0 Sleepy Hollow Rec
Sleepy Hollow Rec,Week2,Vienna Aquatic,Week3,351.0 Vienna Aquatic - 51.0 Sleepy Hollow Rec
Somerset-Olde Creek,Week5,Fair Oaks ,Week2,284.0 Fair Oaks - 118.0 Somerset-Olde Creek
Sleepy Hollow Rec,Week3,Pinecrest,Week3,293.0 Pinecrest - 109.0 Sleepy Hollow Rec
Sleepy Hollow Rec,Week5,Wakefield Chapel,Week1,337.0 Wakefield Chapel - 65.0 Sleepy Hollow Rec
Sleepy Hollow Rec,Week4,Parliament,Week3,255.0 Parliament - 147.0 Sleepy Hollow Rec
Somerset-Olde Creek,Week4,Fair Oaks ,Week1,322.0 Fair Oaks - 80.0 Somerset-Olde Creek
Somerset-Olde Creek,Week1,Fairfax,Week3,342.0 Fairfax - 58.0 Somerset-Olde Creek
Sleepy Hollow Rec,Week5,Tuckahoe,Week2,370.0 Tuckahoe - 32.0 Sleepy Hollow Rec
Sleepy Hollow Rec,Week5,Parliament,Week1,250.0 Parliament - 151.0 Sleepy Hollow Rec
Sleepy Hollow Rec,Week3,Vienna Aquatic,Week5,348.0 Vienna Aquatic - 54.0 Sleepy Hollow Rec
Sleepy Hollow Rec,Week4,Overlee,Week4,391.0 Overlee - 11.0 Sleepy Hollow Rec
Somerset-Olde Creek,Week3,Dowden Terrace,Week1,304.0 Dowden Terrace - 94.0 Somerset-Olde Creek
Sleepy Hollow Rec,Week1,Vienna Aquatic,Week2,346.0 Vienna Aquatic - 56.0 Sleepy Hollow Rec
Sleepy Hollow Rec,Week5,Overlee,Week2,356.0 Overlee - 46.0 Sleepy Hollow Rec
Sleepy Hollow Rec,Week4,Parliament,Week4,246.0 Parliament - 156.0 Sleepy Hollow Rec
Somerset-Olde Creek,Week5,Fair Oaks ,Week5,309.0 Fair Oaks - 93.0 Somerset-Olde Creek
Sleepy Hollow Rec,Week2,Vienna Aquatic,Week1,350.0 Vienna Aquatic - 52.0 Sleepy Hollow Rec
Somerset-Olde Creek,Week5,Donaldson Run,Week4,346.0 Donaldson Run - 56.0 Somerset-Olde Creek
Somerset-Olde Creek,Week3,Fairfax,Week1,357.0 Fairfax - 45.0 Somerset-Olde Creek
Somerset-Olde Creek,Week3,Donaldson Run,Week2,354.0 Donaldson Run - 48.0 Somerset-Olde Creek
Sleepy Hollow Rec,Week5,Parliament,Week2,222.0 Parliament - 176.0 Sleepy Hollow Rec
Sleepy Hollow Rec,Week3,Overlee,Week4,381.0 Overlee - 21.0 Sleepy Hollow Rec
South Run,Week4,Crosspointe,Week2,271.0 Crosspointe - 131.0 South Run
Somerset-Olde Creek,Week2,Dowden Terrace,Week3,332.0 Dowden Terrace - 70.0 Somerset-Olde Creek
Somerset-Olde Creek,Week2,Dowden Terrace,Week1,318.0 Dowden Terrace - 80.0 Somerset-Olde Creek
South Run,Week2,Daventry,Week1,263.0 South Run - 137.0 Daventry
South Run,Week2,Daventry,Week2,256.0 South Run - 140.0 Daventry
Sleepy Hollow Rec,Week4,Parliament,Week2,232.0 Parliament - 170.0 Sleepy Hollow Rec
Sleepy Hollow Rec,Week4,Wakefield Chapel,Week5,366.0 Wakefield Chapel - 36.0 Sleepy Hollow Rec
Sleepy Hollow Rec,Week4,Pinecrest,Week1,305.5 Pinecrest - 96.5 Sleepy Hollow Rec
Sleepy Hollow Rec,Week4,Tuckahoe,Week5,375.0 Tuckahoe - 27.0 Sleepy Hollow Rec
Sleepy Hollow Rec,Week5,Pinecrest,Week2,307.0 Pinecrest - 95.0 Sleepy Hollow Rec
Sleepy Hollow Rec,Week2,Wakefield Chapel,Week2,348.0 Wakefield Chapel - 54.0 Sleepy Hollow Rec
South Run,Week5,Crosspointe,Week2,233.5 Crosspointe - 168.5 South Run
Somerset-Olde Creek,Week2,Fairfax,Week3,356.0 Fairfax - 45.0 Somerset-Olde Creek
South Run,Week1,Daventry,Week2,267.5 South Run - 121.5 Daventry
Sleepy Hollow Rec,Week3,Overlee,Week1,349.0 Overlee - 53.0 Sleepy Hollow Rec
Sleepy Hollow Rec,Week5,Overlee,Week1,344.0 Overlee - 58.0 Sleepy Hollow Rec
South Run,Week2,Daventry,Week3,253.0 South Run - 143.0 Daventry
Somerset-Olde Creek,Week3,Fairfax,Week4,359.0 Fairfax - 42.0 Somerset-Olde Creek
Somerset-Olde Creek,Week4,Donaldson Run,Week4,360.0 Donaldson Run - 42.0 Somerset-Olde Creek
Sleepy Hollow Rec,Week5,Virginia Run,Week5,310.0 Virginia Run - 92.0 Sleepy Hollow Rec
Sleepy Hollow Rec,Week2,Wakefield Chapel,Week5,358.0 Wakefield Chapel - 44.0 Sleepy Hollow Rec
Sleepy Hollow Rec,Week2,Pinecrest,Week1,307.0 Pinecrest - 95.0 Sleepy Hollow Rec
Sleepy Hollow Rec,Week3,Wakefield Chapel,Week5,351.0 Wakefield Chapel - 51.0 Sleepy Hollow Rec
Sleepy Hollow Rec,Week1,Wakefield Chapel,Week3,336.0 Wakefield Chapel - 66.0 Sleepy Hollow Rec
Somerset-Olde Creek,Week4,Fair Oaks ,Week3,327.0 Fair Oaks - 75.0 Somerset-Olde Creek
Sleepy Hollow Rec,Week4,Vienna Aquatic,Week1,362.0 Vienna Aquatic - 40.0 Sleepy Hollow Rec
Sleepy Hollow Rec,Week2,Overlee,Week4,385.0 Overlee - 17.0 Sleepy Hollow Rec
Sleepy Hollow Rec,Week1,Wakefield Chapel,Week2,331.0 Wakefield Chapel - 71.0 Sleepy Hollow Rec
Somerset-Olde Creek,Week1,Dowden Terrace,Week1,302.0 Dowden Terrace - 96.0 Somerset-Olde Creek
Sleepy Hollow Rec,Week1,Overlee,Week5,388.0 Overlee - 14.0 Sleepy Hollow Rec
South Run,Week1,Daventry,Week4,272.0 South Run - 120.0 Daventry
Sleepy Hollow Rec,Week3,Vienna Aquatic,Week4,330.0 Vienna Aquatic - 72.0 Sleepy Hollow Rec
Sleepy Hollow Rec,Week2,Vienna Aquatic,Week4,342.5 Vienna Aquatic - 59.5 Sleepy Hollow Rec
Sleepy Hollow Rec,Week1,Wakefield Chapel,Week5,343.0 Wakefield Chapel - 59.0 Sleepy Hollow Rec
Sleepy Hollow Rec,Week1,Overlee,Week1,366.0 Overlee - 36.0 Sleepy Hollow Rec
Sleepy Hollow Rec,Week1,Pinecrest,Week2,310.0 Pinecrest - 92.0 Sleepy Hollow Rec
Somerset-Olde Creek,Week5,Donaldson Run,Week1,341.0 Donaldson Run - 61.0 Somerset-Olde Creek
Sleepy Hollow Rec,Week5,Virginia Run,Week4,287.0 Virginia Run - 115.0 Sleepy Hollow Rec
Somerset-Olde Creek,Week4,Donaldson Run,Week1,359.0 Donaldson Run - 43.0 Somerset-Olde Creek
Somerset-Olde Creek,Week5,Donaldson Run,Week2,342.0 Donaldson Run - 60.0 Somerset-Olde Creek
Sleepy Hollow Rec,Week3,Vienna Aquatic,Week1,328.0 Vienna Aquatic - 74.0 Sleepy Hollow Rec
Sleepy Hollow Rec,Week5,Tuckahoe,Week4,373.0 Tuckahoe - 29.0 Sleepy Hollow Rec
Sleepy Hollow Rec,Week1,Overlee,Week4,384.0 Overlee - 18.0 Sleepy Hollow Rec
Somerset-Olde Creek,Week3,Fairfax,Week2,354.0 Fairfax - 48.0 Somerset-Olde Creek
South Run,Week5,Crosspointe,Week4,245.0 Crosspointe - 157.0 South Run
Somerset-Olde Creek,Week3,Fairfax,Week5,371.0 Fairfax - 30.0 Somerset-Olde Creek
Sleepy Hollow Rec,Week2,Pinecrest,Week2,314.0 Pinecrest - 88.0 Sleepy Hollow Rec
South Run,Week3,Daventry,Week2,281.0 South Run - 117.0 Daventry
Sleepy Hollow Rec,Week5,Orange Hunt,Week5,272.5 Orange Hunt - 129.5 Sleepy Hollow Rec
Somerset-Olde Creek,Week4,Fairfax,Week2,347.0 Fairfax - 55.0 Somerset-Olde Creek
Sleepy Hollow Rec,Week3,Wakefield Chapel,Week1,336.0 Wakefield Chapel - 66.0 Sleepy Hollow Rec
Sleepy Hollow Rec,Week1,Pinecrest,Week1,312.0 Pinecrest - 90.0 Sleepy Hollow Rec
Somerset-Olde Creek,Week3,Donaldson Run,Week3,366.0 Donaldson Run - 36.0 Somerset-Olde Creek
Sleepy Hollow Rec,Week1,Overlee,Week2,369.0 Overlee - 33.0 Sleepy Hollow Rec
South Run,Week4,Crosspointe,Week3,271.0 Crosspointe - 131.0 South Run
Somerset-Olde Creek,Week5,Fairfax,Week5,360.0 Fairfax - 41.0 Somerset-Olde Creek
Sleepy Hollow Rec,Week3,Vienna Aquatic,Week3,344.0 Vienna Aquatic - 58.0 Sleepy Hollow Rec
Somerset-Olde Creek,Week3,Donaldson Run,Week4,357.0 Donaldson Run - 45.0 Somerset-Olde Creek
Somerset-Olde Creek,Week3,Donaldson Run,Week5,362.0 Donaldson Run - 35.0 Somerset-Olde Creek
Somerset-Olde Creek,Week5,Fairfax,Week3,339.0 Fairfax - 62.0 Somerset-Olde Creek
Sleepy Hollow Rec,Week4,Wakefield Chapel,Week2,354.5 Wakefield Chapel - 47.5 Sleepy Hollow Rec
Sleepy Hollow Rec,Week5,Wakefield Chapel,Week4,328.0 Wakefield Chapel - 74.0 Sleepy Hollow Rec
Sleepy Hollow Rec,Week5,Orange Hunt,Week1,258.0 Orange Hunt - 144.0 Sleepy Hollow Rec
Sleepy Hollow Rec,Week3,Vienna Aquatic,Week2,323.0 Vienna Aquatic - 79.0 Sleepy Hollow Rec
South Run,Week3,Daventry,Week3,283.0 South Run - 117.0 Daventry
South Run,Week3,Daventry,Week5,260.0 South Run - 141.0 Daventry
Sleepy Hollow Rec,Week4,Parliament,Week5,252.0 Parliament - 150.0 Sleepy Hollow Rec
Sleepy Hollow Rec,Week1,Overlee,Week3,360.0 Overlee - 42.0 Sleepy Hollow Rec
Sleepy Hollow Rec,Week4,Wakefield Chapel,Week4,359.0 Wakefield Chapel - 43.0 Sleepy Hollow Rec
Sleepy Hollow Rec,Week2,Pinecrest,Week4,329.0 Pinecrest - 73.0 Sleepy Hollow Rec
Sleepy Hollow Rec,Week5,Parliament,Week3,237.0 Parliament - 165.0 Sleepy Hollow Rec
Somerset-Olde Creek,Week5,Donaldson Run,Week3,351.0 Donaldson Run - 51.0 Somerset-Olde Creek
South Run,Week1,Daventry,Week1,276.0 South Run - 117.0 Daventry
Sleepy Hollow Rec,Week2,Overlee,Week2,376.0 Overlee - 26.0 Sleepy Hollow Rec
Sleepy Hollow Rec,Week4,Vienna Aquatic,Week2,357.0 Vienna Aquatic - 45.0 Sleepy Hollow Rec
Somerset-Olde Creek,Week1,Fairfax Club Estates,Week1,277.0 Fairfax Club Estates - 120.0 Somerset-Olde Creek
Sleepy Hollow Rec,Week1,Wakefield Chapel,Week4,325.0 Wakefield Chapel - 77.0 Sleepy Hollow Rec
Somerset-Olde Creek,Week1,Fairfax Club Estates,Week2,262.0 Fairfax Club Estates - 136.0 Somerset-Olde Creek
Sleepy Hollow Rec,Week1,Vienna Aquatic,Week4,344.0 Vienna Aquatic - 58.0 Sleepy Hollow Rec
South Run,Week4,Daventry,Week1,277.0 South Run - 123.0 Daventry
Somerset-Olde Creek,Week2,Donaldson Run,Week5,366.0 Donaldson Run - 31.0 Somerset-Olde Creek
Sleepy Hollow Rec,Week1,Pinecrest,Week3,322.0 Pinecrest - 80.0 Sleepy Hollow Rec
Sleepy Hollow Rec,Week3,Overlee,Week3,342.0 Overlee - 60.0 Sleepy Hollow Rec
Sleepy Hollow Rec,Week1,Walden Glen,Week2,232.0 Walden Glen - 170.0 Sleepy Hollow Rec
Sleepy Hollow Rec,Week4,Vienna Aquatic,Week5,373.0 Vienna Aquatic - 29.0 Sleepy Hollow Rec
Sleepy Hollow Rec,Week2,Overlee,Week1,368.5 Overlee - 33.5 Sleepy Hollow Rec
Sleepy Hollow Rec,Week1,Pinecrest,Week5,316.0 Pinecrest - 86.0 Sleepy Hollow Rec
Somerset-Olde Creek,Week2,Dowden Terrace,Week2,319.0 Dowden Terrace - 73.0 Somerset-Olde Creek
Sleepy Hollow Rec,Week5,Vienna Aquatic,Week2,331.0 Vienna Aquatic - 71.0 Sleepy Hollow Rec
Sleepy Hollow Rec,Week4,Vienna Aquatic,Week3,363.0 Vienna Aquatic - 39.0 Sleepy Hollow Rec
Somerset-Olde Creek,Week3,Fairfax Club Estates,Week2,274.0 Fairfax Club Estates - 124.0 Somerset-Olde Creek
Sleepy Hollow Rec,Week5,Tuckahoe,Week1,363.0 Tuckahoe - 39.0 Sleepy Hollow Rec
South Run,Week4,Daventry,Week3,264.0 South Run - 132.0 Daventry
South Run,Week5,Dominion Hills,Week1,218.0 South Run - 184.0 Dominion Hills
Sleepy Hollow Rec,Week5,Orange Hunt,Week4,257.0 Orange Hunt - 145.0 Sleepy Hollow Rec
Somerset-Olde Creek,Week5,Fairfax,Week4,343.0 Fairfax - 58.0 Somerset-Olde Creek
South Run,Week4,Daventry,Week4,270.0 South Run - 127.0 Daventry
Sleepy Hollow Rec,Week5,Vienna Aquatic,Week4,336.0 Vienna Aquatic - 66.0 Sleepy Hollow Rec
Somerset-Olde Creek,Week3,Dowden Terrace,Week4,315.0 Dowden Terrace - 82.0 Somerset-Olde Creek
South Run,Week2,Dominion Hills,Week1,226.0 Dominion Hills - 176.0 South Run
Somerset-Olde Creek,Week2,Fairfax Club Estates,Week5,294.0 Fairfax Club Estates - 103.0 Somerset-Olde Creek
Sleepy Hollow Rec,Week3,Overlee,Week2,365.0 Overlee - 37.0 Sleepy Hollow Rec
Sleepy Hollow Rec,Week3,Walden Glen,Week1,214.0 Sleepy Hollow Rec - 188.0 Walden Glen
Sleepy Hollow Rec,Week3,Pinecrest,Week4,298.0 Pinecrest - 104.0 Sleepy Hollow Rec
Somerset-Olde Creek,Week1,Fairfax Club Estates,Week4,286.0 Fairfax Club Estates - 114.0 Somerset-Olde Creek
Sleepy Hollow Rec,Week3,Pinecrest,Week2,298.0 Pinecrest - 104.0 Sleepy Hollow Rec
South Run,Week4,Dominion Hills,Week3,227.0 Dominion Hills - 175.0 South Run
Somerset-Olde Creek,Week3,Dowden Terrace,Week3,317.0 Dowden Terrace - 85.0 Somerset-Olde Creek
Sleepy Hollow Rec,Week2,Pinecrest,Week5,324.0 Pinecrest - 78.0 Sleepy Hollow Rec
Sleepy Hollow Rec,Week5,Parliament,Week4,219.0 Parliament - 182.0 Sleepy Hollow Rec
Sleepy Hollow Rec,Week1,Waynewood,Week4,306.0 Waynewood - 96.0 Sleepy Hollow Rec
Sleepy Hollow Rec,Week1,Vienna Aquatic,Week3,351.0 Vienna Aquatic - 51.0 Sleepy Hollow Rec
Sleepy Hollow Rec,Week2,Waynewood,Week2,306.0 Waynewood - 96.0 Sleepy Hollow Rec
Sleepy Hollow Rec,Week2,Overlee,Week5,388.0 Overlee - 14.0 Sleepy Hollow Rec
Somerset-Olde Creek,Week1,Fairfax Club Estates,Week5,267.0 Fairfax Club Estates - 128.0 Somerset-Olde Creek
South Run,Week2,Daventry,Week4,254.0 South Run - 142.0 Daventry
Sleepy Hollow Rec,Week1,Walden Glen,Week3,234.0 Walden Glen - 168.0 Sleepy Hollow Rec
Sleepy Hollow Rec,Week4,Vienna Aquatic,Week4,357.0 Vienna Aquatic - 45.0 Sleepy Hollow Rec
Somerset-Olde Creek,Week1,Dowden Terrace,Week2,310.0 Dowden Terrace - 87.0 Somerset-Olde Creek
Somerset-Olde Creek,Week1,Fairfax Club Estates,Week3,274.0 Fairfax Club Estates - 120.0 Somerset-Olde Creek
Somerset-Olde Creek,Week5,Fairfax,Week2,339.0 Fairfax - 63.0 Somerset-Olde Creek
Sleepy Hollow Rec,Week1,Walden Glen,Week4,230.5 Walden Glen - 171.5 Sleepy Hollow Rec
Sleepy Hollow Rec,Week3,Pinecrest,Week1,290.0 Pinecrest - 112.0 Sleepy Hollow Rec
Somerset-Olde Creek,Week5,Donaldson Run,Week5,355.0 Donaldson Run - 47.0 Somerset-Olde Creek
Sleepy Hollow Rec,Week5,Orange Hunt,Week3,268.0 Orange Hunt - 134.0 Sleepy Hollow Rec
Sleepy Hollow Rec,Week1,Walden Glen,Week1,211.0 Sleepy Hollow Rec - 191.0 Walden Glen
Somerset-Olde Creek,Week2,Dowden Terrace,Week5,342.0 Dowden Terrace - 60.0 Somerset-Olde Creek
South Run,Week4,Dominion Hills,Week1,218.0 Dominion Hills - 184.0 South Run
Sleepy Hollow Rec,Week2,Overlee,Week3,362.0 Overlee - 40.0 Sleepy Hollow Rec
Sleepy Hollow Rec,Week2,Pinecrest,Week3,326.0 Pinecrest - 76.0 Sleepy Hollow Rec
Sleepy Hollow Rec,Week1,Pinecrest,Week4,308.0 Pinecrest - 94.0 Sleepy Hollow Rec
Sleepy Hollow Rec,Week1,Waynewood,Week2,306.0 Waynewood - 96.0 Sleepy Hollow Rec
Sleepy Hollow Rec,Week5,Overlee,Week3,339.0 Overlee - 63.0 Sleepy Hollow Rec
Somerset-Olde Creek,Week4,Fairfax Club Estates,Week3,263.0 Fairfax Club Estates - 138.0 Somerset-Olde Creek
Somerset-Olde Creek,Week3,Dunn Loring,Week5,368.0 Dunn Loring - 34.0 Somerset-Olde Creek
Sleepy Hollow Rec,Week4,Pinecrest,Week2,317.0 Pinecrest - 85.0 Sleepy Hollow Rec
Sleepy Hollow Rec,Week5,Vienna Aquatic,Week5,347.0 Vienna Aquatic - 54.0 Sleepy Hollow Rec
Sleepy Hollow Rec,Week1,Vienna Woods,Week1,338.0 Vienna Woods - 59.0 Sleepy Hollow Rec
Somerset-Olde Creek,Week3,Dunn Loring,Week3,363.0 Dunn Loring - 39.0 Somerset-Olde Creek
Somerset-Olde Creek,Week3,Fairfax Club Estates,Week3,286.0 Fairfax Club Estates - 110.0 Somerset-Olde Creek
Somerset-Olde Creek,Week1,Dunn Loring,Week2,367.0 Dunn Loring - 35.0 Somerset-Olde Creek
Sleepy Hollow Rec,Week4,Overlee,Week3,364.0 Overlee - 38.0 Sleepy Hollow Rec
Somerset-Olde Creek,Week4,Fairfax Club Estates,Week1,286.0 Fairfax Club Estates - 116.0 Somerset-Olde Creek
Sleepy Hollow Rec,Week3,Overlee,Week5,382.0 Overlee - 20.0 Sleepy Hollow Rec
Sleepy Hollow Rec,Week3,Waynewood,Week1,282.0 Waynewood - 120.0 Sleepy Hollow Rec
Somerset-Olde Creek,Week4,Dowden Terrace,Week5,334.0 Dowden Terrace - 68.0 Somerset-Olde Creek
South Run,Week2,Dominion Hills,Week4,236.0 Dominion Hills - 161.0 South Run
Sleepy Hollow Rec,Week5,Walden Glen,Week4,233.0 Walden Glen - 169.0 Sleepy Hollow Rec
Sleepy Hollow Rec,Week4,Pinecrest,Week3,324.0 Pinecrest - 78.0 Sleepy Hollow Rec
Sleepy Hollow Rec,Week1,Vienna Woods,Week2,339.0 Vienna Woods - 63.0 Sleepy Hollow Rec
South Run,Week5,Dominion Hills,Week5,228.0 Dominion Hills - 174.0 South Run
South Run,Week5,Daventry,Week5,285.0 South Run - 117.0 Daventry
Sleepy Hollow Rec,Week1,Vienna Woods,Week3,349.0 Vienna Woods - 53.0 Sleepy Hollow Rec
Sleepy Hollow Rec,Week5,Overlee,Week4,378.0 Overlee - 24.0 Sleepy Hollow Rec
South Run,Week4,Dominion Hills,Week4,224.0 Dominion Hills - 178.0 South Run
Somerset-Olde Creek,Week4,Fairfax Club Estates,Week5,280.0 Fairfax Club Estates - 113.0 Somerset-Olde Creek
South Run,Week1,Donaldson Run,Week4,255.0 Donaldson Run - 138.0 South Run
Sleepy Hollow Rec,Week2,Walden Glen,Week3,227.0 Walden Glen - 174.0 Sleepy Hollow Rec
Somerset-Olde Creek,Week1,Dunn Loring,Week3,361.0 Dunn Loring - 41.0 Somerset-Olde Creek
Sleepy Hollow Rec,Week5,Pinecrest,Week1,288.0 Pinecrest - 114.0 Sleepy Hollow Rec
Somerset-Olde Creek,Week4,Dowden Terrace,Week1,308.0 Dowden Terrace - 85.0 Somerset-Olde Creek
Sleepy Hollow Rec,Week5,Overlee,Week5,377.0 Overlee - 25.0 Sleepy Hollow Rec
Sleepy Hollow Rec,Week5,Pinecrest,Week3,317.0 Pinecrest - 85.0 Sleepy Hollow Rec
Somerset-Olde Creek,Week5,Fairfax Club Estates,Week3,252.0 Fairfax Club Estates - 146.0 Somerset-Olde Creek
Sleepy Hollow Rec,Week4,Walden Glen,Week2,234.0 Walden Glen - 167.0 Sleepy Hollow Rec
Sleepy Hollow Rec,Week4,Walden Glen,Week3,236.0 Walden Glen - 166.0 Sleepy Hollow Rec
Sleepy Hollow Rec,Week2,Walden Glen,Week2,229.0 Walden Glen - 172.0 Sleepy Hollow Rec
Sleepy Hollow Rec,Week4,Pinecrest,Week5,314.0 Pinecrest - 88.0 Sleepy Hollow Rec
Somerset-Olde Creek,Week1,Dunn Loring,Week4,359.0 Dunn Loring - 42.0 Somerset-Olde Creek
Sleepy Hollow Rec,Week2,Vienna Woods,Week5,363.0 Vienna Woods - 39.0 Sleepy Hollow Rec
Sleepy Hollow Rec,Week5,Pinecrest,Week4,299.0 Pinecrest - 103.0 Sleepy Hollow Rec
Sleepy Hollow Rec,Week5,Vienna Woods,Week1,334.0 Vienna Woods - 68.0 Sleepy Hollow Rec
Sleepy Hollow Rec,Week1,Parklawn,Week2,213.0 Parklawn - 189.0 Sleepy Hollow Rec
Sleepy Hollow Rec,Week1,Parklawn,Week4,225.0 Parklawn - 172.0 Sleepy Hollow Rec
Sleepy Hollow Rec,Week1,Parklawn,Week3,202.0 Sleepy Hollow Rec - 200.0 Parklawn
Somerset-Olde Creek,Week3,Fairfax Club Estates,Week4,291.0 Fairfax Club Estates - 105.0 Somerset-Olde Creek
South Run,Week5,Daventry,Week4,292.0 South Run - 110.0 Daventry
South Run,Week1,Dominion Hills,Week4,220.0 Dominion Hills - 173.0 South Run
Somerset-Olde Creek,Week5,Fairfax Club Estates,Week1,263.0 Fairfax Club Estates - 138.0 Somerset-Olde Creek
Sleepy Hollow Rec,Week5,Vienna Woods,Week3,343.0 Vienna Woods - 59.0 Sleepy Hollow Rec
Somerset-Olde Creek,Week5,Dowden Terrace,Week1,284.0 Dowden Terrace - 114.0 Somerset-Olde Creek
South Run,Week2,Dominion Hills,Week3,218.0 Dominion Hills - 184.0 South Run
South Run,Week1,Dominion Hills,Week3,199.0 South Run - 194.0 Dominion Hills
Somerset-Olde Creek,Week5,Fairfax Club Estates,Week5,270.0 Fairfax Club Estates - 126.0 Somerset-Olde Creek
Sleepy Hollow Rec,Week5,Pinecrest,Week5,307.0 Pinecrest - 95.0 Sleepy Hollow Rec
Sleepy Hollow Rec,Week2,Villa Aquatic,Week2,247.0 Villa Aquatic - 155.0 Sleepy Hollow Rec
Sleepy Hollow Rec,Week3,Walden Glen,Week3,202.0 Sleepy Hollow Rec - 200.0 Walden Glen
Sleepy Hollow Rec,Week3,Parklawn,Week2,209.0 Sleepy Hollow Rec - 193.0 Parklawn
Somerset-Olde Creek,Week2,Fairfax Club Estates,Week4,288.0 Fairfax Club Estates - 108.0 Somerset-Olde Creek
Somerset-Olde Creek,Week2,Dunn Loring,Week1,341.0 Dunn Loring - 56.0 Somerset-Olde Creek
South Run,Week2,Dominion Hills,Week5,247.0 Dominion Hills - 155.0 South Run
Sleepy Hollow Rec,Week2,Parklawn,Week1,227.0 Sleepy Hollow Rec - 166.0 Parklawn
Sleepy Hollow Rec,Week5,Walden Glen,Week2,214.0 Walden Glen - 188.0 Sleepy Hollow Rec
Sleepy Hollow Rec,Week1,Vienna Woods,Week5,352.0 Vienna Woods - 50.0 Sleepy Hollow Rec
Sleepy Hollow Rec,Week3,Walden Glen,Week2,208.0 Walden Glen - 193.0 Sleepy Hollow Rec
Somerset-Olde Creek,Week2,Dunn Loring,Week3,361.0 Dunn Loring - 41.0 Somerset-Olde Creek
Sleepy Hollow Rec,Week3,Parklawn,Week3,217.5 Sleepy Hollow Rec - 184.5 Parklawn
Sleepy Hollow Rec,Week2,Parklawn,Week4,213.0 Parklawn - 187.0 Sleepy Hollow Rec
Sleepy Hollow Rec,Week1,Pinewood Lake,Week3,344.0 Sleepy Hollow Rec - 55.0 Pinewood Lake
Somerset-Olde Creek,Week1,Dunn Loring,Week1,334.0 Dunn Loring - 68.0 Somerset-Olde Creek
Sleepy Hollow Rec,Week2,Pinewood Lake,Week4,342.0 Sleepy Hollow Rec - 52.0 Pinewood Lake
Sleepy Hollow Rec,Week1,Pinewood Lake,Week2,334.0 Sleepy Hollow Rec - 66.0 Pinewood Lake
Sleepy Hollow Rec,Week2,Parklawn,Week5,211.0 Parklawn - 189.0 Sleepy Hollow Rec
South Run,Week4,Daventry,Week5,255.0 South Run - 140.0 Daventry
Sleepy Hollow Rec,Week2,Vienna Woods,Week1,352.0 Vienna Woods - 50.0 Sleepy Hollow Rec
Somerset-Olde Creek,Week4,Dowden Terrace,Week3,313.0 Dowden Terrace - 89.0 Somerset-Olde Creek
Sleepy Hollow Rec,Week1,Waynewood,Week1,291.0 Waynewood - 111.0 Sleepy Hollow Rec
Sleepy Hollow Rec,Week2,Walden Glen,Week1,204.0 Walden Glen - 198.0 Sleepy Hollow Rec
Sleepy Hollow Rec,Week3,Pinewood Lake,Week4,354.0 Sleepy Hollow Rec - 45.0 Pinewood Lake
Somerset-Olde Creek,Week3,Fairfax Club Estates,Week1,282.0 Fairfax Club Estates - 113.0 Somerset-Olde Creek
Sleepy Hollow Rec,Week3,Walden Glen,Week4,213.0 Walden Glen - 189.0 Sleepy Hollow Rec
South Run,Week1,Dominion Hills,Week2,205.0 Dominion Hills - 188.0 South Run
Somerset-Olde Creek,Week5,Fairfax Club Estates,Week4,272.0 Fairfax Club Estates - 129.0 Somerset-Olde Creek
Somerset-Olde Creek,Week4,Dowden Terrace,Week2,304.0 Dowden Terrace - 98.0 Somerset-Olde Creek
Somerset-Olde Creek,Week5,Dowden Terrace,Week3,299.0 Dowden Terrace - 103.0 Somerset-Olde Creek
Sleepy Hollow Rec,Week3,Pinewood Lake,Week3,360.0 Sleepy Hollow Rec - 39.0 Pinewood Lake
Somerset-Olde Creek,Week2,Fairfax Club Estates,Week3,285.0 Fairfax Club Estates - 114.0 Somerset-Olde Creek
Somerset-Olde Creek,Week3,Fairfax Club Estates,Week5,288.0 Fairfax Club Estates - 108.0 Somerset-Olde Creek
Sleepy Hollow Rec,Week2,Villa Aquatic,Week4,288.5 Villa Aquatic - 113.5 Sleepy Hollow Rec
Sleepy Hollow Rec,Week2,Parklawn,Week2,205.0 Parklawn - 196.0 Sleepy Hollow Rec
South Run,Week3,Dominion Hills,Week3,213.0 Dominion Hills - 189.0 South Run
Somerset-Olde Creek,Week5,Fairfax Club Estates,Week2,248.0 Fairfax Club Estates - 152.0 Somerset-Olde Creek
Sleepy Hollow Rec,Week4,Vienna Woods,Week4,337.5 Vienna Woods - 64.5 Sleepy Hollow Rec
South Run,Week5,Daventry,Week1,292.0 South Run - 110.0 Daventry
Sleepy Hollow Rec,Week3,Villa Aquatic,Week2,216.0 Villa Aquatic - 186.0 Sleepy Hollow Rec
Sleepy Hollow Rec,Week1,Pinewood Lake,Week1,348.0 Sleepy Hollow Rec - 45.0 Pinewood Lake
Sleepy Hollow Rec,Week1,Parklawn,Week5,225.0 Parklawn - 172.0 Sleepy Hollow Rec
Sleepy Hollow Rec,Week1,Walden Glen,Week5,264.0 Walden Glen - 138.0 Sleepy Hollow Rec
Somerset-Olde Creek,Week5,Dunn Loring,Week1,324.0 Dunn Loring - 78.0 Somerset-Olde Creek
Sleepy Hollow Rec,Week4,Vienna Woods,Week5,369.0 Vienna Woods - 33.0 Sleepy Hollow Rec
Somerset-Olde Creek,Week4,Fairfax Club Estates,Week2,266.0 Fairfax Club Estates - 135.0 Somerset-Olde Creek
Sleepy Hollow Rec,Week2,Parklawn,Week3,220.0 Sleepy Hollow Rec - 181.0 Parklawn
Sleepy Hollow Rec,Week3,Vienna Woods,Week2,325.0 Vienna Woods - 77.0 Sleepy Hollow Rec
Somerset-Olde Creek,Week5,Dowden Terrace,Week4,297.0 Dowden Terrace - 105.0 Somerset-Olde Creek
Sleepy Hollow Rec,Week4,Walden Glen,Week5,271.0 Walden Glen - 131.0 Sleepy Hollow Rec
Sleepy Hollow Rec,Week1,Pleasant Valley,Week4,254.0 Sleepy Hollow Rec - 148.0 Pleasant Valley
South Run,Week5,Daventry,Week3,294.0 South Run - 107.0 Daventry
Sleepy Hollow Rec,Week3,Parklawn,Week1,236.0 Sleepy Hollow Rec - 157.0 Parklawn
Sleepy Hollow Rec,Week3,Vienna Woods,Week4,314.0 Vienna Woods - 88.0 Sleepy Hollow Rec
Somerset-Olde Creek,Week1,Fairfax Station,Week2,370.0 Fairfax Station - 32.0 Somerset-Olde Creek
Sleepy Hollow Rec,Week2,Walden Glen,Week4,238.5 Walden Glen - 163.5 Sleepy Hollow Rec
Sleepy Hollow Rec,Week5,Pinewood Lake,Week5,343.0 Sleepy Hollow Rec - 54.0 Pinewood Lake
Sleepy Hollow Rec,Week5,Highlands Swim,Week1,341.0 Highlands Swim - 61.0 Sleepy Hollow Rec
Somerset-Olde Creek,Week5,Dowden Terrace,Week2,286.0 Dowden Terrace - 116.0 Somerset-Olde Creek
Sleepy Hollow Rec,Week2,Vienna Woods,Week3,356.0 Vienna Woods - 46.0 Sleepy Hollow Rec
South Run,Week3,Dominion Hills,Week2,221.0 Dominion Hills - 181.0 South Run
Somerset-Olde Creek,Week4,Fairfax Club Estates,Week4,280.0 Fairfax Club Estates - 121.0 Somerset-Olde Creek
Sleepy Hollow Rec,Week2,Vienna Woods,Week2,349.0 Vienna Woods - 53.0 Sleepy Hollow Rec
Somerset-Olde Creek,Week1,Fairfax Station,Week1,368.0 Fairfax Station - 34.0 Somerset-Olde Creek
Somerset-Olde Creek,Week4,Dowden Terrace,Week4,316.0 Dowden Terrace - 86.0 Somerset-Olde Creek
Sleepy Hollow Rec,Week4,Walden Glen,Week1,206.0 Walden Glen - 196.0 Sleepy Hollow Rec
South Run,Week2,Dominion Hills,Week2,231.0 Dominion Hills - 171.0 South Run
Sleepy Hollow Rec,Week4,Pinewood Lake,Week2,356.0 Sleepy Hollow Rec - 42.0 Pinewood Lake
Sleepy Hollow Rec,Week5,Walden Glen,Week1,218.0 Sleepy Hollow Rec - 184.0 Walden Glen
South Run,Week1,Dominion Hills,Week1,197.0 South Run - 196.0 Dominion Hills
South Run,Week5,Daventry,Week2,302.0 South Run - 99.0 Daventry
Sleepy Hollow Rec,Week2,Walden Glen,Week5,271.0 Walden Glen - 131.0 Sleepy Hollow Rec
Somerset-Olde Creek,Week1,Fairfax Station,Week4,359.0 Fairfax Station - 42.0 Somerset-Olde Creek
Sleepy Hollow Rec,Week4,Walden Glen,Week4,234.0 Walden Glen - 168.0 Sleepy Hollow Rec
Somerset-Olde Creek,Week1,Dunn Loring,Week5,359.0 Dunn Loring - 43.0 Somerset-Olde Creek
Somerset-Olde Creek,Week5,Dowden Terrace,Week5,315.0 Dowden Terrace - 87.0 Somerset-Olde Creek
South Run,Week1,Dominion Hills,Week5,220.0 Dominion Hills - 173.0 South Run
South Run,Week3,Dominion Hills,Week5,251.0 Dominion Hills - 151.0 South Run
Sleepy Hollow Rec,Week5,Walden Glen,Week3,223.0 Walden Glen - 178.0 Sleepy Hollow Rec
Sleepy Hollow Rec,Week1,Pleasant Valley,Week1,217.0 Sleepy Hollow Rec - 180.0 Pleasant Valley
South Run,Week3,Dominion Hills,Week1,209.0 Dominion Hills - 193.0 South Run
Somerset-Olde Creek,Week1,Fairfax Station,Week3,373.0 Fairfax Station - 27.0 Somerset-Olde Creek
Sleepy Hollow Rec,Week2,Pinewood Lake,Week5,330.0 Sleepy Hollow Rec - 64.0 Pinewood Lake
South Run,Week3,Dominion Hills,Week4,234.0 Dominion Hills - 168.0 South Run
Somerset-Olde Creek,Week3,Dowden Terrace,Week5,335.0 Dowden Terrace - 67.0 Somerset-Olde Creek
Sleepy Hollow Rec,Week3,Pleasant Valley,Week4,277.0 Sleepy Hollow Rec - 125.0 Pleasant Valley
Sleepy Hollow Rec,Week3,Pleasant Valley,Week3,237.0 Sleepy Hollow Rec - 165.0 Pleasant Valley
Somerset-Olde Creek,Week2,Dunn Loring,Week4,368.0 Dunn Loring - 34.0 Somerset-Olde Creek
Sleepy Hollow Rec,Week4,Vienna Woods,Week1,346.0 Vienna Woods - 56.0 Sleepy Hollow Rec
Somerset-Olde Creek,Week2,Dunn Loring,Week5,366.0 Dunn Loring - 36.0 Somerset-Olde Creek
Somerset-Olde Creek,Week2,Fairfax Club Estates,Week2,271.0 Fairfax Club Estates - 128.0 Somerset-Olde Creek
Sleepy Hollow Rec,Week1,Villa Aquatic,Week1,245.0 Villa Aquatic - 157.0 Sleepy Hollow Rec
Sleepy Hollow Rec,Week3,Pleasant Valley,Week1,262.0 Sleepy Hollow Rec - 140.0 Pleasant Valley
Sleepy Hollow Rec,Week5,Walden Glen,Week5,251.0 Walden Glen - 151.0 Sleepy Hollow Rec
Somerset-Olde Creek,Week2,Fairfax Station,Week4,359.0 Fairfax Station - 43.0 Somerset-Olde Creek
Sleepy Hollow Rec,Week1,Villa Aquatic,Week2,243.0 Villa Aquatic - 159.0 Sleepy Hollow Rec
Sleepy Hollow Rec,Week3,Vienna Woods,Week5,352.0 Vienna Woods - 50.0 Sleepy Hollow Rec
South Run,Week5,Dominion Hills,Week3,216.0 South Run - 186.0 Dominion Hills
Sleepy Hollow Rec,Week1,Vienna Woods,Week4,327.0 Vienna Woods - 75.0 Sleepy Hollow Rec
South Run,Week5,Dominion Hills,Week2,203.0 South Run - 199.0 Dominion Hills
Sleepy Hollow Rec,Week1,Villa Aquatic,Week3,290.0 Villa Aquatic - 112.0 Sleepy Hollow Rec
Sleepy Hollow Rec,Week1,Waynewood,Week5,336.0 Waynewood - 66.0 Sleepy Hollow Rec
Somerset-Olde Creek,Week2,Dunn Loring,Week2,369.0 Dunn Loring - 33.0 Somerset-Olde Creek
Somerset-Olde Creek,Week2,Fairfax Station,Week2,365.0 Fairfax Station - 37.0 Somerset-Olde Creek
South Run,Week4,Dominion Hills,Week2,223.0 Dominion Hills - 179.0 South Run
South Run,Week4,Dominion Hills,Week5,249.0 Dominion Hills - 153.0 South Run
Somerset-Olde Creek,Week2,Forest Hollow,Week4,342.0 Forest Hollow - 60.0 Somerset-Olde Creek
Sleepy Hollow Rec,Week3,Walden Glen,Week5,244.0 Walden Glen - 158.0 Sleepy Hollow Rec
Sleepy Hollow Rec,Week2,Vienna Woods,Week4,332.0 Vienna Woods - 70.0 Sleepy Hollow Rec
Sleepy Hollow Rec,Week2,Waynewood,Week3,320.0 Waynewood - 82.0 Sleepy Hollow Rec
Sleepy Hollow Rec,Week4,Vienna Woods,Week2,349.0 Vienna Woods - 53.0 Sleepy Hollow Rec
Sleepy Hollow Rec,Week3,Pinewood Lake,Week5,338.0 Sleepy Hollow Rec - 62.0 Pinewood Lake
Somerset-Olde Creek,Week3,Fairfax Station,Week3,368.0 Fairfax Station - 33.0 Somerset-Olde Creek
Sleepy Hollow Rec,Week3,Vienna Woods,Week3,350.0 Vienna Woods - 52.0 Sleepy Hollow Rec
Somerset-Olde Creek,Week3,Dunn Loring,Week1,342.0 Dunn Loring - 55.0 Somerset-Olde Creek
Somerset-Olde Creek,Week5,Fairfax Station,Week2,342.0 Fairfax Station - 60.0 Somerset-Olde Creek
Somerset-Olde Creek,Week3,Dunn Loring,Week2,364.0 Dunn Loring - 38.0 Somerset-Olde Creek
Somerset-Olde Creek,Week5,Fairfax Station,Week3,357.0 Fairfax Station - 44.0 Somerset-Olde Creek
Sleepy Hollow Rec,Week2,Pinewood Lake,Week1,354.0 Sleepy Hollow Rec - 42.0 Pinewood Lake
Sleepy Hollow Rec,Week1,Waynewood,Week3,318.0 Waynewood - 84.0 Sleepy Hollow Rec
South Run,Week1,Donaldson Run,Week2,269.0 Donaldson Run - 124.0 South Run
Sleepy Hollow Rec,Week5,Pinewood Lake,Week4,345.0 Sleepy Hollow Rec - 51.0 Pinewood Lake
Sleepy Hollow Rec,Week4,Pinewood Lake,Week3,353.0 Sleepy Hollow Rec - 45.0 Pinewood Lake
Sleepy Hollow Rec,Week2,Waynewood,Week4,304.0 Waynewood - 98.0 Sleepy Hollow Rec
Somerset-Olde Creek,Week5,Fairfax Station,Week1,356.0 Fairfax Station - 46.0 Somerset-Olde Creek
Sleepy Hollow Rec,Week2,Waynewood,Week5,332.0 Waynewood - 70.0 Sleepy Hollow Rec
Sleepy Hollow Rec,Week2,Waynewood,Week1,295.0 Waynewood - 107.0 Sleepy Hollow Rec
Somerset-Olde Creek,Week4,Dunn Loring,Week4,365.0 Dunn Loring - 37.0 Somerset-Olde Creek
Sleepy Hollow Rec,Week3,Pinewood Lake,Week1,359.0 Sleepy Hollow Rec - 41.0 Pinewood Lake
Somerset-Olde Creek,Week4,Dunn Loring,Week3,361.0 Dunn Loring - 41.0 Somerset-Olde Creek
Somerset-Olde Creek,Week2,Fairfax Station,Week1,360.0 Fairfax Station - 42.0 Somerset-Olde Creek
Somerset-Olde Creek,Week3,Dunn Loring,Week4,363.0 Dunn Loring - 39.0 Somerset-Olde Creek
Sleepy Hollow Rec,Week5,Vienna Woods,Week4,321.0 Vienna Woods - 81.0 Sleepy Hollow Rec
South Run,Week1,Donaldson Run,Week1,253.0 Donaldson Run - 140.0 South Run
Sleepy Hollow Rec,Week4,Vienna Woods,Week3,364.0 Vienna Woods - 38.0 Sleepy Hollow Rec
Sleepy Hollow Rec,Week2,Pleasant Valley,Week4,265.0 Sleepy Hollow Rec - 132.0 Pleasant Valley
Somerset-Olde Creek,Week4,Dunn Loring,Week1,336.0 Dunn Loring - 66.0 Somerset-Olde Creek
Sleepy Hollow Rec,Week3,Vienna Woods,Week1,333.0 Vienna Woods - 69.0 Sleepy Hollow Rec
South Run,Week5,Dominion Hills,Week4,216.0 Dominion Hills - 186.0 South Run
Somerset-Olde Creek,Week3,Fairfax Station,Week4,355.0 Fairfax Station - 47.0 Somerset-Olde Creek
Somerset-Olde Creek,Week4,Dunn Loring,Week2,364.0 Dunn Loring - 38.0 Somerset-Olde Creek
Sleepy Hollow Rec,Week2,Pleasant Valley,Week5,224.0 Sleepy Hollow Rec - 177.0 Pleasant Valley
Sleepy Hollow Rec,Week3,Waynewood,Week4,305.0 Waynewood - 97.0 Sleepy Hollow Rec
South Run,Week1,Donaldson Run,Week3,270.0 Donaldson Run - 123.0 South Run
Sleepy Hollow Rec,Week2,Pinewood Lake,Week3,349.0 Sleepy Hollow Rec - 46.0 Pinewood Lake
Somerset-Olde Creek,Week4,Fairfax Station,Week5,366.0 Fairfax Station - 36.0 Somerset-Olde Creek
Somerset-Olde Creek,Week4,Dunn Loring,Week5,364.0 Dunn Loring - 38.0 Somerset-Olde Creek
South Run,Week3,Fairfax Station,Week1,258.0 Fairfax Station - 144.0 South Run
Sleepy Hollow Rec,Week1,Villa Aquatic,Week4,284.5 Villa Aquatic - 117.5 Sleepy Hollow Rec
Somerset-Olde Creek,Week1,Fairfax Station,Week5,378.0 Fairfax Station - 24.0 Somerset-Olde Creek
Sleepy Hollow Rec,Week3,Woodley,Week2,231.0 Sleepy Hollow Rec - 171.0 Woodley
Sleepy Hollow Rec,Week1,Villa Aquatic,Week5,290.0 Villa Aquatic - 112.0 Sleepy Hollow Rec
Sleepy Hollow Rec,Week5,Vienna Woods,Week5,346.0 Vienna Woods - 56.0 Sleepy Hollow Rec
Somerset-Olde Creek,Week1,Fair Oaks ,Week2,306.0 Fair Oaks - 96.0 Somerset-Olde Creek
Somerset-Olde Creek,Week3,Fairfax Station,Week1,365.0 Fairfax Station - 37.0 Somerset-Olde Creek
South Run,Week2,Donaldson Run,Week1,277.0 Donaldson Run - 125.0 South Run
Somerset-Olde Creek,Week4,Fairfax Station,Week1,363.0 Fairfax Station - 39.0 Somerset-Olde Creek
Sleepy Hollow Rec,Week5,Waynewood,Week5,319.0 Waynewood - 83.0 Sleepy Hollow Rec
Somerset-Olde Creek,Week1,Fair Oaks ,Week1,320.0 Fair Oaks - 82.0 Somerset-Olde Creek
South Run,Week5,Fairfax Club Estates,Week4,248.0 South Run - 154.0 Fairfax Club Estates
South Run,Week2,Donaldson Run,Week2,291.0 Donaldson Run - 111.0 South Run
Sleepy Hollow Rec,Week5,Waynewood,Week4,291.0 Waynewood - 111.0 Sleepy Hollow Rec
Somerset-Olde Creek,Week2,Fair Oaks ,Week4,324.0 Fair Oaks - 78.0 Somerset-Olde Creek
Sleepy Hollow Rec,Week4,Pinewood Lake,Week4,349.0 Sleepy Hollow Rec - 49.0 Pinewood Lake
Sleepy Hollow Rec,Week1,Pinewood Lake,Week5,326.0 Sleepy Hollow Rec - 73.0 Pinewood Lake
Sleepy Hollow Rec,Week4,Waynewood,Week5,336.0 Waynewood - 66.0 Sleepy Hollow Rec
South Run,Week1,Donaldson Run,Week5,278.0 Donaldson Run - 110.0 South Run
Sleepy Hollow Rec,Week5,Pinewood Lake,Week2,344.0 Sleepy Hollow Rec - 52.0 Pinewood Lake
Sleepy Hollow Rec,Week5,Vienna Woods,Week2,335.0 Vienna Woods - 67.0 Sleepy Hollow Rec
Sleepy Hollow Rec,Week1,Pleasant Valley,Week2,228.0 Sleepy Hollow Rec - 169.0 Pleasant Valley
South Run,Week3,Donaldson Run,Week1,283.0 Donaldson Run - 119.0 South Run
Sleepy Hollow Rec,Week1,Pinewood Lake,Week4,335.0 Sleepy Hollow Rec - 64.0 Pinewood Lake
Sleepy Hollow Rec,Week2,Villa Aquatic,Week3,281.0 Villa Aquatic - 121.0 Sleepy Hollow Rec
South Run,Week1,Fairfax Station,Week1,234.0 Fairfax Station - 159.0 South Run
South Run,Week2,Donaldson Run,Week4,278.0 Donaldson Run - 124.0 South Run
Somerset-Olde Creek,Week5,Fairfax Station,Week4,336.0 Fairfax Station - 66.0 Somerset-Olde Creek
Sleepy Hollow Rec,Week3,Waynewood,Week2,295.0 Waynewood - 107.0 Sleepy Hollow Rec
South Run,Week2,Donaldson Run,Week3,287.0 Donaldson Run - 115.0 South Run
Sleepy Hollow Rec,Week2,Villa Aquatic,Week1,253.0 Villa Aquatic - 149.0 Sleepy Hollow Rec
Sleepy Hollow Rec,Week5,Waynewood,Week1,276.0 Waynewood - 126.0 Sleepy Hollow Rec
South Run,Week1,Fairfax Station,Week2,244.0 Fairfax Station - 149.0 South Run
Somerset-Olde Creek,Week5,Dunn Loring,Week3,357.0 Dunn Loring - 45.0 Somerset-Olde Creek
Somerset-Olde Creek,Week5,Dunn Loring,Week4,360.0 Dunn Loring - 42.0 Somerset-Olde Creek
Somerset-Olde Creek,Week3,Fairfax Station,Week2,369.0 Fairfax Station - 33.0 Somerset-Olde Creek
Sleepy Hollow Rec,Week2,Pinewood Lake,Week2,335.0 Sleepy Hollow Rec - 60.0 Pinewood Lake
South Run,Week2,Fairfax Station,Week5,290.0 Fairfax Station - 112.0 South Run
South Run,Week3,Donaldson Run,Week2,288.0 Donaldson Run - 114.0 South Run
Sleepy Hollow Rec,Week1,Woodley,Week3,206.0 Sleepy Hollow Rec - 196.0 Woodley
Somerset-Olde Creek,Week5,Fairfax Station,Week5,359.0 Fairfax Station - 43.0 Somerset-Olde Creek
Sleepy Hollow Rec,Week2,Woodley,Week5,220.0 Sleepy Hollow Rec - 182.0 Woodley
Sleepy Hollow Rec,Week2,Villa Aquatic,Week5,294.0 Villa Aquatic - 108.0 Sleepy Hollow Rec
South Run,Week2,Fairfax Station,Week4,267.0 Fairfax Station - 135.0 South Run
Sleepy Hollow Rec,Week1,Little Hunting Park,Week1,236.0 Little Hunting Park - 166.0 Sleepy Hollow Rec
Somerset-Olde Creek,Week2,Fairfax Station,Week3,367.0 Fairfax Station - 35.0 Somerset-Olde Creek
Sleepy Hollow Rec,Week3,Villa Aquatic,Week1,233.0 Villa Aquatic - 169.0 Sleepy Hollow Rec
Somerset-Olde Creek,Week2,Fair Oaks ,Week2,319.0 Fair Oaks - 83.0 Somerset-Olde Creek
Sleepy Hollow Rec,Week4,Pinewood Lake,Week5,341.0 Sleepy Hollow Rec - 58.0 Pinewood Lake
Somerset-Olde Creek,Week1,Forest Hollow,Week1,331.0 Forest Hollow - 69.0 Somerset-Olde Creek
South Run,Week3,Fairfax Station,Week4,263.0 Fairfax Station - 139.0 South Run
Somerset-Olde Creek,Week3,Fair Oaks ,Week5,331.0 Fair Oaks - 71.0 Somerset-Olde Creek
Sleepy Hollow Rec,Week1,Village West,Week3,216.0 Village West - 186.0 Sleepy Hollow Rec
Sleepy Hollow Rec,Week4,Lincolnia Park,Week5,233.0 Sleepy Hollow Rec - 159.0 Lincolnia Park
Sleepy Hollow Rec,Week1,Pleasant Valley,Week3,214.0 Sleepy Hollow Rec - 188.0 Pleasant Valley
Sleepy Hollow Rec,Week2,Little Hunting Park,Week5,228.0 Little Hunting Park - 174.0 Sleepy Hollow Rec
Sleepy Hollow Rec,Week2,Woodley,Week4,227.0 Sleepy Hollow Rec - 175.0 Woodley
Sleepy Hollow Rec,Week5,Pinewood Lake,Week3,348.0 Sleepy Hollow Rec - 47.0 Pinewood Lake
Somerset-Olde Creek,Week2,Fair Oaks ,Week3,330.0 Fair Oaks - 72.0 Somerset-Olde Creek
South Run,Week5,Fairfax Club Estates,Week2,269.0 South Run - 133.0 Fairfax Club Estates
Sleepy Hollow Rec,Week3,Villa Aquatic,Week5,263.0 Villa Aquatic - 139.0 Sleepy Hollow Rec
South Run,Week3,Donaldson Run,Week4,279.0 Donaldson Run - 123.0 South Run
South Run,Week1,Forest Hollow,Week5,216.0 Forest Hollow - 177.0 South Run
Sleepy Hollow Rec,Week3,Lincolnia Park,Week2,283.0 Sleepy Hollow Rec - 110.0 Lincolnia Park
Somerset-Olde Creek,Week1,Forest Hollow,Week3,328.0 Forest Hollow - 74.0 Somerset-Olde Creek
Sleepy Hollow Rec,Week3,Villa Aquatic,Week3,273.0 Villa Aquatic - 129.0 Sleepy Hollow Rec
Sleepy Hollow Rec,Week5,Villa Aquatic,Week3,265.0 Villa Aquatic - 137.0 Sleepy Hollow Rec
South Run,Week3,Donaldson Run,Week3,289.5 Donaldson Run - 112.5 South Run
Somerset-Olde Creek,Week3,Fair Oaks ,Week3,328.0 Fair Oaks - 74.0 Somerset-Olde Creek
Sleepy Hollow Rec,Week4,Lincolnia Park,Week3,235.0 Sleepy Hollow Rec - 158.0 Lincolnia Park
Sleepy Hollow Rec,Week4,Pinewood Lake,Week1,352.0 Sleepy Hollow Rec - 43.0 Pinewood Lake
South Run,Week1,Forest Hollow,Week3,212.0 Forest Hollow - 181.0 South Run
Sleepy Hollow Rec,Week5,Waynewood,Week2,300.0 Waynewood - 102.0 Sleepy Hollow Rec
Somerset-Olde Creek,Week4,Fairfax Station,Week4,352.0 Fairfax Station - 50.0 Somerset-Olde Creek
Somerset-Olde Creek,Week3,Fair Oaks ,Week2,312.0 Fair Oaks - 89.0 Somerset-Olde Creek
Sleepy Hollow Rec,Week3,Pinewood Lake,Week2,351.0 Sleepy Hollow Rec - 48.0 Pinewood Lake
South Run,Week2,Donaldson Run,Week5,306.0 Donaldson Run - 91.0 South Run
South Run,Week5,Fairfax Club Estates,Week3,262.0 South Run - 140.0 Fairfax Club Estates
Sleepy Hollow Rec,Week4,Woodley,Week2,228.0 Sleepy Hollow Rec - 174.0 Woodley
Sleepy Hollow Rec,Week2,Pleasant Valley,Week1,234.0 Sleepy Hollow Rec - 167.0 Pleasant Valley
South Run,Week5,Fairfax Club Estates,Week1,260.0 South Run - 142.0 Fairfax Club Estates
Sleepy Hollow Rec,Week3,Woodley,Week4,238.0 Sleepy Hollow Rec - 164.0 Woodley
Sleepy Hollow Rec,Week5,Lincolnia Park,Week2,285.0 Sleepy Hollow Rec - 108.0 Lincolnia Park
South Run,Week4,Donaldson Run,Week2,296.0 Donaldson Run - 106.0 South Run
Somerset-Olde Creek,Week4,Fairfax Station,Week3,365.0 Fairfax Station - 37.0 Somerset-Olde Creek
Sleepy Hollow Rec,Week5,Pinewood Lake,Week1,355.0 Sleepy Hollow Rec - 42.0 Pinewood Lake
Somerset-Olde Creek,Week3,Fair Oaks ,Week1,322.0 Fair Oaks - 80.0 Somerset-Olde Creek
Somerset-Olde Creek,Week1,Fair Oaks ,Week3,318.0 Fair Oaks - 83.0 Somerset-Olde Creek
Somerset-Olde Creek,Week4,Fairfax Station,Week2,360.5 Fairfax Station - 36.5 Somerset-Olde Creek
Sleepy Hollow Rec,Week1,Village West,Week2,206.0 Village West - 196.0 Sleepy Hollow Rec
Sleepy Hollow Rec,Week3,Lincolnia Park,Week1,295.0 Sleepy Hollow Rec - 107.0 Lincolnia Park
South Run,Week4,Donaldson Run,Week1,288.0 Donaldson Run - 114.0 South Run
Sleepy Hollow Rec,Week1,Woodley,Week1,219.0 Sleepy Hollow Rec - 183.0 Woodley
Somerset-Olde Creek,Week1,Forest Hollow,Week4,328.0 Forest Hollow - 74.0 Somerset-Olde Creek
South Run,Week3,Donaldson Run,Week5,303.0 Donaldson Run - 99.0 South Run
Sleepy Hollow Rec,Week2,Village West,Week5,203.0 Village West - 199.0 Sleepy Hollow Rec
Sleepy Hollow Rec,Week4,Waynewood,Week2,316.0 Waynewood - 86.0 Sleepy Hollow Rec
Sleepy Hollow Rec,Week2,Lincolnia Park,Week2,277.0 Sleepy Hollow Rec - 116.0 Lincolnia Park
Sleepy Hollow Rec,Week2,Village West,Week2,203.0 Sleepy Hollow Rec - 199.0 Village West
Somerset-Olde Creek,Week3,Fairfax Station,Week5,370.0 Fairfax Station - 32.0 Somerset-Olde Creek
Sleepy Hollow Rec,Week1,Village West,Week4,218.0 Village West - 179.0 Sleepy Hollow Rec
Sleepy Hollow Rec,Week3,Woodley,Week5,229.5 Sleepy Hollow Rec - 172.5 Woodley
Sleepy Hollow Rec,Week3,Pleasant Valley,Week2,259.0 Sleepy Hollow Rec - 143.0 Pleasant Valley
Sleepy Hollow Rec,Week3,Lincolnia Park,Week3,249.0 Sleepy Hollow Rec - 144.0 Lincolnia Park
Sleepy Hollow Rec,Week2,Village West,Week3,213.0 Village West - 189.0 Sleepy Hollow Rec
Sleepy Hollow Rec,Week3,Village West,Week1,236.0 Sleepy Hollow Rec - 166.0 Village West
Somerset-Olde Creek,Week2,Forest Hollow,Week3,335.0 Forest Hollow - 67.0 Somerset-Olde Creek
Sleepy Hollow Rec,Week4,Woodley,Week3,222.0 Sleepy Hollow Rec - 180.0 Woodley
Somerset-Olde Creek,Week1,Forest Hollow,Week5,341.0 Forest Hollow - 60.0 Somerset-Olde Creek
Sleepy Hollow Rec,Week1,Pleasant Valley,Week5,230.0 Sleepy Hollow Rec - 167.0 Pleasant Valley
South Run,Week5,Fairfax Club Estates,Week5,249.0 South Run - 152.0 Fairfax Club Estates
Somerset-Olde Creek,Week2,Fair Oaks ,Week5,337.0 Fair Oaks - 65.0 Somerset-Olde Creek
South Run,Week1,Fairfax Station,Week4,241.0 Fairfax Station - 152.0 South Run
Sleepy Hollow Rec,Week2,Lincolnia Park,Week1,274.0 Sleepy Hollow Rec - 124.0 Lincolnia Park
Sleepy Hollow Rec,Week2,Pleasant Valley,Week2,238.0 Sleepy Hollow Rec - 163.0 Pleasant Valley
Somerset-Olde Creek,Week5,Dunn Loring,Week5,356.0 Dunn Loring - 46.0 Somerset-Olde Creek
South Run,Week1,Fairfax Station,Week5,265.0 Fairfax Station - 128.0 South Run
Sleepy Hollow Rec,Week4,Woodley,Week1,229.0 Sleepy Hollow Rec - 173.0 Woodley
Somerset-Olde Creek,Week2,Forest Hollow,Week1,329.0 Forest Hollow - 73.0 Somerset-Olde Creek
Sleepy Hollow Rec,Week2,Pleasant Valley,Week3,218.0 Sleepy Hollow Rec - 184.0 Pleasant Valley
Somerset-Olde Creek,Week3,Fair Oaks ,Week4,323.0 Fair Oaks - 79.0 Somerset-Olde Creek
Somerset-Olde Creek,Week5,Dunn Loring,Week2,353.0 Dunn Loring - 49.0 Somerset-Olde Creek
South Run,Week3,Fairfax Station,Week5,281.0 Fairfax Station - 121.0 South Run
Sleepy Hollow Rec,Week4,Waynewood,Week4,321.0 Waynewood - 81.0 Sleepy Hollow Rec
Sleepy Hollow Rec,Week3,Village West,Week4,221.0 Sleepy Hollow Rec - 176.0 Village West
Somerset-Olde Creek,Week1,Fair Oaks ,Week4,322.0 Fair Oaks - 80.0 Somerset-Olde Creek
Sleepy Hollow Rec,Week4,Waynewood,Week1,293.0 Waynewood - 109.0 Sleepy Hollow Rec
South Run,Week2,Fairfax Station,Week1,264.0 Fairfax Station - 138.0 South Run
Somerset-Olde Creek,Week1,Forest Hollow,Week2,324.0 Forest Hollow - 76.0 Somerset-Olde Creek
Somerset-Olde Creek,Week2,Forest Hollow,Week2,323.0 Forest Hollow - 74.0 Somerset-Olde Creek
Sleepy Hollow Rec,Week3,Waynewood,Week3,309.0 Waynewood - 93.0 Sleepy Hollow Rec
Sleepy Hollow Rec,Week2,Lincolnia Park,Week3,241.0 Sleepy Hollow Rec - 152.0 Lincolnia Park
Somerset-Olde Creek,Week2,Fairfax Station,Week5,366.0 Fairfax Station - 36.0 Somerset-Olde Creek
South Run,Week2,Fairfax Station,Week2,270.0 Fairfax Station - 127.0 South Run
South Run,Week1,Fairfax Station,Week3,252.0 Fairfax Station - 141.0 South Run
Sleepy Hollow Rec,Week4,Poplar Heights,Week1,275.0 Poplar Heights - 127.0 Sleepy Hollow Rec
Sleepy Hollow Rec,Week4,Villa Aquatic,Week1,262.0 Villa Aquatic - 140.0 Sleepy Hollow Rec
Sleepy Hollow Rec,Week3,Poplar Heights,Week4,279.0 Poplar Heights - 123.0 Sleepy Hollow Rec
Somerset-Olde Creek,Week2,Fair Oaks ,Week1,327.5 Fair Oaks - 74.5 Somerset-Olde Creek
Sleepy Hollow Rec,Week4,Pleasant Valley,Week2,251.0 Sleepy Hollow Rec - 151.0 Pleasant Valley
Sleepy Hollow Rec,Week1,Woodley,Week4,218.5 Sleepy Hollow Rec - 183.5 Woodley
Sleepy Hollow Rec,Week4,Villa Aquatic,Week3,294.0 Villa Aquatic - 108.0 Sleepy Hollow Rec
Sleepy Hollow Rec,Week5,Lincolnia Park,Week1,274.0 Sleepy Hollow Rec - 124.0 Lincolnia Park
Sleepy Hollow Rec,Week2,Lincolnia Park,Week4,275.0 Sleepy Hollow Rec - 123.0 Lincolnia Park
Sleepy Hollow Rec,Week4,Lincolnia Park,Week2,272.0 Sleepy Hollow Rec - 119.0 Lincolnia Park
Sleepy Hollow Rec,Week4,Villa Aquatic,Week5,301.0 Villa Aquatic - 101.0 Sleepy Hollow Rec
Somerset-Olde Creek,Week1,Fair Oaks ,Week5,334.0 Fair Oaks - 68.0 Somerset-Olde Creek
Sleepy Hollow Rec,Week3,Poplar Heights,Week5,277.0 Poplar Heights - 125.0 Sleepy Hollow Rec
Somerset-Olde Creek,Week3,Forest Hollow,Week5,339.0 Forest Hollow - 62.0 Somerset-Olde Creek
Sleepy Hollow Rec,Week5,Villa Aquatic,Week4,261.0 Villa Aquatic - 141.0 Sleepy Hollow Rec
Sleepy Hollow Rec,Week1,Village West,Week1,208.0 Village West - 194.0 Sleepy Hollow Rec
Sleepy Hollow Rec,Week1,Poplar Heights,Week2,295.0 Poplar Heights - 107.0 Sleepy Hollow Rec
Sleepy Hollow Rec,Week2,Village West,Week1,207.0 Sleepy Hollow Rec - 195.0 Village West
Sleepy Hollow Rec,Week2,Woodley,Week1,226.0 Sleepy Hollow Rec - 176.0 Woodley
Sleepy Hollow Rec,Week3,Villa Aquatic,Week4,262.5 Villa Aquatic - 139.5 Sleepy Hollow Rec
Somerset-Olde Creek,Week4,Forest Hollow,Week3,335.0 Forest Hollow - 67.0 Somerset-Olde Creek
Sleepy Hollow Rec,Week1,Lincolnia Park,Week4,266.0 Sleepy Hollow Rec - 136.0 Lincolnia Park
Somerset-Olde Creek,Week3,Forest Hollow,Week3,334.0 Forest Hollow - 68.0 Somerset-Olde Creek
Somerset-Olde Creek,Week1,Fox Hunt,Week3,316.0 Fox Hunt - 84.0 Somerset-Olde Creek
Sleepy Hollow Rec,Week1,Little Hunting Park,Week2,223.0 Little Hunting Park - 179.0 Sleepy Hollow Rec
South Run,Week4,Fairfax Station,Week4,270.0 Fairfax Station - 132.0 South Run
Sleepy Hollow Rec,Week1,Poplar Heights,Week3,297.0 Poplar Heights - 105.0 Sleepy Hollow Rec
Sleepy Hollow Rec,Week2,Woodley,Week2,221.0 Sleepy Hollow Rec - 181.0 Woodley
Sleepy Hollow Rec,Week3,Lincolnia Park,Week4,278.0 Sleepy Hollow Rec - 124.0 Lincolnia Park
South Run,Week2,Fairfax Station,Week3,284.0 Fairfax Station - 118.0 South Run
Somerset-Olde Creek,Week4,Forest Hollow,Week1,334.0 Forest Hollow - 68.0 Somerset-Olde Creek
Sleepy Hollow Rec,Week5,Pleasant Valley,Week2,260.0 Sleepy Hollow Rec - 141.0 Pleasant Valley
Sleepy Hollow Rec,Week2,Village West,Week4,211.0 Village West - 186.0 Sleepy Hollow Rec
Sleepy Hollow Rec,Week4,Lincolnia Park,Week1,264.0 Sleepy Hollow Rec - 138.0 Lincolnia Park
South Run,Week5,Fairfax Station,Week2,260.0 Fairfax Station - 142.0 South Run
Sleepy Hollow Rec,Week1,Woodley,Week5,217.0 Sleepy Hollow Rec - 185.0 Woodley
Sleepy Hollow Rec,Week5,Pleasant Valley,Week5,239.0 Sleepy Hollow Rec - 162.0 Pleasant Valley
Sleepy Hollow Rec,Week2,Woodley,Week3,221.0 Sleepy Hollow Rec - 181.0 Woodley
Somerset-Olde Creek,Week5,Forest Hollow,Week2,305.0 Forest Hollow - 96.0 Somerset-Olde Creek
Sleepy Hollow Rec,Week5,Pleasant Valley,Week3,228.0 Sleepy Hollow Rec - 174.0 Pleasant Valley
Sleepy Hollow Rec,Week1,Woodley,Week2,226.0 Sleepy Hollow Rec - 176.0 Woodley
Sleepy Hollow Rec,Week4,Village West,Week1,207.0 Village West - 195.0 Sleepy Hollow Rec
Somerset-Olde Creek,Week1,Fox Hunt,Week2,309.0 Fox Hunt - 88.0 Somerset-Olde Creek
Sleepy Hollow Rec,Week3,Village West,Week5,212.0 Sleepy Hollow Rec - 190.0 Village West
Sleepy Hollow Rec,Week3,Lincolnia Park,Week5,256.0 Sleepy Hollow Rec - 137.0 Lincolnia Park
Somerset-Olde Creek,Week5,Forest Hollow,Week1,309.0 Forest Hollow - 92.0 Somerset-Olde Creek
Sleepy Hollow Rec,Week4,Pleasant Valley,Week1,233.0 Sleepy Hollow Rec - 169.0 Pleasant Valley
South Run,Week5,Fairfax Station,Week1,251.0 Fairfax Station - 151.0 South Run
Sleepy Hollow Rec,Week5,Waynewood,Week3,301.0 Waynewood - 101.0 Sleepy Hollow Rec
Sleepy Hollow Rec,Week2,Poplar Heights,Week4,310.0 Poplar Heights - 92.0 Sleepy Hollow Rec
Sleepy Hollow Rec,Week3,Waynewood,Week5,322.0 Waynewood - 80.0 Sleepy Hollow Rec
South Run,Week4,Fairfax Station,Week2,261.0 Fairfax Station - 141.0 South Run
Sleepy Hollow Rec,Week4,Waynewood,Week3,330.0 Waynewood - 72.0 Sleepy Hollow Rec
South Run,Week4,Fairfax Station,Week3,282.0 Fairfax Station - 120.0 South Run
Sleepy Hollow Rec,Week1,Lincolnia Park,Week5,232.0 Sleepy Hollow Rec - 161.0 Lincolnia Park
Sleepy Hollow Rec,Week4,Village West,Week2,210.0 Village West - 192.0 Sleepy Hollow Rec
Sleepy Hollow Rec,Week5,Lincolnia Park,Week5,254.0 Sleepy Hollow Rec - 139.0 Lincolnia Park
South Run,Week4,Fairfax Station,Week1,268.0 Fairfax Station - 134.0 South Run
Somerset-Olde Creek,Week5,Forest Hollow,Week5,327.0 Forest Hollow - 74.0 Somerset-Olde Creek
Sleepy Hollow Rec,Week5,Pleasant Valley,Week1,260.0 Sleepy Hollow Rec - 141.0 Pleasant Valley
Sleepy Hollow Rec,Week1,Little Hunting Park,Week4,235.0 Little Hunting Park - 167.0 Sleepy Hollow Rec
South Run,Week3,Fairfax Station,Week3,279.0 Fairfax Station - 123.0 South Run
Somerset-Olde Creek,Week1,Annandale,Week2,264.0 Annandale - 137.0 Somerset-Olde Creek
Somerset-Olde Creek,Week4,Fox Hunt,Week1,317.0 Fox Hunt - 85.0 Somerset-Olde Creek
Somerset-Olde Creek,Week2,Forest Hollow,Week5,340.0 Forest Hollow - 62.0 Somerset-Olde Creek
Sleepy Hollow Rec,Week4,Pleasant Valley,Week3,215.0 Sleepy Hollow Rec - 187.0 Pleasant Valley
Sleepy Hollow Rec,Week4,Villa Aquatic,Week2,259.0 Villa Aquatic - 143.0 Sleepy Hollow Rec
South Run,Week5,Fairfax Station,Week4,249.0 Fairfax Station - 153.0 South Run
Sleepy Hollow Rec,Week2,Lincolnia Park,Week5,251.0 Sleepy Hollow Rec - 142.0 Lincolnia Park
Somerset-Olde Creek,Week2,Annandale,Week3,283.0 Annandale - 114.0 Somerset-Olde Creek
Sleepy Hollow Rec,Week5,Villa Aquatic,Week1,232.0 Villa Aquatic - 170.0 Sleepy Hollow Rec
Sleepy Hollow Rec,Week5,Villa Aquatic,Week2,225.0 Villa Aquatic - 177.0 Sleepy Hollow Rec
Somerset-Olde Creek,Week3,Fox Hunt,Week5,344.0 Fox Hunt - 54.0 Somerset-Olde Creek
Somerset-Olde Creek,Week2,Fox Hunt,Week1,325.0 Fox Hunt - 77.0 Somerset-Olde Creek
Sleepy Hollow Rec,Week1,Little Hunting Park,Week3,222.0 Little Hunting Park - 180.0 Sleepy Hollow Rec
Sleepy Hollow Rec,Week1,Poplar Heights,Week5,297.0 Poplar Heights - 105.0 Sleepy Hollow Rec
Sleepy Hollow Rec,Week5,Lincolnia Park,Week3,252.0 Sleepy Hollow Rec - 141.0 Lincolnia Park
Sleepy Hollow Rec,Week3,Woodley,Week1,241.0 Sleepy Hollow Rec - 161.0 Woodley
Sleepy Hollow Rec,Week3,Woodley,Week3,232.0 Sleepy Hollow Rec - 170.0 Woodley
South Run,Week1,Forest Hollow,Week1,204.0 Forest Hollow - 189.0 South Run
Sleepy Hollow Rec,Week3,Pleasant Valley,Week5,248.0 Sleepy Hollow Rec - 154.0 Pleasant Valley
Sleepy Hollow Rec,Week2,Poplar Heights,Week2,290.0 Poplar Heights - 112.0 Sleepy Hollow Rec
South Run,Week5,Fairfax Station,Week3,276.0 Fairfax Station - 126.0 South Run
South Run,Week3,Fairfax Station,Week2,269.0 Fairfax Station - 133.0 South Run
Sleepy Hollow Rec,Week5,Villa Aquatic,Week5,267.0 Villa Aquatic - 135.0 Sleepy Hollow Rec
Sleepy Hollow Rec,Week4,Lincolnia Park,Week4,270.0 Sleepy Hollow Rec - 132.0 Lincolnia Park
South Run,Week4,Fairfax Station,Week5,290.0 Fairfax Station - 112.0 South Run
South Run,Week1,Forest Hollow,Week4,214.0 Forest Hollow - 179.0 South Run
Somerset-Olde Creek,Week4,Forest Hollow,Week2,324.0 Forest Hollow - 78.0 Somerset-Olde Creek
Sleepy Hollow Rec,Week1,Little Hunting Park,Week5,239.0 Little Hunting Park - 163.0 Sleepy Hollow Rec
Somerset-Olde Creek,Week3,Annandale,Week4,273.0 Annandale - 126.0 Somerset-Olde Creek
Sleepy Hollow Rec,Week2,Little Hunting Park,Week1,231.0 Little Hunting Park - 170.0 Sleepy Hollow Rec
Somerset-Olde Creek,Week3,Annandale,Week3,281.0 Annandale - 115.0 Somerset-Olde Creek
Sleepy Hollow Rec,Week1,Poplar Heights,Week1,273.0 Poplar Heights - 129.0 Sleepy Hollow Rec
Sleepy Hollow Rec,Week1,Village West,Week5,219.0 Village West - 183.0 Sleepy Hollow Rec
Sleepy Hollow Rec,Week4,Villa Aquatic,Week4,289.0 Villa Aquatic - 113.0 Sleepy Hollow Rec
Somerset-Olde Creek,Week3,Forest Hollow,Week4,334.0 Forest Hollow - 68.0 Somerset-Olde Creek
Sleepy Hollow Rec,Week3,Poplar Heights,Week1,246.0 Poplar Heights - 156.0 Sleepy Hollow Rec
Sleepy Hollow Rec,Week3,Village West,Week3,210.0 Sleepy Hollow Rec - 192.0 Village West
South Run,Week5,Fairfax Station,Week5,277.0 Fairfax Station - 125.0 South Run
Somerset-Olde Creek,Week3,Annandale,Week1,264.0 Annandale - 129.0 Somerset-Olde Creek
Sleepy Hollow Rec,Week5,Lincolnia Park,Week4,283.0 Sleepy Hollow Rec - 115.0 Lincolnia Park
Sleepy Hollow Rec,Week2,Poplar Heights,Week1,277.0 Poplar Heights - 125.0 Sleepy Hollow Rec
Sleepy Hollow Rec,Week5,Pleasant Valley,Week4,269.0 Sleepy Hollow Rec - 127.0 Pleasant Valley
Sleepy Hollow Rec,Week2,Little Hunting Park,Week3,216.0 Little Hunting Park - 186.0 Sleepy Hollow Rec
Sleepy Hollow Rec,Week2,Little Hunting Park,Week2,226.0 Little Hunting Park - 176.0 Sleepy Hollow Rec
Somerset-Olde Creek,Week1,Annandale,Week4,248.0 Annandale - 151.0 Somerset-Olde Creek
South Run,Week3,Forest Hollow,Week2,210.0 Forest Hollow - 192.0 South Run
Sleepy Hollow Rec,Week4,Woodley,Week4,230.0 Sleepy Hollow Rec - 172.0 Woodley
South Run,Week1,Forest Hollow,Week2,199.0 Forest Hollow - 189.0 South Run
Sleepy Hollow Rec,Week3,Village West,Week2,226.0 Sleepy Hollow Rec - 176.0 Village West
Somerset-Olde Creek,Week3,Forest Hollow,Week1,333.0 Forest Hollow - 68.0 Somerset-Olde Creek
Somerset-Olde Creek,Week3,Forest Hollow,Week2,323.0 Forest Hollow - 73.0 Somerset-Olde Creek
Sleepy Hollow Rec,Week5,Village West,Week3,208.0 Village West - 194.0 Sleepy Hollow Rec
South Run,Week3,Forest Hollow,Week4,230.0 Forest Hollow - 172.0 South Run
Somerset-Olde Creek,Week1,Fox Hunt,Week5,327.5 Fox Hunt - 70.5 Somerset-Olde Creek
Sleepy Hollow Rec,Week5,Poplar Heights,Week4,276.0 Poplar Heights - 126.0 Sleepy Hollow Rec
South Run,Week2,Fox Hunt,Week3,224.0 Fox Hunt - 173.0 South Run
South Run,Week4,Forest Hollow,Week4,242.0 Forest Hollow - 160.0 South Run
Sleepy Hollow Rec,Week3,Virginia Hills,Week3,318.0 Sleepy Hollow Rec - 84.0 Virginia Hills
Sleepy Hollow Rec,Week1,Poplar Tree,Week3,287.0 Poplar Tree - 115.0 Sleepy Hollow Rec
South Run,Week1,Fox Hunt,Week3,207.0 Fox Hunt - 186.0 South Run
Sleepy Hollow Rec,Week4,Pleasant Valley,Week4,263.0 Sleepy Hollow Rec - 139.0 Pleasant Valley
Sleepy Hollow Rec,Week5,Woodley,Week3,230.0 Sleepy Hollow Rec - 172.0 Woodley
Sleepy Hollow Rec,Week5,Woodley,Week1,244.0 Sleepy Hollow Rec - 158.0 Woodley
South Run,Week2,Forest Hollow,Week4,240.0 Forest Hollow - 162.0 South Run
Sleepy Hollow Rec,Week2,Poplar Heights,Week3,306.0 Poplar Heights - 96.0 Sleepy Hollow Rec
Somerset-Olde Creek,Week2,Annandale,Week2,287.0 Annandale - 114.0 Somerset-Olde Creek
Sleepy Hollow Rec,Week1,Poplar Heights,Week4,292.0 Poplar Heights - 110.0 Sleepy Hollow Rec
Somerset-Olde Creek,Week5,Forest Hollow,Week3,316.0 Forest Hollow - 86.0 Somerset-Olde Creek
Sleepy Hollow Rec,Week3,Little Hunting Park,Week4,202.0 Little Hunting Park - 200.0 Sleepy Hollow Rec
Somerset-Olde Creek,Week2,Fox Hunt,Week2,324.0 Fox Hunt - 76.0 Somerset-Olde Creek
Sleepy Hollow Rec,Week2,Virginia Hills,Week1,291.0 Sleepy Hollow Rec - 111.0 Virginia Hills
Sleepy Hollow Rec,Week5,Village West,Week2,214.0 Sleepy Hollow Rec - 188.0 Village West
Sleepy Hollow Rec,Week5,Village West,Week1,226.0 Sleepy Hollow Rec - 176.0 Village West
Sleepy Hollow Rec,Week4,Pleasant Valley,Week5,226.0 Sleepy Hollow Rec - 176.0 Pleasant Valley
Somerset-Olde Creek,Week2,Fox Hunt,Week3,322.0 Fox Hunt - 80.0 Somerset-Olde Creek
Sleepy Hollow Rec,Week1,Virginia Hills,Week1,278.5 Sleepy Hollow Rec - 123.5 Virginia Hills
Sleepy Hollow Rec,Week5,Little Hunting Park,Week2,214.5 Sleepy Hollow Rec - 187.5 Little Hunting Park
Sleepy Hollow Rec,Week2,Little Rocky Run,Week5,349.5 Little Rocky Run - 52.5 Sleepy Hollow Rec
Somerset-Olde Creek,Week4,Forest Hollow,Week4,334.0 Forest Hollow - 68.0 Somerset-Olde Creek
Somerset-Olde Creek,Week5,Forest Hollow,Week4,321.0 Forest Hollow - 81.0 Somerset-Olde Creek
Sleepy Hollow Rec,Week3,Virginia Hills,Week2,329.0 Sleepy Hollow Rec - 73.0 Virginia Hills
Sleepy Hollow Rec,Week2,Little Rocky Run,Week4,341.0 Little Rocky Run - 61.0 Sleepy Hollow Rec
Sleepy Hollow Rec,Week5,Woodley,Week4,245.0 Sleepy Hollow Rec - 157.0 Woodley
Sleepy Hollow Rec,Week4,Woodley,Week5,214.0 Sleepy Hollow Rec - 188.0 Woodley
Somerset-Olde Creek,Week1,Fox Hunt,Week1,308.0 Fox Hunt - 92.0 Somerset-Olde Creek
Somerset-Olde Creek,Week1,Annandale,Week1,246.0 Annandale - 152.0 Somerset-Olde Creek
Sleepy Hollow Rec,Week2,Little Hunting Park,Week4,219.0 Little Hunting Park - 183.0 Sleepy Hollow Rec
Sleepy Hollow Rec,Week1,Little Rocky Run,Week1,329.0 Little Rocky Run - 73.0 Sleepy Hollow Rec
Sleepy Hollow Rec,Week3,Poplar Heights,Week2,262.0 Poplar Heights - 140.0 Sleepy Hollow Rec
Sleepy Hollow Rec,Week3,Little Hunting Park,Week2,201.0 Little Hunting Park - 201.0 Sleepy Hollow Rec
Sleepy Hollow Rec,Week2,Poplar Heights,Week5,312.0 Poplar Heights - 90.0 Sleepy Hollow Rec
Somerset-Olde Creek,Week3,Annandale,Week2,276.0 Annandale - 125.0 Somerset-Olde Creek
Sleepy Hollow Rec,Week5,Village West,Week4,205.0 Sleepy Hollow Rec - 192.0 Village West
Somerset-Olde Creek,Week1,Fox Hunt,Week4,311.0 Fox Hunt - 86.0 Somerset-Olde Creek
South Run,Week2,Forest Hollow,Week5,234.0 Forest Hollow - 167.0 South Run
South Run,Week2,Fox Hunt,Week2,214.0 Fox Hunt - 188.0 South Run
South Run,Week2,Forest Hollow,Week3,237.0 Forest Hollow - 164.0 South Run
Somerset-Olde Creek,Week1,Annandale,Week5,264.0 Annandale - 138.0 Somerset-Olde Creek
Sleepy Hollow Rec,Week1,Little Rocky Run,Week2,331.0 Little Rocky Run - 71.0 Sleepy Hollow Rec
Sleepy Hollow Rec,Week3,Poplar Heights,Week3,276.0 Poplar Heights - 126.0 Sleepy Hollow Rec
Somerset-Olde Creek,Week2,Annandale,Week4,265.0 Annandale - 136.0 Somerset-Olde Creek
South Run,Week5,Forest Hollow,Week5,222.0 Forest Hollow - 180.0 South Run
Sleepy Hollow Rec,Week2,Poplar Tree,Week3,293.0 Poplar Tree - 109.0 Sleepy Hollow Rec
South Run,Week1,Fox Hunt,Week4,202.0 Fox Hunt - 191.0 South Run
South Run,Week5,Forest Hollow,Week4,209.0 Forest Hollow - 193.0 South Run
Sleepy Hollow Rec,Week2,Little Rocky Run,Week2,340.0 Little Rocky Run - 62.0 Sleepy Hollow Rec
Sleepy Hollow Rec,Week1,Poplar Tree,Week5,305.0 Poplar Tree - 97.0 Sleepy Hollow Rec
Somerset-Olde Creek,Week3,Annandale,Week5,285.0 Annandale - 116.0 Somerset-Olde Creek
Somerset-Olde Creek,Week4,Forest Hollow,Week5,339.0 Forest Hollow - 63.0 Somerset-Olde Creek
Somerset-Olde Creek,Week2,Fox Hunt,Week5,348.0 Fox Hunt - 53.0 Somerset-Olde Creek
Sleepy Hollow Rec,Week5,Village West,Week5,209.0 Sleepy Hollow Rec - 193.0 Village West
Somerset-Olde Creek,Week2,Fox Hunt,Week4,326.0 Fox Hunt - 75.0 Somerset-Olde Creek
Sleepy Hollow Rec,Week3,Virginia Hills,Week5,282.0 Sleepy Hollow Rec - 119.0 Virginia Hills
Sleepy Hollow Rec,Week2,Little Rocky Run,Week1,337.0 Little Rocky Run - 65.0 Sleepy Hollow Rec
Sleepy Hollow Rec,Week3,Virginia Hills,Week4,321.0 Sleepy Hollow Rec - 81.0 Virginia Hills
Sleepy Hollow Rec,Week3,Little Hunting Park,Week1,208.0 Sleepy Hollow Rec - 194.0 Little Hunting Park
Somerset-Olde Creek,Week3,Fox Hunt,Week1,323.0 Fox Hunt - 78.0 Somerset-Olde Creek
Sleepy Hollow Rec,Week5,Woodley,Week2,239.0 Sleepy Hollow Rec - 163.0 Woodley
Sleepy Hollow Rec,Week1,Virginia Hills,Week4,297.0 Sleepy Hollow Rec - 105.0 Virginia Hills
South Run,Week4,Forest Hollow,Week2,217.0 Forest Hollow - 185.0 South Run
Sleepy Hollow Rec,Week2,Poplar Tree,Week4,259.0 Poplar Tree - 143.0 Sleepy Hollow Rec
Sleepy Hollow Rec,Week1,Little Rocky Run,Week3,331.0 Little Rocky Run - 71.0 Sleepy Hollow Rec
Sleepy Hollow Rec,Week5,Poplar Heights,Week2,285.0 Poplar Heights - 117.0 Sleepy Hollow Rec
Somerset-Olde Creek,Week4,Annandale,Week1,251.5 Annandale - 149.5 Somerset-Olde Creek
Sleepy Hollow Rec,Week4,Village West,Week5,211.0 Village West - 191.0 Sleepy Hollow Rec
Sleepy Hollow Rec,Week5,Little Hunting Park,Week5,224.5 Little Hunting Park - 176.5 Sleepy Hollow Rec
Sleepy Hollow Rec,Week4,Little Hunting Park,Week2,214.0 Little Hunting Park - 188.0 Sleepy Hollow Rec
Sleepy Hollow Rec,Week5,Woodley,Week5,227.0 Sleepy Hollow Rec - 175.0 Woodley
Somerset-Olde Creek,Week4,Fox Hunt,Week3,319.0 Fox Hunt - 78.0 Somerset-Olde Creek
Somerset-Olde Creek,Week2,Annandale,Week5,288.0 Annandale - 114.0 Somerset-Olde Creek
Somerset-Olde Creek,Week4,Fox Hunt,Week2,319.0 Fox Hunt - 82.0 Somerset-Olde Creek
South Run,Week4,Forest Hollow,Week1,241.0 Forest Hollow - 160.0 South Run
Somerset-Olde Creek,Week3,Fox Hunt,Week2,322.0 Fox Hunt - 75.0 Somerset-Olde Creek
Somerset-Olde Creek,Week1,Annandale,Week3,267.0 Annandale - 129.0 Somerset-Olde Creek
Sleepy Hollow Rec,Week3,Little Hunting Park,Week5,220.0 Little Hunting Park - 182.0 Sleepy Hollow Rec
Sleepy Hollow Rec,Week5,Poplar Heights,Week1,267.0 Poplar Heights - 135.0 Sleepy Hollow Rec
Sleepy Hollow Rec,Week1,Virginia Hills,Week2,292.0 Sleepy Hollow Rec - 110.0 Virginia Hills
Sleepy Hollow Rec,Week4,Village West,Week3,221.0 Village West - 181.0 Sleepy Hollow Rec
South Run,Week3,Forest Hollow,Week1,229.0 Forest Hollow - 173.0 South Run
Sleepy Hollow Rec,Week1,Virginia Hills,Week5,269.0 Sleepy Hollow Rec - 128.0 Virginia Hills
South Run,Week2,Forest Hollow,Week1,230.0 Forest Hollow - 171.0 South Run
Sleepy Hollow Rec,Week4,Little Hunting Park,Week4,215.0 Little Hunting Park - 187.0 Sleepy Hollow Rec
South Run,Week4,Forest Hollow,Week3,239.0 Forest Hollow - 162.0 South Run
Somerset-Olde Creek,Week3,Fox Hunt,Week4,326.0 Fox Hunt - 72.0 Somerset-Olde Creek
Sleepy Hollow Rec,Week2,Virginia Hills,Week4,300.0 Sleepy Hollow Rec - 102.0 Virginia Hills
Somerset-Olde Creek,Week3,Fox Hunt,Week3,325.5 Fox Hunt - 75.5 Somerset-Olde Creek
Somerset-Olde Creek,Week2,Annandale,Week1,261.0 Annandale - 140.0 Somerset-Olde Creek
Sleepy Hollow Rec,Week3,Poplar Tree,Week2,259.0 Poplar Tree - 143.0 Sleepy Hollow Rec
Sleepy Hollow Rec,Week2,Poplar Tree,Week1,295.0 Poplar Tree - 107.0 Sleepy Hollow Rec
South Run,Week4,Forest Hollow,Week5,241.0 Forest Hollow - 160.0 South Run
Sleepy Hollow Rec,Week2,Poplar Tree,Week5,312.0 Poplar Tree - 90.0 Sleepy Hollow Rec
Somerset-Olde Creek,Week5,Fox Hunt,Week1,295.0 Fox Hunt - 106.0 Somerset-Olde Creek
Sleepy Hollow Rec,Week1,Virginia Hills,Week3,300.0 Sleepy Hollow Rec - 102.0 Virginia Hills
Sleepy Hollow Rec,Week1,Little Rocky Run,Week5,335.0 Little Rocky Run - 67.0 Sleepy Hollow Rec
Somerset-Olde Creek,Week2,Fox Mill Estates,Week4,315.0 Fox Mill Estates - 87.0 Somerset-Olde Creek
Sleepy Hollow Rec,Week3,Poplar Tree,Week4,244.0 Poplar Tree - 158.0 Sleepy Hollow Rec
South Run,Week1,Fox Hunt,Week1,201.0 South Run - 192.0 Fox Hunt
South Run,Week2,Forest Hollow,Week2,220.0 Forest Hollow - 177.0 South Run
Sleepy Hollow Rec,Week1,Poplar Tree,Week4,264.0 Poplar Tree - 138.0 Sleepy Hollow Rec
Sleepy Hollow Rec,Week3,Little Rocky Run,Week5,328.5 Little Rocky Run - 73.5 Sleepy Hollow Rec
Sleepy Hollow Rec,Week4,Poplar Heights,Week5,307.0 Poplar Heights - 95.0 Sleepy Hollow Rec
Somerset-Olde Creek,Week4,Fox Mill Estates,Week5,283.0 Fox Mill Estates - 119.0 Somerset-Olde Creek
Sleepy Hollow Rec,Week4,Little Hunting Park,Week1,225.0 Little Hunting Park - 177.0 Sleepy Hollow Rec
Sleepy Hollow Rec,Week4,Poplar Heights,Week3,302.0 Poplar Heights - 100.0 Sleepy Hollow Rec
Sleepy Hollow Rec,Week3,Little Rocky Run,Week3,317.0 Little Rocky Run - 85.0 Sleepy Hollow Rec
Sleepy Hollow Rec,Week2,Virginia Hills,Week5,270.0 Sleepy Hollow Rec - 132.0 Virginia Hills
South Run,Week3,Forest Hollow,Week3,230.0 Forest Hollow - 172.0 South Run
South Run,Week5,Forest Hollow,Week1,203.0 South Run - 199.0 Forest Hollow
Sleepy Hollow Rec,Week1,Poplar Tree,Week2,271.0 Poplar Tree - 131.0 Sleepy Hollow Rec
Sleepy Hollow Rec,Week4,Village West,Week4,212.0 Village West - 185.0 Sleepy Hollow Rec
Somerset-Olde Creek,Week4,Fox Hunt,Week4,316.5 Fox Hunt - 84.5 Somerset-Olde Creek
South Run,Week5,Forest Hollow,Week2,202.0 South Run - 200.0 Forest Hollow
Somerset-Olde Creek,Week4,Fox Mill Estates,Week1,248.0 Fox Mill Estates - 154.0 Somerset-Olde Creek
Sleepy Hollow Rec,Week4,Poplar Heights,Week4,302.0 Poplar Heights - 100.0 Sleepy Hollow Rec
Sleepy Hollow Rec,Week1,Poplar Tree,Week1,285.0 Poplar Tree - 117.0 Sleepy Hollow Rec
Somerset-Olde Creek,Week3,Fox Mill Estates,Week3,292.0 Fox Mill Estates - 108.0 Somerset-Olde Creek
Sleepy Hollow Rec,Week2,Little Rocky Run,Week3,341.0 Little Rocky Run - 61.0 Sleepy Hollow Rec
Sleepy Hollow Rec,Week3,Poplar Tree,Week1,277.0 Poplar Tree - 125.0 Sleepy Hollow Rec
Sleepy Hollow Rec,Week5,Little Hunting Park,Week3,220.0 Sleepy Hollow Rec - 182.0 Little Hunting Park
Somerset-Olde Creek,Week3,Fox Mill Estates,Week2,296.0 Fox Mill Estates - 102.0 Somerset-Olde Creek
Sleepy Hollow Rec,Week5,Poplar Heights,Week3,282.0 Poplar Heights - 120.0 Sleepy Hollow Rec
Sleepy Hollow Rec,Week4,Little Hunting Park,Week5,251.0 Little Hunting Park - 151.0 Sleepy Hollow Rec
South Run,Week3,Forest Hollow,Week5,230.0 Forest Hollow - 172.0 South Run
South Run,Week5,Forest Hollow,Week3,209.0 Forest Hollow - 193.0 South Run
Sleepy Hollow Rec,Week2,Virginia Hills,Week3,305.0 Sleepy Hollow Rec - 97.0 Virginia Hills
Somerset-Olde Creek,Week5,Fox Hunt,Week3,307.0 Fox Hunt - 94.0 Somerset-Olde Creek
Somerset-Olde Creek,Week2,Fox Mill Estates,Week3,297.0 Fox Mill Estates - 104.0 Somerset-Olde Creek
Sleepy Hollow Rec,Week5,Little Hunting Park,Week1,201.0 Sleepy Hollow Rec - 200.0 Little Hunting Park
Sleepy Hollow Rec,Week3,Little Hunting Park,Week3,205.0 Sleepy Hollow Rec - 197.0 Little Hunting Park
South Run,Week2,Fox Hunt,Week1,205.0 Fox Hunt - 197.0 South Run
Sleepy Hollow Rec,Week3,Virginia Hills,Week1,315.0 Sleepy Hollow Rec - 87.0 Virginia Hills
South Run,Week1,Fox Hunt,Week2,197.0 South Run - 196.0 Fox Hunt
Sleepy Hollow Rec,Week4,Poplar Heights,Week2,293.0 Poplar Heights - 109.0 Sleepy Hollow Rec
Sleepy Hollow Rec,Week2,Virginia Hills,Week2,296.0 Sleepy Hollow Rec - 105.0 Virginia Hills
Sleepy Hollow Rec,Week2,Poplar Tree,Week2,279.0 Poplar Tree - 123.0 Sleepy Hollow Rec
Sleepy Hollow Rec,Week5,Little Hunting Park,Week4,212.0 Sleepy Hollow Rec - 190.0 Little Hunting Park
Somerset-Olde Creek,Week1,Fox Mill Estates,Week1,260.5 Fox Mill Estates - 136.5 Somerset-Olde Creek
South Run,Week1,Fox Hunt,Week5,210.0 Fox Hunt - 183.0 South Run
Somerset-Olde Creek,Week2,Fox Mill Estates,Week1,275.0 Fox Mill Estates - 122.0 Somerset-Olde Creek
Sleepy Hollow Rec,Week3,Little Rocky Run,Week4,330.0 Little Rocky Run - 72.0 Sleepy Hollow Rec
Sleepy Hollow Rec,Week4,Little Rocky Run,Week1,339.0 Little Rocky Run - 63.0 Sleepy Hollow Rec
Sleepy Hollow Rec,Week3,Poplar Tree,Week3,282.0 Poplar Tree - 120.0 Sleepy Hollow Rec
Somerset-Olde Creek,Week4,Fox Mill Estates,Week3,275.0 Fox Mill Estates - 126.0 Somerset-Olde Creek
Sleepy Hollow Rec,Week5,Poplar Heights,Week5,292.0 Poplar Heights - 110.0 Sleepy Hollow Rec
Somerset-Olde Creek,Week5,Fox Hunt,Week2,295.0 Fox Hunt - 103.0 Somerset-Olde Creek
South Run,Week5,Fox Hunt,Week3,212.0 Fox Hunt - 190.0 South Run
Somerset-Olde Creek,Week3,Mansion House,Week1,335.0 Mansion House - 62.0 Somerset-Olde Creek
Sleepy Hollow Rec,Week3,Little Rocky Run,Week1,322.0 Little Rocky Run - 80.0 Sleepy Hollow Rec
South Run,Week2,Fox Mill Estates,Week4,221.0 Fox Mill Estates - 181.0 South Run
South Run,Week2,Fox Mill Estates,Week5,205.0 Fox Mill Estates - 197.0 South Run
South Run,Week2,Fox Hunt,Week4,211.0 Fox Hunt - 191.0 South Run
Sleepy Hollow Rec,Week4,Little Rocky Run,Week2,335.5 Little Rocky Run - 66.5 Sleepy Hollow Rec
Somerset-Olde Creek,Week5,Mansion House,Week2,307.0 Mansion House - 94.0 Somerset-Olde Creek
Sleepy Hollow Rec,Week3,Little Rocky Run,Week2,315.0 Little Rocky Run - 87.0 Sleepy Hollow Rec
Somerset-Olde Creek,Week2,Fox Mill Woods,Week3,354.0 Fox Mill Woods - 48.0 Somerset-Olde Creek
Somerset-Olde Creek,Week4,Fox Hunt,Week5,335.0 Fox Hunt - 66.0 Somerset-Olde Creek
Sleepy Hollow Rec,Week4,Little Hunting Park,Week3,206.0 Little Hunting Park - 196.0 Sleepy Hollow Rec
South Run,Week2,Fox Mill Estates,Week1,212.0 South Run - 190.0 Fox Mill Estates
Somerset-Olde Creek,Week5,Fox Hunt,Week5,316.0 Fox Hunt - 82.0 Somerset-Olde Creek
South Run,Week4,Fox Hunt,Week5,223.0 Fox Hunt - 178.0 South Run
Sleepy Hollow Rec,Week1,Little Rocky Run,Week4,328.0 Little Rocky Run - 74.0 Sleepy Hollow Rec
Sleepy Hollow Rec,Week1,Lakevale Estates,Week3,311.0 Lakevale Estates - 91.0 Sleepy Hollow Rec
Somerset-Olde Creek,Week3,Fox Mill Estates,Week4,304.0 Fox Mill Estates - 97.0 Somerset-Olde Creek
Somerset-Olde Creek,Week4,Mansion House,Week3,327.0 Mansion House - 75.0 Somerset-Olde Creek
South Run,Week3,Fox Mill Estates,Week5,202.0 South Run - 200.0 Fox Mill Estates
Sleepy Hollow Rec,Week4,Laurel Hill,Week4,203.0 Sleepy Hollow Rec - 199.0 Laurel Hill
South Run,Week4,Fox Mill Estates,Week4,239.0 Fox Mill Estates - 163.0 South Run
Sleepy Hollow Rec,Week3,Lake Braddock,Week5,239.0 Sleepy Hollow Rec - 163.0 Lake Braddock
Sleepy Hollow Rec,Week2,Lake Braddock,Week3,234.5 Sleepy Hollow Rec - 166.5 Lake Braddock
Sleepy Hollow Rec,Week5,Lake Braddock,Week4,239.0 Sleepy Hollow Rec - 162.0 Lake Braddock
Sleepy Hollow Rec,Week5,Laurel Hill,Week2,248.0 Sleepy Hollow Rec - 150.0 Laurel Hill
Sleepy Hollow Rec,Week3,Lake Braddock,Week4,249.0 Sleepy Hollow Rec - 153.0 Lake Braddock
Somerset-Olde Creek,Week2,Fox Mill Estates,Week5,294.0 Fox Mill Estates - 108.0 Somerset-Olde Creek
South Run,Week3,Fox Hunt,Week3,227.0 Fox Hunt - 175.0 South Run
Somerset-Olde Creek,Week2,Mantua,Week1,335.0 Mantua - 59.0 Somerset-Olde Creek
Sleepy Hollow Rec,Week3,Lee Graham,Week3,327.0 Lee Graham - 75.0 Sleepy Hollow Rec
Somerset-Olde Creek,Week4,Mantua,Week2,332.0 Mantua - 64.0 Somerset-Olde Creek
South Run,Week3,Fox Hunt,Week4,213.0 Fox Hunt - 189.0 South Run
Somerset-Olde Creek,Week1,Fox Mill Estates,Week3,276.0 Fox Mill Estates - 124.0 Somerset-Olde Creek
Somerset-Olde Creek,Week2,Fox Mill Estates,Week2,296.0 Fox Mill Estates - 105.0 Somerset-Olde Creek
Sleepy Hollow Rec,Week5,Laurel Hill,Week4,212.0 Sleepy Hollow Rec - 190.0 Laurel Hill
Somerset-Olde Creek,Week3,Mansion House,Week5,340.0 Mansion House - 62.0 Somerset-Olde Creek
Somerset-Olde Creek,Week1,Fox Mill Estates,Week5,282.0 Fox Mill Estates - 120.0 Somerset-Olde Creek
Sleepy Hollow Rec,Week3,Lake Braddock,Week3,246.0 Sleepy Hollow Rec - 156.0 Lake Braddock
Somerset-Olde Creek,Week1,Fox Mill Estates,Week2,283.0 Fox Mill Estates - 115.0 Somerset-Olde Creek
Somerset-Olde Creek,Week2,Mansion House,Week4,312.0 Mansion House - 79.0 Somerset-Olde Creek
South Run,Week2,Fox Mill Estates,Week3,210.0 Fox Mill Estates - 191.0 South Run
South Run,Week5,Fox Hunt,Week2,223.0 South Run - 179.0 Fox Hunt
Sleepy Hollow Rec,Week5,Laurel Hill,Week5,219.0 Laurel Hill - 183.0 Sleepy Hollow Rec
Somerset-Olde Creek,Week3,Mansion House,Week3,334.0 Mansion House - 68.0 Somerset-Olde Creek
Somerset-Olde Creek,Week4,Mansion House,Week1,318.0 Mansion House - 84.0 Somerset-Olde Creek
Sleepy Hollow Rec,Week5,Laurel Hill,Week3,213.0 Sleepy Hollow Rec - 188.0 Laurel Hill
Sleepy Hollow Rec,Week1,Lakevale Estates,Week5,329.0 Lakevale Estates - 73.0 Sleepy Hollow Rec
Somerset-Olde Creek,Week2,Ravensworth Farm,Week5,343.0 Ravensworth Farm - 59.0 Somerset-Olde Creek
Sleepy Hollow Rec,Week1,Lee Graham,Week3,346.0 Lee Graham - 56.0 Sleepy Hollow Rec
Somerset-Olde Creek,Week4,Fox Mill Estates,Week2,276.0 Fox Mill Estates - 125.0 Somerset-Olde Creek
Sleepy Hollow Rec,Week2,Lakevale Estates,Week1,319.0 Lakevale Estates - 83.0 Sleepy Hollow Rec
Somerset-Olde Creek,Week1,Mantua,Week5,356.0 Mantua - 46.0 Somerset-Olde Creek
Sleepy Hollow Rec,Week3,Laurel Hill,Week3,212.0 Sleepy Hollow Rec - 189.0 Laurel Hill
Somerset-Olde Creek,Week5,Mansion House,Week1,313.0 Mansion House - 89.0 Somerset-Olde Creek
Somerset-Olde Creek,Week1,Fox Mill Estates,Week4,290.0 Fox Mill Estates - 112.0 Somerset-Olde Creek
Sleepy Hollow Rec,Week3,Laurel Hill,Week5,202.0 Laurel Hill - 200.0 Sleepy Hollow Rec
Somerset-Olde Creek,Week4,Fox Mill Estates,Week4,293.0 Fox Mill Estates - 109.0 Somerset-Olde Creek
Sleepy Hollow Rec,Week2,Lake Braddock,Week2,236.0 Sleepy Hollow Rec - 165.0 Lake Braddock
South Run,Week5,Fox Hunt,Week4,206.0 South Run - 196.0 Fox Hunt
Sleepy Hollow Rec,Week1,Lakevale Estates,Week4,334.5 Lakevale Estates - 67.5 Sleepy Hollow Rec
South Run,Week4,Fox Hunt,Week3,215.0 Fox Hunt - 187.0 South Run
Somerset-Olde Creek,Week4,Mansion House,Week2,315.0 Mansion House - 86.0 Somerset-Olde Creek
Somerset-Olde Creek,Week5,Fox Mill Estates,Week3,283.0 Fox Mill Estates - 117.0 Somerset-Olde Creek
Somerset-Olde Creek,Week5,Poplar Tree,Week5,331.0 Poplar Tree - 70.0 Somerset-Olde Creek
South Run,Week2,Fox Hunt,Week5,233.0 Fox Hunt - 169.0 South Run
Somerset-Olde Creek,Week5,Fox Mill Estates,Week2,265.0 Fox Mill Estates - 133.0 Somerset-Olde Creek
Somerset-Olde Creek,Week5,Fox Mill Estates,Week1,251.0 Fox Mill Estates - 151.0 Somerset-Olde Creek
Somerset-Olde Creek,Week4,Mansion House,Week5,332.0 Mansion House - 70.0 Somerset-Olde Creek
Sleepy Hollow Rec,Week2,Lake Braddock,Week4,234.0 Sleepy Hollow Rec - 167.0 Lake Braddock
Somerset-Olde Creek,Week3,Fox Mill Estates,Week5,296.0 Fox Mill Estates - 106.0 Somerset-Olde Creek
Sleepy Hollow Rec,Week2,Lee Graham,Week1,336.0 Lee Graham - 66.0 Sleepy Hollow Rec
Somerset-Olde Creek,Week5,Mansion House,Week5,324.0 Mansion House - 78.0 Somerset-Olde Creek
South Run,Week5,Fox Hunt,Week1,230.0 South Run - 172.0 Fox Hunt
Sleepy Hollow Rec,Week5,Laurel Hill,Week1,227.0 Sleepy Hollow Rec - 174.0 Laurel Hill
Somerset-Olde Creek,Week1,Ravensworth Farm,Week1,329.0 Ravensworth Farm - 72.0 Somerset-Olde Creek
Sleepy Hollow Rec,Week3,Laurel Hill,Week1,236.0 Sleepy Hollow Rec - 166.0 Laurel Hill
Sleepy Hollow Rec,Week2,Lee Graham,Week4,324.5 Lee Graham - 77.5 Sleepy Hollow Rec
South Run,Week4,Fox Hunt,Week1,206.0 Fox Hunt - 191.0 South Run
Sleepy Hollow Rec,Week4,Lake Braddock,Week4,216.0 Sleepy Hollow Rec - 186.0 Lake Braddock
Somerset-Olde Creek,Week5,Mansion House,Week3,318.0 Mansion House - 84.0 Somerset-Olde Creek
Somerset-Olde Creek,Week3,Mansion House,Week4,311.0 Mansion House - 82.0 Somerset-Olde Creek
Somerset-Olde Creek,Week3,Mansion House,Week2,324.0 Mansion House - 72.0 Somerset-Olde Creek
Sleepy Hollow Rec,Week4,Laurel Hill,Week1,231.5 Sleepy Hollow Rec - 169.5 Laurel Hill
South Run,Week3,Fox Hunt,Week2,204.0 Fox Hunt - 198.0 South Run
Somerset-Olde Creek,Week3,Fox Mill Estates,Week1,275.0 Fox Mill Estates - 127.0 Somerset-Olde Creek
Sleepy Hollow Rec,Week3,Lake Braddock,Week2,257.0 Sleepy Hollow Rec - 145.0 Lake Braddock
Somerset-Olde Creek,Week3,Ravensworth Farm,Week3,338.0 Ravensworth Farm - 63.0 Somerset-Olde Creek
Somerset-Olde Creek,Week1,Mantua,Week4,352.0 Mantua - 50.0 Somerset-Olde Creek
Sleepy Hollow Rec,Week4,Lake Braddock,Week2,243.0 Sleepy Hollow Rec - 159.0 Lake Braddock
South Run,Week1,Fox Mill Estates,Week2,220.0 South Run - 173.0 Fox Mill Estates
South Run,Week4,Fox Hunt,Week2,209.0 Fox Hunt - 187.0 South Run
South Run,Week1,Fox Mill Estates,Week3,208.0 South Run - 184.0 Fox Mill Estates
Somerset-Olde Creek,Week5,Fox Hunt,Week4,294.0 Fox Hunt - 104.0 Somerset-Olde Creek
Sleepy Hollow Rec,Week2,Lakevale Estates,Week2,335.0 Lakevale Estates - 67.0 Sleepy Hollow Rec
South Run,Week3,Fox Hunt,Week5,227.0 Fox Hunt - 175.0 South Run
Somerset-Olde Creek,Week2,Mantua,Week2,332.0 Mantua - 69.0 Somerset-Olde Creek
Somerset-Olde Creek,Week2,Mansion House,Week5,334.0 Mansion House - 68.0 Somerset-Olde Creek
Sleepy Hollow Rec,Week2,Lake Braddock,Week5,220.0 Sleepy Hollow Rec - 181.0 Lake Braddock
Somerset-Olde Creek,Week1,Fox Mill Woods,Week1,353.0 Fox Mill Woods - 49.0 Somerset-Olde Creek
South Run,Week1,Fox Mill Estates,Week1,226.0 South Run - 167.0 Fox Mill Estates
Somerset-Olde Creek,Week2,Mantua,Week3,363.0 Mantua - 39.0 Somerset-Olde Creek
Somerset-Olde Creek,Week5,Fox Mill Estates,Week5,278.0 Fox Mill Estates - 124.0 Somerset-Olde Creek
Somerset-Olde Creek,Week5,Poplar Tree,Week4,290.0 Poplar Tree - 109.0 Somerset-Olde Creek
Sleepy Hollow Rec,Week1,Lee Graham,Week1,330.0 Lee Graham - 72.0 Sleepy Hollow Rec
Somerset-Olde Creek,Week1,Riverside Gardens,Week3,342.0 Riverside Gardens - 60.0 Somerset-Olde Creek
Somerset-Olde Creek,Week1,Mantua,Week3,356.0 Mantua - 45.0 Somerset-Olde Creek
South Run,Week4,Fox Hunt,Week4,213.0 Fox Hunt - 188.0 South Run
South Run,Week5,Fox Hunt,Week5,214.0 Fox Hunt - 188.0 South Run
Somerset-Olde Creek,Week5,Fox Mill Estates,Week4,293.0 Fox Mill Estates - 109.0 Somerset-Olde Creek
Sleepy Hollow Rec,Week1,Lee Graham,Week2,344.0 Lee Graham - 58.0 Sleepy Hollow Rec
Sleepy Hollow Rec,Week1,Lee Graham,Week4,331.0 Lee Graham - 71.0 Sleepy Hollow Rec
Somerset-Olde Creek,Week2,Ravensworth Farm,Week4,339.0 Ravensworth Farm - 63.0 Somerset-Olde Creek
Somerset-Olde Creek,Week1,Fox Mill Woods,Week3,350.0 Fox Mill Woods - 52.0 Somerset-Olde Creek
Sleepy Hollow Rec,Week4,Lake Braddock,Week5,218.0 Sleepy Hollow Rec - 184.0 Lake Braddock
Sleepy Hollow Rec,Week3,Lake Braddock,Week1,277.0 Sleepy Hollow Rec - 125.0 Lake Braddock
Sleepy Hollow Rec,Week4,Laurel Hill,Week2,234.0 Sleepy Hollow Rec - 168.0 Laurel Hill
Somerset-Olde Creek,Week2,Ravensworth Farm,Week3,340.0 Ravensworth Farm - 61.0 Somerset-Olde Creek
Sleepy Hollow Rec,Week3,Laurel Hill,Week2,266.0 Sleepy Hollow Rec - 136.0 Laurel Hill
Sleepy Hollow Rec,Week5,Lake Braddock,Week1,269.0 Sleepy Hollow Rec - 133.0 Lake Braddock
Sleepy Hollow Rec,Week4,Laurel Hill,Week5,211.0 Laurel Hill - 191.0 Sleepy Hollow Rec
Somerset-Olde Creek,Week1,Fox Mill Woods,Week2,346.0 Fox Mill Woods - 55.0 Somerset-Olde Creek
Sleepy Hollow Rec,Week3,Laurel Hill,Week4,209.0 Sleepy Hollow Rec - 193.0 Laurel Hill
Somerset-Olde Creek,Week4,Ravensworth Farm,Week3,333.0 Ravensworth Farm - 68.0 Somerset-Olde Creek
Somerset-Olde Creek,Week2,Fox Mill Woods,Week2,349.0 Fox Mill Woods - 53.0 Somerset-Olde Creek
Somerset-Olde Creek,Week1,Riverside Gardens,Week5,343.0 Riverside Gardens - 59.0 Somerset-Olde Creek
Somerset-Olde Creek,Week1,Fox Mill Woods,Week5,339.0 Fox Mill Woods - 63.0 Somerset-Olde Creek
Sleepy Hollow Rec,Week5,Lake Braddock,Week2,251.0 Sleepy Hollow Rec - 150.0 Lake Braddock
Somerset-Olde Creek,Week5,Poplar Tree,Week1,313.0 Poplar Tree - 88.0 Somerset-Olde Creek
South Run,Week1,Fox Mill Estates,Week5,201.0 South Run - 192.0 Fox Mill Estates
Somerset-Olde Creek,Week1,Fox Mill Woods,Week4,354.0 Fox Mill Woods - 48.0 Somerset-Olde Creek
Sleepy Hollow Rec,Week5,Lake Braddock,Week3,245.0 Sleepy Hollow Rec - 156.0 Lake Braddock
Somerset-Olde Creek,Week2,Mantua,Week4,355.0 Mantua - 47.0 Somerset-Olde Creek
Sleepy Hollow Rec,Week4,Lake Braddock,Week1,259.0 Sleepy Hollow Rec - 143.0 Lake Braddock
Sleepy Hollow Rec,Week4,Laurel Hill,Week3,214.0 Laurel Hill - 187.0 Sleepy Hollow Rec
Somerset-Olde Creek,Week1,Mantua,Week2,332.0 Mantua - 69.0 Somerset-Olde Creek
Somerset-Olde Creek,Week2,Fox Mill Woods,Week1,357.0 Fox Mill Woods - 45.0 Somerset-Olde Creek
South Run,Week2,Fox Mill Estates,Week2,203.0 Fox Mill Estates - 198.0 South Run
Sleepy Hollow Rec,Week5,Lake Braddock,Week5,223.5 Sleepy Hollow Rec - 177.5 Lake Braddock
Somerset-Olde Creek,Week1,Mantua,Week1,334.0 Mantua - 57.0 Somerset-Olde Creek
South Run,Week1,Fox Mill Estates,Week4,206.0 Fox Mill Estates - 187.0 South Run
South Run,Week3,Fox Hunt,Week1,205.0 South Run - 197.0 Fox Hunt
Somerset-Olde Creek,Week1,Ravensworth Farm,Week4,337.0 Ravensworth Farm - 64.0 Somerset-Olde Creek
Somerset-Olde Creek,Week5,Poplar Tree,Week2,293.0 Poplar Tree - 109.0 Somerset-Olde Creek
Somerset-Olde Creek,Week2,Mantua,Week5,361.0 Mantua - 41.0 Somerset-Olde Creek
Sleepy Hollow Rec,Week3,Lee Graham,Week1,311.0 Lee Graham - 91.0 Sleepy Hollow Rec
Somerset-Olde Creek,Week1,Ravensworth Farm,Week3,334.0 Ravensworth Farm - 67.0 Somerset-Olde Creek
Sleepy Hollow Rec,Week3,Lee Graham,Week5,322.0 Lee Graham - 80.0 Sleepy Hollow Rec
Sleepy Hollow Rec,Week1,Lakevale Estates,Week2,328.0 Lakevale Estates - 74.0 Sleepy Hollow Rec
South Run,Week5,Fox Mill Estates,Week4,204.0 South Run - 198.0 Fox Mill Estates
Sleepy Hollow Rec,Week3,Lee Graham,Week2,326.0 Lee Graham - 76.0 Sleepy Hollow Rec
Sleepy Hollow Rec,Week4,Lee Graham,Week1,325.0 Lee Graham - 77.0 Sleepy Hollow Rec
Sleepy Hollow Rec,Week4,Lake Braddock,Week3,234.0 Sleepy Hollow Rec - 168.0 Lake Braddock
Somerset-Olde Creek,Week5,Poplar Tree,Week3,319.0 Poplar Tree - 82.0 Somerset-Olde Creek
Somerset-Olde Creek,Week3,Mantua,Week2,340.0 Mantua - 62.0 Somerset-Olde Creek
Somerset-Olde Creek,Week2,Ravensworth Farm,Week2,323.0 Ravensworth Farm - 78.0 Somerset-Olde Creek
Sleepy Hollow Rec,Week2,Lee Graham,Week2,347.0 Lee Graham - 55.0 Sleepy Hollow Rec
Somerset-Olde Creek,Week3,Fox Mill Woods,Week5,339.0 Fox Mill Woods - 62.0 Somerset-Olde Creek
Somerset-Olde Creek,Week3,Fox Mill Woods,Week1,353.0 Fox Mill Woods - 49.0 Somerset-Olde Creek
South Run,Week4,Fox Mill Estates,Week1,203.0 Fox Mill Estates - 199.0 South Run
Sleepy Hollow Rec,Week1,Lee Graham,Week5,345.0 Lee Graham - 57.0 Sleepy Hollow Rec
Somerset-Olde Creek,Week4,Ravensworth Farm,Week1,336.0 Ravensworth Farm - 66.0 Somerset-Olde Creek
Somerset-Olde Creek,Week1,McLean,Week5,355.0 McLean - 47.0 Somerset-Olde Creek
South Run,Week3,Fox Mill Estates,Week4,217.0 Fox Mill Estates - 185.0 South Run
South Run,Week4,Fox Mill Estates,Week3,209.5 Fox Mill Estates - 191.5 South Run
Somerset-Olde Creek,Week2,Ravensworth Farm,Week1,342.0 Ravensworth Farm - 60.0 Somerset-Olde Creek
Somerset-Olde Creek,Week5,Mansion House,Week4,283.0 Mansion House - 115.0 Somerset-Olde Creek
South Run,Week4,Fox Mill Estates,Week2,219.0 Fox Mill Estates - 181.0 South Run
Somerset-Olde Creek,Week1,Great Falls,Week3,306.0 Great Falls - 90.0 Somerset-Olde Creek
Somerset-Olde Creek,Week5,Fox Mill Woods,Week3,336.0 Fox Mill Woods - 66.0 Somerset-Olde Creek
Somerset-Olde Creek,Week3,Ravensworth Farm,Week4,335.0 Ravensworth Farm - 62.0 Somerset-Olde Creek
Somerset-Olde Creek,Week4,Mansion House,Week4,295.0 Mansion House - 106.0 Somerset-Olde Creek
Somerset-Olde Creek,Week1,Ravensworth Farm,Week5,341.0 Ravensworth Farm - 61.0 Somerset-Olde Creek
Somerset-Olde Creek,Week3,Mantua,Week4,351.0 Mantua - 51.0 Somerset-Olde Creek
Sleepy Hollow Rec,Week2,Lee Graham,Week3,344.0 Lee Graham - 58.0 Sleepy Hollow Rec
Somerset-Olde Creek,Week3,Mantua,Week1,334.0 Mantua - 58.0 Somerset-Olde Creek
Somerset-Olde Creek,Week1,Great Falls,Week4,276.0 Great Falls - 112.0 Somerset-Olde Creek
Somerset-Olde Creek,Week5,Ravensworth Farm,Week1,317.0 Ravensworth Farm - 84.0 Somerset-Olde Creek
Sleepy Hollow Rec,Week4,Lee Graham,Week3,348.0 Lee Graham - 54.0 Sleepy Hollow Rec
Somerset-Olde Creek,Week5,Fox Mill Woods,Week4,345.0 Fox Mill Woods - 57.0 Somerset-Olde Creek
Somerset-Olde Creek,Week1,Great Falls,Week5,299.0 Great Falls - 92.0 Somerset-Olde Creek
South Run,Week3,Fox Mill Estates,Week3,205.0 South Run - 196.0 Fox Mill Estates
South Run,Week3,Fox Mill Estates,Week1,216.0 South Run - 186.0 Fox Mill Estates
Sleepy Hollow Rec,Week1,Lakevale Estates,Week1,313.0 Lakevale Estates - 89.0 Sleepy Hollow Rec
Sleepy Hollow Rec,Week2,Lee Graham,Week5,336.0 Lee Graham - 66.0 Sleepy Hollow Rec
Somerset-Olde Creek,Week3,Mantua,Week5,367.0 Mantua - 35.0 Somerset-Olde Creek
South Run,Week4,Fox Mill Estates,Week5,217.0 Fox Mill Estates - 185.0 South Run
Somerset-Olde Creek,Week4,Fox Mill Woods,Week3,353.0 Fox Mill Woods - 49.0 Somerset-Olde Creek
Somerset-Olde Creek,Week3,Mantua,Week3,363.0 Mantua - 39.0 Somerset-Olde Creek
Sleepy Hollow Rec,Week3,Lee Graham,Week4,313.0 Lee Graham - 89.0 Sleepy Hollow Rec
South Run,Week3,Fox Mill Woods,Week5,272.0 Fox Mill Woods - 130.0 South Run
Somerset-Olde Creek,Week4,Mantua,Week1,331.5 Mantua - 68.5 Somerset-Olde Creek
Somerset-Olde Creek,Week1,Ravensworth Farm,Week2,312.0 Ravensworth Farm - 88.0 Somerset-Olde Creek
Somerset-Olde Creek,Week1,Great Falls,Week2,286.0 Great Falls - 94.0 Somerset-Olde Creek
South Run,Week3,Fox Mill Estates,Week2,209.0 South Run - 193.0 Fox Mill Estates
Somerset-Olde Creek,Week4,Ravensworth Farm,Week2,312.0 Ravensworth Farm - 90.0 Somerset-Olde Creek
Somerset-Olde Creek,Week5,Mantua,Week2,317.0 Mantua - 84.0 Somerset-Olde Creek
Sleepy Hollow Rec,Week5,Lee Graham,Week2,328.0 Lee Graham - 74.0 Sleepy Hollow Rec
Sleepy Hollow Rec,Week4,Lee Graham,Week4,338.0 Lee Graham - 64.0 Sleepy Hollow Rec
Sleepy Hollow Rec,Week4,Lee Graham,Week5,353.0 Lee Graham - 49.0 Sleepy Hollow Rec
Somerset-Olde Creek,Week3,McLean,Week2,347.0 McLean - 55.0 Somerset-Olde Creek
South Run,Week5,Fox Mill Woods,Week3,225.0 Fox Mill Woods - 177.0 South Run
Somerset-Olde Creek,Week2,McLean,Week4,340.0 McLean - 61.0 Somerset-Olde Creek
Somerset-Olde Creek,Week2,Great Falls,Week1,291.0 Great Falls - 105.0 Somerset-Olde Creek
South Run,Week2,Fox Mill Woods,Week1,266.0 Fox Mill Woods - 136.0 South Run
Somerset-Olde Creek,Week1,McLean,Week2,346.0 McLean - 56.0 Somerset-Olde Creek
Somerset-Olde Creek,Week2,Great Falls,Week2,292.0 Great Falls - 90.0 Somerset-Olde Creek
Sleepy Hollow Rec,Week5,Lee Graham,Week1,317.0 Lee Graham - 85.0 Sleepy Hollow Rec
Somerset-Olde Creek,Week4,Ravensworth Farm,Week5,343.5 Ravensworth Farm - 58.5 Somerset-Olde Creek
Somerset-Olde Creek,Week5,Fox Mill Woods,Week2,330.5 Fox Mill Woods - 71.5 Somerset-Olde Creek
Somerset-Olde Creek,Week5,Mantua,Week4,335.0 Mantua - 67.0 Somerset-Olde Creek
South Run,Week5,Fox Mill Woods,Week2,236.0 Fox Mill Woods - 166.0 South Run
Somerset-Olde Creek,Week3,Fox Mill Woods,Week2,349.0 Fox Mill Woods - 53.0 Somerset-Olde Creek
Somerset-Olde Creek,Week3,Ravensworth Farm,Week5,340.0 Ravensworth Farm - 62.0 Somerset-Olde Creek
Somerset-Olde Creek,Week4,Fox Mill Woods,Week2,341.0 Fox Mill Woods - 61.0 Somerset-Olde Creek
South Run,Week1,Fox Mill Woods,Week5,246.0 Fox Mill Woods - 147.0 South Run
South Run,Week2,Fox Mill Woods,Week3,257.0 Fox Mill Woods - 145.0 South Run
Somerset-Olde Creek,Week3,Ravensworth Farm,Week1,329.0 Ravensworth Farm - 72.0 Somerset-Olde Creek
Somerset-Olde Creek,Week3,Ravensworth Farm,Week2,321.0 Ravensworth Farm - 80.0 Somerset-Olde Creek
Sleepy Hollow Rec,Week5,Lee Graham,Week3,332.0 Lee Graham - 70.0 Sleepy Hollow Rec
Sleepy Hollow Rec,Week1,Lincolnia Park,Week2,252.0 Sleepy Hollow Rec - 140.0 Lincolnia Park
Somerset-Olde Creek,Week2,Fox Mill Woods,Week4,357.0 Fox Mill Woods - 45.0 Somerset-Olde Creek
Somerset-Olde Creek,Week4,Fox Mill Woods,Week5,345.0 Fox Mill Woods - 57.0 Somerset-Olde Creek
Somerset-Olde Creek,Week3,Fox Mill Woods,Week3,349.0 Fox Mill Woods - 53.0 Somerset-Olde Creek
Somerset-Olde Creek,Week3,McLean,Week5,359.0 McLean - 43.0 Somerset-Olde Creek
Somerset-Olde Creek,Week5,Ravensworth Farm,Week5,330.0 Ravensworth Farm - 72.0 Somerset-Olde Creek
Sleepy Hollow Rec,Week1,Lincolnia Park,Week1,257.0 Sleepy Hollow Rec - 145.0 Lincolnia Park
Somerset-Olde Creek,Week3,Fox Mill Woods,Week4,357.0 Fox Mill Woods - 45.0 Somerset-Olde Creek
South Run,Week4,Fox Mill Woods,Week1,259.0 Fox Mill Woods - 143.0 South Run
Somerset-Olde Creek,Week5,McLean,Week1,344.0 McLean - 58.0 Somerset-Olde Creek
Somerset-Olde Creek,Week1,Riverside Gardens,Week1,341.0 Riverside Gardens - 61.0 Somerset-Olde Creek
South Run,Week3,Fox Mill Woods,Week2,259.0 Fox Mill Woods - 143.0 South Run
Sleepy Hollow Rec,Week5,Lee Graham,Week5,323.0 Lee Graham - 79.0 Sleepy Hollow Rec
Somerset-Olde Creek,Week5,Ravensworth Farm,Week3,329.0 Ravensworth Farm - 72.0 Somerset-Olde Creek
Somerset-Olde Creek,Week4,Ravensworth Farm,Week4,325.0 Ravensworth Farm - 77.0 Somerset-Olde Creek
Somerset-Olde Creek,Week5,Fox Mill Woods,Week1,342.0 Fox Mill Woods - 60.0 Somerset-Olde Creek
South Run,Week5,Fox Mill Estates,Week2,231.0 South Run - 171.0 Fox Mill Estates
Somerset-Olde Creek,Week2,McLean,Week1,350.0 McLean - 52.0 Somerset-Olde Creek
Sleepy Hollow Rec,Week4,Lee Graham,Week2,341.0 Lee Graham - 61.0 Sleepy Hollow Rec
South Run,Week4,Fox Mill Woods,Week2,260.0 Fox Mill Woods - 142.0 South Run
Somerset-Olde Creek,Week5,McLean,Week2,341.0 McLean - 61.0 Somerset-Olde Creek
Somerset-Olde Creek,Week5,Ravensworth Farm,Week2,290.0 Ravensworth Farm - 112.0 Somerset-Olde Creek
Somerset-Olde Creek,Week5,Mantua,Week5,343.0 Mantua - 59.0 Somerset-Olde Creek
South Run,Week3,Fox Mill Woods,Week4,269.0 Fox Mill Woods - 133.0 South Run
Somerset-Olde Creek,Week3,McLean,Week1,348.0 McLean - 54.0 Somerset-Olde Creek
Sleepy Hollow Rec,Week1,Lincolnia Park,Week3,218.5 Sleepy Hollow Rec - 174.5 Lincolnia Park
South Run,Week1,Fox Mill Woods,Week4,236.0 Fox Mill Woods - 157.0 South Run
Somerset-Olde Creek,Week2,McLean,Week5,363.0 McLean - 39.0 Somerset-Olde Creek
South Run,Week2,Fox Mill Woods,Week5,270.0 Fox Mill Woods - 132.0 South Run
Somerset-Olde Creek,Week1,Tuckahoe,Week4,374.0 Tuckahoe - 27.0 Somerset-Olde Creek
South Run,Week1,Fox Mill Woods,Week1,240.0 Fox Mill Woods - 153.0 South Run
Somerset-Olde Creek,Week2,Riverside Gardens,Week4,357.0 Riverside Gardens - 45.0 Somerset-Olde Creek
Somerset-Olde Creek,Week3,Riverside Gardens,Week1,356.0 Riverside Gardens - 46.0 Somerset-Olde Creek
Somerset-Olde Creek,Week1,McLean,Week1,343.0 McLean - 59.0 Somerset-Olde Creek
Somerset-Olde Creek,Week2,McLean,Week2,353.0 McLean - 49.0 Somerset-Olde Creek
South Run,Week2,Fox Mill Woods,Week4,259.0 Fox Mill Woods - 143.0 South Run
South Run,Week1,Fox Mill Woods,Week3,227.0 Fox Mill Woods - 166.0 South Run
Somerset-Olde Creek,Week4,Fox Mill Woods,Week4,347.0 Fox Mill Woods - 55.0 Somerset-Olde Creek
Somerset-Olde Creek,Week2,Truro,Week4,297.0 Truro - 104.0 Somerset-Olde Creek
Somerset-Olde Creek,Week2,Riverside Gardens,Week2,347.0 Riverside Gardens - 55.0 Somerset-Olde Creek
Somerset-Olde Creek,Week5,Great Falls,Week4,262.0 Great Falls - 132.0 Somerset-Olde Creek
Somerset-Olde Creek,Week4,Fox Mill Woods,Week1,358.0 Fox Mill Woods - 44.0 Somerset-Olde Creek
Somerset-Olde Creek,Week2,Rolling Forest,Week3,327.0 Rolling Forest - 75.0 Somerset-Olde Creek
Somerset-Olde Creek,Week5,Great Falls,Week5,285.0 Great Falls - 113.0 Somerset-Olde Creek
Somerset-Olde Creek,Week3,Great Falls,Week4,287.0 Great Falls - 99.0 Somerset-Olde Creek
Sleepy Hollow Rec,Week5,Lee Graham,Week4,319.0 Lee Graham - 83.0 Sleepy Hollow Rec
Somerset-Olde Creek,Week5,Mantua,Week3,342.0 Mantua - 60.0 Somerset-Olde Creek
Somerset-Olde Creek,Week1,Riverside Gardens,Week2,330.5 Riverside Gardens - 71.5 Somerset-Olde Creek
Somerset-Olde Creek,Week1,Great Falls,Week1,281.0 Great Falls - 104.0 Somerset-Olde Creek
South Run,Week3,Fox Mill Woods,Week1,270.0 Fox Mill Woods - 132.0 South Run
Somerset-Olde Creek,Week2,McLean,Week3,352.0 McLean - 44.0 Somerset-Olde Creek
Somerset-Olde Creek,Week3,Riverside Gardens,Week3,358.0 Riverside Gardens - 44.0 Somerset-Olde Creek
Somerset-Olde Creek,Week1,Rolling Forest,Week2,288.0 Rolling Forest - 113.0 Somerset-Olde Creek
Somerset-Olde Creek,Week1,Tuckahoe,Week1,368.0 Tuckahoe - 34.0 Somerset-Olde Creek
Somerset-Olde Creek,Week3,Great Falls,Week2,287.0 Great Falls - 94.0 Somerset-Olde Creek
Somerset-Olde Creek,Week3,Greenbriar,Week1,336.0 Greenbriar - 66.0 Somerset-Olde Creek
South Run,Week4,Fox Mill Woods,Week3,246.0 Fox Mill Woods - 156.0 South Run
Somerset-Olde Creek,Week1,Riverside Gardens,Week4,346.0 Riverside Gardens - 56.0 Somerset-Olde Creek
Somerset-Olde Creek,Week3,McLean,Week3,356.0 McLean - 40.0 Somerset-Olde Creek
Somerset-Olde Creek,Week5,Fox Mill Woods,Week5,332.0 Fox Mill Woods - 70.0 Somerset-Olde Creek
Sleepy Hollow Rec,Week4,Highlands Swim,Week4,343.0 Highlands Swim - 59.0 Sleepy Hollow Rec
Somerset-Olde Creek,Week4,Mantua,Week5,356.0 Mantua - 46.0 Somerset-Olde Creek
Somerset-Olde Creek,Week5,Mantua,Week1,312.0 Mantua - 85.0 Somerset-Olde Creek
South Run,Week5,Fox Mill Estates,Week3,225.0 South Run - 177.0 Fox Mill Estates
Somerset-Olde Creek,Week2,Rolling Forest,Week1,325.0 Rolling Forest - 77.0 Somerset-Olde Creek
Somerset-Olde Creek,Week1,McLean,Week3,346.0 McLean - 50.0 Somerset-Olde Creek
Somerset-Olde Creek,Week4,Great Falls,Week5,293.0 Great Falls - 108.0 Somerset-Olde Creek
Somerset-Olde Creek,Week5,Ravensworth Farm,Week4,308.0 Ravensworth Farm - 94.0 Somerset-Olde Creek
Somerset-Olde Creek,Week4,Mantua,Week4,345.0 Mantua - 57.0 Somerset-Olde Creek
Somerset-Olde Creek,Week4,Mantua,Week3,358.0 Mantua - 44.0 Somerset-Olde Creek
South Run,Week2,Fox Mill Woods,Week2,258.0 Fox Mill Woods - 144.0 South Run
Somerset-Olde Creek,Week2,Fox Mill Woods,Week5,350.0 Fox Mill Woods - 51.0 Somerset-Olde Creek
South Run,Week5,Fox Mill Estates,Week5,224.0 South Run - 178.0 Fox Mill Estates
South Run,Week1,Fox Mill Woods,Week2,231.0 Fox Mill Woods - 162.0 South Run
Somerset-Olde Creek,Week2,Riverside Gardens,Week3,354.0 Riverside Gardens - 48.0 Somerset-Olde Creek
Somerset-Olde Creek,Week5,Riverside Gardens,Week4,347.0 Riverside Gardens - 55.0 Somerset-Olde Creek
Somerset-Olde Creek,Week3,McLean,Week4,350.0 McLean - 46.0 Somerset-Olde Creek
Somerset-Olde Creek,Week4,Truro,Week1,283.0 Truro - 117.0 Somerset-Olde Creek
Somerset-Olde Creek,Week4,Riverside Gardens,Week3,351.0 Riverside Gardens - 51.0 Somerset-Olde Creek
Somerset-Olde Creek,Week2,Greenbriar,Week5,340.0 Greenbriar - 61.0 Somerset-Olde Creek
Somerset-Olde Creek,Week4,McLean,Week1,351.0 McLean - 51.0 Somerset-Olde Creek
South Run,Week5,Fox Mill Woods,Week1,240.0 Fox Mill Woods - 162.0 South Run
South Run,Week4,Fox Mill Woods,Week4,259.0 Fox Mill Woods - 143.0 South Run
Somerset-Olde Creek,Week1,McLean,Week4,338.0 McLean - 64.0 Somerset-Olde Creek
Somerset-Olde Creek,Week4,Riverside Gardens,Week1,359.0 Riverside Gardens - 43.0 Somerset-Olde Creek
South Run,Week4,Fox Mill Woods,Week5,273.0 Fox Mill Woods - 129.0 South Run
Somerset-Olde Creek,Week5,Riverside Gardens,Week3,341.5 Riverside Gardens - 60.5 Somerset-Olde Creek
Somerset-Olde Creek,Week4,Truro,Week3,259.0 Truro - 143.0 Somerset-Olde Creek
Somerset-Olde Creek,Week3,Truro,Week3,285.0 Truro - 115.0 Somerset-Olde Creek
South Run,Week5,Fox Mill Estates,Week1,232.0 South Run - 170.0 Fox Mill Estates
Sleepy Hollow Rec,Week4,Highlands Swim,Week5,348.0 Highlands Swim - 54.0 Sleepy Hollow Rec
Somerset-Olde Creek,Week4,McLean,Week2,345.0 McLean - 57.0 Somerset-Olde Creek
South Run,Week3,Fox Mill Woods,Week3,247.0 Fox Mill Woods - 155.0 South Run
Somerset-Olde Creek,Week3,Great Falls,Week1,294.0 Great Falls - 97.0 Somerset-Olde Creek
Somerset-Olde Creek,Week1,Truro,Week3,262.0 Truro - 139.0 Somerset-Olde Creek
Somerset-Olde Creek,Week5,Great Falls,Week1,269.0 Great Falls - 123.0 Somerset-Olde Creek
Somerset-Olde Creek,Week4,McLean,Week3,342.0 McLean - 60.0 Somerset-Olde Creek
Somerset-Olde Creek,Week2,Greenbriar,Week4,330.0 Greenbriar - 72.0 Somerset-Olde Creek
Somerset-Olde Creek,Week1,Rolling Forest,Week3,308.0 Rolling Forest - 93.0 Somerset-Olde Creek
Somerset-Olde Creek,Week1,Greenbriar,Week3,323.0 Greenbriar - 78.0 Somerset-Olde Creek
South Run,Week1,Greenbriar,Week1,214.0 Greenbriar - 179.0 South Run
South Run,Week3,Great Falls,Week5,217.0 Great Falls - 185.0 South Run
Somerset-Olde Creek,Week3,Truro,Week2,264.0 Truro - 123.0 Somerset-Olde Creek
Somerset-Olde Creek,Week5,Truro,Week2,218.0 Truro - 174.0 Somerset-Olde Creek
Somerset-Olde Creek,Week5,McLean,Week3,341.0 McLean - 61.0 Somerset-Olde Creek
Somerset-Olde Creek,Week1,Mosby Woods,Week2,351.0 Mosby Woods - 49.0 Somerset-Olde Creek
Somerset-Olde Creek,Week2,Great Falls,Week3,310.0 Great Falls - 87.0 Somerset-Olde Creek
Somerset-Olde Creek,Week4,Riverside Gardens,Week2,333.0 Riverside Gardens - 69.0 Somerset-Olde Creek
Somerset-Olde Creek,Week4,Great Falls,Week2,285.0 Great Falls - 98.0 Somerset-Olde Creek
Somerset-Olde Creek,Week2,Riverside Gardens,Week5,358.0 Riverside Gardens - 44.0 Somerset-Olde Creek
Somerset-Olde Creek,Week3,Riverside Gardens,Week5,355.0 Riverside Gardens - 47.0 Somerset-Olde Creek
Somerset-Olde Creek,Week2,Truro,Week5,284.0 Truro - 109.0 Somerset-Olde Creek
Somerset-Olde Creek,Week4,Riverside Gardens,Week5,357.0 Riverside Gardens - 45.0 Somerset-Olde Creek
Somerset-Olde Creek,Week4,McLean,Week5,352.0 McLean - 50.0 Somerset-Olde Creek
Somerset-Olde Creek,Week1,Tuckahoe,Week2,380.0 Tuckahoe - 22.0 Somerset-Olde Creek
Somerset-Olde Creek,Week4,Greenbriar,Week5,315.0 Greenbriar - 87.0 Somerset-Olde Creek
Somerset-Olde Creek,Week3,Truro,Week4,295.0 Truro - 103.0 Somerset-Olde Creek
South Run,Week5,Great Falls,Week4,216.5 South Run - 185.5 Great Falls
Somerset-Olde Creek,Week2,Great Falls,Week4,287.0 Great Falls - 104.0 Somerset-Olde Creek
South Run,Week2,Great Falls,Week3,220.0 Great Falls - 182.0 South Run
Somerset-Olde Creek,Week1,Truro,Week5,259.0 Truro - 132.0 Somerset-Olde Creek
Somerset-Olde Creek,Week5,McLean,Week4,338.0 McLean - 64.0 Somerset-Olde Creek
Somerset-Olde Creek,Week5,Great Falls,Week2,259.0 Great Falls - 123.0 Somerset-Olde Creek
Somerset-Olde Creek,Week4,Riverside Gardens,Week4,356.0 Riverside Gardens - 46.0 Somerset-Olde Creek
South Run,Week3,Great Falls,Week2,194.0 South Run - 190.0 Great Falls
Somerset-Olde Creek,Week4,McLean,Week4,340.0 McLean - 62.0 Somerset-Olde Creek
South Run,Week4,Great Falls,Week2,195.0 Great Falls - 184.0 South Run
South Run,Week1,Great Falls,Week2,206.0 South Run - 178.0 Great Falls
Somerset-Olde Creek,Week1,Greenbriar,Week1,327.0 Greenbriar - 75.0 Somerset-Olde Creek
Somerset-Olde Creek,Week3,Greenbriar,Week2,338.0 Greenbriar - 64.0 Somerset-Olde Creek
South Run,Week5,Fox Mill Woods,Week5,250.0 Fox Mill Woods - 152.0 South Run
Somerset-Olde Creek,Week2,Truro,Week2,276.0 Truro - 111.0 Somerset-Olde Creek
Somerset-Olde Creek,Week5,Mosby Woods,Week4,327.0 Mosby Woods - 74.0 Somerset-Olde Creek
Somerset-Olde Creek,Week5,Riverside Gardens,Week1,343.0 Riverside Gardens - 59.0 Somerset-Olde Creek
Somerset-Olde Creek,Week5,Truro,Week3,233.0 Truro - 167.0 Somerset-Olde Creek
South Run,Week3,Great Falls,Week1,224.0 South Run - 177.0 Great Falls
Somerset-Olde Creek,Week2,Greenbriar,Week1,330.0 Greenbriar - 72.0 Somerset-Olde Creek
South Run,Week3,Great Falls,Week3,217.0 Great Falls - 185.0 South Run
Somerset-Olde Creek,Week5,Riverside Gardens,Week5,339.0 Riverside Gardens - 63.0 Somerset-Olde Creek
Somerset-Olde Creek,Week5,Truro,Week4,255.0 Truro - 143.0 Somerset-Olde Creek
Somerset-Olde Creek,Week2,Riverside Gardens,Week1,354.5 Riverside Gardens - 47.5 Somerset-Olde Creek
Somerset-Olde Creek,Week4,Pleasant Valley,Week4,205.0 Somerset-Olde Creek - 182.0 Pleasant Valley
Somerset-Olde Creek,Week5,Mosby Woods,Week5,342.0 Mosby Woods - 60.0 Somerset-Olde Creek
Somerset-Olde Creek,Week2,Lee Graham,Week1,357.0 Lee Graham - 45.0 Somerset-Olde Creek
South Run,Week2,Great Falls,Week1,214.0 South Run - 180.0 Great Falls
Somerset-Olde Creek,Week3,Riverside Gardens,Week2,342.0 Riverside Gardens - 60.0 Somerset-Olde Creek
South Run,Week5,Great Falls,Week1,225.0 South Run - 177.0 Great Falls
Somerset-Olde Creek,Week1,Rolling Forest,Week4,317.0 Rolling Forest - 85.0 Somerset-Olde Creek
Somerset-Olde Creek,Week3,Truro,Week1,288.0 Truro - 111.0 Somerset-Olde Creek
Somerset-Olde Creek,Week1,Truro,Week2,251.0 Truro - 137.0 Somerset-Olde Creek
South Run,Week1,Great Falls,Week4,219.0 South Run - 174.0 Great Falls
South Run,Week2,Great Falls,Week4,207.0 South Run - 194.0 Great Falls
Somerset-Olde Creek,Week4,Great Falls,Week1,279.0 Great Falls - 118.0 Somerset-Olde Creek
Somerset-Olde Creek,Week2,Mosby Woods,Week5,348.0 Mosby Woods - 54.0 Somerset-Olde Creek
Somerset-Olde Creek,Week1,Greenbriar,Week5,315.0 Greenbriar - 86.0 Somerset-Olde Creek
Somerset-Olde Creek,Week4,Truro,Week5,263.0 Truro - 136.0 Somerset-Olde Creek
Somerset-Olde Creek,Week4,Mosby Woods,Week2,356.0 Mosby Woods - 46.0 Somerset-Olde Creek
Somerset-Olde Creek,Week4,Truro,Week2,245.0 Truro - 151.0 Somerset-Olde Creek
Somerset-Olde Creek,Week1,Mosby Woods,Week3,345.0 Mosby Woods - 55.0 Somerset-Olde Creek
Somerset-Olde Creek,Week1,Rolling Forest,Week5,318.0 Rolling Forest - 84.0 Somerset-Olde Creek
Somerset-Olde Creek,Week3,Mosby Woods,Week5,356.0 Mosby Woods - 46.0 Somerset-Olde Creek
Somerset-Olde Creek,Week1,Mosby Woods,Week5,354.0 Mosby Woods - 48.0 Somerset-Olde Creek
Somerset-Olde Creek,Week3,Riverside Gardens,Week4,357.0 Riverside Gardens - 45.0 Somerset-Olde Creek
Somerset-Olde Creek,Week4,Lee Graham,Week3,351.0 Lee Graham - 51.0 Somerset-Olde Creek
Somerset-Olde Creek,Week2,Great Falls,Week5,302.0 Great Falls - 91.0 Somerset-Olde Creek
Somerset-Olde Creek,Week2,Truro,Week3,281.0 Truro - 120.0 Somerset-Olde Creek
Somerset-Olde Creek,Week1,Greenbriar,Week4,314.0 Greenbriar - 88.0 Somerset-Olde Creek
Somerset-Olde Creek,Week4,Mosby Woods,Week3,349.0 Mosby Woods - 48.0 Somerset-Olde Creek
Somerset-Olde Creek,Week2,Mosby Woods,Week2,352.0 Mosby Woods - 50.0 Somerset-Olde Creek
Somerset-Olde Creek,Week2,Rolling Forest,Week2,313.0 Rolling Forest - 89.0 Somerset-Olde Creek
Somerset-Olde Creek,Week3,Great Falls,Week3,312.0 Great Falls - 85.0 Somerset-Olde Creek
Somerset-Olde Creek,Week1,Rolling Forest,Week1,309.0 Rolling Forest - 93.0 Somerset-Olde Creek
Somerset-Olde Creek,Week5,Riverside Gardens,Week2,328.0 Riverside Gardens - 74.0 Somerset-Olde Creek
Somerset-Olde Creek,Week2,Truro,Week1,294.0 Truro - 106.0 Somerset-Olde Creek
Somerset-Olde Creek,Week1,Greenbriar,Week2,328.0 Greenbriar - 74.0 Somerset-Olde Creek
Somerset-Olde Creek,Week4,Truro,Week4,293.0 Truro - 108.0 Somerset-Olde Creek
Somerset-Olde Creek,Week4,Great Falls,Week4,280.5 Great Falls - 116.5 Somerset-Olde Creek
Somerset-Olde Creek,Week2,Rolling Forest,Week4,319.0 Rolling Forest - 83.0 Somerset-Olde Creek
Somerset-Olde Creek,Week3,Great Falls,Week5,303.0 Great Falls - 88.0 Somerset-Olde Creek
South Run,Week2,Great Falls,Week5,217.0 Great Falls - 184.0 South Run
Somerset-Olde Creek,Week5,Mosby Woods,Week1,344.0 Mosby Woods - 58.0 Somerset-Olde Creek
South Run,Week1,Great Falls,Week1,235.0 South Run - 157.0 Great Falls
Somerset-Olde Creek,Week3,Mount Vernon Park,Week4,348.0 Mount Vernon Park - 54.0 Somerset-Olde Creek
Somerset-Olde Creek,Week3,Rolling Hills,Week2,296.0 Rolling Hills - 105.0 Somerset-Olde Creek
Somerset-Olde Creek,Week2,Rolling Hills,Week3,294.0 Rolling Hills - 101.0 Somerset-Olde Creek
Somerset-Olde Creek,Week2,Greenbriar,Week2,343.0 Greenbriar - 59.0 Somerset-Olde Creek
South Run,Week1,Great Falls,Week5,197.0 Great Falls - 195.0 South Run
Somerset-Olde Creek,Week1,Truro,Week4,280.0 Truro - 117.0 Somerset-Olde Creek
Somerset-Olde Creek,Week5,Truro,Week1,263.0 Truro - 137.0 Somerset-Olde Creek
Somerset-Olde Creek,Week5,Mosby Woods,Week2,342.0 Mosby Woods - 59.0 Somerset-Olde Creek
Somerset-Olde Creek,Week4,Great Falls,Week3,296.0 Great Falls - 106.0 Somerset-Olde Creek
Somerset-Olde Creek,Week1,Lincolnia Park,Week4,203.0 Lincolnia Park - 181.0 Somerset-Olde Creek
South Run,Week2,Great Falls,Week2,194.0 Great Falls - 189.0 South Run
Somerset-Olde Creek,Week5,Great Falls,Week3,283.0 Great Falls - 119.0 Somerset-Olde Creek
Somerset-Olde Creek,Week3,Truro,Week5,277.0 Truro - 114.0 Somerset-Olde Creek
Somerset-Olde Creek,Week5,Mosby Woods,Week3,340.0 Mosby Woods - 61.0 Somerset-Olde Creek
Somerset-Olde Creek,Week2,Lee Graham,Week3,350.0 Lee Graham - 52.0 Somerset-Olde Creek
Somerset-Olde Creek,Week5,Lee Graham,Week4,338.0 Lee Graham - 64.0 Somerset-Olde Creek
Somerset-Olde Creek,Week2,Rolling Hills,Week4,286.0 Rolling Hills - 105.0 Somerset-Olde Creek
Somerset-Olde Creek,Week1,Lincolnia Park,Week3,236.0 Lincolnia Park - 146.0 Somerset-Olde Creek
Somerset-Olde Creek,Week1,Tuckahoe,Week3,369.0 Tuckahoe - 27.0 Somerset-Olde Creek
Somerset-Olde Creek,Week1,Mount Vernon Park,Week2,349.0 Mount Vernon Park - 53.0 Somerset-Olde Creek
Somerset-Olde Creek,Week2,Greenbriar,Week3,347.0 Greenbriar - 55.0 Somerset-Olde Creek
South Run,Week5,Great Falls,Week2,203.0 South Run - 181.0 Great Falls
Somerset-Olde Creek,Week5,Rolling Forest,Week2,264.0 Rolling Forest - 138.0 Somerset-Olde Creek
Somerset-Olde Creek,Week4,Lee Graham,Week1,345.0 Lee Graham - 52.0 Somerset-Olde Creek
Somerset-Olde Creek,Week5,Truro,Week5,244.0 Truro - 152.0 Somerset-Olde Creek
South Run,Week4,Great Falls,Week1,205.5 South Run - 191.5 Great Falls
South Run,Week5,Great Falls,Week3,210.0 Great Falls - 192.0 South Run
Somerset-Olde Creek,Week1,Mosby Woods,Week4,332.0 Mosby Woods - 68.0 Somerset-Olde Creek
Somerset-Olde Creek,Week1,Vienna Aquatic,Week1,360.0 Vienna Aquatic - 42.0 Somerset-Olde Creek
South Run,Week4,Great Falls,Week4,207.0 Great Falls - 188.0 South Run
Somerset-Olde Creek,Week5,Lee Graham,Week5,342.0 Lee Graham - 59.0 Somerset-Olde Creek
Somerset-Olde Creek,Week3,Lincolnia Park,Week2,227.0 Lincolnia Park - 153.0 Somerset-Olde Creek
Somerset-Olde Creek,Week2,Mosby Woods,Week4,342.0 Mosby Woods - 59.0 Somerset-Olde Creek
Somerset-Olde Creek,Week3,Greenbriar,Week3,331.0 Greenbriar - 70.0 Somerset-Olde Creek
Somerset-Olde Creek,Week3,Greenbriar,Week4,327.0 Greenbriar - 75.0 Somerset-Olde Creek
Somerset-Olde Creek,Week2,Mosby Woods,Week1,351.5 Mosby Woods - 50.5 Somerset-Olde Creek
Somerset-Olde Creek,Week5,Tuckahoe,Week4,372.0 Tuckahoe - 30.0 Somerset-Olde Creek
Somerset-Olde Creek,Week4,Rolling Forest,Week4,307.0 Rolling Forest - 95.0 Somerset-Olde Creek
Somerset-Olde Creek,Week2,Lincolnia Park,Week2,222.0 Lincolnia Park - 158.0 Somerset-Olde Creek
Somerset-Olde Creek,Week2,Rolling Hills,Week2,290.0 Rolling Hills - 111.0 Somerset-Olde Creek
Somerset-Olde Creek,Week3,Lee Graham,Week5,357.5 Lee Graham - 43.5 Somerset-Olde Creek
Somerset-Olde Creek,Week3,Rolling Forest,Week3,326.0 Rolling Forest - 75.0 Somerset-Olde Creek
South Run,Week5,Fox Mill Woods,Week4,245.0 Fox Mill Woods - 157.0 South Run
Somerset-Olde Creek,Week3,Greenbriar,Week5,325.0 Greenbriar - 75.0 Somerset-Olde Creek
Somerset-Olde Creek,Week2,Rolling Hills,Week1,295.0 Rolling Hills - 105.0 Somerset-Olde Creek
Somerset-Olde Creek,Week4,Greenbriar,Week4,304.0 Greenbriar - 98.0 Somerset-Olde Creek
Somerset-Olde Creek,Week4,Rolling Hills,Week3,277.0 Rolling Hills - 123.0 Somerset-Olde Creek
Somerset-Olde Creek,Week5,Tuckahoe,Week2,369.0 Tuckahoe - 33.0 Somerset-Olde Creek
Somerset-Olde Creek,Week3,Rolling Forest,Week2,301.0 Rolling Forest - 101.0 Somerset-Olde Creek
Somerset-Olde Creek,Week2,Lee Graham,Week4,359.0 Lee Graham - 43.0 Somerset-Olde Creek
Somerset-Olde Creek,Week4,Greenbriar,Week3,321.0 Greenbriar - 81.0 Somerset-Olde Creek
Somerset-Olde Creek,Week4,Greenbriar,Week2,324.0 Greenbriar - 78.0 Somerset-Olde Creek
South Run,Week1,Great Falls,Week3,198.0 Great Falls - 195.0 South Run
South Run,Week4,Great Falls,Week5,223.0 Great Falls - 177.0 South Run
Somerset-Olde Creek,Week1,Mosby Woods,Week1,351.0 Mosby Woods - 50.0 Somerset-Olde Creek
Somerset-Olde Creek,Week3,Lee Graham,Week3,349.0 Lee Graham - 53.0 Somerset-Olde Creek
Somerset-Olde Creek,Week4,Greenbriar,Week1,314.0 Greenbriar - 88.0 Somerset-Olde Creek
South Run,Week4,Great Falls,Week3,236.0 Great Falls - 166.0 South Run
Somerset-Olde Creek,Week3,Vienna Aquatic,Week3,373.0 Vienna Aquatic - 29.0 Somerset-Olde Creek
Somerset-Olde Creek,Week4,Mosby Woods,Week1,353.0 Mosby Woods - 49.0 Somerset-Olde Creek
South Run,Week5,Great Falls,Week5,216.0 Great Falls - 186.0 South Run
Somerset-Olde Creek,Week4,Lincolnia Park,Week4,206.0 Lincolnia Park - 189.0 Somerset-Olde Creek
Somerset-Olde Creek,Week3,Lee Graham,Week1,345.0 Lee Graham - 56.0 Somerset-Olde Creek
Somerset-Olde Creek,Week3,Lee Graham,Week2,358.0 Lee Graham - 44.0 Somerset-Olde Creek
South Run,Week3,Great Falls,Week4,215.0 South Run - 187.0 Great Falls
Somerset-Olde Creek,Week3,Mosby Woods,Week2,353.0 Mosby Woods - 48.0 Somerset-Olde Creek
Somerset-Olde Creek,Week5,McLean,Week5,355.0 McLean - 47.0 Somerset-Olde Creek
Somerset-Olde Creek,Week1,Hamlet,Week2,365.0 Hamlet - 37.0 Somerset-Olde Creek
Somerset-Olde Creek,Week5,Tuckahoe,Week3,365.0 Tuckahoe - 36.0 Somerset-Olde Creek
Somerset-Olde Creek,Week3,Tuckahoe,Week3,373.0 Tuckahoe - 28.0 Somerset-Olde Creek
Somerset-Olde Creek,Week2,Vienna Aquatic,Week5,367.0 Vienna Aquatic - 34.0 Somerset-Olde Creek
Somerset-Olde Creek,Week5,Rolling Forest,Week1,290.0 Rolling Forest - 112.0 Somerset-Olde Creek
Somerset-Olde Creek,Week4,Rolling Forest,Week2,286.0 Rolling Forest - 116.0 Somerset-Olde Creek
Somerset-Olde Creek,Week3,Mosby Woods,Week4,341.0 Mosby Woods - 58.0 Somerset-Olde Creek
Somerset-Olde Creek,Week2,Vienna Aquatic,Week3,367.0 Vienna Aquatic - 35.0 Somerset-Olde Creek
Somerset-Olde Creek,Week3,Mosby Woods,Week1,359.0 Mosby Woods - 43.0 Somerset-Olde Creek
South Run,Week5,Greenbriar,Week2,240.0 Greenbriar - 162.0 South Run
Somerset-Olde Creek,Week2,Mount Vernon Park,Week1,340.0 Mount Vernon Park - 62.0 Somerset-Olde Creek
Somerset-Olde Creek,Week3,Tuckahoe,Week1,369.0 Tuckahoe - 33.0 Somerset-Olde Creek
Somerset-Olde Creek,Week5,Lee Graham,Week3,341.0 Lee Graham - 61.0 Somerset-Olde Creek
Somerset-Olde Creek,Week5,Lee Graham,Week1,330.0 Lee Graham - 71.0 Somerset-Olde Creek
Somerset-Olde Creek,Week1,Rolling Hills,Week1,289.5 Rolling Hills - 109.5 Somerset-Olde Creek
Somerset-Olde Creek,Week2,Tuckahoe,Week3,373.0 Tuckahoe - 24.0 Somerset-Olde Creek
Somerset-Olde Creek,Week3,Hamlet,Week5,376.0 Hamlet - 26.0 Somerset-Olde Creek
Somerset-Olde Creek,Week1,Mount Vernon Park,Week5,341.0 Mount Vernon Park - 60.0 Somerset-Olde Creek
Somerset-Olde Creek,Week1,Rolling Hills,Week3,280.0 Rolling Hills - 114.0 Somerset-Olde Creek
Somerset-Olde Creek,Week3,Hamlet,Week4,359.0 Hamlet - 42.0 Somerset-Olde Creek
South Run,Week5,Greenbriar,Week1,217.0 Greenbriar - 185.0 South Run
Somerset-Olde Creek,Week3,Mosby Woods,Week3,349.0 Mosby Woods - 52.0 Somerset-Olde Creek
Somerset-Olde Creek,Week2,Mosby Woods,Week3,340.0 Mosby Woods - 62.0 Somerset-Olde Creek
Somerset-Olde Creek,Week5,Rolling Forest,Week3,289.0 Rolling Forest - 112.0 Somerset-Olde Creek
South Run,Week4,Greenbriar,Week5,252.0 Greenbriar - 150.0 South Run
Somerset-Olde Creek,Week1,Lincolnia Park,Week1,213.0 Lincolnia Park - 171.0 Somerset-Olde Creek
Somerset-Olde Creek,Week1,Lincolnia Park,Week5,234.0 Lincolnia Park - 151.0 Somerset-Olde Creek
Somerset-Olde Creek,Week5,Greenbriar,Week1,320.0 Greenbriar - 82.0 Somerset-Olde Creek
Somerset-Olde Creek,Week1,Mount Vernon Park,Week4,343.0 Mount Vernon Park - 59.0 Somerset-Olde Creek
Somerset-Olde Creek,Week2,Lee Graham,Week2,355.0 Lee Graham - 47.0 Somerset-Olde Creek
Somerset-Olde Creek,Week1,Rolling Hills,Week2,292.0 Rolling Hills - 108.0 Somerset-Olde Creek
South Run,Week3,Greenbriar,Week1,239.5 Greenbriar - 162.5 South Run
Somerset-Olde Creek,Week1,Hamlet,Week4,352.0 Hamlet - 50.0 Somerset-Olde Creek
Somerset-Olde Creek,Week3,Tuckahoe,Week5,376.0 Tuckahoe - 26.0 Somerset-Olde Creek
Somerset-Olde Creek,Week3,Lincolnia Park,Week3,247.0 Lincolnia Park - 137.0 Somerset-Olde Creek
Somerset-Olde Creek,Week1,Hamlet,Week5,369.0 Hamlet - 33.0 Somerset-Olde Creek
Somerset-Olde Creek,Week2,Tuckahoe,Week2,381.0 Tuckahoe - 21.0 Somerset-Olde Creek
Somerset-Olde Creek,Week2,Tuckahoe,Week5,379.0 Tuckahoe - 23.0 Somerset-Olde Creek
Somerset-Olde Creek,Week4,Rolling Forest,Week1,315.0 Rolling Forest - 87.0 Somerset-Olde Creek
Somerset-Olde Creek,Week2,Lee Graham,Week5,362.0 Lee Graham - 40.0 Somerset-Olde Creek
Somerset-Olde Creek,Week1,Hamlet,Week1,355.0 Hamlet - 41.0 Somerset-Olde Creek
Somerset-Olde Creek,Week3,Rolling Forest,Week1,313.0 Rolling Forest - 84.0 Somerset-Olde Creek
South Run,Week5,Greenbriar,Week3,232.0 Greenbriar - 170.0 South Run
South Run,Week2,Hamlet,Week2,291.0 Hamlet - 111.0 South Run
South Run,Week1,Hamlet,Week5,287.0 Hamlet - 106.0 South Run
Somerset-Olde Creek,Week3,Hamlet,Week2,368.0 Hamlet - 34.0 Somerset-Olde Creek
Somerset-Olde Creek,Week4,Mosby Woods,Week5,349.0 Mosby Woods - 53.0 Somerset-Olde Creek
Somerset-Olde Creek,Week3,Rolling Forest,Week5,322.0 Rolling Forest - 80.0 Somerset-Olde Creek
Somerset-Olde Creek,Week4,Tuckahoe,Week2,379.0 Tuckahoe - 23.0 Somerset-Olde Creek
Somerset-Olde Creek,Week2,Tuckahoe,Week4,379.0 Tuckahoe - 23.0 Somerset-Olde Creek
Somerset-Olde Creek,Week4,Mosby Woods,Week4,340.0 Mosby Woods - 62.0 Somerset-Olde Creek
Somerset-Olde Creek,Week3,Hamlet,Week3,366.0 Hamlet - 35.0 Somerset-Olde Creek
Somerset-Olde Creek,Week4,Rolling Forest,Week3,306.5 Rolling Forest - 95.5 Somerset-Olde Creek
Somerset-Olde Creek,Week4,Tuckahoe,Week3,373.0 Tuckahoe - 29.0 Somerset-Olde Creek
Somerset-Olde Creek,Week1,Vienna Aquatic,Week4,351.0 Vienna Aquatic - 50.0 Somerset-Olde Creek
South Run,Week2,Greenbriar,Week1,252.0 Greenbriar - 150.0 South Run
Somerset-Olde Creek,Week3,Lee Graham,Week4,354.0 Lee Graham - 48.0 Somerset-Olde Creek
Somerset-Olde Creek,Week5,Rolling Forest,Week4,279.0 Rolling Forest - 123.0 Somerset-Olde Creek
South Run,Week2,Greenbriar,Week2,250.0 Greenbriar - 151.0 South Run
Somerset-Olde Creek,Week1,Hamlet,Week3,362.0 Hamlet - 39.0 Somerset-Olde Creek
Somerset-Olde Creek,Week4,Lee Graham,Week5,362.0 Lee Graham - 40.0 Somerset-Olde Creek
Somerset-Olde Creek,Week1,Mount Vernon Park,Week1,336.0 Mount Vernon Park - 66.0 Somerset-Olde Creek
Somerset-Olde Creek,Week1,Tuckahoe,Week5,375.0 Tuckahoe - 27.0 Somerset-Olde Creek
Somerset-Olde Creek,Week4,Tuckahoe,Week4,381.0 Tuckahoe - 21.0 Somerset-Olde Creek
Somerset-Olde Creek,Week4,Lee Graham,Week2,357.0 Lee Graham - 45.0 Somerset-Olde Creek
Somerset-Olde Creek,Week2,Mount Vernon Park,Week2,355.0 Mount Vernon Park - 47.0 Somerset-Olde Creek
Somerset-Olde Creek,Week4,Lee Graham,Week4,348.0 Lee Graham - 54.0 Somerset-Olde Creek
Somerset-Olde Creek,Week5,Greenbriar,Week3,309.0 Greenbriar - 92.0 Somerset-Olde Creek
Somerset-Olde Creek,Week5,Greenbriar,Week2,321.0 Greenbriar - 81.0 Somerset-Olde Creek
Somerset-Olde Creek,Week2,Mount Vernon Park,Week4,356.0 Mount Vernon Park - 46.0 Somerset-Olde Creek
Somerset-Olde Creek,Week4,Rolling Forest,Week5,307.0 Rolling Forest - 95.0 Somerset-Olde Creek
South Run,Week2,Greenbriar,Week3,247.0 Greenbriar - 155.0 South Run
South Run,Week2,Hamlet,Week5,307.0 Hamlet - 95.0 South Run
Somerset-Olde Creek,Week4,Hamlet,Week1,366.0 Hamlet - 35.0 Somerset-Olde Creek
Somerset-Olde Creek,Week5,Rolling Forest,Week5,291.0 Rolling Forest - 111.0 Somerset-Olde Creek
Somerset-Olde Creek,Week2,Mount Vernon Park,Week3,353.0 Mount Vernon Park - 49.0 Somerset-Olde Creek
Somerset-Olde Creek,Week3,Rolling Forest,Week4,318.0 Rolling Forest - 84.0 Somerset-Olde Creek
Somerset-Olde Creek,Week3,Tuckahoe,Week4,377.0 Tuckahoe - 25.0 Somerset-Olde Creek
Somerset-Olde Creek,Week2,Tuckahoe,Week1,374.0 Tuckahoe - 28.0 Somerset-Olde Creek
Somerset-Olde Creek,Week2,Rolling Hills,Week5,294.0 Rolling Hills - 108.0 Somerset-Olde Creek
Somerset-Olde Creek,Week3,Rolling Hills,Week1,292.0 Rolling Hills - 107.0 Somerset-Olde Creek
Somerset-Olde Creek,Week2,Hamlet,Week1,366.0 Hamlet - 30.0 Somerset-Olde Creek
Somerset-Olde Creek,Week2,Lincolnia Park,Week1,238.0 Lincolnia Park - 151.0 Somerset-Olde Creek
Somerset-Olde Creek,Week3,Mount Vernon Park,Week1,337.0 Mount Vernon Park - 65.0 Somerset-Olde Creek
South Run,Week4,Greenbriar,Week2,257.0 Greenbriar - 144.0 South Run
Somerset-Olde Creek,Week2,Mount Vernon Park,Week5,352.0 Mount Vernon Park - 49.0 Somerset-Olde Creek
Somerset-Olde Creek,Week2,Lincolnia Park,Week3,247.0 Lincolnia Park - 135.0 Somerset-Olde Creek
Somerset-Olde Creek,Week2,Lincolnia Park,Week5,250.0 Lincolnia Park - 136.0 Somerset-Olde Creek
Somerset-Olde Creek,Week2,Rolling Forest,Week5,331.0 Rolling Forest - 71.0 Somerset-Olde Creek
Somerset-Olde Creek,Week1,Vienna Aquatic,Week2,351.0 Vienna Aquatic - 51.0 Somerset-Olde Creek
Somerset-Olde Creek,Week2,Hamlet,Week5,377.0 Hamlet - 25.0 Somerset-Olde Creek
South Run,Week4,Greenbriar,Week1,253.5 Greenbriar - 148.5 South Run
Somerset-Olde Creek,Week2,Hamlet,Week2,374.0 Hamlet - 28.0 Somerset-Olde Creek
South Run,Week3,Greenbriar,Week3,244.0 Greenbriar - 158.0 South Run
South Run,Week2,Greenbriar,Week4,249.0 Greenbriar - 153.0 South Run
Somerset-Olde Creek,Week5,Tuckahoe,Week1,362.0 Tuckahoe - 40.0 Somerset-Olde Creek
Somerset-Olde Creek,Week1,Rolling Hills,Week5,286.0 Rolling Hills - 116.0 Somerset-Olde Creek
Somerset-Olde Creek,Week2,Hamlet,Week3,370.0 Hamlet - 31.0 Somerset-Olde Creek
Somerset-Olde Creek,Week3,Mount Vernon Park,Week2,357.0 Mount Vernon Park - 45.0 Somerset-Olde Creek
Somerset-Olde Creek,Week5,Lee Graham,Week2,339.0 Lee Graham - 63.0 Somerset-Olde Creek
Somerset-Olde Creek,Week2,Lincolnia Park,Week4,218.0 Lincolnia Park - 171.0 Somerset-Olde Creek
Somerset-Olde Creek,Week5,Greenbriar,Week5,309.0 Greenbriar - 92.0 Somerset-Olde Creek
South Run,Week1,Hamlet,Week2,274.0 Hamlet - 119.0 South Run
Somerset-Olde Creek,Week4,Tuckahoe,Week5,367.0 Tuckahoe - 35.0 Somerset-Olde Creek
Somerset-Olde Creek,Week1,Rolling Hills,Week4,283.0 Rolling Hills - 112.0 Somerset-Olde Creek
Somerset-Olde Creek,Week1,Lincolnia Park,Week2,192.0 Lincolnia Park - 183.0 Somerset-Olde Creek
Somerset-Olde Creek,Week3,Mount Vernon Park,Week3,346.0 Mount Vernon Park - 55.0 Somerset-Olde Creek
South Run,Week3,Greenbriar,Week5,241.0 Greenbriar - 161.0 South Run
Somerset-Olde Creek,Week1,Mount Vernon Park,Week3,341.0 Mount Vernon Park - 56.0 Somerset-Olde Creek
Somerset-Olde Creek,Week3,Lincolnia Park,Week4,221.0 Lincolnia Park - 159.0 Somerset-Olde Creek
Somerset-Olde Creek,Week4,Rolling Hills,Week4,273.0 Rolling Hills - 123.0 Somerset-Olde Creek
Somerset-Olde Creek,Week4,Hamlet,Week5,380.0 Hamlet - 22.0 Somerset-Olde Creek
Somerset-Olde Creek,Week1,Vienna Aquatic,Week5,361.0 Vienna Aquatic - 37.0 Somerset-Olde Creek
Somerset-Olde Creek,Week2,Newington Forest,Week4,287.0 Newington Forest - 115.0 Somerset-Olde Creek
Somerset-Olde Creek,Week5,Mount Vernon Park,Week4,332.0 Mount Vernon Park - 70.0 Somerset-Olde Creek
Somerset-Olde Creek,Week2,Newington Forest,Week1,264.0 Newington Forest - 131.0 Somerset-Olde Creek
South Run,Week3,Greenbriar,Week2,240.0 Greenbriar - 162.0 South Run
Somerset-Olde Creek,Week4,Lincolnia Park,Week2,201.0 Lincolnia Park - 188.0 Somerset-Olde Creek
Somerset-Olde Creek,Week3,Rolling Hills,Week3,288.0 Rolling Hills - 106.0 Somerset-Olde Creek
Somerset-Olde Creek,Week5,Lincolnia Park,Week3,210.0 Lincolnia Park - 178.0 Somerset-Olde Creek
South Run,Week4,Greenbriar,Week3,256.0 Greenbriar - 146.0 South Run
Somerset-Olde Creek,Week3,Rolling Valley,Week4,271.0 Rolling Valley - 131.0 Somerset-Olde Creek
Somerset-Olde Creek,Week4,Hamlet,Week3,367.0 Hamlet - 35.0 Somerset-Olde Creek
Somerset-Olde Creek,Week2,Vienna Aquatic,Week2,352.0 Vienna Aquatic - 50.0 Somerset-Olde Creek
Somerset-Olde Creek,Week3,Rolling Hills,Week5,296.0 Rolling Hills - 106.0 Somerset-Olde Creek
Somerset-Olde Creek,Week4,Mount Vernon Park,Week1,336.0 Mount Vernon Park - 66.0 Somerset-Olde Creek
Somerset-Olde Creek,Week3,Lincolnia Park,Week5,249.0 Lincolnia Park - 140.0 Somerset-Olde Creek
Somerset-Olde Creek,Week3,Tuckahoe,Week2,377.0 Tuckahoe - 25.0 Somerset-Olde Creek
South Run,Week1,Greenbriar,Week2,237.0 Greenbriar - 156.0 South Run
Somerset-Olde Creek,Week3,Hamlet,Week1,356.0 Hamlet - 45.0 Somerset-Olde Creek
South Run,Week1,Greenbriar,Week5,231.0 Greenbriar - 162.0 South Run
Somerset-Olde Creek,Week4,Hamlet,Week2,374.0 Hamlet - 28.0 Somerset-Olde Creek
Somerset-Olde Creek,Week1,Vienna Aquatic,Week3,359.0 Vienna Aquatic - 43.0 Somerset-Olde Creek
Somerset-Olde Creek,Week3,Rolling Hills,Week4,294.0 Rolling Hills - 97.0 Somerset-Olde Creek
Somerset-Olde Creek,Week4,Lincolnia Park,Week1,208.5 Lincolnia Park - 185.5 Somerset-Olde Creek
South Run,Week1,Greenbriar,Week3,229.0 Greenbriar - 164.0 South Run
Somerset-Olde Creek,Week4,Rolling Hills,Week1,283.0 Rolling Hills - 117.0 Somerset-Olde Creek
Somerset-Olde Creek,Week5,Tuckahoe,Week5,375.0 Tuckahoe - 27.0 Somerset-Olde Creek
Somerset-Olde Creek,Week4,Hamlet,Week4,364.0 Hamlet - 38.0 Somerset-Olde Creek
Somerset-Olde Creek,Week1,Newington Forest,Week3,252.0 Newington Forest - 146.0 Somerset-Olde Creek
South Run,Week1,Hamlet,Week3,277.0 Hamlet - 116.0 South Run
South Run,Week1,Greenbriar,Week4,217.0 Greenbriar - 176.0 South Run
Somerset-Olde Creek,Week2,Newington Forest,Week2,262.0 Newington Forest - 135.0 Somerset-Olde Creek
Somerset-Olde Creek,Week4,Lincolnia Park,Week3,234.0 Lincolnia Park - 153.0 Somerset-Olde Creek
Somerset-Olde Creek,Week4,Rolling Hills,Week2,286.0 Rolling Hills - 109.0 Somerset-Olde Creek
Somerset-Olde Creek,Week5,Greenbriar,Week4,296.0 Greenbriar - 106.0 Somerset-Olde Creek
Somerset-Olde Creek,Week4,Tuckahoe,Week1,371.0 Tuckahoe - 31.0 Somerset-Olde Creek
Somerset-Olde Creek,Week3,Lincolnia Park,Week1,240.0 Lincolnia Park - 147.0 Somerset-Olde Creek
Somerset-Olde Creek,Week2,Hamlet,Week4,364.0 Hamlet - 37.0 Somerset-Olde Creek
Somerset-Olde Creek,Week4,Mount Vernon Park,Week5,346.0 Mount Vernon Park - 55.0 Somerset-Olde Creek
Somerset-Olde Creek,Week2,Vienna Aquatic,Week1,358.0 Vienna Aquatic - 44.0 Somerset-Olde Creek
South Run,Week5,Greenbriar,Week5,229.0 Greenbriar - 173.0 South Run
Somerset-Olde Creek,Week5,Hamlet,Week1,346.0 Hamlet - 55.0 Somerset-Olde Creek
Somerset-Olde Creek,Week3,Vienna Aquatic,Week1,364.0 Vienna Aquatic - 38.0 Somerset-Olde Creek
Somerset-Olde Creek,Week3,Vienna Aquatic,Week2,360.0 Vienna Aquatic - 42.0 Somerset-Olde Creek
Somerset-Olde Creek,Week1,Little Hunting Park,Week5,273.0 Little Hunting Park - 123.0 Somerset-Olde Creek
Somerset-Olde Creek,Week5,Rolling Hills,Week3,258.0 Rolling Hills - 141.0 Somerset-Olde Creek
Somerset-Olde Creek,Week3,Vienna Aquatic,Week4,355.0 Vienna Aquatic - 46.0 Somerset-Olde Creek
Somerset-Olde Creek,Week5,Lincolnia Park,Week5,212.0 Lincolnia Park - 175.0 Somerset-Olde Creek
South Run,Week2,Greenbriar,Week5,249.0 Greenbriar - 153.0 South Run
Somerset-Olde Creek,Week2,Newington Forest,Week3,282.0 Newington Forest - 120.0 Somerset-Olde Creek
Somerset-Olde Creek,Week5,Rolling Valley,Week1,204.0 Somerset-Olde Creek - 197.0 Rolling Valley
Somerset-Olde Creek,Week2,Hayfield Farm,Week3,318.0 Hayfield Farm - 83.0 Somerset-Olde Creek
Somerset-Olde Creek,Week1,Newington Forest,Week2,236.0 Newington Forest - 157.0 Somerset-Olde Creek
Somerset-Olde Creek,Week4,Mount Vernon Park,Week2,348.0 Mount Vernon Park - 54.0 Somerset-Olde Creek
Somerset-Olde Creek,Week2,Rolling Valley,Week2,270.0 Rolling Valley - 132.0 Somerset-Olde Creek
Somerset-Olde Creek,Week2,Little Hunting Park,Week5,286.0 Little Hunting Park - 111.0 Somerset-Olde Creek
Somerset-Olde Creek,Week1,Newington Forest,Week1,239.0 Newington Forest - 153.0 Somerset-Olde Creek
South Run,Week3,Greenbriar,Week4,242.0 Greenbriar - 160.0 South Run
Somerset-Olde Creek,Week1,Rolling Valley,Week5,256.0 Rolling Valley - 146.0 Somerset-Olde Creek
Somerset-Olde Creek,Week3,Hayfield Farm,Week5,329.0 Hayfield Farm - 73.0 Somerset-Olde Creek
Somerset-Olde Creek,Week5,Hayfield Farm,Week4,298.0 Hayfield Farm - 104.0 Somerset-Olde Creek
Somerset-Olde Creek,Week3,Vienna Aquatic,Week5,370.0 Vienna Aquatic - 28.0 Somerset-Olde Creek
Somerset-Olde Creek,Week5,Mount Vernon Park,Week1,317.0 Mount Vernon Park - 85.0 Somerset-Olde Creek
Somerset-Olde Creek,Week2,Vienna Aquatic,Week4,356.0 Vienna Aquatic - 46.0 Somerset-Olde Creek
South Run,Week4,Greenbriar,Week4,247.0 Greenbriar - 155.0 South Run
Somerset-Olde Creek,Week4,Little Hunting Park,Week4,250.0 Little Hunting Park - 151.0 Somerset-Olde Creek
Somerset-Olde Creek,Week4,Vienna Aquatic,Week1,367.0 Vienna Aquatic - 35.0 Somerset-Olde Creek
Somerset-Olde Creek,Week5,Lincolnia Park,Week4,207.0 Somerset-Olde Creek - 183.0 Lincolnia Park
South Run,Week2,Hamlet,Week1,290.0 Hamlet - 111.0 South Run
Somerset-Olde Creek,Week2,Newington Forest,Week5,285.0 Newington Forest - 112.0 Somerset-Olde Creek
Somerset-Olde Creek,Week5,Rolling Hills,Week1,267.0 Rolling Hills - 133.0 Somerset-Olde Creek
Somerset-Olde Creek,Week2,Little Hunting Park,Week2,278.0 Little Hunting Park - 121.0 Somerset-Olde Creek
Somerset-Olde Creek,Week5,Hamlet,Week5,365.0 Hamlet - 37.0 Somerset-Olde Creek
Somerset-Olde Creek,Week1,Vienna Woods,Week3,371.0 Vienna Woods - 31.0 Somerset-Olde Creek
Somerset-Olde Creek,Week5,Hamlet,Week2,361.0 Hamlet - 41.0 Somerset-Olde Creek
Somerset-Olde Creek,Week4,Rolling Valley,Week1,223.0 Rolling Valley - 179.0 Somerset-Olde Creek
Somerset-Olde Creek,Week4,Little Hunting Park,Week1,260.0 Little Hunting Park - 138.0 Somerset-Olde Creek
Somerset-Olde Creek,Week3,Newington Forest,Week1,239.0 Newington Forest - 155.0 Somerset-Olde Creek
Somerset-Olde Creek,Week5,Rolling Valley,Week3,215.0 Rolling Valley - 185.0 Somerset-Olde Creek
Somerset-Olde Creek,Week1,Hayfield Farm,Week5,306.0 Hayfield Farm - 96.0 Somerset-Olde Creek
Somerset-Olde Creek,Week3,Hayfield Farm,Week1,321.0 Hayfield Farm - 81.0 Somerset-Olde Creek
Somerset-Olde Creek,Week5,Mount Vernon Park,Week3,331.0 Mount Vernon Park - 71.0 Somerset-Olde Creek
Somerset-Olde Creek,Week4,Vienna Woods,Week2,366.0 Vienna Woods - 35.0 Somerset-Olde Creek
South Run,Week2,Hamlet,Week3,291.0 Hamlet - 111.0 South Run
Somerset-Olde Creek,Week5,Mount Vernon Park,Week2,340.0 Mount Vernon Park - 62.0 Somerset-Olde Creek
Somerset-Olde Creek,Week5,Lincolnia Park,Week2,203.5 Somerset-Olde Creek - 181.5 Lincolnia Park
South Run,Week5,Greenbriar,Week4,217.0 Greenbriar - 185.0 South Run
Somerset-Olde Creek,Week3,Rolling Valley,Week3,259.0 Rolling Valley - 135.0 Somerset-Olde Creek
Somerset-Olde Creek,Week1,Rolling Valley,Week4,263.0 Rolling Valley - 138.0 Somerset-Olde Creek
South Run,Week1,Hamlet,Week4,250.0 Hamlet - 143.0 South Run
South Run,Week1,Hamlet,Week1,262.0 Hamlet - 130.0 South Run
Somerset-Olde Creek,Week3,Mount Vernon Park,Week5,353.0 Mount Vernon Park - 48.0 Somerset-Olde Creek
Somerset-Olde Creek,Week2,Hayfield Farm,Week2,326.0 Hayfield Farm - 76.0 Somerset-Olde Creek
Somerset-Olde Creek,Week3,Hayfield Farm,Week2,322.0 Hayfield Farm - 80.0 Somerset-Olde Creek
Somerset-Olde Creek,Week2,Little Hunting Park,Week3,273.0 Little Hunting Park - 128.0 Somerset-Olde Creek
Somerset-Olde Creek,Week3,Vienna Woods,Week3,382.0 Vienna Woods - 20.0 Somerset-Olde Creek
Somerset-Olde Creek,Week3,Rolling Valley,Week1,233.0 Rolling Valley - 167.0 Somerset-Olde Creek
Somerset-Olde Creek,Week1,Vienna Woods,Week1,357.0 Vienna Woods - 44.0 Somerset-Olde Creek
Somerset-Olde Creek,Week1,Newington Forest,Week4,263.0 Newington Forest - 138.0 Somerset-Olde Creek
Somerset-Olde Creek,Week4,Mount Vernon Park,Week4,345.0 Mount Vernon Park - 57.0 Somerset-Olde Creek
Somerset-Olde Creek,Week2,Rolling Valley,Week3,268.0 Rolling Valley - 128.0 Somerset-Olde Creek
South Run,Week3,Hayfield Farm,Week5,213.0 Hayfield Farm - 189.0 South Run
Somerset-Olde Creek,Week3,Hayfield Farm,Week3,318.0 Hayfield Farm - 80.0 Somerset-Olde Creek
Somerset-Olde Creek,Week5,Mount Vernon Park,Week5,338.0 Mount Vernon Park - 63.0 Somerset-Olde Creek
Somerset-Olde Creek,Week3,North Springfield,Week1,175.0 Somerset-Olde Creek - 162.0 North Springfield
Somerset-Olde Creek,Week1,Little Hunting Park,Week4,259.0 Little Hunting Park - 141.0 Somerset-Olde Creek
Somerset-Olde Creek,Week2,Vienna Woods,Week1,363.0 Vienna Woods - 34.0 Somerset-Olde Creek
South Run,Week3,Hamlet,Week1,299.0 Hamlet - 102.0 South Run
Somerset-Olde Creek,Week5,Rolling Hills,Week5,266.0 Rolling Hills - 136.0 Somerset-Olde Creek
Somerset-Olde Creek,Week1,Little Hunting Park,Week1,259.0 Little Hunting Park - 139.0 Somerset-Olde Creek
Somerset-Olde Creek,Week4,Rolling Valley,Week2,243.0 Rolling Valley - 159.0 Somerset-Olde Creek
South Run,Week5,Hamlet,Week1,269.0 Hamlet - 133.0 South Run
Somerset-Olde Creek,Week4,Vienna Aquatic,Week3,364.5 Vienna Aquatic - 37.5 Somerset-Olde Creek
Somerset-Olde Creek,Week5,Hayfield Farm,Week2,302.0 Hayfield Farm - 100.0 Somerset-Olde Creek
Somerset-Olde Creek,Week2,Vienna Woods,Week5,366.5 Vienna Woods - 35.5 Somerset-Olde Creek
South Run,Week2,Hamlet,Week4,286.0 Hamlet - 116.0 South Run
Somerset-Olde Creek,Week4,Hayfield Farm,Week2,322.0 Hayfield Farm - 80.0 Somerset-Olde Creek
Somerset-Olde Creek,Week4,Hayfield Farm,Week5,322.0 Hayfield Farm - 80.0 Somerset-Olde Creek
Somerset-Olde Creek,Week3,Little Hunting Park,Week2,274.0 Little Hunting Park - 124.0 Somerset-Olde Creek
Somerset-Olde Creek,Week4,Lincolnia Park,Week5,228.0 Lincolnia Park - 157.0 Somerset-Olde Creek
Somerset-Olde Creek,Week3,Little Hunting Park,Week4,287.0 Little Hunting Park - 112.0 Somerset-Olde Creek
South Run,Week2,Hayfield Farm,Week4,243.0 Hayfield Farm - 159.0 South Run
Somerset-Olde Creek,Week3,Vienna Woods,Week1,364.0 Vienna Woods - 33.0 Somerset-Olde Creek
Somerset-Olde Creek,Week5,Hayfield Farm,Week1,286.0 Hayfield Farm - 116.0 Somerset-Olde Creek
Somerset-Olde Creek,Week2,Rolling Valley,Week1,242.0 Rolling Valley - 159.0 Somerset-Olde Creek
Somerset-Olde Creek,Week4,Hayfield Farm,Week4,330.0 Hayfield Farm - 72.0 Somerset-Olde Creek
Somerset-Olde Creek,Week5,Rolling Hills,Week4,245.0 Rolling Hills - 150.0 Somerset-Olde Creek
Somerset-Olde Creek,Week2,Little Hunting Park,Week4,279.0 Little Hunting Park - 121.0 Somerset-Olde Creek
Somerset-Olde Creek,Week4,Mount Vernon Park,Week3,345.0 Mount Vernon Park - 57.0 Somerset-Olde Creek
South Run,Week3,Hamlet,Week2,294.0 Hamlet - 108.0 South Run
Somerset-Olde Creek,Week1,Newington Forest,Week5,281.0 Newington Forest - 120.0 Somerset-Olde Creek
Somerset-Olde Creek,Week3,Rolling Valley,Week5,263.0 Rolling Valley - 139.0 Somerset-Olde Creek
Somerset-Olde Creek,Week5,Newington Forest,Week4,241.0 Newington Forest - 161.0 Somerset-Olde Creek
Somerset-Olde Creek,Week4,Vienna Aquatic,Week4,355.0 Vienna Aquatic - 42.0 Somerset-Olde Creek
Somerset-Olde Creek,Week1,Rolling Valley,Week3,249.0 Rolling Valley - 151.0 Somerset-Olde Creek
Somerset-Olde Creek,Week5,Hamlet,Week4,353.0 Hamlet - 49.0 Somerset-Olde Creek
Somerset-Olde Creek,Week1,Vienna Woods,Week4,357.0 Vienna Woods - 40.0 Somerset-Olde Creek
Somerset-Olde Creek,Week2,Vienna Woods,Week3,373.0 Vienna Woods - 29.0 Somerset-Olde Creek
Somerset-Olde Creek,Week1,Little Hunting Park,Week2,256.0 Little Hunting Park - 139.0 Somerset-Olde Creek
South Run,Week3,Hayfield Farm,Week1,210.0 Hayfield Farm - 192.0 South Run
Somerset-Olde Creek,Week4,Little Hunting Park,Week2,263.0 Little Hunting Park - 138.0 Somerset-Olde Creek
Somerset-Olde Creek,Week5,Vienna Aquatic,Week3,358.0 Vienna Aquatic - 44.0 Somerset-Olde Creek
Somerset-Olde Creek,Week1,Rolling Valley,Week2,247.0 Rolling Valley - 154.0 Somerset-Olde Creek
Somerset-Olde Creek,Week3,Vienna Woods,Week5,381.0 Vienna Woods - 21.0 Somerset-Olde Creek
Somerset-Olde Creek,Week5,Vienna Aquatic,Week1,355.0 Vienna Aquatic - 47.0 Somerset-Olde Creek
Somerset-Olde Creek,Week1,Hayfield Farm,Week2,321.0 Hayfield Farm - 81.0 Somerset-Olde Creek
Somerset-Olde Creek,Week1,North Springfield,Week1,184.0 Somerset-Olde Creek - 150.0 North Springfield
Somerset-Olde Creek,Week1,Rolling Valley,Week1,218.0 Rolling Valley - 183.0 Somerset-Olde Creek
Somerset-Olde Creek,Week2,Little Hunting Park,Week1,281.0 Little Hunting Park - 117.0 Somerset-Olde Creek
South Run,Week4,Hamlet,Week2,299.0 Hamlet - 103.0 South Run
Somerset-Olde Creek,Week1,North Springfield,Week2,203.0 North Springfield - 175.0 Somerset-Olde Creek
Somerset-Olde Creek,Week2,North Springfield,Week4,193.0 Somerset-Olde Creek - 188.0 North Springfield
Somerset-Olde Creek,Week2,Hayfield Farm,Week1,320.0 Hayfield Farm - 82.0 Somerset-Olde Creek
Somerset-Olde Creek,Week5,Newington Forest,Week1,214.0 Newington Forest - 180.0 Somerset-Olde Creek
South Run,Week4,Hayfield Farm,Week3,238.0 Hayfield Farm - 163.0 South Run
Somerset-Olde Creek,Week2,Vienna Woods,Week4,358.0 Vienna Woods - 39.0 Somerset-Olde Creek
South Run,Week3,Hayfield Farm,Week2,221.0 Hayfield Farm - 181.0 South Run
Somerset-Olde Creek,Week1,Hayfield Farm,Week1,309.0 Hayfield Farm - 93.0 Somerset-Olde Creek
Somerset-Olde Creek,Week3,Little Hunting Park,Week3,281.0 Little Hunting Park - 119.0 Somerset-Olde Creek
Somerset-Olde Creek,Week5,Lincolnia Park,Week1,195.0 Lincolnia Park - 194.0 Somerset-Olde Creek
Somerset-Olde Creek,Week2,Rolling Valley,Week4,274.0 Rolling Valley - 128.0 Somerset-Olde Creek
South Run,Week4,Hamlet,Week3,297.0 Hamlet - 105.0 South Run
Somerset-Olde Creek,Week2,Hayfield Farm,Week4,331.0 Hayfield Farm - 71.0 Somerset-Olde Creek
South Run,Week3,Hamlet,Week4,279.0 Hamlet - 123.0 South Run
Somerset-Olde Creek,Week5,Rolling Hills,Week2,260.0 Rolling Hills - 141.0 Somerset-Olde Creek
Somerset-Olde Creek,Week3,Little Hunting Park,Week5,275.0 Little Hunting Park - 121.0 Somerset-Olde Creek
Somerset-Olde Creek,Week3,Little Hunting Park,Week1,281.0 Little Hunting Park - 117.0 Somerset-Olde Creek
Somerset-Olde Creek,Week3,Rolling Valley,Week2,261.0 Rolling Valley - 141.0 Somerset-Olde Creek
Somerset-Olde Creek,Week3,Hayfield Farm,Week4,329.0 Hayfield Farm - 73.0 Somerset-Olde Creek
Somerset-Olde Creek,Week4,Newington Forest,Week3,258.0 Newington Forest - 144.0 Somerset-Olde Creek
South Run,Week1,Hayfield Farm,Week2,214.0 Hayfield Farm - 179.0 South Run
Somerset-Olde Creek,Week2,Rolling Valley,Week5,280.0 Rolling Valley - 122.0 Somerset-Olde Creek
South Run,Week1,Hayfield Farm,Week3,225.0 Hayfield Farm - 168.0 South Run
Somerset-Olde Creek,Week2,Vienna Woods,Week2,365.0 Vienna Woods - 36.0 Somerset-Olde Creek
Somerset-Olde Creek,Week2,Hayfield Farm,Week5,326.0 Hayfield Farm - 76.0 Somerset-Olde Creek
Somerset-Olde Creek,Week2,North Springfield,Week5,206.0 North Springfield - 158.0 Somerset-Olde Creek
Somerset-Olde Creek,Week5,Newington Forest,Week3,228.0 Newington Forest - 173.0 Somerset-Olde Creek
Somerset-Olde Creek,Week1,Vienna Woods,Week2,364.0 Vienna Woods - 37.0 Somerset-Olde Creek
Somerset-Olde Creek,Week1,Little Hunting Park,Week3,265.0 Little Hunting Park - 136.0 Somerset-Olde Creek
South Run,Week3,Hamlet,Week3,299.0 Hamlet - 103.0 South Run
Somerset-Olde Creek,Week5,Hamlet,Week3,355.0 Hamlet - 47.0 Somerset-Olde Creek
Somerset-Olde Creek,Week3,Vienna Woods,Week2,371.0 Vienna Woods - 30.0 Somerset-Olde Creek
Somerset-Olde Creek,Week2,Little Rocky Run,Week4,361.0 Little Rocky Run - 41.0 Somerset-Olde Creek
Somerset-Olde Creek,Week4,Rolling Valley,Week5,244.0 Rolling Valley - 158.0 Somerset-Olde Creek
Somerset-Olde Creek,Week4,Little Hunting Park,Week3,253.0 Little Hunting Park - 149.0 Somerset-Olde Creek
South Run,Week5,Hamlet,Week2,279.0 Hamlet - 123.0 South Run
Somerset-Olde Creek,Week3,Little Rocky Run,Week3,357.0 Little Rocky Run - 44.0 Somerset-Olde Creek
South Run,Week3,Hamlet,Week5,303.0 Hamlet - 99.0 South Run
Somerset-Olde Creek,Week4,Rolling Valley,Week3,238.0 Rolling Valley - 163.0 Somerset-Olde Creek
Somerset-Olde Creek,Week4,Rolling Hills,Week5,288.0 Rolling Hills - 114.0 Somerset-Olde Creek
Somerset-Olde Creek,Week1,Hayfield Farm,Week4,321.0 Hayfield Farm - 81.0 Somerset-Olde Creek
Somerset-Olde Creek,Week4,Vienna Woods,Week1,363.0 Vienna Woods - 39.0 Somerset-Olde Creek
Somerset-Olde Creek,Week4,Vienna Aquatic,Week2,361.0 Vienna Aquatic - 41.0 Somerset-Olde Creek
Somerset-Olde Creek,Week3,Newington Forest,Week2,238.0 Newington Forest - 155.0 Somerset-Olde Creek
Somerset-Olde Creek,Week3,Newington Forest,Week5,271.0 Newington Forest - 121.0 Somerset-Olde Creek
Somerset-Olde Creek,Week4,Hayfield Farm,Week1,312.0 Hayfield Farm - 90.0 Somerset-Olde Creek
Somerset-Olde Creek,Week5,Newington Forest,Week5,246.0 Newington Forest - 156.0 Somerset-Olde Creek
Somerset-Olde Creek,Week1,Villa Aquatic,Week1,305.0 Villa Aquatic - 96.0 Somerset-Olde Creek
Somerset-Olde Creek,Week1,Hiddenbrook,Week1,294.0 Hiddenbrook - 107.0 Somerset-Olde Creek
Somerset-Olde Creek,Week4,Rolling Valley,Week4,249.0 Rolling Valley - 153.0 Somerset-Olde Creek
Somerset-Olde Creek,Week5,Rutherford,Week4,260.0 Rutherford - 141.0 Somerset-Olde Creek
Somerset-Olde Creek,Week1,Little Rocky Run,Week4,357.0 Little Rocky Run - 45.0 Somerset-Olde Creek
Somerset-Olde Creek,Week2,Herndon,Week5,229.0 Herndon - 169.0 Somerset-Olde Creek
Somerset-Olde Creek,Week4,Vienna Woods,Week5,376.0 Vienna Woods - 26.0 Somerset-Olde Creek
South Run,Week5,Hamlet,Week3,266.0 Hamlet - 136.0 South Run
Somerset-Olde Creek,Week2,Rutherford,Week2,281.0 Rutherford - 119.0 Somerset-Olde Creek
Somerset-Olde Creek,Week4,Vienna Aquatic,Week5,368.0 Vienna Aquatic - 33.0 Somerset-Olde Creek
Somerset-Olde Creek,Week5,Little Hunting Park,Week3,236.5 Little Hunting Park - 164.5 Somerset-Olde Creek
Somerset-Olde Creek,Week3,Rutherford,Week1,262.0 Rutherford - 137.0 Somerset-Olde Creek
Somerset-Olde Creek,Week5,Rolling Valley,Week2,219.0 Rolling Valley - 183.0 Somerset-Olde Creek
Somerset-Olde Creek,Week5,Hayfield Farm,Week3,299.0 Hayfield Farm - 99.0 Somerset-Olde Creek
Somerset-Olde Creek,Week3,North Springfield,Week4,196.0 North Springfield - 180.0 Somerset-Olde Creek
Somerset-Olde Creek,Week4,Hayfield Farm,Week3,312.0 Hayfield Farm - 89.0 Somerset-Olde Creek
Somerset-Olde Creek,Week4,Vienna Woods,Week3,373.0 Vienna Woods - 29.0 Somerset-Olde Creek
South Run,Week4,Hamlet,Week4,280.0 Hamlet - 122.0 South Run
Somerset-Olde Creek,Week1,Hayfield Farm,Week3,314.0 Hayfield Farm - 84.0 Somerset-Olde Creek
Somerset-Olde Creek,Week1,Hiddenbrook,Week3,300.0 Hiddenbrook - 101.0 Somerset-Olde Creek
South Run,Week5,Hamlet,Week4,257.5 Hamlet - 144.5 South Run
Somerset-Olde Creek,Week5,Vienna Aquatic,Week4,345.0 Vienna Aquatic - 56.0 Somerset-Olde Creek
South Run,Week1,Hayfield Farm,Week5,208.0 Hayfield Farm - 185.0 South Run
Somerset-Olde Creek,Week3,Herndon,Week4,229.0 Herndon - 169.0 Somerset-Olde Creek
Somerset-Olde Creek,Week5,Little Rocky Run,Week2,334.0 Little Rocky Run - 68.0 Somerset-Olde Creek
South Run,Week1,Hayfield Farm,Week1,211.0 Hayfield Farm - 182.0 South Run
Somerset-Olde Creek,Week1,Vienna Woods,Week5,371.0 Vienna Woods - 31.0 Somerset-Olde Creek
Somerset-Olde Creek,Week1,North Springfield,Week4,196.0 Somerset-Olde Creek - 177.0 North Springfield
Somerset-Olde Creek,Week2,North Springfield,Week1,180.0 Somerset-Olde Creek - 162.0 North Springfield
Somerset-Olde Creek,Week5,Vienna Aquatic,Week2,349.0 Vienna Aquatic - 53.0 Somerset-Olde Creek
Somerset-Olde Creek,Week5,Rolling Valley,Week4,230.0 Rolling Valley - 172.0 Somerset-Olde Creek
Somerset-Olde Creek,Week4,Newington Forest,Week1,238.0 Newington Forest - 159.0 Somerset-Olde Creek
Somerset-Olde Creek,Week1,North Springfield,Week3,206.0 North Springfield - 177.0 Somerset-Olde Creek
Somerset-Olde Creek,Week4,Newington Forest,Week4,258.0 Newington Forest - 139.0 Somerset-Olde Creek
Somerset-Olde Creek,Week1,Shouse Village,Week1,305.0 Shouse Village - 95.0 Somerset-Olde Creek
Somerset-Olde Creek,Week5,Little Hunting Park,Week5,255.0 Little Hunting Park - 144.0 Somerset-Olde Creek
South Run,Week2,Hayfield Farm,Week1,236.0 Hayfield Farm - 166.0 South Run
Somerset-Olde Creek,Week5,Little Rocky Run,Week4,338.0 Little Rocky Run - 64.0 Somerset-Olde Creek
Somerset-Olde Creek,Week4,Little Hunting Park,Week5,275.0 Little Hunting Park - 126.0 Somerset-Olde Creek
Somerset-Olde Creek,Week1,North Springfield,Week5,195.0 North Springfield - 165.0 Somerset-Olde Creek
Somerset-Olde Creek,Week5,Vienna Aquatic,Week5,360.0 Vienna Aquatic - 38.0 Somerset-Olde Creek
South Run,Week4,Hamlet,Week1,294.0 Hamlet - 107.0 South Run
Somerset-Olde Creek,Week4,Little Rocky Run,Week4,357.0 Little Rocky Run - 45.0 Somerset-Olde Creek
Somerset-Olde Creek,Week2,Rutherford,Week5,296.0 Rutherford - 100.0 Somerset-Olde Creek
Somerset-Olde Creek,Week3,Rutherford,Week4,296.0 Rutherford - 101.0 Somerset-Olde Creek
Somerset-Olde Creek,Week1,Hiddenbrook,Week5,320.0 Hiddenbrook - 82.0 Somerset-Olde Creek
Somerset-Olde Creek,Week1,Long Branch,Week4,287.0 Long Branch - 114.0 Somerset-Olde Creek
South Run,Week2,Hayfield Farm,Week2,232.0 Hayfield Farm - 170.0 South Run
South Run,Week2,Hayfield Farm,Week3,238.0 Hayfield Farm - 164.0 South Run
Somerset-Olde Creek,Week5,Vienna Woods,Week5,368.0 Vienna Woods - 34.0 Somerset-Olde Creek
Somerset-Olde Creek,Week5,Little Hunting Park,Week1,238.0 Little Hunting Park - 160.0 Somerset-Olde Creek
South Run,Week4,Hamlet,Week5,314.0 Hamlet - 88.0 South Run
South Run,Week1,Hayfield Farm,Week4,222.0 Hayfield Farm - 171.0 South Run
Somerset-Olde Creek,Week5,Newington Forest,Week2,212.0 Newington Forest - 184.0 Somerset-Olde Creek
Somerset-Olde Creek,Week2,Long Branch,Week2,287.0 Long Branch - 114.0 Somerset-Olde Creek
Somerset-Olde Creek,Week2,Herndon,Week1,211.0 Herndon - 178.0 Somerset-Olde Creek
Somerset-Olde Creek,Week1,Rutherford,Week3,273.0 Rutherford - 126.0 Somerset-Olde Creek
Somerset-Olde Creek,Week3,Rutherford,Week2,266.0 Rutherford - 131.0 Somerset-Olde Creek
Somerset-Olde Creek,Week5,Villa Aquatic,Week4,299.0 Villa Aquatic - 103.0 Somerset-Olde Creek
Somerset-Olde Creek,Week1,Long Branch,Week3,271.0 Long Branch - 129.0 Somerset-Olde Creek
Somerset-Olde Creek,Week2,North Springfield,Week2,213.0 North Springfield - 169.0 Somerset-Olde Creek
Somerset-Olde Creek,Week5,Herndon,Week3,219.0 Somerset-Olde Creek - 179.0 Herndon
Somerset-Olde Creek,Week3,Newington Forest,Week4,268.0 Newington Forest - 134.0 Somerset-Olde Creek
Somerset-Olde Creek,Week3,Vienna Woods,Week4,365.0 Vienna Woods - 32.0 Somerset-Olde Creek
Somerset-Olde Creek,Week4,Newington Forest,Week5,269.0 Newington Forest - 133.0 Somerset-Olde Creek
Somerset-Olde Creek,Week2,Herndon,Week2,218.0 Herndon - 174.0 Somerset-Olde Creek
Somerset-Olde Creek,Week2,Rutherford,Week3,294.0 Rutherford - 102.0 Somerset-Olde Creek
Somerset-Olde Creek,Week5,Vienna Woods,Week4,349.5 Vienna Woods - 52.5 Somerset-Olde Creek
Somerset-Olde Creek,Week1,Herndon,Week3,212.0 Herndon - 181.0 Somerset-Olde Creek
South Run,Week2,Hayfield Farm,Week5,219.0 Hayfield Farm - 182.0 South Run
Somerset-Olde Creek,Week4,Villa Aquatic,Week2,297.0 Villa Aquatic - 105.0 Somerset-Olde Creek
Somerset-Olde Creek,Week1,Villa Aquatic,Week2,307.0 Villa Aquatic - 94.0 Somerset-Olde Creek
South Run,Week4,Hayfield Farm,Week1,225.5 Hayfield Farm - 176.5 South Run
Somerset-Olde Creek,Week3,Oakton ,Week2,361.0 Oakton - 41.0 Somerset-Olde Creek
Somerset-Olde Creek,Week1,Oakton ,Week5,358.0 Oakton - 43.0 Somerset-Olde Creek
South Run,Week4,Hayfield Farm,Week2,231.5 Hayfield Farm - 170.5 South Run
Somerset-Olde Creek,Week1,Little Rocky Run,Week2,347.0 Little Rocky Run - 55.0 Somerset-Olde Creek
Somerset-Olde Creek,Week1,Villa Aquatic,Week4,325.5 Villa Aquatic - 76.5 Somerset-Olde Creek
Somerset-Olde Creek,Week1,Rutherford,Week4,281.0 Rutherford - 119.0 Somerset-Olde Creek
Somerset-Olde Creek,Week3,Newington Forest,Week3,264.0 Newington Forest - 137.0 Somerset-Olde Creek
Somerset-Olde Creek,Week3,Herndon,Week1,219.0 Herndon - 169.0 Somerset-Olde Creek
Somerset-Olde Creek,Week4,Rutherford,Week5,280.0 Rutherford - 121.0 Somerset-Olde Creek
Somerset-Olde Creek,Week1,Long Branch,Week5,287.5 Long Branch - 113.5 Somerset-Olde Creek
Somerset-Olde Creek,Week4,Newington Forest,Week2,243.5 Newington Forest - 154.5 Somerset-Olde Creek
Somerset-Olde Creek,Week4,Rutherford,Week1,231.0 Rutherford - 169.0 Somerset-Olde Creek
Somerset-Olde Creek,Week2,Little Rocky Run,Week1,349.0 Little Rocky Run - 53.0 Somerset-Olde Creek
South Run,Week3,Hayfield Farm,Week3,227.0 Hayfield Farm - 175.0 South Run
Somerset-Olde Creek,Week1,Rutherford,Week5,277.0 Rutherford - 118.0 Somerset-Olde Creek
Somerset-Olde Creek,Week4,Herndon,Week2,215.0 Herndon - 186.0 Somerset-Olde Creek
Somerset-Olde Creek,Week5,Little Hunting Park,Week4,241.0 Little Hunting Park - 160.0 Somerset-Olde Creek
Somerset-Olde Creek,Week5,Vienna Woods,Week3,366.0 Vienna Woods - 36.0 Somerset-Olde Creek
Somerset-Olde Creek,Week3,Little Rocky Run,Week5,361.0 Little Rocky Run - 36.0 Somerset-Olde Creek
South Run,Week3,Hayfield Farm,Week4,233.0 Hayfield Farm - 169.0 South Run
Somerset-Olde Creek,Week4,Herndon,Week1,209.0 Somerset-Olde Creek - 189.0 Herndon
Somerset-Olde Creek,Week1,Herndon,Week2,215.0 Herndon - 175.0 Somerset-Olde Creek
Somerset-Olde Creek,Week1,Herndon,Week4,214.0 Herndon - 185.0 Somerset-Olde Creek
South Run,Week5,Hamlet,Week5,292.0 Hamlet - 110.0 South Run
Somerset-Olde Creek,Week5,Rolling Valley,Week5,231.0 Rolling Valley - 171.0 Somerset-Olde Creek
Somerset-Olde Creek,Week2,North Springfield,Week3,220.0 North Springfield - 164.0 Somerset-Olde Creek
Somerset-Olde Creek,Week1,Little Rocky Run,Week5,364.0 Little Rocky Run - 33.0 Somerset-Olde Creek
Somerset-Olde Creek,Week2,Villa Aquatic,Week4,329.0 Villa Aquatic - 73.0 Somerset-Olde Creek
Somerset-Olde Creek,Week2,Little Rocky Run,Week2,355.0 Little Rocky Run - 47.0 Somerset-Olde Creek
Somerset-Olde Creek,Week5,Rutherford,Week1,219.0 Rutherford - 179.0 Somerset-Olde Creek
Somerset-Olde Creek,Week2,Rutherford,Week4,290.0 Rutherford - 106.0 Somerset-Olde Creek
Somerset-Olde Creek,Week4,North Springfield,Week2,195.0 North Springfield - 191.0 Somerset-Olde Creek
Somerset-Olde Creek,Week3,Little Rocky Run,Week1,349.0 Little Rocky Run - 53.0 Somerset-Olde Creek
South Run,Week4,Hayfield Farm,Week5,219.0 Hayfield Farm - 182.0 South Run
Somerset-Olde Creek,Week2,Rutherford,Week1,271.0 Rutherford - 124.0 Somerset-Olde Creek
Somerset-Olde Creek,Week3,Herndon,Week2,223.5 Herndon - 165.5 Somerset-Olde Creek
South Run,Week5,Hayfield Farm,Week4,214.0 Hayfield Farm - 188.0 South Run
Somerset-Olde Creek,Week4,Villa Aquatic,Week4,321.0 Villa Aquatic - 81.0 Somerset-Olde Creek
Somerset-Olde Creek,Week1,Oakton ,Week2,359.0 Oakton - 43.0 Somerset-Olde Creek
Somerset-Olde Creek,Week5,Little Hunting Park,Week2,243.0 Little Hunting Park - 156.0 Somerset-Olde Creek
South Run,Week5,Hayfield Farm,Week5,202.0 South Run - 200.0 Hayfield Farm
Somerset-Olde Creek,Week3,North Springfield,Week5,214.0 North Springfield - 150.0 Somerset-Olde Creek
Somerset-Olde Creek,Week1,Herndon,Week5,228.0 Herndon - 171.0 Somerset-Olde Creek
Somerset-Olde Creek,Week2,Little Rocky Run,Week3,358.0 Little Rocky Run - 44.0 Somerset-Olde Creek
Somerset-Olde Creek,Week5,Vienna Woods,Week1,354.0 Vienna Woods - 48.0 Somerset-Olde Creek
Somerset-Olde Creek,Week4,North Springfield,Week4,217.0 Somerset-Olde Creek - 168.0 North Springfield
Somerset-Olde Creek,Week5,Rutherford,Week2,232.0 Rutherford - 165.0 Somerset-Olde Creek
Somerset-Olde Creek,Week4,Rutherford,Week3,286.0 Rutherford - 115.0 Somerset-Olde Creek
Somerset-Olde Creek,Week4,Villa Aquatic,Week5,322.0 Villa Aquatic - 80.0 Somerset-Olde Creek
Somerset-Olde Creek,Week4,Vienna Woods,Week4,363.0 Vienna Woods - 39.0 Somerset-Olde Creek
Somerset-Olde Creek,Week3,Herndon,Week3,222.0 Herndon - 171.0 Somerset-Olde Creek
Somerset-Olde Creek,Week3,Rutherford,Week5,285.0 Rutherford - 115.0 Somerset-Olde Creek
Somerset-Olde Creek,Week2,Herndon,Week3,216.0 Herndon - 178.0 Somerset-Olde Creek
Somerset-Olde Creek,Week1,Oakton ,Week4,356.0 Oakton - 46.0 Somerset-Olde Creek
Somerset-Olde Creek,Week2,Oakton ,Week3,359.0 Oakton - 43.0 Somerset-Olde Creek
Somerset-Olde Creek,Week1,Villa Aquatic,Week3,331.0 Villa Aquatic - 71.0 Somerset-Olde Creek
Somerset-Olde Creek,Week5,Hayfield Farm,Week5,295.0 Hayfield Farm - 107.0 Somerset-Olde Creek
Somerset-Olde Creek,Week1,Villa Aquatic,Week5,332.0 Villa Aquatic - 70.0 Somerset-Olde Creek
Somerset-Olde Creek,Week4,Herndon,Week4,207.0 Herndon - 195.0 Somerset-Olde Creek
Somerset-Olde Creek,Week1,Rutherford,Week2,257.0 Rutherford - 139.0 Somerset-Olde Creek
Somerset-Olde Creek,Week1,Little Rocky Run,Week1,348.0 Little Rocky Run - 53.0 Somerset-Olde Creek
South Run,Week5,Hayfield Farm,Week2,205.0 South Run - 197.0 Hayfield Farm
Somerset-Olde Creek,Week2,Little Rocky Run,Week5,361.0 Little Rocky Run - 36.0 Somerset-Olde Creek
Somerset-Olde Creek,Week5,Vienna Woods,Week2,350.0 Vienna Woods - 51.0 Somerset-Olde Creek
Somerset-Olde Creek,Week3,North Springfield,Week3,226.0 North Springfield - 158.0 Somerset-Olde Creek
Somerset-Olde Creek,Week5,North Springfield,Week2,200.0 Somerset-Olde Creek - 182.0 North Springfield
South Run,Week5,Hayfield Farm,Week3,213.0 Hayfield Farm - 189.0 South Run
Somerset-Olde Creek,Week3,Herndon,Week5,230.0 Herndon - 167.0 Somerset-Olde Creek
Somerset-Olde Creek,Week1,Little Rocky Run,Week3,356.5 Little Rocky Run - 44.5 Somerset-Olde Creek
Somerset-Olde Creek,Week5,Villa Aquatic,Week2,270.0 Villa Aquatic - 132.0 Somerset-Olde Creek
Somerset-Olde Creek,Week2,Herndon,Week4,224.0 Herndon - 174.0 Somerset-Olde Creek
Somerset-Olde Creek,Week4,Rutherford,Week2,266.0 Rutherford - 134.0 Somerset-Olde Creek
Somerset-Olde Creek,Week3,Rutherford,Week3,276.0 Rutherford - 118.0 Somerset-Olde Creek
Somerset-Olde Creek,Week3,North Springfield,Week2,216.0 North Springfield - 165.0 Somerset-Olde Creek
Somerset-Olde Creek,Week4,Little Rocky Run,Week3,368.0 Little Rocky Run - 34.0 Somerset-Olde Creek
Somerset-Olde Creek,Week5,Herndon,Week1,212.0 Somerset-Olde Creek - 179.0 Herndon
Somerset-Olde Creek,Week5,Herndon,Week2,210.0 Somerset-Olde Creek - 185.0 Herndon
Somerset-Olde Creek,Week3,Villa Aquatic,Week3,336.0 Villa Aquatic - 66.0 Somerset-Olde Creek
Somerset-Olde Creek,Week4,North Springfield,Week3,204.0 North Springfield - 186.0 Somerset-Olde Creek
Somerset-Olde Creek,Week5,Rutherford,Week3,246.0 Rutherford - 154.0 Somerset-Olde Creek
South Run,Week5,Hayfield Farm,Week1,204.0 South Run - 198.0 Hayfield Farm
Somerset-Olde Creek,Week4,Little Rocky Run,Week1,339.0 Little Rocky Run - 63.0 Somerset-Olde Creek
Somerset-Olde Creek,Week5,North Springfield,Week1,199.0 Somerset-Olde Creek - 140.0 North Springfield
Somerset-Olde Creek,Week3,Little Rocky Run,Week2,356.0 Little Rocky Run - 46.0 Somerset-Olde Creek
Somerset-Olde Creek,Week2,Oakton ,Week4,364.0 Oakton - 38.0 Somerset-Olde Creek
Somerset-Olde Creek,Week3,Little Rocky Run,Week4,359.0 Little Rocky Run - 43.0 Somerset-Olde Creek
Somerset-Olde Creek,Week2,Villa Aquatic,Week2,311.0 Villa Aquatic - 91.0 Somerset-Olde Creek
Somerset-Olde Creek,Week3,Villa Aquatic,Week2,316.5 Villa Aquatic - 85.5 Somerset-Olde Creek
Somerset-Olde Creek,Week1,Rutherford,Week1,244.0 Rutherford - 146.0 Somerset-Olde Creek
Somerset-Olde Creek,Week4,Herndon,Week3,212.0 Herndon - 183.0 Somerset-Olde Creek
Somerset-Olde Creek,Week4,Rutherford,Week4,285.0 Rutherford - 116.0 Somerset-Olde Creek
Somerset-Olde Creek,Week4,Herndon,Week5,214.0 Herndon - 188.0 Somerset-Olde Creek
Somerset-Olde Creek,Week4,Little Rocky Run,Week2,355.0 Little Rocky Run - 47.0 Somerset-Olde Creek
Somerset-Olde Creek,Week3,Villa Aquatic,Week4,329.0 Villa Aquatic - 73.0 Somerset-Olde Creek
Somerset-Olde Creek,Week2,Oakton ,Week5,366.0 Oakton - 36.0 Somerset-Olde Creek
Somerset-Olde Creek,Week2,Villa Aquatic,Week3,337.0 Villa Aquatic - 65.0 Somerset-Olde Creek
Somerset-Olde Creek,Week5,Shouse Village,Week3,278.0 Shouse Village - 124.0 Somerset-Olde Creek
Somerset-Olde Creek,Week1,Herndon,Week1,210.0 Herndon - 175.0 Somerset-Olde Creek
Somerset-Olde Creek,Week5,Rutherford,Week5,262.0 Rutherford - 138.0 Somerset-Olde Creek
Somerset-Olde Creek,Week4,Villa Aquatic,Week3,328.0 Villa Aquatic - 74.0 Somerset-Olde Creek
Somerset-Olde Creek,Week5,North Springfield,Week4,214.0 Somerset-Olde Creek - 166.0 North Springfield
Somerset-Olde Creek,Week2,Hiddenbrook,Week1,285.0 Hiddenbrook - 116.0 Somerset-Olde Creek
Somerset-Olde Creek,Week5,North Springfield,Week3,194.0 Somerset-Olde Creek - 191.0 North Springfield
Somerset-Olde Creek,Week5,Shouse Village,Week1,276.0 Shouse Village - 125.0 Somerset-Olde Creek
Somerset-Olde Creek,Week4,Villa Aquatic,Week1,303.0 Villa Aquatic - 99.0 Somerset-Olde Creek
Somerset-Olde Creek,Week4,Little Rocky Run,Week5,371.0 Little Rocky Run - 31.0 Somerset-Olde Creek
Somerset-Olde Creek,Week1,Hiddenbrook,Week2,235.0 Hiddenbrook - 157.0 Somerset-Olde Creek
Somerset-Olde Creek,Week5,Herndon,Week5,213.0 Somerset-Olde Creek - 186.0 Herndon
Somerset-Olde Creek,Week2,Oakton ,Week1,357.0 Oakton - 40.0 Somerset-Olde Creek
Somerset-Olde Creek,Week1,Oakton ,Week1,346.0 Oakton - 51.0 Somerset-Olde Creek
Somerset-Olde Creek,Week1,Hiddenbrook,Week4,299.0 Hiddenbrook - 102.0 Somerset-Olde Creek
Somerset-Olde Creek,Week1,Sideburn Run,Week5,314.0 Sideburn Run - 88.0 Somerset-Olde Creek
Somerset-Olde Creek,Week5,Little Rocky Run,Week5,347.0 Little Rocky Run - 55.0 Somerset-Olde Creek
Somerset-Olde Creek,Week3,Villa Aquatic,Week5,330.0 Villa Aquatic - 72.0 Somerset-Olde Creek
South Run,Week4,Hayfield Farm,Week4,231.0 Hayfield Farm - 171.0 South Run
Somerset-Olde Creek,Week4,North Springfield,Week1,205.0 Somerset-Olde Creek - 141.0 North Springfield
Somerset-Olde Creek,Week5,Little Rocky Run,Week3,344.0 Little Rocky Run - 57.0 Somerset-Olde Creek
Somerset-Olde Creek,Week5,Little Rocky Run,Week1,331.5 Little Rocky Run - 70.5 Somerset-Olde Creek
Somerset-Olde Creek,Week2,Sideburn Run,Week2,316.0 Sideburn Run - 86.0 Somerset-Olde Creek
Somerset-Olde Creek,Week5,Herndon,Week4,218.0 Somerset-Olde Creek - 181.0 Herndon
Somerset-Olde Creek,Week2,Villa Aquatic,Week5,343.0 Villa Aquatic - 59.0 Somerset-Olde Creek
Somerset-Olde Creek,Week2,Shouse Village,Week5,319.0 Shouse Village - 82.0 Somerset-Olde Creek
Somerset-Olde Creek,Week2,Villa Aquatic,Week1,314.0 Villa Aquatic - 88.0 Somerset-Olde Creek
Somerset-Olde Creek,Week1,Long Branch,Week1,274.0 Long Branch - 117.0 Somerset-Olde Creek
Somerset-Olde Creek,Week1,Long Branch,Week2,282.0 Long Branch - 112.0 Somerset-Olde Creek
Somerset-Olde Creek,Week4,Shouse Village,Week4,298.0 Shouse Village - 104.0 Somerset-Olde Creek
Somerset-Olde Creek,Week1,Oakton ,Week3,353.0 Oakton - 49.0 Somerset-Olde Creek
Somerset-Olde Creek,Week5,Villa Aquatic,Week1,285.0 Villa Aquatic - 117.0 Somerset-Olde Creek
Somerset-Olde Creek,Week1,Village West,Week1,258.0 Village West - 139.0 Somerset-Olde Creek
Somerset-Olde Creek,Week4,Shouse Village,Week5,299.0 Shouse Village - 103.0 Somerset-Olde Creek
Somerset-Olde Creek,Week3,Hiddenbrook,Week3,308.0 Hiddenbrook - 93.0 Somerset-Olde Creek
Somerset-Olde Creek,Week5,Long Branch,Week2,250.0 Long Branch - 150.0 Somerset-Olde Creek
Somerset-Olde Creek,Week5,North Springfield,Week5,185.0 North Springfield - 183.0 Somerset-Olde Creek
Somerset-Olde Creek,Week3,Oakton ,Week5,358.0 Oakton - 44.0 Somerset-Olde Creek
Somerset-Olde Creek,Week3,High Point Pool,Week2,346.0 High Point Pool - 56.0 Somerset-Olde Creek
Somerset-Olde Creek,Week2,Shouse Village,Week2,300.0 Shouse Village - 101.0 Somerset-Olde Creek
Somerset-Olde Creek,Week3,Shouse Village,Week4,316.0 Shouse Village - 80.0 Somerset-Olde Creek
Somerset-Olde Creek,Week2,Long Branch,Week1,288.0 Long Branch - 108.0 Somerset-Olde Creek
Somerset-Olde Creek,Week2,Sideburn Run,Week5,327.0 Sideburn Run - 75.0 Somerset-Olde Creek
Somerset-Olde Creek,Week3,Long Branch,Week4,301.0 Long Branch - 101.0 Somerset-Olde Creek
Somerset-Olde Creek,Week1,Shouse Village,Week5,310.0 Shouse Village - 90.0 Somerset-Olde Creek
Somerset-Olde Creek,Week4,Hiddenbrook,Week4,279.0 Hiddenbrook - 123.0 Somerset-Olde Creek
Somerset-Olde Creek,Week4,North Springfield,Week5,188.0 North Springfield - 184.0 Somerset-Olde Creek
Somerset-Olde Creek,Week1,Village West,Week4,256.0 Village West - 138.0 Somerset-Olde Creek
Somerset-Olde Creek,Week2,Hiddenbrook,Week3,306.0 Hiddenbrook - 95.0 Somerset-Olde Creek
Somerset-Olde Creek,Week2,Shouse Village,Week1,305.0 Shouse Village - 95.0 Somerset-Olde Creek
Somerset-Olde Creek,Week2,Mansion House,Week1,328.0 Mansion House - 69.0 Somerset-Olde Creek
Somerset-Olde Creek,Week2,Hiddenbrook,Week5,314.0 Hiddenbrook - 88.0 Somerset-Olde Creek
Somerset-Olde Creek,Week3,Long Branch,Week1,288.0 Long Branch - 101.0 Somerset-Olde Creek
Somerset-Olde Creek,Week2,Shouse Village,Week3,314.0 Shouse Village - 88.0 Somerset-Olde Creek
Somerset-Olde Creek,Week1,Mansion House,Week5,341.0 Mansion House - 60.0 Somerset-Olde Creek
Somerset-Olde Creek,Week5,Hiddenbrook,Week4,276.0 Hiddenbrook - 126.0 Somerset-Olde Creek
Somerset-Olde Creek,Week5,Long Branch,Week4,265.0 Long Branch - 137.0 Somerset-Olde Creek
Somerset-Olde Creek,Week3,Shouse Village,Week2,295.0 Shouse Village - 103.0 Somerset-Olde Creek
Somerset-Olde Creek,Week5,Hiddenbrook,Week3,275.5 Hiddenbrook - 126.5 Somerset-Olde Creek
Somerset-Olde Creek,Week3,Oakton ,Week4,361.0 Oakton - 41.0 Somerset-Olde Creek
Somerset-Olde Creek,Week2,Hiddenbrook,Week4,293.0 Hiddenbrook - 108.0 Somerset-Olde Creek
Somerset-Olde Creek,Week1,Village West,Week2,269.0 Village West - 130.0 Somerset-Olde Creek
Somerset-Olde Creek,Week3,Oakton ,Week3,358.0 Oakton - 44.0 Somerset-Olde Creek
Somerset-Olde Creek,Week1,Village West,Week3,274.0 Village West - 127.0 Somerset-Olde Creek
Somerset-Olde Creek,Week1,Mansion House,Week3,330.0 Mansion House - 72.0 Somerset-Olde Creek
Somerset-Olde Creek,Week2,Hiddenbrook,Week2,245.0 Hiddenbrook - 147.0 Somerset-Olde Creek
Somerset-Olde Creek,Week4,Oakton ,Week1,349.5 Oakton - 52.5 Somerset-Olde Creek
Somerset-Olde Creek,Week5,Villa Aquatic,Week5,312.0 Villa Aquatic - 90.0 Somerset-Olde Creek
Somerset-Olde Creek,Week3,Oakton ,Week1,354.5 Oakton - 42.5 Somerset-Olde Creek
Somerset-Olde Creek,Week2,Oakton ,Week2,362.0 Oakton - 40.0 Somerset-Olde Creek
Somerset-Olde Creek,Week4,Village West,Week4,264.0 Village West - 132.0 Somerset-Olde Creek
Somerset-Olde Creek,Week2,Long Branch,Week5,305.5 Long Branch - 95.5 Somerset-Olde Creek
Somerset-Olde Creek,Week3,Villa Aquatic,Week1,317.0 Villa Aquatic - 85.0 Somerset-Olde Creek
Somerset-Olde Creek,Week5,Villa Aquatic,Week3,315.0 Villa Aquatic - 87.0 Somerset-Olde Creek
Somerset-Olde Creek,Week4,Oakton ,Week2,356.0 Oakton - 46.0 Somerset-Olde Creek
Somerset-Olde Creek,Week2,High Point Pool,Week4,332.0 High Point Pool - 70.0 Somerset-Olde Creek
Somerset-Olde Creek,Week4,Hiddenbrook,Week5,311.0 Hiddenbrook - 91.0 Somerset-Olde Creek
Somerset-Olde Creek,Week5,Village West,Week2,254.0 Village West - 146.0 Somerset-Olde Creek
Somerset-Olde Creek,Week2,Village West,Week5,273.0 Village West - 128.0 Somerset-Olde Creek
Somerset-Olde Creek,Week1,Sideburn Run,Week2,308.0 Sideburn Run - 94.0 Somerset-Olde Creek
Somerset-Olde Creek,Week3,Long Branch,Week5,303.5 Long Branch - 97.5 Somerset-Olde Creek
Somerset-Olde Creek,Week3,Shouse Village,Week5,322.0 Shouse Village - 79.0 Somerset-Olde Creek
Somerset-Olde Creek,Week4,Oakton ,Week3,351.0 Oakton - 46.0 Somerset-Olde Creek
Somerset-Olde Creek,Week1,Sideburn Run,Week1,304.0 Sideburn Run - 92.0 Somerset-Olde Creek
Somerset-Olde Creek,Week3,Long Branch,Week2,297.0 Long Branch - 103.0 Somerset-Olde Creek
Somerset-Olde Creek,Week2,Village West,Week3,290.0 Village West - 112.0 Somerset-Olde Creek
Somerset-Olde Creek,Week4,Shouse Village,Week1,283.0 Shouse Village - 118.0 Somerset-Olde Creek
Somerset-Olde Creek,Week5,Long Branch,Week1,266.0 Long Branch - 133.0 Somerset-Olde Creek
Somerset-Olde Creek,Week3,Hiddenbrook,Week1,305.0 Hiddenbrook - 95.0 Somerset-Olde Creek
Somerset-Olde Creek,Week4,Oakton ,Week5,365.0 Oakton - 37.0 Somerset-Olde Creek
Somerset-Olde Creek,Week5,Oakton ,Week1,333.0 Oakton - 69.0 Somerset-Olde Creek
Somerset-Olde Creek,Week5,Long Branch,Week5,276.0 Long Branch - 125.0 Somerset-Olde Creek
Somerset-Olde Creek,Week5,Oakton ,Week2,348.0 Oakton - 54.0 Somerset-Olde Creek
Somerset-Olde Creek,Week4,Oakton ,Week4,358.0 Oakton - 44.0 Somerset-Olde Creek
Somerset-Olde Creek,Week2,Village West,Week4,268.0 Village West - 128.0 Somerset-Olde Creek
Somerset-Olde Creek,Week1,High Point Pool,Week2,328.0 High Point Pool - 73.0 Somerset-Olde Creek
Somerset-Olde Creek,Week4,Long Branch,Week3,265.0 Long Branch - 137.0 Somerset-Olde Creek
Somerset-Olde Creek,Week4,Village West,Week2,263.0 Village West - 138.0 Somerset-Olde Creek
Somerset-Olde Creek,Week1,Shouse Village,Week3,312.0 Shouse Village - 90.0 Somerset-Olde Creek
Somerset-Olde Creek,Week3,High Point Pool,Week1,334.0 High Point Pool - 67.0 Somerset-Olde Creek
Somerset-Olde Creek,Week5,Oakton ,Week4,351.0 Oakton - 51.0 Somerset-Olde Creek
Somerset-Olde Creek,Week3,Virginia Hills,Week4,206.0 Virginia Hills - 192.0 Somerset-Olde Creek
Somerset-Olde Creek,Week3,Virginia Hills,Week2,205.0 Somerset-Olde Creek - 187.0 Virginia Hills
Somerset-Olde Creek,Week4,Long Branch,Week4,286.0 Long Branch - 116.0 Somerset-Olde Creek
Somerset-Olde Creek,Week5,Hiddenbrook,Week5,294.0 Hiddenbrook - 108.0 Somerset-Olde Creek
Somerset-Olde Creek,Week4,Hiddenbrook,Week1,278.5 Hiddenbrook - 122.5 Somerset-Olde Creek
Somerset-Olde Creek,Week1,Mansion House,Week2,319.0 Mansion House - 77.0 Somerset-Olde Creek
Somerset-Olde Creek,Week5,Oakton ,Week5,350.0 Oakton - 52.0 Somerset-Olde Creek
Somerset-Olde Creek,Week1,Orange Hunt,Week3,328.0 Orange Hunt - 73.0 Somerset-Olde Creek
Somerset-Olde Creek,Week4,Shouse Village,Week2,292.5 Shouse Village - 108.5 Somerset-Olde Creek
Somerset-Olde Creek,Week1,Shouse Village,Week4,319.0 Shouse Village - 79.0 Somerset-Olde Creek
Somerset-Olde Creek,Week4,Village West,Week3,277.5 Village West - 124.5 Somerset-Olde Creek
Somerset-Olde Creek,Week4,Long Branch,Week1,286.0 Long Branch - 115.0 Somerset-Olde Creek
Somerset-Olde Creek,Week1,Virginia Hills,Week2,227.0 Somerset-Olde Creek - 157.0 Virginia Hills
Somerset-Olde Creek,Week1,Mansion House,Week4,306.0 Mansion House - 82.0 Somerset-Olde Creek
Somerset-Olde Creek,Week5,Old Keene Mill,Week5,258.0 Old Keene Mill - 144.0 Somerset-Olde Creek
Somerset-Olde Creek,Week1,Village West,Week5,257.0 Village West - 144.0 Somerset-Olde Creek
Somerset-Olde Creek,Week3,Shouse Village,Week3,316.0 Shouse Village - 86.0 Somerset-Olde Creek
Somerset-Olde Creek,Week3,Village West,Week3,296.0 Village West - 106.0 Somerset-Olde Creek
Somerset-Olde Creek,Week3,Shouse Village,Week1,308.0 Shouse Village - 92.0 Somerset-Olde Creek
Somerset-Olde Creek,Week3,Long Branch,Week3,286.0 Long Branch - 114.0 Somerset-Olde Creek
Somerset-Olde Creek,Week1,Shouse Village,Week2,293.0 Shouse Village - 104.0 Somerset-Olde Creek
Somerset-Olde Creek,Week2,Shouse Village,Week4,329.0 Shouse Village - 73.0 Somerset-Olde Creek
Somerset-Olde Creek,Week2,High Point Pool,Week3,338.0 High Point Pool - 63.0 Somerset-Olde Creek
Somerset-Olde Creek,Week5,High Point Pool,Week2,319.0 High Point Pool - 83.0 Somerset-Olde Creek
Somerset-Olde Creek,Week2,Long Branch,Week3,282.0 Long Branch - 119.0 Somerset-Olde Creek
Somerset-Olde Creek,Week2,Village West,Week1,275.0 Village West - 126.0 Somerset-Olde Creek
Somerset-Olde Creek,Week2,Old Keene Mill,Week2,274.0 Old Keene Mill - 128.0 Somerset-Olde Creek
Somerset-Olde Creek,Week4,High Point Pool,Week4,323.0 High Point Pool - 79.0 Somerset-Olde Creek
Somerset-Olde Creek,Week4,Shouse Village,Week3,293.0 Shouse Village - 109.0 Somerset-Olde Creek
Somerset-Olde Creek,Week5,Hiddenbrook,Week1,280.0 Hiddenbrook - 121.0 Somerset-Olde Creek
Somerset-Olde Creek,Week5,Oakton ,Week3,340.0 Oakton - 62.0 Somerset-Olde Creek
Somerset-Olde Creek,Week1,High Point Pool,Week3,326.0 High Point Pool - 75.0 Somerset-Olde Creek
Somerset-Olde Creek,Week5,Long Branch,Week3,257.0 Long Branch - 144.0 Somerset-Olde Creek
Somerset-Olde Creek,Week2,Sideburn Run,Week4,325.0 Sideburn Run - 77.0 Somerset-Olde Creek
Somerset-Olde Creek,Week2,Sideburn Run,Week3,329.0 Sideburn Run - 73.0 Somerset-Olde Creek
Somerset-Olde Creek,Week3,Old Keene Mill,Week3,290.0 Old Keene Mill - 112.0 Somerset-Olde Creek
Somerset-Olde Creek,Week3,Village West,Week2,282.0 Village West - 117.0 Somerset-Olde Creek
Somerset-Olde Creek,Week2,Long Branch,Week4,309.0 Long Branch - 93.0 Somerset-Olde Creek
Somerset-Olde Creek,Week4,High Point Pool,Week5,330.5 High Point Pool - 71.5 Somerset-Olde Creek
Somerset-Olde Creek,Week5,Shouse Village,Week4,291.0 Shouse Village - 110.0 Somerset-Olde Creek
Somerset-Olde Creek,Week3,Old Keene Mill,Week4,279.0 Old Keene Mill - 122.0 Somerset-Olde Creek
Somerset-Olde Creek,Week2,Mansion House,Week2,321.0 Mansion House - 75.0 Somerset-Olde Creek
Somerset-Olde Creek,Week2,Sideburn Run,Week1,317.0 Sideburn Run - 85.0 Somerset-Olde Creek
Somerset-Olde Creek,Week5,High Point Pool,Week5,316.0 High Point Pool - 86.0 Somerset-Olde Creek
Somerset-Olde Creek,Week3,Hollin Meadows,Week3,321.0 Hollin Meadows - 80.0 Somerset-Olde Creek
Somerset-Olde Creek,Week4,Long Branch,Week2,275.0 Long Branch - 126.0 Somerset-Olde Creek
Somerset-Olde Creek,Week1,Virginia Hills,Week5,201.0 Somerset-Olde Creek - 198.0 Virginia Hills
Somerset-Olde Creek,Week3,Village West,Week4,270.0 Village West - 124.0 Somerset-Olde Creek
Somerset-Olde Creek,Week1,Sideburn Run,Week4,304.0 Sideburn Run - 98.0 Somerset-Olde Creek
Somerset-Olde Creek,Week1,High Point Pool,Week5,327.0 High Point Pool - 74.0 Somerset-Olde Creek
Somerset-Olde Creek,Week4,Hiddenbrook,Week3,279.0 Hiddenbrook - 118.0 Somerset-Olde Creek
Somerset-Olde Creek,Week5,Village West,Week5,244.0 Village West - 157.0 Somerset-Olde Creek
Somerset-Olde Creek,Week1,Old Keene Mill,Week3,282.0 Old Keene Mill - 119.0 Somerset-Olde Creek
Somerset-Olde Creek,Week3,Hiddenbrook,Week5,326.0 Hiddenbrook - 76.0 Somerset-Olde Creek
Somerset-Olde Creek,Week3,Village West,Week5,277.0 Village West - 124.0 Somerset-Olde Creek
Somerset-Olde Creek,Week1,High Point Pool,Week4,320.0 High Point Pool - 82.0 Somerset-Olde Creek
Somerset-Olde Creek,Week2,Orange Hunt,Week2,320.0 Orange Hunt - 82.0 Somerset-Olde Creek
Somerset-Olde Creek,Week1,Mansion House,Week1,324.0 Mansion House - 73.0 Somerset-Olde Creek
Somerset-Olde Creek,Week1,Old Keene Mill,Week4,267.0 Old Keene Mill - 133.0 Somerset-Olde Creek
Somerset-Olde Creek,Week5,Shouse Village,Week2,266.5 Shouse Village - 131.5 Somerset-Olde Creek
Somerset-Olde Creek,Week4,Old Keene Mill,Week5,257.0 Old Keene Mill - 145.0 Somerset-Olde Creek
Somerset-Olde Creek,Week1,Old Keene Mill,Week1,263.0 Old Keene Mill - 136.0 Somerset-Olde Creek
Somerset-Olde Creek,Week3,Hiddenbrook,Week2,253.0 Hiddenbrook - 138.0 Somerset-Olde Creek
Somerset-Olde Creek,Week5,Shouse Village,Week5,287.0 Shouse Village - 115.0 Somerset-Olde Creek
Somerset-Olde Creek,Week2,Mansion House,Week3,336.0 Mansion House - 66.0 Somerset-Olde Creek
Somerset-Olde Creek,Week4,Hollin Meadows,Week2,299.0 Hollin Meadows - 103.0 Somerset-Olde Creek
Somerset-Olde Creek,Week5,Old Keene Mill,Week3,261.0 Old Keene Mill - 141.0 Somerset-Olde Creek
Somerset-Olde Creek,Week1,Sideburn Run,Week3,308.0 Sideburn Run - 94.0 Somerset-Olde Creek
Somerset-Olde Creek,Week5,Village West,Week3,257.0 Village West - 145.0 Somerset-Olde Creek
Somerset-Olde Creek,Week3,Village West,Week1,279.0 Village West - 121.0 Somerset-Olde Creek
Somerset-Olde Creek,Week2,Village West,Week2,283.0 Village West - 117.0 Somerset-Olde Creek
Somerset-Olde Creek,Week4,Long Branch,Week5,288.0 Long Branch - 113.0 Somerset-Olde Creek
Somerset-Olde Creek,Week2,High Point Pool,Week2,345.0 High Point Pool - 57.0 Somerset-Olde Creek
Somerset-Olde Creek,Week1,Hollin Meadows,Week5,320.0 Hollin Meadows - 81.0 Somerset-Olde Creek
Somerset-Olde Creek,Week5,Sideburn Run,Week5,304.0 Sideburn Run - 98.0 Somerset-Olde Creek
Somerset-Olde Creek,Week3,Sideburn Run,Week2,326.0 Sideburn Run - 76.0 Somerset-Olde Creek
Somerset-Olde Creek,Week3,Sideburn Run,Week3,317.5 Sideburn Run - 84.5 Somerset-Olde Creek
Somerset-Olde Creek,Week1,Hollin Meadows,Week3,318.0 Hollin Meadows - 83.0 Somerset-Olde Creek
Somerset-Olde Creek,Week4,Village West,Week5,265.0 Village West - 131.0 Somerset-Olde Creek
Somerset-Olde Creek,Week5,Village West,Week1,241.0 Village West - 159.0 Somerset-Olde Creek
Somerset-Olde Creek,Week3,Hollin Meadows,Week1,329.0 Hollin Meadows - 72.0 Somerset-Olde Creek
Somerset-Olde Creek,Week1,Virginia Hills,Week1,226.0 Somerset-Olde Creek - 170.0 Virginia Hills
Somerset-Olde Creek,Week2,Old Keene Mill,Week5,271.0 Old Keene Mill - 125.0 Somerset-Olde Creek
Somerset-Olde Creek,Week2,Sleepy Hollow B & R,Week5,361.0 Sleepy Hollow B & R - 40.0 Somerset-Olde Creek
Somerset-Olde Creek,Week2,Old Keene Mill,Week3,287.0 Old Keene Mill - 115.0 Somerset-Olde Creek
Somerset-Olde Creek,Week1,High Point Pool,Week1,312.0 High Point Pool - 85.0 Somerset-Olde Creek
Somerset-Olde Creek,Week1,Holmes Run Acres,Week1,303.0 Holmes Run Acres - 96.0 Somerset-Olde Creek
Somerset-Olde Creek,Week4,Hiddenbrook,Week2,229.0 Hiddenbrook - 172.0 Somerset-Olde Creek
Somerset-Olde Creek,Week4,Old Keene Mill,Week3,262.0 Old Keene Mill - 140.0 Somerset-Olde Creek
Somerset-Olde Creek,Week1,Old Keene Mill,Week2,267.0 Old Keene Mill - 134.0 Somerset-Olde Creek
Somerset-Olde Creek,Week5,Hiddenbrook,Week2,226.0 Hiddenbrook - 170.0 Somerset-Olde Creek
Somerset-Olde Creek,Week3,Hiddenbrook,Week4,304.0 Hiddenbrook - 97.0 Somerset-Olde Creek
Somerset-Olde Creek,Week4,Village West,Week1,262.0 Village West - 139.0 Somerset-Olde Creek
Somerset-Olde Creek,Week2,Old Keene Mill,Week4,275.0 Old Keene Mill - 126.0 Somerset-Olde Creek
Somerset-Olde Creek,Week2,Hollin Meadows,Week3,322.0 Hollin Meadows - 79.0 Somerset-Olde Creek
Somerset-Olde Creek,Week3,Sideburn Run,Week1,310.0 Sideburn Run - 86.0 Somerset-Olde Creek
Somerset-Olde Creek,Week5,Old Keene Mill,Week2,251.0 Old Keene Mill - 151.0 Somerset-Olde Creek
Somerset-Olde Creek,Week5,Village West,Week4,240.0 Village West - 155.0 Somerset-Olde Creek
Somerset-Olde Creek,Week2,High Point Pool,Week1,329.0 High Point Pool - 68.0 Somerset-Olde Creek
Somerset-Olde Creek,Week2,High Point Pool,Week5,332.0 High Point Pool - 69.0 Somerset-Olde Creek
Somerset-Olde Creek,Week3,Sleepy Hollow B & R,Week4,347.0 Sleepy Hollow B & R - 55.0 Somerset-Olde Creek
Somerset-Olde Creek,Week2,Sleepy Hollow B & R,Week2,343.0 Sleepy Hollow B & R - 59.0 Somerset-Olde Creek
Somerset-Olde Creek,Week3,Old Keene Mill,Week5,286.0 Old Keene Mill - 110.0 Somerset-Olde Creek
Somerset-Olde Creek,Week3,High Point Pool,Week4,339.0 High Point Pool - 63.0 Somerset-Olde Creek
Somerset-Olde Creek,Week5,Sideburn Run,Week3,306.0 Sideburn Run - 96.0 Somerset-Olde Creek
Somerset-Olde Creek,Week1,Virginia Hills,Week4,226.0 Somerset-Olde Creek - 172.0 Virginia Hills
Somerset-Olde Creek,Week2,Virginia Hills,Week5,228.0 Virginia Hills - 167.0 Somerset-Olde Creek
Somerset-Olde Creek,Week4,Hollin Meadows,Week5,325.0 Hollin Meadows - 77.0 Somerset-Olde Creek
Somerset-Olde Creek,Week2,Hollin Meadows,Week2,308.0 Hollin Meadows - 94.0 Somerset-Olde Creek
Somerset-Olde Creek,Week2,Virginia Hills,Week4,201.0 Virginia Hills - 198.0 Somerset-Olde Creek
Somerset-Olde Creek,Week3,Old Keene Mill,Week2,282.0 Old Keene Mill - 120.0 Somerset-Olde Creek
Somerset-Olde Creek,Week5,Hollin Meadows,Week5,311.0 Hollin Meadows - 90.0 Somerset-Olde Creek
Somerset-Olde Creek,Week2,Virginia Hills,Week2,209.0 Somerset-Olde Creek - 182.0 Virginia Hills
Somerset-Olde Creek,Week3,Sideburn Run,Week5,330.0 Sideburn Run - 72.0 Somerset-Olde Creek
Somerset-Olde Creek,Week3,High Point Pool,Week5,329.0 High Point Pool - 72.0 Somerset-Olde Creek
Somerset-Olde Creek,Week1,Virginia Hills,Week3,216.0 Somerset-Olde Creek - 184.0 Virginia Hills
Somerset-Olde Creek,Week4,Sleepy Hollow B & R,Week3,346.0 Sleepy Hollow B & R - 56.0 Somerset-Olde Creek
Somerset-Olde Creek,Week2,Old Keene Mill,Week1,264.0 Old Keene Mill - 137.0 Somerset-Olde Creek
Somerset-Olde Creek,Week3,Hollin Meadows,Week5,331.0 Hollin Meadows - 70.0 Somerset-Olde Creek
Somerset-Olde Creek,Week4,High Point Pool,Week2,334.0 High Point Pool - 68.0 Somerset-Olde Creek
Somerset-Olde Creek,Week3,High Point Pool,Week3,341.0 High Point Pool - 60.0 Somerset-Olde Creek
Somerset-Olde Creek,Week4,Hollin Meadows,Week3,318.0 Hollin Meadows - 84.0 Somerset-Olde Creek
Somerset-Olde Creek,Week3,Holmes Run Acres,Week3,334.0 Holmes Run Acres - 67.0 Somerset-Olde Creek
Somerset-Olde Creek,Week1,Old Keene Mill,Week5,271.0 Old Keene Mill - 130.0 Somerset-Olde Creek
Somerset-Olde Creek,Week3,Virginia Hills,Week1,205.0 Somerset-Olde Creek - 192.0 Virginia Hills
Somerset-Olde Creek,Week4,Old Keene Mill,Week1,252.0 Old Keene Mill - 150.0 Somerset-Olde Creek
Somerset-Olde Creek,Week4,Old Keene Mill,Week2,263.0 Old Keene Mill - 139.0 Somerset-Olde Creek
Sleepy Hollow Rec,Week3,Kent Gardens,Week1,253.0 Kent Gardens - 149.0 Sleepy Hollow Rec
Somerset-Olde Creek,Week4,High Point Pool,Week1,324.0 High Point Pool - 78.0 Somerset-Olde Creek
Somerset-Olde Creek,Week2,Virginia Hills,Week1,202.0 Somerset-Olde Creek - 197.0 Virginia Hills
Somerset-Olde Creek,Week5,Sleepy Hollow B & R,Week1,317.0 Sleepy Hollow B & R - 85.0 Somerset-Olde Creek
Somerset-Olde Creek,Week1,Sleepy Hollow B & R,Week1,333.0 Sleepy Hollow B & R - 69.0 Somerset-Olde Creek
Somerset-Olde Creek,Week1,Sleepy Hollow B & R,Week3,341.0 Sleepy Hollow B & R - 59.0 Somerset-Olde Creek
Sleepy Hollow Rec,Week2,Kent Gardens,Week4,267.5 Kent Gardens - 134.5 Sleepy Hollow Rec
Sleepy Hollow Rec,Week4,Kent Gardens,Week2,285.0 Kent Gardens - 117.0 Sleepy Hollow Rec
Somerset-Olde Creek,Week1,Orange Hunt,Week2,320.0 Orange Hunt - 81.0 Somerset-Olde Creek
Sleepy Hollow Rec,Week5,Kent Gardens,Week1,259.0 Kent Gardens - 143.0 Sleepy Hollow Rec
Somerset-Olde Creek,Week5,Hollin Meadows,Week4,309.0 Hollin Meadows - 93.0 Somerset-Olde Creek
Sleepy Hollow Rec,Week4,Kent Gardens,Week5,302.0 Kent Gardens - 100.0 Sleepy Hollow Rec
Somerset-Olde Creek,Week4,Sleepy Hollow B & R,Week1,336.0 Sleepy Hollow B & R - 66.0 Somerset-Olde Creek
Somerset-Olde Creek,Week5,High Point Pool,Week3,320.0 High Point Pool - 81.0 Somerset-Olde Creek
Somerset-Olde Creek,Week5,Virginia Hills,Week2,262.0 Somerset-Olde Creek - 131.0 Virginia Hills
Somerset-Olde Creek,Week2,Virginia Hills,Week3,210.0 Virginia Hills - 192.0 Somerset-Olde Creek
Somerset-Olde Creek,Week4,Virginia Hills,Week3,236.0 Somerset-Olde Creek - 166.0 Virginia Hills
Somerset-Olde Creek,Week4,Virginia Hills,Week5,207.0 Somerset-Olde Creek - 195.0 Virginia Hills
Somerset-Olde Creek,Week5,High Point Pool,Week4,312.0 High Point Pool - 90.0 Somerset-Olde Creek
Sleepy Hollow Rec,Week4,Kent Gardens,Week3,277.0 Kent Gardens - 125.0 Sleepy Hollow Rec
Somerset-Olde Creek,Week4,Sideburn Run,Week1,312.0 Sideburn Run - 90.0 Somerset-Olde Creek
Somerset-Olde Creek,Week5,High Point Pool,Week1,301.0 High Point Pool - 101.0 Somerset-Olde Creek
Somerset-Olde Creek,Week3,Virginia Run,Week5,354.0 Virginia Run - 48.0 Somerset-Olde Creek
Somerset-Olde Creek,Week3,Hollin Meadows,Week2,317.0 Hollin Meadows - 85.0 Somerset-Olde Creek
Sleepy Hollow Rec,Week1,Kings Ridge ,Week4,204.0 Kings Ridge - 198.0 Sleepy Hollow Rec
Somerset-Olde Creek,Week1,Holmes Run Acres,Week2,296.0 Holmes Run Acres - 105.0 Somerset-Olde Creek
Somerset-Olde Creek,Week4,Old Keene Mill,Week4,257.0 Old Keene Mill - 145.0 Somerset-Olde Creek
Somerset-Olde Creek,Week1,Orange Hunt,Week1,318.0 Orange Hunt - 84.0 Somerset-Olde Creek
Somerset-Olde Creek,Week5,Hollin Meadows,Week3,309.0 Hollin Meadows - 93.0 Somerset-Olde Creek
Somerset-Olde Creek,Week4,Sideburn Run,Week5,319.0 Sideburn Run - 83.0 Somerset-Olde Creek
Sleepy Hollow Rec,Week5,Kent Gardens,Week5,284.0 Kent Gardens - 118.0 Sleepy Hollow Rec
Somerset-Olde Creek,Week4,Sideburn Run,Week3,327.0 Sideburn Run - 75.0 Somerset-Olde Creek
Somerset-Olde Creek,Week1,Highland Park,Week3,306.0 Highland Park - 96.0 Somerset-Olde Creek
Somerset-Olde Creek,Week2,Hollin Meadows,Week1,324.0 Hollin Meadows - 78.0 Somerset-Olde Creek
Somerset-Olde Creek,Week1,Holmes Run Acres,Week3,328.0 Holmes Run Acres - 73.0 Somerset-Olde Creek
Somerset-Olde Creek,Week1,Orange Hunt,Week4,318.0 Orange Hunt - 83.0 Somerset-Olde Creek
Somerset-Olde Creek,Week4,High Point Pool,Week3,329.0 High Point Pool - 73.0 Somerset-Olde Creek
Somerset-Olde Creek,Week4,Hollin Meadows,Week1,324.0 Hollin Meadows - 78.0 Somerset-Olde Creek
Somerset-Olde Creek,Week3,Old Keene Mill,Week1,277.0 Old Keene Mill - 122.0 Somerset-Olde Creek
Somerset-Olde Creek,Week1,Highland Park,Week5,323.5 Highland Park - 78.5 Somerset-Olde Creek
Somerset-Olde Creek,Week1,Sleepy Hollow B & R,Week4,345.0 Sleepy Hollow B & R - 57.0 Somerset-Olde Creek
Somerset-Olde Creek,Week5,Old Keene Mill,Week4,250.0 Old Keene Mill - 151.0 Somerset-Olde Creek
Somerset-Olde Creek,Week4,Virginia Run,Week2,327.0 Virginia Run - 75.0 Somerset-Olde Creek
Somerset-Olde Creek,Week5,Old Keene Mill,Week1,242.0 Old Keene Mill - 158.0 Somerset-Olde Creek
Somerset-Olde Creek,Week3,Virginia Hills,Week3,216.0 Virginia Hills - 185.0 Somerset-Olde Creek
Somerset-Olde Creek,Week5,Highland Park,Week1,317.0 Highland Park - 84.0 Somerset-Olde Creek
Somerset-Olde Creek,Week1,Orange Hunt,Week5,323.0 Orange Hunt - 75.0 Somerset-Olde Creek
Somerset-Olde Creek,Week2,Hollin Meadows,Week5,332.0 Hollin Meadows - 70.0 Somerset-Olde Creek
Somerset-Olde Creek,Week1,Hollin Meadows,Week4,318.0 Hollin Meadows - 84.0 Somerset-Olde Creek
Somerset-Olde Creek,Week1,Holmes Run Acres,Week4,315.0 Holmes Run Acres - 84.0 Somerset-Olde Creek
Somerset-Olde Creek,Week2,Orange Hunt,Week1,324.0 Orange Hunt - 78.0 Somerset-Olde Creek
Somerset-Olde Creek,Week1,Highland Park,Week2,320.0 Highland Park - 82.0 Somerset-Olde Creek
Somerset-Olde Creek,Week3,Virginia Run,Week1,341.0 Virginia Run - 61.0 Somerset-Olde Creek
Somerset-Olde Creek,Week4,Highland Park,Week3,315.0 Highland Park - 87.0 Somerset-Olde Creek
Somerset-Olde Creek,Week3,Sleepy Hollow B & R,Week1,338.0 Sleepy Hollow B & R - 63.0 Somerset-Olde Creek
Somerset-Olde Creek,Week3,Highland Park,Week1,334.0 Highland Park - 67.0 Somerset-Olde Creek
Sleepy Hollow Rec,Week2,Kings Ridge ,Week2,251.0 Sleepy Hollow Rec - 150.0 Kings Ridge
Sleepy Hollow Rec,Week2,Kent Gardens,Week3,251.0 Kent Gardens - 151.0 Sleepy Hollow Rec
Somerset-Olde Creek,Week3,Sleepy Hollow B & R,Week2,340.0 Sleepy Hollow B & R - 61.0 Somerset-Olde Creek
Somerset-Olde Creek,Week1,Virginia Run,Week2,317.0 Virginia Run - 80.0 Somerset-Olde Creek
Sleepy Hollow Rec,Week3,Kings Ridge ,Week5,221.0 Sleepy Hollow Rec - 181.0 Kings Ridge
Somerset-Olde Creek,Week2,Sleepy Hollow B & R,Week4,354.0 Sleepy Hollow B & R - 48.0 Somerset-Olde Creek
Somerset-Olde Creek,Week1,Sleepy Hollow B & R,Week5,349.0 Sleepy Hollow B & R - 50.0 Somerset-Olde Creek
Somerset-Olde Creek,Week5,Hollin Meadows,Week1,302.0 Hollin Meadows - 99.0 Somerset-Olde Creek
Somerset-Olde Creek,Week3,Highland Park,Week5,328.0 Highland Park - 74.0 Somerset-Olde Creek
Somerset-Olde Creek,Week4,Virginia Hills,Week2,259.0 Somerset-Olde Creek - 140.0 Virginia Hills
Somerset-Olde Creek,Week4,Virginia Hills,Week1,250.0 Somerset-Olde Creek - 150.0 Virginia Hills
Sleepy Hollow Rec,Week2,Kent Gardens,Week1,269.0 Kent Gardens - 133.0 Sleepy Hollow Rec
Somerset-Olde Creek,Week2,Orange Hunt,Week5,331.0 Orange Hunt - 71.0 Somerset-Olde Creek
Sleepy Hollow Rec,Week3,Kent Gardens,Week4,244.0 Kent Gardens - 158.0 Sleepy Hollow Rec
Somerset-Olde Creek,Week5,Orange Hunt,Week1,308.0 Orange Hunt - 94.0 Somerset-Olde Creek
Somerset-Olde Creek,Week5,Sideburn Run,Week4,305.0 Sideburn Run - 97.0 Somerset-Olde Creek
Somerset-Olde Creek,Week3,Highland Park,Week2,330.0 Highland Park - 72.0 Somerset-Olde Creek
Somerset-Olde Creek,Week3,Sideburn Run,Week4,320.0 Sideburn Run - 82.0 Somerset-Olde Creek
Somerset-Olde Creek,Week4,Orange Hunt,Week1,322.0 Orange Hunt - 80.0 Somerset-Olde Creek
Somerset-Olde Creek,Week5,Hollin Meadows,Week2,293.0 Hollin Meadows - 109.0 Somerset-Olde Creek
Somerset-Olde Creek,Week2,Virginia Run,Week3,340.0 Virginia Run - 62.0 Somerset-Olde Creek
Sleepy Hollow Rec,Week2,Mosby Woods,Week4,312.0 Mosby Woods - 90.0 Sleepy Hollow Rec
Somerset-Olde Creek,Week1,Holmes Run Acres,Week5,325.0 Holmes Run Acres - 77.0 Somerset-Olde Creek
Sleepy Hollow Rec,Week4,Mosby Woods,Week5,335.0 Mosby Woods - 67.0 Sleepy Hollow Rec
Sleepy Hollow Rec,Week4,Kent Gardens,Week4,283.0 Kent Gardens - 119.0 Sleepy Hollow Rec
Somerset-Olde Creek,Week5,Sideburn Run,Week2,292.0 Sideburn Run - 110.0 Somerset-Olde Creek
Somerset-Olde Creek,Week5,Sideburn Run,Week1,297.0 Sideburn Run - 104.0 Somerset-Olde Creek
Somerset-Olde Creek,Week4,Hollin Meadows,Week4,327.5 Hollin Meadows - 74.5 Somerset-Olde Creek
Somerset-Olde Creek,Week3,Hollin Meadows,Week4,326.0 Hollin Meadows - 76.0 Somerset-Olde Creek
Sleepy Hollow Rec,Week5,Kings Ridge ,Week1,247.0 Sleepy Hollow Rec - 155.0 Kings Ridge
Somerset-Olde Creek,Week2,Overlee,Week4,392.0 Overlee - 10.0 Somerset-Olde Creek
Sleepy Hollow Rec,Week5,Kent Gardens,Week3,256.0 Kent Gardens - 146.0 Sleepy Hollow Rec
Somerset-Olde Creek,Week2,Hollin Meadows,Week4,317.0 Hollin Meadows - 85.0 Somerset-Olde Creek
Sleepy Hollow Rec,Week3,Mosby Woods,Week5,320.0 Mosby Woods - 82.0 Sleepy Hollow Rec
Somerset-Olde Creek,Week1,Highland Park,Week4,322.0 Highland Park - 79.0 Somerset-Olde Creek
Somerset-Olde Creek,Week4,Sideburn Run,Week2,313.0 Sideburn Run - 89.0 Somerset-Olde Creek
Somerset-Olde Creek,Week5,Orange Hunt,Week4,304.0 Orange Hunt - 98.0 Somerset-Olde Creek
Somerset-Olde Creek,Week4,Orange Hunt,Week5,326.0 Orange Hunt - 76.0 Somerset-Olde Creek
Somerset-Olde Creek,Week5,Virginia Hills,Week5,216.0 Somerset-Olde Creek - 184.0 Virginia Hills
Somerset-Olde Creek,Week2,Virginia Run,Week2,334.0 Virginia Run - 63.0 Somerset-Olde Creek
Somerset-Olde Creek,Week2,Orange Hunt,Week3,326.0 Orange Hunt - 76.0 Somerset-Olde Creek
Somerset-Olde Creek,Week2,Highland Park,Week2,333.0 Highland Park - 69.0 Somerset-Olde Creek
Somerset-Olde Creek,Week4,Highland Park,Week1,328.0 Highland Park - 74.0 Somerset-Olde Creek
Sleepy Hollow Rec,Week2,Kings Ridge ,Week3,237.0 Sleepy Hollow Rec - 164.0 Kings Ridge
Somerset-Olde Creek,Week3,Virginia Run,Week2,325.0 Virginia Run - 72.0 Somerset-Olde Creek
Sleepy Hollow Rec,Week1,Mount Vernon Park,Week3,310.0 Mount Vernon Park - 92.0 Sleepy Hollow Rec
Somerset-Olde Creek,Week3,Highland Park,Week4,331.0 Highland Park - 70.0 Somerset-Olde Creek
Sleepy Hollow Rec,Week4,Mosby Woods,Week4,321.0 Mosby Woods - 81.0 Sleepy Hollow Rec
Somerset-Olde Creek,Week1,Virginia Run,Week1,342.0 Virginia Run - 60.0 Somerset-Olde Creek
Sleepy Hollow Rec,Week2,Mosby Woods,Week1,335.0 Mosby Woods - 67.0 Sleepy Hollow Rec
Sleepy Hollow Rec,Week2,Kent Gardens,Week2,253.0 Kent Gardens - 149.0 Sleepy Hollow Rec
Somerset-Olde Creek,Week2,Sleepy Hollow B & R,Week1,337.0 Sleepy Hollow B & R - 65.0 Somerset-Olde Creek
Sleepy Hollow Rec,Week3,Kent Gardens,Week3,237.0 Kent Gardens - 165.0 Sleepy Hollow Rec
Somerset-Olde Creek,Week2,Highland Park,Week4,333.0 Highland Park - 69.0 Somerset-Olde Creek
Sleepy Hollow Rec,Week2,Kent Gardens,Week5,296.0 Kent Gardens - 106.0 Sleepy Hollow Rec
Somerset-Olde Creek,Week2,Overlee,Week1,383.0 Overlee - 19.0 Somerset-Olde Creek
Somerset-Olde Creek,Week2,Holmes Run Acres,Week3,338.0 Holmes Run Acres - 63.0 Somerset-Olde Creek
Somerset-Olde Creek,Week3,Sleepy Hollow B & R,Week5,357.0 Sleepy Hollow B & R - 43.0 Somerset-Olde Creek
Somerset-Olde Creek,Week4,Orange Hunt,Week2,318.0 Orange Hunt - 84.0 Somerset-Olde Creek
Sleepy Hollow Rec,Week3,Highlands Swim,Week5,336.0 Highlands Swim - 66.0 Sleepy Hollow Rec
Sleepy Hollow Rec,Week1,Kent Gardens,Week5,297.0 Kent Gardens - 105.0 Sleepy Hollow Rec
Somerset-Olde Creek,Week2,Holmes Run Acres,Week4,317.0 Holmes Run Acres - 84.0 Somerset-Olde Creek
Somerset-Olde Creek,Week5,Virginia Hills,Week4,240.0 Somerset-Olde Creek - 159.0 Virginia Hills
Sleepy Hollow Rec,Week5,Mosby Woods,Week3,312.0 Mosby Woods - 90.0 Sleepy Hollow Rec
Sleepy Hollow Rec,Week2,Mosby Woods,Week2,339.0 Mosby Woods - 63.0 Sleepy Hollow Rec
Somerset-Olde Creek,Week4,Sideburn Run,Week4,318.0 Sideburn Run - 84.0 Somerset-Olde Creek
Somerset-Olde Creek,Week1,Virginia Run,Week5,346.0 Virginia Run - 56.0 Somerset-Olde Creek
Sleepy Hollow Rec,Week2,Mount Vernon Park,Week1,323.0 Mount Vernon Park - 79.0 Sleepy Hollow Rec
Somerset-Olde Creek,Week2,Holmes Run Acres,Week2,303.0 Holmes Run Acres - 98.0 Somerset-Olde Creek
Somerset-Olde Creek,Week1,Virginia Run,Week3,333.0 Virginia Run - 68.0 Somerset-Olde Creek
Somerset-Olde Creek,Week1,Sleepy Hollow B & R,Week2,341.0 Sleepy Hollow B & R - 61.0 Somerset-Olde Creek
Sleepy Hollow Rec,Week4,Mosby Woods,Week1,331.0 Mosby Woods - 71.0 Sleepy Hollow Rec
Somerset-Olde Creek,Week1,Highland Park,Week1,329.0 Highland Park - 72.0 Somerset-Olde Creek
Sleepy Hollow Rec,Week3,Highlands Swim,Week1,320.0 Highlands Swim - 82.0 Sleepy Hollow Rec
Somerset-Olde Creek,Week1,Virginia Run,Week4,342.0 Virginia Run - 60.0 Somerset-Olde Creek
Somerset-Olde Creek,Week4,Highland Park,Week5,332.0 Highland Park - 70.0 Somerset-Olde Creek
Somerset-Olde Creek,Week5,Highland Park,Week2,309.0 Highland Park - 93.0 Somerset-Olde Creek
Somerset-Olde Creek,Week3,Overlee,Week1,381.0 Overlee - 21.0 Somerset-Olde Creek
Sleepy Hollow Rec,Week3,Highlands Swim,Week3,325.0 Highlands Swim - 77.0 Sleepy Hollow Rec
Somerset-Olde Creek,Week2,Sleepy Hollow B & R,Week3,350.0 Sleepy Hollow B & R - 51.0 Somerset-Olde Creek
Sleepy Hollow Rec,Week1,Kings Ridge ,Week1,207.0 Sleepy Hollow Rec - 190.0 Kings Ridge
Somerset-Olde Creek,Week3,Sleepy Hollow B & R,Week3,347.0 Sleepy Hollow B & R - 54.0 Somerset-Olde Creek
Sleepy Hollow Rec,Week2,Highlands Swim,Week2,350.0 Highlands Swim - 52.0 Sleepy Hollow Rec
Somerset-Olde Creek,Week1,Overlee,Week5,386.0 Overlee - 16.0 Somerset-Olde Creek
Somerset-Olde Creek,Week2,Highland Park,Week3,317.0 Highland Park - 85.0 Somerset-Olde Creek
Somerset-Olde Creek,Week4,Virginia Hills,Week4,231.0 Somerset-Olde Creek - 169.0 Virginia Hills
Sleepy Hollow Rec,Week4,Kent Gardens,Week1,287.0 Kent Gardens - 115.0 Sleepy Hollow Rec
Somerset-Olde Creek,Week2,Holmes Run Acres,Week1,321.0 Holmes Run Acres - 80.0 Somerset-Olde Creek
Somerset-Olde Creek,Week2,Overlee,Week3,383.0 Overlee - 19.0 Somerset-Olde Creek
Somerset-Olde Creek,Week2,Holmes Run Acres,Week5,337.0 Holmes Run Acres - 65.0 Somerset-Olde Creek
Sleepy Hollow Rec,Week4,Highlands Swim,Week1,342.0 Highlands Swim - 60.0 Sleepy Hollow Rec
Sleepy Hollow Rec,Week3,Mount Vernon Park,Week2,300.0 Mount Vernon Park - 102.0 Sleepy Hollow Rec
Somerset-Olde Creek,Week2,Highland Park,Week5,337.0 Highland Park - 65.0 Somerset-Olde Creek
Somerset-Olde Creek,Week3,Holmes Run Acres,Week2,309.0 Holmes Run Acres - 82.0 Somerset-Olde Creek
Somerset-Olde Creek,Week4,Sleepy Hollow B & R,Week4,345.0 Sleepy Hollow B & R - 57.0 Somerset-Olde Creek
Somerset-Olde Creek,Week3,Orange Hunt,Week3,329.0 Orange Hunt - 73.0 Somerset-Olde Creek
Somerset-Olde Creek,Week4,Orange Hunt,Week3,322.0 Orange Hunt - 80.0 Somerset-Olde Creek
Sleepy Hollow Rec,Week1,Mosby Woods,Week1,325.0 Mosby Woods - 77.0 Sleepy Hollow Rec
Somerset-Olde Creek,Week4,Sleepy Hollow B & R,Week2,350.0 Sleepy Hollow B & R - 52.0 Somerset-Olde Creek
Sleepy Hollow Rec,Week1,Kings Ridge ,Week2,240.0 Sleepy Hollow Rec - 162.0 Kings Ridge
Somerset-Olde Creek,Week5,Orange Hunt,Week2,310.0 Orange Hunt - 92.0 Somerset-Olde Creek
Somerset-Olde Creek,Week5,Highland Park,Week3,292.0 Highland Park - 110.0 Somerset-Olde Creek
Sleepy Hollow Rec,Week3,Mosby Woods,Week2,315.0 Mosby Woods - 87.0 Sleepy Hollow Rec
Somerset-Olde Creek,Week3,Holmes Run Acres,Week1,309.0 Holmes Run Acres - 92.0 Somerset-Olde Creek
Somerset-Olde Creek,Week2,Virginia Run,Week4,346.0 Virginia Run - 56.0 Somerset-Olde Creek
Somerset-Olde Creek,Week3,Hunt Valley,Week5,372.0 Hunt Valley - 30.0 Somerset-Olde Creek
Somerset-Olde Creek,Week3,Virginia Hills,Week5,222.0 Virginia Hills - 170.0 Somerset-Olde Creek
Sleepy Hollow Rec,Week1,Kent Gardens,Week4,263.5 Kent Gardens - 138.5 Sleepy Hollow Rec
Somerset-Olde Creek,Week4,Sleepy Hollow B & R,Week5,356.0 Sleepy Hollow B & R - 46.0 Somerset-Olde Creek
Somerset-Olde Creek,Week3,Highland Park,Week3,323.0 Highland Park - 74.0 Somerset-Olde Creek
Sleepy Hollow Rec,Week3,Highlands Swim,Week2,343.0 Highlands Swim - 59.0 Sleepy Hollow Rec
Sleepy Hollow Rec,Week1,Mosby Woods,Week3,325.0 Mosby Woods - 77.0 Sleepy Hollow Rec
Sleepy Hollow Rec,Week1,Kings Ridge ,Week3,221.0 Sleepy Hollow Rec - 181.0 Kings Ridge
Somerset-Olde Creek,Week4,Highland Park,Week4,327.0 Highland Park - 75.0 Somerset-Olde Creek
Somerset-Olde Creek,Week2,Virginia Run,Week5,357.0 Virginia Run - 45.0 Somerset-Olde Creek
Somerset-Olde Creek,Week5,Holmes Run Acres,Week5,321.0 Holmes Run Acres - 81.0 Somerset-Olde Creek
Sleepy Hollow Rec,Week5,Mosby Woods,Week1,323.0 Mosby Woods - 79.0 Sleepy Hollow Rec
Somerset-Olde Creek,Week2,Sleepy Hollow Rec,Week5,295.0 Sleepy Hollow Rec - 106.0 Somerset-Olde Creek
Somerset-Olde Creek,Week3,Overlee,Week2,383.0 Overlee - 19.0 Somerset-Olde Creek
Somerset-Olde Creek,Week4,Holmes Run Acres,Week2,295.5 Holmes Run Acres - 106.5 Somerset-Olde Creek
Somerset-Olde Creek,Week3,Overlee,Week4,390.0 Overlee - 12.0 Somerset-Olde Creek
Sleepy Hollow Rec,Week3,Kent Gardens,Week2,237.0 Kent Gardens - 165.0 Sleepy Hollow Rec
Somerset-Olde Creek,Week5,Sleepy Hollow Rec,Week2,248.0 Sleepy Hollow Rec - 150.0 Somerset-Olde Creek
Somerset-Olde Creek,Week3,Orange Hunt,Week5,337.0 Orange Hunt - 64.0 Somerset-Olde Creek
Somerset-Olde Creek,Week4,Highland Park,Week2,322.0 Highland Park - 80.0 Somerset-Olde Creek
Somerset-Olde Creek,Week1,Hunt Valley,Week4,351.0 Hunt Valley - 50.0 Somerset-Olde Creek
Sleepy Hollow Rec,Week1,Mosby Woods,Week4,303.0 Mosby Woods - 99.0 Sleepy Hollow Rec
Sleepy Hollow Rec,Week1,Mosby Woods,Week2,337.0 Mosby Woods - 65.0 Sleepy Hollow Rec
Sleepy Hollow Rec,Week2,Highlands Swim,Week3,336.0 Highlands Swim - 66.0 Sleepy Hollow Rec
Sleepy Hollow Rec,Week1,Highlands Swim,Week4,325.0 Highlands Swim - 77.0 Sleepy Hollow Rec
Somerset-Olde Creek,Week3,Overlee,Week3,382.0 Overlee - 20.0 Somerset-Olde Creek
Somerset-Olde Creek,Week5,Highlands Swim,Week1,361.0 Highlands Swim - 41.0 Somerset-Olde Creek
Somerset-Olde Creek,Week4,Holmes Run Acres,Week4,307.0 Holmes Run Acres - 94.0 Somerset-Olde Creek
Somerset-Olde Creek,Week5,Highland Park,Week4,313.0 Highland Park - 88.0 Somerset-Olde Creek
Somerset-Olde Creek,Week5,Holmes Run Acres,Week2,274.0 Holmes Run Acres - 127.0 Somerset-Olde Creek
Sleepy Hollow Rec,Week4,Mosby Woods,Week2,340.0 Mosby Woods - 62.0 Sleepy Hollow Rec
Somerset-Olde Creek,Week5,Virginia Hills,Week1,252.0 Somerset-Olde Creek - 146.0 Virginia Hills
Somerset-Olde Creek,Week1,Somerset-Olde Creek,Week1,180.0 Somerset-Olde Creek (SOC1) - 180.0 Somerset-Olde Creek (SOC2)
Somerset-Olde Creek,Week3,Virginia Run,Week4,340.0 Virginia Run - 62.0 Somerset-Olde Creek
Somerset-Olde Creek,Week5,Orange Hunt,Week5,310.0 Orange Hunt - 91.0 Somerset-Olde Creek
Somerset-Olde Creek,Week3,Virginia Run,Week3,329.0 Virginia Run - 73.0 Somerset-Olde Creek
Somerset-Olde Creek,Week5,Virginia Hills,Week3,243.0 Somerset-Olde Creek - 158.0 Virginia Hills
Sleepy Hollow Rec,Week3,Kent Gardens,Week5,276.0 Kent Gardens - 126.0 Sleepy Hollow Rec
Somerset-Olde Creek,Week2,Highland Park,Week1,333.0 Highland Park - 69.0 Somerset-Olde Creek
Somerset-Olde Creek,Week4,Sleepy Hollow Rec,Week4,269.0 Sleepy Hollow Rec - 132.0 Somerset-Olde Creek
Sleepy Hollow Rec,Week5,Kent Gardens,Week4,260.0 Kent Gardens - 142.0 Sleepy Hollow Rec
Sleepy Hollow Rec,Week2,Highlands Swim,Week4,332.5 Highlands Swim - 69.5 Sleepy Hollow Rec
Sleepy Hollow Rec,Week5,Kent Gardens,Week2,253.0 Kent Gardens - 149.0 Sleepy Hollow Rec
Somerset-Olde Creek,Week5,Sleepy Hollow B & R,Week3,332.0 Sleepy Hollow B & R - 69.0 Somerset-Olde Creek
Somerset-Olde Creek,Week5,Wakefield Chapel,Week1,360.0 Wakefield Chapel - 42.0 Somerset-Olde Creek
Sleepy Hollow Rec,Week3,Mosby Woods,Week4,307.0 Mosby Woods - 95.0 Sleepy Hollow Rec
Somerset-Olde Creek,Week3,Hunt Valley,Week4,359.0 Hunt Valley - 43.0 Somerset-Olde Creek
Somerset-Olde Creek,Week5,Sleepy Hollow B & R,Week5,342.0 Sleepy Hollow B & R - 58.0 Somerset-Olde Creek
Sleepy Hollow Rec,Week2,Kings Ridge ,Week4,208.0 Sleepy Hollow Rec - 194.0 Kings Ridge
Somerset-Olde Creek,Week4,Virginia Run,Week1,336.0 Virginia Run - 66.0 Somerset-Olde Creek
Somerset-Olde Creek,Week3,Highlands Swim,Week4,359.0 Highlands Swim - 43.0 Somerset-Olde Creek
Somerset-Olde Creek,Week3,Hunt Valley,Week2,359.0 Hunt Valley - 43.0 Somerset-Olde Creek
Somerset-Olde Creek,Week2,Hunt Valley,Week5,371.0 Hunt Valley - 31.0 Somerset-Olde Creek
Somerset-Olde Creek,Week2,Virginia Run,Week1,344.0 Virginia Run - 58.0 Somerset-Olde Creek
Somerset-Olde Creek,Week1,Sleepy Hollow Rec,Week2,274.0 Sleepy Hollow Rec - 123.0 Somerset-Olde Creek
Sleepy Hollow Rec,Week2,Kings Ridge ,Week5,209.0 Kings Ridge - 193.0 Sleepy Hollow Rec
Somerset-Olde Creek,Week5,Highlands Swim,Week3,353.0 Highlands Swim - 49.0 Somerset-Olde Creek
Sleepy Hollow Rec,Week5,McLean,Week5,326.0 McLean - 76.0 Sleepy Hollow Rec
Sleepy Hollow Rec,Week1,Mosby Woods,Week5,329.0 Mosby Woods - 73.0 Sleepy Hollow Rec
Sleepy Hollow Rec,Week3,Kings Ridge ,Week1,252.0 Sleepy Hollow Rec - 150.0 Kings Ridge
Somerset-Olde Creek,Week4,Wakefield Chapel,Week2,364.0 Wakefield Chapel - 38.0 Somerset-Olde Creek
Somerset-Olde Creek,Week4,Wakefield Chapel,Week3,372.0 Wakefield Chapel - 25.0 Somerset-Olde Creek
Somerset-Olde Creek,Week3,Orange Hunt,Week2,325.0 Orange Hunt - 77.0 Somerset-Olde Creek
Sleepy Hollow Rec,Week1,Highlands Swim,Week2,340.5 Highlands Swim - 61.5 Sleepy Hollow Rec
Somerset-Olde Creek,Week2,Hollin Hills,Week1,227.0 Hollin Hills - 169.0 Somerset-Olde Creek
Somerset-Olde Creek,Week3,Sleepy Hollow Rec,Week2,285.0 Sleepy Hollow Rec - 113.0 Somerset-Olde Creek
Sleepy Hollow Rec,Week1,Kings Ridge ,Week5,219.0 Kings Ridge - 183.0 Sleepy Hollow Rec
Somerset-Olde Creek,Week1,Hollin Hills,Week2,216.0 Hollin Hills - 159.0 Somerset-Olde Creek
Somerset-Olde Creek,Week1,Highlands Swim,Week4,345.0 Highlands Swim - 57.0 Somerset-Olde Creek
Somerset-Olde Creek,Week1,Sleepy Hollow Rec,Week3,286.0 Sleepy Hollow Rec - 115.0 Somerset-Olde Creek
Sleepy Hollow Rec,Week2,Mosby Woods,Week3,333.0 Mosby Woods - 69.0 Sleepy Hollow Rec
Sleepy Hollow Rec,Week4,Highlands Swim,Week2,356.0 Highlands Swim - 46.0 Sleepy Hollow Rec
Somerset-Olde Creek,Week5,Highlands Swim,Week5,343.0 Highlands Swim - 59.0 Somerset-Olde Creek
Somerset-Olde Creek,Week1,Overlee,Week1,381.0 Overlee - 21.0 Somerset-Olde Creek
Sleepy Hollow Rec,Week3,Kings Ridge ,Week3,235.0 Sleepy Hollow Rec - 166.0 Kings Ridge
Somerset-Olde Creek,Week4,Virginia Run,Week3,322.0 Virginia Run - 80.0 Somerset-Olde Creek
Sleepy Hollow Rec,Week1,Highlands Swim,Week5,338.5 Highlands Swim - 63.5 Sleepy Hollow Rec
Sleepy Hollow Rec,Week2,Kings Ridge ,Week1,229.0 Sleepy Hollow Rec - 173.0 Kings Ridge
Somerset-Olde Creek,Week4,Holmes Run Acres,Week5,326.0 Holmes Run Acres - 76.0 Somerset-Olde Creek
Somerset-Olde Creek,Week1,Overlee,Week4,389.0 Overlee - 13.0 Somerset-Olde Creek
Sleepy Hollow Rec,Week3,Mosby Woods,Week1,315.0 Mosby Woods - 87.0 Sleepy Hollow Rec
Somerset-Olde Creek,Week1,Hunt Valley,Week1,352.0 Hunt Valley - 50.0 Somerset-Olde Creek
Somerset-Olde Creek,Week1,Overlee,Week2,383.0 Overlee - 19.0 Somerset-Olde Creek
Somerset-Olde Creek,Week2,Orange Hunt,Week4,327.0 Orange Hunt - 75.0 Somerset-Olde Creek
Somerset-Olde Creek,Week5,Sleepy Hollow B & R,Week4,332.0 Sleepy Hollow B & R - 70.0 Somerset-Olde Creek
Somerset-Olde Creek,Week2,Sleepy Hollow Rec,Week4,295.0 Sleepy Hollow Rec - 106.0 Somerset-Olde Creek
Somerset-Olde Creek,Week4,Holmes Run Acres,Week1,304.0 Holmes Run Acres - 97.0 Somerset-Olde Creek
Somerset-Olde Creek,Week3,Holmes Run Acres,Week4,317.0 Holmes Run Acres - 83.0 Somerset-Olde Creek
Sleepy Hollow Rec,Week4,Highlands Swim,Week3,346.0 Highlands Swim - 56.0 Sleepy Hollow Rec
Somerset-Olde Creek,Week3,Orange Hunt,Week1,325.0 Orange Hunt - 77.0 Somerset-Olde Creek
Somerset-Olde Creek,Week2,Highlands Swim,Week5,362.0 Highlands Swim - 40.0 Somerset-Olde Creek
Sleepy Hollow Rec,Week4,Kings Ridge ,Week1,223.0 Sleepy Hollow Rec - 179.0 Kings Ridge
Sleepy Hollow Rec,Week3,Mosby Woods,Week3,310.5 Mosby Woods - 91.5 Sleepy Hollow Rec
Somerset-Olde Creek,Week2,Hollin Hills,Week3,236.0 Hollin Hills - 163.0 Somerset-Olde Creek
Sleepy Hollow Rec,Week2,Highlands Swim,Week1,346.0 Highlands Swim - 56.0 Sleepy Hollow Rec
Sleepy Hollow Rec,Week3,Kings Ridge ,Week2,262.0 Sleepy Hollow Rec - 140.0 Kings Ridge
Sleepy Hollow Rec,Week5,Mosby Woods,Week5,321.0 Mosby Woods - 81.0 Sleepy Hollow Rec
Somerset-Olde Creek,Week3,Sleepy Hollow Rec,Week3,289.0 Sleepy Hollow Rec - 113.0 Somerset-Olde Creek
Sleepy Hollow Rec,Week2,Mosby Woods,Week5,339.0 Mosby Woods - 63.0 Sleepy Hollow Rec
Somerset-Olde Creek,Week2,Highlands Swim,Week4,356.0 Highlands Swim - 46.0 Somerset-Olde Creek
Somerset-Olde Creek,Week2,Wakefield Chapel,Week1,373.0 Wakefield Chapel - 29.0 Somerset-Olde Creek
Somerset-Olde Creek,Week4,Orange Hunt,Week4,319.0 Orange Hunt - 78.0 Somerset-Olde Creek
Somerset-Olde Creek,Week4,Hunt Valley,Week1,353.0 Hunt Valley - 49.0 Somerset-Olde Creek
Somerset-Olde Creek,Week1,Wakefield Chapel,Week3,361.0 Wakefield Chapel - 41.0 Somerset-Olde Creek
Somerset-Olde Creek,Week4,Holmes Run Acres,Week3,327.0 Holmes Run Acres - 75.0 Somerset-Olde Creek
Somerset-Olde Creek,Week4,Wakefield Chapel,Week1,370.0 Wakefield Chapel - 32.0 Somerset-Olde Creek
Sleepy Hollow Rec,Week3,Kings Ridge ,Week4,230.0 Sleepy Hollow Rec - 172.0 Kings Ridge
Somerset-Olde Creek,Week5,Orange Hunt,Week3,315.0 Orange Hunt - 87.0 Somerset-Olde Creek
Sleepy Hollow Rec,Week5,Mosby Woods,Week4,308.0 Mosby Woods - 94.0 Sleepy Hollow Rec
Somerset-Olde Creek,Week3,Orange Hunt,Week4,326.0 Orange Hunt - 76.0 Somerset-Olde Creek
Somerset-Olde Creek,Week2,Sleepy Hollow Rec,Week1,279.0 Sleepy Hollow Rec - 118.0 Somerset-Olde Creek
Somerset-Olde Creek,Week1,Walden Glen,Week2,266.0 Walden Glen - 121.0 Somerset-Olde Creek
Somerset-Olde Creek,Week1,Overlee,Week3,379.0 Overlee - 23.0 Somerset-Olde Creek
Sleepy Hollow Rec,Week1,Highlands Swim,Week3,323.0 Highlands Swim - 79.0 Sleepy Hollow Rec
Sleepy Hollow Rec,Week5,Mosby Woods,Week2,325.0 Mosby Woods - 77.0 Sleepy Hollow Rec
Somerset-Olde Creek,Week3,Holmes Run Acres,Week5,334.0 Holmes Run Acres - 68.0 Somerset-Olde Creek
Somerset-Olde Creek,Week2,Overlee,Week2,386.0 Overlee - 16.0 Somerset-Olde Creek
Somerset-Olde Creek,Week5,Holmes Run Acres,Week1,277.0 Holmes Run Acres - 124.0 Somerset-Olde Creek
Sleepy Hollow Rec,Week1,Highlands Swim,Week1,338.0 Highlands Swim - 64.0 Sleepy Hollow Rec
Somerset-Olde Creek,Week1,Sleepy Hollow Rec,Week4,277.0 Sleepy Hollow Rec - 123.0 Somerset-Olde Creek
Sleepy Hollow Rec,Week3,Highlands Swim,Week4,324.0 Highlands Swim - 78.0 Sleepy Hollow Rec
Sleepy Hollow Rec,Week4,Kings Ridge ,Week4,203.0 Kings Ridge - 199.0 Sleepy Hollow Rec
Somerset-Olde Creek,Week4,Highlands Swim,Week3,366.0 Highlands Swim - 36.0 Somerset-Olde Creek
Somerset-Olde Creek,Week3,Sleepy Hollow Rec,Week5,291.0 Sleepy Hollow Rec - 107.0 Somerset-Olde Creek
Somerset-Olde Creek,Week3,Wakefield Chapel,Week5,381.5 Wakefield Chapel - 20.5 Somerset-Olde Creek
Somerset-Olde Creek,Week4,Highlands Swim,Week1,369.0 Highlands Swim - 33.0 Somerset-Olde Creek
Sleepy Hollow Rec,Week4,Kings Ridge ,Week3,215.0 Sleepy Hollow Rec - 186.0 Kings Ridge
Somerset-Olde Creek,Week5,Virginia Run,Week1,323.0 Virginia Run - 79.0 Somerset-Olde Creek
Sleepy Hollow Rec,Week1,Mount Vernon Park,Week1,308.0 Mount Vernon Park - 94.0 Sleepy Hollow Rec
Sleepy Hollow Rec,Week4,Mosby Woods,Week3,320.0 Mosby Woods - 82.0 Sleepy Hollow Rec
Somerset-Olde Creek,Week5,Virginia Run,Week2,310.0 Virginia Run - 92.0 Somerset-Olde Creek
Somerset-Olde Creek,Week1,Sleepy Hollow Rec,Week1,273.0 Sleepy Hollow Rec - 129.0 Somerset-Olde Creek
Somerset-Olde Creek,Week2,Overlee,Week5,392.0 Overlee - 10.0 Somerset-Olde Creek
Somerset-Olde Creek,Week3,Highlands Swim,Week1,370.0 Highlands Swim - 32.0 Somerset-Olde Creek
Sleepy Hollow Rec,Week2,Highlands Swim,Week5,344.0 Highlands Swim - 58.0 Sleepy Hollow Rec
Somerset-Olde Creek,Week5,Overlee,Week2,375.0 Overlee - 27.0 Somerset-Olde Creek
Somerset-Olde Creek,Week1,Hunt Valley,Week2,355.0 Hunt Valley - 46.0 Somerset-Olde Creek
Sleepy Hollow Rec,Week4,Kings Ridge ,Week2,241.0 Sleepy Hollow Rec - 161.0 Kings Ridge
Somerset-Olde Creek,Week2,Sleepy Hollow Rec,Week2,285.0 Sleepy Hollow Rec - 116.0 Somerset-Olde Creek
Sleepy Hollow Rec,Week4,Kings Ridge ,Week5,228.0 Kings Ridge - 174.0 Sleepy Hollow Rec
Somerset-Olde Creek,Week5,Holmes Run Acres,Week3,320.0 Holmes Run Acres - 81.0 Somerset-Olde Creek
Sleepy Hollow Rec,Week1,Mount Vernon Park,Week2,295.0 Mount Vernon Park - 107.0 Sleepy Hollow Rec
Somerset-Olde Creek,Week3,Highlands Swim,Week2,372.0 Highlands Swim - 30.0 Somerset-Olde Creek
Sleepy Hollow Rec,Week3,Somerset-Olde Creek,Week5,268.0 Sleepy Hollow Rec - 134.0 Somerset-Olde Creek
Sleepy Hollow Rec,Week5,Kings Ridge ,Week3,245.0 Sleepy Hollow Rec - 157.0 Kings Ridge
Somerset-Olde Creek,Week2,Highlands Swim,Week2,369.0 Highlands Swim - 33.0 Somerset-Olde Creek
Somerset-Olde Creek,Week1,Wakefield Chapel,Week1,362.0 Wakefield Chapel - 35.0 Somerset-Olde Creek
Somerset-Olde Creek,Week5,Virginia Run,Week5,338.0 Virginia Run - 64.0 Somerset-Olde Creek
Sleepy Hollow Rec,Week5,Somerset-Olde Creek,Week4,279.0 Sleepy Hollow Rec - 122.0 Somerset-Olde Creek
Somerset-Olde Creek,Week1,Sleepy Hollow Rec,Week5,282.0 Sleepy Hollow Rec - 116.0 Somerset-Olde Creek
Sleepy Hollow Rec,Week1,Lake Braddock,Week3,217.0 Sleepy Hollow Rec - 185.0 Lake Braddock
Somerset-Olde Creek,Week4,Sleepy Hollow Rec,Week5,279.0 Sleepy Hollow Rec - 122.0 Somerset-Olde Creek
Somerset-Olde Creek,Week4,Overlee,Week1,378.0 Overlee - 24.0 Somerset-Olde Creek
Sleepy Hollow Rec,Week1,Lake Braddock,Week2,235.0 Sleepy Hollow Rec - 167.0 Lake Braddock
Somerset-Olde Creek,Week5,Sleepy Hollow Rec,Week1,244.0 Sleepy Hollow Rec - 158.0 Somerset-Olde Creek
Somerset-Olde Creek,Week4,Sleepy Hollow Rec,Week2,267.0 Sleepy Hollow Rec - 134.0 Somerset-Olde Creek
Somerset-Olde Creek,Week2,Hunt Valley,Week2,355.0 Hunt Valley - 47.0 Somerset-Olde Creek
Sleepy Hollow Rec,Week1,Lake Braddock,Week1,251.0 Sleepy Hollow Rec - 151.0 Lake Braddock
Somerset-Olde Creek,Week1,Hunt Valley,Week3,361.0 Hunt Valley - 40.0 Somerset-Olde Creek
Somerset-Olde Creek,Week5,Virginia Run,Week4,322.0 Virginia Run - 80.0 Somerset-Olde Creek
Somerset-Olde Creek,Week4,Parklawn,Week1,221.0 Parklawn - 171.0 Somerset-Olde Creek
Sleepy Hollow Rec,Week2,Mount Vernon Park,Week3,321.0 Mount Vernon Park - 81.0 Sleepy Hollow Rec
Somerset-Olde Creek,Week5,Overlee,Week4,389.0 Overlee - 13.0 Somerset-Olde Creek
Sleepy Hollow Rec,Week1,Mount Vernon Park,Week5,314.0 Mount Vernon Park - 88.0 Sleepy Hollow Rec
Somerset-Olde Creek,Week5,Highland Park,Week5,307.0 Highland Park - 95.0 Somerset-Olde Creek
Somerset-Olde Creek,Week3,Sleepy Hollow Rec,Week1,274.0 Sleepy Hollow Rec - 123.0 Somerset-Olde Creek
Somerset-Olde Creek,Week2,Hunt Valley,Week4,353.0 Hunt Valley - 49.0 Somerset-Olde Creek
Somerset-Olde Creek,Week2,Hunt Valley,Week3,363.0 Hunt Valley - 39.0 Somerset-Olde Creek
Somerset-Olde Creek,Week1,Wakefield Chapel,Week5,372.0 Wakefield Chapel - 29.0 Somerset-Olde Creek
Sleepy Hollow Rec,Week2,Mount Vernon Park,Week2,314.0 Mount Vernon Park - 88.0 Sleepy Hollow Rec
Somerset-Olde Creek,Week4,Parklawn,Week3,249.0 Parklawn - 149.0 Somerset-Olde Creek
Somerset-Olde Creek,Week4,Highlands Swim,Week4,351.0 Highlands Swim - 51.0 Somerset-Olde Creek
Somerset-Olde Creek,Week2,Wakefield Chapel,Week2,369.0 Wakefield Chapel - 33.0 Somerset-Olde Creek
Sleepy Hollow Rec,Week2,Mount Vernon Park,Week4,318.0 Mount Vernon Park - 84.0 Sleepy Hollow Rec
Somerset-Olde Creek,Week2,Wakefield Chapel,Week5,380.0 Wakefield Chapel - 22.0 Somerset-Olde Creek
Somerset-Olde Creek,Week1,Highlands Swim,Week1,361.0 Highlands Swim - 41.0 Somerset-Olde Creek
Somerset-Olde Creek,Week2,Highlands Swim,Week1,366.0 Highlands Swim - 36.0 Somerset-Olde Creek
Somerset-Olde Creek,Week4,Overlee,Week2,383.0 Overlee - 19.0 Somerset-Olde Creek
Somerset-Olde Creek,Week1,Hunt Valley,Week5,366.0 Hunt Valley - 36.0 Somerset-Olde Creek
Sleepy Hollow Rec,Week4,Somerset-Olde Creek,Week3,288.0 Sleepy Hollow Rec - 113.0 Somerset-Olde Creek
Somerset-Olde Creek,Week5,Sleepy Hollow Rec,Week3,268.0 Sleepy Hollow Rec - 134.0 Somerset-Olde Creek
Somerset-Olde Creek,Week4,Highlands Swim,Week5,362.0 Highlands Swim - 40.0 Somerset-Olde Creek
Sleepy Hollow Rec,Week5,Kings Ridge ,Week2,273.0 Sleepy Hollow Rec - 128.0 Kings Ridge
Sleepy Hollow Rec,Week1,Mount Vernon Park,Week4,311.0 Mount Vernon Park - 91.0 Sleepy Hollow Rec
Sleepy Hollow Rec,Week5,Kings Ridge ,Week5,215.0 Sleepy Hollow Rec - 187.0 Kings Ridge
Sleepy Hollow Rec,Week2,Mount Vernon Park,Week5,314.0 Mount Vernon Park - 88.0 Sleepy Hollow Rec
Sleepy Hollow Rec,Week1,Lake Braddock,Week4,227.0 Sleepy Hollow Rec - 175.0 Lake Braddock
Somerset-Olde Creek,Week5,Overlee,Week5,384.0 Overlee - 18.0 Somerset-Olde Creek
Somerset-Olde Creek,Week1,Highlands Swim,Week3,355.0 Highlands Swim - 46.0 Somerset-Olde Creek
Somerset-Olde Creek,Week2,Highlands Swim,Week3,362.0 Highlands Swim - 40.0 Somerset-Olde Creek
Somerset-Olde Creek,Week2,Parklawn,Week3,273.0 Parklawn - 125.0 Somerset-Olde Creek
Somerset-Olde Creek,Week5,Holmes Run Acres,Week4,291.0 Holmes Run Acres - 109.0 Somerset-Olde Creek
Somerset-Olde Creek,Week3,Hunt Valley,Week3,364.0 Hunt Valley - 38.0 Somerset-Olde Creek
Sleepy Hollow Rec,Week3,Mount Vernon Park,Week4,309.0 Mount Vernon Park - 93.0 Sleepy Hollow Rec
Somerset-Olde Creek,Week3,Wakefield Chapel,Week2,367.0 Wakefield Chapel - 35.0 Somerset-Olde Creek
Sleepy Hollow Rec,Week4,Somerset-Olde Creek,Week5,244.0 Sleepy Hollow Rec - 157.0 Somerset-Olde Creek
Sleepy Hollow Rec,Week1,Lake Braddock,Week5,219.0 Sleepy Hollow Rec - 183.0 Lake Braddock
Somerset-Olde Creek,Week1,Highlands Swim,Week2,361.0 Highlands Swim - 41.0 Somerset-Olde Creek
Somerset-Olde Creek,Week4,Virginia Run,Week5,344.0 Virginia Run - 58.0 Somerset-Olde Creek
Somerset-Olde Creek,Week2,Sleepy Hollow Rec,Week3,303.0 Sleepy Hollow Rec - 99.0 Somerset-Olde Creek
Sleepy Hollow Rec,Week5,Somerset-Olde Creek,Week1,282.0 Sleepy Hollow Rec - 116.0 Somerset-Olde Creek
Somerset-Olde Creek,Week5,Sleepy Hollow B & R,Week2,330.0 Sleepy Hollow B & R - 72.0 Somerset-Olde Creek
Sleepy Hollow Rec,Week3,Mount Vernon Park,Week1,303.0 Mount Vernon Park - 99.0 Sleepy Hollow Rec
Somerset-Olde Creek,Week3,Sleepy Hollow Rec,Week4,288.0 Sleepy Hollow Rec - 113.0 Somerset-Olde Creek
Sleepy Hollow Rec,Week4,Mount Vernon Park,Week5,330.0 Mount Vernon Park - 72.0 Sleepy Hollow Rec
Somerset-Olde Creek,Week2,Hunt Valley,Week1,354.0 Hunt Valley - 48.0 Somerset-Olde Creek
Somerset-Olde Creek,Week3,Hunt Valley,Week1,352.0 Hunt Valley - 50.0 Somerset-Olde Creek
Sleepy Hollow Rec,Week5,Kings Ridge ,Week4,232.0 Sleepy Hollow Rec - 170.0 Kings Ridge
Sleepy Hollow Rec,Week1,Somerset-Olde Creek,Week3,274.0 Sleepy Hollow Rec - 123.0 Somerset-Olde Creek
Somerset-Olde Creek,Week3,Wakefield Chapel,Week1,371.0 Wakefield Chapel - 31.0 Somerset-Olde Creek
Somerset-Olde Creek,Week4,Overlee,Week3,379.0 Overlee - 23.0 Somerset-Olde Creek
Somerset-Olde Creek,Week5,Sleepy Hollow Rec,Week4,244.0 Sleepy Hollow Rec - 157.0 Somerset-Olde Creek
Sleepy Hollow Rec,Week2,Newington Forest,Week3,222.0 Sleepy Hollow Rec - 180.0 Newington Forest
Somerset-Olde Creek,Week1,Parklawn,Week4,247.5 Parklawn - 141.5 Somerset-Olde Creek
Somerset-Olde Creek,Week1,Wakefield Chapel,Week4,355.0 Wakefield Chapel - 47.0 Somerset-Olde Creek
Somerset-Olde Creek,Week4,Highlands Swim,Week2,370.0 Highlands Swim - 32.0 Somerset-Olde Creek
Somerset-Olde Creek,Week4,Sleepy Hollow Rec,Week3,282.0 Sleepy Hollow Rec - 120.0 Somerset-Olde Creek
Somerset-Olde Creek,Week4,Overlee,Week4,389.0 Overlee - 13.0 Somerset-Olde Creek
Somerset-Olde Creek,Week3,Parklawn,Week1,235.0 Parklawn - 155.0 Somerset-Olde Creek
Sleepy Hollow Rec,Week3,Somerset-Olde Creek,Week2,303.0 Sleepy Hollow Rec - 99.0 Somerset-Olde Creek
Somerset-Olde Creek,Week1,Wakefield Chapel,Week2,360.0 Wakefield Chapel - 41.0 Somerset-Olde Creek
Somerset-Olde Creek,Week4,Sleepy Hollow Rec,Week1,257.0 Sleepy Hollow Rec - 145.0 Somerset-Olde Creek
Somerset-Olde Creek,Week2,Wakefield Chapel,Week3,369.0 Wakefield Chapel - 33.0 Somerset-Olde Creek
Somerset-Olde Creek,Week5,Virginia Run,Week3,312.0 Virginia Run - 90.0 Somerset-Olde Creek
Sleepy Hollow Rec,Week2,Somerset-Olde Creek,Week2,285.0 Sleepy Hollow Rec - 116.0 Somerset-Olde Creek
Somerset-Olde Creek,Week3,Highlands Swim,Week5,362.0 Highlands Swim - 40.0 Somerset-Olde Creek
Sleepy Hollow Rec,Week4,Somerset-Olde Creek,Week4,269.0 Sleepy Hollow Rec - 132.0 Somerset-Olde Creek
Somerset-Olde Creek,Week5,Overlee,Week1,370.0 Overlee - 32.0 Somerset-Olde Creek
Sleepy Hollow Rec,Week4,Somerset-Olde Creek,Week2,295.0 Sleepy Hollow Rec - 106.0 Somerset-Olde Creek
Sleepy Hollow Rec,Week2,Lake Braddock,Week1,256.0 Sleepy Hollow Rec - 146.0 Lake Braddock
Somerset-Olde Creek,Week1,Highlands Swim,Week5,354.0 Highlands Swim - 48.0 Somerset-Olde Creek
Sleepy Hollow Rec,Week5,Mount Vernon Park,Week5,327.0 Mount Vernon Park - 75.0 Sleepy Hollow Rec
Somerset-Olde Creek,Week2,Wakefield Chapel,Week4,366.0 Wakefield Chapel - 36.0 Somerset-Olde Creek
Somerset-Olde Creek,Week3,Highlands Swim,Week3,362.0 Highlands Swim - 40.0 Somerset-Olde Creek
Somerset-Olde Creek,Week5,Sleepy Hollow Rec,Week5,256.0 Sleepy Hollow Rec - 142.0 Somerset-Olde Creek
Somerset-Olde Creek,Week4,Hunter Mill,Week5,333.0 Hunter Mill - 69.0 Somerset-Olde Creek
Somerset-Olde Creek,Week2,Hunter Mill,Week5,342.0 Hunter Mill - 60.0 Somerset-Olde Creek
Somerset-Olde Creek,Week1,Hunter Mill,Week1,332.0 Hunter Mill - 64.0 Somerset-Olde Creek
Sleepy Hollow Rec,Week2,Somerset-Olde Creek,Week4,267.0 Sleepy Hollow Rec - 134.0 Somerset-Olde Creek
Sleepy Hollow Rec,Week3,Mount Vernon Park,Week5,310.0 Mount Vernon Park - 92.0 Sleepy Hollow Rec
Sleepy Hollow Rec,Week4,Mount Vernon Park,Week1,314.0 Mount Vernon Park - 88.0 Sleepy Hollow Rec
Somerset-Olde Creek,Week5,Hunt Valley,Week2,338.0 Hunt Valley - 64.0 Somerset-Olde Creek
Somerset-Olde Creek,Week2,Parklawn,Week4,275.0 Parklawn - 117.0 Somerset-Olde Creek
Somerset-Olde Creek,Week3,Hunter Mill,Week1,332.0 Hunter Mill - 65.0 Somerset-Olde Creek
Somerset-Olde Creek,Week1,Somerset-Olde Creek,Week5,205.0 Somerset-Olde Creek (SOC2) - 178.0 Somerset-Olde Creek (SOC1)
Somerset-Olde Creek,Week1,Somerset-Olde Creek,Week4,198.0 Somerset-Olde Creek (SOC2) - 193.0 Somerset-Olde Creek (SOC1)
Sleepy Hollow Rec,Week5,Sleepy Hollow Rec,Week3,203.0 Sleepy Hollow Rec (SHR2) - 199.0 Sleepy Hollow Rec (SHR1)
Somerset-Olde Creek,Week5,Highlands Swim,Week2,365.0 Highlands Swim - 37.0 Somerset-Olde Creek
Somerset-Olde Creek,Week1,Parklawn,Week1,213.0 Parklawn - 174.0 Somerset-Olde Creek
Somerset-Olde Creek,Week1,Somerset-Olde Creek,Week2,229.0 Somerset-Olde Creek (SOC1) - 150.0 Somerset-Olde Creek (SOC2)
Sleepy Hollow Rec,Week3,Mount Vernon Park,Week3,305.0 Mount Vernon Park - 97.0 Sleepy Hollow Rec
Somerset-Olde Creek,Week4,Hunt Valley,Week5,371.0 Hunt Valley - 31.0 Somerset-Olde Creek
Somerset-Olde Creek,Week1,Hollin Hills,Week5,217.0 Hollin Hills - 165.0 Somerset-Olde Creek
Somerset-Olde Creek,Week2,Parklawn,Week1,243.0 Parklawn - 148.0 Somerset-Olde Creek
Sleepy Hollow Rec,Week2,South Run,Week5,263.0 South Run - 139.0 Sleepy Hollow Rec
Somerset-Olde Creek,Week1,Hunter Mill,Week2,329.0 Hunter Mill - 68.0 Somerset-Olde Creek
Sleepy Hollow Rec,Week1,Newington Forest,Week3,220.0 Sleepy Hollow Rec - 182.0 Newington Forest
Somerset-Olde Creek,Week5,Wakefield Chapel,Week3,354.0 Wakefield Chapel - 48.0 Somerset-Olde Creek
Somerset-Olde Creek,Week1,Hollin Hills,Week1,211.0 Hollin Hills - 175.0 Somerset-Olde Creek
Somerset-Olde Creek,Week1,Hunter Mill,Week4,332.0 Hunter Mill - 66.0 Somerset-Olde Creek
Sleepy Hollow Rec,Week1,Newington Forest,Week2,239.0 Sleepy Hollow Rec - 163.0 Newington Forest
Somerset-Olde Creek,Week3,Somerset-Olde Creek,Week1,214.0 Somerset-Olde Creek (SOC2) - 163.0 Somerset-Olde Creek (SOC1)
Somerset-Olde Creek,Week3,Wakefield Chapel,Week4,366.0 Wakefield Chapel - 36.0 Somerset-Olde Creek
Sleepy Hollow Rec,Week5,Sleepy Hollow Rec,Week5,200.5 Sleepy Hollow Rec (SHR1) - 200.5 Sleepy Hollow Rec (SHR2)
Somerset-Olde Creek,Week2,Parklawn,Week2,281.0 Parklawn - 114.0 Somerset-Olde Creek
Somerset-Olde Creek,Week5,Overlee,Week3,373.0 Overlee - 29.0 Somerset-Olde Creek
Somerset-Olde Creek,Week4,Hunt Valley,Week2,357.0 Hunt Valley - 45.0 Somerset-Olde Creek
Somerset-Olde Creek,Week4,Wakefield Chapel,Week4,366.0 Wakefield Chapel - 36.0 Somerset-Olde Creek
Somerset-Olde Creek,Week4,Somerset-Olde Creek,Week5,240.0 Somerset-Olde Creek (SOC2) - 154.0 Somerset-Olde Creek (SOC1)
Sleepy Hollow Rec,Week1,Somerset-Olde Creek,Week2,279.0 Sleepy Hollow Rec - 118.0 Somerset-Olde Creek
Somerset-Olde Creek,Week4,Virginia Run,Week4,332.0 Virginia Run - 70.0 Somerset-Olde Creek
Somerset-Olde Creek,Week1,Hollin Hills,Week3,231.0 Hollin Hills - 161.0 Somerset-Olde Creek
Somerset-Olde Creek,Week2,Hunter Mill,Week4,348.0 Hunter Mill - 54.0 Somerset-Olde Creek
Somerset-Olde Creek,Week4,Wakefield Chapel,Week5,382.0 Wakefield Chapel - 20.0 Somerset-Olde Creek
Sleepy Hollow Rec,Week5,Mount Vernon Park,Week3,313.0 Mount Vernon Park - 89.0 Sleepy Hollow Rec
Somerset-Olde Creek,Week2,Parklawn,Week5,280.0 Parklawn - 112.0 Somerset-Olde Creek
Somerset-Olde Creek,Week1,Parklawn,Week5,256.0 Parklawn - 137.0 Somerset-Olde Creek
Sleepy Hollow Rec,Week1,Somerset-Olde Creek,Week1,273.0 Sleepy Hollow Rec - 129.0 Somerset-Olde Creek
Somerset-Olde Creek,Week5,Highlands Swim,Week4,347.0 Highlands Swim - 55.0 Somerset-Olde Creek
Somerset-Olde Creek,Week2,Somerset-Olde Creek,Week2,186.5 Somerset-Olde Creek (SOC1) - 186.5 Somerset-Olde Creek (SOC2)
Sleepy Hollow Rec,Week5,Sleepy Hollow Rec,Week4,229.0 Sleepy Hollow Rec (SHR1) - 173.0 Sleepy Hollow Rec (SHR2)
Sleepy Hollow Rec,Week4,Mount Vernon Park,Week2,314.0 Mount Vernon Park - 88.0 Sleepy Hollow Rec
Somerset-Olde Creek,Week1,Hollin Hills,Week4,218.0 Hollin Hills - 162.0 Somerset-Olde Creek
Sleepy Hollow Rec,Week5,Mount Vernon Park,Week2,304.0 Mount Vernon Park - 98.0 Sleepy Hollow Rec
Somerset-Olde Creek,Week3,Wakefield Chapel,Week3,372.0 Wakefield Chapel - 30.0 Somerset-Olde Creek
Somerset-Olde Creek,Week1,Parklawn,Week3,246.0 Parklawn - 151.0 Somerset-Olde Creek
Somerset-Olde Creek,Week5,Somerset-Olde Creek,Week1,205.0 Somerset-Olde Creek (SOC1) - 178.0 Somerset-Olde Creek (SOC2)
Somerset-Olde Creek,Week3,Parklawn,Week2,267.0 Parklawn - 128.0 Somerset-Olde Creek
Sleepy Hollow Rec,Week4,Mount Vernon Park,Week4,333.0 Mount Vernon Park - 69.0 Sleepy Hollow Rec
Somerset-Olde Creek,Week5,Wakefield Chapel,Week2,357.0 Wakefield Chapel - 45.0 Somerset-Olde Creek
Somerset-Olde Creek,Week4,Overlee,Week5,390.0 Overlee - 12.0 Somerset-Olde Creek
Somerset-Olde Creek,Week5,Hunt Valley,Week4,339.0 Hunt Valley - 63.0 Somerset-Olde Creek
Somerset-Olde Creek,Week4,Hollin Hills,Week2,197.0 Hollin Hills - 196.0 Somerset-Olde Creek
Sleepy Hollow Rec,Week2,Somerset-Olde Creek,Week3,285.0 Sleepy Hollow Rec - 113.0 Somerset-Olde Creek
Somerset-Olde Creek,Week2,Hunter Mill,Week3,345.0 Hunter Mill - 56.0 Somerset-Olde Creek
Somerset-Olde Creek,Week4,Somerset-Olde Creek,Week4,195.0 Somerset-Olde Creek (SOC1) - 195.0 Somerset-Olde Creek (SOC2)
Somerset-Olde Creek,Week2,Hollin Hills,Week2,228.0 Hollin Hills - 160.0 Somerset-Olde Creek
Somerset-Olde Creek,Week3,South Run,Week1,286.0 South Run - 100.0 Somerset-Olde Creek
Sleepy Hollow Rec,Week3,Somerset-Olde Creek,Week1,286.0 Sleepy Hollow Rec - 115.0 Somerset-Olde Creek
Somerset-Olde Creek,Week3,Hollin Hills,Week2,229.0 Hollin Hills - 159.0 Somerset-Olde Creek
Sleepy Hollow Rec,Week5,Mount Vernon Park,Week4,320.0 Mount Vernon Park - 82.0 Sleepy Hollow Rec
Sleepy Hollow Rec,Week4,Mount Vernon Park,Week3,326.0 Mount Vernon Park - 76.0 Sleepy Hollow Rec
Sleepy Hollow Rec,Week2,Newington Forest,Week1,225.0 Sleepy Hollow Rec - 176.0 Newington Forest
Somerset-Olde Creek,Week5,Wakefield Chapel,Week5,365.0 Wakefield Chapel - 37.0 Somerset-Olde Creek
Somerset-Olde Creek,Week5,Hunt Valley,Week5,361.0 Hunt Valley - 41.0 Somerset-Olde Creek
Somerset-Olde Creek,Week3,Somerset-Olde Creek,Week2,192.0 Somerset-Olde Creek (SOC2) - 188.0 Somerset-Olde Creek (SOC1)
Somerset-Olde Creek,Week3,Hollin Hills,Week5,223.0 Hollin Hills - 164.0 Somerset-Olde Creek
Sleepy Hollow Rec,Week1,Somerset-Olde Creek,Week5,244.0 Sleepy Hollow Rec - 158.0 Somerset-Olde Creek
Somerset-Olde Creek,Week3,Parklawn,Week3,258.0 Parklawn - 140.0 Somerset-Olde Creek
Somerset-Olde Creek,Week3,Hunter Mill,Week2,325.0 Hunter Mill - 75.0 Somerset-Olde Creek
Somerset-Olde Creek,Week5,Wakefield Chapel,Week4,346.0 Wakefield Chapel - 56.0 Somerset-Olde Creek
Sleepy Hollow Rec,Week3,Somerset-Olde Creek,Week4,282.0 Sleepy Hollow Rec - 120.0 Somerset-Olde Creek
Somerset-Olde Creek,Week2,Somerset-Olde Creek,Week5,251.0 Somerset-Olde Creek (SOC2) - 140.0 Somerset-Olde Creek (SOC1)
Sleepy Hollow Rec,Week1,Somerset-Olde Creek,Week4,257.0 Sleepy Hollow Rec - 145.0 Somerset-Olde Creek
Somerset-Olde Creek,Week4,Hunter Mill,Week1,335.0 Hunter Mill - 67.0 Somerset-Olde Creek
Sleepy Hollow Rec,Week2,Newington Forest,Week2,246.0 Sleepy Hollow Rec - 155.0 Newington Forest
Somerset-Olde Creek,Week2,Hunter Mill,Week2,330.0 Hunter Mill - 71.0 Somerset-Olde Creek
Somerset-Olde Creek,Week3,Somerset-Olde Creek,Week4,215.0 Somerset-Olde Creek (SOC2) - 179.0 Somerset-Olde Creek (SOC1)
Somerset-Olde Creek,Week4,Hollin Hills,Week3,206.0 Hollin Hills - 193.0 Somerset-Olde Creek
Somerset-Olde Creek,Week5,Hollin Hills,Week3,208.0 Somerset-Olde Creek - 188.0 Hollin Hills
Somerset-Olde Creek,Week1,Parklawn,Week2,256.0 Parklawn - 136.0 Somerset-Olde Creek
Somerset-Olde Creek,Week1,Walden Glen,Week3,273.0 Walden Glen - 121.0 Somerset-Olde Creek
Sleepy Hollow Rec,Week2,Somerset-Olde Creek,Week5,248.0 Sleepy Hollow Rec - 150.0 Somerset-Olde Creek
Somerset-Olde Creek,Week3,Hunter Mill,Week3,330.0 Hunter Mill - 71.0 Somerset-Olde Creek
Somerset-Olde Creek,Week5,Hunt Valley,Week1,336.0 Hunt Valley - 66.0 Somerset-Olde Creek
Somerset-Olde Creek,Week3,Parklawn,Week4,261.0 Parklawn - 128.0 Somerset-Olde Creek
Somerset-Olde Creek,Week5,Walden Glen,Week3,263.5 Walden Glen - 133.5 Somerset-Olde Creek
Somerset-Olde Creek,Week3,Parklawn,Week5,264.0 Parklawn - 125.0 Somerset-Olde Creek
Sleepy Hollow Rec,Week5,Mount Vernon Park,Week1,301.0 Mount Vernon Park - 101.0 Sleepy Hollow Rec
Somerset-Olde Creek,Week4,Walden Glen,Week1,256.0 Walden Glen - 142.0 Somerset-Olde Creek
Sleepy Hollow Rec,Week3,Somerset-Olde Creek,Week3,289.0 Sleepy Hollow Rec - 113.0 Somerset-Olde Creek
Somerset-Olde Creek,Week4,Somerset-Olde Creek,Week3,215.0 Somerset-Olde Creek (SOC1) - 179.0 Somerset-Olde Creek (SOC2)
Sleepy Hollow Rec,Week2,Newington Forest,Week5,206.0 Newington Forest - 196.0 Sleepy Hollow Rec
Somerset-Olde Creek,Week1,Somerset-Olde Creek,Week3,214.0 Somerset-Olde Creek (SOC1) - 163.0 Somerset-Olde Creek (SOC2)
Somerset-Olde Creek,Week2,Walden Glen,Week2,288.0 Walden Glen - 106.0 Somerset-Olde Creek
Sleepy Hollow Rec,Week2,Somerset-Olde Creek,Week1,274.0 Sleepy Hollow Rec - 123.0 Somerset-Olde Creek
Somerset-Olde Creek,Week2,Hollin Hills,Week4,240.0 Hollin Hills - 150.0 Somerset-Olde Creek
Somerset-Olde Creek,Week1,Walden Glen,Week1,255.0 Walden Glen - 136.0 Somerset-Olde Creek
Somerset-Olde Creek,Week5,Hollin Hills,Week1,208.0 Somerset-Olde Creek - 184.0 Hollin Hills
Sleepy Hollow Rec,Week4,Holmes Run Acres,Week1,262.0 Holmes Run Acres - 140.0 Sleepy Hollow Rec
Somerset-Olde Creek,Week3,Overlee,Week5,385.0 Overlee - 17.0 Somerset-Olde Creek
Sleepy Hollow Rec,Week1,Newington Forest,Week4,208.0 Sleepy Hollow Rec - 194.0 Newington Forest
Somerset-Olde Creek,Week2,Somerset-Olde Creek,Week4,234.0 Somerset-Olde Creek (SOC2) - 162.0 Somerset-Olde Creek (SOC1)
Sleepy Hollow Rec,Week1,Holmes Run Acres,Week2,264.0 Holmes Run Acres - 138.0 Sleepy Hollow Rec
Sleepy Hollow Rec,Week1,Holmes Run Acres,Week3,294.0 Holmes Run Acres - 108.0 Sleepy Hollow Rec
Somerset-Olde Creek,Week5,Walden Glen,Week5,300.0 Walden Glen - 99.0 Somerset-Olde Creek
Somerset-Olde Creek,Week5,Somerset-Olde Creek,Week3,234.0 Somerset-Olde Creek (SOC1) - 153.0 Somerset-Olde Creek (SOC2)
Somerset-Olde Creek,Week5,Parklawn,Week1,206.0 Parklawn - 183.0 Somerset-Olde Creek
Sleepy Hollow Rec,Week5,Somerset-Olde Creek,Week5,256.0 Sleepy Hollow Rec - 142.0 Somerset-Olde Creek
Somerset-Olde Creek,Week4,Hunter Mill,Week2,323.0 Hunter Mill - 79.0 Somerset-Olde Creek
Somerset-Olde Creek,Week5,Somerset-Olde Creek,Week2,251.0 Somerset-Olde Creek (SOC1) - 140.0 Somerset-Olde Creek (SOC2)
Sleepy Hollow Rec,Week4,Somerset-Olde Creek,Week1,277.0 Sleepy Hollow Rec - 123.0 Somerset-Olde Creek
Somerset-Olde Creek,Week3,Walden Glen,Week4,300.0 Walden Glen - 94.0 Somerset-Olde Creek
Somerset-Olde Creek,Week3,Parliament,Week1,303.0 Parliament - 86.0 Somerset-Olde Creek
Sleepy Hollow Rec,Week3,Holmes Run Acres,Week3,279.0 Holmes Run Acres - 123.0 Sleepy Hollow Rec
Somerset-Olde Creek,Week4,Parklawn,Week2,260.0 Parklawn - 137.0 Somerset-Olde Creek
Somerset-Olde Creek,Week2,Waynewood,Week2,343.0 Waynewood - 59.0 Somerset-Olde Creek
Somerset-Olde Creek,Week3,Parliament,Week4,300.0 Parliament - 93.0 Somerset-Olde Creek
Somerset-Olde Creek,Week4,Hunt Valley,Week4,352.0 Hunt Valley - 50.0 Somerset-Olde Creek
Sleepy Hollow Rec,Week3,Newington Forest,Week1,245.0 Sleepy Hollow Rec - 157.0 Newington Forest
Sleepy Hollow Rec,Week3,Newington Forest,Week2,262.0 Sleepy Hollow Rec - 139.0 Newington Forest
Sleepy Hollow Rec,Week4,Holmes Run Acres,Week3,300.0 Holmes Run Acres - 102.0 Sleepy Hollow Rec
Somerset-Olde Creek,Week2,Waynewood,Week1,336.0 Waynewood - 66.0 Somerset-Olde Creek
Somerset-Olde Creek,Week3,Hunter Mill,Week4,334.0 Hunter Mill - 67.0 Somerset-Olde Creek
Somerset-Olde Creek,Week5,Hollin Hills,Week4,197.0 Somerset-Olde Creek - 188.0 Hollin Hills
Sleepy Hollow Rec,Week5,Somerset-Olde Creek,Week2,295.0 Sleepy Hollow Rec - 106.0 Somerset-Olde Creek
Somerset-Olde Creek,Week1,Hunter Mill,Week5,330.0 Hunter Mill - 72.0 Somerset-Olde Creek
Somerset-Olde Creek,Week3,Walden Glen,Week3,301.0 Walden Glen - 96.0 Somerset-Olde Creek
Somerset-Olde Creek,Week4,Hollin Hills,Week4,204.0 Hollin Hills - 190.0 Somerset-Olde Creek
Somerset-Olde Creek,Week2,Hollin Hills,Week5,231.0 Hollin Hills - 158.0 Somerset-Olde Creek
Sleepy Hollow Rec,Week2,Holmes Run Acres,Week5,291.0 Holmes Run Acres - 111.0 Sleepy Hollow Rec
Somerset-Olde Creek,Week5,Hollin Hills,Week5,202.0 Hollin Hills - 189.0 Somerset-Olde Creek
Sleepy Hollow Rec,Week1,Newington Forest,Week5,206.0 Newington Forest - 191.0 Sleepy Hollow Rec
Somerset-Olde Creek,Week4,Hollin Hills,Week1,204.0 Somerset-Olde Creek - 194.0 Hollin Hills
Sleepy Hollow Rec,Week1,Newington Forest,Week1,227.0 Sleepy Hollow Rec - 175.0 Newington Forest
Somerset-Olde Creek,Week2,Somerset-Olde Creek,Week1,229.0 Somerset-Olde Creek (SOC2) - 150.0 Somerset-Olde Creek (SOC1)
Somerset-Olde Creek,Week1,Hollin Meadows,Week1,312.0 Hollin Meadows - 86.0 Somerset-Olde Creek
Sleepy Hollow Rec,Week3,Newington Forest,Week3,246.0 Sleepy Hollow Rec - 156.0 Newington Forest
Sleepy Hollow Rec,Week1,South Run,Week1,224.0 South Run - 164.0 Sleepy Hollow Rec
Sleepy Hollow Rec,Week5,Somerset-Olde Creek,Week3,291.0 Sleepy Hollow Rec - 107.0 Somerset-Olde Creek
Somerset-Olde Creek,Week2,Hunter Mill,Week1,340.0 Hunter Mill - 57.0 Somerset-Olde Creek
Somerset-Olde Creek,Week1,Parliament,Week1,286.0 Parliament - 99.0 Somerset-Olde Creek
Somerset-Olde Creek,Week4,Somerset-Olde Creek,Week2,234.0 Somerset-Olde Creek (SOC1) - 162.0 Somerset-Olde Creek (SOC2)
Somerset-Olde Creek,Week1,South Run,Week3,302.0 South Run - 97.0 Somerset-Olde Creek
Sleepy Hollow Rec,Week1,Holmes Run Acres,Week5,299.0 Holmes Run Acres - 103.0 Sleepy Hollow Rec
Somerset-Olde Creek,Week2,Ilda Community,Week4,286.0 Ilda Community - 115.0 Somerset-Olde Creek
Somerset-Olde Creek,Week1,Hollin Meadows,Week2,301.0 Hollin Meadows - 101.0 Somerset-Olde Creek
Somerset-Olde Creek,Week3,Hollin Hills,Week3,237.0 Hollin Hills - 159.0 Somerset-Olde Creek
Somerset-Olde Creek,Week5,Parliament,Week3,285.0 Parliament - 116.0 Somerset-Olde Creek
Sleepy Hollow Rec,Week1,South Run,Week3,245.0 South Run - 157.0 Sleepy Hollow Rec
Somerset-Olde Creek,Week4,Parliament,Week5,289.0 Parliament - 108.0 Somerset-Olde Creek
Sleepy Hollow Rec,Week2,Holmes Run Acres,Week4,255.0 Holmes Run Acres - 147.0 Sleepy Hollow Rec
Sleepy Hollow Rec,Week2,South Run,Week1,237.5 South Run - 155.5 Sleepy Hollow Rec
Somerset-Olde Creek,Week5,Parliament,Week2,265.0 Parliament - 128.0 Somerset-Olde Creek
Sleepy Hollow Rec,Week3,Holmes Run Acres,Week5,274.0 Holmes Run Acres - 128.0 Sleepy Hollow Rec
Somerset-Olde Creek,Week4,Hunter Mill,Week4,341.0 Hunter Mill - 61.0 Somerset-Olde Creek
Somerset-Olde Creek,Week5,Walden Glen,Week2,267.0 Walden Glen - 129.0 Somerset-Olde Creek
Somerset-Olde Creek,Week4,Walden Glen,Week5,314.0 Walden Glen - 87.0 Somerset-Olde Creek
Somerset-Olde Creek,Week3,Somerset-Olde Creek,Week5,234.0 Somerset-Olde Creek (SOC2) - 153.0 Somerset-Olde Creek (SOC1)
Somerset-Olde Creek,Week4,Hunt Valley,Week3,361.0 Hunt Valley - 41.0 Somerset-Olde Creek
Sleepy Hollow Rec,Week1,South Run,Week2,224.0 South Run - 173.0 Sleepy Hollow Rec
Sleepy Hollow Rec,Week1,North Springfield,Week2,247.0 Sleepy Hollow Rec - 141.0 North Springfield
Sleepy Hollow Rec,Week5,Newington Forest,Week4,212.0 Sleepy Hollow Rec - 190.0 Newington Forest
Sleepy Hollow Rec,Week2,Newington Forest,Week4,209.0 Sleepy Hollow Rec - 193.0 Newington Forest
Somerset-Olde Creek,Week4,Hunter Mill,Week3,334.0 Hunter Mill - 68.0 Somerset-Olde Creek
Somerset-Olde Creek,Week4,Somerset-Olde Creek,Week1,198.0 Somerset-Olde Creek (SOC1) - 193.0 Somerset-Olde Creek (SOC2)
Somerset-Olde Creek,Week1,Walden Glen,Week5,318.0 Walden Glen - 78.0 Somerset-Olde Creek
Sleepy Hollow Rec,Week5,Holmes Run Acres,Week3,283.0 Holmes Run Acres - 119.0 Sleepy Hollow Rec
Sleepy Hollow Rec,Week3,Newington Forest,Week4,238.5 Sleepy Hollow Rec - 163.5 Newington Forest
Somerset-Olde Creek,Week3,Hollin Hills,Week1,228.0 Hollin Hills - 162.0 Somerset-Olde Creek
Somerset-Olde Creek,Week1,South Run,Week1,292.0 South Run - 98.0 Somerset-Olde Creek
Sleepy Hollow Rec,Week1,Holmes Run Acres,Week1,250.0 Holmes Run Acres - 152.0 Sleepy Hollow Rec
Sleepy Hollow Rec,Week5,Holmes Run Acres,Week4,258.0 Holmes Run Acres - 144.0 Sleepy Hollow Rec
Sleepy Hollow Rec,Week4,Newington Forest,Week4,203.0 Sleepy Hollow Rec - 199.0 Newington Forest
Somerset-Olde Creek,Week2,Walden Glen,Week3,296.0 Walden Glen - 105.0 Somerset-Olde Creek
Somerset-Olde Creek,Week5,Hunt Valley,Week3,344.0 Hunt Valley - 58.0 Somerset-Olde Creek
Somerset-Olde Creek,Week3,Hollin Hills,Week4,232.0 Hollin Hills - 151.0 Somerset-Olde Creek
Sleepy Hollow Rec,Week4,Newington Forest,Week2,234.0 Sleepy Hollow Rec - 167.0 Newington Forest
Somerset-Olde Creek,Week5,Somerset-Olde Creek,Week4,240.0 Somerset-Olde Creek (SOC1) - 154.0 Somerset-Olde Creek (SOC2)
Somerset-Olde Creek,Week1,Pinecrest,Week2,350.0 Pinecrest - 52.0 Somerset-Olde Creek
Sleepy Hollow Rec,Week5,Hollin Meadows,Week4,270.0 Hollin Meadows - 132.0 Sleepy Hollow Rec
Somerset-Olde Creek,Week2,Parliament,Week2,282.0 Parliament - 110.0 Somerset-Olde Creek
Somerset-Olde Creek,Week1,Waynewood,Week1,327.0 Waynewood - 74.0 Somerset-Olde Creek
Somerset-Olde Creek,Week4,Hollin Hills,Week5,206.0 Hollin Hills - 191.0 Somerset-Olde Creek
Somerset-Olde Creek,Week2,South Run,Week1,288.0 South Run - 99.0 Somerset-Olde Creek
Somerset-Olde Creek,Week2,Parliament,Week1,293.0 Parliament - 97.0 Somerset-Olde Creek
Sleepy Hollow Rec,Week1,South Run,Week4,229.0 South Run - 173.0 Sleepy Hollow Rec
Sleepy Hollow Rec,Week1,South Run,Week5,254.0 South Run - 148.0 Sleepy Hollow Rec
Somerset-Olde Creek,Week5,Walden Glen,Week4,274.0 Walden Glen - 125.0 Somerset-Olde Creek
Sleepy Hollow Rec,Week2,South Run,Week2,235.0 South Run - 167.0 Sleepy Hollow Rec
Sleepy Hollow Rec,Week2,Holmes Run Acres,Week2,263.0 Holmes Run Acres - 139.0 Sleepy Hollow Rec
Somerset-Olde Creek,Week1,Hunter Mill,Week3,338.0 Hunter Mill - 64.0 Somerset-Olde Creek
Sleepy Hollow Rec,Week3,Newington Forest,Week5,224.0 Sleepy Hollow Rec - 178.0 Newington Forest
Sleepy Hollow Rec,Week2,South Run,Week3,247.0 South Run - 155.0 Sleepy Hollow Rec
Somerset-Olde Creek,Week3,Hunter Mill,Week5,329.0 Hunter Mill - 73.0 Somerset-Olde Creek
Somerset-Olde Creek,Week5,Hollin Hills,Week2,193.0 Somerset-Olde Creek - 192.0 Hollin Hills
Somerset-Olde Creek,Week3,Walden Glen,Week5,327.0 Walden Glen - 72.0 Somerset-Olde Creek
Somerset-Olde Creek,Week2,South Run,Week2,282.0 South Run - 109.0 Somerset-Olde Creek
Somerset-Olde Creek,Week1,South Run,Week2,279.0 South Run - 111.0 Somerset-Olde Creek
Somerset-Olde Creek,Week2,Parliament,Week3,303.0 Parliament - 98.0 Somerset-Olde Creek
Somerset-Olde Creek,Week2,Parliament,Week4,286.0 Parliament - 109.0 Somerset-Olde Creek
Sleepy Hollow Rec,Week1,North Springfield,Week1,267.0 Sleepy Hollow Rec - 84.0 North Springfield
Somerset-Olde Creek,Week1,Ilda Community,Week1,245.0 Ilda Community - 148.0 Somerset-Olde Creek
Somerset-Olde Creek,Week4,Ilda Community,Week1,254.0 Ilda Community - 147.0 Somerset-Olde Creek
Sleepy Hollow Rec,Week5,Hollin Meadows,Week5,283.0 Hollin Meadows - 119.0 Sleepy Hollow Rec
Sleepy Hollow Rec,Week3,Holmes Run Acres,Week4,238.0 Holmes Run Acres - 164.0 Sleepy Hollow Rec
Somerset-Olde Creek,Week5,Somerset-Olde Creek,Week5,192.5 Somerset-Olde Creek (SOC1) - 192.5 Somerset-Olde Creek (SOC2)
Somerset-Olde Creek,Week5,Parliament,Week1,285.0 Parliament - 108.0 Somerset-Olde Creek
Sleepy Hollow Rec,Week2,North Springfield,Week4,257.0 Sleepy Hollow Rec - 134.0 North Springfield
Sleepy Hollow Rec,Week3,South Run,Week1,223.0 South Run - 170.0 Sleepy Hollow Rec
Sleepy Hollow Rec,Week4,North Springfield,Week3,246.0 Sleepy Hollow Rec - 146.0 North Springfield
Somerset-Olde Creek,Week4,Walden Glen,Week3,281.0 Walden Glen - 120.0 Somerset-Olde Creek
Somerset-Olde Creek,Week3,Parliament,Week5,301.0 Parliament - 90.0 Somerset-Olde Creek
Sleepy Hollow Rec,Week4,North Springfield,Week5,227.0 Sleepy Hollow Rec - 146.0 North Springfield
Sleepy Hollow Rec,Week2,Holmes Run Acres,Week3,288.0 Holmes Run Acres - 114.0 Sleepy Hollow Rec
Somerset-Olde Creek,Week2,South Run,Week3,307.0 South Run - 93.0 Somerset-Olde Creek
Sleepy Hollow Rec,Week2,South Run,Week4,233.0 South Run - 168.0 Sleepy Hollow Rec
Somerset-Olde Creek,Week1,Ilda Community,Week3,240.0 Ilda Community - 152.0 Somerset-Olde Creek
Sleepy Hollow Rec,Week3,South Run,Week3,218.0 South Run - 184.0 Sleepy Hollow Rec
Somerset-Olde Creek,Week2,Somerset-Olde Creek,Week3,192.0 Somerset-Olde Creek (SOC1) - 188.0 Somerset-Olde Creek (SOC2)
Sleepy Hollow Rec,Week2,North Springfield,Week3,244.0 Sleepy Hollow Rec - 153.0 North Springfield
Somerset-Olde Creek,Week3,Parliament,Week3,312.0 Parliament - 88.0 Somerset-Olde Creek
Somerset-Olde Creek,Week1,Ilda Community,Week4,278.0 Ilda Community - 118.0 Somerset-Olde Creek
Somerset-Olde Creek,Week2,Walden Glen,Week4,293.0 Walden Glen - 103.0 Somerset-Olde Creek
Sleepy Hollow Rec,Week2,North Springfield,Week2,257.0 Sleepy Hollow Rec - 131.0 North Springfield
Somerset-Olde Creek,Week3,Somerset-Olde Creek,Week3,180.0 Somerset-Olde Creek (SOC1) - 180.0 Somerset-Olde Creek (SOC2)
Somerset-Olde Creek,Week4,Walden Glen,Week2,276.0 Walden Glen - 125.0 Somerset-Olde Creek
Somerset-Olde Creek,Week5,Parklawn,Week2,244.0 Parklawn - 150.0 Somerset-Olde Creek
Sleepy Hollow Rec,Week2,Springboard,Week4,213.0 Sleepy Hollow Rec - 188.0 Springboard
Somerset-Olde Creek,Week3,Walden Glen,Week2,286.0 Walden Glen - 105.0 Somerset-Olde Creek
Sleepy Hollow Rec,Week1,Holmes Run Acres,Week4,266.0 Holmes Run Acres - 136.0 Sleepy Hollow Rec
Somerset-Olde Creek,Week5,Parklawn,Week3,225.0 Parklawn - 173.0 Somerset-Olde Creek
Sleepy Hollow Rec,Week3,Holmes Run Acres,Week1,230.0 Holmes Run Acres - 172.0 Sleepy Hollow Rec
Somerset-Olde Creek,Week2,Walden Glen,Week5,321.0 Walden Glen - 80.0 Somerset-Olde Creek
Sleepy Hollow Rec,Week4,South Run,Week4,233.0 South Run - 169.0 Sleepy Hollow Rec
Somerset-Olde Creek,Week2,South Run,Week4,287.0 South Run - 109.0 Somerset-Olde Creek
Sleepy Hollow Rec,Week4,Holmes Run Acres,Week2,264.0 Holmes Run Acres - 138.0 Sleepy Hollow Rec
Somerset-Olde Creek,Week1,South Run,Week4,265.0 South Run - 128.0 Somerset-Olde Creek
Somerset-Olde Creek,Week4,Parklawn,Week4,259.0 Parklawn - 138.0 Somerset-Olde Creek
Sleepy Hollow Rec,Week2,Springboard,Week1,210.0 Sleepy Hollow Rec - 190.0 Springboard
Somerset-Olde Creek,Week5,Hunter Mill,Week2,314.0 Hunter Mill - 86.0 Somerset-Olde Creek
Somerset-Olde Creek,Week3,Walden Glen,Week1,279.0 Walden Glen - 116.0 Somerset-Olde Creek
Somerset-Olde Creek,Week2,Ilda Community,Week1,277.0 Ilda Community - 124.0 Somerset-Olde Creek
Somerset-Olde Creek,Week1,Kent Gardens,Week3,315.0 Kent Gardens - 85.0 Somerset-Olde Creek
Sleepy Hollow Rec,Week3,North Springfield,Week1,269.0 Sleepy Hollow Rec - 81.0 North Springfield
Somerset-Olde Creek,Week5,Hunter Mill,Week5,320.0 Hunter Mill - 82.0 Somerset-Olde Creek
Somerset-Olde Creek,Week1,Parliament,Week4,283.0 Parliament - 108.0 Somerset-Olde Creek
Sleepy Hollow Rec,Week2,Holmes Run Acres,Week1,244.0 Holmes Run Acres - 158.0 Sleepy Hollow Rec
Sleepy Hollow Rec,Week3,Holmes Run Acres,Week2,237.5 Holmes Run Acres - 164.5 Sleepy Hollow Rec
Somerset-Olde Creek,Week4,Walden Glen,Week4,291.0 Walden Glen - 105.0 Somerset-Olde Creek
Somerset-Olde Creek,Week2,South Run,Week5,310.0 South Run - 92.0 Somerset-Olde Creek
Sleepy Hollow Rec,Week5,South Run,Week1,224.0 South Run - 169.0 Sleepy Hollow Rec
Sleepy Hollow Rec,Week4,South Run,Week1,242.0 South Run - 151.0 Sleepy Hollow Rec
Somerset-Olde Creek,Week5,Hunter Mill,Week1,313.0 Hunter Mill - 89.0 Somerset-Olde Creek
Somerset-Olde Creek,Week1,Parliament,Week3,298.0 Parliament - 102.0 Somerset-Olde Creek
Somerset-Olde Creek,Week1,South Run,Week5,304.0 South Run - 98.0 Somerset-Olde Creek
Sleepy Hollow Rec,Week5,Newington Forest,Week1,246.0 Sleepy Hollow Rec - 155.0 Newington Forest
Sleepy Hollow Rec,Week4,Holmes Run Acres,Week5,300.0 Holmes Run Acres - 102.0 Sleepy Hollow Rec
Somerset-Olde Creek,Week5,Hunter Mill,Week3,317.0 Hunter Mill - 85.0 Somerset-Olde Creek
Sleepy Hollow Rec,Week3,North Springfield,Week3,256.0 Sleepy Hollow Rec - 141.0 North Springfield
Somerset-Olde Creek,Week2,Walden Glen,Week1,265.0 Walden Glen - 128.0 Somerset-Olde Creek
Somerset-Olde Creek,Week3,Springboard,Week3,272.0 Springboard - 126.0 Somerset-Olde Creek
Sleepy Hollow Rec,Week5,South Run,Week4,209.0 South Run - 192.0 Sleepy Hollow Rec
Sleepy Hollow Rec,Week1,North Springfield,Week3,240.0 Sleepy Hollow Rec - 155.0 North Springfield
Sleepy Hollow Rec,Week1,Springboard,Week2,212.0 Sleepy Hollow Rec - 190.0 Springboard
Somerset-Olde Creek,Week5,Parklawn,Week4,242.0 Parklawn - 152.0 Somerset-Olde Creek
Somerset-Olde Creek,Week1,Waynewood,Week2,341.0 Waynewood - 61.0 Somerset-Olde Creek
Sleepy Hollow Rec,Week4,Newington Forest,Week5,216.0 Newington Forest - 186.0 Sleepy Hollow Rec
Somerset-Olde Creek,Week5,Walden Glen,Week1,243.0 Walden Glen - 154.0 Somerset-Olde Creek
Somerset-Olde Creek,Week4,South Run,Week4,271.0 South Run - 128.0 Somerset-Olde Creek
Sleepy Hollow Rec,Week4,Holmes Run Acres,Week4,269.0 Holmes Run Acres - 133.0 Sleepy Hollow Rec
Sleepy Hollow Rec,Week1,Oakton ,Week5,341.0 Oakton - 61.0 Sleepy Hollow Rec
Somerset-Olde Creek,Week1,Walden Glen,Week4,286.0 Walden Glen - 105.0 Somerset-Olde Creek
Somerset-Olde Creek,Week5,Parklawn,Week5,246.0 Parklawn - 148.0 Somerset-Olde Creek
Sleepy Hollow Rec,Week2,Springboard,Week5,208.0 Springboard - 193.0 Sleepy Hollow Rec
Somerset-Olde Creek,Week1,Waynewood,Week4,341.0 Waynewood - 61.0 Somerset-Olde Creek
Sleepy Hollow Rec,Week5,South Run,Week3,224.0 South Run - 178.0 Sleepy Hollow Rec
Somerset-Olde Creek,Week5,Hunter Mill,Week4,330.0 Hunter Mill - 71.0 Somerset-Olde Creek
Somerset-Olde Creek,Week2,Parliament,Week5,290.0 Parliament - 101.0 Somerset-Olde Creek
Sleepy Hollow Rec,Week5,Holmes Run Acres,Week2,254.0 Holmes Run Acres - 148.0 Sleepy Hollow Rec
Somerset-Olde Creek,Week1,Springboard,Week2,224.0 Springboard - 162.0 Somerset-Olde Creek
Sleepy Hollow Rec,Week5,Holmes Run Acres,Week1,248.0 Holmes Run Acres - 154.0 Sleepy Hollow Rec
Somerset-Olde Creek,Week1,Parliament,Week5,287.0 Parliament - 102.0 Somerset-Olde Creek
Somerset-Olde Creek,Week4,South Run,Week1,279.0 South Run - 113.0 Somerset-Olde Creek
Somerset-Olde Creek,Week1,Waynewood,Week3,356.0 Waynewood - 46.0 Somerset-Olde Creek
Somerset-Olde Creek,Week1,Ilda Community,Week2,257.0 Ilda Community - 140.0 Somerset-Olde Creek
Sleepy Hollow Rec,Week1,Springboard,Week4,209.5 Sleepy Hollow Rec - 192.5 Springboard
Sleepy Hollow Rec,Week2,Oakton ,Week1,326.5 Oakton - 75.5 Sleepy Hollow Rec
Somerset-Olde Creek,Week2,Ilda Community,Week5,280.0 Ilda Community - 120.0 Somerset-Olde Creek
Sleepy Hollow Rec,Week2,Springboard,Week3,202.0 Sleepy Hollow Rec - 199.0 Springboard
Sleepy Hollow Rec,Week5,Newington Forest,Week2,256.0 Sleepy Hollow Rec - 144.0 Newington Forest
Somerset-Olde Creek,Week2,Ilda Community,Week2,275.0 Ilda Community - 127.0 Somerset-Olde Creek
Somerset-Olde Creek,Week1,Waynewood,Week5,356.0 Waynewood - 46.0 Somerset-Olde Creek
Somerset-Olde Creek,Week1,Ilda Community,Week5,259.0 Ilda Community - 133.0 Somerset-Olde Creek
Sleepy Hollow Rec,Week2,North Springfield,Week1,257.0 Sleepy Hollow Rec - 91.0 North Springfield
Somerset-Olde Creek,Week4,Parklawn,Week5,262.0 Parklawn - 135.0 Somerset-Olde Creek
Somerset-Olde Creek,Week1,Parliament,Week2,273.0 Parliament - 114.0 Somerset-Olde Creek
Somerset-Olde Creek,Week3,South Run,Week4,286.0 South Run - 102.0 Somerset-Olde Creek
Sleepy Hollow Rec,Week1,Springboard,Week3,221.0 Springboard - 181.0 Sleepy Hollow Rec
Sleepy Hollow Rec,Week4,Newington Forest,Week1,227.0 Sleepy Hollow Rec - 174.0 Newington Forest
Somerset-Olde Creek,Week5,South Run,Week1,269.0 South Run - 122.0 Somerset-Olde Creek
Somerset-Olde Creek,Week2,Woodley,Week3,271.0 Woodley - 131.0 Somerset-Olde Creek
Somerset-Olde Creek,Week3,South Run,Week3,310.0 South Run - 89.0 Somerset-Olde Creek
Somerset-Olde Creek,Week4,Waynewood,Week1,326.0 Waynewood - 76.0 Somerset-Olde Creek
Sleepy Hollow Rec,Week5,Newington Forest,Week5,203.0 Newington Forest - 199.0 Sleepy Hollow Rec
Somerset-Olde Creek,Week1,Springboard,Week3,249.5 Springboard - 146.5 Somerset-Olde Creek
Somerset-Olde Creek,Week3,Parliament,Week2,288.0 Parliament - 99.0 Somerset-Olde Creek
Somerset-Olde Creek,Week2,Woodley,Week5,276.0 Woodley - 125.0 Somerset-Olde Creek
Somerset-Olde Creek,Week1,Springboard,Week4,242.0 Springboard - 146.0 Somerset-Olde Creek
Sleepy Hollow Rec,Week2,North Springfield,Week5,224.0 Sleepy Hollow Rec - 149.0 North Springfield
Somerset-Olde Creek,Week3,Ilda Community,Week5,272.0 Ilda Community - 124.0 Somerset-Olde Creek
Sleepy Hollow Rec,Week4,Newington Forest,Week3,222.0 Sleepy Hollow Rec - 180.0 Newington Forest
Sleepy Hollow Rec,Week3,South Run,Week5,244.0 South Run - 158.0 Sleepy Hollow Rec
Somerset-Olde Creek,Week4,Waynewood,Week5,345.0 Waynewood - 57.0 Somerset-Olde Creek
Sleepy Hollow Rec,Week3,South Run,Week2,215.0 South Run - 187.0 Sleepy Hollow Rec
Sleepy Hollow Rec,Week4,South Run,Week3,240.0 South Run - 162.0 Sleepy Hollow Rec
Somerset-Olde Creek,Week5,South Run,Week3,283.0 South Run - 116.0 Somerset-Olde Creek
Somerset-Olde Creek,Week4,Ilda Community,Week2,251.0 Ilda Community - 151.0 Somerset-Olde Creek
Somerset-Olde Creek,Week3,Ilda Community,Week1,263.0 Ilda Community - 135.0 Somerset-Olde Creek
Somerset-Olde Creek,Week4,Ilda Community,Week4,279.0 Ilda Community - 123.0 Somerset-Olde Creek
Somerset-Olde Creek,Week3,Ilda Community,Week3,262.0 Ilda Community - 127.0 Somerset-Olde Creek
Sleepy Hollow Rec,Week5,Newington Forest,Week3,242.0 Sleepy Hollow Rec - 160.0 Newington Forest
Somerset-Olde Creek,Week4,Parliament,Week3,298.5 Parliament - 103.5 Somerset-Olde Creek
Somerset-Olde Creek,Week2,Ilda Community,Week3,246.0 Ilda Community - 149.0 Somerset-Olde Creek
Somerset-Olde Creek,Week5,South Run,Week4,256.0 South Run - 137.0 Somerset-Olde Creek
Sleepy Hollow Rec,Week5,South Run,Week5,237.0 South Run - 165.0 Sleepy Hollow Rec
Sleepy Hollow Rec,Week1,North Springfield,Week4,261.0 Sleepy Hollow Rec - 130.0 North Springfield
Sleepy Hollow Rec,Week1,North Springfield,Week5,227.0 Sleepy Hollow Rec - 147.0 North Springfield
Somerset-Olde Creek,Week2,Waynewood,Week5,355.0 Waynewood - 47.0 Somerset-Olde Creek
Somerset-Olde Creek,Week5,Waynewood,Week3,337.0 Waynewood - 65.0 Somerset-Olde Creek
Somerset-Olde Creek,Week4,Parliament,Week4,290.0 Parliament - 110.0 Somerset-Olde Creek
Somerset-Olde Creek,Week5,Parliament,Week5,279.0 Parliament - 115.0 Somerset-Olde Creek
Sleepy Hollow Rec,Week4,South Run,Week2,229.0 South Run - 172.0 Sleepy Hollow Rec
Somerset-Olde Creek,Week5,Parliament,Week4,278.0 Parliament - 119.0 Somerset-Olde Creek
Sleepy Hollow Rec,Week5,South Run,Week2,212.0 South Run - 190.0 Sleepy Hollow Rec
Somerset-Olde Creek,Week3,Springboard,Week1,263.0 Springboard - 129.0 Somerset-Olde Creek
Sleepy Hollow Rec,Week3,North Springfield,Week4,275.0 Sleepy Hollow Rec - 117.0 North Springfield
Somerset-Olde Creek,Week4,Ilda Community,Week3,245.0 Ilda Community - 157.0 Somerset-Olde Creek
Somerset-Olde Creek,Week3,South Run,Week5,316.0 South Run - 86.0 Somerset-Olde Creek
Somerset-Olde Creek,Week4,Parliament,Week2,277.0 Parliament - 121.0 Somerset-Olde Creek
Somerset-Olde Creek,Week5,South Run,Week5,294.0 South Run - 108.0 Somerset-Olde Creek
Somerset-Olde Creek,Week4,Parliament,Week1,296.0 Parliament - 100.0 Somerset-Olde Creek
Somerset-Olde Creek,Week2,Waynewood,Week3,351.5 Waynewood - 50.5 Somerset-Olde Creek
Sleepy Hollow Rec,Week1,Springboard,Week5,230.5 Springboard - 171.5 Sleepy Hollow Rec
Somerset-Olde Creek,Week5,Waynewood,Week5,336.0 Waynewood - 66.0 Somerset-Olde Creek
Sleepy Hollow Rec,Week3,North Springfield,Week5,245.0 Sleepy Hollow Rec - 128.0 North Springfield
Sleepy Hollow Rec,Week4,South Run,Week5,256.0 South Run - 146.0 Sleepy Hollow Rec
Sleepy Hollow Rec,Week3,South Run,Week4,216.5 South Run - 185.5 Sleepy Hollow Rec
Somerset-Olde Creek,Week1,Pinecrest,Week3,351.0 Pinecrest - 51.0 Somerset-Olde Creek
Somerset-Olde Creek,Week4,Ilda Community,Week5,253.0 Ilda Community - 147.0 Somerset-Olde Creek
Somerset-Olde Creek,Week2,Pinewood Lake,Week1,271.0 Somerset-Olde Creek - 83.0 Pinewood Lake
Somerset-Olde Creek,Week4,Waynewood,Week2,337.0 Waynewood - 65.0 Somerset-Olde Creek
Sleepy Hollow Rec,Week3,North Springfield,Week2,264.0 Sleepy Hollow Rec - 124.0 North Springfield
Somerset-Olde Creek,Week1,Pinecrest,Week1,345.0 Pinecrest - 57.0 Somerset-Olde Creek
Somerset-Olde Creek,Week4,Waynewood,Week4,338.0 Waynewood - 64.0 Somerset-Olde Creek
Somerset-Olde Creek,Week3,Ilda Community,Week4,289.0 Ilda Community - 110.0 Somerset-Olde Creek
Sleepy Hollow Rec,Week3,Springboard,Week1,217.0 Sleepy Hollow Rec - 185.0 Springboard
Somerset-Olde Creek,Week5,Ilda Community,Week1,240.0 Ilda Community - 158.0 Somerset-Olde Creek
Somerset-Olde Creek,Week4,South Run,Week2,274.0 South Run - 120.0 Somerset-Olde Creek
Somerset-Olde Creek,Week3,Waynewood,Week2,347.0 Waynewood - 55.0 Somerset-Olde Creek
Somerset-Olde Creek,Week5,Ilda Community,Week2,238.0 Ilda Community - 162.0 Somerset-Olde Creek
Somerset-Olde Creek,Week4,South Run,Week5,301.0 South Run - 101.0 Somerset-Olde Creek
Somerset-Olde Creek,Week3,Pinecrest,Week4,351.0 Pinecrest - 51.0 Somerset-Olde Creek
Somerset-Olde Creek,Week3,Ilda Community,Week2,265.0 Ilda Community - 135.0 Somerset-Olde Creek
Sleepy Hollow Rec,Week1,Springboard,Week1,209.0 Springboard - 193.0 Sleepy Hollow Rec
Somerset-Olde Creek,Week1,Springboard,Week5,244.0 Springboard - 152.0 Somerset-Olde Creek
Somerset-Olde Creek,Week1,Pinewood Lake,Week1,273.0 Somerset-Olde Creek - 81.0 Pinewood Lake
Sleepy Hollow Rec,Week4,North Springfield,Week2,243.0 Sleepy Hollow Rec - 144.0 North Springfield
Somerset-Olde Creek,Week5,Waynewood,Week1,322.0 Waynewood - 79.0 Somerset-Olde Creek
Somerset-Olde Creek,Week3,South Run,Week2,282.0 South Run - 108.0 Somerset-Olde Creek
Sleepy Hollow Rec,Week4,North Springfield,Week1,260.0 Sleepy Hollow Rec - 89.0 North Springfield
Sleepy Hollow Rec,Week5,North Springfield,Week2,260.0 Sleepy Hollow Rec - 128.0 North Springfield
Sleepy Hollow Rec,Week4,North Springfield,Week4,256.0 Sleepy Hollow Rec - 134.0 North Springfield
Somerset-Olde Creek,Week2,Springboard,Week2,240.0 Springboard - 151.0 Somerset-Olde Creek
Sleepy Hollow Rec,Week5,North Springfield,Week1,274.0 Sleepy Hollow Rec - 76.0 North Springfield
Somerset-Olde Creek,Week4,Waynewood,Week3,348.0 Waynewood - 54.0 Somerset-Olde Creek
Somerset-Olde Creek,Week5,Ilda Community,Week3,231.0 Ilda Community - 169.0 Somerset-Olde Creek
Somerset-Olde Creek,Week1,Woodley,Week4,261.0 Woodley - 141.0 Somerset-Olde Creek
Sleepy Hollow Rec,Week2,Springboard,Week2,221.0 Sleepy Hollow Rec - 180.0 Springboard
Somerset-Olde Creek,Week3,Waynewood,Week3,352.0 Waynewood - 50.0 Somerset-Olde Creek
Somerset-Olde Creek,Week2,Pinecrest,Week1,345.0 Pinecrest - 57.0 Somerset-Olde Creek
Sleepy Hollow Rec,Week5,North Springfield,Week3,265.0 Sleepy Hollow Rec - 132.0 North Springfield
Somerset-Olde Creek,Week1,Kent Gardens,Week2,310.0 Kent Gardens - 91.0 Somerset-Olde Creek
Somerset-Olde Creek,Week2,Pinewood Lake,Week3,270.0 Somerset-Olde Creek - 104.0 Pinewood Lake
Somerset-Olde Creek,Week4,Pinecrest,Week1,341.0 Pinecrest - 61.0 Somerset-Olde Creek
Somerset-Olde Creek,Week2,Springboard,Week4,264.0 Springboard - 131.0 Somerset-Olde Creek
Somerset-Olde Creek,Week5,Ilda Community,Week4,261.0 Ilda Community - 138.0 Somerset-Olde Creek
Somerset-Olde Creek,Week5,Ilda Community,Week5,237.0 Ilda Community - 160.0 Somerset-Olde Creek
Sleepy Hollow Rec,Week3,Springfield,Week2,361.0 Sleepy Hollow Rec - 40.0 Springfield
Sleepy Hollow Rec,Week4,Springfield,Week1,340.0 Sleepy Hollow Rec - 59.0 Springfield
Somerset-Olde Creek,Week1,Kent Gardens,Week1,319.0 Kent Gardens - 82.0 Somerset-Olde Creek
Sleepy Hollow Rec,Week5,North Springfield,Week4,278.0 Sleepy Hollow Rec - 113.0 North Springfield
Somerset-Olde Creek,Week1,Pinewood Lake,Week4,267.0 Somerset-Olde Creek - 105.0 Pinewood Lake
Somerset-Olde Creek,Week3,Waynewood,Week5,358.0 Waynewood - 44.0 Somerset-Olde Creek
Sleepy Hollow Rec,Week1,Springfield,Week4,321.0 Sleepy Hollow Rec - 80.0 Springfield
Somerset-Olde Creek,Week1,Springboard,Week1,246.0 Springboard - 144.0 Somerset-Olde Creek
Sleepy Hollow Rec,Week3,Springfield,Week4,342.0 Sleepy Hollow Rec - 59.0 Springfield
Somerset-Olde Creek,Week2,Springboard,Week1,259.0 Springboard - 135.0 Somerset-Olde Creek
Sleepy Hollow Rec,Week5,Springboard,Week5,209.0 Springboard - 192.0 Sleepy Hollow Rec
Somerset-Olde Creek,Week2,Springboard,Week3,255.0 Springboard - 142.0 Somerset-Olde Creek
Somerset-Olde Creek,Week5,Pinecrest,Week4,337.5 Pinecrest - 64.5 Somerset-Olde Creek
Somerset-Olde Creek,Week2,Waynewood,Week4,348.0 Waynewood - 54.0 Somerset-Olde Creek
Somerset-Olde Creek,Week3,Waynewood,Week4,342.0 Waynewood - 60.0 Somerset-Olde Creek
Somerset-Olde Creek,Week5,Waynewood,Week2,329.0 Waynewood - 73.0 Somerset-Olde Creek
Somerset-Olde Creek,Week4,Springboard,Week1,240.0 Springboard - 155.0 Somerset-Olde Creek
Somerset-Olde Creek,Week3,Kent Gardens,Week1,321.0 Kent Gardens - 81.0 Somerset-Olde Creek
Somerset-Olde Creek,Week3,Pinecrest,Week3,352.0 Pinecrest - 50.0 Somerset-Olde Creek
Somerset-Olde Creek,Week4,South Run,Week3,295.0 South Run - 106.0 Somerset-Olde Creek
Somerset-Olde Creek,Week3,Springfield,Week4,222.0 Somerset-Olde Creek - 148.0 Springfield
Somerset-Olde Creek,Week1,Woodley,Week3,265.0 Woodley - 133.0 Somerset-Olde Creek
Somerset-Olde Creek,Week5,Kent Gardens,Week2,290.5 Kent Gardens - 110.5 Somerset-Olde Creek
Sleepy Hollow Rec,Week5,North Springfield,Week5,248.0 Sleepy Hollow Rec - 125.0 North Springfield
Sleepy Hollow Rec,Week5,Springboard,Week2,236.0 Sleepy Hollow Rec - 165.0 Springboard
Sleepy Hollow Rec,Week1,Oakton ,Week1,324.0 Oakton - 78.0 Sleepy Hollow Rec
Sleepy Hollow Rec,Week3,Springboard,Week3,222.0 Sleepy Hollow Rec - 180.0 Springboard
Somerset-Olde Creek,Week2,Kent Gardens,Week2,319.0 Kent Gardens - 82.0 Somerset-Olde Creek
Sleepy Hollow Rec,Week1,Oakton ,Week4,334.0 Oakton - 68.0 Sleepy Hollow Rec
Somerset-Olde Creek,Week5,South Run,Week2,264.0 South Run - 131.0 Somerset-Olde Creek
Somerset-Olde Creek,Week2,Pinecrest,Week2,357.0 Pinecrest - 45.0 Somerset-Olde Creek
Sleepy Hollow Rec,Week4,Springfield,Week3,343.0 Sleepy Hollow Rec - 53.0 Springfield
Sleepy Hollow Rec,Week3,Springboard,Week5,217.0 Sleepy Hollow Rec - 185.0 Springboard
Somerset-Olde Creek,Week4,Pinecrest,Week2,346.0 Pinecrest - 56.0 Somerset-Olde Creek
Somerset-Olde Creek,Week3,Springboard,Week2,238.0 Springboard - 153.0 Somerset-Olde Creek
Somerset-Olde Creek,Week1,Kent Gardens,Week5,337.0 Kent Gardens - 65.0 Somerset-Olde Creek
Sleepy Hollow Rec,Week4,Springboard,Week4,206.0 Springboard - 196.0 Sleepy Hollow Rec
Somerset-Olde Creek,Week1,Woodley,Week5,260.0 Woodley - 139.0 Somerset-Olde Creek
Sleepy Hollow Rec,Week4,Springboard,Week3,204.0 Springboard - 198.0 Sleepy Hollow Rec
Somerset-Olde Creek,Week2,Pinecrest,Week5,351.0 Pinecrest - 50.0 Somerset-Olde Creek
Somerset-Olde Creek,Week2,Kent Gardens,Week1,325.0 Kent Gardens - 76.0 Somerset-Olde Creek
Sleepy Hollow Rec,Week1,Oakton ,Week2,331.0 Oakton - 71.0 Sleepy Hollow Rec
Somerset-Olde Creek,Week3,Springboard,Week4,258.0 Springboard - 133.0 Somerset-Olde Creek
Sleepy Hollow Rec,Week1,Oakton ,Week3,328.0 Oakton - 74.0 Sleepy Hollow Rec
Sleepy Hollow Rec,Week5,Springboard,Week1,220.0 Sleepy Hollow Rec - 180.0 Springboard
Somerset-Olde Creek,Week1,Pinecrest,Week5,342.0 Pinecrest - 59.0 Somerset-Olde Creek
Somerset-Olde Creek,Week1,Woodley,Week2,241.0 Woodley - 159.0 Somerset-Olde Creek
Somerset-Olde Creek,Week4,Pinecrest,Week4,352.0 Pinecrest - 50.0 Somerset-Olde Creek
Somerset-Olde Creek,Week3,Springboard,Week5,274.5 Springboard - 121.5 Somerset-Olde Creek
Somerset-Olde Creek,Week3,Waynewood,Week1,338.0 Waynewood - 63.0 Somerset-Olde Creek
Somerset-Olde Creek,Week2,Woodley,Week1,257.0 Woodley - 145.0 Somerset-Olde Creek
Somerset-Olde Creek,Week2,Kings Ridge ,Week3,284.0 Kings Ridge - 116.0 Somerset-Olde Creek
Somerset-Olde Creek,Week1,Kent Gardens,Week4,314.0 Kent Gardens - 88.0 Somerset-Olde Creek
Somerset-Olde Creek,Week5,Waynewood,Week4,325.0 Waynewood - 77.0 Somerset-Olde Creek
Somerset-Olde Creek,Week1,Pinecrest,Week4,350.0 Pinecrest - 52.0 Somerset-Olde Creek
Somerset-Olde Creek,Week2,Springboard,Week5,271.0 Springboard - 126.0 Somerset-Olde Creek
Somerset-Olde Creek,Week1,Kings Ridge ,Week4,278.0 Kings Ridge - 124.0 Somerset-Olde Creek
Somerset-Olde Creek,Week4,Springboard,Week2,221.0 Springboard - 169.0 Somerset-Olde Creek
Somerset-Olde Creek,Week1,Woodley,Week1,244.0 Woodley - 158.0 Somerset-Olde Creek
Somerset-Olde Creek,Week1,Pinewood Lake,Week2,261.0 Somerset-Olde Creek - 98.0 Pinewood Lake
Sleepy Hollow Rec,Week3,Springboard,Week2,258.0 Sleepy Hollow Rec - 144.0 Springboard
Somerset-Olde Creek,Week2,Kent Gardens,Week4,318.0 Kent Gardens - 84.0 Somerset-Olde Creek
Somerset-Olde Creek,Week3,Pinecrest,Week1,332.0 Pinecrest - 70.0 Somerset-Olde Creek
Sleepy Hollow Rec,Week4,Springboard,Week1,209.0 Springboard - 193.0 Sleepy Hollow Rec
Somerset-Olde Creek,Week5,Kent Gardens,Week1,298.0 Kent Gardens - 103.0 Somerset-Olde Creek
Sleepy Hollow Rec,Week1,Springfield,Week1,339.0 Sleepy Hollow Rec - 62.0 Springfield
Somerset-Olde Creek,Week1,Pinewood Lake,Week5,252.0 Somerset-Olde Creek - 124.0 Pinewood Lake
Somerset-Olde Creek,Week3,Woodley,Week4,282.0 Woodley - 120.0 Somerset-Olde Creek
Somerset-Olde Creek,Week4,Springfield,Week3,298.0 Somerset-Olde Creek - 82.0 Springfield
Somerset-Olde Creek,Week4,Springboard,Week4,251.0 Springboard - 149.0 Somerset-Olde Creek
Somerset-Olde Creek,Week5,Kent Gardens,Week5,319.0 Kent Gardens - 83.0 Somerset-Olde Creek
Somerset-Olde Creek,Week3,Kent Gardens,Week4,325.0 Kent Gardens - 77.0 Somerset-Olde Creek
Somerset-Olde Creek,Week5,Pinecrest,Week1,323.0 Pinecrest - 79.0 Somerset-Olde Creek
Somerset-Olde Creek,Week4,Kent Gardens,Week4,310.0 Kent Gardens - 92.0 Somerset-Olde Creek
Somerset-Olde Creek,Week2,Pinecrest,Week3,360.0 Pinecrest - 42.0 Somerset-Olde Creek
Somerset-Olde Creek,Week5,Pinecrest,Week5,336.0 Pinecrest - 65.0 Somerset-Olde Creek
Somerset-Olde Creek,Week2,Woodley,Week2,257.0 Woodley - 144.0 Somerset-Olde Creek
Somerset-Olde Creek,Week2,Springfield,Week2,251.0 Somerset-Olde Creek - 105.0 Springfield
Somerset-Olde Creek,Week5,Woodley,Week5,225.0 Woodley - 175.0 Somerset-Olde Creek
Somerset-Olde Creek,Week2,Woodley,Week4,272.0 Woodley - 130.0 Somerset-Olde Creek
Somerset-Olde Creek,Week5,Springboard,Week1,221.0 Springboard - 170.0 Somerset-Olde Creek
Sleepy Hollow Rec,Week4,Springboard,Week5,216.0 Springboard - 186.0 Sleepy Hollow Rec
Sleepy Hollow Rec,Week3,Springboard,Week4,224.0 Sleepy Hollow Rec - 178.0 Springboard
Somerset-Olde Creek,Week1,Kings Ridge ,Week1,261.0 Kings Ridge - 140.0 Somerset-Olde Creek
Somerset-Olde Creek,Week1,Springfield,Week4,238.0 Somerset-Olde Creek - 136.0 Springfield
Somerset-Olde Creek,Week5,Pinecrest,Week3,343.0 Pinecrest - 59.0 Somerset-Olde Creek
Somerset-Olde Creek,Week2,Springfield,Week1,239.0 Somerset-Olde Creek - 131.0 Springfield
Somerset-Olde Creek,Week5,Woodley,Week4,235.0 Woodley - 167.0 Somerset-Olde Creek
Somerset-Olde Creek,Week3,Pinecrest,Week5,348.0 Pinecrest - 53.0 Somerset-Olde Creek
Somerset-Olde Creek,Week2,Kent Gardens,Week5,341.0 Kent Gardens - 61.0 Somerset-Olde Creek
Somerset-Olde Creek,Week5,Kings Ridge ,Week1,235.0 Kings Ridge - 167.0 Somerset-Olde Creek
Sleepy Hollow Rec,Week1,Springfield,Week2,333.0 Sleepy Hollow Rec - 61.0 Springfield
Somerset-Olde Creek,Week3,Pinecrest,Week2,349.0 Pinecrest - 53.0 Somerset-Olde Creek
Sleepy Hollow Rec,Week1,Springfield,Week3,337.0 Sleepy Hollow Rec - 63.0 Springfield
South Run,Week1,Annandale,Week3,228.0 South Run - 165.0 Annandale
Somerset-Olde Creek,Week5,Springboard,Week4,231.0 Springboard - 165.0 Somerset-Olde Creek
Somerset-Olde Creek,Week4,Pinecrest,Week3,352.0 Pinecrest - 50.0 Somerset-Olde Creek
Somerset-Olde Creek,Week3,Springfield,Week2,253.0 Somerset-Olde Creek - 98.0 Springfield
Somerset-Olde Creek,Week4,Woodley,Week5,245.0 Woodley - 156.0 Somerset-Olde Creek
Somerset-Olde Creek,Week2,Kings Ridge ,Week1,277.0 Kings Ridge - 120.0 Somerset-Olde Creek
South Run,Week3,Annandale,Week3,238.0 South Run - 164.0 Annandale
Sleepy Hollow Rec,Week5,Springboard,Week3,201.5 Springboard - 199.5 Sleepy Hollow Rec
Somerset-Olde Creek,Week2,Springfield,Week5,256.0 Somerset-Olde Creek - 115.0 Springfield
Sleepy Hollow Rec,Week5,Springboard,Week4,209.0 Sleepy Hollow Rec - 192.0 Springboard
Somerset-Olde Creek,Week1,Kings Ridge ,Week2,261.0 Kings Ridge - 135.0 Somerset-Olde Creek
Sleepy Hollow Rec,Week2,Springfield,Week2,344.0 Sleepy Hollow Rec - 56.0 Springfield
Somerset-Olde Creek,Week3,Springfield,Week1,233.0 Somerset-Olde Creek - 132.0 Springfield
South Run,Week2,Annandale,Week3,228.0 South Run - 174.0 Annandale
Somerset-Olde Creek,Week2,Pinecrest,Week4,357.0 Pinecrest - 45.0 Somerset-Olde Creek
Sleepy Hollow Rec,Week1,Springfield,Week5,343.0 Sleepy Hollow Rec - 58.0 Springfield
Sleepy Hollow Rec,Week2,Springfield,Week1,346.0 Sleepy Hollow Rec - 53.0 Springfield
South Run,Week3,Annandale,Week2,251.5 South Run - 150.5 Annandale
Somerset-Olde Creek,Week5,Pinecrest,Week2,337.0 Pinecrest - 65.0 Somerset-Olde Creek
Somerset-Olde Creek,Week5,Woodley,Week1,223.0 Woodley - 179.0 Somerset-Olde Creek
Somerset-Olde Creek,Week3,Kent Gardens,Week3,328.0 Kent Gardens - 73.0 Somerset-Olde Creek
Sleepy Hollow Rec,Week4,Springboard,Week2,234.0 Sleepy Hollow Rec - 168.0 Springboard
Somerset-Olde Creek,Week5,Kent Gardens,Week4,287.0 Kent Gardens - 115.0 Somerset-Olde Creek
Somerset-Olde Creek,Week1,Pinewood Lake,Week3,278.0 Somerset-Olde Creek - 89.0 Pinewood Lake
Somerset-Olde Creek,Week4,Kent Gardens,Week5,343.0 Kent Gardens - 59.0 Somerset-Olde Creek
Somerset-Olde Creek,Week3,Kent Gardens,Week5,339.0 Kent Gardens - 63.0 Somerset-Olde Creek
Somerset-Olde Creek,Week4,Springboard,Week3,247.0 Springboard - 150.0 Somerset-Olde Creek
Somerset-Olde Creek,Week4,Kent Gardens,Week3,308.0 Kent Gardens - 93.0 Somerset-Olde Creek
Sleepy Hollow Rec,Week2,Springfield,Week4,330.5 Sleepy Hollow Rec - 69.5 Springfield
Sleepy Hollow Rec,Week2,Springfield,Week5,348.0 Sleepy Hollow Rec - 52.0 Springfield
Somerset-Olde Creek,Week5,Kent Gardens,Week3,290.0 Kent Gardens - 110.0 Somerset-Olde Creek
Somerset-Olde Creek,Week4,Springfield,Week1,301.0 Somerset-Olde Creek - 95.0 Springfield
Somerset-Olde Creek,Week4,Kent Gardens,Week1,321.0 Kent Gardens - 80.0 Somerset-Olde Creek
Somerset-Olde Creek,Week5,Springboard,Week3,231.0 Springboard - 166.0 Somerset-Olde Creek
Somerset-Olde Creek,Week5,Woodley,Week2,220.0 Woodley - 181.0 Somerset-Olde Creek
Sleepy Hollow Rec,Week2,Springfield,Week3,334.0 Sleepy Hollow Rec - 63.0 Springfield
Somerset-Olde Creek,Week2,Kent Gardens,Week3,319.0 Kent Gardens - 82.0 Somerset-Olde Creek
Somerset-Olde Creek,Week2,Pinewood Lake,Week4,260.0 Somerset-Olde Creek - 116.0 Pinewood Lake
Sleepy Hollow Rec,Week3,Springfield,Week1,358.0 Sleepy Hollow Rec - 43.0 Springfield
Somerset-Olde Creek,Week1,Springfield,Week5,268.0 Somerset-Olde Creek - 101.0 Springfield
Somerset-Olde Creek,Week1,Springfield,Week1,250.0 Somerset-Olde Creek - 117.0 Springfield
Somerset-Olde Creek,Week2,Pinewood Lake,Week2,265.0 Somerset-Olde Creek - 106.0 Pinewood Lake
South Run,Week2,Annandale,Week4,232.0 South Run - 169.0 Annandale
Somerset-Olde Creek,Week2,Stratford,Week1,269.0 Stratford - 125.0 Somerset-Olde Creek
Somerset-Olde Creek,Week4,Woodley,Week2,239.0 Woodley - 162.0 Somerset-Olde Creek
Somerset-Olde Creek,Week4,Pinecrest,Week5,344.0 Pinecrest - 52.0 Somerset-Olde Creek
South Run,Week4,Annandale,Week3,230.0 South Run - 172.0 Annandale
Somerset-Olde Creek,Week4,Springboard,Week5,242.0 Springboard - 156.0 Somerset-Olde Creek
Sleepy Hollow Rec,Week4,Springfield,Week2,345.0 Sleepy Hollow Rec - 51.0 Springfield
Somerset-Olde Creek,Week5,Pinewood Lake,Week4,287.0 Somerset-Olde Creek - 90.0 Pinewood Lake
Somerset-Olde Creek,Week3,Pinewood Lake,Week1,252.0 Somerset-Olde Creek - 102.0 Pinewood Lake
South Run,Week1,Annandale,Week1,257.0 South Run - 136.0 Annandale
South Run,Week2,Annandale,Week5,222.0 South Run - 179.0 Annandale
Somerset-Olde Creek,Week3,Pinewood Lake,Week5,251.0 Somerset-Olde Creek - 125.0 Pinewood Lake
Somerset-Olde Creek,Week5,Springboard,Week5,233.0 Springboard - 164.0 Somerset-Olde Creek
Sleepy Hollow Rec,Week3,Springfield,Week3,352.0 Sleepy Hollow Rec - 49.0 Springfield
Somerset-Olde Creek,Week3,Kent Gardens,Week2,318.0 Kent Gardens - 84.0 Somerset-Olde Creek
South Run,Week4,Annandale,Week5,227.0 South Run - 174.0 Annandale
Somerset-Olde Creek,Week3,Pleasant Valley,Week3,259.5 Pleasant Valley - 138.5 Somerset-Olde Creek
South Run,Week4,Annandale,Week4,240.0 South Run - 161.0 Annandale
Sleepy Hollow Rec,Week3,Springfield,Week5,370.0 Sleepy Hollow Rec - 31.0 Springfield
Somerset-Olde Creek,Week1,Kings Ridge ,Week3,255.0 Kings Ridge - 136.0 Somerset-Olde Creek
Somerset-Olde Creek,Week2,Springfield,Week3,258.0 Somerset-Olde Creek - 105.0 Springfield
Somerset-Olde Creek,Week3,Woodley,Week1,264.0 Woodley - 138.0 Somerset-Olde Creek
Sleepy Hollow Rec,Week5,Stratford,Week2,218.0 Sleepy Hollow Rec - 184.0 Stratford
Somerset-Olde Creek,Week5,Pinewood Lake,Week2,276.0 Somerset-Olde Creek - 98.0 Pinewood Lake
Somerset-Olde Creek,Week3,Springfield,Week5,248.0 Somerset-Olde Creek - 113.0 Springfield
Somerset-Olde Creek,Week4,Pinewood Lake,Week3,311.0 Somerset-Olde Creek - 68.0 Pinewood Lake
Somerset-Olde Creek,Week4,Pinewood Lake,Week1,306.0 Somerset-Olde Creek - 70.0 Pinewood Lake
Somerset-Olde Creek,Week3,Springfield,Week3,248.0 Somerset-Olde Creek - 108.0 Springfield
Somerset-Olde Creek,Week5,Pinewood Lake,Week5,280.0 Somerset-Olde Creek - 100.0 Pinewood Lake
Somerset-Olde Creek,Week2,Kings Ridge ,Week4,292.0 Kings Ridge - 110.0 Somerset-Olde Creek
Somerset-Olde Creek,Week3,Woodley,Week2,258.0 Woodley - 143.0 Somerset-Olde Creek
Somerset-Olde Creek,Week1,Springfield,Week3,255.0 Somerset-Olde Creek - 105.0 Springfield
Somerset-Olde Creek,Week2,Kings Ridge ,Week5,292.0 Kings Ridge - 108.0 Somerset-Olde Creek
Somerset-Olde Creek,Week4,Woodley,Week1,240.0 Woodley - 162.0 Somerset-Olde Creek
South Run,Week5,Annandale,Week1,261.0 South Run - 141.0 Annandale
Sleepy Hollow Rec,Week3,Stratford,Week4,211.5 Stratford - 190.5 Sleepy Hollow Rec
Somerset-Olde Creek,Week2,Springfield,Week4,231.0 Somerset-Olde Creek - 149.0 Springfield
Sleepy Hollow Rec,Week2,Stratford,Week4,243.0 Stratford - 159.0 Sleepy Hollow Rec
Somerset-Olde Creek,Week4,Kent Gardens,Week2,304.0 Kent Gardens - 97.0 Somerset-Olde Creek
Sleepy Hollow Rec,Week3,Stratford,Week3,206.0 Stratford - 196.0 Sleepy Hollow Rec
Somerset-Olde Creek,Week5,Springboard,Week2,203.0 Springboard - 192.0 Somerset-Olde Creek
Somerset-Olde Creek,Week2,Kings Ridge ,Week2,275.0 Kings Ridge - 125.0 Somerset-Olde Creek
Somerset-Olde Creek,Week1,Kings Ridge ,Week5,267.0 Kings Ridge - 133.0 Somerset-Olde Creek
Somerset-Olde Creek,Week1,Pleasant Valley,Week2,204.0 Pleasant Valley - 189.0 Somerset-Olde Creek
Somerset-Olde Creek,Week3,Woodley,Week3,278.0 Woodley - 123.0 Somerset-Olde Creek
Somerset-Olde Creek,Week5,Pinewood Lake,Week3,302.0 Somerset-Olde Creek - 71.0 Pinewood Lake
Sleepy Hollow Rec,Week1,Stratford,Week3,227.0 Stratford - 175.0 Sleepy Hollow Rec
Somerset-Olde Creek,Week3,Pinewood Lake,Week3,265.0 Somerset-Olde Creek - 98.0 Pinewood Lake
Somerset-Olde Creek,Week4,Woodley,Week4,252.0 Woodley - 145.0 Somerset-Olde Creek
Somerset-Olde Creek,Week1,Pleasant Valley,Week1,215.0 Pleasant Valley - 181.0 Somerset-Olde Creek
Somerset-Olde Creek,Week3,Kings Ridge ,Week1,279.0 Kings Ridge - 118.0 Somerset-Olde Creek
Sleepy Hollow Rec,Week1,Stratford,Week1,204.0 Stratford - 193.0 Sleepy Hollow Rec
Sleepy Hollow Rec,Week4,Stratford,Week2,219.0 Stratford - 183.0 Sleepy Hollow Rec
Somerset-Olde Creek,Week4,Woodley,Week3,253.0 Woodley - 149.0 Somerset-Olde Creek
Somerset-Olde Creek,Week1,Springfield,Week2,267.0 Somerset-Olde Creek - 96.0 Springfield
South Run,Week1,Annandale,Week2,255.0 South Run - 138.0 Annandale
Somerset-Olde Creek,Week3,Kings Ridge ,Week2,270.0 Kings Ridge - 127.0 Somerset-Olde Creek
Somerset-Olde Creek,Week2,Pleasant Valley,Week2,228.0 Pleasant Valley - 164.0 Somerset-Olde Creek
South Run,Week1,Annandale,Week4,248.0 South Run - 145.0 Annandale
Somerset-Olde Creek,Week5,Springfield,Week1,288.0 Somerset-Olde Creek - 99.0 Springfield
Somerset-Olde Creek,Week3,Woodley,Week5,270.0 Woodley - 130.0 Somerset-Olde Creek
Somerset-Olde Creek,Week4,Springfield,Week4,276.0 Somerset-Olde Creek - 120.0 Springfield
Somerset-Olde Creek,Week4,Kings Ridge ,Week1,250.0 Kings Ridge - 152.0 Somerset-Olde Creek
Sleepy Hollow Rec,Week5,Springfield,Week5,356.0 Sleepy Hollow Rec - 42.0 Springfield
Somerset-Olde Creek,Week1,Pleasant Valley,Week5,223.0 Pleasant Valley - 166.0 Somerset-Olde Creek
Sleepy Hollow Rec,Week4,Hunt Valley,Week5,357.0 Hunt Valley - 45.0 Sleepy Hollow Rec
Somerset-Olde Creek,Week4,Kings Ridge ,Week2,254.0 Kings Ridge - 147.0 Somerset-Olde Creek
Sleepy Hollow Rec,Week5,Stratford,Week3,201.0 Sleepy Hollow Rec - 201.0 Stratford
Sleepy Hollow Rec,Week4,Springfield,Week5,356.0 Sleepy Hollow Rec - 43.0 Springfield
Somerset-Olde Creek,Week3,Pinewood Lake,Week4,257.0 Somerset-Olde Creek - 105.0 Pinewood Lake
Somerset-Olde Creek,Week5,Springfield,Week2,304.0 Somerset-Olde Creek - 75.0 Springfield
Somerset-Olde Creek,Week3,Kings Ridge ,Week3,273.0 Kings Ridge - 122.0 Somerset-Olde Creek
Somerset-Olde Creek,Week5,Woodley,Week3,229.0 Woodley - 172.0 Somerset-Olde Creek
Sleepy Hollow Rec,Week2,Stratford,Week5,214.0 Stratford - 188.0 Sleepy Hollow Rec
Somerset-Olde Creek,Week2,Pinewood Lake,Week5,256.0 Somerset-Olde Creek - 125.0 Pinewood Lake
South Run,Week1,Annandale,Week5,239.0 South Run - 154.0 Annandale
Somerset-Olde Creek,Week4,Springfield,Week5,302.0 Somerset-Olde Creek - 93.0 Springfield
Somerset-Olde Creek,Week4,Springfield,Week2,314.0 Somerset-Olde Creek - 75.0 Springfield
Somerset-Olde Creek,Week3,Kings Ridge ,Week4,286.0 Kings Ridge - 116.0 Somerset-Olde Creek
Somerset-Olde Creek,Week5,Pinewood Lake,Week1,291.0 Somerset-Olde Creek - 77.0 Pinewood Lake
South Run,Week2,Annandale,Week2,233.0 South Run - 169.0 Annandale
Somerset-Olde Creek,Week1,Pleasant Valley,Week3,234.0 Pleasant Valley - 161.0 Somerset-Olde Creek
Sleepy Hollow Rec,Week2,Stratford,Week1,216.0 Sleepy Hollow Rec - 186.0 Stratford
Sleepy Hollow Rec,Week1,Hunt Valley,Week1,330.0 Hunt Valley - 72.0 Sleepy Hollow Rec
Somerset-Olde Creek,Week5,Springfield,Week3,292.0 Somerset-Olde Creek - 84.0 Springfield
Somerset-Olde Creek,Week4,Kings Ridge ,Week3,259.0 Kings Ridge - 142.0 Somerset-Olde Creek
Somerset-Olde Creek,Week1,Stratford,Week2,269.0 Stratford - 128.0 Somerset-Olde Creek
Sleepy Hollow Rec,Week5,Springfield,Week3,345.0 Sleepy Hollow Rec - 53.0 Springfield
Sleepy Hollow Rec,Week5,Springfield,Week2,346.0 Sleepy Hollow Rec - 53.0 Springfield
Sleepy Hollow Rec,Week1,Hunt Valley,Week4,333.0 Hunt Valley - 69.0 Sleepy Hollow Rec
Somerset-Olde Creek,Week2,Pleasant Valley,Week1,225.0 Pleasant Valley - 167.0 Somerset-Olde Creek
Somerset-Olde Creek,Week1,Stratford,Week1,252.0 Stratford - 147.0 Somerset-Olde Creek
Sleepy Hollow Rec,Week3,Hunt Valley,Week5,345.0 Hunt Valley - 57.0 Sleepy Hollow Rec
South Run,Week2,Annandale,Week1,242.0 South Run - 159.0 Annandale
South Run,Week4,Annandale,Week1,248.0 South Run - 147.0 Annandale
Sleepy Hollow Rec,Week5,Springfield,Week1,343.0 Sleepy Hollow Rec - 56.0 Springfield
Somerset-Olde Creek,Week3,Kings Ridge ,Week5,291.0 Kings Ridge - 110.0 Somerset-Olde Creek
South Run,Week3,Annandale,Week1,262.0 South Run - 140.0 Annandale
Sleepy Hollow Rec,Week5,Hunt Valley,Week1,316.0 Hunt Valley - 86.0 Sleepy Hollow Rec
Somerset-Olde Creek,Week4,Pinewood Lake,Week4,295.0 Somerset-Olde Creek - 87.0 Pinewood Lake
Somerset-Olde Creek,Week5,Kings Ridge ,Week4,249.0 Kings Ridge - 153.0 Somerset-Olde Creek
Sleepy Hollow Rec,Week5,Stratford,Week5,216.0 Stratford - 186.0 Sleepy Hollow Rec
Somerset-Olde Creek,Week4,Kings Ridge ,Week4,268.0 Kings Ridge - 134.0 Somerset-Olde Creek
Sleepy Hollow Rec,Week4,Hunt Valley,Week3,346.0 Hunt Valley - 56.0 Sleepy Hollow Rec
Somerset-Olde Creek,Week4,Kings Ridge ,Week5,273.0 Kings Ridge - 128.0 Somerset-Olde Creek
Somerset-Olde Creek,Week1,Stratford,Week3,276.0 Stratford - 126.0 Somerset-Olde Creek
Somerset-Olde Creek,Week5,Springfield,Week4,267.0 Somerset-Olde Creek - 121.0 Springfield
South Run,Week3,Annandale,Week4,247.0 South Run - 155.0 Annandale
Somerset-Olde Creek,Week2,Pleasant Valley,Week5,228.0 Pleasant Valley - 158.0 Somerset-Olde Creek
Sleepy Hollow Rec,Week3,Stratford,Week5,202.0 Sleepy Hollow Rec - 200.0 Stratford
Sleepy Hollow Rec,Week4,Hunt Valley,Week2,335.0 Hunt Valley - 67.0 Sleepy Hollow Rec
South Run,Week4,Annandale,Week2,240.0 South Run - 162.0 Annandale
Somerset-Olde Creek,Week3,Pleasant Valley,Week1,237.0 Pleasant Valley - 154.0 Somerset-Olde Creek
Somerset-Olde Creek,Week1,Lake Braddock,Week3,254.0 Lake Braddock - 143.0 Somerset-Olde Creek
Somerset-Olde Creek,Week1,Stratford,Week4,299.0 Stratford - 102.0 Somerset-Olde Creek
Sleepy Hollow Rec,Week3,Stratford,Week1,228.0 Sleepy Hollow Rec - 174.0 Stratford
Sleepy Hollow Rec,Week5,Hunt Valley,Week3,336.0 Hunt Valley - 66.0 Sleepy Hollow Rec
Somerset-Olde Creek,Week4,Pinewood Lake,Week5,291.0 Somerset-Olde Creek - 94.0 Pinewood Lake
South Run,Week3,Annandale,Week5,235.0 South Run - 167.0 Annandale
Somerset-Olde Creek,Week1,Stratford,Week5,286.0 Stratford - 114.0 Somerset-Olde Creek
Somerset-Olde Creek,Week2,Lake Braddock,Week2,259.0 Lake Braddock - 141.0 Somerset-Olde Creek
Somerset-Olde Creek,Week4,Lake Braddock,Week2,243.0 Lake Braddock - 158.0 Somerset-Olde Creek
Sleepy Hollow Rec,Week2,Hunt Valley,Week4,334.0 Hunt Valley - 68.0 Sleepy Hollow Rec
Somerset-Olde Creek,Week5,Springfield,Week5,301.0 Somerset-Olde Creek - 87.0 Springfield
Somerset-Olde Creek,Week4,Pinewood Lake,Week2,291.0 Somerset-Olde Creek - 89.0 Pinewood Lake
South Run,Week4,Arlington Forest,Week1,229.0 Arlington Forest - 173.0 South Run
Sleepy Hollow Rec,Week1,Hunt Valley,Week5,353.0 Hunt Valley - 49.0 Sleepy Hollow Rec
Somerset-Olde Creek,Week4,Stratford,Week2,260.0 Stratford - 142.0 Somerset-Olde Creek
Sleepy Hollow Rec,Week2,Stratford,Week3,219.0 Stratford - 183.0 Sleepy Hollow Rec
Somerset-Olde Creek,Week3,Pinewood Lake,Week2,248.0 Somerset-Olde Creek - 111.0 Pinewood Lake
Sleepy Hollow Rec,Week1,Stratford,Week2,209.0 Stratford - 193.0 Sleepy Hollow Rec
Sleepy Hollow Rec,Week5,Hunt Valley,Week4,339.0 Hunt Valley - 63.0 Sleepy Hollow Rec
South Run,Week4,Dowden Terrace,Week2,224.0 Dowden Terrace - 177.0 South Run
Sleepy Hollow Rec,Week5,Hunt Valley,Week5,345.0 Hunt Valley - 57.0 Sleepy Hollow Rec
Somerset-Olde Creek,Week3,Lake Braddock,Week1,241.0 Lake Braddock - 160.0 Somerset-Olde Creek
South Run,Week5,Arlington Forest,Week2,215.0 South Run - 187.0 Arlington Forest
South Run,Week3,Arlington Forest,Week2,213.0 Arlington Forest - 189.0 South Run
Somerset-Olde Creek,Week4,Lake Braddock,Week1,219.0 Lake Braddock - 177.0 Somerset-Olde Creek
Sleepy Hollow Rec,Week1,Stratford,Week5,238.0 Stratford - 164.0 Sleepy Hollow Rec
South Run,Week4,Dowden Terrace,Week4,251.0 Dowden Terrace - 151.0 South Run
Somerset-Olde Creek,Week2,Stratford,Week4,303.0 Stratford - 99.0 Somerset-Olde Creek
Sleepy Hollow Rec,Week4,Springfield,Week4,318.0 Sleepy Hollow Rec - 81.0 Springfield
Somerset-Olde Creek,Week3,Stratford,Week3,289.0 Stratford - 113.0 Somerset-Olde Creek
South Run,Week5,Arlington Forest,Week4,208.0 Arlington Forest - 194.0 South Run
Somerset-Olde Creek,Week2,Pleasant Valley,Week3,254.5 Pleasant Valley - 145.5 Somerset-Olde Creek
Somerset-Olde Creek,Week3,Lake Braddock,Week4,275.0 Lake Braddock - 123.0 Somerset-Olde Creek
Somerset-Olde Creek,Week3,Pleasant Valley,Week2,227.0 Pleasant Valley - 164.0 Somerset-Olde Creek
Somerset-Olde Creek,Week5,Stratford,Week2,251.0 Stratford - 151.0 Somerset-Olde Creek
Somerset-Olde Creek,Week1,Brookfield ,Week5,307.0 Brookfield - 95.0 Somerset-Olde Creek
Sleepy Hollow Rec,Week5,Springfield,Week4,335.0 Sleepy Hollow Rec - 64.0 Springfield
South Run,Week2,Arlington Forest,Week1,227.0 Arlington Forest - 175.0 South Run
Somerset-Olde Creek,Week5,Kings Ridge ,Week5,260.0 Kings Ridge - 142.0 Somerset-Olde Creek
Sleepy Hollow Rec,Week4,Stratford,Week4,253.5 Stratford - 148.5 Sleepy Hollow Rec
Somerset-Olde Creek,Week2,Lake Braddock,Week1,250.0 Lake Braddock - 151.0 Somerset-Olde Creek
Somerset-Olde Creek,Week5,Stratford,Week4,269.5 Stratford - 131.5 Somerset-Olde Creek
Somerset-Olde Creek,Week3,Pleasant Valley,Week4,205.0 Pleasant Valley - 178.0 Somerset-Olde Creek
Somerset-Olde Creek,Week3,Lake Braddock,Week5,281.0 Lake Braddock - 116.0 Somerset-Olde Creek
Somerset-Olde Creek,Week2,Pleasant Valley,Week4,206.0 Pleasant Valley - 178.0 Somerset-Olde Creek
South Run,Week1,Dowden Terrace,Week2,214.0 Dowden Terrace - 174.0 South Run
Somerset-Olde Creek,Week1,Pleasant Valley,Week4,191.0 Somerset-Olde Creek - 187.0 Pleasant Valley
Somerset-Olde Creek,Week3,Lake Braddock,Week2,255.0 Lake Braddock - 142.0 Somerset-Olde Creek
Somerset-Olde Creek,Week2,Bren Mar-Edsall Park,Week2,233.0 Somerset-Olde Creek - 156.0 Bren Mar-Edsall Park
Sleepy Hollow Rec,Week2,Hunt Valley,Week3,351.0 Hunt Valley - 51.0 Sleepy Hollow Rec
Sleepy Hollow Rec,Week1,Stratford,Week4,243.0 Stratford - 159.0 Sleepy Hollow Rec
Sleepy Hollow Rec,Week4,Stratford,Week3,236.0 Stratford - 166.0 Sleepy Hollow Rec
South Run,Week5,Annandale,Week5,249.0 South Run - 153.0 Annandale
South Run,Week4,Arlington Forest,Week4,243.5 Arlington Forest - 158.5 South Run
South Run,Week1,Dowden Terrace,Week3,209.0 Dowden Terrace - 184.0 South Run
Somerset-Olde Creek,Week3,Pleasant Valley,Week5,232.0 Pleasant Valley - 145.0 Somerset-Olde Creek
Sleepy Hollow Rec,Week2,Hunt Valley,Week5,349.0 Hunt Valley - 53.0 Sleepy Hollow Rec
Sleepy Hollow Rec,Week2,Stratford,Week2,207.0 Sleepy Hollow Rec - 195.0 Stratford
Somerset-Olde Creek,Week1,Sully Station,Week1,349.0 Sully Station - 50.0 Somerset-Olde Creek
South Run,Week1,Arlington Forest,Week4,211.0 Arlington Forest - 182.0 South Run
Somerset-Olde Creek,Week5,Stratford,Week1,229.5 Stratford - 170.5 Somerset-Olde Creek
Somerset-Olde Creek,Week1,Sully Station,Week2,347.0 Sully Station - 50.0 Somerset-Olde Creek
South Run,Week4,Donaldson Run,Week4,292.0 Donaldson Run - 110.0 South Run
Sleepy Hollow Rec,Week3,Hunt Valley,Week2,327.0 Hunt Valley - 75.0 Sleepy Hollow Rec
Sleepy Hollow Rec,Week5,Hunt Valley,Week2,330.0 Hunt Valley - 72.0 Sleepy Hollow Rec
South Run,Week5,Dowden Terrace,Week1,216.0 South Run - 185.0 Dowden Terrace
Somerset-Olde Creek,Week1,Lake Braddock,Week1,232.0 Lake Braddock - 168.0 Somerset-Olde Creek
Somerset-Olde Creek,Week5,Bren Mar-Edsall Park,Week3,272.0 Somerset-Olde Creek - 125.0 Bren Mar-Edsall Park
Somerset-Olde Creek,Week2,Bren Mar-Edsall Park,Week3,208.0 Somerset-Olde Creek - 192.0 Bren Mar-Edsall Park
South Run,Week2,Arlington Forest,Week3,203.0 Arlington Forest - 198.0 South Run
Somerset-Olde Creek,Week1,Poplar Heights,Week5,343.0 Poplar Heights - 58.0 Somerset-Olde Creek
South Run,Week3,Dowden Terrace,Week1,209.0 Dowden Terrace - 189.0 South Run
Sleepy Hollow Rec,Week4,Stratford,Week1,203.0 Stratford - 199.0 Sleepy Hollow Rec
Somerset-Olde Creek,Week1,Lake Braddock,Week5,266.0 Lake Braddock - 131.0 Somerset-Olde Creek
Somerset-Olde Creek,Week2,Brookfield ,Week3,317.0 Brookfield - 83.0 Somerset-Olde Creek
Somerset-Olde Creek,Week2,Stratford,Week5,296.0 Stratford - 104.0 Somerset-Olde Creek
South Run,Week2,Dowden Terrace,Week2,225.0 Dowden Terrace - 171.0 South Run
Somerset-Olde Creek,Week5,Stratford,Week5,277.0 Stratford - 123.0 Somerset-Olde Creek
South Run,Week5,Annandale,Week2,252.0 South Run - 150.0 Annandale
Sleepy Hollow Rec,Week1,Hunt Valley,Week2,337.0 Hunt Valley - 65.0 Sleepy Hollow Rec
Somerset-Olde Creek,Week4,Pleasant Valley,Week2,211.0 Pleasant Valley - 187.0 Somerset-Olde Creek
South Run,Week1,Arlington Forest,Week2,198.0 Arlington Forest - 195.0 South Run
Somerset-Olde Creek,Week4,Lake Braddock,Week3,258.0 Lake Braddock - 143.0 Somerset-Olde Creek
South Run,Week5,Donaldson Run,Week5,297.0 Donaldson Run - 105.0 South Run
Sleepy Hollow Rec,Week1,Hunt Valley,Week3,346.0 Hunt Valley - 56.0 Sleepy Hollow Rec
Somerset-Olde Creek,Week4,Lake Braddock,Week4,252.0 Lake Braddock - 149.0 Somerset-Olde Creek
Sleepy Hollow Rec,Week4,Hunt Valley,Week1,339.0 Hunt Valley - 63.0 Sleepy Hollow Rec
Sleepy Hollow Rec,Week4,Stratford,Week5,248.0 Stratford - 154.0 Sleepy Hollow Rec
Somerset-Olde Creek,Week4,Pleasant Valley,Week1,204.0 Pleasant Valley - 194.0 Somerset-Olde Creek
Sleepy Hollow Rec,Week3,Stratford,Week2,212.0 Sleepy Hollow Rec - 190.0 Stratford
Somerset-Olde Creek,Week3,Bren Mar-Edsall Park,Week2,255.0 Somerset-Olde Creek - 131.0 Bren Mar-Edsall Park
South Run,Week1,Dowden Terrace,Week4,226.0 Dowden Terrace - 167.0 South Run
Somerset-Olde Creek,Week1,Lake Braddock,Week2,247.0 Lake Braddock - 149.0 Somerset-Olde Creek
Sleepy Hollow Rec,Week5,Stratford,Week1,222.0 Sleepy Hollow Rec - 180.0 Stratford
South Run,Week5,Donaldson Run,Week3,265.0 Donaldson Run - 137.0 South Run
Sleepy Hollow Rec,Week3,Hunt Valley,Week1,323.0 Hunt Valley - 79.0 Sleepy Hollow Rec
Somerset-Olde Creek,Week3,Bren Mar-Edsall Park,Week5,228.0 Somerset-Olde Creek - 157.0 Bren Mar-Edsall Park
Sleepy Hollow Rec,Week5,Stratford,Week4,210.0 Stratford - 192.0 Sleepy Hollow Rec
Somerset-Olde Creek,Week4,Stratford,Week1,244.0 Stratford - 157.0 Somerset-Olde Creek
Sleepy Hollow Rec,Week4,Hunt Valley,Week4,354.0 Hunt Valley - 48.0 Sleepy Hollow Rec
Somerset-Olde Creek,Week3,Stratford,Week5,301.0 Stratford - 95.0 Somerset-Olde Creek
South Run,Week3,Arlington Forest,Week3,210.0 South Run - 191.0 Arlington Forest
Somerset-Olde Creek,Week2,Bren Mar-Edsall Park,Week5,202.0 Somerset-Olde Creek - 182.0 Bren Mar-Edsall Park
Somerset-Olde Creek,Week4,Pleasant Valley,Week5,225.0 Pleasant Valley - 166.0 Somerset-Olde Creek
Somerset-Olde Creek,Week1,Sully Station,Week3,351.0 Sully Station - 50.0 Somerset-Olde Creek
South Run,Week2,Dowden Terrace,Week4,246.0 Dowden Terrace - 156.0 South Run
South Run,Week5,Annandale,Week3,246.0 South Run - 156.0 Annandale
Somerset-Olde Creek,Week2,Poplar Heights,Week4,341.0 Poplar Heights - 61.0 Somerset-Olde Creek
Sleepy Hollow Rec,Week2,Hunt Valley,Week2,341.0 Hunt Valley - 61.0 Sleepy Hollow Rec
Somerset-Olde Creek,Week5,Pleasant Valley,Week5,204.0 Pleasant Valley - 193.0 Somerset-Olde Creek
Somerset-Olde Creek,Week1,Poplar Heights,Week2,336.0 Poplar Heights - 64.0 Somerset-Olde Creek
Somerset-Olde Creek,Week2,Lake Braddock,Week3,272.0 Lake Braddock - 128.0 Somerset-Olde Creek
South Run,Week2,Arlington Forest,Week4,235.0 Arlington Forest - 167.0 South Run
Somerset-Olde Creek,Week5,Bren Mar-Edsall Park,Week2,280.0 Somerset-Olde Creek - 111.0 Bren Mar-Edsall Park
Somerset-Olde Creek,Week2,Lake Braddock,Week5,282.0 Lake Braddock - 118.0 Somerset-Olde Creek
Sleepy Hollow Rec,Week3,Hunt Valley,Week4,322.0 Hunt Valley - 80.0 Sleepy Hollow Rec
Sleepy Hollow Rec,Week2,Hunt Valley,Week1,343.0 Hunt Valley - 59.0 Sleepy Hollow Rec
Somerset-Olde Creek,Week2,Lake Braddock,Week4,274.5 Lake Braddock - 126.5 Somerset-Olde Creek
Somerset-Olde Creek,Week5,Pleasant Valley,Week3,215.0 Pleasant Valley - 185.0 Somerset-Olde Creek
Sleepy Hollow Rec,Week1,Sideburn Run,Week3,264.0 Sideburn Run - 138.0 Sleepy Hollow Rec
South Run,Week2,Arlington Forest,Week5,226.0 Arlington Forest - 176.0 South Run
South Run,Week1,Arlington Forest,Week5,207.0 Arlington Forest - 186.0 South Run
Somerset-Olde Creek,Week1,Sully Station,Week4,355.0 Sully Station - 47.0 Somerset-Olde Creek
Sleepy Hollow Rec,Week3,Sideburn Run,Week2,226.0 Sideburn Run - 176.0 Sleepy Hollow Rec
Somerset-Olde Creek,Week4,Bren Mar-Edsall Park,Week5,257.0 Somerset-Olde Creek - 144.0 Bren Mar-Edsall Park
South Run,Week1,Dowden Terrace,Week5,233.0 Dowden Terrace - 160.0 South Run
Sleepy Hollow Rec,Week5,Holmes Run Acres,Week5,284.0 Holmes Run Acres - 118.0 Sleepy Hollow Rec
Sleepy Hollow Rec,Week5,Shouse Village,Week2,231.0 Shouse Village - 170.0 Sleepy Hollow Rec
Somerset-Olde Creek,Week3,Stratford,Week1,261.0 Stratford - 128.0 Somerset-Olde Creek
Somerset-Olde Creek,Week1,Brookfield ,Week1,320.0 Brookfield - 82.0 Somerset-Olde Creek
South Run,Week3,Dowden Terrace,Week3,212.0 Dowden Terrace - 190.0 South Run
Somerset-Olde Creek,Week5,Kings Ridge ,Week2,232.0 Kings Ridge - 165.0 Somerset-Olde Creek
Somerset-Olde Creek,Week3,Stratford,Week2,281.0 Stratford - 116.0 Somerset-Olde Creek
South Run,Week3,Dowden Terrace,Week5,245.0 Dowden Terrace - 157.0 South Run
South Run,Week5,Donaldson Run,Week1,258.0 Donaldson Run - 144.0 South Run
Somerset-Olde Creek,Week1,Brookfield ,Week2,299.0 Brookfield - 103.0 Somerset-Olde Creek
Somerset-Olde Creek,Week4,Poplar Heights,Week3,344.0 Poplar Heights - 58.0 Somerset-Olde Creek
Somerset-Olde Creek,Week5,Kings Ridge ,Week3,231.0 Kings Ridge - 165.0 Somerset-Olde Creek
Somerset-Olde Creek,Week1,Brookfield ,Week3,305.0 Brookfield - 95.0 Somerset-Olde Creek
South Run,Week3,Arlington Forest,Week5,232.0 Arlington Forest - 170.0 South Run
South Run,Week5,Donaldson Run,Week4,269.0 Donaldson Run - 133.0 South Run
South Run,Week4,Donaldson Run,Week3,297.0 Donaldson Run - 105.0 South Run
Somerset-Olde Creek,Week4,Poplar Heights,Week2,329.0 Poplar Heights - 72.0 Somerset-Olde Creek
Sleepy Hollow Rec,Week5,Shouse Village,Week5,258.0 Shouse Village - 144.0 Sleepy Hollow Rec
Somerset-Olde Creek,Week3,Lake Braddock,Week3,267.0 Lake Braddock - 130.0 Somerset-Olde Creek
Somerset-Olde Creek,Week4,Pleasant Valley,Week3,231.5 Pleasant Valley - 169.5 Somerset-Olde Creek
Sleepy Hollow Rec,Week1,Sideburn Run,Week1,257.0 Sideburn Run - 145.0 Sleepy Hollow Rec
South Run,Week1,Arlington Forest,Week1,208.0 Arlington Forest - 185.0 South Run
Somerset-Olde Creek,Week4,Stratford,Week5,281.0 Stratford - 120.0 Somerset-Olde Creek
Sleepy Hollow Rec,Week4,Shouse Village,Week4,280.0 Shouse Village - 122.0 Sleepy Hollow Rec
Somerset-Olde Creek,Week1,Poplar Tree,Week3,329.0 Poplar Tree - 72.0 Somerset-Olde Creek
South Run,Week4,Arlington Forest,Week2,222.0 Arlington Forest - 180.0 South Run
Somerset-Olde Creek,Week1,Lake Braddock,Week4,265.0 Lake Braddock - 132.0 Somerset-Olde Creek
Sleepy Hollow Rec,Week3,Shouse Village,Week1,230.0 Shouse Village - 172.0 Sleepy Hollow Rec
Somerset-Olde Creek,Week2,Brookfield ,Week2,312.0 Brookfield - 90.0 Somerset-Olde Creek
Somerset-Olde Creek,Week1,Lakevale Estates,Week2,344.0 Lakevale Estates - 58.0 Somerset-Olde Creek
Somerset-Olde Creek,Week5,Brookfield ,Week1,307.0 Brookfield - 95.0 Somerset-Olde Creek
Somerset-Olde Creek,Week4,Stratford,Week4,287.5 Stratford - 114.5 Somerset-Olde Creek
Somerset-Olde Creek,Week2,Stratford,Week2,291.0 Stratford - 106.0 Somerset-Olde Creek
Sleepy Hollow Rec,Week3,Shouse Village,Week4,262.0 Shouse Village - 140.0 Sleepy Hollow Rec
South Run,Week3,Arlington Forest,Week1,224.0 Arlington Forest - 178.0 South Run
Sleepy Hollow Rec,Week3,Hunt Valley,Week3,335.0 Hunt Valley - 67.0 Sleepy Hollow Rec
South Run,Week4,Donaldson Run,Week5,320.5 Donaldson Run - 81.5 South Run
Somerset-Olde Creek,Week4,Stratford,Week3,274.0 Stratford - 128.0 Somerset-Olde Creek
Somerset-Olde Creek,Week1,Poplar Heights,Week3,347.0 Poplar Heights - 55.0 Somerset-Olde Creek
South Run,Week3,Arlington Forest,Week4,226.0 Arlington Forest - 176.0 South Run
Somerset-Olde Creek,Week3,Bren Mar-Edsall Park,Week1,239.0 Somerset-Olde Creek - 155.0 Bren Mar-Edsall Park
Somerset-Olde Creek,Week3,Lakevale Estates,Week3,336.0 Lakevale Estates - 61.0 Somerset-Olde Creek
Sleepy Hollow Rec,Week1,Sideburn Run,Week5,268.0 Sideburn Run - 134.0 Sleepy Hollow Rec
South Run,Week2,Dowden Terrace,Week3,220.0 Dowden Terrace - 182.0 South Run
South Run,Week5,Annandale,Week4,272.0 South Run - 130.0 Annandale
Somerset-Olde Creek,Week3,Stratford,Week4,305.0 Stratford - 96.0 Somerset-Olde Creek
South Run,Week5,Donaldson Run,Week2,268.5 Donaldson Run - 133.5 South Run
Somerset-Olde Creek,Week3,Lakevale Estates,Week2,344.0 Lakevale Estates - 58.0 Somerset-Olde Creek
South Run,Week3,Dowden Terrace,Week2,217.0 Dowden Terrace - 185.0 South Run
South Run,Week4,Arlington Forest,Week5,241.0 Arlington Forest - 161.0 South Run
South Run,Week1,Arlington Forest,Week3,208.0 South Run - 184.0 Arlington Forest
Somerset-Olde Creek,Week2,Lakevale Estates,Week3,344.0 Lakevale Estates - 53.0 Somerset-Olde Creek
Somerset-Olde Creek,Week1,Poplar Heights,Week1,326.0 Poplar Heights - 75.0 Somerset-Olde Creek
Somerset-Olde Creek,Week2,Stratford,Week3,292.0 Stratford - 110.0 Somerset-Olde Creek
Somerset-Olde Creek,Week2,Bren Mar-Edsall Park,Week4,198.0 Bren Mar-Edsall Park - 193.0 Somerset-Olde Creek
Somerset-Olde Creek,Week2,Poplar Heights,Week2,345.0 Poplar Heights - 56.0 Somerset-Olde Creek
Somerset-Olde Creek,Week3,Bren Mar-Edsall Park,Week4,214.0 Somerset-Olde Creek - 171.0 Bren Mar-Edsall Park
Sleepy Hollow Rec,Week5,Shouse Village,Week1,231.0 Shouse Village - 171.0 Sleepy Hollow Rec
Somerset-Olde Creek,Week5,Stratford,Week3,252.0 Stratford - 150.0 Somerset-Olde Creek
Sleepy Hollow Rec,Week2,Sideburn Run,Week5,276.0 Sideburn Run - 126.0 Sleepy Hollow Rec
Springfield,Week3,Dominion Hills,Week4,359.0 Dominion Hills - 36.0 Springfield
Springboard,Week1,Sideburn Run,Week2,259.0 Sideburn Run - 142.0 Springboard
Springboard,Week1,Sideburn Run,Week3,266.0 Sideburn Run - 135.0 Springboard
South Run,Week5,Vienna Woods,Week5,298.0 Vienna Woods - 104.0 South Run
Springboard,Week4,Shouse Village,Week4,289.0 Shouse Village - 112.0 Springboard
Springboard,Week5,Lee Graham,Week1,333.0 Lee Graham - 69.0 Springboard
Springboard,Week3,Lake Braddock,Week1,239.0 Springboard - 161.0 Lake Braddock
Springboard,Week2,Sideburn Run,Week3,289.5 Sideburn Run - 111.5 Springboard
Springboard,Week5,Lake Braddock,Week4,227.0 Springboard - 174.0 Lake Braddock
Springboard,Week1,Fair Oaks ,Week3,294.0 Fair Oaks - 108.0 Springboard
Springboard,Week3,Lincolnia Park,Week4,254.0 Springboard - 143.0 Lincolnia Park
South Run,Week5,Vienna Woods,Week2,285.0 Vienna Woods - 117.0 South Run
Springboard,Week3,Sideburn Run,Week1,267.0 Sideburn Run - 135.0 Springboard
Springfield,Week3,Dominion Hills,Week2,366.0 Dominion Hills - 36.0 Springfield
Springboard,Week1,Shouse Village,Week3,273.0 Shouse Village - 129.0 Springboard
Springboard,Week5,Lake Braddock,Week5,215.0 Springboard - 186.0 Lake Braddock
South Run,Week1,Highlands Swim,Week4,272.0 Highlands Swim - 121.0 South Run
Springboard,Week1,Fair Oaks ,Week4,278.0 Fair Oaks - 123.0 Springboard
Springfield,Week5,Dominion Hills,Week4,372.0 Dominion Hills - 29.0 Springfield
Springboard,Week3,Fair Oaks ,Week1,294.0 Fair Oaks - 108.0 Springboard
Springboard,Week5,Lincolnia Park,Week2,251.0 Springboard - 138.0 Lincolnia Park
South Run,Week4,Vienna Woods,Week5,332.0 Vienna Woods - 70.0 South Run
South Run,Week5,Highlands Swim,Week5,295.0 Highlands Swim - 107.0 South Run
Springboard,Week5,Lincolnia Park,Week4,258.0 Springboard - 139.0 Lincolnia Park
Springboard,Week4,Lincolnia Park,Week5,222.0 Springboard - 170.0 Lincolnia Park
South Run,Week3,Vienna Woods,Week4,297.0 Vienna Woods - 105.0 South Run
Springboard,Week5,Lake Braddock,Week3,233.0 Springboard - 168.0 Lake Braddock
Springboard,Week4,Fair Oaks ,Week2,258.0 Fair Oaks - 144.0 Springboard
Springboard,Week3,Lincolnia Park,Week2,248.0 Springboard - 139.0 Lincolnia Park
Springboard,Week2,Fair Oaks ,Week4,303.0 Fair Oaks - 98.0 Springboard
South Run,Week1,Highlands Swim,Week3,264.0 Highlands Swim - 129.0 South Run
Springboard,Week2,Lincolnia Park,Week1,233.0 Springboard - 159.0 Lincolnia Park
Springboard,Week1,Lake Braddock,Week1,241.0 Springboard - 159.0 Lake Braddock
Springboard,Week5,Fair Oaks ,Week4,265.0 Fair Oaks - 136.0 Springboard
Springboard,Week3,Lincolnia Park,Week3,207.0 Springboard - 178.0 Lincolnia Park
South Run,Week3,Highlands Swim,Week2,308.0 Highlands Swim - 94.0 South Run
Springboard,Week2,Lake Braddock,Week2,210.0 Springboard - 191.0 Lake Braddock
Springboard,Week4,Lake Braddock,Week5,203.0 Lake Braddock - 198.0 Springboard
Springfield,Week4,Dominion Hills,Week4,362.0 Dominion Hills - 40.0 Springfield
Springboard,Week3,Sideburn Run,Week4,276.0 Sideburn Run - 125.0 Springboard
Springfield,Week5,Dominion Hills,Week3,366.0 Dominion Hills - 36.0 Springfield
Springboard,Week2,Fair Oaks ,Week2,272.0 Fair Oaks - 129.0 Springboard
Springboard,Week5,Lake Braddock,Week2,229.0 Springboard - 172.0 Lake Braddock
South Run,Week1,Villa Aquatic,Week4,198.0 South Run - 195.0 Villa Aquatic
Springboard,Week1,Sideburn Run,Week1,269.0 Sideburn Run - 133.0 Springboard
Springboard,Week3,Sideburn Run,Week3,274.0 Sideburn Run - 127.0 Springboard
Springboard,Week2,Fair Oaks ,Week1,314.0 Fair Oaks - 88.0 Springboard
Springboard,Week1,Lake Braddock,Week5,201.0 Springboard - 199.0 Lake Braddock
Springboard,Week1,Lincolnia Park,Week1,261.0 Springboard - 132.0 Lincolnia Park
South Run,Week3,Vienna Woods,Week2,310.0 Vienna Woods - 91.0 South Run
Springboard,Week4,Fair Oaks ,Week1,283.0 Fair Oaks - 119.0 Springboard
Springboard,Week1,Sideburn Run,Week5,277.0 Sideburn Run - 124.0 Springboard
Springboard,Week4,Shouse Village,Week2,261.0 Shouse Village - 140.0 Springboard
South Run,Week1,Highlands Swim,Week5,280.0 Highlands Swim - 113.0 South Run
Springfield,Week3,Dominion Hills,Week3,354.0 Dominion Hills - 47.0 Springfield
Springboard,Week5,Fair Oaks ,Week1,271.0 Fair Oaks - 131.0 Springboard
Springboard,Week5,Lee Graham,Week5,322.0 Lee Graham - 80.0 Springboard
Springboard,Week5,Fair Oaks ,Week2,245.0 Fair Oaks - 156.0 Springboard
South Run,Week1,Villa Aquatic,Week3,214.0 Villa Aquatic - 179.0 South Run
Springboard,Week2,Sideburn Run,Week4,292.0 Sideburn Run - 109.0 Springboard
South Run,Week2,Villa Aquatic,Week1,207.0 South Run - 195.0 Villa Aquatic
South Run,Week2,Villa Aquatic,Week3,239.0 Villa Aquatic - 163.0 South Run
Springboard,Week1,Lake Braddock,Week3,211.0 Springboard - 189.0 Lake Braddock
Springboard,Week4,Lincolnia Park,Week3,214.0 Springboard - 173.0 Lincolnia Park
Springboard,Week2,Shouse Village,Week4,293.0 Shouse Village - 108.0 Springboard
Springboard,Week3,Fair Oaks ,Week3,291.0 Fair Oaks - 111.0 Springboard
Springboard,Week2,Fairfax,Week3,353.0 Fairfax - 45.0 Springboard
Springboard,Week5,Lincolnia Park,Week1,264.0 Springboard - 135.0 Lincolnia Park
Springfield,Week2,Dominion Hills,Week5,366.0 Dominion Hills - 29.0 Springfield
South Run,Week5,Vienna Woods,Week3,287.0 Vienna Woods - 115.0 South Run
Springfield,Week4,Dominion Hills,Week1,348.0 Dominion Hills - 49.0 Springfield
Springboard,Week1,Lakevale Estates,Week5,339.0 Lakevale Estates - 63.0 Springboard
Springboard,Week4,Shouse Village,Week3,269.0 Shouse Village - 133.0 Springboard
Springboard,Week5,Lincolnia Park,Week3,219.0 Springboard - 169.0 Lincolnia Park
South Run,Week3,Villa Aquatic,Week4,215.0 Villa Aquatic - 187.0 South Run
Springboard,Week4,Lake Braddock,Week2,224.5 Springboard - 176.5 Lake Braddock
Springboard,Week2,Lincolnia Park,Week4,224.0 Springboard - 168.0 Lincolnia Park
Springfield,Week4,Dominion Hills,Week2,357.0 Dominion Hills - 45.0 Springfield
Springboard,Week4,Lincolnia Park,Week2,245.0 Springboard - 142.0 Lincolnia Park
Springboard,Week3,Shouse Village,Week4,291.0 Shouse Village - 111.0 Springboard
Springboard,Week5,Lake Braddock,Week1,245.0 Springboard - 156.0 Lake Braddock
South Run,Week4,Vienna Woods,Week3,329.5 Vienna Woods - 72.5 South Run
Springboard,Week3,Lake Braddock,Week5,209.0 Springboard - 192.0 Lake Braddock
Springboard,Week2,Shouse Village,Week1,276.0 Shouse Village - 126.0 Springboard
Springfield,Week5,Dominion Hills,Week1,372.0 Dominion Hills - 24.0 Springfield
Springfield,Week4,Dominion Hills,Week3,350.0 Dominion Hills - 51.0 Springfield
Springfield,Week3,Dominion Hills,Week1,356.0 Dominion Hills - 40.0 Springfield
Springfield,Week4,Dominion Hills,Week5,367.0 Dominion Hills - 34.0 Springfield
Springfield,Week5,Dominion Hills,Week2,376.0 Dominion Hills - 26.0 Springfield
Springfield,Week3,Dominion Hills,Week5,362.0 Dominion Hills - 32.0 Springfield
Springfield,Week5,Dominion Hills,Week5,380.0 Dominion Hills - 17.0 Springfield
Springboard,Week1,Lincolnia Park,Week2,249.0 Springboard - 135.0 Lincolnia Park
Springboard,Week3,Lake Braddock,Week2,221.0 Springboard - 180.0 Lake Braddock
South Run,Week2,Villa Aquatic,Week2,208.0 Villa Aquatic - 194.0 South Run
South Run,Week1,Villa Aquatic,Week1,210.5 South Run - 182.5 Villa Aquatic
Springboard,Week1,Fair Oaks ,Week5,290.0 Fair Oaks - 111.0 Springboard
Springboard,Week5,Fair Oaks ,Week5,286.0 Fair Oaks - 115.0 Springboard
Springboard,Week4,Fair Oaks ,Week3,294.0 Fair Oaks - 108.0 Springboard
South Run,Week5,Vienna Woods,Week4,279.0 Vienna Woods - 123.0 South Run
Springboard,Week4,Lake Braddock,Week1,242.0 Springboard - 160.0 Lake Braddock
Springfield,Week1,Donaldson Run,Week1,384.0 Donaldson Run - 18.0 Springfield
South Run,Week5,Highland Park,Week5,211.0 Highland Park - 191.0 South Run
Springboard,Week1,Lakevale Estates,Week1,307.0 Lakevale Estates - 95.0 Springboard
South Run,Week3,Vienna Woods,Week5,326.0 Vienna Woods - 76.0 South Run
South Run,Week2,Villa Aquatic,Week5,223.0 Villa Aquatic - 179.0 South Run
Springboard,Week4,Sideburn Run,Week1,256.0 Sideburn Run - 146.0 Springboard
Springboard,Week3,Fair Oaks ,Week2,250.0 Fair Oaks - 151.0 Springboard
Springboard,Week4,Sideburn Run,Week2,259.0 Sideburn Run - 143.0 Springboard
Springfield,Week1,Donaldson Run,Week4,382.0 Donaldson Run - 18.0 Springfield
South Run,Week2,Highlands Swim,Week4,296.0 Highlands Swim - 106.0 South Run
Springboard,Week3,Lincolnia Park,Week1,264.0 Springboard - 133.0 Lincolnia Park
Springboard,Week4,Lincolnia Park,Week4,259.0 Springboard - 128.0 Lincolnia Park
Springboard,Week1,Lakevale Estates,Week2,324.0 Lakevale Estates - 78.0 Springboard
South Run,Week3,Highlands Swim,Week1,294.0 Highlands Swim - 108.0 South Run
Springboard,Week4,Lincolnia Park,Week1,265.0 Springboard - 128.0 Lincolnia Park
Springboard,Week3,Lake Braddock,Week4,215.0 Springboard - 186.0 Lake Braddock
Springboard,Week5,Fair Oaks ,Week3,286.0 Fair Oaks - 116.0 Springboard
South Run,Week4,Villa Aquatic,Week1,202.0 Villa Aquatic - 200.0 South Run
Springfield,Week1,Dowden Terrace,Week4,355.0 Dowden Terrace - 42.0 Springfield
Springboard,Week4,Fair Oaks ,Week4,277.0 Fair Oaks - 125.0 Springboard
Springfield,Week5,Donaldson Run,Week2,387.0 Donaldson Run - 14.0 Springfield
Springboard,Week1,Lake Braddock,Week2,220.0 Springboard - 180.0 Lake Braddock
Springboard,Week1,Lakevale Estates,Week4,340.0 Lakevale Estates - 62.0 Springboard
Springboard,Week3,Fair Oaks ,Week5,299.0 Fair Oaks - 102.0 Springboard
Springboard,Week4,Sideburn Run,Week5,282.0 Sideburn Run - 120.0 Springboard
South Run,Week2,Highlands Swim,Week5,313.0 Highlands Swim - 89.0 South Run
Springboard,Week3,Lincolnia Park,Week5,232.0 Springboard - 153.0 Lincolnia Park
South Run,Week4,Highlands Swim,Week1,302.0 Highlands Swim - 100.0 South Run
South Run,Week3,Villa Aquatic,Week5,219.0 Villa Aquatic - 183.0 South Run
South Run,Week4,Villa Aquatic,Week2,222.0 Villa Aquatic - 180.0 South Run
Springboard,Week2,Lincolnia Park,Week2,224.0 Springboard - 159.0 Lincolnia Park
Springboard,Week5,Sideburn Run,Week5,289.0 Sideburn Run - 112.0 Springboard
Springboard,Week5,Lincolnia Park,Week5,235.0 Springboard - 153.0 Lincolnia Park
South Run,Week3,Villa Aquatic,Week2,203.0 Villa Aquatic - 199.0 South Run
South Run,Week3,Highlands Swim,Week3,293.0 Highlands Swim - 109.0 South Run
Springfield,Week3,Donaldson Run,Week5,386.0 Donaldson Run - 16.0 Springfield
Springfield,Week1,Donaldson Run,Week2,384.0 Donaldson Run - 17.0 Springfield
Springboard,Week1,Fairfax,Week1,327.0 Fairfax - 75.0 Springboard
Springboard,Week1,Sleepy Hollow B & R,Week1,293.0 Sleepy Hollow B & R - 109.0 Springboard
Springboard,Week2,Lincolnia Park,Week5,201.0 Springboard - 183.0 Lincolnia Park
Springboard,Week1,Sleepy Hollow B & R,Week4,306.0 Sleepy Hollow B & R - 96.0 Springboard
Springboard,Week4,Lake Braddock,Week3,216.0 Springboard - 185.0 Lake Braddock
Springboard,Week1,Fairfax,Week2,334.0 Fairfax - 68.0 Springboard
South Run,Week4,Villa Aquatic,Week3,241.0 Villa Aquatic - 161.0 South Run
South Run,Week5,Highlands Swim,Week1,281.0 Highlands Swim - 121.0 South Run
Springboard,Week4,Sideburn Run,Week3,271.0 Sideburn Run - 131.0 Springboard
Springboard,Week2,Fairfax,Week1,347.0 Fairfax - 55.0 Springboard
Springboard,Week1,Fairfax,Week5,348.0 Fairfax - 50.0 Springboard
Springboard,Week1,Lake Braddock,Week4,209.0 Springboard - 191.0 Lake Braddock
Springboard,Week2,Lincolnia Park,Week3,193.0 Springboard - 187.0 Lincolnia Park
South Run,Week3,Village West,Week4,251.0 South Run - 145.0 Village West
Springfield,Week1,Dowden Terrace,Week1,348.0 Dowden Terrace - 50.0 Springfield
Springboard,Week1,Fairfax,Week3,328.0 Fairfax - 70.0 Springboard
Springfield,Week5,Donaldson Run,Week1,392.0 Donaldson Run - 9.0 Springfield
South Run,Week4,Highlands Swim,Week3,304.0 Highlands Swim - 98.0 South Run
Springfield,Week4,Donaldson Run,Week4,381.0 Donaldson Run - 19.0 Springfield
South Run,Week2,Highlands Swim,Week3,287.0 Highlands Swim - 115.0 South Run
Springboard,Week2,Lake Braddock,Week3,208.5 Lake Braddock - 192.5 Springboard
Springboard,Week5,Sideburn Run,Week1,264.0 Sideburn Run - 138.0 Springboard
Springboard,Week1,Lincolnia Park,Week3,212.0 Springboard - 173.0 Lincolnia Park
South Run,Week5,Villa Aquatic,Week5,206.0 Villa Aquatic - 196.0 South Run
Springboard,Week2,Sleepy Hollow B & R,Week1,324.0 Sleepy Hollow B & R - 78.0 Springboard
South Run,Week5,Village West,Week3,260.0 South Run - 142.0 Village West
South Run,Week5,Highlands Swim,Week2,280.0 Highlands Swim - 122.0 South Run
Springboard,Week2,Fairfax,Week4,350.0 Fairfax - 48.0 Springboard
South Run,Week5,Village West,Week1,278.0 South Run - 124.0 Village West
Springfield,Week2,Donaldson Run,Week5,387.0 Donaldson Run - 10.0 Springfield
South Run,Week3,Highlands Swim,Week4,294.0 Highlands Swim - 108.0 South Run
Springboard,Week2,Lake Braddock,Week4,211.0 Lake Braddock - 190.0 Springboard
Springboard,Week1,Fairfax,Week4,328.0 Fairfax - 70.0 Springboard
South Run,Week4,Highlands Swim,Week4,301.0 Highlands Swim - 101.0 South Run
South Run,Week3,Springfield,Week2,339.0 South Run - 60.0 Springfield
Springboard,Week2,Lake Braddock,Week1,210.0 Springboard - 185.0 Lake Braddock
South Run,Week5,Villa Aquatic,Week3,213.0 Villa Aquatic - 189.0 South Run
Springboard,Week2,Lake Braddock,Week5,229.0 Lake Braddock - 172.0 Springboard
Springboard,Week3,Little Hunting Park,Week2,211.0 Little Hunting Park - 187.0 Springboard
Springboard,Week1,Lincolnia Park,Week4,250.5 Springboard - 142.5 Lincolnia Park
Springfield,Week3,Donaldson Run,Week1,385.0 Donaldson Run - 16.0 Springfield
South Run,Week2,Highlands Swim,Week2,303.0 Highlands Swim - 99.0 South Run
Springboard,Week1,Sleepy Hollow B & R,Week5,332.0 Sleepy Hollow B & R - 69.0 Springboard
Springboard,Week1,Lincolnia Park,Week5,224.0 Springboard - 161.0 Lincolnia Park
Springboard,Week4,Lake Braddock,Week4,222.0 Springboard - 179.0 Lake Braddock
Springboard,Week3,Lake Braddock,Week3,216.0 Springboard - 185.0 Lake Braddock
Springfield,Week1,Dowden Terrace,Week3,359.0 Dowden Terrace - 43.0 Springfield
South Run,Week1,Village West,Week2,270.0 South Run - 122.0 Village West
Springfield,Week1,Dowden Terrace,Week2,346.0 Dowden Terrace - 51.0 Springfield
South Run,Week4,Riverside Gardens,Week5,285.0 Riverside Gardens - 117.0 South Run
South Run,Week1,Village West,Week1,263.0 South Run - 129.0 Village West
Springboard,Week1,Sleepy Hollow B & R,Week3,313.0 Sleepy Hollow B & R - 88.0 Springboard
Springboard,Week2,Sleepy Hollow B & R,Week2,341.0 Sleepy Hollow B & R - 60.0 Springboard
South Run,Week1,Highlands Swim,Week2,273.0 Highlands Swim - 120.0 South Run
Springboard,Week4,Little Hunting Park,Week3,216.5 Little Hunting Park - 185.5 Springboard
Springboard,Week2,Fairfax,Week2,356.0 Fairfax - 46.0 Springboard
South Run,Week4,Rolling Forest,Week1,213.0 Rolling Forest - 189.0 South Run
Springboard,Week2,Little Hunting Park,Week5,265.0 Little Hunting Park - 136.0 Springboard
Springfield,Week2,Donaldson Run,Week3,386.0 Donaldson Run - 16.0 Springfield
South Run,Week3,Springfield,Week5,351.0 South Run - 49.0 Springfield
Springboard,Week1,Lakevale Estates,Week3,318.0 Lakevale Estates - 84.0 Springboard
Springboard,Week2,Sleepy Hollow B & R,Week3,336.0 Sleepy Hollow B & R - 66.0 Springboard
Springboard,Week5,Fairfax,Week2,331.0 Fairfax - 71.0 Springboard
South Run,Week2,Village West,Week1,258.0 South Run - 143.0 Village West
South Run,Week4,Springboard,Week5,235.0 South Run - 163.0 Springboard
Springboard,Week2,Sleepy Hollow B & R,Week4,331.0 Sleepy Hollow B & R - 71.0 Springboard
South Run,Week4,Riverside Gardens,Week4,290.0 Riverside Gardens - 112.0 South Run
South Run,Week2,Highlands Swim,Week1,309.0 Highlands Swim - 93.0 South Run
South Run,Week5,Riverside Gardens,Week5,262.0 Riverside Gardens - 140.0 South Run
Springboard,Week5,Little Hunting Park,Week1,210.0 Little Hunting Park - 183.0 Springboard
South Run,Week4,Springfield,Week3,315.0 South Run - 72.0 Springfield
Springboard,Week3,Fairfax,Week4,330.0 Fairfax - 68.0 Springboard
Springboard,Week5,Sideburn Run,Week3,265.0 Sideburn Run - 136.0 Springboard
Springboard,Week3,Fairfax,Week5,343.0 Fairfax - 55.0 Springboard
Springfield,Week3,Donaldson Run,Week4,382.0 Donaldson Run - 18.0 Springfield
Springboard,Week2,Lakevale Estates,Week5,360.0 Lakevale Estates - 42.0 Springboard
South Run,Week4,Village West,Week4,241.0 South Run - 155.0 Village West
Springboard,Week2,Fairfax Club Estates,Week1,264.0 Fairfax Club Estates - 131.0 Springboard
South Run,Week1,Springfield,Week1,327.0 South Run - 61.0 Springfield
South Run,Week4,Highlands Swim,Week2,313.0 Highlands Swim - 89.0 South Run
South Run,Week1,Rolling Forest,Week1,204.0 South Run - 189.0 Rolling Forest
Springboard,Week2,Sleepy Hollow B & R,Week5,335.0 Sleepy Hollow B & R - 67.0 Springboard
Springfield,Week4,Donaldson Run,Week1,379.5 Donaldson Run - 22.5 Springfield
Springboard,Week1,Little Hunting Park,Week3,214.0 Little Hunting Park - 186.0 Springboard
Springboard,Week3,Lakevale Estates,Week1,319.0 Lakevale Estates - 83.0 Springboard
South Run,Week3,Springfield,Week3,342.0 South Run - 55.0 Springfield
South Run,Week5,Villa Aquatic,Week2,210.0 South Run - 192.0 Villa Aquatic
South Run,Week1,Stratford,Week1,237.5 South Run - 148.5 Stratford
South Run,Week5,Riverside Gardens,Week4,261.0 Riverside Gardens - 141.0 South Run
Springboard,Week2,Little Rocky Run,Week2,361.0 Little Rocky Run - 41.0 Springboard
South Run,Week1,Highlands Swim,Week1,273.0 Highlands Swim - 120.0 South Run
Springfield,Week5,Donaldson Run,Week4,387.0 Donaldson Run - 12.0 Springfield
South Run,Week1,Village West,Week3,232.0 South Run - 161.0 Village West
Springboard,Week3,Sleepy Hollow B & R,Week2,316.0 Sleepy Hollow B & R - 85.0 Springboard
Springboard,Week3,Sleepy Hollow B & R,Week1,288.0 Sleepy Hollow B & R - 114.0 Springboard
Springboard,Week3,Lakevale Estates,Week4,339.0 Lakevale Estates - 63.0 Springboard
Springfield,Week4,Dowden Terrace,Week4,342.0 Dowden Terrace - 55.0 Springfield
Springfield,Week1,Donaldson Run,Week5,386.0 Donaldson Run - 16.0 Springfield
South Run,Week2,Springfield,Week3,322.0 South Run - 59.0 Springfield
Springboard,Week1,Little Rocky Run,Week5,350.0 Little Rocky Run - 52.0 Springboard
Springboard,Week2,Fairfax,Week5,364.0 Fairfax - 34.0 Springboard
South Run,Week5,Highlands Swim,Week3,272.0 Highlands Swim - 130.0 South Run
South Run,Week2,Village West,Week4,244.0 South Run - 152.0 Village West
South Run,Week4,Riverside Gardens,Week2,251.0 Riverside Gardens - 151.0 South Run
Springboard,Week5,Fairfax,Week5,347.0 Fairfax - 51.0 Springboard
Springboard,Week4,Fairfax,Week4,334.0 Fairfax - 67.0 Springboard
South Run,Week3,Highlands Swim,Week5,314.0 Highlands Swim - 88.0 South Run
South Run,Week3,Rolling Forest,Week2,204.0 Rolling Forest - 198.0 South Run
South Run,Week1,Springfield,Week4,326.0 South Run - 63.0 Springfield
Springboard,Week3,Fairfax Club Estates,Week4,236.0 Fairfax Club Estates - 162.0 Springboard
Springboard,Week1,Little Hunting Park,Week5,258.0 Little Hunting Park - 142.0 Springboard
South Run,Week2,Village West,Week3,218.5 South Run - 183.5 Village West
Springboard,Week4,Sideburn Run,Week4,273.0 Sideburn Run - 129.0 Springboard
Springboard,Week3,Lakevale Estates,Week5,339.0 Lakevale Estates - 63.0 Springboard
Springboard,Week3,Sleepy Hollow B & R,Week5,330.5 Sleepy Hollow B & R - 71.5 Springboard
Springboard,Week1,Little Rocky Run,Week3,350.0 Little Rocky Run - 52.0 Springboard
South Run,Week4,Highlands Swim,Week5,316.0 Highlands Swim - 81.0 South Run
South Run,Week2,Springfield,Week1,324.0 South Run - 71.0 Springfield
South Run,Week3,Rolling Forest,Week1,218.5 Rolling Forest - 183.5 South Run
South Run,Week5,Villa Aquatic,Week4,205.0 South Run - 197.0 Villa Aquatic
Springboard,Week4,Lakevale Estates,Week1,307.0 Lakevale Estates - 90.0 Springboard
South Run,Week1,Rolling Forest,Week4,207.0 South Run - 186.0 Rolling Forest
Springfield,Week4,Donaldson Run,Week3,385.0 Donaldson Run - 17.0 Springfield
Springboard,Week5,Little Hunting Park,Week4,211.0 Little Hunting Park - 187.0 Springboard
Springboard,Week3,Lakevale Estates,Week2,328.0 Lakevale Estates - 74.0 Springboard
Springboard,Week4,Lakevale Estates,Week5,337.0 Lakevale Estates - 65.0 Springboard
Springfield,Week2,Donaldson Run,Week4,383.0 Donaldson Run - 17.0 Springfield
South Run,Week5,Springboard,Week3,263.0 South Run - 138.0 Springboard
Springboard,Week4,Lakevale Estates,Week2,316.0 Lakevale Estates - 86.0 Springboard
Springboard,Week4,Lakevale Estates,Week4,336.0 Lakevale Estates - 66.0 Springboard
Springboard,Week3,Little Rocky Run,Week1,328.0 Little Rocky Run - 74.0 Springboard
South Run,Week2,Rolling Forest,Week4,223.0 Rolling Forest - 179.0 South Run
South Run,Week1,Village West,Week4,252.0 South Run - 135.0 Village West
South Run,Week5,Highlands Swim,Week4,279.0 Highlands Swim - 123.0 South Run
Springfield,Week4,Donaldson Run,Week5,382.0 Donaldson Run - 20.0 Springfield
South Run,Week3,Village West,Week1,265.0 South Run - 136.0 Village West
Springfield,Week3,Donaldson Run,Week2,382.0 Donaldson Run - 19.0 Springfield
Springboard,Week1,Little Rocky Run,Week4,333.0 Little Rocky Run - 69.0 Springboard
Springboard,Week3,Sleepy Hollow B & R,Week3,303.0 Sleepy Hollow B & R - 99.0 Springboard
South Run,Week4,Springfield,Week1,317.0 South Run - 76.0 Springfield
Springboard,Week3,Sleepy Hollow B & R,Week4,316.0 Sleepy Hollow B & R - 86.0 Springboard
Springboard,Week3,Fairfax,Week1,320.0 Fairfax - 82.0 Springboard
Springboard,Week3,Fairfax Club Estates,Week5,227.0 Fairfax Club Estates - 166.0 Springboard
Springboard,Week2,Lakevale Estates,Week4,359.0 Lakevale Estates - 43.0 Springboard
South Run,Week5,Springboard,Week2,291.0 South Run - 110.0 Springboard
South Run,Week5,Riverside Gardens,Week2,221.0 Riverside Gardens - 181.0 South Run
South Run,Week4,Springfield,Week2,311.0 South Run - 75.0 Springfield
South Run,Week2,Village West,Week2,255.0 South Run - 146.0 Village West
South Run,Week1,Rolling Hills,Week4,215.0 South Run - 169.0 Rolling Hills
Springboard,Week3,Fairfax,Week3,321.0 Fairfax - 77.0 Springboard
Springboard,Week5,Sideburn Run,Week2,256.0 Sideburn Run - 145.0 Springboard
Springfield,Week1,Donaldson Run,Week3,387.0 Donaldson Run - 15.0 Springfield
Springboard,Week5,Sideburn Run,Week4,271.0 Sideburn Run - 130.0 Springboard
South Run,Week3,Rolling Forest,Week3,233.0 Rolling Forest - 169.0 South Run
Springboard,Week4,Sleepy Hollow B & R,Week1,291.0 Sleepy Hollow B & R - 111.0 Springboard
Springboard,Week4,Little Hunting Park,Week5,232.0 Little Hunting Park - 170.0 Springboard
Springboard,Week4,Little Hunting Park,Week1,210.0 Little Hunting Park - 188.0 Springboard
Springboard,Week4,Fairfax,Week5,349.0 Fairfax - 52.0 Springboard
South Run,Week5,Villa Aquatic,Week1,221.0 South Run - 181.0 Villa Aquatic
South Run,Week4,Villa Aquatic,Week5,227.0 Villa Aquatic - 175.0 South Run
Springboard,Week2,Lakevale Estates,Week2,344.0 Lakevale Estates - 58.0 Springboard
Springfield,Week3,Donaldson Run,Week3,385.0 Donaldson Run - 17.0 Springfield
Springboard,Week4,Fairfax Club Estates,Week1,233.0 Fairfax Club Estates - 168.0 Springboard
Springboard,Week5,Little Hunting Park,Week2,209.0 Little Hunting Park - 189.0 Springboard
South Run,Week2,Village West,Week5,233.0 South Run - 163.0 Village West
Springboard,Week4,Orange Hunt,Week5,301.0 Orange Hunt - 100.0 Springboard
Springfield,Week5,Donaldson Run,Week3,392.0 Donaldson Run - 10.0 Springfield
South Run,Week5,Springfield,Week1,347.0 South Run - 54.0 Springfield
South Run,Week1,Rolling Forest,Week3,198.0 Rolling Forest - 195.0 South Run
South Run,Week4,Riverside Gardens,Week3,279.0 Riverside Gardens - 123.0 South Run
Springboard,Week5,Little Hunting Park,Week3,204.0 Little Hunting Park - 197.0 Springboard
South Run,Week1,Springfield,Week2,321.0 South Run - 62.0 Springfield
Springboard,Week2,Lakevale Estates,Week1,337.0 Lakevale Estates - 65.0 Springboard
Springboard,Week1,Sleepy Hollow B & R,Week2,297.0 Sleepy Hollow B & R - 104.0 Springboard
Springboard,Week3,Lakevale Estates,Week3,321.0 Lakevale Estates - 81.0 Springboard
Springboard,Week1,Fairfax Club Estates,Week2,227.0 Fairfax Club Estates - 170.0 Springboard
Springfield,Week5,Donaldson Run,Week5,391.0 Donaldson Run - 11.0 Springfield
Springboard,Week4,Fairfax,Week3,319.0 Fairfax - 82.0 Springboard
Springboard,Week3,Overlee,Week3,368.0 Overlee - 34.0 Springboard
Springfield,Week2,Dowden Terrace,Week1,344.0 Dowden Terrace - 52.0 Springfield
Springboard,Week1,Little Hunting Park,Week1,219.0 Little Hunting Park - 174.0 Springboard
South Run,Week4,Village West,Week2,251.0 South Run - 150.0 Village West
South Run,Week3,Village West,Week3,238.0 South Run - 164.0 Village West
Springboard,Week1,Little Rocky Run,Week2,335.0 Little Rocky Run - 67.0 Springboard
South Run,Week3,Village West,Week2,266.0 South Run - 135.0 Village West
Springboard,Week2,Little Hunting Park,Week1,233.0 Little Hunting Park - 160.0 Springboard
South Run,Week5,Springboard,Week5,259.0 South Run - 142.0 Springboard
Springboard,Week5,Fairfax,Week1,319.0 Fairfax - 83.0 Springboard
South Run,Week4,Riverside Gardens,Week1,267.0 Riverside Gardens - 135.0 South Run
South Run,Week5,Springfield,Week2,343.0 South Run - 57.0 Springfield
Springboard,Week3,Fairfax,Week2,325.0 Fairfax - 77.0 Springboard
Springboard,Week1,Fairfax Club Estates,Week4,239.0 Fairfax Club Estates - 159.0 Springboard
Springboard,Week5,Lakevale Estates,Week1,304.0 Lakevale Estates - 98.0 Springboard
Springboard,Week3,Orange Hunt,Week5,294.0 Orange Hunt - 108.0 Springboard
Springboard,Week3,Overlee,Week5,388.0 Overlee - 14.0 Springboard
Springfield,Week2,Donaldson Run,Week1,384.0 Donaldson Run - 18.0 Springfield
South Run,Week5,Springboard,Week1,263.0 South Run - 138.0 Springboard
Springboard,Week2,Lakevale Estates,Week3,341.0 Lakevale Estates - 56.0 Springboard
Springboard,Week5,Lakevale Estates,Week2,312.0 Lakevale Estates - 90.0 Springboard
South Run,Week5,Riverside Gardens,Week3,249.0 Riverside Gardens - 153.0 South Run
Springboard,Week2,Overlee,Week3,386.0 Overlee - 16.0 Springboard
Springfield,Week2,Donaldson Run,Week2,381.0 Donaldson Run - 20.0 Springfield
Springboard,Week2,Overlee,Week5,395.0 Overlee - 7.0 Springboard
South Run,Week2,Rolling Forest,Week1,223.0 Rolling Forest - 179.0 South Run
Springboard,Week1,Little Hunting Park,Week4,214.0 Little Hunting Park - 184.0 Springboard
South Run,Week5,Springfield,Week3,350.0 South Run - 49.0 Springfield
Springfield,Week4,Donaldson Run,Week2,381.0 Donaldson Run - 20.0 Springfield
Springboard,Week3,Little Hunting Park,Week3,208.0 Little Hunting Park - 193.0 Springboard
South Run,Week4,Village West,Week3,231.0 South Run - 171.0 Village West
Springboard,Week4,Little Hunting Park,Week2,216.0 Little Hunting Park - 184.0 Springboard
South Run,Week2,Rolling Forest,Week2,212.0 Rolling Forest - 190.0 South Run
Springboard,Week4,Lakevale Estates,Week3,308.0 Lakevale Estates - 84.0 Springboard
South Run,Week3,Village West,Week5,249.0 South Run - 152.0 Village West
South Run,Week5,Springboard,Week4,255.5 South Run - 146.5 Springboard
Springboard,Week5,Orange Hunt,Week1,271.0 Orange Hunt - 130.0 Springboard
South Run,Week1,Rolling Forest,Week2,218.0 South Run - 175.0 Rolling Forest
South Run,Week1,Village West,Week5,245.0 South Run - 147.0 Village West
Springboard,Week2,Fairfax Club Estates,Week4,276.0 Fairfax Club Estates - 122.0 Springboard
South Run,Week1,Rolling Forest,Week5,209.0 Rolling Forest - 184.0 South Run
South Run,Week1,Springfield,Week3,327.0 South Run - 59.0 Springfield
Springboard,Week2,Fairfax Club Estates,Week2,251.0 Fairfax Club Estates - 147.0 Springboard
Springfield,Week2,Dowden Terrace,Week2,350.0 Dowden Terrace - 42.0 Springfield
Springfield,Week1,Dowden Terrace,Week5,360.0 Dowden Terrace - 40.0 Springfield
Springboard,Week4,Fairfax,Week1,328.0 Fairfax - 74.0 Springboard
South Run,Week2,Springfield,Week2,318.0 South Run - 68.0 Springfield
South Run,Week5,Village West,Week2,282.0 South Run - 120.0 Village West
South Run,Week1,Springfield,Week5,330.0 South Run - 58.0 Springfield
Springboard,Week2,Little Hunting Park,Week4,230.0 Little Hunting Park - 168.0 Springboard
South Run,Week4,Village West,Week1,250.0 South Run - 151.0 Village West
South Run,Week2,Rolling Forest,Week5,236.0 Rolling Forest - 166.0 South Run
South Run,Week4,Village West,Week5,248.0 South Run - 153.0 Village West
Springboard,Week5,Fairfax,Week3,325.0 Fairfax - 73.0 Springboard
Springboard,Week4,Overlee,Week3,367.0 Overlee - 35.0 Springboard
South Run,Week5,Riverside Gardens,Week1,236.0 Riverside Gardens - 166.0 South Run
Springboard,Week4,Fairfax,Week2,329.0 Fairfax - 73.0 Springboard
Springfield,Week3,Dowden Terrace,Week2,354.0 Dowden Terrace - 42.0 Springfield
Springboard,Week1,Little Hunting Park,Week2,233.0 Little Hunting Park - 164.0 Springboard
Springfield,Week2,Dowden Terrace,Week3,368.0 Dowden Terrace - 34.0 Springfield
Springfield,Week2,Dowden Terrace,Week5,365.0 Dowden Terrace - 35.0 Springfield
Springboard,Week3,Orange Hunt,Week1,268.0 Orange Hunt - 133.0 Springboard
South Run,Week5,Village West,Week4,277.0 South Run - 120.0 Village West
Springboard,Week4,Orange Hunt,Week1,275.0 Orange Hunt - 127.0 Springboard
Springboard,Week1,Fairfax Club Estates,Week3,230.0 Fairfax Club Estates - 167.0 Springboard
South Run,Week3,Virginia Hills,Week1,322.0 South Run - 78.0 Virginia Hills
Springboard,Week3,Little Hunting Park,Week1,197.0 Springboard - 196.0 Little Hunting Park
South Run,Week5,Village West,Week5,274.0 South Run - 128.0 Village West
Springboard,Week5,Fairfax,Week4,323.0 Fairfax - 75.0 Springboard
South Run,Week3,Springfield,Week1,346.0 South Run - 54.0 Springfield
Springboard,Week2,Little Hunting Park,Week3,240.0 Little Hunting Park - 161.0 Springboard
South Run,Week3,Rolling Forest,Week4,212.0 Rolling Forest - 190.0 South Run
Springboard,Week2,Little Hunting Park,Week2,242.0 Little Hunting Park - 155.0 Springboard
Springboard,Week3,Little Hunting Park,Week4,213.0 Little Hunting Park - 185.0 Springboard
South Run,Week2,Rolling Forest,Week3,237.0 Rolling Forest - 165.0 South Run
Springboard,Week1,Fairfax Club Estates,Week1,237.0 Fairfax Club Estates - 164.0 Springboard
South Run,Week2,Springfield,Week5,331.0 South Run - 63.0 Springfield
Springfield,Week2,Dowden Terrace,Week4,358.0 Dowden Terrace - 38.0 Springfield
South Run,Week3,Rolling Forest,Week5,225.0 Rolling Forest - 177.0 South Run
South Run,Week3,Springfield,Week4,341.0 South Run - 60.0 Springfield
Springfield,Week3,Dowden Terrace,Week3,369.0 Dowden Terrace - 33.0 Springfield
Springboard,Week3,Orange Hunt,Week3,283.5 Orange Hunt - 117.5 Springboard
Springfield,Week3,Dowden Terrace,Week1,346.5 Dowden Terrace - 39.5 Springfield
South Run,Week2,Springfield,Week4,320.0 South Run - 72.0 Springfield
Springboard,Week5,Orange Hunt,Week3,275.0 Orange Hunt - 126.0 Springboard
Springboard,Week1,Fairfax Club Estates,Week5,227.5 Fairfax Club Estates - 164.5 Springboard
Springfield,Week4,Dowden Terrace,Week1,331.0 Dowden Terrace - 67.0 Springfield
South Run,Week4,Rolling Forest,Week2,209.0 Rolling Forest - 188.0 South Run
South Run,Week4,Springfield,Week4,313.0 South Run - 78.0 Springfield
Springboard,Week5,Orange Hunt,Week5,303.0 Orange Hunt - 99.0 Springboard
South Run,Week4,Springfield,Week5,323.0 South Run - 64.0 Springfield
Springboard,Week3,Little Hunting Park,Week5,247.0 Little Hunting Park - 154.0 Springboard
South Run,Week3,Virginia Hills,Week2,320.0 South Run - 80.0 Virginia Hills
Springboard,Week4,Orange Hunt,Week3,274.0 Orange Hunt - 128.0 Springboard
Springfield,Week3,Dowden Terrace,Week5,372.0 Dowden Terrace - 29.0 Springfield
South Run,Week3,Virginia Hills,Week3,319.0 South Run - 83.0 Virginia Hills
Springboard,Week4,Little Hunting Park,Week4,217.0 Little Hunting Park - 184.0 Springboard
South Run,Week4,Rolling Forest,Week3,230.0 Rolling Forest - 172.0 South Run
Springboard,Week2,Fairfax Club Estates,Week3,257.0 Fairfax Club Estates - 140.0 Springboard
Springboard,Week1,Overlee,Week3,367.0 Overlee - 35.0 Springboard
Springboard,Week1,Overlee,Week4,390.0 Overlee - 12.0 Springboard
South Run,Week5,Springfield,Week4,347.0 South Run - 54.0 Springfield
Springfield,Week5,Dowden Terrace,Week3,366.0 Dowden Terrace - 36.0 Springfield
South Run,Week3,Virginia Hills,Week4,317.0 South Run - 83.0 Virginia Hills
Springboard,Week2,Little Rocky Run,Week1,350.0 Little Rocky Run - 52.0 Springboard
Springboard,Week5,Orange Hunt,Week2,285.0 Orange Hunt - 116.0 Springboard
Springfield,Week4,Dowden Terrace,Week2,336.0 Dowden Terrace - 66.0 Springfield
Springboard,Week3,Fairfax Club Estates,Week3,231.0 Fairfax Club Estates - 167.0 Springboard
Springfield,Week4,Dowden Terrace,Week3,353.0 Dowden Terrace - 49.0 Springfield
South Run,Week1,Sully Station,Week2,257.0 Sully Station - 136.0 South Run
South Run,Week1,Virginia Hills,Week1,299.0 South Run - 93.0 Virginia Hills
Springboard,Week3,Fairfax Club Estates,Week2,211.0 Fairfax Club Estates - 187.0 Springboard
Springboard,Week5,Little Hunting Park,Week5,240.0 Little Hunting Park - 161.0 Springboard
Springboard,Week2,Orange Hunt,Week5,323.0 Orange Hunt - 78.0 Springboard
South Run,Week5,Springfield,Week5,355.0 South Run - 46.0 Springfield
Springboard,Week1,Little Rocky Run,Week1,332.0 Little Rocky Run - 70.0 Springboard
Springboard,Week2,Overlee,Week1,391.0 Overlee - 11.0 Springboard
South Run,Week3,Virginia Hills,Week5,290.0 South Run - 112.0 Virginia Hills
South Run,Week1,Sully Station,Week4,247.0 Sully Station - 146.0 South Run
South Run,Week5,Rolling Forest,Week2,209.0 South Run - 193.0 Rolling Forest
Springboard,Week2,Fairfax Club Estates,Week5,255.0 Fairfax Club Estates - 128.0 Springboard
South Run,Week1,Virginia Hills,Week4,303.0 South Run - 89.0 Virginia Hills
Springfield,Week3,Dowden Terrace,Week4,356.0 Dowden Terrace - 40.0 Springfield
South Run,Week4,Rolling Forest,Week5,235.0 Rolling Forest - 167.0 South Run
Springboard,Week2,Little Rocky Run,Week3,359.0 Little Rocky Run - 43.0 Springboard
South Run,Week5,Rolling Forest,Week3,204.0 Rolling Forest - 198.0 South Run
Springboard,Week1,Fairfax Station,Week5,326.0 Fairfax Station - 76.0 Springboard
South Run,Week5,Rolling Forest,Week5,219.0 Rolling Forest - 183.0 South Run
Springboard,Week3,Fairfax Club Estates,Week1,241.0 Fairfax Club Estates - 160.0 Springboard
South Run,Week4,Rolling Forest,Week4,219.0 Rolling Forest - 183.0 South Run
Springboard,Week2,Long Branch,Week4,261.0 Long Branch - 140.0 Springboard
Springboard,Week3,Long Branch,Week1,225.0 Long Branch - 173.0 Springboard
South Run,Week1,Rolling Hills,Week2,205.0 South Run - 188.0 Rolling Hills
South Run,Week4,Virginia Hills,Week3,295.0 South Run - 105.0 Virginia Hills
South Run,Week1,Rolling Hills,Week1,214.0 South Run - 178.0 Rolling Hills
Springfield,Week2,Dunn Loring,Week3,380.0 Dunn Loring - 22.0 Springfield
South Run,Week5,Rolling Forest,Week1,208.0 South Run - 194.0 Rolling Forest
Springfield,Week1,Dunn Loring,Week5,387.5 Dunn Loring - 13.5 Springfield
Springboard,Week1,Fairfax Station,Week3,329.0 Fairfax Station - 73.0 Springboard
South Run,Week2,Virginia Hills,Week4,296.0 South Run - 100.0 Virginia Hills
South Run,Week2,Virginia Hills,Week5,273.0 South Run - 123.0 Virginia Hills
Springfield,Week5,Dowden Terrace,Week2,360.0 Dowden Terrace - 37.0 Springfield
Springboard,Week1,Overlee,Week5,387.0 Overlee - 15.0 Springboard
South Run,Week5,Stratford,Week3,243.0 South Run - 159.0 Stratford
Springboard,Week3,Orange Hunt,Week2,289.0 Orange Hunt - 112.0 Springboard
Springboard,Week4,Orange Hunt,Week2,285.0 Orange Hunt - 117.0 Springboard
South Run,Week4,Virginia Hills,Week1,306.0 South Run - 90.0 Virginia Hills
South Run,Week3,Stratford,Week3,224.0 South Run - 178.0 Stratford
Springboard,Week3,Fairfax Station,Week4,310.0 Fairfax Station - 92.0 Springboard
Springboard,Week2,Little Rocky Run,Week5,365.0 Little Rocky Run - 32.0 Springboard
Springboard,Week4,Fairfax Station,Week5,324.0 Fairfax Station - 78.0 Springboard
South Run,Week4,Stratford,Week3,224.0 South Run - 178.0 Stratford
Springboard,Week3,Orange Hunt,Week4,280.0 Orange Hunt - 121.0 Springboard
South Run,Week4,Virginia Hills,Week4,294.0 South Run - 102.0 Virginia Hills
South Run,Week2,Rolling Hills,Week5,212.0 Rolling Hills - 190.0 South Run
South Run,Week5,Virginia Hills,Week1,321.0 South Run - 81.0 Virginia Hills
South Run,Week1,Stratford,Week5,222.0 South Run - 171.0 Stratford
Springboard,Week2,Little Rocky Run,Week4,361.0 Little Rocky Run - 41.0 Springboard
Springboard,Week4,Orange Hunt,Week4,274.0 Orange Hunt - 128.0 Springboard
Springboard,Week1,Overlee,Week1,369.0 Overlee - 33.0 Springboard
Springfield,Week1,Dunn Loring,Week1,364.0 Dunn Loring - 38.0 Springfield
South Run,Week2,Rolling Hills,Week1,205.0 Rolling Hills - 196.0 South Run
Springboard,Week3,Long Branch,Week2,233.0 Long Branch - 165.0 Springboard
South Run,Week5,Virginia Hills,Week2,340.0 South Run - 62.0 Virginia Hills
South Run,Week4,Virginia Hills,Week5,270.0 South Run - 131.0 Virginia Hills
South Run,Week1,Rolling Hills,Week3,197.0 South Run - 196.0 Rolling Hills
Springboard,Week5,Orange Hunt,Week4,273.0 Orange Hunt - 128.0 Springboard
South Run,Week5,Rolling Forest,Week4,207.0 South Run - 195.0 Rolling Forest
Springfield,Week2,Dunn Loring,Week2,380.0 Dunn Loring - 22.0 Springfield
Springboard,Week3,Fairfax Station,Week3,323.0 Fairfax Station - 79.0 Springboard
Springfield,Week2,Dunn Loring,Week5,390.0 Dunn Loring - 11.0 Springfield
Springboard,Week3,Fairfax Station,Week5,335.0 Fairfax Station - 67.0 Springboard
Springboard,Week5,Fairfax Station,Week2,295.0 Fairfax Station - 106.0 Springboard
South Run,Week5,Stratford,Week5,234.0 South Run - 168.0 Stratford
Springboard,Week5,Little Rocky Run,Week4,323.0 Little Rocky Run - 79.0 Springboard
South Run,Week1,Stratford,Week2,219.0 South Run - 174.0 Stratford
Springboard,Week4,Fairfax Station,Week1,309.0 Fairfax Station - 93.0 Springboard
South Run,Week5,Stratford,Week2,251.0 South Run - 151.0 Stratford
South Run,Week3,Rolling Hills,Week1,216.0 South Run - 185.0 Rolling Hills
Springboard,Week1,Overlee,Week2,373.0 Overlee - 29.0 Springboard
Springfield,Week2,Dunn Loring,Week4,387.0 Dunn Loring - 14.0 Springfield
Springboard,Week3,Little Rocky Run,Week4,330.0 Little Rocky Run - 72.0 Springboard
South Run,Week2,Stratford,Week5,204.0 Stratford - 198.0 South Run
Springfield,Week5,Dowden Terrace,Week5,368.0 Dowden Terrace - 32.0 Springfield
Springboard,Week5,Little Rocky Run,Week3,340.0 Little Rocky Run - 62.0 Springboard
South Run,Week2,Stratford,Week2,216.0 South Run - 185.0 Stratford
Springboard,Week4,Fairfax Club Estates,Week3,225.0 Fairfax Club Estates - 175.0 Springboard
Springfield,Week3,Dunn Loring,Week2,381.0 Dunn Loring - 21.0 Springfield
Springboard,Week1,Long Branch,Week5,257.0 Long Branch - 141.0 Springboard
South Run,Week4,Rolling Hills,Week4,202.0 South Run - 196.0 Rolling Hills
Springboard,Week1,Long Branch,Week2,234.5 Long Branch - 163.5 Springboard
South Run,Week1,Virginia Hills,Week2,296.0 South Run - 96.0 Virginia Hills
South Run,Week3,Rolling Hills,Week5,209.0 South Run - 193.0 Rolling Hills
South Run,Week1,Virginia Hills,Week5,279.0 South Run - 109.0 Virginia Hills
South Run,Week2,Stratford,Week3,209.0 South Run - 193.0 Stratford
South Run,Week4,Lee Graham,Week4,292.0 Lee Graham - 110.0 South Run
Springfield,Week3,Dunn Loring,Week1,367.0 Dunn Loring - 35.0 Springfield
Springboard,Week2,Overlee,Week2,387.0 Overlee - 15.0 Springboard
Springboard,Week2,Overlee,Week4,398.0 Overlee - 4.0 Springboard
Springboard,Week4,Fairfax Club Estates,Week2,210.0 Fairfax Club Estates - 191.0 Springboard
South Run,Week2,Virginia Hills,Week3,294.0 South Run - 106.0 Virginia Hills
South Run,Week2,Stratford,Week1,223.0 South Run - 173.0 Stratford
South Run,Week2,Virginia Hills,Week1,294.0 South Run - 102.0 Virginia Hills
Springboard,Week3,Long Branch,Week3,224.0 Long Branch - 177.0 Springboard
Springboard,Week3,Fairfax Station,Week2,312.0 Fairfax Station - 89.0 Springboard
Springboard,Week3,Overlee,Week1,369.0 Overlee - 33.0 Springboard
Springfield,Week1,Dunn Loring,Week3,386.0 Dunn Loring - 16.0 Springfield
South Run,Week5,Rolling Hills,Week2,222.0 South Run - 180.0 Rolling Hills
Springboard,Week5,Little Rocky Run,Week1,317.0 Little Rocky Run - 85.0 Springboard
Springfield,Week5,Dowden Terrace,Week1,351.0 Dowden Terrace - 46.0 Springfield
Springboard,Week3,Overlee,Week4,392.0 Overlee - 10.0 Springboard
South Run,Week1,Lee Graham,Week4,273.0 Lee Graham - 120.0 South Run
South Run,Week2,Lee Graham,Week4,293.0 Lee Graham - 109.0 South Run
Springboard,Week3,Fairfax Station,Week1,318.0 Fairfax Station - 83.0 Springboard
South Run,Week3,Stratford,Week4,203.0 Stratford - 199.0 South Run
South Run,Week5,Rolling Hills,Week3,223.0 South Run - 179.0 Rolling Hills
Springboard,Week2,Fairfax Station,Week2,335.0 Fairfax Station - 61.0 Springboard
Springboard,Week2,Long Branch,Week3,253.0 Long Branch - 148.0 Springboard
Springboard,Week1,Fairfax Station,Week1,308.0 Fairfax Station - 93.0 Springboard
Springfield,Week3,Dunn Loring,Week4,386.0 Dunn Loring - 14.0 Springfield
South Run,Week4,Virginia Hills,Week2,294.0 South Run - 101.0 Virginia Hills
South Run,Week5,Virginia Hills,Week3,327.0 South Run - 75.0 Virginia Hills
South Run,Week1,Rolling Valley,Week1,276.0 South Run - 117.0 Rolling Valley
South Run,Week1,Stratford,Week3,229.0 South Run - 164.0 Stratford
South Run,Week2,Lee Graham,Week5,294.0 Lee Graham - 108.0 South Run
Springfield,Week3,Dunn Loring,Week3,385.0 Dunn Loring - 17.0 Springfield
Springboard,Week3,Overlee,Week2,375.0 Overlee - 27.0 Springboard
South Run,Week1,Lee Graham,Week5,279.0 Lee Graham - 114.0 South Run
Springboard,Week3,Long Branch,Week4,235.0 Long Branch - 166.0 Springboard
South Run,Week4,Stratford,Week4,211.0 South Run - 191.0 Stratford
Springfield,Week4,Dowden Terrace,Week5,357.0 Dowden Terrace - 43.0 Springfield
South Run,Week2,Stratford,Week4,202.0 Stratford - 200.0 South Run
South Run,Week4,Rolling Hills,Week1,204.0 South Run - 197.0 Rolling Hills
Springfield,Week2,Dunn Loring,Week1,367.0 Dunn Loring - 29.0 Springfield
Springboard,Week4,Overlee,Week1,368.0 Overlee - 34.0 Springboard
Springboard,Week3,Parklawn,Week1,204.0 Springboard - 184.0 Parklawn
Springfield,Week1,Dunn Loring,Week4,388.0 Dunn Loring - 14.0 Springfield
Springboard,Week4,Little Rocky Run,Week1,327.0 Little Rocky Run - 70.0 Springboard
South Run,Week5,Laurel Hill,Week4,242.0 South Run - 160.0 Laurel Hill
Springboard,Week4,Little Rocky Run,Week5,348.0 Little Rocky Run - 49.0 Springboard
Springboard,Week4,Overlee,Week2,375.0 Overlee - 27.0 Springboard
Springboard,Week4,Fairfax Club Estates,Week4,235.0 Fairfax Club Estates - 166.0 Springboard
South Run,Week1,Rolling Valley,Week3,240.0 South Run - 148.0 Rolling Valley
Springboard,Week1,Parklawn,Week4,224.0 Parklawn - 168.0 Springboard
Springboard,Week1,Parklawn,Week5,221.0 Parklawn - 171.0 Springboard
South Run,Week5,Rolling Hills,Week1,223.5 South Run - 178.5 Rolling Hills
South Run,Week2,Lee Graham,Week3,292.0 Lee Graham - 110.0 South Run
South Run,Week1,Lee Graham,Week2,267.0 Lee Graham - 126.0 South Run
South Run,Week3,Stratford,Week2,234.0 South Run - 168.0 Stratford
South Run,Week4,Stratford,Week1,230.5 South Run - 169.5 Stratford
Springboard,Week1,Parklawn,Week2,216.0 Parklawn - 175.0 Springboard
Springboard,Week4,Little Rocky Run,Week3,344.0 Little Rocky Run - 58.0 Springboard
South Run,Week3,Lee Graham,Week3,289.0 Lee Graham - 113.0 South Run
South Run,Week1,Virginia Hills,Week3,302.0 South Run - 91.0 Virginia Hills
Springfield,Week3,Dunn Loring,Week5,384.0 Dunn Loring - 16.0 Springfield
Springfield,Week1,Dunn Loring,Week2,386.0 Dunn Loring - 16.0 Springfield
South Run,Week2,Virginia Hills,Week2,302.0 South Run - 94.0 Virginia Hills
Springboard,Week4,Fairfax Station,Week3,310.0 Fairfax Station - 92.0 Springboard
South Run,Week1,Stratford,Week4,216.0 South Run - 177.0 Stratford
South Run,Week4,Stratford,Week2,216.0 South Run - 185.0 Stratford
South Run,Week3,Stratford,Week1,240.0 South Run - 161.0 Stratford
South Run,Week4,Laurel Hill,Week5,215.0 South Run - 186.0 Laurel Hill
South Run,Week5,Rolling Hills,Week4,230.0 South Run - 171.0 Rolling Hills
Springboard,Week5,Parklawn,Week3,197.0 Parklawn - 196.0 Springboard
South Run,Week2,Rolling Hills,Week3,218.0 Rolling Hills - 183.0 South Run
Springfield,Week4,Dunn Loring,Week3,376.0 Dunn Loring - 26.0 Springfield
Springfield,Week5,Dowden Terrace,Week4,363.0 Dowden Terrace - 33.0 Springfield
South Run,Week5,Laurel Hill,Week3,235.0 South Run - 167.0 Laurel Hill
Springboard,Week4,Little Rocky Run,Week4,342.0 Little Rocky Run - 60.0 Springboard
South Run,Week5,Laurel Hill,Week2,275.5 South Run - 126.5 Laurel Hill
Springboard,Week5,Fairfax Club Estates,Week2,201.0 Springboard - 197.0 Fairfax Club Estates
South Run,Week4,Stratford,Week5,207.0 South Run - 190.0 Stratford
Springboard,Week5,Fairfax Club Estates,Week3,207.0 Fairfax Club Estates - 191.0 Springboard
Springboard,Week1,Fairfax Station,Week4,311.0 Fairfax Station - 91.0 Springboard
Springboard,Week5,Fairfax Club Estates,Week5,218.0 Fairfax Club Estates - 175.0 Springboard
Springboard,Week4,Fairfax Club Estates,Week5,230.0 Fairfax Club Estates - 168.0 Springboard
South Run,Week1,Rolling Valley,Week2,259.0 South Run - 134.0 Rolling Valley
Springboard,Week2,Parklawn,Week4,229.5 Parklawn - 159.5 Springboard
Springboard,Week3,Little Rocky Run,Week3,349.0 Little Rocky Run - 53.0 Springboard
South Run,Week3,Rolling Hills,Week4,217.0 South Run - 181.0 Rolling Hills
Springboard,Week3,Little Rocky Run,Week5,343.0 Little Rocky Run - 59.0 Springboard
Springboard,Week3,Little Rocky Run,Week2,332.0 Little Rocky Run - 70.0 Springboard
South Run,Week4,Lee Graham,Week3,293.0 Lee Graham - 109.0 South Run
South Run,Week1,Rolling Valley,Week4,247.0 South Run - 146.0 Rolling Valley
Springfield,Week1,Fair Oaks ,Week2,357.0 Fair Oaks - 43.0 Springfield
South Run,Week3,Rolling Hills,Week3,206.0 Rolling Hills - 196.0 South Run
Springfield,Week2,Fair Oaks ,Week1,369.0 Fair Oaks - 32.0 Springfield
Springboard,Week1,Long Branch,Week1,237.0 Long Branch - 161.0 Springboard
Springboard,Week2,Fairfax Station,Week1,340.0 Fairfax Station - 61.0 Springboard
South Run,Week5,Stratford,Week1,252.0 South Run - 150.0 Stratford
Springboard,Week2,Fairfax Station,Week4,335.0 Fairfax Station - 67.0 Springboard
South Run,Week5,Stratford,Week4,223.0 South Run - 179.0 Stratford
Springboard,Week5,Little Rocky Run,Week5,346.0 Little Rocky Run - 56.0 Springboard
Springboard,Week2,Parklawn,Week2,232.0 Parklawn - 159.0 Springboard
South Run,Week4,Rolling Hills,Week3,215.0 Rolling Hills - 187.0 South Run
Springboard,Week2,Fairfax Station,Week3,354.0 Fairfax Station - 48.0 Springboard
Springboard,Week1,Parklawn,Week1,209.0 Springboard - 183.0 Parklawn
Springboard,Week4,Little Rocky Run,Week2,333.0 Little Rocky Run - 69.0 Springboard
South Run,Week2,Lee Graham,Week2,302.0 Lee Graham - 100.0 South Run
Springfield,Week5,Dunn Loring,Week5,385.0 Dunn Loring - 16.0 Springfield
South Run,Week3,Stratford,Week5,218.0 South Run - 184.0 Stratford
South Run,Week2,Sully Station,Week1,262.0 Sully Station - 136.0 South Run
Springboard,Week1,Long Branch,Week4,243.0 Long Branch - 158.0 Springboard
Springfield,Week4,Dunn Loring,Week2,381.0 Dunn Loring - 21.0 Springfield
Springboard,Week2,Fairfax Station,Week5,358.5 Fairfax Station - 43.5 Springboard
South Run,Week1,Sully Station,Week1,245.0 Sully Station - 148.0 South Run
South Run,Week3,Lee Graham,Week2,295.0 Lee Graham - 107.0 South Run
Springboard,Week5,Fairfax Club Estates,Week1,222.0 Fairfax Club Estates - 179.0 Springboard
Springboard,Week2,Long Branch,Week2,255.0 Long Branch - 143.0 Springboard
Springfield,Week1,Fair Oaks ,Week5,367.0 Fair Oaks - 33.0 Springfield
South Run,Week1,Sully Station,Week3,245.0 Sully Station - 148.0 South Run
South Run,Week4,Rolling Hills,Week2,206.0 Rolling Hills - 196.0 South Run
South Run,Week3,Rolling Hills,Week2,208.0 South Run - 194.0 Rolling Hills
Springboard,Week5,Overlee,Week1,365.0 Overlee - 37.0 Springboard
Springboard,Week5,Overlee,Week5,383.0 Overlee - 19.0 Springboard
South Run,Week3,Lee Graham,Week1,283.0 Lee Graham - 119.0 South Run
South Run,Week1,Lee Graham,Week3,266.0 Lee Graham - 127.0 South Run
South Run,Week2,Rolling Hills,Week4,199.0 South Run - 193.0 Rolling Hills
Springboard,Week1,Long Branch,Week3,229.0 Long Branch - 172.0 Springboard
Springboard,Week2,Long Branch,Week1,249.0 Long Branch - 143.0 Springboard
Springfield,Week3,Fair Oaks ,Week2,361.0 Fair Oaks - 36.0 Springfield
Springboard,Week3,Parklawn,Week5,212.0 Parklawn - 181.0 Springboard
South Run,Week5,Rolling Hills,Week5,227.0 South Run - 175.0 Rolling Hills
Springboard,Week5,Fairfax Club Estates,Week4,223.0 Fairfax Club Estates - 175.0 Springboard
Springboard,Week3,Parklawn,Week3,200.0 Springboard - 193.0 Parklawn
Springfield,Week4,Dunn Loring,Week4,385.0 Dunn Loring - 17.0 Springfield
South Run,Week5,Laurel Hill,Week5,227.0 South Run - 175.0 Laurel Hill
South Run,Week1,North Springfield,Week1,263.0 South Run - 77.0 North Springfield
South Run,Week1,Sully Station,Week5,253.0 Sully Station - 140.0 South Run
Springboard,Week4,Fairfax Station,Week4,307.0 Fairfax Station - 95.0 Springboard
South Run,Week1,Lee Graham,Week1,259.0 Lee Graham - 134.0 South Run
South Run,Week4,Laurel Hill,Week4,221.0 South Run - 180.0 Laurel Hill
Springfield,Week5,Dunn Loring,Week4,389.0 Dunn Loring - 13.0 Springfield
South Run,Week2,Sully Station,Week3,268.0 Sully Station - 130.0 South Run
Springboard,Week5,Fairfax Station,Week1,300.0 Fairfax Station - 101.0 Springboard
Springboard,Week5,Little Rocky Run,Week2,325.5 Little Rocky Run - 76.5 Springboard
Springboard,Week2,Parklawn,Week5,236.0 Parklawn - 157.0 Springboard
Springboard,Week1,Forest Hollow,Week1,307.0 Forest Hollow - 95.0 Springboard
South Run,Week3,Rolling Valley,Week4,265.0 South Run - 137.0 Rolling Valley
South Run,Week5,Laurel Hill,Week1,252.0 South Run - 149.0 Laurel Hill
Springboard,Week1,Forest Hollow,Week2,301.0 Forest Hollow - 101.0 Springboard
Springboard,Week4,Fairfax Station,Week2,298.0 Fairfax Station - 104.0 Springboard
Springfield,Week2,Fair Oaks ,Week3,366.0 Fair Oaks - 36.0 Springfield
South Run,Week2,Newington Forest,Week1,252.0 South Run - 144.0 Newington Forest
South Run,Week5,Shouse Village,Week1,213.0 Shouse Village - 189.0 South Run
South Run,Week2,Newington Forest,Week2,236.0 South Run - 162.0 Newington Forest
South Run,Week3,Lee Graham,Week4,294.0 Lee Graham - 108.0 South Run
Springboard,Week5,Parklawn,Week1,214.0 Springboard - 179.0 Parklawn
Springboard,Week3,Long Branch,Week5,259.0 Long Branch - 139.0 Springboard
South Run,Week3,Newington Forest,Week3,262.0 South Run - 140.0 Newington Forest
Springboard,Week5,Fairfax Station,Week5,321.0 Fairfax Station - 81.0 Springboard
South Run,Week2,Sully Station,Week2,276.0 Sully Station - 125.0 South Run
South Run,Week1,Rolling Hills,Week5,203.0 South Run - 190.0 Rolling Hills
Springboard,Week5,Overlee,Week4,385.0 Overlee - 17.0 Springboard
South Run,Week5,Rolling Valley,Week2,276.0 South Run - 126.0 Rolling Valley
Springfield,Week1,Fairfax,Week4,382.0 Fairfax - 19.0 Springfield
Springboard,Week2,Parklawn,Week1,196.0 Parklawn - 190.0 Springboard
South Run,Week1,Newington Forest,Week1,256.0 South Run - 133.0 Newington Forest
South Run,Week3,Lee Graham,Week5,302.0 Lee Graham - 100.0 South Run
South Run,Week3,Newington Forest,Week2,247.0 South Run - 151.0 Newington Forest
Springboard,Week4,Parklawn,Week3,201.5 Parklawn - 196.5 Springboard
Springboard,Week3,Mansion House,Week4,268.0 Mansion House - 133.0 Springboard
Springboard,Week2,Parklawn,Week3,214.0 Parklawn - 179.0 Springboard
South Run,Week4,Rolling Hills,Week5,202.0 South Run - 200.0 Rolling Hills
Springboard,Week2,Long Branch,Week5,272.0 Long Branch - 126.0 Springboard
Springfield,Week2,Fair Oaks ,Week5,370.0 Fair Oaks - 30.0 Springfield
South Run,Week2,Rolling Valley,Week2,254.0 South Run - 148.0 Rolling Valley
South Run,Week4,Laurel Hill,Week3,222.0 South Run - 180.0 Laurel Hill
South Run,Week2,Lee Graham,Week1,291.0 Lee Graham - 106.0 South Run
South Run,Week3,Sideburn Run,Week5,227.0 Sideburn Run - 175.0 South Run
South Run,Week2,Rolling Hills,Week2,215.0 Rolling Hills - 181.0 South Run
Springfield,Week4,Dunn Loring,Week1,367.0 Dunn Loring - 35.0 Springfield
Springfield,Week1,Fair Oaks ,Week3,364.0 Fair Oaks - 38.0 Springfield
Springboard,Week5,Fairfax Station,Week4,303.0 Fairfax Station - 99.0 Springboard
Springboard,Week2,Mansion House,Week5,319.0 Mansion House - 83.0 Springboard
South Run,Week4,Sideburn Run,Week2,233.0 Sideburn Run - 168.0 South Run
Springboard,Week3,Parklawn,Week2,216.5 Parklawn - 176.5 Springboard
Springboard,Week1,Mansion House,Week1,293.0 Mansion House - 108.0 Springboard
South Run,Week1,Newington Forest,Week4,247.0 South Run - 146.0 Newington Forest
South Run,Week2,Rolling Valley,Week4,241.0 South Run - 161.0 Rolling Valley
South Run,Week5,Shouse Village,Week3,216.0 Shouse Village - 186.0 South Run
Springboard,Week1,Fairfax Station,Week2,306.0 Fairfax Station - 95.0 Springboard
South Run,Week4,Newington Forest,Week1,258.0 South Run - 139.0 Newington Forest
South Run,Week3,Rolling Valley,Week5,240.0 South Run - 162.0 Rolling Valley
South Run,Week2,Sideburn Run,Week1,220.0 Sideburn Run - 177.0 South Run
South Run,Week5,Shouse Village,Week5,227.0 Shouse Village - 175.0 South Run
Springfield,Week4,Dunn Loring,Week5,386.0 Dunn Loring - 15.0 Springfield
Springboard,Week5,Long Branch,Week5,246.0 Long Branch - 152.0 Springboard
South Run,Week4,Lee Graham,Week1,294.0 Lee Graham - 108.0 South Run
South Run,Week4,Lee Graham,Week2,313.0 Lee Graham - 89.0 South Run
Springboard,Week5,Overlee,Week3,366.0 Overlee - 36.0 Springboard
South Run,Week3,Newington Forest,Week1,261.0 South Run - 137.0 Newington Forest
Springfield,Week5,Dunn Loring,Week3,388.0 Dunn Loring - 14.0 Springfield
Springfield,Week5,Dunn Loring,Week1,376.0 Dunn Loring - 26.0 Springfield
Springboard,Week1,Forest Hollow,Week3,303.0 Forest Hollow - 99.0 Springboard
Springboard,Week2,Mansion House,Week3,306.0 Mansion House - 95.0 Springboard
South Run,Week5,Mount Vernon Park,Week5,271.0 Mount Vernon Park - 131.0 South Run
Springboard,Week1,Forest Hollow,Week5,307.0 Forest Hollow - 94.0 Springboard
South Run,Week1,Rolling Valley,Week5,237.0 South Run - 156.0 Rolling Valley
Springboard,Week4,Overlee,Week5,388.0 Overlee - 14.0 Springboard
South Run,Week5,Newington Forest,Week4,276.0 South Run - 126.0 Newington Forest
Springboard,Week2,Forest Hollow,Week4,330.5 Forest Hollow - 70.5 Springboard
Springboard,Week4,Parklawn,Week1,212.0 Springboard - 180.0 Parklawn
Springfield,Week2,Fair Oaks ,Week4,368.0 Fair Oaks - 32.0 Springfield
Springboard,Week2,Forest Hollow,Week1,330.5 Forest Hollow - 71.5 Springboard
South Run,Week4,Lincolnia Park,Week1,266.0 South Run - 132.0 Lincolnia Park
South Run,Week5,Lee Graham,Week1,264.0 Lee Graham - 138.0 South Run
Springboard,Week1,Parklawn,Week3,201.0 Parklawn - 192.0 Springboard
South Run,Week5,Newington Forest,Week1,288.0 South Run - 113.0 Newington Forest
Springfield,Week3,Fair Oaks ,Week3,368.0 Fair Oaks - 34.0 Springfield
Springboard,Week2,Forest Hollow,Week3,326.0 Forest Hollow - 76.0 Springboard
South Run,Week2,Sideburn Run,Week4,241.0 Sideburn Run - 161.0 South Run
South Run,Week5,Newington Forest,Week3,287.0 South Run - 115.0 Newington Forest
Springboard,Week3,Mansion House,Week3,289.0 Mansion House - 112.0 Springboard
South Run,Week5,Sideburn Run,Week3,219.0 South Run - 183.0 Sideburn Run
Springboard,Week4,Mansion House,Week3,293.0 Mansion House - 109.0 Springboard
South Run,Week3,Rolling Valley,Week1,298.0 South Run - 104.0 Rolling Valley
Springboard,Week5,Overlee,Week2,373.0 Overlee - 29.0 Springboard
South Run,Week3,Sideburn Run,Week3,222.0 Sideburn Run - 180.0 South Run
Springfield,Week1,Fair Oaks ,Week1,369.0 Fair Oaks - 32.0 Springfield
Springboard,Week4,Parklawn,Week2,230.0 Parklawn - 167.0 Springboard
South Run,Week1,Sleepy Hollow B & R,Week2,202.0 Sleepy Hollow B & R - 191.0 South Run
South Run,Week5,Lincolnia Park,Week1,289.0 South Run - 113.0 Lincolnia Park
South Run,Week2,Rolling Valley,Week5,230.0 South Run - 172.0 Rolling Valley
Springboard,Week4,Mansion House,Week5,296.0 Mansion House - 106.0 Springboard
South Run,Week2,Rutherford,Week1,226.0 South Run - 175.0 Rutherford
South Run,Week4,Rolling Valley,Week4,240.0 South Run - 162.0 Rolling Valley
South Run,Week5,Lee Graham,Week2,276.0 Lee Graham - 126.0 South Run
Springboard,Week1,Mansion House,Week2,274.0 Mansion House - 124.0 Springboard
Springboard,Week3,Forest Hollow,Week1,292.0 Forest Hollow - 110.0 Springboard
Springboard,Week2,Mansion House,Week2,302.0 Mansion House - 86.0 Springboard
Springboard,Week2,Forest Hollow,Week5,329.0 Forest Hollow - 72.0 Springboard
South Run,Week4,Lee Graham,Week5,310.5 Lee Graham - 91.5 South Run
South Run,Week1,Lincolnia Park,Week1,268.0 South Run - 124.0 Lincolnia Park
South Run,Week3,Sideburn Run,Week1,209.0 Sideburn Run - 193.0 South Run
Springfield,Week1,Fair Oaks ,Week4,366.0 Fair Oaks - 35.0 Springfield
South Run,Week2,Newington Forest,Week4,250.0 South Run - 145.0 Newington Forest
Springboard,Week2,Forest Hollow,Week2,307.0 Forest Hollow - 95.0 Springboard
Springfield,Week5,Dunn Loring,Week2,384.0 Dunn Loring - 18.0 Springfield
Springboard,Week4,Parklawn,Week5,212.0 Parklawn - 180.0 Springboard
South Run,Week4,Rutherford,Week2,232.5 South Run - 167.5 Rutherford
South Run,Week1,Newington Forest,Week2,239.0 South Run - 150.0 Newington Forest
South Run,Week5,Rolling Valley,Week5,263.0 South Run - 139.0 Rolling Valley
Springboard,Week4,Overlee,Week4,389.0 Overlee - 13.0 Springboard
South Run,Week4,Shouse Village,Week5,247.0 Shouse Village - 154.0 South Run
Springboard,Week4,Long Branch,Week4,226.0 Long Branch - 176.0 Springboard
Springboard,Week3,Mansion House,Week1,286.0 Mansion House - 115.0 Springboard
South Run,Week1,Newington Forest,Week5,222.0 South Run - 166.0 Newington Forest
Springfield,Week2,Fair Oaks ,Week2,359.0 Fair Oaks - 40.0 Springfield
South Run,Week1,Sideburn Run,Week3,216.0 Sideburn Run - 177.0 South Run
Springboard,Week4,Parklawn,Week4,221.0 Parklawn - 173.0 Springboard
South Run,Week2,Rolling Valley,Week1,271.0 South Run - 131.0 Rolling Valley
South Run,Week5,Lincolnia Park,Week5,261.0 South Run - 132.0 Lincolnia Park
South Run,Week5,Shouse Village,Week2,229.0 South Run - 173.0 Shouse Village
Springboard,Week5,Parklawn,Week2,205.0 Parklawn - 188.0 Springboard
Springboard,Week3,Parklawn,Week4,222.5 Parklawn - 169.5 Springboard
South Run,Week4,Newington Forest,Week2,242.0 South Run - 156.0 Newington Forest
Springboard,Week3,Forest Hollow,Week2,281.0 Forest Hollow - 121.0 Springboard
South Run,Week1,Sideburn Run,Week2,199.0 Sideburn Run - 194.0 South Run
Springboard,Week5,Long Branch,Week4,229.0 Long Branch - 172.0 Springboard
South Run,Week1,Newington Forest,Week3,255.0 South Run - 138.0 Newington Forest
Springboard,Week2,Mansion House,Week1,313.0 Mansion House - 83.0 Springboard
Springfield,Week3,Fair Oaks ,Week1,370.0 Fair Oaks - 31.0 Springfield
South Run,Week3,Newington Forest,Week4,259.5 South Run - 142.5 Newington Forest
Springboard,Week2,Parliament,Week4,290.0 Parliament - 106.0 Springboard
Springfield,Week4,Fair Oaks ,Week1,363.0 Fair Oaks - 38.0 Springfield
Springboard,Week3,Forest Hollow,Week3,297.0 Forest Hollow - 105.0 Springboard
Springfield,Week4,Fair Oaks ,Week2,343.0 Fair Oaks - 56.0 Springfield
South Run,Week2,Lincolnia Park,Week2,263.0 South Run - 119.0 Lincolnia Park
Springfield,Week3,Fair Oaks ,Week4,360.0 Fair Oaks - 36.0 Springfield
South Run,Week1,Lincolnia Park,Week4,266.0 South Run - 125.0 Lincolnia Park
South Run,Week4,Rolling Valley,Week3,250.0 South Run - 152.0 Rolling Valley
South Run,Week3,Rolling Valley,Week3,255.0 South Run - 147.0 Rolling Valley
Springboard,Week5,Fairfax Station,Week3,315.0 Fairfax Station - 87.0 Springboard
South Run,Week3,Newington Forest,Week5,233.0 South Run - 169.0 Newington Forest
Springboard,Week4,Mansion House,Week1,289.0 Mansion House - 108.0 Springboard
South Run,Week2,Sideburn Run,Week2,226.0 Sideburn Run - 175.0 South Run
South Run,Week3,Lincolnia Park,Week2,281.0 South Run - 110.0 Lincolnia Park
Springboard,Week1,Forest Hollow,Week4,305.0 Forest Hollow - 96.0 Springboard
South Run,Week4,Rolling Valley,Week5,235.0 South Run - 167.0 Rolling Valley
Springboard,Week1,Mansion House,Week4,274.0 Mansion House - 126.0 Springboard
South Run,Week4,Sideburn Run,Week3,251.0 Sideburn Run - 151.0 South Run
Springfield,Week4,Fair Oaks ,Week3,353.0 Fair Oaks - 49.0 Springfield
Springboard,Week3,Parliament,Week3,271.0 Parliament - 131.0 Springboard
South Run,Week3,Lincolnia Park,Week1,280.0 South Run - 121.0 Lincolnia Park
South Run,Week1,Sideburn Run,Week1,197.0 Sideburn Run - 196.0 South Run
South Run,Week2,Little Hunting Park,Week1,243.0 South Run - 155.0 Little Hunting Park
Springboard,Week5,Parliament,Week1,258.0 Parliament - 142.0 Springboard
South Run,Week2,Lincolnia Park,Week3,240.0 South Run - 152.0 Lincolnia Park
Springboard,Week5,Long Branch,Week3,216.5 Long Branch - 184.5 Springboard
South Run,Week1,Sideburn Run,Week5,228.0 Sideburn Run - 165.0 South Run
Springfield,Week3,Fair Oaks ,Week5,375.0 Fair Oaks - 24.0 Springfield
Springboard,Week1,Mansion House,Week3,295.0 Mansion House - 106.0 Springboard
South Run,Week2,Rolling Valley,Week3,240.0 South Run - 156.0 Rolling Valley
South Run,Week2,Newington Forest,Week5,224.0 South Run - 173.0 Newington Forest
South Run,Week3,Rolling Valley,Week2,272.0 South Run - 130.0 Rolling Valley
South Run,Week4,Newington Forest,Week3,242.0 South Run - 159.0 Newington Forest
Springboard,Week1,Pinecrest,Week3,338.0 Pinecrest - 64.0 Springboard
South Run,Week5,Rolling Valley,Week1,300.0 South Run - 102.0 Rolling Valley
South Run,Week2,Newington Forest,Week3,257.0 South Run - 144.0 Newington Forest
South Run,Week4,Lincolnia Park,Week3,232.0 South Run - 160.0 Lincolnia Park
South Run,Week5,Newington Forest,Week5,263.0 South Run - 139.0 Newington Forest
South Run,Week5,Newington Forest,Week2,286.0 South Run - 115.0 Newington Forest
South Run,Week4,Rolling Valley,Week1,280.0 South Run - 122.0 Rolling Valley
South Run,Week1,Lincolnia Park,Week2,264.0 South Run - 118.0 Lincolnia Park
Springboard,Week5,Parklawn,Week4,214.0 Parklawn - 178.0 Springboard
South Run,Week2,Sideburn Run,Week3,232.0 Sideburn Run - 170.0 South Run
South Run,Week2,Rutherford,Week2,222.0 South Run - 179.0 Rutherford
Springboard,Week1,Mansion House,Week5,305.0 Mansion House - 97.0 Springboard
South Run,Week4,Rolling Valley,Week2,254.0 South Run - 148.0 Rolling Valley
Springfield,Week5,Fair Oaks ,Week2,362.0 Fair Oaks - 39.0 Springfield
South Run,Week1,Sideburn Run,Week4,207.5 Sideburn Run - 185.5 South Run
Springfield,Week4,Fair Oaks ,Week5,365.0 Fair Oaks - 35.0 Springfield
Springboard,Week2,Parliament,Week3,309.0 Parliament - 93.0 Springboard
South Run,Week1,Rutherford,Week2,236.0 South Run - 156.0 Rutherford
Springboard,Week4,Long Branch,Week3,205.0 Long Branch - 197.0 Springboard
Springboard,Week3,Parliament,Week1,260.0 Parliament - 138.0 Springboard
South Run,Week4,Newington Forest,Week4,235.0 South Run - 165.0 Newington Forest
Springfield,Week5,Fair Oaks ,Week3,373.0 Fair Oaks - 29.0 Springfield
South Run,Week1,Lincolnia Park,Week3,244.0 South Run - 139.0 Lincolnia Park
South Run,Week2,Lincolnia Park,Week5,236.0 South Run - 154.0 Lincolnia Park
Springfield,Week5,Fair Oaks ,Week1,370.0 Fair Oaks - 30.0 Springfield
Springfield,Week4,Fair Oaks ,Week4,355.0 Fair Oaks - 45.0 Springfield
South Run,Week5,Sideburn Run,Week2,225.0 South Run - 177.0 Sideburn Run
Springboard,Week2,Mansion House,Week4,295.0 Mansion House - 101.0 Springboard
Springboard,Week3,Parliament,Week2,255.0 Parliament - 146.0 Springboard
Springboard,Week4,Long Branch,Week5,243.5 Long Branch - 157.5 Springboard
South Run,Week4,Newington Forest,Week5,228.0 South Run - 174.0 Newington Forest
South Run,Week5,Sideburn Run,Week1,214.0 South Run - 188.0 Sideburn Run
South Run,Week4,North Springfield,Week5,229.0 South Run - 139.0 North Springfield
South Run,Week5,Lee Graham,Week4,277.0 Lee Graham - 125.0 South Run
South Run,Week5,Shouse Village,Week4,232.0 Shouse Village - 170.0 South Run
South Run,Week5,Lincolnia Park,Week4,293.0 South Run - 109.0 Lincolnia Park
Springboard,Week4,Parliament,Week2,254.0 Parliament - 139.0 Springboard
Springboard,Week4,Long Branch,Week1,211.0 Long Branch - 179.0 Springboard
Springboard,Week4,Mansion House,Week4,266.0 Mansion House - 130.0 Springboard
Springboard,Week5,Long Branch,Week1,222.0 Long Branch - 176.0 Springboard
Springboard,Week4,Long Branch,Week2,211.0 Long Branch - 190.0 Springboard
South Run,Week2,Rutherford,Week4,212.0 South Run - 184.0 Rutherford
South Run,Week2,Sideburn Run,Week5,242.0 Sideburn Run - 160.0 South Run
Springfield,Week1,Fairfax,Week3,386.0 Fairfax - 15.0 Springfield
South Run,Week3,Sideburn Run,Week2,204.0 South Run - 198.0 Sideburn Run
Springfield,Week5,Fair Oaks ,Week5,374.0 Fair Oaks - 26.0 Springfield
Springboard,Week1,Parliament,Week1,277.0 Parliament - 120.0 Springboard
South Run,Week5,North Springfield,Week5,258.0 South Run - 116.0 North Springfield
Springboard,Week1,Parliament,Week3,289.0 Parliament - 113.0 Springboard
South Run,Week1,Rutherford,Week4,219.0 South Run - 169.0 Rutherford
South Run,Week5,Lee Graham,Week5,282.0 Lee Graham - 120.0 South Run
Springboard,Week4,Parliament,Week3,284.0 Parliament - 118.0 Springboard
South Run,Week4,Shouse Village,Week4,248.0 Shouse Village - 154.0 South Run
South Run,Week1,Rutherford,Week1,244.0 South Run - 148.0 Rutherford
South Run,Week2,Lincolnia Park,Week1,267.0 South Run - 134.0 Lincolnia Park
South Run,Week5,Lee Graham,Week3,267.0 Lee Graham - 135.0 South Run
Springboard,Week4,Parliament,Week5,260.0 Parliament - 136.0 Springboard
Springboard,Week3,Mansion House,Week5,303.0 Mansion House - 99.0 Springboard
South Run,Week5,Rolling Valley,Week3,266.0 South Run - 136.0 Rolling Valley
South Run,Week1,Oakton ,Week3,238.0 Oakton - 155.0 South Run
Springboard,Week4,Mansion House,Week2,275.0 Mansion House - 121.0 Springboard
South Run,Week5,North Springfield,Week3,283.0 South Run - 112.0 North Springfield
South Run,Week4,Sideburn Run,Week1,229.0 Sideburn Run - 173.0 South Run
South Run,Week4,Sideburn Run,Week5,248.0 Sideburn Run - 154.0 South Run
Springboard,Week4,Parliament,Week4,261.0 Parliament - 135.0 Springboard
South Run,Week3,Lincolnia Park,Week4,280.0 South Run - 119.0 Lincolnia Park
Springboard,Week5,Long Branch,Week2,213.0 Long Branch - 185.0 Springboard
Springboard,Week4,Parliament,Week1,263.0 Parliament - 132.0 Springboard
Springfield,Week3,Fairfax,Week2,384.0 Fairfax - 18.0 Springfield
South Run,Week1,Rutherford,Week3,223.0 South Run - 164.0 Rutherford
South Run,Week1,Lincolnia Park,Week5,237.0 South Run - 146.0 Lincolnia Park
Springfield,Week1,Fairfax,Week2,389.0 Fairfax - 13.0 Springfield
South Run,Week3,Sideburn Run,Week4,219.0 Sideburn Run - 183.0 South Run
Springboard,Week3,Mansion House,Week2,284.0 Mansion House - 114.0 Springboard
Springboard,Week5,Parliament,Week2,251.0 Parliament - 148.0 Springboard
South Run,Week5,Rolling Valley,Week4,265.0 South Run - 137.0 Rolling Valley
South Run,Week2,North Springfield,Week5,233.0 South Run - 135.0 North Springfield
Springfield,Week2,Fairfax,Week4,385.5 Fairfax - 15.5 Springfield
South Run,Week4,Sideburn Run,Week4,241.5 Sideburn Run - 160.5 South Run
Springfield,Week1,Fairfax,Week1,385.0 Fairfax - 16.0 Springfield
South Run,Week3,Lincolnia Park,Week3,249.0 South Run - 143.0 Lincolnia Park
South Run,Week3,Rutherford,Week1,250.0 South Run - 151.0 Rutherford
South Run,Week1,North Springfield,Week4,281.0 South Run - 101.0 North Springfield
South Run,Week2,North Springfield,Week2,251.0 South Run - 131.0 North Springfield
Springfield,Week5,Fair Oaks ,Week4,367.0 Fair Oaks - 35.0 Springfield
Springfield,Week3,Fairfax,Week1,382.0 Fairfax - 20.0 Springfield
Springboard,Week5,Parliament,Week5,255.0 Parliament - 144.0 Springboard
South Run,Week2,Rutherford,Week5,215.0 South Run - 186.0 Rutherford
South Run,Week3,North Springfield,Week5,248.0 South Run - 125.0 North Springfield
South Run,Week3,Oakton ,Week1,268.0 Oakton - 134.0 South Run
South Run,Week2,Lincolnia Park,Week4,255.5 South Run - 139.5 Lincolnia Park
Springboard,Week5,Mansion House,Week5,296.0 Mansion House - 106.0 Springboard
South Run,Week2,Rutherford,Week3,209.0 South Run - 187.0 Rutherford
South Run,Week5,Sideburn Run,Week4,220.0 South Run - 182.0 Sideburn Run
Springboard,Week1,Mantua,Week1,298.0 Mantua - 101.0 Springboard
Springfield,Week3,Fairfax,Week3,378.0 Fairfax - 20.0 Springfield
South Run,Week1,Oakton ,Week2,243.0 Oakton - 150.0 South Run
Springfield,Week5,Fairfax,Week1,379.0 Fairfax - 21.0 Springfield
South Run,Week1,Rutherford,Week5,225.0 South Run - 167.0 Rutherford
Springboard,Week2,Mantua,Week3,363.0 Mantua - 38.0 Springboard
South Run,Week3,Lincolnia Park,Week5,247.0 South Run - 145.0 Lincolnia Park
South Run,Week5,Sideburn Run,Week5,213.0 Sideburn Run - 189.0 South Run
Springboard,Week5,Parliament,Week3,263.0 Parliament - 138.0 Springboard
South Run,Week3,Rutherford,Week2,242.0 South Run - 159.0 Rutherford
Springboard,Week3,Parliament,Week4,262.0 Parliament - 139.0 Springboard
South Run,Week3,Rutherford,Week4,228.0 South Run - 174.0 Rutherford
South Run,Week1,Sleepy Hollow B & R,Week1,210.0 Sleepy Hollow B & R - 183.0 South Run
South Run,Week4,Lincolnia Park,Week2,262.0 South Run - 125.0 Lincolnia Park
South Run,Week4,Lincolnia Park,Week4,264.0 South Run - 123.0 Lincolnia Park
South Run,Week5,Lincolnia Park,Week2,295.0 South Run - 97.0 Lincolnia Park
South Run,Week2,Sleepy Hollow B & R,Week1,220.0 Sleepy Hollow B & R - 182.0 South Run
Springboard,Week1,Pinecrest,Week1,318.0 Pinecrest - 84.0 Springboard
Springfield,Week4,Fairfax,Week3,383.0 Fairfax - 18.0 Springfield
South Run,Week3,North Springfield,Week1,270.0 South Run - 80.0 North Springfield
Springboard,Week2,Parliament,Week5,290.0 Parliament - 102.0 Springboard
South Run,Week3,Oakton ,Week3,262.0 Oakton - 140.0 South Run
South Run,Week1,Sleepy Hollow Rec,Week4,242.0 South Run - 151.0 Sleepy Hollow Rec
South Run,Week3,North Springfield,Week3,267.0 South Run - 129.0 North Springfield
Springboard,Week1,Mantua,Week5,346.0 Mantua - 55.0 Springboard
Springboard,Week3,Mantua,Week1,299.0 Mantua - 101.0 Springboard
South Run,Week3,Rutherford,Week5,224.0 South Run - 177.0 Rutherford
South Run,Week2,Sleepy Hollow Rec,Week1,224.0 South Run - 173.0 Sleepy Hollow Rec
Springboard,Week4,Mantua,Week2,314.0 Mantua - 88.0 Springboard
South Run,Week4,Lincolnia Park,Week5,236.0 South Run - 155.0 Lincolnia Park
Springboard,Week2,Parliament,Week1,292.0 Parliament - 99.0 Springboard
Springfield,Week3,Fairfax,Week4,384.0 Fairfax - 14.0 Springfield
South Run,Week3,Rutherford,Week3,239.0 South Run - 162.0 Rutherford
Springfield,Week2,Fairfax,Week5,394.0 Fairfax - 7.0 Springfield
Springboard,Week5,Mansion House,Week1,288.0 Mansion House - 113.0 Springboard
South Run,Week3,North Springfield,Week4,284.0 South Run - 107.0 North Springfield
Springfield,Week4,Fairfax,Week2,388.0 Fairfax - 14.0 Springfield
South Run,Week1,Little Hunting Park,Week2,253.0 South Run - 139.0 Little Hunting Park
Springboard,Week1,Mantua,Week4,327.0 Mantua - 75.0 Springboard
South Run,Week1,North Springfield,Week5,249.0 South Run - 115.0 North Springfield
Springfield,Week5,Fairfax,Week3,388.0 Fairfax - 13.0 Springfield
Springboard,Week5,Mansion House,Week2,273.0 Mansion House - 125.0 Springboard
Springboard,Week2,Mantua,Week1,330.0 Mantua - 65.0 Springboard
South Run,Week3,Shouse Village,Week4,239.0 Shouse Village - 163.0 South Run
South Run,Week5,Lincolnia Park,Week3,264.0 South Run - 129.0 Lincolnia Park
Springfield,Week1,Fairfax,Week5,388.0 Fairfax - 13.0 Springfield
Springboard,Week1,Parliament,Week2,259.0 Parliament - 138.0 Springboard
South Run,Week5,Sleepy Hollow B & R,Week5,237.0 Sleepy Hollow B & R - 165.0 South Run
Springboard,Week1,Parliament,Week4,270.0 Parliament - 130.0 Springboard
Springfield,Week1,Fairfax Club Estates,Week1,327.0 Fairfax Club Estates - 68.0 Springfield
South Run,Week1,Shouse Village,Week3,208.0 Shouse Village - 185.0 South Run
Springboard,Week3,Parliament,Week5,258.0 Parliament - 139.0 Springboard
South Run,Week1,Little Hunting Park,Week3,248.0 South Run - 145.0 Little Hunting Park
Springboard,Week5,Parklawn,Week5,203.0 Parklawn - 190.0 Springboard
South Run,Week2,Shouse Village,Week2,206.0 Shouse Village - 196.0 South Run
South Run,Week2,North Springfield,Week4,268.0 South Run - 117.0 North Springfield
South Run,Week4,Rutherford,Week1,237.0 South Run - 164.0 Rutherford
Springboard,Week1,Parliament,Week5,260.0 Parliament - 136.0 Springboard
Springboard,Week5,Mansion House,Week4,254.0 Mansion House - 147.0 Springboard
South Run,Week5,Sleepy Hollow B & R,Week1,209.0 South Run - 193.0 Sleepy Hollow B & R
Springboard,Week1,McLean,Week3,338.0 McLean - 64.0 Springboard
Springfield,Week1,Fairfax Club Estates,Week2,319.0 Fairfax Club Estates - 66.0 Springfield
South Run,Week2,Sleepy Hollow B & R,Week5,257.0 Sleepy Hollow B & R - 145.0 South Run
South Run,Week4,North Springfield,Week1,250.0 South Run - 94.0 North Springfield
Springboard,Week2,Parliament,Week2,275.0 Parliament - 121.0 Springboard
South Run,Week1,Little Hunting Park,Week4,250.0 South Run - 142.0 Little Hunting Park
Springboard,Week1,McLean,Week2,341.0 McLean - 60.0 Springboard
South Run,Week1,Sleepy Hollow B & R,Week4,219.0 Sleepy Hollow B & R - 174.0 South Run
South Run,Week1,Little Hunting Park,Week1,244.0 South Run - 145.0 Little Hunting Park
Springboard,Week1,Pinecrest,Week2,336.0 Pinecrest - 65.0 Springboard
Springboard,Week1,McLean,Week1,336.0 McLean - 66.0 Springboard
South Run,Week5,North Springfield,Week1,280.0 South Run - 71.0 North Springfield
Springboard,Week5,Parliament,Week4,262.0 Parliament - 140.0 Springboard
South Run,Week2,North Springfield,Week1,248.0 South Run - 96.0 North Springfield
Springfield,Week2,Fairfax,Week2,387.0 Fairfax - 15.0 Springfield
South Run,Week1,North Springfield,Week3,262.0 South Run - 125.0 North Springfield
South Run,Week4,Shouse Village,Week3,235.0 Shouse Village - 167.0 South Run
South Run,Week1,Sleepy Hollow B & R,Week5,238.0 Sleepy Hollow B & R - 155.0 South Run
South Run,Week3,Little Hunting Park,Week5,219.0 South Run - 183.0 Little Hunting Park
South Run,Week2,Shouse Village,Week1,223.0 Shouse Village - 175.0 South Run
South Run,Week3,Sleepy Hollow B & R,Week5,261.0 Sleepy Hollow B & R - 141.0 South Run
Springfield,Week5,Fairfax,Week5,391.0 Fairfax - 9.0 Springfield
South Run,Week5,Sleepy Hollow B & R,Week2,204.0 Sleepy Hollow B & R - 198.0 South Run
South Run,Week4,Shouse Village,Week2,213.0 Shouse Village - 188.0 South Run
South Run,Week1,Little Hunting Park,Week5,226.0 South Run - 166.0 Little Hunting Park
South Run,Week1,Shouse Village,Week2,202.0 South Run - 191.0 Shouse Village
South Run,Week3,Little Hunting Park,Week1,247.0 South Run - 151.0 Little Hunting Park
South Run,Week2,Sleepy Hollow B & R,Week2,223.0 Sleepy Hollow B & R - 179.0 South Run
South Run,Week1,Oakton ,Week1,241.0 Oakton - 152.0 South Run
South Run,Week1,North Springfield,Week2,271.0 South Run - 108.0 North Springfield
Springfield,Week5,Fairfax,Week4,388.0 Fairfax - 12.0 Springfield
South Run,Week3,Sleepy Hollow B & R,Week3,237.5 Sleepy Hollow B & R - 164.5 South Run
Springboard,Week1,Pinewood Lake,Week2,303.0 Springboard - 88.0 Pinewood Lake
South Run,Week2,Little Rocky Run,Week3,299.0 Little Rocky Run - 103.0 South Run
South Run,Week2,Little Hunting Park,Week2,252.0 South Run - 149.0 Little Hunting Park
Springboard,Week4,Mantua,Week3,343.0 Mantua - 59.0 Springboard
Springboard,Week5,Pinecrest,Week2,323.5 Pinecrest - 77.5 Springboard
South Run,Week3,Shouse Village,Week5,228.0 Shouse Village - 174.0 South Run
Springfield,Week1,Fairfax Club Estates,Week4,345.0 Fairfax Club Estates - 54.0 Springfield
South Run,Week4,North Springfield,Week2,260.0 South Run - 123.0 North Springfield
South Run,Week2,North Springfield,Week3,245.0 South Run - 143.0 North Springfield
Springfield,Week1,Fairfax Club Estates,Week3,327.5 Fairfax Club Estates - 54.5 Springfield
Springboard,Week5,Mansion House,Week3,279.0 Mansion House - 122.0 Springboard
South Run,Week1,Sleepy Hollow B & R,Week3,220.0 Sleepy Hollow B & R - 173.0 South Run
South Run,Week4,Rutherford,Week3,221.0 South Run - 180.0 Rutherford
South Run,Week2,Little Hunting Park,Week4,236.0 South Run - 165.0 Little Hunting Park
Springboard,Week3,Mantua,Week3,341.0 Mantua - 60.0 Springboard
South Run,Week3,Sleepy Hollow B & R,Week2,218.0 Sleepy Hollow B & R - 184.0 South Run
Springfield,Week3,Fairfax,Week5,388.0 Fairfax - 9.0 Springfield
South Run,Week4,North Springfield,Week4,254.0 South Run - 125.0 North Springfield
Springboard,Week2,Pinecrest,Week3,346.0 Pinecrest - 56.0 Springboard
Springboard,Week2,Mantua,Week2,340.0 Mantua - 55.0 Springboard
Springboard,Week3,Mantua,Week5,344.0 Mantua - 57.0 Springboard
South Run,Week3,Shouse Village,Week3,223.0 Shouse Village - 179.0 South Run
Springboard,Week4,Pinecrest,Week1,315.0 Pinecrest - 87.0 Springboard
Springfield,Week4,Fairfax,Week1,385.0 Fairfax - 16.0 Springfield
South Run,Week3,North Springfield,Week2,276.0 South Run - 111.0 North Springfield
South Run,Week2,Shouse Village,Week3,224.0 Shouse Village - 178.0 South Run
Springfield,Week4,Fairfax,Week4,382.0 Fairfax - 19.0 Springfield
South Run,Week1,Little Rocky Run,Week1,238.0 Little Rocky Run - 155.0 South Run
South Run,Week3,Sleepy Hollow B & R,Week1,209.5 Sleepy Hollow B & R - 192.5 South Run
Springboard,Week3,Pinecrest,Week5,336.0 Pinecrest - 62.0 Springboard
Springboard,Week4,Mantua,Week5,338.0 Mantua - 64.0 Springboard
South Run,Week5,Sleepy Hollow B & R,Week4,225.5 Sleepy Hollow B & R - 176.5 South Run
South Run,Week5,Little Hunting Park,Week5,233.0 South Run - 169.0 Little Hunting Park
South Run,Week1,Shouse Village,Week1,215.0 Shouse Village - 178.0 South Run
South Run,Week3,Shouse Village,Week2,210.0 South Run - 192.0 Shouse Village
Springboard,Week5,Pinecrest,Week3,321.0 Pinecrest - 81.0 Springboard
South Run,Week1,Little Rocky Run,Week5,259.0 Little Rocky Run - 134.0 South Run
South Run,Week4,North Springfield,Week3,252.0 South Run - 138.0 North Springfield
Springfield,Week2,Fairfax,Week1,381.0 Fairfax - 20.0 Springfield
Springfield,Week4,Fairfax,Week5,391.0 Fairfax - 10.0 Springfield
South Run,Week3,Sleepy Hollow B & R,Week4,241.0 Sleepy Hollow B & R - 161.0 South Run
Springboard,Week1,Mantua,Week2,312.0 Mantua - 88.0 Springboard
South Run,Week2,Sleepy Hollow B & R,Week3,235.0 Sleepy Hollow B & R - 167.0 South Run
South Run,Week3,Little Hunting Park,Week4,250.0 South Run - 151.0 Little Hunting Park
South Run,Week5,North Springfield,Week2,287.0 South Run - 101.0 North Springfield
South Run,Week2,Oakton ,Week3,260.0 Oakton - 137.0 South Run
South Run,Week5,North Springfield,Week4,286.0 South Run - 105.0 North Springfield
Springboard,Week3,Pinewood Lake,Week1,332.0 Springboard - 58.0 Pinewood Lake
Springboard,Week3,Mantua,Week4,324.0 Mantua - 78.0 Springboard
South Run,Week3,Little Rocky Run,Week1,255.0 Little Rocky Run - 147.0 South Run
Springboard,Week1,Pinecrest,Week5,323.0 Pinecrest - 75.0 Springboard
Springboard,Week3,Pinecrest,Week3,341.0 Pinecrest - 61.0 Springboard
South Run,Week3,Little Rocky Run,Week5,280.0 Little Rocky Run - 122.0 South Run
Springboard,Week4,Mantua,Week4,325.0 Mantua - 77.0 Springboard
South Run,Week5,Little Rocky Run,Week2,238.5 Little Rocky Run - 163.5 South Run
Springboard,Week2,Pinewood Lake,Week3,301.0 Springboard - 85.0 Pinewood Lake
South Run,Week1,Shouse Village,Week4,233.5 Shouse Village - 159.5 South Run
South Run,Week4,Sleepy Hollow B & R,Week4,249.0 Sleepy Hollow B & R - 153.0 South Run
Springfield,Week2,Fairfax Club Estates,Week5,321.0 Fairfax Club Estates - 70.0 Springfield
South Run,Week2,Oakton ,Week4,279.0 Oakton - 123.0 South Run
South Run,Week5,Rutherford,Week5,250.0 South Run - 152.0 Rutherford
Springboard,Week2,Mantua,Week5,363.0 Mantua - 38.0 Springboard
Springboard,Week1,Mantua,Week3,339.0 Mantua - 62.0 Springboard
South Run,Week2,Oakton ,Week1,274.0 Oakton - 128.0 South Run
South Run,Week1,Sleepy Hollow Rec,Week2,237.5 South Run - 155.5 Sleepy Hollow Rec
Springboard,Week2,Pinecrest,Week4,344.0 Pinecrest - 58.0 Springboard
Springfield,Week2,Fairfax,Week3,384.0 Fairfax - 17.0 Springfield
South Run,Week5,Sleepy Hollow B & R,Week3,215.5 Sleepy Hollow B & R - 186.5 South Run
South Run,Week4,Sleepy Hollow B & R,Week1,226.0 Sleepy Hollow B & R - 176.0 South Run
Springfield,Week2,Fairfax Club Estates,Week3,320.0 Fairfax Club Estates - 64.0 Springfield
South Run,Week3,Shouse Village,Week1,211.0 Shouse Village - 190.0 South Run
South Run,Week2,Oakton ,Week2,275.0 Oakton - 127.0 South Run
South Run,Week4,Rutherford,Week4,224.0 South Run - 177.0 Rutherford
South Run,Week4,Rutherford,Week5,210.0 South Run - 191.0 Rutherford
Springboard,Week2,Mantua,Week4,347.0 Mantua - 55.0 Springboard
Springfield,Week1,Fairfax Station,Week4,381.0 Fairfax Station - 18.0 Springfield
South Run,Week1,Oakton ,Week5,256.0 Oakton - 137.0 South Run
Springfield,Week5,Fairfax,Week2,388.0 Fairfax - 14.0 Springfield
Springboard,Week3,Pinewood Lake,Week2,320.0 Springboard - 70.0 Pinewood Lake
Springboard,Week4,Mantua,Week1,306.0 Mantua - 90.0 Springboard
South Run,Week1,Sleepy Hollow Rec,Week1,224.0 South Run - 164.0 Sleepy Hollow Rec
South Run,Week4,Sleepy Hollow B & R,Week5,258.0 Sleepy Hollow B & R - 144.0 South Run
South Run,Week1,Oakton ,Week4,244.0 Oakton - 149.0 South Run
South Run,Week4,Little Rocky Run,Week2,256.0 Little Rocky Run - 146.0 South Run
South Run,Week2,Sleepy Hollow B & R,Week4,238.0 Sleepy Hollow B & R - 164.0 South Run
South Run,Week1,Shouse Village,Week5,224.0 Shouse Village - 169.0 South Run
Springfield,Week1,Fairfax Station,Week1,386.0 Fairfax Station - 11.0 Springfield
Springfield,Week2,Fairfax Station,Week4,379.0 Fairfax Station - 21.0 Springfield
Springboard,Week3,Mantua,Week2,311.0 Mantua - 89.0 Springboard
Springboard,Week4,Pinecrest,Week5,321.0 Pinecrest - 80.0 Springboard
South Run,Week2,Little Hunting Park,Week3,241.0 South Run - 161.0 Little Hunting Park
South Run,Week5,Rutherford,Week3,248.0 South Run - 154.0 Rutherford
Springfield,Week2,Fairfax Station,Week3,390.0 Fairfax Station - 11.0 Springfield
South Run,Week4,Little Hunting Park,Week1,238.0 South Run - 160.0 Little Hunting Park
Springboard,Week2,Pinewood Lake,Week1,308.0 Springboard - 75.0 Pinewood Lake
Springboard,Week5,Mantua,Week1,304.0 Mantua - 97.0 Springboard
South Run,Week3,Little Hunting Park,Week2,244.0 South Run - 157.0 Little Hunting Park
South Run,Week2,Oakton ,Week5,298.0 Oakton - 104.0 South Run
South Run,Week5,Rutherford,Week2,262.0 South Run - 140.0 Rutherford
South Run,Week2,Shouse Village,Week5,237.0 Shouse Village - 164.0 South Run
South Run,Week4,Sleepy Hollow B & R,Week2,216.5 Sleepy Hollow B & R - 185.5 South Run
South Run,Week1,Sleepy Hollow Rec,Week3,223.0 South Run - 170.0 Sleepy Hollow Rec
South Run,Week4,Little Hunting Park,Week5,209.0 South Run - 193.0 Little Hunting Park
South Run,Week3,Mosby Woods,Week1,268.0 Mosby Woods - 134.0 South Run
Springboard,Week3,Pinecrest,Week2,327.0 Pinecrest - 74.0 Springboard
South Run,Week2,Shouse Village,Week4,246.0 Shouse Village - 156.0 South Run
Springfield,Week5,Fairfax Club Estates,Week1,344.0 Fairfax Club Estates - 45.0 Springfield
South Run,Week2,Little Hunting Park,Week5,207.0 South Run - 195.0 Little Hunting Park
South Run,Week5,Little Hunting Park,Week4,263.0 South Run - 139.0 Little Hunting Park
Springboard,Week5,Mantua,Week2,299.0 Mantua - 102.0 Springboard
Springfield,Week2,Fairfax Station,Week5,390.0 Fairfax Station - 12.0 Springfield
South Run,Week4,Sleepy Hollow B & R,Week3,232.0 Sleepy Hollow B & R - 170.0 South Run
South Run,Week3,Oakton ,Week2,276.0 Oakton - 126.0 South Run
Springboard,Week5,Mantua,Week3,335.0 Mantua - 66.0 Springboard
Springboard,Week1,Pinecrest,Week4,340.0 Pinecrest - 62.0 Springboard
Springboard,Week3,Pinecrest,Week1,323.0 Pinecrest - 79.0 Springboard
South Run,Week4,Shouse Village,Week1,223.0 Shouse Village - 175.0 South Run
Springfield,Week3,Fairfax Club Estates,Week4,341.0 Fairfax Club Estates - 53.0 Springfield
South Run,Week5,Mosby Woods,Week5,254.0 Mosby Woods - 148.0 South Run
Springfield,Week5,Fairfax Club Estates,Week2,327.0 Fairfax Club Estates - 52.0 Springfield
South Run,Week1,Mount Vernon Park,Week1,240.0 Mount Vernon Park - 153.0 South Run
South Run,Week5,Rutherford,Week4,254.0 South Run - 148.0 Rutherford
South Run,Week4,Poplar Heights,Week3,238.0 Poplar Heights - 164.0 South Run
South Run,Week2,Sleepy Hollow Rec,Week2,235.0 South Run - 167.0 Sleepy Hollow Rec
South Run,Week5,Rutherford,Week1,274.0 South Run - 128.0 Rutherford
South Run,Week3,Mosby Woods,Week2,270.0 Mosby Woods - 132.0 South Run
South Run,Week2,Mount Vernon Park,Week4,255.0 Mount Vernon Park - 147.0 South Run
Springfield,Week1,Fairfax Club Estates,Week5,331.0 Fairfax Club Estates - 59.0 Springfield
Springfield,Week5,Fairfax Club Estates,Week5,334.0 Fairfax Club Estates - 50.0 Springfield
South Run,Week3,Little Hunting Park,Week3,238.0 South Run - 164.0 Little Hunting Park
Springboard,Week2,Pinecrest,Week1,333.0 Pinecrest - 69.0 Springboard
Springboard,Week2,Pinecrest,Week2,343.0 Pinecrest - 58.0 Springboard
Springboard,Week5,McLean,Week5,337.5 McLean - 64.5 Springboard
South Run,Week1,Little Rocky Run,Week4,254.0 Little Rocky Run - 139.0 South Run
Springboard,Week4,Pinecrest,Week2,324.5 Pinecrest - 77.5 Springboard
Springboard,Week4,McLean,Week1,338.0 McLean - 59.0 Springboard
South Run,Week5,Sleepy Hollow Rec,Week2,263.0 South Run - 139.0 Sleepy Hollow Rec
South Run,Week4,Sleepy Hollow Rec,Week3,216.5 South Run - 185.5 Sleepy Hollow Rec
South Run,Week2,Poplar Heights,Week4,243.0 Poplar Heights - 159.0 South Run
South Run,Week1,Sleepy Hollow Rec,Week5,224.0 South Run - 169.0 Sleepy Hollow Rec
Springboard,Week5,Mantua,Week4,326.0 Mantua - 76.0 Springboard
Springboard,Week3,Pinecrest,Week4,346.0 Pinecrest - 56.0 Springboard
Springboard,Week5,Mantua,Week5,336.0 Mantua - 65.0 Springboard
South Run,Week5,Little Hunting Park,Week3,268.0 South Run - 134.0 Little Hunting Park
South Run,Week4,Little Hunting Park,Week2,243.0 South Run - 158.0 Little Hunting Park
Springfield,Week2,Fairfax Station,Week1,387.0 Fairfax Station - 13.0 Springfield
South Run,Week5,Poplar Heights,Week1,220.0 Poplar Heights - 182.0 South Run
South Run,Week1,Little Rocky Run,Week3,268.0 Little Rocky Run - 125.0 South Run
South Run,Week1,Poplar Tree,Week4,222.0 Poplar Tree - 171.0 South Run
Springboard,Week1,Pinewood Lake,Week1,318.0 Springboard - 71.0 Pinewood Lake
Springfield,Week4,Fairfax Club Estates,Week1,316.5 Fairfax Club Estates - 74.5 Springfield
South Run,Week3,Sleepy Hollow Rec,Week5,224.0 South Run - 178.0 Sleepy Hollow Rec
South Run,Week5,Little Hunting Park,Week1,273.0 South Run - 128.0 Little Hunting Park
South Run,Week2,Sleepy Hollow Rec,Week4,229.0 South Run - 172.0 Sleepy Hollow Rec
Springfield,Week4,Fairfax Club Estates,Week5,317.0 Fairfax Club Estates - 69.0 Springfield
Springboard,Week4,Pinecrest,Week3,333.0 Pinecrest - 69.0 Springboard
South Run,Week4,Mosby Woods,Week2,281.0 Mosby Woods - 121.0 South Run
Springboard,Week1,McLean,Week4,331.0 McLean - 71.0 Springboard
Springboard,Week5,McLean,Week4,321.0 McLean - 80.0 Springboard
Springboard,Week2,Mosby Woods,Week1,337.0 Mosby Woods - 65.0 Springboard
South Run,Week1,Poplar Heights,Week4,231.0 Poplar Heights - 162.0 South Run
Springboard,Week5,Pinecrest,Week4,328.0 Pinecrest - 74.0 Springboard
South Run,Week3,Mosby Woods,Week4,244.0 Mosby Woods - 158.0 South Run
South Run,Week2,Little Rocky Run,Week1,268.0 Little Rocky Run - 134.0 South Run
Springboard,Week1,Mosby Woods,Week1,317.0 Mosby Woods - 85.0 Springboard
Springfield,Week1,Fairfax Station,Week5,386.0 Fairfax Station - 14.0 Springfield
South Run,Week3,Poplar Heights,Week1,226.0 Poplar Heights - 176.0 South Run
Springboard,Week5,Pinecrest,Week5,317.0 Pinecrest - 81.0 Springboard
South Run,Week5,Sleepy Hollow Rec,Week1,254.0 South Run - 148.0 Sleepy Hollow Rec
South Run,Week5,Little Hunting Park,Week2,270.0 South Run - 132.0 Little Hunting Park
South Run,Week2,Poplar Tree,Week1,258.0 Poplar Tree - 144.0 South Run
South Run,Week1,Somerset-Olde Creek,Week1,292.0 South Run - 98.0 Somerset-Olde Creek
Springboard,Week3,McLean,Week4,325.5 McLean - 76.5 Springboard
Springboard,Week5,McLean,Week3,317.0 McLean - 85.0 Springboard
South Run,Week5,Mosby Woods,Week2,265.0 Mosby Woods - 137.0 South Run
South Run,Week5,Poplar Heights,Week2,232.0 Poplar Heights - 170.0 South Run
South Run,Week1,Little Rocky Run,Week2,249.0 Little Rocky Run - 144.0 South Run
South Run,Week2,Mosby Woods,Week4,251.0 Mosby Woods - 151.0 South Run
Springfield,Week3,Fairfax Club Estates,Week3,324.0 Fairfax Club Estates - 59.0 Springfield
South Run,Week4,Little Hunting Park,Week3,234.0 South Run - 168.0 Little Hunting Park
Springboard,Week2,Pinecrest,Week5,341.0 Pinecrest - 52.0 Springboard
Springfield,Week4,Fairfax Club Estates,Week3,316.0 Fairfax Club Estates - 69.0 Springfield
Springfield,Week2,Fairfax Club Estates,Week1,326.0 Fairfax Club Estates - 63.0 Springfield
Springfield,Week5,Fairfax Club Estates,Week3,338.0 Fairfax Club Estates - 44.0 Springfield
South Run,Week2,Mosby Woods,Week3,257.0 Mosby Woods - 139.0 South Run
South Run,Week4,Sleepy Hollow Rec,Week1,229.0 South Run - 173.0 Sleepy Hollow Rec
South Run,Week1,Somerset-Olde Creek,Week3,286.0 South Run - 100.0 Somerset-Olde Creek
South Run,Week3,Mosby Woods,Week3,250.0 Mosby Woods - 152.0 South Run
South Run,Week5,Mosby Woods,Week3,251.0 Mosby Woods - 151.0 South Run
South Run,Week2,Poplar Tree,Week3,253.0 Poplar Tree - 149.0 South Run
South Run,Week3,Sleepy Hollow Rec,Week2,247.0 South Run - 155.0 Sleepy Hollow Rec
South Run,Week2,Little Rocky Run,Week2,268.5 Little Rocky Run - 133.5 South Run
Springboard,Week5,Pinecrest,Week1,319.0 Pinecrest - 83.0 Springboard
Springboard,Week2,Mosby Woods,Week3,339.0 Mosby Woods - 57.0 Springboard
South Run,Week4,Somerset-Olde Creek,Week1,265.0 South Run - 128.0 Somerset-Olde Creek
South Run,Week3,Mount Vernon Park,Week1,270.0 Mount Vernon Park - 132.0 South Run
South Run,Week4,Little Hunting Park,Week4,243.0 South Run - 158.0 Little Hunting Park
Springboard,Week4,Pinecrest,Week4,328.0 Pinecrest - 74.0 Springboard
Springboard,Week1,Mosby Woods,Week2,325.0 Mosby Woods - 77.0 Springboard
South Run,Week3,Poplar Heights,Week5,247.0 Poplar Heights - 155.0 South Run
South Run,Week5,Poplar Heights,Week3,217.0 Poplar Heights - 185.0 South Run
Springboard,Week1,Pinewood Lake,Week4,302.0 Springboard - 90.0 Pinewood Lake
South Run,Week2,Little Rocky Run,Week4,286.0 Little Rocky Run - 116.0 South Run
South Run,Week5,Mosby Woods,Week4,232.0 Mosby Woods - 170.0 South Run
Springboard,Week1,Mosby Woods,Week4,317.0 Mosby Woods - 85.0 Springboard
South Run,Week5,Sleepy Hollow Rec,Week4,256.0 South Run - 146.0 Sleepy Hollow Rec
South Run,Week1,Mount Vernon Park,Week2,245.0 Mount Vernon Park - 148.0 South Run
Springfield,Week3,Fairfax Club Estates,Week1,329.0 Fairfax Club Estates - 67.0 Springfield
Springfield,Week3,Fairfax Club Estates,Week5,324.0 Fairfax Club Estates - 57.0 Springfield
Springboard,Week1,Pinewood Lake,Week3,314.0 Springboard - 75.0 Pinewood Lake
Springfield,Week3,Fairfax Club Estates,Week2,315.0 Fairfax Club Estates - 68.0 Springfield
South Run,Week2,Poplar Heights,Week2,254.0 Poplar Heights - 148.0 South Run
South Run,Week2,Little Rocky Run,Week5,295.0 Little Rocky Run - 107.0 South Run
Springboard,Week2,Pinewood Lake,Week4,291.0 Springboard - 100.0 Pinewood Lake
South Run,Week4,Sleepy Hollow Rec,Week4,233.0 South Run - 169.0 Sleepy Hollow Rec
South Run,Week1,Mount Vernon Park,Week5,275.0 Mount Vernon Park - 117.0 South Run
Springboard,Week4,McLean,Week3,334.0 McLean - 63.0 Springboard
Springfield,Week4,Fairfax Club Estates,Week2,310.0 Fairfax Club Estates - 78.0 Springfield
Springboard,Week2,Pinewood Lake,Week2,289.0 Springboard - 95.0 Pinewood Lake
Springboard,Week2,Mosby Woods,Week2,348.0 Mosby Woods - 54.0 Springboard
Springboard,Week1,Pinewood Lake,Week5,307.0 Springboard - 86.0 Pinewood Lake
South Run,Week2,Mount Vernon Park,Week2,258.0 Mount Vernon Park - 144.0 South Run
South Run,Week3,Mosby Woods,Week5,271.0 Mosby Woods - 131.0 South Run
Springfield,Week2,Fairfax Club Estates,Week4,342.0 Fairfax Club Estates - 50.0 Springfield
South Run,Week2,Sleepy Hollow Rec,Week5,212.0 South Run - 190.0 Sleepy Hollow Rec
Springboard,Week5,McLean,Week2,333.5 McLean - 67.5 Springboard
Springboard,Week1,Pleasant Valley,Week2,245.0 Springboard - 148.0 Pleasant Valley
South Run,Week2,Poplar Heights,Week5,246.0 Poplar Heights - 156.0 South Run
Springboard,Week2,Pinewood Lake,Week5,289.0 Springboard - 101.0 Pinewood Lake
South Run,Week3,Little Rocky Run,Week4,280.0 Little Rocky Run - 122.0 South Run
South Run,Week1,Poplar Tree,Week3,230.0 Poplar Tree - 163.0 South Run
South Run,Week3,Sleepy Hollow Rec,Week4,240.0 South Run - 162.0 Sleepy Hollow Rec
South Run,Week3,Little Rocky Run,Week2,271.0 Little Rocky Run - 131.0 South Run
South Run,Week1,Somerset-Olde Creek,Week4,279.0 South Run - 113.0 Somerset-Olde Creek
South Run,Week3,Mount Vernon Park,Week4,271.0 Mount Vernon Park - 131.0 South Run
Springfield,Week2,Fairfax Club Estates,Week2,313.0 Fairfax Club Estates - 74.0 Springfield
Springboard,Week3,McLean,Week2,335.0 McLean - 66.0 Springboard
Springboard,Week3,McLean,Week1,330.0 McLean - 72.0 Springboard
South Run,Week2,Sleepy Hollow Rec,Week3,215.0 South Run - 187.0 Sleepy Hollow Rec
South Run,Week3,Little Rocky Run,Week3,291.0 Little Rocky Run - 111.0 South Run
South Run,Week2,Poplar Heights,Week3,242.0 Poplar Heights - 160.0 South Run
South Run,Week2,Poplar Tree,Week5,265.0 Poplar Tree - 133.0 South Run
South Run,Week4,Little Rocky Run,Week1,257.0 Little Rocky Run - 145.0 South Run
Springfield,Week4,Fairfax Club Estates,Week4,327.0 Fairfax Club Estates - 72.0 Springfield
South Run,Week2,Mosby Woods,Week5,280.0 Mosby Woods - 122.0 South Run
Springboard,Week1,McLean,Week5,344.0 McLean - 58.0 Springboard
South Run,Week4,Poplar Heights,Week5,246.0 Poplar Heights - 151.0 South Run
Springfield,Week5,Fairfax Club Estates,Week4,350.0 Fairfax Club Estates - 47.0 Springfield
South Run,Week3,Mount Vernon Park,Week2,264.0 Mount Vernon Park - 138.0 South Run
South Run,Week1,Old Keene Mill,Week1,239.0 South Run - 154.0 Old Keene Mill
South Run,Week4,Little Rocky Run,Week4,291.0 Little Rocky Run - 111.0 South Run
Springboard,Week4,Sleepy Hollow Rec,Week3,224.0 Sleepy Hollow Rec - 178.0 Springboard
Springboard,Week1,Sleepy Hollow Rec,Week3,217.0 Sleepy Hollow Rec - 185.0 Springboard
South Run,Week2,Mosby Woods,Week2,272.0 Mosby Woods - 130.0 South Run
South Run,Week5,Little Rocky Run,Week1,238.0 Little Rocky Run - 164.0 South Run
Springfield,Week5,Fairfax Station,Week1,383.0 Fairfax Station - 15.0 Springfield
Springboard,Week2,Pleasant Valley,Week2,216.0 Springboard - 176.0 Pleasant Valley
Springboard,Week2,McLean,Week1,340.0 McLean - 62.0 Springboard
South Run,Week5,Poplar Heights,Week5,220.0 Poplar Heights - 182.0 South Run
South Run,Week4,Sleepy Hollow Rec,Week2,233.0 South Run - 168.0 Sleepy Hollow Rec
South Run,Week5,Sleepy Hollow Rec,Week5,237.0 South Run - 165.0 Sleepy Hollow Rec
South Run,Week4,Little Rocky Run,Week3,288.0 Little Rocky Run - 114.0 South Run
Springboard,Week3,Pinewood Lake,Week3,330.0 Springboard - 58.0 Pinewood Lake
Springboard,Week5,Pinewood Lake,Week3,327.0 Springboard - 71.0 Pinewood Lake
Springboard,Week5,Sleepy Hollow B & R,Week2,302.0 Sleepy Hollow B & R - 99.0 Springboard
Springboard,Week4,McLean,Week2,343.0 McLean - 59.0 Springboard
South Run,Week5,Little Rocky Run,Week4,256.0 Little Rocky Run - 146.0 South Run
Springboard,Week2,McLean,Week4,330.0 McLean - 72.0 Springboard
Springfield,Week1,Fairfax Station,Week3,391.0 Fairfax Station - 10.0 Springfield
South Run,Week4,Poplar Heights,Week1,234.0 Poplar Heights - 168.0 South Run
South Run,Week4,Mosby Woods,Week1,283.0 Mosby Woods - 119.0 South Run
South Run,Week4,Mosby Woods,Week3,264.0 Mosby Woods - 137.0 South Run
South Run,Week5,Poplar Heights,Week4,235.0 Poplar Heights - 167.0 South Run
Springboard,Week2,Pleasant Valley,Week3,225.0 Pleasant Valley - 175.0 Springboard
Springboard,Week4,Sleepy Hollow B & R,Week4,299.0 Sleepy Hollow B & R - 103.0 Springboard
Springboard,Week4,McLean,Week5,344.5 McLean - 57.5 Springboard
Springboard,Week3,Pinewood Lake,Week4,317.0 Springboard - 73.0 Pinewood Lake
South Run,Week5,Sleepy Hollow Rec,Week3,244.0 South Run - 158.0 Sleepy Hollow Rec
South Run,Week1,Somerset-Olde Creek,Week5,269.0 South Run - 122.0 Somerset-Olde Creek
South Run,Week4,Little Rocky Run,Week5,287.0 Little Rocky Run - 115.0 South Run
Springfield,Week2,Fairfax Station,Week2,384.0 Fairfax Station - 17.0 Springfield
South Run,Week3,Poplar Heights,Week4,260.0 Poplar Heights - 142.0 South Run
Springboard,Week1,Sleepy Hollow Rec,Week2,210.0 Sleepy Hollow Rec - 190.0 Springboard
South Run,Week4,Poplar Heights,Week4,255.0 Poplar Heights - 147.0 South Run
South Run,Week4,Sleepy Hollow Rec,Week5,209.0 South Run - 192.0 Sleepy Hollow Rec
Springboard,Week1,Sleepy Hollow Rec,Week1,209.0 Springboard - 193.0 Sleepy Hollow Rec
South Run,Week1,Somerset-Olde Creek,Week2,288.0 South Run - 99.0 Somerset-Olde Creek
Springfield,Week5,Fairfax Station,Week3,389.0 Fairfax Station - 12.0 Springfield
Springboard,Week5,Sleepy Hollow B & R,Week1,290.0 Sleepy Hollow B & R - 112.0 Springboard
Springboard,Week4,Pleasant Valley,Week1,247.0 Springboard - 151.0 Pleasant Valley
South Run,Week5,Little Rocky Run,Week3,262.0 Little Rocky Run - 140.0 South Run
South Run,Week2,Poplar Heights,Week1,235.0 Poplar Heights - 167.0 South Run
Springboard,Week4,Pinewood Lake,Week1,320.0 Springboard - 64.0 Pinewood Lake
South Run,Week3,Sleepy Hollow Rec,Week3,218.0 South Run - 184.0 Sleepy Hollow Rec
South Run,Week4,Mosby Woods,Week4,266.0 Mosby Woods - 136.0 South Run
South Run,Week1,Mount Vernon Park,Week3,267.0 Mount Vernon Park - 126.0 South Run
Springboard,Week2,McLean,Week3,338.0 McLean - 59.0 Springboard
Springfield,Week1,Fairfax Station,Week2,387.0 Fairfax Station - 14.0 Springfield
Springboard,Week3,McLean,Week5,335.0 McLean - 67.0 Springboard
South Run,Week4,Mosby Woods,Week5,274.0 Mosby Woods - 128.0 South Run
Springboard,Week3,Sleepy Hollow Rec,Week4,204.0 Springboard - 198.0 Sleepy Hollow Rec
South Run,Week4,Poplar Heights,Week2,251.0 Poplar Heights - 151.0 South Run
South Run,Week2,Somerset-Olde Creek,Week1,279.0 South Run - 111.0 Somerset-Olde Creek
Springfield,Week2,Forest Hollow,Week1,372.0 Forest Hollow - 28.0 Springfield
Springboard,Week1,Pleasant Valley,Week3,214.0 Springboard - 187.0 Pleasant Valley
South Run,Week4,Oakton ,Week4,281.0 Oakton - 121.0 South Run
South Run,Week4,Oakton ,Week3,272.0 Oakton - 130.0 South Run
Springboard,Week2,McLean,Week2,346.0 McLean - 55.0 Springboard
South Run,Week5,Mosby Woods,Week1,264.0 Mosby Woods - 138.0 South Run
South Run,Week3,Poplar Heights,Week2,248.0 Poplar Heights - 154.0 South Run
Springboard,Week2,Sleepy Hollow Rec,Week1,212.0 Sleepy Hollow Rec - 190.0 Springboard
South Run,Week2,Mount Vernon Park,Week1,269.0 Mount Vernon Park - 133.0 South Run
Springfield,Week3,Fairfax Station,Week1,387.0 Fairfax Station - 11.0 Springfield
Springfield,Week3,Forest Hollow,Week1,370.0 Forest Hollow - 30.0 Springfield
South Run,Week3,Sleepy Hollow Rec,Week1,245.0 South Run - 157.0 Sleepy Hollow Rec
Springboard,Week4,Pinewood Lake,Week5,300.0 Springboard - 88.0 Pinewood Lake
Springboard,Week4,McLean,Week4,329.0 McLean - 73.0 Springboard
South Run,Week3,Poplar Heights,Week3,241.0 Poplar Heights - 161.0 South Run
South Run,Week2,Old Keene Mill,Week5,202.0 South Run - 195.0 Old Keene Mill
Springboard,Week1,Pleasant Valley,Week4,247.0 Springboard - 142.0 Pleasant Valley
South Run,Week1,Poplar Heights,Week5,228.0 Poplar Heights - 165.0 South Run
Springboard,Week4,Sleepy Hollow Rec,Week2,213.0 Sleepy Hollow Rec - 188.0 Springboard
South Run,Week2,Mount Vernon Park,Week5,293.0 Mount Vernon Park - 108.0 South Run
South Run,Week2,Somerset-Olde Creek,Week4,274.0 South Run - 120.0 Somerset-Olde Creek
South Run,Week5,Oakton ,Week3,247.0 Oakton - 155.0 South Run
Springboard,Week5,McLean,Week1,327.0 McLean - 75.0 Springboard
Springboard,Week3,Sleepy Hollow Rec,Week3,222.0 Sleepy Hollow Rec - 180.0 Springboard
Springfield,Week2,Forest Hollow,Week4,372.0 Forest Hollow - 27.0 Springfield
Springboard,Week2,McLean,Week5,343.0 McLean - 59.0 Springboard
Springfield,Week3,Fairfax Station,Week4,380.0 Fairfax Station - 19.0 Springfield
Springboard,Week2,Pleasant Valley,Week4,226.0 Springboard - 162.0 Pleasant Valley
South Run,Week2,Somerset-Olde Creek,Week3,282.0 South Run - 108.0 Somerset-Olde Creek
South Run,Week3,Oakton ,Week4,271.0 Oakton - 131.0 South Run
Springfield,Week4,Forest Hollow,Week3,365.0 Forest Hollow - 36.0 Springfield
Springboard,Week2,Pleasant Valley,Week1,214.0 Springboard - 179.0 Pleasant Valley
South Run,Week1,Poplar Tree,Week1,237.0 Poplar Tree - 156.0 South Run
South Run,Week2,Mount Vernon Park,Week3,283.0 Mount Vernon Park - 114.0 South Run
South Run,Week2,Somerset-Olde Creek,Week2,282.0 South Run - 109.0 Somerset-Olde Creek
South Run,Week1,Mount Vernon Park,Week4,240.0 Mount Vernon Park - 153.0 South Run
Springboard,Week3,Sleepy Hollow Rec,Week5,201.5 Springboard - 199.5 Sleepy Hollow Rec
Springboard,Week3,McLean,Week3,335.0 McLean - 67.0 Springboard
Springboard,Week4,Sleepy Hollow B & R,Week5,315.0 Sleepy Hollow B & R - 87.0 Springboard
South Run,Week1,Poplar Tree,Week5,236.0 Poplar Tree - 157.0 South Run
South Run,Week3,Somerset-Olde Creek,Week4,295.0 South Run - 106.0 Somerset-Olde Creek
Springfield,Week4,Fairfax Station,Week1,382.0 Fairfax Station - 18.0 Springfield
South Run,Week3,Somerset-Olde Creek,Week3,310.0 South Run - 89.0 Somerset-Olde Creek
South Run,Week2,Poplar Tree,Week2,230.0 Poplar Tree - 166.0 South Run
South Run,Week5,Oakton ,Week4,258.0 Oakton - 144.0 South Run
Springboard,Week1,Pleasant Valley,Week5,227.0 Springboard - 170.0 Pleasant Valley
Springboard,Week5,Pleasant Valley,Week1,247.0 Springboard - 146.0 Pleasant Valley
South Run,Week5,Old Keene Mill,Week5,227.0 South Run - 175.0 Old Keene Mill
South Run,Week4,Mount Vernon Park,Week4,280.0 Mount Vernon Park - 122.0 South Run
South Run,Week1,Poplar Tree,Week2,209.0 Poplar Tree - 184.0 South Run
Springfield,Week1,Forest Hollow,Week5,371.0 Forest Hollow - 30.0 Springfield
South Run,Week3,Mount Vernon Park,Week5,286.0 Mount Vernon Park - 115.0 South Run
Springboard,Week3,Mosby Woods,Week1,318.0 Mosby Woods - 84.0 Springboard
Springfield,Week1,Forest Hollow,Week4,370.0 Forest Hollow - 30.0 Springfield
South Run,Week4,Mount Vernon Park,Week2,282.0 Mount Vernon Park - 120.0 South Run
Springboard,Week1,Sleepy Hollow Rec,Week5,220.0 Sleepy Hollow Rec - 180.0 Springboard
Springboard,Week1,Sleepy Hollow Rec,Week4,209.0 Springboard - 193.0 Sleepy Hollow Rec
South Run,Week1,Old Keene Mill,Week4,239.0 South Run - 154.0 Old Keene Mill
Springboard,Week3,Pleasant Valley,Week4,261.0 Springboard - 132.0 Pleasant Valley
South Run,Week3,Somerset-Olde Creek,Week2,307.0 South Run - 93.0 Somerset-Olde Creek
Springboard,Week2,Mosby Woods,Week5,345.0 Mosby Woods - 57.0 Springboard
Springboard,Week5,Mosby Woods,Week4,308.0 Mosby Woods - 93.0 Springboard
South Run,Week3,Oakton ,Week5,290.0 Oakton - 112.0 South Run
South Run,Week5,Old Keene Mill,Week3,234.5 South Run - 167.5 Old Keene Mill
South Run,Week4,Old Keene Mill,Week5,202.0 South Run - 200.0 Old Keene Mill
South Run,Week2,Poplar Tree,Week4,238.0 Poplar Tree - 160.0 South Run
Springfield,Week3,Forest Hollow,Week5,373.0 Forest Hollow - 27.0 Springfield
Springboard,Week5,Sleepy Hollow B & R,Week4,304.0 Sleepy Hollow B & R - 98.0 Springboard
Springfield,Week4,Forest Hollow,Week1,366.0 Forest Hollow - 34.0 Springfield
Springboard,Week3,Pleasant Valley,Week2,248.0 Springboard - 145.0 Pleasant Valley
South Run,Week4,Poplar Tree,Week2,232.0 Poplar Tree - 164.0 South Run
South Run,Week4,Mount Vernon Park,Week1,279.5 Mount Vernon Park - 117.5 South Run
Springboard,Week5,Mosby Woods,Week2,320.0 Mosby Woods - 82.0 Springboard
South Run,Week4,Mount Vernon Park,Week5,301.0 Mount Vernon Park - 100.0 South Run
Springboard,Week3,Mosby Woods,Week2,316.0 Mosby Woods - 86.0 Springboard
Springboard,Week1,Mosby Woods,Week3,319.5 Mosby Woods - 81.5 Springboard
South Run,Week3,Somerset-Olde Creek,Week1,302.0 South Run - 97.0 Somerset-Olde Creek
South Run,Week5,Poplar Tree,Week3,228.0 Poplar Tree - 174.0 South Run
South Run,Week4,Mount Vernon Park,Week3,292.0 Mount Vernon Park - 110.0 South Run
Springfield,Week1,Forest Hollow,Week2,354.0 Forest Hollow - 48.0 Springfield
Springboard,Week3,Sleepy Hollow Rec,Week2,202.0 Sleepy Hollow Rec - 199.0 Springboard
South Run,Week3,Somerset-Olde Creek,Week5,283.0 South Run - 116.0 Somerset-Olde Creek
Springboard,Week4,Pleasant Valley,Week4,251.0 Springboard - 138.0 Pleasant Valley
Springboard,Week4,Pinewood Lake,Week3,310.0 Springboard - 78.0 Pinewood Lake
South Run,Week2,Somerset-Olde Creek,Week5,264.0 South Run - 131.0 Somerset-Olde Creek
Springboard,Week1,Mosby Woods,Week5,329.0 Mosby Woods - 73.0 Springboard
Springboard,Week2,Sleepy Hollow Rec,Week2,221.0 Sleepy Hollow Rec - 180.0 Springboard
Springfield,Week2,Forest Hollow,Week3,376.0 Forest Hollow - 25.0 Springfield
Springboard,Week5,Pinewood Lake,Week5,313.0 Springboard - 85.0 Pinewood Lake
South Run,Week4,Oakton ,Week1,279.0 Oakton - 123.0 South Run
South Run,Week5,Oakton ,Week2,249.5 Oakton - 152.5 South Run
South Run,Week5,Somerset-Olde Creek,Week5,294.0 South Run - 108.0 Somerset-Olde Creek
South Run,Week4,Oakton ,Week2,283.0 Oakton - 114.0 South Run
Springboard,Week5,Pinewood Lake,Week1,325.0 Springboard - 72.0 Pinewood Lake
South Run,Week3,South Run,Week3,200.0 South Run (SOR1) - 200.0 South Run (SOR2)
South Run,Week5,Mount Vernon Park,Week1,260.0 Mount Vernon Park - 142.0 South Run
South Run,Week2,Ravensworth Farm,Week3,236.0 Ravensworth Farm - 164.0 South Run
Springboard,Week3,Pinewood Lake,Week5,325.0 Springboard - 71.0 Pinewood Lake
Springboard,Week4,Mosby Woods,Week3,301.0 Mosby Woods - 101.0 Springboard
South Run,Week4,Somerset-Olde Creek,Week4,271.0 South Run - 128.0 Somerset-Olde Creek
Springboard,Week1,Mount Vernon Park,Week1,330.0 Mount Vernon Park - 71.0 Springboard
Springboard,Week2,Sleepy Hollow Rec,Week3,258.0 Sleepy Hollow Rec - 144.0 Springboard
Springfield,Week2,Forest Hollow,Week5,376.0 Forest Hollow - 24.0 Springfield
Springboard,Week4,Pinewood Lake,Week2,301.0 Springboard - 83.0 Pinewood Lake
South Run,Week5,Mount Vernon Park,Week3,258.0 Mount Vernon Park - 144.0 South Run
South Run,Week5,Poplar Tree,Week4,216.0 Poplar Tree - 186.0 South Run
Springboard,Week4,Sleepy Hollow B & R,Week3,299.0 Sleepy Hollow B & R - 103.0 Springboard
South Run,Week2,Old Keene Mill,Week1,238.0 South Run - 163.0 Old Keene Mill
South Run,Week4,South Run,Week1,197.0 South Run (SOR2) - 195.0 South Run (SOR1)
Springboard,Week1,Mount Vernon Park,Week2,334.5 Mount Vernon Park - 67.5 Springboard
Springboard,Week2,Sleepy Hollow Rec,Week5,236.0 Sleepy Hollow Rec - 165.0 Springboard
South Run,Week3,Ravensworth Farm,Week3,233.0 Ravensworth Farm - 168.0 South Run
Springfield,Week3,Forest Hollow,Week3,370.0 Forest Hollow - 31.0 Springfield
South Run,Week5,Mount Vernon Park,Week2,255.0 Mount Vernon Park - 147.0 South Run
South Run,Week4,South Run,Week2,209.0 South Run (SOR1) - 182.0 South Run (SOR2)
Springboard,Week5,Sleepy Hollow B & R,Week5,318.0 Sleepy Hollow B & R - 84.0 Springboard
South Run,Week5,Oakton ,Week5,270.0 Oakton - 132.0 South Run
South Run,Week2,Old Keene Mill,Week3,222.0 South Run - 180.0 Old Keene Mill
Springboard,Week3,Mosby Woods,Week5,323.0 Mosby Woods - 79.0 Springboard
Springboard,Week5,Sleepy Hollow B & R,Week3,300.0 Sleepy Hollow B & R - 102.0 Springboard
Springfield,Week3,Fairfax Station,Week2,387.0 Fairfax Station - 8.0 Springfield
South Run,Week3,Mount Vernon Park,Week3,279.0 Mount Vernon Park - 123.0 South Run
Springboard,Week5,Pinewood Lake,Week2,314.0 Springboard - 85.0 Pinewood Lake
South Run,Week3,Poplar Tree,Week3,263.0 Poplar Tree - 139.0 South Run
South Run,Week3,Ravensworth Farm,Week4,249.0 Ravensworth Farm - 153.0 South Run
Springboard,Week5,Mosby Woods,Week1,309.0 Mosby Woods - 93.0 Springboard
South Run,Week1,South Run,Week1,193.5 South Run (SOR1) - 193.5 South Run (SOR2)
Springfield,Week5,Fairfax Station,Week4,383.0 Fairfax Station - 15.0 Springfield
South Run,Week4,South Run,Week3,214.0 South Run (SOR2) - 183.0 South Run (SOR1)
Springboard,Week2,Sleepy Hollow Rec,Week4,234.0 Sleepy Hollow Rec - 168.0 Springboard
South Run,Week1,Ravensworth Farm,Week4,238.0 Ravensworth Farm - 155.0 South Run
Springboard,Week4,Pinewood Lake,Week4,300.0 Springboard - 88.0 Pinewood Lake
Springboard,Week5,Pinewood Lake,Week4,318.0 Springboard - 80.0 Pinewood Lake
South Run,Week3,Poplar Tree,Week5,261.0 Poplar Tree - 140.0 South Run
Springfield,Week1,Forest Hollow,Week3,366.0 Forest Hollow - 35.0 Springfield
Springboard,Week1,Mount Vernon Park,Week3,331.0 Mount Vernon Park - 71.0 Springboard
South Run,Week5,Mount Vernon Park,Week4,247.0 Mount Vernon Park - 155.0 South Run
South Run,Week3,Old Keene Mill,Week1,256.0 South Run - 146.0 Old Keene Mill
South Run,Week3,South Run,Week1,201.0 South Run (SOR2) - 191.0 South Run (SOR1)
South Run,Week2,Old Keene Mill,Week2,220.0 South Run - 182.0 Old Keene Mill
South Run,Week4,South Run,Week4,190.0 South Run (SOR1) - 190.0 South Run (SOR2)
Springboard,Week4,Poplar Heights,Week3,306.0 Poplar Heights - 96.0 Springboard
Springboard,Week3,Somerset-Olde Creek,Week5,231.0 Springboard - 166.0 Somerset-Olde Creek
Springboard,Week4,Sleepy Hollow B & R,Week2,293.0 Sleepy Hollow B & R - 109.0 Springboard
Springboard,Week3,Pleasant Valley,Week3,221.0 Springboard - 180.0 Pleasant Valley
Springboard,Week2,Pleasant Valley,Week5,201.0 Springboard - 192.0 Pleasant Valley
Springboard,Week2,Mount Vernon Park,Week1,352.0 Mount Vernon Park - 44.0 Springboard
Springfield,Week4,Fairfax Station,Week2,383.0 Fairfax Station - 18.0 Springfield
South Run,Week1,South Run,Week3,201.0 South Run (SOR1) - 191.0 South Run (SOR2)
South Run,Week5,Oakton ,Week1,248.0 Oakton - 154.0 South Run
South Run,Week3,South Run,Week2,214.0 South Run (SOR1) - 183.0 South Run (SOR2)
South Run,Week5,Somerset-Olde Creek,Week1,304.0 South Run - 98.0 Somerset-Olde Creek
Springfield,Week3,Fairfax Station,Week5,391.0 Fairfax Station - 9.0 Springfield
Springboard,Week3,Pleasant Valley,Week5,244.0 Springboard - 152.0 Pleasant Valley
South Run,Week2,Ravensworth Farm,Week5,264.0 Ravensworth Farm - 138.0 South Run
South Run,Week1,Old Keene Mill,Week5,207.5 South Run - 180.5 Old Keene Mill
South Run,Week2,Ravensworth Farm,Week4,254.0 Ravensworth Farm - 147.0 South Run
Springboard,Week1,Pleasant Valley,Week1,230.0 Springboard - 163.0 Pleasant Valley
Springboard,Week3,Sleepy Hollow Rec,Week1,221.0 Springboard - 181.0 Sleepy Hollow Rec
Springfield,Week4,Fairfax Station,Week5,385.0 Fairfax Station - 17.0 Springfield
Springboard,Week5,Mosby Woods,Week3,312.0 Mosby Woods - 89.0 Springboard
Springboard,Week1,Somerset-Olde Creek,Week5,221.0 Springboard - 170.0 Somerset-Olde Creek
Springboard,Week3,Poplar Heights,Week4,311.0 Poplar Heights - 90.0 Springboard
Springboard,Week4,Mosby Woods,Week2,302.0 Mosby Woods - 100.0 Springboard
South Run,Week2,South Run,Week3,214.0 South Run (SOR2) - 183.0 South Run (SOR1)
Springfield,Week3,Fairfax Station,Week3,390.0 Fairfax Station - 12.0 Springfield
Springboard,Week1,Mount Vernon Park,Week4,322.0 Mount Vernon Park - 80.0 Springboard
South Run,Week3,Ravensworth Farm,Week2,226.0 Ravensworth Farm - 176.0 South Run
South Run,Week1,Old Keene Mill,Week3,228.0 South Run - 165.0 Old Keene Mill
Springfield,Week4,Fairfax Station,Week3,388.0 Fairfax Station - 14.0 Springfield
South Run,Week4,Poplar Tree,Week5,272.0 Poplar Tree - 126.0 South Run
Springboard,Week2,Somerset-Olde Creek,Week2,240.0 Springboard - 151.0 Somerset-Olde Creek
Springboard,Week3,Pleasant Valley,Week1,248.0 Springboard - 145.0 Pleasant Valley
Springfield,Week4,Fairfax Station,Week4,372.0 Fairfax Station - 29.0 Springfield
South Run,Week1,South Run,Week5,226.0 South Run (SOR2) - 167.0 South Run (SOR1)
Springboard,Week4,Mosby Woods,Week4,301.0 Mosby Woods - 101.0 Springboard
Springfield,Week5,Fairfax Station,Week2,388.0 Fairfax Station - 14.0 Springfield
South Run,Week1,Ravensworth Farm,Week1,237.0 Ravensworth Farm - 156.0 South Run
South Run,Week5,Poplar Tree,Week1,230.5 Poplar Tree - 171.5 South Run
South Run,Week5,Poplar Tree,Week5,232.0 Poplar Tree - 170.0 South Run
South Run,Week4,Oakton ,Week5,303.0 Oakton - 94.0 South Run
Springboard,Week2,Mosby Woods,Week4,334.0 Mosby Woods - 68.0 Springboard
Springboard,Week3,Mosby Woods,Week4,312.0 Mosby Woods - 90.0 Springboard
South Run,Week1,Old Keene Mill,Week2,227.0 South Run - 166.0 Old Keene Mill
South Run,Week3,Old Keene Mill,Week3,233.0 South Run - 169.0 Old Keene Mill
Springboard,Week4,Sleepy Hollow Rec,Week1,209.5 Sleepy Hollow Rec - 192.5 Springboard
Springboard,Week4,Sleepy Hollow Rec,Week4,206.0 Springboard - 196.0 Sleepy Hollow Rec
South Run,Week5,South Run,Week1,226.0 South Run (SOR1) - 167.0 South Run (SOR2)
Springboard,Week5,Sleepy Hollow Rec,Week3,217.0 Sleepy Hollow Rec - 185.0 Springboard
South Run,Week3,Poplar Tree,Week4,232.0 Poplar Tree - 169.0 South Run
South Run,Week3,Old Keene Mill,Week4,245.0 South Run - 157.0 Old Keene Mill
Springboard,Week5,Poplar Heights,Week2,291.0 Poplar Heights - 110.0 Springboard
Springboard,Week3,Poplar Heights,Week3,319.0 Poplar Heights - 83.0 Springboard
South Run,Week5,Somerset-Olde Creek,Week3,316.0 South Run - 86.0 Somerset-Olde Creek
Springboard,Week4,Somerset-Olde Creek,Week5,231.0 Springboard - 165.0 Somerset-Olde Creek
Springboard,Week3,Mosby Woods,Week3,320.0 Mosby Woods - 81.0 Springboard
South Run,Week2,South Run,Week4,209.0 South Run (SOR2) - 182.0 South Run (SOR1)
Springfield,Week5,Fairfax Station,Week5,392.0 Fairfax Station - 7.0 Springfield
Springfield,Week3,Forest Hollow,Week2,361.0 Forest Hollow - 41.0 Springfield
Springfield,Week1,Forest Hollow,Week1,371.0 Forest Hollow - 29.0 Springfield
Springboard,Week4,Somerset-Olde Creek,Week3,258.0 Springboard - 133.0 Somerset-Olde Creek
South Run,Week4,Poplar Tree,Week1,265.0 Poplar Tree - 137.0 South Run
Springfield,Week2,Forest Hollow,Week2,365.0 Forest Hollow - 32.0 Springfield
Springboard,Week4,Pleasant Valley,Week3,220.0 Springboard - 181.0 Pleasant Valley
South Run,Week4,South Run,Week5,234.0 South Run (SOR2) - 167.0 South Run (SOR1)
South Run,Week3,Old Keene Mill,Week5,221.0 South Run - 181.0 Old Keene Mill
Springboard,Week4,Sleepy Hollow Rec,Week5,209.0 Sleepy Hollow Rec - 192.0 Springboard
South Run,Week3,Old Keene Mill,Week2,227.0 South Run - 175.0 Old Keene Mill
Springboard,Week5,Poplar Heights,Week4,288.0 Poplar Heights - 113.0 Springboard
South Run,Week2,Old Keene Mill,Week4,214.0 South Run - 188.0 Old Keene Mill
South Run,Week3,Ravensworth Farm,Week1,250.0 Ravensworth Farm - 152.0 South Run
Springboard,Week1,Mount Vernon Park,Week5,334.0 Mount Vernon Park - 64.0 Springboard
Springboard,Week5,Mosby Woods,Week5,326.0 Mosby Woods - 76.0 Springboard
Springboard,Week4,Mosby Woods,Week1,304.0 Mosby Woods - 98.0 Springboard
Springboard,Week3,Poplar Heights,Week1,283.0 Poplar Heights - 117.0 Springboard
Springboard,Week2,Poplar Heights,Week3,336.5 Poplar Heights - 65.5 Springboard
Springboard,Week4,Pleasant Valley,Week2,249.0 Springboard - 148.0 Pleasant Valley
Springboard,Week3,Somerset-Olde Creek,Week3,272.0 Springboard - 126.0 Somerset-Olde Creek
South Run,Week1,Ravensworth Farm,Week2,213.0 Ravensworth Farm - 180.0 South Run
Springfield,Week5,Fox Hunt,Week1,370.0 Fox Hunt - 25.0 Springfield
Springfield,Week3,Forest Hollow,Week4,371.0 Forest Hollow - 29.0 Springfield
Springboard,Week5,Somerset-Olde Creek,Week4,242.0 Springboard - 156.0 Somerset-Olde Creek
Springfield,Week4,Fox Hunt,Week3,359.0 Fox Hunt - 37.0 Springfield
Springboard,Week5,Somerset-Olde Creek,Week5,233.0 Springboard - 164.0 Somerset-Olde Creek
South Run,Week4,Old Keene Mill,Week3,230.0 South Run - 172.0 Old Keene Mill
Springfield,Week4,Forest Hollow,Week2,355.0 Forest Hollow - 47.0 Springfield
Springboard,Week1,South Run,Week3,251.0 South Run - 147.0 Springboard
South Run,Week4,Somerset-Olde Creek,Week5,256.0 South Run - 137.0 Somerset-Olde Creek
Springboard,Week4,Pleasant Valley,Week5,235.0 Springboard - 166.0 Pleasant Valley
South Run,Week4,Poplar Tree,Week3,259.0 Poplar Tree - 143.0 South Run
South Run,Week4,Old Keene Mill,Week1,247.0 South Run - 154.0 Old Keene Mill
Springboard,Week4,Mosby Woods,Week5,322.0 Mosby Woods - 80.0 Springboard
South Run,Week4,Somerset-Olde Creek,Week2,287.0 South Run - 109.0 Somerset-Olde Creek
South Run,Week5,Poplar Tree,Week2,208.0 Poplar Tree - 194.0 South Run
South Run,Week4,Old Keene Mill,Week2,217.0 South Run - 185.0 Old Keene Mill
South Run,Week4,Somerset-Olde Creek,Week3,286.0 South Run - 102.0 Somerset-Olde Creek
South Run,Week2,Ravensworth Farm,Week1,252.0 Ravensworth Farm - 150.0 South Run
South Run,Week5,Somerset-Olde Creek,Week2,310.0 South Run - 92.0 Somerset-Olde Creek
Springfield,Week5,Forest Hollow,Week1,375.0 Forest Hollow - 24.0 Springfield
South Run,Week4,Old Keene Mill,Week4,229.0 South Run - 173.0 Old Keene Mill
Springboard,Week5,Sleepy Hollow Rec,Week5,209.0 Springboard - 192.0 Sleepy Hollow Rec
South Run,Week1,South Run,Week2,217.0 South Run (SOR1) - 170.0 South Run (SOR2)
South Run,Week1,Ravensworth Farm,Week3,216.0 Ravensworth Farm - 176.0 South Run
South Run,Week4,Poplar Tree,Week4,230.0 Poplar Tree - 168.0 South Run
South Run,Week3,Poplar Tree,Week2,234.0 Poplar Tree - 168.0 South Run
Springboard,Week4,Somerset-Olde Creek,Week2,264.0 Springboard - 131.0 Somerset-Olde Creek
South Run,Week1,Ravensworth Farm,Week5,244.0 Ravensworth Farm - 149.0 South Run
South Run,Week5,Old Keene Mill,Week2,238.0 South Run - 164.0 Old Keene Mill
Springboard,Week3,Somerset-Olde Creek,Week4,247.0 Springboard - 150.0 Somerset-Olde Creek
South Run,Week1,South Run,Week4,197.0 South Run (SOR1) - 195.0 South Run (SOR2)
Springboard,Week2,Poplar Heights,Week1,303.0 Poplar Heights - 97.0 Springboard
South Run,Week2,South Run,Week2,187.5 South Run (SOR1) - 187.5 South Run (SOR2)
Springboard,Week1,Poplar Heights,Week4,311.0 Poplar Heights - 90.0 Springboard
South Run,Week3,South Run,Week5,236.0 South Run (SOR2) - 166.0 South Run (SOR1)
South Run,Week4,Orange Hunt,Week3,239.5 Orange Hunt - 162.5 South Run
Springboard,Week4,Somerset-Olde Creek,Week4,251.0 Springboard - 149.0 Somerset-Olde Creek
South Run,Week4,Orange Hunt,Week4,228.0 Orange Hunt - 174.0 South Run
Springboard,Week2,Poplar Heights,Week2,338.0 Poplar Heights - 62.0 Springboard
Springboard,Week2,Poplar Heights,Week4,327.0 Poplar Heights - 74.0 Springboard
Springfield,Week2,Fox Hunt,Week2,363.0 Fox Hunt - 32.0 Springfield
South Run,Week2,South Run,Week5,257.5 South Run (SOR2) - 143.5 South Run (SOR1)
South Run,Week3,Ravensworth Farm,Week5,268.0 Ravensworth Farm - 134.0 South Run
Springfield,Week3,Fox Hunt,Week3,358.0 Fox Hunt - 32.0 Springfield
South Run,Week5,Old Keene Mill,Week4,243.0 South Run - 159.0 Old Keene Mill
South Run,Week2,Orange Hunt,Week1,228.5 Orange Hunt - 173.5 South Run
Springboard,Week5,Pleasant Valley,Week5,253.5 Springboard - 143.5 Pleasant Valley
Springfield,Week4,Forest Hollow,Week5,373.0 Forest Hollow - 28.0 Springfield
South Run,Week3,Poplar Tree,Week1,261.0 Poplar Tree - 141.0 South Run
Springboard,Week5,Pleasant Valley,Week2,260.0 Springboard - 133.0 Pleasant Valley
Springboard,Week3,Somerset-Olde Creek,Week1,249.5 Springboard - 146.5 Somerset-Olde Creek
Springboard,Week1,Poplar Heights,Week1,289.0 Poplar Heights - 111.0 Springboard
South Run,Week2,South Run,Week1,217.0 South Run (SOR2) - 170.0 South Run (SOR1)
South Run,Week4,Ravensworth Farm,Week1,251.0 Ravensworth Farm - 151.0 South Run
South Run,Week3,Orange Hunt,Week1,218.0 Orange Hunt - 184.0 South Run
Springboard,Week3,Poplar Heights,Week2,305.0 Poplar Heights - 95.0 Springboard
South Run,Week3,South Run,Week4,214.0 South Run (SOR1) - 183.0 South Run (SOR2)
Springfield,Week2,Fox Hunt,Week5,383.0 Fox Hunt - 17.0 Springfield
Springfield,Week5,Forest Hollow,Week2,369.0 Forest Hollow - 33.0 Springfield
South Run,Week1,Overlee,Week2,316.5 Overlee - 76.5 South Run
South Run,Week5,Old Keene Mill,Week1,266.0 South Run - 136.0 Old Keene Mill
Springboard,Week5,Somerset-Olde Creek,Week2,271.0 Springboard - 126.0 Somerset-Olde Creek
Springfield,Week5,Forest Hollow,Week5,376.0 Forest Hollow - 25.0 Springfield
Springboard,Week5,Sleepy Hollow Rec,Week1,230.5 Springboard - 171.5 Sleepy Hollow Rec
South Run,Week5,Somerset-Olde Creek,Week4,301.0 South Run - 101.0 Somerset-Olde Creek
South Run,Week2,Ravensworth Farm,Week2,232.0 Ravensworth Farm - 170.0 South Run
Springfield,Week2,Fox Hunt,Week4,365.0 Fox Hunt - 34.0 Springfield
Springboard,Week2,Somerset-Olde Creek,Week3,238.0 Springboard - 153.0 Somerset-Olde Creek
Springfield,Week5,Forest Hollow,Week4,377.0 Forest Hollow - 23.0 Springfield
Springfield,Week2,Fox Hunt,Week1,373.0 Fox Hunt - 25.0 Springfield
Springboard,Week2,Poplar Heights,Week5,335.0 Poplar Heights - 66.0 Springboard
Springboard,Week1,Somerset-Olde Creek,Week4,240.0 Springboard - 155.0 Somerset-Olde Creek
Springboard,Week1,Somerset-Olde Creek,Week1,246.0 Springboard - 144.0 Somerset-Olde Creek
South Run,Week4,Ravensworth Farm,Week3,240.0 Ravensworth Farm - 160.0 South Run
South Run,Week3,Orange Hunt,Week2,236.0 Orange Hunt - 166.0 South Run
Springboard,Week5,Sleepy Hollow Rec,Week4,216.0 Springboard - 186.0 Sleepy Hollow Rec
South Run,Week4,Orange Hunt,Week2,236.0 Orange Hunt - 166.0 South Run
South Run,Week4,Ravensworth Farm,Week2,232.0 Ravensworth Farm - 170.0 South Run
South Run,Week4,Orange Hunt,Week5,242.0 Orange Hunt - 160.0 South Run
South Run,Week1,Springboard,Week1,262.0 South Run - 127.0 Springboard
Springfield,Week4,Fox Hunt,Week4,356.0 Fox Hunt - 43.0 Springfield
South Run,Week1,Riverside Gardens,Week4,247.0 Riverside Gardens - 146.0 South Run
South Run,Week3,Springboard,Week4,244.0 South Run - 157.0 Springboard
South Run,Week4,Springboard,Week1,244.0 South Run - 152.0 Springboard
Springfield,Week1,Fox Hunt,Week2,364.0 Fox Hunt - 32.0 Springfield
Springboard,Week2,Somerset-Olde Creek,Week1,224.0 Springboard - 162.0 Somerset-Olde Creek
South Run,Week5,Ravensworth Farm,Week5,244.0 Ravensworth Farm - 158.0 South Run
South Run,Week4,Orange Hunt,Week1,226.0 Orange Hunt - 176.0 South Run
Springboard,Week1,Poplar Heights,Week3,315.0 Poplar Heights - 87.0 Springboard
South Run,Week2,Springboard,Week4,247.0 South Run - 154.0 Springboard
South Run,Week1,Riverside Gardens,Week2,215.0 Riverside Gardens - 178.0 South Run
Springboard,Week3,Somerset-Olde Creek,Week2,255.0 Springboard - 142.0 Somerset-Olde Creek
Springboard,Week1,Poplar Heights,Week2,293.0 Poplar Heights - 107.0 Springboard
Springfield,Week4,Fox Hunt,Week1,355.0 Fox Hunt - 41.0 Springfield
Springboard,Week4,Poplar Heights,Week1,277.0 Poplar Heights - 125.0 Springboard
South Run,Week2,Riverside Gardens,Week2,238.0 Riverside Gardens - 164.0 South Run
Springboard,Week2,Somerset-Olde Creek,Week4,221.0 Springboard - 169.0 Somerset-Olde Creek
Springfield,Week1,Fox Hunt,Week1,365.0 Fox Hunt - 36.0 Springfield
South Run,Week2,Springboard,Week2,262.5 South Run - 130.5 Springboard
Springfield,Week5,Forest Hollow,Week3,374.0 Forest Hollow - 26.0 Springfield
South Run,Week3,Orange Hunt,Week5,241.0 Orange Hunt - 161.0 South Run
Springboard,Week5,Sleepy Hollow Rec,Week2,208.0 Springboard - 193.0 Sleepy Hollow Rec
Springboard,Week1,Somerset-Olde Creek,Week2,259.0 Springboard - 135.0 Somerset-Olde Creek
South Run,Week2,Riverside Gardens,Week3,261.0 Riverside Gardens - 141.0 South Run
Springfield,Week1,Fox Hunt,Week5,378.0 Fox Hunt - 22.0 Springfield
Springboard,Week3,Poplar Heights,Week5,318.0 Poplar Heights - 83.0 Springboard
South Run,Week1,Springboard,Week2,277.0 South Run - 112.0 Springboard
South Run,Week2,Springboard,Week1,250.0 South Run - 147.0 Springboard
Springboard,Week1,Somerset-Olde Creek,Week3,263.0 Springboard - 129.0 Somerset-Olde Creek
Springboard,Week5,Pleasant Valley,Week3,233.0 Springboard - 168.0 Pleasant Valley
South Run,Week2,Orange Hunt,Week3,237.0 Orange Hunt - 165.0 South Run
Springfield,Week1,Fox Hunt,Week4,369.0 Fox Hunt - 29.0 Springfield
Springboard,Week4,Poplar Heights,Week2,284.0 Poplar Heights - 118.0 Springboard
South Run,Week1,Orange Hunt,Week5,213.0 Orange Hunt - 180.0 South Run
South Run,Week2,Riverside Gardens,Week4,277.0 Riverside Gardens - 125.0 South Run
Springboard,Week5,Pleasant Valley,Week4,262.0 Springboard - 130.0 Pleasant Valley
South Run,Week1,Riverside Gardens,Week5,255.0 Riverside Gardens - 138.0 South Run
South Run,Week2,Springboard,Week5,234.0 South Run - 164.0 Springboard
South Run,Week1,Overlee,Week1,312.0 Overlee - 81.0 South Run
Springboard,Week2,Somerset-Olde Creek,Week5,203.0 Springboard - 192.0 Somerset-Olde Creek
Springboard,Week1,South Run,Week4,244.0 South Run - 152.0 Springboard
Springboard,Week5,Poplar Heights,Week3,302.0 Poplar Heights - 100.0 Springboard
South Run,Week3,Riverside Gardens,Week1,248.0 Riverside Gardens - 154.0 South Run
Springfield,Week2,Fox Hunt,Week3,359.0 Fox Hunt - 37.0 Springfield
Springboard,Week4,Poplar Heights,Week5,305.0 Poplar Heights - 97.0 Springboard
Springboard,Week5,Poplar Heights,Week5,304.0 Poplar Heights - 98.0 Springboard
South Run,Week2,Riverside Gardens,Week1,254.0 Riverside Gardens - 148.0 South Run
South Run,Week3,Springboard,Week2,276.0 South Run - 122.0 Springboard
Springfield,Week3,Fox Hunt,Week2,361.0 Fox Hunt - 37.0 Springfield
Springboard,Week5,Poplar Heights,Week1,279.0 Poplar Heights - 122.0 Springboard
South Run,Week5,South Run,Week3,236.0 South Run (SOR1) - 166.0 South Run (SOR2)
South Run,Week3,Orange Hunt,Week4,238.0 Orange Hunt - 164.0 South Run
Springfield,Week4,Forest Hollow,Week4,363.0 Forest Hollow - 37.0 Springfield
Springboard,Week4,Poplar Heights,Week4,298.0 Poplar Heights - 104.0 Springboard
Springboard,Week5,Somerset-Olde Creek,Week1,244.0 Springboard - 152.0 Somerset-Olde Creek
Springfield,Week3,Fox Hunt,Week4,366.0 Fox Hunt - 32.0 Springfield
South Run,Week1,Springboard,Week5,243.0 South Run - 146.0 Springboard
South Run,Week5,Orange Hunt,Week3,209.0 Orange Hunt - 193.0 South Run
Springboard,Week5,Somerset-Olde Creek,Week3,274.5 Springboard - 121.5 Somerset-Olde Creek
South Run,Week1,Orange Hunt,Week4,218.0 Orange Hunt - 175.0 South Run
South Run,Week2,Orange Hunt,Week4,239.0 Orange Hunt - 158.0 South Run
South Run,Week3,Springboard,Week3,249.0 South Run - 149.0 Springboard
South Run,Week1,Springboard,Week4,249.0 South Run - 143.0 Springboard
Springfield,Week1,Fox Hunt,Week3,360.0 Fox Hunt - 36.0 Springfield
South Run,Week1,Orange Hunt,Week1,203.0 Orange Hunt - 190.0 South Run
South Run,Week3,Riverside Gardens,Week2,239.0 Riverside Gardens - 163.0 South Run
Springboard,Week2,Poplar Tree,Week4,302.0 Poplar Tree - 99.0 Springboard
Springboard,Week1,Poplar Tree,Week1,298.0 Poplar Tree - 103.0 Springboard
South Run,Week5,Orange Hunt,Week1,207.0 South Run - 195.0 Orange Hunt
South Run,Week1,Springboard,Week3,252.0 South Run - 137.0 Springboard
South Run,Week3,Springboard,Week5,243.0 South Run - 155.0 Springboard
Springboard,Week1,South Run,Week2,250.0 South Run - 147.0 Springboard
Springfield,Week4,Fox Hunt,Week2,357.0 Fox Hunt - 34.0 Springfield
South Run,Week2,Riverside Gardens,Week5,267.0 Riverside Gardens - 135.0 South Run
South Run,Week3,Springboard,Week1,251.0 South Run - 147.0 Springboard
South Run,Week3,Riverside Gardens,Week3,259.0 Riverside Gardens - 143.0 South Run
Springboard,Week1,South Run,Week1,262.0 South Run - 127.0 Springboard
Springboard,Week1,Poplar Heights,Week5,320.0 Poplar Heights - 81.0 Springboard
Springfield,Week3,Fox Hunt,Week5,379.0 Fox Hunt - 21.0 Springfield
Springboard,Week4,Somerset-Olde Creek,Week1,242.0 Springboard - 146.0 Somerset-Olde Creek
South Run,Week3,Riverside Gardens,Week5,270.0 Riverside Gardens - 132.0 South Run
South Run,Week1,Orange Hunt,Week2,213.0 Orange Hunt - 180.0 South Run
South Run,Week3,Orange Hunt,Week3,219.0 Orange Hunt - 183.0 South Run
Springboard,Week1,South Run,Week5,263.0 South Run - 138.0 Springboard
Springfield,Week3,Fox Hunt,Week1,366.0 Fox Hunt - 33.0 Springfield
South Run,Week4,Ravensworth Farm,Week5,258.0 Ravensworth Farm - 144.0 South Run
South Run,Week5,South Run,Week4,234.0 South Run (SOR1) - 167.0 South Run (SOR2)
South Run,Week3,Riverside Gardens,Week4,278.0 Riverside Gardens - 124.0 South Run
Springboard,Week5,Poplar Tree,Week5,304.0 Poplar Tree - 98.0 Springboard
South Run,Week1,Riverside Gardens,Week3,238.5 Riverside Gardens - 154.5 South Run
South Run,Week1,Orange Hunt,Week3,207.0 Orange Hunt - 186.0 South Run
South Run,Week4,Springboard,Week2,267.0 South Run - 126.0 Springboard
South Run,Week2,Orange Hunt,Week2,240.0 Orange Hunt - 162.0 South Run
South Run,Week5,Ravensworth Farm,Week1,214.0 Ravensworth Farm - 188.0 South Run
South Run,Week4,Springboard,Week3,247.0 South Run - 151.0 Springboard
Springfield,Week1,Fox Mill Estates,Week3,353.0 Fox Mill Estates - 46.0 Springfield
South Run,Week5,Orange Hunt,Week2,214.0 Orange Hunt - 188.0 South Run
Springboard,Week2,Springboard,Week4,237.0 Springboard (SB2) - 155.0 Springboard (SB1)
South Run,Week1,Riverside Gardens,Week1,229.0 Riverside Gardens - 164.0 South Run
Springfield,Week5,Fox Hunt,Week4,370.0 Fox Hunt - 28.0 Springfield
South Run,Week4,Springboard,Week4,238.0 South Run - 162.0 Springboard
Springboard,Week2,Poplar Tree,Week5,337.0 Poplar Tree - 65.0 Springboard
Springboard,Week4,South Run,Week3,244.0 South Run - 157.0 Springboard
Springboard,Week2,Springboard,Week1,234.0 Springboard (SB2) - 157.0 Springboard (SB1)
Springboard,Week1,Ravensworth Farm,Week3,310.0 Ravensworth Farm - 88.0 Springboard
Springboard,Week1,Springboard,Week4,219.0 Springboard (SB2) - 178.0 Springboard (SB1)
Springboard,Week2,Poplar Tree,Week2,313.0 Poplar Tree - 78.0 Springboard
Springfield,Week1,Fox Mill Estates,Week1,345.0 Fox Mill Estates - 49.0 Springfield
South Run,Week5,Ravensworth Farm,Week4,231.0 Ravensworth Farm - 171.0 South Run
South Run,Week5,South Run,Week5,201.0 South Run (SOR1) - 201.0 South Run (SOR2)
South Run,Week5,Orange Hunt,Week5,217.0 Orange Hunt - 185.0 South Run
Springboard,Week2,Poplar Tree,Week3,322.0 Poplar Tree - 80.0 Springboard
Springfield,Week4,Fox Hunt,Week5,377.0 Fox Hunt - 23.0 Springfield
South Run,Week5,Orange Hunt,Week4,218.0 Orange Hunt - 184.0 South Run
South Run,Week4,Ravensworth Farm,Week4,251.0 Ravensworth Farm - 145.0 South Run
South Run,Week4,Kent Gardens,Week2,225.0 Kent Gardens - 177.0 South Run
South Run,Week2,Springboard,Week3,241.0 South Run - 157.0 Springboard
South Run,Week5,Ravensworth Farm,Week3,213.0 Ravensworth Farm - 189.0 South Run
Springboard,Week3,Poplar Tree,Week4,278.0 Poplar Tree - 123.0 Springboard
South Run,Week5,Overlee,Week5,350.0 Overlee - 52.0 South Run
Springboard,Week5,South Run,Week5,259.0 South Run - 142.0 Springboard
South Run,Week5,Ravensworth Farm,Week2,201.0 Ravensworth Farm - 201.0 South Run
Springfield,Week2,Fox Mill Estates,Week2,339.0 Fox Mill Estates - 59.0 Springfield
Springboard,Week3,Poplar Tree,Week1,311.0 Poplar Tree - 91.0 Springboard
Springboard,Week2,South Run,Week1,277.0 South Run - 112.0 Springboard
Springfield,Week2,Fox Mill Estates,Week4,351.0 Fox Mill Estates - 45.0 Springfield
South Run,Week1,Overlee,Week5,333.0 Overlee - 60.0 South Run
South Run,Week2,Orange Hunt,Week5,234.0 Orange Hunt - 168.0 South Run
South Run,Week5,Overlee,Week2,328.0 Overlee - 74.0 South Run
Springfield,Week1,Fox Mill Estates,Week4,360.0 Fox Mill Estates - 37.0 Springfield
Springboard,Week4,South Run,Week4,238.0 South Run - 162.0 Springboard
Springboard,Week5,South Run,Week2,234.0 South Run - 164.0 Springboard
South Run,Week5,South Run,Week2,257.5 South Run (SOR1) - 143.5 South Run (SOR2)
Springboard,Week1,Poplar Tree,Week5,311.0 Poplar Tree - 91.0 Springboard
Springboard,Week4,Walden Glen,Week3,228.0 Walden Glen - 172.0 Springboard
Springfield,Week2,Fox Mill Estates,Week3,342.0 Fox Mill Estates - 57.0 Springfield
Springboard,Week4,Poplar Tree,Week2,284.0 Poplar Tree - 118.0 Springboard
Springboard,Week2,South Run,Week4,267.0 South Run - 126.0 Springboard
Springboard,Week3,Walden Glen,Week3,245.0 Walden Glen - 157.0 Springboard
Springfield,Week5,Fox Hunt,Week5,382.0 Fox Hunt - 18.0 Springfield
Springfield,Week4,Fox Mill Estates,Week1,334.0 Fox Mill Estates - 65.0 Springfield
Springboard,Week1,Poplar Tree,Week2,284.0 Poplar Tree - 117.0 Springboard
Springboard,Week2,Walden Glen,Week1,230.0 Walden Glen - 162.0 Springboard
South Run,Week4,Kent Gardens,Week5,261.0 Kent Gardens - 141.0 South Run
Springboard,Week3,Walden Glen,Week4,246.0 Walden Glen - 152.0 Springboard
Springboard,Week2,Walden Glen,Week4,271.0 Walden Glen - 116.0 Springboard
Springboard,Week2,South Run,Week2,262.5 South Run - 130.5 Springboard
South Run,Week4,Overlee,Week1,333.0 Overlee - 69.0 South Run
South Run,Week1,Kings Ridge ,Week3,222.0 South Run - 170.0 Kings Ridge
Springboard,Week4,South Run,Week1,249.0 South Run - 143.0 Springboard
Springfield,Week3,Fox Mill Estates,Week2,343.0 Fox Mill Estates - 55.0 Springfield
South Run,Week1,Parklawn,Week3,253.0 South Run - 136.0 Parklawn
Springboard,Week1,Springboard,Week3,207.0 Springboard (SB2) - 185.0 Springboard (SB1)
South Run,Week3,Overlee,Week1,329.0 Overlee - 73.0 South Run
Springboard,Week5,Poplar Tree,Week3,287.0 Poplar Tree - 115.0 Springboard
South Run,Week5,Kent Gardens,Week3,204.0 South Run - 198.0 Kent Gardens
Springboard,Week4,Walden Glen,Week4,249.0 Walden Glen - 146.0 Springboard
Springfield,Week3,Fox Mill Estates,Week4,360.0 Fox Mill Estates - 36.0 Springfield
Springboard,Week1,Waynewood,Week4,309.0 Waynewood - 92.0 Springboard
South Run,Week2,Kings Ridge ,Week1,227.0 South Run - 170.0 Kings Ridge
Springboard,Week1,Ravensworth Farm,Week2,274.0 Ravensworth Farm - 127.0 Springboard
South Run,Week3,Kent Gardens,Week1,241.0 Kent Gardens - 161.0 South Run
Springboard,Week1,Waynewood,Week2,317.0 Waynewood - 85.0 Springboard
Springboard,Week4,Poplar Tree,Week5,309.0 Poplar Tree - 93.0 Springboard
Springboard,Week3,Poplar Tree,Week5,309.0 Poplar Tree - 93.0 Springboard
South Run,Week2,Overlee,Week3,336.0 Overlee - 66.0 South Run
Springboard,Week2,South Run,Week3,276.0 South Run - 122.0 Springboard
South Run,Week1,Overlee,Week4,341.0 Overlee - 52.0 South Run
Springboard,Week4,Poplar Tree,Week1,291.0 Poplar Tree - 111.0 Springboard
Springboard,Week2,South Run,Week5,291.0 South Run - 110.0 Springboard
Springfield,Week5,Fox Hunt,Week2,364.0 Fox Hunt - 26.0 Springfield
Springfield,Week3,Fox Mill Estates,Week3,345.0 Fox Mill Estates - 51.0 Springfield
South Run,Week4,Overlee,Week3,343.0 Overlee - 59.0 South Run
South Run,Week5,Kent Gardens,Week4,211.0 South Run - 191.0 Kent Gardens
South Run,Week5,Overlee,Week3,310.0 Overlee - 92.0 South Run
Springboard,Week2,Waynewood,Week2,327.0 Waynewood - 75.0 Springboard
South Run,Week1,Kings Ridge ,Week2,224.0 South Run - 169.0 Kings Ridge
Springboard,Week1,Walden Glen,Week5,277.0 Walden Glen - 121.0 Springboard
Springboard,Week3,South Run,Week1,252.0 South Run - 137.0 Springboard
Springfield,Week5,Fox Hunt,Week3,361.0 Fox Hunt - 30.0 Springfield
South Run,Week3,Overlee,Week4,363.0 Overlee - 39.0 South Run
Springfield,Week4,Fox Mill Estates,Week2,338.0 Fox Mill Estates - 61.0 Springfield
Springboard,Week3,South Run,Week5,263.0 South Run - 138.0 Springboard
Springboard,Week3,Ravensworth Farm,Week3,312.0 Ravensworth Farm - 86.0 Springboard
South Run,Week4,Kent Gardens,Week3,214.0 Kent Gardens - 188.0 South Run
Springboard,Week2,Springboard,Week3,228.0 Springboard (SB2) - 164.0 Springboard (SB1)
Springboard,Week1,Poplar Tree,Week4,277.0 Poplar Tree - 123.0 Springboard
Springfield,Week3,Fox Mill Estates,Week1,339.0 Fox Mill Estates - 53.0 Springfield
South Run,Week3,Kent Gardens,Week3,211.0 Kent Gardens - 191.0 South Run
Springboard,Week1,Poplar Tree,Week3,306.0 Poplar Tree - 95.0 Springboard
South Run,Week2,Kings Ridge ,Week2,220.5 South Run - 177.5 Kings Ridge
South Run,Week1,Parklawn,Week1,260.0 South Run - 124.0 Parklawn
South Run,Week3,Overlee,Week2,334.0 Overlee - 68.0 South Run
Springfield,Week1,Fox Mill Estates,Week5,357.0 Fox Mill Estates - 42.0 Springfield
Springboard,Week4,Walden Glen,Week2,235.0 Walden Glen - 158.0 Springboard
Springboard,Week4,Poplar Tree,Week4,278.0 Poplar Tree - 124.0 Springboard
Springfield,Week4,Fox Mill Estates,Week3,344.0 Fox Mill Estates - 55.0 Springfield
Springboard,Week3,South Run,Week3,249.0 South Run - 149.0 Springboard
Springboard,Week3,Walden Glen,Week5,276.0 Walden Glen - 122.0 Springboard
South Run,Week1,Parklawn,Week2,235.0 South Run - 154.0 Parklawn
South Run,Week2,Overlee,Week2,326.0 Overlee - 76.0 South Run
Springboard,Week3,Poplar Tree,Week2,288.0 Poplar Tree - 113.0 Springboard
South Run,Week2,Kings Ridge ,Week3,218.0 South Run - 183.0 Kings Ridge
Springboard,Week4,Walden Glen,Week5,266.0 Walden Glen - 134.0 Springboard
Springboard,Week3,South Run,Week4,247.0 South Run - 151.0 Springboard
Springboard,Week3,Poplar Tree,Week3,304.0 Poplar Tree - 98.0 Springboard
South Run,Week3,Parklawn,Week1,276.0 South Run - 117.0 Parklawn
South Run,Week1,Kings Ridge ,Week1,234.0 South Run - 154.0 Kings Ridge
Springboard,Week5,South Run,Week1,243.0 South Run - 146.0 Springboard
Springboard,Week4,South Run,Week5,255.5 South Run - 146.5 Springboard
Springboard,Week5,Walden Glen,Week3,232.0 Walden Glen - 170.0 Springboard
Springfield,Week5,Fox Mill Estates,Week1,349.0 Fox Mill Estates - 45.0 Springfield
South Run,Week5,Kent Gardens,Week5,231.0 Kent Gardens - 171.0 South Run
Springfield,Week4,Fox Mill Estates,Week5,346.0 Fox Mill Estates - 53.0 Springfield
Springboard,Week5,Poplar Tree,Week2,280.0 Poplar Tree - 121.0 Springboard
Springfield,Week3,Fox Mill Estates,Week5,353.0 Fox Mill Estates - 47.0 Springfield
Springfield,Week2,Fox Mill Estates,Week5,345.0 Fox Mill Estates - 54.0 Springfield
South Run,Week1,Kings Ridge ,Week5,227.0 South Run - 166.0 Kings Ridge
Springboard,Week5,South Run,Week4,235.0 South Run - 163.0 Springboard
South Run,Week3,Kent Gardens,Week5,247.0 Kent Gardens - 155.0 South Run
Springboard,Week1,Springboard,Week1,194.5 Springboard (SB1) - 194.5 Springboard (SB2)
Springfield,Week1,Fox Mill Estates,Week2,347.0 Fox Mill Estates - 51.0 Springfield
Springboard,Week4,Walden Glen,Week1,210.0 Walden Glen - 187.0 Springboard
Springboard,Week5,Walden Glen,Week5,263.0 Walden Glen - 135.0 Springboard
Springboard,Week1,Walden Glen,Week2,241.0 Walden Glen - 159.0 Springboard
South Run,Week2,Overlee,Week5,349.0 Overlee - 53.0 South Run
Springboard,Week3,South Run,Week2,241.0 South Run - 157.0 Springboard
South Run,Week2,Kings Ridge ,Week4,219.0 South Run - 183.0 Kings Ridge
Springfield,Week4,Fox Mill Estates,Week4,346.0 Fox Mill Estates - 51.0 Springfield
Springboard,Week1,Ravensworth Farm,Week1,309.0 Ravensworth Farm - 92.0 Springboard
South Run,Week1,Kings Ridge ,Week4,224.0 South Run - 169.0 Kings Ridge
Springboard,Week1,Walden Glen,Week4,259.0 Walden Glen - 139.0 Springboard
Springboard,Week5,Poplar Tree,Week4,278.0 Poplar Tree - 123.0 Springboard
South Run,Week2,Overlee,Week1,330.0 Overlee - 72.0 South Run
Springboard,Week5,South Run,Week3,243.0 South Run - 155.0 Springboard
South Run,Week5,Parklawn,Week2,279.0 South Run - 122.0 Parklawn
Springboard,Week2,Poplar Tree,Week1,326.0 Poplar Tree - 76.0 Springboard
Springboard,Week4,Poplar Tree,Week3,293.0 Poplar Tree - 109.0 Springboard
Springboard,Week5,Ravensworth Farm,Week2,271.0 Ravensworth Farm - 130.0 Springboard
Springboard,Week3,Walden Glen,Week2,238.0 Walden Glen - 162.0 Springboard
South Run,Week3,Overlee,Week3,334.0 Overlee - 68.0 South Run
South Run,Week2,Kent Gardens,Week4,221.0 Kent Gardens - 181.0 South Run
South Run,Week4,Kent Gardens,Week4,217.0 Kent Gardens - 185.0 South Run
Springboard,Week1,Walden Glen,Week1,207.5 Walden Glen - 189.5 Springboard
South Run,Week3,Kent Gardens,Week2,208.0 Kent Gardens - 194.0 South Run
South Run,Week2,Overlee,Week4,361.0 Overlee - 41.0 South Run
Springboard,Week4,South Run,Week2,247.0 South Run - 154.0 Springboard
South Run,Week5,Kent Gardens,Week2,217.0 South Run - 185.0 Kent Gardens
South Run,Week4,Overlee,Week5,358.0 Overlee - 44.0 South Run
Springboard,Week4,Springboard,Week5,210.0 Springboard (SB2) - 188.0 Springboard (SB1)
Springboard,Week1,Ravensworth Farm,Week5,322.0 Ravensworth Farm - 80.0 Springboard
Springboard,Week4,Ravensworth Farm,Week5,310.0 Ravensworth Farm - 92.0 Springboard
Springboard,Week2,Walden Glen,Week5,306.0 Walden Glen - 91.0 Springboard
South Run,Week5,Overlee,Week1,313.0 Overlee - 89.0 South Run
South Run,Week2,Kent Gardens,Week5,243.0 Kent Gardens - 159.0 South Run
Springboard,Week1,Springfield,Week5,322.0 Springboard - 67.0 Springfield
Springboard,Week2,Ravensworth Farm,Week1,313.0 Ravensworth Farm - 88.0 Springboard
Springboard,Week1,Waynewood,Week5,330.0 Waynewood - 71.0 Springboard
Springboard,Week2,Springfield,Week4,289.0 Springboard - 98.0 Springfield
South Run,Week5,Overlee,Week4,354.0 Overlee - 48.0 South Run
Springboard,Week1,Springboard,Week2,234.0 Springboard (SB1) - 157.0 Springboard (SB2)
Springboard,Week2,Ravensworth Farm,Week2,293.0 Ravensworth Farm - 108.0 Springboard
South Run,Week2,Parklawn,Week1,254.0 South Run - 138.0 Parklawn
Springfield,Week2,Fox Mill Estates,Week1,334.0 Fox Mill Estates - 59.0 Springfield
Springboard,Week1,Springfield,Week3,314.0 Springboard - 67.0 Springfield
South Run,Week4,Overlee,Week2,338.0 Overlee - 64.0 South Run
Springboard,Week5,Poplar Tree,Week1,295.0 Poplar Tree - 107.0 Springboard
Springboard,Week1,Riverside Gardens,Week1,321.0 Riverside Gardens - 81.0 Springboard
Springboard,Week3,Ravensworth Farm,Week1,305.0 Ravensworth Farm - 96.0 Springboard
Springboard,Week3,Ravensworth Farm,Week2,274.0 Ravensworth Farm - 127.0 Springboard
Springboard,Week2,Springboard,Week2,187.0 Springboard (SB1) - 187.0 Springboard (SB2)
Springboard,Week5,Springboard,Week1,236.0 Springboard (SB1) - 157.0 Springboard (SB2)
Springboard,Week1,Walden Glen,Week3,237.0 Walden Glen - 164.0 Springboard
Springboard,Week2,Springboard,Week5,234.5 Springboard (SB2) - 158.5 Springboard (SB1)
South Run,Week3,Overlee,Week5,360.0 Overlee - 42.0 South Run
South Run,Week4,Kent Gardens,Week1,253.0 Kent Gardens - 149.0 South Run
South Run,Week3,Kent Gardens,Week4,209.0 Kent Gardens - 193.0 South Run
South Run,Week4,Overlee,Week4,363.0 Overlee - 39.0 South Run
Springboard,Week1,Springboard,Week5,236.0 Springboard (SB2) - 157.0 Springboard (SB1)
Springboard,Week2,Ravensworth Farm,Week5,346.5 Ravensworth Farm - 55.5 Springboard
Springboard,Week5,Walden Glen,Week4,245.0 Walden Glen - 153.0 Springboard
Springboard,Week2,Walden Glen,Week2,260.0 Walden Glen - 132.0 Springboard
Springboard,Week3,Walden Glen,Week1,203.0 Springboard - 194.0 Walden Glen
South Run,Week2,Parklawn,Week2,227.0 South Run - 171.0 Parklawn
South Run,Week5,Kent Gardens,Week1,224.0 Kent Gardens - 178.0 South Run
South Run,Week1,Overlee,Week3,318.0 Overlee - 75.0 South Run
Springboard,Week3,Springboard,Week4,210.5 Springboard (SB2) - 187.5 Springboard (SB1)
South Run,Week2,Parklawn,Week4,225.0 South Run - 168.0 Parklawn
Springboard,Week2,Springfield,Week3,289.0 Springboard - 87.0 Springfield
South Run,Week1,Parklawn,Week5,229.0 South Run - 155.0 Parklawn
Springboard,Week3,Springfield,Week3,324.0 Springboard - 56.0 Springfield
Springboard,Week5,Walden Glen,Week2,228.0 Walden Glen - 171.0 Springboard
Springboard,Week2,Waynewood,Week1,327.0 Waynewood - 75.0 Springboard
Springboard,Week2,Walden Glen,Week3,269.0 Walden Glen - 132.0 Springboard
Springboard,Week5,Walden Glen,Week1,201.0 Springboard - 199.0 Walden Glen
Springboard,Week5,Springboard,Week2,234.5 Springboard (SB1) - 158.5 Springboard (SB2)
South Run,Week3,Parklawn,Week2,263.0 South Run - 135.0 Parklawn
Springboard,Week1,Springfield,Week2,312.0 Springboard - 75.0 Springfield
Springboard,Week1,Waynewood,Week3,334.0 Waynewood - 68.0 Springboard
Springboard,Week4,Ravensworth Farm,Week4,293.0 Ravensworth Farm - 109.0 Springboard
Springboard,Week1,Ravensworth Farm,Week4,302.0 Ravensworth Farm - 100.0 Springboard
Springboard,Week2,Ravensworth Farm,Week3,329.5 Ravensworth Farm - 68.5 Springboard
Springboard,Week4,Waynewood,Week3,327.0 Waynewood - 75.0 Springboard
Springboard,Week5,Waynewood,Week5,327.0 Waynewood - 74.0 Springboard
Springboard,Week2,Springfield,Week1,305.0 Springboard - 86.0 Springfield
Springboard,Week1,Waynewood,Week1,283.0 Waynewood - 119.0 Springboard
Springboard,Week3,Springfield,Week5,339.0 Springboard - 48.0 Springfield
Springboard,Week3,Ravensworth Farm,Week4,295.0 Ravensworth Farm - 107.0 Springboard
Springboard,Week4,Ravensworth Farm,Week1,304.0 Ravensworth Farm - 98.0 Springboard
Springboard,Week5,Ravensworth Farm,Week3,304.0 Ravensworth Farm - 94.0 Springboard
Springboard,Week2,Ravensworth Farm,Week4,318.0 Ravensworth Farm - 84.0 Springboard
South Run,Week2,Parklawn,Week3,242.0 South Run - 156.0 Parklawn
Springboard,Week2,Woodley,Week4,207.0 Woodley - 189.0 Springboard
South Run,Week2,Parklawn,Week5,224.0 South Run - 169.0 Parklawn
South Run,Week1,Parklawn,Week4,232.0 South Run - 151.0 Parklawn
Springboard,Week5,Ravensworth Farm,Week1,303.0 Ravensworth Farm - 98.0 Springboard
Springboard,Week1,Riverside Gardens,Week2,308.0 Riverside Gardens - 94.0 Springboard
Springboard,Week4,Springboard,Week4,194.5 Springboard (SB1) - 194.5 Springboard (SB2)
Springboard,Week5,Springboard,Week4,210.0 Springboard (SB1) - 188.0 Springboard (SB2)
Springboard,Week3,Ravensworth Farm,Week5,320.0 Ravensworth Farm - 82.0 Springboard
Springboard,Week5,Ravensworth Farm,Week5,302.5 Ravensworth Farm - 99.5 Springboard
Springboard,Week4,Ravensworth Farm,Week3,289.0 Ravensworth Farm - 112.0 Springboard
Springboard,Week3,Springfield,Week1,318.0 Springboard - 69.0 Springfield
Springboard,Week1,Woodley,Week5,212.0 Springboard - 186.0 Woodley
Springboard,Week5,Waynewood,Week4,300.0 Waynewood - 101.0 Springboard
South Run,Week4,Parklawn,Week2,244.0 South Run - 154.0 Parklawn
South Run,Week4,Parklawn,Week1,269.0 South Run - 118.0 Parklawn
Springboard,Week5,Springboard,Week3,214.0 Springboard (SB1) - 179.0 Springboard (SB2)
Springboard,Week4,Springboard,Week3,210.5 Springboard (SB1) - 187.5 Springboard (SB2)
South Run,Week3,Parklawn,Week3,259.0 South Run - 139.0 Parklawn
Springboard,Week1,Woodley,Week4,221.0 Springboard - 180.0 Woodley
South Run,Week3,Parklawn,Week4,240.0 South Run - 158.0 Parklawn
Springboard,Week1,Springfield,Week1,321.0 Springboard - 70.0 Springfield
Springboard,Week2,Woodley,Week1,216.0 Springboard - 186.0 Woodley
Springboard,Week3,Waynewood,Week3,338.0 Waynewood - 64.0 Springboard
South Run,Week3,Parklawn,Week5,235.0 South Run - 163.0 Parklawn
South Run,Week4,Parklawn,Week3,254.0 South Run - 144.0 Parklawn
Springboard,Week5,Waynewood,Week2,306.5 Waynewood - 95.5 Springboard
Springboard,Week2,Springfield,Week2,302.0 Springboard - 83.0 Springfield
Springboard,Week3,Riverside Gardens,Week2,310.0 Riverside Gardens - 92.0 Springboard
Springboard,Week4,Springboard,Week2,237.0 Springboard (SB1) - 155.0 Springboard (SB2)
South Run,Week4,Parklawn,Week5,221.0 South Run - 176.0 Parklawn
Springboard,Week4,Ravensworth Farm,Week2,278.0 Ravensworth Farm - 124.0 Springboard
Springboard,Week3,Waynewood,Week5,333.0 Waynewood - 68.0 Springboard
South Run,Week2,Parliament,Week1,202.0 Parliament - 200.0 South Run
Springboard,Week1,Riverside Gardens,Week5,339.0 Riverside Gardens - 62.0 Springboard
Springboard,Week5,Waynewood,Week1,293.0 Waynewood - 109.0 Springboard
Springboard,Week3,Riverside Gardens,Week4,331.0 Riverside Gardens - 71.0 Springboard
Springboard,Week2,Waynewood,Week3,342.0 Waynewood - 60.0 Springboard
South Run,Week3,Parliament,Week3,216.0 South Run - 186.0 Parliament
Springboard,Week3,Waynewood,Week1,313.0 Waynewood - 89.0 Springboard
South Run,Week2,Parliament,Week4,208.0 South Run - 194.0 Parliament
Springboard,Week4,Springboard,Week1,219.0 Springboard (SB1) - 178.0 Springboard (SB2)
Springboard,Week2,Springfield,Week5,307.0 Springboard - 80.0 Springfield
Springboard,Week3,Waynewood,Week2,315.0 Waynewood - 87.0 Springboard
Springboard,Week3,Riverside Gardens,Week3,325.0 Riverside Gardens - 77.0 Springboard
Springboard,Week3,Springfield,Week2,320.0 Springboard - 65.0 Springfield
Springboard,Week3,Riverside Gardens,Week1,331.0 Riverside Gardens - 71.0 Springboard
Springboard,Week2,Riverside Gardens,Week5,344.0 Riverside Gardens - 57.0 Springboard
South Run,Week2,Parliament,Week2,218.0 South Run - 183.0 Parliament
Springboard,Week5,Waynewood,Week3,319.0 Waynewood - 83.0 Springboard
Springboard,Week1,Springfield,Week4,296.0 Springboard - 95.0 Springfield
Springboard,Week3,Springboard,Week2,228.0 Springboard (SB1) - 164.0 Springboard (SB2)
Springboard,Week2,Riverside Gardens,Week3,352.0 Riverside Gardens - 50.0 Springboard
Springboard,Week2,Riverside Gardens,Week1,354.0 Riverside Gardens - 48.0 Springboard
Springboard,Week3,Waynewood,Week4,307.0 Waynewood - 94.0 Springboard
South Run,Week4,Parklawn,Week4,229.0 South Run - 169.0 Parklawn
Springboard,Week1,Riverside Gardens,Week3,334.0 Riverside Gardens - 68.0 Springboard
South Run,Week1,Parliament,Week2,215.0 South Run - 177.0 Parliament
Springboard,Week5,Springboard,Week5,196.0 Springboard (SB1) - 196.0 Springboard (SB2)
Springboard,Week3,Springboard,Week3,193.5 Springboard (SB1) - 193.5 Springboard (SB2)
Springboard,Week2,Woodley,Week3,213.0 Woodley - 187.0 Springboard
South Run,Week3,Parliament,Week1,201.0 Parliament - 201.0 South Run
South Run,Week1,Parliament,Week1,199.5 South Run - 193.5 Parliament
South Run,Week5,Parklawn,Week5,266.0 South Run - 135.0 Parklawn
Springboard,Week3,Springfield,Week4,316.0 Springboard - 73.0 Springfield
Springboard,Week4,Waynewood,Week2,312.5 Waynewood - 89.5 Springboard
South Run,Week5,Parklawn,Week1,282.0 South Run - 111.0 Parklawn
Springboard,Week1,Woodley,Week2,224.0 Springboard - 174.0 Woodley
Springboard,Week4,Waynewood,Week1,295.0 Waynewood - 107.0 Springboard
Springboard,Week3,Springboard,Week1,207.0 Springboard (SB1) - 185.0 Springboard (SB2)
Springboard,Week3,Springboard,Week5,214.0 Springboard (SB2) - 179.0 Springboard (SB1)
Springboard,Week2,Riverside Gardens,Week2,335.0 Riverside Gardens - 67.0 Springboard
Springboard,Week4,Waynewood,Week4,304.0 Waynewood - 98.0 Springboard
Springboard,Week5,Ravensworth Farm,Week4,293.0 Ravensworth Farm - 109.0 Springboard
South Run,Week2,Parliament,Week5,208.0 Parliament - 194.0 South Run
South Run,Week3,Parliament,Week4,212.0 South Run - 190.0 Parliament
South Run,Week1,Parliament,Week3,210.0 South Run - 183.0 Parliament
Springboard,Week4,Springfield,Week3,314.0 Springboard - 72.0 Springfield
Springboard,Week4,Springfield,Week2,309.0 Springboard - 79.0 Springfield
South Run,Week3,Parliament,Week2,226.0 South Run - 175.0 Parliament
Springboard,Week1,Woodley,Week1,237.0 Springboard - 165.0 Woodley
Springboard,Week3,Rolling Forest,Week5,271.0 Rolling Forest - 130.0 Springboard
Springboard,Week4,Waynewood,Week5,335.0 Waynewood - 67.0 Springboard
Springboard,Week1,Riverside Gardens,Week4,336.0 Riverside Gardens - 66.0 Springboard
South Run,Week3,Parliament,Week5,205.0 South Run - 197.0 Parliament
Springboard,Week3,Stratford,Week2,209.0 Stratford - 192.0 Springboard
Springboard,Week4,Springfield,Week1,318.0 Springboard - 76.0 Springfield
Springboard,Week3,Riverside Gardens,Week5,334.0 Riverside Gardens - 67.0 Springboard
Springboard,Week4,Rolling Forest,Week2,230.0 Rolling Forest - 172.0 Springboard
South Run,Week4,Parliament,Week1,217.0 Parliament - 184.0 South Run
Springboard,Week1,Woodley,Week3,211.5 Springboard - 189.5 Woodley
Springboard,Week2,Waynewood,Week5,345.0 Waynewood - 56.0 Springboard
Springboard,Week2,Waynewood,Week4,323.0 Waynewood - 78.0 Springboard
Springboard,Week1,Rolling Forest,Week4,260.0 Rolling Forest - 141.0 Springboard
Springboard,Week2,Riverside Gardens,Week4,348.0 Riverside Gardens - 54.0 Springboard
Springboard,Week4,Springfield,Week4,304.0 Springboard - 86.0 Springfield
Springboard,Week4,Springfield,Week5,333.0 Springboard - 57.0 Springfield
Springboard,Week2,Woodley,Week2,204.0 Woodley - 194.0 Springboard
South Run,Week1,Parliament,Week5,202.0 South Run - 191.0 Parliament
Springboard,Week5,Springfield,Week1,326.0 Springboard - 69.0 Springfield
Springboard,Week5,Riverside Gardens,Week4,327.0 Riverside Gardens - 75.0 Springboard
Springboard,Week2,Woodley,Week5,205.0 Woodley - 193.0 Springboard
South Run,Week5,Parklawn,Week3,282.0 South Run - 119.0 Parklawn
Springboard,Week4,Riverside Gardens,Week2,296.5 Riverside Gardens - 105.5 Springboard
Springboard,Week1,Sully Station,Week2,315.0 Sully Station - 87.0 Springboard
South Run,Week3,Highland Park,Week3,216.0 Highland Park - 186.0 South Run
Springboard,Week5,Rolling Forest,Week4,237.0 Rolling Forest - 164.0 Springboard
South Run,Week5,Parklawn,Week4,266.0 South Run - 135.0 Parklawn
Springboard,Week2,Stratford,Week2,239.0 Stratford - 157.0 Springboard
Springboard,Week1,Rolling Forest,Week5,267.0 Rolling Forest - 134.0 Springboard
South Run,Week2,Pinecrest,Week1,288.5 Pinecrest - 113.5 South Run
Springboard,Week5,Riverside Gardens,Week5,321.0 Riverside Gardens - 80.0 Springboard
Springboard,Week5,Stratford,Week5,218.0 Stratford - 183.0 Springboard
Springfield,Week1,Annandale,Week4,314.0 Annandale - 73.0 Springfield
Springboard,Week2,Rolling Forest,Week2,261.0 Rolling Forest - 135.0 Springboard
Springboard,Week3,Woodley,Week2,231.0 Springboard - 167.0 Woodley
Springboard,Week5,Springfield,Week5,336.0 Springboard - 58.0 Springfield
Springboard,Week5,Stratford,Week3,233.0 Stratford - 168.0 Springboard
South Run,Week1,Highland Park,Week1,224.0 Highland Park - 169.0 South Run
Springboard,Week3,Woodley,Week3,231.0 Springboard - 170.0 Woodley
Springboard,Week5,Rolling Forest,Week1,233.0 Rolling Forest - 168.0 Springboard
South Run,Week2,Highland Park,Week5,236.0 Highland Park - 166.0 South Run
Springboard,Week3,Woodley,Week4,229.0 Springboard - 172.0 Woodley
Springboard,Week3,Woodley,Week1,259.0 Springboard - 143.0 Woodley
South Run,Week1,Parliament,Week4,216.0 South Run - 177.0 Parliament
South Run,Week2,Parliament,Week3,201.0 Parliament - 201.0 South Run
South Run,Week5,Parliament,Week5,229.0 South Run - 173.0 Parliament
South Run,Week2,Pinecrest,Week2,290.0 Pinecrest - 112.0 South Run
South Run,Week4,Highland Park,Week1,244.0 Highland Park - 158.0 South Run
South Run,Week2,Highland Park,Week4,258.0 Highland Park - 144.0 South Run
South Run,Week5,Parliament,Week1,211.0 South Run - 191.0 Parliament
South Run,Week2,Highland Park,Week2,246.0 Highland Park - 156.0 South Run
South Run,Week4,Parliament,Week3,211.0 South Run - 191.0 Parliament
South Run,Week3,Pinecrest,Week5,280.0 Pinecrest - 121.0 South Run
Springboard,Week4,Woodley,Week3,220.5 Springboard - 180.5 Woodley
Springboard,Week1,Stratford,Week3,234.0 Stratford - 167.0 Springboard
Springboard,Week5,Woodley,Week2,239.0 Springboard - 159.0 Woodley
South Run,Week5,High Point Pool,Week5,228.0 High Point Pool - 174.0 South Run
Springboard,Week4,Riverside Gardens,Week5,322.0 Riverside Gardens - 80.0 Springboard
Springboard,Week4,Riverside Gardens,Week4,329.0 Riverside Gardens - 73.0 Springboard
Springfield,Week4,Annandale,Week1,298.0 Annandale - 91.0 Springfield
Springboard,Week5,Riverside Gardens,Week2,309.0 Riverside Gardens - 93.0 Springboard
South Run,Week1,Pinecrest,Week3,283.0 Pinecrest - 110.0 South Run
Springboard,Week4,Riverside Gardens,Week3,326.0 Riverside Gardens - 76.0 Springboard
Springboard,Week2,Stratford,Week3,255.0 Stratford - 146.0 Springboard
South Run,Week1,Highland Park,Week3,207.0 Highland Park - 186.0 South Run
South Run,Week4,Highland Park,Week5,244.0 Highland Park - 158.0 South Run
Springboard,Week1,Stratford,Week2,218.0 Stratford - 183.0 Springboard
Springboard,Week1,Stratford,Week1,214.0 Springboard - 184.0 Stratford
South Run,Week2,Highland Park,Week1,244.0 Highland Park - 158.0 South Run
South Run,Week4,Highland Park,Week2,226.0 Highland Park - 176.0 South Run
Springboard,Week2,Rolling Forest,Week4,280.0 Rolling Forest - 121.0 Springboard
South Run,Week5,Parliament,Week3,241.0 South Run - 161.0 Parliament
Springboard,Week5,Springfield,Week4,306.5 Springboard - 90.5 Springfield
Springboard,Week1,Rolling Forest,Week2,229.0 Rolling Forest - 172.0 Springboard
Springfield,Week2,Annandale,Week3,330.0 Annandale - 61.0 Springfield
Springboard,Week4,Woodley,Week4,224.0 Springboard - 178.0 Woodley
Springboard,Week4,Riverside Gardens,Week1,312.0 Riverside Gardens - 90.0 Springboard
Springboard,Week1,Sully Station,Week4,324.0 Sully Station - 78.0 Springboard
Springboard,Week1,Stratford,Week5,225.0 Stratford - 174.0 Springboard
South Run,Week5,Pinecrest,Week1,260.0 Pinecrest - 142.0 South Run
Springboard,Week5,Woodley,Week5,230.0 Springboard - 168.0 Woodley
Springboard,Week3,Stratford,Week5,231.0 Stratford - 169.0 Springboard
Springboard,Week3,Rolling Forest,Week2,226.0 Rolling Forest - 175.0 Springboard
Springboard,Week2,Rolling Forest,Week1,286.0 Rolling Forest - 115.0 Springboard
South Run,Week3,Pinecrest,Week2,289.0 Pinecrest - 113.0 South Run
South Run,Week1,Pinecrest,Week4,276.0 Pinecrest - 117.0 South Run
Springfield,Week2,Annandale,Week5,332.0 Annandale - 60.0 Springfield
South Run,Week2,Pinecrest,Week3,290.0 Pinecrest - 112.0 South Run
Springfield,Week1,Annandale,Week3,321.0 Annandale - 75.0 Springfield
Springboard,Week4,Woodley,Week1,240.0 Springboard - 162.0 Woodley
South Run,Week4,Highland Park,Week3,213.0 Highland Park - 189.0 South Run
Springfield,Week5,Annandale,Week1,321.0 Annandale - 65.0 Springfield
Springboard,Week2,Stratford,Week5,258.0 Stratford - 142.0 Springboard
Springboard,Week3,Stratford,Week3,225.0 Stratford - 176.0 Springboard
Springfield,Week3,Annandale,Week4,310.0 Annandale - 77.0 Springfield
South Run,Week3,Highland Park,Week1,251.0 Highland Park - 151.0 South Run
Springboard,Week5,Springfield,Week2,318.0 Springboard - 74.0 Springfield
Springboard,Week1,Stratford,Week4,243.0 Stratford - 158.0 Springboard
Springboard,Week5,Riverside Gardens,Week3,335.0 Riverside Gardens - 67.0 Springboard
Springboard,Week5,Woodley,Week4,226.5 Springboard - 174.5 Woodley
South Run,Week4,Pinecrest,Week5,293.0 Pinecrest - 108.0 South Run
Springboard,Week2,Rolling Forest,Week3,287.0 Rolling Forest - 115.0 Springboard
South Run,Week3,Highland Park,Week4,239.0 Highland Park - 163.0 South Run
South Run,Week4,Pinecrest,Week2,298.0 Pinecrest - 104.0 South Run
Springboard,Week4,Stratford,Week2,216.0 Stratford - 181.0 Springboard
Springboard,Week3,Woodley,Week5,229.0 Springboard - 169.0 Woodley
South Run,Week5,Highland Park,Week2,212.0 Highland Park - 190.0 South Run
South Run,Week4,Pinecrest,Week3,314.0 Pinecrest - 88.0 South Run
Springboard,Week2,Stratford,Week1,228.0 Stratford - 170.0 Springboard
South Run,Week5,Parliament,Week2,250.0 South Run - 152.0 Parliament
Springfield,Week2,Annandale,Week1,314.0 Annandale - 68.0 Springfield
South Run,Week1,Highland Park,Week2,210.0 Highland Park - 183.0 South Run
South Run,Week1,Highland Park,Week4,222.0 Highland Park - 171.0 South Run
Springboard,Week1,Rolling Forest,Week1,259.0 Rolling Forest - 142.0 Springboard
South Run,Week5,Highland Park,Week3,203.0 Highland Park - 199.0 South Run
South Run,Week5,Pinecrest,Week2,267.0 Pinecrest - 135.0 South Run
Springboard,Week2,Stratford,Week4,277.0 Stratford - 124.0 Springboard
South Run,Week2,Pinecrest,Week4,282.0 Pinecrest - 120.0 South Run
Springboard,Week3,Rolling Forest,Week3,255.0 Rolling Forest - 147.0 Springboard
Springboard,Week1,Rolling Forest,Week3,270.0 Rolling Forest - 132.0 Springboard
Springboard,Week5,Riverside Gardens,Week1,323.0 Riverside Gardens - 79.0 Springboard
Springboard,Week5,Springfield,Week3,320.0 Springboard - 69.0 Springfield
Springboard,Week5,Woodley,Week3,237.0 Springboard - 164.0 Woodley
Springfield,Week1,Annandale,Week2,316.0 Annandale - 80.0 Springfield
Springboard,Week3,Stratford,Week1,218.0 Springboard - 179.0 Stratford
Springboard,Week3,Rolling Forest,Week1,242.0 Rolling Forest - 159.0 Springboard
South Run,Week4,Highland Park,Week4,239.0 Highland Park - 163.0 South Run
South Run,Week3,Virginia Run,Week2,227.0 Virginia Run - 175.0 South Run
Springboard,Week3,Stratford,Week4,249.0 Stratford - 152.0 Springboard
South Run,Week3,Virginia Run,Week3,245.0 Virginia Run - 157.0 South Run
Springboard,Week4,Rolling Forest,Week1,253.0 Rolling Forest - 149.0 Springboard
Springfield,Week2,Annandale,Week4,318.0 Annandale - 69.0 Springfield
Springboard,Week4,Woodley,Week5,218.0 Springboard - 178.0 Woodley
South Run,Week5,Virginia Run,Week2,209.0 South Run - 193.0 Virginia Run
South Run,Week3,Highland Park,Week2,230.0 Highland Park - 172.0 South Run
South Run,Week2,Highland Park,Week3,222.0 Highland Park - 180.0 South Run
South Run,Week4,Virginia Run,Week5,259.0 Virginia Run - 143.0 South Run
Springboard,Week4,Stratford,Week1,212.0 Springboard - 184.0 Stratford
Springboard,Week3,Rolling Forest,Week4,245.0 Rolling Forest - 156.0 Springboard
South Run,Week1,Highland Park,Week5,213.0 Highland Park - 180.0 South Run
South Run,Week2,Pinecrest,Week5,274.0 Pinecrest - 122.0 South Run
South Run,Week5,Parliament,Week4,247.0 South Run - 155.0 Parliament
South Run,Week1,Pinecrest,Week5,265.5 Pinecrest - 126.5 South Run
Springboard,Week2,Rolling Forest,Week5,293.0 Rolling Forest - 108.0 Springboard
Springfield,Week2,Annandale,Week2,340.0 Annandale - 55.0 Springfield
South Run,Week1,Pinecrest,Week1,259.0 Pinecrest - 134.0 South Run
Springboard,Week4,Woodley,Week2,229.0 Springboard - 172.0 Woodley
Springboard,Week4,Stratford,Week4,234.0 Stratford - 168.0 Springboard
South Run,Week5,High Point Pool,Week4,226.0 High Point Pool - 176.0 South Run
South Run,Week4,Virginia Run,Week2,218.0 Virginia Run - 184.0 South Run
Springboard,Week4,Stratford,Week3,225.0 Stratford - 177.0 Springboard
Springboard,Week4,Rolling Forest,Week3,263.0 Rolling Forest - 139.0 Springboard
South Run,Week3,Virginia Run,Week4,240.0 Virginia Run - 162.0 South Run
Springboard,Week5,Woodley,Week1,246.0 Springboard - 156.0 Woodley
South Run,Week3,Lakevale Estates,Week4,281.0 Lakevale Estates - 121.0 South Run
South Run,Week5,Virginia Hills,Week5,293.0 South Run - 109.0 Virginia Hills
Springboard,Week4,Stratford,Week5,215.0 Stratford - 187.0 Springboard
Springboard,Week4,Rolling Forest,Week5,252.0 Rolling Forest - 150.0 Springboard
Springboard,Week5,Stratford,Week1,212.5 Springboard - 185.5 Stratford
South Run,Week3,Pinecrest,Week4,297.0 Pinecrest - 105.0 South Run
Springboard,Week1,Rolling Hills,Week1,238.0 Rolling Hills - 160.0 Springboard
South Run,Week5,Highland Park,Week4,202.0 Highland Park - 200.0 South Run
South Run,Week2,Virginia Run,Week3,256.0 Virginia Run - 146.0 South Run
Springboard,Week5,Stratford,Week2,204.0 Stratford - 197.0 Springboard
South Run,Week2,Virginia Run,Week4,257.5 Virginia Run - 144.5 South Run
South Run,Week3,Highland Park,Week5,232.0 Highland Park - 170.0 South Run
Springfield,Week3,Annandale,Week3,328.0 Annandale - 64.0 Springfield
South Run,Week3,Lakevale Estates,Week3,268.0 Lakevale Estates - 134.0 South Run
Springfield,Week1,Annandale,Week5,316.5 Annandale - 75.5 Springfield
Springboard,Week5,Rolling Forest,Week3,248.0 Rolling Forest - 154.0 Springboard
South Run,Week2,Lakevale Estates,Week1,259.0 Lakevale Estates - 143.0 South Run
South Run,Week5,Virginia Run,Week5,232.0 Virginia Run - 170.0 South Run
South Run,Week4,Pinecrest,Week1,289.0 Pinecrest - 113.0 South Run
South Run,Week5,Highland Park,Week1,216.0 Highland Park - 186.0 South Run
South Run,Week3,Pinecrest,Week1,283.0 Pinecrest - 119.0 South Run
Springfield,Week3,Annandale,Week5,334.0 Annandale - 59.0 Springfield
Springboard,Week4,Rolling Forest,Week4,253.0 Rolling Forest - 149.0 Springboard
South Run,Week4,Parliament,Week5,214.0 Parliament - 187.0 South Run
Springboard,Week1,Sully Station,Week1,323.0 Sully Station - 78.0 Springboard
Springboard,Week1,Sully Station,Week3,312.0 Sully Station - 89.0 Springboard
South Run,Week1,Virginia Run,Week3,225.0 Virginia Run - 168.0 South Run
South Run,Week4,Parliament,Week4,208.0 Parliament - 193.0 South Run
Springboard,Week4,Rolling Hills,Week3,231.0 Rolling Hills - 166.0 Springboard
South Run,Week1,Pinecrest,Week2,273.0 Pinecrest - 120.0 South Run
South Run,Week3,Pinecrest,Week3,302.0 Pinecrest - 100.0 South Run
Springboard,Week5,Rolling Forest,Week2,214.0 Rolling Forest - 187.0 Springboard
South Run,Week3,Virginia Run,Week1,252.0 Virginia Run - 150.0 South Run
Springboard,Week4,Rolling Hills,Week5,237.0 Rolling Hills - 165.0 Springboard
Springfield,Week3,Annandale,Week2,329.0 Annandale - 68.0 Springfield
Springfield,Week1,Annandale,Week1,308.0 Annandale - 86.0 Springfield
Springfield,Week3,Annandale,Week1,310.0 Annandale - 77.0 Springfield
South Run,Week4,Parliament,Week2,212.0 South Run - 186.0 Parliament
Springboard,Week5,Stratford,Week4,232.0 Stratford - 169.0 Springboard
South Run,Week1,Lakevale Estates,Week1,242.0 Lakevale Estates - 151.0 South Run
South Run,Week1,Lakevale Estates,Week4,261.0 Lakevale Estates - 132.0 South Run
Springboard,Week3,Rolling Hills,Week4,236.5 Rolling Hills - 155.5 Springboard
Springfield,Week4,Annandale,Week5,316.0 Annandale - 77.0 Springfield
Springboard,Week1,Sully Station II,Week3,332.0 Sully Station II - 70.0 Springboard
Springboard,Week4,Sully Station,Week5,321.0 Sully Station - 80.0 Springboard
South Run,Week4,Pinecrest,Week4,307.0 Pinecrest - 95.0 South Run
Springfield,Week4,Annandale,Week4,295.0 Annandale - 94.0 Springfield
Springfield,Week4,Annandale,Week3,313.0 Annandale - 78.0 Springfield
South Run,Week1,Lakevale Estates,Week2,237.0 Lakevale Estates - 156.0 South Run
South Run,Week5,Virginia Run,Week4,212.0 Virginia Run - 190.0 South Run
Springboard,Week2,Sully Station,Week4,339.0 Sully Station - 63.0 Springboard
Springboard,Week5,Sully Station,Week2,306.0 Sully Station - 96.0 Springboard
South Run,Week2,Pinewood Lake,Week5,325.0 South Run - 65.0 Pinewood Lake
Springboard,Week3,Rolling Hills,Week1,231.0 Rolling Hills - 167.0 Springboard
South Run,Week4,Virginia Run,Week4,245.0 Virginia Run - 157.0 South Run
South Run,Week4,Pinewood Lake,Week1,312.0 South Run - 69.0 Pinewood Lake
Springfield,Week5,Arlington Forest,Week2,374.0 Arlington Forest - 22.0 Springfield
Springboard,Week4,Rolling Hills,Week1,226.0 Rolling Hills - 175.0 Springboard
South Run,Week4,Pinewood Lake,Week4,331.0 South Run - 56.0 Pinewood Lake
Springboard,Week5,Sully Station,Week1,315.0 Sully Station - 87.0 Springboard
South Run,Week5,Lake Braddock,Week2,279.0 South Run - 123.0 Lake Braddock
South Run,Week1,Wakefield Chapel,Week1,267.0 Wakefield Chapel - 126.0 South Run
South Run,Week2,Pinewood Lake,Week3,334.0 South Run - 53.0 Pinewood Lake
South Run,Week3,Lake Braddock,Week5,265.0 South Run - 136.0 Lake Braddock
Springboard,Week3,Rolling Hills,Week3,237.0 Rolling Hills - 163.0 Springboard
South Run,Week2,Virginia Run,Week5,266.0 Virginia Run - 136.0 South Run
Springfield,Week3,Arlington Forest,Week5,363.0 Arlington Forest - 32.0 Springfield
South Run,Week4,Lake Braddock,Week3,257.0 South Run - 144.0 Lake Braddock
Springboard,Week2,Rolling Hills,Week5,264.0 Rolling Hills - 137.0 Springboard
Springboard,Week4,Sully Station,Week3,310.0 Sully Station - 92.0 Springboard
Springboard,Week2,Rolling Hills,Week4,246.0 Rolling Hills - 146.0 Springboard
Springboard,Week4,Sully Station,Week4,316.0 Sully Station - 86.0 Springboard
South Run,Week1,Virginia Run,Week1,232.0 Virginia Run - 161.0 South Run
Springfield,Week5,Arlington Forest,Week4,384.0 Arlington Forest - 18.0 Springfield
South Run,Week3,Wakefield Chapel,Week5,303.0 Wakefield Chapel - 99.0 South Run
South Run,Week1,Pleasant Valley,Week1,281.0 South Run - 103.0 Pleasant Valley
Springfield,Week2,Arlington Forest,Week5,363.0 Arlington Forest - 34.0 Springfield
South Run,Week4,Wakefield Chapel,Week2,297.0 Wakefield Chapel - 105.0 South Run
South Run,Week4,Lake Braddock,Week5,237.0 South Run - 160.0 Lake Braddock
South Run,Week5,Pinecrest,Week3,279.0 Pinecrest - 123.0 South Run
Springboard,Week1,Rolling Valley,Week4,229.5 Springboard - 171.5 Rolling Valley
Springboard,Week1,Rolling Hills,Week5,241.0 Rolling Hills - 160.0 Springboard
Springfield,Week4,Annandale,Week2,315.0 Annandale - 81.0 Springfield
Springboard,Week2,Sully Station II,Week1,317.0 Sully Station II - 85.0 Springboard
South Run,Week3,Virginia Run,Week5,266.0 Virginia Run - 136.0 South Run
South Run,Week1,Pinewood Lake,Week1,326.0 South Run - 57.0 Pinewood Lake
Springboard,Week5,Rolling Hills,Week3,228.0 Rolling Hills - 173.0 Springboard
South Run,Week3,Lake Braddock,Week2,266.0 South Run - 135.0 Lake Braddock
South Run,Week1,Lakevale Estates,Week5,245.5 Lakevale Estates - 147.5 South Run
South Run,Week2,Lakevale Estates,Week4,280.0 Lakevale Estates - 122.0 South Run
Springboard,Week5,Sully Station,Week4,304.0 Sully Station - 98.0 Springboard
Springfield,Week5,Annandale,Week2,341.0 Annandale - 52.0 Springfield
South Run,Week2,Lakevale Estates,Week5,279.0 Lakevale Estates - 123.0 South Run
Springfield,Week2,Arlington Forest,Week1,378.0 Arlington Forest - 19.0 Springfield
South Run,Week1,Virginia Run,Week4,225.0 Virginia Run - 168.0 South Run
Springboard,Week3,Rolling Hills,Week5,253.0 Rolling Hills - 148.0 Springboard
Springboard,Week5,Sully Station,Week5,320.0 Sully Station - 81.0 Springboard
South Run,Week2,Virginia Run,Week1,253.0 Virginia Run - 149.0 South Run
Springfield,Week1,Arlington Forest,Week3,356.5 Arlington Forest - 44.5 Springfield
South Run,Week5,Pinewood Lake,Week1,352.0 South Run - 47.0 Pinewood Lake
South Run,Week2,Lakevale Estates,Week2,260.0 Lakevale Estates - 142.0 South Run
Springboard,Week4,Sully Station,Week1,317.0 Sully Station - 85.0 Springboard
South Run,Week3,Lake Braddock,Week3,265.0 South Run - 137.0 Lake Braddock
South Run,Week1,Pinewood Lake,Week3,345.0 South Run - 43.0 Pinewood Lake
South Run,Week1,Pleasant Valley,Week4,289.0 South Run - 98.0 Pleasant Valley
Springboard,Week2,Rolling Hills,Week2,260.0 Rolling Hills - 135.0 Springboard
Springfield,Week2,Arlington Forest,Week3,362.5 Arlington Forest - 38.5 Springfield
Springboard,Week2,Sully Station,Week1,333.0 Sully Station - 68.0 Springboard
Springboard,Week5,Rolling Hills,Week4,223.0 Rolling Hills - 170.0 Springboard
South Run,Week1,Pleasant Valley,Week5,280.0 South Run - 106.0 Pleasant Valley
South Run,Week4,Lake Braddock,Week1,270.0 South Run - 131.0 Lake Braddock
South Run,Week2,Virginia Run,Week2,232.0 Virginia Run - 170.0 South Run
Springfield,Week5,Annandale,Week4,322.5 Annandale - 64.5 Springfield
Springfield,Week1,Arlington Forest,Week2,365.0 Arlington Forest - 31.0 Springfield
Springboard,Week1,Rolling Hills,Week2,249.0 Rolling Hills - 152.0 Springboard
South Run,Week4,Pinewood Lake,Week3,337.0 South Run - 48.0 Pinewood Lake
South Run,Week3,Lake Braddock,Week4,270.0 South Run - 132.0 Lake Braddock
Springboard,Week2,Sully Station II,Week3,361.0 Sully Station II - 41.0 Springboard
South Run,Week3,Lakevale Estates,Week2,259.0 Lakevale Estates - 143.0 South Run
South Run,Week1,Virginia Run,Week5,246.0 Virginia Run - 147.0 South Run
Springboard,Week3,Sully Station,Week3,310.0 Sully Station - 91.0 Springboard
South Run,Week3,Lake Braddock,Week1,290.0 South Run - 112.0 Lake Braddock
Springboard,Week2,Rolling Hills,Week3,261.0 Rolling Hills - 134.0 Springboard
Springfield,Week3,Arlington Forest,Week1,378.0 Arlington Forest - 19.0 Springfield
South Run,Week3,Pinewood Lake,Week4,356.0 South Run - 45.0 Pinewood Lake
Springboard,Week1,Sully Station II,Week2,324.0 Sully Station II - 77.0 Springboard
South Run,Week3,Lakevale Estates,Week1,267.0 Lakevale Estates - 135.0 South Run
Springfield,Week4,Arlington Forest,Week1,373.0 Arlington Forest - 24.0 Springfield
Springfield,Week4,Arlington Forest,Week3,355.0 Arlington Forest - 46.0 Springfield
South Run,Week3,Wakefield Chapel,Week3,289.0 Wakefield Chapel - 113.0 South Run
South Run,Week1,Pleasant Valley,Week3,274.0 South Run - 119.0 Pleasant Valley
Springboard,Week4,Rolling Hills,Week4,220.0 Rolling Hills - 178.0 Springboard
Springboard,Week5,Rolling Hills,Week2,232.0 Rolling Hills - 169.0 Springboard
Springboard,Week4,Sully Station,Week2,309.0 Sully Station - 88.0 Springboard
South Run,Week4,Virginia Run,Week1,262.0 Virginia Run - 140.0 South Run
Springboard,Week2,Sully Station,Week2,335.0 Sully Station - 62.0 Springboard
South Run,Week1,Pleasant Valley,Week2,281.0 South Run - 103.0 Pleasant Valley
Springboard,Week4,Rolling Hills,Week2,242.0 Rolling Hills - 160.0 Springboard
South Run,Week1,Virginia Run,Week2,206.0 Virginia Run - 187.0 South Run
South Run,Week5,Virginia Hills,Week4,326.0 South Run - 76.0 Virginia Hills
Springboard,Week1,Rolling Hills,Week4,230.0 Rolling Hills - 162.0 Springboard
South Run,Week5,Pinecrest,Week4,268.0 Pinecrest - 134.0 South Run
South Run,Week4,Virginia Run,Week3,246.0 Virginia Run - 156.0 South Run
Springfield,Week5,Annandale,Week3,337.0 Annandale - 53.0 Springfield
South Run,Week5,Virginia Run,Week1,221.0 Virginia Run - 181.0 South Run
Springboard,Week2,Sully Station,Week5,340.0 Sully Station - 60.0 Springboard
South Run,Week5,Pinewood Lake,Week2,362.0 South Run - 39.0 Pinewood Lake
South Run,Week4,Lake Braddock,Week4,261.0 South Run - 139.0 Lake Braddock
Springfield,Week3,Arlington Forest,Week3,358.0 Arlington Forest - 40.0 Springfield
Springfield,Week1,Arlington Forest,Week4,376.0 Arlington Forest - 26.0 Springfield
Springfield,Week1,Arlington Forest,Week5,363.0 Arlington Forest - 34.0 Springfield
South Run,Week4,Pinewood Lake,Week5,322.0 South Run - 70.0 Pinewood Lake
South Run,Week4,Lake Braddock,Week2,252.0 South Run - 145.0 Lake Braddock
South Run,Week5,Virginia Run,Week3,216.0 Virginia Run - 186.0 South Run
South Run,Week5,Lake Braddock,Week1,304.0 South Run - 98.0 Lake Braddock
Springboard,Week5,Sully Station,Week3,301.0 Sully Station - 100.0 Springboard
South Run,Week1,Wakefield Chapel,Week5,270.0 Wakefield Chapel - 123.0 South Run
Springboard,Week3,Sully Station,Week5,324.0 Sully Station - 77.0 Springboard
Springboard,Week5,Rolling Hills,Week1,215.0 Rolling Hills - 182.0 Springboard
Springboard,Week3,Sully Station,Week2,308.0 Sully Station - 94.0 Springboard
Springboard,Week1,Rolling Valley,Week1,264.0 Springboard - 136.0 Rolling Valley
Springboard,Week2,Rolling Hills,Week1,249.0 Rolling Hills - 148.0 Springboard
Springboard,Week1,Sully Station II,Week4,295.0 Sully Station II - 107.0 Springboard
South Run,Week3,Pinewood Lake,Week1,336.0 South Run - 63.0 Pinewood Lake
South Run,Week3,Pinewood Lake,Week5,353.0 South Run - 48.0 Pinewood Lake
South Run,Week1,Wakefield Chapel,Week2,267.0 Wakefield Chapel - 126.0 South Run
Springfield,Week4,Arlington Forest,Week2,359.0 Arlington Forest - 37.0 Springfield
South Run,Week5,Lake Braddock,Week3,266.0 South Run - 136.0 Lake Braddock
South Run,Week5,Lake Braddock,Week4,276.5 South Run - 125.5 Lake Braddock
South Run,Week2,Wakefield Chapel,Week4,282.0 Wakefield Chapel - 120.0 South Run
South Run,Week2,Pinewood Lake,Week4,331.5 South Run - 58.5 Pinewood Lake
Springfield,Week2,Arlington Forest,Week2,371.0 Arlington Forest - 24.0 Springfield
South Run,Week5,Lake Braddock,Week5,275.0 South Run - 127.0 Lake Braddock
South Run,Week1,Lakevale Estates,Week3,244.0 Lakevale Estates - 149.0 South Run
South Run,Week2,Wakefield Chapel,Week1,288.0 Wakefield Chapel - 109.0 South Run
Springboard,Week3,Rolling Hills,Week2,258.0 Rolling Hills - 143.0 Springboard
Springfield,Week1,Arlington Forest,Week1,375.0 Arlington Forest - 27.0 Springfield
Springboard,Week1,Sully Station,Week5,336.0 Sully Station - 65.0 Springboard
Springboard,Week1,Rolling Hills,Week3,236.0 Rolling Hills - 164.0 Springboard
South Run,Week3,Wakefield Chapel,Week1,305.0 Wakefield Chapel - 97.0 South Run
South Run,Week1,Pinewood Lake,Week4,336.0 South Run - 53.0 Pinewood Lake
Springboard,Week3,Sully Station,Week4,316.5 Sully Station - 85.5 Springboard
South Run,Week2,Lakevale Estates,Week3,263.0 Lakevale Estates - 139.0 South Run
Springboard,Week2,Sully Station,Week3,329.0 Sully Station - 72.0 Springboard
Springboard,Week5,Rolling Hills,Week5,240.0 Rolling Hills - 161.0 Springboard
South Run,Week2,Pinewood Lake,Week2,327.0 South Run - 56.0 Pinewood Lake
South Run,Week2,Wakefield Chapel,Week3,293.0 Wakefield Chapel - 103.0 South Run
Springboard,Week1,Sully Station II,Week5,340.0 Sully Station II - 62.0 Springboard
Springfield,Week5,Annandale,Week5,345.0 Annandale - 44.0 Springfield
Springboard,Week5,Rolling Forest,Week5,257.0 Rolling Forest - 144.0 Springboard
Springfield,Week2,Arlington Forest,Week4,377.0 Arlington Forest - 24.0 Springfield
South Run,Week1,Pinewood Lake,Week2,338.0 South Run - 52.0 Pinewood Lake
Springboard,Week1,Truro,Week2,202.0 Springboard - 190.0 Truro
South Run,Week2,Lakeview,Week5,243.0 South Run - 150.0 Lakeview
South Run,Week5,Pinecrest,Week5,265.0 Pinecrest - 137.0 South Run
South Run,Week1,Wakefield Chapel,Week3,266.0 Wakefield Chapel - 127.0 South Run
South Run,Week2,Pinewood Lake,Week1,318.0 South Run - 60.0 Pinewood Lake
Springboard,Week1,Sully Station II,Week1,294.0 Sully Station II - 107.0 Springboard
South Run,Week4,Pinewood Lake,Week2,329.0 South Run - 57.0 Pinewood Lake
Springboard,Week3,Truro,Week3,202.0 Truro - 199.0 Springboard
Springboard,Week2,Rutherford,Week4,224.0 Rutherford - 176.0 Springboard
Springfield,Week5,Arlington Forest,Week1,380.0 Arlington Forest - 17.0 Springfield
Springboard,Week3,Sully Station II,Week3,325.0 Sully Station II - 77.0 Springboard
South Run,Week1,Wakefield Chapel,Week4,267.0 Wakefield Chapel - 126.0 South Run
South Run,Week5,Pinewood Lake,Week4,356.0 South Run - 45.0 Pinewood Lake
South Run,Week4,Lakevale Estates,Week3,275.0 Lakevale Estates - 127.0 South Run
Springboard,Week4,Rolling Valley,Week1,269.0 Springboard - 133.0 Rolling Valley
South Run,Week4,Lakeview,Week2,275.0 South Run - 127.0 Lakeview
South Run,Week2,Wakefield Chapel,Week2,293.0 Wakefield Chapel - 109.0 South Run
Springfield,Week4,Arlington Forest,Week4,371.0 Arlington Forest - 31.0 Springfield
Springboard,Week5,Rolling Valley,Week2,240.0 Springboard - 162.0 Rolling Valley
South Run,Week3,Pinewood Lake,Week2,349.0 South Run - 51.0 Pinewood Lake
Springfield,Week3,Arlington Forest,Week4,378.0 Arlington Forest - 23.0 Springfield
South Run,Week1,Lakeview,Week4,252.0 South Run - 141.0 Lakeview
South Run,Week4,Wakefield Chapel,Week5,310.0 Wakefield Chapel - 92.0 South Run
Springboard,Week1,Rutherford,Week5,240.5 Rutherford - 157.5 Springboard
Springboard,Week1,Rolling Valley,Week2,231.0 Springboard - 171.0 Rolling Valley
Springfield,Week3,Arlington Forest,Week2,368.0 Arlington Forest - 27.0 Springfield
Springboard,Week1,Rolling Valley,Week3,228.0 Springboard - 174.0 Rolling Valley
Springboard,Week3,Sully Station,Week1,312.0 Sully Station - 89.0 Springboard
Springboard,Week2,Sully Station II,Week2,343.0 Sully Station II - 59.0 Springboard
South Run,Week3,Lakeview,Week1,286.0 South Run - 116.0 Lakeview
Springfield,Week4,Arlington Forest,Week5,363.0 Arlington Forest - 34.0 Springfield
South Run,Week3,Wakefield Chapel,Week4,286.0 Wakefield Chapel - 116.0 South Run
South Run,Week3,Lakeview,Week5,255.0 South Run - 138.0 Lakeview
Springfield,Week5,Arlington Forest,Week3,371.0 Arlington Forest - 30.0 Springfield
South Run,Week2,Lakeview,Week1,265.0 South Run - 132.0 Lakeview
South Run,Week5,Lakevale Estates,Week3,246.0 Lakevale Estates - 156.0 South Run
South Run,Week2,Wakefield Chapel,Week5,297.0 Wakefield Chapel - 105.0 South Run
Springboard,Week5,Sully Station II,Week4,287.0 Sully Station II - 115.0 Springboard
Springboard,Week4,Rolling Valley,Week5,232.0 Springboard - 170.0 Rolling Valley
South Run,Week5,Pinewood Lake,Week3,367.0 South Run - 34.0 Pinewood Lake
Springboard,Week1,Truro,Week5,219.0 Truro - 177.0 Springboard
Springboard,Week1,Rolling Valley,Week5,220.0 Springboard - 182.0 Rolling Valley
South Run,Week3,Wakefield Chapel,Week2,290.0 Wakefield Chapel - 112.0 South Run
Springfield,Week5,Arlington Forest,Week5,371.0 Arlington Forest - 26.0 Springfield
South Run,Week1,Pinewood Lake,Week5,330.0 South Run - 59.0 Pinewood Lake
Springfield,Week1,Brandywine,Week1,347.0 Brandywine - 47.0 Springfield
South Run,Week4,Wakefield Chapel,Week1,313.0 Wakefield Chapel - 89.0 South Run
South Run,Week3,Pinewood Lake,Week3,356.0 South Run - 44.0 Pinewood Lake
South Run,Week3,Lakevale Estates,Week5,280.0 Lakevale Estates - 122.0 South Run
Springboard,Week4,Sully Station II,Week5,333.5 Sully Station II - 68.5 Springboard
Springboard,Week2,Rolling Valley,Week5,209.0 Springboard - 193.0 Rolling Valley
Springfield,Week5,Brandywine,Week3,338.0 Brandywine - 40.0 Springfield
South Run,Week2,Lakeview,Week4,237.0 South Run - 165.0 Lakeview
Springboard,Week1,Truro,Week4,235.0 Truro - 165.0 Springboard
Springboard,Week2,Rolling Valley,Week3,213.0 Springboard - 189.0 Rolling Valley
South Run,Week4,Wakefield Chapel,Week4,298.0 Wakefield Chapel - 104.0 South Run
South Run,Week5,Pinewood Lake,Week5,348.0 South Run - 53.0 Pinewood Lake
Springfield,Week1,Brandywine,Week3,336.0 Brandywine - 48.0 Springfield
South Run,Week5,Wakefield Chapel,Week2,270.0 Wakefield Chapel - 132.0 South Run
Springboard,Week4,Rolling Valley,Week2,230.0 Springboard - 172.0 Rolling Valley
South Run,Week1,Walden Glen,Week4,221.0 South Run - 171.0 Walden Glen
South Run,Week5,Pleasant Valley,Week2,299.0 South Run - 102.0 Pleasant Valley
South Run,Week5,Lakevale Estates,Week1,245.0 Lakevale Estates - 157.0 South Run
South Run,Week4,Pleasant Valley,Week5,272.0 South Run - 118.0 Pleasant Valley
South Run,Week2,Lakeview,Week2,264.0 South Run - 138.0 Lakeview
South Run,Week5,Pleasant Valley,Week1,302.0 South Run - 99.0 Pleasant Valley
Springfield,Week3,Brandywine,Week4,359.0 Brandywine - 41.0 Springfield
Springboard,Week3,Rolling Valley,Week2,232.0 Springboard - 165.0 Rolling Valley
South Run,Week4,Wakefield Chapel,Week3,308.0 Wakefield Chapel - 93.0 South Run
Springboard,Week2,Sully Station II,Week5,365.0 Sully Station II - 37.0 Springboard
South Run,Week2,Pleasant Valley,Week3,265.0 South Run - 136.0 Pleasant Valley
Springboard,Week5,Rolling Valley,Week1,274.0 Springboard - 127.0 Rolling Valley
Springboard,Week5,Sully Station II,Week5,338.0 Sully Station II - 64.0 Springboard
South Run,Week4,Lakevale Estates,Week5,280.0 Lakevale Estates - 122.0 South Run
Springfield,Week1,Brandywine,Week2,341.0 Brandywine - 54.0 Springfield
Springboard,Week4,Sully Station II,Week1,295.0 Sully Station II - 107.0 Springboard
South Run,Week1,Walden Glen,Week1,246.0 South Run - 147.0 Walden Glen
Springboard,Week2,Rolling Valley,Week1,242.0 Springboard - 159.0 Rolling Valley
South Run,Week4,Lakevale Estates,Week4,290.0 Lakevale Estates - 112.0 South Run
South Run,Week3,Lakeview,Week3,265.0 South Run - 137.0 Lakeview
South Run,Week2,Pleasant Valley,Week4,288.0 South Run - 103.0 Pleasant Valley
Springboard,Week5,Rolling Valley,Week5,243.0 Springboard - 159.0 Rolling Valley
Springfield,Week3,Brandywine,Week2,342.0 Brandywine - 53.0 Springfield
South Run,Week1,Walden Glen,Week5,207.0 South Run - 185.0 Walden Glen
South Run,Week5,Wakefield Chapel,Week4,277.0 Wakefield Chapel - 125.0 South Run
Springboard,Week1,Truro,Week3,213.0 Truro - 188.0 Springboard
Springfield,Week5,Brandywine,Week5,371.0 Brandywine - 29.0 Springfield
Springboard,Week4,Sully Station II,Week3,326.0 Sully Station II - 76.0 Springboard
South Run,Week4,Pleasant Valley,Week4,288.0 South Run - 105.0 Pleasant Valley
Springfield,Week1,Bren Mar-Edsall Park,Week4,238.0 Bren Mar-Edsall Park - 142.0 Springfield
South Run,Week5,Wakefield Chapel,Week3,260.0 Wakefield Chapel - 142.0 South Run
South Run,Week5,Lakevale Estates,Week2,249.0 Lakevale Estates - 153.0 South Run
South Run,Week4,Lakevale Estates,Week1,277.0 Lakevale Estates - 125.0 South Run
South Run,Week5,Wakefield Chapel,Week5,278.5 Wakefield Chapel - 123.5 South Run
South Run,Week3,Pleasant Valley,Week2,289.0 South Run - 109.0 Pleasant Valley
Springboard,Week2,Truro,Week4,266.5 Truro - 134.5 Springboard
Springfield,Week2,Bren Mar-Edsall Park,Week1,237.0 Bren Mar-Edsall Park - 149.0 Springfield
Springboard,Week1,Rutherford,Week3,222.0 Rutherford - 176.0 Springboard
South Run,Week2,Pleasant Valley,Week2,272.0 South Run - 120.0 Pleasant Valley
Springboard,Week1,Rutherford,Week1,210.0 Springboard - 187.0 Rutherford
South Run,Week3,Lakeview,Week4,258.0 South Run - 144.0 Lakeview
South Run,Week2,Walden Glen,Week3,219.0 South Run - 183.0 Walden Glen
Springboard,Week1,Rutherford,Week2,199.0 Springboard - 198.0 Rutherford
South Run,Week2,Lakeview,Week3,252.0 South Run - 150.0 Lakeview
Springboard,Week2,Rutherford,Week1,202.0 Rutherford - 194.0 Springboard
Springboard,Week4,Rolling Valley,Week4,231.0 Springboard - 171.0 Rolling Valley
Springboard,Week3,Sully Station II,Week2,320.0 Sully Station II - 82.0 Springboard
Springboard,Week2,Rutherford,Week2,217.0 Rutherford - 181.0 Springboard
Springfield,Week4,Brandywine,Week1,339.0 Brandywine - 56.0 Springfield
Springboard,Week3,Truro,Week2,200.0 Springboard - 193.0 Truro
South Run,Week3,Hunt Valley,Week1,255.0 Hunt Valley - 147.0 South Run
South Run,Week4,Lakevale Estates,Week2,273.0 Lakevale Estates - 129.0 South Run
Springboard,Week3,Truro,Week1,221.0 Truro - 177.0 Springboard
South Run,Week5,Holmes Run Acres,Week5,242.0 Holmes Run Acres - 160.0 South Run
South Run,Week5,Herndon,Week1,315.0 South Run - 87.0 Herndon
Springboard,Week2,Truro,Week5,241.0 Truro - 151.0 Springboard
South Run,Week1,Lakeview,Week3,266.0 South Run - 127.0 Lakeview
South Run,Week2,Walden Glen,Week5,213.0 Walden Glen - 188.0 South Run
Springfield,Week5,Brandywine,Week1,356.0 Brandywine - 37.0 Springfield
Springboard,Week2,Truro,Week3,239.0 Truro - 162.0 Springboard
South Run,Week5,Holmes Run Acres,Week4,214.0 Holmes Run Acres - 188.0 South Run
South Run,Week3,Pleasant Valley,Week1,288.0 South Run - 110.0 Pleasant Valley
South Run,Week2,Walden Glen,Week4,206.0 South Run - 190.0 Walden Glen
Springboard,Week2,Rolling Valley,Week2,205.0 Rolling Valley - 197.0 Springboard
South Run,Week1,Hunt Valley,Week2,249.0 Hunt Valley - 144.0 South Run
Springfield,Week2,Brandywine,Week5,368.0 Brandywine - 33.0 Springfield
South Run,Week3,Pleasant Valley,Week4,298.0 South Run - 99.0 Pleasant Valley
South Run,Week3,Lakeview,Week2,287.0 South Run - 115.0 Lakeview
Springboard,Week5,Rolling Valley,Week3,253.0 Springboard - 149.0 Rolling Valley
South Run,Week2,Walden Glen,Week2,211.0 South Run - 191.0 Walden Glen
South Run,Week4,Holmes Run Acres,Week1,218.0 Holmes Run Acres - 183.0 South Run
South Run,Week4,Pleasant Valley,Week2,280.0 South Run - 117.0 Pleasant Valley
South Run,Week5,Pleasant Valley,Week3,295.0 South Run - 107.0 Pleasant Valley
South Run,Week5,Lakevale Estates,Week4,267.0 Lakevale Estates - 135.0 South Run
Springfield,Week5,Brandywine,Week2,362.0 Brandywine - 33.0 Springfield
Springboard,Week2,Sully Station II,Week4,332.0 Sully Station II - 70.0 Springboard
South Run,Week1,Walden Glen,Week3,240.0 South Run - 153.0 Walden Glen
Springfield,Week5,Brandywine,Week4,363.0 Brandywine - 38.0 Springfield
South Run,Week2,Walden Glen,Week1,227.0 South Run - 175.0 Walden Glen
South Run,Week2,Holmes Run Acres,Week2,217.0 Holmes Run Acres - 184.0 South Run
Springfield,Week3,Bren Mar-Edsall Park,Week5,228.0 Bren Mar-Edsall Park - 136.0 Springfield
Springfield,Week1,Bren Mar-Edsall Park,Week2,200.0 Bren Mar-Edsall Park - 177.0 Springfield
South Run,Week1,Holmes Run Acres,Week5,231.0 Holmes Run Acres - 162.0 South Run
Springboard,Week3,Sully Station II,Week4,305.0 Sully Station II - 97.0 Springboard
Springboard,Week1,Rutherford,Week4,217.0 Rutherford - 183.0 Springboard
South Run,Week3,Pleasant Valley,Week3,273.0 South Run - 129.0 Pleasant Valley
South Run,Week1,Lakeview,Week2,281.0 South Run - 112.0 Lakeview
South Run,Week1,Poplar Heights,Week1,219.0 Poplar Heights - 174.0 South Run
Springboard,Week2,Rolling Valley,Week4,211.0 Rolling Valley - 190.0 Springboard
South Run,Week1,Lakeview,Week1,276.0 South Run - 117.0 Lakeview
South Run,Week5,Holmes Run Acres,Week2,203.0 South Run - 199.0 Holmes Run Acres
South Run,Week3,Pleasant Valley,Week5,278.0 South Run - 122.0 Pleasant Valley
South Run,Week3,Walden Glen,Week1,257.0 South Run - 145.0 Walden Glen
Springfield,Week4,Brandywine,Week5,351.0 Brandywine - 50.0 Springfield
South Run,Week2,Pleasant Valley,Week1,266.0 South Run - 126.0 Pleasant Valley
South Run,Week1,Walden Glen,Week2,224.5 South Run - 167.5 Walden Glen
Springboard,Week3,Rolling Valley,Week1,270.0 Springboard - 131.0 Rolling Valley
Springboard,Week3,Sully Station II,Week1,306.0 Sully Station II - 96.0 Springboard
Springfield,Week1,Bren Mar-Edsall Park,Week5,215.0 Bren Mar-Edsall Park - 155.0 Springfield
South Run,Week3,Holmes Run Acres,Week4,219.0 Holmes Run Acres - 183.0 South Run
Springboard,Week3,Sully Station II,Week5,337.0 Sully Station II - 65.0 Springboard
South Run,Week3,Walden Glen,Week2,220.0 South Run - 182.0 Walden Glen
South Run,Week5,Lakevale Estates,Week5,255.5 Lakevale Estates - 146.5 South Run
Springfield,Week2,Brandywine,Week4,351.0 Brandywine - 50.0 Springfield
South Run,Week4,Pleasant Valley,Week1,269.0 South Run - 128.0 Pleasant Valley
South Run,Week1,Hunt Valley,Week4,247.0 Hunt Valley - 146.0 South Run
South Run,Week2,Pleasant Valley,Week5,263.0 South Run - 123.0 Pleasant Valley
South Run,Week1,Lakeview,Week5,257.0 South Run - 127.0 Lakeview
Springfield,Week2,Bren Mar-Edsall Park,Week3,259.0 Bren Mar-Edsall Park - 128.0 Springfield
South Run,Week5,Wakefield Chapel,Week1,269.0 Wakefield Chapel - 133.0 South Run
South Run,Week5,Pleasant Valley,Week4,306.0 South Run - 95.0 Pleasant Valley
Springboard,Week4,Sully Station II,Week4,292.0 Sully Station II - 110.0 Springboard
Springboard,Week3,Rolling Valley,Week4,225.5 Springboard - 175.5 Rolling Valley
South Run,Week4,Lakeview,Week1,277.0 South Run - 125.0 Lakeview
Springboard,Week4,Sully Station II,Week2,322.0 Sully Station II - 80.0 Springboard
Springboard,Week3,Rolling Valley,Week3,241.0 Springboard - 161.0 Rolling Valley
South Run,Week1,Hunt Valley,Week5,258.0 Hunt Valley - 135.0 South Run
South Run,Week1,Poplar Heights,Week2,225.0 Poplar Heights - 168.0 South Run
South Run,Week3,Waynewood,Week2,276.0 Waynewood - 126.0 South Run
Springboard,Week5,Sully Station II,Week3,319.0 Sully Station II - 83.0 Springboard
South Run,Week3,Holmes Run Acres,Week1,209.0 Holmes Run Acres - 193.0 South Run
Springboard,Week5,Sully Station II,Week2,314.0 Sully Station II - 88.0 Springboard
South Run,Week3,Holmes Run Acres,Week3,239.0 Holmes Run Acres - 163.0 South Run
Springboard,Week1,Truro,Week1,225.0 Truro - 173.0 Springboard
South Run,Week4,Pleasant Valley,Week3,262.0 South Run - 139.0 Pleasant Valley
Springfield,Week2,Brandywine,Week1,347.0 Brandywine - 48.0 Springfield
South Run,Week1,Waynewood,Week4,251.0 Waynewood - 142.0 South Run
South Run,Week4,Lakeview,Week5,245.0 South Run - 148.0 Lakeview
South Run,Week1,Poplar Heights,Week3,215.0 Poplar Heights - 178.0 South Run
Springboard,Week4,Rolling Valley,Week3,243.0 Springboard - 159.0 Rolling Valley
Springboard,Week5,Sully Station II,Week1,291.0 Sully Station II - 111.0 Springboard
Springboard,Week3,Rolling Valley,Week5,235.0 Springboard - 167.0 Rolling Valley
South Run,Week3,Holmes Run Acres,Week5,248.0 Holmes Run Acres - 154.0 South Run
South Run,Week1,Waynewood,Week2,252.0 Waynewood - 141.0 South Run
Springfield,Week3,Brandywine,Week3,337.0 Brandywine - 35.0 Springfield
Springboard,Week5,Rolling Valley,Week4,233.0 Springboard - 168.0 Rolling Valley
Springfield,Week1,Brandywine,Week4,356.0 Brandywine - 45.0 Springfield
South Run,Week4,Lakeview,Week3,255.0 South Run - 147.0 Lakeview
South Run,Week5,Lakeview,Week1,309.0 South Run - 93.0 Lakeview
South Run,Week2,Waynewood,Week1,259.0 Waynewood - 143.0 South Run
South Run,Week1,Hunt Valley,Week3,248.0 Hunt Valley - 145.0 South Run
Springboard,Week2,Rutherford,Week3,235.0 Rutherford - 163.0 Springboard
Springfield,Week2,Brandywine,Week2,352.5 Brandywine - 44.5 Springfield
Springfield,Week4,Brandywine,Week3,323.0 Brandywine - 61.0 Springfield
South Run,Week4,Lakeview,Week4,241.0 South Run - 161.0 Lakeview
South Run,Week5,Lakeview,Week2,303.0 South Run - 99.0 Lakeview
South Run,Week4,Walden Glen,Week4,208.0 South Run - 193.0 Walden Glen
South Run,Week4,Walden Glen,Week1,237.0 South Run - 165.0 Walden Glen
Springboard,Week2,Truro,Week1,272.0 Truro - 126.0 Springboard
South Run,Week4,Holmes Run Acres,Week4,238.0 Holmes Run Acres - 163.0 South Run
Springboard,Week2,Tuckahoe,Week2,386.0 Tuckahoe - 15.0 Springboard
South Run,Week5,Pleasant Valley,Week5,296.0 South Run - 106.0 Pleasant Valley
South Run,Week1,Langley,Week5,227.0 Langley - 166.0 South Run
Springboard,Week4,Rutherford,Week1,220.0 Springboard - 180.0 Rutherford
Springboard,Week5,Rutherford,Week1,205.0 Springboard - 193.0 Rutherford
South Run,Week5,Waynewood,Week2,248.0 Waynewood - 154.0 South Run
Springfield,Week4,Brandywine,Week4,341.0 Brandywine - 60.0 Springfield
South Run,Week5,Langley,Week4,249.0 Langley - 153.0 South Run
South Run,Week5,Waynewood,Week4,235.0 Waynewood - 167.0 South Run
South Run,Week2,Langley,Week4,280.0 Langley - 122.0 South Run
Springboard,Week5,Truro,Week5,212.0 Truro - 185.0 Springboard
Springfield,Week2,Brandywine,Week3,335.0 Brandywine - 43.0 Springfield
Springboard,Week5,Rutherford,Week3,223.0 Rutherford - 175.0 Springboard
South Run,Week1,Langley,Week3,246.0 Langley - 147.0 South Run
Springboard,Week5,Rutherford,Week2,206.0 Rutherford - 192.0 Springboard
Springboard,Week2,Tuckahoe,Week3,384.0 Tuckahoe - 18.0 Springboard
Springfield,Week3,Brandywine,Week5,364.0 Brandywine - 36.0 Springfield
Springboard,Week2,Truro,Week2,223.0 Truro - 165.0 Springboard
Springboard,Week3,Tuckahoe,Week2,383.0 Tuckahoe - 18.0 Springboard
South Run,Week5,Walden Glen,Week2,244.0 South Run - 158.0 Walden Glen
South Run,Week1,Holmes Run Acres,Week4,201.0 Holmes Run Acres - 192.0 South Run
Springboard,Week4,Rutherford,Week4,223.0 Rutherford - 179.0 Springboard
South Run,Week5,Lakeview,Week4,265.0 South Run - 137.0 Lakeview
Springfield,Week4,Brandywine,Week2,339.0 Brandywine - 58.0 Springfield
South Run,Week5,Holmes Run Acres,Week1,204.0 South Run - 198.0 Holmes Run Acres
South Run,Week2,Hunt Valley,Week3,281.0 Hunt Valley - 121.0 South Run
Springfield,Week1,Brandywine,Week5,370.0 Brandywine - 31.0 Springfield
South Run,Week5,Walden Glen,Week5,224.0 South Run - 178.0 Walden Glen
Springboard,Week4,Rutherford,Week2,202.0 Springboard - 198.0 Rutherford
South Run,Week4,Holmes Run Acres,Week3,246.0 Holmes Run Acres - 155.0 South Run
Springboard,Week4,Rutherford,Week5,223.0 Rutherford - 178.0 Springboard
South Run,Week5,Lakeview,Week3,285.0 South Run - 117.0 Lakeview
Springboard,Week3,Tuckahoe,Week4,381.0 Tuckahoe - 21.0 Springboard
South Run,Week3,Waynewood,Week5,277.0 Waynewood - 125.0 South Run
South Run,Week2,Holmes Run Acres,Week3,244.0 Holmes Run Acres - 157.0 South Run
South Run,Week4,Waynewood,Week5,289.0 Waynewood - 113.0 South Run
South Run,Week3,Holmes Run Acres,Week2,205.0 Holmes Run Acres - 197.0 South Run
Springfield,Week3,Brandywine,Week1,351.0 Brandywine - 43.0 Springfield
Springboard,Week3,Truro,Week4,221.0 Truro - 180.0 Springboard
South Run,Week4,Langley,Week5,263.0 Langley - 134.0 South Run
Springfield,Week2,Bren Mar-Edsall Park,Week2,223.0 Bren Mar-Edsall Park - 152.0 Springfield
Springboard,Week5,Tuckahoe,Week2,373.0 Tuckahoe - 28.0 Springboard
Springfield,Week1,Bren Mar-Edsall Park,Week1,217.5 Bren Mar-Edsall Park - 167.5 Springfield
South Run,Week5,Langley,Week5,235.5 Langley - 166.5 South Run
South Run,Week2,Waynewood,Week3,281.0 Waynewood - 121.0 South Run
South Run,Week2,Langley,Week5,263.0 Langley - 139.0 South Run
South Run,Week3,Waynewood,Week4,272.0 Waynewood - 130.0 South Run
South Run,Week5,Lakeview,Week5,270.0 South Run - 123.0 Lakeview
Springfield,Week2,Bren Mar-Edsall Park,Week5,235.0 Bren Mar-Edsall Park - 126.0 Springfield
South Run,Week3,Langley,Week5,249.0 Langley - 153.0 South Run
Springboard,Week3,Rutherford,Week1,211.0 Springboard - 186.0 Rutherford
South Run,Week4,Holmes Run Acres,Week2,221.0 Holmes Run Acres - 175.0 South Run
South Run,Week5,Holmes Run Acres,Week3,223.0 Holmes Run Acres - 179.0 South Run
Springboard,Week1,Shouse Village,Week1,260.0 Shouse Village - 142.0 Springboard
Springboard,Week1,Shouse Village,Week2,275.0 Shouse Village - 126.0 Springboard
South Run,Week2,Holmes Run Acres,Week4,228.0 Holmes Run Acres - 173.0 South Run
Springboard,Week3,Rutherford,Week2,209.0 Rutherford - 189.0 Springboard
Springboard,Week5,Truro,Week2,210.0 Springboard - 183.0 Truro
South Run,Week2,Holmes Run Acres,Week1,212.0 Holmes Run Acres - 189.0 South Run
Springfield,Week1,Bren Mar-Edsall Park,Week3,235.0 Bren Mar-Edsall Park - 158.0 Springfield
Springboard,Week3,Rutherford,Week4,230.0 Rutherford - 170.0 Springboard
South Run,Week4,Walden Glen,Week2,227.0 South Run - 175.0 Walden Glen
Springboard,Week4,Truro,Week2,206.0 Springboard - 188.0 Truro
Springboard,Week4,Tuckahoe,Week4,385.0 Tuckahoe - 17.0 Springboard
South Run,Week4,Holmes Run Acres,Week5,252.0 Holmes Run Acres - 150.0 South Run
Springfield,Week3,Bren Mar-Edsall Park,Week1,236.0 Bren Mar-Edsall Park - 144.0 Springfield
South Run,Week4,Walden Glen,Week3,234.0 South Run - 167.0 Walden Glen
Springboard,Week4,Truro,Week5,227.0 Truro - 168.0 Springboard
South Run,Week1,Hollin Meadows,Week1,221.0 Hollin Meadows - 172.0 South Run
South Run,Week5,Walden Glen,Week4,230.0 South Run - 172.0 Walden Glen
Springfield,Week3,Bren Mar-Edsall Park,Week2,230.0 Bren Mar-Edsall Park - 144.0 Springfield
South Run,Week3,Walden Glen,Week4,223.0 South Run - 178.0 Walden Glen
South Run,Week1,Waynewood,Week1,238.0 Waynewood - 155.0 South Run
Springfield,Week3,Bren Mar-Edsall Park,Week3,244.0 Bren Mar-Edsall Park - 139.0 Springfield
South Run,Week5,Langley,Week1,244.0 Langley - 158.0 South Run
South Run,Week1,Hollin Hills,Week1,293.0 South Run - 99.0 Hollin Hills
Springboard,Week1,Tuckahoe,Week5,375.0 Tuckahoe - 27.0 Springboard
Springfield,Week2,Bren Mar-Edsall Park,Week4,253.0 Bren Mar-Edsall Park - 125.0 Springfield
South Run,Week3,Laurel Hill,Week2,261.0 South Run - 140.0 Laurel Hill
Springboard,Week4,Rutherford,Week3,215.0 Rutherford - 186.0 Springboard
South Run,Week3,Langley,Week2,253.0 Langley - 149.0 South Run
South Run,Week2,Holmes Run Acres,Week5,256.0 Holmes Run Acres - 146.0 South Run
South Run,Week4,Hollin Hills,Week5,285.0 South Run - 110.0 Hollin Hills
Springboard,Week4,Truro,Week4,229.0 Truro - 172.0 Springboard
South Run,Week1,Hunt Valley,Week1,237.0 Hunt Valley - 156.0 South Run
Springboard,Week5,Rutherford,Week5,217.0 Rutherford - 181.0 Springboard
Springboard,Week5,Rutherford,Week4,211.0 Rutherford - 190.0 Springboard
South Run,Week2,Hunt Valley,Week1,255.0 Hunt Valley - 147.0 South Run
South Run,Week5,Walden Glen,Week1,265.0 South Run - 137.0 Walden Glen
Springboard,Week1,Tuckahoe,Week1,373.0 Tuckahoe - 29.0 Springboard
Springboard,Week1,Tuckahoe,Week3,377.0 Tuckahoe - 25.0 Springboard
South Run,Week5,Hiddenbrook,Week4,233.0 South Run - 169.0 Hiddenbrook
South Run,Week3,High Point Pool,Week4,254.0 High Point Pool - 148.0 South Run
South Run,Week1,Langley,Week1,243.5 Langley - 149.5 South Run
Springboard,Week3,Rutherford,Week3,225.0 Rutherford - 173.0 Springboard
Springboard,Week5,Truro,Week4,218.0 Truro - 183.0 Springboard
South Run,Week3,Walden Glen,Week3,239.0 South Run - 163.0 Walden Glen
South Run,Week1,Hollin Hills,Week3,293.0 South Run - 100.0 Hollin Hills
South Run,Week2,Hollin Hills,Week4,276.0 South Run - 120.0 Hollin Hills
Springboard,Week5,Truro,Week3,223.0 Springboard - 178.0 Truro
South Run,Week1,Waynewood,Week3,265.0 Waynewood - 128.0 South Run
South Run,Week2,Langley,Week3,268.0 Langley - 134.0 South Run
South Run,Week2,Hollin Hills,Week2,274.0 South Run - 126.0 Hollin Hills
South Run,Week4,Hunt Valley,Week1,269.0 Hunt Valley - 128.0 South Run
South Run,Week5,Walden Glen,Week3,243.0 South Run - 159.0 Walden Glen
Springfield,Week1,Brookfield ,Week5,356.0 Brookfield - 45.0 Springfield
Springfield,Week4,Bren Mar-Edsall Park,Week1,200.0 Bren Mar-Edsall Park - 188.0 Springfield
Springboard,Week5,Truro,Week1,220.0 Truro - 178.0 Springboard
South Run,Week4,Hunt Valley,Week3,272.0 Hunt Valley - 130.0 South Run
Springfield,Week1,Brookfield ,Week2,357.0 Brookfield - 45.0 Springfield
South Run,Week3,Hollin Hills,Week2,304.0 South Run - 97.0 Hollin Hills
South Run,Week5,Langley,Week3,247.0 Langley - 155.0 South Run
Springfield,Week1,Brookfield ,Week4,375.0 Brookfield - 27.0 Springfield
South Run,Week2,Langley,Week1,272.0 Langley - 130.0 South Run
South Run,Week2,Waynewood,Week4,271.0 Waynewood - 131.0 South Run
South Run,Week5,High Point Pool,Week2,241.0 High Point Pool - 161.0 South Run
South Run,Week1,Hollin Hills,Week4,286.0 South Run - 103.0 Hollin Hills
South Run,Week2,Hunt Valley,Week4,267.0 Hunt Valley - 135.0 South Run
South Run,Week2,Hunt Valley,Week5,292.0 Hunt Valley - 110.0 South Run
South Run,Week4,Walden Glen,Week5,207.0 Walden Glen - 194.0 South Run
South Run,Week5,Langley,Week2,233.0 Langley - 169.0 South Run
South Run,Week1,Waynewood,Week5,262.0 Waynewood - 131.0 South Run
South Run,Week2,Hollin Hills,Week5,274.0 South Run - 122.0 Hollin Hills
South Run,Week2,Hollin Hills,Week1,281.5 South Run - 116.5 Hollin Hills
Springboard,Week3,Rutherford,Week5,223.0 Rutherford - 175.0 Springboard
South Run,Week3,Hunt Valley,Week4,269.0 Hunt Valley - 133.0 South Run
Springfield,Week3,Bren Mar-Edsall Park,Week4,248.0 Bren Mar-Edsall Park - 127.0 Springfield
South Run,Week2,Hunt Valley,Week2,263.0 Hunt Valley - 139.0 South Run
Springboard,Week3,Truro,Week5,212.0 Truro - 185.0 Springboard
South Run,Week3,Walden Glen,Week5,209.0 South Run - 192.0 Walden Glen
Springboard,Week4,Truro,Week3,204.0 Truro - 198.0 Springboard
Springfield,Week2,Brookfield ,Week4,370.0 Brookfield - 30.0 Springfield
Springboard,Week2,Rutherford,Week5,249.0 Rutherford - 149.0 Springboard
South Run,Week4,Hunt Valley,Week2,262.0 Hunt Valley - 140.0 South Run
Springboard,Week1,Tuckahoe,Week4,382.0 Tuckahoe - 20.0 Springboard
South Run,Week1,Langley,Week2,232.0 Langley - 161.0 South Run
Springfield,Week2,Brookfield ,Week3,356.0 Brookfield - 45.0 Springfield
South Run,Week1,Laurel Hill,Week1,241.0 South Run - 151.0 Laurel Hill
South Run,Week4,Hunt Valley,Week4,269.0 Hunt Valley - 133.0 South Run
South Run,Week1,Hollin Hills,Week5,287.0 South Run - 106.0 Hollin Hills
South Run,Week3,Hollin Hills,Week5,293.0 South Run - 108.0 Hollin Hills
Springboard,Week4,Truro,Week1,228.0 Truro - 173.0 Springboard
South Run,Week3,Waynewood,Week3,287.5 Waynewood - 114.5 South Run
South Run,Week3,Waynewood,Week1,260.0 Waynewood - 142.0 South Run
South Run,Week1,High Point Pool,Week3,237.0 High Point Pool - 156.0 South Run
South Run,Week1,Langley,Week4,256.0 Langley - 137.0 South Run
Springfield,Week1,Brookfield ,Week3,353.0 Brookfield - 48.0 Springfield
South Run,Week4,Hunt Valley,Week5,298.0 Hunt Valley - 104.0 South Run
South Run,Week3,Langley,Week1,272.0 Langley - 130.0 South Run
South Run,Week2,Waynewood,Week5,284.0 Waynewood - 118.0 South Run
South Run,Week1,High Point Pool,Week4,239.0 High Point Pool - 154.0 South Run
Springfield,Week5,Bren Mar-Edsall Park,Week1,245.5 Bren Mar-Edsall Park - 140.5 Springfield
Springfield,Week4,Bren Mar-Edsall Park,Week4,220.0 Bren Mar-Edsall Park - 163.0 Springfield
South Run,Week2,Waynewood,Week2,277.0 Waynewood - 125.0 South Run
South Run,Week5,Hunt Valley,Week2,242.0 Hunt Valley - 160.0 South Run
South Run,Week3,Hollin Hills,Week4,298.0 South Run - 100.0 Hollin Hills
Springboard,Week2,Tuckahoe,Week5,387.0 Tuckahoe - 15.0 Springboard
Springboard,Week2,Tuckahoe,Week1,378.0 Tuckahoe - 24.0 Springboard
South Run,Week2,Langley,Week2,260.0 Langley - 142.0 South Run
Springboard,Week2,Tuckahoe,Week4,391.0 Tuckahoe - 11.0 Springboard
Springfield,Week2,Brookfield ,Week1,365.0 Brookfield - 35.0 Springfield
South Run,Week4,High Point Pool,Week3,254.0 High Point Pool - 148.0 South Run
South Run,Week1,Laurel Hill,Week4,239.0 South Run - 154.0 Laurel Hill
Springfield,Week5,Bren Mar-Edsall Park,Week3,255.0 Bren Mar-Edsall Park - 129.0 Springfield
South Run,Week4,Hollin Hills,Week3,283.0 South Run - 117.0 Hollin Hills
South Run,Week5,Hiddenbrook,Week5,207.0 South Run - 195.0 Hiddenbrook
South Run,Week3,Hunt Valley,Week5,291.5 Hunt Valley - 110.5 South Run
Springfield,Week2,Brookfield ,Week5,355.0 Brookfield - 41.0 Springfield
South Run,Week5,Hunt Valley,Week3,256.5 Hunt Valley - 145.5 South Run
Springfield,Week3,Brookfield ,Week1,367.0 Brookfield - 34.0 Springfield
South Run,Week4,Waynewood,Week3,280.0 Waynewood - 122.0 South Run
South Run,Week4,Langley,Week2,265.0 Langley - 137.0 South Run
Springboard,Week3,Tuckahoe,Week3,376.5 Tuckahoe - 25.5 Springboard
South Run,Week3,Langley,Week3,263.0 Langley - 139.0 South Run
South Run,Week3,Hunt Valley,Week3,277.0 Hunt Valley - 125.0 South Run
Springfield,Week2,Brookfield ,Week2,356.0 Brookfield - 45.0 Springfield
South Run,Week3,High Point Pool,Week3,250.0 High Point Pool - 152.0 South Run
South Run,Week1,High Point Pool,Week2,248.0 High Point Pool - 145.0 South Run
South Run,Week3,Hollin Hills,Week1,307.0 South Run - 94.0 Hollin Hills
South Run,Week3,Langley,Week4,278.0 Langley - 124.0 South Run
South Run,Week4,Hollin Hills,Week1,288.0 South Run - 104.0 Hollin Hills
South Run,Week2,Hollin Hills,Week3,277.0 South Run - 124.0 Hollin Hills
South Run,Week5,Hunt Valley,Week1,246.5 Hunt Valley - 155.5 South Run
South Run,Week4,High Point Pool,Week4,261.0 High Point Pool - 141.0 South Run
Springboard,Week3,Tuckahoe,Week1,372.0 Tuckahoe - 30.0 Springboard
South Run,Week4,Waynewood,Week2,267.0 Waynewood - 135.0 South Run
South Run,Week4,Waynewood,Week1,256.0 Waynewood - 146.0 South Run
South Run,Week4,Langley,Week1,276.5 Langley - 125.5 South Run
South Run,Week5,Hollin Hills,Week1,312.0 South Run - 90.0 Hollin Hills
Springboard,Week1,Tuckahoe,Week2,385.0 Tuckahoe - 16.0 Springboard
South Run,Week5,Hollin Hills,Week4,311.0 South Run - 91.0 Hollin Hills
South Run,Week4,Waynewood,Week4,268.5 Waynewood - 133.5 South Run
South Run,Week5,Hunt Valley,Week5,260.0 Hunt Valley - 142.0 South Run
Springfield,Week4,Bren Mar-Edsall Park,Week2,199.0 Springfield - 183.0 Bren Mar-Edsall Park
South Run,Week5,Waynewood,Week1,236.0 Waynewood - 166.0 South Run
South Run,Week4,Langley,Week4,284.0 Langley - 118.0 South Run
South Run,Week1,High Point Pool,Week1,250.0 High Point Pool - 143.0 South Run
South Run,Week5,Woodley,Week2,270.0 South Run - 132.0 Woodley
South Run,Week5,Hollin Hills,Week3,301.0 South Run - 101.0 Hollin Hills
South Run,Week5,Waynewood,Week3,264.0 Waynewood - 138.0 South Run
Springboard,Week4,Tuckahoe,Week2,382.0 Tuckahoe - 20.0 Springboard
Springboard,Week4,Tuckahoe,Week1,369.0 Tuckahoe - 33.0 Springboard
South Run,Week2,High Point Pool,Week4,245.0 High Point Pool - 157.0 South Run
South Run,Week1,Woodley,Week3,244.0 South Run - 149.0 Woodley
South Run,Week1,Hunter Mill,Week1,234.0 Hunter Mill - 159.0 South Run
South Run,Week2,Laurel Hill,Week5,210.0 South Run - 191.0 Laurel Hill
South Run,Week5,Hollin Hills,Week2,311.0 South Run - 91.0 Hollin Hills
Springboard,Week4,Tuckahoe,Week3,379.0 Tuckahoe - 23.0 Springboard
Springfield,Week3,Brookfield ,Week5,357.0 Brookfield - 44.0 Springfield
South Run,Week1,Hunter Mill,Week2,236.0 Hunter Mill - 157.0 South Run
South Run,Week2,Laurel Hill,Week2,237.0 South Run - 147.0 Laurel Hill
South Run,Week4,Hollin Meadows,Week5,255.0 Hollin Meadows - 147.0 South Run
South Run,Week4,High Point Pool,Week5,256.0 High Point Pool - 146.0 South Run
Springfield,Week3,Brookfield ,Week4,360.0 Brookfield - 41.0 Springfield
South Run,Week2,High Point Pool,Week1,252.0 High Point Pool - 149.0 South Run
Springboard,Week3,Vienna Aquatic,Week4,345.0 Vienna Aquatic - 57.0 Springboard
Springfield,Week4,Brookfield ,Week2,344.0 Brookfield - 58.0 Springfield
South Run,Week3,Hollin Hills,Week3,292.0 South Run - 110.0 Hollin Hills
Springfield,Week3,Brookfield ,Week2,348.0 Brookfield - 53.0 Springfield
South Run,Week2,High Point Pool,Week5,241.0 High Point Pool - 161.0 South Run
South Run,Week1,Laurel Hill,Week2,252.0 South Run - 135.0 Laurel Hill
South Run,Week1,High Point Pool,Week5,230.0 High Point Pool - 163.0 South Run
South Run,Week3,Hunt Valley,Week2,268.0 Hunt Valley - 134.0 South Run
Springboard,Week4,Tuckahoe,Week5,382.0 Tuckahoe - 20.0 Springboard
South Run,Week1,Laurel Hill,Week5,217.0 South Run - 176.0 Laurel Hill
Springboard,Week5,Tuckahoe,Week1,366.0 Tuckahoe - 36.0 Springboard
South Run,Week1,Hunter Mill,Week3,241.0 Hunter Mill - 152.0 South Run
South Run,Week3,Woodley,Week4,272.0 South Run - 130.0 Woodley
Springboard,Week3,Tuckahoe,Week5,383.0 Tuckahoe - 19.0 Springboard
South Run,Week2,Woodley,Week4,235.0 South Run - 161.0 Woodley
South Run,Week5,Hunt Valley,Week4,258.0 Hunt Valley - 144.0 South Run
Springfield,Week4,Brookfield ,Week1,358.0 Brookfield - 43.0 Springfield
South Run,Week4,Langley,Week3,275.0 Langley - 127.0 South Run
South Run,Week1,Hunter Mill,Week4,236.0 Hunter Mill - 157.0 South Run
South Run,Week5,Hollin Hills,Week5,312.0 South Run - 90.0 Hollin Hills
Springfield,Week3,Brookfield ,Week3,357.0 Brookfield - 40.0 Springfield
South Run,Week5,High Point Pool,Week3,216.0 High Point Pool - 186.0 South Run
South Run,Week2,Laurel Hill,Week1,239.0 South Run - 159.0 Laurel Hill
South Run,Week3,Laurel Hill,Week1,248.0 South Run - 153.0 Laurel Hill
Springboard,Week5,Tuckahoe,Week3,374.0 Tuckahoe - 28.0 Springboard
Springfield,Week5,Bren Mar-Edsall Park,Week4,264.0 Bren Mar-Edsall Park - 117.0 Springfield
Springfield,Week4,Bren Mar-Edsall Park,Week5,200.0 Bren Mar-Edsall Park - 171.0 Springfield
South Run,Week2,Hollin Meadows,Week1,235.0 Hollin Meadows - 167.0 South Run
South Run,Week2,Laurel Hill,Week3,211.0 South Run - 191.0 Laurel Hill
Springfield,Week4,Bren Mar-Edsall Park,Week3,216.0 Bren Mar-Edsall Park - 175.0 Springfield
South Run,Week3,Woodley,Week5,246.0 South Run - 155.0 Woodley
South Run,Week4,High Point Pool,Week1,256.0 High Point Pool - 145.0 South Run
South Run,Week2,Woodley,Week2,238.5 South Run - 162.5 Woodley
Springboard,Week4,Vienna Aquatic,Week2,331.0 Vienna Aquatic - 71.0 Springboard
South Run,Week1,Woodley,Week2,252.0 South Run - 140.0 Woodley
South Run,Week3,High Point Pool,Week1,247.0 High Point Pool - 155.0 South Run
South Run,Week1,Hollin Meadows,Week5,231.5 Hollin Meadows - 161.5 South Run
South Run,Week2,Laurel Hill,Week4,224.0 South Run - 177.0 Laurel Hill
Springboard,Week5,Vienna Aquatic,Week1,331.0 Vienna Aquatic - 71.0 Springboard
South Run,Week1,Woodley,Week5,240.0 South Run - 152.0 Woodley
Springboard,Week1,Vienna Aquatic,Week5,343.0 Vienna Aquatic - 57.0 Springboard
South Run,Week1,Laurel Hill,Week3,218.5 South Run - 174.5 Laurel Hill
South Run,Week2,High Point Pool,Week3,255.0 High Point Pool - 147.0 South Run
South Run,Week2,Hunter Mill,Week1,254.0 Hunter Mill - 148.0 South Run
Springfield,Week5,Bren Mar-Edsall Park,Week2,229.0 Bren Mar-Edsall Park - 153.0 Springfield
South Run,Week1,Hollin Hills,Week2,294.0 South Run - 97.0 Hollin Hills
South Run,Week5,Hiddenbrook,Week3,239.0 South Run - 163.0 Hiddenbrook
South Run,Week1,Hunter Mill,Week5,249.0 Hunter Mill - 144.0 South Run
South Run,Week3,High Point Pool,Week2,253.0 High Point Pool - 149.0 South Run
South Run,Week2,Woodley,Week5,218.0 South Run - 183.0 Woodley
South Run,Week4,Hollin Hills,Week2,289.0 South Run - 108.0 Hollin Hills
South Run,Week4,Hollin Hills,Week4,276.0 South Run - 117.0 Hollin Hills
South Run,Week3,High Point Pool,Week5,245.0 High Point Pool - 157.0 South Run
South Run,Week3,Laurel Hill,Week4,232.0 South Run - 170.0 Laurel Hill
South Run,Week5,High Point Pool,Week1,228.0 High Point Pool - 174.0 South Run
Springfield,Week4,Broyhill Crest,Week1,227.0 Broyhill Crest - 143.0 Springfield
South Run,Week2,Hollin Meadows,Week3,242.0 Hollin Meadows - 160.0 South Run
South Run,Week3,Laurel Hill,Week3,220.0 South Run - 182.0 Laurel Hill
Springfield,Week5,Bren Mar-Edsall Park,Week5,243.0 Bren Mar-Edsall Park - 125.0 Springfield
Springboard,Week1,Vienna Woods,Week4,339.0 Vienna Woods - 62.0 Springboard
South Run,Week3,Woodley,Week1,259.0 South Run - 143.0 Woodley
Springboard,Week2,Vienna Aquatic,Week1,359.0 Vienna Aquatic - 43.0 Springboard
Springboard,Week3,Vienna Aquatic,Week2,345.0 Vienna Aquatic - 57.0 Springboard
South Run,Week3,Laurel Hill,Week5,218.0 South Run - 184.0 Laurel Hill
South Run,Week5,Waynewood,Week5,263.0 Waynewood - 139.0 South Run
South Run,Week4,Laurel Hill,Week1,231.0 South Run - 165.0 Laurel Hill
Springboard,Week2,Vienna Aquatic,Week3,364.0 Vienna Aquatic - 38.0 Springboard
Springfield,Week1,Brookfield ,Week1,364.0 Brookfield - 37.0 Springfield
South Run,Week2,High Point Pool,Week2,260.0 High Point Pool - 142.0 South Run
Springfield,Week4,Broyhill Crest,Week4,235.5 Broyhill Crest - 149.5 Springfield
South Run,Week4,Hollin Meadows,Week1,247.0 Hollin Meadows - 155.0 South Run
South Run,Week4,Woodley,Week4,243.0 South Run - 158.0 Woodley
South Run,Week4,High Point Pool,Week2,263.0 High Point Pool - 139.0 South Run
South Run,Week1,Hollin Meadows,Week4,222.0 Hollin Meadows - 171.0 South Run
South Run,Week3,Hollin Meadows,Week1,239.0 Hollin Meadows - 163.0 South Run
South Run,Week4,Laurel Hill,Week2,248.0 South Run - 148.0 Laurel Hill
South Run,Week5,Woodley,Week1,264.0 South Run - 138.0 Woodley
Springboard,Week1,Vienna Aquatic,Week4,336.0 Vienna Aquatic - 66.0 Springboard
South Run,Week1,Hollin Meadows,Week2,213.0 Hollin Meadows - 180.0 South Run
Springfield,Week5,Brookfield ,Week5,370.0 Brookfield - 31.0 Springfield
South Run,Week3,Woodley,Week2,259.0 South Run - 142.0 Woodley
South Run,Week5,Hollin Meadows,Week4,202.0 Hollin Meadows - 200.0 South Run
Springfield,Week1,Burke Station,Week1,277.0 Burke Station - 93.0 Springfield
South Run,Week4,Hollin Meadows,Week3,236.0 Hollin Meadows - 166.0 South Run
South Run,Week5,Woodley,Week3,271.0 South Run - 131.0 Woodley
South Run,Week2,Woodley,Week3,245.0 South Run - 157.0 Woodley
Springfield,Week5,Brookfield ,Week3,367.0 Brookfield - 34.0 Springfield
Springfield,Week1,Broyhill Crest,Week3,240.0 Broyhill Crest - 141.0 Springfield
South Run,Week1,Woodley,Week4,249.0 South Run - 144.0 Woodley
Springboard,Week5,Vienna Aquatic,Week2,331.0 Vienna Aquatic - 71.0 Springboard
Springboard,Week5,Vienna Aquatic,Week5,342.0 Vienna Aquatic - 59.0 Springboard
South Run,Week5,Hollin Meadows,Week1,209.0 Hollin Meadows - 193.0 South Run
Springboard,Week2,Vienna Woods,Week5,374.0 Vienna Woods - 27.0 Springboard
South Run,Week2,Woodley,Week1,241.0 South Run - 160.0 Woodley
Springfield,Week1,Broyhill Crest,Week4,256.0 Broyhill Crest - 128.0 Springfield
South Run,Week2,Hollin Meadows,Week2,218.0 Hollin Meadows - 184.0 South Run
South Run,Week3,Woodley,Week3,257.0 South Run - 145.0 Woodley
Springfield,Week3,Broyhill Crest,Week1,248.0 Broyhill Crest - 124.0 Springfield
Springfield,Week4,Broyhill Crest,Week3,226.0 Broyhill Crest - 155.0 Springfield
Springboard,Week5,Vienna Aquatic,Week3,338.0 Vienna Aquatic - 64.0 Springboard
South Run,Week4,Woodley,Week5,219.0 South Run - 182.0 Woodley
South Run,Week1,Hollin Meadows,Week3,221.0 Hollin Meadows - 172.0 South Run
Springboard,Week1,Vienna Woods,Week1,342.0 Vienna Woods - 60.0 Springboard
Springboard,Week1,Vienna Woods,Week3,356.0 Vienna Woods - 45.0 Springboard
South Run,Week4,Hollin Meadows,Week4,234.0 Hollin Meadows - 168.0 South Run
Springfield,Week4,Brookfield ,Week5,347.0 Brookfield - 54.0 Springfield
South Run,Week4,Woodley,Week3,251.0 South Run - 151.0 Woodley
South Run,Week4,Hollin Meadows,Week2,228.5 Hollin Meadows - 173.5 South Run
South Run,Week5,Hollin Meadows,Week3,202.0 Hollin Meadows - 200.0 South Run
Springboard,Week2,Vienna Aquatic,Week5,368.0 Vienna Aquatic - 33.0 Springboard
Springfield,Week2,Broyhill Crest,Week5,280.0 Broyhill Crest - 104.0 Springfield
South Run,Week1,Woodley,Week1,242.5 South Run - 150.5 Woodley
Springboard,Week1,Vienna Aquatic,Week3,340.0 Vienna Aquatic - 62.0 Springboard
Springboard,Week3,Vienna Aquatic,Week5,352.0 Vienna Aquatic - 49.0 Springboard
South Run,Week5,Hollin Meadows,Week5,213.0 Hollin Meadows - 189.0 South Run
Springfield,Week1,Broyhill Crest,Week1,247.0 Broyhill Crest - 125.0 Springfield
Springfield,Week1,Broyhill Crest,Week2,246.0 Broyhill Crest - 130.0 Springfield
Springfield,Week4,Brookfield ,Week3,346.0 Brookfield - 55.0 Springfield
South Run,Week5,Hollin Meadows,Week2,205.5 South Run - 196.5 Hollin Meadows
South Run,Week2,Hollin Meadows,Week4,241.0 Hollin Meadows - 161.0 South Run
South Run,Week3,Hollin Meadows,Week5,235.0 Hollin Meadows - 167.0 South Run
Springboard,Week2,Vienna Aquatic,Week2,354.0 Vienna Aquatic - 48.0 Springboard
Springboard,Week1,Vienna Aquatic,Week1,345.0 Vienna Aquatic - 57.0 Springboard
Springboard,Week3,Vienna Aquatic,Week3,345.0 Vienna Aquatic - 57.0 Springboard
Springfield,Week3,Broyhill Crest,Week5,273.0 Broyhill Crest - 108.0 Springfield
Springboard,Week5,Tuckahoe,Week4,376.0 Tuckahoe - 26.0 Springboard
South Run,Week5,Woodley,Week5,261.0 South Run - 141.0 Woodley
Springboard,Week1,Arlington Forest,Week4,297.0 Arlington Forest - 105.0 Springboard
Springboard,Week1,Vienna Aquatic,Week2,331.0 Vienna Aquatic - 71.0 Springboard
South Run,Week3,Hollin Meadows,Week2,218.5 Hollin Meadows - 183.5 South Run
South Run,Week4,Woodley,Week1,237.0 South Run - 164.0 Woodley
South Run,Week4,Woodley,Week2,245.0 South Run - 156.0 Woodley
Springboard,Week1,Annandale,Week1,202.0 Springboard - 198.0 Annandale
Springfield,Week2,Broyhill Crest,Week3,250.0 Broyhill Crest - 129.0 Springfield
Springboard,Week3,Vienna Aquatic,Week1,356.0 Vienna Aquatic - 46.0 Springboard
Springfield,Week5,Brookfield ,Week4,376.0 Brookfield - 26.0 Springfield
Springfield,Week5,Brookfield ,Week1,374.0 Brookfield - 28.0 Springfield
Springboard,Week2,Vienna Aquatic,Week4,348.0 Vienna Aquatic - 49.0 Springboard
South Run,Week3,Hollin Meadows,Week4,228.5 Hollin Meadows - 173.5 South Run
Springboard,Week2,Annandale,Week1,208.0 Annandale - 193.0 Springboard
Springboard,Week5,Annandale,Week5,207.0 Springboard - 195.0 Annandale
South Run,Week3,Hollin Meadows,Week3,230.0 Hollin Meadows - 172.0 South Run
Springfield,Week5,Brookfield ,Week2,363.0 Brookfield - 39.0 Springfield
South Run,Week2,Hollin Meadows,Week5,248.0 Hollin Meadows - 154.0 South Run
South Run,Week5,Woodley,Week4,274.0 South Run - 128.0 Woodley
Springfield,Week2,Broyhill Crest,Week1,257.0 Broyhill Crest - 108.0 Springfield
Springfield,Week1,Broyhill Crest,Week5,285.0 Broyhill Crest - 102.0 Springfield
Springboard,Week2,Annandale,Week4,209.0 Annandale - 192.0 Springboard
Springboard,Week2,Annandale,Week2,217.0 Annandale - 184.0 Springboard
South Run,Week1,Holmes Run Acres,Week3,221.0 Holmes Run Acres - 172.0 South Run
Springboard,Week4,Vienna Aquatic,Week1,336.0 Vienna Aquatic - 66.0 Springboard
Springboard,Week1,Arlington Forest,Week2,273.0 Arlington Forest - 129.0 Springboard
Springfield,Week3,Broyhill Crest,Week3,249.0 Broyhill Crest - 132.0 Springfield
Springboard,Week3,Annandale,Week1,210.0 Springboard - 186.0 Annandale
Springboard,Week1,Vienna Woods,Week5,363.0 Vienna Woods - 38.0 Springboard
South Run,Week1,Holmes Run Acres,Week1,199.0 Holmes Run Acres - 194.0 South Run
Springfield,Week4,Broyhill Crest,Week2,220.0 Broyhill Crest - 158.0 Springfield
Springfield,Week3,Broyhill Crest,Week2,245.0 Broyhill Crest - 134.0 Springfield
South Run,Week1,Holmes Run Acres,Week2,205.0 South Run - 188.0 Holmes Run Acres
Springboard,Week5,Tuckahoe,Week5,373.0 Tuckahoe - 29.0 Springboard
Springboard,Week4,Vienna Aquatic,Week4,338.0 Vienna Aquatic - 64.0 Springboard
Springboard,Week1,Arlington Forest,Week1,295.0 Arlington Forest - 107.0 Springboard
Springboard,Week2,Arlington Forest,Week3,289.0 Arlington Forest - 109.0 Springboard
Springfield,Week2,Broyhill Crest,Week2,244.0 Broyhill Crest - 130.0 Springfield
Springboard,Week1,Vienna Woods,Week2,341.0 Vienna Woods - 57.0 Springboard
Springboard,Week2,Vienna Woods,Week1,357.0 Vienna Woods - 40.0 Springboard
Springfield,Week2,Broyhill Crest,Week4,266.0 Broyhill Crest - 115.0 Springfield
Springboard,Week5,Annandale,Week1,222.0 Springboard - 179.0 Annandale
Springboard,Week5,Vienna Aquatic,Week4,324.0 Vienna Aquatic - 78.0 Springboard
Springboard,Week4,Vienna Aquatic,Week3,339.0 Vienna Aquatic - 63.0 Springboard
Springfield,Week4,Brookfield ,Week4,362.0 Brookfield - 40.0 Springfield
Springfield,Week3,Broyhill Crest,Week4,259.0 Broyhill Crest - 125.0 Springfield
Springboard,Week1,Annandale,Week2,203.0 Annandale - 198.0 Springboard
Springboard,Week4,Annandale,Week3,206.5 Annandale - 185.5 Springboard
Springboard,Week4,Vienna Aquatic,Week5,341.0 Vienna Aquatic - 60.0 Springboard
Springboard,Week1,Annandale,Week3,211.0 Annandale - 191.0 Springboard
Springboard,Week1,Annandale,Week4,208.0 Springboard - 193.0 Annandale
Springboard,Week1,Villa Aquatic,Week2,260.0 Villa Aquatic - 142.0 Springboard
Springfield,Week1,Camelot,Week3,332.0 Camelot - 60.0 Springfield
Springboard,Week2,Vienna Woods,Week3,373.0 Vienna Woods - 28.0 Springboard
South Run,Week4,Kings Ridge ,Week1,245.0 South Run - 157.0 Kings Ridge
Springboard,Week3,Vienna Woods,Week1,352.0 Vienna Woods - 50.0 Springboard
Springfield,Week5,Burke Station,Week5,317.0 Burke Station - 71.0 Springfield
Springboard,Week2,Vienna Woods,Week2,349.0 Vienna Woods - 49.0 Springboard
Springboard,Week4,Annandale,Week2,204.0 Springboard - 198.0 Annandale
South Run,Week5,Kings Ridge ,Week4,251.0 South Run - 151.0 Kings Ridge
Springboard,Week3,Annandale,Week5,208.0 Annandale - 194.0 Springboard
Springboard,Week4,Annandale,Week1,212.0 Springboard - 184.0 Annandale
Springfield,Week5,Burke Station,Week1,289.0 Burke Station - 83.0 Springfield
Springboard,Week3,Villa Aquatic,Week1,255.0 Villa Aquatic - 147.0 Springboard
Springfield,Week1,Camelot,Week2,326.0 Camelot - 64.0 Springfield
Springboard,Week4,Vienna Woods,Week1,340.0 Vienna Woods - 62.0 Springboard
Springboard,Week5,Annandale,Week2,207.5 Springboard - 193.5 Annandale
Springfield,Week5,Broyhill Crest,Week3,266.0 Broyhill Crest - 114.0 Springfield
South Run,Week2,Lake Braddock,Week5,237.5 South Run - 160.5 Lake Braddock
Springfield,Week5,Broyhill Crest,Week5,299.0 Broyhill Crest - 87.0 Springfield
Springfield,Week4,Broyhill Crest,Week5,260.5 Broyhill Crest - 126.5 Springfield
Springfield,Week4,Burke Station,Week4,272.0 Burke Station - 110.0 Springfield
South Run,Week5,Kings Ridge ,Week2,264.0 South Run - 138.0 Kings Ridge
South Run,Week3,Kings Ridge ,Week1,264.0 South Run - 138.0 Kings Ridge
South Run,Week2,Lake Braddock,Week4,263.0 South Run - 138.0 Lake Braddock
Springboard,Week5,Annandale,Week4,205.0 Springboard - 196.0 Annandale
Springfield,Week5,Broyhill Crest,Week2,267.0 Broyhill Crest - 105.0 Springfield
Springboard,Week2,Villa Aquatic,Week2,273.0 Villa Aquatic - 129.0 Springboard
Springfield,Week5,Broyhill Crest,Week1,274.0 Broyhill Crest - 94.0 Springfield
Springboard,Week4,Annandale,Week4,211.0 Springboard - 191.0 Annandale
Springboard,Week3,Annandale,Week4,212.0 Springboard - 189.0 Annandale
Springboard,Week2,Annandale,Week5,227.0 Annandale - 175.0 Springboard
Springboard,Week2,Annandale,Week3,236.0 Annandale - 161.0 Springboard
Springboard,Week2,Vienna Woods,Week4,357.0 Vienna Woods - 39.0 Springboard
Springboard,Week4,Vienna Woods,Week5,361.0 Vienna Woods - 41.0 Springboard
Springboard,Week3,Vienna Woods,Week5,370.0 Vienna Woods - 31.0 Springboard
Springboard,Week2,Villa Aquatic,Week5,309.0 Villa Aquatic - 93.0 Springboard
Springfield,Week5,Broyhill Crest,Week4,287.0 Broyhill Crest - 99.0 Springfield
South Run,Week5,Kings Ridge ,Week5,242.0 South Run - 160.0 Kings Ridge
Springboard,Week5,Vienna Woods,Week1,332.5 Vienna Woods - 69.5 Springboard
Springboard,Week1,Annandale,Week5,215.0 Springboard - 187.0 Annandale
Springboard,Week5,Annandale,Week3,213.0 Annandale - 189.0 Springboard
Springboard,Week3,Vienna Woods,Week2,351.0 Vienna Woods - 47.0 Springboard
South Run,Week1,Lake Braddock,Week3,250.0 South Run - 143.0 Lake Braddock
Springboard,Week2,Hamlet,Week4,363.0 Hamlet - 39.0 Springboard
Springfield,Week5,Burke Station,Week4,302.0 Burke Station - 79.0 Springfield
Springboard,Week3,Vienna Woods,Week4,350.5 Vienna Woods - 50.5 Springboard
Springboard,Week2,Hamlet,Week2,379.5 Hamlet - 22.5 Springboard
Springboard,Week1,Arlington Forest,Week3,260.0 Arlington Forest - 138.0 Springboard
Springboard,Week1,Villa Aquatic,Week3,289.0 Villa Aquatic - 112.0 Springboard
Springboard,Week3,Annandale,Week3,216.0 Annandale - 186.0 Springboard
Springboard,Week3,Annandale,Week2,204.0 Springboard - 197.0 Annandale
Springfield,Week2,Camelot,Week1,342.0 Camelot - 51.0 Springfield
Springboard,Week5,Vienna Woods,Week5,355.0 Vienna Woods - 46.0 Springboard
Springboard,Week5,Vienna Woods,Week3,345.0 Vienna Woods - 56.0 Springboard
South Run,Week3,Kings Ridge ,Week3,237.0 South Run - 165.0 Kings Ridge
Springboard,Week4,Annandale,Week5,202.0 Springboard - 200.0 Annandale
South Run,Week4,Kings Ridge ,Week2,237.0 South Run - 160.0 Kings Ridge
Springboard,Week1,Arlington Forest,Week5,297.0 Arlington Forest - 104.0 Springboard
Springfield,Week2,Burke Station,Week2,283.0 Burke Station - 94.0 Springfield
Springfield,Week3,Burke Station,Week4,294.0 Burke Station - 83.0 Springfield
South Run,Week2,Kings Ridge ,Week5,221.0 South Run - 180.0 Kings Ridge
Springboard,Week4,Vienna Woods,Week4,327.0 Vienna Woods - 70.0 Springboard
Springfield,Week4,Burke Station,Week3,286.0 Burke Station - 91.0 Springfield
Springboard,Week3,Hamlet,Week4,337.0 Hamlet - 65.0 Springboard
Springfield,Week5,Burke Station,Week3,301.0 Burke Station - 86.0 Springfield
South Run,Week5,Kings Ridge ,Week1,275.0 South Run - 127.0 Kings Ridge
Springfield,Week3,Burke Station,Week5,309.0 Burke Station - 66.0 Springfield
South Run,Week4,Kings Ridge ,Week5,231.0 South Run - 170.0 Kings Ridge
Springboard,Week4,Greenbriar,Week3,290.0 Greenbriar - 112.0 Springboard
Springfield,Week1,Camelot,Week4,329.0 Camelot - 68.0 Springfield
South Run,Week4,Kings Ridge ,Week4,228.0 South Run - 174.0 Kings Ridge
Springboard,Week2,Arlington Forest,Week1,329.0 Arlington Forest - 73.0 Springboard
Springfield,Week3,Burke Station,Week3,296.0 Burke Station - 70.0 Springfield
Springboard,Week4,Hamlet,Week5,362.0 Hamlet - 40.0 Springboard
South Run,Week1,Lake Braddock,Week4,269.0 South Run - 124.0 Lake Braddock
Springfield,Week2,Burke Station,Week1,298.0 Burke Station - 71.0 Springfield
Springboard,Week5,Greenbriar,Week4,255.0 Greenbriar - 146.0 Springboard
South Run,Week2,Lake Braddock,Week1,264.0 South Run - 132.0 Lake Braddock
Springboard,Week1,Hamlet,Week2,358.0 Hamlet - 44.0 Springboard
Springboard,Week2,Arlington Forest,Week2,297.0 Arlington Forest - 100.0 Springboard
Springfield,Week3,Burke Station,Week1,281.0 Burke Station - 81.0 Springfield
Springboard,Week4,Arlington Forest,Week5,287.0 Arlington Forest - 110.0 Springboard
Springboard,Week4,Vienna Woods,Week2,335.0 Vienna Woods - 66.0 Springboard
Springboard,Week4,Arlington Forest,Week4,280.0 Arlington Forest - 122.0 Springboard
Springfield,Week1,Camelot,Week1,333.0 Camelot - 62.0 Springfield
Springboard,Week2,Brandywine,Week1,282.0 Brandywine - 120.0 Springboard
South Run,Week4,Kings Ridge ,Week3,225.0 South Run - 176.0 Kings Ridge
Springfield,Week2,Burke Station,Week4,291.0 Burke Station - 87.0 Springfield
Springboard,Week3,Vienna Woods,Week3,364.0 Vienna Woods - 37.0 Springboard
Springboard,Week3,Brandywine,Week1,254.0 Brandywine - 143.0 Springboard
South Run,Week1,Lake Braddock,Week1,284.0 South Run - 109.0 Lake Braddock
Springboard,Week4,Greenbriar,Week2,300.0 Greenbriar - 102.0 Springboard
Springboard,Week5,Vienna Woods,Week2,334.0 Vienna Woods - 64.0 Springboard
Springboard,Week5,Greenbriar,Week1,280.0 Greenbriar - 121.0 Springboard
Springboard,Week2,Villa Aquatic,Week3,311.0 Villa Aquatic - 90.0 Springboard
Springboard,Week5,Vienna Woods,Week4,338.0 Vienna Woods - 63.0 Springboard
Springboard,Week1,Villa Aquatic,Week5,263.0 Villa Aquatic - 139.0 Springboard
South Run,Week3,Kings Ridge ,Week4,231.0 South Run - 171.0 Kings Ridge
Springboard,Week1,Hamlet,Week5,365.0 Hamlet - 37.0 Springboard
South Run,Week2,Lake Braddock,Week2,250.0 South Run - 148.0 Lake Braddock
Springboard,Week5,Arlington Forest,Week4,291.0 Arlington Forest - 111.0 Springboard
Springboard,Week2,Village West,Week2,228.0 Village West - 170.0 Springboard
Springboard,Week4,Arlington Forest,Week3,252.0 Arlington Forest - 149.0 Springboard
Springboard,Week4,Vienna Woods,Week3,344.0 Vienna Woods - 58.0 Springboard
Springfield,Week3,Burke Station,Week2,277.0 Burke Station - 99.0 Springfield
South Run,Week3,Kings Ridge ,Week5,228.0 South Run - 174.0 Kings Ridge
Springboard,Week5,Greenbriar,Week2,289.0 Greenbriar - 113.0 Springboard
Springboard,Week3,Arlington Forest,Week1,298.0 Arlington Forest - 104.0 Springboard
Springboard,Week4,Arlington Forest,Week1,283.0 Arlington Forest - 114.0 Springboard
Springfield,Week4,Burke Station,Week2,263.0 Burke Station - 120.0 Springfield
Springboard,Week1,Villa Aquatic,Week1,257.0 Villa Aquatic - 145.0 Springboard
Springfield,Week1,Burke Station,Week4,288.0 Burke Station - 93.0 Springfield
South Run,Week1,Lake Braddock,Week2,249.0 South Run - 144.0 Lake Braddock
South Run,Week1,Lake Braddock,Week5,246.0 South Run - 147.0 Lake Braddock
Springboard,Week3,Hamlet,Week3,351.5 Hamlet - 49.5 Springboard
Springboard,Week1,Hayfield Farm,Week1,273.0 Hayfield Farm - 129.0 Springboard
Springboard,Week2,Village West,Week5,232.0 Village West - 161.0 Springboard
Springfield,Week4,Burke Station,Week1,270.0 Burke Station - 101.0 Springfield
Springboard,Week1,Villa Aquatic,Week4,268.5 Villa Aquatic - 133.5 Springboard
Springboard,Week2,Hamlet,Week1,367.0 Hamlet - 31.0 Springboard
Springfield,Week2,Burke Station,Week3,302.0 Burke Station - 69.0 Springfield
South Run,Week3,Kings Ridge ,Week2,253.0 South Run - 148.0 Kings Ridge
Springboard,Week1,Hayfield Farm,Week5,248.0 Hayfield Farm - 154.0 Springboard
South Run,Week5,Kings Ridge ,Week3,259.0 South Run - 143.0 Kings Ridge
Springfield,Week1,Burke Station,Week5,301.0 Burke Station - 83.0 Springfield
South Run,Week2,Lake Braddock,Week3,254.0 South Run - 148.0 Lake Braddock
Springboard,Week2,Brandywine,Week5,295.0 Brandywine - 106.0 Springboard
Springboard,Week5,Greenbriar,Week3,286.0 Greenbriar - 116.0 Springboard
Springboard,Week1,Village West,Week3,216.0 Village West - 185.0 Springboard
Springfield,Week1,Burke Station,Week2,267.0 Burke Station - 114.0 Springfield
Springboard,Week1,Brandywine,Week5,286.0 Brandywine - 115.0 Springboard
Springboard,Week2,Villa Aquatic,Week4,310.0 Villa Aquatic - 92.0 Springboard
Springboard,Week1,Brandywine,Week2,264.0 Brandywine - 137.0 Springboard
Springboard,Week4,Hamlet,Week4,334.5 Hamlet - 67.5 Springboard
Springfield,Week2,Burke Station,Week5,314.0 Burke Station - 69.0 Springfield
Springboard,Week2,Villa Aquatic,Week1,291.0 Villa Aquatic - 111.0 Springboard
Springboard,Week3,Brandywine,Week3,258.0 Brandywine - 143.0 Springboard
Springboard,Week1,Hamlet,Week1,348.0 Hamlet - 50.0 Springboard
Springboard,Week4,Villa Aquatic,Week4,275.0 Villa Aquatic - 127.0 Springboard
Springfield,Week4,Burke Station,Week5,301.0 Burke Station - 85.0 Springfield
Springboard,Week1,Village West,Week4,197.0 Village West - 196.0 Springboard
Springboard,Week4,Village West,Week3,216.0 Village West - 186.0 Springboard
Springfield,Week1,Burke Station,Week3,295.0 Burke Station - 81.0 Springfield
Springboard,Week4,Greenbriar,Week4,274.0 Greenbriar - 128.0 Springboard
Springboard,Week1,Hamlet,Week4,343.0 Hamlet - 59.0 Springboard
Springboard,Week3,Village West,Week4,207.0 Springboard - 186.0 Village West
Springfield,Week1,Canterbury Woods,Week5,334.0 Canterbury Woods - 48.0 Springfield
Springboard,Week3,Hamlet,Week2,355.0 Hamlet - 47.0 Springboard
Springboard,Week4,Village West,Week1,201.0 Village West - 199.0 Springboard
Springboard,Week2,Hamlet,Week3,370.0 Hamlet - 31.0 Springboard
Springfield,Week4,Camelot,Week1,322.0 Camelot - 75.0 Springfield
Springboard,Week3,Arlington Forest,Week2,287.0 Arlington Forest - 115.0 Springboard
Springboard,Week4,Villa Aquatic,Week3,276.0 Villa Aquatic - 126.0 Springboard
Springfield,Week3,Camelot,Week4,335.0 Camelot - 62.0 Springfield
Springboard,Week4,Greenbriar,Week5,277.0 Greenbriar - 125.0 Springboard
Springboard,Week2,Arlington Forest,Week4,325.0 Arlington Forest - 77.0 Springboard
Springboard,Week3,Arlington Forest,Week3,258.0 Arlington Forest - 140.0 Springboard
Springboard,Week3,Arlington Forest,Week4,307.0 Arlington Forest - 95.0 Springboard
Springboard,Week2,Arlington Forest,Week5,315.0 Arlington Forest - 81.0 Springboard
Springboard,Week4,Village West,Week5,208.0 Village West - 193.0 Springboard
Springfield,Week1,Camelot,Week5,348.0 Camelot - 45.0 Springfield
Springboard,Week3,Arlington Forest,Week5,294.0 Arlington Forest - 107.0 Springboard
Springboard,Week2,Hamlet,Week5,385.0 Hamlet - 17.0 Springboard
Springboard,Week3,Villa Aquatic,Week2,257.0 Villa Aquatic - 145.0 Springboard
Springboard,Week5,Greenbriar,Week5,259.0 Greenbriar - 143.0 Springboard
Springfield,Week5,Camelot,Week5,357.0 Camelot - 34.0 Springfield
Springfield,Week5,Burke Station,Week2,286.0 Burke Station - 99.0 Springfield
Springboard,Week3,Brandywine,Week2,264.0 Brandywine - 138.0 Springboard
Springboard,Week4,Hamlet,Week2,354.0 Hamlet - 48.0 Springboard
Springboard,Week5,Arlington Forest,Week2,257.0 Arlington Forest - 145.0 Springboard
Springboard,Week3,Hamlet,Week1,346.0 Hamlet - 52.0 Springboard
Springboard,Week1,Village West,Week2,212.0 Village West - 186.0 Springboard
Springboard,Week3,Villa Aquatic,Week5,275.0 Villa Aquatic - 127.0 Springboard
Springboard,Week4,Arlington Forest,Week2,260.0 Arlington Forest - 137.0 Springboard
Springboard,Week5,Hamlet,Week2,354.0 Hamlet - 48.0 Springboard
Springboard,Week1,Hamlet,Week3,354.0 Hamlet - 47.0 Springboard
Springboard,Week3,Hamlet,Week5,364.0 Hamlet - 38.0 Springboard
Springboard,Week1,Brandywine,Week3,260.0 Brandywine - 141.0 Springboard
Springboard,Week5,Hamlet,Week1,345.0 Hamlet - 53.0 Springboard
Springboard,Week3,Village West,Week3,217.0 Village West - 184.0 Springboard
Springfield,Week2,Camelot,Week2,331.0 Camelot - 58.0 Springfield
Springboard,Week2,Village West,Week3,252.0 Village West - 149.0 Springboard
Springboard,Week5,Arlington Forest,Week3,257.0 Arlington Forest - 141.0 Springboard
Springboard,Week4,Villa Aquatic,Week2,243.0 Villa Aquatic - 159.0 Springboard
Springfield,Week5,Camelot,Week2,337.0 Camelot - 56.0 Springfield
Springboard,Week1,Brandywine,Week4,274.0 Brandywine - 128.0 Springboard
Springboard,Week5,Arlington Forest,Week1,276.0 Arlington Forest - 126.0 Springboard
Springfield,Week2,Canterbury Woods,Week4,361.0 Canterbury Woods - 39.0 Springfield
Springboard,Week5,Arlington Forest,Week5,284.0 Arlington Forest - 117.0 Springboard
Springfield,Week1,Canterbury Woods,Week2,321.0 Canterbury Woods - 73.0 Springfield
Springboard,Week4,Hamlet,Week3,350.0 Hamlet - 52.0 Springboard
Springboard,Week4,Villa Aquatic,Week1,243.0 Villa Aquatic - 159.0 Springboard
Springboard,Week4,Villa Aquatic,Week5,277.0 Villa Aquatic - 125.0 Springboard
Springboard,Week1,Village West,Week1,211.0 Village West - 187.0 Springboard
Springfield,Week3,Canterbury Woods,Week3,357.0 Canterbury Woods - 41.0 Springfield
Springfield,Week2,Canterbury Woods,Week3,362.0 Canterbury Woods - 31.0 Springfield
Springboard,Week1,Brandywine,Week1,270.0 Brandywine - 132.0 Springboard
Springfield,Week4,Canterbury Woods,Week2,311.0 Canterbury Woods - 86.0 Springfield
Springboard,Week3,Brandywine,Week4,269.0 Brandywine - 133.0 Springboard
Springboard,Week1,Hayfield Farm,Week3,281.0 Hayfield Farm - 120.0 Springboard
Springboard,Week2,Village West,Week1,229.0 Village West - 168.0 Springboard
Springboard,Week1,Hayfield Farm,Week4,271.0 Hayfield Farm - 131.0 Springboard
Springboard,Week4,Hayfield Farm,Week1,278.0 Hayfield Farm - 124.0 Springboard
Springfield,Week5,Camelot,Week3,345.0 Camelot - 46.0 Springfield
Springboard,Week3,Bren Mar-Edsall Park,Week1,320.0 Springboard - 78.0 Bren Mar-Edsall Park
Springfield,Week2,Camelot,Week5,354.0 Camelot - 41.0 Springfield
Springboard,Week5,Hayfield Farm,Week4,260.0 Hayfield Farm - 142.0 Springboard
Springboard,Week3,Brandywine,Week5,278.0 Brandywine - 123.0 Springboard
Springboard,Week2,Bren Mar-Edsall Park,Week2,303.0 Springboard - 89.0 Bren Mar-Edsall Park
Springboard,Week5,Brandywine,Week3,246.0 Brandywine - 156.0 Springboard
Springboard,Week5,Villa Aquatic,Week5,269.0 Villa Aquatic - 133.0 Springboard
Springboard,Week5,Hamlet,Week5,361.0 Hamlet - 41.0 Springboard
Springfield,Week2,Canterbury Woods,Week1,342.0 Canterbury Woods - 48.0 Springfield
Springfield,Week1,Canterbury Woods,Week3,356.0 Canterbury Woods - 44.0 Springfield
Springboard,Week5,Hamlet,Week4,337.0 Hamlet - 64.0 Springboard
Springfield,Week4,Camelot,Week2,317.0 Camelot - 75.0 Springfield
Springboard,Week2,Brandywine,Week3,272.0 Brandywine - 125.0 Springboard
Springboard,Week3,Villa Aquatic,Week3,282.0 Villa Aquatic - 119.0 Springboard
Springboard,Week1,Hayfield Farm,Week2,276.0 Hayfield Farm - 126.0 Springboard
Springfield,Week5,Camelot,Week1,342.0 Camelot - 54.0 Springfield
Springboard,Week5,Hamlet,Week3,350.0 Hamlet - 51.0 Springboard
Springboard,Week2,Hayfield Farm,Week3,295.0 Hayfield Farm - 107.0 Springboard
Springboard,Week1,Village West,Week5,206.0 Village West - 192.0 Springboard
Springboard,Week3,Villa Aquatic,Week4,275.0 Villa Aquatic - 127.0 Springboard
South Run,Week4,Herndon,Week4,271.0 South Run - 127.0 Herndon
Springboard,Week5,Villa Aquatic,Week4,264.5 Villa Aquatic - 137.5 Springboard
Springfield,Week3,Canterbury Woods,Week1,347.0 Canterbury Woods - 43.0 Springfield
Springfield,Week1,Canterbury Woods,Week1,340.0 Canterbury Woods - 54.0 Springfield
Springboard,Week2,Brandywine,Week4,284.5 Brandywine - 117.5 Springboard
Springfield,Week2,Camelot,Week4,335.0 Camelot - 64.0 Springfield
Springboard,Week1,Bren Mar-Edsall Park,Week5,299.0 Springboard - 101.0 Bren Mar-Edsall Park
Springboard,Week5,Villa Aquatic,Week2,244.0 Villa Aquatic - 158.0 Springboard
Springboard,Week5,Villa Aquatic,Week3,266.0 Villa Aquatic - 135.0 Springboard
Springboard,Week2,Brandywine,Week2,272.0 Brandywine - 130.0 Springboard
Springboard,Week4,Hamlet,Week1,343.0 Hamlet - 58.0 Springboard
Springfield,Week4,Camelot,Week5,337.0 Camelot - 59.0 Springfield
Springboard,Week5,Villa Aquatic,Week1,244.0 Villa Aquatic - 158.0 Springboard
Springboard,Week2,Bren Mar-Edsall Park,Week5,277.0 Springboard - 119.0 Bren Mar-Edsall Park
Springboard,Week4,Village West,Week4,205.0 Springboard - 191.0 Village West
Springboard,Week2,Hayfield Farm,Week2,294.0 Hayfield Farm - 108.0 Springboard
South Run,Week4,Herndon,Week5,277.0 South Run - 121.0 Herndon
Springfield,Week3,Camelot,Week2,328.0 Camelot - 58.0 Springfield
Springboard,Week5,Brandywine,Week2,249.0 Brandywine - 153.0 Springboard
Springboard,Week2,Hayfield Farm,Week5,286.0 Hayfield Farm - 116.0 Springboard
Springboard,Week3,Village West,Week2,202.0 Springboard - 196.0 Village West
Springboard,Week4,Bren Mar-Edsall Park,Week2,324.0 Springboard - 68.0 Bren Mar-Edsall Park
Springfield,Week3,Camelot,Week5,348.0 Camelot - 48.0 Springfield
Springboard,Week2,Village West,Week4,226.0 Village West - 167.0 Springboard
Springfield,Week2,Camelot,Week3,338.0 Camelot - 56.0 Springfield
Springfield,Week3,Camelot,Week3,328.0 Camelot - 64.0 Springfield
Springboard,Week5,Hayfield Farm,Week5,240.0 Hayfield Farm - 162.0 Springboard
Springboard,Week1,Herndon,Week2,243.0 Springboard - 156.0 Herndon
Springboard,Week3,Village West,Week1,203.0 Village West - 195.0 Springboard
Springboard,Week1,Bren Mar-Edsall Park,Week4,298.0 Springboard - 99.0 Bren Mar-Edsall Park
Springfield,Week4,Camelot,Week3,325.0 Camelot - 70.0 Springfield
Springfield,Week4,Camelot,Week4,322.0 Camelot - 78.0 Springfield
Springboard,Week3,Village West,Week5,204.0 Village West - 194.0 Springboard
Springboard,Week5,Village West,Week3,210.0 Village West - 191.0 Springboard
Springboard,Week1,Herndon,Week3,245.0 Springboard - 152.0 Herndon
Springboard,Week4,Brandywine,Week1,252.0 Brandywine - 150.0 Springboard
Springboard,Week3,Hayfield Farm,Week2,278.0 Hayfield Farm - 124.0 Springboard
Springboard,Week4,Virginia Hills,Week2,288.0 Springboard - 111.0 Virginia Hills
Springboard,Week3,Bren Mar-Edsall Park,Week5,304.0 Springboard - 97.0 Bren Mar-Edsall Park
Springboard,Week1,Herndon,Week1,248.0 Springboard - 147.0 Herndon
Springfield,Week3,Camelot,Week1,334.0 Camelot - 57.0 Springfield
Springboard,Week5,Brandywine,Week4,255.0 Brandywine - 147.0 Springboard
Springboard,Week2,Bren Mar-Edsall Park,Week3,289.0 Springboard - 112.0 Bren Mar-Edsall Park
Springboard,Week4,Village West,Week2,203.0 Village West - 198.0 Springboard
Springboard,Week3,Hayfield Farm,Week1,281.0 Hayfield Farm - 121.0 Springboard
Springfield,Week4,Canterbury Woods,Week1,320.5 Canterbury Woods - 74.5 Springfield
Springfield,Week3,Canterbury Woods,Week4,361.0 Canterbury Woods - 37.0 Springfield
Springboard,Week5,Hayfield Farm,Week1,262.0 Hayfield Farm - 140.0 Springboard
Springboard,Week5,Virginia Hills,Week2,291.0 Springboard - 107.0 Virginia Hills
Springboard,Week2,Bren Mar-Edsall Park,Week1,290.0 Springboard - 108.0 Bren Mar-Edsall Park
Springboard,Week5,Village West,Week5,206.0 Village West - 192.0 Springboard
Springboard,Week4,Virginia Hills,Week4,280.0 Springboard - 121.0 Virginia Hills
Springboard,Week1,Herndon,Week5,245.0 Springboard - 155.0 Herndon
Springboard,Week2,Hayfield Farm,Week4,295.0 Hayfield Farm - 107.0 Springboard
Springboard,Week4,Hayfield Farm,Week2,278.0 Hayfield Farm - 124.0 Springboard
Springboard,Week5,Brandywine,Week1,241.0 Brandywine - 161.0 Springboard
Springfield,Week3,Canterbury Woods,Week2,334.0 Canterbury Woods - 57.0 Springfield
Springboard,Week4,Hayfield Farm,Week5,242.0 Hayfield Farm - 160.0 Springboard
Springboard,Week3,Bren Mar-Edsall Park,Week3,318.0 Springboard - 83.0 Bren Mar-Edsall Park
Springfield,Week5,Camelot,Week4,343.0 Camelot - 54.0 Springfield
Springboard,Week5,Virginia Hills,Week5,273.0 Springboard - 128.0 Virginia Hills
Springboard,Week3,Hayfield Farm,Week4,292.0 Hayfield Farm - 110.0 Springboard
Springboard,Week2,Virginia Hills,Week3,265.0 Springboard - 136.0 Virginia Hills
Springboard,Week5,Brandywine,Week5,262.0 Brandywine - 139.0 Springboard
Springboard,Week1,Virginia Hills,Week2,290.0 Springboard - 106.0 Virginia Hills
Springfield,Week2,Canterbury Woods,Week5,345.0 Canterbury Woods - 37.0 Springfield
Springfield,Week3,Canterbury Woods,Week5,346.0 Canterbury Woods - 29.0 Springfield
Springfield,Week2,Canterbury Woods,Week2,338.0 Canterbury Woods - 53.0 Springfield
Springboard,Week1,Herndon,Week4,245.5 Springboard - 155.5 Herndon
Springboard,Week4,Brandywine,Week5,266.0 Brandywine - 136.0 Springboard
Springboard,Week3,Virginia Hills,Week1,277.0 Springboard - 121.0 Virginia Hills
Springboard,Week1,Bren Mar-Edsall Park,Week1,303.0 Springboard - 93.0 Bren Mar-Edsall Park
Springfield,Week1,Canterbury Woods,Week4,357.0 Canterbury Woods - 41.0 Springfield
Springboard,Week1,Bren Mar-Edsall Park,Week3,307.0 Springboard - 93.0 Bren Mar-Edsall Park
Springboard,Week1,Virginia Hills,Week5,273.0 Springboard - 126.0 Virginia Hills
Springboard,Week4,Hayfield Farm,Week3,281.0 Hayfield Farm - 120.0 Springboard
Springfield,Week2,Cardinal Hill,Week1,380.0 Cardinal Hill - 22.0 Springfield
Springboard,Week4,Virginia Hills,Week5,263.0 Springboard - 139.0 Virginia Hills
Springboard,Week5,Village West,Week4,215.0 Springboard - 178.0 Village West
Springboard,Week1,Bren Mar-Edsall Park,Week2,317.0 Springboard - 76.0 Bren Mar-Edsall Park
Springboard,Week4,Brandywine,Week3,254.0 Brandywine - 143.0 Springboard
Springboard,Week5,Forest Hollow,Week4,303.0 Forest Hollow - 98.0 Springboard
Springboard,Week2,Bren Mar-Edsall Park,Week4,276.0 Springboard - 120.0 Bren Mar-Edsall Park
Springboard,Week3,Virginia Hills,Week3,292.0 Springboard - 109.0 Virginia Hills
Springboard,Week4,Brandywine,Week2,255.0 Brandywine - 147.0 Springboard
Springboard,Week2,Hayfield Farm,Week1,289.0 Hayfield Farm - 113.0 Springboard
Springfield,Week1,Cardinal Hill,Week3,380.0 Cardinal Hill - 21.0 Springfield
Springboard,Week3,Hayfield Farm,Week3,280.0 Hayfield Farm - 117.0 Springboard
Springfield,Week4,Cardinal Hill,Week3,382.0 Cardinal Hill - 19.0 Springfield
Springboard,Week4,Bren Mar-Edsall Park,Week1,305.0 Springboard - 95.0 Bren Mar-Edsall Park
Springboard,Week3,Virginia Hills,Week5,272.0 Springboard - 128.0 Virginia Hills
Springfield,Week1,Cardinal Hill,Week2,371.0 Cardinal Hill - 24.0 Springfield
Springboard,Week3,Bren Mar-Edsall Park,Week2,328.0 Springboard - 69.0 Bren Mar-Edsall Park
Springfield,Week4,Cardinal Hill,Week2,364.0 Cardinal Hill - 31.0 Springfield
Springfield,Week3,Cardinal Hill,Week3,380.0 Cardinal Hill - 21.0 Springfield
Springboard,Week5,Village West,Week2,199.0 Springboard - 199.0 Village West
Springboard,Week1,Virginia Hills,Week4,283.0 Springboard - 114.0 Virginia Hills
Springboard,Week2,Fox Hunt,Week2,307.0 Fox Hunt - 90.0 Springboard
Springfield,Week4,Canterbury Woods,Week3,342.0 Canterbury Woods - 58.0 Springfield
Springboard,Week4,Hayfield Farm,Week4,267.0 Hayfield Farm - 135.0 Springboard
Springboard,Week5,Hayfield Farm,Week3,271.0 Hayfield Farm - 131.0 Springboard
Springboard,Week5,Herndon,Week3,256.0 Springboard - 142.0 Herndon
Springfield,Week3,Cardinal Hill,Week2,365.0 Cardinal Hill - 30.0 Springfield
Springboard,Week2,Virginia Hills,Week2,280.0 Springboard - 116.0 Virginia Hills
Springboard,Week5,Hayfield Farm,Week2,262.0 Hayfield Farm - 140.0 Springboard
Springboard,Week1,Brookfield ,Week5,269.0 Brookfield - 133.0 Springboard
Springboard,Week5,Forest Hollow,Week3,301.5 Forest Hollow - 100.5 Springboard
Springboard,Week3,Bren Mar-Edsall Park,Week4,306.0 Springboard - 95.0 Bren Mar-Edsall Park
Springboard,Week4,Brandywine,Week4,265.0 Brandywine - 137.0 Springboard
Springboard,Week4,Fox Hunt,Week2,272.0 Fox Hunt - 129.0 Springboard
Springfield,Week2,Cardinal Hill,Week4,382.0 Cardinal Hill - 18.0 Springfield
Springboard,Week3,Hayfield Farm,Week5,261.0 Hayfield Farm - 141.0 Springboard
Springboard,Week2,Virginia Hills,Week4,257.0 Springboard - 140.0 Virginia Hills
Springboard,Week4,Forest Hollow,Week4,313.0 Forest Hollow - 89.0 Springboard
Springboard,Week5,Bren Mar-Edsall Park,Week3,318.0 Springboard - 83.0 Bren Mar-Edsall Park
Springboard,Week1,Fox Hunt,Week3,282.0 Fox Hunt - 119.0 Springboard
Springboard,Week2,Herndon,Week1,219.0 Springboard - 172.0 Herndon
Springfield,Week4,Canterbury Woods,Week5,332.0 Canterbury Woods - 50.0 Springfield
Springboard,Week5,Bren Mar-Edsall Park,Week2,317.0 Springboard - 79.0 Bren Mar-Edsall Park
Springboard,Week5,Forest Hollow,Week2,290.0 Forest Hollow - 112.0 Springboard
Springboard,Week5,Herndon,Week1,251.0 Springboard - 147.0 Herndon
Springboard,Week2,Fox Hunt,Week1,289.0 Fox Hunt - 108.0 Springboard
Springboard,Week2,Fox Hunt,Week3,310.0 Fox Hunt - 86.0 Springboard
Springfield,Week4,Cardinal Hill,Week4,375.0 Cardinal Hill - 26.0 Springfield
Springboard,Week3,Forest Hollow,Week4,299.0 Forest Hollow - 102.0 Springboard
Springboard,Week5,Virginia Hills,Week3,290.0 Springboard - 111.0 Virginia Hills
Springboard,Week5,Herndon,Week5,253.0 Springboard - 148.0 Herndon
Springboard,Week1,Fox Hunt,Week5,297.0 Fox Hunt - 104.0 Springboard
Springboard,Week4,Bren Mar-Edsall Park,Week3,306.0 Springboard - 90.0 Bren Mar-Edsall Park
Springboard,Week2,Virginia Hills,Week1,249.0 Springboard - 148.0 Virginia Hills
Springfield,Week5,Canterbury Woods,Week4,356.0 Canterbury Woods - 37.0 Springfield
Springfield,Week4,Cardinal Hill,Week5,371.0 Cardinal Hill - 29.0 Springfield
Springfield,Week5,Canterbury Woods,Week5,340.0 Canterbury Woods - 47.0 Springfield
Springboard,Week4,Herndon,Week3,243.0 Springboard - 153.0 Herndon
Springboard,Week1,Virginia Hills,Week3,287.0 Springboard - 114.0 Virginia Hills
Springboard,Week3,Brookfield ,Week4,283.0 Brookfield - 119.0 Springboard
Springboard,Week1,Brookfield ,Week2,263.0 Brookfield - 138.0 Springboard
Springboard,Week2,Brookfield ,Week3,304.0 Brookfield - 93.0 Springboard
Springboard,Week5,Virginia Hills,Week4,292.0 Springboard - 106.0 Virginia Hills
Springboard,Week4,Herndon,Week1,255.0 Springboard - 140.0 Herndon
Springboard,Week3,Virginia Hills,Week2,299.0 Springboard - 99.0 Virginia Hills
Springboard,Week2,Virginia Hills,Week5,241.0 Springboard - 160.0 Virginia Hills
Springboard,Week4,Herndon,Week4,241.0 Springboard - 161.0 Herndon
Springfield,Week4,Canterbury Woods,Week4,346.0 Canterbury Woods - 50.0 Springfield
Springfield,Week5,Canterbury Woods,Week3,355.0 Canterbury Woods - 41.0 Springfield
Springboard,Week1,Broyhill Crest,Week2,300.0 Springboard - 99.0 Broyhill Crest
Springboard,Week5,Brookfield ,Week4,273.0 Brookfield - 129.0 Springboard
Springboard,Week1,Fox Hunt,Week4,271.0 Fox Hunt - 130.0 Springboard
Springboard,Week3,Herndon,Week5,252.0 Springboard - 149.0 Herndon
Springboard,Week4,Virginia Hills,Week1,264.0 Springboard - 137.0 Virginia Hills
Springboard,Week3,Fox Hunt,Week1,254.0 Fox Hunt - 148.0 Springboard
Springboard,Week4,Hiddenbrook,Week1,208.0 Hiddenbrook - 193.0 Springboard
Springboard,Week3,Virginia Hills,Week4,284.0 Springboard - 114.0 Virginia Hills
Springboard,Week5,Village West,Week1,201.0 Village West - 197.0 Springboard
Springfield,Week5,Canterbury Woods,Week2,320.0 Canterbury Woods - 74.0 Springfield
Springboard,Week1,Broyhill Crest,Week4,288.0 Springboard - 111.0 Broyhill Crest
Springboard,Week3,Hiddenbrook,Week4,242.0 Hiddenbrook - 159.0 Springboard
Springfield,Week2,Cardinal Hill,Week2,369.0 Cardinal Hill - 26.0 Springfield
Springboard,Week2,Herndon,Week5,222.0 Springboard - 179.0 Herndon
Springboard,Week4,Bren Mar-Edsall Park,Week4,294.0 Springboard - 99.0 Bren Mar-Edsall Park
Springfield,Week2,Cardinal Hill,Week3,380.0 Cardinal Hill - 21.0 Springfield
Springboard,Week3,Fox Hunt,Week3,286.0 Fox Hunt - 115.0 Springboard
Springboard,Week3,Herndon,Week4,261.0 Springboard - 141.0 Herndon
Springboard,Week1,Virginia Hills,Week1,269.0 Springboard - 128.0 Virginia Hills
Springboard,Week1,Brookfield ,Week3,260.0 Brookfield - 137.0 Springboard
Springboard,Week1,Fox Hunt,Week2,266.5 Fox Hunt - 134.5 Springboard
Springboard,Week4,Virginia Hills,Week3,279.0 Springboard - 123.0 Virginia Hills
Springboard,Week3,Fox Hunt,Week4,273.0 Fox Hunt - 129.0 Springboard
Springboard,Week5,Bren Mar-Edsall Park,Week1,314.0 Springboard - 84.0 Bren Mar-Edsall Park
Springfield,Week1,Cardinal Hill,Week4,383.0 Cardinal Hill - 17.0 Springfield
Springfield,Week1,Cardinal Hill,Week5,373.0 Cardinal Hill - 27.0 Springfield
Springboard,Week5,Virginia Hills,Week1,286.5 Springboard - 111.5 Virginia Hills
Springboard,Week5,Herndon,Week4,251.0 Springboard - 151.0 Herndon
Springboard,Week2,Fox Hunt,Week4,294.0 Fox Hunt - 108.0 Springboard
Springfield,Week3,Cardinal Hill,Week5,369.0 Cardinal Hill - 29.0 Springfield
Springboard,Week4,Brookfield ,Week2,264.0 Brookfield - 138.0 Springboard
Springfield,Week1,Chesterbrook,Week5,401.0 Chesterbrook - 1.0 Springfield
Springboard,Week3,Brookfield ,Week2,264.0 Brookfield - 137.0 Springboard
Springboard,Week1,Virginia Run,Week4,320.0 Virginia Run - 82.0 Springboard
Springboard,Week4,Herndon,Week5,247.0 Springboard - 155.0 Herndon
Springboard,Week5,Bren Mar-Edsall Park,Week4,302.0 Springboard - 98.0 Bren Mar-Edsall Park
Springboard,Week4,Forest Hollow,Week1,290.0 Forest Hollow - 112.0 Springboard
Springfield,Week1,Cardinal Hill,Week1,387.0 Cardinal Hill - 15.0 Springfield
Springboard,Week2,Virginia Run,Week3,318.0 Virginia Run - 84.0 Springboard
Springboard,Week2,Virginia Run,Week1,341.0 Virginia Run - 61.0 Springboard
Springboard,Week3,Forest Hollow,Week5,297.0 Forest Hollow - 104.0 Springboard
Springboard,Week4,Bren Mar-Edsall Park,Week5,298.0 Springboard - 93.0 Bren Mar-Edsall Park
Springboard,Week1,Brookfield ,Week1,277.0 Brookfield - 125.0 Springboard
Springboard,Week3,Fox Hunt,Week2,264.0 Fox Hunt - 138.0 Springboard
Springboard,Week1,Hiddenbrook,Week2,212.0 Springboard - 185.0 Hiddenbrook
Springboard,Week1,Wakefield Chapel,Week1,353.0 Wakefield Chapel - 49.0 Springboard
Springfield,Week4,Cardinal Hill,Week1,378.0 Cardinal Hill - 24.0 Springfield
Springboard,Week2,Virginia Run,Week2,322.0 Virginia Run - 80.0 Springboard
Springboard,Week1,Brookfield ,Week4,290.0 Brookfield - 112.0 Springboard
Springfield,Week2,Cardinal Hill,Week5,369.0 Cardinal Hill - 30.0 Springfield
Springboard,Week5,Herndon,Week2,249.0 Springboard - 152.0 Herndon
Springfield,Week5,Canterbury Woods,Week1,341.0 Canterbury Woods - 54.0 Springfield
Springboard,Week2,Herndon,Week4,220.0 Springboard - 182.0 Herndon
Springboard,Week1,Hiddenbrook,Week4,239.0 Hiddenbrook - 162.0 Springboard
Springfield,Week3,Cardinal Hill,Week4,374.0 Cardinal Hill - 28.0 Springfield
Springboard,Week3,Brookfield ,Week5,268.0 Brookfield - 134.0 Springboard
Springboard,Week1,Wakefield Chapel,Week4,344.0 Wakefield Chapel - 58.0 Springboard
Springboard,Week5,Forest Hollow,Week1,289.0 Forest Hollow - 113.0 Springboard
Springboard,Week2,Brookfield ,Week5,281.0 Brookfield - 121.0 Springboard
Springboard,Week3,Herndon,Week2,255.0 Springboard - 146.0 Herndon
Springboard,Week4,Virginia Run,Week5,321.0 Virginia Run - 81.0 Springboard
Springboard,Week4,Forest Hollow,Week2,293.0 Forest Hollow - 109.0 Springboard
Springboard,Week1,Fox Hunt,Week1,261.0 Fox Hunt - 141.0 Springboard
Springboard,Week3,Herndon,Week3,264.0 Springboard - 134.0 Herndon
Springboard,Week3,Virginia Run,Week2,299.0 Virginia Run - 103.0 Springboard
Springfield,Week3,Cardinal Hill,Week1,381.0 Cardinal Hill - 21.0 Springfield
Springboard,Week2,Herndon,Week2,222.0 Springboard - 174.0 Herndon
Springboard,Week5,Forest Hollow,Week5,298.0 Forest Hollow - 103.0 Springboard
Springboard,Week2,Brookfield ,Week1,309.0 Brookfield - 93.0 Springboard
Springboard,Week5,Bren Mar-Edsall Park,Week5,308.0 Springboard - 92.0 Bren Mar-Edsall Park
Springboard,Week2,Hiddenbrook,Week1,260.5 Hiddenbrook - 137.5 Springboard
Springboard,Week4,Forest Hollow,Week5,304.0 Forest Hollow - 98.0 Springboard
Springboard,Week1,Wakefield Chapel,Week2,351.0 Wakefield Chapel - 50.0 Springboard
Springboard,Week4,Forest Hollow,Week3,303.0 Forest Hollow - 99.0 Springboard
Springfield,Week1,Chesterbrook,Week4,400.0 Chesterbrook - 2.0 Springfield
Springboard,Week4,Herndon,Week2,245.0 Springboard - 151.0 Herndon
Springboard,Week1,Hiddenbrook,Week1,228.5 Hiddenbrook - 169.5 Springboard
Springfield,Week5,Chesterbrook,Week4,399.0 Chesterbrook - 3.0 Springfield
Springboard,Week3,Virginia Run,Week5,320.0 Virginia Run - 82.0 Springboard
Springfield,Week3,Chesterbrook,Week4,400.0 Chesterbrook - 2.0 Springfield
Springboard,Week2,Brookfield ,Week4,311.5 Brookfield - 90.5 Springboard
Springboard,Week2,Fox Hunt,Week5,326.0 Fox Hunt - 76.0 Springboard
Springboard,Week1,Virginia Run,Week5,331.0 Virginia Run - 71.0 Springboard
Springboard,Week2,Brookfield ,Week2,291.0 Brookfield - 110.0 Springboard
Springboard,Week3,Brookfield ,Week3,265.0 Brookfield - 133.0 Springboard
Springboard,Week3,Herndon,Week1,250.0 Springboard - 147.0 Herndon
Springboard,Week3,Virginia Run,Week4,309.5 Virginia Run - 92.5 Springboard
Springboard,Week1,Hiddenbrook,Week5,259.0 Hiddenbrook - 142.0 Springboard
Springfield,Week3,Chesterbrook,Week2,400.0 Chesterbrook - 2.0 Springfield
Springboard,Week2,Herndon,Week3,219.0 Springboard - 168.0 Herndon
Springboard,Week3,Fox Mill Estates,Week2,244.0 Fox Mill Estates - 157.0 Springboard
Springfield,Week2,Chesterbrook,Week1,394.0 Chesterbrook - 7.0 Springfield
Springboard,Week4,Fox Hunt,Week1,259.0 Fox Hunt - 143.0 Springboard
Springboard,Week3,Brookfield ,Week1,280.0 Brookfield - 122.0 Springboard
Springboard,Week2,Virginia Run,Week4,338.5 Virginia Run - 63.5 Springboard
Springboard,Week1,Virginia Run,Week3,301.0 Virginia Run - 101.0 Springboard
Springboard,Week3,Fox Hunt,Week5,303.0 Fox Hunt - 99.0 Springboard
Springboard,Week4,Fox Mill Estates,Week3,232.0 Fox Mill Estates - 169.0 Springboard
Springfield,Week4,Chesterbrook,Week3,400.0 Chesterbrook - 2.0 Springfield
Springboard,Week3,Hiddenbrook,Week1,228.0 Hiddenbrook - 170.0 Springboard
Springboard,Week1,Fox Mill Estates,Week4,254.0 Fox Mill Estates - 148.0 Springboard
Springboard,Week2,Hiddenbrook,Week3,263.0 Hiddenbrook - 134.0 Springboard
Springfield,Week4,Chesterbrook,Week2,401.0 Chesterbrook - 1.0 Springfield
Springboard,Week4,Virginia Run,Week1,318.0 Virginia Run - 84.0 Springboard
Springboard,Week5,Brookfield ,Week2,241.0 Brookfield - 160.0 Springboard
Springboard,Week2,Hiddenbrook,Week4,260.0 Hiddenbrook - 136.0 Springboard
Springboard,Week2,Hiddenbrook,Week2,202.5 Hiddenbrook - 188.5 Springboard
Springboard,Week5,Fox Hunt,Week4,263.0 Fox Hunt - 139.0 Springboard
Springfield,Week3,Chesterbrook,Week1,394.0 Chesterbrook - 3.0 Springfield
Springboard,Week4,Fox Hunt,Week4,270.0 Fox Hunt - 131.0 Springboard
Springboard,Week2,Fox Mill Estates,Week4,281.0 Fox Mill Estates - 121.0 Springboard
Springboard,Week4,Brookfield ,Week1,280.0 Brookfield - 122.0 Springboard
Springfield,Week5,Chesterbrook,Week2,401.0 Chesterbrook - 1.0 Springfield
Springboard,Week4,Virginia Run,Week2,286.0 Virginia Run - 116.0 Springboard
Springboard,Week2,Virginia Run,Week5,347.0 Virginia Run - 55.0 Springboard
Springboard,Week4,Brookfield ,Week3,270.0 Brookfield - 131.0 Springboard
Springboard,Week2,Hiddenbrook,Week5,275.0 Hiddenbrook - 126.0 Springboard
Springboard,Week1,Virginia Run,Week2,304.0 Virginia Run - 98.0 Springboard
Springboard,Week3,Virginia Run,Week3,300.0 Virginia Run - 102.0 Springboard
Springfield,Week3,Chesterbrook,Week5,398.0 Chesterbrook - 3.0 Springfield
Springboard,Week4,Brookfield ,Week5,267.0 Brookfield - 135.0 Springboard
Springfield,Week4,Chesterbrook,Week5,399.0 Chesterbrook - 3.0 Springfield
Springboard,Week4,Brookfield ,Week4,281.0 Brookfield - 121.0 Springboard
Springboard,Week1,Virginia Run,Week1,324.0 Virginia Run - 78.0 Springboard
Springboard,Week5,Brookfield ,Week1,272.0 Brookfield - 130.0 Springboard
Springboard,Week1,Hiddenbrook,Week3,238.0 Hiddenbrook - 164.0 Springboard
Springfield,Week5,Cardinal Hill,Week3,383.0 Cardinal Hill - 17.0 Springfield
Springboard,Week1,Fox Mill Estates,Week3,234.0 Fox Mill Estates - 164.0 Springboard
Springboard,Week2,Fox Mill Estates,Week1,225.0 Fox Mill Estates - 176.0 Springboard
Springboard,Week3,Fox Mill Estates,Week4,260.0 Fox Mill Estates - 142.0 Springboard
Springboard,Week2,Broyhill Crest,Week5,254.0 Springboard - 143.0 Broyhill Crest
Springboard,Week3,Hiddenbrook,Week3,237.0 Hiddenbrook - 165.0 Springboard
Springboard,Week5,Virginia Run,Week3,295.0 Virginia Run - 107.0 Springboard
Springboard,Week1,Broyhill Crest,Week3,310.0 Springboard - 87.0 Broyhill Crest
Springboard,Week5,Virginia Run,Week4,296.0 Virginia Run - 106.0 Springboard
Springboard,Week5,Virginia Run,Week2,290.0 Virginia Run - 112.0 Springboard
Springboard,Week2,High Point Pool,Week5,324.0 High Point Pool - 77.0 Springboard
Springfield,Week2,Chesterbrook,Week4,400.0 Chesterbrook - 2.0 Springfield
Springboard,Week4,Fox Mill Estates,Week4,264.0 Fox Mill Estates - 138.0 Springboard
Springboard,Week5,Broyhill Crest,Week2,308.0 Springboard - 93.0 Broyhill Crest
Springboard,Week1,High Point Pool,Week2,313.0 High Point Pool - 88.0 Springboard
Springfield,Week2,Chesterbrook,Week2,400.0 Chesterbrook - 2.0 Springfield
Springboard,Week4,Virginia Run,Week3,300.0 Virginia Run - 102.0 Springboard
Springboard,Week3,Broyhill Crest,Week5,269.0 Springboard - 128.0 Broyhill Crest
Springboard,Week5,Virginia Run,Week1,316.0 Virginia Run - 86.0 Springboard
Springboard,Week3,Virginia Run,Week1,321.0 Virginia Run - 81.0 Springboard
Springfield,Week2,Chesterbrook,Week5,399.0 Chesterbrook - 3.0 Springfield
Springboard,Week1,Burke Station,Week5,217.0 Burke Station - 183.0 Springboard
Springboard,Week5,Brookfield ,Week3,251.0 Brookfield - 147.0 Springboard
Springboard,Week5,Fox Hunt,Week5,278.0 Fox Hunt - 124.0 Springboard
Springboard,Week5,Virginia Run,Week5,321.0 Virginia Run - 81.0 Springboard
Springfield,Week2,Chesterbrook,Week3,400.0 Chesterbrook - 2.0 Springfield
Springboard,Week4,Fox Mill Estates,Week2,229.0 Fox Mill Estates - 172.0 Springboard
Springfield,Week1,Chesterbrook,Week3,399.0 Chesterbrook - 3.0 Springfield
Springboard,Week4,Fox Hunt,Week5,303.0 Fox Hunt - 98.0 Springboard
Springboard,Week3,Hiddenbrook,Week5,254.0 Hiddenbrook - 147.0 Springboard
Springboard,Week3,Hiddenbrook,Week2,214.5 Springboard - 180.5 Hiddenbrook
Springboard,Week4,Virginia Run,Week4,309.0 Virginia Run - 93.0 Springboard
Springfield,Week3,Chesterbrook,Week3,399.0 Chesterbrook - 3.0 Springfield
Springboard,Week1,Broyhill Crest,Week1,286.0 Springboard - 109.0 Broyhill Crest
Springboard,Week5,Brookfield ,Week5,255.0 Brookfield - 147.0 Springboard
Springboard,Week1,Fox Mill Estates,Week2,232.0 Fox Mill Estates - 168.0 Springboard
Springboard,Week5,Fox Hunt,Week2,257.0 Fox Hunt - 145.0 Springboard
Springboard,Week4,High Point Pool,Week4,288.0 High Point Pool - 114.0 Springboard
Springboard,Week1,High Point Pool,Week1,286.0 High Point Pool - 116.0 Springboard
Springboard,Week5,Hiddenbrook,Week5,239.0 Hiddenbrook - 162.0 Springboard
Springfield,Week5,Cardinal Hill,Week4,382.0 Cardinal Hill - 17.0 Springfield
Springfield,Week1,Chesterbrook,Week2,400.0 Chesterbrook - 2.0 Springfield
Springfield,Week4,Chesterbrook,Week4,399.5 Chesterbrook - 2.5 Springfield
Springfield,Week1,Chesterbrook,Week1,393.0 Chesterbrook - 9.0 Springfield
Springboard,Week3,Wakefield Chapel,Week4,342.0 Wakefield Chapel - 60.0 Springboard
Springboard,Week2,High Point Pool,Week1,306.0 High Point Pool - 96.0 Springboard
Springboard,Week4,Broyhill Crest,Week1,273.0 Springboard - 124.0 Broyhill Crest
Springboard,Week5,Broyhill Crest,Week4,289.0 Springboard - 112.0 Broyhill Crest
Springboard,Week5,Broyhill Crest,Week1,297.0 Springboard - 103.0 Broyhill Crest
Springboard,Week3,Fox Mill Estates,Week3,241.0 Fox Mill Estates - 157.0 Springboard
Springfield,Week5,Cardinal Hill,Week5,373.0 Cardinal Hill - 27.0 Springfield
Springfield,Week5,Cardinal Hill,Week2,375.0 Cardinal Hill - 20.0 Springfield
Springboard,Week3,High Point Pool,Week1,293.0 High Point Pool - 109.0 Springboard
Springboard,Week3,Wakefield Chapel,Week2,344.0 Wakefield Chapel - 57.0 Springboard
Springboard,Week5,Hiddenbrook,Week2,227.5 Springboard - 173.5 Hiddenbrook
Springboard,Week4,Hiddenbrook,Week2,215.0 Springboard - 182.0 Hiddenbrook
Springboard,Week2,Wakefield Chapel,Week4,362.0 Wakefield Chapel - 40.0 Springboard
Springfield,Week4,Chesterbrook,Week1,393.0 Chesterbrook - 9.0 Springfield
Springboard,Week5,Broyhill Crest,Week3,318.0 Springboard - 80.0 Broyhill Crest
Springboard,Week1,Fox Mill Estates,Week1,203.0 Fox Mill Estates - 198.0 Springboard
Springboard,Week4,Broyhill Crest,Week5,265.0 Springboard - 135.0 Broyhill Crest
Springboard,Week5,Fox Hunt,Week3,279.0 Fox Hunt - 122.0 Springboard
Springboard,Week1,Wakefield Chapel,Week3,350.0 Wakefield Chapel - 52.0 Springboard
Springboard,Week4,Fox Hunt,Week3,278.0 Fox Hunt - 119.0 Springboard
Springboard,Week2,Wakefield Chapel,Week1,361.0 Wakefield Chapel - 41.0 Springboard
Springboard,Week1,Fox Mill Estates,Week5,252.0 Fox Mill Estates - 150.0 Springboard
Springboard,Week1,Burke Station,Week1,200.0 Burke Station - 169.0 Springboard
Springboard,Week2,High Point Pool,Week3,317.0 High Point Pool - 85.0 Springboard
Springfield,Week5,Cardinal Hill,Week1,385.0 Cardinal Hill - 17.0 Springfield
Springboard,Week2,Fox Mill Estates,Week2,256.0 Fox Mill Estates - 145.0 Springboard
Springboard,Week3,Wakefield Chapel,Week3,353.0 Wakefield Chapel - 49.0 Springboard
Springboard,Week2,High Point Pool,Week4,312.0 High Point Pool - 90.0 Springboard
Springboard,Week2,Fox Mill Estates,Week5,265.0 Fox Mill Estates - 137.0 Springboard
Springfield,Week1,Commonwealth,Week4,314.0 Commonwealth - 80.0 Springfield
Springboard,Week1,High Point Pool,Week5,306.0 High Point Pool - 95.0 Springboard
Springboard,Week2,Wakefield Chapel,Week5,378.0 Wakefield Chapel - 24.0 Springboard
Springboard,Week3,Fox Mill Estates,Week5,251.0 Fox Mill Estates - 151.0 Springboard
Springboard,Week4,Wakefield Chapel,Week1,344.0 Wakefield Chapel - 58.0 Springboard
Springboard,Week4,High Point Pool,Week1,287.0 High Point Pool - 115.0 Springboard
Springfield,Week5,Commonwealth,Week2,354.0 Commonwealth - 46.0 Springfield
Springboard,Week4,Wakefield Chapel,Week4,327.0 Wakefield Chapel - 75.0 Springboard
Springfield,Week1,Commonwealth,Week5,339.0 Commonwealth - 60.0 Springfield
Springboard,Week4,Fox Mill Estates,Week5,243.0 Fox Mill Estates - 159.0 Springboard
Springboard,Week4,Wakefield Chapel,Week2,339.0 Wakefield Chapel - 63.0 Springboard
Springboard,Week3,High Point Pool,Week4,299.0 High Point Pool - 103.0 Springboard
Springfield,Week5,Chesterbrook,Week3,399.0 Chesterbrook - 2.0 Springfield
Springboard,Week2,High Point Pool,Week2,334.0 High Point Pool - 67.0 Springboard
Springfield,Week5,Chesterbrook,Week1,393.0 Chesterbrook - 9.0 Springfield
Springboard,Week3,Fox Mill Estates,Week1,220.0 Fox Mill Estates - 181.0 Springboard
Springboard,Week4,Broyhill Crest,Week4,280.0 Springboard - 121.0 Broyhill Crest
Springboard,Week1,Burke Station,Week4,217.0 Springboard - 182.0 Burke Station
Springboard,Week3,Broyhill Crest,Week2,310.0 Springboard - 90.0 Broyhill Crest
Springboard,Week4,Wakefield Chapel,Week5,354.0 Wakefield Chapel - 48.0 Springboard
Springboard,Week2,Broyhill Crest,Week4,264.5 Springboard - 135.5 Broyhill Crest
Springboard,Week4,Wakefield Chapel,Week3,339.0 Wakefield Chapel - 63.0 Springboard
Springboard,Week5,Fox Hunt,Week1,249.0 Fox Hunt - 153.0 Springboard
Springboard,Week4,High Point Pool,Week2,303.0 High Point Pool - 99.0 Springboard
Springboard,Week2,Broyhill Crest,Week3,290.0 Springboard - 103.0 Broyhill Crest
Springboard,Week3,High Point Pool,Week2,318.0 High Point Pool - 83.0 Springboard
Springfield,Week1,Cottontail,Week2,344.0 Cottontail - 58.0 Springfield
Springboard,Week4,Broyhill Crest,Week2,292.0 Springboard - 109.0 Broyhill Crest
Springboard,Week4,Fox Mill Estates,Week1,204.5 Springboard - 197.5 Fox Mill Estates
Springboard,Week2,Fox Mill Estates,Week3,263.0 Fox Mill Estates - 135.0 Springboard
Springboard,Week1,Fox Mill Woods,Week1,338.0 Fox Mill Woods - 63.0 Springboard
Springboard,Week5,Hiddenbrook,Week1,209.5 Hiddenbrook - 188.5 Springboard
Springboard,Week3,Broyhill Crest,Week3,320.0 Springboard - 78.0 Broyhill Crest
Springboard,Week1,Camelot,Week3,220.0 Camelot - 178.0 Springboard
Springboard,Week1,Burke Station,Week2,218.0 Springboard - 173.0 Burke Station
Springboard,Week5,Burke Station,Week5,208.0 Burke Station - 193.0 Springboard
Springboard,Week5,Broyhill Crest,Week5,281.0 Springboard - 117.0 Broyhill Crest
Springboard,Week3,High Point Pool,Week5,304.0 High Point Pool - 97.0 Springboard
Springboard,Week5,Fox Mill Estates,Week3,236.0 Fox Mill Estates - 162.0 Springboard
Springboard,Week5,Wakefield Chapel,Week1,346.0 Wakefield Chapel - 56.0 Springboard
Springboard,Week5,Hiddenbrook,Week4,218.0 Hiddenbrook - 183.0 Springboard
Springfield,Week1,Cottontail,Week4,346.0 Cottontail - 49.0 Springfield
Springboard,Week4,Hiddenbrook,Week4,226.0 Hiddenbrook - 176.0 Springboard
Springboard,Week1,High Point Pool,Week4,296.0 High Point Pool - 106.0 Springboard
Springboard,Week5,Wakefield Chapel,Week2,340.0 Wakefield Chapel - 61.0 Springboard
Springboard,Week1,Fox Mill Woods,Week2,325.0 Fox Mill Woods - 76.0 Springboard
Springboard,Week5,Fox Mill Estates,Week4,247.0 Fox Mill Estates - 155.0 Springboard
Springfield,Week1,Commonwealth,Week1,293.0 Commonwealth - 88.0 Springfield
Springboard,Week4,Hiddenbrook,Week5,235.0 Hiddenbrook - 167.0 Springboard
Springboard,Week1,Wakefield Chapel,Week5,360.0 Wakefield Chapel - 42.0 Springboard
Springfield,Week3,Commonwealth,Week5,337.0 Commonwealth - 59.0 Springfield
Springboard,Week5,Wakefield Chapel,Week3,340.0 Wakefield Chapel - 62.0 Springboard
Springfield,Week1,Cottontail,Week1,348.0 Cottontail - 54.0 Springfield
Springboard,Week5,Fox Mill Estates,Week5,238.0 Fox Mill Estates - 164.0 Springboard
Springboard,Week1,Broyhill Crest,Week5,268.0 Springboard - 128.0 Broyhill Crest
Springboard,Week5,Wakefield Chapel,Week4,323.0 Wakefield Chapel - 79.0 Springboard
Springboard,Week1,High Point Pool,Week3,287.0 High Point Pool - 114.0 Springboard
Springboard,Week3,Wakefield Chapel,Week5,355.0 Wakefield Chapel - 47.0 Springboard
Springboard,Week5,Wakefield Chapel,Week5,344.0 Wakefield Chapel - 58.0 Springboard
Springboard,Week4,Broyhill Crest,Week3,301.0 Springboard - 95.0 Broyhill Crest
Springboard,Week5,Fox Mill Estates,Week1,204.0 Fox Mill Estates - 197.0 Springboard
Springboard,Week2,Wakefield Chapel,Week2,363.0 Wakefield Chapel - 38.0 Springboard
Springfield,Week4,Commonwealth,Week1,287.0 Commonwealth - 92.0 Springfield
Springfield,Week2,Commonwealth,Week4,338.0 Commonwealth - 50.0 Springfield
Springboard,Week5,Fox Mill Estates,Week2,225.0 Fox Mill Estates - 176.0 Springboard
Springfield,Week2,Commonwealth,Week2,354.0 Commonwealth - 42.0 Springfield
Springfield,Week5,Chesterbrook,Week5,398.5 Chesterbrook - 3.5 Springfield
Springboard,Week4,Hiddenbrook,Week3,237.0 Hiddenbrook - 165.0 Springboard
Springboard,Week2,Broyhill Crest,Week1,274.0 Springboard - 120.0 Broyhill Crest
Springboard,Week4,High Point Pool,Week3,290.0 High Point Pool - 112.0 Springboard
Springboard,Week2,Broyhill Crest,Week2,271.0 Springboard - 130.0 Broyhill Crest
Springboard,Week2,Burke Station,Week4,198.0 Burke Station - 197.0 Springboard
Springboard,Week4,Fox Mill Woods,Week4,329.0 Fox Mill Woods - 73.0 Springboard
Springfield,Week3,Commonwealth,Week2,349.0 Commonwealth - 49.0 Springfield
Springboard,Week2,Wakefield Chapel,Week3,361.0 Wakefield Chapel - 36.0 Springboard
Springfield,Week1,Commonwealth,Week3,329.0 Commonwealth - 63.0 Springfield
Springboard,Week5,Hiddenbrook,Week3,214.0 Hiddenbrook - 188.0 Springboard
Springboard,Week3,Broyhill Crest,Week1,289.0 Springboard - 110.0 Broyhill Crest
Springboard,Week4,Fox Mill Woods,Week3,326.0 Fox Mill Woods - 76.0 Springboard
Springboard,Week5,Fox Mill Woods,Week4,318.0 Fox Mill Woods - 84.0 Springboard
Springboard,Week2,Fox Mill Woods,Week1,354.0 Fox Mill Woods - 47.0 Springboard
Springboard,Week1,Highland Park,Week2,297.0 Highland Park - 105.0 Springboard
Springboard,Week3,Broyhill Crest,Week4,282.0 Springboard - 118.0 Broyhill Crest
Springboard,Week3,Fox Mill Woods,Week4,326.0 Fox Mill Woods - 76.0 Springboard
Springfield,Week2,Cottontail,Week1,347.0 Cottontail - 55.0 Springfield
Springfield,Week2,Commonwealth,Week1,304.0 Commonwealth - 73.0 Springfield
Springfield,Week3,Commonwealth,Week4,327.0 Commonwealth - 60.0 Springfield
Springboard,Week2,Burke Station,Week2,196.5 Burke Station - 189.5 Springboard
Springboard,Week1,Burke Station,Week3,203.0 Burke Station - 186.0 Springboard
Springboard,Week1,Great Falls,Week2,248.0 Great Falls - 136.0 Springboard
Springboard,Week2,Fox Mill Woods,Week4,350.0 Fox Mill Woods - 52.0 Springboard
Springfield,Week3,Commonwealth,Week3,334.0 Commonwealth - 53.0 Springfield
Springboard,Week5,Highland Park,Week1,289.0 Highland Park - 112.0 Springboard
Springboard,Week3,Wakefield Chapel,Week1,343.0 Wakefield Chapel - 59.0 Springboard
Springboard,Week3,Highland Park,Week5,307.0 Highland Park - 94.0 Springboard
Springboard,Week1,Great Falls,Week4,251.0 Great Falls - 146.0 Springboard
Springboard,Week3,Burke Station,Week5,205.0 Burke Station - 195.0 Springboard
Springfield,Week1,Commonwealth,Week2,342.0 Commonwealth - 57.0 Springfield
Springboard,Week5,High Point Pool,Week2,298.0 High Point Pool - 103.0 Springboard
Springboard,Week3,High Point Pool,Week3,308.0 High Point Pool - 94.0 Springboard
Springboard,Week4,Burke Station,Week1,202.0 Burke Station - 172.0 Springboard
Springboard,Week5,Burke Station,Week2,218.0 Springboard - 175.0 Burke Station
Springfield,Week3,Commonwealth,Week1,301.0 Commonwealth - 70.0 Springfield
Springboard,Week2,Highland Park,Week2,317.0 Highland Park - 85.0 Springboard
Springboard,Week3,Burke Station,Week1,189.0 Burke Station - 181.0 Springboard
Springfield,Week4,Commonwealth,Week4,316.0 Commonwealth - 80.0 Springfield
Springfield,Week2,Commonwealth,Week3,343.0 Commonwealth - 40.0 Springfield
Springboard,Week5,Fox Mill Woods,Week3,316.0 Fox Mill Woods - 86.0 Springboard
Springboard,Week3,Burke Station,Week4,228.0 Springboard - 172.0 Burke Station
Springboard,Week3,Highland Park,Week2,290.0 Highland Park - 112.0 Springboard
Springboard,Week5,High Point Pool,Week3,289.0 High Point Pool - 113.0 Springboard
Springboard,Week2,Burke Station,Week1,223.0 Burke Station - 145.0 Springboard
Springfield,Week4,Commonwealth,Week3,324.0 Commonwealth - 69.0 Springfield
Springfield,Week4,Commonwealth,Week2,326.0 Commonwealth - 75.0 Springfield
Springboard,Week2,Highland Park,Week4,321.5 Highland Park - 80.5 Springboard
Springboard,Week2,Great Falls,Week2,256.0 Great Falls - 123.0 Springboard
Springfield,Week2,Commonwealth,Week5,349.0 Commonwealth - 45.0 Springfield
Springboard,Week4,Burke Station,Week5,225.0 Burke Station - 172.0 Springboard
Springboard,Week4,Highland Park,Week5,295.0 Highland Park - 107.0 Springboard
Springboard,Week5,Fox Mill Woods,Week5,316.0 Fox Mill Woods - 85.0 Springboard
Springboard,Week2,Highland Park,Week1,314.0 Highland Park - 87.0 Springboard
Springfield,Week4,Commonwealth,Week5,325.0 Commonwealth - 74.0 Springfield
Springboard,Week2,Highlands Swim,Week2,368.0 Highlands Swim - 34.0 Springboard
Springboard,Week3,Fox Mill Woods,Week5,324.0 Fox Mill Woods - 78.0 Springboard
Springboard,Week4,Burke Station,Week3,207.0 Burke Station - 184.0 Springboard
Springboard,Week3,Burke Station,Week2,219.0 Springboard - 173.0 Burke Station
Springboard,Week4,Fox Mill Woods,Week1,332.0 Fox Mill Woods - 70.0 Springboard
Springboard,Week1,Highland Park,Week3,283.0 Highland Park - 118.0 Springboard
Springboard,Week4,Fox Mill Woods,Week5,333.0 Fox Mill Woods - 69.0 Springboard
Springboard,Week4,Fox Mill Woods,Week2,325.0 Fox Mill Woods - 77.0 Springboard
Springboard,Week4,Burke Station,Week4,202.0 Springboard - 194.0 Burke Station
Springboard,Week5,High Point Pool,Week1,285.0 High Point Pool - 117.0 Springboard
Springboard,Week1,Highland Park,Week5,300.0 Highland Park - 101.0 Springboard
Springfield,Week5,Commonwealth,Week1,318.0 Commonwealth - 63.0 Springfield
Springboard,Week1,Fox Mill Woods,Week3,321.0 Fox Mill Woods - 81.0 Springboard
Springboard,Week3,Fox Mill Woods,Week1,326.0 Fox Mill Woods - 75.0 Springboard
Springfield,Week2,Cottontail,Week2,351.0 Cottontail - 51.0 Springfield
Springboard,Week2,Fox Mill Woods,Week2,355.0 Fox Mill Woods - 46.0 Springboard
Springfield,Week1,Cottontail,Week3,346.0 Cottontail - 56.0 Springfield
Springboard,Week2,Highland Park,Week3,308.0 Highland Park - 93.0 Springboard
Springboard,Week4,High Point Pool,Week5,304.0 High Point Pool - 98.0 Springboard
Springboard,Week1,Highland Park,Week1,304.0 Highland Park - 97.0 Springboard
Springboard,Week1,Great Falls,Week5,255.0 Great Falls - 146.0 Springboard
Springboard,Week5,Great Falls,Week1,222.0 Great Falls - 179.0 Springboard
Springboard,Week1,Camelot,Week2,237.0 Camelot - 161.0 Springboard
Springboard,Week4,Highland Park,Week2,290.5 Highland Park - 111.5 Springboard
Springboard,Week4,Great Falls,Week4,231.0 Great Falls - 165.0 Springboard
Springboard,Week3,Highland Park,Week3,284.0 Highland Park - 117.0 Springboard
Springfield,Week1,Cottontail,Week5,362.0 Cottontail - 39.0 Springfield
Springboard,Week2,Fox Mill Woods,Week3,344.0 Fox Mill Woods - 58.0 Springboard
Springfield,Week2,Cottontail,Week4,338.0 Cottontail - 53.0 Springfield
Springfield,Week2,Cottontail,Week3,343.0 Cottontail - 57.0 Springfield
Springboard,Week1,Fox Mill Woods,Week4,324.0 Fox Mill Woods - 78.0 Springboard
Springfield,Week5,Commonwealth,Week5,351.0 Commonwealth - 49.0 Springfield
Springboard,Week2,Burke Station,Week3,239.0 Burke Station - 145.0 Springboard
Springboard,Week1,Highland Park,Week4,303.0 Highland Park - 99.0 Springboard
Springboard,Week1,Fox Mill Woods,Week5,324.0 Fox Mill Woods - 78.0 Springboard
Springboard,Week2,Fox Mill Woods,Week5,347.0 Fox Mill Woods - 55.0 Springboard
Springboard,Week2,Highland Park,Week5,313.0 Highland Park - 88.0 Springboard
Springboard,Week2,Camelot,Week2,253.0 Camelot - 145.0 Springboard
Springboard,Week5,Burke Station,Week1,198.0 Burke Station - 172.0 Springboard
Springboard,Week2,Burke Station,Week5,234.0 Burke Station - 156.0 Springboard
Springfield,Week5,Commonwealth,Week3,341.0 Commonwealth - 50.0 Springfield
Springfield,Week4,Cottontail,Week5,355.0 Cottontail - 46.0 Springfield
Springfield,Week5,Commonwealth,Week4,337.0 Commonwealth - 57.0 Springfield
Springboard,Week3,Burke Station,Week3,205.0 Burke Station - 184.0 Springboard
Springboard,Week4,Burke Station,Week2,207.0 Springboard - 184.0 Burke Station
Springboard,Week5,Burke Station,Week3,213.0 Burke Station - 179.0 Springboard
Springboard,Week5,High Point Pool,Week5,294.0 High Point Pool - 107.0 Springboard
Springboard,Week4,Highland Park,Week3,281.0 Highland Park - 116.0 Springboard
Springfield,Week3,Cottontail,Week3,342.0 Cottontail - 58.0 Springfield
Springfield,Week3,Cottontail,Week4,342.0 Cottontail - 47.0 Springfield
Springfield,Week4,Cottontail,Week1,339.0 Cottontail - 63.0 Springfield
Springboard,Week5,Burke Station,Week4,223.0 Springboard - 178.0 Burke Station
Springboard,Week1,Camelot,Week5,257.0 Camelot - 145.0 Springboard
Springboard,Week4,Highland Park,Week1,293.5 Highland Park - 108.5 Springboard
Springfield,Week2,Cottontail,Week5,363.0 Cottontail - 38.0 Springfield
Springboard,Week3,Fox Mill Woods,Week3,313.0 Fox Mill Woods - 89.0 Springboard
Springboard,Week2,Mount Vernon Park,Week5,348.0 Mount Vernon Park - 50.0 Springboard
Springboard,Week1,Camelot,Week1,225.0 Camelot - 175.0 Springboard
Springboard,Week5,Fox Mill Woods,Week1,325.0 Fox Mill Woods - 76.0 Springboard
Springboard,Week5,Fox Mill Woods,Week2,311.0 Fox Mill Woods - 90.0 Springboard
Springboard,Week2,Camelot,Week3,241.0 Camelot - 157.0 Springboard
Springfield,Week3,Country Club Hills,Week2,360.0 Country Club Hills - 40.0 Springfield
Springboard,Week3,Fox Mill Woods,Week2,320.0 Fox Mill Woods - 81.0 Springboard
Springboard,Week2,Camelot,Week1,244.0 Camelot - 156.0 Springboard
Springfield,Week3,Cottontail,Week1,347.0 Cottontail - 55.0 Springfield
Springboard,Week4,Mount Vernon Park,Week3,306.0 Mount Vernon Park - 96.0 Springboard
Springboard,Week1,Great Falls,Week3,264.0 Great Falls - 138.0 Springboard
Springboard,Week1,Great Falls,Week1,247.0 Great Falls - 151.0 Springboard
South Run,Week4,Hiddenbrook,Week4,216.0 South Run - 181.0 Hiddenbrook
Springboard,Week3,Highland Park,Week4,303.0 Highland Park - 99.0 Springboard
Springfield,Week5,Cottontail,Week2,361.0 Cottontail - 41.0 Springfield
Springboard,Week5,High Point Pool,Week4,280.0 High Point Pool - 122.0 Springboard
Springboard,Week3,Highland Park,Week1,290.0 Highland Park - 111.0 Springboard
Springboard,Week2,Camelot,Week4,251.0 Camelot - 150.0 Springboard
Springboard,Week2,Camelot,Week5,268.0 Camelot - 134.0 Springboard
Springboard,Week3,Great Falls,Week1,233.0 Great Falls - 169.0 Springboard
Springboard,Week4,Highland Park,Week4,300.0 Highland Park - 102.0 Springboard
Springboard,Week5,Highland Park,Week5,300.0 Highland Park - 101.0 Springboard
Springboard,Week3,Great Falls,Week2,228.0 Great Falls - 156.0 Springboard
Springboard,Week1,Highlands Swim,Week1,340.0 Highlands Swim - 62.0 Springboard
Springboard,Week2,Mount Vernon Park,Week4,344.0 Mount Vernon Park - 58.0 Springboard
Springboard,Week5,Highland Park,Week4,304.0 Highland Park - 98.0 Springboard
Springfield,Week1,Country Club Hills,Week5,350.0 Country Club Hills - 51.0 Springfield
Springboard,Week3,Camelot,Week2,226.0 Camelot - 172.0 Springboard
Springboard,Week5,Highland Park,Week3,278.0 Highland Park - 123.0 Springboard
Springboard,Week3,Mount Vernon Park,Week4,329.0 Mount Vernon Park - 73.0 Springboard
Springboard,Week4,Camelot,Week3,225.0 Camelot - 176.0 Springboard
Springfield,Week1,Country Club Hills,Week2,350.0 Country Club Hills - 50.0 Springfield
Springfield,Week4,Cottontail,Week4,332.0 Cottontail - 59.0 Springfield
South Run,Week5,Herndon,Week2,305.0 South Run - 97.0 Herndon
Springfield,Week2,Country Club Hills,Week3,348.0 Country Club Hills - 50.0 Springfield
Springboard,Week4,Camelot,Week1,218.5 Camelot - 183.5 Springboard
Springboard,Week2,Mount Vernon Park,Week3,353.0 Mount Vernon Park - 49.0 Springboard
Springboard,Week1,Highlands Swim,Week2,345.0 Highlands Swim - 57.0 Springboard
South Run,Week2,Hiddenbrook,Week2,239.0 South Run - 163.0 Hiddenbrook
Springboard,Week1,Highlands Swim,Week3,345.0 Highlands Swim - 57.0 Springboard
Springboard,Week4,Camelot,Week2,238.0 Camelot - 163.0 Springboard
Springboard,Week2,Newington Forest,Week5,239.0 Newington Forest - 162.0 Springboard
South Run,Week3,Hiddenbrook,Week2,247.0 South Run - 155.0 Hiddenbrook
South Run,Week1,Hiddenbrook,Week3,218.0 South Run - 175.0 Hiddenbrook
South Run,Week1,Hiddenbrook,Week2,245.0 South Run - 147.0 Hiddenbrook
Springboard,Week4,Mount Vernon Park,Week1,324.0 Mount Vernon Park - 78.0 Springboard
Springboard,Week2,Great Falls,Week1,268.0 Great Falls - 134.0 Springboard
Springboard,Week3,Camelot,Week5,244.5 Camelot - 157.5 Springboard
Springboard,Week2,Great Falls,Week3,281.0 Great Falls - 116.0 Springboard
Springfield,Week5,Cottontail,Week4,349.0 Cottontail - 40.0 Springfield
Springboard,Week3,Great Falls,Week5,253.0 Great Falls - 148.0 Springboard
Springboard,Week3,Great Falls,Week4,236.0 Great Falls - 162.0 Springboard
Springboard,Week4,Great Falls,Week3,247.0 Great Falls - 150.0 Springboard
Springboard,Week3,Great Falls,Week3,259.0 Great Falls - 143.0 Springboard
Springboard,Week1,Camelot,Week4,241.0 Camelot - 160.0 Springboard
Springfield,Week3,Cottontail,Week5,355.0 Cottontail - 45.0 Springfield
Springboard,Week4,Great Falls,Week1,233.0 Great Falls - 165.0 Springboard
Springboard,Week3,Camelot,Week3,212.0 Camelot - 186.0 Springboard
South Run,Week2,Hiddenbrook,Week4,218.0 South Run - 184.0 Hiddenbrook
Springfield,Week2,Country Club Hills,Week5,363.0 Country Club Hills - 38.0 Springfield
Springboard,Week1,Highlands Swim,Week4,345.0 Highlands Swim - 57.0 Springboard
South Run,Week3,Hiddenbrook,Week3,223.0 South Run - 179.0 Hiddenbrook
Springboard,Week3,Camelot,Week1,207.0 Camelot - 193.0 Springboard
Springboard,Week5,Highland Park,Week2,277.0 Highland Park - 125.0 Springboard
Springboard,Week4,Highlands Swim,Week1,339.0 Highlands Swim - 63.0 Springboard
Springboard,Week3,Camelot,Week4,221.0 Camelot - 180.0 Springboard
Springboard,Week4,Great Falls,Week2,233.0 Great Falls - 151.0 Springboard
Springboard,Week2,Great Falls,Week5,270.0 Great Falls - 127.0 Springboard
Springboard,Week5,Highlands Swim,Week1,338.0 Highlands Swim - 64.0 Springboard
Springboard,Week1,Highlands Swim,Week5,347.5 Highlands Swim - 54.5 Springboard
Springboard,Week5,Mount Vernon Park,Week5,323.0 Mount Vernon Park - 75.0 Springboard
South Run,Week1,Hiddenbrook,Week1,224.0 South Run - 168.0 Hiddenbrook
Springboard,Week4,Mount Vernon Park,Week2,315.0 Mount Vernon Park - 87.0 Springboard
Springfield,Week5,Cottontail,Week1,356.0 Cottontail - 46.0 Springfield
Springfield,Week4,Cottontail,Week2,342.0 Cottontail - 60.0 Springfield
Springboard,Week4,Canterbury Woods,Week4,241.0 Canterbury Woods - 161.0 Springboard
Springboard,Week2,Great Falls,Week4,250.0 Great Falls - 138.0 Springboard
Springboard,Week2,Highlands Swim,Week1,367.0 Highlands Swim - 35.0 Springboard
Springboard,Week4,Mount Vernon Park,Week4,305.0 Mount Vernon Park - 97.0 Springboard
Springboard,Week5,Mount Vernon Park,Week2,316.0 Mount Vernon Park - 86.0 Springboard
South Run,Week5,Herndon,Week4,313.0 South Run - 89.0 Herndon
Springboard,Week1,Newington Forest,Week5,215.0 Newington Forest - 186.0 Springboard
South Run,Week3,Hiddenbrook,Week5,206.0 Hiddenbrook - 196.0 South Run
Springfield,Week5,Cottontail,Week5,363.0 Cottontail - 38.0 Springfield
South Run,Week3,Hiddenbrook,Week4,222.0 South Run - 180.0 Hiddenbrook
Springboard,Week5,Canterbury Woods,Week1,216.0 Canterbury Woods - 185.0 Springboard
Springboard,Week1,Canterbury Woods,Week2,213.0 Canterbury Woods - 185.0 Springboard
Springfield,Week1,Country Club Hills,Week1,344.0 Country Club Hills - 56.0 Springfield
Springboard,Week3,Mount Vernon Park,Week3,337.0 Mount Vernon Park - 65.0 Springboard
South Run,Week2,Hiddenbrook,Week1,222.0 South Run - 178.0 Hiddenbrook
Springfield,Week1,Country Club Hills,Week4,339.0 Country Club Hills - 63.0 Springfield
Springboard,Week5,Mount Vernon Park,Week4,310.0 Mount Vernon Park - 92.0 Springboard
Springboard,Week3,Mount Vernon Park,Week5,338.0 Mount Vernon Park - 55.0 Springboard
South Run,Week5,Herndon,Week5,309.0 South Run - 93.0 Herndon
Springboard,Week5,Great Falls,Week5,247.0 Great Falls - 154.0 Springboard
Springboard,Week1,Greenbriar,Week3,291.0 Greenbriar - 111.0 Springboard
Springboard,Week5,Highlands Swim,Week5,335.0 Highlands Swim - 67.0 Springboard
Springboard,Week2,Canterbury Woods,Week2,231.0 Canterbury Woods - 167.0 Springboard
Springboard,Week3,Canterbury Woods,Week2,208.0 Canterbury Woods - 190.0 Springboard
South Run,Week5,Herndon,Week3,320.0 South Run - 82.0 Herndon
South Run,Week2,Hiddenbrook,Week5,217.0 Hiddenbrook - 185.0 South Run
Springboard,Week1,Hollin Hills,Week2,248.0 Springboard - 144.0 Hollin Hills
Springboard,Week3,Canterbury Woods,Week1,221.0 Canterbury Woods - 180.0 Springboard
Springboard,Week5,Highlands Swim,Week2,341.0 Highlands Swim - 61.0 Springboard
Springfield,Week1,Country Club Hills,Week3,334.0 Country Club Hills - 65.0 Springfield
Springboard,Week4,Great Falls,Week5,252.0 Great Falls - 144.0 Springboard
Springboard,Week1,Greenbriar,Week1,286.0 Greenbriar - 115.0 Springboard
Springboard,Week1,Hollin Hills,Week4,246.0 Springboard - 145.0 Hollin Hills
Springfield,Week2,Country Club Hills,Week1,354.0 Country Club Hills - 41.0 Springfield
Springfield,Week2,Country Club Hills,Week4,348.0 Country Club Hills - 49.0 Springfield
Springboard,Week4,Mount Vernon Park,Week5,322.0 Mount Vernon Park - 79.0 Springboard
South Run,Week3,Hiddenbrook,Week1,230.0 South Run - 171.0 Hiddenbrook
Springboard,Week4,Camelot,Week4,235.0 Camelot - 167.0 Springboard
Springboard,Week3,Highlands Swim,Week2,342.0 Highlands Swim - 60.0 Springboard
Springboard,Week5,Great Falls,Week4,223.0 Great Falls - 178.0 Springboard
Springfield,Week2,Country Club Hills,Week2,356.0 Country Club Hills - 44.0 Springfield
Springboard,Week5,Mount Vernon Park,Week3,318.0 Mount Vernon Park - 84.0 Springboard
South Run,Week4,Hiddenbrook,Week2,249.0 South Run - 147.0 Hiddenbrook
Springboard,Week3,Canterbury Woods,Week4,241.0 Canterbury Woods - 160.0 Springboard
Springfield,Week3,Cottontail,Week2,348.0 Cottontail - 54.0 Springfield
Springboard,Week2,Greenbriar,Week2,330.0 Greenbriar - 72.0 Springboard
Springboard,Week1,Newington Forest,Week2,202.0 Springboard - 190.0 Newington Forest
Springboard,Week3,Mount Vernon Park,Week1,332.0 Mount Vernon Park - 69.0 Springboard
Springboard,Week1,Greenbriar,Week5,271.0 Greenbriar - 130.0 Springboard
Springfield,Week4,Cottontail,Week3,339.0 Cottontail - 63.0 Springfield
South Run,Week5,Hiddenbrook,Week1,248.0 South Run - 154.0 Hiddenbrook
Springfield,Week4,Country Club Hills,Week3,338.0 Country Club Hills - 62.0 Springfield
Springboard,Week2,Greenbriar,Week1,312.0 Greenbriar - 89.0 Springboard
Springboard,Week3,Mount Vernon Park,Week2,335.0 Mount Vernon Park - 67.0 Springboard
Springfield,Week5,Country Club Hills,Week2,367.0 Country Club Hills - 33.0 Springfield
Springboard,Week1,Newington Forest,Week1,197.0 Newington Forest - 195.0 Springboard
Springboard,Week2,Mount Vernon Park,Week2,355.0 Mount Vernon Park - 47.0 Springboard
Springfield,Week3,Country Club Hills,Week1,352.0 Country Club Hills - 48.0 Springfield
Springboard,Week5,Camelot,Week4,223.0 Camelot - 178.0 Springboard
Springboard,Week4,Highlands Swim,Week3,332.0 Highlands Swim - 70.0 Springboard
South Run,Week1,Hiddenbrook,Week4,221.0 South Run - 172.0 Hiddenbrook
Springboard,Week5,Highlands Swim,Week3,333.0 Highlands Swim - 69.0 Springboard
Springboard,Week4,Highlands Swim,Week5,337.0 Highlands Swim - 65.0 Springboard
Springboard,Week2,Greenbriar,Week3,315.0 Greenbriar - 87.0 Springboard
South Run,Week2,Hiddenbrook,Week3,207.0 South Run - 190.0 Hiddenbrook
Springboard,Week1,Canterbury Woods,Week3,241.0 Canterbury Woods - 160.0 Springboard
Springboard,Week5,Camelot,Week2,231.0 Camelot - 167.0 Springboard
Springboard,Week5,Camelot,Week1,208.5 Camelot - 192.5 Springboard
Springboard,Week2,Highlands Swim,Week4,359.0 Highlands Swim - 43.0 Springboard
Springboard,Week1,Newington Forest,Week3,205.0 Springboard - 196.0 Newington Forest
Springboard,Week1,Greenbriar,Week4,279.0 Greenbriar - 122.0 Springboard
Springfield,Week5,Cottontail,Week3,354.0 Cottontail - 47.0 Springfield
Springboard,Week5,Great Falls,Week2,237.5 Great Falls - 146.5 Springboard
South Run,Week1,Hiddenbrook,Week5,199.0 South Run - 194.0 Hiddenbrook
South Run,Week4,Hiddenbrook,Week1,219.0 South Run - 181.0 Hiddenbrook
Springboard,Week4,Highlands Swim,Week2,344.0 Highlands Swim - 58.0 Springboard
Springboard,Week2,Canterbury Woods,Week3,262.0 Canterbury Woods - 139.0 Springboard
Springboard,Week5,Camelot,Week5,235.0 Camelot - 167.0 Springboard
Springboard,Week1,Hollin Hills,Week3,261.0 Springboard - 138.0 Hollin Hills
Springboard,Week3,Greenbriar,Week2,302.0 Greenbriar - 100.0 Springboard
Springboard,Week2,Newington Forest,Week1,205.0 Newington Forest - 187.0 Springboard
South Run,Week5,Hiddenbrook,Week2,267.0 South Run - 134.0 Hiddenbrook
Springboard,Week2,Greenbriar,Week5,303.0 Greenbriar - 99.0 Springboard
Springboard,Week2,Newington Forest,Week4,232.0 Newington Forest - 164.0 Springboard
Springfield,Week4,Country Club Hills,Week5,351.0 Country Club Hills - 50.0 Springfield
South Run,Week4,Hiddenbrook,Week5,214.0 Hiddenbrook - 188.0 South Run
Springboard,Week1,Newington Forest,Week4,208.0 Newington Forest - 193.0 Springboard
Springboard,Week5,Mount Vernon Park,Week1,320.0 Mount Vernon Park - 81.0 Springboard
Springfield,Week4,Country Club Hills,Week2,352.0 Country Club Hills - 48.0 Springfield
Springboard,Week4,Highlands Swim,Week4,332.0 Highlands Swim - 70.0 Springboard
Springfield,Week5,Country Club Hills,Week4,361.0 Country Club Hills - 40.0 Springfield
Springboard,Week2,Canterbury Woods,Week5,248.0 Canterbury Woods - 140.0 Springboard
South Run,Week4,Hiddenbrook,Week3,204.0 South Run - 198.0 Hiddenbrook
Springboard,Week1,Hollin Hills,Week5,229.0 Springboard - 166.0 Hollin Hills
Springboard,Week5,Camelot,Week3,209.0 Camelot - 189.0 Springboard
Springboard,Week3,Greenbriar,Week3,289.0 Greenbriar - 113.0 Springboard
Springboard,Week2,Hollin Hills,Week1,227.0 Springboard - 165.0 Hollin Hills
Springboard,Week2,Hollin Hills,Week2,224.0 Springboard - 169.0 Hollin Hills
Springboard,Week5,Great Falls,Week3,251.0 Great Falls - 151.0 Springboard
Springboard,Week3,Greenbriar,Week4,275.0 Greenbriar - 126.0 Springboard
Springboard,Week2,Canterbury Woods,Week1,251.0 Canterbury Woods - 145.0 Springboard
Springboard,Week2,Highlands Swim,Week5,369.0 Highlands Swim - 28.0 Springboard
Springfield,Week1,Crosspointe,Week1,396.0 Crosspointe - 5.0 Springfield
Springboard,Week5,Newington Forest,Week3,215.0 Springboard - 186.0 Newington Forest
Springfield,Week1,Crosspointe,Week5,395.0 Crosspointe - 6.0 Springfield
Springboard,Week4,Camelot,Week5,246.0 Camelot - 156.0 Springboard
Springboard,Week1,Hollin Hills,Week1,252.0 Springboard - 147.0 Hollin Hills
Springboard,Week1,Canterbury Woods,Week5,239.0 Canterbury Woods - 154.0 Springboard
Springboard,Week1,Canterbury Woods,Week1,232.0 Canterbury Woods - 169.0 Springboard
Springfield,Week5,Country Club Hills,Week1,354.0 Country Club Hills - 46.0 Springfield
Springboard,Week2,Newington Forest,Week3,216.0 Newington Forest - 184.0 Springboard
Springboard,Week2,Hollin Hills,Week3,225.0 Springboard - 174.0 Hollin Hills
Springboard,Week2,Newington Forest,Week2,209.0 Newington Forest - 183.0 Springboard
Springboard,Week3,Greenbriar,Week1,290.0 Greenbriar - 111.0 Springboard
Springfield,Week1,Crosspointe,Week3,375.0 Crosspointe - 17.0 Springfield
Springboard,Week1,Greenbriar,Week2,298.5 Greenbriar - 103.5 Springboard
Springboard,Week2,Canterbury Woods,Week4,269.0 Canterbury Woods - 127.0 Springboard
Springboard,Week3,Greenbriar,Week5,276.0 Greenbriar - 126.0 Springboard
Springboard,Week1,North Springfield,Week4,236.0 Springboard - 151.0 North Springfield
Springboard,Week3,Newington Forest,Week2,211.0 Springboard - 181.0 Newington Forest
Springfield,Week2,Crosspointe,Week3,373.0 Crosspointe - 19.0 Springfield
Springboard,Week1,North Springfield,Week3,242.0 Springboard - 149.0 North Springfield
Springboard,Week4,Newington Forest,Week5,209.0 Newington Forest - 193.0 Springboard
Springboard,Week4,Greenbriar,Week1,285.0 Greenbriar - 117.0 Springboard
Springboard,Week3,Newington Forest,Week3,211.0 Springboard - 190.0 Newington Forest
Springboard,Week3,Highlands Swim,Week1,343.0 Highlands Swim - 59.0 Springboard
Springboard,Week4,Canterbury Woods,Week2,202.0 Springboard - 199.0 Canterbury Woods
Springboard,Week4,Canterbury Woods,Week3,228.0 Canterbury Woods - 174.0 Springboard
Springboard,Week5,Highlands Swim,Week4,336.0 Highlands Swim - 66.0 Springboard
Springfield,Week2,Crosspointe,Week2,376.0 Crosspointe - 25.0 Springfield
Springboard,Week4,Canterbury Woods,Week1,225.0 Canterbury Woods - 172.0 Springboard
Springfield,Week1,Crosspointe,Week4,387.0 Crosspointe - 13.0 Springfield
Springboard,Week3,Canterbury Woods,Week5,222.0 Canterbury Woods - 171.0 Springboard
Springfield,Week5,Country Club Hills,Week5,368.0 Country Club Hills - 32.0 Springfield
Springfield,Week2,Crosspointe,Week5,388.0 Crosspointe - 12.0 Springfield
Springboard,Week3,Country Club Hills,Week3,251.0 Country Club Hills - 150.0 Springboard
Springboard,Week5,Cottontail,Week1,249.0 Cottontail - 153.0 Springboard
Springboard,Week2,Highlands Swim,Week3,355.0 Highlands Swim - 47.0 Springboard
Springfield,Week2,Crosspointe,Week4,379.0 Crosspointe - 21.0 Springfield
Springboard,Week3,North Springfield,Week5,228.0 Springboard - 145.0 North Springfield
Springboard,Week3,Highlands Swim,Week3,339.0 Highlands Swim - 63.0 Springboard
Springboard,Week3,Canterbury Woods,Week3,235.0 Canterbury Woods - 166.0 Springboard
Springboard,Week3,Highlands Swim,Week4,331.5 Highlands Swim - 70.5 Springboard
Springboard,Week2,Greenbriar,Week4,293.0 Greenbriar - 108.0 Springboard
Springboard,Week3,Highlands Swim,Week5,340.0 Highlands Swim - 62.0 Springboard
Springboard,Week1,Country Club Hills,Week2,258.0 Country Club Hills - 144.0 Springboard
Springboard,Week4,North Springfield,Week3,243.0 Springboard - 154.0 North Springfield
Springboard,Week4,Cottontail,Week2,244.5 Cottontail - 157.5 Springboard
Springboard,Week5,Newington Forest,Week5,202.0 Newington Forest - 199.0 Springboard
Springboard,Week3,Hollin Meadows,Week5,282.0 Hollin Meadows - 120.0 Springboard
Springfield,Week5,Country Club Hills,Week3,356.0 Country Club Hills - 43.0 Springfield
Springfield,Week4,Country Club Hills,Week4,341.0 Country Club Hills - 61.0 Springfield
Springboard,Week4,Cardinal Hill,Week1,323.0 Cardinal Hill - 79.0 Springboard
Springboard,Week2,Cardinal Hill,Week2,324.0 Cardinal Hill - 72.0 Springboard
Springfield,Week1,Crosspointe,Week2,389.0 Crosspointe - 13.0 Springfield
Springboard,Week5,Canterbury Woods,Week5,222.0 Canterbury Woods - 171.0 Springboard
Springboard,Week2,Hollin Hills,Week5,198.0 Hollin Hills - 193.0 Springboard
Springboard,Week1,Canterbury Woods,Week4,249.0 Canterbury Woods - 152.0 Springboard
Springboard,Week3,North Springfield,Week3,241.0 Springboard - 153.0 North Springfield
Springfield,Week2,Crosspointe,Week1,388.0 Crosspointe - 14.0 Springfield
Springboard,Week2,Hollin Meadows,Week1,302.0 Hollin Meadows - 98.0 Springboard
Springboard,Week4,Cottontail,Week5,264.0 Cottontail - 138.0 Springboard
Springboard,Week1,Cardinal Hill,Week2,310.0 Cardinal Hill - 91.0 Springboard
Springboard,Week1,Hollin Meadows,Week2,267.0 Hollin Meadows - 135.0 Springboard
Springboard,Week1,Country Club Hills,Week4,246.5 Country Club Hills - 155.5 Springboard
Springboard,Week1,Hollin Meadows,Week3,284.0 Hollin Meadows - 117.0 Springboard
Springfield,Week3,Crosspointe,Week1,390.0 Crosspointe - 12.0 Springfield
Springfield,Week3,Crosspointe,Week2,376.0 Crosspointe - 25.0 Springfield
Springboard,Week2,North Springfield,Week5,188.5 Springboard - 183.5 North Springfield
Springboard,Week4,North Springfield,Week5,215.0 Springboard - 158.0 North Springfield
Springboard,Week4,Cottontail,Week3,231.0 Cottontail - 171.0 Springboard
Springboard,Week3,Hollin Meadows,Week3,271.0 Hollin Meadows - 130.0 Springboard
Springboard,Week2,Country Club Hills,Week1,288.0 Country Club Hills - 114.0 Springboard
Springboard,Week5,Cottontail,Week3,221.0 Cottontail - 181.0 Springboard
Springboard,Week3,North Springfield,Week1,256.0 Springboard - 93.0 North Springfield
Springboard,Week4,Newington Forest,Week2,217.0 Springboard - 180.0 Newington Forest
Springboard,Week4,Canterbury Woods,Week5,225.0 Canterbury Woods - 168.0 Springboard
Springboard,Week1,North Springfield,Week1,254.0 Springboard - 94.0 North Springfield
Springboard,Week1,Chesterbrook,Week2,377.0 Chesterbrook - 25.0 Springboard
Springfield,Week3,Country Club Hills,Week3,342.0 Country Club Hills - 56.0 Springfield
Springboard,Week5,Hollin Hills,Week5,241.0 Springboard - 158.0 Hollin Hills
Springboard,Week4,Newington Forest,Week3,207.0 Springboard - 194.0 Newington Forest
Springboard,Week5,Hollin Hills,Week1,260.0 Springboard - 140.0 Hollin Hills
Springboard,Week5,Hollin Hills,Week2,258.0 Springboard - 140.0 Hollin Hills
Springboard,Week5,Newington Forest,Week1,210.0 Springboard - 183.0 Newington Forest
Springboard,Week3,Hollin Hills,Week4,243.0 Springboard - 152.0 Hollin Hills
Springboard,Week3,Newington Forest,Week1,197.0 Newington Forest - 196.0 Springboard
Springboard,Week3,Cottontail,Week2,243.0 Cottontail - 159.0 Springboard
Springboard,Week5,Cottontail,Week4,228.0 Cottontail - 173.0 Springboard
Springboard,Week2,Hollin Meadows,Week3,307.0 Hollin Meadows - 94.0 Springboard
Springboard,Week4,North Springfield,Week2,239.0 Springboard - 148.0 North Springfield
Springboard,Week5,Cottontail,Week2,242.0 Cottontail - 160.0 Springboard
Springboard,Week1,Country Club Hills,Week1,261.0 Country Club Hills - 141.0 Springboard
Springboard,Week3,Newington Forest,Week5,210.0 Newington Forest - 191.0 Springboard
Springboard,Week3,Cardinal Hill,Week4,287.0 Cardinal Hill - 115.0 Springboard
Springfield,Week4,Country Club Hills,Week1,347.0 Country Club Hills - 53.0 Springfield
Springboard,Week3,Cottontail,Week5,254.0 Cottontail - 147.0 Springboard
Springboard,Week2,Hollin Meadows,Week2,281.0 Hollin Meadows - 121.0 Springboard
Springboard,Week1,Hollin Meadows,Week5,283.0 Hollin Meadows - 119.0 Springboard
Springfield,Week3,Country Club Hills,Week4,348.0 Country Club Hills - 54.0 Springfield
Springboard,Week4,Cardinal Hill,Week2,302.0 Cardinal Hill - 95.0 Springboard
Springboard,Week1,Chesterbrook,Week1,366.0 Chesterbrook - 36.0 Springboard
Springboard,Week4,Hollin Hills,Week3,255.0 Springboard - 145.0 Hollin Hills
Springboard,Week5,Cardinal Hill,Week1,321.0 Cardinal Hill - 81.0 Springboard
Springfield,Week3,Country Club Hills,Week5,356.0 Country Club Hills - 44.0 Springfield
Springboard,Week3,Country Club Hills,Week2,247.0 Country Club Hills - 155.0 Springboard
Springboard,Week5,Newington Forest,Week4,208.0 Springboard - 193.0 Newington Forest
Springboard,Week1,Country Club Hills,Week3,261.0 Country Club Hills - 140.0 Springboard
Springboard,Week5,Canterbury Woods,Week2,201.0 Canterbury Woods - 197.0 Springboard
Springboard,Week4,Cottontail,Week1,247.0 Cottontail - 155.0 Springboard
Springboard,Week2,Cardinal Hill,Week3,342.0 Cardinal Hill - 59.0 Springboard
Springboard,Week5,Cardinal Hill,Week2,299.0 Cardinal Hill - 102.0 Springboard
Springboard,Week4,Hollin Hills,Week5,244.0 Springboard - 151.0 Hollin Hills
Springboard,Week3,Newington Forest,Week4,203.0 Springboard - 198.0 Newington Forest
Springboard,Week2,Cardinal Hill,Week5,322.5 Cardinal Hill - 75.5 Springboard
Springboard,Week2,Country Club Hills,Week4,280.0 Country Club Hills - 122.0 Springboard
Springboard,Week1,North Springfield,Week2,239.0 Springboard - 147.0 North Springfield
Springboard,Week5,Cardinal Hill,Week3,313.0 Cardinal Hill - 88.0 Springboard
Springboard,Week2,North Springfield,Week3,211.0 Springboard - 184.0 North Springfield
Springboard,Week2,Hollin Meadows,Week4,301.0 Hollin Meadows - 101.0 Springboard
Springboard,Week5,Cardinal Hill,Week4,296.0 Cardinal Hill - 106.0 Springboard
Springboard,Week5,Canterbury Woods,Week3,229.0 Canterbury Woods - 172.0 Springboard
Springfield,Week2,Fox Mill Woods,Week1,383.0 Fox Mill Woods - 19.0 Springfield
Springboard,Week3,Hollin Hills,Week5,230.0 Springboard - 166.0 Hollin Hills
Springboard,Week1,Hollin Meadows,Week1,293.0 Hollin Meadows - 108.0 Springboard
Springboard,Week2,Country Club Hills,Week3,284.0 Country Club Hills - 117.0 Springboard
Springboard,Week5,Hollin Hills,Week4,244.0 Springboard - 148.0 Hollin Hills
Springboard,Week3,Cardinal Hill,Week2,301.0 Cardinal Hill - 100.0 Springboard
Springboard,Week4,Newington Forest,Week1,207.0 Springboard - 190.0 Newington Forest
Springboard,Week3,Cottontail,Week4,242.0 Cottontail - 159.0 Springboard
Springboard,Week3,Hollin Hills,Week1,245.0 Springboard - 155.0 Hollin Hills
Springboard,Week4,Newington Forest,Week4,202.0 Springboard - 195.0 Newington Forest
Springboard,Week2,Cardinal Hill,Week1,339.5 Cardinal Hill - 62.5 Springboard
South Run,Week4,Long Branch,Week1,231.0 South Run - 169.0 Long Branch
Springfield,Week3,Fox Mill Woods,Week1,373.0 Fox Mill Woods - 28.0 Springfield
Springboard,Week2,North Springfield,Week1,218.0 Springboard - 128.0 North Springfield
Springfield,Week5,Fox Mill Woods,Week5,380.0 Fox Mill Woods - 20.0 Springfield
Springboard,Week5,Hollin Hills,Week3,264.0 Springboard - 137.0 Hollin Hills
Springboard,Week5,Cardinal Hill,Week5,291.0 Cardinal Hill - 107.0 Springboard
Springboard,Week3,Cottontail,Week3,241.0 Cottontail - 161.0 Springboard
Springboard,Week2,North Springfield,Week4,218.0 Springboard - 164.0 North Springfield
Springboard,Week5,Newington Forest,Week2,222.0 Springboard - 171.0 Newington Forest
Springfield,Week5,Fox Mill Estates,Week5,361.0 Fox Mill Estates - 38.0 Springfield
Springboard,Week1,Cardinal Hill,Week5,307.0 Cardinal Hill - 91.0 Springboard
Springboard,Week2,Country Club Hills,Week5,301.0 Country Club Hills - 100.0 Springboard
Springboard,Week2,Country Club Hills,Week2,272.0 Country Club Hills - 130.0 Springboard
Springboard,Week3,Cottontail,Week1,256.0 Cottontail - 146.0 Springboard
Springboard,Week1,Cardinal Hill,Week4,307.0 Cardinal Hill - 95.0 Springboard
Springboard,Week3,North Springfield,Week2,241.0 Springboard - 141.0 North Springfield
Springboard,Week5,Cottontail,Week5,259.0 Cottontail - 142.0 Springboard
Springboard,Week1,Cardinal Hill,Week3,329.0 Cardinal Hill - 72.0 Springboard
Springboard,Week4,Hollin Hills,Week1,250.0 Springboard - 147.0 Hollin Hills
Springboard,Week3,North Springfield,Week4,245.0 Springboard - 146.0 North Springfield
Springfield,Week1,Fox Mill Woods,Week4,384.0 Fox Mill Woods - 17.0 Springfield
South Run,Week3,Long Branch,Week2,238.0 South Run - 163.0 Long Branch
Springboard,Week4,Hollin Hills,Week2,250.0 Springboard - 144.0 Hollin Hills
Springboard,Week4,Cottontail,Week4,239.0 Cottontail - 158.0 Springboard
South Run,Week1,Herndon,Week2,265.0 South Run - 128.0 Herndon
Springboard,Week2,Cardinal Hill,Week4,334.0 Cardinal Hill - 68.0 Springboard
Springboard,Week2,Hollin Hills,Week4,213.0 Springboard - 178.0 Hollin Hills
Springboard,Week3,Cardinal Hill,Week3,319.0 Cardinal Hill - 82.0 Springboard
South Run,Week4,Long Branch,Week2,223.0 South Run - 178.0 Long Branch
Springboard,Week5,Country Club Hills,Week3,254.0 Country Club Hills - 147.0 Springboard
Springfield,Week3,Fox Mill Woods,Week2,379.0 Fox Mill Woods - 22.0 Springfield
Springboard,Week2,North Springfield,Week2,219.0 Springboard - 167.0 North Springfield
Springboard,Week4,North Springfield,Week1,237.0 Springboard - 109.0 North Springfield
Springfield,Week5,Fox Mill Estates,Week4,366.0 Fox Mill Estates - 31.0 Springfield
Springboard,Week1,Hollin Meadows,Week4,274.0 Hollin Meadows - 128.0 Springboard
Springboard,Week3,Country Club Hills,Week1,254.0 Country Club Hills - 148.0 Springboard
Springboard,Week1,Country Club Hills,Week5,266.0 Country Club Hills - 135.0 Springboard
Springboard,Week3,Hollin Hills,Week2,261.0 Springboard - 135.0 Hollin Hills
Springboard,Week3,Cardinal Hill,Week1,324.0 Cardinal Hill - 78.0 Springboard
South Run,Week1,Mansion House,Week4,204.0 South Run - 189.0 Mansion House
Springboard,Week1,North Springfield,Week5,231.0 Springboard - 142.0 North Springfield
Springfield,Week1,Fox Mill Woods,Week2,381.0 Fox Mill Woods - 21.0 Springfield
Springfield,Week2,Fox Mill Woods,Week2,381.0 Fox Mill Woods - 21.0 Springfield
South Run,Week5,Long Branch,Week4,242.0 South Run - 160.0 Long Branch
Springboard,Week1,Crosspointe,Week4,325.0 Crosspointe - 77.0 Springboard
Springboard,Week5,Country Club Hills,Week4,244.0 Country Club Hills - 158.0 Springboard
Springboard,Week1,Crosspointe,Week3,318.0 Crosspointe - 84.0 Springboard
South Run,Week1,Long Branch,Week3,250.0 South Run - 143.0 Long Branch
Springboard,Week3,Crosspointe,Week2,327.0 Crosspointe - 75.0 Springboard
Springboard,Week4,Oakton ,Week4,327.0 Oakton - 75.0 Springboard
Springboard,Week4,Cardinal Hill,Week3,320.5 Cardinal Hill - 81.5 Springboard
Springboard,Week4,Crosspointe,Week3,312.5 Crosspointe - 89.5 Springboard
Springboard,Week3,Cardinal Hill,Week5,296.0 Cardinal Hill - 102.0 Springboard
Springfield,Week5,Fox Mill Estates,Week2,355.0 Fox Mill Estates - 43.0 Springfield
South Run,Week2,Herndon,Week2,261.5 South Run - 136.5 Herndon
South Run,Week4,Long Branch,Week3,250.0 South Run - 152.0 Long Branch
Springboard,Week3,Hollin Hills,Week3,258.0 Springboard - 142.0 Hollin Hills
Springboard,Week4,North Springfield,Week4,242.0 Springboard - 148.0 North Springfield
Springfield,Week5,Fox Mill Woods,Week1,381.0 Fox Mill Woods - 21.0 Springfield
South Run,Week5,Long Branch,Week5,252.0 South Run - 150.0 Long Branch
Springboard,Week5,Canterbury Woods,Week4,238.0 Canterbury Woods - 163.0 Springboard
Springboard,Week1,Cardinal Hill,Week1,332.0 Cardinal Hill - 70.0 Springboard
South Run,Week1,Mansion House,Week1,213.0 Mansion House - 180.0 South Run
South Run,Week5,Long Branch,Week3,281.0 South Run - 121.0 Long Branch
Springboard,Week4,Hollin Hills,Week4,252.0 Springboard - 140.0 Hollin Hills
Springfield,Week4,Fox Mill Woods,Week1,381.0 Fox Mill Woods - 21.0 Springfield
South Run,Week1,Long Branch,Week2,239.0 South Run - 153.0 Long Branch
Springboard,Week5,Oakton ,Week2,336.0 Oakton - 66.0 Springboard
Springboard,Week4,Cardinal Hill,Week4,305.0 Cardinal Hill - 97.0 Springboard
Springboard,Week3,Hollin Meadows,Week1,274.0 Hollin Meadows - 127.0 Springboard
South Run,Week3,Herndon,Week4,292.0 South Run - 109.0 Herndon
Springfield,Week2,Fox Mill Woods,Week5,380.0 Fox Mill Woods - 17.0 Springfield
Springboard,Week2,Oakton ,Week1,356.0 Oakton - 40.0 Springboard
Springboard,Week1,Crosspointe,Week2,321.0 Crosspointe - 81.0 Springboard
South Run,Week1,Herndon,Week3,278.0 South Run - 114.0 Herndon
South Run,Week2,Herndon,Week3,275.0 South Run - 119.0 Herndon
Springfield,Week2,Fox Mill Woods,Week3,380.0 Fox Mill Woods - 21.0 Springfield
Springboard,Week4,Oakton ,Week3,335.0 Oakton - 62.0 Springboard
Springboard,Week2,Hollin Meadows,Week5,303.0 Hollin Meadows - 99.0 Springboard
Springboard,Week3,Hollin Meadows,Week2,257.0 Hollin Meadows - 140.0 Springboard
Springfield,Week1,Fox Mill Woods,Week3,376.0 Fox Mill Woods - 25.0 Springfield
Springboard,Week4,Oakton ,Week2,336.0 Oakton - 66.0 Springboard
Springboard,Week3,Hollin Meadows,Week4,268.0 Hollin Meadows - 134.0 Springboard
Springfield,Week4,Fox Mill Woods,Week2,382.0 Fox Mill Woods - 20.0 Springfield
Springfield,Week3,Fox Mill Woods,Week5,382.0 Fox Mill Woods - 18.0 Springfield
Springboard,Week1,Chesterbrook,Week5,378.0 Chesterbrook - 23.0 Springboard
Springboard,Week2,Oakton ,Week4,366.0 Oakton - 35.0 Springboard
South Run,Week3,Herndon,Week1,294.0 South Run - 106.0 Herndon
South Run,Week4,Long Branch,Week4,209.0 South Run - 193.0 Long Branch
Springfield,Week1,Fox Mill Woods,Week1,381.0 Fox Mill Woods - 21.0 Springfield
Springboard,Week4,Holmes Run Acres,Week1,256.0 Holmes Run Acres - 146.0 Springboard
Springboard,Week5,Hollin Meadows,Week1,284.0 Hollin Meadows - 117.0 Springboard
Springboard,Week2,Chesterbrook,Week1,378.0 Chesterbrook - 19.0 Springboard
South Run,Week1,Herndon,Week5,276.0 South Run - 117.0 Herndon
Springboard,Week2,Holmes Run Acres,Week2,291.0 Holmes Run Acres - 111.0 Springboard
Springboard,Week3,Holmes Run Acres,Week1,285.0 Holmes Run Acres - 116.0 Springboard
Springboard,Week1,Oakton ,Week1,335.0 Oakton - 66.0 Springboard
Springfield,Week2,Fox Mill Woods,Week4,381.0 Fox Mill Woods - 21.0 Springfield
Springfield,Week1,Fox Mill Woods,Week5,378.0 Fox Mill Woods - 22.0 Springfield
Springboard,Week4,Country Club Hills,Week2,248.0 Country Club Hills - 154.0 Springboard
South Run,Week3,Long Branch,Week1,241.0 South Run - 160.0 Long Branch
Springboard,Week4,Cardinal Hill,Week5,299.0 Cardinal Hill - 102.0 Springboard
South Run,Week3,Long Branch,Week4,224.0 South Run - 178.0 Long Branch
Springboard,Week3,Oakton ,Week2,339.5 Oakton - 62.5 Springboard
Springboard,Week1,Chesterbrook,Week4,379.0 Chesterbrook - 23.0 Springboard
Springboard,Week5,North Springfield,Week5,223.0 Springboard - 151.0 North Springfield
Springboard,Week2,Chesterbrook,Week2,392.0 Chesterbrook - 10.0 Springboard
Springboard,Week4,Country Club Hills,Week4,242.0 Country Club Hills - 160.0 Springboard
South Run,Week2,Long Branch,Week5,223.0 South Run - 178.0 Long Branch
Springboard,Week5,Hollin Meadows,Week2,257.0 Hollin Meadows - 145.0 Springboard
Springboard,Week3,Country Club Hills,Week5,274.0 Country Club Hills - 127.0 Springboard
South Run,Week5,Long Branch,Week1,261.5 South Run - 140.5 Long Branch
Springboard,Week2,Crosspointe,Week3,343.0 Crosspointe - 54.0 Springboard
Springboard,Week2,Crosspointe,Week5,356.0 Crosspointe - 45.0 Springboard
Springboard,Week3,Chesterbrook,Week5,385.0 Chesterbrook - 16.0 Springboard
Springboard,Week3,Crosspointe,Week1,334.0 Crosspointe - 68.0 Springboard
Springboard,Week1,Holmes Run Acres,Week3,304.0 Holmes Run Acres - 96.0 Springboard
Springboard,Week3,Oakton ,Week5,351.0 Oakton - 51.0 Springboard
Springboard,Week2,Crosspointe,Week4,341.0 Crosspointe - 61.0 Springboard
Springboard,Week1,Oakton ,Week2,348.0 Oakton - 54.0 Springboard
Springboard,Week5,Hollin Meadows,Week5,277.0 Hollin Meadows - 125.0 Springboard
South Run,Week1,Long Branch,Week5,227.0 South Run - 165.0 Long Branch
Springboard,Week5,Chesterbrook,Week4,380.5 Chesterbrook - 21.5 Springboard
Springboard,Week3,Crosspointe,Week3,331.0 Crosspointe - 66.0 Springboard
Springboard,Week2,Old Keene Mill,Week4,233.0 Old Keene Mill - 169.0 Springboard
South Run,Week3,Herndon,Week2,299.0 South Run - 102.0 Herndon
Springfield,Week4,Fox Mill Woods,Week3,377.0 Fox Mill Woods - 24.0 Springfield
Springfield,Week5,Fox Mill Estates,Week3,357.0 Fox Mill Estates - 42.0 Springfield
South Run,Week4,Herndon,Week2,270.0 South Run - 127.0 Herndon
Springboard,Week3,Holmes Run Acres,Week3,320.0 Holmes Run Acres - 81.0 Springboard
Springboard,Week1,Old Keene Mill,Week5,227.5 Old Keene Mill - 174.5 Springboard
South Run,Week1,Long Branch,Week4,227.0 South Run - 166.0 Long Branch
Springfield,Week3,Fox Mill Woods,Week3,374.0 Fox Mill Woods - 27.0 Springfield
South Run,Week3,Herndon,Week5,301.0 South Run - 100.0 Herndon
Springboard,Week2,Crosspointe,Week2,335.0 Crosspointe - 67.0 Springboard
Springboard,Week2,Holmes Run Acres,Week1,291.0 Holmes Run Acres - 109.0 Springboard
Springboard,Week1,Oakton ,Week3,349.0 Oakton - 53.0 Springboard
Springboard,Week1,Chesterbrook,Week3,380.0 Chesterbrook - 22.0 Springboard
South Run,Week4,Herndon,Week1,284.0 South Run - 111.0 Herndon
Springboard,Week3,Chesterbrook,Week3,387.0 Chesterbrook - 15.0 Springboard
South Run,Week5,Little Rocky Run,Week5,271.0 Little Rocky Run - 131.0 South Run
Springfield,Week3,Fox Mill Woods,Week4,382.0 Fox Mill Woods - 20.0 Springfield
South Run,Week1,Long Branch,Week1,244.0 South Run - 148.0 Long Branch
South Run,Week3,Long Branch,Week3,258.0 South Run - 144.0 Long Branch
Springfield,Week4,Fox Mill Woods,Week5,377.0 Fox Mill Woods - 23.0 Springfield
South Run,Week2,Long Branch,Week3,242.5 South Run - 159.5 Long Branch
South Run,Week2,Herndon,Week1,283.0 South Run - 112.0 Herndon
South Run,Week4,Herndon,Week3,280.0 South Run - 119.0 Herndon
Springboard,Week1,Commonwealth,Week3,244.0 Commonwealth - 156.0 Springboard
Springboard,Week2,Oakton ,Week3,364.5 Oakton - 32.5 Springboard
South Run,Week3,Long Branch,Week5,215.0 South Run - 186.0 Long Branch
Springboard,Week4,Hollin Meadows,Week4,268.0 Hollin Meadows - 134.0 Springboard
South Run,Week2,Long Branch,Week2,224.0 South Run - 172.0 Long Branch
Springboard,Week1,Commonwealth,Week5,237.0 Commonwealth - 164.0 Springboard
Springboard,Week4,Crosspointe,Week1,329.5 Crosspointe - 72.5 Springboard
Springboard,Week4,Commonwealth,Week2,250.0 Commonwealth - 151.0 Springboard
Springboard,Week3,Oakton ,Week1,333.0 Oakton - 68.0 Springboard
Springfield,Week5,Fox Mill Woods,Week2,385.0 Fox Mill Woods - 17.0 Springfield
Springboard,Week3,Commonwealth,Week1,203.0 Springboard - 193.0 Commonwealth
Springboard,Week2,Commonwealth,Week1,227.0 Commonwealth - 162.0 Springboard
Springfield,Week4,Fox Mill Woods,Week4,382.0 Fox Mill Woods - 20.0 Springfield
Springboard,Week3,Country Club Hills,Week4,253.0 Country Club Hills - 149.0 Springboard
Springboard,Week4,Crosspointe,Week2,317.5 Crosspointe - 84.5 Springboard
Springboard,Week2,Oakton ,Week2,370.0 Oakton - 27.0 Springboard
South Run,Week4,Long Branch,Week5,216.0 South Run - 185.0 Long Branch
Springboard,Week1,Oakton ,Week4,340.0 Oakton - 61.0 Springboard
Springboard,Week3,Oakton ,Week4,336.5 Oakton - 64.5 Springboard
Springboard,Week1,Crosspointe,Week5,342.0 Crosspointe - 59.0 Springboard
Springboard,Week4,Holmes Run Acres,Week5,299.0 Holmes Run Acres - 103.0 Springboard
Springboard,Week4,Oakton ,Week1,317.0 Oakton - 80.0 Springboard
Springboard,Week2,Holmes Run Acres,Week4,298.0 Holmes Run Acres - 102.0 Springboard
South Run,Week2,Long Branch,Week1,230.0 South Run - 170.0 Long Branch
Springboard,Week3,Crosspointe,Week4,325.0 Crosspointe - 77.0 Springboard
South Run,Week1,Herndon,Week4,282.0 South Run - 111.0 Herndon
Springboard,Week3,Commonwealth,Week2,258.0 Commonwealth - 144.0 Springboard
Springboard,Week1,Holmes Run Acres,Week2,262.0 Holmes Run Acres - 139.0 Springboard
South Run,Week2,Long Branch,Week4,218.0 South Run - 184.0 Long Branch
Springfield,Week5,Fox Mill Woods,Week4,388.0 Fox Mill Woods - 13.0 Springfield
Springboard,Week4,Holmes Run Acres,Week4,267.0 Holmes Run Acres - 135.0 Springboard
Springboard,Week1,Crosspointe,Week1,326.0 Crosspointe - 76.0 Springboard
Springfield,Week5,Fox Mill Woods,Week3,381.0 Fox Mill Woods - 19.0 Springfield
Springboard,Week4,Hollin Meadows,Week3,271.0 Hollin Meadows - 131.0 Springboard
Springboard,Week2,Commonwealth,Week4,257.5 Commonwealth - 138.5 Springboard
Springboard,Week5,North Springfield,Week4,264.0 Springboard - 127.0 North Springfield
Springboard,Week1,Holmes Run Acres,Week1,270.5 Holmes Run Acres - 129.5 Springboard
Springboard,Week4,Commonwealth,Week4,231.0 Commonwealth - 171.0 Springboard
Springboard,Week5,Chesterbrook,Week5,377.0 Chesterbrook - 24.0 Springboard
Springboard,Week5,Country Club Hills,Week5,251.0 Country Club Hills - 150.0 Springboard
Springboard,Week5,Chesterbrook,Week3,381.0 Chesterbrook - 21.0 Springboard
Springboard,Week5,North Springfield,Week1,246.0 Springboard - 103.0 North Springfield
Springboard,Week1,Oakton ,Week5,355.0 Oakton - 47.0 Springboard
South Run,Week1,Mantua,Week2,218.0 Mantua - 175.0 South Run
Springboard,Week2,Oakton ,Week5,368.0 Oakton - 29.0 Springboard
South Run,Week1,Mansion House,Week3,226.0 Mansion House - 167.0 South Run
South Run,Week3,Herndon,Week3,296.0 South Run - 105.0 Herndon
South Run,Week1,Mansion House,Week2,205.0 Mansion House - 187.0 South Run
South Run,Week1,Herndon,Week1,283.0 South Run - 108.0 Herndon
Springboard,Week4,Hollin Meadows,Week2,264.0 Hollin Meadows - 138.0 Springboard
Springboard,Week4,Chesterbrook,Week4,383.0 Chesterbrook - 19.0 Springboard
Springboard,Week4,Hollin Meadows,Week1,292.0 Hollin Meadows - 109.0 Springboard
Springboard,Week5,Hollin Meadows,Week3,261.0 Hollin Meadows - 140.0 Springboard
Springboard,Week5,Country Club Hills,Week2,238.0 Country Club Hills - 164.0 Springboard
South Run,Week5,Long Branch,Week2,262.5 South Run - 139.5 Long Branch
Springboard,Week4,Country Club Hills,Week1,255.0 Country Club Hills - 147.0 Springboard
South Run,Week2,Herndon,Week5,263.0 South Run - 135.0 Herndon
Springboard,Week4,Country Club Hills,Week5,265.0 Country Club Hills - 137.0 Springboard
Springboard,Week5,Hollin Meadows,Week4,259.0 Hollin Meadows - 143.0 Springboard
Springboard,Week4,Country Club Hills,Week3,246.0 Country Club Hills - 156.0 Springboard
South Run,Week1,Mantua,Week5,238.0 Mantua - 155.0 South Run
Springboard,Week2,Holmes Run Acres,Week5,327.0 Holmes Run Acres - 75.0 Springboard
Springboard,Week5,Country Club Hills,Week1,264.0 Country Club Hills - 138.0 Springboard
Springboard,Week5,North Springfield,Week2,246.0 Springboard - 141.0 North Springfield
Springboard,Week2,Chesterbrook,Week3,397.0 Chesterbrook - 5.0 Springboard
South Run,Week2,Herndon,Week4,272.0 South Run - 126.0 Herndon
South Run,Week1,Sully Station II,Week3,248.0 Sully Station II - 145.0 South Run
Springboard,Week3,Commonwealth,Week3,243.0 Commonwealth - 158.0 Springboard
Springboard,Week4,Crosspointe,Week4,321.0 Crosspointe - 81.0 Springboard
South Run,Week3,Mansion House,Week1,227.0 Mansion House - 175.0 South Run
Springboard,Week4,Crosspointe,Week5,329.0 Crosspointe - 73.0 Springboard
Springboard,Week2,Crosspointe,Week1,352.0 Crosspointe - 50.0 Springboard
Springboard,Week1,Holmes Run Acres,Week4,276.0 Holmes Run Acres - 124.0 Springboard
Springboard,Week3,Oakton ,Week3,337.0 Oakton - 65.0 Springboard
Springboard,Week4,Chesterbrook,Week1,370.0 Chesterbrook - 32.0 Springboard
Springboard,Week5,Crosspointe,Week1,336.0 Crosspointe - 66.0 Springboard
Springboard,Week2,Commonwealth,Week3,276.0 Commonwealth - 125.0 Springboard
South Run,Week4,Sully Station,Week5,272.0 Sully Station - 130.0 South Run
Springboard,Week5,North Springfield,Week3,246.0 Springboard - 149.0 North Springfield
Springboard,Week1,Commonwealth,Week1,214.0 Springboard - 185.0 Commonwealth
South Run,Week2,Mantua,Week3,267.0 Mantua - 135.0 South Run
South Run,Week1,Mantua,Week3,240.0 Mantua - 153.0 South Run
Springboard,Week1,Holmes Run Acres,Week5,314.0 Holmes Run Acres - 88.0 Springboard
Springboard,Week3,Crosspointe,Week5,347.0 Crosspointe - 54.0 Springboard
Springboard,Week4,Oakton ,Week5,348.0 Oakton - 54.0 Springboard
South Run,Week2,Mansion House,Week5,237.0 Mansion House - 165.0 South Run
South Run,Week4,Sully Station,Week4,274.0 Sully Station - 127.0 South Run
Springboard,Week2,Holmes Run Acres,Week3,330.0 Holmes Run Acres - 71.0 Springboard
Springboard,Week5,Oakton ,Week3,330.0 Oakton - 72.0 Springboard
Springboard,Week4,Chesterbrook,Week5,377.0 Chesterbrook - 25.0 Springboard
Springboard,Week3,Holmes Run Acres,Week2,279.0 Holmes Run Acres - 123.0 Springboard
South Run,Week2,Sully Station II,Week4,236.0 Sully Station II - 166.0 South Run
Springboard,Week5,Oakton ,Week1,308.0 Oakton - 93.0 Springboard
South Run,Week4,Mansion House,Week2,228.5 Mansion House - 167.5 South Run
Springboard,Week3,Holmes Run Acres,Week4,293.0 Holmes Run Acres - 108.0 Springboard
Springboard,Week3,Chesterbrook,Week1,370.0 Chesterbrook - 32.0 Springboard
Springboard,Week5,Oakton ,Week4,337.0 Oakton - 64.0 Springboard
Springboard,Week1,Old Keene Mill,Week4,207.0 Springboard - 194.0 Old Keene Mill
South Run,Week5,Sully Station,Week1,260.0 Sully Station - 142.0 South Run
Springboard,Week4,Holmes Run Acres,Week3,293.0 Holmes Run Acres - 109.0 Springboard
South Run,Week5,Sully Station,Week5,262.0 Sully Station - 140.0 South Run
Springboard,Week5,Crosspointe,Week4,323.0 Crosspointe - 79.0 Springboard
South Run,Week4,Sully Station,Week1,260.0 Sully Station - 138.0 South Run
South Run,Week5,Mansion House,Week3,226.0 Mansion House - 176.0 South Run
Springboard,Week1,Old Keene Mill,Week3,232.5 Old Keene Mill - 169.5 Springboard
Springboard,Week4,Daventry,Week2,231.0 Springboard - 167.0 Daventry
Springboard,Week3,Chesterbrook,Week2,382.0 Chesterbrook - 20.0 Springboard
Springboard,Week3,Holmes Run Acres,Week5,315.0 Holmes Run Acres - 82.0 Springboard
Springboard,Week5,Crosspointe,Week2,315.0 Crosspointe - 87.0 Springboard
South Run,Week3,Mansion House,Week4,215.0 Mansion House - 187.0 South Run
Springboard,Week4,Hollin Meadows,Week5,278.0 Hollin Meadows - 124.0 Springboard
South Run,Week3,Mansion House,Week3,242.5 Mansion House - 159.5 South Run
South Run,Week5,Mansion House,Week1,220.0 Mansion House - 182.0 South Run
Springboard,Week4,Chesterbrook,Week2,380.0 Chesterbrook - 22.0 Springboard
Springboard,Week1,Daventry,Week4,226.0 Springboard - 172.0 Daventry
Springboard,Week5,Daventry,Week3,229.0 Springboard - 169.0 Daventry
Springboard,Week1,Old Keene Mill,Week2,209.0 Old Keene Mill - 193.0 Springboard
South Run,Week4,Mansion House,Week4,216.0 Mansion House - 185.0 South Run
Springboard,Week1,Old Keene Mill,Week1,215.0 Springboard - 185.0 Old Keene Mill
Springboard,Week5,Holmes Run Acres,Week2,243.0 Holmes Run Acres - 159.0 Springboard
Springboard,Week5,Crosspointe,Week3,317.0 Crosspointe - 85.0 Springboard
South Run,Week4,Sully Station II,Week1,242.0 Sully Station II - 156.0 South Run
Springboard,Week5,Oakton ,Week5,350.0 Oakton - 52.0 Springboard
South Run,Week2,Mansion House,Week3,243.0 Mansion House - 159.0 South Run
South Run,Week2,Sully Station II,Week5,283.0 Sully Station II - 119.0 South Run
South Run,Week3,Sully Station II,Week4,230.0 Sully Station II - 172.0 South Run
Springboard,Week3,Daventry,Week4,231.0 Springboard - 167.0 Daventry
Springboard,Week4,Holmes Run Acres,Week2,251.0 Holmes Run Acres - 151.0 Springboard
Springboard,Week2,Old Keene Mill,Week1,228.0 Old Keene Mill - 173.0 Springboard
Springboard,Week5,Holmes Run Acres,Week1,252.0 Holmes Run Acres - 149.0 Springboard
Springboard,Week2,Chesterbrook,Week5,394.0 Chesterbrook - 7.0 Springboard
Springboard,Week3,Chesterbrook,Week4,383.0 Chesterbrook - 19.0 Springboard
Springboard,Week2,Chesterbrook,Week4,391.0 Chesterbrook - 11.0 Springboard
South Run,Week2,Mansion House,Week2,229.0 Mansion House - 172.0 South Run
Springboard,Week5,Chesterbrook,Week2,379.0 Chesterbrook - 23.0 Springboard
Springboard,Week1,Commonwealth,Week2,243.0 Commonwealth - 159.0 Springboard
Springboard,Week2,Hunt Valley,Week3,370.0 Hunt Valley - 32.0 Springboard
Springboard,Week4,Old Keene Mill,Week3,208.0 Old Keene Mill - 194.0 Springboard
South Run,Week2,Sully Station II,Week1,242.0 Sully Station II - 156.0 South Run
Springboard,Week4,Chesterbrook,Week3,383.0 Chesterbrook - 19.0 Springboard
South Run,Week1,Sully Station II,Week5,261.0 Sully Station II - 132.0 South Run
Springboard,Week3,Daventry,Week1,233.0 Springboard - 168.0 Daventry
South Run,Week1,Mansion House,Week5,212.0 Mansion House - 181.0 South Run
Springboard,Week5,Holmes Run Acres,Week4,258.0 Holmes Run Acres - 143.0 Springboard
Springboard,Week2,Hunt Valley,Week1,358.0 Hunt Valley - 39.0 Springboard
South Run,Week3,Mansion House,Week2,220.0 Mansion House - 181.0 South Run
Springboard,Week3,Old Keene Mill,Week4,211.0 Springboard - 191.0 Old Keene Mill
Springboard,Week2,Old Keene Mill,Week3,250.0 Old Keene Mill - 152.0 Springboard
South Run,Week5,Sully Station,Week2,251.0 Sully Station - 151.0 South Run
Springboard,Week5,Crosspointe,Week5,341.0 Crosspointe - 60.0 Springboard
Springboard,Week3,Hunt Valley,Week2,330.0 Hunt Valley - 72.0 Springboard
Springboard,Week2,Old Keene Mill,Week2,243.0 Old Keene Mill - 159.0 Springboard
Springboard,Week4,Hunt Valley,Week3,339.0 Hunt Valley - 63.0 Springboard
Springboard,Week2,Daventry,Week3,212.0 Springboard - 184.0 Daventry
Springboard,Week5,Chesterbrook,Week1,365.5 Chesterbrook - 36.5 Springboard
Springboard,Week3,Old Keene Mill,Week2,204.0 Springboard - 198.0 Old Keene Mill
Springboard,Week5,Daventry,Week2,239.0 Springboard - 154.0 Daventry
Springboard,Week2,Daventry,Week4,206.0 Springboard - 192.0 Daventry
Springboard,Week1,Commonwealth,Week4,220.0 Commonwealth - 181.0 Springboard
South Run,Week4,Mansion House,Week3,249.0 Mansion House - 153.0 South Run
South Run,Week3,Sully Station,Week3,262.0 Sully Station - 139.0 South Run
South Run,Week4,Mansion House,Week1,238.0 Mansion House - 164.0 South Run
South Run,Week2,Mantua,Week1,247.0 Mantua - 155.0 South Run
South Run,Week4,Sully Station,Week2,266.0 Sully Station - 135.0 South Run
Springboard,Week2,Commonwealth,Week2,291.0 Commonwealth - 110.0 Springboard
South Run,Week2,Sully Station II,Week2,265.0 Sully Station II - 136.0 South Run
South Run,Week2,Mansion House,Week1,235.5 Mansion House - 166.5 South Run
Springboard,Week3,Commonwealth,Week4,226.0 Commonwealth - 175.0 Springboard
Springboard,Week3,Commonwealth,Week5,243.0 Commonwealth - 158.0 Springboard
Springboard,Week4,Old Keene Mill,Week2,204.0 Springboard - 198.0 Old Keene Mill
South Run,Week2,Mansion House,Week4,211.0 Mansion House - 191.0 South Run
South Run,Week3,Mansion House,Week5,231.0 Mansion House - 171.0 South Run
Springboard,Week5,Old Keene Mill,Week4,224.0 Springboard - 178.0 Old Keene Mill
Springboard,Week2,Dominion Hills,Week5,325.0 Dominion Hills - 76.0 Springboard
Springboard,Week4,Hunt Valley,Week1,324.0 Hunt Valley - 78.0 Springboard
South Run,Week2,Sully Station II,Week3,278.0 Sully Station II - 124.0 South Run
South Run,Week4,Mansion House,Week5,243.0 Mansion House - 159.0 South Run
Springboard,Week1,Daventry,Week5,202.0 Springboard - 195.0 Daventry
South Run,Week4,Sully Station,Week3,265.0 Sully Station - 133.0 South Run
Springboard,Week5,Holmes Run Acres,Week5,303.0 Holmes Run Acres - 99.0 Springboard
Springboard,Week2,Orange Hunt,Week2,307.0 Orange Hunt - 94.0 Springboard
Springboard,Week1,Orange Hunt,Week4,282.0 Orange Hunt - 119.0 Springboard
Springboard,Week3,Dominion Hills,Week2,289.0 Dominion Hills - 113.0 Springboard
Springboard,Week2,Daventry,Week2,201.0 Springboard - 190.0 Daventry
Springboard,Week4,Commonwealth,Week3,245.5 Commonwealth - 155.5 Springboard
South Run,Week5,Mansion House,Week2,201.0 Mansion House - 201.0 South Run
Springboard,Week3,Hunt Valley,Week1,320.0 Hunt Valley - 82.0 Springboard
South Run,Week3,Sully Station,Week4,263.0 Sully Station - 139.0 South Run
Springboard,Week2,Commonwealth,Week5,283.0 Commonwealth - 118.0 Springboard
Springboard,Week4,Commonwealth,Week1,202.0 Springboard - 194.0 Commonwealth
Springboard,Week1,Hunt Valley,Week5,353.0 Hunt Valley - 49.0 Springboard
South Run,Week3,Sully Station,Week1,262.5 Sully Station - 138.5 South Run
Springboard,Week5,Holmes Run Acres,Week3,288.0 Holmes Run Acres - 113.0 Springboard
South Run,Week4,Hunter Mill,Week3,253.0 Hunter Mill - 148.0 South Run
Springboard,Week5,Old Keene Mill,Week2,205.0 Springboard - 197.0 Old Keene Mill
Springboard,Week2,Hunt Valley,Week4,360.0 Hunt Valley - 42.0 Springboard
Springboard,Week1,Daventry,Week2,220.0 Springboard - 172.0 Daventry
South Run,Week1,Sully Station II,Week2,243.0 Sully Station II - 150.0 South Run
Springboard,Week5,Commonwealth,Week1,212.0 Springboard - 190.0 Commonwealth
Springboard,Week5,Commonwealth,Week5,239.0 Commonwealth - 163.0 Springboard
Springboard,Week2,Daventry,Week1,211.0 Springboard - 189.0 Daventry
Springboard,Week5,Commonwealth,Week2,247.0 Commonwealth - 155.0 Springboard
South Run,Week5,Mansion House,Week4,214.0 South Run - 188.0 Mansion House
South Run,Week5,Sully Station,Week3,252.0 Sully Station - 150.0 South Run
South Run,Week3,Sully Station,Week2,258.0 Sully Station - 144.0 South Run
South Run,Week1,Ilda Community,Week2,257.0 South Run - 136.0 Ilda Community
Springboard,Week4,Old Keene Mill,Week5,210.5 Old Keene Mill - 191.5 Springboard
South Run,Week1,Ilda Community,Week4,243.0 South Run - 150.0 Ilda Community
South Run,Week1,Mantua,Week1,216.0 Mantua - 177.0 South Run
South Run,Week5,Hunter Mill,Week2,233.0 Hunter Mill - 169.0 South Run
Springboard,Week1,Daventry,Week3,235.0 Springboard - 161.0 Daventry
Springboard,Week5,Hunt Valley,Week3,334.0 Hunt Valley - 68.0 Springboard
Springboard,Week3,Old Keene Mill,Week5,207.0 Old Keene Mill - 195.0 Springboard
Springboard,Week1,Hunt Valley,Week2,336.0 Hunt Valley - 66.0 Springboard
Springboard,Week2,Hunter Mill,Week1,322.0 Hunter Mill - 75.0 Springboard
Springboard,Week3,Old Keene Mill,Week1,225.0 Springboard - 176.0 Old Keene Mill
Springboard,Week4,Daventry,Week4,217.0 Springboard - 184.0 Daventry
South Run,Week5,Mansion House,Week5,221.0 Mansion House - 181.0 South Run
Springboard,Week1,Cottontail,Week1,253.0 Cottontail - 149.0 Springboard
Springboard,Week5,Old Keene Mill,Week5,208.0 Old Keene Mill - 194.0 Springboard
Springboard,Week1,Orange Hunt,Week1,291.0 Orange Hunt - 110.0 Springboard
South Run,Week2,Sully Station,Week4,265.0 Sully Station - 136.0 South Run
Springboard,Week1,Orange Hunt,Week5,305.0 Orange Hunt - 97.0 Springboard
South Run,Week5,Hunter Mill,Week5,252.0 Hunter Mill - 150.0 South Run
Springboard,Week3,Hunt Valley,Week4,332.0 Hunt Valley - 70.0 Springboard
South Run,Week2,Mantua,Week2,243.0 Mantua - 154.0 South Run
Springboard,Week3,Daventry,Week2,231.0 Springboard - 161.0 Daventry
South Run,Week4,Hunter Mill,Week4,274.0 Hunter Mill - 128.0 South Run
South Run,Week3,Sully Station,Week5,270.0 Sully Station - 132.0 South Run
Springboard,Week2,Daventry,Week5,217.0 Daventry - 169.0 Springboard
Springboard,Week1,Hunt Valley,Week4,341.0 Hunt Valley - 61.0 Springboard
South Run,Week5,Sully Station,Week4,263.0 Sully Station - 139.0 South Run
Springboard,Week1,Cottontail,Week2,255.0 Cottontail - 147.0 Springboard
South Run,Week4,Hunter Mill,Week2,254.0 Hunter Mill - 144.0 South Run
South Run,Week1,Mantua,Week4,232.0 Mantua - 161.0 South Run
South Run,Week1,Sully Station II,Week1,220.0 Sully Station II - 173.0 South Run
South Run,Week1,Sully Station II,Week4,218.0 Sully Station II - 175.0 South Run
Springboard,Week1,Cottontail,Week4,250.0 Cottontail - 151.0 Springboard
Springboard,Week2,Old Keene Mill,Week5,241.0 Old Keene Mill - 161.0 Springboard
South Run,Week3,Sully Station II,Week1,224.0 Sully Station II - 177.0 South Run
Springboard,Week3,Daventry,Week5,219.0 Springboard - 179.0 Daventry
South Run,Week3,Mantua,Week1,242.0 Mantua - 160.0 South Run
Springboard,Week3,Hunt Valley,Week5,345.0 Hunt Valley - 57.0 Springboard
Springboard,Week1,Cottontail,Week3,239.0 Cottontail - 163.0 Springboard
Springboard,Week2,Cottontail,Week2,266.0 Cottontail - 136.0 Springboard
Springboard,Week5,Old Keene Mill,Week1,226.0 Springboard - 175.0 Old Keene Mill
Springboard,Week1,Hunt Valley,Week1,328.0 Hunt Valley - 74.0 Springboard
South Run,Week2,Mantua,Week4,257.0 Mantua - 145.0 South Run
South Run,Week2,Ilda Community,Week2,251.0 South Run - 151.0 Ilda Community
South Run,Week1,Ilda Community,Week5,249.0 South Run - 142.0 Ilda Community
Springboard,Week1,Cottontail,Week5,264.0 Cottontail - 137.0 Springboard
South Run,Week2,Ilda Community,Week1,248.0 South Run - 154.0 Ilda Community
Springboard,Week3,Old Keene Mill,Week3,217.0 Old Keene Mill - 185.0 Springboard
Springboard,Week2,Hunt Valley,Week2,365.0 Hunt Valley - 37.0 Springboard
South Run,Week3,Mantua,Week3,275.0 Mantua - 127.0 South Run
South Run,Week3,Mantua,Week2,246.0 Mantua - 156.0 South Run
Springboard,Week4,Daventry,Week1,234.0 Springboard - 162.0 Daventry
South Run,Week2,Sully Station,Week5,273.0 Sully Station - 129.0 South Run
Springboard,Week4,Daventry,Week3,235.0 Springboard - 166.0 Daventry
South Run,Week2,Mantua,Week5,266.0 Mantua - 136.0 South Run
Springboard,Week4,Daventry,Week5,199.0 Springboard - 197.0 Daventry
Springboard,Week1,Dominion Hills,Week4,302.0 Dominion Hills - 100.0 Springboard
South Run,Week3,Hunter Mill,Week1,253.0 Hunter Mill - 149.0 South Run
Springboard,Week4,Hunt Valley,Week4,332.0 Hunt Valley - 70.0 Springboard
Springboard,Week1,Orange Hunt,Week3,284.0 Orange Hunt - 117.0 Springboard
Springboard,Week2,Cottontail,Week1,283.0 Cottontail - 119.0 Springboard
Springboard,Week4,Old Keene Mill,Week1,209.0 Springboard - 193.0 Old Keene Mill
Springboard,Week2,Hunt Valley,Week5,372.0 Hunt Valley - 30.0 Springboard
Springboard,Week4,Old Keene Mill,Week4,223.5 Springboard - 178.5 Old Keene Mill
Springboard,Week2,Orange Hunt,Week3,306.0 Orange Hunt - 95.0 Springboard
Springboard,Week5,Daventry,Week1,241.0 Springboard - 160.0 Daventry
Springboard,Week4,Hunt Valley,Week2,333.0 Hunt Valley - 69.0 Springboard
Springboard,Week5,Commonwealth,Week4,220.0 Commonwealth - 182.0 Springboard
South Run,Week1,Ilda Community,Week3,262.0 South Run - 131.0 Ilda Community
South Run,Week5,Hunter Mill,Week4,243.0 Hunter Mill - 159.0 South Run
South Run,Week4,Mantua,Week1,250.0 Mantua - 151.0 South Run
Springboard,Week4,Commonwealth,Week5,242.0 Commonwealth - 160.0 Springboard
Springboard,Week1,Dominion Hills,Week2,297.0 Dominion Hills - 105.0 Springboard
South Run,Week5,Sully Station II,Week1,215.0 Sully Station II - 187.0 South Run
South Run,Week4,Hunter Mill,Week1,248.0 Hunter Mill - 154.0 South Run
Springboard,Week2,Cottontail,Week4,261.0 Cottontail - 140.0 Springboard
South Run,Week5,Sully Station II,Week3,264.0 Sully Station II - 138.0 South Run
South Run,Week5,Hunter Mill,Week1,229.0 Hunter Mill - 173.0 South Run
South Run,Week3,McLean,Week5,295.0 McLean - 107.0 South Run
Springboard,Week5,Old Keene Mill,Week3,208.0 Old Keene Mill - 194.0 Springboard
South Run,Week2,McLean,Week1,295.0 McLean - 107.0 South Run
South Run,Week3,Sully Station II,Week3,278.0 Sully Station II - 124.0 South Run
South Run,Week3,Sully Station II,Week2,256.0 Sully Station II - 146.0 South Run
Springboard,Week1,Hunt Valley,Week3,347.0 Hunt Valley - 55.0 Springboard
South Run,Week3,Sully Station II,Week5,283.0 Sully Station II - 119.0 South Run
Springboard,Week3,Hunt Valley,Week3,326.0 Hunt Valley - 76.0 Springboard
Springboard,Week5,Commonwealth,Week3,233.0 Commonwealth - 168.0 Springboard
Springboard,Week1,Daventry,Week1,224.0 Springboard - 176.0 Daventry
Springboard,Week3,Daventry,Week3,234.5 Springboard - 157.5 Daventry
South Run,Week4,McLean,Week2,291.0 McLean - 111.0 South Run
South Run,Week3,Truro,Week4,235.0 South Run - 167.0 Truro
South Run,Week4,Truro,Week3,245.0 South Run - 157.0 Truro
Springboard,Week1,Dominion Hills,Week5,302.0 Dominion Hills - 99.0 Springboard
Springboard,Week1,Orange Hunt,Week2,290.0 Orange Hunt - 111.0 Springboard
Springboard,Week1,Hunter Mill,Week4,308.0 Hunter Mill - 94.0 Springboard
Springboard,Week1,Dominion Hills,Week1,263.0 Dominion Hills - 138.0 Springboard
Springboard,Week2,Lakeview,Week3,211.0 Lakeview - 190.0 Springboard
South Run,Week5,Mantua,Week5,247.0 Mantua - 155.0 South Run
Springboard,Week2,Dominion Hills,Week1,297.0 Dominion Hills - 104.0 Springboard
South Run,Week4,Mantua,Week2,239.0 Mantua - 163.0 South Run
South Run,Week4,Hunter Mill,Week5,272.0 Hunter Mill - 130.0 South Run
Springboard,Week1,Dominion Hills,Week3,276.5 Dominion Hills - 125.5 Springboard
Springboard,Week3,Lakeview,Week1,251.0 Springboard - 150.0 Lakeview
South Run,Week3,Mantua,Week4,250.0 Mantua - 152.0 South Run
South Run,Week4,Mantua,Week5,267.0 Mantua - 135.0 South Run
South Run,Week2,Hunter Mill,Week2,245.0 Hunter Mill - 153.0 South Run
Springboard,Week5,Lakeview,Week1,251.0 Springboard - 150.0 Lakeview
Springboard,Week2,Cottontail,Week3,255.0 Cottontail - 147.0 Springboard
Springboard,Week5,Hunt Valley,Week1,322.0 Hunt Valley - 80.0 Springboard
South Run,Week2,Truro,Week2,255.0 South Run - 146.0 Truro
Springboard,Week4,Hunt Valley,Week5,345.0 Hunt Valley - 57.0 Springboard
South Run,Week2,McLean,Week3,289.0 McLean - 113.0 South Run
Springboard,Week1,Hunter Mill,Week3,307.0 Hunter Mill - 95.0 Springboard
South Run,Week3,Mantua,Week5,256.0 Mantua - 146.0 South Run
Springboard,Week5,Hunt Valley,Week2,331.0 Hunt Valley - 71.0 Springboard
South Run,Week4,Truro,Week4,223.0 South Run - 178.0 Truro
Springboard,Week2,Dominion Hills,Week2,317.5 Dominion Hills - 84.5 Springboard
South Run,Week2,Hunter Mill,Week3,261.0 Hunter Mill - 140.0 South Run
Springboard,Week1,Hunter Mill,Week2,291.0 Hunter Mill - 111.0 Springboard
Springboard,Week2,Orange Hunt,Week1,311.0 Orange Hunt - 90.0 Springboard
Springboard,Week2,Cottontail,Week5,279.0 Cottontail - 122.0 Springboard
Springboard,Week2,Orange Hunt,Week4,296.0 Orange Hunt - 100.0 Springboard
Springboard,Week5,Hunt Valley,Week4,330.0 Hunt Valley - 72.0 Springboard
South Run,Week4,Truro,Week1,248.0 South Run - 153.0 Truro
Springboard,Week1,Lakeview,Week1,239.0 Springboard - 162.0 Lakeview
South Run,Week3,Truro,Week5,246.0 South Run - 155.0 Truro
South Run,Week3,Hunter Mill,Week2,237.0 Hunter Mill - 164.0 South Run
South Run,Week5,Hunter Mill,Week3,249.0 Hunter Mill - 153.0 South Run
Springboard,Week5,Daventry,Week5,208.0 Springboard - 189.0 Daventry
South Run,Week1,Ilda Community,Week1,252.0 South Run - 140.0 Ilda Community
South Run,Week2,Truro,Week5,242.0 South Run - 158.0 Truro
Springboard,Week5,Hunt Valley,Week5,351.0 Hunt Valley - 51.0 Springboard
Springboard,Week2,Lakeview,Week4,236.0 Lakeview - 166.0 Springboard
South Run,Week5,Mantua,Week3,256.0 Mantua - 146.0 South Run
South Run,Week2,Hunter Mill,Week5,262.0 Hunter Mill - 140.0 South Run
Springboard,Week4,Lakeview,Week1,233.0 Springboard - 169.0 Lakeview
South Run,Week3,Truro,Week3,256.0 South Run - 146.0 Truro
Springboard,Week2,Dominion Hills,Week4,324.0 Dominion Hills - 72.0 Springboard
Springboard,Week3,Dominion Hills,Week1,270.0 Dominion Hills - 131.0 Springboard
Springboard,Week1,Hunter Mill,Week1,293.0 Hunter Mill - 109.0 Springboard
Springboard,Week1,Hunter Mill,Week5,312.0 Hunter Mill - 90.0 Springboard
South Run,Week3,Hunter Mill,Week3,259.0 Hunter Mill - 143.0 South Run
Springboard,Week2,Dominion Hills,Week3,303.5 Dominion Hills - 98.5 Springboard
Springboard,Week3,Hunter Mill,Week5,305.0 Hunter Mill - 97.0 Springboard
South Run,Week5,Truro,Week2,277.0 South Run - 125.0 Truro
South Run,Week2,McLean,Week4,292.0 McLean - 110.0 South Run
South Run,Week2,Truro,Week4,231.0 South Run - 171.0 Truro
South Run,Week3,McLean,Week2,294.0 McLean - 108.0 South Run
Springboard,Week1,Langley,Week3,317.0 Langley - 85.0 Springboard
South Run,Week5,Mantua,Week2,216.0 Mantua - 186.0 South Run
South Run,Week1,Truro,Week2,270.0 South Run - 121.0 Truro
South Run,Week3,McLean,Week1,294.0 McLean - 108.0 South Run
South Run,Week3,Hunter Mill,Week4,262.0 Hunter Mill - 140.0 South Run
South Run,Week3,Hunter Mill,Week5,255.5 Hunter Mill - 146.5 South Run
South Run,Week2,Hunter Mill,Week4,262.0 Hunter Mill - 140.0 South Run
Springboard,Week5,Daventry,Week4,230.0 Springboard - 168.0 Daventry
South Run,Week4,Mantua,Week3,275.0 Mantua - 127.0 South Run
Springboard,Week2,Langley,Week2,328.5 Langley - 73.5 Springboard
Springboard,Week4,Lakeview,Week2,235.0 Springboard - 167.0 Lakeview
Springboard,Week5,Hunter Mill,Week1,268.0 Hunter Mill - 134.0 Springboard
Springboard,Week5,Dominion Hills,Week3,262.0 Dominion Hills - 140.0 Springboard
South Run,Week5,Sully Station II,Week4,209.0 Sully Station II - 193.0 South Run
South Run,Week5,Mantua,Week4,229.0 Mantua - 173.0 South Run
Springboard,Week3,Ilda Community,Week1,199.0 Springboard - 196.0 Ilda Community
Springboard,Week2,Lakeview,Week1,215.0 Springboard - 186.0 Lakeview
South Run,Week1,Truro,Week3,252.5 South Run - 140.5 Truro
South Run,Week2,Truro,Week3,240.0 South Run - 162.0 Truro
Springboard,Week5,Lakevale Estates,Week3,312.0 Lakevale Estates - 90.0 Springboard
South Run,Week1,McLean,Week5,286.0 McLean - 107.0 South Run
Springboard,Week4,Dominion Hills,Week4,296.0 Dominion Hills - 105.0 Springboard
Springboard,Week4,Lakeview,Week4,210.0 Lakeview - 192.0 Springboard
South Run,Week4,Truro,Week5,238.0 South Run - 161.0 Truro
Springboard,Week2,Donaldson Run,Week1,355.0 Donaldson Run - 47.0 Springboard
South Run,Week5,Truro,Week1,266.0 South Run - 136.0 Truro
South Run,Week2,Truro,Week1,245.0 South Run - 156.0 Truro
South Run,Week5,Mantua,Week1,232.0 Mantua - 170.0 South Run
Springboard,Week1,Ilda Community,Week2,201.0 Ilda Community - 200.0 Springboard
Springboard,Week3,Dominion Hills,Week4,297.0 Dominion Hills - 105.0 Springboard
Springboard,Week1,Donaldson Run,Week4,327.5 Donaldson Run - 74.5 Springboard
South Run,Week1,McLean,Week1,278.0 McLean - 115.0 South Run
Springboard,Week2,Lakeview,Week2,209.0 Springboard - 191.0 Lakeview
Springboard,Week4,Hunter Mill,Week1,285.0 Hunter Mill - 112.0 Springboard
Springboard,Week1,Donaldson Run,Week2,320.0 Donaldson Run - 82.0 Springboard
Springboard,Week2,Hunter Mill,Week4,326.0 Hunter Mill - 75.0 Springboard
Springboard,Week5,Lakeview,Week3,230.0 Springboard - 171.0 Lakeview
Springboard,Week1,Langley,Week1,318.0 Langley - 84.0 Springboard
Springboard,Week2,Ilda Community,Week2,230.0 Ilda Community - 170.0 Springboard
South Run,Week1,McLean,Week4,280.0 McLean - 113.0 South Run
Springboard,Week4,Hunter Mill,Week5,299.0 Hunter Mill - 103.0 Springboard
Springboard,Week5,Dominion Hills,Week4,292.0 Dominion Hills - 110.0 Springboard
Springboard,Week4,Hunter Mill,Week3,296.0 Hunter Mill - 106.0 Springboard
South Run,Week5,Sully Station II,Week2,247.0 Sully Station II - 155.0 South Run
South Run,Week1,McLean,Week2,282.0 McLean - 111.0 South Run
South Run,Week3,Truro,Week1,257.0 South Run - 144.0 Truro
Springboard,Week4,Dominion Hills,Week5,298.0 Dominion Hills - 104.0 Springboard
South Run,Week1,Truro,Week5,246.0 South Run - 146.0 Truro
Springboard,Week5,Hunter Mill,Week5,300.0 Hunter Mill - 102.0 Springboard
South Run,Week1,McLean,Week3,277.0 McLean - 116.0 South Run
South Run,Week3,McLean,Week4,288.0 McLean - 114.0 South Run
South Run,Week4,Sully Station II,Week5,291.0 Sully Station II - 111.0 South Run
Springboard,Week2,Langley,Week1,344.0 Langley - 58.0 Springboard
Springboard,Week3,Lakeview,Week4,202.0 Springboard - 200.0 Lakeview
Springboard,Week1,Donaldson Run,Week3,329.0 Donaldson Run - 73.0 Springboard
Springboard,Week2,Donaldson Run,Week2,352.0 Donaldson Run - 50.0 Springboard
Springboard,Week5,Hunter Mill,Week3,280.0 Hunter Mill - 121.0 Springboard
Springboard,Week3,Hunter Mill,Week1,277.0 Hunter Mill - 125.0 Springboard
Springboard,Week5,Dominion Hills,Week1,260.0 Dominion Hills - 141.0 Springboard
Springboard,Week1,Lakeview,Week2,243.0 Springboard - 157.0 Lakeview
Springboard,Week5,Dominion Hills,Week5,295.0 Dominion Hills - 106.0 Springboard
Springboard,Week3,Lakeview,Week5,203.0 Springboard - 189.0 Lakeview
Springboard,Week1,Ilda Community,Week3,208.0 Springboard - 192.0 Ilda Community
South Run,Week4,Sully Station II,Week2,279.0 Sully Station II - 122.0 South Run
Springboard,Week5,Dominion Hills,Week2,267.0 Dominion Hills - 135.0 Springboard
Springboard,Week5,Lakevale Estates,Week4,330.5 Lakevale Estates - 71.5 Springboard
Springboard,Week2,Donaldson Run,Week3,354.0 Donaldson Run - 48.0 Springboard
Springboard,Week1,Lakeview,Week3,206.0 Springboard - 195.0 Lakeview
Springboard,Week1,Lakeview,Week5,203.5 Springboard - 188.5 Lakeview
South Run,Week2,McLean,Week5,295.0 McLean - 107.0 South Run
South Run,Week4,Mantua,Week4,249.0 Mantua - 153.0 South Run
South Run,Week4,McLean,Week1,300.0 McLean - 102.0 South Run
Springboard,Week2,Donaldson Run,Week4,354.0 Donaldson Run - 48.0 Springboard
South Run,Week4,Sully Station II,Week4,241.0 Sully Station II - 161.0 South Run
Springboard,Week1,Ilda Community,Week4,218.0 Ilda Community - 182.0 Springboard
South Run,Week4,Sully Station II,Week3,277.0 Sully Station II - 120.0 South Run
Springboard,Week3,Hunter Mill,Week3,286.0 Hunter Mill - 116.0 Springboard
Springboard,Week5,Hunter Mill,Week4,276.0 Hunter Mill - 126.0 Springboard
South Run,Week2,McLean,Week2,291.0 McLean - 111.0 South Run
Springboard,Week3,Lakeview,Week2,239.0 Springboard - 161.0 Lakeview
South Run,Week5,McLean,Week3,268.5 McLean - 133.5 South Run
South Run,Week5,McLean,Week1,266.0 McLean - 136.0 South Run
Springboard,Week2,Hunter Mill,Week3,335.0 Hunter Mill - 67.0 Springboard
South Run,Week3,Truro,Week2,268.0 South Run - 132.0 Truro
Springboard,Week5,Lakevale Estates,Week5,340.0 Lakevale Estates - 62.0 Springboard
Springboard,Week3,Hunter Mill,Week2,278.0 Hunter Mill - 124.0 Springboard
Springboard,Week2,Ilda Community,Week1,220.0 Ilda Community - 177.0 Springboard
Springboard,Week4,Lakeview,Week3,210.0 Springboard - 192.0 Lakeview
Springboard,Week1,Lakeview,Week4,205.0 Lakeview - 197.0 Springboard
Springboard,Week3,Donaldson Run,Week2,324.0 Donaldson Run - 78.0 Springboard
South Run,Week4,Tuckahoe,Week5,344.0 Tuckahoe - 58.0 South Run
Springboard,Week4,Dominion Hills,Week1,261.0 Dominion Hills - 136.0 Springboard
South Run,Week5,McLean,Week5,273.0 McLean - 129.0 South Run
Springboard,Week3,Donaldson Run,Week1,327.0 Donaldson Run - 75.0 Springboard
Springboard,Week2,Donaldson Run,Week5,363.0 Donaldson Run - 39.0 Springboard
Springboard,Week1,Donaldson Run,Week1,332.0 Donaldson Run - 70.0 Springboard
South Run,Week1,Truro,Week4,235.0 South Run - 158.0 Truro
Springboard,Week2,Lakeview,Week5,212.0 Lakeview - 180.0 Springboard
South Run,Week1,Mosby Woods,Week1,249.0 Mosby Woods - 144.0 South Run
South Run,Week4,McLean,Week3,287.0 McLean - 115.0 South Run
South Run,Week4,McLean,Week4,298.0 McLean - 104.0 South Run
Springboard,Week2,Ilda Community,Week3,215.0 Ilda Community - 180.0 Springboard
South Run,Week5,McLean,Week2,278.0 McLean - 124.0 South Run
Springboard,Week2,Hunter Mill,Week2,323.0 Hunter Mill - 78.0 Springboard
Springboard,Week2,Hunter Mill,Week5,340.0 Hunter Mill - 62.0 Springboard
Springboard,Week4,Lakeview,Week5,209.5 Springboard - 183.5 Lakeview
Springboard,Week3,Lakeview,Week3,210.0 Springboard - 191.0 Lakeview
Springboard,Week1,Donaldson Run,Week5,341.0 Donaldson Run - 61.0 Springboard
South Run,Week1,Truro,Week1,253.0 South Run - 139.0 Truro
South Run,Week2,Tuckahoe,Week4,331.0 Tuckahoe - 71.0 South Run
South Run,Week4,Truro,Week2,244.0 South Run - 156.0 Truro
South Run,Week5,Sully Station II,Week5,260.0 Sully Station II - 142.0 South Run
South Run,Week3,McLean,Week3,297.0 McLean - 105.0 South Run
Springboard,Week4,Dominion Hills,Week3,269.0 Dominion Hills - 133.0 Springboard
Springboard,Week3,Donaldson Run,Week3,324.0 Donaldson Run - 78.0 Springboard
Springboard,Week5,Lakeview,Week5,224.0 Springboard - 169.0 Lakeview
South Run,Week3,Tuckahoe,Week3,352.0 Tuckahoe - 50.0 South Run
Springboard,Week3,Dominion Hills,Week5,314.0 Dominion Hills - 87.0 Springboard
Springboard,Week4,Hunter Mill,Week2,285.0 Hunter Mill - 116.0 Springboard
Springboard,Week5,Hunter Mill,Week2,276.5 Hunter Mill - 125.5 Springboard
South Run,Week1,Mosby Woods,Week2,244.0 Mosby Woods - 149.0 South Run
South Run,Week5,Truro,Week5,254.0 South Run - 148.0 Truro
South Run,Week2,Tuckahoe,Week2,328.0 Tuckahoe - 74.0 South Run
Springboard,Week5,Lakeview,Week4,208.0 Lakeview - 194.0 Springboard
South Run,Week3,Ilda Community,Week2,273.0 South Run - 129.0 Ilda Community
South Run,Week4,Ilda Community,Week1,239.0 South Run - 163.0 Ilda Community
Springboard,Week4,Dominion Hills,Week2,284.0 Dominion Hills - 118.0 Springboard
Springboard,Week4,Hunter Mill,Week4,292.0 Hunter Mill - 109.0 Springboard
South Run,Week5,Ilda Community,Week1,272.0 South Run - 130.0 Ilda Community
South Run,Week2,Tuckahoe,Week3,342.0 Tuckahoe - 60.0 South Run
Springboard,Week3,Hunter Mill,Week4,291.0 Hunter Mill - 111.0 Springboard
Springboard,Week1,Langley,Week2,306.0 Langley - 96.0 Springboard
Springboard,Week3,Dowden Terrace,Week5,294.0 Dowden Terrace - 108.0 Springboard
South Run,Week5,Tuckahoe,Week5,314.0 Tuckahoe - 88.0 South Run
Springboard,Week1,Langley,Week4,323.0 Langley - 79.0 Springboard
Springboard,Week3,Dominion Hills,Week3,277.0 Dominion Hills - 125.0 Springboard
Springboard,Week1,Ilda Community,Week1,201.0 Springboard - 199.0 Ilda Community
South Run,Week1,Mosby Woods,Week5,250.0 Mosby Woods - 143.0 South Run
South Run,Week1,Mosby Woods,Week4,220.0 Mosby Woods - 173.0 South Run
South Run,Week1,Mosby Woods,Week3,235.5 Mosby Woods - 157.5 South Run
Springboard,Week5,Lakeview,Week2,247.0 Springboard - 154.0 Lakeview
South Run,Week5,McLean,Week4,262.0 McLean - 140.0 South Run
Springboard,Week2,Dowden Terrace,Week5,311.0 Dowden Terrace - 91.0 Springboard
Springboard,Week5,Langley,Week4,311.0 Langley - 91.0 Springboard
South Run,Week5,Tuckahoe,Week4,326.5 Tuckahoe - 75.5 South Run
South Run,Week5,Ilda Community,Week3,271.0 South Run - 131.0 Ilda Community
South Run,Week1,Tuckahoe,Week5,316.0 Tuckahoe - 77.0 South Run
South Run,Week4,McLean,Week5,309.0 McLean - 93.0 South Run
Springboard,Week1,Langley,Week5,301.0 Langley - 101.0 Springboard
South Run,Week4,Tuckahoe,Week4,341.0 Tuckahoe - 61.0 South Run
Springboard,Week1,Dowden Terrace,Week4,285.5 Dowden Terrace - 116.5 Springboard
Springboard,Week1,Ilda Community,Week5,206.5 Ilda Community - 190.5 Springboard
Springboard,Week3,Dowden Terrace,Week1,273.0 Dowden Terrace - 120.0 Springboard
South Run,Week2,Mosby Woods,Week1,273.0 Mosby Woods - 129.0 South Run
South Run,Week4,Tuckahoe,Week1,326.0 Tuckahoe - 76.0 South Run
Springboard,Week1,Dowden Terrace,Week5,302.0 Dowden Terrace - 100.0 Springboard
Springboard,Week2,Langley,Week5,319.0 Langley - 78.0 Springboard
Springboard,Week5,Langley,Week2,302.5 Langley - 99.5 Springboard
Springboard,Week4,Ilda Community,Week3,205.0 Springboard - 191.0 Ilda Community
Springboard,Week5,Donaldson Run,Week4,325.0 Donaldson Run - 77.0 Springboard
Springboard,Week1,Dowden Terrace,Week2,291.0 Dowden Terrace - 110.0 Springboard
South Run,Week1,Kent Gardens,Week2,198.0 South Run - 195.0 Kent Gardens
Springboard,Week2,Dowden Terrace,Week4,295.0 Dowden Terrace - 102.0 Springboard
South Run,Week2,Kent Gardens,Week2,219.0 Kent Gardens - 183.0 South Run
Springboard,Week2,Ilda Community,Week4,242.5 Ilda Community - 157.5 Springboard
Springboard,Week3,Ilda Community,Week5,204.0 Ilda Community - 193.0 Springboard
South Run,Week2,Vienna Aquatic,Week5,306.0 Vienna Aquatic - 96.0 South Run
South Run,Week1,Vienna Aquatic,Week1,274.0 Vienna Aquatic - 119.0 South Run
Springboard,Week2,Ilda Community,Week5,225.0 Ilda Community - 169.0 Springboard
Springboard,Week1,Laurel Hill,Week1,232.0 Springboard - 164.0 Laurel Hill
South Run,Week3,Ilda Community,Week5,248.0 South Run - 153.0 Ilda Community
South Run,Week3,Ilda Community,Week3,263.0 South Run - 139.0 Ilda Community
South Run,Week1,Kent Gardens,Week4,200.0 Kent Gardens - 193.0 South Run
South Run,Week1,Kent Gardens,Week1,224.0 Kent Gardens - 169.0 South Run
Springboard,Week1,Laurel Hill,Week2,234.0 Springboard - 162.0 Laurel Hill
Springboard,Week3,Kent Gardens,Week2,278.0 Kent Gardens - 123.0 Springboard
South Run,Week1,Tuckahoe,Week2,316.0 Tuckahoe - 77.0 South Run
Springboard,Week5,Ilda Community,Week4,214.0 Ilda Community - 187.0 Springboard
Springboard,Week3,Langley,Week1,319.0 Langley - 83.0 Springboard
South Run,Week1,Kent Gardens,Week5,226.0 Kent Gardens - 167.0 South Run
South Run,Week5,Ilda Community,Week2,279.0 South Run - 123.0 Ilda Community
South Run,Week1,Tuckahoe,Week4,322.0 Tuckahoe - 71.0 South Run
Springboard,Week5,Donaldson Run,Week2,317.5 Donaldson Run - 84.5 Springboard
South Run,Week3,Tuckahoe,Week2,334.0 Tuckahoe - 68.0 South Run
Springboard,Week5,Ilda Community,Week5,207.0 Springboard - 190.0 Ilda Community
Springboard,Week4,Donaldson Run,Week1,335.0 Donaldson Run - 67.0 Springboard
South Run,Week1,Tuckahoe,Week3,333.0 Tuckahoe - 60.0 South Run
Springboard,Week3,Kent Gardens,Week1,281.0 Kent Gardens - 120.0 Springboard
South Run,Week2,Kent Gardens,Week1,241.0 Kent Gardens - 161.0 South Run
South Run,Week4,Ilda Community,Week2,235.0 South Run - 167.0 Ilda Community
Springboard,Week3,Langley,Week5,313.0 Langley - 89.0 Springboard
South Run,Week1,Tuckahoe,Week1,303.0 Tuckahoe - 90.0 South Run
Springboard,Week4,Donaldson Run,Week5,336.0 Donaldson Run - 66.0 Springboard
South Run,Week5,Truro,Week3,252.0 South Run - 150.0 Truro
Springboard,Week3,Langley,Week2,309.0 Langley - 93.0 Springboard
Springboard,Week4,Kent Gardens,Week3,264.0 Kent Gardens - 138.0 Springboard
Springboard,Week3,Dowden Terrace,Week4,279.0 Dowden Terrace - 123.0 Springboard
Springboard,Week2,Langley,Week4,338.0 Langley - 64.0 Springboard
Springboard,Week1,Kent Gardens,Week2,280.0 Kent Gardens - 121.0 Springboard
Springboard,Week1,Laurel Hill,Week5,214.0 Laurel Hill - 187.0 Springboard
Springboard,Week5,Kent Gardens,Week1,258.0 Kent Gardens - 144.0 Springboard
South Run,Week2,Ilda Community,Week5,226.0 South Run - 175.0 Ilda Community
Springboard,Week4,Kent Gardens,Week1,278.0 Kent Gardens - 124.0 Springboard
South Run,Week5,Truro,Week4,250.0 South Run - 152.0 Truro
South Run,Week4,Ilda Community,Week5,240.0 South Run - 161.0 Ilda Community
Springboard,Week2,Laurel Hill,Week1,204.0 Laurel Hill - 196.0 Springboard
Springboard,Week2,Dowden Terrace,Week2,302.0 Dowden Terrace - 99.0 Springboard
South Run,Week5,Ilda Community,Week5,265.0 South Run - 137.0 Ilda Community
South Run,Week3,Tuckahoe,Week1,329.5 Tuckahoe - 72.5 South Run
Springboard,Week1,Laurel Hill,Week4,216.0 Springboard - 186.0 Laurel Hill
Springboard,Week3,Ilda Community,Week2,207.0 Ilda Community - 194.0 Springboard
Springboard,Week2,Laurel Hill,Week2,210.0 Springboard - 185.0 Laurel Hill
Springboard,Week5,Donaldson Run,Week3,322.0 Donaldson Run - 80.0 Springboard
Springboard,Week2,Laurel Hill,Week5,231.5 Laurel Hill - 170.5 Springboard
Springboard,Week5,Ilda Community,Week2,204.0 Springboard - 197.0 Ilda Community
Springboard,Week4,Langley,Week2,309.0 Langley - 93.0 Springboard
South Run,Week2,Kent Gardens,Week3,217.0 Kent Gardens - 185.0 South Run
Springboard,Week2,Kent Gardens,Week2,300.0 Kent Gardens - 101.0 Springboard
South Run,Week2,Ilda Community,Week3,254.0 South Run - 148.0 Ilda Community
Springboard,Week3,Dowden Terrace,Week3,283.0 Dowden Terrace - 119.0 Springboard
South Run,Week3,Tuckahoe,Week4,346.0 Tuckahoe - 56.0 South Run
Springboard,Week4,Ilda Community,Week5,209.0 Ilda Community - 188.0 Springboard
Springboard,Week2,Laurel Hill,Week4,217.0 Laurel Hill - 185.0 Springboard
South Run,Week3,Ilda Community,Week4,238.0 South Run - 164.0 Ilda Community
South Run,Week2,Tuckahoe,Week5,331.0 Tuckahoe - 71.0 South Run
South Run,Week3,Tuckahoe,Week5,336.0 Tuckahoe - 66.0 South Run
South Run,Week4,Tuckahoe,Week2,335.0 Tuckahoe - 67.0 South Run
South Run,Week4,Tuckahoe,Week3,345.0 Tuckahoe - 57.0 South Run
Springboard,Week1,Kent Gardens,Week4,279.0 Kent Gardens - 123.0 Springboard
Springboard,Week2,Langley,Week3,332.0 Langley - 70.0 Springboard
Springboard,Week2,Kent Gardens,Week5,318.0 Kent Gardens - 84.0 Springboard
Springboard,Week1,Dowden Terrace,Week1,286.0 Dowden Terrace - 107.0 Springboard
South Run,Week2,Ilda Community,Week4,230.0 South Run - 171.0 Ilda Community
South Run,Week5,Ilda Community,Week4,254.0 South Run - 148.0 Ilda Community
Springboard,Week3,Dowden Terrace,Week2,281.0 Dowden Terrace - 120.0 Springboard
South Run,Week2,Tuckahoe,Week1,320.0 Tuckahoe - 82.0 South Run
South Run,Week4,Ilda Community,Week3,246.0 South Run - 151.0 Ilda Community
Springboard,Week1,Dowden Terrace,Week3,286.0 Dowden Terrace - 116.0 Springboard
Springboard,Week4,Donaldson Run,Week2,322.0 Donaldson Run - 80.0 Springboard
Springboard,Week5,Donaldson Run,Week5,333.0 Donaldson Run - 69.0 Springboard
Springboard,Week2,Laurel Hill,Week3,229.0 Laurel Hill - 172.0 Springboard
Springboard,Week3,Ilda Community,Week3,215.5 Springboard - 185.5 Ilda Community
Springboard,Week3,Donaldson Run,Week5,345.0 Donaldson Run - 57.0 Springboard
Springboard,Week2,Dowden Terrace,Week1,289.5 Dowden Terrace - 98.5 Springboard
South Run,Week2,Vienna Aquatic,Week4,287.0 Vienna Aquatic - 110.0 South Run
Springboard,Week5,Langley,Week1,312.5 Langley - 89.5 Springboard
Springboard,Week4,Ilda Community,Week4,225.0 Ilda Community - 176.0 Springboard
Springfield,Week3,Crosspointe,Week4,381.0 Crosspointe - 19.0 Springfield
Springboard,Week5,Donaldson Run,Week1,333.0 Donaldson Run - 69.0 Springboard
Springboard,Week4,Donaldson Run,Week4,327.0 Donaldson Run - 75.0 Springboard
Springboard,Week3,Laurel Hill,Week1,223.5 Springboard - 171.5 Laurel Hill
Springboard,Week1,Laurel Hill,Week3,207.0 Laurel Hill - 193.0 Springboard
South Run,Week2,Vienna Aquatic,Week1,292.0 Vienna Aquatic - 110.0 South Run
Springfield,Week3,Crosspointe,Week3,373.0 Crosspointe - 14.0 Springfield
Springfield,Week5,Crosspointe,Week3,379.0 Crosspointe - 13.0 Springfield
South Run,Week1,Vienna Aquatic,Week5,288.0 Vienna Aquatic - 105.0 South Run
Springboard,Week3,Langley,Week3,322.0 Langley - 80.0 Springboard
Springboard,Week2,Kent Gardens,Week3,287.0 Kent Gardens - 114.0 Springboard
Springfield,Week4,Crosspointe,Week2,371.0 Crosspointe - 31.0 Springfield
Springboard,Week4,Ilda Community,Week1,200.0 Springboard - 198.0 Ilda Community
South Run,Week1,Vienna Aquatic,Week4,269.0 Vienna Aquatic - 124.0 South Run
Springboard,Week4,Langley,Week1,317.0 Langley - 85.0 Springboard
South Run,Week3,Ilda Community,Week1,262.0 South Run - 140.0 Ilda Community
South Run,Week5,Tuckahoe,Week1,314.0 Tuckahoe - 88.0 South Run
Springfield,Week4,Crosspointe,Week3,367.0 Crosspointe - 30.0 Springfield
Springfield,Week2,Daventry,Week4,299.0 Daventry - 85.0 Springfield
Springboard,Week5,Langley,Week5,299.0 Langley - 103.0 Springboard
Springboard,Week5,Ilda Community,Week1,211.0 Springboard - 189.0 Ilda Community
South Run,Week1,Kent Gardens,Week3,210.0 Kent Gardens - 183.0 South Run
Springboard,Week4,Ilda Community,Week2,211.0 Ilda Community - 190.0 Springboard
Springboard,Week4,Donaldson Run,Week3,325.0 Donaldson Run - 77.0 Springboard
South Run,Week5,Tuckahoe,Week2,322.0 Tuckahoe - 80.0 South Run
Springboard,Week3,Donaldson Run,Week4,329.0 Donaldson Run - 73.0 Springboard
South Run,Week5,Tuckahoe,Week3,330.0 Tuckahoe - 72.0 South Run
Springboard,Week1,Kent Gardens,Week1,295.0 Kent Gardens - 106.0 Springboard
Springboard,Week2,Dowden Terrace,Week3,299.0 Dowden Terrace - 103.0 Springboard
Springboard,Week4,Langley,Week3,305.0 Langley - 97.0 Springboard
Springboard,Week3,Ilda Community,Week4,223.0 Ilda Community - 178.0 Springboard
South Run,Week4,Ilda Community,Week4,225.0 South Run - 176.0 Ilda Community
Springfield,Week4,Crosspointe,Week4,379.0 Crosspointe - 21.0 Springfield
Springboard,Week4,Langley,Week5,302.0 Langley - 100.0 Springboard
Springboard,Week5,Ilda Community,Week3,226.0 Springboard - 174.0 Ilda Community
South Run,Week1,Vienna Aquatic,Week2,275.0 Vienna Aquatic - 118.0 South Run
Springboard,Week3,Dunn Loring,Week4,347.0 Dunn Loring - 54.0 Springboard
Springboard,Week5,Langley,Week3,306.0 Langley - 96.0 Springboard
South Run,Week2,Vienna Aquatic,Week2,286.0 Vienna Aquatic - 116.0 South Run
Springboard,Week5,Dowden Terrace,Week3,277.0 Dowden Terrace - 125.0 Springboard
Springboard,Week3,Kent Gardens,Week3,268.0 Kent Gardens - 133.0 Springboard
Springboard,Week3,Langley,Week4,332.0 Langley - 70.0 Springboard
Springfield,Week4,Daventry,Week1,268.0 Daventry - 116.0 Springfield
Springboard,Week4,Laurel Hill,Week2,239.0 Springboard - 159.0 Laurel Hill
Springfield,Week5,Crosspointe,Week4,388.0 Crosspointe - 11.0 Springfield
Springboard,Week2,Kent Gardens,Week4,291.0 Kent Gardens - 111.0 Springboard
South Run,Week3,Vienna Aquatic,Week2,286.5 Vienna Aquatic - 115.5 South Run
Springboard,Week1,Dunn Loring,Week2,347.0 Dunn Loring - 55.0 Springboard
Springboard,Week1,Dunn Loring,Week5,342.0 Dunn Loring - 59.0 Springboard
Springboard,Week2,Kent Gardens,Week1,292.0 Kent Gardens - 109.0 Springboard
South Run,Week4,Vienna Aquatic,Week4,300.0 Vienna Aquatic - 102.0 South Run
Springboard,Week3,Lee Graham,Week2,337.0 Lee Graham - 65.0 Springboard
Springfield,Week5,Daventry,Week2,292.0 Daventry - 89.0 Springfield
South Run,Week2,Vienna Aquatic,Week3,304.0 Vienna Aquatic - 98.0 South Run
Springboard,Week4,Laurel Hill,Week1,226.0 Springboard - 174.0 Laurel Hill
South Run,Week5,Vienna Aquatic,Week3,290.0 Vienna Aquatic - 112.0 South Run
Springfield,Week2,Daventry,Week1,289.0 Daventry - 90.0 Springfield
Springboard,Week3,Dunn Loring,Week3,350.0 Dunn Loring - 52.0 Springboard
Springboard,Week5,Dowden Terrace,Week2,281.0 Dowden Terrace - 120.0 Springboard
Springfield,Week1,Daventry,Week3,274.0 Daventry - 97.0 Springfield
Springboard,Week4,Langley,Week4,321.0 Langley - 81.0 Springboard
South Run,Week1,Vienna Aquatic,Week3,284.0 Vienna Aquatic - 109.0 South Run
Springboard,Week5,Dowden Terrace,Week1,283.0 Dowden Terrace - 110.0 Springboard
Springboard,Week1,Kent Gardens,Week3,269.0 Kent Gardens - 132.0 Springboard
Springboard,Week1,Kent Gardens,Week5,309.0 Kent Gardens - 93.0 Springboard
Springfield,Week4,Crosspointe,Week5,384.0 Crosspointe - 17.0 Springfield
Springboard,Week4,Kent Gardens,Week5,302.0 Kent Gardens - 100.0 Springboard
Springboard,Week4,Kent Gardens,Week2,260.0 Kent Gardens - 142.0 Springboard
Springboard,Week3,Kings Ridge ,Week3,204.0 Springboard - 197.0 Kings Ridge
Springboard,Week5,Laurel Hill,Week1,243.0 Springboard - 159.0 Laurel Hill
Springfield,Week1,Dominion Hills,Week4,369.0 Dominion Hills - 32.0 Springfield
Springboard,Week4,Dowden Terrace,Week4,278.0 Dowden Terrace - 119.0 Springboard
Springfield,Week5,Crosspointe,Week1,396.0 Crosspointe - 5.0 Springfield
Springboard,Week5,Laurel Hill,Week2,251.0 Springboard - 148.0 Laurel Hill
South Run,Week3,Vienna Aquatic,Week3,298.0 Vienna Aquatic - 104.0 South Run
Springfield,Week3,Daventry,Week4,286.0 Daventry - 97.0 Springfield
Springboard,Week4,Kent Gardens,Week4,265.0 Kent Gardens - 137.0 Springboard
Springboard,Week3,Kent Gardens,Week4,275.0 Kent Gardens - 127.0 Springboard
Springboard,Week3,Laurel Hill,Week4,201.0 Laurel Hill - 201.0 Springboard
Springfield,Week2,Dominion Hills,Week1,364.0 Dominion Hills - 33.0 Springfield
Springboard,Week2,Dunn Loring,Week3,362.0 Dunn Loring - 40.0 Springboard
South Run,Week3,Vienna Aquatic,Week1,297.0 Vienna Aquatic - 105.0 South Run
Springboard,Week3,Kent Gardens,Week5,299.0 Kent Gardens - 103.0 Springboard
South Run,Week1,Vienna Woods,Week1,279.0 Vienna Woods - 109.0 South Run
Springboard,Week3,Dunn Loring,Week1,303.0 Dunn Loring - 99.0 Springboard
Springfield,Week5,Crosspointe,Week5,390.5 Crosspointe - 10.5 Springfield
Springboard,Week1,Lee Graham,Week1,332.0 Lee Graham - 70.0 Springboard
South Run,Week2,Vienna Woods,Week2,309.0 Vienna Woods - 92.0 South Run
Springfield,Week1,Dominion Hills,Week1,360.0 Dominion Hills - 42.0 Springfield
South Run,Week5,Vienna Aquatic,Week2,279.0 Vienna Aquatic - 123.0 South Run
Springboard,Week3,Dunn Loring,Week5,345.0 Dunn Loring - 56.0 Springboard
Springboard,Week5,Dunn Loring,Week4,340.0 Dunn Loring - 61.0 Springboard
Springboard,Week5,Laurel Hill,Week3,214.0 Springboard - 187.0 Laurel Hill
Springfield,Week5,Crosspointe,Week2,384.0 Crosspointe - 18.0 Springfield
Springboard,Week2,Lee Graham,Week5,351.0 Lee Graham - 51.0 Springboard
Springboard,Week1,Dunn Loring,Week4,349.0 Dunn Loring - 52.0 Springboard
Springboard,Week2,Kings Ridge ,Week4,233.0 Kings Ridge - 169.0 Springboard
South Run,Week2,Vienna Woods,Week4,303.0 Vienna Woods - 99.0 South Run
South Run,Week5,Vienna Aquatic,Week1,277.0 Vienna Aquatic - 125.0 South Run
Springboard,Week4,Dowden Terrace,Week1,282.0 Dowden Terrace - 116.0 Springboard
South Run,Week3,Vienna Aquatic,Week5,313.0 Vienna Aquatic - 89.0 South Run
Springboard,Week5,Lee Graham,Week4,314.0 Lee Graham - 88.0 Springboard
South Run,Week2,Vienna Woods,Week3,314.0 Vienna Woods - 88.0 South Run
Springboard,Week1,Kings Ridge ,Week5,220.0 Kings Ridge - 182.0 Springboard
Springboard,Week1,Dunn Loring,Week3,350.0 Dunn Loring - 52.0 Springboard
Springfield,Week4,Crosspointe,Week1,385.0 Crosspointe - 17.0 Springfield
South Run,Week2,Vienna Woods,Week5,325.0 Vienna Woods - 77.0 South Run
Springboard,Week2,Kings Ridge ,Week3,226.0 Kings Ridge - 172.0 Springboard
South Run,Week3,Vienna Woods,Week1,310.0 Vienna Woods - 92.0 South Run
Springfield,Week1,Daventry,Week4,291.0 Daventry - 98.0 Springfield
Springfield,Week2,Daventry,Week2,290.0 Daventry - 87.0 Springfield
Springboard,Week3,Kings Ridge ,Week5,221.0 Kings Ridge - 181.0 Springboard
Springboard,Week2,Lee Graham,Week2,352.0 Lee Graham - 50.0 Springboard
Springboard,Week4,Laurel Hill,Week4,219.0 Springboard - 183.0 Laurel Hill
Springboard,Week4,Dowden Terrace,Week3,275.0 Dowden Terrace - 127.0 Springboard
Springfield,Week1,Daventry,Week1,282.0 Daventry - 107.0 Springfield
Springboard,Week5,Kings Ridge ,Week4,202.0 Kings Ridge - 200.0 Springboard
Springboard,Week4,Dowden Terrace,Week2,274.0 Dowden Terrace - 128.0 Springboard
Springboard,Week2,Shouse Village,Week5,304.0 Shouse Village - 98.0 Springboard
Springfield,Week3,Crosspointe,Week5,387.0 Crosspointe - 13.0 Springfield
Springboard,Week3,Laurel Hill,Week2,234.0 Springboard - 166.0 Laurel Hill
Springboard,Week5,Dowden Terrace,Week5,290.0 Dowden Terrace - 112.0 Springboard
Springboard,Week1,Fair Oaks ,Week1,286.0 Fair Oaks - 116.0 Springboard
South Run,Week5,Vienna Aquatic,Week4,273.0 Vienna Aquatic - 129.0 South Run
Springboard,Week2,Kings Ridge ,Week1,226.0 Kings Ridge - 175.0 Springboard
Springfield,Week2,Daventry,Week3,282.0 Daventry - 81.0 Springfield
Springboard,Week3,Kings Ridge ,Week1,201.0 Springboard - 200.0 Kings Ridge
Springboard,Week3,Lee Graham,Week1,327.0 Lee Graham - 75.0 Springboard
Springfield,Week3,Daventry,Week1,283.0 Daventry - 96.0 Springfield
Springboard,Week2,Lee Graham,Week3,350.0 Lee Graham - 52.0 Springboard
South Run,Week1,Vienna Woods,Week2,280.0 Vienna Woods - 112.0 South Run
Springboard,Week3,Laurel Hill,Week5,212.0 Laurel Hill - 190.0 Springboard
Springboard,Week2,Dunn Loring,Week2,356.5 Dunn Loring - 45.5 Springboard
Springboard,Week1,Kings Ridge ,Week4,209.0 Kings Ridge - 193.0 Springboard
Springboard,Week5,Laurel Hill,Week5,207.0 Laurel Hill - 195.0 Springboard
Springboard,Week5,Shouse Village,Week4,284.0 Shouse Village - 118.0 Springboard
South Run,Week3,Vienna Aquatic,Week4,293.0 Vienna Aquatic - 109.0 South Run
Springfield,Week1,Daventry,Week2,288.0 Daventry - 93.0 Springfield
South Run,Week2,Vienna Woods,Week1,302.0 Vienna Woods - 95.0 South Run
Springboard,Week2,Dunn Loring,Week5,357.0 Dunn Loring - 44.0 Springboard
Springboard,Week4,Kings Ridge ,Week2,221.0 Springboard - 180.0 Kings Ridge
Springboard,Week2,Shouse Village,Week2,278.0 Shouse Village - 124.0 Springboard
Springboard,Week3,Shouse Village,Week5,282.0 Shouse Village - 120.0 Springboard
Springboard,Week1,Lee Graham,Week2,341.0 Lee Graham - 61.0 Springboard
Springfield,Week3,Daventry,Week2,286.0 Daventry - 87.0 Springfield
Springboard,Week3,Dunn Loring,Week2,343.0 Dunn Loring - 59.0 Springboard
Springboard,Week5,Dowden Terrace,Week4,280.0 Dowden Terrace - 122.0 Springboard
Springboard,Week2,Sideburn Run,Week1,283.0 Sideburn Run - 119.0 Springboard
Springboard,Week3,Laurel Hill,Week3,205.0 Laurel Hill - 195.0 Springboard
Springfield,Week1,Daventry,Week5,282.0 Daventry - 94.0 Springfield
South Run,Week1,Vienna Woods,Week3,277.0 Vienna Woods - 116.0 South Run
Springfield,Week2,Daventry,Week5,303.0 Daventry - 68.0 Springfield
Springboard,Week3,Kings Ridge ,Week4,215.5 Kings Ridge - 186.5 Springboard
Springboard,Week5,Shouse Village,Week2,260.0 Shouse Village - 142.0 Springboard
Springboard,Week4,Kings Ridge ,Week4,202.0 Kings Ridge - 200.0 Springboard
Springboard,Week5,Kent Gardens,Week5,287.0 Kent Gardens - 115.0 Springboard
South Run,Week4,Vienna Aquatic,Week5,309.0 Vienna Aquatic - 92.0 South Run
Springboard,Week1,Dunn Loring,Week1,305.0 Dunn Loring - 97.0 Springboard
Springboard,Week5,Kings Ridge ,Week2,229.0 Springboard - 173.0 Kings Ridge
Springboard,Week1,Lee Graham,Week3,333.0 Lee Graham - 69.0 Springboard
Springboard,Week4,Dowden Terrace,Week5,288.0 Dowden Terrace - 114.0 Springboard
South Run,Week4,Vienna Aquatic,Week2,294.0 Vienna Aquatic - 108.0 South Run
Springboard,Week4,Shouse Village,Week1,257.0 Shouse Village - 145.0 Springboard
Springboard,Week5,Laurel Hill,Week4,223.0 Springboard - 179.0 Laurel Hill
Springboard,Week4,Laurel Hill,Week5,210.0 Laurel Hill - 187.0 Springboard
Springfield,Week4,Daventry,Week2,280.0 Daventry - 104.0 Springfield
South Run,Week1,Vienna Woods,Week4,277.0 Vienna Woods - 116.0 South Run
Springboard,Week1,Kings Ridge ,Week3,202.0 Springboard - 198.0 Kings Ridge
South Run,Week4,Vienna Aquatic,Week1,301.5 Vienna Aquatic - 100.5 South Run
South Run,Week5,Vienna Aquatic,Week5,302.0 Vienna Aquatic - 100.0 South Run
Springboard,Week1,Lee Graham,Week4,329.0 Lee Graham - 73.0 Springboard
Springboard,Week5,Kent Gardens,Week2,249.0 Kent Gardens - 153.0 Springboard
Springfield,Week3,Daventry,Week5,291.5 Daventry - 80.5 Springfield
Springboard,Week3,Sideburn Run,Week2,253.0 Sideburn Run - 148.0 Springboard
Springboard,Week1,Lee Graham,Week5,318.0 Lee Graham - 84.0 Springboard
Springfield,Week3,Daventry,Week3,269.0 Daventry - 94.0 Springfield
Springfield,Week4,Daventry,Week3,265.0 Daventry - 106.0 Springfield
Springboard,Week4,Dunn Loring,Week4,336.0 Dunn Loring - 66.0 Springboard
Springfield,Week4,Daventry,Week4,292.0 Daventry - 97.0 Springfield
South Run,Week4,Vienna Aquatic,Week3,308.0 Vienna Aquatic - 94.0 South Run
Springboard,Week4,Laurel Hill,Week3,203.0 Springboard - 199.0 Laurel Hill
Springboard,Week2,Lee Graham,Week1,354.0 Lee Graham - 43.0 Springboard
Springboard,Week2,Sideburn Run,Week5,301.0 Sideburn Run - 100.0 Springboard
Springboard,Week1,Shouse Village,Week4,294.0 Shouse Village - 108.0 Springboard
Springboard,Week2,Dunn Loring,Week1,318.5 Dunn Loring - 83.5 Springboard
Springboard,Week5,Shouse Village,Week3,265.0 Shouse Village - 137.0 Springboard
South Run,Week1,Vienna Woods,Week5,296.0 Vienna Woods - 97.0 South Run
Springboard,Week5,Dunn Loring,Week3,339.0 Dunn Loring - 63.0 Springboard
Springboard,Week3,Kings Ridge ,Week2,219.0 Springboard - 183.0 Kings Ridge
Springfield,Week4,Daventry,Week5,284.0 Daventry - 90.0 Springfield
Springboard,Week2,Dunn Loring,Week4,370.0 Dunn Loring - 31.0 Springboard
Springboard,Week5,Kings Ridge ,Week5,211.0 Kings Ridge - 191.0 Springboard
Springboard,Week4,Dunn Loring,Week5,341.0 Dunn Loring - 61.0 Springboard
Springfield,Week5,Daventry,Week1,281.0 Daventry - 99.0 Springfield
Springboard,Week2,Kings Ridge ,Week2,203.0 Springboard - 199.0 Kings Ridge
Springboard,Week3,Shouse Village,Week3,276.0 Shouse Village - 126.0 Springboard
Springfield,Week5,Daventry,Week3,284.0 Daventry - 80.0 Springfield
Springboard,Week4,Lee Graham,Week2,334.0 Lee Graham - 68.0 Springboard
Springboard,Week5,Shouse Village,Week1,253.0 Shouse Village - 149.0 Springboard
Springboard,Week3,Lee Graham,Week3,332.0 Lee Graham - 70.0 Springboard
Springboard,Week3,Shouse Village,Week2,261.0 Shouse Village - 141.0 Springboard
Springfield,Week5,Daventry,Week4,299.0 Daventry - 86.0 Springfield
Springboard,Week4,Dunn Loring,Week1,307.0 Dunn Loring - 95.0 Springboard
Springfield,Week5,Daventry,Week5,296.0 Daventry - 74.0 Springfield
South Run,Week4,Vienna Woods,Week4,312.5 Vienna Woods - 89.5 South Run
Springboard,Week1,Sideburn Run,Week4,268.0 Sideburn Run - 133.0 Springboard
Springboard,Week4,Kings Ridge ,Week1,211.0 Springboard - 191.0 Kings Ridge
Springboard,Week3,Lee Graham,Week5,336.0 Lee Graham - 66.0 Springboard
Springboard,Week5,Dunn Loring,Week2,329.0 Dunn Loring - 73.0 Springboard
Springboard,Week2,Kings Ridge ,Week5,241.0 Kings Ridge - 161.0 Springboard
South Run,Week3,Vienna Woods,Week3,316.0 Vienna Woods - 86.0 South Run
South Run,Week5,Vienna Woods,Week1,287.0 Vienna Woods - 115.0 South Run
Springboard,Week5,Dunn Loring,Week5,328.0 Dunn Loring - 73.0 Springboard
Springboard,Week3,Sideburn Run,Week5,285.0 Sideburn Run - 116.0 Springboard
South Run,Week3,Villa Aquatic,Week1,204.0 Villa Aquatic - 198.0 South Run
Springboard,Week4,Shouse Village,Week5,283.0 Shouse Village - 119.0 Springboard
Springboard,Week4,Kings Ridge ,Week5,204.0 Kings Ridge - 198.0 Springboard
Springboard,Week4,Lee Graham,Week4,332.0 Lee Graham - 70.0 Springboard
South Run,Week3,Villa Aquatic,Week3,230.0 Villa Aquatic - 172.0 South Run
Springboard,Week1,Fair Oaks ,Week2,259.0 Fair Oaks - 142.0 Springboard
Springfield,Week1,Dominion Hills,Week2,372.0 Dominion Hills - 30.0 Springfield
Springfield,Week1,Dominion Hills,Week3,366.0 Dominion Hills - 35.0 Springfield
Springboard,Week5,Dunn Loring,Week1,301.0 Dunn Loring - 101.0 Springboard
Springboard,Week3,Lee Graham,Week4,329.0 Lee Graham - 73.0 Springboard
South Run,Week4,Vienna Woods,Week2,319.0 Vienna Woods - 82.0 South Run
Springboard,Week1,Kings Ridge ,Week2,223.0 Springboard - 178.0 Kings Ridge
Springboard,Week5,Kent Gardens,Week4,259.0 Kent Gardens - 143.0 Springboard
Springboard,Week5,Shouse Village,Week5,271.0 Shouse Village - 131.0 Springboard
Springboard,Week4,Lee Graham,Week1,327.0 Lee Graham - 75.0 Springboard
Springboard,Week4,Dunn Loring,Week2,334.0 Dunn Loring - 68.0 Springboard
Springboard,Week4,Dunn Loring,Week3,348.0 Dunn Loring - 54.0 Springboard
Springboard,Week1,Kings Ridge ,Week1,207.0 Springboard - 194.0 Kings Ridge
Springboard,Week2,Lee Graham,Week4,339.0 Lee Graham - 63.0 Springboard
Springboard,Week4,Lee Graham,Week5,330.0 Lee Graham - 72.0 Springboard
Springboard,Week5,Kent Gardens,Week3,244.0 Kent Gardens - 158.0 Springboard
South Run,Week1,Villa Aquatic,Week5,203.0 Villa Aquatic - 190.0 South Run
South Run,Week4,Villa Aquatic,Week4,209.0 Villa Aquatic - 193.0 South Run
Springboard,Week5,Lee Graham,Week3,326.0 Lee Graham - 76.0 Springboard
Springboard,Week3,Fair Oaks ,Week4,283.0 Fair Oaks - 118.0 Springboard
Springboard,Week2,Fair Oaks ,Week5,318.5 Fair Oaks - 82.5 Springboard
Springboard,Week1,Shouse Village,Week5,279.0 Shouse Village - 123.0 Springboard
Springfield,Week2,Dominion Hills,Week4,363.0 Dominion Hills - 38.0 Springfield
Springboard,Week2,Sideburn Run,Week2,276.0 Sideburn Run - 125.0 Springboard
South Run,Week2,Villa Aquatic,Week4,222.0 Villa Aquatic - 180.0 South Run
Springboard,Week5,Lee Graham,Week2,326.7 Lee Graham - 75.3 Springboard
Springboard,Week2,Shouse Village,Week3,287.0 Shouse Village - 115.0 Springboard
Springboard,Week4,Lee Graham,Week3,330.0 Lee Graham - 72.0 Springboard
Springboard,Week5,Kings Ridge ,Week3,204.0 Springboard - 197.0 Kings Ridge
South Run,Week4,Vienna Woods,Week1,318.0 Vienna Woods - 79.0 South Run
Springboard,Week4,Fair Oaks ,Week5,299.0 Fair Oaks - 103.0 Springboard
Springfield,Week2,Dominion Hills,Week3,359.0 Dominion Hills - 42.0 Springfield
Springfield,Week1,Dominion Hills,Week5,373.0 Dominion Hills - 23.0 Springfield
Springboard,Week3,Shouse Village,Week1,266.0 Shouse Village - 136.0 Springboard
Springboard,Week4,Kings Ridge ,Week3,199.0 Kings Ridge - 199.0 Springboard
Springboard,Week2,Fair Oaks ,Week3,317.0 Fair Oaks - 85.0 Springboard
Springboard,Week5,Kings Ridge ,Week1,214.0 Springboard - 187.0 Kings Ridge
Springfield,Week2,Dominion Hills,Week2,371.0 Dominion Hills - 31.0 Springfield
South Run,Week1,Villa Aquatic,Week2,203.5 South Run - 189.5 Villa Aquatic
Sully Station,Week3,Crosspointe,Week1,212.0 Crosspointe - 190.0 Sully Station
Springfield,Week4,Truro,Week3,323.0 Truro - 72.0 Springfield
Springfield,Week1,Orange Hunt,Week3,370.0 Orange Hunt - 31.0 Springfield
Springfield,Week5,Overlee,Week1,398.0 Overlee - 4.0 Springfield
Stratford,Week4,Mosby Woods,Week1,295.0 Mosby Woods - 107.0 Stratford
Stratford,Week4,Brookfield ,Week2,234.5 Brookfield - 167.5 Stratford
Sully Station,Week2,Daventry,Week3,312.0 Sully Station - 90.0 Daventry
Stratford,Week1,Mount Vernon Park,Week5,324.0 Mount Vernon Park - 77.0 Stratford
Springfield,Week4,Overlee,Week4,401.0 Overlee - 1.0 Springfield
Springfield,Week1,Lakeview,Week1,311.0 Lakeview - 86.0 Springfield
Springfield,Week5,Truro,Week2,321.0 Truro - 65.0 Springfield
Springfield,Week5,Lakevale Estates,Week5,384.0 Lakevale Estates - 16.0 Springfield
Springfield,Week3,Overlee,Week3,397.0 Overlee - 5.0 Springfield
Sully Station,Week4,Country Club Hills,Week5,261.0 Sully Station - 141.0 Country Club Hills
Stratford,Week1,Mount Vernon Park,Week1,324.0 Mount Vernon Park - 77.0 Stratford
Springfield,Week4,Old Keene Mill,Week4,326.0 Old Keene Mill - 69.0 Springfield
Springfield,Week1,Parklawn,Week2,304.0 Parklawn - 88.0 Springfield
Stratford,Week2,Dominion Hills,Week4,291.0 Dominion Hills - 111.0 Stratford
Stratford,Week2,Mount Vernon Park,Week3,306.0 Mount Vernon Park - 96.0 Stratford
Springfield,Week3,Orange Hunt,Week5,368.0 Orange Hunt - 27.0 Springfield
Stratford,Week1,Donaldson Run,Week3,322.0 Donaldson Run - 80.0 Stratford
Stratford,Week3,Bren Mar-Edsall Park,Week5,327.0 Stratford - 75.0 Bren Mar-Edsall Park
Stratford,Week3,Mount Vernon Park,Week3,305.0 Mount Vernon Park - 97.0 Stratford
Springfield,Week5,Old Keene Mill,Week1,337.0 Old Keene Mill - 54.0 Springfield
Stratford,Week5,Mosby Woods,Week4,299.5 Mosby Woods - 102.5 Stratford
Stratford,Week4,Bren Mar-Edsall Park,Week2,369.5 Stratford - 31.5 Bren Mar-Edsall Park
Sully Station,Week2,Daventry,Week2,319.0 Sully Station - 83.0 Daventry
Springfield,Week5,Sully Station II,Week3,382.0 Sully Station II - 18.0 Springfield
Springfield,Week3,Lakevale Estates,Week4,382.0 Lakevale Estates - 19.0 Springfield
Springfield,Week5,Lakevale Estates,Week2,387.0 Lakevale Estates - 12.0 Springfield
Springfield,Week3,Truro,Week4,341.0 Truro - 54.0 Springfield
Springfield,Week2,Truro,Week3,331.0 Truro - 62.0 Springfield
Stratford,Week5,Dominion Hills,Week1,233.0 Dominion Hills - 169.0 Stratford
Springfield,Week5,Lakevale Estates,Week4,387.0 Lakevale Estates - 14.0 Springfield
Stratford,Week1,Donaldson Run,Week1,321.0 Donaldson Run - 81.0 Stratford
Stratford,Week3,Dominion Hills,Week5,284.0 Dominion Hills - 118.0 Stratford
Springfield,Week4,Orange Hunt,Week2,356.0 Orange Hunt - 45.0 Springfield
Springfield,Week4,Orange Hunt,Week5,372.0 Orange Hunt - 27.0 Springfield
Springfield,Week5,Sully Station II,Week2,381.0 Sully Station II - 17.0 Springfield
Springfield,Week1,Lakeview,Week5,306.0 Lakeview - 70.0 Springfield
Stratford,Week4,Bren Mar-Edsall Park,Week5,336.0 Stratford - 66.0 Bren Mar-Edsall Park
Stratford,Week3,Dominion Hills,Week4,290.0 Dominion Hills - 112.0 Stratford
Springfield,Week5,Old Keene Mill,Week4,341.0 Old Keene Mill - 51.0 Springfield
Springfield,Week5,Overlee,Week4,402.0 Overlee - 0.0 Springfield
Stratford,Week4,Mosby Woods,Week4,282.0 Mosby Woods - 120.0 Stratford
Stratford,Week4,Brookfield ,Week1,234.0 Brookfield - 168.0 Stratford
Stratford,Week4,Dominion Hills,Week1,229.0 Dominion Hills - 173.0 Stratford
Springfield,Week4,Truro,Week4,338.0 Truro - 59.0 Springfield
Sully Station,Week3,Crosspointe,Week4,204.0 Sully Station - 198.0 Crosspointe
Stratford,Week4,Mount Vernon Park,Week2,288.0 Mount Vernon Park - 114.0 Stratford
Sully Station,Week2,Crosspointe,Week2,204.0 Sully Station - 198.0 Crosspointe
Springfield,Week1,Lakeview,Week2,317.0 Lakeview - 78.0 Springfield
Stratford,Week2,Donaldson Run,Week5,352.0 Donaldson Run - 50.0 Stratford
Stratford,Week5,Bren Mar-Edsall Park,Week1,344.0 Stratford - 57.0 Bren Mar-Edsall Park
Sully Station,Week1,Daventry,Week4,330.0 Sully Station - 71.0 Daventry
Stratford,Week4,Dominion Hills,Week3,233.0 Dominion Hills - 169.0 Stratford
Sully Station,Week4,Daventry,Week5,295.0 Sully Station - 107.0 Daventry
Springfield,Week2,Lakevale Estates,Week4,384.0 Lakevale Estates - 16.0 Springfield
Springfield,Week5,Truro,Week1,353.0 Truro - 43.0 Springfield
Springfield,Week3,Orange Hunt,Week2,357.0 Orange Hunt - 42.0 Springfield
Stratford,Week4,Mosby Woods,Week5,292.0 Mosby Woods - 110.0 Stratford
Springfield,Week5,Sully Station II,Week4,372.0 Sully Station II - 28.0 Springfield
Springfield,Week1,Lakevale Estates,Week3,379.0 Lakevale Estates - 18.0 Springfield
Stratford,Week3,Brookfield ,Week3,230.0 Brookfield - 172.0 Stratford
Springfield,Week5,Sully Station II,Week1,362.0 Sully Station II - 28.0 Springfield
Stratford,Week4,Bren Mar-Edsall Park,Week4,339.0 Stratford - 62.0 Bren Mar-Edsall Park
Stratford,Week1,Brookfield ,Week3,253.5 Brookfield - 147.5 Stratford
Springfield,Week5,Orange Hunt,Week1,377.0 Orange Hunt - 24.0 Springfield
Springfield,Week3,Lakevale Estates,Week5,376.0 Lakevale Estates - 25.0 Springfield
Sully Station,Week4,Crosspointe,Week4,203.0 Crosspointe - 199.0 Sully Station
Stratford,Week1,Mount Vernon Park,Week2,308.0 Mount Vernon Park - 94.0 Stratford
Stratford,Week4,Dominion Hills,Week4,274.0 Dominion Hills - 128.0 Stratford
Sully Station,Week5,Crosspointe,Week2,229.0 Sully Station - 173.0 Crosspointe
Stratford,Week5,Mosby Woods,Week3,299.0 Mosby Woods - 103.0 Stratford
Sully Station,Week3,Daventry,Week4,333.0 Sully Station - 68.0 Daventry
Stratford,Week2,Brookfield ,Week4,272.0 Brookfield - 130.0 Stratford
Sully Station,Week5,Crosspointe,Week1,212.0 Sully Station - 190.0 Crosspointe
Stratford,Week2,Mount Vernon Park,Week5,314.0 Mount Vernon Park - 88.0 Stratford
Stratford,Week4,Mount Vernon Park,Week4,286.0 Mount Vernon Park - 116.0 Stratford
Stratford,Week3,Donaldson Run,Week2,326.0 Donaldson Run - 76.0 Stratford
Sully Station,Week1,Crosspointe,Week1,203.0 Sully Station - 199.0 Crosspointe
Stratford,Week4,Brookfield ,Week3,217.0 Brookfield - 185.0 Stratford
Stratford,Week5,Mosby Woods,Week2,305.0 Mosby Woods - 97.0 Stratford
Stratford,Week3,Bren Mar-Edsall Park,Week4,329.0 Stratford - 73.0 Bren Mar-Edsall Park
Springfield,Week3,Truro,Week2,305.0 Truro - 74.0 Springfield
Stratford,Week4,Dominion Hills,Week5,282.0 Dominion Hills - 120.0 Stratford
Stratford,Week1,Mount Vernon Park,Week4,320.0 Mount Vernon Park - 82.0 Stratford
Springfield,Week3,Lakevale Estates,Week2,376.0 Lakevale Estates - 26.0 Springfield
Springfield,Week2,Lakevale Estates,Week3,370.0 Lakevale Estates - 22.0 Springfield
Springfield,Week4,Lakevale Estates,Week3,369.0 Lakevale Estates - 23.0 Springfield
Sully Station,Week3,Daventry,Week1,324.0 Sully Station - 78.0 Daventry
Springfield,Week5,Truro,Week5,336.0 Truro - 48.0 Springfield
Stratford,Week4,Brookfield ,Week4,239.0 Brookfield - 163.0 Stratford
Springfield,Week1,Truro,Week1,341.0 Truro - 58.0 Springfield
Stratford,Week3,Dominion Hills,Week2,266.5 Dominion Hills - 135.5 Stratford
Stratford,Week5,Dominion Hills,Week4,280.0 Dominion Hills - 122.0 Stratford
Stratford,Week2,Brookfield ,Week2,256.0 Brookfield - 146.0 Stratford
Springfield,Week4,Old Keene Mill,Week5,321.0 Old Keene Mill - 75.0 Springfield
Springfield,Week2,Lakeview,Week1,314.0 Lakeview - 85.0 Springfield
Springfield,Week4,Sully Station II,Week4,360.0 Sully Station II - 40.0 Springfield
Springfield,Week2,Lakeview,Week2,322.0 Lakeview - 74.0 Springfield
Stratford,Week5,Brookfield ,Week1,246.0 Brookfield - 156.0 Stratford
Stratford,Week3,Mount Vernon Park,Week1,295.0 Mount Vernon Park - 107.0 Stratford
Stratford,Week4,Brookfield ,Week5,230.0 Brookfield - 172.0 Stratford
Springfield,Week5,Sully Station II,Week5,389.0 Sully Station II - 12.0 Springfield
Sully Station,Week4,Crosspointe,Week5,227.0 Crosspointe - 175.0 Sully Station
Stratford,Week5,Dominion Hills,Week3,249.0 Dominion Hills - 153.0 Stratford
Springfield,Week2,Lakeview,Week3,327.0 Lakeview - 70.0 Springfield
Springfield,Week1,Overlee,Week4,401.0 Overlee - 1.0 Springfield
Stratford,Week3,Dominion Hills,Week3,247.0 Dominion Hills - 155.0 Stratford
Stratford,Week5,Brookfield ,Week3,226.0 Brookfield - 176.0 Stratford
Springfield,Week3,Truro,Week3,332.0 Truro - 60.0 Springfield
Stratford,Week1,Donaldson Run,Week2,319.0 Donaldson Run - 83.0 Stratford
Stratford,Week5,Brookfield ,Week2,231.0 Brookfield - 171.0 Stratford
Sully Station,Week1,Daventry,Week2,321.0 Sully Station - 80.0 Daventry
Springfield,Week2,Lakeview,Week4,334.0 Lakeview - 59.0 Springfield
Springfield,Week1,Overlee,Week1,394.0 Overlee - 8.0 Springfield
Springfield,Week1,Overlee,Week3,398.0 Overlee - 4.0 Springfield
Springfield,Week2,Truro,Week5,330.0 Truro - 54.0 Springfield
Stratford,Week5,Mosby Woods,Week1,294.0 Mosby Woods - 108.0 Stratford
Stratford,Week5,Brookfield ,Week4,247.5 Brookfield - 154.5 Stratford
Springfield,Week3,Overlee,Week1,395.0 Overlee - 7.0 Springfield
Stratford,Week4,Mosby Woods,Week2,293.0 Mosby Woods - 109.0 Stratford
Sully Station,Week4,Daventry,Week1,325.0 Sully Station - 77.0 Daventry
Stratford,Week2,Dominion Hills,Week3,250.0 Dominion Hills - 152.0 Stratford
Springfield,Week1,Lakeview,Week4,331.0 Lakeview - 55.0 Springfield
Springfield,Week2,Lakeview,Week5,312.0 Lakeview - 64.0 Springfield
Springfield,Week3,Truro,Week1,337.0 Truro - 56.0 Springfield
Stratford,Week5,Mosby Woods,Week5,299.0 Mosby Woods - 103.0 Stratford
Sully Station,Week2,Daventry,Week5,287.0 Sully Station - 110.0 Daventry
Springfield,Week5,Truro,Week4,353.0 Truro - 41.0 Springfield
Stratford,Week2,Broyhill Crest,Week5,290.0 Stratford - 112.0 Broyhill Crest
Springfield,Week4,Truro,Week1,323.5 Truro - 75.5 Springfield
Stratford,Week5,Dominion Hills,Week5,291.0 Dominion Hills - 111.0 Stratford
Stratford,Week2,Broyhill Crest,Week2,316.5 Stratford - 84.5 Broyhill Crest
Stratford,Week3,Dominion Hills,Week1,240.5 Dominion Hills - 161.5 Stratford
Springfield,Week3,Lakeview,Week4,323.0 Lakeview - 67.0 Springfield
Sully Station,Week4,Crosspointe,Week1,204.0 Crosspointe - 198.0 Sully Station
Springfield,Week1,Overlee,Week2,398.0 Overlee - 4.0 Springfield
Stratford,Week2,Mount Vernon Park,Week1,304.0 Mount Vernon Park - 98.0 Stratford
Stratford,Week3,Mount Vernon Park,Week2,296.0 Mount Vernon Park - 106.0 Stratford
Springfield,Week4,Lakeview,Week1,295.0 Lakeview - 100.0 Springfield
Stratford,Week1,Dominion Hills,Week5,303.0 Dominion Hills - 99.0 Stratford
Stratford,Week2,Mount Vernon Park,Week4,300.0 Mount Vernon Park - 102.0 Stratford
Springfield,Week3,Overlee,Week5,401.0 Overlee - 1.0 Springfield
Stratford,Week1,Mount Vernon Park,Week3,327.0 Mount Vernon Park - 75.0 Stratford
Springfield,Week3,Lakeview,Week2,326.0 Lakeview - 68.0 Springfield
Springfield,Week3,Lakeview,Week1,318.0 Lakeview - 80.0 Springfield
Springfield,Week1,Vienna Aquatic,Week4,387.0 Vienna Aquatic - 14.0 Springfield
Springfield,Week3,Lakeview,Week3,325.0 Lakeview - 68.0 Springfield
Stratford,Week2,Mount Vernon Park,Week2,299.0 Mount Vernon Park - 103.0 Stratford
Springfield,Week4,Truro,Week5,316.0 Truro - 74.0 Springfield
Stratford,Week4,Mosby Woods,Week3,290.0 Mosby Woods - 112.0 Stratford
Sully Station,Week1,Daventry,Week5,313.0 Sully Station - 89.0 Daventry
Sully Station,Week4,Crosspointe,Week2,211.0 Sully Station - 191.0 Crosspointe
Stratford,Week3,Broyhill Crest,Week5,294.0 Stratford - 108.0 Broyhill Crest
Springfield,Week3,Truro,Week5,318.0 Truro - 68.0 Springfield
Sully Station,Week5,Crosspointe,Week4,218.0 Sully Station - 184.0 Crosspointe
Sully Station,Week5,Crosspointe,Week3,223.0 Sully Station - 179.0 Crosspointe
Stratford,Week3,Mount Vernon Park,Week5,308.0 Mount Vernon Park - 94.0 Stratford
Stratford,Week3,Mount Vernon Park,Week4,297.0 Mount Vernon Park - 105.0 Stratford
Stratford,Week1,Broyhill Crest,Week2,300.0 Stratford - 98.0 Broyhill Crest
Stratford,Week1,Broyhill Crest,Week5,268.0 Stratford - 128.0 Broyhill Crest
Stratford,Week2,Donaldson Run,Week2,329.0 Donaldson Run - 73.0 Stratford
Springfield,Week3,Lakeview,Week5,298.0 Lakeview - 78.0 Springfield
Stratford,Week2,Donaldson Run,Week3,335.0 Donaldson Run - 67.0 Stratford
Springfield,Week5,Orange Hunt,Week4,364.0 Orange Hunt - 35.0 Springfield
Stratford,Week3,Broyhill Crest,Week1,300.0 Stratford - 102.0 Broyhill Crest
Stratford,Week2,Broyhill Crest,Week4,304.0 Stratford - 98.0 Broyhill Crest
Springfield,Week2,Tuckahoe,Week3,390.0 Tuckahoe - 6.0 Springfield
Sully Station,Week5,Crosspointe,Week5,215.0 Crosspointe - 187.0 Sully Station
Stratford,Week1,Donaldson Run,Week4,334.0 Donaldson Run - 68.0 Stratford
Springfield,Week3,Tuckahoe,Week1,395.0 Tuckahoe - 5.0 Springfield
Stratford,Week5,Dominion Hills,Week2,269.0 Dominion Hills - 133.0 Stratford
Stratford,Week3,Broyhill Crest,Week2,320.0 Stratford - 81.0 Broyhill Crest
Sully Station,Week1,Daventry,Week1,323.0 Sully Station - 79.0 Daventry
Springfield,Week3,Overlee,Week2,398.0 Overlee - 4.0 Springfield
Springfield,Week5,Orange Hunt,Week5,373.0 Orange Hunt - 26.0 Springfield
Sully Station,Week4,Crosspointe,Week3,202.0 Crosspointe - 200.0 Sully Station
Springfield,Week2,Overlee,Week4,401.0 Overlee - 1.0 Springfield
Springfield,Week5,Orange Hunt,Week3,371.0 Orange Hunt - 29.0 Springfield
Springfield,Week5,Tuckahoe,Week5,393.0 Tuckahoe - 8.0 Springfield
Springfield,Week1,Overlee,Week5,402.0 Overlee - 0.0 Springfield
Springfield,Week4,Lakeview,Week2,301.0 Lakeview - 98.0 Springfield
Springfield,Week2,Tuckahoe,Week5,389.0 Tuckahoe - 11.0 Springfield
Sully Station,Week2,Daventry,Week1,318.0 Sully Station - 84.0 Daventry
Springfield,Week5,Orange Hunt,Week2,371.0 Orange Hunt - 30.0 Springfield
Springfield,Week2,Overlee,Week3,399.0 Overlee - 3.0 Springfield
Stratford,Week4,Mount Vernon Park,Week1,286.0 Mount Vernon Park - 116.0 Stratford
Stratford,Week4,Dominion Hills,Week2,254.0 Dominion Hills - 148.0 Stratford
Sully Station,Week2,Daventry,Week4,321.0 Sully Station - 81.0 Daventry
Stratford,Week3,Broyhill Crest,Week3,330.0 Stratford - 72.0 Broyhill Crest
Stratford,Week3,Mosby Woods,Week5,305.0 Mosby Woods - 97.0 Stratford
Stratford,Week1,Donaldson Run,Week5,344.0 Donaldson Run - 53.0 Stratford
Springfield,Week2,Vienna Aquatic,Week2,394.0 Vienna Aquatic - 8.0 Springfield
Stratford,Week4,Broyhill Crest,Week2,332.0 Stratford - 70.0 Broyhill Crest
Stratford,Week5,Mount Vernon Park,Week1,305.0 Mount Vernon Park - 97.0 Stratford
Springfield,Week4,Tuckahoe,Week1,391.0 Tuckahoe - 10.0 Springfield
Stratford,Week4,Mount Vernon Park,Week3,288.5 Mount Vernon Park - 113.5 Stratford
Stratford,Week3,Donaldson Run,Week1,326.0 Donaldson Run - 76.0 Stratford
Springfield,Week3,Tuckahoe,Week4,393.0 Tuckahoe - 9.0 Springfield
Springfield,Week4,Overlee,Week1,396.0 Overlee - 6.0 Springfield
Stratford,Week2,Donaldson Run,Week4,345.5 Donaldson Run - 56.5 Stratford
Sully Station,Week3,Daventry,Week3,329.0 Sully Station - 72.0 Daventry
Stratford,Week1,Broyhill Crest,Week3,293.0 Stratford - 108.0 Broyhill Crest
Stratford,Week5,Donaldson Run,Week4,328.0 Donaldson Run - 74.0 Stratford
Sully Station,Week3,Daventry,Week5,303.0 Sully Station - 99.0 Daventry
Springfield,Week2,Overlee,Week1,398.0 Overlee - 4.0 Springfield
Stratford,Week4,Broyhill Crest,Week1,317.0 Stratford - 84.0 Broyhill Crest
Springfield,Week2,Overlee,Week2,401.0 Overlee - 1.0 Springfield
Stratford,Week5,Mount Vernon Park,Week3,311.0 Mount Vernon Park - 91.0 Stratford
Springfield,Week3,Tuckahoe,Week2,398.0 Tuckahoe - 3.0 Springfield
Sully Station,Week3,Daventry,Week2,326.0 Sully Station - 75.0 Daventry
Stratford,Week2,Dowden Terrace,Week5,294.0 Dowden Terrace - 108.0 Stratford
Sully Station,Week1,Daventry,Week3,323.0 Sully Station - 77.0 Daventry
Springfield,Week4,Overlee,Week2,398.0 Overlee - 4.0 Springfield
Stratford,Week4,Broyhill Crest,Week3,337.0 Stratford - 65.0 Broyhill Crest
Stratford,Week2,Broyhill Crest,Week1,306.0 Stratford - 96.0 Broyhill Crest
Stratford,Week3,Donaldson Run,Week4,332.0 Donaldson Run - 70.0 Stratford
Stratford,Week3,Dowden Terrace,Week3,248.0 Dowden Terrace - 154.0 Stratford
Springfield,Week3,Tuckahoe,Week3,393.0 Tuckahoe - 3.0 Springfield
Springfield,Week1,Vienna Aquatic,Week5,391.0 Vienna Aquatic - 9.0 Springfield
Sully Station,Week4,Daventry,Week2,324.0 Sully Station - 78.0 Daventry
Stratford,Week5,Mount Vernon Park,Week4,306.0 Mount Vernon Park - 96.0 Stratford
Springfield,Week2,Tuckahoe,Week2,396.0 Tuckahoe - 6.0 Springfield
Stratford,Week2,Newington Forest,Week1,234.0 Stratford - 167.0 Newington Forest
Springfield,Week5,Overlee,Week5,402.0 Overlee - 0.0 Springfield
Stratford,Week1,Broyhill Crest,Week4,276.0 Stratford - 126.0 Broyhill Crest
Stratford,Week1,Newington Forest,Week3,209.0 Stratford - 193.0 Newington Forest
Springfield,Week1,Tuckahoe,Week4,397.0 Tuckahoe - 5.0 Springfield
Stratford,Week1,Newington Forest,Week4,203.5 Newington Forest - 193.5 Stratford
Sully Station,Week4,Daventry,Week3,325.0 Sully Station - 77.0 Daventry
Springfield,Week4,Overlee,Week3,397.0 Overlee - 5.0 Springfield
Stratford,Week5,Mount Vernon Park,Week5,318.0 Mount Vernon Park - 84.0 Stratford
Stratford,Week2,Dowden Terrace,Week3,261.0 Dowden Terrace - 141.0 Stratford
Sully Station,Week5,Daventry,Week2,331.0 Sully Station - 70.0 Daventry
Springfield,Week2,Overlee,Week5,401.0 Overlee - 1.0 Springfield
Sully Station,Week5,Daventry,Week3,331.0 Sully Station - 71.0 Daventry
Sully Station,Week5,Daventry,Week1,332.0 Sully Station - 70.0 Daventry
Stratford,Week4,Dowden Terrace,Week2,241.0 Dowden Terrace - 161.0 Stratford
Springfield,Week3,Overlee,Week4,401.0 Overlee - 1.0 Springfield
Sully Station,Week5,Daventry,Week5,318.0 Sully Station - 84.0 Daventry
Stratford,Week4,Broyhill Crest,Week5,311.0 Stratford - 91.0 Broyhill Crest
Stratford,Week4,Dowden Terrace,Week1,246.0 Dowden Terrace - 155.0 Stratford
Springfield,Week1,Tuckahoe,Week2,400.0 Tuckahoe - 2.0 Springfield
Springfield,Week4,Overlee,Week5,401.0 Overlee - 1.0 Springfield
Stratford,Week5,Broyhill Crest,Week2,320.0 Stratford - 80.0 Broyhill Crest
Sully Station,Week4,Daventry,Week4,330.0 Sully Station - 72.0 Daventry
Stratford,Week1,Newington Forest,Week1,202.0 Stratford - 196.0 Newington Forest
Stratford,Week1,Broyhill Crest,Week1,278.0 Stratford - 118.0 Broyhill Crest
Springfield,Week1,Tuckahoe,Week5,398.0 Tuckahoe - 2.0 Springfield
Stratford,Week4,Donaldson Run,Week4,329.0 Donaldson Run - 73.0 Stratford
Springfield,Week5,Overlee,Week3,402.0 Overlee - 0.0 Springfield
Stratford,Week4,Mount Vernon Park,Week5,310.0 Mount Vernon Park - 92.0 Stratford
Sully Station,Week5,Daventry,Week4,343.0 Sully Station - 59.0 Daventry
Stratford,Week2,Broyhill Crest,Week3,323.0 Stratford - 74.0 Broyhill Crest
Springfield,Week5,Overlee,Week2,402.0 Overlee - 0.0 Springfield
Stratford,Week4,Dowden Terrace,Week3,235.0 Dowden Terrace - 167.0 Stratford
Stratford,Week5,Broyhill Crest,Week1,301.0 Stratford - 99.0 Broyhill Crest
Stratford,Week4,Donaldson Run,Week1,312.0 Donaldson Run - 90.0 Stratford
Stratford,Week5,Broyhill Crest,Week3,327.5 Stratford - 72.5 Broyhill Crest
Stratford,Week1,Newington Forest,Week5,220.0 Newington Forest - 172.0 Stratford
Springfield,Week4,Tuckahoe,Week2,397.0 Tuckahoe - 5.0 Springfield
Sully Station,Week1,Donaldson Run,Week2,204.0 Donaldson Run - 198.0 Sully Station
Sully Station,Week5,Dominion Hills,Week3,273.0 Sully Station - 129.0 Dominion Hills
Springfield,Week4,Tuckahoe,Week3,389.0 Tuckahoe - 13.0 Springfield
Stratford,Week5,Donaldson Run,Week5,343.0 Donaldson Run - 59.0 Stratford
Stratford,Week1,Newington Forest,Week2,207.0 Stratford - 191.0 Newington Forest
Stratford,Week5,Mount Vernon Park,Week2,301.0 Mount Vernon Park - 101.0 Stratford
Stratford,Week2,Newington Forest,Week3,224.5 Stratford - 177.5 Newington Forest
Stratford,Week3,Broyhill Crest,Week4,305.0 Stratford - 97.0 Broyhill Crest
Stratford,Week5,Donaldson Run,Week3,319.0 Donaldson Run - 83.0 Stratford
Springfield,Week1,Parklawn,Week1,260.0 Parklawn - 119.0 Springfield
Stratford,Week4,Broyhill Crest,Week4,318.0 Stratford - 84.0 Broyhill Crest
Springfield,Week1,Parliament,Week2,337.0 Parliament - 55.0 Springfield
Stratford,Week3,Donaldson Run,Week3,333.0 Donaldson Run - 69.0 Stratford
Springfield,Week5,Tuckahoe,Week2,396.0 Tuckahoe - 6.0 Springfield
Springfield,Week4,Tuckahoe,Week5,388.0 Tuckahoe - 12.0 Springfield
Springfield,Week5,Tuckahoe,Week1,394.0 Tuckahoe - 6.0 Springfield
Stratford,Week5,Burke Station,Week2,237.0 Stratford - 163.0 Burke Station
Stratford,Week2,Newington Forest,Week5,213.0 Newington Forest - 189.0 Stratford
Stratford,Week5,Donaldson Run,Week1,320.0 Donaldson Run - 82.0 Stratford
Springfield,Week1,Parliament,Week4,332.0 Parliament - 63.0 Springfield
Sully Station,Week2,Dominion Hills,Week4,220.0 Sully Station - 182.0 Dominion Hills
Springfield,Week2,Tuckahoe,Week4,392.0 Tuckahoe - 10.0 Springfield
Springfield,Week4,Tuckahoe,Week4,393.0 Tuckahoe - 9.0 Springfield
Stratford,Week2,Newington Forest,Week2,231.0 Stratford - 170.0 Newington Forest
Stratford,Week2,Newington Forest,Week4,218.0 Stratford - 184.0 Newington Forest
Stratford,Week4,Donaldson Run,Week2,315.5 Donaldson Run - 86.5 Stratford
Stratford,Week1,Camelot,Week3,226.0 Camelot - 174.0 Stratford
Stratford,Week3,Newington Forest,Week1,254.0 Stratford - 147.0 Newington Forest
Sully Station,Week3,Dominion Hills,Week3,240.0 Sully Station - 162.0 Dominion Hills
Springfield,Week4,Parklawn,Week3,290.0 Parklawn - 104.0 Springfield
Springfield,Week4,Parklawn,Week5,304.0 Parklawn - 87.0 Springfield
Sully Station,Week3,Dominion Hills,Week1,255.5 Sully Station - 146.5 Dominion Hills
Springfield,Week2,Parliament,Week1,321.0 Parliament - 57.0 Springfield
Stratford,Week4,Burke Station,Week4,253.0 Stratford - 149.0 Burke Station
Stratford,Week1,Dowden Terrace,Week5,297.0 Dowden Terrace - 105.0 Stratford
Sully Station,Week3,Dominion Hills,Week4,219.0 Sully Station - 183.0 Dominion Hills
Springfield,Week1,Tuckahoe,Week3,392.0 Tuckahoe - 5.0 Springfield
Stratford,Week3,Burke Station,Week3,216.0 Stratford - 181.0 Burke Station
Stratford,Week4,Donaldson Run,Week5,338.0 Donaldson Run - 64.0 Stratford
Stratford,Week1,Dowden Terrace,Week1,273.5 Dowden Terrace - 124.5 Stratford
Stratford,Week5,Burke Station,Week5,205.0 Stratford - 196.0 Burke Station
Springfield,Week5,Tuckahoe,Week3,391.0 Tuckahoe - 6.0 Springfield
Springfield,Week3,Tuckahoe,Week5,393.0 Tuckahoe - 7.0 Springfield
Sully Station,Week1,Donaldson Run,Week4,201.0 Donaldson Run - 201.0 Sully Station
Springfield,Week5,Parklawn,Week1,281.0 Parklawn - 95.0 Springfield
Springfield,Week4,Parklawn,Week1,259.0 Parklawn - 115.0 Springfield
Sully Station,Week4,Dominion Hills,Week1,260.0 Sully Station - 142.0 Dominion Hills
Springfield,Week5,Tuckahoe,Week4,396.0 Tuckahoe - 6.0 Springfield
Stratford,Week5,Broyhill Crest,Week4,314.0 Stratford - 86.0 Broyhill Crest
Springfield,Week4,Parklawn,Week2,306.0 Parklawn - 86.0 Springfield
Stratford,Week2,Dowden Terrace,Week2,271.0 Dowden Terrace - 131.0 Stratford
Springfield,Week2,Tuckahoe,Week1,390.0 Tuckahoe - 11.0 Springfield
Springfield,Week5,Parklawn,Week4,311.0 Parklawn - 86.0 Springfield
Sully Station,Week2,Dominion Hills,Week5,227.0 Sully Station - 175.0 Dominion Hills
Stratford,Week5,Burke Station,Week1,205.0 Stratford - 173.0 Burke Station
Sully Station,Week4,Dominion Hills,Week3,248.0 Sully Station - 154.0 Dominion Hills
Stratford,Week2,Burke Station,Week1,191.5 Burke Station - 186.5 Stratford
Springfield,Week1,Vienna Aquatic,Week1,393.0 Vienna Aquatic - 8.0 Springfield
Stratford,Week2,Dowden Terrace,Week1,264.0 Dowden Terrace - 137.0 Stratford
Springfield,Week5,Parklawn,Week3,306.0 Parklawn - 89.0 Springfield
Stratford,Week4,Donaldson Run,Week3,332.0 Donaldson Run - 70.0 Stratford
Springfield,Week2,Parklawn,Week5,326.0 Parklawn - 59.0 Springfield
Springfield,Week1,Vienna Aquatic,Week3,397.0 Vienna Aquatic - 5.0 Springfield
Stratford,Week2,Burke Station,Week3,197.0 Stratford - 195.0 Burke Station
Stratford,Week1,Burke Station,Week1,209.0 Burke Station - 166.0 Stratford
Stratford,Week2,Burke Station,Week4,227.0 Stratford - 170.0 Burke Station
Sully Station,Week1,Dominion Hills,Week3,264.0 Sully Station - 138.0 Dominion Hills
Stratford,Week2,Camelot,Week5,231.0 Camelot - 171.0 Stratford
Stratford,Week1,Dowden Terrace,Week2,272.0 Dowden Terrace - 125.0 Stratford
Stratford,Week1,Dowden Terrace,Week3,268.0 Dowden Terrace - 134.0 Stratford
Springfield,Week3,Vienna Aquatic,Week1,396.0 Vienna Aquatic - 5.0 Springfield
Stratford,Week1,Burke Station,Week4,202.0 Burke Station - 199.0 Stratford
Sully Station,Week2,Dominion Hills,Week3,248.0 Sully Station - 154.0 Dominion Hills
Sully Station,Week5,Dominion Hills,Week1,273.0 Sully Station - 129.0 Dominion Hills
Springfield,Week5,Parklawn,Week2,320.0 Parklawn - 73.0 Springfield
Sully Station,Week3,Dominion Hills,Week5,224.0 Sully Station - 178.0 Dominion Hills
Springfield,Week3,Parklawn,Week2,330.0 Parklawn - 54.0 Springfield
Stratford,Week3,Donaldson Run,Week5,335.0 Donaldson Run - 67.0 Stratford
Stratford,Week3,Dowden Terrace,Week1,253.0 Dowden Terrace - 148.0 Stratford
Springfield,Week2,Parklawn,Week2,324.0 Parklawn - 67.0 Springfield
Springfield,Week2,Vienna Aquatic,Week1,396.0 Vienna Aquatic - 6.0 Springfield
Sully Station,Week1,Dominion Hills,Week5,228.0 Sully Station - 174.0 Dominion Hills
Springfield,Week1,Vienna Aquatic,Week2,395.0 Vienna Aquatic - 7.0 Springfield
Stratford,Week2,Dowden Terrace,Week4,262.0 Dowden Terrace - 135.0 Stratford
Stratford,Week1,Burke Station,Week3,219.0 Burke Station - 177.0 Stratford
Springfield,Week1,Vienna Woods,Week5,391.0 Vienna Woods - 10.0 Springfield
Springfield,Week1,Parklawn,Week5,318.0 Parklawn - 78.0 Springfield
Springfield,Week2,Parklawn,Week3,317.0 Parklawn - 77.0 Springfield
Springfield,Week3,Vienna Aquatic,Week5,391.0 Vienna Aquatic - 8.0 Springfield
Stratford,Week2,Burke Station,Week2,237.0 Stratford - 159.0 Burke Station
Stratford,Week3,Dowden Terrace,Week5,282.0 Dowden Terrace - 120.0 Stratford
Springfield,Week4,Vienna Aquatic,Week5,390.0 Vienna Aquatic - 10.0 Springfield
Stratford,Week1,Dowden Terrace,Week4,269.0 Dowden Terrace - 133.0 Stratford
Stratford,Week3,Dowden Terrace,Week2,261.5 Dowden Terrace - 140.5 Stratford
Sully Station,Week1,Dominion Hills,Week1,273.0 Sully Station - 129.0 Dominion Hills
Sully Station,Week2,Dominion Hills,Week2,238.5 Sully Station - 163.5 Dominion Hills
Stratford,Week3,Burke Station,Week4,245.0 Stratford - 157.0 Burke Station
Springfield,Week4,Vienna Aquatic,Week1,393.0 Vienna Aquatic - 9.0 Springfield
Springfield,Week2,Vienna Aquatic,Week3,400.0 Vienna Aquatic - 2.0 Springfield
Sully Station,Week5,Dominion Hills,Week2,265.0 Sully Station - 137.0 Dominion Hills
Springfield,Week3,Parklawn,Week5,318.0 Parklawn - 68.0 Springfield
Sully Station,Week4,Dominion Hills,Week2,256.0 Sully Station - 146.0 Dominion Hills
Springfield,Week4,Parklawn,Week4,310.0 Parklawn - 83.0 Springfield
Springfield,Week5,Vienna Aquatic,Week5,394.0 Vienna Aquatic - 6.0 Springfield
Stratford,Week5,Broyhill Crest,Week5,301.0 Stratford - 100.0 Broyhill Crest
Stratford,Week5,Donaldson Run,Week2,309.0 Donaldson Run - 93.0 Stratford
Sully Station,Week5,Dominion Hills,Week5,250.0 Sully Station - 152.0 Dominion Hills
Stratford,Week3,Dowden Terrace,Week4,263.0 Dowden Terrace - 139.0 Stratford
Springfield,Week4,Vienna Aquatic,Week2,394.0 Vienna Aquatic - 8.0 Springfield
Sully Station,Week1,Dominion Hills,Week4,235.0 Sully Station - 167.0 Dominion Hills
Springfield,Week3,Parklawn,Week1,284.0 Parklawn - 93.0 Springfield
Springfield,Week1,Parklawn,Week3,307.0 Parklawn - 87.0 Springfield
Springfield,Week3,Parklawn,Week3,313.0 Parklawn - 76.0 Springfield
Stratford,Week1,Dunn Loring,Week4,342.0 Dunn Loring - 60.0 Stratford
Springfield,Week5,Parklawn,Week5,309.0 Parklawn - 83.0 Springfield
Springfield,Week2,Parklawn,Week4,329.0 Parklawn - 55.0 Springfield
Stratford,Week3,Burke Station,Week2,227.0 Stratford - 174.0 Burke Station
Sully Station,Week4,Dominion Hills,Week5,222.0 Sully Station - 180.0 Dominion Hills
Stratford,Week5,Dowden Terrace,Week2,263.0 Dowden Terrace - 139.0 Stratford
Stratford,Week4,Burke Station,Week5,222.0 Stratford - 180.0 Burke Station
Stratford,Week1,Burke Station,Week5,234.0 Burke Station - 167.0 Stratford
Springfield,Week5,Vienna Aquatic,Week2,398.0 Vienna Aquatic - 4.0 Springfield
Springfield,Week3,Vienna Aquatic,Week3,398.0 Vienna Aquatic - 4.0 Springfield
Stratford,Week2,Dunn Loring,Week2,340.0 Dunn Loring - 62.0 Stratford
Stratford,Week1,Dunn Loring,Week5,336.0 Dunn Loring - 66.0 Stratford
Springfield,Week5,Vienna Aquatic,Week1,397.0 Vienna Aquatic - 4.0 Springfield
Springfield,Week4,Vienna Aquatic,Week4,386.0 Vienna Aquatic - 15.0 Springfield
Sully Station,Week3,Dominion Hills,Week2,238.0 Sully Station - 164.0 Dominion Hills
Stratford,Week3,Burke Station,Week5,203.0 Stratford - 199.0 Burke Station
Stratford,Week3,Dunn Loring,Week5,340.0 Dunn Loring - 62.0 Stratford
Springfield,Week5,Vienna Aquatic,Week3,400.0 Vienna Aquatic - 2.0 Springfield
Sully Station,Week5,Dominion Hills,Week4,244.0 Sully Station - 157.0 Dominion Hills
Stratford,Week4,Burke Station,Week1,209.0 Stratford - 169.0 Burke Station
Sully Station,Week2,Dominion Hills,Week1,267.0 Sully Station - 135.0 Dominion Hills
Springfield,Week3,Parklawn,Week4,320.0 Parklawn - 64.0 Springfield
Stratford,Week4,Burke Station,Week3,222.0 Stratford - 174.0 Burke Station
Stratford,Week5,Dowden Terrace,Week5,289.0 Dowden Terrace - 113.0 Stratford
Stratford,Week3,Burke Station,Week1,199.0 Stratford - 179.0 Burke Station
Springfield,Week2,Vienna Aquatic,Week5,391.0 Vienna Aquatic - 8.0 Springfield
Sully Station,Week1,Dominion Hills,Week2,250.0 Sully Station - 152.0 Dominion Hills
Springfield,Week1,Parklawn,Week4,316.0 Parklawn - 74.0 Springfield
Stratford,Week1,Burke Station,Week2,214.0 Stratford - 184.0 Burke Station
Springfield,Week2,Parklawn,Week1,294.0 Parklawn - 82.0 Springfield
Sully Station,Week4,Dominion Hills,Week4,229.0 Sully Station - 173.0 Dominion Hills
Stratford,Week5,Dunn Loring,Week2,343.0 Dunn Loring - 59.0 Stratford
Sully Station,Week1,Donaldson Run,Week1,210.0 Sully Station - 192.0 Donaldson Run
Springfield,Week1,Vienna Woods,Week2,387.0 Vienna Woods - 14.0 Springfield
Sully Station,Week1,Donaldson Run,Week3,209.0 Donaldson Run - 193.0 Sully Station
Springfield,Week1,Parliament,Week1,332.0 Parliament - 54.0 Springfield
Stratford,Week2,Dunn Loring,Week1,310.5 Dunn Loring - 91.5 Stratford
Sully Station,Week5,Donaldson Run,Week4,202.0 Donaldson Run - 200.0 Sully Station
Springfield,Week2,Parliament,Week2,342.0 Parliament - 46.0 Springfield
Springfield,Week1,Vienna Woods,Week1,385.0 Vienna Woods - 17.0 Springfield
Stratford,Week4,Dunn Loring,Week5,330.0 Dunn Loring - 72.0 Stratford
Stratford,Week5,Dowden Terrace,Week4,266.0 Dowden Terrace - 136.0 Stratford
Springfield,Week1,Parliament,Week3,347.0 Parliament - 53.0 Springfield
Stratford,Week5,Burke Station,Week3,208.0 Stratford - 185.0 Burke Station
Springfield,Week1,Parliament,Week5,337.0 Parliament - 52.0 Springfield
Stratford,Week4,Burke Station,Week2,254.0 Stratford - 147.0 Burke Station
Springfield,Week5,Vienna Aquatic,Week4,389.0 Vienna Aquatic - 12.0 Springfield
Stratford,Week2,Burke Station,Week5,199.0 Burke Station - 198.0 Stratford
Springfield,Week4,Lee Graham,Week2,388.0 Lee Graham - 14.0 Springfield
Springfield,Week4,Lee Graham,Week1,376.0 Lee Graham - 26.0 Springfield
Springfield,Week3,Vienna Aquatic,Week4,386.0 Vienna Aquatic - 10.0 Springfield
Stratford,Week1,Camelot,Week1,230.0 Camelot - 171.0 Stratford
Springfield,Week3,Lee Graham,Week4,377.0 Lee Graham - 24.0 Springfield
Springfield,Week2,Parliament,Week3,350.0 Parliament - 46.0 Springfield
Springfield,Week1,Vienna Woods,Week3,394.0 Vienna Woods - 8.0 Springfield
Stratford,Week1,Camelot,Week5,248.0 Camelot - 153.0 Stratford
Sully Station,Week3,Donaldson Run,Week5,231.0 Donaldson Run - 171.0 Sully Station
Stratford,Week3,Dunn Loring,Week3,341.5 Dunn Loring - 60.5 Stratford
Stratford,Week4,Dunn Loring,Week1,300.0 Dunn Loring - 102.0 Stratford
Stratford,Week4,Dowden Terrace,Week5,279.0 Dowden Terrace - 123.0 Stratford
Sully Station,Week1,Dowden Terrace,Week5,229.0 Sully Station - 173.0 Dowden Terrace
Stratford,Week1,Dunn Loring,Week1,311.0 Dunn Loring - 86.0 Stratford
Springfield,Week4,Vienna Aquatic,Week3,396.0 Vienna Aquatic - 6.0 Springfield
Springfield,Week4,Lee Graham,Week5,388.0 Lee Graham - 14.0 Springfield
Springfield,Week2,Parliament,Week4,343.0 Parliament - 48.0 Springfield
Springfield,Week2,Vienna Aquatic,Week4,388.0 Vienna Aquatic - 11.0 Springfield
Sully Station,Week3,Donaldson Run,Week1,203.5 Donaldson Run - 198.5 Sully Station
Springfield,Week2,Parliament,Week5,334.0 Parliament - 46.0 Springfield
Sully Station,Week4,Donaldson Run,Week5,242.0 Donaldson Run - 160.0 Sully Station
Stratford,Week1,Camelot,Week2,237.0 Camelot - 163.0 Stratford
Stratford,Week5,Burke Station,Week4,236.0 Stratford - 165.0 Burke Station
Springfield,Week2,Lee Graham,Week3,384.0 Lee Graham - 16.0 Springfield
Springfield,Week2,Mount Vernon Park,Week1,368.0 Mount Vernon Park - 31.0 Springfield
Sully Station,Week5,Donaldson Run,Week3,204.0 Sully Station - 198.0 Donaldson Run
Stratford,Week2,Dunn Loring,Week4,337.0 Dunn Loring - 65.0 Stratford
Stratford,Week2,Camelot,Week2,217.0 Camelot - 185.0 Stratford
Sully Station,Week2,Dowden Terrace,Week1,242.0 Sully Station - 160.0 Dowden Terrace
Springfield,Week3,Vienna Aquatic,Week2,395.0 Vienna Aquatic - 7.0 Springfield
Springfield,Week3,Mount Vernon Park,Week1,373.0 Mount Vernon Park - 27.0 Springfield
Stratford,Week2,Camelot,Week1,209.0 Camelot - 193.0 Stratford
Stratford,Week3,Camelot,Week3,206.0 Camelot - 196.0 Stratford
Springfield,Week5,Mosby Woods,Week2,386.0 Mosby Woods - 14.0 Springfield
Springfield,Week3,Lee Graham,Week5,385.0 Lee Graham - 17.0 Springfield
Stratford,Week4,Camelot,Week5,210.0 Camelot - 192.0 Stratford
Springfield,Week2,Mount Vernon Park,Week3,367.0 Mount Vernon Park - 30.0 Springfield
Stratford,Week2,Camelot,Week4,210.0 Camelot - 192.0 Stratford
Sully Station,Week1,Dowden Terrace,Week3,279.0 Sully Station - 123.0 Dowden Terrace
Springfield,Week4,Mount Vernon Park,Week1,372.0 Mount Vernon Park - 23.0 Springfield
Stratford,Week5,Camelot,Week3,204.0 Camelot - 198.0 Stratford
Stratford,Week5,Dowden Terrace,Week3,242.0 Dowden Terrace - 160.0 Stratford
Stratford,Week3,Dunn Loring,Week4,345.0 Dunn Loring - 57.0 Stratford
Sully Station,Week3,Donaldson Run,Week2,203.0 Donaldson Run - 199.0 Sully Station
Stratford,Week1,Canterbury Woods,Week5,220.0 Canterbury Woods - 173.0 Stratford
Stratford,Week5,Dunn Loring,Week1,303.0 Dunn Loring - 99.0 Stratford
Stratford,Week4,Dunn Loring,Week3,328.0 Dunn Loring - 74.0 Stratford
Springfield,Week1,Vienna Woods,Week4,387.0 Vienna Woods - 9.0 Springfield
Stratford,Week4,Dowden Terrace,Week4,255.0 Dowden Terrace - 147.0 Stratford
Sully Station,Week4,Donaldson Run,Week2,213.0 Donaldson Run - 189.0 Sully Station
Stratford,Week2,Dunn Loring,Week5,346.0 Dunn Loring - 56.0 Stratford
Springfield,Week5,Mount Vernon Park,Week1,379.0 Mount Vernon Park - 15.0 Springfield
Stratford,Week1,Dunn Loring,Week3,344.5 Dunn Loring - 57.5 Stratford
Stratford,Week1,Camelot,Week4,232.0 Camelot - 169.0 Stratford
Springfield,Week1,Newington Forest,Week1,290.0 Newington Forest - 97.0 Springfield
Sully Station,Week2,Donaldson Run,Week2,201.0 Donaldson Run - 201.0 Sully Station
Stratford,Week4,Dunn Loring,Week4,333.0 Dunn Loring - 69.0 Stratford
Springfield,Week1,Mount Vernon Park,Week5,378.0 Mount Vernon Park - 17.0 Springfield
Stratford,Week3,Dunn Loring,Week1,310.0 Dunn Loring - 92.0 Stratford
Springfield,Week4,Lee Graham,Week3,388.0 Lee Graham - 12.0 Springfield
Springfield,Week1,Lincolnia Park,Week2,268.0 Lincolnia Park - 104.0 Springfield
Springfield,Week3,Lee Graham,Week3,380.0 Lee Graham - 19.0 Springfield
Springfield,Week2,Lincolnia Park,Week4,277.0 Lincolnia Park - 95.0 Springfield
Springfield,Week5,Lee Graham,Week5,390.0 Lee Graham - 11.0 Springfield
Stratford,Week2,Canterbury Woods,Week2,205.0 Stratford - 197.0 Canterbury Woods
Stratford,Week3,Camelot,Week5,223.0 Camelot - 179.0 Stratford
Sully Station,Week5,Donaldson Run,Week1,213.0 Sully Station - 189.0 Donaldson Run
Stratford,Week5,Camelot,Week1,201.0 Stratford - 200.0 Camelot
Springfield,Week1,Mount Vernon Park,Week1,381.0 Mount Vernon Park - 19.0 Springfield
Springfield,Week5,Mount Vernon Park,Week2,389.0 Mount Vernon Park - 12.0 Springfield
Springfield,Week3,Lincolnia Park,Week2,279.0 Lincolnia Park - 83.0 Springfield
Springfield,Week5,Lee Graham,Week4,385.0 Lee Graham - 17.0 Springfield
Sully Station,Week2,Dowden Terrace,Week3,259.0 Sully Station - 143.0 Dowden Terrace
Springfield,Week4,Mount Vernon Park,Week4,378.0 Mount Vernon Park - 24.0 Springfield
Sully Station,Week2,Donaldson Run,Week3,211.5 Donaldson Run - 190.5 Sully Station
Sully Station,Week3,Donaldson Run,Week4,222.0 Donaldson Run - 180.0 Sully Station
Springfield,Week1,Lincolnia Park,Week4,272.0 Lincolnia Park - 117.0 Springfield
Stratford,Week2,Camelot,Week3,207.0 Camelot - 195.0 Stratford
Sully Station,Week1,Dowden Terrace,Week1,262.0 Sully Station - 140.0 Dowden Terrace
Stratford,Week4,Dunn Loring,Week2,324.0 Dunn Loring - 78.0 Stratford
Springfield,Week4,Mount Vernon Park,Week3,369.0 Mount Vernon Park - 23.0 Springfield
Sully Station,Week4,Donaldson Run,Week1,208.0 Donaldson Run - 194.0 Sully Station
Springfield,Week4,Lee Graham,Week4,377.0 Lee Graham - 25.0 Springfield
Springfield,Week2,Lincolnia Park,Week3,299.0 Lincolnia Park - 78.0 Springfield
Springfield,Week1,Mount Vernon Park,Week2,392.0 Mount Vernon Park - 9.0 Springfield
Springfield,Week3,Lincolnia Park,Week1,290.0 Lincolnia Park - 90.0 Springfield
Springfield,Week4,Mount Vernon Park,Week5,369.0 Mount Vernon Park - 26.0 Springfield
Stratford,Week3,Camelot,Week1,202.0 Stratford - 200.0 Camelot
Springfield,Week5,Lincolnia Park,Week1,299.0 Lincolnia Park - 85.0 Springfield
Stratford,Week5,Dowden Terrace,Week1,256.0 Dowden Terrace - 145.0 Stratford
Stratford,Week1,Dunn Loring,Week2,341.0 Dunn Loring - 61.0 Stratford
Stratford,Week3,Camelot,Week4,224.0 Camelot - 178.0 Stratford
Sully Station,Week2,Donaldson Run,Week5,228.0 Donaldson Run - 174.0 Sully Station
Springfield,Week2,Lee Graham,Week5,383.0 Lee Graham - 19.0 Springfield
Stratford,Week2,Dunn Loring,Week3,346.0 Dunn Loring - 56.0 Stratford
Sully Station,Week3,Donaldson Run,Week3,210.0 Donaldson Run - 192.0 Sully Station
Stratford,Week3,Dunn Loring,Week2,336.0 Dunn Loring - 66.0 Stratford
Sully Station,Week5,Donaldson Run,Week2,212.0 Sully Station - 190.0 Donaldson Run
Springfield,Week3,Mount Vernon Park,Week2,383.0 Mount Vernon Park - 19.0 Springfield
Stratford,Week3,Camelot,Week2,213.0 Camelot - 189.0 Stratford
Stratford,Week1,Canterbury Woods,Week2,205.0 Canterbury Woods - 194.0 Stratford
Stratford,Week4,Camelot,Week2,206.0 Camelot - 196.0 Stratford
Springfield,Week1,Mount Vernon Park,Week3,380.0 Mount Vernon Park - 17.0 Springfield
Stratford,Week2,Fair Oaks ,Week1,283.0 Fair Oaks - 119.0 Stratford
Springfield,Week2,Lincolnia Park,Week1,285.0 Lincolnia Park - 97.0 Springfield
Stratford,Week4,Camelot,Week1,219.0 Stratford - 183.0 Camelot
Sully Station,Week1,Donaldson Run,Week5,216.0 Donaldson Run - 186.0 Sully Station
Springfield,Week3,Lee Graham,Week2,379.0 Lee Graham - 23.0 Springfield
Stratford,Week1,Fair Oaks ,Week1,277.0 Fair Oaks - 125.0 Stratford
Sully Station,Week5,Donaldson Run,Week5,206.0 Donaldson Run - 196.0 Sully Station
Springfield,Week5,Lee Graham,Week3,388.0 Lee Graham - 10.0 Springfield
Stratford,Week1,Canterbury Woods,Week4,240.0 Canterbury Woods - 161.0 Stratford
Stratford,Week1,Fair Oaks ,Week4,276.0 Fair Oaks - 126.0 Stratford
Stratford,Week5,Camelot,Week5,208.0 Camelot - 194.0 Stratford
Sully Station,Week4,Donaldson Run,Week3,215.0 Donaldson Run - 187.0 Sully Station
Springfield,Week1,Mount Vernon Park,Week4,391.0 Mount Vernon Park - 11.0 Springfield
Springfield,Week2,Mount Vernon Park,Week5,370.0 Mount Vernon Park - 25.0 Springfield
Sully Station,Week1,Dowden Terrace,Week4,264.0 Sully Station - 138.0 Dowden Terrace
Springfield,Week3,Mount Vernon Park,Week5,375.0 Mount Vernon Park - 17.0 Springfield
Springfield,Week3,Mount Vernon Park,Week3,373.0 Mount Vernon Park - 24.0 Springfield
Stratford,Week5,Dunn Loring,Week5,346.0 Dunn Loring - 56.0 Stratford
Springfield,Week1,Lincolnia Park,Week3,291.0 Lincolnia Park - 90.0 Springfield
Springfield,Week2,Lee Graham,Week4,379.0 Lee Graham - 23.0 Springfield
Springfield,Week2,Lincolnia Park,Week2,283.0 Lincolnia Park - 85.0 Springfield
Sully Station,Week2,Donaldson Run,Week4,223.0 Donaldson Run - 179.0 Sully Station
Sully Station,Week2,Donaldson Run,Week1,206.0 Donaldson Run - 196.0 Sully Station
Springfield,Week5,Mosby Woods,Week3,381.0 Mosby Woods - 18.0 Springfield
Sully Station,Week3,Dowden Terrace,Week1,246.0 Sully Station - 155.0 Dowden Terrace
Stratford,Week2,Canterbury Woods,Week3,227.0 Canterbury Woods - 175.0 Stratford
Springfield,Week2,Mount Vernon Park,Week2,383.0 Mount Vernon Park - 19.0 Springfield
Springfield,Week2,Lincolnia Park,Week5,308.0 Lincolnia Park - 68.0 Springfield
Stratford,Week4,Camelot,Week3,209.0 Stratford - 193.0 Camelot
Springfield,Week2,Lee Graham,Week2,381.0 Lee Graham - 21.0 Springfield
Springfield,Week2,Mount Vernon Park,Week4,375.0 Mount Vernon Park - 27.0 Springfield
Springfield,Week5,Mosby Woods,Week5,390.0 Mosby Woods - 12.0 Springfield
Springfield,Week5,Lee Graham,Week2,389.0 Lee Graham - 13.0 Springfield
Stratford,Week5,Camelot,Week2,218.0 Camelot - 184.0 Stratford
Springfield,Week5,Mount Vernon Park,Week3,380.0 Mount Vernon Park - 18.0 Springfield
Stratford,Week3,Fair Oaks ,Week5,270.0 Fair Oaks - 132.0 Stratford
Sully Station,Week2,Dowden Terrace,Week4,239.0 Sully Station - 158.0 Dowden Terrace
Stratford,Week2,Canterbury Woods,Week1,208.0 Canterbury Woods - 189.0 Stratford
Springfield,Week5,Mosby Woods,Week1,392.0 Mosby Woods - 9.0 Springfield
Stratford,Week3,Fair Oaks ,Week3,263.0 Fair Oaks - 139.0 Stratford
Springfield,Week1,Lincolnia Park,Week1,272.0 Lincolnia Park - 111.0 Springfield
Sully Station,Week2,Dowden Terrace,Week5,215.0 Sully Station - 187.0 Dowden Terrace
Springfield,Week3,Lee Graham,Week1,370.0 Lee Graham - 27.0 Springfield
Sully Station,Week2,Dowden Terrace,Week2,243.0 Sully Station - 159.0 Dowden Terrace
Springfield,Week5,Lee Graham,Week1,383.0 Lee Graham - 19.0 Springfield
Stratford,Week1,Canterbury Woods,Week3,225.0 Canterbury Woods - 172.0 Stratford
Stratford,Week2,Canterbury Woods,Week4,225.0 Canterbury Woods - 177.0 Stratford
Sully Station,Week4,Donaldson Run,Week4,225.5 Donaldson Run - 176.5 Sully Station
Stratford,Week4,Camelot,Week4,203.0 Stratford - 199.0 Camelot
Sully Station,Week1,Dowden Terrace,Week2,257.0 Sully Station - 145.0 Dowden Terrace
Stratford,Week5,Dunn Loring,Week3,354.0 Dunn Loring - 48.0 Stratford
Stratford,Week2,Fair Oaks ,Week4,265.0 Fair Oaks - 137.0 Stratford
Springfield,Week2,Newington Forest,Week3,320.0 Newington Forest - 76.0 Springfield
Stratford,Week2,Fair Oaks ,Week2,242.0 Fair Oaks - 160.0 Stratford
Stratford,Week2,Fair Oaks ,Week5,296.0 Fair Oaks - 106.0 Stratford
Springfield,Week1,Lincolnia Park,Week5,293.0 Lincolnia Park - 92.0 Springfield
Springfield,Week5,Mosby Woods,Week4,378.0 Mosby Woods - 17.0 Springfield
Stratford,Week1,Fair Oaks ,Week5,301.0 Fair Oaks - 100.0 Stratford
Springfield,Week4,Lincolnia Park,Week1,266.0 Lincolnia Park - 122.0 Springfield
Springfield,Week3,Lincolnia Park,Week5,291.0 Lincolnia Park - 81.0 Springfield
Springfield,Week4,Mount Vernon Park,Week2,381.0 Mount Vernon Park - 21.0 Springfield
Springfield,Week3,Lincolnia Park,Week3,297.0 Lincolnia Park - 75.0 Springfield
Sully Station,Week3,Dowden Terrace,Week4,245.0 Sully Station - 157.0 Dowden Terrace
Sully Station,Week3,Dowden Terrace,Week3,271.0 Sully Station - 131.0 Dowden Terrace
Stratford,Week1,Fair Oaks ,Week2,246.0 Fair Oaks - 156.0 Stratford
Stratford,Week2,Canterbury Woods,Week5,205.0 Canterbury Woods - 191.0 Stratford
Stratford,Week1,Canterbury Woods,Week1,216.0 Canterbury Woods - 186.0 Stratford
Springfield,Week3,Mount Vernon Park,Week4,379.0 Mount Vernon Park - 23.0 Springfield
Stratford,Week3,Fair Oaks ,Week2,236.0 Fair Oaks - 166.0 Stratford
Stratford,Week3,Canterbury Woods,Week1,214.0 Stratford - 188.0 Canterbury Woods
Sully Station,Week3,Dunn Loring,Week3,245.0 Dunn Loring - 157.0 Sully Station
Sully Station,Week3,Dowden Terrace,Week2,259.0 Sully Station - 143.0 Dowden Terrace
Springfield,Week5,Mount Vernon Park,Week5,379.0 Mount Vernon Park - 16.0 Springfield
Springfield,Week5,Mount Vernon Park,Week4,389.0 Mount Vernon Park - 12.0 Springfield
Stratford,Week5,Camelot,Week4,217.0 Camelot - 185.0 Stratford
Stratford,Week3,Canterbury Woods,Week2,219.0 Stratford - 183.0 Canterbury Woods
Stratford,Week1,Fair Oaks ,Week3,279.0 Fair Oaks - 123.0 Stratford
Springfield,Week4,Lincolnia Park,Week3,290.0 Lincolnia Park - 93.0 Springfield
Springfield,Week2,Vienna Woods,Week4,384.0 Vienna Woods - 13.0 Springfield
Stratford,Week3,Fair Oaks ,Week1,270.5 Fair Oaks - 131.5 Stratford
Springfield,Week4,Lincolnia Park,Week4,254.0 Lincolnia Park - 130.0 Springfield
Springfield,Week3,Newington Forest,Week5,329.0 Newington Forest - 66.0 Springfield
Springfield,Week3,Newington Forest,Week3,319.0 Newington Forest - 77.0 Springfield
Springfield,Week4,Lincolnia Park,Week5,283.0 Lincolnia Park - 103.0 Springfield
Sully Station,Week2,Dunn Loring,Week2,240.5 Dunn Loring - 161.5 Sully Station
Springfield,Week1,Hunter Mill,Week1,365.0 Hunter Mill - 32.0 Springfield
Sully Station,Week2,Dunn Loring,Week4,232.0 Dunn Loring - 170.0 Sully Station
Springfield,Week2,Little Hunting Park,Week5,330.0 Little Hunting Park - 57.0 Springfield
Stratford,Week2,Fair Oaks ,Week3,270.0 Fair Oaks - 132.0 Stratford
Stratford,Week3,Fair Oaks ,Week4,254.0 Fair Oaks - 148.0 Stratford
Sully Station,Week2,Dunn Loring,Week5,223.0 Dunn Loring - 179.0 Sully Station
Stratford,Week5,Dunn Loring,Week4,349.0 Dunn Loring - 53.0 Stratford
Springfield,Week3,Hunt Valley,Week5,393.0 Hunt Valley - 9.0 Springfield
Sully Station,Week4,Dunn Loring,Week4,237.0 Dunn Loring - 165.0 Sully Station
Springfield,Week4,Newington Forest,Week4,298.0 Newington Forest - 94.0 Springfield
Springfield,Week4,Vienna Woods,Week4,387.0 Vienna Woods - 10.0 Springfield
Springfield,Week3,Vienna Woods,Week3,391.0 Vienna Woods - 9.0 Springfield
Springfield,Week5,Vienna Woods,Week4,388.0 Vienna Woods - 8.0 Springfield
Springfield,Week5,Lincolnia Park,Week4,293.0 Lincolnia Park - 92.0 Springfield
Springfield,Week4,Hunt Valley,Week5,393.0 Hunt Valley - 9.0 Springfield
Springfield,Week4,Newington Forest,Week1,280.0 Newington Forest - 107.0 Springfield
Sully Station,Week5,Dunn Loring,Week1,211.0 Sully Station - 191.0 Dunn Loring
Springfield,Week4,Little Hunting Park,Week1,330.0 Little Hunting Park - 65.0 Springfield
Springfield,Week4,Hunt Valley,Week1,387.0 Hunt Valley - 10.0 Springfield
Springfield,Week1,North Springfield,Week5,244.0 North Springfield - 96.0 Springfield
Sully Station,Week3,Dunn Loring,Week1,202.0 Dunn Loring - 200.0 Sully Station
Springfield,Week1,Little Hunting Park,Week1,330.0 Little Hunting Park - 65.0 Springfield
Springfield,Week2,North Springfield,Week2,258.0 North Springfield - 99.0 Springfield
Springfield,Week4,Little Hunting Park,Week5,320.0 Little Hunting Park - 68.0 Springfield
Springfield,Week2,Vienna Woods,Week1,383.0 Vienna Woods - 14.0 Springfield
Springfield,Week3,Vienna Woods,Week5,392.0 Vienna Woods - 8.0 Springfield
Sully Station,Week5,Dowden Terrace,Week4,266.0 Sully Station - 136.0 Dowden Terrace
Springfield,Week4,Vienna Woods,Week1,386.0 Vienna Woods - 11.0 Springfield
Springfield,Week5,Newington Forest,Week4,326.0 Newington Forest - 67.0 Springfield
Springfield,Week2,North Springfield,Week3,275.0 North Springfield - 84.0 Springfield
Springfield,Week3,Hunt Valley,Week3,389.0 Hunt Valley - 13.0 Springfield
Springfield,Week2,Villa Aquatic,Week5,382.0 Villa Aquatic - 20.0 Springfield
Springfield,Week4,Hunt Valley,Week4,379.0 Hunt Valley - 23.0 Springfield
Springfield,Week3,Lincolnia Park,Week4,283.0 Lincolnia Park - 94.0 Springfield
Sully Station,Week4,Dowden Terrace,Week2,263.0 Sully Station - 139.0 Dowden Terrace
Springfield,Week4,Newington Forest,Week3,306.0 Newington Forest - 93.0 Springfield
Springfield,Week2,Vienna Woods,Week5,392.0 Vienna Woods - 8.0 Springfield
Springfield,Week5,Hunt Valley,Week3,392.0 Hunt Valley - 10.0 Springfield
Springfield,Week5,Lincolnia Park,Week2,292.0 Lincolnia Park - 80.0 Springfield
Springfield,Week3,Little Hunting Park,Week2,318.0 Little Hunting Park - 72.0 Springfield
Springfield,Week1,Newington Forest,Week3,315.0 Newington Forest - 83.0 Springfield
Springfield,Week1,Newington Forest,Week4,318.0 Newington Forest - 78.0 Springfield
Springfield,Week5,Lincolnia Park,Week3,311.0 Lincolnia Park - 73.0 Springfield
Springfield,Week4,Vienna Woods,Week3,393.0 Vienna Woods - 9.0 Springfield
Springfield,Week2,Newington Forest,Week1,303.0 Newington Forest - 79.0 Springfield
Springfield,Week1,Hunter Mill,Week3,371.0 Hunter Mill - 29.0 Springfield
Springfield,Week3,Hunt Valley,Week2,388.0 Hunt Valley - 14.0 Springfield
Springfield,Week5,Hunt Valley,Week1,391.0 Hunt Valley - 6.0 Springfield
Sully Station,Week5,Dowden Terrace,Week2,268.0 Sully Station - 134.0 Dowden Terrace
Sully Station,Week1,Dunn Loring,Week1,206.0 Sully Station - 196.0 Dunn Loring
Springfield,Week2,North Springfield,Week4,240.0 North Springfield - 111.0 Springfield
Springfield,Week1,North Springfield,Week2,258.0 North Springfield - 101.0 Springfield
Springfield,Week1,Villa Aquatic,Week2,348.0 Villa Aquatic - 54.0 Springfield
Sully Station,Week4,Dowden Terrace,Week5,235.0 Sully Station - 167.0 Dowden Terrace
Springfield,Week4,Villa Aquatic,Week1,346.0 Villa Aquatic - 55.0 Springfield
Springfield,Week5,Hunt Valley,Week2,390.0 Hunt Valley - 10.0 Springfield
Sully Station,Week4,Dowden Terrace,Week4,242.0 Sully Station - 160.0 Dowden Terrace
Springfield,Week1,Little Hunting Park,Week3,325.0 Little Hunting Park - 67.0 Springfield
Sully Station,Week2,Dunn Loring,Week3,252.0 Dunn Loring - 150.0 Sully Station
Sully Station,Week5,Dowden Terrace,Week1,268.0 Sully Station - 133.0 Dowden Terrace
Springfield,Week3,Newington Forest,Week2,300.0 Newington Forest - 80.0 Springfield
Springfield,Week1,Villa Aquatic,Week5,364.0 Villa Aquatic - 38.0 Springfield
Springfield,Week2,Vienna Woods,Week2,388.0 Vienna Woods - 13.0 Springfield
Sully Station,Week5,Dowden Terrace,Week3,285.0 Sully Station - 117.0 Dowden Terrace
Springfield,Week5,Newington Forest,Week3,331.0 Newington Forest - 67.0 Springfield
Springfield,Week2,Little Hunting Park,Week3,334.0 Little Hunting Park - 58.0 Springfield
Springfield,Week2,Hunter Mill,Week1,366.0 Hunter Mill - 31.0 Springfield
Springfield,Week3,Little Hunting Park,Week3,322.0 Little Hunting Park - 69.0 Springfield
Springfield,Week5,Hunt Valley,Week4,388.0 Hunt Valley - 13.0 Springfield
Springfield,Week1,Hunter Mill,Week4,373.0 Hunter Mill - 27.0 Springfield
Springfield,Week5,Vienna Woods,Week3,396.0 Vienna Woods - 6.0 Springfield
Sully Station,Week4,Dowden Terrace,Week3,279.0 Sully Station - 123.0 Dowden Terrace
Springfield,Week4,Lincolnia Park,Week2,270.5 Lincolnia Park - 99.5 Springfield
Sully Station,Week2,Dunn Loring,Week1,216.0 Dunn Loring - 186.0 Sully Station
Springfield,Week2,Little Hunting Park,Week1,334.0 Little Hunting Park - 61.0 Springfield
Springfield,Week1,Newington Forest,Week5,323.0 Newington Forest - 74.0 Springfield
Springfield,Week1,Little Hunting Park,Week2,329.0 Little Hunting Park - 62.0 Springfield
Springfield,Week2,Hunter Mill,Week2,365.0 Hunter Mill - 34.0 Springfield
Springfield,Week5,Hunt Valley,Week5,398.0 Hunt Valley - 4.0 Springfield
Springfield,Week1,Villa Aquatic,Week3,373.0 Villa Aquatic - 29.0 Springfield
Springfield,Week2,Newington Forest,Week4,320.0 Newington Forest - 69.0 Springfield
Sully Station,Week3,Dunn Loring,Week2,242.0 Dunn Loring - 160.0 Sully Station
Springfield,Week3,Villa Aquatic,Week4,368.0 Villa Aquatic - 33.0 Springfield
Sully Station,Week1,Dunn Loring,Week3,240.0 Dunn Loring - 162.0 Sully Station
Springfield,Week3,Little Hunting Park,Week1,319.0 Little Hunting Park - 70.0 Springfield
Springfield,Week2,Hunter Mill,Week3,374.0 Hunter Mill - 24.0 Springfield
Springfield,Week1,Little Hunting Park,Week5,326.0 Little Hunting Park - 62.0 Springfield
Sully Station,Week1,Dunn Loring,Week2,226.0 Dunn Loring - 176.0 Sully Station
Springfield,Week5,Newington Forest,Week1,299.0 Newington Forest - 89.0 Springfield
Springfield,Week2,Vienna Woods,Week3,392.0 Vienna Woods - 10.0 Springfield
Springfield,Week1,Newington Forest,Week2,297.0 Newington Forest - 89.0 Springfield
Springfield,Week2,Hunter Mill,Week4,367.0 Hunter Mill - 33.0 Springfield
Springfield,Week2,Hunter Mill,Week5,377.0 Hunter Mill - 25.0 Springfield
Springfield,Week5,Newington Forest,Week5,329.0 Newington Forest - 68.0 Springfield
Springfield,Week3,Vienna Woods,Week2,386.0 Vienna Woods - 12.0 Springfield
Springfield,Week1,Villa Aquatic,Week4,362.0 Villa Aquatic - 40.0 Springfield
Springfield,Week1,Little Hunting Park,Week4,315.0 Little Hunting Park - 81.0 Springfield
Springfield,Week3,Little Hunting Park,Week4,318.0 Little Hunting Park - 73.0 Springfield
Springfield,Week5,Vienna Woods,Week5,393.0 Vienna Woods - 8.0 Springfield
Springfield,Week4,Hunt Valley,Week2,387.0 Hunt Valley - 14.0 Springfield
Springfield,Week2,Little Hunting Park,Week2,332.0 Little Hunting Park - 58.0 Springfield
Springfield,Week3,Hunt Valley,Week1,387.0 Hunt Valley - 15.0 Springfield
Springfield,Week3,Newington Forest,Week1,303.0 Newington Forest - 74.0 Springfield
Springfield,Week4,Vienna Woods,Week2,389.0 Vienna Woods - 12.0 Springfield
Springfield,Week4,Newington Forest,Week2,285.0 Newington Forest - 102.0 Springfield
Springfield,Week5,Vienna Woods,Week1,384.0 Vienna Woods - 13.0 Springfield
Sully Station,Week4,Dowden Terrace,Week1,261.0 Sully Station - 141.0 Dowden Terrace
Springfield,Week1,Hunter Mill,Week5,378.0 Hunter Mill - 24.0 Springfield
Sully Station,Week5,Dowden Terrace,Week5,255.0 Sully Station - 147.0 Dowden Terrace
Springfield,Week5,Lincolnia Park,Week5,309.0 Lincolnia Park - 76.0 Springfield
Sully Station,Week4,Dunn Loring,Week1,210.0 Dunn Loring - 192.0 Sully Station
Sully Station,Week1,Dunn Loring,Week5,227.0 Dunn Loring - 175.0 Sully Station
Sully Station,Week1,Dunn Loring,Week4,222.0 Dunn Loring - 180.0 Sully Station
Springfield,Week5,Newington Forest,Week2,315.0 Newington Forest - 72.0 Springfield
Springfield,Week4,Little Hunting Park,Week3,320.0 Little Hunting Park - 72.0 Springfield
Springfield,Week3,Vienna Woods,Week4,383.0 Vienna Woods - 13.0 Springfield
Springfield,Week5,Vienna Woods,Week2,388.0 Vienna Woods - 13.0 Springfield
Sully Station,Week3,Dunn Loring,Week5,225.0 Dunn Loring - 177.0 Sully Station
Springfield,Week4,Hunt Valley,Week3,388.0 Hunt Valley - 14.0 Springfield
Sully Station,Week3,Dowden Terrace,Week5,230.0 Sully Station - 172.0 Dowden Terrace
Springfield,Week3,Little Hunting Park,Week5,324.0 Little Hunting Park - 66.0 Springfield
Springfield,Week3,Hunt Valley,Week4,383.0 Hunt Valley - 18.0 Springfield
Springfield,Week1,Hunter Mill,Week2,367.0 Hunter Mill - 32.0 Springfield
Springfield,Week3,Vienna Woods,Week1,383.0 Vienna Woods - 19.0 Springfield
Springfield,Week4,Little Hunting Park,Week4,313.0 Little Hunting Park - 83.0 Springfield
Springfield,Week3,Newington Forest,Week4,311.0 Newington Forest - 74.0 Springfield
Springfield,Week1,Villa Aquatic,Week1,352.0 Villa Aquatic - 49.0 Springfield
Springfield,Week2,Hunt Valley,Week5,397.0 Hunt Valley - 5.0 Springfield
Springfield,Week2,Newington Forest,Week2,305.0 Newington Forest - 79.0 Springfield
Sully Station,Week3,Dunn Loring,Week4,226.0 Dunn Loring - 176.0 Sully Station
Springfield,Week4,Little Hunting Park,Week2,318.0 Little Hunting Park - 74.0 Springfield
Springfield,Week2,Newington Forest,Week5,334.0 Newington Forest - 57.0 Springfield
Springfield,Week4,Newington Forest,Week5,315.0 Newington Forest - 82.0 Springfield
Springfield,Week2,Little Hunting Park,Week4,326.0 Little Hunting Park - 67.0 Springfield
Springfield,Week2,Villa Aquatic,Week1,358.0 Villa Aquatic - 41.0 Springfield
Springfield,Week2,Little Rocky Run,Week4,385.0 Little Rocky Run - 16.0 Springfield
Sully Station,Week4,Dunn Loring,Week2,246.0 Dunn Loring - 156.0 Sully Station
Stratford,Week1,Rolling Hills,Week4,243.0 Rolling Hills - 150.0 Stratford
Springfield,Week3,North Springfield,Week2,265.0 North Springfield - 89.0 Springfield
Springfield,Week1,Little Rocky Run,Week5,392.0 Little Rocky Run - 5.0 Springfield
Springfield,Week1,Oakton ,Week4,388.0 Oakton - 13.0 Springfield
Sully Station,Week1,Fairfax,Week2,210.0 Fairfax - 192.0 Sully Station
Sully Station,Week4,Dunn Loring,Week5,235.0 Dunn Loring - 167.0 Sully Station
Stratford,Week3,Rolling Forest,Week2,231.0 Rolling Forest - 171.0 Stratford
Sully Station,Week5,Fair Oaks ,Week4,275.0 Sully Station - 127.0 Fair Oaks
Springfield,Week2,Village West,Week1,330.0 Village West - 68.0 Springfield
Sully Station,Week3,Fair Oaks ,Week4,248.0 Sully Station - 154.0 Fair Oaks
Stratford,Week3,Rolling Hills,Week5,220.0 Rolling Hills - 182.0 Stratford
Springfield,Week2,North Springfield,Week1,190.0 North Springfield - 128.0 Springfield
Springfield,Week2,Villa Aquatic,Week4,377.0 Villa Aquatic - 25.0 Springfield
Sully Station,Week4,Dunn Loring,Week3,251.0 Dunn Loring - 151.0 Sully Station
Springfield,Week1,North Springfield,Week1,177.0 North Springfield - 142.0 Springfield
Springfield,Week3,Villa Aquatic,Week3,371.0 Villa Aquatic - 30.0 Springfield
Springfield,Week2,Little Rocky Run,Week3,389.0 Little Rocky Run - 12.0 Springfield
Stratford,Week3,Rolling Forest,Week1,246.0 Rolling Forest - 156.0 Stratford
Sully Station,Week1,Fair Oaks ,Week2,274.0 Sully Station - 128.0 Fair Oaks
Springfield,Week3,North Springfield,Week4,247.0 North Springfield - 102.0 Springfield
Springfield,Week2,Villa Aquatic,Week2,357.0 Villa Aquatic - 45.0 Springfield
Springfield,Week1,Little Rocky Run,Week1,377.0 Little Rocky Run - 24.0 Springfield
Springfield,Week3,Villa Aquatic,Week5,373.0 Villa Aquatic - 29.0 Springfield
Sully Station,Week1,Fair Oaks ,Week1,248.0 Sully Station - 154.0 Fair Oaks
Stratford,Week4,Rolling Forest,Week4,213.5 Rolling Forest - 188.5 Stratford
Springfield,Week1,Oakton ,Week5,391.0 Oakton - 11.0 Springfield
Stratford,Week5,Rolling Forest,Week2,207.0 Rolling Forest - 195.0 Stratford
Stratford,Week2,Rolling Hills,Week5,218.0 Rolling Hills - 184.0 Stratford
Stratford,Week3,Rolling Hills,Week3,232.0 Rolling Hills - 170.0 Stratford
Springfield,Week5,North Springfield,Week3,279.0 North Springfield - 92.0 Springfield
Springfield,Week1,North Springfield,Week4,240.0 North Springfield - 115.0 Springfield
Springfield,Week1,Little Rocky Run,Week2,381.0 Little Rocky Run - 21.0 Springfield
Springfield,Week3,Villa Aquatic,Week1,360.0 Villa Aquatic - 40.0 Springfield
Stratford,Week5,Rolling Forest,Week4,220.0 Rolling Forest - 182.0 Stratford
Springfield,Week2,Little Rocky Run,Week5,387.0 Little Rocky Run - 10.0 Springfield
Springfield,Week4,Vienna Woods,Week5,390.0 Vienna Woods - 11.0 Springfield
Sully Station,Week3,Fair Oaks ,Week2,276.0 Sully Station - 126.0 Fair Oaks
Springfield,Week2,Villa Aquatic,Week3,381.0 Villa Aquatic - 21.0 Springfield
Springfield,Week2,Little Rocky Run,Week2,379.0 Little Rocky Run - 23.0 Springfield
Springfield,Week5,Little Hunting Park,Week4,336.0 Little Hunting Park - 56.0 Springfield
Sully Station,Week2,Fair Oaks ,Week5,222.0 Sully Station - 180.0 Fair Oaks
Springfield,Week1,North Springfield,Week3,275.0 North Springfield - 92.0 Springfield
Springfield,Week3,Little Rocky Run,Week2,378.0 Little Rocky Run - 24.0 Springfield
Springfield,Week2,Little Rocky Run,Week1,378.0 Little Rocky Run - 18.0 Springfield
Springfield,Week2,Oakton ,Week1,379.0 Oakton - 18.0 Springfield
Springfield,Week3,Villa Aquatic,Week2,355.0 Villa Aquatic - 46.0 Springfield
Springfield,Week4,North Springfield,Week4,235.0 North Springfield - 123.0 Springfield
Springfield,Week5,Little Rocky Run,Week2,388.0 Little Rocky Run - 14.0 Springfield
Springfield,Week1,Oakton ,Week3,387.0 Oakton - 15.0 Springfield
Springfield,Week4,Village West,Week1,311.0 Village West - 89.0 Springfield
Springfield,Week3,Little Rocky Run,Week1,375.0 Little Rocky Run - 21.0 Springfield
Sully Station,Week1,Fair Oaks ,Week4,267.0 Sully Station - 135.0 Fair Oaks
Stratford,Week5,Rolling Forest,Week1,228.0 Rolling Forest - 174.0 Stratford
Springfield,Week5,Little Hunting Park,Week3,343.0 Little Hunting Park - 47.0 Springfield
Springfield,Week2,Village West,Week3,337.0 Village West - 59.0 Springfield
Springfield,Week5,North Springfield,Week5,262.0 North Springfield - 78.0 Springfield
Springfield,Week5,Villa Aquatic,Week3,384.0 Villa Aquatic - 18.0 Springfield
Stratford,Week1,Rolling Hills,Week2,238.5 Rolling Hills - 163.5 Stratford
Springfield,Week5,Villa Aquatic,Week5,384.0 Villa Aquatic - 18.0 Springfield
Stratford,Week4,Rolling Forest,Week1,217.0 Rolling Forest - 185.0 Stratford
Sully Station,Week2,Fair Oaks ,Week3,233.0 Sully Station - 169.0 Fair Oaks
Sully Station,Week4,Fair Oaks ,Week4,260.0 Sully Station - 142.0 Fair Oaks
Springfield,Week3,Long Branch,Week1,330.0 Long Branch - 50.0 Springfield
Sully Station,Week5,Fair Oaks ,Week1,269.0 Sully Station - 133.0 Fair Oaks
Springfield,Week2,Oakton ,Week2,381.0 Oakton - 21.0 Springfield
Springfield,Week2,Long Branch,Week1,326.0 Long Branch - 56.0 Springfield
Stratford,Week4,Rolling Forest,Week2,203.0 Rolling Forest - 199.0 Stratford
Stratford,Week4,Rolling Forest,Week5,237.0 Rolling Forest - 165.0 Stratford
Sully Station,Week4,Fair Oaks ,Week3,233.0 Sully Station - 169.0 Fair Oaks
Stratford,Week2,Rolling Forest,Week5,272.0 Rolling Forest - 130.0 Stratford
Sully Station,Week5,Dunn Loring,Week2,217.0 Dunn Loring - 185.0 Sully Station
Springfield,Week3,North Springfield,Week3,271.0 North Springfield - 84.0 Springfield
Springfield,Week3,North Springfield,Week1,202.0 North Springfield - 109.0 Springfield
Springfield,Week3,Village West,Week3,340.0 Village West - 55.0 Springfield
Springfield,Week4,Villa Aquatic,Week2,349.0 Villa Aquatic - 53.0 Springfield
Springfield,Week4,Village West,Week3,317.0 Village West - 80.0 Springfield
Sully Station,Week5,Dunn Loring,Week3,217.0 Dunn Loring - 185.0 Sully Station
Springfield,Week1,Oakton ,Week1,388.0 Oakton - 9.0 Springfield
Sully Station,Week5,Dunn Loring,Week5,213.0 Dunn Loring - 189.0 Sully Station
Springfield,Week4,Village West,Week4,304.0 Village West - 91.0 Springfield
Springfield,Week4,Little Rocky Run,Week1,378.0 Little Rocky Run - 18.0 Springfield
Springfield,Week1,Long Branch,Week2,334.0 Long Branch - 66.0 Springfield
Springfield,Week4,Villa Aquatic,Week4,362.0 Villa Aquatic - 40.0 Springfield
Springfield,Week4,North Springfield,Week2,245.0 North Springfield - 119.0 Springfield
Springfield,Week1,Village West,Week3,334.0 Village West - 59.0 Springfield
Springfield,Week1,Little Rocky Run,Week3,390.0 Little Rocky Run - 12.0 Springfield
Sully Station,Week4,Fair Oaks ,Week1,246.5 Sully Station - 155.5 Fair Oaks
Sully Station,Week2,Fair Oaks ,Week1,262.0 Sully Station - 140.0 Fair Oaks
Stratford,Week2,Rolling Hills,Week2,224.0 Rolling Hills - 178.0 Stratford
Springfield,Week5,North Springfield,Week2,270.0 North Springfield - 92.0 Springfield
Springfield,Week5,Little Rocky Run,Week1,380.0 Little Rocky Run - 17.0 Springfield
Stratford,Week3,Rolling Forest,Week3,253.0 Rolling Forest - 149.0 Stratford
Sully Station,Week3,Fair Oaks ,Week1,261.0 Sully Station - 141.0 Fair Oaks
Stratford,Week2,Rolling Hills,Week1,236.0 Rolling Hills - 166.0 Stratford
Stratford,Week5,Rolling Forest,Week5,246.0 Rolling Forest - 156.0 Stratford
Springfield,Week4,Little Rocky Run,Week3,383.0 Little Rocky Run - 19.0 Springfield
Springfield,Week4,Village West,Week2,312.0 Village West - 84.0 Springfield
Springfield,Week3,North Springfield,Week5,251.0 North Springfield - 80.0 Springfield
Springfield,Week4,North Springfield,Week1,177.0 North Springfield - 151.0 Springfield
Sully Station,Week2,Fair Oaks ,Week4,247.5 Sully Station - 154.5 Fair Oaks
Sully Station,Week5,Dunn Loring,Week4,213.0 Dunn Loring - 189.0 Sully Station
Springfield,Week2,North Springfield,Week5,249.0 North Springfield - 90.0 Springfield
Stratford,Week1,Rolling Hills,Week3,247.0 Rolling Hills - 155.0 Stratford
Springfield,Week5,Little Rocky Run,Week3,389.0 Little Rocky Run - 13.0 Springfield
Springfield,Week5,Villa Aquatic,Week2,369.0 Villa Aquatic - 31.0 Springfield
Springfield,Week4,North Springfield,Week3,250.0 North Springfield - 119.0 Springfield
Stratford,Week3,Rolling Forest,Week5,245.0 Rolling Forest - 157.0 Stratford
Springfield,Week1,Village West,Week4,327.0 Village West - 63.0 Springfield
Stratford,Week3,Rolling Forest,Week4,240.0 Rolling Forest - 162.0 Stratford
Springfield,Week5,Little Hunting Park,Week2,339.0 Little Hunting Park - 53.0 Springfield
Springfield,Week3,Pinecrest,Week1,368.0 Pinecrest - 33.0 Springfield
Sully Station,Week5,Fair Oaks ,Week2,291.0 Sully Station - 111.0 Fair Oaks
Stratford,Week3,Rolling Hills,Week1,217.0 Rolling Hills - 185.0 Stratford
Springfield,Week5,Villa Aquatic,Week4,379.0 Villa Aquatic - 21.0 Springfield
Springfield,Week4,Little Rocky Run,Week5,389.0 Little Rocky Run - 8.0 Springfield
Springfield,Week4,Little Rocky Run,Week4,388.0 Little Rocky Run - 13.0 Springfield
Springfield,Week1,Oakton ,Week2,386.0 Oakton - 16.0 Springfield
Springfield,Week5,North Springfield,Week4,260.0 North Springfield - 86.0 Springfield
Springfield,Week4,Villa Aquatic,Week3,372.0 Villa Aquatic - 30.0 Springfield
Springfield,Week5,Little Rocky Run,Week4,385.0 Little Rocky Run - 17.0 Springfield
Stratford,Week5,Rolling Forest,Week3,239.0 Rolling Forest - 163.0 Stratford
Stratford,Week2,Rolling Hills,Week4,229.5 Rolling Hills - 171.5 Stratford
Stratford,Week4,Rolling Forest,Week3,243.0 Rolling Forest - 159.0 Stratford
Springfield,Week2,Village West,Week4,327.0 Village West - 65.0 Springfield
Springfield,Week5,Little Hunting Park,Week5,342.0 Little Hunting Park - 42.0 Springfield
Sully Station,Week4,Fair Oaks ,Week5,226.0 Sully Station - 176.0 Fair Oaks
Sully Station,Week1,Fair Oaks ,Week5,231.0 Sully Station - 171.0 Fair Oaks
Sully Station,Week5,Fair Oaks ,Week3,260.0 Sully Station - 142.0 Fair Oaks
Springfield,Week1,Village West,Week5,324.0 Village West - 67.0 Springfield
Springfield,Week1,Village West,Week2,322.0 Village West - 73.0 Springfield
Stratford,Week1,Rolling Hills,Week5,231.0 Rolling Hills - 170.0 Stratford
Springfield,Week4,Villa Aquatic,Week5,366.0 Villa Aquatic - 36.0 Springfield
Springfield,Week4,Pinecrest,Week2,372.0 Pinecrest - 29.0 Springfield
Springfield,Week5,Little Hunting Park,Week1,338.0 Little Hunting Park - 57.0 Springfield
Springfield,Week4,North Springfield,Week5,245.0 North Springfield - 104.0 Springfield
Springfield,Week1,Village West,Week1,327.0 Village West - 71.0 Springfield
Springfield,Week3,Little Rocky Run,Week3,391.0 Little Rocky Run - 11.0 Springfield
Sully Station,Week3,Fair Oaks ,Week3,232.0 Sully Station - 170.0 Fair Oaks
Springfield,Week3,Little Rocky Run,Week5,385.0 Little Rocky Run - 12.0 Springfield
Stratford,Week2,Rolling Hills,Week3,231.0 Rolling Hills - 166.0 Stratford
Sully Station,Week4,Fair Oaks ,Week2,275.0 Sully Station - 127.0 Fair Oaks
Springfield,Week2,Village West,Week2,339.0 Village West - 58.0 Springfield
Springfield,Week1,Little Rocky Run,Week4,389.0 Little Rocky Run - 12.0 Springfield
Springfield,Week5,North Springfield,Week1,210.0 North Springfield - 113.0 Springfield
Stratford,Week1,Rolling Hills,Week1,245.0 Rolling Hills - 156.0 Stratford
Sully Station,Week1,Fair Oaks ,Week3,238.0 Sully Station - 164.0 Fair Oaks
Stratford,Week3,Rolling Hills,Week4,227.0 Rolling Hills - 174.0 Stratford
Sully Station,Week1,Fairfax,Week1,215.0 Sully Station - 187.0 Fairfax
Springfield,Week1,Long Branch,Week4,350.0 Long Branch - 52.0 Springfield
Sully Station,Week5,Fair Oaks ,Week5,257.0 Sully Station - 145.0 Fair Oaks
Springfield,Week1,Pinewood Lake,Week1,203.0 Springfield - 123.0 Pinewood Lake
Stratford,Week3,Rolling Hills,Week2,227.0 Rolling Hills - 175.0 Stratford
Sully Station,Week1,Fairfax,Week5,215.0 Fairfax - 187.0 Sully Station
Springfield,Week5,Pinecrest,Week1,369.0 Pinecrest - 32.0 Springfield
Springfield,Week5,Little Rocky Run,Week5,387.0 Little Rocky Run - 10.0 Springfield
Springfield,Week1,Long Branch,Week3,319.0 Long Branch - 77.0 Springfield
Stratford,Week4,Rolling Valley,Week2,262.0 Stratford - 140.0 Rolling Valley
Springfield,Week2,Village West,Week5,327.0 Village West - 67.0 Springfield
Springfield,Week2,Pinewood Lake,Week2,167.0 Springfield - 145.0 Pinewood Lake
Springfield,Week3,Village West,Week2,335.0 Village West - 60.0 Springfield
Sully Station,Week3,Fair Oaks ,Week5,222.0 Sully Station - 180.0 Fair Oaks
Springfield,Week3,Village West,Week4,323.0 Village West - 64.0 Springfield
Springfield,Week3,Village West,Week1,336.0 Village West - 59.0 Springfield
Stratford,Week3,Rolling Valley,Week3,247.0 Stratford - 155.0 Rolling Valley
Springfield,Week1,Long Branch,Week5,345.0 Long Branch - 55.0 Springfield
Springfield,Week2,Pinewood Lake,Week4,164.0 Pinewood Lake - 161.0 Springfield
Springfield,Week1,Long Branch,Week1,324.0 Long Branch - 65.0 Springfield
Springfield,Week1,Pinewood Lake,Week5,178.0 Springfield - 164.0 Pinewood Lake
Stratford,Week4,Rolling Valley,Week4,256.0 Stratford - 146.0 Rolling Valley
Sully Station,Week1,Fairfax,Week3,218.0 Fairfax - 184.0 Sully Station
Sully Station,Week2,Fair Oaks ,Week2,277.0 Sully Station - 125.0 Fair Oaks
Springfield,Week3,Little Rocky Run,Week4,390.0 Little Rocky Run - 11.0 Springfield
Springfield,Week5,Villa Aquatic,Week1,366.0 Villa Aquatic - 32.0 Springfield
Springfield,Week3,Pinewood Lake,Week1,162.0 Springfield - 137.0 Pinewood Lake
Stratford,Week1,Rolling Valley,Week3,225.0 Stratford - 172.0 Rolling Valley
Springfield,Week2,Long Branch,Week2,340.0 Long Branch - 61.0 Springfield
Sully Station,Week3,Fairfax,Week2,221.0 Fairfax - 181.0 Sully Station
Sully Station,Week3,Fairfax,Week1,202.0 Sully Station - 200.0 Fairfax
Springfield,Week1,Pinewood Lake,Week4,186.0 Springfield - 147.0 Pinewood Lake
Springfield,Week3,Pinewood Lake,Week4,159.0 Pinewood Lake - 151.0 Springfield
Springfield,Week5,Pinecrest,Week2,381.0 Pinecrest - 20.0 Springfield
Stratford,Week1,Rolling Valley,Week1,263.0 Stratford - 138.0 Rolling Valley
Stratford,Week5,Rolling Hills,Week5,226.0 Rolling Hills - 176.0 Stratford
Springfield,Week3,Pinewood Lake,Week2,154.0 Springfield - 151.0 Pinewood Lake
Stratford,Week1,Rolling Valley,Week4,213.0 Stratford - 188.0 Rolling Valley
Stratford,Week5,Rolling Hills,Week4,226.0 Rolling Hills - 174.0 Stratford
Springfield,Week2,Virginia Hills,Week1,272.0 Virginia Hills - 110.0 Springfield
Springfield,Week4,Little Rocky Run,Week2,376.0 Little Rocky Run - 26.0 Springfield
Sully Station,Week2,Fairfax,Week4,202.0 Fairfax - 200.0 Sully Station
Springfield,Week2,Virginia Hills,Week4,276.0 Virginia Hills - 112.0 Springfield
Springfield,Week4,Pinewood Lake,Week3,202.0 Springfield - 127.0 Pinewood Lake
Sully Station,Week3,Fairfax,Week5,242.0 Fairfax - 160.0 Sully Station
Springfield,Week2,Long Branch,Week4,349.0 Long Branch - 53.0 Springfield
Springfield,Week2,Long Branch,Week3,326.0 Long Branch - 69.0 Springfield
Springfield,Week5,Virginia Hills,Week3,294.0 Virginia Hills - 104.0 Springfield
Springfield,Week3,Village West,Week5,329.0 Village West - 57.0 Springfield
Springfield,Week4,Virginia Hills,Week4,255.0 Virginia Hills - 136.0 Springfield
Sully Station,Week2,Fairfax Club Estates,Week3,283.0 Sully Station - 119.0 Fairfax Club Estates
Sully Station,Week2,Fairfax Club Estates,Week5,276.5 Sully Station - 125.5 Fairfax Club Estates
Springfield,Week4,Pinewood Lake,Week1,210.0 Springfield - 123.0 Pinewood Lake
Springfield,Week2,Ilda Community,Week3,319.0 Ilda Community - 61.0 Springfield
Springfield,Week5,Village West,Week5,340.0 Village West - 52.0 Springfield
Springfield,Week2,Virginia Hills,Week5,282.0 Virginia Hills - 99.0 Springfield
Sully Station,Week3,Fairfax,Week4,214.0 Fairfax - 188.0 Sully Station
Stratford,Week2,Rolling Valley,Week4,235.0 Stratford - 167.0 Rolling Valley
Springfield,Week2,Pinecrest,Week4,380.0 Pinecrest - 22.0 Springfield
Springfield,Week5,Village West,Week1,337.0 Village West - 61.0 Springfield
Sully Station,Week1,Fairfax Club Estates,Week4,292.0 Sully Station - 110.0 Fairfax Club Estates
Springfield,Week3,Pinecrest,Week2,371.0 Pinecrest - 29.0 Springfield
Sully Station,Week1,Fairfax Club Estates,Week2,299.0 Sully Station - 103.0 Fairfax Club Estates
Springfield,Week2,Ilda Community,Week2,341.0 Ilda Community - 57.0 Springfield
Sully Station,Week2,Fairfax,Week1,207.0 Sully Station - 195.0 Fairfax
Springfield,Week4,Hunter Mill,Week3,366.0 Hunter Mill - 35.0 Springfield
Sully Station,Week5,Fairfax,Week5,203.0 Sully Station - 199.0 Fairfax
Springfield,Week5,Village West,Week4,334.0 Village West - 57.0 Springfield
Springfield,Week3,Pinewood Lake,Week3,164.0 Springfield - 135.0 Pinewood Lake
Springfield,Week3,Pinewood Lake,Week5,177.0 Pinewood Lake - 144.0 Springfield
Springfield,Week3,Long Branch,Week2,334.0 Long Branch - 63.0 Springfield
Springfield,Week4,Pinecrest,Week3,374.0 Pinecrest - 28.0 Springfield
Springfield,Week1,Virginia Hills,Week4,256.0 Virginia Hills - 133.0 Springfield
Springfield,Week2,Ilda Community,Week1,337.0 Ilda Community - 55.0 Springfield
Stratford,Week2,Rolling Valley,Week3,238.0 Stratford - 164.0 Rolling Valley
Springfield,Week5,Hunter Mill,Week5,379.0 Hunter Mill - 23.0 Springfield
Springfield,Week1,Virginia Hills,Week2,238.0 Virginia Hills - 135.0 Springfield
Sully Station,Week3,Fairfax Club Estates,Week2,289.0 Sully Station - 113.0 Fairfax Club Estates
Sully Station,Week1,Fairfax Club Estates,Week1,288.0 Sully Station - 114.0 Fairfax Club Estates
Springfield,Week1,Pinewood Lake,Week2,191.0 Springfield - 138.0 Pinewood Lake
Springfield,Week2,Long Branch,Week5,341.0 Long Branch - 58.0 Springfield
Stratford,Week4,Rolling Hills,Week3,220.0 Rolling Hills - 182.0 Stratford
Stratford,Week5,Rolling Hills,Week3,223.0 Rolling Hills - 178.0 Stratford
Stratford,Week4,Rolling Hills,Week5,205.0 Rolling Hills - 197.0 Stratford
Sully Station,Week1,Fairfax Club Estates,Week5,290.0 Sully Station - 112.0 Fairfax Club Estates
Stratford,Week3,Rolling Valley,Week2,253.0 Stratford - 149.0 Rolling Valley
Stratford,Week2,Rolling Valley,Week1,285.0 Stratford - 117.0 Rolling Valley
Springfield,Week3,Ilda Community,Week2,328.0 Ilda Community - 69.0 Springfield
Stratford,Week3,Rolling Valley,Week1,294.0 Stratford - 108.0 Rolling Valley
Springfield,Week3,Virginia Hills,Week3,274.0 Virginia Hills - 121.0 Springfield
Springfield,Week3,Long Branch,Week3,332.0 Long Branch - 65.0 Springfield
Springfield,Week2,Virginia Hills,Week3,289.0 Virginia Hills - 106.0 Springfield
Springfield,Week1,Ilda Community,Week3,310.0 Ilda Community - 78.0 Springfield
Springfield,Week3,Ilda Community,Week5,323.0 Ilda Community - 63.0 Springfield
Stratford,Week1,Rolling Valley,Week5,213.0 Stratford - 189.0 Rolling Valley
Springfield,Week3,Virginia Hills,Week4,264.0 Virginia Hills - 120.0 Springfield
Springfield,Week5,Pinecrest,Week4,387.0 Pinecrest - 15.0 Springfield
Springfield,Week5,Pinecrest,Week3,383.0 Pinecrest - 19.0 Springfield
Stratford,Week2,Rolling Valley,Week2,237.0 Stratford - 165.0 Rolling Valley
Springfield,Week5,Hunter Mill,Week3,379.0 Hunter Mill - 21.0 Springfield
Sully Station,Week2,Fairfax Club Estates,Week2,286.0 Sully Station - 116.0 Fairfax Club Estates
Springfield,Week5,Village West,Week3,346.5 Village West - 44.5 Springfield
Springfield,Week5,Hunter Mill,Week2,360.0 Hunter Mill - 39.0 Springfield
Springfield,Week3,Ilda Community,Week1,330.0 Ilda Community - 61.0 Springfield
Springfield,Week4,Pinecrest,Week4,374.0 Pinecrest - 28.0 Springfield
Sully Station,Week4,Fairfax,Week4,202.0 Sully Station - 200.0 Fairfax
Springfield,Week4,Village West,Week5,320.0 Village West - 76.0 Springfield
Springfield,Week2,Virginia Hills,Week2,250.0 Virginia Hills - 119.0 Springfield
Springfield,Week3,Virginia Hills,Week5,281.0 Virginia Hills - 104.0 Springfield
Springfield,Week4,Virginia Hills,Week2,223.0 Virginia Hills - 157.0 Springfield
Sully Station,Week2,Fairfax,Week3,226.0 Fairfax - 176.0 Sully Station
Stratford,Week5,Rolling Hills,Week2,235.0 Rolling Hills - 167.0 Stratford
Stratford,Week1,Rolling Valley,Week2,220.0 Stratford - 182.0 Rolling Valley
Springfield,Week5,Ilda Community,Week2,349.0 Ilda Community - 51.0 Springfield
Sully Station,Week1,Fairfax,Week4,218.0 Sully Station - 184.0 Fairfax
Springfield,Week5,Village West,Week2,337.0 Village West - 58.0 Springfield
Springfield,Week1,Ilda Community,Week5,314.0 Ilda Community - 74.0 Springfield
Springfield,Week2,Pinecrest,Week5,375.0 Pinecrest - 25.0 Springfield
Stratford,Week5,Rolling Hills,Week1,221.0 Rolling Hills - 181.0 Stratford
Sully Station,Week2,Fairfax Club Estates,Week1,268.0 Sully Station - 134.0 Fairfax Club Estates
Stratford,Week4,Rolling Hills,Week1,205.0 Rolling Hills - 197.0 Stratford
Springfield,Week3,Pinecrest,Week5,369.0 Pinecrest - 23.0 Springfield
Springfield,Week3,Pinecrest,Week4,378.0 Pinecrest - 24.0 Springfield
Stratford,Week2,Rolling Valley,Week5,234.0 Stratford - 168.0 Rolling Valley
Springfield,Week3,Pinecrest,Week3,374.0 Pinecrest - 28.0 Springfield
Springfield,Week3,Hunter Mill,Week4,373.0 Hunter Mill - 26.0 Springfield
Sully Station,Week5,Fairfax,Week1,219.0 Sully Station - 183.0 Fairfax
Springfield,Week4,Pinecrest,Week1,370.0 Pinecrest - 31.0 Springfield
Springfield,Week5,Pinecrest,Week5,379.0 Pinecrest - 21.0 Springfield
Springfield,Week1,Virginia Hills,Week1,243.0 Virginia Hills - 139.0 Springfield
Sully Station,Week2,Fairfax,Week5,232.0 Fairfax - 170.0 Sully Station
Springfield,Week4,Pinecrest,Week5,371.0 Pinecrest - 29.0 Springfield
Springfield,Week3,Hunter Mill,Week2,362.0 Hunter Mill - 36.0 Springfield
Springfield,Week3,Hunter Mill,Week1,367.0 Hunter Mill - 30.0 Springfield
Springfield,Week2,Pinewood Lake,Week1,166.0 Springfield - 131.0 Pinewood Lake
Springfield,Week4,Virginia Hills,Week5,266.0 Virginia Hills - 122.0 Springfield
Springfield,Week4,Hunter Mill,Week1,364.0 Hunter Mill - 33.0 Springfield
Sully Station,Week3,Fairfax,Week3,227.0 Fairfax - 175.0 Sully Station
Stratford,Week4,Rolling Hills,Week4,219.0 Rolling Hills - 182.0 Stratford
Stratford,Week4,Rolling Hills,Week2,214.0 Rolling Hills - 188.0 Stratford
Springfield,Week1,Pinewood Lake,Week3,198.0 Springfield - 132.0 Pinewood Lake
Stratford,Week4,Rolling Valley,Week1,306.0 Stratford - 96.0 Rolling Valley
Springfield,Week3,Virginia Hills,Week2,249.0 Virginia Hills - 121.0 Springfield
Sully Station,Week5,Fairfax,Week4,213.0 Sully Station - 189.0 Fairfax
Springfield,Week4,Hunter Mill,Week4,369.0 Hunter Mill - 33.0 Springfield
Springfield,Week4,Virginia Hills,Week3,262.0 Virginia Hills - 134.0 Springfield
Springfield,Week1,Virginia Hills,Week3,266.0 Virginia Hills - 130.0 Springfield
Stratford,Week3,Rolling Valley,Week5,235.0 Stratford - 167.0 Rolling Valley
Stratford,Week3,Rolling Valley,Week4,246.0 Stratford - 156.0 Rolling Valley
Sully Station,Week2,Fairfax,Week2,212.0 Fairfax - 190.0 Sully Station
Springfield,Week4,Hunter Mill,Week2,360.0 Hunter Mill - 41.0 Springfield
Springfield,Week4,Pinewood Lake,Week2,198.0 Springfield - 129.0 Pinewood Lake
Sully Station,Week5,Fairfax,Week2,212.0 Sully Station - 190.0 Fairfax
Springfield,Week4,Hunter Mill,Week5,368.0 Hunter Mill - 34.0 Springfield
Springfield,Week1,Ilda Community,Week4,338.0 Ilda Community - 59.0 Springfield
Springfield,Week3,Hunter Mill,Week3,379.0 Hunter Mill - 21.0 Springfield
Springfield,Week4,Virginia Hills,Week1,230.0 Virginia Hills - 156.0 Springfield
Springfield,Week5,Hunter Mill,Week1,371.0 Hunter Mill - 26.0 Springfield
Stratford,Week4,Rolling Valley,Week3,258.0 Stratford - 144.0 Rolling Valley
Springfield,Week2,Pinewood Lake,Week3,167.0 Springfield - 142.0 Pinewood Lake
Sully Station,Week4,Fairfax,Week1,207.0 Sully Station - 195.0 Fairfax
Sully Station,Week4,Fairfax,Week2,214.0 Fairfax - 188.0 Sully Station
Springfield,Week2,Pinewood Lake,Week5,177.0 Pinewood Lake - 160.0 Springfield
Springfield,Week2,Pleasant Valley,Week5,270.0 Pleasant Valley - 103.0 Springfield
Springfield,Week4,Pleasant Valley,Week2,273.5 Pleasant Valley - 116.5 Springfield
Sully Station,Week2,Fairfax Club Estates,Week4,275.0 Sully Station - 127.0 Fairfax Club Estates
Springfield,Week5,Hunter Mill,Week4,377.0 Hunter Mill - 24.0 Springfield
Stratford,Week5,Rolling Valley,Week2,250.0 Stratford - 152.0 Rolling Valley
Stratford,Week5,Rolling Valley,Week1,306.0 Stratford - 95.0 Rolling Valley
Stratford,Week4,Village West,Week5,236.0 Stratford - 166.0 Village West
Stratford,Week3,North Springfield,Week2,265.0 Stratford - 123.0 North Springfield
Springfield,Week3,Pleasant Valley,Week5,280.0 Pleasant Valley - 93.0 Springfield
Springfield,Week2,Pleasant Valley,Week1,283.0 Pleasant Valley - 103.0 Springfield
Sully Station,Week3,Fairfax Club Estates,Week4,277.0 Sully Station - 125.0 Fairfax Club Estates
Springfield,Week5,Pinewood Lake,Week3,193.0 Springfield - 143.0 Pinewood Lake
Stratford,Week4,Newington Forest,Week5,222.0 Stratford - 180.0 Newington Forest
Springfield,Week5,Virginia Run,Week4,382.0 Virginia Run - 20.0 Springfield
Springfield,Week1,Ilda Community,Week1,329.0 Ilda Community - 63.0 Springfield
Springfield,Week5,Virginia Hills,Week2,257.0 Virginia Hills - 121.0 Springfield
Springfield,Week2,Ilda Community,Week5,322.0 Ilda Community - 69.0 Springfield
Springfield,Week1,Virginia Hills,Week5,276.0 Virginia Hills - 111.0 Springfield
Springfield,Week3,Hunter Mill,Week5,381.0 Hunter Mill - 21.0 Springfield
Springfield,Week1,Ilda Community,Week2,329.5 Ilda Community - 70.5 Springfield
Springfield,Week1,Wakefield Chapel,Week2,393.0 Wakefield Chapel - 8.0 Springfield
Springfield,Week5,Virginia Hills,Week1,264.0 Virginia Hills - 122.0 Springfield
Stratford,Week2,North Springfield,Week4,279.0 Stratford - 113.0 North Springfield
Stratford,Week5,Rolling Valley,Week3,250.0 Stratford - 152.0 Rolling Valley
Stratford,Week1,North Springfield,Week1,239.0 Stratford - 110.0 North Springfield
Springfield,Week4,Virginia Run,Week1,378.0 Virginia Run - 24.0 Springfield
Sully Station,Week4,Fairfax,Week5,221.0 Fairfax - 181.0 Sully Station
Sully Station,Week3,Fairfax Club Estates,Week1,279.0 Sully Station - 123.0 Fairfax Club Estates
Stratford,Week4,Rolling Valley,Week5,253.0 Stratford - 149.0 Rolling Valley
Sully Station,Week4,Fairfax,Week3,221.0 Fairfax - 181.0 Sully Station
Springfield,Week4,Pleasant Valley,Week3,293.0 Pleasant Valley - 104.0 Springfield
Springfield,Week3,Virginia Hills,Week1,252.0 Virginia Hills - 125.0 Springfield
Sully Station,Week1,Fairfax Club Estates,Week3,295.0 Sully Station - 107.0 Fairfax Club Estates
Springfield,Week5,Virginia Hills,Week4,281.0 Virginia Hills - 108.0 Springfield
Sully Station,Week5,Fairfax,Week3,205.0 Sully Station - 197.0 Fairfax
Springfield,Week2,Pleasant Valley,Week2,278.0 Pleasant Valley - 103.0 Springfield
Springfield,Week2,Ilda Community,Week4,339.0 Ilda Community - 57.0 Springfield
Springfield,Week2,Virginia Run,Week1,381.0 Virginia Run - 20.0 Springfield
Stratford,Week2,Virginia Hills,Week2,313.0 Stratford - 89.0 Virginia Hills
Sully Station,Week4,Fairfax Club Estates,Week1,292.0 Sully Station - 110.0 Fairfax Club Estates
Springfield,Week1,Virginia Run,Week4,379.0 Virginia Run - 22.0 Springfield
Stratford,Week3,Village West,Week2,239.0 Stratford - 163.0 Village West
Stratford,Week4,Village West,Week2,246.5 Stratford - 155.5 Village West
Stratford,Week2,Virginia Hills,Week4,328.0 Stratford - 74.0 Virginia Hills
Springfield,Week4,Ilda Community,Week3,301.0 Ilda Community - 90.0 Springfield
Springfield,Week4,Pleasant Valley,Week5,263.0 Pleasant Valley - 121.0 Springfield
Stratford,Week3,Newington Forest,Week3,230.0 Stratford - 172.0 Newington Forest
Sully Station,Week3,Fairfax Club Estates,Week5,270.0 Sully Station - 131.0 Fairfax Club Estates
Sully Station,Week5,Fairfax Club Estates,Week2,300.0 Sully Station - 102.0 Fairfax Club Estates
Springfield,Week4,Ilda Community,Week1,318.0 Ilda Community - 77.0 Springfield
Springfield,Week2,Virginia Run,Week2,370.0 Virginia Run - 22.0 Springfield
Sully Station,Week4,Fairfax Club Estates,Week3,301.0 Sully Station - 101.0 Fairfax Club Estates
Springfield,Week3,Virginia Run,Week4,379.0 Virginia Run - 22.0 Springfield
Springfield,Week3,Ilda Community,Week4,334.5 Ilda Community - 58.5 Springfield
Stratford,Week4,North Springfield,Week2,279.0 Stratford - 109.0 North Springfield
Springfield,Week1,Pleasant Valley,Week2,270.0 Pleasant Valley - 115.0 Springfield
Stratford,Week3,North Springfield,Week5,230.0 Stratford - 143.0 North Springfield
Stratford,Week5,North Springfield,Week1,267.0 Stratford - 84.0 North Springfield
Springfield,Week3,Ilda Community,Week3,316.0 Ilda Community - 69.0 Springfield
Springfield,Week5,Pleasant Valley,Week1,286.0 Pleasant Valley - 101.0 Springfield
Springfield,Week5,Virginia Run,Week2,379.0 Virginia Run - 13.0 Springfield
Sully Station,Week5,Fairfax Club Estates,Week1,290.0 Sully Station - 111.0 Fairfax Club Estates
Springfield,Week5,Pleasant Valley,Week2,290.0 Pleasant Valley - 91.0 Springfield
Stratford,Week3,Virginia Hills,Week5,300.0 Stratford - 102.0 Virginia Hills
Stratford,Week1,North Springfield,Week3,239.0 Stratford - 157.0 North Springfield
Stratford,Week5,Village West,Week1,244.0 Stratford - 158.0 Village West
Springfield,Week5,Virginia Hills,Week5,301.0 Virginia Hills - 86.0 Springfield
Springfield,Week3,Virginia Run,Week2,367.0 Virginia Run - 25.0 Springfield
Springfield,Week1,Pleasant Valley,Week3,292.0 Pleasant Valley - 103.0 Springfield
Sully Station,Week5,Fairfax Club Estates,Week5,290.0 Sully Station - 111.0 Fairfax Club Estates
Springfield,Week4,Pleasant Valley,Week4,241.0 Pleasant Valley - 137.0 Springfield
Stratford,Week3,Virginia Hills,Week2,331.0 Stratford - 71.0 Virginia Hills
Springfield,Week5,Ilda Community,Week1,338.0 Ilda Community - 57.0 Springfield
Springfield,Week4,Virginia Run,Week3,375.0 Virginia Run - 26.0 Springfield
Stratford,Week3,Newington Forest,Week5,214.0 Stratford - 188.0 Newington Forest
Springfield,Week1,Virginia Run,Week5,387.0 Virginia Run - 15.0 Springfield
Springfield,Week4,Ilda Community,Week5,309.0 Ilda Community - 86.0 Springfield
Springfield,Week3,Pleasant Valley,Week3,309.0 Pleasant Valley - 87.0 Springfield
Sully Station,Week1,Fairfax Station,Week1,207.0 Sully Station - 195.0 Fairfax Station
Sully Station,Week4,Fairfax Club Estates,Week2,300.0 Sully Station - 102.0 Fairfax Club Estates
Stratford,Week5,Newington Forest,Week2,243.0 Stratford - 158.0 Newington Forest
Springfield,Week4,Ilda Community,Week4,325.0 Ilda Community - 73.0 Springfield
Stratford,Week4,Newington Forest,Week1,259.0 Stratford - 142.0 Newington Forest
Stratford,Week2,North Springfield,Week1,265.0 Stratford - 85.0 North Springfield
Springfield,Week2,Pleasant Valley,Week4,253.0 Pleasant Valley - 118.0 Springfield
Stratford,Week4,Virginia Hills,Week3,340.0 Stratford - 62.0 Virginia Hills
Stratford,Week3,Village West,Week1,239.0 Stratford - 163.0 Village West
Springfield,Week4,Ilda Community,Week2,324.0 Ilda Community - 77.0 Springfield
Stratford,Week5,Village West,Week4,236.0 Stratford - 161.0 Village West
Sully Station,Week5,Fairfax Club Estates,Week4,287.0 Sully Station - 115.0 Fairfax Club Estates
Springfield,Week1,Kent Gardens,Week2,353.0 Kent Gardens - 46.0 Springfield
Springfield,Week5,Kent Gardens,Week4,366.5 Kent Gardens - 33.5 Springfield
Sully Station,Week1,Fairfax Station,Week4,207.0 Sully Station - 195.0 Fairfax Station
Stratford,Week3,Newington Forest,Week4,218.0 Stratford - 184.0 Newington Forest
Springfield,Week3,Pleasant Valley,Week4,252.0 Pleasant Valley - 111.0 Springfield
Springfield,Week4,Kent Gardens,Week2,343.0 Kent Gardens - 56.0 Springfield
Stratford,Week3,Virginia Hills,Week4,326.0 Stratford - 76.0 Virginia Hills
Springfield,Week4,Virginia Run,Week4,381.0 Virginia Run - 20.0 Springfield
Stratford,Week5,Newington Forest,Week3,246.0 Stratford - 156.0 Newington Forest
Springfield,Week2,Virginia Run,Week3,377.0 Virginia Run - 23.0 Springfield
Springfield,Week5,Pinewood Lake,Week1,183.0 Springfield - 142.0 Pinewood Lake
Sully Station,Week1,Fairfax Station,Week3,209.0 Fairfax Station - 193.0 Sully Station
Sully Station,Week1,Fairfax Station,Week5,213.0 Fairfax Station - 189.0 Sully Station
Stratford,Week5,Newington Forest,Week5,215.0 Stratford - 187.0 Newington Forest
Springfield,Week4,Pleasant Valley,Week1,264.0 Pleasant Valley - 129.0 Springfield
Springfield,Week1,Virginia Run,Week2,371.0 Virginia Run - 21.0 Springfield
Stratford,Week2,Virginia Hills,Week5,288.0 Stratford - 114.0 Virginia Hills
Stratford,Week3,Virginia Hills,Week1,316.0 Stratford - 86.0 Virginia Hills
Springfield,Week5,Kent Gardens,Week2,365.0 Kent Gardens - 36.0 Springfield
Springfield,Week1,Virginia Run,Week1,374.0 Virginia Run - 28.0 Springfield
Springfield,Week1,Virginia Run,Week3,374.0 Virginia Run - 27.0 Springfield
Stratford,Week3,Newington Forest,Week2,233.0 Stratford - 168.0 Newington Forest
Springfield,Week3,Pleasant Valley,Week1,278.0 Pleasant Valley - 109.0 Springfield
Springfield,Week1,Pleasant Valley,Week5,262.0 Pleasant Valley - 115.0 Springfield
Springfield,Week1,Kent Gardens,Week1,372.0 Kent Gardens - 28.0 Springfield
Stratford,Week1,Virginia Hills,Week4,285.0 Stratford - 116.0 Virginia Hills
Springfield,Week5,Pinewood Lake,Week4,183.0 Springfield - 157.0 Pinewood Lake
Springfield,Week2,Virginia Run,Week4,382.0 Virginia Run - 19.0 Springfield
Springfield,Week1,Pleasant Valley,Week4,242.0 Pleasant Valley - 133.0 Springfield
Stratford,Week5,Newington Forest,Week1,247.0 Stratford - 153.0 Newington Forest
Springfield,Week3,Virginia Run,Week1,378.0 Virginia Run - 23.0 Springfield
Stratford,Week1,Virginia Hills,Week1,289.0 Stratford - 111.0 Virginia Hills
Sully Station,Week4,Fairfax Club Estates,Week5,284.0 Sully Station - 118.0 Fairfax Club Estates
Stratford,Week1,North Springfield,Week5,202.0 Stratford - 170.0 North Springfield
Sully Station,Week4,Fairfax Club Estates,Week4,281.0 Sully Station - 121.0 Fairfax Club Estates
Sully Station,Week2,Fairfax Station,Week1,203.0 Fairfax Station - 199.0 Sully Station
Stratford,Week4,Village West,Week3,222.0 Stratford - 180.0 Village West
Springfield,Week3,Kent Gardens,Week5,379.0 Kent Gardens - 22.0 Springfield
Springfield,Week5,Kent Gardens,Week1,368.0 Kent Gardens - 32.0 Springfield
Springfield,Week3,Virginia Run,Week5,386.0 Virginia Run - 16.0 Springfield
Stratford,Week1,North Springfield,Week4,252.0 Stratford - 138.0 North Springfield
Springfield,Week2,Kent Gardens,Week1,365.0 Kent Gardens - 33.0 Springfield
Stratford,Week4,Newington Forest,Week4,228.0 Stratford - 174.0 Newington Forest
Stratford,Week5,Village West,Week2,235.5 Stratford - 166.5 Village West
Springfield,Week4,Pinewood Lake,Week4,189.0 Springfield - 154.0 Pinewood Lake
Sully Station,Week3,Fairfax Club Estates,Week3,285.0 Sully Station - 117.0 Fairfax Club Estates
Springfield,Week4,Pinewood Lake,Week5,187.0 Springfield - 165.0 Pinewood Lake
Stratford,Week1,North Springfield,Week2,234.0 Stratford - 153.0 North Springfield
Stratford,Week5,Village West,Week3,211.5 Stratford - 190.5 Village West
Springfield,Week5,Virginia Run,Week3,375.0 Virginia Run - 26.0 Springfield
Springfield,Week1,Kent Gardens,Week5,384.0 Kent Gardens - 18.0 Springfield
Springfield,Week5,Pinewood Lake,Week2,185.0 Springfield - 151.0 Pinewood Lake
Stratford,Week2,Virginia Hills,Week1,312.0 Stratford - 90.0 Virginia Hills
Sully Station,Week5,Fairfax Club Estates,Week3,297.0 Sully Station - 104.0 Fairfax Club Estates
Springfield,Week4,Kent Gardens,Week1,356.0 Kent Gardens - 45.0 Springfield
Stratford,Week5,Newington Forest,Week4,228.0 Stratford - 174.0 Newington Forest
Sully Station,Week1,Fairfax Station,Week2,208.0 Sully Station - 194.0 Fairfax Station
Springfield,Week4,Virginia Run,Week5,381.0 Virginia Run - 21.0 Springfield
Springfield,Week2,Kent Gardens,Week3,355.0 Kent Gardens - 42.0 Springfield
Springfield,Week5,Pinewood Lake,Week5,179.0 Pinewood Lake - 171.0 Springfield
Springfield,Week5,Kent Gardens,Week3,359.0 Kent Gardens - 41.0 Springfield
Springfield,Week3,Pleasant Valley,Week2,278.0 Pleasant Valley - 106.0 Springfield
Springfield,Week2,Virginia Run,Week5,387.0 Virginia Run - 15.0 Springfield
Stratford,Week2,North Springfield,Week3,254.0 Stratford - 143.0 North Springfield
Stratford,Week4,Village West,Week4,245.0 Stratford - 152.0 Village West
Stratford,Week3,Village West,Week4,235.0 Stratford - 162.0 Village West
Stratford,Week4,Newington Forest,Week3,232.0 Stratford - 170.0 Newington Forest
Springfield,Week2,Pleasant Valley,Week3,300.5 Pleasant Valley - 94.5 Springfield
Springfield,Week5,Virginia Run,Week5,387.0 Virginia Run - 15.0 Springfield
Springfield,Week1,Kent Gardens,Week3,360.0 Kent Gardens - 40.0 Springfield
Stratford,Week4,Newington Forest,Week2,237.0 Stratford - 164.0 Newington Forest
Springfield,Week5,Virginia Run,Week1,385.0 Virginia Run - 16.0 Springfield
Springfield,Week1,Pleasant Valley,Week1,268.0 Pleasant Valley - 124.0 Springfield
Stratford,Week2,North Springfield,Week2,259.0 Stratford - 129.0 North Springfield
Stratford,Week4,Village West,Week1,250.0 Stratford - 152.0 Village West
Springfield,Week1,Wakefield Chapel,Week3,392.0 Wakefield Chapel - 10.0 Springfield
Springfield,Week4,Poplar Heights,Week5,363.0 Poplar Heights - 38.0 Springfield
Stratford,Week1,Virginia Hills,Week2,295.0 Stratford - 105.0 Virginia Hills
Stratford,Week3,North Springfield,Week3,252.0 Stratford - 145.0 North Springfield
Springfield,Week5,Ilda Community,Week4,347.0 Ilda Community - 50.0 Springfield
Springfield,Week2,Poplar Heights,Week4,367.0 Poplar Heights - 32.0 Springfield
Springfield,Week3,Poplar Heights,Week4,374.0 Poplar Heights - 24.0 Springfield
Stratford,Week2,North Springfield,Week5,231.0 Stratford - 142.0 North Springfield
Springfield,Week3,Kent Gardens,Week4,359.0 Kent Gardens - 41.0 Springfield
Springfield,Week5,Pleasant Valley,Week5,277.0 Pleasant Valley - 92.0 Springfield
Stratford,Week3,North Springfield,Week1,262.0 Stratford - 88.0 North Springfield
Springfield,Week2,Kent Gardens,Week5,374.0 Kent Gardens - 27.0 Springfield
Stratford,Week3,North Springfield,Week4,272.0 Stratford - 120.0 North Springfield
Springfield,Week1,Wakefield Chapel,Week4,390.0 Wakefield Chapel - 12.0 Springfield
Stratford,Week3,Village West,Week5,233.0 Stratford - 168.0 Village West
Springfield,Week3,Kent Gardens,Week1,365.0 Kent Gardens - 31.0 Springfield
Springfield,Week4,Virginia Run,Week2,372.0 Virginia Run - 25.0 Springfield
Stratford,Week3,Village West,Week3,207.0 Stratford - 195.0 Village West
Springfield,Week2,Kent Gardens,Week2,353.0 Kent Gardens - 42.0 Springfield
Springfield,Week1,Wakefield Chapel,Week1,391.0 Wakefield Chapel - 11.0 Springfield
Stratford,Week1,Virginia Hills,Week3,297.0 Stratford - 104.0 Virginia Hills
Stratford,Week5,Village West,Week5,217.0 Stratford - 184.0 Village West
Springfield,Week3,Virginia Run,Week3,369.0 Virginia Run - 33.0 Springfield
Springfield,Week4,Kent Gardens,Week3,350.0 Kent Gardens - 50.0 Springfield
Springfield,Week1,Poplar Heights,Week1,367.0 Poplar Heights - 33.0 Springfield
Stratford,Week3,Oakton ,Week4,320.0 Oakton - 82.0 Stratford
Springfield,Week1,Kent Gardens,Week4,359.0 Kent Gardens - 41.0 Springfield
Springfield,Week5,Wakefield Chapel,Week1,388.0 Wakefield Chapel - 14.0 Springfield
Springfield,Week5,Wakefield Chapel,Week3,391.0 Wakefield Chapel - 11.0 Springfield
Stratford,Week1,Oakton ,Week5,328.0 Oakton - 74.0 Stratford
Springfield,Week5,Poplar Heights,Week5,377.0 Poplar Heights - 25.0 Springfield
Springfield,Week2,Wakefield Chapel,Week2,385.0 Wakefield Chapel - 16.0 Springfield
Springfield,Week3,Walden Glen,Week2,342.0 Walden Glen - 45.0 Springfield
Stratford,Week2,Virginia Hills,Week3,318.0 Stratford - 84.0 Virginia Hills
Stratford,Week4,Virginia Hills,Week1,329.0 Stratford - 73.0 Virginia Hills
Stratford,Week2,Virginia Run,Week5,319.0 Virginia Run - 83.0 Stratford
Stratford,Week4,Virginia Hills,Week2,331.0 Stratford - 71.0 Virginia Hills
Stratford,Week2,Oakton ,Week5,329.0 Oakton - 73.0 Stratford
Springfield,Week2,Wakefield Chapel,Week3,387.0 Wakefield Chapel - 15.0 Springfield
Stratford,Week4,North Springfield,Week1,273.0 Stratford - 78.0 North Springfield
Springfield,Week4,Kent Gardens,Week4,352.0 Kent Gardens - 48.0 Springfield
Springfield,Week2,Poplar Heights,Week2,376.0 Poplar Heights - 20.0 Springfield
Stratford,Week4,North Springfield,Week5,255.0 Stratford - 119.0 North Springfield
Stratford,Week1,Virginia Hills,Week5,262.0 Stratford - 135.0 Virginia Hills
Stratford,Week4,Virginia Run,Week5,287.0 Virginia Run - 115.0 Stratford
Springfield,Week1,Poplar Heights,Week2,370.0 Poplar Heights - 30.0 Springfield
Springfield,Week4,Poplar Heights,Week1,355.0 Poplar Heights - 45.0 Springfield
Stratford,Week4,North Springfield,Week4,289.0 Stratford - 103.0 North Springfield
Stratford,Week5,Virginia Run,Week3,281.0 Virginia Run - 121.0 Stratford
Springfield,Week1,Poplar Tree,Week5,368.0 Poplar Tree - 32.0 Springfield
Stratford,Week4,North Springfield,Week3,263.0 Stratford - 134.0 North Springfield
Springfield,Week1,Poplar Heights,Week5,376.0 Poplar Heights - 25.0 Springfield
Springfield,Week5,Ilda Community,Week5,326.0 Ilda Community - 65.0 Springfield
Springfield,Week1,Wakefield Chapel,Week5,396.0 Wakefield Chapel - 6.0 Springfield
Springfield,Week2,Walden Glen,Week3,349.0 Walden Glen - 47.0 Springfield
Springfield,Week2,Poplar Tree,Week2,353.0 Poplar Tree - 46.0 Springfield
Springfield,Week2,Wakefield Chapel,Week1,382.5 Wakefield Chapel - 19.5 Springfield
Stratford,Week5,North Springfield,Week2,268.0 Stratford - 119.0 North Springfield
Springfield,Week5,Ilda Community,Week3,326.0 Ilda Community - 63.0 Springfield
Stratford,Week5,Virginia Hills,Week2,321.5 Stratford - 79.5 Virginia Hills
Springfield,Week4,Poplar Heights,Week2,365.0 Poplar Heights - 35.0 Springfield
Springfield,Week3,Kent Gardens,Week2,357.0 Kent Gardens - 40.0 Springfield
Springfield,Week5,Pleasant Valley,Week3,312.0 Pleasant Valley - 83.0 Springfield
Springfield,Week2,Kent Gardens,Week4,356.0 Kent Gardens - 42.0 Springfield
Stratford,Week3,Virginia Hills,Week3,323.0 Stratford - 79.0 Virginia Hills
Springfield,Week3,Kent Gardens,Week3,360.0 Kent Gardens - 38.0 Springfield
Springfield,Week4,Kent Gardens,Week5,369.0 Kent Gardens - 33.0 Springfield
Springfield,Week2,Walden Glen,Week5,357.0 Walden Glen - 41.0 Springfield
Stratford,Week5,Virginia Hills,Week4,339.0 Stratford - 62.0 Virginia Hills
Stratford,Week1,Oakton ,Week2,326.0 Oakton - 76.0 Stratford
Stratford,Week5,Oakton ,Week2,328.0 Oakton - 74.0 Stratford
Springfield,Week1,Poplar Heights,Week3,375.0 Poplar Heights - 27.0 Springfield
Springfield,Week5,Wakefield Chapel,Week4,390.0 Wakefield Chapel - 12.0 Springfield
Stratford,Week5,Oakton ,Week5,331.0 Oakton - 71.0 Stratford
Springfield,Week5,Kings Ridge ,Week1,337.0 Kings Ridge - 62.0 Springfield
Springfield,Week4,Wakefield Chapel,Week4,386.0 Wakefield Chapel - 16.0 Springfield
Stratford,Week2,Virginia Run,Week4,303.0 Virginia Run - 99.0 Stratford
Stratford,Week4,Oakton ,Week3,301.0 Oakton - 101.0 Stratford
Stratford,Week5,Oakton ,Week4,313.0 Oakton - 89.0 Stratford
Springfield,Week2,Kings Ridge ,Week4,333.0 Kings Ridge - 65.0 Springfield
Stratford,Week5,Virginia Hills,Week5,293.0 Stratford - 108.0 Virginia Hills
Springfield,Week4,Poplar Heights,Week4,362.0 Poplar Heights - 39.0 Springfield
Stratford,Week5,Oakton ,Week3,307.0 Oakton - 95.0 Stratford
Stratford,Week2,Virginia Run,Week3,283.0 Virginia Run - 119.0 Stratford
Stratford,Week1,Virginia Run,Week2,277.0 Virginia Run - 120.0 Stratford
Springfield,Week1,Lake Braddock,Week1,302.0 Lake Braddock - 97.0 Springfield
Stratford,Week4,Virginia Hills,Week4,343.0 Stratford - 59.0 Virginia Hills
Springfield,Week5,Kings Ridge ,Week2,322.0 Kings Ridge - 76.0 Springfield
Springfield,Week1,Walden Glen,Week1,332.0 Walden Glen - 59.0 Springfield
Springfield,Week5,Wakefield Chapel,Week5,395.0 Wakefield Chapel - 7.0 Springfield
Stratford,Week1,Oakton ,Week3,316.0 Oakton - 81.0 Stratford
Springfield,Week2,Poplar Heights,Week1,369.0 Poplar Heights - 27.0 Springfield
Springfield,Week5,Pleasant Valley,Week4,257.0 Pleasant Valley - 107.0 Springfield
Springfield,Week1,Walden Glen,Week3,355.0 Walden Glen - 42.0 Springfield
Springfield,Week1,Poplar Heights,Week4,367.0 Poplar Heights - 34.0 Springfield
Stratford,Week5,North Springfield,Week4,281.0 Stratford - 107.0 North Springfield
Springfield,Week5,Kings Ridge ,Week4,343.0 Kings Ridge - 58.0 Springfield
Springfield,Week4,Wakefield Chapel,Week5,387.5 Wakefield Chapel - 14.5 Springfield
Springfield,Week2,Lake Braddock,Week1,293.0 Lake Braddock - 102.0 Springfield
Springfield,Week2,Poplar Heights,Week5,373.0 Poplar Heights - 20.0 Springfield
Springfield,Week2,Wakefield Chapel,Week5,392.0 Wakefield Chapel - 10.0 Springfield
Springfield,Week2,Kings Ridge ,Week3,320.0 Kings Ridge - 67.0 Springfield
Stratford,Week4,Virginia Hills,Week5,297.0 Stratford - 105.0 Virginia Hills
Springfield,Week3,Poplar Heights,Week2,375.0 Poplar Heights - 21.0 Springfield
Springfield,Week1,Walden Glen,Week4,353.0 Walden Glen - 42.0 Springfield
Springfield,Week4,Wakefield Chapel,Week3,385.0 Wakefield Chapel - 17.0 Springfield
Springfield,Week1,Kings Ridge ,Week4,322.0 Kings Ridge - 79.0 Springfield
Stratford,Week3,Virginia Run,Week3,285.0 Virginia Run - 117.0 Stratford
Stratford,Week1,Virginia Run,Week4,303.0 Virginia Run - 99.0 Stratford
Stratford,Week3,Oakton ,Week2,331.0 Oakton - 71.0 Stratford
Springfield,Week1,Lake Braddock,Week2,311.0 Lake Braddock - 85.0 Springfield
Stratford,Week4,Virginia Run,Week1,280.0 Virginia Run - 122.0 Stratford
Springfield,Week3,Poplar Heights,Week3,377.0 Poplar Heights - 24.0 Springfield
Springfield,Week4,Poplar Heights,Week3,369.0 Poplar Heights - 33.0 Springfield
Springfield,Week1,Kings Ridge ,Week1,311.0 Kings Ridge - 90.0 Springfield
Stratford,Week2,Oakton ,Week2,327.0 Oakton - 75.0 Stratford
Springfield,Week3,Wakefield Chapel,Week3,388.0 Wakefield Chapel - 9.0 Springfield
Springfield,Week5,Poplar Heights,Week2,371.0 Poplar Heights - 29.0 Springfield
Stratford,Week1,Oakton ,Week1,322.0 Oakton - 80.0 Stratford
Stratford,Week5,North Springfield,Week3,259.0 Stratford - 133.0 North Springfield
Springfield,Week3,Wakefield Chapel,Week5,392.0 Wakefield Chapel - 10.0 Springfield
Stratford,Week3,Virginia Run,Week2,260.5 Virginia Run - 141.5 Stratford
Springfield,Week1,Lake Braddock,Week4,321.0 Lake Braddock - 80.0 Springfield
Stratford,Week5,Virginia Hills,Week1,325.0 Stratford - 76.0 Virginia Hills
Springfield,Week3,Wakefield Chapel,Week1,385.0 Wakefield Chapel - 17.0 Springfield
Springfield,Week3,Poplar Heights,Week1,371.0 Poplar Heights - 25.0 Springfield
Stratford,Week1,Oakton ,Week4,320.0 Oakton - 82.0 Stratford
Springfield,Week1,Kings Ridge ,Week5,320.0 Kings Ridge - 81.0 Springfield
Springfield,Week4,Kings Ridge ,Week1,315.0 Kings Ridge - 86.0 Springfield
Springfield,Week1,Poplar Tree,Week3,358.0 Poplar Tree - 40.0 Springfield
Springfield,Week1,Poplar Tree,Week4,329.0 Poplar Tree - 68.0 Springfield
Springfield,Week5,Wakefield Chapel,Week2,394.0 Wakefield Chapel - 7.0 Springfield
Springfield,Week3,Poplar Heights,Week5,375.0 Poplar Heights - 22.0 Springfield
Springfield,Week1,Kings Ridge ,Week2,299.0 Kings Ridge - 99.0 Springfield
Stratford,Week4,Oakton ,Week2,319.0 Oakton - 83.0 Stratford
Springfield,Week2,Kings Ridge ,Week1,330.0 Kings Ridge - 64.0 Springfield
Stratford,Week3,Virginia Run,Week1,293.0 Virginia Run - 109.0 Stratford
Springfield,Week3,Kings Ridge ,Week1,328.0 Kings Ridge - 69.0 Springfield
Springfield,Week5,Kent Gardens,Week5,383.0 Kent Gardens - 19.0 Springfield
Springfield,Week5,Poplar Heights,Week1,377.0 Poplar Heights - 24.0 Springfield
Springfield,Week3,Wakefield Chapel,Week2,389.0 Wakefield Chapel - 11.0 Springfield
Springfield,Week4,Wakefield Chapel,Week1,384.0 Wakefield Chapel - 13.0 Springfield
Springfield,Week1,Poplar Tree,Week2,344.0 Poplar Tree - 55.0 Springfield
Springfield,Week2,Wakefield Chapel,Week4,386.0 Wakefield Chapel - 15.0 Springfield
Stratford,Week2,Oakton ,Week1,320.0 Oakton - 77.0 Stratford
Stratford,Week3,Oakton ,Week1,324.0 Oakton - 78.0 Stratford
Stratford,Week5,Virginia Run,Week1,298.0 Virginia Run - 104.0 Stratford
Stratford,Week2,Oakton ,Week4,317.0 Oakton - 85.0 Stratford
Stratford,Week3,Virginia Run,Week5,308.0 Virginia Run - 94.0 Stratford
Stratford,Week4,Oakton ,Week4,299.0 Oakton - 103.0 Stratford
Springfield,Week3,Kings Ridge ,Week5,332.0 Kings Ridge - 70.0 Springfield
Stratford,Week4,Virginia Run,Week3,272.0 Virginia Run - 130.0 Stratford
Springfield,Week2,Poplar Heights,Week3,376.0 Poplar Heights - 25.0 Springfield
Stratford,Week2,Virginia Run,Week1,298.0 Virginia Run - 104.0 Stratford
Springfield,Week1,Poplar Tree,Week1,355.0 Poplar Tree - 41.0 Springfield
Springfield,Week2,Walden Glen,Week1,336.0 Walden Glen - 51.0 Springfield
Stratford,Week4,Virginia Run,Week2,247.0 Virginia Run - 155.0 Stratford
Springfield,Week1,Kings Ridge ,Week3,299.0 Kings Ridge - 89.0 Springfield
Stratford,Week3,Virginia Run,Week4,285.0 Virginia Run - 117.0 Stratford
Stratford,Week2,Oakton ,Week3,320.0 Oakton - 82.0 Stratford
Stratford,Week1,Virginia Run,Week5,314.0 Virginia Run - 88.0 Stratford
Springfield,Week2,Kings Ridge ,Week5,342.0 Kings Ridge - 59.0 Springfield
Springfield,Week5,Poplar Heights,Week4,377.0 Poplar Heights - 23.0 Springfield
Springfield,Week5,Poplar Heights,Week3,383.0 Poplar Heights - 19.0 Springfield
Stratford,Week5,North Springfield,Week5,234.0 Stratford - 140.0 North Springfield
Springfield,Week1,Walden Glen,Week5,357.0 Walden Glen - 41.0 Springfield
Stratford,Week5,Virginia Hills,Week3,326.0 Stratford - 76.0 Virginia Hills
Stratford,Week3,Oakton ,Week5,329.0 Oakton - 73.0 Stratford
Stratford,Week4,Oakton ,Week1,314.0 Oakton - 88.0 Stratford
Springfield,Week4,Wakefield Chapel,Week2,386.0 Wakefield Chapel - 15.0 Springfield
Springfield,Week1,Walden Glen,Week2,340.0 Walden Glen - 50.0 Springfield
Stratford,Week5,Old Keene Mill,Week4,237.0 Stratford - 164.0 Old Keene Mill
Springfield,Week3,Kings Ridge ,Week2,315.0 Kings Ridge - 81.0 Springfield
Springfield,Week2,Walden Glen,Week4,344.0 Walden Glen - 49.0 Springfield
Springfield,Week4,Kings Ridge ,Week2,292.0 Kings Ridge - 107.0 Springfield
Stratford,Week2,Virginia Run,Week2,275.0 Virginia Run - 127.0 Stratford
Springfield,Week3,Wakefield Chapel,Week4,389.0 Wakefield Chapel - 12.0 Springfield
Springfield,Week3,Poplar Tree,Week4,343.0 Poplar Tree - 53.0 Springfield
Stratford,Week4,Virginia Run,Week4,271.0 Virginia Run - 131.0 Stratford
Springfield,Week3,Poplar Tree,Week2,350.5 Poplar Tree - 43.5 Springfield
Springfield,Week3,Waynewood,Week3,385.0 Waynewood - 17.0 Springfield
Springfield,Week3,Waynewood,Week5,388.0 Waynewood - 13.0 Springfield
Stratford,Week1,Virginia Run,Week1,300.0 Virginia Run - 102.0 Stratford
Springfield,Week2,Ravensworth Farm,Week2,351.0 Ravensworth Farm - 44.0 Springfield
Stratford,Week5,Virginia Run,Week2,258.0 Virginia Run - 144.0 Stratford
Springfield,Week3,Kings Ridge ,Week3,326.0 Kings Ridge - 62.0 Springfield
Springfield,Week2,Poplar Tree,Week1,361.0 Poplar Tree - 33.0 Springfield
Springfield,Week1,Ravensworth Farm,Week3,375.0 Ravensworth Farm - 25.0 Springfield
Stratford,Week4,Oakton ,Week5,315.0 Oakton - 87.0 Stratford
Springfield,Week2,Walden Glen,Week2,342.0 Walden Glen - 43.0 Springfield
Springfield,Week4,Kings Ridge ,Week5,313.0 Kings Ridge - 88.0 Springfield
Springfield,Week3,Kings Ridge ,Week4,334.0 Kings Ridge - 67.0 Springfield
Stratford,Week3,Old Keene Mill,Week4,220.0 Stratford - 182.0 Old Keene Mill
Stratford,Week3,Oakton ,Week3,326.0 Oakton - 76.0 Stratford
Springfield,Week3,Walden Glen,Week1,337.0 Walden Glen - 49.0 Springfield
Stratford,Week5,Oakton ,Week1,326.0 Oakton - 76.0 Stratford
Springfield,Week4,Kings Ridge ,Week3,305.0 Kings Ridge - 86.0 Springfield
Springfield,Week1,Ravensworth Farm,Week1,364.0 Ravensworth Farm - 37.0 Springfield
Stratford,Week2,Old Keene Mill,Week1,221.0 Stratford - 181.0 Old Keene Mill
Stratford,Week1,Virginia Run,Week3,289.5 Virginia Run - 112.5 Stratford
Stratford,Week2,Old Keene Mill,Week3,209.0 Stratford - 193.0 Old Keene Mill
Springfield,Week3,Walden Glen,Week5,360.5 Walden Glen - 33.5 Springfield
Stratford,Week2,Wakefield Chapel,Week2,347.0 Wakefield Chapel - 55.0 Stratford
Springfield,Week2,Kings Ridge ,Week2,307.0 Kings Ridge - 88.0 Springfield
Springfield,Week1,Ravensworth Farm,Week4,359.0 Ravensworth Farm - 43.0 Springfield
Springfield,Week5,Walden Glen,Week5,365.0 Walden Glen - 34.0 Springfield
Stratford,Week1,Orange Hunt,Week3,262.0 Orange Hunt - 140.0 Stratford
Springfield,Week5,Kings Ridge ,Week3,335.0 Kings Ridge - 56.0 Springfield
Springfield,Week1,Lake Braddock,Week3,311.0 Lake Braddock - 85.0 Springfield
Springfield,Week4,Kings Ridge ,Week4,315.0 Kings Ridge - 86.0 Springfield
Springfield,Week4,Poplar Tree,Week3,354.0 Poplar Tree - 44.0 Springfield
Springfield,Week5,Walden Glen,Week1,341.0 Walden Glen - 54.0 Springfield
Springfield,Week5,Kings Ridge ,Week5,343.0 Kings Ridge - 57.0 Springfield
Stratford,Week2,Orange Hunt,Week1,247.0 Orange Hunt - 155.0 Stratford
Springfield,Week1,Ravensworth Farm,Week5,373.0 Ravensworth Farm - 28.0 Springfield
Stratford,Week3,Wakefield Chapel,Week5,363.0 Wakefield Chapel - 39.0 Stratford
Stratford,Week5,Virginia Run,Week4,292.0 Virginia Run - 110.0 Stratford
Stratford,Week1,Orange Hunt,Week2,267.0 Orange Hunt - 135.0 Stratford
Springfield,Week1,Waynewood,Week5,386.0 Waynewood - 16.0 Springfield
Springfield,Week2,Ravensworth Farm,Week4,363.0 Ravensworth Farm - 32.0 Springfield
Stratford,Week4,Wakefield Chapel,Week2,335.0 Wakefield Chapel - 67.0 Stratford
Stratford,Week3,Wakefield Chapel,Week2,342.0 Wakefield Chapel - 60.0 Stratford
Springfield,Week4,Walden Glen,Week5,352.0 Walden Glen - 48.0 Springfield
Springfield,Week1,Waynewood,Week1,384.0 Waynewood - 18.0 Springfield
Springfield,Week4,Lake Braddock,Week3,305.0 Lake Braddock - 91.0 Springfield
Stratford,Week4,Old Keene Mill,Week2,224.0 Stratford - 178.0 Old Keene Mill
Springfield,Week2,Waynewood,Week1,379.0 Waynewood - 23.0 Springfield
Springfield,Week5,Poplar Tree,Week5,372.0 Poplar Tree - 27.0 Springfield
Stratford,Week3,Old Keene Mill,Week1,234.0 Stratford - 168.0 Old Keene Mill
Springfield,Week1,Waynewood,Week2,381.0 Waynewood - 19.0 Springfield
Stratford,Week1,Wakefield Chapel,Week4,342.0 Wakefield Chapel - 60.0 Stratford
Stratford,Week1,Old Keene Mill,Week5,225.0 Old Keene Mill - 172.0 Stratford
Springfield,Week2,Waynewood,Week3,384.0 Waynewood - 18.0 Springfield
Springfield,Week2,Poplar Tree,Week3,366.0 Poplar Tree - 31.0 Springfield
Stratford,Week1,Wakefield Chapel,Week2,345.0 Wakefield Chapel - 57.0 Stratford
Stratford,Week1,Old Keene Mill,Week2,204.0 Stratford - 197.0 Old Keene Mill
Springfield,Week2,Lake Braddock,Week2,310.0 Lake Braddock - 85.0 Springfield
Springfield,Week4,Poplar Tree,Week2,336.0 Poplar Tree - 58.0 Springfield
Springfield,Week4,Lake Braddock,Week2,306.0 Lake Braddock - 92.0 Springfield
Springfield,Week3,Waynewood,Week1,381.0 Waynewood - 21.0 Springfield
Stratford,Week5,Wakefield Chapel,Week2,345.0 Wakefield Chapel - 57.0 Stratford
Stratford,Week2,Old Keene Mill,Week4,218.0 Stratford - 184.0 Old Keene Mill
Springfield,Week5,Walden Glen,Week2,350.0 Walden Glen - 42.0 Springfield
Springfield,Week4,Walden Glen,Week2,337.0 Walden Glen - 55.0 Springfield
Springfield,Week3,Poplar Tree,Week3,364.0 Poplar Tree - 33.0 Springfield
Stratford,Week2,Walden Glen,Week1,222.0 Stratford - 175.0 Walden Glen
Springfield,Week4,Poplar Tree,Week1,349.0 Poplar Tree - 47.0 Springfield
Stratford,Week1,Walden Glen,Week4,247.0 Walden Glen - 154.0 Stratford
Stratford,Week3,Old Keene Mill,Week2,209.0 Stratford - 193.0 Old Keene Mill
Stratford,Week2,Walden Glen,Week4,215.5 Walden Glen - 181.5 Stratford
Springfield,Week2,Lake Braddock,Week3,310.0 Lake Braddock - 86.0 Springfield
Springfield,Week3,Lake Braddock,Week1,297.0 Lake Braddock - 91.0 Springfield
Springfield,Week2,Lake Braddock,Week4,311.0 Lake Braddock - 89.0 Springfield
Stratford,Week4,Wakefield Chapel,Week3,337.0 Wakefield Chapel - 65.0 Stratford
Springfield,Week2,Lake Braddock,Week5,318.0 Lake Braddock - 77.0 Springfield
Springfield,Week4,Walden Glen,Week3,346.0 Walden Glen - 52.0 Springfield
Springfield,Week1,Ravensworth Farm,Week2,354.0 Ravensworth Farm - 41.0 Springfield
Stratford,Week2,Walden Glen,Week3,215.0 Walden Glen - 187.0 Stratford
Stratford,Week3,Old Keene Mill,Week5,203.0 Stratford - 199.0 Old Keene Mill
Springfield,Week4,Walden Glen,Week4,342.0 Walden Glen - 54.0 Springfield
Stratford,Week5,Old Keene Mill,Week5,203.5 Old Keene Mill - 198.5 Stratford
Springfield,Week4,Poplar Tree,Week5,363.0 Poplar Tree - 38.0 Springfield
Stratford,Week1,Walden Glen,Week1,203.0 Walden Glen - 199.0 Stratford
Springfield,Week3,Hollin Hills,Week1,265.0 Hollin Hills - 119.0 Springfield
Springfield,Week3,Poplar Tree,Week1,362.0 Poplar Tree - 35.0 Springfield
Springfield,Week3,Lake Braddock,Week5,315.0 Lake Braddock - 81.0 Springfield
Springfield,Week3,Poplar Tree,Week5,372.0 Poplar Tree - 28.0 Springfield
Stratford,Week2,Orange Hunt,Week5,274.0 Orange Hunt - 128.0 Stratford
Springfield,Week5,Poplar Tree,Week2,350.0 Poplar Tree - 43.0 Springfield
Springfield,Week1,Lake Braddock,Week5,319.0 Lake Braddock - 79.0 Springfield
Stratford,Week3,Old Keene Mill,Week3,230.0 Stratford - 172.0 Old Keene Mill
Springfield,Week3,Walden Glen,Week3,350.0 Walden Glen - 47.0 Springfield
Stratford,Week1,Wakefield Chapel,Week1,350.0 Wakefield Chapel - 52.0 Stratford
Springfield,Week3,Lake Braddock,Week3,317.0 Lake Braddock - 81.0 Springfield
Springfield,Week2,Poplar Tree,Week5,372.0 Poplar Tree - 28.0 Springfield
Springfield,Week5,Walden Glen,Week4,357.0 Walden Glen - 38.0 Springfield
Stratford,Week3,Walden Glen,Week4,221.0 Walden Glen - 181.0 Stratford
Springfield,Week2,Poplar Tree,Week4,343.0 Poplar Tree - 54.0 Springfield
Stratford,Week1,Old Keene Mill,Week3,202.0 Old Keene Mill - 200.0 Stratford
Springfield,Week5,Hollin Hills,Week4,288.0 Hollin Hills - 93.0 Springfield
Stratford,Week2,Walden Glen,Week5,249.0 Walden Glen - 153.0 Stratford
Springfield,Week2,Ravensworth Farm,Week1,364.0 Ravensworth Farm - 36.0 Springfield
Springfield,Week5,Walden Glen,Week3,366.0 Walden Glen - 32.0 Springfield
Springfield,Week4,Hollin Hills,Week1,243.0 Hollin Hills - 144.0 Springfield
Springfield,Week5,Poplar Tree,Week1,352.0 Poplar Tree - 45.0 Springfield
Springfield,Week2,Hollin Hills,Week5,259.0 Hollin Hills - 110.0 Springfield
Springfield,Week5,Lake Braddock,Week3,328.0 Lake Braddock - 66.0 Springfield
Stratford,Week2,Old Keene Mill,Week5,208.0 Old Keene Mill - 194.0 Stratford
Stratford,Week1,Old Keene Mill,Week1,212.0 Stratford - 189.0 Old Keene Mill
Springfield,Week5,Hollin Hills,Week5,274.0 Hollin Hills - 94.0 Springfield
Springfield,Week5,Lake Braddock,Week2,322.0 Lake Braddock - 75.0 Springfield
Springfield,Week3,Lake Braddock,Week2,309.0 Lake Braddock - 85.0 Springfield
Stratford,Week5,Wakefield Chapel,Week3,345.0 Wakefield Chapel - 57.0 Stratford
Stratford,Week5,Wakefield Chapel,Week5,356.0 Wakefield Chapel - 46.0 Stratford
Springfield,Week4,Lake Braddock,Week5,311.0 Lake Braddock - 88.0 Springfield
Springfield,Week2,Waynewood,Week2,379.0 Waynewood - 21.0 Springfield
Springfield,Week5,Hiddenbrook,Week5,358.0 Hiddenbrook - 43.0 Springfield
Stratford,Week4,Old Keene Mill,Week3,229.0 Stratford - 173.0 Old Keene Mill
Springfield,Week3,Walden Glen,Week4,349.0 Walden Glen - 36.0 Springfield
Springfield,Week1,Hollin Meadows,Week2,339.0 Hollin Meadows - 56.0 Springfield
Stratford,Week4,Old Keene Mill,Week4,243.0 Stratford - 159.0 Old Keene Mill
Stratford,Week4,Old Keene Mill,Week5,205.0 Stratford - 197.0 Old Keene Mill
Springfield,Week2,Ravensworth Farm,Week5,374.0 Ravensworth Farm - 27.0 Springfield
Springfield,Week5,Poplar Tree,Week3,361.0 Poplar Tree - 37.0 Springfield
Stratford,Week3,Wakefield Chapel,Week4,332.0 Wakefield Chapel - 70.0 Stratford
Springfield,Week2,Waynewood,Week5,386.0 Waynewood - 16.0 Springfield
Springfield,Week3,Hollin Hills,Week3,295.0 Hollin Hills - 99.0 Springfield
Springfield,Week4,Lake Braddock,Week4,307.0 Lake Braddock - 94.0 Springfield
Springfield,Week3,Lake Braddock,Week4,315.0 Lake Braddock - 85.0 Springfield
Stratford,Week2,Wakefield Chapel,Week3,350.0 Wakefield Chapel - 52.0 Stratford
Springfield,Week4,Lake Braddock,Week1,282.0 Lake Braddock - 116.0 Springfield
Stratford,Week1,Wakefield Chapel,Week5,356.0 Wakefield Chapel - 46.0 Stratford
Springfield,Week3,Hollin Hills,Week4,278.0 Hollin Hills - 101.0 Springfield
Stratford,Week5,Old Keene Mill,Week2,227.0 Stratford - 175.0 Old Keene Mill
Springfield,Week3,Hiddenbrook,Week5,350.0 Hiddenbrook - 49.0 Springfield
Springfield,Week1,High Point Pool,Week2,379.0 High Point Pool - 23.0 Springfield
Springfield,Week1,Waynewood,Week3,387.0 Waynewood - 15.0 Springfield
Springfield,Week4,Poplar Tree,Week4,325.0 Poplar Tree - 73.0 Springfield
Stratford,Week2,Old Keene Mill,Week2,203.0 Old Keene Mill - 199.0 Stratford
Springfield,Week1,High Point Pool,Week4,363.0 High Point Pool - 37.0 Springfield
Springfield,Week4,Walden Glen,Week1,317.0 Walden Glen - 75.0 Springfield
Springfield,Week5,Poplar Tree,Week4,343.0 Poplar Tree - 52.0 Springfield
Springfield,Week3,Hollin Hills,Week2,272.0 Hollin Hills - 101.0 Springfield
Stratford,Week1,Orange Hunt,Week5,274.0 Orange Hunt - 128.0 Stratford
Springfield,Week2,Ravensworth Farm,Week3,369.0 Ravensworth Farm - 31.0 Springfield
Stratford,Week4,Wakefield Chapel,Week4,323.5 Wakefield Chapel - 78.5 Stratford
Springfield,Week1,Hollin Meadows,Week4,355.0 Hollin Meadows - 47.0 Springfield
Springfield,Week3,Ravensworth Farm,Week1,364.0 Ravensworth Farm - 37.0 Springfield
Springfield,Week3,Hiddenbrook,Week2,291.0 Hiddenbrook - 82.0 Springfield
Springfield,Week4,Hollin Hills,Week3,269.0 Hollin Hills - 129.0 Springfield
Springfield,Week1,Riverside Gardens,Week1,386.0 Riverside Gardens - 16.0 Springfield
Stratford,Week5,Virginia Run,Week5,304.0 Virginia Run - 98.0 Stratford
Springfield,Week1,Waynewood,Week4,378.0 Waynewood - 22.0 Springfield
Springfield,Week3,Waynewood,Week4,383.0 Waynewood - 17.0 Springfield
Springfield,Week4,Hiddenbrook,Week1,320.0 Hiddenbrook - 75.0 Springfield
Springfield,Week4,Waynewood,Week1,375.0 Waynewood - 27.0 Springfield
Stratford,Week1,Old Keene Mill,Week4,210.5 Stratford - 190.5 Old Keene Mill
Springfield,Week3,Hiddenbrook,Week3,338.0 Hiddenbrook - 57.0 Springfield
Springfield,Week4,Waynewood,Week2,377.0 Waynewood - 24.0 Springfield
Stratford,Week1,Wakefield Chapel,Week3,350.0 Wakefield Chapel - 52.0 Stratford
Springfield,Week3,Waynewood,Week2,379.0 Waynewood - 23.0 Springfield
Springfield,Week2,Riverside Gardens,Week4,387.0 Riverside Gardens - 15.0 Springfield
Springfield,Week5,Hollin Hills,Week1,272.0 Hollin Hills - 105.0 Springfield
Springfield,Week2,Waynewood,Week4,379.0 Waynewood - 21.0 Springfield
Stratford,Week1,Orange Hunt,Week1,256.5 Orange Hunt - 145.5 Stratford
Springfield,Week3,Hiddenbrook,Week1,331.0 Hiddenbrook - 61.0 Springfield
Springfield,Week5,Ravensworth Farm,Week1,372.0 Ravensworth Farm - 29.0 Springfield
Springfield,Week4,Hiddenbrook,Week3,332.0 Hiddenbrook - 66.0 Springfield
Springfield,Week2,Riverside Gardens,Week1,387.0 Riverside Gardens - 15.0 Springfield
Stratford,Week2,Wakefield Chapel,Week1,354.0 Wakefield Chapel - 48.0 Stratford
Springfield,Week4,Waynewood,Week3,382.0 Waynewood - 20.0 Springfield
Springfield,Week4,Hiddenbrook,Week5,341.0 Hiddenbrook - 60.0 Springfield
Springfield,Week4,Hollin Hills,Week2,247.0 Hollin Hills - 140.0 Springfield
Stratford,Week4,Old Keene Mill,Week1,249.0 Stratford - 153.0 Old Keene Mill
Springfield,Week2,Hollin Hills,Week3,291.0 Hollin Hills - 102.0 Springfield
Stratford,Week5,Old Keene Mill,Week1,238.0 Stratford - 163.0 Old Keene Mill
Stratford,Week3,Wakefield Chapel,Week1,353.0 Wakefield Chapel - 49.0 Stratford
Springfield,Week4,Riverside Gardens,Week2,375.0 Riverside Gardens - 27.0 Springfield
Springfield,Week5,Hollin Hills,Week2,268.0 Hollin Hills - 105.0 Springfield
Springfield,Week2,Hollin Hills,Week4,277.0 Hollin Hills - 99.0 Springfield
Springfield,Week5,Lake Braddock,Week1,316.0 Lake Braddock - 83.0 Springfield
Springfield,Week5,Lake Braddock,Week4,334.0 Lake Braddock - 67.0 Springfield
Stratford,Week5,Old Keene Mill,Week3,233.0 Stratford - 169.0 Old Keene Mill
Stratford,Week2,Wakefield Chapel,Week4,341.0 Wakefield Chapel - 61.0 Stratford
Stratford,Week3,Wakefield Chapel,Week3,341.0 Wakefield Chapel - 61.0 Stratford
Stratford,Week1,Orange Hunt,Week4,261.0 Orange Hunt - 141.0 Stratford
Springfield,Week4,Hiddenbrook,Week2,284.0 Hiddenbrook - 87.0 Springfield
Springfield,Week1,Hiddenbrook,Week3,335.0 Hiddenbrook - 63.0 Springfield
Springfield,Week5,Hollin Hills,Week3,305.0 Hollin Hills - 88.0 Springfield
Stratford,Week2,Wakefield Chapel,Week5,356.0 Wakefield Chapel - 46.0 Stratford
Springfield,Week4,Hollin Hills,Week5,255.0 Hollin Hills - 124.0 Springfield
Stratford,Week2,Orange Hunt,Week2,266.0 Orange Hunt - 136.0 Stratford
Springfield,Week4,Waynewood,Week4,372.0 Waynewood - 28.0 Springfield
Springfield,Week1,Hollin Meadows,Week1,361.0 Hollin Meadows - 40.0 Springfield
Springfield,Week3,Ravensworth Farm,Week2,350.0 Ravensworth Farm - 43.0 Springfield
Springfield,Week3,Hollin Hills,Week5,266.0 Hollin Hills - 108.0 Springfield
Springfield,Week4,Waynewood,Week5,388.0 Waynewood - 14.0 Springfield
Stratford,Week2,Orange Hunt,Week4,266.0 Orange Hunt - 136.0 Stratford
Springfield,Week4,Ravensworth Farm,Week1,358.0 Ravensworth Farm - 43.0 Springfield
Springfield,Week2,Hiddenbrook,Week2,284.0 Hiddenbrook - 90.0 Springfield
Springfield,Week3,Sleepy Hollow Rec,Week3,352.0 Sleepy Hollow Rec - 49.0 Springfield
Springfield,Week1,Hiddenbrook,Week1,325.0 Hiddenbrook - 67.0 Springfield
Stratford,Week5,Wakefield Chapel,Week1,357.0 Wakefield Chapel - 45.0 Stratford
Springfield,Week5,Waynewood,Week1,384.0 Waynewood - 18.0 Springfield
Stratford,Week4,Hunter Mill,Week1,272.0 Hunter Mill - 130.0 Stratford
Stratford,Week4,Wakefield Chapel,Week5,347.0 Wakefield Chapel - 55.0 Stratford
Stratford,Week5,Wakefield Chapel,Week4,337.0 Wakefield Chapel - 65.0 Stratford
Stratford,Week4,Hunter Mill,Week2,262.0 Hunter Mill - 140.0 Stratford
Springfield,Week5,Waynewood,Week2,385.0 Waynewood - 16.0 Springfield
Springfield,Week2,Hiddenbrook,Week5,345.0 Hiddenbrook - 54.0 Springfield
Springfield,Week1,Sleepy Hollow Rec,Week3,358.0 Sleepy Hollow Rec - 43.0 Springfield
Springfield,Week2,Riverside Gardens,Week3,386.0 Riverside Gardens - 16.0 Springfield
Springfield,Week2,Sleepy Hollow Rec,Week4,345.0 Sleepy Hollow Rec - 51.0 Springfield
Stratford,Week4,Orange Hunt,Week2,226.0 Orange Hunt - 176.0 Stratford
Springfield,Week4,Hollin Hills,Week4,260.0 Hollin Hills - 129.0 Springfield
Springfield,Week4,Ravensworth Farm,Week5,374.0 Ravensworth Farm - 27.0 Springfield
Springfield,Week1,Hiddenbrook,Week5,348.0 Hiddenbrook - 53.0 Springfield
Springfield,Week3,Woodley,Week5,320.0 Woodley - 70.0 Springfield
Stratford,Week2,Orange Hunt,Week3,263.0 Orange Hunt - 139.0 Stratford
Stratford,Week4,Wakefield Chapel,Week1,349.0 Wakefield Chapel - 53.0 Stratford
Springfield,Week5,Sleepy Hollow Rec,Week3,370.0 Sleepy Hollow Rec - 31.0 Springfield
Stratford,Week4,Hunter Mill,Week5,301.0 Hunter Mill - 101.0 Stratford
Springfield,Week3,Riverside Gardens,Week1,383.0 Riverside Gardens - 19.0 Springfield
Stratford,Week1,Walden Glen,Week5,255.0 Walden Glen - 145.0 Stratford
Springfield,Week5,Woodley,Week3,330.0 Woodley - 71.0 Springfield
Springfield,Week3,Riverside Gardens,Week2,375.0 Riverside Gardens - 26.0 Springfield
Springfield,Week1,Somerset-Olde Creek,Week2,239.0 Somerset-Olde Creek - 131.0 Springfield
Stratford,Week1,Hunter Mill,Week5,321.0 Hunter Mill - 81.0 Stratford
Springfield,Week1,Hiddenbrook,Week4,337.0 Hiddenbrook - 56.0 Springfield
Springfield,Week5,Hiddenbrook,Week1,346.0 Hiddenbrook - 47.0 Springfield
Springfield,Week4,Woodley,Week4,307.0 Woodley - 94.0 Springfield
Springfield,Week2,Hollin Meadows,Week1,365.0 Hollin Meadows - 36.0 Springfield
Springfield,Week1,Hollin Meadows,Week5,362.0 Hollin Meadows - 38.0 Springfield
Stratford,Week2,Hunter Mill,Week2,279.0 Hunter Mill - 123.0 Stratford
Springfield,Week4,Sleepy Hollow Rec,Week5,335.0 Sleepy Hollow Rec - 64.0 Springfield
Springfield,Week1,Hollin Meadows,Week3,361.0 Hollin Meadows - 37.0 Springfield
Stratford,Week3,Orange Hunt,Week4,254.0 Orange Hunt - 148.0 Stratford
Stratford,Week1,Walden Glen,Week3,231.5 Walden Glen - 170.5 Stratford
Springfield,Week1,Hiddenbrook,Week2,282.0 Hiddenbrook - 91.0 Springfield
Stratford,Week1,Walden Glen,Week2,230.0 Walden Glen - 172.0 Stratford
Stratford,Week5,Orange Hunt,Week4,250.0 Orange Hunt - 152.0 Stratford
Stratford,Week3,Overlee,Week4,377.0 Overlee - 25.0 Stratford
Springfield,Week5,Ravensworth Farm,Week3,376.0 Ravensworth Farm - 24.0 Springfield
Stratford,Week2,Walden Glen,Week2,208.0 Walden Glen - 189.0 Stratford
Springfield,Week2,Somerset-Olde Creek,Week1,267.0 Somerset-Olde Creek - 96.0 Springfield
Stratford,Week2,Hunter Mill,Week3,288.0 Hunter Mill - 114.0 Stratford
Stratford,Week2,Hunter Mill,Week4,302.0 Hunter Mill - 100.0 Stratford
Springfield,Week5,Hiddenbrook,Week3,348.0 Hiddenbrook - 47.0 Springfield
Springfield,Week1,Somerset-Olde Creek,Week4,301.0 Somerset-Olde Creek - 95.0 Springfield
Springfield,Week2,Hiddenbrook,Week4,326.0 Hiddenbrook - 71.0 Springfield
Stratford,Week3,Walden Glen,Week2,205.0 Walden Glen - 197.0 Stratford
Stratford,Week5,Orange Hunt,Week1,224.0 Orange Hunt - 178.0 Stratford
Stratford,Week2,Annandale,Week1,237.0 Stratford - 165.0 Annandale
Springfield,Week5,Ravensworth Farm,Week5,377.0 Ravensworth Farm - 22.0 Springfield
Stratford,Week3,Walden Glen,Week1,233.0 Stratford - 169.0 Walden Glen
Springfield,Week3,Sleepy Hollow Rec,Week4,343.0 Sleepy Hollow Rec - 53.0 Springfield
Stratford,Week1,Hunter Mill,Week3,304.0 Hunter Mill - 98.0 Stratford
Springfield,Week2,Hollin Hills,Week2,264.0 Hollin Hills - 109.0 Springfield
Springfield,Week4,Ravensworth Farm,Week2,352.0 Ravensworth Farm - 44.0 Springfield
Springfield,Week3,Hiddenbrook,Week4,336.0 Hiddenbrook - 64.0 Springfield
Springfield,Week4,Hiddenbrook,Week4,322.0 Hiddenbrook - 71.0 Springfield
Stratford,Week2,Hunter Mill,Week5,314.0 Hunter Mill - 88.0 Stratford
Stratford,Week5,Orange Hunt,Week2,243.0 Orange Hunt - 159.0 Stratford
Springfield,Week1,Riverside Gardens,Week5,387.0 Riverside Gardens - 14.0 Springfield
Stratford,Week3,Overlee,Week2,366.0 Overlee - 36.0 Stratford
Springfield,Week4,Ravensworth Farm,Week4,365.0 Ravensworth Farm - 37.0 Springfield
Springfield,Week4,Woodley,Week5,302.0 Woodley - 93.0 Springfield
Springfield,Week2,Hiddenbrook,Week3,330.0 Hiddenbrook - 66.0 Springfield
Springfield,Week5,Hiddenbrook,Week2,305.0 Hiddenbrook - 64.0 Springfield
Springfield,Week2,Woodley,Week4,317.0 Woodley - 83.0 Springfield
Springfield,Week2,Hollin Meadows,Week2,347.0 Hollin Meadows - 48.0 Springfield
Stratford,Week2,Overlee,Week2,356.0 Overlee - 46.0 Stratford
Springfield,Week2,Woodley,Week2,324.0 Woodley - 76.0 Springfield
Stratford,Week4,Orange Hunt,Week1,218.0 Orange Hunt - 184.0 Stratford
Stratford,Week5,Walden Glen,Week1,229.0 Stratford - 169.0 Walden Glen
Stratford,Week4,Hunt Valley,Week4,316.0 Hunt Valley - 86.0 Stratford
Stratford,Week1,Hunter Mill,Week4,304.0 Hunter Mill - 98.0 Stratford
Springfield,Week2,Somerset-Olde Creek,Week4,314.0 Somerset-Olde Creek - 75.0 Springfield
Springfield,Week4,Ravensworth Farm,Week3,362.0 Ravensworth Farm - 38.0 Springfield
Springfield,Week2,Somerset-Olde Creek,Week2,251.0 Somerset-Olde Creek - 105.0 Springfield
Springfield,Week4,Woodley,Week2,302.0 Woodley - 98.0 Springfield
Springfield,Week2,Riverside Gardens,Week5,384.0 Riverside Gardens - 16.0 Springfield
Stratford,Week3,Walden Glen,Week3,216.0 Stratford - 186.0 Walden Glen
Stratford,Week4,Walden Glen,Week3,227.0 Stratford - 175.0 Walden Glen
Stratford,Week3,Hunter Mill,Week2,279.0 Hunter Mill - 123.0 Stratford
Stratford,Week1,Annandale,Week3,204.0 Annandale - 193.0 Stratford
Springfield,Week1,Riverside Gardens,Week2,378.0 Riverside Gardens - 19.0 Springfield
Springfield,Week4,Sleepy Hollow Rec,Week4,318.0 Sleepy Hollow Rec - 81.0 Springfield
Springfield,Week1,Woodley,Week2,319.0 Woodley - 81.0 Springfield
Stratford,Week5,Orange Hunt,Week3,253.0 Orange Hunt - 149.0 Stratford
Stratford,Week1,Waynewood,Week3,322.0 Waynewood - 80.0 Stratford
Stratford,Week5,Walden Glen,Week2,203.0 Walden Glen - 199.0 Stratford
Stratford,Week1,Overlee,Week2,365.0 Overlee - 37.0 Stratford
Springfield,Week4,Woodley,Week3,312.0 Woodley - 89.0 Springfield
Springfield,Week2,Riverside Gardens,Week2,378.0 Riverside Gardens - 22.0 Springfield
Stratford,Week4,Orange Hunt,Week3,228.0 Orange Hunt - 174.0 Stratford
Stratford,Week4,Hunt Valley,Week2,308.0 Hunt Valley - 94.0 Stratford
Springfield,Week3,Riverside Gardens,Week3,382.0 Riverside Gardens - 20.0 Springfield
Springfield,Week1,Riverside Gardens,Week3,387.0 Riverside Gardens - 15.0 Springfield
Springfield,Week3,Somerset-Olde Creek,Week2,258.0 Somerset-Olde Creek - 105.0 Springfield
Stratford,Week1,Hunter Mill,Week2,284.0 Hunter Mill - 118.0 Stratford
Stratford,Week3,Orange Hunt,Week2,254.0 Orange Hunt - 148.0 Stratford
Stratford,Week5,Hunt Valley,Week2,310.0 Hunt Valley - 92.0 Stratford
Stratford,Week5,Walden Glen,Week5,237.0 Walden Glen - 165.0 Stratford
Springfield,Week2,Hiddenbrook,Week1,324.0 Hiddenbrook - 70.0 Springfield
Stratford,Week5,Hunt Valley,Week4,320.0 Hunt Valley - 82.0 Stratford
Springfield,Week5,Hiddenbrook,Week4,349.0 Hiddenbrook - 39.0 Springfield
Springfield,Week1,High Point Pool,Week1,357.0 High Point Pool - 35.0 Springfield
Springfield,Week5,Sleepy Hollow Rec,Week4,356.0 Sleepy Hollow Rec - 43.0 Springfield
Springfield,Week1,High Point Pool,Week3,372.0 High Point Pool - 26.0 Springfield
Springfield,Week4,Somerset-Olde Creek,Week1,238.0 Somerset-Olde Creek - 136.0 Springfield
Springfield,Week1,Somerset-Olde Creek,Week1,250.0 Somerset-Olde Creek - 117.0 Springfield
Springfield,Week3,Ravensworth Farm,Week3,362.0 Ravensworth Farm - 35.0 Springfield
Stratford,Week1,Overlee,Week5,379.0 Overlee - 23.0 Stratford
Springfield,Week5,Woodley,Week1,332.0 Woodley - 62.0 Springfield
Springfield,Week4,Woodley,Week1,312.0 Woodley - 85.0 Springfield
Stratford,Week1,Waynewood,Week1,287.0 Waynewood - 115.0 Stratford
Springfield,Week2,High Point Pool,Week2,377.0 High Point Pool - 25.0 Springfield
Springfield,Week3,Woodley,Week1,328.0 Woodley - 68.0 Springfield
Stratford,Week2,Overlee,Week3,355.0 Overlee - 47.0 Stratford
Springfield,Week3,Sleepy Hollow Rec,Week5,345.0 Sleepy Hollow Rec - 53.0 Springfield
Stratford,Week4,Hunt Valley,Week5,329.0 Hunt Valley - 73.0 Stratford
Stratford,Week2,Overlee,Week4,365.5 Overlee - 36.5 Stratford
Springfield,Week4,High Point Pool,Week4,353.0 High Point Pool - 47.0 Springfield
Springfield,Week5,Sleepy Hollow Rec,Week2,348.0 Sleepy Hollow Rec - 52.0 Springfield
Springfield,Week3,Ravensworth Farm,Week5,374.0 Ravensworth Farm - 28.0 Springfield
Stratford,Week1,Waynewood,Week4,309.0 Waynewood - 93.0 Stratford
Stratford,Week2,Waynewood,Week1,291.0 Waynewood - 111.0 Stratford
Springfield,Week2,High Point Pool,Week4,361.0 High Point Pool - 39.0 Springfield
Springfield,Week1,Woodley,Week3,324.0 Woodley - 76.0 Springfield
Springfield,Week1,Woodley,Week4,323.0 Woodley - 78.0 Springfield
Springfield,Week4,High Point Pool,Week5,355.0 High Point Pool - 40.0 Springfield
Springfield,Week4,Sleepy Hollow Rec,Week1,321.0 Sleepy Hollow Rec - 80.0 Springfield
Stratford,Week4,Walden Glen,Week4,208.0 Stratford - 194.0 Walden Glen
Stratford,Week3,Orange Hunt,Week5,267.0 Orange Hunt - 135.0 Stratford
Springfield,Week3,Riverside Gardens,Week4,381.0 Riverside Gardens - 20.0 Springfield
Springfield,Week1,Sleepy Hollow Rec,Week4,340.0 Sleepy Hollow Rec - 59.0 Springfield
Stratford,Week3,Hunter Mill,Week3,290.5 Hunter Mill - 111.5 Stratford
Springfield,Week5,Ravensworth Farm,Week4,367.0 Ravensworth Farm - 34.0 Springfield
Stratford,Week2,Waynewood,Week2,315.5 Waynewood - 86.5 Stratford
Stratford,Week1,Overlee,Week3,362.0 Overlee - 40.0 Stratford
Springfield,Week1,Woodley,Week5,329.0 Woodley - 70.0 Springfield
Stratford,Week4,Hunt Valley,Week3,319.0 Hunt Valley - 83.0 Stratford
Springfield,Week2,Sleepy Hollow Rec,Week5,346.0 Sleepy Hollow Rec - 53.0 Springfield
Springfield,Week3,Ravensworth Farm,Week4,367.0 Ravensworth Farm - 34.0 Springfield
Stratford,Week2,Overlee,Week5,374.0 Overlee - 28.0 Stratford
Springfield,Week4,High Point Pool,Week1,352.0 High Point Pool - 48.0 Springfield
Stratford,Week5,Walden Glen,Week3,205.0 Stratford - 197.0 Walden Glen
Springfield,Week5,Waynewood,Week3,386.0 Waynewood - 16.0 Springfield
Springfield,Week2,High Point Pool,Week5,365.0 High Point Pool - 30.0 Springfield
Springfield,Week4,Sleepy Hollow Rec,Week2,330.5 Sleepy Hollow Rec - 69.5 Springfield
Stratford,Week1,Waynewood,Week2,315.0 Waynewood - 87.0 Stratford
Stratford,Week1,Hunter Mill,Week1,302.0 Hunter Mill - 100.0 Stratford
Springfield,Week5,Ravensworth Farm,Week2,352.0 Ravensworth Farm - 45.0 Springfield
Stratford,Week2,Hunter Mill,Week1,301.0 Hunter Mill - 96.0 Stratford
Springfield,Week2,Woodley,Week1,331.0 Woodley - 66.0 Springfield
Springfield,Week3,Riverside Gardens,Week5,382.0 Riverside Gardens - 18.0 Springfield
Stratford,Week3,Hunter Mill,Week1,285.0 Hunter Mill - 117.0 Stratford
Springfield,Week1,Riverside Gardens,Week4,387.0 Riverside Gardens - 14.0 Springfield
Stratford,Week2,Waynewood,Week3,318.0 Waynewood - 84.0 Stratford
Springfield,Week3,High Point Pool,Week2,376.0 High Point Pool - 24.0 Springfield
Springfield,Week2,Sleepy Hollow Rec,Week1,333.0 Sleepy Hollow Rec - 61.0 Springfield
Springfield,Week4,Riverside Gardens,Week1,384.0 Riverside Gardens - 18.0 Springfield
Springfield,Week5,High Point Pool,Week5,369.0 High Point Pool - 27.0 Springfield
Stratford,Week5,Hunt Valley,Week3,316.0 Hunt Valley - 86.0 Stratford
Stratford,Week2,Waynewood,Week5,326.5 Waynewood - 75.5 Stratford
Springfield,Week1,Sleepy Hollow Rec,Week5,343.0 Sleepy Hollow Rec - 56.0 Springfield
Stratford,Week2,Overlee,Week1,340.0 Overlee - 62.0 Stratford
Stratford,Week4,Orange Hunt,Week5,245.0 Orange Hunt - 157.0 Stratford
Springfield,Week5,Riverside Gardens,Week3,396.0 Riverside Gardens - 6.0 Springfield
Stratford,Week2,Waynewood,Week4,307.0 Waynewood - 95.0 Stratford
Springfield,Week2,Woodley,Week3,322.0 Woodley - 78.0 Springfield
Stratford,Week1,Overlee,Week1,354.0 Overlee - 48.0 Stratford
Stratford,Week3,Waynewood,Week1,271.0 Waynewood - 131.0 Stratford
Stratford,Week3,Overlee,Week1,354.0 Overlee - 48.0 Stratford
Springfield,Week5,Hayfield Farm,Week4,372.0 Hayfield Farm - 30.0 Springfield
Stratford,Week3,Hunter Mill,Week4,295.0 Hunter Mill - 107.0 Stratford
Springfield,Week5,Waynewood,Week4,379.0 Waynewood - 21.0 Springfield
Springfield,Week1,Woodley,Week1,326.0 Woodley - 71.0 Springfield
Springfield,Week2,Sleepy Hollow Rec,Week2,344.0 Sleepy Hollow Rec - 56.0 Springfield
Springfield,Week4,Hayfield Farm,Week2,359.0 Hayfield Farm - 43.0 Springfield
Springfield,Week3,Woodley,Week3,324.0 Woodley - 75.0 Springfield
Springfield,Week5,Hayfield Farm,Week3,360.0 Hayfield Farm - 36.0 Springfield
Stratford,Week3,Orange Hunt,Week1,245.0 Orange Hunt - 157.0 Stratford
Springfield,Week3,Woodley,Week2,330.0 Woodley - 66.0 Springfield
Springfield,Week5,High Point Pool,Week4,377.0 High Point Pool - 21.0 Springfield
Stratford,Week5,Hunt Valley,Week5,320.0 Hunt Valley - 82.0 Stratford
Springfield,Week3,Sleepy Hollow Rec,Week1,337.0 Sleepy Hollow Rec - 63.0 Springfield
Stratford,Week5,Hunt Valley,Week1,296.0 Hunt Valley - 106.0 Stratford
Springfield,Week3,High Point Pool,Week3,368.0 High Point Pool - 30.0 Springfield
Stratford,Week3,Overlee,Week3,359.0 Overlee - 43.0 Stratford
Springfield,Week2,Rolling Forest,Week4,361.0 Rolling Forest - 39.0 Springfield
Springfield,Week2,Hayfield Farm,Week4,364.0 Hayfield Farm - 37.0 Springfield
Stratford,Week4,Orange Hunt,Week4,231.0 Orange Hunt - 171.0 Stratford
Springfield,Week2,Hayfield Farm,Week2,364.0 Hayfield Farm - 38.0 Springfield
Stratford,Week3,Hunter Mill,Week5,304.0 Hunter Mill - 98.0 Stratford
Springfield,Week2,Sleepy Hollow Rec,Week3,361.0 Sleepy Hollow Rec - 40.0 Springfield
Springfield,Week2,High Point Pool,Week3,373.0 High Point Pool - 25.0 Springfield
Stratford,Week3,Orange Hunt,Week3,250.0 Orange Hunt - 152.0 Stratford
Stratford,Week5,Walden Glen,Week4,218.0 Walden Glen - 184.0 Stratford
Springfield,Week5,High Point Pool,Week1,370.0 High Point Pool - 23.0 Springfield
Stratford,Week4,Walden Glen,Week2,211.0 Stratford - 191.0 Walden Glen
Springfield,Week2,Woodley,Week5,326.0 Woodley - 69.0 Springfield
Springfield,Week3,High Point Pool,Week1,360.0 High Point Pool - 31.0 Springfield
Stratford,Week4,Hunter Mill,Week4,281.0 Hunter Mill - 121.0 Stratford
Springfield,Week5,Hamlet,Week4,389.0 Hamlet - 11.0 Springfield
Springfield,Week5,Waynewood,Week5,389.0 Waynewood - 13.0 Springfield
Springfield,Week1,Rolling Forest,Week3,364.0 Rolling Forest - 37.0 Springfield
Stratford,Week1,Overlee,Week4,382.0 Overlee - 20.0 Stratford
Springfield,Week3,Woodley,Week4,324.0 Woodley - 69.0 Springfield
Springfield,Week3,Sleepy Hollow Rec,Week2,334.0 Sleepy Hollow Rec - 63.0 Springfield
Springfield,Week1,High Point Pool,Week5,360.0 High Point Pool - 36.0 Springfield
Stratford,Week1,Waynewood,Week5,322.0 Waynewood - 80.0 Stratford
Stratford,Week3,Waynewood,Week2,290.0 Waynewood - 112.0 Stratford
Springfield,Week3,Hayfield Farm,Week3,359.0 Hayfield Farm - 36.0 Springfield
Stratford,Week4,Hunter Mill,Week3,284.0 Hunter Mill - 118.0 Stratford
Springfield,Week2,Rolling Forest,Week1,361.0 Rolling Forest - 35.0 Springfield
Springfield,Week1,Sleepy Hollow Rec,Week2,346.0 Sleepy Hollow Rec - 53.0 Springfield
Springfield,Week4,Sleepy Hollow Rec,Week3,342.0 Sleepy Hollow Rec - 59.0 Springfield
Springfield,Week1,Rolling Forest,Week5,361.0 Rolling Forest - 40.0 Springfield
Springfield,Week4,High Point Pool,Week2,368.0 High Point Pool - 34.0 Springfield
Springfield,Week3,Hayfield Farm,Week4,365.0 Hayfield Farm - 36.0 Springfield
Stratford,Week2,Parklawn,Week2,211.0 Parklawn - 190.0 Stratford
Springfield,Week5,Sleepy Hollow Rec,Week5,356.0 Sleepy Hollow Rec - 42.0 Springfield
Springfield,Week5,Rolling Forest,Week3,372.0 Rolling Forest - 29.0 Springfield
Springfield,Week5,Sleepy Hollow Rec,Week1,343.0 Sleepy Hollow Rec - 58.0 Springfield
Stratford,Week1,Ilda Community,Week1,209.0 Stratford - 193.0 Ilda Community
Springfield,Week5,Woodley,Week2,324.0 Woodley - 75.0 Springfield
Springfield,Week1,Hayfield Farm,Week1,345.0 Hayfield Farm - 56.0 Springfield
Stratford,Week5,Ilda Community,Week3,235.0 Stratford - 161.0 Ilda Community
Stratford,Week4,Ilda Community,Week5,254.0 Stratford - 148.0 Ilda Community
Springfield,Week4,High Point Pool,Week3,366.0 High Point Pool - 32.0 Springfield
Stratford,Week3,Walden Glen,Week5,232.0 Walden Glen - 170.0 Stratford
Stratford,Week3,Parklawn,Week5,207.0 Stratford - 194.0 Parklawn
Springfield,Week5,Woodley,Week5,328.0 Woodley - 65.0 Springfield
Springfield,Week3,Hayfield Farm,Week5,364.0 Hayfield Farm - 37.0 Springfield
Stratford,Week3,Waynewood,Week3,304.0 Waynewood - 98.0 Stratford
Stratford,Week5,Orange Hunt,Week5,263.0 Orange Hunt - 139.0 Stratford
Springfield,Week3,Rolling Forest,Week4,358.0 Rolling Forest - 42.0 Springfield
Springfield,Week5,High Point Pool,Week2,379.0 High Point Pool - 22.0 Springfield
Stratford,Week4,Walden Glen,Week5,211.0 Walden Glen - 191.0 Stratford
Springfield,Week5,Rolling Forest,Week1,365.0 Rolling Forest - 32.0 Springfield
Springfield,Week5,Woodley,Week4,331.0 Woodley - 68.0 Springfield
Springfield,Week4,Riverside Gardens,Week4,384.0 Riverside Gardens - 18.0 Springfield
Springfield,Week3,Rolling Forest,Week3,362.0 Rolling Forest - 40.0 Springfield
Stratford,Week1,Annandale,Week2,206.0 Stratford - 196.0 Annandale
Stratford,Week4,Woodley,Week1,256.5 Stratford - 145.5 Woodley
Stratford,Week3,Annandale,Week2,217.0 Stratford - 185.0 Annandale
Stratford,Week5,Hunter Mill,Week4,295.0 Hunter Mill - 107.0 Stratford
Springfield,Week2,Hayfield Farm,Week3,357.0 Hayfield Farm - 38.0 Springfield
Stratford,Week2,Woodley,Week5,226.0 Stratford - 176.0 Woodley
Stratford,Week2,Ilda Community,Week4,215.0 Ilda Community - 187.0 Stratford
Stratford,Week4,Walden Glen,Week1,242.0 Stratford - 159.0 Walden Glen
Stratford,Week1,Parklawn,Week2,218.0 Parklawn - 180.0 Stratford
Springfield,Week5,Rolling Forest,Week4,372.0 Rolling Forest - 30.0 Springfield
Springfield,Week1,Somerset-Olde Creek,Week5,288.0 Somerset-Olde Creek - 99.0 Springfield
Stratford,Week5,Ilda Community,Week5,227.0 Stratford - 175.0 Ilda Community
Stratford,Week1,Annandale,Week5,203.0 Stratford - 198.0 Annandale
Springfield,Week2,Hayfield Farm,Week1,355.0 Hayfield Farm - 46.0 Springfield
Stratford,Week4,Parklawn,Week5,218.0 Stratford - 183.0 Parklawn
Springfield,Week1,Somerset-Olde Creek,Week3,233.0 Somerset-Olde Creek - 132.0 Springfield
Springfield,Week5,Rolling Forest,Week5,366.0 Rolling Forest - 35.0 Springfield
Stratford,Week4,Parklawn,Week3,246.0 Stratford - 155.0 Parklawn
Stratford,Week2,Woodley,Week1,236.0 Stratford - 165.0 Woodley
Springfield,Week2,High Point Pool,Week1,362.0 High Point Pool - 33.0 Springfield
Springfield,Week3,High Point Pool,Week5,361.0 High Point Pool - 37.0 Springfield
Stratford,Week1,Annandale,Week1,228.5 Stratford - 168.5 Annandale
Springfield,Week5,Riverside Gardens,Week1,392.0 Riverside Gardens - 10.0 Springfield
Springfield,Week1,Highland Park,Week1,363.0 Highland Park - 39.0 Springfield
Stratford,Week3,Overlee,Week5,381.0 Overlee - 21.0 Stratford
Springfield,Week1,Highland Park,Week2,362.0 Highland Park - 40.0 Springfield
Stratford,Week5,Overlee,Week2,365.0 Overlee - 37.0 Stratford
Stratford,Week1,Annandale,Week4,214.0 Stratford - 184.0 Annandale
Stratford,Week3,Ilda Community,Week4,207.0 Stratford - 195.0 Ilda Community
Springfield,Week3,Somerset-Olde Creek,Week3,248.0 Somerset-Olde Creek - 108.0 Springfield
Springfield,Week5,Hamlet,Week5,398.0 Hamlet - 2.0 Springfield
Springfield,Week3,High Point Pool,Week4,358.0 High Point Pool - 41.0 Springfield
Springfield,Week1,Hayfield Farm,Week3,352.0 Hayfield Farm - 43.0 Springfield
Stratford,Week5,Hunter Mill,Week5,313.0 Hunter Mill - 89.0 Stratford
Stratford,Week4,Waynewood,Week5,306.0 Waynewood - 96.0 Stratford
Springfield,Week4,Hayfield Farm,Week3,349.0 Hayfield Farm - 46.0 Springfield
Stratford,Week5,Waynewood,Week2,306.0 Waynewood - 96.0 Stratford
Stratford,Week3,Ilda Community,Week5,228.0 Stratford - 174.0 Ilda Community
Springfield,Week2,Hayfield Farm,Week5,367.0 Hayfield Farm - 33.0 Springfield
Stratford,Week5,Overlee,Week4,380.0 Overlee - 22.0 Stratford
Stratford,Week4,Ilda Community,Week1,256.0 Stratford - 146.0 Ilda Community
Springfield,Week4,Riverside Gardens,Week3,383.0 Riverside Gardens - 19.0 Springfield
Springfield,Week1,Highland Park,Week3,356.0 Highland Park - 40.0 Springfield
Springfield,Week4,Hayfield Farm,Week4,360.0 Hayfield Farm - 41.0 Springfield
Springfield,Week4,Riverside Gardens,Week5,382.0 Riverside Gardens - 19.0 Springfield
Springfield,Week3,Highland Park,Week1,366.0 Highland Park - 35.0 Springfield
Springfield,Week3,Somerset-Olde Creek,Week4,298.0 Somerset-Olde Creek - 82.0 Springfield
Stratford,Week5,Overlee,Week5,378.0 Overlee - 24.0 Stratford
Springfield,Week3,Somerset-Olde Creek,Week5,292.0 Somerset-Olde Creek - 84.0 Springfield
Springfield,Week5,High Point Pool,Week3,377.0 High Point Pool - 21.0 Springfield
Springfield,Week3,Hayfield Farm,Week1,357.0 Hayfield Farm - 44.0 Springfield
Stratford,Week3,Waynewood,Week5,314.5 Waynewood - 87.5 Stratford
Stratford,Week5,Annandale,Week2,230.0 Stratford - 172.0 Annandale
Stratford,Week2,Parklawn,Week4,216.0 Parklawn - 185.0 Stratford
Stratford,Week4,Overlee,Week5,371.0 Overlee - 31.0 Stratford
Springfield,Week4,Rolling Forest,Week2,344.0 Rolling Forest - 53.0 Springfield
Springfield,Week2,Somerset-Olde Creek,Week5,304.0 Somerset-Olde Creek - 75.0 Springfield
Stratford,Week4,Annandale,Week5,242.0 Stratford - 160.0 Annandale
Springfield,Week2,Rolling Forest,Week3,370.0 Rolling Forest - 32.0 Springfield
Stratford,Week1,Arlington Forest,Week2,263.0 Arlington Forest - 139.0 Stratford
Stratford,Week3,Parklawn,Week3,232.0 Stratford - 169.0 Parklawn
Stratford,Week2,Ilda Community,Week2,229.0 Stratford - 173.0 Ilda Community
Stratford,Week1,Woodley,Week3,202.0 Stratford - 200.0 Woodley
Springfield,Week1,Highland Park,Week5,367.0 Highland Park - 35.0 Springfield
Stratford,Week4,Ilda Community,Week2,254.0 Stratford - 148.0 Ilda Community
Springfield,Week5,Somerset-Olde Creek,Week2,256.0 Somerset-Olde Creek - 115.0 Springfield
Stratford,Week2,Arlington Forest,Week4,287.5 Arlington Forest - 114.5 Stratford
Springfield,Week5,Riverside Gardens,Week4,391.0 Riverside Gardens - 9.0 Springfield
Stratford,Week3,Annandale,Week1,238.0 Stratford - 164.0 Annandale
Stratford,Week2,Ilda Community,Week5,219.0 Stratford - 183.0 Ilda Community
Springfield,Week4,Somerset-Olde Creek,Week5,267.0 Somerset-Olde Creek - 121.0 Springfield
Stratford,Week1,Woodley,Week1,222.0 Stratford - 176.0 Woodley
Springfield,Week3,Hayfield Farm,Week2,361.0 Hayfield Farm - 41.0 Springfield
Springfield,Week3,Somerset-Olde Creek,Week1,255.0 Somerset-Olde Creek - 105.0 Springfield
Springfield,Week2,Somerset-Olde Creek,Week3,253.0 Somerset-Olde Creek - 98.0 Springfield
Springfield,Week2,South Run,Week1,321.0 South Run - 62.0 Springfield
Stratford,Week4,Overlee,Week4,372.0 Overlee - 30.0 Stratford
Springfield,Week3,Rolling Forest,Week1,356.0 Rolling Forest - 40.0 Springfield
Springfield,Week3,Rolling Forest,Week5,355.0 Rolling Forest - 44.0 Springfield
Stratford,Week4,Waynewood,Week2,287.0 Waynewood - 115.0 Stratford
Stratford,Week5,Annandale,Week4,249.5 Stratford - 151.5 Annandale
Springfield,Week1,Rolling Forest,Week2,349.0 Rolling Forest - 53.0 Springfield
Stratford,Week1,Ilda Community,Week4,216.0 Ilda Community - 186.0 Stratford
Springfield,Week3,South Run,Week2,322.0 South Run - 59.0 Springfield
Stratford,Week3,Arlington Forest,Week1,268.0 Arlington Forest - 134.0 Stratford
Stratford,Week1,Ilda Community,Week5,200.0 Stratford - 199.0 Ilda Community
Stratford,Week2,Annandale,Week2,208.0 Stratford - 194.0 Annandale
Springfield,Week1,Hayfield Farm,Week2,360.0 Hayfield Farm - 42.0 Springfield
Springfield,Week4,Hayfield Farm,Week1,341.0 Hayfield Farm - 60.0 Springfield
Springfield,Week3,Highland Park,Week5,367.0 Highland Park - 34.0 Springfield
Stratford,Week5,Overlee,Week3,362.0 Overlee - 40.0 Stratford
Stratford,Week4,Waynewood,Week4,300.0 Waynewood - 102.0 Stratford
Stratford,Week3,Woodley,Week2,240.0 Stratford - 162.0 Woodley
Stratford,Week3,Ilda Community,Week1,235.0 Stratford - 167.0 Ilda Community
Springfield,Week4,Highland Park,Week5,362.0 Highland Park - 40.0 Springfield
Stratford,Week1,Parklawn,Week5,206.0 Parklawn - 182.0 Stratford
Springfield,Week1,Hayfield Farm,Week4,361.0 Hayfield Farm - 40.0 Springfield
Springfield,Week1,South Run,Week2,324.0 South Run - 71.0 Springfield
Stratford,Week5,Ilda Community,Week1,242.0 Stratford - 160.0 Ilda Community
Stratford,Week1,Woodley,Week4,210.0 Stratford - 192.0 Woodley
Springfield,Week1,Highlands Swim,Week1,393.0 Highlands Swim - 8.0 Springfield
Springfield,Week4,Somerset-Olde Creek,Week2,231.0 Somerset-Olde Creek - 149.0 Springfield
Stratford,Week2,Ilda Community,Week3,221.0 Stratford - 176.0 Ilda Community
Stratford,Week4,Waynewood,Week3,305.0 Waynewood - 97.0 Stratford
Stratford,Week1,Arlington Forest,Week1,288.0 Arlington Forest - 109.0 Stratford
Springfield,Week4,Rolling Forest,Week3,358.0 Rolling Forest - 44.0 Springfield
Stratford,Week4,Overlee,Week1,343.0 Overlee - 59.0 Stratford
Springfield,Week5,Riverside Gardens,Week2,386.0 Riverside Gardens - 11.0 Springfield
Stratford,Week3,Woodley,Week3,230.0 Stratford - 172.0 Woodley
Stratford,Week2,Annandale,Week3,207.0 Stratford - 190.0 Annandale
Springfield,Week1,Hayfield Farm,Week5,351.0 Hayfield Farm - 50.0 Springfield
Springfield,Week3,South Run,Week4,315.0 South Run - 72.0 Springfield
Springfield,Week1,Highlands Swim,Week3,396.0 Highlands Swim - 5.0 Springfield
Stratford,Week3,Ilda Community,Week2,240.0 Stratford - 162.0 Ilda Community
Stratford,Week1,Arlington Forest,Week5,282.0 Arlington Forest - 120.0 Stratford
Springfield,Week1,Rolling Forest,Week1,350.0 Rolling Forest - 47.0 Springfield
Springfield,Week4,Hayfield Farm,Week5,359.0 Hayfield Farm - 42.0 Springfield
Stratford,Week5,Hunter Mill,Week2,258.0 Hunter Mill - 144.0 Stratford
Stratford,Week4,Annandale,Week3,231.0 Stratford - 171.0 Annandale
Springfield,Week3,South Run,Week5,350.0 South Run - 49.0 Springfield
Springfield,Week5,Hayfield Farm,Week2,370.0 Hayfield Farm - 32.0 Springfield
Springfield,Week3,Highlands Swim,Week1,388.0 Highlands Swim - 14.0 Springfield
Springfield,Week1,Rolling Forest,Week4,354.0 Rolling Forest - 48.0 Springfield
Stratford,Week3,Parklawn,Week4,202.0 Stratford - 199.0 Parklawn
Springfield,Week2,Highlands Swim,Week2,387.0 Highlands Swim - 14.0 Springfield
Stratford,Week2,Parklawn,Week5,222.0 Parklawn - 179.0 Stratford
Stratford,Week1,Parklawn,Week3,200.0 Parklawn - 198.0 Stratford
Springfield,Week5,Highland Park,Week1,378.0 Highland Park - 23.0 Springfield
Springfield,Week3,South Run,Week3,342.0 South Run - 55.0 Springfield
Springfield,Week3,South Run,Week1,327.0 South Run - 59.0 Springfield
Springfield,Week5,Hayfield Farm,Week1,359.0 Hayfield Farm - 43.0 Springfield
Stratford,Week3,Annandale,Week4,231.0 Stratford - 170.0 Annandale
Stratford,Week5,Hunter Mill,Week3,285.0 Hunter Mill - 117.0 Stratford
Springfield,Week2,Rolling Forest,Week2,360.0 Rolling Forest - 42.0 Springfield
Stratford,Week2,Woodley,Week2,233.0 Stratford - 169.0 Woodley
Stratford,Week5,Waynewood,Week3,323.5 Waynewood - 78.5 Stratford
Stratford,Week1,Parklawn,Week1,205.0 Stratford - 188.0 Parklawn
Stratford,Week4,Ilda Community,Week4,234.0 Stratford - 168.0 Ilda Community
Stratford,Week3,Parklawn,Week1,243.0 Stratford - 150.0 Parklawn
Stratford,Week4,Overlee,Week3,350.5 Overlee - 51.5 Stratford
Stratford,Week2,Ilda Community,Week1,224.0 Stratford - 178.0 Ilda Community
Springfield,Week3,Rolling Forest,Week2,350.0 Rolling Forest - 51.0 Springfield
Stratford,Week4,Annandale,Week1,260.0 Stratford - 142.0 Annandale
Stratford,Week3,Woodley,Week5,227.0 Stratford - 175.0 Woodley
Springfield,Week5,Somerset-Olde Creek,Week3,248.0 Somerset-Olde Creek - 113.0 Springfield
Springfield,Week2,Highlands Swim,Week3,381.0 Highlands Swim - 20.0 Springfield
Springfield,Week4,Rolling Forest,Week4,346.0 Rolling Forest - 56.0 Springfield
Springfield,Week5,Somerset-Olde Creek,Week4,302.0 Somerset-Olde Creek - 93.0 Springfield
Stratford,Week1,Ilda Community,Week3,210.0 Stratford - 192.0 Ilda Community
Springfield,Week4,Highland Park,Week1,363.0 Highland Park - 39.0 Springfield
Springfield,Week2,Highlands Swim,Week1,387.0 Highlands Swim - 14.0 Springfield
Springfield,Week4,Somerset-Olde Creek,Week3,222.0 Somerset-Olde Creek - 148.0 Springfield
Springfield,Week1,Highlands Swim,Week5,388.0 Highlands Swim - 14.0 Springfield
Springfield,Week2,Rolling Forest,Week5,356.0 Rolling Forest - 44.0 Springfield
Springfield,Week5,Highland Park,Week2,379.0 Highland Park - 23.0 Springfield
Stratford,Week2,Arlington Forest,Week5,296.0 Arlington Forest - 101.0 Stratford
Springfield,Week5,Riverside Gardens,Week5,386.0 Riverside Gardens - 15.0 Springfield
Springfield,Week4,Rolling Forest,Week1,346.0 Rolling Forest - 51.0 Springfield
Stratford,Week2,Annandale,Week5,219.0 Stratford - 183.0 Annandale
Stratford,Week4,Overlee,Week2,360.0 Overlee - 42.0 Stratford
Springfield,Week1,South Run,Week3,346.0 South Run - 54.0 Springfield
Stratford,Week5,Waynewood,Week4,318.5 Waynewood - 83.5 Stratford
Springfield,Week5,Somerset-Olde Creek,Week1,268.0 Somerset-Olde Creek - 101.0 Springfield
Stratford,Week3,Ilda Community,Week3,230.0 Stratford - 172.0 Ilda Community
Stratford,Week5,Waynewood,Week1,264.0 Waynewood - 138.0 Stratford
Springfield,Week4,Highland Park,Week3,352.0 Highland Park - 39.0 Springfield
Stratford,Week3,Waynewood,Week4,299.0 Waynewood - 103.0 Stratford
Stratford,Week5,Waynewood,Week5,317.0 Waynewood - 85.0 Stratford
Stratford,Week2,Parklawn,Week3,208.0 Stratford - 193.0 Parklawn
Stratford,Week1,Woodley,Week2,215.0 Stratford - 186.0 Woodley
Stratford,Week4,Ilda Community,Week3,254.0 Stratford - 148.0 Ilda Community
Stratford,Week2,Parklawn,Week1,217.0 Stratford - 176.0 Parklawn
Stratford,Week5,Annandale,Week1,253.0 Stratford - 144.0 Annandale
Springfield,Week1,South Run,Week4,317.0 South Run - 76.0 Springfield
Stratford,Week2,Annandale,Week4,235.0 Stratford - 166.0 Annandale
Stratford,Week5,Ilda Community,Week4,222.0 Stratford - 179.0 Ilda Community
Springfield,Week5,Rolling Forest,Week2,367.0 Rolling Forest - 30.0 Springfield
Stratford,Week1,Parklawn,Week4,217.0 Parklawn - 176.0 Stratford
Stratford,Week3,Parklawn,Week2,214.5 Stratford - 186.5 Parklawn
Stratford,Week1,Arlington Forest,Week3,253.0 Arlington Forest - 148.0 Stratford
Springfield,Week2,South Run,Week2,318.0 South Run - 68.0 Springfield
Stratford,Week2,Woodley,Week4,228.0 Stratford - 174.0 Woodley
Springfield,Week1,South Run,Week5,347.0 South Run - 54.0 Springfield
Stratford,Week5,Overlee,Week1,350.0 Overlee - 52.0 Stratford
Stratford,Week5,Hunter Mill,Week1,283.0 Hunter Mill - 119.0 Stratford
Stratford,Week4,Annandale,Week4,258.0 Stratford - 144.0 Annandale
Springfield,Week2,Highlands Swim,Week4,376.0 Highlands Swim - 25.0 Springfield
Springfield,Week4,Somerset-Olde Creek,Week4,276.0 Somerset-Olde Creek - 120.0 Springfield
Stratford,Week1,Ilda Community,Week2,210.0 Stratford - 192.0 Ilda Community
Stratford,Week2,Woodley,Week3,223.0 Stratford - 179.0 Woodley
Springfield,Week1,Highlands Swim,Week4,395.0 Highlands Swim - 5.0 Springfield
Stratford,Week1,Woodley,Week5,201.0 Stratford - 195.0 Woodley
Springfield,Week2,Highland Park,Week1,370.0 Highland Park - 31.0 Springfield
Springfield,Week4,Rolling Forest,Week5,351.0 Rolling Forest - 50.0 Springfield
Stratford,Week5,Ilda Community,Week2,243.5 Stratford - 158.5 Ilda Community
Stratford,Week5,Annandale,Week3,231.0 Stratford - 171.0 Annandale
Stratford,Week2,Arlington Forest,Week2,257.0 Arlington Forest - 140.0 Stratford
Springfield,Week2,Pinecrest,Week3,374.0 Pinecrest - 28.0 Springfield
Stratford,Week4,Parklawn,Week2,224.0 Stratford - 177.0 Parklawn
Springfield,Week4,Parliament,Week2,332.0 Parliament - 60.0 Springfield
Stratford,Week3,Woodley,Week4,243.0 Stratford - 159.0 Woodley
Springfield,Week5,Parliament,Week5,342.0 Parliament - 46.0 Springfield
Stratford,Week3,Woodley,Week1,243.0 Stratford - 158.0 Woodley
Springfield,Week4,Parliament,Week1,325.0 Parliament - 62.0 Springfield
Springfield,Week2,South Run,Week5,343.0 South Run - 57.0 Springfield
Stratford,Week2,Arlington Forest,Week3,260.5 Arlington Forest - 141.5 Stratford
Stratford,Week1,Kent Gardens,Week1,288.0 Kent Gardens - 114.0 Stratford
Stratford,Week4,Parklawn,Week1,248.0 Stratford - 145.0 Parklawn
Springfield,Week2,South Run,Week4,311.0 South Run - 75.0 Springfield
Springfield,Week5,Highland Park,Week5,372.0 Highland Park - 30.0 Springfield
Stratford,Week1,Kent Gardens,Week2,271.0 Kent Gardens - 131.0 Stratford
Springfield,Week5,Highland Park,Week4,379.0 Highland Park - 23.0 Springfield
Springfield,Week2,Highland Park,Week4,373.0 Highland Park - 29.0 Springfield
Stratford,Week5,Parliament,Week2,225.0 Parliament - 177.0 Stratford
Springfield,Week1,South Run,Week1,327.0 South Run - 61.0 Springfield
Stratford,Week3,Annandale,Week5,216.0 Stratford - 186.0 Annandale
Springfield,Week1,Pinecrest,Week3,379.0 Pinecrest - 23.0 Springfield
Springfield,Week4,Highland Park,Week4,360.0 Highland Park - 42.0 Springfield
Sully Station,Week4,Annandale,Week2,314.0 Sully Station - 88.0 Annandale
Stratford,Week1,Kent Gardens,Week5,308.0 Kent Gardens - 94.0 Stratford
Stratford,Week1,Kent Gardens,Week4,264.0 Kent Gardens - 137.0 Stratford
Springfield,Week2,South Run,Week3,339.0 South Run - 60.0 Springfield
Springfield,Week5,Somerset-Olde Creek,Week5,301.0 Somerset-Olde Creek - 87.0 Springfield
Springfield,Week3,Parliament,Week5,330.0 Parliament - 54.0 Springfield
Stratford,Week4,Waynewood,Week1,258.0 Waynewood - 144.0 Stratford
Stratford,Week4,Parklawn,Week4,216.0 Stratford - 185.0 Parklawn
Springfield,Week3,Highland Park,Week2,363.0 Highland Park - 39.0 Springfield
Stratford,Week3,Annandale,Week3,207.0 Stratford - 195.0 Annandale
Stratford,Week1,Arlington Forest,Week4,288.0 Arlington Forest - 114.0 Stratford
Stratford,Week5,Parliament,Week4,234.0 Parliament - 167.0 Stratford
Springfield,Week2,Highland Park,Week2,367.0 Highland Park - 35.0 Springfield
Springfield,Week4,Parliament,Week5,326.0 Parliament - 63.0 Springfield
Stratford,Week4,Annandale,Week2,232.0 Stratford - 170.0 Annandale
Sully Station,Week3,Annandale,Week2,299.0 Sully Station - 103.0 Annandale
Stratford,Week1,Kent Gardens,Week3,263.0 Kent Gardens - 139.0 Stratford
Stratford,Week4,Parliament,Week1,247.0 Parliament - 154.0 Stratford
Stratford,Week1,Brandywine,Week5,287.0 Brandywine - 115.0 Stratford
Springfield,Week2,Rolling Hills,Week1,339.0 Rolling Hills - 53.0 Springfield
Stratford,Week2,Parliament,Week2,230.0 Parliament - 167.0 Stratford
Stratford,Week1,Parliament,Week4,250.0 Parliament - 152.0 Stratford
Springfield,Week1,Highland Park,Week4,363.0 Highland Park - 39.0 Springfield
Stratford,Week3,Fox Mill Estates,Week1,206.0 Fox Mill Estates - 196.0 Stratford
Stratford,Week1,Parliament,Week2,242.5 Parliament - 158.5 Stratford
Springfield,Week3,Highland Park,Week3,361.0 Highland Park - 29.0 Springfield
Springfield,Week5,Rolling Hills,Week5,348.0 Rolling Hills - 51.0 Springfield
Stratford,Week3,Arlington Forest,Week5,270.0 Arlington Forest - 132.0 Stratford
Springfield,Week5,Parliament,Week1,338.0 Parliament - 46.0 Springfield
Stratford,Week5,Fox Hunt,Week3,248.0 Fox Hunt - 154.0 Stratford
Stratford,Week2,Parliament,Week1,254.5 Parliament - 142.5 Stratford
Springfield,Week2,Highland Park,Week5,368.0 Highland Park - 33.0 Springfield
Sully Station,Week5,Annandale,Week5,314.0 Sully Station - 88.0 Annandale
Stratford,Week5,Annandale,Week5,235.0 Stratford - 167.0 Annandale
Springfield,Week4,Rolling Hills,Week5,328.0 Rolling Hills - 73.0 Springfield
Stratford,Week5,Fox Hunt,Week1,218.5 Fox Hunt - 183.5 Stratford
Stratford,Week1,Fox Mill Estates,Week2,231.0 Fox Mill Estates - 171.0 Stratford
Stratford,Week4,Arlington Forest,Week5,264.0 Arlington Forest - 138.0 Stratford
Springfield,Week2,Highland Park,Week3,357.0 Highland Park - 34.0 Springfield
Springfield,Week3,Rolling Hills,Week2,344.0 Rolling Hills - 45.0 Springfield
Stratford,Week5,Woodley,Week4,251.0 Stratford - 151.0 Woodley
Stratford,Week2,Arlington Forest,Week1,280.0 Arlington Forest - 122.0 Stratford
Springfield,Week3,Highland Park,Week4,362.0 Highland Park - 40.0 Springfield
Stratford,Week1,Parliament,Week3,257.0 Parliament - 145.0 Stratford
Springfield,Week3,Parliament,Week4,336.0 Parliament - 56.0 Springfield
Stratford,Week2,Fox Mill Estates,Week2,222.0 Fox Mill Estates - 180.0 Stratford
Sully Station,Week2,Annandale,Week2,299.0 Sully Station - 103.0 Annandale
Sully Station,Week3,Annandale,Week4,308.0 Sully Station - 94.0 Annandale
Springfield,Week5,Parliament,Week2,341.0 Parliament - 51.0 Springfield
Stratford,Week2,Brandywine,Week4,273.0 Brandywine - 129.0 Stratford
Springfield,Week1,Rolling Valley,Week5,324.0 Rolling Valley - 77.0 Springfield
Springfield,Week1,Rolling Valley,Week3,302.0 Rolling Valley - 93.0 Springfield
Springfield,Week3,Parliament,Week2,342.0 Parliament - 48.0 Springfield
Stratford,Week4,Woodley,Week5,233.0 Stratford - 169.0 Woodley
Springfield,Week1,Pinecrest,Week1,364.0 Pinecrest - 37.0 Springfield
Stratford,Week5,Woodley,Week1,260.0 Stratford - 141.0 Woodley
Stratford,Week4,Fox Mill Estates,Week2,214.0 Stratford - 188.0 Fox Mill Estates
Springfield,Week4,Parliament,Week3,340.0 Parliament - 60.0 Springfield
Stratford,Week1,Fox Mill Estates,Week4,262.0 Fox Mill Estates - 140.0 Stratford
Stratford,Week2,Parliament,Week4,237.0 Parliament - 160.0 Stratford
Stratford,Week3,Brandywine,Week5,285.0 Brandywine - 117.0 Stratford
Springfield,Week2,Rolling Valley,Week5,335.0 Rolling Valley - 64.0 Springfield
Stratford,Week3,Parliament,Week1,246.0 Parliament - 156.0 Stratford
Springfield,Week2,Pinecrest,Week1,376.0 Pinecrest - 25.0 Springfield
Springfield,Week4,Highland Park,Week2,361.0 Highland Park - 41.0 Springfield
Sully Station,Week1,Annandale,Week4,317.0 Sully Station - 85.0 Annandale
Springfield,Week1,Highlands Swim,Week2,397.0 Highlands Swim - 3.0 Springfield
Stratford,Week3,Parliament,Week4,233.0 Parliament - 169.0 Stratford
Stratford,Week1,Brandywine,Week3,267.0 Brandywine - 121.0 Stratford
Springfield,Week2,Rolling Valley,Week3,309.0 Rolling Valley - 78.0 Springfield
Springfield,Week5,Highland Park,Week3,366.0 Highland Park - 26.0 Springfield
Stratford,Week5,Arlington Forest,Week3,227.0 Arlington Forest - 175.0 Stratford
Sully Station,Week2,Annandale,Week4,304.0 Sully Station - 98.0 Annandale
Stratford,Week2,Parliament,Week3,252.0 Parliament - 150.0 Stratford
Springfield,Week3,Parliament,Week3,355.0 Parliament - 45.0 Springfield
Sully Station,Week4,Annandale,Week5,311.0 Sully Station - 91.0 Annandale
Springfield,Week4,Parliament,Week4,326.0 Parliament - 69.0 Springfield
Springfield,Week3,Rolling Hills,Week4,330.0 Rolling Hills - 53.0 Springfield
Stratford,Week4,Fox Hunt,Week5,255.0 Fox Hunt - 147.0 Stratford
Stratford,Week3,Fox Mill Estates,Week3,224.0 Fox Mill Estates - 178.0 Stratford
Springfield,Week2,Highlands Swim,Week5,376.0 Highlands Swim - 26.0 Springfield
Stratford,Week1,Fox Mill Estates,Week5,245.0 Fox Mill Estates - 156.0 Stratford
Springfield,Week1,Pinecrest,Week2,371.0 Pinecrest - 30.0 Springfield
Stratford,Week5,Parklawn,Week3,236.0 Stratford - 165.0 Parklawn
Springfield,Week4,Rolling Hills,Week2,315.0 Rolling Hills - 85.0 Springfield
Springfield,Week3,Highlands Swim,Week2,391.0 Highlands Swim - 10.0 Springfield
Springfield,Week1,Pinecrest,Week5,370.0 Pinecrest - 30.0 Springfield
Springfield,Week1,Rolling Hills,Week1,336.0 Rolling Hills - 61.0 Springfield
Stratford,Week3,Arlington Forest,Week2,251.0 Arlington Forest - 151.0 Stratford
Springfield,Week4,Highlands Swim,Week2,387.0 Highlands Swim - 14.0 Springfield
Stratford,Week5,Woodley,Week2,255.0 Stratford - 147.0 Woodley
Stratford,Week4,Fox Mill Estates,Week1,219.0 Stratford - 183.0 Fox Mill Estates
Stratford,Week1,Parliament,Week1,265.0 Parliament - 137.0 Stratford
Sully Station,Week2,Annandale,Week1,311.0 Sully Station - 91.0 Annandale
Stratford,Week4,Woodley,Week3,244.0 Stratford - 158.0 Woodley
Springfield,Week2,Rolling Hills,Week3,334.0 Rolling Hills - 48.0 Springfield
Stratford,Week3,Fox Mill Estates,Week4,246.0 Fox Mill Estates - 156.0 Stratford
Stratford,Week1,Brandywine,Week1,265.0 Brandywine - 137.0 Stratford
Springfield,Week5,Parliament,Week3,353.0 Parliament - 46.0 Springfield
Springfield,Week3,Highlands Swim,Week3,387.0 Highlands Swim - 14.0 Springfield
Stratford,Week5,Parklawn,Week1,235.0 Stratford - 158.0 Parklawn
Stratford,Week5,Arlington Forest,Week1,259.0 Arlington Forest - 143.0 Stratford
Stratford,Week3,Parliament,Week5,255.0 Parliament - 147.0 Stratford
Stratford,Week4,Arlington Forest,Week1,253.0 Arlington Forest - 149.0 Stratford
Sully Station,Week1,Annandale,Week1,309.5 Sully Station - 92.5 Annandale
Springfield,Week1,Rolling Hills,Week2,327.0 Rolling Hills - 73.0 Springfield
Springfield,Week3,Rolling Hills,Week5,352.0 Rolling Hills - 45.0 Springfield
Stratford,Week2,Fox Mill Estates,Week3,234.0 Fox Mill Estates - 168.0 Stratford
Sully Station,Week1,Annandale,Week5,310.0 Sully Station - 92.0 Annandale
Springfield,Week5,Highlands Swim,Week1,396.0 Highlands Swim - 5.0 Springfield
Stratford,Week4,Arlington Forest,Week2,228.0 Arlington Forest - 174.0 Stratford
Sully Station,Week2,Annandale,Week3,306.0 Sully Station - 91.0 Annandale
Springfield,Week3,Rolling Hills,Week1,336.0 Rolling Hills - 55.0 Springfield
Stratford,Week3,Parliament,Week2,228.0 Parliament - 174.0 Stratford
Springfield,Week3,Parliament,Week1,336.0 Parliament - 48.0 Springfield
Springfield,Week5,Highlands Swim,Week2,397.0 Highlands Swim - 3.0 Springfield
Stratford,Week5,Fox Hunt,Week4,226.0 Fox Hunt - 176.0 Stratford
Springfield,Week1,Pinecrest,Week4,380.0 Pinecrest - 22.0 Springfield
Springfield,Week4,Highlands Swim,Week3,383.0 Highlands Swim - 19.0 Springfield
Springfield,Week2,Pinecrest,Week2,368.0 Pinecrest - 33.0 Springfield
Stratford,Week5,Brandywine,Week4,271.0 Brandywine - 131.0 Stratford
Springfield,Week4,Rolling Hills,Week4,321.0 Rolling Hills - 74.0 Springfield
Stratford,Week5,Fox Hunt,Week5,259.0 Fox Hunt - 143.0 Stratford
Stratford,Week5,Arlington Forest,Week2,245.0 Arlington Forest - 157.0 Stratford
Springfield,Week2,Rolling Hills,Week4,326.0 Rolling Hills - 58.0 Springfield
Springfield,Week4,Rolling Hills,Week1,333.0 Rolling Hills - 65.0 Springfield
Sully Station,Week4,Annandale,Week1,327.0 Sully Station - 75.0 Annandale
Springfield,Week5,Highlands Swim,Week5,387.0 Highlands Swim - 9.0 Springfield
Stratford,Week3,Arlington Forest,Week4,279.5 Arlington Forest - 122.5 Stratford
Stratford,Week2,Parliament,Week5,254.5 Parliament - 142.5 Stratford
Springfield,Week5,Parliament,Week4,343.5 Parliament - 51.5 Springfield
Springfield,Week4,Rolling Hills,Week3,316.0 Rolling Hills - 74.0 Springfield
Stratford,Week3,Arlington Forest,Week3,237.5 Arlington Forest - 164.5 Stratford
Stratford,Week4,Fox Hunt,Week4,237.0 Fox Hunt - 165.0 Stratford
Stratford,Week5,Parklawn,Week4,205.0 Stratford - 196.0 Parklawn
Stratford,Week2,Fox Mill Estates,Week1,215.0 Fox Mill Estates - 187.0 Stratford
Springfield,Week1,Rolling Hills,Week5,334.0 Rolling Hills - 66.0 Springfield
Stratford,Week2,Fox Mill Woods,Week4,327.5 Fox Mill Woods - 74.5 Stratford
Stratford,Week4,Parliament,Week2,218.0 Parliament - 183.0 Stratford
Stratford,Week5,Fox Mill Estates,Week2,215.0 Fox Mill Estates - 187.0 Stratford
Stratford,Week1,Fox Mill Estates,Week3,248.0 Fox Mill Estates - 153.0 Stratford
Stratford,Week4,Woodley,Week4,250.0 Stratford - 152.0 Woodley
Springfield,Week5,Highlands Swim,Week3,391.0 Highlands Swim - 9.0 Springfield
Stratford,Week5,Woodley,Week5,230.0 Stratford - 172.0 Woodley
Springfield,Week3,Highlands Swim,Week5,384.0 Highlands Swim - 18.0 Springfield
Springfield,Week4,Highlands Swim,Week1,386.0 Highlands Swim - 15.0 Springfield
Sully Station,Week3,Annandale,Week5,302.0 Sully Station - 100.0 Annandale
Springfield,Week2,Rolling Hills,Week2,335.0 Rolling Hills - 59.0 Springfield
Stratford,Week5,Woodley,Week3,252.0 Stratford - 150.0 Woodley
Springfield,Week1,Hollin Hills,Week1,261.0 Hollin Hills - 124.0 Springfield
Sully Station,Week2,Annandale,Week5,296.0 Sully Station - 106.0 Annandale
Stratford,Week1,Bren Mar-Edsall Park,Week1,314.0 Stratford - 87.0 Bren Mar-Edsall Park
Stratford,Week3,Parliament,Week3,238.0 Parliament - 164.0 Stratford
Stratford,Week5,Brandywine,Week2,244.0 Brandywine - 157.0 Stratford
Stratford,Week1,Bren Mar-Edsall Park,Week3,313.0 Stratford - 83.0 Bren Mar-Edsall Park
Stratford,Week5,Parklawn,Week5,203.0 Stratford - 198.0 Parklawn
Stratford,Week1,Parliament,Week5,255.0 Parliament - 147.0 Stratford
Stratford,Week4,Parliament,Week4,226.0 Parliament - 176.0 Stratford
Stratford,Week1,Fox Mill Estates,Week1,220.0 Fox Mill Estates - 182.0 Stratford
Springfield,Week3,Rolling Hills,Week3,333.0 Rolling Hills - 49.0 Springfield
Stratford,Week2,Fox Mill Estates,Week5,242.0 Fox Mill Estates - 160.0 Stratford
Springfield,Week1,Hollin Hills,Week2,251.0 Hollin Hills - 123.0 Springfield
Springfield,Week5,Rolling Hills,Week1,352.0 Rolling Hills - 44.0 Springfield
Stratford,Week2,Fox Mill Estates,Week4,244.0 Fox Mill Estates - 158.0 Stratford
Springfield,Week1,Hollin Hills,Week3,285.0 Hollin Hills - 111.0 Springfield
Sully Station,Week1,Annandale,Week3,305.0 Sully Station - 97.0 Annandale
Stratford,Week5,Parklawn,Week2,211.0 Stratford - 189.0 Parklawn
Stratford,Week5,Arlington Forest,Week5,267.0 Arlington Forest - 135.0 Stratford
Springfield,Week4,Highlands Swim,Week5,380.0 Highlands Swim - 17.0 Springfield
Stratford,Week5,Parliament,Week1,249.5 Parliament - 148.5 Stratford
Sully Station,Week1,Annandale,Week2,309.0 Sully Station - 93.0 Annandale
Stratford,Week1,Brandywine,Week4,294.0 Brandywine - 108.0 Stratford
Stratford,Week5,Fox Hunt,Week2,235.0 Fox Hunt - 167.0 Stratford
Sully Station,Week3,Annandale,Week1,313.0 Sully Station - 89.0 Annandale
Springfield,Week5,Highlands Swim,Week4,393.0 Highlands Swim - 7.0 Springfield
Springfield,Week5,Great Falls,Week1,334.0 Great Falls - 49.0 Springfield
Stratford,Week4,Parliament,Week3,230.0 Parliament - 172.0 Stratford
Stratford,Week4,Woodley,Week2,254.0 Stratford - 148.0 Woodley
Springfield,Week1,Rolling Hills,Week4,331.0 Rolling Hills - 62.0 Springfield
Stratford,Week2,Brandywine,Week2,252.0 Brandywine - 150.0 Stratford
Sully Station,Week5,Annandale,Week2,310.0 Sully Station - 92.0 Annandale
Stratford,Week4,Arlington Forest,Week4,257.0 Arlington Forest - 145.0 Stratford
Springfield,Week5,Rolling Hills,Week4,334.0 Rolling Hills - 60.0 Springfield
Springfield,Week5,Rolling Hills,Week3,339.0 Rolling Hills - 51.0 Springfield
Stratford,Week5,Parliament,Week3,239.0 Parliament - 163.0 Stratford
Springfield,Week2,Rolling Hills,Week5,343.0 Rolling Hills - 56.0 Springfield
Stratford,Week3,Fox Mill Estates,Week5,230.0 Fox Mill Estates - 172.0 Stratford
Stratford,Week3,Fox Mill Estates,Week2,217.0 Fox Mill Estates - 185.0 Stratford
Stratford,Week4,Arlington Forest,Week3,216.0 Arlington Forest - 186.0 Stratford
Stratford,Week4,Parliament,Week5,246.5 Parliament - 154.5 Stratford
Springfield,Week1,Hollin Hills,Week4,262.0 Hollin Hills - 122.0 Springfield
Stratford,Week5,Arlington Forest,Week4,272.0 Arlington Forest - 130.0 Stratford
Sully Station,Week4,Annandale,Week4,323.0 Sully Station - 79.0 Annandale
Stratford,Week2,Brandywine,Week1,244.0 Brandywine - 158.0 Stratford
Stratford,Week5,Parliament,Week5,234.0 Parliament - 164.0 Stratford
Stratford,Week2,Brandywine,Week3,261.0 Brandywine - 137.0 Stratford
Sully Station,Week5,Annandale,Week1,319.5 Sully Station - 82.5 Annandale
Springfield,Week5,Rolling Hills,Week2,347.0 Rolling Hills - 49.0 Springfield
Stratford,Week5,Fox Mill Estates,Week3,229.0 Fox Mill Estates - 173.0 Stratford
Stratford,Week4,Fox Mill Estates,Week4,234.0 Fox Mill Estates - 168.0 Stratford
Springfield,Week1,Rolling Hills,Week3,325.0 Rolling Hills - 65.0 Springfield
Sully Station,Week3,Annandale,Week3,305.0 Sully Station - 97.0 Annandale
Stratford,Week1,Brandywine,Week2,258.0 Brandywine - 144.0 Stratford
Sully Station,Week5,Annandale,Week4,323.0 Sully Station - 79.0 Annandale
Stratford,Week2,Brandywine,Week5,274.0 Brandywine - 128.0 Stratford
Stratford,Week1,Pinecrest,Week3,339.0 Pinecrest - 63.0 Stratford
Springfield,Week1,Rolling Valley,Week1,290.0 Rolling Valley - 101.0 Springfield
Stratford,Week1,Pinecrest,Week1,314.0 Pinecrest - 88.0 Stratford
Stratford,Week5,Fox Mill Estates,Week5,226.0 Fox Mill Estates - 176.0 Stratford
Springfield,Week1,Hollin Hills,Week5,250.0 Hollin Hills - 128.0 Springfield
Sully Station,Week5,Annandale,Week3,309.0 Sully Station - 93.0 Annandale
Springfield,Week3,Highlands Swim,Week4,383.0 Highlands Swim - 18.0 Springfield
Stratford,Week1,Pinecrest,Week2,329.0 Pinecrest - 73.0 Stratford
Springfield,Week4,Highlands Swim,Week4,377.0 Highlands Swim - 24.0 Springfield
Stratford,Week5,Fox Mill Estates,Week1,207.0 Stratford - 195.0 Fox Mill Estates
Springfield,Week2,Hollin Hills,Week1,272.0 Hollin Hills - 110.0 Springfield
Stratford,Week1,Fox Mill Woods,Week1,326.0 Fox Mill Woods - 76.0 Stratford
Springfield,Week1,Rolling Valley,Week2,315.0 Rolling Valley - 80.0 Springfield
Stratford,Week3,Brandywine,Week2,252.0 Brandywine - 150.0 Stratford
Sully Station,Week1,Arlington Forest,Week5,230.0 Sully Station - 172.0 Arlington Forest
Springfield,Week2,Rolling Valley,Week2,318.0 Rolling Valley - 77.0 Springfield
Sully Station,Week1,Arlington Forest,Week1,252.0 Sully Station - 150.0 Arlington Forest
Springfield,Week2,Rolling Valley,Week4,327.0 Rolling Valley - 71.0 Springfield
Sully Station,Week1,Arlington Forest,Week2,279.0 Sully Station - 123.0 Arlington Forest
Stratford,Week1,Pinecrest,Week4,340.0 Pinecrest - 62.0 Stratford
Sully Station,Week4,Annandale,Week3,312.0 Sully Station - 90.0 Annandale
Stratford,Week5,Pinecrest,Week3,340.0 Pinecrest - 62.0 Stratford
Stratford,Week3,Brandywine,Week4,274.0 Brandywine - 128.0 Stratford
Stratford,Week1,Fox Mill Woods,Week3,318.0 Fox Mill Woods - 83.0 Stratford
Stratford,Week3,Brandywine,Week1,248.0 Brandywine - 154.0 Stratford
Stratford,Week4,Brandywine,Week3,238.0 Brandywine - 163.0 Stratford
Stratford,Week3,Brandywine,Week3,255.0 Brandywine - 143.0 Stratford
Stratford,Week4,Brandywine,Week4,243.0 Brandywine - 159.0 Stratford
Springfield,Week4,Rolling Valley,Week2,302.0 Rolling Valley - 93.0 Springfield
Stratford,Week4,Pinecrest,Week1,304.0 Pinecrest - 98.0 Stratford
Springfield,Week4,Rolling Valley,Week3,294.0 Rolling Valley - 101.0 Springfield
Stratford,Week5,Fox Mill Estates,Week4,242.0 Fox Mill Estates - 160.0 Stratford
Stratford,Week4,Brandywine,Week1,219.0 Brandywine - 183.0 Stratford
Sully Station,Week3,Arlington Forest,Week1,246.0 Sully Station - 156.0 Arlington Forest
Springfield,Week3,Rolling Valley,Week5,325.0 Rolling Valley - 75.0 Springfield
Sully Station,Week1,Brandywine,Week1,274.0 Sully Station - 128.0 Brandywine
Stratford,Week1,Pinecrest,Week5,335.0 Pinecrest - 65.0 Stratford
Stratford,Week4,Fox Mill Estates,Week3,219.0 Fox Mill Estates - 183.0 Stratford
Sully Station,Week5,Arlington Forest,Week1,273.0 Sully Station - 129.0 Arlington Forest
Springfield,Week2,Rolling Valley,Week1,299.0 Rolling Valley - 95.0 Springfield
Stratford,Week1,Pinewood Lake,Week2,310.0 Stratford - 79.0 Pinewood Lake
Springfield,Week1,Rolling Valley,Week4,317.0 Rolling Valley - 81.0 Springfield
Stratford,Week1,Fox Mill Woods,Week4,323.0 Fox Mill Woods - 79.0 Stratford
Stratford,Week5,Pinecrest,Week1,323.0 Pinecrest - 79.0 Stratford
Stratford,Week2,Pinecrest,Week3,343.0 Pinecrest - 59.0 Stratford
Stratford,Week1,Fox Mill Woods,Week5,325.5 Fox Mill Woods - 76.5 Stratford
Sully Station,Week3,Arlington Forest,Week4,246.0 Sully Station - 156.0 Arlington Forest
Stratford,Week4,Brandywine,Week2,232.0 Brandywine - 170.0 Stratford
Stratford,Week4,Fox Mill Estates,Week5,227.0 Fox Mill Estates - 175.0 Stratford
Stratford,Week3,Pinecrest,Week3,335.0 Pinecrest - 67.0 Stratford
Stratford,Week1,Fox Mill Woods,Week2,313.0 Fox Mill Woods - 89.0 Stratford
Springfield,Week5,Rolling Valley,Week1,321.0 Rolling Valley - 69.0 Springfield
Stratford,Week4,Pinecrest,Week4,319.0 Pinecrest - 83.0 Stratford
Sully Station,Week4,Arlington Forest,Week3,278.5 Sully Station - 123.5 Arlington Forest
Sully Station,Week4,Arlington Forest,Week5,217.0 Sully Station - 185.0 Arlington Forest
Sully Station,Week3,Brandywine,Week3,246.0 Sully Station - 156.0 Brandywine
Stratford,Week4,Brandywine,Week5,260.0 Brandywine - 142.0 Stratford
Stratford,Week3,Pinecrest,Week4,335.5 Pinecrest - 66.5 Stratford
Stratford,Week3,Fox Mill Woods,Week3,308.0 Fox Mill Woods - 94.0 Stratford
Stratford,Week5,Brandywine,Week1,240.0 Brandywine - 162.0 Stratford
Stratford,Week3,Fox Mill Woods,Week2,312.0 Fox Mill Woods - 90.0 Stratford
Stratford,Week3,Pinewood Lake,Week4,340.0 Stratford - 59.0 Pinewood Lake
Stratford,Week2,Fox Mill Woods,Week1,329.0 Fox Mill Woods - 73.0 Stratford
Stratford,Week2,Fox Mill Woods,Week3,305.0 Fox Mill Woods - 97.0 Stratford
Stratford,Week5,Brandywine,Week5,272.0 Brandywine - 130.0 Stratford
Stratford,Week2,Pinecrest,Week5,333.0 Pinecrest - 69.0 Stratford
Sully Station,Week2,Arlington Forest,Week2,264.0 Sully Station - 133.0 Arlington Forest
Springfield,Week5,Rolling Valley,Week3,324.0 Rolling Valley - 71.0 Springfield
Springfield,Week1,Rutherford,Week3,327.0 Rutherford - 74.0 Springfield
Stratford,Week2,Pinecrest,Week4,330.0 Pinecrest - 72.0 Stratford
Stratford,Week2,Fox Mill Woods,Week2,311.0 Fox Mill Woods - 91.0 Stratford
Sully Station,Week4,Arlington Forest,Week4,245.0 Sully Station - 157.0 Arlington Forest
Springfield,Week2,Rutherford,Week1,333.0 Rutherford - 56.0 Springfield
Stratford,Week5,Brandywine,Week3,257.0 Brandywine - 140.0 Stratford
Springfield,Week5,Rolling Valley,Week5,346.0 Rolling Valley - 55.0 Springfield
Sully Station,Week1,Arlington Forest,Week4,256.0 Sully Station - 146.0 Arlington Forest
Stratford,Week1,Great Falls,Week2,231.0 Great Falls - 152.0 Stratford
Stratford,Week2,Pinecrest,Week1,307.0 Pinecrest - 95.0 Stratford
Stratford,Week1,Bren Mar-Edsall Park,Week2,324.0 Stratford - 71.0 Bren Mar-Edsall Park
Stratford,Week3,Pinecrest,Week5,330.0 Pinecrest - 72.0 Stratford
Springfield,Week1,Rutherford,Week2,315.0 Rutherford - 84.0 Springfield
Stratford,Week2,Fox Mill Woods,Week5,324.0 Fox Mill Woods - 78.0 Stratford
Stratford,Week3,Fox Mill Woods,Week5,326.0 Fox Mill Woods - 76.0 Stratford
Stratford,Week1,Great Falls,Week3,267.0 Great Falls - 131.0 Stratford
Springfield,Week2,Rutherford,Week4,341.0 Rutherford - 50.0 Springfield
Sully Station,Week1,Brandywine,Week4,258.0 Sully Station - 144.0 Brandywine
Stratford,Week4,Fox Mill Woods,Week4,314.5 Fox Mill Woods - 87.5 Stratford
Sully Station,Week3,Arlington Forest,Week5,232.0 Sully Station - 170.0 Arlington Forest
Springfield,Week3,Rutherford,Week3,336.0 Rutherford - 60.0 Springfield
Stratford,Week2,Bren Mar-Edsall Park,Week2,351.0 Stratford - 45.0 Bren Mar-Edsall Park
Stratford,Week1,Bren Mar-Edsall Park,Week5,304.0 Stratford - 86.0 Bren Mar-Edsall Park
Stratford,Week4,Pinewood Lake,Week3,355.5 Stratford - 44.5 Pinewood Lake
Sully Station,Week3,Arlington Forest,Week3,278.0 Sully Station - 124.0 Arlington Forest
Stratford,Week2,Pinecrest,Week2,328.0 Pinecrest - 74.0 Stratford
Stratford,Week5,Fox Mill Woods,Week1,310.0 Fox Mill Woods - 92.0 Stratford
Stratford,Week5,Fox Mill Woods,Week5,321.5 Fox Mill Woods - 80.5 Stratford
Springfield,Week1,Rutherford,Week5,332.0 Rutherford - 63.0 Springfield
Stratford,Week5,Pinecrest,Week2,326.0 Pinecrest - 76.0 Stratford
Stratford,Week4,Pinewood Lake,Week5,345.0 Stratford - 55.0 Pinewood Lake
Stratford,Week2,Bren Mar-Edsall Park,Week3,331.0 Stratford - 71.0 Bren Mar-Edsall Park
Stratford,Week1,Bren Mar-Edsall Park,Week4,300.0 Stratford - 100.0 Bren Mar-Edsall Park
Springfield,Week3,Rolling Valley,Week4,328.0 Rolling Valley - 69.0 Springfield
Sully Station,Week2,Arlington Forest,Week4,241.0 Sully Station - 161.0 Arlington Forest
Stratford,Week4,Pinewood Lake,Week1,358.0 Stratford - 42.0 Pinewood Lake
Stratford,Week2,Bren Mar-Edsall Park,Week4,330.0 Stratford - 67.0 Bren Mar-Edsall Park
Sully Station,Week5,Arlington Forest,Week4,259.0 Sully Station - 143.0 Arlington Forest
Stratford,Week2,Bren Mar-Edsall Park,Week1,344.0 Stratford - 57.0 Bren Mar-Edsall Park
Stratford,Week4,Pinecrest,Week3,322.0 Pinecrest - 80.0 Stratford
Springfield,Week1,Rutherford,Week1,315.0 Rutherford - 78.0 Springfield
Springfield,Week5,Rolling Valley,Week2,335.0 Rolling Valley - 59.0 Springfield
Springfield,Week2,Rutherford,Week2,342.0 Rutherford - 57.0 Springfield
Stratford,Week5,Fox Mill Woods,Week2,291.5 Fox Mill Woods - 110.5 Stratford
Sully Station,Week3,Arlington Forest,Week2,264.0 Sully Station - 138.0 Arlington Forest
Springfield,Week3,Rutherford,Week4,343.0 Rutherford - 52.0 Springfield
Springfield,Week3,Rutherford,Week1,316.0 Rutherford - 70.0 Springfield
Stratford,Week1,Great Falls,Week5,255.0 Great Falls - 137.0 Stratford
Sully Station,Week1,Brandywine,Week2,266.0 Sully Station - 136.0 Brandywine
Sully Station,Week2,Brandywine,Week1,263.0 Sully Station - 139.0 Brandywine
Stratford,Week2,Pinewood Lake,Week5,328.0 Stratford - 72.0 Pinewood Lake
Stratford,Week5,Fox Mill Woods,Week3,307.0 Fox Mill Woods - 95.0 Stratford
Stratford,Week2,Great Falls,Week1,225.0 Great Falls - 177.0 Stratford
Stratford,Week1,Pinewood Lake,Week1,320.0 Stratford - 64.0 Pinewood Lake
Stratford,Week3,Pinecrest,Week2,330.0 Pinecrest - 72.0 Stratford
Springfield,Week3,Rolling Valley,Week1,307.0 Rolling Valley - 84.0 Springfield
Stratford,Week5,Pinecrest,Week5,333.0 Pinecrest - 69.0 Stratford
Sully Station,Week4,Arlington Forest,Week2,270.0 Sully Station - 132.0 Arlington Forest
Stratford,Week5,Vienna Woods,Week2,355.5 Vienna Woods - 46.5 Stratford
Springfield,Week4,Rolling Valley,Week4,313.0 Rolling Valley - 86.0 Springfield
Stratford,Week4,Fox Mill Woods,Week5,310.0 Fox Mill Woods - 92.0 Stratford
Sully Station,Week2,Arlington Forest,Week1,239.0 Sully Station - 163.0 Arlington Forest
Stratford,Week2,Great Falls,Week2,225.0 Great Falls - 159.0 Stratford
Stratford,Week3,Vienna Woods,Week1,349.0 Vienna Woods - 53.0 Stratford
Stratford,Week4,Pinecrest,Week5,318.0 Pinecrest - 84.0 Stratford
Springfield,Week2,Rutherford,Week5,342.0 Rutherford - 50.0 Springfield
Springfield,Week3,Rutherford,Week2,331.0 Rutherford - 65.0 Springfield
Stratford,Week3,Pinewood Lake,Week1,348.0 Stratford - 50.0 Pinewood Lake
Stratford,Week3,Pinecrest,Week1,317.0 Pinecrest - 85.0 Stratford
Stratford,Week5,Pinecrest,Week4,340.0 Pinecrest - 62.0 Stratford
Stratford,Week5,Vienna Woods,Week5,372.0 Vienna Woods - 30.0 Stratford
Sully Station,Week1,Brandywine,Week5,254.0 Sully Station - 148.0 Brandywine
Springfield,Week3,Rolling Valley,Week3,309.0 Rolling Valley - 84.0 Springfield
Stratford,Week1,Great Falls,Week1,246.0 Great Falls - 153.0 Stratford
Springfield,Week4,Rolling Valley,Week1,277.0 Rolling Valley - 118.0 Springfield
Stratford,Week4,Pinecrest,Week2,315.0 Pinecrest - 87.0 Stratford
Stratford,Week3,Fox Mill Woods,Week1,318.0 Fox Mill Woods - 84.0 Stratford
Sully Station,Week2,Arlington Forest,Week3,272.0 Sully Station - 130.0 Arlington Forest
Sully Station,Week5,Arlington Forest,Week5,242.0 Sully Station - 160.0 Arlington Forest
Sully Station,Week2,Brandywine,Week4,244.0 Sully Station - 158.0 Brandywine
Sully Station,Week5,Arlington Forest,Week3,297.0 Sully Station - 105.0 Arlington Forest
Stratford,Week1,Great Falls,Week4,258.0 Great Falls - 137.0 Stratford
Springfield,Week4,Rolling Valley,Week5,315.0 Rolling Valley - 86.0 Springfield
Stratford,Week4,Fox Mill Woods,Week2,293.0 Fox Mill Woods - 109.0 Stratford
Sully Station,Week5,Arlington Forest,Week2,280.0 Sully Station - 122.0 Arlington Forest
Stratford,Week4,Vienna Woods,Week4,323.0 Vienna Woods - 79.0 Stratford
Stratford,Week5,Fox Mill Woods,Week4,324.5 Fox Mill Woods - 77.5 Stratford
Springfield,Week5,Rolling Valley,Week4,339.0 Rolling Valley - 59.0 Springfield
Sully Station,Week1,Arlington Forest,Week3,278.0 Sully Station - 124.0 Arlington Forest
Stratford,Week4,Fox Mill Woods,Week3,301.0 Fox Mill Woods - 101.0 Stratford
Springfield,Week3,Rolling Valley,Week2,318.0 Rolling Valley - 77.0 Springfield
Stratford,Week4,Fox Mill Woods,Week1,309.0 Fox Mill Woods - 93.0 Stratford
Springfield,Week1,Rutherford,Week4,331.0 Rutherford - 68.0 Springfield
Stratford,Week3,Pinewood Lake,Week3,347.0 Stratford - 52.0 Pinewood Lake
Stratford,Week2,Greenbriar,Week2,286.0 Greenbriar - 116.0 Stratford
Stratford,Week4,Vienna Woods,Week1,340.0 Vienna Woods - 62.0 Stratford
Springfield,Week1,Shouse Village,Week3,349.0 Shouse Village - 52.0 Springfield
Sully Station,Week2,Arlington Forest,Week5,232.0 Sully Station - 165.0 Arlington Forest
Stratford,Week3,Pinewood Lake,Week2,342.0 Stratford - 57.0 Pinewood Lake
Stratford,Week2,Pinewood Lake,Week1,346.0 Stratford - 48.0 Pinewood Lake
Stratford,Week1,Pinewood Lake,Week3,319.0 Stratford - 69.0 Pinewood Lake
Stratford,Week3,Fox Mill Woods,Week4,314.0 Fox Mill Woods - 88.0 Stratford
Sully Station,Week4,Arlington Forest,Week1,258.0 Sully Station - 144.0 Arlington Forest
Stratford,Week2,Vienna Woods,Week4,340.0 Vienna Woods - 57.0 Stratford
Stratford,Week4,Vienna Woods,Week2,336.0 Vienna Woods - 66.0 Stratford
Springfield,Week2,Rutherford,Week3,338.0 Rutherford - 57.0 Springfield
Sully Station,Week1,Brandywine,Week3,250.0 Sully Station - 152.0 Brandywine
Stratford,Week3,Great Falls,Week2,219.0 Great Falls - 165.0 Stratford
Stratford,Week2,Pinewood Lake,Week4,334.0 Stratford - 65.0 Pinewood Lake
Springfield,Week3,Shouse Village,Week1,335.0 Shouse Village - 65.0 Springfield
Stratford,Week4,Great Falls,Week2,215.0 Great Falls - 169.0 Stratford
Stratford,Week1,Vienna Woods,Week1,348.0 Vienna Woods - 49.0 Stratford
Springfield,Week4,Rutherford,Week1,311.0 Rutherford - 88.0 Springfield
Stratford,Week2,Pinewood Lake,Week2,335.0 Stratford - 59.0 Pinewood Lake
Springfield,Week4,Shouse Village,Week5,348.0 Shouse Village - 50.0 Springfield
Sully Station,Week1,Bren Mar-Edsall Park,Week4,373.0 Sully Station - 27.0 Bren Mar-Edsall Park
Sully Station,Week5,Brandywine,Week2,251.5 Sully Station - 150.5 Brandywine
Sully Station,Week3,Brandywine,Week2,245.0 Sully Station - 157.0 Brandywine
Sully Station,Week2,Brandywine,Week5,231.0 Sully Station - 171.0 Brandywine
Stratford,Week3,Greenbriar,Week1,259.0 Greenbriar - 143.0 Stratford
Stratford,Week1,Pinewood Lake,Week5,299.0 Stratford - 86.0 Pinewood Lake
Springfield,Week4,Rutherford,Week4,326.0 Rutherford - 73.0 Springfield
Springfield,Week2,Shouse Village,Week4,352.0 Shouse Village - 42.0 Springfield
Stratford,Week3,Great Falls,Week5,239.0 Great Falls - 161.0 Stratford
Sully Station,Week2,Brandywine,Week2,240.0 Sully Station - 162.0 Brandywine
Stratford,Week5,Great Falls,Week2,222.0 Great Falls - 162.0 Stratford
Stratford,Week2,Pinewood Lake,Week3,339.0 Stratford - 59.0 Pinewood Lake
Stratford,Week2,Vienna Woods,Week3,360.0 Vienna Woods - 42.0 Stratford
Stratford,Week5,Great Falls,Week3,251.0 Great Falls - 150.0 Stratford
Stratford,Week2,Vienna Woods,Week1,351.0 Vienna Woods - 51.0 Stratford
Sully Station,Week3,Brandywine,Week1,272.0 Sully Station - 130.0 Brandywine
Stratford,Week2,Vienna Woods,Week2,351.0 Vienna Woods - 51.0 Stratford
Stratford,Week2,Vienna Woods,Week5,362.0 Vienna Woods - 40.0 Stratford
Stratford,Week5,Great Falls,Week5,252.0 Great Falls - 149.0 Stratford
Stratford,Week5,Vienna Aquatic,Week2,313.0 Vienna Aquatic - 89.0 Stratford
Springfield,Week4,Herndon,Week3,273.0 Herndon - 111.0 Springfield
Sully Station,Week2,Brandywine,Week3,236.0 Sully Station - 166.0 Brandywine
Stratford,Week3,Pinewood Lake,Week5,329.0 Stratford - 69.0 Pinewood Lake
Stratford,Week4,Pinewood Lake,Week2,351.0 Stratford - 49.0 Pinewood Lake
Stratford,Week4,Pinewood Lake,Week4,352.5 Stratford - 47.5 Pinewood Lake
Springfield,Week4,Rutherford,Week3,331.0 Rutherford - 70.0 Springfield
Stratford,Week3,Vienna Woods,Week2,349.0 Vienna Woods - 53.0 Stratford
Stratford,Week1,Pinewood Lake,Week4,316.0 Stratford - 70.0 Pinewood Lake
Springfield,Week4,Shouse Village,Week2,337.0 Shouse Village - 63.0 Springfield
Stratford,Week1,Vienna Woods,Week2,356.0 Vienna Woods - 45.0 Stratford
Sully Station,Week3,Bren Mar-Edsall Park,Week1,375.0 Sully Station - 26.0 Bren Mar-Edsall Park
Stratford,Week3,Vienna Woods,Week5,364.0 Vienna Woods - 38.0 Stratford
Springfield,Week1,Shouse Village,Week1,328.0 Shouse Village - 71.0 Springfield
Springfield,Week5,Herndon,Week3,299.0 Herndon - 82.0 Springfield
Sully Station,Week1,Bren Mar-Edsall Park,Week1,370.0 Sully Station - 31.0 Bren Mar-Edsall Park
Stratford,Week5,Pinewood Lake,Week3,339.0 Stratford - 49.0 Pinewood Lake
Sully Station,Week5,Brandywine,Week3,257.0 Sully Station - 145.0 Brandywine
Stratford,Week1,Pleasant Valley,Week3,227.0 Stratford - 175.0 Pleasant Valley
Stratford,Week4,Great Falls,Week4,223.0 Great Falls - 178.0 Stratford
Springfield,Week4,Rutherford,Week2,308.0 Rutherford - 91.0 Springfield
Stratford,Week3,Great Falls,Week4,232.0 Great Falls - 170.0 Stratford
Stratford,Week3,Vienna Woods,Week4,332.0 Vienna Woods - 70.0 Stratford
Stratford,Week5,Pinewood Lake,Week5,327.0 Stratford - 70.0 Pinewood Lake
Stratford,Week2,Pleasant Valley,Week1,273.5 Stratford - 127.5 Pleasant Valley
Stratford,Week4,Great Falls,Week1,204.0 Stratford - 197.0 Great Falls
Stratford,Week5,Vienna Aquatic,Week3,332.0 Vienna Aquatic - 70.0 Stratford
Springfield,Week2,Shouse Village,Week1,334.0 Shouse Village - 65.0 Springfield
Stratford,Week5,Vienna Woods,Week1,354.0 Vienna Woods - 48.0 Stratford
Stratford,Week2,Great Falls,Week3,268.0 Great Falls - 128.0 Stratford
Springfield,Week4,Herndon,Week5,277.0 Herndon - 104.0 Springfield
Stratford,Week1,Pleasant Valley,Week2,235.0 Stratford - 157.0 Pleasant Valley
Stratford,Week1,Greenbriar,Week2,283.0 Greenbriar - 119.0 Stratford
Springfield,Week3,Herndon,Week3,287.0 Herndon - 88.0 Springfield
Sully Station,Week3,Bren Mar-Edsall Park,Week2,380.0 Sully Station - 22.0 Bren Mar-Edsall Park
Sully Station,Week4,Brandywine,Week4,261.0 Sully Station - 141.0 Brandywine
Springfield,Week5,Rutherford,Week3,343.0 Rutherford - 57.0 Springfield
Stratford,Week5,Pinewood Lake,Week2,336.0 Stratford - 54.0 Pinewood Lake
Stratford,Week3,Vienna Woods,Week3,361.0 Vienna Woods - 41.0 Stratford
Springfield,Week1,Herndon,Week1,258.0 Herndon - 117.0 Springfield
Stratford,Week3,Great Falls,Week3,252.0 Great Falls - 149.0 Stratford
Stratford,Week1,Vienna Woods,Week3,361.0 Vienna Woods - 41.0 Stratford
Springfield,Week5,Rutherford,Week4,349.0 Rutherford - 50.0 Springfield
Sully Station,Week2,Bren Mar-Edsall Park,Week1,366.0 Sully Station - 36.0 Bren Mar-Edsall Park
Springfield,Week4,Herndon,Week4,283.0 Herndon - 103.0 Springfield
Springfield,Week4,Herndon,Week2,260.0 Herndon - 119.0 Springfield
Springfield,Week2,Shouse Village,Week2,348.0 Shouse Village - 50.0 Springfield
Sully Station,Week2,Bren Mar-Edsall Park,Week4,368.0 Sully Station - 29.0 Bren Mar-Edsall Park
Springfield,Week5,Herndon,Week5,292.0 Herndon - 86.0 Springfield
Springfield,Week1,Shouse Village,Week5,350.0 Shouse Village - 47.0 Springfield
Springfield,Week4,Rutherford,Week5,324.5 Rutherford - 75.5 Springfield
Stratford,Week1,Pleasant Valley,Week4,255.0 Stratford - 136.0 Pleasant Valley
Sully Station,Week5,Brandywine,Week5,254.0 Sully Station - 148.0 Brandywine
Stratford,Week2,Pleasant Valley,Week2,260.0 Stratford - 141.0 Pleasant Valley
Springfield,Week2,Herndon,Week1,258.0 Herndon - 103.0 Springfield
Stratford,Week5,Vienna Aquatic,Week5,346.0 Vienna Aquatic - 56.0 Stratford
Stratford,Week4,Great Falls,Week5,227.0 Great Falls - 174.0 Stratford
Stratford,Week5,Great Falls,Week1,213.0 Great Falls - 189.0 Stratford
Stratford,Week1,Vienna Woods,Week4,345.0 Vienna Woods - 57.0 Stratford
Springfield,Week1,Shouse Village,Week2,350.0 Shouse Village - 50.0 Springfield
Sully Station,Week2,Bren Mar-Edsall Park,Week5,358.0 Sully Station - 39.0 Bren Mar-Edsall Park
Springfield,Week2,Herndon,Week3,285.0 Herndon - 97.0 Springfield
Stratford,Week1,Vienna Woods,Week5,360.0 Vienna Woods - 42.0 Stratford
Stratford,Week1,Greenbriar,Week4,264.0 Greenbriar - 138.0 Stratford
Springfield,Week2,Herndon,Week2,280.0 Herndon - 95.0 Springfield
Sully Station,Week3,Bren Mar-Edsall Park,Week3,377.0 Sully Station - 25.0 Bren Mar-Edsall Park
Stratford,Week4,Vienna Woods,Week3,357.5 Vienna Woods - 44.5 Stratford
Springfield,Week2,Shouse Village,Week3,356.0 Shouse Village - 44.0 Springfield
Stratford,Week2,Pleasant Valley,Week4,287.0 Stratford - 114.0 Pleasant Valley
Stratford,Week2,Pleasant Valley,Week3,236.0 Stratford - 166.0 Pleasant Valley
Springfield,Week1,Herndon,Week2,263.0 Herndon - 115.0 Springfield
Sully Station,Week4,Brandywine,Week2,257.0 Sully Station - 145.0 Brandywine
Stratford,Week4,Great Falls,Week3,246.0 Great Falls - 156.0 Stratford
Springfield,Week3,Herndon,Week1,257.0 Herndon - 106.0 Springfield
Stratford,Week4,Vienna Woods,Week5,354.0 Vienna Woods - 48.0 Stratford
Stratford,Week1,Pleasant Valley,Week1,260.0 Stratford - 133.0 Pleasant Valley
Stratford,Week2,Pleasant Valley,Week5,260.0 Stratford - 142.0 Pleasant Valley
Stratford,Week2,Great Falls,Week4,243.0 Great Falls - 154.0 Stratford
Springfield,Week3,Herndon,Week2,276.0 Herndon - 97.0 Springfield
Stratford,Week5,Pinewood Lake,Week4,344.0 Stratford - 48.0 Pinewood Lake
Springfield,Week3,Rutherford,Week5,334.0 Rutherford - 55.0 Springfield
Springfield,Week3,Shouse Village,Week3,351.0 Shouse Village - 50.0 Springfield
Sully Station,Week4,Brandywine,Week1,279.0 Sully Station - 123.0 Brandywine
Stratford,Week1,Greenbriar,Week5,274.0 Greenbriar - 127.0 Stratford
Sully Station,Week4,Brandywine,Week5,248.0 Sully Station - 154.0 Brandywine
Stratford,Week2,Great Falls,Week5,253.0 Great Falls - 142.0 Stratford
Springfield,Week3,Herndon,Week5,281.0 Herndon - 99.0 Springfield
Sully Station,Week5,Brandywine,Week1,277.0 Sully Station - 125.0 Brandywine
Springfield,Week2,Shouse Village,Week5,346.0 Shouse Village - 51.0 Springfield
Stratford,Week5,Vienna Woods,Week4,349.0 Vienna Woods - 53.0 Stratford
Springfield,Week3,Shouse Village,Week2,348.0 Shouse Village - 52.0 Springfield
Sully Station,Week3,Bren Mar-Edsall Park,Week5,371.0 Sully Station - 31.0 Bren Mar-Edsall Park
Stratford,Week5,Vienna Aquatic,Week4,333.0 Vienna Aquatic - 69.0 Stratford
Stratford,Week5,Great Falls,Week4,241.0 Great Falls - 157.0 Stratford
Springfield,Week5,Rutherford,Week1,335.0 Rutherford - 60.0 Springfield
Stratford,Week3,Pleasant Valley,Week2,279.0 Stratford - 122.0 Pleasant Valley
Stratford,Week1,Villa Aquatic,Week1,238.0 Villa Aquatic - 164.0 Stratford
Stratford,Week2,Villa Aquatic,Week3,271.0 Villa Aquatic - 131.0 Stratford
Stratford,Week2,Greenbriar,Week1,267.0 Greenbriar - 135.0 Stratford
Sully Station,Week3,Bren Mar-Edsall Park,Week4,375.0 Sully Station - 26.0 Bren Mar-Edsall Park
Stratford,Week3,Great Falls,Week1,211.0 Great Falls - 191.0 Stratford
Springfield,Week4,Herndon,Week1,247.0 Herndon - 120.0 Springfield
Stratford,Week1,Pleasant Valley,Week5,238.0 Stratford - 154.0 Pleasant Valley
Stratford,Week1,Greenbriar,Week1,275.0 Greenbriar - 126.0 Stratford
Springfield,Week3,Shouse Village,Week4,348.0 Shouse Village - 47.0 Springfield
Springfield,Week5,Rutherford,Week2,339.0 Rutherford - 60.0 Springfield
Stratford,Week5,Vienna Woods,Week3,370.0 Vienna Woods - 32.0 Stratford
Stratford,Week3,Pleasant Valley,Week3,265.0 Stratford - 137.0 Pleasant Valley
Springfield,Week2,Herndon,Week5,285.0 Herndon - 94.0 Springfield
Sully Station,Week2,Bren Mar-Edsall Park,Week2,376.0 Sully Station - 21.0 Bren Mar-Edsall Park
Springfield,Week5,Herndon,Week4,307.5 Herndon - 74.5 Springfield
Sully Station,Week3,Brandywine,Week4,246.0 Sully Station - 156.0 Brandywine
Stratford,Week3,Pleasant Valley,Week5,275.0 Stratford - 127.0 Pleasant Valley
Stratford,Week2,Greenbriar,Week4,267.0 Greenbriar - 135.0 Stratford
Stratford,Week3,Pleasant Valley,Week4,306.0 Stratford - 95.0 Pleasant Valley
Stratford,Week1,Greenbriar,Week3,270.0 Greenbriar - 132.0 Stratford
Stratford,Week4,Pleasant Valley,Week1,301.0 Stratford - 100.0 Pleasant Valley
Springfield,Week5,Herndon,Week1,284.0 Herndon - 94.0 Springfield
Stratford,Week4,Villa Aquatic,Week1,227.0 Villa Aquatic - 175.0 Stratford
Stratford,Week2,Greenbriar,Week3,277.0 Greenbriar - 125.0 Stratford
Springfield,Week3,Shouse Village,Week5,354.0 Shouse Village - 46.0 Springfield
Stratford,Week1,Villa Aquatic,Week5,267.0 Villa Aquatic - 135.0 Stratford
Sully Station,Week3,Brandywine,Week5,243.0 Sully Station - 159.0 Brandywine
Sully Station,Week1,Bren Mar-Edsall Park,Week3,378.0 Sully Station - 24.0 Bren Mar-Edsall Park
Stratford,Week2,Greenbriar,Week5,266.0 Greenbriar - 136.0 Stratford
Springfield,Week1,Herndon,Week4,285.0 Herndon - 100.0 Springfield
Stratford,Week3,Greenbriar,Week4,254.0 Greenbriar - 148.0 Stratford
Stratford,Week2,Villa Aquatic,Week2,248.0 Villa Aquatic - 154.0 Stratford
Springfield,Week4,Shouse Village,Week3,339.0 Shouse Village - 62.0 Springfield
Sully Station,Week4,Bren Mar-Edsall Park,Week1,378.0 Sully Station - 24.0 Bren Mar-Edsall Park
Springfield,Week4,Shouse Village,Week4,339.0 Shouse Village - 56.0 Springfield
Springfield,Week3,Herndon,Week4,291.0 Herndon - 95.0 Springfield
Stratford,Week4,Pleasant Valley,Week5,288.0 Stratford - 113.0 Pleasant Valley
Springfield,Week5,Herndon,Week2,289.0 Herndon - 84.0 Springfield
Stratford,Week2,Village West,Week1,226.0 Stratford - 176.0 Village West
Springfield,Week1,Herndon,Week3,271.0 Herndon - 114.0 Springfield
Sully Station,Week1,Bren Mar-Edsall Park,Week5,371.0 Sully Station - 31.0 Bren Mar-Edsall Park
Stratford,Week3,Hamlet,Week1,328.0 Hamlet - 74.0 Stratford
Springfield,Week1,Herndon,Week5,273.0 Herndon - 107.0 Springfield
Stratford,Week5,Pinewood Lake,Week1,339.0 Stratford - 47.0 Pinewood Lake
Stratford,Week1,Village West,Week3,216.0 Village West - 184.0 Stratford
Springfield,Week5,Rutherford,Week5,340.5 Rutherford - 54.5 Springfield
Springfield,Week2,Herndon,Week4,298.0 Herndon - 85.0 Springfield
Springfield,Week4,Shouse Village,Week1,316.0 Shouse Village - 84.0 Springfield
Springfield,Week1,Shouse Village,Week4,352.0 Shouse Village - 42.0 Springfield
Stratford,Week2,Villa Aquatic,Week1,242.0 Villa Aquatic - 160.0 Stratford
Stratford,Week4,Pleasant Valley,Week2,299.0 Stratford - 102.0 Pleasant Valley
Stratford,Week3,Pleasant Valley,Week1,293.0 Stratford - 108.0 Pleasant Valley
Sully Station,Week5,Brandywine,Week4,260.0 Sully Station - 142.0 Brandywine
Stratford,Week5,Villa Aquatic,Week1,227.0 Villa Aquatic - 175.0 Stratford
Stratford,Week3,Greenbriar,Week2,271.0 Greenbriar - 131.0 Stratford
Stratford,Week5,Villa Aquatic,Week2,230.0 Villa Aquatic - 172.0 Stratford
Stratford,Week4,Villa Aquatic,Week2,228.0 Villa Aquatic - 174.0 Stratford
Stratford,Week5,Greenbriar,Week2,278.0 Greenbriar - 124.0 Stratford
Springfield,Week2,Sideburn Run,Week3,356.0 Sideburn Run - 45.0 Springfield
Springfield,Week2,Sideburn Run,Week5,362.0 Sideburn Run - 40.0 Springfield
Springfield,Week4,Sideburn Run,Week5,363.0 Sideburn Run - 39.0 Springfield
Stratford,Week1,Villa Aquatic,Week2,227.0 Villa Aquatic - 175.0 Stratford
Sully Station,Week2,Bren Mar-Edsall Park,Week3,366.0 Sully Station - 36.0 Bren Mar-Edsall Park
Stratford,Week1,Poplar Heights,Week5,309.0 Poplar Heights - 93.0 Stratford
Stratford,Week3,Villa Aquatic,Week4,236.0 Villa Aquatic - 166.0 Stratford
Springfield,Week5,Sideburn Run,Week2,366.0 Sideburn Run - 35.0 Springfield
Sully Station,Week1,Bren Mar-Edsall Park,Week2,379.0 Sully Station - 21.0 Bren Mar-Edsall Park
Stratford,Week1,Poplar Heights,Week3,293.0 Poplar Heights - 109.0 Stratford
Sully Station,Week4,Brandywine,Week3,248.0 Sully Station - 154.0 Brandywine
Stratford,Week4,Poplar Heights,Week5,268.0 Poplar Heights - 134.0 Stratford
Stratford,Week3,Hamlet,Week4,324.0 Hamlet - 78.0 Stratford
Stratford,Week4,Hamlet,Week1,326.0 Hamlet - 76.0 Stratford
Stratford,Week5,Poplar Heights,Week3,284.0 Poplar Heights - 118.0 Stratford
Sully Station,Week3,Brookfield ,Week3,278.0 Sully Station - 124.0 Brookfield
Springfield,Week5,Sideburn Run,Week4,368.0 Sideburn Run - 30.0 Springfield
Sully Station,Week4,Brookfield ,Week3,280.0 Sully Station - 122.0 Brookfield
Springfield,Week5,Hayfield Farm,Week5,367.0 Hayfield Farm - 34.0 Springfield
Stratford,Week3,Poplar Heights,Week1,256.0 Poplar Heights - 146.0 Stratford
Stratford,Week1,Villa Aquatic,Week4,260.0 Villa Aquatic - 142.0 Stratford
Stratford,Week3,Villa Aquatic,Week5,253.0 Villa Aquatic - 149.0 Stratford
Springfield,Week2,Sideburn Run,Week1,344.0 Sideburn Run - 50.0 Springfield
Stratford,Week1,Poplar Heights,Week1,272.0 Poplar Heights - 130.0 Stratford
Stratford,Week4,Greenbriar,Week2,261.0 Greenbriar - 141.0 Stratford
Sully Station,Week1,Brookfield ,Week3,275.0 Sully Station - 127.0 Brookfield
Stratford,Week5,Pleasant Valley,Week2,280.0 Stratford - 121.0 Pleasant Valley
Stratford,Week5,Villa Aquatic,Week4,254.0 Villa Aquatic - 148.0 Stratford
Sully Station,Week5,Bren Mar-Edsall Park,Week4,373.0 Sully Station - 29.0 Bren Mar-Edsall Park
Stratford,Week4,Villa Aquatic,Week3,265.0 Villa Aquatic - 137.0 Stratford
Sully Station,Week2,Brookfield ,Week1,256.0 Sully Station - 146.0 Brookfield
Springfield,Week3,Sideburn Run,Week1,340.0 Sideburn Run - 54.0 Springfield
Stratford,Week1,Hamlet,Week3,343.0 Hamlet - 59.0 Stratford
Springfield,Week2,Sideburn Run,Week2,353.0 Sideburn Run - 47.0 Springfield
Stratford,Week3,Villa Aquatic,Week1,228.0 Villa Aquatic - 174.0 Stratford
Stratford,Week4,Villa Aquatic,Week4,231.0 Villa Aquatic - 171.0 Stratford
Stratford,Week1,Hamlet,Week4,334.0 Hamlet - 68.0 Stratford
Stratford,Week4,Poplar Heights,Week3,259.0 Poplar Heights - 143.0 Stratford
Stratford,Week3,Villa Aquatic,Week2,228.0 Villa Aquatic - 174.0 Stratford
Sully Station,Week1,Brookfield ,Week4,265.0 Sully Station - 137.0 Brookfield
Stratford,Week1,Hamlet,Week2,348.0 Hamlet - 54.0 Stratford
Stratford,Week4,Pleasant Valley,Week4,314.0 Stratford - 86.0 Pleasant Valley
Stratford,Week3,Greenbriar,Week3,263.0 Greenbriar - 139.0 Stratford
Stratford,Week2,Poplar Heights,Week2,284.0 Poplar Heights - 118.0 Stratford
Stratford,Week5,Villa Aquatic,Week3,270.0 Villa Aquatic - 132.0 Stratford
Stratford,Week4,Greenbriar,Week5,252.0 Greenbriar - 150.0 Stratford
Springfield,Week3,Sideburn Run,Week2,350.0 Sideburn Run - 50.0 Springfield
Springfield,Week3,Sideburn Run,Week3,360.0 Sideburn Run - 40.0 Springfield
Springfield,Week3,Sideburn Run,Week5,364.0 Sideburn Run - 37.0 Springfield
Springfield,Week5,Shouse Village,Week2,355.0 Shouse Village - 42.0 Springfield
Stratford,Week1,Hamlet,Week5,348.0 Hamlet - 54.0 Stratford
Sully Station,Week5,Bren Mar-Edsall Park,Week5,372.0 Sully Station - 30.0 Bren Mar-Edsall Park
Stratford,Week5,Greenbriar,Week3,261.0 Greenbriar - 141.0 Stratford
Sully Station,Week4,Brookfield ,Week5,263.0 Sully Station - 139.0 Brookfield
Stratford,Week3,Poplar Heights,Week4,279.0 Poplar Heights - 123.0 Stratford
Sully Station,Week1,Brookfield ,Week1,265.0 Sully Station - 137.0 Brookfield
Stratford,Week3,Poplar Heights,Week2,272.0 Poplar Heights - 130.0 Stratford
Stratford,Week5,Greenbriar,Week4,243.0 Greenbriar - 159.0 Stratford
Springfield,Week5,Shouse Village,Week5,363.0 Shouse Village - 33.0 Springfield
Springfield,Week1,Sideburn Run,Week4,361.0 Sideburn Run - 38.0 Springfield
Stratford,Week2,Hamlet,Week1,327.5 Hamlet - 74.5 Stratford
Stratford,Week4,Greenbriar,Week1,247.0 Greenbriar - 155.0 Stratford
Stratford,Week1,Village West,Week2,205.0 Village West - 196.0 Stratford
Stratford,Week4,Greenbriar,Week3,255.0 Greenbriar - 147.0 Stratford
Springfield,Week1,Sideburn Run,Week2,353.0 Sideburn Run - 47.0 Springfield
Sully Station,Week1,Brookfield ,Week5,268.0 Sully Station - 134.0 Brookfield
Stratford,Week1,Hamlet,Week1,335.0 Hamlet - 66.0 Stratford
Springfield,Week1,Sideburn Run,Week5,369.0 Sideburn Run - 33.0 Springfield
Stratford,Week4,Pleasant Valley,Week3,266.5 Stratford - 135.5 Pleasant Valley
Stratford,Week5,Greenbriar,Week5,247.0 Greenbriar - 154.0 Stratford
Stratford,Week5,Villa Aquatic,Week5,257.0 Villa Aquatic - 145.0 Stratford
Stratford,Week2,Poplar Heights,Week1,274.0 Poplar Heights - 128.0 Stratford
Sully Station,Week4,Bren Mar-Edsall Park,Week5,375.0 Sully Station - 27.0 Bren Mar-Edsall Park
Springfield,Week5,Shouse Village,Week1,345.0 Shouse Village - 53.0 Springfield
Springfield,Week4,Sideburn Run,Week3,358.0 Sideburn Run - 43.0 Springfield
Stratford,Week1,Poplar Heights,Week2,282.0 Poplar Heights - 120.0 Stratford
Sully Station,Week5,Bren Mar-Edsall Park,Week3,375.0 Sully Station - 27.0 Bren Mar-Edsall Park
Stratford,Week1,Villa Aquatic,Week3,263.0 Villa Aquatic - 139.0 Stratford
Stratford,Week5,Greenbriar,Week1,262.5 Greenbriar - 139.5 Stratford
Sully Station,Week3,Brookfield ,Week2,273.0 Sully Station - 129.0 Brookfield
Stratford,Week2,Villa Aquatic,Week4,266.0 Villa Aquatic - 136.0 Stratford
Stratford,Week1,Poplar Heights,Week4,301.0 Poplar Heights - 101.0 Stratford
Sully Station,Week2,Brookfield ,Week3,269.0 Sully Station - 133.0 Brookfield
Stratford,Week2,Villa Aquatic,Week5,267.0 Villa Aquatic - 135.0 Stratford
Sully Station,Week3,Brookfield ,Week1,263.0 Sully Station - 139.0 Brookfield
Sully Station,Week2,Brookfield ,Week4,262.0 Sully Station - 140.0 Brookfield
Stratford,Week1,Village West,Week1,207.0 Village West - 193.0 Stratford
Stratford,Week3,Villa Aquatic,Week3,264.0 Villa Aquatic - 138.0 Stratford
Stratford,Week4,Villa Aquatic,Week5,239.0 Villa Aquatic - 163.0 Stratford
Stratford,Week2,Hamlet,Week4,325.0 Hamlet - 77.0 Stratford
Stratford,Week5,Pleasant Valley,Week4,289.0 Stratford - 111.0 Pleasant Valley
Sully Station,Week4,Bren Mar-Edsall Park,Week3,377.0 Sully Station - 25.0 Bren Mar-Edsall Park
Stratford,Week2,Poplar Heights,Week4,299.0 Poplar Heights - 103.0 Stratford
Springfield,Week4,Sideburn Run,Week1,338.0 Sideburn Run - 53.0 Springfield
Springfield,Week5,Shouse Village,Week3,362.0 Shouse Village - 36.0 Springfield
Stratford,Week3,Poplar Heights,Week5,275.0 Poplar Heights - 127.0 Stratford
Stratford,Week4,Poplar Heights,Week1,225.0 Poplar Heights - 177.0 Stratford
Stratford,Week2,Village West,Week3,207.0 Village West - 195.0 Stratford
Stratford,Week1,Village West,Week4,199.0 Stratford - 196.0 Village West
Sully Station,Week2,Brookfield ,Week5,260.0 Sully Station - 142.0 Brookfield
Stratford,Week4,Poplar Heights,Week4,278.0 Poplar Heights - 124.0 Stratford
Springfield,Week2,Sideburn Run,Week4,368.0 Sideburn Run - 31.0 Springfield
Stratford,Week2,Hamlet,Week5,342.0 Hamlet - 60.0 Stratford
Springfield,Week4,Sideburn Run,Week2,342.0 Sideburn Run - 58.0 Springfield
Stratford,Week2,Poplar Heights,Week5,302.0 Poplar Heights - 100.0 Stratford
Stratford,Week2,Village West,Week2,220.0 Stratford - 182.0 Village West
Stratford,Week4,Greenbriar,Week4,245.0 Greenbriar - 157.0 Stratford
Sully Station,Week5,Bren Mar-Edsall Park,Week2,381.0 Sully Station - 21.0 Bren Mar-Edsall Park
Springfield,Week3,Sideburn Run,Week4,362.0 Sideburn Run - 38.0 Springfield
Sully Station,Week3,Brookfield ,Week4,263.0 Sully Station - 139.0 Brookfield
Stratford,Week1,Village West,Week5,198.5 Village West - 197.5 Stratford
Springfield,Week1,Sideburn Run,Week3,357.0 Sideburn Run - 44.0 Springfield
Sully Station,Week2,Brookfield ,Week2,261.0 Sully Station - 141.0 Brookfield
Stratford,Week2,Hamlet,Week3,334.0 Hamlet - 68.0 Stratford
Stratford,Week3,Poplar Heights,Week3,275.0 Poplar Heights - 127.0 Stratford
Stratford,Week4,Poplar Heights,Week2,254.0 Poplar Heights - 148.0 Stratford
Stratford,Week2,Hamlet,Week2,343.0 Hamlet - 59.0 Stratford
Stratford,Week3,Kent Gardens,Week3,249.0 Kent Gardens - 153.0 Stratford
Sully Station,Week1,Brookfield ,Week2,277.0 Sully Station - 125.0 Brookfield
Stratford,Week5,Pleasant Valley,Week5,269.0 Stratford - 125.0 Pleasant Valley
Springfield,Week1,Sideburn Run,Week1,342.5 Sideburn Run - 51.5 Springfield
Stratford,Week3,Kings Ridge ,Week1,239.0 Stratford - 163.0 Kings Ridge
Stratford,Week2,Kings Ridge ,Week1,223.0 Stratford - 179.0 Kings Ridge
Stratford,Week4,Rutherford,Week4,207.0 Stratford - 195.0 Rutherford
Stratford,Week3,Hamlet,Week5,346.0 Hamlet - 56.0 Stratford
Stratford,Week5,Rutherford,Week2,227.0 Stratford - 175.0 Rutherford
Sully Station,Week4,Brookfield ,Week1,258.0 Sully Station - 144.0 Brookfield
Sully Station,Week4,Bren Mar-Edsall Park,Week4,374.0 Sully Station - 28.0 Bren Mar-Edsall Park
Stratford,Week2,Poplar Heights,Week3,295.0 Poplar Heights - 107.0 Stratford
Sully Station,Week3,Brookfield ,Week5,265.0 Sully Station - 137.0 Brookfield
Springfield,Week5,Sideburn Run,Week3,366.0 Sideburn Run - 35.0 Springfield
Stratford,Week1,Kings Ridge ,Week5,203.0 Stratford - 199.0 Kings Ridge
Stratford,Week2,Village West,Week4,206.0 Stratford - 191.0 Village West
Springfield,Week5,Sideburn Run,Week1,355.0 Sideburn Run - 39.0 Springfield
Stratford,Week4,Hamlet,Week3,336.0 Hamlet - 66.0 Stratford
Sully Station,Week4,Bren Mar-Edsall Park,Week2,382.0 Sully Station - 20.0 Bren Mar-Edsall Park
Sully Station,Week4,Brookfield ,Week2,275.0 Sully Station - 127.0 Brookfield
Sully Station,Week5,Bren Mar-Edsall Park,Week1,370.0 Sully Station - 32.0 Bren Mar-Edsall Park
Stratford,Week3,Kent Gardens,Week4,254.0 Kent Gardens - 148.0 Stratford
Stratford,Week3,Hamlet,Week2,341.0 Hamlet - 61.0 Stratford
Springfield,Week4,Sideburn Run,Week4,358.0 Sideburn Run - 42.0 Springfield
Stratford,Week2,Village West,Week5,211.0 Stratford - 190.0 Village West
Stratford,Week4,Hamlet,Week4,316.0 Hamlet - 86.0 Stratford
Stratford,Week3,Greenbriar,Week5,263.0 Greenbriar - 139.0 Stratford
Stratford,Week1,Rutherford,Week4,208.0 Rutherford - 188.0 Stratford
Stratford,Week5,Pleasant Valley,Week3,244.0 Stratford - 158.0 Pleasant Valley
Stratford,Week3,Hamlet,Week3,340.0 Hamlet - 62.0 Stratford
Stratford,Week5,Pleasant Valley,Week1,275.0 Stratford - 126.0 Pleasant Valley
Stratford,Week2,Kings Ridge ,Week4,206.0 Stratford - 196.0 Kings Ridge
Stratford,Week1,Kings Ridge ,Week1,222.0 Stratford - 175.0 Kings Ridge
Stratford,Week5,Poplar Heights,Week1,263.0 Poplar Heights - 138.0 Stratford
Stratford,Week5,Poplar Heights,Week2,265.0 Poplar Heights - 136.0 Stratford
Springfield,Week1,Sleepy Hollow B & R,Week1,377.0 Sleepy Hollow B & R - 20.0 Springfield
Springfield,Week5,Sideburn Run,Week5,371.0 Sideburn Run - 31.0 Springfield
Stratford,Week2,Kent Gardens,Week5,293.0 Kent Gardens - 109.0 Stratford
Stratford,Week2,Rutherford,Week4,225.0 Rutherford - 177.0 Stratford
Springfield,Week5,Shouse Village,Week4,358.0 Shouse Village - 36.0 Springfield
Stratford,Week4,Kent Gardens,Week4,246.0 Kent Gardens - 156.0 Stratford
Stratford,Week2,Poplar Tree,Week3,281.0 Poplar Tree - 121.0 Stratford
Stratford,Week1,Kings Ridge ,Week3,206.0 Stratford - 196.0 Kings Ridge
Sully Station,Week2,Broyhill Crest,Week5,332.0 Sully Station - 70.0 Broyhill Crest
Stratford,Week2,Rutherford,Week5,212.0 Rutherford - 190.0 Stratford
Stratford,Week1,Poplar Tree,Week5,293.0 Poplar Tree - 109.0 Stratford
Stratford,Week1,Hayfield Farm,Week2,291.0 Hayfield Farm - 111.0 Stratford
Stratford,Week4,Hamlet,Week2,329.0 Hamlet - 73.0 Stratford
Stratford,Week1,Poplar Tree,Week2,271.0 Poplar Tree - 131.0 Stratford
Stratford,Week4,Hamlet,Week5,331.0 Hamlet - 71.0 Stratford
Sully Station,Week4,Broyhill Crest,Week2,364.0 Sully Station - 38.0 Broyhill Crest
Stratford,Week5,Rolling Valley,Week5,248.0 Stratford - 154.0 Rolling Valley
Springfield,Week3,Sleepy Hollow B & R,Week2,376.0 Sleepy Hollow B & R - 19.0 Springfield
Stratford,Week4,Hayfield Farm,Week1,227.0 Hayfield Farm - 175.0 Stratford
Springfield,Week2,Sleepy Hollow B & R,Week2,379.0 Sleepy Hollow B & R - 18.0 Springfield
Stratford,Week1,Poplar Tree,Week4,270.0 Poplar Tree - 132.0 Stratford
Springfield,Week4,Sleepy Hollow B & R,Week2,378.0 Sleepy Hollow B & R - 19.0 Springfield
Stratford,Week5,Kent Gardens,Week2,247.0 Kent Gardens - 154.0 Stratford
Stratford,Week1,Ravensworth Farm,Week4,288.0 Ravensworth Farm - 114.0 Stratford
Stratford,Week1,Kings Ridge ,Week4,206.0 Stratford - 196.0 Kings Ridge
Sully Station,Week1,Broyhill Crest,Week1,345.0 Sully Station - 55.0 Broyhill Crest
Stratford,Week5,Hayfield Farm,Week2,279.0 Hayfield Farm - 123.0 Stratford
Sully Station,Week1,Broyhill Crest,Week5,342.0 Sully Station - 59.0 Broyhill Crest
Stratford,Week2,Rutherford,Week1,217.0 Stratford - 185.0 Rutherford
Stratford,Week1,Ravensworth Farm,Week1,295.0 Ravensworth Farm - 107.0 Stratford
Stratford,Week3,Poplar Tree,Week3,278.0 Poplar Tree - 124.0 Stratford
Stratford,Week1,Rutherford,Week1,204.0 Stratford - 197.0 Rutherford
Stratford,Week2,Kings Ridge ,Week2,226.0 Stratford - 176.0 Kings Ridge
Springfield,Week1,Sleepy Hollow Rec,Week1,339.0 Sleepy Hollow Rec - 62.0 Springfield
Springfield,Week1,Sleepy Hollow B & R,Week3,379.0 Sleepy Hollow B & R - 19.0 Springfield
Sully Station,Week4,Brookfield ,Week4,271.0 Sully Station - 131.0 Brookfield
Stratford,Week4,Rutherford,Week2,246.0 Stratford - 156.0 Rutherford
Stratford,Week2,Kent Gardens,Week1,275.0 Kent Gardens - 127.0 Stratford
Stratford,Week3,Rutherford,Week5,205.0 Rutherford - 197.0 Stratford
Stratford,Week4,Hayfield Farm,Week5,236.0 Hayfield Farm - 166.0 Stratford
Stratford,Week3,Rutherford,Week2,234.0 Stratford - 168.0 Rutherford
Stratford,Week5,Hamlet,Week1,323.0 Hamlet - 79.0 Stratford
Springfield,Week1,Sleepy Hollow B & R,Week2,383.0 Sleepy Hollow B & R - 13.0 Springfield
Sully Station,Week5,Broyhill Crest,Week1,349.0 Sully Station - 52.0 Broyhill Crest
Stratford,Week3,Kent Gardens,Week1,261.0 Kent Gardens - 141.0 Stratford
Stratford,Week1,Rutherford,Week5,218.0 Rutherford - 183.0 Stratford
Sully Station,Week4,Broyhill Crest,Week3,364.0 Sully Station - 38.0 Broyhill Crest
Sully Station,Week3,Broyhill Crest,Week3,363.0 Sully Station - 39.0 Broyhill Crest
Springfield,Week2,Sleepy Hollow B & R,Week4,382.0 Sleepy Hollow B & R - 18.0 Springfield
Stratford,Week4,Kent Gardens,Week2,215.0 Kent Gardens - 187.0 Stratford
Stratford,Week1,Shouse Village,Week4,284.0 Shouse Village - 112.0 Stratford
Sully Station,Week5,Brookfield ,Week2,280.0 Sully Station - 122.0 Brookfield
Springfield,Week4,Sleepy Hollow B & R,Week5,378.0 Sleepy Hollow B & R - 18.0 Springfield
Stratford,Week5,Poplar Tree,Week2,253.0 Poplar Tree - 149.0 Stratford
Stratford,Week3,Poplar Tree,Week2,261.0 Poplar Tree - 141.0 Stratford
Stratford,Week1,Hayfield Farm,Week3,293.0 Hayfield Farm - 109.0 Stratford
Stratford,Week5,Hamlet,Week4,315.0 Hamlet - 87.0 Stratford
Springfield,Week2,Sleepy Hollow B & R,Week3,381.0 Sleepy Hollow B & R - 17.0 Springfield
Stratford,Week5,Kent Gardens,Week4,263.0 Kent Gardens - 139.0 Stratford
Stratford,Week3,Kent Gardens,Week5,285.0 Kent Gardens - 117.0 Stratford
Stratford,Week4,Hayfield Farm,Week3,277.0 Hayfield Farm - 125.0 Stratford
Stratford,Week3,Shouse Village,Week1,227.0 Shouse Village - 175.0 Stratford
Stratford,Week1,Ravensworth Farm,Week3,299.0 Ravensworth Farm - 102.0 Stratford
Stratford,Week3,Shouse Village,Week3,243.0 Shouse Village - 159.0 Stratford
Springfield,Week4,Sleepy Hollow B & R,Week3,382.0 Sleepy Hollow B & R - 16.0 Springfield
Sully Station,Week5,Brookfield ,Week3,289.0 Sully Station - 113.0 Brookfield
Stratford,Week1,Herndon,Week2,243.0 Stratford - 159.0 Herndon
Stratford,Week2,Hayfield Farm,Week3,299.0 Hayfield Farm - 103.0 Stratford
Sully Station,Week3,Broyhill Crest,Week1,353.0 Sully Station - 49.0 Broyhill Crest
Sully Station,Week5,Broyhill Crest,Week3,358.0 Sully Station - 44.0 Broyhill Crest
Springfield,Week1,Sleepy Hollow B & R,Week5,378.0 Sleepy Hollow B & R - 18.0 Springfield
Stratford,Week4,Poplar Tree,Week3,263.0 Poplar Tree - 139.0 Stratford
Stratford,Week2,Kent Gardens,Week4,258.0 Kent Gardens - 144.0 Stratford
Sully Station,Week4,Broyhill Crest,Week1,363.0 Sully Station - 39.0 Broyhill Crest
Stratford,Week5,Hayfield Farm,Week4,263.0 Hayfield Farm - 139.0 Stratford
Stratford,Week3,Rutherford,Week1,229.0 Stratford - 173.0 Rutherford
Sully Station,Week1,Broyhill Crest,Week2,353.0 Sully Station - 49.0 Broyhill Crest
Sully Station,Week5,Broyhill Crest,Week4,349.0 Sully Station - 53.0 Broyhill Crest
Stratford,Week2,Ravensworth Farm,Week1,303.0 Ravensworth Farm - 99.0 Stratford
Sully Station,Week2,Broyhill Crest,Week1,345.0 Sully Station - 57.0 Broyhill Crest
Stratford,Week4,Kent Gardens,Week3,234.0 Kent Gardens - 168.0 Stratford
Stratford,Week4,Hayfield Farm,Week2,251.0 Hayfield Farm - 151.0 Stratford
Stratford,Week5,Hayfield Farm,Week5,254.0 Hayfield Farm - 148.0 Stratford
Springfield,Week5,Sleepy Hollow B & R,Week3,387.0 Sleepy Hollow B & R - 11.0 Springfield
Springfield,Week2,Sleepy Hollow B & R,Week1,374.0 Sleepy Hollow B & R - 23.0 Springfield
Sully Station,Week2,Broyhill Crest,Week2,347.0 Sully Station - 55.0 Broyhill Crest
Stratford,Week2,Poplar Tree,Week2,273.0 Poplar Tree - 129.0 Stratford
Stratford,Week1,Rutherford,Week2,202.0 Stratford - 198.0 Rutherford
Springfield,Week3,Sleepy Hollow B & R,Week3,378.0 Sleepy Hollow B & R - 20.0 Springfield
Stratford,Week3,Hayfield Farm,Week1,258.0 Hayfield Farm - 144.0 Stratford
Stratford,Week5,Poplar Heights,Week4,300.0 Poplar Heights - 102.0 Stratford
Springfield,Week3,Sleepy Hollow B & R,Week4,376.0 Sleepy Hollow B & R - 25.0 Springfield
Stratford,Week5,Rolling Valley,Week4,247.0 Stratford - 155.0 Rolling Valley
Stratford,Week5,Hayfield Farm,Week3,281.0 Hayfield Farm - 121.0 Stratford
Stratford,Week3,Poplar Tree,Week4,267.0 Poplar Tree - 135.0 Stratford
Stratford,Week4,Kent Gardens,Week5,278.0 Kent Gardens - 124.0 Stratford
Stratford,Week3,Rutherford,Week4,211.5 Rutherford - 190.5 Stratford
Stratford,Week4,Poplar Tree,Week2,248.0 Poplar Tree - 154.0 Stratford
Stratford,Week4,Kent Gardens,Week1,258.0 Kent Gardens - 144.0 Stratford
Springfield,Week1,Sleepy Hollow B & R,Week4,385.0 Sleepy Hollow B & R - 14.0 Springfield
Stratford,Week3,Poplar Tree,Week5,306.0 Poplar Tree - 96.0 Stratford
Stratford,Week3,Shouse Village,Week5,260.0 Shouse Village - 142.0 Stratford
Stratford,Week1,Rutherford,Week3,216.0 Rutherford - 180.0 Stratford
Stratford,Week2,Kent Gardens,Week2,263.0 Kent Gardens - 139.0 Stratford
Stratford,Week3,Kent Gardens,Week2,237.0 Kent Gardens - 165.0 Stratford
Stratford,Week5,Kent Gardens,Week1,280.0 Kent Gardens - 121.0 Stratford
Stratford,Week5,Poplar Tree,Week3,262.0 Poplar Tree - 139.0 Stratford
Stratford,Week5,Kent Gardens,Week5,301.0 Kent Gardens - 101.0 Stratford
Stratford,Week2,Poplar Tree,Week1,285.0 Poplar Tree - 117.0 Stratford
Stratford,Week4,Rutherford,Week3,220.0 Stratford - 182.0 Rutherford
Sully Station,Week5,Brookfield ,Week5,280.0 Sully Station - 122.0 Brookfield
Stratford,Week1,Hayfield Farm,Week5,277.0 Hayfield Farm - 125.0 Stratford
Stratford,Week4,Rutherford,Week1,254.0 Stratford - 148.0 Rutherford
Stratford,Week1,Hayfield Farm,Week1,275.0 Hayfield Farm - 127.0 Stratford
Sully Station,Week4,Broyhill Crest,Week4,356.0 Sully Station - 46.0 Broyhill Crest
Springfield,Week5,Sleepy Hollow B & R,Week5,382.0 Sleepy Hollow B & R - 14.0 Springfield
Springfield,Week5,Sleepy Hollow B & R,Week2,384.0 Sleepy Hollow B & R - 12.0 Springfield
Stratford,Week5,Poplar Heights,Week5,288.0 Poplar Heights - 108.0 Stratford
Stratford,Week2,Kings Ridge ,Week3,225.0 Stratford - 177.0 Kings Ridge
Stratford,Week2,Rutherford,Week2,225.0 Stratford - 177.0 Rutherford
Stratford,Week2,Kings Ridge ,Week5,206.0 Stratford - 196.0 Kings Ridge
Sully Station,Week1,Broyhill Crest,Week3,351.0 Sully Station - 51.0 Broyhill Crest
Stratford,Week5,Hamlet,Week5,335.0 Hamlet - 67.0 Stratford
Stratford,Week2,Poplar Tree,Week5,306.5 Poplar Tree - 95.5 Stratford
Springfield,Week5,Sleepy Hollow B & R,Week1,380.0 Sleepy Hollow B & R - 17.0 Springfield
Stratford,Week3,Hayfield Farm,Week3,289.0 Hayfield Farm - 113.0 Stratford
Stratford,Week2,Hayfield Farm,Week1,267.0 Hayfield Farm - 135.0 Stratford
Stratford,Week1,Kings Ridge ,Week2,226.0 Stratford - 176.0 Kings Ridge
Springfield,Week3,Sleepy Hollow B & R,Week5,379.0 Sleepy Hollow B & R - 15.0 Springfield
Sully Station,Week3,Broyhill Crest,Week2,355.0 Sully Station - 47.0 Broyhill Crest
Stratford,Week1,Hayfield Farm,Week4,291.0 Hayfield Farm - 111.0 Stratford
Stratford,Week5,Kent Gardens,Week3,257.0 Kent Gardens - 144.0 Stratford
Stratford,Week4,Poplar Tree,Week1,268.0 Poplar Tree - 134.0 Stratford
Sully Station,Week3,Broyhill Crest,Week5,344.0 Sully Station - 58.0 Broyhill Crest
Springfield,Week3,Sleepy Hollow B & R,Week1,376.5 Sleepy Hollow B & R - 20.5 Springfield
Stratford,Week3,Rutherford,Week3,204.0 Stratford - 198.0 Rutherford
Springfield,Week2,Sleepy Hollow B & R,Week5,378.0 Sleepy Hollow B & R - 17.0 Springfield
Springfield,Week4,Sleepy Hollow B & R,Week4,380.0 Sleepy Hollow B & R - 21.0 Springfield
Stratford,Week2,Kent Gardens,Week3,247.0 Kent Gardens - 155.0 Stratford
Sully Station,Week1,Broyhill Crest,Week4,343.0 Sully Station - 58.0 Broyhill Crest
Stratford,Week2,Hayfield Farm,Week2,288.0 Hayfield Farm - 114.0 Stratford
Stratford,Week2,Rutherford,Week3,208.0 Rutherford - 194.0 Stratford
Stratford,Week1,Poplar Tree,Week1,290.0 Poplar Tree - 112.0 Stratford
Stratford,Week5,Rutherford,Week1,240.0 Stratford - 161.0 Rutherford
Stratford,Week5,Hamlet,Week3,338.0 Hamlet - 64.0 Stratford
Sully Station,Week5,Brookfield ,Week1,269.5 Sully Station - 132.5 Brookfield
Stratford,Week1,Poplar Tree,Week3,275.0 Poplar Tree - 127.0 Stratford
Sully Station,Week5,Brookfield ,Week4,273.0 Sully Station - 129.0 Brookfield
Stratford,Week2,Shouse Village,Week3,265.0 Shouse Village - 137.0 Stratford
Sully Station,Week3,Broyhill Crest,Week4,351.0 Sully Station - 51.0 Broyhill Crest
Stratford,Week3,Lake Braddock,Week3,257.0 Stratford - 145.0 Lake Braddock
Stratford,Week1,Lake Braddock,Week4,240.0 Stratford - 162.0 Lake Braddock
Stratford,Week4,Kings Ridge ,Week2,255.0 Stratford - 147.0 Kings Ridge
Sully Station,Week2,Broyhill Crest,Week3,350.0 Sully Station - 47.0 Broyhill Crest
Stratford,Week2,Shouse Village,Week1,230.0 Shouse Village - 172.0 Stratford
Springfield,Week4,Sleepy Hollow B & R,Week1,371.0 Sleepy Hollow B & R - 26.0 Springfield
Stratford,Week2,Hayfield Farm,Week4,274.0 Hayfield Farm - 128.0 Stratford
Stratford,Week5,Poplar Tree,Week1,266.0 Poplar Tree - 135.0 Stratford
Stratford,Week3,Hayfield Farm,Week5,245.5 Hayfield Farm - 156.5 Stratford
Stratford,Week2,Shouse Village,Week2,236.0 Shouse Village - 166.0 Stratford
Stratford,Week3,Poplar Tree,Week1,280.5 Poplar Tree - 121.5 Stratford
Stratford,Week1,Shouse Village,Week2,241.0 Shouse Village - 161.0 Stratford
Stratford,Week4,Poplar Tree,Week5,281.0 Poplar Tree - 121.0 Stratford
Stratford,Week4,Rutherford,Week5,216.0 Stratford - 186.0 Rutherford
Stratford,Week3,Lake Braddock,Week5,231.0 Stratford - 171.0 Lake Braddock
Springfield,Week5,Sleepy Hollow B & R,Week4,385.0 Sleepy Hollow B & R - 14.0 Springfield
Stratford,Week3,Hayfield Farm,Week4,263.0 Hayfield Farm - 139.0 Stratford
Stratford,Week3,Kings Ridge ,Week5,208.0 Stratford - 194.0 Kings Ridge
Sully Station,Week1,Burke Station,Week2,302.0 Sully Station - 99.0 Burke Station
Stratford,Week5,Poplar Tree,Week4,257.0 Poplar Tree - 144.0 Stratford
Stratford,Week5,Rutherford,Week3,202.0 Stratford - 200.0 Rutherford
Stratford,Week2,Hayfield Farm,Week5,275.5 Hayfield Farm - 126.5 Stratford
Sully Station,Week5,Broyhill Crest,Week2,357.0 Sully Station - 45.0 Broyhill Crest
Sully Station,Week2,Broyhill Crest,Week4,334.0 Sully Station - 68.0 Broyhill Crest
Stratford,Week3,Ravensworth Farm,Week3,294.0 Ravensworth Farm - 108.0 Stratford
Stratford,Week3,Kings Ridge ,Week2,245.0 Stratford - 157.0 Kings Ridge
Stratford,Week4,Kings Ridge ,Week5,244.0 Stratford - 158.0 Kings Ridge
Sully Station,Week5,Broyhill Crest,Week5,346.0 Sully Station - 56.0 Broyhill Crest
Stratford,Week5,Rutherford,Week4,202.0 Rutherford - 199.0 Stratford
Stratford,Week2,Poplar Tree,Week4,269.5 Poplar Tree - 132.5 Stratford
Stratford,Week1,Shouse Village,Week3,273.0 Shouse Village - 129.0 Stratford
Stratford,Week1,Ravensworth Farm,Week2,284.0 Ravensworth Farm - 118.0 Stratford
Stratford,Week5,Rutherford,Week5,211.0 Stratford - 191.0 Rutherford
Stratford,Week2,Shouse Village,Week4,276.0 Shouse Village - 126.0 Stratford
Sully Station,Week1,Burke Station,Week4,298.0 Sully Station - 103.0 Burke Station
Stratford,Week1,Shouse Village,Week5,273.0 Shouse Village - 129.0 Stratford
Stratford,Week1,Ravensworth Farm,Week5,308.0 Ravensworth Farm - 94.0 Stratford
Stratford,Week4,Poplar Tree,Week4,249.0 Poplar Tree - 153.0 Stratford
Stratford,Week5,Hamlet,Week2,337.0 Hamlet - 65.0 Stratford
Stratford,Week1,Lake Braddock,Week5,218.0 Stratford - 184.0 Lake Braddock
Stratford,Week4,Kings Ridge ,Week3,248.0 Stratford - 154.0 Kings Ridge
Stratford,Week5,Kings Ridge ,Week4,230.0 Stratford - 172.0 Kings Ridge
Springfield,Week4,Great Falls,Week4,299.0 Great Falls - 74.0 Springfield
Sully Station,Week4,Broyhill Crest,Week5,357.0 Sully Station - 45.0 Broyhill Crest
Stratford,Week1,Herndon,Week1,247.0 Stratford - 154.0 Herndon
Stratford,Week4,Hayfield Farm,Week4,250.0 Hayfield Farm - 152.0 Stratford
Sully Station,Week1,Burke Station,Week1,277.0 Sully Station - 102.0 Burke Station
Stratford,Week2,Riverside Gardens,Week3,319.0 Riverside Gardens - 83.0 Stratford
Stratford,Week5,Hayfield Farm,Week1,260.0 Hayfield Farm - 142.0 Stratford
Stratford,Week5,Poplar Tree,Week5,291.0 Poplar Tree - 111.0 Stratford
Stratford,Week3,Hayfield Farm,Week2,266.0 Hayfield Farm - 136.0 Stratford
Stratford,Week4,Herndon,Week3,300.0 Stratford - 102.0 Herndon
Sully Station,Week1,Burke Station,Week3,282.0 Sully Station - 111.0 Burke Station
Stratford,Week2,Lake Braddock,Week1,265.0 Stratford - 137.0 Lake Braddock
Stratford,Week1,Shouse Village,Week1,244.0 Shouse Village - 157.0 Stratford
Stratford,Week4,Shouse Village,Week4,265.0 Shouse Village - 137.0 Stratford
Stratford,Week1,Hiddenbrook,Week3,232.0 Hiddenbrook - 170.0 Stratford
Stratford,Week5,Ravensworth Farm,Week4,278.0 Ravensworth Farm - 119.0 Stratford
Stratford,Week2,Lake Braddock,Week4,236.0 Stratford - 166.0 Lake Braddock
Stratford,Week2,Shouse Village,Week5,267.0 Shouse Village - 135.0 Stratford
Stratford,Week5,Herndon,Week2,283.0 Stratford - 118.0 Herndon
Sully Station,Week1,Burke Station,Week5,282.0 Sully Station - 119.0 Burke Station
Sully Station,Week1,Camelot,Week3,269.0 Sully Station - 133.0 Camelot
Stratford,Week1,Riverside Gardens,Week4,327.0 Riverside Gardens - 75.0 Stratford
Stratford,Week2,Herndon,Week3,271.0 Stratford - 126.0 Herndon
Springfield,Week4,Great Falls,Week5,325.0 Great Falls - 57.0 Springfield
Sully Station,Week2,Camelot,Week5,255.0 Sully Station - 147.0 Camelot
Stratford,Week4,Shouse Village,Week3,232.0 Shouse Village - 170.0 Stratford
Stratford,Week4,Herndon,Week1,287.0 Stratford - 115.0 Herndon
Stratford,Week3,Kings Ridge ,Week3,227.0 Stratford - 175.0 Kings Ridge
Stratford,Week4,Kings Ridge ,Week1,248.0 Stratford - 154.0 Kings Ridge
Stratford,Week1,Lake Braddock,Week2,232.0 Stratford - 170.0 Lake Braddock
Stratford,Week2,Riverside Gardens,Week2,299.0 Riverside Gardens - 103.0 Stratford
Stratford,Week2,Lake Braddock,Week5,229.0 Stratford - 173.0 Lake Braddock
Stratford,Week3,Shouse Village,Week4,275.0 Shouse Village - 127.0 Stratford
Stratford,Week1,Lake Braddock,Week3,230.0 Stratford - 172.0 Lake Braddock
Stratford,Week3,Riverside Gardens,Week1,297.0 Riverside Gardens - 105.0 Stratford
Stratford,Week5,Ravensworth Farm,Week2,251.0 Ravensworth Farm - 151.0 Stratford
Stratford,Week1,Lake Braddock,Week1,261.0 Stratford - 141.0 Lake Braddock
Stratford,Week1,Riverside Gardens,Week5,321.0 Riverside Gardens - 81.0 Stratford
Sully Station,Week5,Burke Station,Week4,306.0 Sully Station - 96.0 Burke Station
Stratford,Week1,Herndon,Week3,254.0 Stratford - 146.0 Herndon
Stratford,Week3,Herndon,Week1,274.0 Stratford - 128.0 Herndon
Stratford,Week3,Shouse Village,Week2,220.0 Shouse Village - 182.0 Stratford
Sully Station,Week5,Burke Station,Week2,320.0 Sully Station - 80.0 Burke Station
Stratford,Week1,Sideburn Run,Week2,267.0 Sideburn Run - 135.0 Stratford
Stratford,Week5,Shouse Village,Week3,249.0 Shouse Village - 153.0 Stratford
Sully Station,Week5,Burke Station,Week5,293.0 Sully Station - 109.0 Burke Station
Stratford,Week3,Herndon,Week4,292.5 Stratford - 109.5 Herndon
Sully Station,Week3,Camelot,Week2,255.0 Sully Station - 147.0 Camelot
Stratford,Week2,Lake Braddock,Week2,237.0 Stratford - 165.0 Lake Braddock
Stratford,Week5,Shouse Village,Week1,219.0 Shouse Village - 183.0 Stratford
Stratford,Week1,Hiddenbrook,Week4,239.0 Hiddenbrook - 163.0 Stratford
Stratford,Week4,Ravensworth Farm,Week4,264.0 Ravensworth Farm - 138.0 Stratford
Sully Station,Week3,Burke Station,Week2,304.0 Sully Station - 97.0 Burke Station
Stratford,Week2,Ravensworth Farm,Week3,298.0 Ravensworth Farm - 104.0 Stratford
Stratford,Week2,Lake Braddock,Week3,242.0 Stratford - 160.0 Lake Braddock
Stratford,Week5,Kings Ridge ,Week5,230.0 Stratford - 172.0 Kings Ridge
Stratford,Week5,Shouse Village,Week4,281.0 Shouse Village - 121.0 Stratford
Stratford,Week1,Sideburn Run,Week3,286.0 Sideburn Run - 115.0 Stratford
Stratford,Week3,Ravensworth Farm,Week2,265.0 Ravensworth Farm - 137.0 Stratford
Stratford,Week3,Kings Ridge ,Week4,226.0 Stratford - 176.0 Kings Ridge
Stratford,Week5,Kings Ridge ,Week2,264.0 Stratford - 138.0 Kings Ridge
Stratford,Week2,Ravensworth Farm,Week4,299.5 Ravensworth Farm - 102.5 Stratford
Sully Station,Week5,Burke Station,Week1,289.5 Sully Station - 87.5 Burke Station
Stratford,Week5,Kings Ridge ,Week3,249.0 Stratford - 152.0 Kings Ridge
Sully Station,Week2,Burke Station,Week2,294.0 Sully Station - 103.0 Burke Station
Stratford,Week1,Herndon,Week4,259.0 Stratford - 142.0 Herndon
Sully Station,Week3,Burke Station,Week4,292.0 Sully Station - 110.0 Burke Station
Stratford,Week3,Ravensworth Farm,Week5,298.5 Ravensworth Farm - 103.5 Stratford
Stratford,Week3,Ravensworth Farm,Week4,289.0 Ravensworth Farm - 113.0 Stratford
Sully Station,Week1,Camelot,Week1,259.0 Sully Station - 142.0 Camelot
Stratford,Week1,Sideburn Run,Week5,288.0 Sideburn Run - 114.0 Stratford
Stratford,Week1,Sideburn Run,Week4,284.0 Sideburn Run - 118.0 Stratford
Stratford,Week2,Herndon,Week4,273.0 Stratford - 129.0 Herndon
Stratford,Week2,Hiddenbrook,Week1,207.0 Hiddenbrook - 195.0 Stratford
Stratford,Week1,Herndon,Week5,253.0 Stratford - 148.0 Herndon
Sully Station,Week2,Burke Station,Week3,267.0 Sully Station - 125.0 Burke Station
Stratford,Week3,Lake Braddock,Week1,278.0 Stratford - 124.0 Lake Braddock
Stratford,Week4,Lake Braddock,Week1,302.0 Stratford - 100.0 Lake Braddock
Stratford,Week5,Ravensworth Farm,Week3,291.0 Ravensworth Farm - 111.0 Stratford
Stratford,Week5,Shouse Village,Week5,276.0 Shouse Village - 126.0 Stratford
Stratford,Week2,Hiddenbrook,Week2,221.0 Stratford - 176.0 Hiddenbrook
Stratford,Week4,Ravensworth Farm,Week5,291.0 Ravensworth Farm - 111.0 Stratford
Stratford,Week4,Shouse Village,Week5,259.0 Shouse Village - 143.0 Stratford
Stratford,Week2,Ravensworth Farm,Week5,315.0 Ravensworth Farm - 87.0 Stratford
Stratford,Week2,Ravensworth Farm,Week2,267.5 Ravensworth Farm - 134.5 Stratford
Stratford,Week4,Kings Ridge ,Week4,245.0 Stratford - 157.0 Kings Ridge
Stratford,Week2,Herndon,Week5,268.0 Stratford - 134.0 Herndon
Sully Station,Week1,Camelot,Week2,254.0 Sully Station - 148.0 Camelot
Stratford,Week3,Lake Braddock,Week4,254.0 Stratford - 148.0 Lake Braddock
Stratford,Week2,Sideburn Run,Week4,292.0 Sideburn Run - 110.0 Stratford
Stratford,Week2,Sideburn Run,Week3,286.5 Sideburn Run - 115.5 Stratford
Stratford,Week2,Hiddenbrook,Week4,236.0 Hiddenbrook - 166.0 Stratford
Stratford,Week2,Hiddenbrook,Week3,231.0 Hiddenbrook - 171.0 Stratford
Stratford,Week4,Shouse Village,Week2,216.0 Shouse Village - 186.0 Stratford
Sully Station,Week5,Burke Station,Week3,302.0 Sully Station - 95.0 Burke Station
Sully Station,Week4,Burke Station,Week1,269.0 Sully Station - 110.0 Burke Station
Stratford,Week2,Fairfax,Week4,309.0 Fairfax - 93.0 Stratford
Stratford,Week4,Lake Braddock,Week2,275.0 Stratford - 127.0 Lake Braddock
Stratford,Week1,Hiddenbrook,Week5,258.0 Hiddenbrook - 144.0 Stratford
Stratford,Week4,Herndon,Week2,292.0 Stratford - 110.0 Herndon
Sully Station,Week3,Burke Station,Week1,272.0 Sully Station - 106.0 Burke Station
Stratford,Week5,Shouse Village,Week2,237.0 Shouse Village - 165.0 Stratford
Sully Station,Week2,Burke Station,Week5,273.0 Sully Station - 124.0 Burke Station
Stratford,Week2,Sideburn Run,Week1,270.0 Sideburn Run - 132.0 Stratford
Stratford,Week5,Ravensworth Farm,Week1,293.0 Ravensworth Farm - 109.0 Stratford
Stratford,Week1,Sideburn Run,Week1,277.0 Sideburn Run - 120.0 Stratford
Stratford,Week5,Ravensworth Farm,Week5,300.0 Ravensworth Farm - 102.0 Stratford
Sully Station,Week2,Burke Station,Week4,279.0 Sully Station - 118.0 Burke Station
Stratford,Week3,Lake Braddock,Week2,266.0 Stratford - 136.0 Lake Braddock
Stratford,Week3,Herndon,Week3,296.0 Stratford - 106.0 Herndon
Stratford,Week4,Herndon,Week5,288.0 Stratford - 114.0 Herndon
Stratford,Week4,Ravensworth Farm,Week1,279.0 Ravensworth Farm - 123.0 Stratford
Stratford,Week5,Kings Ridge ,Week1,254.0 Stratford - 148.0 Kings Ridge
Stratford,Week2,Riverside Gardens,Week1,312.0 Riverside Gardens - 90.0 Stratford
Stratford,Week3,Lakevale Estates,Week4,328.0 Lakevale Estates - 74.0 Stratford
Stratford,Week4,Lake Braddock,Week4,265.0 Stratford - 137.0 Lake Braddock
Stratford,Week3,Sideburn Run,Week2,240.0 Sideburn Run - 162.0 Stratford
Stratford,Week4,Shouse Village,Week1,204.0 Shouse Village - 198.0 Stratford
Stratford,Week4,Ravensworth Farm,Week3,274.0 Ravensworth Farm - 128.0 Stratford
Stratford,Week3,Sideburn Run,Week1,260.0 Sideburn Run - 142.0 Stratford
Sully Station,Week2,Camelot,Week1,257.0 Sully Station - 145.0 Camelot
Stratford,Week2,Sideburn Run,Week2,254.0 Sideburn Run - 148.0 Stratford
Stratford,Week3,Herndon,Week2,269.0 Stratford - 133.0 Herndon
Stratford,Week2,Herndon,Week2,260.0 Stratford - 137.0 Herndon
Stratford,Week5,Herndon,Week1,284.0 Stratford - 115.0 Herndon
Stratford,Week3,Ravensworth Farm,Week1,296.0 Ravensworth Farm - 106.0 Stratford
Stratford,Week3,Herndon,Week5,275.5 Stratford - 126.5 Herndon
Stratford,Week4,Fair Oaks ,Week2,225.0 Fair Oaks - 177.0 Stratford
Sully Station,Week4,Burke Station,Week5,284.0 Sully Station - 118.0 Burke Station
Stratford,Week2,Sideburn Run,Week5,290.0 Sideburn Run - 112.0 Stratford
Stratford,Week5,Lake Braddock,Week5,247.0 Stratford - 155.0 Lake Braddock
Stratford,Week2,Lakevale Estates,Week4,337.0 Lakevale Estates - 65.0 Stratford
Stratford,Week5,Fair Oaks ,Week1,260.0 Fair Oaks - 142.0 Stratford
Stratford,Week3,Fairfax,Week5,333.0 Fairfax - 69.0 Stratford
Stratford,Week1,Lakevale Estates,Week5,332.0 Lakevale Estates - 70.0 Stratford
Sully Station,Week3,Burke Station,Week3,272.0 Sully Station - 125.0 Burke Station
Stratford,Week1,Riverside Gardens,Week1,306.0 Riverside Gardens - 96.0 Stratford
Stratford,Week1,Riverside Gardens,Week2,300.0 Riverside Gardens - 102.0 Stratford
Stratford,Week4,Fairfax,Week2,300.0 Fairfax - 102.0 Stratford
Stratford,Week4,Sideburn Run,Week1,257.0 Sideburn Run - 145.0 Stratford
Stratford,Week2,Hiddenbrook,Week5,231.0 Hiddenbrook - 171.0 Stratford
Stratford,Week1,Riverside Gardens,Week3,316.0 Riverside Gardens - 86.0 Stratford
Stratford,Week5,Fairfax,Week1,293.0 Fairfax - 109.0 Stratford
Stratford,Week2,Herndon,Week1,273.0 Stratford - 123.0 Herndon
Stratford,Week2,Fairfax,Week5,331.0 Fairfax - 71.0 Stratford
Stratford,Week4,Lake Braddock,Week3,260.0 Stratford - 142.0 Lake Braddock
Sully Station,Week3,Burke Station,Week5,268.0 Sully Station - 134.0 Burke Station
Stratford,Week4,Ravensworth Farm,Week2,249.0 Ravensworth Farm - 153.0 Stratford
Sully Station,Week4,Burke Station,Week2,311.5 Sully Station - 90.5 Burke Station
Sully Station,Week4,Burke Station,Week3,286.0 Sully Station - 111.0 Burke Station
Sully Station,Week2,Burke Station,Week1,269.0 Sully Station - 110.0 Burke Station
Stratford,Week4,Fairfax,Week4,286.0 Fairfax - 116.0 Stratford
Stratford,Week1,Fairfax,Week1,303.0 Fairfax - 99.0 Stratford
Stratford,Week4,Sleepy Hollow B & R,Week3,257.0 Sleepy Hollow B & R - 145.0 Stratford
Sully Station,Week1,Camelot,Week4,269.0 Sully Station - 133.0 Camelot
Stratford,Week4,Lakevale Estates,Week4,326.0 Lakevale Estates - 76.0 Stratford
Stratford,Week5,Herndon,Week4,286.0 Stratford - 115.0 Herndon
Sully Station,Week4,Burke Station,Week4,293.0 Sully Station - 109.0 Burke Station
Stratford,Week2,Riverside Gardens,Week5,309.0 Riverside Gardens - 93.0 Stratford
Stratford,Week3,Fairfax,Week1,314.0 Fairfax - 88.0 Stratford
Stratford,Week5,Herndon,Week3,291.0 Stratford - 110.0 Herndon
Stratford,Week3,Fairfax,Week3,318.0 Fairfax - 84.0 Stratford
Stratford,Week3,Sleepy Hollow B & R,Week5,309.0 Sleepy Hollow B & R - 93.0 Stratford
Stratford,Week4,Herndon,Week4,296.0 Stratford - 106.0 Herndon
Stratford,Week1,Sleepy Hollow B & R,Week1,278.0 Sleepy Hollow B & R - 124.0 Stratford
Stratford,Week5,Lake Braddock,Week2,265.0 Stratford - 137.0 Lake Braddock
Sully Station,Week1,Camelot,Week5,266.0 Sully Station - 135.0 Camelot
Stratford,Week1,Hiddenbrook,Week1,222.0 Hiddenbrook - 178.0 Stratford
Stratford,Week5,Sideburn Run,Week4,265.0 Sideburn Run - 137.0 Stratford
Stratford,Week2,Riverside Gardens,Week4,319.0 Riverside Gardens - 83.0 Stratford
Stratford,Week4,Lake Braddock,Week5,258.0 Stratford - 144.0 Lake Braddock
Stratford,Week5,Lakevale Estates,Week1,295.0 Lakevale Estates - 107.0 Stratford
Stratford,Week4,Riverside Gardens,Week1,286.0 Riverside Gardens - 116.0 Stratford
Stratford,Week3,Fairfax,Week2,322.0 Fairfax - 80.0 Stratford
Stratford,Week3,Riverside Gardens,Week4,320.0 Riverside Gardens - 82.0 Stratford
Stratford,Week1,Lakeview,Week1,236.0 Stratford - 164.0 Lakeview
Stratford,Week3,Sideburn Run,Week5,271.0 Sideburn Run - 131.0 Stratford
Stratford,Week4,Fair Oaks ,Week3,257.0 Fair Oaks - 145.0 Stratford
Stratford,Week1,Rolling Forest,Week1,250.0 Rolling Forest - 147.0 Stratford
Stratford,Week5,Hiddenbrook,Week2,232.0 Stratford - 166.0 Hiddenbrook
Stratford,Week5,Hiddenbrook,Week3,207.5 Hiddenbrook - 194.5 Stratford
Stratford,Week5,Fair Oaks ,Week4,249.0 Fair Oaks - 153.0 Stratford
Sully Station,Week3,Canterbury Woods,Week4,272.0 Sully Station - 130.0 Canterbury Woods
Stratford,Week5,Riverside Gardens,Week1,282.0 Riverside Gardens - 120.0 Stratford
Stratford,Week1,Hiddenbrook,Week2,207.0 Stratford - 194.0 Hiddenbrook
Stratford,Week5,Lakevale Estates,Week4,332.5 Lakevale Estates - 69.5 Stratford
Sully Station,Week3,Camelot,Week1,249.0 Sully Station - 153.0 Camelot
Stratford,Week1,High Point Pool,Week1,300.0 High Point Pool - 101.0 Stratford
Sully Station,Week2,Camelot,Week2,256.0 Sully Station - 146.0 Camelot
Stratford,Week4,Lakevale Estates,Week1,283.5 Lakevale Estates - 118.5 Stratford
Sully Station,Week4,Camelot,Week2,256.0 Sully Station - 146.0 Camelot
Stratford,Week2,Fairfax,Week1,307.0 Fairfax - 95.0 Stratford
Sully Station,Week5,Camelot,Week5,264.0 Sully Station - 138.0 Camelot
Stratford,Week2,Sleepy Hollow B & R,Week2,290.5 Sleepy Hollow B & R - 111.5 Stratford
Stratford,Week5,Fair Oaks ,Week2,225.0 Fair Oaks - 177.0 Stratford
Stratford,Week5,Riverside Gardens,Week3,310.0 Riverside Gardens - 92.0 Stratford
Stratford,Week4,Riverside Gardens,Week3,289.0 Riverside Gardens - 113.0 Stratford
Stratford,Week5,Herndon,Week5,277.0 Stratford - 124.0 Herndon
Stratford,Week3,Sleepy Hollow B & R,Week4,287.0 Sleepy Hollow B & R - 115.0 Stratford
Stratford,Week1,Fairfax,Week4,314.0 Fairfax - 87.0 Stratford
Stratford,Week1,Sleepy Hollow B & R,Week3,285.0 Sleepy Hollow B & R - 117.0 Stratford
Stratford,Week2,Sleepy Hollow B & R,Week3,292.0 Sleepy Hollow B & R - 110.0 Stratford
Stratford,Week5,Riverside Gardens,Week2,282.0 Riverside Gardens - 120.0 Stratford
Stratford,Week1,Lakeview,Week3,200.0 Lakeview - 200.0 Stratford
Sully Station,Week2,Camelot,Week3,258.0 Sully Station - 144.0 Camelot
Stratford,Week3,Lakevale Estates,Week1,305.0 Lakevale Estates - 97.0 Stratford
Stratford,Week5,Fair Oaks ,Week3,257.0 Fair Oaks - 145.0 Stratford
Stratford,Week4,Lakevale Estates,Week3,305.0 Lakevale Estates - 97.0 Stratford
Stratford,Week2,Sleepy Hollow B & R,Week5,325.0 Sleepy Hollow B & R - 77.0 Stratford
Sully Station,Week2,Camelot,Week4,255.0 Sully Station - 147.0 Camelot
Stratford,Week4,Riverside Gardens,Week4,296.0 Riverside Gardens - 106.0 Stratford
Stratford,Week1,Lakeview,Week5,193.0 Stratford - 190.0 Lakeview
Stratford,Week4,Hiddenbrook,Week5,213.0 Hiddenbrook - 189.0 Stratford
Stratford,Week5,Sideburn Run,Week5,270.0 Sideburn Run - 132.0 Stratford
Stratford,Week2,Rolling Forest,Week1,256.0 Rolling Forest - 146.0 Stratford
Stratford,Week3,Sideburn Run,Week4,269.0 Sideburn Run - 133.0 Stratford
Stratford,Week1,Fairfax,Week2,316.0 Fairfax - 86.0 Stratford
Stratford,Week3,Lakevale Estates,Week2,295.0 Lakevale Estates - 107.0 Stratford
Sully Station,Week1,Canterbury Woods,Week2,295.0 Sully Station - 107.0 Canterbury Woods
Sully Station,Week4,Camelot,Week1,262.0 Sully Station - 140.0 Camelot
Stratford,Week4,High Point Pool,Week3,282.0 High Point Pool - 120.0 Stratford
Stratford,Week5,Lake Braddock,Week3,265.0 Stratford - 137.0 Lake Braddock
Stratford,Week4,Fair Oaks ,Week1,261.0 Fair Oaks - 141.0 Stratford
Stratford,Week2,High Point Pool,Week4,305.0 High Point Pool - 97.0 Stratford
Stratford,Week5,Sideburn Run,Week2,251.0 Sideburn Run - 151.0 Stratford
Stratford,Week4,Fair Oaks ,Week4,241.0 Fair Oaks - 161.0 Stratford
Stratford,Week3,High Point Pool,Week5,297.0 High Point Pool - 105.0 Stratford
Stratford,Week2,Fairfax,Week2,324.5 Fairfax - 77.5 Stratford
Stratford,Week1,Sleepy Hollow B & R,Week5,307.0 Sleepy Hollow B & R - 94.0 Stratford
Sully Station,Week2,Canterbury Woods,Week4,264.0 Sully Station - 138.0 Canterbury Woods
Stratford,Week1,Rolling Forest,Week3,272.0 Rolling Forest - 130.0 Stratford
Stratford,Week5,Hiddenbrook,Week1,204.0 Stratford - 198.0 Hiddenbrook
Stratford,Week3,Sleepy Hollow B & R,Week1,263.0 Sleepy Hollow B & R - 139.0 Stratford
Stratford,Week2,Rolling Forest,Week3,263.0 Rolling Forest - 139.0 Stratford
Stratford,Week3,Hiddenbrook,Week2,231.0 Stratford - 171.0 Hiddenbrook
Stratford,Week4,Riverside Gardens,Week5,290.0 Riverside Gardens - 112.0 Stratford
Stratford,Week2,Rolling Forest,Week2,215.0 Rolling Forest - 187.0 Stratford
Stratford,Week3,Riverside Gardens,Week5,311.0 Riverside Gardens - 91.0 Stratford
Stratford,Week5,Fair Oaks ,Week5,273.0 Fair Oaks - 129.0 Stratford
Sully Station,Week3,Canterbury Woods,Week1,297.0 Sully Station - 105.0 Canterbury Woods
Stratford,Week2,Fairfax,Week3,322.0 Fairfax - 80.0 Stratford
Stratford,Week3,Riverside Gardens,Week3,322.0 Riverside Gardens - 80.0 Stratford
Stratford,Week4,Sideburn Run,Week5,266.0 Sideburn Run - 136.0 Stratford
Stratford,Week2,Lakeview,Week2,254.0 Stratford - 148.0 Lakeview
Stratford,Week4,Hiddenbrook,Week4,219.0 Hiddenbrook - 183.0 Stratford
Stratford,Week4,Sideburn Run,Week3,253.0 Sideburn Run - 149.0 Stratford
Stratford,Week2,Lakevale Estates,Week2,321.0 Lakevale Estates - 81.0 Stratford
Sully Station,Week1,Canterbury Woods,Week4,269.0 Sully Station - 133.0 Canterbury Woods
Sully Station,Week4,Canterbury Woods,Week3,286.5 Sully Station - 115.5 Canterbury Woods
Stratford,Week5,Hiddenbrook,Week4,222.0 Hiddenbrook - 180.0 Stratford
Stratford,Week1,Lakeview,Week4,206.0 Lakeview - 188.0 Stratford
Stratford,Week1,Lakevale Estates,Week1,318.0 Lakevale Estates - 79.0 Stratford
Stratford,Week2,High Point Pool,Week5,312.0 High Point Pool - 90.0 Stratford
Stratford,Week3,Lakevale Estates,Week3,312.5 Lakevale Estates - 89.5 Stratford
Stratford,Week3,Riverside Gardens,Week2,295.0 Riverside Gardens - 107.0 Stratford
Sully Station,Week5,Camelot,Week3,267.0 Sully Station - 135.0 Camelot
Stratford,Week1,Fairfax,Week5,329.0 Fairfax - 72.0 Stratford
Stratford,Week3,Sideburn Run,Week3,262.0 Sideburn Run - 140.0 Stratford
Stratford,Week2,High Point Pool,Week1,302.0 High Point Pool - 100.0 Stratford
Stratford,Week3,Fairfax,Week4,313.0 Fairfax - 89.0 Stratford
Stratford,Week1,Lakevale Estates,Week2,332.0 Lakevale Estates - 70.0 Stratford
Sully Station,Week4,Camelot,Week4,269.0 Sully Station - 133.0 Camelot
Stratford,Week2,Sleepy Hollow B & R,Week1,275.0 Sleepy Hollow B & R - 127.0 Stratford
Sully Station,Week3,Canterbury Woods,Week5,282.0 Sully Station - 119.0 Canterbury Woods
Stratford,Week3,Hiddenbrook,Week4,216.0 Hiddenbrook - 186.0 Stratford
Stratford,Week2,Rolling Forest,Week4,238.0 Rolling Forest - 164.0 Stratford
Sully Station,Week2,Canterbury Woods,Week3,284.0 Sully Station - 118.0 Canterbury Woods
Stratford,Week4,Fair Oaks ,Week5,270.0 Fair Oaks - 132.0 Stratford
Stratford,Week1,Rolling Forest,Week4,253.0 Rolling Forest - 149.0 Stratford
Stratford,Week1,Lakevale Estates,Week4,350.0 Lakevale Estates - 51.0 Stratford
Stratford,Week1,Fairfax,Week3,311.0 Fairfax - 90.0 Stratford
Stratford,Week2,Lakevale Estates,Week3,320.0 Lakevale Estates - 77.0 Stratford
Stratford,Week5,Sideburn Run,Week3,272.0 Sideburn Run - 130.0 Stratford
Stratford,Week5,Hiddenbrook,Week5,228.0 Hiddenbrook - 174.0 Stratford
Stratford,Week1,Sleepy Hollow B & R,Week2,291.0 Sleepy Hollow B & R - 110.0 Stratford
Stratford,Week3,Lakevale Estates,Week5,320.0 Lakevale Estates - 82.0 Stratford
Stratford,Week5,Lake Braddock,Week4,264.5 Stratford - 137.5 Lake Braddock
Stratford,Week4,Fairfax,Week3,299.0 Fairfax - 103.0 Stratford
Stratford,Week2,Sleepy Hollow B & R,Week4,303.0 Sleepy Hollow B & R - 99.0 Stratford
Sully Station,Week3,Camelot,Week3,256.0 Sully Station - 146.0 Camelot
Stratford,Week5,Riverside Gardens,Week4,319.5 Riverside Gardens - 82.5 Stratford
Stratford,Week1,Fairfax Club Estates,Week1,223.0 Fairfax Club Estates - 179.0 Stratford
Stratford,Week1,Lakevale Estates,Week3,328.0 Lakevale Estates - 69.0 Stratford
Stratford,Week1,Rolling Forest,Week2,233.0 Rolling Forest - 169.0 Stratford
Stratford,Week3,Hiddenbrook,Week1,211.0 Stratford - 191.0 Hiddenbrook
Springfield,Week3,Hamlet,Week2,396.0 Hamlet - 6.0 Springfield
Stratford,Week2,Lakevale Estates,Week1,317.0 Lakevale Estates - 85.0 Stratford
Sully Station,Week5,Camelot,Week1,264.0 Sully Station - 138.0 Camelot
Sully Station,Week1,Canterbury Woods,Week1,301.0 Sully Station - 101.0 Canterbury Woods
Stratford,Week4,Hiddenbrook,Week1,220.0 Stratford - 182.0 Hiddenbrook
Sully Station,Week2,Canterbury Woods,Week1,288.0 Sully Station - 109.0 Canterbury Woods
Stratford,Week4,Riverside Gardens,Week2,276.0 Riverside Gardens - 126.0 Stratford
Stratford,Week5,Riverside Gardens,Week5,306.0 Riverside Gardens - 96.0 Stratford
Stratford,Week3,Sleepy Hollow B & R,Week2,278.0 Sleepy Hollow B & R - 124.0 Stratford
Stratford,Week5,Fairfax Club Estates,Week5,217.0 Fairfax Club Estates - 183.0 Stratford
Stratford,Week4,Sideburn Run,Week2,223.0 Sideburn Run - 179.0 Stratford
Sully Station,Week3,Camelot,Week4,266.0 Sully Station - 136.0 Camelot
Stratford,Week4,Sideburn Run,Week4,251.0 Sideburn Run - 151.0 Stratford
Stratford,Week1,Rolling Forest,Week5,274.0 Rolling Forest - 128.0 Stratford
Stratford,Week3,High Point Pool,Week4,299.0 High Point Pool - 103.0 Stratford
Stratford,Week4,Fairfax,Week1,287.0 Fairfax - 115.0 Stratford
Stratford,Week5,Fairfax Club Estates,Week2,204.0 Stratford - 197.0 Fairfax Club Estates
Sully Station,Week3,Camelot,Week5,249.0 Sully Station - 152.0 Camelot
Stratford,Week3,High Point Pool,Week1,278.0 High Point Pool - 124.0 Stratford
Springfield,Week2,Hamlet,Week1,381.0 Hamlet - 14.0 Springfield
Stratford,Week5,Lake Braddock,Week1,288.0 Stratford - 113.0 Lake Braddock
Stratford,Week4,High Point Pool,Week2,292.0 High Point Pool - 110.0 Stratford
Springfield,Week3,Hamlet,Week1,382.0 Hamlet - 9.0 Springfield
Stratford,Week3,Sleepy Hollow B & R,Week3,288.0 Sleepy Hollow B & R - 114.0 Stratford
Springfield,Week3,Hamlet,Week5,395.0 Hamlet - 6.0 Springfield
Stratford,Week2,Lakevale Estates,Week5,324.0 Lakevale Estates - 78.0 Stratford
Stratford,Week4,Fairfax,Week5,321.0 Fairfax - 81.0 Stratford
Springfield,Week2,Hamlet,Week4,379.0 Hamlet - 19.0 Springfield
Stratford,Week5,Lakevale Estates,Week5,321.0 Lakevale Estates - 81.0 Stratford
Stratford,Week4,Hiddenbrook,Week3,202.0 Stratford - 200.0 Hiddenbrook
Springfield,Week4,Hamlet,Week4,380.0 Hamlet - 21.0 Springfield
Stratford,Week4,Hiddenbrook,Week2,250.0 Stratford - 152.0 Hiddenbrook
Sully Station,Week1,Canterbury Woods,Week3,290.0 Sully Station - 112.0 Canterbury Woods
Stratford,Week1,High Point Pool,Week2,305.0 High Point Pool - 97.0 Stratford
Stratford,Week4,Sleepy Hollow B & R,Week1,251.0 Sleepy Hollow B & R - 151.0 Stratford
Sully Station,Week5,Camelot,Week4,274.0 Sully Station - 128.0 Camelot
Stratford,Week1,High Point Pool,Week4,303.0 High Point Pool - 99.0 Stratford
Sully Station,Week2,Canterbury Woods,Week5,276.0 Sully Station - 121.0 Canterbury Woods
Stratford,Week1,Sleepy Hollow Rec,Week4,203.0 Stratford - 199.0 Sleepy Hollow Rec
Stratford,Week4,Lakevale Estates,Week2,299.0 Lakevale Estates - 103.0 Stratford
Stratford,Week5,Sideburn Run,Week1,259.0 Sideburn Run - 143.0 Stratford
Stratford,Week1,Fairfax Club Estates,Week4,233.0 Fairfax Club Estates - 163.0 Stratford
Springfield,Week5,Greenbriar,Week4,366.0 Greenbriar - 34.0 Springfield
Stratford,Week5,Fairfax,Week4,301.0 Fairfax - 101.0 Stratford
Stratford,Week1,Fairfax Club Estates,Week2,218.0 Fairfax Club Estates - 181.0 Stratford
Stratford,Week5,Lakevale Estates,Week3,317.0 Lakevale Estates - 85.0 Stratford
Springfield,Week5,Hamlet,Week3,387.0 Hamlet - 10.0 Springfield
Sully Station,Week3,Canterbury Woods,Week2,304.0 Sully Station - 98.0 Canterbury Woods
Sully Station,Week3,Canterbury Woods,Week3,296.0 Sully Station - 106.0 Canterbury Woods
Stratford,Week4,Sleepy Hollow B & R,Week2,262.0 Sleepy Hollow B & R - 140.0 Stratford
Springfield,Week4,Hamlet,Week1,383.0 Hamlet - 18.0 Springfield
Stratford,Week3,Hiddenbrook,Week3,221.0 Hiddenbrook - 181.0 Stratford
Stratford,Week2,Fairfax Club Estates,Week3,212.0 Fairfax Club Estates - 189.0 Stratford
Stratford,Week4,Sleepy Hollow B & R,Week4,276.0 Sleepy Hollow B & R - 126.0 Stratford
Stratford,Week3,Fairfax Club Estates,Week4,234.0 Fairfax Club Estates - 168.0 Stratford
Stratford,Week3,High Point Pool,Week3,296.5 High Point Pool - 105.5 Stratford
Stratford,Week1,Sleepy Hollow B & R,Week4,298.0 Sleepy Hollow B & R - 104.0 Stratford
Stratford,Week1,Lakeview,Week2,230.0 Stratford - 170.0 Lakeview
Springfield,Week3,Hamlet,Week4,379.5 Hamlet - 21.5 Springfield
Springfield,Week4,Hamlet,Week2,395.0 Hamlet - 6.0 Springfield
Stratford,Week5,Sleepy Hollow B & R,Week3,278.0 Sleepy Hollow B & R - 123.0 Stratford
Stratford,Week3,Fairfax Club Estates,Week3,211.0 Fairfax Club Estates - 190.0 Stratford
Stratford,Week3,Hiddenbrook,Week5,230.0 Hiddenbrook - 172.0 Stratford
Stratford,Week4,Lakevale Estates,Week5,309.0 Lakevale Estates - 93.0 Stratford
Sully Station,Week2,Canterbury Woods,Week2,294.0 Sully Station - 108.0 Canterbury Woods
Stratford,Week5,Lakevale Estates,Week2,307.0 Lakevale Estates - 95.0 Stratford
Stratford,Week3,Fairfax Club Estates,Week5,206.0 Fairfax Club Estates - 195.0 Stratford
Stratford,Week5,Lakeview,Week2,263.0 Stratford - 138.0 Lakeview
Stratford,Week4,Fairfax Club Estates,Week5,205.0 Fairfax Club Estates - 196.0 Stratford
Stratford,Week4,Fairfax Club Estates,Week3,210.0 Stratford - 192.0 Fairfax Club Estates
Springfield,Week1,Hamlet,Week2,399.0 Hamlet - 2.0 Springfield
Stratford,Week5,Lakeview,Week1,275.0 Stratford - 127.0 Lakeview
Stratford,Week1,High Point Pool,Week5,306.5 High Point Pool - 95.5 Stratford
Sully Station,Week5,Camelot,Week2,255.0 Sully Station - 147.0 Camelot
Sully Station,Week1,Canterbury Woods,Week5,285.0 Sully Station - 117.0 Canterbury Woods
Stratford,Week2,Lakeview,Week1,262.0 Stratford - 140.0 Lakeview
Stratford,Week3,Lakeview,Week4,220.0 Stratford - 182.0 Lakeview
Stratford,Week5,Sleepy Hollow B & R,Week5,292.0 Sleepy Hollow B & R - 109.0 Stratford
Sully Station,Week4,Camelot,Week5,254.0 Sully Station - 148.0 Camelot
Springfield,Week5,Greenbriar,Week3,370.0 Greenbriar - 30.0 Springfield
Stratford,Week5,Sleepy Hollow Rec,Week5,216.0 Stratford - 186.0 Sleepy Hollow Rec
Springfield,Week1,Hamlet,Week4,387.0 Hamlet - 14.0 Springfield
Stratford,Week1,Sleepy Hollow Rec,Week1,204.0 Stratford - 193.0 Sleepy Hollow Rec
Stratford,Week4,Fairfax Club Estates,Week4,213.0 Fairfax Club Estates - 189.0 Stratford
Stratford,Week1,High Point Pool,Week3,308.0 High Point Pool - 94.0 Stratford
Springfield,Week1,Hamlet,Week3,387.0 Hamlet - 10.0 Springfield
Stratford,Week2,High Point Pool,Week3,300.0 High Point Pool - 102.0 Stratford
Sully Station,Week4,Camelot,Week3,264.0 Sully Station - 138.0 Camelot
Stratford,Week5,Sleepy Hollow Rec,Week2,214.0 Stratford - 188.0 Sleepy Hollow Rec
Stratford,Week2,High Point Pool,Week2,313.5 High Point Pool - 88.5 Stratford
Stratford,Week4,Lakeview,Week5,253.0 Stratford - 140.0 Lakeview
Stratford,Week2,Fairfax Club Estates,Week5,224.0 Fairfax Club Estates - 177.0 Stratford
Sully Station,Week5,Canterbury Woods,Week4,284.0 Sully Station - 118.0 Canterbury Woods
Stratford,Week3,Lakeview,Week2,258.0 Stratford - 144.0 Lakeview
Springfield,Week2,Hamlet,Week2,397.0 Hamlet - 3.0 Springfield
Stratford,Week4,High Point Pool,Week1,270.5 High Point Pool - 131.5 Stratford
Stratford,Week5,Lakeview,Week4,225.0 Stratford - 177.0 Lakeview
Stratford,Week4,Highland Park,Week3,244.0 Highland Park - 158.0 Stratford
Stratford,Week2,Sleepy Hollow Rec,Week4,219.0 Stratford - 183.0 Sleepy Hollow Rec
Springfield,Week5,Greenbriar,Week5,360.0 Greenbriar - 29.0 Springfield
Sully Station,Week1,Cardinal Hill,Week5,233.0 Sully Station - 169.0 Cardinal Hill
Springfield,Week4,Hamlet,Week3,385.0 Hamlet - 12.0 Springfield
Stratford,Week4,Sleepy Hollow B & R,Week5,291.0 Sleepy Hollow B & R - 111.0 Stratford
Stratford,Week5,Fairfax,Week2,304.0 Fairfax - 98.0 Stratford
Stratford,Week1,Highland Park,Week3,258.0 Highland Park - 134.0 Stratford
Springfield,Week2,Hamlet,Week5,396.0 Hamlet - 5.0 Springfield
Sully Station,Week4,Canterbury Woods,Week1,296.0 Sully Station - 106.0 Canterbury Woods
Stratford,Week1,Sleepy Hollow Rec,Week3,228.0 Sleepy Hollow Rec - 174.0 Stratford
Sully Station,Week4,Canterbury Woods,Week4,281.0 Sully Station - 121.0 Canterbury Woods
Stratford,Week5,Fairfax,Week5,322.0 Fairfax - 80.0 Stratford
Stratford,Week5,Highland Park,Week3,252.0 Highland Park - 150.0 Stratford
Stratford,Week3,High Point Pool,Week2,306.0 High Point Pool - 96.0 Stratford
Stratford,Week1,Somerset-Olde Creek,Week1,252.0 Stratford - 147.0 Somerset-Olde Creek
Stratford,Week1,Langley,Week1,313.0 Langley - 88.0 Stratford
Sully Station,Week4,Canterbury Woods,Week2,296.0 Sully Station - 106.0 Canterbury Woods
Stratford,Week4,Lakeview,Week1,282.0 Stratford - 120.0 Lakeview
Springfield,Week1,Hamlet,Week1,382.0 Hamlet - 14.0 Springfield
Stratford,Week2,Fairfax Club Estates,Week1,207.0 Fairfax Club Estates - 195.0 Stratford
Stratford,Week4,Fairfax Club Estates,Week1,220.0 Stratford - 182.0 Fairfax Club Estates
Stratford,Week1,Langley,Week3,321.0 Langley - 81.0 Stratford
Stratford,Week3,Sleepy Hollow Rec,Week2,219.0 Stratford - 183.0 Sleepy Hollow Rec
Sully Station,Week4,Canterbury Woods,Week5,276.0 Sully Station - 126.0 Canterbury Woods
Stratford,Week2,Sleepy Hollow Rec,Week3,212.0 Sleepy Hollow Rec - 190.0 Stratford
Springfield,Week3,Hamlet,Week3,390.0 Hamlet - 8.0 Springfield
Stratford,Week3,Fairfax Club Estates,Week1,206.0 Fairfax Club Estates - 196.0 Stratford
Stratford,Week5,High Point Pool,Week5,298.0 High Point Pool - 104.0 Stratford
Stratford,Week3,Fairfax Club Estates,Week2,207.0 Stratford - 195.0 Fairfax Club Estates
Sully Station,Week2,Cardinal Hill,Week5,211.0 Sully Station - 191.0 Cardinal Hill
Stratford,Week3,Sleepy Hollow Rec,Week4,236.0 Stratford - 166.0 Sleepy Hollow Rec
Sully Station,Week5,Cardinal Hill,Week4,236.0 Sully Station - 166.0 Cardinal Hill
Springfield,Week5,Hamlet,Week2,398.0 Hamlet - 3.0 Springfield
Stratford,Week2,Highland Park,Week4,295.0 Highland Park - 107.0 Stratford
Stratford,Week4,Sleepy Hollow Rec,Week2,243.0 Stratford - 159.0 Sleepy Hollow Rec
Stratford,Week5,Lakeview,Week3,238.5 Stratford - 163.5 Lakeview
Stratford,Week2,Sleepy Hollow Rec,Week1,209.0 Stratford - 193.0 Sleepy Hollow Rec
Springfield,Week1,Hamlet,Week5,396.0 Hamlet - 5.0 Springfield
Sully Station,Week1,Chesterbrook,Week5,290.0 Chesterbrook - 112.0 Sully Station
Stratford,Week2,Fairfax Club Estates,Week2,207.0 Fairfax Club Estates - 195.0 Stratford
Sully Station,Week1,Cardinal Hill,Week1,223.0 Sully Station - 179.0 Cardinal Hill
Stratford,Week5,Fairfax Club Estates,Week1,205.0 Fairfax Club Estates - 192.0 Stratford
Stratford,Week2,Sleepy Hollow Rec,Week5,218.0 Sleepy Hollow Rec - 184.0 Stratford
Stratford,Week5,Sleepy Hollow Rec,Week4,248.0 Stratford - 154.0 Sleepy Hollow Rec
Stratford,Week2,Langley,Week1,306.0 Langley - 96.0 Stratford
Springfield,Week4,Hamlet,Week5,395.0 Hamlet - 6.0 Springfield
Stratford,Week2,Langley,Week3,308.0 Langley - 94.0 Stratford
Stratford,Week1,Langley,Week5,299.0 Langley - 99.0 Stratford
Stratford,Week5,Fairfax,Week3,307.0 Fairfax - 95.0 Stratford
Sully Station,Week1,Cardinal Hill,Week2,254.0 Sully Station - 148.0 Cardinal Hill
Stratford,Week5,Sleepy Hollow B & R,Week2,263.0 Sleepy Hollow B & R - 139.0 Stratford
Stratford,Week1,Fairfax Club Estates,Week3,232.0 Fairfax Club Estates - 165.0 Stratford
Stratford,Week2,Fairfax Club Estates,Week4,229.5 Fairfax Club Estates - 172.5 Stratford
Stratford,Week5,Highland Park,Week2,266.0 Highland Park - 136.0 Stratford
Springfield,Week5,Hamlet,Week1,385.0 Hamlet - 11.0 Springfield
Stratford,Week2,Highland Park,Week2,278.0 Highland Park - 124.0 Stratford
Stratford,Week1,Highland Park,Week2,272.0 Highland Park - 130.0 Stratford
Stratford,Week2,Highland Park,Week1,295.0 Highland Park - 107.0 Stratford
Stratford,Week5,Fairfax Club Estates,Week3,209.0 Fairfax Club Estates - 191.0 Stratford
Stratford,Week4,Fairfax Club Estates,Week2,208.0 Stratford - 194.0 Fairfax Club Estates
Stratford,Week3,Highland Park,Week3,257.0 Highland Park - 145.0 Stratford
Sully Station,Week1,Chesterbrook,Week1,287.0 Chesterbrook - 115.0 Sully Station
Stratford,Week4,Lakeview,Week2,285.0 Stratford - 117.0 Lakeview
Stratford,Week3,Highland Park,Week5,285.0 Highland Park - 117.0 Stratford
Sully Station,Week3,Cardinal Hill,Week3,206.0 Sully Station - 196.0 Cardinal Hill
Springfield,Week2,Hamlet,Week3,388.0 Hamlet - 9.0 Springfield
Stratford,Week4,Sleepy Hollow Rec,Week5,210.0 Stratford - 192.0 Sleepy Hollow Rec
Stratford,Week1,Langley,Week4,318.0 Langley - 84.0 Stratford
Stratford,Week2,Langley,Week2,296.0 Langley - 106.0 Stratford
Stratford,Week4,Lakeview,Week3,243.0 Stratford - 159.0 Lakeview
Stratford,Week5,High Point Pool,Week4,303.0 High Point Pool - 99.0 Stratford
Sully Station,Week2,Cardinal Hill,Week4,204.0 Sully Station - 198.0 Cardinal Hill
Stratford,Week3,Lakeview,Week3,223.0 Stratford - 179.0 Lakeview
Sully Station,Week5,Canterbury Woods,Week1,312.0 Sully Station - 90.0 Canterbury Woods
Stratford,Week1,Langley,Week2,305.0 Langley - 96.0 Stratford
Stratford,Week5,Fairfax Club Estates,Week4,231.0 Fairfax Club Estates - 171.0 Stratford
Sully Station,Week5,Cardinal Hill,Week1,234.0 Sully Station - 168.0 Cardinal Hill
Stratford,Week1,Fairfax Club Estates,Week5,236.5 Fairfax Club Estates - 160.5 Stratford
Sully Station,Week1,Cardinal Hill,Week4,227.0 Sully Station - 175.0 Cardinal Hill
Stratford,Week4,Lakeview,Week4,231.0 Stratford - 171.0 Lakeview
Stratford,Week5,High Point Pool,Week1,287.0 High Point Pool - 115.0 Stratford
Stratford,Week2,Highland Park,Week5,280.0 Highland Park - 122.0 Stratford
Stratford,Week1,Highland Park,Week4,282.0 Highland Park - 120.0 Stratford
Stratford,Week1,Fairfax Station,Week2,307.0 Fairfax Station - 95.0 Stratford
Stratford,Week4,Sleepy Hollow Rec,Week4,253.5 Stratford - 148.5 Sleepy Hollow Rec
Stratford,Week1,Fairfax Station,Week1,298.0 Fairfax Station - 103.0 Stratford
Stratford,Week5,Sleepy Hollow B & R,Week1,252.0 Sleepy Hollow B & R - 150.0 Stratford
Stratford,Week2,Lakeview,Week5,228.0 Stratford - 164.0 Lakeview
Stratford,Week4,High Point Pool,Week4,284.0 High Point Pool - 118.0 Stratford
Sully Station,Week5,Cardinal Hill,Week3,219.0 Sully Station - 183.0 Cardinal Hill
Stratford,Week4,Sleepy Hollow Rec,Week3,211.5 Stratford - 190.5 Sleepy Hollow Rec
Stratford,Week1,Sleepy Hollow Rec,Week2,216.0 Sleepy Hollow Rec - 186.0 Stratford
Stratford,Week1,Fairfax Station,Week3,317.0 Fairfax Station - 85.0 Stratford
Stratford,Week3,Lakeview,Week1,259.0 Stratford - 143.0 Lakeview
Sully Station,Week4,Cardinal Hill,Week5,211.0 Sully Station - 191.0 Cardinal Hill
Stratford,Week1,Highland Park,Week1,290.0 Highland Park - 112.0 Stratford
Stratford,Week1,Highland Park,Week5,284.0 Highland Park - 118.0 Stratford
Stratford,Week4,Fairfax Station,Week3,306.0 Fairfax Station - 96.0 Stratford
Stratford,Week3,Sleepy Hollow Rec,Week3,206.0 Stratford - 196.0 Sleepy Hollow Rec
Stratford,Week5,Fairfax Station,Week3,304.0 Fairfax Station - 98.0 Stratford
Stratford,Week3,Highland Park,Week4,294.0 Highland Park - 108.0 Stratford
Stratford,Week2,Lakeview,Week3,232.0 Stratford - 170.0 Lakeview
Sully Station,Week2,Cardinal Hill,Week2,238.0 Sully Station - 159.0 Cardinal Hill
Stratford,Week4,Highland Park,Week1,273.0 Highland Park - 129.0 Stratford
Stratford,Week5,High Point Pool,Week2,302.0 High Point Pool - 100.0 Stratford
Stratford,Week4,Sleepy Hollow Rec,Week1,243.0 Stratford - 159.0 Sleepy Hollow Rec
Stratford,Week2,Sleepy Hollow Rec,Week2,207.0 Sleepy Hollow Rec - 195.0 Stratford
Sully Station,Week3,Cardinal Hill,Week1,208.5 Cardinal Hill - 193.5 Sully Station
Stratford,Week2,Fairfax Station,Week1,317.0 Fairfax Station - 85.0 Stratford
Stratford,Week5,Sleepy Hollow B & R,Week4,278.5 Sleepy Hollow B & R - 123.5 Stratford
Stratford,Week1,Fairfax Station,Week4,305.0 Fairfax Station - 96.0 Stratford
Stratford,Week5,Langley,Week4,310.0 Langley - 92.0 Stratford
Sully Station,Week3,Cardinal Hill,Week5,223.0 Sully Station - 179.0 Cardinal Hill
Stratford,Week5,Lakeview,Week5,231.0 Stratford - 160.0 Lakeview
Stratford,Week3,Sleepy Hollow Rec,Week1,227.0 Stratford - 175.0 Sleepy Hollow Rec
Sully Station,Week4,Cardinal Hill,Week3,214.0 Cardinal Hill - 188.0 Sully Station
Stratford,Week3,Highland Park,Week1,288.0 Highland Park - 114.0 Stratford
Stratford,Week1,Sleepy Hollow Rec,Week5,222.0 Sleepy Hollow Rec - 180.0 Stratford
Stratford,Week2,Fairfax Station,Week4,313.0 Fairfax Station - 89.0 Stratford
Stratford,Week2,Lakeview,Week4,208.0 Stratford - 194.0 Lakeview
Stratford,Week3,Lakeview,Week5,232.0 Stratford - 160.0 Lakeview
Stratford,Week3,Fairfax Station,Week4,287.0 Fairfax Station - 115.0 Stratford
Stratford,Week3,Sleepy Hollow Rec,Week5,201.0 Sleepy Hollow Rec - 201.0 Stratford
Sully Station,Week1,Cardinal Hill,Week3,213.0 Sully Station - 189.0 Cardinal Hill
Stratford,Week1,Forest Hollow,Week3,280.0 Forest Hollow - 122.0 Stratford
Sully Station,Week5,Canterbury Woods,Week3,296.0 Sully Station - 106.0 Canterbury Woods
Stratford,Week5,Sleepy Hollow Rec,Week1,238.0 Stratford - 164.0 Sleepy Hollow Rec
Stratford,Week2,Laurel Hill,Week4,214.0 Stratford - 187.0 Laurel Hill
Stratford,Week3,Highland Park,Week2,271.5 Highland Park - 130.5 Stratford
Stratford,Week1,South Run,Week1,237.5 South Run - 148.5 Stratford
Stratford,Week4,Highland Park,Week2,262.0 Highland Park - 140.0 Stratford
Stratford,Week4,Highland Park,Week4,257.0 Highland Park - 145.0 Stratford
Stratford,Week5,Sleepy Hollow Rec,Week3,202.0 Sleepy Hollow Rec - 200.0 Stratford
Stratford,Week4,High Point Pool,Week5,283.5 High Point Pool - 118.5 Stratford
Sully Station,Week5,Canterbury Woods,Week2,311.0 Sully Station - 91.0 Canterbury Woods
Stratford,Week1,Laurel Hill,Week3,207.0 Stratford - 190.0 Laurel Hill
Sully Station,Week4,Cardinal Hill,Week4,222.0 Sully Station - 180.0 Cardinal Hill
Stratford,Week1,Forest Hollow,Week5,297.0 Forest Hollow - 105.0 Stratford
Stratford,Week3,Langley,Week3,299.0 Langley - 103.0 Stratford
Stratford,Week3,Forest Hollow,Week2,247.0 Forest Hollow - 155.0 Stratford
Stratford,Week2,Highland Park,Week3,265.0 Highland Park - 137.0 Stratford
Stratford,Week4,Fairfax Station,Week5,309.0 Fairfax Station - 93.0 Stratford
Stratford,Week4,Highland Park,Week5,266.0 Highland Park - 136.0 Stratford
Sully Station,Week4,Cardinal Hill,Week1,203.5 Cardinal Hill - 198.5 Sully Station
Stratford,Week3,Somerset-Olde Creek,Week5,252.0 Stratford - 150.0 Somerset-Olde Creek
Sully Station,Week2,Cardinal Hill,Week1,206.0 Sully Station - 196.0 Cardinal Hill
Sully Station,Week3,Cardinal Hill,Week2,233.0 Sully Station - 169.0 Cardinal Hill
Stratford,Week5,High Point Pool,Week3,295.0 High Point Pool - 106.0 Stratford
Stratford,Week2,Forest Hollow,Week5,297.0 Forest Hollow - 105.0 Stratford
Stratford,Week5,Highland Park,Week1,290.5 Highland Park - 111.5 Stratford
Stratford,Week3,Forest Hollow,Week5,285.0 Forest Hollow - 117.0 Stratford
Stratford,Week1,Forest Hollow,Week2,256.0 Forest Hollow - 141.0 Stratford
Stratford,Week3,Langley,Week2,286.0 Langley - 116.0 Stratford
Stratford,Week1,Laurel Hill,Week5,216.0 Laurel Hill - 176.0 Stratford
Stratford,Week3,Langley,Week5,280.5 Langley - 120.5 Stratford
Stratford,Week2,Laurel Hill,Week1,219.0 Stratford - 182.0 Laurel Hill
Sully Station,Week5,Canterbury Woods,Week5,303.0 Sully Station - 98.0 Canterbury Woods
Sully Station,Week2,Cardinal Hill,Week3,202.5 Sully Station - 199.5 Cardinal Hill
Stratford,Week2,Forest Hollow,Week2,267.0 Forest Hollow - 135.0 Stratford
Stratford,Week2,Forest Hollow,Week4,285.0 Forest Hollow - 117.0 Stratford
Stratford,Week4,Somerset-Olde Creek,Week3,305.0 Stratford - 96.0 Somerset-Olde Creek
Stratford,Week5,Langley,Week1,313.0 Langley - 89.0 Stratford
Stratford,Week5,Highland Park,Week4,283.0 Highland Park - 119.0 Stratford
Stratford,Week1,South Run,Week2,223.0 South Run - 173.0 Stratford
Stratford,Week4,Langley,Week4,294.0 Langley - 108.0 Stratford
Stratford,Week4,Somerset-Olde Creek,Week2,303.0 Stratford - 99.0 Somerset-Olde Creek
Stratford,Week1,South Run,Week5,252.0 South Run - 150.0 Stratford
Sully Station,Week3,Cardinal Hill,Week4,221.0 Sully Station - 181.0 Cardinal Hill
Stratford,Week3,Somerset-Olde Creek,Week3,289.0 Stratford - 113.0 Somerset-Olde Creek
Stratford,Week4,Langley,Week1,301.0 Langley - 101.0 Stratford
Stratford,Week4,Somerset-Olde Creek,Week4,287.5 Stratford - 114.5 Somerset-Olde Creek
Stratford,Week5,Fairfax Station,Week5,322.0 Fairfax Station - 80.0 Stratford
Stratford,Week2,Fairfax Station,Week5,330.0 Fairfax Station - 72.0 Stratford
Stratford,Week5,Langley,Week2,291.0 Langley - 111.0 Stratford
Stratford,Week4,Somerset-Olde Creek,Week5,269.5 Stratford - 131.5 Somerset-Olde Creek
Stratford,Week2,Highlands Swim,Week3,336.0 Highlands Swim - 66.0 Stratford
Sully Station,Week5,Cardinal Hill,Week5,239.0 Sully Station - 163.0 Cardinal Hill
Stratford,Week3,Forest Hollow,Week3,266.0 Forest Hollow - 136.0 Stratford
Stratford,Week2,Laurel Hill,Week3,202.0 Stratford - 199.0 Laurel Hill
Sully Station,Week1,Chesterbrook,Week2,281.0 Chesterbrook - 121.0 Sully Station
Stratford,Week3,Somerset-Olde Creek,Week4,274.0 Stratford - 128.0 Somerset-Olde Creek
Stratford,Week5,Highlands Swim,Week5,351.5 Highlands Swim - 50.5 Stratford
Sully Station,Week5,Cardinal Hill,Week2,262.0 Sully Station - 140.0 Cardinal Hill
Stratford,Week2,Langley,Week5,304.0 Langley - 97.0 Stratford
Stratford,Week5,Highland Park,Week5,292.0 Highland Park - 110.0 Stratford
Sully Station,Week1,Chesterbrook,Week3,298.0 Chesterbrook - 104.0 Sully Station
Stratford,Week1,Highlands Swim,Week3,351.0 Highlands Swim - 51.0 Stratford
Stratford,Week5,Langley,Week5,300.0 Langley - 101.0 Stratford
Stratford,Week5,Somerset-Olde Creek,Week2,296.0 Stratford - 104.0 Somerset-Olde Creek
Sully Station,Week4,Cardinal Hill,Week2,226.0 Sully Station - 176.0 Cardinal Hill
Stratford,Week4,Forest Hollow,Week1,247.0 Forest Hollow - 155.0 Stratford
Stratford,Week1,Hollin Hills,Week3,235.0 Stratford - 167.0 Hollin Hills
Sully Station,Week2,Chesterbrook,Week5,302.0 Chesterbrook - 100.0 Sully Station
Stratford,Week4,Fairfax Station,Week1,286.0 Fairfax Station - 116.0 Stratford
Stratford,Week2,Somerset-Olde Creek,Week2,291.0 Stratford - 106.0 Somerset-Olde Creek
Stratford,Week5,Fairfax Station,Week1,295.0 Fairfax Station - 107.0 Stratford
Sully Station,Week2,Chesterbrook,Week1,299.0 Chesterbrook - 103.0 Sully Station
Stratford,Week3,Langley,Week1,302.0 Langley - 100.0 Stratford
Stratford,Week1,Hollin Hills,Week1,252.0 Stratford - 149.0 Hollin Hills
Stratford,Week3,Fairfax Station,Week3,309.0 Fairfax Station - 93.0 Stratford
Stratford,Week2,Highlands Swim,Week2,346.0 Highlands Swim - 56.0 Stratford
Stratford,Week3,Highlands Swim,Week1,335.0 Highlands Swim - 67.0 Stratford
Stratford,Week1,Somerset-Olde Creek,Week4,244.0 Stratford - 157.0 Somerset-Olde Creek
Stratford,Week4,Langley,Week2,276.0 Langley - 126.0 Stratford
Stratford,Week4,Highlands Swim,Week4,316.0 Highlands Swim - 86.0 Stratford
Stratford,Week4,Langley,Week5,272.0 Langley - 130.0 Stratford
Sully Station,Week2,Chesterbrook,Week2,302.0 Chesterbrook - 100.0 Sully Station
Stratford,Week1,Lee Graham,Week1,327.0 Lee Graham - 75.0 Stratford
Stratford,Week1,Somerset-Olde Creek,Week3,261.0 Stratford - 128.0 Somerset-Olde Creek
Sully Station,Week3,Chesterbrook,Week3,313.0 Chesterbrook - 89.0 Sully Station
Sully Station,Week3,Chesterbrook,Week2,298.0 Chesterbrook - 104.0 Sully Station
Stratford,Week2,Somerset-Olde Creek,Week4,260.0 Stratford - 142.0 Somerset-Olde Creek
Stratford,Week4,Langley,Week3,292.0 Langley - 110.0 Stratford
Stratford,Week1,Somerset-Olde Creek,Week2,269.0 Stratford - 125.0 Somerset-Olde Creek
Stratford,Week5,Fairfax Station,Week2,297.0 Fairfax Station - 105.0 Stratford
Sully Station,Week1,Chesterbrook,Week4,291.0 Chesterbrook - 111.0 Sully Station
Stratford,Week3,Somerset-Olde Creek,Week2,292.0 Stratford - 110.0 Somerset-Olde Creek
Stratford,Week5,Somerset-Olde Creek,Week3,301.0 Stratford - 95.0 Somerset-Olde Creek
Stratford,Week3,Highlands Swim,Week2,336.0 Highlands Swim - 66.0 Stratford
Stratford,Week5,Langley,Week3,312.0 Langley - 90.0 Stratford
Stratford,Week2,Fairfax Station,Week2,317.0 Fairfax Station - 85.0 Stratford
Stratford,Week3,Highlands Swim,Week4,321.0 Highlands Swim - 81.0 Stratford
Stratford,Week3,Fairfax Station,Week1,294.0 Fairfax Station - 108.0 Stratford
Stratford,Week4,Fairfax Station,Week2,294.0 Fairfax Station - 108.0 Stratford
Stratford,Week1,Somerset-Olde Creek,Week5,229.5 Stratford - 170.5 Somerset-Olde Creek
Stratford,Week3,Langley,Week4,302.0 Langley - 100.0 Stratford
Stratford,Week1,Highlands Swim,Week2,344.0 Highlands Swim - 57.0 Stratford
Stratford,Week1,Fairfax Station,Week5,328.0 Fairfax Station - 74.0 Stratford
Sully Station,Week2,Chesterbrook,Week4,294.0 Chesterbrook - 108.0 Sully Station
Stratford,Week2,Somerset-Olde Creek,Week1,269.0 Stratford - 128.0 Somerset-Olde Creek
Stratford,Week1,Forest Hollow,Week1,268.0 Forest Hollow - 134.0 Stratford
Stratford,Week3,Fairfax Station,Week2,300.0 Fairfax Station - 102.0 Stratford
Sully Station,Week4,Chesterbrook,Week5,309.0 Chesterbrook - 93.0 Sully Station
Stratford,Week5,Highlands Swim,Week1,339.0 Highlands Swim - 63.0 Stratford
Stratford,Week2,Highlands Swim,Week4,328.5 Highlands Swim - 73.5 Stratford
Stratford,Week1,Highlands Swim,Week5,357.0 Highlands Swim - 45.0 Stratford
Stratford,Week3,Laurel Hill,Week4,225.0 Stratford - 176.0 Laurel Hill
Stratford,Week3,Laurel Hill,Week1,235.0 Stratford - 166.0 Laurel Hill
Stratford,Week2,Langley,Week4,304.0 Langley - 98.0 Stratford
Stratford,Week4,Highlands Swim,Week5,336.0 Highlands Swim - 66.0 Stratford
Stratford,Week2,Fairfax Station,Week3,325.0 Fairfax Station - 77.0 Stratford
Stratford,Week3,Fairfax Station,Week5,317.0 Fairfax Station - 85.0 Stratford
Sully Station,Week3,Chesterbrook,Week5,301.0 Chesterbrook - 101.0 Sully Station
Stratford,Week4,Fairfax Station,Week4,283.0 Fairfax Station - 119.0 Stratford
Stratford,Week1,Laurel Hill,Week1,201.0 Stratford - 196.0 Laurel Hill
Sully Station,Week3,Chesterbrook,Week1,291.0 Chesterbrook - 111.0 Sully Station
Stratford,Week3,Somerset-Olde Creek,Week1,276.0 Stratford - 126.0 Somerset-Olde Creek
Stratford,Week4,Highlands Swim,Week1,316.0 Highlands Swim - 86.0 Stratford
Sully Station,Week4,Chesterbrook,Week1,302.0 Chesterbrook - 100.0 Sully Station
Stratford,Week2,Somerset-Olde Creek,Week5,251.0 Stratford - 151.0 Somerset-Olde Creek
Sully Station,Week4,Chesterbrook,Week4,303.0 Chesterbrook - 99.0 Sully Station
Stratford,Week4,Somerset-Olde Creek,Week1,299.0 Stratford - 102.0 Somerset-Olde Creek
Stratford,Week2,Forest Hollow,Week1,265.0 Forest Hollow - 137.0 Stratford
Stratford,Week5,Somerset-Olde Creek,Week1,286.0 Stratford - 114.0 Somerset-Olde Creek
Stratford,Week2,Highlands Swim,Week1,339.0 Highlands Swim - 63.0 Stratford
Stratford,Week3,Highlands Swim,Week3,328.0 Highlands Swim - 74.0 Stratford
Sully Station,Week4,Chesterbrook,Week2,300.0 Chesterbrook - 102.0 Sully Station
Stratford,Week5,Somerset-Olde Creek,Week4,281.0 Stratford - 120.0 Somerset-Olde Creek
Stratford,Week5,Fairfax Station,Week4,290.0 Fairfax Station - 112.0 Stratford
Sully Station,Week5,Chesterbrook,Week1,279.0 Chesterbrook - 123.0 Sully Station
Stratford,Week5,Somerset-Olde Creek,Week5,277.0 Stratford - 123.0 Somerset-Olde Creek
Stratford,Week1,Laurel Hill,Week2,215.0 Stratford - 177.0 Laurel Hill
Stratford,Week2,Somerset-Olde Creek,Week3,281.0 Stratford - 116.0 Somerset-Olde Creek
Stratford,Week4,Highlands Swim,Week2,332.0 Highlands Swim - 70.0 Stratford
Stratford,Week1,Forest Hollow,Week4,289.0 Forest Hollow - 113.0 Stratford
Stratford,Week2,Laurel Hill,Week2,240.0 Stratford - 161.0 Laurel Hill
Sully Station,Week4,Chesterbrook,Week3,322.0 Chesterbrook - 80.0 Sully Station
Stratford,Week3,Laurel Hill,Week3,223.0 Stratford - 178.0 Laurel Hill
Stratford,Week1,Laurel Hill,Week4,204.0 Laurel Hill - 192.0 Stratford
Stratford,Week3,Forest Hollow,Week1,253.0 Forest Hollow - 149.0 Stratford
Sully Station,Week5,Chesterbrook,Week2,275.0 Chesterbrook - 127.0 Sully Station
Stratford,Week3,Forest Hollow,Week4,272.0 Forest Hollow - 130.0 Stratford
Stratford,Week4,Laurel Hill,Week3,232.5 Stratford - 169.5 Laurel Hill
Stratford,Week2,Fox Hunt,Week1,247.5 Fox Hunt - 154.5 Stratford
Stratford,Week3,Highlands Swim,Week5,337.0 Highlands Swim - 65.0 Stratford
Stratford,Week3,Laurel Hill,Week5,206.0 Laurel Hill - 195.0 Stratford
Sully Station,Week2,Chesterbrook,Week3,309.0 Chesterbrook - 93.0 Sully Station
Stratford,Week4,South Run,Week4,211.0 South Run - 191.0 Stratford
Stratford,Week1,South Run,Week3,240.0 South Run - 161.0 Stratford
Stratford,Week4,Highlands Swim,Week3,323.0 Highlands Swim - 79.0 Stratford
Stratford,Week1,South Run,Week4,230.5 South Run - 169.5 Stratford
Stratford,Week1,Highlands Swim,Week1,338.0 Highlands Swim - 64.0 Stratford
Stratford,Week3,Laurel Hill,Week2,246.0 Stratford - 155.0 Laurel Hill
Stratford,Week4,Laurel Hill,Week4,239.0 Stratford - 163.0 Laurel Hill
Stratford,Week1,Highlands Swim,Week4,351.0 Highlands Swim - 51.0 Stratford
Stratford,Week5,South Run,Week3,218.0 South Run - 184.0 Stratford
Stratford,Week2,Springboard,Week1,218.0 Stratford - 183.0 Springboard
Stratford,Week1,Fox Hunt,Week5,280.0 Fox Hunt - 122.0 Stratford
Stratford,Week2,Forest Hollow,Week3,278.0 Forest Hollow - 124.0 Stratford
Sully Station,Week3,Chesterbrook,Week4,299.0 Chesterbrook - 103.0 Sully Station
Stratford,Week2,Highlands Swim,Week5,346.0 Highlands Swim - 56.0 Stratford
Stratford,Week4,Laurel Hill,Week2,262.0 Stratford - 139.0 Laurel Hill
Stratford,Week3,Fox Hunt,Week3,255.0 Fox Hunt - 147.0 Stratford
Stratford,Week4,Laurel Hill,Week1,241.0 Stratford - 161.0 Laurel Hill
Stratford,Week5,Highlands Swim,Week3,341.0 Highlands Swim - 61.0 Stratford
Stratford,Week2,Springboard,Week5,204.0 Stratford - 197.0 Springboard
Stratford,Week5,Highlands Swim,Week4,336.0 Highlands Swim - 66.0 Stratford
Stratford,Week3,South Run,Week5,243.0 South Run - 159.0 Stratford
Stratford,Week4,Laurel Hill,Week5,215.0 Stratford - 187.0 Laurel Hill
Stratford,Week5,Laurel Hill,Week2,258.0 Stratford - 142.0 Laurel Hill
Stratford,Week2,Fox Hunt,Week3,266.0 Fox Hunt - 136.0 Stratford
Stratford,Week5,Highlands Swim,Week2,339.0 Highlands Swim - 63.0 Stratford
Stratford,Week2,Fox Hunt,Week5,279.0 Fox Hunt - 123.0 Stratford
Stratford,Week5,South Run,Week4,207.0 South Run - 190.0 Stratford
Stratford,Week5,Laurel Hill,Week1,244.0 Stratford - 152.0 Laurel Hill
Stratford,Week1,Springboard,Week2,228.0 Stratford - 170.0 Springboard
Stratford,Week3,Fox Hunt,Week4,247.0 Fox Hunt - 155.0 Stratford
Stratford,Week1,Hollin Hills,Week2,250.0 Stratford - 149.0 Hollin Hills
Stratford,Week5,South Run,Week1,222.0 South Run - 171.0 Stratford
Stratford,Week1,Fox Hunt,Week4,258.0 Fox Hunt - 144.0 Stratford
Stratford,Week5,Laurel Hill,Week5,209.0 Stratford - 191.0 Laurel Hill
Stratford,Week2,Hollin Meadows,Week2,268.0 Hollin Meadows - 134.0 Stratford
Stratford,Week4,South Run,Week1,216.0 South Run - 177.0 Stratford
Stratford,Week2,South Run,Week2,216.0 South Run - 185.0 Stratford
Stratford,Week2,Hollin Hills,Week2,252.0 Stratford - 150.0 Hollin Hills
Stratford,Week3,South Run,Week1,229.0 South Run - 164.0 Stratford
Stratford,Week5,Laurel Hill,Week4,233.0 Stratford - 168.0 Laurel Hill
Stratford,Week4,Fox Hunt,Week1,217.0 Fox Hunt - 185.0 Stratford
Sully Station,Week5,Fairfax Station,Week1,232.0 Sully Station - 170.0 Fairfax Station
Stratford,Week1,Lee Graham,Week4,332.0 Lee Graham - 70.0 Stratford
Stratford,Week1,Hollin Meadows,Week3,271.0 Hollin Meadows - 131.0 Stratford
Stratford,Week3,Hollin Hills,Week5,249.0 Stratford - 153.0 Hollin Hills
Sully Station,Week5,Fairfax Station,Week5,207.0 Fairfax Station - 195.0 Sully Station
Stratford,Week2,Laurel Hill,Week5,207.0 Laurel Hill - 194.0 Stratford
Stratford,Week1,Hollin Meadows,Week4,269.0 Hollin Meadows - 133.0 Stratford
Stratford,Week5,Forest Hollow,Week1,256.0 Forest Hollow - 146.0 Stratford
Stratford,Week5,Forest Hollow,Week5,283.0 Forest Hollow - 119.0 Stratford
Stratford,Week3,South Run,Week2,209.0 South Run - 193.0 Stratford
Stratford,Week5,Laurel Hill,Week3,224.0 Stratford - 177.0 Laurel Hill
Stratford,Week3,Fox Hunt,Week1,237.0 Fox Hunt - 165.0 Stratford
Sully Station,Week3,Fairfax Station,Week1,206.0 Sully Station - 196.0 Fairfax Station
Stratford,Week2,Fox Hunt,Week2,256.0 Fox Hunt - 146.0 Stratford
Stratford,Week2,Lee Graham,Week5,326.0 Lee Graham - 76.0 Stratford
Springfield,Week2,Holmes Run Acres,Week2,339.0 Holmes Run Acres - 47.0 Springfield
Stratford,Week1,Fox Hunt,Week1,244.0 Fox Hunt - 158.0 Stratford
Stratford,Week3,Fox Hunt,Week5,260.0 Fox Hunt - 142.0 Stratford
Springfield,Week1,Holmes Run Acres,Week2,339.0 Holmes Run Acres - 52.0 Springfield
Springfield,Week2,Holmes Run Acres,Week1,347.0 Holmes Run Acres - 47.0 Springfield
Stratford,Week1,Springboard,Week1,214.0 Springboard - 184.0 Stratford
Stratford,Week3,Hollin Hills,Week2,262.0 Stratford - 140.0 Hollin Hills
Stratford,Week1,Hollin Meadows,Week1,288.0 Hollin Meadows - 114.0 Stratford
Stratford,Week4,South Run,Week5,223.0 South Run - 179.0 Stratford
Stratford,Week4,Fox Hunt,Week2,235.0 Fox Hunt - 167.0 Stratford
Stratford,Week1,Lee Graham,Week5,331.0 Lee Graham - 71.0 Stratford
Stratford,Week4,Hollin Hills,Week3,278.0 Stratford - 124.0 Hollin Hills
Stratford,Week3,Hollin Meadows,Week1,274.0 Hollin Meadows - 128.0 Stratford
Stratford,Week3,Lee Graham,Week3,326.0 Lee Graham - 76.0 Stratford
Stratford,Week5,South Run,Week5,234.0 South Run - 168.0 Stratford
Springfield,Week2,Hollin Meadows,Week5,365.0 Hollin Meadows - 34.0 Springfield
Sully Station,Week4,Fairfax Station,Week4,209.0 Fairfax Station - 193.0 Sully Station
Sully Station,Week3,Fairfax Station,Week4,224.5 Fairfax Station - 177.5 Sully Station
Sully Station,Week3,Fairfax Station,Week2,213.0 Fairfax Station - 189.0 Sully Station
Stratford,Week2,Lee Graham,Week1,325.5 Lee Graham - 76.5 Stratford
Stratford,Week2,South Run,Week3,234.0 South Run - 168.0 Stratford
Stratford,Week2,Hollin Hills,Week4,257.0 Stratford - 144.0 Hollin Hills
Stratford,Week4,South Run,Week3,203.0 Stratford - 199.0 South Run
Stratford,Week3,Lee Graham,Week1,318.0 Lee Graham - 84.0 Stratford
Stratford,Week1,Springboard,Week5,212.5 Springboard - 185.5 Stratford
Stratford,Week4,Fox Hunt,Week3,236.0 Fox Hunt - 166.0 Stratford
Stratford,Week3,Lee Graham,Week4,326.0 Lee Graham - 76.0 Stratford
Stratford,Week2,Lee Graham,Week2,332.0 Lee Graham - 70.0 Stratford
Stratford,Week3,Hollin Meadows,Week3,258.0 Hollin Meadows - 144.0 Stratford
Stratford,Week4,Hollin Hills,Week4,277.0 Stratford - 124.0 Hollin Hills
Stratford,Week4,Forest Hollow,Week4,254.0 Forest Hollow - 148.0 Stratford
Sully Station,Week2,Fairfax Station,Week3,227.0 Fairfax Station - 175.0 Sully Station
Springfield,Week3,Hollin Meadows,Week4,357.0 Hollin Meadows - 45.0 Springfield
Stratford,Week4,South Run,Week2,202.0 Stratford - 200.0 South Run
Springfield,Week3,Hollin Meadows,Week5,361.0 Hollin Meadows - 38.0 Springfield
Sully Station,Week4,Fairfax Station,Week2,219.0 Fairfax Station - 183.0 Sully Station
Springfield,Week2,Holmes Run Acres,Week3,367.0 Holmes Run Acres - 29.0 Springfield
Stratford,Week1,Fox Hunt,Week2,258.0 Fox Hunt - 144.0 Stratford
Springfield,Week4,Hollin Meadows,Week4,358.0 Hollin Meadows - 44.0 Springfield
Stratford,Week1,Fox Hunt,Week3,257.0 Fox Hunt - 140.0 Stratford
Stratford,Week1,Lee Graham,Week3,328.0 Lee Graham - 73.0 Stratford
Stratford,Week2,Springboard,Week2,239.0 Stratford - 157.0 Springboard
Springfield,Week2,Hollin Meadows,Week4,360.0 Hollin Meadows - 42.0 Springfield
Stratford,Week2,Hollin Hills,Week1,263.0 Stratford - 139.0 Hollin Hills
Stratford,Week4,Lee Graham,Week1,312.0 Lee Graham - 90.0 Stratford
Stratford,Week3,South Run,Week4,224.0 South Run - 178.0 Stratford
Stratford,Week1,Lee Graham,Week2,336.0 Lee Graham - 66.0 Stratford
Stratford,Week2,Hollin Hills,Week5,235.0 Stratford - 162.0 Hollin Hills
Stratford,Week3,Hollin Hills,Week3,266.0 Stratford - 136.0 Hollin Hills
Stratford,Week4,Hollin Hills,Week1,287.0 Stratford - 115.0 Hollin Hills
Stratford,Week5,South Run,Week2,204.0 Stratford - 198.0 South Run
Stratford,Week4,Lee Graham,Week2,330.0 Lee Graham - 72.0 Stratford
Stratford,Week1,Springboard,Week4,212.0 Springboard - 184.0 Stratford
Stratford,Week4,Lee Graham,Week3,324.0 Lee Graham - 78.0 Stratford
Stratford,Week2,Fox Hunt,Week4,258.0 Fox Hunt - 144.0 Stratford
Springfield,Week1,Holmes Run Acres,Week4,353.0 Holmes Run Acres - 44.0 Springfield
Stratford,Week3,Fox Hunt,Week2,246.0 Fox Hunt - 156.0 Stratford
Stratford,Week5,Forest Hollow,Week2,250.0 Forest Hollow - 152.0 Stratford
Sully Station,Week2,Fairfax Station,Week2,202.0 Sully Station - 200.0 Fairfax Station
Sully Station,Week3,Fairfax Station,Week3,227.0 Fairfax Station - 175.0 Sully Station
Stratford,Week1,Springboard,Week3,218.0 Springboard - 179.0 Stratford
Stratford,Week3,Cardinal Hill,Week1,311.0 Cardinal Hill - 91.0 Stratford
Stratford,Week3,Lee Graham,Week2,334.0 Lee Graham - 68.0 Stratford
Stratford,Week5,Hollin Hills,Week4,270.0 Stratford - 131.0 Hollin Hills
Sully Station,Week4,Fairfax Station,Week5,230.0 Fairfax Station - 172.0 Sully Station
Sully Station,Week5,Fairfax Station,Week3,207.0 Sully Station - 195.0 Fairfax Station
Stratford,Week1,Hollin Hills,Week4,244.0 Stratford - 156.0 Hollin Hills
Springfield,Week4,Hollin Meadows,Week3,359.0 Hollin Meadows - 39.0 Springfield
Stratford,Week4,Lee Graham,Week4,321.0 Lee Graham - 81.0 Stratford
Stratford,Week5,Forest Hollow,Week4,285.0 Forest Hollow - 117.0 Stratford
Stratford,Week4,Forest Hollow,Week2,241.0 Forest Hollow - 161.0 Stratford
Stratford,Week2,Springboard,Week4,216.0 Stratford - 181.0 Springboard
Springfield,Week4,Hollin Meadows,Week1,356.0 Hollin Meadows - 46.0 Springfield
Stratford,Week2,South Run,Week1,219.0 South Run - 174.0 Stratford
Stratford,Week2,Hollin Hills,Week3,255.0 Stratford - 147.0 Hollin Hills
Springfield,Week4,Hollin Meadows,Week5,358.0 Hollin Meadows - 42.0 Springfield
Stratford,Week5,Forest Hollow,Week3,276.0 Forest Hollow - 126.0 Stratford
Stratford,Week2,South Run,Week5,251.0 South Run - 151.0 Stratford
Stratford,Week4,Hollin Hills,Week5,268.0 Stratford - 133.0 Hollin Hills
Stratford,Week2,South Run,Week4,216.0 South Run - 185.0 Stratford
Springfield,Week5,Hollin Meadows,Week3,364.0 Hollin Meadows - 34.0 Springfield
Stratford,Week4,Forest Hollow,Week5,262.0 Forest Hollow - 140.0 Stratford
Stratford,Week3,Lee Graham,Week5,318.0 Lee Graham - 84.0 Stratford
Springfield,Week5,Hollin Meadows,Week2,354.0 Hollin Meadows - 40.0 Springfield
Stratford,Week2,Lee Graham,Week4,325.0 Lee Graham - 77.0 Stratford
Stratford,Week3,Hollin Hills,Week1,271.0 Stratford - 131.0 Hollin Hills
Stratford,Week5,Hollin Hills,Week3,271.0 Stratford - 130.0 Hollin Hills
Stratford,Week4,Lee Graham,Week5,325.0 Lee Graham - 77.0 Stratford
Sully Station,Week4,Fairfax Station,Week1,207.0 Fairfax Station - 195.0 Sully Station
Stratford,Week3,South Run,Week3,224.0 South Run - 178.0 Stratford
Stratford,Week5,Lee Graham,Week1,321.0 Lee Graham - 81.0 Stratford
Stratford,Week4,Forest Hollow,Week3,252.0 Forest Hollow - 150.0 Stratford
Stratford,Week3,Hollin Hills,Week4,262.0 Stratford - 139.0 Hollin Hills
Stratford,Week2,Springboard,Week3,209.0 Stratford - 192.0 Springboard
Springfield,Week1,Holmes Run Acres,Week1,338.0 Holmes Run Acres - 58.0 Springfield
Springfield,Week3,Hollin Meadows,Week2,341.5 Hollin Meadows - 54.5 Springfield
Stratford,Week5,Lee Graham,Week2,327.0 Lee Graham - 75.0 Stratford
Stratford,Week3,Cardinal Hill,Week5,294.0 Cardinal Hill - 108.0 Stratford
Stratford,Week3,Cardinal Hill,Week3,315.0 Cardinal Hill - 87.0 Stratford
Sully Station,Week5,Fairfax Station,Week2,220.0 Sully Station - 182.0 Fairfax Station
Stratford,Week2,Lee Graham,Week3,333.0 Lee Graham - 69.0 Stratford
Stratford,Week5,Canterbury Woods,Week4,210.0 Canterbury Woods - 192.0 Stratford
Springfield,Week5,Hollin Meadows,Week4,359.0 Hollin Meadows - 43.0 Springfield
Sully Station,Week2,Fairfax Station,Week4,223.0 Fairfax Station - 179.0 Sully Station
Stratford,Week2,Lincolnia Park,Week4,255.0 Stratford - 142.0 Lincolnia Park
Springfield,Week1,Holmes Run Acres,Week3,363.0 Holmes Run Acres - 35.0 Springfield
Stratford,Week1,Hollin Meadows,Week2,264.5 Hollin Meadows - 137.5 Stratford
Stratford,Week4,Cardinal Hill,Week3,305.0 Cardinal Hill - 97.0 Stratford
Stratford,Week5,Hollin Hills,Week2,280.0 Stratford - 118.0 Hollin Hills
Stratford,Week3,Springboard,Week2,255.0 Stratford - 146.0 Springboard
Stratford,Week4,Canterbury Woods,Week4,204.0 Canterbury Woods - 198.0 Stratford
Stratford,Week3,Springboard,Week1,234.0 Stratford - 167.0 Springboard
Stratford,Week5,Hollin Hills,Week1,274.0 Stratford - 127.0 Hollin Hills
Springfield,Week5,Hollin Meadows,Week1,368.0 Hollin Meadows - 33.0 Springfield
Sully Station,Week5,Fairfax Station,Week4,217.0 Sully Station - 185.0 Fairfax Station
Stratford,Week5,Lincolnia Park,Week3,251.5 Stratford - 137.5 Lincolnia Park
Stratford,Week4,Lincolnia Park,Week2,273.0 Stratford - 120.0 Lincolnia Park
Stratford,Week5,Hollin Hills,Week5,255.0 Stratford - 143.0 Hollin Hills
Stratford,Week3,Springboard,Week3,225.0 Stratford - 176.0 Springboard
Springfield,Week3,Hollin Meadows,Week3,355.0 Hollin Meadows - 45.0 Springfield
Stratford,Week4,Canterbury Woods,Week2,227.0 Stratford - 175.0 Canterbury Woods
Sully Station,Week2,Fairfax Station,Week5,238.0 Fairfax Station - 164.0 Sully Station
Stratford,Week5,Lincolnia Park,Week4,270.0 Stratford - 126.0 Lincolnia Park
Stratford,Week2,Springfield,Week3,332.0 Stratford - 59.0 Springfield
Stratford,Week1,Hollin Meadows,Week5,289.0 Hollin Meadows - 113.0 Stratford
Springfield,Week2,Hollin Meadows,Week3,359.0 Hollin Meadows - 39.0 Springfield
Springfield,Week4,Hollin Meadows,Week2,341.0 Hollin Meadows - 54.0 Springfield
Sully Station,Week4,Fairfax Station,Week3,222.5 Fairfax Station - 179.5 Sully Station
Stratford,Week4,Hollin Hills,Week2,280.0 Stratford - 120.0 Hollin Hills
Stratford,Week1,Hollin Hills,Week5,230.0 Stratford - 172.0 Hollin Hills
Stratford,Week3,Springboard,Week4,225.0 Stratford - 177.0 Springboard
Stratford,Week2,Lincolnia Park,Week2,254.0 Stratford - 134.0 Lincolnia Park
Stratford,Week1,Cardinal Hill,Week2,284.0 Cardinal Hill - 118.0 Stratford
Springfield,Week1,Holmes Run Acres,Week5,370.0 Holmes Run Acres - 26.0 Springfield
Sully Station,Week3,Fairfax Station,Week5,242.0 Fairfax Station - 160.0 Sully Station
Stratford,Week3,Springboard,Week5,233.0 Stratford - 168.0 Springboard
Stratford,Week2,Hollin Meadows,Week4,284.0 Hollin Meadows - 118.0 Stratford
Stratford,Week5,Lee Graham,Week4,325.0 Lee Graham - 77.0 Stratford
Stratford,Week4,Springfield,Week1,326.0 Stratford - 73.0 Springfield
Stratford,Week3,Springfield,Week3,331.0 Stratford - 65.0 Springfield
Stratford,Week5,Canterbury Woods,Week5,202.0 Canterbury Woods - 199.0 Stratford
Stratford,Week1,Cardinal Hill,Week1,315.0 Cardinal Hill - 87.0 Stratford
Springfield,Week2,Greenbriar,Week5,358.0 Greenbriar - 34.0 Springfield
Stratford,Week4,Canterbury Woods,Week5,202.0 Stratford - 199.0 Canterbury Woods
Stratford,Week3,Springfield,Week1,319.0 Stratford - 78.0 Springfield
Stratford,Week2,Hollin Meadows,Week5,292.0 Hollin Meadows - 110.0 Stratford
Springfield,Week1,Greenbriar,Week5,361.0 Greenbriar - 29.0 Springfield
Stratford,Week3,Canterbury Woods,Week4,215.0 Canterbury Woods - 187.0 Stratford
Stratford,Week3,Springfield,Week4,318.0 Stratford - 80.0 Springfield
Stratford,Week3,Lincolnia Park,Week5,233.0 Stratford - 160.0 Lincolnia Park
Stratford,Week2,Hollin Meadows,Week1,288.0 Hollin Meadows - 114.0 Stratford
Stratford,Week2,Hollin Meadows,Week3,283.0 Hollin Meadows - 119.0 Stratford
Stratford,Week1,Lincolnia Park,Week4,237.0 Stratford - 158.0 Lincolnia Park
Springfield,Week3,Hollin Meadows,Week1,363.0 Hollin Meadows - 37.0 Springfield
Stratford,Week2,Cardinal Hill,Week2,285.0 Cardinal Hill - 112.0 Stratford
Stratford,Week3,Lincolnia Park,Week4,276.0 Stratford - 126.0 Lincolnia Park
Stratford,Week5,Lee Graham,Week5,323.0 Lee Graham - 79.0 Stratford
Stratford,Week4,Springfield,Week2,348.0 Stratford - 52.0 Springfield
Springfield,Week5,Hollin Meadows,Week5,371.0 Hollin Meadows - 26.0 Springfield
Springfield,Week3,Greenbriar,Week2,368.0 Greenbriar - 28.0 Springfield
Stratford,Week5,Hollin Meadows,Week3,263.0 Hollin Meadows - 139.0 Stratford
Stratford,Week3,Springfield,Week5,339.0 Stratford - 58.0 Springfield
Stratford,Week3,Lincolnia Park,Week2,256.0 Stratford - 137.0 Lincolnia Park
Stratford,Week2,Lincolnia Park,Week3,231.0 Stratford - 157.0 Lincolnia Park
Springfield,Week1,Greenbriar,Week4,358.0 Greenbriar - 42.0 Springfield
Stratford,Week2,Holmes Run Acres,Week3,294.0 Holmes Run Acres - 108.0 Stratford
Stratford,Week3,Springfield,Week2,333.0 Stratford - 64.0 Springfield
Stratford,Week5,Canterbury Woods,Week3,207.0 Canterbury Woods - 195.0 Stratford
Stratford,Week3,Hollin Meadows,Week5,278.0 Hollin Meadows - 124.0 Stratford
Springfield,Week3,Greenbriar,Week3,375.0 Greenbriar - 23.0 Springfield
Stratford,Week4,Canterbury Woods,Week3,210.0 Canterbury Woods - 192.0 Stratford
Stratford,Week1,Springfield,Week1,297.0 Stratford - 78.0 Springfield
Stratford,Week1,Cardinal Hill,Week3,318.0 Cardinal Hill - 84.0 Stratford
Springfield,Week5,Great Falls,Week5,337.0 Great Falls - 34.0 Springfield
Stratford,Week1,Lincolnia Park,Week5,221.0 Stratford - 171.0 Lincolnia Park
Springfield,Week3,Greenbriar,Week5,357.0 Greenbriar - 34.0 Springfield
Stratford,Week5,Hollin Meadows,Week5,275.5 Hollin Meadows - 126.5 Stratford
Stratford,Week5,Springboard,Week1,225.0 Stratford - 174.0 Springboard
Springfield,Week5,Greenbriar,Week2,375.0 Greenbriar - 26.0 Springfield
Stratford,Week2,Springfield,Week5,339.0 Stratford - 53.0 Springfield
Stratford,Week2,Lincolnia Park,Week1,262.0 Stratford - 135.0 Lincolnia Park
Stratford,Week5,Canterbury Woods,Week1,212.0 Stratford - 190.0 Canterbury Woods
Stratford,Week3,Lincolnia Park,Week3,237.0 Stratford - 156.0 Lincolnia Park
Stratford,Week5,Springfield,Week4,325.5 Stratford - 66.5 Springfield
Stratford,Week3,Lincolnia Park,Week1,279.0 Stratford - 123.0 Lincolnia Park
Stratford,Week3,Hollin Meadows,Week2,261.0 Hollin Meadows - 141.0 Stratford
Stratford,Week2,Cardinal Hill,Week1,324.0 Cardinal Hill - 78.0 Stratford
Stratford,Week2,Lincolnia Park,Week5,233.0 Stratford - 160.0 Lincolnia Park
Stratford,Week4,Hollin Meadows,Week3,264.0 Hollin Meadows - 138.0 Stratford
Stratford,Week5,Canterbury Woods,Week2,217.0 Stratford - 180.0 Canterbury Woods
Stratford,Week4,Holmes Run Acres,Week2,223.0 Holmes Run Acres - 179.0 Stratford
Stratford,Week5,Hollin Meadows,Week2,261.0 Hollin Meadows - 141.0 Stratford
Stratford,Week3,Canterbury Woods,Week5,206.0 Canterbury Woods - 195.0 Stratford
Springfield,Week4,Greenbriar,Week5,354.0 Greenbriar - 39.0 Springfield
Stratford,Week1,Springfield,Week3,306.0 Stratford - 66.0 Springfield
Springfield,Week5,Great Falls,Week3,362.0 Great Falls - 26.0 Springfield
Springfield,Week5,Mantua,Week1,366.0 Mantua - 24.0 Springfield
Stratford,Week5,Lincolnia Park,Week2,278.0 Stratford - 110.0 Lincolnia Park
Stratford,Week2,Springfield,Week1,315.0 Stratford - 77.0 Springfield
Stratford,Week2,Cardinal Hill,Week5,299.0 Cardinal Hill - 103.0 Stratford
Stratford,Week5,Lincolnia Park,Week1,275.0 Stratford - 123.0 Lincolnia Park
Stratford,Week3,Canterbury Woods,Week3,208.0 Canterbury Woods - 194.0 Stratford
Springfield,Week2,Greenbriar,Week2,370.5 Greenbriar - 27.5 Springfield
Springfield,Week2,McLean,Week3,369.0 McLean - 23.0 Springfield
Stratford,Week1,Lincolnia Park,Week1,251.0 Stratford - 149.0 Lincolnia Park
Stratford,Week1,Springfield,Week5,313.0 Stratford - 59.0 Springfield
Stratford,Week5,Springboard,Week5,218.0 Stratford - 183.0 Springboard
Stratford,Week2,Cardinal Hill,Week3,324.0 Cardinal Hill - 78.0 Stratford
Stratford,Week1,Cardinal Hill,Week4,308.0 Cardinal Hill - 94.0 Stratford
Stratford,Week5,Springboard,Week2,258.0 Stratford - 142.0 Springboard
Stratford,Week2,Cardinal Hill,Week4,298.0 Cardinal Hill - 104.0 Stratford
Springfield,Week5,Mantua,Week5,395.0 Mantua - 7.0 Springfield
Stratford,Week1,Springfield,Week2,311.0 Stratford - 64.0 Springfield
Springfield,Week5,Great Falls,Week4,328.0 Great Falls - 36.0 Springfield
Stratford,Week5,Hollin Meadows,Week4,262.0 Hollin Meadows - 140.0 Stratford
Springfield,Week2,Greenbriar,Week4,353.0 Greenbriar - 48.0 Springfield
Springfield,Week4,Greenbriar,Week2,371.0 Greenbriar - 30.0 Springfield
Stratford,Week3,Holmes Run Acres,Week4,257.0 Holmes Run Acres - 145.0 Stratford
Stratford,Week4,Hollin Meadows,Week2,252.0 Hollin Meadows - 150.0 Stratford
Stratford,Week4,Springboard,Week2,277.0 Stratford - 124.0 Springboard
Stratford,Week4,Lincolnia Park,Week1,288.0 Stratford - 112.0 Lincolnia Park
Stratford,Week5,Springboard,Week3,231.0 Stratford - 169.0 Springboard
Stratford,Week2,Holmes Run Acres,Week1,265.0 Holmes Run Acres - 137.0 Stratford
Springfield,Week4,Greenbriar,Week3,365.0 Greenbriar - 35.0 Springfield
Stratford,Week5,Springboard,Week4,215.0 Stratford - 187.0 Springboard
Springfield,Week5,Greenbriar,Week1,376.0 Greenbriar - 23.0 Springfield
Springfield,Week1,Greenbriar,Week2,374.0 Greenbriar - 27.0 Springfield
Stratford,Week4,Lincolnia Park,Week4,287.0 Stratford - 114.0 Lincolnia Park
Stratford,Week1,Cardinal Hill,Week5,289.0 Cardinal Hill - 112.0 Stratford
Stratford,Week4,Hollin Meadows,Week4,253.0 Hollin Meadows - 149.0 Stratford
Stratford,Week4,Lincolnia Park,Week3,261.0 Stratford - 131.0 Lincolnia Park
Stratford,Week3,Holmes Run Acres,Week3,290.0 Holmes Run Acres - 112.0 Stratford
Stratford,Week4,Canterbury Woods,Week1,220.0 Stratford - 182.0 Canterbury Woods
Springfield,Week3,Mantua,Week5,381.0 Mantua - 19.0 Springfield
Stratford,Week2,Holmes Run Acres,Week4,260.0 Holmes Run Acres - 142.0 Stratford
Stratford,Week1,Lincolnia Park,Week2,239.5 Stratford - 152.5 Lincolnia Park
Springfield,Week3,Great Falls,Week3,351.0 Great Falls - 40.0 Springfield
Stratford,Week2,Little Hunting Park,Week2,208.0 Little Hunting Park - 194.0 Stratford
Stratford,Week4,Cardinal Hill,Week1,295.5 Cardinal Hill - 106.5 Stratford
Stratford,Week1,Lincolnia Park,Week3,219.0 Stratford - 173.0 Lincolnia Park
Springfield,Week3,Greenbriar,Week1,367.0 Greenbriar - 32.0 Springfield
Springfield,Week4,Mantua,Week2,365.5 Mantua - 34.5 Springfield
Stratford,Week4,Springboard,Week3,249.0 Stratford - 152.0 Springboard
Stratford,Week5,Lee Graham,Week3,326.0 Lee Graham - 76.0 Stratford
Stratford,Week2,Springfield,Week2,335.0 Stratford - 57.0 Springfield
Stratford,Week4,Springboard,Week5,232.0 Stratford - 169.0 Springboard
Springfield,Week1,Greenbriar,Week3,370.0 Greenbriar - 30.0 Springfield
Springfield,Week1,McLean,Week1,375.0 McLean - 27.0 Springfield
Springfield,Week1,Greenbriar,Week1,367.0 Greenbriar - 31.0 Springfield
Stratford,Week4,Lincolnia Park,Week5,251.0 Stratford - 141.0 Lincolnia Park
Springfield,Week5,Great Falls,Week2,335.0 Great Falls - 35.0 Springfield
Stratford,Week3,Cardinal Hill,Week4,295.0 Cardinal Hill - 107.0 Stratford
Stratford,Week4,Cardinal Hill,Week2,256.0 Cardinal Hill - 146.0 Stratford
Stratford,Week1,Holmes Run Acres,Week3,277.0 Holmes Run Acres - 125.0 Stratford
Stratford,Week4,Hollin Meadows,Week1,270.0 Hollin Meadows - 132.0 Stratford
Stratford,Week1,Holmes Run Acres,Week4,257.0 Holmes Run Acres - 145.0 Stratford
Springfield,Week4,Great Falls,Week2,319.0 Great Falls - 54.0 Springfield
Stratford,Week3,Cardinal Hill,Week2,282.0 Cardinal Hill - 120.0 Stratford
Springfield,Week2,Mantua,Week2,370.0 Mantua - 27.0 Springfield
Stratford,Week4,Chesterbrook,Week5,378.0 Chesterbrook - 24.0 Stratford
Stratford,Week4,Springboard,Week1,243.0 Stratford - 158.0 Springboard
Stratford,Week1,Little Hunting Park,Week3,209.0 Little Hunting Park - 193.0 Stratford
Springfield,Week1,Great Falls,Week2,335.0 Great Falls - 43.0 Springfield
Stratford,Week2,Holmes Run Acres,Week5,301.0 Holmes Run Acres - 101.0 Stratford
Springfield,Week3,Great Falls,Week1,328.0 Great Falls - 60.0 Springfield
Springfield,Week4,Greenbriar,Week1,356.0 Greenbriar - 44.0 Springfield
Stratford,Week5,Cardinal Hill,Week4,291.0 Cardinal Hill - 111.0 Stratford
Springfield,Week4,Greenbriar,Week4,352.0 Greenbriar - 50.0 Springfield
Stratford,Week5,Hollin Meadows,Week1,287.0 Hollin Meadows - 115.0 Stratford
Stratford,Week3,Holmes Run Acres,Week1,245.0 Holmes Run Acres - 157.0 Stratford
Springfield,Week2,Mantua,Week4,386.0 Mantua - 16.0 Springfield
Springfield,Week4,Mantua,Week3,385.0 Mantua - 17.0 Springfield
Stratford,Week3,Little Hunting Park,Week4,205.0 Stratford - 197.0 Little Hunting Park
Springfield,Week5,Mantua,Week2,375.0 Mantua - 24.0 Springfield
Stratford,Week3,Holmes Run Acres,Week2,246.0 Holmes Run Acres - 156.0 Stratford
Stratford,Week3,Little Hunting Park,Week1,207.0 Stratford - 194.0 Little Hunting Park
Stratford,Week4,Springboard,Week4,234.0 Stratford - 168.0 Springboard
Stratford,Week1,Springfield,Week4,295.0 Stratford - 85.0 Springfield
Springfield,Week1,Great Falls,Week1,330.0 Great Falls - 57.0 Springfield
Springfield,Week2,Greenbriar,Week1,361.0 Greenbriar - 39.0 Springfield
Stratford,Week1,Little Hunting Park,Week4,204.0 Little Hunting Park - 197.0 Stratford
Springfield,Week2,Greenbriar,Week3,371.0 Greenbriar - 27.0 Springfield
Springfield,Week3,Mantua,Week3,383.0 Mantua - 18.0 Springfield
Springfield,Week4,Mantua,Week1,356.0 Mantua - 34.0 Springfield
Stratford,Week2,Little Rocky Run,Week1,326.0 Little Rocky Run - 76.0 Stratford
Springfield,Week3,Greenbriar,Week4,360.0 Greenbriar - 39.0 Springfield
Springfield,Week3,Great Falls,Week4,317.0 Great Falls - 57.0 Springfield
Stratford,Week2,Holmes Run Acres,Week2,252.0 Holmes Run Acres - 150.0 Stratford
Stratford,Week4,Springfield,Week5,348.0 Stratford - 50.0 Springfield
Stratford,Week2,Springfield,Week4,325.0 Stratford - 68.0 Springfield
Stratford,Week1,Holmes Run Acres,Week2,247.0 Holmes Run Acres - 150.0 Stratford
Stratford,Week5,Chesterbrook,Week2,382.0 Chesterbrook - 20.0 Stratford
Stratford,Week5,Chesterbrook,Week4,384.0 Chesterbrook - 18.0 Stratford
Springfield,Week5,Mantua,Week3,387.0 Mantua - 15.0 Springfield
Stratford,Week3,Chesterbrook,Week3,383.0 Chesterbrook - 19.0 Stratford
Stratford,Week4,Springfield,Week3,341.0 Stratford - 57.0 Springfield
Stratford,Week4,Little Hunting Park,Week5,224.0 Little Hunting Park - 178.0 Stratford
Stratford,Week5,Springfield,Week3,330.0 Stratford - 58.0 Springfield
Springfield,Week2,McLean,Week1,376.0 McLean - 21.0 Springfield
Stratford,Week1,Holmes Run Acres,Week5,292.0 Holmes Run Acres - 110.0 Stratford
Stratford,Week5,Cardinal Hill,Week5,286.0 Cardinal Hill - 116.0 Stratford
Stratford,Week3,Chesterbrook,Week5,381.0 Chesterbrook - 21.0 Stratford
Stratford,Week1,Chesterbrook,Week5,381.0 Chesterbrook - 21.0 Stratford
Stratford,Week2,Little Hunting Park,Week3,210.0 Little Hunting Park - 192.0 Stratford
Stratford,Week5,Holmes Run Acres,Week2,217.0 Holmes Run Acres - 179.0 Stratford
Stratford,Week2,Little Hunting Park,Week1,212.0 Little Hunting Park - 189.0 Stratford
Stratford,Week3,Hollin Meadows,Week4,259.0 Hollin Meadows - 143.0 Stratford
Stratford,Week3,Stratford,Week4,216.0 Stratford (SRA2) - 186.0 Stratford (SRA1)
Stratford,Week4,Chesterbrook,Week3,383.0 Chesterbrook - 19.0 Stratford
Springfield,Week3,Great Falls,Week2,330.0 Great Falls - 46.0 Springfield
Stratford,Week1,Sully Station,Week2,288.0 Sully Station - 114.0 Stratford
Stratford,Week4,Chesterbrook,Week4,381.0 Chesterbrook - 21.0 Stratford
Stratford,Week5,Springfield,Week1,326.0 Stratford - 65.0 Springfield
Stratford,Week5,Lincolnia Park,Week5,243.0 Stratford - 146.0 Lincolnia Park
Stratford,Week2,Stratford,Week1,209.0 Stratford (SRA1) - 189.0 Stratford (SRA2)
Stratford,Week3,Little Hunting Park,Week2,212.0 Stratford - 190.0 Little Hunting Park
Stratford,Week3,Chesterbrook,Week4,384.0 Chesterbrook - 18.0 Stratford
Springfield,Week4,Mantua,Week5,377.0 Mantua - 25.0 Springfield
Stratford,Week5,Springfield,Week2,333.0 Stratford - 51.0 Springfield
Springfield,Week2,Mantua,Week5,388.0 Mantua - 13.0 Springfield
Springfield,Week4,Mantua,Week4,378.0 Mantua - 24.0 Springfield
Stratford,Week1,Holmes Run Acres,Week1,250.0 Holmes Run Acres - 152.0 Stratford
Stratford,Week4,Springfield,Week4,328.0 Stratford - 73.0 Springfield
Stratford,Week4,Holmes Run Acres,Week1,229.0 Holmes Run Acres - 173.0 Stratford
Springfield,Week1,McLean,Week4,366.0 McLean - 25.0 Springfield
Stratford,Week4,Chesterbrook,Week1,359.0 Chesterbrook - 43.0 Stratford
Stratford,Week5,Cardinal Hill,Week1,314.0 Cardinal Hill - 88.0 Stratford
Stratford,Week3,Little Hunting Park,Week3,202.0 Stratford - 200.0 Little Hunting Park
Springfield,Week1,Great Falls,Week5,327.0 Great Falls - 43.0 Springfield
Stratford,Week3,Holmes Run Acres,Week5,298.0 Holmes Run Acres - 104.0 Stratford
Springfield,Week1,McLean,Week2,373.0 McLean - 28.0 Springfield
Stratford,Week5,Little Hunting Park,Week2,219.5 Stratford - 181.5 Little Hunting Park
Springfield,Week1,McLean,Week3,367.0 McLean - 25.0 Springfield
Springfield,Week2,Great Falls,Week5,319.0 Great Falls - 60.0 Springfield
Springfield,Week1,Great Falls,Week4,321.0 Great Falls - 52.0 Springfield
Stratford,Week4,Hollin Meadows,Week5,266.0 Hollin Meadows - 136.0 Stratford
Stratford,Week1,Chesterbrook,Week1,369.0 Chesterbrook - 33.0 Stratford
Springfield,Week3,Mantua,Week4,381.0 Mantua - 21.0 Springfield
Stratford,Week5,Holmes Run Acres,Week5,287.0 Holmes Run Acres - 115.0 Stratford
Stratford,Week2,Chesterbrook,Week5,374.0 Chesterbrook - 28.0 Stratford
Springfield,Week4,Great Falls,Week1,317.0 Great Falls - 68.0 Springfield
Stratford,Week2,Chesterbrook,Week3,382.0 Chesterbrook - 20.0 Stratford
Stratford,Week1,Hunt Valley,Week1,311.0 Hunt Valley - 91.0 Stratford
Stratford,Week1,Little Rocky Run,Week3,332.0 Little Rocky Run - 70.0 Stratford
Springfield,Week2,Great Falls,Week2,328.0 Great Falls - 45.0 Springfield
Springfield,Week3,Mantua,Week1,358.0 Mantua - 30.0 Springfield
Springfield,Week2,McLean,Week2,374.0 McLean - 27.0 Springfield
Stratford,Week1,Sully Station,Week4,309.0 Sully Station - 93.0 Stratford
Stratford,Week1,Little Hunting Park,Week5,239.0 Little Hunting Park - 163.0 Stratford
Stratford,Week2,Hunt Valley,Week3,325.0 Hunt Valley - 77.0 Stratford
Stratford,Week1,Little Rocky Run,Week2,323.0 Little Rocky Run - 79.0 Stratford
Stratford,Week5,Little Hunting Park,Week3,208.5 Stratford - 192.5 Little Hunting Park
Springfield,Week5,Mantua,Week4,388.0 Mantua - 14.0 Springfield
Stratford,Week4,Stratford,Week3,216.0 Stratford (SRA1) - 186.0 Stratford (SRA2)
Stratford,Week2,Hunt Valley,Week4,326.0 Hunt Valley - 76.0 Stratford
Stratford,Week5,Cardinal Hill,Week2,282.0 Cardinal Hill - 120.0 Stratford
Stratford,Week4,Stratford,Week1,239.0 Stratford (SRA1) - 162.0 Stratford (SRA2)
Springfield,Week3,Great Falls,Week5,330.0 Great Falls - 48.0 Springfield
Stratford,Week1,Stratford,Week5,230.0 Stratford (SRA2) - 168.0 Stratford (SRA1)
Stratford,Week1,Chesterbrook,Week4,384.0 Chesterbrook - 18.0 Stratford
Springfield,Week2,Great Falls,Week4,307.0 Great Falls - 66.0 Springfield
Stratford,Week3,Stratford,Week2,216.0 Stratford (SRA1) - 185.0 Stratford (SRA2)
Springfield,Week2,McLean,Week4,366.0 McLean - 27.0 Springfield
Stratford,Week5,Holmes Run Acres,Week1,236.0 Holmes Run Acres - 165.0 Stratford
Springfield,Week2,Mantua,Week3,385.0 Mantua - 17.0 Springfield
Stratford,Week5,Stratford,Week2,227.0 Stratford (SRA1) - 174.0 Stratford (SRA2)
Stratford,Week2,Little Hunting Park,Week5,228.0 Little Hunting Park - 174.0 Stratford
Springfield,Week2,Great Falls,Week3,338.0 Great Falls - 53.0 Springfield
Stratford,Week1,Hunt Valley,Week5,335.5 Hunt Valley - 66.5 Stratford
Stratford,Week1,Stratford,Week1,187.0 Stratford (SRA1) - 187.0 Stratford (SRA2)
Stratford,Week5,Holmes Run Acres,Week3,270.0 Holmes Run Acres - 131.0 Stratford
Stratford,Week5,Cardinal Hill,Week3,328.0 Cardinal Hill - 74.0 Stratford
Stratford,Week4,Little Hunting Park,Week2,217.0 Stratford - 185.0 Little Hunting Park
Stratford,Week1,Little Hunting Park,Week2,201.0 Little Hunting Park - 200.0 Stratford
Springfield,Week1,McLean,Week5,381.0 McLean - 19.0 Springfield
Stratford,Week5,Little Hunting Park,Week5,226.0 Little Hunting Park - 174.0 Stratford
Stratford,Week4,Cardinal Hill,Week5,289.0 Cardinal Hill - 113.0 Stratford
Springfield,Week3,McLean,Week2,369.0 McLean - 31.0 Springfield
Springfield,Week4,Great Falls,Week3,339.0 Great Falls - 53.0 Springfield
Stratford,Week2,Hunt Valley,Week1,315.0 Hunt Valley - 87.0 Stratford
Stratford,Week1,Hunt Valley,Week3,328.0 Hunt Valley - 74.0 Stratford
Stratford,Week2,Chesterbrook,Week1,363.0 Chesterbrook - 39.0 Stratford
Stratford,Week1,Chesterbrook,Week3,381.0 Chesterbrook - 21.0 Stratford
Stratford,Week2,Stratford,Week3,216.0 Stratford (SRA2) - 185.0 Stratford (SRA1)
Stratford,Week1,Hunt Valley,Week4,335.0 Hunt Valley - 67.0 Stratford
Stratford,Week3,Hunt Valley,Week2,314.5 Hunt Valley - 87.5 Stratford
Stratford,Week5,Stratford,Week3,203.0 Stratford (SRA1) - 198.0 Stratford (SRA2)
Stratford,Week5,Little Hunting Park,Week4,218.0 Stratford - 184.0 Little Hunting Park
Springfield,Week1,Great Falls,Week3,352.0 Great Falls - 38.0 Springfield
Springfield,Week4,McLean,Week5,378.0 McLean - 22.0 Springfield
Stratford,Week4,Little Hunting Park,Week3,214.0 Stratford - 188.0 Little Hunting Park
Stratford,Week5,Stratford,Week5,197.0 Stratford (SRA1) - 197.0 Stratford (SRA2)
Springfield,Week3,Mantua,Week2,362.0 Mantua - 28.0 Springfield
Stratford,Week1,Chesterbrook,Week2,374.0 Chesterbrook - 28.0 Stratford
Springfield,Week2,Great Falls,Week1,327.0 Great Falls - 58.0 Springfield
Stratford,Week5,Little Hunting Park,Week1,205.0 Stratford - 196.0 Little Hunting Park
Stratford,Week4,Little Hunting Park,Week4,224.0 Stratford - 178.0 Little Hunting Park
Stratford,Week1,Stratford,Week3,225.0 Stratford (SRA2) - 173.0 Stratford (SRA1)
Stratford,Week1,Hunt Valley,Week2,330.0 Hunt Valley - 72.0 Stratford
Springfield,Week3,Mosby Woods,Week1,386.0 Mosby Woods - 15.0 Springfield
Stratford,Week1,Little Rocky Run,Week4,327.0 Little Rocky Run - 75.0 Stratford
Springfield,Week5,McLean,Week2,380.0 McLean - 20.0 Springfield
Stratford,Week4,Chesterbrook,Week2,374.0 Chesterbrook - 28.0 Stratford
Springfield,Week3,Mosby Woods,Week4,370.0 Mosby Woods - 25.0 Springfield
Springfield,Week4,Mosby Woods,Week3,371.0 Mosby Woods - 30.0 Springfield
Springfield,Week2,Mosby Woods,Week4,364.0 Mosby Woods - 31.0 Springfield
Springfield,Week4,South Run,Week5,347.0 South Run - 54.0 Springfield
Stratford,Week4,Little Hunting Park,Week1,219.0 Stratford - 182.0 Little Hunting Park
Stratford,Week2,Little Hunting Park,Week4,202.0 Little Hunting Park - 200.0 Stratford
Stratford,Week2,Stratford,Week5,227.0 Stratford (SRA2) - 174.0 Stratford (SRA1)
Stratford,Week1,Stratford,Week4,239.0 Stratford (SRA2) - 162.0 Stratford (SRA1)
Springfield,Week1,Springboard,Week5,326.0 Springboard - 69.0 Springfield
Stratford,Week3,Hunt Valley,Week4,324.0 Hunt Valley - 78.0 Stratford
Stratford,Week3,Chesterbrook,Week1,367.0 Chesterbrook - 35.0 Stratford
Stratford,Week4,Cardinal Hill,Week4,283.0 Cardinal Hill - 119.0 Stratford
Springfield,Week4,South Run,Week2,320.0 South Run - 72.0 Springfield
Stratford,Week3,Stratford,Week3,200.5 Stratford (SRA1) - 200.5 Stratford (SRA2)
Stratford,Week4,Stratford,Week5,230.0 Stratford (SRA1) - 172.0 Stratford (SRA2)
Stratford,Week3,Hunt Valley,Week3,324.0 Hunt Valley - 78.0 Stratford
Stratford,Week1,Little Rocky Run,Week5,342.0 Little Rocky Run - 60.0 Stratford
Stratford,Week3,Stratford,Week5,203.0 Stratford (SRA2) - 198.0 Stratford (SRA1)
Springfield,Week1,Mosby Woods,Week4,378.0 Mosby Woods - 16.0 Springfield
Springfield,Week2,Mosby Woods,Week2,381.0 Mosby Woods - 19.0 Springfield
Stratford,Week2,Hunt Valley,Week5,329.0 Hunt Valley - 73.0 Stratford
Stratford,Week2,Chesterbrook,Week2,375.0 Chesterbrook - 27.0 Stratford
Stratford,Week1,Little Hunting Park,Week1,209.0 Little Hunting Park - 189.0 Stratford
Stratford,Week3,Hunt Valley,Week5,346.0 Hunt Valley - 56.0 Stratford
Stratford,Week5,Chesterbrook,Week1,366.0 Chesterbrook - 36.0 Stratford
Stratford,Week5,Holmes Run Acres,Week4,240.0 Holmes Run Acres - 161.0 Stratford
Stratford,Week1,Little Rocky Run,Week1,305.0 Little Rocky Run - 92.0 Stratford
Stratford,Week2,Chesterbrook,Week4,381.0 Chesterbrook - 21.0 Stratford
Stratford,Week3,Chesterbrook,Week2,376.0 Chesterbrook - 26.0 Stratford
Stratford,Week4,Holmes Run Acres,Week5,265.0 Holmes Run Acres - 137.0 Stratford
Stratford,Week4,Stratford,Week2,236.0 Stratford (SRA1) - 166.0 Stratford (SRA2)
Stratford,Week1,Stratford,Week2,209.0 Stratford (SRA2) - 189.0 Stratford (SRA1)
Springfield,Week4,Springboard,Week4,304.0 Springboard - 86.0 Springfield
Springfield,Week1,Springboard,Week1,321.0 Springboard - 70.0 Springfield
Stratford,Week2,Little Rocky Run,Week3,340.0 Little Rocky Run - 62.0 Stratford
Stratford,Week4,Holmes Run Acres,Week4,227.0 Holmes Run Acres - 175.0 Stratford
Springfield,Week5,McLean,Week3,375.0 McLean - 18.0 Springfield
Stratford,Week1,Commonwealth,Week3,214.5 Commonwealth - 187.5 Stratford
Stratford,Week4,Holmes Run Acres,Week3,270.0 Holmes Run Acres - 132.0 Stratford
Springfield,Week1,Mosby Woods,Week3,380.0 Mosby Woods - 21.0 Springfield
Springfield,Week5,South Run,Week4,323.0 South Run - 64.0 Springfield
Springfield,Week3,Mosby Woods,Week5,382.0 Mosby Woods - 20.0 Springfield
Stratford,Week4,Hunt Valley,Week1,296.0 Hunt Valley - 106.0 Stratford
Stratford,Week3,Little Hunting Park,Week5,240.0 Little Hunting Park - 162.0 Stratford
Stratford,Week2,Little Rocky Run,Week2,327.0 Little Rocky Run - 75.0 Stratford
Stratford,Week5,Chesterbrook,Week5,380.0 Chesterbrook - 22.0 Stratford
Stratford,Week1,Commonwealth,Week1,213.0 Stratford - 189.0 Commonwealth
Stratford,Week2,Little Rocky Run,Week4,336.0 Little Rocky Run - 66.0 Stratford
Stratford,Week5,Chesterbrook,Week3,388.0 Chesterbrook - 14.0 Stratford
Springfield,Week2,Springboard,Week5,318.0 Springboard - 74.0 Springfield
Stratford,Week5,Springfield,Week5,338.0 Stratford - 54.0 Springfield
Stratford,Week1,Sully Station,Week1,292.0 Sully Station - 110.0 Stratford
Stratford,Week5,Stratford,Week1,230.0 Stratford (SRA1) - 168.0 Stratford (SRA2)
Stratford,Week2,Hunt Valley,Week2,319.0 Hunt Valley - 83.0 Stratford
Springfield,Week5,South Run,Week5,355.0 South Run - 46.0 Springfield
Springfield,Week3,Mosby Woods,Week2,381.0 Mosby Woods - 20.0 Springfield
Stratford,Week5,Stratford,Week4,230.0 Stratford (SRA2) - 172.0 Stratford (SRA1)
Stratford,Week2,Little Rocky Run,Week5,341.0 Little Rocky Run - 56.0 Stratford
Stratford,Week2,Stratford,Week4,236.0 Stratford (SRA2) - 166.0 Stratford (SRA1)
Stratford,Week1,Cottontail,Week4,249.0 Cottontail - 142.0 Stratford
Stratford,Week3,Hunt Valley,Week1,298.0 Hunt Valley - 104.0 Stratford
Stratford,Week4,Commonwealth,Week3,205.0 Commonwealth - 197.0 Stratford
Springfield,Week4,South Run,Week4,313.0 South Run - 78.0 Springfield
Springfield,Week2,McLean,Week5,381.0 McLean - 19.0 Springfield
Springfield,Week4,Mosby Woods,Week1,380.0 Mosby Woods - 20.0 Springfield
Springfield,Week1,Springboard,Week4,318.0 Springboard - 76.0 Springfield
Springfield,Week1,Mosby Woods,Week5,385.0 Mosby Woods - 17.0 Springfield
Stratford,Week1,Sully Station,Week3,288.0 Sully Station - 114.0 Stratford
Stratford,Week3,Long Branch,Week3,208.0 Stratford - 194.0 Long Branch
Stratford,Week2,Cottontail,Week1,256.0 Cottontail - 146.0 Stratford
Stratford,Week2,Commonwealth,Week1,219.0 Stratford - 177.0 Commonwealth
Stratford,Week3,Stratford,Week1,225.0 Stratford (SRA1) - 173.0 Stratford (SRA2)
Springfield,Week4,McLean,Week4,367.0 McLean - 29.0 Springfield
Stratford,Week3,Little Rocky Run,Week1,301.0 Little Rocky Run - 101.0 Stratford
Stratford,Week2,Stratford,Week2,198.0 Stratford (SRA1) - 198.0 Stratford (SRA2)
Stratford,Week1,Long Branch,Week2,236.0 Long Branch - 165.0 Stratford
Springfield,Week5,McLean,Week4,368.0 McLean - 23.0 Springfield
Stratford,Week4,Sully Station,Week4,273.0 Sully Station - 129.0 Stratford
Springfield,Week3,Mosby Woods,Week3,378.0 Mosby Woods - 18.0 Springfield
Springfield,Week3,Springboard,Week5,320.0 Springboard - 69.0 Springfield
Springfield,Week3,McLean,Week3,362.0 McLean - 33.0 Springfield
Stratford,Week2,Sully Station,Week4,300.0 Sully Station - 102.0 Stratford
Stratford,Week4,Little Rocky Run,Week2,308.0 Little Rocky Run - 94.0 Stratford
Stratford,Week2,Long Branch,Week5,229.0 Long Branch - 173.0 Stratford
Springfield,Week5,South Run,Week1,330.0 South Run - 58.0 Springfield
Stratford,Week3,Long Branch,Week5,221.0 Long Branch - 181.0 Stratford
Stratford,Week2,Commonwealth,Week3,228.0 Commonwealth - 174.0 Stratford
Stratford,Week1,Commonwealth,Week4,206.0 Commonwealth - 196.0 Stratford
Stratford,Week2,Commonwealth,Week4,201.0 Commonwealth - 201.0 Stratford
Springfield,Week2,Springboard,Week4,309.0 Springboard - 79.0 Springfield
Springfield,Week3,Springboard,Week1,314.0 Springboard - 67.0 Springfield
Stratford,Week4,Stratford,Week4,201.0 Stratford (SRA1) - 201.0 Stratford (SRA2)
Springfield,Week2,Springboard,Week1,312.0 Springboard - 75.0 Springfield
Springfield,Week1,Mosby Woods,Week1,389.0 Mosby Woods - 11.0 Springfield
Springfield,Week1,Springboard,Week3,318.0 Springboard - 69.0 Springfield
Springfield,Week4,South Run,Week3,341.0 South Run - 60.0 Springfield
Stratford,Week3,Commonwealth,Week1,219.0 Stratford - 183.0 Commonwealth
Springfield,Week3,Springboard,Week2,289.0 Springboard - 87.0 Springfield
Stratford,Week3,Commonwealth,Week3,216.0 Commonwealth - 186.0 Stratford
Stratford,Week3,Little Rocky Run,Week2,305.0 Little Rocky Run - 97.0 Stratford
Stratford,Week3,Sully Station,Week3,285.0 Sully Station - 117.0 Stratford
Stratford,Week3,Sully Station II,Week4,303.0 Sully Station II - 99.0 Stratford
Springfield,Week3,McLean,Week1,372.0 McLean - 25.0 Springfield
Stratford,Week2,Sully Station,Week1,294.0 Sully Station - 108.0 Stratford
Stratford,Week3,Sully Station,Week5,306.0 Sully Station - 96.0 Stratford
Stratford,Week4,Commonwealth,Week1,242.0 Stratford - 160.0 Commonwealth
Stratford,Week3,Little Rocky Run,Week5,334.0 Little Rocky Run - 68.0 Stratford
Springfield,Week5,McLean,Week5,386.0 McLean - 14.0 Springfield
Stratford,Week5,Sully Station,Week4,288.0 Sully Station - 114.0 Stratford
Stratford,Week5,Little Rocky Run,Week4,329.0 Little Rocky Run - 73.0 Stratford
Springfield,Week5,South Run,Week3,351.0 South Run - 49.0 Springfield
Stratford,Week5,Commonwealth,Week1,244.0 Stratford - 157.0 Commonwealth
Stratford,Week4,Sully Station,Week1,275.0 Sully Station - 127.0 Stratford
Springfield,Week3,McLean,Week5,377.0 McLean - 24.0 Springfield
Stratford,Week4,Commonwealth,Week4,225.0 Stratford - 177.0 Commonwealth
Springfield,Week4,McLean,Week1,366.0 McLean - 31.0 Springfield
Stratford,Week1,Commonwealth,Week2,239.0 Commonwealth - 163.0 Stratford
Stratford,Week2,Commonwealth,Week5,222.0 Commonwealth - 180.0 Stratford
Springfield,Week3,Springboard,Week4,314.0 Springboard - 72.0 Springfield
Stratford,Week4,Little Rocky Run,Week5,332.0 Little Rocky Run - 70.0 Stratford
Springfield,Week3,McLean,Week4,362.0 McLean - 34.0 Springfield
Springfield,Week2,Springboard,Week2,302.0 Springboard - 83.0 Springfield
Stratford,Week3,Little Rocky Run,Week4,311.0 Little Rocky Run - 91.0 Stratford
Stratford,Week1,Long Branch,Week3,226.0 Long Branch - 176.0 Stratford
Stratford,Week3,Commonwealth,Week4,214.0 Stratford - 188.0 Commonwealth
Stratford,Week5,Long Branch,Week2,210.0 Long Branch - 192.0 Stratford
Stratford,Week2,Long Branch,Week3,206.0 Long Branch - 196.0 Stratford
Springfield,Week4,McLean,Week2,371.0 McLean - 30.0 Springfield
Springfield,Week3,Springboard,Week3,324.0 Springboard - 56.0 Springfield
Stratford,Week1,Sully Station II,Week2,329.0 Sully Station II - 73.0 Stratford
Stratford,Week2,Sully Station II,Week4,303.0 Sully Station II - 99.0 Stratford
Springfield,Week2,Springboard,Week3,320.0 Springboard - 65.0 Springfield
Springfield,Week4,McLean,Week3,365.0 McLean - 27.0 Springfield
Springfield,Week5,South Run,Week2,331.0 South Run - 63.0 Springfield
Springfield,Week1,Mosby Woods,Week2,386.0 Mosby Woods - 14.0 Springfield
Springfield,Week4,South Run,Week1,326.0 South Run - 63.0 Springfield
Springfield,Week2,Mosby Woods,Week1,384.0 Mosby Woods - 15.0 Springfield
Springfield,Week2,Mosby Woods,Week5,381.0 Mosby Woods - 21.0 Springfield
Stratford,Week4,Commonwealth,Week2,205.0 Commonwealth - 197.0 Stratford
Stratford,Week5,Little Rocky Run,Week5,337.0 Little Rocky Run - 65.0 Stratford
Stratford,Week5,Sully Station,Week3,282.0 Sully Station - 120.0 Stratford
Stratford,Week3,Commonwealth,Week2,228.0 Commonwealth - 174.0 Stratford
Stratford,Week4,Sully Station,Week3,279.0 Sully Station - 123.0 Stratford
Springfield,Week2,Mosby Woods,Week3,373.0 Mosby Woods - 28.0 Springfield
Springfield,Week4,Springboard,Week2,289.0 Springboard - 98.0 Springfield
Stratford,Week5,Commonwealth,Week3,210.0 Stratford - 191.0 Commonwealth
Springfield,Week4,Springboard,Week1,296.0 Springboard - 95.0 Springfield
Stratford,Week4,Long Branch,Week4,203.0 Stratford - 199.0 Long Branch
Stratford,Week3,Little Rocky Run,Week3,328.5 Little Rocky Run - 73.5 Stratford
Stratford,Week2,Sully Station,Week2,283.0 Sully Station - 114.0 Stratford
Springfield,Week5,McLean,Week1,377.0 McLean - 20.0 Springfield
Stratford,Week2,Sully Station,Week5,310.0 Sully Station - 92.0 Stratford
Stratford,Week5,Commonwealth,Week5,206.0 Commonwealth - 195.0 Stratford
Springfield,Week1,Springboard,Week2,305.0 Springboard - 86.0 Springfield
Stratford,Week4,Little Rocky Run,Week3,320.0 Little Rocky Run - 82.0 Stratford
Stratford,Week1,Cottontail,Week2,260.0 Cottontail - 142.0 Stratford
Springfield,Week3,Holmes Run Acres,Week4,351.0 Holmes Run Acres - 45.0 Springfield
Stratford,Week1,Sully Station,Week5,300.0 Sully Station - 102.0 Stratford
Stratford,Week2,Long Branch,Week1,211.0 Long Branch - 186.0 Stratford
Springfield,Week2,Hunt Valley,Week2,391.0 Hunt Valley - 10.0 Springfield
Springfield,Week4,Mosby Woods,Week5,379.0 Mosby Woods - 23.0 Springfield
Stratford,Week2,Sully Station,Week3,291.0 Sully Station - 111.0 Stratford
Springfield,Week2,Mansion House,Week5,372.0 Mansion House - 29.0 Springfield
Stratford,Week5,Little Rocky Run,Week1,308.0 Little Rocky Run - 94.0 Stratford
Springfield,Week4,Springfield,Week5,183.0 Springfield (S1) - 125.0 Springfield (S2)
Springfield,Week2,Hunt Valley,Week1,390.0 Hunt Valley - 12.0 Springfield
Springfield,Week4,Mosby Woods,Week2,380.0 Mosby Woods - 21.0 Springfield
Springfield,Week2,Springfield,Week5,163.0 Springfield (S2) - 133.0 Springfield (S1)
Springfield,Week4,Long Branch,Week4,338.0 Long Branch - 64.0 Springfield
Springfield,Week5,Springfield,Week4,183.0 Springfield (S2) - 125.0 Springfield (S1)
Stratford,Week2,Long Branch,Week2,206.0 Long Branch - 196.0 Stratford
Stratford,Week1,Long Branch,Week4,231.0 Long Branch - 171.0 Stratford
Stratford,Week5,Commonwealth,Week4,231.0 Stratford - 170.0 Commonwealth
Stratford,Week1,Commonwealth,Week5,227.0 Commonwealth - 174.0 Stratford
Springfield,Week5,Long Branch,Week1,330.0 Long Branch - 54.0 Springfield
Stratford,Week5,Little Rocky Run,Week3,334.0 Little Rocky Run - 68.0 Stratford
Springfield,Week2,Springfield,Week3,154.0 Springfield (S2) - 131.0 Springfield (S1)
Stratford,Week1,Long Branch,Week5,251.0 Long Branch - 150.0 Stratford
Stratford,Week2,Commonwealth,Week2,231.0 Commonwealth - 171.0 Stratford
Stratford,Week1,Sully Station II,Week4,316.0 Sully Station II - 86.0 Stratford
Springfield,Week1,Hunt Valley,Week5,393.0 Hunt Valley - 9.0 Springfield
Springfield,Week1,Springfield,Week2,178.0 Springfield (S1) - 126.0 Springfield (S2)
Springfield,Week5,Holmes Run Acres,Week2,349.0 Holmes Run Acres - 43.0 Springfield
Stratford,Week1,Cottontail,Week1,262.0 Cottontail - 140.0 Stratford
Stratford,Week4,Sully Station II,Week5,330.5 Sully Station II - 71.5 Stratford
Stratford,Week4,Commonwealth,Week5,210.0 Stratford - 192.0 Commonwealth
Stratford,Week1,Long Branch,Week1,223.0 Long Branch - 168.0 Stratford
Springfield,Week4,Mosby Woods,Week4,362.0 Mosby Woods - 37.0 Springfield
Stratford,Week2,Sully Station II,Week2,314.0 Sully Station II - 88.0 Stratford
Stratford,Week3,Commonwealth,Week5,225.0 Commonwealth - 177.0 Stratford
Springfield,Week2,Hunt Valley,Week3,394.0 Hunt Valley - 7.0 Springfield
Springfield,Week4,Springboard,Week3,316.0 Springboard - 73.0 Springfield
Stratford,Week5,Sully Station,Week5,308.0 Sully Station - 94.0 Stratford
Stratford,Week2,Long Branch,Week4,218.0 Long Branch - 184.0 Stratford
Springfield,Week4,Long Branch,Week2,315.0 Long Branch - 81.0 Springfield
Springfield,Week5,Springboard,Week3,339.0 Springboard - 48.0 Springfield
Stratford,Week3,Long Branch,Week2,202.0 Stratford - 200.0 Long Branch
Stratford,Week4,Little Rocky Run,Week4,321.0 Little Rocky Run - 81.0 Stratford
Stratford,Week3,Cottontail,Week5,259.0 Cottontail - 143.0 Stratford
Stratford,Week1,Cottontail,Week3,254.0 Cottontail - 148.0 Stratford
Stratford,Week5,Sully Station,Week2,290.0 Sully Station - 112.0 Stratford
Stratford,Week2,Cottontail,Week5,256.0 Cottontail - 146.0 Stratford
Stratford,Week3,Sully Station,Week1,290.0 Sully Station - 112.0 Stratford
Stratford,Week1,Country Club Hills,Week4,233.0 Country Club Hills - 164.0 Stratford
Stratford,Week5,Sully Station,Week1,291.0 Sully Station - 110.0 Stratford
Stratford,Week5,Cottontail,Week5,257.0 Cottontail - 145.0 Stratford
Springfield,Week3,Mansion House,Week5,373.0 Mansion House - 29.0 Springfield
Stratford,Week4,Little Rocky Run,Week1,309.0 Little Rocky Run - 93.0 Stratford
Stratford,Week1,Cottontail,Week5,275.0 Cottontail - 126.0 Stratford
Springfield,Week2,Holmes Run Acres,Week4,349.0 Holmes Run Acres - 46.0 Springfield
Stratford,Week5,Little Rocky Run,Week2,313.0 Little Rocky Run - 89.0 Stratford
Springfield,Week4,Long Branch,Week3,318.0 Long Branch - 79.0 Springfield
Springfield,Week4,Mansion House,Week3,362.0 Mansion House - 39.0 Springfield
Springfield,Week5,Long Branch,Week3,339.0 Long Branch - 58.0 Springfield
Springfield,Week5,Springboard,Week5,336.0 Springboard - 58.0 Springfield
Springfield,Week3,Springfield,Week2,154.0 Springfield (S1) - 131.0 Springfield (S2)
Springfield,Week2,Springfield,Week1,178.0 Springfield (S2) - 126.0 Springfield (S1)
Springfield,Week1,Springfield,Week5,166.0 Springfield (S1) - 126.0 Springfield (S2)
Springfield,Week3,Holmes Run Acres,Week2,342.0 Holmes Run Acres - 48.0 Springfield
Stratford,Week3,Long Branch,Week1,206.0 Long Branch - 196.0 Stratford
Springfield,Week2,Hunt Valley,Week4,379.0 Hunt Valley - 22.0 Springfield
Stratford,Week3,Sully Station,Week4,288.0 Sully Station - 114.0 Stratford
Springfield,Week4,Holmes Run Acres,Week2,333.0 Holmes Run Acres - 58.0 Springfield
Springfield,Week1,Mansion House,Week1,367.0 Mansion House - 29.0 Springfield
Springfield,Week5,Holmes Run Acres,Week1,357.0 Holmes Run Acres - 36.0 Springfield
Stratford,Week1,Sully Station II,Week1,304.0 Sully Station II - 96.0 Stratford
Springfield,Week3,Holmes Run Acres,Week3,367.0 Holmes Run Acres - 29.0 Springfield
Springfield,Week1,Springfield,Week4,174.0 Springfield (S2) - 148.0 Springfield (S1)
Stratford,Week4,Sully Station,Week2,276.0 Sully Station - 126.0 Stratford
Stratford,Week3,Sully Station,Week2,267.0 Sully Station - 135.0 Stratford
Stratford,Week5,Commonwealth,Week2,203.0 Stratford - 199.0 Commonwealth
Springfield,Week4,Long Branch,Week1,319.0 Long Branch - 66.0 Springfield
Springfield,Week2,Springfield,Week2,134.0 Springfield (S1) - 134.0 Springfield (S2)
Stratford,Week4,Cottontail,Week3,214.0 Cottontail - 188.0 Stratford
Springfield,Week2,Holmes Run Acres,Week5,371.0 Holmes Run Acres - 23.0 Springfield
Stratford,Week4,Sully Station,Week5,303.0 Sully Station - 99.0 Stratford
Springfield,Week3,Holmes Run Acres,Week5,365.0 Holmes Run Acres - 30.0 Springfield
Springfield,Week4,Springfield,Week1,174.0 Springfield (S1) - 148.0 Springfield (S2)
Stratford,Week1,Sully Station II,Week3,332.0 Sully Station II - 70.0 Stratford
Stratford,Week4,Long Branch,Week1,216.0 Stratford - 186.0 Long Branch
Springfield,Week5,Springfield,Week5,129.5 Springfield (S1) - 129.5 Springfield (S2)
Springfield,Week4,Mansion House,Week1,357.0 Mansion House - 39.0 Springfield
Springfield,Week5,Springboard,Week2,307.0 Springboard - 80.0 Springfield
Stratford,Week5,Cottontail,Week3,237.0 Cottontail - 165.0 Stratford
Stratford,Week1,Sully Station II,Week5,340.0 Sully Station II - 62.0 Stratford
Springfield,Week3,Long Branch,Week5,343.0 Long Branch - 54.0 Springfield
Springfield,Week2,Mansion House,Week1,363.0 Mansion House - 32.0 Springfield
Springfield,Week2,Mansion House,Week4,353.0 Mansion House - 36.0 Springfield
Stratford,Week3,Long Branch,Week4,213.0 Long Branch - 189.0 Stratford
Stratford,Week4,Long Branch,Week3,220.0 Stratford - 182.0 Long Branch
Springfield,Week4,Holmes Run Acres,Week3,356.0 Holmes Run Acres - 42.0 Springfield
Stratford,Week2,Cottontail,Week2,241.0 Cottontail - 161.0 Stratford
Stratford,Week2,Country Club Hills,Week5,274.0 Country Club Hills - 128.0 Stratford
Stratford,Week2,Sully Station II,Week1,291.0 Sully Station II - 111.0 Stratford
Springfield,Week5,Holmes Run Acres,Week3,376.0 Holmes Run Acres - 22.0 Springfield
Stratford,Week4,Long Branch,Week2,216.0 Stratford - 186.0 Long Branch
Springfield,Week1,Mansion House,Week4,344.0 Mansion House - 47.0 Springfield
Stratford,Week3,Sully Station II,Week2,313.0 Sully Station II - 89.0 Stratford
Springfield,Week5,Holmes Run Acres,Week5,376.0 Holmes Run Acres - 20.0 Springfield
Stratford,Week4,Long Branch,Week5,216.0 Long Branch - 186.0 Stratford
Springfield,Week4,Holmes Run Acres,Week1,337.0 Holmes Run Acres - 60.0 Springfield
Springfield,Week4,Holmes Run Acres,Week4,344.0 Holmes Run Acres - 53.0 Springfield
Springfield,Week4,Mansion House,Week2,352.0 Mansion House - 39.0 Springfield
Stratford,Week2,Sully Station II,Week5,329.0 Sully Station II - 73.0 Stratford
Stratford,Week3,Cottontail,Week1,242.0 Cottontail - 160.0 Stratford
Springfield,Week1,Mansion House,Week3,373.0 Mansion House - 28.0 Springfield
Springfield,Week5,Springfield,Week1,166.0 Springfield (S2) - 126.0 Springfield (S1)
Springfield,Week1,Springfield,Week1,145.0 Springfield (S1) - 145.0 Springfield (S2)
Springfield,Week5,Springboard,Week1,322.0 Springboard - 67.0 Springfield
Stratford,Week4,Cottontail,Week1,227.0 Cottontail - 175.0 Stratford
Stratford,Week2,Sully Station II,Week3,326.0 Sully Station II - 76.0 Stratford
Springfield,Week3,Mansion House,Week1,362.0 Mansion House - 32.0 Springfield
Stratford,Week5,Long Branch,Week4,210.0 Long Branch - 192.0 Stratford
Stratford,Week5,Long Branch,Week1,206.0 Long Branch - 196.0 Stratford
Springfield,Week1,Hunt Valley,Week1,385.0 Hunt Valley - 17.0 Springfield
Stratford,Week3,Sully Station II,Week1,283.0 Sully Station II - 119.0 Stratford
Stratford,Week3,Sully Station II,Week3,327.0 Sully Station II - 75.0 Stratford
Springfield,Week3,Holmes Run Acres,Week1,342.0 Holmes Run Acres - 49.0 Springfield
Stratford,Week5,Cottontail,Week1,253.0 Cottontail - 149.0 Stratford
Springfield,Week3,Springfield,Week3,132.0 Springfield (S1) - 132.0 Springfield (S2)
Stratford,Week3,Country Club Hills,Week1,213.0 Country Club Hills - 189.0 Stratford
Stratford,Week2,Mansion House,Week1,290.0 Mansion House - 107.0 Stratford
Springfield,Week4,Long Branch,Week5,332.0 Long Branch - 68.0 Springfield
Springfield,Week5,Holmes Run Acres,Week4,364.0 Holmes Run Acres - 31.0 Springfield
Springfield,Week4,Springfield,Week2,191.0 Springfield (S1) - 120.0 Springfield (S2)
Springfield,Week4,Springfield,Week3,190.0 Springfield (S1) - 119.0 Springfield (S2)
Springfield,Week4,Springboard,Week5,306.5 Springboard - 90.5 Springfield
Stratford,Week3,Cottontail,Week2,240.0 Cottontail - 162.0 Stratford
Springfield,Week1,Mansion House,Week2,359.0 Mansion House - 36.0 Springfield
Stratford,Week3,Sully Station II,Week5,336.0 Sully Station II - 66.0 Stratford
Stratford,Week5,Mansion House,Week4,267.0 Mansion House - 135.0 Stratford
Stratford,Week5,Mansion House,Week5,286.0 Mansion House - 116.0 Stratford
Stratford,Week3,Country Club Hills,Week3,223.0 Country Club Hills - 179.0 Stratford
Springfield,Week2,Springfield,Week4,191.0 Springfield (S2) - 120.0 Springfield (S1)
Stratford,Week5,Sully Station II,Week1,294.0 Sully Station II - 107.0 Stratford
Sully Station,Week1,Commonwealth,Week2,286.0 Sully Station - 115.0 Commonwealth
Stratford,Week4,Sully Station II,Week4,289.5 Sully Station II - 112.5 Stratford
Springfield,Week1,Hunt Valley,Week2,388.0 Hunt Valley - 13.0 Springfield
Stratford,Week3,Mansion House,Week3,282.0 Mansion House - 120.0 Stratford
Springfield,Week1,Mansion House,Week5,373.0 Mansion House - 28.0 Springfield
Springfield,Week5,Long Branch,Week2,338.0 Long Branch - 60.0 Springfield
Stratford,Week4,Sully Station II,Week3,326.0 Sully Station II - 76.0 Stratford
Springfield,Week4,Holmes Run Acres,Week5,359.0 Holmes Run Acres - 37.0 Springfield
Springfield,Week1,Hunt Valley,Week3,391.0 Hunt Valley - 11.0 Springfield
Sully Station,Week3,Commonwealth,Week4,295.0 Sully Station - 106.0 Commonwealth
Sully Station,Week1,Commonwealth,Week4,298.0 Sully Station - 102.0 Commonwealth
Stratford,Week2,Mansion House,Week2,278.0 Mansion House - 119.0 Stratford
Springfield,Week4,Springfield,Week4,155.0 Springfield (S1) - 155.0 Springfield (S2)
Stratford,Week2,Cottontail,Week4,249.0 Cottontail - 153.0 Stratford
Stratford,Week2,Truro,Week1,210.0 Truro - 192.0 Stratford
Springfield,Week3,Springfield,Week1,169.0 Springfield (S2) - 128.0 Springfield (S1)
Springfield,Week2,Mansion House,Week3,368.0 Mansion House - 32.0 Springfield
Stratford,Week4,Mansion House,Week3,287.0 Mansion House - 115.0 Stratford
Stratford,Week2,Cottontail,Week3,240.0 Cottontail - 162.0 Stratford
Stratford,Week4,Cottontail,Week5,237.0 Cottontail - 165.0 Stratford
Stratford,Week4,Sully Station II,Week1,272.0 Sully Station II - 130.0 Stratford
Sully Station,Week5,Commonwealth,Week4,312.0 Sully Station - 90.0 Commonwealth
Springfield,Week5,Long Branch,Week4,358.0 Long Branch - 44.0 Springfield
Stratford,Week4,Sully Station II,Week2,303.0 Sully Station II - 99.0 Stratford
Stratford,Week1,Mansion House,Week1,291.0 Mansion House - 110.0 Stratford
Stratford,Week4,Cottontail,Week2,229.5 Cottontail - 172.5 Stratford
Stratford,Week3,Country Club Hills,Week4,221.0 Country Club Hills - 181.0 Stratford
Sully Station,Week4,Commonwealth,Week2,282.0 Sully Station - 120.0 Commonwealth
Springfield,Week3,Springfield,Week4,190.0 Springfield (S2) - 119.0 Springfield (S1)
Stratford,Week3,Country Club Hills,Week5,248.0 Country Club Hills - 154.0 Stratford
Sully Station,Week5,Chesterbrook,Week4,281.0 Chesterbrook - 121.0 Sully Station
Springfield,Week3,Mansion House,Week3,367.0 Mansion House - 33.0 Springfield
Springfield,Week5,Springboard,Week4,333.0 Springboard - 57.0 Springfield
Springfield,Week1,Springfield,Week3,169.0 Springfield (S1) - 128.0 Springfield (S2)
Stratford,Week1,Mansion House,Week4,277.0 Mansion House - 125.0 Stratford
Stratford,Week2,Mansion House,Week4,274.0 Mansion House - 123.0 Stratford
Springfield,Week2,Mansion House,Week2,356.0 Mansion House - 40.0 Springfield
Springfield,Week1,Hunt Valley,Week4,389.0 Hunt Valley - 13.0 Springfield
Springfield,Week2,Langley,Week2,369.0 Langley - 29.0 Springfield
Stratford,Week2,Truro,Week3,202.0 Stratford - 200.0 Truro
Sully Station,Week1,Commonwealth,Week3,289.0 Sully Station - 111.0 Commonwealth
Springfield,Week3,Springfield,Week5,148.0 Springfield (S2) - 146.0 Springfield (S1)
Stratford,Week5,Cottontail,Week4,231.0 Cottontail - 171.0 Stratford
Springfield,Week5,Springfield,Week2,163.0 Springfield (S1) - 133.0 Springfield (S2)
Springfield,Week3,Long Branch,Week4,345.0 Long Branch - 56.0 Springfield
Springfield,Week5,Long Branch,Week5,355.0 Long Branch - 46.0 Springfield
Stratford,Week3,Truro,Week1,208.0 Truro - 194.0 Stratford
Stratford,Week5,Long Branch,Week3,202.0 Long Branch - 200.0 Stratford
Springfield,Week3,Mansion House,Week2,352.0 Mansion House - 41.0 Springfield
Stratford,Week1,Country Club Hills,Week2,242.0 Country Club Hills - 160.0 Stratford
Stratford,Week4,Mansion House,Week4,252.0 Mansion House - 150.0 Stratford
Sully Station,Week2,Commonwealth,Week4,285.0 Sully Station - 117.0 Commonwealth
Sully Station,Week1,Commonwealth,Week1,314.0 Sully Station - 83.0 Commonwealth
Springfield,Week5,Langley,Week1,382.0 Langley - 17.0 Springfield
Stratford,Week5,Sully Station II,Week3,325.0 Sully Station II - 72.0 Stratford
Springfield,Week5,Springfield,Week3,148.0 Springfield (S1) - 146.0 Springfield (S2)
Stratford,Week3,Mansion House,Week5,281.0 Mansion House - 121.0 Stratford
Stratford,Week4,Mansion House,Week5,266.0 Mansion House - 136.0 Stratford
Stratford,Week3,Cottontail,Week3,222.0 Cottontail - 180.0 Stratford
Stratford,Week3,Truro,Week2,221.0 Stratford - 180.0 Truro
Springfield,Week4,Langley,Week4,375.0 Langley - 25.0 Springfield
Stratford,Week1,Mansion House,Week2,282.0 Mansion House - 119.0 Stratford
Stratford,Week1,Country Club Hills,Week3,230.0 Country Club Hills - 171.0 Stratford
Sully Station,Week3,Commonwealth,Week3,276.0 Sully Station - 125.0 Commonwealth
Stratford,Week1,Truro,Week3,228.0 Truro - 173.0 Stratford
Springfield,Week1,Stratford,Week3,319.0 Stratford - 78.0 Springfield
Springfield,Week5,Mansion House,Week3,377.0 Mansion House - 23.0 Springfield
Stratford,Week4,Mansion House,Week2,262.0 Mansion House - 140.0 Stratford
Springfield,Week3,Mansion House,Week4,344.0 Mansion House - 45.0 Springfield
Stratford,Week1,Mansion House,Week5,293.0 Mansion House - 109.0 Stratford
Stratford,Week4,Mansion House,Week1,256.0 Mansion House - 146.0 Stratford
Stratford,Week4,Truro,Week1,207.0 Stratford - 195.0 Truro
Springfield,Week5,Lakeview,Week2,331.0 Lakeview - 65.0 Springfield
Stratford,Week5,Long Branch,Week5,239.0 Long Branch - 163.0 Stratford
Stratford,Week3,Truro,Week3,208.0 Stratford - 194.0 Truro
Stratford,Week4,Cottontail,Week4,229.0 Cottontail - 173.0 Stratford
Sully Station,Week1,Commonwealth,Week5,289.0 Sully Station - 112.0 Commonwealth
Springfield,Week4,Mansion House,Week5,362.0 Mansion House - 40.0 Springfield
Sully Station,Week5,Chesterbrook,Week3,291.0 Chesterbrook - 111.0 Sully Station
Springfield,Week1,Stratford,Week4,326.0 Stratford - 73.0 Springfield
Stratford,Week5,Cottontail,Week2,231.0 Cottontail - 171.0 Stratford
Springfield,Week4,Lakeview,Week5,286.0 Lakeview - 94.0 Springfield
Springfield,Week4,Stratford,Week4,328.0 Stratford - 73.0 Springfield
Stratford,Week1,Country Club Hills,Week1,228.0 Country Club Hills - 173.0 Stratford
Stratford,Week4,Truro,Week2,250.0 Stratford - 151.0 Truro
Springfield,Week5,Lakeview,Week3,330.0 Lakeview - 61.0 Springfield
Stratford,Week5,Sully Station II,Week5,333.0 Sully Station II - 69.0 Stratford
Stratford,Week3,Cottontail,Week4,236.0 Cottontail - 166.0 Stratford
Springfield,Week5,Mansion House,Week5,380.0 Mansion House - 20.0 Springfield
Springfield,Week1,Stratford,Week2,315.0 Stratford - 77.0 Springfield
Springfield,Week1,Stratford,Week1,297.0 Stratford - 78.0 Springfield
Springfield,Week4,Lakeview,Week3,310.0 Lakeview - 88.0 Springfield
Sully Station,Week3,Commonwealth,Week1,298.0 Sully Station - 100.0 Commonwealth
Springfield,Week4,Lakeview,Week4,319.0 Lakeview - 74.0 Springfield
Springfield,Week1,Mantua,Week1,356.0 Mantua - 34.0 Springfield
Springfield,Week4,Mansion House,Week4,340.0 Mansion House - 56.0 Springfield
Sully Station,Week2,Commonwealth,Week5,269.0 Sully Station - 133.0 Commonwealth
Sully Station,Week2,Commonwealth,Week1,305.0 Sully Station - 91.0 Commonwealth
Stratford,Week2,Truro,Week4,209.0 Truro - 193.0 Stratford
Sully Station,Week2,Commonwealth,Week3,277.0 Sully Station - 125.0 Commonwealth
Stratford,Week1,Country Club Hills,Week5,260.5 Country Club Hills - 141.5 Stratford
Stratford,Week1,Truro,Week4,236.0 Truro - 165.0 Stratford
Stratford,Week3,Mansion House,Week2,253.0 Mansion House - 149.0 Stratford
Sully Station,Week2,Commonwealth,Week2,267.0 Sully Station - 135.0 Commonwealth
Sully Station,Week5,Chesterbrook,Week5,277.0 Chesterbrook - 125.0 Sully Station
Stratford,Week2,Country Club Hills,Week4,236.0 Country Club Hills - 166.0 Stratford
Springfield,Week5,Lakeview,Week5,310.0 Lakeview - 66.0 Springfield
Stratford,Week3,Country Club Hills,Week2,220.0 Country Club Hills - 182.0 Stratford
Springfield,Week1,Stratford,Week5,326.0 Stratford - 65.0 Springfield
Springfield,Week2,Langley,Week5,364.0 Langley - 34.0 Springfield
Stratford,Week2,Truro,Week2,208.0 Stratford - 188.0 Truro
Springfield,Week2,Stratford,Week4,348.0 Stratford - 52.0 Springfield
Springfield,Week2,Stratford,Week5,333.0 Stratford - 51.0 Springfield
Springfield,Week1,Mantua,Week4,380.0 Mantua - 22.0 Springfield
Stratford,Week3,Mansion House,Week1,282.0 Mansion House - 120.0 Stratford
Springfield,Week5,Mansion House,Week2,362.0 Mansion House - 29.0 Springfield
Stratford,Week5,Sully Station II,Week2,309.0 Sully Station II - 92.0 Stratford
Stratford,Week5,Mansion House,Week2,261.0 Mansion House - 141.0 Stratford
Stratford,Week2,Country Club Hills,Week3,236.0 Country Club Hills - 166.0 Stratford
Stratford,Week3,Mansion House,Week4,265.0 Mansion House - 137.0 Stratford
Stratford,Week2,Country Club Hills,Week1,238.0 Country Club Hills - 164.0 Stratford
Springfield,Week1,Mantua,Week3,387.0 Mantua - 15.0 Springfield
Springfield,Week2,Stratford,Week2,335.0 Stratford - 57.0 Springfield
Sully Station,Week3,Commonwealth,Week2,276.0 Sully Station - 125.0 Commonwealth
Springfield,Week5,Lakeview,Week4,335.0 Lakeview - 51.0 Springfield
Sully Station,Week3,Commonwealth,Week5,276.0 Sully Station - 126.0 Commonwealth
Springfield,Week1,Langley,Week5,369.0 Langley - 27.0 Springfield
Stratford,Week4,Truro,Week3,230.0 Stratford - 172.0 Truro
Stratford,Week1,Mansion House,Week3,297.0 Mansion House - 104.0 Stratford
Springfield,Week5,Mansion House,Week4,353.0 Mansion House - 38.0 Springfield
Springfield,Week2,Sully Station,Week3,370.0 Sully Station - 30.0 Springfield
Springfield,Week1,Mantua,Week5,383.0 Mantua - 19.0 Springfield
Springfield,Week1,Langley,Week2,375.0 Langley - 21.0 Springfield
Springfield,Week2,Sully Station,Week1,369.0 Sully Station - 27.0 Springfield
Stratford,Week2,Country Club Hills,Week2,239.0 Country Club Hills - 163.0 Stratford
Stratford,Week1,Truro,Week1,238.0 Truro - 163.0 Stratford
Stratford,Week5,Mansion House,Week1,288.5 Mansion House - 113.5 Stratford
Springfield,Week2,Langley,Week3,363.0 Langley - 38.0 Springfield
Springfield,Week2,Stratford,Week1,311.0 Stratford - 64.0 Springfield
Springfield,Week3,Stratford,Week2,332.0 Stratford - 59.0 Springfield
Stratford,Week2,Crosspointe,Week3,309.0 Crosspointe - 93.0 Stratford
Stratford,Week2,Truro,Week5,200.0 Stratford - 197.0 Truro
Stratford,Week1,Crosspointe,Week4,314.0 Crosspointe - 88.0 Stratford
Stratford,Week2,Mansion House,Week5,292.0 Mansion House - 110.0 Stratford
Stratford,Week1,Truro,Week5,235.0 Truro - 166.0 Stratford
Springfield,Week1,Langley,Week3,379.0 Langley - 21.0 Springfield
Springfield,Week1,Mantua,Week2,365.0 Mantua - 35.0 Springfield
Springfield,Week2,Mantua,Week1,360.0 Mantua - 25.0 Springfield
Stratford,Week5,Mansion House,Week3,295.0 Mansion House - 107.0 Stratford
Sully Station,Week4,Commonwealth,Week3,287.0 Sully Station - 115.0 Commonwealth
Stratford,Week1,Crosspointe,Week2,305.0 Crosspointe - 97.0 Stratford
Springfield,Week3,Langley,Week2,366.0 Langley - 31.0 Springfield
Springfield,Week2,Langley,Week1,374.0 Langley - 25.0 Springfield
Sully Station,Week4,Commonwealth,Week4,289.0 Sully Station - 113.0 Commonwealth
Sully Station,Week4,Commonwealth,Week1,318.0 Sully Station - 83.0 Commonwealth
Springfield,Week5,Mansion House,Week1,371.5 Mansion House - 24.5 Springfield
Springfield,Week3,Stratford,Week4,341.0 Stratford - 57.0 Springfield
Stratford,Week1,Crosspointe,Week5,324.0 Crosspointe - 78.0 Stratford
Stratford,Week2,Mansion House,Week3,302.0 Mansion House - 100.0 Stratford
Stratford,Week3,Truro,Week4,202.0 Stratford - 200.0 Truro
Sully Station,Week4,Commonwealth,Week5,283.0 Sully Station - 119.0 Commonwealth
Springfield,Week3,Stratford,Week1,306.0 Stratford - 66.0 Springfield
Sully Station,Week5,Commonwealth,Week3,302.0 Sully Station - 100.0 Commonwealth
Sully Station,Week5,Commonwealth,Week1,336.0 Sully Station - 65.0 Commonwealth
Springfield,Week3,Langley,Week3,374.0 Langley - 26.0 Springfield
Stratford,Week3,Mantua,Week3,342.0 Mantua - 60.0 Stratford
Sully Station,Week5,Cottontail,Week1,265.0 Sully Station - 137.0 Cottontail
Stratford,Week3,Truro,Week5,203.0 Stratford - 199.0 Truro
Stratford,Week1,Mantua,Week3,330.0 Mantua - 72.0 Stratford
Springfield,Week3,Stratford,Week5,330.0 Stratford - 58.0 Springfield
Sully Station,Week5,Commonwealth,Week2,294.0 Sully Station - 107.0 Commonwealth
Springfield,Week1,Langley,Week4,383.0 Langley - 17.0 Springfield
Springfield,Week4,Stratford,Week2,325.0 Stratford - 68.0 Springfield
Stratford,Week4,Country Club Hills,Week2,211.0 Country Club Hills - 191.0 Stratford
Springfield,Week4,Stratford,Week3,318.0 Stratford - 80.0 Springfield
Springfield,Week4,Langley,Week1,370.0 Langley - 30.0 Springfield
Stratford,Week4,Tuckahoe,Week1,353.0 Tuckahoe - 49.0 Stratford
Stratford,Week4,Truro,Week4,219.0 Stratford - 183.0 Truro
Springfield,Week3,Langley,Week4,377.0 Langley - 22.0 Springfield
Springfield,Week1,Langley,Week1,378.0 Langley - 21.0 Springfield
Stratford,Week5,Crosspointe,Week2,293.5 Crosspointe - 108.5 Stratford
Springfield,Week5,Stratford,Week2,339.0 Stratford - 53.0 Springfield
Stratford,Week5,Sully Station II,Week4,308.0 Sully Station II - 94.0 Stratford
Stratford,Week1,Truro,Week2,206.0 Truro - 195.0 Stratford
Sully Station,Week1,Country Club Hills,Week1,284.0 Sully Station - 118.0 Country Club Hills
Sully Station,Week3,Cottontail,Week3,270.0 Sully Station - 132.0 Cottontail
Springfield,Week5,Lakeview,Week1,315.0 Lakeview - 81.0 Springfield
Stratford,Week4,Mantua,Week4,305.0 Mantua - 97.0 Stratford
Stratford,Week2,Mantua,Week1,297.0 Mantua - 100.0 Stratford
Stratford,Week4,Mantua,Week2,270.0 Mantua - 132.0 Stratford
Stratford,Week3,Mantua,Week1,295.0 Mantua - 107.0 Stratford
Stratford,Week4,Crosspointe,Week1,275.0 Crosspointe - 127.0 Stratford
Springfield,Week4,Stratford,Week5,325.5 Stratford - 66.5 Springfield
Springfield,Week1,Sully Station,Week1,363.0 Sully Station - 37.0 Springfield
Stratford,Week5,Crosspointe,Week1,296.0 Crosspointe - 106.0 Stratford
Stratford,Week2,Crosspointe,Week1,315.0 Crosspointe - 87.0 Stratford
Stratford,Week2,Tuckahoe,Week4,375.0 Tuckahoe - 27.0 Stratford
Stratford,Week4,Country Club Hills,Week4,217.0 Country Club Hills - 185.0 Stratford
Springfield,Week3,Stratford,Week3,331.0 Stratford - 65.0 Springfield
Stratford,Week5,Country Club Hills,Week1,204.0 Country Club Hills - 193.0 Stratford
Stratford,Week2,McLean,Week5,357.0 McLean - 45.0 Stratford
Springfield,Week2,Stratford,Week3,333.0 Stratford - 64.0 Springfield
Stratford,Week4,Country Club Hills,Week3,207.0 Country Club Hills - 195.0 Stratford
Stratford,Week1,McLean,Week3,345.0 McLean - 57.0 Stratford
Springfield,Week4,Langley,Week2,371.0 Langley - 27.0 Springfield
Stratford,Week1,Tuckahoe,Week2,373.0 Tuckahoe - 29.0 Stratford
Springfield,Week2,Langley,Week4,376.0 Langley - 22.0 Springfield
Springfield,Week4,Langley,Week3,364.5 Langley - 36.5 Springfield
Sully Station,Week3,Cottontail,Week5,245.0 Sully Station - 157.0 Cottontail
Sully Station,Week1,Country Club Hills,Week2,288.0 Sully Station - 114.0 Country Club Hills
Stratford,Week2,Tuckahoe,Week1,367.0 Tuckahoe - 35.0 Stratford
Springfield,Week4,Oakton ,Week3,384.0 Oakton - 13.0 Springfield
Sully Station,Week1,Country Club Hills,Week5,260.0 Sully Station - 142.0 Country Club Hills
Stratford,Week3,McLean,Week2,330.0 McLean - 72.0 Stratford
Springfield,Week5,Stratford,Week5,338.0 Stratford - 54.0 Springfield
Sully Station,Week2,Cottontail,Week2,260.0 Sully Station - 142.0 Cottontail
Stratford,Week5,Mantua,Week4,295.5 Mantua - 106.5 Stratford
Stratford,Week1,Mantua,Week4,310.0 Mantua - 92.0 Stratford
Stratford,Week1,Crosspointe,Week1,310.0 Crosspointe - 92.0 Stratford
Stratford,Week5,Truro,Week4,205.5 Truro - 196.5 Stratford
Stratford,Week1,Crosspointe,Week3,313.0 Crosspointe - 89.0 Stratford
Sully Station,Week5,Cottontail,Week5,270.0 Sully Station - 132.0 Cottontail
Springfield,Week4,Oakton ,Week5,390.0 Oakton - 7.0 Springfield
Stratford,Week5,Truro,Week5,206.0 Truro - 195.0 Stratford
Springfield,Week5,Stratford,Week4,348.0 Stratford - 50.0 Springfield
Springfield,Week3,Langley,Week5,368.0 Langley - 29.0 Springfield
Springfield,Week4,Stratford,Week1,295.0 Stratford - 85.0 Springfield
Stratford,Week3,Crosspointe,Week3,299.0 Crosspointe - 103.0 Stratford
Stratford,Week2,Crosspointe,Week2,328.0 Crosspointe - 74.0 Stratford
Springfield,Week4,Langley,Week5,362.0 Langley - 31.0 Springfield
Springfield,Week3,Langley,Week1,379.0 Langley - 20.0 Springfield
Stratford,Week2,McLean,Week3,353.0 McLean - 44.0 Stratford
Stratford,Week2,Mantua,Week4,299.0 Mantua - 103.0 Stratford
Springfield,Week1,Old Keene Mill,Week5,325.0 Old Keene Mill - 70.0 Springfield
Springfield,Week1,Sully Station,Week3,371.0 Sully Station - 30.0 Springfield
Sully Station,Week5,Commonwealth,Week5,298.0 Sully Station - 104.0 Commonwealth
Stratford,Week3,Tuckahoe,Week3,372.0 Tuckahoe - 30.0 Stratford
Stratford,Week3,Tuckahoe,Week4,373.0 Tuckahoe - 29.0 Stratford
Stratford,Week5,Mantua,Week5,314.0 Mantua - 88.0 Stratford
Stratford,Week1,Tuckahoe,Week4,376.0 Tuckahoe - 26.0 Stratford
Stratford,Week4,Crosspointe,Week2,275.0 Crosspointe - 127.0 Stratford
Sully Station,Week4,Cottontail,Week3,260.0 Sully Station - 142.0 Cottontail
Springfield,Week5,Langley,Week3,379.0 Langley - 21.0 Springfield
Springfield,Week2,Old Keene Mill,Week4,329.0 Old Keene Mill - 66.0 Springfield
Stratford,Week5,Country Club Hills,Week3,207.0 Stratford - 195.0 Country Club Hills
Springfield,Week3,Old Keene Mill,Week1,324.0 Old Keene Mill - 66.0 Springfield
Springfield,Week4,Laurel Hill,Week2,267.0 Laurel Hill - 112.0 Springfield
Springfield,Week3,Laurel Hill,Week3,324.0 Laurel Hill - 59.0 Springfield
Stratford,Week4,Country Club Hills,Week1,213.5 Country Club Hills - 188.5 Stratford
Springfield,Week3,Old Keene Mill,Week3,342.0 Old Keene Mill - 57.0 Springfield
Springfield,Week5,Stratford,Week1,313.0 Stratford - 59.0 Springfield
Sully Station,Week1,Cottontail,Week3,284.0 Sully Station - 118.0 Cottontail
Stratford,Week4,McLean,Week2,326.0 McLean - 76.0 Stratford
Stratford,Week5,Truro,Week1,212.0 Truro - 190.0 Stratford
Springfield,Week1,Sully Station,Week2,356.5 Sully Station - 40.5 Springfield
Stratford,Week3,Tuckahoe,Week5,375.0 Tuckahoe - 27.0 Stratford
Springfield,Week1,Laurel Hill,Week3,312.0 Laurel Hill - 71.0 Springfield
Springfield,Week1,Sully Station,Week4,369.0 Sully Station - 33.0 Springfield
Sully Station,Week1,Cottontail,Week2,264.0 Sully Station - 138.0 Cottontail
Stratford,Week2,Tuckahoe,Week3,372.0 Tuckahoe - 30.0 Stratford
Stratford,Week3,McLean,Week4,333.0 McLean - 69.0 Stratford
Springfield,Week1,Sully Station II,Week5,387.0 Sully Station II - 14.0 Springfield
Sully Station,Week4,Cottontail,Week1,264.0 Sully Station - 138.0 Cottontail
Stratford,Week5,Truro,Week3,220.0 Stratford - 182.0 Truro
Stratford,Week5,Country Club Hills,Week5,260.0 Country Club Hills - 142.0 Stratford
Springfield,Week3,Old Keene Mill,Week5,340.0 Old Keene Mill - 59.0 Springfield
Sully Station,Week2,Cottontail,Week4,249.0 Sully Station - 153.0 Cottontail
Springfield,Week1,Sully Station,Week5,361.0 Sully Station - 40.0 Springfield
Springfield,Week3,Laurel Hill,Week1,311.0 Laurel Hill - 61.0 Springfield
Springfield,Week2,Sully Station,Week2,364.0 Sully Station - 32.0 Springfield
Springfield,Week2,Oakton ,Week5,387.0 Oakton - 15.0 Springfield
Springfield,Week5,Laurel Hill,Week3,320.0 Laurel Hill - 62.0 Springfield
Stratford,Week4,Truro,Week5,216.0 Stratford - 186.0 Truro
Springfield,Week2,Laurel Hill,Week1,292.0 Laurel Hill - 83.0 Springfield
Springfield,Week2,Laurel Hill,Week4,321.0 Laurel Hill - 66.0 Springfield
Stratford,Week2,Tuckahoe,Week5,374.5 Tuckahoe - 27.5 Stratford
Stratford,Week2,Tuckahoe,Week2,376.0 Tuckahoe - 26.0 Stratford
Stratford,Week4,Crosspointe,Week3,275.0 Crosspointe - 127.0 Stratford
Springfield,Week5,Stratford,Week3,339.0 Stratford - 58.0 Springfield
Stratford,Week1,Mantua,Week5,322.0 Mantua - 80.0 Stratford
Sully Station,Week2,Cottontail,Week3,265.0 Sully Station - 137.0 Cottontail
Springfield,Week1,Lee Graham,Week3,384.5 Lee Graham - 13.5 Springfield
Springfield,Week5,Oakton ,Week2,390.0 Oakton - 7.0 Springfield
Stratford,Week4,Crosspointe,Week5,310.0 Crosspointe - 92.0 Stratford
Springfield,Week5,Oakton ,Week5,392.0 Oakton - 5.0 Springfield
Stratford,Week4,Country Club Hills,Week5,237.0 Country Club Hills - 165.0 Stratford
Stratford,Week5,Truro,Week2,226.0 Stratford - 172.0 Truro
Stratford,Week5,Country Club Hills,Week2,204.0 Country Club Hills - 198.0 Stratford
Springfield,Week2,Oakton ,Week4,385.0 Oakton - 16.0 Springfield
Sully Station,Week4,Cottontail,Week4,259.0 Sully Station - 143.0 Cottontail
Springfield,Week1,Sully Station II,Week1,357.0 Sully Station II - 33.0 Springfield
Stratford,Week3,Mantua,Week5,321.0 Mantua - 81.0 Stratford
Sully Station,Week1,Cottontail,Week1,265.0 Sully Station - 137.0 Cottontail
Stratford,Week3,Mantua,Week2,296.5 Mantua - 105.5 Stratford
Stratford,Week1,McLean,Week5,351.5 McLean - 50.5 Stratford
Stratford,Week2,Mantua,Week3,323.0 Mantua - 79.0 Stratford
Stratford,Week1,Mantua,Week1,298.0 Mantua - 104.0 Stratford
Stratford,Week2,McLean,Week2,347.5 McLean - 54.5 Stratford
Stratford,Week5,Country Club Hills,Week4,207.0 Country Club Hills - 195.0 Stratford
Sully Station,Week2,Cottontail,Week5,240.0 Sully Station - 162.0 Cottontail
Springfield,Week1,Laurel Hill,Week4,308.0 Laurel Hill - 73.0 Springfield
Stratford,Week3,Vienna Aquatic,Week2,311.0 Vienna Aquatic - 91.0 Stratford
Springfield,Week1,Old Keene Mill,Week4,336.0 Old Keene Mill - 56.0 Springfield
Springfield,Week4,Sully Station,Week1,373.0 Sully Station - 28.0 Springfield
Springfield,Week3,Sully Station,Week1,369.0 Sully Station - 27.0 Springfield
Springfield,Week5,Sully Station,Week4,381.5 Sully Station - 20.5 Springfield
Springfield,Week4,Oakton ,Week1,379.0 Oakton - 18.0 Springfield
Stratford,Week3,Vienna Aquatic,Week4,329.0 Vienna Aquatic - 73.0 Stratford
Sully Station,Week4,Cottontail,Week2,261.0 Sully Station - 141.0 Cottontail
Springfield,Week1,Old Keene Mill,Week1,321.5 Old Keene Mill - 69.5 Springfield
Stratford,Week2,Crosspointe,Week4,316.0 Crosspointe - 86.0 Stratford
Springfield,Week4,Sully Station,Week4,376.0 Sully Station - 26.0 Springfield
Springfield,Week5,Langley,Week5,371.0 Langley - 18.0 Springfield
Springfield,Week5,Sully Station,Week2,371.0 Sully Station - 26.0 Springfield
Springfield,Week4,Oakton ,Week4,387.0 Oakton - 15.0 Springfield
Sully Station,Week3,Cottontail,Week4,259.0 Sully Station - 143.0 Cottontail
Stratford,Week4,Mantua,Week1,281.0 Mantua - 121.0 Stratford
Springfield,Week2,Old Keene Mill,Week1,321.0 Old Keene Mill - 70.0 Springfield
Springfield,Week1,Lee Graham,Week4,383.0 Lee Graham - 19.0 Springfield
Stratford,Week2,Mantua,Week5,314.0 Mantua - 88.0 Stratford
Stratford,Week3,Crosspointe,Week4,303.0 Crosspointe - 99.0 Stratford
Stratford,Week1,Tuckahoe,Week1,373.0 Tuckahoe - 29.0 Stratford
Stratford,Week3,Crosspointe,Week2,294.0 Crosspointe - 108.0 Stratford
Stratford,Week2,Mantua,Week2,292.0 Mantua - 110.0 Stratford
Springfield,Week5,Langley,Week4,381.0 Langley - 20.0 Springfield
Springfield,Week2,Lee Graham,Week1,368.0 Lee Graham - 34.0 Springfield
Stratford,Week1,Mantua,Week2,292.5 Mantua - 109.5 Stratford
Stratford,Week5,Tuckahoe,Week4,380.0 Tuckahoe - 22.0 Stratford
Stratford,Week2,Crosspointe,Week5,326.0 Crosspointe - 76.0 Stratford
Stratford,Week3,Tuckahoe,Week2,367.0 Tuckahoe - 35.0 Stratford
Sully Station,Week1,Cottontail,Week5,257.0 Sully Station - 145.0 Cottontail
Stratford,Week1,Tuckahoe,Week3,371.0 Tuckahoe - 31.0 Stratford
Springfield,Week5,Oakton ,Week3,388.0 Oakton - 9.0 Springfield
Springfield,Week5,Laurel Hill,Week5,321.0 Laurel Hill - 51.0 Springfield
Sully Station,Week2,Cottontail,Week1,245.0 Sully Station - 157.0 Cottontail
Springfield,Week3,Sully Station II,Week1,348.0 Sully Station II - 44.0 Springfield
Stratford,Week3,Crosspointe,Week1,310.0 Crosspointe - 92.0 Stratford
Sully Station,Week3,Cottontail,Week2,262.0 Sully Station - 140.0 Cottontail
Springfield,Week3,Oakton ,Week4,384.0 Oakton - 16.0 Springfield
Sully Station,Week3,Cottontail,Week1,252.0 Sully Station - 150.0 Cottontail
Springfield,Week3,Oakton ,Week1,379.0 Oakton - 17.0 Springfield
Sully Station,Week4,Cottontail,Week5,257.0 Sully Station - 145.0 Cottontail
Stratford,Week4,Crosspointe,Week4,280.0 Crosspointe - 122.0 Stratford
Stratford,Week3,Crosspointe,Week5,321.0 Crosspointe - 81.0 Stratford
Springfield,Week3,Sully Station,Week3,370.0 Sully Station - 30.0 Springfield
Springfield,Week3,Sully Station II,Week5,382.0 Sully Station II - 19.0 Springfield
Stratford,Week5,Mantua,Week1,291.0 Mantua - 110.0 Stratford
Springfield,Week1,Laurel Hill,Week5,313.0 Laurel Hill - 66.0 Springfield
Stratford,Week5,Daventry,Week4,265.0 Stratford - 137.0 Daventry
Stratford,Week3,Mantua,Week4,310.0 Mantua - 92.0 Stratford
Springfield,Week1,Lee Graham,Week2,385.0 Lee Graham - 17.0 Springfield
Springfield,Week4,Sully Station,Week2,368.0 Sully Station - 29.0 Springfield
Stratford,Week5,Tuckahoe,Week2,379.0 Tuckahoe - 23.0 Stratford
Springfield,Week3,Oakton ,Week5,382.0 Oakton - 20.0 Springfield
Stratford,Week4,Mantua,Week3,323.0 Mantua - 79.0 Stratford
Stratford,Week1,Vienna Aquatic,Week4,324.0 Vienna Aquatic - 78.0 Stratford
Sully Station,Week5,Cottontail,Week2,273.0 Sully Station - 129.0 Cottontail
Stratford,Week1,Tuckahoe,Week5,372.0 Tuckahoe - 30.0 Stratford
Stratford,Week1,Daventry,Week5,218.0 Stratford - 178.0 Daventry
Sully Station,Week1,Cottontail,Week4,268.0 Sully Station - 134.0 Cottontail
Springfield,Week5,Langley,Week2,376.0 Langley - 20.0 Springfield
Springfield,Week4,Sully Station II,Week1,351.0 Sully Station II - 44.0 Springfield
Springfield,Week4,Sully Station II,Week2,370.0 Sully Station II - 28.0 Springfield
Stratford,Week4,Mantua,Week5,304.0 Mantua - 98.0 Stratford
Stratford,Week5,Mantua,Week3,327.0 Mantua - 75.0 Stratford
Springfield,Week3,Sully Station II,Week3,375.0 Sully Station II - 25.0 Springfield
Springfield,Week3,Sully Station,Week2,370.0 Sully Station - 26.0 Springfield
Stratford,Week3,Daventry,Week5,239.0 Stratford - 162.0 Daventry
Stratford,Week5,Mantua,Week2,277.0 Mantua - 124.0 Stratford
Stratford,Week5,Daventry,Week5,236.0 Stratford - 165.0 Daventry
Stratford,Week4,Tuckahoe,Week5,372.0 Tuckahoe - 30.0 Stratford
Springfield,Week3,Laurel Hill,Week5,323.0 Laurel Hill - 56.0 Springfield
Sully Station,Week5,Cottontail,Week3,287.0 Sully Station - 115.0 Cottontail
Stratford,Week3,Daventry,Week3,240.0 Stratford - 160.0 Daventry
Springfield,Week2,Laurel Hill,Week3,315.0 Laurel Hill - 70.0 Springfield
Stratford,Week1,Vienna Aquatic,Week5,336.0 Vienna Aquatic - 66.0 Stratford
Stratford,Week3,Tuckahoe,Week1,359.0 Tuckahoe - 43.0 Stratford
Stratford,Week5,Tuckahoe,Week5,381.0 Tuckahoe - 21.0 Stratford
Sully Station,Week5,Cottontail,Week4,276.0 Sully Station - 126.0 Cottontail
Springfield,Week3,Oakton ,Week2,378.0 Oakton - 24.0 Springfield
Sully Station,Week1,Country Club Hills,Week4,285.0 Sully Station - 117.0 Country Club Hills
Stratford,Week1,McLean,Week1,332.0 McLean - 65.0 Stratford
Sully Station,Week2,Country Club Hills,Week3,254.5 Sully Station - 147.5 Country Club Hills
Springfield,Week3,Oakton ,Week3,378.0 Oakton - 14.0 Springfield
Stratford,Week4,Tuckahoe,Week4,376.0 Tuckahoe - 26.0 Stratford
Springfield,Week5,Oakton ,Week4,396.0 Oakton - 5.0 Springfield
Springfield,Week3,Laurel Hill,Week2,289.0 Laurel Hill - 86.0 Springfield
Sully Station,Week1,Country Club Hills,Week3,285.0 Sully Station - 117.0 Country Club Hills
Stratford,Week2,Daventry,Week4,257.0 Stratford - 145.0 Daventry
Springfield,Week1,Lee Graham,Week5,387.0 Lee Graham - 15.0 Springfield
Springfield,Week4,Oakton ,Week2,385.0 Oakton - 12.0 Springfield
Stratford,Week1,McLean,Week2,333.0 McLean - 69.0 Stratford
Stratford,Week2,Daventry,Week2,251.0 Stratford - 150.0 Daventry
Springfield,Week4,Sully Station II,Week3,376.0 Sully Station II - 24.0 Springfield
Springfield,Week1,Laurel Hill,Week1,293.0 Laurel Hill - 81.0 Springfield
Springfield,Week5,Oakton ,Week1,387.0 Oakton - 10.0 Springfield
Sully Station,Week2,Country Club Hills,Week4,269.0 Sully Station - 133.0 Country Club Hills
Stratford,Week1,Vienna Aquatic,Week1,331.0 Vienna Aquatic - 71.0 Stratford
Stratford,Week2,McLean,Week4,352.0 McLean - 50.0 Stratford
Springfield,Week2,Oakton ,Week3,381.0 Oakton - 16.0 Springfield
Stratford,Week2,McLean,Week1,339.0 McLean - 63.0 Stratford
Stratford,Week1,Vienna Aquatic,Week2,327.0 Vienna Aquatic - 75.0 Stratford
Stratford,Week3,Daventry,Week2,258.0 Stratford - 143.0 Daventry
Stratford,Week1,McLean,Week4,336.0 McLean - 61.0 Stratford
Springfield,Week4,Laurel Hill,Week1,285.0 Laurel Hill - 95.0 Springfield
Springfield,Week2,Laurel Hill,Week2,282.0 Laurel Hill - 91.0 Springfield
Springfield,Week2,Sully Station,Week5,374.0 Sully Station - 26.0 Springfield
Sully Station,Week2,Country Club Hills,Week5,248.0 Sully Station - 154.0 Country Club Hills
Springfield,Week1,Sully Station II,Week3,378.0 Sully Station II - 22.0 Springfield
Stratford,Week3,Daventry,Week1,264.0 Stratford - 138.0 Daventry
Springfield,Week3,Laurel Hill,Week4,327.0 Laurel Hill - 60.0 Springfield
Stratford,Week5,Tuckahoe,Week3,373.0 Tuckahoe - 29.0 Stratford
Springfield,Week5,Sully Station,Week5,375.0 Sully Station - 27.0 Springfield
Springfield,Week2,Old Keene Mill,Week2,341.0 Old Keene Mill - 57.0 Springfield
Stratford,Week5,Crosspointe,Week4,294.0 Crosspointe - 108.0 Stratford
Stratford,Week3,McLean,Week3,342.0 McLean - 60.0 Stratford
Springfield,Week1,Old Keene Mill,Week2,337.0 Old Keene Mill - 60.0 Springfield
Stratford,Week3,McLean,Week5,348.0 McLean - 54.0 Stratford
Springfield,Week4,Sully Station,Week3,371.0 Sully Station - 31.0 Springfield
Springfield,Week4,Laurel Hill,Week3,305.0 Laurel Hill - 82.0 Springfield
Springfield,Week5,Sully Station,Week1,375.0 Sully Station - 25.0 Springfield
Springfield,Week2,Old Keene Mill,Week5,330.0 Old Keene Mill - 61.0 Springfield
Stratford,Week2,Vienna Aquatic,Week2,332.0 Vienna Aquatic - 70.0 Stratford
Springfield,Week2,Laurel Hill,Week5,315.0 Laurel Hill - 62.0 Springfield
Sully Station,Week5,Country Club Hills,Week4,291.5 Sully Station - 110.5 Country Club Hills
Springfield,Week2,Old Keene Mill,Week3,336.0 Old Keene Mill - 63.0 Springfield
Stratford,Week1,Daventry,Week3,236.0 Stratford - 160.0 Daventry
Stratford,Week3,McLean,Week1,331.0 McLean - 71.0 Stratford
Sully Station,Week2,Country Club Hills,Week2,259.0 Sully Station - 143.0 Country Club Hills
Sully Station,Week2,Country Club Hills,Week1,260.0 Sully Station - 142.0 Country Club Hills
Stratford,Week4,Daventry,Week5,245.0 Stratford - 157.0 Daventry
Sully Station,Week3,Country Club Hills,Week1,273.0 Sully Station - 129.0 Country Club Hills
Stratford,Week2,Vienna Aquatic,Week1,327.0 Vienna Aquatic - 75.0 Stratford
Springfield,Week2,Sully Station,Week4,374.0 Sully Station - 27.0 Springfield
Stratford,Week1,Vienna Aquatic,Week3,341.0 Vienna Aquatic - 61.0 Stratford
Stratford,Week2,Daventry,Week1,240.0 Stratford - 162.0 Daventry
Springfield,Week1,Laurel Hill,Week2,274.0 Laurel Hill - 109.0 Springfield
Springfield,Week1,Old Keene Mill,Week3,336.0 Old Keene Mill - 62.0 Springfield
Sully Station,Week3,Crosspointe,Week5,232.0 Crosspointe - 170.0 Sully Station
Springfield,Week3,Orange Hunt,Week1,361.0 Orange Hunt - 38.0 Springfield
Stratford,Week4,McLean,Week3,339.0 McLean - 63.0 Stratford
Springfield,Week1,Sully Station II,Week4,369.0 Sully Station II - 30.0 Springfield
Stratford,Week2,Vienna Aquatic,Week4,333.0 Vienna Aquatic - 69.0 Stratford
Springfield,Week3,Sully Station,Week4,377.0 Sully Station - 25.0 Springfield
Springfield,Week5,Laurel Hill,Week1,304.0 Laurel Hill - 70.0 Springfield
Stratford,Week2,Vienna Aquatic,Week3,335.0 Vienna Aquatic - 67.0 Stratford
Sully Station,Week2,Crosspointe,Week1,225.0 Crosspointe - 177.0 Sully Station
Stratford,Week4,McLean,Week1,322.0 McLean - 80.0 Stratford
Springfield,Week4,Laurel Hill,Week5,312.0 Laurel Hill - 66.0 Springfield
Stratford,Week2,Bren Mar-Edsall Park,Week5,313.0 Stratford - 84.0 Bren Mar-Edsall Park
Springfield,Week4,Sully Station,Week5,374.0 Sully Station - 28.0 Springfield
Springfield,Week3,Old Keene Mill,Week2,341.0 Old Keene Mill - 57.0 Springfield
Stratford,Week4,Daventry,Week2,263.0 Stratford - 138.0 Daventry
Stratford,Week4,Daventry,Week1,270.0 Stratford - 132.0 Daventry
Stratford,Week4,Tuckahoe,Week3,371.0 Tuckahoe - 31.0 Stratford
Stratford,Week3,Bren Mar-Edsall Park,Week3,348.0 Stratford - 54.0 Bren Mar-Edsall Park
Stratford,Week5,McLean,Week1,342.0 McLean - 60.0 Stratford
Springfield,Week4,Laurel Hill,Week4,310.0 Laurel Hill - 77.0 Springfield
Sully Station,Week5,Country Club Hills,Week1,279.0 Sully Station - 123.0 Country Club Hills
Stratford,Week1,Daventry,Week1,229.0 Stratford - 167.0 Daventry
Springfield,Week3,Old Keene Mill,Week4,336.0 Old Keene Mill - 59.0 Springfield
Stratford,Week2,Daventry,Week3,235.0 Stratford - 166.0 Daventry
Sully Station,Week1,Crosspointe,Week3,209.0 Sully Station - 193.0 Crosspointe
Sully Station,Week3,Country Club Hills,Week5,263.0 Sully Station - 139.0 Country Club Hills
Springfield,Week5,Old Keene Mill,Week5,339.0 Old Keene Mill - 56.0 Springfield
Springfield,Week5,Sully Station,Week3,372.5 Sully Station - 27.5 Springfield
Springfield,Week5,Lakevale Estates,Week3,381.0 Lakevale Estates - 10.0 Springfield
Springfield,Week5,Old Keene Mill,Week3,348.0 Old Keene Mill - 49.0 Springfield
Stratford,Week1,Brookfield ,Week2,259.0 Brookfield - 143.0 Stratford
Stratford,Week2,Vienna Aquatic,Week5,340.0 Vienna Aquatic - 62.0 Stratford
Springfield,Week1,Sully Station II,Week2,374.0 Sully Station II - 24.0 Springfield
Springfield,Week4,Old Keene Mill,Week2,334.0 Old Keene Mill - 64.0 Springfield
Sully Station,Week3,Country Club Hills,Week4,278.0 Sully Station - 124.0 Country Club Hills
Stratford,Week4,Tuckahoe,Week2,363.0 Tuckahoe - 39.0 Stratford
Stratford,Week1,Mosby Woods,Week2,299.0 Mosby Woods - 103.0 Stratford
Stratford,Week5,McLean,Week2,328.0 McLean - 74.0 Stratford
Springfield,Week5,Laurel Hill,Week2,288.0 Laurel Hill - 96.0 Springfield
Stratford,Week5,Daventry,Week2,260.0 Stratford - 140.0 Daventry
Sully Station,Week4,Country Club Hills,Week2,277.5 Sully Station - 124.5 Country Club Hills
Stratford,Week5,McLean,Week5,347.0 McLean - 55.0 Stratford
Stratford,Week3,Daventry,Week4,263.0 Stratford - 139.0 Daventry
Stratford,Week2,Brookfield ,Week5,247.0 Brookfield - 155.0 Stratford
Springfield,Week1,Lee Graham,Week1,376.0 Lee Graham - 26.0 Springfield
Stratford,Week3,Brookfield ,Week5,230.0 Brookfield - 172.0 Stratford
Springfield,Week2,Sully Station II,Week4,362.0 Sully Station II - 37.0 Springfield
Springfield,Week3,Sully Station,Week5,368.0 Sully Station - 31.0 Springfield
Stratford,Week1,Brookfield ,Week5,270.0 Brookfield - 127.0 Stratford
Springfield,Week1,Orange Hunt,Week1,371.0 Orange Hunt - 31.0 Springfield
Springfield,Week2,Sully Station II,Week1,352.0 Sully Station II - 42.0 Springfield
Stratford,Week1,Mosby Woods,Week3,296.0 Mosby Woods - 106.0 Stratford
Springfield,Week1,Orange Hunt,Week5,371.0 Orange Hunt - 27.0 Springfield
Springfield,Week5,Laurel Hill,Week4,324.0 Laurel Hill - 56.0 Springfield
Stratford,Week5,McLean,Week3,343.0 McLean - 59.0 Stratford
Stratford,Week1,Daventry,Week4,245.0 Stratford - 155.0 Daventry
Stratford,Week3,Vienna Aquatic,Week1,316.0 Vienna Aquatic - 86.0 Stratford
Stratford,Week5,Tuckahoe,Week1,369.0 Tuckahoe - 33.0 Stratford
Stratford,Week3,Brookfield ,Week2,250.5 Brookfield - 151.5 Stratford
Springfield,Week1,Orange Hunt,Week4,360.0 Orange Hunt - 38.0 Springfield
Stratford,Week1,Brookfield ,Week1,263.0 Brookfield - 139.0 Stratford
Springfield,Week2,Orange Hunt,Week2,369.0 Orange Hunt - 31.0 Springfield
Stratford,Week4,Daventry,Week4,276.0 Stratford - 126.0 Daventry
Stratford,Week2,Mosby Woods,Week2,315.0 Mosby Woods - 87.0 Stratford
Sully Station,Week1,Crosspointe,Week5,223.0 Crosspointe - 179.0 Sully Station
Springfield,Week2,Orange Hunt,Week3,372.0 Orange Hunt - 29.0 Springfield
Springfield,Week2,Sully Station II,Week5,381.0 Sully Station II - 20.0 Springfield
Springfield,Week4,Lakevale Estates,Week2,378.0 Lakevale Estates - 23.0 Springfield
Stratford,Week1,Mosby Woods,Week4,306.0 Mosby Woods - 94.0 Stratford
Stratford,Week4,McLean,Week4,334.0 McLean - 68.0 Stratford
Sully Station,Week5,Country Club Hills,Week5,274.0 Sully Station - 128.0 Country Club Hills
Stratford,Week5,Bren Mar-Edsall Park,Week2,350.5 Stratford - 49.5 Bren Mar-Edsall Park
Springfield,Week2,Orange Hunt,Week1,374.0 Orange Hunt - 27.0 Springfield
Stratford,Week4,Bren Mar-Edsall Park,Week3,355.5 Stratford - 46.5 Bren Mar-Edsall Park
Springfield,Week3,Sully Station II,Week2,374.0 Sully Station II - 24.0 Springfield
Stratford,Week3,Vienna Aquatic,Week5,337.0 Vienna Aquatic - 65.0 Stratford
Stratford,Week3,Bren Mar-Edsall Park,Week1,347.0 Stratford - 54.0 Bren Mar-Edsall Park
Stratford,Week3,Vienna Aquatic,Week3,331.0 Vienna Aquatic - 71.0 Stratford
Springfield,Week5,Lakevale Estates,Week1,387.0 Lakevale Estates - 10.0 Springfield
Springfield,Week2,Sully Station II,Week2,371.0 Sully Station II - 27.0 Springfield
Springfield,Week1,Lakeview,Week3,324.0 Lakeview - 67.0 Springfield
Stratford,Week5,Crosspointe,Week5,322.0 Crosspointe - 80.0 Stratford
Stratford,Week4,Vienna Aquatic,Week3,325.0 Vienna Aquatic - 77.0 Stratford
Springfield,Week3,Sully Station II,Week4,368.0 Sully Station II - 33.0 Springfield
Springfield,Week4,Lakevale Estates,Week1,374.5 Lakevale Estates - 22.5 Springfield
Springfield,Week4,Old Keene Mill,Week1,321.0 Old Keene Mill - 71.0 Springfield
Stratford,Week4,Vienna Aquatic,Week2,310.0 Vienna Aquatic - 92.0 Stratford
Springfield,Week2,Sully Station II,Week3,377.0 Sully Station II - 18.0 Springfield
Springfield,Week2,Lakevale Estates,Week2,378.0 Lakevale Estates - 23.0 Springfield
Stratford,Week5,Daventry,Week1,254.0 Stratford - 148.0 Daventry
Stratford,Week4,Daventry,Week3,252.0 Stratford - 150.0 Daventry
Stratford,Week3,Bren Mar-Edsall Park,Week2,351.0 Stratford - 50.0 Bren Mar-Edsall Park
Stratford,Week4,McLean,Week5,342.0 McLean - 60.0 Stratford
Stratford,Week5,Daventry,Week3,257.0 Stratford - 143.0 Daventry
Stratford,Week2,Mosby Woods,Week1,308.0 Mosby Woods - 94.0 Stratford
Sully Station,Week5,Country Club Hills,Week3,292.0 Sully Station - 110.0 Country Club Hills
Sully Station,Week1,Crosspointe,Week4,208.5 Sully Station - 193.5 Crosspointe
Sully Station,Week4,Country Club Hills,Week4,281.0 Sully Station - 121.0 Country Club Hills
Springfield,Week1,Lakevale Estates,Week4,393.0 Lakevale Estates - 8.0 Springfield
Stratford,Week4,Vienna Aquatic,Week1,306.0 Vienna Aquatic - 96.0 Stratford
Springfield,Week1,Truro,Week5,326.0 Truro - 64.0 Springfield
Springfield,Week2,Truro,Week4,347.0 Truro - 49.0 Springfield
Stratford,Week4,Vienna Aquatic,Week5,335.0 Vienna Aquatic - 67.0 Stratford
Stratford,Week5,Vienna Aquatic,Week1,322.0 Vienna Aquatic - 80.0 Stratford
Sully Station,Week3,Country Club Hills,Week3,278.0 Sully Station - 124.0 Country Club Hills
Springfield,Week2,Lakevale Estates,Week1,375.0 Lakevale Estates - 22.0 Springfield
Stratford,Week5,Crosspointe,Week3,296.0 Crosspointe - 106.0 Stratford
Stratford,Week2,Daventry,Week5,218.0 Stratford - 178.0 Daventry
Stratford,Week1,Mosby Woods,Week1,302.0 Mosby Woods - 100.0 Stratford
Stratford,Week4,Vienna Aquatic,Week4,316.5 Vienna Aquatic - 85.5 Stratford
Springfield,Week5,Old Keene Mill,Week2,353.0 Old Keene Mill - 45.0 Springfield
Stratford,Week2,Mosby Woods,Week5,313.0 Mosby Woods - 89.0 Stratford
Stratford,Week1,Brookfield ,Week4,269.0 Brookfield - 133.0 Stratford
Springfield,Week1,Truro,Week3,329.5 Truro - 65.5 Springfield
Springfield,Week2,Orange Hunt,Week4,366.0 Orange Hunt - 33.0 Springfield
Springfield,Week3,Lakevale Estates,Week3,364.0 Lakevale Estates - 28.0 Springfield
Springfield,Week2,Orange Hunt,Week5,372.0 Orange Hunt - 25.0 Springfield
Springfield,Week1,Lakevale Estates,Week5,382.0 Lakevale Estates - 20.0 Springfield
Sully Station,Week5,Country Club Hills,Week2,286.0 Sully Station - 116.0 Country Club Hills
Stratford,Week2,Mosby Woods,Week3,306.0 Mosby Woods - 96.0 Stratford
Stratford,Week3,Brookfield ,Week4,253.0 Brookfield - 149.0 Stratford
Sully Station,Week3,Crosspointe,Week2,211.0 Sully Station - 191.0 Crosspointe
Stratford,Week1,Daventry,Week2,233.0 Stratford - 164.0 Daventry
Stratford,Week3,Brookfield ,Week1,245.0 Brookfield - 157.0 Stratford
Stratford,Week5,Bren Mar-Edsall Park,Week3,331.0 Stratford - 71.0 Bren Mar-Edsall Park
Springfield,Week3,Lakevale Estates,Week1,376.0 Lakevale Estates - 21.0 Springfield
Sully Station,Week3,Country Club Hills,Week2,274.0 Sully Station - 128.0 Country Club Hills
Stratford,Week2,Brookfield ,Week3,246.0 Brookfield - 156.0 Stratford
Stratford,Week1,Dominion Hills,Week4,296.0 Dominion Hills - 106.0 Stratford
Springfield,Week4,Old Keene Mill,Week3,325.0 Old Keene Mill - 74.0 Springfield
Sully Station,Week2,Crosspointe,Week5,239.0 Crosspointe - 163.0 Sully Station
Stratford,Week3,Mosby Woods,Week3,295.0 Mosby Woods - 107.0 Stratford
Stratford,Week3,Mosby Woods,Week2,301.5 Mosby Woods - 100.5 Stratford
Springfield,Week3,Orange Hunt,Week4,360.0 Orange Hunt - 34.0 Springfield
Stratford,Week2,Dominion Hills,Week5,288.0 Dominion Hills - 114.0 Stratford
Springfield,Week1,Lakevale Estates,Week1,386.0 Lakevale Estates - 16.0 Springfield
Springfield,Week1,Lakevale Estates,Week2,387.0 Lakevale Estates - 14.0 Springfield
Sully Station,Week3,Crosspointe,Week3,216.0 Crosspointe - 186.0 Sully Station
Springfield,Week5,Lake Braddock,Week5,340.0 Lake Braddock - 59.0 Springfield
Stratford,Week1,Dominion Hills,Week1,252.0 Dominion Hills - 145.0 Stratford
Springfield,Week2,Truro,Week2,320.0 Truro - 56.0 Springfield
Springfield,Week4,Lakevale Estates,Week4,383.0 Lakevale Estates - 18.0 Springfield
Springfield,Week4,Orange Hunt,Week1,361.0 Orange Hunt - 41.0 Springfield
Springfield,Week4,Truro,Week2,303.0 Truro - 83.0 Springfield
Springfield,Week2,Truro,Week1,344.0 Truro - 52.0 Springfield
Stratford,Week1,Mosby Woods,Week5,315.0 Mosby Woods - 87.0 Stratford
Stratford,Week5,Brookfield ,Week5,232.0 Brookfield - 170.0 Stratford
Stratford,Week2,Mosby Woods,Week4,300.0 Mosby Woods - 102.0 Stratford
Stratford,Week3,Mosby Woods,Week1,304.0 Mosby Woods - 98.0 Stratford
Springfield,Week4,Orange Hunt,Week3,362.0 Orange Hunt - 39.0 Springfield
Sully Station,Week1,Crosspointe,Week2,217.0 Sully Station - 185.0 Crosspointe
Springfield,Week1,Tuckahoe,Week1,397.0 Tuckahoe - 4.0 Springfield
Springfield,Week3,Orange Hunt,Week3,365.0 Orange Hunt - 35.0 Springfield
Stratford,Week4,Bren Mar-Edsall Park,Week1,355.0 Stratford - 47.0 Bren Mar-Edsall Park
Springfield,Week5,Truro,Week3,340.0 Truro - 53.0 Springfield
Stratford,Week1,Dominion Hills,Week3,274.0 Dominion Hills - 128.0 Stratford
Sully Station,Week2,Crosspointe,Week4,213.0 Crosspointe - 189.0 Sully Station
Stratford,Week1,Dominion Hills,Week2,276.0 Dominion Hills - 126.0 Stratford
Springfield,Week1,Orange Hunt,Week2,364.0 Orange Hunt - 37.0 Springfield
Springfield,Week4,Orange Hunt,Week4,358.0 Orange Hunt - 42.0 Springfield
Springfield,Week2,Lakevale Estates,Week5,379.5 Lakevale Estates - 21.5 Springfield
Springfield,Week4,Sully Station II,Week5,379.0 Sully Station II - 22.0 Springfield
Stratford,Week5,Bren Mar-Edsall Park,Week5,325.0 Stratford - 77.0 Bren Mar-Edsall Park
Stratford,Week2,Brookfield ,Week1,261.0 Brookfield - 141.0 Stratford
Stratford,Week5,McLean,Week4,336.0 McLean - 66.0 Stratford
Sully Station,Week4,Country Club Hills,Week3,274.0 Sully Station - 128.0 Country Club Hills
Stratford,Week2,Donaldson Run,Week1,337.0 Donaldson Run - 65.0 Stratford
Sully Station,Week4,Country Club Hills,Week1,270.0 Sully Station - 132.0 Country Club Hills
Springfield,Week4,Lakevale Estates,Week5,379.0 Lakevale Estates - 23.0 Springfield
Springfield,Week1,Truro,Week2,309.0 Truro - 77.0 Springfield
Stratford,Week5,Bren Mar-Edsall Park,Week4,328.0 Stratford - 74.0 Bren Mar-Edsall Park
Springfield,Week1,Truro,Week4,339.0 Truro - 56.0 Springfield
Stratford,Week2,Dominion Hills,Week1,239.5 Dominion Hills - 162.5 Stratford
Stratford,Week2,Dominion Hills,Week2,260.0 Dominion Hills - 142.0 Stratford
Sully Station,Week2,Crosspointe,Week3,213.0 Crosspointe - 189.0 Sully Station
Stratford,Week3,Mosby Woods,Week4,284.0 Mosby Woods - 118.0 Stratford
Sully Station II,Week5,Dunn Loring,Week5,207.0 Sully Station II - 195.0 Dunn Loring
Sully Station,Week4,Lincolnia Park,Week5,323.0 Sully Station - 70.0 Lincolnia Park
Sully Station,Week4,Greenbriar,Week4,259.0 Sully Station - 143.0 Greenbriar
Sully Station II,Week5,Dunn Loring,Week4,224.5 Sully Station II - 177.5 Dunn Loring
Sully Station II,Week1,Lakevale Estates,Week1,202.0 Lakevale Estates - 200.0 Sully Station II
Sully Station,Week3,Greenbriar,Week1,250.0 Sully Station - 152.0 Greenbriar
Sully Station II,Week5,Fair Oaks ,Week4,274.0 Sully Station II - 128.0 Fair Oaks
Sully Station II,Week2,Canterbury Woods,Week4,278.0 Sully Station II - 124.0 Canterbury Woods
Sully Station II,Week1,Fair Oaks ,Week5,215.0 Sully Station II - 187.0 Fair Oaks
Sully Station,Week5,Walden Glen,Week2,278.0 Sully Station - 120.0 Walden Glen
Sully Station II,Week1,Canterbury Woods,Week2,279.0 Sully Station II - 123.0 Canterbury Woods
Sully Station II,Week1,Canterbury Woods,Week3,263.0 Sully Station II - 139.0 Canterbury Woods
Sully Station II,Week1,Lake Braddock,Week1,326.5 Sully Station II - 75.5 Lake Braddock
Sully Station II,Week4,Orange Hunt,Week4,208.0 Sully Station II - 194.0 Orange Hunt
Sully Station,Week3,Waynewood,Week3,213.0 Waynewood - 189.0 Sully Station
Sully Station,Week4,Greenbriar,Week1,237.0 Sully Station - 165.0 Greenbriar
Sully Station II,Week1,Parklawn,Week5,274.0 Sully Station II - 128.0 Parklawn
Sully Station,Week1,Waynewood,Week2,214.0 Sully Station - 188.0 Waynewood
Sully Station II,Week5,Lake Braddock,Week5,345.0 Sully Station II - 57.0 Lake Braddock
Sully Station II,Week1,Fairfax,Week4,231.0 Fairfax - 171.0 Sully Station II
Sully Station II,Week3,Fair Oaks ,Week2,298.0 Sully Station II - 104.0 Fair Oaks
Sully Station II,Week5,Camelot,Week2,285.0 Sully Station II - 117.0 Camelot
Sully Station II,Week2,Lake Braddock,Week3,345.0 Sully Station II - 57.0 Lake Braddock
Sully Station II,Week2,Overlee,Week4,332.0 Overlee - 70.0 Sully Station II
Sully Station II,Week5,Orange Hunt,Week1,259.0 Sully Station II - 143.0 Orange Hunt
Sully Station II,Week3,Orange Hunt,Week5,251.0 Sully Station II - 151.0 Orange Hunt
Sully Station,Week1,Greenbriar,Week2,227.0 Sully Station - 175.0 Greenbriar
Sully Station,Week3,Hamlet,Week1,224.0 Hamlet - 178.0 Sully Station
Sully Station II,Week2,Canterbury Woods,Week1,304.0 Sully Station II - 98.0 Canterbury Woods
Sully Station II,Week1,Fairfax,Week2,241.0 Fairfax - 161.0 Sully Station II
Sully Station II,Week3,Lake Braddock,Week3,346.0 Sully Station II - 56.0 Lake Braddock
Sully Station II,Week1,Overlee,Week4,341.5 Overlee - 60.5 Sully Station II
Sully Station II,Week5,Dunn Loring,Week3,204.0 Sully Station II - 198.0 Dunn Loring
Sully Station II,Week1,Canterbury Woods,Week5,266.0 Sully Station II - 136.0 Canterbury Woods
Sully Station II,Week5,Fair Oaks ,Week5,267.0 Sully Station II - 135.0 Fair Oaks
Sully Station,Week4,Walden Glen,Week1,311.0 Sully Station - 91.0 Walden Glen
Sully Station II,Week1,Orange Hunt,Week4,205.0 Sully Station II - 197.0 Orange Hunt
Sully Station II,Week5,Canterbury Woods,Week3,308.0 Sully Station II - 94.0 Canterbury Woods
Sully Station II,Week2,Fair Oaks ,Week4,268.0 Sully Station II - 134.0 Fair Oaks
Sully Station II,Week1,Overlee,Week3,302.0 Overlee - 100.0 Sully Station II
Sully Station,Week1,Lincolnia Park,Week1,342.0 Sully Station - 55.0 Lincolnia Park
Sully Station,Week1,Lincolnia Park,Week5,316.0 Sully Station - 73.0 Lincolnia Park
Sully Station II,Week4,Camelot,Week4,248.0 Sully Station II - 154.0 Camelot
Sully Station,Week5,Walden Glen,Week5,272.0 Sully Station - 129.0 Walden Glen
Sully Station II,Week1,Lake Braddock,Week4,319.0 Sully Station II - 83.0 Lake Braddock
Sully Station II,Week4,Overlee,Week2,320.0 Overlee - 82.0 Sully Station II
Sully Station,Week3,Greenbriar,Week4,257.0 Sully Station - 145.0 Greenbriar
Sully Station,Week3,Lee Graham,Week5,246.0 Lee Graham - 156.0 Sully Station
Sully Station,Week3,Lincolnia Park,Week5,321.0 Sully Station - 72.0 Lincolnia Park
Sully Station II,Week2,Lake Braddock,Week4,347.0 Sully Station II - 55.0 Lake Braddock
Sully Station II,Week3,Canterbury Woods,Week5,293.0 Sully Station II - 109.0 Canterbury Woods
Sully Station II,Week5,Overlee,Week2,286.0 Overlee - 116.0 Sully Station II
Sully Station,Week4,Greenbriar,Week5,251.0 Sully Station - 151.0 Greenbriar
Sully Station,Week5,Greenbriar,Week4,271.0 Sully Station - 131.0 Greenbriar
Sully Station,Week1,Lincolnia Park,Week4,328.0 Sully Station - 71.0 Lincolnia Park
Sully Station,Week4,Lee Graham,Week2,234.0 Lee Graham - 168.0 Sully Station
Sully Station,Week2,Lincolnia Park,Week3,317.0 Sully Station - 71.0 Lincolnia Park
Sully Station,Week2,Greenbriar,Week4,238.0 Sully Station - 164.0 Greenbriar
Sully Station II,Week4,Canterbury Woods,Week1,260.0 Sully Station II - 141.0 Canterbury Woods
Sully Station,Week4,Lee Graham,Week4,233.0 Lee Graham - 169.0 Sully Station
Sully Station II,Week2,Lake Braddock,Week2,345.0 Sully Station II - 57.0 Lake Braddock
Sully Station II,Week5,Orange Hunt,Week4,256.0 Sully Station II - 146.0 Orange Hunt
Sully Station,Week1,Greenbriar,Week4,263.0 Sully Station - 139.0 Greenbriar
Sully Station,Week1,Waynewood,Week5,213.0 Waynewood - 189.0 Sully Station
Sully Station,Week4,Greenbriar,Week2,219.0 Sully Station - 183.0 Greenbriar
Sully Station II,Week1,Lakevale Estates,Week3,232.0 Lakevale Estates - 170.0 Sully Station II
Sully Station II,Week3,Lake Braddock,Week1,354.0 Sully Station II - 48.0 Lake Braddock
Sully Station,Week1,Lincolnia Park,Week2,336.0 Sully Station - 55.0 Lincolnia Park
Sully Station,Week2,Waynewood,Week1,209.0 Sully Station - 193.0 Waynewood
Sully Station,Week2,Lincolnia Park,Week5,309.0 Sully Station - 84.0 Lincolnia Park
Sully Station II,Week3,Lake Braddock,Week4,351.0 Sully Station II - 51.0 Lake Braddock
Sully Station,Week4,Walden Glen,Week5,272.0 Sully Station - 130.0 Walden Glen
Sully Station II,Week4,Lake Braddock,Week3,318.0 Sully Station II - 84.0 Lake Braddock
Sully Station,Week1,Greenbriar,Week1,239.0 Sully Station - 163.0 Greenbriar
Sully Station II,Week1,Lake Braddock,Week2,312.0 Sully Station II - 89.0 Lake Braddock
Sully Station II,Week3,Fair Oaks ,Week3,250.0 Sully Station II - 152.0 Fair Oaks
Sully Station II,Week4,Canterbury Woods,Week3,262.0 Sully Station II - 140.0 Canterbury Woods
Sully Station,Week3,Waynewood,Week4,217.0 Sully Station - 185.0 Waynewood
Sully Station II,Week2,Overlee,Week1,289.0 Overlee - 113.0 Sully Station II
Sully Station,Week5,Walden Glen,Week4,282.0 Sully Station - 119.0 Walden Glen
Sully Station II,Week3,Canterbury Woods,Week1,310.0 Sully Station II - 92.0 Canterbury Woods
Sully Station,Week3,Greenbriar,Week5,235.0 Sully Station - 167.0 Greenbriar
Sully Station II,Week1,Fair Oaks ,Week1,221.0 Sully Station II - 181.0 Fair Oaks
Sully Station II,Week2,Overlee,Week3,292.0 Overlee - 110.0 Sully Station II
Sully Station,Week4,Greenbriar,Week3,251.0 Sully Station - 151.0 Greenbriar
Sully Station,Week5,Highland Park,Week3,266.0 Sully Station - 136.0 Highland Park
Sully Station II,Week1,Fair Oaks ,Week4,228.0 Sully Station II - 174.0 Fair Oaks
Sully Station,Week1,Lincolnia Park,Week3,318.0 Sully Station - 71.0 Lincolnia Park
Sully Station II,Week3,Orange Hunt,Week1,249.0 Sully Station II - 153.0 Orange Hunt
Sully Station II,Week1,Cardinal Hill,Week5,204.0 Sully Station II - 198.0 Cardinal Hill
Sully Station,Week2,Waynewood,Week3,219.0 Waynewood - 183.0 Sully Station
Sully Station,Week1,Waynewood,Week3,204.0 Sully Station - 198.0 Waynewood
Sully Station II,Week2,Fair Oaks ,Week5,243.0 Sully Station II - 159.0 Fair Oaks
Sully Station,Week3,Walden Glen,Week4,271.0 Sully Station - 131.0 Walden Glen
Sully Station,Week4,Waynewood,Week4,206.0 Sully Station - 196.0 Waynewood
Sully Station,Week5,Walden Glen,Week3,285.5 Sully Station - 115.5 Walden Glen
Sully Station,Week4,Lee Graham,Week1,243.0 Lee Graham - 159.0 Sully Station
Sully Station,Week3,Lincolnia Park,Week2,349.0 Sully Station - 43.0 Lincolnia Park
Sully Station II,Week4,Canterbury Woods,Week5,270.0 Sully Station II - 132.0 Canterbury Woods
Sully Station II,Week5,Lake Braddock,Week1,363.5 Sully Station II - 38.5 Lake Braddock
Sully Station,Week4,Walden Glen,Week4,287.0 Sully Station - 115.0 Walden Glen
Sully Station,Week1,Highlands Swim,Week3,238.5 Highlands Swim - 163.5 Sully Station
Sully Station II,Week1,Lake Braddock,Week3,312.0 Sully Station II - 90.0 Lake Braddock
Sully Station,Week1,Hamlet,Week5,228.0 Hamlet - 174.0 Sully Station
Sully Station,Week5,Lincolnia Park,Week2,344.0 Sully Station - 49.0 Lincolnia Park
Sully Station II,Week5,Canterbury Woods,Week4,298.0 Sully Station II - 104.0 Canterbury Woods
Sully Station II,Week1,Parklawn,Week1,286.0 Sully Station II - 107.0 Parklawn
Sully Station II,Week4,Fair Oaks ,Week1,221.0 Sully Station II - 181.0 Fair Oaks
Sully Station II,Week2,Lake Braddock,Week1,350.0 Sully Station II - 52.0 Lake Braddock
Sully Station II,Week4,Fair Oaks ,Week2,255.0 Sully Station II - 147.0 Fair Oaks
Sully Station,Week5,Lincolnia Park,Week1,349.0 Sully Station - 53.0 Lincolnia Park
Sully Station,Week1,Hamlet,Week4,206.0 Hamlet - 196.0 Sully Station
Sully Station II,Week5,Canterbury Woods,Week5,302.0 Sully Station II - 100.0 Canterbury Woods
Sully Station,Week5,Highland Park,Week5,250.0 Sully Station - 152.0 Highland Park
Sully Station II,Week2,Lake Braddock,Week5,331.0 Sully Station II - 71.0 Lake Braddock
Sully Station,Week3,Walden Glen,Week3,277.0 Sully Station - 125.0 Walden Glen
Sully Station II,Week2,Overlee,Week2,303.0 Overlee - 99.0 Sully Station II
Sully Station II,Week1,Cardinal Hill,Week4,203.0 Cardinal Hill - 199.0 Sully Station II
Sully Station,Week3,Highland Park,Week3,255.0 Sully Station - 147.0 Highland Park
Sully Station II,Week3,Fair Oaks ,Week5,244.0 Sully Station II - 158.0 Fair Oaks
Sully Station,Week3,Greenbriar,Week2,231.0 Sully Station - 171.0 Greenbriar
Sully Station II,Week4,Lake Braddock,Week4,324.0 Sully Station II - 78.0 Lake Braddock
Sully Station II,Week1,Canterbury Woods,Week4,260.0 Sully Station II - 142.0 Canterbury Woods
Sully Station,Week4,Waynewood,Week2,217.0 Sully Station - 185.0 Waynewood
Sully Station,Week4,Waynewood,Week3,221.0 Waynewood - 181.0 Sully Station
Sully Station II,Week5,Dunn Loring,Week2,220.0 Sully Station II - 182.0 Dunn Loring
Sully Station II,Week4,Overlee,Week3,315.0 Overlee - 87.0 Sully Station II
Sully Station II,Week4,Overlee,Week1,313.0 Overlee - 89.0 Sully Station II
Sully Station,Week2,Highland Park,Week4,222.0 Sully Station - 180.0 Highland Park
Sully Station,Week5,Lincolnia Park,Week5,331.0 Sully Station - 62.0 Lincolnia Park
Sully Station II,Week4,Lake Braddock,Week5,306.0 Sully Station II - 96.0 Lake Braddock
Sully Station,Week3,Greenbriar,Week3,243.0 Sully Station - 159.0 Greenbriar
Sully Station,Week4,Waynewood,Week1,227.0 Sully Station - 175.0 Waynewood
Sully Station,Week4,Lincolnia Park,Week4,337.0 Sully Station - 65.0 Lincolnia Park
Sully Station II,Week3,Lake Braddock,Week5,345.0 Sully Station II - 57.0 Lake Braddock
Sully Station,Week4,Lincolnia Park,Week3,319.0 Sully Station - 74.0 Lincolnia Park
Sully Station II,Week1,Canterbury Woods,Week1,278.0 Sully Station II - 124.0 Canterbury Woods
Sully Station,Week1,Highlands Swim,Week1,229.0 Highlands Swim - 173.0 Sully Station
Sully Station,Week5,Lincolnia Park,Week4,343.0 Sully Station - 59.0 Lincolnia Park
Sully Station II,Week4,Fair Oaks ,Week4,238.0 Sully Station II - 164.0 Fair Oaks
Sully Station II,Week5,Lake Braddock,Week2,350.0 Sully Station II - 52.0 Lake Braddock
Sully Station,Week1,Hamlet,Week1,210.0 Hamlet - 192.0 Sully Station
Sully Station,Week4,Woodley,Week3,326.5 Sully Station - 75.5 Woodley
Sully Station II,Week1,Overlee,Week1,293.0 Overlee - 109.0 Sully Station II
Sully Station,Week2,Highlands Swim,Week1,243.0 Highlands Swim - 159.0 Sully Station
Sully Station II,Week2,Canterbury Woods,Week2,300.0 Sully Station II - 102.0 Canterbury Woods
Sully Station,Week1,Little Hunting Park,Week1,305.0 Sully Station - 97.0 Little Hunting Park
Sully Station,Week2,Greenbriar,Week3,239.0 Sully Station - 163.0 Greenbriar
Sully Station II,Week4,Fair Oaks ,Week3,222.0 Sully Station II - 180.0 Fair Oaks
Sully Station,Week1,Greenbriar,Week5,247.0 Sully Station - 155.0 Greenbriar
Sully Station II,Week4,Overlee,Week4,346.0 Overlee - 56.0 Sully Station II
Sully Station,Week5,Greenbriar,Week2,251.0 Sully Station - 151.0 Greenbriar
Sully Station II,Week5,Lake Braddock,Week3,348.0 Sully Station II - 54.0 Lake Braddock
Sully Station II,Week5,Camelot,Week3,294.0 Sully Station II - 108.0 Camelot
Sully Station II,Week4,Camelot,Week5,241.0 Sully Station II - 161.0 Camelot
Sully Station II,Week4,Fair Oaks ,Week5,213.0 Sully Station II - 189.0 Fair Oaks
Sully Station II,Week3,Overlee,Week4,325.0 Overlee - 77.0 Sully Station II
Sully Station,Week4,Highland Park,Week5,254.5 Sully Station - 147.5 Highland Park
Sully Station,Week2,Greenbriar,Week5,230.0 Sully Station - 172.0 Greenbriar
Sully Station II,Week5,Fair Oaks ,Week3,271.0 Sully Station II - 131.0 Fair Oaks
Sully Station II,Week1,Lake Braddock,Week5,301.0 Sully Station II - 100.0 Lake Braddock
Sully Station,Week5,Highland Park,Week4,257.0 Sully Station - 145.0 Highland Park
Sully Station,Week3,Waynewood,Week5,212.0 Waynewood - 190.0 Sully Station
Sully Station,Week4,Woodley,Week5,310.0 Sully Station - 92.0 Woodley
Sully Station,Week1,Little Hunting Park,Week3,301.0 Sully Station - 101.0 Little Hunting Park
Sully Station,Week1,Little Hunting Park,Week4,300.0 Sully Station - 102.0 Little Hunting Park
Sully Station,Week2,Greenbriar,Week1,236.0 Sully Station - 166.0 Greenbriar
Sully Station,Week2,Greenbriar,Week2,226.0 Sully Station - 176.0 Greenbriar
Sully Station,Week1,Little Hunting Park,Week2,305.0 Sully Station - 97.0 Little Hunting Park
Sully Station II,Week3,Canterbury Woods,Week2,303.0 Sully Station II - 94.0 Canterbury Woods
Sully Station,Week2,Highlands Swim,Week2,254.0 Highlands Swim - 148.0 Sully Station
Sully Station II,Week5,Orange Hunt,Week5,235.0 Sully Station II - 167.0 Orange Hunt
Sully Station II,Week4,Overlee,Week5,347.0 Overlee - 55.0 Sully Station II
Sully Station II,Week2,Canterbury Woods,Week3,282.0 Sully Station II - 120.0 Canterbury Woods
Sully Station II,Week3,Canterbury Woods,Week4,291.0 Sully Station II - 111.0 Canterbury Woods
Sully Station,Week1,Little Hunting Park,Week5,271.0 Sully Station - 131.0 Little Hunting Park
Sully Station,Week5,Highland Park,Week1,232.0 Sully Station - 170.0 Highland Park
Sully Station,Week3,Highland Park,Week4,235.0 Sully Station - 167.0 Highland Park
Sully Station,Week3,Highland Park,Week5,227.0 Sully Station - 175.0 Highland Park
Sully Station II,Week4,Canterbury Woods,Week2,279.0 Sully Station II - 123.0 Canterbury Woods
Sully Station,Week3,Woodley,Week1,314.0 Sully Station - 88.0 Woodley
Sully Station,Week3,Waynewood,Week2,210.0 Sully Station - 192.0 Waynewood
Sully Station II,Week2,Overlee,Week5,325.0 Overlee - 77.0 Sully Station II
Sully Station,Week2,Hamlet,Week3,238.0 Hamlet - 164.0 Sully Station
Sully Station II,Week3,Lake Braddock,Week2,342.0 Sully Station II - 60.0 Lake Braddock
Sully Station II,Week3,Fair Oaks ,Week1,271.0 Sully Station II - 131.0 Fair Oaks
Sully Station II,Week2,Fair Oaks ,Week2,290.0 Sully Station II - 112.0 Fair Oaks
Sully Station II,Week3,Overlee,Week2,279.5 Overlee - 122.5 Sully Station II
Sully Station II,Week3,Canterbury Woods,Week3,309.0 Sully Station II - 93.0 Canterbury Woods
Sully Station,Week5,Lincolnia Park,Week3,330.0 Sully Station - 63.0 Lincolnia Park
Sully Station II,Week4,Lake Braddock,Week1,336.0 Sully Station II - 66.0 Lake Braddock
Sully Station,Week1,Greenbriar,Week3,248.0 Sully Station - 154.0 Greenbriar
Sully Station II,Week1,Overlee,Week2,307.0 Overlee - 95.0 Sully Station II
Sully Station,Week3,Woodley,Week3,320.0 Sully Station - 82.0 Woodley
Sully Station,Week1,Woodley,Week2,319.0 Sully Station - 83.0 Woodley
Sully Station II,Week4,Lake Braddock,Week2,325.0 Sully Station II - 77.0 Lake Braddock
Sully Station II,Week5,Fair Oaks ,Week1,269.0 Sully Station II - 133.0 Fair Oaks
Sully Station,Week1,Highlands Swim,Week4,230.0 Highlands Swim - 172.0 Sully Station
Sully Station II,Week3,Fair Oaks ,Week4,277.0 Sully Station II - 125.0 Fair Oaks
Sully Station II,Week5,Lake Braddock,Week4,355.0 Sully Station II - 47.0 Lake Braddock
Sully Station II,Week1,Lakevale Estates,Week2,206.0 Lakevale Estates - 196.0 Sully Station II
Sully Station,Week5,Greenbriar,Week5,250.0 Sully Station - 152.0 Greenbriar
Sully Station II,Week4,Canterbury Woods,Week4,249.0 Sully Station II - 153.0 Canterbury Woods
Sully Station,Week1,Highlands Swim,Week5,246.0 Highlands Swim - 156.0 Sully Station
Sully Station II,Week5,Orange Hunt,Week3,258.0 Sully Station II - 144.0 Orange Hunt
Sully Station,Week2,Woodley,Week3,317.7 Sully Station - 84.3 Woodley
Sully Station II,Week5,Orange Hunt,Week2,251.0 Sully Station II - 151.0 Orange Hunt
Sully Station II,Week1,Fairfax,Week1,218.0 Fairfax - 184.0 Sully Station II
Sully Station II,Week5,Fair Oaks ,Week2,303.0 Sully Station II - 99.0 Fair Oaks
Sully Station,Week3,Woodley,Week2,320.0 Sully Station - 82.0 Woodley
Sully Station II,Week1,Lakevale Estates,Week4,259.0 Lakevale Estates - 143.0 Sully Station II
Sully Station,Week5,Greenbriar,Week3,257.0 Sully Station - 145.0 Greenbriar
Sully Station,Week4,Woodley,Week2,319.0 Sully Station - 83.0 Woodley
Sully Station II,Week2,Lakevale Estates,Week1,213.0 Sully Station II - 189.0 Lakevale Estates
Sully Station II,Week2,Fairfax,Week3,232.0 Fairfax - 170.0 Sully Station II
Sully Station,Week1,Woodley,Week1,315.0 Sully Station - 87.0 Woodley
Sully Station II,Week1,Cardinal Hill,Week1,210.0 Cardinal Hill - 192.0 Sully Station II
Sully Station II,Week3,Overlee,Week5,322.0 Overlee - 80.0 Sully Station II
Sully Station II,Week3,Overlee,Week3,271.0 Overlee - 131.0 Sully Station II
Sully Station,Week2,Highlands Swim,Week3,249.0 Highlands Swim - 153.0 Sully Station
Sully Station II,Week2,Lakevale Estates,Week3,203.0 Lakevale Estates - 199.0 Sully Station II
Sully Station II,Week5,Canterbury Woods,Week2,315.0 Sully Station II - 87.0 Canterbury Woods
Sully Station,Week1,Woodley,Week3,321.0 Sully Station - 81.0 Woodley
Sully Station,Week1,Hamlet,Week2,221.0 Hamlet - 181.0 Sully Station
Sully Station II,Week1,Cardinal Hill,Week2,205.0 Sully Station II - 197.0 Cardinal Hill
Sully Station II,Week1,Fairfax Club Estates,Week5,265.0 Sully Station II - 136.0 Fairfax Club Estates
Sully Station,Week2,Hamlet,Week1,226.0 Hamlet - 176.0 Sully Station
Sully Station II,Week5,Canterbury Woods,Week1,312.0 Sully Station II - 90.0 Canterbury Woods
Sully Station II,Week3,Fairfax,Week4,216.0 Sully Station II - 186.0 Fairfax
Sully Station II,Week1,Lakevale Estates,Week5,259.0 Lakevale Estates - 143.0 Sully Station II
Sully Station II,Week1,Overlee,Week5,338.0 Overlee - 64.0 Sully Station II
Sully Station II,Week1,Fairfax,Week3,238.0 Fairfax - 164.0 Sully Station II
Sully Station,Week5,Highland Park,Week2,256.0 Sully Station - 146.0 Highland Park
Sully Station II,Week3,Overlee,Week1,268.0 Overlee - 134.0 Sully Station II
Sully Station,Week2,Highlands Swim,Week4,242.0 Highlands Swim - 160.0 Sully Station
Sully Station,Week1,Hamlet,Week3,220.0 Hamlet - 182.0 Sully Station
Sully Station,Week1,Highlands Swim,Week2,242.0 Highlands Swim - 160.0 Sully Station
Sully Station,Week4,Highland Park,Week2,251.0 Sully Station - 151.0 Highland Park
Sully Station,Week1,Woodley,Week5,312.0 Sully Station - 90.0 Woodley
Sully Station II,Week2,Fairfax Club Estates,Week5,305.0 Sully Station II - 96.0 Fairfax Club Estates
Sully Station II,Week1,Parklawn,Week3,285.0 Sully Station II - 117.0 Parklawn
Sully Station II,Week1,Fairfax,Week5,248.0 Fairfax - 154.0 Sully Station II
Sully Station II,Week2,Lakevale Estates,Week5,221.0 Lakevale Estates - 181.0 Sully Station II
Sully Station II,Week1,Cardinal Hill,Week3,237.0 Cardinal Hill - 165.0 Sully Station II
Sully Station,Week2,Hamlet,Week2,240.0 Hamlet - 162.0 Sully Station
Sully Station,Week2,Hamlet,Week5,244.0 Hamlet - 158.0 Sully Station
Sully Station,Week4,Highland Park,Week3,256.0 Sully Station - 146.0 Highland Park
Sully Station,Week2,Hamlet,Week4,228.0 Hamlet - 174.0 Sully Station
Sully Station II,Week3,Cardinal Hill,Week4,241.0 Sully Station II - 161.0 Cardinal Hill
Sully Station II,Week4,Lakevale Estates,Week2,234.0 Lakevale Estates - 168.0 Sully Station II
Sully Station II,Week3,Lakevale Estates,Week1,243.0 Sully Station II - 159.0 Lakevale Estates
Sully Station,Week4,Hamlet,Week1,233.0 Hamlet - 169.0 Sully Station
Sully Station,Week5,Waynewood,Week2,227.0 Sully Station - 175.0 Waynewood
Sully Station,Week4,Highland Park,Week1,227.0 Sully Station - 175.0 Highland Park
Sully Station,Week4,Waynewood,Week5,221.0 Waynewood - 181.0 Sully Station
Sully Station II,Week1,Parklawn,Week2,282.0 Sully Station II - 119.0 Parklawn
Sully Station II,Week5,Fairfax,Week2,222.0 Sully Station II - 180.0 Fairfax
Sully Station,Week4,Highland Park,Week4,237.0 Sully Station - 165.0 Highland Park
Sully Station II,Week3,Fairfax,Week3,210.0 Fairfax - 192.0 Sully Station II
Sully Station,Week2,Woodley,Week1,304.0 Sully Station - 98.0 Woodley
Sully Station II,Week5,Overlee,Week4,316.0 Overlee - 86.0 Sully Station II
Sully Station,Week2,Highland Park,Week5,227.0 Sully Station - 175.0 Highland Park
Sully Station II,Week4,Cardinal Hill,Week4,219.0 Cardinal Hill - 183.0 Sully Station II
Sully Station II,Week5,Overlee,Week5,308.0 Overlee - 94.0 Sully Station II
Sully Station,Week2,Woodley,Week2,318.0 Sully Station - 84.0 Woodley
Sully Station,Week3,Hollin Hills,Week2,339.0 Sully Station - 63.0 Hollin Hills
Sully Station,Week5,Greenbriar,Week1,251.0 Sully Station - 151.0 Greenbriar
Sully Station II,Week3,Lakevale Estates,Week3,218.0 Sully Station II - 184.0 Lakevale Estates
Sully Station,Week3,Hamlet,Week3,229.0 Hamlet - 173.0 Sully Station
Sully Station,Week3,Highland Park,Week2,241.0 Sully Station - 161.0 Highland Park
Sully Station,Week3,Hamlet,Week4,218.0 Hamlet - 184.0 Sully Station
Sully Station II,Week4,Cardinal Hill,Week1,220.0 Cardinal Hill - 182.0 Sully Station II
Sully Station II,Week3,Lakevale Estates,Week4,205.0 Sully Station II - 197.0 Lakevale Estates
Sully Station II,Week2,Fairfax Club Estates,Week4,291.0 Sully Station II - 111.0 Fairfax Club Estates
Sully Station,Week5,Waynewood,Week4,229.0 Sully Station - 173.0 Waynewood
Sully Station,Week1,Woodley,Week4,321.0 Sully Station - 81.0 Woodley
Sully Station,Week3,Hollin Meadows,Week3,247.0 Sully Station - 155.0 Hollin Meadows
Sully Station II,Week5,Overlee,Week1,279.0 Overlee - 123.0 Sully Station II
Sully Station II,Week3,Fairfax,Week1,222.0 Sully Station II - 180.0 Fairfax
Sully Station II,Week5,Overlee,Week3,275.0 Overlee - 127.0 Sully Station II
Sully Station II,Week2,Fairfax,Week4,203.0 Fairfax - 199.0 Sully Station II
Sully Station II,Week4,Lakevale Estates,Week1,211.0 Lakevale Estates - 191.0 Sully Station II
Sully Station,Week3,Highland Park,Week1,230.0 Sully Station - 172.0 Highland Park
Sully Station II,Week2,Lakevale Estates,Week4,232.0 Lakevale Estates - 170.0 Sully Station II
Sully Station II,Week4,Lakevale Estates,Week5,264.0 Lakevale Estates - 138.0 Sully Station II
Sully Station,Week2,Woodley,Week5,303.0 Sully Station - 99.0 Woodley
Sully Station II,Week3,Cardinal Hill,Week1,231.0 Sully Station II - 171.0 Cardinal Hill
Sully Station II,Week2,Cardinal Hill,Week3,215.0 Cardinal Hill - 187.0 Sully Station II
Sully Station,Week5,Hamlet,Week3,208.0 Hamlet - 194.0 Sully Station
Sully Station II,Week2,Parklawn,Week1,311.0 Sully Station II - 82.0 Parklawn
Sully Station II,Week4,Lakevale Estates,Week3,241.0 Lakevale Estates - 161.0 Sully Station II
Sully Station II,Week1,Parklawn,Week4,279.0 Sully Station II - 123.0 Parklawn
Sully Station II,Week5,Cardinal Hill,Week4,235.0 Sully Station II - 167.0 Cardinal Hill
Sully Station II,Week4,Cardinal Hill,Week2,209.0 Cardinal Hill - 193.0 Sully Station II
Sully Station II,Week2,Chesterbrook,Week2,303.0 Chesterbrook - 99.0 Sully Station II
Sully Station,Week5,Hollin Hills,Week1,347.0 Sully Station - 51.0 Hollin Hills
Sully Station,Week4,Hollin Hills,Week2,333.0 Sully Station - 69.0 Hollin Hills
Sully Station,Week3,Woodley,Week4,320.0 Sully Station - 82.0 Woodley
Sully Station,Week5,Hamlet,Week4,201.0 Hamlet - 201.0 Sully Station
Sully Station II,Week1,Fairfax Club Estates,Week3,274.0 Sully Station II - 127.0 Fairfax Club Estates
Sully Station,Week3,Hollin Hills,Week5,316.0 Sully Station - 85.0 Hollin Hills
Sully Station II,Week3,Cardinal Hill,Week3,217.0 Sully Station II - 185.0 Cardinal Hill
Sully Station,Week5,Hollin Hills,Week5,331.0 Sully Station - 70.0 Hollin Hills
Sully Station II,Week2,Fairfax Club Estates,Week1,291.0 Sully Station II - 111.0 Fairfax Club Estates
Sully Station,Week5,Hamlet,Week5,217.0 Hamlet - 185.0 Sully Station
Sully Station,Week2,Woodley,Week4,310.0 Sully Station - 92.0 Woodley
Sully Station,Week3,Woodley,Week5,304.0 Sully Station - 98.0 Woodley
Sully Station II,Week3,Fairfax,Week2,202.0 Fairfax - 200.0 Sully Station II
Sully Station II,Week4,Lakevale Estates,Week4,266.0 Lakevale Estates - 136.0 Sully Station II
Sully Station II,Week2,Parklawn,Week4,300.0 Sully Station II - 101.0 Parklawn
Sully Station II,Week2,Parklawn,Week5,306.0 Sully Station II - 96.0 Parklawn
Sully Station II,Week5,Lakevale Estates,Week2,245.0 Sully Station II - 157.0 Lakevale Estates
Sully Station,Week3,Hamlet,Week2,237.0 Hamlet - 165.0 Sully Station
Sully Station II,Week2,Cardinal Hill,Week1,226.0 Sully Station II - 176.0 Cardinal Hill
Sully Station,Week5,Waynewood,Week3,202.0 Waynewood - 200.0 Sully Station
Sully Station II,Week3,Parklawn,Week2,319.0 Sully Station II - 83.0 Parklawn
Sully Station,Week3,Hamlet,Week5,242.0 Hamlet - 160.0 Sully Station
Sully Station II,Week3,Cardinal Hill,Week5,223.0 Sully Station II - 179.0 Cardinal Hill
Sully Station II,Week2,Lakevale Estates,Week2,216.0 Sully Station II - 186.0 Lakevale Estates
Sully Station II,Week5,Fairfax,Week1,244.0 Sully Station II - 158.0 Fairfax
Sully Station,Week4,Hamlet,Week5,241.0 Hamlet - 161.0 Sully Station
Sully Station II,Week5,Fairfax,Week3,202.5 Sully Station II - 199.5 Fairfax
Sully Station,Week5,Waynewood,Week1,236.0 Sully Station - 166.0 Waynewood
Sully Station II,Week3,Parklawn,Week1,318.0 Sully Station II - 75.0 Parklawn
Sully Station II,Week3,Lakevale Estates,Week2,240.0 Sully Station II - 162.0 Lakevale Estates
Sully Station,Week1,Hollin Meadows,Week3,245.0 Sully Station - 157.0 Hollin Meadows
Sully Station,Week2,Hollin Meadows,Week3,242.0 Sully Station - 160.0 Hollin Meadows
Sully Station II,Week5,Fairfax,Week4,234.0 Sully Station II - 168.0 Fairfax
Sully Station,Week3,Hollin Meadows,Week1,239.0 Sully Station - 163.0 Hollin Meadows
Sully Station II,Week3,Parklawn,Week3,327.0 Sully Station II - 75.0 Parklawn
Sully Station II,Week5,Cardinal Hill,Week1,246.0 Sully Station II - 156.0 Cardinal Hill
Sully Station,Week5,Waynewood,Week5,202.0 Waynewood - 200.0 Sully Station
Sully Station II,Week3,Parklawn,Week4,304.5 Sully Station II - 97.5 Parklawn
Sully Station,Week4,Woodley,Week1,327.0 Sully Station - 75.0 Woodley
Sully Station,Week1,Hayfield Farm,Week1,248.0 Sully Station - 154.0 Hayfield Farm
Sully Station,Week4,Hollin Hills,Week1,333.5 Sully Station - 68.5 Hollin Hills
Sully Station II,Week1,Chesterbrook,Week4,328.0 Chesterbrook - 74.0 Sully Station II
Sully Station,Week5,Hamlet,Week2,222.0 Hamlet - 180.0 Sully Station
Sully Station II,Week4,Fairfax,Week4,223.0 Fairfax - 179.0 Sully Station II
Sully Station II,Week5,Fairfax,Week5,208.5 Sully Station II - 193.5 Fairfax
Sully Station,Week4,Woodley,Week4,323.0 Sully Station - 79.0 Woodley
Sully Station II,Week3,Lakevale Estates,Week5,208.0 Lakevale Estates - 194.0 Sully Station II
Sully Station II,Week5,Cardinal Hill,Week5,233.0 Sully Station II - 169.0 Cardinal Hill
Sully Station II,Week1,Fairfax Club Estates,Week1,259.0 Sully Station II - 143.0 Fairfax Club Estates
Sully Station II,Week5,Cardinal Hill,Week2,248.0 Sully Station II - 154.0 Cardinal Hill
Sully Station II,Week2,Parklawn,Week3,319.0 Sully Station II - 83.0 Parklawn
Sully Station II,Week1,Chesterbrook,Week2,314.0 Chesterbrook - 88.0 Sully Station II
Sully Station,Week5,Woodley,Week3,330.0 Sully Station - 71.0 Woodley
Sully Station,Week4,Hamlet,Week2,252.0 Hamlet - 150.0 Sully Station
Sully Station,Week4,Hollin Hills,Week4,330.0 Sully Station - 71.0 Hollin Hills
Sully Station,Week1,Hollin Meadows,Week5,251.0 Sully Station - 151.0 Hollin Meadows
Sully Station II,Week4,Fairfax,Week2,232.0 Fairfax - 170.0 Sully Station II
Sully Station II,Week4,Parklawn,Week2,276.5 Sully Station II - 125.5 Parklawn
Sully Station,Week3,Hollin Hills,Week1,336.0 Sully Station - 65.0 Hollin Hills
Sully Station,Week1,Hollin Meadows,Week4,260.0 Sully Station - 142.0 Hollin Meadows
Sully Station II,Week4,Parklawn,Week3,294.0 Sully Station II - 108.0 Parklawn
Sully Station II,Week2,Fairfax,Week2,220.0 Fairfax - 182.0 Sully Station II
Sully Station,Week5,Woodley,Week2,325.0 Sully Station - 77.0 Woodley
Sully Station II,Week2,Chesterbrook,Week1,293.0 Chesterbrook - 109.0 Sully Station II
Sully Station II,Week2,Fairfax,Week5,231.0 Fairfax - 171.0 Sully Station II
Sully Station,Week1,Hayfield Farm,Week2,251.0 Sully Station - 151.0 Hayfield Farm
Sully Station,Week4,Hamlet,Week4,229.0 Hamlet - 173.0 Sully Station
Sully Station,Week5,Woodley,Week1,314.0 Sully Station - 88.0 Woodley
Sully Station II,Week1,Chesterbrook,Week5,319.0 Chesterbrook - 83.0 Sully Station II
Sully Station II,Week3,Fairfax,Week5,202.0 Fairfax - 200.0 Sully Station II
Sully Station,Week1,Hayfield Farm,Week3,231.0 Sully Station - 171.0 Hayfield Farm
Sully Station II,Week5,Cardinal Hill,Week3,229.0 Sully Station II - 173.0 Cardinal Hill
Sully Station II,Week3,Parklawn,Week5,313.0 Sully Station II - 89.0 Parklawn
Sully Station II,Week4,Parklawn,Week1,306.0 Sully Station II - 87.0 Parklawn
Sully Station,Week5,Hollin Hills,Week3,329.0 Sully Station - 72.0 Hollin Hills
Sully Station,Week5,Woodley,Week4,322.0 Sully Station - 80.0 Woodley
Sully Station II,Week5,Lakevale Estates,Week1,245.0 Sully Station II - 157.0 Lakevale Estates
Sully Station,Week4,Hamlet,Week3,232.0 Hamlet - 170.0 Sully Station
Sully Station II,Week2,Parklawn,Week2,302.0 Sully Station II - 99.0 Parklawn
Sully Station,Week2,Hollin Meadows,Week1,227.0 Sully Station - 175.0 Hollin Meadows
Sully Station II,Week4,Fairfax,Week3,244.0 Fairfax - 158.0 Sully Station II
Sully Station,Week3,Vienna Woods,Week4,234.0 Vienna Woods - 168.0 Sully Station
Sully Station,Week5,Vienna Woods,Week4,204.0 Sully Station - 198.0 Vienna Woods
Sully Station,Week3,Hollin Meadows,Week2,244.5 Sully Station - 157.5 Hollin Meadows
Sully Station,Week5,Hamlet,Week1,211.0 Hamlet - 191.0 Sully Station
Sully Station,Week5,Woodley,Week5,310.0 Sully Station - 92.0 Woodley
Sully Station,Week4,Hollin Hills,Week3,316.0 Sully Station - 86.0 Hollin Hills
Sully Station II,Week4,Cardinal Hill,Week5,220.0 Cardinal Hill - 182.0 Sully Station II
Sully Station II,Week1,Fairfax Club Estates,Week2,273.0 Sully Station II - 127.0 Fairfax Club Estates
Sully Station II,Week4,Cardinal Hill,Week3,244.0 Cardinal Hill - 158.0 Sully Station II
Sully Station II,Week1,Annandale,Week1,299.0 Sully Station II - 103.0 Annandale
Sully Station,Week5,Hollin Hills,Week2,348.0 Sully Station - 50.0 Hollin Hills
Sully Station II,Week2,Cardinal Hill,Week5,218.0 Sully Station II - 184.0 Cardinal Hill
Sully Station,Week1,Villa Aquatic,Week4,266.0 Sully Station - 136.0 Villa Aquatic
Sully Station II,Week2,Cardinal Hill,Week2,234.0 Sully Station II - 168.0 Cardinal Hill
Sully Station II,Week3,Cardinal Hill,Week2,247.0 Sully Station II - 155.0 Cardinal Hill
Sully Station II,Week2,Cardinal Hill,Week4,228.0 Sully Station II - 174.0 Cardinal Hill
Sully Station II,Week4,Fairfax,Week5,254.0 Fairfax - 148.0 Sully Station II
Sully Station,Week5,Hollin Hills,Week4,334.0 Sully Station - 64.0 Hollin Hills
Sully Station,Week5,Vienna Woods,Week3,226.0 Vienna Woods - 176.0 Sully Station
Sully Station II,Week2,Fairfax,Week1,207.0 Sully Station II - 195.0 Fairfax
Sully Station,Week4,Hollin Hills,Week5,312.0 Sully Station - 90.0 Hollin Hills
Sully Station II,Week1,Fairfax Club Estates,Week4,268.0 Sully Station II - 134.0 Fairfax Club Estates
Sully Station II,Week4,Fairfax,Week1,215.0 Fairfax - 187.0 Sully Station II
Sully Station,Week3,Hollin Hills,Week3,321.5 Sully Station - 80.5 Hollin Hills
Sully Station,Week3,Hollin Hills,Week4,338.0 Sully Station - 62.0 Hollin Hills
Sully Station,Week2,Hollin Meadows,Week4,245.0 Sully Station - 157.0 Hollin Meadows
Sully Station,Week1,Hollin Meadows,Week2,241.0 Sully Station - 161.0 Hollin Meadows
Sully Station II,Week1,Chesterbrook,Week3,328.5 Chesterbrook - 73.5 Sully Station II
Sully Station II,Week1,Chesterbrook,Week1,302.0 Chesterbrook - 100.0 Sully Station II
Sully Station II,Week2,Fairfax Club Estates,Week3,297.0 Sully Station II - 104.0 Fairfax Club Estates
Sully Station,Week1,Villa Aquatic,Week2,274.0 Sully Station - 128.0 Villa Aquatic
Sully Station,Week4,Villa Aquatic,Week1,273.0 Sully Station - 129.0 Villa Aquatic
Sully Station,Week4,Villa Aquatic,Week3,236.0 Sully Station - 166.0 Villa Aquatic
Sully Station II,Week4,Fairfax Club Estates,Week2,273.0 Sully Station II - 129.0 Fairfax Club Estates
Sully Station II,Week1,Commonwealth,Week4,281.0 Sully Station II - 120.0 Commonwealth
Sully Station II,Week2,Fairfax Club Estates,Week2,307.0 Sully Station II - 94.0 Fairfax Club Estates
Sully Station II,Week5,Fairfax Club Estates,Week4,302.0 Sully Station II - 100.0 Fairfax Club Estates
Sully Station,Week4,Villa Aquatic,Week5,235.0 Sully Station - 167.0 Villa Aquatic
Sully Station,Week3,Vienna Woods,Week2,231.0 Vienna Woods - 171.0 Sully Station
Sully Station II,Week2,Commonwealth,Week1,302.0 Sully Station II - 99.0 Commonwealth
Sully Station II,Week1,Fairfax Station,Week3,227.0 Fairfax Station - 175.0 Sully Station II
Sully Station,Week2,Hollin Meadows,Week2,240.5 Sully Station - 161.5 Hollin Meadows
Sully Station,Week1,Hollin Meadows,Week1,235.0 Sully Station - 167.0 Hollin Meadows
Sully Station,Week1,Villa Aquatic,Week1,279.0 Sully Station - 123.0 Villa Aquatic
Sully Station II,Week3,Chesterbrook,Week3,313.0 Chesterbrook - 89.0 Sully Station II
Sully Station II,Week5,Chesterbrook,Week1,275.0 Chesterbrook - 127.0 Sully Station II
Sully Station,Week4,Vienna Woods,Week4,220.0 Vienna Woods - 182.0 Sully Station
Sully Station II,Week2,Commonwealth,Week5,289.0 Sully Station II - 113.0 Commonwealth
Sully Station,Week2,Hollin Meadows,Week5,234.0 Sully Station - 168.0 Hollin Meadows
Sully Station II,Week1,Fairfax Station,Week4,204.0 Fairfax Station - 198.0 Sully Station II
Sully Station II,Week4,Fairfax Station,Week1,227.0 Fairfax Station - 175.0 Sully Station II
Sully Station,Week2,Holmes Run Acres,Week3,212.0 Sully Station - 190.0 Holmes Run Acres
Sully Station II,Week3,Fairfax Club Estates,Week2,315.0 Sully Station II - 87.0 Fairfax Club Estates
Sully Station II,Week5,Chesterbrook,Week4,304.0 Chesterbrook - 98.0 Sully Station II
Sully Station,Week3,Vienna Woods,Week3,235.0 Vienna Woods - 167.0 Sully Station
Sully Station,Week3,Holmes Run Acres,Week1,278.0 Sully Station - 124.0 Holmes Run Acres
Sully Station,Week3,Vienna Woods,Week5,257.0 Vienna Woods - 145.0 Sully Station
Sully Station,Week3,Holmes Run Acres,Week4,256.0 Sully Station - 146.0 Holmes Run Acres
Sully Station,Week4,Holmes Run Acres,Week3,224.0 Sully Station - 178.0 Holmes Run Acres
Sully Station II,Week4,Chesterbrook,Week3,351.0 Chesterbrook - 51.0 Sully Station II
Sully Station,Week5,Langley,Week4,212.0 Sully Station - 190.0 Langley
Sully Station,Week1,Langley,Week2,201.0 Langley - 201.0 Sully Station
Sully Station,Week3,Holmes Run Acres,Week2,261.0 Sully Station - 141.0 Holmes Run Acres
Sully Station II,Week2,Fairfax Station,Week3,212.0 Fairfax Station - 190.0 Sully Station II
Sully Station,Week4,Vienna Woods,Week5,276.0 Vienna Woods - 126.0 Sully Station
Sully Station II,Week3,Fairfax Station,Week1,218.0 Sully Station II - 184.0 Fairfax Station
Sully Station,Week5,Holmes Run Acres,Week3,232.0 Sully Station - 170.0 Holmes Run Acres
Sully Station II,Week5,Fairfax Club Estates,Week5,310.0 Sully Station II - 92.0 Fairfax Club Estates
Sully Station,Week5,Vienna Woods,Week2,207.0 Vienna Woods - 195.0 Sully Station
Sully Station,Week1,Holmes Run Acres,Week4,254.0 Sully Station - 148.0 Holmes Run Acres
Sully Station II,Week3,Commonwealth,Week1,314.0 Sully Station II - 88.0 Commonwealth
Sully Station,Week1,Villa Aquatic,Week5,255.0 Sully Station - 147.0 Villa Aquatic
Sully Station II,Week1,Commonwealth,Week1,288.0 Sully Station II - 110.0 Commonwealth
Sully Station II,Week3,Commonwealth,Week5,296.0 Sully Station II - 106.0 Commonwealth
Sully Station II,Week3,Chesterbrook,Week2,288.0 Chesterbrook - 114.0 Sully Station II
Sully Station,Week5,Hollin Meadows,Week3,264.0 Sully Station - 138.0 Hollin Meadows
Sully Station II,Week2,Chesterbrook,Week5,316.0 Chesterbrook - 86.0 Sully Station II
Sully Station,Week2,Villa Aquatic,Week3,237.0 Sully Station - 165.0 Villa Aquatic
Sully Station,Week1,Holmes Run Acres,Week3,225.0 Sully Station - 177.0 Holmes Run Acres
Sully Station II,Week4,Fairfax Club Estates,Week3,270.0 Sully Station II - 132.0 Fairfax Club Estates
Sully Station,Week2,Villa Aquatic,Week1,278.0 Sully Station - 124.0 Villa Aquatic
Sully Station,Week5,Vienna Woods,Week1,220.0 Vienna Woods - 182.0 Sully Station
Sully Station,Week2,Langley,Week3,229.0 Langley - 173.0 Sully Station
Sully Station II,Week4,Commonwealth,Week2,241.0 Sully Station II - 161.0 Commonwealth
Sully Station II,Week1,Fairfax Station,Week2,202.0 Fairfax Station - 200.0 Sully Station II
Sully Station,Week4,Hollin Meadows,Week5,237.0 Sully Station - 165.0 Hollin Meadows
Sully Station,Week1,Langley,Week3,214.0 Langley - 188.0 Sully Station
Sully Station,Week4,Vienna Woods,Week3,246.0 Vienna Woods - 156.0 Sully Station
Sully Station,Week2,Langley,Week2,203.0 Sully Station - 199.0 Langley
Sully Station II,Week3,Fairfax Club Estates,Week3,311.0 Sully Station II - 91.0 Fairfax Club Estates
Sully Station,Week3,Hollin Meadows,Week5,238.0 Sully Station - 164.0 Hollin Meadows
Sully Station,Week5,Vienna Woods,Week5,229.0 Vienna Woods - 173.0 Sully Station
Sully Station,Week2,Villa Aquatic,Week4,252.5 Sully Station - 149.5 Villa Aquatic
Sully Station II,Week5,Fairfax Club Estates,Week2,322.0 Sully Station II - 80.0 Fairfax Club Estates
Sully Station II,Week5,Fairfax Club Estates,Week3,317.0 Sully Station II - 85.0 Fairfax Club Estates
Sully Station II,Week4,Chesterbrook,Week5,339.0 Chesterbrook - 63.0 Sully Station II
Sully Station II,Week1,Fairfax Station,Week1,203.0 Fairfax Station - 199.0 Sully Station II
Sully Station II,Week5,Chesterbrook,Week2,287.5 Chesterbrook - 114.5 Sully Station II
Sully Station,Week4,Holmes Run Acres,Week5,219.0 Sully Station - 183.0 Holmes Run Acres
Sully Station II,Week4,Chesterbrook,Week2,332.0 Chesterbrook - 70.0 Sully Station II
Sully Station II,Week4,Fairfax Club Estates,Week5,257.0 Sully Station II - 145.0 Fairfax Club Estates
Sully Station,Week5,Lakeview,Week4,301.0 Sully Station - 101.0 Lakeview
Sully Station II,Week4,Chesterbrook,Week1,318.0 Chesterbrook - 84.0 Sully Station II
Sully Station II,Week2,Chesterbrook,Week3,321.0 Chesterbrook - 81.0 Sully Station II
Sully Station,Week1,Villa Aquatic,Week3,253.0 Sully Station - 149.0 Villa Aquatic
Sully Station,Week2,Laurel Hill,Week1,297.0 Sully Station - 105.0 Laurel Hill
Sully Station II,Week5,Chesterbrook,Week5,300.0 Chesterbrook - 102.0 Sully Station II
Sully Station,Week1,Holmes Run Acres,Week1,275.0 Sully Station - 127.0 Holmes Run Acres
Sully Station,Week1,Langley,Week5,206.0 Sully Station - 196.0 Langley
Sully Station,Week4,Vienna Woods,Week2,241.0 Vienna Woods - 161.0 Sully Station
Sully Station,Week4,Hollin Meadows,Week1,242.0 Sully Station - 160.0 Hollin Meadows
Sully Station,Week4,Langley,Week1,229.0 Langley - 173.0 Sully Station
Sully Station II,Week2,Fairfax Station,Week1,206.0 Sully Station II - 196.0 Fairfax Station
Sully Station II,Week3,Fairfax Station,Week3,206.0 Fairfax Station - 196.0 Sully Station II
Sully Station,Week5,Hollin Meadows,Week1,248.0 Sully Station - 153.0 Hollin Meadows
Sully Station,Week3,Villa Aquatic,Week3,246.0 Sully Station - 156.0 Villa Aquatic
Sully Station,Week3,Villa Aquatic,Week1,285.0 Sully Station - 117.0 Villa Aquatic
Sully Station,Week4,Vienna Woods,Week1,240.5 Vienna Woods - 161.5 Sully Station
Sully Station II,Week3,Chesterbrook,Week4,307.0 Chesterbrook - 95.0 Sully Station II
Sully Station II,Week1,Commonwealth,Week3,273.0 Sully Station II - 128.0 Commonwealth
Sully Station II,Week2,Fairfax Station,Week5,214.0 Fairfax Station - 188.0 Sully Station II
Sully Station II,Week5,Fairfax Club Estates,Week1,309.0 Sully Station II - 93.0 Fairfax Club Estates
Sully Station,Week2,Langley,Week1,224.0 Langley - 178.0 Sully Station
Sully Station,Week5,Langley,Week2,201.0 Langley - 201.0 Sully Station
Sully Station,Week3,Hollin Meadows,Week4,245.0 Sully Station - 157.0 Hollin Meadows
Sully Station II,Week3,Fairfax Club Estates,Week4,302.0 Sully Station II - 100.0 Fairfax Club Estates
Sully Station,Week5,Hollin Meadows,Week2,259.0 Sully Station - 143.0 Hollin Meadows
Sully Station,Week5,Langley,Week5,211.0 Sully Station - 191.0 Langley
Sully Station II,Week2,Chesterbrook,Week4,311.0 Chesterbrook - 91.0 Sully Station II
Sully Station II,Week4,Fairfax Club Estates,Week4,256.0 Sully Station II - 146.0 Fairfax Club Estates
Sully Station II,Week3,Chesterbrook,Week1,279.0 Chesterbrook - 123.0 Sully Station II
Sully Station,Week3,Villa Aquatic,Week2,269.0 Sully Station - 133.0 Villa Aquatic
Sully Station,Week2,Laurel Hill,Week3,280.0 Sully Station - 122.0 Laurel Hill
Sully Station,Week2,Villa Aquatic,Week2,255.0 Sully Station - 147.0 Villa Aquatic
Sully Station,Week2,Holmes Run Acres,Week4,246.0 Sully Station - 156.0 Holmes Run Acres
Sully Station,Week4,Hollin Meadows,Week3,246.0 Sully Station - 156.0 Hollin Meadows
Sully Station II,Week2,Fairfax Station,Week4,221.0 Sully Station II - 181.0 Fairfax Station
Sully Station II,Week4,Fairfax Club Estates,Week1,255.0 Sully Station II - 147.0 Fairfax Club Estates
Sully Station,Week1,Holmes Run Acres,Week5,231.0 Sully Station - 171.0 Holmes Run Acres
Sully Station,Week4,Villa Aquatic,Week2,257.0 Sully Station - 145.0 Villa Aquatic
Sully Station,Week3,Villa Aquatic,Week5,247.5 Sully Station - 154.5 Villa Aquatic
Sully Station,Week3,Villa Aquatic,Week4,261.0 Sully Station - 141.0 Villa Aquatic
Sully Station II,Week3,Fairfax Club Estates,Week5,308.0 Sully Station II - 94.0 Fairfax Club Estates
Sully Station,Week3,Langley,Week5,209.0 Langley - 193.0 Sully Station
Sully Station II,Week4,Chesterbrook,Week4,344.0 Chesterbrook - 58.0 Sully Station II
Sully Station II,Week5,Chesterbrook,Week3,318.0 Chesterbrook - 84.0 Sully Station II
Sully Station,Week4,Hollin Meadows,Week4,255.0 Sully Station - 147.0 Hollin Meadows
Sully Station,Week5,Hollin Meadows,Week4,259.0 Sully Station - 143.0 Hollin Meadows
Sully Station,Week5,Hollin Meadows,Week5,244.0 Sully Station - 158.0 Hollin Meadows
Sully Station II,Week2,Fairfax Station,Week2,213.0 Sully Station II - 189.0 Fairfax Station
Sully Station,Week4,Langley,Week3,236.5 Langley - 165.5 Sully Station
Sully Station,Week2,Villa Aquatic,Week5,242.0 Sully Station - 160.0 Villa Aquatic
Sully Station II,Week3,Chesterbrook,Week5,297.0 Chesterbrook - 105.0 Sully Station II
Sully Station,Week4,Langley,Week4,219.5 Langley - 182.5 Sully Station
Sully Station II,Week1,Commonwealth,Week2,269.0 Sully Station II - 132.0 Commonwealth
Sully Station,Week4,Langley,Week2,220.5 Langley - 181.5 Sully Station
Sully Station,Week4,Villa Aquatic,Week4,257.0 Sully Station - 145.0 Villa Aquatic
Sully Station,Week1,Holmes Run Acres,Week2,282.0 Sully Station - 120.0 Holmes Run Acres
Sully Station,Week2,Langley,Week4,221.0 Langley - 181.0 Sully Station
Sully Station,Week5,Villa Aquatic,Week3,257.0 Sully Station - 145.0 Villa Aquatic
Sully Station II,Week3,Fairfax Club Estates,Week1,294.0 Sully Station II - 103.0 Fairfax Club Estates
Sully Station,Week2,Holmes Run Acres,Week2,241.0 Sully Station - 161.0 Holmes Run Acres
Sully Station,Week3,Langley,Week1,220.0 Langley - 182.0 Sully Station
Sully Station II,Week1,Fairfax Station,Week5,223.0 Fairfax Station - 179.0 Sully Station II
Sully Station,Week1,Langley,Week1,214.0 Langley - 188.0 Sully Station
Sully Station,Week3,Langley,Week3,219.0 Langley - 183.0 Sully Station
Sully Station,Week5,Villa Aquatic,Week5,269.0 Sully Station - 133.0 Villa Aquatic
Sully Station,Week3,Holmes Run Acres,Week5,216.0 Sully Station - 186.0 Holmes Run Acres
Sully Station II,Week1,Commonwealth,Week5,278.0 Sully Station II - 124.0 Commonwealth
Sully Station II,Week3,Fairfax Station,Week4,228.0 Sully Station II - 174.0 Fairfax Station
Sully Station II,Week2,Commonwealth,Week2,278.0 Sully Station II - 124.0 Commonwealth
Sully Station,Week2,Holmes Run Acres,Week1,250.0 Sully Station - 152.0 Holmes Run Acres
Sully Station,Week1,Langley,Week4,207.0 Langley - 195.0 Sully Station
Sully Station II,Week3,Fairfax Station,Week5,211.0 Fairfax Station - 191.0 Sully Station II
Sully Station II,Week2,Commonwealth,Week3,297.5 Sully Station II - 104.5 Commonwealth
Sully Station II,Week4,Forest Hollow,Week2,219.5 Sully Station II - 182.5 Forest Hollow
Sully Station,Week4,Holmes Run Acres,Week2,261.0 Sully Station - 141.0 Holmes Run Acres
Sully Station,Week2,Holmes Run Acres,Week5,212.0 Sully Station - 190.0 Holmes Run Acres
Sully Station II,Week3,Fairfax Station,Week2,217.0 Sully Station II - 185.0 Fairfax Station
Sully Station II,Week3,Commonwealth,Week2,281.0 Sully Station II - 121.0 Commonwealth
Sully Station,Week2,Village West,Week5,302.0 Sully Station - 100.0 Village West
Sully Station,Week1,Village West,Week1,311.0 Sully Station - 91.0 Village West
Sully Station II,Week4,Forest Hollow,Week3,215.0 Sully Station II - 187.0 Forest Hollow
Sully Station II,Week4,Commonwealth,Week3,268.0 Sully Station II - 134.0 Commonwealth
Sully Station,Week3,Village West,Week2,314.0 Sully Station - 88.0 Village West
Sully Station II,Week4,Commonwealth,Week1,280.0 Sully Station II - 122.0 Commonwealth
Sully Station,Week4,Hollin Meadows,Week2,248.0 Sully Station - 154.0 Hollin Meadows
Sully Station,Week4,Langley,Week5,218.0 Langley - 184.0 Sully Station
Sully Station II,Week4,Fairfax Station,Week3,240.0 Fairfax Station - 162.0 Sully Station II
Sully Station II,Week4,Fairfax Station,Week5,242.0 Fairfax Station - 160.0 Sully Station II
Sully Station,Week4,Holmes Run Acres,Week1,274.0 Sully Station - 128.0 Holmes Run Acres
Sully Station,Week1,Village West,Week4,305.0 Sully Station - 92.0 Village West
Sully Station,Week5,Langley,Week1,205.0 Sully Station - 197.0 Langley
Sully Station,Week2,Village West,Week4,306.0 Sully Station - 91.0 Village West
Sully Station,Week5,Langley,Week3,201.0 Langley - 201.0 Sully Station
Sully Station,Week1,Village West,Week5,309.0 Sully Station - 93.0 Village West
Sully Station,Week3,Holmes Run Acres,Week3,221.0 Sully Station - 181.0 Holmes Run Acres
Sully Station,Week2,Langley,Week5,213.0 Langley - 189.0 Sully Station
Sully Station II,Week2,Commonwealth,Week4,295.0 Sully Station II - 107.0 Commonwealth
Sully Station II,Week3,Commonwealth,Week3,311.0 Sully Station II - 91.0 Commonwealth
Sully Station II,Week2,Forest Hollow,Week2,249.0 Sully Station II - 153.0 Forest Hollow
Sully Station II,Week3,Commonwealth,Week4,311.0 Sully Station II - 91.0 Commonwealth
Sully Station,Week3,Hunt Valley,Week1,213.5 Hunt Valley - 188.5 Sully Station
Sully Station II,Week4,Fairfax Station,Week2,221.0 Fairfax Station - 181.0 Sully Station II
Sully Station,Week4,Holmes Run Acres,Week4,255.0 Sully Station - 147.0 Holmes Run Acres
Sully Station,Week3,Village West,Week4,306.0 Sully Station - 91.0 Village West
Sully Station II,Week2,Forest Hollow,Week5,229.5 Sully Station II - 172.5 Forest Hollow
Sully Station,Week4,Village West,Week5,307.0 Sully Station - 95.0 Village West
Sully Station II,Week5,Fairfax Station,Week2,232.0 Sully Station II - 170.0 Fairfax Station
Sully Station,Week2,Hunt Valley,Week5,226.5 Hunt Valley - 175.5 Sully Station
Sully Station,Week5,Lakeview,Week5,308.0 Sully Station - 85.0 Lakeview
Sully Station,Week1,Laurel Hill,Week1,308.0 Sully Station - 92.0 Laurel Hill
Sully Station II,Week4,Commonwealth,Week4,281.5 Sully Station II - 119.5 Commonwealth
Sully Station II,Week1,Forest Hollow,Week3,215.0 Sully Station II - 187.0 Forest Hollow
Sully Station II,Week5,Fairfax Station,Week5,204.0 Fairfax Station - 198.0 Sully Station II
Sully Station,Week5,Holmes Run Acres,Week4,265.0 Sully Station - 137.0 Holmes Run Acres
Sully Station II,Week1,Cottontail,Week2,273.0 Sully Station II - 129.0 Cottontail
Sully Station,Week3,Langley,Week2,207.5 Langley - 194.5 Sully Station
Sully Station II,Week5,Commonwealth,Week5,295.0 Sully Station II - 107.0 Commonwealth
Sully Station II,Week4,Commonwealth,Week5,251.0 Sully Station II - 151.0 Commonwealth
Sully Station,Week3,Langley,Week4,206.5 Langley - 195.5 Sully Station
Sully Station,Week2,Village West,Week3,292.0 Sully Station - 110.0 Village West
Sully Station,Week5,Village West,Week1,317.0 Sully Station - 84.0 Village West
Sully Station II,Week3,Forest Hollow,Week3,264.0 Sully Station II - 138.0 Forest Hollow
Sully Station,Week4,Village West,Week3,288.0 Sully Station - 114.0 Village West
Sully Station,Week1,Laurel Hill,Week3,310.0 Sully Station - 92.0 Laurel Hill
Sully Station,Week2,Village West,Week2,300.0 Sully Station - 102.0 Village West
Sully Station II,Week1,Cottontail,Week1,256.0 Sully Station II - 146.0 Cottontail
Sully Station,Week4,Hunt Valley,Week1,207.0 Hunt Valley - 195.0 Sully Station
Sully Station II,Week5,Commonwealth,Week1,317.0 Sully Station II - 85.0 Commonwealth
Sully Station,Week1,Laurel Hill,Week2,320.0 Sully Station - 80.0 Laurel Hill
Sully Station II,Week5,Commonwealth,Week4,314.0 Sully Station II - 88.0 Commonwealth
Sully Station,Week1,Laurel Hill,Week4,312.0 Sully Station - 90.0 Laurel Hill
Sully Station,Week5,Holmes Run Acres,Week1,294.0 Sully Station - 108.0 Holmes Run Acres
Sully Station,Week5,Holmes Run Acres,Week2,286.0 Sully Station - 116.0 Holmes Run Acres
Sully Station,Week5,Villa Aquatic,Week1,293.0 Sully Station - 109.0 Villa Aquatic
Sully Station,Week1,Hunter Mill,Week4,219.0 Sully Station - 183.0 Hunter Mill
Sully Station,Week5,Laurel Hill,Week3,313.5 Sully Station - 88.5 Laurel Hill
Sully Station,Week1,Laurel Hill,Week5,297.0 Sully Station - 105.0 Laurel Hill
Sully Station II,Week1,Forest Hollow,Week2,227.0 Sully Station II - 175.0 Forest Hollow
Sully Station II,Week1,Cottontail,Week3,269.0 Sully Station II - 133.0 Cottontail
Sully Station II,Week1,Cottontail,Week4,273.0 Sully Station II - 129.0 Cottontail
Sully Station,Week5,Village West,Week3,298.5 Sully Station - 103.5 Village West
Sully Station,Week2,Laurel Hill,Week2,312.0 Sully Station - 90.0 Laurel Hill
Sully Station II,Week5,Fairfax Station,Week1,229.5 Sully Station II - 172.5 Fairfax Station
Sully Station II,Week5,Commonwealth,Week2,296.0 Sully Station II - 106.0 Commonwealth
Sully Station,Week5,Laurel Hill,Week2,335.0 Sully Station - 67.0 Laurel Hill
Sully Station II,Week1,Forest Hollow,Week4,210.0 Sully Station II - 192.0 Forest Hollow
Sully Station,Week4,Village West,Week2,314.0 Sully Station - 88.0 Village West
Sully Station II,Week4,Fairfax Station,Week4,218.0 Fairfax Station - 184.0 Sully Station II
Sully Station II,Week5,Commonwealth,Week3,314.0 Sully Station II - 88.0 Commonwealth
Sully Station,Week1,Hunter Mill,Week2,223.5 Sully Station - 177.5 Hunter Mill
Sully Station,Week3,Hunt Valley,Week4,216.0 Hunt Valley - 186.0 Sully Station
Sully Station,Week5,Village West,Week2,315.0 Sully Station - 87.0 Village West
Sully Station,Week5,Village West,Week4,313.0 Sully Station - 84.0 Village West
Sully Station,Week2,Hunter Mill,Week1,235.0 Sully Station - 162.0 Hunter Mill
Sully Station,Week5,Villa Aquatic,Week2,285.0 Sully Station - 117.0 Villa Aquatic
Sully Station II,Week2,Forest Hollow,Week1,237.5 Sully Station II - 164.5 Forest Hollow
Sully Station II,Week1,Forest Hollow,Week5,203.0 Sully Station II - 199.0 Forest Hollow
Sully Station,Week3,Village West,Week1,309.0 Sully Station - 93.0 Village West
Sully Station,Week2,Lee Graham,Week5,239.0 Lee Graham - 163.0 Sully Station
Sully Station II,Week3,Forest Hollow,Week1,258.0 Sully Station II - 144.0 Forest Hollow
Sully Station,Week3,Laurel Hill,Week2,318.0 Sully Station - 84.0 Laurel Hill
Sully Station,Week2,Lee Graham,Week2,226.0 Lee Graham - 176.0 Sully Station
Sully Station,Week2,Village West,Week1,308.0 Sully Station - 94.0 Village West
Sully Station,Week4,Laurel Hill,Week4,300.0 Sully Station - 102.0 Laurel Hill
Sully Station,Week2,Hunt Valley,Week4,224.0 Hunt Valley - 178.0 Sully Station
Sully Station,Week2,Hunt Valley,Week3,225.0 Hunt Valley - 177.0 Sully Station
Sully Station,Week2,Hunt Valley,Week1,203.0 Sully Station - 199.0 Hunt Valley
Sully Station II,Week3,Forest Hollow,Week5,238.0 Sully Station II - 164.0 Forest Hollow
Sully Station II,Week5,Fairfax Station,Week3,207.5 Sully Station II - 194.5 Fairfax Station
Sully Station II,Week1,Forest Hollow,Week1,218.0 Sully Station II - 184.0 Forest Hollow
Sully Station,Week1,Village West,Week3,287.0 Sully Station - 115.0 Village West
Sully Station,Week3,Village West,Week3,290.0 Sully Station - 112.0 Village West
Sully Station,Week4,Laurel Hill,Week5,286.0 Sully Station - 116.0 Laurel Hill
Sully Station,Week4,Laurel Hill,Week3,303.0 Sully Station - 99.0 Laurel Hill
Sully Station,Week2,Hunter Mill,Week3,215.0 Sully Station - 187.0 Hunter Mill
Sully Station,Week5,Villa Aquatic,Week4,274.0 Sully Station - 128.0 Villa Aquatic
Sully Station II,Week2,Forest Hollow,Week4,230.0 Sully Station II - 172.0 Forest Hollow
Sully Station II,Week3,Forest Hollow,Week2,262.0 Sully Station II - 140.0 Forest Hollow
Sully Station,Week3,Hunt Valley,Week3,236.0 Hunt Valley - 166.0 Sully Station
Sully Station,Week2,Lee Graham,Week1,224.0 Lee Graham - 178.0 Sully Station
Sully Station,Week3,Laurel Hill,Week4,310.0 Sully Station - 92.0 Laurel Hill
Sully Station,Week3,Hunt Valley,Week2,202.0 Hunt Valley - 200.0 Sully Station
Sully Station II,Week2,Forest Hollow,Week3,231.0 Sully Station II - 171.0 Forest Hollow
Sully Station,Week5,Village West,Week5,316.0 Sully Station - 86.0 Village West
Sully Station,Week5,Laurel Hill,Week1,315.0 Sully Station - 86.0 Laurel Hill
Sully Station,Week1,Lee Graham,Week2,213.5 Lee Graham - 188.5 Sully Station
Sully Station II,Week3,Forest Hollow,Week4,243.0 Sully Station II - 159.0 Forest Hollow
Sully Station,Week1,Village West,Week2,310.5 Sully Station - 91.5 Village West
Sully Station,Week4,Village West,Week1,312.0 Sully Station - 90.0 Village West
Sully Station II,Week5,Fairfax Station,Week4,228.0 Sully Station II - 174.0 Fairfax Station
Sully Station,Week4,Village West,Week4,306.0 Sully Station - 91.0 Village West
Sully Station,Week3,Village West,Week5,311.0 Sully Station - 91.0 Village West
Sully Station,Week2,Somerset-Olde Creek,Week4,343.0 Sully Station - 59.0 Somerset-Olde Creek
Sully Station,Week2,Hunt Valley,Week2,207.0 Sully Station - 195.0 Hunt Valley
Sully Station,Week2,Somerset-Olde Creek,Week5,325.0 Sully Station - 77.0 Somerset-Olde Creek
Sully Station,Week4,Hunt Valley,Week2,213.5 Hunt Valley - 188.5 Sully Station
Sully Station,Week4,Sleepy Hollow Rec,Week1,319.0 Sully Station - 83.0 Sleepy Hollow Rec
Sully Station,Week2,Somerset-Olde Creek,Week2,350.0 Sully Station - 47.0 Somerset-Olde Creek
Sully Station,Week4,Hunt Valley,Week3,229.0 Hunt Valley - 173.0 Sully Station
Sully Station,Week1,Hunt Valley,Week2,213.0 Sully Station - 189.0 Hunt Valley
Sully Station,Week5,Hunt Valley,Week1,221.0 Sully Station - 181.0 Hunt Valley
Sully Station II,Week4,Forest Hollow,Week4,204.5 Sully Station II - 197.5 Forest Hollow
Sully Station,Week3,Virginia Hills,Week2,370.0 Sully Station - 31.0 Virginia Hills
Sully Station II,Week4,Forest Hollow,Week1,208.0 Sully Station II - 194.0 Forest Hollow
Sully Station,Week5,Virginia Hills,Week1,354.0 Sully Station - 48.0 Virginia Hills
Sully Station,Week4,Sleepy Hollow Rec,Week3,300.0 Sully Station - 102.0 Sleepy Hollow Rec
Sully Station,Week5,Holmes Run Acres,Week5,231.0 Sully Station - 171.0 Holmes Run Acres
Sully Station,Week1,Somerset-Olde Creek,Week3,354.0 Sully Station - 46.0 Somerset-Olde Creek
Sully Station,Week1,Lee Graham,Week5,235.0 Lee Graham - 167.0 Sully Station
Sully Station II,Week5,Forest Hollow,Week4,267.0 Sully Station II - 135.0 Forest Hollow
Sully Station II,Week5,Forest Hollow,Week2,280.0 Sully Station II - 122.0 Forest Hollow
Sully Station,Week1,Hunt Valley,Week5,207.0 Hunt Valley - 195.0 Sully Station
Sully Station,Week4,Sleepy Hollow Rec,Week2,312.0 Sully Station - 90.0 Sleepy Hollow Rec
Sully Station II,Week5,Forest Hollow,Week3,254.0 Sully Station II - 148.0 Forest Hollow
Sully Station,Week4,Laurel Hill,Week1,305.0 Sully Station - 97.0 Laurel Hill
Sully Station,Week4,Virginia Hills,Week5,348.0 Sully Station - 54.0 Virginia Hills
Sully Station,Week3,Laurel Hill,Week5,287.0 Sully Station - 115.0 Laurel Hill
Sully Station,Week5,Hunt Valley,Week4,211.0 Sully Station - 191.0 Hunt Valley
Sully Station,Week3,Sleepy Hollow Rec,Week3,279.0 Sully Station - 123.0 Sleepy Hollow Rec
Sully Station II,Week5,Forest Hollow,Week1,256.0 Sully Station II - 146.0 Forest Hollow
Sully Station II,Week4,Forest Hollow,Week5,209.0 Forest Hollow - 193.0 Sully Station II
Sully Station,Week5,Sleepy Hollow Rec,Week3,300.0 Sully Station - 102.0 Sleepy Hollow Rec
Sully Station,Week5,Sleepy Hollow Rec,Week2,311.0 Sully Station - 91.0 Sleepy Hollow Rec
Sully Station,Week3,Lee Graham,Week1,232.0 Lee Graham - 170.0 Sully Station
Sully Station,Week4,Sleepy Hollow Rec,Week5,302.0 Sully Station - 100.0 Sleepy Hollow Rec
Sully Station,Week3,Laurel Hill,Week1,300.0 Sully Station - 101.0 Laurel Hill
Sully Station,Week1,Hunt Valley,Week4,210.0 Hunt Valley - 192.0 Sully Station
Sully Station,Week5,Hunt Valley,Week3,212.0 Hunt Valley - 190.0 Sully Station
Sully Station,Week2,Virginia Hills,Week2,360.0 Sully Station - 42.0 Virginia Hills
Sully Station,Week4,Virginia Hills,Week1,363.0 Sully Station - 39.0 Virginia Hills
Sully Station,Week5,Laurel Hill,Week5,292.0 Sully Station - 110.0 Laurel Hill
Sully Station,Week2,Lee Graham,Week4,227.0 Lee Graham - 175.0 Sully Station
Sully Station,Week2,Virginia Hills,Week5,328.0 Sully Station - 74.0 Virginia Hills
Sully Station,Week4,Hunt Valley,Week5,219.0 Hunt Valley - 183.0 Sully Station
Sully Station,Week2,Sleepy Hollow Rec,Week5,295.0 Sully Station - 107.0 Sleepy Hollow Rec
Sully Station,Week3,Hunt Valley,Week5,222.0 Hunt Valley - 180.0 Sully Station
Sully Station II,Week3,Fox Hunt,Week4,277.0 Sully Station II - 125.0 Fox Hunt
Sully Station,Week1,Hunt Valley,Week1,210.0 Sully Station - 192.0 Hunt Valley
Sully Station II,Week1,Fox Mill Estates,Week1,264.0 Sully Station II - 138.0 Fox Mill Estates
Sully Station,Week1,Hunt Valley,Week3,220.0 Hunt Valley - 182.0 Sully Station
Sully Station,Week5,Virginia Hills,Week2,359.0 Sully Station - 42.0 Virginia Hills
Sully Station II,Week5,Fox Hunt,Week4,278.0 Sully Station II - 124.0 Fox Hunt
Sully Station,Week3,Sleepy Hollow Rec,Week1,318.0 Sully Station - 84.0 Sleepy Hollow Rec
Sully Station,Week1,Virginia Hills,Week2,365.0 Sully Station - 36.0 Virginia Hills
Sully Station,Week1,Lee Graham,Week4,217.0 Lee Graham - 185.0 Sully Station
Sully Station,Week2,Sleepy Hollow Rec,Week3,285.0 Sully Station - 117.0 Sleepy Hollow Rec
Sully Station,Week2,Lee Graham,Week3,229.0 Lee Graham - 173.0 Sully Station
Sully Station,Week2,Sleepy Hollow Rec,Week4,304.0 Sully Station - 98.0 Sleepy Hollow Rec
Sully Station,Week5,Virginia Hills,Week3,357.0 Sully Station - 45.0 Virginia Hills
Sully Station II,Week1,Fox Mill Estates,Week3,237.0 Sully Station II - 165.0 Fox Mill Estates
Sully Station,Week1,Virginia Hills,Week3,354.0 Sully Station - 48.0 Virginia Hills
Sully Station,Week2,Laurel Hill,Week5,274.0 Sully Station - 128.0 Laurel Hill
Sully Station,Week3,Lee Graham,Week2,231.5 Lee Graham - 170.5 Sully Station
Sully Station,Week5,Hunt Valley,Week5,207.0 Hunt Valley - 195.0 Sully Station
Sully Station,Week3,Virginia Hills,Week4,353.0 Sully Station - 48.0 Virginia Hills
Sully Station,Week1,Virginia Hills,Week5,349.0 Sully Station - 53.0 Virginia Hills
Sully Station,Week3,Sleepy Hollow Rec,Week5,296.0 Sully Station - 106.0 Sleepy Hollow Rec
Sully Station,Week4,Virginia Hills,Week2,372.5 Sully Station - 29.5 Virginia Hills
Sully Station,Week3,Virginia Hills,Week5,343.5 Sully Station - 58.5 Virginia Hills
Sully Station II,Week4,South Run,Week4,241.0 Sully Station II - 161.0 South Run
Sully Station,Week2,Virginia Hills,Week1,353.0 Sully Station - 49.0 Virginia Hills
Sully Station,Week4,Hunt Valley,Week4,212.0 Hunt Valley - 190.0 Sully Station
Sully Station II,Week2,Fox Hunt,Week2,266.0 Sully Station II - 136.0 Fox Hunt
Sully Station,Week2,Hunter Mill,Week2,223.0 Sully Station - 179.0 Hunter Mill
Sully Station II,Week1,Fox Hunt,Week4,233.0 Sully Station II - 169.0 Fox Hunt
Sully Station,Week3,Hunter Mill,Week1,233.0 Sully Station - 169.0 Hunter Mill
Sully Station,Week3,Virginia Hills,Week1,358.0 Sully Station - 43.0 Virginia Hills
Sully Station,Week5,Lakevale Estates,Week3,205.0 Lakevale Estates - 197.0 Sully Station
Sully Station,Week2,Lakevale Estates,Week1,208.0 Lakevale Estates - 194.0 Sully Station
Sully Station II,Week2,Fox Hunt,Week1,270.0 Sully Station II - 132.0 Fox Hunt
Sully Station,Week1,Virginia Hills,Week1,365.5 Sully Station - 35.5 Virginia Hills
Sully Station,Week1,Somerset-Olde Creek,Week1,349.0 Sully Station - 50.0 Somerset-Olde Creek
Sully Station,Week1,Somerset-Olde Creek,Week2,349.0 Sully Station - 51.0 Somerset-Olde Creek
Sully Station,Week2,Lakevale Estates,Week3,222.0 Lakevale Estates - 175.0 Sully Station
Sully Station,Week4,Sleepy Hollow Rec,Week4,317.0 Sully Station - 85.0 Sleepy Hollow Rec
Sully Station,Week1,Lee Graham,Week1,219.0 Lee Graham - 183.0 Sully Station
Sully Station II,Week1,Fox Hunt,Week1,249.0 Sully Station II - 153.0 Fox Hunt
Sully Station,Week3,Sleepy Hollow Rec,Week2,301.0 Sully Station - 101.0 Sleepy Hollow Rec
Sully Station,Week1,Hunter Mill,Week1,252.0 Sully Station - 150.0 Hunter Mill
Sully Station,Week1,Somerset-Olde Creek,Week5,328.0 Sully Station - 71.0 Somerset-Olde Creek
Sully Station II,Week1,South Run,Week5,215.0 Sully Station II - 187.0 South Run
Sully Station II,Week1,Fox Hunt,Week2,237.0 Sully Station II - 165.0 Fox Hunt
Sully Station II,Week1,Fox Hunt,Week3,227.0 Sully Station II - 175.0 Fox Hunt
Sully Station,Week4,Virginia Hills,Week3,356.5 Sully Station - 45.5 Virginia Hills
Sully Station,Week3,Virginia Hills,Week3,349.0 Sully Station - 53.0 Virginia Hills
Sully Station,Week1,Hunter Mill,Week5,204.5 Hunter Mill - 197.5 Sully Station
Sully Station,Week4,Laurel Hill,Week2,323.0 Sully Station - 79.0 Laurel Hill
Sully Station,Week5,Sleepy Hollow Rec,Week4,313.0 Sully Station - 89.0 Sleepy Hollow Rec
Sully Station,Week1,Hunter Mill,Week3,240.0 Sully Station - 162.0 Hunter Mill
Sully Station,Week2,Hunter Mill,Week4,203.0 Sully Station - 199.0 Hunter Mill
Sully Station,Week5,Laurel Hill,Week4,310.0 Sully Station - 92.0 Laurel Hill
Sully Station II,Week2,South Run,Week4,279.0 Sully Station II - 122.0 South Run
Sully Station,Week3,Sleepy Hollow Rec,Week4,309.0 Sully Station - 93.0 Sleepy Hollow Rec
Sully Station,Week5,Hunt Valley,Week2,216.0 Sully Station - 186.0 Hunt Valley
Sully Station II,Week1,Fox Mill Estates,Week5,247.0 Sully Station II - 155.0 Fox Mill Estates
Sully Station,Week3,Laurel Hill,Week3,298.0 Sully Station - 104.0 Laurel Hill
Sully Station II,Week2,Fox Hunt,Week4,259.0 Sully Station II - 143.0 Fox Hunt
Sully Station,Week1,Lee Graham,Week3,215.0 Lee Graham - 187.0 Sully Station
Sully Station II,Week2,South Run,Week3,256.0 Sully Station II - 146.0 South Run
Sully Station,Week2,Laurel Hill,Week4,293.0 Sully Station - 109.0 Laurel Hill
Sully Station,Week3,Somerset-Olde Creek,Week3,352.0 Sully Station - 49.0 Somerset-Olde Creek
Sully Station,Week2,Hunter Mill,Week5,219.0 Hunter Mill - 183.0 Sully Station
Sully Station,Week3,Lakevale Estates,Week3,220.0 Lakevale Estates - 182.0 Sully Station
Sully Station,Week3,Hunter Mill,Week4,212.0 Sully Station - 190.0 Hunter Mill
Sully Station,Week2,Somerset-Olde Creek,Week3,346.0 Sully Station - 51.0 Somerset-Olde Creek
Sully Station II,Week3,South Run,Week1,248.0 Sully Station II - 145.0 South Run
Sully Station,Week1,Somerset-Olde Creek,Week4,346.0 Sully Station - 55.0 Somerset-Olde Creek
Sully Station,Week4,Virginia Hills,Week4,367.0 Sully Station - 35.0 Virginia Hills
Sully Station,Week5,Lakevale Estates,Week2,202.0 Lakevale Estates - 200.0 Sully Station
Sully Station II,Week4,Fox Hunt,Week3,212.0 Sully Station II - 190.0 Fox Hunt
Sully Station,Week2,Lakevale Estates,Week2,206.0 Lakevale Estates - 196.0 Sully Station
Sully Station,Week3,Hunter Mill,Week3,213.0 Sully Station - 189.0 Hunter Mill
Sully Station II,Week3,Fox Hunt,Week1,281.0 Sully Station II - 121.0 Fox Hunt
Sully Station II,Week4,Fox Hunt,Week2,233.0 Sully Station II - 169.0 Fox Hunt
Sully Station,Week1,Virginia Hills,Week4,360.0 Sully Station - 41.0 Virginia Hills
Sully Station II,Week3,South Run,Week4,277.0 Sully Station II - 120.0 South Run
Sully Station II,Week5,Fox Hunt,Week1,286.5 Sully Station II - 115.5 Fox Hunt
Sully Station II,Week1,South Run,Week3,224.0 Sully Station II - 177.0 South Run
Sully Station,Week2,Virginia Hills,Week4,350.0 Sully Station - 52.0 Virginia Hills
Sully Station,Week4,Hunter Mill,Week2,221.0 Sully Station - 181.0 Hunter Mill
Sully Station II,Week1,Springboard,Week2,317.0 Sully Station II - 85.0 Springboard
Sully Station,Week2,Somerset-Olde Creek,Week1,347.0 Sully Station - 50.0 Somerset-Olde Creek
Sully Station,Week5,Sleepy Hollow Rec,Week1,323.0 Sully Station - 79.0 Sleepy Hollow Rec
Sully Station,Week1,Lakeview,Week3,314.0 Sully Station - 88.0 Lakeview
Sully Station,Week3,Lakevale Estates,Week2,203.0 Sully Station - 199.0 Lakevale Estates
Truro,Week1,Cottontail,Week1,240.0 Cottontail - 162.0 Truro
Sully Station II,Week5,Fox Hunt,Week2,286.0 Sully Station II - 116.0 Fox Hunt
Sully Station,Week3,Hunter Mill,Week2,215.0 Sully Station - 186.0 Hunter Mill
Sully Station II,Week1,South Run,Week2,242.0 Sully Station II - 156.0 South Run
Sully Station,Week3,Hunter Mill,Week5,215.0 Hunter Mill - 187.0 Sully Station
Sully Station,Week5,Sleepy Hollow Rec,Week5,310.0 Sully Station - 92.0 Sleepy Hollow Rec
Sully Station II,Week3,Fox Hunt,Week3,268.0 Sully Station II - 134.0 Fox Hunt
Sully Station II,Week3,South Run,Week5,264.0 Sully Station II - 138.0 South Run
Sully Station,Week2,Virginia Hills,Week3,335.0 Sully Station - 67.0 Virginia Hills
Sully Station,Week4,Somerset-Olde Creek,Week3,356.0 Sully Station - 46.0 Somerset-Olde Creek
Sully Station II,Week5,Forest Hollow,Week5,253.0 Sully Station II - 149.0 Forest Hollow
Truro,Week1,Cottontail,Week4,211.0 Cottontail - 191.0 Truro
Sully Station II,Week2,South Run,Week1,243.0 Sully Station II - 150.0 South Run
Sully Station,Week5,Lakevale Estates,Week1,204.0 Sully Station - 198.0 Lakevale Estates
Sully Station,Week1,South Run,Week3,262.5 Sully Station - 138.5 South Run
Truro,Week5,Commonwealth,Week2,233.0 Commonwealth - 169.0 Truro
Sully Station,Week3,Somerset-Olde Creek,Week4,338.0 Sully Station - 64.0 Somerset-Olde Creek
Sully Station II,Week2,Fox Hunt,Week3,245.0 Sully Station II - 157.0 Fox Hunt
Sully Station II,Week2,Fox Hunt,Week5,240.5 Sully Station II - 161.5 Fox Hunt
Sully Station,Week3,South Run,Week3,262.0 Sully Station - 139.0 South Run
Sully Station,Week4,Hunter Mill,Week1,223.0 Sully Station - 179.0 Hunter Mill
Sully Station II,Week4,South Run,Week5,209.0 Sully Station II - 193.0 South Run
Sully Station,Week4,Lakevale Estates,Week3,223.0 Lakevale Estates - 179.0 Sully Station
Sully Station II,Week1,Fox Hunt,Week5,228.0 Sully Station II - 174.0 Fox Hunt
Sully Station,Week1,Lakeview,Week1,331.0 Sully Station - 71.0 Lakeview
Truro,Week5,Commonwealth,Week5,212.0 Commonwealth - 189.0 Truro
Sully Station,Week2,Lakevale Estates,Week4,238.0 Lakevale Estates - 164.0 Sully Station
Sully Station II,Week4,South Run,Week3,230.0 Sully Station II - 172.0 South Run
Sully Station II,Week1,Springboard,Week4,295.0 Sully Station II - 107.0 Springboard
Sully Station II,Week1,Fox Mill Estates,Week4,235.0 Sully Station II - 167.0 Fox Mill Estates
Truro,Week5,Commonwealth,Week3,210.0 Commonwealth - 189.0 Truro
Sully Station II,Week2,South Run,Week5,247.0 Sully Station II - 155.0 South Run
Sully Station,Week4,Lakevale Estates,Week4,245.0 Lakevale Estates - 157.0 Sully Station
Sully Station II,Week4,Springboard,Week1,295.0 Sully Station II - 107.0 Springboard
Sully Station,Week1,South Run,Week2,262.0 Sully Station - 136.0 South Run
Sully Station II,Week3,South Run,Week3,278.0 Sully Station II - 124.0 South Run
Sully Station,Week5,Somerset-Olde Creek,Week1,352.0 Sully Station - 46.0 Somerset-Olde Creek
Sully Station II,Week5,Fox Hunt,Week5,273.0 Sully Station II - 129.0 Fox Hunt
Sully Station II,Week4,Fox Hunt,Week5,201.0 Fox Hunt - 201.0 Sully Station II
Sully Station,Week4,Lakevale Estates,Week2,218.0 Lakevale Estates - 184.0 Sully Station
Truro,Week3,Cottontail,Week5,260.0 Cottontail - 142.0 Truro
Sully Station II,Week1,Fox Mill Estates,Week2,242.0 Sully Station II - 160.0 Fox Mill Estates
Sully Station II,Week5,Fox Hunt,Week3,273.0 Sully Station II - 129.0 Fox Hunt
Sully Station,Week5,Lakevale Estates,Week5,210.0 Lakevale Estates - 192.0 Sully Station
Truro,Week2,Country Club Hills,Week1,257.0 Country Club Hills - 145.0 Truro
Sully Station,Week1,South Run,Week5,260.0 Sully Station - 142.0 South Run
Truro,Week5,Cottontail,Week5,250.0 Cottontail - 152.0 Truro
Sully Station,Week3,Lakevale Estates,Week4,230.5 Lakevale Estates - 171.5 Sully Station
Truro,Week1,Cottontail,Week5,246.0 Cottontail - 156.0 Truro
Sully Station,Week4,South Run,Week2,265.0 Sully Station - 136.0 South Run
Truro,Week2,Country Club Hills,Week3,245.0 Country Club Hills - 155.0 Truro
Sully Station II,Week3,Springboard,Week3,325.0 Sully Station II - 77.0 Springboard
Truro,Week5,Commonwealth,Week4,208.0 Truro - 193.0 Commonwealth
Sully Station,Week2,Lakevale Estates,Week5,232.0 Lakevale Estates - 170.0 Sully Station
Truro,Week2,Cottontail,Week2,249.0 Cottontail - 153.0 Truro
Truro,Week3,Cottontail,Week1,247.5 Cottontail - 154.5 Truro
Sully Station,Week4,Lakeview,Week2,333.0 Sully Station - 69.0 Lakeview
Sully Station II,Week5,Springboard,Week2,365.0 Sully Station II - 37.0 Springboard
Sully Station II,Week5,South Run,Week5,260.0 Sully Station II - 142.0 South Run
Sully Station,Week3,Somerset-Olde Creek,Week2,354.0 Sully Station - 47.0 Somerset-Olde Creek
Sully Station,Week2,South Run,Week2,276.0 Sully Station - 125.0 South Run
Sully Station II,Week4,Fox Hunt,Week4,219.0 Sully Station II - 183.0 Fox Hunt
Sully Station II,Week4,Springboard,Week5,287.0 Sully Station II - 115.0 Springboard
Sully Station,Week4,Lakevale Estates,Week5,236.0 Lakevale Estates - 166.0 Sully Station
Sully Station,Week5,Somerset-Olde Creek,Week4,342.0 Sully Station - 60.0 Somerset-Olde Creek
Sully Station II,Week5,South Run,Week4,291.0 Sully Station II - 111.0 South Run
Sully Station II,Week4,Fox Hunt,Week1,233.0 Sully Station II - 169.0 Fox Hunt
Sully Station II,Week3,Fox Hunt,Week5,257.0 Sully Station II - 145.0 Fox Hunt
Sully Station II,Week3,Fox Hunt,Week2,279.0 Sully Station II - 123.0 Fox Hunt
Sully Station II,Week3,South Run,Week2,278.0 Sully Station II - 124.0 South Run
Sully Station,Week5,Lakevale Estates,Week4,218.0 Lakevale Estates - 184.0 Sully Station
Truro,Week1,Country Club Hills,Week2,230.0 Country Club Hills - 172.0 Truro
Sully Station,Week2,Lakeview,Week4,278.0 Sully Station - 124.0 Lakeview
Sully Station,Week3,Somerset-Olde Creek,Week1,351.0 Sully Station - 50.0 Somerset-Olde Creek
Sully Station,Week2,South Run,Week5,251.0 Sully Station - 151.0 South Run
Sully Station II,Week4,Fox Mill Estates,Week2,258.0 Sully Station II - 144.0 Fox Mill Estates
Sully Station II,Week4,South Run,Week1,218.0 Sully Station II - 175.0 South Run
Sully Station II,Week5,Fox Mill Estates,Week5,287.0 Sully Station II - 115.0 Fox Mill Estates
Truro,Week2,Cottontail,Week5,271.0 Cottontail - 131.0 Truro
Sully Station II,Week1,South Run,Week4,242.0 Sully Station II - 156.0 South Run
Sully Station,Week2,Lakeview,Week3,289.0 Sully Station - 113.0 Lakeview
Truro,Week3,Cottontail,Week4,234.0 Cottontail - 168.0 Truro
Sully Station,Week2,South Run,Week1,257.0 Sully Station - 136.0 South Run
Sully Station,Week2,Lakeview,Week2,314.0 Sully Station - 88.0 Lakeview
Sully Station II,Week4,Fox Mill Estates,Week3,262.0 Sully Station II - 140.0 Fox Mill Estates
Sully Station II,Week5,South Run,Week1,261.0 Sully Station II - 132.0 South Run
Sully Station,Week5,Somerset-Olde Creek,Week3,351.0 Sully Station - 50.0 Somerset-Olde Creek
Sully Station,Week1,South Run,Week4,260.0 Sully Station - 138.0 South Run
Sully Station,Week5,Lakeview,Week3,306.0 Sully Station - 96.0 Lakeview
Sully Station II,Week2,South Run,Week2,265.0 Sully Station II - 136.0 South Run
Sully Station,Week3,Lakevale Estates,Week5,222.0 Lakevale Estates - 180.0 Sully Station
Sully Station,Week4,Lakevale Estates,Week1,206.0 Lakevale Estates - 196.0 Sully Station
Sully Station,Week4,Somerset-Olde Creek,Week5,332.0 Sully Station - 70.0 Somerset-Olde Creek
Truro,Week1,Cottontail,Week3,210.0 Cottontail - 192.0 Truro
Sully Station II,Week5,South Run,Week2,283.0 Sully Station II - 119.0 South Run
Truro,Week3,Country Club Hills,Week1,240.0 Country Club Hills - 162.0 Truro
Sully Station,Week4,Somerset-Olde Creek,Week1,355.0 Sully Station - 47.0 Somerset-Olde Creek
Sully Station,Week1,Lakeview,Week5,301.0 Sully Station - 91.0 Lakeview
Sully Station II,Week4,Fox Mill Estates,Week5,241.5 Sully Station II - 160.5 Fox Mill Estates
Sully Station,Week3,South Run,Week2,268.0 Sully Station - 130.0 South Run
Sully Station,Week3,Lakevale Estates,Week1,202.0 Lakevale Estates - 200.0 Sully Station
Sully Station II,Week1,Fox Mill Woods,Week1,227.0 Fox Mill Woods - 175.0 Sully Station II
Sully Station II,Week1,Fox Mill Woods,Week3,211.0 Fox Mill Woods - 191.0 Sully Station II
Truro,Week4,Cottontail,Week1,227.0 Cottontail - 175.0 Truro
Sully Station II,Week4,South Run,Week2,236.0 Sully Station II - 166.0 South Run
Sully Station,Week3,South Run,Week1,245.0 Sully Station - 148.0 South Run
Sully Station II,Week3,Fox Mill Woods,Week1,217.0 Sully Station II - 185.0 Fox Mill Woods
Sully Station II,Week5,South Run,Week3,283.0 Sully Station II - 119.0 South Run
Truro,Week4,Cottontail,Week5,233.0 Cottontail - 169.0 Truro
Sully Station,Week1,Lakeview,Week4,293.0 Sully Station - 109.0 Lakeview
Sully Station,Week4,Lakeview,Week1,333.0 Sully Station - 69.0 Lakeview
Truro,Week5,Commonwealth,Week1,228.0 Truro - 167.0 Commonwealth
Sully Station II,Week1,Springboard,Week1,294.0 Sully Station II - 107.0 Springboard
Sully Station II,Week3,Fox Mill Estates,Week2,274.0 Sully Station II - 128.0 Fox Mill Estates
Truro,Week2,Cottontail,Week3,236.0 Cottontail - 165.0 Truro
Sully Station,Week4,Ilda Community,Week4,305.0 Sully Station - 97.0 Ilda Community
Truro,Week1,Cottontail,Week2,217.0 Cottontail - 185.0 Truro
Sully Station II,Week1,Springboard,Week3,306.0 Sully Station II - 96.0 Springboard
Sully Station,Week4,Somerset-Olde Creek,Week4,344.0 Sully Station - 58.0 Somerset-Olde Creek
Sully Station II,Week2,Springboard,Week2,343.0 Sully Station II - 59.0 Springboard
Sully Station,Week5,Hunter Mill,Week1,255.0 Sully Station - 147.0 Hunter Mill
Sully Station II,Week2,Fox Mill Woods,Week3,210.5 Sully Station II - 191.5 Fox Mill Woods
Sully Station,Week4,Somerset-Olde Creek,Week2,356.0 Sully Station - 46.0 Somerset-Olde Creek
Sully Station,Week5,Ilda Community,Week1,307.0 Sully Station - 91.0 Ilda Community
Sully Station II,Week4,Fox Mill Estates,Week1,275.0 Sully Station II - 127.0 Fox Mill Estates
Sully Station,Week3,Lakeview,Week1,317.0 Sully Station - 85.0 Lakeview
Truro,Week5,Cottontail,Week1,229.0 Cottontail - 173.0 Truro
Sully Station,Week1,South Run,Week1,245.0 Sully Station - 148.0 South Run
Sully Station,Week1,Lakeview,Week2,328.0 Sully Station - 73.0 Lakeview
Sully Station,Week2,South Run,Week3,258.0 Sully Station - 144.0 South Run
Sully Station II,Week3,Fox Mill Woods,Week2,232.0 Sully Station II - 170.0 Fox Mill Woods
Sully Station II,Week2,Fox Mill Estates,Week2,262.0 Sully Station II - 140.0 Fox Mill Estates
Sully Station,Week5,Somerset-Olde Creek,Week5,331.0 Sully Station - 70.0 Somerset-Olde Creek
Sully Station II,Week3,Springboard,Week4,326.0 Sully Station II - 76.0 Springboard
Sully Station,Week3,Somerset-Olde Creek,Week5,327.0 Sully Station - 74.0 Somerset-Olde Creek
Truro,Week5,Cottontail,Week4,221.0 Cottontail - 181.0 Truro
Sully Station II,Week2,Fox Mill Estates,Week1,294.0 Sully Station II - 108.0 Fox Mill Estates
Sully Station II,Week1,Fox Mill Woods,Week5,232.5 Fox Mill Woods - 169.5 Sully Station II
Truro,Week2,Cottontail,Week1,266.0 Cottontail - 136.0 Truro
Sully Station II,Week3,Springboard,Week2,361.0 Sully Station II - 41.0 Springboard
Sully Station,Week5,Somerset-Olde Creek,Week2,359.0 Sully Station - 43.0 Somerset-Olde Creek
Sully Station,Week4,Ilda Community,Week3,320.0 Sully Station - 82.0 Ilda Community
Sully Station,Week3,Ilda Community,Week2,311.0 Sully Station - 91.0 Ilda Community
Sully Station,Week3,Lakeview,Week3,293.0 Sully Station - 109.0 Lakeview
Sully Station,Week3,South Run,Week5,252.0 Sully Station - 150.0 South Run
Sully Station II,Week2,Springboard,Week3,320.0 Sully Station II - 82.0 Springboard
Truro,Week4,Commonwealth,Week5,203.0 Commonwealth - 199.0 Truro
Sully Station II,Week2,Springboard,Week4,322.0 Sully Station II - 80.0 Springboard
Truro,Week5,Cottontail,Week3,215.0 Cottontail - 187.0 Truro
Sully Station,Week4,Hunter Mill,Week3,214.0 Sully Station - 188.0 Hunter Mill
Sully Station II,Week2,Springboard,Week5,314.0 Sully Station II - 88.0 Springboard
Sully Station II,Week4,Fox Mill Estates,Week4,240.0 Sully Station II - 162.0 Fox Mill Estates
Sully Station,Week3,South Run,Week4,265.0 Sully Station - 133.0 South Run
Sully Station,Week4,Lakeview,Week4,304.0 Sully Station - 98.0 Lakeview
Sully Station,Week4,Hunter Mill,Week5,217.0 Hunter Mill - 185.0 Sully Station
Sully Station II,Week3,Fox Mill Estates,Week3,282.0 Sully Station II - 120.0 Fox Mill Estates
Sully Station,Week3,Lakeview,Week5,296.0 Sully Station - 97.0 Lakeview
Truro,Week2,Cottontail,Week4,241.0 Cottontail - 161.0 Truro
Sully Station,Week3,Ilda Community,Week4,295.0 Sully Station - 107.0 Ilda Community
Sully Station,Week3,Lakeview,Week2,317.0 Sully Station - 85.0 Lakeview
Sully Station II,Week5,Fox Mill Estates,Week3,288.0 Sully Station II - 114.0 Fox Mill Estates
Truro,Week3,Cottontail,Week2,227.0 Cottontail - 175.0 Truro
Sully Station,Week2,Lakeview,Week5,291.0 Sully Station - 102.0 Lakeview
Sully Station II,Week1,Springboard,Week5,291.0 Sully Station II - 111.0 Springboard
Sully Station II,Week2,Springboard,Week1,324.0 Sully Station II - 77.0 Springboard
Truro,Week4,Cottontail,Week2,223.0 Cottontail - 179.0 Truro
Sully Station,Week5,Lakeview,Week1,336.0 Sully Station - 66.0 Lakeview
Sully Station II,Week3,Springboard,Week5,319.0 Sully Station II - 83.0 Springboard
Sully Station,Week2,South Run,Week4,266.0 Sully Station - 135.0 South Run
Sully Station,Week4,South Run,Week1,247.0 Sully Station - 146.0 South Run
Sully Station,Week3,Lakeview,Week4,293.0 Sully Station - 109.0 Lakeview
Sully Station,Week1,Ilda Community,Week4,306.0 Sully Station - 96.0 Ilda Community
Sully Station II,Week3,Fox Mill Estates,Week4,267.0 Sully Station II - 135.0 Fox Mill Estates
Sully Station,Week2,Ilda Community,Week4,292.0 Sully Station - 110.0 Ilda Community
Sully Station,Week3,Ilda Community,Week3,301.0 Sully Station - 101.0 Ilda Community
Truro,Week1,Country Club Hills,Week3,219.0 Country Club Hills - 183.0 Truro
Sully Station II,Week2,Fox Mill Estates,Week5,269.0 Sully Station II - 133.0 Fox Mill Estates
Sully Station II,Week4,Springboard,Week4,292.0 Sully Station II - 110.0 Springboard
Truro,Week3,Cottontail,Week3,231.0 Cottontail - 171.0 Truro
Sully Station,Week1,Ilda Community,Week3,314.0 Sully Station - 88.0 Ilda Community
Sully Station,Week4,Lakeview,Week5,312.0 Sully Station - 81.0 Lakeview
Sully Station,Week2,Ilda Community,Week2,304.0 Sully Station - 98.0 Ilda Community
Sully Station,Week4,South Run,Week4,274.0 Sully Station - 127.0 South Run
Truro,Week4,Cottontail,Week3,223.0 Cottontail - 179.0 Truro
Sully Station II,Week3,Springboard,Week1,332.0 Sully Station II - 70.0 Springboard
Sully Station,Week1,Ilda Community,Week1,309.0 Sully Station - 93.0 Ilda Community
Sully Station,Week2,Rolling Hills,Week4,282.0 Sully Station - 120.0 Rolling Hills
Sully Station II,Week4,Springboard,Week2,332.0 Sully Station II - 70.0 Springboard
Sully Station II,Week5,Fox Mill Estates,Week1,309.0 Sully Station II - 93.0 Fox Mill Estates
Sully Station,Week2,Lakeview,Week1,312.0 Sully Station - 90.0 Lakeview
Sully Station II,Week2,Fox Mill Woods,Week1,202.0 Sully Station II - 200.0 Fox Mill Woods
Truro,Week4,Cottontail,Week4,219.0 Cottontail - 183.0 Truro
Sully Station II,Week5,Springboard,Week1,340.0 Sully Station II - 62.0 Springboard
Sully Station II,Week4,Springboard,Week3,305.0 Sully Station II - 97.0 Springboard
Sully Station,Week2,Ilda Community,Week1,297.0 Sully Station - 105.0 Ilda Community
Sully Station II,Week2,Fox Mill Estates,Week4,264.0 Sully Station II - 138.0 Fox Mill Estates
Sully Station II,Week5,Springboard,Week4,333.5 Sully Station II - 68.5 Springboard
Sully Station,Week2,Rolling Hills,Week2,263.0 Sully Station - 139.0 Rolling Hills
Sully Station,Week4,Hunter Mill,Week4,202.0 Sully Station - 200.0 Hunter Mill
Sully Station,Week5,South Run,Week1,253.0 Sully Station - 140.0 South Run
Sully Station,Week4,South Run,Week5,263.0 Sully Station - 139.0 South Run
Truro,Week1,Country Club Hills,Week1,232.0 Country Club Hills - 170.0 Truro
Sully Station,Week1,Ilda Community,Week5,309.0 Sully Station - 93.0 Ilda Community
Sully Station,Week5,Lakeview,Week2,335.0 Sully Station - 67.0 Lakeview
Sully Station II,Week3,Fox Mill Estates,Week5,275.0 Sully Station II - 127.0 Fox Mill Estates
Sully Station,Week4,South Run,Week3,263.0 Sully Station - 139.0 South Run
Sully Station,Week4,Lakeview,Week3,308.0 Sully Station - 94.0 Lakeview
Truro,Week5,Cottontail,Week2,213.0 Cottontail - 189.0 Truro
Sully Station II,Week3,Fox Mill Estates,Week1,301.0 Sully Station II - 101.0 Fox Mill Estates
Truro,Week1,Country Club Hills,Week5,240.0 Country Club Hills - 162.0 Truro
Sully Station II,Week1,Springfield,Week4,351.0 Sully Station II - 44.0 Springfield
Sully Station II,Week1,Springfield,Week2,352.0 Sully Station II - 42.0 Springfield
Sully Station II,Week1,Springfield,Week3,348.0 Sully Station II - 44.0 Springfield
Sully Station,Week2,Ilda Community,Week3,303.0 Sully Station - 94.0 Ilda Community
Sully Station,Week4,Rolling Hills,Week2,288.0 Sully Station - 114.0 Rolling Hills
Sully Station,Week4,Rolling Hills,Week3,297.0 Sully Station - 105.0 Rolling Hills
Sully Station II,Week1,Springfield,Week1,357.0 Sully Station II - 33.0 Springfield
Sully Station,Week3,Rolling Hills,Week4,293.5 Sully Station - 107.5 Rolling Hills
Sully Station II,Week5,Fox Mill Estates,Week4,283.0 Sully Station II - 119.0 Fox Mill Estates
Truro,Week2,Country Club Hills,Week4,240.0 Country Club Hills - 162.0 Truro
Truro,Week1,Country Club Hills,Week4,219.0 Country Club Hills - 183.0 Truro
Sully Station II,Week5,Fox Mill Estates,Week2,282.0 Sully Station II - 120.0 Fox Mill Estates
Sully Station II,Week1,Fox Mill Woods,Week4,219.0 Fox Mill Woods - 183.0 Sully Station II
Sully Station,Week5,Hunter Mill,Week2,246.0 Sully Station - 155.0 Hunter Mill
Sully Station II,Week2,Fox Mill Estates,Week3,274.0 Sully Station II - 128.0 Fox Mill Estates
Sully Station,Week3,Ilda Community,Week1,307.0 Sully Station - 95.0 Ilda Community
Sully Station,Week1,Rolling Valley,Week3,325.0 Sully Station - 77.0 Rolling Valley
Sully Station,Week5,Hunter Mill,Week4,225.0 Sully Station - 176.0 Hunter Mill
Truro,Week2,Country Club Hills,Week2,245.0 Country Club Hills - 157.0 Truro
Truro,Week5,Country Club Hills,Week2,230.0 Country Club Hills - 172.0 Truro
Truro,Week5,Country Club Hills,Week3,219.0 Country Club Hills - 183.0 Truro
Sully Station II,Week2,Fox Mill Woods,Week5,203.0 Fox Mill Woods - 199.0 Sully Station II
Sully Station,Week5,Hunter Mill,Week5,211.0 Sully Station - 191.0 Hunter Mill
Sully Station II,Week2,Springfield,Week3,374.0 Sully Station II - 24.0 Springfield
Sully Station,Week3,Rolling Hills,Week1,285.0 Sully Station - 117.0 Rolling Hills
Sully Station,Week3,Rolling Hills,Week2,281.0 Sully Station - 121.0 Rolling Hills
Sully Station,Week2,Kent Gardens,Week4,246.0 Sully Station - 156.0 Kent Gardens
Sully Station,Week4,Ilda Community,Week2,319.0 Sully Station - 83.0 Ilda Community
Truro,Week5,Country Club Hills,Week1,215.0 Country Club Hills - 187.0 Truro
Sully Station,Week4,Ilda Community,Week5,312.0 Sully Station - 90.0 Ilda Community
Sully Station,Week4,Rolling Hills,Week5,290.0 Sully Station - 112.0 Rolling Hills
Truro,Week4,Country Club Hills,Week4,217.0 Country Club Hills - 185.0 Truro
Sully Station II,Week2,Springfield,Week2,371.0 Sully Station II - 27.0 Springfield
Sully Station,Week3,Rolling Valley,Week3,325.0 Sully Station - 77.0 Rolling Valley
Sully Station II,Week3,Springfield,Week3,375.0 Sully Station II - 25.0 Springfield
Sully Station II,Week2,Springfield,Week1,374.0 Sully Station II - 24.0 Springfield
Sully Station II,Week3,Fox Mill Woods,Week3,235.5 Sully Station II - 166.5 Fox Mill Woods
Sully Station,Week5,Hunter Mill,Week3,231.0 Sully Station - 171.0 Hunter Mill
Sully Station II,Week3,Springfield,Week1,378.0 Sully Station II - 22.0 Springfield
Truro,Week2,Country Club Hills,Week5,262.0 Country Club Hills - 140.0 Truro
Truro,Week4,Country Club Hills,Week2,209.0 Country Club Hills - 193.0 Truro
Sully Station II,Week2,Fox Mill Woods,Week2,215.5 Sully Station II - 186.5 Fox Mill Woods
Sully Station,Week1,Rolling Valley,Week4,318.0 Sully Station - 84.0 Rolling Valley
Truro,Week3,Country Club Hills,Week3,228.0 Country Club Hills - 174.0 Truro
Sully Station II,Week3,Great Falls,Week4,283.0 Sully Station II - 119.0 Great Falls
Truro,Week4,Country Club Hills,Week1,218.0 Country Club Hills - 184.0 Truro
Sully Station II,Week2,Great Falls,Week2,250.0 Sully Station II - 134.0 Great Falls
Sully Station,Week5,Rolling Hills,Week3,307.0 Sully Station - 95.0 Rolling Hills
Sully Station II,Week2,Springfield,Week4,370.0 Sully Station II - 28.0 Springfield
Sully Station,Week5,Rolling Hills,Week4,305.0 Sully Station - 96.0 Rolling Hills
Truro,Week3,Country Club Hills,Week4,230.0 Country Club Hills - 172.0 Truro
Truro,Week5,Country Club Hills,Week5,248.0 Country Club Hills - 154.0 Truro
Sully Station II,Week3,Fox Mill Woods,Week4,221.0 Sully Station II - 181.0 Fox Mill Woods
Sully Station II,Week2,Fox Mill Woods,Week4,207.0 Sully Station II - 195.0 Fox Mill Woods
Sully Station,Week1,Ilda Community,Week2,319.0 Sully Station - 83.0 Ilda Community
Sully Station,Week3,Ilda Community,Week5,312.0 Sully Station - 90.0 Ilda Community
Sully Station,Week2,Ilda Community,Week5,301.0 Sully Station - 101.0 Ilda Community
Sully Station II,Week1,Springfield,Week5,362.0 Sully Station II - 28.0 Springfield
Sully Station II,Week5,Fox Mill Woods,Week2,236.0 Sully Station II - 166.0 Fox Mill Woods
Sully Station II,Week5,Springboard,Week5,338.0 Sully Station II - 64.0 Springboard
Sully Station,Week4,Ilda Community,Week1,314.5 Sully Station - 87.5 Ilda Community
Sully Station,Week2,Rolling Valley,Week5,302.0 Sully Station - 100.0 Rolling Valley
Sully Station,Week1,Rolling Valley,Week2,319.0 Sully Station - 83.0 Rolling Valley
Sully Station II,Week2,Springfield,Week5,381.0 Sully Station II - 17.0 Springfield
Sully Station II,Week1,Fox Mill Woods,Week2,223.0 Fox Mill Woods - 179.0 Sully Station II
Sully Station,Week1,Rutherford,Week1,315.0 Sully Station - 86.0 Rutherford
Sully Station,Week1,Kent Gardens,Week5,223.0 Sully Station - 179.0 Kent Gardens
Sully Station II,Week5,Pinewood Lake,Week1,371.0 Sully Station II - 30.0 Pinewood Lake
Sully Station II,Week4,Fox Mill Woods,Week3,222.0 Fox Mill Woods - 180.0 Sully Station II
Sully Station II,Week4,Fox Mill Woods,Week2,225.0 Fox Mill Woods - 177.0 Sully Station II
Sully Station II,Week3,Springfield,Week5,382.0 Sully Station II - 18.0 Springfield
Sully Station II,Week3,Springfield,Week2,377.0 Sully Station II - 18.0 Springfield
Truro,Week5,Country Club Hills,Week4,221.0 Country Club Hills - 181.0 Truro
Sully Station,Week2,Rolling Valley,Week3,317.0 Sully Station - 85.0 Rolling Valley
Sully Station II,Week5,Pinewood Lake,Week2,381.0 Sully Station II - 21.0 Pinewood Lake
Sully Station,Week2,Kent Gardens,Week5,220.0 Sully Station - 182.0 Kent Gardens
Sully Station II,Week5,Springboard,Week3,337.0 Sully Station II - 65.0 Springboard
Sully Station,Week2,Rolling Valley,Week4,311.0 Sully Station - 91.0 Rolling Valley
Sully Station,Week2,Kent Gardens,Week3,264.0 Sully Station - 138.0 Kent Gardens
Sully Station,Week3,Rolling Hills,Week5,297.0 Sully Station - 105.0 Rolling Hills
Sully Station,Week2,Rolling Hills,Week5,281.0 Sully Station - 121.0 Rolling Hills
Sully Station,Week4,Rolling Valley,Week3,334.0 Sully Station - 68.0 Rolling Valley
Sully Station II,Week4,Great Falls,Week3,235.0 Sully Station II - 167.0 Great Falls
Sully Station,Week1,Kings Ridge ,Week1,338.0 Sully Station - 64.0 Kings Ridge
Sully Station II,Week5,Fox Mill Woods,Week1,222.0 Sully Station II - 180.0 Fox Mill Woods
Sully Station,Week1,Kent Gardens,Week1,241.0 Sully Station - 160.0 Kent Gardens
Sully Station II,Week5,Great Falls,Week3,271.0 Sully Station II - 131.0 Great Falls
Truro,Week1,Crosspointe,Week2,300.0 Crosspointe - 102.0 Truro
Truro,Week1,Crosspointe,Week3,302.0 Crosspointe - 100.0 Truro
Sully Station II,Week4,Great Falls,Week5,241.0 Sully Station II - 161.0 Great Falls
Truro,Week4,Country Club Hills,Week5,238.0 Country Club Hills - 164.0 Truro
Truro,Week4,Country Club Hills,Week3,218.0 Country Club Hills - 184.0 Truro
Sully Station,Week2,Kent Gardens,Week1,234.0 Sully Station - 168.0 Kent Gardens
Truro,Week1,Crosspointe,Week1,314.0 Crosspointe - 88.0 Truro
Sully Station II,Week3,Springfield,Week4,376.0 Sully Station II - 24.0 Springfield
Sully Station II,Week2,Pinewood Lake,Week4,375.0 Sully Station II - 25.0 Pinewood Lake
Sully Station,Week3,Kent Gardens,Week4,256.0 Sully Station - 146.0 Kent Gardens
Sully Station,Week5,Rolling Hills,Week1,293.0 Sully Station - 109.0 Rolling Hills
Sully Station II,Week5,Fox Mill Woods,Week3,242.0 Sully Station II - 160.0 Fox Mill Woods
Sully Station II,Week1,Great Falls,Week3,224.0 Sully Station II - 178.0 Great Falls
Sully Station,Week5,Ilda Community,Week4,301.0 Sully Station - 100.0 Ilda Community
Sully Station,Week5,Rolling Hills,Week2,296.0 Sully Station - 106.0 Rolling Hills
Sully Station II,Week2,Pleasant Valley,Week2,341.0 Sully Station II - 61.0 Pleasant Valley
Sully Station,Week2,Kent Gardens,Week2,252.0 Sully Station - 150.0 Kent Gardens
Truro,Week1,Crosspointe,Week5,323.0 Crosspointe - 79.0 Truro
Sully Station II,Week1,Great Falls,Week2,231.0 Sully Station II - 153.0 Great Falls
Sully Station II,Week3,Pleasant Valley,Week1,344.0 Sully Station II - 58.0 Pleasant Valley
Sully Station,Week4,Rolling Valley,Week1,347.0 Sully Station - 55.0 Rolling Valley
Sully Station,Week4,Kent Gardens,Week5,218.0 Sully Station - 184.0 Kent Gardens
Sully Station II,Week2,Pleasant Valley,Week1,337.0 Sully Station II - 65.0 Pleasant Valley
Truro,Week1,Crosspointe,Week4,304.0 Crosspointe - 98.0 Truro
Sully Station II,Week2,Great Falls,Week5,248.0 Sully Station II - 154.0 Great Falls
Sully Station,Week4,Rolling Hills,Week4,297.0 Sully Station - 105.0 Rolling Hills
Truro,Week2,Crosspointe,Week1,318.0 Crosspointe - 84.0 Truro
Sully Station,Week5,Rolling Hills,Week5,304.0 Sully Station - 98.0 Rolling Hills
Truro,Week2,Crosspointe,Week2,321.0 Crosspointe - 81.0 Truro
Sully Station,Week5,Kent Gardens,Week1,265.0 Sully Station - 137.0 Kent Gardens
Sully Station II,Week3,Pinewood Lake,Week5,366.0 Sully Station II - 35.0 Pinewood Lake
Sully Station,Week5,Mansion House,Week1,236.0 Sully Station - 166.0 Mansion House
Sully Station,Week5,Ilda Community,Week3,312.0 Sully Station - 89.0 Ilda Community
Sully Station,Week1,Rolling Valley,Week5,312.0 Sully Station - 90.0 Rolling Valley
Sully Station,Week4,Rolling Hills,Week1,283.0 Sully Station - 119.0 Rolling Hills
Sully Station,Week2,Rolling Valley,Week1,335.0 Sully Station - 67.0 Rolling Valley
Sully Station II,Week4,Fox Mill Woods,Week1,249.0 Fox Mill Woods - 153.0 Sully Station II
Truro,Week3,Crosspointe,Week4,326.0 Crosspointe - 76.0 Truro
Sully Station,Week3,Kent Gardens,Week2,258.0 Sully Station - 144.0 Kent Gardens
Truro,Week2,Crosspointe,Week4,317.0 Crosspointe - 85.0 Truro
Sully Station,Week5,Kent Gardens,Week5,235.0 Sully Station - 167.0 Kent Gardens
Truro,Week3,Country Club Hills,Week5,254.0 Country Club Hills - 148.0 Truro
Sully Station II,Week3,Fox Mill Woods,Week5,211.0 Sully Station II - 191.0 Fox Mill Woods
Sully Station II,Week2,Pleasant Valley,Week4,353.0 Sully Station II - 49.0 Pleasant Valley
Truro,Week3,Crosspointe,Week5,328.0 Crosspointe - 74.0 Truro
Sully Station II,Week5,Pleasant Valley,Week1,357.0 Sully Station II - 45.0 Pleasant Valley
Truro,Week3,Crosspointe,Week1,318.0 Crosspointe - 84.0 Truro
Sully Station II,Week3,Great Falls,Week2,279.0 Sully Station II - 105.0 Great Falls
Sully Station II,Week4,Pleasant Valley,Week2,326.0 Sully Station II - 76.0 Pleasant Valley
Sully Station,Week3,Rolling Hills,Week3,290.0 Sully Station - 112.0 Rolling Hills
Sully Station,Week1,Mansion House,Week3,210.0 Sully Station - 192.0 Mansion House
Sully Station,Week1,Rolling Valley,Week1,344.0 Sully Station - 58.0 Rolling Valley
Sully Station,Week2,Rolling Hills,Week3,286.0 Sully Station - 111.0 Rolling Hills
Sully Station II,Week4,Fox Mill Woods,Week4,238.5 Fox Mill Woods - 163.5 Sully Station II
Sully Station,Week4,Long Branch,Week5,280.0 Sully Station - 122.0 Long Branch
Sully Station,Week1,Kent Gardens,Week3,271.0 Sully Station - 130.0 Kent Gardens
Sully Station II,Week5,Pinewood Lake,Week5,374.0 Sully Station II - 28.0 Pinewood Lake
Sully Station,Week2,Rolling Valley,Week2,314.0 Sully Station - 88.0 Rolling Valley
Sully Station,Week1,Kent Gardens,Week2,269.0 Sully Station - 132.0 Kent Gardens
Sully Station,Week3,Mansion House,Week3,205.0 Mansion House - 197.0 Sully Station
Sully Station II,Week2,Great Falls,Week1,278.0 Sully Station II - 124.0 Great Falls
Sully Station,Week4,Kent Gardens,Week2,268.0 Sully Station - 134.0 Kent Gardens
Sully Station,Week4,Kent Gardens,Week1,245.0 Sully Station - 157.0 Kent Gardens
Sully Station,Week1,Mansion House,Week4,234.5 Sully Station - 167.5 Mansion House
Sully Station II,Week3,Pinewood Lake,Week1,368.0 Sully Station II - 27.0 Pinewood Lake
Sully Station II,Week1,Pleasant Valley,Week3,309.0 Sully Station II - 93.0 Pleasant Valley
Sully Station,Week5,Long Branch,Week2,301.0 Sully Station - 101.0 Long Branch
Sully Station II,Week1,Pleasant Valley,Week1,320.0 Sully Station II - 82.0 Pleasant Valley
Sully Station,Week1,Mansion House,Week5,214.0 Sully Station - 188.0 Mansion House
Truro,Week3,Country Club Hills,Week2,237.0 Country Club Hills - 165.0 Truro
Sully Station,Week5,Kent Gardens,Week4,283.0 Sully Station - 119.0 Kent Gardens
Truro,Week2,Crosspointe,Week3,315.0 Crosspointe - 87.0 Truro
Sully Station,Week2,Mansion House,Week3,207.0 Mansion House - 195.0 Sully Station
Sully Station II,Week3,Great Falls,Week1,290.0 Sully Station II - 112.0 Great Falls
Sully Station II,Week1,Great Falls,Week5,222.0 Sully Station II - 178.0 Great Falls
Sully Station,Week2,Mansion House,Week4,215.0 Sully Station - 182.0 Mansion House
Sully Station II,Week1,Great Falls,Week1,257.0 Sully Station II - 145.0 Great Falls
Truro,Week2,Crosspointe,Week5,333.0 Crosspointe - 68.0 Truro
Sully Station,Week4,Mansion House,Week2,211.0 Sully Station - 191.0 Mansion House
Sully Station,Week4,Mansion House,Week3,213.0 Sully Station - 189.0 Mansion House
Sully Station II,Week2,Great Falls,Week4,269.0 Sully Station II - 133.0 Great Falls
Truro,Week5,Crosspointe,Week5,317.0 Crosspointe - 85.0 Truro
Sully Station,Week5,Kent Gardens,Week2,292.0 Sully Station - 110.0 Kent Gardens
Sully Station II,Week5,Fox Mill Woods,Week4,240.5 Sully Station II - 161.5 Fox Mill Woods
Sully Station II,Week4,Fox Mill Woods,Week5,236.0 Fox Mill Woods - 166.0 Sully Station II
Sully Station,Week5,Ilda Community,Week5,319.0 Sully Station - 79.0 Ilda Community
Sully Station II,Week3,Pinewood Lake,Week2,378.0 Sully Station II - 17.0 Pinewood Lake
Sully Station II,Week5,Fox Mill Woods,Week5,213.0 Sully Station II - 189.0 Fox Mill Woods
Sully Station,Week3,Mansion House,Week1,215.0 Sully Station - 187.0 Mansion House
Sully Station II,Week2,Great Falls,Week3,251.0 Sully Station II - 151.0 Great Falls
Sully Station,Week4,Rolling Valley,Week5,323.0 Sully Station - 79.0 Rolling Valley
Sully Station,Week3,Rolling Valley,Week1,345.0 Sully Station - 57.0 Rolling Valley
Sully Station,Week4,Rolling Valley,Week2,320.0 Sully Station - 82.0 Rolling Valley
Truro,Week3,Daventry,Week2,234.0 Truro - 167.0 Daventry
Sully Station,Week3,Kent Gardens,Week3,267.0 Sully Station - 135.0 Kent Gardens
Sully Station II,Week1,Great Falls,Week4,242.0 Sully Station II - 160.0 Great Falls
Sully Station II,Week4,Pinewood Lake,Week1,357.0 Sully Station II - 39.0 Pinewood Lake
Truro,Week2,Daventry,Week5,201.0 Truro - 190.0 Daventry
Sully Station,Week3,Mansion House,Week2,212.5 Sully Station - 189.5 Mansion House
Sully Station,Week5,Long Branch,Week4,293.0 Sully Station - 109.0 Long Branch
Sully Station II,Week1,Pleasant Valley,Week4,327.0 Sully Station II - 73.0 Pleasant Valley
Sully Station II,Week3,Pinewood Lake,Week4,377.0 Sully Station II - 18.0 Pinewood Lake
Sully Station,Week3,Rolling Valley,Week2,315.0 Sully Station - 87.0 Rolling Valley
Truro,Week5,Crosspointe,Week1,302.0 Crosspointe - 100.0 Truro
Sully Station II,Week5,Pleasant Valley,Week3,354.0 Sully Station II - 48.0 Pleasant Valley
Sully Station II,Week4,Pinewood Lake,Week3,367.0 Sully Station II - 30.0 Pinewood Lake
Sully Station,Week5,Long Branch,Week5,300.0 Sully Station - 102.0 Long Branch
Sully Station,Week4,Kent Gardens,Week4,259.0 Sully Station - 143.0 Kent Gardens
Sully Station,Week5,Rolling Valley,Week1,349.0 Sully Station - 53.0 Rolling Valley
Sully Station,Week5,Ilda Community,Week2,318.0 Sully Station - 83.0 Ilda Community
Sully Station,Week4,Rolling Valley,Week4,323.0 Sully Station - 79.0 Rolling Valley
Truro,Week4,Crosspointe,Week2,306.0 Crosspointe - 96.0 Truro
Sully Station,Week5,Rolling Valley,Week2,326.5 Sully Station - 75.5 Rolling Valley
Sully Station,Week3,Kent Gardens,Week5,214.0 Sully Station - 188.0 Kent Gardens
Sully Station,Week1,Mansion House,Week1,231.0 Sully Station - 171.0 Mansion House
Truro,Week4,Daventry,Week3,273.0 Truro - 128.0 Daventry
Truro,Week4,Daventry,Week5,235.0 Truro - 167.0 Daventry
Sully Station,Week4,Kent Gardens,Week3,273.0 Sully Station - 129.0 Kent Gardens
Sully Station,Week2,Mansion House,Week5,209.0 Sully Station - 193.0 Mansion House
Sully Station II,Week4,Pinewood Lake,Week5,355.0 Sully Station II - 43.0 Pinewood Lake
Sully Station,Week2,Mansion House,Week1,210.0 Sully Station - 187.0 Mansion House
Sully Station II,Week3,Great Falls,Week3,265.0 Sully Station II - 137.0 Great Falls
Sully Station II,Week2,Pinewood Lake,Week5,367.0 Sully Station II - 33.0 Pinewood Lake
Sully Station,Week3,Rolling Valley,Week5,318.0 Sully Station - 84.0 Rolling Valley
Sully Station II,Week3,Great Falls,Week5,269.0 Sully Station II - 133.0 Great Falls
Sully Station,Week1,Kent Gardens,Week4,266.0 Sully Station - 136.0 Kent Gardens
Sully Station II,Week4,Great Falls,Week1,257.0 Sully Station II - 145.0 Great Falls
Sully Station,Week3,Rolling Valley,Week4,319.5 Sully Station - 82.5 Rolling Valley
Truro,Week4,Crosspointe,Week5,314.0 Crosspointe - 88.0 Truro
Sully Station II,Week3,Pleasant Valley,Week2,343.0 Sully Station II - 59.0 Pleasant Valley
Truro,Week5,Daventry,Week3,247.0 Truro - 152.0 Daventry
Sully Station,Week5,Long Branch,Week1,297.0 Sully Station - 104.0 Long Branch
Sully Station II,Week4,Pinewood Lake,Week2,366.0 Sully Station II - 31.0 Pinewood Lake
Sully Station,Week1,Kings Ridge ,Week2,326.0 Sully Station - 75.0 Kings Ridge
Sully Station,Week5,Rolling Valley,Week3,343.0 Sully Station - 59.0 Rolling Valley
Sully Station II,Week5,Greenbriar,Week3,262.0 Sully Station II - 140.0 Greenbriar
Sully Station,Week5,Rolling Valley,Week5,324.0 Sully Station - 78.0 Rolling Valley
Sully Station,Week4,Mansion House,Week1,218.0 Sully Station - 184.0 Mansion House
Sully Station,Week1,Rutherford,Week5,296.0 Sully Station - 106.0 Rutherford
Sully Station II,Week3,Pinewood Lake,Week3,376.0 Sully Station II - 19.0 Pinewood Lake
Sully Station,Week3,Kent Gardens,Week1,253.0 Sully Station - 149.0 Kent Gardens
Sully Station II,Week4,Great Falls,Week4,251.0 Sully Station II - 151.0 Great Falls
Sully Station II,Week1,Pleasant Valley,Week5,310.0 Sully Station II - 86.0 Pleasant Valley
Sully Station II,Week1,Greenbriar,Week3,203.5 Sully Station II - 198.5 Greenbriar
Sully Station,Week4,Mansion House,Week4,234.0 Sully Station - 168.0 Mansion House
Sully Station,Week5,Long Branch,Week3,290.0 Sully Station - 112.0 Long Branch
Sully Station II,Week5,Pinewood Lake,Week3,382.0 Sully Station II - 20.0 Pinewood Lake
Sully Station II,Week4,Pinewood Lake,Week4,370.0 Sully Station II - 27.0 Pinewood Lake
Sully Station II,Week2,Pinewood Lake,Week3,376.0 Sully Station II - 24.0 Pinewood Lake
Sully Station,Week5,Rolling Valley,Week4,334.0 Sully Station - 68.0 Rolling Valley
Sully Station II,Week5,Great Falls,Week2,280.0 Sully Station II - 104.0 Great Falls
Sully Station,Week3,Rutherford,Week3,302.0 Sully Station - 100.0 Rutherford
Sully Station,Week2,Kings Ridge ,Week1,319.0 Sully Station - 83.0 Kings Ridge
Truro,Week3,Daventry,Week4,244.0 Truro - 157.0 Daventry
Sully Station II,Week2,Greenbriar,Week1,243.0 Sully Station II - 159.0 Greenbriar
Sully Station,Week5,Kent Gardens,Week3,285.0 Sully Station - 117.0 Kent Gardens
Sully Station,Week1,Kings Ridge ,Week5,310.0 Sully Station - 92.0 Kings Ridge
Sully Station,Week1,Kings Ridge ,Week4,315.0 Sully Station - 87.0 Kings Ridge
Sully Station,Week4,Mansion House,Week5,219.0 Sully Station - 183.0 Mansion House
Sully Station,Week5,Kings Ridge ,Week1,336.0 Sully Station - 66.0 Kings Ridge
Sully Station II,Week5,Great Falls,Week1,311.0 Sully Station II - 91.0 Great Falls
Sully Station,Week1,Rutherford,Week3,308.5 Sully Station - 93.5 Rutherford
Sully Station,Week3,Rutherford,Week1,318.0 Sully Station - 84.0 Rutherford
Truro,Week1,Daventry,Week5,238.0 Truro - 162.0 Daventry
Truro,Week2,Daventry,Week1,240.0 Truro - 160.0 Daventry
Truro,Week5,Crosspointe,Week4,305.0 Crosspointe - 97.0 Truro
Sully Station II,Week1,Greenbriar,Week1,214.0 Sully Station II - 188.0 Greenbriar
Truro,Week4,Crosspointe,Week3,290.0 Crosspointe - 112.0 Truro
Sully Station II,Week1,Pleasant Valley,Week2,316.0 Sully Station II - 86.0 Pleasant Valley
Sully Station,Week1,Rutherford,Week2,308.0 Sully Station - 94.0 Rutherford
Truro,Week3,Crosspointe,Week3,309.5 Crosspointe - 92.5 Truro
Sully Station II,Week5,Pinewood Lake,Week4,384.0 Sully Station II - 18.0 Pinewood Lake
Sully Station,Week2,Mansion House,Week2,210.0 Sully Station - 187.0 Mansion House
Truro,Week1,Daventry,Week1,263.0 Truro - 139.0 Daventry
Sully Station,Week3,Mansion House,Week4,223.0 Sully Station - 179.0 Mansion House
Sully Station II,Week4,Great Falls,Week2,240.0 Sully Station II - 144.0 Great Falls
Sully Station,Week1,Mansion House,Week2,227.5 Sully Station - 174.5 Mansion House
Sully Station,Week1,Kings Ridge ,Week3,317.0 Sully Station - 85.0 Kings Ridge
Sully Station II,Week2,Pleasant Valley,Week3,331.0 Sully Station II - 71.0 Pleasant Valley
Truro,Week2,Daventry,Week4,228.0 Truro - 172.0 Daventry
Sully Station II,Week2,Pleasant Valley,Week5,326.0 Sully Station II - 76.0 Pleasant Valley
Sully Station,Week3,Mansion House,Week5,203.0 Mansion House - 199.0 Sully Station
Sully Station,Week5,Mansion House,Week3,233.0 Sully Station - 169.0 Mansion House
Sully Station,Week2,Kings Ridge ,Week4,310.0 Sully Station - 92.0 Kings Ridge
Sully Station,Week2,Lake Braddock,Week4,323.0 Sully Station - 79.0 Lake Braddock
Sully Station,Week3,Rutherford,Week4,288.0 Sully Station - 114.0 Rutherford
Sully Station II,Week3,Greenbriar,Week1,252.0 Sully Station II - 150.0 Greenbriar
Sully Station II,Week4,Pleasant Valley,Week1,327.0 Sully Station II - 75.0 Pleasant Valley
Sully Station II,Week1,Hamlet,Week1,241.0 Hamlet - 161.0 Sully Station II
Sully Station II,Week1,Hamlet,Week2,254.0 Hamlet - 148.0 Sully Station II
Sully Station,Week2,Rutherford,Week2,303.0 Sully Station - 99.0 Rutherford
Truro,Week3,Daventry,Week3,248.0 Truro - 149.0 Daventry
Sully Station,Week1,Lake Braddock,Week4,334.0 Sully Station - 68.0 Lake Braddock
Sully Station,Week4,Mantua,Week4,207.0 Mantua - 195.0 Sully Station
Sully Station,Week5,Mansion House,Week4,250.0 Sully Station - 152.0 Mansion House
Sully Station,Week3,Rutherford,Week2,307.0 Sully Station - 95.0 Rutherford
Sully Station,Week2,Mantua,Week4,207.0 Mantua - 195.0 Sully Station
Sully Station II,Week5,Great Falls,Week5,273.0 Sully Station II - 129.0 Great Falls
Truro,Week4,Crosspointe,Week1,302.5 Crosspointe - 99.5 Truro
Sully Station II,Week3,Pleasant Valley,Week4,360.0 Sully Station II - 42.0 Pleasant Valley
Sully Station,Week3,Lake Braddock,Week1,342.0 Sully Station - 60.0 Lake Braddock
Sully Station,Week3,Kings Ridge ,Week1,342.0 Sully Station - 60.0 Kings Ridge
Truro,Week3,Crosspointe,Week2,318.0 Crosspointe - 84.0 Truro
Sully Station,Week1,Rutherford,Week4,300.0 Sully Station - 101.0 Rutherford
Sully Station,Week2,Rutherford,Week4,287.0 Sully Station - 115.0 Rutherford
Sully Station II,Week4,Pleasant Valley,Week3,323.0 Sully Station II - 79.0 Pleasant Valley
Sully Station,Week2,Rutherford,Week5,292.0 Sully Station - 110.0 Rutherford
Sully Station II,Week3,Pleasant Valley,Week3,343.0 Sully Station II - 59.0 Pleasant Valley
Truro,Week5,Crosspointe,Week2,299.0 Crosspointe - 103.0 Truro
Sully Station II,Week1,Greenbriar,Week4,224.0 Sully Station II - 178.0 Greenbriar
Sully Station,Week2,Lake Braddock,Week1,335.0 Sully Station - 67.0 Lake Braddock
Truro,Week4,Crosspointe,Week4,307.0 Crosspointe - 95.0 Truro
Sully Station II,Week4,Greenbriar,Week1,230.0 Sully Station II - 172.0 Greenbriar
Sully Station,Week1,Mantua,Week5,208.0 Mantua - 194.0 Sully Station
Truro,Week1,Daventry,Week4,251.0 Truro - 150.0 Daventry
Sully Station,Week2,Rutherford,Week1,313.0 Sully Station - 89.0 Rutherford
Sully Station,Week2,Rutherford,Week3,294.0 Sully Station - 108.0 Rutherford
Sully Station II,Week2,Greenbriar,Week4,267.0 Sully Station II - 135.0 Greenbriar
Truro,Week1,Daventry,Week3,255.0 Truro - 145.0 Daventry
Sully Station,Week3,Kings Ridge ,Week3,313.0 Sully Station - 89.0 Kings Ridge
Sully Station II,Week1,Greenbriar,Week2,207.0 Greenbriar - 195.0 Sully Station II
Truro,Week1,Daventry,Week2,259.0 Truro - 139.0 Daventry
Sully Station II,Week2,Greenbriar,Week3,232.0 Sully Station II - 170.0 Greenbriar
Sully Station,Week1,Lake Braddock,Week2,337.0 Sully Station - 64.0 Lake Braddock
Sully Station,Week3,Rutherford,Week5,289.0 Sully Station - 113.0 Rutherford
Sully Station II,Week4,Pleasant Valley,Week4,342.0 Sully Station II - 59.0 Pleasant Valley
Sully Station,Week4,Lake Braddock,Week2,338.0 Sully Station - 64.0 Lake Braddock
Sully Station II,Week3,Pleasant Valley,Week5,343.0 Sully Station II - 54.0 Pleasant Valley
Sully Station,Week1,Mantua,Week1,213.5 Sully Station - 187.5 Mantua
Sully Station,Week1,McLean,Week1,231.0 McLean - 171.0 Sully Station
Sully Station II,Week4,Pleasant Valley,Week5,329.0 Sully Station II - 71.0 Pleasant Valley
Sully Station II,Week3,Greenbriar,Week4,275.0 Sully Station II - 127.0 Greenbriar
Sully Station,Week2,Mantua,Week3,215.0 Mantua - 187.0 Sully Station
Sully Station,Week5,Kings Ridge ,Week3,321.0 Sully Station - 77.0 Kings Ridge
Sully Station,Week4,Rutherford,Week1,322.0 Sully Station - 80.0 Rutherford
Truro,Week3,Daventry,Week1,252.0 Truro - 149.0 Daventry
Sully Station II,Week5,Pleasant Valley,Week4,366.0 Sully Station II - 36.0 Pleasant Valley
Sully Station II,Week5,Pleasant Valley,Week2,353.0 Sully Station II - 49.0 Pleasant Valley
Sully Station,Week2,Lake Braddock,Week2,321.0 Sully Station - 81.0 Lake Braddock
Truro,Week2,Daventry,Week2,226.0 Truro - 168.0 Daventry
Sully Station II,Week1,Poplar Heights,Week2,228.0 Sully Station II - 174.0 Poplar Heights
Sully Station,Week3,Mantua,Week5,232.0 Mantua - 170.0 Sully Station
Sully Station,Week2,Mantua,Week5,235.0 Mantua - 167.0 Sully Station
Truro,Week5,Crosspointe,Week3,302.0 Crosspointe - 100.0 Truro
Truro,Week3,Daventry,Week5,222.0 Truro - 180.0 Daventry
Sully Station,Week2,Kings Ridge ,Week3,310.0 Sully Station - 92.0 Kings Ridge
Sully Station II,Week2,Poplar Heights,Week4,234.0 Sully Station II - 168.0 Poplar Heights
Sully Station II,Week4,Greenbriar,Week2,209.0 Sully Station II - 193.0 Greenbriar
Sully Station II,Week3,Poplar Heights,Week4,257.0 Sully Station II - 145.0 Poplar Heights
Sully Station,Week3,Mantua,Week1,209.0 Sully Station - 193.0 Mantua
Truro,Week4,Daventry,Week1,271.0 Truro - 130.0 Daventry
Sully Station,Week5,Mantua,Week2,215.0 Sully Station - 187.0 Mantua
Sully Station,Week1,Mantua,Week4,210.0 Sully Station - 192.0 Mantua
Truro,Week4,Daventry,Week2,257.0 Truro - 144.0 Daventry
Truro,Week2,Daventry,Week3,223.0 Truro - 173.0 Daventry
Sully Station II,Week5,Greenbriar,Week1,262.0 Sully Station II - 140.0 Greenbriar
Sully Station,Week4,Rutherford,Week4,304.0 Sully Station - 98.0 Rutherford
Sully Station,Week5,Kings Ridge ,Week4,322.0 Sully Station - 80.0 Kings Ridge
Sully Station,Week4,Shouse Village,Week5,217.0 Sully Station - 185.0 Shouse Village
Sully Station,Week4,Kings Ridge ,Week5,304.0 Sully Station - 98.0 Kings Ridge
Sully Station II,Week3,Greenbriar,Week2,242.0 Sully Station II - 160.0 Greenbriar
Sully Station,Week5,Mantua,Week3,205.0 Mantua - 197.0 Sully Station
Sully Station,Week4,Rutherford,Week3,313.0 Sully Station - 89.0 Rutherford
Sully Station,Week4,Shouse Village,Week1,249.0 Sully Station - 153.0 Shouse Village
Sully Station,Week4,Rutherford,Week5,305.0 Sully Station - 97.0 Rutherford
Sully Station II,Week4,Greenbriar,Week3,213.0 Sully Station II - 189.0 Greenbriar
Sully Station,Week4,Rutherford,Week2,320.0 Sully Station - 82.0 Rutherford
Sully Station II,Week1,Poplar Heights,Week3,222.5 Sully Station II - 179.5 Poplar Heights
Sully Station,Week2,Kings Ridge ,Week5,302.0 Sully Station - 100.0 Kings Ridge
Sully Station,Week3,Kings Ridge ,Week2,326.0 Sully Station - 75.0 Kings Ridge
Sully Station II,Week4,Greenbriar,Week4,233.0 Sully Station II - 169.0 Greenbriar
Truro,Week4,Daventry,Week4,279.0 Truro - 123.0 Daventry
Sully Station II,Week2,Greenbriar,Week5,236.0 Sully Station II - 165.0 Greenbriar
Sully Station,Week3,Shouse Village,Week4,225.0 Sully Station - 177.0 Shouse Village
Sully Station,Week3,Kings Ridge ,Week4,323.0 Sully Station - 79.0 Kings Ridge
Sully Station II,Week1,Poplar Heights,Week4,218.0 Sully Station II - 184.0 Poplar Heights
Sully Station,Week3,Mantua,Week4,211.0 Sully Station - 191.0 Mantua
Sully Station II,Week4,Poplar Heights,Week1,222.0 Sully Station II - 180.0 Poplar Heights
Sully Station II,Week4,Poplar Heights,Week2,204.0 Sully Station II - 198.0 Poplar Heights
Sully Station,Week4,Kings Ridge ,Week2,328.0 Sully Station - 74.0 Kings Ridge
Sully Station,Week4,Shouse Village,Week4,217.0 Sully Station - 185.0 Shouse Village
Truro,Week1,Dominion Hills,Week4,260.0 Dominion Hills - 142.0 Truro
Sully Station,Week5,Mantua,Week4,208.0 Sully Station - 194.0 Mantua
Sully Station,Week1,Mantua,Week2,216.0 Sully Station - 185.0 Mantua
Truro,Week5,Daventry,Week2,247.0 Truro - 149.0 Daventry
Truro,Week5,Daventry,Week1,263.0 Truro - 137.0 Daventry
Sully Station,Week2,Kings Ridge ,Week2,320.0 Sully Station - 82.0 Kings Ridge
Sully Station II,Week5,Poplar Heights,Week1,268.0 Sully Station II - 134.0 Poplar Heights
Sully Station II,Week5,Great Falls,Week4,279.0 Sully Station II - 123.0 Great Falls
Sully Station II,Week3,Greenbriar,Week3,246.0 Sully Station II - 156.0 Greenbriar
Sully Station II,Week4,Poplar Heights,Week5,213.0 Sully Station II - 189.0 Poplar Heights
Truro,Week2,Dominion Hills,Week1,254.5 Dominion Hills - 147.5 Truro
Sully Station II,Week3,Greenbriar,Week5,247.0 Sully Station II - 155.0 Greenbriar
Sully Station,Week5,Shouse Village,Week2,271.0 Sully Station - 131.0 Shouse Village
Sully Station II,Week4,Poplar Heights,Week4,227.0 Sully Station II - 175.0 Poplar Heights
Truro,Week2,Dominion Hills,Week4,294.0 Dominion Hills - 108.0 Truro
Sully Station,Week4,Kings Ridge ,Week1,332.0 Sully Station - 70.0 Kings Ridge
Sully Station,Week4,Kings Ridge ,Week4,315.5 Sully Station - 86.5 Kings Ridge
Truro,Week3,Dominion Hills,Week2,265.0 Dominion Hills - 137.0 Truro
Sully Station,Week2,Mantua,Week2,202.0 Mantua - 200.0 Sully Station
Sully Station,Week2,McLean,Week3,244.0 McLean - 153.0 Sully Station
Sully Station,Week3,Mantua,Week3,231.0 Mantua - 171.0 Sully Station
Sully Station II,Week2,Greenbriar,Week2,227.5 Sully Station II - 174.5 Greenbriar
Sully Station,Week4,Kings Ridge ,Week3,314.0 Sully Station - 88.0 Kings Ridge
Sully Station II,Week1,Greenbriar,Week5,209.0 Sully Station II - 192.0 Greenbriar
Sully Station,Week4,Shouse Village,Week2,260.0 Sully Station - 142.0 Shouse Village
Sully Station II,Week3,Poplar Heights,Week5,250.0 Sully Station II - 147.0 Poplar Heights
Sully Station,Week3,Mantua,Week2,208.0 Sully Station - 194.0 Mantua
Sully Station II,Week4,Greenbriar,Week5,228.0 Sully Station II - 174.0 Greenbriar
Sully Station,Week1,Sideburn Run,Week1,242.0 Sully Station - 160.0 Sideburn Run
Sully Station,Week2,Shouse Village,Week1,247.0 Sully Station - 155.0 Shouse Village
Sully Station,Week1,Lake Braddock,Week1,350.0 Sully Station - 51.0 Lake Braddock
Sully Station,Week3,Kings Ridge ,Week5,308.0 Sully Station - 94.0 Kings Ridge
Sully Station,Week5,Shouse Village,Week4,229.0 Sully Station - 172.0 Shouse Village
Sully Station II,Week5,Greenbriar,Week2,248.0 Sully Station II - 154.0 Greenbriar
Sully Station II,Week2,Poplar Heights,Week2,227.0 Sully Station II - 175.0 Poplar Heights
Sully Station,Week5,Kings Ridge ,Week5,316.0 Sully Station - 86.0 Kings Ridge
Truro,Week2,Dominion Hills,Week2,284.0 Dominion Hills - 118.0 Truro
Sully Station II,Week1,Poplar Heights,Week5,216.0 Sully Station II - 186.0 Poplar Heights
Sully Station,Week1,Lake Braddock,Week3,336.0 Sully Station - 66.0 Lake Braddock
Sully Station II,Week2,Poplar Heights,Week1,247.0 Sully Station II - 155.0 Poplar Heights
Sully Station II,Week5,Greenbriar,Week4,279.0 Sully Station II - 123.0 Greenbriar
Sully Station,Week1,Mantua,Week3,202.0 Sully Station - 200.0 Mantua
Sully Station II,Week5,Greenbriar,Week5,273.0 Sully Station II - 129.0 Greenbriar
Truro,Week3,Dominion Hills,Week3,261.0 Dominion Hills - 141.0 Truro
Truro,Week1,Dominion Hills,Week1,225.0 Dominion Hills - 177.0 Truro
Sully Station,Week3,Hayfield Farm,Week1,232.0 Sully Station - 170.0 Hayfield Farm
Sully Station,Week4,Mantua,Week2,204.0 Sully Station - 198.0 Mantua
Sully Station,Week5,Mansion House,Week5,228.5 Sully Station - 173.5 Mansion House
Sully Station,Week5,Rutherford,Week2,318.0 Sully Station - 84.0 Rutherford
Sully Station,Week1,Shouse Village,Week5,221.0 Sully Station - 181.0 Shouse Village
Sully Station,Week5,Mantua,Week1,219.0 Sully Station - 183.0 Mantua
Sully Station II,Week2,Hayfield Farm,Week3,255.0 Sully Station II - 147.0 Hayfield Farm
Sully Station II,Week2,Poplar Heights,Week5,229.0 Sully Station II - 173.0 Poplar Heights
Sully Station II,Week1,Poplar Heights,Week1,238.0 Sully Station II - 164.0 Poplar Heights
Sully Station II,Week1,Hayfield Farm,Week3,221.0 Sully Station II - 181.0 Hayfield Farm
Sully Station II,Week2,Poplar Heights,Week3,240.0 Sully Station II - 162.0 Poplar Heights
Truro,Week3,Dominion Hills,Week5,289.0 Dominion Hills - 113.0 Truro
Truro,Week3,Dominion Hills,Week4,285.0 Dominion Hills - 117.0 Truro
Sully Station,Week5,Rutherford,Week5,312.0 Sully Station - 90.0 Rutherford
Sully Station,Week2,Mantua,Week1,202.0 Sully Station - 195.0 Mantua
Sully Station II,Week1,Hayfield Farm,Week1,231.0 Sully Station II - 171.0 Hayfield Farm
Sully Station,Week4,Hayfield Farm,Week2,247.0 Sully Station - 155.0 Hayfield Farm
Sully Station II,Week5,Pleasant Valley,Week5,345.0 Sully Station II - 57.0 Pleasant Valley
Sully Station II,Week3,Poplar Heights,Week2,252.0 Sully Station II - 150.0 Poplar Heights
Sully Station II,Week3,Hamlet,Week3,212.0 Hamlet - 190.0 Sully Station II
Sully Station II,Week3,Hamlet,Week1,210.0 Sully Station II - 192.0 Hamlet
Truro,Week1,Dominion Hills,Week3,228.0 Dominion Hills - 174.0 Truro
Sully Station,Week1,Herndon,Week3,340.0 Sully Station - 62.0 Herndon
Sully Station,Week5,Mansion House,Week2,246.0 Sully Station - 156.0 Mansion House
Sully Station,Week2,Herndon,Week3,333.0 Sully Station - 64.0 Herndon
Sully Station,Week2,Lake Braddock,Week3,315.0 Sully Station - 87.0 Lake Braddock
Sully Station,Week2,Shouse Village,Week5,204.0 Shouse Village - 198.0 Sully Station
Sully Station,Week5,Kings Ridge ,Week2,330.0 Sully Station - 72.0 Kings Ridge
Sully Station,Week2,Lake Braddock,Week5,318.0 Sully Station - 84.0 Lake Braddock
Truro,Week3,Dominion Hills,Week1,241.0 Dominion Hills - 161.0 Truro
Sully Station,Week5,Hayfield Farm,Week2,259.0 Sully Station - 143.0 Hayfield Farm
Sully Station,Week1,Lake Braddock,Week5,325.0 Sully Station - 76.0 Lake Braddock
Sully Station,Week4,Mantua,Week3,215.0 Mantua - 187.0 Sully Station
Sully Station,Week3,Lake Braddock,Week3,325.0 Sully Station - 77.0 Lake Braddock
Sully Station,Week5,Hayfield Farm,Week4,258.0 Sully Station - 144.0 Hayfield Farm
Sully Station II,Week5,Hamlet,Week3,209.5 Hamlet - 192.5 Sully Station II
Sully Station,Week4,Hayfield Farm,Week4,247.0 Sully Station - 155.0 Hayfield Farm
Sully Station,Week1,Shouse Village,Week2,264.0 Sully Station - 138.0 Shouse Village
Sully Station,Week5,Rutherford,Week3,313.0 Sully Station - 89.0 Rutherford
Sully Station II,Week3,Poplar Heights,Week1,269.0 Sully Station II - 133.0 Poplar Heights
Sully Station,Week5,Rutherford,Week4,319.0 Sully Station - 83.0 Rutherford
Truro,Week4,Dominion Hills,Week2,261.0 Dominion Hills - 141.0 Truro
Sully Station,Week3,Lake Braddock,Week2,324.0 Sully Station - 77.0 Lake Braddock
Sully Station,Week4,Mantua,Week1,203.0 Sully Station - 199.0 Mantua
Sully Station II,Week2,Hamlet,Week3,230.0 Hamlet - 172.0 Sully Station II
Sully Station,Week1,Herndon,Week5,342.0 Sully Station - 59.0 Herndon
Sully Station,Week5,Mantua,Week5,213.0 Mantua - 189.0 Sully Station
Truro,Week1,Dominion Hills,Week5,261.0 Dominion Hills - 141.0 Truro
Sully Station,Week4,Mantua,Week5,224.0 Mantua - 178.0 Sully Station
Sully Station II,Week3,Poplar Heights,Week3,254.0 Sully Station II - 148.0 Poplar Heights
Sully Station,Week3,Shouse Village,Week1,251.0 Sully Station - 150.0 Shouse Village
Truro,Week4,Dominion Hills,Week5,290.0 Dominion Hills - 112.0 Truro
Sully Station,Week1,Shouse Village,Week3,242.0 Sully Station - 160.0 Shouse Village
Sully Station II,Week1,Poplar Tree,Week5,214.0 Poplar Tree - 187.0 Sully Station II
Sully Station,Week2,Shouse Village,Week2,254.0 Sully Station - 148.0 Shouse Village
Sully Station II,Week4,Poplar Heights,Week3,217.5 Sully Station II - 184.5 Poplar Heights
Sully Station,Week3,Lake Braddock,Week5,324.0 Sully Station - 77.0 Lake Braddock
Sully Station,Week4,Lake Braddock,Week1,351.0 Sully Station - 51.0 Lake Braddock
Sully Station,Week1,McLean,Week2,235.0 McLean - 167.0 Sully Station
Sully Station II,Week4,Hamlet,Week4,253.0 Hamlet - 149.0 Sully Station II
Sully Station,Week1,Shouse Village,Week1,255.0 Sully Station - 146.0 Shouse Village
Sully Station,Week2,Herndon,Week1,333.0 Sully Station - 63.0 Herndon
Sully Station,Week3,Lake Braddock,Week4,327.0 Sully Station - 75.0 Lake Braddock
Sully Station II,Week2,Hayfield Farm,Week2,272.0 Sully Station II - 130.0 Hayfield Farm
Truro,Week5,Dominion Hills,Week1,247.0 Dominion Hills - 155.0 Truro
Sully Station II,Week1,Poplar Tree,Week1,208.0 Poplar Tree - 193.0 Sully Station II
Sully Station II,Week5,Hamlet,Week1,202.5 Sully Station II - 199.5 Hamlet
Truro,Week4,Dominion Hills,Week1,241.0 Dominion Hills - 161.0 Truro
Sully Station,Week2,Shouse Village,Week4,219.0 Sully Station - 183.0 Shouse Village
Sully Station II,Week5,Poplar Tree,Week3,226.0 Sully Station II - 176.0 Poplar Tree
Sully Station,Week2,Hayfield Farm,Week2,241.0 Sully Station - 161.0 Hayfield Farm
Sully Station,Week4,Hayfield Farm,Week1,242.0 Sully Station - 160.0 Hayfield Farm
Sully Station,Week4,Herndon,Week1,357.0 Sully Station - 45.0 Herndon
Sully Station,Week1,McLean,Week3,237.0 McLean - 165.0 Sully Station
Sully Station II,Week2,Hamlet,Week2,238.0 Hamlet - 164.0 Sully Station II
Sully Station II,Week1,Hamlet,Week5,259.0 Hamlet - 143.0 Sully Station II
Sully Station,Week3,Herndon,Week3,339.0 Sully Station - 63.0 Herndon
Sully Station,Week3,Shouse Village,Week3,231.0 Sully Station - 171.0 Shouse Village
Sully Station,Week4,Lake Braddock,Week3,338.0 Sully Station - 64.0 Lake Braddock
Sully Station,Week1,McLean,Week5,251.0 McLean - 151.0 Sully Station
Sully Station II,Week5,Poplar Heights,Week3,262.0 Sully Station II - 140.0 Poplar Heights
Sully Station,Week2,McLean,Week2,252.0 McLean - 150.0 Sully Station
Sully Station,Week5,Rutherford,Week1,327.0 Sully Station - 74.0 Rutherford
Sully Station,Week4,Lake Braddock,Week4,341.0 Sully Station - 61.0 Lake Braddock
Truro,Week4,Dominion Hills,Week4,267.0 Dominion Hills - 135.0 Truro
Truro,Week4,Dominion Hills,Week3,247.5 Dominion Hills - 154.5 Truro
Sully Station,Week1,McLean,Week4,224.5 McLean - 177.5 Sully Station
Sully Station II,Week1,Hamlet,Week4,237.0 Hamlet - 165.0 Sully Station II
Sully Station II,Week4,Hamlet,Week3,271.0 Hamlet - 131.0 Sully Station II
Sully Station,Week2,McLean,Week1,233.0 McLean - 169.0 Sully Station
Sully Station,Week4,Hayfield Farm,Week5,262.0 Sully Station - 140.0 Hayfield Farm
Sully Station II,Week2,Poplar Tree,Week5,208.0 Poplar Tree - 194.0 Sully Station II
Truro,Week5,Dominion Hills,Week2,259.0 Dominion Hills - 143.0 Truro
Sully Station,Week4,Lake Braddock,Week5,329.0 Sully Station - 73.0 Lake Braddock
Sully Station,Week1,Shouse Village,Week4,220.0 Sully Station - 182.0 Shouse Village
Sully Station II,Week5,Poplar Heights,Week4,259.0 Sully Station II - 143.0 Poplar Heights
Truro,Week1,Dominion Hills,Week2,242.0 Dominion Hills - 160.0 Truro
Truro,Week5,Daventry,Week5,226.0 Truro - 168.0 Daventry
Sully Station,Week3,Shouse Village,Week2,262.0 Sully Station - 140.0 Shouse Village
Sully Station,Week2,Hayfield Farm,Week1,238.0 Sully Station - 164.0 Hayfield Farm
Sully Station,Week2,Mosby Woods,Week4,205.0 Sully Station - 197.0 Mosby Woods
Sully Station,Week2,Shouse Village,Week3,230.0 Sully Station - 172.0 Shouse Village
Sully Station,Week5,Lake Braddock,Week2,341.0 Sully Station - 61.0 Lake Braddock
Sully Station,Week5,Lake Braddock,Week1,358.0 Sully Station - 44.0 Lake Braddock
Sully Station,Week2,Hayfield Farm,Week5,245.0 Sully Station - 157.0 Hayfield Farm
Sully Station II,Week5,Hamlet,Week4,209.0 Sully Station II - 193.0 Hamlet
Sully Station,Week4,McLean,Week3,250.0 McLean - 152.0 Sully Station
Truro,Week2,Dominion Hills,Week5,294.5 Dominion Hills - 106.5 Truro
Truro,Week5,Daventry,Week4,244.0 Truro - 156.0 Daventry
Sully Station,Week4,McLean,Week1,241.0 McLean - 161.0 Sully Station
Sully Station,Week3,Shouse Village,Week5,213.0 Sully Station - 189.0 Shouse Village
Truro,Week4,Donaldson Run,Week4,329.0 Donaldson Run - 73.0 Truro
Sully Station,Week3,Hayfield Farm,Week4,243.0 Sully Station - 159.0 Hayfield Farm
Sully Station II,Week5,Poplar Tree,Week1,219.0 Sully Station II - 183.0 Poplar Tree
Sully Station,Week2,McLean,Week5,259.0 McLean - 143.0 Sully Station
Sully Station,Week5,Lake Braddock,Week3,348.0 Sully Station - 54.0 Lake Braddock
Sully Station,Week1,Herndon,Week1,341.0 Sully Station - 59.0 Herndon
Sully Station,Week1,Lakevale Estates,Week1,201.0 Lakevale Estates - 201.0 Sully Station
Sully Station,Week4,Shouse Village,Week3,239.0 Sully Station - 163.0 Shouse Village
Sully Station II,Week2,Hamlet,Week4,211.0 Hamlet - 191.0 Sully Station II
Sully Station,Week3,McLean,Week3,244.0 McLean - 158.0 Sully Station
Sully Station II,Week3,Hamlet,Week2,216.0 Hamlet - 186.0 Sully Station II
Sully Station,Week5,Lake Braddock,Week4,346.0 Sully Station - 56.0 Lake Braddock
Sully Station,Week5,Shouse Village,Week1,252.0 Sully Station - 150.0 Shouse Village
Sully Station,Week1,Herndon,Week4,341.0 Sully Station - 60.0 Herndon
Sully Station II,Week5,Poplar Heights,Week2,245.0 Sully Station II - 157.0 Poplar Heights
Truro,Week1,Donaldson Run,Week4,339.0 Donaldson Run - 63.0 Truro
Sully Station,Week5,Lake Braddock,Week5,337.0 Sully Station - 65.0 Lake Braddock
Sully Station II,Week4,Hamlet,Week1,260.0 Hamlet - 142.0 Sully Station II
Truro,Week2,Dominion Hills,Week3,256.0 Dominion Hills - 146.0 Truro
Sully Station II,Week5,Hamlet,Week2,209.0 Hamlet - 193.0 Sully Station II
Sully Station II,Week2,Poplar Tree,Week3,208.0 Sully Station II - 193.0 Poplar Tree
Sully Station,Week5,Shouse Village,Week3,240.5 Sully Station - 161.5 Shouse Village
Sully Station,Week1,Herndon,Week2,337.0 Sully Station - 64.0 Herndon
Sully Station,Week1,Lakevale Estates,Week2,202.0 Sully Station - 200.0 Lakevale Estates
Sully Station,Week5,Hayfield Farm,Week1,267.0 Sully Station - 135.0 Hayfield Farm
Sully Station II,Week3,Poplar Tree,Week1,212.0 Sully Station II - 190.0 Poplar Tree
Sully Station,Week3,McLean,Week5,251.0 McLean - 151.0 Sully Station
Sully Station II,Week2,Ravensworth Farm,Week4,251.0 Sully Station II - 151.0 Ravensworth Farm
Sully Station,Week5,Shouse Village,Week5,222.0 Sully Station - 180.0 Shouse Village
Sully Station II,Week1,Poplar Tree,Week3,208.0 Poplar Tree - 193.0 Sully Station II
Truro,Week3,Donaldson Run,Week4,341.0 Donaldson Run - 61.0 Truro
Sully Station II,Week3,Poplar Tree,Week4,235.0 Sully Station II - 167.0 Poplar Tree
Sully Station,Week3,Sideburn Run,Week3,229.0 Sully Station - 173.0 Sideburn Run
Sully Station,Week1,Hayfield Farm,Week5,252.0 Sully Station - 150.0 Hayfield Farm
Truro,Week3,Donaldson Run,Week1,334.0 Donaldson Run - 68.0 Truro
Sully Station,Week4,Mosby Woods,Week1,214.0 Mosby Woods - 188.0 Sully Station
Sully Station,Week5,McLean,Week3,225.0 McLean - 177.0 Sully Station
Sully Station,Week2,Hayfield Farm,Week4,240.5 Sully Station - 161.5 Hayfield Farm
Truro,Week5,Donaldson Run,Week1,326.0 Donaldson Run - 76.0 Truro
Sully Station II,Week3,Hamlet,Week5,231.0 Hamlet - 171.0 Sully Station II
Sully Station II,Week4,Hamlet,Week5,280.0 Hamlet - 122.0 Sully Station II
Sully Station,Week1,Lakevale Estates,Week4,232.0 Lakevale Estates - 170.0 Sully Station
Sully Station,Week4,Sideburn Run,Week3,222.0 Sully Station - 180.0 Sideburn Run
Sully Station,Week1,Hayfield Farm,Week4,260.5 Sully Station - 141.5 Hayfield Farm
Sully Station II,Week3,Poplar Tree,Week2,245.0 Sully Station II - 157.0 Poplar Tree
Sully Station II,Week2,Hamlet,Week5,247.0 Hamlet - 155.0 Sully Station II
Sully Station II,Week1,Hamlet,Week3,245.5 Hamlet - 156.5 Sully Station II
Sully Station,Week3,Sideburn Run,Week2,243.0 Sully Station - 159.0 Sideburn Run
Sully Station,Week3,Hayfield Farm,Week3,214.0 Sully Station - 188.0 Hayfield Farm
Sully Station,Week3,Hayfield Farm,Week2,242.0 Sully Station - 160.0 Hayfield Farm
Truro,Week2,Donaldson Run,Week2,347.0 Donaldson Run - 55.0 Truro
Sully Station,Week1,Lakevale Estates,Week5,221.0 Lakevale Estates - 181.0 Sully Station
Sully Station,Week3,McLean,Week2,246.0 McLean - 156.0 Sully Station
Sully Station,Week2,Sleepy Hollow B & R,Week2,244.0 Sully Station - 158.0 Sleepy Hollow B & R
Truro,Week5,Donaldson Run,Week3,325.0 Donaldson Run - 77.0 Truro
Sully Station II,Week3,Hamlet,Week4,210.0 Sully Station II - 192.0 Hamlet
Sully Station II,Week2,Poplar Tree,Week1,207.0 Sully Station II - 194.0 Poplar Tree
Sully Station,Week2,Hayfield Farm,Week3,211.0 Sully Station - 191.0 Hayfield Farm
Sully Station,Week1,Lakevale Estates,Week3,217.0 Lakevale Estates - 185.0 Sully Station
Sully Station II,Week1,Ravensworth Farm,Week3,218.0 Sully Station II - 184.0 Ravensworth Farm
Sully Station II,Week4,Poplar Tree,Week4,214.0 Sully Station II - 188.0 Poplar Tree
Sully Station,Week1,Sideburn Run,Week3,228.0 Sully Station - 174.0 Sideburn Run
Sully Station II,Week3,Poplar Tree,Week3,218.0 Sully Station II - 184.0 Poplar Tree
Sully Station,Week3,McLean,Week4,232.0 McLean - 170.0 Sully Station
Sully Station,Week1,Mosby Woods,Week3,206.0 Sully Station - 196.0 Mosby Woods
Sully Station,Week1,Sideburn Run,Week4,226.0 Sully Station - 176.0 Sideburn Run
Sully Station,Week3,Hayfield Farm,Week5,249.0 Sully Station - 153.0 Hayfield Farm
Truro,Week4,Donaldson Run,Week1,326.0 Donaldson Run - 76.0 Truro
Sully Station,Week4,McLean,Week5,251.0 McLean - 151.0 Sully Station
Sully Station II,Week2,Poplar Tree,Week4,235.0 Sully Station II - 166.0 Poplar Tree
Truro,Week2,Donaldson Run,Week4,354.0 Donaldson Run - 48.0 Truro
Sully Station,Week5,McLean,Week1,217.0 McLean - 185.0 Sully Station
Sully Station,Week4,Sideburn Run,Week1,229.0 Sully Station - 173.0 Sideburn Run
Sully Station II,Week4,Hamlet,Week2,271.0 Hamlet - 131.0 Sully Station II
Sully Station II,Week2,Hamlet,Week1,214.0 Hamlet - 188.0 Sully Station II
Sully Station,Week5,Hayfield Farm,Week5,279.0 Sully Station - 123.0 Hayfield Farm
Truro,Week1,Donaldson Run,Week2,334.0 Donaldson Run - 68.0 Truro
Sully Station,Week2,Mosby Woods,Week1,202.5 Mosby Woods - 199.5 Sully Station
Sully Station,Week5,McLean,Week4,225.0 McLean - 177.0 Sully Station
Sully Station,Week1,Mosby Woods,Week4,211.0 Sully Station - 191.0 Mosby Woods
Truro,Week2,Dowden Terrace,Week1,258.0 Dowden Terrace - 139.0 Truro
Sully Station II,Week4,Poplar Tree,Week1,226.0 Poplar Tree - 175.0 Sully Station II
Sully Station II,Week1,Hayfield Farm,Week5,243.0 Sully Station II - 159.0 Hayfield Farm
Sully Station II,Week1,Hayfield Farm,Week2,240.0 Sully Station II - 162.0 Hayfield Farm
Sully Station II,Week5,Hamlet,Week5,229.0 Hamlet - 173.0 Sully Station II
Sully Station,Week5,Hayfield Farm,Week3,240.0 Sully Station - 162.0 Hayfield Farm
Sully Station II,Week1,Poplar Tree,Week2,210.0 Sully Station II - 192.0 Poplar Tree
Truro,Week2,Dowden Terrace,Week4,275.0 Dowden Terrace - 122.0 Truro
Sully Station,Week2,Sleepy Hollow B & R,Week4,232.0 Sully Station - 170.0 Sleepy Hollow B & R
Sully Station,Week2,Sideburn Run,Week3,225.0 Sully Station - 177.0 Sideburn Run
Sully Station II,Week4,Poplar Tree,Week2,211.0 Poplar Tree - 191.0 Sully Station II
Sully Station,Week4,Hayfield Farm,Week3,212.0 Sully Station - 190.0 Hayfield Farm
Sully Station II,Week1,Hayfield Farm,Week4,243.0 Sully Station II - 159.0 Hayfield Farm
Sully Station,Week3,Sideburn Run,Week5,220.0 Sully Station - 182.0 Sideburn Run
Sully Station,Week2,McLean,Week4,234.0 McLean - 168.0 Sully Station
Sully Station II,Week2,Hayfield Farm,Week1,273.5 Sully Station II - 128.5 Hayfield Farm
Sully Station II,Week5,Poplar Heights,Week5,257.0 Sully Station II - 145.0 Poplar Heights
Sully Station II,Week3,Hayfield Farm,Week3,267.0 Sully Station II - 135.0 Hayfield Farm
Sully Station,Week2,Herndon,Week2,339.0 Sully Station - 58.0 Herndon
Sully Station II,Week4,Poplar Tree,Week3,214.0 Poplar Tree - 188.0 Sully Station II
Sully Station,Week1,Mosby Woods,Week5,209.0 Sully Station - 193.0 Mosby Woods
Truro,Week3,Dowden Terrace,Week1,255.0 Dowden Terrace - 146.0 Truro
Sully Station,Week2,Herndon,Week4,338.0 Sully Station - 64.0 Herndon
Sully Station,Week5,McLean,Week2,236.0 McLean - 166.0 Sully Station
Sully Station,Week3,Sideburn Run,Week4,230.0 Sully Station - 172.0 Sideburn Run
Sully Station,Week1,Sideburn Run,Week5,230.0 Sully Station - 172.0 Sideburn Run
Truro,Week3,Donaldson Run,Week2,329.0 Donaldson Run - 73.0 Truro
Truro,Week5,Dominion Hills,Week5,279.0 Dominion Hills - 123.0 Truro
Sully Station II,Week3,Herndon,Week1,350.0 Sully Station II - 52.0 Herndon
Sully Station,Week2,Herndon,Week5,333.0 Sully Station - 69.0 Herndon
Sully Station II,Week4,Poplar Tree,Week5,219.0 Poplar Tree - 183.0 Sully Station II
Sully Station II,Week3,Hayfield Farm,Week1,280.0 Sully Station II - 122.0 Hayfield Farm
Sully Station,Week2,Sideburn Run,Week4,220.0 Sully Station - 182.0 Sideburn Run
Sully Station,Week4,Sideburn Run,Week5,220.0 Sully Station - 182.0 Sideburn Run
Sully Station,Week3,Herndon,Week2,338.0 Sully Station - 63.0 Herndon
Sully Station,Week1,Mosby Woods,Week1,202.0 Mosby Woods - 200.0 Sully Station
Truro,Week2,Donaldson Run,Week1,340.0 Donaldson Run - 62.0 Truro
Sully Station II,Week3,Poplar Tree,Week5,205.0 Sully Station II - 197.0 Poplar Tree
Sully Station,Week3,Sideburn Run,Week1,240.0 Sully Station - 162.0 Sideburn Run
Sully Station II,Week1,Herndon,Week4,322.0 Sully Station II - 78.0 Herndon
Sully Station II,Week1,Poplar Tree,Week4,226.0 Sully Station II - 174.0 Poplar Tree
Sully Station II,Week2,Herndon,Week2,341.0 Sully Station II - 60.0 Herndon
Truro,Week2,Donaldson Run,Week3,347.0 Donaldson Run - 55.0 Truro
Sully Station,Week3,McLean,Week1,242.0 McLean - 160.0 Sully Station
Sully Station,Week3,Herndon,Week4,345.0 Sully Station - 56.0 Herndon
Sully Station II,Week5,Poplar Tree,Week2,243.0 Sully Station II - 159.0 Poplar Tree
Sully Station,Week2,Sideburn Run,Week5,208.0 Sully Station - 194.0 Sideburn Run
Truro,Week5,Dominion Hills,Week4,276.0 Dominion Hills - 126.0 Truro
Sully Station,Week3,Herndon,Week1,349.0 Sully Station - 53.0 Herndon
Sully Station,Week4,McLean,Week4,228.0 McLean - 174.0 Sully Station
Sully Station II,Week1,Ravensworth Farm,Week2,244.0 Sully Station II - 158.0 Ravensworth Farm
Sully Station,Week2,Sideburn Run,Week2,237.0 Sully Station - 165.0 Sideburn Run
Sully Station,Week5,Herndon,Week4,353.0 Sully Station - 49.0 Herndon
Sully Station,Week5,Sideburn Run,Week2,253.0 Sully Station - 149.0 Sideburn Run
Sully Station II,Week2,Poplar Tree,Week2,220.0 Sully Station II - 182.0 Poplar Tree
Sully Station II,Week4,Hayfield Farm,Week3,213.0 Sully Station II - 189.0 Hayfield Farm
Truro,Week3,Donaldson Run,Week5,351.0 Donaldson Run - 51.0 Truro
Truro,Week1,Donaldson Run,Week1,329.5 Donaldson Run - 72.5 Truro
Truro,Week1,Donaldson Run,Week3,334.0 Donaldson Run - 68.0 Truro
Sully Station II,Week2,Hayfield Farm,Week5,274.0 Sully Station II - 128.0 Hayfield Farm
Sully Station,Week4,Sideburn Run,Week4,221.0 Sully Station - 181.0 Sideburn Run
Sully Station II,Week5,Hayfield Farm,Week1,298.0 Sully Station II - 104.0 Hayfield Farm
Sully Station,Week1,Sleepy Hollow B & R,Week1,261.0 Sully Station - 141.0 Sleepy Hollow B & R
Sully Station,Week3,Herndon,Week5,342.0 Sully Station - 59.0 Herndon
Sully Station,Week4,Herndon,Week2,344.0 Sully Station - 58.0 Herndon
Sully Station,Week5,Sideburn Run,Week3,239.0 Sully Station - 163.0 Sideburn Run
Truro,Week3,Donaldson Run,Week3,337.0 Donaldson Run - 65.0 Truro
Sully Station,Week4,McLean,Week2,252.5 McLean - 149.5 Sully Station
Sully Station,Week1,Sleepy Hollow B & R,Week2,254.0 Sully Station - 148.0 Sleepy Hollow B & R
Sully Station,Week1,Mosby Woods,Week2,204.0 Mosby Woods - 198.0 Sully Station
Sully Station,Week5,Herndon,Week2,350.0 Sully Station - 52.0 Herndon
Sully Station,Week2,Mosby Woods,Week3,211.0 Mosby Woods - 191.0 Sully Station
Sully Station,Week4,Herndon,Week3,351.0 Sully Station - 51.0 Herndon
Truro,Week4,Donaldson Run,Week2,333.0 Donaldson Run - 69.0 Truro
Sully Station II,Week1,Ravensworth Farm,Week5,205.0 Ravensworth Farm - 197.0 Sully Station II
Sully Station II,Week4,Hayfield Farm,Week2,256.0 Sully Station II - 146.0 Hayfield Farm
Sully Station II,Week1,Ravensworth Farm,Week1,212.0 Sully Station II - 190.0 Ravensworth Farm
Sully Station II,Week5,Poplar Tree,Week5,219.0 Sully Station II - 183.0 Poplar Tree
Sully Station II,Week1,Herndon,Week1,330.5 Sully Station II - 70.5 Herndon
Sully Station,Week2,Mosby Woods,Week5,203.5 Sully Station - 198.5 Mosby Woods
Truro,Week2,Donaldson Run,Week5,364.0 Donaldson Run - 38.0 Truro
Sully Station,Week3,Mosby Woods,Week2,207.0 Mosby Woods - 195.0 Sully Station
Truro,Week5,Dominion Hills,Week3,246.0 Dominion Hills - 156.0 Truro
Sully Station,Week5,Herndon,Week1,363.0 Sully Station - 39.0 Herndon
Sully Station II,Week3,Hayfield Farm,Week5,284.0 Sully Station II - 118.0 Hayfield Farm
Sully Station,Week3,Mosby Woods,Week1,207.5 Mosby Woods - 194.5 Sully Station
Sully Station,Week5,Herndon,Week5,351.0 Sully Station - 51.0 Herndon
Sully Station,Week2,Mosby Woods,Week2,209.0 Mosby Woods - 193.0 Sully Station
Sully Station,Week2,Sideburn Run,Week1,227.0 Sully Station - 175.0 Sideburn Run
Sully Station,Week5,Herndon,Week3,354.0 Sully Station - 48.0 Herndon
Sully Station II,Week2,Hayfield Farm,Week4,268.0 Sully Station II - 134.0 Hayfield Farm
Sully Station II,Week5,Poplar Tree,Week4,245.0 Sully Station II - 157.0 Poplar Tree
Sully Station II,Week1,Ravensworth Farm,Week4,229.0 Sully Station II - 173.0 Ravensworth Farm
Truro,Week1,Donaldson Run,Week5,348.0 Donaldson Run - 54.0 Truro
Sully Station,Week5,McLean,Week5,241.0 McLean - 161.0 Sully Station
Sully Station,Week1,Hiddenbrook,Week1,309.0 Sully Station - 93.0 Hiddenbrook
Sully Station II,Week3,Hayfield Farm,Week4,277.0 Sully Station II - 125.0 Hayfield Farm
Truro,Week4,Donaldson Run,Week3,329.0 Donaldson Run - 73.0 Truro
Sully Station II,Week1,Herndon,Week5,323.0 Sully Station II - 77.0 Herndon
Sully Station II,Week2,Ravensworth Farm,Week3,238.0 Sully Station II - 164.0 Ravensworth Farm
Sully Station,Week5,Sideburn Run,Week5,242.0 Sully Station - 160.0 Sideburn Run
Sully Station II,Week2,Ravensworth Farm,Week1,252.0 Sully Station II - 150.0 Ravensworth Farm
Truro,Week5,Donaldson Run,Week4,328.0 Donaldson Run - 74.0 Truro
Sully Station,Week3,Mosby Woods,Week3,206.0 Mosby Woods - 196.0 Sully Station
Sully Station,Week4,Herndon,Week4,361.0 Sully Station - 41.0 Herndon
Truro,Week5,Donaldson Run,Week2,331.0 Donaldson Run - 71.0 Truro
Sully Station II,Week2,Ravensworth Farm,Week2,262.0 Sully Station II - 140.0 Ravensworth Farm
Sully Station,Week3,Mosby Woods,Week5,207.0 Mosby Woods - 195.0 Sully Station
Sully Station,Week1,Hiddenbrook,Week3,292.0 Sully Station - 110.0 Hiddenbrook
Sully Station,Week1,Sideburn Run,Week2,245.0 Sully Station - 157.0 Sideburn Run
Sully Station,Week1,Sleepy Hollow B & R,Week4,241.0 Sully Station - 161.0 Sleepy Hollow B & R
Sully Station,Week3,Mosby Woods,Week4,202.0 Sully Station - 200.0 Mosby Woods
Sully Station,Week1,Sleepy Hollow B & R,Week3,253.0 Sully Station - 149.0 Sleepy Hollow B & R
Sully Station II,Week2,Herndon,Week4,352.0 Sully Station II - 49.0 Herndon
Truro,Week1,Dowden Terrace,Week3,251.0 Dowden Terrace - 151.0 Truro
Sully Station II,Week1,Riverside Gardens,Week3,205.0 Sully Station II - 197.0 Riverside Gardens
Sully Station II,Week2,Riverside Gardens,Week3,224.0 Sully Station II - 178.0 Riverside Gardens
Sully Station,Week5,Mosby Woods,Week2,213.0 Sully Station - 189.0 Mosby Woods
Truro,Week1,Dowden Terrace,Week4,270.0 Dowden Terrace - 132.0 Truro
Sully Station,Week2,Sleepy Hollow B & R,Week3,239.0 Sully Station - 163.0 Sleepy Hollow B & R
Sully Station,Week2,Sleepy Hollow B & R,Week1,243.0 Sully Station - 159.0 Sleepy Hollow B & R
Sully Station II,Week5,Hayfield Farm,Week4,288.0 Sully Station II - 114.0 Hayfield Farm
Sully Station II,Week2,Riverside Gardens,Week4,206.0 Sully Station II - 196.0 Riverside Gardens
Sully Station,Week2,Hiddenbrook,Week1,299.0 Sully Station - 103.0 Hiddenbrook
Sully Station,Week2,Mount Vernon Park,Week3,205.0 Mount Vernon Park - 197.0 Sully Station
Sully Station II,Week2,Riverside Gardens,Week1,223.0 Sully Station II - 179.0 Riverside Gardens
Sully Station,Week5,Sideburn Run,Week4,234.0 Sully Station - 168.0 Sideburn Run
Sully Station II,Week5,Hayfield Farm,Week5,303.0 Sully Station II - 99.0 Hayfield Farm
Sully Station,Week4,Sideburn Run,Week2,236.5 Sully Station - 165.5 Sideburn Run
Sully Station II,Week3,Ravensworth Farm,Week4,261.0 Sully Station II - 136.0 Ravensworth Farm
Sully Station II,Week3,Ravensworth Farm,Week3,255.0 Sully Station II - 147.0 Ravensworth Farm
Sully Station II,Week2,Herndon,Week3,347.0 Sully Station II - 54.0 Herndon
Sully Station II,Week1,Riverside Gardens,Week2,226.0 Sully Station II - 176.0 Riverside Gardens
Sully Station II,Week2,Riverside Gardens,Week2,240.0 Sully Station II - 162.0 Riverside Gardens
Sully Station II,Week1,Walden Glen,Week5,259.0 Sully Station II - 143.0 Walden Glen
Sully Station II,Week5,Wakefield Chapel,Week4,210.0 Sully Station II - 192.0 Wakefield Chapel
Truro,Week1,Dowden Terrace,Week1,246.0 Dowden Terrace - 152.0 Truro
Sully Station,Week5,Mosby Woods,Week4,221.0 Sully Station - 181.0 Mosby Woods
Sully Station,Week4,Herndon,Week5,353.0 Sully Station - 49.0 Herndon
Sully Station,Week1,Hiddenbrook,Week5,277.0 Sully Station - 125.0 Hiddenbrook
Sully Station,Week1,Mount Vernon Park,Week5,218.5 Mount Vernon Park - 183.5 Sully Station
Sully Station II,Week1,Walden Glen,Week1,285.0 Sully Station II - 117.0 Walden Glen
Sully Station II,Week4,Ravensworth Farm,Week1,215.0 Sully Station II - 187.0 Ravensworth Farm
Sully Station II,Week2,Herndon,Week1,348.0 Sully Station II - 53.0 Herndon
Sully Station,Week3,Sleepy Hollow B & R,Week5,204.0 Sully Station - 198.0 Sleepy Hollow B & R
Sully Station II,Week2,Riverside Gardens,Week5,205.0 Riverside Gardens - 197.0 Sully Station II
Sully Station,Week3,Sleepy Hollow B & R,Week4,229.0 Sully Station - 173.0 Sleepy Hollow B & R
Sully Station II,Week4,Ravensworth Farm,Week4,213.0 Sully Station II - 189.0 Ravensworth Farm
Sully Station II,Week4,Hayfield Farm,Week5,248.0 Sully Station II - 154.0 Hayfield Farm
Sully Station II,Week4,Ravensworth Farm,Week3,220.0 Ravensworth Farm - 182.0 Sully Station II
Truro,Week3,Dowden Terrace,Week5,290.0 Dowden Terrace - 112.0 Truro
Sully Station,Week5,Sleepy Hollow B & R,Week3,258.0 Sully Station - 144.0 Sleepy Hollow B & R
Sully Station II,Week1,Herndon,Week3,323.0 Sully Station II - 78.0 Herndon
Sully Station II,Week2,Herndon,Week5,349.0 Sully Station II - 52.0 Herndon
Sully Station,Week4,Mosby Woods,Week4,202.0 Mosby Woods - 200.0 Sully Station
Truro,Week4,Donaldson Run,Week5,342.0 Donaldson Run - 60.0 Truro
Truro,Week2,Dowden Terrace,Week5,304.0 Dowden Terrace - 98.0 Truro
Sully Station,Week1,Mount Vernon Park,Week3,201.0 Mount Vernon Park - 201.0 Sully Station
Sully Station II,Week3,Hayfield Farm,Week2,292.0 Sully Station II - 110.0 Hayfield Farm
Truro,Week1,Dowden Terrace,Week2,249.0 Dowden Terrace - 153.0 Truro
Sully Station,Week5,Sleepy Hollow B & R,Week4,253.0 Sully Station - 149.0 Sleepy Hollow B & R
Sully Station II,Week2,Walden Glen,Week1,300.0 Sully Station II - 102.0 Walden Glen
Sully Station,Week4,Sleepy Hollow B & R,Week4,232.0 Sully Station - 170.0 Sleepy Hollow B & R
Truro,Week4,Dowden Terrace,Week1,246.0 Dowden Terrace - 155.0 Truro
Sully Station,Week1,Hiddenbrook,Week2,334.0 Sully Station - 68.0 Hiddenbrook
Sully Station II,Week5,Ravensworth Farm,Week3,264.0 Sully Station II - 138.0 Ravensworth Farm
Sully Station II,Week1,Walden Glen,Week2,258.0 Sully Station II - 144.0 Walden Glen
Sully Station II,Week4,Hayfield Farm,Week4,249.0 Sully Station II - 153.0 Hayfield Farm
Sully Station,Week2,Mount Vernon Park,Week4,205.0 Sully Station - 197.0 Mount Vernon Park
Truro,Week4,Dowden Terrace,Week4,245.0 Dowden Terrace - 157.0 Truro
Truro,Week2,Dowden Terrace,Week2,261.0 Dowden Terrace - 141.0 Truro
Sully Station,Week3,Mount Vernon Park,Week4,209.5 Sully Station - 192.5 Mount Vernon Park
Sully Station II,Week2,Walden Glen,Week5,278.0 Sully Station II - 124.0 Walden Glen
Sully Station II,Week5,Hayfield Farm,Week2,303.0 Sully Station II - 99.0 Hayfield Farm
Sully Station,Week1,Mount Vernon Park,Week4,210.0 Sully Station - 192.0 Mount Vernon Park
Truro,Week3,Dowden Terrace,Week4,265.0 Dowden Terrace - 137.0 Truro
Sully Station,Week4,Mount Vernon Park,Week2,202.0 Mount Vernon Park - 200.0 Sully Station
Sully Station II,Week4,Ravensworth Farm,Week2,233.0 Sully Station II - 169.0 Ravensworth Farm
Sully Station II,Week3,Walden Glen,Week1,321.0 Sully Station II - 81.0 Walden Glen
Sully Station II,Week1,Herndon,Week2,314.0 Sully Station II - 86.0 Herndon
Sully Station,Week4,Mosby Woods,Week5,202.0 Sully Station - 200.0 Mosby Woods
Sully Station II,Week3,Herndon,Week2,342.0 Sully Station II - 60.0 Herndon
Sully Station II,Week4,Hayfield Farm,Week1,245.5 Sully Station II - 156.5 Hayfield Farm
Sully Station,Week1,Mount Vernon Park,Week2,204.0 Sully Station - 198.0 Mount Vernon Park
Truro,Week2,Dowden Terrace,Week3,262.0 Dowden Terrace - 140.0 Truro
Sully Station II,Week5,Hayfield Farm,Week3,264.0 Sully Station II - 138.0 Hayfield Farm
Sully Station,Week4,Sleepy Hollow B & R,Week3,241.0 Sully Station - 161.0 Sleepy Hollow B & R
Sully Station,Week3,Sleepy Hollow B & R,Week2,248.0 Sully Station - 154.0 Sleepy Hollow B & R
Sully Station,Week1,Sleepy Hollow B & R,Week5,218.0 Sully Station - 184.0 Sleepy Hollow B & R
Truro,Week1,Dowden Terrace,Week5,271.0 Dowden Terrace - 131.0 Truro
Sully Station II,Week2,Walden Glen,Week3,292.5 Sully Station II - 109.5 Walden Glen
Truro,Week2,Dunn Loring,Week1,302.0 Dunn Loring - 99.0 Truro
Sully Station,Week1,Hiddenbrook,Week4,288.5 Sully Station - 113.5 Hiddenbrook
Sully Station II,Week3,Herndon,Week5,347.0 Sully Station II - 55.0 Herndon
Sully Station II,Week1,Waynewood,Week1,203.5 Sully Station II - 198.5 Waynewood
Sully Station II,Week1,Waynewood,Week3,220.0 Waynewood - 182.0 Sully Station II
Truro,Week5,Donaldson Run,Week5,341.0 Donaldson Run - 61.0 Truro
Sully Station,Week4,Mosby Woods,Week3,209.0 Mosby Woods - 193.0 Sully Station
Sully Station,Week5,Sideburn Run,Week1,248.0 Sully Station - 154.0 Sideburn Run
Sully Station,Week4,Mount Vernon Park,Week3,210.0 Mount Vernon Park - 192.0 Sully Station
Sully Station II,Week3,Herndon,Week4,358.0 Sully Station II - 44.0 Herndon
Truro,Week1,Dunn Loring,Week5,322.0 Dunn Loring - 80.0 Truro
Sully Station,Week5,Sleepy Hollow B & R,Week1,264.0 Sully Station - 138.0 Sleepy Hollow B & R
Sully Station II,Week2,Waynewood,Week1,224.0 Sully Station II - 178.0 Waynewood
Sully Station II,Week1,Riverside Gardens,Week1,206.5 Sully Station II - 195.5 Riverside Gardens
Sully Station II,Week3,Herndon,Week3,354.0 Sully Station II - 48.0 Herndon
Sully Station,Week5,Sleepy Hollow B & R,Week5,229.0 Sully Station - 173.0 Sleepy Hollow B & R
Sully Station,Week5,Mosby Woods,Week3,215.0 Sully Station - 187.0 Mosby Woods
Sully Station II,Week5,Ravensworth Farm,Week5,257.0 Sully Station II - 145.0 Ravensworth Farm
Sully Station,Week2,Sleepy Hollow B & R,Week5,208.0 Sully Station - 194.0 Sleepy Hollow B & R
Sully Station II,Week5,Ravensworth Farm,Week4,274.0 Sully Station II - 128.0 Ravensworth Farm
Truro,Week5,Dowden Terrace,Week2,251.0 Dowden Terrace - 151.0 Truro
Sully Station,Week2,Mount Vernon Park,Week1,210.0 Mount Vernon Park - 192.0 Sully Station
Sully Station,Week2,Mount Vernon Park,Week5,212.0 Mount Vernon Park - 190.0 Sully Station
Sully Station II,Week4,Walden Glen,Week4,244.0 Sully Station II - 158.0 Walden Glen
Sully Station,Week4,Mount Vernon Park,Week1,203.0 Mount Vernon Park - 199.0 Sully Station
Sully Station II,Week4,Herndon,Week4,341.0 Sully Station II - 61.0 Herndon
Sully Station II,Week2,Ravensworth Farm,Week5,223.0 Sully Station II - 179.0 Ravensworth Farm
Sully Station,Week3,Mount Vernon Park,Week5,218.0 Mount Vernon Park - 184.0 Sully Station
Sully Station II,Week4,Herndon,Week1,329.0 Sully Station II - 73.0 Herndon
Sully Station,Week5,Sleepy Hollow B & R,Week2,260.0 Sully Station - 142.0 Sleepy Hollow B & R
Truro,Week3,Dowden Terrace,Week3,266.5 Dowden Terrace - 135.5 Truro
Sully Station II,Week2,Walden Glen,Week4,284.0 Sully Station II - 118.0 Walden Glen
Sully Station II,Week3,Ravensworth Farm,Week1,256.0 Sully Station II - 146.0 Ravensworth Farm
Sully Station,Week1,Sleepy Hollow Rec,Week2,309.0 Sully Station - 93.0 Sleepy Hollow Rec
Sully Station II,Week1,Riverside Gardens,Week4,204.0 Riverside Gardens - 198.0 Sully Station II
Truro,Week3,Dowden Terrace,Week2,256.0 Dowden Terrace - 146.0 Truro
Sully Station,Week1,Sleepy Hollow Rec,Week1,310.0 Sully Station - 92.0 Sleepy Hollow Rec
Sully Station,Week1,Sleepy Hollow Rec,Week4,309.0 Sully Station - 93.0 Sleepy Hollow Rec
Sully Station,Week1,Mount Vernon Park,Week1,206.0 Sully Station - 196.0 Mount Vernon Park
Sully Station,Week3,Mount Vernon Park,Week2,204.0 Sully Station - 198.0 Mount Vernon Park
Truro,Week5,Dowden Terrace,Week1,234.0 Dowden Terrace - 164.0 Truro
Sully Station II,Week1,Riverside Gardens,Week5,222.0 Riverside Gardens - 180.0 Sully Station II
Sully Station II,Week1,Waynewood,Week5,232.0 Waynewood - 170.0 Sully Station II
Sully Station II,Week5,Walden Glen,Week5,283.0 Sully Station II - 119.0 Walden Glen
Sully Station II,Week3,Waynewood,Week4,248.0 Sully Station II - 154.0 Waynewood
Truro,Week5,Dowden Terrace,Week4,254.0 Dowden Terrace - 143.0 Truro
Sully Station II,Week4,Herndon,Week3,334.0 Sully Station II - 68.0 Herndon
Sully Station,Week3,Mount Vernon Park,Week3,202.0 Sully Station - 200.0 Mount Vernon Park
Truro,Week4,Dowden Terrace,Week5,260.0 Dowden Terrace - 142.0 Truro
Sully Station II,Week4,Ravensworth Farm,Week5,214.0 Ravensworth Farm - 188.0 Sully Station II
Sully Station II,Week3,Hiddenbrook,Week3,301.0 Sully Station II - 101.0 Hiddenbrook
Sully Station,Week2,Sleepy Hollow Rec,Week1,310.0 Sully Station - 92.0 Sleepy Hollow Rec
Sully Station II,Week4,Walden Glen,Week3,278.0 Sully Station II - 124.0 Walden Glen
Sully Station,Week1,Sleepy Hollow Rec,Week5,298.0 Sully Station - 104.0 Sleepy Hollow Rec
Sully Station,Week3,Sleepy Hollow B & R,Week1,247.0 Sully Station - 155.0 Sleepy Hollow B & R
Sully Station II,Week3,Ravensworth Farm,Week2,276.5 Sully Station II - 125.5 Ravensworth Farm
Sully Station II,Week1,Waynewood,Week4,214.0 Waynewood - 188.0 Sully Station II
Sully Station II,Week1,Hiddenbrook,Week2,298.0 Sully Station II - 100.0 Hiddenbrook
Sully Station,Week1,Sleepy Hollow Rec,Week3,293.0 Sully Station - 109.0 Sleepy Hollow Rec
Sully Station II,Week3,Hiddenbrook,Week1,307.0 Sully Station II - 95.0 Hiddenbrook
Sully Station II,Week4,Hiddenbrook,Week5,250.0 Sully Station II - 152.0 Hiddenbrook
Sully Station,Week3,Mount Vernon Park,Week1,209.5 Sully Station - 192.5 Mount Vernon Park
Sully Station II,Week4,Hiddenbrook,Week1,282.0 Sully Station II - 120.0 Hiddenbrook
Truro,Week4,Dowden Terrace,Week3,245.0 Dowden Terrace - 157.0 Truro
Sully Station II,Week5,Ravensworth Farm,Week2,293.0 Sully Station II - 109.0 Ravensworth Farm
Truro,Week1,Dunn Loring,Week4,327.0 Dunn Loring - 75.0 Truro
Sully Station,Week4,Mosby Woods,Week2,221.0 Mosby Woods - 181.0 Sully Station
Sully Station,Week5,Mosby Woods,Week1,213.0 Sully Station - 189.0 Mosby Woods
Sully Station II,Week3,Ravensworth Farm,Week5,246.0 Sully Station II - 156.0 Ravensworth Farm
Sully Station,Week5,Mount Vernon Park,Week2,224.5 Sully Station - 177.5 Mount Vernon Park
Sully Station,Week1,Orange Hunt,Week4,243.0 Sully Station - 159.0 Orange Hunt
Sully Station,Week3,Sleepy Hollow B & R,Week3,245.0 Sully Station - 157.0 Sleepy Hollow B & R
Sully Station,Week2,Sleepy Hollow Rec,Week2,303.0 Sully Station - 99.0 Sleepy Hollow Rec
Sully Station,Week3,Old Keene Mill,Week4,313.0 Sully Station - 89.0 Old Keene Mill
Sully Station,Week2,Mount Vernon Park,Week2,210.0 Sully Station - 192.0 Mount Vernon Park
Sully Station,Week5,Mount Vernon Park,Week1,227.0 Sully Station - 175.0 Mount Vernon Park
Sully Station,Week3,Orange Hunt,Week1,262.5 Sully Station - 139.5 Orange Hunt
Sully Station II,Week4,Riverside Gardens,Week1,217.0 Riverside Gardens - 185.0 Sully Station II
Sully Station,Week4,Mount Vernon Park,Week4,201.0 Mount Vernon Park - 201.0 Sully Station
Sully Station,Week4,Sleepy Hollow B & R,Week1,249.5 Sully Station - 152.5 Sleepy Hollow B & R
Sully Station,Week4,Sleepy Hollow B & R,Week5,202.0 Sleepy Hollow B & R - 200.0 Sully Station
Sully Station II,Week1,Hiddenbrook,Week1,286.0 Sully Station II - 116.0 Hiddenbrook
Truro,Week5,Dowden Terrace,Week5,277.0 Dowden Terrace - 125.0 Truro
Truro,Week2,Dunn Loring,Week2,334.0 Dunn Loring - 68.0 Truro
Sully Station II,Week3,Hiddenbrook,Week2,325.0 Sully Station II - 76.0 Hiddenbrook
Sully Station,Week4,Old Keene Mill,Week2,296.0 Sully Station - 106.0 Old Keene Mill
Sully Station II,Week3,Walden Glen,Week2,298.0 Sully Station II - 104.0 Walden Glen
Sully Station II,Week5,Riverside Gardens,Week4,235.0 Sully Station II - 167.0 Riverside Gardens
Truro,Week2,Dunn Loring,Week3,343.0 Dunn Loring - 59.0 Truro
Sully Station II,Week3,Riverside Gardens,Week3,234.0 Sully Station II - 168.0 Riverside Gardens
Sully Station,Week3,Orange Hunt,Week4,240.0 Sully Station - 162.0 Orange Hunt
Sully Station II,Week1,Walden Glen,Week4,249.0 Sully Station II - 153.0 Walden Glen
Sully Station,Week4,Mount Vernon Park,Week5,220.0 Mount Vernon Park - 182.0 Sully Station
Sully Station II,Week2,Walden Glen,Week2,286.0 Sully Station II - 115.0 Walden Glen
Sully Station II,Week4,Walden Glen,Week5,237.0 Sully Station II - 165.0 Walden Glen
Sully Station II,Week4,Herndon,Week2,326.0 Sully Station II - 76.0 Herndon
Sully Station II,Week1,Rolling Forest,Week4,275.0 Sully Station II - 127.0 Rolling Forest
Truro,Week1,Dunn Loring,Week1,290.0 Dunn Loring - 112.0 Truro
Sully Station,Week4,Old Keene Mill,Week4,315.0 Sully Station - 87.0 Old Keene Mill
Sully Station II,Week5,Ravensworth Farm,Week1,279.0 Sully Station II - 123.0 Ravensworth Farm
Truro,Week4,Dowden Terrace,Week2,245.0 Dowden Terrace - 157.0 Truro
Sully Station,Week4,Sleepy Hollow B & R,Week2,235.0 Sully Station - 167.0 Sleepy Hollow B & R
Sully Station II,Week5,Wakefield Chapel,Week5,234.0 Wakefield Chapel - 168.0 Sully Station II
Sully Station II,Week5,Walden Glen,Week1,314.0 Sully Station II - 88.0 Walden Glen
Sully Station,Week5,Mosby Woods,Week5,211.0 Sully Station - 191.0 Mosby Woods
Truro,Week2,Dunn Loring,Week4,336.0 Dunn Loring - 66.0 Truro
Sully Station II,Week4,Hiddenbrook,Week2,294.0 Sully Station II - 107.0 Hiddenbrook
Sully Station II,Week1,Rolling Forest,Week2,273.0 Sully Station II - 129.0 Rolling Forest
Sully Station II,Week2,Rolling Forest,Week5,282.0 Sully Station II - 120.0 Rolling Forest
Truro,Week3,Dunn Loring,Week1,295.0 Dunn Loring - 107.0 Truro
Sully Station II,Week5,Wakefield Chapel,Week3,217.0 Wakefield Chapel - 185.0 Sully Station II
Sully Station II,Week2,Hiddenbrook,Week3,307.0 Sully Station II - 95.0 Hiddenbrook
Sully Station,Week2,Orange Hunt,Week4,229.0 Sully Station - 173.0 Orange Hunt
Sully Station II,Week4,Hiddenbrook,Week3,257.0 Sully Station II - 145.0 Hiddenbrook
Sully Station II,Week1,Hiddenbrook,Week3,283.0 Sully Station II - 119.0 Hiddenbrook
Sully Station II,Week1,Walden Glen,Week3,272.0 Sully Station II - 130.0 Walden Glen
Sully Station,Week3,Orange Hunt,Week3,245.0 Sully Station - 157.0 Orange Hunt
Sully Station,Week5,Mount Vernon Park,Week4,221.0 Sully Station - 181.0 Mount Vernon Park
Sully Station,Week5,Old Keene Mill,Week1,315.0 Sully Station - 87.0 Old Keene Mill
Sully Station,Week3,Newington Forest,Week5,305.0 Sully Station - 97.0 Newington Forest
Sully Station II,Week5,Riverside Gardens,Week1,257.0 Sully Station II - 145.0 Riverside Gardens
Sully Station,Week4,Newington Forest,Week3,319.0 Sully Station - 83.0 Newington Forest
Sully Station II,Week1,Rolling Forest,Week5,238.0 Sully Station II - 164.0 Rolling Forest
Truro,Week5,Dowden Terrace,Week3,242.0 Dowden Terrace - 160.0 Truro
Sully Station II,Week5,Herndon,Week4,365.0 Sully Station II - 37.0 Herndon
Sully Station II,Week4,Walden Glen,Week1,271.0 Sully Station II - 131.0 Walden Glen
Sully Station II,Week3,Riverside Gardens,Week2,253.0 Sully Station II - 149.0 Riverside Gardens
Sully Station,Week5,Newington Forest,Week2,325.0 Sully Station - 75.0 Newington Forest
Sully Station II,Week5,Walden Glen,Week2,292.0 Sully Station II - 110.0 Walden Glen
Sully Station II,Week1,Hiddenbrook,Week4,280.0 Sully Station II - 122.0 Hiddenbrook
Sully Station II,Week3,Walden Glen,Week4,294.5 Sully Station II - 107.5 Walden Glen
Sully Station,Week2,Old Keene Mill,Week5,274.0 Sully Station - 128.0 Old Keene Mill
Sully Station,Week3,Old Keene Mill,Week1,308.0 Sully Station - 94.0 Old Keene Mill
Truro,Week2,Dunn Loring,Week5,337.0 Dunn Loring - 65.0 Truro
Truro,Week1,Dunn Loring,Week3,323.5 Dunn Loring - 78.5 Truro
Truro,Week1,Dunn Loring,Week2,320.0 Dunn Loring - 82.0 Truro
Sully Station II,Week1,Hiddenbrook,Week5,273.0 Sully Station II - 129.0 Hiddenbrook
Sully Station II,Week2,Hiddenbrook,Week1,301.0 Sully Station II - 101.0 Hiddenbrook
Sully Station II,Week3,Walden Glen,Week3,316.0 Sully Station II - 86.0 Walden Glen
Sully Station,Week4,Old Keene Mill,Week1,317.0 Sully Station - 85.0 Old Keene Mill
Sully Station,Week4,Old Keene Mill,Week3,299.0 Sully Station - 103.0 Old Keene Mill
Sully Station II,Week2,Rolling Forest,Week4,301.0 Sully Station II - 101.0 Rolling Forest
Sully Station II,Week2,Hiddenbrook,Week5,284.0 Sully Station II - 118.0 Hiddenbrook
Sully Station II,Week5,Herndon,Week2,351.0 Sully Station II - 51.0 Herndon
Sully Station II,Week3,Walden Glen,Week5,290.0 Sully Station II - 112.0 Walden Glen
Sully Station II,Week5,Walden Glen,Week3,325.0 Sully Station II - 77.0 Walden Glen
Sully Station,Week4,Old Keene Mill,Week5,279.0 Sully Station - 123.0 Old Keene Mill
Sully Station,Week2,Orange Hunt,Week3,242.0 Sully Station - 160.0 Orange Hunt
Sully Station II,Week2,Hiddenbrook,Week4,299.0 Sully Station II - 103.0 Hiddenbrook
Sully Station II,Week2,Rolling Forest,Week3,278.0 Sully Station II - 124.0 Rolling Forest
Sully Station,Week4,Newington Forest,Week5,303.0 Sully Station - 99.0 Newington Forest
Truro,Week1,Brandywine,Week4,265.0 Brandywine - 137.0 Truro
Sully Station II,Week5,Rolling Forest,Week4,315.0 Sully Station II - 87.0 Rolling Forest
Sully Station II,Week4,Walden Glen,Week2,250.0 Sully Station II - 152.0 Walden Glen
Sully Station II,Week4,Herndon,Week5,333.0 Sully Station II - 69.0 Herndon
Sully Station II,Week4,Riverside Gardens,Week3,222.0 Riverside Gardens - 180.0 Sully Station II
Sully Station II,Week2,Rolling Forest,Week2,289.0 Sully Station II - 113.0 Rolling Forest
Sully Station,Week2,Newington Forest,Week2,309.0 Sully Station - 93.0 Newington Forest
Truro,Week2,Brandywine,Week3,258.0 Brandywine - 144.0 Truro
Sully Station,Week1,Newington Forest,Week3,315.0 Sully Station - 87.0 Newington Forest
Sully Station II,Week5,Riverside Gardens,Week5,228.0 Sully Station II - 174.0 Riverside Gardens
Truro,Week1,Brandywine,Week5,271.5 Brandywine - 130.5 Truro
Sully Station,Week1,Newington Forest,Week4,305.0 Sully Station - 97.0 Newington Forest
Truro,Week1,Brandywine,Week1,238.0 Brandywine - 164.0 Truro
Sully Station,Week5,Old Keene Mill,Week2,304.0 Sully Station - 98.0 Old Keene Mill
Sully Station,Week1,Newington Forest,Week1,330.0 Sully Station - 72.0 Newington Forest
Sully Station II,Week5,Walden Glen,Week4,295.0 Sully Station II - 107.0 Walden Glen
Sully Station II,Week2,Hiddenbrook,Week2,321.0 Sully Station II - 77.0 Hiddenbrook
Truro,Week1,Brandywine,Week2,244.0 Brandywine - 158.0 Truro
Sully Station II,Week2,Waynewood,Week2,211.5 Sully Station II - 190.5 Waynewood
Sully Station II,Week4,Riverside Gardens,Week2,204.0 Riverside Gardens - 198.0 Sully Station II
Sully Station II,Week3,Hiddenbrook,Week4,306.5 Sully Station II - 95.5 Hiddenbrook
Truro,Week2,Bren Mar-Edsall Park,Week3,311.0 Truro - 89.0 Bren Mar-Edsall Park
Sully Station II,Week2,Waynewood,Week4,225.0 Sully Station II - 177.0 Waynewood
Truro,Week4,Brandywine,Week4,253.0 Brandywine - 149.0 Truro
Sully Station,Week5,Old Keene Mill,Week5,284.0 Sully Station - 118.0 Old Keene Mill
Sully Station,Week3,Newington Forest,Week2,318.0 Sully Station - 83.0 Newington Forest
Truro,Week1,Brandywine,Week3,260.0 Brandywine - 142.0 Truro
Sully Station II,Week5,Riverside Gardens,Week3,243.5 Sully Station II - 158.5 Riverside Gardens
Sully Station,Week2,Orange Hunt,Week2,240.0 Sully Station - 162.0 Orange Hunt
Sully Station,Week1,Orange Hunt,Week3,252.0 Sully Station - 150.0 Orange Hunt
Sully Station II,Week3,Waynewood,Week3,223.0 Sully Station II - 179.0 Waynewood
Truro,Week2,Brandywine,Week4,283.0 Brandywine - 119.0 Truro
Sully Station,Week2,Newington Forest,Week3,306.7 Sully Station - 95.3 Newington Forest
Sully Station II,Week1,Waynewood,Week2,206.0 Waynewood - 196.0 Sully Station II
Sully Station,Week2,Newington Forest,Week4,301.0 Sully Station - 101.0 Newington Forest
Sully Station,Week5,Newington Forest,Week1,336.0 Sully Station - 64.0 Newington Forest
Sully Station II,Week3,Hiddenbrook,Week5,292.0 Sully Station II - 110.0 Hiddenbrook
Sully Station II,Week4,Riverside Gardens,Week5,243.0 Riverside Gardens - 159.0 Sully Station II
Sully Station II,Week1,Rolling Forest,Week1,265.0 Sully Station II - 137.0 Rolling Forest
Sully Station II,Week4,Riverside Gardens,Week4,232.0 Riverside Gardens - 170.0 Sully Station II
Sully Station,Week5,Old Keene Mill,Week4,314.0 Sully Station - 88.0 Old Keene Mill
Sully Station II,Week2,Waynewood,Week3,202.0 Sully Station II - 200.0 Waynewood
Truro,Week3,Bren Mar-Edsall Park,Week2,332.0 Truro - 69.0 Bren Mar-Edsall Park
Sully Station,Week3,Old Keene Mill,Week2,287.0 Sully Station - 115.0 Old Keene Mill
Sully Station,Week1,North Springfield,Week5,287.0 Sully Station - 86.0 North Springfield
Sully Station II,Week3,Waynewood,Week2,240.0 Sully Station II - 162.0 Waynewood
Sully Station II,Week3,Rolling Forest,Week1,301.0 Sully Station II - 101.0 Rolling Forest
Sully Station,Week5,Mount Vernon Park,Week5,206.0 Mount Vernon Park - 196.0 Sully Station
Truro,Week3,Brandywine,Week5,280.0 Brandywine - 122.0 Truro
Sully Station,Week3,Old Keene Mill,Week5,280.0 Sully Station - 122.0 Old Keene Mill
Truro,Week1,Bren Mar-Edsall Park,Week4,322.0 Truro - 79.0 Bren Mar-Edsall Park
Sully Station II,Week2,Waynewood,Week5,201.0 Sully Station II - 201.0 Waynewood
Sully Station,Week4,Newington Forest,Week1,330.0 Sully Station - 72.0 Newington Forest
Sully Station,Week5,Newington Forest,Week4,309.0 Sully Station - 93.0 Newington Forest
Sully Station II,Week3,Riverside Gardens,Week5,217.0 Sully Station II - 185.0 Riverside Gardens
Sully Station II,Week4,Hiddenbrook,Week4,254.0 Sully Station II - 148.0 Hiddenbrook
Sully Station II,Week5,Herndon,Week3,359.0 Sully Station II - 43.0 Herndon
Sully Station II,Week3,Waynewood,Week1,235.0 Sully Station II - 167.0 Waynewood
Truro,Week3,Brandywine,Week1,252.0 Brandywine - 150.0 Truro
Sully Station,Week1,Orange Hunt,Week1,256.0 Sully Station - 146.0 Orange Hunt
Sully Station II,Week5,Hiddenbrook,Week2,334.0 Sully Station II - 67.0 Hiddenbrook
Sully Station II,Week5,Herndon,Week5,357.0 Sully Station II - 45.0 Herndon
Sully Station II,Week5,Herndon,Week1,354.0 Sully Station II - 48.0 Herndon
Sully Station,Week1,Orange Hunt,Week5,235.0 Sully Station - 167.0 Orange Hunt
Sully Station,Week3,Newington Forest,Week1,333.0 Sully Station - 68.0 Newington Forest
Sully Station II,Week5,Waynewood,Week1,240.5 Sully Station II - 161.5 Waynewood
Sully Station,Week3,Old Keene Mill,Week3,296.0 Sully Station - 106.0 Old Keene Mill
Sully Station II,Week5,Waynewood,Week5,223.0 Sully Station II - 179.0 Waynewood
Sully Station II,Week2,High Point Pool,Week5,224.5 Sully Station II - 177.5 High Point Pool
Sully Station,Week2,Newington Forest,Week5,289.5 Sully Station - 112.5 Newington Forest
Sully Station II,Week1,Rolling Forest,Week3,239.0 Sully Station II - 163.0 Rolling Forest
Sully Station II,Week1,Woodley,Week1,309.0 Sully Station II - 93.0 Woodley
Sully Station II,Week2,High Point Pool,Week4,211.0 Sully Station II - 191.0 High Point Pool
Sully Station II,Week5,Riverside Gardens,Week2,263.0 Sully Station II - 139.0 Riverside Gardens
Sully Station II,Week1,High Point Pool,Week4,209.0 High Point Pool - 193.0 Sully Station II
Sully Station,Week2,Newington Forest,Week1,320.0 Sully Station - 82.0 Newington Forest
Truro,Week3,Bren Mar-Edsall Park,Week4,310.0 Truro - 90.0 Bren Mar-Edsall Park
Sully Station II,Week2,High Point Pool,Week3,241.0 Sully Station II - 160.0 High Point Pool
Truro,Week3,Brandywine,Week4,273.0 Brandywine - 129.0 Truro
Truro,Week4,Bren Mar-Edsall Park,Week2,342.0 Truro - 56.0 Bren Mar-Edsall Park
Sully Station II,Week3,Riverside Gardens,Week4,226.0 Sully Station II - 176.0 Riverside Gardens
Truro,Week4,Brandywine,Week3,236.0 Brandywine - 165.0 Truro
Sully Station,Week1,Orange Hunt,Week2,244.0 Sully Station - 158.0 Orange Hunt
Sully Station,Week5,Old Keene Mill,Week3,305.0 Sully Station - 97.0 Old Keene Mill
Sully Station II,Week3,Riverside Gardens,Week1,239.0 Sully Station II - 163.0 Riverside Gardens
Sully Station,Week5,Newington Forest,Week5,309.0 Sully Station - 93.0 Newington Forest
Sully Station,Week4,Newington Forest,Week2,330.0 Sully Station - 72.0 Newington Forest
Sully Station,Week3,Newington Forest,Week3,307.0 Sully Station - 95.0 Newington Forest
Sully Station,Week3,Orange Hunt,Week2,237.0 Sully Station - 165.0 Orange Hunt
Sully Station,Week2,Overlee,Week4,318.0 Overlee - 84.0 Sully Station
Sully Station II,Week1,Woodley,Week2,304.0 Sully Station II - 98.0 Woodley
Sully Station II,Week5,Waynewood,Week2,230.0 Sully Station II - 172.0 Waynewood
Sully Station II,Week2,Rolling Forest,Week1,288.0 Sully Station II - 114.0 Rolling Forest
Sully Station II,Week3,Rolling Forest,Week4,300.0 Sully Station II - 102.0 Rolling Forest
Sully Station II,Week1,High Point Pool,Week5,214.0 Sully Station II - 188.0 High Point Pool
Sully Station II,Week4,Rolling Forest,Week1,256.0 Sully Station II - 146.0 Rolling Forest
Sully Station,Week3,Newington Forest,Week4,298.0 Sully Station - 104.0 Newington Forest
Truro,Week5,Brandywine,Week4,268.0 Brandywine - 134.0 Truro
Sully Station II,Week5,Waynewood,Week4,242.0 Sully Station II - 160.0 Waynewood
Sully Station,Week2,Orange Hunt,Week1,257.5 Sully Station - 144.5 Orange Hunt
Truro,Week4,Brandywine,Week5,267.0 Brandywine - 135.0 Truro
Sully Station,Week1,Newington Forest,Week2,324.0 Sully Station - 78.0 Newington Forest
Sully Station II,Week3,High Point Pool,Week1,250.0 Sully Station II - 152.0 High Point Pool
Truro,Week5,Brandywine,Week5,271.0 Brandywine - 131.0 Truro
Sully Station II,Week2,Woodley,Week1,331.0 Sully Station II - 71.0 Woodley
Sully Station II,Week4,Rolling Forest,Week3,248.0 Sully Station II - 154.0 Rolling Forest
Sully Station II,Week3,High Point Pool,Week5,238.0 Sully Station II - 164.0 High Point Pool
Sully Station II,Week2,High Point Pool,Week2,221.0 Sully Station II - 181.0 High Point Pool
Sully Station II,Week1,Woodley,Week4,313.0 Sully Station II - 89.0 Woodley
Truro,Week2,Bren Mar-Edsall Park,Week2,309.0 Truro - 75.0 Bren Mar-Edsall Park
Sully Station II,Week3,High Point Pool,Week3,245.0 Sully Station II - 157.0 High Point Pool
Sully Station,Week2,Orange Hunt,Week5,220.0 Sully Station - 182.0 Orange Hunt
Sully Station,Week4,Overlee,Week1,271.0 Overlee - 131.0 Sully Station
Sully Station II,Week2,Woodley,Week2,329.5 Sully Station II - 72.5 Woodley
Sully Station II,Week4,Rolling Forest,Week2,250.0 Sully Station II - 152.0 Rolling Forest
Truro,Week2,Brandywine,Week2,256.0 Brandywine - 146.0 Truro
Sully Station,Week4,Newington Forest,Week4,312.0 Sully Station - 90.0 Newington Forest
Sully Station,Week3,Overlee,Week4,314.0 Overlee - 88.0 Sully Station
Sully Station,Week1,North Springfield,Week2,318.0 Sully Station - 69.0 North Springfield
Sully Station,Week4,Orange Hunt,Week1,256.0 Sully Station - 146.0 Orange Hunt
Truro,Week2,Brandywine,Week1,255.0 Brandywine - 147.0 Truro
Truro,Week3,Brandywine,Week2,251.0 Brandywine - 151.0 Truro
Sully Station,Week1,Overlee,Week2,261.0 Overlee - 141.0 Sully Station
Truro,Week2,Brandywine,Week5,286.0 Brandywine - 116.0 Truro
Sully Station II,Week5,Rolling Forest,Week1,308.0 Sully Station II - 94.0 Rolling Forest
Sully Station II,Week5,Hiddenbrook,Week4,306.0 Sully Station II - 96.0 Hiddenbrook
Sully Station II,Week4,Rolling Forest,Week4,268.0 Sully Station II - 134.0 Rolling Forest
Sully Station II,Week1,High Point Pool,Week3,201.0 Sully Station II - 200.0 High Point Pool
Sully Station II,Week4,Waynewood,Week4,207.0 Waynewood - 195.0 Sully Station II
Sully Station II,Week1,High Point Pool,Week2,206.0 High Point Pool - 196.0 Sully Station II
Sully Station II,Week3,Rolling Forest,Week2,299.0 Sully Station II - 103.0 Rolling Forest
Sully Station,Week1,Newington Forest,Week5,303.0 Sully Station - 99.0 Newington Forest
Sully Station II,Week5,Hiddenbrook,Week5,303.0 Sully Station II - 99.0 Hiddenbrook
Truro,Week1,Bren Mar-Edsall Park,Week3,339.0 Truro - 63.0 Bren Mar-Edsall Park
Sully Station,Week4,Orange Hunt,Week5,227.0 Sully Station - 175.0 Orange Hunt
Sully Station,Week1,North Springfield,Week4,322.0 Sully Station - 69.0 North Springfield
Sully Station,Week1,Oakton ,Week4,204.0 Sully Station - 198.0 Oakton
Sully Station II,Week1,High Point Pool,Week1,204.0 High Point Pool - 197.0 Sully Station II
Sully Station II,Week3,Rolling Forest,Week3,280.0 Sully Station II - 122.0 Rolling Forest
Sully Station II,Week3,Rolling Forest,Week5,276.5 Sully Station II - 125.5 Rolling Forest
Sully Station II,Week1,Woodley,Week5,303.0 Sully Station II - 99.0 Woodley
Truro,Week4,Brandywine,Week1,230.0 Brandywine - 172.0 Truro
Sully Station,Week3,Orange Hunt,Week5,230.0 Sully Station - 172.0 Orange Hunt
Sully Station,Week5,Mount Vernon Park,Week3,215.0 Sully Station - 187.0 Mount Vernon Park
Sully Station II,Week3,High Point Pool,Week4,237.0 Sully Station II - 165.0 High Point Pool
Truro,Week1,Bren Mar-Edsall Park,Week2,344.0 Truro - 56.0 Bren Mar-Edsall Park
Sully Station II,Week5,Waynewood,Week3,228.0 Sully Station II - 174.0 Waynewood
Sully Station II,Week4,Waynewood,Week5,229.0 Waynewood - 173.0 Sully Station II
Sully Station,Week5,Overlee,Week1,236.0 Overlee - 166.0 Sully Station
Sully Station II,Week2,High Point Pool,Week1,241.0 Sully Station II - 161.0 High Point Pool
Sully Station II,Week4,Waynewood,Week2,209.0 Waynewood - 192.0 Sully Station II
Sully Station,Week2,Oakton ,Week1,206.0 Oakton - 191.0 Sully Station
Sully Station,Week4,Overlee,Week4,328.0 Overlee - 74.0 Sully Station
Sully Station,Week1,Overlee,Week5,286.0 Overlee - 116.0 Sully Station
Truro,Week3,Brandywine,Week3,264.0 Brandywine - 137.0 Truro
Sully Station,Week5,Newington Forest,Week3,325.0 Sully Station - 76.0 Newington Forest
Sully Station II,Week5,Rolling Forest,Week3,293.0 Sully Station II - 109.0 Rolling Forest
Sully Station II,Week4,Rolling Forest,Week5,242.0 Sully Station II - 160.0 Rolling Forest
Sully Station II,Week4,Waynewood,Week1,207.0 Sully Station II - 195.0 Waynewood
Sully Station II,Week3,Waynewood,Week5,223.5 Sully Station II - 178.5 Waynewood
Sully Station II,Week5,Hiddenbrook,Week3,308.0 Sully Station II - 94.0 Hiddenbrook
Sully Station II,Week5,Rolling Forest,Week2,300.5 Sully Station II - 101.5 Rolling Forest
Sully Station,Week1,North Springfield,Week3,316.0 Sully Station - 78.0 North Springfield
Truro,Week5,Brandywine,Week1,240.0 Brandywine - 162.0 Truro
Sully Station II,Week1,Rolling Hills,Week3,268.0 Sully Station II - 134.0 Rolling Hills
Sully Station II,Week1,Rolling Hills,Week1,268.0 Sully Station II - 134.0 Rolling Hills
Sully Station II,Week3,High Point Pool,Week2,236.0 Sully Station II - 166.0 High Point Pool
Truro,Week4,Brandywine,Week2,228.0 Brandywine - 174.0 Truro
Sully Station II,Week2,Woodley,Week4,334.0 Sully Station II - 68.0 Woodley
Sully Station,Week5,Orange Hunt,Week2,245.0 Sully Station - 157.0 Orange Hunt
Sully Station,Week5,Orange Hunt,Week1,256.0 Sully Station - 146.0 Orange Hunt
Sully Station,Week2,Overlee,Week5,309.0 Overlee - 93.0 Sully Station
Sully Station II,Week4,Waynewood,Week3,213.0 Waynewood - 189.0 Sully Station II
Sully Station II,Week4,High Point Pool,Week1,203.0 High Point Pool - 199.0 Sully Station II
Sully Station,Week3,North Springfield,Week3,309.0 Sully Station - 87.0 North Springfield
Sully Station II,Week3,Rolling Hills,Week4,313.0 Sully Station II - 89.0 Rolling Hills
Sully Station II,Week1,Woodley,Week3,311.0 Sully Station II - 91.0 Woodley
Sully Station,Week1,North Springfield,Week1,302.5 Sully Station - 47.5 North Springfield
Truro,Week5,Brandywine,Week2,254.0 Brandywine - 148.0 Truro
Sully Station II,Week5,Rolling Forest,Week5,293.0 Sully Station II - 109.0 Rolling Forest
Sully Station II,Week2,Woodley,Week3,340.0 Sully Station II - 62.0 Woodley
Sully Station II,Week4,High Point Pool,Week2,218.0 High Point Pool - 184.0 Sully Station II
Sully Station II,Week4,High Point Pool,Week3,211.0 High Point Pool - 191.0 Sully Station II
Truro,Week5,Brandywine,Week3,255.0 Brandywine - 147.0 Truro
Sully Station,Week1,Overlee,Week3,260.0 Overlee - 142.0 Sully Station
Sully Station,Week5,North Springfield,Week2,318.0 Sully Station - 69.0 North Springfield
Sully Station,Week4,North Springfield,Week4,331.0 Sully Station - 61.0 North Springfield
Sully Station II,Week5,Hiddenbrook,Week1,324.0 Sully Station II - 78.0 Hiddenbrook
Sully Station II,Week4,Rolling Hills,Week1,274.0 Sully Station II - 128.0 Rolling Hills
Sully Station,Week3,North Springfield,Week4,317.0 Sully Station - 73.0 North Springfield
Sully Station II,Week4,Rolling Hills,Week2,266.0 Sully Station II - 136.0 Rolling Hills
Truro,Week3,Annandale,Week2,204.0 Truro - 198.0 Annandale
Truro,Week2,Bren Mar-Edsall Park,Week4,294.0 Truro - 99.0 Bren Mar-Edsall Park
Truro,Week2,Bren Mar-Edsall Park,Week5,297.0 Truro - 94.0 Bren Mar-Edsall Park
Sully Station,Week2,Overlee,Week3,279.0 Overlee - 123.0 Sully Station
Sully Station,Week1,Overlee,Week4,301.0 Overlee - 101.0 Sully Station
Sully Station,Week2,Overlee,Week1,262.0 Overlee - 140.0 Sully Station
Truro,Week4,Annandale,Week1,251.0 Truro - 150.0 Annandale
Sully Station,Week3,Overlee,Week1,260.0 Overlee - 142.0 Sully Station
Truro,Week1,Bren Mar-Edsall Park,Week5,318.0 Truro - 84.0 Bren Mar-Edsall Park
Sully Station II,Week2,Rolling Hills,Week2,302.0 Sully Station II - 100.0 Rolling Hills
Sully Station,Week5,North Springfield,Week3,308.0 Sully Station - 88.0 North Springfield
Sully Station II,Week4,High Point Pool,Week4,219.0 High Point Pool - 183.0 Sully Station II
Sully Station II,Week3,Woodley,Week1,337.0 Sully Station II - 65.0 Woodley
Sully Station,Week3,Overlee,Week3,274.5 Overlee - 127.5 Sully Station
Sully Station II,Week4,Rolling Hills,Week3,266.0 Sully Station II - 136.0 Rolling Hills
Sully Station,Week5,North Springfield,Week4,325.0 Sully Station - 66.0 North Springfield
Truro,Week1,Bren Mar-Edsall Park,Week1,331.0 Truro - 69.0 Bren Mar-Edsall Park
Sully Station II,Week3,Woodley,Week5,332.0 Sully Station II - 70.0 Woodley
Sully Station,Week3,North Springfield,Week2,317.0 Sully Station - 70.0 North Springfield
Truro,Week3,Annandale,Week1,214.0 Truro - 188.0 Annandale
Truro,Week3,Bren Mar-Edsall Park,Week1,322.0 Truro - 80.0 Bren Mar-Edsall Park
Sully Station II,Week1,Rolling Hills,Week4,265.0 Sully Station II - 137.0 Rolling Hills
Sully Station,Week1,Overlee,Week1,244.0 Overlee - 158.0 Sully Station
Sully Station,Week1,Oakton ,Week3,202.0 Oakton - 200.0 Sully Station
Sully Station II,Week2,Woodley,Week5,329.0 Sully Station II - 73.0 Woodley
Truro,Week2,Bren Mar-Edsall Park,Week1,304.0 Truro - 95.0 Bren Mar-Edsall Park
Sully Station II,Week2,Rolling Hills,Week1,298.0 Sully Station II - 104.0 Rolling Hills
Sully Station,Week4,Orange Hunt,Week3,250.0 Sully Station - 152.0 Orange Hunt
Sully Station,Week5,North Springfield,Week1,297.0 Sully Station - 50.0 North Springfield
Sully Station,Week2,North Springfield,Week5,270.0 Sully Station - 104.0 North Springfield
Sully Station II,Week5,Woodley,Week5,337.0 Sully Station II - 65.0 Woodley
Truro,Week1,Brookfield ,Week2,252.0 Brookfield - 150.0 Truro
Sully Station,Week5,North Springfield,Week5,280.0 Sully Station - 93.0 North Springfield
Sully Station II,Week4,Woodley,Week3,319.0 Sully Station II - 83.0 Woodley
Sully Station,Week2,North Springfield,Week1,282.0 Sully Station - 69.0 North Springfield
Sully Station,Week5,Orange Hunt,Week5,240.5 Sully Station - 160.5 Orange Hunt
Sully Station,Week3,North Springfield,Week5,283.0 Sully Station - 90.0 North Springfield
Truro,Week3,Bren Mar-Edsall Park,Week5,297.0 Truro - 105.0 Bren Mar-Edsall Park
Sully Station II,Week5,Woodley,Week2,346.0 Sully Station II - 56.0 Woodley
Truro,Week1,Annandale,Week2,208.0 Truro - 194.0 Annandale
Sully Station II,Week4,Rolling Hills,Week4,277.0 Sully Station II - 125.0 Rolling Hills
Sully Station,Week4,North Springfield,Week1,310.0 Sully Station - 41.0 North Springfield
Sully Station,Week2,Overlee,Week2,286.0 Overlee - 116.0 Sully Station
Sully Station II,Week5,Rolling Hills,Week4,312.0 Sully Station II - 90.0 Rolling Hills
Truro,Week2,Brookfield ,Week4,285.0 Brookfield - 115.0 Truro
Sully Station,Week3,Overlee,Week5,307.5 Overlee - 94.5 Sully Station
Sully Station,Week5,Orange Hunt,Week4,255.0 Sully Station - 147.0 Orange Hunt
Sully Station II,Week1,Rolling Hills,Week5,280.0 Sully Station II - 122.0 Rolling Hills
Sully Station,Week5,Forest Hollow,Week1,265.0 Sully Station - 137.0 Forest Hollow
Sully Station II,Week3,Rolling Hills,Week5,313.0 Sully Station II - 89.0 Rolling Hills
Sully Station II,Week1,Rolling Hills,Week2,271.0 Sully Station II - 131.0 Rolling Hills
Truro,Week2,Brookfield ,Week2,273.0 Brookfield - 128.0 Truro
Sully Station,Week4,North Springfield,Week3,313.0 Sully Station - 84.0 North Springfield
Sully Station II,Week5,Rolling Hills,Week3,305.0 Sully Station II - 97.0 Rolling Hills
Sully Station II,Week2,Rolling Hills,Week5,312.0 Sully Station II - 90.0 Rolling Hills
Sully Station,Week2,North Springfield,Week3,297.0 Sully Station - 99.0 North Springfield
Sully Station,Week4,Orange Hunt,Week2,250.0 Sully Station - 152.0 Orange Hunt
Truro,Week4,Bren Mar-Edsall Park,Week3,325.0 Truro - 76.0 Bren Mar-Edsall Park
Sully Station II,Week4,Woodley,Week2,309.0 Sully Station II - 93.0 Woodley
Sully Station,Week3,Overlee,Week2,281.0 Overlee - 121.0 Sully Station
Sully Station,Week4,North Springfield,Week2,328.0 Sully Station - 60.0 North Springfield
Truro,Week4,Bren Mar-Edsall Park,Week1,340.0 Truro - 61.0 Bren Mar-Edsall Park
Truro,Week3,Bren Mar-Edsall Park,Week3,317.0 Truro - 85.0 Bren Mar-Edsall Park
Sully Station,Week4,Orange Hunt,Week4,244.0 Sully Station - 158.0 Orange Hunt
Sully Station II,Week5,Rolling Hills,Week1,313.0 Sully Station II - 89.0 Rolling Hills
Sully Station II,Week4,Woodley,Week1,315.0 Sully Station II - 87.0 Woodley
Truro,Week5,Bren Mar-Edsall Park,Week4,315.0 Truro - 78.0 Bren Mar-Edsall Park
Sully Station II,Week4,Woodley,Week4,313.0 Sully Station II - 89.0 Woodley
Truro,Week4,Bren Mar-Edsall Park,Week5,320.0 Truro - 81.0 Bren Mar-Edsall Park
Sully Station II,Week3,Woodley,Week4,342.0 Sully Station II - 60.0 Woodley
Sully Station,Week5,Orange Hunt,Week3,260.0 Sully Station - 142.0 Orange Hunt
Truro,Week1,Annandale,Week4,247.0 Truro - 155.0 Annandale
Sully Station II,Week5,Woodley,Week4,349.0 Sully Station II - 53.0 Woodley
Sully Station,Week4,Overlee,Week2,289.5 Overlee - 112.5 Sully Station
Sully Station II,Week3,Rolling Hills,Week2,311.0 Sully Station II - 91.0 Rolling Hills
Sully Station II,Week2,Rolling Hills,Week3,289.0 Sully Station II - 113.0 Rolling Hills
Sully Station,Week1,Oakton ,Week1,206.0 Oakton - 196.0 Sully Station
Sully Station,Week2,North Springfield,Week2,296.0 Sully Station - 92.0 North Springfield
Sully Station,Week4,North Springfield,Week5,281.0 Sully Station - 93.0 North Springfield
Sully Station,Week4,Overlee,Week3,276.0 Overlee - 126.0 Sully Station
Sully Station II,Week3,Rolling Hills,Week3,309.0 Sully Station II - 93.0 Rolling Hills
Sully Station II,Week2,Rolling Hills,Week4,299.0 Sully Station II - 103.0 Rolling Hills
Truro,Week2,Brookfield ,Week5,269.0 Brookfield - 133.0 Truro
Truro,Week1,Brookfield ,Week3,249.0 Brookfield - 152.0 Truro
Truro,Week1,Annandale,Week1,233.0 Truro - 169.0 Annandale
Sully Station,Week5,Fox Mill Estates,Week5,264.0 Sully Station - 138.0 Fox Mill Estates
Sully Station,Week1,Fox Mill Woods,Week1,206.0 Sully Station - 196.0 Fox Mill Woods
Truro,Week1,Annandale,Week5,211.0 Truro - 191.0 Annandale
Sully Station,Week4,Overlee,Week5,318.0 Overlee - 84.0 Sully Station
Truro,Week5,Bren Mar-Edsall Park,Week2,324.0 Truro - 66.0 Bren Mar-Edsall Park
Sully Station,Week2,North Springfield,Week4,307.0 Sully Station - 85.0 North Springfield
Sully Station,Week1,Fox Mill Woods,Week4,210.0 Sully Station - 192.0 Fox Mill Woods
Sully Station,Week1,Fox Mill Woods,Week5,201.0 Fox Mill Woods - 201.0 Sully Station
Truro,Week5,Bren Mar-Edsall Park,Week5,308.0 Truro - 87.0 Bren Mar-Edsall Park
Truro,Week2,Annandale,Week2,203.0 Truro - 199.0 Annandale
Truro,Week3,Brookfield ,Week4,269.0 Brookfield - 133.0 Truro
Sully Station II,Week3,Rolling Hills,Week1,305.0 Sully Station II - 97.0 Rolling Hills
Sully Station,Week1,Parklawn,Week2,299.0 Sully Station - 103.0 Parklawn
Sully Station II,Week5,Rolling Valley,Week4,349.0 Sully Station II - 53.0 Rolling Valley
Sully Station II,Week4,Rolling Hills,Week5,283.0 Sully Station II - 119.0 Rolling Hills
Sully Station II,Week3,Woodley,Week3,343.0 Sully Station II - 59.0 Woodley
Sully Station,Week1,Oakton ,Week5,203.0 Oakton - 199.0 Sully Station
Sully Station II,Week5,Rolling Valley,Week2,347.0 Sully Station II - 55.0 Rolling Valley
Sully Station II,Week3,Rolling Valley,Week4,340.5 Sully Station II - 61.5 Rolling Valley
Truro,Week3,Brookfield ,Week1,274.0 Brookfield - 128.0 Truro
Sully Station,Week3,North Springfield,Week1,294.0 Sully Station - 56.0 North Springfield
Sully Station,Week2,Oakton ,Week2,227.0 Oakton - 175.0 Sully Station
Sully Station,Week4,Fox Mill Woods,Week1,219.0 Fox Mill Woods - 183.0 Sully Station
Truro,Week3,Brookfield ,Week2,263.0 Brookfield - 139.0 Truro
Sully Station,Week3,Parklawn,Week2,296.0 Sully Station - 105.0 Parklawn
Sully Station,Week3,Fox Mill Woods,Week1,222.0 Fox Mill Woods - 180.0 Sully Station
Sully Station,Week5,Overlee,Week3,254.0 Overlee - 148.0 Sully Station
Truro,Week2,Annandale,Week4,222.0 Truro - 179.0 Annandale
Sully Station II,Week5,Rolling Hills,Week2,308.5 Sully Station II - 93.5 Rolling Hills
Truro,Week1,Brookfield ,Week1,262.0 Brookfield - 140.0 Truro
Truro,Week2,Brookfield ,Week1,284.0 Brookfield - 117.0 Truro
Sully Station,Week5,Fox Mill Woods,Week4,206.0 Sully Station - 196.0 Fox Mill Woods
Truro,Week2,Annandale,Week1,223.0 Truro - 177.0 Annandale
Sully Station,Week2,Parklawn,Week5,293.0 Sully Station - 109.0 Parklawn
Sully Station II,Week5,Woodley,Week3,353.0 Sully Station II - 49.0 Woodley
Truro,Week1,Annandale,Week3,234.0 Truro - 168.0 Annandale
Sully Station,Week1,Fox Mill Woods,Week3,206.0 Fox Mill Woods - 196.0 Sully Station
Sully Station,Week1,Oakton ,Week2,209.0 Oakton - 193.0 Sully Station
Sully Station,Week5,Overlee,Week2,247.0 Overlee - 155.0 Sully Station
Sully Station,Week2,Parklawn,Week2,296.0 Sully Station - 106.0 Parklawn
Truro,Week1,Brookfield ,Week5,257.0 Brookfield - 145.0 Truro
Sully Station II,Week5,Woodley,Week1,342.0 Sully Station II - 60.0 Woodley
Sully Station,Week2,Fox Mill Woods,Week5,231.0 Fox Mill Woods - 171.0 Sully Station
Sully Station,Week2,Oakton ,Week5,225.5 Oakton - 176.5 Sully Station
Sully Station II,Week1,Rolling Valley,Week2,319.0 Sully Station II - 83.0 Rolling Valley
Sully Station,Week1,Parklawn,Week5,299.0 Sully Station - 103.0 Parklawn
Sully Station,Week5,Fox Mill Estates,Week4,258.0 Sully Station - 144.0 Fox Mill Estates
Truro,Week4,Bren Mar-Edsall Park,Week4,332.0 Truro - 66.0 Bren Mar-Edsall Park
Truro,Week2,Annandale,Week5,208.0 Truro - 193.0 Annandale
Sully Station,Week4,Parklawn,Week1,311.0 Sully Station - 82.0 Parklawn
Sully Station,Week2,Oakton ,Week4,232.0 Oakton - 170.0 Sully Station
Sully Station,Week4,Fox Mill Woods,Week4,202.0 Fox Mill Woods - 200.0 Sully Station
Sully Station II,Week1,Rutherford,Week4,283.0 Sully Station II - 119.0 Rutherford
Sully Station,Week1,Fox Mill Woods,Week2,205.0 Sully Station - 197.0 Fox Mill Woods
Sully Station II,Week1,Rutherford,Week2,292.0 Sully Station II - 110.0 Rutherford
Truro,Week1,Brookfield ,Week4,261.0 Brookfield - 141.0 Truro
Sully Station,Week4,Oakton ,Week4,219.0 Oakton - 183.0 Sully Station
Sully Station,Week5,Oakton ,Week1,217.0 Sully Station - 185.0 Oakton
Sully Station II,Week4,Woodley,Week5,305.0 Sully Station II - 97.0 Woodley
Sully Station II,Week5,Rolling Valley,Week3,350.0 Sully Station II - 52.0 Rolling Valley
Sully Station,Week3,Oakton ,Week1,213.0 Oakton - 189.0 Sully Station
Truro,Week5,Bren Mar-Edsall Park,Week3,317.0 Truro - 83.0 Bren Mar-Edsall Park
Sully Station II,Week3,Woodley,Week2,333.0 Sully Station II - 69.0 Woodley
Sully Station,Week2,Fox Mill Woods,Week1,222.0 Fox Mill Woods - 180.0 Sully Station
Sully Station,Week2,Fox Mill Woods,Week2,218.0 Fox Mill Woods - 184.0 Sully Station
Sully Station,Week3,Oakton ,Week5,222.0 Oakton - 180.0 Sully Station
Truro,Week3,Brookfield ,Week3,263.0 Brookfield - 139.0 Truro
Truro,Week1,Broyhill Crest,Week5,297.0 Truro - 104.0 Broyhill Crest
Truro,Week2,Annandale,Week3,201.0 Annandale - 196.0 Truro
Sully Station,Week4,Parklawn,Week2,293.0 Sully Station - 109.0 Parklawn
Truro,Week2,Brookfield ,Week3,269.5 Brookfield - 131.5 Truro
Truro,Week3,Annandale,Week5,209.0 Truro - 192.0 Annandale
Sully Station II,Week1,Rolling Valley,Week4,312.0 Sully Station II - 90.0 Rolling Valley
Sully Station,Week4,Oakton ,Week1,219.0 Oakton - 183.0 Sully Station
Sully Station,Week3,Parklawn,Week1,309.0 Sully Station - 84.0 Parklawn
Sully Station,Week4,Oakton ,Week5,223.0 Oakton - 179.0 Sully Station
Sully Station,Week3,Fox Mill Woods,Week3,216.0 Fox Mill Woods - 186.0 Sully Station
Sully Station II,Week2,Rolling Valley,Week5,335.0 Sully Station II - 67.0 Rolling Valley
Sully Station II,Week3,Rolling Valley,Week2,344.0 Sully Station II - 58.0 Rolling Valley
Sully Station,Week2,Fox Mill Woods,Week4,223.0 Fox Mill Woods - 179.0 Sully Station
Truro,Week5,Bren Mar-Edsall Park,Week1,326.0 Truro - 74.0 Bren Mar-Edsall Park
Sully Station,Week3,Parklawn,Week3,306.0 Sully Station - 95.0 Parklawn
Truro,Week3,Annandale,Week3,214.0 Truro - 188.0 Annandale
Sully Station,Week5,Overlee,Week4,285.0 Overlee - 117.0 Sully Station
Sully Station,Week5,Parklawn,Week5,299.0 Sully Station - 102.0 Parklawn
Sully Station,Week2,Fox Mill Woods,Week3,223.0 Fox Mill Woods - 179.0 Sully Station
Sully Station,Week2,Oakton ,Week3,207.0 Oakton - 195.0 Sully Station
Sully Station,Week1,Parklawn,Week3,312.0 Sully Station - 90.0 Parklawn
Sully Station II,Week2,Rolling Valley,Week4,336.0 Sully Station II - 66.0 Rolling Valley
Truro,Week2,Broyhill Crest,Week2,313.0 Truro - 84.0 Broyhill Crest
Sully Station,Week4,Fox Mill Woods,Week5,225.0 Fox Mill Woods - 177.0 Sully Station
Sully Station,Week4,Oakton ,Week3,208.5 Oakton - 193.5 Sully Station
Truro,Week4,Brookfield ,Week5,233.0 Brookfield - 169.0 Truro
Truro,Week3,Annandale,Week4,236.0 Truro - 165.0 Annandale
Sully Station II,Week3,Rolling Valley,Week3,345.0 Sully Station II - 57.0 Rolling Valley
Truro,Week2,Arlington Forest,Week4,296.0 Arlington Forest - 106.0 Truro
Sully Station,Week5,Fox Mill Woods,Week1,216.0 Sully Station - 186.0 Fox Mill Woods
Sully Station,Week4,Parklawn,Week3,300.0 Sully Station - 102.0 Parklawn
Sully Station,Week1,Parklawn,Week1,311.5 Sully Station - 81.5 Parklawn
Sully Station,Week1,Old Keene Mill,Week2,300.0 Sully Station - 102.0 Old Keene Mill
Sully Station,Week5,Oakton ,Week4,213.0 Sully Station - 189.0 Oakton
Sully Station,Week4,Fox Mill Woods,Week3,204.5 Fox Mill Woods - 197.5 Sully Station
Sully Station,Week3,Fox Mill Woods,Week5,216.0 Fox Mill Woods - 186.0 Sully Station
Sully Station,Week1,Old Keene Mill,Week3,304.0 Sully Station - 98.0 Old Keene Mill
Truro,Week1,Arlington Forest,Week1,274.0 Arlington Forest - 128.0 Truro
Sully Station II,Week4,Rolling Valley,Week4,318.0 Sully Station II - 84.0 Rolling Valley
Truro,Week3,Arlington Forest,Week3,254.0 Arlington Forest - 148.0 Truro
Sully Station II,Week5,Rolling Hills,Week5,317.0 Sully Station II - 85.0 Rolling Hills
Sully Station,Week5,Parklawn,Week2,299.5 Sully Station - 100.5 Parklawn
Truro,Week3,Broyhill Crest,Week4,321.0 Truro - 81.0 Broyhill Crest
Truro,Week5,Brookfield ,Week3,246.5 Brookfield - 154.5 Truro
Sully Station II,Week4,Rolling Valley,Week5,317.0 Sully Station II - 85.0 Rolling Valley
Sully Station,Week5,Parklawn,Week3,305.0 Sully Station - 96.0 Parklawn
Truro,Week5,Brookfield ,Week5,251.0 Brookfield - 151.0 Truro
Sully Station,Week4,Oakton ,Week2,217.0 Oakton - 185.0 Sully Station
Truro,Week5,Arlington Forest,Week1,288.0 Arlington Forest - 114.0 Truro
Sully Station,Week5,Fox Mill Woods,Week2,221.0 Sully Station - 181.0 Fox Mill Woods
Sully Station,Week5,Parklawn,Week4,289.0 Sully Station - 108.0 Parklawn
Truro,Week1,Arlington Forest,Week3,240.0 Arlington Forest - 161.0 Truro
Sully Station II,Week5,Rolling Valley,Week1,373.5 Sully Station II - 28.5 Rolling Valley
Truro,Week5,Arlington Forest,Week3,246.0 Arlington Forest - 155.0 Truro
Sully Station,Week2,Old Keene Mill,Week2,294.0 Sully Station - 108.0 Old Keene Mill
Sully Station II,Week2,Rolling Valley,Week2,332.0 Sully Station II - 70.0 Rolling Valley
Sully Station,Week2,Old Keene Mill,Week3,283.0 Sully Station - 119.0 Old Keene Mill
Sully Station,Week3,Fox Mill Woods,Week4,217.0 Fox Mill Woods - 185.0 Sully Station
Sully Station,Week4,Fox Mill Woods,Week2,202.0 Fox Mill Woods - 200.0 Sully Station
Truro,Week4,Arlington Forest,Week1,261.0 Arlington Forest - 141.0 Truro
Sully Station,Week2,Old Keene Mill,Week1,317.0 Sully Station - 85.0 Old Keene Mill
Truro,Week3,Arlington Forest,Week2,269.5 Arlington Forest - 132.5 Truro
Truro,Week4,Brookfield ,Week3,221.0 Brookfield - 181.0 Truro
Sully Station,Week3,Parklawn,Week4,287.0 Sully Station - 114.0 Parklawn
Truro,Week4,Broyhill Crest,Week2,335.0 Truro - 64.0 Broyhill Crest
Sully Station,Week3,Fox Mill Woods,Week2,204.0 Fox Mill Woods - 198.0 Sully Station
Sully Station,Week5,Fox Mill Woods,Week3,211.0 Sully Station - 191.0 Fox Mill Woods
Sully Station,Week2,Parklawn,Week4,280.0 Sully Station - 122.0 Parklawn
Sully Station II,Week1,Rolling Valley,Week3,317.0 Sully Station II - 85.0 Rolling Valley
Sully Station II,Week3,Rolling Valley,Week5,344.0 Sully Station II - 58.0 Rolling Valley
Sully Station,Week2,Parklawn,Week1,313.0 Sully Station - 80.0 Parklawn
Truro,Week4,Brookfield ,Week1,255.0 Brookfield - 147.0 Truro
Sully Station,Week1,Old Keene Mill,Week5,283.0 Sully Station - 119.0 Old Keene Mill
Truro,Week5,Dunn Loring,Week1,287.0 Dunn Loring - 115.0 Truro
Sully Station,Week2,Old Keene Mill,Week4,305.0 Sully Station - 97.0 Old Keene Mill
Sully Station,Week3,Oakton ,Week4,216.0 Oakton - 186.0 Sully Station
Truro,Week2,Arlington Forest,Week5,285.0 Arlington Forest - 112.0 Truro
Sully Station II,Week3,Rolling Valley,Week1,368.0 Sully Station II - 34.0 Rolling Valley
Sully Station,Week3,Parklawn,Week5,295.0 Sully Station - 106.0 Parklawn
Sully Station,Week3,Oakton ,Week3,212.5 Oakton - 189.5 Sully Station
Sully Station,Week5,Parklawn,Week1,313.0 Sully Station - 79.0 Parklawn
Sully Station,Week1,Old Keene Mill,Week1,319.0 Sully Station - 83.0 Old Keene Mill
Sully Station II,Week4,Rolling Valley,Week2,318.0 Sully Station II - 84.0 Rolling Valley
Truro,Week5,Broyhill Crest,Week5,290.0 Truro - 108.0 Broyhill Crest
Truro,Week5,Annandale,Week2,218.0 Truro - 184.0 Annandale
Truro,Week4,Dunn Loring,Week5,313.0 Dunn Loring - 89.0 Truro
Sully Station II,Week4,Rolling Valley,Week3,313.0 Sully Station II - 89.0 Rolling Valley
Truro,Week5,Brookfield ,Week4,259.0 Brookfield - 143.0 Truro
Sully Station,Week5,Overlee,Week5,276.0 Overlee - 126.0 Sully Station
Truro,Week1,Arlington Forest,Week4,286.0 Arlington Forest - 116.0 Truro
Truro,Week4,Broyhill Crest,Week4,330.0 Truro - 70.0 Broyhill Crest
Truro,Week4,Broyhill Crest,Week5,316.5 Truro - 84.5 Broyhill Crest
Truro,Week1,Arlington Forest,Week5,259.0 Arlington Forest - 143.0 Truro
Sully Station II,Week1,Rolling Valley,Week1,337.0 Sully Station II - 63.0 Rolling Valley
Truro,Week4,Annandale,Week5,251.0 Truro - 151.0 Annandale
Truro,Week2,Broyhill Crest,Week3,312.0 Truro - 81.0 Broyhill Crest
Sully Station,Week1,Parklawn,Week4,283.0 Sully Station - 119.0 Parklawn
Truro,Week3,Dunn Loring,Week2,328.0 Dunn Loring - 74.0 Truro
Truro,Week4,Arlington Forest,Week3,237.0 Arlington Forest - 165.0 Truro
Sully Station,Week1,Old Keene Mill,Week4,308.0 Sully Station - 94.0 Old Keene Mill
Sully Station,Week1,Parliament,Week2,250.0 Sully Station - 151.0 Parliament
Sully Station,Week4,Parklawn,Week5,289.0 Sully Station - 113.0 Parklawn
Truro,Week4,Annandale,Week4,265.0 Truro - 137.0 Annandale
Sully Station,Week5,Oakton ,Week2,203.0 Oakton - 199.0 Sully Station
Sully Station II,Week2,Rolling Valley,Week1,361.0 Sully Station II - 40.0 Rolling Valley
Truro,Week5,Annandale,Week3,207.0 Truro - 190.0 Annandale
Sully Station,Week3,Oakton ,Week2,224.0 Oakton - 178.0 Sully Station
Truro,Week3,Arlington Forest,Week4,295.0 Arlington Forest - 107.0 Truro
Sully Station,Week2,Parklawn,Week3,294.0 Sully Station - 108.0 Parklawn
Sully Station,Week4,Parklawn,Week4,281.0 Sully Station - 121.0 Parklawn
Sully Station,Week5,Oakton ,Week5,209.0 Sully Station - 193.0 Oakton
Truro,Week1,Broyhill Crest,Week3,334.0 Truro - 66.0 Broyhill Crest
Sully Station II,Week1,Rolling Valley,Week5,313.0 Sully Station II - 89.0 Rolling Valley
Sully Station II,Week2,Rolling Valley,Week3,341.0 Sully Station II - 61.0 Rolling Valley
Truro,Week3,Brookfield ,Week5,267.5 Brookfield - 134.5 Truro
Truro,Week3,Dunn Loring,Week5,332.0 Dunn Loring - 70.0 Truro
Sully Station II,Week4,Rolling Valley,Week1,354.0 Sully Station II - 48.0 Rolling Valley
Truro,Week4,Dunn Loring,Week1,286.0 Dunn Loring - 116.0 Truro
Truro,Week4,Brookfield ,Week2,230.0 Brookfield - 172.0 Truro
Truro,Week5,Brookfield ,Week1,263.0 Brookfield - 139.0 Truro
Sully Station II,Week1,Shouse Village,Week3,245.0 Sully Station II - 157.0 Shouse Village
Sully Station,Week2,Parliament,Week2,247.0 Sully Station - 150.0 Parliament
Truro,Week3,Broyhill Crest,Week5,296.0 Truro - 106.0 Broyhill Crest
Truro,Week5,Arlington Forest,Week5,273.0 Arlington Forest - 124.0 Truro
Sully Station II,Week5,Rolling Valley,Week5,344.0 Sully Station II - 58.0 Rolling Valley
Sully Station,Week5,Oakton ,Week3,204.0 Oakton - 198.0 Sully Station
Truro,Week3,Broyhill Crest,Week1,319.0 Truro - 80.0 Broyhill Crest
Truro,Week4,Dunn Loring,Week3,324.0 Dunn Loring - 78.0 Truro
Truro,Week4,Brookfield ,Week4,251.0 Brookfield - 151.0 Truro
Truro,Week5,Arlington Forest,Week4,277.5 Arlington Forest - 124.5 Truro
Sully Station II,Week4,Rutherford,Week5,280.0 Sully Station II - 122.0 Rutherford
Sully Station,Week1,Pinecrest,Week4,215.0 Pinecrest - 187.0 Sully Station
Truro,Week4,Annandale,Week3,243.0 Truro - 159.0 Annandale
Sully Station II,Week1,Rutherford,Week1,307.0 Sully Station II - 95.0 Rutherford
Sully Station,Week5,Parliament,Week3,273.0 Sully Station - 129.0 Parliament
Truro,Week5,Annandale,Week5,222.0 Truro - 179.0 Annandale
Truro,Week3,Dunn Loring,Week4,331.0 Dunn Loring - 71.0 Truro
Sully Station,Week1,Parliament,Week5,259.0 Sully Station - 139.0 Parliament
Truro,Week5,Annandale,Week4,234.0 Truro - 168.0 Annandale
Sully Station,Week1,Parliament,Week1,242.0 Sully Station - 155.0 Parliament
Truro,Week1,Broyhill Crest,Week2,332.0 Truro - 68.0 Broyhill Crest
Truro,Week5,Brookfield ,Week2,254.0 Brookfield - 148.0 Truro
Sully Station II,Week1,Rutherford,Week3,283.0 Sully Station II - 119.0 Rutherford
Sully Station II,Week2,Rutherford,Week1,325.0 Sully Station II - 77.0 Rutherford
Sully Station,Week1,Pinecrest,Week1,210.0 Pinecrest - 192.0 Sully Station
Sully Station II,Week5,Rutherford,Week3,329.0 Sully Station II - 73.0 Rutherford
Truro,Week2,Broyhill Crest,Week5,285.0 Truro - 111.0 Broyhill Crest
Truro,Week5,Dunn Loring,Week4,318.0 Dunn Loring - 84.0 Truro
Truro,Week3,Broyhill Crest,Week2,322.0 Truro - 78.0 Broyhill Crest
Sully Station II,Week5,Rutherford,Week5,324.0 Sully Station II - 78.0 Rutherford
Sully Station,Week1,Parliament,Week3,262.0 Sully Station - 140.0 Parliament
Truro,Week2,Broyhill Crest,Week4,300.0 Truro - 96.0 Broyhill Crest
Truro,Week4,Annandale,Week2,246.5 Truro - 155.5 Annandale
Sully Station II,Week4,Rutherford,Week2,305.0 Sully Station II - 97.0 Rutherford
Sully Station II,Week2,Rutherford,Week3,308.0 Sully Station II - 94.0 Rutherford
Truro,Week4,Dunn Loring,Week4,318.0 Dunn Loring - 84.0 Truro
Truro,Week1,Broyhill Crest,Week4,322.0 Truro - 79.0 Broyhill Crest
Truro,Week1,Broyhill Crest,Week1,324.0 Truro - 75.0 Broyhill Crest
Sully Station,Week3,Parliament,Week1,241.0 Sully Station - 160.0 Parliament
Truro,Week2,Broyhill Crest,Week1,303.5 Truro - 88.5 Broyhill Crest
Truro,Week2,Arlington Forest,Week1,289.0 Arlington Forest - 113.0 Truro
Truro,Week5,Annandale,Week1,241.0 Truro - 160.0 Annandale
Sully Station II,Week3,Rutherford,Week2,329.0 Sully Station II - 73.0 Rutherford
Sully Station II,Week2,Rutherford,Week4,300.0 Sully Station II - 102.0 Rutherford
Truro,Week1,Arlington Forest,Week2,257.0 Arlington Forest - 145.0 Truro
Sully Station,Week1,Parliament,Week4,267.0 Sully Station - 134.0 Parliament
Truro,Week5,Dunn Loring,Week2,323.5 Dunn Loring - 78.5 Truro
Truro,Week2,Arlington Forest,Week2,272.0 Arlington Forest - 125.0 Truro
Truro,Week2,Arlington Forest,Week3,255.0 Arlington Forest - 146.0 Truro
Sully Station,Week2,Parliament,Week4,256.0 Sully Station - 141.0 Parliament
Sully Station,Week1,Pinecrest,Week2,205.0 Pinecrest - 197.0 Sully Station
Sully Station,Week3,Parliament,Week2,243.0 Sully Station - 159.0 Parliament
Sully Station II,Week4,Springfield,Week5,372.0 Sully Station II - 28.0 Springfield
Sully Station,Week3,Parliament,Week5,261.0 Sully Station - 141.0 Parliament
Truro,Week4,Dunn Loring,Week2,313.5 Dunn Loring - 88.5 Truro
Sully Station,Week4,Parliament,Week5,259.0 Sully Station - 143.0 Parliament
Truro,Week3,Arlington Forest,Week1,284.0 Arlington Forest - 118.0 Truro
Truro,Week5,Dunn Loring,Week3,327.0 Dunn Loring - 75.0 Truro
Truro,Week5,Broyhill Crest,Week1,305.0 Truro - 87.0 Broyhill Crest
Sully Station II,Week1,Shouse Village,Week1,228.0 Sully Station II - 173.0 Shouse Village
Truro,Week4,Broyhill Crest,Week1,323.0 Truro - 73.0 Broyhill Crest
Sully Station II,Week5,Rutherford,Week1,344.0 Sully Station II - 58.0 Rutherford
Truro,Week3,Arlington Forest,Week5,291.0 Arlington Forest - 111.0 Truro
Truro,Week3,Broyhill Crest,Week3,323.0 Truro - 79.0 Broyhill Crest
Sully Station,Week3,Springfield,Week5,372.5 Sully Station - 27.5 Springfield
Truro,Week4,Arlington Forest,Week2,239.0 Arlington Forest - 163.0 Truro
Sully Station,Week1,Springfield,Week4,373.0 Sully Station - 28.0 Springfield
Sully Station II,Week1,Rutherford,Week5,285.0 Sully Station II - 117.0 Rutherford
Sully Station II,Week3,Rutherford,Week4,308.0 Sully Station II - 94.0 Rutherford
Sully Station,Week1,Pinecrest,Week3,212.0 Pinecrest - 190.0 Sully Station
Sully Station,Week5,Parliament,Week4,278.0 Sully Station - 124.0 Parliament
Sully Station II,Week2,Shouse Village,Week5,243.0 Sully Station II - 159.0 Shouse Village
Truro,Week4,Arlington Forest,Week5,276.0 Arlington Forest - 126.0 Truro
Sully Station,Week2,Parliament,Week3,250.0 Sully Station - 152.0 Parliament
Sully Station,Week5,Springboard,Week4,321.0 Sully Station - 80.0 Springboard
Truro,Week4,Broyhill Crest,Week3,338.0 Truro - 63.0 Broyhill Crest
Sully Station,Week4,Springfield,Week4,376.0 Sully Station - 26.0 Springfield
Sully Station II,Week1,Shouse Village,Week4,232.0 Sully Station II - 170.0 Shouse Village
Truro,Week5,Broyhill Crest,Week3,317.0 Truro - 78.0 Broyhill Crest
Sully Station,Week1,Springfield,Week3,369.0 Sully Station - 27.0 Springfield
Sully Station,Week4,Parliament,Week2,256.0 Sully Station - 146.0 Parliament
Sully Station,Week3,Parliament,Week4,257.0 Sully Station - 145.0 Parliament
Sully Station II,Week2,Stratford,Week3,313.0 Sully Station II - 89.0 Stratford
Truro,Week5,Broyhill Crest,Week4,308.0 Truro - 90.0 Broyhill Crest
Truro,Week5,Dunn Loring,Week5,320.0 Dunn Loring - 82.0 Truro
Sully Station,Week3,Springfield,Week1,371.0 Sully Station - 30.0 Springfield
Sully Station,Week4,Parliament,Week1,251.0 Sully Station - 151.0 Parliament
Truro,Week4,Arlington Forest,Week4,274.0 Arlington Forest - 128.0 Truro
Sully Station,Week3,Springfield,Week4,371.0 Sully Station - 31.0 Springfield
Truro,Week5,Arlington Forest,Week2,263.0 Arlington Forest - 134.0 Truro
Sully Station II,Week4,Rutherford,Week1,318.0 Sully Station II - 84.0 Rutherford
Sully Station,Week1,Pinecrest,Week5,210.0 Pinecrest - 192.0 Sully Station
Sully Station II,Week4,Springfield,Week3,368.0 Sully Station II - 33.0 Springfield
Truro,Week5,Burke Station,Week4,230.0 Truro - 165.0 Burke Station
Sully Station,Week5,Springboard,Week2,340.0 Sully Station - 60.0 Springboard
Sully Station II,Week3,Rutherford,Week1,337.0 Sully Station II - 65.0 Rutherford
Truro,Week4,Burke Station,Week1,211.0 Truro - 167.0 Burke Station
Sully Station II,Week3,Rutherford,Week3,309.0 Sully Station II - 93.0 Rutherford
Truro,Week3,Dunn Loring,Week3,331.0 Dunn Loring - 71.0 Truro
Truro,Week5,Broyhill Crest,Week2,317.0 Truro - 79.0 Broyhill Crest
Sully Station II,Week3,Rutherford,Week5,309.0 Sully Station II - 93.0 Rutherford
Truro,Week1,Burke Station,Week5,221.0 Truro - 181.0 Burke Station
Truro,Week1,Burke Station,Week4,271.0 Truro - 131.0 Burke Station
Sully Station,Week2,Springfield,Week4,368.0 Sully Station - 29.0 Springfield
Sully Station,Week1,Springfield,Week1,363.0 Sully Station - 37.0 Springfield
Sully Station II,Week3,Stratford,Week1,332.0 Sully Station II - 70.0 Stratford
Sully Station,Week4,Springfield,Week1,369.0 Sully Station - 33.0 Springfield
Sully Station,Week4,Parliament,Week4,264.0 Sully Station - 138.0 Parliament
Sully Station II,Week2,Stratford,Week2,314.0 Sully Station II - 88.0 Stratford
Sully Station II,Week4,Rutherford,Week4,278.0 Sully Station II - 124.0 Rutherford
Sully Station,Week4,Parliament,Week3,261.0 Sully Station - 141.0 Parliament
Sully Station II,Week5,Rutherford,Week2,339.0 Sully Station II - 63.0 Rutherford
Sully Station,Week5,Parliament,Week2,273.0 Sully Station - 129.0 Parliament
Sully Station,Week5,Springboard,Week3,324.0 Sully Station - 77.0 Springboard
Truro,Week4,Burke Station,Week4,247.0 Truro - 154.0 Burke Station
Sully Station II,Week5,Springfield,Week1,387.0 Sully Station II - 14.0 Springfield
Truro,Week2,Burke Station,Week3,207.0 Burke Station - 175.0 Truro
Sully Station,Week5,Parliament,Week5,279.0 Sully Station - 123.0 Parliament
Sully Station II,Week5,Stratford,Week1,340.0 Sully Station II - 62.0 Stratford
Sully Station II,Week5,Rutherford,Week4,324.0 Sully Station II - 78.0 Rutherford
Sully Station II,Week3,Stratford,Week3,327.0 Sully Station II - 75.0 Stratford
Truro,Week1,Burke Station,Week2,262.0 Truro - 136.0 Burke Station
Sully Station,Week5,Springboard,Week5,320.0 Sully Station - 81.0 Springboard
Sully Station,Week4,Springfield,Week2,374.0 Sully Station - 27.0 Springfield
Truro,Week5,Burke Station,Week2,245.0 Truro - 146.0 Burke Station
Sully Station,Week4,Springfield,Week3,377.0 Sully Station - 25.0 Springfield
Sully Station II,Week2,Stratford,Week5,309.0 Sully Station II - 92.0 Stratford
Sully Station,Week2,Pinecrest,Week3,234.0 Pinecrest - 168.0 Sully Station
Truro,Week3,Burke Station,Week3,212.0 Truro - 184.0 Burke Station
Sully Station II,Week4,Rutherford,Week3,287.0 Sully Station II - 115.0 Rutherford
Truro,Week5,Burke Station,Week1,190.0 Truro - 185.0 Burke Station
Truro,Week1,Camelot,Week2,229.0 Camelot - 172.0 Truro
Sully Station II,Week1,Shouse Village,Week2,245.0 Sully Station II - 157.0 Shouse Village
Sully Station,Week2,Parliament,Week5,251.0 Sully Station - 146.0 Parliament
Sully Station II,Week2,Rutherford,Week5,307.0 Sully Station II - 95.0 Rutherford
Sully Station II,Week2,Shouse Village,Week2,273.0 Sully Station II - 129.0 Shouse Village
Sully Station II,Week1,Stratford,Week3,283.0 Sully Station II - 119.0 Stratford
Sully Station,Week2,Springfield,Week3,370.0 Sully Station - 26.0 Springfield
Sully Station,Week2,Pinecrest,Week1,221.0 Pinecrest - 181.0 Sully Station
Sully Station II,Week2,Rutherford,Week2,319.0 Sully Station II - 83.0 Rutherford
Sully Station,Week1,Springfield,Week5,375.0 Sully Station - 25.0 Springfield
Sully Station,Week3,Springfield,Week2,370.0 Sully Station - 30.0 Springfield
Sully Station II,Week1,Shouse Village,Week5,221.0 Sully Station II - 181.0 Shouse Village
Sully Station,Week5,Springboard,Week1,336.0 Sully Station - 65.0 Springboard
Truro,Week4,Burke Station,Week2,245.0 Truro - 155.0 Burke Station
Sully Station II,Week5,Stratford,Week4,330.5 Sully Station II - 71.5 Stratford
Truro,Week1,Burke Station,Week1,211.0 Truro - 164.0 Burke Station
Sully Station,Week2,Parliament,Week1,234.0 Sully Station - 163.0 Parliament
Sully Station,Week5,Parliament,Week1,261.0 Sully Station - 140.0 Parliament
Sully Station,Week3,Parliament,Week3,256.0 Sully Station - 146.0 Parliament
Sully Station II,Week1,Sully Station,Week1,214.0 Sully Station - 187.0 Sully Station II
Sully Station II,Week2,Stratford,Week4,303.0 Sully Station II - 99.0 Stratford
Sully Station II,Week3,Shouse Village,Week2,283.0 Sully Station II - 119.0 Shouse Village
Sully Station,Week1,Pinewood Lake,Week4,363.0 Sully Station - 36.0 Pinewood Lake
Sully Station,Week4,Pinecrest,Week5,227.0 Pinecrest - 175.0 Sully Station
Truro,Week4,Burke Station,Week3,227.0 Truro - 168.0 Burke Station
Truro,Week4,Burke Station,Week5,219.0 Truro - 183.0 Burke Station
Truro,Week3,Burke Station,Week5,203.0 Truro - 198.0 Burke Station
Sully Station,Week5,Springfield,Week4,374.0 Sully Station - 28.0 Springfield
Sully Station,Week3,Pinewood Lake,Week4,364.0 Sully Station - 38.0 Pinewood Lake
Sully Station II,Week1,Stratford,Week5,294.0 Sully Station II - 107.0 Stratford
Sully Station II,Week3,Sideburn Run,Week3,278.0 Sully Station II - 124.0 Sideburn Run
Sully Station,Week3,Pinewood Lake,Week2,369.0 Sully Station - 32.0 Pinewood Lake
Truro,Week3,Burke Station,Week1,190.0 Truro - 188.0 Burke Station
Sully Station II,Week2,Stratford,Week1,329.0 Sully Station II - 73.0 Stratford
Sully Station II,Week4,Stratford,Week3,303.0 Sully Station II - 99.0 Stratford
Sully Station,Week4,Stratford,Week4,273.0 Sully Station - 129.0 Stratford
Sully Station II,Week5,Springfield,Week4,379.0 Sully Station II - 22.0 Springfield
Sully Station II,Week3,Shouse Village,Week1,274.0 Sully Station II - 128.0 Shouse Village
Sully Station II,Week2,Shouse Village,Week1,266.0 Sully Station II - 136.0 Shouse Village
Sully Station,Week4,Pinewood Lake,Week2,373.0 Sully Station - 29.0 Pinewood Lake
Truro,Week3,Burke Station,Week2,241.0 Truro - 160.0 Burke Station
Sully Station,Week2,Pinecrest,Week2,231.0 Pinecrest - 171.0 Sully Station
Sully Station,Week3,Springfield,Week3,370.0 Sully Station - 30.0 Springfield
Sully Station II,Week2,Shouse Village,Week4,263.0 Sully Station II - 139.0 Shouse Village
Truro,Week5,Burke Station,Week5,200.0 Truro - 196.0 Burke Station
Sully Station,Week2,Pinecrest,Week4,234.0 Pinecrest - 168.0 Sully Station
Truro,Week2,Burke Station,Week2,230.0 Truro - 157.0 Burke Station
Sully Station II,Week3,Sideburn Run,Week5,275.0 Sully Station II - 127.0 Sideburn Run
Sully Station II,Week3,Stratford,Week4,326.0 Sully Station II - 76.0 Stratford
Sully Station II,Week4,Sideburn Run,Week3,237.0 Sully Station II - 165.0 Sideburn Run
Sully Station,Week3,Pinecrest,Week1,208.0 Pinecrest - 194.0 Sully Station
Sully Station,Week1,Springfield,Week2,369.0 Sully Station - 27.0 Springfield
Sully Station,Week2,Springfield,Week1,356.5 Sully Station - 40.5 Springfield
Truro,Week2,Burke Station,Week5,207.0 Burke Station - 186.0 Truro
Sully Station II,Week2,Shouse Village,Week3,256.0 Sully Station II - 146.0 Shouse Village
Sully Station II,Week1,Sideburn Run,Week2,246.5 Sully Station II - 155.5 Sideburn Run
Sully Station II,Week1,Stratford,Week2,291.0 Sully Station II - 111.0 Stratford
Sully Station,Week2,Springfield,Week5,371.0 Sully Station - 26.0 Springfield
Sully Station II,Week3,Shouse Village,Week3,274.0 Sully Station II - 128.0 Shouse Village
Sully Station,Week4,Springboard,Week5,304.0 Sully Station - 98.0 Springboard
Sully Station,Week2,Springfield,Week2,364.0 Sully Station - 32.0 Springfield
Sully Station,Week3,Pinecrest,Week2,222.0 Pinecrest - 180.0 Sully Station
Sully Station II,Week4,Springfield,Week1,369.0 Sully Station II - 30.0 Springfield
Sully Station II,Week1,Stratford,Week4,272.0 Sully Station II - 130.0 Stratford
Sully Station,Week2,Pinecrest,Week5,223.0 Pinecrest - 179.0 Sully Station
Sully Station II,Week4,Stratford,Week2,303.0 Sully Station II - 99.0 Stratford
Truro,Week2,Burke Station,Week4,222.5 Truro - 168.5 Burke Station
Sully Station II,Week3,Stratford,Week5,325.0 Sully Station II - 72.0 Stratford
Sully Station,Week4,Springfield,Week5,381.5 Sully Station - 20.5 Springfield
Sully Station II,Week5,Shouse Village,Week4,272.0 Sully Station II - 130.0 Shouse Village
Sully Station,Week1,Stratford,Week5,291.0 Sully Station - 110.0 Stratford
Truro,Week3,Burke Station,Week4,230.0 Truro - 172.0 Burke Station
Truro,Week5,Burke Station,Week3,206.0 Truro - 181.0 Burke Station
Sully Station,Week3,Stratford,Week3,285.0 Sully Station - 117.0 Stratford
Sully Station II,Week5,Springfield,Week5,389.0 Sully Station II - 12.0 Springfield
Sully Station II,Week4,Springfield,Week2,362.0 Sully Station II - 37.0 Springfield
Sully Station II,Week4,Shouse Village,Week3,241.0 Sully Station II - 161.0 Shouse Village
Truro,Week1,Camelot,Week1,222.0 Camelot - 180.0 Truro
Sully Station II,Week5,Springfield,Week3,382.0 Sully Station II - 19.0 Springfield
Sully Station,Week1,Pinewood Lake,Week1,362.0 Sully Station - 32.0 Pinewood Lake
Sully Station,Week1,Pinewood Lake,Week5,358.0 Sully Station - 41.0 Pinewood Lake
Sully Station,Week2,Stratford,Week4,276.0 Sully Station - 126.0 Stratford
Truro,Week1,Burke Station,Week3,235.0 Truro - 160.0 Burke Station
Sully Station II,Week5,Springfield,Week2,381.0 Sully Station II - 20.0 Springfield
Sully Station II,Week1,Sideburn Run,Week4,235.5 Sully Station II - 166.5 Sideburn Run
Sully Station,Week2,Pinewood Lake,Week5,348.0 Sully Station - 53.0 Pinewood Lake
Sully Station,Week2,Pinewood Lake,Week1,360.0 Sully Station - 35.0 Pinewood Lake
Sully Station II,Week4,Springfield,Week4,360.0 Sully Station II - 40.0 Springfield
Sully Station,Week1,Stratford,Week2,294.0 Sully Station - 108.0 Stratford
Sully Station II,Week2,Sideburn Run,Week3,267.0 Sully Station II - 135.0 Sideburn Run
Sully Station,Week3,Stratford,Week1,288.0 Sully Station - 114.0 Stratford
Truro,Week2,Burke Station,Week1,203.0 Burke Station - 172.0 Truro
Sully Station II,Week1,Stratford,Week1,304.0 Sully Station II - 96.0 Stratford
Sully Station II,Week1,Sideburn Run,Week3,241.0 Sully Station II - 161.0 Sideburn Run
Truro,Week2,Canterbury Woods,Week2,213.0 Canterbury Woods - 188.0 Truro
Sully Station,Week5,Pinecrest,Week3,210.0 Pinecrest - 192.0 Sully Station
Sully Station II,Week2,Sideburn Run,Week4,266.0 Sully Station II - 136.0 Sideburn Run
Sully Station,Week3,Stratford,Week2,291.0 Sully Station - 111.0 Stratford
Sully Station,Week1,Stratford,Week4,275.0 Sully Station - 127.0 Stratford
Sully Station II,Week4,Stratford,Week1,316.0 Sully Station II - 86.0 Stratford
Sully Station,Week5,Pinecrest,Week2,202.0 Pinecrest - 200.0 Sully Station
Sully Station II,Week5,Shouse Village,Week1,280.0 Sully Station II - 122.0 Shouse Village
Truro,Week1,Camelot,Week5,238.0 Camelot - 164.0 Truro
Truro,Week1,Camelot,Week3,208.0 Camelot - 193.0 Truro
Sully Station,Week2,Stratford,Week5,290.0 Sully Station - 112.0 Stratford
Truro,Week1,Canterbury Woods,Week3,223.0 Canterbury Woods - 179.0 Truro
Sully Station II,Week4,Shouse Village,Week4,231.0 Sully Station II - 171.0 Shouse Village
Sully Station II,Week4,Stratford,Week4,289.5 Sully Station II - 112.5 Stratford
Truro,Week2,Camelot,Week1,230.0 Camelot - 167.0 Truro
Sully Station II,Week3,Stratford,Week2,326.0 Sully Station II - 76.0 Stratford
Sully Station,Week2,Stratford,Week3,267.0 Sully Station - 135.0 Stratford
Truro,Week5,Camelot,Week3,204.0 Truro - 197.0 Camelot
Sully Station II,Week4,Shouse Village,Week5,217.0 Sully Station II - 185.0 Shouse Village
Sully Station,Week5,Pinecrest,Week1,210.0 Sully Station - 192.0 Pinecrest
Sully Station,Week4,Stratford,Week1,309.0 Sully Station - 93.0 Stratford
Sully Station II,Week4,Shouse Village,Week2,241.0 Sully Station II - 161.0 Shouse Village
Sully Station,Week3,Pinewood Lake,Week1,371.0 Sully Station - 30.0 Pinewood Lake
Sully Station II,Week4,Stratford,Week5,308.0 Sully Station II - 94.0 Stratford
Sully Station,Week5,Pinecrest,Week4,207.0 Pinecrest - 195.0 Sully Station
Sully Station,Week5,Springfield,Week2,374.0 Sully Station - 26.0 Springfield
Sully Station,Week4,Pinecrest,Week4,226.0 Pinecrest - 176.0 Sully Station
Sully Station II,Week3,Sully Station,Week3,230.0 Sully Station II - 172.0 Sully Station
Sully Station,Week3,Stratford,Week4,279.0 Sully Station - 123.0 Stratford
Truro,Week3,Camelot,Week5,237.0 Camelot - 165.0 Truro
Truro,Week1,Camelot,Week4,217.0 Camelot - 185.0 Truro
Sully Station II,Week5,Stratford,Week2,329.0 Sully Station II - 73.0 Stratford
Truro,Week4,Camelot,Week5,222.0 Camelot - 180.0 Truro
Sully Station,Week2,Stratford,Week2,283.0 Sully Station - 114.0 Stratford
Truro,Week3,Camelot,Week3,214.0 Camelot - 188.0 Truro
Sully Station,Week4,Pinecrest,Week1,217.5 Pinecrest - 184.5 Sully Station
Sully Station II,Week5,Shouse Village,Week5,263.0 Sully Station II - 139.0 Shouse Village
Sully Station II,Week3,Sideburn Run,Week2,279.0 Sully Station II - 123.0 Sideburn Run
Sully Station,Week1,Pinewood Lake,Week2,364.0 Sully Station - 32.0 Pinewood Lake
Sully Station,Week1,Stratford,Week1,292.0 Sully Station - 110.0 Stratford
Sully Station II,Week1,Sideburn Run,Week5,232.0 Sully Station II - 170.0 Sideburn Run
Sully Station II,Week5,Stratford,Week5,333.0 Sully Station II - 69.0 Stratford
Sully Station,Week4,Pinecrest,Week2,236.0 Pinecrest - 166.0 Sully Station
Sully Station,Week5,Springfield,Week5,375.0 Sully Station - 27.0 Springfield
Sully Station,Week5,Springfield,Week3,368.0 Sully Station - 31.0 Springfield
Sully Station,Week3,Pinecrest,Week3,224.0 Pinecrest - 178.0 Sully Station
Sully Station II,Week3,Shouse Village,Week5,258.0 Sully Station II - 144.0 Shouse Village
Sully Station II,Week3,Sully Station,Week4,235.0 Sully Station II - 167.0 Sully Station
Sully Station II,Week5,Shouse Village,Week2,290.0 Sully Station II - 112.0 Shouse Village
Truro,Week5,Camelot,Week4,208.0 Camelot - 194.0 Truro
Sully Station II,Week5,Stratford,Week3,336.0 Sully Station II - 66.0 Stratford
Sully Station II,Week2,Sully Station,Week5,203.0 Sully Station - 199.0 Sully Station II
Truro,Week1,Canterbury Woods,Week5,214.0 Canterbury Woods - 184.0 Truro
Sully Station II,Week1,Sully Station,Week4,203.0 Sully Station - 199.0 Sully Station II
Sully Station II,Week2,Sully Station,Week4,219.0 Sully Station II - 183.0 Sully Station
Sully Station,Week2,Pinewood Lake,Week3,367.0 Sully Station - 33.0 Pinewood Lake
Truro,Week3,Camelot,Week4,222.0 Camelot - 180.0 Truro
Sully Station,Week3,Pinecrest,Week5,221.0 Pinecrest - 181.0 Sully Station
Sully Station II,Week2,Sully Station,Week2,212.0 Sully Station II - 190.0 Sully Station
Sully Station,Week2,Pinewood Lake,Week2,362.0 Sully Station - 35.0 Pinewood Lake
Sully Station,Week5,Pinecrest,Week5,205.0 Pinecrest - 197.0 Sully Station
Sully Station II,Week1,Sideburn Run,Week1,250.0 Sully Station II - 152.0 Sideburn Run
Sully Station,Week4,Stratford,Week2,300.0 Sully Station - 102.0 Stratford
Sully Station II,Week3,Shouse Village,Week4,273.0 Sully Station II - 129.0 Shouse Village
Truro,Week1,Canterbury Woods,Week4,239.0 Canterbury Woods - 163.0 Truro
Sully Station,Week3,Pinecrest,Week4,222.0 Pinecrest - 180.0 Sully Station
Truro,Week5,Camelot,Week5,225.0 Camelot - 177.0 Truro
Sully Station,Week3,Stratford,Week5,282.0 Sully Station - 120.0 Stratford
Sully Station II,Week2,Sideburn Run,Week1,275.0 Sully Station II - 127.0 Sideburn Run
Sully Station II,Week2,Sideburn Run,Week5,260.0 Sully Station II - 142.0 Sideburn Run
Sully Station II,Week5,Shouse Village,Week3,275.0 Sully Station II - 127.0 Shouse Village
Sully Station,Week1,Pinewood Lake,Week3,367.0 Sully Station - 28.0 Pinewood Lake
Sully Station II,Week4,Sully Station,Week4,210.0 Sully Station - 192.0 Sully Station II
Sully Station,Week4,Stratford,Week3,288.0 Sully Station - 114.0 Stratford
Sully Station,Week1,Stratford,Week3,290.0 Sully Station - 112.0 Stratford
Sully Station,Week5,Stratford,Week5,308.0 Sully Station - 94.0 Stratford
Truro,Week4,Camelot,Week1,207.0 Camelot - 195.0 Truro
Sully Station,Week3,Pinewood Lake,Week3,374.0 Sully Station - 28.0 Pinewood Lake
Sully Station II,Week4,Sully Station,Week1,221.5 Sully Station - 180.5 Sully Station II
Sully Station II,Week5,Lakeview,Week2,357.0 Sully Station II - 45.0 Lakeview
Sully Station II,Week3,Sideburn Run,Week4,273.0 Sully Station II - 129.0 Sideburn Run
Sully Station,Week2,Pinewood Lake,Week4,359.0 Sully Station - 42.0 Pinewood Lake
Sully Station II,Week4,Sully Station,Week3,208.0 Sully Station - 194.0 Sully Station II
Sully Station,Week5,Stratford,Week2,310.0 Sully Station - 92.0 Stratford
Sully Station,Week2,Stratford,Week1,288.0 Sully Station - 114.0 Stratford
Truro,Week2,Camelot,Week2,228.0 Camelot - 173.0 Truro
Sully Station,Week5,Springfield,Week1,361.0 Sully Station - 40.0 Springfield
Truro,Week4,Camelot,Week2,215.0 Camelot - 187.0 Truro
Sully Station II,Week2,Sideburn Run,Week2,269.0 Sully Station II - 133.0 Sideburn Run
Sully Station,Week4,Pinecrest,Week3,235.5 Pinecrest - 166.5 Sully Station
Sully Station,Week3,Pinewood Lake,Week5,363.0 Sully Station - 39.0 Pinewood Lake
Truro,Week3,Camelot,Week1,222.0 Camelot - 180.0 Truro
Sully Station II,Week4,Shouse Village,Week1,241.0 Sully Station II - 161.0 Shouse Village
Sully Station II,Week5,Sully Station,Week1,237.0 Sully Station II - 165.0 Sully Station
Sully Station II,Week4,Lakeview,Week1,324.0 Sully Station II - 78.0 Lakeview
Sully Station II,Week3,Sideburn Run,Week1,280.0 Sully Station II - 122.0 Sideburn Run
Sully Station II,Week1,Sully Station,Week5,221.0 Sully Station - 181.0 Sully Station II
Sully Station II,Week5,Lakeview,Week5,341.0 Sully Station II - 52.0 Lakeview
Sully Station,Week1,Sully Station,Week2,227.0 Sully Station (SS1) - 175.0 Sully Station (SS2)
Sully Station II,Week1,Sully Station II,Week1,199.5 Sully Station II (SS21) - 199.5 Sully Station II (SS22)
Sully Station II,Week5,Parklawn,Week4,308.0 Sully Station II - 94.0 Parklawn
Sully Station II,Week5,Parklawn,Week3,331.0 Sully Station II - 71.0 Parklawn
Sully Station,Week5,Pinewood Lake,Week2,374.0 Sully Station - 24.0 Pinewood Lake
Sully Station II,Week1,Lakeview,Week4,293.0 Sully Station II - 108.0 Lakeview
Sully Station,Week4,Pinewood Lake,Week1,378.0 Sully Station - 24.0 Pinewood Lake
Sully Station,Week5,Stratford,Week1,300.0 Sully Station - 102.0 Stratford
Sully Station II,Week5,Sully Station,Week5,223.0 Sully Station II - 179.0 Sully Station
Sully Station,Week1,Pleasant Valley,Week2,332.0 Sully Station - 70.0 Pleasant Valley
Sully Station,Week1,Pleasant Valley,Week1,322.0 Sully Station - 80.0 Pleasant Valley
Sully Station II,Week5,Sideburn Run,Week4,278.0 Sully Station II - 124.0 Sideburn Run
Sully Station II,Week2,Lakeview,Week1,349.0 Sully Station II - 53.0 Lakeview
Sully Station II,Week5,Sideburn Run,Week5,273.5 Sully Station II - 128.5 Sideburn Run
Sully Station II,Week4,Sideburn Run,Week2,254.0 Sully Station II - 148.0 Sideburn Run
Truro,Week5,Camelot,Week2,214.0 Camelot - 187.0 Truro
Truro,Week2,Camelot,Week4,236.0 Camelot - 165.0 Truro
Sully Station II,Week4,Sully Station,Week2,204.0 Sully Station - 198.0 Sully Station II
Sully Station II,Week5,Sully Station,Week3,247.0 Sully Station II - 155.0 Sully Station
Sully Station II,Week4,Sideburn Run,Week1,250.0 Sully Station II - 152.0 Sideburn Run
Truro,Week5,Camelot,Week1,214.0 Camelot - 187.0 Truro
Sully Station II,Week1,Langley,Week2,230.0 Langley - 172.0 Sully Station II
Truro,Week4,Camelot,Week3,207.0 Camelot - 195.0 Truro
Sully Station,Week1,Sully Station,Week3,225.0 Sully Station (SS1) - 176.0 Sully Station (SS2)
Sully Station,Week5,Stratford,Week4,303.0 Sully Station - 99.0 Stratford
Sully Station II,Week1,Lakeview,Week1,327.0 Sully Station II - 75.0 Lakeview
Sully Station II,Week5,Sully Station,Week4,249.5 Sully Station II - 152.5 Sully Station
Sully Station,Week1,Sully Station,Week4,217.0 Sully Station (SS1) - 185.0 Sully Station (SS2)
Truro,Week4,Camelot,Week4,208.0 Camelot - 194.0 Truro
Sully Station II,Week4,Sleepy Hollow B & R,Week1,221.0 Sully Station II - 181.0 Sleepy Hollow B & R
Sully Station II,Week3,Lakeview,Week1,345.0 Sully Station II - 57.0 Lakeview
Sully Station,Week4,Pinewood Lake,Week3,375.0 Sully Station - 27.0 Pinewood Lake
Sully Station,Week2,Sully Station,Week3,203.0 Sully Station (SS1) - 199.0 Sully Station (SS2)
Sully Station II,Week1,Sully Station II,Week3,264.5 Sully Station II (SS22) - 137.5 Sully Station II (SS21)
Sully Station II,Week4,Parklawn,Week4,267.0 Sully Station II - 135.0 Parklawn
Sully Station,Week5,Pleasant Valley,Week2,337.0 Sully Station - 63.0 Pleasant Valley
Sully Station II,Week4,Sideburn Run,Week5,221.5 Sully Station II - 180.5 Sideburn Run
Sully Station II,Week3,Parliament,Week3,268.0 Sully Station II - 134.0 Parliament
Sully Station II,Week1,Sully Station,Week3,203.0 Sully Station II - 198.0 Sully Station
Sully Station,Week2,Sully Station,Week1,227.0 Sully Station (SS2) - 175.0 Sully Station (SS1)
Sully Station II,Week2,Sully Station,Week3,223.0 Sully Station II - 179.0 Sully Station
Truro,Week2,Camelot,Week3,225.0 Camelot - 176.0 Truro
Sully Station II,Week1,Lakeview,Week5,301.0 Sully Station II - 92.0 Lakeview
Sully Station II,Week5,Parliament,Week3,279.0 Sully Station II - 123.0 Parliament
Sully Station II,Week2,Lakeview,Week3,329.0 Sully Station II - 73.0 Lakeview
Sully Station II,Week3,Sleepy Hollow B & R,Week4,258.0 Sully Station II - 144.0 Sleepy Hollow B & R
Truro,Week2,Canterbury Woods,Week1,225.0 Canterbury Woods - 171.0 Truro
Sully Station II,Week5,Sleepy Hollow B & R,Week3,265.0 Sully Station II - 137.0 Sleepy Hollow B & R
Sully Station II,Week5,Lakevale Estates,Week3,208.5 Sully Station II - 193.5 Lakevale Estates
Sully Station II,Week3,Parliament,Week5,265.0 Sully Station II - 137.0 Parliament
Sully Station,Week3,Pleasant Valley,Week2,327.0 Sully Station - 74.0 Pleasant Valley
Sully Station II,Week2,Lakeview,Week4,319.0 Sully Station II - 83.0 Lakeview
Sully Station,Week4,Stratford,Week5,288.0 Sully Station - 114.0 Stratford
Sully Station,Week4,Pleasant Valley,Week1,340.0 Sully Station - 62.0 Pleasant Valley
Sully Station II,Week1,Sully Station II,Week4,209.0 Sully Station II (SS21) - 193.0 Sully Station II (SS22)
Sully Station II,Week1,Sleepy Hollow B & R,Week4,211.0 Sully Station II - 191.0 Sleepy Hollow B & R
Sully Station,Week5,Pinewood Lake,Week5,366.0 Sully Station - 32.0 Pinewood Lake
Sully Station II,Week2,Sully Station,Week1,211.0 Sully Station II - 191.0 Sully Station
Sully Station II,Week5,Parklawn,Week2,315.0 Sully Station II - 87.0 Parklawn
Sully Station II,Week4,Parklawn,Week5,278.0 Sully Station II - 124.0 Parklawn
Sully Station II,Week1,Lakeview,Week3,300.0 Sully Station II - 101.0 Lakeview
Sully Station,Week5,Stratford,Week3,306.0 Sully Station - 96.0 Stratford
Sully Station II,Week1,Sully Station II,Week2,228.0 Sully Station II (SS22) - 173.0 Sully Station II (SS21)
Sully Station,Week1,Sully Station,Week5,215.0 Sully Station (SS2) - 187.0 Sully Station (SS1)
Sully Station,Week2,Sully Station,Week2,198.5 Sully Station (SS1) - 198.5 Sully Station (SS2)
Truro,Week1,Canterbury Woods,Week2,205.0 Canterbury Woods - 196.0 Truro
Sully Station,Week5,Pinewood Lake,Week3,377.0 Sully Station - 21.0 Pinewood Lake
Truro,Week1,Canterbury Woods,Week1,214.0 Canterbury Woods - 188.0 Truro
Sully Station II,Week5,Sideburn Run,Week1,284.0 Sully Station II - 118.0 Sideburn Run
Truro,Week2,Canterbury Woods,Week4,241.0 Canterbury Woods - 161.0 Truro
Sully Station II,Week4,Lakeview,Week5,311.0 Sully Station II - 82.0 Lakeview
Sully Station II,Week1,Parliament,Week3,234.0 Sully Station II - 168.0 Parliament
Sully Station,Week2,Pleasant Valley,Week1,324.0 Sully Station - 78.0 Pleasant Valley
Sully Station II,Week5,Sideburn Run,Week3,278.0 Sully Station II - 124.0 Sideburn Run
Sully Station,Week1,Sully Station,Week1,200.0 Sully Station (SS1) - 200.0 Sully Station (SS2)
Truro,Week3,Camelot,Week2,232.0 Camelot - 170.0 Truro
Truro,Week2,Camelot,Week5,248.0 Camelot - 154.0 Truro
Sully Station,Week1,Sully Station II,Week3,226.0 Sully Station II - 176.0 Sully Station
Sully Station,Week4,Sully Station,Week5,229.0 Sully Station (SS2) - 173.0 Sully Station (SS1)
Sully Station II,Week4,Parliament,Week2,232.0 Sully Station II - 170.0 Parliament
Sully Station II,Week3,Sully Station,Week5,209.0 Sully Station II - 193.0 Sully Station
Sully Station II,Week4,Sideburn Run,Week4,233.0 Sully Station II - 169.0 Sideburn Run
Sully Station II,Week2,Parliament,Week4,248.0 Sully Station II - 154.0 Parliament
Truro,Week4,Canterbury Woods,Week1,208.0 Canterbury Woods - 194.0 Truro
Sully Station,Week5,Pinewood Lake,Week4,372.0 Sully Station - 26.0 Pinewood Lake
Sully Station II,Week3,Lakeview,Week3,331.0 Sully Station II - 71.0 Lakeview
Truro,Week4,Canterbury Woods,Week5,217.0 Canterbury Woods - 184.0 Truro
Sully Station II,Week2,Sleepy Hollow B & R,Week5,215.0 Sully Station II - 186.0 Sleepy Hollow B & R
Sully Station II,Week4,Lakeview,Week4,299.0 Sully Station II - 103.0 Lakeview
Sully Station II,Week5,Parklawn,Week1,328.0 Sully Station II - 65.0 Parklawn
Sully Station II,Week1,Sully Station,Week2,213.0 Sully Station - 189.0 Sully Station II
Sully Station,Week4,Pleasant Valley,Week3,319.0 Sully Station - 83.0 Pleasant Valley
Sully Station,Week3,Pleasant Valley,Week5,320.0 Sully Station - 81.0 Pleasant Valley
Sully Station II,Week3,Lakeview,Week5,331.0 Sully Station II - 62.0 Lakeview
Sully Station,Week2,Sully Station II,Week1,213.0 Sully Station - 189.0 Sully Station II
Sully Station,Week2,Pleasant Valley,Week4,329.0 Sully Station - 73.0 Pleasant Valley
Sully Station II,Week5,Sideburn Run,Week2,290.0 Sully Station II - 112.0 Sideburn Run
Sully Station II,Week4,Sully Station,Week5,225.0 Sully Station - 177.0 Sully Station II
Sully Station II,Week3,Sully Station,Week2,229.0 Sully Station II - 173.0 Sully Station
Truro,Week5,Canterbury Woods,Week1,204.0 Canterbury Woods - 193.0 Truro
Sully Station II,Week2,Sleepy Hollow B & R,Week2,243.0 Sully Station II - 159.0 Sleepy Hollow B & R
Truro,Week5,Canterbury Woods,Week5,203.0 Canterbury Woods - 190.0 Truro
Sully Station II,Week5,Sully Station,Week2,251.0 Sully Station II - 151.0 Sully Station
Truro,Week4,Canterbury Woods,Week2,203.0 Canterbury Woods - 199.0 Truro
Sully Station II,Week2,Lakeview,Week2,349.0 Sully Station II - 53.0 Lakeview
Sully Station II,Week4,Sleepy Hollow B & R,Week2,213.0 Sully Station II - 189.0 Sleepy Hollow B & R
Sully Station II,Week3,Sleepy Hollow B & R,Week3,269.0 Sully Station II - 133.0 Sleepy Hollow B & R
Sully Station,Week2,Sully Station II,Week3,229.0 Sully Station II - 173.0 Sully Station
Truro,Week3,Cardinal Hill,Week3,316.0 Cardinal Hill - 86.0 Truro
Sully Station,Week4,Pleasant Valley,Week2,326.5 Sully Station - 75.5 Pleasant Valley
Sully Station,Week1,Pleasant Valley,Week4,338.0 Sully Station - 63.0 Pleasant Valley
Sully Station II,Week3,Parliament,Week2,284.0 Sully Station II - 118.0 Parliament
Sully Station,Week3,Sully Station II,Week3,230.0 Sully Station II - 172.0 Sully Station
Sully Station,Week5,Sully Station,Week2,265.0 Sully Station (SS1) - 137.0 Sully Station (SS2)
Sully Station II,Week3,Sully Station,Week1,226.0 Sully Station II - 176.0 Sully Station
Sully Station II,Week2,Lakeview,Week5,324.0 Sully Station II - 69.0 Lakeview
Sully Station II,Week3,Sleepy Hollow B & R,Week5,241.0 Sully Station II - 161.0 Sleepy Hollow B & R
Sully Station,Week2,Sully Station II,Week4,204.0 Sully Station - 198.0 Sully Station II
Sully Station II,Week2,Parliament,Week1,238.0 Sully Station II - 164.0 Parliament
Sully Station II,Week5,Sully Station II,Week2,242.5 Sully Station II (SS21) - 159.5 Sully Station II (SS22)
Sully Station II,Week1,Parliament,Week1,225.0 Sully Station II - 177.0 Parliament
Sully Station II,Week5,Lakeview,Week3,342.0 Sully Station II - 60.0 Lakeview
Sully Station II,Week1,Lakeview,Week2,325.0 Sully Station II - 77.0 Lakeview
Sully Station II,Week3,Parliament,Week4,279.0 Sully Station II - 123.0 Parliament
Sully Station,Week4,Pleasant Valley,Week4,333.0 Sully Station - 69.0 Pleasant Valley
Sully Station,Week4,Pinewood Lake,Week5,366.0 Sully Station - 36.0 Pinewood Lake
Sully Station II,Week2,Truro,Week2,313.0 Sully Station II - 89.0 Truro
Truro,Week4,Canterbury Woods,Week4,225.0 Canterbury Woods - 177.0 Truro
Sully Station II,Week1,Sleepy Hollow B & R,Week2,230.0 Sully Station II - 172.0 Sleepy Hollow B & R
Sully Station,Week3,Sully Station II,Week2,223.0 Sully Station II - 179.0 Sully Station
Sully Station,Week5,Pinewood Lake,Week1,373.0 Sully Station - 24.0 Pinewood Lake
Sully Station,Week2,Sully Station,Week5,265.0 Sully Station (SS2) - 137.0 Sully Station (SS1)
Truro,Week1,Cardinal Hill,Week3,309.0 Cardinal Hill - 93.0 Truro
Truro,Week4,Canterbury Woods,Week3,229.0 Canterbury Woods - 173.0 Truro
Sully Station II,Week4,Lakeview,Week3,313.0 Sully Station II - 89.0 Lakeview
Sully Station II,Week5,Parliament,Week2,286.0 Sully Station II - 116.0 Parliament
Sully Station II,Week4,Sully Station II,Week3,271.5 Sully Station II (SS22) - 130.5 Sully Station II (SS21)
Sully Station II,Week4,Parliament,Week1,203.0 Sully Station II - 199.0 Parliament
Sully Station II,Week2,Sleepy Hollow B & R,Week4,223.0 Sully Station II - 179.0 Sleepy Hollow B & R
Sully Station II,Week5,Sleepy Hollow B & R,Week2,270.0 Sully Station II - 132.0 Sleepy Hollow B & R
Sully Station II,Week3,Sully Station II,Week2,246.0 Sully Station II (SS21) - 156.0 Sully Station II (SS22)
Sully Station II,Week5,Lakevale Estates,Week4,204.0 Lakevale Estates - 198.0 Sully Station II
Sully Station II,Week1,Parliament,Week5,226.0 Sully Station II - 176.0 Parliament
Sully Station II,Week3,Sully Station II,Week3,198.5 Sully Station II (SS21) - 198.5 Sully Station II (SS22)
Sully Station II,Week5,Parliament,Week1,260.0 Sully Station II - 142.0 Parliament
Sully Station II,Week1,Parliament,Week2,243.0 Sully Station II - 159.0 Parliament
Truro,Week3,Canterbury Woods,Week2,211.0 Canterbury Woods - 191.0 Truro
Truro,Week3,Canterbury Woods,Week4,237.0 Canterbury Woods - 165.0 Truro
Sully Station,Week2,Sully Station II,Week5,251.0 Sully Station II - 151.0 Sully Station
Truro,Week3,Cardinal Hill,Week2,297.0 Cardinal Hill - 105.0 Truro
Sully Station,Week3,Pleasant Valley,Week1,328.0 Sully Station - 73.0 Pleasant Valley
Sully Station II,Week2,Sleepy Hollow B & R,Week1,255.0 Sully Station II - 147.0 Sleepy Hollow B & R
Sully Station,Week4,Pinewood Lake,Week4,370.0 Sully Station - 32.0 Pinewood Lake
Sully Station,Week1,Sully Station II,Week4,221.5 Sully Station - 180.5 Sully Station II
Sully Station II,Week3,Lakeview,Week4,331.0 Sully Station II - 71.0 Lakeview
Sully Station II,Week1,Truro,Week4,280.0 Sully Station II - 122.0 Truro
Sully Station II,Week5,Lakeview,Week1,359.0 Sully Station II - 43.0 Lakeview
Sully Station,Week4,Pleasant Valley,Week5,325.0 Sully Station - 77.0 Pleasant Valley
Sully Station II,Week5,Sleepy Hollow B & R,Week1,275.0 Sully Station II - 127.0 Sleepy Hollow B & R
Sully Station,Week1,Pleasant Valley,Week5,326.0 Sully Station - 75.0 Pleasant Valley
Sully Station II,Week4,Lakeview,Week2,328.0 Sully Station II - 74.0 Lakeview
Sully Station,Week2,Pleasant Valley,Week2,320.0 Sully Station - 82.0 Pleasant Valley
Sully Station II,Week2,Sully Station II,Week3,246.0 Sully Station II (SS22) - 156.0 Sully Station II (SS21)
Sully Station,Week4,Sully Station,Week2,218.0 Sully Station (SS1) - 184.0 Sully Station (SS2)
Sully Station,Week3,Sully Station,Week4,209.0 Sully Station (SS2) - 193.0 Sully Station (SS1)
Truro,Week3,Canterbury Woods,Week5,230.0 Canterbury Woods - 171.0 Truro
Sully Station II,Week5,Lakevale Estates,Week5,211.0 Sully Station II - 191.0 Lakevale Estates
Sully Station II,Week3,Sully Station II,Week1,264.5 Sully Station II (SS21) - 137.5 Sully Station II (SS22)
Sully Station II,Week4,Sleepy Hollow B & R,Week3,219.5 Sully Station II - 182.5 Sleepy Hollow B & R
Sully Station,Week2,Pleasant Valley,Week3,309.0 Sully Station - 93.0 Pleasant Valley
Sully Station II,Week1,Sleepy Hollow B & R,Week3,231.0 Sully Station II - 170.0 Sleepy Hollow B & R
Sully Station II,Week3,Lakeview,Week2,348.0 Sully Station II - 54.0 Lakeview
Sully Station,Week4,Sully Station II,Week4,210.0 Sully Station - 192.0 Sully Station II
Sully Station II,Week4,Sully Station II,Week2,239.0 Sully Station II (SS22) - 163.0 Sully Station II (SS21)
Truro,Week2,Cardinal Hill,Week5,317.0 Cardinal Hill - 83.0 Truro
Sully Station II,Week4,Parliament,Week5,224.0 Sully Station II - 178.0 Parliament
Sully Station II,Week2,Parliament,Week3,260.0 Sully Station II - 142.0 Parliament
Sully Station II,Week2,Sleepy Hollow B & R,Week3,250.0 Sully Station II - 151.0 Sleepy Hollow B & R
Sully Station II,Week4,Sleepy Hollow B & R,Week4,205.0 Sleepy Hollow B & R - 197.0 Sully Station II
Sully Station II,Week1,Truro,Week5,276.5 Sully Station II - 125.5 Truro
Sully Station,Week2,Pleasant Valley,Week5,316.0 Sully Station - 86.0 Pleasant Valley
Sully Station,Week5,Pleasant Valley,Week1,342.0 Sully Station - 59.0 Pleasant Valley
Truro,Week3,Canterbury Woods,Week1,212.0 Canterbury Woods - 190.0 Truro
Sully Station II,Week5,Lakeview,Week4,340.0 Sully Station II - 62.0 Lakeview
Sully Station II,Week1,Langley,Week5,205.0 Langley - 197.0 Sully Station II
Sully Station II,Week1,Parliament,Week4,234.0 Sully Station II - 168.0 Parliament
Sully Station,Week3,Pleasant Valley,Week4,332.0 Sully Station - 69.0 Pleasant Valley
Sully Station,Week2,Sully Station,Week4,218.0 Sully Station (SS2) - 184.0 Sully Station (SS1)
Sully Station II,Week4,Parliament,Week3,224.0 Sully Station II - 178.0 Parliament
Truro,Week2,Canterbury Woods,Week5,222.0 Canterbury Woods - 171.0 Truro
Sully Station II,Week3,Sleepy Hollow B & R,Week2,268.0 Sully Station II - 134.0 Sleepy Hollow B & R
Sully Station II,Week1,Sleepy Hollow B & R,Week5,219.0 Sleepy Hollow B & R - 182.0 Sully Station II
Sully Station,Week3,Sully Station,Week3,200.5 Sully Station (SS1) - 200.5 Sully Station (SS2)
Sully Station II,Week1,Langley,Week1,223.0 Langley - 179.0 Sully Station II
Sully Station II,Week3,Sully Station II,Week5,206.0 Sully Station II (SS21) - 196.0 Sully Station II (SS22)
Sully Station II,Week3,Parliament,Week1,250.0 Sully Station II - 152.0 Parliament
Sully Station II,Week5,Sully Station II,Week5,201.0 Sully Station II (SS21) - 201.0 Sully Station II (SS22)
Sully Station,Week4,Sully Station,Week1,217.0 Sully Station (SS2) - 185.0 Sully Station (SS1)
Sully Station II,Week2,Parliament,Week2,264.0 Sully Station II - 138.0 Parliament
Truro,Week3,Canterbury Woods,Week3,240.0 Canterbury Woods - 162.0 Truro
Sully Station II,Week4,Langley,Week4,233.0 Langley - 169.0 Sully Station II
Truro,Week5,Canterbury Woods,Week3,222.0 Canterbury Woods - 179.0 Truro
Sully Station II,Week5,Sleepy Hollow B & R,Week4,248.0 Sully Station II - 154.0 Sleepy Hollow B & R
Sully Station,Week5,Pleasant Valley,Week3,333.0 Sully Station - 68.0 Pleasant Valley
Sully Station II,Week4,Langley,Week5,226.0 Langley - 176.0 Sully Station II
Sully Station II,Week2,Pinecrest,Week5,208.5 Pinecrest - 193.5 Sully Station II
Sully Station,Week4,Sully Station,Week4,201.0 Sully Station (SS1) - 201.0 Sully Station (SS2)
Sully Station II,Week4,Parliament,Week4,235.5 Sully Station II - 166.5 Parliament
Sully Station,Week4,Sully Station,Week3,209.0 Sully Station (SS1) - 193.0 Sully Station (SS2)
Sully Station II,Week4,Sleepy Hollow B & R,Week5,214.0 Sleepy Hollow B & R - 188.0 Sully Station II
Truro,Week1,Cardinal Hill,Week5,286.0 Cardinal Hill - 115.0 Truro
Sully Station II,Week2,Sully Station II,Week1,228.0 Sully Station II (SS21) - 173.0 Sully Station II (SS22)
Sully Station II,Week1,Sully Station II,Week5,269.0 Sully Station II (SS22) - 133.0 Sully Station II (SS21)
Sully Station,Week5,Sully Station,Week4,229.0 Sully Station (SS1) - 173.0 Sully Station (SS2)
Sully Station,Week5,Pleasant Valley,Week4,342.0 Sully Station - 59.0 Pleasant Valley
Truro,Week2,Cardinal Hill,Week1,325.0 Cardinal Hill - 77.0 Truro
Sully Station II,Week5,Langley,Week4,228.0 Sully Station II - 174.0 Langley
Sully Station II,Week5,Parklawn,Week5,316.5 Sully Station II - 85.5 Parklawn
Sully Station II,Week2,Sully Station II,Week5,242.5 Sully Station II (SS22) - 159.5 Sully Station II (SS21)
Sully Station II,Week2,Langley,Week2,208.0 Sully Station II - 194.0 Langley
Sully Station II,Week3,Sleepy Hollow B & R,Week1,281.0 Sully Station II - 121.0 Sleepy Hollow B & R
Sully Station II,Week2,Sully Station II,Week2,200.5 Sully Station II (SS21) - 200.5 Sully Station II (SS22)
Sully Station,Week5,Sully Station,Week3,254.0 Sully Station (SS1) - 148.0 Sully Station (SS2)
Truro,Week1,Cardinal Hill,Week2,277.0 Cardinal Hill - 125.0 Truro
Sully Station,Week3,Pleasant Valley,Week3,316.0 Sully Station - 86.0 Pleasant Valley
Sully Station II,Week5,Langley,Week2,238.5 Sully Station II - 163.5 Langley
Sully Station,Week1,Pleasant Valley,Week3,319.0 Sully Station - 83.0 Pleasant Valley
Sully Station II,Week1,Sleepy Hollow B & R,Week1,239.0 Sully Station II - 163.0 Sleepy Hollow B & R
Sully Station II,Week2,Parliament,Week5,254.0 Sully Station II - 148.0 Parliament
Sully Station II,Week5,Pinecrest,Week4,210.0 Sully Station II - 192.0 Pinecrest
Truro,Week3,Cardinal Hill,Week1,311.0 Cardinal Hill - 91.0 Truro
Sully Station II,Week5,Sully Station II,Week3,206.0 Sully Station II (SS22) - 196.0 Sully Station II (SS21)
Sully Station,Week3,Poplar Heights,Week3,246.0 Sully Station - 156.0 Poplar Heights
Sully Station II,Week1,Sleepy Hollow Rec,Week1,299.0 Sully Station II - 103.0 Sleepy Hollow Rec
Sully Station,Week5,Pleasant Valley,Week5,332.0 Sully Station - 70.0 Pleasant Valley
Truro,Week2,Canterbury Woods,Week3,231.0 Canterbury Woods - 170.0 Truro
Sully Station II,Week5,Pinecrest,Week3,201.0 Pinecrest - 201.0 Sully Station II
Truro,Week2,Cardinal Hill,Week3,335.0 Cardinal Hill - 67.0 Truro
Sully Station II,Week4,Langley,Week3,212.0 Langley - 190.0 Sully Station II
Sully Station II,Week1,Sleepy Hollow Rec,Week2,297.0 Sully Station II - 105.0 Sleepy Hollow Rec
Sully Station,Week3,Sully Station,Week5,254.0 Sully Station (SS2) - 148.0 Sully Station (SS1)
Sully Station,Week1,Poplar Heights,Week1,257.0 Sully Station - 144.0 Poplar Heights
Sully Station II,Week1,Pinewood Lake,Week3,367.0 Sully Station II - 33.0 Pinewood Lake
Sully Station,Week3,Poplar Heights,Week4,230.0 Sully Station - 172.0 Poplar Heights
Sully Station,Week3,Sully Station,Week1,225.0 Sully Station (SS2) - 176.0 Sully Station (SS1)
Sully Station II,Week5,Sully Station II,Week4,294.0 Sully Station II (SS21) - 108.0 Sully Station II (SS22)
Truro,Week2,Cardinal Hill,Week4,314.0 Cardinal Hill - 87.0 Truro
Sully Station II,Week3,Sleepy Hollow Rec,Week1,330.0 Sully Station II - 72.0 Sleepy Hollow Rec
Sully Station,Week4,Forest Hollow,Week4,240.0 Sully Station - 162.0 Forest Hollow
Sully Station II,Week1,Pinecrest,Week3,240.0 Pinecrest - 162.0 Sully Station II
Sully Station II,Week1,Laurel Hill,Week3,279.5 Sully Station II - 122.5 Laurel Hill
Sully Station II,Week2,Laurel Hill,Week4,313.0 Sully Station II - 89.0 Laurel Hill
Sully Station,Week3,Poplar Heights,Week5,224.0 Sully Station - 178.0 Poplar Heights
Truro,Week1,Cardinal Hill,Week1,301.0 Cardinal Hill - 101.0 Truro
Truro,Week5,Canterbury Woods,Week4,226.0 Canterbury Woods - 176.0 Truro
Sully Station II,Week4,Sully Station II,Week4,200.5 Sully Station II (SS21) - 200.5 Sully Station II (SS22)
Sully Station II,Week5,Parliament,Week5,277.0 Sully Station II - 125.0 Parliament
Sully Station,Week1,Sully Station II,Week2,211.0 Sully Station II - 191.0 Sully Station
Sully Station II,Week1,Truro,Week1,277.0 Sully Station II - 125.0 Truro
Sully Station II,Week5,Sleepy Hollow Rec,Week5,323.0 Sully Station II - 79.0 Sleepy Hollow Rec
Sully Station II,Week1,Laurel Hill,Week5,274.0 Sully Station II - 127.0 Laurel Hill
Sully Station II,Week3,Langley,Week4,219.0 Sully Station II - 183.0 Langley
Sully Station II,Week5,Sleepy Hollow Rec,Week3,325.0 Sully Station II - 77.0 Sleepy Hollow Rec
Sully Station II,Week3,Sully Station II,Week4,271.5 Sully Station II (SS21) - 130.5 Sully Station II (SS22)
Sully Station,Week1,Sully Station II,Week1,214.0 Sully Station - 187.0 Sully Station II
Sully Station II,Week2,Sully Station II,Week4,239.0 Sully Station II (SS21) - 163.0 Sully Station II (SS22)
Truro,Week1,Cardinal Hill,Week4,287.0 Cardinal Hill - 115.0 Truro
Sully Station,Week3,Sully Station,Week2,203.0 Sully Station (SS2) - 199.0 Sully Station (SS1)
Sully Station II,Week5,Pinecrest,Week1,210.0 Sully Station II - 192.0 Pinecrest
Sully Station II,Week1,Somerset-Olde Creek,Week3,326.0 Sully Station II - 73.0 Somerset-Olde Creek
Sully Station II,Week3,Laurel Hill,Week1,320.0 Sully Station II - 81.0 Laurel Hill
Sully Station,Week1,Poplar Heights,Week3,233.0 Sully Station - 169.0 Poplar Heights
Sully Station II,Week5,Sleepy Hollow B & R,Week5,239.0 Sully Station II - 163.0 Sleepy Hollow B & R
Sully Station,Week5,Sully Station,Week5,200.5 Sully Station (SS1) - 200.5 Sully Station (SS2)
Sully Station,Week5,Sully Station,Week1,215.0 Sully Station (SS1) - 187.0 Sully Station (SS2)
Sully Station II,Week5,Sully Station II,Week1,269.0 Sully Station II (SS21) - 133.0 Sully Station II (SS22)
Sully Station,Week4,Poplar Heights,Week3,242.5 Sully Station - 159.5 Poplar Heights
Sully Station,Week4,Poplar Heights,Week4,233.0 Sully Station - 169.0 Poplar Heights
Sully Station,Week1,Poplar Heights,Week5,222.0 Sully Station - 179.0 Poplar Heights
Sully Station II,Week1,Pinecrest,Week2,242.0 Pinecrest - 160.0 Sully Station II
Sully Station,Week1,Sully Station II,Week5,237.0 Sully Station II - 165.0 Sully Station
Sully Station II,Week1,Somerset-Olde Creek,Week5,303.0 Sully Station II - 97.0 Somerset-Olde Creek
Sully Station II,Week1,Pinecrest,Week5,230.0 Pinecrest - 172.0 Sully Station II
Sully Station II,Week3,Langley,Week5,233.0 Sully Station II - 169.0 Langley
Truro,Week5,Canterbury Woods,Week2,203.0 Canterbury Woods - 198.0 Truro
Sully Station II,Week2,Langley,Week3,217.0 Sully Station II - 185.0 Langley
Sully Station,Week4,Forest Hollow,Week5,241.0 Sully Station - 161.0 Forest Hollow
Truro,Week2,Cardinal Hill,Week2,302.0 Cardinal Hill - 95.0 Truro
Sully Station II,Week1,Truro,Week2,294.0 Sully Station II - 108.0 Truro
Sully Station,Week5,Poplar Heights,Week2,267.0 Sully Station - 135.0 Poplar Heights
Sully Station II,Week2,Sleepy Hollow Rec,Week1,318.0 Sully Station II - 84.0 Sleepy Hollow Rec
Sully Station,Week3,Sully Station II,Week1,203.0 Sully Station II - 198.0 Sully Station
Sully Station II,Week2,Langley,Week4,211.0 Sully Station II - 191.0 Langley
Sully Station II,Week4,Sully Station II,Week5,294.0 Sully Station II (SS22) - 108.0 Sully Station II (SS21)
Sully Station II,Week5,Parliament,Week4,269.0 Sully Station II - 133.0 Parliament
Sully Station II,Week1,Sleepy Hollow Rec,Week4,296.0 Sully Station II - 106.0 Sleepy Hollow Rec
Truro,Week3,Cardinal Hill,Week4,311.0 Cardinal Hill - 91.0 Truro
Sully Station,Week2,Sully Station II,Week2,212.0 Sully Station II - 190.0 Sully Station
Sully Station II,Week1,Truro,Week3,280.0 Sully Station II - 122.0 Truro
Sully Station II,Week1,Pinewood Lake,Week1,361.0 Sully Station II - 35.0 Pinewood Lake
Sully Station II,Week1,Sleepy Hollow Rec,Week3,282.0 Sully Station II - 120.0 Sleepy Hollow Rec
Sully Station,Week5,Poplar Heights,Week3,253.0 Sully Station - 149.0 Poplar Heights
Sully Station,Week5,Poplar Heights,Week4,252.0 Sully Station - 150.0 Poplar Heights
Sully Station,Week4,Sully Station II,Week2,219.0 Sully Station II - 183.0 Sully Station
Sully Station II,Week3,Somerset-Olde Creek,Week2,343.0 Sully Station II - 59.0 Somerset-Olde Creek
Sully Station II,Week2,Laurel Hill,Week5,292.0 Sully Station II - 109.0 Laurel Hill
Sully Station II,Week4,Langley,Week1,234.0 Langley - 168.0 Sully Station II
Sully Station II,Week1,Pinewood Lake,Week4,358.0 Sully Station II - 39.0 Pinewood Lake
Sully Station II,Week2,Laurel Hill,Week2,328.0 Sully Station II - 74.0 Laurel Hill
Sully Station II,Week1,Somerset-Olde Creek,Week2,330.0 Sully Station II - 70.0 Somerset-Olde Creek
Sully Station II,Week4,Pinecrest,Week3,253.0 Pinecrest - 149.0 Sully Station II
Sully Station II,Week5,Langley,Week1,215.0 Sully Station II - 187.0 Langley
Sully Station II,Week2,Pinecrest,Week2,215.5 Pinecrest - 186.5 Sully Station II
Truro,Week4,Cardinal Hill,Week2,274.0 Cardinal Hill - 128.0 Truro
Sully Station II,Week2,Truro,Week4,301.0 Sully Station II - 101.0 Truro
Sully Station II,Week3,Somerset-Olde Creek,Week4,342.0 Sully Station II - 60.0 Somerset-Olde Creek
Sully Station II,Week2,Truro,Week3,314.0 Sully Station II - 88.0 Truro
Sully Station,Week3,Sully Station II,Week5,247.0 Sully Station II - 155.0 Sully Station
Sully Station II,Week3,Pinecrest,Week4,206.5 Sully Station II - 195.5 Pinecrest
Sully Station,Week3,Sully Station II,Week4,208.0 Sully Station - 194.0 Sully Station II
Sully Station,Week1,Poplar Heights,Week4,235.0 Sully Station - 167.0 Poplar Heights
Sully Station II,Week1,Langley,Week4,226.0 Langley - 176.0 Sully Station II
Sully Station,Week4,Sully Station II,Week1,203.0 Sully Station - 199.0 Sully Station II
Sully Station II,Week4,Sully Station II,Week1,209.0 Sully Station II (SS22) - 193.0 Sully Station II (SS21)
Sully Station II,Week2,Truro,Week1,290.0 Sully Station II - 112.0 Truro
Sully Station,Week1,Poplar Heights,Week2,255.0 Sully Station - 146.0 Poplar Heights
Truro,Week2,Chesterbrook,Week2,367.0 Chesterbrook - 35.0 Truro
Truro,Week3,Cardinal Hill,Week5,306.0 Cardinal Hill - 96.0 Truro
Truro,Week4,Cardinal Hill,Week1,287.0 Cardinal Hill - 115.0 Truro
Sully Station II,Week5,Truro,Week3,325.0 Sully Station II - 77.0 Truro
Sully Station II,Week2,Tuckahoe,Week5,290.0 Tuckahoe - 112.0 Sully Station II
Sully Station II,Week1,Langley,Week3,227.0 Langley - 175.0 Sully Station II
Sully Station,Week2,Poplar Heights,Week1,247.0 Sully Station - 155.0 Poplar Heights
Sully Station,Week1,Truro,Week3,302.0 Sully Station - 100.0 Truro
Sully Station,Week2,Poplar Heights,Week4,228.0 Sully Station - 174.0 Poplar Heights
Sully Station,Week2,Truro,Week1,267.0 Sully Station - 135.0 Truro
Truro,Week5,Chesterbrook,Week1,353.0 Chesterbrook - 49.0 Truro
Truro,Week4,Chesterbrook,Week2,366.0 Chesterbrook - 36.0 Truro
Sully Station II,Week3,Pinecrest,Week3,206.0 Pinecrest - 196.0 Sully Station II
Sully Station II,Week2,Sleepy Hollow Rec,Week3,311.0 Sully Station II - 91.0 Sleepy Hollow Rec
Sully Station,Week3,Truro,Week4,274.0 Sully Station - 128.0 Truro
Truro,Week4,Chesterbrook,Week4,366.0 Chesterbrook - 36.0 Truro
Sully Station II,Week3,Langley,Week1,220.0 Sully Station II - 182.0 Langley
Sully Station II,Week3,Truro,Week3,321.0 Sully Station II - 81.0 Truro
Truro,Week5,Chesterbrook,Week3,370.0 Chesterbrook - 32.0 Truro
Sully Station,Week3,Poplar Heights,Week2,238.5 Sully Station - 163.5 Poplar Heights
Sully Station II,Week2,Sleepy Hollow Rec,Week5,312.0 Sully Station II - 90.0 Sleepy Hollow Rec
Sully Station,Week4,Poplar Heights,Week2,238.0 Sully Station - 164.0 Poplar Heights
Sully Station,Week3,Poplar Heights,Week1,244.0 Sully Station - 158.0 Poplar Heights
Sully Station II,Week3,Langley,Week3,230.0 Sully Station II - 172.0 Langley
Sully Station,Week2,Poplar Heights,Week5,214.0 Sully Station - 188.0 Poplar Heights
Sully Station,Week2,Poplar Heights,Week3,236.0 Sully Station - 166.0 Poplar Heights
Sully Station,Week1,Truro,Week4,288.0 Sully Station - 114.0 Truro
Sully Station II,Week4,Sleepy Hollow Rec,Week4,310.0 Sully Station II - 92.0 Sleepy Hollow Rec
Truro,Week5,Cardinal Hill,Week2,270.0 Cardinal Hill - 127.0 Truro
Sully Station II,Week3,Somerset-Olde Creek,Week1,344.0 Sully Station II - 58.0 Somerset-Olde Creek
Sully Station II,Week3,Sleepy Hollow Rec,Week4,348.0 Sully Station II - 54.0 Sleepy Hollow Rec
Sully Station II,Week4,Truro,Week4,260.0 Sully Station II - 142.0 Truro
Sully Station II,Week1,Pinecrest,Week4,237.0 Pinecrest - 165.0 Sully Station II
Sully Station II,Week1,Tuckahoe,Week5,314.0 Tuckahoe - 88.0 Sully Station II
Sully Station II,Week3,Langley,Week2,236.0 Sully Station II - 166.0 Langley
Sully Station II,Week2,Pinecrest,Week4,216.0 Pinecrest - 186.0 Sully Station II
Sully Station II,Week1,Pinecrest,Week1,216.0 Pinecrest - 186.0 Sully Station II
Sully Station II,Week4,Sleepy Hollow Rec,Week3,284.0 Sully Station II - 118.0 Sleepy Hollow Rec
Sully Station II,Week4,Langley,Week2,215.0 Langley - 187.0 Sully Station II
Sully Station,Week5,Sully Station II,Week5,223.0 Sully Station II - 179.0 Sully Station
Sully Station II,Week4,Pinecrest,Week2,245.0 Pinecrest - 157.0 Sully Station II
Sully Station II,Week2,Langley,Week1,201.0 Langley - 201.0 Sully Station II
Sully Station II,Week5,Truro,Week5,316.0 Sully Station II - 86.0 Truro
Truro,Week5,Cardinal Hill,Week4,292.0 Cardinal Hill - 110.0 Truro
Sully Station II,Week2,Pinecrest,Week1,206.0 Pinecrest - 196.0 Sully Station II
Sully Station,Week4,Truro,Week1,291.0 Sully Station - 111.0 Truro
Sully Station II,Week4,Pinecrest,Week5,234.0 Pinecrest - 168.0 Sully Station II
Sully Station,Week4,Sully Station II,Week3,235.0 Sully Station II - 167.0 Sully Station
Sully Station II,Week3,Sleepy Hollow Rec,Week5,326.0 Sully Station II - 76.0 Sleepy Hollow Rec
Sully Station II,Week3,Tuckahoe,Week4,279.0 Tuckahoe - 123.0 Sully Station II
Truro,Week4,Cardinal Hill,Week5,294.0 Cardinal Hill - 108.0 Truro
Sully Station II,Week4,Pinecrest,Week4,255.0 Pinecrest - 147.0 Sully Station II
Sully Station II,Week5,Langley,Week5,238.0 Sully Station II - 164.0 Langley
Sully Station II,Week4,Pinecrest,Week1,233.0 Pinecrest - 169.0 Sully Station II
Truro,Week1,Chesterbrook,Week2,360.0 Chesterbrook - 42.0 Truro
Sully Station II,Week2,Langley,Week5,212.0 Sully Station II - 190.0 Langley
Truro,Week5,Cardinal Hill,Week5,286.0 Cardinal Hill - 115.0 Truro
Sully Station,Week5,Sully Station II,Week2,203.0 Sully Station - 199.0 Sully Station II
Sully Station,Week4,Poplar Heights,Week5,218.5 Sully Station - 183.5 Poplar Heights
Truro,Week4,Cardinal Hill,Week4,288.0 Cardinal Hill - 114.0 Truro
Truro,Week5,Cardinal Hill,Week1,294.0 Cardinal Hill - 108.0 Truro
Sully Station II,Week2,Sleepy Hollow Rec,Week2,317.0 Sully Station II - 85.0 Sleepy Hollow Rec
Sully Station,Week2,Truro,Week5,282.0 Sully Station - 115.0 Truro
Sully Station II,Week1,Laurel Hill,Week1,288.0 Sully Station II - 109.0 Laurel Hill
Sully Station II,Week1,Tuckahoe,Week2,301.0 Tuckahoe - 101.0 Sully Station II
Sully Station II,Week4,Truro,Week1,270.0 Sully Station II - 132.0 Truro
Sully Station,Week2,Poplar Heights,Week2,233.0 Sully Station - 169.0 Poplar Heights
Sully Station II,Week1,Sleepy Hollow Rec,Week5,280.5 Sully Station II - 121.5 Sleepy Hollow Rec
Sully Station,Week4,Poplar Heights,Week1,243.0 Sully Station - 159.0 Poplar Heights
Sully Station,Week5,Sully Station II,Week3,209.0 Sully Station II - 193.0 Sully Station
Sully Station II,Week2,Pinecrest,Week3,223.0 Pinecrest - 179.0 Sully Station II
Sully Station II,Week5,Langley,Week3,241.0 Sully Station II - 161.0 Langley
Sully Station II,Week5,Sleepy Hollow Rec,Week1,331.0 Sully Station II - 71.0 Sleepy Hollow Rec
Sully Station II,Week2,Tuckahoe,Week3,305.0 Tuckahoe - 97.0 Sully Station II
Sully Station II,Week3,Pinecrest,Week1,202.0 Sully Station II - 200.0 Pinecrest
Truro,Week3,Chesterbrook,Week1,361.0 Chesterbrook - 41.0 Truro
Sully Station II,Week1,Tuckahoe,Week1,294.0 Tuckahoe - 108.0 Sully Station II
Truro,Week2,Chesterbrook,Week5,373.0 Chesterbrook - 29.0 Truro
Sully Station,Week2,Truro,Week4,273.0 Sully Station - 129.0 Truro
Sully Station II,Week2,Laurel Hill,Week3,305.0 Sully Station II - 97.0 Laurel Hill
Sully Station II,Week4,Cottontail,Week5,241.0 Sully Station II - 161.0 Cottontail
Sully Station II,Week5,Pinecrest,Week2,209.5 Sully Station II - 192.5 Pinecrest
Sully Station,Week3,Truro,Week3,278.0 Sully Station - 124.0 Truro
Sully Station II,Week2,Laurel Hill,Week1,310.0 Sully Station II - 88.0 Laurel Hill
Sully Station II,Week4,Cottontail,Week2,281.0 Sully Station II - 121.0 Cottontail
Sully Station,Week1,Truro,Week1,279.0 Sully Station - 123.0 Truro
Sully Station II,Week1,Laurel Hill,Week2,308.0 Sully Station II - 94.0 Laurel Hill
Sully Station II,Week1,Country Club Hills,Week3,273.0 Sully Station II - 129.0 Country Club Hills
Sully Station II,Week2,Sleepy Hollow Rec,Week4,330.0 Sully Station II - 72.0 Sleepy Hollow Rec
Sully Station II,Week3,Pinecrest,Week5,203.0 Sully Station II - 199.0 Pinecrest
Sully Station,Week5,Poplar Heights,Week1,273.0 Sully Station - 129.0 Poplar Heights
Sully Station II,Week5,Sleepy Hollow Rec,Week2,338.5 Sully Station II - 63.5 Sleepy Hollow Rec
Sully Station II,Week4,Sleepy Hollow Rec,Week5,294.0 Sully Station II - 108.0 Sleepy Hollow Rec
Sully Station II,Week1,Laurel Hill,Week4,293.0 Sully Station II - 108.0 Laurel Hill
Sully Station II,Week3,Truro,Week1,313.0 Sully Station II - 89.0 Truro
Sully Station,Week3,Truro,Week5,277.0 Sully Station - 125.0 Truro
Truro,Week3,Chesterbrook,Week5,374.0 Chesterbrook - 28.0 Truro
Sully Station II,Week5,Truro,Week4,311.0 Sully Station II - 91.0 Truro
Sully Station II,Week4,Sleepy Hollow Rec,Week2,297.0 Sully Station II - 105.0 Sleepy Hollow Rec
Sully Station,Week4,Truro,Week2,312.0 Sully Station - 89.0 Truro
Sully Station II,Week5,Truro,Week2,329.0 Sully Station II - 73.0 Truro
Sully Station II,Week3,Pinecrest,Week2,202.0 Pinecrest - 200.0 Sully Station II
Sully Station II,Week1,Somerset-Olde Creek,Week1,328.0 Sully Station II - 72.0 Somerset-Olde Creek
Sully Station II,Week5,Laurel Hill,Week4,327.0 Sully Station II - 75.0 Laurel Hill
Sully Station II,Week5,Cottontail,Week3,317.5 Sully Station II - 84.5 Cottontail
Truro,Week3,Chesterbrook,Week4,375.0 Chesterbrook - 27.0 Truro
Sully Station II,Week5,Cottontail,Week2,324.0 Sully Station II - 78.0 Cottontail
Sully Station II,Week3,Laurel Hill,Week3,316.0 Sully Station II - 85.0 Laurel Hill
Sully Station II,Week2,Tuckahoe,Week2,290.5 Tuckahoe - 111.5 Sully Station II
Sully Station II,Week2,Cottontail,Week1,292.0 Sully Station II - 110.0 Cottontail
Sully Station II,Week1,Somerset-Olde Creek,Week4,315.0 Sully Station II - 87.0 Somerset-Olde Creek
Truro,Week2,Chesterbrook,Week1,358.0 Chesterbrook - 43.0 Truro
Sully Station II,Week3,Sleepy Hollow Rec,Week3,324.0 Sully Station II - 78.0 Sleepy Hollow Rec
Sully Station II,Week3,Truro,Week5,308.0 Sully Station II - 94.0 Truro
Sully Station II,Week2,Cottontail,Week4,298.0 Sully Station II - 104.0 Cottontail
Sully Station II,Week1,Pinewood Lake,Week2,363.0 Sully Station II - 36.0 Pinewood Lake
Sully Station II,Week5,Sleepy Hollow Rec,Week4,345.0 Sully Station II - 57.0 Sleepy Hollow Rec
Sully Station II,Week1,Country Club Hills,Week1,264.0 Sully Station II - 138.0 Country Club Hills
Sully Station II,Week2,Tuckahoe,Week1,283.0 Tuckahoe - 119.0 Sully Station II
Sully Station,Week5,Truro,Week1,291.0 Sully Station - 111.0 Truro
Sully Station,Week2,Truro,Week2,302.0 Sully Station - 95.0 Truro
Sully Station II,Week3,Lee Graham,Week1,204.0 Lee Graham - 198.0 Sully Station II
Sully Station II,Week1,Pinewood Lake,Week5,353.0 Sully Station II - 44.0 Pinewood Lake
Sully Station II,Week2,Tuckahoe,Week4,301.0 Tuckahoe - 101.0 Sully Station II
Sully Station,Week4,Truro,Week4,287.0 Sully Station - 115.0 Truro
Sully Station II,Week3,Laurel Hill,Week4,324.0 Sully Station II - 78.0 Laurel Hill
Sully Station II,Week3,Truro,Week2,323.0 Sully Station II - 79.0 Truro
Sully Station II,Week3,Sleepy Hollow Rec,Week2,330.0 Sully Station II - 72.0 Sleepy Hollow Rec
Sully Station II,Week4,Laurel Hill,Week1,293.0 Sully Station II - 108.0 Laurel Hill
Sully Station II,Week2,Pinewood Lake,Week1,368.0 Sully Station II - 29.0 Pinewood Lake
Sully Station II,Week5,Pinecrest,Week5,209.5 Sully Station II - 192.5 Pinecrest
Sully Station II,Week4,Sleepy Hollow Rec,Week1,290.0 Sully Station II - 112.0 Sleepy Hollow Rec
Sully Station II,Week1,Little Rocky Run,Week1,236.0 Little Rocky Run - 166.0 Sully Station II
Sully Station II,Week4,Truro,Week3,289.0 Sully Station II - 113.0 Truro
Truro,Week4,Cardinal Hill,Week3,303.0 Cardinal Hill - 99.0 Truro
Sully Station II,Week3,Cottontail,Week4,310.0 Sully Station II - 92.0 Cottontail
Truro,Week5,Cardinal Hill,Week3,306.0 Cardinal Hill - 96.0 Truro
Sully Station II,Week1,Cottontail,Week5,248.0 Sully Station II - 154.0 Cottontail
Sully Station II,Week2,Lee Graham,Week4,217.0 Lee Graham - 185.0 Sully Station II
Sully Station II,Week2,Somerset-Olde Creek,Week1,340.0 Sully Station II - 60.0 Somerset-Olde Creek
Truro,Week1,Chesterbrook,Week1,353.0 Chesterbrook - 49.0 Truro
Sully Station II,Week1,Little Hunting Park,Week2,279.0 Sully Station II - 122.0 Little Hunting Park
Sully Station II,Week4,Laurel Hill,Week5,262.0 Sully Station II - 140.0 Laurel Hill
Truro,Week1,Chesterbrook,Week3,364.5 Chesterbrook - 37.5 Truro
Sully Station,Week5,Sully Station II,Week1,221.0 Sully Station - 181.0 Sully Station II
Sully Station II,Week3,Truro,Week4,300.0 Sully Station II - 102.0 Truro
Sully Station II,Week2,Pinewood Lake,Week2,376.0 Sully Station II - 24.0 Pinewood Lake
Sully Station,Week4,Truro,Week3,304.0 Sully Station - 98.0 Truro
Sully Station,Week4,Truro,Week5,287.0 Sully Station - 115.0 Truro
Truro,Week1,Chesterbrook,Week5,367.0 Chesterbrook - 35.0 Truro
Truro,Week1,Chesterbrook,Week4,366.0 Chesterbrook - 36.0 Truro
Sully Station,Week2,Truro,Week3,280.0 Sully Station - 122.0 Truro
Sully Station II,Week2,Somerset-Olde Creek,Week4,330.0 Sully Station II - 72.0 Somerset-Olde Creek
Sully Station II,Week2,Little Hunting Park,Week4,291.0 Sully Station II - 111.0 Little Hunting Park
Sully Station II,Week2,Somerset-Olde Creek,Week2,347.0 Sully Station II - 54.0 Somerset-Olde Creek
Sully Station II,Week2,Somerset-Olde Creek,Week3,341.0 Sully Station II - 60.0 Somerset-Olde Creek
Sully Station II,Week4,Cottontail,Week3,270.5 Sully Station II - 131.5 Cottontail
Sully Station,Week5,Truro,Week2,319.0 Sully Station - 83.0 Truro
Truro,Week3,Chesterbrook,Week3,374.0 Chesterbrook - 28.0 Truro
Sully Station II,Week4,Lee Graham,Week3,267.0 Lee Graham - 135.0 Sully Station II
Sully Station II,Week4,Lee Graham,Week5,254.0 Lee Graham - 148.0 Sully Station II
Sully Station II,Week5,Truro,Week1,312.0 Sully Station II - 90.0 Truro
Sully Station,Week1,Truro,Week5,283.0 Sully Station - 118.0 Truro
Truro,Week3,Chesterbrook,Week2,371.0 Chesterbrook - 31.0 Truro
Sully Station II,Week5,Little Hunting Park,Week4,311.0 Sully Station II - 91.0 Little Hunting Park
Sully Station II,Week1,Tuckahoe,Week4,318.5 Tuckahoe - 83.5 Sully Station II
Truro,Week4,Chesterbrook,Week1,351.0 Chesterbrook - 51.0 Truro
Sully Station II,Week4,Truro,Week2,292.0 Sully Station II - 110.0 Truro
Sully Station,Week3,Truro,Week1,270.0 Sully Station - 132.0 Truro
Sully Station II,Week1,Country Club Hills,Week2,266.0 Sully Station II - 136.0 Country Club Hills
Sully Station II,Week2,Little Rocky Run,Week1,206.0 Little Rocky Run - 196.0 Sully Station II
Sully Station II,Week2,Country Club Hills,Week2,296.0 Sully Station II - 106.0 Country Club Hills
Sully Station II,Week1,Tuckahoe,Week3,310.0 Tuckahoe - 92.0 Sully Station II
Sully Station II,Week4,Laurel Hill,Week4,290.0 Sully Station II - 112.0 Laurel Hill
Sully Station II,Week2,Cottontail,Week5,280.0 Sully Station II - 122.0 Cottontail
Sully Station II,Week3,Tuckahoe,Week1,268.0 Tuckahoe - 134.0 Sully Station II
Sully Station II,Week3,Somerset-Olde Creek,Week3,341.0 Sully Station II - 56.0 Somerset-Olde Creek
Sully Station II,Week2,Little Hunting Park,Week2,294.0 Sully Station II - 107.0 Little Hunting Park
Sully Station II,Week1,Lee Graham,Week4,247.5 Lee Graham - 154.5 Sully Station II
Sully Station II,Week5,Laurel Hill,Week5,308.0 Sully Station II - 94.0 Laurel Hill
Sully Station II,Week3,Tuckahoe,Week2,280.0 Tuckahoe - 122.0 Sully Station II
Sully Station II,Week2,Country Club Hills,Week1,296.0 Sully Station II - 106.0 Country Club Hills
Sully Station II,Week1,Little Hunting Park,Week5,263.0 Sully Station II - 137.0 Little Hunting Park
Sully Station,Week4,Sully Station II,Week5,249.5 Sully Station II - 152.5 Sully Station
Sully Station,Week5,Sully Station II,Week4,225.0 Sully Station - 177.0 Sully Station II
Truro,Week2,Chesterbrook,Week3,380.0 Chesterbrook - 22.0 Truro
Sully Station II,Week2,Truro,Week5,305.0 Sully Station II - 97.0 Truro
Sully Station,Week1,Truro,Week2,309.0 Sully Station - 89.0 Truro
Sully Station II,Week4,Country Club Hills,Week4,266.0 Sully Station II - 136.0 Country Club Hills
Sully Station II,Week4,Somerset-Olde Creek,Week1,330.0 Sully Station II - 72.0 Somerset-Olde Creek
Sully Station II,Week3,Little Hunting Park,Week4,298.0 Sully Station II - 104.0 Little Hunting Park
Sully Station II,Week2,Somerset-Olde Creek,Week5,331.0 Sully Station II - 70.0 Somerset-Olde Creek
Sully Station II,Week3,Cottontail,Week1,296.0 Sully Station II - 106.0 Cottontail
Sully Station II,Week5,Laurel Hill,Week3,318.0 Sully Station II - 84.0 Laurel Hill
Sully Station II,Week5,Lee Graham,Week3,209.0 Lee Graham - 193.0 Sully Station II
Sully Station,Week3,Truro,Week2,293.0 Sully Station - 108.0 Truro
Sully Station II,Week3,Little Hunting Park,Week2,310.0 Sully Station II - 92.0 Little Hunting Park
Truro,Week2,Chesterbrook,Week4,381.0 Chesterbrook - 21.0 Truro
Truro,Week4,Chesterbrook,Week5,366.0 Chesterbrook - 36.0 Truro
Sully Station II,Week3,Somerset-Olde Creek,Week5,326.0 Sully Station II - 76.0 Somerset-Olde Creek
Truro,Week4,Chesterbrook,Week3,370.0 Chesterbrook - 32.0 Truro
Sully Station II,Week4,Truro,Week5,281.0 Sully Station II - 121.0 Truro
Sully Station II,Week3,Tuckahoe,Week5,279.0 Tuckahoe - 123.0 Sully Station II
Sully Station II,Week4,Cottontail,Week1,265.0 Sully Station II - 137.0 Cottontail
Sully Station II,Week2,Little Hunting Park,Week1,292.0 Sully Station II - 110.0 Little Hunting Park
Sully Station,Week1,Tuckahoe,Week4,309.0 Tuckahoe - 93.0 Sully Station
Sully Station II,Week4,Somerset-Olde Creek,Week4,327.0 Sully Station II - 75.0 Somerset-Olde Creek
Truro,Week5,Chesterbrook,Week2,360.0 Chesterbrook - 42.0 Truro
Truro,Week2,Commonwealth,Week3,245.0 Commonwealth - 148.0 Truro
Sully Station II,Week4,Somerset-Olde Creek,Week5,303.0 Sully Station II - 99.0 Somerset-Olde Creek
Sully Station II,Week1,Lee Graham,Week5,258.0 Lee Graham - 144.0 Sully Station II
Sully Station II,Week4,Somerset-Olde Creek,Week3,331.0 Sully Station II - 71.0 Somerset-Olde Creek
Sully Station II,Week3,Cottontail,Week3,308.5 Sully Station II - 93.5 Cottontail
Sully Station II,Week3,Lee Graham,Week4,215.0 Lee Graham - 187.0 Sully Station II
Sully Station II,Week4,Somerset-Olde Creek,Week2,336.0 Sully Station II - 66.0 Somerset-Olde Creek
Truro,Week1,Commonwealth,Week1,241.0 Truro - 161.0 Commonwealth
Sully Station II,Week4,Little Hunting Park,Week5,255.0 Sully Station II - 146.0 Little Hunting Park
Sully Station II,Week4,Little Hunting Park,Week4,275.0 Sully Station II - 127.0 Little Hunting Park
Truro,Week1,Commonwealth,Week2,217.0 Commonwealth - 185.0 Truro
Sully Station II,Week4,Tuckahoe,Week3,321.0 Tuckahoe - 81.0 Sully Station II
Sully Station II,Week3,Cottontail,Week2,313.0 Sully Station II - 89.0 Cottontail
Sully Station II,Week2,Cottontail,Week3,299.0 Sully Station II - 103.0 Cottontail
Sully Station II,Week3,Lee Graham,Week3,221.0 Lee Graham - 181.0 Sully Station II
Sully Station,Week5,Truro,Week4,284.0 Sully Station - 118.0 Truro
Sully Station II,Week4,Tuckahoe,Week1,300.0 Tuckahoe - 102.0 Sully Station II
Sully Station II,Week3,Tuckahoe,Week3,286.0 Tuckahoe - 116.0 Sully Station II
Sully Station II,Week5,Little Hunting Park,Week2,307.0 Sully Station II - 95.0 Little Hunting Park
Sully Station II,Week4,Laurel Hill,Week2,304.0 Sully Station II - 98.0 Laurel Hill
Sully Station,Week2,Tuckahoe,Week3,327.5 Tuckahoe - 74.5 Sully Station
Sully Station,Week5,Tuckahoe,Week4,296.0 Tuckahoe - 106.0 Sully Station
Truro,Week1,Commonwealth,Week4,217.0 Truro - 184.0 Commonwealth
Sully Station,Week1,Tuckahoe,Week2,283.0 Tuckahoe - 119.0 Sully Station
Sully Station II,Week2,Lee Graham,Week3,241.0 Lee Graham - 161.0 Sully Station II
Truro,Week1,Commonwealth,Week3,202.0 Commonwealth - 199.0 Truro
Sully Station II,Week2,Little Hunting Park,Week5,282.0 Sully Station II - 119.0 Little Hunting Park
Sully Station II,Week5,Little Hunting Park,Week3,321.0 Sully Station II - 81.0 Little Hunting Park
Sully Station II,Week5,Somerset-Olde Creek,Week4,344.0 Sully Station II - 58.0 Somerset-Olde Creek
Sully Station II,Week4,Cottontail,Week4,273.0 Sully Station II - 129.0 Cottontail
Sully Station II,Week3,Lee Graham,Week2,206.0 Lee Graham - 196.0 Sully Station II
Sully Station II,Week4,Tuckahoe,Week5,317.0 Tuckahoe - 85.0 Sully Station II
Sully Station,Week3,Tuckahoe,Week2,291.0 Tuckahoe - 111.0 Sully Station
Sully Station II,Week5,Cottontail,Week1,306.5 Sully Station II - 95.5 Cottontail
Sully Station II,Week5,Somerset-Olde Creek,Week2,352.0 Sully Station II - 50.0 Somerset-Olde Creek
Sully Station II,Week2,Vienna Aquatic,Week4,233.0 Vienna Aquatic - 169.0 Sully Station II
Sully Station II,Week2,Lee Graham,Week2,224.0 Lee Graham - 178.0 Sully Station II
Sully Station II,Week1,Little Hunting Park,Week4,278.5 Sully Station II - 123.5 Little Hunting Park
Sully Station II,Week5,Somerset-Olde Creek,Week1,354.0 Sully Station II - 48.0 Somerset-Olde Creek
Sully Station,Week3,Tuckahoe,Week5,306.0 Tuckahoe - 96.0 Sully Station
Truro,Week2,Commonwealth,Week1,199.0 Truro - 194.0 Commonwealth
Sully Station II,Week5,Cottontail,Week5,302.0 Sully Station II - 100.0 Cottontail
Sully Station II,Week4,Tuckahoe,Week2,318.0 Tuckahoe - 84.0 Sully Station II
Sully Station II,Week5,Little Hunting Park,Week5,292.0 Sully Station II - 110.0 Little Hunting Park
Sully Station,Week4,Tuckahoe,Week2,306.0 Tuckahoe - 96.0 Sully Station
Sully Station II,Week5,Somerset-Olde Creek,Week3,351.0 Sully Station II - 51.0 Somerset-Olde Creek
Sully Station II,Week3,Laurel Hill,Week5,299.0 Sully Station II - 103.0 Laurel Hill
Sully Station II,Week1,South Run,Week1,220.0 Sully Station II - 173.0 South Run
Truro,Week2,Commonwealth,Week2,255.0 Commonwealth - 145.0 Truro
Sully Station II,Week5,Somerset-Olde Creek,Week5,334.0 Sully Station II - 68.0 Somerset-Olde Creek
Sully Station II,Week3,Cottontail,Week5,294.0 Sully Station II - 108.0 Cottontail
Truro,Week3,Commonwealth,Week1,237.0 Truro - 165.0 Commonwealth
Sully Station,Week4,Tuckahoe,Week3,330.0 Tuckahoe - 72.0 Sully Station
Sully Station II,Week4,Little Hunting Park,Week2,271.0 Sully Station II - 131.0 Little Hunting Park
Sully Station II,Week3,Little Hunting Park,Week3,304.5 Sully Station II - 97.5 Little Hunting Park
Sully Station II,Week4,Vienna Aquatic,Week1,264.0 Vienna Aquatic - 138.0 Sully Station II
Sully Station,Week4,Tuckahoe,Week5,313.0 Tuckahoe - 89.0 Sully Station
Sully Station II,Week1,Little Hunting Park,Week3,274.0 Sully Station II - 127.0 Little Hunting Park
Sully Station II,Week3,Vienna Aquatic,Week4,215.0 Vienna Aquatic - 187.0 Sully Station II
Sully Station II,Week5,Laurel Hill,Week1,326.0 Sully Station II - 75.0 Laurel Hill
Sully Station II,Week4,Vienna Aquatic,Week4,250.0 Vienna Aquatic - 152.0 Sully Station II
Sully Station II,Week2,Cottontail,Week2,308.0 Sully Station II - 94.0 Cottontail
Sully Station II,Week4,Laurel Hill,Week3,284.5 Sully Station II - 117.5 Laurel Hill
Sully Station II,Week1,Country Club Hills,Week4,282.0 Sully Station II - 120.0 Country Club Hills
Truro,Week2,Commonwealth,Week5,236.0 Commonwealth - 161.0 Truro
Sully Station II,Week5,Cottontail,Week4,313.0 Sully Station II - 89.0 Cottontail
Truro,Week5,Chesterbrook,Week5,369.5 Chesterbrook - 32.5 Truro
Sully Station II,Week1,Lee Graham,Week2,242.5 Lee Graham - 159.5 Sully Station II
Sully Station,Week4,Tuckahoe,Week4,328.0 Tuckahoe - 74.0 Sully Station
Sully Station,Week1,Tuckahoe,Week3,317.0 Tuckahoe - 85.0 Sully Station
Sully Station,Week5,Tuckahoe,Week1,273.0 Tuckahoe - 129.0 Sully Station
Sully Station,Week2,Tuckahoe,Week1,288.0 Tuckahoe - 114.0 Sully Station
Sully Station II,Week3,Country Club Hills,Week2,316.0 Sully Station II - 86.0 Country Club Hills
Truro,Week5,Chesterbrook,Week4,365.0 Chesterbrook - 37.0 Truro
Sully Station II,Week1,Country Club Hills,Week5,251.0 Sully Station II - 151.0 Country Club Hills
Sully Station II,Week3,Vienna Aquatic,Week1,224.0 Vienna Aquatic - 178.0 Sully Station II
Sully Station II,Week2,Country Club Hills,Week3,299.0 Sully Station II - 103.0 Country Club Hills
Sully Station II,Week1,Vienna Woods,Week4,246.0 Vienna Woods - 156.0 Sully Station II
Sully Station II,Week1,Little Hunting Park,Week1,277.0 Sully Station II - 125.0 Little Hunting Park
Sully Station II,Week2,Little Hunting Park,Week3,293.0 Sully Station II - 108.0 Little Hunting Park
Sully Station II,Week4,Vienna Aquatic,Week5,276.0 Vienna Aquatic - 126.0 Sully Station II
Sully Station II,Week1,Lee Graham,Week3,264.0 Lee Graham - 138.0 Sully Station II
Truro,Week3,Commonwealth,Week4,207.0 Truro - 195.0 Commonwealth
Sully Station II,Week1,Vienna Woods,Week2,253.0 Vienna Woods - 149.0 Sully Station II
Sully Station II,Week4,Little Hunting Park,Week1,277.0 Sully Station II - 125.0 Little Hunting Park
Sully Station II,Week5,Vienna Aquatic,Week2,211.0 Vienna Aquatic - 191.0 Sully Station II
Truro,Week3,Commonwealth,Week2,238.0 Commonwealth - 164.0 Truro
Sully Station II,Week3,Little Hunting Park,Week1,312.0 Sully Station II - 90.0 Little Hunting Park
Sully Station,Week2,Tuckahoe,Week5,314.0 Tuckahoe - 88.0 Sully Station
Sully Station II,Week2,Country Club Hills,Week5,271.0 Sully Station II - 131.0 Country Club Hills
Sully Station II,Week5,Laurel Hill,Week2,336.0 Sully Station II - 66.0 Laurel Hill
Sully Station II,Week3,Laurel Hill,Week2,330.5 Sully Station II - 71.5 Laurel Hill
Truro,Week1,Commonwealth,Week5,206.0 Truro - 196.0 Commonwealth
Sully Station II,Week1,Lee Graham,Week1,236.0 Lee Graham - 166.0 Sully Station II
Sully Station II,Week2,Lee Graham,Week1,214.0 Lee Graham - 188.0 Sully Station II
Sully Station,Week1,Tuckahoe,Week5,299.0 Tuckahoe - 103.0 Sully Station
Sully Station II,Week3,Lee Graham,Week5,218.0 Lee Graham - 184.0 Sully Station II
Sully Station II,Week3,Country Club Hills,Week4,305.0 Sully Station II - 97.0 Country Club Hills
Sully Station II,Week4,Vienna Aquatic,Week3,263.5 Vienna Aquatic - 138.5 Sully Station II
Sully Station,Week2,Tuckahoe,Week2,292.0 Tuckahoe - 110.0 Sully Station
Truro,Week4,Commonwealth,Week1,221.0 Truro - 181.0 Commonwealth
Sully Station II,Week3,Little Hunting Park,Week5,287.5 Sully Station II - 114.5 Little Hunting Park
Sully Station II,Week1,Little Rocky Run,Week2,224.0 Little Rocky Run - 178.0 Sully Station II
Sully Station II,Week2,Lee Graham,Week5,227.5 Lee Graham - 174.5 Sully Station II
Sully Station II,Week1,Vienna Woods,Week1,263.0 Vienna Woods - 139.0 Sully Station II
Sully Station II,Week1,Little Rocky Run,Week3,246.0 Little Rocky Run - 156.0 Sully Station II
Sully Station II,Week4,Lee Graham,Week1,247.0 Lee Graham - 155.0 Sully Station II
Sully Station II,Week5,Tuckahoe,Week4,287.0 Tuckahoe - 115.0 Sully Station II
Truro,Week3,Commonwealth,Week5,221.0 Commonwealth - 181.0 Truro
Sully Station,Week2,Tuckahoe,Week4,326.0 Tuckahoe - 76.0 Sully Station
Sully Station II,Week4,Lee Graham,Week2,251.0 Lee Graham - 151.0 Sully Station II
Sully Station II,Week1,Vienna Aquatic,Week3,275.0 Vienna Aquatic - 127.0 Sully Station II
Sully Station II,Week4,Country Club Hills,Week1,271.0 Sully Station II - 131.0 Country Club Hills
Sully Station II,Week4,Country Club Hills,Week2,261.0 Sully Station II - 141.0 Country Club Hills
Sully Station,Week5,Tuckahoe,Week3,299.0 Tuckahoe - 103.0 Sully Station
Sully Station II,Week1,Little Rocky Run,Week5,255.0 Little Rocky Run - 147.0 Sully Station II
Sully Station II,Week3,Country Club Hills,Week5,293.0 Sully Station II - 109.0 Country Club Hills
Sully Station,Week5,Truro,Week3,299.0 Sully Station - 103.0 Truro
Truro,Week2,Commonwealth,Week4,212.0 Commonwealth - 186.0 Truro
Sully Station II,Week4,Country Club Hills,Week3,270.0 Sully Station II - 132.0 Country Club Hills
Truro,Week3,Commonwealth,Week3,216.0 Commonwealth - 186.0 Truro
Sully Station II,Week3,Country Club Hills,Week3,303.0 Sully Station II - 99.0 Country Club Hills
Sully Station II,Week5,Lee Graham,Week1,202.0 Sully Station II - 200.0 Lee Graham
Sully Station,Week3,Tuckahoe,Week1,289.5 Tuckahoe - 112.5 Sully Station
Sully Station II,Week3,Little Rocky Run,Week4,205.0 Little Rocky Run - 197.0 Sully Station II
Sully Station,Week4,Vienna Aquatic,Week3,231.0 Vienna Aquatic - 171.0 Sully Station
Sully Station II,Week5,Tuckahoe,Week3,285.0 Tuckahoe - 117.0 Sully Station II
Sully Station II,Week4,Little Hunting Park,Week3,283.0 Sully Station II - 119.0 Little Hunting Park
Sully Station II,Week2,Little Rocky Run,Week4,226.5 Little Rocky Run - 175.5 Sully Station II
Sully Station II,Week4,Lee Graham,Week4,256.0 Lee Graham - 146.0 Sully Station II
Sully Station II,Week5,Little Hunting Park,Week1,312.0 Sully Station II - 90.0 Little Hunting Park
Sully Station II,Week5,Lee Graham,Week2,202.0 Sully Station II - 200.0 Lee Graham
Sully Station II,Week1,Vienna Aquatic,Week2,260.0 Vienna Aquatic - 142.0 Sully Station II
Truro,Week4,Commonwealth,Week4,210.0 Truro - 192.0 Commonwealth
Sully Station II,Week4,Tuckahoe,Week4,322.0 Tuckahoe - 80.0 Sully Station II
Sully Station II,Week2,Crosspointe,Week5,213.0 Crosspointe - 189.0 Sully Station II
Sully Station,Week3,Tuckahoe,Week4,319.0 Tuckahoe - 83.0 Sully Station
Sully Station II,Week3,Country Club Hills,Week1,319.0 Sully Station II - 78.0 Country Club Hills
Truro,Week4,Commonwealth,Week2,217.0 Commonwealth - 185.0 Truro
Sully Station II,Week2,Country Club Hills,Week4,291.0 Sully Station II - 111.0 Country Club Hills
Sully Station II,Week2,Vienna Aquatic,Week1,238.0 Vienna Aquatic - 164.0 Sully Station II
Sully Station II,Week1,Little Rocky Run,Week4,243.0 Little Rocky Run - 159.0 Sully Station II
Truro,Week4,Commonwealth,Week3,204.0 Truro - 197.0 Commonwealth
Sully Station,Week3,Tuckahoe,Week3,321.0 Tuckahoe - 81.0 Sully Station
Sully Station,Week5,Tuckahoe,Week2,281.0 Tuckahoe - 121.0 Sully Station
Sully Station II,Week1,Vienna Aquatic,Week5,270.0 Vienna Aquatic - 132.0 Sully Station II
Sully Station II,Week2,Vienna Aquatic,Week3,251.0 Vienna Aquatic - 151.0 Sully Station II
Sully Station II,Week1,Lincolnia Park,Week5,295.0 Sully Station II - 98.0 Lincolnia Park
Sully Station II,Week5,Country Club Hills,Week4,313.0 Sully Station II - 89.0 Country Club Hills
Sully Station II,Week3,Little Rocky Run,Week2,209.0 Sully Station II - 193.0 Little Rocky Run
Sully Station II,Week3,Crosspointe,Week5,205.0 Crosspointe - 197.0 Sully Station II
Sully Station II,Week3,Vienna Aquatic,Week2,223.0 Vienna Aquatic - 179.0 Sully Station II
Sully Station,Week5,Truro,Week5,286.0 Sully Station - 116.0 Truro
Sully Station,Week1,Tuckahoe,Week1,277.0 Tuckahoe - 125.0 Sully Station
Sully Station II,Week3,Lincolnia Park,Week2,339.0 Sully Station II - 53.0 Lincolnia Park
Sully Station II,Week3,Crosspointe,Week1,210.0 Sully Station II - 192.0 Crosspointe
Sully Station II,Week1,Lincolnia Park,Week3,299.0 Sully Station II - 94.0 Lincolnia Park
Sully Station II,Week2,Lincolnia Park,Week3,313.0 Sully Station II - 80.0 Lincolnia Park
Sully Station II,Week1,Long Branch,Week5,256.0 Sully Station II - 146.0 Long Branch
Sully Station,Week4,Tuckahoe,Week1,291.5 Tuckahoe - 110.5 Sully Station
Sully Station II,Week3,Long Branch,Week2,307.0 Sully Station II - 95.0 Long Branch
Sully Station II,Week2,Little Rocky Run,Week3,236.5 Little Rocky Run - 165.5 Sully Station II
Sully Station II,Week1,Vienna Aquatic,Week1,272.0 Vienna Aquatic - 130.0 Sully Station II
Sully Station II,Week5,Lee Graham,Week5,212.0 Lee Graham - 190.0 Sully Station II
Sully Station II,Week2,Vienna Aquatic,Week2,242.0 Vienna Aquatic - 160.0 Sully Station II
Sully Station II,Week3,Crosspointe,Week2,230.0 Sully Station II - 172.0 Crosspointe
Sully Station,Week1,Great Falls,Week2,247.0 Sully Station - 137.0 Great Falls
Sully Station,Week5,Tuckahoe,Week5,293.0 Tuckahoe - 109.0 Sully Station
Sully Station II,Week3,Lincolnia Park,Week4,337.0 Sully Station II - 60.0 Lincolnia Park
Sully Station II,Week2,Long Branch,Week5,282.0 Sully Station II - 120.0 Long Branch
Sully Station II,Week1,Crosspointe,Week5,235.0 Crosspointe - 167.0 Sully Station II
Sully Station II,Week4,Little Rocky Run,Week3,272.0 Little Rocky Run - 130.0 Sully Station II
Sully Station,Week1,Vienna Aquatic,Week1,212.0 Vienna Aquatic - 190.0 Sully Station
Sully Station,Week1,Great Falls,Week5,248.0 Sully Station - 154.0 Great Falls
Sully Station II,Week2,Little Rocky Run,Week5,240.0 Little Rocky Run - 162.0 Sully Station II
Sully Station II,Week1,Lincolnia Park,Week4,315.0 Sully Station II - 86.0 Lincolnia Park
Sully Station II,Week5,Country Club Hills,Week5,286.0 Sully Station II - 116.0 Country Club Hills
Sully Station II,Week1,Crosspointe,Week2,212.0 Crosspointe - 190.0 Sully Station II
Sully Station,Week1,Vienna Aquatic,Week4,204.0 Vienna Aquatic - 198.0 Sully Station
Sully Station II,Week5,Tuckahoe,Week1,267.0 Tuckahoe - 135.0 Sully Station II
Sully Station II,Week3,Little Rocky Run,Week1,211.5 Sully Station II - 190.5 Little Rocky Run
Sully Station II,Week2,Long Branch,Week3,300.0 Sully Station II - 102.0 Long Branch
Sully Station,Week1,Great Falls,Week3,248.0 Sully Station - 154.0 Great Falls
Sully Station II,Week1,Lincolnia Park,Week2,323.0 Sully Station II - 65.0 Lincolnia Park
Sully Station,Week2,Vienna Aquatic,Week3,241.0 Vienna Aquatic - 161.0 Sully Station
Sully Station II,Week5,Tuckahoe,Week5,275.0 Tuckahoe - 127.0 Sully Station II
Sully Station,Week1,Vienna Aquatic,Week3,216.0 Vienna Aquatic - 186.0 Sully Station
Sully Station II,Week2,Lincolnia Park,Week1,349.0 Sully Station II - 53.0 Lincolnia Park
Sully Station II,Week5,Tuckahoe,Week2,275.0 Tuckahoe - 127.0 Sully Station II
Sully Station II,Week1,Crosspointe,Week3,210.0 Crosspointe - 192.0 Sully Station II
Sully Station II,Week1,Vienna Aquatic,Week4,240.0 Vienna Aquatic - 162.0 Sully Station II
Sully Station II,Week5,Country Club Hills,Week1,314.0 Sully Station II - 88.0 Country Club Hills
Sully Station II,Week2,Vienna Aquatic,Week5,267.0 Vienna Aquatic - 135.0 Sully Station II
Sully Station II,Week5,Lincolnia Park,Week1,356.0 Sully Station II - 46.0 Lincolnia Park
Sully Station II,Week4,Little Rocky Run,Week1,236.0 Little Rocky Run - 166.0 Sully Station II
Sully Station II,Week3,Lincolnia Park,Week5,319.0 Sully Station II - 74.0 Lincolnia Park
Sully Station II,Week3,Vienna Aquatic,Week3,232.0 Vienna Aquatic - 170.0 Sully Station II
Sully Station,Week2,Vienna Aquatic,Week4,210.0 Vienna Aquatic - 192.0 Sully Station
Sully Station,Week3,Vienna Aquatic,Week1,215.0 Vienna Aquatic - 187.0 Sully Station
Sully Station II,Week5,Country Club Hills,Week3,318.0 Sully Station II - 84.0 Country Club Hills
Sully Station II,Week4,Crosspointe,Week2,205.0 Crosspointe - 197.0 Sully Station II
Sully Station,Week3,Vienna Aquatic,Week2,220.0 Vienna Aquatic - 182.0 Sully Station
Sully Station II,Week2,Little Rocky Run,Week2,211.0 Little Rocky Run - 191.0 Sully Station II
Sully Station,Week3,Great Falls,Week3,233.0 Sully Station - 169.0 Great Falls
Sully Station II,Week3,Little Rocky Run,Week5,226.0 Little Rocky Run - 176.0 Sully Station II
Sully Station II,Week3,Vienna Aquatic,Week5,250.5 Vienna Aquatic - 151.5 Sully Station II
Sully Station II,Week2,Lincolnia Park,Week5,320.0 Sully Station II - 73.0 Lincolnia Park
Sully Station II,Week4,Crosspointe,Week1,222.0 Crosspointe - 180.0 Sully Station II
Sully Station,Week5,Great Falls,Week2,246.0 Sully Station - 138.0 Great Falls
Sully Station II,Week4,Crosspointe,Week3,214.0 Crosspointe - 188.0 Sully Station II
Sully Station,Week3,Great Falls,Week1,266.0 Sully Station - 136.0 Great Falls
Sully Station II,Week5,Lincolnia Park,Week5,328.0 Sully Station II - 65.0 Lincolnia Park
Sully Station,Week5,Great Falls,Week3,245.0 Sully Station - 157.0 Great Falls
Sully Station,Week2,Vienna Aquatic,Week5,265.0 Vienna Aquatic - 137.0 Sully Station
Sully Station,Week4,Great Falls,Week4,248.0 Sully Station - 154.0 Great Falls
Sully Station,Week4,Hiddenbrook,Week3,289.0 Sully Station - 113.0 Hiddenbrook
Sully Station II,Week5,Lincolnia Park,Week4,358.0 Sully Station II - 44.0 Lincolnia Park
Sully Station II,Week2,Long Branch,Week1,293.0 Sully Station II - 109.0 Long Branch
Sully Station II,Week4,Lincolnia Park,Week2,323.0 Sully Station II - 69.0 Lincolnia Park
Sully Station II,Week2,Crosspointe,Week4,214.0 Sully Station II - 188.0 Crosspointe
Sully Station II,Week5,Lincolnia Park,Week3,333.0 Sully Station II - 60.0 Lincolnia Park
Sully Station,Week2,Vienna Aquatic,Week1,215.0 Vienna Aquatic - 187.0 Sully Station
Sully Station,Week3,Vienna Aquatic,Week4,210.0 Vienna Aquatic - 192.0 Sully Station
Sully Station II,Week5,Little Rocky Run,Week2,228.0 Sully Station II - 174.0 Little Rocky Run
Sully Station II,Week3,Crosspointe,Week4,231.0 Sully Station II - 171.0 Crosspointe
Sully Station II,Week2,Crosspointe,Week2,218.0 Sully Station II - 184.0 Crosspointe
Sully Station,Week3,Great Falls,Week5,235.0 Sully Station - 167.0 Great Falls
Sully Station,Week1,Vienna Aquatic,Week2,212.0 Vienna Aquatic - 190.0 Sully Station
Sully Station II,Week5,Lincolnia Park,Week2,345.0 Sully Station II - 47.0 Lincolnia Park
Sully Station II,Week5,Little Rocky Run,Week4,210.0 Sully Station II - 192.0 Little Rocky Run
Sully Station,Week2,Great Falls,Week1,260.0 Sully Station - 142.0 Great Falls
Sully Station II,Week5,Vienna Aquatic,Week1,222.0 Vienna Aquatic - 180.0 Sully Station II
Sully Station,Week4,Great Falls,Week5,235.0 Sully Station - 167.0 Great Falls
Sully Station II,Week4,Country Club Hills,Week5,258.0 Sully Station II - 144.0 Country Club Hills
Sully Station,Week2,High Point Pool,Week2,202.0 High Point Pool - 200.0 Sully Station
Sully Station II,Week5,Vienna Aquatic,Week4,202.0 Vienna Aquatic - 200.0 Sully Station II
Sully Station II,Week5,Vienna Aquatic,Week3,209.0 Vienna Aquatic - 193.0 Sully Station II
Sully Station II,Week1,Long Branch,Week2,274.0 Sully Station II - 128.0 Long Branch
Sully Station II,Week5,Vienna Aquatic,Week5,236.0 Vienna Aquatic - 166.0 Sully Station II
Sully Station,Week3,Vienna Aquatic,Week3,227.0 Vienna Aquatic - 175.0 Sully Station
Sully Station II,Week4,Little Rocky Run,Week4,255.0 Little Rocky Run - 147.0 Sully Station II
Sully Station II,Week4,Vienna Aquatic,Week2,258.0 Vienna Aquatic - 144.0 Sully Station II
Sully Station II,Week4,Lincolnia Park,Week3,303.0 Sully Station II - 90.0 Lincolnia Park
Sully Station,Week5,Great Falls,Week4,259.0 Sully Station - 143.0 Great Falls
Sully Station II,Week5,Little Rocky Run,Week3,201.0 Little Rocky Run - 201.0 Sully Station II
Sully Station II,Week2,Vienna Woods,Week2,238.0 Vienna Woods - 164.0 Sully Station II
Sully Station,Week1,Vienna Aquatic,Week5,263.0 Vienna Aquatic - 139.0 Sully Station
Sully Station,Week2,Vienna Aquatic,Week2,215.0 Vienna Aquatic - 187.0 Sully Station
Sully Station II,Week2,Vienna Woods,Week4,226.5 Vienna Woods - 175.5 Sully Station II
Sully Station II,Week1,Crosspointe,Week4,216.0 Crosspointe - 186.0 Sully Station II
Sully Station II,Week3,Long Branch,Week1,296.0 Sully Station II - 106.0 Long Branch
Sully Station II,Week4,Vienna Woods,Week1,284.0 Vienna Woods - 118.0 Sully Station II
Sully Station II,Week5,Lee Graham,Week4,208.0 Lee Graham - 194.0 Sully Station II
Sully Station II,Week1,Vienna Woods,Week3,266.5 Vienna Woods - 135.5 Sully Station II
Sully Station II,Week2,Crosspointe,Week1,205.5 Sully Station II - 196.5 Crosspointe
Sully Station II,Week4,Lincolnia Park,Week1,335.0 Sully Station II - 67.0 Lincolnia Park
Sully Station II,Week1,Crosspointe,Week1,219.0 Crosspointe - 183.0 Sully Station II
Sully Station,Week2,Hiddenbrook,Week5,260.0 Sully Station - 142.0 Hiddenbrook
Sully Station,Week2,Hiddenbrook,Week3,272.0 Sully Station - 130.0 Hiddenbrook
Sully Station,Week3,Vienna Aquatic,Week5,260.5 Vienna Aquatic - 141.5 Sully Station
Sully Station,Week5,Great Falls,Week5,252.0 Sully Station - 150.0 Great Falls
Sully Station,Week1,High Point Pool,Week2,212.0 Sully Station - 190.0 High Point Pool
Sully Station II,Week5,Country Club Hills,Week2,300.0 Sully Station II - 102.0 Country Club Hills
Sully Station,Week1,Great Falls,Week4,252.0 Sully Station - 146.0 Great Falls
Sully Station II,Week5,Little Rocky Run,Week1,222.5 Sully Station II - 179.5 Little Rocky Run
Sully Station II,Week1,Lincolnia Park,Week1,334.0 Sully Station II - 68.0 Lincolnia Park
Sully Station II,Week3,Lincolnia Park,Week3,321.0 Sully Station II - 72.0 Lincolnia Park
Sully Station,Week5,Hiddenbrook,Week3,302.0 Sully Station - 100.0 Hiddenbrook
Sully Station II,Week2,Lincolnia Park,Week2,331.0 Sully Station II - 58.0 Lincolnia Park
Sully Station,Week5,Hiddenbrook,Week1,312.0 Sully Station - 90.0 Hiddenbrook
Sully Station,Week5,Great Falls,Week1,272.0 Sully Station - 130.0 Great Falls
Sully Station,Week4,Vienna Aquatic,Week5,274.0 Vienna Aquatic - 128.0 Sully Station
Sully Station,Week4,Vienna Aquatic,Week1,215.0 Vienna Aquatic - 187.0 Sully Station
Sully Station II,Week2,Crosspointe,Week3,226.0 Sully Station II - 176.0 Crosspointe
Sully Station,Week4,Great Falls,Week2,244.0 Sully Station - 140.0 Great Falls
Sully Station,Week4,Vienna Aquatic,Week2,220.5 Vienna Aquatic - 181.5 Sully Station
Sully Station II,Week5,Crosspointe,Week4,234.0 Sully Station II - 168.0 Crosspointe
Sully Station II,Week1,Long Branch,Week1,268.0 Sully Station II - 134.0 Long Branch
Sully Station,Week2,Hiddenbrook,Week4,281.0 Sully Station - 121.0 Hiddenbrook
Sully Station,Week4,Great Falls,Week1,268.0 Sully Station - 134.0 Great Falls
Sully Station II,Week1,Long Branch,Week4,267.0 Sully Station II - 135.0 Long Branch
Sully Station II,Week2,Lincolnia Park,Week4,333.0 Sully Station II - 69.0 Lincolnia Park
Sully Station II,Week4,Daventry,Week2,315.0 Sully Station II - 87.0 Daventry
Sully Station II,Week2,Long Branch,Week2,299.0 Sully Station II - 103.0 Long Branch
Sully Station II,Week4,Lincolnia Park,Week4,338.0 Sully Station II - 64.0 Lincolnia Park
Sully Station,Week3,Hiddenbrook,Week4,286.0 Sully Station - 116.0 Hiddenbrook
Sully Station,Week3,Great Falls,Week4,247.0 Sully Station - 155.0 Great Falls
Sully Station II,Week3,Vienna Woods,Week4,231.0 Vienna Woods - 171.0 Sully Station II
Sully Station II,Week3,Crosspointe,Week3,235.0 Sully Station II - 167.0 Crosspointe
Sully Station II,Week4,Vienna Woods,Week3,299.0 Vienna Woods - 103.0 Sully Station II
Sully Station II,Week4,Vienna Woods,Week2,276.0 Vienna Woods - 126.0 Sully Station II
Sully Station,Week4,Vienna Aquatic,Week4,221.0 Vienna Aquatic - 181.0 Sully Station
Sully Station II,Week5,Little Rocky Run,Week5,215.0 Little Rocky Run - 187.0 Sully Station II
Sully Station II,Week4,Vienna Woods,Week4,272.0 Vienna Woods - 130.0 Sully Station II
Sully Station II,Week5,High Point Pool,Week5,255.0 Sully Station II - 147.0 High Point Pool
Sully Station,Week2,Great Falls,Week3,226.0 Sully Station - 171.0 Great Falls
Sully Station,Week2,Great Falls,Week4,247.0 Sully Station - 150.0 Great Falls
Sully Station II,Week2,Long Branch,Week4,296.0 Sully Station II - 106.0 Long Branch
Sully Station II,Week4,Highland Park,Week4,207.0 Sully Station II - 195.0 Highland Park
Sully Station,Week2,Vienna Woods,Week2,232.0 Vienna Woods - 170.0 Sully Station
Sully Station,Week1,Great Falls,Week1,275.5 Sully Station - 125.5 Great Falls
Sully Station,Week4,Hiddenbrook,Week2,345.0 Sully Station - 57.0 Hiddenbrook
Sully Station II,Week3,Little Rocky Run,Week3,214.0 Little Rocky Run - 188.0 Sully Station II
Sully Station,Week2,Hiddenbrook,Week2,310.0 Sully Station - 87.0 Hiddenbrook
Sully Station,Week2,Great Falls,Week2,248.5 Sully Station - 135.5 Great Falls
Sully Station,Week5,Vienna Aquatic,Week3,214.0 Vienna Aquatic - 188.0 Sully Station
Sully Station,Week3,Vienna Woods,Week1,233.0 Vienna Woods - 169.0 Sully Station
Sully Station,Week2,Vienna Woods,Week1,234.0 Vienna Woods - 168.0 Sully Station
Sully Station II,Week5,High Point Pool,Week2,244.0 Sully Station II - 158.0 High Point Pool
Sully Station II,Week1,Daventry,Week1,317.0 Sully Station II - 85.0 Daventry
Sully Station,Week1,Vienna Woods,Week2,226.0 Vienna Woods - 176.0 Sully Station
Sully Station II,Week3,Daventry,Week2,347.0 Sully Station II - 55.0 Daventry
Sully Station,Week3,Hiddenbrook,Week5,259.0 Sully Station - 143.0 Hiddenbrook
Sully Station,Week5,Hiddenbrook,Week2,342.0 Sully Station - 60.0 Hiddenbrook
Sully Station II,Week5,Vienna Woods,Week5,249.0 Vienna Woods - 153.0 Sully Station II
Sully Station,Week4,Hiddenbrook,Week5,277.0 Sully Station - 125.0 Hiddenbrook
Sully Station II,Week3,Long Branch,Week4,312.0 Sully Station II - 90.0 Long Branch
Sully Station II,Week5,Daventry,Week2,350.5 Sully Station II - 51.5 Daventry
Sully Station II,Week4,Little Rocky Run,Week5,273.0 Little Rocky Run - 129.0 Sully Station II
Sully Station II,Week3,Daventry,Week4,357.0 Sully Station II - 45.0 Daventry
Sully Station II,Week5,High Point Pool,Week4,234.0 Sully Station II - 168.0 High Point Pool
Sully Station II,Week3,Vienna Woods,Week1,243.0 Vienna Woods - 159.0 Sully Station II
Sully Station,Week4,Great Falls,Week3,238.0 Sully Station - 164.0 Great Falls
Sully Station II,Week3,Lincolnia Park,Week1,344.0 Sully Station II - 58.0 Lincolnia Park
Sully Station II,Week3,Long Branch,Week3,305.0 Sully Station II - 97.0 Long Branch
Sully Station II,Week4,Little Rocky Run,Week2,247.0 Little Rocky Run - 155.0 Sully Station II
Sully Station,Week4,Hiddenbrook,Week1,306.0 Sully Station - 96.0 Hiddenbrook
Sully Station,Week2,Great Falls,Week5,239.0 Sully Station - 158.0 Great Falls
Sully Station II,Week1,Villa Aquatic,Week3,242.0 Sully Station II - 160.0 Villa Aquatic
Sully Station II,Week1,Long Branch,Week3,270.0 Sully Station II - 132.0 Long Branch
Sully Station II,Week4,Lincolnia Park,Week5,306.0 Sully Station II - 87.0 Lincolnia Park
Sully Station II,Week1,Villa Aquatic,Week1,263.0 Sully Station II - 139.0 Villa Aquatic
Sully Station II,Week5,Daventry,Week4,356.0 Sully Station II - 46.0 Daventry
Sully Station II,Week5,Vienna Woods,Week2,224.0 Vienna Woods - 178.0 Sully Station II
Sully Station,Week1,Vienna Woods,Week4,215.0 Vienna Woods - 187.0 Sully Station
Sully Station II,Week4,Vienna Woods,Week5,307.0 Vienna Woods - 95.0 Sully Station II
Sully Station,Week3,Hiddenbrook,Week1,296.0 Sully Station - 106.0 Hiddenbrook
Sully Station,Week5,Vienna Aquatic,Week5,240.0 Vienna Aquatic - 162.0 Sully Station
Sully Station,Week3,Great Falls,Week2,240.0 Sully Station - 144.0 Great Falls
Sully Station II,Week4,Highland Park,Week1,208.0 Sully Station II - 194.0 Highland Park
Sully Station II,Week3,Vienna Woods,Week2,227.0 Vienna Woods - 175.0 Sully Station II
Sully Station II,Week4,Daventry,Week1,324.0 Sully Station II - 78.0 Daventry
Sully Station II,Week3,Daventry,Week3,346.0 Sully Station II - 55.0 Daventry
Sully Station,Week1,Vienna Woods,Week3,232.0 Vienna Woods - 170.0 Sully Station
Sully Station II,Week2,Dominion Hills,Week1,297.0 Sully Station II - 105.0 Dominion Hills
Sully Station,Week5,Fox Mill Woods,Week5,208.0 Sully Station - 194.0 Fox Mill Woods
Sully Station,Week3,Hiddenbrook,Week2,314.0 Sully Station - 88.0 Hiddenbrook
Sully Station II,Week4,Long Branch,Week5,255.0 Sully Station II - 147.0 Long Branch
Sully Station II,Week1,Highlands Swim,Week1,271.0 Highlands Swim - 131.0 Sully Station II
Sully Station,Week1,Vienna Woods,Week5,255.0 Vienna Woods - 147.0 Sully Station
Sully Station II,Week1,Villa Aquatic,Week4,250.0 Sully Station II - 152.0 Villa Aquatic
Sully Station II,Week2,Daventry,Week3,343.0 Sully Station II - 59.0 Daventry
Sully Station II,Week5,Vienna Woods,Week4,203.0 Vienna Woods - 199.0 Sully Station II
Sully Station II,Week2,Highland Park,Week4,242.0 Sully Station II - 160.0 Highland Park
Sully Station,Week5,Vienna Aquatic,Week2,208.0 Sully Station - 194.0 Vienna Aquatic
Sully Station II,Week2,Mansion House,Week3,241.0 Sully Station II - 161.0 Mansion House
Sully Station,Week4,Hiddenbrook,Week4,295.0 Sully Station - 107.0 Hiddenbrook
Sully Station II,Week4,Long Branch,Week4,276.0 Sully Station II - 126.0 Long Branch
Sully Station,Week5,Hiddenbrook,Week5,296.0 Sully Station - 106.0 Hiddenbrook
Sully Station II,Week4,Highland Park,Week2,223.0 Sully Station II - 179.0 Highland Park
Sully Station,Week5,Hiddenbrook,Week4,307.0 Sully Station - 95.0 Hiddenbrook
Sully Station,Week2,Vienna Woods,Week3,244.0 Vienna Woods - 158.0 Sully Station
Sully Station II,Week1,Highlands Swim,Week3,269.5 Highlands Swim - 132.5 Sully Station II
Sully Station II,Week4,Mansion House,Week2,217.0 Sully Station II - 185.0 Mansion House
Sully Station II,Week3,Vienna Woods,Week5,261.0 Vienna Woods - 141.0 Sully Station II
Sully Station II,Week1,Dominion Hills,Week4,231.0 Sully Station II - 171.0 Dominion Hills
Sully Station,Week1,High Point Pool,Week1,229.0 Sully Station - 173.0 High Point Pool
Sully Station II,Week3,Long Branch,Week5,295.0 Sully Station II - 107.0 Long Branch
Sully Station,Week3,Hiddenbrook,Week3,277.0 Sully Station - 125.0 Hiddenbrook
Sully Station II,Week2,Villa Aquatic,Week2,282.0 Sully Station II - 120.0 Villa Aquatic
Sully Station II,Week1,Daventry,Week2,319.0 Sully Station II - 83.0 Daventry
Sully Station II,Week5,Vienna Woods,Week3,235.0 Vienna Woods - 167.0 Sully Station II
Sully Station II,Week5,Long Branch,Week5,304.0 Sully Station II - 98.0 Long Branch
Sully Station,Week1,High Point Pool,Week3,230.0 Sully Station - 172.0 High Point Pool
Sully Station II,Week5,Long Branch,Week3,320.0 Sully Station II - 82.0 Long Branch
Sully Station II,Week5,Long Branch,Week1,307.0 Sully Station II - 95.0 Long Branch
Sully Station II,Week2,Daventry,Week4,353.0 Sully Station II - 49.0 Daventry
Sully Station II,Week2,Villa Aquatic,Week1,275.0 Sully Station II - 127.0 Villa Aquatic
Sully Station,Week2,Vienna Woods,Week4,216.0 Vienna Woods - 181.0 Sully Station
Sully Station II,Week1,Villa Aquatic,Week5,237.0 Sully Station II - 165.0 Villa Aquatic
Sully Station,Week1,High Point Pool,Week4,212.0 Sully Station - 190.0 High Point Pool
Sully Station II,Week5,Crosspointe,Week1,216.0 Sully Station II - 186.0 Crosspointe
Sully Station II,Week5,Mansion House,Week1,276.0 Sully Station II - 126.0 Mansion House
Sully Station,Week5,Vienna Aquatic,Week4,204.0 Sully Station - 198.0 Vienna Aquatic
Sully Station II,Week2,Highland Park,Week3,251.0 Sully Station II - 151.0 Highland Park
Sully Station II,Week1,Highlands Swim,Week5,283.0 Highlands Swim - 119.0 Sully Station II
Sully Station,Week1,Vienna Woods,Week1,229.0 Vienna Woods - 173.0 Sully Station
Sully Station II,Week4,Crosspointe,Week5,245.0 Crosspointe - 157.0 Sully Station II
Sully Station II,Week1,Daventry,Week3,313.0 Sully Station II - 88.0 Daventry
Sully Station,Week1,High Point Pool,Week5,211.0 Sully Station - 191.0 High Point Pool
Sully Station II,Week2,Vienna Woods,Week1,249.0 Vienna Woods - 153.0 Sully Station II
Sully Station,Week5,Vienna Aquatic,Week1,209.0 Sully Station - 193.0 Vienna Aquatic
Sully Station II,Week5,High Point Pool,Week3,243.0 Sully Station II - 159.0 High Point Pool
Sully Station II,Week1,Highland Park,Week3,227.0 Sully Station II - 175.0 Highland Park
Sully Station II,Week2,Vienna Woods,Week3,261.0 Vienna Woods - 141.0 Sully Station II
Sully Station II,Week5,Vienna Woods,Week1,234.0 Vienna Woods - 168.0 Sully Station II
Sully Station II,Week3,Highland Park,Week2,270.0 Sully Station II - 132.0 Highland Park
Sully Station II,Week3,Daventry,Week5,331.0 Sully Station II - 71.0 Daventry
Sully Station II,Week4,Long Branch,Week2,252.0 Sully Station II - 150.0 Long Branch
Sully Station II,Week3,Village West,Week2,330.0 Sully Station II - 72.0 Village West
Sully Station II,Week1,Highland Park,Week1,218.0 Sully Station II - 184.0 Highland Park
Sully Station II,Week2,Highland Park,Week5,243.0 Sully Station II - 159.0 Highland Park
Sully Station,Week2,High Point Pool,Week1,211.0 Sully Station - 191.0 High Point Pool
Sully Station II,Week1,Vienna Woods,Week5,280.0 Vienna Woods - 122.0 Sully Station II
Sully Station II,Week1,Highland Park,Week2,227.0 Sully Station II - 175.0 Highland Park
Sully Station II,Week5,Long Branch,Week2,310.0 Sully Station II - 92.0 Long Branch
Sully Station II,Week5,Crosspointe,Week2,244.0 Sully Station II - 158.0 Crosspointe
Sully Station,Week2,Vienna Woods,Week5,266.0 Vienna Woods - 136.0 Sully Station
Sully Station II,Week4,High Point Pool,Week5,204.0 High Point Pool - 198.0 Sully Station II
Sully Station II,Week4,Long Branch,Week3,275.0 Sully Station II - 127.0 Long Branch
Sully Station II,Week5,Crosspointe,Week3,230.0 Sully Station II - 172.0 Crosspointe
Sully Station II,Week3,Highland Park,Week3,266.0 Sully Station II - 136.0 Highland Park
Sully Station II,Week1,Daventry,Week5,295.0 Sully Station II - 107.0 Daventry
Sully Station II,Week1,Villa Aquatic,Week2,261.0 Sully Station II - 141.0 Villa Aquatic
Sully Station II,Week1,Mansion House,Week1,219.0 Sully Station II - 183.0 Mansion House
Sully Station II,Week2,Vienna Woods,Week5,266.0 Vienna Woods - 136.0 Sully Station II
Sully Station,Week5,South Run,Week4,272.0 Sully Station - 130.0 South Run
Sully Station II,Week1,Highland Park,Week5,212.0 Sully Station II - 190.0 Highland Park
Sully Station II,Week2,Village West,Week1,315.0 Sully Station II - 87.0 Village West
Sully Station II,Week3,Vienna Woods,Week3,246.0 Vienna Woods - 156.0 Sully Station II
Sully Station,Week5,South Run,Week5,262.0 Sully Station - 140.0 South Run
Sully Station II,Week2,Daventry,Week5,322.0 Sully Station II - 80.0 Daventry
Sully Station II,Week2,Highland Park,Week1,245.0 Sully Station II - 157.0 Highland Park
Sully Station II,Week1,Mansion House,Week3,209.0 Sully Station II - 193.0 Mansion House
Sully Station,Week2,Springboard,Week3,308.0 Sully Station - 94.0 Springboard
Sully Station,Week1,Springboard,Week4,317.0 Sully Station - 85.0 Springboard
Sully Station II,Week3,Villa Aquatic,Week3,271.0 Sully Station II - 131.0 Villa Aquatic
Sully Station II,Week2,Daventry,Week1,336.0 Sully Station II - 66.0 Daventry
Sully Station,Week1,Springboard,Week1,323.0 Sully Station - 78.0 Springboard
Sully Station II,Week5,Crosspointe,Week5,205.0 Crosspointe - 197.0 Sully Station II
Sully Station,Week2,Springboard,Week4,309.0 Sully Station - 88.0 Springboard
Sully Station II,Week1,Highland Park,Week4,207.0 Sully Station II - 195.0 Highland Park
Sully Station II,Week3,Mansion House,Week2,270.0 Sully Station II - 132.0 Mansion House
Sully Station II,Week2,Highland Park,Week2,253.0 Sully Station II - 149.0 Highland Park
Sully Station II,Week4,Crosspointe,Week4,211.0 Crosspointe - 191.0 Sully Station II
Sully Station,Week4,Springboard,Week1,324.0 Sully Station - 78.0 Springboard
Sully Station II,Week2,Daventry,Week2,341.0 Sully Station II - 61.0 Daventry
Sully Station II,Week3,Mansion House,Week1,269.0 Sully Station II - 133.0 Mansion House
Sully Station II,Week2,Mansion House,Week2,247.0 Sully Station II - 155.0 Mansion House
Sully Station,Week3,Springboard,Week5,301.0 Sully Station - 100.0 Springboard
Sully Station,Week3,Springboard,Week1,312.0 Sully Station - 89.0 Springboard
Sully Station II,Week1,Mansion House,Week5,203.0 Sully Station II - 199.0 Mansion House
Sully Station II,Week2,Village West,Week5,309.0 Sully Station II - 93.0 Village West
Sully Station,Week4,Springboard,Week3,316.5 Sully Station - 85.5 Springboard
Sully Station II,Week3,Highland Park,Week5,267.0 Sully Station II - 135.0 Highland Park
Sully Station,Week4,Springboard,Week4,316.0 Sully Station - 86.0 Springboard
Sully Station II,Week5,Long Branch,Week4,318.0 Sully Station II - 84.0 Long Branch
Sully Station II,Week4,Long Branch,Week1,257.0 Sully Station II - 145.0 Long Branch
Sully Station II,Week1,Daventry,Week4,329.0 Sully Station II - 72.0 Daventry
Sully Station II,Week3,Highland Park,Week4,255.0 Sully Station II - 147.0 Highland Park
Sully Station II,Week1,Village West,Week1,297.0 Sully Station II - 105.0 Village West
Sully Station II,Week3,Highland Park,Week1,262.0 Sully Station II - 140.0 Highland Park
Sully Station II,Week2,Village West,Week2,310.0 Sully Station II - 92.0 Village West
Sully Station II,Week4,Daventry,Week4,334.0 Sully Station II - 68.0 Daventry
Sully Station,Week3,Springboard,Week3,310.0 Sully Station - 91.0 Springboard
Sully Station II,Week5,Daventry,Week1,355.0 Sully Station II - 47.0 Daventry
Sully Station II,Week3,Daventry,Week1,349.0 Sully Station II - 53.0 Daventry
Sully Station II,Week4,Daventry,Week5,301.0 Sully Station II - 101.0 Daventry
Sully Station,Week4,Springboard,Week2,339.0 Sully Station - 63.0 Springboard
Sully Station II,Week2,Village West,Week4,300.0 Sully Station II - 97.0 Village West
Sully Station II,Week3,Mansion House,Week5,253.0 Sully Station II - 149.0 Mansion House
Sully Station II,Week1,Village West,Week4,278.0 Sully Station II - 118.0 Village West
Sully Station II,Week5,High Point Pool,Week1,242.0 Sully Station II - 160.0 High Point Pool
Sully Station II,Week1,Mansion House,Week2,215.0 Sully Station II - 187.0 Mansion House
Sully Station II,Week4,Highland Park,Week3,222.0 Sully Station II - 180.0 Highland Park
Sully Station II,Week1,Mansion House,Week4,222.0 Sully Station II - 180.0 Mansion House
Sully Station II,Week5,Highland Park,Week2,277.0 Sully Station II - 125.0 Highland Park
Sully Station,Week1,Springboard,Week2,333.0 Sully Station - 68.0 Springboard
Sully Station II,Week4,Daventry,Week3,309.0 Sully Station II - 93.0 Daventry
Sully Station II,Week4,Mansion House,Week1,227.0 Sully Station II - 175.0 Mansion House
Sully Station II,Week4,Villa Aquatic,Week2,257.0 Sully Station II - 145.0 Villa Aquatic
Sully Station II,Week2,Villa Aquatic,Week4,267.0 Sully Station II - 135.0 Villa Aquatic
Sully Station II,Week5,Highland Park,Week4,264.0 Sully Station II - 138.0 Highland Park
Sully Station,Week2,Springboard,Week1,315.0 Sully Station - 87.0 Springboard
Sully Station,Week5,South Run,Week3,270.0 Sully Station - 132.0 South Run
Sully Station II,Week4,Highland Park,Week5,224.5 Sully Station II - 177.5 Highland Park
Sully Station II,Week2,Mansion House,Week1,258.0 Sully Station II - 144.0 Mansion House
Sully Station II,Week5,Highland Park,Week3,285.0 Sully Station II - 117.0 Highland Park
Sully Station,Week2,Springboard,Week2,335.0 Sully Station - 62.0 Springboard
Sully Station II,Week5,Highland Park,Week1,271.0 Sully Station II - 131.0 Highland Park
Sully Station II,Week4,Villa Aquatic,Week4,244.0 Sully Station II - 158.0 Villa Aquatic
Sully Station II,Week1,Dominion Hills,Week1,263.0 Sully Station II - 139.0 Dominion Hills
Sully Station II,Week1,Dominion Hills,Week3,267.0 Sully Station II - 135.0 Dominion Hills
Sully Station II,Week5,Daventry,Week5,334.0 Sully Station II - 68.0 Daventry
Sully Station II,Week2,Mansion House,Week4,274.0 Sully Station II - 128.0 Mansion House
Sully Station II,Week5,Daventry,Week3,343.0 Sully Station II - 59.0 Daventry
Sully Station II,Week4,Villa Aquatic,Week3,226.0 Sully Station II - 176.0 Villa Aquatic
Sully Station II,Week3,Mansion House,Week3,261.0 Sully Station II - 141.0 Mansion House
Sully Station,Week1,Springboard,Week3,312.0 Sully Station - 89.0 Springboard
Sully Station,Week3,Springboard,Week2,329.0 Sully Station - 72.0 Springboard
Sully Station II,Week1,Dominion Hills,Week2,255.0 Sully Station II - 147.0 Dominion Hills
Sully Station II,Week4,Villa Aquatic,Week1,245.0 Sully Station II - 157.0 Villa Aquatic
Sully Station II,Week2,Dominion Hills,Week5,249.5 Sully Station II - 152.5 Dominion Hills
Sully Station II,Week5,Dominion Hills,Week1,312.0 Sully Station II - 90.0 Dominion Hills
Sully Station II,Week2,Villa Aquatic,Week5,256.0 Sully Station II - 146.0 Villa Aquatic
Sully Station II,Week5,Dominion Hills,Week2,315.0 Sully Station II - 87.0 Dominion Hills
Sully Station II,Week4,Mantua,Week3,254.0 Mantua - 148.0 Sully Station II
Sully Station II,Week2,Highlands Swim,Week2,248.0 Highlands Swim - 154.0 Sully Station II
Sully Station II,Week2,Mansion House,Week5,239.5 Sully Station II - 162.5 Mansion House
Sully Station II,Week1,Dominion Hills,Week5,213.0 Sully Station II - 189.0 Dominion Hills
Sully Station II,Week5,Mantua,Week1,246.5 Sully Station II - 155.5 Mantua
Sully Station II,Week4,Dominion Hills,Week1,260.0 Sully Station II - 142.0 Dominion Hills
Sully Station II,Week2,Dominion Hills,Week2,288.0 Sully Station II - 114.0 Dominion Hills
Sully Station II,Week4,Dominion Hills,Week3,253.0 Sully Station II - 149.0 Dominion Hills
Sully Station II,Week5,Villa Aquatic,Week3,284.0 Sully Station II - 118.0 Villa Aquatic
Sully Station,Week5,Fox Mill Estates,Week2,280.0 Sully Station - 122.0 Fox Mill Estates
Sully Station II,Week5,Villa Aquatic,Week1,295.0 Sully Station II - 107.0 Villa Aquatic
Sully Station II,Week1,Village West,Week5,284.0 Sully Station II - 118.0 Village West
Sully Station II,Week5,Dominion Hills,Week5,265.0 Sully Station II - 137.0 Dominion Hills
Sully Station II,Week4,Mansion House,Week4,231.0 Sully Station II - 171.0 Mansion House
Sully Station,Week5,Fox Mill Estates,Week1,287.0 Sully Station - 115.0 Fox Mill Estates
Sully Station II,Week2,Hollin Hills,Week3,337.0 Sully Station II - 65.0 Hollin Hills
Sully Station II,Week5,Highlands Swim,Week5,241.0 Highlands Swim - 161.0 Sully Station II
Sully Station II,Week3,Dominion Hills,Week4,279.0 Sully Station II - 123.0 Dominion Hills
Sully Station II,Week5,Mansion House,Week2,261.0 Sully Station II - 141.0 Mansion House
Sully Station II,Week5,Mansion House,Week4,282.0 Sully Station II - 120.0 Mansion House
Sully Station II,Week5,Villa Aquatic,Week5,286.0 Sully Station II - 116.0 Villa Aquatic
Sully Station II,Week3,Mantua,Week1,233.0 Sully Station II - 169.0 Mantua
Sully Station,Week3,Springboard,Week4,310.0 Sully Station - 92.0 Springboard
Sully Station II,Week1,Hollin Hills,Week3,326.0 Sully Station II - 76.0 Hollin Hills
Sully Station II,Week4,Highlands Swim,Week5,301.0 Highlands Swim - 101.0 Sully Station II
Sully Station II,Week4,Highlands Swim,Week1,286.0 Highlands Swim - 116.0 Sully Station II
Sully Station II,Week3,Villa Aquatic,Week1,300.0 Sully Station II - 102.0 Villa Aquatic
Sully Station II,Week1,Village West,Week3,278.0 Sully Station II - 124.0 Village West
Sully Station II,Week1,Highlands Swim,Week4,270.0 Highlands Swim - 132.0 Sully Station II
Sully Station II,Week4,Mansion House,Week5,203.0 Mansion House - 199.0 Sully Station II
Sully Station II,Week3,Mantua,Week4,237.0 Sully Station II - 165.0 Mantua
Sully Station II,Week5,Highlands Swim,Week2,244.0 Highlands Swim - 158.0 Sully Station II
Sully Station II,Week3,Villa Aquatic,Week2,299.0 Sully Station II - 103.0 Villa Aquatic
Sully Station II,Week5,Villa Aquatic,Week2,303.0 Sully Station II - 99.0 Villa Aquatic
Sully Station,Week1,Fox Mill Estates,Week3,270.0 Sully Station - 132.0 Fox Mill Estates
Sully Station,Week2,Springboard,Week5,306.0 Sully Station - 96.0 Springboard
Sully Station II,Week4,Highlands Swim,Week2,293.0 Highlands Swim - 109.0 Sully Station II
Sully Station II,Week4,Mansion House,Week3,204.0 Mansion House - 198.0 Sully Station II
Sully Station II,Week5,Highland Park,Week5,287.0 Sully Station II - 115.0 Highland Park
Sully Station II,Week2,Dominion Hills,Week3,292.0 Sully Station II - 110.0 Dominion Hills
Sully Station II,Week3,Mantua,Week2,247.0 Sully Station II - 155.0 Mantua
Sully Station II,Week5,Villa Aquatic,Week4,294.0 Sully Station II - 108.0 Villa Aquatic
Sully Station,Week1,Springboard,Week5,315.0 Sully Station - 87.0 Springboard
Sully Station II,Week1,Highlands Swim,Week2,282.0 Highlands Swim - 120.0 Sully Station II
Sully Station,Week5,South Run,Week2,273.0 Sully Station - 129.0 South Run
Sully Station II,Week3,Mansion House,Week4,280.0 Sully Station II - 122.0 Mansion House
Sully Station II,Week2,Villa Aquatic,Week3,252.0 Sully Station II - 150.0 Villa Aquatic
Sully Station,Week3,Fox Mill Estates,Week2,272.0 Sully Station - 130.0 Fox Mill Estates
Sully Station,Week4,Fox Mill Estates,Week4,258.0 Sully Station - 144.0 Fox Mill Estates
Sully Station II,Week2,Mantua,Week5,211.0 Mantua - 191.0 Sully Station II
Sully Station II,Week3,Dominion Hills,Week3,308.0 Sully Station II - 94.0 Dominion Hills
Sully Station II,Week4,Highlands Swim,Week4,275.0 Highlands Swim - 127.0 Sully Station II
Sully Station II,Week4,Mantua,Week5,252.0 Mantua - 150.0 Sully Station II
Sully Station II,Week5,Mantua,Week2,249.0 Sully Station II - 153.0 Mantua
Sully Station II,Week3,Villa Aquatic,Week5,280.0 Sully Station II - 122.0 Villa Aquatic
Sully Station II,Week1,Donaldson Run,Week1,240.0 Donaldson Run - 162.0 Sully Station II
Sully Station II,Week4,Highlands Swim,Week3,280.0 Highlands Swim - 122.0 Sully Station II
Sully Station,Week2,Fox Mill Estates,Week1,275.0 Sully Station - 127.0 Fox Mill Estates
Sully Station II,Week1,Village West,Week2,296.0 Sully Station II - 106.0 Village West
Sully Station II,Week2,Highlands Swim,Week1,237.0 Highlands Swim - 165.0 Sully Station II
Sully Station II,Week3,Highlands Swim,Week2,226.0 Highlands Swim - 176.0 Sully Station II
Sully Station,Week3,Fox Mill Estates,Week5,261.0 Sully Station - 141.0 Fox Mill Estates
Sully Station II,Week4,Villa Aquatic,Week5,236.0 Sully Station II - 166.0 Villa Aquatic
Sully Station II,Week1,Donaldson Run,Week2,241.0 Donaldson Run - 161.0 Sully Station II
Sully Station II,Week2,Mantua,Week1,227.0 Sully Station II - 175.0 Mantua
Sully Station II,Week2,Village West,Week3,305.0 Sully Station II - 97.0 Village West
Sully Station,Week2,Fox Mill Estates,Week3,257.0 Sully Station - 145.0 Fox Mill Estates
Sully Station II,Week3,Villa Aquatic,Week4,286.0 Sully Station II - 116.0 Villa Aquatic
Sully Station II,Week4,Dominion Hills,Week2,252.0 Sully Station II - 150.0 Dominion Hills
Sully Station II,Week4,Dominion Hills,Week4,213.0 Sully Station II - 189.0 Dominion Hills
Sully Station II,Week1,Donaldson Run,Week4,242.0 Donaldson Run - 160.0 Sully Station II
Sully Station,Week5,Fox Mill Estates,Week3,276.0 Sully Station - 126.0 Fox Mill Estates
Sully Station II,Week2,Mantua,Week2,219.0 Sully Station II - 183.0 Mantua
Sully Station,Week3,Fox Mill Estates,Week4,257.0 Sully Station - 145.0 Fox Mill Estates
Sully Station II,Week3,Village West,Week1,322.0 Sully Station II - 80.0 Village West
Sully Station II,Week3,Highlands Swim,Week3,223.0 Highlands Swim - 179.0 Sully Station II
Sully Station II,Week1,Donaldson Run,Week3,237.0 Donaldson Run - 165.0 Sully Station II
Sully Station II,Week4,Village West,Week1,298.0 Sully Station II - 104.0 Village West
Sully Station II,Week1,McLean,Week1,251.5 McLean - 150.5 Sully Station II
Sully Station II,Week1,Virginia Hills,Week2,341.0 Sully Station II - 59.0 Virginia Hills
Sully Station II,Week2,Highlands Swim,Week3,244.0 Highlands Swim - 158.0 Sully Station II
Sully Station II,Week5,Highlands Swim,Week4,222.0 Highlands Swim - 180.0 Sully Station II
Sully Station II,Week5,Mansion House,Week5,260.0 Sully Station II - 142.0 Mansion House
Sully Station II,Week5,Village West,Week3,327.0 Sully Station II - 75.0 Village West
Sully Station II,Week3,Highlands Swim,Week5,249.0 Highlands Swim - 153.0 Sully Station II
Sully Station II,Week1,Mantua,Week1,202.0 Mantua - 200.0 Sully Station II
Sully Station II,Week3,Mantua,Week3,206.0 Sully Station II - 196.0 Mantua
Sully Station II,Week4,Village West,Week3,284.0 Sully Station II - 118.0 Village West
Sully Station,Week5,Fox Hunt,Week5,253.0 Sully Station - 149.0 Fox Hunt
Sully Station,Week1,Fox Mill Estates,Week2,272.0 Sully Station - 130.0 Fox Mill Estates
Sully Station II,Week3,Dominion Hills,Week1,306.0 Sully Station II - 96.0 Dominion Hills
Sully Station II,Week5,Dominion Hills,Week4,285.5 Sully Station II - 116.5 Dominion Hills
Sully Station II,Week1,McLean,Week3,263.0 McLean - 139.0 Sully Station II
Sully Station II,Week5,Dominion Hills,Week3,314.0 Sully Station II - 88.0 Dominion Hills
Sully Station II,Week3,Highlands Swim,Week4,227.0 Highlands Swim - 175.0 Sully Station II
Sully Station,Week3,Fox Mill Estates,Week1,282.0 Sully Station - 120.0 Fox Mill Estates
Sully Station II,Week2,Annandale,Week3,325.0 Sully Station II - 77.0 Annandale
Sully Station,Week2,Fox Mill Estates,Week5,254.0 Sully Station - 148.0 Fox Mill Estates
Sully Station II,Week2,Hollin Hills,Week2,341.0 Sully Station II - 60.0 Hollin Hills
Sully Station II,Week1,Virginia Hills,Week5,333.0 Sully Station II - 68.0 Virginia Hills
Sully Station II,Week1,Hollin Hills,Week5,312.0 Sully Station II - 89.0 Hollin Hills
Sully Station II,Week1,Donaldson Run,Week5,259.0 Donaldson Run - 143.0 Sully Station II
Sully Station,Week5,Fox Hunt,Week4,265.0 Sully Station - 137.0 Fox Hunt
Sully Station II,Week1,Mantua,Week3,228.0 Mantua - 174.0 Sully Station II
Sully Station,Week3,Fox Mill Estates,Week3,268.0 Sully Station - 134.0 Fox Mill Estates
Sully Station,Week1,Fox Mill Estates,Week5,270.0 Sully Station - 132.0 Fox Mill Estates
Sully Station II,Week2,Hollin Hills,Week1,342.0 Sully Station II - 59.0 Hollin Hills
Sully Station II,Week4,Virginia Hills,Week2,358.0 Sully Station II - 44.0 Virginia Hills
Sully Station II,Week5,Village West,Week1,333.0 Sully Station II - 69.0 Village West
Sully Station II,Week1,Hollin Hills,Week4,334.0 Sully Station II - 67.0 Hollin Hills
Sully Station II,Week5,Highlands Swim,Week3,227.5 Highlands Swim - 174.5 Sully Station II
Sully Station II,Week1,Mantua,Week2,202.0 Mantua - 200.0 Sully Station II
Sully Station II,Week1,Hollin Hills,Week2,330.0 Sully Station II - 72.0 Hollin Hills
Sully Station II,Week1,Mantua,Week4,212.0 Mantua - 190.0 Sully Station II
Sully Station II,Week4,Village West,Week4,287.0 Sully Station II - 110.0 Village West
Sully Station II,Week2,Mantua,Week4,217.0 Sully Station II - 185.0 Mantua
Sully Station,Week5,Fox Hunt,Week3,262.0 Sully Station - 140.0 Fox Hunt
Sully Station II,Week1,Hollin Hills,Week1,330.0 Sully Station II - 71.0 Hollin Hills
Sully Station II,Week5,Village West,Week5,330.5 Sully Station II - 71.5 Village West
Sully Station II,Week4,Dominion Hills,Week5,209.0 Sully Station II - 193.0 Dominion Hills
Sully Station II,Week2,Mantua,Week3,216.0 Mantua - 186.0 Sully Station II
Sully Station II,Week3,Dominion Hills,Week2,291.0 Sully Station II - 111.0 Dominion Hills
Sully Station II,Week5,Mantua,Week4,236.0 Sully Station II - 166.0 Mantua
Sully Station II,Week2,Annandale,Week2,311.0 Sully Station II - 91.0 Annandale
Sully Station II,Week3,Mantua,Week5,211.0 Sully Station II - 191.0 Mantua
Sully Station II,Week4,Mantua,Week2,203.0 Sully Station II - 199.0 Mantua
Sully Station,Week1,Fox Mill Estates,Week1,290.0 Sully Station - 112.0 Fox Mill Estates
Sully Station II,Week1,Annandale,Week3,298.0 Sully Station II - 104.0 Annandale
Sully Station II,Week2,Donaldson Run,Week1,238.0 Donaldson Run - 164.0 Sully Station II
Sully Station II,Week2,Donaldson Run,Week2,244.0 Donaldson Run - 158.0 Sully Station II
Sully Station,Week4,Fox Mill Estates,Week3,276.0 Sully Station - 126.0 Fox Mill Estates
Sully Station II,Week4,Village West,Week5,297.0 Sully Station II - 105.0 Village West
Sully Station II,Week2,Virginia Hills,Week3,359.0 Sully Station II - 43.0 Virginia Hills
Sully Station,Week4,Fox Mill Estates,Week2,281.0 Sully Station - 121.0 Fox Mill Estates
Sully Station,Week2,Fox Mill Estates,Week2,260.0 Sully Station - 142.0 Fox Mill Estates
Sully Station II,Week2,Virginia Hills,Week2,364.0 Sully Station II - 37.0 Virginia Hills
Sully Station II,Week2,Dominion Hills,Week4,269.0 Sully Station II - 133.0 Dominion Hills
Sully Station,Week1,Fox Mill Estates,Week4,255.0 Sully Station - 147.0 Fox Mill Estates
Sully Station II,Week3,Village West,Week4,317.0 Sully Station II - 80.0 Village West
Sully Station II,Week4,Virginia Hills,Week5,344.0 Sully Station II - 58.0 Virginia Hills
Sully Station II,Week3,Highlands Swim,Week1,230.0 Highlands Swim - 172.0 Sully Station II
Sully Station II,Week1,Mantua,Week5,227.0 Mantua - 175.0 Sully Station II
Sully Station II,Week5,Mansion House,Week3,250.0 Sully Station II - 152.0 Mansion House
Sully Station II,Week2,Highlands Swim,Week5,269.0 Highlands Swim - 133.0 Sully Station II
Sully Station II,Week2,Highlands Swim,Week4,258.0 Highlands Swim - 144.0 Sully Station II
Sully Station II,Week3,Dominion Hills,Week5,264.0 Sully Station II - 138.0 Dominion Hills
Sully Station II,Week5,Highlands Swim,Week1,218.0 Highlands Swim - 184.0 Sully Station II
Sully Station II,Week3,Annandale,Week2,325.5 Sully Station II - 76.5 Annandale
Sully Station,Week4,Fox Mill Estates,Week1,284.0 Sully Station - 118.0 Fox Mill Estates
Sully Station II,Week5,Annandale,Week2,321.0 Sully Station II - 81.0 Annandale
Sully Station II,Week4,Mantua,Week1,221.5 Mantua - 180.5 Sully Station II
Sully Station II,Week4,Mantua,Week4,230.0 Mantua - 172.0 Sully Station II
Sully Station II,Week4,Village West,Week2,292.0 Sully Station II - 110.0 Village West
Sully Station II,Week1,Hollin Meadows,Week3,239.0 Sully Station II - 163.0 Hollin Meadows
Sully Station II,Week1,McLean,Week2,270.5 McLean - 131.5 Sully Station II
Sully Station II,Week5,Mantua,Week5,216.0 Sully Station II - 186.0 Mantua
Sully Station II,Week4,Hollin Hills,Week1,335.0 Sully Station II - 67.0 Hollin Hills
Sully Station II,Week4,Hollin Hills,Week3,333.0 Sully Station II - 69.0 Hollin Hills
Sully Station II,Week4,Hollin Hills,Week4,329.0 Sully Station II - 73.0 Hollin Hills
Sully Station II,Week5,Mantua,Week3,221.0 Sully Station II - 181.0 Mantua
Sully Station II,Week5,Virginia Hills,Week1,373.0 Sully Station II - 29.0 Virginia Hills
Sully Station II,Week1,Annandale,Week4,310.0 Sully Station II - 92.0 Annandale
Sully Station II,Week2,Annandale,Week1,316.0 Sully Station II - 86.0 Annandale
Sully Station II,Week3,Hollin Hills,Week3,355.0 Sully Station II - 47.0 Hollin Hills
Sully Station,Week4,Fox Mill Estates,Week5,266.0 Sully Station - 136.0 Fox Mill Estates
Sully Station II,Week2,Virginia Hills,Week1,358.0 Sully Station II - 43.0 Virginia Hills
Sully Station II,Week3,Virginia Hills,Week1,365.0 Sully Station II - 37.0 Virginia Hills
Sully Station,Week2,Fox Mill Estates,Week4,245.0 Sully Station - 157.0 Fox Mill Estates
Sully Station II,Week4,Virginia Hills,Week3,355.0 Sully Station II - 47.0 Virginia Hills
Sully Station II,Week2,Arlington Forest,Week1,277.0 Sully Station II - 125.0 Arlington Forest
Sully Station II,Week5,Hollin Hills,Week3,358.0 Sully Station II - 44.0 Hollin Hills
Sully Station II,Week5,Annandale,Week3,324.0 Sully Station II - 78.0 Annandale
Sully Station II,Week2,Virginia Hills,Week4,362.0 Sully Station II - 39.0 Virginia Hills
Sully Station II,Week3,Village West,Week3,322.0 Sully Station II - 80.0 Village West
Sully Station II,Week1,Hollin Meadows,Week2,230.0 Sully Station II - 172.0 Hollin Meadows
Sully Station II,Week5,Hollin Hills,Week5,354.0 Sully Station II - 48.0 Hollin Hills
Sully Station II,Week1,Annandale,Week2,293.0 Sully Station II - 109.0 Annandale
Sully Station II,Week2,McLean,Week1,218.0 McLean - 184.0 Sully Station II
Sully Station II,Week5,Annandale,Week4,337.0 Sully Station II - 65.0 Annandale
Sully Station II,Week4,Virginia Hills,Week1,349.0 Sully Station II - 53.0 Virginia Hills
Sully Station II,Week3,Annandale,Week5,315.0 Sully Station II - 87.0 Annandale
Sully Station II,Week4,McLean,Week1,263.0 McLean - 139.0 Sully Station II
Sully Station II,Week1,Virginia Hills,Week3,345.0 Sully Station II - 57.0 Virginia Hills
Sully Station II,Week4,Annandale,Week3,298.0 Sully Station II - 104.0 Annandale
Sully Station II,Week1,Mosby Woods,Week3,214.0 Mosby Woods - 188.0 Sully Station II
Sully Station II,Week5,Village West,Week4,329.5 Sully Station II - 67.5 Village West
Sully Station II,Week5,Hollin Hills,Week2,350.0 Sully Station II - 52.0 Hollin Hills
Sully Station II,Week5,Annandale,Week1,328.0 Sully Station II - 74.0 Annandale
Sully Station II,Week1,McLean,Week5,269.0 McLean - 133.0 Sully Station II
Sully Station II,Week5,Village West,Week2,334.0 Sully Station II - 68.0 Village West
Sully Station II,Week1,Mosby Woods,Week1,214.0 Mosby Woods - 188.0 Sully Station II
Sully Station II,Week2,McLean,Week3,250.0 McLean - 152.0 Sully Station II
Sully Station II,Week1,Annandale,Week5,301.0 Sully Station II - 101.0 Annandale
Sully Station II,Week3,Hollin Hills,Week4,352.0 Sully Station II - 50.0 Hollin Hills
Sully Station II,Week2,Virginia Hills,Week5,357.0 Sully Station II - 44.0 Virginia Hills
Sully Station II,Week2,Hollin Hills,Week5,336.0 Sully Station II - 66.0 Hollin Hills
Sully Station II,Week5,Hollin Meadows,Week2,268.0 Sully Station II - 134.0 Hollin Meadows
Sully Station II,Week5,Hollin Hills,Week1,356.0 Sully Station II - 46.0 Hollin Hills
Sully Station II,Week4,Annandale,Week1,305.0 Sully Station II - 97.0 Annandale
Sully Station II,Week4,Hollin Hills,Week2,321.0 Sully Station II - 81.0 Hollin Hills
Sully Station II,Week4,McLean,Week2,268.0 McLean - 134.0 Sully Station II
Sully Station II,Week4,Hollin Meadows,Week2,232.0 Sully Station II - 170.0 Hollin Meadows
Sully Station II,Week4,Hollin Meadows,Week5,220.0 Sully Station II - 182.0 Hollin Meadows
Sully Station II,Week2,McLean,Week4,212.5 McLean - 189.5 Sully Station II
Sully Station II,Week5,McLean,Week1,203.0 Sully Station II - 199.0 McLean
Sully Station II,Week5,Hollin Meadows,Week4,276.0 Sully Station II - 126.0 Hollin Meadows
Sully Station II,Week5,Annandale,Week5,315.5 Sully Station II - 86.5 Annandale
Sully Station II,Week1,Virginia Hills,Week1,336.0 Sully Station II - 64.0 Virginia Hills
Sully Station II,Week4,Annandale,Week5,291.0 Sully Station II - 111.0 Annandale
Sully Station II,Week2,Hollin Hills,Week4,355.0 Sully Station II - 46.0 Hollin Hills
Sully Station II,Week3,Hollin Meadows,Week1,258.0 Sully Station II - 144.0 Hollin Meadows
Sully Station II,Week3,Annandale,Week4,335.0 Sully Station II - 67.0 Annandale
Sully Station II,Week1,Arlington Forest,Week1,246.5 Sully Station II - 155.5 Arlington Forest
Sully Station II,Week2,Annandale,Week5,314.0 Sully Station II - 88.0 Annandale
Sully Station II,Week4,Annandale,Week2,292.0 Sully Station II - 110.0 Annandale
Sully Station II,Week3,McLean,Week5,238.0 McLean - 164.0 Sully Station II
Sully Station II,Week3,McLean,Week1,203.0 McLean - 199.0 Sully Station II
Sully Station II,Week3,McLean,Week2,235.0 McLean - 167.0 Sully Station II
Sully Station II,Week1,Arlington Forest,Week5,222.0 Sully Station II - 180.0 Arlington Forest
Sully Station II,Week4,Hollin Meadows,Week3,227.0 Sully Station II - 175.0 Hollin Meadows
Sully Station II,Week3,Mosby Woods,Week5,207.0 Mosby Woods - 195.0 Sully Station II
Sully Station II,Week3,Virginia Hills,Week3,368.0 Sully Station II - 34.0 Virginia Hills
Sully Station II,Week3,Virginia Hills,Week2,371.0 Sully Station II - 31.0 Virginia Hills
Sully Station II,Week3,Virginia Hills,Week5,364.0 Sully Station II - 37.0 Virginia Hills
Sully Station II,Week3,Virginia Hills,Week4,370.0 Sully Station II - 32.0 Virginia Hills
Sully Station II,Week3,Mosby Woods,Week2,203.0 Sully Station II - 199.0 Mosby Woods
Sully Station II,Week1,Virginia Hills,Week4,345.0 Sully Station II - 55.0 Virginia Hills
Sully Station II,Week2,Mosby Woods,Week5,228.0 Mosby Woods - 174.0 Sully Station II
Sully Station II,Week1,Hollin Meadows,Week1,217.0 Sully Station II - 185.0 Hollin Meadows
Sully Station II,Week5,Hollin Hills,Week4,358.0 Sully Station II - 44.0 Hollin Hills
Sully Station II,Week3,Village West,Week5,319.0 Sully Station II - 83.0 Village West
Sully Station II,Week2,Mosby Woods,Week1,219.0 Mosby Woods - 183.0 Sully Station II
Sully Station II,Week3,Annandale,Week1,333.0 Sully Station II - 64.0 Annandale
Sully Station II,Week3,Virginia Run,Week2,275.0 Sully Station II - 127.0 Virginia Run
Sully Station II,Week3,Hollin Hills,Week5,348.0 Sully Station II - 54.0 Hollin Hills
Sully Station II,Week1,Mosby Woods,Week5,235.0 Mosby Woods - 167.0 Sully Station II
Sully Station II,Week4,Virginia Hills,Week4,357.0 Sully Station II - 45.0 Virginia Hills
Sully Station II,Week2,Virginia Run,Week5,234.0 Sully Station II - 168.0 Virginia Run
Sully Station II,Week5,Virginia Run,Week3,278.5 Sully Station II - 123.5 Virginia Run
Sully Station II,Week5,Virginia Hills,Week5,371.5 Sully Station II - 30.5 Virginia Hills
Sully Station II,Week1,Arlington Forest,Week2,250.0 Sully Station II - 152.0 Arlington Forest
Sully Station II,Week1,Arlington Forest,Week4,233.0 Sully Station II - 169.0 Arlington Forest
Sully Station II,Week4,Virginia Run,Week4,210.0 Sully Station II - 192.0 Virginia Run
Sully Station II,Week3,Hollin Hills,Week2,346.0 Sully Station II - 56.0 Hollin Hills
Sully Station II,Week5,McLean,Week5,222.0 McLean - 180.0 Sully Station II
Sully Station II,Week5,McLean,Week2,221.0 McLean - 181.0 Sully Station II
Sully Station II,Week3,Annandale,Week3,326.0 Sully Station II - 76.0 Annandale
Sully Station,Week4,Forest Hollow,Week3,249.0 Sully Station - 153.0 Forest Hollow
Sully Station II,Week5,McLean,Week4,201.0 McLean - 201.0 Sully Station II
Sully Station II,Week1,Mosby Woods,Week4,218.0 Mosby Woods - 183.0 Sully Station II
Sully Station II,Week3,Hollin Hills,Week1,350.0 Sully Station II - 52.0 Hollin Hills
Sully Station II,Week1,Virginia Run,Week5,201.0 Sully Station II - 201.0 Virginia Run
Sully Station II,Week2,Annandale,Week4,328.0 Sully Station II - 74.0 Annandale
Sully Station II,Week1,Virginia Run,Week3,226.0 Sully Station II - 176.0 Virginia Run
Sully Station II,Week1,Hollin Meadows,Week4,226.0 Sully Station II - 176.0 Hollin Meadows
Sully Station II,Week3,Virginia Run,Week3,280.0 Sully Station II - 122.0 Virginia Run
Sully Station II,Week1,Arlington Forest,Week3,269.0 Sully Station II - 133.0 Arlington Forest
Sully Station II,Week2,Hollin Meadows,Week5,250.5 Sully Station II - 151.5 Hollin Meadows
Sully Station II,Week4,Arlington Forest,Week4,211.0 Sully Station II - 191.0 Arlington Forest
Sully Station II,Week2,McLean,Week5,235.0 McLean - 167.0 Sully Station II
Sully Station II,Week2,Hollin Meadows,Week1,242.0 Sully Station II - 160.0 Hollin Meadows
Sully Station II,Week5,Virginia Hills,Week3,377.0 Sully Station II - 25.0 Virginia Hills
Sully Station,Week1,Forest Hollow,Week3,250.0 Sully Station - 152.0 Forest Hollow
Sully Station II,Week1,Brandywine,Week5,217.0 Sully Station II - 185.0 Brandywine
Sully Station II,Week3,McLean,Week3,225.0 McLean - 177.0 Sully Station II
Sully Station II,Week4,Hollin Hills,Week5,312.0 Sully Station II - 90.0 Hollin Hills
Sully Station II,Week2,McLean,Week2,252.0 McLean - 150.0 Sully Station II
Sully Station II,Week4,Annandale,Week4,314.0 Sully Station II - 88.0 Annandale
Sully Station,Week4,Forest Hollow,Week2,264.0 Sully Station - 138.0 Forest Hollow
Sully Station II,Week5,Virginia Run,Week5,253.5 Sully Station II - 148.5 Virginia Run
Sully Station II,Week2,Brandywine,Week2,264.0 Sully Station II - 137.0 Brandywine
Sully Station II,Week1,Wakefield Chapel,Week5,272.0 Wakefield Chapel - 130.0 Sully Station II
Sully Station II,Week3,Hollin Meadows,Week3,277.0 Sully Station II - 125.0 Hollin Meadows
Sully Station II,Week5,Virginia Run,Week4,272.0 Sully Station II - 130.0 Virginia Run
Sully Station II,Week3,Brandywine,Week2,275.0 Sully Station II - 127.0 Brandywine
Sully Station,Week3,Forest Hollow,Week3,238.0 Sully Station - 164.0 Forest Hollow
Sully Station II,Week4,McLean,Week3,282.0 McLean - 120.0 Sully Station II
Sully Station II,Week3,Hollin Meadows,Week2,267.0 Sully Station II - 135.0 Hollin Meadows
Sully Station II,Week1,McLean,Week4,248.0 McLean - 154.0 Sully Station II
Sully Station,Week2,Forest Hollow,Week4,223.0 Sully Station - 179.0 Forest Hollow
Sully Station II,Week3,McLean,Week4,208.0 McLean - 194.0 Sully Station II
Sully Station II,Week3,Hollin Meadows,Week4,269.0 Sully Station II - 133.0 Hollin Meadows
Sully Station II,Week4,McLean,Week5,277.5 McLean - 124.5 Sully Station II
Sully Station,Week4,Highlands Swim,Week3,253.0 Highlands Swim - 149.0 Sully Station
Sully Station II,Week2,Hollin Meadows,Week3,263.0 Sully Station II - 139.0 Hollin Meadows
Sully Station II,Week3,Hollin Meadows,Week5,255.0 Sully Station II - 147.0 Hollin Meadows
Sully Station II,Week1,Wakefield Chapel,Week3,250.0 Wakefield Chapel - 152.0 Sully Station II
Sully Station II,Week1,Virginia Run,Week1,202.0 Virginia Run - 200.0 Sully Station II
Sully Station,Week4,Highlands Swim,Week2,264.0 Highlands Swim - 138.0 Sully Station
Sully Station II,Week2,Arlington Forest,Week2,282.0 Sully Station II - 120.0 Arlington Forest
Sully Station II,Week2,Brandywine,Week3,255.0 Sully Station II - 146.0 Brandywine
Sully Station II,Week2,Arlington Forest,Week4,261.0 Sully Station II - 141.0 Arlington Forest
Sully Station,Week2,Forest Hollow,Week5,227.0 Sully Station - 175.0 Forest Hollow
Sully Station II,Week5,Virginia Hills,Week2,379.0 Sully Station II - 23.0 Virginia Hills
Sully Station II,Week4,McLean,Week4,251.0 McLean - 151.0 Sully Station II
Sully Station,Week1,Hollin Hills,Week3,317.0 Sully Station - 84.0 Hollin Hills
Sully Station II,Week5,McLean,Week3,229.0 McLean - 173.0 Sully Station II
Sully Station,Week3,Highlands Swim,Week4,251.0 Highlands Swim - 151.0 Sully Station
Sully Station II,Week2,Mosby Woods,Week2,215.0 Mosby Woods - 187.0 Sully Station II
Sully Station,Week1,Poplar Tree,Week1,231.0 Sully Station - 171.0 Poplar Tree
Sully Station II,Week3,Arlington Forest,Week1,293.0 Sully Station II - 109.0 Arlington Forest
Sully Station II,Week1,Virginia Run,Week2,229.0 Sully Station II - 173.0 Virginia Run
Sully Station II,Week4,Virginia Run,Week5,210.0 Virginia Run - 192.0 Sully Station II
Sully Station,Week1,Forest Hollow,Week1,265.0 Sully Station - 137.0 Forest Hollow
Sully Station II,Week2,Virginia Run,Week3,262.0 Sully Station II - 140.0 Virginia Run
Sully Station II,Week1,Mount Vernon Park,Week4,223.0 Mount Vernon Park - 179.0 Sully Station II
Sully Station II,Week5,Hollin Meadows,Week5,257.0 Sully Station II - 145.0 Hollin Meadows
Sully Station II,Week1,Hollin Meadows,Week5,221.0 Sully Station II - 181.0 Hollin Meadows
Sully Station II,Week1,Mosby Woods,Week2,225.0 Mosby Woods - 177.0 Sully Station II
Sully Station II,Week1,Brandywine,Week2,243.0 Sully Station II - 158.0 Brandywine
Sully Station II,Week1,Virginia Run,Week4,224.0 Sully Station II - 178.0 Virginia Run
Sully Station II,Week2,Mosby Woods,Week4,210.5 Sully Station II - 191.5 Mosby Woods
Sully Station II,Week2,Hollin Meadows,Week2,253.0 Sully Station II - 149.0 Hollin Meadows
Sully Station II,Week3,Arlington Forest,Week2,288.5 Sully Station II - 113.5 Arlington Forest
Sully Station,Week2,Hollin Hills,Week3,313.0 Sully Station - 89.0 Hollin Hills
Sully Station,Week4,Highlands Swim,Week5,266.0 Highlands Swim - 136.0 Sully Station
Sully Station,Week3,Highlands Swim,Week2,268.0 Highlands Swim - 134.0 Sully Station
Sully Station II,Week3,Mosby Woods,Week1,208.0 Sully Station II - 194.0 Mosby Woods
Sully Station II,Week3,Mosby Woods,Week4,233.0 Sully Station II - 169.0 Mosby Woods
Sully Station,Week1,Hollin Hills,Week2,331.0 Sully Station - 66.0 Hollin Hills
Sully Station II,Week5,Virginia Run,Week1,253.0 Sully Station II - 149.0 Virginia Run
Sully Station,Week1,Forest Hollow,Week5,241.0 Sully Station - 161.0 Forest Hollow
Sully Station II,Week5,Arlington Forest,Week3,300.0 Sully Station II - 102.0 Arlington Forest
Sully Station II,Week3,Arlington Forest,Week4,281.0 Sully Station II - 121.0 Arlington Forest
Sully Station II,Week4,Arlington Forest,Week1,221.0 Sully Station II - 181.0 Arlington Forest
Sully Station II,Week2,Mosby Woods,Week3,205.0 Sully Station II - 197.0 Mosby Woods
Sully Station,Week3,Forest Hollow,Week5,231.0 Sully Station - 171.0 Forest Hollow
Sully Station II,Week2,Brandywine,Week5,235.0 Sully Station II - 167.0 Brandywine
Sully Station,Week5,Highlands Swim,Week3,240.0 Highlands Swim - 162.0 Sully Station
Sully Station,Week2,Forest Hollow,Week1,229.7 Sully Station - 172.3 Forest Hollow
Sully Station II,Week2,Arlington Forest,Week3,281.0 Sully Station II - 121.0 Arlington Forest
Sully Station II,Week2,Hollin Meadows,Week4,267.0 Sully Station II - 135.0 Hollin Meadows
Sully Station II,Week4,Virginia Run,Week1,203.5 Virginia Run - 198.5 Sully Station II
Sully Station,Week3,Forest Hollow,Week4,235.5 Sully Station - 166.5 Forest Hollow
Sully Station II,Week4,Hollin Meadows,Week1,217.0 Sully Station II - 185.0 Hollin Meadows
Sully Station,Week2,Forest Hollow,Week3,242.0 Sully Station - 160.0 Forest Hollow
Sully Station II,Week2,Virginia Run,Week2,256.0 Sully Station II - 146.0 Virginia Run
Sully Station II,Week4,Hollin Meadows,Week4,229.0 Sully Station II - 173.0 Hollin Meadows
Sully Station II,Week5,Hollin Meadows,Week1,261.0 Sully Station II - 141.0 Hollin Meadows
Sully Station,Week1,Hollin Hills,Week4,330.0 Sully Station - 69.0 Hollin Hills
Sully Station II,Week1,Holmes Run Acres,Week4,246.0 Sully Station II - 155.0 Holmes Run Acres
Sully Station II,Week5,Virginia Hills,Week4,380.0 Sully Station II - 22.0 Virginia Hills
Sully Station,Week3,Highlands Swim,Week1,248.0 Highlands Swim - 154.0 Sully Station
Sully Station II,Week3,Mosby Woods,Week3,223.0 Sully Station II - 179.0 Mosby Woods
Sully Station,Week5,Highlands Swim,Week4,228.0 Highlands Swim - 174.0 Sully Station
Sully Station II,Week5,Arlington Forest,Week2,298.0 Sully Station II - 104.0 Arlington Forest
Sully Station II,Week5,Hollin Meadows,Week3,277.0 Sully Station II - 125.0 Hollin Meadows
Sully Station,Week1,Forest Hollow,Week4,258.0 Sully Station - 144.0 Forest Hollow
Sully Station,Week1,Forest Hollow,Week2,269.0 Sully Station - 133.0 Forest Hollow
Sully Station,Week3,Poplar Tree,Week5,204.0 Poplar Tree - 197.0 Sully Station
Sully Station II,Week5,Mosby Woods,Week5,213.0 Sully Station II - 189.0 Mosby Woods
Sully Station II,Week2,Holmes Run Acres,Week1,271.5 Sully Station II - 129.5 Holmes Run Acres
Sully Station II,Week3,Virginia Run,Week1,261.0 Sully Station II - 141.0 Virginia Run
Sully Station,Week1,Ravensworth Farm,Week5,229.0 Sully Station - 173.0 Ravensworth Farm
Sully Station II,Week2,Arlington Forest,Week5,239.0 Sully Station II - 163.0 Arlington Forest
Sully Station II,Week2,Virginia Run,Week4,244.0 Sully Station II - 158.0 Virginia Run
Sully Station,Week2,Hollin Hills,Week4,324.0 Sully Station - 78.0 Hollin Hills
Sully Station II,Week4,Holmes Run Acres,Week2,251.0 Sully Station II - 151.0 Holmes Run Acres
Sully Station II,Week3,Arlington Forest,Week3,307.0 Sully Station II - 95.0 Arlington Forest
Sully Station II,Week1,Brandywine,Week1,256.0 Sully Station II - 146.0 Brandywine
Sully Station II,Week1,Holmes Run Acres,Week5,203.0 Sully Station II - 199.0 Holmes Run Acres
Sully Station,Week3,Highlands Swim,Week5,268.0 Highlands Swim - 134.0 Sully Station
Sully Station II,Week4,Mosby Woods,Week5,234.0 Mosby Woods - 168.0 Sully Station II
Sully Station,Week4,Poplar Tree,Week1,226.0 Sully Station - 176.0 Poplar Tree
Sully Station II,Week4,Arlington Forest,Week3,260.0 Sully Station II - 142.0 Arlington Forest
Sully Station,Week1,Hollin Hills,Week5,320.0 Sully Station - 77.0 Hollin Hills
Sully Station II,Week2,Virginia Run,Week1,227.0 Sully Station II - 175.0 Virginia Run
Sully Station II,Week3,Virginia Run,Week5,248.0 Sully Station II - 154.0 Virginia Run
Sully Station,Week5,Poplar Tree,Week5,215.0 Sully Station - 187.0 Poplar Tree
Sully Station II,Week5,Mosby Woods,Week2,207.0 Sully Station II - 195.0 Mosby Woods
Sully Station,Week2,Forest Hollow,Week2,253.0 Sully Station - 149.0 Forest Hollow
Sully Station,Week1,Hollin Hills,Week1,338.0 Sully Station - 62.0 Hollin Hills
Sully Station II,Week4,Virginia Run,Week2,212.0 Sully Station II - 190.0 Virginia Run
Sully Station II,Week4,Holmes Run Acres,Week3,204.0 Sully Station II - 198.0 Holmes Run Acres
Sully Station II,Week1,Brandywine,Week4,230.0 Sully Station II - 172.0 Brandywine
Sully Station II,Week3,Mount Vernon Park,Week3,226.0 Sully Station II - 176.0 Mount Vernon Park
Sully Station,Week5,Highlands Swim,Week1,228.0 Highlands Swim - 174.0 Sully Station
Sully Station II,Week4,Mosby Woods,Week2,240.0 Mosby Woods - 162.0 Sully Station II
Sully Station II,Week4,Arlington Forest,Week2,231.0 Sully Station II - 171.0 Arlington Forest
Sully Station,Week2,Highlands Swim,Week5,264.0 Highlands Swim - 138.0 Sully Station
Sully Station,Week4,Poplar Tree,Week4,225.0 Sully Station - 177.0 Poplar Tree
Sully Station II,Week3,Arlington Forest,Week5,256.0 Sully Station II - 146.0 Arlington Forest
Sully Station,Week1,Poplar Tree,Week3,224.0 Sully Station - 178.0 Poplar Tree
Sully Station II,Week3,Virginia Run,Week4,273.0 Sully Station II - 129.0 Virginia Run
Sully Station II,Week3,Holmes Run Acres,Week3,257.0 Sully Station II - 145.0 Holmes Run Acres
Sully Station II,Week4,Virginia Run,Week3,223.0 Sully Station II - 179.0 Virginia Run
Sully Station II,Week5,Virginia Run,Week2,282.0 Sully Station II - 120.0 Virginia Run
Sully Station,Week2,Hollin Hills,Week5,309.0 Sully Station - 88.0 Hollin Hills
Sully Station,Week3,Forest Hollow,Week1,230.0 Sully Station - 172.0 Forest Hollow
Sully Station II,Week5,Mosby Woods,Week3,218.0 Sully Station II - 184.0 Mosby Woods
Sully Station,Week3,Forest Hollow,Week2,254.0 Sully Station - 148.0 Forest Hollow
Sully Station II,Week1,Holmes Run Acres,Week2,253.0 Sully Station II - 148.0 Holmes Run Acres
Sully Station II,Week5,Arlington Forest,Week5,256.0 Sully Station II - 146.0 Arlington Forest
Sully Station II,Week1,Holmes Run Acres,Week1,241.0 Sully Station II - 160.0 Holmes Run Acres
Sully Station II,Week2,Mount Vernon Park,Week1,209.0 Mount Vernon Park - 193.0 Sully Station II
Sully Station,Week4,Poplar Tree,Week5,213.0 Poplar Tree - 189.0 Sully Station
Sully Station II,Week4,Holmes Run Acres,Week1,218.0 Sully Station II - 184.0 Holmes Run Acres
Sully Station II,Week5,Mosby Woods,Week1,213.0 Sully Station II - 189.0 Mosby Woods
Sully Station,Week3,Highlands Swim,Week3,260.0 Highlands Swim - 142.0 Sully Station
Sully Station,Week1,Poplar Tree,Week5,202.0 Sully Station - 199.0 Poplar Tree
Sully Station II,Week1,Wakefield Chapel,Week1,254.0 Wakefield Chapel - 148.0 Sully Station II
Sully Station,Week4,Forest Hollow,Week1,245.0 Sully Station - 157.0 Forest Hollow
Sully Station II,Week2,Brandywine,Week4,254.0 Sully Station II - 148.0 Brandywine
Sully Station,Week4,Highlands Swim,Week4,244.0 Highlands Swim - 158.0 Sully Station
Sully Station,Week1,Poplar Tree,Week4,219.0 Sully Station - 182.0 Poplar Tree
Sully Station,Week5,Highlands Swim,Week2,247.0 Highlands Swim - 155.0 Sully Station
Sully Station II,Week2,Mount Vernon Park,Week4,202.0 Sully Station II - 200.0 Mount Vernon Park
Sully Station,Week2,Hollin Hills,Week1,326.0 Sully Station - 76.0 Hollin Hills
Sully Station II,Week4,Arlington Forest,Week5,216.0 Sully Station II - 186.0 Arlington Forest
Sully Station II,Week4,Holmes Run Acres,Week5,213.0 Holmes Run Acres - 189.0 Sully Station II
Sully Station II,Week4,Holmes Run Acres,Week4,243.0 Sully Station II - 159.0 Holmes Run Acres
Sully Station,Week3,Poplar Tree,Week1,217.0 Sully Station - 185.0 Poplar Tree
Sully Station II,Week5,Arlington Forest,Week1,288.0 Sully Station II - 114.0 Arlington Forest
Sully Station II,Week3,Wakefield Chapel,Week2,205.0 Sully Station II - 197.0 Wakefield Chapel
Sully Station,Week2,Highland Park,Week1,214.0 Sully Station - 188.0 Highland Park
Sully Station,Week1,Highland Park,Week5,253.5 Sully Station - 148.5 Highland Park
Sully Station II,Week3,Holmes Run Acres,Week4,283.0 Sully Station II - 119.0 Holmes Run Acres
Sully Station II,Week4,Mosby Woods,Week4,206.0 Mosby Woods - 196.0 Sully Station II
Sully Station II,Week2,Mount Vernon Park,Week5,219.0 Mount Vernon Park - 183.0 Sully Station II
Sully Station II,Week1,Wakefield Chapel,Week4,224.0 Wakefield Chapel - 178.0 Sully Station II
Sully Station,Week1,Ravensworth Farm,Week3,239.0 Sully Station - 163.0 Ravensworth Farm
Sully Station,Week5,Poplar Tree,Week4,246.0 Sully Station - 156.0 Poplar Tree
Sully Station II,Week3,Wakefield Chapel,Week1,222.0 Wakefield Chapel - 180.0 Sully Station II
Sully Station II,Week2,Mount Vernon Park,Week2,213.0 Sully Station II - 189.0 Mount Vernon Park
Sully Station,Week5,Highlands Swim,Week5,244.0 Highlands Swim - 158.0 Sully Station
Sully Station II,Week3,Mount Vernon Park,Week5,204.0 Sully Station II - 198.0 Mount Vernon Park
Sully Station II,Week3,Holmes Run Acres,Week2,284.0 Sully Station II - 113.0 Holmes Run Acres
Sully Station,Week5,Poplar Tree,Week2,236.0 Sully Station - 166.0 Poplar Tree
Sully Station II,Week3,Holmes Run Acres,Week1,273.0 Sully Station II - 129.0 Holmes Run Acres
Sully Station,Week4,Highlands Swim,Week1,246.0 Highlands Swim - 156.0 Sully Station
Sully Station,Week3,Poplar Tree,Week4,218.0 Sully Station - 183.0 Poplar Tree
Sully Station II,Week2,Brandywine,Week1,280.0 Sully Station II - 122.0 Brandywine
Sully Station II,Week1,Wakefield Chapel,Week2,244.5 Wakefield Chapel - 157.5 Sully Station II
Sully Station II,Week1,Brandywine,Week3,237.0 Sully Station II - 163.0 Brandywine
Sully Station II,Week2,Holmes Run Acres,Week4,274.0 Sully Station II - 127.0 Holmes Run Acres
Sully Station,Week2,Poplar Tree,Week5,206.0 Poplar Tree - 196.0 Sully Station
Sully Station,Week2,Highland Park,Week3,247.0 Sully Station - 155.0 Highland Park
Sully Station II,Week5,Arlington Forest,Week4,263.0 Sully Station II - 139.0 Arlington Forest
Sully Station II,Week1,Mount Vernon Park,Week2,218.0 Mount Vernon Park - 184.0 Sully Station II
Sully Station,Week2,Hollin Hills,Week2,326.0 Sully Station - 76.0 Hollin Hills
Sully Station II,Week2,Wakefield Chapel,Week3,235.0 Wakefield Chapel - 167.0 Sully Station II
Sully Station II,Week3,Brandywine,Week1,284.0 Sully Station II - 118.0 Brandywine
Sully Station,Week2,High Point Pool,Week3,207.0 Sully Station - 195.0 High Point Pool
Sully Station II,Week3,Holmes Run Acres,Week5,235.0 Sully Station II - 167.0 Holmes Run Acres
Sully Station II,Week3,Wakefield Chapel,Week4,201.0 Sully Station II - 201.0 Wakefield Chapel
Sully Station,Week2,Highland Park,Week2,233.0 Sully Station - 169.0 Highland Park
Sully Station II,Week3,Mount Vernon Park,Week4,230.0 Sully Station II - 172.0 Mount Vernon Park
Sully Station II,Week3,Brandywine,Week3,265.0 Sully Station II - 137.0 Brandywine
Sully Station II,Week2,Bren Mar-Edsall Park,Week3,363.0 Sully Station II - 39.0 Bren Mar-Edsall Park
Sully Station II,Week1,Holmes Run Acres,Week3,217.0 Sully Station II - 184.0 Holmes Run Acres
Sully Station,Week3,Poplar Tree,Week2,218.0 Sully Station - 184.0 Poplar Tree
Sully Station II,Week3,Wakefield Chapel,Week5,254.0 Wakefield Chapel - 148.0 Sully Station II
Sully Station,Week2,High Point Pool,Week5,206.0 Sully Station - 196.0 High Point Pool
Sully Station II,Week4,Mosby Woods,Week1,231.0 Mosby Woods - 171.0 Sully Station II
Sully Station,Week4,High Point Pool,Week5,205.0 Sully Station - 197.0 High Point Pool
Sully Station II,Week2,Mount Vernon Park,Week3,206.0 Sully Station II - 196.0 Mount Vernon Park
Sully Station,Week4,Poplar Tree,Week2,222.0 Sully Station - 180.0 Poplar Tree
Sully Station II,Week2,Holmes Run Acres,Week3,256.0 Sully Station II - 145.0 Holmes Run Acres
Sully Station,Week5,Poplar Heights,Week5,245.0 Sully Station - 157.0 Poplar Heights
Sully Station II,Week2,Wakefield Chapel,Week2,212.0 Wakefield Chapel - 190.0 Sully Station II
Sully Station II,Week2,Wakefield Chapel,Week5,259.5 Wakefield Chapel - 142.5 Sully Station II
Sully Station II,Week4,Mount Vernon Park,Week1,228.5 Mount Vernon Park - 173.5 Sully Station II
Sully Station II,Week2,Wakefield Chapel,Week4,213.0 Wakefield Chapel - 189.0 Sully Station II
Sully Station II,Week2,Holmes Run Acres,Week2,283.0 Sully Station II - 118.0 Holmes Run Acres
Sully Station,Week5,Poplar Tree,Week1,249.0 Sully Station - 153.0 Poplar Tree
Sully Station II,Week3,Brandywine,Week5,251.0 Sully Station II - 151.0 Brandywine
Sully Station,Week3,High Point Pool,Week4,203.0 High Point Pool - 199.0 Sully Station
Sully Station II,Week4,Mount Vernon Park,Week2,217.0 Mount Vernon Park - 185.0 Sully Station II
Sully Station,Week4,High Point Pool,Week2,202.0 High Point Pool - 200.0 Sully Station
Sully Station II,Week3,Brandywine,Week4,263.0 Sully Station II - 139.0 Brandywine
Sully Station II,Week4,Wakefield Chapel,Week3,268.0 Wakefield Chapel - 134.0 Sully Station II
Sully Station II,Week2,Hunt Valley,Week2,204.0 Sully Station II - 198.0 Hunt Valley
Sully Station,Week3,High Point Pool,Week2,205.0 High Point Pool - 197.0 Sully Station
Sully Station II,Week5,Brandywine,Week5,252.0 Sully Station II - 150.0 Brandywine
Sully Station II,Week2,Bren Mar-Edsall Park,Week1,375.0 Sully Station II - 26.0 Bren Mar-Edsall Park
Sully Station II,Week4,Mosby Woods,Week3,214.0 Mosby Woods - 188.0 Sully Station II
Sully Station,Week2,Poplar Tree,Week3,214.0 Sully Station - 188.0 Poplar Tree
Sully Station,Week4,High Point Pool,Week3,228.0 Sully Station - 174.0 High Point Pool
Sully Station II,Week4,Wakefield Chapel,Week2,257.5 Wakefield Chapel - 144.5 Sully Station II
Sully Station II,Week2,Wakefield Chapel,Week1,247.0 Wakefield Chapel - 155.0 Sully Station II
Sully Station,Week2,Poplar Tree,Week2,218.0 Sully Station - 184.0 Poplar Tree
Sully Station II,Week5,Brandywine,Week3,280.0 Sully Station II - 122.0 Brandywine
Sully Station II,Week1,Mount Vernon Park,Week5,248.0 Mount Vernon Park - 154.0 Sully Station II
Sully Station,Week1,Poplar Tree,Week2,224.0 Sully Station - 178.0 Poplar Tree
Sully Station II,Week2,Holmes Run Acres,Week5,232.0 Sully Station II - 170.0 Holmes Run Acres
Sully Station II,Week5,Mosby Woods,Week4,241.0 Sully Station II - 161.0 Mosby Woods
Sully Station,Week3,High Point Pool,Week1,222.0 Sully Station - 180.0 High Point Pool
Sully Station II,Week5,Hunt Valley,Week2,232.0 Sully Station II - 170.0 Hunt Valley
Sully Station II,Week1,Mount Vernon Park,Week1,225.0 Mount Vernon Park - 177.0 Sully Station II
Sully Station II,Week5,Holmes Run Acres,Week2,292.0 Sully Station II - 110.0 Holmes Run Acres
Sully Station,Week2,Poplar Tree,Week4,212.0 Sully Station - 190.0 Poplar Tree
Sully Station II,Week3,Wakefield Chapel,Week3,228.0 Wakefield Chapel - 174.0 Sully Station II
Sully Station,Week4,High Point Pool,Week4,205.0 Sully Station - 197.0 High Point Pool
Sully Station II,Week5,Holmes Run Acres,Week1,278.0 Sully Station II - 124.0 Holmes Run Acres
Sully Station II,Week5,Brandywine,Week2,281.0 Sully Station II - 121.0 Brandywine
Sully Station II,Week4,Wakefield Chapel,Week1,278.0 Wakefield Chapel - 124.0 Sully Station II
Sully Station II,Week5,Brandywine,Week1,291.0 Sully Station II - 111.0 Brandywine
Sully Station II,Week4,Newington Forest,Week3,299.0 Sully Station II - 103.0 Newington Forest
Sully Station II,Week5,Wakefield Chapel,Week1,215.0 Wakefield Chapel - 187.0 Sully Station II
Sully Station II,Week5,Holmes Run Acres,Week5,243.0 Sully Station II - 159.0 Holmes Run Acres
Sully Station,Week5,High Point Pool,Week5,231.0 Sully Station - 171.0 High Point Pool
Sully Station,Week1,Ravensworth Farm,Week2,258.0 Sully Station - 144.0 Ravensworth Farm
Sully Station II,Week1,Newington Forest,Week2,317.0 Sully Station II - 85.0 Newington Forest
Sully Station II,Week1,Hunt Valley,Week3,238.0 Hunt Valley - 164.0 Sully Station II
Sully Station,Week1,Ravensworth Farm,Week1,247.0 Sully Station - 155.0 Ravensworth Farm
Sully Station,Week4,Ravensworth Farm,Week5,218.0 Sully Station - 184.0 Ravensworth Farm
Sully Station II,Week2,Hunt Valley,Week4,218.0 Hunt Valley - 184.0 Sully Station II
Sully Station II,Week4,Newington Forest,Week2,307.0 Sully Station II - 95.0 Newington Forest
Sully Station II,Week4,Brandywine,Week2,231.0 Sully Station II - 171.0 Brandywine
Sully Station II,Week1,Mount Vernon Park,Week3,227.0 Mount Vernon Park - 175.0 Sully Station II
Sully Station,Week5,High Point Pool,Week3,235.0 Sully Station - 167.0 High Point Pool
Sully Station II,Week4,Bren Mar-Edsall Park,Week1,372.0 Sully Station II - 30.0 Bren Mar-Edsall Park
Sully Station II,Week5,Wakefield Chapel,Week2,222.0 Sully Station II - 180.0 Wakefield Chapel
Sully Station II,Week4,Mount Vernon Park,Week5,257.0 Mount Vernon Park - 145.0 Sully Station II
Sully Station,Week1,Highland Park,Week4,242.5 Sully Station - 159.5 Highland Park
Sully Station,Week1,Highland Park,Week1,235.0 Sully Station - 167.0 Highland Park
Sully Station,Week1,Ravensworth Farm,Week4,242.0 Sully Station - 160.0 Ravensworth Farm
Sully Station,Week3,High Point Pool,Week5,201.0 High Point Pool - 201.0 Sully Station
Sully Station II,Week1,Hunter Mill,Week2,207.0 Hunter Mill - 194.0 Sully Station II
Sully Station II,Week3,Mount Vernon Park,Week1,219.5 Sully Station II - 182.5 Mount Vernon Park
Sully Station II,Week3,Hunt Valley,Week1,229.0 Sully Station II - 173.0 Hunt Valley
Sully Station II,Week4,Bren Mar-Edsall Park,Week2,362.0 Sully Station II - 40.0 Bren Mar-Edsall Park
Sully Station II,Week2,Bren Mar-Edsall Park,Week5,365.0 Sully Station II - 37.0 Bren Mar-Edsall Park
Sully Station,Week4,Poplar Tree,Week3,232.0 Sully Station - 170.0 Poplar Tree
Sully Station,Week1,Highland Park,Week2,252.0 Sully Station - 150.0 Highland Park
Sully Station,Week5,Poplar Tree,Week3,248.0 Sully Station - 154.0 Poplar Tree
Sully Station,Week3,Poplar Tree,Week3,212.0 Sully Station - 190.0 Poplar Tree
Sully Station II,Week3,Bren Mar-Edsall Park,Week3,374.0 Sully Station II - 28.0 Bren Mar-Edsall Park
Sully Station,Week2,Poplar Tree,Week1,212.0 Sully Station - 190.0 Poplar Tree
Sully Station II,Week4,Bren Mar-Edsall Park,Week5,354.0 Sully Station II - 48.0 Bren Mar-Edsall Park
Sully Station,Week2,High Point Pool,Week4,205.0 High Point Pool - 197.0 Sully Station
Sully Station,Week2,Ravensworth Farm,Week4,227.0 Sully Station - 175.0 Ravensworth Farm
Sully Station II,Week3,Mount Vernon Park,Week2,237.0 Sully Station II - 165.0 Mount Vernon Park
Sully Station II,Week4,Wakefield Chapel,Week4,259.0 Wakefield Chapel - 143.0 Sully Station II
Sully Station,Week5,High Point Pool,Week1,237.0 Sully Station - 165.0 High Point Pool
Sully Station II,Week4,Wakefield Chapel,Week5,288.0 Wakefield Chapel - 114.0 Sully Station II
Sully Station II,Week1,Newington Forest,Week5,291.0 Sully Station II - 111.0 Newington Forest
Sully Station II,Week4,Hunt Valley,Week2,221.0 Hunt Valley - 181.0 Sully Station II
Sully Station II,Week4,Brandywine,Week3,235.0 Sully Station II - 167.0 Brandywine
Sully Station II,Week5,Hunt Valley,Week5,206.0 Hunt Valley - 196.0 Sully Station II
Sully Station II,Week5,Newington Forest,Week3,336.0 Sully Station II - 66.0 Newington Forest
Sully Station II,Week1,Brookfield ,Week2,232.0 Sully Station II - 170.0 Brookfield
Sully Station II,Week2,Hunt Valley,Week1,204.0 Hunt Valley - 198.0 Sully Station II
Sully Station II,Week3,Hunt Valley,Week4,208.0 Sully Station II - 194.0 Hunt Valley
Sully Station II,Week3,Bren Mar-Edsall Park,Week1,374.0 Sully Station II - 28.0 Bren Mar-Edsall Park
Sully Station,Week1,Highland Park,Week3,261.0 Sully Station - 141.0 Highland Park
Sully Station,Week2,Ravensworth Farm,Week5,220.0 Sully Station - 182.0 Ravensworth Farm
Sully Station,Week5,High Point Pool,Week4,230.0 Sully Station - 172.0 High Point Pool
Sully Station,Week4,High Point Pool,Week1,214.0 Sully Station - 188.0 High Point Pool
Sully Station II,Week4,Brandywine,Week4,227.5 Sully Station II - 174.5 Brandywine
Sully Station II,Week3,Newington Forest,Week3,329.0 Sully Station II - 73.0 Newington Forest
Sully Station II,Week1,Hunt Valley,Week2,226.0 Hunt Valley - 176.0 Sully Station II
Sully Station II,Week5,Brandywine,Week4,273.0 Sully Station II - 129.0 Brandywine
Sully Station II,Week2,Newington Forest,Week2,329.0 Sully Station II - 73.0 Newington Forest
Sully Station II,Week3,Bren Mar-Edsall Park,Week4,372.0 Sully Station II - 30.0 Bren Mar-Edsall Park
Sully Station II,Week4,Hunt Valley,Week3,245.0 Hunt Valley - 157.0 Sully Station II
Sully Station,Week3,High Point Pool,Week3,224.0 Sully Station - 178.0 High Point Pool
Sully Station II,Week5,Mount Vernon Park,Week3,221.0 Sully Station II - 181.0 Mount Vernon Park
Sully Station,Week2,Ravensworth Farm,Week1,222.0 Sully Station - 180.0 Ravensworth Farm
Sully Station,Week5,High Point Pool,Week2,219.0 Sully Station - 183.0 High Point Pool
Sully Station II,Week4,Mount Vernon Park,Week3,240.0 Mount Vernon Park - 162.0 Sully Station II
Sully Station II,Week4,Brandywine,Week1,241.0 Sully Station II - 161.0 Brandywine
Sully Station,Week4,Ravensworth Farm,Week1,249.0 Sully Station - 153.0 Ravensworth Farm
Sully Station,Week1,Riverside Gardens,Week3,211.0 Sully Station - 191.0 Riverside Gardens
Sully Station II,Week2,Hunt Valley,Week5,233.0 Hunt Valley - 169.0 Sully Station II
Sully Station II,Week5,Mount Vernon Park,Week5,201.0 Mount Vernon Park - 201.0 Sully Station II
Sully Station II,Week4,Hunt Valley,Week1,222.0 Hunt Valley - 180.0 Sully Station II
Sully Station II,Week1,Bren Mar-Edsall Park,Week3,345.0 Sully Station II - 57.0 Bren Mar-Edsall Park
Sully Station,Week3,Ravensworth Farm,Week2,246.0 Sully Station - 156.0 Ravensworth Farm
Sully Station II,Week2,Hunt Valley,Week3,231.0 Hunt Valley - 171.0 Sully Station II
Sully Station II,Week1,Hunt Valley,Week5,245.0 Hunt Valley - 157.0 Sully Station II
Sully Station II,Week2,Bren Mar-Edsall Park,Week4,365.0 Sully Station II - 37.0 Bren Mar-Edsall Park
Sully Station II,Week5,Holmes Run Acres,Week4,286.0 Sully Station II - 116.0 Holmes Run Acres
Sully Station II,Week3,Newington Forest,Week2,340.0 Sully Station II - 61.0 Newington Forest
Sully Station II,Week2,Newington Forest,Week1,337.0 Sully Station II - 64.0 Newington Forest
Sully Station II,Week1,Bren Mar-Edsall Park,Week5,341.0 Sully Station II - 60.0 Bren Mar-Edsall Park
Sully Station II,Week4,Brandywine,Week5,205.0 Sully Station II - 197.0 Brandywine
Sully Station II,Week4,Hunt Valley,Week4,230.0 Hunt Valley - 172.0 Sully Station II
Sully Station,Week3,Ravensworth Farm,Week5,209.0 Sully Station - 193.0 Ravensworth Farm
Sully Station,Week5,Ravensworth Farm,Week4,253.0 Sully Station - 149.0 Ravensworth Farm
Sully Station,Week2,Riverside Gardens,Week1,202.0 Riverside Gardens - 200.0 Sully Station
Sully Station,Week2,Riverside Gardens,Week3,209.0 Riverside Gardens - 193.0 Sully Station
Sully Station II,Week4,Newington Forest,Week1,314.0 Sully Station II - 88.0 Newington Forest
Sully Station,Week2,Ravensworth Farm,Week2,242.0 Sully Station - 160.0 Ravensworth Farm
Sully Station II,Week1,Bren Mar-Edsall Park,Week2,354.0 Sully Station II - 48.0 Bren Mar-Edsall Park
Sully Station II,Week1,Bren Mar-Edsall Park,Week4,342.0 Sully Station II - 59.0 Bren Mar-Edsall Park
Sully Station II,Week5,Holmes Run Acres,Week3,255.0 Sully Station II - 147.0 Holmes Run Acres
Sully Station,Week3,Riverside Gardens,Week1,207.0 Sully Station - 195.0 Riverside Gardens
Sully Station,Week4,Ravensworth Farm,Week4,236.0 Sully Station - 166.0 Ravensworth Farm
Sully Station II,Week1,Newington Forest,Week3,314.0 Sully Station II - 88.0 Newington Forest
Sully Station II,Week5,Mount Vernon Park,Week4,227.0 Sully Station II - 175.0 Mount Vernon Park
Sully Station II,Week3,Newington Forest,Week5,325.5 Sully Station II - 76.5 Newington Forest
Sully Station II,Week4,Hunt Valley,Week5,263.0 Hunt Valley - 139.0 Sully Station II
Sully Station II,Week3,Hunt Valley,Week5,222.0 Hunt Valley - 180.0 Sully Station II
Sully Station II,Week5,Mount Vernon Park,Week2,244.0 Sully Station II - 158.0 Mount Vernon Park
Sully Station II,Week1,Bren Mar-Edsall Park,Week1,356.0 Sully Station II - 44.0 Bren Mar-Edsall Park
Sully Station II,Week5,Hunt Valley,Week1,232.0 Sully Station II - 170.0 Hunt Valley
Sully Station II,Week1,Ilda Community,Week2,309.0 Sully Station II - 93.0 Ilda Community
Sully Station II,Week5,Bren Mar-Edsall Park,Week1,384.0 Sully Station II - 18.0 Bren Mar-Edsall Park
Sully Station II,Week1,Newington Forest,Week4,304.0 Sully Station II - 98.0 Newington Forest
Sully Station II,Week5,Hunt Valley,Week4,213.5 Sully Station II - 188.5 Hunt Valley
Sully Station II,Week5,Newington Forest,Week1,351.0 Sully Station II - 51.0 Newington Forest
Sully Station,Week3,Ravensworth Farm,Week3,221.0 Sully Station - 181.0 Ravensworth Farm
Sully Station,Week2,Ravensworth Farm,Week3,229.0 Sully Station - 173.0 Ravensworth Farm
Sully Station II,Week5,Hunter Mill,Week5,225.0 Sully Station II - 177.0 Hunter Mill
Sully Station II,Week5,Bren Mar-Edsall Park,Week3,382.0 Sully Station II - 20.0 Bren Mar-Edsall Park
Sully Station II,Week4,Newington Forest,Week4,289.0 Sully Station II - 113.0 Newington Forest
Sully Station II,Week1,Brookfield ,Week1,229.0 Sully Station II - 173.0 Brookfield
Sully Station II,Week3,Brookfield ,Week5,262.0 Sully Station II - 140.0 Brookfield
Sully Station,Week3,Riverside Gardens,Week3,202.0 Sully Station - 200.0 Riverside Gardens
Sully Station II,Week5,Mount Vernon Park,Week1,228.5 Sully Station II - 173.5 Mount Vernon Park
Sully Station,Week1,Riverside Gardens,Week2,248.0 Sully Station - 154.0 Riverside Gardens
Sully Station II,Week5,Bren Mar-Edsall Park,Week2,381.0 Sully Station II - 21.0 Bren Mar-Edsall Park
Sully Station II,Week4,Newington Forest,Week5,293.0 Sully Station II - 109.0 Newington Forest
Sully Station,Week5,Ravensworth Farm,Week1,258.0 Sully Station - 144.0 Ravensworth Farm
Sully Station II,Week5,Bren Mar-Edsall Park,Week5,374.0 Sully Station II - 28.0 Bren Mar-Edsall Park
Sully Station II,Week1,Brookfield ,Week4,217.0 Sully Station II - 185.0 Brookfield
Sully Station II,Week3,Hunt Valley,Week2,230.0 Sully Station II - 172.0 Hunt Valley
Sully Station II,Week3,Bren Mar-Edsall Park,Week2,372.0 Sully Station II - 30.0 Bren Mar-Edsall Park
Sully Station II,Week3,Newington Forest,Week4,324.0 Sully Station II - 78.0 Newington Forest
Sully Station II,Week3,Bren Mar-Edsall Park,Week5,365.0 Sully Station II - 37.0 Bren Mar-Edsall Park
Sully Station II,Week5,Hunter Mill,Week3,242.0 Sully Station II - 160.0 Hunter Mill
Sully Station II,Week1,Hunt Valley,Week1,211.0 Hunt Valley - 191.0 Sully Station II
Sully Station II,Week1,Newington Forest,Week1,315.0 Sully Station II - 86.0 Newington Forest
Sully Station,Week4,Ravensworth Farm,Week2,263.0 Sully Station - 139.0 Ravensworth Farm
Sully Station II,Week2,Newington Forest,Week5,317.0 Sully Station II - 85.0 Newington Forest
Sully Station,Week4,Ravensworth Farm,Week3,232.0 Sully Station - 170.0 Ravensworth Farm
Sully Station,Week3,Riverside Gardens,Week2,214.0 Sully Station - 188.0 Riverside Gardens
Sully Station,Week5,Ravensworth Farm,Week3,247.0 Sully Station - 155.0 Ravensworth Farm
Sully Station,Week3,Ravensworth Farm,Week1,241.0 Sully Station - 161.0 Ravensworth Farm
Sully Station II,Week1,Hunter Mill,Week4,209.0 Hunter Mill - 193.0 Sully Station II
Sully Station II,Week2,Newington Forest,Week3,323.0 Sully Station II - 79.0 Newington Forest
Sully Station II,Week1,Hunt Valley,Week4,240.0 Hunt Valley - 162.0 Sully Station II
Sully Station II,Week3,Hunt Valley,Week3,210.0 Hunt Valley - 192.0 Sully Station II
Sully Station II,Week4,Bren Mar-Edsall Park,Week4,363.0 Sully Station II - 39.0 Bren Mar-Edsall Park
Sully Station,Week5,Ravensworth Farm,Week2,268.0 Sully Station - 134.0 Ravensworth Farm
Sully Station II,Week4,Mount Vernon Park,Week4,228.0 Mount Vernon Park - 174.0 Sully Station II
Sully Station II,Week4,Hunter Mill,Week3,213.0 Hunter Mill - 189.0 Sully Station II
Sully Station,Week3,Ravensworth Farm,Week4,227.0 Sully Station - 175.0 Ravensworth Farm
Sully Station II,Week4,Bren Mar-Edsall Park,Week3,359.0 Sully Station II - 43.0 Bren Mar-Edsall Park
Sully Station II,Week2,Bren Mar-Edsall Park,Week2,371.0 Sully Station II - 31.0 Bren Mar-Edsall Park
Sully Station II,Week2,Newington Forest,Week4,321.0 Sully Station II - 81.0 Newington Forest
Sully Station II,Week5,Hunt Valley,Week3,204.5 Hunt Valley - 197.5 Sully Station II
Sully Station II,Week1,Hunter Mill,Week1,207.0 Hunter Mill - 195.0 Sully Station II
Sully Station II,Week5,Bren Mar-Edsall Park,Week4,382.0 Sully Station II - 20.0 Bren Mar-Edsall Park
Sully Station,Week2,Riverside Gardens,Week2,220.0 Sully Station - 182.0 Riverside Gardens
Sully Station II,Week3,Newington Forest,Week1,345.0 Sully Station II - 57.0 Newington Forest
Sully Station II,Week2,Ilda Community,Week4,314.0 Sully Station II - 87.0 Ilda Community
Sully Station II,Week1,North Springfield,Week2,312.0 Sully Station II - 74.0 North Springfield
Sully Station II,Week1,North Springfield,Week1,295.0 Sully Station II - 54.0 North Springfield
Sully Station II,Week2,Ilda Community,Week2,323.0 Sully Station II - 79.0 Ilda Community
Sully Station II,Week4,Brookfield ,Week2,236.0 Sully Station II - 166.0 Brookfield
Sully Station II,Week2,Ilda Community,Week3,325.0 Sully Station II - 76.0 Ilda Community
Sully Station II,Week4,Hunter Mill,Week5,237.0 Hunter Mill - 165.0 Sully Station II
Sully Station,Week1,Riverside Gardens,Week5,203.0 Riverside Gardens - 199.0 Sully Station
Sully Station II,Week1,Oakton ,Week4,233.0 Oakton - 169.0 Sully Station II
Sully Station II,Week5,Newington Forest,Week2,338.0 Sully Station II - 64.0 Newington Forest
Sully Station,Week2,Riverside Gardens,Week4,213.0 Riverside Gardens - 189.0 Sully Station
Sully Station II,Week4,Brookfield ,Week1,225.0 Sully Station II - 177.0 Brookfield
Sully Station II,Week3,Brookfield ,Week4,267.0 Sully Station II - 135.0 Brookfield
Sully Station,Week5,Ravensworth Farm,Week5,240.0 Sully Station - 162.0 Ravensworth Farm
Sully Station II,Week1,Ilda Community,Week4,295.0 Sully Station II - 106.0 Ilda Community
Sully Station II,Week2,Ilda Community,Week5,323.0 Sully Station II - 78.0 Ilda Community
Sully Station II,Week3,Brookfield ,Week2,276.0 Sully Station II - 126.0 Brookfield
Sully Station,Week1,Riverside Gardens,Week1,240.0 Sully Station - 162.0 Riverside Gardens
Sully Station II,Week3,Brookfield ,Week1,272.0 Sully Station II - 130.0 Brookfield
Sully Station II,Week2,North Springfield,Week2,335.0 Sully Station II - 52.0 North Springfield
Sully Station,Week1,Riverside Gardens,Week4,209.0 Sully Station - 193.0 Riverside Gardens
Sully Station II,Week1,North Springfield,Week5,285.0 Sully Station II - 87.0 North Springfield
Sully Station II,Week5,Brookfield ,Week4,266.0 Sully Station II - 136.0 Brookfield
Sully Station II,Week5,North Springfield,Week3,342.0 Sully Station II - 54.0 North Springfield
Sully Station II,Week1,Oakton ,Week3,226.0 Oakton - 176.0 Sully Station II
Sully Station,Week1,Rolling Forest,Week2,266.0 Sully Station - 136.0 Rolling Forest
Sully Station II,Week5,Newington Forest,Week5,335.0 Sully Station II - 67.0 Newington Forest
Sully Station II,Week3,Hunter Mill,Week5,236.0 Sully Station II - 166.0 Hunter Mill
Sully Station II,Week2,Brookfield ,Week2,270.0 Sully Station II - 132.0 Brookfield
Sully Station II,Week3,Hunter Mill,Week2,247.0 Sully Station II - 155.0 Hunter Mill
Sully Station II,Week4,Brookfield ,Week5,224.0 Sully Station II - 178.0 Brookfield
Sully Station II,Week3,Ilda Community,Week1,329.0 Sully Station II - 73.0 Ilda Community
Sully Station II,Week1,North Springfield,Week4,318.0 Sully Station II - 69.0 North Springfield
Sully Station,Week4,Riverside Gardens,Week1,208.0 Sully Station - 194.0 Riverside Gardens
Sully Station,Week2,Riverside Gardens,Week5,209.0 Riverside Gardens - 193.0 Sully Station
Sully Station II,Week1,Hunter Mill,Week3,214.0 Hunter Mill - 188.0 Sully Station II
Sully Station II,Week3,North Springfield,Week1,311.0 Sully Station II - 40.0 North Springfield
Sully Station II,Week2,Brookfield ,Week4,249.0 Sully Station II - 153.0 Brookfield
Sully Station II,Week2,Hunter Mill,Week3,210.0 Sully Station II - 192.0 Hunter Mill
Sully Station,Week5,Riverside Gardens,Week2,243.0 Sully Station - 159.0 Riverside Gardens
Sully Station II,Week3,Brookfield ,Week3,292.0 Sully Station II - 110.0 Brookfield
Sully Station II,Week1,Broyhill Crest,Week2,361.0 Sully Station II - 40.0 Broyhill Crest
Sully Station,Week4,Riverside Gardens,Week4,214.0 Riverside Gardens - 188.0 Sully Station
Sully Station II,Week1,Oakton ,Week1,219.0 Oakton - 183.0 Sully Station II
Sully Station II,Week2,Brookfield ,Week5,258.0 Sully Station II - 144.0 Brookfield
Sully Station II,Week1,North Springfield,Week3,315.0 Sully Station II - 77.0 North Springfield
Sully Station,Week5,Riverside Gardens,Week4,211.0 Sully Station - 191.0 Riverside Gardens
Sully Station II,Week2,Hunter Mill,Week2,222.0 Sully Station II - 180.0 Hunter Mill
Sully Station,Week2,Rolling Forest,Week5,255.0 Sully Station - 147.0 Rolling Forest
Sully Station II,Week1,Broyhill Crest,Week4,355.0 Sully Station II - 46.0 Broyhill Crest
Sully Station,Week5,Riverside Gardens,Week5,216.0 Sully Station - 186.0 Riverside Gardens
Sully Station,Week1,Fox Hunt,Week1,285.0 Sully Station - 117.0 Fox Hunt
Sully Station II,Week3,Hunter Mill,Week1,241.0 Sully Station II - 161.0 Hunter Mill
Sully Station,Week3,Fox Hunt,Week4,253.0 Sully Station - 149.0 Fox Hunt
Sully Station,Week3,Little Hunting Park,Week1,301.0 Sully Station - 100.0 Little Hunting Park
Sully Station II,Week3,Hunter Mill,Week4,220.0 Sully Station II - 182.0 Hunter Mill
Sully Station II,Week1,Broyhill Crest,Week1,357.0 Sully Station II - 44.0 Broyhill Crest
Sully Station,Week2,Little Hunting Park,Week4,288.0 Sully Station - 114.0 Little Hunting Park
Sully Station II,Week2,North Springfield,Week4,331.0 Sully Station II - 56.0 North Springfield
Sully Station II,Week2,Brookfield ,Week1,257.0 Sully Station II - 145.0 Brookfield
Sully Station,Week3,Fox Hunt,Week3,246.0 Sully Station - 156.0 Fox Hunt
Sully Station II,Week1,Brookfield ,Week5,237.0 Sully Station II - 165.0 Brookfield
Sully Station II,Week2,Hunter Mill,Week5,205.0 Hunter Mill - 197.0 Sully Station II
Sully Station,Week5,Rolling Forest,Week1,283.0 Sully Station - 119.0 Rolling Forest
Sully Station,Week1,Little Rocky Run,Week3,208.0 Little Rocky Run - 194.0 Sully Station
Sully Station II,Week5,Newington Forest,Week4,330.0 Sully Station II - 72.0 Newington Forest
Sully Station,Week1,Rolling Forest,Week4,269.0 Sully Station - 133.0 Rolling Forest
Sully Station,Week1,Rolling Forest,Week5,257.0 Sully Station - 145.0 Rolling Forest
Sully Station II,Week4,North Springfield,Week5,293.0 Sully Station II - 80.0 North Springfield
Sully Station II,Week4,North Springfield,Week2,314.0 Sully Station II - 73.0 North Springfield
Sully Station II,Week3,Hunter Mill,Week3,238.0 Sully Station II - 164.0 Hunter Mill
Sully Station,Week5,Forest Hollow,Week2,280.0 Sully Station - 122.0 Forest Hollow
Sully Station II,Week4,Hunter Mill,Week4,223.0 Hunter Mill - 179.0 Sully Station II
Sully Station II,Week1,Broyhill Crest,Week3,364.0 Sully Station II - 36.0 Broyhill Crest
Sully Station,Week2,Little Hunting Park,Week5,264.0 Sully Station - 138.0 Little Hunting Park
Sully Station,Week5,Virginia Run,Week3,263.0 Sully Station - 139.0 Virginia Run
Sully Station,Week5,Little Hunting Park,Week3,316.0 Sully Station - 86.0 Little Hunting Park
Sully Station II,Week4,Hunter Mill,Week2,210.0 Hunter Mill - 192.0 Sully Station II
Sully Station II,Week4,Brookfield ,Week3,237.0 Sully Station II - 165.0 Brookfield
Sully Station II,Week3,North Springfield,Week2,336.0 Sully Station II - 52.0 North Springfield
Sully Station II,Week5,Hunter Mill,Week1,260.0 Sully Station II - 142.0 Hunter Mill
Sully Station,Week1,Little Rocky Run,Week1,204.0 Sully Station - 198.0 Little Rocky Run
Sully Station,Week3,Little Hunting Park,Week4,289.0 Sully Station - 113.0 Little Hunting Park
Sully Station,Week4,Fox Hunt,Week3,244.5 Sully Station - 157.5 Fox Hunt
Sully Station,Week5,Riverside Gardens,Week1,226.0 Sully Station - 176.0 Riverside Gardens
Sully Station II,Week5,Brookfield ,Week3,290.0 Sully Station II - 112.0 Brookfield
Sully Station II,Week4,Hunter Mill,Week1,209.0 Hunter Mill - 193.0 Sully Station II
Sully Station,Week3,Riverside Gardens,Week4,213.0 Riverside Gardens - 189.0 Sully Station
Sully Station,Week5,Riverside Gardens,Week3,223.0 Sully Station - 179.0 Riverside Gardens
Sully Station II,Week2,North Springfield,Week3,331.0 Sully Station II - 62.0 North Springfield
Sully Station II,Week3,North Springfield,Week5,315.0 Sully Station II - 58.0 North Springfield
Sully Station,Week4,Fox Hunt,Week1,268.0 Sully Station - 134.0 Fox Hunt
Sully Station,Week3,Little Hunting Park,Week5,270.0 Sully Station - 132.0 Little Hunting Park
Sully Station II,Week2,Brookfield ,Week3,266.0 Sully Station II - 136.0 Brookfield
Sully Station,Week4,Fox Hunt,Week2,269.0 Sully Station - 133.0 Fox Hunt
Sully Station,Week5,Forest Hollow,Week4,261.0 Sully Station - 141.0 Forest Hollow
Sully Station,Week5,Forest Hollow,Week3,270.0 Sully Station - 132.0 Forest Hollow
Sully Station,Week2,Rolling Forest,Week1,255.0 Sully Station - 147.0 Rolling Forest
Sully Station,Week2,Rolling Forest,Week2,255.0 Sully Station - 147.0 Rolling Forest
Sully Station II,Week5,Brookfield ,Week2,278.5 Sully Station II - 123.5 Brookfield
Sully Station,Week4,Fox Hunt,Week5,244.0 Sully Station - 158.0 Fox Hunt
Sully Station,Week4,Little Hunting Park,Week3,310.0 Sully Station - 92.0 Little Hunting Park
Sully Station,Week1,Little Rocky Run,Week4,203.0 Little Rocky Run - 199.0 Sully Station
Sully Station II,Week5,Hunter Mill,Week2,256.0 Sully Station II - 146.0 Hunter Mill
Sully Station II,Week2,Hunter Mill,Week1,230.0 Sully Station II - 172.0 Hunter Mill
Sully Station,Week1,Virginia Run,Week4,245.0 Sully Station - 157.0 Virginia Run
Sully Station,Week5,Little Hunting Park,Week4,307.0 Sully Station - 95.0 Little Hunting Park
Sully Station,Week4,Little Hunting Park,Week4,294.5 Sully Station - 107.5 Little Hunting Park
Sully Station,Week4,Fox Hunt,Week4,253.0 Sully Station - 149.0 Fox Hunt
Sully Station,Week1,Virginia Run,Week3,249.0 Sully Station - 153.0 Virginia Run
Sully Station II,Week1,Brookfield ,Week3,247.0 Sully Station II - 155.0 Brookfield
Sully Station,Week3,Rolling Forest,Week2,256.0 Sully Station - 146.0 Rolling Forest
Sully Station,Week2,Virginia Run,Week1,225.0 Sully Station - 177.0 Virginia Run
Sully Station II,Week2,Hunter Mill,Week4,204.0 Sully Station II - 198.0 Hunter Mill
Sully Station II,Week4,North Springfield,Week1,299.0 Sully Station II - 51.0 North Springfield
Sully Station,Week1,Virginia Run,Week1,241.0 Sully Station - 161.0 Virginia Run
Sully Station II,Week1,Hunter Mill,Week5,230.0 Hunter Mill - 172.0 Sully Station II
Sully Station,Week4,Rolling Forest,Week4,274.5 Sully Station - 127.5 Rolling Forest
Sully Station II,Week3,North Springfield,Week4,342.5 Sully Station II - 48.5 North Springfield
Sully Station II,Week4,North Springfield,Week4,319.0 Sully Station II - 71.0 North Springfield
Sully Station II,Week5,North Springfield,Week4,347.0 Sully Station II - 44.0 North Springfield
Sully Station,Week2,Fox Hunt,Week5,226.0 Sully Station - 176.0 Fox Hunt
Sully Station II,Week5,Brookfield ,Week5,267.0 Sully Station II - 135.0 Brookfield
Sully Station II,Week1,Burke Station,Week2,304.0 Sully Station II - 98.0 Burke Station
Sully Station II,Week1,Oakton ,Week2,237.0 Oakton - 165.0 Sully Station II
Sully Station,Week5,Forest Hollow,Week5,257.0 Sully Station - 145.0 Forest Hollow
Sully Station,Week3,Riverside Gardens,Week5,215.0 Riverside Gardens - 187.0 Sully Station
Sully Station,Week1,Little Rocky Run,Week2,204.0 Little Rocky Run - 198.0 Sully Station
Sully Station II,Week1,Ilda Community,Week3,307.0 Sully Station II - 94.0 Ilda Community
Sully Station,Week4,Little Hunting Park,Week2,300.0 Sully Station - 102.0 Little Hunting Park
Sully Station,Week2,Wakefield Chapel,Week1,261.0 Wakefield Chapel - 141.0 Sully Station
Sully Station II,Week1,Dowden Terrace,Week1,244.0 Sully Station II - 158.0 Dowden Terrace
Sully Station II,Week2,Dowden Terrace,Week4,253.0 Sully Station II - 149.0 Dowden Terrace
Sully Station II,Week5,North Springfield,Week5,317.0 Sully Station II - 57.0 North Springfield
Sully Station II,Week4,Brookfield ,Week4,219.0 Sully Station II - 183.0 Brookfield
Sully Station,Week2,Rolling Hills,Week1,277.0 Sully Station - 125.0 Rolling Hills
Sully Station,Week1,Wakefield Chapel,Week4,214.0 Wakefield Chapel - 188.0 Sully Station
Sully Station,Week3,Virginia Run,Week1,235.0 Sully Station - 167.0 Virginia Run
Sully Station II,Week4,North Springfield,Week3,310.0 Sully Station II - 85.0 North Springfield
Sully Station II,Week5,Hunter Mill,Week4,246.0 Sully Station II - 156.0 Hunter Mill
Sully Station II,Week5,Brookfield ,Week1,270.0 Sully Station II - 132.0 Brookfield
Sully Station,Week4,Riverside Gardens,Week3,213.0 Riverside Gardens - 189.0 Sully Station
Sully Station II,Week1,Ilda Community,Week1,298.5 Sully Station II - 103.5 Ilda Community
Sully Station II,Week1,Broyhill Crest,Week5,345.0 Sully Station II - 57.0 Broyhill Crest
Sully Station,Week1,Fox Hunt,Week2,275.0 Sully Station - 127.0 Fox Hunt
Sully Station II,Week5,North Springfield,Week2,338.0 Sully Station II - 50.0 North Springfield
Sully Station,Week5,Fox Hunt,Week1,276.0 Sully Station - 126.0 Fox Hunt
Sully Station II,Week4,Ilda Community,Week1,294.5 Sully Station II - 107.5 Ilda Community
Sully Station II,Week5,North Springfield,Week1,316.0 Sully Station II - 35.0 North Springfield
Sully Station,Week2,Virginia Run,Week3,234.0 Sully Station - 168.0 Virginia Run
Sully Station,Week1,Fox Hunt,Week4,264.0 Sully Station - 138.0 Fox Hunt
Sully Station II,Week2,North Springfield,Week5,305.0 Sully Station II - 69.0 North Springfield
Sully Station II,Week2,Burke Station,Week4,313.0 Sully Station II - 89.0 Burke Station
Sully Station II,Week5,Donaldson Run,Week3,208.0 Donaldson Run - 194.0 Sully Station II
Sully Station II,Week1,Ilda Community,Week5,298.0 Sully Station II - 103.0 Ilda Community
Sully Station,Week2,Virginia Run,Week4,228.0 Sully Station - 174.0 Virginia Run
Sully Station,Week1,Fox Hunt,Week5,250.0 Sully Station - 152.0 Fox Hunt
Sully Station,Week5,Fox Hunt,Week2,277.0 Sully Station - 125.0 Fox Hunt
Sully Station II,Week2,Ilda Community,Week1,324.0 Sully Station II - 77.0 Ilda Community
Sully Station,Week1,Virginia Run,Week2,255.0 Sully Station - 147.0 Virginia Run
Sully Station,Week4,Little Hunting Park,Week1,301.0 Sully Station - 101.0 Little Hunting Park
Sully Station II,Week2,North Springfield,Week1,308.0 Sully Station II - 42.0 North Springfield
Sully Station II,Week4,Ilda Community,Week3,303.0 Sully Station II - 99.0 Ilda Community
Sully Station II,Week3,Broyhill Crest,Week2,378.0 Sully Station II - 24.0 Broyhill Crest
Sully Station II,Week3,North Springfield,Week3,335.0 Sully Station II - 61.0 North Springfield
Sully Station,Week4,Riverside Gardens,Week2,225.0 Sully Station - 177.0 Riverside Gardens
Sully Station II,Week3,Donaldson Run,Week1,218.0 Donaldson Run - 184.0 Sully Station II
Sully Station,Week1,Little Rocky Run,Week5,222.0 Little Rocky Run - 180.0 Sully Station
Sully Station II,Week3,Broyhill Crest,Week5,371.0 Sully Station II - 31.0 Broyhill Crest
Sully Station II,Week2,Broyhill Crest,Week4,373.0 Sully Station II - 29.0 Broyhill Crest
Sully Station,Week3,Virginia Run,Week2,240.0 Sully Station - 162.0 Virginia Run
Sully Station II,Week1,Kent Gardens,Week2,264.0 Sully Station II - 138.0 Kent Gardens
Sully Station,Week2,Rolling Forest,Week3,241.0 Sully Station - 161.0 Rolling Forest
Sully Station,Week4,Virginia Run,Week1,241.0 Sully Station - 161.0 Virginia Run
Sully Station II,Week4,Donaldson Run,Week3,260.0 Donaldson Run - 142.0 Sully Station II
Sully Station,Week1,Rolling Forest,Week1,263.0 Sully Station - 139.0 Rolling Forest
Sully Station II,Week1,Kent Gardens,Week1,238.0 Sully Station II - 164.0 Kent Gardens
Sully Station,Week2,Little Hunting Park,Week2,296.0 Sully Station - 106.0 Little Hunting Park
Sully Station II,Week2,Burke Station,Week2,322.0 Sully Station II - 80.0 Burke Station
Sully Station,Week5,Virginia Hills,Week5,342.0 Sully Station - 60.0 Virginia Hills
Sully Station II,Week1,Oakton ,Week5,252.0 Oakton - 150.0 Sully Station II
Sully Station,Week2,Rolling Forest,Week4,254.0 Sully Station - 148.0 Rolling Forest
Sully Station,Week4,Little Hunting Park,Week5,279.0 Sully Station - 123.0 Little Hunting Park
Sully Station II,Week2,Broyhill Crest,Week2,377.0 Sully Station II - 25.0 Broyhill Crest
Sully Station II,Week3,Donaldson Run,Week5,246.0 Donaldson Run - 156.0 Sully Station II
Sully Station,Week3,Little Hunting Park,Week2,302.0 Sully Station - 100.0 Little Hunting Park
Sully Station,Week4,Riverside Gardens,Week5,221.0 Riverside Gardens - 181.0 Sully Station
Sully Station,Week2,Fox Hunt,Week2,253.0 Sully Station - 149.0 Fox Hunt
Sully Station,Week3,Fox Hunt,Week2,263.0 Sully Station - 139.0 Fox Hunt
Sully Station,Week5,Little Hunting Park,Week2,304.0 Sully Station - 97.0 Little Hunting Park
Sully Station,Week1,Rolling Forest,Week3,246.0 Sully Station - 156.0 Rolling Forest
Sully Station II,Week5,Donaldson Run,Week1,202.0 Donaldson Run - 200.0 Sully Station II
Sully Station,Week2,Fox Hunt,Week3,244.0 Sully Station - 158.0 Fox Hunt
Sully Station II,Week5,Donaldson Run,Week4,221.0 Donaldson Run - 181.0 Sully Station II
Sully Station,Week3,Rolling Forest,Week3,236.0 Sully Station - 166.0 Rolling Forest
Sully Station,Week2,Little Hunting Park,Week1,309.0 Sully Station - 93.0 Little Hunting Park
Sully Station II,Week2,Oakton ,Week1,203.0 Sully Station II - 199.0 Oakton
Sully Station II,Week2,Oakton ,Week2,223.0 Oakton - 179.0 Sully Station II
Sully Station II,Week5,Ilda Community,Week3,339.0 Sully Station II - 63.0 Ilda Community
Sully Station,Week3,Virginia Run,Week4,242.0 Sully Station - 160.0 Virginia Run
Sully Station II,Week4,Broyhill Crest,Week4,367.0 Sully Station II - 34.0 Broyhill Crest
Sully Station,Week4,Virginia Run,Week4,243.0 Sully Station - 159.0 Virginia Run
Sully Station II,Week2,Donaldson Run,Week3,226.0 Donaldson Run - 176.0 Sully Station II
Sully Station,Week3,Fox Hunt,Week1,266.0 Sully Station - 136.0 Fox Hunt
Sully Station II,Week3,Kent Gardens,Week2,303.0 Sully Station II - 99.0 Kent Gardens
Sully Station,Week4,Virginia Run,Week2,241.5 Sully Station - 160.5 Virginia Run
Sully Station,Week3,Rolling Forest,Week4,249.5 Sully Station - 152.5 Rolling Forest
Sully Station,Week2,Fox Hunt,Week4,250.0 Sully Station - 152.0 Fox Hunt
Sully Station,Week2,Little Hunting Park,Week3,294.0 Sully Station - 108.0 Little Hunting Park
Sully Station II,Week1,Kent Gardens,Week4,258.0 Sully Station II - 144.0 Kent Gardens
Sully Station,Week5,Little Rocky Run,Week5,214.5 Little Rocky Run - 187.5 Sully Station
Sully Station II,Week2,Kent Gardens,Week5,239.0 Sully Station II - 163.0 Kent Gardens
Sully Station II,Week2,Old Keene Mill,Week4,309.0 Sully Station II - 92.0 Old Keene Mill
Sully Station II,Week2,Broyhill Crest,Week3,382.0 Sully Station II - 19.0 Broyhill Crest
Sully Station II,Week4,Broyhill Crest,Week2,365.0 Sully Station II - 35.0 Broyhill Crest
Sully Station,Week4,Rolling Forest,Week1,267.0 Sully Station - 135.0 Rolling Forest
Sully Station II,Week3,Donaldson Run,Week3,220.0 Donaldson Run - 182.0 Sully Station II
Sully Station,Week3,Little Rocky Run,Week5,236.5 Little Rocky Run - 165.5 Sully Station
Sully Station,Week2,Fox Hunt,Week1,259.0 Sully Station - 143.0 Fox Hunt
Sully Station II,Week4,Donaldson Run,Week5,280.0 Donaldson Run - 122.0 Sully Station II
Sully Station II,Week3,Oakton ,Week3,206.0 Sully Station II - 196.0 Oakton
Sully Station,Week4,Virginia Run,Week3,254.0 Sully Station - 148.0 Virginia Run
Sully Station,Week3,Rolling Forest,Week1,258.0 Sully Station - 144.0 Rolling Forest
Sully Station II,Week5,Donaldson Run,Week2,219.0 Donaldson Run - 183.0 Sully Station II
Sully Station II,Week4,Ilda Community,Week5,304.0 Sully Station II - 98.0 Ilda Community
Sully Station,Week2,Virginia Run,Week5,201.0 Sully Station - 201.0 Virginia Run
Sully Station II,Week5,Ilda Community,Week1,331.0 Sully Station II - 71.0 Ilda Community
Sully Station II,Week3,Broyhill Crest,Week4,374.5 Sully Station II - 27.5 Broyhill Crest
Sully Station,Week3,Fox Hunt,Week5,239.0 Sully Station - 163.0 Fox Hunt
Sully Station,Week1,Fox Hunt,Week3,247.0 Sully Station - 155.0 Fox Hunt
Sully Station II,Week1,Dowden Terrace,Week3,254.0 Sully Station II - 148.0 Dowden Terrace
Sully Station II,Week3,Oakton ,Week2,209.0 Oakton - 193.0 Sully Station II
Sully Station II,Week4,Broyhill Crest,Week1,360.0 Sully Station II - 41.0 Broyhill Crest
Sully Station,Week4,Rolling Forest,Week2,269.0 Sully Station - 133.0 Rolling Forest
Sully Station,Week3,Rolling Forest,Week5,255.0 Sully Station - 147.0 Rolling Forest
Sully Station,Week5,Little Hunting Park,Week5,285.0 Sully Station - 117.0 Little Hunting Park
Sully Station,Week3,Little Hunting Park,Week3,303.0 Sully Station - 99.0 Little Hunting Park
Sully Station II,Week2,Oakton ,Week3,205.0 Sully Station II - 197.0 Oakton
Sully Station,Week5,Little Hunting Park,Week1,313.0 Sully Station - 88.0 Little Hunting Park
Sully Station II,Week2,Broyhill Crest,Week1,368.0 Sully Station II - 34.0 Broyhill Crest
Sully Station,Week2,Little Rocky Run,Week2,210.0 Little Rocky Run - 192.0 Sully Station
Sully Station,Week5,Virginia Hills,Week4,359.0 Sully Station - 43.0 Virginia Hills
Sully Station II,Week1,Old Keene Mill,Week5,258.0 Sully Station II - 144.0 Old Keene Mill
Sully Station II,Week3,Donaldson Run,Week2,228.0 Donaldson Run - 174.0 Sully Station II
Sully Station,Week5,Virginia Run,Week1,261.0 Sully Station - 141.0 Virginia Run
Sully Station,Week4,Rolling Forest,Week3,239.0 Sully Station - 163.0 Rolling Forest
Sully Station II,Week2,Kent Gardens,Week3,286.0 Sully Station II - 116.0 Kent Gardens
Sully Station,Week3,Little Rocky Run,Week4,222.0 Little Rocky Run - 180.0 Sully Station
Sully Station,Week5,Rolling Forest,Week5,268.0 Sully Station - 134.0 Rolling Forest
Sully Station II,Week2,Dowden Terrace,Week2,267.0 Sully Station II - 135.0 Dowden Terrace
Sully Station II,Week1,Dowden Terrace,Week4,223.0 Sully Station II - 179.0 Dowden Terrace
Sully Station II,Week5,Kent Gardens,Week4,295.0 Sully Station II - 107.0 Kent Gardens
Sully Station,Week4,Rolling Forest,Week5,240.0 Sully Station - 162.0 Rolling Forest
Sully Station,Week1,Virginia Run,Week5,226.0 Sully Station - 176.0 Virginia Run
Sully Station,Week2,Virginia Run,Week2,237.0 Sully Station - 165.0 Virginia Run
Sully Station,Week5,Virginia Run,Week4,265.0 Sully Station - 137.0 Virginia Run
Sully Station,Week1,Rolling Hills,Week1,286.0 Sully Station - 116.0 Rolling Hills
Sully Station,Week5,Rolling Forest,Week4,284.0 Sully Station - 118.0 Rolling Forest
Sully Station II,Week3,Donaldson Run,Week4,224.0 Donaldson Run - 178.0 Sully Station II
Sully Station II,Week2,Dowden Terrace,Week1,280.0 Sully Station II - 122.0 Dowden Terrace
Sully Station II,Week2,Old Keene Mill,Week2,297.0 Sully Station II - 105.0 Old Keene Mill
Sully Station,Week3,Little Rocky Run,Week1,203.0 Little Rocky Run - 199.0 Sully Station
Sully Station II,Week4,Donaldson Run,Week2,270.0 Donaldson Run - 132.0 Sully Station II
Sully Station II,Week2,Old Keene Mill,Week1,312.0 Sully Station II - 89.0 Old Keene Mill
Sully Station,Week1,Rolling Hills,Week3,296.0 Sully Station - 105.0 Rolling Hills
Sully Station,Week5,Rolling Forest,Week3,259.0 Sully Station - 143.0 Rolling Forest
Sully Station,Week3,Virginia Run,Week5,219.0 Sully Station - 183.0 Virginia Run
Sully Station II,Week4,Broyhill Crest,Week3,369.0 Sully Station II - 32.0 Broyhill Crest
Sully Station,Week1,Rolling Hills,Week4,286.0 Sully Station - 115.0 Rolling Hills
Sully Station II,Week5,Broyhill Crest,Week4,387.0 Sully Station II - 15.0 Broyhill Crest
Sully Station,Week4,Virginia Run,Week5,224.0 Sully Station - 178.0 Virginia Run
Sully Station II,Week5,Kent Gardens,Week2,305.0 Sully Station II - 97.0 Kent Gardens
Sully Station II,Week5,Broyhill Crest,Week1,380.0 Sully Station II - 22.0 Broyhill Crest
Sully Station,Week5,Virginia Run,Week2,272.0 Sully Station - 130.0 Virginia Run
Sully Station II,Week4,Old Keene Mill,Week1,286.0 Sully Station II - 116.0 Old Keene Mill
Sully Station II,Week2,Oakton ,Week5,231.0 Oakton - 171.0 Sully Station II
Sully Station II,Week3,Ilda Community,Week3,330.5 Sully Station II - 66.5 Ilda Community
Sully Station II,Week1,Burke Station,Week1,251.0 Sully Station II - 128.0 Burke Station
Sully Station,Week4,Little Rocky Run,Week5,232.0 Little Rocky Run - 170.0 Sully Station
Sully Station II,Week3,Oakton ,Week1,201.0 Oakton - 201.0 Sully Station II
Sully Station II,Week1,Old Keene Mill,Week2,266.0 Sully Station II - 136.0 Old Keene Mill
Sully Station II,Week3,Broyhill Crest,Week3,379.0 Sully Station II - 23.0 Broyhill Crest
Sully Station II,Week1,Kings Ridge ,Week1,303.0 Sully Station II - 99.0 Kings Ridge
Sully Station,Week4,Little Rocky Run,Week1,208.0 Little Rocky Run - 194.0 Sully Station
Sully Station,Week2,Little Rocky Run,Week5,245.0 Little Rocky Run - 152.0 Sully Station
Sully Station,Week4,Little Rocky Run,Week2,202.0 Sully Station - 200.0 Little Rocky Run
Sully Station II,Week1,Dowden Terrace,Week5,205.0 Sully Station II - 197.0 Dowden Terrace
Sully Station II,Week2,Donaldson Run,Week5,256.0 Donaldson Run - 146.0 Sully Station II
Sully Station II,Week5,Oakton ,Week1,224.0 Sully Station II - 178.0 Oakton
Sully Station II,Week5,Ilda Community,Week4,332.0 Sully Station II - 70.0 Ilda Community
Sully Station,Week3,Virginia Run,Week3,243.0 Sully Station - 159.0 Virginia Run
Sully Station,Week5,Little Rocky Run,Week1,213.0 Sully Station - 189.0 Little Rocky Run
Sully Station II,Week4,Broyhill Crest,Week5,360.0 Sully Station II - 42.0 Broyhill Crest
Sully Station II,Week2,Kent Gardens,Week2,296.0 Sully Station II - 106.0 Kent Gardens
Sully Station II,Week5,Broyhill Crest,Week2,385.0 Sully Station II - 17.0 Broyhill Crest
Sully Station II,Week3,Kent Gardens,Week1,290.0 Sully Station II - 112.0 Kent Gardens
Sully Station,Week4,Long Branch,Week2,289.0 Sully Station - 113.0 Long Branch
Sully Station II,Week5,Broyhill Crest,Week3,388.0 Sully Station II - 14.0 Broyhill Crest
Sully Station,Week5,Virginia Run,Week5,246.0 Sully Station - 156.0 Virginia Run
Sully Station,Week5,Rolling Forest,Week2,285.0 Sully Station - 117.0 Rolling Forest
Sully Station II,Week3,Broyhill Crest,Week1,369.0 Sully Station II - 33.0 Broyhill Crest
Sully Station II,Week2,Kings Ridge ,Week1,318.0 Sully Station II - 84.0 Kings Ridge
Sully Station,Week1,Rolling Hills,Week2,278.0 Sully Station - 124.0 Rolling Hills
Sully Station,Week3,Little Rocky Run,Week3,225.0 Little Rocky Run - 177.0 Sully Station
Sully Station II,Week4,Donaldson Run,Week1,265.0 Donaldson Run - 137.0 Sully Station II
Sully Station II,Week3,Ilda Community,Week5,338.0 Sully Station II - 64.0 Ilda Community
Sully Station II,Week4,Donaldson Run,Week4,272.0 Donaldson Run - 130.0 Sully Station II
Sully Station II,Week3,Kent Gardens,Week3,297.0 Sully Station II - 105.0 Kent Gardens
Sully Station II,Week2,Broyhill Crest,Week5,371.0 Sully Station II - 31.0 Broyhill Crest
Sully Station II,Week5,Oakton ,Week4,209.0 Sully Station II - 193.0 Oakton
Sully Station,Week2,Little Rocky Run,Week3,227.0 Little Rocky Run - 175.0 Sully Station
Sully Station II,Week5,Broyhill Crest,Week5,379.0 Sully Station II - 23.0 Broyhill Crest
Sully Station,Week1,Wakefield Chapel,Week3,234.5 Wakefield Chapel - 167.5 Sully Station
Sully Station II,Week5,Donaldson Run,Week5,241.0 Donaldson Run - 161.0 Sully Station II
Sully Station,Week4,Little Rocky Run,Week3,209.0 Little Rocky Run - 193.0 Sully Station
Sully Station II,Week1,Dowden Terrace,Week2,235.0 Sully Station II - 167.0 Dowden Terrace
Sully Station,Week1,Wakefield Chapel,Week2,230.0 Wakefield Chapel - 172.0 Sully Station
Sully Station,Week1,Rolling Hills,Week5,290.0 Sully Station - 112.0 Rolling Hills
Sully Station II,Week5,Oakton ,Week2,218.0 Sully Station II - 184.0 Oakton
Sully Station,Week1,Wakefield Chapel,Week1,235.0 Wakefield Chapel - 167.0 Sully Station
Sully Station II,Week4,Oakton ,Week5,257.0 Oakton - 145.0 Sully Station II
Sully Station II,Week1,Kent Gardens,Week5,225.0 Sully Station II - 177.0 Kent Gardens
Sully Station II,Week5,Oakton ,Week3,234.0 Sully Station II - 168.0 Oakton
Sully Station II,Week1,Burke Station,Week3,282.0 Sully Station II - 115.0 Burke Station
Sully Station II,Week1,Kent Gardens,Week3,255.0 Sully Station II - 147.0 Kent Gardens
Sully Station,Week2,Wakefield Chapel,Week3,252.0 Wakefield Chapel - 150.0 Sully Station
Sully Station II,Week3,Ilda Community,Week4,326.0 Sully Station II - 76.0 Ilda Community
Sully Station II,Week2,Dunn Loring,Week4,210.0 Dunn Loring - 192.0 Sully Station II
Sully Station,Week1,Wakefield Chapel,Week5,245.0 Wakefield Chapel - 157.0 Sully Station
Sully Station II,Week5,Oakton ,Week5,202.0 Oakton - 200.0 Sully Station II
Sully Station II,Week3,Oakton ,Week4,218.0 Oakton - 184.0 Sully Station II
Sully Station,Week4,Little Rocky Run,Week4,205.0 Little Rocky Run - 197.0 Sully Station
Sully Station II,Week2,Burke Station,Week1,269.0 Sully Station II - 110.0 Burke Station
Sully Station II,Week1,Dunn Loring,Week5,238.0 Dunn Loring - 164.0 Sully Station II
Sully Station II,Week4,Oakton ,Week3,236.0 Oakton - 166.0 Sully Station II
Sully Station II,Week3,Ilda Community,Week2,338.0 Sully Station II - 64.0 Ilda Community
Sully Station II,Week2,Dowden Terrace,Week3,283.0 Sully Station II - 119.0 Dowden Terrace
Sully Station II,Week1,Burke Station,Week5,264.0 Sully Station II - 138.0 Burke Station
Sully Station II,Week2,Donaldson Run,Week4,230.0 Donaldson Run - 172.0 Sully Station II
Sully Station,Week1,Walden Glen,Week5,279.0 Sully Station - 123.0 Walden Glen
Sully Station,Week2,Walden Glen,Week3,275.0 Sully Station - 127.0 Walden Glen
Sully Station II,Week4,Oakton ,Week1,232.0 Oakton - 170.0 Sully Station II
Sully Station,Week2,Little Rocky Run,Week1,205.0 Little Rocky Run - 197.0 Sully Station
Sully Station II,Week1,Burke Station,Week4,290.0 Sully Station II - 112.0 Burke Station
Sully Station,Week2,Little Rocky Run,Week4,229.5 Little Rocky Run - 172.5 Sully Station
Sully Station,Week5,Little Rocky Run,Week3,208.0 Sully Station - 194.0 Little Rocky Run
Sully Station II,Week4,Ilda Community,Week4,291.0 Sully Station II - 111.0 Ilda Community
Sully Station II,Week2,Oakton ,Week4,217.0 Oakton - 185.0 Sully Station II
Sully Station II,Week3,Camelot,Week4,287.0 Sully Station II - 115.0 Camelot
Sully Station II,Week3,Dunn Loring,Week5,205.0 Dunn Loring - 197.0 Sully Station II
Sully Station II,Week2,Kent Gardens,Week1,269.0 Sully Station II - 133.0 Kent Gardens
Sully Station II,Week4,Kent Gardens,Week1,232.0 Sully Station II - 170.0 Kent Gardens
Sully Station,Week5,Little Rocky Run,Week4,208.0 Sully Station - 194.0 Little Rocky Run
Sully Station,Week4,Wakefield Chapel,Week4,235.5 Wakefield Chapel - 166.5 Sully Station
Sully Station,Week5,Wakefield Chapel,Week3,222.0 Wakefield Chapel - 180.0 Sully Station
Sully Station,Week3,Walden Glen,Week2,267.0 Sully Station - 135.0 Walden Glen
Sully Station II,Week2,Camelot,Week1,273.0 Sully Station II - 129.0 Camelot
Sully Station II,Week3,Dunn Loring,Week3,210.0 Dunn Loring - 192.0 Sully Station II
Sully Station,Week2,Walden Glen,Week2,269.0 Sully Station - 128.0 Walden Glen
Sully Station II,Week4,Dowden Terrace,Week5,211.0 Dowden Terrace - 191.0 Sully Station II
Sully Station,Week1,Long Branch,Week3,289.0 Sully Station - 113.0 Long Branch
Sully Station,Week2,Long Branch,Week2,275.0 Sully Station - 127.0 Long Branch
Sully Station II,Week4,Camelot,Week1,242.0 Sully Station II - 160.0 Camelot
Sully Station II,Week2,Camelot,Week3,279.0 Sully Station II - 123.0 Camelot
Sully Station,Week1,Long Branch,Week5,281.0 Sully Station - 121.0 Long Branch
Sully Station II,Week4,Ilda Community,Week2,307.0 Sully Station II - 95.0 Ilda Community
Sully Station II,Week2,Burke Station,Week3,305.0 Sully Station II - 92.0 Burke Station
Sully Station II,Week2,Kent Gardens,Week4,284.0 Sully Station II - 118.0 Kent Gardens
Sully Station II,Week4,Burke Station,Week3,283.0 Sully Station II - 113.0 Burke Station
Sully Station II,Week2,Dunn Loring,Week3,218.0 Dunn Loring - 184.0 Sully Station II
Sully Station II,Week1,Dunn Loring,Week3,229.0 Dunn Loring - 173.0 Sully Station II
Sully Station,Week5,Wakefield Chapel,Week1,222.5 Wakefield Chapel - 179.5 Sully Station
Sully Station II,Week4,Oakton ,Week4,241.0 Oakton - 161.0 Sully Station II
Sully Station II,Week3,Dowden Terrace,Week1,281.0 Sully Station II - 121.0 Dowden Terrace
Sully Station II,Week2,Old Keene Mill,Week3,302.0 Sully Station II - 100.0 Old Keene Mill
Sully Station II,Week4,Dunn Loring,Week4,247.0 Dunn Loring - 155.0 Sully Station II
Sully Station,Week2,Long Branch,Week1,269.0 Sully Station - 128.0 Long Branch
Sully Station II,Week4,Kent Gardens,Week2,249.0 Sully Station II - 153.0 Kent Gardens
Sully Station,Week2,Wakefield Chapel,Week2,235.0 Wakefield Chapel - 167.0 Sully Station
Sully Station II,Week3,Kent Gardens,Week4,286.0 Sully Station II - 116.0 Kent Gardens
Sully Station II,Week1,Old Keene Mill,Week4,289.0 Sully Station II - 112.0 Old Keene Mill
Sully Station II,Week5,Ilda Community,Week5,342.5 Sully Station II - 59.5 Ilda Community
Sully Station II,Week2,Camelot,Week4,267.0 Sully Station II - 135.0 Camelot
Sully Station,Week3,Wakefield Chapel,Week3,250.0 Wakefield Chapel - 152.0 Sully Station
Sully Station II,Week4,Burke Station,Week1,262.0 Sully Station II - 117.0 Burke Station
Sully Station II,Week3,Oakton ,Week5,223.0 Oakton - 179.0 Sully Station II
Sully Station II,Week1,Old Keene Mill,Week3,272.0 Sully Station II - 130.0 Old Keene Mill
Sully Station,Week1,Long Branch,Week4,285.0 Sully Station - 117.0 Long Branch
Sully Station,Week5,Little Rocky Run,Week2,216.0 Sully Station - 186.0 Little Rocky Run
Sully Station II,Week1,Old Keene Mill,Week1,279.0 Sully Station II - 122.0 Old Keene Mill
Sully Station II,Week1,Camelot,Week5,253.0 Sully Station II - 148.0 Camelot
Sully Station II,Week4,Oakton ,Week2,247.5 Oakton - 154.5 Sully Station II
Sully Station,Week3,Little Rocky Run,Week2,204.0 Sully Station - 198.0 Little Rocky Run
Sully Station,Week3,Wakefield Chapel,Week1,252.0 Wakefield Chapel - 150.0 Sully Station
Sully Station II,Week2,Dunn Loring,Week1,216.0 Sully Station II - 186.0 Dunn Loring
Sully Station II,Week5,Ilda Community,Week2,343.0 Sully Station II - 59.0 Ilda Community
Sully Station II,Week3,Old Keene Mill,Week3,314.0 Sully Station II - 88.0 Old Keene Mill
Sully Station II,Week3,Old Keene Mill,Week1,334.0 Sully Station II - 68.0 Old Keene Mill
Sully Station II,Week3,Old Keene Mill,Week5,305.0 Sully Station II - 97.0 Old Keene Mill
Sully Station II,Week3,Kent Gardens,Week5,263.0 Sully Station II - 139.0 Kent Gardens
Sully Station II,Week2,Burke Station,Week5,300.0 Sully Station II - 102.0 Burke Station
Sully Station II,Week4,Camelot,Week3,251.0 Sully Station II - 151.0 Camelot
Sully Station,Week4,Wakefield Chapel,Week3,255.0 Wakefield Chapel - 147.0 Sully Station
Sully Station II,Week5,Dowden Terrace,Week4,269.0 Sully Station II - 133.0 Dowden Terrace
Sully Station II,Week5,Burke Station,Week5,330.0 Sully Station II - 72.0 Burke Station
Sully Station II,Week5,Dowden Terrace,Week5,244.0 Sully Station II - 158.0 Dowden Terrace
Sully Station,Week2,Long Branch,Week4,283.0 Sully Station - 119.0 Long Branch
Sully Station II,Week3,Old Keene Mill,Week2,314.5 Sully Station II - 87.5 Old Keene Mill
Sully Station,Week5,Wakefield Chapel,Week2,206.5 Wakefield Chapel - 195.5 Sully Station
Sully Station II,Week4,Kent Gardens,Week3,259.0 Sully Station II - 143.0 Kent Gardens
Sully Station,Week2,Wakefield Chapel,Week4,233.0 Wakefield Chapel - 169.0 Sully Station
Sully Station II,Week1,Camelot,Week4,259.0 Sully Station II - 143.0 Camelot
Sully Station,Week2,Long Branch,Week5,266.0 Sully Station - 136.0 Long Branch
Sully Station II,Week3,Old Keene Mill,Week4,322.0 Sully Station II - 80.0 Old Keene Mill
Sully Station II,Week4,Kent Gardens,Week4,251.0 Sully Station II - 151.0 Kent Gardens
Sully Station II,Week4,Dowden Terrace,Week4,207.0 Sully Station II - 195.0 Dowden Terrace
Sully Station,Week5,Wakefield Chapel,Week4,210.0 Wakefield Chapel - 192.0 Sully Station
Sully Station II,Week3,Dowden Terrace,Week4,257.0 Sully Station II - 145.0 Dowden Terrace
Sully Station,Week1,Walden Glen,Week3,291.0 Sully Station - 111.0 Walden Glen
Sully Station,Week3,Long Branch,Week1,279.0 Sully Station - 123.0 Long Branch
Sully Station,Week2,Long Branch,Week3,273.0 Sully Station - 129.0 Long Branch
Sully Station II,Week3,Dowden Terrace,Week2,284.0 Sully Station II - 118.0 Dowden Terrace
Sully Station II,Week4,Kent Gardens,Week5,214.0 Sully Station II - 188.0 Kent Gardens
Sully Station II,Week4,Dowden Terrace,Week1,229.0 Sully Station II - 173.0 Dowden Terrace
Sully Station II,Week4,Dowden Terrace,Week2,219.0 Sully Station II - 183.0 Dowden Terrace
Sully Station II,Week1,Orange Hunt,Week3,208.0 Sully Station II - 194.0 Orange Hunt
Sully Station II,Week4,Burke Station,Week4,313.0 Sully Station II - 89.0 Burke Station
Sully Station,Week3,Wakefield Chapel,Week5,256.0 Wakefield Chapel - 146.0 Sully Station
Sully Station II,Week5,Old Keene Mill,Week3,306.0 Sully Station II - 96.0 Old Keene Mill
Sully Station II,Week5,Kent Gardens,Week5,277.0 Sully Station II - 125.0 Kent Gardens
Sully Station II,Week1,Orange Hunt,Week2,216.5 Sully Station II - 185.5 Orange Hunt
Sully Station II,Week1,Camelot,Week1,250.0 Sully Station II - 152.0 Camelot
Sully Station,Week1,Long Branch,Week2,289.0 Sully Station - 113.0 Long Branch
Sully Station II,Week3,Dowden Terrace,Week3,293.0 Sully Station II - 109.0 Dowden Terrace
Sully Station II,Week1,Kings Ridge ,Week2,290.0 Sully Station II - 111.0 Kings Ridge
Sully Station II,Week5,Dowden Terrace,Week1,300.0 Sully Station II - 102.0 Dowden Terrace
Sully Station,Week4,Wakefield Chapel,Week1,262.0 Wakefield Chapel - 140.0 Sully Station
Sully Station II,Week5,Kent Gardens,Week3,308.0 Sully Station II - 94.0 Kent Gardens
Sully Station II,Week5,Kent Gardens,Week1,298.0 Sully Station II - 104.0 Kent Gardens
Sully Station II,Week3,Burke Station,Week3,324.0 Sully Station II - 73.0 Burke Station
Sully Station,Week3,Long Branch,Week4,288.0 Sully Station - 114.0 Long Branch
Sully Station II,Week2,Old Keene Mill,Week5,287.0 Sully Station II - 115.0 Old Keene Mill
Sully Station,Week3,Wakefield Chapel,Week2,229.0 Wakefield Chapel - 173.0 Sully Station
Sully Station,Week3,Long Branch,Week2,285.0 Sully Station - 117.0 Long Branch
Sully Station,Week1,Walden Glen,Week4,278.0 Sully Station - 124.0 Walden Glen
Sully Station II,Week4,Burke Station,Week5,280.0 Sully Station II - 122.0 Burke Station
Sully Station,Week1,Long Branch,Week1,290.0 Sully Station - 112.0 Long Branch
Sully Station II,Week2,Kings Ridge ,Week5,293.0 Sully Station II - 109.0 Kings Ridge
Sully Station,Week3,Long Branch,Week3,279.0 Sully Station - 123.0 Long Branch
Sully Station II,Week4,Burke Station,Week2,307.0 Sully Station II - 94.0 Burke Station
Sully Station,Week4,Long Branch,Week3,279.0 Sully Station - 123.0 Long Branch
Sully Station II,Week2,Orange Hunt,Week2,224.0 Sully Station II - 178.0 Orange Hunt
Sully Station II,Week5,Old Keene Mill,Week1,336.0 Sully Station II - 66.0 Old Keene Mill
Sully Station II,Week3,Orange Hunt,Week4,255.0 Sully Station II - 147.0 Orange Hunt
Sully Station,Week1,Walden Glen,Week2,283.0 Sully Station - 119.0 Walden Glen
Sully Station,Week2,Walden Glen,Week1,289.0 Sully Station - 108.0 Walden Glen
Sully Station,Week4,Long Branch,Week4,286.0 Sully Station - 116.0 Long Branch
Sully Station,Week4,Long Branch,Week1,280.0 Sully Station - 122.0 Long Branch
Sully Station,Week3,Long Branch,Week5,267.0 Sully Station - 135.0 Long Branch
Sully Station II,Week2,Kings Ridge ,Week4,310.0 Sully Station II - 92.0 Kings Ridge
Sully Station,Week4,Wakefield Chapel,Week2,237.0 Wakefield Chapel - 165.0 Sully Station
Sully Station II,Week1,Dunn Loring,Week4,226.0 Dunn Loring - 176.0 Sully Station II
Sully Station II,Week3,Burke Station,Week5,319.0 Sully Station II - 83.0 Burke Station
Sully Station II,Week1,Kings Ridge ,Week4,289.0 Sully Station II - 113.0 Kings Ridge
Sully Station II,Week4,Kings Ridge ,Week1,293.0 Sully Station II - 109.0 Kings Ridge
Sully Station II,Week5,Old Keene Mill,Week4,327.0 Sully Station II - 75.0 Old Keene Mill
Sully Station,Week2,Wakefield Chapel,Week5,254.0 Wakefield Chapel - 148.0 Sully Station
Sully Station,Week2,Lincolnia Park,Week4,322.0 Sully Station - 75.0 Lincolnia Park
Sully Station,Week3,Wakefield Chapel,Week4,225.0 Wakefield Chapel - 177.0 Sully Station
Sully Station,Week3,Lincolnia Park,Week3,316.0 Sully Station - 77.0 Lincolnia Park
Sully Station II,Week3,Burke Station,Week4,339.0 Sully Station II - 63.0 Burke Station
Sully Station II,Week1,Dunn Loring,Week2,228.0 Dunn Loring - 174.0 Sully Station II
Sully Station II,Week5,Dowden Terrace,Week2,299.0 Sully Station II - 103.0 Dowden Terrace
Sully Station II,Week4,Orange Hunt,Week2,222.0 Sully Station II - 180.0 Orange Hunt
Sully Station II,Week2,Camelot,Week2,274.0 Sully Station II - 128.0 Camelot
Sully Station II,Week4,Old Keene Mill,Week4,298.0 Sully Station II - 104.0 Old Keene Mill
Sully Station II,Week3,Kings Ridge ,Week1,335.5 Sully Station II - 66.5 Kings Ridge
Sully Station II,Week1,Kings Ridge ,Week3,293.0 Sully Station II - 108.0 Kings Ridge
Sully Station II,Week3,Burke Station,Week1,296.0 Sully Station II - 83.0 Burke Station
Sully Station II,Week3,Burke Station,Week2,335.0 Sully Station II - 67.0 Burke Station
Sully Station II,Week1,Kings Ridge ,Week5,278.0 Sully Station II - 124.0 Kings Ridge
Sully Station II,Week3,Kings Ridge ,Week4,316.0 Sully Station II - 86.0 Kings Ridge
Sully Station II,Week3,Dowden Terrace,Week5,245.5 Sully Station II - 156.5 Dowden Terrace
Sully Station,Week2,Lincolnia Park,Week2,334.0 Sully Station - 54.0 Lincolnia Park
Sully Station,Week5,Wakefield Chapel,Week5,225.0 Wakefield Chapel - 177.0 Sully Station
Sully Station II,Week4,Orange Hunt,Week5,207.0 Orange Hunt - 195.0 Sully Station II
Sully Station,Week4,Wakefield Chapel,Week5,265.0 Wakefield Chapel - 137.0 Sully Station
Sully Station II,Week2,Dowden Terrace,Week5,224.0 Sully Station II - 178.0 Dowden Terrace
Sully Station II,Week5,Dowden Terrace,Week3,305.0 Sully Station II - 97.0 Dowden Terrace
Sully Station II,Week4,Dowden Terrace,Week3,239.0 Sully Station II - 163.0 Dowden Terrace
Sully Station II,Week1,Orange Hunt,Week1,220.0 Sully Station II - 182.0 Orange Hunt
Sully Station,Week1,Walden Glen,Week1,305.0 Sully Station - 93.0 Walden Glen
Sully Station II,Week1,Camelot,Week2,235.0 Sully Station II - 167.0 Camelot
Sully Station II,Week5,Burke Station,Week2,343.0 Sully Station II - 59.0 Burke Station
Sully Station II,Week3,Kings Ridge ,Week2,331.0 Sully Station II - 71.0 Kings Ridge
Sully Station II,Week1,Dunn Loring,Week1,201.0 Dunn Loring - 201.0 Sully Station II
Sully Station II,Week5,Burke Station,Week4,344.0 Sully Station II - 58.0 Burke Station
Sully Station II,Week5,Burke Station,Week1,299.0 Sully Station II - 80.0 Burke Station
Sully Station II,Week2,Dunn Loring,Week2,210.0 Dunn Loring - 192.0 Sully Station II
Sully Station II,Week2,Orange Hunt,Week5,212.0 Sully Station II - 190.0 Orange Hunt
Sully Station II,Week5,Old Keene Mill,Week5,314.0 Sully Station II - 88.0 Old Keene Mill
Sully Station,Week5,Lee Graham,Week3,217.0 Lee Graham - 185.0 Sully Station
Sully Station II,Week4,Kings Ridge ,Week3,285.0 Sully Station II - 117.0 Kings Ridge
Sully Station II,Week5,Old Keene Mill,Week2,308.0 Sully Station II - 94.0 Old Keene Mill
Sully Station II,Week3,Dunn Loring,Week4,212.0 Sully Station II - 190.0 Dunn Loring
Sully Station,Week2,Walden Glen,Week4,268.0 Sully Station - 129.0 Walden Glen
Sully Station II,Week3,Dunn Loring,Week1,231.0 Sully Station II - 171.0 Dunn Loring
Sully Station,Week4,Lee Graham,Week3,243.5 Lee Graham - 158.5 Sully Station
Sully Station II,Week4,Old Keene Mill,Week2,275.0 Sully Station II - 127.0 Old Keene Mill
Sully Station II,Week1,Camelot,Week3,255.0 Sully Station II - 147.0 Camelot
Sully Station,Week3,Walden Glen,Week1,307.0 Sully Station - 95.0 Walden Glen
Sully Station,Week4,Lincolnia Park,Week2,345.0 Sully Station - 48.0 Lincolnia Park
Sully Station,Week3,Waynewood,Week1,213.0 Sully Station - 189.0 Waynewood
Sully Station II,Week5,Burke Station,Week3,330.0 Sully Station II - 67.0 Burke Station
Sully Station,Week3,Lee Graham,Week3,240.5 Lee Graham - 161.5 Sully Station
Sully Station,Week2,Walden Glen,Week5,265.0 Sully Station - 137.0 Walden Glen
Sully Station II,Week3,Kings Ridge ,Week3,322.5 Sully Station II - 79.5 Kings Ridge
Sully Station II,Week4,Kings Ridge ,Week4,273.0 Sully Station II - 129.0 Kings Ridge
Sully Station II,Week3,Dunn Loring,Week2,205.0 Sully Station II - 197.0 Dunn Loring
Sully Station,Week5,Lee Graham,Week1,214.0 Lee Graham - 188.0 Sully Station
Sully Station II,Week4,Kings Ridge ,Week2,298.0 Sully Station II - 104.0 Kings Ridge
Sully Station II,Week2,Dunn Loring,Week5,225.5 Dunn Loring - 176.5 Sully Station II
Sully Station II,Week3,Camelot,Week1,303.0 Sully Station II - 99.0 Camelot
Sully Station,Week2,Waynewood,Week4,202.0 Waynewood - 200.0 Sully Station
Sully Station II,Week4,Kings Ridge ,Week5,275.0 Sully Station II - 127.0 Kings Ridge
Sully Station,Week1,Waynewood,Week4,224.5 Sully Station - 177.5 Waynewood
Sully Station,Week2,Waynewood,Week2,207.0 Waynewood - 195.0 Sully Station
Sully Station II,Week3,Orange Hunt,Week2,244.0 Sully Station II - 158.0 Orange Hunt
Sully Station,Week5,Lee Graham,Week4,212.0 Lee Graham - 190.0 Sully Station
Sully Station,Week4,Walden Glen,Week3,283.0 Sully Station - 119.0 Walden Glen
Sully Station,Week4,Lincolnia Park,Week1,351.0 Sully Station - 51.0 Lincolnia Park
Sully Station II,Week3,Kings Ridge ,Week5,309.0 Sully Station II - 93.0 Kings Ridge
Sully Station II,Week2,Kings Ridge ,Week3,308.0 Sully Station II - 92.0 Kings Ridge
Sully Station,Week5,Lee Graham,Week2,207.0 Lee Graham - 195.0 Sully Station
Sully Station II,Week4,Old Keene Mill,Week5,269.0 Sully Station II - 133.0 Old Keene Mill
Sully Station II,Week2,Camelot,Week5,279.0 Sully Station II - 123.0 Camelot
Sully Station II,Week2,Kings Ridge ,Week2,316.0 Sully Station II - 86.0 Kings Ridge
Sully Station II,Week4,Dunn Loring,Week3,260.0 Dunn Loring - 142.0 Sully Station II
Sully Station II,Week4,Dunn Loring,Week2,250.0 Dunn Loring - 152.0 Sully Station II
Sully Station II,Week4,Dunn Loring,Week5,235.0 Dunn Loring - 167.0 Sully Station II
Sully Station II,Week4,Old Keene Mill,Week3,283.0 Sully Station II - 119.0 Old Keene Mill
Sully Station,Week4,Lee Graham,Week5,256.0 Lee Graham - 146.0 Sully Station
Sully Station II,Week1,Orange Hunt,Week5,203.0 Sully Station II - 199.0 Orange Hunt
Sully Station II,Week3,Camelot,Week2,289.0 Sully Station II - 113.0 Camelot
Sully Station II,Week3,Camelot,Week3,295.5 Sully Station II - 106.5 Camelot
Sully Station II,Week3,Camelot,Week5,295.0 Sully Station II - 107.0 Camelot
Sully Station II,Week4,Dunn Loring,Week1,214.0 Dunn Loring - 188.0 Sully Station II
Sully Station II,Week1,Fair Oaks ,Week2,264.5 Sully Station II - 137.5 Fair Oaks
Sully Station II,Week2,Fair Oaks ,Week3,236.0 Sully Station II - 166.0 Fair Oaks
Sully Station,Week3,Lincolnia Park,Week4,329.0 Sully Station - 72.0 Lincolnia Park
Sully Station,Week3,Lincolnia Park,Week1,343.0 Sully Station - 59.0 Lincolnia Park
Sully Station II,Week2,Fair Oaks ,Week1,247.0 Sully Station II - 155.0 Fair Oaks
Sully Station,Week1,Waynewood,Week1,229.0 Sully Station - 173.0 Waynewood
Sully Station,Week5,Walden Glen,Week1,305.0 Sully Station - 97.0 Walden Glen
Sully Station II,Week2,Orange Hunt,Week4,229.0 Sully Station II - 173.0 Orange Hunt
Sully Station II,Week4,Camelot,Week2,244.0 Sully Station II - 158.0 Camelot
Sully Station II,Week5,Kings Ridge ,Week1,336.0 Sully Station II - 66.0 Kings Ridge
Sully Station,Week3,Lee Graham,Week4,226.0 Lee Graham - 176.0 Sully Station
Sully Station II,Week3,Orange Hunt,Week3,245.0 Sully Station II - 157.0 Orange Hunt
Sully Station,Week3,Walden Glen,Week5,263.0 Sully Station - 139.0 Walden Glen
Sully Station II,Week1,Fair Oaks ,Week3,217.0 Sully Station II - 185.0 Fair Oaks
Sully Station II,Week5,Kings Ridge ,Week2,324.0 Sully Station II - 78.0 Kings Ridge
Sully Station II,Week4,Orange Hunt,Week1,216.0 Sully Station II - 186.0 Orange Hunt
Sully Station II,Week5,Dunn Loring,Week1,239.0 Sully Station II - 163.0 Dunn Loring
Sully Station,Week4,Walden Glen,Week2,282.0 Sully Station - 120.0 Walden Glen
Sully Station II,Week5,Camelot,Week4,296.0 Sully Station II - 106.0 Camelot
Sully Station II,Week2,Canterbury Woods,Week5,285.5 Sully Station II - 116.5 Canterbury Woods
Sully Station,Week2,Waynewood,Week5,217.0 Waynewood - 185.0 Sully Station
Sully Station,Week5,Lee Graham,Week5,227.0 Lee Graham - 175.0 Sully Station
Sully Station,Week2,Lincolnia Park,Week1,334.0 Sully Station - 63.0 Lincolnia Park
Sully Station II,Week5,Kings Ridge ,Week3,315.0 Sully Station II - 87.0 Kings Ridge
Sully Station II,Week5,Kings Ridge ,Week4,310.0 Sully Station II - 92.0 Kings Ridge
Sully Station II,Week5,Camelot,Week5,293.0 Sully Station II - 109.0 Camelot
Sully Station II,Week4,Orange Hunt,Week3,205.0 Sully Station II - 197.0 Orange Hunt
Sully Station II,Week5,Kings Ridge ,Week5,310.0 Sully Station II - 92.0 Kings Ridge
Sully Station II,Week2,Orange Hunt,Week1,237.0 Sully Station II - 165.0 Orange Hunt
Sully Station II,Week5,Camelot,Week1,293.0 Sully Station II - 109.0 Camelot
Sully Station II,Week2,Orange Hunt,Week3,236.0 Sully Station II - 166.0 Orange Hunt
Truro,Week1,Pinecrest,Week4,304.0 Pinecrest - 98.0 Truro
Tuckahoe,Week4,Mansion House,Week2,320.0 Tuckahoe - 82.0 Mansion House
Truro,Week5,Rolling Forest,Week4,229.0 Rolling Forest - 173.0 Truro
Truro,Week2,Rolling Forest,Week5,260.0 Rolling Forest - 142.0 Truro
Truro,Week2,Parliament,Week3,274.0 Parliament - 123.0 Truro
Tuckahoe,Week5,Mansion House,Week5,299.0 Tuckahoe - 103.0 Mansion House
Truro,Week5,Ravensworth Farm,Week3,286.0 Ravensworth Farm - 115.0 Truro
Tuckahoe,Week2,Mansion House,Week2,298.0 Tuckahoe - 104.0 Mansion House
Truro,Week5,Little Hunting Park,Week1,204.0 Truro - 194.0 Little Hunting Park
Truro,Week3,Parliament,Week2,229.0 Parliament - 172.0 Truro
Tuckahoe,Week3,Mansion House,Week4,332.0 Tuckahoe - 65.0 Mansion House
Tuckahoe,Week2,Mansion House,Week4,320.0 Tuckahoe - 82.0 Mansion House
Truro,Week3,Riverside Gardens,Week2,290.0 Riverside Gardens - 112.0 Truro
Truro,Week3,Parliament,Week1,259.0 Parliament - 142.0 Truro
Truro,Week5,Little Hunting Park,Week3,219.0 Truro - 183.0 Little Hunting Park
Tuckahoe,Week5,Mansion House,Week2,312.0 Tuckahoe - 90.0 Mansion House
Truro,Week4,Ravensworth Farm,Week3,283.0 Ravensworth Farm - 119.0 Truro
Truro,Week2,Parklawn,Week3,210.5 Parklawn - 187.5 Truro
Truro,Week3,Ravensworth Farm,Week5,302.0 Ravensworth Farm - 100.0 Truro
Truro,Week5,Parklawn,Week3,209.0 Truro - 189.0 Parklawn
Truro,Week4,Parklawn,Week2,210.0 Truro - 191.0 Parklawn
Truro,Week2,Riverside Gardens,Week5,337.0 Riverside Gardens - 64.0 Truro
Truro,Week4,Riverside Gardens,Week4,309.0 Riverside Gardens - 93.0 Truro
Truro,Week4,Parliament,Week2,220.0 Parliament - 178.0 Truro
Truro,Week2,Little Hunting Park,Week4,213.0 Little Hunting Park - 187.0 Truro
Truro,Week4,Riverside Gardens,Week3,296.0 Riverside Gardens - 106.0 Truro
Truro,Week3,Riverside Gardens,Week1,308.0 Riverside Gardens - 94.0 Truro
Truro,Week5,Parliament,Week4,234.0 Parliament - 161.0 Truro
Truro,Week5,Ravensworth Farm,Week2,251.0 Ravensworth Farm - 151.0 Truro
Tuckahoe,Week3,Mansion House,Week1,318.0 Tuckahoe - 84.0 Mansion House
Truro,Week3,Little Hunting Park,Week4,204.0 Little Hunting Park - 198.0 Truro
Tuckahoe,Week1,Mantua,Week2,286.0 Tuckahoe - 116.0 Mantua
Truro,Week1,Parliament,Week2,203.0 Parliament - 198.0 Truro
Truro,Week1,Riverside Gardens,Week5,302.0 Riverside Gardens - 100.0 Truro
Tuckahoe,Week1,Mantua,Week5,272.0 Tuckahoe - 130.0 Mantua
Truro,Week5,Little Hunting Park,Week4,214.0 Truro - 187.0 Little Hunting Park
Tuckahoe,Week5,Mansion House,Week4,329.0 Tuckahoe - 73.0 Mansion House
Tuckahoe,Week3,Mansion House,Week2,323.0 Tuckahoe - 79.0 Mansion House
Truro,Week4,Parklawn,Week5,202.0 Truro - 198.0 Parklawn
Tuckahoe,Week1,Mantua,Week4,298.0 Tuckahoe - 104.0 Mantua
Truro,Week5,Parliament,Week3,256.0 Parliament - 145.0 Truro
Truro,Week1,Riverside Gardens,Week4,317.0 Riverside Gardens - 85.0 Truro
Tuckahoe,Week2,Mantua,Week3,281.0 Tuckahoe - 121.0 Mantua
Tuckahoe,Week4,Mansion House,Week4,329.0 Tuckahoe - 73.0 Mansion House
Tuckahoe,Week2,Mansion House,Week1,316.0 Tuckahoe - 86.0 Mansion House
Truro,Week2,Little Hunting Park,Week3,220.0 Little Hunting Park - 182.0 Truro
Truro,Week1,Little Rocky Run,Week1,324.0 Little Rocky Run - 78.0 Truro
Truro,Week5,Riverside Gardens,Week1,302.0 Riverside Gardens - 100.0 Truro
Tuckahoe,Week2,Mansion House,Week3,300.0 Tuckahoe - 102.0 Mansion House
Truro,Week3,Little Hunting Park,Week5,234.0 Little Hunting Park - 168.0 Truro
Truro,Week2,Little Hunting Park,Week5,253.0 Little Hunting Park - 148.0 Truro
Truro,Week2,Parklawn,Week5,221.0 Parklawn - 175.0 Truro
Truro,Week5,Lincolnia Park,Week4,257.0 Truro - 134.0 Lincolnia Park
Tuckahoe,Week3,Mansion House,Week5,313.0 Tuckahoe - 89.0 Mansion House
Truro,Week4,Little Hunting Park,Week4,220.0 Truro - 182.0 Little Hunting Park
Truro,Week5,Parklawn,Week5,211.0 Parklawn - 186.0 Truro
Truro,Week3,Riverside Gardens,Week4,317.0 Riverside Gardens - 85.0 Truro
Truro,Week3,Little Hunting Park,Week1,208.0 Little Hunting Park - 193.0 Truro
Truro,Week4,Ravensworth Farm,Week1,273.0 Ravensworth Farm - 129.0 Truro
Tuckahoe,Week1,Mantua,Week1,284.0 Tuckahoe - 118.0 Mantua
Truro,Week2,Parklawn,Week4,222.0 Parklawn - 176.0 Truro
Truro,Week1,Parliament,Week1,248.0 Parliament - 152.0 Truro
Truro,Week1,Little Hunting Park,Week4,207.0 Truro - 194.0 Little Hunting Park
Truro,Week1,Little Hunting Park,Week3,213.0 Truro - 189.0 Little Hunting Park
Truro,Week1,Little Hunting Park,Week5,226.0 Little Hunting Park - 175.0 Truro
Truro,Week4,Ravensworth Farm,Week2,261.0 Ravensworth Farm - 141.0 Truro
Truro,Week2,Parliament,Week4,259.0 Parliament - 132.0 Truro
Truro,Week2,Rolling Forest,Week1,241.0 Rolling Forest - 160.0 Truro
Truro,Week5,Riverside Gardens,Week2,284.0 Riverside Gardens - 118.0 Truro
Truro,Week5,Little Hunting Park,Week2,204.0 Truro - 197.0 Little Hunting Park
Truro,Week4,Little Hunting Park,Week1,214.0 Truro - 187.0 Little Hunting Park
Truro,Week4,Parklawn,Week4,204.0 Parklawn - 196.0 Truro
Truro,Week2,Parliament,Week1,281.0 Parliament - 101.0 Truro
Truro,Week4,Little Hunting Park,Week3,229.0 Truro - 173.0 Little Hunting Park
Truro,Week5,Parklawn,Week1,227.0 Truro - 166.0 Parklawn
Truro,Week4,Little Hunting Park,Week2,205.0 Truro - 197.0 Little Hunting Park
Truro,Week2,Little Hunting Park,Week1,205.0 Little Hunting Park - 193.0 Truro
Truro,Week5,Lincolnia Park,Week3,232.0 Truro - 151.0 Lincolnia Park
Truro,Week4,Parklawn,Week1,245.0 Truro - 148.0 Parklawn
Truro,Week3,Parklawn,Week3,212.0 Parklawn - 189.0 Truro
Truro,Week1,Riverside Gardens,Week3,301.0 Riverside Gardens - 101.0 Truro
Tuckahoe,Week4,Mansion House,Week1,320.0 Tuckahoe - 82.0 Mansion House
Truro,Week4,Riverside Gardens,Week5,309.0 Riverside Gardens - 93.0 Truro
Tuckahoe,Week4,Mansion House,Week3,310.0 Tuckahoe - 92.0 Mansion House
Truro,Week4,Little Hunting Park,Week5,205.0 Little Hunting Park - 196.0 Truro
Truro,Week5,Ravensworth Farm,Week1,266.0 Ravensworth Farm - 136.0 Truro
Truro,Week1,Parliament,Week3,226.0 Parliament - 176.0 Truro
Truro,Week1,Little Hunting Park,Week1,210.0 Truro - 188.0 Little Hunting Park
Truro,Week5,Parklawn,Week4,218.0 Parklawn - 180.0 Truro
Tuckahoe,Week1,Mantua,Week3,267.0 Tuckahoe - 135.0 Mantua
Tuckahoe,Week5,Mansion House,Week1,328.0 Tuckahoe - 74.0 Mansion House
Truro,Week2,Riverside Gardens,Week4,326.0 Riverside Gardens - 76.0 Truro
Truro,Week1,Little Rocky Run,Week4,327.0 Little Rocky Run - 75.0 Truro
Tuckahoe,Week2,Mansion House,Week5,295.0 Tuckahoe - 107.0 Mansion House
Truro,Week1,Little Hunting Park,Week2,206.0 Truro - 195.0 Little Hunting Park
Tuckahoe,Week2,Mantua,Week1,289.0 Tuckahoe - 113.0 Mantua
Truro,Week2,Parliament,Week5,252.0 Parliament - 131.0 Truro
Truro,Week4,Riverside Gardens,Week1,303.0 Riverside Gardens - 99.0 Truro
Tuckahoe,Week2,Mantua,Week5,278.0 Tuckahoe - 124.0 Mantua
Truro,Week5,Ravensworth Farm,Week4,274.0 Ravensworth Farm - 128.0 Truro
Truro,Week4,Pinecrest,Week5,299.0 Pinecrest - 103.0 Truro
Tuckahoe,Week4,Mansion House,Week5,306.0 Tuckahoe - 96.0 Mansion House
Truro,Week5,Rolling Forest,Week5,253.0 Rolling Forest - 149.0 Truro
Truro,Week2,Little Rocky Run,Week1,329.0 Little Rocky Run - 73.0 Truro
Truro,Week5,Parliament,Week1,247.0 Parliament - 140.0 Truro
Truro,Week1,Rolling Hills,Week3,216.0 Rolling Hills - 186.0 Truro
Truro,Week1,Little Rocky Run,Week5,342.0 Little Rocky Run - 60.0 Truro
Tuckahoe,Week3,Mansion House,Week3,320.0 Tuckahoe - 82.0 Mansion House
Tuckahoe,Week5,Mansion House,Week3,318.0 Tuckahoe - 84.0 Mansion House
Tuckahoe,Week4,Mantua,Week4,323.0 Tuckahoe - 79.0 Mantua
Truro,Week2,Rolling Forest,Week3,269.0 Rolling Forest - 133.0 Truro
Truro,Week2,Little Rocky Run,Week3,347.0 Little Rocky Run - 54.0 Truro
Tuckahoe,Week4,Mantua,Week3,308.0 Tuckahoe - 94.0 Mantua
Tuckahoe,Week3,Mantua,Week5,308.0 Tuckahoe - 94.0 Mantua
Truro,Week4,Parliament,Week1,256.0 Parliament - 143.0 Truro
Tuckahoe,Week2,Mantua,Week4,297.0 Tuckahoe - 105.0 Mantua
Truro,Week4,Parliament,Week5,231.5 Parliament - 168.5 Truro
Tuckahoe,Week2,Mantua,Week2,291.0 Tuckahoe - 111.0 Mantua
Truro,Week2,Long Branch,Week1,232.0 Long Branch - 163.0 Truro
Truro,Week5,Riverside Gardens,Week3,296.0 Riverside Gardens - 106.0 Truro
Truro,Week5,Parliament,Week2,237.0 Parliament - 155.0 Truro
Truro,Week2,Pinecrest,Week1,310.0 Pinecrest - 92.0 Truro
Truro,Week1,Rolling Forest,Week2,213.5 Rolling Forest - 188.5 Truro
Truro,Week2,Pinecrest,Week2,319.0 Pinecrest - 83.0 Truro
Truro,Week1,Rolling Forest,Week1,230.0 Rolling Forest - 172.0 Truro
Truro,Week4,Little Rocky Run,Week1,299.0 Little Rocky Run - 103.0 Truro
Truro,Week3,Parliament,Week4,236.0 Parliament - 166.0 Truro
Truro,Week3,Little Rocky Run,Week2,325.0 Little Rocky Run - 77.0 Truro
Truro,Week2,Little Rocky Run,Week4,351.0 Little Rocky Run - 51.0 Truro
Truro,Week3,Long Branch,Week4,220.0 Long Branch - 182.0 Truro
Tuckahoe,Week5,Mantua,Week2,308.0 Tuckahoe - 94.0 Mantua
Truro,Week2,Little Rocky Run,Week2,331.0 Little Rocky Run - 71.0 Truro
Truro,Week2,Rolling Forest,Week4,238.0 Rolling Forest - 164.0 Truro
Truro,Week5,Riverside Gardens,Week4,308.0 Riverside Gardens - 94.0 Truro
Truro,Week3,Parliament,Week5,240.0 Parliament - 161.0 Truro
Truro,Week3,Rolling Forest,Week1,232.0 Rolling Forest - 170.0 Truro
Truro,Week1,Pinecrest,Week1,289.0 Pinecrest - 113.0 Truro
Truro,Week1,Hiddenbrook,Week3,215.0 Hiddenbrook - 187.0 Truro
Truro,Week3,Rolling Forest,Week2,228.0 Rolling Forest - 174.0 Truro
Tuckahoe,Week4,Mantua,Week2,310.0 Tuckahoe - 92.0 Mantua
Truro,Week2,Long Branch,Week2,227.0 Long Branch - 174.0 Truro
Truro,Week4,Little Rocky Run,Week4,321.0 Little Rocky Run - 81.0 Truro
Truro,Week2,Fairfax,Week2,322.0 Fairfax - 80.0 Truro
Tuckahoe,Week3,Mantua,Week1,325.0 Tuckahoe - 77.0 Mantua
Truro,Week1,Rolling Forest,Week4,229.0 Rolling Forest - 173.0 Truro
Truro,Week1,Fairfax,Week3,302.0 Fairfax - 99.0 Truro
Truro,Week3,Little Rocky Run,Week4,328.0 Little Rocky Run - 74.0 Truro
Truro,Week3,Little Rocky Run,Week5,341.0 Little Rocky Run - 61.0 Truro
Tuckahoe,Week3,Mantua,Week2,331.0 Tuckahoe - 71.0 Mantua
Tuckahoe,Week4,Mantua,Week1,324.0 Tuckahoe - 78.0 Mantua
Truro,Week3,Rolling Forest,Week3,255.0 Rolling Forest - 147.0 Truro
Truro,Week5,Fair Oaks ,Week5,278.0 Fair Oaks - 124.0 Truro
Truro,Week2,Fairfax,Week1,315.0 Fairfax - 87.0 Truro
Truro,Week3,Little Rocky Run,Week1,320.0 Little Rocky Run - 82.0 Truro
Tuckahoe,Week5,Mantua,Week5,295.0 Tuckahoe - 107.0 Mantua
Truro,Week4,Little Rocky Run,Week3,311.0 Little Rocky Run - 91.0 Truro
Tuckahoe,Week5,Mantua,Week1,303.0 Tuckahoe - 99.0 Mantua
Truro,Week2,Pinecrest,Week3,329.0 Pinecrest - 73.0 Truro
Truro,Week1,Pinecrest,Week2,304.0 Pinecrest - 98.0 Truro
Truro,Week4,Rolling Forest,Week3,243.0 Rolling Forest - 159.0 Truro
Truro,Week2,Pinecrest,Week5,324.0 Pinecrest - 77.0 Truro
Truro,Week5,Fairfax,Week2,309.0 Fairfax - 93.0 Truro
Truro,Week2,Little Rocky Run,Week5,355.5 Little Rocky Run - 41.5 Truro
Truro,Week1,Pinecrest,Week5,302.0 Pinecrest - 99.0 Truro
Truro,Week4,Fairfax,Week1,291.0 Fairfax - 111.0 Truro
Truro,Week3,Rolling Forest,Week5,256.0 Rolling Forest - 146.0 Truro
Truro,Week1,Rolling Forest,Week5,242.0 Rolling Forest - 160.0 Truro
Truro,Week2,Herndon,Week5,250.0 Truro - 152.0 Herndon
Tuckahoe,Week5,Mantua,Week4,317.0 Tuckahoe - 85.0 Mantua
Truro,Week1,Rolling Forest,Week3,238.0 Rolling Forest - 164.0 Truro
Truro,Week5,Fair Oaks ,Week3,260.0 Fair Oaks - 142.0 Truro
Truro,Week4,Parliament,Week4,229.0 Parliament - 172.0 Truro
Truro,Week1,Fairfax,Week4,301.0 Fairfax - 100.0 Truro
Tuckahoe,Week5,Mantua,Week3,293.0 Tuckahoe - 109.0 Mantua
Truro,Week4,Rolling Forest,Week4,223.0 Rolling Forest - 179.0 Truro
Truro,Week4,Little Rocky Run,Week2,299.0 Little Rocky Run - 103.0 Truro
Truro,Week2,Pinecrest,Week4,330.0 Pinecrest - 72.0 Truro
Truro,Week1,Pinecrest,Week3,313.0 Pinecrest - 89.0 Truro
Truro,Week5,Parliament,Week5,237.0 Parliament - 153.0 Truro
Truro,Week3,Herndon,Week3,273.0 Truro - 127.0 Herndon
Truro,Week2,Hiddenbrook,Week3,238.0 Hiddenbrook - 162.0 Truro
Truro,Week3,Pinecrest,Week1,304.0 Pinecrest - 98.0 Truro
Tuckahoe,Week1,McLean,Week1,228.0 Tuckahoe - 174.0 McLean
Truro,Week5,Little Rocky Run,Week4,332.0 Little Rocky Run - 70.0 Truro
Tuckahoe,Week1,McLean,Week2,208.0 Tuckahoe - 194.0 McLean
Truro,Week3,Herndon,Week2,271.0 Truro - 129.0 Herndon
Truro,Week5,Little Rocky Run,Week1,320.0 Little Rocky Run - 82.0 Truro
Truro,Week3,Pinecrest,Week3,326.0 Pinecrest - 76.0 Truro
Tuckahoe,Week3,Mantua,Week3,310.0 Tuckahoe - 92.0 Mantua
Truro,Week3,Rolling Forest,Week4,242.0 Rolling Forest - 160.0 Truro
Truro,Week4,Herndon,Week2,296.0 Truro - 105.0 Herndon
Truro,Week4,Rolling Forest,Week1,230.0 Rolling Forest - 172.0 Truro
Truro,Week1,Fairfax,Week5,319.0 Fairfax - 82.0 Truro
Truro,Week5,Rolling Forest,Week2,225.0 Rolling Forest - 177.0 Truro
Tuckahoe,Week3,Mantua,Week4,325.0 Tuckahoe - 77.0 Mantua
Truro,Week4,Rolling Forest,Week5,248.0 Rolling Forest - 154.0 Truro
Truro,Week1,Long Branch,Week3,220.0 Truro - 182.0 Long Branch
Truro,Week5,Little Rocky Run,Week5,343.5 Little Rocky Run - 53.5 Truro
Truro,Week4,Parliament,Week3,240.0 Parliament - 162.0 Truro
Truro,Week1,Fairfax,Week2,304.0 Fairfax - 98.0 Truro
Truro,Week5,Fair Oaks ,Week4,266.0 Fair Oaks - 136.0 Truro
Truro,Week1,Long Branch,Week1,207.0 Truro - 194.0 Long Branch
Tuckahoe,Week4,Mantua,Week5,305.0 Tuckahoe - 97.0 Mantua
Truro,Week5,Rolling Forest,Week3,257.0 Rolling Forest - 145.0 Truro
Truro,Week5,Herndon,Week2,279.0 Truro - 116.0 Herndon
Truro,Week3,Pinecrest,Week2,316.0 Pinecrest - 86.0 Truro
Truro,Week5,Herndon,Week1,267.0 Truro - 127.0 Herndon
Truro,Week1,Long Branch,Week4,213.0 Long Branch - 189.0 Truro
Truro,Week4,Fairfax,Week3,312.0 Fairfax - 90.0 Truro
Truro,Week3,Pinecrest,Week5,329.0 Pinecrest - 73.0 Truro
Truro,Week4,Pinecrest,Week1,286.0 Pinecrest - 116.0 Truro
Truro,Week4,Herndon,Week5,297.0 Truro - 105.0 Herndon
Truro,Week4,Fairfax,Week2,306.0 Fairfax - 96.0 Truro
Truro,Week5,Herndon,Week5,267.0 Truro - 134.0 Herndon
Truro,Week4,Little Rocky Run,Week5,323.0 Little Rocky Run - 79.0 Truro
Truro,Week3,Herndon,Week1,267.0 Truro - 132.0 Herndon
Truro,Week3,Pinecrest,Week4,329.0 Pinecrest - 73.0 Truro
Truro,Week3,Fairfax,Week3,304.0 Fairfax - 98.0 Truro
Truro,Week5,Riverside Gardens,Week5,301.0 Riverside Gardens - 101.0 Truro
Truro,Week2,Fairfax,Week4,315.0 Fairfax - 86.0 Truro
Truro,Week5,Rolling Forest,Week1,228.0 Rolling Forest - 174.0 Truro
Truro,Week2,Rolling Forest,Week2,228.0 Rolling Forest - 174.0 Truro
Truro,Week2,Fairfax,Week5,331.0 Fairfax - 70.0 Truro
Truro,Week4,Rolling Forest,Week2,214.0 Rolling Forest - 188.0 Truro
Truro,Week4,Pinecrest,Week2,294.0 Pinecrest - 108.0 Truro
Truro,Week2,Long Branch,Week3,221.5 Long Branch - 179.5 Truro
Truro,Week1,Long Branch,Week5,218.0 Long Branch - 183.0 Truro
Truro,Week2,Long Branch,Week4,239.0 Long Branch - 163.0 Truro
Truro,Week1,Rolling Hills,Week1,213.0 Rolling Hills - 188.0 Truro
Truro,Week1,Rolling Hills,Week2,219.0 Rolling Hills - 183.0 Truro
Truro,Week3,Herndon,Week5,271.0 Truro - 129.0 Herndon
Truro,Week5,Fairfax,Week1,298.5 Fairfax - 103.5 Truro
Truro,Week3,Fairfax,Week2,316.0 Fairfax - 86.0 Truro
Truro,Week1,Rolling Hills,Week4,212.0 Rolling Hills - 186.0 Truro
Truro,Week4,Pinecrest,Week4,309.0 Pinecrest - 93.0 Truro
Truro,Week2,Rolling Hills,Week3,215.0 Rolling Hills - 177.0 Truro
Truro,Week3,Little Rocky Run,Week3,333.0 Little Rocky Run - 69.0 Truro
Truro,Week2,Fairfax,Week3,324.0 Fairfax - 77.0 Truro
Truro,Week3,Fairfax,Week1,307.0 Fairfax - 95.0 Truro
Truro,Week4,Rolling Hills,Week5,206.0 Truro - 196.0 Rolling Hills
Truro,Week1,Pinewood Lake,Week5,340.0 Truro - 57.0 Pinewood Lake
Truro,Week1,Hiddenbrook,Week5,247.0 Hiddenbrook - 155.0 Truro
Truro,Week5,Pinecrest,Week3,303.0 Pinecrest - 99.0 Truro
Truro,Week4,Pinecrest,Week3,305.0 Pinecrest - 97.0 Truro
Truro,Week3,Pinewood Lake,Week2,340.0 Truro - 51.0 Pinewood Lake
Truro,Week1,Hiddenbrook,Week1,225.0 Hiddenbrook - 176.0 Truro
Truro,Week5,Little Rocky Run,Week3,331.0 Little Rocky Run - 71.0 Truro
Truro,Week5,Fair Oaks ,Week2,240.0 Fair Oaks - 162.0 Truro
Truro,Week5,Little Rocky Run,Week2,334.0 Little Rocky Run - 68.0 Truro
Truro,Week3,Rolling Hills,Week3,218.0 Rolling Hills - 183.0 Truro
Truro,Week2,Long Branch,Week5,249.0 Long Branch - 151.0 Truro
Truro,Week5,Herndon,Week4,274.0 Truro - 127.0 Herndon
Truro,Week3,Herndon,Week4,270.0 Truro - 130.0 Herndon
Truro,Week4,Herndon,Week3,293.0 Truro - 109.0 Herndon
Truro,Week4,Rolling Hills,Week4,210.0 Truro - 191.0 Rolling Hills
Truro,Week3,Fairfax,Week5,319.0 Fairfax - 83.0 Truro
Truro,Week3,Long Branch,Week5,241.0 Long Branch - 161.0 Truro
Truro,Week5,Pinecrest,Week5,306.0 Pinecrest - 95.0 Truro
Truro,Week2,Hiddenbrook,Week1,238.0 Hiddenbrook - 162.0 Truro
Truro,Week3,Long Branch,Week3,203.0 Truro - 199.0 Long Branch
Truro,Week1,Rolling Valley,Week2,236.0 Truro - 166.0 Rolling Valley
Truro,Week2,Pinewood Lake,Week4,317.0 Truro - 76.0 Pinewood Lake
Truro,Week2,Pinewood Lake,Week3,327.0 Truro - 58.0 Pinewood Lake
Truro,Week3,Fairfax,Week4,313.0 Fairfax - 89.0 Truro
Truro,Week1,Hiddenbrook,Week2,203.0 Truro - 198.0 Hiddenbrook
Truro,Week4,Fairfax,Week5,317.0 Fairfax - 85.0 Truro
Truro,Week1,Pinewood Lake,Week4,350.0 Truro - 44.0 Pinewood Lake
Truro,Week2,Rolling Valley,Week3,221.0 Truro - 181.0 Rolling Valley
Truro,Week2,Rolling Hills,Week1,235.0 Rolling Hills - 161.0 Truro
Truro,Week1,Hiddenbrook,Week4,230.0 Hiddenbrook - 172.0 Truro
Truro,Week1,Fairfax,Week1,297.0 Fairfax - 105.0 Truro
Truro,Week4,Herndon,Week4,295.0 Truro - 107.0 Herndon
Truro,Week3,Pinewood Lake,Week5,335.0 Truro - 59.0 Pinewood Lake
Truro,Week3,Mansion House,Week5,278.0 Mansion House - 124.0 Truro
Truro,Week1,Long Branch,Week2,205.0 Truro - 196.0 Long Branch
Truro,Week4,Herndon,Week1,284.5 Truro - 116.5 Herndon
Truro,Week3,Long Branch,Week2,221.0 Long Branch - 181.0 Truro
Truro,Week5,Herndon,Week3,277.0 Truro - 119.0 Herndon
Truro,Week4,Rolling Hills,Week3,207.0 Truro - 195.0 Rolling Hills
Truro,Week3,Long Branch,Week1,217.0 Long Branch - 185.0 Truro
Truro,Week4,Fairfax,Week4,304.0 Fairfax - 98.0 Truro
Truro,Week3,Pinewood Lake,Week4,343.0 Truro - 47.0 Pinewood Lake
Truro,Week1,Mansion House,Week2,249.0 Mansion House - 152.0 Truro
Truro,Week1,Rolling Hills,Week5,204.0 Rolling Hills - 198.0 Truro
Truro,Week1,Pinewood Lake,Week1,343.0 Truro - 49.0 Pinewood Lake
Truro,Week4,Mansion House,Week4,242.5 Mansion House - 158.5 Truro
Truro,Week5,Pinecrest,Week4,305.0 Pinecrest - 97.0 Truro
Truro,Week2,Hiddenbrook,Week2,200.0 Truro - 195.0 Hiddenbrook
Truro,Week5,Sully Station II,Week5,316.0 Sully Station II - 86.0 Truro
Truro,Week5,Rolling Hills,Week3,207.0 Rolling Hills - 189.0 Truro
Truro,Week3,Truro,Week4,234.0 Truro (THA2) - 168.0 Truro (THA1)
Truro,Week5,Pinecrest,Week1,284.0 Pinecrest - 118.0 Truro
Truro,Week2,Hiddenbrook,Week4,242.0 Hiddenbrook - 159.0 Truro
Truro,Week5,Rolling Hills,Week5,204.0 Truro - 198.0 Rolling Hills
Truro,Week2,Pinewood Lake,Week5,317.0 Truro - 76.0 Pinewood Lake
Truro,Week1,Pinewood Lake,Week3,344.0 Truro - 49.0 Pinewood Lake
Truro,Week2,Pinewood Lake,Week2,319.0 Truro - 63.0 Pinewood Lake
Truro,Week4,Sully Station II,Week3,300.0 Sully Station II - 102.0 Truro
Truro,Week2,Mansion House,Week4,264.0 Mansion House - 130.0 Truro
Truro,Week5,Long Branch,Week5,222.0 Long Branch - 179.0 Truro
Truro,Week3,Sully Station II,Week4,289.0 Sully Station II - 113.0 Truro
Truro,Week2,Rolling Valley,Week2,232.0 Truro - 170.0 Rolling Valley
Truro,Week1,Rolling Valley,Week1,278.0 Truro - 124.0 Rolling Valley
Truro,Week1,Truro,Week1,200.0 Truro (THA1) - 200.0 Truro (THA2)
Truro,Week1,Rolling Valley,Week5,243.0 Truro - 159.0 Rolling Valley
Truro,Week1,Mansion House,Week1,235.0 Mansion House - 167.0 Truro
Truro,Week2,Hiddenbrook,Week5,250.0 Hiddenbrook - 151.0 Truro
Truro,Week4,Long Branch,Week5,214.0 Long Branch - 188.0 Truro
Truro,Week4,Sully Station II,Week2,301.0 Sully Station II - 101.0 Truro
Truro,Week5,Sully Station II,Week4,281.0 Sully Station II - 121.0 Truro
Truro,Week4,Pinewood Lake,Week2,352.0 Truro - 41.0 Pinewood Lake
Truro,Week4,Sully Station II,Week4,260.0 Sully Station II - 142.0 Truro
Truro,Week2,Rolling Hills,Week2,230.0 Rolling Hills - 170.0 Truro
Truro,Week3,Mansion House,Week4,255.0 Mansion House - 147.0 Truro
Truro,Week2,Rolling Hills,Week4,223.0 Rolling Hills - 171.0 Truro
Truro,Week3,Pinewood Lake,Week1,339.0 Truro - 52.0 Pinewood Lake
Truro,Week5,Kings Ridge ,Week4,205.0 Truro - 197.0 Kings Ridge
Truro,Week2,Rolling Hills,Week5,229.0 Rolling Hills - 172.0 Truro
Truro,Week4,Mansion House,Week1,252.0 Mansion House - 150.0 Truro
Truro,Week1,Truro,Week5,202.0 Truro (THA2) - 199.0 Truro (THA1)
Truro,Week2,Mansion House,Week2,282.0 Mansion House - 114.0 Truro
Truro,Week4,Pinewood Lake,Week3,350.0 Truro - 43.0 Pinewood Lake
Truro,Week1,Mansion House,Week5,257.0 Mansion House - 145.0 Truro
Truro,Week5,Kings Ridge ,Week2,224.0 Truro - 177.0 Kings Ridge
Truro,Week3,Pinewood Lake,Week3,342.0 Truro - 47.0 Pinewood Lake
Truro,Week5,Sully Station II,Week3,308.0 Sully Station II - 94.0 Truro
Truro,Week3,Rolling Hills,Week1,227.0 Rolling Hills - 175.0 Truro
Truro,Week3,Rolling Hills,Week4,222.0 Rolling Hills - 179.0 Truro
Truro,Week4,Hayfield Farm,Week2,240.0 Hayfield Farm - 162.0 Truro
Truro,Week3,Sully Station II,Week5,325.0 Sully Station II - 77.0 Truro
Truro,Week4,Long Branch,Week1,205.0 Truro - 197.0 Long Branch
Truro,Week4,Sully Station II,Week1,280.0 Sully Station II - 122.0 Truro
Truro,Week5,Sully Station II,Week1,276.5 Sully Station II - 125.5 Truro
Truro,Week1,Truro,Week4,201.5 Truro (THA2) - 200.5 Truro (THA1)
Truro,Week3,Rolling Hills,Week5,220.0 Rolling Hills - 182.0 Truro
Truro,Week2,Pinewood Lake,Week1,323.0 Truro - 56.0 Pinewood Lake
Truro,Week2,Truro,Week1,243.0 Truro (THA2) - 156.0 Truro (THA1)
Truro,Week1,Lake Braddock,Week4,254.0 Truro - 148.0 Lake Braddock
Truro,Week3,Sully Station II,Week3,321.0 Sully Station II - 81.0 Truro
Truro,Week3,Kings Ridge ,Week2,215.0 Truro - 187.0 Kings Ridge
Truro,Week4,Long Branch,Week2,207.0 Truro - 195.0 Long Branch
Truro,Week4,Pinewood Lake,Week1,352.0 Truro - 43.0 Pinewood Lake
Truro,Week2,Kings Ridge ,Week5,216.0 Kings Ridge - 186.0 Truro
Truro,Week4,Hayfield Farm,Week3,254.0 Hayfield Farm - 147.0 Truro
Truro,Week5,Long Branch,Week2,202.0 Long Branch - 199.0 Truro
Truro,Week2,Herndon,Week1,244.0 Truro - 145.0 Herndon
Truro,Week5,Pinecrest,Week2,294.0 Pinecrest - 108.0 Truro
Truro,Week2,Herndon,Week4,255.0 Truro - 146.0 Herndon
Truro,Week5,Rolling Hills,Week4,210.0 Rolling Hills - 187.0 Truro
Truro,Week3,Kings Ridge ,Week4,203.0 Kings Ridge - 199.0 Truro
Truro,Week4,Sully Station II,Week5,311.0 Sully Station II - 91.0 Truro
Truro,Week3,Rolling Hills,Week2,223.0 Rolling Hills - 179.0 Truro
Truro,Week4,Rolling Hills,Week1,206.0 Rolling Hills - 196.0 Truro
Truro,Week1,Truro,Week3,225.0 Truro (THA1) - 177.0 Truro (THA2)
Truro,Week1,Kings Ridge ,Week5,210.0 Truro - 191.0 Kings Ridge
Truro,Week1,Pinewood Lake,Week2,343.0 Truro - 51.0 Pinewood Lake
Truro,Week2,Mansion House,Week3,297.0 Mansion House - 104.0 Truro
Truro,Week3,Mansion House,Week2,259.0 Mansion House - 143.0 Truro
Truro,Week1,Lake Braddock,Week2,239.0 Truro - 163.0 Lake Braddock
Truro,Week4,Mansion House,Week3,274.0 Mansion House - 128.0 Truro
Truro,Week1,Kings Ridge ,Week4,211.0 Kings Ridge - 191.0 Truro
Truro,Week4,Rolling Hills,Week2,206.0 Truro - 196.0 Rolling Hills
Truro,Week4,Long Branch,Week4,209.0 Long Branch - 193.0 Truro
Truro,Week5,Rolling Hills,Week2,227.0 Rolling Hills - 174.0 Truro
Truro,Week5,Hayfield Farm,Week5,253.0 Hayfield Farm - 149.0 Truro
Truro,Week1,Kings Ridge ,Week1,224.0 Truro - 178.0 Kings Ridge
Truro,Week5,Rolling Hills,Week1,219.0 Rolling Hills - 181.0 Truro
Truro,Week1,Kings Ridge ,Week3,223.0 Truro - 179.0 Kings Ridge
Truro,Week3,Hayfield Farm,Week5,255.0 Hayfield Farm - 147.0 Truro
Truro,Week3,Hayfield Farm,Week3,282.0 Hayfield Farm - 120.0 Truro
Truro,Week2,Herndon,Week2,254.0 Truro - 140.0 Herndon
Truro,Week4,Hayfield Farm,Week4,246.0 Hayfield Farm - 156.0 Truro
Truro,Week1,Rolling Valley,Week3,240.0 Truro - 162.0 Rolling Valley
Truro,Week4,Long Branch,Week3,214.0 Truro - 188.0 Long Branch
Truro,Week5,Long Branch,Week3,205.0 Truro - 197.0 Long Branch
Truro,Week1,Rolling Valley,Week4,232.0 Truro - 170.0 Rolling Valley
Truro,Week3,Hayfield Farm,Week1,242.0 Hayfield Farm - 160.0 Truro
Truro,Week2,Mansion House,Week1,280.0 Mansion House - 117.0 Truro
Truro,Week3,Kings Ridge ,Week5,216.0 Kings Ridge - 186.0 Truro
Truro,Week5,Sully Station II,Week2,305.0 Sully Station II - 97.0 Truro
Truro,Week4,Hayfield Farm,Week5,229.0 Hayfield Farm - 173.0 Truro
Truro,Week2,Truro,Week3,226.0 Truro (THA2) - 174.0 Truro (THA1)
Truro,Week1,Rutherford,Week2,239.0 Truro - 162.0 Rutherford
Truro,Week5,Hayfield Farm,Week1,251.5 Hayfield Farm - 150.5 Truro
Truro,Week1,Truro,Week2,243.0 Truro (THA1) - 156.0 Truro (THA2)
Truro,Week1,Mansion House,Week3,268.0 Mansion House - 134.0 Truro
Truro,Week2,Kings Ridge ,Week3,213.0 Truro - 188.0 Kings Ridge
Truro,Week5,Long Branch,Week4,206.0 Long Branch - 196.0 Truro
Truro,Week5,Hayfield Farm,Week3,275.0 Hayfield Farm - 126.0 Truro
Truro,Week3,Truro,Week1,225.0 Truro (THA2) - 177.0 Truro (THA1)
Truro,Week4,Kings Ridge ,Week3,241.0 Truro - 160.0 Kings Ridge
Truro,Week2,Rolling Valley,Week1,272.0 Truro - 130.0 Rolling Valley
Truro,Week2,Truro,Week2,188.5 Truro (THA1) - 188.5 Truro (THA2)
Truro,Week3,Mansion House,Week1,265.0 Mansion House - 137.0 Truro
Truro,Week2,Kings Ridge ,Week1,209.0 Truro - 192.0 Kings Ridge
Truro,Week5,Hayfield Farm,Week4,256.0 Hayfield Farm - 146.0 Truro
Truro,Week2,Mansion House,Week5,296.0 Mansion House - 105.0 Truro
Truro,Week2,Rolling Valley,Week5,226.0 Truro - 175.0 Rolling Valley
Truro,Week1,Herndon,Week2,271.0 Truro - 131.0 Herndon
Truro,Week4,Kings Ridge ,Week2,242.0 Truro - 159.0 Kings Ridge
Truro,Week5,Long Branch,Week1,206.0 Truro - 190.0 Long Branch
Truro,Week2,Truro,Week4,238.0 Truro (THA2) - 162.0 Truro (THA1)
Truro,Week5,Rolling Valley,Week4,238.0 Truro - 164.0 Rolling Valley
Truro,Week4,Kings Ridge ,Week1,234.5 Truro - 167.5 Kings Ridge
Truro,Week1,Mansion House,Week4,240.5 Mansion House - 161.5 Truro
Truro,Week1,Kings Ridge ,Week2,230.0 Truro - 172.0 Kings Ridge
Truro,Week2,Rutherford,Week1,224.0 Truro - 173.0 Rutherford
Truro,Week2,Rolling Valley,Week4,215.0 Truro - 186.0 Rolling Valley
Truro,Week3,Truro,Week2,226.0 Truro (THA1) - 174.0 Truro (THA2)
Truro,Week3,Mansion House,Week3,290.0 Mansion House - 112.0 Truro
Truro,Week3,Hayfield Farm,Week4,272.0 Hayfield Farm - 130.0 Truro
Truro,Week3,Truro,Week3,200.0 Truro (THA1) - 200.0 Truro (THA2)
Truro,Week1,Herndon,Week3,268.0 Truro - 133.0 Herndon
Truro,Week2,Tuckahoe,Week5,364.0 Tuckahoe - 38.0 Truro
Truro,Week5,Mansion House,Week1,266.0 Mansion House - 131.0 Truro
Truro,Week4,Mansion House,Week2,254.0 Mansion House - 148.0 Truro
Truro,Week4,Kings Ridge ,Week5,214.0 Truro - 188.0 Kings Ridge
Truro,Week3,Rolling Valley,Week2,246.0 Truro - 156.0 Rolling Valley
Truro,Week3,Tuckahoe,Week1,357.0 Tuckahoe - 45.0 Truro
Truro,Week3,Kings Ridge ,Week1,212.0 Truro - 190.0 Kings Ridge
Truro,Week2,Truro,Week5,214.0 Truro (THA2) - 173.0 Truro (THA1)
Truro,Week2,Hayfield Farm,Week4,281.0 Hayfield Farm - 121.0 Truro
Truro,Week3,Rutherford,Week5,221.0 Rutherford - 181.0 Truro
Truro,Week3,Rolling Valley,Week1,275.0 Truro - 127.0 Rolling Valley
Truro,Week4,Mansion House,Week5,270.0 Mansion House - 132.0 Truro
Truro,Week1,Herndon,Week4,257.0 Truro - 145.0 Herndon
Truro,Week2,Kings Ridge ,Week2,217.0 Truro - 182.0 Kings Ridge
Truro,Week4,Truro,Week1,201.5 Truro (THA1) - 200.5 Truro (THA2)
Truro,Week5,Kings Ridge ,Week5,208.0 Truro - 194.0 Kings Ridge
Truro,Week2,Mantua,Week3,341.0 Mantua - 61.0 Truro
Truro,Week5,Tuckahoe,Week1,343.0 Tuckahoe - 59.0 Truro
Truro,Week4,Kings Ridge ,Week4,219.0 Truro - 183.0 Kings Ridge
Truro,Week1,Mantua,Week1,290.0 Mantua - 112.0 Truro
Truro,Week4,Rolling Valley,Week4,251.0 Truro - 151.0 Rolling Valley
Truro,Week5,Mansion House,Week2,255.0 Mansion House - 141.0 Truro
Truro,Week5,Mansion House,Week3,271.0 Mansion House - 131.0 Truro
Truro,Week1,Herndon,Week5,259.0 Truro - 143.0 Herndon
Truro,Week1,Herndon,Week1,259.0 Truro - 142.0 Herndon
Truro,Week4,Tuckahoe,Week2,350.5 Tuckahoe - 51.5 Truro
Truro,Week3,Hayfield Farm,Week2,259.0 Hayfield Farm - 143.0 Truro
Truro,Week4,Rolling Valley,Week3,243.0 Truro - 159.0 Rolling Valley
Truro,Week2,Hayfield Farm,Week5,266.0 Hayfield Farm - 135.0 Truro
Truro,Week3,Rolling Valley,Week3,231.0 Truro - 170.0 Rolling Valley
Truro,Week3,Rolling Valley,Week5,224.0 Truro - 178.0 Rolling Valley
Truro,Week5,Kings Ridge ,Week3,230.0 Truro - 172.0 Kings Ridge
Truro,Week3,Kings Ridge ,Week3,216.0 Truro - 185.0 Kings Ridge
Truro,Week4,Hayfield Farm,Week1,227.0 Hayfield Farm - 175.0 Truro
Truro,Week3,Rolling Valley,Week4,221.0 Truro - 181.0 Rolling Valley
Truro,Week5,Kings Ridge ,Week1,220.0 Truro - 182.0 Kings Ridge
Truro,Week5,Hayfield Farm,Week2,267.0 Hayfield Farm - 135.0 Truro
Truro,Week5,Kent Gardens,Week5,266.0 Kent Gardens - 136.0 Truro
Truro,Week5,Truro,Week3,203.0 Truro (THA2) - 199.0 Truro (THA1)
Truro,Week1,Tuckahoe,Week5,350.0 Tuckahoe - 52.0 Truro
Truro,Week4,Tuckahoe,Week4,365.0 Tuckahoe - 37.0 Truro
Truro,Week2,Kings Ridge ,Week4,215.0 Kings Ridge - 185.0 Truro
Truro,Week3,Mantua,Week3,332.0 Mantua - 70.0 Truro
Truro,Week4,Rolling Valley,Week2,245.0 Truro - 157.0 Rolling Valley
Truro,Week2,Mantua,Week2,298.0 Mantua - 100.0 Truro
Truro,Week1,Tuckahoe,Week4,353.0 Tuckahoe - 49.0 Truro
Truro,Week2,Herndon,Week3,261.0 Truro - 134.0 Herndon
Truro,Week4,Rolling Valley,Week5,251.0 Truro - 151.0 Rolling Valley
Truro,Week2,Lake Braddock,Week4,242.0 Truro - 158.0 Lake Braddock
Truro,Week4,Truro,Week3,234.0 Truro (THA1) - 168.0 Truro (THA2)
Truro,Week3,Tuckahoe,Week2,369.0 Tuckahoe - 33.0 Truro
Truro,Week1,Mantua,Week5,328.0 Mantua - 74.0 Truro
Truro,Week2,Rutherford,Week2,220.0 Truro - 180.0 Rutherford
Truro,Week5,Truro,Week4,217.0 Truro (THA2) - 184.0 Truro (THA1)
Truro,Week5,Mansion House,Week4,248.0 Mansion House - 148.0 Truro
Truro,Week1,Rutherford,Week5,203.0 Truro - 198.0 Rutherford
Truro,Week1,Mantua,Week4,297.5 Mantua - 104.5 Truro
Truro,Week1,Rutherford,Week1,244.0 Truro - 157.0 Rutherford
Truro,Week1,Lake Braddock,Week1,263.0 Truro - 139.0 Lake Braddock
Truro,Week1,Lake Braddock,Week3,244.0 Truro - 158.0 Lake Braddock
Truro,Week4,Rolling Valley,Week1,277.0 Truro - 125.0 Rolling Valley
Truro,Week5,Rolling Valley,Week2,247.0 Truro - 155.0 Rolling Valley
Truro,Week2,Tuckahoe,Week1,361.0 Tuckahoe - 41.0 Truro
Truro,Week5,Mansion House,Week5,279.0 Mansion House - 123.0 Truro
Truro,Week1,Mantua,Week3,321.0 Mantua - 81.0 Truro
Truro,Week3,Rutherford,Week3,232.0 Rutherford - 170.0 Truro
Truro,Week2,Lakevale Estates,Week1,304.0 Lakevale Estates - 98.0 Truro
Truro,Week2,McLean,Week2,331.0 McLean - 71.0 Truro
Truro,Week1,Rutherford,Week4,208.5 Truro - 193.5 Rutherford
Truro,Week3,Rutherford,Week2,220.0 Truro - 182.0 Rutherford
Truro,Week2,Lakevale Estates,Week3,318.0 Lakevale Estates - 79.0 Truro
Truro,Week4,Truro,Week2,238.0 Truro (THA1) - 162.0 Truro (THA2)
Truro,Week5,Rolling Valley,Week5,251.0 Truro - 151.0 Rolling Valley
Truro,Week5,Lake Braddock,Week4,250.0 Truro - 151.0 Lake Braddock
Truro,Week5,Rolling Valley,Week1,274.0 Truro - 128.0 Rolling Valley
Truro,Week4,Mantua,Week1,276.0 Mantua - 125.0 Truro
Truro,Week2,Rutherford,Week5,224.0 Rutherford - 175.0 Truro
Truro,Week5,Truro,Week2,214.0 Truro (THA1) - 173.0 Truro (THA2)
Truro,Week3,Mantua,Week2,285.0 Mantua - 117.0 Truro
Truro,Week4,Truro,Week5,217.0 Truro (THA1) - 184.0 Truro (THA2)
Truro,Week3,Truro,Week5,203.0 Truro (THA1) - 199.0 Truro (THA2)
Truro,Week3,Mantua,Week1,284.0 Mantua - 118.0 Truro
Truro,Week2,Tuckahoe,Week3,360.0 Tuckahoe - 41.0 Truro
Truro,Week3,Lake Braddock,Week1,254.0 Truro - 148.0 Lake Braddock
Truro,Week2,Tuckahoe,Week2,365.0 Tuckahoe - 37.0 Truro
Truro,Week4,Lake Braddock,Week1,277.0 Truro - 125.0 Lake Braddock
Truro,Week2,Mantua,Week5,340.0 Mantua - 61.0 Truro
Truro,Week5,Lake Braddock,Week1,266.0 Truro - 135.0 Lake Braddock
Truro,Week4,Lake Braddock,Week5,231.0 Truro - 170.0 Lake Braddock
Truro,Week2,Mantua,Week1,311.0 Mantua - 80.0 Truro
Truro,Week5,Truro,Week5,195.5 Truro (THA1) - 195.5 Truro (THA2)
Truro,Week3,Lake Braddock,Week2,237.0 Truro - 165.0 Lake Braddock
Truro,Week5,Truro,Week1,202.0 Truro (THA1) - 199.0 Truro (THA2)
Truro,Week2,Lake Braddock,Week5,214.0 Truro - 185.0 Lake Braddock
Truro,Week4,Truro,Week4,200.5 Truro (THA1) - 200.5 Truro (THA2)
Truro,Week2,Lake Braddock,Week2,228.0 Truro - 171.0 Lake Braddock
Truro,Week2,Rutherford,Week4,210.0 Rutherford - 188.0 Truro
Truro,Week1,Tuckahoe,Week3,354.0 Tuckahoe - 48.0 Truro
Truro,Week1,Tuckahoe,Week1,344.0 Tuckahoe - 58.0 Truro
Truro,Week4,Mantua,Week5,302.0 Mantua - 100.0 Truro
Truro,Week4,Mantua,Week2,268.0 Mantua - 134.0 Truro
Truro,Week3,Rutherford,Week1,223.0 Truro - 179.0 Rutherford
Truro,Week5,Rolling Valley,Week3,233.0 Truro - 169.0 Rolling Valley
Truro,Week3,Mantua,Week4,310.0 Mantua - 92.0 Truro
Truro,Week2,Lake Braddock,Week3,231.0 Truro - 170.0 Lake Braddock
Truro,Week1,Rutherford,Week3,203.0 Truro - 198.0 Rutherford
Truro,Week4,Mantua,Week3,316.0 Mantua - 86.0 Truro
Truro,Week3,Mantua,Week5,324.0 Mantua - 78.0 Truro
Truro,Week2,Tuckahoe,Week4,367.0 Tuckahoe - 35.0 Truro
Truro,Week2,Mantua,Week4,315.0 Mantua - 87.0 Truro
Truro,Week5,Lake Braddock,Week2,238.0 Truro - 163.0 Lake Braddock
Truro,Week3,Rutherford,Week4,206.0 Rutherford - 196.0 Truro
Truro,Week2,Lake Braddock,Week1,250.0 Truro - 148.0 Lake Braddock
Truro,Week4,Lake Braddock,Week4,255.0 Truro - 146.0 Lake Braddock
Truro,Week5,Mantua,Week4,308.0 Mantua - 94.0 Truro
Truro,Week5,Lake Braddock,Week3,239.0 Truro - 162.0 Lake Braddock
Truro,Week3,Tuckahoe,Week5,366.0 Tuckahoe - 36.0 Truro
Truro,Week5,Mantua,Week5,315.0 Mantua - 87.0 Truro
Truro,Week4,Lake Braddock,Week2,249.0 Truro - 152.0 Lake Braddock
Truro,Week4,Shouse Village,Week4,256.0 Shouse Village - 146.0 Truro
Truro,Week4,Rutherford,Week1,255.0 Truro - 147.0 Rutherford
Truro,Week5,Tuckahoe,Week2,358.0 Tuckahoe - 44.0 Truro
Truro,Week1,McLean,Week1,321.0 McLean - 81.0 Truro
Truro,Week2,Shouse Village,Week3,249.0 Shouse Village - 152.0 Truro
Truro,Week4,Tuckahoe,Week1,346.0 Tuckahoe - 56.0 Truro
Truro,Week4,Mantua,Week4,275.0 Mantua - 127.0 Truro
Truro,Week3,Tuckahoe,Week3,364.0 Tuckahoe - 38.0 Truro
Truro,Week1,Tuckahoe,Week2,355.5 Tuckahoe - 46.5 Truro
Truro,Week1,Mantua,Week2,273.0 Mantua - 129.0 Truro
Truro,Week3,Lake Braddock,Week3,239.0 Truro - 163.0 Lake Braddock
Truro,Week2,Rutherford,Week3,226.0 Rutherford - 175.0 Truro
Truro,Week4,Tuckahoe,Week5,360.0 Tuckahoe - 42.0 Truro
Truro,Week5,Mantua,Week1,291.0 Mantua - 104.0 Truro
Truro,Week3,Tuckahoe,Week4,370.0 Tuckahoe - 32.0 Truro
Truro,Week1,Lake Braddock,Week5,236.0 Truro - 166.0 Lake Braddock
Truro,Week5,Mantua,Week2,273.0 Mantua - 128.0 Truro
Truro,Week4,Rutherford,Week5,215.0 Truro - 187.0 Rutherford
Truro,Week4,Lake Braddock,Week3,264.0 Truro - 137.0 Lake Braddock
Truro,Week5,Mantua,Week3,328.0 Mantua - 74.0 Truro
Truro,Week3,Lake Braddock,Week4,248.0 Truro - 154.0 Lake Braddock
Truro,Week3,Lake Braddock,Week5,220.0 Truro - 182.0 Lake Braddock
Truro,Week4,Rutherford,Week3,227.0 Truro - 175.0 Rutherford
Truro,Week4,Tuckahoe,Week3,357.0 Tuckahoe - 45.0 Truro
Truro,Week1,Shouse Village,Week5,262.0 Shouse Village - 140.0 Truro
Truro,Week2,Shouse Village,Week2,252.0 Shouse Village - 147.0 Truro
Truro,Week1,Vienna Woods,Week4,331.0 Vienna Woods - 71.0 Truro
Truro,Week1,Lakevale Estates,Week4,319.0 Lakevale Estates - 83.0 Truro
Truro,Week4,Rutherford,Week2,231.0 Truro - 170.0 Rutherford
Truro,Week1,Shouse Village,Week1,237.0 Shouse Village - 164.0 Truro
Truro,Week5,Tuckahoe,Week5,354.0 Tuckahoe - 48.0 Truro
Truro,Week1,McLean,Week2,331.0 McLean - 71.0 Truro
Truro,Week2,Vienna Woods,Week2,352.0 Vienna Woods - 49.0 Truro
Truro,Week5,Tuckahoe,Week4,360.0 Tuckahoe - 42.0 Truro
Truro,Week3,Vienna Aquatic,Week4,342.0 Vienna Aquatic - 60.0 Truro
Truro,Week1,McLean,Week5,339.0 McLean - 63.0 Truro
Truro,Week3,McLean,Week4,335.0 McLean - 67.0 Truro
Truro,Week3,Lakevale Estates,Week1,315.0 Lakevale Estates - 87.0 Truro
Truro,Week1,Vienna Aquatic,Week1,315.0 Vienna Aquatic - 87.0 Truro
Truro,Week5,Lake Braddock,Week5,240.0 Truro - 161.0 Lake Braddock
Truro,Week2,Vienna Aquatic,Week5,337.0 Vienna Aquatic - 63.0 Truro
Truro,Week1,McLean,Week3,325.0 McLean - 77.0 Truro
Truro,Week3,McLean,Week5,350.0 McLean - 52.0 Truro
Truro,Week5,Rutherford,Week5,209.0 Truro - 192.0 Rutherford
Truro,Week2,Lakevale Estates,Week4,330.0 Lakevale Estates - 71.0 Truro
Truro,Week1,Lakevale Estates,Week3,293.0 Lakevale Estates - 109.0 Truro
Truro,Week5,Tuckahoe,Week3,352.0 Tuckahoe - 50.0 Truro
Truro,Week3,Lakevale Estates,Week2,318.0 Lakevale Estates - 84.0 Truro
Truro,Week5,Rutherford,Week2,238.0 Truro - 162.0 Rutherford
Truro,Week4,Shouse Village,Week1,215.0 Shouse Village - 187.0 Truro
Truro,Week1,McLean,Week4,317.0 McLean - 85.0 Truro
Truro,Week2,Vienna Aquatic,Week1,331.0 Vienna Aquatic - 71.0 Truro
Truro,Week5,McLean,Week5,344.0 McLean - 58.0 Truro
Truro,Week1,Lakevale Estates,Week1,291.0 Lakevale Estates - 111.0 Truro
Truro,Week1,Lakevale Estates,Week5,316.0 Lakevale Estates - 86.0 Truro
Truro,Week5,Rutherford,Week3,214.0 Truro - 187.0 Rutherford
Truro,Week3,Shouse Village,Week1,239.0 Shouse Village - 163.0 Truro
Truro,Week3,Mosby Woods,Week2,321.0 Mosby Woods - 81.0 Truro
Truro,Week2,Shouse Village,Week4,273.0 Shouse Village - 129.0 Truro
Truro,Week2,McLean,Week1,326.0 McLean - 76.0 Truro
Truro,Week3,Vienna Aquatic,Week3,335.0 Vienna Aquatic - 67.0 Truro
Truro,Week1,Lakevale Estates,Week2,303.0 Lakevale Estates - 99.0 Truro
Truro,Week5,Rutherford,Week4,208.0 Truro - 193.0 Rutherford
Truro,Week1,Vienna Woods,Week3,353.0 Vienna Woods - 49.0 Truro
Truro,Week1,Shouse Village,Week2,232.0 Shouse Village - 170.0 Truro
Tuckahoe,Week1,Vienna Aquatic,Week5,202.0 Tuckahoe - 200.0 Vienna Aquatic
Truro,Week3,Shouse Village,Week3,248.0 Shouse Village - 154.0 Truro
Truro,Week2,Lakevale Estates,Week5,335.0 Lakevale Estates - 66.0 Truro
Truro,Week3,Lakevale Estates,Week3,321.0 Lakevale Estates - 81.0 Truro
Truro,Week2,Lakevale Estates,Week2,315.0 Lakevale Estates - 87.0 Truro
Truro,Week1,Mosby Woods,Week5,297.0 Mosby Woods - 105.0 Truro
Truro,Week3,Mosby Woods,Week1,312.0 Mosby Woods - 90.0 Truro
Truro,Week4,Shouse Village,Week2,215.0 Shouse Village - 186.0 Truro
Tuckahoe,Week1,Vienna Woods,Week2,253.0 Tuckahoe - 149.0 Vienna Woods
Tuckahoe,Week1,Vienna Woods,Week4,266.0 Tuckahoe - 136.0 Vienna Woods
Truro,Week1,Vienna Aquatic,Week5,329.0 Vienna Aquatic - 73.0 Truro
Truro,Week3,Vienna Aquatic,Week2,329.5 Vienna Aquatic - 72.5 Truro
Truro,Week1,Vienna Aquatic,Week2,315.0 Vienna Aquatic - 87.0 Truro
Truro,Week5,McLean,Week2,331.0 McLean - 71.0 Truro
Tuckahoe,Week1,Vienna Aquatic,Week2,241.0 Tuckahoe - 161.0 Vienna Aquatic
Truro,Week1,Vienna Aquatic,Week3,319.0 Vienna Aquatic - 83.0 Truro
Truro,Week4,McLean,Week1,310.5 McLean - 91.5 Truro
Truro,Week5,Rutherford,Week1,233.0 Truro - 167.0 Rutherford
Truro,Week1,Mosby Woods,Week3,291.0 Mosby Woods - 111.0 Truro
Truro,Week2,Ilda Community,Week3,204.0 Truro - 188.0 Ilda Community
Truro,Week2,Shouse Village,Week1,253.0 Shouse Village - 149.0 Truro
Truro,Week3,Ilda Community,Week2,211.0 Truro - 191.0 Ilda Community
Truro,Week2,Vienna Aquatic,Week3,331.0 Vienna Aquatic - 71.0 Truro
Truro,Week1,Shouse Village,Week3,241.0 Shouse Village - 161.0 Truro
Tuckahoe,Week2,Vienna Aquatic,Week3,244.0 Tuckahoe - 158.0 Vienna Aquatic
Truro,Week1,Kent Gardens,Week2,248.0 Kent Gardens - 154.0 Truro
Tuckahoe,Week2,Vienna Aquatic,Week2,258.0 Tuckahoe - 144.0 Vienna Aquatic
Truro,Week3,Kent Gardens,Week1,263.0 Kent Gardens - 139.0 Truro
Truro,Week2,Mosby Woods,Week5,320.0 Mosby Woods - 82.0 Truro
Truro,Week4,Rutherford,Week4,215.0 Truro - 187.0 Rutherford
Truro,Week2,Shouse Village,Week5,273.0 Shouse Village - 129.0 Truro
Truro,Week3,Shouse Village,Week5,259.0 Shouse Village - 143.0 Truro
Truro,Week2,McLean,Week3,333.0 McLean - 64.0 Truro
Truro,Week4,Shouse Village,Week3,230.0 Shouse Village - 172.0 Truro
Truro,Week2,Vienna Aquatic,Week4,330.0 Vienna Aquatic - 70.0 Truro
Truro,Week2,McLean,Week5,352.0 McLean - 50.0 Truro
Truro,Week3,Shouse Village,Week4,276.0 Shouse Village - 126.0 Truro
Truro,Week4,Ilda Community,Week2,244.0 Truro - 158.0 Ilda Community
Tuckahoe,Week3,Vienna Aquatic,Week2,308.0 Tuckahoe - 94.0 Vienna Aquatic
Truro,Week4,McLean,Week3,318.0 McLean - 84.0 Truro
Truro,Week1,Kent Gardens,Week3,235.0 Kent Gardens - 167.0 Truro
Truro,Week4,McLean,Week2,315.0 McLean - 87.0 Truro
Truro,Week3,Ilda Community,Week4,211.5 Ilda Community - 190.5 Truro
Tuckahoe,Week2,Vienna Aquatic,Week1,263.5 Tuckahoe - 138.5 Vienna Aquatic
Truro,Week2,McLean,Week4,334.0 McLean - 64.0 Truro
Tuckahoe,Week1,Stratford,Week5,369.0 Tuckahoe - 33.0 Stratford
Truro,Week2,Ilda Community,Week5,204.0 Truro - 196.0 Ilda Community
Truro,Week3,Vienna Aquatic,Week5,343.0 Vienna Aquatic - 59.0 Truro
Truro,Week3,Ilda Community,Week5,207.0 Truro - 195.0 Ilda Community
Tuckahoe,Week3,Vienna Aquatic,Week5,264.0 Tuckahoe - 138.0 Vienna Aquatic
Truro,Week3,Shouse Village,Week2,251.0 Shouse Village - 151.0 Truro
Truro,Week4,Vienna Aquatic,Week2,308.0 Vienna Aquatic - 94.0 Truro
Truro,Week1,Shouse Village,Week4,259.0 Shouse Village - 143.0 Truro
Tuckahoe,Week1,Vienna Aquatic,Week1,260.0 Tuckahoe - 142.0 Vienna Aquatic
Tuckahoe,Week4,Vienna Aquatic,Week2,301.5 Tuckahoe - 100.5 Vienna Aquatic
Tuckahoe,Week1,Stratford,Week3,359.0 Tuckahoe - 43.0 Stratford
Truro,Week4,Vienna Aquatic,Week1,312.0 Vienna Aquatic - 90.0 Truro
Tuckahoe,Week4,Vienna Aquatic,Week1,301.0 Tuckahoe - 101.0 Vienna Aquatic
Truro,Week3,Ilda Community,Week1,206.0 Ilda Community - 196.0 Truro
Truro,Week3,McLean,Week2,330.5 McLean - 71.5 Truro
Truro,Week2,Vienna Aquatic,Week2,321.0 Vienna Aquatic - 81.0 Truro
Tuckahoe,Week2,Stratford,Week3,367.0 Tuckahoe - 35.0 Stratford
Truro,Week5,Shouse Village,Week4,264.0 Shouse Village - 138.0 Truro
Truro,Week5,Vienna Aquatic,Week3,320.0 Vienna Aquatic - 82.0 Truro
Tuckahoe,Week3,Vienna Aquatic,Week1,314.0 Tuckahoe - 88.0 Vienna Aquatic
Tuckahoe,Week1,Vienna Aquatic,Week4,257.0 Tuckahoe - 145.0 Vienna Aquatic
Tuckahoe,Week4,Vienna Aquatic,Week3,286.5 Tuckahoe - 115.5 Vienna Aquatic
Truro,Week5,Vienna Aquatic,Week2,306.0 Vienna Aquatic - 96.0 Truro
Tuckahoe,Week3,Stratford,Week2,372.0 Tuckahoe - 30.0 Stratford
Truro,Week4,Shouse Village,Week5,247.0 Shouse Village - 155.0 Truro
Tuckahoe,Week3,Vienna Aquatic,Week4,305.0 Tuckahoe - 97.0 Vienna Aquatic
Truro,Week1,Mosby Woods,Week1,304.0 Mosby Woods - 98.0 Truro
Tuckahoe,Week1,Vienna Aquatic,Week3,231.0 Tuckahoe - 171.0 Vienna Aquatic
Truro,Week4,Vienna Aquatic,Week3,318.0 Vienna Aquatic - 84.0 Truro
Tuckahoe,Week1,Stratford,Week4,353.0 Tuckahoe - 49.0 Stratford
Truro,Week5,Ilda Community,Week4,208.0 Ilda Community - 194.0 Truro
Tuckahoe,Week5,Stratford,Week4,372.0 Tuckahoe - 30.0 Stratford
Truro,Week5,Ilda Community,Week5,213.0 Truro - 188.0 Ilda Community
Truro,Week3,McLean,Week1,327.0 McLean - 75.0 Truro
Truro,Week5,McLean,Week3,324.0 McLean - 73.0 Truro
Tuckahoe,Week2,Vienna Aquatic,Week4,273.0 Tuckahoe - 129.0 Vienna Aquatic
Truro,Week5,Sideburn Run,Week1,259.0 Sideburn Run - 143.0 Truro
Truro,Week5,McLean,Week4,327.0 McLean - 74.0 Truro
Truro,Week4,Sideburn Run,Week5,265.0 Sideburn Run - 137.0 Truro
Truro,Week5,Sideburn Run,Week2,248.0 Sideburn Run - 154.0 Truro
Truro,Week4,Vienna Aquatic,Week4,330.0 Vienna Aquatic - 72.0 Truro
Truro,Week5,Vienna Aquatic,Week4,321.0 Vienna Aquatic - 81.0 Truro
Truro,Week5,Shouse Village,Week1,236.0 Shouse Village - 166.0 Truro
Truro,Week1,Mosby Woods,Week2,309.0 Mosby Woods - 93.0 Truro
Tuckahoe,Week5,Springfield,Week5,393.0 Tuckahoe - 8.0 Springfield
Truro,Week5,Shouse Village,Week2,241.0 Shouse Village - 160.0 Truro
Truro,Week2,Mosby Woods,Week1,322.0 Mosby Woods - 79.0 Truro
Tuckahoe,Week4,Stratford,Week5,380.0 Tuckahoe - 22.0 Stratford
Truro,Week2,Ilda Community,Week2,203.0 Truro - 198.0 Ilda Community
Truro,Week5,Shouse Village,Week3,239.0 Shouse Village - 163.0 Truro
Tuckahoe,Week4,Stratford,Week2,375.0 Tuckahoe - 27.0 Stratford
Truro,Week1,Vienna Woods,Week1,334.0 Vienna Woods - 68.0 Truro
Truro,Week3,Ilda Community,Week3,223.0 Truro - 179.0 Ilda Community
Truro,Week4,Vienna Aquatic,Week5,333.0 Vienna Aquatic - 68.0 Truro
Truro,Week5,Ilda Community,Week1,209.0 Truro - 193.0 Ilda Community
Truro,Week4,Ilda Community,Week5,235.0 Truro - 166.0 Ilda Community
Truro,Week1,Mosby Woods,Week4,281.0 Mosby Woods - 121.0 Truro
Tuckahoe,Week2,Vienna Aquatic,Week5,223.5 Tuckahoe - 178.5 Vienna Aquatic
Truro,Week5,Ilda Community,Week2,221.0 Truro - 181.0 Ilda Community
Truro,Week1,Vienna Woods,Week2,338.0 Vienna Woods - 63.0 Truro
Truro,Week1,Kent Gardens,Week1,261.0 Kent Gardens - 141.0 Truro
Tuckahoe,Week3,Stratford,Week4,371.0 Tuckahoe - 31.0 Stratford
Truro,Week2,Mosby Woods,Week2,331.0 Mosby Woods - 70.0 Truro
Truro,Week5,Shouse Village,Week5,251.0 Shouse Village - 151.0 Truro
Truro,Week1,Vienna Aquatic,Week4,323.0 Vienna Aquatic - 79.0 Truro
Truro,Week5,Vienna Aquatic,Week1,312.0 Vienna Aquatic - 90.0 Truro
Truro,Week1,Kent Gardens,Week4,248.0 Kent Gardens - 154.0 Truro
Tuckahoe,Week3,Vienna Aquatic,Week3,291.0 Tuckahoe - 111.0 Vienna Aquatic
Truro,Week4,McLean,Week4,314.0 McLean - 88.0 Truro
Tuckahoe,Week4,Vienna Aquatic,Week5,256.0 Tuckahoe - 146.0 Vienna Aquatic
Truro,Week4,Ilda Community,Week1,235.0 Truro - 166.0 Ilda Community
Truro,Week4,McLean,Week5,325.5 McLean - 76.5 Truro
Truro,Week3,McLean,Week3,338.0 McLean - 64.0 Truro
Tuckahoe,Week4,Stratford,Week4,376.0 Tuckahoe - 26.0 Stratford
Tuckahoe,Week4,Vienna Aquatic,Week4,306.5 Tuckahoe - 95.5 Vienna Aquatic
Tuckahoe,Week5,Stratford,Week1,372.0 Tuckahoe - 30.0 Stratford
Truro,Week2,Sideburn Run,Week4,280.0 Sideburn Run - 121.0 Truro
Truro,Week2,Kent Gardens,Week2,268.0 Kent Gardens - 129.0 Truro
Tuckahoe,Week5,Vienna Aquatic,Week1,282.0 Tuckahoe - 120.0 Vienna Aquatic
Truro,Week3,Vienna Aquatic,Week1,332.0 Vienna Aquatic - 70.0 Truro
Truro,Week4,Ilda Community,Week3,235.0 Truro - 167.0 Ilda Community
Truro,Week5,Vienna Aquatic,Week5,326.0 Vienna Aquatic - 75.0 Truro
Truro,Week2,Mosby Woods,Week4,310.0 Mosby Woods - 87.0 Truro
Tuckahoe,Week3,Stratford,Week1,371.0 Tuckahoe - 31.0 Stratford
Truro,Week3,Sideburn Run,Week1,270.0 Sideburn Run - 132.0 Truro
Truro,Week1,Vienna Woods,Week5,358.0 Vienna Woods - 44.0 Truro
Truro,Week2,Kent Gardens,Week4,266.0 Kent Gardens - 134.0 Truro
Tuckahoe,Week5,Springfield,Week4,388.0 Tuckahoe - 12.0 Springfield
Tuckahoe,Week5,Vienna Aquatic,Week5,230.0 Tuckahoe - 172.0 Vienna Aquatic
Tuckahoe,Week5,Vienna Aquatic,Week4,290.0 Tuckahoe - 112.0 Vienna Aquatic
Truro,Week2,Kent Gardens,Week3,264.0 Kent Gardens - 134.0 Truro
Truro,Week1,Sideburn Run,Week2,246.0 Sideburn Run - 156.0 Truro
Tuckahoe,Week4,Sully Station,Week1,309.0 Tuckahoe - 93.0 Sully Station
Truro,Week1,Villa Aquatic,Week1,227.0 Villa Aquatic - 175.0 Truro
Truro,Week2,Sideburn Run,Week1,277.5 Sideburn Run - 122.5 Truro
Truro,Week2,Mosby Woods,Week3,316.0 Mosby Woods - 86.0 Truro
Truro,Week2,Vienna Woods,Week3,370.0 Vienna Woods - 32.0 Truro
Truro,Week2,Ilda Community,Week4,211.5 Ilda Community - 190.5 Truro
Tuckahoe,Week2,Stratford,Week4,363.0 Tuckahoe - 39.0 Stratford
Tuckahoe,Week1,Sully Station,Week5,273.0 Tuckahoe - 129.0 Sully Station
Tuckahoe,Week1,Vienna Woods,Week1,248.0 Tuckahoe - 154.0 Vienna Woods
Truro,Week5,McLean,Week1,320.0 McLean - 82.0 Truro
Tuckahoe,Week5,Vienna Aquatic,Week3,268.0 Tuckahoe - 134.0 Vienna Aquatic
Truro,Week4,Mosby Woods,Week3,288.0 Mosby Woods - 114.0 Truro
Tuckahoe,Week5,Stratford,Week3,375.0 Tuckahoe - 27.0 Stratford
Truro,Week1,Sideburn Run,Week1,253.0 Sideburn Run - 149.0 Truro
Tuckahoe,Week5,Vienna Aquatic,Week2,275.0 Tuckahoe - 127.0 Vienna Aquatic
Tuckahoe,Week1,Sully Station,Week4,291.5 Tuckahoe - 110.5 Sully Station
Truro,Week3,Mosby Woods,Week4,311.0 Mosby Woods - 91.0 Truro
Truro,Week1,Kent Gardens,Week5,273.0 Kent Gardens - 129.0 Truro
Truro,Week3,Sideburn Run,Week5,274.0 Sideburn Run - 128.0 Truro
Truro,Week2,Vienna Woods,Week1,347.0 Vienna Woods - 55.0 Truro
Truro,Week3,Vienna Woods,Week4,335.0 Vienna Woods - 67.0 Truro
Truro,Week5,Mosby Woods,Week4,286.0 Mosby Woods - 115.0 Truro
Truro,Week2,Sideburn Run,Week2,276.0 Sideburn Run - 126.0 Truro
Truro,Week4,Ilda Community,Week4,225.0 Truro - 177.0 Ilda Community
Truro,Week3,High Point Pool,Week4,294.0 High Point Pool - 108.0 Truro
Tuckahoe,Week5,Springfield,Week3,393.0 Tuckahoe - 7.0 Springfield
Truro,Week4,Sideburn Run,Week2,253.0 Sideburn Run - 149.0 Truro
Truro,Week2,Sideburn Run,Week3,280.0 Sideburn Run - 122.0 Truro
Truro,Week1,Sideburn Run,Week5,263.0 Sideburn Run - 139.0 Truro
Tuckahoe,Week2,Vienna Woods,Week4,274.0 Tuckahoe - 128.0 Vienna Woods
Truro,Week4,Vienna Woods,Week4,327.0 Vienna Woods - 75.0 Truro
Truro,Week1,Villa Aquatic,Week5,240.0 Villa Aquatic - 162.0 Truro
Truro,Week3,Kent Gardens,Week3,244.0 Kent Gardens - 158.0 Truro
Tuckahoe,Week3,Vienna Woods,Week3,273.0 Tuckahoe - 129.0 Vienna Woods
Tuckahoe,Week2,Vienna Woods,Week1,263.0 Tuckahoe - 139.0 Vienna Woods
Truro,Week5,Ilda Community,Week3,223.0 Truro - 173.0 Ilda Community
Truro,Week2,Hamlet,Week3,345.0 Hamlet - 57.0 Truro
Truro,Week2,Kent Gardens,Week5,300.0 Kent Gardens - 101.0 Truro
Truro,Week2,Mount Vernon Park,Week2,318.0 Mount Vernon Park - 84.0 Truro
Tuckahoe,Week1,Stratford,Week1,373.0 Tuckahoe - 29.0 Stratford
Tuckahoe,Week5,Vienna Woods,Week5,239.0 Tuckahoe - 163.0 Vienna Woods
Tuckahoe,Week1,Stratford,Week2,367.0 Tuckahoe - 35.0 Stratford
Truro,Week3,Sideburn Run,Week2,255.5 Sideburn Run - 146.5 Truro
Truro,Week3,Kent Gardens,Week4,259.0 Kent Gardens - 143.0 Truro
Truro,Week2,Villa Aquatic,Week5,262.0 Villa Aquatic - 140.0 Truro
Tuckahoe,Week1,Vienna Woods,Week3,242.0 Tuckahoe - 160.0 Vienna Woods
Truro,Week3,Hiddenbrook,Week3,221.5 Hiddenbrook - 180.5 Truro
Truro,Week3,Kent Gardens,Week2,257.0 Kent Gardens - 145.0 Truro
Truro,Week1,Sideburn Run,Week4,241.5 Sideburn Run - 160.5 Truro
Truro,Week3,Hamlet,Week1,320.0 Hamlet - 82.0 Truro
Truro,Week5,Vienna Woods,Week5,350.0 Vienna Woods - 52.0 Truro
Truro,Week3,Vienna Woods,Week2,341.0 Vienna Woods - 61.0 Truro
Truro,Week4,Sideburn Run,Week1,266.0 Sideburn Run - 136.0 Truro
Truro,Week3,Mosby Woods,Week3,314.0 Mosby Woods - 88.0 Truro
Truro,Week4,Mosby Woods,Week2,298.0 Mosby Woods - 104.0 Truro
Tuckahoe,Week4,Sully Station,Week5,296.0 Tuckahoe - 106.0 Sully Station
Truro,Week1,Hayfield Farm,Week2,244.0 Hayfield Farm - 158.0 Truro
Truro,Week4,Hamlet,Week1,312.0 Hamlet - 90.0 Truro
Truro,Week3,Sideburn Run,Week4,262.0 Sideburn Run - 140.0 Truro
Tuckahoe,Week1,Villa Aquatic,Week3,314.0 Tuckahoe - 88.0 Villa Aquatic
Truro,Week1,Mount Vernon Park,Week3,310.0 Mount Vernon Park - 92.0 Truro
Truro,Week2,Kent Gardens,Week1,272.0 Kent Gardens - 126.0 Truro
Tuckahoe,Week2,Stratford,Week1,373.0 Tuckahoe - 29.0 Stratford
Truro,Week5,Hiddenbrook,Week4,211.5 Hiddenbrook - 190.5 Truro
Tuckahoe,Week5,Vienna Woods,Week3,266.0 Tuckahoe - 136.0 Vienna Woods
Truro,Week1,High Point Pool,Week2,288.0 High Point Pool - 114.0 Truro
Truro,Week4,Mosby Woods,Week5,296.5 Mosby Woods - 105.5 Truro
Truro,Week5,Vienna Woods,Week4,334.0 Vienna Woods - 63.0 Truro
Tuckahoe,Week3,Stratford,Week3,372.0 Tuckahoe - 30.0 Stratford
Truro,Week1,High Point Pool,Week5,284.0 High Point Pool - 118.0 Truro
Truro,Week4,Mosby Woods,Week1,297.0 Mosby Woods - 105.0 Truro
Truro,Week3,Hiddenbrook,Week5,251.0 Hiddenbrook - 151.0 Truro
Truro,Week4,Kent Gardens,Week1,242.0 Kent Gardens - 160.0 Truro
Truro,Week5,Hiddenbrook,Week1,208.0 Hiddenbrook - 193.0 Truro
Tuckahoe,Week4,Vienna Woods,Week5,269.0 Tuckahoe - 133.0 Vienna Woods
Truro,Week2,Villa Aquatic,Week3,294.0 Villa Aquatic - 108.0 Truro
Truro,Week3,Kent Gardens,Week5,271.0 Kent Gardens - 131.0 Truro
Truro,Week4,Hamlet,Week5,328.0 Hamlet - 74.0 Truro
Truro,Week5,Mosby Woods,Week3,288.0 Mosby Woods - 114.0 Truro
Truro,Week4,Mosby Woods,Week4,299.0 Mosby Woods - 103.0 Truro
Truro,Week3,High Point Pool,Week1,290.0 High Point Pool - 112.0 Truro
Truro,Week1,Villa Aquatic,Week4,244.0 Villa Aquatic - 158.0 Truro
Tuckahoe,Week2,Villa Aquatic,Week5,321.0 Tuckahoe - 81.0 Villa Aquatic
Truro,Week5,Hamlet,Week5,335.0 Hamlet - 67.0 Truro
Tuckahoe,Week2,Stratford,Week5,379.0 Tuckahoe - 23.0 Stratford
Truro,Week3,Villa Aquatic,Week2,229.5 Villa Aquatic - 172.5 Truro
Truro,Week2,Sideburn Run,Week5,288.0 Sideburn Run - 114.0 Truro
Tuckahoe,Week3,Stratford,Week5,373.0 Tuckahoe - 29.0 Stratford
Truro,Week1,Sideburn Run,Week3,250.0 Sideburn Run - 152.0 Truro
Truro,Week5,Mosby Woods,Week1,297.0 Mosby Woods - 105.0 Truro
Tuckahoe,Week2,Stratford,Week2,376.0 Tuckahoe - 26.0 Stratford
Truro,Week4,Kent Gardens,Week3,224.0 Kent Gardens - 178.0 Truro
Truro,Week1,Hayfield Farm,Week1,232.0 Hayfield Farm - 170.0 Truro
Truro,Week1,High Point Pool,Week3,274.0 High Point Pool - 128.0 Truro
Truro,Week1,Hayfield Farm,Week4,247.0 Hayfield Farm - 155.0 Truro
Truro,Week2,High Point Pool,Week3,297.0 High Point Pool - 105.0 Truro
Tuckahoe,Week3,Vienna Woods,Week1,286.0 Tuckahoe - 116.0 Vienna Woods
Truro,Week2,Villa Aquatic,Week1,268.0 Villa Aquatic - 133.0 Truro
Truro,Week4,Kent Gardens,Week4,225.0 Kent Gardens - 177.0 Truro
Truro,Week3,Hamlet,Week3,338.5 Hamlet - 63.5 Truro
Truro,Week3,Villa Aquatic,Week5,271.0 Villa Aquatic - 131.0 Truro
Truro,Week4,Kent Gardens,Week5,262.0 Kent Gardens - 140.0 Truro
Tuckahoe,Week4,Stratford,Week1,376.0 Tuckahoe - 26.0 Stratford
Truro,Week4,Sideburn Run,Week4,264.0 Sideburn Run - 138.0 Truro
Tuckahoe,Week5,Stratford,Week2,374.5 Tuckahoe - 27.5 Stratford
Truro,Week1,Mount Vernon Park,Week4,303.0 Mount Vernon Park - 99.0 Truro
Truro,Week3,Hamlet,Week4,328.5 Hamlet - 73.5 Truro
Tuckahoe,Week3,Villa Aquatic,Week2,347.0 Tuckahoe - 55.0 Villa Aquatic
Truro,Week4,Kent Gardens,Week2,233.0 Kent Gardens - 169.0 Truro
Tuckahoe,Week3,Villa Aquatic,Week3,338.0 Tuckahoe - 64.0 Villa Aquatic
Truro,Week3,Sideburn Run,Week3,264.0 Sideburn Run - 138.0 Truro
Truro,Week5,Kent Gardens,Week2,245.0 Kent Gardens - 156.0 Truro
Truro,Week3,Hamlet,Week2,331.0 Hamlet - 71.0 Truro
Truro,Week2,Villa Aquatic,Week2,260.0 Villa Aquatic - 142.0 Truro
Truro,Week1,Mount Vernon Park,Week2,307.0 Mount Vernon Park - 95.0 Truro
Truro,Week4,Sideburn Run,Week3,271.0 Sideburn Run - 131.0 Truro
Truro,Week1,Mount Vernon Park,Week1,294.0 Mount Vernon Park - 108.0 Truro
Truro,Week2,High Point Pool,Week2,299.0 High Point Pool - 103.0 Truro
Truro,Week3,Villa Aquatic,Week4,259.0 Villa Aquatic - 143.0 Truro
Tuckahoe,Week5,Stratford,Week5,381.0 Tuckahoe - 21.0 Stratford
Tuckahoe,Week4,Stratford,Week3,373.0 Tuckahoe - 29.0 Stratford
Tuckahoe,Week2,Vienna Woods,Week3,262.0 Tuckahoe - 140.0 Vienna Woods
Truro,Week3,Hiddenbrook,Week2,206.0 Truro - 193.0 Hiddenbrook
Truro,Week5,Mosby Woods,Week5,297.0 Mosby Woods - 105.0 Truro
Truro,Week4,Hiddenbrook,Week2,238.0 Truro - 164.0 Hiddenbrook
Truro,Week2,Hayfield Farm,Week2,273.0 Hayfield Farm - 129.0 Truro
Truro,Week4,Vienna Woods,Week3,342.0 Vienna Woods - 60.0 Truro
Truro,Week2,Mount Vernon Park,Week4,314.0 Mount Vernon Park - 88.0 Truro
Truro,Week4,Hamlet,Week2,328.0 Hamlet - 74.0 Truro
Tuckahoe,Week3,Sully Station,Week3,321.0 Tuckahoe - 81.0 Sully Station
Truro,Week4,Hamlet,Week4,312.0 Hamlet - 90.0 Truro
Tuckahoe,Week1,Sully Station,Week2,288.0 Tuckahoe - 114.0 Sully Station
Tuckahoe,Week2,Sully Station,Week1,283.0 Tuckahoe - 119.0 Sully Station
Truro,Week5,Hiddenbrook,Week3,211.0 Hiddenbrook - 191.0 Truro
Truro,Week1,Hayfield Farm,Week5,231.0 Hayfield Farm - 171.0 Truro
Truro,Week3,Vienna Woods,Week5,352.0 Vienna Woods - 50.0 Truro
Truro,Week5,Kent Gardens,Week4,234.0 Kent Gardens - 168.0 Truro
Truro,Week5,Mosby Woods,Week2,296.0 Mosby Woods - 106.0 Truro
Truro,Week1,Mount Vernon Park,Week5,322.0 Mount Vernon Park - 79.0 Truro
Truro,Week3,Vienna Woods,Week1,338.5 Vienna Woods - 63.5 Truro
Truro,Week2,Mount Vernon Park,Week3,324.0 Mount Vernon Park - 78.0 Truro
Tuckahoe,Week4,Vienna Woods,Week2,291.0 Tuckahoe - 111.0 Vienna Woods
Truro,Week2,High Point Pool,Week4,280.0 High Point Pool - 122.0 Truro
Tuckahoe,Week2,Villa Aquatic,Week2,333.0 Tuckahoe - 69.0 Villa Aquatic
Truro,Week2,Mount Vernon Park,Week5,330.0 Mount Vernon Park - 71.0 Truro
Truro,Week4,Hamlet,Week3,330.0 Hamlet - 72.0 Truro
Truro,Week2,High Point Pool,Week1,291.0 High Point Pool - 111.0 Truro
Truro,Week4,Hiddenbrook,Week1,204.0 Hiddenbrook - 198.0 Truro
Tuckahoe,Week3,Sully Station,Week2,327.5 Tuckahoe - 74.5 Sully Station
Truro,Week4,Vienna Woods,Week1,329.0 Vienna Woods - 73.0 Truro
Tuckahoe,Week2,Sully Station,Week3,291.0 Tuckahoe - 111.0 Sully Station
Truro,Week2,Mount Vernon Park,Week1,316.0 Mount Vernon Park - 85.0 Truro
Truro,Week3,Hamlet,Week5,337.0 Hamlet - 65.0 Truro
Tuckahoe,Week4,Vienna Woods,Week4,293.0 Tuckahoe - 109.0 Vienna Woods
Truro,Week5,Kent Gardens,Week3,228.0 Kent Gardens - 173.0 Truro
Truro,Week4,Hiddenbrook,Week5,237.0 Hiddenbrook - 165.0 Truro
Tuckahoe,Week3,Vienna Woods,Week4,289.0 Tuckahoe - 113.0 Vienna Woods
Truro,Week4,Vienna Woods,Week2,331.0 Vienna Woods - 71.0 Truro
Truro,Week4,Hiddenbrook,Week4,205.0 Hiddenbrook - 197.0 Truro
Truro,Week3,Mosby Woods,Week5,318.0 Mosby Woods - 84.0 Truro
Tuckahoe,Week2,Villa Aquatic,Week4,332.0 Tuckahoe - 70.0 Villa Aquatic
Tuckahoe,Week2,Villa Aquatic,Week1,325.0 Tuckahoe - 77.0 Villa Aquatic
Truro,Week4,Hiddenbrook,Week3,206.0 Hiddenbrook - 196.0 Truro
Truro,Week5,Kent Gardens,Week1,254.0 Kent Gardens - 147.0 Truro
Tuckahoe,Week3,Vienna Woods,Week2,284.0 Tuckahoe - 118.0 Vienna Woods
Tuckahoe,Week2,Sully Station,Week2,292.0 Tuckahoe - 110.0 Sully Station
Truro,Week3,Vienna Woods,Week3,350.0 Vienna Woods - 52.0 Truro
Tuckahoe,Week5,Vienna Woods,Week4,282.0 Tuckahoe - 120.0 Vienna Woods
Truro,Week2,Hayfield Farm,Week1,261.0 Hayfield Farm - 141.0 Truro
Tuckahoe,Week1,Sully Station,Week3,289.5 Tuckahoe - 112.5 Sully Station
Truro,Week5,Vienna Woods,Week1,331.0 Vienna Woods - 71.0 Truro
Truro,Week5,Vienna Woods,Week3,350.0 Vienna Woods - 52.0 Truro
Truro,Week2,Vienna Woods,Week4,347.0 Vienna Woods - 50.0 Truro
Truro,Week1,Hollin Meadows,Week1,266.0 Hollin Meadows - 136.0 Truro
Truro,Week4,Hollin Meadows,Week1,257.0 Hollin Meadows - 145.0 Truro
Tuckahoe,Week1,Fairfax Station,Week5,260.0 Tuckahoe - 142.0 Fairfax Station
Truro,Week5,Vienna Woods,Week2,338.0 Vienna Woods - 63.0 Truro
Tuckahoe,Week2,Sully Station,Week5,281.0 Tuckahoe - 121.0 Sully Station
Truro,Week2,High Point Pool,Week5,291.0 High Point Pool - 111.0 Truro
Truro,Week5,Hamlet,Week2,338.0 Hamlet - 64.0 Truro
Tuckahoe,Week4,Fairfax Club Estates,Week2,374.0 Tuckahoe - 28.0 Fairfax Club Estates
Truro,Week4,Vienna Woods,Week5,352.0 Vienna Woods - 50.0 Truro
Tuckahoe,Week2,Vienna Woods,Week2,267.0 Tuckahoe - 135.0 Vienna Woods
Tuckahoe,Week1,Villa Aquatic,Week4,328.0 Tuckahoe - 74.0 Villa Aquatic
Tuckahoe,Week1,Sully Station,Week1,277.0 Tuckahoe - 125.0 Sully Station
Truro,Week2,Hamlet,Week4,336.0 Hamlet - 62.0 Truro
Tuckahoe,Week4,Vienna Woods,Week3,283.0 Tuckahoe - 119.0 Vienna Woods
Tuckahoe,Week2,Fairfax Station,Week3,263.0 Tuckahoe - 139.0 Fairfax Station
Truro,Week3,Hiddenbrook,Week1,223.0 Hiddenbrook - 178.0 Truro
Truro,Week5,Hamlet,Week3,330.0 Hamlet - 72.0 Truro
Tuckahoe,Week3,Sully Station,Week4,330.0 Tuckahoe - 72.0 Sully Station
Truro,Week5,Hiddenbrook,Week2,219.0 Truro - 178.0 Hiddenbrook
Truro,Week4,Hollin Meadows,Week3,259.0 Hollin Meadows - 143.0 Truro
Tuckahoe,Week4,Sully Station,Week3,319.0 Tuckahoe - 83.0 Sully Station
Tuckahoe,Week3,Sully Station,Week1,317.0 Tuckahoe - 85.0 Sully Station
Truro,Week4,Hollin Hills,Week5,277.0 Truro - 122.0 Hollin Hills
Truro,Week5,Hollin Meadows,Week3,262.0 Hollin Meadows - 140.0 Truro
Tuckahoe,Week1,Vienna Woods,Week5,214.0 Tuckahoe - 188.0 Vienna Woods
Truro,Week1,High Point Pool,Week4,267.0 High Point Pool - 135.0 Truro
Tuckahoe,Week2,Vienna Woods,Week5,232.0 Tuckahoe - 170.0 Vienna Woods
Truro,Week1,High Point Pool,Week1,268.0 High Point Pool - 134.0 Truro
Truro,Week2,Hamlet,Week5,351.0 Hamlet - 51.0 Truro
Tuckahoe,Week5,Vienna Woods,Week2,281.0 Tuckahoe - 121.0 Vienna Woods
Truro,Week2,Villa Aquatic,Week4,266.0 Villa Aquatic - 136.0 Truro
Tuckahoe,Week1,Fairfax Station,Week1,275.0 Tuckahoe - 127.0 Fairfax Station
Tuckahoe,Week3,Fairfax Station,Week4,319.0 Tuckahoe - 83.0 Fairfax Station
Truro,Week3,Hiddenbrook,Week4,230.0 Hiddenbrook - 172.0 Truro
Tuckahoe,Week3,Sully Station,Week5,299.0 Tuckahoe - 103.0 Sully Station
Truro,Week1,Villa Aquatic,Week2,224.0 Villa Aquatic - 178.0 Truro
Truro,Week1,Villa Aquatic,Week3,271.0 Villa Aquatic - 131.0 Truro
Tuckahoe,Week1,Fairfax Station,Week3,265.0 Tuckahoe - 137.0 Fairfax Station
Truro,Week5,Hollin Meadows,Week1,267.0 Hollin Meadows - 135.0 Truro
Tuckahoe,Week2,Fairfax Station,Week4,290.0 Tuckahoe - 112.0 Fairfax Station
Truro,Week2,Vienna Woods,Week5,372.0 Vienna Woods - 29.0 Truro
Truro,Week1,Hayfield Farm,Week3,265.0 Hayfield Farm - 137.0 Truro
Truro,Week2,Hollin Meadows,Week2,256.0 Hollin Meadows - 146.0 Truro
Tuckahoe,Week2,Sully Station,Week4,306.0 Tuckahoe - 96.0 Sully Station
Tuckahoe,Week4,Sully Station,Week2,326.0 Tuckahoe - 76.0 Sully Station
Truro,Week5,Hamlet,Week4,319.0 Hamlet - 82.0 Truro
Tuckahoe,Week5,Vienna Woods,Week1,271.0 Tuckahoe - 131.0 Vienna Woods
Truro,Week5,Hamlet,Week1,319.0 Hamlet - 82.0 Truro
Tuckahoe,Week3,Villa Aquatic,Week4,349.5 Tuckahoe - 52.5 Villa Aquatic
Truro,Week5,Hiddenbrook,Week5,239.0 Hiddenbrook - 163.0 Truro
Truro,Week2,Hayfield Farm,Week3,283.0 Hayfield Farm - 118.0 Truro
Tuckahoe,Week1,Sully Station II,Week5,267.0 Tuckahoe - 135.0 Sully Station II
Truro,Week4,Villa Aquatic,Week3,267.0 Villa Aquatic - 135.0 Truro
Truro,Week5,Villa Aquatic,Week5,251.0 Villa Aquatic - 151.0 Truro
Tuckahoe,Week3,Fairfax Club Estates,Week1,354.0 Tuckahoe - 48.0 Fairfax Club Estates
Truro,Week2,Hollin Meadows,Week5,293.0 Hollin Meadows - 109.0 Truro
Truro,Week2,Hollin Meadows,Week4,280.0 Hollin Meadows - 122.0 Truro
Tuckahoe,Week1,Sully Station II,Week3,268.0 Tuckahoe - 134.0 Sully Station II
Truro,Week2,Village West,Week1,205.0 Village West - 196.0 Truro
Tuckahoe,Week1,Fairfax Station,Week4,283.0 Tuckahoe - 119.0 Fairfax Station
Tuckahoe,Week4,Vienna Woods,Week1,299.0 Tuckahoe - 103.0 Vienna Woods
Truro,Week3,High Point Pool,Week2,301.0 High Point Pool - 101.0 Truro
Truro,Week4,High Point Pool,Week3,278.0 High Point Pool - 124.0 Truro
Tuckahoe,Week3,Vienna Woods,Week5,260.0 Tuckahoe - 142.0 Vienna Woods
Truro,Week4,Hollin Hills,Week4,274.0 Truro - 123.0 Hollin Hills
Truro,Week3,Villa Aquatic,Week3,284.5 Villa Aquatic - 117.5 Truro
Tuckahoe,Week1,Villa Aquatic,Week2,324.0 Tuckahoe - 78.0 Villa Aquatic
Tuckahoe,Week3,Fairfax Club Estates,Week3,363.0 Tuckahoe - 39.0 Fairfax Club Estates
Truro,Week2,Hollin Meadows,Week3,282.0 Hollin Meadows - 120.0 Truro
Tuckahoe,Week1,Fairfax Station,Week2,273.0 Tuckahoe - 129.0 Fairfax Station
Truro,Week4,Highland Park,Week3,241.0 Highland Park - 161.0 Truro
Truro,Week5,Hollin Hills,Week2,274.0 Truro - 119.0 Hollin Hills
Truro,Week2,Highland Park,Week2,280.0 Highland Park - 122.0 Truro
Tuckahoe,Week5,Sully Station,Week3,306.0 Tuckahoe - 96.0 Sully Station
Tuckahoe,Week1,Villa Aquatic,Week1,329.0 Tuckahoe - 73.0 Villa Aquatic
Tuckahoe,Week1,Sully Station II,Week1,294.0 Tuckahoe - 108.0 Sully Station II
Tuckahoe,Week4,Fairfax Club Estates,Week5,368.0 Tuckahoe - 34.0 Fairfax Club Estates
Truro,Week3,Villa Aquatic,Week1,243.0 Villa Aquatic - 159.0 Truro
Truro,Week3,Village West,Week2,209.0 Truro - 193.0 Village West
Tuckahoe,Week4,Sully Station,Week4,328.0 Tuckahoe - 74.0 Sully Station
Tuckahoe,Week4,Fairfax Club Estates,Week1,364.0 Tuckahoe - 38.0 Fairfax Club Estates
Truro,Week4,Hollin Hills,Week3,287.0 Truro - 114.0 Hollin Hills
Tuckahoe,Week1,Sully Station II,Week2,283.0 Tuckahoe - 119.0 Sully Station II
Truro,Week4,High Point Pool,Week1,260.0 High Point Pool - 142.0 Truro
Truro,Week3,High Point Pool,Week3,300.0 High Point Pool - 102.0 Truro
Truro,Week1,Hollin Meadows,Week5,264.0 Hollin Meadows - 138.0 Truro
Truro,Week4,Villa Aquatic,Week2,224.0 Villa Aquatic - 178.0 Truro
Truro,Week4,Highland Park,Week5,259.0 Highland Park - 143.0 Truro
Tuckahoe,Week2,Villa Aquatic,Week3,319.0 Tuckahoe - 83.0 Villa Aquatic
Truro,Week2,Village West,Week2,200.5 Truro - 200.5 Village West
Tuckahoe,Week1,Sully Station II,Week4,300.0 Tuckahoe - 102.0 Sully Station II
Truro,Week5,Hollin Hills,Week5,258.0 Truro - 128.0 Hollin Hills
Tuckahoe,Week4,Fairfax Club Estates,Week3,367.0 Tuckahoe - 35.0 Fairfax Club Estates
Tuckahoe,Week3,Villa Aquatic,Week1,349.0 Tuckahoe - 53.0 Villa Aquatic
Tuckahoe,Week5,Fairfax Club Estates,Week3,359.0 Tuckahoe - 43.0 Fairfax Club Estates
Tuckahoe,Week1,Villa Aquatic,Week5,316.0 Tuckahoe - 86.0 Villa Aquatic
Truro,Week1,Highland Park,Week2,263.0 Highland Park - 139.0 Truro
Tuckahoe,Week2,Sully Station II,Week1,301.0 Tuckahoe - 101.0 Sully Station II
Tuckahoe,Week3,Villa Aquatic,Week5,332.0 Tuckahoe - 70.0 Villa Aquatic
Truro,Week3,High Point Pool,Week5,293.0 High Point Pool - 109.0 Truro
Truro,Week5,Hollin Hills,Week1,279.0 Truro - 119.0 Hollin Hills
Truro,Week3,Hollin Meadows,Week2,255.0 Hollin Meadows - 147.0 Truro
Tuckahoe,Week2,Village West,Week5,370.0 Tuckahoe - 32.0 Village West
Truro,Week5,Villa Aquatic,Week3,270.0 Villa Aquatic - 132.0 Truro
Truro,Week5,Villa Aquatic,Week1,232.0 Villa Aquatic - 170.0 Truro
Truro,Week1,Hollin Meadows,Week3,252.0 Hollin Meadows - 150.0 Truro
Tuckahoe,Week4,Villa Aquatic,Week1,350.0 Tuckahoe - 52.0 Villa Aquatic
Truro,Week3,Hollin Meadows,Week3,274.0 Hollin Meadows - 128.0 Truro
Tuckahoe,Week2,Fairfax Club Estates,Week5,369.0 Tuckahoe - 32.0 Fairfax Club Estates
Tuckahoe,Week3,Fairfax Club Estates,Week4,360.0 Tuckahoe - 42.0 Fairfax Club Estates
Truro,Week4,Villa Aquatic,Week4,249.0 Villa Aquatic - 153.0 Truro
Truro,Week5,High Point Pool,Week1,271.0 High Point Pool - 131.0 Truro
Tuckahoe,Week2,Sully Station II,Week2,290.5 Tuckahoe - 111.5 Sully Station II
Truro,Week5,Highland Park,Week2,261.0 Highland Park - 141.0 Truro
Tuckahoe,Week5,Sully Station,Week1,299.0 Tuckahoe - 103.0 Sully Station
Tuckahoe,Week2,Fairfax Station,Week2,283.5 Tuckahoe - 118.5 Fairfax Station
Tuckahoe,Week5,Fairfax Club Estates,Week1,351.0 Tuckahoe - 51.0 Fairfax Club Estates
Truro,Week4,High Point Pool,Week4,279.0 High Point Pool - 123.0 Truro
Tuckahoe,Week5,Villa Aquatic,Week4,340.0 Tuckahoe - 62.0 Villa Aquatic
Tuckahoe,Week5,Sully Station,Week2,314.0 Tuckahoe - 88.0 Sully Station
Tuckahoe,Week5,Sully Station,Week4,313.0 Tuckahoe - 89.0 Sully Station
Truro,Week4,Villa Aquatic,Week5,256.0 Villa Aquatic - 146.0 Truro
Tuckahoe,Week2,Sully Station II,Week4,318.0 Tuckahoe - 84.0 Sully Station II
Truro,Week2,Highland Park,Week3,264.0 Highland Park - 138.0 Truro
Tuckahoe,Week3,Fairfax Station,Week1,298.0 Tuckahoe - 104.0 Fairfax Station
Tuckahoe,Week2,Fairfax Station,Week5,260.0 Tuckahoe - 142.0 Fairfax Station
Tuckahoe,Week4,Villa Aquatic,Week3,329.0 Tuckahoe - 73.0 Villa Aquatic
Truro,Week1,Village West,Week4,219.0 Truro - 177.0 Village West
Truro,Week3,Hollin Meadows,Week5,291.0 Hollin Meadows - 111.0 Truro
Truro,Week1,Village West,Week2,221.0 Truro - 180.0 Village West
Truro,Week1,Village West,Week3,214.0 Truro - 188.0 Village West
Tuckahoe,Week1,Village West,Week3,345.0 Tuckahoe - 57.0 Village West
Truro,Week2,Highland Park,Week5,293.0 Highland Park - 108.0 Truro
Truro,Week5,High Point Pool,Week3,289.0 High Point Pool - 113.0 Truro
Tuckahoe,Week5,Fairfax Club Estates,Week5,366.0 Tuckahoe - 36.0 Fairfax Club Estates
Tuckahoe,Week3,Fairfax Club Estates,Week5,368.0 Tuckahoe - 34.0 Fairfax Club Estates
Truro,Week1,Village West,Week5,218.0 Truro - 183.0 Village West
Truro,Week1,Hollin Meadows,Week2,239.0 Hollin Meadows - 163.0 Truro
Truro,Week2,Highland Park,Week1,283.0 Highland Park - 118.0 Truro
Tuckahoe,Week2,Village West,Week1,358.0 Tuckahoe - 44.0 Village West
Tuckahoe,Week2,Sully Station II,Week5,275.0 Tuckahoe - 127.0 Sully Station II
Truro,Week3,Hollin Meadows,Week4,275.0 Hollin Meadows - 127.0 Truro
Truro,Week2,Highland Park,Week4,286.0 Highland Park - 116.0 Truro
Tuckahoe,Week5,Sully Station,Week5,293.0 Tuckahoe - 109.0 Sully Station
Tuckahoe,Week2,Sully Station II,Week3,280.0 Tuckahoe - 122.0 Sully Station II
Tuckahoe,Week4,Village West,Week5,370.5 Tuckahoe - 31.5 Village West
Truro,Week1,Hollin Meadows,Week4,252.0 Hollin Meadows - 150.0 Truro
Truro,Week5,Villa Aquatic,Week4,261.0 Villa Aquatic - 141.0 Truro
Tuckahoe,Week1,Village West,Week5,358.0 Tuckahoe - 44.0 Village West
Truro,Week5,Hollin Hills,Week4,263.0 Truro - 128.0 Hollin Hills
Tuckahoe,Week3,Fairfax Station,Week2,297.0 Tuckahoe - 105.0 Fairfax Station
Tuckahoe,Week2,Village West,Week3,362.0 Tuckahoe - 40.0 Village West
Truro,Week1,Highland Park,Week5,271.0 Highland Park - 131.0 Truro
Tuckahoe,Week2,Village West,Week4,369.0 Tuckahoe - 28.0 Village West
Truro,Week2,Hollin Meadows,Week1,282.0 Hollin Meadows - 120.0 Truro
Truro,Week3,Highland Park,Week2,276.0 Highland Park - 126.0 Truro
Truro,Week2,Holmes Run Acres,Week3,301.0 Holmes Run Acres - 101.0 Truro
Tuckahoe,Week5,Villa Aquatic,Week3,322.0 Tuckahoe - 80.0 Villa Aquatic
Tuckahoe,Week4,Villa Aquatic,Week5,343.0 Tuckahoe - 59.0 Villa Aquatic
Truro,Week3,Highland Park,Week5,297.0 Highland Park - 105.0 Truro
Tuckahoe,Week1,Truro,Week2,361.0 Tuckahoe - 41.0 Truro
Truro,Week2,Village West,Week3,214.0 Village West - 187.0 Truro
Tuckahoe,Week3,Sully Station II,Week3,286.0 Tuckahoe - 116.0 Sully Station II
Truro,Week4,Hollin Meadows,Week2,233.0 Hollin Meadows - 169.0 Truro
Tuckahoe,Week3,Village West,Week4,364.0 Tuckahoe - 33.0 Village West
Tuckahoe,Week5,Fairfax Club Estates,Week2,361.0 Tuckahoe - 41.0 Fairfax Club Estates
Tuckahoe,Week2,Village West,Week2,362.0 Tuckahoe - 40.0 Village West
Truro,Week4,Hollin Meadows,Week5,281.0 Hollin Meadows - 121.0 Truro
Tuckahoe,Week5,Sully Station II,Week3,279.0 Tuckahoe - 123.0 Sully Station II
Truro,Week1,Highland Park,Week1,269.0 Highland Park - 133.0 Truro
Truro,Week3,Virginia Hills,Week2,291.0 Truro - 109.0 Virginia Hills
Truro,Week2,Village West,Week5,217.0 Village West - 183.0 Truro
Tuckahoe,Week3,Fairfax Club Estates,Week2,366.0 Tuckahoe - 36.0 Fairfax Club Estates
Tuckahoe,Week5,Fairfax Club Estates,Week4,363.0 Tuckahoe - 39.0 Fairfax Club Estates
Truro,Week1,Highland Park,Week4,276.0 Highland Park - 126.0 Truro
Truro,Week5,Hollin Hills,Week3,269.0 Truro - 130.0 Hollin Hills
Truro,Week3,Village West,Week1,209.0 Truro - 193.0 Village West
Tuckahoe,Week3,Sully Station II,Week1,310.0 Tuckahoe - 92.0 Sully Station II
Truro,Week3,Hollin Meadows,Week1,284.5 Hollin Meadows - 117.5 Truro
Truro,Week3,Highland Park,Week1,286.0 Highland Park - 116.0 Truro
Tuckahoe,Week4,Fairfax Club Estates,Week4,358.0 Tuckahoe - 44.0 Fairfax Club Estates
Truro,Week5,High Point Pool,Week2,289.0 High Point Pool - 113.0 Truro
Truro,Week4,Hollin Meadows,Week4,261.0 Hollin Meadows - 141.0 Truro
Tuckahoe,Week3,Village West,Week3,368.0 Tuckahoe - 34.0 Village West
Tuckahoe,Week4,Forest Hollow,Week1,333.0 Tuckahoe - 69.0 Forest Hollow
Tuckahoe,Week3,Fairfax Station,Week3,288.0 Tuckahoe - 114.0 Fairfax Station
Truro,Week2,Village West,Week4,201.0 Village West - 193.0 Truro
Tuckahoe,Week5,Sully Station II,Week2,290.0 Tuckahoe - 112.0 Sully Station II
Truro,Week5,Hollin Meadows,Week2,240.0 Hollin Meadows - 162.0 Truro
Tuckahoe,Week2,Truro,Week1,355.5 Tuckahoe - 46.5 Truro
Tuckahoe,Week4,Sully Station II,Week2,301.0 Tuckahoe - 101.0 Sully Station II
Tuckahoe,Week3,Village West,Week2,377.0 Tuckahoe - 25.0 Village West
Tuckahoe,Week3,Truro,Week2,360.0 Tuckahoe - 41.0 Truro
Truro,Week5,Villa Aquatic,Week2,222.5 Villa Aquatic - 179.5 Truro
Truro,Week2,Virginia Hills,Week5,274.0 Truro - 127.0 Virginia Hills
Truro,Week3,Highland Park,Week4,292.0 Highland Park - 110.0 Truro
Tuckahoe,Week4,Fairfax Station,Week3,289.0 Tuckahoe - 113.0 Fairfax Station
Tuckahoe,Week2,Fairfax Station,Week1,278.0 Tuckahoe - 124.0 Fairfax Station
Tuckahoe,Week4,Sully Station II,Week1,318.5 Tuckahoe - 83.5 Sully Station II
Tuckahoe,Week4,Fairfax Station,Week2,295.0 Tuckahoe - 107.0 Fairfax Station
Truro,Week3,Village West,Week4,200.0 Truro - 197.0 Village West
Truro,Week1,Village West,Week1,225.0 Truro - 176.0 Village West
Tuckahoe,Week2,Truro,Week3,369.0 Tuckahoe - 33.0 Truro
Tuckahoe,Week1,Village West,Week2,361.0 Tuckahoe - 41.0 Village West
Truro,Week4,Holmes Run Acres,Week3,272.0 Holmes Run Acres - 130.0 Truro
Truro,Week5,High Point Pool,Week5,283.0 High Point Pool - 119.0 Truro
Tuckahoe,Week4,Villa Aquatic,Week4,354.0 Tuckahoe - 48.0 Villa Aquatic
Truro,Week4,High Point Pool,Week2,294.0 High Point Pool - 108.0 Truro
Tuckahoe,Week5,Fairfax Station,Week2,285.0 Tuckahoe - 117.0 Fairfax Station
Truro,Week3,Holmes Run Acres,Week1,260.5 Holmes Run Acres - 141.5 Truro
Truro,Week5,Hollin Meadows,Week5,274.0 Hollin Meadows - 128.0 Truro
Truro,Week4,Villa Aquatic,Week1,211.0 Villa Aquatic - 191.0 Truro
Tuckahoe,Week4,Truro,Week5,360.0 Tuckahoe - 42.0 Truro
Tuckahoe,Week1,Village West,Week1,355.0 Tuckahoe - 47.0 Village West
Tuckahoe,Week5,Sully Station II,Week1,314.0 Tuckahoe - 88.0 Sully Station II
Truro,Week1,Highland Park,Week3,251.0 Highland Park - 151.0 Truro
Tuckahoe,Week3,Village West,Week1,366.0 Tuckahoe - 36.0 Village West
Truro,Week3,Village West,Week5,211.0 Village West - 191.0 Truro
Tuckahoe,Week5,Fairfax Station,Week3,283.0 Tuckahoe - 119.0 Fairfax Station
Truro,Week4,High Point Pool,Week5,273.0 High Point Pool - 129.0 Truro
Tuckahoe,Week4,Fairfax Station,Week1,305.0 Tuckahoe - 97.0 Fairfax Station
Truro,Week5,Holmes Run Acres,Week1,238.0 Holmes Run Acres - 164.0 Truro
Tuckahoe,Week1,Truro,Week1,344.0 Tuckahoe - 58.0 Truro
Truro,Week5,High Point Pool,Week4,279.0 High Point Pool - 123.0 Truro
Truro,Week4,Highland Park,Week1,261.0 Highland Park - 141.0 Truro
Truro,Week4,Village West,Week1,212.0 Truro - 190.0 Village West
Tuckahoe,Week5,Fairfax Station,Week5,276.0 Tuckahoe - 126.0 Fairfax Station
Truro,Week1,Holmes Run Acres,Week1,232.0 Holmes Run Acres - 170.0 Truro
Tuckahoe,Week5,Truro,Week4,360.0 Tuckahoe - 42.0 Truro
Truro,Week3,Village West,Week3,211.0 Village West - 191.0 Truro
Tuckahoe,Week4,Sully Station II,Week3,279.0 Tuckahoe - 123.0 Sully Station II
Tuckahoe,Week3,Fairfax Station,Week5,297.0 Tuckahoe - 105.0 Fairfax Station
Tuckahoe,Week5,Villa Aquatic,Week5,328.0 Tuckahoe - 74.0 Villa Aquatic
Tuckahoe,Week1,Forest Hollow,Week1,316.0 Tuckahoe - 86.0 Forest Hollow
Truro,Week2,Hunt Valley,Week1,311.0 Hunt Valley - 91.0 Truro
Truro,Week2,Holmes Run Acres,Week1,262.0 Holmes Run Acres - 139.0 Truro
Truro,Week4,Highland Park,Week2,248.0 Highland Park - 154.0 Truro
Tuckahoe,Week4,Sully Station II,Week5,287.0 Tuckahoe - 115.0 Sully Station II
Truro,Week1,Hunt Valley,Week1,305.0 Hunt Valley - 97.0 Truro
Truro,Week5,Village West,Week3,205.0 Village West - 197.0 Truro
Tuckahoe,Week5,Villa Aquatic,Week1,333.5 Tuckahoe - 68.5 Villa Aquatic
Truro,Week4,Village West,Week4,205.0 Truro - 192.0 Village West
Truro,Week4,Highland Park,Week4,249.0 Highland Park - 153.0 Truro
Truro,Week3,Highland Park,Week3,267.0 Highland Park - 135.0 Truro
Tuckahoe,Week1,Forest Hollow,Week4,317.0 Tuckahoe - 85.0 Forest Hollow
Tuckahoe,Week3,Truro,Week3,364.0 Tuckahoe - 38.0 Truro
Tuckahoe,Week3,Village West,Week5,369.0 Tuckahoe - 33.0 Village West
Truro,Week3,Holmes Run Acres,Week5,284.0 Holmes Run Acres - 118.0 Truro
Truro,Week5,Village West,Week2,221.0 Truro - 180.0 Village West
Tuckahoe,Week5,Villa Aquatic,Week2,331.0 Tuckahoe - 71.0 Villa Aquatic
Tuckahoe,Week4,Villa Aquatic,Week2,344.0 Tuckahoe - 58.0 Villa Aquatic
Truro,Week5,Highland Park,Week4,275.0 Highland Park - 127.0 Truro
Truro,Week2,Highlands Swim,Week3,349.0 Highlands Swim - 52.0 Truro
Tuckahoe,Week4,Village West,Week4,367.0 Tuckahoe - 30.0 Village West
Truro,Week5,Village West,Week5,219.0 Truro - 182.0 Village West
Truro,Week1,Holmes Run Acres,Week5,284.0 Holmes Run Acres - 118.0 Truro
Tuckahoe,Week2,Truro,Week5,358.0 Tuckahoe - 44.0 Truro
Tuckahoe,Week5,Virginia Hills,Week1,391.0 Tuckahoe - 11.0 Virginia Hills
Tuckahoe,Week1,Village West,Week4,363.0 Tuckahoe - 34.0 Village West
Tuckahoe,Week5,Fairfax Station,Week1,297.0 Tuckahoe - 105.0 Fairfax Station
Tuckahoe,Week4,Village West,Week3,364.5 Tuckahoe - 37.5 Village West
Tuckahoe,Week2,Truro,Week2,365.0 Tuckahoe - 37.0 Truro
Tuckahoe,Week4,Fairfax Station,Week4,308.0 Tuckahoe - 94.0 Fairfax Station
Tuckahoe,Week5,Sully Station II,Week5,275.0 Tuckahoe - 127.0 Sully Station II
Tuckahoe,Week4,Village West,Week2,373.0 Tuckahoe - 29.0 Village West
Truro,Week1,Holmes Run Acres,Week4,239.0 Holmes Run Acres - 163.0 Truro
Truro,Week5,Highland Park,Week1,274.0 Highland Park - 128.0 Truro
Tuckahoe,Week4,Village West,Week1,362.0 Tuckahoe - 40.0 Village West
Tuckahoe,Week5,Sully Station II,Week4,317.0 Tuckahoe - 85.0 Sully Station II
Truro,Week5,Highland Park,Week3,246.0 Highland Park - 156.0 Truro
Truro,Week5,Hollin Meadows,Week4,264.0 Hollin Meadows - 138.0 Truro
Tuckahoe,Week2,Forest Hollow,Week3,318.5 Tuckahoe - 83.5 Forest Hollow
Tuckahoe,Week4,Fairfax Station,Week5,288.0 Tuckahoe - 114.0 Fairfax Station
Truro,Week4,Village West,Week2,212.0 Truro - 190.0 Village West
Tuckahoe,Week1,Forest Hollow,Week3,316.0 Tuckahoe - 86.0 Forest Hollow
Truro,Week4,Holmes Run Acres,Week5,278.0 Holmes Run Acres - 124.0 Truro
Truro,Week1,Virginia Hills,Week3,313.0 Truro - 89.0 Virginia Hills
Tuckahoe,Week3,Sully Station II,Week2,305.0 Tuckahoe - 97.0 Sully Station II
Truro,Week1,Virginia Hills,Week2,304.0 Truro - 97.0 Virginia Hills
Truro,Week1,Hollin Hills,Week5,286.0 Truro - 114.0 Hollin Hills
Tuckahoe,Week5,Fairfax Station,Week4,307.0 Tuckahoe - 95.0 Fairfax Station
Truro,Week4,Village West,Week3,213.0 Truro - 189.0 Village West
Tuckahoe,Week3,Virginia Hills,Week3,392.0 Tuckahoe - 10.0 Virginia Hills
Tuckahoe,Week1,Truro,Week5,343.0 Tuckahoe - 59.0 Truro
Truro,Week3,Highlands Swim,Week1,332.0 Highlands Swim - 70.0 Truro
Tuckahoe,Week2,Forest Hollow,Week5,309.0 Tuckahoe - 93.0 Forest Hollow
Tuckahoe,Week5,Village West,Week4,364.0 Tuckahoe - 33.0 Village West
Truro,Week3,Holmes Run Acres,Week3,286.0 Holmes Run Acres - 116.0 Truro
Truro,Week3,Holmes Run Acres,Week2,247.0 Holmes Run Acres - 155.0 Truro
Truro,Week5,Village West,Week4,219.0 Truro - 177.0 Village West
Tuckahoe,Week3,Sully Station II,Week4,321.0 Tuckahoe - 81.0 Sully Station II
Tuckahoe,Week2,Truro,Week4,350.5 Tuckahoe - 51.5 Truro
Truro,Week5,Holmes Run Acres,Week2,233.0 Holmes Run Acres - 169.0 Truro
Truro,Week5,Highlands Swim,Week1,321.0 Highlands Swim - 81.0 Truro
Truro,Week4,Highlands Swim,Week3,335.0 Highlands Swim - 67.0 Truro
Tuckahoe,Week2,Forest Hollow,Week1,320.0 Tuckahoe - 82.0 Forest Hollow
Truro,Week5,Village West,Week1,217.0 Truro - 184.0 Village West
Truro,Week1,Virginia Hills,Week1,299.0 Truro - 102.0 Virginia Hills
Truro,Week2,Highlands Swim,Week1,344.0 Highlands Swim - 58.0 Truro
Truro,Week3,Holmes Run Acres,Week4,260.0 Holmes Run Acres - 142.0 Truro
Truro,Week5,Holmes Run Acres,Week5,281.0 Holmes Run Acres - 121.0 Truro
Tuckahoe,Week3,Forest Hollow,Week2,344.0 Tuckahoe - 58.0 Forest Hollow
Tuckahoe,Week1,Truro,Week3,357.0 Tuckahoe - 45.0 Truro
Truro,Week2,Virginia Hills,Week2,294.0 Truro - 105.0 Virginia Hills
Truro,Week2,Holmes Run Acres,Week2,258.0 Holmes Run Acres - 144.0 Truro
Truro,Week3,Highlands Swim,Week5,334.0 Highlands Swim - 68.0 Truro
Truro,Week4,Village West,Week5,213.0 Truro - 189.0 Village West
Tuckahoe,Week2,Forest Hollow,Week4,325.0 Tuckahoe - 77.0 Forest Hollow
Tuckahoe,Week5,Virginia Hills,Week5,394.0 Tuckahoe - 7.0 Virginia Hills
Tuckahoe,Week4,Sully Station II,Week4,322.0 Tuckahoe - 80.0 Sully Station II
Tuckahoe,Week1,Forest Hollow,Week5,308.5 Tuckahoe - 93.5 Forest Hollow
Truro,Week2,Virginia Hills,Week1,290.0 Truro - 110.0 Virginia Hills
Tuckahoe,Week2,Virginia Hills,Week5,393.0 Tuckahoe - 9.0 Virginia Hills
Tuckahoe,Week2,Virginia Hills,Week3,395.0 Tuckahoe - 7.0 Virginia Hills
Tuckahoe,Week2,Forest Hollow,Week2,322.5 Tuckahoe - 79.5 Forest Hollow
Tuckahoe,Week3,Sully Station II,Week5,285.0 Tuckahoe - 117.0 Sully Station II
Tuckahoe,Week3,Truro,Week1,354.0 Tuckahoe - 48.0 Truro
Truro,Week4,Holmes Run Acres,Week1,244.0 Holmes Run Acres - 158.0 Truro
Truro,Week5,Highland Park,Week5,267.0 Highland Park - 135.0 Truro
Truro,Week1,Virginia Hills,Week4,304.0 Truro - 97.0 Virginia Hills
Truro,Week5,Holmes Run Acres,Week3,271.0 Holmes Run Acres - 131.0 Truro
Tuckahoe,Week2,Virginia Hills,Week4,398.0 Tuckahoe - 4.0 Virginia Hills
Truro,Week3,Virginia Hills,Week4,293.0 Truro - 108.0 Virginia Hills
Truro,Week3,Virginia Hills,Week1,289.0 Truro - 112.0 Virginia Hills
Tuckahoe,Week3,Forest Hollow,Week3,339.0 Tuckahoe - 63.0 Forest Hollow
Truro,Week1,Holmes Run Acres,Week2,227.0 Holmes Run Acres - 175.0 Truro
Tuckahoe,Week4,Truro,Week2,367.0 Tuckahoe - 35.0 Truro
Truro,Week5,Highlands Swim,Week2,343.0 Highlands Swim - 59.0 Truro
Tuckahoe,Week4,Virginia Hills,Week1,391.0 Tuckahoe - 11.0 Virginia Hills
Tuckahoe,Week1,Forest Hollow,Week2,321.0 Tuckahoe - 81.0 Forest Hollow
Truro,Week1,Hunt Valley,Week3,319.0 Hunt Valley - 83.0 Truro
Tuckahoe,Week5,Village West,Week3,364.0 Tuckahoe - 38.0 Village West
Tuckahoe,Week4,Truro,Week1,353.0 Tuckahoe - 49.0 Truro
Truro,Week2,Virginia Hills,Week4,286.0 Truro - 114.0 Virginia Hills
Truro,Week3,Highlands Swim,Week2,341.0 Highlands Swim - 61.0 Truro
Tuckahoe,Week3,Forest Hollow,Week1,337.0 Tuckahoe - 65.0 Forest Hollow
Truro,Week5,Highlands Swim,Week5,328.0 Highlands Swim - 74.0 Truro
Truro,Week2,Holmes Run Acres,Week4,279.0 Holmes Run Acres - 122.0 Truro
Tuckahoe,Week1,Truro,Week4,346.0 Tuckahoe - 56.0 Truro
Tuckahoe,Week1,Virginia Hills,Week2,388.0 Tuckahoe - 14.0 Virginia Hills
Tuckahoe,Week3,Truro,Week5,352.0 Tuckahoe - 50.0 Truro
Truro,Week2,Virginia Hills,Week3,294.0 Truro - 107.0 Virginia Hills
Tuckahoe,Week3,Forest Hollow,Week5,339.0 Tuckahoe - 63.0 Forest Hollow
Truro,Week1,Highlands Swim,Week1,336.0 Highlands Swim - 66.0 Truro
Tuckahoe,Week3,Forest Hollow,Week4,342.0 Tuckahoe - 60.0 Forest Hollow
Truro,Week1,Virginia Hills,Week5,285.0 Truro - 117.0 Virginia Hills
Tuckahoe,Week3,Virginia Hills,Week1,392.0 Tuckahoe - 10.0 Virginia Hills
Tuckahoe,Week4,Truro,Week3,370.0 Tuckahoe - 32.0 Truro
Truro,Week1,Hunt Valley,Week2,313.5 Hunt Valley - 88.5 Truro
Truro,Week3,Highlands Swim,Week3,332.0 Highlands Swim - 70.0 Truro
Tuckahoe,Week4,Virginia Hills,Week2,394.0 Tuckahoe - 8.0 Virginia Hills
Truro,Week1,Highlands Swim,Week4,325.0 Highlands Swim - 77.0 Truro
Truro,Week3,Virginia Hills,Week3,301.0 Truro - 101.0 Virginia Hills
Tuckahoe,Week5,Village West,Week5,366.0 Tuckahoe - 36.0 Village West
Truro,Week1,Holmes Run Acres,Week3,278.0 Holmes Run Acres - 124.0 Truro
Tuckahoe,Week3,Truro,Week4,357.0 Tuckahoe - 45.0 Truro
Tuckahoe,Week4,Forest Hollow,Week2,341.0 Tuckahoe - 61.0 Forest Hollow
Tuckahoe,Week4,Forest Hollow,Week4,343.0 Tuckahoe - 59.0 Forest Hollow
Truro,Week2,Highlands Swim,Week2,353.0 Highlands Swim - 49.0 Truro
Tuckahoe,Week4,Tuckahoe,Week4,201.0 Tuckahoe (T1) - 201.0 Tuckahoe (T2)
Truro,Week4,Virginia Hills,Week1,312.0 Truro - 90.0 Virginia Hills
Truro,Week4,Virginia Hills,Week2,319.0 Truro - 82.0 Virginia Hills
Truro,Week4,Highlands Swim,Week5,329.0 Highlands Swim - 73.0 Truro
Truro,Week4,Virginia Hills,Week5,297.0 Truro - 104.0 Virginia Hills
Truro,Week1,Hunter Mill,Week1,272.0 Hunter Mill - 130.0 Truro
Tuckahoe,Week1,Virginia Hills,Week3,389.0 Tuckahoe - 13.0 Virginia Hills
Truro,Week1,Hunt Valley,Week4,310.0 Hunt Valley - 92.0 Truro
Tuckahoe,Week5,Forest Hollow,Week3,336.0 Tuckahoe - 66.0 Forest Hollow
Truro,Week1,Hunt Valley,Week5,338.0 Hunt Valley - 64.0 Truro
Tuckahoe,Week5,Tuckahoe,Week4,221.0 Tuckahoe (T2) - 181.0 Tuckahoe (T1)
Truro,Week3,Highlands Swim,Week4,326.0 Highlands Swim - 76.0 Truro
Truro,Week5,Virginia Hills,Week3,311.0 Truro - 91.0 Virginia Hills
Tuckahoe,Week5,Truro,Week1,350.0 Tuckahoe - 52.0 Truro
Tuckahoe,Week3,Virginia Hills,Week4,392.0 Tuckahoe - 10.0 Virginia Hills
Tuckahoe,Week4,Forest Hollow,Week5,334.0 Tuckahoe - 68.0 Forest Hollow
Tuckahoe,Week1,Virginia Hills,Week5,387.0 Tuckahoe - 14.0 Virginia Hills
Tuckahoe,Week5,Forest Hollow,Week2,336.0 Tuckahoe - 66.0 Forest Hollow
Truro,Week1,Hollin Hills,Week1,291.0 Truro - 110.0 Hollin Hills
Truro,Week4,Highlands Swim,Week1,329.0 Highlands Swim - 73.0 Truro
Truro,Week4,Virginia Hills,Week4,318.0 Truro - 84.0 Virginia Hills
Tuckahoe,Week5,Village West,Week1,363.0 Tuckahoe - 39.0 Village West
Truro,Week5,Holmes Run Acres,Week4,252.5 Holmes Run Acres - 149.5 Truro
Truro,Week4,Holmes Run Acres,Week2,242.0 Holmes Run Acres - 160.0 Truro
Tuckahoe,Week5,Truro,Week2,364.0 Tuckahoe - 38.0 Truro
Truro,Week5,Virginia Hills,Week1,299.5 Truro - 101.5 Virginia Hills
Truro,Week5,Virginia Hills,Week2,313.0 Truro - 87.0 Virginia Hills
Tuckahoe,Week5,Tuckahoe,Week3,248.0 Tuckahoe (T2) - 154.0 Tuckahoe (T1)
Truro,Week4,Holmes Run Acres,Week4,236.0 Holmes Run Acres - 166.0 Truro
Tuckahoe,Week4,Forest Hollow,Week3,346.0 Tuckahoe - 56.0 Forest Hollow
Tuckahoe,Week1,Fox Hunt,Week2,325.0 Tuckahoe - 77.0 Fox Hunt
Tuckahoe,Week5,Truro,Week3,366.0 Tuckahoe - 36.0 Truro
Truro,Week1,Highlands Swim,Week5,338.0 Highlands Swim - 64.0 Truro
Tuckahoe,Week4,Virginia Hills,Week4,396.0 Tuckahoe - 6.0 Virginia Hills
Tuckahoe,Week4,Truro,Week4,365.0 Tuckahoe - 37.0 Truro
Truro,Week2,Holmes Run Acres,Week5,303.0 Holmes Run Acres - 98.0 Truro
Tuckahoe,Week4,Virginia Hills,Week3,395.0 Tuckahoe - 7.0 Virginia Hills
Truro,Week1,Hollin Hills,Week3,283.0 Truro - 118.0 Hollin Hills
Tuckahoe,Week5,Forest Hollow,Week1,323.0 Tuckahoe - 79.0 Forest Hollow
Truro,Week1,Highlands Swim,Week2,343.0 Highlands Swim - 59.0 Truro
Vienna Aquatic,Week3,Camelot,Week3,304.0 Vienna Aquatic - 98.0 Camelot
Tuckahoe,Week5,Virginia Hills,Week3,396.0 Tuckahoe - 6.0 Virginia Hills
Truro,Week2,Hunter Mill,Week3,301.0 Hunter Mill - 97.0 Truro
Tuckahoe,Week1,Fox Mill Estates,Week1,349.0 Tuckahoe - 53.0 Fox Mill Estates
Tuckahoe,Week5,Virginia Hills,Week2,393.0 Tuckahoe - 9.0 Virginia Hills
Tuckahoe,Week2,Virginia Hills,Week2,398.0 Tuckahoe - 4.0 Virginia Hills
Truro,Week1,Virginia Run,Week1,291.0 Virginia Run - 111.0 Truro
Truro,Week1,Hunter Mill,Week4,294.0 Hunter Mill - 108.0 Truro
Tuckahoe,Week4,Fox Hunt,Week3,344.5 Tuckahoe - 57.5 Fox Hunt
Truro,Week3,Virginia Hills,Week5,280.0 Truro - 118.0 Virginia Hills
Truro,Week5,Highlands Swim,Week3,332.0 Highlands Swim - 70.0 Truro
Truro,Week2,Highlands Swim,Week4,346.0 Highlands Swim - 56.0 Truro
Truro,Week2,Hunter Mill,Week4,309.0 Hunter Mill - 92.0 Truro
Tuckahoe,Week5,Tuckahoe,Week5,201.0 Tuckahoe (T1) - 201.0 Tuckahoe (T2)
Tuckahoe,Week4,Virginia Hills,Week5,391.5 Tuckahoe - 10.5 Virginia Hills
Tuckahoe,Week1,Tuckahoe,Week2,218.5 Tuckahoe (T2) - 183.5 Tuckahoe (T1)
Tuckahoe,Week2,Tuckahoe,Week2,201.0 Tuckahoe (T1) - 201.0 Tuckahoe (T2)
Truro,Week5,Virginia Hills,Week5,285.0 Truro - 117.0 Virginia Hills
Truro,Week2,Hunt Valley,Week4,328.0 Hunt Valley - 73.0 Truro
Tuckahoe,Week1,Fox Hunt,Week3,320.5 Tuckahoe - 81.5 Fox Hunt
Truro,Week5,Highlands Swim,Week4,333.0 Highlands Swim - 69.0 Truro
Vienna Aquatic,Week5,Camelot,Week2,307.0 Vienna Aquatic - 95.0 Camelot
Vienna Aquatic,Week4,Camelot,Week2,275.0 Vienna Aquatic - 127.0 Camelot
Tuckahoe,Week1,Virginia Hills,Week4,389.0 Tuckahoe - 13.0 Virginia Hills
Tuckahoe,Week5,Truro,Week5,354.0 Tuckahoe - 48.0 Truro
Truro,Week4,Highlands Swim,Week2,333.0 Highlands Swim - 69.0 Truro
Vienna Aquatic,Week4,Camelot,Week4,297.0 Vienna Aquatic - 105.0 Camelot
Truro,Week4,Virginia Hills,Week3,312.0 Truro - 90.0 Virginia Hills
Truro,Week4,Hunt Valley,Week1,301.0 Hunt Valley - 101.0 Truro
Tuckahoe,Week1,Fox Mill Estates,Week2,341.0 Tuckahoe - 61.0 Fox Mill Estates
Tuckahoe,Week2,Virginia Hills,Week1,397.0 Tuckahoe - 5.0 Virginia Hills
Tuckahoe,Week3,Tuckahoe,Week1,284.0 Tuckahoe (T1) - 118.0 Tuckahoe (T2)
Tuckahoe,Week1,Fox Hunt,Week4,324.0 Tuckahoe - 78.0 Fox Hunt
Tuckahoe,Week2,Fox Hunt,Week5,326.0 Tuckahoe - 76.0 Fox Hunt
Truro,Week3,Hunt Valley,Week2,317.0 Hunt Valley - 85.0 Truro
Truro,Week1,Virginia Run,Week2,268.0 Virginia Run - 134.0 Truro
Truro,Week1,Hollin Hills,Week2,279.0 Truro - 121.0 Hollin Hills
Truro,Week2,Hunt Valley,Week3,331.0 Hunt Valley - 70.0 Truro
Truro,Week1,Highlands Swim,Week3,330.0 Highlands Swim - 72.0 Truro
Truro,Week2,Highlands Swim,Week5,348.0 Highlands Swim - 54.0 Truro
Tuckahoe,Week4,Fox Hunt,Week1,358.0 Tuckahoe - 44.0 Fox Hunt
Tuckahoe,Week1,Virginia Hills,Week1,388.0 Tuckahoe - 14.0 Virginia Hills
Truro,Week1,Virginia Run,Week4,285.0 Virginia Run - 117.0 Truro
Tuckahoe,Week3,Tuckahoe,Week2,289.5 Tuckahoe (T1) - 112.5 Tuckahoe (T2)
Truro,Week5,Virginia Hills,Week4,312.0 Truro - 89.0 Virginia Hills
Tuckahoe,Week1,Fox Mill Estates,Week5,321.0 Tuckahoe - 81.0 Fox Mill Estates
Tuckahoe,Week5,Village West,Week2,366.0 Tuckahoe - 36.0 Village West
Tuckahoe,Week2,Tuckahoe,Week4,262.5 Tuckahoe (T2) - 139.5 Tuckahoe (T1)
Vienna Aquatic,Week2,Camelot,Week4,289.0 Vienna Aquatic - 113.0 Camelot
Truro,Week2,Hunter Mill,Week5,304.0 Hunter Mill - 98.0 Truro
Truro,Week1,Virginia Run,Week3,271.0 Virginia Run - 131.0 Truro
Vienna Aquatic,Week2,Canterbury Woods,Week1,311.0 Vienna Aquatic - 91.0 Canterbury Woods
Truro,Week1,Hollin Hills,Week4,289.0 Truro - 110.0 Hollin Hills
Truro,Week2,Hollin Hills,Week5,240.0 Truro - 142.0 Hollin Hills
Tuckahoe,Week1,Fox Hunt,Week1,333.0 Tuckahoe - 69.0 Fox Hunt
Truro,Week2,Virginia Run,Week4,304.0 Virginia Run - 98.0 Truro
Tuckahoe,Week5,Virginia Hills,Week4,394.0 Tuckahoe - 8.0 Virginia Hills
Truro,Week2,Hollin Hills,Week1,261.0 Truro - 132.0 Hollin Hills
Tuckahoe,Week3,Tuckahoe,Week4,230.0 Tuckahoe (T1) - 172.0 Tuckahoe (T2)
Truro,Week1,Hunter Mill,Week3,276.0 Hunter Mill - 126.0 Truro
Tuckahoe,Week3,Virginia Hills,Week2,393.0 Tuckahoe - 4.0 Virginia Hills
Tuckahoe,Week1,Virginia Run,Week2,325.0 Tuckahoe - 77.0 Virginia Run
Truro,Week2,Virginia Run,Week2,287.0 Virginia Run - 115.0 Truro
Truro,Week1,Virginia Run,Week5,298.0 Virginia Run - 104.0 Truro
Truro,Week4,Highlands Swim,Week4,322.5 Highlands Swim - 79.5 Truro
Tuckahoe,Week4,Tuckahoe,Week2,262.5 Tuckahoe (T1) - 139.5 Tuckahoe (T2)
Vienna Aquatic,Week5,Camelot,Week5,321.0 Vienna Aquatic - 81.0 Camelot
Tuckahoe,Week5,Forest Hollow,Week4,331.0 Tuckahoe - 71.0 Forest Hollow
Tuckahoe,Week1,Fox Hunt,Week5,314.0 Tuckahoe - 88.0 Fox Hunt
Truro,Week3,Hollin Hills,Week1,274.0 Truro - 128.0 Hollin Hills
Truro,Week2,Hollin Hills,Week2,263.0 Truro - 125.0 Hollin Hills
Truro,Week4,Hunt Valley,Week3,318.0 Hunt Valley - 84.0 Truro
Vienna Aquatic,Week1,Canterbury Woods,Week3,306.0 Vienna Aquatic - 96.0 Canterbury Woods
Truro,Week5,Hunt Valley,Week2,292.0 Hunt Valley - 110.0 Truro
Tuckahoe,Week1,Wakefield Chapel,Week1,241.0 Tuckahoe - 161.0 Wakefield Chapel
Tuckahoe,Week5,Forest Hollow,Week5,323.0 Tuckahoe - 79.0 Forest Hollow
Tuckahoe,Week1,Virginia Run,Week1,309.0 Tuckahoe - 93.0 Virginia Run
Tuckahoe,Week1,Tuckahoe,Week3,284.0 Tuckahoe (T2) - 118.0 Tuckahoe (T1)
Vienna Aquatic,Week4,Camelot,Week1,292.0 Vienna Aquatic - 110.0 Camelot
Tuckahoe,Week3,Virginia Hills,Week5,389.0 Tuckahoe - 13.0 Virginia Hills
Tuckahoe,Week3,Tuckahoe,Week3,198.5 Tuckahoe (T1) - 198.5 Tuckahoe (T2)
Truro,Week5,Hunt Valley,Week3,314.0 Hunt Valley - 88.0 Truro
Truro,Week2,Wakefield Chapel,Week3,353.0 Wakefield Chapel - 49.0 Truro
Tuckahoe,Week3,Tuckahoe,Week5,248.0 Tuckahoe (T1) - 154.0 Tuckahoe (T2)
Vienna Aquatic,Week5,Camelot,Week4,317.0 Vienna Aquatic - 85.0 Camelot
Truro,Week2,Hunt Valley,Week2,323.0 Hunt Valley - 79.0 Truro
Truro,Week4,Virginia Run,Week4,279.0 Virginia Run - 123.0 Truro
Vienna Aquatic,Week1,Canterbury Woods,Week1,312.0 Vienna Aquatic - 90.0 Canterbury Woods
Truro,Week3,Hunt Valley,Week5,346.0 Hunt Valley - 56.0 Truro
Tuckahoe,Week3,Fox Hunt,Week1,355.0 Tuckahoe - 47.0 Fox Hunt
Tuckahoe,Week1,Tuckahoe,Week1,201.0 Tuckahoe (T1) - 201.0 Tuckahoe (T2)
Vienna Aquatic,Week2,Camelot,Week5,303.0 Vienna Aquatic - 99.0 Camelot
Truro,Week3,Hunt Valley,Week4,330.0 Hunt Valley - 72.0 Truro
Tuckahoe,Week1,Tuckahoe,Week5,267.5 Tuckahoe (T2) - 134.5 Tuckahoe (T1)
Truro,Week2,Hollin Hills,Week4,253.0 Truro - 131.0 Hollin Hills
Tuckahoe,Week1,Virginia Run,Week3,324.0 Tuckahoe - 78.0 Virginia Run
Tuckahoe,Week2,Fox Hunt,Week1,345.0 Tuckahoe - 57.0 Fox Hunt
Truro,Week5,Virginia Run,Week1,295.5 Virginia Run - 106.5 Truro
Tuckahoe,Week5,Fox Hunt,Week3,326.0 Tuckahoe - 76.0 Fox Hunt
Truro,Week5,Virginia Run,Week2,277.0 Virginia Run - 125.0 Truro
Tuckahoe,Week3,Fox Hunt,Week4,346.0 Tuckahoe - 56.0 Fox Hunt
Truro,Week2,Hollin Hills,Week3,250.0 Truro - 146.0 Hollin Hills
Truro,Week3,Virginia Run,Week5,323.0 Virginia Run - 79.0 Truro
Tuckahoe,Week2,Tuckahoe,Week3,289.5 Tuckahoe (T2) - 112.5 Tuckahoe (T1)
Tuckahoe,Week1,Virginia Run,Week5,293.0 Tuckahoe - 109.0 Virginia Run
Vienna Aquatic,Week5,Canterbury Woods,Week1,341.0 Vienna Aquatic - 61.0 Canterbury Woods
Truro,Week3,Hollin Hills,Week2,274.0 Truro - 126.0 Hollin Hills
Vienna Aquatic,Week3,Camelot,Week4,304.0 Vienna Aquatic - 98.0 Camelot
Truro,Week4,Hunt Valley,Week2,298.0 Hunt Valley - 104.0 Truro
Tuckahoe,Week2,Wakefield Chapel,Week1,236.0 Tuckahoe - 166.0 Wakefield Chapel
Truro,Week3,Hollin Hills,Week3,275.0 Truro - 127.0 Hollin Hills
Vienna Aquatic,Week5,Canterbury Woods,Week3,328.5 Vienna Aquatic - 73.5 Canterbury Woods
Tuckahoe,Week4,Tuckahoe,Week3,230.0 Tuckahoe (T2) - 172.0 Tuckahoe (T1)
Tuckahoe,Week3,Fox Hunt,Week2,352.0 Tuckahoe - 50.0 Fox Hunt
Tuckahoe,Week3,Fox Hunt,Week5,345.0 Tuckahoe - 57.0 Fox Hunt
Truro,Week3,Virginia Run,Week1,308.0 Virginia Run - 94.0 Truro
Truro,Week3,Hunt Valley,Week1,308.0 Hunt Valley - 94.0 Truro
Truro,Week2,Virginia Run,Week1,307.0 Virginia Run - 95.0 Truro
Tuckahoe,Week5,Tuckahoe,Week1,267.5 Tuckahoe (T1) - 134.5 Tuckahoe (T2)
Tuckahoe,Week1,Virginia Run,Week4,318.0 Tuckahoe - 84.0 Virginia Run
Truro,Week4,Hunt Valley,Week5,327.0 Hunt Valley - 75.0 Truro
Truro,Week3,Virginia Run,Week2,283.0 Virginia Run - 119.0 Truro
Truro,Week3,Hunt Valley,Week3,330.0 Hunt Valley - 72.0 Truro
Truro,Week4,Hollin Hills,Week1,282.0 Truro - 118.0 Hollin Hills
Truro,Week5,Hunt Valley,Week4,311.0 Hunt Valley - 91.0 Truro
Tuckahoe,Week4,Fox Hunt,Week5,345.0 Tuckahoe - 57.0 Fox Hunt
Truro,Week3,Hollin Hills,Week4,263.0 Truro - 137.0 Hollin Hills
Vienna Aquatic,Week2,Canterbury Woods,Week4,300.0 Vienna Aquatic - 102.0 Canterbury Woods
Tuckahoe,Week1,Tuckahoe,Week4,272.0 Tuckahoe (T2) - 130.0 Tuckahoe (T1)
Tuckahoe,Week5,Fox Hunt,Week2,339.0 Tuckahoe - 63.0 Fox Hunt
Tuckahoe,Week4,Tuckahoe,Week1,272.0 Tuckahoe (T1) - 130.0 Tuckahoe (T2)
Tuckahoe,Week2,Virginia Run,Week5,314.0 Tuckahoe - 88.0 Virginia Run
Truro,Week4,Hollin Hills,Week2,277.0 Truro - 119.0 Hollin Hills
Vienna Aquatic,Week1,Canterbury Woods,Week5,285.0 Vienna Aquatic - 117.0 Canterbury Woods
Tuckahoe,Week4,Fox Hunt,Week4,352.0 Tuckahoe - 50.0 Fox Hunt
Vienna Aquatic,Week3,Camelot,Week1,310.0 Vienna Aquatic - 92.0 Camelot
Truro,Week4,Hunt Valley,Week4,313.0 Hunt Valley - 89.0 Truro
Tuckahoe,Week2,Tuckahoe,Week1,218.5 Tuckahoe (T1) - 183.5 Tuckahoe (T2)
Tuckahoe,Week2,Tuckahoe,Week5,242.5 Tuckahoe (T2) - 159.5 Tuckahoe (T1)
Truro,Week3,Virginia Run,Week4,302.0 Virginia Run - 100.0 Truro
Truro,Week3,Hollin Hills,Week5,261.0 Truro - 139.0 Hollin Hills
Tuckahoe,Week3,Virginia Run,Week1,340.0 Tuckahoe - 62.0 Virginia Run
Vienna Aquatic,Week3,Canterbury Woods,Week5,303.0 Vienna Aquatic - 99.0 Canterbury Woods
Truro,Week5,Virginia Run,Week3,282.0 Virginia Run - 120.0 Truro
Vienna Aquatic,Week4,Canterbury Woods,Week1,318.0 Vienna Aquatic - 84.0 Canterbury Woods
Tuckahoe,Week3,Virginia Run,Week5,334.0 Tuckahoe - 68.0 Virginia Run
Tuckahoe,Week2,Virginia Run,Week4,333.0 Tuckahoe - 69.0 Virginia Run
Tuckahoe,Week4,Fox Hunt,Week2,353.0 Tuckahoe - 49.0 Fox Hunt
Truro,Week1,Hunter Mill,Week2,267.0 Hunter Mill - 135.0 Truro
Truro,Week3,Virginia Run,Week3,287.0 Virginia Run - 115.0 Truro
Tuckahoe,Week1,Wakefield Chapel,Week4,262.0 Tuckahoe - 140.0 Wakefield Chapel
Tuckahoe,Week4,Tuckahoe,Week5,221.0 Tuckahoe (T1) - 181.0 Tuckahoe (T2)
Tuckahoe,Week5,Fox Hunt,Week5,334.0 Tuckahoe - 68.0 Fox Hunt
Tuckahoe,Week2,Fox Hunt,Week4,338.0 Tuckahoe - 64.0 Fox Hunt
Tuckahoe,Week4,Riverside Gardens,Week3,309.0 Tuckahoe - 93.0 Riverside Gardens
Tuckahoe,Week5,Virginia Run,Week2,334.0 Tuckahoe - 68.0 Virginia Run
Vienna Aquatic,Week4,Camelot,Week3,287.0 Vienna Aquatic - 115.0 Camelot
Truro,Week1,Hunter Mill,Week5,285.0 Hunter Mill - 117.0 Truro
Tuckahoe,Week5,Tuckahoe,Week2,242.5 Tuckahoe (T1) - 159.5 Tuckahoe (T2)
Truro,Week5,Hunt Valley,Week5,322.0 Hunt Valley - 80.0 Truro
Tuckahoe,Week4,Virginia Run,Week1,335.0 Tuckahoe - 67.0 Virginia Run
Tuckahoe,Week3,Rolling Forest,Week1,351.0 Tuckahoe - 51.0 Rolling Forest
Vienna Aquatic,Week5,Camelot,Week3,303.0 Vienna Aquatic - 99.0 Camelot
Tuckahoe,Week5,Fox Hunt,Week4,344.0 Tuckahoe - 58.0 Fox Hunt
Tuckahoe,Week2,Fox Hunt,Week3,321.5 Tuckahoe - 80.5 Fox Hunt
Vienna Aquatic,Week4,Camelot,Week5,289.0 Vienna Aquatic - 113.0 Camelot
Truro,Week2,Hunter Mill,Week2,269.0 Hunter Mill - 133.0 Truro
Truro,Week4,Virginia Run,Week1,282.0 Virginia Run - 120.0 Truro
Truro,Week1,Wakefield Chapel,Week4,336.0 Wakefield Chapel - 66.0 Truro
Truro,Week1,Wakefield Chapel,Week3,340.0 Wakefield Chapel - 62.0 Truro
Truro,Week4,Virginia Run,Week5,299.0 Virginia Run - 103.0 Truro
Tuckahoe,Week3,Fox Hunt,Week3,344.0 Tuckahoe - 58.0 Fox Hunt
Tuckahoe,Week1,Fox Mill Estates,Week3,342.0 Tuckahoe - 60.0 Fox Mill Estates
Vienna Aquatic,Week3,Camelot,Week5,313.0 Vienna Aquatic - 89.0 Camelot
Truro,Week2,Virginia Run,Week5,311.0 Virginia Run - 91.0 Truro
Tuckahoe,Week3,Rolling Forest,Week5,338.0 Tuckahoe - 64.0 Rolling Forest
Tuckahoe,Week2,Rolling Forest,Week5,337.0 Tuckahoe - 65.0 Rolling Forest
Truro,Week3,Hunter Mill,Week5,296.0 Hunter Mill - 106.0 Truro
Tuckahoe,Week1,Wakefield Chapel,Week3,259.0 Tuckahoe - 143.0 Wakefield Chapel
Truro,Week1,Wakefield Chapel,Week2,340.0 Wakefield Chapel - 62.0 Truro
Vienna Aquatic,Week1,Canterbury Woods,Week2,307.0 Vienna Aquatic - 95.0 Canterbury Woods
Truro,Week5,Virginia Run,Week5,306.0 Virginia Run - 96.0 Truro
Truro,Week5,Hunt Valley,Week1,294.0 Hunt Valley - 108.0 Truro
Truro,Week4,Virginia Run,Week2,262.0 Virginia Run - 140.0 Truro
Tuckahoe,Week5,Virginia Run,Week4,325.0 Tuckahoe - 77.0 Virginia Run
Tuckahoe,Week2,Virginia Run,Week1,315.0 Tuckahoe - 87.0 Virginia Run
Tuckahoe,Week4,Rolling Forest,Week5,350.0 Tuckahoe - 52.0 Rolling Forest
Tuckahoe,Week5,Virginia Run,Week3,332.0 Tuckahoe - 70.0 Virginia Run
Tuckahoe,Week5,Fox Hunt,Week1,343.0 Tuckahoe - 59.0 Fox Hunt
Truro,Week2,Hunter Mill,Week1,296.0 Hunter Mill - 101.0 Truro
Truro,Week2,Hunt Valley,Week5,340.0 Hunt Valley - 62.0 Truro
Vienna Aquatic,Week5,Camelot,Week1,319.0 Vienna Aquatic - 83.0 Camelot
Vienna Aquatic,Week1,Canterbury Woods,Week4,298.0 Vienna Aquatic - 104.0 Canterbury Woods
Tuckahoe,Week2,Fox Hunt,Week2,332.5 Tuckahoe - 69.5 Fox Hunt
Truro,Week3,Hunter Mill,Week4,302.0 Hunter Mill - 100.0 Truro
Tuckahoe,Week4,Virginia Run,Week2,350.0 Tuckahoe - 52.0 Virginia Run
Tuckahoe,Week5,Riverside Gardens,Week1,314.0 Tuckahoe - 88.0 Riverside Gardens
Vienna Aquatic,Week3,Camelot,Week2,306.0 Vienna Aquatic - 96.0 Camelot
Tuckahoe,Week5,Riverside Gardens,Week4,294.0 Tuckahoe - 108.0 Riverside Gardens
Truro,Week4,Hunter Mill,Week5,275.0 Hunter Mill - 127.0 Truro
Tuckahoe,Week1,Rolling Forest,Week5,336.0 Tuckahoe - 66.0 Rolling Forest
Tuckahoe,Week5,Riverside Gardens,Week3,295.0 Tuckahoe - 107.0 Riverside Gardens
Vienna Aquatic,Week3,Canterbury Woods,Week1,321.0 Vienna Aquatic - 81.0 Canterbury Woods
Tuckahoe,Week5,Fox Mill Estates,Week1,361.0 Tuckahoe - 41.0 Fox Mill Estates
Tuckahoe,Week3,Virginia Run,Week2,347.0 Tuckahoe - 50.0 Virginia Run
Tuckahoe,Week1,Rolling Forest,Week1,336.0 Tuckahoe - 66.0 Rolling Forest
Tuckahoe,Week2,Fox Mill Estates,Week1,357.0 Tuckahoe - 45.0 Fox Mill Estates
Vienna Aquatic,Week2,Canterbury Woods,Week3,301.0 Vienna Aquatic - 101.0 Canterbury Woods
Truro,Week4,Virginia Run,Week3,272.0 Virginia Run - 130.0 Truro
Truro,Week5,Hunter Mill,Week4,297.0 Hunter Mill - 105.0 Truro
Tuckahoe,Week1,Fox Mill Estates,Week4,329.0 Tuckahoe - 73.0 Fox Mill Estates
Tuckahoe,Week2,Virginia Run,Week2,328.0 Tuckahoe - 74.0 Virginia Run
Truro,Week2,Virginia Run,Week3,289.0 Virginia Run - 112.0 Truro
Truro,Week4,Hunter Mill,Week1,277.0 Hunter Mill - 125.0 Truro
Tuckahoe,Week4,Virginia Run,Week4,339.0 Tuckahoe - 63.0 Virginia Run
Tuckahoe,Week1,Wakefield Chapel,Week5,242.0 Tuckahoe - 160.0 Wakefield Chapel
Vienna Aquatic,Week3,Canterbury Woods,Week2,319.0 Vienna Aquatic - 83.0 Canterbury Woods
Truro,Week1,Wakefield Chapel,Week1,350.0 Wakefield Chapel - 52.0 Truro
Tuckahoe,Week5,Fox Mill Estates,Week2,346.0 Tuckahoe - 56.0 Fox Mill Estates
Truro,Week3,Hunter Mill,Week1,284.0 Hunter Mill - 118.0 Truro
Truro,Week5,Virginia Run,Week4,294.5 Virginia Run - 107.5 Truro
Tuckahoe,Week4,Riverside Gardens,Week2,319.0 Tuckahoe - 83.0 Riverside Gardens
Tuckahoe,Week5,Virginia Run,Week1,320.0 Tuckahoe - 82.0 Virginia Run
Tuckahoe,Week3,Virginia Run,Week3,351.0 Tuckahoe - 51.0 Virginia Run
Truro,Week5,Hunter Mill,Week5,287.0 Hunter Mill - 115.0 Truro
Tuckahoe,Week4,Virginia Run,Week3,346.0 Tuckahoe - 56.0 Virginia Run
Tuckahoe,Week2,Fox Mill Estates,Week3,347.0 Tuckahoe - 55.0 Fox Mill Estates
Truro,Week2,Wakefield Chapel,Week1,356.0 Wakefield Chapel - 46.0 Truro
Tuckahoe,Week3,Virginia Run,Week4,334.5 Tuckahoe - 67.5 Virginia Run
Vienna Aquatic,Week4,Canterbury Woods,Week4,301.0 Vienna Aquatic - 101.0 Canterbury Woods
Vienna Aquatic,Week2,Canterbury Woods,Week5,294.0 Vienna Aquatic - 108.0 Canterbury Woods
Tuckahoe,Week2,Rolling Forest,Week4,347.0 Tuckahoe - 55.0 Rolling Forest
Vienna Aquatic,Week4,Canterbury Woods,Week2,313.0 Vienna Aquatic - 89.0 Canterbury Woods
Truro,Week4,Hunter Mill,Week2,265.0 Hunter Mill - 137.0 Truro
Tuckahoe,Week3,Riverside Gardens,Week5,321.0 Tuckahoe - 81.0 Riverside Gardens
Vienna Aquatic,Week2,Canterbury Woods,Week2,301.0 Vienna Aquatic - 101.0 Canterbury Woods
Truro,Week3,Wakefield Chapel,Week5,360.0 Wakefield Chapel - 42.0 Truro
Truro,Week3,Hunter Mill,Week2,274.0 Hunter Mill - 128.0 Truro
Tuckahoe,Week2,Fox Mill Woods,Week2,307.0 Tuckahoe - 95.0 Fox Mill Woods
Truro,Week1,Wakefield Chapel,Week5,352.0 Wakefield Chapel - 50.0 Truro
Truro,Week1,Ilda Community,Week3,251.0 Truro - 151.0 Ilda Community
Tuckahoe,Week1,Rolling Forest,Week4,342.0 Tuckahoe - 60.0 Rolling Forest
Tuckahoe,Week2,Fox Mill Estates,Week4,339.0 Tuckahoe - 63.0 Fox Mill Estates
Tuckahoe,Week3,Fox Mill Woods,Week1,314.0 Tuckahoe - 88.0 Fox Mill Woods
Truro,Week2,Wakefield Chapel,Week2,344.0 Wakefield Chapel - 58.0 Truro
Tuckahoe,Week3,Fox Mill Estates,Week1,366.0 Tuckahoe - 31.0 Fox Mill Estates
Vienna Aquatic,Week4,Canterbury Woods,Week3,298.5 Vienna Aquatic - 103.5 Canterbury Woods
Tuckahoe,Week4,Virginia Run,Week5,336.5 Tuckahoe - 65.5 Virginia Run
Truro,Week2,Ilda Community,Week1,212.0 Ilda Community - 190.0 Truro
Truro,Week4,Wakefield Chapel,Week1,323.0 Wakefield Chapel - 79.0 Truro
Vienna Aquatic,Week3,Canterbury Woods,Week3,319.0 Vienna Aquatic - 83.0 Canterbury Woods
Tuckahoe,Week5,Riverside Gardens,Week2,305.0 Tuckahoe - 97.0 Riverside Gardens
Tuckahoe,Week4,Riverside Gardens,Week4,298.0 Tuckahoe - 104.0 Riverside Gardens
Tuckahoe,Week3,Fox Mill Estates,Week4,350.0 Tuckahoe - 52.0 Fox Mill Estates
Truro,Week1,Ilda Community,Week2,236.0 Truro - 166.0 Ilda Community
Tuckahoe,Week4,Fox Mill Estates,Week1,363.0 Tuckahoe - 39.0 Fox Mill Estates
Tuckahoe,Week1,Wakefield Chapel,Week2,270.0 Tuckahoe - 132.0 Wakefield Chapel
Truro,Week1,Ilda Community,Week5,221.5 Truro - 179.5 Ilda Community
Truro,Week3,Walden Glen,Week4,238.0 Walden Glen - 164.0 Truro
Tuckahoe,Week4,Fox Mill Estates,Week5,355.0 Tuckahoe - 47.0 Fox Mill Estates
Tuckahoe,Week3,Walden Glen,Week1,368.0 Tuckahoe - 33.0 Walden Glen
Truro,Week1,Ilda Community,Week1,220.0 Truro - 182.0 Ilda Community
Tuckahoe,Week1,Walden Glen,Week3,353.0 Tuckahoe - 49.0 Walden Glen
Vienna Aquatic,Week3,Cardinal Hill,Week1,242.0 Vienna Aquatic - 160.0 Cardinal Hill
Tuckahoe,Week2,Rolling Forest,Week3,331.5 Tuckahoe - 70.5 Rolling Forest
Tuckahoe,Week2,Fox Mill Estates,Week2,352.0 Tuckahoe - 50.0 Fox Mill Estates
Truro,Week5,Hunter Mill,Week2,270.0 Hunter Mill - 132.0 Truro
Vienna Aquatic,Week1,Cardinal Hill,Week4,237.0 Vienna Aquatic - 165.0 Cardinal Hill
Tuckahoe,Week5,Fox Mill Estates,Week3,348.0 Tuckahoe - 54.0 Fox Mill Estates
Truro,Week4,Hunter Mill,Week4,298.0 Hunter Mill - 104.0 Truro
Vienna Aquatic,Week2,Cardinal Hill,Week4,258.0 Vienna Aquatic - 144.0 Cardinal Hill
Tuckahoe,Week5,Riverside Gardens,Week5,305.0 Tuckahoe - 97.0 Riverside Gardens
Tuckahoe,Week5,Wakefield Chapel,Week2,290.0 Tuckahoe - 112.0 Wakefield Chapel
Tuckahoe,Week3,Rolling Forest,Week2,343.0 Tuckahoe - 59.0 Rolling Forest
Truro,Week2,Wakefield Chapel,Week4,338.5 Wakefield Chapel - 62.5 Truro
Tuckahoe,Week4,Fox Mill Estates,Week4,346.0 Tuckahoe - 56.0 Fox Mill Estates
Truro,Week2,Walden Glen,Week1,208.0 Walden Glen - 180.0 Truro
Tuckahoe,Week1,Walden Glen,Week2,354.0 Tuckahoe - 48.0 Walden Glen
Vienna Aquatic,Week5,Canterbury Woods,Week2,333.0 Vienna Aquatic - 69.0 Canterbury Woods
Tuckahoe,Week3,Fox Mill Estates,Week5,357.0 Tuckahoe - 45.0 Fox Mill Estates
Vienna Aquatic,Week4,Canterbury Woods,Week5,292.5 Vienna Aquatic - 109.5 Canterbury Woods
Tuckahoe,Week4,Fox Mill Estates,Week3,354.0 Tuckahoe - 48.0 Fox Mill Estates
Tuckahoe,Week3,Rolling Forest,Week4,347.0 Tuckahoe - 55.0 Rolling Forest
Truro,Week2,Wakefield Chapel,Week5,363.0 Wakefield Chapel - 39.0 Truro
Vienna Aquatic,Week2,Cardinal Hill,Week2,255.0 Vienna Aquatic - 147.0 Cardinal Hill
Tuckahoe,Week2,Virginia Run,Week3,329.0 Tuckahoe - 73.0 Virginia Run
Truro,Week5,Wakefield Chapel,Week3,333.0 Wakefield Chapel - 69.0 Truro
Truro,Week4,Hunter Mill,Week3,287.0 Hunter Mill - 115.0 Truro
Tuckahoe,Week4,Riverside Gardens,Week1,324.0 Tuckahoe - 78.0 Riverside Gardens
Tuckahoe,Week2,Walden Glen,Week4,358.0 Tuckahoe - 44.0 Walden Glen
Tuckahoe,Week1,Rolling Forest,Week2,341.5 Tuckahoe - 60.5 Rolling Forest
Truro,Week5,Hunter Mill,Week3,292.0 Hunter Mill - 109.0 Truro
Truro,Week4,Wakefield Chapel,Week2,331.0 Wakefield Chapel - 71.0 Truro
Truro,Week3,Walden Glen,Week5,260.0 Walden Glen - 142.0 Truro
Tuckahoe,Week5,Virginia Run,Week5,319.0 Tuckahoe - 83.0 Virginia Run
Tuckahoe,Week2,Rolling Forest,Week1,342.0 Tuckahoe - 60.0 Rolling Forest
Vienna Aquatic,Week3,Canterbury Woods,Week4,315.0 Vienna Aquatic - 87.0 Canterbury Woods
Truro,Week3,Hunter Mill,Week3,298.0 Hunter Mill - 104.0 Truro
Truro,Week3,Walden Glen,Week2,214.0 Walden Glen - 187.0 Truro
Tuckahoe,Week4,Riverside Gardens,Week5,327.0 Tuckahoe - 75.0 Riverside Gardens
Truro,Week1,Walden Glen,Week4,220.0 Walden Glen - 181.0 Truro
Truro,Week3,Wakefield Chapel,Week4,338.0 Wakefield Chapel - 64.0 Truro
Tuckahoe,Week3,Wakefield Chapel,Week5,288.0 Tuckahoe - 114.0 Wakefield Chapel
Tuckahoe,Week5,Fox Mill Estates,Week4,337.0 Tuckahoe - 65.0 Fox Mill Estates
Tuckahoe,Week2,Fox Mill Estates,Week5,343.0 Tuckahoe - 59.0 Fox Mill Estates
Tuckahoe,Week3,Walden Glen,Week3,375.0 Tuckahoe - 27.0 Walden Glen
Truro,Week1,Ilda Community,Week4,220.0 Truro - 182.0 Ilda Community
Vienna Aquatic,Week1,Cardinal Hill,Week1,226.0 Vienna Aquatic - 176.0 Cardinal Hill
Vienna Aquatic,Week4,Cardinal Hill,Week2,260.5 Vienna Aquatic - 141.5 Cardinal Hill
Tuckahoe,Week1,Fox Mill Woods,Week4,302.0 Tuckahoe - 100.0 Fox Mill Woods
Tuckahoe,Week2,Wakefield Chapel,Week3,253.0 Tuckahoe - 149.0 Wakefield Chapel
Truro,Week3,Wakefield Chapel,Week3,339.0 Wakefield Chapel - 63.0 Truro
Tuckahoe,Week3,Rolling Forest,Week3,339.0 Tuckahoe - 63.0 Rolling Forest
Vienna Aquatic,Week3,Cardinal Hill,Week4,254.0 Vienna Aquatic - 148.0 Cardinal Hill
Tuckahoe,Week5,Fox Mill Estates,Week5,346.0 Tuckahoe - 56.0 Fox Mill Estates
Truro,Week3,Wakefield Chapel,Week1,346.0 Wakefield Chapel - 56.0 Truro
Tuckahoe,Week4,Rolling Forest,Week3,340.0 Tuckahoe - 62.0 Rolling Forest
Tuckahoe,Week1,Rolling Forest,Week3,320.0 Tuckahoe - 82.0 Rolling Forest
Truro,Week5,Hunter Mill,Week1,280.0 Hunter Mill - 117.0 Truro
Tuckahoe,Week4,Wakefield Chapel,Week1,287.0 Tuckahoe - 115.0 Wakefield Chapel
Vienna Aquatic,Week4,Cardinal Hill,Week1,221.0 Vienna Aquatic - 181.0 Cardinal Hill
Vienna Aquatic,Week1,Cardinal Hill,Week3,225.0 Vienna Aquatic - 177.0 Cardinal Hill
Truro,Week5,Wakefield Chapel,Week4,327.0 Wakefield Chapel - 75.0 Truro
Tuckahoe,Week4,Rolling Forest,Week4,355.0 Tuckahoe - 47.0 Rolling Forest
Tuckahoe,Week2,Fox Mill Woods,Week4,308.0 Tuckahoe - 94.0 Fox Mill Woods
Truro,Week4,Wakefield Chapel,Week3,333.0 Wakefield Chapel - 69.0 Truro
Tuckahoe,Week2,Wakefield Chapel,Week5,250.0 Tuckahoe - 152.0 Wakefield Chapel
Tuckahoe,Week2,Rolling Forest,Week2,339.0 Tuckahoe - 63.0 Rolling Forest
Vienna Aquatic,Week5,Cardinal Hill,Week1,260.0 Vienna Aquatic - 142.0 Cardinal Hill
Tuckahoe,Week2,Fox Mill Woods,Week3,311.0 Tuckahoe - 91.0 Fox Mill Woods
Tuckahoe,Week2,Fox Mill Woods,Week1,292.0 Tuckahoe - 110.0 Fox Mill Woods
Truro,Week3,Wakefield Chapel,Week2,340.0 Wakefield Chapel - 62.0 Truro
Vienna Aquatic,Week3,Cardinal Hill,Week2,272.0 Vienna Aquatic - 130.0 Cardinal Hill
Truro,Week1,Walden Glen,Week2,211.0 Walden Glen - 191.0 Truro
Vienna Aquatic,Week5,Cardinal Hill,Week2,289.0 Vienna Aquatic - 113.0 Cardinal Hill
Tuckahoe,Week5,Rolling Forest,Week1,351.0 Tuckahoe - 51.0 Rolling Forest
Tuckahoe,Week5,Wakefield Chapel,Week3,285.0 Tuckahoe - 117.0 Wakefield Chapel
Tuckahoe,Week1,Walden Glen,Week4,344.0 Tuckahoe - 58.0 Walden Glen
Tuckahoe,Week3,Fox Mill Estates,Week3,361.0 Tuckahoe - 41.0 Fox Mill Estates
Tuckahoe,Week3,Fox Mill Estates,Week2,354.0 Tuckahoe - 48.0 Fox Mill Estates
Truro,Week5,Wakefield Chapel,Week5,352.0 Wakefield Chapel - 50.0 Truro
Tuckahoe,Week1,Fox Mill Woods,Week5,294.5 Tuckahoe - 107.5 Fox Mill Woods
Tuckahoe,Week5,Wakefield Chapel,Week1,271.0 Tuckahoe - 131.0 Wakefield Chapel
Truro,Week4,Wakefield Chapel,Week4,324.0 Wakefield Chapel - 78.0 Truro
Tuckahoe,Week4,Rolling Forest,Week2,348.0 Tuckahoe - 54.0 Rolling Forest
Vienna Aquatic,Week1,Cardinal Hill,Week5,240.0 Vienna Aquatic - 162.0 Cardinal Hill
Tuckahoe,Week2,Rolling Hills,Week3,359.5 Tuckahoe - 42.5 Rolling Hills
Vienna Aquatic,Week5,Canterbury Woods,Week4,331.0 Vienna Aquatic - 71.0 Canterbury Woods
Tuckahoe,Week4,Wakefield Chapel,Week2,302.0 Tuckahoe - 100.0 Wakefield Chapel
Tuckahoe,Week4,Rolling Forest,Week1,356.0 Tuckahoe - 46.0 Rolling Forest
Tuckahoe,Week2,Wakefield Chapel,Week4,258.0 Tuckahoe - 144.0 Wakefield Chapel
Vienna Aquatic,Week2,Cardinal Hill,Week3,225.0 Vienna Aquatic - 177.0 Cardinal Hill
Truro,Week1,Walden Glen,Week3,210.0 Walden Glen - 192.0 Truro
Tuckahoe,Week4,Fox Mill Estates,Week2,355.0 Tuckahoe - 47.0 Fox Mill Estates
Vienna Aquatic,Week3,Cardinal Hill,Week5,252.0 Vienna Aquatic - 150.0 Cardinal Hill
Truro,Week2,Walden Glen,Week5,276.0 Walden Glen - 125.0 Truro
Tuckahoe,Week2,Fox Mill Woods,Week5,303.0 Tuckahoe - 99.0 Fox Mill Woods
Truro,Week2,Walden Glen,Week3,236.0 Walden Glen - 165.0 Truro
Tuckahoe,Week2,Rolling Hills,Week2,358.0 Tuckahoe - 44.0 Rolling Hills
Tuckahoe,Week1,Fox Mill Woods,Week3,299.0 Tuckahoe - 103.0 Fox Mill Woods
Tuckahoe,Week5,Rolling Hills,Week1,367.0 Tuckahoe - 35.0 Rolling Hills
Tuckahoe,Week1,Fox Mill Woods,Week1,276.0 Tuckahoe - 126.0 Fox Mill Woods
Truro,Week3,Walden Glen,Week1,223.0 Truro - 178.0 Walden Glen
Tuckahoe,Week1,Pinecrest,Week1,274.0 Tuckahoe - 128.0 Pinecrest
Tuckahoe,Week5,Fox Mill Woods,Week1,296.0 Tuckahoe - 106.0 Fox Mill Woods
Vienna Aquatic,Week5,Canterbury Woods,Week5,332.5 Vienna Aquatic - 68.5 Canterbury Woods
Tuckahoe,Week3,Parliament,Week1,338.0 Tuckahoe - 63.0 Parliament
Vienna Aquatic,Week4,Cardinal Hill,Week3,227.5 Vienna Aquatic - 174.5 Cardinal Hill
Vienna Aquatic,Week4,Cardinal Hill,Week5,244.0 Vienna Aquatic - 158.0 Cardinal Hill
Tuckahoe,Week3,Rolling Hills,Week3,365.0 Tuckahoe - 37.0 Rolling Hills
Tuckahoe,Week5,Wakefield Chapel,Week4,280.0 Tuckahoe - 122.0 Wakefield Chapel
Tuckahoe,Week1,Rolling Hills,Week1,355.0 Tuckahoe - 47.0 Rolling Hills
Tuckahoe,Week3,Wakefield Chapel,Week1,284.0 Tuckahoe - 118.0 Wakefield Chapel
Tuckahoe,Week5,Wakefield Chapel,Week5,270.0 Tuckahoe - 132.0 Wakefield Chapel
Tuckahoe,Week3,Wakefield Chapel,Week3,297.0 Tuckahoe - 105.0 Wakefield Chapel
Tuckahoe,Week3,Wakefield Chapel,Week2,307.0 Tuckahoe - 95.0 Wakefield Chapel
Truro,Week4,Wakefield Chapel,Week5,347.0 Wakefield Chapel - 55.0 Truro
Truro,Week5,Wakefield Chapel,Week2,338.0 Wakefield Chapel - 64.0 Truro
Vienna Aquatic,Week2,Cardinal Hill,Week1,234.0 Vienna Aquatic - 168.0 Cardinal Hill
Tuckahoe,Week3,Rolling Hills,Week1,367.0 Tuckahoe - 35.0 Rolling Hills
Tuckahoe,Week5,Fox Mill Woods,Week5,307.0 Tuckahoe - 95.0 Fox Mill Woods
Vienna Aquatic,Week3,Cardinal Hill,Week3,234.0 Vienna Aquatic - 168.0 Cardinal Hill
Tuckahoe,Week3,Fox Mill Woods,Week2,332.0 Tuckahoe - 70.0 Fox Mill Woods
Tuckahoe,Week5,Parliament,Week4,341.0 Tuckahoe - 61.0 Parliament
Truro,Week2,Walden Glen,Week2,236.0 Walden Glen - 156.0 Truro
Vienna Aquatic,Week1,Cardinal Hill,Week2,270.0 Vienna Aquatic - 132.0 Cardinal Hill
Truro,Week1,Walden Glen,Week5,253.0 Walden Glen - 148.0 Truro
Tuckahoe,Week1,Fox Mill Woods,Week2,287.0 Tuckahoe - 115.0 Fox Mill Woods
Tuckahoe,Week2,Wakefield Chapel,Week2,276.0 Tuckahoe - 126.0 Wakefield Chapel
Tuckahoe,Week4,Wakefield Chapel,Week5,283.0 Tuckahoe - 119.0 Wakefield Chapel
Vienna Aquatic,Week2,Cardinal Hill,Week5,248.0 Vienna Aquatic - 154.0 Cardinal Hill
Tuckahoe,Week2,Rolling Hills,Week1,356.0 Tuckahoe - 46.0 Rolling Hills
Tuckahoe,Week1,Walden Glen,Week1,355.0 Tuckahoe - 47.0 Walden Glen
Tuckahoe,Week3,Great Falls,Week4,350.0 Tuckahoe - 51.0 Great Falls
Tuckahoe,Week3,Rolling Hills,Week5,367.0 Tuckahoe - 35.0 Rolling Hills
Tuckahoe,Week3,Wakefield Chapel,Week4,302.0 Tuckahoe - 100.0 Wakefield Chapel
Truro,Week5,Wakefield Chapel,Week1,335.5 Wakefield Chapel - 66.5 Truro
Tuckahoe,Week4,Rolling Hills,Week5,377.0 Tuckahoe - 25.0 Rolling Hills
Tuckahoe,Week5,Rolling Hills,Week5,365.0 Tuckahoe - 37.0 Rolling Hills
Tuckahoe,Week3,Great Falls,Week5,337.0 Tuckahoe - 65.0 Great Falls
Tuckahoe,Week5,Rolling Hills,Week2,359.0 Tuckahoe - 43.0 Rolling Hills
Tuckahoe,Week5,Rolling Hills,Week4,365.0 Tuckahoe - 37.0 Rolling Hills
Tuckahoe,Week1,Parliament,Week3,324.0 Tuckahoe - 78.0 Parliament
Vienna Aquatic,Week2,Chesterbrook,Week5,289.0 Chesterbrook - 113.0 Vienna Aquatic
Tuckahoe,Week4,Wakefield Chapel,Week4,287.0 Tuckahoe - 115.0 Wakefield Chapel
Tuckahoe,Week2,Walden Glen,Week1,363.0 Tuckahoe - 39.0 Walden Glen
Truro,Week1,Walden Glen,Week1,224.0 Truro - 177.0 Walden Glen
Tuckahoe,Week1,Walden Glen,Week5,330.0 Tuckahoe - 72.0 Walden Glen
Vienna Aquatic,Week4,Cardinal Hill,Week4,241.0 Vienna Aquatic - 161.0 Cardinal Hill
Tuckahoe,Week3,Rolling Hills,Week4,371.0 Tuckahoe - 31.0 Rolling Hills
Tuckahoe,Week4,Parliament,Week2,343.0 Tuckahoe - 59.0 Parliament
Tuckahoe,Week4,Wakefield Chapel,Week3,298.0 Tuckahoe - 104.0 Wakefield Chapel
Vienna Aquatic,Week2,Chesterbrook,Week4,277.0 Chesterbrook - 125.0 Vienna Aquatic
Vienna Aquatic,Week5,Chesterbrook,Week4,247.0 Chesterbrook - 155.0 Vienna Aquatic
Tuckahoe,Week4,Great Falls,Week3,351.0 Tuckahoe - 51.0 Great Falls
Truro,Week2,Walden Glen,Week4,258.0 Walden Glen - 137.0 Truro
Tuckahoe,Week4,Rolling Hills,Week3,376.0 Tuckahoe - 26.0 Rolling Hills
Tuckahoe,Week4,Fox Mill Woods,Week2,317.0 Tuckahoe - 85.0 Fox Mill Woods
Tuckahoe,Week2,Parliament,Week4,343.0 Tuckahoe - 59.0 Parliament
Truro,Week3,Walden Glen,Week3,224.0 Walden Glen - 178.0 Truro
Tuckahoe,Week5,Fox Mill Woods,Week4,312.0 Tuckahoe - 90.0 Fox Mill Woods
Tuckahoe,Week5,Rolling Forest,Week4,351.5 Tuckahoe - 50.5 Rolling Forest
Tuckahoe,Week4,Parliament,Week1,339.0 Tuckahoe - 63.0 Parliament
Tuckahoe,Week5,Rolling Forest,Week2,345.0 Tuckahoe - 57.0 Rolling Forest
Truro,Week3,Waynewood,Week3,324.5 Waynewood - 77.5 Truro
Truro,Week4,Walden Glen,Week4,206.0 Walden Glen - 196.0 Truro
Tuckahoe,Week3,Fox Mill Woods,Week3,328.0 Tuckahoe - 74.0 Fox Mill Woods
Tuckahoe,Week3,Walden Glen,Week4,360.0 Tuckahoe - 42.0 Walden Glen
Tuckahoe,Week4,Fox Mill Woods,Week4,325.0 Tuckahoe - 77.0 Fox Mill Woods
Tuckahoe,Week3,Walden Glen,Week2,360.0 Tuckahoe - 42.0 Walden Glen
Tuckahoe,Week5,Rolling Forest,Week3,341.0 Tuckahoe - 61.0 Rolling Forest
Tuckahoe,Week4,Fox Mill Woods,Week1,316.0 Tuckahoe - 86.0 Fox Mill Woods
Tuckahoe,Week2,Walden Glen,Week5,338.0 Tuckahoe - 64.0 Walden Glen
Tuckahoe,Week5,Rolling Forest,Week5,348.0 Tuckahoe - 54.0 Rolling Forest
Truro,Week2,Waynewood,Week4,316.0 Waynewood - 86.0 Truro
Tuckahoe,Week1,Parliament,Week4,331.0 Tuckahoe - 71.0 Parliament
Tuckahoe,Week3,Fox Mill Woods,Week4,329.0 Tuckahoe - 73.0 Fox Mill Woods
Tuckahoe,Week2,Parliament,Week3,332.0 Tuckahoe - 70.0 Parliament
Vienna Aquatic,Week1,Chesterbrook,Week3,312.0 Chesterbrook - 90.0 Vienna Aquatic
Vienna Aquatic,Week1,Chesterbrook,Week2,269.0 Chesterbrook - 133.0 Vienna Aquatic
Truro,Week4,Walden Glen,Week3,209.0 Truro - 192.0 Walden Glen
Vienna Aquatic,Week3,Chesterbrook,Week4,270.0 Chesterbrook - 132.0 Vienna Aquatic
Vienna Aquatic,Week1,Chesterbrook,Week1,265.0 Chesterbrook - 137.0 Vienna Aquatic
Tuckahoe,Week5,Fox Mill Woods,Week3,316.0 Tuckahoe - 86.0 Fox Mill Woods
Tuckahoe,Week2,Walden Glen,Week3,362.0 Tuckahoe - 40.0 Walden Glen
Truro,Week4,Walden Glen,Week1,237.0 Truro - 164.0 Walden Glen
Tuckahoe,Week5,Parliament,Week1,317.0 Tuckahoe - 85.0 Parliament
Tuckahoe,Week1,Rolling Hills,Week3,357.0 Tuckahoe - 45.0 Rolling Hills
Tuckahoe,Week5,Parklawn,Week3,364.0 Tuckahoe - 38.0 Parklawn
Truro,Week4,Walden Glen,Week2,201.0 Walden Glen - 200.0 Truro
Tuckahoe,Week2,Walden Glen,Week2,360.5 Tuckahoe - 41.5 Walden Glen
Vienna Aquatic,Week2,Chesterbrook,Week2,271.0 Chesterbrook - 131.0 Vienna Aquatic
Tuckahoe,Week1,Great Falls,Week2,313.0 Tuckahoe - 71.0 Great Falls
Vienna Aquatic,Week4,Chesterbrook,Week5,287.0 Chesterbrook - 115.0 Vienna Aquatic
Tuckahoe,Week4,Fox Mill Woods,Week3,323.5 Tuckahoe - 78.5 Fox Mill Woods
Truro,Week5,Walden Glen,Week2,223.0 Walden Glen - 173.0 Truro
Tuckahoe,Week4,Walden Glen,Week2,360.0 Tuckahoe - 41.0 Walden Glen
Tuckahoe,Week3,Parliament,Week2,347.5 Tuckahoe - 53.5 Parliament
Tuckahoe,Week1,Waynewood,Week3,277.0 Tuckahoe - 125.0 Waynewood
Vienna Aquatic,Week4,Chesterbrook,Week4,281.0 Chesterbrook - 121.0 Vienna Aquatic
Tuckahoe,Week1,Great Falls,Week1,344.0 Tuckahoe - 58.0 Great Falls
Tuckahoe,Week1,Great Falls,Week3,310.0 Tuckahoe - 92.0 Great Falls
Tuckahoe,Week1,Parliament,Week5,323.0 Tuckahoe - 79.0 Parliament
Tuckahoe,Week4,Walden Glen,Week1,368.0 Tuckahoe - 34.0 Walden Glen
Tuckahoe,Week2,Rolling Hills,Week5,361.0 Tuckahoe - 41.0 Rolling Hills
Tuckahoe,Week4,Fox Mill Woods,Week5,318.0 Tuckahoe - 84.0 Fox Mill Woods
Vienna Aquatic,Week2,Chesterbrook,Week3,309.0 Chesterbrook - 93.0 Vienna Aquatic
Tuckahoe,Week2,Great Falls,Week3,334.0 Tuckahoe - 68.0 Great Falls
Truro,Week2,Waynewood,Week3,319.0 Waynewood - 83.0 Truro
Tuckahoe,Week1,Rolling Hills,Week2,347.0 Tuckahoe - 55.0 Rolling Hills
Tuckahoe,Week2,Great Falls,Week4,339.0 Tuckahoe - 63.0 Great Falls
Vienna Aquatic,Week3,Chesterbrook,Week5,271.0 Chesterbrook - 131.0 Vienna Aquatic
Tuckahoe,Week1,Rolling Hills,Week4,354.0 Tuckahoe - 48.0 Rolling Hills
Tuckahoe,Week5,Parklawn,Week4,349.0 Tuckahoe - 53.0 Parklawn
Tuckahoe,Week4,Waynewood,Week4,326.0 Tuckahoe - 76.0 Waynewood
Tuckahoe,Week3,Walden Glen,Week5,350.0 Tuckahoe - 52.0 Walden Glen
Tuckahoe,Week2,Parliament,Week2,328.0 Tuckahoe - 74.0 Parliament
Tuckahoe,Week4,Walden Glen,Week3,374.0 Tuckahoe - 28.0 Walden Glen
Vienna Aquatic,Week3,Chesterbrook,Week2,269.0 Chesterbrook - 133.0 Vienna Aquatic
Tuckahoe,Week3,Parliament,Week3,347.0 Tuckahoe - 55.0 Parliament
Tuckahoe,Week3,Parliament,Week5,337.0 Tuckahoe - 64.0 Parliament
Tuckahoe,Week2,Rolling Hills,Week4,360.5 Tuckahoe - 40.5 Rolling Hills
Truro,Week5,Waynewood,Week3,311.0 Waynewood - 91.0 Truro
Tuckahoe,Week3,Rolling Hills,Week2,360.0 Tuckahoe - 42.0 Rolling Hills
Tuckahoe,Week1,Rolling Hills,Week5,354.0 Tuckahoe - 48.0 Rolling Hills
Truro,Week5,Walden Glen,Week4,224.0 Walden Glen - 172.0 Truro
Vienna Aquatic,Week1,Chesterbrook,Week5,286.0 Chesterbrook - 116.0 Vienna Aquatic
Tuckahoe,Week4,Rolling Hills,Week1,373.0 Tuckahoe - 29.0 Rolling Hills
Tuckahoe,Week2,Waynewood,Week1,312.0 Tuckahoe - 90.0 Waynewood
Tuckahoe,Week1,Great Falls,Week5,316.0 Tuckahoe - 86.0 Great Falls
Truro,Week2,Waynewood,Week2,314.0 Waynewood - 88.0 Truro
Tuckahoe,Week4,Rolling Hills,Week2,369.0 Tuckahoe - 33.0 Rolling Hills
Tuckahoe,Week4,Parliament,Week4,348.0 Tuckahoe - 54.0 Parliament
Vienna Aquatic,Week1,Chesterbrook,Week4,286.0 Chesterbrook - 116.0 Vienna Aquatic
Tuckahoe,Week5,Waynewood,Week1,307.0 Tuckahoe - 95.0 Waynewood
Vienna Aquatic,Week5,Cardinal Hill,Week4,273.0 Vienna Aquatic - 129.0 Cardinal Hill
Truro,Week5,Walden Glen,Week1,205.0 Truro - 188.0 Walden Glen
Tuckahoe,Week4,Parliament,Week3,349.0 Tuckahoe - 53.0 Parliament
Truro,Week1,Waynewood,Week3,312.0 Waynewood - 90.0 Truro
Tuckahoe,Week2,Waynewood,Week4,309.0 Tuckahoe - 93.0 Waynewood
Tuckahoe,Week2,Great Falls,Week5,322.0 Tuckahoe - 80.0 Great Falls
Tuckahoe,Week2,Great Falls,Week1,356.5 Tuckahoe - 45.5 Great Falls
Tuckahoe,Week1,Parliament,Week1,292.0 Tuckahoe - 110.0 Parliament
Vienna Aquatic,Week4,Chesterbrook,Week2,289.0 Chesterbrook - 113.0 Vienna Aquatic
Truro,Week4,Waynewood,Week2,284.0 Waynewood - 118.0 Truro
Truro,Week2,Waynewood,Week1,307.0 Waynewood - 95.0 Truro
Tuckahoe,Week5,Parliament,Week2,329.0 Tuckahoe - 73.0 Parliament
Tuckahoe,Week1,Rolling Valley,Week2,371.0 Tuckahoe - 31.0 Rolling Valley
Tuckahoe,Week5,Rolling Hills,Week3,363.0 Tuckahoe - 39.0 Rolling Hills
Tuckahoe,Week1,Great Falls,Week4,334.0 Tuckahoe - 68.0 Great Falls
Tuckahoe,Week5,Waynewood,Week5,287.0 Tuckahoe - 115.0 Waynewood
Vienna Aquatic,Week3,Chesterbrook,Week1,256.0 Chesterbrook - 146.0 Vienna Aquatic
Truro,Week4,Walden Glen,Week5,217.0 Walden Glen - 185.0 Truro
Tuckahoe,Week5,Waynewood,Week3,294.0 Tuckahoe - 108.0 Waynewood
Vienna Aquatic,Week3,Chesterbrook,Week3,305.0 Chesterbrook - 97.0 Vienna Aquatic
Tuckahoe,Week2,Parliament,Week5,336.0 Tuckahoe - 66.0 Parliament
Vienna Aquatic,Week4,Chesterbrook,Week1,264.5 Chesterbrook - 132.5 Vienna Aquatic
Tuckahoe,Week4,Parliament,Week5,339.0 Tuckahoe - 63.0 Parliament
Tuckahoe,Week1,Rolling Valley,Week1,387.0 Tuckahoe - 15.0 Rolling Valley
Tuckahoe,Week4,Rolling Hills,Week4,376.0 Tuckahoe - 26.0 Rolling Hills
Truro,Week1,Waynewood,Week2,293.0 Waynewood - 109.0 Truro
Tuckahoe,Week1,Waynewood,Week2,287.5 Tuckahoe - 114.5 Waynewood
Vienna Aquatic,Week5,Chesterbrook,Week1,233.0 Chesterbrook - 169.0 Vienna Aquatic
Tuckahoe,Week3,Rolling Valley,Week4,383.5 Tuckahoe - 18.5 Rolling Valley
Tuckahoe,Week5,Parklawn,Week5,347.0 Tuckahoe - 55.0 Parklawn
Tuckahoe,Week3,Parliament,Week4,350.0 Tuckahoe - 52.0 Parliament
Truro,Week4,Waynewood,Week3,300.0 Waynewood - 102.0 Truro
Tuckahoe,Week5,Fox Mill Woods,Week2,309.0 Tuckahoe - 93.0 Fox Mill Woods
Vienna Aquatic,Week5,Cardinal Hill,Week5,270.5 Vienna Aquatic - 131.5 Cardinal Hill
Tuckahoe,Week3,Waynewood,Week1,326.0 Tuckahoe - 76.0 Waynewood
Tuckahoe,Week5,Parliament,Week3,336.0 Tuckahoe - 66.0 Parliament
Truro,Week2,Waynewood,Week5,324.0 Waynewood - 78.0 Truro
Tuckahoe,Week1,Rolling Valley,Week3,375.0 Tuckahoe - 27.0 Rolling Valley
Tuckahoe,Week3,Rolling Valley,Week3,384.0 Tuckahoe - 18.0 Rolling Valley
Vienna Aquatic,Week5,Cardinal Hill,Week3,258.0 Vienna Aquatic - 144.0 Cardinal Hill
Tuckahoe,Week3,Great Falls,Week2,340.0 Tuckahoe - 44.0 Great Falls
Vienna Aquatic,Week2,Chesterbrook,Week1,254.0 Chesterbrook - 148.0 Vienna Aquatic
Tuckahoe,Week2,Parliament,Week1,295.0 Tuckahoe - 107.0 Parliament
Tuckahoe,Week2,Great Falls,Week2,330.0 Tuckahoe - 54.0 Great Falls
Tuckahoe,Week4,Rolling Valley,Week4,384.0 Tuckahoe - 18.0 Rolling Valley
Tuckahoe,Week5,Walden Glen,Week3,367.0 Tuckahoe - 35.0 Walden Glen
Tuckahoe,Week4,Walden Glen,Week4,358.0 Tuckahoe - 44.0 Walden Glen
Vienna Aquatic,Week5,Chesterbrook,Week2,237.0 Chesterbrook - 165.0 Vienna Aquatic
Truro,Week3,Waynewood,Week2,299.0 Waynewood - 103.0 Truro
Tuckahoe,Week3,Fox Mill Woods,Week5,328.0 Tuckahoe - 74.0 Fox Mill Woods
Truro,Week4,Waynewood,Week4,285.0 Waynewood - 117.0 Truro
Tuckahoe,Week1,Parliament,Week2,322.0 Tuckahoe - 80.0 Parliament
Tuckahoe,Week2,Rolling Valley,Week2,381.0 Tuckahoe - 21.0 Rolling Valley
Tuckahoe,Week5,Walden Glen,Week2,354.0 Tuckahoe - 48.0 Walden Glen
Tuckahoe,Week4,Walden Glen,Week5,351.0 Tuckahoe - 51.0 Walden Glen
Tuckahoe,Week3,Great Falls,Week3,342.7 Tuckahoe - 59.3 Great Falls
Truro,Week1,Waynewood,Week4,291.0 Waynewood - 111.0 Truro
Vienna Aquatic,Week4,Commonwealth,Week5,302.0 Vienna Aquatic - 100.0 Commonwealth
Tuckahoe,Week4,Greenbriar,Week1,318.5 Tuckahoe - 83.5 Greenbriar
Tuckahoe,Week5,Pinecrest,Week2,289.0 Tuckahoe - 113.0 Pinecrest
Vienna Aquatic,Week3,Commonwealth,Week4,311.0 Vienna Aquatic - 91.0 Commonwealth
Tuckahoe,Week1,Waynewood,Week4,300.0 Tuckahoe - 102.0 Waynewood
Tuckahoe,Week4,Great Falls,Week1,363.0 Tuckahoe - 39.0 Great Falls
Tuckahoe,Week5,Parliament,Week5,333.0 Tuckahoe - 69.0 Parliament
Vienna Aquatic,Week4,Chesterbrook,Week3,314.0 Chesterbrook - 88.0 Vienna Aquatic
Tuckahoe,Week2,Rolling Valley,Week1,387.0 Tuckahoe - 15.0 Rolling Valley
Truro,Week5,Waynewood,Week1,276.0 Waynewood - 126.0 Truro
Vienna Aquatic,Week5,Chesterbrook,Week3,255.0 Chesterbrook - 147.0 Vienna Aquatic
Vienna Aquatic,Week2,Cottontail,Week1,292.0 Vienna Aquatic - 110.0 Cottontail
Tuckahoe,Week4,Waynewood,Week1,320.0 Tuckahoe - 82.0 Waynewood
Tuckahoe,Week1,Pinecrest,Week4,260.0 Tuckahoe - 142.0 Pinecrest
Tuckahoe,Week3,Greenbriar,Week2,311.0 Tuckahoe - 91.0 Greenbriar
Tuckahoe,Week2,Waynewood,Week3,293.0 Tuckahoe - 109.0 Waynewood
Truro,Week5,Walden Glen,Week5,244.0 Walden Glen - 157.0 Truro
Tuckahoe,Week3,Pinecrest,Week5,295.0 Tuckahoe - 107.0 Pinecrest
Truro,Week1,Waynewood,Week5,315.0 Waynewood - 87.0 Truro
Tuckahoe,Week5,Walden Glen,Week5,344.0 Tuckahoe - 58.0 Walden Glen
Tuckahoe,Week4,Pinecrest,Week3,285.0 Tuckahoe - 117.0 Pinecrest
Tuckahoe,Week2,Rolling Valley,Week5,381.0 Tuckahoe - 21.0 Rolling Valley
Tuckahoe,Week1,Rolling Valley,Week5,369.0 Tuckahoe - 33.0 Rolling Valley
Tuckahoe,Week4,Great Falls,Week2,340.0 Tuckahoe - 44.0 Great Falls
Vienna Aquatic,Week4,Commonwealth,Week4,310.0 Vienna Aquatic - 87.0 Commonwealth
Truro,Week4,Waynewood,Week1,262.0 Waynewood - 140.0 Truro
Tuckahoe,Week4,Great Falls,Week4,363.0 Tuckahoe - 39.0 Great Falls
Truro,Week3,Waynewood,Week1,295.0 Waynewood - 107.0 Truro
Tuckahoe,Week2,Waynewood,Week2,297.0 Tuckahoe - 105.0 Waynewood
Tuckahoe,Week2,Pinecrest,Week3,256.0 Tuckahoe - 146.0 Pinecrest
Tuckahoe,Week3,Rutherford,Week2,365.0 Tuckahoe - 37.0 Rutherford
Tuckahoe,Week3,Waynewood,Week4,336.0 Tuckahoe - 66.0 Waynewood
Tuckahoe,Week3,Rolling Valley,Week1,389.0 Tuckahoe - 13.0 Rolling Valley
Tuckahoe,Week2,Rolling Valley,Week4,382.5 Tuckahoe - 19.5 Rolling Valley
Vienna Aquatic,Week1,Cottontail,Week2,315.0 Vienna Aquatic - 87.0 Cottontail
Tuckahoe,Week3,Great Falls,Week1,359.0 Tuckahoe - 42.0 Great Falls
Tuckahoe,Week5,Greenbriar,Week1,311.0 Tuckahoe - 91.0 Greenbriar
Tuckahoe,Week3,Waynewood,Week5,309.0 Tuckahoe - 93.0 Waynewood
Truro,Week4,Waynewood,Week5,302.0 Waynewood - 100.0 Truro
Truro,Week5,Walden Glen,Week3,216.0 Walden Glen - 185.0 Truro
Vienna Aquatic,Week1,Cottontail,Week4,302.0 Vienna Aquatic - 100.0 Cottontail
Tuckahoe,Week3,Rolling Valley,Week2,387.5 Tuckahoe - 14.5 Rolling Valley
Tuckahoe,Week3,Pinecrest,Week4,304.0 Tuckahoe - 98.0 Pinecrest
Truro,Week1,Waynewood,Week1,283.0 Waynewood - 119.0 Truro
Tuckahoe,Week5,Great Falls,Week5,336.5 Tuckahoe - 65.5 Great Falls
Tuckahoe,Week5,Rolling Valley,Week3,386.0 Tuckahoe - 16.0 Rolling Valley
Tuckahoe,Week2,Pinewood Lake,Week2,389.0 Tuckahoe - 13.0 Pinewood Lake
Tuckahoe,Week4,Rolling Valley,Week2,389.0 Tuckahoe - 13.0 Rolling Valley
Tuckahoe,Week3,Waynewood,Week2,324.0 Tuckahoe - 78.0 Waynewood
Tuckahoe,Week5,Great Falls,Week3,347.5 Tuckahoe - 54.5 Great Falls
Vienna Aquatic,Week2,Commonwealth,Week3,303.0 Vienna Aquatic - 99.0 Commonwealth
Tuckahoe,Week1,Pinecrest,Week2,257.0 Tuckahoe - 145.0 Pinecrest
Tuckahoe,Week2,Waynewood,Week5,292.0 Tuckahoe - 110.0 Waynewood
Tuckahoe,Week1,Greenbriar,Week5,304.0 Tuckahoe - 98.0 Greenbriar
Tuckahoe,Week2,Pinecrest,Week4,267.0 Tuckahoe - 135.0 Pinecrest
Truro,Week3,Waynewood,Week5,332.0 Waynewood - 70.0 Truro
Truro,Week3,Waynewood,Week4,314.0 Waynewood - 88.0 Truro
Tuckahoe,Week4,Rolling Valley,Week1,396.0 Tuckahoe - 6.0 Rolling Valley
Tuckahoe,Week1,Waynewood,Week1,309.0 Tuckahoe - 93.0 Waynewood
Truro,Week5,Waynewood,Week2,287.0 Waynewood - 115.0 Truro
Tuckahoe,Week1,Pinecrest,Week5,246.0 Tuckahoe - 156.0 Pinecrest
Tuckahoe,Week2,Greenbriar,Week5,311.0 Tuckahoe - 91.0 Greenbriar
Tuckahoe,Week2,Pinewood Lake,Week4,389.5 Tuckahoe - 12.5 Pinewood Lake
Tuckahoe,Week4,Rolling Valley,Week3,386.0 Tuckahoe - 16.0 Rolling Valley
Vienna Aquatic,Week5,Chesterbrook,Week5,239.0 Chesterbrook - 163.0 Vienna Aquatic
Vienna Aquatic,Week2,Commonwealth,Week2,293.0 Vienna Aquatic - 109.0 Commonwealth
Truro,Week2,Woodley,Week1,228.0 Truro - 174.0 Woodley
Tuckahoe,Week3,Greenbriar,Week1,312.0 Tuckahoe - 90.0 Greenbriar
Tuckahoe,Week5,Walden Glen,Week4,357.0 Tuckahoe - 45.0 Walden Glen
Vienna Aquatic,Week3,Commonwealth,Week3,312.0 Vienna Aquatic - 90.0 Commonwealth
Tuckahoe,Week1,Rutherford,Week2,357.0 Tuckahoe - 45.0 Rutherford
Truro,Week1,Woodley,Week4,239.0 Truro - 163.0 Woodley
Vienna Aquatic,Week3,Commonwealth,Week5,308.0 Vienna Aquatic - 94.0 Commonwealth
Tuckahoe,Week1,Rutherford,Week5,358.0 Tuckahoe - 44.0 Rutherford
Tuckahoe,Week4,Waynewood,Week2,314.0 Tuckahoe - 88.0 Waynewood
Vienna Aquatic,Week2,Commonwealth,Week4,297.0 Vienna Aquatic - 105.0 Commonwealth
Tuckahoe,Week5,Greenbriar,Week5,324.0 Tuckahoe - 78.0 Greenbriar
Tuckahoe,Week4,Greenbriar,Week2,305.0 Tuckahoe - 97.0 Greenbriar
Tuckahoe,Week4,Waynewood,Week3,313.0 Tuckahoe - 89.0 Waynewood
Tuckahoe,Week5,Greenbriar,Week3,309.0 Tuckahoe - 93.0 Greenbriar
Vienna Aquatic,Week1,Commonwealth,Week2,295.0 Vienna Aquatic - 107.0 Commonwealth
Tuckahoe,Week1,Annandale,Week1,358.0 Tuckahoe - 44.0 Annandale
Vienna Aquatic,Week5,Commonwealth,Week1,329.0 Vienna Aquatic - 73.0 Commonwealth
Tuckahoe,Week4,Rolling Valley,Week5,384.0 Tuckahoe - 18.0 Rolling Valley
Truro,Week5,Waynewood,Week4,291.0 Waynewood - 111.0 Truro
Tuckahoe,Week2,Pinecrest,Week1,283.0 Tuckahoe - 119.0 Pinecrest
Tuckahoe,Week1,Rutherford,Week4,352.0 Tuckahoe - 50.0 Rutherford
Tuckahoe,Week4,Pinecrest,Week2,295.0 Tuckahoe - 107.0 Pinecrest
Tuckahoe,Week3,Waynewood,Week3,318.0 Tuckahoe - 84.0 Waynewood
Truro,Week5,Woodley,Week4,228.0 Truro - 174.0 Woodley
Tuckahoe,Week5,Walden Glen,Week1,365.0 Tuckahoe - 37.0 Walden Glen
Vienna Aquatic,Week1,Commonwealth,Week1,313.0 Vienna Aquatic - 89.0 Commonwealth
Tuckahoe,Week4,Greenbriar,Week4,337.0 Tuckahoe - 65.0 Greenbriar
Tuckahoe,Week1,Annandale,Week3,357.0 Tuckahoe - 45.0 Annandale
Tuckahoe,Week2,Pinecrest,Week5,255.5 Tuckahoe - 146.5 Pinecrest
Tuckahoe,Week3,Pinecrest,Week3,290.0 Tuckahoe - 112.0 Pinecrest
Tuckahoe,Week1,Waynewood,Week5,282.0 Tuckahoe - 120.0 Waynewood
Tuckahoe,Week3,Pinecrest,Week1,308.0 Tuckahoe - 94.0 Pinecrest
Tuckahoe,Week3,Rolling Valley,Week5,381.0 Tuckahoe - 21.0 Rolling Valley
Tuckahoe,Week3,Greenbriar,Week5,325.0 Tuckahoe - 77.0 Greenbriar
Tuckahoe,Week5,Pinecrest,Week1,297.0 Tuckahoe - 105.0 Pinecrest
Truro,Week4,Woodley,Week3,235.0 Truro - 167.0 Woodley
Truro,Week4,Woodley,Week5,240.0 Truro - 162.0 Woodley
Tuckahoe,Week1,Greenbriar,Week1,300.0 Tuckahoe - 102.0 Greenbriar
Tuckahoe,Week5,Great Falls,Week4,358.0 Tuckahoe - 44.0 Great Falls
Vienna Aquatic,Week4,Commonwealth,Week1,311.0 Vienna Aquatic - 86.0 Commonwealth
Tuckahoe,Week4,Pinecrest,Week5,298.0 Tuckahoe - 104.0 Pinecrest
Vienna Aquatic,Week2,Commonwealth,Week1,306.5 Vienna Aquatic - 95.5 Commonwealth
Tuckahoe,Week5,Rolling Valley,Week2,385.0 Tuckahoe - 17.0 Rolling Valley
Tuckahoe,Week1,Woodley,Week4,366.0 Tuckahoe - 36.0 Woodley
Tuckahoe,Week2,Rutherford,Week2,359.0 Tuckahoe - 43.0 Rutherford
Truro,Week3,Woodley,Week1,245.0 Truro - 157.0 Woodley
Vienna Aquatic,Week4,Commonwealth,Week2,292.0 Vienna Aquatic - 110.0 Commonwealth
Vienna Aquatic,Week1,Commonwealth,Week4,301.0 Vienna Aquatic - 101.0 Commonwealth
Tuckahoe,Week1,Pinecrest,Week3,259.5 Tuckahoe - 142.5 Pinecrest
Tuckahoe,Week2,Woodley,Week1,372.0 Tuckahoe - 30.0 Woodley
Truro,Week3,Woodley,Week3,227.0 Truro - 175.0 Woodley
Tuckahoe,Week2,Rolling Valley,Week3,378.0 Tuckahoe - 24.0 Rolling Valley
Tuckahoe,Week1,Rolling Valley,Week4,373.0 Tuckahoe - 29.0 Rolling Valley
Truro,Week1,Woodley,Week5,225.0 Truro - 176.0 Woodley
Tuckahoe,Week5,Waynewood,Week4,315.5 Tuckahoe - 86.5 Waynewood
Vienna Aquatic,Week1,Commonwealth,Week3,306.0 Vienna Aquatic - 96.0 Commonwealth
Tuckahoe,Week4,Pinecrest,Week1,306.0 Tuckahoe - 96.0 Pinecrest
Tuckahoe,Week5,Great Falls,Week2,340.0 Tuckahoe - 44.0 Great Falls
Tuckahoe,Week1,Hamlet,Week1,270.5 Tuckahoe - 131.5 Hamlet
Truro,Week2,Woodley,Week4,217.0 Truro - 184.0 Woodley
Tuckahoe,Week5,Rolling Valley,Week5,381.0 Tuckahoe - 21.0 Rolling Valley
Tuckahoe,Week4,Woodley,Week3,377.0 Tuckahoe - 25.0 Woodley
Truro,Week3,Woodley,Week2,226.0 Truro - 176.0 Woodley
Tuckahoe,Week1,Pinewood Lake,Week3,388.0 Tuckahoe - 12.0 Pinewood Lake
Tuckahoe,Week5,Pinecrest,Week3,286.0 Tuckahoe - 116.0 Pinecrest
Tuckahoe,Week2,Rutherford,Week1,369.0 Tuckahoe - 33.0 Rutherford
Truro,Week4,Woodley,Week1,252.0 Truro - 150.0 Woodley
Tuckahoe,Week2,Rutherford,Week3,360.0 Tuckahoe - 42.0 Rutherford
Tuckahoe,Week1,Rutherford,Week1,357.0 Tuckahoe - 45.0 Rutherford
Tuckahoe,Week4,Waynewood,Week5,306.0 Tuckahoe - 96.0 Waynewood
Vienna Aquatic,Week1,Annandale,Week2,346.0 Vienna Aquatic - 56.0 Annandale
Tuckahoe,Week1,Greenbriar,Week3,303.0 Tuckahoe - 99.0 Greenbriar
Tuckahoe,Week4,Greenbriar,Week3,322.0 Tuckahoe - 80.0 Greenbriar
Tuckahoe,Week1,Pinewood Lake,Week1,380.0 Tuckahoe - 21.0 Pinewood Lake
Vienna Aquatic,Week3,Commonwealth,Week2,301.0 Vienna Aquatic - 101.0 Commonwealth
Tuckahoe,Week1,Greenbriar,Week2,275.5 Tuckahoe - 126.5 Greenbriar
Tuckahoe,Week3,Pinecrest,Week2,301.0 Tuckahoe - 101.0 Pinecrest
Tuckahoe,Week5,Waynewood,Week2,310.5 Tuckahoe - 91.5 Waynewood
Vienna Aquatic,Week4,Commonwealth,Week3,307.0 Vienna Aquatic - 95.0 Commonwealth
Tuckahoe,Week5,Woodley,Week2,372.0 Tuckahoe - 30.0 Woodley
Tuckahoe,Week1,Greenbriar,Week4,315.0 Tuckahoe - 87.0 Greenbriar
Vienna Aquatic,Week1,Commonwealth,Week5,298.0 Vienna Aquatic - 104.0 Commonwealth
Truro,Week5,Woodley,Week3,238.0 Truro - 164.0 Woodley
Tuckahoe,Week5,Rolling Valley,Week1,393.0 Tuckahoe - 9.0 Rolling Valley
Tuckahoe,Week2,Rutherford,Week5,361.0 Tuckahoe - 41.0 Rutherford
Tuckahoe,Week4,Great Falls,Week5,337.0 Tuckahoe - 65.0 Great Falls
Tuckahoe,Week2,Rutherford,Week4,362.0 Tuckahoe - 40.0 Rutherford
Vienna Aquatic,Week2,Commonwealth,Week5,302.0 Vienna Aquatic - 100.0 Commonwealth
Tuckahoe,Week5,Rolling Valley,Week4,385.0 Tuckahoe - 17.0 Rolling Valley
Tuckahoe,Week4,Woodley,Week1,381.0 Tuckahoe - 21.0 Woodley
Tuckahoe,Week2,Pinecrest,Week2,255.0 Tuckahoe - 147.0 Pinecrest
Tuckahoe,Week1,Pinewood Lake,Week2,382.0 Tuckahoe - 18.0 Pinewood Lake
Tuckahoe,Week4,Woodley,Week2,381.0 Tuckahoe - 21.0 Woodley
Tuckahoe,Week5,Woodley,Week5,374.0 Tuckahoe - 28.0 Woodley
Truro,Week5,Woodley,Week2,232.0 Truro - 169.0 Woodley
Tuckahoe,Week2,Greenbriar,Week1,308.0 Tuckahoe - 94.0 Greenbriar
Tuckahoe,Week2,Greenbriar,Week2,281.0 Tuckahoe - 121.0 Greenbriar
Vienna Aquatic,Week5,Commonwealth,Week3,317.0 Vienna Aquatic - 84.0 Commonwealth
Tuckahoe,Week2,Greenbriar,Week3,316.0 Tuckahoe - 86.0 Greenbriar
Vienna Aquatic,Week5,Commonwealth,Week2,312.0 Vienna Aquatic - 90.0 Commonwealth
Truro,Week1,Woodley,Week1,234.0 Truro - 168.0 Woodley
Tuckahoe,Week1,Pinewood Lake,Week4,385.0 Tuckahoe - 15.0 Pinewood Lake
Tuckahoe,Week3,Woodley,Week1,379.0 Tuckahoe - 23.0 Woodley
Truro,Week3,Woodley,Week5,220.0 Truro - 182.0 Woodley
Tuckahoe,Week3,Greenbriar,Week3,323.0 Tuckahoe - 79.0 Greenbriar
Truro,Week3,Woodley,Week4,232.0 Truro - 170.0 Woodley
Tuckahoe,Week3,Rutherford,Week1,374.0 Tuckahoe - 23.0 Rutherford
Vienna Aquatic,Week3,Commonwealth,Week1,309.0 Vienna Aquatic - 93.0 Commonwealth
Vienna Aquatic,Week1,Cottontail,Week3,322.0 Vienna Aquatic - 80.0 Cottontail
Tuckahoe,Week2,Pinewood Lake,Week1,384.0 Tuckahoe - 18.0 Pinewood Lake
Vienna Aquatic,Week5,Commonwealth,Week5,317.0 Vienna Aquatic - 85.0 Commonwealth
Tuckahoe,Week2,Pinewood Lake,Week3,389.0 Tuckahoe - 13.0 Pinewood Lake
Tuckahoe,Week5,Woodley,Week3,375.0 Tuckahoe - 27.0 Woodley
Tuckahoe,Week5,Rutherford,Week3,365.0 Tuckahoe - 37.0 Rutherford
Tuckahoe,Week3,Greenbriar,Week4,332.0 Tuckahoe - 70.0 Greenbriar
Tuckahoe,Week1,Rutherford,Week3,357.0 Tuckahoe - 45.0 Rutherford
Vienna Aquatic,Week1,Annandale,Week4,357.0 Vienna Aquatic - 45.0 Annandale
Vienna Aquatic,Week1,Cottontail,Week1,301.0 Vienna Aquatic - 101.0 Cottontail
Vienna Aquatic,Week5,Commonwealth,Week4,320.5 Vienna Aquatic - 81.5 Commonwealth
Truro,Week1,Woodley,Week2,238.0 Truro - 163.0 Woodley
Tuckahoe,Week5,Great Falls,Week1,363.0 Tuckahoe - 39.0 Great Falls
Truro,Week2,Woodley,Week5,207.0 Truro - 194.0 Woodley
Truro,Week2,Woodley,Week2,218.0 Truro - 183.0 Woodley
Tuckahoe,Week2,Greenbriar,Week4,322.0 Tuckahoe - 80.0 Greenbriar
Tuckahoe,Week3,Shouse Village,Week1,335.0 Tuckahoe - 67.0 Shouse Village
Tuckahoe,Week4,Greenbriar,Week5,333.0 Tuckahoe - 69.0 Greenbriar
Tuckahoe,Week5,Woodley,Week4,371.0 Tuckahoe - 31.0 Woodley
Truro,Week1,Woodley,Week3,237.5 Truro - 164.5 Woodley
Tuckahoe,Week1,Pinewood Lake,Week5,381.0 Tuckahoe - 20.0 Pinewood Lake
Tuckahoe,Week5,Woodley,Week1,375.0 Tuckahoe - 27.0 Woodley
Tuckahoe,Week4,Pinecrest,Week4,301.0 Tuckahoe - 101.0 Pinecrest
Vienna Aquatic,Week1,Annandale,Week5,340.0 Vienna Aquatic - 62.0 Annandale
Tuckahoe,Week3,Shouse Village,Week4,332.0 Tuckahoe - 70.0 Shouse Village
Tuckahoe,Week5,Pinecrest,Week5,284.0 Tuckahoe - 118.0 Pinecrest
Tuckahoe,Week5,Pinecrest,Week4,284.0 Tuckahoe - 118.0 Pinecrest
Tuckahoe,Week5,Greenbriar,Week2,295.0 Tuckahoe - 107.0 Greenbriar
Vienna Aquatic,Week2,Cottontail,Week5,300.0 Vienna Aquatic - 102.0 Cottontail
Vienna Aquatic,Week2,Cottontail,Week3,313.0 Vienna Aquatic - 89.0 Cottontail
Tuckahoe,Week4,Hamlet,Week2,282.0 Tuckahoe - 120.0 Hamlet
Tuckahoe,Week3,Pinewood Lake,Week1,381.0 Tuckahoe - 14.0 Pinewood Lake
Tuckahoe,Week5,Pinewood Lake,Week1,381.0 Tuckahoe - 21.0 Pinewood Lake
Tuckahoe,Week2,Shouse Village,Week2,333.0 Tuckahoe - 69.0 Shouse Village
Truro,Week4,Woodley,Week4,238.0 Truro - 164.0 Woodley
Tuckahoe,Week2,Woodley,Week2,371.0 Tuckahoe - 31.0 Woodley
Vienna Aquatic,Week1,Cottontail,Week5,305.5 Vienna Aquatic - 96.5 Cottontail
Truro,Week2,Woodley,Week3,217.0 Truro - 185.0 Woodley
Tuckahoe,Week3,Hamlet,Week1,306.0 Tuckahoe - 91.0 Hamlet
Tuckahoe,Week2,Pinewood Lake,Week5,384.0 Tuckahoe - 18.0 Pinewood Lake
Vienna Aquatic,Week2,Annandale,Week1,342.0 Vienna Aquatic - 60.0 Annandale
Tuckahoe,Week5,Pinewood Lake,Week4,388.0 Tuckahoe - 12.0 Pinewood Lake
Tuckahoe,Week4,Rutherford,Week2,367.0 Tuckahoe - 35.0 Rutherford
Vienna Aquatic,Week4,Cottontail,Week5,299.0 Vienna Aquatic - 103.0 Cottontail
Tuckahoe,Week1,Hamlet,Week3,257.0 Tuckahoe - 145.0 Hamlet
Tuckahoe,Week5,Greenbriar,Week4,320.0 Tuckahoe - 82.0 Greenbriar
Truro,Week5,Woodley,Week5,221.0 Truro - 180.0 Woodley
Tuckahoe,Week1,Hamlet,Week4,294.5 Tuckahoe - 107.5 Hamlet
Truro,Week4,Woodley,Week2,248.0 Truro - 154.0 Woodley
Vienna Aquatic,Week2,Cottontail,Week2,303.5 Vienna Aquatic - 98.5 Cottontail
Tuckahoe,Week3,Woodley,Week3,376.0 Tuckahoe - 26.0 Woodley
Tuckahoe,Week4,Rutherford,Week4,369.0 Tuckahoe - 33.0 Rutherford
Tuckahoe,Week2,Woodley,Week4,372.0 Tuckahoe - 30.0 Woodley
Tuckahoe,Week2,Woodley,Week3,373.0 Tuckahoe - 29.0 Woodley
Vienna Aquatic,Week3,Cottontail,Week1,299.0 Vienna Aquatic - 103.0 Cottontail
Tuckahoe,Week3,Pinewood Lake,Week2,383.0 Tuckahoe - 17.0 Pinewood Lake
Vienna Aquatic,Week2,Cottontail,Week4,293.0 Vienna Aquatic - 109.0 Cottontail
Tuckahoe,Week5,Rutherford,Week2,366.0 Tuckahoe - 36.0 Rutherford
Tuckahoe,Week4,Shouse Village,Week2,346.0 Tuckahoe - 56.0 Shouse Village
Tuckahoe,Week2,Woodley,Week5,373.0 Tuckahoe - 29.0 Woodley
Tuckahoe,Week1,Woodley,Week5,368.0 Tuckahoe - 34.0 Woodley
Tuckahoe,Week3,Rutherford,Week3,369.0 Tuckahoe - 33.0 Rutherford
Tuckahoe,Week1,Annandale,Week2,360.0 Tuckahoe - 42.0 Annandale
Tuckahoe,Week2,Pleasant Valley,Week4,378.0 Tuckahoe - 23.0 Pleasant Valley
Truro,Week5,Waynewood,Week5,315.0 Waynewood - 87.0 Truro
Vienna Aquatic,Week5,Cottontail,Week3,326.0 Vienna Aquatic - 76.0 Cottontail
Tuckahoe,Week2,Shouse Village,Week4,305.0 Tuckahoe - 97.0 Shouse Village
Tuckahoe,Week4,Hamlet,Week3,282.0 Tuckahoe - 120.0 Hamlet
Tuckahoe,Week3,Rutherford,Week5,362.0 Tuckahoe - 35.0 Rutherford
Tuckahoe,Week4,Pinewood Lake,Week3,388.0 Tuckahoe - 12.0 Pinewood Lake
Truro,Week5,Woodley,Week1,253.0 Truro - 149.0 Woodley
Tuckahoe,Week1,Woodley,Week3,369.0 Tuckahoe - 33.0 Woodley
Tuckahoe,Week5,Hamlet,Week3,278.0 Tuckahoe - 124.0 Hamlet
Tuckahoe,Week1,Annandale,Week4,376.0 Tuckahoe - 26.0 Annandale
Vienna Aquatic,Week3,Country Club Hills,Week3,314.0 Vienna Aquatic - 88.0 Country Club Hills
Tuckahoe,Week3,Woodley,Week4,373.0 Tuckahoe - 29.0 Woodley
Tuckahoe,Week5,Pinewood Lake,Week5,386.0 Tuckahoe - 15.0 Pinewood Lake
Tuckahoe,Week4,Pinewood Lake,Week1,387.0 Tuckahoe - 13.0 Pinewood Lake
Tuckahoe,Week5,Pinewood Lake,Week3,387.0 Tuckahoe - 13.0 Pinewood Lake
Truro,Week5,Fair Oaks ,Week1,270.0 Fair Oaks - 132.0 Truro
Vienna Aquatic,Week4,Country Club Hills,Week2,330.0 Vienna Aquatic - 72.0 Country Club Hills
Tuckahoe,Week1,Shouse Village,Week1,307.0 Tuckahoe - 95.0 Shouse Village
Tuckahoe,Week3,Woodley,Week2,380.0 Tuckahoe - 22.0 Woodley
Tuckahoe,Week2,Hamlet,Week4,287.0 Tuckahoe - 115.0 Hamlet
Tuckahoe,Week5,Rutherford,Week4,371.0 Tuckahoe - 31.0 Rutherford
Tuckahoe,Week1,Pleasant Valley,Week2,375.0 Tuckahoe - 27.0 Pleasant Valley
Tuckahoe,Week2,Annandale,Week2,370.0 Tuckahoe - 32.0 Annandale
Tuckahoe,Week1,Hamlet,Week5,245.0 Tuckahoe - 157.0 Hamlet
Tuckahoe,Week2,Shouse Village,Week3,313.0 Tuckahoe - 89.0 Shouse Village
Tuckahoe,Week2,Hamlet,Week2,273.0 Tuckahoe - 129.0 Hamlet
Vienna Aquatic,Week3,Country Club Hills,Week2,327.0 Vienna Aquatic - 75.0 Country Club Hills
Vienna Aquatic,Week3,Country Club Hills,Week5,317.0 Vienna Aquatic - 85.0 Country Club Hills
Tuckahoe,Week2,Annandale,Week1,365.0 Tuckahoe - 37.0 Annandale
Tuckahoe,Week1,Woodley,Week1,371.0 Tuckahoe - 31.0 Woodley
Tuckahoe,Week1,Annandale,Week5,358.0 Tuckahoe - 44.0 Annandale
Tuckahoe,Week3,Woodley,Week5,377.0 Tuckahoe - 25.0 Woodley
Vienna Aquatic,Week3,Cottontail,Week4,309.0 Vienna Aquatic - 93.0 Cottontail
Vienna Aquatic,Week5,Cottontail,Week5,320.0 Vienna Aquatic - 82.0 Cottontail
Tuckahoe,Week3,Hamlet,Week4,317.0 Tuckahoe - 85.0 Hamlet
Vienna Aquatic,Week1,Country Club Hills,Week1,303.0 Vienna Aquatic - 99.0 Country Club Hills
Tuckahoe,Week4,Woodley,Week5,383.0 Tuckahoe - 19.0 Woodley
Tuckahoe,Week2,Shouse Village,Week1,318.5 Tuckahoe - 83.5 Shouse Village
Tuckahoe,Week5,Pleasant Valley,Week2,381.0 Tuckahoe - 21.0 Pleasant Valley
Vienna Aquatic,Week3,Cottontail,Week2,316.0 Vienna Aquatic - 86.0 Cottontail
Tuckahoe,Week3,Annandale,Week1,368.0 Tuckahoe - 34.0 Annandale
Vienna Aquatic,Week1,Annandale,Week1,344.0 Vienna Aquatic - 58.0 Annandale
Tuckahoe,Week3,Hamlet,Week3,292.0 Tuckahoe - 110.0 Hamlet
Tuckahoe,Week3,Hamlet,Week5,285.0 Tuckahoe - 117.0 Hamlet
Tuckahoe,Week2,Annandale,Week4,379.0 Tuckahoe - 23.0 Annandale
Tuckahoe,Week1,Poplar Heights,Week1,314.0 Tuckahoe - 88.0 Poplar Heights
Tuckahoe,Week3,Pinewood Lake,Week5,384.0 Tuckahoe - 17.0 Pinewood Lake
Tuckahoe,Week5,Pleasant Valley,Week4,381.0 Tuckahoe - 21.0 Pleasant Valley
Tuckahoe,Week1,Shouse Village,Week2,319.0 Tuckahoe - 83.0 Shouse Village
Tuckahoe,Week4,Rutherford,Week5,364.0 Tuckahoe - 38.0 Rutherford
Tuckahoe,Week4,Rutherford,Week1,380.0 Tuckahoe - 22.0 Rutherford
Tuckahoe,Week4,Annandale,Week2,370.0 Tuckahoe - 32.0 Annandale
Tuckahoe,Week1,Woodley,Week2,365.0 Tuckahoe - 37.0 Woodley
Tuckahoe,Week3,Rutherford,Week4,365.0 Tuckahoe - 37.0 Rutherford
Tuckahoe,Week1,Shouse Village,Week4,298.5 Tuckahoe - 103.5 Shouse Village
Tuckahoe,Week2,Hamlet,Week1,275.0 Tuckahoe - 127.0 Hamlet
Tuckahoe,Week3,Annandale,Week2,365.0 Tuckahoe - 37.0 Annandale
Tuckahoe,Week2,Hamlet,Week5,252.0 Tuckahoe - 150.0 Hamlet
Tuckahoe,Week4,Woodley,Week4,376.0 Tuckahoe - 26.0 Woodley
Tuckahoe,Week2,Arlington Forest,Week5,314.0 Tuckahoe - 88.0 Arlington Forest
Vienna Aquatic,Week1,Country Club Hills,Week3,299.0 Vienna Aquatic - 103.0 Country Club Hills
Tuckahoe,Week2,Pleasant Valley,Week3,364.0 Tuckahoe - 38.0 Pleasant Valley
Tuckahoe,Week1,Pleasant Valley,Week4,371.0 Tuckahoe - 31.0 Pleasant Valley
Tuckahoe,Week4,Annandale,Week4,383.0 Tuckahoe - 19.0 Annandale
Tuckahoe,Week5,Hamlet,Week1,285.0 Tuckahoe - 117.0 Hamlet
Vienna Aquatic,Week1,Arlington Forest,Week4,270.0 Vienna Aquatic - 132.0 Arlington Forest
Tuckahoe,Week3,Pinewood Lake,Week3,386.0 Tuckahoe - 14.0 Pinewood Lake
Tuckahoe,Week1,Arlington Forest,Week2,343.0 Tuckahoe - 59.0 Arlington Forest
Vienna Aquatic,Week2,Country Club Hills,Week3,304.0 Vienna Aquatic - 98.0 Country Club Hills
Vienna Aquatic,Week4,Cottontail,Week4,304.0 Vienna Aquatic - 98.0 Cottontail
Tuckahoe,Week5,Hayfield Farm,Week3,327.0 Tuckahoe - 75.0 Hayfield Farm
Tuckahoe,Week2,Shouse Village,Week5,295.0 Tuckahoe - 107.0 Shouse Village
Vienna Aquatic,Week4,Cottontail,Week2,298.0 Vienna Aquatic - 104.0 Cottontail
Vienna Aquatic,Week3,Cottontail,Week5,308.0 Vienna Aquatic - 94.0 Cottontail
Tuckahoe,Week4,Pinewood Lake,Week4,391.0 Tuckahoe - 9.0 Pinewood Lake
Tuckahoe,Week4,Hamlet,Week1,288.0 Tuckahoe - 114.0 Hamlet
Tuckahoe,Week4,Annandale,Week5,370.0 Tuckahoe - 32.0 Annandale
Tuckahoe,Week5,Hayfield Farm,Week1,333.0 Tuckahoe - 69.0 Hayfield Farm
Vienna Aquatic,Week4,Annandale,Week2,351.0 Vienna Aquatic - 51.0 Annandale
Tuckahoe,Week4,Hamlet,Week5,271.0 Tuckahoe - 131.0 Hamlet
Tuckahoe,Week5,Rutherford,Week1,380.0 Tuckahoe - 22.0 Rutherford
Tuckahoe,Week2,Annandale,Week3,370.0 Tuckahoe - 32.0 Annandale
Vienna Aquatic,Week1,Arlington Forest,Week1,297.0 Vienna Aquatic - 105.0 Arlington Forest
Tuckahoe,Week3,Shouse Village,Week3,332.0 Tuckahoe - 70.0 Shouse Village
Tuckahoe,Week4,Rutherford,Week3,372.0 Tuckahoe - 30.0 Rutherford
Vienna Aquatic,Week2,Annandale,Week2,342.0 Vienna Aquatic - 60.0 Annandale
Tuckahoe,Week3,Pleasant Valley,Week4,377.0 Tuckahoe - 19.0 Pleasant Valley
Vienna Aquatic,Week2,Annandale,Week5,339.0 Vienna Aquatic - 63.0 Annandale
Tuckahoe,Week5,Hamlet,Week2,276.0 Tuckahoe - 126.0 Hamlet
Tuckahoe,Week4,Daventry,Week4,376.0 Tuckahoe - 26.0 Daventry
Vienna Aquatic,Week1,Annandale,Week3,340.0 Vienna Aquatic - 62.0 Annandale
Vienna Aquatic,Week2,Annandale,Week4,347.0 Vienna Aquatic - 55.0 Annandale
Tuckahoe,Week1,Daventry,Week3,364.0 Tuckahoe - 37.0 Daventry
Tuckahoe,Week5,Annandale,Week4,374.0 Tuckahoe - 28.0 Annandale
Tuckahoe,Week5,Rutherford,Week5,365.0 Tuckahoe - 37.0 Rutherford
Tuckahoe,Week1,Shouse Village,Week5,280.0 Tuckahoe - 122.0 Shouse Village
Tuckahoe,Week3,Shouse Village,Week5,314.0 Tuckahoe - 88.0 Shouse Village
Tuckahoe,Week2,Annandale,Week5,368.0 Tuckahoe - 34.0 Annandale
Tuckahoe,Week5,Crosspointe,Week3,279.0 Tuckahoe - 123.0 Crosspointe
Vienna Aquatic,Week2,Country Club Hills,Week2,311.0 Vienna Aquatic - 91.0 Country Club Hills
Vienna Aquatic,Week2,Country Club Hills,Week1,304.0 Vienna Aquatic - 98.0 Country Club Hills
Tuckahoe,Week3,Pleasant Valley,Week2,378.0 Tuckahoe - 24.0 Pleasant Valley
Vienna Aquatic,Week2,Arlington Forest,Week5,247.0 Vienna Aquatic - 155.0 Arlington Forest
Tuckahoe,Week2,Pleasant Valley,Week2,375.0 Tuckahoe - 26.0 Pleasant Valley
Tuckahoe,Week4,Annandale,Week3,369.0 Tuckahoe - 33.0 Annandale
Tuckahoe,Week5,Crosspointe,Week4,288.0 Tuckahoe - 114.0 Crosspointe
Tuckahoe,Week4,Pinewood Lake,Week2,388.0 Tuckahoe - 12.0 Pinewood Lake
Vienna Aquatic,Week5,Cottontail,Week4,320.0 Vienna Aquatic - 82.0 Cottontail
Tuckahoe,Week4,Hamlet,Week4,307.0 Tuckahoe - 95.0 Hamlet
Tuckahoe,Week4,Pinewood Lake,Week5,391.0 Tuckahoe - 9.0 Pinewood Lake
Vienna Aquatic,Week2,Country Club Hills,Week5,297.0 Vienna Aquatic - 105.0 Country Club Hills
Tuckahoe,Week1,Daventry,Week4,374.0 Tuckahoe - 28.0 Daventry
Tuckahoe,Week5,Pinewood Lake,Week2,380.0 Tuckahoe - 20.0 Pinewood Lake
Tuckahoe,Week3,Annandale,Week5,368.0 Tuckahoe - 34.0 Annandale
Tuckahoe,Week5,Crosspointe,Week2,301.0 Tuckahoe - 101.0 Crosspointe
Tuckahoe,Week3,Hamlet,Week2,297.0 Tuckahoe - 105.0 Hamlet
Tuckahoe,Week1,Shouse Village,Week3,310.0 Tuckahoe - 92.0 Shouse Village
Tuckahoe,Week3,Shouse Village,Week2,348.5 Tuckahoe - 53.5 Shouse Village
Vienna Aquatic,Week5,Cottontail,Week1,316.0 Vienna Aquatic - 86.0 Cottontail
Tuckahoe,Week5,Crosspointe,Week1,281.0 Tuckahoe - 121.0 Crosspointe
Tuckahoe,Week3,Pinewood Lake,Week4,386.0 Tuckahoe - 15.0 Pinewood Lake
Tuckahoe,Week5,Hamlet,Week5,263.0 Tuckahoe - 139.0 Hamlet
Tuckahoe,Week4,Annandale,Week1,366.0 Tuckahoe - 36.0 Annandale
Tuckahoe,Week2,Hamlet,Week3,275.0 Tuckahoe - 127.0 Hamlet
Vienna Aquatic,Week3,Annandale,Week1,344.0 Vienna Aquatic - 58.0 Annandale
Tuckahoe,Week2,Daventry,Week1,371.0 Tuckahoe - 31.0 Daventry
Vienna Aquatic,Week3,Annandale,Week3,342.0 Vienna Aquatic - 60.0 Annandale
Vienna Aquatic,Week4,Cottontail,Week3,305.0 Vienna Aquatic - 97.0 Cottontail
Tuckahoe,Week4,Shouse Village,Week1,327.0 Tuckahoe - 75.0 Shouse Village
Vienna Aquatic,Week3,Annandale,Week2,340.0 Vienna Aquatic - 62.0 Annandale
Tuckahoe,Week3,Annandale,Week4,381.0 Tuckahoe - 21.0 Annandale
Vienna Aquatic,Week1,Country Club Hills,Week4,307.0 Vienna Aquatic - 95.0 Country Club Hills
Tuckahoe,Week2,Pleasant Valley,Week1,370.0 Tuckahoe - 31.0 Pleasant Valley
Tuckahoe,Week5,Annandale,Week2,363.0 Tuckahoe - 39.0 Annandale
Tuckahoe,Week2,Daventry,Week5,361.5 Tuckahoe - 40.5 Daventry
Vienna Aquatic,Week5,Annandale,Week1,355.0 Vienna Aquatic - 46.0 Annandale
Tuckahoe,Week4,Daventry,Week1,370.0 Tuckahoe - 32.0 Daventry
Tuckahoe,Week2,Daventry,Week2,369.0 Tuckahoe - 32.0 Daventry
Tuckahoe,Week1,Pleasant Valley,Week5,370.0 Tuckahoe - 32.0 Pleasant Valley
Vienna Aquatic,Week4,Annandale,Week4,356.0 Vienna Aquatic - 46.0 Annandale
Tuckahoe,Week3,Annandale,Week3,370.0 Tuckahoe - 32.0 Annandale
Tuckahoe,Week5,Shouse Village,Week3,327.0 Tuckahoe - 75.0 Shouse Village
Vienna Aquatic,Week3,Country Club Hills,Week1,314.0 Vienna Aquatic - 88.0 Country Club Hills
Tuckahoe,Week2,Hayfield Farm,Week3,325.0 Tuckahoe - 77.0 Hayfield Farm
Tuckahoe,Week1,Hayfield Farm,Week1,323.0 Tuckahoe - 79.0 Hayfield Farm
Tuckahoe,Week5,Shouse Village,Week4,315.0 Tuckahoe - 87.0 Shouse Village
Tuckahoe,Week1,Pleasant Valley,Week3,361.0 Tuckahoe - 41.0 Pleasant Valley
Vienna Aquatic,Week4,Cottontail,Week1,290.0 Vienna Aquatic - 112.0 Cottontail
Vienna Aquatic,Week1,Country Club Hills,Week2,315.0 Vienna Aquatic - 87.0 Country Club Hills
Tuckahoe,Week5,Annandale,Week1,366.0 Tuckahoe - 36.0 Annandale
Vienna Aquatic,Week4,Annandale,Week1,345.0 Vienna Aquatic - 57.0 Annandale
Vienna Aquatic,Week3,Annandale,Week5,350.0 Vienna Aquatic - 52.0 Annandale
Tuckahoe,Week1,Hamlet,Week2,254.0 Tuckahoe - 148.0 Hamlet
Tuckahoe,Week1,Arlington Forest,Week1,337.0 Tuckahoe - 65.0 Arlington Forest
Tuckahoe,Week4,Sideburn Run,Week4,333.0 Tuckahoe - 69.0 Sideburn Run
Tuckahoe,Week1,Hayfield Farm,Week5,320.0 Tuckahoe - 82.0 Hayfield Farm
Tuckahoe,Week5,Hamlet,Week4,299.0 Tuckahoe - 103.0 Hamlet
Tuckahoe,Week1,Sideburn Run,Week3,315.0 Tuckahoe - 87.0 Sideburn Run
Tuckahoe,Week3,Daventry,Week4,380.0 Tuckahoe - 22.0 Daventry
Tuckahoe,Week1,Pleasant Valley,Week1,374.0 Tuckahoe - 28.0 Pleasant Valley
Tuckahoe,Week2,Pleasant Valley,Week5,368.0 Tuckahoe - 34.0 Pleasant Valley
Tuckahoe,Week5,Annandale,Week3,365.0 Tuckahoe - 37.0 Annandale
Tuckahoe,Week2,Hayfield Farm,Week4,330.0 Tuckahoe - 72.0 Hayfield Farm
Vienna Aquatic,Week5,Annandale,Week2,356.0 Vienna Aquatic - 46.0 Annandale
Tuckahoe,Week3,Sideburn Run,Week4,343.0 Tuckahoe - 59.0 Sideburn Run
Tuckahoe,Week1,Arlington Forest,Week3,348.0 Tuckahoe - 54.0 Arlington Forest
Vienna Aquatic,Week1,Country Club Hills,Week5,302.5 Vienna Aquatic - 99.5 Country Club Hills
Tuckahoe,Week4,Pleasant Valley,Week4,377.0 Tuckahoe - 25.0 Pleasant Valley
Tuckahoe,Week2,Arlington Forest,Week2,354.0 Tuckahoe - 48.0 Arlington Forest
Tuckahoe,Week2,Daventry,Week4,379.0 Tuckahoe - 23.0 Daventry
Tuckahoe,Week1,Arlington Forest,Week4,328.0 Tuckahoe - 74.0 Arlington Forest
Tuckahoe,Week5,Shouse Village,Week1,308.0 Tuckahoe - 94.0 Shouse Village
Vienna Aquatic,Week5,Annandale,Week5,359.0 Vienna Aquatic - 43.0 Annandale
Tuckahoe,Week1,Hayfield Farm,Week3,311.0 Tuckahoe - 91.0 Hayfield Farm
Vienna Aquatic,Week3,Cottontail,Week3,326.0 Vienna Aquatic - 76.0 Cottontail
Tuckahoe,Week1,Sideburn Run,Week4,319.0 Tuckahoe - 83.0 Sideburn Run
Tuckahoe,Week1,Hayfield Farm,Week2,333.0 Tuckahoe - 69.0 Hayfield Farm
Vienna Aquatic,Week5,Annandale,Week4,368.0 Vienna Aquatic - 34.0 Annandale
Tuckahoe,Week3,Pleasant Valley,Week1,376.0 Tuckahoe - 26.0 Pleasant Valley
Tuckahoe,Week1,Daventry,Week1,368.0 Tuckahoe - 34.0 Daventry
Vienna Aquatic,Week5,Cottontail,Week2,315.0 Vienna Aquatic - 87.0 Cottontail
Tuckahoe,Week4,Pleasant Valley,Week1,378.0 Tuckahoe - 24.0 Pleasant Valley
Tuckahoe,Week2,Hayfield Farm,Week2,342.0 Tuckahoe - 60.0 Hayfield Farm
Tuckahoe,Week5,Annandale,Week5,359.0 Tuckahoe - 43.0 Annandale
Vienna Aquatic,Week1,Arlington Forest,Week2,299.0 Vienna Aquatic - 103.0 Arlington Forest
Tuckahoe,Week4,Crosspointe,Week4,294.0 Tuckahoe - 108.0 Crosspointe
Tuckahoe,Week5,Shouse Village,Week2,334.0 Tuckahoe - 68.0 Shouse Village
Tuckahoe,Week4,Crosspointe,Week3,284.0 Tuckahoe - 118.0 Crosspointe
Tuckahoe,Week2,Sideburn Run,Week3,316.0 Tuckahoe - 86.0 Sideburn Run
Tuckahoe,Week3,Pleasant Valley,Week5,373.0 Tuckahoe - 29.0 Pleasant Valley
Vienna Aquatic,Week2,Crosspointe,Week5,207.5 Crosspointe - 194.5 Vienna Aquatic
Tuckahoe,Week1,Hayfield Farm,Week4,330.5 Tuckahoe - 71.5 Hayfield Farm
Tuckahoe,Week2,Arlington Forest,Week1,343.0 Tuckahoe - 59.0 Arlington Forest
Vienna Aquatic,Week2,Country Club Hills,Week4,314.0 Vienna Aquatic - 88.0 Country Club Hills
Tuckahoe,Week1,Daventry,Week2,366.0 Tuckahoe - 36.0 Daventry
Tuckahoe,Week1,Arlington Forest,Week5,310.0 Tuckahoe - 92.0 Arlington Forest
Vienna Aquatic,Week4,Country Club Hills,Week1,313.0 Vienna Aquatic - 89.0 Country Club Hills
Tuckahoe,Week3,Hayfield Farm,Week1,344.0 Tuckahoe - 58.0 Hayfield Farm
Tuckahoe,Week2,Hayfield Farm,Week5,336.0 Tuckahoe - 66.0 Hayfield Farm
Tuckahoe,Week5,Crosspointe,Week5,257.3 Tuckahoe - 144.7 Crosspointe
Tuckahoe,Week4,Pleasant Valley,Week3,374.0 Tuckahoe - 28.0 Pleasant Valley
Vienna Aquatic,Week2,Arlington Forest,Week1,281.0 Vienna Aquatic - 121.0 Arlington Forest
Tuckahoe,Week2,Sideburn Run,Week5,308.0 Tuckahoe - 94.0 Sideburn Run
Vienna Aquatic,Week1,Arlington Forest,Week5,258.0 Vienna Aquatic - 144.0 Arlington Forest
Vienna Aquatic,Week3,Country Club Hills,Week4,322.0 Vienna Aquatic - 80.0 Country Club Hills
Tuckahoe,Week1,Daventry,Week5,360.0 Tuckahoe - 42.0 Daventry
Tuckahoe,Week4,Pleasant Valley,Week2,383.0 Tuckahoe - 19.0 Pleasant Valley
Vienna Aquatic,Week1,Arlington Forest,Week3,304.0 Vienna Aquatic - 98.0 Arlington Forest
Tuckahoe,Week2,Sideburn Run,Week4,322.0 Tuckahoe - 80.0 Sideburn Run
Tuckahoe,Week5,Pleasant Valley,Week1,375.0 Tuckahoe - 27.0 Pleasant Valley
Tuckahoe,Week5,Arlington Forest,Week1,337.0 Tuckahoe - 65.0 Arlington Forest
Vienna Aquatic,Week4,Crosspointe,Week4,227.0 Vienna Aquatic - 175.0 Crosspointe
Tuckahoe,Week3,Daventry,Week2,374.0 Tuckahoe - 28.0 Daventry
Tuckahoe,Week4,Shouse Village,Week4,325.0 Tuckahoe - 77.0 Shouse Village
Tuckahoe,Week4,Pleasant Valley,Week5,378.0 Tuckahoe - 24.0 Pleasant Valley
Tuckahoe,Week4,Sideburn Run,Week1,328.0 Tuckahoe - 74.0 Sideburn Run
Tuckahoe,Week4,Crosspointe,Week5,268.0 Tuckahoe - 134.0 Crosspointe
Tuckahoe,Week3,Hayfield Farm,Week3,340.0 Tuckahoe - 62.0 Hayfield Farm
Truro,Week2,Fox Hunt,Week2,263.0 Fox Hunt - 137.0 Truro
Tuckahoe,Week2,Arlington Forest,Week3,353.0 Tuckahoe - 49.0 Arlington Forest
Vienna Aquatic,Week3,Crosspointe,Week4,225.5 Vienna Aquatic - 176.5 Crosspointe
Tuckahoe,Week2,Arlington Forest,Week4,334.0 Tuckahoe - 68.0 Arlington Forest
Tuckahoe,Week3,Hayfield Farm,Week2,352.0 Tuckahoe - 50.0 Hayfield Farm
Vienna Aquatic,Week4,Annandale,Week3,341.0 Vienna Aquatic - 61.0 Annandale
Tuckahoe,Week3,Pleasant Valley,Week3,373.0 Tuckahoe - 29.0 Pleasant Valley
Vienna Aquatic,Week3,Annandale,Week4,350.0 Vienna Aquatic - 52.0 Annandale
Vienna Aquatic,Week2,Arlington Forest,Week2,303.0 Vienna Aquatic - 99.0 Arlington Forest
Tuckahoe,Week3,Daventry,Week3,366.0 Tuckahoe - 36.0 Daventry
Vienna Aquatic,Week5,Country Club Hills,Week3,330.0 Vienna Aquatic - 72.0 Country Club Hills
Tuckahoe,Week1,Sideburn Run,Week1,304.0 Tuckahoe - 98.0 Sideburn Run
Truro,Week4,Fox Hunt,Week2,227.0 Fox Hunt - 174.0 Truro
Vienna Aquatic,Week5,Country Club Hills,Week1,330.0 Vienna Aquatic - 72.0 Country Club Hills
Tuckahoe,Week4,Shouse Village,Week3,332.0 Tuckahoe - 70.0 Shouse Village
Truro,Week5,Fox Hunt,Week2,243.0 Fox Hunt - 158.0 Truro
Truro,Week1,Fox Hunt,Week4,226.0 Fox Hunt - 176.0 Truro
Tuckahoe,Week3,Hayfield Farm,Week5,351.0 Tuckahoe - 51.0 Hayfield Farm
Tuckahoe,Week4,Hayfield Farm,Week2,353.0 Tuckahoe - 49.0 Hayfield Farm
Tuckahoe,Week3,Arlington Forest,Week1,351.0 Tuckahoe - 51.0 Arlington Forest
Tuckahoe,Week3,Daventry,Week5,363.0 Tuckahoe - 39.0 Daventry
Tuckahoe,Week5,Pleasant Valley,Week5,375.0 Tuckahoe - 27.0 Pleasant Valley
Tuckahoe,Week5,Pleasant Valley,Week3,368.0 Tuckahoe - 34.0 Pleasant Valley
Vienna Aquatic,Week2,Crosspointe,Week3,220.0 Vienna Aquatic - 182.0 Crosspointe
Tuckahoe,Week3,Daventry,Week1,371.0 Tuckahoe - 31.0 Daventry
Tuckahoe,Week5,Shouse Village,Week5,304.0 Tuckahoe - 98.0 Shouse Village
Tuckahoe,Week1,Poplar Heights,Week3,306.0 Tuckahoe - 96.0 Poplar Heights
Tuckahoe,Week2,Poplar Heights,Week1,317.5 Tuckahoe - 84.5 Poplar Heights
Vienna Aquatic,Week1,Crosspointe,Week3,236.0 Vienna Aquatic - 166.0 Crosspointe
Tuckahoe,Week4,Daventry,Week3,359.0 Tuckahoe - 42.0 Daventry
Vienna Aquatic,Week2,Arlington Forest,Week3,295.0 Vienna Aquatic - 107.0 Arlington Forest
Tuckahoe,Week1,Sideburn Run,Week2,320.0 Tuckahoe - 82.0 Sideburn Run
Vienna Aquatic,Week2,Crosspointe,Week4,222.0 Vienna Aquatic - 180.0 Crosspointe
Tuckahoe,Week2,Brandywine,Week5,309.0 Tuckahoe - 93.0 Brandywine
Truro,Week1,Fox Mill Estates,Week5,237.0 Fox Mill Estates - 165.0 Truro
Tuckahoe,Week4,Arlington Forest,Week3,355.0 Tuckahoe - 47.0 Arlington Forest
Tuckahoe,Week1,Sideburn Run,Week5,308.0 Tuckahoe - 94.0 Sideburn Run
Tuckahoe,Week5,Arlington Forest,Week5,317.0 Tuckahoe - 85.0 Arlington Forest
Vienna Aquatic,Week2,Annandale,Week3,331.0 Vienna Aquatic - 71.0 Annandale
Tuckahoe,Week4,Daventry,Week2,373.0 Tuckahoe - 29.0 Daventry
Vienna Aquatic,Week5,Annandale,Week3,346.5 Vienna Aquatic - 55.5 Annandale
Tuckahoe,Week2,Hayfield Farm,Week1,328.0 Tuckahoe - 74.0 Hayfield Farm
Vienna Aquatic,Week4,Annandale,Week5,346.0 Vienna Aquatic - 56.0 Annandale
Tuckahoe,Week3,Hayfield Farm,Week4,340.0 Tuckahoe - 62.0 Hayfield Farm
Tuckahoe,Week4,Hayfield Farm,Week5,355.0 Tuckahoe - 47.0 Hayfield Farm
Tuckahoe,Week3,Brandywine,Week2,342.0 Tuckahoe - 60.0 Brandywine
Tuckahoe,Week2,Daventry,Week3,370.0 Tuckahoe - 32.0 Daventry
Vienna Aquatic,Week3,Crosspointe,Week3,236.0 Vienna Aquatic - 166.0 Crosspointe
Tuckahoe,Week3,Sideburn Run,Week1,330.0 Tuckahoe - 72.0 Sideburn Run
Tuckahoe,Week3,Sideburn Run,Week5,327.0 Tuckahoe - 75.0 Sideburn Run
Vienna Aquatic,Week3,Arlington Forest,Week1,298.0 Vienna Aquatic - 104.0 Arlington Forest
Tuckahoe,Week4,Brandywine,Week2,346.0 Tuckahoe - 56.0 Brandywine
Truro,Week1,Fox Hunt,Week2,237.0 Fox Hunt - 165.0 Truro
Tuckahoe,Week3,Brandywine,Week4,344.0 Tuckahoe - 58.0 Brandywine
Tuckahoe,Week2,Poplar Heights,Week3,314.0 Tuckahoe - 88.0 Poplar Heights
Truro,Week4,Fox Hunt,Week3,259.0 Fox Hunt - 143.0 Truro
Tuckahoe,Week4,Hayfield Farm,Week4,346.0 Tuckahoe - 56.0 Hayfield Farm
Tuckahoe,Week2,Sideburn Run,Week1,320.0 Tuckahoe - 82.0 Sideburn Run
Truro,Week1,Fox Hunt,Week3,264.0 Fox Hunt - 138.0 Truro
Tuckahoe,Week2,Poplar Heights,Week5,310.0 Tuckahoe - 92.0 Poplar Heights
Vienna Aquatic,Week4,Crosspointe,Week2,238.0 Vienna Aquatic - 164.0 Crosspointe
Vienna Aquatic,Week2,Arlington Forest,Week4,278.0 Vienna Aquatic - 124.0 Arlington Forest
Tuckahoe,Week4,Hayfield Farm,Week3,332.0 Tuckahoe - 70.0 Hayfield Farm
Tuckahoe,Week3,Poplar Heights,Week5,338.0 Tuckahoe - 64.0 Poplar Heights
Vienna Aquatic,Week2,Brandywine,Week3,280.0 Vienna Aquatic - 122.0 Brandywine
Tuckahoe,Week4,Dominion Hills,Week1,362.0 Tuckahoe - 40.0 Dominion Hills
Tuckahoe,Week2,Dominion Hills,Week4,323.0 Tuckahoe - 79.0 Dominion Hills
Truro,Week1,Fox Hunt,Week1,235.0 Fox Hunt - 167.0 Truro
Tuckahoe,Week3,Sideburn Run,Week3,338.0 Tuckahoe - 64.0 Sideburn Run
Tuckahoe,Week1,Dominion Hills,Week3,349.0 Tuckahoe - 53.0 Dominion Hills
Vienna Aquatic,Week3,Brandywine,Week2,296.0 Vienna Aquatic - 106.0 Brandywine
Tuckahoe,Week3,Poplar Heights,Week3,337.5 Tuckahoe - 64.5 Poplar Heights
Tuckahoe,Week5,Hayfield Farm,Week5,343.0 Tuckahoe - 59.0 Hayfield Farm
Tuckahoe,Week4,Hayfield Farm,Week1,346.0 Tuckahoe - 56.0 Hayfield Farm
Tuckahoe,Week3,Sideburn Run,Week2,343.0 Tuckahoe - 59.0 Sideburn Run
Tuckahoe,Week2,Dominion Hills,Week3,351.0 Tuckahoe - 51.0 Dominion Hills
Vienna Aquatic,Week4,Crosspointe,Week1,232.0 Vienna Aquatic - 170.0 Crosspointe
Tuckahoe,Week2,Brandywine,Week2,327.0 Tuckahoe - 75.0 Brandywine
Vienna Aquatic,Week3,Crosspointe,Week5,209.0 Vienna Aquatic - 193.0 Crosspointe
Vienna Aquatic,Week5,Crosspointe,Week4,257.0 Vienna Aquatic - 145.0 Crosspointe
Tuckahoe,Week5,Brandywine,Week1,352.0 Tuckahoe - 50.0 Brandywine
Tuckahoe,Week4,Poplar Heights,Week1,335.0 Tuckahoe - 67.0 Poplar Heights
Tuckahoe,Week5,Poplar Heights,Week1,319.0 Tuckahoe - 83.0 Poplar Heights
Tuckahoe,Week5,Hayfield Farm,Week2,348.5 Tuckahoe - 53.5 Hayfield Farm
Tuckahoe,Week3,Arlington Forest,Week2,357.0 Tuckahoe - 45.0 Arlington Forest
Vienna Aquatic,Week5,Crosspointe,Week3,259.0 Vienna Aquatic - 143.0 Crosspointe
Truro,Week2,Fox Hunt,Week3,281.0 Fox Hunt - 121.0 Truro
Tuckahoe,Week4,Shouse Village,Week5,317.0 Tuckahoe - 85.0 Shouse Village
Truro,Week3,Fox Hunt,Week1,236.0 Fox Hunt - 166.0 Truro
Vienna Aquatic,Week5,Arlington Forest,Week3,328.0 Vienna Aquatic - 74.0 Arlington Forest
Vienna Aquatic,Week1,Brandywine,Week4,296.0 Vienna Aquatic - 106.0 Brandywine
Vienna Aquatic,Week4,Arlington Forest,Week1,289.0 Vienna Aquatic - 113.0 Arlington Forest
Vienna Aquatic,Week3,Arlington Forest,Week5,252.0 Vienna Aquatic - 150.0 Arlington Forest
Vienna Aquatic,Week5,Crosspointe,Week5,229.0 Vienna Aquatic - 173.0 Crosspointe
Tuckahoe,Week1,Poplar Heights,Week2,313.0 Tuckahoe - 89.0 Poplar Heights
Tuckahoe,Week3,Arlington Forest,Week3,356.0 Tuckahoe - 46.0 Arlington Forest
Tuckahoe,Week4,Dominion Hills,Week5,336.0 Tuckahoe - 66.0 Dominion Hills
Tuckahoe,Week1,Donaldson Run,Week1,259.0 Tuckahoe - 143.0 Donaldson Run
Truro,Week4,Fox Hunt,Week1,241.0 Fox Hunt - 161.0 Truro
Tuckahoe,Week2,Sideburn Run,Week2,323.0 Tuckahoe - 79.0 Sideburn Run
Tuckahoe,Week2,Poplar Heights,Week2,312.0 Tuckahoe - 90.0 Poplar Heights
Truro,Week2,Fox Hunt,Week4,269.0 Fox Hunt - 132.0 Truro
Tuckahoe,Week3,Arlington Forest,Week4,342.0 Tuckahoe - 60.0 Arlington Forest
Tuckahoe,Week5,Hayfield Farm,Week4,334.0 Tuckahoe - 68.0 Hayfield Farm
Tuckahoe,Week4,Arlington Forest,Week1,349.0 Tuckahoe - 53.0 Arlington Forest
Tuckahoe,Week1,Herndon,Week3,375.0 Tuckahoe - 27.0 Herndon
Tuckahoe,Week5,Daventry,Week1,370.0 Tuckahoe - 32.0 Daventry
Truro,Week5,Fox Hunt,Week1,230.0 Fox Hunt - 172.0 Truro
Tuckahoe,Week1,Poplar Heights,Week4,311.0 Tuckahoe - 91.0 Poplar Heights
Vienna Aquatic,Week5,Country Club Hills,Week2,342.0 Vienna Aquatic - 60.0 Country Club Hills
Vienna Aquatic,Week4,Country Club Hills,Week5,308.0 Vienna Aquatic - 94.0 Country Club Hills
Tuckahoe,Week4,Sideburn Run,Week2,342.0 Tuckahoe - 60.0 Sideburn Run
Tuckahoe,Week1,Herndon,Week2,372.0 Tuckahoe - 30.0 Herndon
Tuckahoe,Week2,Sleepy Hollow B & R,Week3,312.0 Tuckahoe - 90.0 Sleepy Hollow B & R
Tuckahoe,Week5,Arlington Forest,Week3,350.5 Tuckahoe - 51.5 Arlington Forest
Tuckahoe,Week5,Daventry,Week2,373.5 Tuckahoe - 28.5 Daventry
Vienna Aquatic,Week5,Country Club Hills,Week5,321.0 Vienna Aquatic - 81.0 Country Club Hills
Truro,Week2,Fox Hunt,Week5,297.0 Fox Hunt - 104.0 Truro
Vienna Aquatic,Week4,Arlington Forest,Week4,280.0 Vienna Aquatic - 122.0 Arlington Forest
Tuckahoe,Week4,Poplar Heights,Week2,330.0 Tuckahoe - 72.0 Poplar Heights
Truro,Week5,Fox Hunt,Week5,282.0 Fox Hunt - 119.0 Truro
Vienna Aquatic,Week5,Country Club Hills,Week4,337.0 Vienna Aquatic - 65.0 Country Club Hills
Truro,Week5,Fox Hunt,Week4,245.0 Fox Hunt - 156.0 Truro
Truro,Week1,Fox Mill Estates,Week1,213.0 Fox Mill Estates - 189.0 Truro
Tuckahoe,Week4,Arlington Forest,Week5,323.0 Tuckahoe - 79.0 Arlington Forest
Tuckahoe,Week5,Arlington Forest,Week4,327.5 Tuckahoe - 74.5 Arlington Forest
Tuckahoe,Week3,Poplar Heights,Week1,335.0 Tuckahoe - 67.0 Poplar Heights
Tuckahoe,Week2,Herndon,Week1,383.0 Tuckahoe - 19.0 Herndon
Tuckahoe,Week1,Herndon,Week5,377.0 Tuckahoe - 25.0 Herndon
Vienna Aquatic,Week1,Crosspointe,Week1,220.0 Vienna Aquatic - 182.0 Crosspointe
Tuckahoe,Week4,Sideburn Run,Week3,330.0 Tuckahoe - 72.0 Sideburn Run
Tuckahoe,Week4,Poplar Heights,Week5,326.0 Tuckahoe - 76.0 Poplar Heights
Vienna Aquatic,Week4,Arlington Forest,Week2,316.0 Vienna Aquatic - 86.0 Arlington Forest
Vienna Aquatic,Week3,Arlington Forest,Week4,286.0 Vienna Aquatic - 116.0 Arlington Forest
Tuckahoe,Week2,Sleepy Hollow B & R,Week4,311.0 Tuckahoe - 91.0 Sleepy Hollow B & R
Tuckahoe,Week2,Dominion Hills,Week5,319.0 Tuckahoe - 83.0 Dominion Hills
Tuckahoe,Week3,Dominion Hills,Week4,355.5 Tuckahoe - 46.5 Dominion Hills
Vienna Aquatic,Week4,Arlington Forest,Week5,262.0 Vienna Aquatic - 140.0 Arlington Forest
Tuckahoe,Week1,Brandywine,Week4,326.0 Tuckahoe - 76.0 Brandywine
Tuckahoe,Week4,Poplar Heights,Week4,329.0 Tuckahoe - 73.0 Poplar Heights
Tuckahoe,Week2,Herndon,Week2,381.0 Tuckahoe - 21.0 Herndon
Tuckahoe,Week2,Herndon,Week3,384.0 Tuckahoe - 18.0 Herndon
Tuckahoe,Week1,Sleepy Hollow B & R,Week3,308.0 Tuckahoe - 94.0 Sleepy Hollow B & R
Tuckahoe,Week1,Dominion Hills,Week2,338.5 Tuckahoe - 63.5 Dominion Hills
Truro,Week5,Fox Hunt,Week3,260.5 Fox Hunt - 141.5 Truro
Vienna Aquatic,Week1,Crosspointe,Week5,211.0 Vienna Aquatic - 191.0 Crosspointe
Tuckahoe,Week5,Poplar Heights,Week2,314.0 Tuckahoe - 88.0 Poplar Heights
Vienna Aquatic,Week5,Arlington Forest,Week4,310.5 Vienna Aquatic - 91.5 Arlington Forest
Tuckahoe,Week1,Brandywine,Week1,338.0 Tuckahoe - 64.0 Brandywine
Tuckahoe,Week2,Poplar Heights,Week4,324.0 Tuckahoe - 78.0 Poplar Heights
Tuckahoe,Week3,Herndon,Week1,383.0 Tuckahoe - 19.0 Herndon
Tuckahoe,Week1,Dominion Hills,Week4,321.0 Tuckahoe - 81.0 Dominion Hills
Tuckahoe,Week5,Daventry,Week3,356.0 Tuckahoe - 46.0 Daventry
Vienna Aquatic,Week1,Crosspointe,Week2,225.0 Vienna Aquatic - 177.0 Crosspointe
Tuckahoe,Week5,Sleepy Hollow B & R,Week2,316.0 Tuckahoe - 86.0 Sleepy Hollow B & R
Tuckahoe,Week1,Sleepy Hollow B & R,Week2,316.0 Tuckahoe - 86.0 Sleepy Hollow B & R
Tuckahoe,Week2,Herndon,Week4,381.0 Tuckahoe - 21.0 Herndon
Tuckahoe,Week5,Sleepy Hollow B & R,Week4,314.5 Tuckahoe - 87.5 Sleepy Hollow B & R
Truro,Week3,Fox Hunt,Week2,234.0 Fox Hunt - 168.0 Truro
Tuckahoe,Week2,Brandywine,Week1,343.0 Tuckahoe - 59.0 Brandywine
Vienna Aquatic,Week1,Brandywine,Week1,305.0 Vienna Aquatic - 97.0 Brandywine
Truro,Week1,Fox Hunt,Week5,270.0 Fox Hunt - 132.0 Truro
Tuckahoe,Week1,Herndon,Week1,372.0 Tuckahoe - 30.0 Herndon
Tuckahoe,Week2,Dominion Hills,Week1,351.0 Tuckahoe - 51.0 Dominion Hills
Truro,Week4,Fox Hunt,Week5,275.0 Fox Hunt - 126.0 Truro
Tuckahoe,Week3,Herndon,Week2,381.0 Tuckahoe - 21.0 Herndon
Vienna Aquatic,Week5,Arlington Forest,Week5,290.0 Vienna Aquatic - 112.0 Arlington Forest
Tuckahoe,Week3,Arlington Forest,Week5,332.0 Tuckahoe - 70.0 Arlington Forest
Tuckahoe,Week3,Herndon,Week4,381.0 Tuckahoe - 21.0 Herndon
Tuckahoe,Week2,Dominion Hills,Week2,337.0 Tuckahoe - 65.0 Dominion Hills
Tuckahoe,Week5,Sideburn Run,Week2,330.0 Tuckahoe - 72.0 Sideburn Run
Tuckahoe,Week1,Brandywine,Week5,317.0 Tuckahoe - 85.0 Brandywine
Tuckahoe,Week3,Dominion Hills,Week1,362.0 Tuckahoe - 40.0 Dominion Hills
Tuckahoe,Week4,Poplar Heights,Week3,318.0 Tuckahoe - 84.0 Poplar Heights
Tuckahoe,Week3,Poplar Heights,Week4,342.0 Tuckahoe - 60.0 Poplar Heights
Truro,Week1,Fox Mill Estates,Week2,231.0 Fox Mill Estates - 171.0 Truro
Tuckahoe,Week1,Dominion Hills,Week5,324.0 Tuckahoe - 78.0 Dominion Hills
Vienna Aquatic,Week1,Brandywine,Week3,291.0 Vienna Aquatic - 111.0 Brandywine
Vienna Aquatic,Week3,Arlington Forest,Week3,319.0 Vienna Aquatic - 83.0 Arlington Forest
Tuckahoe,Week3,Brandywine,Week1,350.0 Tuckahoe - 52.0 Brandywine
Truro,Week4,Fox Hunt,Week4,231.0 Fox Hunt - 170.0 Truro
Vienna Aquatic,Week1,Crosspointe,Week4,234.0 Vienna Aquatic - 168.0 Crosspointe
Vienna Aquatic,Week4,Country Club Hills,Week3,314.5 Vienna Aquatic - 87.5 Country Club Hills
Tuckahoe,Week4,Arlington Forest,Week4,339.0 Tuckahoe - 63.0 Arlington Forest
Tuckahoe,Week3,Herndon,Week5,379.5 Tuckahoe - 22.5 Herndon
Tuckahoe,Week1,Sleepy Hollow Rec,Week1,367.0 Tuckahoe - 35.0 Sleepy Hollow Rec
Tuckahoe,Week1,Poplar Heights,Week5,305.0 Tuckahoe - 97.0 Poplar Heights
Tuckahoe,Week5,Sideburn Run,Week1,321.0 Tuckahoe - 81.0 Sideburn Run
Vienna Aquatic,Week5,Arlington Forest,Week1,322.0 Vienna Aquatic - 80.0 Arlington Forest
Vienna Aquatic,Week2,Crosspointe,Week2,226.0 Vienna Aquatic - 176.0 Crosspointe
Vienna Aquatic,Week2,Crosspointe,Week1,221.0 Vienna Aquatic - 181.0 Crosspointe
Truro,Week2,Fox Hunt,Week1,260.0 Fox Hunt - 140.0 Truro
Tuckahoe,Week5,Poplar Heights,Week3,313.0 Tuckahoe - 89.0 Poplar Heights
Vienna Aquatic,Week3,Crosspointe,Week2,230.0 Vienna Aquatic - 172.0 Crosspointe
Truro,Week3,Fox Hunt,Week3,277.0 Fox Hunt - 125.0 Truro
Tuckahoe,Week4,Sleepy Hollow B & R,Week1,350.0 Tuckahoe - 52.0 Sleepy Hollow B & R
Vienna Aquatic,Week1,Brandywine,Week5,274.0 Vienna Aquatic - 128.0 Brandywine
Tuckahoe,Week3,Poplar Heights,Week2,342.5 Tuckahoe - 59.5 Poplar Heights
Tuckahoe,Week2,Sleepy Hollow B & R,Week5,309.5 Tuckahoe - 92.5 Sleepy Hollow B & R
Tuckahoe,Week3,Dominion Hills,Week2,360.0 Tuckahoe - 42.0 Dominion Hills
Tuckahoe,Week2,Brandywine,Week3,323.0 Tuckahoe - 79.0 Brandywine
Truro,Week3,Fox Hunt,Week5,287.0 Fox Hunt - 115.0 Truro
Vienna Aquatic,Week4,Arlington Forest,Week3,310.0 Vienna Aquatic - 92.0 Arlington Forest
Tuckahoe,Week1,Herndon,Week4,378.0 Tuckahoe - 24.0 Herndon
Tuckahoe,Week3,Herndon,Week3,381.0 Tuckahoe - 21.0 Herndon
Vienna Aquatic,Week4,Country Club Hills,Week4,321.0 Vienna Aquatic - 81.0 Country Club Hills
Vienna Aquatic,Week2,Brandywine,Week2,295.0 Vienna Aquatic - 107.0 Brandywine
Tuckahoe,Week5,Arlington Forest,Week2,356.0 Tuckahoe - 46.0 Arlington Forest
Tuckahoe,Week1,Dominion Hills,Week1,349.0 Tuckahoe - 53.0 Dominion Hills
Tuckahoe,Week1,Sleepy Hollow B & R,Week4,315.0 Tuckahoe - 87.0 Sleepy Hollow B & R
Tuckahoe,Week5,Poplar Heights,Week4,323.0 Tuckahoe - 79.0 Poplar Heights
Vienna Aquatic,Week3,Crosspointe,Week1,225.0 Vienna Aquatic - 177.0 Crosspointe
Tuckahoe,Week4,Daventry,Week5,361.0 Tuckahoe - 41.0 Daventry
Truro,Week1,Fox Mill Estates,Week4,258.0 Fox Mill Estates - 144.0 Truro
Vienna Aquatic,Week5,Crosspointe,Week1,255.0 Vienna Aquatic - 147.0 Crosspointe
Tuckahoe,Week2,Poplar Tree,Week3,282.0 Tuckahoe - 120.0 Poplar Tree
Tuckahoe,Week1,Sleepy Hollow B & R,Week5,307.0 Tuckahoe - 95.0 Sleepy Hollow B & R
Vienna Aquatic,Week4,Crosspointe,Week3,222.0 Vienna Aquatic - 175.0 Crosspointe
Tuckahoe,Week4,Arlington Forest,Week2,357.0 Tuckahoe - 45.0 Arlington Forest
Tuckahoe,Week4,Dominion Hills,Week2,355.0 Tuckahoe - 47.0 Dominion Hills
Vienna Aquatic,Week1,Brandywine,Week2,302.0 Vienna Aquatic - 100.0 Brandywine
Vienna Aquatic,Week3,Arlington Forest,Week2,305.0 Vienna Aquatic - 97.0 Arlington Forest
Tuckahoe,Week4,Herndon,Week3,383.0 Tuckahoe - 19.0 Herndon
Vienna Aquatic,Week4,Crosspointe,Week5,204.5 Vienna Aquatic - 197.5 Crosspointe
Tuckahoe,Week1,Ravensworth Farm,Week2,307.5 Tuckahoe - 94.5 Ravensworth Farm
Tuckahoe,Week2,Sleepy Hollow B & R,Week1,337.5 Tuckahoe - 64.5 Sleepy Hollow B & R
Vienna Aquatic,Week5,Crosspointe,Week2,263.0 Vienna Aquatic - 139.0 Crosspointe
Tuckahoe,Week4,Herndon,Week1,380.0 Tuckahoe - 22.0 Herndon
Tuckahoe,Week5,Sideburn Run,Week3,319.0 Tuckahoe - 83.0 Sideburn Run
Tuckahoe,Week5,Daventry,Week4,381.0 Tuckahoe - 21.0 Daventry
Tuckahoe,Week5,Poplar Heights,Week5,306.0 Tuckahoe - 96.0 Poplar Heights
Vienna Aquatic,Week2,Brandywine,Week5,261.0 Vienna Aquatic - 141.0 Brandywine
Tuckahoe,Week2,Sleepy Hollow B & R,Week2,313.0 Tuckahoe - 89.0 Sleepy Hollow B & R
Vienna Aquatic,Week2,Brandywine,Week1,294.0 Vienna Aquatic - 108.0 Brandywine
Tuckahoe,Week2,Brandywine,Week4,330.0 Tuckahoe - 72.0 Brandywine
Tuckahoe,Week2,Poplar Tree,Week4,294.0 Tuckahoe - 108.0 Poplar Tree
Truro,Week1,Fox Mill Estates,Week3,245.0 Fox Mill Estates - 156.0 Truro
Tuckahoe,Week4,Hiddenbrook,Week4,364.0 Tuckahoe - 38.0 Hiddenbrook
Truro,Week3,Fox Hunt,Week4,240.0 Fox Hunt - 162.0 Truro
Tuckahoe,Week3,Dominion Hills,Week5,340.0 Tuckahoe - 57.0 Dominion Hills
Tuckahoe,Week3,Brandywine,Week3,341.0 Tuckahoe - 56.0 Brandywine
Tuckahoe,Week1,Brandywine,Week3,331.0 Tuckahoe - 71.0 Brandywine
Tuckahoe,Week2,Herndon,Week5,385.0 Tuckahoe - 17.0 Herndon
Tuckahoe,Week4,Dominion Hills,Week3,359.5 Tuckahoe - 42.5 Dominion Hills
Tuckahoe,Week4,Brandywine,Week1,355.0 Tuckahoe - 47.0 Brandywine
Tuckahoe,Week4,Herndon,Week5,381.0 Tuckahoe - 21.0 Herndon
Truro,Week4,Fox Mill Estates,Week1,215.0 Truro - 187.0 Fox Mill Estates
Vienna Aquatic,Week5,Arlington Forest,Week2,333.0 Vienna Aquatic - 69.0 Arlington Forest
Vienna Aquatic,Week3,Brandywine,Week3,292.0 Vienna Aquatic - 110.0 Brandywine
Tuckahoe,Week1,Hiddenbrook,Week1,344.0 Tuckahoe - 58.0 Hiddenbrook
Vienna Aquatic,Week2,Daventry,Week4,362.0 Vienna Aquatic - 40.0 Daventry
Tuckahoe,Week3,Poplar Tree,Week4,321.0 Tuckahoe - 81.0 Poplar Tree
Tuckahoe,Week3,Sleepy Hollow B & R,Week2,329.0 Tuckahoe - 73.0 Sleepy Hollow B & R
Tuckahoe,Week4,Sideburn Run,Week5,322.0 Tuckahoe - 80.0 Sideburn Run
Vienna Aquatic,Week3,Brandywine,Week1,311.0 Vienna Aquatic - 91.0 Brandywine
Tuckahoe,Week5,Dominion Hills,Week3,355.0 Tuckahoe - 47.0 Dominion Hills
Tuckahoe,Week4,Brandywine,Week3,341.0 Tuckahoe - 61.0 Brandywine
Tuckahoe,Week2,Poplar Tree,Week1,287.0 Tuckahoe - 115.0 Poplar Tree
Vienna Aquatic,Week3,Brandywine,Week5,280.0 Vienna Aquatic - 122.0 Brandywine
Tuckahoe,Week5,Sideburn Run,Week4,319.0 Tuckahoe - 83.0 Sideburn Run
Tuckahoe,Week1,Hiddenbrook,Week5,344.0 Tuckahoe - 58.0 Hiddenbrook
Truro,Week1,Fox Mill Woods,Week1,315.0 Fox Mill Woods - 87.0 Truro
Vienna Aquatic,Week3,Brandywine,Week4,295.0 Vienna Aquatic - 107.0 Brandywine
Truro,Week5,Fox Mill Estates,Week2,227.0 Fox Mill Estates - 174.0 Truro
Tuckahoe,Week3,Sleepy Hollow B & R,Week1,351.0 Tuckahoe - 51.0 Sleepy Hollow B & R
Vienna Aquatic,Week4,Daventry,Week3,342.0 Vienna Aquatic - 60.0 Daventry
Tuckahoe,Week4,Herndon,Week2,378.0 Tuckahoe - 24.0 Herndon
Tuckahoe,Week4,Dominion Hills,Week4,335.0 Tuckahoe - 67.0 Dominion Hills
Tuckahoe,Week1,Brandywine,Week2,330.0 Tuckahoe - 72.0 Brandywine
Tuckahoe,Week3,Poplar Tree,Week3,312.0 Tuckahoe - 90.0 Poplar Tree
Truro,Week5,Fox Mill Estates,Week1,205.0 Truro - 197.0 Fox Mill Estates
Tuckahoe,Week2,Hiddenbrook,Week2,378.0 Tuckahoe - 24.0 Hiddenbrook
Tuckahoe,Week3,Brandywine,Week5,337.0 Tuckahoe - 65.0 Brandywine
Tuckahoe,Week1,Sleepy Hollow B & R,Week1,324.0 Tuckahoe - 78.0 Sleepy Hollow B & R
Tuckahoe,Week1,Poplar Tree,Week1,281.0 Tuckahoe - 121.0 Poplar Tree
Truro,Week1,Fox Mill Woods,Week2,304.0 Fox Mill Woods - 98.0 Truro
Tuckahoe,Week2,Poplar Tree,Week2,297.0 Tuckahoe - 105.0 Poplar Tree
Vienna Aquatic,Week5,Daventry,Week1,354.0 Vienna Aquatic - 47.0 Daventry
Vienna Aquatic,Week1,Daventry,Week2,350.0 Vienna Aquatic - 52.0 Daventry
Tuckahoe,Week5,Daventry,Week5,363.0 Tuckahoe - 39.0 Daventry
Tuckahoe,Week2,Hiddenbrook,Week3,355.0 Tuckahoe - 47.0 Hiddenbrook
Tuckahoe,Week4,Brandywine,Week5,330.0 Tuckahoe - 72.0 Brandywine
Tuckahoe,Week5,Dominion Hills,Week4,332.0 Tuckahoe - 70.0 Dominion Hills
Vienna Aquatic,Week1,Daventry,Week1,342.0 Vienna Aquatic - 60.0 Daventry
Vienna Aquatic,Week2,Brandywine,Week4,274.0 Vienna Aquatic - 128.0 Brandywine
Tuckahoe,Week1,Poplar Tree,Week2,292.5 Tuckahoe - 109.5 Poplar Tree
Tuckahoe,Week3,Dominion Hills,Week3,360.0 Tuckahoe - 42.0 Dominion Hills
Tuckahoe,Week4,Brandywine,Week4,342.0 Tuckahoe - 60.0 Brandywine
Tuckahoe,Week4,Sleepy Hollow B & R,Week2,323.0 Tuckahoe - 79.0 Sleepy Hollow B & R
Truro,Week5,Fox Mill Estates,Week3,240.0 Fox Mill Estates - 161.0 Truro
Tuckahoe,Week5,Dominion Hills,Week1,358.0 Tuckahoe - 44.0 Dominion Hills
Vienna Aquatic,Week2,Daventry,Week2,356.0 Vienna Aquatic - 46.0 Daventry
Truro,Week2,Fox Mill Estates,Week2,257.0 Fox Mill Estates - 144.0 Truro
Vienna Aquatic,Week4,Brandywine,Week1,288.0 Vienna Aquatic - 114.0 Brandywine
Vienna Aquatic,Week1,Daventry,Week3,350.0 Vienna Aquatic - 52.0 Daventry
Tuckahoe,Week4,Sleepy Hollow B & R,Week3,336.5 Tuckahoe - 65.5 Sleepy Hollow B & R
Tuckahoe,Week5,Brandywine,Week4,334.0 Tuckahoe - 68.0 Brandywine
Tuckahoe,Week4,Poplar Tree,Week4,308.0 Tuckahoe - 94.0 Poplar Tree
Truro,Week3,Fox Mill Estates,Week1,208.0 Fox Mill Estates - 194.0 Truro
Tuckahoe,Week5,Sleepy Hollow B & R,Week1,330.0 Tuckahoe - 72.0 Sleepy Hollow B & R
Tuckahoe,Week4,Poplar Tree,Week3,300.0 Tuckahoe - 102.0 Poplar Tree
Tuckahoe,Week5,Herndon,Week2,373.0 Tuckahoe - 29.0 Herndon
Tuckahoe,Week4,Bren Mar-Edsall Park,Week1,397.0 Tuckahoe - 5.0 Bren Mar-Edsall Park
Vienna Aquatic,Week1,Daventry,Week5,330.0 Vienna Aquatic - 72.0 Daventry
Tuckahoe,Week5,Dominion Hills,Week5,328.0 Tuckahoe - 74.0 Dominion Hills
Tuckahoe,Week5,Herndon,Week3,377.0 Tuckahoe - 25.0 Herndon
Tuckahoe,Week4,Poplar Tree,Week5,304.0 Tuckahoe - 98.0 Poplar Tree
Truro,Week5,Fox Mill Estates,Week4,269.0 Fox Mill Estates - 133.0 Truro
Tuckahoe,Week5,Herndon,Week4,378.0 Tuckahoe - 24.0 Herndon
Tuckahoe,Week1,Bren Mar-Edsall Park,Week2,392.0 Tuckahoe - 10.0 Bren Mar-Edsall Park
Tuckahoe,Week4,Sleepy Hollow B & R,Week5,330.0 Tuckahoe - 72.0 Sleepy Hollow B & R
Tuckahoe,Week5,Dominion Hills,Week2,350.0 Tuckahoe - 52.0 Dominion Hills
Vienna Aquatic,Week4,Brandywine,Week2,288.0 Vienna Aquatic - 114.0 Brandywine
Tuckahoe,Week1,Donaldson Run,Week2,253.0 Tuckahoe - 149.0 Donaldson Run
Tuckahoe,Week1,Bren Mar-Edsall Park,Week1,392.0 Tuckahoe - 10.0 Bren Mar-Edsall Park
Tuckahoe,Week5,Herndon,Week5,381.0 Tuckahoe - 21.0 Herndon
Vienna Aquatic,Week4,Brandywine,Week3,269.0 Vienna Aquatic - 128.0 Brandywine
Vienna Aquatic,Week4,Brandywine,Week4,275.0 Vienna Aquatic - 127.0 Brandywine
Truro,Week4,Fox Mill Estates,Week3,219.0 Fox Mill Estates - 183.0 Truro
Tuckahoe,Week3,Poplar Tree,Week2,321.0 Tuckahoe - 81.0 Poplar Tree
Tuckahoe,Week1,Donaldson Run,Week3,256.0 Tuckahoe - 146.0 Donaldson Run
Tuckahoe,Week1,Bren Mar-Edsall Park,Week5,390.5 Tuckahoe - 11.5 Bren Mar-Edsall Park
Tuckahoe,Week1,Poplar Tree,Week3,280.0 Tuckahoe - 122.0 Poplar Tree
Tuckahoe,Week3,Sleepy Hollow B & R,Week3,325.0 Tuckahoe - 77.0 Sleepy Hollow B & R
Tuckahoe,Week1,Donaldson Run,Week4,263.0 Tuckahoe - 139.0 Donaldson Run
Vienna Aquatic,Week5,Brandywine,Week2,321.0 Vienna Aquatic - 81.0 Brandywine
Tuckahoe,Week3,Hiddenbrook,Week1,360.0 Tuckahoe - 42.0 Hiddenbrook
Tuckahoe,Week1,Bren Mar-Edsall Park,Week3,390.5 Tuckahoe - 11.5 Bren Mar-Edsall Park
Tuckahoe,Week1,Hiddenbrook,Week2,366.0 Tuckahoe - 36.0 Hiddenbrook
Tuckahoe,Week5,Sideburn Run,Week5,315.0 Tuckahoe - 87.0 Sideburn Run
Tuckahoe,Week1,Donaldson Run,Week5,249.0 Tuckahoe - 153.0 Donaldson Run
Vienna Aquatic,Week2,Daventry,Week3,353.0 Vienna Aquatic - 49.0 Daventry
Truro,Week1,Fox Mill Woods,Week3,307.0 Fox Mill Woods - 95.0 Truro
Tuckahoe,Week1,Poplar Tree,Week4,283.0 Tuckahoe - 119.0 Poplar Tree
Tuckahoe,Week3,Poplar Tree,Week1,316.0 Tuckahoe - 86.0 Poplar Tree
Tuckahoe,Week3,Sleepy Hollow B & R,Week4,335.0 Tuckahoe - 67.0 Sleepy Hollow B & R
Truro,Week3,Fox Mill Estates,Week3,248.0 Fox Mill Estates - 154.0 Truro
Truro,Week4,Fox Mill Estates,Week4,233.0 Fox Mill Estates - 169.0 Truro
Vienna Aquatic,Week3,Daventry,Week1,357.0 Vienna Aquatic - 45.0 Daventry
Vienna Aquatic,Week1,Daventry,Week4,367.0 Vienna Aquatic - 35.0 Daventry
Tuckahoe,Week3,Bren Mar-Edsall Park,Week1,393.0 Tuckahoe - 9.0 Bren Mar-Edsall Park
Vienna Aquatic,Week4,Brandywine,Week5,259.0 Vienna Aquatic - 143.0 Brandywine
Tuckahoe,Week2,Hiddenbrook,Week4,349.0 Tuckahoe - 53.0 Hiddenbrook
Tuckahoe,Week4,Hiddenbrook,Week1,364.0 Tuckahoe - 38.0 Hiddenbrook
Truro,Week2,Fox Mill Estates,Week5,262.0 Fox Mill Estates - 140.0 Truro
Tuckahoe,Week3,Donaldson Run,Week3,290.5 Tuckahoe - 111.5 Donaldson Run
Tuckahoe,Week3,Sleepy Hollow B & R,Week5,325.0 Tuckahoe - 77.0 Sleepy Hollow B & R
Tuckahoe,Week4,Sleepy Hollow B & R,Week4,326.0 Tuckahoe - 76.0 Sleepy Hollow B & R
Vienna Aquatic,Week3,Daventry,Week4,367.0 Vienna Aquatic - 35.0 Daventry
Vienna Aquatic,Week3,Daventry,Week3,359.0 Vienna Aquatic - 43.0 Daventry
Vienna Aquatic,Week4,Bren Mar-Edsall Park,Week3,386.0 Vienna Aquatic - 16.0 Bren Mar-Edsall Park
Vienna Aquatic,Week1,Bren Mar-Edsall Park,Week2,387.0 Vienna Aquatic - 15.0 Bren Mar-Edsall Park
Tuckahoe,Week1,Brookfield ,Week2,329.0 Tuckahoe - 73.0 Brookfield
Tuckahoe,Week1,Poplar Tree,Week5,276.0 Tuckahoe - 126.0 Poplar Tree
Tuckahoe,Week3,Poplar Tree,Week5,320.0 Tuckahoe - 82.0 Poplar Tree
Tuckahoe,Week3,Bren Mar-Edsall Park,Week5,394.0 Tuckahoe - 3.0 Bren Mar-Edsall Park
Tuckahoe,Week2,Donaldson Run,Week1,268.0 Tuckahoe - 134.0 Donaldson Run
Tuckahoe,Week2,Poplar Tree,Week5,289.0 Tuckahoe - 113.0 Poplar Tree
Tuckahoe,Week1,Hiddenbrook,Week3,351.0 Tuckahoe - 51.0 Hiddenbrook
Vienna Aquatic,Week4,Daventry,Week1,337.0 Vienna Aquatic - 65.0 Daventry
Tuckahoe,Week5,Poplar Tree,Week1,290.0 Tuckahoe - 112.0 Poplar Tree
Vienna Aquatic,Week5,Brandywine,Week4,313.0 Vienna Aquatic - 89.0 Brandywine
Tuckahoe,Week5,Sleepy Hollow B & R,Week3,315.0 Tuckahoe - 87.0 Sleepy Hollow B & R
Tuckahoe,Week1,Sleepy Hollow Rec,Week3,359.0 Tuckahoe - 43.0 Sleepy Hollow Rec
Vienna Aquatic,Week2,Bren Mar-Edsall Park,Week3,384.0 Vienna Aquatic - 18.0 Bren Mar-Edsall Park
Tuckahoe,Week2,Dowden Terrace,Week4,318.0 Tuckahoe - 84.0 Dowden Terrace
Tuckahoe,Week2,Brookfield ,Week5,343.0 Tuckahoe - 59.0 Brookfield
Vienna Aquatic,Week4,Daventry,Week5,324.0 Vienna Aquatic - 78.0 Daventry
Tuckahoe,Week1,Sleepy Hollow Rec,Week2,369.0 Tuckahoe - 33.0 Sleepy Hollow Rec
Tuckahoe,Week3,Donaldson Run,Week1,293.0 Tuckahoe - 109.0 Donaldson Run
Tuckahoe,Week3,Dowden Terrace,Week1,347.0 Tuckahoe - 55.0 Dowden Terrace
Vienna Aquatic,Week4,Daventry,Week4,355.0 Vienna Aquatic - 47.0 Daventry
Truro,Week2,Fox Mill Estates,Week1,223.0 Fox Mill Estates - 178.0 Truro
Truro,Week4,Fox Mill Estates,Week5,221.0 Fox Mill Estates - 181.0 Truro
Tuckahoe,Week2,Hiddenbrook,Week1,353.0 Tuckahoe - 49.0 Hiddenbrook
Tuckahoe,Week2,Brookfield ,Week1,341.0 Tuckahoe - 61.0 Brookfield
Tuckahoe,Week5,Poplar Tree,Week4,302.0 Tuckahoe - 100.0 Poplar Tree
Tuckahoe,Week4,Hiddenbrook,Week2,373.0 Tuckahoe - 29.0 Hiddenbrook
Tuckahoe,Week2,Brookfield ,Week3,354.0 Tuckahoe - 48.0 Brookfield
Tuckahoe,Week5,Herndon,Week1,378.0 Tuckahoe - 24.0 Herndon
Vienna Aquatic,Week4,Daventry,Week2,344.0 Vienna Aquatic - 58.0 Daventry
Tuckahoe,Week2,Dowden Terrace,Week2,330.0 Tuckahoe - 72.0 Dowden Terrace
Tuckahoe,Week1,Brookfield ,Week4,325.0 Tuckahoe - 77.0 Brookfield
Truro,Week2,Fox Mill Estates,Week4,275.0 Fox Mill Estates - 126.0 Truro
Truro,Week3,Fox Mill Estates,Week5,242.0 Fox Mill Estates - 160.0 Truro
Tuckahoe,Week4,Poplar Tree,Week1,301.0 Tuckahoe - 101.0 Poplar Tree
Truro,Week3,Fox Mill Estates,Week2,232.0 Fox Mill Estates - 170.0 Truro
Tuckahoe,Week5,Sleepy Hollow B & R,Week5,311.0 Tuckahoe - 91.0 Sleepy Hollow B & R
Vienna Aquatic,Week3,Bren Mar-Edsall Park,Week1,383.0 Vienna Aquatic - 19.0 Bren Mar-Edsall Park
Tuckahoe,Week3,Hiddenbrook,Week3,363.0 Tuckahoe - 39.0 Hiddenbrook
Vienna Aquatic,Week3,Bren Mar-Edsall Park,Week4,380.5 Vienna Aquatic - 21.5 Bren Mar-Edsall Park
Vienna Aquatic,Week2,Bren Mar-Edsall Park,Week1,386.0 Vienna Aquatic - 16.0 Bren Mar-Edsall Park
Tuckahoe,Week2,Bren Mar-Edsall Park,Week5,399.0 Tuckahoe - 3.0 Bren Mar-Edsall Park
Tuckahoe,Week3,Hiddenbrook,Week2,379.0 Tuckahoe - 23.0 Hiddenbrook
Tuckahoe,Week4,Herndon,Week4,383.0 Tuckahoe - 19.0 Herndon
Truro,Week4,Fox Mill Estates,Week2,215.0 Fox Mill Estates - 186.0 Truro
Tuckahoe,Week1,Sleepy Hollow Rec,Week5,363.0 Tuckahoe - 39.0 Sleepy Hollow Rec
Tuckahoe,Week1,Hiddenbrook,Week4,347.0 Tuckahoe - 55.0 Hiddenbrook
Tuckahoe,Week4,Donaldson Run,Week5,285.0 Tuckahoe - 117.0 Donaldson Run
Vienna Aquatic,Week5,Daventry,Week2,357.5 Vienna Aquatic - 43.5 Daventry
Tuckahoe,Week2,Bren Mar-Edsall Park,Week2,398.0 Tuckahoe - 4.0 Bren Mar-Edsall Park
Truro,Week5,Fox Mill Estates,Week5,241.0 Fox Mill Estates - 161.0 Truro
Tuckahoe,Week5,Poplar Tree,Week2,306.0 Tuckahoe - 96.0 Poplar Tree
Tuckahoe,Week1,Sleepy Hollow Rec,Week4,368.0 Tuckahoe - 34.0 Sleepy Hollow Rec
Tuckahoe,Week5,Poplar Tree,Week3,294.0 Tuckahoe - 108.0 Poplar Tree
Vienna Aquatic,Week5,Daventry,Week3,358.0 Vienna Aquatic - 43.0 Daventry
Tuckahoe,Week2,Sleepy Hollow Rec,Week1,374.0 Tuckahoe - 28.0 Sleepy Hollow Rec
Tuckahoe,Week5,Donaldson Run,Week5,265.0 Tuckahoe - 137.0 Donaldson Run
Vienna Aquatic,Week5,Daventry,Week4,371.0 Vienna Aquatic - 31.0 Daventry
Truro,Week2,Fox Mill Estates,Week3,259.5 Fox Mill Estates - 141.5 Truro
Vienna Aquatic,Week5,Brandywine,Week3,304.0 Vienna Aquatic - 98.0 Brandywine
Tuckahoe,Week3,Donaldson Run,Week2,297.0 Tuckahoe - 105.0 Donaldson Run
Vienna Aquatic,Week3,Bren Mar-Edsall Park,Week3,385.0 Vienna Aquatic - 17.0 Bren Mar-Edsall Park
Tuckahoe,Week1,Somerset-Olde Creek,Week2,374.0 Tuckahoe - 28.0 Somerset-Olde Creek
Vienna Aquatic,Week4,Bren Mar-Edsall Park,Week2,384.0 Vienna Aquatic - 17.0 Bren Mar-Edsall Park
Vienna Aquatic,Week1,Bren Mar-Edsall Park,Week5,380.0 Vienna Aquatic - 22.0 Bren Mar-Edsall Park
Truro,Week1,Fox Mill Woods,Week4,320.0 Fox Mill Woods - 82.0 Truro
Tuckahoe,Week2,Hiddenbrook,Week5,344.0 Tuckahoe - 58.0 Hiddenbrook
Tuckahoe,Week2,Sleepy Hollow Rec,Week4,378.0 Tuckahoe - 24.0 Sleepy Hollow Rec
Tuckahoe,Week4,Poplar Tree,Week2,316.0 Tuckahoe - 86.0 Poplar Tree
Tuckahoe,Week3,Bren Mar-Edsall Park,Week3,393.0 Tuckahoe - 9.0 Bren Mar-Edsall Park
Tuckahoe,Week4,Donaldson Run,Week3,293.0 Tuckahoe - 109.0 Donaldson Run
Tuckahoe,Week3,Hiddenbrook,Week4,365.0 Tuckahoe - 37.0 Hiddenbrook
Tuckahoe,Week2,Somerset-Olde Creek,Week1,380.0 Tuckahoe - 22.0 Somerset-Olde Creek
Tuckahoe,Week5,Poplar Tree,Week5,299.0 Tuckahoe - 103.0 Poplar Tree
Truro,Week3,Fox Mill Estates,Week4,265.0 Fox Mill Estates - 136.0 Truro
Tuckahoe,Week1,Ravensworth Farm,Week1,309.0 Tuckahoe - 93.0 Ravensworth Farm
Tuckahoe,Week5,Brandywine,Week2,345.0 Tuckahoe - 57.0 Brandywine
Vienna Aquatic,Week5,Daventry,Week5,351.0 Vienna Aquatic - 51.0 Daventry
Tuckahoe,Week3,Hiddenbrook,Week5,361.0 Tuckahoe - 41.0 Hiddenbrook
Tuckahoe,Week3,Sleepy Hollow Rec,Week2,373.0 Tuckahoe - 29.0 Sleepy Hollow Rec
Tuckahoe,Week4,Ravensworth Farm,Week3,319.5 Tuckahoe - 82.5 Ravensworth Farm
Tuckahoe,Week4,Bren Mar-Edsall Park,Week3,397.0 Tuckahoe - 5.0 Bren Mar-Edsall Park
Tuckahoe,Week1,Dowden Terrace,Week2,316.0 Tuckahoe - 86.0 Dowden Terrace
Vienna Aquatic,Week2,Brookfield ,Week3,299.0 Vienna Aquatic - 103.0 Brookfield
Tuckahoe,Week4,Donaldson Run,Week4,298.0 Tuckahoe - 104.0 Donaldson Run
Tuckahoe,Week4,Hiddenbrook,Week3,364.0 Tuckahoe - 38.0 Hiddenbrook
Truro,Week4,Fox Mill Woods,Week1,301.0 Fox Mill Woods - 101.0 Truro
Tuckahoe,Week4,Donaldson Run,Week1,296.5 Tuckahoe - 105.5 Donaldson Run
Tuckahoe,Week4,Bren Mar-Edsall Park,Week2,398.0 Tuckahoe - 4.0 Bren Mar-Edsall Park
Vienna Aquatic,Week2,Daventry,Week5,329.0 Vienna Aquatic - 73.0 Daventry
Vienna Aquatic,Week3,Bren Mar-Edsall Park,Week5,379.0 Vienna Aquatic - 23.0 Bren Mar-Edsall Park
Vienna Aquatic,Week2,Daventry,Week1,341.0 Vienna Aquatic - 61.0 Daventry
Tuckahoe,Week5,High Point Pool,Week5,310.0 Tuckahoe - 92.0 High Point Pool
Tuckahoe,Week3,Bren Mar-Edsall Park,Week2,394.0 Tuckahoe - 7.0 Bren Mar-Edsall Park
Tuckahoe,Week4,Ravensworth Farm,Week4,329.0 Tuckahoe - 73.0 Ravensworth Farm
Tuckahoe,Week5,Brandywine,Week3,337.0 Tuckahoe - 65.0 Brandywine
Tuckahoe,Week2,Ravensworth Farm,Week2,317.0 Tuckahoe - 85.0 Ravensworth Farm
Tuckahoe,Week2,Donaldson Run,Week4,264.0 Tuckahoe - 138.0 Donaldson Run
Tuckahoe,Week5,Hiddenbrook,Week3,357.0 Tuckahoe - 45.0 Hiddenbrook
Tuckahoe,Week2,Riverside Gardens,Week4,281.0 Tuckahoe - 121.0 Riverside Gardens
Tuckahoe,Week2,Donaldson Run,Week3,274.0 Tuckahoe - 128.0 Donaldson Run
Tuckahoe,Week5,High Point Pool,Week1,308.0 Tuckahoe - 94.0 High Point Pool
Vienna Aquatic,Week1,Brookfield ,Week2,298.0 Vienna Aquatic - 104.0 Brookfield
Tuckahoe,Week2,Dowden Terrace,Week1,328.0 Tuckahoe - 73.0 Dowden Terrace
Tuckahoe,Week1,Dowden Terrace,Week4,315.5 Tuckahoe - 86.5 Dowden Terrace
Vienna Aquatic,Week3,Daventry,Week5,340.0 Vienna Aquatic - 62.0 Daventry
Tuckahoe,Week2,Bren Mar-Edsall Park,Week4,392.0 Tuckahoe - 10.0 Bren Mar-Edsall Park
Tuckahoe,Week3,Sleepy Hollow Rec,Week5,369.5 Tuckahoe - 32.5 Sleepy Hollow Rec
Truro,Week1,Fox Mill Woods,Week5,304.0 Fox Mill Woods - 98.0 Truro
Truro,Week2,Great Falls,Week2,246.0 Great Falls - 137.0 Truro
Tuckahoe,Week4,High Point Pool,Week4,320.0 Tuckahoe - 82.0 High Point Pool
Tuckahoe,Week1,Riverside Gardens,Week5,290.0 Tuckahoe - 112.0 Riverside Gardens
Vienna Aquatic,Week1,Brookfield ,Week5,299.0 Vienna Aquatic - 103.0 Brookfield
Tuckahoe,Week3,Sleepy Hollow Rec,Week4,380.0 Tuckahoe - 22.0 Sleepy Hollow Rec
Tuckahoe,Week2,Ravensworth Farm,Week1,316.0 Tuckahoe - 86.0 Ravensworth Farm
Tuckahoe,Week5,Sleepy Hollow Rec,Week5,360.0 Tuckahoe - 42.0 Sleepy Hollow Rec
Vienna Aquatic,Week3,Daventry,Week2,364.0 Vienna Aquatic - 38.0 Daventry
Truro,Week3,Great Falls,Week1,237.0 Great Falls - 164.0 Truro
Truro,Week3,Fox Mill Woods,Week1,321.0 Fox Mill Woods - 81.0 Truro
Tuckahoe,Week2,Bren Mar-Edsall Park,Week3,392.0 Tuckahoe - 10.0 Bren Mar-Edsall Park
Vienna Aquatic,Week1,Brookfield ,Week4,295.0 Vienna Aquatic - 107.0 Brookfield
Tuckahoe,Week5,Sleepy Hollow Rec,Week1,364.5 Tuckahoe - 37.5 Sleepy Hollow Rec
Vienna Aquatic,Week3,Brookfield ,Week4,307.0 Vienna Aquatic - 95.0 Brookfield
Truro,Week1,Great Falls,Week5,242.0 Great Falls - 160.0 Truro
Vienna Aquatic,Week2,Brookfield ,Week5,287.0 Vienna Aquatic - 115.0 Brookfield
Vienna Aquatic,Week5,Bren Mar-Edsall Park,Week3,389.0 Vienna Aquatic - 12.0 Bren Mar-Edsall Park
Tuckahoe,Week5,High Point Pool,Week3,303.0 Tuckahoe - 99.0 High Point Pool
Tuckahoe,Week3,Ravensworth Farm,Week3,333.0 Tuckahoe - 69.0 Ravensworth Farm
Tuckahoe,Week4,High Point Pool,Week2,316.0 Tuckahoe - 86.0 High Point Pool
Tuckahoe,Week2,Bren Mar-Edsall Park,Week1,394.0 Tuckahoe - 8.0 Bren Mar-Edsall Park
Truro,Week5,Fox Mill Woods,Week5,308.0 Fox Mill Woods - 93.0 Truro
Tuckahoe,Week3,Somerset-Olde Creek,Week2,373.0 Tuckahoe - 24.0 Somerset-Olde Creek
Tuckahoe,Week4,Sleepy Hollow Rec,Week2,373.0 Tuckahoe - 29.0 Sleepy Hollow Rec
Tuckahoe,Week1,Bren Mar-Edsall Park,Week4,385.0 Tuckahoe - 17.0 Bren Mar-Edsall Park
Tuckahoe,Week2,Riverside Gardens,Week2,307.0 Tuckahoe - 95.0 Riverside Gardens
Vienna Aquatic,Week1,Bren Mar-Edsall Park,Week3,384.0 Vienna Aquatic - 18.0 Bren Mar-Edsall Park
Tuckahoe,Week5,Donaldson Run,Week3,281.0 Tuckahoe - 121.0 Donaldson Run
Tuckahoe,Week1,Somerset-Olde Creek,Week1,368.0 Tuckahoe - 34.0 Somerset-Olde Creek
Tuckahoe,Week5,Brandywine,Week5,326.0 Tuckahoe - 76.0 Brandywine
Tuckahoe,Week1,Dowden Terrace,Week5,291.0 Tuckahoe - 111.0 Dowden Terrace
Tuckahoe,Week5,Hiddenbrook,Week1,358.0 Tuckahoe - 44.0 Hiddenbrook
Tuckahoe,Week4,Bren Mar-Edsall Park,Week4,398.0 Tuckahoe - 4.0 Bren Mar-Edsall Park
Tuckahoe,Week3,Donaldson Run,Week4,289.0 Tuckahoe - 113.0 Donaldson Run
Tuckahoe,Week4,Ravensworth Farm,Week5,327.0 Tuckahoe - 75.0 Ravensworth Farm
Tuckahoe,Week3,Ravensworth Farm,Week2,347.0 Tuckahoe - 55.0 Ravensworth Farm
Truro,Week3,Great Falls,Week3,260.0 Great Falls - 142.0 Truro
Tuckahoe,Week4,Donaldson Run,Week2,299.0 Tuckahoe - 103.0 Donaldson Run
Tuckahoe,Week3,Bren Mar-Edsall Park,Week4,394.0 Tuckahoe - 7.0 Bren Mar-Edsall Park
Tuckahoe,Week5,Hiddenbrook,Week4,358.0 Tuckahoe - 44.0 Hiddenbrook
Vienna Aquatic,Week2,Bren Mar-Edsall Park,Week2,389.0 Vienna Aquatic - 13.0 Bren Mar-Edsall Park
Tuckahoe,Week2,Sleepy Hollow Rec,Week3,372.0 Tuckahoe - 30.0 Sleepy Hollow Rec
Truro,Week3,Fox Mill Woods,Week2,318.0 Fox Mill Woods - 84.0 Truro
Tuckahoe,Week4,Sleepy Hollow Rec,Week5,373.0 Tuckahoe - 29.0 Sleepy Hollow Rec
Vienna Aquatic,Week5,Brandywine,Week5,295.0 Vienna Aquatic - 107.0 Brandywine
Truro,Week5,Fox Mill Woods,Week2,302.5 Fox Mill Woods - 99.5 Truro
Tuckahoe,Week4,Bren Mar-Edsall Park,Week5,398.0 Tuckahoe - 4.0 Bren Mar-Edsall Park
Tuckahoe,Week5,Hiddenbrook,Week5,354.0 Tuckahoe - 48.0 Hiddenbrook
Tuckahoe,Week5,Donaldson Run,Week1,277.0 Tuckahoe - 125.0 Donaldson Run
Tuckahoe,Week1,Riverside Gardens,Week1,298.0 Tuckahoe - 104.0 Riverside Gardens
Tuckahoe,Week5,Donaldson Run,Week2,272.0 Tuckahoe - 130.0 Donaldson Run
Tuckahoe,Week3,Sleepy Hollow Rec,Week3,372.0 Tuckahoe - 30.0 Sleepy Hollow Rec
Vienna Aquatic,Week1,Bren Mar-Edsall Park,Week4,386.0 Vienna Aquatic - 16.0 Bren Mar-Edsall Park
Truro,Week2,Fox Mill Woods,Week2,325.0 Fox Mill Woods - 77.0 Truro
Tuckahoe,Week5,Sleepy Hollow Rec,Week4,375.0 Tuckahoe - 27.0 Sleepy Hollow Rec
Tuckahoe,Week4,Ravensworth Farm,Week1,324.0 Tuckahoe - 78.0 Ravensworth Farm
Tuckahoe,Week1,Hunt Valley,Week3,250.0 Tuckahoe - 152.0 Hunt Valley
Vienna Aquatic,Week2,Bren Mar-Edsall Park,Week4,376.0 Vienna Aquatic - 26.0 Bren Mar-Edsall Park
Tuckahoe,Week2,Donaldson Run,Week2,269.0 Tuckahoe - 133.0 Donaldson Run
Tuckahoe,Week4,Ravensworth Farm,Week2,336.0 Tuckahoe - 66.0 Ravensworth Farm
Tuckahoe,Week3,Donaldson Run,Week5,280.0 Tuckahoe - 122.0 Donaldson Run
Tuckahoe,Week2,High Point Pool,Week1,304.0 Tuckahoe - 98.0 High Point Pool
Tuckahoe,Week1,High Point Pool,Week1,295.0 Tuckahoe - 107.0 High Point Pool
Tuckahoe,Week4,Hunt Valley,Week3,297.0 Tuckahoe - 105.0 Hunt Valley
Tuckahoe,Week5,Bren Mar-Edsall Park,Week2,395.0 Tuckahoe - 7.0 Bren Mar-Edsall Park
Tuckahoe,Week5,Bren Mar-Edsall Park,Week3,393.0 Tuckahoe - 9.0 Bren Mar-Edsall Park
Tuckahoe,Week2,Ravensworth Farm,Week3,302.0 Tuckahoe - 100.0 Ravensworth Farm
Truro,Week3,Fox Mill Woods,Week3,316.0 Fox Mill Woods - 86.0 Truro
Tuckahoe,Week1,Somerset-Olde Creek,Week5,362.0 Tuckahoe - 40.0 Somerset-Olde Creek
Tuckahoe,Week5,Bren Mar-Edsall Park,Week4,393.0 Tuckahoe - 9.0 Bren Mar-Edsall Park
Tuckahoe,Week2,Donaldson Run,Week5,260.5 Tuckahoe - 141.5 Donaldson Run
Tuckahoe,Week2,Somerset-Olde Creek,Week5,369.0 Tuckahoe - 33.0 Somerset-Olde Creek
Tuckahoe,Week5,Sleepy Hollow Rec,Week2,370.0 Tuckahoe - 32.0 Sleepy Hollow Rec
Truro,Week2,Fox Mill Woods,Week1,335.0 Fox Mill Woods - 67.0 Truro
Tuckahoe,Week1,High Point Pool,Week5,297.5 Tuckahoe - 104.5 High Point Pool
Vienna Aquatic,Week2,Bren Mar-Edsall Park,Week5,375.0 Vienna Aquatic - 27.0 Bren Mar-Edsall Park
Truro,Week1,Great Falls,Week3,232.0 Great Falls - 170.0 Truro
Vienna Aquatic,Week1,Bren Mar-Edsall Park,Week1,386.0 Vienna Aquatic - 15.0 Bren Mar-Edsall Park
Tuckahoe,Week1,High Point Pool,Week2,304.0 Tuckahoe - 98.0 High Point Pool
Tuckahoe,Week5,Bren Mar-Edsall Park,Week1,394.0 Tuckahoe - 8.0 Bren Mar-Edsall Park
Tuckahoe,Week5,Donaldson Run,Week4,282.0 Tuckahoe - 120.0 Donaldson Run
Vienna Aquatic,Week5,Brandywine,Week1,316.0 Vienna Aquatic - 86.0 Brandywine
Tuckahoe,Week3,Ravensworth Farm,Week4,341.0 Tuckahoe - 61.0 Ravensworth Farm
Tuckahoe,Week3,Ravensworth Farm,Week5,330.0 Tuckahoe - 72.0 Ravensworth Farm
Tuckahoe,Week2,High Point Pool,Week3,314.0 Tuckahoe - 88.0 High Point Pool
Tuckahoe,Week2,High Point Pool,Week4,308.0 Tuckahoe - 94.0 High Point Pool
Tuckahoe,Week1,Dowden Terrace,Week1,322.0 Tuckahoe - 80.0 Dowden Terrace
Vienna Aquatic,Week3,Bren Mar-Edsall Park,Week2,392.0 Vienna Aquatic - 10.0 Bren Mar-Edsall Park
Tuckahoe,Week1,Hunt Valley,Week5,257.0 Tuckahoe - 145.0 Hunt Valley
Tuckahoe,Week2,Dowden Terrace,Week3,329.0 Tuckahoe - 73.0 Dowden Terrace
Tuckahoe,Week5,Holmes Run Acres,Week5,317.0 Tuckahoe - 85.0 Holmes Run Acres
Tuckahoe,Week1,Brookfield ,Week3,341.5 Tuckahoe - 60.5 Brookfield
Tuckahoe,Week1,High Point Pool,Week4,295.0 Tuckahoe - 107.0 High Point Pool
Tuckahoe,Week2,Dowden Terrace,Week5,313.0 Tuckahoe - 89.0 Dowden Terrace
Tuckahoe,Week2,Brookfield ,Week2,347.0 Tuckahoe - 55.0 Brookfield
Vienna Aquatic,Week1,Brookfield ,Week1,287.0 Vienna Aquatic - 115.0 Brookfield
Truro,Week4,Fox Mill Woods,Week5,309.0 Fox Mill Woods - 93.0 Truro
Tuckahoe,Week1,Dowden Terrace,Week3,324.0 Tuckahoe - 78.0 Dowden Terrace
Truro,Week5,Fox Mill Woods,Week4,318.0 Fox Mill Woods - 84.0 Truro
Tuckahoe,Week5,Ravensworth Farm,Week1,318.0 Tuckahoe - 84.0 Ravensworth Farm
Truro,Week4,Fox Mill Woods,Week3,297.0 Fox Mill Woods - 105.0 Truro
Vienna Aquatic,Week4,Bren Mar-Edsall Park,Week4,382.0 Vienna Aquatic - 19.0 Bren Mar-Edsall Park
Tuckahoe,Week2,High Point Pool,Week2,308.0 Tuckahoe - 94.0 High Point Pool
Tuckahoe,Week5,Dowden Terrace,Week4,321.0 Tuckahoe - 81.0 Dowden Terrace
Tuckahoe,Week2,Sleepy Hollow Rec,Week2,375.0 Tuckahoe - 27.0 Sleepy Hollow Rec
Tuckahoe,Week5,Holmes Run Acres,Week3,331.0 Tuckahoe - 71.0 Holmes Run Acres
Tuckahoe,Week2,Brookfield ,Week4,337.0 Tuckahoe - 65.0 Brookfield
Tuckahoe,Week5,Ravensworth Farm,Week2,320.0 Tuckahoe - 82.0 Ravensworth Farm
Tuckahoe,Week4,Sleepy Hollow Rec,Week1,376.0 Tuckahoe - 26.0 Sleepy Hollow Rec
Tuckahoe,Week1,Somerset-Olde Creek,Week3,369.0 Tuckahoe - 33.0 Somerset-Olde Creek
Tuckahoe,Week3,High Point Pool,Week1,326.0 Tuckahoe - 71.0 High Point Pool
Tuckahoe,Week4,Hiddenbrook,Week5,363.0 Tuckahoe - 39.0 Hiddenbrook
Vienna Aquatic,Week5,Bren Mar-Edsall Park,Week5,386.0 Vienna Aquatic - 15.0 Bren Mar-Edsall Park
Tuckahoe,Week1,Brookfield ,Week1,328.0 Tuckahoe - 74.0 Brookfield
Vienna Aquatic,Week5,Bren Mar-Edsall Park,Week2,390.0 Vienna Aquatic - 8.0 Bren Mar-Edsall Park
Truro,Week5,Fox Mill Woods,Week1,315.0 Fox Mill Woods - 87.0 Truro
Tuckahoe,Week2,Hunt Valley,Week1,284.0 Tuckahoe - 118.0 Hunt Valley
Tuckahoe,Week1,Brookfield ,Week5,333.0 Tuckahoe - 69.0 Brookfield
Tuckahoe,Week2,Sleepy Hollow Rec,Week5,370.0 Tuckahoe - 32.0 Sleepy Hollow Rec
Truro,Week5,Fox Mill Woods,Week3,299.5 Fox Mill Woods - 102.5 Truro
Tuckahoe,Week1,Ravensworth Farm,Week3,300.0 Tuckahoe - 102.0 Ravensworth Farm
Truro,Week3,Fox Mill Woods,Week5,319.0 Fox Mill Woods - 83.0 Truro
Tuckahoe,Week2,Hunt Valley,Week2,289.5 Tuckahoe - 112.5 Hunt Valley
Vienna Aquatic,Week4,Bren Mar-Edsall Park,Week1,384.0 Vienna Aquatic - 18.0 Bren Mar-Edsall Park
Tuckahoe,Week5,Bren Mar-Edsall Park,Week5,395.0 Tuckahoe - 7.0 Bren Mar-Edsall Park
Tuckahoe,Week1,Ravensworth Farm,Week5,295.0 Tuckahoe - 107.0 Ravensworth Farm
Tuckahoe,Week4,Sleepy Hollow Rec,Week3,372.0 Tuckahoe - 30.0 Sleepy Hollow Rec
Tuckahoe,Week1,Somerset-Olde Creek,Week4,371.0 Tuckahoe - 31.0 Somerset-Olde Creek
Tuckahoe,Week3,Ravensworth Farm,Week1,327.0 Tuckahoe - 75.0 Ravensworth Farm
Tuckahoe,Week2,Hunt Valley,Week4,287.0 Tuckahoe - 115.0 Hunt Valley
Tuckahoe,Week3,Dowden Terrace,Week2,339.0 Tuckahoe - 58.0 Dowden Terrace
Tuckahoe,Week2,Hunter Mill,Week1,295.0 Tuckahoe - 107.0 Hunter Mill
Tuckahoe,Week2,High Point Pool,Week5,299.0 Tuckahoe - 103.0 High Point Pool
Tuckahoe,Week2,Somerset-Olde Creek,Week4,379.0 Tuckahoe - 23.0 Somerset-Olde Creek
Tuckahoe,Week2,Ravensworth Farm,Week4,297.0 Tuckahoe - 105.0 Ravensworth Farm
Vienna Aquatic,Week2,Brookfield ,Week1,289.0 Vienna Aquatic - 113.0 Brookfield
Tuckahoe,Week3,Brookfield ,Week2,355.0 Tuckahoe - 47.0 Brookfield
Tuckahoe,Week3,High Point Pool,Week4,323.0 Tuckahoe - 79.0 High Point Pool
Tuckahoe,Week3,Hunt Valley,Week5,301.0 Tuckahoe - 101.0 Hunt Valley
Tuckahoe,Week3,Brookfield ,Week5,359.0 Tuckahoe - 43.0 Brookfield
Tuckahoe,Week5,Holmes Run Acres,Week2,350.0 Tuckahoe - 52.0 Holmes Run Acres
Tuckahoe,Week3,Sleepy Hollow Rec,Week1,377.0 Tuckahoe - 25.0 Sleepy Hollow Rec
Tuckahoe,Week3,Brookfield ,Week3,370.0 Tuckahoe - 32.0 Brookfield
Truro,Week1,Great Falls,Week2,214.0 Great Falls - 170.0 Truro
Tuckahoe,Week1,Ravensworth Farm,Week4,298.0 Tuckahoe - 104.0 Ravensworth Farm
Truro,Week2,Fox Mill Woods,Week4,335.0 Fox Mill Woods - 67.0 Truro
Tuckahoe,Week4,Dowden Terrace,Week4,318.5 Tuckahoe - 83.5 Dowden Terrace
Tuckahoe,Week3,High Point Pool,Week3,330.0 Tuckahoe - 72.0 High Point Pool
Tuckahoe,Week4,Dowden Terrace,Week3,331.0 Tuckahoe - 71.0 Dowden Terrace
Vienna Aquatic,Week5,Bren Mar-Edsall Park,Week1,387.0 Vienna Aquatic - 14.0 Bren Mar-Edsall Park
Truro,Week1,Great Falls,Week1,214.0 Great Falls - 187.0 Truro
Tuckahoe,Week4,Sleepy Hollow Rec,Week4,383.0 Tuckahoe - 19.0 Sleepy Hollow Rec
Tuckahoe,Week1,Riverside Gardens,Week2,298.0 Tuckahoe - 104.0 Riverside Gardens
Tuckahoe,Week3,Somerset-Olde Creek,Week1,369.0 Tuckahoe - 27.0 Somerset-Olde Creek
Truro,Week4,Fox Mill Woods,Week4,308.0 Fox Mill Woods - 94.0 Truro
Vienna Aquatic,Week5,Bren Mar-Edsall Park,Week4,386.0 Vienna Aquatic - 12.0 Bren Mar-Edsall Park
Tuckahoe,Week4,Brookfield ,Week2,357.0 Tuckahoe - 45.0 Brookfield
Tuckahoe,Week4,Brookfield ,Week1,342.0 Tuckahoe - 60.0 Brookfield
Vienna Aquatic,Week1,Brookfield ,Week3,314.0 Vienna Aquatic - 88.0 Brookfield
Truro,Week3,Fox Mill Woods,Week4,321.0 Fox Mill Woods - 81.0 Truro
Tuckahoe,Week5,Ravensworth Farm,Week3,317.0 Tuckahoe - 85.0 Ravensworth Farm
Tuckahoe,Week5,Sleepy Hollow Rec,Week3,362.0 Tuckahoe - 40.0 Sleepy Hollow Rec
Tuckahoe,Week4,Dunn Loring,Week3,292.0 Tuckahoe - 110.0 Dunn Loring
Tuckahoe,Week3,Hunt Valley,Week1,307.0 Tuckahoe - 95.0 Hunt Valley
Tuckahoe,Week1,High Point Pool,Week3,305.0 Tuckahoe - 97.0 High Point Pool
Tuckahoe,Week2,Ravensworth Farm,Week5,314.0 Tuckahoe - 88.0 Ravensworth Farm
Tuckahoe,Week5,Ravensworth Farm,Week4,319.5 Tuckahoe - 82.5 Ravensworth Farm
Tuckahoe,Week3,Dowden Terrace,Week5,331.0 Tuckahoe - 71.0 Dowden Terrace
Tuckahoe,Week3,High Point Pool,Week2,328.0 Tuckahoe - 74.0 High Point Pool
Tuckahoe,Week3,High Point Pool,Week5,317.0 Tuckahoe - 85.0 High Point Pool
Tuckahoe,Week2,Hunter Mill,Week3,300.0 Tuckahoe - 102.0 Hunter Mill
Tuckahoe,Week1,Riverside Gardens,Week3,281.0 Tuckahoe - 121.0 Riverside Gardens
Tuckahoe,Week3,Brookfield ,Week1,351.0 Tuckahoe - 51.0 Brookfield
Truro,Week2,Fox Mill Woods,Week5,325.0 Fox Mill Woods - 73.0 Truro
Tuckahoe,Week4,Dowden Terrace,Week1,334.0 Tuckahoe - 68.0 Dowden Terrace
Vienna Aquatic,Week2,Brookfield ,Week2,305.0 Vienna Aquatic - 97.0 Brookfield
Truro,Week2,Fox Mill Woods,Week3,331.0 Fox Mill Woods - 71.0 Truro
Vienna Aquatic,Week4,Bren Mar-Edsall Park,Week5,382.0 Vienna Aquatic - 20.0 Bren Mar-Edsall Park
Tuckahoe,Week1,Dunn Loring,Week2,267.0 Tuckahoe - 135.0 Dunn Loring
Tuckahoe,Week2,Hunter Mill,Week5,278.5 Tuckahoe - 123.5 Hunter Mill
Tuckahoe,Week4,Brookfield ,Week3,362.0 Tuckahoe - 40.0 Brookfield
Tuckahoe,Week2,Somerset-Olde Creek,Week2,381.0 Tuckahoe - 21.0 Somerset-Olde Creek
Tuckahoe,Week4,High Point Pool,Week1,320.0 Tuckahoe - 82.0 High Point Pool
Tuckahoe,Week1,Highland Park,Week2,314.0 Tuckahoe - 88.0 Highland Park
Tuckahoe,Week5,Holmes Run Acres,Week4,356.0 Tuckahoe - 46.0 Holmes Run Acres
Tuckahoe,Week2,Somerset-Olde Creek,Week3,377.0 Tuckahoe - 25.0 Somerset-Olde Creek
Tuckahoe,Week1,Riverside Gardens,Week4,282.0 Tuckahoe - 120.0 Riverside Gardens
Tuckahoe,Week1,Dunn Loring,Week1,282.0 Tuckahoe - 120.0 Dunn Loring
Tuckahoe,Week4,South Run,Week2,331.0 Tuckahoe - 71.0 South Run
Tuckahoe,Week5,Hunt Valley,Week2,307.0 Tuckahoe - 95.0 Hunt Valley
Truro,Week2,Great Falls,Week3,267.0 Great Falls - 129.0 Truro
Truro,Week2,Great Falls,Week1,233.0 Great Falls - 164.0 Truro
Tuckahoe,Week1,Hunt Valley,Week1,284.0 Tuckahoe - 118.0 Hunt Valley
Vienna Aquatic,Week3,Brookfield ,Week2,312.0 Vienna Aquatic - 90.0 Brookfield
Vienna Aquatic,Week4,Brookfield ,Week3,306.0 Vienna Aquatic - 96.0 Brookfield
Tuckahoe,Week2,Riverside Gardens,Week1,302.0 Tuckahoe - 100.0 Riverside Gardens
Tuckahoe,Week5,Dowden Terrace,Week1,337.0 Tuckahoe - 65.0 Dowden Terrace
Truro,Week2,Great Falls,Week4,245.0 Great Falls - 142.0 Truro
Tuckahoe,Week4,Dowden Terrace,Week2,334.0 Tuckahoe - 68.0 Dowden Terrace
Truro,Week1,Great Falls,Week4,220.0 Great Falls - 181.0 Truro
Tuckahoe,Week2,Dunn Loring,Week1,279.0 Tuckahoe - 123.0 Dunn Loring
Tuckahoe,Week1,Hunt Valley,Week2,273.0 Tuckahoe - 129.0 Hunt Valley
Tuckahoe,Week2,Riverside Gardens,Week5,290.0 Tuckahoe - 112.0 Riverside Gardens
Tuckahoe,Week4,High Point Pool,Week5,302.0 Tuckahoe - 100.0 High Point Pool
Tuckahoe,Week5,High Point Pool,Week2,311.0 Tuckahoe - 91.0 High Point Pool
Tuckahoe,Week5,Hiddenbrook,Week2,375.0 Tuckahoe - 27.0 Hiddenbrook
Tuckahoe,Week4,Brookfield ,Week4,348.0 Tuckahoe - 54.0 Brookfield
Tuckahoe,Week5,Hunt Valley,Week1,298.0 Tuckahoe - 104.0 Hunt Valley
Tuckahoe,Week3,Brookfield ,Week4,352.0 Tuckahoe - 50.0 Brookfield
Tuckahoe,Week5,High Point Pool,Week4,308.0 Tuckahoe - 94.0 High Point Pool
Tuckahoe,Week4,High Point Pool,Week3,316.0 Tuckahoe - 86.0 High Point Pool
Tuckahoe,Week4,Hunt Valley,Week2,309.0 Tuckahoe - 93.0 Hunt Valley
Tuckahoe,Week5,Brookfield ,Week1,336.0 Tuckahoe - 66.0 Brookfield
Tuckahoe,Week5,Dowden Terrace,Week2,323.0 Tuckahoe - 79.0 Dowden Terrace
Tuckahoe,Week2,South Run,Week5,322.0 Tuckahoe - 80.0 South Run
Tuckahoe,Week5,Somerset-Olde Creek,Week4,367.0 Tuckahoe - 35.0 Somerset-Olde Creek
Tuckahoe,Week5,Ravensworth Farm,Week5,319.0 Tuckahoe - 83.0 Ravensworth Farm
Truro,Week2,Great Falls,Week5,261.0 Great Falls - 133.0 Truro
Tuckahoe,Week4,Brookfield ,Week5,358.0 Tuckahoe - 44.0 Brookfield
Vienna Aquatic,Week5,Brookfield ,Week1,305.0 Vienna Aquatic - 97.0 Brookfield
Vienna Aquatic,Week2,Brookfield ,Week4,292.0 Vienna Aquatic - 110.0 Brookfield
Tuckahoe,Week2,Riverside Gardens,Week3,287.0 Tuckahoe - 115.0 Riverside Gardens
Vienna Aquatic,Week3,Brookfield ,Week1,301.0 Vienna Aquatic - 101.0 Brookfield
Tuckahoe,Week3,Dowden Terrace,Week4,334.0 Tuckahoe - 68.0 Dowden Terrace
Vienna Aquatic,Week3,Brookfield ,Week3,316.0 Vienna Aquatic - 86.0 Brookfield
Tuckahoe,Week3,Riverside Gardens,Week1,327.0 Tuckahoe - 75.0 Riverside Gardens
Tuckahoe,Week3,South Run,Week4,345.0 Tuckahoe - 57.0 South Run
Tuckahoe,Week3,Hunt Valley,Week4,319.0 Tuckahoe - 83.0 Hunt Valley
Tuckahoe,Week5,Brookfield ,Week2,351.0 Tuckahoe - 51.0 Brookfield
Tuckahoe,Week4,Somerset-Olde Creek,Week2,379.0 Tuckahoe - 23.0 Somerset-Olde Creek
Truro,Week4,Fox Mill Woods,Week2,285.0 Fox Mill Woods - 117.0 Truro
Tuckahoe,Week5,Dowden Terrace,Week5,309.5 Tuckahoe - 92.5 Dowden Terrace
Truro,Week3,Great Falls,Week5,264.0 Great Falls - 137.0 Truro
Tuckahoe,Week1,Highland Park,Week3,325.0 Tuckahoe - 77.0 Highland Park
Tuckahoe,Week1,Hunt Valley,Week4,277.0 Tuckahoe - 125.0 Hunt Valley
Tuckahoe,Week1,Highland Park,Week1,299.0 Tuckahoe - 103.0 Highland Park
Tuckahoe,Week5,Dowden Terrace,Week3,325.0 Tuckahoe - 77.0 Dowden Terrace
Tuckahoe,Week2,Hunt Valley,Week3,258.0 Tuckahoe - 144.0 Hunt Valley
Tuckahoe,Week3,Riverside Gardens,Week3,306.0 Tuckahoe - 96.0 Riverside Gardens
Tuckahoe,Week1,Highland Park,Week4,307.0 Tuckahoe - 95.0 Highland Park
Tuckahoe,Week5,Somerset-Olde Creek,Week2,379.0 Tuckahoe - 23.0 Somerset-Olde Creek
Vienna Aquatic,Week1,Broyhill Crest,Week2,394.0 Vienna Aquatic - 8.0 Broyhill Crest
Tuckahoe,Week1,South Run,Week2,320.0 Tuckahoe - 82.0 South Run
Tuckahoe,Week2,South Run,Week1,316.0 Tuckahoe - 77.0 South Run
Tuckahoe,Week2,Hunt Valley,Week5,270.0 Tuckahoe - 132.0 Hunt Valley
Tuckahoe,Week3,Riverside Gardens,Week4,306.0 Tuckahoe - 96.0 Riverside Gardens
Tuckahoe,Week5,Somerset-Olde Creek,Week3,376.0 Tuckahoe - 26.0 Somerset-Olde Creek
Vienna Aquatic,Week5,Brookfield ,Week3,326.0 Vienna Aquatic - 76.0 Brookfield
Tuckahoe,Week3,Riverside Gardens,Week2,316.0 Tuckahoe - 86.0 Riverside Gardens
Tuckahoe,Week1,Dunn Loring,Week3,262.0 Tuckahoe - 140.0 Dunn Loring
Vienna Aquatic,Week5,Brookfield ,Week5,317.5 Vienna Aquatic - 84.5 Brookfield
Truro,Week3,Great Falls,Week2,240.0 Great Falls - 144.0 Truro
Truro,Week4,Great Falls,Week1,223.0 Great Falls - 175.0 Truro
Tuckahoe,Week3,Hunt Valley,Week2,319.5 Tuckahoe - 82.5 Hunt Valley
Tuckahoe,Week2,Dunn Loring,Week4,274.0 Tuckahoe - 128.0 Dunn Loring
Vienna Aquatic,Week1,Broyhill Crest,Week3,394.0 Vienna Aquatic - 8.0 Broyhill Crest
Tuckahoe,Week4,Hunt Valley,Week1,309.0 Tuckahoe - 93.0 Hunt Valley
Vienna Aquatic,Week3,Brookfield ,Week5,305.0 Vienna Aquatic - 97.0 Brookfield
Truro,Week5,Great Falls,Week1,224.0 Great Falls - 174.0 Truro
Truro,Week4,Great Falls,Week5,251.0 Great Falls - 149.0 Truro
Tuckahoe,Week4,Highland Park,Week3,346.0 Tuckahoe - 56.0 Highland Park
Tuckahoe,Week1,South Run,Week4,326.0 Tuckahoe - 76.0 South Run
Tuckahoe,Week2,South Run,Week4,335.0 Tuckahoe - 67.0 South Run
Tuckahoe,Week4,McLean,Week3,240.0 Tuckahoe - 162.0 McLean
Tuckahoe,Week4,Dowden Terrace,Week5,322.0 Tuckahoe - 80.0 Dowden Terrace
Tuckahoe,Week1,Dunn Loring,Week5,249.0 Tuckahoe - 153.0 Dunn Loring
Tuckahoe,Week1,Highlands Swim,Week2,219.0 Tuckahoe - 183.0 Highlands Swim
Tuckahoe,Week1,Mosby Woods,Week4,293.0 Tuckahoe - 109.0 Mosby Woods
Truro,Week5,Great Falls,Week2,208.0 Great Falls - 176.0 Truro
Tuckahoe,Week1,Dunn Loring,Week4,261.0 Tuckahoe - 141.0 Dunn Loring
Truro,Week5,Great Falls,Week5,248.0 Great Falls - 148.0 Truro
Tuckahoe,Week1,South Run,Week5,314.0 Tuckahoe - 88.0 South Run
Tuckahoe,Week2,Highland Park,Week4,319.0 Tuckahoe - 83.0 Highland Park
Tuckahoe,Week3,South Run,Week1,333.0 Tuckahoe - 60.0 South Run
Vienna Aquatic,Week1,Broyhill Crest,Week4,392.0 Vienna Aquatic - 10.0 Broyhill Crest
Tuckahoe,Week4,Hunt Valley,Week4,310.0 Tuckahoe - 92.0 Hunt Valley
Tuckahoe,Week2,Mosby Woods,Week1,268.0 Tuckahoe - 134.0 Mosby Woods
Tuckahoe,Week3,McLean,Week4,245.0 Tuckahoe - 157.0 McLean
Tuckahoe,Week3,Hunt Valley,Week3,299.0 Tuckahoe - 103.0 Hunt Valley
Tuckahoe,Week4,Highland Park,Week2,326.0 Tuckahoe - 76.0 Highland Park
Vienna Aquatic,Week4,Brookfield ,Week2,297.0 Vienna Aquatic - 105.0 Brookfield
Vienna Aquatic,Week4,Brookfield ,Week4,288.5 Vienna Aquatic - 113.5 Brookfield
Tuckahoe,Week2,Dunn Loring,Week3,261.0 Tuckahoe - 141.0 Dunn Loring
Truro,Week1,Greenbriar,Week2,280.0 Greenbriar - 122.0 Truro
Tuckahoe,Week5,Highland Park,Week2,321.0 Tuckahoe - 81.0 Highland Park
Tuckahoe,Week1,Hunter Mill,Week1,282.0 Tuckahoe - 120.0 Hunter Mill
Tuckahoe,Week3,Highland Park,Week5,343.0 Tuckahoe - 59.0 Highland Park
Truro,Week1,Greenbriar,Week3,286.5 Greenbriar - 115.5 Truro
Tuckahoe,Week5,Hunt Valley,Week4,312.0 Tuckahoe - 90.0 Hunt Valley
Vienna Aquatic,Week2,Broyhill Crest,Week3,392.0 Vienna Aquatic - 10.0 Broyhill Crest
Tuckahoe,Week4,Somerset-Olde Creek,Week1,374.0 Tuckahoe - 27.0 Somerset-Olde Creek
Tuckahoe,Week1,McLean,Week4,225.0 Tuckahoe - 177.0 McLean
Tuckahoe,Week3,South Run,Week5,330.0 Tuckahoe - 72.0 South Run
Tuckahoe,Week3,Somerset-Olde Creek,Week3,373.0 Tuckahoe - 28.0 Somerset-Olde Creek
Tuckahoe,Week3,Highland Park,Week1,331.0 Tuckahoe - 71.0 Highland Park
Tuckahoe,Week4,Highland Park,Week1,324.0 Tuckahoe - 78.0 Highland Park
Tuckahoe,Week3,Dunn Loring,Week3,290.0 Tuckahoe - 112.0 Dunn Loring
Vienna Aquatic,Week1,Broyhill Crest,Week1,394.0 Vienna Aquatic - 8.0 Broyhill Crest
Tuckahoe,Week1,Hunter Mill,Week3,296.0 Tuckahoe - 106.0 Hunter Mill
Truro,Week1,Greenbriar,Week4,264.0 Greenbriar - 138.0 Truro
Tuckahoe,Week2,McLean,Week5,232.0 Tuckahoe - 170.0 McLean
Vienna Aquatic,Week1,Broyhill Crest,Week5,390.0 Vienna Aquatic - 12.0 Broyhill Crest
Tuckahoe,Week3,Dunn Loring,Week2,292.0 Tuckahoe - 110.0 Dunn Loring
Tuckahoe,Week2,Dunn Loring,Week5,273.5 Tuckahoe - 128.5 Dunn Loring
Truro,Week4,Great Falls,Week2,222.0 Great Falls - 162.0 Truro
Tuckahoe,Week3,South Run,Week3,352.0 Tuckahoe - 50.0 South Run
Vienna Aquatic,Week4,Brookfield ,Week5,297.5 Vienna Aquatic - 104.5 Brookfield
Tuckahoe,Week4,Somerset-Olde Creek,Week4,381.0 Tuckahoe - 21.0 Somerset-Olde Creek
Tuckahoe,Week5,Highland Park,Week5,323.0 Tuckahoe - 79.0 Highland Park
Tuckahoe,Week3,Somerset-Olde Creek,Week4,373.0 Tuckahoe - 29.0 Somerset-Olde Creek
Truro,Week3,Great Falls,Week4,238.0 Great Falls - 163.0 Truro
Tuckahoe,Week2,Dunn Loring,Week2,270.5 Tuckahoe - 131.5 Dunn Loring
Tuckahoe,Week1,Hunter Mill,Week4,280.0 Tuckahoe - 122.0 Hunter Mill
Tuckahoe,Week1,McLean,Week3,208.0 Tuckahoe - 194.0 McLean
Truro,Week1,Greenbriar,Week1,277.0 Greenbriar - 125.0 Truro
Tuckahoe,Week2,McLean,Week3,228.0 Tuckahoe - 174.0 McLean
Vienna Aquatic,Week2,Broyhill Crest,Week1,390.0 Vienna Aquatic - 12.0 Broyhill Crest
Vienna Aquatic,Week5,Brookfield ,Week4,312.0 Vienna Aquatic - 90.0 Brookfield
Tuckahoe,Week3,Dowden Terrace,Week3,338.0 Tuckahoe - 64.0 Dowden Terrace
Truro,Week5,Great Falls,Week3,250.0 Great Falls - 147.0 Truro
Tuckahoe,Week3,Dunn Loring,Week1,312.0 Tuckahoe - 90.0 Dunn Loring
Tuckahoe,Week5,Hunt Valley,Week5,289.0 Tuckahoe - 113.0 Hunt Valley
Vienna Aquatic,Week5,Brookfield ,Week2,317.0 Vienna Aquatic - 85.0 Brookfield
Tuckahoe,Week2,Mosby Woods,Week3,293.5 Tuckahoe - 108.5 Mosby Woods
Tuckahoe,Week2,Highland Park,Week5,320.0 Tuckahoe - 82.0 Highland Park
Tuckahoe,Week5,Highland Park,Week3,337.0 Tuckahoe - 65.0 Highland Park
Tuckahoe,Week5,Hunt Valley,Week3,289.5 Tuckahoe - 112.5 Hunt Valley
Tuckahoe,Week1,Hunter Mill,Week2,292.0 Tuckahoe - 110.0 Hunter Mill
Tuckahoe,Week3,Somerset-Olde Creek,Week5,365.0 Tuckahoe - 36.0 Somerset-Olde Creek
Tuckahoe,Week3,McLean,Week2,235.0 Tuckahoe - 167.0 McLean
Tuckahoe,Week3,McLean,Week3,239.5 Tuckahoe - 162.5 McLean
Truro,Week4,Great Falls,Week4,226.0 Great Falls - 174.0 Truro
Truro,Week5,Great Falls,Week4,229.0 Great Falls - 163.0 Truro
Tuckahoe,Week4,Hunt Valley,Week5,292.0 Tuckahoe - 110.0 Hunt Valley
Tuckahoe,Week4,McLean,Week2,234.0 Tuckahoe - 168.0 McLean
Truro,Week4,Great Falls,Week3,242.0 Great Falls - 160.0 Truro
Tuckahoe,Week2,Hunter Mill,Week2,302.0 Tuckahoe - 100.0 Hunter Mill
Tuckahoe,Week3,Dunn Loring,Week4,307.0 Tuckahoe - 95.0 Dunn Loring
Tuckahoe,Week2,McLean,Week4,233.5 Tuckahoe - 168.5 McLean
Vienna Aquatic,Week2,Broyhill Crest,Week2,396.0 Vienna Aquatic - 6.0 Broyhill Crest
Tuckahoe,Week1,Highlands Swim,Week1,230.0 Tuckahoe - 172.0 Highlands Swim
Tuckahoe,Week4,Somerset-Olde Creek,Week5,372.0 Tuckahoe - 30.0 Somerset-Olde Creek
Vienna Aquatic,Week2,Broyhill Crest,Week4,389.0 Vienna Aquatic - 13.0 Broyhill Crest
Tuckahoe,Week1,Hunter Mill,Week5,268.0 Tuckahoe - 134.0 Hunter Mill
Tuckahoe,Week5,Somerset-Olde Creek,Week5,375.0 Tuckahoe - 27.0 Somerset-Olde Creek
Tuckahoe,Week4,McLean,Week1,256.0 Tuckahoe - 146.0 McLean
Tuckahoe,Week5,Somerset-Olde Creek,Week1,375.0 Tuckahoe - 27.0 Somerset-Olde Creek
Tuckahoe,Week4,Highland Park,Week5,331.0 Tuckahoe - 71.0 Highland Park
Tuckahoe,Week3,Highland Park,Week3,344.0 Tuckahoe - 58.0 Highland Park
Vienna Aquatic,Week4,Brookfield ,Week1,286.0 Vienna Aquatic - 116.0 Brookfield
Tuckahoe,Week4,Dunn Loring,Week2,289.0 Tuckahoe - 113.0 Dunn Loring
Tuckahoe,Week3,Dunn Loring,Week5,302.0 Tuckahoe - 100.0 Dunn Loring
Tuckahoe,Week4,Dunn Loring,Week1,309.0 Tuckahoe - 93.0 Dunn Loring
Tuckahoe,Week2,Highland Park,Week2,319.0 Tuckahoe - 83.0 Highland Park
Tuckahoe,Week3,Hunter Mill,Week5,313.0 Tuckahoe - 89.0 Hunter Mill
Tuckahoe,Week4,Somerset-Olde Creek,Week3,377.0 Tuckahoe - 25.0 Somerset-Olde Creek
Tuckahoe,Week2,Hunter Mill,Week4,285.0 Tuckahoe - 117.0 Hunter Mill
Tuckahoe,Week4,Hunter Mill,Week2,316.0 Tuckahoe - 86.0 Hunter Mill
Tuckahoe,Week3,McLean,Week1,270.0 Tuckahoe - 132.0 McLean
Tuckahoe,Week1,McLean,Week5,210.0 Tuckahoe - 192.0 McLean
Tuckahoe,Week1,South Run,Week1,303.0 Tuckahoe - 90.0 South Run
Tuckahoe,Week4,McLean,Week4,243.5 Tuckahoe - 158.5 McLean
Tuckahoe,Week4,Highland Park,Week4,323.0 Tuckahoe - 79.0 Highland Park
Tuckahoe,Week4,Dunn Loring,Week5,301.0 Tuckahoe - 101.0 Dunn Loring
Tuckahoe,Week5,Highland Park,Week4,325.0 Tuckahoe - 77.0 Highland Park
Tuckahoe,Week1,South Run,Week3,329.5 Tuckahoe - 72.5 South Run
Tuckahoe,Week5,Highland Park,Week1,314.0 Tuckahoe - 88.0 Highland Park
Tuckahoe,Week3,Highland Park,Week2,337.0 Tuckahoe - 65.0 Highland Park
Vienna Aquatic,Week3,Burke Station,Week1,300.0 Vienna Aquatic - 79.0 Burke Station
Vienna Aquatic,Week5,Broyhill Crest,Week3,392.0 Vienna Aquatic - 9.0 Broyhill Crest
Tuckahoe,Week2,South Run,Week2,328.0 Tuckahoe - 74.0 South Run
Tuckahoe,Week5,Hunter Mill,Week2,311.0 Tuckahoe - 91.0 Hunter Mill
Tuckahoe,Week4,Dunn Loring,Week4,306.0 Tuckahoe - 96.0 Dunn Loring
Truro,Week2,Greenbriar,Week1,288.0 Greenbriar - 114.0 Truro
Tuckahoe,Week4,Hunter Mill,Week5,311.0 Tuckahoe - 91.0 Hunter Mill
Tuckahoe,Week2,Fair Oaks ,Week2,338.0 Tuckahoe - 64.0 Fair Oaks
Truro,Week4,Fair Oaks ,Week5,286.0 Fair Oaks - 116.0 Truro
Tuckahoe,Week5,McLean,Week1,253.0 Tuckahoe - 149.0 McLean
Vienna Aquatic,Week5,Broyhill Crest,Week4,388.0 Vienna Aquatic - 12.0 Broyhill Crest
Tuckahoe,Week4,McLean,Week5,246.5 Tuckahoe - 155.5 McLean
Truro,Week1,Greenbriar,Week5,258.0 Greenbriar - 144.0 Truro
Vienna Aquatic,Week3,Broyhill Crest,Week5,386.5 Vienna Aquatic - 15.5 Broyhill Crest
Tuckahoe,Week1,Fair Oaks ,Week3,306.0 Tuckahoe - 96.0 Fair Oaks
Tuckahoe,Week5,Fair Oaks ,Week5,313.0 Tuckahoe - 89.0 Fair Oaks
Tuckahoe,Week2,Highland Park,Week1,313.0 Tuckahoe - 89.0 Highland Park
Tuckahoe,Week5,Highlands Swim,Week2,247.0 Tuckahoe - 155.0 Highlands Swim
Tuckahoe,Week4,Hunter Mill,Week3,315.0 Tuckahoe - 87.0 Hunter Mill
Tuckahoe,Week2,South Run,Week3,334.0 Tuckahoe - 68.0 South Run
Truro,Week2,Sleepy Hollow B & R,Week3,296.0 Sleepy Hollow B & R - 106.0 Truro
Tuckahoe,Week4,South Run,Week3,346.0 Tuckahoe - 56.0 South Run
Tuckahoe,Week1,Ilda Community,Week3,370.0 Tuckahoe - 32.0 Ilda Community
Truro,Week1,Sleepy Hollow B & R,Week4,291.0 Sleepy Hollow B & R - 111.0 Truro
Truro,Week2,Sleepy Hollow B & R,Week1,288.0 Sleepy Hollow B & R - 114.0 Truro
Tuckahoe,Week2,Highland Park,Week3,333.0 Tuckahoe - 69.0 Highland Park
Tuckahoe,Week2,McLean,Week2,222.5 Tuckahoe - 179.5 McLean
Tuckahoe,Week4,Fair Oaks ,Week2,346.0 Tuckahoe - 56.0 Fair Oaks
Truro,Week4,Fair Oaks ,Week4,251.5 Fair Oaks - 150.5 Truro
Tuckahoe,Week5,Fair Oaks ,Week1,323.0 Tuckahoe - 79.0 Fair Oaks
Tuckahoe,Week5,Highlands Swim,Week4,262.0 Tuckahoe - 140.0 Highlands Swim
Tuckahoe,Week5,McLean,Week4,234.0 Tuckahoe - 168.0 McLean
Tuckahoe,Week5,McLean,Week2,227.0 Tuckahoe - 175.0 McLean
Tuckahoe,Week5,Dunn Loring,Week5,289.0 Tuckahoe - 113.0 Dunn Loring
Tuckahoe,Week3,Hunter Mill,Week1,321.0 Tuckahoe - 81.0 Hunter Mill
Vienna Aquatic,Week1,Burke Station,Week3,322.0 Vienna Aquatic - 75.0 Burke Station
Tuckahoe,Week3,Hunter Mill,Week4,310.0 Tuckahoe - 92.0 Hunter Mill
Tuckahoe,Week1,Hollin Hills,Week1,364.0 Tuckahoe - 38.0 Hollin Hills
Tuckahoe,Week4,South Run,Week5,326.5 Tuckahoe - 75.5 South Run
Vienna Aquatic,Week5,Broyhill Crest,Week2,393.0 Vienna Aquatic - 7.0 Broyhill Crest
Vienna Aquatic,Week4,Broyhill Crest,Week2,391.0 Vienna Aquatic - 10.0 Broyhill Crest
Tuckahoe,Week3,Fair Oaks ,Week4,344.5 Tuckahoe - 57.5 Fair Oaks
Tuckahoe,Week1,Mosby Woods,Week1,265.0 Tuckahoe - 137.0 Mosby Woods
Tuckahoe,Week3,Highlands Swim,Week5,268.0 Tuckahoe - 134.0 Highlands Swim
Vienna Aquatic,Week1,Burke Station,Week4,332.0 Vienna Aquatic - 70.0 Burke Station
Truro,Week5,Sleepy Hollow B & R,Week5,302.0 Sleepy Hollow B & R - 100.0 Truro
Truro,Week1,Sleepy Hollow B & R,Week3,290.0 Sleepy Hollow B & R - 112.0 Truro
Tuckahoe,Week3,Highland Park,Week4,330.0 Tuckahoe - 72.0 Highland Park
Tuckahoe,Week1,Ilda Community,Week4,367.0 Tuckahoe - 35.0 Ilda Community
Tuckahoe,Week1,Fairfax,Week4,272.0 Tuckahoe - 130.0 Fairfax
Truro,Week4,Sleepy Hollow B & R,Week1,266.0 Sleepy Hollow B & R - 136.0 Truro
Tuckahoe,Week4,South Run,Week4,341.0 Tuckahoe - 61.0 South Run
Tuckahoe,Week4,Fair Oaks ,Week4,341.0 Tuckahoe - 61.0 Fair Oaks
Vienna Aquatic,Week4,Broyhill Crest,Week1,389.0 Vienna Aquatic - 11.0 Broyhill Crest
Tuckahoe,Week4,South Run,Week1,322.0 Tuckahoe - 71.0 South Run
Vienna Aquatic,Week5,Broyhill Crest,Week1,389.0 Vienna Aquatic - 8.0 Broyhill Crest
Tuckahoe,Week2,Ilda Community,Week1,373.0 Tuckahoe - 29.0 Ilda Community
Vienna Aquatic,Week2,Broyhill Crest,Week5,381.0 Vienna Aquatic - 21.0 Broyhill Crest
Tuckahoe,Week5,McLean,Week3,226.0 Tuckahoe - 176.0 McLean
Tuckahoe,Week2,Springboard,Week5,373.0 Tuckahoe - 28.0 Springboard
Tuckahoe,Week2,McLean,Week1,263.0 Tuckahoe - 139.0 McLean
Tuckahoe,Week3,McLean,Week5,241.0 Tuckahoe - 161.0 McLean
Tuckahoe,Week3,South Run,Week2,342.0 Tuckahoe - 60.0 South Run
Tuckahoe,Week1,Ilda Community,Week2,371.0 Tuckahoe - 31.0 Ilda Community
Tuckahoe,Week5,Dunn Loring,Week1,300.0 Tuckahoe - 102.0 Dunn Loring
Truro,Week2,Sleepy Hollow B & R,Week4,303.0 Sleepy Hollow B & R - 98.0 Truro
Truro,Week2,Sleepy Hollow B & R,Week5,320.0 Sleepy Hollow B & R - 82.0 Truro
Tuckahoe,Week1,Highlands Swim,Week4,228.0 Tuckahoe - 174.0 Highlands Swim
Tuckahoe,Week1,Ilda Community,Week1,365.0 Tuckahoe - 37.0 Ilda Community
Tuckahoe,Week2,Fairfax,Week1,276.0 Tuckahoe - 126.0 Fairfax
Vienna Aquatic,Week2,Burke Station,Week3,317.0 Vienna Aquatic - 80.0 Burke Station
Tuckahoe,Week5,Hunter Mill,Week4,289.0 Tuckahoe - 113.0 Hunter Mill
Tuckahoe,Week1,Mosby Woods,Week2,258.0 Tuckahoe - 144.0 Mosby Woods
Tuckahoe,Week1,Fair Oaks ,Week2,337.0 Tuckahoe - 65.0 Fair Oaks
Tuckahoe,Week1,Springboard,Week4,369.0 Tuckahoe - 33.0 Springboard
Tuckahoe,Week5,McLean,Week5,229.5 Tuckahoe - 172.5 McLean
Tuckahoe,Week5,South Run,Week3,336.0 Tuckahoe - 66.0 South Run
Vienna Aquatic,Week1,Burke Station,Week1,293.0 Vienna Aquatic - 86.0 Burke Station
Tuckahoe,Week1,Springboard,Week5,366.0 Tuckahoe - 36.0 Springboard
Truro,Week3,Sleepy Hollow B & R,Week4,309.0 Sleepy Hollow B & R - 93.0 Truro
Tuckahoe,Week4,Hunter Mill,Week1,314.0 Tuckahoe - 88.0 Hunter Mill
Vienna Aquatic,Week4,Broyhill Crest,Week4,388.0 Vienna Aquatic - 13.0 Broyhill Crest
Tuckahoe,Week1,Highland Park,Week5,316.0 Tuckahoe - 86.0 Highland Park
Tuckahoe,Week1,Mosby Woods,Week3,281.0 Tuckahoe - 121.0 Mosby Woods
Tuckahoe,Week2,Highlands Swim,Week3,243.0 Tuckahoe - 159.0 Highlands Swim
Tuckahoe,Week2,Highlands Swim,Week5,244.0 Tuckahoe - 158.0 Highlands Swim
Vienna Aquatic,Week3,Broyhill Crest,Week3,393.0 Vienna Aquatic - 9.0 Broyhill Crest
Vienna Aquatic,Week1,Burke Station,Week2,332.0 Vienna Aquatic - 70.0 Burke Station
Tuckahoe,Week5,Dunn Loring,Week3,274.5 Tuckahoe - 127.5 Dunn Loring
Tuckahoe,Week1,Springboard,Week3,372.0 Tuckahoe - 30.0 Springboard
Tuckahoe,Week2,Fair Oaks ,Week1,316.0 Tuckahoe - 86.0 Fair Oaks
Tuckahoe,Week1,Springboard,Week1,373.0 Tuckahoe - 29.0 Springboard
Tuckahoe,Week4,Highlands Swim,Week1,279.0 Tuckahoe - 123.0 Highlands Swim
Tuckahoe,Week5,Hunter Mill,Week5,288.0 Tuckahoe - 114.0 Hunter Mill
Tuckahoe,Week1,Springboard,Week2,378.0 Tuckahoe - 24.0 Springboard
Truro,Week3,Sleepy Hollow B & R,Week5,309.5 Sleepy Hollow B & R - 92.5 Truro
Tuckahoe,Week3,Hunter Mill,Week2,327.0 Tuckahoe - 75.0 Hunter Mill
Tuckahoe,Week5,Hunter Mill,Week1,299.0 Tuckahoe - 103.0 Hunter Mill
Tuckahoe,Week1,Mount Vernon Park,Week2,301.0 Tuckahoe - 101.0 Mount Vernon Park
Tuckahoe,Week3,Mosby Woods,Week2,304.5 Tuckahoe - 97.5 Mosby Woods
Tuckahoe,Week5,Highlands Swim,Week1,258.0 Tuckahoe - 144.0 Highlands Swim
Tuckahoe,Week2,Highlands Swim,Week1,252.5 Tuckahoe - 149.5 Highlands Swim
Tuckahoe,Week1,Fair Oaks ,Week5,308.0 Tuckahoe - 94.0 Fair Oaks
Vienna Aquatic,Week5,Broyhill Crest,Week5,389.0 Vienna Aquatic - 12.0 Broyhill Crest
Truro,Week4,Sleepy Hollow B & R,Week4,302.0 Sleepy Hollow B & R - 100.0 Truro
Vienna Aquatic,Week4,Broyhill Crest,Week3,391.0 Vienna Aquatic - 10.0 Broyhill Crest
Tuckahoe,Week5,South Run,Week1,316.0 Tuckahoe - 77.0 South Run
Tuckahoe,Week3,Fair Oaks ,Week1,332.0 Tuckahoe - 70.0 Fair Oaks
Truro,Week1,Sleepy Hollow B & R,Week5,305.0 Sleepy Hollow B & R - 97.0 Truro
Tuckahoe,Week2,Ilda Community,Week4,373.0 Tuckahoe - 29.0 Ilda Community
Tuckahoe,Week2,Mosby Woods,Week2,283.0 Tuckahoe - 119.0 Mosby Woods
Truro,Week5,Sleepy Hollow B & R,Week1,272.0 Sleepy Hollow B & R - 130.0 Truro
Tuckahoe,Week1,Mosby Woods,Week5,270.5 Tuckahoe - 131.5 Mosby Woods
Truro,Week4,Sleepy Hollow B & R,Week2,284.0 Sleepy Hollow B & R - 118.0 Truro
Tuckahoe,Week1,Springfield,Week4,391.0 Tuckahoe - 10.0 Springfield
Tuckahoe,Week3,Mount Vernon Park,Week3,315.0 Tuckahoe - 87.0 Mount Vernon Park
Tuckahoe,Week2,Fair Oaks ,Week3,312.0 Tuckahoe - 90.0 Fair Oaks
Tuckahoe,Week1,Ilda Community,Week5,375.0 Tuckahoe - 27.0 Ilda Community
Tuckahoe,Week4,Mosby Woods,Week3,320.0 Tuckahoe - 82.0 Mosby Woods
Tuckahoe,Week4,Hunter Mill,Week4,306.0 Tuckahoe - 96.0 Hunter Mill
Tuckahoe,Week3,Springboard,Week1,377.0 Tuckahoe - 25.0 Springboard
Truro,Week1,Sleepy Hollow B & R,Week2,291.0 Sleepy Hollow B & R - 111.0 Truro
Vienna Aquatic,Week2,Burke Station,Week4,331.0 Vienna Aquatic - 71.0 Burke Station
Tuckahoe,Week2,Highlands Swim,Week2,241.0 Tuckahoe - 161.0 Highlands Swim
Vienna Aquatic,Week1,Burke Station,Week5,310.0 Vienna Aquatic - 92.0 Burke Station
Tuckahoe,Week2,Ilda Community,Week5,379.0 Tuckahoe - 23.0 Ilda Community
Tuckahoe,Week1,Mount Vernon Park,Week5,273.0 Tuckahoe - 129.0 Mount Vernon Park
Tuckahoe,Week3,Springboard,Week3,376.5 Tuckahoe - 25.5 Springboard
Tuckahoe,Week5,South Run,Week2,331.0 Tuckahoe - 71.0 South Run
Tuckahoe,Week2,Highlands Swim,Week4,252.0 Tuckahoe - 150.0 Highlands Swim
Tuckahoe,Week5,Fair Oaks ,Week3,317.5 Tuckahoe - 84.5 Fair Oaks
Vienna Aquatic,Week2,Burke Station,Week1,284.0 Vienna Aquatic - 95.0 Burke Station
Vienna Aquatic,Week4,Broyhill Crest,Week5,383.0 Vienna Aquatic - 19.0 Broyhill Crest
Truro,Week3,Sleepy Hollow B & R,Week2,296.0 Sleepy Hollow B & R - 105.0 Truro
Tuckahoe,Week3,Fair Oaks ,Week3,331.0 Tuckahoe - 71.0 Fair Oaks
Tuckahoe,Week5,Hunter Mill,Week3,303.0 Tuckahoe - 99.0 Hunter Mill
Tuckahoe,Week4,Highlands Swim,Week2,266.0 Tuckahoe - 136.0 Highlands Swim
Tuckahoe,Week2,Springboard,Week3,383.0 Tuckahoe - 18.0 Springboard
Tuckahoe,Week4,Fair Oaks ,Week3,323.0 Tuckahoe - 79.0 Fair Oaks
Truro,Week3,Sleepy Hollow B & R,Week1,272.0 Sleepy Hollow B & R - 129.0 Truro
Tuckahoe,Week3,Hunter Mill,Week3,328.0 Tuckahoe - 74.0 Hunter Mill
Truro,Week2,Sleepy Hollow B & R,Week2,304.0 Sleepy Hollow B & R - 98.0 Truro
Tuckahoe,Week5,South Run,Week5,314.0 Tuckahoe - 88.0 South Run
Truro,Week5,Sideburn Run,Week4,263.0 Sideburn Run - 139.0 Truro
Vienna Aquatic,Week3,Broyhill Crest,Week4,390.0 Vienna Aquatic - 12.0 Broyhill Crest
Vienna Aquatic,Week2,Burke Station,Week5,308.0 Vienna Aquatic - 94.0 Burke Station
Tuckahoe,Week3,Highlands Swim,Week4,284.0 Tuckahoe - 118.0 Highlands Swim
Truro,Week4,Sleepy Hollow B & R,Week3,280.0 Sleepy Hollow B & R - 122.0 Truro
Tuckahoe,Week2,Springboard,Week2,386.0 Tuckahoe - 15.0 Springboard
Tuckahoe,Week2,Ilda Community,Week3,377.0 Tuckahoe - 25.0 Ilda Community
Tuckahoe,Week4,Mosby Woods,Week1,301.0 Tuckahoe - 101.0 Mosby Woods
Tuckahoe,Week5,Mosby Woods,Week3,304.5 Tuckahoe - 97.5 Mosby Woods
Tuckahoe,Week5,Dunn Loring,Week2,277.0 Tuckahoe - 125.0 Dunn Loring
Tuckahoe,Week4,Highlands Swim,Week5,255.0 Tuckahoe - 147.0 Highlands Swim
Tuckahoe,Week5,Fair Oaks ,Week4,327.0 Tuckahoe - 75.0 Fair Oaks
Tuckahoe,Week1,Mount Vernon Park,Week4,301.0 Tuckahoe - 101.0 Mount Vernon Park
Tuckahoe,Week1,Fair Oaks ,Week1,317.5 Tuckahoe - 84.5 Fair Oaks
Tuckahoe,Week1,Mount Vernon Park,Week3,280.0 Tuckahoe - 122.0 Mount Vernon Park
Tuckahoe,Week3,Highlands Swim,Week2,270.0 Tuckahoe - 132.0 Highlands Swim
Tuckahoe,Week2,Springboard,Week4,382.0 Tuckahoe - 20.0 Springboard
Tuckahoe,Week2,Ilda Community,Week2,378.0 Tuckahoe - 24.0 Ilda Community
Vienna Aquatic,Week3,Broyhill Crest,Week2,399.0 Vienna Aquatic - 3.0 Broyhill Crest
Tuckahoe,Week1,Highlands Swim,Week3,230.0 Tuckahoe - 172.0 Highlands Swim
Tuckahoe,Week4,Springboard,Week2,391.0 Tuckahoe - 11.0 Springboard
Vienna Aquatic,Week2,Burke Station,Week2,333.0 Vienna Aquatic - 69.0 Burke Station
Vienna Aquatic,Week3,Broyhill Crest,Week1,393.0 Vienna Aquatic - 9.0 Broyhill Crest
Tuckahoe,Week3,Mount Vernon Park,Week2,328.5 Tuckahoe - 73.5 Mount Vernon Park
Tuckahoe,Week3,Fair Oaks ,Week5,335.0 Tuckahoe - 67.0 Fair Oaks
Tuckahoe,Week3,Springboard,Week2,384.0 Tuckahoe - 18.0 Springboard
Tuckahoe,Week4,Ilda Community,Week1,373.0 Tuckahoe - 28.0 Ilda Community
Tuckahoe,Week3,Fair Oaks ,Week2,345.0 Tuckahoe - 57.0 Fair Oaks
Truro,Week4,Sleepy Hollow B & R,Week5,307.0 Sleepy Hollow B & R - 95.0 Truro
Truro,Week5,Sleepy Hollow B & R,Week2,287.0 Sleepy Hollow B & R - 115.0 Truro
Tuckahoe,Week3,Highlands Swim,Week3,285.0 Tuckahoe - 117.0 Highlands Swim
Truro,Week3,Sleepy Hollow B & R,Week3,291.0 Sleepy Hollow B & R - 111.0 Truro
Tuckahoe,Week4,Mount Vernon Park,Week1,324.0 Tuckahoe - 78.0 Mount Vernon Park
Tuckahoe,Week3,Ilda Community,Week5,376.0 Tuckahoe - 26.0 Ilda Community
Truro,Week5,Sideburn Run,Week3,266.0 Sideburn Run - 136.0 Truro
Tuckahoe,Week3,Highlands Swim,Week1,280.0 Tuckahoe - 122.0 Highlands Swim
Tuckahoe,Week3,Kent Gardens,Week2,354.0 Tuckahoe - 48.0 Kent Gardens
Tuckahoe,Week1,Fair Oaks ,Week4,329.5 Tuckahoe - 72.5 Fair Oaks
Tuckahoe,Week1,Highlands Swim,Week5,232.0 Tuckahoe - 170.0 Highlands Swim
Tuckahoe,Week2,Springboard,Week1,385.0 Tuckahoe - 16.0 Springboard
Vienna Aquatic,Week3,Burke Station,Week4,332.0 Vienna Aquatic - 70.0 Burke Station
Tuckahoe,Week3,Mosby Woods,Week1,301.0 Tuckahoe - 101.0 Mosby Woods
Tuckahoe,Week4,Fair Oaks ,Week1,338.5 Tuckahoe - 63.5 Fair Oaks
Vienna Aquatic,Week5,Burke Station,Week1,303.0 Vienna Aquatic - 75.0 Burke Station
Tuckahoe,Week2,Mosby Woods,Week4,308.0 Tuckahoe - 94.0 Mosby Woods
Tuckahoe,Week3,Mount Vernon Park,Week1,334.0 Tuckahoe - 68.0 Mount Vernon Park
Tuckahoe,Week5,Ilda Community,Week3,373.0 Tuckahoe - 29.0 Ilda Community
Tuckahoe,Week4,Highlands Swim,Week4,276.0 Tuckahoe - 126.0 Highlands Swim
Tuckahoe,Week5,Dunn Loring,Week4,288.0 Tuckahoe - 114.0 Dunn Loring
Tuckahoe,Week3,Ilda Community,Week4,372.0 Tuckahoe - 30.0 Ilda Community
Tuckahoe,Week5,Ilda Community,Week1,370.0 Tuckahoe - 32.0 Ilda Community
Tuckahoe,Week2,Mount Vernon Park,Week3,289.0 Tuckahoe - 113.0 Mount Vernon Park
Truro,Week5,Sideburn Run,Week5,271.0 Sideburn Run - 131.0 Truro
Truro,Week5,Sleepy Hollow B & R,Week4,295.5 Sleepy Hollow B & R - 106.5 Truro
Vienna Aquatic,Week4,Burke Station,Week2,341.0 Vienna Aquatic - 61.0 Burke Station
Tuckahoe,Week4,Fair Oaks ,Week5,321.0 Tuckahoe - 81.0 Fair Oaks
Tuckahoe,Week5,Highlands Swim,Week3,258.0 Tuckahoe - 144.0 Highlands Swim
Vienna Aquatic,Week4,Burke Station,Week3,322.5 Vienna Aquatic - 73.5 Burke Station
Tuckahoe,Week4,Highlands Swim,Week3,282.0 Tuckahoe - 120.0 Highlands Swim
Tuckahoe,Week3,Springboard,Week4,379.0 Tuckahoe - 23.0 Springboard
Tuckahoe,Week4,Springboard,Week1,382.0 Tuckahoe - 20.0 Springboard
Truro,Week5,Sleepy Hollow B & R,Week3,287.0 Sleepy Hollow B & R - 115.0 Truro
Tuckahoe,Week2,Fair Oaks ,Week5,307.0 Tuckahoe - 95.0 Fair Oaks
Vienna Aquatic,Week4,Burke Station,Week1,301.0 Vienna Aquatic - 78.0 Burke Station
Tuckahoe,Week5,Highlands Swim,Week5,254.0 Tuckahoe - 148.0 Highlands Swim
Tuckahoe,Week4,Springboard,Week5,376.0 Tuckahoe - 26.0 Springboard
Tuckahoe,Week3,Springboard,Week5,374.0 Tuckahoe - 28.0 Springboard
Tuckahoe,Week4,Ilda Community,Week5,380.0 Tuckahoe - 21.0 Ilda Community
Truro,Week1,Sleepy Hollow B & R,Week1,279.0 Sleepy Hollow B & R - 123.0 Truro
Tuckahoe,Week2,Fair Oaks ,Week4,333.0 Tuckahoe - 69.0 Fair Oaks
Tuckahoe,Week2,Mount Vernon Park,Week5,276.0 Tuckahoe - 126.0 Mount Vernon Park
Vienna Aquatic,Week4,Burke Station,Week5,322.0 Vienna Aquatic - 75.0 Burke Station
Vienna Aquatic,Week1,Camelot,Week4,298.0 Vienna Aquatic - 104.0 Camelot
Vienna Aquatic,Week5,Burke Station,Week4,341.0 Vienna Aquatic - 60.0 Burke Station
Tuckahoe,Week5,Fair Oaks ,Week2,333.0 Tuckahoe - 69.0 Fair Oaks
Tuckahoe,Week5,South Run,Week4,344.0 Tuckahoe - 58.0 South Run
Vienna Aquatic,Week1,Camelot,Week1,307.5 Vienna Aquatic - 94.5 Camelot
Truro,Week4,Sleepy Hollow Rec,Week3,215.0 Truro - 187.0 Sleepy Hollow Rec
Tuckahoe,Week5,Ilda Community,Week4,368.0 Tuckahoe - 34.0 Ilda Community
Tuckahoe,Week3,Hollin Hills,Week1,373.0 Tuckahoe - 29.0 Hollin Hills
Tuckahoe,Week5,Springboard,Week2,387.0 Tuckahoe - 15.0 Springboard
Tuckahoe,Week3,Ilda Community,Week3,376.0 Tuckahoe - 26.0 Ilda Community
Truro,Week1,Somerset-Olde Creek,Week1,266.0 Truro - 133.0 Somerset-Olde Creek
Vienna Aquatic,Week3,Burke Station,Week5,315.0 Vienna Aquatic - 87.0 Burke Station
Tuckahoe,Week2,Mosby Woods,Week5,283.0 Tuckahoe - 119.0 Mosby Woods
Truro,Week2,Somerset-Olde Creek,Week2,276.0 Truro - 111.0 Somerset-Olde Creek
Tuckahoe,Week1,Fairfax,Week1,270.0 Tuckahoe - 132.0 Fairfax
Tuckahoe,Week3,Mosby Woods,Week5,302.0 Tuckahoe - 100.0 Mosby Woods
Tuckahoe,Week1,Hollin Hills,Week2,362.0 Tuckahoe - 40.0 Hollin Hills
Tuckahoe,Week4,Springboard,Week4,385.0 Tuckahoe - 17.0 Springboard
Vienna Aquatic,Week5,Burke Station,Week5,333.0 Vienna Aquatic - 69.0 Burke Station
Tuckahoe,Week1,Fairfax,Week5,248.0 Tuckahoe - 154.0 Fairfax
Tuckahoe,Week4,Mosby Woods,Week5,300.0 Tuckahoe - 102.0 Mosby Woods
Truro,Week1,Somerset-Olde Creek,Week2,294.0 Truro - 106.0 Somerset-Olde Creek
Tuckahoe,Week1,Fairfax,Week2,256.0 Tuckahoe - 146.0 Fairfax
Tuckahoe,Week2,Hollin Hills,Week5,364.0 Tuckahoe - 38.0 Hollin Hills
Tuckahoe,Week2,Hollin Hills,Week2,370.0 Tuckahoe - 32.0 Hollin Hills
Tuckahoe,Week5,Springboard,Week3,383.0 Tuckahoe - 19.0 Springboard
Tuckahoe,Week1,Fairfax,Week3,245.5 Tuckahoe - 156.5 Fairfax
Truro,Week5,Sleepy Hollow Rec,Week5,204.0 Truro - 197.0 Sleepy Hollow Rec
Tuckahoe,Week5,Springboard,Week1,375.0 Tuckahoe - 27.0 Springboard
Tuckahoe,Week4,Mosby Woods,Week2,309.0 Tuckahoe - 93.0 Mosby Woods
Tuckahoe,Week4,Ilda Community,Week3,375.0 Tuckahoe - 27.0 Ilda Community
Vienna Aquatic,Week3,Burke Station,Week3,317.0 Vienna Aquatic - 80.0 Burke Station
Tuckahoe,Week3,Ilda Community,Week1,369.0 Tuckahoe - 33.0 Ilda Community
Tuckahoe,Week5,Mosby Woods,Week2,294.0 Tuckahoe - 108.0 Mosby Woods
Tuckahoe,Week2,Kent Gardens,Week3,340.5 Tuckahoe - 61.5 Kent Gardens
Vienna Aquatic,Week1,Camelot,Week2,301.0 Vienna Aquatic - 101.0 Camelot
Truro,Week3,Sleepy Hollow Rec,Week4,210.0 Truro - 192.0 Sleepy Hollow Rec
Tuckahoe,Week4,Hollin Hills,Week3,379.0 Tuckahoe - 23.0 Hollin Hills
Tuckahoe,Week1,Kent Gardens,Week2,343.0 Tuckahoe - 59.0 Kent Gardens
Tuckahoe,Week2,Kent Gardens,Week1,341.0 Tuckahoe - 61.0 Kent Gardens
Truro,Week5,Sleepy Hollow Rec,Week1,220.0 Truro - 182.0 Sleepy Hollow Rec
Tuckahoe,Week4,Springboard,Week3,381.0 Tuckahoe - 21.0 Springboard
Tuckahoe,Week1,Fairfax Club Estates,Week4,351.0 Tuckahoe - 51.0 Fairfax Club Estates
Tuckahoe,Week4,Mosby Woods,Week4,327.0 Tuckahoe - 75.0 Mosby Woods
Tuckahoe,Week5,Springboard,Week4,382.0 Tuckahoe - 20.0 Springboard
Tuckahoe,Week5,Mosby Woods,Week1,295.0 Tuckahoe - 107.0 Mosby Woods
Tuckahoe,Week1,Hollin Hills,Week4,369.0 Tuckahoe - 33.0 Hollin Hills
Tuckahoe,Week1,Hollin Hills,Week3,362.0 Tuckahoe - 40.0 Hollin Hills
Vienna Aquatic,Week1,Camelot,Week5,306.0 Vienna Aquatic - 96.0 Camelot
Tuckahoe,Week2,Hollin Hills,Week3,371.0 Tuckahoe - 31.0 Hollin Hills
Tuckahoe,Week2,Fairfax,Week4,279.0 Tuckahoe - 123.0 Fairfax
Tuckahoe,Week3,Mosby Woods,Week3,317.0 Tuckahoe - 85.0 Mosby Woods
Truro,Week2,Sleepy Hollow Rec,Week2,214.0 Sleepy Hollow Rec - 187.0 Truro
Vienna Aquatic,Week2,Camelot,Week2,291.0 Vienna Aquatic - 111.0 Camelot
Tuckahoe,Week5,Mosby Woods,Week5,299.0 Tuckahoe - 103.0 Mosby Woods
Tuckahoe,Week1,Springfield,Week2,390.0 Tuckahoe - 11.0 Springfield
Vienna Aquatic,Week4,Burke Station,Week4,331.0 Vienna Aquatic - 71.0 Burke Station
Tuckahoe,Week5,Ilda Community,Week2,377.0 Tuckahoe - 25.0 Ilda Community
Truro,Week3,Sleepy Hollow Rec,Week5,204.5 Sleepy Hollow Rec - 197.5 Truro
Tuckahoe,Week2,Fairfax,Week5,255.0 Tuckahoe - 147.0 Fairfax
Tuckahoe,Week5,Mosby Woods,Week4,333.0 Tuckahoe - 69.0 Mosby Woods
Tuckahoe,Week5,Springboard,Week5,373.0 Tuckahoe - 29.0 Springboard
Tuckahoe,Week2,Fairfax,Week3,248.0 Tuckahoe - 154.0 Fairfax
Tuckahoe,Week2,Hollin Hills,Week1,371.0 Tuckahoe - 31.0 Hollin Hills
Tuckahoe,Week4,Ilda Community,Week4,373.0 Tuckahoe - 29.0 Ilda Community
Tuckahoe,Week4,Ilda Community,Week2,377.0 Tuckahoe - 25.0 Ilda Community
Tuckahoe,Week1,Springfield,Week1,397.0 Tuckahoe - 4.0 Springfield
Truro,Week1,Sleepy Hollow Rec,Week3,205.0 Truro - 197.0 Sleepy Hollow Rec
Tuckahoe,Week4,Fairfax,Week3,294.0 Tuckahoe - 108.0 Fairfax
Tuckahoe,Week1,Hollin Hills,Week5,353.5 Tuckahoe - 48.5 Hollin Hills
Tuckahoe,Week3,Springfield,Week2,390.0 Tuckahoe - 6.0 Springfield
Tuckahoe,Week2,Springfield,Week5,396.0 Tuckahoe - 6.0 Springfield
Tuckahoe,Week3,Hollin Hills,Week4,375.0 Tuckahoe - 26.0 Hollin Hills
Truro,Week1,Sleepy Hollow Rec,Week5,205.0 Truro - 197.0 Sleepy Hollow Rec
Tuckahoe,Week2,Hollin Hills,Week4,375.0 Tuckahoe - 27.0 Hollin Hills
Vienna Aquatic,Week5,Burke Station,Week2,339.0 Vienna Aquatic - 61.0 Burke Station
Tuckahoe,Week3,Mosby Woods,Week4,323.0 Tuckahoe - 79.0 Mosby Woods
Tuckahoe,Week1,Mount Vernon Park,Week1,290.0 Tuckahoe - 112.0 Mount Vernon Park
Tuckahoe,Week1,Kent Gardens,Week1,324.0 Tuckahoe - 78.0 Kent Gardens
Tuckahoe,Week5,Fairfax,Week4,294.0 Tuckahoe - 108.0 Fairfax
Tuckahoe,Week3,Hollin Hills,Week2,372.0 Tuckahoe - 23.0 Hollin Hills
Vienna Aquatic,Week2,Camelot,Week1,307.0 Vienna Aquatic - 95.0 Camelot
Tuckahoe,Week1,Kent Gardens,Week5,303.0 Tuckahoe - 99.0 Kent Gardens
Tuckahoe,Week2,Mount Vernon Park,Week4,303.0 Tuckahoe - 99.0 Mount Vernon Park
Tuckahoe,Week1,Springfield,Week3,395.0 Tuckahoe - 5.0 Springfield
Truro,Week4,Sleepy Hollow Rec,Week5,220.0 Truro - 181.0 Sleepy Hollow Rec
Tuckahoe,Week2,Springfield,Week3,398.0 Tuckahoe - 3.0 Springfield
Tuckahoe,Week3,Hollin Hills,Week3,377.0 Tuckahoe - 25.0 Hollin Hills
Truro,Week5,Sleepy Hollow Rec,Week2,220.0 Truro - 181.0 Sleepy Hollow Rec
Vienna Aquatic,Week5,Burke Station,Week3,327.0 Vienna Aquatic - 69.0 Burke Station
Vienna Aquatic,Week1,Camelot,Week3,302.0 Vienna Aquatic - 100.0 Camelot
Tuckahoe,Week2,Kent Gardens,Week2,347.0 Tuckahoe - 55.0 Kent Gardens
Tuckahoe,Week5,Fairfax,Week5,280.0 Tuckahoe - 122.0 Fairfax
Tuckahoe,Week2,Mount Vernon Park,Week2,301.5 Tuckahoe - 100.5 Mount Vernon Park
Tuckahoe,Week3,Hollin Hills,Week5,372.0 Tuckahoe - 29.0 Hollin Hills
Truro,Week2,Sleepy Hollow Rec,Week4,206.0 Truro - 196.0 Sleepy Hollow Rec
Tuckahoe,Week5,Fairfax,Week2,275.0 Tuckahoe - 127.0 Fairfax
Tuckahoe,Week1,Kent Gardens,Week4,328.0 Tuckahoe - 74.0 Kent Gardens
Tuckahoe,Week2,Mount Vernon Park,Week1,295.0 Tuckahoe - 107.0 Mount Vernon Park
Tuckahoe,Week3,Fairfax,Week2,287.0 Tuckahoe - 115.0 Fairfax
Tuckahoe,Week4,Springfield,Week5,396.0 Tuckahoe - 6.0 Springfield
Truro,Week2,Sleepy Hollow Rec,Week1,201.0 Truro - 200.0 Sleepy Hollow Rec
Tuckahoe,Week3,Springfield,Week5,391.0 Tuckahoe - 6.0 Springfield
Tuckahoe,Week5,Kent Gardens,Week5,322.5 Tuckahoe - 79.5 Kent Gardens
Vienna Aquatic,Week2,Camelot,Week3,298.0 Vienna Aquatic - 104.0 Camelot
Tuckahoe,Week1,Newington Forest,Week4,356.0 Tuckahoe - 46.0 Newington Forest
Tuckahoe,Week4,Springfield,Week2,392.0 Tuckahoe - 10.0 Springfield
Truro,Week4,Sleepy Hollow Rec,Week1,235.0 Truro - 167.0 Sleepy Hollow Rec
Tuckahoe,Week2,Fairfax Club Estates,Week3,365.0 Tuckahoe - 37.0 Fairfax Club Estates
Tuckahoe,Week4,Hollin Hills,Week2,374.0 Tuckahoe - 27.0 Hollin Hills
Tuckahoe,Week1,Springfield,Week5,394.0 Tuckahoe - 6.0 Springfield
Tuckahoe,Week3,Ilda Community,Week2,380.0 Tuckahoe - 22.0 Ilda Community
Tuckahoe,Week4,Fairfax,Week2,290.0 Tuckahoe - 112.0 Fairfax
Tuckahoe,Week2,Newington Forest,Week5,352.0 Tuckahoe - 50.0 Newington Forest
Tuckahoe,Week5,Hollin Meadows,Week2,323.0 Tuckahoe - 79.0 Hollin Meadows
Tuckahoe,Week2,Fairfax Club Estates,Week1,361.0 Tuckahoe - 41.0 Fairfax Club Estates
Tuckahoe,Week2,Kent Gardens,Week4,332.0 Tuckahoe - 70.0 Kent Gardens
Tuckahoe,Week5,Hollin Hills,Week2,373.0 Tuckahoe - 29.0 Hollin Hills
Tuckahoe,Week1,Fairfax Club Estates,Week3,351.0 Tuckahoe - 51.0 Fairfax Club Estates
Tuckahoe,Week3,Kent Gardens,Week1,351.0 Tuckahoe - 51.0 Kent Gardens
Tuckahoe,Week3,Fairfax,Week4,309.0 Tuckahoe - 93.0 Fairfax
Tuckahoe,Week4,Hollin Hills,Week1,376.0 Tuckahoe - 25.0 Hollin Hills
Tuckahoe,Week1,Fairfax Club Estates,Week1,345.0 Tuckahoe - 57.0 Fairfax Club Estates
Tuckahoe,Week3,Mount Vernon Park,Week5,315.0 Tuckahoe - 87.0 Mount Vernon Park
Tuckahoe,Week3,Mount Vernon Park,Week4,328.0 Tuckahoe - 74.0 Mount Vernon Park
Truro,Week3,Sleepy Hollow Rec,Week1,211.0 Truro - 191.0 Sleepy Hollow Rec
Tuckahoe,Week4,Springfield,Week3,393.0 Tuckahoe - 9.0 Springfield
Vienna Aquatic,Week3,Burke Station,Week2,340.0 Vienna Aquatic - 62.0 Burke Station
Tuckahoe,Week3,Springfield,Week1,392.0 Tuckahoe - 5.0 Springfield
Tuckahoe,Week1,Fairfax Club Estates,Week2,355.0 Tuckahoe - 47.0 Fairfax Club Estates
Tuckahoe,Week3,Springfield,Week4,389.0 Tuckahoe - 13.0 Springfield
Tuckahoe,Week1,Kings Ridge ,Week1,357.0 Tuckahoe - 45.0 Kings Ridge
Tuckahoe,Week5,Ilda Community,Week5,376.0 Tuckahoe - 26.0 Ilda Community
Tuckahoe,Week4,Hollin Meadows,Week5,333.0 Tuckahoe - 69.0 Hollin Meadows
Tuckahoe,Week1,Kent Gardens,Week3,341.5 Tuckahoe - 60.5 Kent Gardens
Tuckahoe,Week3,Newington Forest,Week1,377.0 Tuckahoe - 25.0 Newington Forest
Truro,Week1,Sleepy Hollow Rec,Week2,223.0 Truro - 179.0 Sleepy Hollow Rec
Truro,Week1,Sleepy Hollow Rec,Week4,233.0 Truro - 169.0 Sleepy Hollow Rec
Tuckahoe,Week2,Fairfax Club Estates,Week2,366.5 Tuckahoe - 35.5 Fairfax Club Estates
Truro,Week2,Sleepy Hollow Rec,Week3,234.0 Sleepy Hollow Rec - 168.0 Truro
Tuckahoe,Week5,Hollin Hills,Week5,372.0 Tuckahoe - 30.0 Hollin Hills
Tuckahoe,Week4,Springfield,Week4,393.0 Tuckahoe - 9.0 Springfield
Truro,Week3,Sleepy Hollow Rec,Week3,211.5 Sleepy Hollow Rec - 190.5 Truro
Truro,Week4,Sleepy Hollow Rec,Week4,243.0 Truro - 159.0 Sleepy Hollow Rec
Tuckahoe,Week5,Hollin Hills,Week4,376.0 Tuckahoe - 26.0 Hollin Hills
Tuckahoe,Week4,Newington Forest,Week1,379.5 Tuckahoe - 22.5 Newington Forest
Tuckahoe,Week2,Kent Gardens,Week5,314.0 Tuckahoe - 88.0 Kent Gardens
Tuckahoe,Week4,Mount Vernon Park,Week4,334.0 Tuckahoe - 68.0 Mount Vernon Park
Tuckahoe,Week4,Mount Vernon Park,Week2,319.0 Tuckahoe - 83.0 Mount Vernon Park
Tuckahoe,Week5,Mount Vernon Park,Week1,315.0 Tuckahoe - 87.0 Mount Vernon Park
Truro,Week3,Sleepy Hollow Rec,Week2,204.0 Sleepy Hollow Rec - 198.0 Truro
Tuckahoe,Week4,Kings Ridge ,Week1,369.0 Tuckahoe - 33.0 Kings Ridge
Tuckahoe,Week5,Mount Vernon Park,Week3,314.0 Tuckahoe - 88.0 Mount Vernon Park
Tuckahoe,Week1,Hollin Meadows,Week4,309.0 Tuckahoe - 93.0 Hollin Meadows
Tuckahoe,Week2,Springfield,Week1,400.0 Tuckahoe - 2.0 Springfield
Truro,Week2,Sleepy Hollow Rec,Week5,213.0 Sleepy Hollow Rec - 188.0 Truro
Tuckahoe,Week2,Springfield,Week2,396.0 Tuckahoe - 6.0 Springfield
Tuckahoe,Week5,Mount Vernon Park,Week2,324.0 Tuckahoe - 78.0 Mount Vernon Park
Tuckahoe,Week3,Kings Ridge ,Week5,367.0 Tuckahoe - 35.0 Kings Ridge
Tuckahoe,Week4,Kings Ridge ,Week4,357.0 Tuckahoe - 45.0 Kings Ridge
Tuckahoe,Week2,Fairfax,Week2,254.0 Tuckahoe - 148.0 Fairfax
Tuckahoe,Week3,Hollin Meadows,Week2,335.0 Tuckahoe - 67.0 Hollin Meadows
Tuckahoe,Week4,Fairfax,Week5,274.0 Tuckahoe - 128.0 Fairfax
Tuckahoe,Week3,Fairfax,Week3,292.5 Tuckahoe - 109.5 Fairfax
Tuckahoe,Week2,Hollin Meadows,Week4,332.0 Tuckahoe - 70.0 Hollin Meadows
Truro,Week4,Sleepy Hollow Rec,Week2,225.0 Truro - 176.0 Sleepy Hollow Rec
Tuckahoe,Week4,Kent Gardens,Week5,336.0 Tuckahoe - 66.0 Kent Gardens
Tuckahoe,Week2,Hollin Meadows,Week3,324.0 Tuckahoe - 78.0 Hollin Meadows
Tuckahoe,Week3,Springfield,Week3,393.0 Tuckahoe - 3.0 Springfield
Tuckahoe,Week2,Springfield,Week4,397.0 Tuckahoe - 5.0 Springfield
Tuckahoe,Week5,Springfield,Week1,398.0 Tuckahoe - 2.0 Springfield
Truro,Week1,Somerset-Olde Creek,Week5,263.0 Truro - 137.0 Somerset-Olde Creek
Tuckahoe,Week3,Kent Gardens,Week4,349.0 Tuckahoe - 53.0 Kent Gardens
Truro,Week5,Sleepy Hollow Rec,Week4,225.0 Truro - 177.0 Sleepy Hollow Rec
Tuckahoe,Week1,Kings Ridge ,Week2,357.0 Tuckahoe - 45.0 Kings Ridge
Tuckahoe,Week2,Kings Ridge ,Week3,347.0 Tuckahoe - 55.0 Kings Ridge
Tuckahoe,Week5,Springfield,Week2,389.0 Tuckahoe - 11.0 Springfield
Tuckahoe,Week5,Mount Vernon Park,Week5,297.0 Tuckahoe - 105.0 Mount Vernon Park
Truro,Week4,Lakevale Estates,Week1,292.0 Lakevale Estates - 110.0 Truro
Tuckahoe,Week4,Fairfax,Week1,303.0 Tuckahoe - 99.0 Fairfax
Truro,Week1,Somerset-Olde Creek,Week3,288.0 Truro - 111.0 Somerset-Olde Creek
Tuckahoe,Week5,Fairfax,Week1,283.0 Tuckahoe - 119.0 Fairfax
Tuckahoe,Week2,Hollin Meadows,Week2,330.0 Tuckahoe - 72.0 Hollin Meadows
Truro,Week5,Sleepy Hollow Rec,Week3,202.0 Sleepy Hollow Rec - 200.0 Truro
Tuckahoe,Week3,Fairfax,Week1,304.5 Tuckahoe - 97.5 Fairfax
Tuckahoe,Week1,Newington Forest,Week2,365.0 Tuckahoe - 36.0 Newington Forest
Tuckahoe,Week5,Mount Vernon Park,Week4,324.0 Tuckahoe - 78.0 Mount Vernon Park
Truro,Week1,Somerset-Olde Creek,Week4,283.0 Truro - 117.0 Somerset-Olde Creek
Tuckahoe,Week4,Hollin Hills,Week4,376.0 Tuckahoe - 25.0 Hollin Hills
Tuckahoe,Week2,Hollin Meadows,Week5,327.0 Tuckahoe - 75.0 Hollin Meadows
Tuckahoe,Week4,Springfield,Week1,397.0 Tuckahoe - 5.0 Springfield
Tuckahoe,Week2,Fairfax Club Estates,Week4,357.0 Tuckahoe - 45.0 Fairfax Club Estates
Tuckahoe,Week4,Hollin Hills,Week5,371.0 Tuckahoe - 31.0 Hollin Hills
Tuckahoe,Week5,Hollin Hills,Week3,381.0 Tuckahoe - 21.0 Hollin Hills
Tuckahoe,Week2,Newington Forest,Week1,377.0 Tuckahoe - 24.0 Newington Forest
Tuckahoe,Week1,Newington Forest,Week3,357.0 Tuckahoe - 45.0 Newington Forest
Truro,Week1,Sleepy Hollow Rec,Week1,211.0 Truro - 191.0 Sleepy Hollow Rec
Tuckahoe,Week3,Kent Gardens,Week3,354.0 Tuckahoe - 48.0 Kent Gardens
Tuckahoe,Week3,Fairfax,Week5,289.0 Tuckahoe - 113.0 Fairfax
Tuckahoe,Week4,Kent Gardens,Week4,352.0 Tuckahoe - 50.0 Kent Gardens
Tuckahoe,Week1,Kings Ridge ,Week4,345.0 Tuckahoe - 57.0 Kings Ridge
Tuckahoe,Week1,Broyhill Crest,Week2,395.0 Tuckahoe - 7.0 Broyhill Crest
Truro,Week3,Somerset-Olde Creek,Week1,262.0 Truro - 139.0 Somerset-Olde Creek
Truro,Week2,Somerset-Olde Creek,Week5,218.0 Truro - 174.0 Somerset-Olde Creek
Tuckahoe,Week2,Hollin Meadows,Week1,299.0 Tuckahoe - 103.0 Hollin Meadows
Truro,Week1,Lakeview,Week4,219.0 Truro - 183.0 Lakeview
Tuckahoe,Week3,Newington Forest,Week2,373.5 Tuckahoe - 28.5 Newington Forest
Truro,Week4,Lakeview,Week4,233.0 Truro - 169.0 Lakeview
Tuckahoe,Week1,Kings Ridge ,Week3,344.0 Tuckahoe - 58.0 Kings Ridge
Tuckahoe,Week4,Mount Vernon Park,Week3,317.0 Tuckahoe - 85.0 Mount Vernon Park
Tuckahoe,Week5,Hollin Hills,Week1,376.0 Tuckahoe - 26.0 Hollin Hills
Tuckahoe,Week2,Newington Forest,Week2,371.0 Tuckahoe - 30.0 Newington Forest
Tuckahoe,Week1,Newington Forest,Week1,372.0 Tuckahoe - 30.0 Newington Forest
Tuckahoe,Week5,Kent Gardens,Week1,345.0 Tuckahoe - 57.0 Kent Gardens
Truro,Week2,Somerset-Olde Creek,Week4,245.0 Truro - 151.0 Somerset-Olde Creek
Truro,Week3,Lakeview,Week2,257.0 Truro - 145.0 Lakeview
Tuckahoe,Week3,Hollin Meadows,Week1,329.0 Tuckahoe - 73.0 Hollin Meadows
Truro,Week2,Somerset-Olde Creek,Week3,264.0 Truro - 123.0 Somerset-Olde Creek
Tuckahoe,Week5,Kent Gardens,Week2,355.0 Tuckahoe - 47.0 Kent Gardens
Tuckahoe,Week5,Fairfax,Week3,276.0 Tuckahoe - 126.0 Fairfax
Tuckahoe,Week5,Kent Gardens,Week3,350.0 Tuckahoe - 52.0 Kent Gardens
Tuckahoe,Week1,Fairfax Club Estates,Week5,354.0 Tuckahoe - 48.0 Fairfax Club Estates
Truro,Week4,Somerset-Olde Creek,Week2,297.0 Truro - 104.0 Somerset-Olde Creek
Tuckahoe,Week3,Broyhill Crest,Week1,392.0 Tuckahoe - 9.0 Broyhill Crest
Tuckahoe,Week4,Fairfax,Week4,311.0 Tuckahoe - 91.0 Fairfax
Truro,Week1,South Run,Week1,253.0 South Run - 139.0 Truro
Truro,Week1,Lakeview,Week2,267.0 Truro - 135.0 Lakeview
Tuckahoe,Week3,Newington Forest,Week3,368.0 Tuckahoe - 34.0 Newington Forest
Tuckahoe,Week3,Hollin Meadows,Week3,340.0 Tuckahoe - 62.0 Hollin Meadows
Tuckahoe,Week3,Broyhill Crest,Week5,393.0 Tuckahoe - 9.0 Broyhill Crest
Truro,Week2,Somerset-Olde Creek,Week1,251.0 Truro - 137.0 Somerset-Olde Creek
Truro,Week5,Lakevale Estates,Week3,300.0 Lakevale Estates - 97.0 Truro
Tuckahoe,Week1,Hollin Meadows,Week1,296.0 Tuckahoe - 106.0 Hollin Meadows
Tuckahoe,Week2,Broyhill Crest,Week5,395.0 Tuckahoe - 7.0 Broyhill Crest
Tuckahoe,Week1,Hollin Meadows,Week3,308.0 Tuckahoe - 94.0 Hollin Meadows
Truro,Week4,Lakevale Estates,Week5,315.0 Lakevale Estates - 87.0 Truro
Truro,Week3,Lakeview,Week5,221.0 Truro - 172.0 Lakeview
Tuckahoe,Week2,Newington Forest,Week4,361.0 Tuckahoe - 41.0 Newington Forest
Truro,Week1,South Run,Week5,266.0 South Run - 136.0 Truro
Tuckahoe,Week4,Broyhill Crest,Week5,397.0 Tuckahoe - 5.0 Broyhill Crest
Tuckahoe,Week5,Kent Gardens,Week4,346.0 Tuckahoe - 56.0 Kent Gardens
Tuckahoe,Week3,Kent Gardens,Week5,339.0 Tuckahoe - 63.0 Kent Gardens
Tuckahoe,Week1,Hollin Meadows,Week2,311.5 Tuckahoe - 90.5 Hollin Meadows
Tuckahoe,Week4,Kent Gardens,Week3,355.0 Tuckahoe - 47.0 Kent Gardens
Tuckahoe,Week1,Hollin Meadows,Week5,308.0 Tuckahoe - 94.0 Hollin Meadows
Truro,Week5,Lakevale Estates,Week5,312.0 Lakevale Estates - 90.0 Truro
Tuckahoe,Week2,Newington Forest,Week3,365.0 Tuckahoe - 37.0 Newington Forest
Tuckahoe,Week3,Newington Forest,Week4,366.0 Tuckahoe - 36.0 Newington Forest
Truro,Week3,South Run,Week5,252.0 South Run - 150.0 Truro
Tuckahoe,Week1,Newington Forest,Week5,351.0 Tuckahoe - 51.0 Newington Forest
Truro,Week1,Lakeview,Week1,267.0 Truro - 134.0 Lakeview
Tuckahoe,Week4,Hollin Meadows,Week2,332.5 Tuckahoe - 69.5 Hollin Meadows
Truro,Week4,South Run,Week2,231.0 South Run - 171.0 Truro
Truro,Week3,Somerset-Olde Creek,Week5,233.0 Truro - 167.0 Somerset-Olde Creek
Tuckahoe,Week3,Hollin Meadows,Week4,346.0 Tuckahoe - 56.0 Hollin Meadows
Tuckahoe,Week2,Kings Ridge ,Week4,352.0 Tuckahoe - 50.0 Kings Ridge
Tuckahoe,Week2,Broyhill Crest,Week3,397.0 Tuckahoe - 5.0 Broyhill Crest
Truro,Week3,Lakevale Estates,Week4,337.0 Lakevale Estates - 65.0 Truro
Truro,Week2,Lakeview,Week1,249.0 Truro - 153.0 Lakeview
Tuckahoe,Week4,Hollin Meadows,Week1,322.0 Tuckahoe - 80.0 Hollin Meadows
Tuckahoe,Week4,Kent Gardens,Week1,345.0 Tuckahoe - 57.0 Kent Gardens
Tuckahoe,Week1,Broyhill Crest,Week4,392.0 Tuckahoe - 10.0 Broyhill Crest
Tuckahoe,Week2,Kings Ridge ,Week5,355.0 Tuckahoe - 47.0 Kings Ridge
Tuckahoe,Week1,Broyhill Crest,Week3,393.0 Tuckahoe - 9.0 Broyhill Crest
Tuckahoe,Week4,Mount Vernon Park,Week5,298.0 Tuckahoe - 104.0 Mount Vernon Park
Tuckahoe,Week3,Newington Forest,Week5,365.0 Tuckahoe - 37.0 Newington Forest
Tuckahoe,Week4,North Springfield,Week1,339.0 Tuckahoe - 11.0 North Springfield
Tuckahoe,Week2,Broyhill Crest,Week4,397.0 Tuckahoe - 5.0 Broyhill Crest
Tuckahoe,Week4,Hollin Meadows,Week3,336.0 Tuckahoe - 66.0 Hollin Meadows
Tuckahoe,Week3,Kings Ridge ,Week2,367.0 Tuckahoe - 35.0 Kings Ridge
Tuckahoe,Week3,Kings Ridge ,Week4,367.0 Tuckahoe - 35.0 Kings Ridge
Tuckahoe,Week4,Newington Forest,Week4,363.0 Tuckahoe - 39.0 Newington Forest
Tuckahoe,Week3,Kings Ridge ,Week3,359.0 Tuckahoe - 43.0 Kings Ridge
Tuckahoe,Week4,Broyhill Crest,Week1,397.0 Tuckahoe - 5.0 Broyhill Crest
Tuckahoe,Week3,Hollin Meadows,Week5,327.0 Tuckahoe - 75.0 Hollin Meadows
Tuckahoe,Week5,Newington Forest,Week3,359.0 Tuckahoe - 43.0 Newington Forest
Tuckahoe,Week5,Hollin Meadows,Week1,306.0 Tuckahoe - 96.0 Hollin Meadows
Truro,Week2,Lakeview,Week3,205.0 Truro - 196.0 Lakeview
Truro,Week2,Lakeview,Week2,237.0 Truro - 161.0 Lakeview
Tuckahoe,Week4,Broyhill Crest,Week4,396.0 Tuckahoe - 6.0 Broyhill Crest
Tuckahoe,Week4,Broyhill Crest,Week3,397.0 Tuckahoe - 5.0 Broyhill Crest
Tuckahoe,Week4,Hollin Meadows,Week4,338.0 Tuckahoe - 64.0 Hollin Meadows
Tuckahoe,Week4,North Springfield,Week4,377.0 Tuckahoe - 15.0 North Springfield
Tuckahoe,Week2,Broyhill Crest,Week1,396.0 Tuckahoe - 6.0 Broyhill Crest
Truro,Week1,South Run,Week4,248.0 South Run - 153.0 Truro
Tuckahoe,Week1,Holmes Run Acres,Week2,332.0 Tuckahoe - 70.0 Holmes Run Acres
Truro,Week4,Lakevale Estates,Week2,306.0 Lakevale Estates - 96.0 Truro
Truro,Week5,Somerset-Olde Creek,Week2,284.0 Truro - 109.0 Somerset-Olde Creek
Truro,Week4,Somerset-Olde Creek,Week3,295.0 Truro - 103.0 Somerset-Olde Creek
Tuckahoe,Week2,Kings Ridge ,Week1,369.0 Tuckahoe - 33.0 Kings Ridge
Truro,Week1,South Run,Week3,257.0 South Run - 144.0 Truro
Tuckahoe,Week1,North Springfield,Week2,365.0 Tuckahoe - 23.0 North Springfield
Truro,Week3,Lakevale Estates,Week5,330.0 Lakevale Estates - 72.0 Truro
Tuckahoe,Week4,Newington Forest,Week3,362.0 Tuckahoe - 40.0 Newington Forest
Truro,Week5,Lakevale Estates,Week2,312.0 Lakevale Estates - 90.0 Truro
Tuckahoe,Week3,Broyhill Crest,Week3,393.0 Tuckahoe - 9.0 Broyhill Crest
Tuckahoe,Week1,Kings Ridge ,Week5,344.0 Tuckahoe - 58.0 Kings Ridge
Tuckahoe,Week4,Kent Gardens,Week2,360.0 Tuckahoe - 42.0 Kent Gardens
Truro,Week3,Somerset-Olde Creek,Week4,259.0 Truro - 143.0 Somerset-Olde Creek
Tuckahoe,Week1,Holmes Run Acres,Week1,334.0 Tuckahoe - 68.0 Holmes Run Acres
Tuckahoe,Week4,Kings Ridge ,Week3,360.0 Tuckahoe - 41.0 Kings Ridge
Truro,Week4,Somerset-Olde Creek,Week4,293.0 Truro - 108.0 Somerset-Olde Creek
Truro,Week3,Somerset-Olde Creek,Week3,285.0 Truro - 115.0 Somerset-Olde Creek
Tuckahoe,Week1,Holmes Run Acres,Week5,306.0 Tuckahoe - 96.0 Holmes Run Acres
Truro,Week5,Somerset-Olde Creek,Week4,263.0 Truro - 136.0 Somerset-Olde Creek
Truro,Week3,Lakeview,Week1,254.0 Truro - 148.0 Lakeview
Truro,Week2,Lakeview,Week4,212.0 Lakeview - 190.0 Truro
Tuckahoe,Week5,Brookfield ,Week5,346.0 Tuckahoe - 56.0 Brookfield
Tuckahoe,Week4,Kings Ridge ,Week2,365.0 Tuckahoe - 37.0 Kings Ridge
Tuckahoe,Week5,Kings Ridge ,Week1,361.0 Tuckahoe - 41.0 Kings Ridge
Tuckahoe,Week3,Holmes Run Acres,Week3,339.0 Tuckahoe - 63.0 Holmes Run Acres
Truro,Week2,Lakeview,Week5,195.0 Lakeview - 193.0 Truro
Tuckahoe,Week3,Holmes Run Acres,Week5,332.0 Tuckahoe - 70.0 Holmes Run Acres
Tuckahoe,Week1,North Springfield,Week4,373.0 Tuckahoe - 19.0 North Springfield
Tuckahoe,Week5,Hollin Meadows,Week3,317.0 Tuckahoe - 85.0 Hollin Meadows
Tuckahoe,Week4,Newington Forest,Week2,376.0 Tuckahoe - 26.0 Newington Forest
Tuckahoe,Week2,Holmes Run Acres,Week3,322.0 Tuckahoe - 80.0 Holmes Run Acres
Tuckahoe,Week1,North Springfield,Week3,356.0 Tuckahoe - 41.0 North Springfield
Tuckahoe,Week4,Kings Ridge ,Week5,352.0 Tuckahoe - 50.0 Kings Ridge
Truro,Week5,Somerset-Olde Creek,Week1,259.0 Truro - 132.0 Somerset-Olde Creek
Tuckahoe,Week2,Holmes Run Acres,Week2,347.0 Tuckahoe - 55.0 Holmes Run Acres
Tuckahoe,Week3,Kings Ridge ,Week1,369.0 Tuckahoe - 33.0 Kings Ridge
Tuckahoe,Week2,North Springfield,Week1,336.0 Tuckahoe - 15.0 North Springfield
Tuckahoe,Week3,Holmes Run Acres,Week4,349.0 Tuckahoe - 53.0 Holmes Run Acres
Tuckahoe,Week4,Burke Station,Week3,359.0 Tuckahoe - 38.0 Burke Station
Tuckahoe,Week1,North Springfield,Week1,337.0 Tuckahoe - 14.0 North Springfield
Truro,Week2,South Run,Week2,255.0 South Run - 146.0 Truro
Tuckahoe,Week5,Kings Ridge ,Week2,363.0 Tuckahoe - 39.0 Kings Ridge
Truro,Week3,Lakeview,Week3,233.0 Truro - 169.0 Lakeview
Tuckahoe,Week5,Newington Forest,Week2,363.0 Tuckahoe - 38.0 Newington Forest
Truro,Week3,Lakeview,Week4,204.0 Truro - 198.0 Lakeview
Tuckahoe,Week2,Holmes Run Acres,Week5,313.0 Tuckahoe - 89.0 Holmes Run Acres
Tuckahoe,Week3,Broyhill Crest,Week2,393.0 Tuckahoe - 9.0 Broyhill Crest
Tuckahoe,Week3,Broyhill Crest,Week4,393.0 Tuckahoe - 9.0 Broyhill Crest
Truro,Week1,Lakeview,Week5,243.0 Truro - 150.0 Lakeview
Tuckahoe,Week2,Broyhill Crest,Week2,399.0 Tuckahoe - 3.0 Broyhill Crest
Tuckahoe,Week4,Broyhill Crest,Week2,397.0 Tuckahoe - 5.0 Broyhill Crest
Truro,Week2,South Run,Week1,270.0 South Run - 121.0 Truro
Truro,Week5,Somerset-Olde Creek,Week3,277.0 Truro - 114.0 Somerset-Olde Creek
Tuckahoe,Week4,Newington Forest,Week5,367.0 Tuckahoe - 35.0 Newington Forest
Truro,Week1,Lakeview,Week3,244.0 Truro - 158.0 Lakeview
Truro,Week5,Lakevale Estates,Week1,302.5 Lakevale Estates - 99.5 Truro
Truro,Week5,Somerset-Olde Creek,Week5,244.0 Truro - 152.0 Somerset-Olde Creek
Tuckahoe,Week4,Burke Station,Week1,317.0 Tuckahoe - 62.0 Burke Station
Tuckahoe,Week5,Kings Ridge ,Week3,352.0 Tuckahoe - 50.0 Kings Ridge
Tuckahoe,Week1,Broyhill Crest,Week5,391.0 Tuckahoe - 11.0 Broyhill Crest
Tuckahoe,Week2,Kings Ridge ,Week2,361.0 Tuckahoe - 41.0 Kings Ridge
Tuckahoe,Week5,Newington Forest,Week1,374.0 Tuckahoe - 28.0 Newington Forest
Tuckahoe,Week1,Broyhill Crest,Week1,393.0 Tuckahoe - 9.0 Broyhill Crest
Tuckahoe,Week5,Newington Forest,Week5,355.0 Tuckahoe - 47.0 Newington Forest
Tuckahoe,Week5,Kings Ridge ,Week4,354.0 Tuckahoe - 48.0 Kings Ridge
Truro,Week4,Lakeview,Week2,277.0 Truro - 125.0 Lakeview
Tuckahoe,Week2,Burke Station,Week5,348.0 Tuckahoe - 54.0 Burke Station
Truro,Week2,South Run,Week4,244.0 South Run - 156.0 Truro
Tuckahoe,Week4,Holmes Run Acres,Week2,356.5 Tuckahoe - 45.5 Holmes Run Acres
Truro,Week2,South Run,Week5,277.0 South Run - 125.0 Truro
Tuckahoe,Week5,Hollin Meadows,Week5,316.0 Tuckahoe - 86.0 Hollin Meadows
Tuckahoe,Week1,Holmes Run Acres,Week3,307.0 Tuckahoe - 95.0 Holmes Run Acres
Tuckahoe,Week2,North Springfield,Week3,372.0 Tuckahoe - 25.0 North Springfield
Tuckahoe,Week5,Burke Station,Week1,321.0 Tuckahoe - 58.0 Burke Station
Truro,Week4,Lakevale Estates,Week4,324.0 Lakevale Estates - 78.0 Truro
Truro,Week2,South Run,Week3,268.0 South Run - 132.0 Truro
Tuckahoe,Week3,Holmes Run Acres,Week2,353.0 Tuckahoe - 49.0 Holmes Run Acres
Tuckahoe,Week2,North Springfield,Week2,368.0 Tuckahoe - 20.0 North Springfield
Truro,Week5,Lakevale Estates,Week4,317.0 Lakevale Estates - 85.0 Truro
Tuckahoe,Week5,Brookfield ,Week4,343.0 Tuckahoe - 59.0 Brookfield
Tuckahoe,Week1,Lake Braddock,Week4,375.0 Tuckahoe - 27.0 Lake Braddock
Truro,Week4,Somerset-Olde Creek,Week1,280.0 Truro - 117.0 Somerset-Olde Creek
Truro,Week4,Lakevale Estates,Week3,319.0 Lakevale Estates - 83.0 Truro
Tuckahoe,Week5,Kings Ridge ,Week5,352.0 Tuckahoe - 50.0 Kings Ridge
Tuckahoe,Week1,Lakevale Estates,Week5,255.0 Tuckahoe - 147.0 Lakevale Estates
Tuckahoe,Week2,Holmes Run Acres,Week1,341.0 Tuckahoe - 61.0 Holmes Run Acres
Truro,Week4,Lakeview,Week3,250.0 Truro - 152.0 Lakeview
Truro,Week4,Lakeview,Week1,277.0 Truro - 125.0 Lakeview
Truro,Week3,Somerset-Olde Creek,Week2,281.0 Truro - 120.0 Somerset-Olde Creek
Tuckahoe,Week2,North Springfield,Week5,349.0 Tuckahoe - 25.0 North Springfield
Truro,Week1,South Run,Week2,245.0 South Run - 156.0 Truro
Tuckahoe,Week4,Lake Braddock,Week4,382.0 Tuckahoe - 20.0 Lake Braddock
Tuckahoe,Week1,Burke Station,Week1,317.0 Tuckahoe - 62.0 Burke Station
Tuckahoe,Week3,Burke Station,Week1,331.0 Tuckahoe - 48.0 Burke Station
Truro,Week2,Langley,Week1,317.0 Langley - 84.0 Truro
Tuckahoe,Week1,Holmes Run Acres,Week4,331.0 Tuckahoe - 71.0 Holmes Run Acres
Tuckahoe,Week1,Lake Braddock,Week3,365.0 Tuckahoe - 37.0 Lake Braddock
Truro,Week1,Langley,Week4,300.0 Langley - 102.0 Truro
Tuckahoe,Week1,Burke Station,Week3,337.0 Tuckahoe - 60.0 Burke Station
Truro,Week4,Somerset-Olde Creek,Week5,255.0 Truro - 143.0 Somerset-Olde Creek
Truro,Week3,South Run,Week3,256.0 South Run - 146.0 Truro
Truro,Week3,South Run,Week1,252.5 South Run - 140.5 Truro
Tuckahoe,Week5,Brookfield ,Week3,355.0 Tuckahoe - 47.0 Brookfield
Tuckahoe,Week1,North Springfield,Week5,342.0 Tuckahoe - 31.0 North Springfield
Tuckahoe,Week5,Newington Forest,Week4,360.0 Tuckahoe - 42.0 Newington Forest
Tuckahoe,Week3,North Springfield,Week2,367.0 Tuckahoe - 21.0 North Springfield
Truro,Week1,Langley,Week1,295.0 Langley - 107.0 Truro
Tuckahoe,Week5,Lake Braddock,Week3,371.0 Tuckahoe - 31.0 Lake Braddock
Tuckahoe,Week2,Lake Braddock,Week2,379.0 Tuckahoe - 23.0 Lake Braddock
Tuckahoe,Week2,Holmes Run Acres,Week4,342.0 Tuckahoe - 60.0 Holmes Run Acres
Tuckahoe,Week4,Holmes Run Acres,Week5,325.0 Tuckahoe - 77.0 Holmes Run Acres
Tuckahoe,Week4,Holmes Run Acres,Week3,338.0 Tuckahoe - 64.0 Holmes Run Acres
Tuckahoe,Week5,Broyhill Crest,Week2,397.0 Tuckahoe - 5.0 Broyhill Crest
Tuckahoe,Week3,North Springfield,Week1,337.0 Tuckahoe - 14.0 North Springfield
Truro,Week3,Langley,Week1,322.0 Langley - 80.0 Truro
Tuckahoe,Week1,Burke Station,Week2,354.0 Tuckahoe - 48.0 Burke Station
Tuckahoe,Week4,North Springfield,Week3,375.0 Tuckahoe - 22.0 North Springfield
Tuckahoe,Week5,Broyhill Crest,Week1,393.0 Tuckahoe - 9.0 Broyhill Crest
Truro,Week5,South Run,Week4,238.0 South Run - 161.0 Truro
Tuckahoe,Week1,Lake Braddock,Week2,372.0 Tuckahoe - 30.0 Lake Braddock
Tuckahoe,Week4,Holmes Run Acres,Week1,356.0 Tuckahoe - 46.0 Holmes Run Acres
Tuckahoe,Week2,Lake Braddock,Week1,382.0 Tuckahoe - 20.0 Lake Braddock
Tuckahoe,Week5,Broyhill Crest,Week4,398.0 Tuckahoe - 4.0 Broyhill Crest
Truro,Week3,South Run,Week4,245.0 South Run - 157.0 Truro
Tuckahoe,Week3,Lake Braddock,Week2,379.0 Tuckahoe - 23.0 Lake Braddock
Tuckahoe,Week4,Lake Braddock,Week3,375.0 Tuckahoe - 27.0 Lake Braddock
Tuckahoe,Week3,Lake Braddock,Week3,380.0 Tuckahoe - 22.0 Lake Braddock
Tuckahoe,Week3,Holmes Run Acres,Week1,349.0 Tuckahoe - 53.0 Holmes Run Acres
Tuckahoe,Week3,North Springfield,Week4,382.0 Tuckahoe - 10.0 North Springfield
Tuckahoe,Week4,North Springfield,Week2,372.0 Tuckahoe - 16.0 North Springfield
Truro,Week4,Langley,Week3,312.0 Langley - 90.0 Truro
Truro,Week1,Langley,Week5,303.0 Langley - 99.0 Truro
Truro,Week1,Springboard,Week5,220.0 Truro - 178.0 Springboard
Tuckahoe,Week5,North Springfield,Week2,368.0 Tuckahoe - 20.0 North Springfield
Truro,Week1,Laurel Hill,Week2,246.0 Truro - 155.0 Laurel Hill
Tuckahoe,Week4,Lake Braddock,Week1,374.0 Tuckahoe - 28.0 Lake Braddock
Tuckahoe,Week1,Burke Station,Week5,353.0 Tuckahoe - 49.0 Burke Station
Tuckahoe,Week2,Burke Station,Week2,353.0 Tuckahoe - 48.0 Burke Station
Tuckahoe,Week3,Burke Station,Week5,360.0 Tuckahoe - 42.0 Burke Station
Tuckahoe,Week5,Broyhill Crest,Week5,396.0 Tuckahoe - 6.0 Broyhill Crest
Truro,Week5,Lakeview,Week3,234.0 Truro - 168.0 Lakeview
Truro,Week4,South Run,Week4,223.0 South Run - 178.0 Truro
Tuckahoe,Week5,North Springfield,Week1,337.0 Tuckahoe - 14.0 North Springfield
Truro,Week3,Springboard,Week4,204.0 Truro - 198.0 Springboard
Tuckahoe,Week4,Lake Braddock,Week2,377.0 Tuckahoe - 25.0 Lake Braddock
Tuckahoe,Week5,Holmes Run Acres,Week1,352.0 Tuckahoe - 50.0 Holmes Run Acres
Tuckahoe,Week4,North Springfield,Week5,352.0 Tuckahoe - 22.0 North Springfield
Truro,Week5,Langley,Week3,310.0 Langley - 92.0 Truro
Tuckahoe,Week2,North Springfield,Week4,377.0 Tuckahoe - 15.0 North Springfield
Tuckahoe,Week4,Holmes Run Acres,Week4,357.0 Tuckahoe - 45.0 Holmes Run Acres
Truro,Week4,South Run,Week5,250.0 South Run - 152.0 Truro
Truro,Week2,Langley,Week3,323.0 Langley - 79.0 Truro
Tuckahoe,Week1,Lake Braddock,Week5,370.0 Tuckahoe - 32.0 Lake Braddock
Truro,Week4,South Run,Week1,235.0 South Run - 158.0 Truro
Tuckahoe,Week3,Burke Station,Week2,367.0 Tuckahoe - 35.0 Burke Station
Tuckahoe,Week5,Hollin Meadows,Week4,327.0 Tuckahoe - 75.0 Hollin Meadows
Tuckahoe,Week2,Lake Braddock,Week4,383.0 Tuckahoe - 19.0 Lake Braddock
Truro,Week3,South Run,Week2,240.0 South Run - 162.0 Truro
Tuckahoe,Week3,North Springfield,Week3,371.0 Tuckahoe - 26.0 North Springfield
Truro,Week3,Langley,Week3,325.0 Langley - 77.0 Truro
Tuckahoe,Week3,North Springfield,Week5,348.0 Tuckahoe - 21.0 North Springfield
Truro,Week2,Langley,Week5,311.5 Langley - 90.5 Truro
Truro,Week4,Springboard,Week2,266.5 Truro - 134.5 Springboard
Tuckahoe,Week3,Lake Braddock,Week4,382.0 Tuckahoe - 20.0 Lake Braddock
Tuckahoe,Week5,Lake Braddock,Week2,381.0 Tuckahoe - 21.0 Lake Braddock
Tuckahoe,Week2,Burke Station,Week3,348.0 Tuckahoe - 49.0 Burke Station
Tuckahoe,Week1,Lakevale Estates,Week2,278.5 Tuckahoe - 123.5 Lakevale Estates
Truro,Week1,Springboard,Week3,221.0 Truro - 177.0 Springboard
Tuckahoe,Week3,Burke Station,Week4,370.0 Tuckahoe - 32.0 Burke Station
Tuckahoe,Week1,Burke Station,Week4,360.0 Tuckahoe - 42.0 Burke Station
Truro,Week2,Springboard,Week5,210.0 Springboard - 183.0 Truro
Tuckahoe,Week5,Broyhill Crest,Week3,397.0 Tuckahoe - 5.0 Broyhill Crest
Tuckahoe,Week5,North Springfield,Week4,373.0 Tuckahoe - 19.0 North Springfield
Tuckahoe,Week5,North Springfield,Week3,368.0 Tuckahoe - 29.0 North Springfield
Truro,Week4,Lakeview,Week5,244.0 Truro - 149.0 Lakeview
Tuckahoe,Week5,North Springfield,Week5,358.0 Tuckahoe - 15.0 North Springfield
Truro,Week4,South Run,Week3,235.0 South Run - 167.0 Truro
Tuckahoe,Week2,Burke Station,Week1,315.0 Tuckahoe - 63.0 Burke Station
Truro,Week3,Langley,Week4,315.5 Langley - 86.5 Truro
Truro,Week5,Lakeview,Week5,233.0 Truro - 159.0 Lakeview
Tuckahoe,Week4,Lake Braddock,Week5,379.0 Tuckahoe - 23.0 Lake Braddock
Truro,Week3,Springboard,Week5,223.0 Springboard - 178.0 Truro
Truro,Week3,Langley,Week2,301.0 Langley - 101.0 Truro
Tuckahoe,Week1,Oakton ,Week1,290.0 Tuckahoe - 112.0 Oakton
Tuckahoe,Week2,Oakton ,Week4,281.0 Tuckahoe - 121.0 Oakton
Truro,Week5,South Run,Week3,246.0 South Run - 155.0 Truro
Tuckahoe,Week1,Oakton ,Week4,282.5 Tuckahoe - 119.5 Oakton
Truro,Week5,Springboard,Week3,212.0 Truro - 185.0 Springboard
Tuckahoe,Week3,Oakton ,Week1,307.0 Tuckahoe - 95.0 Oakton
Tuckahoe,Week5,Burke Station,Week4,367.0 Tuckahoe - 35.0 Burke Station
Truro,Week4,Springboard,Week4,229.0 Truro - 172.0 Springboard
Tuckahoe,Week5,Lake Braddock,Week1,374.0 Tuckahoe - 28.0 Lake Braddock
Tuckahoe,Week2,Lake Braddock,Week5,379.0 Tuckahoe - 23.0 Lake Braddock
Truro,Week4,Langley,Week4,306.0 Langley - 96.0 Truro
Truro,Week1,Langley,Week2,287.0 Langley - 115.0 Truro
Tuckahoe,Week1,Oakton ,Week5,277.0 Tuckahoe - 125.0 Oakton
Tuckahoe,Week4,Burke Station,Week4,373.0 Tuckahoe - 29.0 Burke Station
Tuckahoe,Week4,Burke Station,Week5,359.0 Tuckahoe - 43.0 Burke Station
Tuckahoe,Week2,Lake Braddock,Week3,374.0 Tuckahoe - 28.0 Lake Braddock
Tuckahoe,Week4,Burke Station,Week2,367.0 Tuckahoe - 35.0 Burke Station
Tuckahoe,Week1,Lakevale Estates,Week3,260.0 Tuckahoe - 142.0 Lakevale Estates
Tuckahoe,Week1,Lakevale Estates,Week1,279.0 Tuckahoe - 123.0 Lakevale Estates
Truro,Week5,Springboard,Week4,227.0 Truro - 168.0 Springboard
Truro,Week3,Langley,Week5,310.0 Langley - 92.0 Truro
Truro,Week4,Springboard,Week1,235.0 Truro - 165.0 Springboard
Tuckahoe,Week2,Burke Station,Week4,368.0 Tuckahoe - 34.0 Burke Station
Tuckahoe,Week1,Oakton ,Week3,280.0 Tuckahoe - 122.0 Oakton
Truro,Week2,Langley,Week4,320.0 Langley - 82.0 Truro
Truro,Week5,Springboard,Week5,212.0 Truro - 185.0 Springboard
Truro,Week5,Lakeview,Week4,222.0 Truro - 180.0 Lakeview
Tuckahoe,Week3,Burke Station,Week3,358.0 Tuckahoe - 38.0 Burke Station
Tuckahoe,Week1,Oakton ,Week2,277.0 Tuckahoe - 125.0 Oakton
Truro,Week4,Langley,Week2,291.0 Langley - 111.0 Truro
Tuckahoe,Week1,Lake Braddock,Week1,370.0 Tuckahoe - 32.0 Lake Braddock
Tuckahoe,Week1,Lakeview,Week4,375.0 Tuckahoe - 27.0 Lakeview
Truro,Week5,Lakeview,Week1,248.0 Truro - 154.0 Lakeview
Tuckahoe,Week1,Old Keene Mill,Week1,358.0 Tuckahoe - 44.0 Old Keene Mill
Truro,Week2,Springboard,Week4,206.0 Springboard - 188.0 Truro
Tuckahoe,Week5,Oakton ,Week3,294.0 Tuckahoe - 108.0 Oakton
Tuckahoe,Week3,Lake Braddock,Week5,380.0 Tuckahoe - 22.0 Lake Braddock
Truro,Week2,Springboard,Week2,223.0 Truro - 165.0 Springboard
Tuckahoe,Week4,Lakevale Estates,Week1,305.5 Tuckahoe - 96.5 Lakevale Estates
Tuckahoe,Week2,Lakevale Estates,Week4,268.0 Tuckahoe - 134.0 Lakevale Estates
Tuckahoe,Week1,Old Keene Mill,Week2,354.0 Tuckahoe - 48.0 Old Keene Mill
Truro,Week5,Langley,Week5,293.0 Langley - 109.0 Truro
Tuckahoe,Week3,Camelot,Week1,338.0 Tuckahoe - 64.0 Camelot
Tuckahoe,Week3,Oakton ,Week4,305.0 Tuckahoe - 97.0 Oakton
Truro,Week4,Langley,Week1,300.0 Langley - 102.0 Truro
Tuckahoe,Week2,Camelot,Week5,327.0 Tuckahoe - 75.0 Camelot
Truro,Week1,Langley,Week3,300.0 Langley - 102.0 Truro
Tuckahoe,Week2,Camelot,Week1,325.0 Tuckahoe - 77.0 Camelot
Tuckahoe,Week1,Lakevale Estates,Week4,252.0 Tuckahoe - 150.0 Lakevale Estates
Truro,Week2,Langley,Week2,308.0 Langley - 94.0 Truro
Tuckahoe,Week1,Old Keene Mill,Week5,341.0 Tuckahoe - 61.0 Old Keene Mill
Tuckahoe,Week2,Oakton ,Week1,278.0 Tuckahoe - 124.0 Oakton
Truro,Week5,South Run,Week2,242.0 South Run - 158.0 Truro
Truro,Week5,Lakeview,Week2,260.0 Truro - 141.0 Lakeview
Tuckahoe,Week4,Oakton ,Week5,289.0 Tuckahoe - 113.0 Oakton
Truro,Week5,South Run,Week1,246.0 South Run - 146.0 Truro
Truro,Week5,Langley,Week4,319.0 Langley - 83.0 Truro
Tuckahoe,Week1,Camelot,Week3,325.0 Tuckahoe - 77.0 Camelot
Tuckahoe,Week3,Lake Braddock,Week1,379.0 Tuckahoe - 23.0 Lake Braddock
Truro,Week4,Langley,Week5,300.0 Langley - 102.0 Truro
Tuckahoe,Week2,Lakeview,Week4,379.0 Tuckahoe - 23.0 Lakeview
Tuckahoe,Week5,Lake Braddock,Week4,379.0 Tuckahoe - 23.0 Lake Braddock
Tuckahoe,Week1,Camelot,Week2,319.0 Tuckahoe - 83.0 Camelot
Truro,Week5,Langley,Week2,291.0 Langley - 111.0 Truro
Truro,Week2,Springboard,Week1,202.0 Springboard - 190.0 Truro
Truro,Week1,Springboard,Week2,272.0 Truro - 126.0 Springboard
Tuckahoe,Week5,Lake Braddock,Week5,380.5 Tuckahoe - 21.5 Lake Braddock
Tuckahoe,Week5,Burke Station,Week3,354.0 Tuckahoe - 42.0 Burke Station
Tuckahoe,Week5,Oakton ,Week5,278.0 Tuckahoe - 124.0 Oakton
Truro,Week2,Springboard,Week3,200.0 Springboard - 193.0 Truro
Truro,Week5,Langley,Week1,313.0 Langley - 89.0 Truro
Truro,Week1,Springboard,Week4,228.0 Truro - 173.0 Springboard
Tuckahoe,Week2,Oakton ,Week5,264.0 Tuckahoe - 138.0 Oakton
Truro,Week5,South Run,Week5,254.0 South Run - 148.0 Truro
Tuckahoe,Week5,Burke Station,Week5,358.0 Tuckahoe - 44.0 Burke Station
Tuckahoe,Week1,Camelot,Week5,321.0 Tuckahoe - 81.0 Camelot
Tuckahoe,Week4,Oakton ,Week3,294.0 Tuckahoe - 108.0 Oakton
Tuckahoe,Week2,Lakeview,Week2,390.0 Tuckahoe - 12.0 Lakeview
Tuckahoe,Week2,Camelot,Week4,332.0 Tuckahoe - 70.0 Camelot
Truro,Week1,Springboard,Week1,225.0 Truro - 173.0 Springboard
Tuckahoe,Week2,Camelot,Week3,322.0 Tuckahoe - 80.0 Camelot
Truro,Week4,Springboard,Week3,221.0 Truro - 180.0 Springboard
Truro,Week1,Lee Graham,Week4,324.0 Lee Graham - 78.0 Truro
Truro,Week1,Laurel Hill,Week1,224.0 Truro - 177.0 Laurel Hill
Truro,Week3,Springboard,Week1,213.0 Truro - 188.0 Springboard
Tuckahoe,Week5,Old Keene Mill,Week1,369.0 Tuckahoe - 33.0 Old Keene Mill
Tuckahoe,Week3,Lakevale Estates,Week4,300.0 Tuckahoe - 102.0 Lakevale Estates
Tuckahoe,Week1,Camelot,Week1,323.0 Tuckahoe - 79.0 Camelot
Truro,Week3,Springboard,Week3,202.0 Truro - 199.0 Springboard
Tuckahoe,Week5,Lakevale Estates,Week3,289.0 Tuckahoe - 113.0 Lakevale Estates
Truro,Week3,Springboard,Week2,239.0 Truro - 162.0 Springboard
Tuckahoe,Week2,Camelot,Week2,327.0 Tuckahoe - 75.0 Camelot
Tuckahoe,Week3,Lakevale Estates,Week5,295.0 Tuckahoe - 107.0 Lakevale Estates
Tuckahoe,Week4,Lakevale Estates,Week4,283.0 Tuckahoe - 119.0 Lakevale Estates
Tuckahoe,Week1,Camelot,Week4,332.0 Tuckahoe - 70.0 Camelot
Tuckahoe,Week5,Burke Station,Week2,362.0 Tuckahoe - 40.0 Burke Station
Truro,Week1,Lee Graham,Week2,316.0 Lee Graham - 86.0 Truro
Truro,Week1,Laurel Hill,Week5,207.0 Laurel Hill - 195.0 Truro
Tuckahoe,Week1,Old Keene Mill,Week4,364.0 Tuckahoe - 38.0 Old Keene Mill
Tuckahoe,Week4,Old Keene Mill,Week4,380.0 Tuckahoe - 22.0 Old Keene Mill
Tuckahoe,Week4,Oakton ,Week2,293.0 Tuckahoe - 109.0 Oakton
Truro,Week4,Springboard,Week5,218.0 Truro - 183.0 Springboard
Tuckahoe,Week1,Lakeview,Week3,375.0 Tuckahoe - 27.0 Lakeview
Truro,Week2,Lee Graham,Week2,337.0 Lee Graham - 65.0 Truro
Tuckahoe,Week2,Oakton ,Week2,267.0 Tuckahoe - 135.0 Oakton
Tuckahoe,Week1,Lakeview,Week5,374.0 Tuckahoe - 19.0 Lakeview
Tuckahoe,Week5,Camelot,Week5,330.0 Tuckahoe - 72.0 Camelot
Tuckahoe,Week5,Lakevale Estates,Week1,302.0 Tuckahoe - 100.0 Lakevale Estates
Tuckahoe,Week4,Camelot,Week5,331.0 Tuckahoe - 71.0 Camelot
Tuckahoe,Week5,Old Keene Mill,Week5,356.0 Tuckahoe - 46.0 Old Keene Mill
Tuckahoe,Week3,Oakton ,Week5,298.0 Tuckahoe - 104.0 Oakton
Truro,Week5,Springfield,Week2,330.0 Truro - 54.0 Springfield
Truro,Week3,Laurel Hill,Week2,238.0 Truro - 161.0 Laurel Hill
Truro,Week3,Laurel Hill,Week3,200.5 Truro - 197.5 Laurel Hill
Tuckahoe,Week5,Lakevale Estates,Week2,309.0 Tuckahoe - 93.0 Lakevale Estates
Truro,Week2,Laurel Hill,Week4,202.0 Laurel Hill - 200.0 Truro
Truro,Week4,Springfield,Week1,339.0 Truro - 56.0 Springfield
Tuckahoe,Week3,Old Keene Mill,Week4,377.0 Tuckahoe - 25.0 Old Keene Mill
Tuckahoe,Week2,Canterbury Woods,Week1,343.0 Tuckahoe - 59.0 Canterbury Woods
Tuckahoe,Week3,Lakeview,Week3,382.0 Tuckahoe - 20.0 Lakeview
Tuckahoe,Week4,Old Keene Mill,Week1,370.0 Tuckahoe - 32.0 Old Keene Mill
Tuckahoe,Week3,Canterbury Woods,Week2,361.0 Tuckahoe - 41.0 Canterbury Woods
Tuckahoe,Week1,Lakeview,Week1,379.0 Tuckahoe - 23.0 Lakeview
Tuckahoe,Week3,Camelot,Week5,340.0 Tuckahoe - 62.0 Camelot
Truro,Week5,Springboard,Week1,219.0 Truro - 177.0 Springboard
Tuckahoe,Week2,Old Keene Mill,Week5,352.0 Tuckahoe - 50.0 Old Keene Mill
Truro,Week3,Laurel Hill,Week1,220.0 Truro - 181.0 Laurel Hill
Truro,Week5,Springboard,Week2,241.0 Truro - 151.0 Springboard
Truro,Week1,Stratford,Week2,210.0 Truro - 192.0 Stratford
Truro,Week5,Laurel Hill,Week4,232.0 Truro - 170.0 Laurel Hill
Tuckahoe,Week5,Camelot,Week1,333.0 Tuckahoe - 69.0 Camelot
Truro,Week3,Springfield,Week1,329.5 Truro - 65.5 Springfield
Truro,Week3,Laurel Hill,Week4,214.0 Truro - 187.0 Laurel Hill
Truro,Week2,Springfield,Week1,309.0 Truro - 77.0 Springfield
Tuckahoe,Week2,Lakevale Estates,Week1,282.0 Tuckahoe - 120.0 Lakevale Estates
Tuckahoe,Week3,Camelot,Week4,349.0 Tuckahoe - 53.0 Camelot
Tuckahoe,Week5,Oakton ,Week1,303.0 Tuckahoe - 99.0 Oakton
Tuckahoe,Week3,Canterbury Woods,Week1,361.0 Tuckahoe - 41.0 Canterbury Woods
Tuckahoe,Week3,Oakton ,Week2,297.0 Tuckahoe - 105.0 Oakton
Tuckahoe,Week4,Camelot,Week4,339.0 Tuckahoe - 63.0 Camelot
Tuckahoe,Week3,Lakevale Estates,Week2,315.5 Tuckahoe - 86.5 Lakevale Estates
Truro,Week2,Springfield,Week3,305.0 Truro - 74.0 Springfield
Tuckahoe,Week2,Oakton ,Week3,279.0 Tuckahoe - 123.0 Oakton
Truro,Week3,Laurel Hill,Week5,211.5 Laurel Hill - 188.5 Truro
Tuckahoe,Week2,Old Keene Mill,Week1,377.0 Tuckahoe - 25.0 Old Keene Mill
Truro,Week4,Laurel Hill,Week3,218.0 Truro - 183.0 Laurel Hill
Tuckahoe,Week2,Lakevale Estates,Week5,262.0 Tuckahoe - 140.0 Lakevale Estates
Tuckahoe,Week1,Canterbury Woods,Week4,330.0 Tuckahoe - 72.0 Canterbury Woods
Truro,Week2,Springfield,Week4,303.0 Truro - 83.0 Springfield
Truro,Week1,Springfield,Week2,344.0 Truro - 52.0 Springfield
Tuckahoe,Week4,Oakton ,Week1,308.0 Tuckahoe - 94.0 Oakton
Tuckahoe,Week3,Lakevale Estates,Week1,304.0 Tuckahoe - 98.0 Lakevale Estates
Truro,Week1,Springfield,Week4,323.5 Truro - 75.5 Springfield
Truro,Week4,Laurel Hill,Week2,251.0 Truro - 147.0 Laurel Hill
Truro,Week2,Laurel Hill,Week3,202.0 Laurel Hill - 198.0 Truro
Truro,Week5,Springfield,Week3,318.0 Truro - 68.0 Springfield
Truro,Week2,Springfield,Week5,321.0 Truro - 65.0 Springfield
Truro,Week1,Laurel Hill,Week4,211.0 Truro - 191.0 Laurel Hill
Tuckahoe,Week2,Lakevale Estates,Week3,281.0 Tuckahoe - 121.0 Lakevale Estates
Tuckahoe,Week2,Lakevale Estates,Week2,300.0 Tuckahoe - 102.0 Lakevale Estates
Tuckahoe,Week4,Oakton ,Week4,305.0 Tuckahoe - 97.0 Oakton
Tuckahoe,Week4,Canterbury Woods,Week3,345.0 Tuckahoe - 57.0 Canterbury Woods
Tuckahoe,Week1,Old Keene Mill,Week3,355.0 Tuckahoe - 47.0 Old Keene Mill
Tuckahoe,Week5,Oakton ,Week2,283.0 Tuckahoe - 119.0 Oakton
Truro,Week4,Laurel Hill,Week4,235.0 Truro - 167.0 Laurel Hill
Tuckahoe,Week5,Oakton ,Week4,294.0 Tuckahoe - 108.0 Oakton
Tuckahoe,Week4,Lakevale Estates,Week3,296.0 Tuckahoe - 106.0 Lakevale Estates
Truro,Week4,Laurel Hill,Week5,202.0 Laurel Hill - 200.0 Truro
Truro,Week3,Springfield,Week2,331.0 Truro - 62.0 Springfield
Tuckahoe,Week4,Lakevale Estates,Week5,275.0 Tuckahoe - 127.0 Lakevale Estates
Tuckahoe,Week5,Canterbury Woods,Week4,346.0 Tuckahoe - 56.0 Canterbury Woods
Tuckahoe,Week4,Lakevale Estates,Week2,319.0 Tuckahoe - 83.0 Lakevale Estates
Tuckahoe,Week3,Lakevale Estates,Week3,291.0 Tuckahoe - 111.0 Lakevale Estates
Truro,Week5,Laurel Hill,Week1,235.0 Truro - 165.0 Laurel Hill
Tuckahoe,Week5,Camelot,Week4,347.0 Tuckahoe - 55.0 Camelot
Tuckahoe,Week3,Oakton ,Week3,298.0 Tuckahoe - 104.0 Oakton
Truro,Week2,Laurel Hill,Week2,231.0 Truro - 159.0 Laurel Hill
Tuckahoe,Week4,Camelot,Week1,338.0 Tuckahoe - 64.0 Camelot
Tuckahoe,Week4,Camelot,Week3,332.5 Tuckahoe - 69.5 Camelot
Tuckahoe,Week1,Lakeview,Week2,385.0 Tuckahoe - 17.0 Lakeview
Truro,Week4,Greenbriar,Week2,265.0 Greenbriar - 137.0 Truro
Truro,Week3,Springfield,Week5,340.0 Truro - 53.0 Springfield
Truro,Week4,Greenbriar,Week1,244.0 Greenbriar - 158.0 Truro
Tuckahoe,Week2,Old Keene Mill,Week4,375.0 Tuckahoe - 27.0 Old Keene Mill
Truro,Week5,Laurel Hill,Week3,224.0 Truro - 178.0 Laurel Hill
Tuckahoe,Week2,Lakeview,Week1,377.0 Tuckahoe - 25.0 Lakeview
Tuckahoe,Week3,Camelot,Week2,330.0 Tuckahoe - 72.0 Camelot
Truro,Week5,Laurel Hill,Week5,203.0 Truro - 198.0 Laurel Hill
Tuckahoe,Week3,Old Keene Mill,Week3,368.5 Tuckahoe - 33.5 Old Keene Mill
Tuckahoe,Week5,Lakevale Estates,Week5,266.0 Tuckahoe - 136.0 Lakevale Estates
Truro,Week3,Springfield,Week4,323.0 Truro - 72.0 Springfield
Tuckahoe,Week5,Lakevale Estates,Week4,278.0 Tuckahoe - 124.0 Lakevale Estates
Tuckahoe,Week3,Old Keene Mill,Week2,364.0 Tuckahoe - 38.0 Old Keene Mill
Tuckahoe,Week1,Canterbury Woods,Week5,333.0 Tuckahoe - 69.0 Canterbury Woods
Truro,Week4,Springfield,Week4,338.0 Truro - 59.0 Springfield
Tuckahoe,Week4,Old Keene Mill,Week2,367.0 Tuckahoe - 35.0 Old Keene Mill
Truro,Week4,Springfield,Week3,341.0 Truro - 54.0 Springfield
Truro,Week3,Greenbriar,Week4,263.0 Greenbriar - 139.0 Truro
Truro,Week5,Laurel Hill,Week2,244.0 Truro - 152.0 Laurel Hill
Tuckahoe,Week4,Canterbury Woods,Week1,363.0 Tuckahoe - 39.0 Canterbury Woods
Tuckahoe,Week5,Camelot,Week2,326.0 Tuckahoe - 76.0 Camelot
Truro,Week4,Laurel Hill,Week1,231.0 Truro - 170.0 Laurel Hill
Tuckahoe,Week1,Canterbury Woods,Week3,335.0 Tuckahoe - 67.0 Canterbury Woods
Truro,Week3,Greenbriar,Week2,289.0 Greenbriar - 113.0 Truro
Tuckahoe,Week3,Lakeview,Week2,389.0 Tuckahoe - 13.0 Lakeview
Tuckahoe,Week5,Lakeview,Week2,386.0 Tuckahoe - 16.0 Lakeview
Tuckahoe,Week2,Old Keene Mill,Week3,366.0 Tuckahoe - 36.0 Old Keene Mill
Tuckahoe,Week2,Lakeview,Week5,378.0 Tuckahoe - 15.0 Lakeview
Truro,Week5,Greenbriar,Week4,254.0 Greenbriar - 148.0 Truro
Tuckahoe,Week2,Canterbury Woods,Week4,341.0 Tuckahoe - 61.0 Canterbury Woods
Tuckahoe,Week3,Old Keene Mill,Week5,367.0 Tuckahoe - 35.0 Old Keene Mill
Truro,Week1,Laurel Hill,Week3,205.0 Truro - 197.0 Laurel Hill
Truro,Week1,Springfield,Week1,341.0 Truro - 58.0 Springfield
Truro,Week2,Laurel Hill,Week5,225.5 Laurel Hill - 175.5 Truro
Tuckahoe,Week3,Lakeview,Week1,383.0 Tuckahoe - 19.0 Lakeview
Tuckahoe,Week4,Old Keene Mill,Week3,375.0 Tuckahoe - 27.0 Old Keene Mill
Truro,Week5,Greenbriar,Week2,263.0 Greenbriar - 139.0 Truro
Truro,Week1,Lee Graham,Week1,310.0 Lee Graham - 92.0 Truro
Truro,Week5,Springfield,Week4,316.0 Truro - 74.0 Springfield
Truro,Week2,Greenbriar,Week4,274.0 Greenbriar - 127.0 Truro
Truro,Week1,Springfield,Week5,353.0 Truro - 43.0 Springfield
Truro,Week2,Laurel Hill,Week1,211.0 Truro - 186.0 Laurel Hill
Truro,Week5,Springfield,Week1,326.0 Truro - 64.0 Springfield
Tuckahoe,Week2,Lakeview,Week3,382.0 Tuckahoe - 20.0 Lakeview
Truro,Week4,Greenbriar,Week5,253.0 Greenbriar - 149.0 Truro
Truro,Week4,Springfield,Week5,353.0 Truro - 41.0 Springfield
Tuckahoe,Week3,Old Keene Mill,Week1,372.0 Tuckahoe - 30.0 Old Keene Mill
Tuckahoe,Week5,Camelot,Week3,333.0 Tuckahoe - 69.0 Camelot
Tuckahoe,Week2,Canterbury Woods,Week3,334.0 Tuckahoe - 68.0 Canterbury Woods
Tuckahoe,Week1,Canterbury Woods,Week2,336.0 Tuckahoe - 66.0 Canterbury Woods
Tuckahoe,Week5,Lakeview,Week3,383.0 Tuckahoe - 19.0 Lakeview
Tuckahoe,Week5,Langley,Week1,267.0 Tuckahoe - 135.0 Langley
Tuckahoe,Week3,Orange Hunt,Week2,320.0 Tuckahoe - 82.0 Orange Hunt
Truro,Week1,Springfield,Week3,337.0 Truro - 56.0 Springfield
Tuckahoe,Week3,Canterbury Woods,Week3,351.0 Tuckahoe - 51.0 Canterbury Woods
Truro,Week1,Sully Station,Week4,291.0 Sully Station - 111.0 Truro
Tuckahoe,Week4,Old Keene Mill,Week5,364.0 Tuckahoe - 38.0 Old Keene Mill
Truro,Week4,Greenbriar,Week4,240.0 Greenbriar - 162.0 Truro
Tuckahoe,Week1,Canterbury Woods,Week1,340.0 Tuckahoe - 62.0 Canterbury Woods
Tuckahoe,Week2,Orange Hunt,Week5,294.0 Tuckahoe - 108.0 Orange Hunt
Tuckahoe,Week5,Lakeview,Week4,379.0 Tuckahoe - 23.0 Lakeview
Truro,Week1,Lee Graham,Week5,323.0 Lee Graham - 79.0 Truro
Truro,Week1,Lee Graham,Week3,324.0 Lee Graham - 78.0 Truro
Truro,Week2,Lee Graham,Week5,337.0 Lee Graham - 65.0 Truro
Truro,Week2,Lee Graham,Week1,322.0 Lee Graham - 80.0 Truro
Tuckahoe,Week4,Camelot,Week2,330.0 Tuckahoe - 72.0 Camelot
Truro,Week1,Stratford,Week1,238.0 Truro - 163.0 Stratford
Tuckahoe,Week2,Canterbury Woods,Week5,330.0 Tuckahoe - 71.0 Canterbury Woods
Tuckahoe,Week4,Lakeview,Week2,391.0 Tuckahoe - 11.0 Lakeview
Truro,Week4,Springfield,Week2,347.0 Truro - 49.0 Springfield
Tuckahoe,Week2,Orange Hunt,Week3,296.0 Tuckahoe - 106.0 Orange Hunt
Truro,Week2,Lee Graham,Week3,340.0 Lee Graham - 62.0 Truro
Truro,Week3,Greenbriar,Week5,273.0 Greenbriar - 128.0 Truro
Tuckahoe,Week5,Old Keene Mill,Week3,362.0 Tuckahoe - 40.0 Old Keene Mill
Tuckahoe,Week4,Langley,Week4,304.0 Tuckahoe - 98.0 Langley
Truro,Week2,Springfield,Week2,320.0 Truro - 56.0 Springfield
Truro,Week1,Hamlet,Week4,325.0 Hamlet - 77.0 Truro
Tuckahoe,Week3,Canterbury Woods,Week4,357.0 Tuckahoe - 45.0 Canterbury Woods
Truro,Week1,Hamlet,Week3,343.0 Hamlet - 59.0 Truro
Truro,Week5,Springfield,Week5,336.0 Truro - 48.0 Springfield
Tuckahoe,Week5,Old Keene Mill,Week4,375.0 Tuckahoe - 27.0 Old Keene Mill
Truro,Week3,Lee Graham,Week3,328.0 Lee Graham - 74.0 Truro
Truro,Week3,Lee Graham,Week2,323.0 Lee Graham - 79.0 Truro
Truro,Week4,Greenbriar,Week3,258.0 Greenbriar - 144.0 Truro
Tuckahoe,Week4,Canterbury Woods,Week2,357.0 Tuckahoe - 45.0 Canterbury Woods
Truro,Week3,Springfield,Week3,332.0 Truro - 60.0 Springfield
Tuckahoe,Week3,Camelot,Week3,337.0 Tuckahoe - 65.0 Camelot
Truro,Week1,Hamlet,Week2,340.0 Hamlet - 62.0 Truro
Truro,Week1,Stratford,Week3,208.0 Truro - 194.0 Stratford
Tuckahoe,Week3,Langley,Week3,308.0 Tuckahoe - 94.0 Langley
Truro,Week2,Lee Graham,Week4,332.0 Lee Graham - 70.0 Truro
Truro,Week2,Greenbriar,Week5,269.0 Greenbriar - 133.0 Truro
Tuckahoe,Week4,Lakeview,Week1,384.0 Tuckahoe - 18.0 Lakeview
Tuckahoe,Week4,Langley,Week2,295.5 Tuckahoe - 106.5 Langley
Truro,Week2,Greenbriar,Week2,299.0 Greenbriar - 101.0 Truro
Tuckahoe,Week1,Orange Hunt,Week5,296.0 Tuckahoe - 106.0 Orange Hunt
Tuckahoe,Week5,Old Keene Mill,Week2,359.0 Tuckahoe - 43.0 Old Keene Mill
Tuckahoe,Week2,Old Keene Mill,Week2,364.0 Tuckahoe - 38.0 Old Keene Mill
Tuckahoe,Week2,Canterbury Woods,Week2,339.0 Tuckahoe - 63.0 Canterbury Woods
Tuckahoe,Week4,Canterbury Woods,Week4,347.0 Tuckahoe - 55.0 Canterbury Woods
Tuckahoe,Week4,Canterbury Woods,Week5,351.0 Tuckahoe - 51.0 Canterbury Woods
Tuckahoe,Week3,Canterbury Woods,Week5,350.0 Tuckahoe - 52.0 Canterbury Woods
Truro,Week3,Lee Graham,Week5,326.5 Lee Graham - 75.5 Truro
Truro,Week1,Stratford,Week5,212.0 Truro - 190.0 Stratford
Tuckahoe,Week4,Lakeview,Week3,385.0 Tuckahoe - 17.0 Lakeview
Tuckahoe,Week1,Langley,Week5,265.0 Tuckahoe - 137.0 Langley
Truro,Week3,Lee Graham,Week4,326.0 Lee Graham - 76.0 Truro
Truro,Week1,Hamlet,Week5,342.0 Hamlet - 60.0 Truro
Truro,Week2,Stratford,Week1,206.0 Truro - 195.0 Stratford
Truro,Week2,Stratford,Week5,226.0 Stratford - 172.0 Truro
Truro,Week2,Hamlet,Week2,347.0 Hamlet - 54.0 Truro
Truro,Week2,Sully Station,Week1,309.0 Sully Station - 89.0 Truro
Tuckahoe,Week3,Langley,Week1,303.0 Tuckahoe - 99.0 Langley
Truro,Week2,Hamlet,Week1,330.0 Hamlet - 70.0 Truro
Tuckahoe,Week3,Orange Hunt,Week4,335.0 Tuckahoe - 67.0 Orange Hunt
Tuckahoe,Week1,Orange Hunt,Week2,304.0 Tuckahoe - 98.0 Orange Hunt
Truro,Week3,Lee Graham,Week1,310.0 Lee Graham - 92.0 Truro
Truro,Week4,Lee Graham,Week1,298.0 Lee Graham - 104.0 Truro
Tuckahoe,Week5,Canterbury Woods,Week1,357.0 Tuckahoe - 45.0 Canterbury Woods
Truro,Week1,Hamlet,Week1,326.0 Hamlet - 75.0 Truro
Tuckahoe,Week3,Orange Hunt,Week5,314.0 Tuckahoe - 88.0 Orange Hunt
Tuckahoe,Week5,Canterbury Woods,Week3,344.0 Tuckahoe - 58.0 Canterbury Woods
Tuckahoe,Week1,Langley,Week1,255.0 Tuckahoe - 147.0 Langley
Truro,Week1,Stratford,Week4,207.0 Stratford - 195.0 Truro
Tuckahoe,Week1,Orange Hunt,Week4,308.0 Tuckahoe - 94.0 Orange Hunt
Tuckahoe,Week4,Orange Hunt,Week1,334.0 Tuckahoe - 68.0 Orange Hunt
Truro,Week3,Greenbriar,Week1,277.0 Greenbriar - 125.0 Truro
Tuckahoe,Week5,Canterbury Woods,Week2,355.0 Tuckahoe - 47.0 Canterbury Woods
Tuckahoe,Week5,Lakeview,Week5,385.0 Tuckahoe - 8.0 Lakeview
Truro,Week4,Stratford,Week3,202.0 Stratford - 200.0 Truro
Tuckahoe,Week2,Orange Hunt,Week1,305.0 Tuckahoe - 97.0 Orange Hunt
Tuckahoe,Week4,Lakeview,Week5,382.0 Tuckahoe - 11.0 Lakeview
Truro,Week5,Greenbriar,Week3,275.5 Greenbriar - 126.5 Truro
Truro,Week4,Lee Graham,Week4,312.0 Lee Graham - 90.0 Truro
Tuckahoe,Week3,Orange Hunt,Week3,324.0 Tuckahoe - 78.0 Orange Hunt
Truro,Week4,Lee Graham,Week2,303.0 Lee Graham - 99.0 Truro
Tuckahoe,Week5,Lakeview,Week1,385.0 Tuckahoe - 17.0 Lakeview
Truro,Week3,Stratford,Week4,230.0 Stratford - 172.0 Truro
Truro,Week4,Lee Graham,Week5,324.0 Lee Graham - 78.0 Truro
Truro,Week3,Stratford,Week5,220.0 Stratford - 182.0 Truro
Tuckahoe,Week4,Cardinal Hill,Week2,329.0 Tuckahoe - 73.0 Cardinal Hill
Tuckahoe,Week4,Lakeview,Week4,377.0 Tuckahoe - 25.0 Lakeview
Truro,Week2,Greenbriar,Week3,302.0 Greenbriar - 99.0 Truro
Tuckahoe,Week5,Cardinal Hill,Week5,301.0 Tuckahoe - 101.0 Cardinal Hill
Truro,Week5,Greenbriar,Week1,264.0 Greenbriar - 138.0 Truro
Tuckahoe,Week2,Orange Hunt,Week4,301.0 Tuckahoe - 101.0 Orange Hunt
Truro,Week4,Lee Graham,Week3,318.0 Lee Graham - 84.0 Truro
Truro,Week3,Stratford,Week3,208.0 Stratford - 194.0 Truro
Truro,Week5,Greenbriar,Week5,268.0 Greenbriar - 134.0 Truro
Truro,Week3,Stratford,Week1,228.0 Truro - 173.0 Stratford
Tuckahoe,Week5,Orange Hunt,Week1,328.0 Tuckahoe - 74.0 Orange Hunt
Truro,Week1,Fair Oaks ,Week2,240.0 Fair Oaks - 162.0 Truro
Tuckahoe,Week5,Cardinal Hill,Week3,296.0 Tuckahoe - 106.0 Cardinal Hill
Tuckahoe,Week3,Lakeview,Week5,376.0 Tuckahoe - 17.0 Lakeview
Tuckahoe,Week2,Langley,Week1,271.0 Tuckahoe - 131.0 Langley
Truro,Week3,Stratford,Week2,202.0 Stratford - 200.0 Truro
Tuckahoe,Week4,Orange Hunt,Week2,325.0 Tuckahoe - 77.0 Orange Hunt
Truro,Week4,Stratford,Week1,236.0 Truro - 165.0 Stratford
Tuckahoe,Week2,Cardinal Hill,Week4,309.0 Tuckahoe - 93.0 Cardinal Hill
Truro,Week2,Stratford,Week2,208.0 Stratford - 188.0 Truro
Tuckahoe,Week3,Overlee,Week1,262.0 Tuckahoe - 140.0 Overlee
Tuckahoe,Week2,Langley,Week5,281.0 Tuckahoe - 121.0 Langley
Tuckahoe,Week3,Cardinal Hill,Week2,321.0 Tuckahoe - 81.0 Cardinal Hill
Tuckahoe,Week5,Canterbury Woods,Week5,342.0 Tuckahoe - 60.0 Canterbury Woods
Tuckahoe,Week2,Cardinal Hill,Week5,293.0 Tuckahoe - 109.0 Cardinal Hill
Tuckahoe,Week5,Cardinal Hill,Week4,306.0 Tuckahoe - 96.0 Cardinal Hill
Tuckahoe,Week1,Cardinal Hill,Week3,275.5 Tuckahoe - 126.5 Cardinal Hill
Truro,Week4,Stratford,Week5,205.5 Truro - 196.5 Stratford
Truro,Week3,Fair Oaks ,Week1,282.0 Fair Oaks - 120.0 Truro
Tuckahoe,Week3,Cardinal Hill,Week3,303.0 Tuckahoe - 99.0 Cardinal Hill
Tuckahoe,Week2,Overlee,Week5,233.0 Overlee - 169.0 Tuckahoe
Tuckahoe,Week1,Orange Hunt,Week1,306.0 Tuckahoe - 96.0 Orange Hunt
Truro,Week5,Stratford,Week5,206.0 Truro - 195.0 Stratford
Truro,Week2,Stratford,Week4,250.0 Stratford - 151.0 Truro
Tuckahoe,Week3,Orange Hunt,Week1,334.0 Tuckahoe - 68.0 Orange Hunt
Truro,Week5,Stratford,Week2,200.0 Stratford - 197.0 Truro
Truro,Week3,Greenbriar,Week3,286.0 Greenbriar - 116.0 Truro
Tuckahoe,Week3,Langley,Week5,295.0 Tuckahoe - 107.0 Langley
Tuckahoe,Week3,Lakeview,Week4,379.0 Tuckahoe - 23.0 Lakeview
Tuckahoe,Week2,Cardinal Hill,Week2,307.5 Tuckahoe - 94.5 Cardinal Hill
Tuckahoe,Week4,Orange Hunt,Week4,327.0 Tuckahoe - 75.0 Orange Hunt
Tuckahoe,Week1,Langley,Week2,284.0 Tuckahoe - 118.0 Langley
Tuckahoe,Week3,Cardinal Hill,Week5,316.0 Tuckahoe - 86.0 Cardinal Hill
Tuckahoe,Week3,Langley,Week2,306.0 Tuckahoe - 96.0 Langley
Truro,Week4,Stratford,Week4,219.0 Stratford - 183.0 Truro
Tuckahoe,Week1,Langley,Week3,261.0 Tuckahoe - 141.0 Langley
Tuckahoe,Week2,Langley,Week4,277.5 Tuckahoe - 124.5 Langley
Truro,Week4,Stratford,Week2,209.0 Truro - 193.0 Stratford
Tuckahoe,Week3,Cardinal Hill,Week1,310.0 Tuckahoe - 92.0 Cardinal Hill
Tuckahoe,Week3,Langley,Week4,304.0 Tuckahoe - 98.0 Langley
Tuckahoe,Week1,Cardinal Hill,Week5,282.0 Tuckahoe - 120.0 Cardinal Hill
Tuckahoe,Week4,Orange Hunt,Week3,323.0 Tuckahoe - 79.0 Orange Hunt
Tuckahoe,Week2,Orange Hunt,Week2,303.0 Tuckahoe - 99.0 Orange Hunt
Tuckahoe,Week1,Orange Hunt,Week3,305.0 Tuckahoe - 97.0 Orange Hunt
Truro,Week2,Stratford,Week3,221.0 Stratford - 180.0 Truro
Tuckahoe,Week2,Langley,Week2,283.0 Tuckahoe - 119.0 Langley
Tuckahoe,Week5,Overlee,Week1,230.0 Tuckahoe - 172.0 Overlee
Tuckahoe,Week1,Overlee,Week2,214.0 Overlee - 188.0 Tuckahoe
Truro,Week2,Fair Oaks ,Week5,286.0 Fair Oaks - 116.0 Truro
Truro,Week5,Stratford,Week4,216.0 Stratford - 186.0 Truro
Tuckahoe,Week2,Cardinal Hill,Week1,286.0 Tuckahoe - 116.0 Cardinal Hill
Truro,Week1,Fair Oaks ,Week1,269.0 Fair Oaks - 133.0 Truro
Tuckahoe,Week1,Langley,Week4,263.0 Tuckahoe - 139.0 Langley
Tuckahoe,Week4,Langley,Week1,286.0 Tuckahoe - 116.0 Langley
Tuckahoe,Week1,Cardinal Hill,Week1,282.0 Tuckahoe - 120.0 Cardinal Hill
Tuckahoe,Week4,Cardinal Hill,Week1,313.0 Tuckahoe - 89.0 Cardinal Hill
Tuckahoe,Week4,Langley,Week5,290.0 Tuckahoe - 112.0 Langley
Tuckahoe,Week1,Overlee,Week4,265.0 Overlee - 137.0 Tuckahoe
Truro,Week3,Fair Oaks ,Week3,271.0 Fair Oaks - 131.0 Truro
Truro,Week3,Fair Oaks ,Week5,292.0 Fair Oaks - 110.0 Truro
Tuckahoe,Week4,Langley,Week3,300.0 Tuckahoe - 102.0 Langley
Tuckahoe,Week4,Cardinal Hill,Week4,318.0 Tuckahoe - 84.0 Cardinal Hill
Truro,Week5,Stratford,Week3,203.0 Stratford - 199.0 Truro
Truro,Week1,Sully Station,Week3,270.0 Sully Station - 132.0 Truro
Tuckahoe,Week4,Cardinal Hill,Week5,315.5 Tuckahoe - 86.5 Cardinal Hill
Tuckahoe,Week2,Langley,Week3,275.0 Tuckahoe - 127.0 Langley
Tuckahoe,Week2,Overlee,Week3,207.0 Tuckahoe - 195.0 Overlee
Truro,Week1,Sully Station,Week2,267.0 Sully Station - 135.0 Truro
Tuckahoe,Week1,Overlee,Week3,201.5 Overlee - 200.5 Tuckahoe
Tuckahoe,Week5,Orange Hunt,Week2,321.0 Tuckahoe - 81.0 Orange Hunt
Truro,Week1,Sully Station,Week1,279.0 Sully Station - 123.0 Truro
Tuckahoe,Week1,Lee Graham,Week2,269.0 Tuckahoe - 133.0 Lee Graham
Tuckahoe,Week2,Cardinal Hill,Week3,278.0 Tuckahoe - 124.0 Cardinal Hill
Truro,Week2,Fair Oaks ,Week4,268.0 Fair Oaks - 134.0 Truro
Tuckahoe,Week3,Overlee,Week3,257.5 Tuckahoe - 144.5 Overlee
Truro,Week3,Sully Station,Week3,278.0 Sully Station - 124.0 Truro
Tuckahoe,Week4,Laurel Hill,Week1,364.0 Tuckahoe - 38.0 Laurel Hill
Tuckahoe,Week1,Cardinal Hill,Week4,298.0 Tuckahoe - 104.0 Cardinal Hill
Tuckahoe,Week4,Orange Hunt,Week5,321.0 Tuckahoe - 81.0 Orange Hunt
Truro,Week2,Fair Oaks ,Week3,259.0 Fair Oaks - 143.0 Truro
Tuckahoe,Week2,Overlee,Week1,220.0 Tuckahoe - 182.0 Overlee
Truro,Week2,Sully Station,Week5,319.0 Sully Station - 83.0 Truro
Tuckahoe,Week3,Cardinal Hill,Week4,317.5 Tuckahoe - 84.5 Cardinal Hill
Truro,Week3,Sully Station,Week2,280.0 Sully Station - 122.0 Truro
Tuckahoe,Week3,Overlee,Week5,214.0 Tuckahoe - 188.0 Overlee
Tuckahoe,Week2,Overlee,Week4,267.0 Overlee - 135.0 Tuckahoe
Tuckahoe,Week5,Cardinal Hill,Week1,303.0 Tuckahoe - 99.0 Cardinal Hill
Tuckahoe,Week4,Laurel Hill,Week5,357.0 Tuckahoe - 45.0 Laurel Hill
Tuckahoe,Week5,Langley,Week2,285.0 Tuckahoe - 117.0 Langley
Tuckahoe,Week4,Cardinal Hill,Week3,308.0 Tuckahoe - 94.0 Cardinal Hill
Truro,Week1,Sully Station,Week5,291.0 Sully Station - 111.0 Truro
Tuckahoe,Week1,Cardinal Hill,Week2,309.0 Tuckahoe - 93.0 Cardinal Hill
Tuckahoe,Week5,Langley,Week5,283.0 Tuckahoe - 119.0 Langley
Truro,Week3,Sully Station,Week1,302.0 Sully Station - 100.0 Truro
Truro,Week3,Fair Oaks ,Week2,251.0 Fair Oaks - 151.0 Truro
Truro,Week3,Fair Oaks ,Week4,274.0 Fair Oaks - 128.0 Truro
Tuckahoe,Week5,Orange Hunt,Week5,311.0 Tuckahoe - 91.0 Orange Hunt
Truro,Week5,Stratford,Week1,235.0 Truro - 166.0 Stratford
Tuckahoe,Week1,Laurel Hill,Week1,354.0 Tuckahoe - 48.0 Laurel Hill
Truro,Week2,Sully Station,Week2,302.0 Sully Station - 95.0 Truro
Truro,Week4,Fair Oaks ,Week1,262.0 Fair Oaks - 140.0 Truro
Truro,Week5,Sully Station,Week4,287.0 Sully Station - 115.0 Truro
Tuckahoe,Week4,Chesterbrook,Week1,226.5 Tuckahoe - 175.5 Chesterbrook
Tuckahoe,Week4,Overlee,Week4,205.0 Overlee - 197.0 Tuckahoe
Tuckahoe,Week5,Cardinal Hill,Week2,316.0 Tuckahoe - 86.0 Cardinal Hill
Truro,Week3,Sully Station,Week5,299.0 Sully Station - 103.0 Truro
Tuckahoe,Week5,Orange Hunt,Week4,321.0 Tuckahoe - 81.0 Orange Hunt
Truro,Week3,Sully Station,Week4,304.0 Sully Station - 98.0 Truro
Truro,Week1,Fair Oaks ,Week3,255.0 Fair Oaks - 147.0 Truro
Tuckahoe,Week1,Laurel Hill,Week2,370.0 Tuckahoe - 32.0 Laurel Hill
Tuckahoe,Week3,Chesterbrook,Week1,235.0 Tuckahoe - 167.0 Chesterbrook
Tuckahoe,Week3,Overlee,Week2,249.0 Tuckahoe - 153.0 Overlee
Tuckahoe,Week1,Laurel Hill,Week4,355.0 Tuckahoe - 47.0 Laurel Hill
Tuckahoe,Week3,Overlee,Week4,216.0 Overlee - 186.0 Tuckahoe
Tuckahoe,Week5,Langley,Week4,279.0 Tuckahoe - 123.0 Langley
Tuckahoe,Week1,Laurel Hill,Week3,354.0 Tuckahoe - 47.0 Laurel Hill
Tuckahoe,Week1,Overlee,Week1,213.0 Tuckahoe - 189.0 Overlee
Truro,Week4,Fair Oaks ,Week3,262.0 Fair Oaks - 140.0 Truro
Tuckahoe,Week3,Laurel Hill,Week1,368.0 Tuckahoe - 34.0 Laurel Hill
Truro,Week4,Sully Station,Week5,284.0 Sully Station - 118.0 Truro
Tuckahoe,Week3,Laurel Hill,Week4,367.0 Tuckahoe - 35.0 Laurel Hill
Tuckahoe,Week4,Chesterbrook,Week4,220.0 Tuckahoe - 182.0 Chesterbrook
Truro,Week2,Fair Oaks ,Week1,279.0 Fair Oaks - 123.0 Truro
Truro,Week1,Fair Oaks ,Week5,277.0 Fair Oaks - 125.0 Truro
Truro,Week1,Fair Oaks ,Week4,261.0 Fair Oaks - 141.0 Truro
Tuckahoe,Week1,Chesterbrook,Week4,240.0 Chesterbrook - 162.0 Tuckahoe
Tuckahoe,Week4,Overlee,Week1,249.0 Tuckahoe - 153.0 Overlee
Tuckahoe,Week4,Overlee,Week5,210.0 Tuckahoe - 192.0 Overlee
Truro,Week2,Sully Station,Week4,312.0 Sully Station - 89.0 Truro
Tuckahoe,Week3,Laurel Hill,Week5,364.0 Tuckahoe - 38.0 Laurel Hill
Tuckahoe,Week3,Laurel Hill,Week3,369.0 Tuckahoe - 33.0 Laurel Hill
Tuckahoe,Week1,Commonwealth,Week2,332.0 Tuckahoe - 70.0 Commonwealth
Truro,Week2,Sully Station II,Week5,329.0 Sully Station II - 73.0 Truro
Tuckahoe,Week4,Overlee,Week2,249.0 Tuckahoe - 153.0 Overlee
Tuckahoe,Week1,Overlee,Week5,241.0 Overlee - 161.0 Tuckahoe
Tuckahoe,Week3,Chesterbrook,Week5,221.0 Tuckahoe - 181.0 Chesterbrook
Tuckahoe,Week2,Chesterbrook,Week2,224.0 Chesterbrook - 178.0 Tuckahoe
Truro,Week4,Sully Station,Week3,274.0 Sully Station - 128.0 Truro
Tuckahoe,Week2,Laurel Hill,Week5,352.0 Tuckahoe - 50.0 Laurel Hill
Tuckahoe,Week2,Laurel Hill,Week1,365.0 Tuckahoe - 37.0 Laurel Hill
Tuckahoe,Week4,Overlee,Week3,252.0 Tuckahoe - 150.0 Overlee
Tuckahoe,Week2,Overlee,Week2,204.0 Tuckahoe - 198.0 Overlee
Tuckahoe,Week2,Laurel Hill,Week4,370.0 Tuckahoe - 32.0 Laurel Hill
Truro,Week4,Fair Oaks ,Week2,229.0 Fair Oaks - 173.0 Truro
Truro,Week3,Sully Station II,Week1,280.0 Sully Station II - 122.0 Truro
Tuckahoe,Week2,Chesterbrook,Week1,209.0 Chesterbrook - 193.0 Tuckahoe
Tuckahoe,Week1,Commonwealth,Week4,347.0 Tuckahoe - 55.0 Commonwealth
Truro,Week2,Sully Station,Week3,293.0 Sully Station - 108.0 Truro
Truro,Week3,Sully Station II,Week2,314.0 Sully Station II - 88.0 Truro
Truro,Week1,Sully Station II,Week2,290.0 Sully Station II - 112.0 Truro
Truro,Week5,Sully Station,Week3,277.0 Sully Station - 125.0 Truro
Tuckahoe,Week3,Parklawn,Week2,359.0 Tuckahoe - 43.0 Parklawn
Tuckahoe,Week1,Chesterbrook,Week5,243.0 Chesterbrook - 159.0 Tuckahoe
Tuckahoe,Week2,Laurel Hill,Week2,374.0 Tuckahoe - 28.0 Laurel Hill
Tuckahoe,Week5,Laurel Hill,Week4,372.0 Tuckahoe - 30.0 Laurel Hill
Tuckahoe,Week4,Parklawn,Week5,357.0 Tuckahoe - 45.0 Parklawn
Tuckahoe,Week4,Laurel Hill,Week4,365.0 Tuckahoe - 37.0 Laurel Hill
Truro,Week2,Fair Oaks ,Week2,250.0 Fair Oaks - 152.0 Truro
Truro,Week5,Pinewood Lake,Week1,329.0 Truro - 57.0 Pinewood Lake
Tuckahoe,Week1,Laurel Hill,Week5,341.0 Tuckahoe - 61.0 Laurel Hill
Tuckahoe,Week1,Chesterbrook,Week2,240.0 Chesterbrook - 162.0 Tuckahoe
Truro,Week4,Sully Station,Week1,288.0 Sully Station - 114.0 Truro
Tuckahoe,Week3,Chesterbrook,Week4,225.0 Tuckahoe - 177.0 Chesterbrook
Tuckahoe,Week4,Chesterbrook,Week2,222.0 Tuckahoe - 180.0 Chesterbrook
Tuckahoe,Week4,Laurel Hill,Week2,378.0 Tuckahoe - 24.0 Laurel Hill
Tuckahoe,Week3,Parklawn,Week3,368.0 Tuckahoe - 34.0 Parklawn
Truro,Week1,Sully Station II,Week1,277.0 Sully Station II - 125.0 Truro
Tuckahoe,Week1,Chesterbrook,Week1,231.5 Chesterbrook - 170.5 Tuckahoe
Tuckahoe,Week5,Orange Hunt,Week3,308.0 Tuckahoe - 94.0 Orange Hunt
Truro,Week5,Sully Station,Week5,286.0 Sully Station - 116.0 Truro
Tuckahoe,Week4,Parklawn,Week4,351.0 Tuckahoe - 50.0 Parklawn
Truro,Week1,Sully Station II,Week5,312.0 Sully Station II - 90.0 Truro
Truro,Week1,Sully Station II,Week4,270.0 Sully Station II - 132.0 Truro
Tuckahoe,Week3,Chesterbrook,Week3,209.0 Chesterbrook - 193.0 Tuckahoe
Truro,Week2,Sully Station II,Week2,313.0 Sully Station II - 89.0 Truro
Truro,Week5,Pleasant Valley,Week2,265.0 Truro - 132.0 Pleasant Valley
Truro,Week5,Sully Station,Week1,283.0 Sully Station - 118.0 Truro
Tuckahoe,Week1,Parklawn,Week1,347.0 Tuckahoe - 46.0 Parklawn
Tuckahoe,Week4,Chesterbrook,Week3,223.0 Chesterbrook - 179.0 Tuckahoe
Tuckahoe,Week2,Chesterbrook,Week4,226.0 Chesterbrook - 176.0 Tuckahoe
Truro,Week2,Pleasant Valley,Week5,251.0 Truro - 148.0 Pleasant Valley
Tuckahoe,Week2,Parklawn,Week3,365.0 Tuckahoe - 36.0 Parklawn
Truro,Week3,Pleasant Valley,Week2,257.0 Truro - 144.0 Pleasant Valley
Tuckahoe,Week3,Parklawn,Week5,358.0 Tuckahoe - 44.0 Parklawn
Tuckahoe,Week4,Laurel Hill,Week3,368.0 Tuckahoe - 34.0 Laurel Hill
Truro,Week4,Sully Station,Week2,273.0 Sully Station - 129.0 Truro
Tuckahoe,Week5,Overlee,Week2,220.0 Tuckahoe - 182.0 Overlee
Tuckahoe,Week5,Parklawn,Week1,355.0 Tuckahoe - 38.0 Parklawn
Tuckahoe,Week5,Laurel Hill,Week5,352.0 Tuckahoe - 50.0 Laurel Hill
Tuckahoe,Week2,Parklawn,Week4,341.0 Tuckahoe - 60.0 Parklawn
Truro,Week5,Pinewood Lake,Week3,337.0 Truro - 56.0 Pinewood Lake
Tuckahoe,Week5,Laurel Hill,Week3,370.0 Tuckahoe - 31.0 Laurel Hill
Truro,Week4,Pinewood Lake,Week4,351.0 Truro - 42.0 Pinewood Lake
Tuckahoe,Week1,Chesterbrook,Week3,284.0 Chesterbrook - 118.0 Tuckahoe
Tuckahoe,Week2,Chesterbrook,Week3,264.0 Chesterbrook - 138.0 Tuckahoe
Tuckahoe,Week2,Laurel Hill,Week3,365.0 Tuckahoe - 37.0 Laurel Hill
Truro,Week5,Pinewood Lake,Week5,330.0 Truro - 65.0 Pinewood Lake
Tuckahoe,Week2,Chesterbrook,Week5,233.0 Chesterbrook - 169.0 Tuckahoe
Tuckahoe,Week5,Langley,Week3,287.5 Tuckahoe - 114.5 Langley
Tuckahoe,Week3,Lee Graham,Week2,305.0 Tuckahoe - 97.0 Lee Graham
Tuckahoe,Week5,Chesterbrook,Week1,203.0 Tuckahoe - 199.0 Chesterbrook
Truro,Week1,Pleasant Valley,Week4,284.0 Truro - 111.0 Pleasant Valley
Tuckahoe,Week1,Parklawn,Week3,354.0 Tuckahoe - 48.0 Parklawn
Tuckahoe,Week5,Laurel Hill,Week2,379.0 Tuckahoe - 23.0 Laurel Hill
Truro,Week2,Sully Station II,Week4,292.0 Sully Station II - 110.0 Truro
Truro,Week5,Pinewood Lake,Week2,330.0 Truro - 58.0 Pinewood Lake
Tuckahoe,Week1,Lee Graham,Week1,262.0 Tuckahoe - 140.0 Lee Graham
Tuckahoe,Week3,Lee Graham,Week3,287.0 Tuckahoe - 115.0 Lee Graham
Tuckahoe,Week5,Parklawn,Week2,357.5 Tuckahoe - 44.5 Parklawn
Truro,Week1,Pleasant Valley,Week2,271.0 Truro - 127.0 Pleasant Valley
Truro,Week1,Sully Station II,Week3,313.0 Sully Station II - 89.0 Truro
Tuckahoe,Week3,Laurel Hill,Week2,379.0 Tuckahoe - 22.0 Laurel Hill
Truro,Week3,Pleasant Valley,Week3,234.0 Truro - 168.0 Pleasant Valley
Truro,Week4,Sully Station,Week4,287.0 Sully Station - 115.0 Truro
Truro,Week2,Sully Station II,Week3,323.0 Sully Station II - 79.0 Truro
Tuckahoe,Week5,Chesterbrook,Week2,209.0 Tuckahoe - 193.0 Chesterbrook
Truro,Week4,Pleasant Valley,Week3,251.0 Truro - 151.0 Pleasant Valley
Truro,Week2,Pleasant Valley,Week1,264.0 Truro - 133.0 Pleasant Valley
Tuckahoe,Week5,Laurel Hill,Week1,361.0 Tuckahoe - 41.0 Laurel Hill
Truro,Week3,Pleasant Valley,Week4,269.0 Truro - 131.0 Pleasant Valley
Tuckahoe,Week2,Lincolnia Park,Week2,373.0 Tuckahoe - 20.0 Lincolnia Park
Tuckahoe,Week1,Commonwealth,Week3,339.0 Tuckahoe - 63.0 Commonwealth
Tuckahoe,Week4,Parklawn,Week3,369.0 Tuckahoe - 33.0 Parklawn
Tuckahoe,Week3,Commonwealth,Week2,336.5 Tuckahoe - 65.5 Commonwealth
Truro,Week2,Pleasant Valley,Week2,253.0 Truro - 143.0 Pleasant Valley
Tuckahoe,Week3,Chesterbrook,Week2,231.0 Tuckahoe - 171.0 Chesterbrook
Tuckahoe,Week5,Overlee,Week3,217.0 Tuckahoe - 185.0 Overlee
Tuckahoe,Week2,Commonwealth,Week3,341.0 Tuckahoe - 61.0 Commonwealth
Tuckahoe,Week3,Parklawn,Week4,347.0 Tuckahoe - 55.0 Parklawn
Tuckahoe,Week2,Lee Graham,Week1,265.0 Tuckahoe - 137.0 Lee Graham
Tuckahoe,Week3,Lee Graham,Week1,285.0 Tuckahoe - 117.0 Lee Graham
Truro,Week4,Pleasant Valley,Week1,273.0 Truro - 128.0 Pleasant Valley
Tuckahoe,Week1,Lincolnia Park,Week1,382.0 Tuckahoe - 20.0 Lincolnia Park
Truro,Week1,Pleasant Valley,Week5,267.0 Truro - 128.0 Pleasant Valley
Tuckahoe,Week1,Parklawn,Week5,339.0 Tuckahoe - 63.0 Parklawn
Tuckahoe,Week4,Parklawn,Week1,363.0 Tuckahoe - 30.0 Parklawn
Tuckahoe,Week1,Commonwealth,Week1,349.0 Tuckahoe - 53.0 Commonwealth
Tuckahoe,Week5,Chesterbrook,Week5,220.0 Chesterbrook - 182.0 Tuckahoe
Tuckahoe,Week5,Chesterbrook,Week3,259.5 Chesterbrook - 142.5 Tuckahoe
Tuckahoe,Week2,Parklawn,Week5,341.0 Tuckahoe - 60.0 Parklawn
Truro,Week5,Sully Station,Week2,282.0 Sully Station - 115.0 Truro
Tuckahoe,Week1,Lincolnia Park,Week5,361.0 Tuckahoe - 32.0 Lincolnia Park
Truro,Week1,Pleasant Valley,Week3,253.0 Truro - 148.0 Pleasant Valley
Tuckahoe,Week1,Parklawn,Week2,349.0 Tuckahoe - 53.0 Parklawn
Tuckahoe,Week2,Parklawn,Week2,359.0 Tuckahoe - 42.0 Parklawn
Tuckahoe,Week5,Chesterbrook,Week4,207.0 Chesterbrook - 195.0 Tuckahoe
Tuckahoe,Week4,Chesterbrook,Week5,207.0 Tuckahoe - 195.0 Chesterbrook
Truro,Week2,Sully Station II,Week1,294.0 Sully Station II - 108.0 Truro
Tuckahoe,Week4,Parklawn,Week2,362.0 Tuckahoe - 40.0 Parklawn
Truro,Week5,Pinewood Lake,Week4,335.0 Truro - 61.0 Pinewood Lake
Tuckahoe,Week5,Overlee,Week4,236.0 Overlee - 166.0 Tuckahoe
Tuckahoe,Week1,Commonwealth,Week5,331.0 Tuckahoe - 71.0 Commonwealth
Truro,Week2,Pleasant Valley,Week3,240.0 Truro - 162.0 Pleasant Valley
Tuckahoe,Week5,Commonwealth,Week4,350.0 Tuckahoe - 52.0 Commonwealth
Tuckahoe,Week4,Lee Graham,Week5,280.5 Tuckahoe - 121.5 Lee Graham
Tuckahoe,Week5,Lee Graham,Week5,266.0 Tuckahoe - 136.0 Lee Graham
Tuckahoe,Week5,Overlee,Week5,202.0 Tuckahoe - 200.0 Overlee
Tuckahoe,Week4,Lee Graham,Week4,282.0 Tuckahoe - 120.0 Lee Graham
Tuckahoe,Week4,Lee Graham,Week3,287.5 Tuckahoe - 114.5 Lee Graham
Tuckahoe,Week1,Cottontail,Week1,336.0 Tuckahoe - 66.0 Cottontail
Tuckahoe,Week2,Cottontail,Week4,348.0 Tuckahoe - 54.0 Cottontail
Tuckahoe,Week1,Parklawn,Week4,338.0 Tuckahoe - 64.0 Parklawn
Tuckahoe,Week5,Lee Graham,Week3,279.0 Tuckahoe - 123.0 Lee Graham
Tuckahoe,Week2,Parklawn,Week1,363.0 Tuckahoe - 30.0 Parklawn
Truro,Week5,Pleasant Valley,Week1,262.0 Truro - 135.0 Pleasant Valley
Tuckahoe,Week3,Parklawn,Week1,367.0 Tuckahoe - 26.0 Parklawn
Truro,Week4,Pinewood Lake,Week5,343.0 Truro - 51.0 Pinewood Lake
Tuckahoe,Week4,Lee Graham,Week1,284.0 Tuckahoe - 118.0 Lee Graham
Tuckahoe,Week4,Commonwealth,Week4,353.0 Tuckahoe - 49.0 Commonwealth
Tuckahoe,Week5,Commonwealth,Week2,330.0 Tuckahoe - 72.0 Commonwealth
Truro,Week1,Pleasant Valley,Week1,267.0 Truro - 131.0 Pleasant Valley
Truro,Week4,Newington Forest,Week1,241.0 Truro - 160.0 Newington Forest
Truro,Week1,Newington Forest,Week3,234.0 Truro - 168.0 Newington Forest
Tuckahoe,Week1,Lee Graham,Week5,255.0 Tuckahoe - 147.0 Lee Graham
Truro,Week4,Pleasant Valley,Week5,262.0 Truro - 137.0 Pleasant Valley
Tuckahoe,Week3,Commonwealth,Week1,349.0 Tuckahoe - 53.0 Commonwealth
Tuckahoe,Week3,Cottontail,Week4,355.0 Tuckahoe - 47.0 Cottontail
Tuckahoe,Week1,Lee Graham,Week4,261.5 Tuckahoe - 140.5 Lee Graham
Tuckahoe,Week2,Commonwealth,Week5,337.0 Tuckahoe - 65.0 Commonwealth
Tuckahoe,Week1,Lincolnia Park,Week2,373.0 Tuckahoe - 20.0 Lincolnia Park
Tuckahoe,Week2,Lee Graham,Week3,262.0 Tuckahoe - 140.0 Lee Graham
Tuckahoe,Week2,Commonwealth,Week2,330.0 Tuckahoe - 72.0 Commonwealth
Truro,Week5,Poplar Heights,Week1,260.0 Poplar Heights - 141.0 Truro
Truro,Week2,Pleasant Valley,Week4,270.0 Truro - 122.0 Pleasant Valley
Truro,Week4,Pleasant Valley,Week4,274.0 Truro - 122.0 Pleasant Valley
Truro,Week3,Mount Vernon Park,Week4,310.0 Mount Vernon Park - 92.0 Truro
Truro,Week5,Poplar Heights,Week3,271.0 Poplar Heights - 131.0 Truro
Tuckahoe,Week5,Commonwealth,Week3,337.0 Tuckahoe - 65.0 Commonwealth
Truro,Week3,Pleasant Valley,Week5,258.0 Truro - 142.0 Pleasant Valley
Truro,Week3,Pleasant Valley,Week1,246.0 Truro - 155.0 Pleasant Valley
Tuckahoe,Week1,Lincolnia Park,Week4,377.0 Tuckahoe - 25.0 Lincolnia Park
Truro,Week3,Newington Forest,Week4,202.0 Newington Forest - 200.0 Truro
Tuckahoe,Week2,Lee Graham,Week4,271.0 Tuckahoe - 131.0 Lee Graham
Truro,Week4,Pleasant Valley,Week2,267.0 Truro - 134.0 Pleasant Valley
Truro,Week4,Mount Vernon Park,Week1,300.0 Mount Vernon Park - 102.0 Truro
Tuckahoe,Week1,Lee Graham,Week3,263.0 Tuckahoe - 139.0 Lee Graham
Tuckahoe,Week3,Cottontail,Week1,348.0 Tuckahoe - 54.0 Cottontail
Tuckahoe,Week4,Commonwealth,Week1,348.0 Tuckahoe - 54.0 Commonwealth
Tuckahoe,Week3,Lee Graham,Week4,300.0 Tuckahoe - 102.0 Lee Graham
Tuckahoe,Week5,Lincolnia Park,Week4,377.0 Tuckahoe - 25.0 Lincolnia Park
Truro,Week3,Mount Vernon Park,Week5,330.0 Mount Vernon Park - 72.0 Truro
Tuckahoe,Week4,Commonwealth,Week3,342.0 Tuckahoe - 60.0 Commonwealth
Tuckahoe,Week1,Cottontail,Week5,333.0 Tuckahoe - 69.0 Cottontail
Tuckahoe,Week5,Lee Graham,Week1,275.0 Tuckahoe - 127.0 Lee Graham
Truro,Week1,Poplar Heights,Week5,290.0 Poplar Heights - 112.0 Truro
Truro,Week1,Newington Forest,Week1,237.0 Truro - 161.0 Newington Forest
Truro,Week3,Poplar Heights,Week2,288.0 Poplar Heights - 114.0 Truro
Tuckahoe,Week3,Lincolnia Park,Week2,372.0 Tuckahoe - 21.0 Lincolnia Park
Tuckahoe,Week4,Lee Graham,Week2,297.0 Tuckahoe - 105.0 Lee Graham
Truro,Week4,Poplar Heights,Week1,246.0 Poplar Heights - 156.0 Truro
Tuckahoe,Week1,Cottontail,Week3,344.0 Tuckahoe - 58.0 Cottontail
Truro,Week1,Poplar Heights,Week1,266.5 Poplar Heights - 135.5 Truro
Truro,Week3,Poplar Heights,Week1,271.0 Poplar Heights - 131.0 Truro
Truro,Week3,Mount Vernon Park,Week2,319.0 Mount Vernon Park - 83.0 Truro
Tuckahoe,Week5,Lee Graham,Week2,285.0 Tuckahoe - 117.0 Lee Graham
Tuckahoe,Week2,Cottontail,Week1,344.0 Tuckahoe - 58.0 Cottontail
Truro,Week3,Mount Vernon Park,Week1,312.0 Mount Vernon Park - 90.0 Truro
Tuckahoe,Week1,Cottontail,Week4,338.0 Tuckahoe - 64.0 Cottontail
Tuckahoe,Week3,Commonwealth,Week3,344.0 Tuckahoe - 58.0 Commonwealth
Truro,Week2,Poplar Heights,Week2,304.0 Poplar Heights - 94.0 Truro
Truro,Week2,Newington Forest,Week4,208.0 Newington Forest - 192.0 Truro
Tuckahoe,Week1,Lincolnia Park,Week3,360.0 Tuckahoe - 33.0 Lincolnia Park
Tuckahoe,Week2,Lincolnia Park,Week1,382.0 Tuckahoe - 20.0 Lincolnia Park
Tuckahoe,Week2,Commonwealth,Week1,350.0 Tuckahoe - 52.0 Commonwealth
Truro,Week2,Newington Forest,Week1,216.0 Truro - 181.0 Newington Forest
Truro,Week2,Newington Forest,Week3,222.0 Truro - 179.0 Newington Forest
Tuckahoe,Week5,Lee Graham,Week4,272.0 Tuckahoe - 130.0 Lee Graham
Truro,Week3,Mount Vernon Park,Week3,318.0 Mount Vernon Park - 83.0 Truro
Tuckahoe,Week5,Commonwealth,Week1,349.0 Tuckahoe - 53.0 Commonwealth
Truro,Week3,Newington Forest,Week3,226.0 Truro - 176.0 Newington Forest
Truro,Week1,Poplar Tree,Week2,270.0 Poplar Tree - 132.0 Truro
Truro,Week2,Poplar Heights,Week5,304.0 Poplar Heights - 94.0 Truro
Tuckahoe,Week2,Lee Graham,Week2,278.0 Tuckahoe - 124.0 Lee Graham
Truro,Week4,Mount Vernon Park,Week2,311.0 Mount Vernon Park - 91.0 Truro
Truro,Week5,Mount Vernon Park,Week1,299.0 Mount Vernon Park - 103.0 Truro
Tuckahoe,Week3,Lee Graham,Week5,281.0 Tuckahoe - 121.0 Lee Graham
Truro,Week2,Poplar Heights,Week1,280.0 Poplar Heights - 117.0 Truro
Tuckahoe,Week2,Commonwealth,Week4,341.0 Tuckahoe - 61.0 Commonwealth
Tuckahoe,Week4,Commonwealth,Week2,337.0 Tuckahoe - 65.0 Commonwealth
Tuckahoe,Week1,Cottontail,Week2,335.0 Tuckahoe - 67.0 Cottontail
Truro,Week5,Poplar Heights,Week5,282.0 Poplar Heights - 119.0 Truro
Tuckahoe,Week4,Commonwealth,Week5,345.0 Tuckahoe - 57.0 Commonwealth
Tuckahoe,Week5,Commonwealth,Week5,336.0 Tuckahoe - 66.0 Commonwealth
Truro,Week1,Poplar Heights,Week3,286.0 Poplar Heights - 116.0 Truro
Truro,Week2,Newington Forest,Week5,207.0 Newington Forest - 195.0 Truro
Truro,Week1,Newington Forest,Week2,232.0 Truro - 166.0 Newington Forest
Truro,Week1,Poplar Heights,Week4,284.0 Poplar Heights - 118.0 Truro
Tuckahoe,Week2,Lee Graham,Week5,262.0 Tuckahoe - 140.0 Lee Graham
Tuckahoe,Week4,Lincolnia Park,Week3,367.0 Tuckahoe - 26.0 Lincolnia Park
Tuckahoe,Week2,Cottontail,Week2,345.0 Tuckahoe - 57.0 Cottontail
Truro,Week4,Mount Vernon Park,Week3,307.0 Mount Vernon Park - 95.0 Truro
Tuckahoe,Week4,Lincolnia Park,Week4,384.0 Tuckahoe - 18.0 Lincolnia Park
Tuckahoe,Week3,Commonwealth,Week5,340.0 Tuckahoe - 62.0 Commonwealth
Truro,Week2,Poplar Heights,Week4,292.0 Poplar Heights - 108.0 Truro
Truro,Week5,Mount Vernon Park,Week3,312.0 Mount Vernon Park - 90.0 Truro
Truro,Week5,Pleasant Valley,Week5,265.0 Truro - 131.0 Pleasant Valley
Truro,Week3,Poplar Heights,Week3,299.0 Poplar Heights - 103.0 Truro
Tuckahoe,Week4,Lincolnia Park,Week1,387.0 Tuckahoe - 15.0 Lincolnia Park
Truro,Week4,Mount Vernon Park,Week4,294.5 Mount Vernon Park - 107.5 Truro
Truro,Week5,Forest Hollow,Week4,268.0 Forest Hollow - 134.0 Truro
Truro,Week5,Forest Hollow,Week5,271.0 Forest Hollow - 131.0 Truro
Truro,Week5,Forest Hollow,Week2,258.0 Forest Hollow - 144.0 Truro
Tuckahoe,Week2,Cottontail,Week3,354.0 Tuckahoe - 48.0 Cottontail
Tuckahoe,Week3,Lincolnia Park,Week5,362.0 Tuckahoe - 30.0 Lincolnia Park
Tuckahoe,Week3,Commonwealth,Week4,349.0 Tuckahoe - 53.0 Commonwealth
Truro,Week3,Poplar Heights,Week4,289.5 Poplar Heights - 112.5 Truro
Truro,Week4,Mount Vernon Park,Week5,315.5 Mount Vernon Park - 86.5 Truro
Truro,Week5,Pleasant Valley,Week4,273.0 Truro - 119.0 Pleasant Valley
Truro,Week5,Forest Hollow,Week3,280.0 Forest Hollow - 122.0 Truro
Tuckahoe,Week2,Lincolnia Park,Week3,359.0 Tuckahoe - 34.0 Lincolnia Park
Tuckahoe,Week2,Lincolnia Park,Week5,364.0 Tuckahoe - 29.0 Lincolnia Park
Truro,Week5,Mount Vernon Park,Week4,300.0 Mount Vernon Park - 102.0 Truro
Truro,Week4,Poplar Heights,Week2,262.0 Poplar Heights - 140.0 Truro
Tuckahoe,Week3,Cottontail,Week3,365.0 Tuckahoe - 37.0 Cottontail
Truro,Week1,Newington Forest,Week5,212.0 Truro - 190.0 Newington Forest
Tuckahoe,Week3,Cottontail,Week2,360.0 Tuckahoe - 42.0 Cottontail
Tuckahoe,Week4,Lincolnia Park,Week2,374.0 Tuckahoe - 19.0 Lincolnia Park
Truro,Week1,Fairfax Club Estates,Week5,213.0 Fairfax Club Estates - 185.0 Truro
Tuckahoe,Week2,Cottontail,Week5,343.5 Tuckahoe - 58.5 Cottontail
Tuckahoe,Week3,Lincolnia Park,Week1,384.0 Tuckahoe - 16.0 Lincolnia Park
Tuckahoe,Week3,Cottontail,Week5,345.0 Tuckahoe - 57.0 Cottontail
Truro,Week5,Pleasant Valley,Week3,250.0 Truro - 152.0 Pleasant Valley
Tuckahoe,Week4,Little Hunting Park,Week1,359.0 Tuckahoe - 43.0 Little Hunting Park
Truro,Week1,Forest Hollow,Week5,287.5 Forest Hollow - 114.5 Truro
Truro,Week2,Fairfax Club Estates,Week5,235.0 Fairfax Club Estates - 163.0 Truro
Truro,Week1,Newington Forest,Week4,217.0 Truro - 185.0 Newington Forest
Truro,Week2,Poplar Heights,Week3,304.0 Poplar Heights - 97.0 Truro
Truro,Week5,Mount Vernon Park,Week2,304.0 Mount Vernon Park - 98.0 Truro
Truro,Week3,Poplar Heights,Week5,300.0 Poplar Heights - 102.0 Truro
Tuckahoe,Week2,Country Club Hills,Week4,344.0 Tuckahoe - 58.0 Country Club Hills
Tuckahoe,Week5,Lincolnia Park,Week2,366.0 Tuckahoe - 27.0 Lincolnia Park
Truro,Week1,Forest Hollow,Week3,274.0 Forest Hollow - 128.0 Truro
Truro,Week4,Poplar Heights,Week4,274.0 Poplar Heights - 128.0 Truro
Truro,Week5,Mount Vernon Park,Week5,322.0 Mount Vernon Park - 79.0 Truro
Truro,Week2,Forest Hollow,Week1,278.0 Forest Hollow - 124.0 Truro
Truro,Week2,Fairfax Club Estates,Week4,251.0 Fairfax Club Estates - 149.0 Truro
Truro,Week4,Forest Hollow,Week2,244.0 Forest Hollow - 158.0 Truro
Truro,Week2,Forest Hollow,Week2,281.0 Forest Hollow - 121.0 Truro
Tuckahoe,Week3,Lincolnia Park,Week4,379.0 Tuckahoe - 22.0 Lincolnia Park
Tuckahoe,Week4,Cottontail,Week2,365.0 Tuckahoe - 37.0 Cottontail
Tuckahoe,Week1,Little Hunting Park,Week1,354.0 Tuckahoe - 48.0 Little Hunting Park
Truro,Week3,Newington Forest,Week2,228.0 Truro - 169.0 Newington Forest
Truro,Week5,Poplar Heights,Week4,272.0 Poplar Heights - 130.0 Truro
Truro,Week3,North Springfield,Week4,272.0 Truro - 118.0 North Springfield
Tuckahoe,Week5,Cottontail,Week3,365.0 Tuckahoe - 37.0 Cottontail
Truro,Week5,Fairfax,Week4,303.0 Fairfax - 98.0 Truro
Truro,Week1,North Springfield,Week2,245.0 Truro - 142.0 North Springfield
Truro,Week1,Fairfax Club Estates,Week2,213.0 Truro - 188.0 Fairfax Club Estates
Truro,Week3,Forest Hollow,Week3,283.0 Forest Hollow - 119.0 Truro
Truro,Week3,Forest Hollow,Week2,272.0 Forest Hollow - 130.0 Truro
Truro,Week5,Fairfax,Week3,311.0 Fairfax - 90.0 Truro
Tuckahoe,Week4,Country Club Hills,Week5,351.0 Tuckahoe - 51.0 Country Club Hills
Truro,Week2,Newington Forest,Week2,219.0 Truro - 178.0 Newington Forest
Truro,Week3,Forest Hollow,Week4,286.0 Forest Hollow - 116.0 Truro
Truro,Week2,Forest Hollow,Week5,303.0 Forest Hollow - 98.0 Truro
Tuckahoe,Week4,Lincolnia Park,Week5,369.0 Tuckahoe - 24.0 Lincolnia Park
Truro,Week2,Fairfax Club Estates,Week1,232.0 Fairfax Club Estates - 169.0 Truro
Tuckahoe,Week1,Country Club Hills,Week5,335.0 Tuckahoe - 67.0 Country Club Hills
Tuckahoe,Week1,Little Hunting Park,Week3,351.0 Tuckahoe - 51.0 Little Hunting Park
Truro,Week3,Forest Hollow,Week1,277.0 Forest Hollow - 125.0 Truro
Truro,Week3,Fairfax Club Estates,Week1,218.0 Fairfax Club Estates - 184.0 Truro
Tuckahoe,Week2,Country Club Hills,Week2,355.0 Tuckahoe - 47.0 Country Club Hills
Truro,Week3,Newington Forest,Week5,214.0 Newington Forest - 188.0 Truro
Tuckahoe,Week4,Country Club Hills,Week3,354.0 Tuckahoe - 48.0 Country Club Hills
Truro,Week1,Poplar Tree,Week4,266.0 Poplar Tree - 136.0 Truro
Truro,Week1,Poplar Tree,Week5,306.0 Poplar Tree - 96.0 Truro
Truro,Week2,North Springfield,Week4,253.0 Truro - 134.0 North Springfield
Truro,Week1,Forest Hollow,Week1,263.0 Forest Hollow - 139.0 Truro
Truro,Week5,Poplar Heights,Week2,280.0 Poplar Heights - 121.0 Truro
Truro,Week2,Forest Hollow,Week3,297.0 Forest Hollow - 105.0 Truro
Tuckahoe,Week5,Lincolnia Park,Week1,384.0 Tuckahoe - 18.0 Lincolnia Park
Truro,Week1,Fairfax Club Estates,Week1,209.0 Fairfax Club Estates - 193.0 Truro
Truro,Week1,Poplar Heights,Week2,280.5 Poplar Heights - 121.5 Truro
Truro,Week3,Newington Forest,Week1,221.0 Truro - 178.0 Newington Forest
Truro,Week4,Poplar Heights,Week5,276.0 Poplar Heights - 126.0 Truro
Tuckahoe,Week1,Country Club Hills,Week2,346.0 Tuckahoe - 56.0 Country Club Hills
Truro,Week2,North Springfield,Week3,235.0 Truro - 157.0 North Springfield
Tuckahoe,Week2,Country Club Hills,Week1,352.0 Tuckahoe - 50.0 Country Club Hills
Truro,Week4,Newington Forest,Week2,232.0 Truro - 168.0 Newington Forest
Truro,Week3,Fairfax Club Estates,Week3,218.0 Fairfax Club Estates - 183.0 Truro
Truro,Week4,Poplar Heights,Week3,274.0 Poplar Heights - 128.0 Truro
Tuckahoe,Week5,Lincolnia Park,Week3,363.0 Tuckahoe - 30.0 Lincolnia Park
Tuckahoe,Week1,Country Club Hills,Week4,341.0 Tuckahoe - 61.0 Country Club Hills
Truro,Week2,Forest Hollow,Week4,295.0 Forest Hollow - 106.0 Truro
Truro,Week3,Fairfax Club Estates,Week2,204.0 Truro - 198.0 Fairfax Club Estates
Truro,Week1,Poplar Tree,Week1,277.0 Poplar Tree - 125.0 Truro
Tuckahoe,Week1,Little Hunting Park,Week2,351.0 Tuckahoe - 51.0 Little Hunting Park
Tuckahoe,Week5,Lincolnia Park,Week5,351.0 Tuckahoe - 42.0 Lincolnia Park
Tuckahoe,Week2,Little Hunting Park,Week1,356.0 Tuckahoe - 45.0 Little Hunting Park
Tuckahoe,Week2,Lincolnia Park,Week4,381.0 Tuckahoe - 21.0 Lincolnia Park
Truro,Week4,Fairfax Club Estates,Week2,219.0 Truro - 183.0 Fairfax Club Estates
Tuckahoe,Week2,Country Club Hills,Week3,345.0 Tuckahoe - 57.0 Country Club Hills
Tuckahoe,Week1,Little Hunting Park,Week4,348.0 Tuckahoe - 54.0 Little Hunting Park
Truro,Week4,Forest Hollow,Week5,282.0 Forest Hollow - 120.0 Truro
Truro,Week2,Fairfax Club Estates,Week2,222.0 Fairfax Club Estates - 178.0 Truro
Truro,Week4,Orange Hunt,Week2,258.0 Orange Hunt - 144.0 Truro
Truro,Week1,Forest Hollow,Week2,259.0 Forest Hollow - 143.0 Truro
Truro,Week4,Newington Forest,Week5,202.0 Newington Forest - 200.0 Truro
Truro,Week5,Newington Forest,Week1,230.0 Truro - 168.0 Newington Forest
Truro,Week1,Fairfax Club Estates,Week3,208.0 Fairfax Club Estates - 193.0 Truro
Truro,Week4,Forest Hollow,Week3,270.0 Forest Hollow - 132.0 Truro
Tuckahoe,Week3,Lincolnia Park,Week3,362.0 Tuckahoe - 30.0 Lincolnia Park
Truro,Week2,Poplar Tree,Week2,288.0 Poplar Tree - 114.0 Truro
Truro,Week4,Newington Forest,Week4,216.0 Truro - 186.0 Newington Forest
Truro,Week3,Forest Hollow,Week5,300.0 Forest Hollow - 102.0 Truro
Truro,Week2,Poplar Tree,Week1,294.0 Poplar Tree - 107.0 Truro
Tuckahoe,Week1,Little Hunting Park,Week5,340.0 Tuckahoe - 62.0 Little Hunting Park
Tuckahoe,Week4,Cottontail,Week4,362.0 Tuckahoe - 40.0 Cottontail
Tuckahoe,Week3,Country Club Hills,Week2,361.0 Tuckahoe - 41.0 Country Club Hills
Truro,Week2,Fairfax Club Estates,Week3,229.0 Fairfax Club Estates - 172.0 Truro
Truro,Week1,Poplar Tree,Week3,287.0 Poplar Tree - 115.0 Truro
Truro,Week4,Fairfax Club Estates,Week4,219.0 Fairfax Club Estates - 183.0 Truro
Truro,Week5,Old Keene Mill,Week2,205.0 Truro - 197.0 Old Keene Mill
Truro,Week1,North Springfield,Week4,268.0 Truro - 123.0 North Springfield
Tuckahoe,Week2,Little Hunting Park,Week3,352.0 Tuckahoe - 50.0 Little Hunting Park
Truro,Week5,Forest Hollow,Week1,261.0 Forest Hollow - 141.0 Truro
Truro,Week5,Newington Forest,Week5,209.0 Newington Forest - 193.0 Truro
Tuckahoe,Week2,Little Hunting Park,Week4,350.0 Tuckahoe - 52.0 Little Hunting Park
Truro,Week1,Fairfax Station,Week3,307.0 Fairfax Station - 95.0 Truro
Truro,Week5,Newington Forest,Week2,233.0 Truro - 165.0 Newington Forest
Truro,Week1,Fairfax Station,Week2,298.0 Fairfax Station - 104.0 Truro
Truro,Week1,North Springfield,Week1,253.0 Truro - 96.0 North Springfield
Truro,Week4,Forest Hollow,Week4,268.0 Forest Hollow - 134.0 Truro
Truro,Week4,Forest Hollow,Week1,242.0 Forest Hollow - 160.0 Truro
Tuckahoe,Week2,Little Hunting Park,Week5,342.0 Tuckahoe - 60.0 Little Hunting Park
Tuckahoe,Week3,Country Club Hills,Week3,357.0 Tuckahoe - 45.0 Country Club Hills
Truro,Week4,Fairfax Club Estates,Week3,214.0 Truro - 188.0 Fairfax Club Estates
Tuckahoe,Week4,Cottontail,Week3,367.0 Tuckahoe - 35.0 Cottontail
Truro,Week5,Newington Forest,Week3,237.0 Truro - 165.0 Newington Forest
Truro,Week5,Fairfax Station,Week5,310.0 Fairfax Station - 92.0 Truro
Truro,Week5,Fairfax,Week5,314.0 Fairfax - 87.0 Truro
Truro,Week5,Old Keene Mill,Week4,213.0 Truro - 189.0 Old Keene Mill
Tuckahoe,Week3,Country Club Hills,Week1,357.0 Tuckahoe - 45.0 Country Club Hills
Tuckahoe,Week5,Cottontail,Week2,364.0 Tuckahoe - 38.0 Cottontail
Truro,Week4,Fairfax Club Estates,Week1,202.0 Fairfax Club Estates - 200.0 Truro
Tuckahoe,Week5,Cottontail,Week5,343.0 Tuckahoe - 59.0 Cottontail
Tuckahoe,Week3,Little Hunting Park,Week1,361.0 Tuckahoe - 41.0 Little Hunting Park
Truro,Week4,Old Keene Mill,Week5,203.5 Old Keene Mill - 198.5 Truro
Truro,Week5,Old Keene Mill,Week3,201.0 Old Keene Mill - 201.0 Truro
Truro,Week3,Fairfax Station,Week3,319.0 Fairfax Station - 83.0 Truro
Truro,Week5,Fairfax Club Estates,Week3,207.0 Fairfax Club Estates - 194.0 Truro
Truro,Week3,Orange Hunt,Week4,262.0 Orange Hunt - 140.0 Truro
Tuckahoe,Week4,Cottontail,Week5,343.5 Tuckahoe - 58.5 Cottontail
Tuckahoe,Week5,Little Hunting Park,Week4,359.0 Tuckahoe - 43.0 Little Hunting Park
Tuckahoe,Week2,Little Hunting Park,Week2,351.0 Tuckahoe - 51.0 Little Hunting Park
Truro,Week1,North Springfield,Week5,224.0 Truro - 149.0 North Springfield
Tuckahoe,Week2,Country Club Hills,Week5,345.0 Tuckahoe - 57.0 Country Club Hills
Tuckahoe,Week3,Little Hunting Park,Week2,356.0 Tuckahoe - 46.0 Little Hunting Park
Truro,Week1,Forest Hollow,Week4,291.0 Forest Hollow - 111.0 Truro
Truro,Week5,Fairfax Club Estates,Week1,213.0 Fairfax Club Estates - 189.0 Truro
Truro,Week5,Fairfax Station,Week3,314.0 Fairfax Station - 88.0 Truro
Truro,Week2,Fairfax Station,Week3,336.0 Fairfax Station - 65.0 Truro
Truro,Week3,Fairfax Club Estates,Week4,242.0 Fairfax Club Estates - 160.0 Truro
Tuckahoe,Week4,Cottontail,Week1,352.0 Tuckahoe - 50.0 Cottontail
Tuckahoe,Week3,Little Hunting Park,Week3,361.0 Tuckahoe - 41.0 Little Hunting Park
Tuckahoe,Week4,Little Hunting Park,Week3,359.5 Tuckahoe - 42.5 Little Hunting Park
Truro,Week4,Fairfax Club Estates,Week5,204.0 Fairfax Club Estates - 197.0 Truro
Truro,Week3,Orange Hunt,Week5,282.0 Orange Hunt - 120.0 Truro
Truro,Week3,North Springfield,Week3,249.0 Truro - 146.0 North Springfield
Truro,Week2,Fairfax Station,Week2,325.0 Fairfax Station - 77.0 Truro
Truro,Week1,Orange Hunt,Week2,264.0 Orange Hunt - 138.0 Truro
Truro,Week2,North Springfield,Week5,214.0 Truro - 159.0 North Springfield
Truro,Week3,Fairfax Station,Week1,306.0 Fairfax Station - 96.0 Truro
Truro,Week1,Fairfax Club Estates,Week4,218.0 Fairfax Club Estates - 183.0 Truro
Truro,Week3,North Springfield,Week1,263.0 Truro - 87.0 North Springfield
Truro,Week2,Orange Hunt,Week1,290.0 Orange Hunt - 111.0 Truro
Tuckahoe,Week1,Little Rocky Run,Week3,277.0 Tuckahoe - 125.0 Little Rocky Run
Tuckahoe,Week1,Country Club Hills,Week3,345.0 Tuckahoe - 57.0 Country Club Hills
Tuckahoe,Week1,Country Club Hills,Week1,345.0 Tuckahoe - 57.0 Country Club Hills
Truro,Week2,North Springfield,Week1,245.0 Truro - 103.0 North Springfield
Truro,Week2,Orange Hunt,Week5,288.0 Orange Hunt - 114.0 Truro
Truro,Week2,North Springfield,Week2,235.0 Truro - 151.0 North Springfield
Truro,Week1,Fairfax Station,Week5,305.0 Fairfax Station - 97.0 Truro
Truro,Week5,Fairfax Club Estates,Week2,205.0 Truro - 195.0 Fairfax Club Estates
Tuckahoe,Week5,Cottontail,Week1,347.0 Tuckahoe - 55.0 Cottontail
Truro,Week3,Orange Hunt,Week3,269.0 Orange Hunt - 133.0 Truro
Tuckahoe,Week3,Little Hunting Park,Week5,351.0 Tuckahoe - 51.0 Little Hunting Park
Tuckahoe,Week3,Country Club Hills,Week4,357.0 Tuckahoe - 45.0 Country Club Hills
Truro,Week3,Fairfax Station,Week5,319.0 Fairfax Station - 83.0 Truro
Truro,Week5,Fairfax Club Estates,Week4,243.0 Fairfax Club Estates - 158.0 Truro
Truro,Week3,North Springfield,Week2,256.0 Truro - 131.0 North Springfield
Truro,Week1,Orange Hunt,Week1,263.0 Orange Hunt - 139.0 Truro
Truro,Week3,Fairfax Club Estates,Week5,231.0 Fairfax Club Estates - 170.0 Truro
Tuckahoe,Week3,Little Hunting Park,Week4,366.0 Tuckahoe - 36.0 Little Hunting Park
Truro,Week3,Orange Hunt,Week2,267.0 Orange Hunt - 135.0 Truro
Truro,Week4,North Springfield,Week4,293.0 Truro - 98.0 North Springfield
Truro,Week4,Orange Hunt,Week1,258.0 Orange Hunt - 144.0 Truro
Tuckahoe,Week2,Little Rocky Run,Week2,303.0 Tuckahoe - 99.0 Little Rocky Run
Tuckahoe,Week5,Cottontail,Week4,357.0 Tuckahoe - 45.0 Cottontail
Truro,Week1,Orange Hunt,Week5,274.0 Orange Hunt - 128.0 Truro
Truro,Week4,North Springfield,Week2,276.0 Truro - 112.0 North Springfield
Truro,Week2,Fairfax Station,Week5,325.0 Fairfax Station - 77.0 Truro
Truro,Week2,Overlee,Week5,384.0 Overlee - 18.0 Truro
Tuckahoe,Week3,Country Club Hills,Week5,348.0 Tuckahoe - 54.0 Country Club Hills
Truro,Week4,Newington Forest,Week3,229.0 Truro - 173.0 Newington Forest
Truro,Week5,Newington Forest,Week4,211.0 Truro - 191.0 Newington Forest
Tuckahoe,Week5,Country Club Hills,Week5,345.0 Tuckahoe - 57.0 Country Club Hills
Tuckahoe,Week5,Little Hunting Park,Week5,343.0 Tuckahoe - 59.0 Little Hunting Park
Truro,Week2,Fairfax Station,Week4,314.0 Fairfax Station - 87.0 Truro
Truro,Week3,Fairfax Station,Week4,304.0 Fairfax Station - 98.0 Truro
Tuckahoe,Week4,Little Rocky Run,Week4,304.0 Tuckahoe - 98.0 Little Rocky Run
Truro,Week2,Orange Hunt,Week3,292.0 Orange Hunt - 110.0 Truro
Tuckahoe,Week4,Country Club Hills,Week4,360.0 Tuckahoe - 42.0 Country Club Hills
Tuckahoe,Week5,Little Rocky Run,Week2,298.0 Tuckahoe - 104.0 Little Rocky Run
Tuckahoe,Week4,Little Rocky Run,Week2,310.0 Tuckahoe - 92.0 Little Rocky Run
Tuckahoe,Week4,Country Club Hills,Week2,370.0 Tuckahoe - 32.0 Country Club Hills
Truro,Week4,North Springfield,Week1,285.0 Truro - 64.0 North Springfield
Tuckahoe,Week4,Country Club Hills,Week1,352.0 Tuckahoe - 50.0 Country Club Hills
Truro,Week1,North Springfield,Week3,242.0 Truro - 152.0 North Springfield
Truro,Week2,Overlee,Week3,366.0 Overlee - 36.0 Truro
Truro,Week4,Fairfax Station,Week2,299.0 Fairfax Station - 103.0 Truro
Tuckahoe,Week1,Crosspointe,Week3,267.5 Tuckahoe - 134.5 Crosspointe
Truro,Week5,North Springfield,Week2,263.0 Truro - 124.0 North Springfield
Truro,Week4,Fairfax Station,Week3,316.0 Fairfax Station - 86.0 Truro
Truro,Week5,North Springfield,Week3,250.5 Truro - 145.5 North Springfield
Tuckahoe,Week4,Little Hunting Park,Week4,360.0 Tuckahoe - 42.0 Little Hunting Park
Tuckahoe,Week3,Little Rocky Run,Week4,314.0 Tuckahoe - 88.0 Little Rocky Run
Truro,Week4,Fairfax Station,Week1,283.0 Fairfax Station - 119.0 Truro
Truro,Week3,Fairfax Station,Week2,311.0 Fairfax Station - 91.0 Truro
Tuckahoe,Week1,Crosspointe,Week5,243.0 Tuckahoe - 159.0 Crosspointe
Truro,Week2,Fairfax Station,Week1,317.0 Fairfax Station - 85.0 Truro
Tuckahoe,Week2,Crosspointe,Week1,285.0 Tuckahoe - 117.0 Crosspointe
Tuckahoe,Week3,Crosspointe,Week1,311.0 Tuckahoe - 91.0 Crosspointe
Truro,Week4,Old Keene Mill,Week4,231.5 Truro - 170.5 Old Keene Mill
Tuckahoe,Week1,Long Branch,Week2,338.0 Tuckahoe - 64.0 Long Branch
Truro,Week4,Old Keene Mill,Week3,217.0 Truro - 185.0 Old Keene Mill
Truro,Week5,Fairfax Station,Week1,301.0 Fairfax Station - 101.0 Truro
Tuckahoe,Week5,Country Club Hills,Week3,346.0 Tuckahoe - 56.0 Country Club Hills
Truro,Week5,Old Keene Mill,Week5,206.0 Old Keene Mill - 196.0 Truro
Truro,Week5,North Springfield,Week4,284.0 Truro - 105.0 North Springfield
Truro,Week3,North Springfield,Week5,228.0 Truro - 141.0 North Springfield
Truro,Week4,Fairfax Station,Week5,305.0 Fairfax Station - 97.0 Truro
Tuckahoe,Week4,Little Hunting Park,Week5,348.0 Tuckahoe - 54.0 Little Hunting Park
Truro,Week5,Old Keene Mill,Week1,216.0 Truro - 186.0 Old Keene Mill
Tuckahoe,Week5,Little Hunting Park,Week3,353.0 Tuckahoe - 49.0 Little Hunting Park
Tuckahoe,Week5,Little Hunting Park,Week1,354.0 Tuckahoe - 48.0 Little Hunting Park
Truro,Week2,Orange Hunt,Week4,288.0 Orange Hunt - 113.0 Truro
Truro,Week4,North Springfield,Week5,257.0 Truro - 116.0 North Springfield
Truro,Week1,Orange Hunt,Week4,270.0 Orange Hunt - 132.0 Truro
Tuckahoe,Week5,Country Club Hills,Week4,352.0 Tuckahoe - 50.0 Country Club Hills
Truro,Week4,Orange Hunt,Week5,270.0 Orange Hunt - 132.0 Truro
Truro,Week5,Orange Hunt,Week1,251.0 Orange Hunt - 151.0 Truro
Truro,Week5,North Springfield,Week1,260.0 Truro - 89.0 North Springfield
Tuckahoe,Week2,Little Rocky Run,Week3,278.0 Tuckahoe - 124.0 Little Rocky Run
Truro,Week5,North Springfield,Week5,238.0 Truro - 135.0 North Springfield
Truro,Week3,Oakton ,Week4,321.0 Oakton - 81.0 Truro
Tuckahoe,Week3,Crosspointe,Week3,300.0 Tuckahoe - 97.0 Crosspointe
Tuckahoe,Week2,Crosspointe,Week2,279.0 Tuckahoe - 123.0 Crosspointe
Truro,Week4,Oakton ,Week3,306.0 Oakton - 96.0 Truro
Tuckahoe,Week1,Little Rocky Run,Week2,291.5 Tuckahoe - 110.5 Little Rocky Run
Tuckahoe,Week2,Crosspointe,Week4,287.0 Tuckahoe - 115.0 Crosspointe
Truro,Week5,Orange Hunt,Week5,267.0 Orange Hunt - 135.0 Truro
Tuckahoe,Week5,Country Club Hills,Week1,345.0 Tuckahoe - 57.0 Country Club Hills
Tuckahoe,Week3,Little Rocky Run,Week1,311.0 Tuckahoe - 91.0 Little Rocky Run
Truro,Week1,Fairfax Station,Week4,288.0 Fairfax Station - 114.0 Truro
Tuckahoe,Week2,Little Rocky Run,Week1,296.0 Tuckahoe - 106.0 Little Rocky Run
Truro,Week4,North Springfield,Week3,264.0 Truro - 133.0 North Springfield
Truro,Week5,Fairfax Station,Week2,310.0 Fairfax Station - 92.0 Truro
Truro,Week1,Orange Hunt,Week3,270.0 Orange Hunt - 132.0 Truro
Tuckahoe,Week1,Little Rocky Run,Week5,260.5 Tuckahoe - 141.5 Little Rocky Run
Truro,Week3,Orange Hunt,Week1,259.0 Orange Hunt - 143.0 Truro
Tuckahoe,Week5,Country Club Hills,Week2,355.0 Tuckahoe - 47.0 Country Club Hills
Truro,Week2,Orange Hunt,Week2,286.0 Orange Hunt - 115.0 Truro
Truro,Week1,Fairfax Station,Week1,301.0 Fairfax Station - 101.0 Truro
Truro,Week2,Oakton ,Week3,331.0 Oakton - 71.0 Truro
Truro,Week5,Fairfax Station,Week4,292.0 Fairfax Station - 110.0 Truro
Tuckahoe,Week1,Crosspointe,Week1,278.0 Tuckahoe - 124.0 Crosspointe
Tuckahoe,Week3,Little Rocky Run,Week3,306.0 Tuckahoe - 96.0 Little Rocky Run
Tuckahoe,Week4,Little Rocky Run,Week3,293.0 Tuckahoe - 109.0 Little Rocky Run
Truro,Week1,Oakton ,Week1,312.0 Oakton - 90.0 Truro
Tuckahoe,Week2,Crosspointe,Week5,247.0 Tuckahoe - 155.0 Crosspointe
Truro,Week5,Orange Hunt,Week2,253.0 Orange Hunt - 149.0 Truro
Tuckahoe,Week1,Little Rocky Run,Week1,295.0 Tuckahoe - 107.0 Little Rocky Run
Tuckahoe,Week3,Crosspointe,Week2,324.0 Tuckahoe - 78.0 Crosspointe
Truro,Week1,Oakton ,Week4,325.0 Oakton - 77.0 Truro
Truro,Week4,Fairfax Station,Week4,295.0 Fairfax Station - 107.0 Truro
Tuckahoe,Week2,Crosspointe,Week3,270.0 Tuckahoe - 132.0 Crosspointe
Truro,Week5,Fairfax Club Estates,Week5,217.0 Fairfax Club Estates - 181.0 Truro
Truro,Week4,Orange Hunt,Week3,260.0 Orange Hunt - 142.0 Truro
Truro,Week4,Orange Hunt,Week4,247.0 Orange Hunt - 155.0 Truro
Tuckahoe,Week5,Little Rocky Run,Week5,275.0 Tuckahoe - 127.0 Little Rocky Run
Truro,Week5,Oakton ,Week2,312.0 Oakton - 90.0 Truro
Tuckahoe,Week5,Little Hunting Park,Week2,351.0 Tuckahoe - 51.0 Little Hunting Park
Truro,Week3,Oakton ,Week5,332.0 Oakton - 70.0 Truro
Truro,Week5,Orange Hunt,Week3,263.0 Orange Hunt - 139.0 Truro
Truro,Week2,Ravensworth Farm,Week5,326.0 Ravensworth Farm - 76.0 Truro
Truro,Week1,Oakton ,Week5,328.0 Oakton - 74.0 Truro
Truro,Week3,Poplar Tree,Week1,294.0 Poplar Tree - 108.0 Truro
Tuckahoe,Week1,Crosspointe,Week4,280.0 Tuckahoe - 122.0 Crosspointe
Truro,Week2,Poplar Tree,Week3,305.5 Poplar Tree - 95.5 Truro
Tuckahoe,Week3,Crosspointe,Week5,287.0 Tuckahoe - 115.0 Crosspointe
Tuckahoe,Week3,Crosspointe,Week4,312.0 Tuckahoe - 90.0 Crosspointe
Truro,Week2,Poplar Tree,Week4,274.0 Poplar Tree - 128.0 Truro
Truro,Week1,Overlee,Week1,360.0 Overlee - 42.0 Truro
Truro,Week1,Oakton ,Week2,316.0 Oakton - 86.0 Truro
Tuckahoe,Week4,Little Hunting Park,Week2,354.0 Tuckahoe - 48.0 Little Hunting Park
Truro,Week1,Overlee,Week4,374.0 Overlee - 28.0 Truro
Tuckahoe,Week3,Little Rocky Run,Week2,324.0 Tuckahoe - 78.0 Little Rocky Run
Truro,Week5,Poplar Tree,Week1,290.0 Poplar Tree - 112.0 Truro
Truro,Week5,Orange Hunt,Week4,267.0 Orange Hunt - 135.0 Truro
Tuckahoe,Week3,Little Rocky Run,Week5,307.0 Tuckahoe - 95.0 Little Rocky Run
Truro,Week1,Overlee,Week3,362.0 Overlee - 40.0 Truro
Tuckahoe,Week1,Crosspointe,Week2,282.0 Tuckahoe - 120.0 Crosspointe
Truro,Week2,Oakton ,Week5,337.0 Oakton - 65.0 Truro
Truro,Week3,Poplar Tree,Week3,290.0 Poplar Tree - 112.0 Truro
Truro,Week2,Oakton ,Week4,337.5 Oakton - 64.5 Truro
Truro,Week1,Overlee,Week5,380.0 Overlee - 22.0 Truro
Truro,Week3,Oakton ,Week1,319.0 Oakton - 83.0 Truro
Tuckahoe,Week1,Little Rocky Run,Week4,287.0 Tuckahoe - 115.0 Little Rocky Run
Tuckahoe,Week4,Crosspointe,Week1,298.0 Tuckahoe - 104.0 Crosspointe
Truro,Week3,Poplar Tree,Week4,266.0 Poplar Tree - 136.0 Truro
Tuckahoe,Week4,Little Rocky Run,Week1,308.0 Tuckahoe - 94.0 Little Rocky Run
Truro,Week5,Lincolnia Park,Week2,260.0 Truro - 126.0 Lincolnia Park
Truro,Week3,Poplar Tree,Week5,308.0 Poplar Tree - 94.0 Truro
Tuckahoe,Week4,Crosspointe,Week2,309.0 Tuckahoe - 93.0 Crosspointe
Truro,Week1,Lincolnia Park,Week3,256.0 Truro - 134.0 Lincolnia Park
Truro,Week3,Oakton ,Week3,313.0 Oakton - 89.0 Truro
Truro,Week5,Oakton ,Week1,313.0 Oakton - 84.0 Truro
Truro,Week1,Lincolnia Park,Week2,285.0 Truro - 106.0 Lincolnia Park
Truro,Week2,Oakton ,Week1,333.5 Oakton - 63.5 Truro
Truro,Week2,Overlee,Week4,380.0 Overlee - 22.0 Truro
Truro,Week1,Overlee,Week2,358.0 Overlee - 44.0 Truro
Truro,Week4,Poplar Tree,Week5,290.0 Poplar Tree - 112.0 Truro
Truro,Week4,Oakton ,Week5,314.0 Oakton - 88.0 Truro
Truro,Week5,Poplar Tree,Week2,273.0 Poplar Tree - 129.0 Truro
Truro,Week3,Overlee,Week3,362.0 Overlee - 40.0 Truro
Truro,Week4,Poplar Tree,Week4,248.0 Poplar Tree - 154.0 Truro
Truro,Week2,Overlee,Week2,380.0 Overlee - 22.0 Truro
Truro,Week1,Oakton ,Week3,309.0 Oakton - 93.0 Truro
Tuckahoe,Week4,Little Rocky Run,Week5,285.5 Tuckahoe - 116.5 Little Rocky Run
Tuckahoe,Week2,Little Rocky Run,Week4,296.0 Tuckahoe - 106.0 Little Rocky Run
Tuckahoe,Week5,Little Rocky Run,Week3,284.0 Tuckahoe - 118.0 Little Rocky Run
Truro,Week1,Ravensworth Farm,Week1,274.0 Ravensworth Farm - 128.0 Truro
Tuckahoe,Week2,Little Rocky Run,Week5,271.0 Tuckahoe - 131.0 Little Rocky Run
Truro,Week2,Overlee,Week1,363.0 Overlee - 39.0 Truro
Truro,Week4,Oakton ,Week2,316.0 Oakton - 86.0 Truro
Tuckahoe,Week5,Little Rocky Run,Week1,286.0 Tuckahoe - 116.0 Little Rocky Run
Truro,Week2,Poplar Tree,Week5,318.0 Poplar Tree - 84.0 Truro
Truro,Week2,Lincolnia Park,Week2,258.0 Truro - 125.0 Lincolnia Park
Truro,Week1,Old Keene Mill,Week4,202.0 Old Keene Mill - 200.0 Truro
Truro,Week5,Poplar Tree,Week4,257.0 Poplar Tree - 145.0 Truro
Truro,Week1,Lincolnia Park,Week1,293.0 Truro - 107.0 Lincolnia Park
Truro,Week5,Oakton ,Week4,316.0 Oakton - 86.0 Truro
Truro,Week2,Lincolnia Park,Week5,212.0 Truro - 170.0 Lincolnia Park
Truro,Week5,Poplar Tree,Week5,305.0 Poplar Tree - 97.0 Truro
Tuckahoe,Week5,Little Rocky Run,Week4,289.5 Tuckahoe - 112.5 Little Rocky Run
Truro,Week1,Ravensworth Farm,Week4,276.0 Ravensworth Farm - 126.0 Truro
Truro,Week3,Overlee,Week4,384.0 Overlee - 18.0 Truro
Truro,Week4,Poplar Tree,Week1,272.0 Poplar Tree - 130.0 Truro
Truro,Week3,Lincolnia Park,Week4,273.0 Truro - 128.0 Lincolnia Park
Truro,Week3,Overlee,Week5,382.0 Overlee - 20.0 Truro
Truro,Week2,Old Keene Mill,Week1,207.0 Old Keene Mill - 194.0 Truro
Truro,Week1,Old Keene Mill,Week1,213.0 Truro - 189.0 Old Keene Mill
Truro,Week4,Poplar Tree,Week3,282.0 Poplar Tree - 120.0 Truro
Tuckahoe,Week5,Long Branch,Week3,346.0 Tuckahoe - 56.0 Long Branch
Truro,Week3,Overlee,Week1,359.0 Overlee - 43.0 Truro
Tuckahoe,Week2,Long Branch,Week5,336.0 Tuckahoe - 66.0 Long Branch
Truro,Week2,Oakton ,Week2,333.0 Oakton - 69.0 Truro
Truro,Week4,Overlee,Week1,353.0 Overlee - 49.0 Truro
Truro,Week4,Poplar Tree,Week2,267.0 Poplar Tree - 135.0 Truro
Truro,Week5,Poplar Tree,Week3,290.0 Poplar Tree - 112.0 Truro
Tuckahoe,Week2,Long Branch,Week4,346.0 Tuckahoe - 56.0 Long Branch
Truro,Week5,Lee Graham,Week5,330.0 Lee Graham - 72.0 Truro
Truro,Week4,Overlee,Week5,368.0 Overlee - 34.0 Truro
Truro,Week2,Lincolnia Park,Week3,212.0 Truro - 166.0 Lincolnia Park
Truro,Week3,Oakton ,Week2,325.5 Oakton - 76.5 Truro
Tuckahoe,Week1,Long Branch,Week1,337.0 Tuckahoe - 65.0 Long Branch
Truro,Week5,Lee Graham,Week3,326.0 Lee Graham - 76.0 Truro
Truro,Week1,Ravensworth Farm,Week2,249.0 Ravensworth Farm - 153.0 Truro
Truro,Week4,Oakton ,Week1,313.0 Oakton - 89.0 Truro
Tuckahoe,Week4,Long Branch,Week3,353.5 Tuckahoe - 48.5 Long Branch
Truro,Week1,Lincolnia Park,Week5,251.0 Truro - 139.0 Lincolnia Park
Truro,Week5,Oakton ,Week5,325.0 Oakton - 77.0 Truro
Truro,Week1,Parklawn,Week1,228.0 Truro - 165.0 Parklawn
Truro,Week2,Old Keene Mill,Week2,214.0 Old Keene Mill - 188.0 Truro
Truro,Week1,Ravensworth Farm,Week3,288.0 Ravensworth Farm - 113.0 Truro
Tuckahoe,Week2,Long Branch,Week1,341.0 Tuckahoe - 61.0 Long Branch
Tuckahoe,Week3,Long Branch,Week2,352.0 Tuckahoe - 50.0 Long Branch
Tuckahoe,Week2,Long Branch,Week3,347.0 Tuckahoe - 55.0 Long Branch
Truro,Week1,Parklawn,Week2,218.0 Parklawn - 180.0 Truro
Truro,Week4,Lincolnia Park,Week3,246.0 Truro - 146.0 Lincolnia Park
Truro,Week4,Oakton ,Week4,301.0 Oakton - 101.0 Truro
Truro,Week5,Overlee,Week2,360.0 Overlee - 42.0 Truro
Truro,Week3,Overlee,Week2,368.0 Overlee - 34.0 Truro
Truro,Week3,Lincolnia Park,Week1,278.0 Truro - 122.0 Lincolnia Park
Truro,Week4,Overlee,Week2,364.0 Overlee - 38.0 Truro
Truro,Week5,Lee Graham,Week1,313.5 Lee Graham - 88.5 Truro
Tuckahoe,Week1,Long Branch,Week3,331.0 Tuckahoe - 71.0 Long Branch
Truro,Week3,Poplar Tree,Week2,273.0 Poplar Tree - 129.0 Truro
Truro,Week3,Old Keene Mill,Week2,204.0 Old Keene Mill - 198.0 Truro
Truro,Week2,Lincolnia Park,Week1,250.0 Truro - 133.0 Lincolnia Park
Truro,Week4,Overlee,Week3,351.0 Overlee - 51.0 Truro
Truro,Week2,Ravensworth Farm,Week2,273.0 Ravensworth Farm - 129.0 Truro
Truro,Week1,Lincolnia Park,Week4,277.5 Truro - 121.5 Lincolnia Park
Truro,Week5,Overlee,Week1,353.0 Overlee - 49.0 Truro
Truro,Week2,Lincolnia Park,Week4,244.0 Truro - 143.0 Lincolnia Park
Tuckahoe,Week1,Mansion House,Week3,290.5 Tuckahoe - 111.5 Mansion House
Truro,Week1,Ravensworth Farm,Week5,283.0 Ravensworth Farm - 119.0 Truro
Truro,Week3,Old Keene Mill,Week1,208.0 Truro - 193.0 Old Keene Mill
Truro,Week5,Overlee,Week3,354.0 Overlee - 48.0 Truro
Truro,Week2,Old Keene Mill,Week5,222.0 Old Keene Mill - 180.0 Truro
Tuckahoe,Week5,Long Branch,Week2,338.0 Tuckahoe - 64.0 Long Branch
Tuckahoe,Week1,Mansion House,Week2,300.0 Tuckahoe - 102.0 Mansion House
Truro,Week2,Ravensworth Farm,Week3,314.0 Ravensworth Farm - 87.0 Truro
Truro,Week5,Lee Graham,Week2,320.0 Lee Graham - 82.0 Truro
Tuckahoe,Week1,Mansion House,Week5,287.0 Tuckahoe - 115.0 Mansion House
Truro,Week2,Old Keene Mill,Week4,210.0 Old Keene Mill - 192.0 Truro
Truro,Week2,Ravensworth Farm,Week4,298.0 Ravensworth Farm - 102.0 Truro
Truro,Week5,Overlee,Week4,371.0 Overlee - 31.0 Truro
Tuckahoe,Week1,Mansion House,Week4,312.0 Tuckahoe - 90.0 Mansion House
Truro,Week5,Overlee,Week5,373.0 Overlee - 29.0 Truro
Truro,Week1,Parklawn,Week5,211.0 Parklawn - 187.0 Truro
Truro,Week2,Parklawn,Week1,216.0 Truro - 175.0 Parklawn
Truro,Week5,Oakton ,Week3,315.0 Oakton - 87.0 Truro
Truro,Week1,Parklawn,Week3,206.0 Truro - 192.0 Parklawn
Truro,Week4,Lincolnia Park,Week4,275.0 Truro - 123.0 Lincolnia Park
Truro,Week3,Old Keene Mill,Week4,202.0 Truro - 200.0 Old Keene Mill
Truro,Week2,Old Keene Mill,Week3,216.0 Old Keene Mill - 186.0 Truro
Truro,Week4,Lincolnia Park,Week2,286.0 Truro - 107.0 Lincolnia Park
Truro,Week5,Lee Graham,Week4,329.0 Lee Graham - 73.0 Truro
Truro,Week1,Riverside Gardens,Week1,291.0 Riverside Gardens - 111.0 Truro
Truro,Week1,Old Keene Mill,Week3,214.5 Old Keene Mill - 187.5 Truro
Truro,Week3,Lincolnia Park,Week5,252.0 Truro - 140.0 Lincolnia Park
Truro,Week3,Riverside Gardens,Week5,308.0 Riverside Gardens - 94.0 Truro
Truro,Week4,Overlee,Week4,370.0 Overlee - 32.0 Truro
Truro,Week3,Riverside Gardens,Week3,301.0 Riverside Gardens - 101.0 Truro
Tuckahoe,Week4,Long Branch,Week5,349.0 Tuckahoe - 53.0 Long Branch
Truro,Week2,Riverside Gardens,Week1,323.0 Riverside Gardens - 79.0 Truro
Truro,Week4,Old Keene Mill,Week1,237.0 Truro - 165.0 Old Keene Mill
Truro,Week2,Ravensworth Farm,Week1,295.5 Ravensworth Farm - 105.5 Truro
Truro,Week3,Lincolnia Park,Week3,240.0 Truro - 152.0 Lincolnia Park
Tuckahoe,Week5,Long Branch,Week5,338.0 Tuckahoe - 64.0 Long Branch
Truro,Week1,Parklawn,Week4,209.0 Parklawn - 189.0 Truro
Truro,Week4,Lincolnia Park,Week1,280.0 Truro - 117.0 Lincolnia Park
Tuckahoe,Week3,Long Branch,Week4,356.0 Tuckahoe - 46.0 Long Branch
Tuckahoe,Week4,Long Branch,Week2,352.0 Tuckahoe - 50.0 Long Branch
Truro,Week2,Riverside Gardens,Week2,296.0 Riverside Gardens - 104.0 Truro
Tuckahoe,Week5,Long Branch,Week4,353.0 Tuckahoe - 49.0 Long Branch
Truro,Week3,Old Keene Mill,Week5,219.0 Old Keene Mill - 183.0 Truro
Tuckahoe,Week1,Long Branch,Week4,341.0 Tuckahoe - 61.0 Long Branch
Truro,Week5,Little Hunting Park,Week5,219.0 Little Hunting Park - 182.0 Truro
Truro,Week4,Parklawn,Week3,222.0 Truro - 179.0 Parklawn
Truro,Week4,Lincolnia Park,Week5,246.0 Truro - 146.0 Lincolnia Park
Truro,Week2,Parklawn,Week2,224.0 Parklawn - 174.0 Truro
Tuckahoe,Week4,Long Branch,Week4,357.0 Tuckahoe - 45.0 Long Branch
Truro,Week3,Little Hunting Park,Week3,208.0 Little Hunting Park - 193.0 Truro
Tuckahoe,Week3,Long Branch,Week3,362.0 Tuckahoe - 40.0 Long Branch
Truro,Week2,Riverside Gardens,Week3,304.0 Riverside Gardens - 98.0 Truro
Truro,Week4,Ravensworth Farm,Week5,283.0 Ravensworth Farm - 119.0 Truro
Tuckahoe,Week1,Long Branch,Week5,329.0 Tuckahoe - 73.0 Long Branch
Tuckahoe,Week2,Long Branch,Week2,334.5 Tuckahoe - 67.5 Long Branch
Truro,Week5,Parklawn,Week2,202.0 Parklawn - 196.0 Truro
Truro,Week1,Old Keene Mill,Week2,212.0 Old Keene Mill - 190.0 Truro
Truro,Week3,Ravensworth Farm,Week1,284.0 Ravensworth Farm - 118.0 Truro
Truro,Week4,Old Keene Mill,Week2,217.0 Truro - 185.0 Old Keene Mill
Truro,Week5,Ravensworth Farm,Week5,290.0 Ravensworth Farm - 112.0 Truro
Truro,Week1,Parliament,Week4,225.0 Parliament - 177.0 Truro
Truro,Week5,Lincolnia Park,Week5,237.0 Truro - 151.0 Lincolnia Park
Truro,Week1,Riverside Gardens,Week2,274.0 Riverside Gardens - 128.0 Truro
Tuckahoe,Week1,Mansion House,Week1,311.5 Tuckahoe - 90.5 Mansion House
Truro,Week1,Little Rocky Run,Week2,314.0 Little Rocky Run - 88.0 Truro
Truro,Week3,Ravensworth Farm,Week3,293.5 Ravensworth Farm - 108.5 Truro
Tuckahoe,Week5,Long Branch,Week1,346.0 Tuckahoe - 56.0 Long Branch
Truro,Week3,Parliament,Week3,247.0 Parliament - 155.0 Truro
Tuckahoe,Week4,Long Branch,Week1,355.0 Tuckahoe - 47.0 Long Branch
Truro,Week1,Parliament,Week5,231.0 Parliament - 170.0 Truro
Truro,Week2,Little Hunting Park,Week2,221.0 Little Hunting Park - 180.0 Truro
Truro,Week4,Riverside Gardens,Week2,281.0 Riverside Gardens - 121.0 Truro
Truro,Week1,Old Keene Mill,Week5,225.0 Old Keene Mill - 177.0 Truro
Truro,Week3,Ravensworth Farm,Week2,257.0 Ravensworth Farm - 145.0 Truro
Truro,Week3,Ravensworth Farm,Week4,276.0 Ravensworth Farm - 126.0 Truro
Tuckahoe,Week3,Long Branch,Week5,362.0 Tuckahoe - 40.0 Long Branch
Truro,Week3,Little Hunting Park,Week2,201.0 Little Hunting Park - 201.0 Truro
Truro,Week5,Lincolnia Park,Week1,270.0 Truro - 119.0 Lincolnia Park
Truro,Week3,Lincolnia Park,Week2,271.0 Truro - 121.0 Lincolnia Park
Tuckahoe,Week3,Long Branch,Week1,350.0 Tuckahoe - 52.0 Long Branch
Truro,Week1,Little Rocky Run,Week3,337.0 Little Rocky Run - 65.0 Truro
Truro,Week3,Old Keene Mill,Week3,226.0 Old Keene Mill - 176.0 Truro
Truro,Week3,Parklawn,Week1,216.0 Truro - 176.0 Parklawn
Truro,Week2,Parliament,Week2,249.0 Parliament - 139.0 Truro
Truro,Week3,Parklawn,Week4,233.0 Parklawn - 168.0 Truro
Truro,Week3,Parklawn,Week2,225.0 Parklawn - 175.0 Truro
Truro,Week4,Ravensworth Farm,Week4,272.0 Ravensworth Farm - 130.0 Truro
Truro,Week3,Parklawn,Week5,226.5 Parklawn - 174.5 Truro
Vienna Aquatic,Week5,Oakton ,Week3,256.5 Vienna Aquatic - 145.5 Oakton
Vienna Woods,Week2,Mount Vernon Park,Week3,233.0 Vienna Woods - 169.0 Mount Vernon Park
Vienna Aquatic,Week3,Parliament,Week4,303.0 Vienna Aquatic - 99.0 Parliament
Vienna Aquatic,Week3,Oakton ,Week1,236.0 Vienna Aquatic - 166.0 Oakton
Vienna Woods,Week3,Rolling Forest,Week5,312.0 Vienna Woods - 90.0 Rolling Forest
Vienna Aquatic,Week2,Old Keene Mill,Week3,335.0 Vienna Aquatic - 67.0 Old Keene Mill
Vienna Woods,Week3,Rolling Hills,Week2,333.0 Vienna Woods - 69.0 Rolling Hills
Vienna Woods,Week4,Rolling Forest,Week3,280.0 Vienna Woods - 122.0 Rolling Forest
Vienna Woods,Week5,Mosby Woods,Week4,276.0 Vienna Woods - 126.0 Mosby Woods
Vienna Aquatic,Week2,Highlands Swim,Week4,209.0 Highlands Swim - 193.0 Vienna Aquatic
Vienna Woods,Week5,Holmes Run Acres,Week4,311.0 Vienna Woods - 91.0 Holmes Run Acres
Vienna Woods,Week2,Camelot,Week2,301.0 Vienna Woods - 100.0 Camelot
Vienna Woods,Week2,Holmes Run Acres,Week3,263.0 Vienna Woods - 139.0 Holmes Run Acres
Vienna Woods,Week5,Burke Station,Week5,355.0 Vienna Woods - 47.0 Burke Station
Vienna Aquatic,Week2,Old Keene Mill,Week5,330.0 Vienna Aquatic - 72.0 Old Keene Mill
Vienna Aquatic,Week4,Parklawn,Week5,308.0 Vienna Aquatic - 94.0 Parklawn
Vienna Aquatic,Week3,Old Keene Mill,Week2,335.0 Vienna Aquatic - 67.0 Old Keene Mill
Vienna Aquatic,Week5,Parklawn,Week1,346.0 Vienna Aquatic - 47.0 Parklawn
Vienna Aquatic,Week5,Parklawn,Week4,332.0 Vienna Aquatic - 69.0 Parklawn
Vienna Aquatic,Week5,Oakton ,Week2,247.0 Vienna Aquatic - 155.0 Oakton
Vienna Aquatic,Week5,Highlands Swim,Week3,231.0 Vienna Aquatic - 171.0 Highlands Swim
Vienna Woods,Week2,Rolling Hills,Week3,331.0 Vienna Woods - 71.0 Rolling Hills
Vienna Aquatic,Week3,Oakton ,Week4,222.0 Vienna Aquatic - 180.0 Oakton
Vienna Woods,Week4,Rolling Forest,Week4,288.0 Vienna Woods - 114.0 Rolling Forest
Vienna Woods,Week4,Mount Vernon Park,Week4,233.5 Vienna Woods - 168.5 Mount Vernon Park
Vienna Aquatic,Week1,Parliament,Week2,300.0 Vienna Aquatic - 102.0 Parliament
Vienna Aquatic,Week3,Highlands Swim,Week1,207.0 Vienna Aquatic - 195.0 Highlands Swim
Vienna Woods,Week1,Holmes Run Acres,Week3,275.0 Vienna Woods - 127.0 Holmes Run Acres
Vienna Woods,Week5,Camelot,Week1,324.0 Vienna Woods - 78.0 Camelot
Vienna Woods,Week1,Hunt Valley,Week4,232.0 Vienna Woods - 170.0 Hunt Valley
Vienna Woods,Week1,Hunt Valley,Week3,220.0 Vienna Woods - 182.0 Hunt Valley
Vienna Woods,Week1,Holmes Run Acres,Week4,298.0 Vienna Woods - 104.0 Holmes Run Acres
Vienna Aquatic,Week5,Highlands Swim,Week1,223.0 Vienna Aquatic - 179.0 Highlands Swim
Vienna Woods,Week5,Rolling Forest,Week5,318.0 Vienna Woods - 84.0 Rolling Forest
Vienna Aquatic,Week4,Highlands Swim,Week1,210.0 Highlands Swim - 192.0 Vienna Aquatic
Vienna Aquatic,Week5,Hollin Hills,Week1,356.0 Vienna Aquatic - 45.0 Hollin Hills
Vienna Aquatic,Week1,Old Keene Mill,Week2,339.0 Vienna Aquatic - 63.0 Old Keene Mill
Vienna Woods,Week1,Mount Vernon Park,Week3,226.0 Vienna Woods - 176.0 Mount Vernon Park
Vienna Woods,Week3,Rolling Hills,Week5,336.0 Vienna Woods - 66.0 Rolling Hills
Vienna Aquatic,Week1,Old Keene Mill,Week4,336.0 Vienna Aquatic - 66.0 Old Keene Mill
Vienna Woods,Week4,Mosby Woods,Week5,214.0 Vienna Woods - 188.0 Mosby Woods
Vienna Woods,Week2,Hunt Valley,Week2,244.0 Vienna Woods - 158.0 Hunt Valley
Vienna Woods,Week5,Rolling Forest,Week3,318.0 Vienna Woods - 84.0 Rolling Forest
Vienna Aquatic,Week3,Parliament,Week3,305.0 Vienna Aquatic - 97.0 Parliament
Vienna Aquatic,Week3,Highlands Swim,Week5,203.0 Highlands Swim - 199.0 Vienna Aquatic
Vienna Woods,Week5,Camelot,Week2,310.0 Vienna Woods - 92.0 Camelot
Vienna Aquatic,Week5,Oakton ,Week4,248.0 Vienna Aquatic - 154.0 Oakton
Vienna Aquatic,Week1,Parliament,Week3,289.0 Vienna Aquatic - 113.0 Parliament
Vienna Aquatic,Week1,Hollin Hills,Week5,332.5 Vienna Aquatic - 69.5 Hollin Hills
Vienna Woods,Week4,Camelot,Week5,290.0 Vienna Woods - 112.0 Camelot
Vienna Aquatic,Week2,Hollin Hills,Week3,342.0 Vienna Aquatic - 60.0 Hollin Hills
Vienna Aquatic,Week5,Parklawn,Week5,326.0 Vienna Aquatic - 74.0 Parklawn
Vienna Woods,Week4,Rolling Forest,Week1,289.0 Vienna Woods - 113.0 Rolling Forest
Vienna Woods,Week2,Canterbury Woods,Week5,292.0 Vienna Woods - 106.0 Canterbury Woods
Vienna Woods,Week3,Mount Vernon Park,Week1,245.0 Vienna Woods - 157.0 Mount Vernon Park
Vienna Woods,Week4,Camelot,Week2,292.0 Vienna Woods - 110.0 Camelot
Vienna Woods,Week2,Mount Vernon Park,Week2,243.0 Vienna Woods - 159.0 Mount Vernon Park
Vienna Aquatic,Week4,Oakton ,Week5,202.0 Oakton - 200.0 Vienna Aquatic
Vienna Woods,Week3,Camelot,Week1,314.0 Vienna Woods - 88.0 Camelot
Vienna Aquatic,Week2,Hollin Hills,Week1,348.0 Vienna Aquatic - 54.0 Hollin Hills
Vienna Woods,Week5,Camelot,Week4,334.0 Vienna Woods - 68.0 Camelot
Vienna Woods,Week5,Rolling Forest,Week1,331.0 Vienna Woods - 71.0 Rolling Forest
Vienna Aquatic,Week1,Old Keene Mill,Week3,324.0 Vienna Aquatic - 78.0 Old Keene Mill
Vienna Woods,Week3,Holmes Run Acres,Week1,311.0 Vienna Woods - 91.0 Holmes Run Acres
Vienna Woods,Week4,Holmes Run Acres,Week2,291.0 Vienna Woods - 111.0 Holmes Run Acres
Villa Aquatic,Week5,Commonwealth,Week4,276.0 Villa Aquatic - 126.0 Commonwealth
Vienna Woods,Week3,Rolling Forest,Week4,320.0 Vienna Woods - 82.0 Rolling Forest
Vienna Woods,Week2,Rolling Hills,Week2,312.0 Vienna Woods - 90.0 Rolling Hills
Vienna Aquatic,Week2,Highlands Swim,Week3,214.0 Highlands Swim - 188.0 Vienna Aquatic
Vienna Woods,Week5,Mosby Woods,Week5,265.0 Vienna Woods - 137.0 Mosby Woods
Vienna Aquatic,Week3,Parliament,Week5,285.5 Vienna Aquatic - 116.5 Parliament
Vienna Woods,Week1,Mount Vernon Park,Week4,233.0 Vienna Woods - 169.0 Mount Vernon Park
Vienna Aquatic,Week2,Parliament,Week2,302.0 Vienna Aquatic - 100.0 Parliament
Vienna Woods,Week1,Hunt Valley,Week5,216.0 Vienna Woods - 186.0 Hunt Valley
Vienna Woods,Week3,Holmes Run Acres,Week2,305.0 Vienna Woods - 97.0 Holmes Run Acres
Vienna Aquatic,Week2,Old Keene Mill,Week1,345.0 Vienna Aquatic - 57.0 Old Keene Mill
Vienna Aquatic,Week4,Parliament,Week3,285.0 Vienna Aquatic - 117.0 Parliament
Vienna Woods,Week1,Rolling Hills,Week5,331.0 Vienna Woods - 71.0 Rolling Hills
Vienna Woods,Week2,Canterbury Woods,Week2,314.0 Vienna Woods - 87.0 Canterbury Woods
Vienna Aquatic,Week5,Parliament,Week4,313.5 Vienna Aquatic - 87.5 Parliament
Vienna Woods,Week1,Canterbury Woods,Week1,313.0 Vienna Woods - 89.0 Canterbury Woods
Vienna Woods,Week1,Canterbury Woods,Week5,294.0 Vienna Woods - 108.0 Canterbury Woods
Vienna Aquatic,Week5,Parklawn,Week2,334.0 Vienna Aquatic - 67.0 Parklawn
Vienna Woods,Week2,Rolling Hills,Week1,322.0 Vienna Woods - 79.0 Rolling Hills
Vienna Woods,Week4,Mount Vernon Park,Week2,237.0 Vienna Woods - 165.0 Mount Vernon Park
Vienna Woods,Week4,Mount Vernon Park,Week3,217.0 Vienna Woods - 185.0 Mount Vernon Park
Vienna Aquatic,Week1,Hollin Hills,Week1,348.0 Vienna Aquatic - 54.0 Hollin Hills
Vienna Woods,Week4,Mosby Woods,Week4,232.0 Vienna Woods - 170.0 Mosby Woods
Vienna Woods,Week3,Holmes Run Acres,Week5,267.0 Vienna Woods - 135.0 Holmes Run Acres
Vienna Woods,Week1,Hunt Valley,Week2,250.5 Vienna Woods - 151.5 Hunt Valley
Vienna Woods,Week2,Camelot,Week1,299.0 Vienna Woods - 103.0 Camelot
Vienna Aquatic,Week3,Old Keene Mill,Week1,350.0 Vienna Aquatic - 52.0 Old Keene Mill
Vienna Aquatic,Week1,Parliament,Week4,298.0 Vienna Aquatic - 104.0 Parliament
Vienna Aquatic,Week4,Highlands Swim,Week5,240.0 Highlands Swim - 162.0 Vienna Aquatic
Vienna Woods,Week2,Camelot,Week3,302.0 Vienna Woods - 99.0 Camelot
Vienna Aquatic,Week5,Highlands Swim,Week5,215.0 Vienna Aquatic - 187.0 Highlands Swim
Vienna Woods,Week1,Mount Vernon Park,Week5,216.0 Vienna Woods - 186.0 Mount Vernon Park
Vienna Aquatic,Week3,Highlands Swim,Week2,214.0 Highlands Swim - 188.0 Vienna Aquatic
Vienna Woods,Week2,Hunt Valley,Week5,212.0 Vienna Woods - 190.0 Hunt Valley
Vienna Woods,Week1,Mount Vernon Park,Week2,238.0 Vienna Woods - 164.0 Mount Vernon Park
Vienna Woods,Week1,Canterbury Woods,Week2,316.0 Vienna Woods - 86.0 Canterbury Woods
Vienna Woods,Week2,Rolling Hills,Week4,320.0 Vienna Woods - 78.0 Rolling Hills
Vienna Aquatic,Week4,Highlands Swim,Week3,228.0 Highlands Swim - 174.0 Vienna Aquatic
Vienna Aquatic,Week5,Highlands Swim,Week2,218.5 Vienna Aquatic - 183.5 Highlands Swim
Vienna Woods,Week1,Rolling Hills,Week2,329.0 Vienna Woods - 73.0 Rolling Hills
Vienna Woods,Week3,Camelot,Week3,315.0 Vienna Woods - 87.0 Camelot
Vienna Aquatic,Week2,Parliament,Week1,272.0 Vienna Aquatic - 130.0 Parliament
Vienna Aquatic,Week3,Old Keene Mill,Week3,341.0 Vienna Aquatic - 61.0 Old Keene Mill
Vienna Woods,Week2,Holmes Run Acres,Week4,282.0 Vienna Woods - 120.0 Holmes Run Acres
Vienna Woods,Week1,Mount Vernon Park,Week1,238.0 Vienna Woods - 159.0 Mount Vernon Park
Vienna Woods,Week1,Holmes Run Acres,Week5,249.0 Vienna Woods - 153.0 Holmes Run Acres
Vienna Woods,Week5,Rolling Forest,Week4,331.0 Vienna Woods - 71.0 Rolling Forest
Vienna Aquatic,Week4,Parklawn,Week4,312.0 Vienna Aquatic - 90.0 Parklawn
Vienna Woods,Week4,Mosby Woods,Week3,216.0 Vienna Woods - 186.0 Mosby Woods
Vienna Aquatic,Week3,Old Keene Mill,Week4,339.0 Vienna Aquatic - 63.0 Old Keene Mill
Vienna Aquatic,Week3,Hollin Hills,Week1,353.0 Vienna Aquatic - 49.0 Hollin Hills
Vienna Woods,Week2,Camelot,Week4,315.0 Vienna Woods - 87.0 Camelot
Vienna Woods,Week5,Mosby Woods,Week1,254.0 Vienna Woods - 148.0 Mosby Woods
Vienna Woods,Week3,Holmes Run Acres,Week4,300.0 Vienna Woods - 102.0 Holmes Run Acres
Vienna Aquatic,Week1,Hollin Hills,Week3,341.0 Vienna Aquatic - 61.0 Hollin Hills
Vienna Aquatic,Week3,Hollin Hills,Week2,352.0 Vienna Aquatic - 50.0 Hollin Hills
Vienna Woods,Week4,Holmes Run Acres,Week1,279.0 Vienna Woods - 123.0 Holmes Run Acres
Vienna Woods,Week3,Rolling Valley,Week4,366.0 Vienna Woods - 36.0 Rolling Valley
Vienna Aquatic,Week1,Parliament,Week1,272.0 Vienna Aquatic - 130.0 Parliament
Vienna Aquatic,Week1,Parliament,Week5,281.0 Vienna Aquatic - 121.0 Parliament
Vienna Woods,Week2,Mount Vernon Park,Week4,239.0 Vienna Woods - 163.0 Mount Vernon Park
Vienna Woods,Week3,Mount Vernon Park,Week2,256.0 Vienna Woods - 146.0 Mount Vernon Park
Vienna Aquatic,Week4,Parliament,Week4,294.0 Vienna Aquatic - 108.0 Parliament
Vienna Woods,Week4,Holmes Run Acres,Week4,282.0 Vienna Woods - 120.0 Holmes Run Acres
Vienna Woods,Week2,Rolling Hills,Week5,328.0 Vienna Woods - 74.0 Rolling Hills
Vienna Aquatic,Week3,Old Keene Mill,Week5,329.0 Vienna Aquatic - 73.0 Old Keene Mill
Vienna Woods,Week2,Canterbury Woods,Week1,308.0 Vienna Woods - 94.0 Canterbury Woods
Vienna Woods,Week5,Rolling Forest,Week2,333.0 Vienna Woods - 69.0 Rolling Forest
Vienna Aquatic,Week4,Old Keene Mill,Week4,340.0 Vienna Aquatic - 62.0 Old Keene Mill
Vienna Aquatic,Week4,Parliament,Week2,300.0 Vienna Aquatic - 101.0 Parliament
Vienna Woods,Week1,Rolling Hills,Week3,326.0 Vienna Woods - 76.0 Rolling Hills
Vienna Woods,Week2,Holmes Run Acres,Week5,254.0 Vienna Woods - 148.0 Holmes Run Acres
Vienna Aquatic,Week5,Old Keene Mill,Week2,350.0 Vienna Aquatic - 52.0 Old Keene Mill
Vienna Woods,Week5,Holmes Run Acres,Week1,324.0 Vienna Woods - 78.0 Holmes Run Acres
Vienna Woods,Week5,Mount Vernon Park,Week1,274.0 Vienna Woods - 128.0 Mount Vernon Park
Vienna Woods,Week5,Mosby Woods,Week3,277.0 Vienna Woods - 125.0 Mosby Woods
Vienna Aquatic,Week4,Parliament,Week1,265.0 Vienna Aquatic - 136.0 Parliament
Vienna Aquatic,Week4,Old Keene Mill,Week5,314.0 Vienna Aquatic - 88.0 Old Keene Mill
Vienna Aquatic,Week2,Hollin Hills,Week5,334.0 Vienna Aquatic - 68.0 Hollin Hills
Vienna Woods,Week1,Camelot,Week1,303.0 Vienna Woods - 99.0 Camelot
Vienna Woods,Week2,Mount Vernon Park,Week1,231.0 Vienna Woods - 171.0 Mount Vernon Park
Vienna Aquatic,Week4,Parliament,Week5,290.0 Vienna Aquatic - 111.0 Parliament
Vienna Woods,Week3,Camelot,Week4,312.0 Vienna Woods - 90.0 Camelot
Vienna Woods,Week4,Rolling Hills,Week3,312.0 Vienna Woods - 85.0 Rolling Hills
Vienna Woods,Week5,Greenbriar,Week4,319.0 Vienna Woods - 83.0 Greenbriar
Vienna Woods,Week4,Mount Vernon Park,Week5,201.5 Mount Vernon Park - 200.5 Vienna Woods
Vienna Woods,Week2,Camelot,Week5,298.0 Vienna Woods - 104.0 Camelot
Vienna Aquatic,Week2,Hollin Hills,Week2,338.0 Vienna Aquatic - 64.0 Hollin Hills
Vienna Woods,Week5,Burke Station,Week4,367.0 Vienna Woods - 35.0 Burke Station
Vienna Aquatic,Week5,Old Keene Mill,Week1,360.0 Vienna Aquatic - 42.0 Old Keene Mill
Vienna Woods,Week4,Holmes Run Acres,Week3,251.0 Vienna Woods - 151.0 Holmes Run Acres
Vienna Woods,Week4,Greenbriar,Week5,260.0 Vienna Woods - 142.0 Greenbriar
Vienna Aquatic,Week5,Old Keene Mill,Week3,350.0 Vienna Aquatic - 52.0 Old Keene Mill
Vienna Aquatic,Week4,Hollin Hills,Week1,346.0 Vienna Aquatic - 56.0 Hollin Hills
Vienna Woods,Week5,Great Falls,Week2,306.0 Vienna Woods - 78.0 Great Falls
Vienna Woods,Week3,Rolling Valley,Week1,382.0 Vienna Woods - 20.0 Rolling Valley
Vienna Aquatic,Week5,Parliament,Week1,303.0 Vienna Aquatic - 97.0 Parliament
Villa Aquatic,Week5,Commonwealth,Week5,245.0 Villa Aquatic - 157.0 Commonwealth
Vienna Woods,Week3,Camelot,Week5,294.0 Vienna Woods - 108.0 Camelot
Vienna Woods,Week2,Holmes Run Acres,Week1,290.0 Vienna Woods - 112.0 Holmes Run Acres
Vienna Woods,Week5,Holmes Run Acres,Week2,328.0 Vienna Woods - 74.0 Holmes Run Acres
Vienna Woods,Week5,Mount Vernon Park,Week2,274.0 Vienna Woods - 128.0 Mount Vernon Park
Vienna Aquatic,Week5,Parliament,Week2,314.0 Vienna Aquatic - 84.0 Parliament
Vienna Aquatic,Week4,Hollin Hills,Week3,342.0 Vienna Aquatic - 60.0 Hollin Hills
Vienna Aquatic,Week5,Old Keene Mill,Week5,333.0 Vienna Aquatic - 69.0 Old Keene Mill
Vienna Aquatic,Week3,Hollin Hills,Week5,340.0 Vienna Aquatic - 62.0 Hollin Hills
Vienna Woods,Week4,Greenbriar,Week2,243.0 Vienna Woods - 159.0 Greenbriar
Vienna Woods,Week4,Rolling Valley,Week4,357.0 Vienna Woods - 45.0 Rolling Valley
Vienna Woods,Week3,Camelot,Week2,302.0 Vienna Woods - 100.0 Camelot
Vienna Woods,Week5,Mount Vernon Park,Week3,250.0 Vienna Woods - 152.0 Mount Vernon Park
Vienna Aquatic,Week4,Hollin Hills,Week2,335.0 Vienna Aquatic - 65.0 Hollin Hills
Vienna Woods,Week4,Camelot,Week4,301.0 Vienna Woods - 101.0 Camelot
Vienna Aquatic,Week5,Old Keene Mill,Week4,351.0 Vienna Aquatic - 51.0 Old Keene Mill
Vienna Woods,Week4,Camelot,Week3,305.0 Vienna Woods - 97.0 Camelot
Vienna Woods,Week5,Rolling Valley,Week2,373.0 Vienna Woods - 29.0 Rolling Valley
Vienna Woods,Week5,Holmes Run Acres,Week3,289.0 Vienna Woods - 113.0 Holmes Run Acres
Vienna Aquatic,Week5,Parliament,Week3,316.0 Vienna Aquatic - 86.0 Parliament
Vienna Woods,Week1,Hunt Valley,Week1,243.0 Vienna Woods - 154.0 Hunt Valley
Vienna Aquatic,Week5,Parliament,Week5,306.0 Vienna Aquatic - 94.0 Parliament
Vienna Woods,Week5,Newington Forest,Week1,373.0 Vienna Woods - 28.0 Newington Forest
Vienna Woods,Week4,Newington Forest,Week3,340.0 Vienna Woods - 62.0 Newington Forest
Vienna Aquatic,Week4,Hollin Hills,Week5,338.0 Vienna Aquatic - 63.0 Hollin Hills
Vienna Woods,Week5,Greenbriar,Week1,292.0 Vienna Woods - 110.0 Greenbriar
Vienna Woods,Week2,Hunt Valley,Week1,242.0 Vienna Woods - 160.0 Hunt Valley
Vienna Aquatic,Week4,Old Keene Mill,Week2,330.0 Vienna Aquatic - 72.0 Old Keene Mill
Vienna Aquatic,Week4,Hollin Hills,Week4,343.0 Vienna Aquatic - 57.0 Hollin Hills
Vienna Woods,Week5,Rolling Valley,Week4,372.0 Vienna Woods - 30.0 Rolling Valley
Vienna Aquatic,Week5,Pinecrest,Week4,238.0 Vienna Aquatic - 164.0 Pinecrest
Vienna Woods,Week5,Rolling Hills,Week4,348.0 Vienna Woods - 53.0 Rolling Hills
Vienna Woods,Week1,Greenbriar,Week3,287.0 Vienna Woods - 115.0 Greenbriar
Vienna Woods,Week4,Camelot,Week1,301.0 Vienna Woods - 101.0 Camelot
Vienna Woods,Week2,Greenbriar,Week3,279.0 Vienna Woods - 123.0 Greenbriar
Vienna Woods,Week1,Rolling Valley,Week4,352.0 Vienna Woods - 50.0 Rolling Valley
Vienna Aquatic,Week4,Old Keene Mill,Week3,330.0 Vienna Aquatic - 72.0 Old Keene Mill
Villa Aquatic,Week5,Commonwealth,Week3,256.0 Villa Aquatic - 146.0 Commonwealth
Vienna Woods,Week2,Newington Forest,Week1,357.0 Vienna Woods - 41.0 Newington Forest
Vienna Woods,Week5,Camelot,Week3,325.0 Vienna Woods - 77.0 Camelot
Vienna Woods,Week4,Greenbriar,Week3,266.0 Vienna Woods - 136.0 Greenbriar
Vienna Woods,Week4,Rolling Hills,Week1,319.0 Vienna Woods - 83.0 Rolling Hills
Vienna Woods,Week2,Hunt Valley,Week3,226.0 Vienna Woods - 176.0 Hunt Valley
Vienna Aquatic,Week1,Pinecrest,Week2,203.0 Vienna Aquatic - 199.0 Pinecrest
Vienna Woods,Week3,Newington Forest,Week2,363.0 Vienna Woods - 38.0 Newington Forest
Vienna Woods,Week5,Great Falls,Week4,310.0 Vienna Woods - 92.0 Great Falls
Vienna Aquatic,Week3,Pinecrest,Week4,218.0 Vienna Aquatic - 184.0 Pinecrest
Vienna Woods,Week1,Canterbury Woods,Week3,300.0 Vienna Woods - 97.0 Canterbury Woods
Vienna Aquatic,Week5,Hollin Hills,Week2,341.0 Vienna Aquatic - 56.0 Hollin Hills
Vienna Aquatic,Week5,Hollin Hills,Week4,360.0 Vienna Aquatic - 38.0 Hollin Hills
Vienna Aquatic,Week2,Pinecrest,Week3,210.0 Pinecrest - 192.0 Vienna Aquatic
Vienna Woods,Week3,Greenbriar,Week2,274.0 Vienna Woods - 128.0 Greenbriar
Vienna Woods,Week2,Greenbriar,Week2,259.5 Vienna Woods - 142.5 Greenbriar
Vienna Woods,Week1,North Springfield,Week4,341.0 Vienna Woods - 46.0 North Springfield
Vienna Woods,Week2,Rolling Valley,Week3,356.0 Vienna Woods - 46.0 Rolling Valley
Vienna Aquatic,Week3,Pinecrest,Week5,211.0 Vienna Aquatic - 191.0 Pinecrest
Vienna Woods,Week5,Camelot,Week5,315.0 Vienna Woods - 87.0 Camelot
Vienna Woods,Week1,North Springfield,Week3,339.0 Vienna Woods - 58.0 North Springfield
Vienna Woods,Week5,Hunt Valley,Week5,254.0 Vienna Woods - 148.0 Hunt Valley
Vienna Woods,Week2,Newington Forest,Week5,335.0 Vienna Woods - 67.0 Newington Forest
Vienna Aquatic,Week5,Hollin Hills,Week5,348.0 Vienna Aquatic - 52.0 Hollin Hills
Vienna Woods,Week1,Hunter Mill,Week4,266.0 Vienna Woods - 136.0 Hunter Mill
Vienna Aquatic,Week3,Hollin Hills,Week4,356.0 Vienna Aquatic - 46.0 Hollin Hills
Vienna Woods,Week1,Rolling Valley,Week3,351.0 Vienna Woods - 46.0 Rolling Valley
Vienna Woods,Week2,Greenbriar,Week4,292.0 Vienna Woods - 110.0 Greenbriar
Vienna Woods,Week2,Canterbury Woods,Week3,308.0 Vienna Woods - 94.0 Canterbury Woods
Vienna Aquatic,Week5,Hollin Hills,Week3,353.0 Vienna Aquatic - 48.0 Hollin Hills
Vienna Woods,Week1,Canterbury Woods,Week4,293.0 Vienna Woods - 104.0 Canterbury Woods
Vienna Woods,Week1,Rolling Valley,Week5,349.0 Vienna Woods - 53.0 Rolling Valley
Vienna Woods,Week2,Hunter Mill,Week2,262.0 Vienna Woods - 140.0 Hunter Mill
Vienna Woods,Week4,Rolling Hills,Week5,312.0 Vienna Woods - 90.0 Rolling Hills
Vienna Aquatic,Week5,Pinecrest,Week5,239.0 Vienna Aquatic - 163.0 Pinecrest
Vienna Woods,Week2,Hunt Valley,Week4,217.0 Vienna Woods - 185.0 Hunt Valley
Vienna Woods,Week4,Newington Forest,Week4,341.0 Vienna Woods - 61.0 Newington Forest
Vienna Woods,Week1,Newington Forest,Week3,353.0 Vienna Woods - 49.0 Newington Forest
Vienna Aquatic,Week2,Pinecrest,Week1,230.0 Vienna Aquatic - 172.0 Pinecrest
Vienna Woods,Week1,Rolling Valley,Week1,373.0 Vienna Woods - 29.0 Rolling Valley
Vienna Woods,Week4,Hunt Valley,Week2,216.0 Vienna Woods - 186.0 Hunt Valley
Vienna Woods,Week2,Canterbury Woods,Week4,290.0 Vienna Woods - 112.0 Canterbury Woods
Vienna Woods,Week1,Greenbriar,Week5,279.0 Vienna Woods - 123.0 Greenbriar
Vienna Aquatic,Week1,Hollin Meadows,Week1,256.5 Vienna Aquatic - 145.5 Hollin Meadows
Vienna Woods,Week3,Hunt Valley,Week4,243.0 Vienna Woods - 159.0 Hunt Valley
Vienna Woods,Week4,Canterbury Woods,Week4,283.0 Vienna Woods - 119.0 Canterbury Woods
Vienna Aquatic,Week1,Pinewood Lake,Week1,378.0 Vienna Aquatic - 22.0 Pinewood Lake
Vienna Woods,Week5,Greenbriar,Week3,298.0 Vienna Woods - 104.0 Greenbriar
Vienna Woods,Week5,Great Falls,Week3,307.0 Vienna Woods - 95.0 Great Falls
Vienna Woods,Week2,Newington Forest,Week2,345.0 Vienna Woods - 53.0 Newington Forest
Vienna Aquatic,Week1,Pinecrest,Week3,206.0 Pinecrest - 196.0 Vienna Aquatic
Vienna Woods,Week4,Rolling Hills,Week4,305.0 Vienna Woods - 96.0 Rolling Hills
Vienna Woods,Week1,Greenbriar,Week4,298.0 Vienna Woods - 104.0 Greenbriar
Vienna Aquatic,Week1,Hollin Meadows,Week3,269.0 Vienna Aquatic - 133.0 Hollin Meadows
Vienna Woods,Week3,Newington Forest,Week3,368.0 Vienna Woods - 34.0 Newington Forest
Vienna Woods,Week2,Cardinal Hill,Week1,241.0 Vienna Woods - 161.0 Cardinal Hill
Vienna Aquatic,Week1,Pinewood Lake,Week2,378.0 Vienna Aquatic - 22.0 Pinewood Lake
Vienna Aquatic,Week1,Hollin Meadows,Week2,281.0 Vienna Aquatic - 121.0 Hollin Meadows
Vienna Woods,Week4,Newington Forest,Week2,338.0 Vienna Woods - 63.0 Newington Forest
Vienna Woods,Week5,Rolling Hills,Week1,343.0 Vienna Woods - 59.0 Rolling Hills
Vienna Aquatic,Week5,Hayfield Farm,Week2,304.0 Vienna Aquatic - 98.0 Hayfield Farm
Vienna Aquatic,Week2,Herndon,Week5,363.5 Vienna Aquatic - 38.5 Herndon
Vienna Woods,Week3,Hunt Valley,Week2,258.0 Vienna Woods - 144.0 Hunt Valley
Vienna Woods,Week5,Canterbury Woods,Week5,324.0 Vienna Woods - 77.0 Canterbury Woods
Vienna Woods,Week1,Cardinal Hill,Week2,276.5 Vienna Woods - 125.5 Cardinal Hill
Vienna Woods,Week5,Rolling Hills,Week5,351.0 Vienna Woods - 51.0 Rolling Hills
Vienna Aquatic,Week5,Pinecrest,Week2,232.0 Vienna Aquatic - 170.0 Pinecrest
Vienna Woods,Week2,Hunter Mill,Week3,258.0 Vienna Woods - 144.0 Hunter Mill
Vienna Aquatic,Week3,Pinecrest,Week3,204.0 Vienna Aquatic - 198.0 Pinecrest
Vienna Woods,Week2,Hunter Mill,Week1,254.0 Vienna Woods - 148.0 Hunter Mill
Vienna Aquatic,Week2,Hollin Meadows,Week1,255.0 Vienna Aquatic - 147.0 Hollin Meadows
Vienna Aquatic,Week5,Pinecrest,Week3,236.0 Vienna Aquatic - 166.0 Pinecrest
Vienna Woods,Week5,Great Falls,Week5,289.0 Vienna Woods - 113.0 Great Falls
Vienna Aquatic,Week2,Herndon,Week1,372.0 Vienna Aquatic - 30.0 Herndon
Vienna Aquatic,Week4,Hayfield Farm,Week4,280.0 Vienna Aquatic - 122.0 Hayfield Farm
Vienna Woods,Week1,North Springfield,Week2,344.0 Vienna Woods - 44.0 North Springfield
Vienna Aquatic,Week1,Herndon,Week3,372.0 Vienna Aquatic - 30.0 Herndon
Vienna Woods,Week5,Rolling Hills,Week2,342.0 Vienna Woods - 60.0 Rolling Hills
Vienna Aquatic,Week1,Hollin Meadows,Week5,284.0 Vienna Aquatic - 118.0 Hollin Meadows
Vienna Aquatic,Week2,Hollin Meadows,Week2,282.0 Vienna Aquatic - 120.0 Hollin Meadows
Vienna Aquatic,Week2,Pinecrest,Week4,206.0 Vienna Aquatic - 196.0 Pinecrest
Vienna Woods,Week5,Rolling Hills,Week3,347.0 Vienna Woods - 55.0 Rolling Hills
Vienna Woods,Week2,Cardinal Hill,Week2,273.0 Vienna Woods - 129.0 Cardinal Hill
Vienna Woods,Week4,Rolling Hills,Week2,315.0 Vienna Woods - 87.0 Rolling Hills
Vienna Woods,Week1,Greenbriar,Week1,271.0 Vienna Woods - 131.0 Greenbriar
Vienna Woods,Week2,Cardinal Hill,Week4,254.5 Vienna Woods - 147.5 Cardinal Hill
Vienna Woods,Week2,Cardinal Hill,Week3,229.0 Vienna Woods - 173.0 Cardinal Hill
Vienna Woods,Week4,Newington Forest,Week1,343.0 Vienna Woods - 58.0 Newington Forest
Vienna Woods,Week1,Greenbriar,Week2,257.0 Vienna Woods - 145.0 Greenbriar
Vienna Woods,Week1,North Springfield,Week5,311.0 Vienna Woods - 63.0 North Springfield
Vienna Aquatic,Week1,Herndon,Week2,364.0 Vienna Aquatic - 38.0 Herndon
Vienna Woods,Week3,Hunter Mill,Week4,253.5 Vienna Woods - 148.5 Hunter Mill
Vienna Woods,Week2,Greenbriar,Week5,265.0 Vienna Woods - 137.0 Greenbriar
Vienna Aquatic,Week1,Hollin Meadows,Week4,276.0 Vienna Aquatic - 126.0 Hollin Meadows
Vienna Woods,Week2,Rolling Valley,Week1,377.0 Vienna Woods - 25.0 Rolling Valley
Vienna Woods,Week3,Hunter Mill,Week3,259.0 Vienna Woods - 143.0 Hunter Mill
Vienna Woods,Week5,Hunt Valley,Week1,269.0 Vienna Woods - 133.0 Hunt Valley
Vienna Woods,Week2,North Springfield,Week1,312.0 Vienna Woods - 39.0 North Springfield
Vienna Aquatic,Week2,Herndon,Week4,376.0 Vienna Aquatic - 26.0 Herndon
Vienna Woods,Week4,Canterbury Woods,Week1,297.0 Vienna Woods - 100.0 Canterbury Woods
Vienna Woods,Week3,Greenbriar,Week1,277.0 Vienna Woods - 125.0 Greenbriar
Vienna Woods,Week2,Newington Forest,Week4,352.0 Vienna Woods - 50.0 Newington Forest
Vienna Woods,Week1,Hunter Mill,Week1,268.0 Vienna Woods - 134.0 Hunter Mill
Vienna Aquatic,Week3,Pinecrest,Week2,211.0 Vienna Aquatic - 191.0 Pinecrest
Vienna Woods,Week5,Hunt Valley,Week2,286.0 Vienna Woods - 116.0 Hunt Valley
Vienna Aquatic,Week1,Herndon,Week4,372.0 Vienna Aquatic - 30.0 Herndon
Vienna Aquatic,Week1,Pinewood Lake,Week3,384.0 Vienna Aquatic - 16.0 Pinewood Lake
Vienna Woods,Week3,Greenbriar,Week3,289.0 Vienna Woods - 113.0 Greenbriar
Vienna Aquatic,Week3,Herndon,Week4,372.0 Vienna Aquatic - 30.0 Herndon
Vienna Woods,Week2,Rolling Valley,Week4,359.5 Vienna Woods - 42.5 Rolling Valley
Vienna Woods,Week2,Cardinal Hill,Week5,247.0 Vienna Woods - 154.0 Cardinal Hill
Vienna Woods,Week2,Rolling Valley,Week2,365.0 Vienna Woods - 37.0 Rolling Valley
Vienna Aquatic,Week3,Hayfield Farm,Week2,282.0 Vienna Aquatic - 120.0 Hayfield Farm
Vienna Woods,Week4,Canterbury Woods,Week3,298.0 Vienna Woods - 104.0 Canterbury Woods
Vienna Woods,Week3,Greenbriar,Week5,282.0 Vienna Woods - 120.0 Greenbriar
Vienna Woods,Week3,Canterbury Woods,Week5,303.0 Vienna Woods - 98.0 Canterbury Woods
Vienna Aquatic,Week4,Pinecrest,Week1,224.0 Vienna Aquatic - 178.0 Pinecrest
Vienna Woods,Week3,Cardinal Hill,Week1,251.0 Vienna Woods - 151.0 Cardinal Hill
Vienna Woods,Week3,Hunter Mill,Week1,262.0 Vienna Woods - 140.0 Hunter Mill
Vienna Woods,Week4,Hunter Mill,Week1,244.0 Vienna Woods - 153.0 Hunter Mill
Vienna Woods,Week3,Newington Forest,Week4,364.0 Vienna Woods - 38.0 Newington Forest
Vienna Woods,Week4,Newington Forest,Week5,317.0 Vienna Woods - 85.0 Newington Forest
Vienna Woods,Week2,Hunter Mill,Week5,237.0 Vienna Woods - 165.0 Hunter Mill
Vienna Woods,Week1,Newington Forest,Week2,349.0 Vienna Woods - 53.0 Newington Forest
Vienna Woods,Week4,Greenbriar,Week4,275.5 Vienna Woods - 126.5 Greenbriar
Vienna Woods,Week3,Cardinal Hill,Week2,272.0 Vienna Woods - 130.0 Cardinal Hill
Vienna Woods,Week4,Canterbury Woods,Week5,285.0 Vienna Woods - 111.0 Canterbury Woods
Vienna Woods,Week2,Rolling Valley,Week5,356.0 Vienna Woods - 46.0 Rolling Valley
Vienna Woods,Week5,Mount Vernon Park,Week5,249.0 Vienna Woods - 153.0 Mount Vernon Park
Vienna Aquatic,Week2,Hayfield Farm,Week3,261.0 Vienna Aquatic - 141.0 Hayfield Farm
Vienna Woods,Week1,Newington Forest,Week1,356.0 Vienna Woods - 46.0 Newington Forest
Vienna Aquatic,Week1,Pinecrest,Week5,210.0 Vienna Aquatic - 192.0 Pinecrest
Vienna Aquatic,Week4,Pinecrest,Week3,210.0 Pinecrest - 192.0 Vienna Aquatic
Vienna Aquatic,Week2,Pinecrest,Week5,208.0 Vienna Aquatic - 194.0 Pinecrest
Vienna Aquatic,Week2,Hayfield Farm,Week4,285.0 Vienna Aquatic - 117.0 Hayfield Farm
Vienna Aquatic,Week1,Hayfield Farm,Week5,287.0 Vienna Aquatic - 115.0 Hayfield Farm
Vienna Woods,Week3,Rolling Valley,Week3,366.0 Vienna Woods - 36.0 Rolling Valley
Vienna Woods,Week3,Greenbriar,Week4,306.0 Vienna Woods - 96.0 Greenbriar
Vienna Woods,Week3,Hunter Mill,Week5,235.0 Vienna Woods - 167.0 Hunter Mill
Vienna Woods,Week1,Hunter Mill,Week2,265.0 Vienna Woods - 137.0 Hunter Mill
Vienna Woods,Week4,Greenbriar,Week1,251.0 Vienna Woods - 151.0 Greenbriar
Vienna Woods,Week2,Greenbriar,Week1,270.0 Vienna Woods - 132.0 Greenbriar
Vienna Woods,Week1,Newington Forest,Week4,349.0 Vienna Woods - 53.0 Newington Forest
Vienna Woods,Week1,Rolling Valley,Week2,352.0 Vienna Woods - 50.0 Rolling Valley
Vienna Woods,Week3,Rolling Valley,Week2,373.0 Vienna Woods - 29.0 Rolling Valley
Vienna Woods,Week3,Rolling Valley,Week5,360.0 Vienna Woods - 42.0 Rolling Valley
Vienna Aquatic,Week4,Hayfield Farm,Week2,283.0 Vienna Aquatic - 119.0 Hayfield Farm
Vienna Aquatic,Week4,Pinecrest,Week4,201.0 Pinecrest - 201.0 Vienna Aquatic
Vienna Aquatic,Week4,Pinecrest,Week2,209.0 Pinecrest - 193.0 Vienna Aquatic
Vienna Woods,Week1,Cardinal Hill,Week5,268.0 Vienna Woods - 134.0 Cardinal Hill
Vienna Woods,Week5,Canterbury Woods,Week3,334.0 Vienna Woods - 68.0 Canterbury Woods
Vienna Woods,Week4,Rolling Valley,Week3,352.0 Vienna Woods - 50.0 Rolling Valley
Vienna Woods,Week5,Hamlet,Week3,269.0 Vienna Woods - 133.0 Hamlet
Vienna Aquatic,Week1,Pinecrest,Week4,202.0 Pinecrest - 200.0 Vienna Aquatic
Vienna Aquatic,Week4,Pinecrest,Week5,199.0 Pinecrest - 198.0 Vienna Aquatic
Vienna Aquatic,Week5,Hayfield Farm,Week1,300.0 Vienna Aquatic - 102.0 Hayfield Farm
Vienna Woods,Week1,Cardinal Hill,Week3,227.0 Vienna Woods - 175.0 Cardinal Hill
Vienna Aquatic,Week2,Hayfield Farm,Week1,270.0 Vienna Aquatic - 132.0 Hayfield Farm
Vienna Woods,Week5,Canterbury Woods,Week4,318.0 Vienna Woods - 84.0 Canterbury Woods
Vienna Woods,Week4,Hunt Valley,Week3,202.0 Hunt Valley - 200.0 Vienna Woods
Vienna Woods,Week3,Hunt Valley,Week3,234.0 Vienna Woods - 168.0 Hunt Valley
Vienna Woods,Week3,Newington Forest,Week1,371.0 Vienna Woods - 30.0 Newington Forest
Vienna Aquatic,Week3,Pinecrest,Week1,234.0 Vienna Aquatic - 168.0 Pinecrest
Vienna Woods,Week4,Rolling Valley,Week5,345.0 Vienna Woods - 57.0 Rolling Valley
Vienna Woods,Week3,Hamlet,Week3,237.0 Vienna Woods - 165.0 Hamlet
Vienna Aquatic,Week5,Pinecrest,Week1,245.5 Vienna Aquatic - 156.5 Pinecrest
Vienna Woods,Week1,Newington Forest,Week5,340.0 Vienna Woods - 57.0 Newington Forest
Vienna Aquatic,Week5,Hayfield Farm,Week4,315.0 Vienna Aquatic - 87.0 Hayfield Farm
Vienna Woods,Week3,Canterbury Woods,Week1,314.0 Vienna Woods - 88.0 Canterbury Woods
Vienna Woods,Week4,Rolling Valley,Week2,362.0 Vienna Woods - 40.0 Rolling Valley
Vienna Woods,Week5,Newington Forest,Week2,368.0 Vienna Woods - 33.0 Newington Forest
Vienna Woods,Week3,Hunt Valley,Week1,260.0 Vienna Woods - 142.0 Hunt Valley
Vienna Woods,Week1,Cardinal Hill,Week4,259.0 Vienna Woods - 143.0 Cardinal Hill
Vienna Woods,Week4,Hunt Valley,Week5,202.0 Vienna Woods - 200.0 Hunt Valley
Vienna Woods,Week2,Hamlet,Week2,219.0 Vienna Woods - 183.0 Hamlet
Vienna Woods,Week3,Hunt Valley,Week5,237.5 Vienna Woods - 164.5 Hunt Valley
Vienna Woods,Week2,Newington Forest,Week3,356.0 Vienna Woods - 46.0 Newington Forest
Vienna Aquatic,Week2,Pinecrest,Week2,210.0 Vienna Aquatic - 192.0 Pinecrest
Vienna Aquatic,Week1,Herndon,Week1,372.0 Vienna Aquatic - 30.0 Herndon
Vienna Aquatic,Week3,Hayfield Farm,Week5,292.0 Vienna Aquatic - 110.0 Hayfield Farm
Vienna Woods,Week5,Greenbriar,Week2,281.0 Vienna Woods - 121.0 Greenbriar
Vienna Woods,Week4,Hamlet,Week5,216.0 Hamlet - 186.0 Vienna Woods
Vienna Woods,Week5,Hunt Valley,Week3,263.0 Vienna Woods - 139.0 Hunt Valley
Vienna Woods,Week3,Canterbury Woods,Week2,328.0 Vienna Woods - 74.0 Canterbury Woods
Vienna Woods,Week4,Rutherford,Week2,345.0 Vienna Woods - 57.0 Rutherford
Vienna Woods,Week5,Rolling Valley,Week3,370.0 Vienna Woods - 32.0 Rolling Valley
Vienna Aquatic,Week3,Pinewood Lake,Week3,388.0 Vienna Aquatic - 14.0 Pinewood Lake
Vienna Woods,Week2,Hayfield Farm,Week1,304.0 Vienna Woods - 98.0 Hayfield Farm
Vienna Woods,Week4,Rolling Valley,Week1,367.0 Vienna Woods - 35.0 Rolling Valley
Vienna Woods,Week3,Newington Forest,Week5,359.0 Vienna Woods - 43.0 Newington Forest
Vienna Aquatic,Week2,Pinewood Lake,Week3,386.0 Vienna Aquatic - 16.0 Pinewood Lake
Vienna Woods,Week5,Rolling Valley,Week1,381.5 Vienna Woods - 20.5 Rolling Valley
Vienna Woods,Week5,Newington Forest,Week4,373.0 Vienna Woods - 29.0 Newington Forest
Vienna Aquatic,Week5,Hayfield Farm,Week5,308.0 Vienna Aquatic - 94.0 Hayfield Farm
Vienna Woods,Week3,Canterbury Woods,Week3,319.0 Vienna Woods - 83.0 Canterbury Woods
Vienna Woods,Week1,Hayfield Farm,Week4,295.0 Vienna Woods - 107.0 Hayfield Farm
Vienna Woods,Week1,Hayfield Farm,Week3,279.0 Vienna Woods - 123.0 Hayfield Farm
Vienna Aquatic,Week4,Hayfield Farm,Week3,256.0 Vienna Aquatic - 146.0 Hayfield Farm
Vienna Woods,Week5,Newington Forest,Week3,372.0 Vienna Woods - 30.0 Newington Forest
Vienna Woods,Week5,Hunt Valley,Week4,262.0 Vienna Woods - 140.0 Hunt Valley
Vienna Woods,Week4,Hunt Valley,Week4,207.0 Vienna Woods - 195.0 Hunt Valley
Vienna Woods,Week4,Rutherford,Week5,321.5 Vienna Woods - 80.5 Rutherford
Vienna Aquatic,Week2,Hayfield Farm,Week2,276.0 Vienna Aquatic - 126.0 Hayfield Farm
Vienna Woods,Week5,Newington Forest,Week5,357.0 Vienna Woods - 45.0 Newington Forest
Vienna Woods,Week3,Hamlet,Week2,233.0 Vienna Woods - 169.0 Hamlet
Vienna Woods,Week5,Rutherford,Week2,367.0 Vienna Woods - 35.0 Rutherford
Vienna Aquatic,Week2,Hayfield Farm,Week5,274.0 Vienna Aquatic - 128.0 Hayfield Farm
Vienna Woods,Week1,North Springfield,Week1,311.0 Vienna Woods - 39.0 North Springfield
Vienna Woods,Week4,Hunt Valley,Week1,228.0 Vienna Woods - 174.0 Hunt Valley
Vienna Woods,Week3,Canterbury Woods,Week4,296.0 Vienna Woods - 106.0 Canterbury Woods
Vienna Aquatic,Week3,Pinewood Lake,Week5,376.0 Vienna Aquatic - 26.0 Pinewood Lake
Vienna Woods,Week1,Hamlet,Week4,246.0 Vienna Woods - 156.0 Hamlet
Vienna Woods,Week3,North Springfield,Week1,320.0 Vienna Woods - 30.0 North Springfield
Vienna Woods,Week5,North Springfield,Week1,318.0 Vienna Woods - 33.0 North Springfield
Vienna Aquatic,Week4,Pinewood Lake,Week1,378.0 Vienna Aquatic - 17.0 Pinewood Lake
Vienna Aquatic,Week3,Hayfield Farm,Week1,277.0 Vienna Aquatic - 125.0 Hayfield Farm
Vienna Woods,Week4,Canterbury Woods,Week2,307.0 Vienna Woods - 95.0 Canterbury Woods
Vienna Aquatic,Week4,Pinewood Lake,Week5,372.0 Vienna Aquatic - 24.0 Pinewood Lake
Vienna Woods,Week1,Hunter Mill,Week3,259.0 Vienna Woods - 143.0 Hunter Mill
Vienna Aquatic,Week3,Hayfield Farm,Week3,273.0 Vienna Aquatic - 129.0 Hayfield Farm
Vienna Woods,Week1,Shouse Village,Week2,299.0 Vienna Woods - 103.0 Shouse Village
Vienna Woods,Week5,Canterbury Woods,Week2,341.0 Vienna Woods - 61.0 Canterbury Woods
Vienna Woods,Week5,Canterbury Woods,Week1,333.0 Vienna Woods - 69.0 Canterbury Woods
Vienna Woods,Week4,North Springfield,Week2,340.0 Vienna Woods - 48.0 North Springfield
Vienna Woods,Week5,Greenbriar,Week5,294.0 Vienna Woods - 108.0 Greenbriar
Vienna Woods,Week5,Rutherford,Week5,354.0 Vienna Woods - 48.0 Rutherford
Vienna Woods,Week1,Shouse Village,Week1,288.0 Vienna Woods - 114.0 Shouse Village
Vienna Aquatic,Week3,Hayfield Farm,Week4,288.0 Vienna Aquatic - 114.0 Hayfield Farm
Vienna Woods,Week1,Hamlet,Week3,237.0 Vienna Woods - 165.0 Hamlet
Vienna Woods,Week2,Hunter Mill,Week4,249.0 Vienna Woods - 153.0 Hunter Mill
Vienna Woods,Week1,Hunter Mill,Week5,238.0 Vienna Woods - 164.0 Hunter Mill
Vienna Aquatic,Week4,Pinewood Lake,Week2,379.0 Vienna Aquatic - 16.0 Pinewood Lake
Vienna Woods,Week1,Hayfield Farm,Week2,298.0 Vienna Woods - 104.0 Hayfield Farm
Vienna Woods,Week3,Hunter Mill,Week2,258.5 Vienna Woods - 143.5 Hunter Mill
Vienna Aquatic,Week2,Pinewood Lake,Week4,384.0 Vienna Aquatic - 18.0 Pinewood Lake
Vienna Woods,Week1,Cardinal Hill,Week1,250.0 Vienna Woods - 152.0 Cardinal Hill
Vienna Woods,Week2,Oakton ,Week4,224.0 Vienna Woods - 178.0 Oakton
Vienna Woods,Week4,Chesterbrook,Week1,280.0 Chesterbrook - 122.0 Vienna Woods
Vienna Aquatic,Week5,Pinewood Lake,Week1,378.0 Vienna Aquatic - 18.0 Pinewood Lake
Vienna Woods,Week1,Ilda Community,Week3,342.0 Vienna Woods - 60.0 Ilda Community
Vienna Woods,Week3,Rutherford,Week4,334.0 Vienna Woods - 68.0 Rutherford
Vienna Woods,Week4,Rutherford,Week1,350.0 Vienna Woods - 52.0 Rutherford
Vienna Woods,Week1,Oakton ,Week5,214.0 Vienna Woods - 183.0 Oakton
Vienna Aquatic,Week4,Hayfield Farm,Week1,267.0 Vienna Aquatic - 135.0 Hayfield Farm
Vienna Woods,Week2,Chesterbrook,Week1,276.0 Chesterbrook - 126.0 Vienna Woods
Vienna Woods,Week5,Hamlet,Week4,282.0 Vienna Woods - 120.0 Hamlet
Vienna Woods,Week4,North Springfield,Week1,304.0 Vienna Woods - 47.0 North Springfield
Vienna Woods,Week4,Hamlet,Week2,203.0 Hamlet - 199.0 Vienna Woods
Vienna Woods,Week1,Hamlet,Week2,222.0 Vienna Woods - 180.0 Hamlet
Vienna Woods,Week5,Hunter Mill,Week1,289.0 Vienna Woods - 113.0 Hunter Mill
Vienna Woods,Week5,Cardinal Hill,Week3,252.0 Vienna Woods - 150.0 Cardinal Hill
Vienna Woods,Week5,Hunter Mill,Week4,283.5 Vienna Woods - 118.5 Hunter Mill
Vienna Woods,Week5,Rutherford,Week4,357.0 Vienna Woods - 45.0 Rutherford
Vienna Aquatic,Week4,Pinewood Lake,Week4,379.0 Vienna Aquatic - 17.0 Pinewood Lake
Vienna Aquatic,Week1,Pinewood Lake,Week5,376.0 Vienna Aquatic - 24.0 Pinewood Lake
Vienna Woods,Week3,Chesterbrook,Week5,284.0 Chesterbrook - 118.0 Vienna Woods
Vienna Woods,Week1,Hamlet,Week5,214.0 Hamlet - 188.0 Vienna Woods
Vienna Woods,Week2,Ilda Community,Week5,350.0 Vienna Woods - 51.0 Ilda Community
Vienna Woods,Week3,Rutherford,Week3,337.0 Vienna Woods - 65.0 Rutherford
Vienna Woods,Week1,Rutherford,Week4,337.0 Vienna Woods - 60.0 Rutherford
Vienna Woods,Week5,Cardinal Hill,Week1,283.0 Vienna Woods - 119.0 Cardinal Hill
Vienna Woods,Week5,North Springfield,Week3,353.0 Vienna Woods - 43.0 North Springfield
Vienna Woods,Week5,Hunter Mill,Week5,272.0 Vienna Woods - 130.0 Hunter Mill
Vienna Woods,Week1,Shouse Village,Week3,286.0 Vienna Woods - 116.0 Shouse Village
Vienna Woods,Week3,Hamlet,Week5,204.0 Vienna Woods - 198.0 Hamlet
Vienna Woods,Week3,Chesterbrook,Week3,296.0 Chesterbrook - 106.0 Vienna Woods
Vienna Aquatic,Week1,Herndon,Week5,366.0 Vienna Aquatic - 36.0 Herndon
Vienna Aquatic,Week2,Herndon,Week3,368.0 Vienna Aquatic - 34.0 Herndon
Vienna Woods,Week2,Hamlet,Week3,226.0 Vienna Woods - 176.0 Hamlet
Vienna Aquatic,Week3,Pinewood Lake,Week2,380.0 Vienna Aquatic - 22.0 Pinewood Lake
Vienna Woods,Week2,Hamlet,Week4,233.0 Vienna Woods - 169.0 Hamlet
Vienna Woods,Week4,Oakton ,Week1,222.0 Vienna Woods - 175.0 Oakton
Vienna Woods,Week4,Oakton ,Week3,213.0 Vienna Woods - 189.0 Oakton
Vienna Woods,Week1,Ilda Community,Week2,347.0 Vienna Woods - 55.0 Ilda Community
Vienna Woods,Week4,Hunter Mill,Week4,222.5 Vienna Woods - 179.5 Hunter Mill
Vienna Aquatic,Week3,Herndon,Week1,376.0 Vienna Aquatic - 26.0 Herndon
Vienna Woods,Week4,Chesterbrook,Week4,291.0 Chesterbrook - 111.0 Vienna Woods
Vienna Woods,Week2,Rutherford,Week5,330.0 Vienna Woods - 71.0 Rutherford
Vienna Aquatic,Week3,Herndon,Week2,372.0 Vienna Aquatic - 30.0 Herndon
Vienna Woods,Week2,Chesterbrook,Week5,276.0 Chesterbrook - 126.0 Vienna Woods
Vienna Woods,Week3,Oakton ,Week3,226.0 Vienna Woods - 176.0 Oakton
Vienna Woods,Week1,Hamlet,Week1,241.0 Vienna Woods - 161.0 Hamlet
Vienna Woods,Week2,Chesterbrook,Week4,273.0 Chesterbrook - 129.0 Vienna Woods
Vienna Woods,Week4,Ilda Community,Week3,348.0 Vienna Woods - 49.0 Ilda Community
Vienna Aquatic,Week2,Herndon,Week2,369.0 Vienna Aquatic - 33.0 Herndon
Vienna Woods,Week2,Oakton ,Week2,229.0 Vienna Woods - 173.0 Oakton
Vienna Aquatic,Week3,Herndon,Week3,371.0 Vienna Aquatic - 31.0 Herndon
Vienna Aquatic,Week5,Hayfield Farm,Week3,285.0 Vienna Aquatic - 116.0 Hayfield Farm
Vienna Aquatic,Week5,Pinewood Lake,Week5,374.0 Vienna Aquatic - 23.0 Pinewood Lake
Vienna Aquatic,Week4,Herndon,Week2,362.0 Vienna Aquatic - 40.0 Herndon
Vienna Woods,Week3,Oakton ,Week1,246.5 Vienna Woods - 155.5 Oakton
Vienna Woods,Week3,Hamlet,Week1,247.0 Vienna Woods - 155.0 Hamlet
Vienna Woods,Week1,Ilda Community,Week1,335.0 Vienna Woods - 66.0 Ilda Community
Vienna Aquatic,Week4,Pinewood Lake,Week3,381.0 Vienna Aquatic - 14.0 Pinewood Lake
Vienna Woods,Week1,Shouse Village,Week4,271.0 Vienna Woods - 131.0 Shouse Village
Vienna Aquatic,Week3,Pinewood Lake,Week1,378.0 Vienna Aquatic - 24.0 Pinewood Lake
Vienna Woods,Week1,Rutherford,Week5,337.0 Vienna Woods - 65.0 Rutherford
Vienna Aquatic,Week1,Pinewood Lake,Week4,380.0 Vienna Aquatic - 20.0 Pinewood Lake
Vienna Aquatic,Week4,Hayfield Farm,Week5,279.0 Vienna Aquatic - 123.0 Hayfield Farm
Vienna Woods,Week2,North Springfield,Week4,350.0 Vienna Woods - 42.0 North Springfield
Vienna Aquatic,Week5,Pinewood Lake,Week2,377.0 Vienna Aquatic - 19.0 Pinewood Lake
Vienna Aquatic,Week5,Herndon,Week4,376.0 Vienna Aquatic - 26.0 Herndon
Vienna Woods,Week5,North Springfield,Week2,356.5 Vienna Woods - 31.5 North Springfield
Vienna Woods,Week2,Hamlet,Week5,203.0 Vienna Woods - 199.0 Hamlet
Vienna Woods,Week3,Hamlet,Week4,253.0 Vienna Woods - 149.0 Hamlet
Vienna Woods,Week5,Ilda Community,Week1,359.0 Vienna Woods - 43.0 Ilda Community
Vienna Woods,Week1,Rutherford,Week1,346.0 Vienna Woods - 56.0 Rutherford
Vienna Woods,Week3,Cardinal Hill,Week5,249.0 Vienna Woods - 153.0 Cardinal Hill
Vienna Aquatic,Week5,Hollin Meadows,Week5,289.0 Vienna Aquatic - 113.0 Hollin Meadows
Vienna Woods,Week4,Cardinal Hill,Week1,223.0 Vienna Woods - 179.0 Cardinal Hill
Vienna Woods,Week4,Rutherford,Week4,323.0 Vienna Woods - 79.0 Rutherford
Vienna Aquatic,Week2,Pinewood Lake,Week5,371.0 Vienna Aquatic - 31.0 Pinewood Lake
Vienna Woods,Week1,Kent Gardens,Week2,309.0 Vienna Woods - 93.0 Kent Gardens
Vienna Woods,Week4,Hamlet,Week3,205.5 Vienna Woods - 196.5 Hamlet
Vienna Aquatic,Week3,Herndon,Week5,369.0 Vienna Aquatic - 33.0 Herndon
Vienna Woods,Week4,Hamlet,Week1,217.0 Vienna Woods - 185.0 Hamlet
Vienna Aquatic,Week2,Pinewood Lake,Week2,383.0 Vienna Aquatic - 19.0 Pinewood Lake
Vienna Woods,Week1,Rutherford,Week3,339.0 Vienna Woods - 58.0 Rutherford
Vienna Aquatic,Week4,Herndon,Week4,367.0 Vienna Aquatic - 35.0 Herndon
Vienna Woods,Week5,Ilda Community,Week3,367.0 Vienna Woods - 35.0 Ilda Community
Vienna Aquatic,Week3,Pinewood Lake,Week4,385.0 Vienna Aquatic - 17.0 Pinewood Lake
Vienna Woods,Week5,Cardinal Hill,Week5,292.0 Vienna Woods - 110.0 Cardinal Hill
Vienna Aquatic,Week5,Hollin Meadows,Week3,289.0 Vienna Aquatic - 113.0 Hollin Meadows
Vienna Woods,Week5,Ilda Community,Week5,367.0 Vienna Woods - 35.0 Ilda Community
Vienna Woods,Week3,North Springfield,Week4,357.0 Vienna Woods - 35.0 North Springfield
Vienna Woods,Week2,North Springfield,Week5,317.0 Vienna Woods - 57.0 North Springfield
Vienna Aquatic,Week5,Pinewood Lake,Week3,383.0 Vienna Aquatic - 13.0 Pinewood Lake
Vienna Aquatic,Week2,Hiddenbrook,Week2,347.0 Vienna Aquatic - 55.0 Hiddenbrook
Vienna Woods,Week3,North Springfield,Week5,317.0 Vienna Woods - 56.0 North Springfield
Vienna Woods,Week2,Rutherford,Week1,350.0 Vienna Woods - 51.0 Rutherford
Vienna Aquatic,Week2,Holmes Run Acres,Week4,281.0 Vienna Aquatic - 121.0 Holmes Run Acres
Vienna Woods,Week4,Cardinal Hill,Week2,257.0 Vienna Woods - 140.0 Cardinal Hill
Vienna Woods,Week2,Rutherford,Week3,336.5 Vienna Woods - 64.5 Rutherford
Vienna Aquatic,Week4,Herndon,Week1,360.0 Vienna Aquatic - 42.0 Herndon
Vienna Woods,Week4,Cardinal Hill,Week5,234.0 Vienna Woods - 168.0 Cardinal Hill
Vienna Woods,Week5,Hamlet,Week2,245.5 Vienna Woods - 156.5 Hamlet
Vienna Woods,Week2,North Springfield,Week2,348.0 Vienna Woods - 40.0 North Springfield
Vienna Woods,Week2,Chesterbrook,Week3,298.0 Chesterbrook - 104.0 Vienna Woods
Vienna Woods,Week3,Rutherford,Week2,356.5 Vienna Woods - 45.5 Rutherford
Vienna Aquatic,Week1,Hiddenbrook,Week5,311.0 Vienna Aquatic - 91.0 Hiddenbrook
Vienna Aquatic,Week2,Pinewood Lake,Week1,378.0 Vienna Aquatic - 24.0 Pinewood Lake
Vienna Woods,Week4,Hunter Mill,Week3,239.0 Vienna Woods - 163.0 Hunter Mill
Vienna Aquatic,Week1,Pleasant Valley,Week1,331.0 Vienna Aquatic - 71.0 Pleasant Valley
Vienna Woods,Week1,Oakton ,Week1,252.0 Vienna Woods - 150.0 Oakton
Vienna Woods,Week4,North Springfield,Week3,332.0 Vienna Woods - 65.0 North Springfield
Vienna Woods,Week2,Kent Gardens,Week1,270.0 Vienna Woods - 132.0 Kent Gardens
Vienna Aquatic,Week4,Hollin Meadows,Week5,269.0 Vienna Aquatic - 133.0 Hollin Meadows
Vienna Aquatic,Week1,Holmes Run Acres,Week4,283.0 Vienna Aquatic - 119.0 Holmes Run Acres
Vienna Aquatic,Week2,Holmes Run Acres,Week3,266.0 Vienna Aquatic - 136.0 Holmes Run Acres
Vienna Woods,Week1,Chesterbrook,Week1,256.5 Chesterbrook - 145.5 Vienna Woods
Vienna Woods,Week2,Hamlet,Week1,243.5 Vienna Woods - 157.5 Hamlet
Vienna Woods,Week5,Hamlet,Week5,250.0 Vienna Woods - 152.0 Hamlet
Vienna Aquatic,Week3,Hollin Meadows,Week4,287.0 Vienna Aquatic - 115.0 Hollin Meadows
Vienna Woods,Week2,Rutherford,Week4,333.5 Vienna Woods - 68.5 Rutherford
Vienna Woods,Week3,Ilda Community,Week1,358.0 Vienna Woods - 44.0 Ilda Community
Vienna Woods,Week4,Hamlet,Week4,211.0 Vienna Woods - 191.0 Hamlet
Vienna Woods,Week1,Kent Gardens,Week4,295.0 Vienna Woods - 107.0 Kent Gardens
Vienna Woods,Week3,North Springfield,Week2,352.0 Vienna Woods - 36.0 North Springfield
Vienna Woods,Week1,Chesterbrook,Week4,264.5 Chesterbrook - 137.5 Vienna Woods
Vienna Woods,Week3,Rutherford,Week1,356.0 Vienna Woods - 46.0 Rutherford
Vienna Aquatic,Week3,Hiddenbrook,Week2,350.0 Vienna Aquatic - 52.0 Hiddenbrook
Vienna Aquatic,Week3,Hollin Meadows,Week2,290.0 Vienna Aquatic - 112.0 Hollin Meadows
Vienna Woods,Week1,Hayfield Farm,Week5,307.0 Vienna Woods - 95.0 Hayfield Farm
Vienna Woods,Week2,Ilda Community,Week3,350.0 Vienna Woods - 52.0 Ilda Community
Vienna Aquatic,Week3,Holmes Run Acres,Week5,259.0 Vienna Aquatic - 143.0 Holmes Run Acres
Vienna Aquatic,Week4,Herndon,Week5,369.0 Vienna Aquatic - 33.0 Herndon
Vienna Woods,Week1,Oakton ,Week2,231.0 Vienna Woods - 166.0 Oakton
Vienna Aquatic,Week2,Hollin Meadows,Week5,267.0 Vienna Aquatic - 135.0 Hollin Meadows
Vienna Woods,Week3,Rutherford,Week5,344.0 Vienna Woods - 58.0 Rutherford
Vienna Woods,Week1,Hayfield Farm,Week1,307.0 Vienna Woods - 95.0 Hayfield Farm
Vienna Aquatic,Week3,Hiddenbrook,Week3,321.0 Vienna Aquatic - 81.0 Hiddenbrook
Vienna Aquatic,Week5,Pinewood Lake,Week4,381.0 Vienna Aquatic - 16.0 Pinewood Lake
Vienna Woods,Week1,Chesterbrook,Week5,272.5 Chesterbrook - 129.5 Vienna Woods
Vienna Woods,Week5,Rolling Valley,Week5,362.0 Vienna Woods - 40.0 Rolling Valley
Vienna Woods,Week1,Chesterbrook,Week3,304.0 Chesterbrook - 98.0 Vienna Woods
Vienna Aquatic,Week4,Herndon,Week3,364.0 Vienna Aquatic - 33.0 Herndon
Vienna Woods,Week3,Kent Gardens,Week1,277.0 Vienna Woods - 125.0 Kent Gardens
Vienna Woods,Week1,Rutherford,Week2,348.0 Vienna Woods - 54.0 Rutherford
Vienna Woods,Week5,Hamlet,Week1,270.0 Vienna Woods - 132.0 Hamlet
Vienna Woods,Week2,North Springfield,Week3,346.0 Vienna Woods - 51.0 North Springfield
Vienna Woods,Week2,Ilda Community,Week4,336.0 Vienna Woods - 66.0 Ilda Community
Vienna Woods,Week5,Cardinal Hill,Week4,280.0 Vienna Woods - 122.0 Cardinal Hill
Vienna Woods,Week3,Cardinal Hill,Week4,255.0 Vienna Woods - 147.0 Cardinal Hill
Vienna Woods,Week2,Hayfield Farm,Week2,306.0 Vienna Woods - 96.0 Hayfield Farm
Vienna Aquatic,Week2,Hiddenbrook,Week5,297.0 Vienna Aquatic - 105.0 Hiddenbrook
Vienna Woods,Week2,Rutherford,Week2,353.0 Vienna Woods - 48.0 Rutherford
Vienna Aquatic,Week3,Hollin Meadows,Week5,275.5 Vienna Aquatic - 126.5 Hollin Meadows
Vienna Woods,Week4,North Springfield,Week5,302.0 Vienna Woods - 72.0 North Springfield
Vienna Aquatic,Week4,Hollin Meadows,Week3,275.0 Vienna Aquatic - 127.0 Hollin Meadows
Vienna Woods,Week5,Rutherford,Week1,366.0 Vienna Woods - 36.0 Rutherford
Vienna Woods,Week2,Hayfield Farm,Week5,298.0 Vienna Woods - 104.0 Hayfield Farm
Vienna Woods,Week1,Oakton ,Week3,235.5 Vienna Woods - 166.5 Oakton
Vienna Aquatic,Week2,Hiddenbrook,Week4,307.0 Vienna Aquatic - 95.0 Hiddenbrook
Vienna Woods,Week5,Rutherford,Week3,361.0 Vienna Woods - 41.0 Rutherford
Vienna Woods,Week5,Hunter Mill,Week3,270.0 Vienna Woods - 132.0 Hunter Mill
Vienna Aquatic,Week5,Herndon,Week5,371.0 Vienna Aquatic - 31.0 Herndon
Vienna Aquatic,Week5,Hollin Meadows,Week4,306.0 Vienna Aquatic - 96.0 Hollin Meadows
Vienna Aquatic,Week5,Hollin Meadows,Week2,306.0 Vienna Aquatic - 96.0 Hollin Meadows
Vienna Aquatic,Week5,Herndon,Week1,370.0 Vienna Aquatic - 31.0 Herndon
Vienna Woods,Week4,Cardinal Hill,Week4,234.0 Vienna Woods - 168.0 Cardinal Hill
Vienna Woods,Week2,Hayfield Farm,Week3,266.0 Vienna Woods - 136.0 Hayfield Farm
Vienna Woods,Week1,Ilda Community,Week4,341.0 Vienna Woods - 61.0 Ilda Community
Vienna Woods,Week2,Hayfield Farm,Week4,295.0 Vienna Woods - 107.0 Hayfield Farm
Vienna Woods,Week3,North Springfield,Week3,352.0 Vienna Woods - 45.0 North Springfield
Vienna Woods,Week4,Rutherford,Week3,330.0 Vienna Woods - 72.0 Rutherford
Vienna Woods,Week4,Cardinal Hill,Week3,202.0 Vienna Woods - 200.0 Cardinal Hill
Vienna Woods,Week5,North Springfield,Week5,323.0 Vienna Woods - 51.0 North Springfield
Vienna Woods,Week1,Chesterbrook,Week2,262.0 Chesterbrook - 140.0 Vienna Woods
Vienna Woods,Week3,Ilda Community,Week3,357.0 Vienna Woods - 45.0 Ilda Community
Vienna Woods,Week4,Hunter Mill,Week2,242.0 Vienna Woods - 160.0 Hunter Mill
Vienna Woods,Week2,Shouse Village,Week4,272.0 Vienna Woods - 130.0 Shouse Village
Vienna Aquatic,Week3,Hiddenbrook,Week5,306.0 Vienna Aquatic - 96.0 Hiddenbrook
Vienna Aquatic,Week1,Hiddenbrook,Week1,329.0 Vienna Aquatic - 73.0 Hiddenbrook
Vienna Aquatic,Week2,Hiddenbrook,Week3,315.0 Vienna Aquatic - 87.0 Hiddenbrook
Vienna Woods,Week5,Hunter Mill,Week2,284.0 Vienna Woods - 118.0 Hunter Mill
Vienna Aquatic,Week2,Hollin Meadows,Week4,267.0 Vienna Aquatic - 135.0 Hollin Meadows
Vienna Woods,Week3,Ilda Community,Week4,354.0 Vienna Woods - 48.0 Ilda Community
Vienna Woods,Week4,North Springfield,Week4,342.0 Vienna Woods - 50.0 North Springfield
Vienna Aquatic,Week4,Hiddenbrook,Week1,319.0 Vienna Aquatic - 83.0 Hiddenbrook
Vienna Woods,Week3,Cardinal Hill,Week3,224.0 Vienna Woods - 178.0 Cardinal Hill
Vienna Woods,Week1,Oakton ,Week4,244.5 Vienna Woods - 157.5 Oakton
Vienna Woods,Week2,Shouse Village,Week2,295.0 Vienna Woods - 107.0 Shouse Village
Vienna Aquatic,Week1,Holmes Run Acres,Week1,292.0 Vienna Aquatic - 110.0 Holmes Run Acres
Vienna Woods,Week3,Crosspointe,Week5,216.5 Vienna Woods - 185.5 Crosspointe
Vienna Woods,Week5,Cardinal Hill,Week2,294.0 Vienna Woods - 108.0 Cardinal Hill
Vienna Woods,Week4,Hunter Mill,Week5,226.0 Vienna Woods - 176.0 Hunter Mill
Vienna Woods,Week2,Chesterbrook,Week2,274.0 Chesterbrook - 128.0 Vienna Woods
Vienna Woods,Week2,Crosspointe,Week4,211.0 Vienna Woods - 191.0 Crosspointe
Vienna Woods,Week2,Shouse Village,Week3,289.0 Vienna Woods - 113.0 Shouse Village
Vienna Aquatic,Week1,Holmes Run Acres,Week3,264.0 Vienna Aquatic - 138.0 Holmes Run Acres
Vienna Woods,Week5,North Springfield,Week4,352.0 Vienna Woods - 39.0 North Springfield
Vienna Woods,Week4,Crosspointe,Week1,212.0 Vienna Woods - 190.0 Crosspointe
Vienna Woods,Week2,Shouse Village,Week5,265.5 Vienna Woods - 136.5 Shouse Village
Vienna Woods,Week5,Chesterbrook,Week2,241.0 Chesterbrook - 161.0 Vienna Woods
Vienna Aquatic,Week1,Holmes Run Acres,Week2,298.0 Vienna Aquatic - 104.0 Holmes Run Acres
Vienna Aquatic,Week4,Hiddenbrook,Week3,310.0 Vienna Aquatic - 87.0 Hiddenbrook
Vienna Woods,Week4,Ilda Community,Week2,354.0 Vienna Woods - 48.0 Ilda Community
Vienna Woods,Week1,Old Keene Mill,Week4,327.0 Vienna Woods - 75.0 Old Keene Mill
Vienna Woods,Week2,Ilda Community,Week2,354.5 Vienna Woods - 47.5 Ilda Community
Vienna Aquatic,Week4,Hollin Meadows,Week4,270.0 Vienna Aquatic - 132.0 Hollin Meadows
Vienna Aquatic,Week5,Hollin Meadows,Week1,282.0 Vienna Aquatic - 120.0 Hollin Meadows
Vienna Woods,Week3,Chesterbrook,Week2,280.0 Chesterbrook - 122.0 Vienna Woods
Vienna Woods,Week4,Chesterbrook,Week5,296.0 Chesterbrook - 106.0 Vienna Woods
Vienna Woods,Week4,Ilda Community,Week4,340.0 Vienna Woods - 62.0 Ilda Community
Vienna Woods,Week3,Chesterbrook,Week1,264.5 Chesterbrook - 137.5 Vienna Woods
Vienna Aquatic,Week1,Hiddenbrook,Week3,323.0 Vienna Aquatic - 79.0 Hiddenbrook
Vienna Woods,Week4,Shouse Village,Week1,285.0 Vienna Woods - 117.0 Shouse Village
Vienna Woods,Week1,Ilda Community,Week5,348.0 Vienna Woods - 53.0 Ilda Community
Vienna Woods,Week4,Chesterbrook,Week3,315.0 Chesterbrook - 87.0 Vienna Woods
Vienna Woods,Week1,Daventry,Week5,346.0 Vienna Woods - 51.0 Daventry
Vienna Aquatic,Week1,Hiddenbrook,Week2,350.0 Vienna Aquatic - 52.0 Hiddenbrook
Vienna Aquatic,Week5,Herndon,Week2,372.0 Vienna Aquatic - 29.0 Herndon
Vienna Woods,Week5,Shouse Village,Week5,287.0 Vienna Woods - 115.0 Shouse Village
Vienna Woods,Week3,Shouse Village,Week1,310.0 Vienna Woods - 92.0 Shouse Village
Vienna Woods,Week1,Crosspointe,Week1,220.0 Vienna Woods - 182.0 Crosspointe
Vienna Woods,Week2,Daventry,Week2,364.0 Vienna Woods - 34.0 Daventry
Vienna Woods,Week1,Daventry,Week3,358.0 Vienna Woods - 44.0 Daventry
Vienna Woods,Week2,Ilda Community,Week1,336.0 Vienna Woods - 66.0 Ilda Community
Vienna Woods,Week4,Chesterbrook,Week2,290.0 Chesterbrook - 112.0 Vienna Woods
Vienna Woods,Week2,Oakton ,Week1,234.0 Vienna Woods - 168.0 Oakton
Vienna Woods,Week3,Ilda Community,Week5,359.0 Vienna Woods - 43.0 Ilda Community
Vienna Woods,Week1,Crosspointe,Week5,203.0 Crosspointe - 199.0 Vienna Woods
Vienna Aquatic,Week2,Hiddenbrook,Week1,317.0 Vienna Aquatic - 85.0 Hiddenbrook
Vienna Woods,Week4,Ilda Community,Week1,330.0 Vienna Woods - 72.0 Ilda Community
Vienna Aquatic,Week2,Hollin Meadows,Week3,275.0 Vienna Aquatic - 127.0 Hollin Meadows
Vienna Woods,Week2,Oakton ,Week3,232.0 Vienna Woods - 170.0 Oakton
Vienna Aquatic,Week3,Hollin Meadows,Week3,292.0 Vienna Aquatic - 110.0 Hollin Meadows
Vienna Woods,Week3,Oakton ,Week2,223.0 Vienna Woods - 179.0 Oakton
Vienna Aquatic,Week1,Hiddenbrook,Week4,321.0 Vienna Aquatic - 81.0 Hiddenbrook
Vienna Aquatic,Week4,Hiddenbrook,Week2,350.0 Vienna Aquatic - 52.0 Hiddenbrook
Vienna Aquatic,Week3,Holmes Run Acres,Week4,288.0 Vienna Aquatic - 114.0 Holmes Run Acres
Vienna Woods,Week4,Oakton ,Week2,201.5 Vienna Woods - 200.5 Oakton
Vienna Aquatic,Week4,Hollin Meadows,Week1,261.0 Vienna Aquatic - 141.0 Hollin Meadows
Vienna Aquatic,Week4,Hollin Meadows,Week2,279.0 Vienna Aquatic - 123.0 Hollin Meadows
Vienna Woods,Week1,Daventry,Week1,358.0 Vienna Woods - 44.0 Daventry
Vienna Woods,Week3,Oakton ,Week4,221.5 Vienna Woods - 180.5 Oakton
Vienna Woods,Week3,Chesterbrook,Week4,267.0 Chesterbrook - 135.0 Vienna Woods
Vienna Woods,Week3,Ilda Community,Week2,367.0 Vienna Woods - 35.0 Ilda Community
Vienna Woods,Week2,Oakton ,Week5,206.0 Vienna Woods - 196.0 Oakton
Vienna Woods,Week4,Crosspointe,Week2,213.0 Vienna Woods - 189.0 Crosspointe
Vienna Woods,Week3,Oakton ,Week5,215.0 Vienna Woods - 187.0 Oakton
Vienna Woods,Week3,Shouse Village,Week3,297.0 Vienna Woods - 105.0 Shouse Village
Vienna Woods,Week3,Sideburn Run,Week4,311.5 Vienna Woods - 90.5 Sideburn Run
Vienna Aquatic,Week5,Herndon,Week3,368.0 Vienna Aquatic - 34.0 Herndon
Vienna Woods,Week3,Sideburn Run,Week2,312.0 Vienna Woods - 90.0 Sideburn Run
Vienna Woods,Week5,Chesterbrook,Week1,241.5 Chesterbrook - 160.5 Vienna Woods
Vienna Woods,Week1,Daventry,Week4,365.0 Vienna Woods - 37.0 Daventry
Vienna Woods,Week1,Sideburn Run,Week5,296.0 Vienna Woods - 106.0 Sideburn Run
Vienna Woods,Week4,Ilda Community,Week5,350.0 Vienna Woods - 52.0 Ilda Community
Vienna Aquatic,Week1,Holmes Run Acres,Week5,260.0 Vienna Aquatic - 142.0 Holmes Run Acres
Vienna Woods,Week3,Old Keene Mill,Week1,351.0 Vienna Woods - 51.0 Old Keene Mill
Vienna Aquatic,Week2,Holmes Run Acres,Week1,284.0 Vienna Aquatic - 118.0 Holmes Run Acres
Vienna Woods,Week5,Chesterbrook,Week4,241.0 Chesterbrook - 161.0 Vienna Woods
Vienna Woods,Week4,Crosspointe,Week4,202.0 Crosspointe - 200.0 Vienna Woods
Vienna Aquatic,Week3,Hollin Meadows,Week1,272.0 Vienna Aquatic - 130.0 Hollin Meadows
Vienna Woods,Week1,Shouse Village,Week5,264.0 Vienna Woods - 138.0 Shouse Village
Vienna Woods,Week4,Oakton ,Week5,203.0 Oakton - 199.0 Vienna Woods
Vienna Woods,Week1,Sideburn Run,Week4,295.0 Vienna Woods - 107.0 Sideburn Run
Vienna Woods,Week5,Chesterbrook,Week3,264.5 Chesterbrook - 137.5 Vienna Woods
Vienna Woods,Week2,Crosspointe,Week1,213.0 Vienna Woods - 189.0 Crosspointe
Vienna Aquatic,Week4,Greenbriar,Week4,278.0 Vienna Aquatic - 124.0 Greenbriar
Vienna Aquatic,Week3,Hiddenbrook,Week4,321.0 Vienna Aquatic - 81.0 Hiddenbrook
Vienna Woods,Week1,Commonwealth,Week2,316.0 Vienna Woods - 86.0 Commonwealth
Vienna Aquatic,Week3,Hiddenbrook,Week1,321.0 Vienna Aquatic - 81.0 Hiddenbrook
Vienna Woods,Week3,Crosspointe,Week1,236.0 Vienna Woods - 166.0 Crosspointe
Vienna Woods,Week2,Crosspointe,Week5,209.0 Crosspointe - 193.0 Vienna Woods
Vienna Woods,Week3,Old Keene Mill,Week4,343.0 Vienna Woods - 59.0 Old Keene Mill
Vienna Woods,Week1,Sideburn Run,Week1,293.0 Vienna Woods - 109.0 Sideburn Run
Vienna Woods,Week5,Shouse Village,Week2,324.0 Vienna Woods - 78.0 Shouse Village
Vienna Woods,Week5,Ilda Community,Week2,373.0 Vienna Woods - 29.0 Ilda Community
Vienna Woods,Week1,Old Keene Mill,Week1,329.0 Vienna Woods - 73.0 Old Keene Mill
Vienna Woods,Week5,Ilda Community,Week4,367.0 Vienna Woods - 35.0 Ilda Community
Vienna Woods,Week4,Old Keene Mill,Week4,321.0 Vienna Woods - 81.0 Old Keene Mill
Vienna Woods,Week5,Chesterbrook,Week5,256.0 Chesterbrook - 146.0 Vienna Woods
Vienna Aquatic,Week3,Holmes Run Acres,Week2,299.0 Vienna Aquatic - 103.0 Holmes Run Acres
Vienna Woods,Week4,Old Keene Mill,Week2,318.0 Vienna Woods - 84.0 Old Keene Mill
Vienna Woods,Week3,Sideburn Run,Week1,311.0 Vienna Woods - 91.0 Sideburn Run
Vienna Woods,Week5,Crosspointe,Week4,245.0 Vienna Woods - 157.0 Crosspointe
Vienna Woods,Week1,Commonwealth,Week3,330.5 Vienna Woods - 71.5 Commonwealth
Vienna Aquatic,Week2,Holmes Run Acres,Week2,280.0 Vienna Aquatic - 122.0 Holmes Run Acres
Vienna Woods,Week3,Shouse Village,Week2,303.0 Vienna Woods - 99.0 Shouse Village
Vienna Aquatic,Week4,Greenbriar,Week1,264.0 Vienna Aquatic - 138.0 Greenbriar
Vienna Aquatic,Week2,Hamlet,Week5,215.5 Hamlet - 186.5 Vienna Aquatic
Vienna Woods,Week4,Crosspointe,Week3,207.0 Vienna Woods - 195.0 Crosspointe
Vienna Woods,Week4,Crosspointe,Week5,214.5 Crosspointe - 187.5 Vienna Woods
Vienna Woods,Week1,Kent Gardens,Week1,286.0 Vienna Woods - 116.0 Kent Gardens
Vienna Woods,Week1,Commonwealth,Week4,341.0 Vienna Woods - 61.0 Commonwealth
Vienna Aquatic,Week3,Hamlet,Week3,214.0 Vienna Aquatic - 188.0 Hamlet
Vienna Woods,Week2,Sideburn Run,Week1,291.5 Vienna Woods - 110.5 Sideburn Run
Vienna Woods,Week1,Kent Gardens,Week3,310.0 Vienna Woods - 92.0 Kent Gardens
Vienna Aquatic,Week3,Holmes Run Acres,Week1,298.0 Vienna Aquatic - 104.0 Holmes Run Acres
Vienna Woods,Week1,Kent Gardens,Week5,270.0 Vienna Woods - 132.0 Kent Gardens
Vienna Woods,Week4,Old Keene Mill,Week5,309.0 Vienna Woods - 93.0 Old Keene Mill
Vienna Aquatic,Week3,Holmes Run Acres,Week3,270.0 Vienna Aquatic - 132.0 Holmes Run Acres
Vienna Woods,Week3,Kent Gardens,Week4,307.0 Vienna Woods - 95.0 Kent Gardens
Vienna Woods,Week2,Commonwealth,Week1,329.0 Vienna Woods - 73.0 Commonwealth
Vienna Aquatic,Week5,Greenbriar,Week1,291.0 Vienna Aquatic - 111.0 Greenbriar
Vienna Woods,Week3,Kent Gardens,Week3,312.0 Vienna Woods - 90.0 Kent Gardens
Vienna Woods,Week1,Old Keene Mill,Week5,307.0 Vienna Woods - 90.0 Old Keene Mill
Vienna Woods,Week2,Shouse Village,Week1,297.0 Vienna Woods - 105.0 Shouse Village
Vienna Aquatic,Week2,Holmes Run Acres,Week5,246.0 Vienna Aquatic - 156.0 Holmes Run Acres
Vienna Woods,Week4,Oakton ,Week4,211.5 Vienna Woods - 190.5 Oakton
Vienna Woods,Week2,Commonwealth,Week3,336.0 Vienna Woods - 66.0 Commonwealth
Vienna Woods,Week4,Shouse Village,Week4,271.0 Vienna Woods - 131.0 Shouse Village
Vienna Aquatic,Week4,Hamlet,Week3,213.0 Hamlet - 189.0 Vienna Aquatic
Vienna Woods,Week3,Crosspointe,Week2,258.0 Vienna Woods - 144.0 Crosspointe
Vienna Aquatic,Week5,Hamlet,Week1,247.0 Vienna Aquatic - 155.0 Hamlet
Vienna Woods,Week2,Commonwealth,Week2,318.0 Vienna Woods - 84.0 Commonwealth
Vienna Woods,Week3,Kent Gardens,Week2,309.0 Vienna Woods - 93.0 Kent Gardens
Vienna Woods,Week3,Shouse Village,Week4,282.0 Vienna Woods - 120.0 Shouse Village
Vienna Woods,Week5,Oakton ,Week3,271.0 Vienna Woods - 131.0 Oakton
Vienna Woods,Week4,Shouse Village,Week3,287.0 Vienna Woods - 115.0 Shouse Village
Vienna Aquatic,Week3,Hamlet,Week2,226.0 Vienna Aquatic - 176.0 Hamlet
Vienna Woods,Week1,Crosspointe,Week4,222.0 Vienna Woods - 180.0 Crosspointe
Vienna Woods,Week2,Kent Gardens,Week4,283.0 Vienna Woods - 119.0 Kent Gardens
Vienna Aquatic,Week2,Hamlet,Week3,207.0 Hamlet - 195.0 Vienna Aquatic
Vienna Woods,Week1,Commonwealth,Week5,306.0 Vienna Woods - 96.0 Commonwealth
Vienna Aquatic,Week5,Greenbriar,Week5,291.0 Vienna Aquatic - 111.0 Greenbriar
Vienna Woods,Week1,Crosspointe,Week2,234.0 Vienna Woods - 168.0 Crosspointe
Vienna Woods,Week2,Commonwealth,Week4,331.0 Vienna Woods - 71.0 Commonwealth
Vienna Aquatic,Week5,Greenbriar,Week3,297.0 Vienna Aquatic - 105.0 Greenbriar
Vienna Woods,Week2,Kent Gardens,Week5,261.0 Vienna Woods - 141.0 Kent Gardens
Vienna Woods,Week1,Crosspointe,Week3,229.5 Vienna Woods - 172.5 Crosspointe
Vienna Woods,Week2,Sideburn Run,Week2,314.0 Vienna Woods - 88.0 Sideburn Run
Vienna Aquatic,Week4,Greenbriar,Week2,243.0 Vienna Aquatic - 159.0 Greenbriar
Vienna Woods,Week1,Sideburn Run,Week3,301.0 Vienna Woods - 101.0 Sideburn Run
Vienna Woods,Week5,Oakton ,Week5,245.0 Vienna Woods - 157.0 Oakton
Vienna Aquatic,Week4,Hunt Valley,Week2,231.0 Vienna Aquatic - 171.0 Hunt Valley
Vienna Woods,Week3,Kent Gardens,Week5,272.0 Vienna Woods - 130.0 Kent Gardens
Vienna Woods,Week4,Old Keene Mill,Week3,309.0 Vienna Woods - 93.0 Old Keene Mill
Vienna Aquatic,Week1,Hunt Valley,Week1,233.0 Vienna Aquatic - 169.0 Hunt Valley
Vienna Woods,Week2,Crosspointe,Week2,220.0 Vienna Woods - 182.0 Crosspointe
Vienna Woods,Week3,Crosspointe,Week3,241.0 Vienna Woods - 161.0 Crosspointe
Vienna Woods,Week2,Old Keene Mill,Week1,329.5 Vienna Woods - 72.5 Old Keene Mill
Vienna Woods,Week3,Shouse Village,Week5,279.0 Vienna Woods - 123.0 Shouse Village
Vienna Woods,Week2,Old Keene Mill,Week3,323.0 Vienna Woods - 79.0 Old Keene Mill
Vienna Woods,Week1,Commonwealth,Week1,327.0 Vienna Woods - 75.0 Commonwealth
Vienna Aquatic,Week3,Hunt Valley,Week5,217.0 Vienna Aquatic - 185.0 Hunt Valley
Vienna Aquatic,Week3,Hunt Valley,Week2,253.0 Vienna Aquatic - 149.0 Hunt Valley
Vienna Woods,Week4,Shouse Village,Week2,296.0 Vienna Woods - 106.0 Shouse Village
Vienna Aquatic,Week2,Hunt Valley,Week5,203.0 Hunt Valley - 199.0 Vienna Aquatic
Vienna Aquatic,Week4,Holmes Run Acres,Week5,245.0 Vienna Aquatic - 157.0 Holmes Run Acres
Vienna Woods,Week5,Oakton ,Week1,273.0 Vienna Woods - 129.0 Oakton
Vienna Aquatic,Week2,Hunt Valley,Week1,221.0 Vienna Aquatic - 181.0 Hunt Valley
Vienna Woods,Week2,Kent Gardens,Week3,305.0 Vienna Woods - 97.0 Kent Gardens
Vienna Woods,Week5,Country Club Hills,Week4,359.5 Vienna Woods - 42.5 Country Club Hills
Vienna Woods,Week2,Crosspointe,Week3,213.0 Vienna Woods - 189.0 Crosspointe
Vienna Woods,Week2,Kent Gardens,Week2,301.0 Vienna Woods - 101.0 Kent Gardens
Vienna Woods,Week4,Kent Gardens,Week2,283.0 Vienna Woods - 119.0 Kent Gardens
Vienna Woods,Week3,Old Keene Mill,Week3,330.0 Vienna Woods - 72.0 Old Keene Mill
Vienna Aquatic,Week2,Hamlet,Week2,207.0 Hamlet - 195.0 Vienna Aquatic
Vienna Woods,Week5,Shouse Village,Week1,314.0 Vienna Woods - 88.0 Shouse Village
Vienna Aquatic,Week4,Greenbriar,Week5,264.0 Vienna Aquatic - 138.0 Greenbriar
Vienna Woods,Week3,Old Keene Mill,Week5,317.0 Vienna Woods - 85.0 Old Keene Mill
Vienna Woods,Week5,Crosspointe,Week1,247.0 Vienna Woods - 155.0 Crosspointe
Vienna Aquatic,Week1,Hunt Valley,Week5,211.0 Hunt Valley - 191.0 Vienna Aquatic
Vienna Aquatic,Week5,Holmes Run Acres,Week2,308.0 Vienna Aquatic - 94.0 Holmes Run Acres
Vienna Woods,Week5,Shouse Village,Week3,318.0 Vienna Woods - 84.0 Shouse Village
Vienna Woods,Week3,Old Keene Mill,Week2,340.0 Vienna Woods - 62.0 Old Keene Mill
Vienna Woods,Week5,Country Club Hills,Week5,347.0 Vienna Woods - 55.0 Country Club Hills
Vienna Woods,Week4,Kent Gardens,Week3,292.0 Vienna Woods - 110.0 Kent Gardens
Vienna Woods,Week3,Crosspointe,Week4,244.0 Vienna Woods - 158.0 Crosspointe
Vienna Woods,Week4,Shouse Village,Week5,269.0 Vienna Woods - 133.0 Shouse Village
Vienna Aquatic,Week4,Hunt Valley,Week5,207.0 Hunt Valley - 195.0 Vienna Aquatic
Vienna Aquatic,Week4,Greenbriar,Week3,270.0 Vienna Aquatic - 132.0 Greenbriar
Vienna Aquatic,Week2,Hunt Valley,Week2,219.0 Vienna Aquatic - 183.0 Hunt Valley
Vienna Woods,Week4,Kent Gardens,Week1,264.0 Vienna Woods - 138.0 Kent Gardens
Vienna Woods,Week5,Crosspointe,Week3,253.0 Vienna Woods - 149.0 Crosspointe
Vienna Woods,Week4,Kent Gardens,Week4,284.0 Vienna Woods - 118.0 Kent Gardens
Vienna Woods,Week5,Shouse Village,Week4,294.0 Vienna Woods - 108.0 Shouse Village
Vienna Aquatic,Week5,Greenbriar,Week4,301.0 Vienna Aquatic - 101.0 Greenbriar
Vienna Woods,Week2,Old Keene Mill,Week4,331.5 Vienna Woods - 70.5 Old Keene Mill
Vienna Aquatic,Week4,Hunt Valley,Week1,220.0 Vienna Aquatic - 182.0 Hunt Valley
Vienna Aquatic,Week1,Hamlet,Week4,211.0 Vienna Aquatic - 191.0 Hamlet
Vienna Woods,Week2,Sideburn Run,Week4,304.0 Vienna Woods - 98.0 Sideburn Run
Vienna Woods,Week5,Crosspointe,Week2,270.5 Vienna Woods - 131.5 Crosspointe
Vienna Woods,Week1,Old Keene Mill,Week2,320.0 Vienna Woods - 82.0 Old Keene Mill
Vienna Woods,Week5,Crosspointe,Week5,214.0 Vienna Woods - 188.0 Crosspointe
Vienna Aquatic,Week1,Hamlet,Week3,209.0 Hamlet - 193.0 Vienna Aquatic
Vienna Aquatic,Week4,Holmes Run Acres,Week3,261.0 Vienna Aquatic - 141.0 Holmes Run Acres
Vienna Woods,Week2,Daventry,Week1,362.0 Vienna Woods - 40.0 Daventry
Vienna Aquatic,Week5,Holmes Run Acres,Week1,307.0 Vienna Aquatic - 95.0 Holmes Run Acres
Vienna Woods,Week1,Sideburn Run,Week2,310.0 Vienna Woods - 92.0 Sideburn Run
Vienna Aquatic,Week1,Hamlet,Week1,217.0 Vienna Aquatic - 185.0 Hamlet
Vienna Woods,Week2,Old Keene Mill,Week2,326.0 Vienna Woods - 76.0 Old Keene Mill
Vienna Aquatic,Week4,Holmes Run Acres,Week1,282.0 Vienna Aquatic - 120.0 Holmes Run Acres
Vienna Woods,Week1,Daventry,Week2,361.0 Vienna Woods - 41.0 Daventry
Vienna Woods,Week2,Sideburn Run,Week5,297.0 Vienna Woods - 105.0 Sideburn Run
Vienna Woods,Week5,Oakton ,Week4,266.0 Vienna Woods - 136.0 Oakton
Vienna Woods,Week4,Old Keene Mill,Week1,331.0 Vienna Woods - 71.0 Old Keene Mill
Vienna Aquatic,Week5,Greenbriar,Week2,274.0 Vienna Aquatic - 128.0 Greenbriar
Vienna Woods,Week2,Sideburn Run,Week3,296.0 Vienna Woods - 106.0 Sideburn Run
Vienna Aquatic,Week1,Hamlet,Week2,212.0 Hamlet - 190.0 Vienna Aquatic
Vienna Aquatic,Week4,Hamlet,Week1,214.0 Vienna Aquatic - 188.0 Hamlet
Vienna Aquatic,Week3,Hamlet,Week1,237.5 Vienna Aquatic - 164.5 Hamlet
Vienna Aquatic,Week3,Greenbriar,Week2,257.0 Vienna Aquatic - 145.0 Greenbriar
Vienna Aquatic,Week2,Hunt Valley,Week3,203.0 Hunt Valley - 199.0 Vienna Aquatic
Vienna Woods,Week4,Daventry,Week1,363.0 Vienna Woods - 39.0 Daventry
Vienna Woods,Week4,Sleepy Hollow B & R,Week2,274.5 Vienna Woods - 127.5 Sleepy Hollow B & R
Vienna Woods,Week4,Orange Hunt,Week2,266.0 Vienna Woods - 136.0 Orange Hunt
Vienna Aquatic,Week3,Greenbriar,Week5,291.0 Vienna Aquatic - 111.0 Greenbriar
Vienna Woods,Week3,Sideburn Run,Week3,301.0 Vienna Woods - 101.0 Sideburn Run
Vienna Woods,Week5,Orange Hunt,Week3,291.0 Vienna Woods - 111.0 Orange Hunt
Vienna Woods,Week1,Orange Hunt,Week4,273.0 Vienna Woods - 129.0 Orange Hunt
Vienna Aquatic,Week3,Greenbriar,Week3,272.0 Vienna Aquatic - 130.0 Greenbriar
Vienna Woods,Week3,Sleepy Hollow B & R,Week4,302.0 Vienna Woods - 100.0 Sleepy Hollow B & R
Vienna Woods,Week5,Sideburn Run,Week1,327.0 Vienna Woods - 75.0 Sideburn Run
Vienna Aquatic,Week1,Hamlet,Week5,218.0 Hamlet - 184.0 Vienna Aquatic
Vienna Woods,Week2,Sleepy Hollow B & R,Week2,289.0 Vienna Woods - 113.0 Sleepy Hollow B & R
Vienna Woods,Week3,Sleepy Hollow B & R,Week5,290.0 Vienna Woods - 112.0 Sleepy Hollow B & R
Vienna Woods,Week4,Sleepy Hollow B & R,Week1,287.5 Vienna Woods - 114.5 Sleepy Hollow B & R
Vienna Woods,Week2,Old Keene Mill,Week5,316.0 Vienna Woods - 86.0 Old Keene Mill
Vienna Woods,Week5,Orange Hunt,Week1,299.0 Vienna Woods - 103.0 Orange Hunt
Vienna Woods,Week3,Sleepy Hollow B & R,Week1,322.0 Vienna Woods - 80.0 Sleepy Hollow B & R
Vienna Woods,Week4,Orange Hunt,Week3,251.0 Vienna Woods - 151.0 Orange Hunt
Vienna Woods,Week1,Sleepy Hollow B & R,Week5,275.0 Vienna Woods - 127.0 Sleepy Hollow B & R
Vienna Aquatic,Week3,Hamlet,Week5,202.0 Vienna Aquatic - 200.0 Hamlet
Vienna Aquatic,Week5,Holmes Run Acres,Week5,283.0 Vienna Aquatic - 119.0 Holmes Run Acres
Vienna Woods,Week2,Dominion Hills,Week3,317.5 Vienna Woods - 84.5 Dominion Hills
Vienna Woods,Week1,Dominion Hills,Week4,296.0 Vienna Woods - 106.0 Dominion Hills
Vienna Aquatic,Week2,Hamlet,Week4,230.0 Vienna Aquatic - 172.0 Hamlet
Vienna Woods,Week3,Daventry,Week1,365.0 Vienna Woods - 37.0 Daventry
Vienna Aquatic,Week3,Greenbriar,Week4,298.0 Vienna Aquatic - 104.0 Greenbriar
Vienna Woods,Week2,Daventry,Week3,366.0 Vienna Woods - 35.0 Daventry
Vienna Woods,Week3,Sleepy Hollow B & R,Week3,304.0 Vienna Woods - 98.0 Sleepy Hollow B & R
Vienna Woods,Week3,Orange Hunt,Week3,278.0 Vienna Woods - 124.0 Orange Hunt
Vienna Aquatic,Week1,Hunt Valley,Week4,222.0 Vienna Aquatic - 180.0 Hunt Valley
Vienna Woods,Week5,Oakton ,Week2,261.5 Vienna Woods - 140.5 Oakton
Vienna Aquatic,Week3,Hunt Valley,Week3,219.0 Vienna Aquatic - 183.0 Hunt Valley
Vienna Woods,Week2,Dominion Hills,Week4,292.0 Vienna Woods - 110.0 Dominion Hills
Vienna Woods,Week5,Old Keene Mill,Week4,350.0 Vienna Woods - 52.0 Old Keene Mill
Vienna Woods,Week2,Dominion Hills,Week5,273.0 Vienna Woods - 129.0 Dominion Hills
Vienna Woods,Week2,Daventry,Week4,371.0 Vienna Woods - 30.0 Daventry
Vienna Woods,Week3,Dominion Hills,Week2,320.5 Vienna Woods - 81.5 Dominion Hills
Vienna Woods,Week5,Sideburn Run,Week4,325.0 Vienna Woods - 77.0 Sideburn Run
Vienna Woods,Week1,Old Keene Mill,Week3,323.0 Vienna Woods - 79.0 Old Keene Mill
Vienna Woods,Week3,Orange Hunt,Week4,290.0 Vienna Woods - 112.0 Orange Hunt
Vienna Aquatic,Week3,Hamlet,Week4,249.0 Vienna Aquatic - 153.0 Hamlet
Vienna Aquatic,Week4,Holmes Run Acres,Week4,290.0 Vienna Aquatic - 112.0 Holmes Run Acres
Vienna Aquatic,Week5,Holmes Run Acres,Week4,305.0 Vienna Aquatic - 97.0 Holmes Run Acres
Vienna Woods,Week3,Dominion Hills,Week1,327.0 Vienna Woods - 75.0 Dominion Hills
Vienna Aquatic,Week1,Hunt Valley,Week2,239.0 Vienna Aquatic - 163.0 Hunt Valley
Vienna Aquatic,Week5,Holmes Run Acres,Week3,288.0 Vienna Aquatic - 114.0 Holmes Run Acres
Vienna Aquatic,Week2,Hunt Valley,Week4,218.0 Vienna Aquatic - 184.0 Hunt Valley
Vienna Woods,Week2,Daventry,Week5,355.0 Vienna Woods - 46.0 Daventry
Vienna Aquatic,Week1,Hunt Valley,Week3,210.0 Vienna Aquatic - 192.0 Hunt Valley
Vienna Aquatic,Week2,Hamlet,Week1,215.0 Vienna Aquatic - 187.0 Hamlet
Vienna Aquatic,Week3,Hunt Valley,Week1,238.0 Vienna Aquatic - 164.0 Hunt Valley
Vienna Aquatic,Week5,Hamlet,Week2,249.0 Vienna Aquatic - 153.0 Hamlet
Vienna Aquatic,Week4,Hunt Valley,Week3,205.0 Hunt Valley - 197.0 Vienna Aquatic
Vienna Woods,Week2,Orange Hunt,Week3,272.0 Vienna Woods - 130.0 Orange Hunt
Vienna Woods,Week4,Daventry,Week2,364.0 Vienna Woods - 37.0 Daventry
Vienna Woods,Week4,Sleepy Hollow B & R,Week3,264.0 Vienna Woods - 138.0 Sleepy Hollow B & R
Vienna Aquatic,Week4,Hunt Valley,Week4,219.5 Vienna Aquatic - 182.5 Hunt Valley
Vienna Woods,Week1,Sleepy Hollow B & R,Week3,296.0 Vienna Woods - 106.0 Sleepy Hollow B & R
Vienna Woods,Week1,Overlee,Week5,297.0 Overlee - 105.0 Vienna Woods
Vienna Woods,Week4,Sideburn Run,Week5,286.0 Vienna Woods - 116.0 Sideburn Run
Vienna Woods,Week5,Sideburn Run,Week3,317.0 Vienna Woods - 85.0 Sideburn Run
Vienna Aquatic,Week4,Holmes Run Acres,Week2,293.5 Vienna Aquatic - 108.5 Holmes Run Acres
Vienna Aquatic,Week4,Hamlet,Week5,217.0 Hamlet - 185.0 Vienna Aquatic
Vienna Aquatic,Week4,Hamlet,Week2,205.5 Hamlet - 196.5 Vienna Aquatic
Vienna Aquatic,Week4,Hamlet,Week4,217.0 Vienna Aquatic - 185.0 Hamlet
Vienna Woods,Week2,Dominion Hills,Week1,317.0 Vienna Woods - 85.0 Dominion Hills
Vienna Woods,Week5,Sideburn Run,Week5,311.0 Vienna Woods - 91.0 Sideburn Run
Vienna Woods,Week4,Daventry,Week5,353.0 Vienna Woods - 44.0 Daventry
Vienna Woods,Week3,Daventry,Week3,369.0 Vienna Woods - 33.0 Daventry
Vienna Woods,Week1,Orange Hunt,Week3,262.0 Vienna Woods - 140.0 Orange Hunt
Vienna Woods,Week1,Orange Hunt,Week5,255.0 Vienna Woods - 147.0 Orange Hunt
Vienna Aquatic,Week5,Hunt Valley,Week1,261.0 Vienna Aquatic - 141.0 Hunt Valley
Vienna Woods,Week4,Orange Hunt,Week4,281.0 Vienna Woods - 121.0 Orange Hunt
Vienna Aquatic,Week3,Hunt Valley,Week4,229.0 Vienna Aquatic - 173.0 Hunt Valley
Vienna Woods,Week2,Dominion Hills,Week2,309.0 Vienna Woods - 93.0 Dominion Hills
Vienna Aquatic,Week1,Hayfield Farm,Week2,274.0 Vienna Aquatic - 128.0 Hayfield Farm
Vienna Woods,Week2,Sleepy Hollow B & R,Week4,288.0 Vienna Woods - 114.0 Sleepy Hollow B & R
Vienna Aquatic,Week4,Hunter Mill,Week5,222.0 Vienna Aquatic - 180.0 Hunter Mill
Vienna Woods,Week5,Old Keene Mill,Week1,355.0 Vienna Woods - 47.0 Old Keene Mill
Vienna Woods,Week2,Sleepy Hollow B & R,Week3,289.0 Vienna Woods - 113.0 Sleepy Hollow B & R
Vienna Aquatic,Week5,Hunter Mill,Week3,274.0 Vienna Aquatic - 128.0 Hunter Mill
Vienna Woods,Week5,Daventry,Week3,377.0 Vienna Woods - 25.0 Daventry
Vienna Woods,Week1,Sleepy Hollow B & R,Week4,291.0 Vienna Woods - 111.0 Sleepy Hollow B & R
Vienna Aquatic,Week5,Hamlet,Week5,230.5 Vienna Aquatic - 171.5 Hamlet
Vienna Woods,Week5,Old Keene Mill,Week2,351.0 Vienna Woods - 51.0 Old Keene Mill
Vienna Woods,Week4,Daventry,Week3,366.0 Vienna Woods - 36.0 Daventry
Vienna Woods,Week1,Orange Hunt,Week1,279.0 Vienna Woods - 123.0 Orange Hunt
Vienna Aquatic,Week5,Hamlet,Week4,269.0 Vienna Aquatic - 133.0 Hamlet
Vienna Aquatic,Week5,Hunt Valley,Week5,240.5 Vienna Aquatic - 161.5 Hunt Valley
Vienna Aquatic,Week4,Hunter Mill,Week2,254.5 Vienna Aquatic - 147.5 Hunter Mill
Vienna Woods,Week3,Orange Hunt,Week2,282.0 Vienna Woods - 120.0 Orange Hunt
Vienna Woods,Week2,Sleepy Hollow B & R,Week5,275.0 Vienna Woods - 127.0 Sleepy Hollow B & R
Vienna Woods,Week5,Daventry,Week2,375.0 Vienna Woods - 26.0 Daventry
Vienna Woods,Week1,Dominion Hills,Week1,320.0 Vienna Woods - 82.0 Dominion Hills
Vienna Aquatic,Week1,Hayfield Farm,Week1,280.0 Vienna Aquatic - 122.0 Hayfield Farm
Vienna Aquatic,Week5,Hamlet,Week3,247.0 Vienna Aquatic - 155.0 Hamlet
Vienna Aquatic,Week1,Hayfield Farm,Week3,264.0 Vienna Aquatic - 138.0 Hayfield Farm
Vienna Woods,Week5,Old Keene Mill,Week5,335.0 Vienna Woods - 67.0 Old Keene Mill
Vienna Woods,Week5,Daventry,Week1,374.0 Vienna Woods - 28.0 Daventry
Vienna Woods,Week4,Sideburn Run,Week1,281.0 Vienna Woods - 121.0 Sideburn Run
Vienna Aquatic,Week1,Ilda Community,Week3,357.0 Vienna Aquatic - 45.0 Ilda Community
Vienna Woods,Week1,Dominion Hills,Week2,313.0 Vienna Woods - 89.0 Dominion Hills
Vienna Woods,Week1,Donaldson Run,Week1,243.0 Vienna Woods - 159.0 Donaldson Run
Vienna Aquatic,Week1,Hunter Mill,Week2,254.0 Vienna Aquatic - 148.0 Hunter Mill
Vienna Woods,Week4,Sideburn Run,Week4,289.0 Vienna Woods - 113.0 Sideburn Run
Vienna Aquatic,Week4,Hunter Mill,Week4,242.0 Vienna Aquatic - 160.0 Hunter Mill
Vienna Woods,Week2,Orange Hunt,Week2,274.0 Vienna Woods - 128.0 Orange Hunt
Vienna Aquatic,Week1,Hayfield Farm,Week4,272.0 Vienna Aquatic - 130.0 Hayfield Farm
Vienna Woods,Week1,Orange Hunt,Week2,269.0 Vienna Woods - 133.0 Orange Hunt
Vienna Aquatic,Week5,Hunt Valley,Week2,263.0 Vienna Aquatic - 139.0 Hunt Valley
Vienna Aquatic,Week1,Ilda Community,Week2,356.0 Vienna Aquatic - 46.0 Ilda Community
Vienna Woods,Week5,Old Keene Mill,Week3,339.0 Vienna Woods - 63.0 Old Keene Mill
Vienna Woods,Week3,Sleepy Hollow B & R,Week2,301.0 Vienna Woods - 101.0 Sleepy Hollow B & R
Vienna Woods,Week4,Orange Hunt,Week1,268.0 Vienna Woods - 134.0 Orange Hunt
Vienna Aquatic,Week2,Hunter Mill,Week1,236.0 Vienna Aquatic - 166.0 Hunter Mill
Vienna Woods,Week5,Orange Hunt,Week2,307.0 Vienna Woods - 95.0 Orange Hunt
Vienna Aquatic,Week5,Hunter Mill,Week5,254.0 Vienna Aquatic - 148.0 Hunter Mill
Vienna Woods,Week2,Orange Hunt,Week1,282.0 Vienna Woods - 120.0 Orange Hunt
Vienna Woods,Week1,Dominion Hills,Week3,323.0 Vienna Woods - 79.0 Dominion Hills
Vienna Woods,Week3,Daventry,Week5,356.0 Vienna Woods - 46.0 Daventry
Vienna Woods,Week3,Daventry,Week4,376.0 Vienna Woods - 26.0 Daventry
Vienna Woods,Week3,Sideburn Run,Week5,301.5 Vienna Woods - 100.5 Sideburn Run
Vienna Woods,Week5,Daventry,Week5,369.5 Vienna Woods - 32.5 Daventry
Vienna Aquatic,Week5,Hunt Valley,Week3,244.0 Vienna Aquatic - 158.0 Hunt Valley
Vienna Woods,Week4,Sideburn Run,Week2,300.0 Vienna Woods - 102.0 Sideburn Run
Vienna Woods,Week2,Orange Hunt,Week4,282.0 Vienna Woods - 120.0 Orange Hunt
Vienna Woods,Week3,Orange Hunt,Week1,284.0 Vienna Woods - 118.0 Orange Hunt
Vienna Woods,Week5,Daventry,Week4,383.0 Vienna Woods - 19.0 Daventry
Vienna Aquatic,Week1,Hunter Mill,Week1,245.0 Vienna Aquatic - 157.0 Hunter Mill
Vienna Woods,Week4,Sleepy Hollow Rec,Week1,327.0 Vienna Woods - 75.0 Sleepy Hollow Rec
Vienna Woods,Week2,Orange Hunt,Week5,278.0 Vienna Woods - 124.0 Orange Hunt
Vienna Woods,Week1,Sleepy Hollow B & R,Week1,303.0 Vienna Woods - 99.0 Sleepy Hollow B & R
Vienna Woods,Week1,Sleepy Hollow B & R,Week2,289.0 Vienna Woods - 113.0 Sleepy Hollow B & R
Vienna Woods,Week5,Sideburn Run,Week2,333.0 Vienna Woods - 69.0 Sideburn Run
Vienna Woods,Week3,Daventry,Week2,367.0 Vienna Woods - 34.0 Daventry
Vienna Aquatic,Week2,Hunter Mill,Week5,223.0 Vienna Aquatic - 179.0 Hunter Mill
Vienna Woods,Week4,Sideburn Run,Week3,280.0 Vienna Woods - 122.0 Sideburn Run
Vienna Woods,Week4,Sleepy Hollow Rec,Week4,337.5 Vienna Woods - 64.5 Sleepy Hollow Rec
Vienna Woods,Week3,Sleepy Hollow Rec,Week4,364.0 Vienna Woods - 38.0 Sleepy Hollow Rec
Vienna Woods,Week2,Sleepy Hollow B & R,Week1,302.0 Vienna Woods - 100.0 Sleepy Hollow B & R
Vienna Woods,Week5,Sleepy Hollow Rec,Week2,363.0 Vienna Woods - 39.0 Sleepy Hollow Rec
Vienna Aquatic,Week1,Hunter Mill,Week3,238.0 Vienna Aquatic - 164.0 Hunter Mill
Vienna Woods,Week5,Orange Hunt,Week4,303.0 Vienna Woods - 99.0 Orange Hunt
Vienna Woods,Week1,Donaldson Run,Week2,237.5 Vienna Woods - 164.5 Donaldson Run
Vienna Woods,Week1,Dominion Hills,Week5,287.0 Vienna Woods - 115.0 Dominion Hills
Vienna Woods,Week5,Dominion Hills,Week5,307.0 Vienna Woods - 95.0 Dominion Hills
Vienna Woods,Week3,Orange Hunt,Week5,272.5 Vienna Woods - 129.5 Orange Hunt
Vienna Woods,Week4,Orange Hunt,Week5,250.0 Vienna Woods - 152.0 Orange Hunt
Vienna Aquatic,Week3,Hunter Mill,Week5,241.0 Vienna Aquatic - 161.0 Hunter Mill
Vienna Aquatic,Week2,Hunter Mill,Week2,254.0 Vienna Aquatic - 148.0 Hunter Mill
Vienna Woods,Week4,Daventry,Week4,370.0 Vienna Woods - 32.0 Daventry
Vienna Woods,Week1,Overlee,Week3,232.0 Overlee - 170.0 Vienna Woods
Vienna Aquatic,Week3,Hunter Mill,Week3,269.5 Vienna Aquatic - 132.5 Hunter Mill
Vienna Woods,Week4,Sleepy Hollow B & R,Week5,240.0 Vienna Woods - 162.0 Sleepy Hollow B & R
Vienna Woods,Week1,Donaldson Run,Week4,228.0 Vienna Woods - 174.0 Donaldson Run
Vienna Woods,Week3,Donaldson Run,Week4,228.0 Vienna Woods - 174.0 Donaldson Run
Vienna Woods,Week5,Orange Hunt,Week5,288.0 Vienna Woods - 114.0 Orange Hunt
Vienna Woods,Week4,Sleepy Hollow Rec,Week5,321.0 Vienna Woods - 81.0 Sleepy Hollow Rec
Vienna Woods,Week4,Donaldson Run,Week5,220.0 Donaldson Run - 182.0 Vienna Woods
Vienna Aquatic,Week5,Hunter Mill,Week2,286.0 Vienna Aquatic - 116.0 Hunter Mill
Vienna Woods,Week1,Overlee,Week1,231.0 Overlee - 171.0 Vienna Woods
Vienna Woods,Week5,Sleepy Hollow Rec,Week5,346.0 Vienna Woods - 56.0 Sleepy Hollow Rec
Vienna Woods,Week1,Overlee,Week4,302.0 Overlee - 100.0 Vienna Woods
Vienna Woods,Week3,Sleepy Hollow Rec,Week1,349.0 Vienna Woods - 53.0 Sleepy Hollow Rec
Vienna Woods,Week1,Donaldson Run,Week3,235.0 Vienna Woods - 167.0 Donaldson Run
Vienna Woods,Week2,Donaldson Run,Week4,221.0 Vienna Woods - 181.0 Donaldson Run
Vienna Aquatic,Week1,Hunter Mill,Week4,232.0 Vienna Aquatic - 170.0 Hunter Mill
Vienna Woods,Week1,Sleepy Hollow Rec,Week1,338.0 Vienna Woods - 59.0 Sleepy Hollow Rec
Vienna Aquatic,Week5,Hunt Valley,Week4,258.0 Vienna Aquatic - 144.0 Hunt Valley
Vienna Woods,Week2,Parklawn,Week1,341.0 Vienna Woods - 52.0 Parklawn
Vienna Woods,Week1,Sleepy Hollow Rec,Week3,333.0 Vienna Woods - 69.0 Sleepy Hollow Rec
Vienna Woods,Week4,Dominion Hills,Week2,293.0 Vienna Woods - 109.0 Dominion Hills
Vienna Woods,Week1,Overlee,Week2,248.0 Overlee - 154.0 Vienna Woods
Vienna Aquatic,Week2,Hunter Mill,Week3,246.0 Vienna Aquatic - 156.0 Hunter Mill
Vienna Aquatic,Week4,Hunter Mill,Week1,241.5 Vienna Aquatic - 160.5 Hunter Mill
Vienna Aquatic,Week3,Hunter Mill,Week1,266.0 Vienna Aquatic - 136.0 Hunter Mill
Vienna Woods,Week4,Dominion Hills,Week4,278.5 Vienna Woods - 123.5 Dominion Hills
Vienna Aquatic,Week2,Fox Mill Estates,Week1,326.0 Vienna Aquatic - 76.0 Fox Mill Estates
Vienna Woods,Week1,Parklawn,Week4,327.5 Vienna Woods - 68.5 Parklawn
Vienna Woods,Week2,Donaldson Run,Week1,240.0 Vienna Woods - 162.0 Donaldson Run
Vienna Woods,Week4,Donaldson Run,Week3,215.0 Vienna Woods - 187.0 Donaldson Run
Vienna Aquatic,Week3,Hunter Mill,Week4,261.0 Vienna Aquatic - 141.0 Hunter Mill
Vienna Woods,Week5,Sleepy Hollow B & R,Week5,301.0 Vienna Woods - 101.0 Sleepy Hollow B & R
Vienna Woods,Week1,Dowden Terrace,Week2,286.0 Vienna Woods - 111.0 Dowden Terrace
Vienna Woods,Week5,Overlee,Week5,268.5 Overlee - 133.5 Vienna Woods
Vienna Aquatic,Week3,Hunter Mill,Week2,270.0 Vienna Aquatic - 132.0 Hunter Mill
Vienna Woods,Week2,Sleepy Hollow Rec,Week1,339.0 Vienna Woods - 63.0 Sleepy Hollow Rec
Vienna Woods,Week2,Overlee,Week4,300.0 Overlee - 102.0 Vienna Woods
Vienna Woods,Week5,Sleepy Hollow B & R,Week1,326.0 Vienna Woods - 76.0 Sleepy Hollow B & R
Vienna Woods,Week5,Overlee,Week3,211.0 Vienna Woods - 191.0 Overlee
Vienna Woods,Week3,Dominion Hills,Week4,298.0 Vienna Woods - 104.0 Dominion Hills
Vienna Woods,Week1,Parklawn,Week1,342.0 Vienna Woods - 46.0 Parklawn
Vienna Aquatic,Week2,Hunter Mill,Week4,229.0 Vienna Aquatic - 173.0 Hunter Mill
Vienna Aquatic,Week1,Hunter Mill,Week5,232.0 Vienna Aquatic - 170.0 Hunter Mill
Vienna Woods,Week5,Sleepy Hollow B & R,Week2,310.0 Vienna Woods - 92.0 Sleepy Hollow B & R
Vienna Woods,Week1,Sleepy Hollow Rec,Week5,334.0 Vienna Woods - 68.0 Sleepy Hollow Rec
Vienna Woods,Week4,Overlee,Week5,302.0 Overlee - 100.0 Vienna Woods
Vienna Woods,Week3,Dominion Hills,Week5,288.0 Vienna Woods - 114.0 Dominion Hills
Vienna Woods,Week5,Overlee,Week4,281.0 Overlee - 121.0 Vienna Woods
Vienna Woods,Week4,Dominion Hills,Week5,256.0 Vienna Woods - 146.0 Dominion Hills
Vienna Woods,Week3,Dominion Hills,Week3,326.0 Vienna Woods - 76.0 Dominion Hills
Vienna Aquatic,Week2,Fox Mill Estates,Week4,300.0 Vienna Aquatic - 102.0 Fox Mill Estates
Vienna Aquatic,Week2,Fox Hunt,Week2,285.0 Vienna Aquatic - 117.0 Fox Hunt
Vienna Aquatic,Week1,Ilda Community,Week5,356.0 Vienna Aquatic - 46.0 Ilda Community
Vienna Woods,Week5,Overlee,Week2,229.0 Overlee - 173.0 Vienna Woods
Vienna Woods,Week1,Parklawn,Week3,338.0 Vienna Woods - 64.0 Parklawn
Vienna Aquatic,Week5,Fox Hunt,Week1,324.0 Vienna Aquatic - 78.0 Fox Hunt
Vienna Aquatic,Week5,Hunter Mill,Week1,284.0 Vienna Aquatic - 118.0 Hunter Mill
Vienna Woods,Week3,Sleepy Hollow Rec,Week3,350.0 Vienna Woods - 52.0 Sleepy Hollow Rec
Vienna Aquatic,Week5,Hunter Mill,Week4,266.0 Vienna Aquatic - 136.0 Hunter Mill
Vienna Aquatic,Week2,Ilda Community,Week2,337.5 Vienna Aquatic - 64.5 Ilda Community
Vienna Woods,Week2,Sleepy Hollow Rec,Week3,325.0 Vienna Woods - 77.0 Sleepy Hollow Rec
Vienna Aquatic,Week4,Fox Hunt,Week3,298.0 Vienna Aquatic - 99.0 Fox Hunt
Vienna Woods,Week5,Dominion Hills,Week3,353.0 Vienna Woods - 49.0 Dominion Hills
Vienna Woods,Week3,Overlee,Week3,234.0 Overlee - 168.0 Vienna Woods
Vienna Aquatic,Week1,Fox Mill Estates,Week1,331.0 Vienna Aquatic - 71.0 Fox Mill Estates
Vienna Aquatic,Week3,Fox Hunt,Week2,301.0 Vienna Aquatic - 101.0 Fox Hunt
Vienna Woods,Week3,Donaldson Run,Week1,250.0 Vienna Woods - 152.0 Donaldson Run
Vienna Woods,Week2,Sleepy Hollow Rec,Week2,349.0 Vienna Woods - 53.0 Sleepy Hollow Rec
Vienna Woods,Week5,Sleepy Hollow B & R,Week3,313.0 Vienna Woods - 89.0 Sleepy Hollow B & R
Vienna Woods,Week4,Dominion Hills,Week1,295.0 Vienna Woods - 107.0 Dominion Hills
Vienna Aquatic,Week2,Ilda Community,Week3,342.0 Vienna Aquatic - 60.0 Ilda Community
Vienna Aquatic,Week2,Ilda Community,Week5,346.0 Vienna Aquatic - 56.0 Ilda Community
Vienna Aquatic,Week1,Fox Mill Estates,Week2,315.0 Vienna Aquatic - 87.0 Fox Mill Estates
Vienna Woods,Week3,Donaldson Run,Week5,204.0 Donaldson Run - 198.0 Vienna Woods
Vienna Woods,Week4,Sleepy Hollow B & R,Week4,270.0 Vienna Woods - 132.0 Sleepy Hollow B & R
Vienna Aquatic,Week4,Fox Hunt,Week2,296.0 Vienna Aquatic - 106.0 Fox Hunt
Vienna Aquatic,Week4,Hunter Mill,Week3,227.0 Vienna Aquatic - 175.0 Hunter Mill
Vienna Aquatic,Week3,Ilda Community,Week1,341.0 Vienna Aquatic - 61.0 Ilda Community
Vienna Woods,Week2,Parklawn,Week2,330.0 Vienna Woods - 68.0 Parklawn
Vienna Woods,Week2,Overlee,Week3,239.5 Overlee - 162.5 Vienna Woods
Vienna Woods,Week1,Sleepy Hollow Rec,Week4,346.0 Vienna Woods - 56.0 Sleepy Hollow Rec
Vienna Woods,Week2,Sleepy Hollow Rec,Week4,349.0 Vienna Woods - 53.0 Sleepy Hollow Rec
Vienna Woods,Week2,Sleepy Hollow Rec,Week5,335.0 Vienna Woods - 67.0 Sleepy Hollow Rec
Vienna Woods,Week2,Donaldson Run,Week2,224.0 Vienna Woods - 178.0 Donaldson Run
Vienna Woods,Week1,Parklawn,Week2,329.0 Vienna Woods - 73.0 Parklawn
Vienna Woods,Week4,Overlee,Week2,283.0 Overlee - 119.0 Vienna Woods
Vienna Woods,Week1,Donaldson Run,Week5,206.0 Donaldson Run - 191.0 Vienna Woods
Vienna Aquatic,Week1,Ilda Community,Week1,348.0 Vienna Aquatic - 54.0 Ilda Community
Vienna Aquatic,Week5,Fox Hunt,Week4,325.0 Vienna Aquatic - 76.0 Fox Hunt
Vienna Woods,Week5,Dominion Hills,Week1,343.0 Vienna Woods - 59.0 Dominion Hills
Vienna Woods,Week3,Sleepy Hollow Rec,Week5,343.0 Vienna Woods - 59.0 Sleepy Hollow Rec
Vienna Woods,Week4,Dominion Hills,Week3,306.5 Vienna Woods - 95.5 Dominion Hills
Vienna Woods,Week2,Overlee,Week2,264.0 Overlee - 138.0 Vienna Woods
Vienna Woods,Week5,Sleepy Hollow Rec,Week4,369.0 Vienna Woods - 33.0 Sleepy Hollow Rec
Vienna Woods,Week4,Sleepy Hollow Rec,Week3,314.0 Vienna Woods - 88.0 Sleepy Hollow Rec
Vienna Aquatic,Week1,Fox Mill Estates,Week5,306.0 Vienna Aquatic - 96.0 Fox Mill Estates
Vienna Woods,Week2,Donaldson Run,Week3,238.0 Vienna Woods - 164.0 Donaldson Run
Vienna Aquatic,Week2,Ilda Community,Week4,331.0 Vienna Aquatic - 71.0 Ilda Community
Vienna Aquatic,Week2,Fox Mill Estates,Week2,317.0 Vienna Aquatic - 85.0 Fox Mill Estates
Vienna Woods,Week5,Dominion Hills,Week4,331.0 Vienna Woods - 71.0 Dominion Hills
Vienna Aquatic,Week2,Fox Hunt,Week3,275.0 Vienna Aquatic - 127.0 Fox Hunt
Vienna Woods,Week5,Sleepy Hollow B & R,Week4,313.0 Vienna Woods - 89.0 Sleepy Hollow B & R
Vienna Aquatic,Week3,Fox Hunt,Week4,302.0 Vienna Aquatic - 100.0 Fox Hunt
Vienna Woods,Week2,Overlee,Week1,251.5 Overlee - 150.5 Vienna Woods
Vienna Woods,Week1,Sleepy Hollow Rec,Week2,352.0 Vienna Woods - 50.0 Sleepy Hollow Rec
Vienna Woods,Week5,Sleepy Hollow Rec,Week1,352.0 Vienna Woods - 50.0 Sleepy Hollow Rec
Vienna Woods,Week1,Parklawn,Week5,324.0 Vienna Woods - 73.0 Parklawn
Vienna Aquatic,Week2,Fox Hunt,Week4,283.0 Vienna Aquatic - 119.0 Fox Hunt
Vienna Woods,Week5,Dominion Hills,Week2,336.0 Vienna Woods - 66.0 Dominion Hills
Vienna Woods,Week5,Overlee,Week1,203.0 Overlee - 199.0 Vienna Woods
Vienna Aquatic,Week2,Fox Hunt,Week5,262.0 Vienna Aquatic - 140.0 Fox Hunt
Vienna Aquatic,Week3,Ilda Community,Week2,355.0 Vienna Aquatic - 47.0 Ilda Community
Vienna Woods,Week3,Overlee,Week1,232.0 Overlee - 170.0 Vienna Woods
Vienna Aquatic,Week4,Fox Hunt,Week1,307.5 Vienna Aquatic - 94.5 Fox Hunt
Vienna Woods,Week2,Donaldson Run,Week5,204.0 Vienna Woods - 198.0 Donaldson Run
Vienna Aquatic,Week3,Ilda Community,Week3,353.0 Vienna Aquatic - 49.0 Ilda Community
Vienna Aquatic,Week3,Ilda Community,Week4,347.0 Vienna Aquatic - 55.0 Ilda Community
Vienna Woods,Week4,Sleepy Hollow Rec,Week2,332.0 Vienna Woods - 70.0 Sleepy Hollow Rec
Vienna Aquatic,Week2,Ilda Community,Week1,339.0 Vienna Aquatic - 63.0 Ilda Community
Vienna Woods,Week3,Overlee,Week4,303.0 Overlee - 99.0 Vienna Woods
Vienna Woods,Week3,Sleepy Hollow Rec,Week2,356.0 Vienna Woods - 46.0 Sleepy Hollow Rec
Vienna Aquatic,Week1,Ilda Community,Week4,343.0 Vienna Aquatic - 59.0 Ilda Community
Vienna Woods,Week2,Overlee,Week5,299.5 Overlee - 102.5 Vienna Woods
Vienna Woods,Week3,Donaldson Run,Week2,240.0 Vienna Woods - 162.0 Donaldson Run
Vienna Aquatic,Week3,Fox Hunt,Week1,302.0 Vienna Aquatic - 100.0 Fox Hunt
Vienna Aquatic,Week3,Fox Hunt,Week3,290.0 Vienna Aquatic - 112.0 Fox Hunt
Vienna Woods,Week4,Donaldson Run,Week4,205.0 Vienna Woods - 197.0 Donaldson Run
Vienna Woods,Week3,Somerset-Olde Creek,Week5,366.0 Vienna Woods - 36.0 Somerset-Olde Creek
Vienna Woods,Week2,Parklawn,Week3,335.0 Vienna Woods - 63.0 Parklawn
Vienna Woods,Week2,Somerset-Olde Creek,Week3,371.0 Vienna Woods - 30.0 Somerset-Olde Creek
Vienna Woods,Week4,Donaldson Run,Week2,210.0 Vienna Woods - 192.0 Donaldson Run
Vienna Woods,Week4,Overlee,Week4,313.0 Overlee - 89.0 Vienna Woods
Vienna Woods,Week1,Somerset-Olde Creek,Week5,354.0 Vienna Woods - 48.0 Somerset-Olde Creek
Vienna Woods,Week5,Donaldson Run,Week1,261.0 Vienna Woods - 141.0 Donaldson Run
Vienna Woods,Week3,Overlee,Week2,254.0 Overlee - 148.0 Vienna Woods
Vienna Woods,Week4,Donaldson Run,Week1,206.5 Vienna Woods - 195.5 Donaldson Run
Vienna Woods,Week5,Sleepy Hollow Rec,Week3,352.0 Vienna Woods - 50.0 Sleepy Hollow Rec
Vienna Aquatic,Week5,Fox Hunt,Week5,302.0 Vienna Aquatic - 99.0 Fox Hunt
Vienna Woods,Week4,Overlee,Week3,250.0 Overlee - 152.0 Vienna Woods
Vienna Woods,Week4,Somerset-Olde Creek,Week1,357.0 Vienna Woods - 40.0 Somerset-Olde Creek
Vienna Aquatic,Week1,Fox Mill Estates,Week4,300.0 Vienna Aquatic - 102.0 Fox Mill Estates
Vienna Woods,Week3,Donaldson Run,Week3,243.0 Vienna Woods - 159.0 Donaldson Run
Vienna Woods,Week3,Overlee,Week5,288.0 Overlee - 114.0 Vienna Woods
Vienna Aquatic,Week1,Fox Mill Estates,Week3,316.0 Vienna Aquatic - 86.0 Fox Mill Estates
Vienna Woods,Week4,Overlee,Week1,250.0 Overlee - 152.0 Vienna Woods
Vienna Woods,Week5,Donaldson Run,Week2,265.0 Vienna Woods - 137.0 Donaldson Run
Vienna Aquatic,Week4,Fox Hunt,Week4,299.0 Vienna Aquatic - 103.0 Fox Hunt
Vienna Woods,Week2,Parklawn,Week4,321.0 Vienna Woods - 77.0 Parklawn
Vienna Woods,Week2,Somerset-Olde Creek,Week5,350.0 Vienna Woods - 51.0 Somerset-Olde Creek
Vienna Woods,Week4,Dowden Terrace,Week4,268.0 Vienna Woods - 129.0 Dowden Terrace
Vienna Aquatic,Week5,Fox Hunt,Week3,314.0 Vienna Aquatic - 88.0 Fox Hunt
Vienna Woods,Week3,Somerset-Olde Creek,Week4,373.0 Vienna Woods - 29.0 Somerset-Olde Creek
Vienna Woods,Week3,Somerset-Olde Creek,Week2,373.0 Vienna Woods - 29.0 Somerset-Olde Creek
Vienna Woods,Week2,Dowden Terrace,Week1,285.0 Vienna Woods - 113.0 Dowden Terrace
Vienna Aquatic,Week1,Fox Mill Woods,Week1,219.0 Vienna Aquatic - 183.0 Fox Mill Woods
Vienna Aquatic,Week5,Fox Hunt,Week2,325.0 Vienna Aquatic - 76.0 Fox Hunt
Vienna Aquatic,Week5,Fox Mill Estates,Week4,319.0 Vienna Aquatic - 83.0 Fox Mill Estates
Vienna Woods,Week1,Laurel Hill,Week4,335.0 Vienna Woods - 67.0 Laurel Hill
Vienna Woods,Week1,Lee Graham,Week3,229.0 Vienna Woods - 173.0 Lee Graham
Vienna Woods,Week3,Laurel Hill,Week4,341.0 Vienna Woods - 61.0 Laurel Hill
Vienna Woods,Week5,Laurel Hill,Week3,341.0 Vienna Woods - 61.0 Laurel Hill
Vienna Woods,Week1,Dowden Terrace,Week1,294.0 Vienna Woods - 108.0 Dowden Terrace
Vienna Aquatic,Week2,Fox Mill Estates,Week3,305.0 Vienna Aquatic - 97.0 Fox Mill Estates
Vienna Woods,Week2,Lee Graham,Week2,235.0 Vienna Woods - 167.0 Lee Graham
Vienna Woods,Week4,Laurel Hill,Week4,325.0 Vienna Woods - 77.0 Laurel Hill
Vienna Woods,Week4,Dowden Terrace,Week2,283.0 Vienna Woods - 119.0 Dowden Terrace
Vienna Woods,Week5,Donaldson Run,Week5,228.0 Vienna Woods - 174.0 Donaldson Run
Vienna Woods,Week1,Lee Graham,Week5,208.0 Vienna Woods - 194.0 Lee Graham
Vienna Woods,Week1,Somerset-Olde Creek,Week2,363.0 Vienna Woods - 34.0 Somerset-Olde Creek
Vienna Woods,Week4,Somerset-Olde Creek,Week5,349.5 Vienna Woods - 52.5 Somerset-Olde Creek
Vienna Aquatic,Week1,Fox Mill Woods,Week2,247.0 Vienna Aquatic - 155.0 Fox Mill Woods
Vienna Woods,Week4,Somerset-Olde Creek,Week2,358.0 Vienna Woods - 39.0 Somerset-Olde Creek
Vienna Woods,Week1,Dowden Terrace,Week5,269.5 Vienna Woods - 132.5 Dowden Terrace
Vienna Woods,Week2,Somerset-Olde Creek,Week2,365.0 Vienna Woods - 36.0 Somerset-Olde Creek
Vienna Woods,Week3,Dowden Terrace,Week5,273.0 Vienna Woods - 129.0 Dowden Terrace
Vienna Woods,Week5,Donaldson Run,Week3,259.0 Vienna Woods - 143.0 Donaldson Run
Vienna Woods,Week4,Dowden Terrace,Week5,255.0 Vienna Woods - 147.0 Dowden Terrace
Vienna Woods,Week2,Laurel Hill,Week3,330.0 Vienna Woods - 72.0 Laurel Hill
Vienna Aquatic,Week5,Fox Mill Estates,Week1,332.0 Vienna Aquatic - 70.0 Fox Mill Estates
Vienna Woods,Week5,Somerset-Olde Creek,Week1,371.0 Vienna Woods - 31.0 Somerset-Olde Creek
Vienna Aquatic,Week4,Fox Hunt,Week5,269.0 Vienna Aquatic - 133.0 Fox Hunt
Vienna Woods,Week4,Somerset-Olde Creek,Week3,365.0 Vienna Woods - 32.0 Somerset-Olde Creek
Vienna Woods,Week5,Donaldson Run,Week4,258.0 Vienna Woods - 144.0 Donaldson Run
Vienna Woods,Week2,Somerset-Olde Creek,Week1,364.0 Vienna Woods - 37.0 Somerset-Olde Creek
Vienna Woods,Week5,Laurel Hill,Week1,339.0 Vienna Woods - 62.0 Laurel Hill
Vienna Aquatic,Week3,Fox Hunt,Week5,272.0 Vienna Aquatic - 130.0 Fox Hunt
Vienna Woods,Week4,Somerset-Olde Creek,Week4,363.0 Vienna Woods - 39.0 Somerset-Olde Creek
Vienna Aquatic,Week3,Fox Mill Estates,Week1,335.0 Vienna Aquatic - 67.0 Fox Mill Estates
Vienna Aquatic,Week3,Fox Mill Estates,Week2,317.0 Vienna Aquatic - 85.0 Fox Mill Estates
Vienna Aquatic,Week2,Fox Mill Woods,Week4,238.0 Vienna Aquatic - 164.0 Fox Mill Woods
Vienna Woods,Week3,Dowden Terrace,Week3,315.0 Vienna Woods - 87.0 Dowden Terrace
Vienna Woods,Week1,Somerset-Olde Creek,Week3,364.0 Vienna Woods - 33.0 Somerset-Olde Creek
Vienna Aquatic,Week3,Fox Mill Estates,Week4,315.0 Vienna Aquatic - 87.0 Fox Mill Estates
Vienna Woods,Week3,Somerset-Olde Creek,Week1,371.0 Vienna Woods - 31.0 Somerset-Olde Creek
Vienna Woods,Week5,Dowden Terrace,Week4,301.0 Vienna Woods - 101.0 Dowden Terrace
Vienna Woods,Week1,Somerset-Olde Creek,Week1,357.0 Vienna Woods - 44.0 Somerset-Olde Creek
Vienna Woods,Week2,Laurel Hill,Week4,334.0 Vienna Woods - 68.0 Laurel Hill
Vienna Woods,Week5,Dowden Terrace,Week3,330.0 Vienna Woods - 72.0 Dowden Terrace
Vienna Woods,Week5,Langley,Week3,272.0 Vienna Woods - 130.0 Langley
Vienna Woods,Week5,Dowden Terrace,Week2,315.0 Vienna Woods - 87.0 Dowden Terrace
Vienna Aquatic,Week2,Fox Mill Woods,Week1,224.0 Vienna Aquatic - 178.0 Fox Mill Woods
Vienna Woods,Week1,Laurel Hill,Week3,327.0 Vienna Woods - 75.0 Laurel Hill
Vienna Woods,Week2,Laurel Hill,Week5,310.0 Vienna Woods - 92.0 Laurel Hill
Vienna Woods,Week3,Somerset-Olde Creek,Week3,382.0 Vienna Woods - 20.0 Somerset-Olde Creek
Vienna Aquatic,Week3,Fox Mill Estates,Week3,318.0 Vienna Aquatic - 84.0 Fox Mill Estates
Vienna Woods,Week1,Dowden Terrace,Week4,281.0 Vienna Woods - 121.0 Dowden Terrace
Vienna Aquatic,Week1,Fox Mill Woods,Week4,237.0 Vienna Aquatic - 165.0 Fox Mill Woods
Vienna Woods,Week5,Dowden Terrace,Week5,294.0 Vienna Woods - 108.0 Dowden Terrace
Vienna Woods,Week3,Dowden Terrace,Week4,284.0 Vienna Woods - 118.0 Dowden Terrace
Vienna Woods,Week4,Dowden Terrace,Week3,296.0 Vienna Woods - 106.0 Dowden Terrace
Vienna Woods,Week2,Laurel Hill,Week2,354.0 Vienna Woods - 48.0 Laurel Hill
Vienna Woods,Week1,Laurel Hill,Week5,316.0 Vienna Woods - 86.0 Laurel Hill
Vienna Woods,Week2,Laurel Hill,Week1,321.0 Vienna Woods - 81.0 Laurel Hill
Vienna Woods,Week2,Somerset-Olde Creek,Week4,366.0 Vienna Woods - 35.0 Somerset-Olde Creek
Vienna Woods,Week1,Somerset-Olde Creek,Week4,363.0 Vienna Woods - 39.0 Somerset-Olde Creek
Vienna Woods,Week1,Laurel Hill,Week2,345.0 Vienna Woods - 52.0 Laurel Hill
Vienna Woods,Week4,Dowden Terrace,Week1,289.0 Vienna Woods - 112.0 Dowden Terrace
Vienna Woods,Week3,Laurel Hill,Week1,329.0 Vienna Woods - 73.0 Laurel Hill
Vienna Aquatic,Week4,Fox Mill Estates,Week2,323.0 Vienna Aquatic - 79.0 Fox Mill Estates
Vienna Aquatic,Week2,Fox Mill Woods,Week2,256.5 Vienna Aquatic - 145.5 Fox Mill Woods
Vienna Woods,Week5,Langley,Week4,273.0 Vienna Woods - 129.0 Langley
Vienna Aquatic,Week4,Fox Mill Estates,Week5,306.0 Vienna Aquatic - 96.0 Fox Mill Estates
Vienna Woods,Week1,Dowden Terrace,Week3,303.0 Vienna Woods - 99.0 Dowden Terrace
Vienna Aquatic,Week4,Fox Mill Estates,Week3,317.0 Vienna Aquatic - 85.0 Fox Mill Estates
Vienna Aquatic,Week2,Fox Mill Woods,Week3,254.0 Vienna Aquatic - 148.0 Fox Mill Woods
Vienna Woods,Week5,Dowden Terrace,Week1,324.0 Vienna Woods - 77.0 Dowden Terrace
Vienna Woods,Week2,Dowden Terrace,Week4,268.0 Vienna Woods - 134.0 Dowden Terrace
Vienna Aquatic,Week1,Fox Mill Woods,Week5,217.0 Vienna Aquatic - 185.0 Fox Mill Woods
Vienna Woods,Week4,Laurel Hill,Week3,318.0 Vienna Woods - 84.0 Laurel Hill
Vienna Woods,Week3,Laurel Hill,Week3,328.0 Vienna Woods - 74.0 Laurel Hill
Vienna Woods,Week3,Laurel Hill,Week5,324.0 Vienna Woods - 78.0 Laurel Hill
Vienna Aquatic,Week5,Fox Mill Estates,Week5,316.0 Vienna Aquatic - 86.0 Fox Mill Estates
Vienna Woods,Week3,Dowden Terrace,Week2,301.0 Vienna Woods - 101.0 Dowden Terrace
Vienna Woods,Week4,Laurel Hill,Week2,339.0 Vienna Woods - 63.0 Laurel Hill
Vienna Aquatic,Week2,Fox Mill Estates,Week5,308.0 Vienna Aquatic - 94.0 Fox Mill Estates
Vienna Woods,Week3,Dowden Terrace,Week1,307.0 Vienna Woods - 94.0 Dowden Terrace
Vienna Woods,Week5,Langley,Week5,287.0 Vienna Woods - 115.0 Langley
Vienna Woods,Week4,Laurel Hill,Week1,313.0 Vienna Woods - 89.0 Laurel Hill
Vienna Aquatic,Week5,Fox Mill Estates,Week3,325.0 Vienna Aquatic - 77.0 Fox Mill Estates
Vienna Woods,Week2,Dowden Terrace,Week2,284.0 Vienna Woods - 118.0 Dowden Terrace
Vienna Aquatic,Week1,Fox Mill Woods,Week3,237.0 Vienna Aquatic - 165.0 Fox Mill Woods
Vienna Woods,Week2,Dowden Terrace,Week5,256.0 Vienna Woods - 146.0 Dowden Terrace
Vienna Woods,Week1,Dunn Loring,Week1,265.0 Vienna Woods - 132.0 Dunn Loring
Vienna Aquatic,Week3,Fox Mill Estates,Week5,312.0 Vienna Aquatic - 90.0 Fox Mill Estates
Vienna Woods,Week3,Laurel Hill,Week2,360.0 Vienna Woods - 42.0 Laurel Hill
Vienna Woods,Week2,Dunn Loring,Week3,221.0 Vienna Woods - 181.0 Dunn Loring
Vienna Woods,Week1,Fair Oaks ,Week4,306.0 Vienna Woods - 96.0 Fair Oaks
Vienna Aquatic,Week5,Fair Oaks ,Week1,285.0 Vienna Aquatic - 117.0 Fair Oaks
Vienna Aquatic,Week4,Fair Oaks ,Week2,303.0 Vienna Aquatic - 99.0 Fair Oaks
Vienna Aquatic,Week4,Fox Mill Estates,Week4,300.0 Vienna Aquatic - 102.0 Fox Mill Estates
Vienna Woods,Week1,Lee Graham,Week4,211.0 Vienna Woods - 191.0 Lee Graham
Vienna Woods,Week5,Laurel Hill,Week2,361.0 Vienna Woods - 41.0 Laurel Hill
Vienna Woods,Week2,Lincolnia Park,Week1,367.0 Vienna Woods - 35.0 Lincolnia Park
Vienna Woods,Week4,Laurel Hill,Week5,304.0 Vienna Woods - 98.0 Laurel Hill
Vienna Woods,Week5,Laurel Hill,Week4,354.0 Vienna Woods - 48.0 Laurel Hill
Vienna Woods,Week5,Dunn Loring,Week5,258.0 Vienna Woods - 144.0 Dunn Loring
Vienna Aquatic,Week4,Fair Oaks ,Week5,250.0 Vienna Aquatic - 152.0 Fair Oaks
Vienna Woods,Week5,Laurel Hill,Week5,336.0 Vienna Woods - 66.0 Laurel Hill
Vienna Aquatic,Week5,Fair Oaks ,Week3,289.0 Vienna Aquatic - 113.0 Fair Oaks
Vienna Woods,Week2,Lincolnia Park,Week3,350.0 Vienna Woods - 42.0 Lincolnia Park
Vienna Aquatic,Week4,Fair Oaks ,Week4,282.0 Vienna Aquatic - 120.0 Fair Oaks
Vienna Woods,Week2,Dunn Loring,Week4,243.5 Vienna Woods - 158.5 Dunn Loring
Vienna Woods,Week1,Dunn Loring,Week3,228.0 Vienna Woods - 174.0 Dunn Loring
Vienna Woods,Week1,Dunn Loring,Week4,249.0 Vienna Woods - 153.0 Dunn Loring
Vienna Aquatic,Week5,Fair Oaks ,Week2,321.0 Vienna Aquatic - 81.0 Fair Oaks
Vienna Woods,Week2,Dowden Terrace,Week3,295.0 Vienna Woods - 107.0 Dowden Terrace
Vienna Aquatic,Week5,Fox Mill Estates,Week2,333.0 Vienna Aquatic - 68.0 Fox Mill Estates
Vienna Woods,Week1,Lee Graham,Week2,237.0 Vienna Woods - 165.0 Lee Graham
Vienna Aquatic,Week3,Fair Oaks ,Week5,260.0 Vienna Aquatic - 142.0 Fair Oaks
Vienna Woods,Week3,Dunn Loring,Week3,238.0 Vienna Woods - 164.0 Dunn Loring
Vienna Woods,Week1,Laurel Hill,Week1,323.0 Vienna Woods - 79.0 Laurel Hill
Vienna Aquatic,Week2,Fair Oaks ,Week3,252.0 Vienna Aquatic - 150.0 Fair Oaks
Vienna Woods,Week5,Lee Graham,Week4,242.0 Vienna Woods - 160.0 Lee Graham
Vienna Aquatic,Week4,Fair Oaks ,Week3,256.0 Vienna Aquatic - 146.0 Fair Oaks
Vienna Woods,Week4,Lee Graham,Week3,210.0 Lee Graham - 192.0 Vienna Woods
Vienna Woods,Week2,Lincolnia Park,Week4,359.0 Vienna Woods - 42.0 Lincolnia Park
Vienna Woods,Week5,Dunn Loring,Week1,292.5 Vienna Woods - 109.5 Dunn Loring
Vienna Woods,Week2,Dunn Loring,Week5,227.0 Vienna Woods - 175.0 Dunn Loring
Vienna Woods,Week2,Lee Graham,Week1,227.0 Vienna Woods - 175.0 Lee Graham
Vienna Woods,Week1,Fair Oaks ,Week5,283.0 Vienna Woods - 119.0 Fair Oaks
Vienna Woods,Week2,Fair Oaks ,Week3,286.0 Vienna Woods - 116.0 Fair Oaks
Vienna Woods,Week4,Dunn Loring,Week4,220.0 Vienna Woods - 182.0 Dunn Loring
Vienna Woods,Week4,Lee Graham,Week2,203.5 Vienna Woods - 198.5 Lee Graham
Vienna Woods,Week2,Fair Oaks ,Week2,302.0 Vienna Woods - 100.0 Fair Oaks
Vienna Aquatic,Week3,Fair Oaks ,Week4,277.0 Vienna Aquatic - 125.0 Fair Oaks
Vienna Aquatic,Week4,Fox Mill Estates,Week1,332.0 Vienna Aquatic - 70.0 Fox Mill Estates
Vienna Woods,Week1,Lee Graham,Week1,230.0 Vienna Woods - 172.0 Lee Graham
Vienna Woods,Week1,Fair Oaks ,Week2,308.0 Vienna Woods - 94.0 Fair Oaks
Vienna Woods,Week3,Dunn Loring,Week5,242.0 Vienna Woods - 160.0 Dunn Loring
Vienna Woods,Week5,Lee Graham,Week3,246.0 Vienna Woods - 156.0 Lee Graham
Vienna Woods,Week1,Dunn Loring,Week2,236.0 Vienna Woods - 166.0 Dunn Loring
Vienna Woods,Week1,Lincolnia Park,Week3,343.0 Vienna Woods - 50.0 Lincolnia Park
Vienna Woods,Week2,Lincolnia Park,Week5,352.0 Vienna Woods - 40.0 Lincolnia Park
Vienna Woods,Week3,Dunn Loring,Week4,261.0 Vienna Woods - 141.0 Dunn Loring
Vienna Woods,Week3,Lee Graham,Week4,227.0 Vienna Woods - 175.0 Lee Graham
Vienna Aquatic,Week1,Fair Oaks ,Week1,263.5 Vienna Aquatic - 138.5 Fair Oaks
Vienna Woods,Week3,Dunn Loring,Week2,243.0 Vienna Woods - 159.0 Dunn Loring
Vienna Aquatic,Week5,Dunn Loring,Week5,228.0 Vienna Aquatic - 174.0 Dunn Loring
Vienna Woods,Week2,Lee Graham,Week4,209.0 Vienna Woods - 193.0 Lee Graham
Vienna Aquatic,Week4,Fair Oaks ,Week1,271.0 Vienna Aquatic - 131.0 Fair Oaks
Vienna Aquatic,Week1,Fair Oaks ,Week4,273.0 Vienna Aquatic - 129.0 Fair Oaks
Vienna Woods,Week3,Lee Graham,Week5,206.0 Vienna Woods - 196.0 Lee Graham
Vienna Woods,Week5,Dunn Loring,Week4,274.0 Vienna Woods - 128.0 Dunn Loring
Vienna Woods,Week5,Dunn Loring,Week2,268.0 Vienna Woods - 134.0 Dunn Loring
Vienna Aquatic,Week1,Fair Oaks ,Week3,242.0 Vienna Aquatic - 160.0 Fair Oaks
Vienna Woods,Week3,Lincolnia Park,Week1,372.5 Vienna Woods - 29.5 Lincolnia Park
Vienna Aquatic,Week3,Fair Oaks ,Week1,266.0 Vienna Aquatic - 136.0 Fair Oaks
Vienna Woods,Week4,Dunn Loring,Week3,208.0 Vienna Woods - 194.0 Dunn Loring
Vienna Aquatic,Week5,Fair Oaks ,Week4,306.0 Vienna Aquatic - 96.0 Fair Oaks
Vienna Woods,Week3,Lee Graham,Week1,225.0 Vienna Woods - 177.0 Lee Graham
Vienna Woods,Week1,Dunn Loring,Week5,231.0 Vienna Woods - 171.0 Dunn Loring
Vienna Woods,Week5,Lee Graham,Week2,267.0 Vienna Woods - 135.0 Lee Graham
Vienna Aquatic,Week2,Fair Oaks ,Week5,246.0 Vienna Aquatic - 156.0 Fair Oaks
Vienna Woods,Week4,Dunn Loring,Week1,246.0 Vienna Woods - 156.0 Dunn Loring
Vienna Aquatic,Week2,Fair Oaks ,Week4,273.0 Vienna Aquatic - 129.0 Fair Oaks
Vienna Aquatic,Week2,Fair Oaks ,Week2,286.0 Vienna Aquatic - 116.0 Fair Oaks
Vienna Woods,Week2,Dunn Loring,Week2,229.0 Vienna Woods - 173.0 Dunn Loring
Vienna Woods,Week2,Lee Graham,Week5,207.0 Vienna Woods - 195.0 Lee Graham
Vienna Woods,Week5,Dunn Loring,Week3,274.0 Vienna Woods - 128.0 Dunn Loring
Vienna Woods,Week3,Lee Graham,Week2,218.0 Vienna Woods - 184.0 Lee Graham
Vienna Aquatic,Week5,Fair Oaks ,Week5,272.0 Vienna Aquatic - 130.0 Fair Oaks
Vienna Aquatic,Week2,Fair Oaks ,Week1,261.0 Vienna Aquatic - 141.0 Fair Oaks
Vienna Woods,Week4,Dunn Loring,Week2,214.0 Vienna Woods - 188.0 Dunn Loring
Vienna Woods,Week4,Lee Graham,Week4,203.0 Lee Graham - 199.0 Vienna Woods
Vienna Aquatic,Week1,Fair Oaks ,Week5,243.0 Vienna Aquatic - 159.0 Fair Oaks
Vienna Aquatic,Week3,Fair Oaks ,Week2,299.0 Vienna Aquatic - 103.0 Fair Oaks
Vienna Woods,Week5,Lee Graham,Week5,235.0 Vienna Woods - 167.0 Lee Graham
Vienna Woods,Week5,Lee Graham,Week1,261.0 Vienna Woods - 141.0 Lee Graham
Vienna Woods,Week3,Dunn Loring,Week1,269.0 Vienna Woods - 133.0 Dunn Loring
Vienna Woods,Week2,Dunn Loring,Week1,259.0 Vienna Woods - 143.0 Dunn Loring
Vienna Woods,Week4,Fair Oaks ,Week1,265.0 Vienna Woods - 137.0 Fair Oaks
Vienna Woods,Week4,Lee Graham,Week1,212.0 Vienna Woods - 190.0 Lee Graham
Vienna Woods,Week1,Lincolnia Park,Week1,357.0 Vienna Woods - 45.0 Lincolnia Park
Vienna Aquatic,Week3,Fair Oaks ,Week3,264.0 Vienna Aquatic - 138.0 Fair Oaks
Vienna Woods,Week1,Lincolnia Park,Week2,356.0 Vienna Woods - 37.0 Lincolnia Park
Vienna Woods,Week4,Dunn Loring,Week5,202.0 Vienna Woods - 200.0 Dunn Loring
Vienna Aquatic,Week1,Fair Oaks ,Week2,292.0 Vienna Aquatic - 110.0 Fair Oaks
Vienna Aquatic,Week5,Little Rocky Run,Week3,259.0 Vienna Aquatic - 143.0 Little Rocky Run
Vienna Woods,Week1,Fair Oaks ,Week1,289.0 Vienna Woods - 113.0 Fair Oaks
Vienna Woods,Week1,Fair Oaks ,Week3,284.0 Vienna Woods - 118.0 Fair Oaks
Vienna Woods,Week4,Lee Graham,Week5,210.5 Lee Graham - 191.5 Vienna Woods
Vienna Aquatic,Week5,Little Rocky Run,Week5,240.0 Vienna Aquatic - 162.0 Little Rocky Run
Vienna Woods,Week2,Fair Oaks ,Week1,290.0 Vienna Woods - 112.0 Fair Oaks
Vienna Aquatic,Week5,Little Hunting Park,Week5,326.0 Vienna Aquatic - 75.0 Little Hunting Park
Vienna Woods,Week3,Lee Graham,Week3,212.5 Vienna Woods - 189.5 Lee Graham
Vienna Woods,Week5,Fair Oaks ,Week3,309.0 Vienna Woods - 93.0 Fair Oaks
Vienna Woods,Week5,Fair Oaks ,Week4,321.0 Vienna Woods - 81.0 Fair Oaks
Vienna Woods,Week5,Fair Oaks ,Week1,312.0 Vienna Woods - 90.0 Fair Oaks
Vienna Aquatic,Week4,Little Rocky Run,Week3,223.0 Vienna Aquatic - 179.0 Little Rocky Run
Vienna Aquatic,Week1,Little Rocky Run,Week1,229.0 Vienna Aquatic - 173.0 Little Rocky Run
Vienna Aquatic,Week2,Little Rocky Run,Week3,214.0 Vienna Aquatic - 188.0 Little Rocky Run
Vienna Woods,Week2,Fair Oaks ,Week5,262.0 Vienna Woods - 140.0 Fair Oaks
Vienna Woods,Week1,Fairfax,Week3,216.0 Vienna Woods - 186.0 Fairfax
Vienna Woods,Week3,Fairfax,Week4,254.0 Vienna Woods - 148.0 Fairfax
Vienna Woods,Week4,Lincolnia Park,Week1,352.0 Vienna Woods - 45.0 Lincolnia Park
Vienna Woods,Week2,Little Hunting Park,Week5,319.0 Vienna Woods - 83.0 Little Hunting Park
Vienna Woods,Week1,Little Hunting Park,Week3,342.0 Vienna Woods - 60.0 Little Hunting Park
Vienna Woods,Week4,Lincolnia Park,Week4,357.0 Vienna Woods - 40.0 Lincolnia Park
Vienna Aquatic,Week3,Little Rocky Run,Week2,259.0 Vienna Aquatic - 143.0 Little Rocky Run
Vienna Aquatic,Week2,Little Rocky Run,Week5,204.0 Vienna Aquatic - 198.0 Little Rocky Run
Vienna Woods,Week3,Lincolnia Park,Week4,369.0 Vienna Woods - 33.0 Lincolnia Park
Vienna Aquatic,Week1,Little Rocky Run,Week4,223.0 Vienna Aquatic - 179.0 Little Rocky Run
Vienna Woods,Week4,Lincolnia Park,Week3,335.0 Vienna Woods - 53.0 Lincolnia Park
Vienna Aquatic,Week1,Little Rocky Run,Week2,226.0 Vienna Aquatic - 176.0 Little Rocky Run
Vienna Aquatic,Week5,Little Rocky Run,Week1,266.0 Vienna Aquatic - 136.0 Little Rocky Run
Vienna Woods,Week2,Little Hunting Park,Week2,331.0 Vienna Woods - 70.0 Little Hunting Park
Vienna Woods,Week3,Fairfax,Week2,233.0 Vienna Woods - 169.0 Fairfax
Vienna Aquatic,Week4,Little Rocky Run,Week5,211.0 Vienna Aquatic - 191.0 Little Rocky Run
Vienna Aquatic,Week2,Little Rocky Run,Week1,245.0 Vienna Aquatic - 157.0 Little Rocky Run
Vienna Woods,Week3,Fairfax,Week1,254.0 Vienna Woods - 148.0 Fairfax
Vienna Woods,Week3,Lincolnia Park,Week3,356.0 Vienna Woods - 37.0 Lincolnia Park
Vienna Woods,Week1,Fairfax,Week5,216.0 Vienna Woods - 186.0 Fairfax
Vienna Woods,Week3,Fair Oaks ,Week3,294.0 Vienna Woods - 108.0 Fair Oaks
Vienna Woods,Week1,Fairfax,Week1,242.0 Vienna Woods - 160.0 Fairfax
Vienna Woods,Week3,Lincolnia Park,Week5,357.0 Vienna Woods - 36.0 Lincolnia Park
Vienna Aquatic,Week3,Little Rocky Run,Week5,217.0 Vienna Aquatic - 185.0 Little Rocky Run
Vienna Woods,Week2,Lincolnia Park,Week2,362.0 Vienna Woods - 30.0 Lincolnia Park
Vienna Woods,Week1,Lincolnia Park,Week4,363.0 Vienna Woods - 39.0 Lincolnia Park
Vienna Aquatic,Week3,Little Rocky Run,Week1,247.0 Vienna Aquatic - 155.0 Little Rocky Run
Vienna Woods,Week3,Fairfax,Week3,224.0 Vienna Woods - 178.0 Fairfax
Vienna Aquatic,Week5,Little Hunting Park,Week3,343.0 Vienna Aquatic - 59.0 Little Hunting Park
Vienna Woods,Week1,Lincolnia Park,Week5,349.0 Vienna Woods - 44.0 Lincolnia Park
Vienna Woods,Week2,Lee Graham,Week3,207.0 Vienna Woods - 195.0 Lee Graham
Vienna Woods,Week4,Fair Oaks ,Week2,288.0 Vienna Woods - 114.0 Fair Oaks
Vienna Aquatic,Week1,Little Rocky Run,Week3,214.0 Vienna Aquatic - 188.0 Little Rocky Run
Vienna Woods,Week5,Lincolnia Park,Week3,359.0 Vienna Woods - 34.0 Lincolnia Park
Vienna Woods,Week5,Lincolnia Park,Week5,359.0 Vienna Woods - 34.0 Lincolnia Park
Vienna Woods,Week3,Fair Oaks ,Week2,315.0 Vienna Woods - 87.0 Fair Oaks
Vienna Woods,Week1,Fairfax,Week2,241.0 Vienna Woods - 161.0 Fairfax
Vienna Woods,Week2,Fair Oaks ,Week4,295.0 Vienna Woods - 107.0 Fair Oaks
Vienna Aquatic,Week5,Little Rocky Run,Week4,264.0 Vienna Aquatic - 138.0 Little Rocky Run
Vienna Aquatic,Week5,Little Rocky Run,Week2,273.0 Vienna Aquatic - 129.0 Little Rocky Run
Vienna Woods,Week3,Fair Oaks ,Week5,275.0 Vienna Woods - 127.0 Fair Oaks
Vienna Woods,Week1,Little Hunting Park,Week1,335.0 Vienna Woods - 67.0 Little Hunting Park
Vienna Woods,Week3,Lincolnia Park,Week2,373.0 Vienna Woods - 20.0 Lincolnia Park
Vienna Woods,Week3,Little Hunting Park,Week1,357.0 Vienna Woods - 44.0 Little Hunting Park
Vienna Aquatic,Week3,Little Rocky Run,Week3,239.0 Vienna Aquatic - 163.0 Little Rocky Run
Vienna Woods,Week4,Lincolnia Park,Week2,365.0 Vienna Woods - 23.0 Lincolnia Park
Vienna Aquatic,Week4,Little Rocky Run,Week2,247.0 Vienna Aquatic - 155.0 Little Rocky Run
Vienna Woods,Week2,Fairfax,Week3,213.0 Vienna Woods - 188.0 Fairfax
Vienna Woods,Week4,Fair Oaks ,Week3,267.0 Vienna Woods - 135.0 Fair Oaks
Vienna Woods,Week4,Little Hunting Park,Week4,340.0 Vienna Woods - 62.0 Little Hunting Park
Vienna Aquatic,Week2,Little Rocky Run,Week2,239.0 Vienna Aquatic - 163.0 Little Rocky Run
Vienna Woods,Week5,Fair Oaks ,Week5,307.0 Vienna Woods - 95.0 Fair Oaks
Vienna Woods,Week2,Fairfax,Week2,219.0 Vienna Woods - 183.0 Fairfax
Vienna Aquatic,Week1,Long Branch,Week5,309.0 Vienna Aquatic - 93.0 Long Branch
Vienna Aquatic,Week5,Little Hunting Park,Week4,341.0 Vienna Aquatic - 61.0 Little Hunting Park
Vienna Woods,Week5,Lincolnia Park,Week2,371.0 Vienna Woods - 21.0 Lincolnia Park
Vienna Woods,Week4,Fair Oaks ,Week5,253.0 Vienna Woods - 149.0 Fair Oaks
Vienna Aquatic,Week3,Little Rocky Run,Week4,239.0 Vienna Aquatic - 163.0 Little Rocky Run
Vienna Aquatic,Week2,Little Rocky Run,Week4,217.0 Vienna Aquatic - 185.0 Little Rocky Run
Vienna Woods,Week5,Lincolnia Park,Week4,368.0 Vienna Woods - 34.0 Lincolnia Park
Vienna Aquatic,Week4,Little Rocky Run,Week4,235.0 Vienna Aquatic - 167.0 Little Rocky Run
Vienna Aquatic,Week1,Little Rocky Run,Week5,207.0 Little Rocky Run - 195.0 Vienna Aquatic
Vienna Woods,Week3,Fair Oaks ,Week4,307.0 Vienna Woods - 95.0 Fair Oaks
Vienna Woods,Week2,Little Hunting Park,Week3,345.0 Vienna Woods - 57.0 Little Hunting Park
Vienna Woods,Week1,Little Hunting Park,Week4,343.0 Vienna Woods - 59.0 Little Hunting Park
Vienna Woods,Week2,Fairfax,Week1,243.0 Vienna Woods - 159.0 Fairfax
Vienna Woods,Week3,Fairfax,Week5,202.0 Vienna Woods - 200.0 Fairfax
Vienna Woods,Week4,Lincolnia Park,Week5,341.0 Vienna Woods - 52.0 Lincolnia Park
Vienna Woods,Week4,Little Hunting Park,Week2,329.0 Vienna Woods - 73.0 Little Hunting Park
Vienna Aquatic,Week4,Little Rocky Run,Week1,236.0 Vienna Aquatic - 166.0 Little Rocky Run
Vienna Woods,Week2,Little Hunting Park,Week1,342.0 Vienna Woods - 56.0 Little Hunting Park
Vienna Woods,Week3,Fair Oaks ,Week1,299.0 Vienna Woods - 103.0 Fair Oaks
Vienna Aquatic,Week2,Mansion House,Week2,253.0 Vienna Aquatic - 149.0 Mansion House
Vienna Woods,Week3,Little Hunting Park,Week2,345.0 Vienna Woods - 57.0 Little Hunting Park
Vienna Woods,Week5,Lincolnia Park,Week1,366.5 Vienna Woods - 35.5 Lincolnia Park
Vienna Aquatic,Week5,Long Branch,Week2,318.0 Vienna Aquatic - 84.0 Long Branch
Vienna Woods,Week2,Fairfax,Week4,247.0 Vienna Woods - 154.0 Fairfax
Vienna Aquatic,Week5,Long Branch,Week4,318.0 Vienna Aquatic - 84.0 Long Branch
Vienna Woods,Week2,Fairfax,Week5,207.0 Vienna Woods - 194.0 Fairfax
Vienna Aquatic,Week2,Mansion House,Week1,248.0 Vienna Aquatic - 154.0 Mansion House
Vienna Woods,Week3,Fairfax Club Estates,Week4,324.5 Vienna Woods - 77.5 Fairfax Club Estates
Vienna Aquatic,Week1,Mansion House,Week2,259.0 Vienna Aquatic - 143.0 Mansion House
Vienna Aquatic,Week1,Long Branch,Week3,322.0 Vienna Aquatic - 80.0 Long Branch
Vienna Woods,Week1,Fairfax,Week4,248.0 Vienna Woods - 154.0 Fairfax
Vienna Woods,Week2,Little Hunting Park,Week4,338.0 Vienna Woods - 63.0 Little Hunting Park
Vienna Woods,Week1,Little Hunting Park,Week5,326.0 Vienna Woods - 76.0 Little Hunting Park
Vienna Woods,Week1,Little Hunting Park,Week2,338.0 Vienna Woods - 64.0 Little Hunting Park
Vienna Woods,Week4,Fairfax Club Estates,Week2,319.0 Vienna Woods - 83.0 Fairfax Club Estates
Vienna Woods,Week4,Fair Oaks ,Week4,280.0 Vienna Woods - 122.0 Fair Oaks
Vienna Aquatic,Week1,Mansion House,Week4,266.0 Vienna Aquatic - 136.0 Mansion House
Vienna Woods,Week2,Little Rocky Run,Week4,230.0 Vienna Woods - 172.0 Little Rocky Run
Vienna Woods,Week3,Little Hunting Park,Week3,354.0 Vienna Woods - 48.0 Little Hunting Park
Vienna Woods,Week5,Fair Oaks ,Week2,330.0 Vienna Woods - 72.0 Fair Oaks
Vienna Aquatic,Week1,Mansion House,Week1,256.0 Vienna Aquatic - 146.0 Mansion House
Vienna Woods,Week3,Fairfax Club Estates,Week2,331.0 Vienna Woods - 71.0 Fairfax Club Estates
Vienna Woods,Week2,Little Rocky Run,Week2,241.0 Vienna Woods - 161.0 Little Rocky Run
Vienna Aquatic,Week3,Long Branch,Week5,303.0 Vienna Aquatic - 99.0 Long Branch
Vienna Woods,Week2,Fairfax Club Estates,Week2,326.0 Vienna Woods - 75.0 Fairfax Club Estates
Vienna Woods,Week1,Fairfax Club Estates,Week1,329.0 Vienna Woods - 68.0 Fairfax Club Estates
Vienna Aquatic,Week3,Long Branch,Week1,306.0 Vienna Aquatic - 96.0 Long Branch
Vienna Woods,Week5,Fairfax,Week4,273.0 Vienna Woods - 129.0 Fairfax
Vienna Woods,Week4,Fairfax,Week3,216.0 Vienna Woods - 186.0 Fairfax
Vienna Woods,Week4,Little Hunting Park,Week5,318.0 Vienna Woods - 84.0 Little Hunting Park
Vienna Woods,Week3,Little Hunting Park,Week5,331.0 Vienna Woods - 71.0 Little Hunting Park
Vienna Woods,Week2,Fairfax Club Estates,Week3,319.0 Vienna Woods - 82.0 Fairfax Club Estates
Vienna Aquatic,Week1,Long Branch,Week1,313.0 Vienna Aquatic - 89.0 Long Branch
Vienna Woods,Week4,Fairfax,Week5,202.0 Vienna Woods - 200.0 Fairfax
Vienna Woods,Week3,Little Rocky Run,Week1,240.0 Vienna Woods - 162.0 Little Rocky Run
Vienna Aquatic,Week4,Long Branch,Week5,298.0 Vienna Aquatic - 104.0 Long Branch
Vienna Woods,Week4,Fairfax Club Estates,Week4,298.5 Vienna Woods - 103.5 Fairfax Club Estates
Vienna Aquatic,Week1,Long Branch,Week4,311.0 Vienna Aquatic - 91.0 Long Branch
Vienna Woods,Week5,Little Hunting Park,Week1,360.5 Vienna Woods - 40.5 Little Hunting Park
Vienna Woods,Week3,Little Rocky Run,Week2,248.0 Vienna Woods - 154.0 Little Rocky Run
Vienna Woods,Week4,Fairfax,Week1,230.0 Vienna Woods - 172.0 Fairfax
Vienna Aquatic,Week2,Long Branch,Week4,306.0 Vienna Aquatic - 96.0 Long Branch
Vienna Woods,Week2,Fairfax Club Estates,Week1,325.0 Vienna Woods - 77.0 Fairfax Club Estates
Vienna Woods,Week3,Fairfax Club Estates,Week5,327.0 Vienna Woods - 74.0 Fairfax Club Estates
Vienna Aquatic,Week1,Long Branch,Week2,303.0 Vienna Aquatic - 99.0 Long Branch
Vienna Woods,Week3,Little Hunting Park,Week4,353.0 Vienna Woods - 49.0 Little Hunting Park
Vienna Woods,Week1,Little Rocky Run,Week1,227.0 Vienna Woods - 175.0 Little Rocky Run
Vienna Aquatic,Week4,Long Branch,Week3,304.0 Vienna Aquatic - 98.0 Long Branch
Vienna Woods,Week1,Fairfax Club Estates,Week2,339.0 Vienna Woods - 63.0 Fairfax Club Estates
Vienna Woods,Week5,Fairfax,Week5,252.5 Vienna Woods - 149.5 Fairfax
Vienna Aquatic,Week5,Long Branch,Week1,321.0 Vienna Aquatic - 81.0 Long Branch
Vienna Woods,Week5,Little Hunting Park,Week2,348.0 Vienna Woods - 54.0 Little Hunting Park
Vienna Aquatic,Week2,Long Branch,Week1,299.0 Vienna Aquatic - 103.0 Long Branch
Vienna Woods,Week1,Little Rocky Run,Week5,217.0 Vienna Woods - 185.0 Little Rocky Run
Vienna Aquatic,Week2,Long Branch,Week2,304.0 Vienna Aquatic - 98.0 Long Branch
Vienna Aquatic,Week2,Long Branch,Week3,305.0 Vienna Aquatic - 97.0 Long Branch
Vienna Woods,Week4,Little Hunting Park,Week3,342.0 Vienna Woods - 60.0 Little Hunting Park
Vienna Woods,Week4,Little Rocky Run,Week1,213.0 Vienna Woods - 189.0 Little Rocky Run
Vienna Woods,Week4,Fairfax,Week2,227.5 Vienna Woods - 174.5 Fairfax
Vienna Woods,Week4,Little Hunting Park,Week1,341.0 Vienna Woods - 60.0 Little Hunting Park
Vienna Aquatic,Week3,Long Branch,Week2,312.0 Vienna Aquatic - 90.0 Long Branch
Vienna Woods,Week2,Little Rocky Run,Week5,205.0 Vienna Woods - 197.0 Little Rocky Run
Vienna Woods,Week1,Fairfax Club Estates,Week4,326.0 Vienna Woods - 71.0 Fairfax Club Estates
Vienna Woods,Week4,Fairfax,Week4,245.0 Vienna Woods - 157.0 Fairfax
Vienna Woods,Week5,Fairfax,Week3,256.0 Vienna Woods - 146.0 Fairfax
Vienna Woods,Week5,Little Hunting Park,Week5,344.0 Vienna Woods - 58.0 Little Hunting Park
Vienna Aquatic,Week4,Long Branch,Week2,297.0 Vienna Aquatic - 105.0 Long Branch
Vienna Woods,Week1,Little Rocky Run,Week3,227.0 Vienna Woods - 175.0 Little Rocky Run
Vienna Woods,Week5,Fairfax,Week2,255.0 Vienna Woods - 147.0 Fairfax
Vienna Woods,Week5,Fairfax,Week1,279.5 Vienna Woods - 122.5 Fairfax
Vienna Aquatic,Week5,Long Branch,Week5,320.0 Vienna Aquatic - 82.0 Long Branch
Vienna Aquatic,Week3,Long Branch,Week3,312.0 Vienna Aquatic - 90.0 Long Branch
Vienna Woods,Week1,Fairfax Club Estates,Week5,326.0 Vienna Woods - 71.0 Fairfax Club Estates
Vienna Aquatic,Week2,Long Branch,Week5,296.0 Vienna Aquatic - 106.0 Long Branch
Vienna Woods,Week2,Fairfax Club Estates,Week4,313.0 Vienna Woods - 88.0 Fairfax Club Estates
Vienna Woods,Week2,Little Rocky Run,Week3,214.0 Vienna Woods - 188.0 Little Rocky Run
Vienna Woods,Week3,Fairfax Club Estates,Week1,329.0 Vienna Woods - 73.0 Fairfax Club Estates
Vienna Aquatic,Week1,Mansion House,Week3,246.5 Vienna Aquatic - 155.5 Mansion House
Vienna Woods,Week4,Fairfax Club Estates,Week3,317.0 Vienna Woods - 85.0 Fairfax Club Estates
Vienna Aquatic,Week4,Long Branch,Week4,302.0 Vienna Aquatic - 100.0 Long Branch
Vienna Woods,Week5,Little Hunting Park,Week4,359.0 Vienna Woods - 43.0 Little Hunting Park
Vienna Aquatic,Week2,Mansion House,Week3,245.0 Vienna Aquatic - 157.0 Mansion House
Vienna Woods,Week5,Little Hunting Park,Week3,357.0 Vienna Woods - 45.0 Little Hunting Park
Vienna Woods,Week4,Fairfax Club Estates,Week1,314.0 Vienna Woods - 88.0 Fairfax Club Estates
Vienna Woods,Week3,Fairfax Club Estates,Week3,331.0 Vienna Woods - 71.0 Fairfax Club Estates
Vienna Woods,Week1,Little Rocky Run,Week2,240.5 Vienna Woods - 161.5 Little Rocky Run
Vienna Aquatic,Week5,Long Branch,Week3,325.0 Vienna Aquatic - 77.0 Long Branch
Vienna Aquatic,Week2,Mansion House,Week4,263.0 Vienna Aquatic - 139.0 Mansion House
Vienna Woods,Week2,Little Rocky Run,Week1,224.0 Vienna Woods - 178.0 Little Rocky Run
Vienna Woods,Week4,Little Rocky Run,Week3,204.0 Little Rocky Run - 198.0 Vienna Woods
Vienna Aquatic,Week4,Long Branch,Week1,302.0 Vienna Aquatic - 100.0 Long Branch
Vienna Aquatic,Week3,Long Branch,Week4,312.0 Vienna Aquatic - 90.0 Long Branch
Vienna Woods,Week3,Little Rocky Run,Week3,236.0 Vienna Woods - 166.0 Little Rocky Run
Vienna Aquatic,Week1,Mansion House,Week5,247.0 Vienna Aquatic - 155.0 Mansion House
Vienna Woods,Week2,Fairfax Club Estates,Week5,316.0 Vienna Woods - 82.0 Fairfax Club Estates
Vienna Woods,Week4,Little Rocky Run,Week2,223.0 Vienna Woods - 179.0 Little Rocky Run
Vienna Woods,Week1,Fairfax Club Estates,Week3,334.0 Vienna Woods - 68.0 Fairfax Club Estates
Vienna Woods,Week3,Little Rocky Run,Week5,227.0 Vienna Woods - 175.0 Little Rocky Run
Vienna Woods,Week1,Little Rocky Run,Week4,238.0 Vienna Woods - 164.0 Little Rocky Run
Vienna Woods,Week4,Little Rocky Run,Week5,198.5 Little Rocky Run - 198.5 Vienna Woods
Vienna Woods,Week4,Wakefield Chapel,Week1,218.0 Wakefield Chapel - 184.0 Vienna Woods
Vienna Woods,Week5,Little Rocky Run,Week2,280.0 Vienna Woods - 122.0 Little Rocky Run
Vienna Woods,Week5,Little Rocky Run,Week3,263.0 Vienna Woods - 139.0 Little Rocky Run
Vienna Woods,Week4,Fairfax Station,Week4,215.0 Vienna Woods - 187.0 Fairfax Station
Vienna Woods,Week2,Fairfax Station,Week5,214.0 Fairfax Station - 188.0 Vienna Woods
Vienna Woods,Week5,Fairfax Station,Week3,237.0 Vienna Woods - 165.0 Fairfax Station
Vienna Aquatic,Week5,Lakeview,Week1,377.0 Vienna Aquatic - 25.0 Lakeview
Vienna Woods,Week5,Fairfax Club Estates,Week1,336.0 Vienna Woods - 66.0 Fairfax Club Estates
Vienna Woods,Week3,Fairfax Station,Week3,210.0 Vienna Woods - 192.0 Fairfax Station
Vienna Aquatic,Week1,Lakeview,Week5,352.0 Vienna Aquatic - 41.0 Lakeview
Vienna Woods,Week4,Little Rocky Run,Week4,209.0 Vienna Woods - 193.0 Little Rocky Run
Vienna Aquatic,Week2,Mansion House,Week5,245.0 Vienna Aquatic - 157.0 Mansion House
Vienna Aquatic,Week3,Mansion House,Week1,254.0 Vienna Aquatic - 148.0 Mansion House
Vienna Woods,Week1,Walden Glen,Week3,313.0 Vienna Woods - 89.0 Walden Glen
Vienna Aquatic,Week5,Lakevale Estates,Week5,235.0 Vienna Aquatic - 167.0 Lakevale Estates
Vienna Woods,Week5,Little Rocky Run,Week1,269.0 Vienna Woods - 133.0 Little Rocky Run
Vienna Woods,Week3,Fairfax Station,Week2,236.0 Vienna Woods - 166.0 Fairfax Station
Vienna Woods,Week3,Little Rocky Run,Week4,251.0 Vienna Woods - 151.0 Little Rocky Run
Vienna Aquatic,Week4,Lakeview,Week2,371.0 Vienna Aquatic - 31.0 Lakeview
Vienna Aquatic,Week5,Lakevale Estates,Week2,256.0 Vienna Aquatic - 146.0 Lakevale Estates
Vienna Woods,Week2,Fairfax Station,Week2,212.0 Vienna Woods - 190.0 Fairfax Station
Vienna Woods,Week4,Wakefield Chapel,Week2,209.5 Wakefield Chapel - 192.5 Vienna Woods
Vienna Aquatic,Week5,Lakeview,Week3,363.0 Vienna Aquatic - 39.0 Lakeview
Vienna Aquatic,Week5,Lakeview,Week5,361.0 Vienna Aquatic - 32.0 Lakeview
Vienna Woods,Week5,Little Rocky Run,Week5,248.0 Vienna Woods - 154.0 Little Rocky Run
Vienna Aquatic,Week1,Langley,Week5,236.0 Vienna Aquatic - 166.0 Langley
Vienna Woods,Week5,Little Rocky Run,Week4,270.5 Vienna Woods - 131.5 Little Rocky Run
Vienna Woods,Week5,Walden Glen,Week2,345.0 Vienna Woods - 57.0 Walden Glen
Vienna Woods,Week2,Walden Glen,Week4,313.5 Vienna Woods - 87.5 Walden Glen
Vienna Woods,Week4,Long Branch,Week2,306.0 Vienna Woods - 96.0 Long Branch
Vienna Woods,Week1,Forest Hollow,Week2,300.0 Vienna Woods - 97.0 Forest Hollow
Vienna Aquatic,Week3,Dowden Terrace,Week1,288.0 Vienna Aquatic - 114.0 Dowden Terrace
Vienna Aquatic,Week1,Langley,Week2,233.0 Vienna Aquatic - 169.0 Langley
Vienna Woods,Week5,Walden Glen,Week5,327.0 Vienna Woods - 75.0 Walden Glen
Vienna Woods,Week4,Walden Glen,Week4,308.0 Vienna Woods - 89.0 Walden Glen
Vienna Aquatic,Week5,Lakevale Estates,Week4,237.5 Vienna Aquatic - 164.5 Lakevale Estates
Vienna Woods,Week2,Mansion House,Week2,266.0 Vienna Woods - 135.0 Mansion House
Vienna Aquatic,Week2,Lakeview,Week4,332.0 Vienna Aquatic - 70.0 Lakeview
Vienna Aquatic,Week3,Dowden Terrace,Week3,295.5 Vienna Aquatic - 106.5 Dowden Terrace
Vienna Woods,Week1,Mansion House,Week3,265.0 Vienna Woods - 137.0 Mansion House
Vienna Woods,Week4,Fairfax Club Estates,Week5,307.0 Vienna Woods - 94.0 Fairfax Club Estates
Vienna Woods,Week3,Fairfax Station,Week1,239.0 Vienna Woods - 163.0 Fairfax Station
Vienna Aquatic,Week1,Dowden Terrace,Week4,252.0 Vienna Aquatic - 150.0 Dowden Terrace
Vienna Woods,Week3,Walden Glen,Week3,325.0 Vienna Woods - 77.0 Walden Glen
Vienna Woods,Week5,Long Branch,Week2,345.0 Vienna Woods - 57.0 Long Branch
Vienna Aquatic,Week2,Dowden Terrace,Week4,264.0 Vienna Aquatic - 138.0 Dowden Terrace
Vienna Woods,Week1,Mansion House,Week5,266.0 Vienna Woods - 136.0 Mansion House
Vienna Woods,Week4,Fairfax Station,Week3,210.0 Fairfax Station - 192.0 Vienna Woods
Vienna Woods,Week4,Fairfax Station,Week1,206.0 Vienna Woods - 196.0 Fairfax Station
Vienna Woods,Week4,Long Branch,Week5,301.0 Vienna Woods - 101.0 Long Branch
Vienna Woods,Week1,Fairfax Station,Week4,231.0 Vienna Woods - 171.0 Fairfax Station
Vienna Woods,Week5,Fairfax Club Estates,Week5,335.0 Vienna Woods - 66.0 Fairfax Club Estates
Vienna Aquatic,Week2,Dowden Terrace,Week1,281.0 Vienna Aquatic - 121.0 Dowden Terrace
Vienna Woods,Week3,Wakefield Chapel,Week5,202.0 Wakefield Chapel - 200.0 Vienna Woods
Vienna Woods,Week3,Walden Glen,Week5,307.0 Vienna Woods - 95.0 Walden Glen
Vienna Aquatic,Week4,Dowden Terrace,Week2,278.0 Vienna Aquatic - 124.0 Dowden Terrace
Vienna Aquatic,Week5,Donaldson Run,Week3,246.0 Vienna Aquatic - 156.0 Donaldson Run
Vienna Woods,Week5,Wakefield Chapel,Week5,239.0 Vienna Woods - 163.0 Wakefield Chapel
Vienna Aquatic,Week2,Langley,Week2,229.0 Vienna Aquatic - 173.0 Langley
Vienna Aquatic,Week1,Dowden Terrace,Week3,292.0 Vienna Aquatic - 110.0 Dowden Terrace
Vienna Woods,Week5,Long Branch,Week5,339.0 Vienna Woods - 63.0 Long Branch
Vienna Woods,Week2,Fairfax Station,Week4,222.0 Vienna Woods - 180.0 Fairfax Station
Vienna Aquatic,Week3,Lakeview,Week1,365.0 Vienna Aquatic - 37.0 Lakeview
Vienna Woods,Week3,Fairfax Station,Week5,205.5 Vienna Woods - 196.5 Fairfax Station
Vienna Aquatic,Week5,Lakevale Estates,Week3,244.0 Vienna Aquatic - 158.0 Lakevale Estates
Vienna Aquatic,Week2,Lakeview,Week1,365.0 Vienna Aquatic - 37.0 Lakeview
Vienna Aquatic,Week4,Vienna Woods,Week2,212.5 Vienna Woods - 189.5 Vienna Aquatic
Vienna Aquatic,Week2,Dowden Terrace,Week2,273.0 Vienna Aquatic - 129.0 Dowden Terrace
Vienna Woods,Week2,Fairfax Station,Week3,207.0 Fairfax Station - 195.0 Vienna Woods
Vienna Aquatic,Week1,Villa Aquatic,Week4,279.0 Vienna Aquatic - 123.0 Villa Aquatic
Vienna Woods,Week3,Wakefield Chapel,Week4,227.0 Vienna Woods - 175.0 Wakefield Chapel
Vienna Aquatic,Week3,Villa Aquatic,Week5,278.0 Vienna Aquatic - 124.0 Villa Aquatic
Vienna Woods,Week2,Long Branch,Week1,310.0 Vienna Woods - 91.0 Long Branch
Vienna Woods,Week1,Walden Glen,Week2,319.0 Vienna Woods - 82.0 Walden Glen
Vienna Aquatic,Week4,Lakeview,Week4,346.0 Vienna Aquatic - 56.0 Lakeview
Vienna Aquatic,Week2,Langley,Week5,221.0 Vienna Aquatic - 181.0 Langley
Vienna Woods,Week4,Long Branch,Week1,309.0 Vienna Woods - 88.0 Long Branch
Vienna Woods,Week4,Long Branch,Week3,319.0 Vienna Woods - 83.0 Long Branch
Vienna Woods,Week4,Fairfax Station,Week2,201.0 Fairfax Station - 201.0 Vienna Woods
Vienna Aquatic,Week3,Lakeview,Week2,369.0 Vienna Aquatic - 33.0 Lakeview
Vienna Woods,Week5,Fairfax Club Estates,Week3,341.0 Vienna Woods - 61.0 Fairfax Club Estates
Vienna Woods,Week2,Walden Glen,Week2,321.0 Vienna Woods - 81.0 Walden Glen
Vienna Woods,Week1,Fairfax Station,Week1,230.0 Vienna Woods - 172.0 Fairfax Station
Vienna Woods,Week3,Fairfax Station,Week4,237.0 Vienna Woods - 165.0 Fairfax Station
Vienna Aquatic,Week1,Lakeview,Week2,379.0 Vienna Aquatic - 23.0 Lakeview
Vienna Aquatic,Week2,Lakeview,Week2,366.0 Vienna Aquatic - 36.0 Lakeview
Vienna Aquatic,Week5,Donaldson Run,Week4,247.0 Vienna Aquatic - 155.0 Donaldson Run
Vienna Woods,Week1,Walden Glen,Week4,314.0 Vienna Woods - 88.0 Walden Glen
Vienna Woods,Week3,Walden Glen,Week2,330.0 Vienna Woods - 72.0 Walden Glen
Vienna Woods,Week2,Long Branch,Week2,314.0 Vienna Woods - 87.0 Long Branch
Vienna Aquatic,Week2,Dowden Terrace,Week5,244.0 Vienna Aquatic - 158.0 Dowden Terrace
Vienna Aquatic,Week1,Dowden Terrace,Week2,283.0 Vienna Aquatic - 119.0 Dowden Terrace
Vienna Aquatic,Week3,Dowden Terrace,Week2,290.5 Vienna Aquatic - 111.5 Dowden Terrace
Vienna Woods,Week3,Long Branch,Week5,326.5 Vienna Woods - 75.5 Long Branch
Vienna Woods,Week1,Mansion House,Week1,264.0 Vienna Woods - 138.0 Mansion House
Vienna Woods,Week5,Fairfax Club Estates,Week2,343.0 Vienna Woods - 59.0 Fairfax Club Estates
Vienna Woods,Week3,Mansion House,Week1,287.0 Vienna Woods - 115.0 Mansion House
Vienna Aquatic,Week1,Dowden Terrace,Week1,282.0 Vienna Aquatic - 120.0 Dowden Terrace
Vienna Woods,Week5,Wakefield Chapel,Week4,257.5 Vienna Woods - 144.5 Wakefield Chapel
Vienna Aquatic,Week2,Lakeview,Week5,344.0 Vienna Aquatic - 49.0 Lakeview
Vienna Woods,Week1,Fairfax Station,Week2,225.0 Vienna Woods - 177.0 Fairfax Station
Vienna Aquatic,Week4,Vienna Woods,Week3,231.0 Vienna Woods - 171.0 Vienna Aquatic
Vienna Aquatic,Week4,Dowden Terrace,Week4,269.0 Vienna Aquatic - 133.0 Dowden Terrace
Vienna Woods,Week4,Wakefield Chapel,Week5,226.0 Wakefield Chapel - 176.0 Vienna Woods
Vienna Aquatic,Week1,Lakeview,Week4,340.0 Vienna Aquatic - 62.0 Lakeview
Vienna Woods,Week2,Walden Glen,Week3,320.0 Vienna Woods - 82.0 Walden Glen
Vienna Woods,Week3,Long Branch,Week2,326.0 Vienna Woods - 76.0 Long Branch
Vienna Woods,Week1,Fairfax Station,Week5,204.0 Vienna Woods - 198.0 Fairfax Station
Vienna Woods,Week5,Long Branch,Week3,355.0 Vienna Woods - 47.0 Long Branch
Vienna Aquatic,Week4,Villa Aquatic,Week1,301.0 Vienna Aquatic - 101.0 Villa Aquatic
Vienna Aquatic,Week3,Lakeview,Week5,359.0 Vienna Aquatic - 34.0 Lakeview
Vienna Aquatic,Week3,Villa Aquatic,Week1,301.0 Vienna Aquatic - 101.0 Villa Aquatic
Vienna Aquatic,Week1,Lakeview,Week3,349.0 Vienna Aquatic - 53.0 Lakeview
Vienna Woods,Week4,Wakefield Chapel,Week3,219.0 Wakefield Chapel - 183.0 Vienna Woods
Vienna Aquatic,Week3,Dowden Terrace,Week5,259.0 Vienna Aquatic - 143.0 Dowden Terrace
Vienna Woods,Week1,Long Branch,Week3,326.0 Vienna Woods - 76.0 Long Branch
Vienna Aquatic,Week3,Dowden Terrace,Week4,270.0 Vienna Aquatic - 132.0 Dowden Terrace
Vienna Woods,Week5,Wakefield Chapel,Week1,240.0 Vienna Woods - 162.0 Wakefield Chapel
Vienna Aquatic,Week5,Donaldson Run,Week5,226.0 Vienna Aquatic - 176.0 Donaldson Run
Vienna Woods,Week5,Fairfax Club Estates,Week4,342.0 Vienna Woods - 60.0 Fairfax Club Estates
Vienna Aquatic,Week2,Lakeview,Week3,346.0 Vienna Aquatic - 56.0 Lakeview
Vienna Woods,Week2,Long Branch,Week3,325.0 Vienna Woods - 77.0 Long Branch
Vienna Woods,Week2,Walden Glen,Week1,339.0 Vienna Woods - 63.0 Walden Glen
Vienna Aquatic,Week2,Mantua,Week4,245.0 Vienna Aquatic - 157.0 Mantua
Vienna Woods,Week3,Long Branch,Week4,326.5 Vienna Woods - 75.5 Long Branch
Vienna Aquatic,Week1,Villa Aquatic,Week1,295.0 Vienna Aquatic - 107.0 Villa Aquatic
Vienna Aquatic,Week2,Mantua,Week2,239.0 Vienna Aquatic - 163.0 Mantua
Vienna Woods,Week1,Long Branch,Week5,309.0 Vienna Woods - 93.0 Long Branch
Vienna Aquatic,Week4,Lakeview,Week1,357.5 Vienna Aquatic - 44.5 Lakeview
Vienna Woods,Week2,Long Branch,Week5,304.0 Vienna Woods - 97.0 Long Branch
Vienna Woods,Week1,Walden Glen,Week1,326.0 Vienna Woods - 76.0 Walden Glen
Vienna Aquatic,Week1,Lakeview,Week1,362.0 Vienna Aquatic - 40.0 Lakeview
Vienna Aquatic,Week4,Villa Aquatic,Week5,276.0 Vienna Aquatic - 126.0 Villa Aquatic
Vienna Woods,Week5,Wakefield Chapel,Week3,241.0 Vienna Woods - 161.0 Wakefield Chapel
Vienna Aquatic,Week1,Dowden Terrace,Week5,243.0 Vienna Aquatic - 159.0 Dowden Terrace
Vienna Aquatic,Week4,Vienna Woods,Week1,226.0 Vienna Woods - 176.0 Vienna Aquatic
Vienna Aquatic,Week5,Villa Aquatic,Week4,309.0 Vienna Aquatic - 93.0 Villa Aquatic
Vienna Aquatic,Week5,Dowden Terrace,Week1,301.0 Vienna Aquatic - 100.0 Dowden Terrace
Vienna Woods,Week3,Long Branch,Week1,327.0 Vienna Woods - 75.0 Long Branch
Vienna Woods,Week4,Wakefield Chapel,Week4,210.0 Wakefield Chapel - 192.0 Vienna Woods
Vienna Aquatic,Week3,Mansion House,Week4,282.0 Vienna Aquatic - 120.0 Mansion House
Vienna Aquatic,Week5,Dowden Terrace,Week3,303.0 Vienna Aquatic - 99.0 Dowden Terrace
Vienna Woods,Week4,Fairfax Station,Week5,215.0 Fairfax Station - 187.0 Vienna Woods
Vienna Aquatic,Week3,Lakeview,Week3,355.0 Vienna Aquatic - 47.0 Lakeview
Vienna Woods,Week5,Fairfax Station,Week5,235.0 Vienna Woods - 167.0 Fairfax Station
Vienna Aquatic,Week4,Mansion House,Week2,241.0 Vienna Aquatic - 161.0 Mansion House
Vienna Woods,Week5,Wakefield Chapel,Week2,267.0 Vienna Woods - 135.0 Wakefield Chapel
Vienna Aquatic,Week4,Lakeview,Week3,351.0 Vienna Aquatic - 51.0 Lakeview
Vienna Aquatic,Week4,Dowden Terrace,Week5,249.0 Vienna Aquatic - 153.0 Dowden Terrace
Vienna Woods,Week1,Fairfax Station,Week3,202.0 Fairfax Station - 200.0 Vienna Woods
Vienna Aquatic,Week4,Mansion House,Week5,257.0 Vienna Aquatic - 145.0 Mansion House
Vienna Aquatic,Week3,Villa Aquatic,Week2,305.0 Vienna Aquatic - 97.0 Villa Aquatic
Vienna Aquatic,Week2,Dowden Terrace,Week3,277.0 Vienna Aquatic - 125.0 Dowden Terrace
Vienna Woods,Week5,Fairfax Station,Week1,263.0 Vienna Woods - 139.0 Fairfax Station
Vienna Woods,Week2,Fairfax Station,Week1,220.0 Vienna Woods - 182.0 Fairfax Station
Vienna Woods,Week1,Walden Glen,Week5,302.0 Vienna Woods - 100.0 Walden Glen
Vienna Aquatic,Week1,Mantua,Week1,256.0 Vienna Aquatic - 146.0 Mantua
Vienna Aquatic,Week1,Villa Aquatic,Week3,270.0 Vienna Aquatic - 132.0 Villa Aquatic
Vienna Woods,Week5,Fairfax Station,Week2,263.0 Vienna Woods - 139.0 Fairfax Station
Vienna Aquatic,Week5,Dowden Terrace,Week2,307.0 Vienna Aquatic - 95.0 Dowden Terrace
Vienna Aquatic,Week3,Lakeview,Week4,351.0 Vienna Aquatic - 51.0 Lakeview
Vienna Woods,Week1,Long Branch,Week2,321.0 Vienna Woods - 81.0 Long Branch
Vienna Aquatic,Week4,Vienna Woods,Week4,211.0 Vienna Aquatic - 191.0 Vienna Woods
Vienna Woods,Week4,Forest Hollow,Week1,256.0 Vienna Woods - 146.0 Forest Hollow
Vienna Woods,Week4,Walden Glen,Week2,308.0 Vienna Woods - 89.0 Walden Glen
Vienna Aquatic,Week3,Villa Aquatic,Week3,273.0 Vienna Aquatic - 129.0 Villa Aquatic
Vienna Woods,Week4,Long Branch,Week4,307.0 Vienna Woods - 95.0 Long Branch
Vienna Aquatic,Week1,Villa Aquatic,Week5,269.0 Vienna Aquatic - 133.0 Villa Aquatic
Vienna Woods,Week3,Long Branch,Week3,342.0 Vienna Woods - 60.0 Long Branch
Vienna Woods,Week2,Walden Glen,Week5,294.0 Vienna Woods - 107.0 Walden Glen
Vienna Woods,Week4,Walden Glen,Week3,307.0 Vienna Woods - 95.0 Walden Glen
Vienna Aquatic,Week3,Vienna Woods,Week5,241.0 Vienna Woods - 161.0 Vienna Aquatic
Vienna Woods,Week1,Long Branch,Week1,322.0 Vienna Woods - 80.0 Long Branch
Vienna Aquatic,Week5,Vienna Woods,Week5,212.0 Vienna Woods - 190.0 Vienna Aquatic
Vienna Aquatic,Week5,Mansion House,Week2,287.5 Vienna Aquatic - 114.5 Mansion House
Vienna Woods,Week4,Walden Glen,Week1,319.0 Vienna Woods - 78.0 Walden Glen
Vienna Aquatic,Week5,Mantua,Week2,277.5 Vienna Aquatic - 124.5 Mantua
Vienna Aquatic,Week1,Langley,Week1,213.0 Vienna Aquatic - 189.0 Langley
Vienna Aquatic,Week3,Villa Aquatic,Week4,291.5 Vienna Aquatic - 110.5 Villa Aquatic
Vienna Woods,Week3,Walden Glen,Week4,323.0 Vienna Woods - 79.0 Walden Glen
Vienna Aquatic,Week5,Lakeview,Week4,361.0 Vienna Aquatic - 41.0 Lakeview
Vienna Woods,Week2,Long Branch,Week4,318.0 Vienna Woods - 84.0 Long Branch
Vienna Woods,Week2,Forest Hollow,Week3,275.0 Vienna Woods - 127.0 Forest Hollow
Vienna Woods,Week1,Forest Hollow,Week4,276.0 Vienna Woods - 126.0 Forest Hollow
Vienna Aquatic,Week1,Langley,Week3,223.0 Vienna Aquatic - 179.0 Langley
Vienna Aquatic,Week3,Mansion House,Week2,273.0 Vienna Aquatic - 129.0 Mansion House
Vienna Aquatic,Week3,Mansion House,Week3,260.0 Vienna Aquatic - 142.0 Mansion House
Vienna Woods,Week1,Long Branch,Week4,323.0 Vienna Woods - 79.0 Long Branch
Vienna Woods,Week5,Fairfax Station,Week4,265.0 Vienna Woods - 137.0 Fairfax Station
Vienna Aquatic,Week4,Dowden Terrace,Week3,288.0 Vienna Aquatic - 114.0 Dowden Terrace
Vienna Aquatic,Week4,Lakeview,Week5,350.0 Vienna Aquatic - 43.0 Lakeview
Vienna Woods,Week3,Walden Glen,Week1,336.0 Vienna Woods - 66.0 Walden Glen
Vienna Woods,Week1,Forest Hollow,Week1,276.0 Vienna Woods - 126.0 Forest Hollow
Vienna Aquatic,Week4,Dowden Terrace,Week1,279.0 Vienna Aquatic - 118.0 Dowden Terrace
Vienna Aquatic,Week1,Mantua,Week2,251.0 Vienna Aquatic - 151.0 Mantua
Vienna Aquatic,Week4,Mantua,Week4,228.0 Vienna Aquatic - 174.0 Mantua
Vienna Woods,Week1,Forest Hollow,Week3,281.0 Vienna Woods - 121.0 Forest Hollow
Vienna Woods,Week5,Long Branch,Week1,342.0 Vienna Woods - 60.0 Long Branch
Vienna Aquatic,Week5,Lakeview,Week2,378.0 Vienna Aquatic - 24.0 Lakeview
Vienna Woods,Week5,Walden Glen,Week3,344.0 Vienna Woods - 58.0 Walden Glen
Vienna Aquatic,Week5,Vienna Woods,Week1,224.0 Vienna Aquatic - 178.0 Vienna Woods
Vienna Aquatic,Week5,Mansion House,Week1,278.0 Vienna Aquatic - 124.0 Mansion House
Vienna Woods,Week1,Fox Hunt,Week3,288.0 Vienna Woods - 114.0 Fox Hunt
Vienna Woods,Week1,Mansion House,Week2,277.0 Vienna Woods - 120.0 Mansion House
Vienna Woods,Week4,Walden Glen,Week5,283.0 Vienna Woods - 119.0 Walden Glen
Vienna Woods,Week5,Long Branch,Week4,345.0 Vienna Woods - 57.0 Long Branch
Vienna Aquatic,Week2,Villa Aquatic,Week3,261.5 Vienna Aquatic - 140.5 Villa Aquatic
Vienna Aquatic,Week5,Vienna Woods,Week3,216.0 Vienna Aquatic - 186.0 Vienna Woods
Vienna Aquatic,Week2,Langley,Week4,206.0 Langley - 196.0 Vienna Aquatic
Vienna Woods,Week2,Mansion House,Week1,259.0 Vienna Woods - 143.0 Mansion House
Vienna Woods,Week5,Walden Glen,Week1,354.0 Vienna Woods - 48.0 Walden Glen
Vienna Aquatic,Week2,Langley,Week1,219.0 Vienna Aquatic - 183.0 Langley
Vienna Aquatic,Week3,Mansion House,Week5,257.0 Vienna Aquatic - 145.0 Mansion House
Vienna Aquatic,Week2,Langley,Week3,208.5 Vienna Aquatic - 193.5 Langley
Vienna Aquatic,Week1,Langley,Week4,202.0 Vienna Aquatic - 200.0 Langley
Vienna Woods,Week1,Mansion House,Week4,282.0 Vienna Woods - 120.0 Mansion House
Vienna Woods,Week2,Fox Hunt,Week1,305.0 Vienna Woods - 97.0 Fox Hunt
Vienna Aquatic,Week5,Vienna Woods,Week2,220.0 Vienna Aquatic - 182.0 Vienna Woods
Vienna Aquatic,Week5,Mansion House,Week3,279.0 Vienna Aquatic - 123.0 Mansion House
Vienna Woods,Week3,Forest Hollow,Week4,283.0 Vienna Woods - 119.0 Forest Hollow
Vienna Aquatic,Week4,Mansion House,Week1,252.0 Vienna Aquatic - 150.0 Mansion House
Vienna Aquatic,Week1,Mantua,Week5,223.0 Vienna Aquatic - 179.0 Mantua
Vienna Woods,Week1,Forest Hollow,Week5,273.0 Vienna Woods - 129.0 Forest Hollow
Vienna Aquatic,Week5,Langley,Week1,253.0 Vienna Aquatic - 149.0 Langley
Vienna Woods,Week3,Mansion House,Week3,277.0 Vienna Woods - 125.0 Mansion House
Vienna Aquatic,Week5,Vienna Woods,Week4,248.0 Vienna Aquatic - 154.0 Vienna Woods
Vienna Aquatic,Week1,Villa Aquatic,Week2,291.0 Vienna Aquatic - 111.0 Villa Aquatic
Vienna Aquatic,Week1,Mantua,Week4,251.0 Vienna Aquatic - 151.0 Mantua
Vienna Woods,Week4,Forest Hollow,Week4,251.0 Vienna Woods - 151.0 Forest Hollow
Vienna Woods,Week5,Waynewood,Week5,274.0 Vienna Woods - 128.0 Waynewood
Vienna Woods,Week1,Fox Hunt,Week2,292.0 Vienna Woods - 105.0 Fox Hunt
Vienna Aquatic,Week4,Mansion House,Week3,244.0 Vienna Aquatic - 158.0 Mansion House
Vienna Woods,Week4,Mansion House,Week3,242.0 Vienna Woods - 160.0 Mansion House
Vienna Aquatic,Week5,Langley,Week4,246.0 Vienna Aquatic - 156.0 Langley
Vienna Aquatic,Week3,Mantua,Week1,258.0 Vienna Aquatic - 144.0 Mantua
Vienna Aquatic,Week1,Mantua,Week3,215.0 Vienna Aquatic - 187.0 Mantua
Vienna Aquatic,Week2,Villa Aquatic,Week4,286.0 Vienna Aquatic - 116.0 Villa Aquatic
Vienna Aquatic,Week2,Villa Aquatic,Week5,262.5 Vienna Aquatic - 139.5 Villa Aquatic
Vienna Woods,Week2,Mansion House,Week3,255.0 Vienna Woods - 147.0 Mansion House
Vienna Aquatic,Week5,Langley,Week2,271.0 Vienna Aquatic - 131.0 Langley
Vienna Woods,Week2,Mansion House,Week5,257.0 Vienna Woods - 145.0 Mansion House
Vienna Woods,Week3,Fox Hunt,Week3,302.0 Vienna Woods - 100.0 Fox Hunt
Vienna Woods,Week4,Waynewood,Week3,222.0 Vienna Woods - 180.0 Waynewood
Vienna Aquatic,Week2,Villa Aquatic,Week1,301.0 Vienna Aquatic - 101.0 Villa Aquatic
Vienna Woods,Week4,Waynewood,Week5,238.0 Vienna Woods - 164.0 Waynewood
Vienna Aquatic,Week5,Langley,Week3,265.0 Vienna Aquatic - 137.0 Langley
Vienna Woods,Week1,Woodley,Week1,352.0 Vienna Woods - 50.0 Woodley
Vienna Woods,Week5,Walden Glen,Week4,342.0 Vienna Woods - 60.0 Walden Glen
Vienna Woods,Week1,Fox Hunt,Week4,294.0 Vienna Woods - 108.0 Fox Hunt
Vienna Woods,Week2,Mansion House,Week4,284.0 Vienna Woods - 118.0 Mansion House
Vienna Aquatic,Week4,Vienna Woods,Week5,250.0 Vienna Woods - 152.0 Vienna Aquatic
Vienna Aquatic,Week4,Langley,Week2,218.0 Vienna Aquatic - 184.0 Langley
Vienna Aquatic,Week4,Mansion House,Week4,272.0 Vienna Aquatic - 130.0 Mansion House
Vienna Aquatic,Week1,Laurel Hill,Week3,334.0 Vienna Aquatic - 68.0 Laurel Hill
Vienna Aquatic,Week4,Langley,Week5,215.0 Vienna Aquatic - 187.0 Langley
Vienna Woods,Week5,Waynewood,Week4,305.0 Vienna Woods - 97.0 Waynewood
Vienna Woods,Week2,Fox Hunt,Week5,289.0 Vienna Woods - 113.0 Fox Hunt
Vienna Aquatic,Week2,Villa Aquatic,Week2,285.0 Vienna Aquatic - 117.0 Villa Aquatic
Vienna Woods,Week3,Waynewood,Week5,252.0 Vienna Woods - 150.0 Waynewood
Vienna Woods,Week3,Mansion House,Week2,283.0 Vienna Woods - 119.0 Mansion House
Vienna Woods,Week2,Forest Hollow,Week4,271.0 Vienna Woods - 131.0 Forest Hollow
Vienna Woods,Week2,Mantua,Week5,241.0 Vienna Woods - 161.0 Mantua
Vienna Aquatic,Week3,Langley,Week5,253.0 Vienna Aquatic - 149.0 Langley
Vienna Woods,Week4,Forest Hollow,Week3,259.0 Vienna Woods - 143.0 Forest Hollow
Vienna Aquatic,Week5,Villa Aquatic,Week1,317.0 Vienna Aquatic - 85.0 Villa Aquatic
Vienna Aquatic,Week4,Villa Aquatic,Week2,287.0 Vienna Aquatic - 115.0 Villa Aquatic
Vienna Woods,Week2,Mantua,Week3,240.0 Vienna Woods - 162.0 Mantua
Vienna Woods,Week3,Forest Hollow,Week2,299.0 Vienna Woods - 103.0 Forest Hollow
Vienna Woods,Week1,Waynewood,Week1,278.0 Vienna Woods - 124.0 Waynewood
Vienna Aquatic,Week4,Villa Aquatic,Week4,286.0 Vienna Aquatic - 116.0 Villa Aquatic
Vienna Aquatic,Week4,Villa Aquatic,Week3,262.0 Vienna Aquatic - 140.0 Villa Aquatic
Vienna Woods,Week5,Mansion House,Week4,314.0 Vienna Woods - 88.0 Mansion House
Vienna Aquatic,Week3,Langley,Week3,235.0 Vienna Aquatic - 167.0 Langley
Vienna Woods,Week1,Waynewood,Week5,254.0 Vienna Woods - 148.0 Waynewood
Vienna Woods,Week4,Forest Hollow,Week2,269.0 Vienna Woods - 133.0 Forest Hollow
Vienna Aquatic,Week1,Laurel Hill,Week4,341.0 Vienna Aquatic - 61.0 Laurel Hill
Vienna Aquatic,Week2,Mantua,Week5,224.0 Vienna Aquatic - 178.0 Mantua
Vienna Aquatic,Week5,Mansion House,Week4,294.0 Vienna Aquatic - 107.0 Mansion House
Vienna Aquatic,Week2,Mantua,Week1,245.0 Vienna Aquatic - 157.0 Mantua
Vienna Aquatic,Week5,Mansion House,Week5,288.0 Vienna Aquatic - 114.0 Mansion House
Vienna Aquatic,Week5,Villa Aquatic,Week3,304.0 Vienna Aquatic - 98.0 Villa Aquatic
Vienna Aquatic,Week5,Langley,Week5,255.5 Vienna Aquatic - 146.5 Langley
Vienna Aquatic,Week5,Villa Aquatic,Week2,315.0 Vienna Aquatic - 87.0 Villa Aquatic
Vienna Woods,Week1,Mantua,Week2,260.0 Vienna Woods - 142.0 Mantua
Vienna Aquatic,Week3,Mantua,Week2,262.0 Vienna Aquatic - 140.0 Mantua
Vienna Woods,Week1,Woodley,Week2,352.0 Vienna Woods - 50.0 Woodley
Vienna Aquatic,Week2,Mantua,Week3,210.0 Vienna Aquatic - 192.0 Mantua
Vienna Aquatic,Week1,Laurel Hill,Week2,347.0 Vienna Aquatic - 55.0 Laurel Hill
Vienna Woods,Week2,Waynewood,Week5,240.0 Vienna Woods - 162.0 Waynewood
Vienna Woods,Week2,Fox Hunt,Week2,299.0 Vienna Woods - 103.0 Fox Hunt
Vienna Woods,Week3,Mantua,Week1,281.0 Vienna Woods - 121.0 Mantua
Vienna Woods,Week3,Mansion House,Week5,280.0 Vienna Woods - 122.0 Mansion House
Vienna Woods,Week5,Forest Hollow,Week3,317.0 Vienna Woods - 85.0 Forest Hollow
Vienna Woods,Week2,Waynewood,Week4,260.0 Vienna Woods - 142.0 Waynewood
Vienna Woods,Week2,Fox Hunt,Week3,281.5 Vienna Woods - 120.5 Fox Hunt
Vienna Woods,Week2,Waynewood,Week2,254.0 Vienna Woods - 148.0 Waynewood
Vienna Woods,Week2,Mantua,Week1,267.0 Vienna Woods - 135.0 Mantua
Vienna Aquatic,Week2,Laurel Hill,Week1,331.5 Vienna Aquatic - 70.5 Laurel Hill
Vienna Woods,Week2,Forest Hollow,Week5,264.0 Vienna Woods - 138.0 Forest Hollow
Vienna Woods,Week4,Waynewood,Week4,248.0 Vienna Woods - 154.0 Waynewood
Vienna Aquatic,Week3,Mantua,Week3,230.5 Vienna Aquatic - 171.5 Mantua
Vienna Aquatic,Week4,Mantua,Week2,250.0 Vienna Aquatic - 147.0 Mantua
Vienna Aquatic,Week3,Langley,Week1,233.0 Vienna Aquatic - 169.0 Langley
Vienna Woods,Week3,Forest Hollow,Week1,285.0 Vienna Woods - 117.0 Forest Hollow
Vienna Aquatic,Week1,Virginia Hills,Week1,383.0 Vienna Aquatic - 19.0 Virginia Hills
Vienna Aquatic,Week5,Village West,Week1,334.0 Vienna Aquatic - 68.0 Village West
Vienna Aquatic,Week4,Mantua,Week1,245.0 Vienna Aquatic - 157.0 Mantua
Vienna Aquatic,Week4,Langley,Week4,202.5 Vienna Aquatic - 199.5 Langley
Vienna Woods,Week1,Waynewood,Week4,266.0 Vienna Woods - 136.0 Waynewood
Vienna Aquatic,Week2,Laurel Hill,Week2,343.5 Vienna Aquatic - 58.5 Laurel Hill
Vienna Woods,Week4,Waynewood,Week2,241.0 Vienna Woods - 161.0 Waynewood
Vienna Aquatic,Week3,Mantua,Week5,233.0 Vienna Aquatic - 169.0 Mantua
Vienna Aquatic,Week1,Laurel Hill,Week5,322.0 Vienna Aquatic - 80.0 Laurel Hill
Vienna Woods,Week3,Forest Hollow,Week3,296.0 Vienna Woods - 106.0 Forest Hollow
Vienna Woods,Week1,Mantua,Week3,254.0 Vienna Woods - 148.0 Mantua
Vienna Woods,Week2,Mantua,Week4,259.0 Vienna Woods - 143.0 Mantua
Vienna Woods,Week3,Waynewood,Week3,250.0 Vienna Woods - 152.0 Waynewood
Vienna Aquatic,Week4,Village West,Week4,322.0 Vienna Aquatic - 75.0 Village West
Vienna Woods,Week3,Mansion House,Week4,304.0 Vienna Woods - 98.0 Mansion House
Vienna Woods,Week2,Forest Hollow,Week2,282.0 Vienna Woods - 120.0 Forest Hollow
Vienna Woods,Week3,Forest Hollow,Week5,283.5 Vienna Woods - 118.5 Forest Hollow
Vienna Aquatic,Week4,Langley,Week1,209.0 Vienna Aquatic - 193.0 Langley
Vienna Aquatic,Week4,McLean,Week2,221.0 McLean - 181.0 Vienna Aquatic
Vienna Aquatic,Week2,Village West,Week1,319.0 Vienna Aquatic - 83.0 Village West
Vienna Woods,Week5,Mansion House,Week1,299.0 Vienna Woods - 103.0 Mansion House
Vienna Aquatic,Week3,McLean,Week2,213.0 McLean - 189.0 Vienna Aquatic
Vienna Aquatic,Week3,Langley,Week4,226.0 Vienna Aquatic - 176.0 Langley
Vienna Aquatic,Week3,Mantua,Week4,244.5 Vienna Aquatic - 157.5 Mantua
Vienna Woods,Week2,Forest Hollow,Week1,276.0 Vienna Woods - 126.0 Forest Hollow
Vienna Woods,Week3,Waynewood,Week1,281.0 Vienna Woods - 121.0 Waynewood
Vienna Aquatic,Week2,Laurel Hill,Week3,325.0 Vienna Aquatic - 77.0 Laurel Hill
Vienna Woods,Week5,Waynewood,Week1,303.0 Vienna Woods - 99.0 Waynewood
Vienna Woods,Week4,Mansion House,Week5,251.0 Vienna Woods - 151.0 Mansion House
Vienna Woods,Week5,Forest Hollow,Week4,311.0 Vienna Woods - 91.0 Forest Hollow
Vienna Aquatic,Week5,Villa Aquatic,Week5,306.0 Vienna Aquatic - 96.0 Villa Aquatic
Vienna Aquatic,Week1,Virginia Hills,Week3,384.0 Vienna Aquatic - 18.0 Virginia Hills
Vienna Woods,Week1,Mantua,Week5,243.0 Vienna Woods - 159.0 Mantua
Vienna Woods,Week3,Mantua,Week2,278.0 Vienna Woods - 124.0 Mantua
Vienna Aquatic,Week3,Langley,Week2,245.0 Vienna Aquatic - 157.0 Langley
Vienna Aquatic,Week4,Mantua,Week5,210.0 Vienna Aquatic - 192.0 Mantua
Vienna Woods,Week5,Forest Hollow,Week1,307.0 Vienna Woods - 95.0 Forest Hollow
Vienna Woods,Week4,Forest Hollow,Week5,246.0 Vienna Woods - 156.0 Forest Hollow
Vienna Woods,Week4,Mansion House,Week1,254.0 Vienna Woods - 143.0 Mansion House
Vienna Aquatic,Week2,Laurel Hill,Week5,309.0 Vienna Aquatic - 93.0 Laurel Hill
Vienna Woods,Week4,Waynewood,Week1,251.0 Vienna Woods - 151.0 Waynewood
Vienna Aquatic,Week1,Virginia Hills,Week2,387.0 Vienna Aquatic - 15.0 Virginia Hills
Vienna Aquatic,Week5,Village West,Week5,336.0 Vienna Aquatic - 66.0 Village West
Vienna Woods,Week3,Mantua,Week4,260.0 Vienna Woods - 142.0 Mantua
Vienna Woods,Week5,Forest Hollow,Week5,313.0 Vienna Woods - 89.0 Forest Hollow
Vienna Aquatic,Week4,Mantua,Week3,210.5 Vienna Aquatic - 191.5 Mantua
Vienna Aquatic,Week2,Laurel Hill,Week4,337.0 Vienna Aquatic - 65.0 Laurel Hill
Vienna Woods,Week5,Forest Hollow,Week2,315.0 Vienna Woods - 87.0 Forest Hollow
Vienna Woods,Week1,Waynewood,Week2,256.0 Vienna Woods - 146.0 Waynewood
Vienna Woods,Week2,Waynewood,Week3,233.0 Vienna Woods - 169.0 Waynewood
Vienna Aquatic,Week5,Mantua,Week1,274.0 Vienna Aquatic - 127.0 Mantua
Vienna Aquatic,Week2,Village West,Week3,316.0 Vienna Aquatic - 86.0 Village West
Vienna Woods,Week3,Waynewood,Week2,269.0 Vienna Woods - 133.0 Waynewood
Vienna Aquatic,Week4,McLean,Week5,237.0 McLean - 165.0 Vienna Aquatic
Vienna Woods,Week3,Waynewood,Week4,274.0 Vienna Woods - 128.0 Waynewood
Vienna Aquatic,Week1,Laurel Hill,Week1,335.0 Vienna Aquatic - 67.0 Laurel Hill
Vienna Aquatic,Week4,Village West,Week1,320.0 Vienna Aquatic - 82.0 Village West
Vienna Woods,Week3,Mantua,Week3,264.0 Vienna Woods - 138.0 Mantua
Vienna Woods,Week2,Fox Hunt,Week4,289.0 Vienna Woods - 113.0 Fox Hunt
Vienna Aquatic,Week2,Lee Graham,Week3,208.0 Vienna Aquatic - 194.0 Lee Graham
Vienna Aquatic,Week5,McLean,Week2,212.0 Vienna Aquatic - 190.0 McLean
Vienna Aquatic,Week1,Village West,Week1,325.0 Vienna Aquatic - 77.0 Village West
Vienna Aquatic,Week4,Village West,Week3,310.0 Vienna Aquatic - 92.0 Village West
Vienna Woods,Week1,Waynewood,Week3,245.5 Vienna Woods - 156.5 Waynewood
Vienna Woods,Week4,Mansion House,Week2,263.0 Vienna Woods - 134.0 Mansion House
Vienna Aquatic,Week5,McLean,Week4,215.0 Vienna Aquatic - 187.0 McLean
Vienna Aquatic,Week5,Laurel Hill,Week5,343.0 Vienna Aquatic - 59.0 Laurel Hill
Vienna Aquatic,Week5,Mantua,Week5,256.0 Vienna Aquatic - 146.0 Mantua
Vienna Woods,Week5,South Run,Week3,326.0 Vienna Woods - 76.0 South Run
Vienna Aquatic,Week3,Laurel Hill,Week4,340.0 Vienna Aquatic - 62.0 Laurel Hill
Vienna Woods,Week5,Mansion House,Week3,284.0 Vienna Woods - 118.0 Mansion House
Vienna Woods,Week5,Mansion House,Week2,300.0 Vienna Woods - 102.0 Mansion House
Vienna Woods,Week4,Fox Hunt,Week3,266.0 Vienna Woods - 136.0 Fox Hunt
Vienna Woods,Week4,South Run,Week5,279.0 Vienna Woods - 123.0 South Run
Vienna Aquatic,Week1,Village West,Week5,323.0 Vienna Aquatic - 79.0 Village West
Vienna Woods,Week1,Fox Hunt,Week1,294.0 Vienna Woods - 103.0 Fox Hunt
Vienna Aquatic,Week5,McLean,Week3,204.0 McLean - 198.0 Vienna Aquatic
Vienna Woods,Week3,Fox Hunt,Week2,309.0 Vienna Woods - 93.0 Fox Hunt
Vienna Woods,Week2,Waynewood,Week1,275.0 Vienna Woods - 127.0 Waynewood
Vienna Aquatic,Week2,Village West,Week5,322.0 Vienna Aquatic - 80.0 Village West
Vienna Woods,Week1,Mantua,Week1,265.0 Vienna Woods - 137.0 Mantua
Vienna Woods,Week1,Fox Hunt,Week5,276.0 Vienna Woods - 126.0 Fox Hunt
Vienna Aquatic,Week1,McLean,Week1,205.0 McLean - 197.0 Vienna Aquatic
Vienna Woods,Week3,Fox Hunt,Week1,311.0 Vienna Woods - 91.0 Fox Hunt
Vienna Woods,Week5,Mansion House,Week5,297.0 Vienna Woods - 105.0 Mansion House
Vienna Aquatic,Week3,Lee Graham,Week2,228.0 Vienna Aquatic - 174.0 Lee Graham
Vienna Aquatic,Week1,Village West,Week2,328.0 Vienna Aquatic - 74.0 Village West
Vienna Woods,Week5,Waynewood,Week2,292.0 Vienna Woods - 110.0 Waynewood
Vienna Woods,Week4,Mansion House,Week4,273.0 Vienna Woods - 124.0 Mansion House
Vienna Aquatic,Week5,McLean,Week5,211.5 McLean - 190.5 Vienna Aquatic
Vienna Woods,Week5,Waynewood,Week3,269.0 Vienna Woods - 133.0 Waynewood
Vienna Aquatic,Week3,Village West,Week1,338.0 Vienna Aquatic - 64.0 Village West
Vienna Aquatic,Week3,Village West,Week4,333.0 Vienna Aquatic - 64.0 Village West
Vienna Aquatic,Week4,Laurel Hill,Week5,308.0 Vienna Aquatic - 94.0 Laurel Hill
Vienna Aquatic,Week4,Langley,Week3,217.0 Vienna Aquatic - 185.0 Langley
Vienna Woods,Week3,Fox Mill Estates,Week3,330.0 Vienna Woods - 72.0 Fox Mill Estates
Vienna Aquatic,Week3,Village West,Week5,333.0 Vienna Aquatic - 69.0 Village West
Vienna Aquatic,Week4,Lee Graham,Week3,203.0 Lee Graham - 199.0 Vienna Aquatic
Vienna Woods,Week1,McLean,Week4,216.0 Vienna Woods - 186.0 McLean
Vienna Aquatic,Week4,McLean,Week3,219.0 McLean - 183.0 Vienna Aquatic
Vienna Aquatic,Week2,Village West,Week4,326.0 Vienna Aquatic - 71.0 Village West
Vienna Woods,Week2,Fox Mill Estates,Week4,301.0 Vienna Woods - 101.0 Fox Mill Estates
Vienna Woods,Week3,Fox Mill Estates,Week2,320.0 Vienna Woods - 82.0 Fox Mill Estates
Vienna Woods,Week2,South Run,Week1,280.0 Vienna Woods - 112.0 South Run
Vienna Aquatic,Week2,McLean,Week5,233.0 McLean - 169.0 Vienna Aquatic
Vienna Aquatic,Week4,McLean,Week4,209.0 McLean - 193.0 Vienna Aquatic
Vienna Aquatic,Week1,Lee Graham,Week1,214.0 Vienna Aquatic - 188.0 Lee Graham
Vienna Woods,Week2,Mantua,Week2,273.0 Vienna Woods - 129.0 Mantua
Vienna Woods,Week2,McLean,Week2,228.0 McLean - 174.0 Vienna Woods
Vienna Woods,Week1,South Run,Week4,318.0 Vienna Woods - 79.0 South Run
Vienna Woods,Week5,Somerset-Olde Creek,Week3,381.0 Vienna Woods - 21.0 Somerset-Olde Creek
Vienna Woods,Week5,South Run,Week5,298.0 Vienna Woods - 104.0 South Run
Vienna Aquatic,Week4,Laurel Hill,Week3,334.0 Vienna Aquatic - 68.0 Laurel Hill
Vienna Woods,Week1,Mantua,Week4,255.0 Vienna Woods - 147.0 Mantua
Vienna Woods,Week2,Fox Mill Estates,Week1,327.0 Vienna Woods - 75.0 Fox Mill Estates
Vienna Aquatic,Week3,Village West,Week3,318.0 Vienna Aquatic - 84.0 Village West
Vienna Aquatic,Week2,McLean,Week1,205.0 McLean - 197.0 Vienna Aquatic
Vienna Aquatic,Week4,Village West,Week2,322.0 Vienna Aquatic - 80.0 Village West
Vienna Aquatic,Week2,McLean,Week3,227.0 McLean - 175.0 Vienna Aquatic
Vienna Woods,Week3,McLean,Week2,205.0 McLean - 197.0 Vienna Woods
Vienna Woods,Week4,Fox Hunt,Week4,261.0 Vienna Woods - 141.0 Fox Hunt
Vienna Woods,Week3,McLean,Week1,208.5 Vienna Woods - 193.5 McLean
Vienna Woods,Week3,South Run,Week4,329.5 Vienna Woods - 72.5 South Run
Vienna Woods,Week3,Mantua,Week5,263.0 Vienna Woods - 139.0 Mantua
Vienna Woods,Week3,South Run,Week3,316.0 Vienna Woods - 86.0 South Run
Vienna Woods,Week4,Fox Mill Estates,Week1,312.0 Vienna Woods - 90.0 Fox Mill Estates
Vienna Woods,Week2,South Run,Week2,309.0 Vienna Woods - 92.0 South Run
Vienna Aquatic,Week1,Village West,Week4,328.0 Vienna Aquatic - 69.0 Village West
Vienna Aquatic,Week1,McLean,Week2,223.0 McLean - 179.0 Vienna Aquatic
Vienna Woods,Week4,Fox Mill Estates,Week2,292.0 Vienna Woods - 110.0 Fox Mill Estates
Vienna Woods,Week1,McLean,Week1,217.0 Vienna Woods - 185.0 McLean
Vienna Woods,Week3,Fox Mill Estates,Week5,321.0 Vienna Woods - 81.0 Fox Mill Estates
Vienna Aquatic,Week1,Village West,Week3,314.0 Vienna Aquatic - 88.0 Village West
Vienna Aquatic,Week3,Village West,Week2,341.0 Vienna Aquatic - 61.0 Village West
Vienna Aquatic,Week1,Lee Graham,Week5,213.0 Vienna Aquatic - 189.0 Lee Graham
Vienna Aquatic,Week2,Lee Graham,Week5,206.0 Lee Graham - 196.0 Vienna Aquatic
Vienna Aquatic,Week5,Laurel Hill,Week1,350.0 Vienna Aquatic - 51.0 Laurel Hill
Vienna Woods,Week3,South Run,Week2,314.0 Vienna Woods - 88.0 South Run
Vienna Woods,Week2,South Run,Week5,285.0 Vienna Woods - 117.0 South Run
Vienna Aquatic,Week3,Laurel Hill,Week5,317.0 Vienna Aquatic - 85.0 Laurel Hill
Vienna Woods,Week4,South Run,Week3,297.0 Vienna Woods - 105.0 South Run
Vienna Aquatic,Week5,Dominion Hills,Week1,326.0 Vienna Aquatic - 76.0 Dominion Hills
Vienna Aquatic,Week5,McLean,Week1,213.0 Vienna Aquatic - 189.0 McLean
Vienna Aquatic,Week1,McLean,Week3,220.0 McLean - 182.0 Vienna Aquatic
Vienna Aquatic,Week3,Laurel Hill,Week1,336.0 Vienna Aquatic - 66.0 Laurel Hill
Vienna Woods,Week3,Fox Mill Estates,Week4,302.0 Vienna Woods - 100.0 Fox Mill Estates
Vienna Aquatic,Week4,Village West,Week5,323.0 Vienna Aquatic - 74.0 Village West
Vienna Aquatic,Week3,McLean,Week1,204.0 Vienna Aquatic - 198.0 McLean
Vienna Woods,Week2,McLean,Week4,210.0 McLean - 192.0 Vienna Woods
Vienna Aquatic,Week2,McLean,Week4,211.0 McLean - 191.0 Vienna Aquatic
Vienna Woods,Week4,Fox Mill Estates,Week3,298.0 Vienna Woods - 104.0 Fox Mill Estates
Vienna Aquatic,Week2,Village West,Week2,329.0 Vienna Aquatic - 73.0 Village West
Vienna Aquatic,Week5,Village West,Week2,342.0 Vienna Aquatic - 60.0 Village West
Vienna Woods,Week5,Mantua,Week3,276.0 Vienna Woods - 126.0 Mantua
Vienna Woods,Week5,Mantua,Week5,272.0 Vienna Woods - 130.0 Mantua
Vienna Woods,Week4,Fox Hunt,Week1,283.0 Vienna Woods - 119.0 Fox Hunt
Vienna Aquatic,Week2,Lee Graham,Week4,208.0 Vienna Aquatic - 194.0 Lee Graham
Vienna Aquatic,Week1,Lee Graham,Week3,213.0 Vienna Aquatic - 189.0 Lee Graham
Vienna Woods,Week1,South Run,Week5,287.0 Vienna Woods - 115.0 South Run
Vienna Woods,Week4,McLean,Week2,221.0 McLean - 181.0 Vienna Woods
Vienna Woods,Week5,McLean,Week2,224.0 Vienna Woods - 178.0 McLean
Vienna Aquatic,Week5,Village West,Week3,333.0 Vienna Aquatic - 69.0 Village West
Vienna Woods,Week1,Fox Mill Estates,Week3,317.0 Vienna Woods - 85.0 Fox Mill Estates
Vienna Woods,Week5,Mantua,Week2,297.5 Vienna Woods - 104.5 Mantua
Vienna Woods,Week3,South Run,Week5,287.0 Vienna Woods - 115.0 South Run
Vienna Aquatic,Week3,McLean,Week4,203.0 Vienna Aquatic - 199.0 McLean
Vienna Woods,Week5,Somerset-Olde Creek,Week2,366.5 Vienna Woods - 35.5 Somerset-Olde Creek
Vienna Aquatic,Week5,Laurel Hill,Week4,356.0 Vienna Aquatic - 46.0 Laurel Hill
Vienna Aquatic,Week1,McLean,Week5,225.0 McLean - 177.0 Vienna Aquatic
Vienna Woods,Week1,South Run,Week1,279.0 Vienna Woods - 109.0 South Run
Vienna Aquatic,Week1,Lee Graham,Week4,203.5 Vienna Aquatic - 198.5 Lee Graham
Vienna Woods,Week5,Fox Hunt,Week2,316.0 Vienna Woods - 86.0 Fox Hunt
Vienna Aquatic,Week2,Virginia Hills,Week5,371.0 Vienna Aquatic - 31.0 Virginia Hills
Vienna Aquatic,Week3,McLean,Week3,213.0 McLean - 189.0 Vienna Aquatic
Vienna Woods,Week4,Fox Hunt,Week2,276.0 Vienna Woods - 126.0 Fox Hunt
Vienna Woods,Week3,McLean,Week4,218.0 Vienna Woods - 184.0 McLean
Vienna Woods,Week1,South Run,Week2,302.0 Vienna Woods - 95.0 South Run
Vienna Aquatic,Week5,Village West,Week4,338.0 Vienna Aquatic - 59.0 Village West
Vienna Woods,Week5,Fox Hunt,Week5,303.0 Vienna Woods - 99.0 Fox Hunt
Vienna Woods,Week5,Fox Hunt,Week1,326.0 Vienna Woods - 76.0 Fox Hunt
Vienna Aquatic,Week1,Virginia Hills,Week4,391.0 Vienna Aquatic - 11.0 Virginia Hills
Vienna Woods,Week2,South Run,Week3,310.0 Vienna Woods - 91.0 South Run
Vienna Woods,Week3,McLean,Week5,209.0 McLean - 193.0 Vienna Woods
Vienna Aquatic,Week2,McLean,Week2,230.5 McLean - 171.5 Vienna Aquatic
Vienna Woods,Week5,Somerset-Olde Creek,Week5,368.0 Vienna Woods - 34.0 Somerset-Olde Creek
Vienna Aquatic,Week5,Mantua,Week4,280.5 Vienna Aquatic - 121.5 Mantua
Vienna Aquatic,Week4,Laurel Hill,Week2,350.0 Vienna Aquatic - 46.0 Laurel Hill
Vienna Aquatic,Week1,Lee Graham,Week2,207.0 Vienna Aquatic - 195.0 Lee Graham
Vienna Aquatic,Week3,McLean,Week5,219.0 McLean - 183.0 Vienna Aquatic
Vienna Aquatic,Week1,Virginia Run,Week5,236.0 Vienna Aquatic - 166.0 Virginia Run
Vienna Aquatic,Week3,Virginia Hills,Week3,382.0 Vienna Aquatic - 20.0 Virginia Hills
Vienna Aquatic,Week5,Laurel Hill,Week2,362.0 Vienna Aquatic - 36.0 Laurel Hill
Vienna Woods,Week1,McLean,Week5,213.0 McLean - 189.0 Vienna Woods
Vienna Aquatic,Week2,Lee Graham,Week1,210.0 Vienna Aquatic - 192.0 Lee Graham
Vienna Woods,Week1,Fox Mill Estates,Week4,303.0 Vienna Woods - 99.0 Fox Mill Estates
Vienna Aquatic,Week3,Laurel Hill,Week3,338.0 Vienna Aquatic - 64.0 Laurel Hill
Vienna Woods,Week2,South Run,Week4,319.0 Vienna Woods - 82.0 South Run
Vienna Aquatic,Week5,Mantua,Week3,246.5 Vienna Aquatic - 155.5 Mantua
Vienna Woods,Week2,Mosby Woods,Week2,226.0 Vienna Woods - 176.0 Mosby Woods
Vienna Aquatic,Week3,Virginia Run,Week1,263.0 Vienna Aquatic - 139.0 Virginia Run
Vienna Aquatic,Week3,Laurel Hill,Week2,353.0 Vienna Aquatic - 49.0 Laurel Hill
Vienna Woods,Week4,South Run,Week1,277.0 Vienna Woods - 116.0 South Run
Vienna Aquatic,Week5,Laurel Hill,Week3,356.0 Vienna Aquatic - 46.0 Laurel Hill
Vienna Woods,Week1,Fox Mill Estates,Week5,313.0 Vienna Woods - 89.0 Fox Mill Estates
Vienna Woods,Week4,Mantua,Week1,240.0 Vienna Woods - 157.0 Mantua
Vienna Woods,Week4,Fox Hunt,Week5,257.0 Vienna Woods - 145.0 Fox Hunt
Vienna Woods,Week5,Somerset-Olde Creek,Week4,376.0 Vienna Woods - 26.0 Somerset-Olde Creek
Vienna Aquatic,Week5,Virginia Hills,Week3,389.0 Vienna Aquatic - 13.0 Virginia Hills
Vienna Aquatic,Week3,Mosby Woods,Week4,248.0 Vienna Aquatic - 154.0 Mosby Woods
Vienna Aquatic,Week1,McLean,Week4,205.0 McLean - 197.0 Vienna Aquatic
Vienna Woods,Week1,Mosby Woods,Week5,236.0 Vienna Woods - 166.0 Mosby Woods
Vienna Aquatic,Week4,Laurel Hill,Week1,338.0 Vienna Aquatic - 64.0 Laurel Hill
Vienna Aquatic,Week4,McLean,Week1,209.5 McLean - 192.5 Vienna Aquatic
Vienna Aquatic,Week4,Virginia Hills,Week2,386.0 Vienna Aquatic - 16.0 Virginia Hills
Vienna Aquatic,Week1,Virginia Run,Week3,273.0 Vienna Aquatic - 129.0 Virginia Run
Vienna Woods,Week1,Fox Mill Estates,Week2,322.5 Vienna Woods - 79.5 Fox Mill Estates
Vienna Aquatic,Week3,Mosby Woods,Week2,225.5 Vienna Aquatic - 176.5 Mosby Woods
Vienna Woods,Week4,Mantua,Week3,231.0 Vienna Woods - 171.0 Mantua
Vienna Woods,Week4,South Run,Week2,303.0 Vienna Woods - 99.0 South Run
Vienna Woods,Week4,South Run,Week4,312.5 Vienna Woods - 89.5 South Run
Vienna Woods,Week3,Fox Hunt,Week4,298.0 Vienna Woods - 104.0 Fox Hunt
Vienna Aquatic,Week3,Virginia Run,Week3,285.0 Vienna Aquatic - 117.0 Virginia Run
Vienna Woods,Week2,Fox Mill Estates,Week2,304.0 Vienna Woods - 98.0 Fox Mill Estates
Vienna Woods,Week2,McLean,Week3,212.0 McLean - 190.0 Vienna Woods
Vienna Aquatic,Week4,Lee Graham,Week1,202.0 Vienna Aquatic - 195.0 Lee Graham
Vienna Aquatic,Week2,Mount Vernon Park,Week4,248.0 Vienna Aquatic - 154.0 Mount Vernon Park
Vienna Woods,Week1,McLean,Week2,210.0 McLean - 192.0 Vienna Woods
Vienna Aquatic,Week4,Laurel Hill,Week4,334.0 Vienna Aquatic - 68.0 Laurel Hill
Vienna Aquatic,Week3,Virginia Hills,Week5,376.0 Vienna Aquatic - 26.0 Virginia Hills
Vienna Woods,Week4,Mantua,Week2,254.0 Vienna Woods - 148.0 Mantua
Vienna Woods,Week3,South Run,Week1,277.0 Vienna Woods - 116.0 South Run
Vienna Aquatic,Week3,Virginia Hills,Week1,386.0 Vienna Aquatic - 16.0 Virginia Hills
Vienna Aquatic,Week3,Lee Graham,Week1,229.0 Vienna Aquatic - 173.0 Lee Graham
Vienna Woods,Week5,Fox Hunt,Week4,313.0 Vienna Woods - 89.0 Fox Hunt
Vienna Woods,Week5,Mantua,Week1,284.0 Vienna Woods - 118.0 Mantua
Vienna Aquatic,Week4,Mosby Woods,Week1,234.0 Vienna Aquatic - 168.0 Mosby Woods
Vienna Woods,Week3,Fox Hunt,Week5,292.0 Vienna Woods - 110.0 Fox Hunt
Vienna Aquatic,Week3,Mosby Woods,Week5,246.0 Vienna Aquatic - 156.0 Mosby Woods
Vienna Woods,Week5,South Run,Week2,325.0 Vienna Woods - 77.0 South Run
Vienna Aquatic,Week3,Lee Graham,Week3,215.0 Vienna Aquatic - 187.0 Lee Graham
Vienna Woods,Week1,Fox Mill Estates,Week1,324.0 Vienna Woods - 78.0 Fox Mill Estates
Vienna Aquatic,Week3,Lee Graham,Week4,215.0 Vienna Aquatic - 187.0 Lee Graham
Vienna Woods,Week4,Mantua,Week5,230.0 Vienna Woods - 172.0 Mantua
Vienna Aquatic,Week3,Lee Graham,Week5,218.0 Vienna Aquatic - 184.0 Lee Graham
Vienna Woods,Week1,South Run,Week3,310.0 Vienna Woods - 92.0 South Run
Vienna Aquatic,Week5,Mosby Woods,Week1,256.0 Vienna Aquatic - 146.0 Mosby Woods
Vienna Aquatic,Week2,Lee Graham,Week2,209.0 Vienna Aquatic - 193.0 Lee Graham
Vienna Woods,Week5,Fox Hunt,Week3,309.0 Vienna Woods - 93.0 Fox Hunt
Vienna Aquatic,Week3,Mosby Woods,Week3,247.0 Vienna Aquatic - 155.0 Mosby Woods
Vienna Woods,Week4,Mantua,Week4,241.0 Vienna Woods - 161.0 Mantua
Vienna Aquatic,Week1,Mount Vernon Park,Week3,231.0 Vienna Aquatic - 171.0 Mount Vernon Park
Vienna Woods,Week5,South Run,Week1,296.0 Vienna Woods - 97.0 South Run
Vienna Aquatic,Week3,Virginia Hills,Week2,387.0 Vienna Aquatic - 15.0 Virginia Hills
Vienna Woods,Week2,Fox Mill Estates,Week3,315.0 Vienna Woods - 86.0 Fox Mill Estates
Vienna Aquatic,Week4,Virginia Hills,Week4,389.0 Vienna Aquatic - 13.0 Virginia Hills
Vienna Aquatic,Week1,Virginia Run,Week2,277.0 Vienna Aquatic - 125.0 Virginia Run
Vienna Woods,Week5,South Run,Week4,332.0 Vienna Woods - 70.0 South Run
Vienna Woods,Week5,Springboard,Week2,374.0 Vienna Woods - 27.0 Springboard
Vienna Woods,Week4,Springboard,Week1,339.0 Vienna Woods - 62.0 Springboard
Vienna Aquatic,Week4,Virginia Hills,Week1,383.0 Vienna Aquatic - 19.0 Virginia Hills
Vienna Woods,Week4,McLean,Week1,208.0 McLean - 194.0 Vienna Woods
Vienna Aquatic,Week1,Lincolnia Park,Week3,343.0 Vienna Aquatic - 50.0 Lincolnia Park
Vienna Aquatic,Week1,Mosby Woods,Week1,226.0 Vienna Aquatic - 176.0 Mosby Woods
Vienna Woods,Week4,Fox Mill Woods,Week2,235.0 Vienna Woods - 167.0 Fox Mill Woods
Vienna Aquatic,Week5,Lincolnia Park,Week1,371.0 Vienna Aquatic - 26.0 Lincolnia Park
Vienna Woods,Week5,Springboard,Week4,361.0 Vienna Woods - 41.0 Springboard
Vienna Woods,Week2,McLean,Week1,206.5 McLean - 195.5 Vienna Woods
Vienna Aquatic,Week1,Mount Vernon Park,Week5,236.0 Vienna Aquatic - 166.0 Mount Vernon Park
Vienna Aquatic,Week4,Lee Graham,Week2,206.5 Vienna Aquatic - 195.5 Lee Graham
Vienna Woods,Week4,Springboard,Week3,350.5 Vienna Woods - 50.5 Springboard
Vienna Woods,Week5,McLean,Week1,244.5 Vienna Woods - 157.5 McLean
Vienna Aquatic,Week4,Lee Graham,Week4,211.0 Vienna Aquatic - 191.0 Lee Graham
Vienna Woods,Week2,McLean,Week5,224.0 McLean - 178.0 Vienna Woods
Vienna Aquatic,Week4,Lincolnia Park,Week4,361.0 Vienna Aquatic - 40.0 Lincolnia Park
Vienna Aquatic,Week5,Lee Graham,Week4,244.0 Vienna Aquatic - 158.0 Lee Graham
Vienna Aquatic,Week3,Virginia Hills,Week4,388.0 Vienna Aquatic - 14.0 Virginia Hills
Vienna Woods,Week3,Fox Mill Estates,Week1,337.0 Vienna Woods - 65.0 Fox Mill Estates
Vienna Woods,Week4,Springboard,Week4,327.0 Vienna Woods - 70.0 Springboard
Vienna Woods,Week4,McLean,Week4,214.0 McLean - 188.0 Vienna Woods
Vienna Aquatic,Week4,Virginia Hills,Week5,378.0 Vienna Aquatic - 24.0 Virginia Hills
Vienna Aquatic,Week1,Mount Vernon Park,Week2,250.5 Vienna Aquatic - 151.5 Mount Vernon Park
Vienna Woods,Week5,Fox Mill Estates,Week1,354.0 Vienna Woods - 48.0 Fox Mill Estates
Vienna Aquatic,Week1,Mosby Woods,Week4,246.5 Vienna Aquatic - 155.5 Mosby Woods
Vienna Woods,Week5,Mantua,Week4,290.0 Vienna Woods - 112.0 Mantua
Vienna Woods,Week1,Springboard,Week2,357.0 Vienna Woods - 40.0 Springboard
Vienna Woods,Week1,McLean,Week3,214.0 Vienna Woods - 188.0 McLean
Vienna Woods,Week2,Fox Mill Estates,Week5,303.5 Vienna Woods - 98.5 Fox Mill Estates
Vienna Woods,Week4,Fox Mill Woods,Week4,228.0 Vienna Woods - 174.0 Fox Mill Woods
Vienna Aquatic,Week4,Virginia Hills,Week3,385.0 Vienna Aquatic - 17.0 Virginia Hills
Vienna Aquatic,Week2,Mosby Woods,Week1,230.0 Vienna Aquatic - 172.0 Mosby Woods
Vienna Aquatic,Week5,Virginia Hills,Week1,387.0 Vienna Aquatic - 15.0 Virginia Hills
Vienna Aquatic,Week1,Virginia Run,Week4,255.0 Vienna Aquatic - 147.0 Virginia Run
Vienna Aquatic,Week1,Virginia Hills,Week5,375.0 Vienna Aquatic - 27.0 Virginia Hills
Vienna Woods,Week5,Fox Mill Estates,Week5,328.0 Vienna Woods - 74.0 Fox Mill Estates
Vienna Aquatic,Week4,Mosby Woods,Week3,241.0 Vienna Aquatic - 156.0 Mosby Woods
Vienna Woods,Week5,Fox Mill Woods,Week2,275.0 Vienna Woods - 127.0 Fox Mill Woods
Vienna Woods,Week5,Springboard,Week1,363.0 Vienna Woods - 38.0 Springboard
Vienna Aquatic,Week4,Mosby Woods,Week2,225.0 Vienna Aquatic - 177.0 Mosby Woods
Vienna Woods,Week3,Springboard,Week3,364.0 Vienna Woods - 37.0 Springboard
Vienna Aquatic,Week5,Virginia Hills,Week4,389.0 Vienna Aquatic - 13.0 Virginia Hills
Vienna Aquatic,Week5,Lincolnia Park,Week3,355.0 Vienna Aquatic - 37.0 Lincolnia Park
Vienna Aquatic,Week1,Mosby Woods,Week2,230.0 Vienna Aquatic - 172.0 Mosby Woods
Vienna Aquatic,Week2,Mosby Woods,Week2,225.0 Vienna Aquatic - 177.0 Mosby Woods
Vienna Woods,Week3,McLean,Week3,213.0 Vienna Woods - 189.0 McLean
Vienna Woods,Week4,Springboard,Week2,357.0 Vienna Woods - 39.0 Springboard
Vienna Aquatic,Week2,Mosby Woods,Week5,234.0 Vienna Aquatic - 168.0 Mosby Woods
Vienna Woods,Week4,McLean,Week5,231.0 McLean - 171.0 Vienna Woods
Vienna Aquatic,Week5,Virginia Hills,Week2,383.0 Vienna Aquatic - 18.0 Virginia Hills
Vienna Woods,Week5,Fox Mill Woods,Week5,283.0 Vienna Woods - 119.0 Fox Mill Woods
Vienna Woods,Week1,Fox Mill Woods,Week2,248.0 Vienna Woods - 154.0 Fox Mill Woods
Vienna Aquatic,Week5,Lincolnia Park,Week2,371.0 Vienna Aquatic - 22.0 Lincolnia Park
Vienna Woods,Week1,Springboard,Week1,342.0 Vienna Woods - 60.0 Springboard
Vienna Woods,Week5,McLean,Week3,231.0 Vienna Woods - 171.0 McLean
Vienna Aquatic,Week2,Virginia Hills,Week3,385.0 Vienna Aquatic - 17.0 Virginia Hills
Vienna Woods,Week5,Fox Mill Woods,Week4,282.0 Vienna Woods - 120.0 Fox Mill Woods
Vienna Aquatic,Week4,Lee Graham,Week5,207.0 Lee Graham - 195.0 Vienna Aquatic
Vienna Aquatic,Week2,Virginia Hills,Week2,382.0 Vienna Aquatic - 20.0 Virginia Hills
Vienna Aquatic,Week5,Lee Graham,Week1,233.5 Vienna Aquatic - 168.5 Lee Graham
Vienna Aquatic,Week5,Mosby Woods,Week3,266.5 Vienna Aquatic - 135.5 Mosby Woods
Vienna Woods,Week4,McLean,Week3,210.0 McLean - 187.0 Vienna Woods
Vienna Woods,Week1,Mosby Woods,Week2,235.0 Vienna Woods - 167.0 Mosby Woods
Vienna Woods,Week3,Fox Mill Woods,Week1,237.0 Vienna Woods - 165.0 Fox Mill Woods
Vienna Aquatic,Week1,Lincolnia Park,Week5,344.0 Vienna Aquatic - 49.0 Lincolnia Park
Vienna Woods,Week4,Fox Mill Estates,Week5,296.0 Vienna Woods - 106.0 Fox Mill Estates
Vienna Aquatic,Week2,Mount Vernon Park,Week1,239.0 Vienna Aquatic - 163.0 Mount Vernon Park
Vienna Woods,Week5,Fox Mill Woods,Week1,253.0 Vienna Woods - 149.0 Fox Mill Woods
Vienna Woods,Week3,Fox Mill Woods,Week3,264.0 Vienna Woods - 138.0 Fox Mill Woods
Vienna Woods,Week1,Mosby Woods,Week1,219.0 Vienna Woods - 183.0 Mosby Woods
Vienna Woods,Week5,McLean,Week4,224.5 Vienna Woods - 177.5 McLean
Vienna Aquatic,Week3,Lincolnia Park,Week4,371.0 Vienna Aquatic - 31.0 Lincolnia Park
Vienna Aquatic,Week2,Virginia Run,Week2,266.0 Vienna Aquatic - 136.0 Virginia Run
Vienna Aquatic,Week2,Virginia Hills,Week1,386.0 Vienna Aquatic - 16.0 Virginia Hills
Vienna Woods,Week2,Springboard,Week1,341.0 Vienna Woods - 57.0 Springboard
Vienna Woods,Week5,Springboard,Week3,370.0 Vienna Woods - 31.0 Springboard
Vienna Woods,Week1,Fox Mill Woods,Week1,237.0 Vienna Woods - 165.0 Fox Mill Woods
Vienna Aquatic,Week1,Virginia Run,Week1,254.0 Vienna Aquatic - 148.0 Virginia Run
Vienna Woods,Week3,Springboard,Week5,345.0 Vienna Woods - 56.0 Springboard
Vienna Woods,Week4,Springboard,Week5,338.0 Vienna Woods - 63.0 Springboard
Vienna Aquatic,Week5,Virginia Hills,Week5,380.0 Vienna Aquatic - 22.0 Virginia Hills
Vienna Aquatic,Week5,Lee Graham,Week3,248.0 Vienna Aquatic - 154.0 Lee Graham
Vienna Aquatic,Week5,Mosby Woods,Week4,285.5 Vienna Aquatic - 116.5 Mosby Woods
Vienna Woods,Week2,Springfield,Week5,388.0 Vienna Woods - 13.0 Springfield
Vienna Aquatic,Week5,Lee Graham,Week2,240.0 Vienna Aquatic - 162.0 Lee Graham
Vienna Aquatic,Week5,Lincolnia Park,Week4,367.0 Vienna Aquatic - 31.0 Lincolnia Park
Vienna Aquatic,Week2,Virginia Run,Week1,251.0 Vienna Aquatic - 151.0 Virginia Run
Vienna Woods,Week1,Fox Mill Woods,Week5,241.0 Vienna Woods - 161.0 Fox Mill Woods
Vienna Aquatic,Week2,Virginia Hills,Week4,385.0 Vienna Aquatic - 17.0 Virginia Hills
Vienna Aquatic,Week1,Mosby Woods,Week5,223.5 Vienna Aquatic - 178.5 Mosby Woods
Vienna Woods,Week5,McLean,Week5,213.0 Vienna Woods - 189.0 McLean
Vienna Aquatic,Week4,Mosby Woods,Week4,260.0 Vienna Aquatic - 142.0 Mosby Woods
Vienna Woods,Week4,Fox Mill Estates,Week4,288.0 Vienna Woods - 114.0 Fox Mill Estates
Vienna Woods,Week1,Mosby Woods,Week4,248.0 Vienna Woods - 154.0 Mosby Woods
Vienna Woods,Week1,Mosby Woods,Week3,240.0 Vienna Woods - 162.0 Mosby Woods
Vienna Woods,Week3,Springboard,Week4,344.0 Vienna Woods - 58.0 Springboard
Vienna Aquatic,Week1,Mosby Woods,Week3,248.0 Vienna Aquatic - 154.0 Mosby Woods
Vienna Aquatic,Week1,Lincolnia Park,Week4,359.0 Vienna Aquatic - 43.0 Lincolnia Park
Vienna Woods,Week2,Springboard,Week5,334.0 Vienna Woods - 64.0 Springboard
Vienna Aquatic,Week2,Mosby Woods,Week3,242.0 Vienna Aquatic - 160.0 Mosby Woods
Vienna Woods,Week2,Fox Mill Woods,Week1,226.0 Vienna Woods - 176.0 Fox Mill Woods
Vienna Aquatic,Week3,Virginia Run,Week2,274.0 Vienna Aquatic - 128.0 Virginia Run
Vienna Aquatic,Week5,Mosby Woods,Week5,262.0 Vienna Aquatic - 140.0 Mosby Woods
Vienna Aquatic,Week3,Mosby Woods,Week1,227.0 Vienna Aquatic - 175.0 Mosby Woods
Vienna Woods,Week2,Mosby Woods,Week5,235.0 Vienna Woods - 167.0 Mosby Woods
Vienna Woods,Week3,Mosby Woods,Week2,231.0 Vienna Woods - 171.0 Mosby Woods
Vienna Aquatic,Week2,Lincolnia Park,Week3,334.0 Vienna Aquatic - 59.0 Lincolnia Park
Vienna Aquatic,Week2,Mosby Woods,Week4,254.0 Vienna Aquatic - 148.0 Mosby Woods
Vienna Woods,Week1,Springfield,Week1,385.0 Vienna Woods - 17.0 Springfield
Vienna Woods,Week2,Fox Mill Woods,Week5,233.0 Vienna Woods - 169.0 Fox Mill Woods
Vienna Aquatic,Week2,Virginia Run,Week4,255.0 Vienna Aquatic - 147.0 Virginia Run
Vienna Woods,Week1,Springboard,Week3,352.0 Vienna Woods - 50.0 Springboard
Vienna Woods,Week3,Springboard,Week1,356.0 Vienna Woods - 45.0 Springboard
Vienna Aquatic,Week5,Mosby Woods,Week2,258.0 Vienna Aquatic - 144.0 Mosby Woods
Vienna Woods,Week2,Fox Mill Woods,Week2,248.0 Vienna Woods - 154.0 Fox Mill Woods
Vienna Aquatic,Week4,Lincolnia Park,Week3,343.0 Vienna Aquatic - 49.0 Lincolnia Park
Vienna Aquatic,Week1,Wakefield Chapel,Week5,227.0 Wakefield Chapel - 175.0 Vienna Aquatic
Vienna Aquatic,Week4,Lincolnia Park,Week1,359.0 Vienna Aquatic - 41.0 Lincolnia Park
Vienna Aquatic,Week2,Lincolnia Park,Week5,334.0 Vienna Aquatic - 59.0 Lincolnia Park
Vienna Woods,Week3,Mosby Woods,Week1,236.0 Vienna Woods - 166.0 Mosby Woods
Vienna Aquatic,Week4,Mosby Woods,Week5,231.0 Vienna Aquatic - 171.0 Mosby Woods
Vienna Woods,Week5,Fox Mill Estates,Week2,344.0 Vienna Woods - 58.0 Fox Mill Estates
Vienna Woods,Week2,Mosby Woods,Week1,214.0 Vienna Woods - 188.0 Mosby Woods
Vienna Aquatic,Week3,Wakefield Chapel,Week1,203.0 Vienna Aquatic - 199.0 Wakefield Chapel
Vienna Woods,Week2,Springboard,Week2,349.0 Vienna Woods - 49.0 Springboard
Vienna Aquatic,Week3,Lincolnia Park,Week3,352.0 Vienna Aquatic - 41.0 Lincolnia Park
Vienna Aquatic,Week2,Virginia Run,Week5,229.0 Vienna Aquatic - 173.0 Virginia Run
Vienna Aquatic,Week2,Virginia Run,Week3,273.0 Vienna Aquatic - 129.0 Virginia Run
Vienna Woods,Week4,Fox Mill Woods,Week1,216.0 Vienna Woods - 186.0 Fox Mill Woods
Vienna Woods,Week2,Mosby Woods,Week3,235.0 Vienna Woods - 167.0 Mosby Woods
Vienna Aquatic,Week5,Lee Graham,Week5,233.0 Vienna Aquatic - 169.0 Lee Graham
Vienna Woods,Week2,Mosby Woods,Week4,242.0 Vienna Woods - 160.0 Mosby Woods
Vienna Aquatic,Week2,Lincolnia Park,Week4,360.0 Vienna Aquatic - 42.0 Lincolnia Park
Vienna Woods,Week2,Springfield,Week1,387.0 Vienna Woods - 14.0 Springfield
Vienna Woods,Week1,Springboard,Week4,340.0 Vienna Woods - 62.0 Springboard
Vienna Woods,Week3,Fox Mill Woods,Week5,251.0 Vienna Woods - 151.0 Fox Mill Woods
Vienna Aquatic,Week1,Mount Vernon Park,Week1,243.0 Vienna Aquatic - 159.0 Mount Vernon Park
Vienna Woods,Week1,Fox Mill Woods,Week4,249.5 Vienna Woods - 152.5 Fox Mill Woods
Vienna Woods,Week5,Fox Mill Estates,Week4,324.0 Vienna Woods - 78.0 Fox Mill Estates
Vienna Aquatic,Week1,Mount Vernon Park,Week4,255.0 Vienna Aquatic - 147.0 Mount Vernon Park
Vienna Aquatic,Week5,Virginia Run,Week4,296.0 Vienna Aquatic - 106.0 Virginia Run
Vienna Aquatic,Week4,Virginia Run,Week1,264.0 Vienna Aquatic - 138.0 Virginia Run
Vienna Aquatic,Week1,Lincolnia Park,Week2,366.0 Vienna Aquatic - 27.0 Lincolnia Park
Vienna Woods,Week1,Springboard,Week5,332.5 Vienna Woods - 69.5 Springboard
Vienna Woods,Week2,Fox Mill Woods,Week3,254.0 Vienna Woods - 148.0 Fox Mill Woods
Vienna Woods,Week3,Springboard,Week2,373.0 Vienna Woods - 28.0 Springboard
Vienna Woods,Week4,Mosby Woods,Week1,202.0 Vienna Woods - 200.0 Mosby Woods
Vienna Woods,Week3,Mosby Woods,Week3,244.0 Vienna Woods - 158.0 Mosby Woods
Vienna Aquatic,Week2,Mount Vernon Park,Week2,244.0 Vienna Aquatic - 158.0 Mount Vernon Park
Vienna Aquatic,Week2,Lincolnia Park,Week2,360.0 Vienna Aquatic - 33.0 Lincolnia Park
Vienna Woods,Week3,Mosby Woods,Week4,261.0 Vienna Woods - 141.0 Mosby Woods
Vienna Aquatic,Week2,Mount Vernon Park,Week3,226.0 Vienna Aquatic - 176.0 Mount Vernon Park
Vienna Aquatic,Week4,Lincolnia Park,Week2,360.0 Vienna Aquatic - 33.0 Lincolnia Park
Vienna Aquatic,Week4,Virginia Run,Week3,287.0 Vienna Aquatic - 115.0 Virginia Run
Vienna Woods,Week3,Mosby Woods,Week5,235.0 Vienna Woods - 167.0 Mosby Woods
Vienna Aquatic,Week2,Wakefield Chapel,Week1,224.0 Wakefield Chapel - 178.0 Vienna Aquatic
Vienna Woods,Week3,Fox Mill Woods,Week4,252.0 Vienna Woods - 150.0 Fox Mill Woods
Vienna Woods,Week2,Springboard,Week3,351.0 Vienna Woods - 47.0 Springboard
Vienna Aquatic,Week1,Lincolnia Park,Week1,365.0 Vienna Aquatic - 37.0 Lincolnia Park
Vienna Aquatic,Week5,Virginia Run,Week2,301.0 Vienna Aquatic - 101.0 Virginia Run
Vienna Woods,Week2,Springfield,Week2,388.0 Vienna Woods - 13.0 Springfield
Vienna Woods,Week4,Fox Mill Woods,Week5,219.0 Vienna Woods - 183.0 Fox Mill Woods
Vienna Woods,Week1,Springfield,Week3,383.0 Vienna Woods - 19.0 Springfield
Vienna Aquatic,Week3,Lincolnia Park,Week5,354.0 Vienna Aquatic - 39.0 Lincolnia Park
Vienna Aquatic,Week3,Mount Vernon Park,Week4,257.5 Vienna Aquatic - 144.5 Mount Vernon Park
Vienna Woods,Week1,Great Falls,Week1,299.0 Vienna Woods - 103.0 Great Falls
Vienna Woods,Week2,Springfield,Week3,386.0 Vienna Woods - 12.0 Springfield
Vienna Aquatic,Week3,Lincolnia Park,Week1,371.0 Vienna Aquatic - 31.0 Lincolnia Park
Vienna Woods,Week5,Springboard,Week5,355.0 Vienna Woods - 46.0 Springboard
Vienna Aquatic,Week5,Virginia Run,Week5,278.0 Vienna Aquatic - 124.0 Virginia Run
Vienna Aquatic,Week4,Mount Vernon Park,Week2,245.0 Vienna Aquatic - 157.0 Mount Vernon Park
Vienna Woods,Week2,Springboard,Week4,335.0 Vienna Woods - 66.0 Springboard
Vienna Woods,Week1,Springfield,Week5,384.0 Vienna Woods - 13.0 Springfield
Vienna Aquatic,Week4,Mount Vernon Park,Week1,231.0 Vienna Aquatic - 171.0 Mount Vernon Park
Vienna Woods,Week1,Springfield,Week4,386.0 Vienna Woods - 11.0 Springfield
Vienna Aquatic,Week3,Mount Vernon Park,Week3,243.0 Vienna Aquatic - 159.0 Mount Vernon Park
Vienna Aquatic,Week3,Mount Vernon Park,Week2,249.0 Vienna Aquatic - 153.0 Mount Vernon Park
Vienna Woods,Week4,Fox Mill Woods,Week3,244.0 Vienna Woods - 158.0 Fox Mill Woods
Vienna Aquatic,Week1,Wakefield Chapel,Week4,202.0 Wakefield Chapel - 200.0 Vienna Aquatic
Vienna Aquatic,Week3,Lincolnia Park,Week2,369.0 Vienna Aquatic - 24.0 Lincolnia Park
Vienna Aquatic,Week3,Little Hunting Park,Week1,332.0 Vienna Aquatic - 70.0 Little Hunting Park
Vienna Woods,Week3,Fox Mill Woods,Week2,258.0 Vienna Woods - 144.0 Fox Mill Woods
Vienna Woods,Week5,Fox Mill Estates,Week3,338.0 Vienna Woods - 64.0 Fox Mill Estates
Vienna Woods,Week5,Fox Mill Woods,Week3,278.0 Vienna Woods - 124.0 Fox Mill Woods
Vienna Aquatic,Week3,Mount Vernon Park,Week5,233.0 Vienna Aquatic - 169.0 Mount Vernon Park
Vienna Woods,Week2,Fox Mill Woods,Week4,249.0 Vienna Woods - 153.0 Fox Mill Woods
Vienna Aquatic,Week4,Lincolnia Park,Week5,345.0 Vienna Aquatic - 47.0 Lincolnia Park
Vienna Aquatic,Week3,Wakefield Chapel,Week4,211.0 Vienna Aquatic - 191.0 Wakefield Chapel
Vienna Aquatic,Week1,Little Hunting Park,Week2,339.0 Vienna Aquatic - 63.0 Little Hunting Park
Vienna Aquatic,Week4,Wakefield Chapel,Week2,205.0 Wakefield Chapel - 197.0 Vienna Aquatic
Vienna Aquatic,Week4,Wakefield Chapel,Week1,225.0 Wakefield Chapel - 177.0 Vienna Aquatic
Vienna Woods,Week1,Fox Mill Woods,Week3,256.0 Vienna Woods - 146.0 Fox Mill Woods
Vienna Aquatic,Week3,Mount Vernon Park,Week1,261.0 Vienna Aquatic - 141.0 Mount Vernon Park
Vienna Woods,Week1,Springfield,Week2,383.0 Vienna Woods - 14.0 Springfield
Vienna Woods,Week4,Mosby Woods,Week2,202.0 Vienna Woods - 200.0 Mosby Woods
Vienna Aquatic,Week3,Wakefield Chapel,Week5,207.0 Wakefield Chapel - 195.0 Vienna Aquatic
Vienna Aquatic,Week2,Mount Vernon Park,Week5,217.0 Vienna Aquatic - 185.0 Mount Vernon Park
Vienna Aquatic,Week4,Virginia Run,Week4,270.0 Vienna Aquatic - 132.0 Virginia Run
Vienna Aquatic,Week2,Lincolnia Park,Week1,356.0 Vienna Aquatic - 46.0 Lincolnia Park
Vienna Aquatic,Week1,Wakefield Chapel,Week3,224.0 Wakefield Chapel - 178.0 Vienna Aquatic
Vienna Aquatic,Week2,Little Hunting Park,Week2,326.0 Vienna Aquatic - 76.0 Little Hunting Park
Vienna Aquatic,Week5,Virginia Run,Week1,295.0 Vienna Aquatic - 107.0 Virginia Run
Vienna Aquatic,Week4,Mount Vernon Park,Week3,229.0 Vienna Aquatic - 173.0 Mount Vernon Park
Vienna Aquatic,Week3,Little Hunting Park,Week2,341.0 Vienna Aquatic - 61.0 Little Hunting Park
Vienna Woods,Week1,Great Falls,Week3,290.0 Vienna Woods - 112.0 Great Falls
Vienna Woods,Week2,Great Falls,Week1,302.0 Vienna Woods - 100.0 Great Falls
Vienna Aquatic,Week2,Little Hunting Park,Week3,331.0 Vienna Aquatic - 71.0 Little Hunting Park
Vienna Woods,Week3,Springfield,Week4,393.0 Vienna Woods - 9.0 Springfield
Vienna Woods,Week2,Springfield,Week4,389.0 Vienna Woods - 12.0 Springfield
Vienna Aquatic,Week3,Little Hunting Park,Week4,330.0 Vienna Aquatic - 72.0 Little Hunting Park
Vienna Aquatic,Week1,Wakefield Chapel,Week1,225.0 Wakefield Chapel - 177.0 Vienna Aquatic
Vienna Woods,Week5,Springfield,Week2,392.0 Vienna Woods - 8.0 Springfield
Vienna Woods,Week2,Stratford,Week3,349.0 Vienna Woods - 53.0 Stratford
Vienna Woods,Week3,Great Falls,Week2,297.0 Vienna Woods - 87.0 Great Falls
Vienna Woods,Week1,Great Falls,Week5,268.0 Vienna Woods - 134.0 Great Falls
Vienna Aquatic,Week1,Wakefield Chapel,Week2,204.0 Wakefield Chapel - 198.0 Vienna Aquatic
Vienna Aquatic,Week3,Virginia Run,Week4,270.0 Vienna Aquatic - 132.0 Virginia Run
Vienna Woods,Week2,Stratford,Week4,336.0 Vienna Woods - 66.0 Stratford
Vienna Aquatic,Week3,Virginia Run,Week5,255.0 Vienna Aquatic - 147.0 Virginia Run
Vienna Aquatic,Week4,Virginia Run,Week5,248.0 Vienna Aquatic - 154.0 Virginia Run
Vienna Woods,Week3,Stratford,Week2,360.0 Vienna Woods - 42.0 Stratford
Vienna Woods,Week2,Great Falls,Week2,289.0 Vienna Woods - 95.0 Great Falls
Vienna Woods,Week3,Great Falls,Week1,313.0 Vienna Woods - 89.0 Great Falls
Vienna Aquatic,Week2,Wakefield Chapel,Week2,204.0 Wakefield Chapel - 198.0 Vienna Aquatic
Vienna Aquatic,Week2,Wakefield Chapel,Week4,212.0 Vienna Aquatic - 190.0 Wakefield Chapel
Vienna Woods,Week2,Stratford,Week5,355.5 Vienna Woods - 46.5 Stratford
Vienna Aquatic,Week3,Little Hunting Park,Week5,323.0 Vienna Aquatic - 79.0 Little Hunting Park
Vienna Aquatic,Week1,Little Hunting Park,Week5,323.0 Vienna Aquatic - 79.0 Little Hunting Park
Vienna Woods,Week2,Great Falls,Week5,258.0 Vienna Woods - 144.0 Great Falls
Vienna Woods,Week5,Springfield,Week5,393.0 Vienna Woods - 8.0 Springfield
Vienna Woods,Week2,Great Falls,Week4,282.0 Vienna Woods - 120.0 Great Falls
Vienna Aquatic,Week4,Little Hunting Park,Week1,329.0 Vienna Aquatic - 73.0 Little Hunting Park
Vienna Aquatic,Week1,Little Hunting Park,Week1,328.0 Vienna Aquatic - 74.0 Little Hunting Park
Vienna Aquatic,Week1,Little Hunting Park,Week3,329.0 Vienna Aquatic - 73.0 Little Hunting Park
Vienna Woods,Week4,Stratford,Week3,332.0 Vienna Woods - 70.0 Stratford
Vienna Woods,Week2,Great Falls,Week3,277.0 Vienna Woods - 125.0 Great Falls
Vienna Woods,Week4,Springfield,Week5,388.0 Vienna Woods - 8.0 Springfield
Vienna Aquatic,Week4,Little Hunting Park,Week4,327.0 Vienna Aquatic - 75.0 Little Hunting Park
Vienna Woods,Week5,Stratford,Week1,360.0 Vienna Woods - 42.0 Stratford
Vienna Woods,Week3,Springfield,Week1,394.0 Vienna Woods - 8.0 Springfield
Vienna Woods,Week3,Springfield,Week5,396.0 Vienna Woods - 6.0 Springfield
Vienna Woods,Week5,Springfield,Week4,390.0 Vienna Woods - 11.0 Springfield
Vienna Woods,Week3,Great Falls,Week3,293.0 Vienna Woods - 109.0 Great Falls
Vienna Woods,Week1,Great Falls,Week4,289.0 Vienna Woods - 108.0 Great Falls
Vienna Aquatic,Week4,Little Hunting Park,Week3,336.0 Vienna Aquatic - 66.0 Little Hunting Park
Vienna Aquatic,Week4,Little Hunting Park,Week2,323.0 Vienna Aquatic - 79.0 Little Hunting Park
Vienna Aquatic,Week5,Virginia Run,Week3,306.0 Vienna Aquatic - 96.0 Virginia Run
Vienna Aquatic,Week2,Wakefield Chapel,Week5,228.0 Wakefield Chapel - 174.0 Vienna Aquatic
Vienna Aquatic,Week5,Little Hunting Park,Week1,345.0 Vienna Aquatic - 56.0 Little Hunting Park
Vienna Woods,Week1,Great Falls,Week2,277.0 Vienna Woods - 102.0 Great Falls
Vienna Aquatic,Week2,Wakefield Chapel,Week3,216.0 Wakefield Chapel - 186.0 Vienna Aquatic
Vienna Aquatic,Week4,Little Hunting Park,Week5,308.0 Vienna Aquatic - 93.0 Little Hunting Park
Vienna Woods,Week3,Great Falls,Week4,295.0 Vienna Woods - 107.0 Great Falls
Vienna Woods,Week4,Great Falls,Week1,289.0 Vienna Woods - 113.0 Great Falls
Vienna Aquatic,Week5,Lincolnia Park,Week5,353.5 Vienna Aquatic - 38.5 Lincolnia Park
Vienna Aquatic,Week3,Wakefield Chapel,Week3,204.0 Vienna Aquatic - 198.0 Wakefield Chapel
Vienna Woods,Week4,Springfield,Week1,387.0 Vienna Woods - 9.0 Springfield
Vienna Aquatic,Week4,Virginia Run,Week2,281.0 Vienna Aquatic - 121.0 Virginia Run
Vienna Woods,Week4,Springfield,Week4,387.0 Vienna Woods - 10.0 Springfield
Vienna Aquatic,Week3,Lake Braddock,Week1,361.0 Vienna Aquatic - 41.0 Lake Braddock
Vienna Aquatic,Week4,Sleepy Hollow B & R,Week1,286.0 Vienna Aquatic - 116.0 Sleepy Hollow B & R
Vienna Aquatic,Week2,Little Hunting Park,Week5,310.0 Vienna Aquatic - 92.0 Little Hunting Park
Vienna Aquatic,Week1,Lake Braddock,Week1,359.0 Vienna Aquatic - 43.0 Lake Braddock
Vienna Woods,Week5,Springfield,Week3,392.0 Vienna Woods - 8.0 Springfield
Vienna Aquatic,Week1,Sleepy Hollow Rec,Week3,328.0 Vienna Aquatic - 74.0 Sleepy Hollow Rec
Vienna Aquatic,Week2,Lake Braddock,Week2,338.0 Vienna Aquatic - 64.0 Lake Braddock
Vienna Woods,Week1,Stratford,Week4,340.0 Vienna Woods - 62.0 Stratford
Vienna Aquatic,Week3,Lake Braddock,Week5,346.0 Vienna Aquatic - 56.0 Lake Braddock
Vienna Aquatic,Week4,Sleepy Hollow B & R,Week5,247.0 Vienna Aquatic - 155.0 Sleepy Hollow B & R
Vienna Aquatic,Week5,Kings Ridge ,Week3,347.0 Vienna Aquatic - 55.0 Kings Ridge
Vienna Woods,Week4,Great Falls,Week5,255.5 Vienna Woods - 140.5 Great Falls
Vienna Woods,Week4,Great Falls,Week4,284.0 Vienna Woods - 113.0 Great Falls
Vienna Aquatic,Week2,Little Hunting Park,Week1,325.0 Vienna Aquatic - 77.0 Little Hunting Park
Vienna Aquatic,Week2,Lake Braddock,Week4,354.0 Vienna Aquatic - 48.0 Lake Braddock
Vienna Aquatic,Week3,Sleepy Hollow B & R,Week4,274.0 Vienna Aquatic - 128.0 Sleepy Hollow B & R
Vienna Aquatic,Week2,Sleepy Hollow B & R,Week2,262.0 Vienna Aquatic - 140.0 Sleepy Hollow B & R
Vienna Aquatic,Week1,Lake Braddock,Week5,352.0 Vienna Aquatic - 50.0 Lake Braddock
Vienna Woods,Week3,Stratford,Week4,357.5 Vienna Woods - 44.5 Stratford
Vienna Woods,Week5,Great Falls,Week1,327.0 Vienna Woods - 75.0 Great Falls
Vienna Aquatic,Week1,Lake Braddock,Week2,348.0 Vienna Aquatic - 54.0 Lake Braddock
Vienna Aquatic,Week2,Sleepy Hollow B & R,Week3,261.5 Vienna Aquatic - 140.5 Sleepy Hollow B & R
Vienna Woods,Week3,Springfield,Week3,391.0 Vienna Woods - 9.0 Springfield
Vienna Aquatic,Week3,Wakefield Chapel,Week2,231.0 Vienna Aquatic - 171.0 Wakefield Chapel
Vienna Aquatic,Week2,Little Hunting Park,Week4,327.5 Vienna Aquatic - 74.5 Little Hunting Park
Vienna Woods,Week3,Great Falls,Week5,278.0 Vienna Woods - 124.0 Great Falls
Vienna Woods,Week4,Springfield,Week2,384.0 Vienna Woods - 13.0 Springfield
Vienna Aquatic,Week3,Sleepy Hollow B & R,Week1,289.0 Vienna Aquatic - 113.0 Sleepy Hollow B & R
Vienna Woods,Week4,Great Falls,Week3,273.0 Vienna Woods - 124.0 Great Falls
Vienna Woods,Week3,Stratford,Week3,361.0 Vienna Woods - 41.0 Stratford
Vienna Aquatic,Week3,Little Hunting Park,Week3,341.0 Vienna Aquatic - 61.0 Little Hunting Park
Vienna Aquatic,Week5,Little Hunting Park,Week2,345.0 Vienna Aquatic - 57.0 Little Hunting Park
Vienna Aquatic,Week3,Sleepy Hollow Rec,Week4,363.0 Vienna Aquatic - 39.0 Sleepy Hollow Rec
Vienna Woods,Week4,Great Falls,Week2,278.0 Vienna Woods - 106.0 Great Falls
Vienna Woods,Week5,Springfield,Week1,391.0 Vienna Woods - 10.0 Springfield
Vienna Aquatic,Week1,Sleepy Hollow Rec,Week1,338.0 Vienna Aquatic - 64.0 Sleepy Hollow Rec
Vienna Aquatic,Week3,Lake Braddock,Week3,355.0 Vienna Aquatic - 47.0 Lake Braddock
Vienna Aquatic,Week5,Kings Ridge ,Week5,341.0 Vienna Aquatic - 61.0 Kings Ridge
Vienna Aquatic,Week1,Little Hunting Park,Week4,331.0 Vienna Aquatic - 71.0 Little Hunting Park
Vienna Woods,Week4,Springfield,Week3,383.0 Vienna Woods - 13.0 Springfield
Vienna Aquatic,Week3,Kings Ridge ,Week2,351.0 Vienna Aquatic - 51.0 Kings Ridge
Vienna Aquatic,Week2,Kings Ridge ,Week3,334.0 Vienna Aquatic - 68.0 Kings Ridge
Vienna Woods,Week4,Stratford,Week1,345.0 Vienna Woods - 57.0 Stratford
Vienna Aquatic,Week5,Sleepy Hollow B & R,Week3,299.0 Vienna Aquatic - 103.0 Sleepy Hollow B & R
Vienna Aquatic,Week4,Kings Ridge ,Week5,330.0 Vienna Aquatic - 72.0 Kings Ridge
Vienna Aquatic,Week5,Sleepy Hollow B & R,Week1,317.0 Vienna Aquatic - 85.0 Sleepy Hollow B & R
Vienna Aquatic,Week2,Sleepy Hollow B & R,Week4,264.0 Vienna Aquatic - 138.0 Sleepy Hollow B & R
Vienna Woods,Week3,Springfield,Week2,392.0 Vienna Woods - 10.0 Springfield
Vienna Aquatic,Week3,Kings Ridge ,Week5,328.0 Vienna Aquatic - 74.0 Kings Ridge
Vienna Aquatic,Week4,Kings Ridge ,Week2,339.0 Vienna Aquatic - 63.0 Kings Ridge
Vienna Aquatic,Week5,Ravensworth Farm,Week1,290.0 Vienna Aquatic - 112.0 Ravensworth Farm
Vienna Woods,Week4,Stratford,Week4,323.0 Vienna Woods - 79.0 Stratford
Vienna Aquatic,Week5,Sleepy Hollow B & R,Week4,302.0 Vienna Aquatic - 100.0 Sleepy Hollow B & R
Vienna Woods,Week2,Stratford,Week2,351.0 Vienna Woods - 51.0 Stratford
Vienna Aquatic,Week4,Sleepy Hollow Rec,Week1,344.0 Vienna Aquatic - 58.0 Sleepy Hollow Rec
Vienna Aquatic,Week3,Sleepy Hollow B & R,Week3,269.0 Vienna Aquatic - 133.0 Sleepy Hollow B & R
Vienna Aquatic,Week4,Kings Ridge ,Week3,336.0 Vienna Aquatic - 66.0 Kings Ridge
Vienna Aquatic,Week5,Lake Braddock,Week1,371.0 Vienna Aquatic - 31.0 Lake Braddock
Vienna Aquatic,Week3,Sleepy Hollow B & R,Week2,272.0 Vienna Aquatic - 130.0 Sleepy Hollow B & R
Vienna Woods,Week2,Stratford,Week1,356.0 Vienna Woods - 45.0 Stratford
Vienna Aquatic,Week2,Kings Ridge ,Week4,325.0 Vienna Aquatic - 77.0 Kings Ridge
Vienna Aquatic,Week1,Sleepy Hollow Rec,Week5,329.0 Vienna Aquatic - 73.0 Sleepy Hollow Rec
Vienna Aquatic,Week2,Kings Ridge ,Week5,319.0 Vienna Aquatic - 83.0 Kings Ridge
Vienna Aquatic,Week4,Sleepy Hollow B & R,Week2,275.0 Vienna Aquatic - 127.0 Sleepy Hollow B & R
Vienna Woods,Week1,Stratford,Week2,351.0 Vienna Woods - 51.0 Stratford
Vienna Aquatic,Week2,Sleepy Hollow B & R,Week1,274.0 Vienna Aquatic - 128.0 Sleepy Hollow B & R
Vienna Aquatic,Week1,Lake Braddock,Week3,352.0 Vienna Aquatic - 50.0 Lake Braddock
Vienna Aquatic,Week3,Sleepy Hollow B & R,Week5,244.0 Vienna Aquatic - 158.0 Sleepy Hollow B & R
Vienna Woods,Week3,Stratford,Week5,370.0 Vienna Woods - 32.0 Stratford
Vienna Woods,Week1,Stratford,Week1,348.0 Vienna Woods - 49.0 Stratford
Vienna Aquatic,Week3,Kings Ridge ,Week3,340.0 Vienna Aquatic - 62.0 Kings Ridge
Vienna Aquatic,Week4,Kings Ridge ,Week1,337.0 Vienna Aquatic - 65.0 Kings Ridge
Vienna Aquatic,Week5,Sleepy Hollow B & R,Week2,296.0 Vienna Aquatic - 106.0 Sleepy Hollow B & R
Vienna Woods,Week1,Stratford,Week5,354.0 Vienna Woods - 48.0 Stratford
Vienna Woods,Week4,Stratford,Week2,340.0 Vienna Woods - 57.0 Stratford
Vienna Woods,Week3,Stratford,Week1,361.0 Vienna Woods - 41.0 Stratford
Vienna Woods,Week1,Stratford,Week3,349.0 Vienna Woods - 53.0 Stratford
Vienna Woods,Week4,Stratford,Week5,349.0 Vienna Woods - 53.0 Stratford
Vienna Aquatic,Week2,Sleepy Hollow B & R,Week5,243.0 Vienna Aquatic - 159.0 Sleepy Hollow B & R
Vienna Aquatic,Week1,Sleepy Hollow Rec,Week2,350.0 Vienna Aquatic - 52.0 Sleepy Hollow Rec
Vienna Aquatic,Week5,Sleepy Hollow B & R,Week5,277.0 Vienna Aquatic - 125.0 Sleepy Hollow B & R
Vienna Aquatic,Week4,Sleepy Hollow B & R,Week4,264.0 Vienna Aquatic - 138.0 Sleepy Hollow B & R
Vienna Aquatic,Week5,Kings Ridge ,Week2,350.0 Vienna Aquatic - 51.0 Kings Ridge
Vienna Aquatic,Week4,Ravensworth Farm,Week5,241.0 Vienna Aquatic - 161.0 Ravensworth Farm
Vienna Aquatic,Week4,Ravensworth Farm,Week4,264.0 Vienna Aquatic - 138.0 Ravensworth Farm
Vienna Aquatic,Week3,Kings Ridge ,Week1,352.0 Vienna Aquatic - 50.0 Kings Ridge
Vienna Aquatic,Week4,Ravensworth Farm,Week1,266.0 Vienna Aquatic - 136.0 Ravensworth Farm
Vienna Woods,Week5,Sully Station,Week3,257.0 Vienna Woods - 145.0 Sully Station
Vienna Woods,Week2,Sully Station,Week5,207.0 Vienna Woods - 195.0 Sully Station
Vienna Aquatic,Week1,Sleepy Hollow Rec,Week4,362.0 Vienna Aquatic - 40.0 Sleepy Hollow Rec
Vienna Woods,Week1,Sully Station,Week4,240.5 Vienna Woods - 161.5 Sully Station
Vienna Aquatic,Week3,Kings Ridge ,Week4,339.0 Vienna Aquatic - 63.0 Kings Ridge
Vienna Woods,Week3,Sully Station,Week2,244.0 Vienna Woods - 158.0 Sully Station
Vienna Aquatic,Week5,Ravensworth Farm,Week2,301.0 Vienna Aquatic - 101.0 Ravensworth Farm
Vienna Aquatic,Week5,Kings Ridge ,Week1,353.0 Vienna Aquatic - 49.0 Kings Ridge
Vienna Aquatic,Week4,Sleepy Hollow B & R,Week3,264.5 Vienna Aquatic - 137.5 Sleepy Hollow B & R
Vienna Woods,Week2,Sully Station,Week1,226.0 Vienna Woods - 176.0 Sully Station
Vienna Aquatic,Week4,Kings Ridge ,Week4,326.0 Vienna Aquatic - 76.0 Kings Ridge
Vienna Aquatic,Week4,Ravensworth Farm,Week3,256.0 Vienna Aquatic - 146.0 Ravensworth Farm
Vienna Aquatic,Week5,Ravensworth Farm,Week3,289.0 Vienna Aquatic - 113.0 Ravensworth Farm
Vienna Aquatic,Week3,Riverside Gardens,Week4,243.0 Vienna Aquatic - 159.0 Riverside Gardens
Vienna Aquatic,Week2,Lake Braddock,Week1,356.0 Vienna Aquatic - 46.0 Lake Braddock
Vienna Aquatic,Week3,Sleepy Hollow Rec,Week1,351.0 Vienna Aquatic - 51.0 Sleepy Hollow Rec
Vienna Woods,Week2,Sully Station,Week2,232.0 Vienna Woods - 170.0 Sully Station
Vienna Aquatic,Week2,Sleepy Hollow Rec,Week1,346.0 Vienna Aquatic - 56.0 Sleepy Hollow Rec
Vienna Aquatic,Week5,Ravensworth Farm,Week5,277.5 Vienna Aquatic - 124.5 Ravensworth Farm
Vienna Aquatic,Week4,Ravensworth Farm,Week2,261.0 Vienna Aquatic - 141.0 Ravensworth Farm
Vienna Woods,Week1,Sully Station,Week3,233.0 Vienna Woods - 169.0 Sully Station
Vienna Woods,Week2,Sully Station,Week3,231.0 Vienna Woods - 171.0 Sully Station
Vienna Aquatic,Week1,Lake Braddock,Week4,359.0 Vienna Aquatic - 43.0 Lake Braddock
Vienna Aquatic,Week2,Riverside Gardens,Week3,219.0 Vienna Aquatic - 183.0 Riverside Gardens
Vienna Aquatic,Week2,Sleepy Hollow Rec,Week5,331.0 Vienna Aquatic - 71.0 Sleepy Hollow Rec
Vienna Aquatic,Week2,Lake Braddock,Week3,346.0 Vienna Aquatic - 56.0 Lake Braddock
Vienna Aquatic,Week3,Ravensworth Farm,Week4,270.0 Vienna Aquatic - 132.0 Ravensworth Farm
Vienna Woods,Week1,Sully Station,Week5,220.0 Vienna Woods - 182.0 Sully Station
Vienna Woods,Week1,Sully Station,Week1,229.0 Vienna Woods - 173.0 Sully Station
Vienna Woods,Week2,Sully Station,Week4,241.0 Vienna Woods - 161.0 Sully Station
Vienna Aquatic,Week5,Kings Ridge ,Week4,341.0 Vienna Aquatic - 61.0 Kings Ridge
Vienna Aquatic,Week2,Sleepy Hollow Rec,Week2,337.0 Vienna Aquatic - 65.0 Sleepy Hollow Rec
Vienna Aquatic,Week5,Sleepy Hollow Rec,Week3,348.0 Vienna Aquatic - 54.0 Sleepy Hollow Rec
Vienna Aquatic,Week3,Lake Braddock,Week2,344.0 Vienna Aquatic - 58.0 Lake Braddock
Vienna Aquatic,Week3,Sleepy Hollow Rec,Week3,344.0 Vienna Aquatic - 58.0 Sleepy Hollow Rec
Vienna Aquatic,Week5,Riverside Gardens,Week2,286.0 Vienna Aquatic - 116.0 Riverside Gardens
Vienna Aquatic,Week2,Sleepy Hollow Rec,Week4,357.0 Vienna Aquatic - 45.0 Sleepy Hollow Rec
Vienna Aquatic,Week1,Riverside Gardens,Week5,224.5 Vienna Aquatic - 177.5 Riverside Gardens
Vienna Aquatic,Week3,Sleepy Hollow Rec,Week2,351.0 Vienna Aquatic - 51.0 Sleepy Hollow Rec
Vienna Aquatic,Week4,Lake Braddock,Week1,356.0 Vienna Aquatic - 41.0 Lake Braddock
Vienna Aquatic,Week3,Sleepy Hollow Rec,Week5,339.0 Vienna Aquatic - 63.0 Sleepy Hollow Rec
Vienna Woods,Week5,Stratford,Week3,364.0 Vienna Woods - 38.0 Stratford
Vienna Aquatic,Week2,Lake Braddock,Week5,346.0 Vienna Aquatic - 56.0 Lake Braddock
Vienna Woods,Week5,Sully Station,Week4,276.0 Vienna Woods - 126.0 Sully Station
Vienna Aquatic,Week1,Riverside Gardens,Week2,254.0 Vienna Aquatic - 148.0 Riverside Gardens
Vienna Aquatic,Week2,Riverside Gardens,Week5,230.0 Vienna Aquatic - 172.0 Riverside Gardens
Vienna Aquatic,Week4,Lake Braddock,Week3,351.0 Vienna Aquatic - 51.0 Lake Braddock
Vienna Woods,Week3,Sully Station,Week4,246.0 Vienna Woods - 156.0 Sully Station
Vienna Aquatic,Week3,Lake Braddock,Week4,359.0 Vienna Aquatic - 43.0 Lake Braddock
Vienna Aquatic,Week2,Sleepy Hollow Rec,Week3,323.0 Vienna Aquatic - 79.0 Sleepy Hollow Rec
Vienna Woods,Week4,Sully Station,Week4,220.0 Vienna Woods - 182.0 Sully Station
Vienna Aquatic,Week3,Ravensworth Farm,Week5,268.0 Vienna Aquatic - 134.0 Ravensworth Farm
Vienna Aquatic,Week4,Lake Braddock,Week2,346.0 Vienna Aquatic - 56.0 Lake Braddock
Vienna Aquatic,Week2,Riverside Gardens,Week1,239.0 Vienna Aquatic - 163.0 Riverside Gardens
Vienna Aquatic,Week3,Riverside Gardens,Week1,257.0 Vienna Aquatic - 145.0 Riverside Gardens
Vienna Aquatic,Week1,Riverside Gardens,Week1,246.0 Vienna Aquatic - 156.0 Riverside Gardens
Vienna Aquatic,Week4,Lake Braddock,Week4,356.0 Vienna Aquatic - 46.0 Lake Braddock
Vienna Aquatic,Week4,Sleepy Hollow Rec,Week5,336.0 Vienna Aquatic - 66.0 Sleepy Hollow Rec
Vienna Aquatic,Week5,Lake Braddock,Week2,354.0 Vienna Aquatic - 47.0 Lake Braddock
Vienna Woods,Week4,Sully Station,Week2,216.0 Vienna Woods - 181.0 Sully Station
Vienna Woods,Week3,Sully Station,Week3,235.0 Vienna Woods - 167.0 Sully Station
Vienna Woods,Week3,Sully Station,Week1,232.0 Vienna Woods - 170.0 Sully Station
Vienna Woods,Week5,Sully Station,Week1,255.0 Vienna Woods - 147.0 Sully Station
Vienna Aquatic,Week4,Riverside Gardens,Week1,248.0 Vienna Aquatic - 154.0 Riverside Gardens
Vienna Woods,Week1,Sully Station,Week2,234.0 Vienna Woods - 168.0 Sully Station
Vienna Aquatic,Week1,Somerset-Olde Creek,Week2,358.0 Vienna Aquatic - 44.0 Somerset-Olde Creek
Vienna Aquatic,Week3,Lakevale Estates,Week4,219.0 Vienna Aquatic - 183.0 Lakevale Estates
Vienna Woods,Week3,Sully Station,Week5,226.0 Vienna Woods - 176.0 Sully Station
Vienna Aquatic,Week3,Somerset-Olde Creek,Week1,359.0 Vienna Aquatic - 43.0 Somerset-Olde Creek
Vienna Aquatic,Week1,Somerset-Olde Creek,Week5,355.0 Vienna Aquatic - 47.0 Somerset-Olde Creek
Vienna Woods,Week4,Sully Station,Week3,234.0 Vienna Woods - 168.0 Sully Station
Vienna Aquatic,Week5,Sleepy Hollow Rec,Week2,360.0 Vienna Aquatic - 41.0 Sleepy Hollow Rec
Vienna Aquatic,Week3,Somerset-Olde Creek,Week2,367.0 Vienna Aquatic - 35.0 Somerset-Olde Creek
Vienna Aquatic,Week2,Riverside Gardens,Week2,247.0 Vienna Aquatic - 155.0 Riverside Gardens
Vienna Aquatic,Week3,Riverside Gardens,Week5,231.0 Vienna Aquatic - 171.0 Riverside Gardens
Vienna Aquatic,Week1,Lakevale Estates,Week3,226.0 Vienna Aquatic - 176.0 Lakevale Estates
Vienna Woods,Week4,Sully Station,Week1,215.0 Vienna Woods - 187.0 Sully Station
Vienna Aquatic,Week5,Ravensworth Farm,Week4,283.0 Vienna Aquatic - 119.0 Ravensworth Farm
Vienna Aquatic,Week3,Lakevale Estates,Week3,233.0 Vienna Aquatic - 169.0 Lakevale Estates
Vienna Aquatic,Week2,Somerset-Olde Creek,Week5,349.0 Vienna Aquatic - 53.0 Somerset-Olde Creek
Vienna Aquatic,Week5,Sleepy Hollow Rec,Week1,356.0 Vienna Aquatic - 46.0 Sleepy Hollow Rec
Vienna Aquatic,Week5,Lake Braddock,Week3,361.0 Vienna Aquatic - 40.0 Lake Braddock
Vienna Aquatic,Week4,Lakevale Estates,Week1,233.0 Vienna Aquatic - 169.0 Lakevale Estates
Vienna Aquatic,Week4,Lake Braddock,Week5,345.0 Vienna Aquatic - 57.0 Lake Braddock
Vienna Aquatic,Week1,Riverside Gardens,Week3,235.0 Vienna Aquatic - 167.0 Riverside Gardens
Vienna Aquatic,Week2,Riverside Gardens,Week4,220.0 Vienna Aquatic - 182.0 Riverside Gardens
Vienna Aquatic,Week4,Sleepy Hollow Rec,Week4,357.0 Vienna Aquatic - 45.0 Sleepy Hollow Rec
Vienna Woods,Week5,Sully Station,Week2,266.0 Vienna Woods - 136.0 Sully Station
Vienna Aquatic,Week5,Lake Braddock,Week5,356.0 Vienna Aquatic - 45.0 Lake Braddock
Vienna Woods,Week5,Stratford,Week4,354.0 Vienna Woods - 48.0 Stratford
Vienna Aquatic,Week3,Lakevale Estates,Week1,248.0 Vienna Aquatic - 154.0 Lakevale Estates
Vienna Aquatic,Week3,Riverside Gardens,Week3,233.0 Vienna Aquatic - 169.0 Riverside Gardens
Vienna Aquatic,Week3,Somerset-Olde Creek,Week5,358.0 Vienna Aquatic - 44.0 Somerset-Olde Creek
Vienna Aquatic,Week1,Riverside Gardens,Week4,225.0 Vienna Aquatic - 177.0 Riverside Gardens
Vienna Aquatic,Week4,Somerset-Olde Creek,Week2,356.0 Vienna Aquatic - 46.0 Somerset-Olde Creek
Vienna Woods,Week2,Sully Station II,Week5,224.0 Vienna Woods - 178.0 Sully Station II
Vienna Woods,Week4,Sully Station,Week5,204.0 Sully Station - 198.0 Vienna Woods
Vienna Aquatic,Week3,Somerset-Olde Creek,Week3,373.0 Vienna Aquatic - 29.0 Somerset-Olde Creek
Vienna Aquatic,Week4,Lakevale Estates,Week4,213.0 Lakevale Estates - 189.0 Vienna Aquatic
Vienna Aquatic,Week4,Riverside Gardens,Week3,237.0 Vienna Aquatic - 165.0 Riverside Gardens
Vienna Woods,Week5,Stratford,Week5,372.0 Vienna Woods - 30.0 Stratford
Vienna Aquatic,Week2,Lakevale Estates,Week4,205.0 Vienna Aquatic - 197.0 Lakevale Estates
Vienna Aquatic,Week1,Somerset-Olde Creek,Week3,364.0 Vienna Aquatic - 38.0 Somerset-Olde Creek
Vienna Aquatic,Week5,Lake Braddock,Week4,367.0 Vienna Aquatic - 34.0 Lake Braddock
Vienna Aquatic,Week3,Riverside Gardens,Week2,262.0 Vienna Aquatic - 140.0 Riverside Gardens
Vienna Aquatic,Week4,Somerset-Olde Creek,Week1,351.0 Vienna Aquatic - 50.0 Somerset-Olde Creek
Vienna Aquatic,Week4,Riverside Gardens,Week2,259.0 Vienna Aquatic - 143.0 Riverside Gardens
Vienna Woods,Week5,Stratford,Week2,362.0 Vienna Woods - 40.0 Stratford
Vienna Woods,Week1,Sully Station II,Week2,249.0 Vienna Woods - 153.0 Sully Station II
Vienna Aquatic,Week3,Lakevale Estates,Week2,245.0 Vienna Aquatic - 157.0 Lakevale Estates
Vienna Aquatic,Week4,Lakevale Estates,Week3,214.0 Vienna Aquatic - 188.0 Lakevale Estates
Vienna Aquatic,Week3,Somerset-Olde Creek,Week4,364.5 Vienna Aquatic - 37.5 Somerset-Olde Creek
Vienna Aquatic,Week1,Greenbriar,Week1,260.0 Vienna Aquatic - 142.0 Greenbriar
Vienna Aquatic,Week4,Lakevale Estates,Week5,206.0 Lakevale Estates - 196.0 Vienna Aquatic
Vienna Aquatic,Week5,Lakevale Estates,Week1,255.0 Vienna Aquatic - 147.0 Lakevale Estates
Vienna Woods,Week2,Truro,Week3,341.0 Vienna Woods - 61.0 Truro
Vienna Woods,Week1,Sully Station II,Week3,243.0 Vienna Woods - 159.0 Sully Station II
Vienna Aquatic,Week1,Somerset-Olde Creek,Week1,360.0 Vienna Aquatic - 42.0 Somerset-Olde Creek
Vienna Aquatic,Week2,Somerset-Olde Creek,Week3,360.0 Vienna Aquatic - 42.0 Somerset-Olde Creek
Vienna Woods,Week1,Truro,Week4,329.0 Vienna Woods - 73.0 Truro
Vienna Aquatic,Week3,Rolling Forest,Week4,305.0 Vienna Aquatic - 97.0 Rolling Forest
Vienna Woods,Week2,Sully Station II,Week3,227.0 Vienna Woods - 175.0 Sully Station II
Vienna Aquatic,Week5,Sleepy Hollow Rec,Week4,373.0 Vienna Aquatic - 29.0 Sleepy Hollow Rec
Vienna Woods,Week5,Sully Station II,Week2,266.0 Vienna Woods - 136.0 Sully Station II
Vienna Aquatic,Week2,Lakevale Estates,Week3,218.0 Vienna Aquatic - 184.0 Lakevale Estates
Vienna Aquatic,Week4,Sleepy Hollow Rec,Week3,330.0 Vienna Aquatic - 72.0 Sleepy Hollow Rec
Vienna Aquatic,Week3,Rolling Forest,Week3,289.0 Vienna Aquatic - 113.0 Rolling Forest
Vienna Aquatic,Week4,Somerset-Olde Creek,Week4,355.0 Vienna Aquatic - 42.0 Somerset-Olde Creek
Vienna Aquatic,Week5,Riverside Gardens,Week5,270.5 Vienna Aquatic - 131.5 Riverside Gardens
Vienna Aquatic,Week1,Greenbriar,Week3,267.0 Vienna Aquatic - 135.0 Greenbriar
Vienna Woods,Week5,Sully Station II,Week1,280.0 Vienna Woods - 122.0 Sully Station II
Vienna Aquatic,Week1,Lakevale Estates,Week5,206.0 Lakevale Estates - 196.0 Vienna Aquatic
Vienna Aquatic,Week2,Rolling Forest,Week5,279.0 Vienna Aquatic - 123.0 Rolling Forest
Vienna Aquatic,Week1,Pinecrest,Week1,221.0 Vienna Aquatic - 181.0 Pinecrest
Vienna Aquatic,Week2,Lakevale Estates,Week1,233.0 Vienna Aquatic - 169.0 Lakevale Estates
Vienna Aquatic,Week2,Somerset-Olde Creek,Week1,351.0 Vienna Aquatic - 51.0 Somerset-Olde Creek
Vienna Aquatic,Week1,Lakevale Estates,Week1,242.0 Vienna Aquatic - 160.0 Lakevale Estates
Vienna Woods,Week5,Sully Station II,Week5,249.0 Vienna Woods - 153.0 Sully Station II
Vienna Aquatic,Week1,Lakevale Estates,Week2,225.0 Vienna Aquatic - 177.0 Lakevale Estates
Vienna Aquatic,Week3,Rolling Forest,Week2,304.0 Vienna Aquatic - 98.0 Rolling Forest
Vienna Aquatic,Week2,Somerset-Olde Creek,Week4,361.0 Vienna Aquatic - 41.0 Somerset-Olde Creek
Vienna Aquatic,Week4,Riverside Gardens,Week4,237.0 Vienna Aquatic - 165.0 Riverside Gardens
Vienna Aquatic,Week4,Somerset-Olde Creek,Week3,355.0 Vienna Aquatic - 46.0 Somerset-Olde Creek
Vienna Aquatic,Week5,Riverside Gardens,Week1,283.0 Vienna Aquatic - 119.0 Riverside Gardens
Vienna Aquatic,Week4,Rolling Forest,Week4,293.5 Vienna Aquatic - 108.5 Rolling Forest
Vienna Aquatic,Week4,Lakevale Estates,Week2,220.0 Vienna Aquatic - 182.0 Lakevale Estates
Vienna Woods,Week3,Sully Station II,Week3,246.0 Vienna Woods - 156.0 Sully Station II
Vienna Woods,Week5,Sully Station II,Week3,261.0 Vienna Woods - 141.0 Sully Station II
Vienna Aquatic,Week3,Lakevale Estates,Week5,204.0 Vienna Aquatic - 198.0 Lakevale Estates
Vienna Aquatic,Week2,Rolling Forest,Week3,284.0 Vienna Aquatic - 118.0 Rolling Forest
Vienna Aquatic,Week1,Somerset-Olde Creek,Week4,367.0 Vienna Aquatic - 35.0 Somerset-Olde Creek
Vienna Aquatic,Week4,Riverside Gardens,Week5,224.0 Vienna Aquatic - 178.0 Riverside Gardens
Vienna Aquatic,Week1,Lakevale Estates,Week4,205.0 Vienna Aquatic - 197.0 Lakevale Estates
Vienna Aquatic,Week5,Great Falls,Week3,308.0 Vienna Aquatic - 94.0 Great Falls
Vienna Aquatic,Week3,Rolling Forest,Week5,281.0 Vienna Aquatic - 121.0 Rolling Forest
Vienna Aquatic,Week5,Ilda Community,Week2,362.0 Vienna Aquatic - 40.0 Ilda Community
Vienna Aquatic,Week4,South Run,Week5,273.0 Vienna Aquatic - 129.0 South Run
Vienna Woods,Week1,Truro,Week1,334.0 Vienna Woods - 68.0 Truro
Vienna Aquatic,Week4,Fox Mill Woods,Week3,245.5 Vienna Aquatic - 156.5 Fox Mill Woods
Vienna Aquatic,Week4,Fox Mill Woods,Week5,246.0 Vienna Aquatic - 156.0 Fox Mill Woods
Vienna Aquatic,Week4,Sleepy Hollow Rec,Week2,342.5 Vienna Aquatic - 59.5 Sleepy Hollow Rec
Vienna Aquatic,Week5,Riverside Gardens,Week4,260.0 Vienna Aquatic - 142.0 Riverside Gardens
Vienna Aquatic,Week5,Sleepy Hollow Rec,Week5,347.0 Vienna Aquatic - 54.0 Sleepy Hollow Rec
Vienna Aquatic,Week2,Greenbriar,Week4,277.0 Vienna Aquatic - 125.0 Greenbriar
Vienna Aquatic,Week2,Lakevale Estates,Week2,229.0 Vienna Aquatic - 173.0 Lakevale Estates
Vienna Aquatic,Week1,Rolling Forest,Week4,305.0 Vienna Aquatic - 97.0 Rolling Forest
Vienna Aquatic,Week2,Somerset-Olde Creek,Week2,352.0 Vienna Aquatic - 50.0 Somerset-Olde Creek
Vienna Woods,Week1,Sully Station II,Week4,284.0 Vienna Woods - 118.0 Sully Station II
Vienna Aquatic,Week3,Great Falls,Week3,282.0 Vienna Aquatic - 120.0 Great Falls
Vienna Aquatic,Week5,Fox Mill Woods,Week5,264.0 Vienna Aquatic - 138.0 Fox Mill Woods
Vienna Aquatic,Week1,Great Falls,Week2,275.0 Vienna Aquatic - 109.0 Great Falls
Vienna Woods,Week3,Sully Station II,Week2,261.0 Vienna Woods - 141.0 Sully Station II
Vienna Woods,Week4,Sully Station II,Week2,226.5 Vienna Woods - 175.5 Sully Station II
Vienna Aquatic,Week2,Greenbriar,Week5,275.0 Vienna Aquatic - 127.0 Greenbriar
Vienna Aquatic,Week4,Dominion Hills,Week4,270.0 Vienna Aquatic - 127.0 Dominion Hills
Vienna Woods,Week1,Truro,Week3,338.5 Vienna Woods - 63.5 Truro
Vienna Aquatic,Week4,Ilda Community,Week1,332.0 Vienna Aquatic - 70.0 Ilda Community
Vienna Woods,Week3,Sully Station II,Week1,266.5 Vienna Woods - 135.5 Sully Station II
Vienna Aquatic,Week5,Riverside Gardens,Week3,275.0 Vienna Aquatic - 127.0 Riverside Gardens
Vienna Aquatic,Week4,Rolling Forest,Week5,276.0 Vienna Aquatic - 126.0 Rolling Forest
Vienna Woods,Week1,Truro,Week2,347.0 Vienna Woods - 55.0 Truro
Vienna Aquatic,Week4,South Run,Week1,269.0 Vienna Aquatic - 124.0 South Run
Vienna Aquatic,Week1,Kent Gardens,Week4,291.0 Vienna Aquatic - 111.0 Kent Gardens
Vienna Aquatic,Week3,South Run,Week4,308.0 Vienna Aquatic - 94.0 South Run
Vienna Aquatic,Week1,Kent Gardens,Week2,302.0 Vienna Aquatic - 100.0 Kent Gardens
Vienna Aquatic,Week2,Greenbriar,Week2,250.0 Vienna Aquatic - 152.0 Greenbriar
Vienna Aquatic,Week3,Greenbriar,Week1,273.0 Vienna Aquatic - 129.0 Greenbriar
Vienna Aquatic,Week4,Rolling Forest,Week1,279.5 Vienna Aquatic - 122.5 Rolling Forest
Vienna Aquatic,Week3,Fox Mill Woods,Week3,257.0 Vienna Aquatic - 145.0 Fox Mill Woods
Vienna Aquatic,Week4,South Run,Week3,293.0 Vienna Aquatic - 109.0 South Run
Vienna Aquatic,Week2,Lakevale Estates,Week5,206.0 Lakevale Estates - 196.0 Vienna Aquatic
Vienna Aquatic,Week5,South Run,Week1,288.0 Vienna Aquatic - 105.0 South Run
Vienna Aquatic,Week3,Kent Gardens,Week5,268.0 Vienna Aquatic - 134.0 Kent Gardens
Vienna Aquatic,Week3,Great Falls,Week5,271.0 Vienna Aquatic - 131.0 Great Falls
Vienna Aquatic,Week4,South Run,Week4,300.0 Vienna Aquatic - 102.0 South Run
Vienna Woods,Week2,Sully Station II,Week2,238.0 Vienna Woods - 164.0 Sully Station II
Vienna Aquatic,Week4,Kent Gardens,Week4,295.0 Vienna Aquatic - 107.0 Kent Gardens
Vienna Aquatic,Week4,Great Falls,Week2,268.0 Vienna Aquatic - 116.0 Great Falls
Vienna Aquatic,Week3,Great Falls,Week1,318.0 Vienna Aquatic - 84.0 Great Falls
Vienna Aquatic,Week4,Great Falls,Week3,274.0 Vienna Aquatic - 128.0 Great Falls
Vienna Aquatic,Week1,Great Falls,Week3,272.0 Vienna Aquatic - 130.0 Great Falls
Vienna Aquatic,Week2,Fox Mill Woods,Week5,237.0 Vienna Aquatic - 165.0 Fox Mill Woods
Vienna Aquatic,Week1,Great Falls,Week4,295.0 Vienna Aquatic - 107.0 Great Falls
Vienna Aquatic,Week1,South Run,Week2,292.0 Vienna Aquatic - 110.0 South Run
Vienna Aquatic,Week5,Rolling Forest,Week1,310.0 Vienna Aquatic - 92.0 Rolling Forest
Vienna Aquatic,Week4,Rolling Forest,Week3,275.0 Vienna Aquatic - 127.0 Rolling Forest
Vienna Aquatic,Week2,Rolling Forest,Week2,301.0 Vienna Aquatic - 101.0 Rolling Forest
Vienna Woods,Week2,Sully Station II,Week1,253.0 Vienna Woods - 149.0 Sully Station II
Vienna Aquatic,Week4,Ilda Community,Week3,349.0 Vienna Aquatic - 53.0 Ilda Community
Vienna Aquatic,Week4,Kent Gardens,Week1,265.0 Vienna Aquatic - 137.0 Kent Gardens
Vienna Aquatic,Week5,Rolling Forest,Week4,319.0 Vienna Aquatic - 83.0 Rolling Forest
Vienna Woods,Week1,Sully Station II,Week5,234.0 Vienna Woods - 168.0 Sully Station II
Vienna Aquatic,Week5,Somerset-Olde Creek,Week5,360.0 Vienna Aquatic - 38.0 Somerset-Olde Creek
Vienna Aquatic,Week5,Great Falls,Week2,300.0 Vienna Aquatic - 84.0 Great Falls
Vienna Aquatic,Week1,Rolling Forest,Week1,279.0 Vienna Aquatic - 123.0 Rolling Forest
Vienna Woods,Week4,Sully Station II,Week1,246.0 Vienna Woods - 156.0 Sully Station II
Vienna Aquatic,Week3,Great Falls,Week2,290.0 Vienna Aquatic - 94.0 Great Falls
Vienna Aquatic,Week2,South Run,Week2,286.0 Vienna Aquatic - 116.0 South Run
Vienna Aquatic,Week2,Kent Gardens,Week1,267.0 Vienna Aquatic - 135.0 Kent Gardens
Vienna Aquatic,Week1,Greenbriar,Week2,236.0 Vienna Aquatic - 166.0 Greenbriar
Vienna Aquatic,Week4,Dominion Hills,Week5,260.0 Vienna Aquatic - 142.0 Dominion Hills
Vienna Aquatic,Week5,Fox Mill Woods,Week2,276.0 Vienna Aquatic - 126.0 Fox Mill Woods
Vienna Aquatic,Week5,Great Falls,Week1,333.0 Vienna Aquatic - 65.0 Great Falls
Vienna Aquatic,Week4,Kent Gardens,Week2,297.0 Vienna Aquatic - 105.0 Kent Gardens
Vienna Aquatic,Week5,Somerset-Olde Creek,Week4,368.0 Vienna Aquatic - 33.0 Somerset-Olde Creek
Vienna Woods,Week2,Sully Station II,Week4,276.0 Vienna Woods - 126.0 Sully Station II
Vienna Aquatic,Week2,Great Falls,Week5,271.0 Vienna Aquatic - 131.0 Great Falls
Vienna Aquatic,Week4,Great Falls,Week1,312.5 Vienna Aquatic - 88.5 Great Falls
Vienna Aquatic,Week1,Rolling Forest,Week3,278.0 Vienna Aquatic - 124.0 Rolling Forest
Vienna Woods,Week4,Sully Station II,Week4,272.0 Vienna Woods - 130.0 Sully Station II
Vienna Woods,Week3,Sully Station II,Week4,299.0 Vienna Woods - 103.0 Sully Station II
Vienna Woods,Week1,Sully Station II,Week1,263.0 Vienna Woods - 139.0 Sully Station II
Vienna Aquatic,Week5,Fox Mill Woods,Week1,256.0 Vienna Aquatic - 146.0 Fox Mill Woods
Vienna Aquatic,Week1,Rolling Hills,Week1,319.0 Vienna Aquatic - 83.0 Rolling Hills
Vienna Aquatic,Week3,Kent Gardens,Week1,292.0 Vienna Aquatic - 110.0 Kent Gardens
Vienna Aquatic,Week5,Fox Mill Woods,Week4,276.0 Vienna Aquatic - 126.0 Fox Mill Woods
Vienna Aquatic,Week5,South Run,Week2,306.0 Vienna Aquatic - 96.0 South Run
Vienna Aquatic,Week4,Ilda Community,Week4,337.0 Vienna Aquatic - 65.0 Ilda Community
Vienna Aquatic,Week1,Rolling Hills,Week2,305.0 Vienna Aquatic - 97.0 Rolling Hills
Vienna Aquatic,Week2,Rolling Forest,Week1,276.0 Vienna Aquatic - 126.0 Rolling Forest
Vienna Aquatic,Week5,Great Falls,Week5,297.5 Vienna Aquatic - 103.5 Great Falls
Vienna Aquatic,Week3,Fox Mill Woods,Week4,244.0 Vienna Aquatic - 158.0 Fox Mill Woods
Vienna Aquatic,Week2,Kent Gardens,Week2,300.0 Vienna Aquatic - 102.0 Kent Gardens
Vienna Aquatic,Week1,Rolling Forest,Week5,277.0 Vienna Aquatic - 125.0 Rolling Forest
Vienna Aquatic,Week2,South Run,Week5,279.0 Vienna Aquatic - 123.0 South Run
Vienna Aquatic,Week5,Rolling Forest,Week5,298.0 Vienna Aquatic - 104.0 Rolling Forest
Vienna Woods,Week4,Sully Station II,Week3,231.0 Vienna Woods - 171.0 Sully Station II
Vienna Aquatic,Week2,Great Falls,Week4,288.0 Vienna Aquatic - 114.0 Great Falls
Vienna Aquatic,Week5,Ilda Community,Week3,356.0 Vienna Aquatic - 46.0 Ilda Community
Vienna Aquatic,Week2,Springboard,Week1,331.0 Vienna Aquatic - 71.0 Springboard
Vienna Woods,Week5,Sully Station,Week5,229.0 Vienna Woods - 173.0 Sully Station
Vienna Aquatic,Week3,Fox Mill Woods,Week2,263.0 Vienna Aquatic - 139.0 Fox Mill Woods
Vienna Aquatic,Week3,South Run,Week2,304.0 Vienna Aquatic - 98.0 South Run
Vienna Woods,Week5,Sully Station II,Week4,307.0 Vienna Woods - 95.0 Sully Station II
Vienna Woods,Week3,Sully Station II,Week5,235.0 Vienna Woods - 167.0 Sully Station II
Vienna Aquatic,Week1,South Run,Week4,301.5 Vienna Aquatic - 100.5 South Run
Vienna Woods,Week2,Truro,Week1,338.0 Vienna Woods - 63.0 Truro
Vienna Aquatic,Week1,South Run,Week5,277.0 Vienna Aquatic - 125.0 South Run
Vienna Aquatic,Week4,Rolling Forest,Week2,294.0 Vienna Aquatic - 108.0 Rolling Forest
Vienna Woods,Week2,Truro,Week2,352.0 Vienna Woods - 49.0 Truro
Vienna Aquatic,Week1,Great Falls,Week5,263.0 Vienna Aquatic - 138.0 Great Falls
Vienna Aquatic,Week2,South Run,Week3,286.5 Vienna Aquatic - 115.5 South Run
Vienna Aquatic,Week3,Rolling Forest,Week1,289.0 Vienna Aquatic - 113.0 Rolling Forest
Vienna Aquatic,Week4,Great Falls,Week5,268.0 Vienna Aquatic - 134.0 Great Falls
Vienna Aquatic,Week1,Rolling Forest,Week2,298.0 Vienna Aquatic - 104.0 Rolling Forest
Vienna Woods,Week4,Sully Station II,Week5,203.0 Vienna Woods - 199.0 Sully Station II
Vienna Aquatic,Week4,Great Falls,Week4,280.0 Vienna Aquatic - 121.0 Great Falls
Vienna Aquatic,Week1,Greenbriar,Week4,279.0 Vienna Aquatic - 123.0 Greenbriar
Vienna Aquatic,Week2,Rolling Forest,Week4,296.0 Vienna Aquatic - 106.0 Rolling Forest
Vienna Aquatic,Week4,Fox Mill Woods,Week1,234.0 Vienna Aquatic - 168.0 Fox Mill Woods
Vienna Aquatic,Week1,Kent Gardens,Week5,246.0 Vienna Aquatic - 156.0 Kent Gardens
Vienna Aquatic,Week1,Kings Ridge ,Week3,342.0 Vienna Aquatic - 60.0 Kings Ridge
Vienna Aquatic,Week3,Ilda Community,Week5,350.0 Vienna Aquatic - 52.0 Ilda Community
Vienna Aquatic,Week5,Fox Mill Woods,Week3,280.5 Vienna Aquatic - 121.5 Fox Mill Woods
Vienna Aquatic,Week4,Fox Mill Woods,Week2,246.0 Vienna Aquatic - 156.0 Fox Mill Woods
Vienna Aquatic,Week2,Greenbriar,Week1,255.0 Vienna Aquatic - 147.0 Greenbriar
Vienna Aquatic,Week5,Kent Gardens,Week3,317.0 Vienna Aquatic - 85.0 Kent Gardens
Vienna Aquatic,Week5,Rolling Forest,Week2,315.0 Vienna Aquatic - 87.0 Rolling Forest
Vienna Aquatic,Week5,Somerset-Olde Creek,Week1,361.0 Vienna Aquatic - 37.0 Somerset-Olde Creek
Vienna Aquatic,Week3,South Run,Week3,298.0 Vienna Aquatic - 104.0 South Run
Vienna Aquatic,Week2,South Run,Week4,294.0 Vienna Aquatic - 108.0 South Run
Vienna Aquatic,Week5,Ilda Community,Week4,356.0 Vienna Aquatic - 46.0 Ilda Community
Vienna Aquatic,Week1,Greenbriar,Week5,281.0 Vienna Aquatic - 121.0 Greenbriar
Vienna Aquatic,Week4,Ilda Community,Week2,350.0 Vienna Aquatic - 52.0 Ilda Community
Vienna Aquatic,Week3,Fox Mill Woods,Week5,240.0 Vienna Aquatic - 162.0 Fox Mill Woods
Vienna Aquatic,Week5,Great Falls,Week4,307.0 Vienna Aquatic - 93.0 Great Falls
Vienna Aquatic,Week5,Rolling Forest,Week3,300.0 Vienna Aquatic - 102.0 Rolling Forest
Vienna Aquatic,Week2,Great Falls,Week1,312.0 Vienna Aquatic - 90.0 Great Falls
Vienna Woods,Week1,Truro,Week5,331.0 Vienna Woods - 71.0 Truro
Vienna Aquatic,Week2,Greenbriar,Week3,273.0 Vienna Aquatic - 129.0 Greenbriar
Vienna Aquatic,Week5,Ilda Community,Week5,361.0 Vienna Aquatic - 41.0 Ilda Community
Vienna Aquatic,Week4,Rolling Hills,Week5,315.0 Vienna Aquatic - 87.0 Rolling Hills
Vienna Aquatic,Week3,Great Falls,Week4,292.0 Vienna Aquatic - 110.0 Great Falls
Vienna Aquatic,Week1,Kent Gardens,Week1,277.0 Vienna Aquatic - 125.0 Kent Gardens
Vienna Aquatic,Week4,Somerset-Olde Creek,Week5,345.0 Vienna Aquatic - 56.0 Somerset-Olde Creek
Vienna Aquatic,Week5,Rolling Hills,Week3,331.0 Vienna Aquatic - 71.0 Rolling Hills
Vienna Aquatic,Week3,Fox Mill Woods,Week1,233.5 Vienna Aquatic - 168.5 Fox Mill Woods
Vienna Aquatic,Week1,Rolling Valley,Week2,353.0 Vienna Aquatic - 49.0 Rolling Valley
Vienna Aquatic,Week5,Somerset-Olde Creek,Week2,367.0 Vienna Aquatic - 34.0 Somerset-Olde Creek
Vienna Aquatic,Week1,Kent Gardens,Week3,292.0 Vienna Aquatic - 110.0 Kent Gardens
Vienna Aquatic,Week5,Somerset-Olde Creek,Week3,370.0 Vienna Aquatic - 28.0 Somerset-Olde Creek
Vienna Aquatic,Week5,Ilda Community,Week1,358.0 Vienna Aquatic - 44.0 Ilda Community
Vienna Aquatic,Week2,Great Falls,Week2,275.0 Vienna Aquatic - 109.0 Great Falls
Vienna Aquatic,Week1,Great Falls,Week1,311.0 Vienna Aquatic - 91.0 Great Falls
Vienna Woods,Week1,Tuckahoe,Week5,271.0 Tuckahoe - 131.0 Vienna Woods
Vienna Aquatic,Week5,Rolling Hills,Week5,329.0 Vienna Aquatic - 73.0 Rolling Hills
Vienna Aquatic,Week4,Ilda Community,Week5,344.0 Vienna Aquatic - 58.0 Ilda Community
Vienna Woods,Week2,Tuckahoe,Week2,267.0 Tuckahoe - 135.0 Vienna Woods
Vienna Woods,Week5,Truro,Week5,350.0 Vienna Woods - 52.0 Truro
Vienna Aquatic,Week2,South Run,Week1,275.0 Vienna Aquatic - 118.0 South Run
Vienna Woods,Week3,Truro,Week2,370.0 Vienna Woods - 32.0 Truro
Vienna Aquatic,Week4,Fox Mill Woods,Week4,244.0 Vienna Aquatic - 158.0 Fox Mill Woods
Vienna Aquatic,Week2,Great Falls,Week3,274.0 Vienna Aquatic - 128.0 Great Falls
Vienna Aquatic,Week1,South Run,Week1,274.0 Vienna Aquatic - 119.0 South Run
Vienna Woods,Week3,Woodley,Week5,357.0 Vienna Woods - 45.0 Woodley
Vienna Woods,Week2,Tuckahoe,Week3,284.0 Tuckahoe - 118.0 Vienna Woods
Vienna Aquatic,Week4,Rolling Hills,Week3,319.0 Vienna Aquatic - 83.0 Rolling Hills
Vienna Woods,Week4,Kings Ridge ,Week3,335.0 Vienna Woods - 67.0 Kings Ridge
Vienna Aquatic,Week3,Kent Gardens,Week2,320.0 Vienna Aquatic - 82.0 Kent Gardens
Vienna Woods,Week3,Commonwealth,Week3,340.0 Vienna Woods - 62.0 Commonwealth
Vienna Woods,Week1,Cottontail,Week2,328.0 Vienna Woods - 74.0 Cottontail
Vienna Aquatic,Week2,Rolling Valley,Week2,350.0 Vienna Aquatic - 52.0 Rolling Valley
Vienna Aquatic,Week1,Rolling Valley,Week5,349.0 Vienna Aquatic - 53.0 Rolling Valley
Vienna Woods,Week2,Cottontail,Week5,319.0 Vienna Woods - 83.0 Cottontail
Vienna Woods,Week5,Kent Gardens,Week3,320.0 Vienna Woods - 82.0 Kent Gardens
Villa Aquatic,Week1,Annandale,Week3,252.0 Villa Aquatic - 150.0 Annandale
Vienna Aquatic,Week4,South Run,Week2,287.0 Vienna Aquatic - 110.0 South Run
Vienna Aquatic,Week2,Kent Gardens,Week4,281.0 Vienna Aquatic - 121.0 Kent Gardens
Vienna Aquatic,Week5,Rolling Hills,Week1,330.0 Vienna Aquatic - 72.0 Rolling Hills
Vienna Aquatic,Week3,Kent Gardens,Week4,291.0 Vienna Aquatic - 111.0 Kent Gardens
Vienna Aquatic,Week3,South Run,Week5,290.0 Vienna Aquatic - 112.0 South Run
Vienna Aquatic,Week4,Rolling Hills,Week4,317.0 Vienna Aquatic - 85.0 Rolling Hills
Vienna Woods,Week1,Kings Ridge ,Week1,347.0 Vienna Woods - 50.0 Kings Ridge
Vienna Woods,Week3,Tuckahoe,Week2,262.0 Tuckahoe - 140.0 Vienna Woods
Vienna Woods,Week2,Tuckahoe,Week4,291.0 Tuckahoe - 111.0 Vienna Woods
Vienna Woods,Week3,Cottontail,Week2,343.5 Vienna Woods - 58.5 Cottontail
Vienna Woods,Week1,Kings Ridge ,Week2,347.0 Vienna Woods - 55.0 Kings Ridge
Vienna Aquatic,Week1,South Run,Week3,297.0 Vienna Aquatic - 105.0 South Run
Vienna Woods,Week3,Tuckahoe,Week1,242.0 Tuckahoe - 160.0 Vienna Woods
Vienna Aquatic,Week5,South Run,Week3,313.0 Vienna Aquatic - 89.0 South Run
Vienna Aquatic,Week3,Kent Gardens,Week3,312.0 Vienna Aquatic - 90.0 Kent Gardens
Vienna Woods,Week5,Woodley,Week4,369.0 Vienna Woods - 33.0 Woodley
Vienna Aquatic,Week3,South Run,Week1,284.0 Vienna Aquatic - 109.0 South Run
Vienna Woods,Week2,Tuckahoe,Week5,281.0 Tuckahoe - 121.0 Vienna Woods
Vienna Woods,Week3,Tuckahoe,Week3,273.0 Tuckahoe - 129.0 Vienna Woods
Vienna Woods,Week5,Kent Gardens,Week4,323.0 Vienna Woods - 79.0 Kent Gardens
Vienna Aquatic,Week2,Rolling Valley,Week4,346.0 Vienna Aquatic - 56.0 Rolling Valley
Vienna Woods,Week4,Commonwealth,Week3,315.0 Vienna Woods - 87.0 Commonwealth
Vienna Woods,Week5,Kent Gardens,Week5,293.0 Vienna Woods - 109.0 Kent Gardens
Vienna Woods,Week2,Cottontail,Week1,319.0 Vienna Woods - 83.0 Cottontail
Vienna Woods,Week2,Cottontail,Week2,329.0 Vienna Woods - 73.0 Cottontail
Vienna Aquatic,Week2,Kent Gardens,Week5,249.0 Vienna Aquatic - 153.0 Kent Gardens
Vienna Aquatic,Week2,Kent Gardens,Week3,294.0 Vienna Aquatic - 108.0 Kent Gardens
Vienna Woods,Week2,Kings Ridge ,Week2,352.0 Vienna Woods - 50.0 Kings Ridge
Vienna Aquatic,Week5,South Run,Week4,309.0 Vienna Aquatic - 92.0 South Run
Vienna Woods,Week4,Kings Ridge ,Week1,345.0 Vienna Woods - 57.0 Kings Ridge
Vienna Aquatic,Week4,Kent Gardens,Week3,297.0 Vienna Aquatic - 105.0 Kent Gardens
Vienna Woods,Week1,Cottontail,Week3,337.0 Vienna Woods - 65.0 Cottontail
Vienna Aquatic,Week5,Kent Gardens,Week2,319.5 Vienna Aquatic - 82.5 Kent Gardens
Vienna Woods,Week3,Truro,Week3,350.0 Vienna Woods - 52.0 Truro
Vienna Aquatic,Week1,Springboard,Week2,359.0 Vienna Aquatic - 43.0 Springboard
Villa Aquatic,Week2,Annandale,Week2,251.0 Villa Aquatic - 151.0 Annandale
Villa Aquatic,Week1,Annandale,Week2,245.0 Villa Aquatic - 157.0 Annandale
Vienna Aquatic,Week2,Rolling Hills,Week5,307.0 Vienna Aquatic - 95.0 Rolling Hills
Vienna Aquatic,Week3,Rolling Valley,Week5,346.0 Vienna Aquatic - 56.0 Rolling Valley
Vienna Aquatic,Week4,Kent Gardens,Week5,254.0 Vienna Aquatic - 148.0 Kent Gardens
Vienna Woods,Week5,Truro,Week3,352.0 Vienna Woods - 50.0 Truro
Vienna Woods,Week5,Kings Ridge ,Week2,365.0 Vienna Woods - 37.0 Kings Ridge
Vienna Aquatic,Week1,Rolling Valley,Week4,353.5 Vienna Aquatic - 48.5 Rolling Valley
Vienna Woods,Week4,Cottontail,Week4,323.0 Vienna Woods - 79.0 Cottontail
Vienna Woods,Week3,Woodley,Week3,369.0 Vienna Woods - 33.0 Woodley
Vienna Woods,Week1,Lake Braddock,Week1,376.0 Vienna Woods - 26.0 Lake Braddock
Vienna Aquatic,Week5,South Run,Week5,302.0 Vienna Aquatic - 100.0 South Run
Vienna Aquatic,Week5,Kent Gardens,Week1,302.0 Vienna Aquatic - 100.0 Kent Gardens
Vienna Woods,Week3,Truro,Week5,350.0 Vienna Woods - 52.0 Truro
Vienna Aquatic,Week1,Springboard,Week1,345.0 Vienna Aquatic - 57.0 Springboard
Vienna Woods,Week1,Woodley,Week4,358.0 Vienna Woods - 44.0 Woodley
Vienna Aquatic,Week2,Rolling Hills,Week4,306.0 Vienna Aquatic - 96.0 Rolling Hills
Vienna Woods,Week1,Woodley,Week3,361.0 Vienna Woods - 41.0 Woodley
Vienna Aquatic,Week1,Rolling Hills,Week3,318.0 Vienna Aquatic - 84.0 Rolling Hills
Vienna Woods,Week1,Kings Ridge ,Week4,338.0 Vienna Woods - 64.0 Kings Ridge
Vienna Aquatic,Week1,Springboard,Week3,356.0 Vienna Aquatic - 46.0 Springboard
Vienna Woods,Week5,Woodley,Week1,363.0 Vienna Woods - 39.0 Woodley
Vienna Woods,Week4,Commonwealth,Week2,294.0 Vienna Woods - 108.0 Commonwealth
Vienna Woods,Week2,Truro,Week5,338.0 Vienna Woods - 63.0 Truro
Vienna Woods,Week5,Commonwealth,Week2,343.0 Vienna Woods - 59.0 Commonwealth
Vienna Aquatic,Week5,Kent Gardens,Week5,279.0 Vienna Aquatic - 123.0 Kent Gardens
Vienna Woods,Week2,Lake Braddock,Week1,372.0 Vienna Woods - 30.0 Lake Braddock
Vienna Woods,Week3,Truro,Week1,353.0 Vienna Woods - 49.0 Truro
Vienna Woods,Week4,Commonwealth,Week4,322.0 Vienna Woods - 80.0 Commonwealth
Vienna Woods,Week5,Truro,Week2,372.0 Vienna Woods - 29.0 Truro
Vienna Woods,Week4,Truro,Week4,327.0 Vienna Woods - 75.0 Truro
Vienna Woods,Week5,Truro,Week4,352.0 Vienna Woods - 50.0 Truro
Vienna Aquatic,Week1,Springboard,Week4,336.0 Vienna Aquatic - 66.0 Springboard
Vienna Woods,Week1,Cottontail,Week1,321.0 Vienna Woods - 81.0 Cottontail
Vienna Woods,Week3,Kings Ridge ,Week3,346.5 Vienna Woods - 55.5 Kings Ridge
Vienna Woods,Week4,Woodley,Week2,341.0 Vienna Woods - 61.0 Woodley
Vienna Aquatic,Week1,Kings Ridge ,Week2,348.0 Vienna Aquatic - 54.0 Kings Ridge
Vienna Aquatic,Week1,Kings Ridge ,Week4,331.0 Vienna Aquatic - 71.0 Kings Ridge
Vienna Aquatic,Week2,Rolling Hills,Week1,311.0 Vienna Aquatic - 91.0 Rolling Hills
Vienna Aquatic,Week3,Rolling Hills,Week1,328.0 Vienna Aquatic - 74.0 Rolling Hills
Vienna Aquatic,Week1,Springboard,Week5,331.0 Vienna Aquatic - 71.0 Springboard
Vienna Woods,Week2,Cottontail,Week3,334.0 Vienna Woods - 68.0 Cottontail
Vienna Aquatic,Week1,Kings Ridge ,Week5,317.0 Vienna Aquatic - 85.0 Kings Ridge
Vienna Woods,Week4,Kings Ridge ,Week2,337.0 Vienna Woods - 65.0 Kings Ridge
Vienna Woods,Week5,Kent Gardens,Week1,309.0 Vienna Woods - 93.0 Kent Gardens
Vienna Woods,Week3,Commonwealth,Week5,322.0 Vienna Woods - 80.0 Commonwealth
Villa Aquatic,Week3,Annandale,Week5,299.0 Villa Aquatic - 103.0 Annandale
Vienna Woods,Week4,Truro,Week1,331.0 Vienna Woods - 71.0 Truro
Vienna Aquatic,Week1,Springfield,Week3,396.0 Vienna Aquatic - 5.0 Springfield
Vienna Woods,Week5,Woodley,Week5,363.0 Vienna Woods - 39.0 Woodley
Vienna Aquatic,Week3,Rolling Hills,Week5,316.0 Vienna Aquatic - 86.0 Rolling Hills
Vienna Aquatic,Week3,Rolling Hills,Week3,317.0 Vienna Aquatic - 85.0 Rolling Hills
Vienna Woods,Week5,Kings Ridge ,Week3,356.5 Vienna Woods - 45.5 Kings Ridge
Vienna Woods,Week4,Truro,Week3,335.0 Vienna Woods - 67.0 Truro
Vienna Woods,Week2,Woodley,Week2,355.0 Vienna Woods - 46.0 Woodley
Vienna Woods,Week3,Commonwealth,Week2,333.0 Vienna Woods - 69.0 Commonwealth
Vienna Aquatic,Week4,Rolling Hills,Week2,314.0 Vienna Aquatic - 83.0 Rolling Hills
Vienna Aquatic,Week2,Rolling Hills,Week3,312.0 Vienna Aquatic - 90.0 Rolling Hills
Vienna Woods,Week2,Commonwealth,Week5,303.0 Vienna Woods - 99.0 Commonwealth
Vienna Aquatic,Week5,Kent Gardens,Week4,312.0 Vienna Aquatic - 90.0 Kent Gardens
Vienna Woods,Week2,Kings Ridge ,Week4,343.0 Vienna Woods - 59.0 Kings Ridge
Vienna Aquatic,Week3,Springboard,Week1,340.0 Vienna Aquatic - 62.0 Springboard
Vienna Aquatic,Week1,Springfield,Week4,393.0 Vienna Aquatic - 9.0 Springfield
Vienna Aquatic,Week4,Springboard,Week2,348.0 Vienna Aquatic - 49.0 Springboard
Vienna Woods,Week5,Truro,Week1,358.0 Vienna Woods - 44.0 Truro
Vienna Aquatic,Week1,Springfield,Week5,397.0 Vienna Aquatic - 4.0 Springfield
Vienna Woods,Week4,Commonwealth,Week5,280.0 Vienna Woods - 122.0 Commonwealth
Vienna Aquatic,Week2,Kings Ridge ,Week1,345.0 Vienna Aquatic - 57.0 Kings Ridge
Vienna Woods,Week1,Tuckahoe,Week2,263.0 Tuckahoe - 139.0 Vienna Woods
Vienna Woods,Week1,Woodley,Week5,349.0 Vienna Woods - 53.0 Woodley
Vienna Woods,Week3,Woodley,Week2,358.0 Vienna Woods - 44.0 Woodley
Vienna Aquatic,Week2,Kings Ridge ,Week2,338.0 Vienna Aquatic - 64.0 Kings Ridge
Vienna Woods,Week4,Kings Ridge ,Week5,327.0 Vienna Woods - 75.0 Kings Ridge
Vienna Aquatic,Week3,Donaldson Run,Week4,216.0 Vienna Aquatic - 186.0 Donaldson Run
Vienna Aquatic,Week1,Kings Ridge ,Week1,349.0 Vienna Aquatic - 53.0 Kings Ridge
Vienna Woods,Week2,Woodley,Week5,353.0 Vienna Woods - 48.0 Woodley
Vienna Woods,Week3,Commonwealth,Week1,338.0 Vienna Woods - 64.0 Commonwealth
Vienna Woods,Week5,Commonwealth,Week1,344.0 Vienna Woods - 58.0 Commonwealth
Vienna Aquatic,Week3,Rolling Hills,Week4,318.0 Vienna Aquatic - 84.0 Rolling Hills
Vienna Woods,Week3,Commonwealth,Week4,345.0 Vienna Woods - 57.0 Commonwealth
Vienna Aquatic,Week2,Donaldson Run,Week3,204.0 Vienna Aquatic - 198.0 Donaldson Run
Vienna Aquatic,Week2,Rolling Hills,Week2,305.0 Vienna Aquatic - 97.0 Rolling Hills
Vienna Woods,Week2,Woodley,Week1,353.0 Vienna Woods - 49.0 Woodley
Vienna Woods,Week3,Truro,Week4,342.0 Vienna Woods - 60.0 Truro
Vienna Woods,Week1,Kings Ridge ,Week3,340.0 Vienna Woods - 61.0 Kings Ridge
Vienna Aquatic,Week5,Springboard,Week3,352.0 Vienna Aquatic - 49.0 Springboard
Vienna Aquatic,Week5,Springboard,Week4,341.0 Vienna Aquatic - 60.0 Springboard
Vienna Woods,Week1,Lake Braddock,Week3,365.0 Vienna Woods - 37.0 Lake Braddock
Vienna Aquatic,Week3,Donaldson Run,Week3,220.0 Vienna Aquatic - 182.0 Donaldson Run
Vienna Aquatic,Week1,Rolling Hills,Week5,314.0 Vienna Aquatic - 88.0 Rolling Hills
Vienna Woods,Week1,Tuckahoe,Week1,248.0 Tuckahoe - 154.0 Vienna Woods
Vienna Woods,Week4,Woodley,Week1,340.0 Vienna Woods - 62.0 Woodley
Vienna Woods,Week4,Woodley,Week3,351.0 Vienna Woods - 51.0 Woodley
Vienna Woods,Week2,Woodley,Week3,359.0 Vienna Woods - 43.0 Woodley
Vienna Woods,Week1,Lake Braddock,Week2,360.0 Vienna Woods - 42.0 Lake Braddock
Vienna Aquatic,Week1,Rolling Hills,Week4,312.0 Vienna Aquatic - 90.0 Rolling Hills
Vienna Woods,Week2,Tuckahoe,Week1,253.0 Tuckahoe - 149.0 Vienna Woods
Vienna Woods,Week2,Kings Ridge ,Week5,339.0 Vienna Woods - 63.0 Kings Ridge
Vienna Aquatic,Week2,Springfield,Week1,395.0 Vienna Aquatic - 7.0 Springfield
Vienna Aquatic,Week5,Rolling Hills,Week4,323.0 Vienna Aquatic - 78.0 Rolling Hills
Vienna Woods,Week1,Tuckahoe,Week3,286.0 Tuckahoe - 116.0 Vienna Woods
Vienna Aquatic,Week4,Donaldson Run,Week2,212.0 Vienna Aquatic - 190.0 Donaldson Run
Vienna Aquatic,Week5,Dominion Hills,Week5,283.0 Vienna Aquatic - 119.0 Dominion Hills
Vienna Woods,Week4,Kent Gardens,Week5,253.0 Vienna Woods - 149.0 Kent Gardens
Vienna Aquatic,Week2,Springboard,Week3,345.0 Vienna Aquatic - 57.0 Springboard
Vienna Woods,Week5,Kent Gardens,Week2,332.0 Vienna Woods - 70.0 Kent Gardens
Vienna Woods,Week5,Commonwealth,Week5,333.0 Vienna Woods - 69.0 Commonwealth
Vienna Aquatic,Week3,Springboard,Week2,364.0 Vienna Aquatic - 38.0 Springboard
Vienna Aquatic,Week1,Donaldson Run,Week2,212.0 Vienna Aquatic - 190.0 Donaldson Run
Vienna Woods,Week4,Truro,Week2,347.0 Vienna Woods - 50.0 Truro
Vienna Aquatic,Week5,Rolling Hills,Week2,327.0 Vienna Aquatic - 75.0 Rolling Hills
Vienna Aquatic,Week4,Donaldson Run,Week4,213.0 Vienna Aquatic - 189.0 Donaldson Run
Vienna Aquatic,Week4,Springboard,Week3,345.0 Vienna Aquatic - 57.0 Springboard
Vienna Woods,Week4,Woodley,Week4,357.0 Vienna Woods - 45.0 Woodley
Vienna Woods,Week4,Woodley,Week5,345.0 Vienna Woods - 57.0 Woodley
Vienna Woods,Week4,Truro,Week5,334.0 Vienna Woods - 63.0 Truro
Vienna Aquatic,Week4,Rolling Hills,Week1,314.0 Vienna Aquatic - 88.0 Rolling Hills
Vienna Aquatic,Week2,Donaldson Run,Week2,211.5 Vienna Aquatic - 190.5 Donaldson Run
Vienna Aquatic,Week3,Springboard,Week5,338.0 Vienna Aquatic - 64.0 Springboard
Vienna Woods,Week5,Commonwealth,Week4,355.0 Vienna Woods - 47.0 Commonwealth
Vienna Woods,Week4,Commonwealth,Week1,317.0 Vienna Woods - 80.0 Commonwealth
Vienna Woods,Week1,Kings Ridge ,Week5,333.0 Vienna Woods - 69.0 Kings Ridge
Vienna Aquatic,Week3,Rolling Hills,Week2,311.0 Vienna Aquatic - 91.0 Rolling Hills
Vienna Woods,Week3,Woodley,Week4,369.0 Vienna Woods - 33.0 Woodley
Vienna Aquatic,Week5,Springboard,Week2,368.0 Vienna Aquatic - 33.0 Springboard
Vienna Woods,Week2,Kings Ridge ,Week1,354.0 Vienna Woods - 48.0 Kings Ridge
Vienna Woods,Week5,Commonwealth,Week3,346.0 Vienna Woods - 56.0 Commonwealth
Vienna Woods,Week2,Truro,Week4,331.0 Vienna Woods - 71.0 Truro
Vienna Woods,Week1,Tuckahoe,Week4,299.0 Tuckahoe - 103.0 Vienna Woods
Vienna Woods,Week1,Cottontail,Week4,333.0 Vienna Woods - 69.0 Cottontail
Vienna Woods,Week2,Cottontail,Week4,335.0 Vienna Woods - 67.0 Cottontail
Vienna Woods,Week2,Woodley,Week4,358.0 Vienna Woods - 44.0 Woodley
Vienna Woods,Week3,Kings Ridge ,Week1,361.0 Vienna Woods - 41.0 Kings Ridge
Vienna Woods,Week3,Cottontail,Week1,331.0 Vienna Woods - 71.0 Cottontail
Vienna Aquatic,Week1,Rolling Valley,Week1,369.0 Vienna Aquatic - 33.0 Rolling Valley
Vienna Woods,Week5,Tuckahoe,Week5,239.0 Tuckahoe - 163.0 Vienna Woods
Vienna Aquatic,Week2,Rolling Valley,Week1,364.0 Vienna Aquatic - 38.0 Rolling Valley
Vienna Woods,Week3,Kings Ridge ,Week2,359.0 Vienna Woods - 43.0 Kings Ridge
Vienna Woods,Week2,Kings Ridge ,Week3,353.0 Vienna Woods - 49.0 Kings Ridge
Vienna Woods,Week5,Woodley,Week2,369.0 Vienna Woods - 33.0 Woodley
Vienna Aquatic,Week1,Rolling Valley,Week3,353.0 Vienna Aquatic - 49.0 Rolling Valley
Vienna Aquatic,Week1,Donaldson Run,Week3,204.0 Vienna Aquatic - 198.0 Donaldson Run
Vienna Woods,Week5,Woodley,Week3,371.0 Vienna Woods - 31.0 Woodley
Vienna Woods,Week1,Cottontail,Week5,326.0 Vienna Woods - 76.0 Cottontail
Vienna Aquatic,Week3,Donaldson Run,Week1,230.0 Vienna Aquatic - 172.0 Donaldson Run
Vienna Woods,Week1,Vienna Aquatic,Week2,224.0 Vienna Woods - 178.0 Vienna Aquatic
Vienna Aquatic,Week2,Springfield,Week3,395.0 Vienna Aquatic - 7.0 Springfield
Vienna Aquatic,Week2,Springfield,Week2,394.0 Vienna Aquatic - 8.0 Springfield
Vienna Woods,Week1,Vienna Aquatic,Week1,216.0 Vienna Woods - 186.0 Vienna Aquatic
Vienna Aquatic,Week5,Dominion Hills,Week2,317.0 Vienna Aquatic - 85.0 Dominion Hills
Vienna Aquatic,Week5,Springboard,Week1,343.0 Vienna Aquatic - 57.0 Springboard
Vienna Woods,Week3,Cottontail,Week4,337.0 Vienna Woods - 65.0 Cottontail
Vienna Aquatic,Week1,Springfield,Week2,396.0 Vienna Aquatic - 6.0 Springfield
Villa Aquatic,Week1,Annandale,Week1,260.0 Villa Aquatic - 142.0 Annandale
Vienna Aquatic,Week4,Donaldson Run,Week5,225.0 Donaldson Run - 177.0 Vienna Aquatic
Vienna Aquatic,Week5,Springboard,Week5,342.0 Vienna Aquatic - 59.0 Springboard
Vienna Aquatic,Week3,Rolling Valley,Week1,372.0 Vienna Aquatic - 30.0 Rolling Valley
Vienna Aquatic,Week2,Rolling Valley,Week5,341.0 Vienna Aquatic - 61.0 Rolling Valley
Vienna Aquatic,Week3,Rolling Valley,Week4,353.0 Vienna Aquatic - 49.0 Rolling Valley
Vienna Woods,Week3,Woodley,Week1,359.0 Vienna Woods - 43.0 Woodley
Vienna Woods,Week4,Cottontail,Week3,324.0 Vienna Woods - 78.0 Cottontail
Vienna Woods,Week1,Vienna Aquatic,Week4,226.0 Vienna Woods - 176.0 Vienna Aquatic
Villa Aquatic,Week1,Annandale,Week4,263.0 Villa Aquatic - 139.0 Annandale
Vienna Woods,Week5,Kings Ridge ,Week1,363.0 Vienna Woods - 39.0 Kings Ridge
Vienna Woods,Week4,Cottontail,Week1,314.0 Vienna Woods - 88.0 Cottontail
Vienna Woods,Week3,Cottontail,Week5,331.0 Vienna Woods - 71.0 Cottontail
Vienna Woods,Week3,Kings Ridge ,Week5,348.0 Vienna Woods - 54.0 Kings Ridge
Vienna Woods,Week5,Kings Ridge ,Week4,361.0 Vienna Woods - 41.0 Kings Ridge
Vienna Aquatic,Week2,Rolling Valley,Week3,345.0 Vienna Aquatic - 57.0 Rolling Valley
Vienna Woods,Week5,Vienna Aquatic,Week2,247.0 Vienna Woods - 155.0 Vienna Aquatic
Vienna Aquatic,Week3,Springboard,Week4,339.0 Vienna Aquatic - 63.0 Springboard
Villa Aquatic,Week2,Annandale,Week3,246.0 Villa Aquatic - 156.0 Annandale
Villa Aquatic,Week1,Annandale,Week5,252.0 Villa Aquatic - 150.0 Annandale
Vienna Aquatic,Week3,Rolling Valley,Week2,362.0 Vienna Aquatic - 40.0 Rolling Valley
Vienna Aquatic,Week5,Donaldson Run,Week1,253.0 Vienna Aquatic - 149.0 Donaldson Run
Vienna Woods,Week3,Kings Ridge ,Week4,348.0 Vienna Woods - 54.0 Kings Ridge
Vienna Aquatic,Week1,Donaldson Run,Week4,206.0 Vienna Aquatic - 196.0 Donaldson Run
Vienna Woods,Week3,Cottontail,Week3,343.5 Vienna Woods - 58.5 Cottontail
Vienna Aquatic,Week4,Donaldson Run,Week3,209.0 Vienna Aquatic - 193.0 Donaldson Run
Vienna Aquatic,Week2,Donaldson Run,Week4,201.0 Donaldson Run - 201.0 Vienna Aquatic
Villa Aquatic,Week2,Annandale,Week1,275.0 Villa Aquatic - 127.0 Annandale
Vienna Woods,Week4,Cottontail,Week2,326.0 Vienna Woods - 76.0 Cottontail
Vienna Aquatic,Week4,Springboard,Week4,338.0 Vienna Aquatic - 64.0 Springboard
Vienna Aquatic,Week2,Springboard,Week2,354.0 Vienna Aquatic - 48.0 Springboard
Vienna Woods,Week4,Kings Ridge ,Week4,332.0 Vienna Woods - 70.0 Kings Ridge
Vienna Woods,Week4,Vienna Aquatic,Week1,224.0 Vienna Aquatic - 178.0 Vienna Woods
Vienna Aquatic,Week5,Dominion Hills,Week4,297.0 Vienna Aquatic - 105.0 Dominion Hills
Vienna Woods,Week2,Vienna Aquatic,Week4,212.5 Vienna Woods - 189.5 Vienna Aquatic
Vienna Woods,Week1,Vienna Aquatic,Week3,211.0 Vienna Woods - 191.0 Vienna Aquatic
Vienna Woods,Week5,Kings Ridge ,Week5,356.0 Vienna Woods - 46.0 Kings Ridge
Vienna Aquatic,Week3,Rolling Valley,Week3,350.0 Vienna Aquatic - 52.0 Rolling Valley
Vienna Aquatic,Week1,Donaldson Run,Week5,222.0 Donaldson Run - 180.0 Vienna Aquatic
Vienna Woods,Week4,Vienna Aquatic,Week3,215.0 Vienna Aquatic - 187.0 Vienna Woods
Vienna Aquatic,Week1,Rutherford,Week1,347.0 Vienna Aquatic - 55.0 Rutherford
Vienna Aquatic,Week3,Donaldson Run,Week5,201.5 Donaldson Run - 200.5 Vienna Aquatic
Vienna Woods,Week1,Lake Braddock,Week5,367.0 Vienna Woods - 35.0 Lake Braddock
Vienna Woods,Week5,Cottontail,Week3,358.0 Vienna Woods - 44.0 Cottontail
Vienna Aquatic,Week5,Rolling Valley,Week2,363.0 Vienna Aquatic - 39.0 Rolling Valley
Vienna Aquatic,Week2,Springboard,Week4,331.0 Vienna Aquatic - 71.0 Springboard
Vienna Aquatic,Week1,Rutherford,Week4,322.0 Vienna Aquatic - 80.0 Rutherford
Vienna Aquatic,Week4,Rolling Valley,Week5,344.0 Vienna Aquatic - 58.0 Rolling Valley
Vienna Aquatic,Week5,Donaldson Run,Week2,253.0 Vienna Aquatic - 149.0 Donaldson Run
Vienna Woods,Week3,Country Club Hills,Week5,339.0 Vienna Woods - 63.0 Country Club Hills
Vienna Aquatic,Week3,Donaldson Run,Week2,225.0 Vienna Aquatic - 177.0 Donaldson Run
Vienna Woods,Week3,Vienna Aquatic,Week5,216.0 Vienna Aquatic - 186.0 Vienna Woods
Vienna Aquatic,Week1,Springfield,Week1,393.0 Vienna Aquatic - 8.0 Springfield
Vienna Aquatic,Week3,Springboard,Week3,345.0 Vienna Aquatic - 57.0 Springboard
Vienna Woods,Week1,Lake Braddock,Week4,374.0 Vienna Woods - 28.0 Lake Braddock
Vienna Woods,Week5,Lake Braddock,Week3,372.0 Vienna Woods - 30.0 Lake Braddock
Vienna Aquatic,Week5,Dominion Hills,Week3,314.0 Vienna Aquatic - 88.0 Dominion Hills
Vienna Woods,Week1,Lakevale Estates,Week2,251.0 Vienna Woods - 151.0 Lakevale Estates
Vienna Woods,Week4,Country Club Hills,Week1,310.0 Vienna Woods - 92.0 Country Club Hills
Villa Aquatic,Week2,Annandale,Week5,254.0 Villa Aquatic - 148.0 Annandale
Vienna Aquatic,Week4,Rolling Valley,Week2,356.0 Vienna Aquatic - 46.0 Rolling Valley
Vienna Woods,Week3,Country Club Hills,Week4,342.0 Vienna Woods - 60.0 Country Club Hills
Vienna Aquatic,Week2,Springboard,Week5,331.0 Vienna Aquatic - 71.0 Springboard
Vienna Aquatic,Week4,Springboard,Week1,336.0 Vienna Aquatic - 66.0 Springboard
Vienna Woods,Week5,Country Club Hills,Week1,339.5 Vienna Woods - 62.5 Country Club Hills
Vienna Woods,Week3,Country Club Hills,Week2,335.0 Vienna Woods - 67.0 Country Club Hills
Villa Aquatic,Week3,Annandale,Week3,300.0 Villa Aquatic - 102.0 Annandale
Vienna Woods,Week4,Tuckahoe,Week4,293.0 Tuckahoe - 109.0 Vienna Woods
Vienna Aquatic,Week4,Springboard,Week5,324.0 Vienna Aquatic - 78.0 Springboard
Vienna Woods,Week3,Tuckahoe,Week4,283.0 Tuckahoe - 119.0 Vienna Woods
Vienna Woods,Week2,Vienna Aquatic,Week1,211.0 Vienna Woods - 191.0 Vienna Aquatic
Villa Aquatic,Week3,Annandale,Week2,315.0 Villa Aquatic - 87.0 Annandale
Vienna Aquatic,Week1,Rutherford,Week3,320.5 Vienna Aquatic - 81.5 Rutherford
Vienna Woods,Week4,Tuckahoe,Week2,274.0 Tuckahoe - 128.0 Vienna Woods
Vienna Woods,Week3,Lake Braddock,Week5,368.0 Vienna Woods - 34.0 Lake Braddock
Villa Aquatic,Week3,Annandale,Week1,317.0 Villa Aquatic - 85.0 Annandale
Villa Aquatic,Week2,Annandale,Week4,259.0 Villa Aquatic - 143.0 Annandale
Vienna Woods,Week3,Tuckahoe,Week5,266.0 Tuckahoe - 136.0 Vienna Woods
Vienna Aquatic,Week5,Rolling Valley,Week1,375.0 Vienna Aquatic - 27.0 Rolling Valley
Vienna Woods,Week5,Cottontail,Week2,348.0 Vienna Woods - 54.0 Cottontail
Vienna Aquatic,Week5,Springfield,Week2,391.0 Vienna Aquatic - 8.0 Springfield
Villa Aquatic,Week5,Annandale,Week4,308.0 Villa Aquatic - 94.0 Annandale
Vienna Woods,Week1,Lakevale Estates,Week3,238.0 Vienna Woods - 164.0 Lakevale Estates
Vienna Woods,Week5,Tuckahoe,Week3,260.0 Tuckahoe - 142.0 Vienna Woods
Vienna Aquatic,Week4,Donaldson Run,Week1,233.0 Vienna Aquatic - 169.0 Donaldson Run
Vienna Woods,Week5,Country Club Hills,Week2,349.0 Vienna Woods - 53.0 Country Club Hills
Vienna Woods,Week2,Country Club Hills,Week4,331.0 Vienna Woods - 71.0 Country Club Hills
Vienna Aquatic,Week2,Donaldson Run,Week5,226.5 Donaldson Run - 175.5 Vienna Aquatic
Vienna Aquatic,Week1,Donaldson Run,Week1,211.0 Vienna Aquatic - 191.0 Donaldson Run
Vienna Woods,Week1,Vienna Aquatic,Week5,224.0 Vienna Aquatic - 178.0 Vienna Woods
Villa Aquatic,Week3,Annandale,Week4,307.0 Villa Aquatic - 95.0 Annandale
Vienna Aquatic,Week4,Springfield,Week2,388.0 Vienna Aquatic - 11.0 Springfield
Vienna Woods,Week5,Lake Braddock,Week1,383.0 Vienna Woods - 19.0 Lake Braddock
Vienna Woods,Week1,Lakevale Estates,Week4,228.0 Vienna Woods - 174.0 Lakevale Estates
Vienna Aquatic,Week1,Rutherford,Week5,314.0 Vienna Aquatic - 88.0 Rutherford
Villa Aquatic,Week3,Arlington Forest,Week2,251.0 Villa Aquatic - 151.0 Arlington Forest
Vienna Aquatic,Week2,Rutherford,Week1,337.0 Vienna Aquatic - 65.0 Rutherford
Vienna Aquatic,Week2,Springfield,Week5,398.0 Vienna Aquatic - 4.0 Springfield
Vienna Aquatic,Week2,Stratford,Week5,313.0 Vienna Aquatic - 89.0 Stratford
Villa Aquatic,Week2,Arlington Forest,Week1,222.0 Arlington Forest - 180.0 Villa Aquatic
Vienna Woods,Week3,Lake Braddock,Week2,370.0 Vienna Woods - 32.0 Lake Braddock
Villa Aquatic,Week3,Arlington Forest,Week3,247.0 Villa Aquatic - 155.0 Arlington Forest
Vienna Woods,Week4,Country Club Hills,Week3,311.0 Vienna Woods - 91.0 Country Club Hills
Vienna Aquatic,Week2,Rutherford,Week3,312.0 Vienna Aquatic - 90.0 Rutherford
Vienna Aquatic,Week3,Stratford,Week2,335.0 Vienna Aquatic - 67.0 Stratford
Villa Aquatic,Week3,Arlington Forest,Week5,209.0 Arlington Forest - 193.0 Villa Aquatic
Vienna Aquatic,Week3,Stratford,Week4,325.0 Vienna Aquatic - 77.0 Stratford
Vienna Aquatic,Week2,Donaldson Run,Week1,206.0 Vienna Aquatic - 196.0 Donaldson Run
Vienna Woods,Week1,Country Club Hills,Week2,325.0 Vienna Woods - 77.0 Country Club Hills
Vienna Woods,Week5,Country Club Hills,Week3,348.0 Vienna Woods - 54.0 Country Club Hills
Vienna Woods,Week3,Lake Braddock,Week1,377.0 Vienna Woods - 25.0 Lake Braddock
Vienna Woods,Week1,Lakevale Estates,Week5,220.0 Vienna Woods - 182.0 Lakevale Estates
Vienna Aquatic,Week4,Springfield,Week3,386.0 Vienna Aquatic - 10.0 Springfield
Villa Aquatic,Week5,Annandale,Week2,293.0 Villa Aquatic - 109.0 Annandale
Vienna Woods,Week4,Tuckahoe,Week3,289.0 Tuckahoe - 113.0 Vienna Woods
Vienna Woods,Week2,Country Club Hills,Week1,319.0 Vienna Woods - 83.0 Country Club Hills
Vienna Aquatic,Week5,Rolling Valley,Week5,360.0 Vienna Aquatic - 42.0 Rolling Valley
Vienna Woods,Week3,Country Club Hills,Week3,341.0 Vienna Woods - 61.0 Country Club Hills
Vienna Woods,Week4,Vienna Aquatic,Week4,211.0 Vienna Aquatic - 191.0 Vienna Woods
Villa Aquatic,Week3,Arlington Forest,Week4,202.0 Arlington Forest - 200.0 Villa Aquatic
Vienna Woods,Week2,Lakevale Estates,Week2,247.0 Vienna Woods - 155.0 Lakevale Estates
Vienna Woods,Week3,Vienna Aquatic,Week2,231.0 Vienna Woods - 171.0 Vienna Aquatic
Vienna Woods,Week3,Country Club Hills,Week1,339.0 Vienna Woods - 63.0 Country Club Hills
Vienna Woods,Week4,Tuckahoe,Week1,266.0 Tuckahoe - 136.0 Vienna Woods
Vienna Woods,Week2,Lakevale Estates,Week1,242.0 Vienna Woods - 160.0 Lakevale Estates
Vienna Woods,Week4,Tuckahoe,Week5,282.0 Tuckahoe - 120.0 Vienna Woods
Vienna Aquatic,Week1,Stratford,Week1,331.0 Vienna Aquatic - 71.0 Stratford
Vienna Aquatic,Week2,Rutherford,Week4,318.0 Vienna Aquatic - 84.0 Rutherford
Vienna Aquatic,Week4,Stratford,Week1,324.0 Vienna Aquatic - 78.0 Stratford
Vienna Woods,Week2,Vienna Aquatic,Week2,222.0 Vienna Woods - 180.0 Vienna Aquatic
Vienna Woods,Week3,Vienna Aquatic,Week1,220.0 Vienna Woods - 182.0 Vienna Aquatic
Villa Aquatic,Week4,Arlington Forest,Week1,203.0 Arlington Forest - 199.0 Villa Aquatic
Vienna Aquatic,Week5,Rolling Valley,Week3,363.0 Vienna Aquatic - 39.0 Rolling Valley
Vienna Woods,Week2,Lakevale Estates,Week3,229.0 Vienna Woods - 173.0 Lakevale Estates
Vienna Aquatic,Week4,Rolling Valley,Week4,346.0 Vienna Aquatic - 56.0 Rolling Valley
Villa Aquatic,Week5,Annandale,Week5,300.0 Villa Aquatic - 102.0 Annandale
Vienna Woods,Week3,Lake Braddock,Week4,377.5 Vienna Woods - 24.5 Lake Braddock
Vienna Aquatic,Week3,Rutherford,Week2,334.0 Vienna Aquatic - 68.0 Rutherford
Vienna Woods,Week3,Vienna Aquatic,Week3,203.0 Vienna Woods - 199.0 Vienna Aquatic
Vienna Woods,Week5,Tuckahoe,Week1,214.0 Tuckahoe - 188.0 Vienna Woods
Villa Aquatic,Week4,Annandale,Week2,291.0 Villa Aquatic - 111.0 Annandale
Vienna Aquatic,Week4,Rolling Valley,Week3,350.0 Vienna Aquatic - 52.0 Rolling Valley
Vienna Woods,Week4,Lake Braddock,Week5,350.0 Vienna Woods - 52.0 Lake Braddock
Vienna Aquatic,Week2,Rutherford,Week5,299.0 Vienna Aquatic - 103.0 Rutherford
Vienna Aquatic,Week3,Rutherford,Week4,323.0 Vienna Aquatic - 79.0 Rutherford
Vienna Woods,Week2,Vienna Aquatic,Week3,213.0 Vienna Woods - 189.0 Vienna Aquatic
Villa Aquatic,Week5,Annandale,Week1,295.0 Villa Aquatic - 107.0 Annandale
Vienna Aquatic,Week4,Rolling Valley,Week1,370.0 Vienna Aquatic - 32.0 Rolling Valley
Vienna Woods,Week4,Lake Braddock,Week1,358.0 Vienna Woods - 44.0 Lake Braddock
Vienna Woods,Week4,Lake Braddock,Week4,370.0 Vienna Woods - 32.0 Lake Braddock
Vienna Aquatic,Week4,Springfield,Week4,386.0 Vienna Aquatic - 15.0 Springfield
Vienna Woods,Week5,Cottontail,Week5,345.0 Vienna Woods - 57.0 Cottontail
Villa Aquatic,Week4,Annandale,Week1,304.0 Villa Aquatic - 98.0 Annandale
Vienna Aquatic,Week3,Springfield,Week1,397.0 Vienna Aquatic - 5.0 Springfield
Vienna Woods,Week5,Cottontail,Week1,341.5 Vienna Woods - 60.5 Cottontail
Vienna Aquatic,Week2,Rutherford,Week2,325.0 Vienna Aquatic - 77.0 Rutherford
Villa Aquatic,Week1,Arlington Forest,Week5,250.0 Arlington Forest - 152.0 Villa Aquatic
Villa Aquatic,Week4,Annandale,Week3,296.0 Villa Aquatic - 106.0 Annandale
Vienna Woods,Week5,Tuckahoe,Week4,269.0 Tuckahoe - 133.0 Vienna Woods
Vienna Woods,Week4,Country Club Hills,Week4,318.0 Vienna Woods - 84.0 Country Club Hills
Vienna Aquatic,Week2,Springfield,Week4,394.0 Vienna Aquatic - 8.0 Springfield
Vienna Woods,Week1,Lakevale Estates,Week1,249.5 Vienna Woods - 152.5 Lakevale Estates
Vienna Aquatic,Week4,Stratford,Week5,333.0 Vienna Aquatic - 69.0 Stratford
Vienna Aquatic,Week3,Rutherford,Week3,329.0 Vienna Aquatic - 73.0 Rutherford
Vienna Woods,Week5,Lake Braddock,Week4,384.0 Vienna Woods - 18.0 Lake Braddock
Vienna Aquatic,Week4,Springfield,Week5,389.0 Vienna Aquatic - 12.0 Springfield
Vienna Woods,Week2,Country Club Hills,Week5,326.0 Vienna Woods - 76.0 Country Club Hills
Vienna Woods,Week2,Vienna Aquatic,Week5,220.0 Vienna Aquatic - 182.0 Vienna Woods
Vienna Woods,Week5,Tuckahoe,Week2,232.0 Tuckahoe - 170.0 Vienna Woods
Vienna Aquatic,Week1,Stratford,Week3,316.0 Vienna Aquatic - 86.0 Stratford
Vienna Aquatic,Week3,Rutherford,Week1,348.0 Vienna Aquatic - 54.0 Rutherford
Villa Aquatic,Week4,Annandale,Week4,303.0 Villa Aquatic - 99.0 Annandale
Vienna Aquatic,Week5,Springfield,Week1,391.0 Vienna Aquatic - 9.0 Springfield
Vienna Woods,Week5,Cottontail,Week4,348.0 Vienna Woods - 54.0 Cottontail
Vienna Woods,Week4,Cottontail,Week5,313.0 Vienna Woods - 89.0 Cottontail
Vienna Woods,Week1,Country Club Hills,Week3,340.0 Vienna Woods - 62.0 Country Club Hills
Vienna Woods,Week5,Lake Braddock,Week5,370.0 Vienna Woods - 32.0 Lake Braddock
Vienna Woods,Week3,Vienna Aquatic,Week4,231.0 Vienna Woods - 171.0 Vienna Aquatic
Vienna Aquatic,Week3,Springfield,Week3,398.0 Vienna Aquatic - 4.0 Springfield
Vienna Woods,Week2,Country Club Hills,Week2,331.0 Vienna Woods - 71.0 Country Club Hills
Vienna Aquatic,Week3,Rutherford,Week5,301.5 Vienna Aquatic - 100.5 Rutherford
Vienna Woods,Week5,Vienna Aquatic,Week1,245.0 Vienna Woods - 157.0 Vienna Aquatic
Vienna Aquatic,Week3,Springfield,Week4,396.0 Vienna Aquatic - 6.0 Springfield
Vienna Aquatic,Week1,Stratford,Week2,327.0 Vienna Aquatic - 75.0 Stratford
Vienna Woods,Week1,Country Club Hills,Week1,324.0 Vienna Woods - 78.0 Country Club Hills
Vienna Aquatic,Week5,Rolling Valley,Week4,366.0 Vienna Aquatic - 36.0 Rolling Valley
Vienna Woods,Week2,Lake Braddock,Week3,361.0 Vienna Woods - 41.0 Lake Braddock
Villa Aquatic,Week1,Arlington Forest,Week4,248.0 Arlington Forest - 154.0 Villa Aquatic
Vienna Woods,Week4,Vienna Aquatic,Week5,248.0 Vienna Aquatic - 154.0 Vienna Woods
Vienna Aquatic,Week4,Rutherford,Week1,346.0 Vienna Aquatic - 56.0 Rutherford
Vienna Woods,Week2,Lake Braddock,Week4,372.0 Vienna Woods - 30.0 Lake Braddock
Vienna Woods,Week1,Country Club Hills,Week4,326.0 Vienna Woods - 71.0 Country Club Hills
Vienna Woods,Week2,Lake Braddock,Week5,355.0 Vienna Woods - 47.0 Lake Braddock
Villa Aquatic,Week2,Arlington Forest,Week3,203.0 Villa Aquatic - 199.0 Arlington Forest
Vienna Woods,Week2,Lake Braddock,Week2,358.0 Vienna Woods - 44.0 Lake Braddock
Villa Aquatic,Week1,Arlington Forest,Week1,241.0 Arlington Forest - 161.0 Villa Aquatic
Villa Aquatic,Week2,Arlington Forest,Week5,243.0 Arlington Forest - 159.0 Villa Aquatic
Vienna Woods,Week4,Vienna Aquatic,Week2,209.0 Vienna Aquatic - 193.0 Vienna Woods
Vienna Woods,Week5,Vienna Aquatic,Week4,250.0 Vienna Woods - 152.0 Vienna Aquatic
Villa Aquatic,Week2,Arlington Forest,Week4,234.0 Arlington Forest - 168.0 Villa Aquatic
Vienna Aquatic,Week4,Shouse Village,Week3,274.0 Vienna Aquatic - 128.0 Shouse Village
Vienna Woods,Week2,Country Club Hills,Week3,323.0 Vienna Woods - 79.0 Country Club Hills
Vienna Aquatic,Week1,Walden Glen,Week3,328.0 Vienna Aquatic - 74.0 Walden Glen
Villa Aquatic,Week4,Annandale,Week5,288.0 Villa Aquatic - 114.0 Annandale
Vienna Woods,Week4,Vienna Woods,Week2,225.5 Vienna Woods (VW2) - 176.5 Vienna Woods (VW1)
Vienna Woods,Week3,Lake Braddock,Week3,369.0 Vienna Woods - 33.0 Lake Braddock
Vienna Aquatic,Week1,Rutherford,Week2,332.0 Vienna Aquatic - 70.0 Rutherford
Vienna Aquatic,Week2,Stratford,Week1,327.0 Vienna Aquatic - 75.0 Stratford
Vienna Woods,Week4,Lake Braddock,Week2,355.0 Vienna Woods - 47.0 Lake Braddock
Vienna Woods,Week5,Vienna Woods,Week4,291.0 Vienna Woods (VW1) - 111.0 Vienna Woods (VW2)
Vienna Woods,Week5,Lake Braddock,Week2,367.0 Vienna Woods - 35.0 Lake Braddock
Vienna Aquatic,Week5,Rutherford,Week4,347.0 Vienna Aquatic - 55.0 Rutherford
Vienna Woods,Week5,Lakevale Estates,Week1,267.5 Vienna Woods - 134.5 Lakevale Estates
Vienna Woods,Week5,Vienna Woods,Week3,238.5 Vienna Woods (VW1) - 163.5 Vienna Woods (VW2)
Vienna Woods,Week1,Vienna Woods,Week5,235.5 Vienna Woods (VW2) - 166.5 Vienna Woods (VW1)
Villa Aquatic,Week5,Annandale,Week3,293.0 Villa Aquatic - 109.0 Annandale
Vienna Aquatic,Week5,Wakefield Chapel,Week2,246.0 Vienna Aquatic - 156.0 Wakefield Chapel
Vienna Aquatic,Week5,Springfield,Week3,391.0 Vienna Aquatic - 8.0 Springfield
Vienna Aquatic,Week4,Springfield,Week1,387.0 Vienna Aquatic - 14.0 Springfield
Vienna Woods,Week1,Country Club Hills,Week5,315.0 Vienna Woods - 87.0 Country Club Hills
Vienna Aquatic,Week2,Stratford,Week2,332.0 Vienna Aquatic - 70.0 Stratford
Vienna Woods,Week4,Country Club Hills,Week2,312.0 Vienna Woods - 90.0 Country Club Hills
Vienna Aquatic,Week1,Stratford,Week5,322.0 Vienna Aquatic - 80.0 Stratford
Vienna Aquatic,Week5,Springfield,Week5,394.0 Vienna Aquatic - 6.0 Springfield
Villa Aquatic,Week1,Arlington Forest,Week2,207.0 Arlington Forest - 195.0 Villa Aquatic
Vienna Aquatic,Week3,Shouse Village,Week5,261.0 Vienna Aquatic - 141.0 Shouse Village
Villa Aquatic,Week1,Arlington Forest,Week3,207.0 Arlington Forest - 195.0 Villa Aquatic
Vienna Aquatic,Week1,Shouse Village,Week4,267.0 Vienna Aquatic - 135.0 Shouse Village
Vienna Woods,Week4,Country Club Hills,Week5,306.0 Vienna Woods - 96.0 Country Club Hills
Vienna Aquatic,Week3,Springfield,Week2,400.0 Vienna Aquatic - 2.0 Springfield
Vienna Aquatic,Week3,Shouse Village,Week3,289.0 Vienna Aquatic - 113.0 Shouse Village
Villa Aquatic,Week2,Arlington Forest,Week2,206.0 Arlington Forest - 196.0 Villa Aquatic
Vienna Aquatic,Week4,Rutherford,Week3,322.0 Vienna Aquatic - 80.0 Rutherford
Vienna Woods,Week2,Vienna Woods,Week1,225.0 Vienna Woods (VW2) - 177.0 Vienna Woods (VW1)
Vienna Aquatic,Week2,Walden Glen,Week2,326.0 Vienna Aquatic - 76.0 Walden Glen
Vienna Woods,Week5,Vienna Aquatic,Week5,212.0 Vienna Woods - 190.0 Vienna Aquatic
Vienna Aquatic,Week2,Shouse Village,Week3,276.0 Vienna Aquatic - 126.0 Shouse Village
Vienna Woods,Week4,Lakevale Estates,Week4,218.0 Vienna Woods - 184.0 Lakevale Estates
Vienna Aquatic,Week4,Shouse Village,Week2,292.0 Vienna Aquatic - 110.0 Shouse Village
Vienna Woods,Week4,Lakevale Estates,Week2,231.0 Vienna Woods - 171.0 Lakevale Estates
Villa Aquatic,Week3,Arlington Forest,Week1,233.0 Villa Aquatic - 169.0 Arlington Forest
Vienna Aquatic,Week3,Stratford,Week1,341.0 Vienna Aquatic - 61.0 Stratford
Vienna Aquatic,Week2,Walden Glen,Week4,305.0 Vienna Aquatic - 97.0 Walden Glen
Vienna Aquatic,Week1,Shouse Village,Week5,272.0 Vienna Aquatic - 130.0 Shouse Village
Vienna Aquatic,Week1,Stratford,Week4,306.0 Vienna Aquatic - 96.0 Stratford
Vienna Woods,Week2,Lakeview,Week3,356.0 Vienna Woods - 46.0 Lakeview
Vienna Aquatic,Week3,Springfield,Week5,400.0 Vienna Aquatic - 2.0 Springfield
Vienna Aquatic,Week3,Stratford,Week3,331.0 Vienna Aquatic - 71.0 Stratford
Vienna Woods,Week4,Vienna Woods,Week1,239.0 Vienna Woods (VW2) - 163.0 Vienna Woods (VW1)
Villa Aquatic,Week4,Arlington Forest,Week5,232.0 Arlington Forest - 170.0 Villa Aquatic
Vienna Woods,Week5,Vienna Woods,Week5,201.0 Vienna Woods (VW1) - 201.0 Vienna Woods (VW2)
Villa Aquatic,Week5,Arlington Forest,Week3,238.0 Villa Aquatic - 164.0 Arlington Forest
Vienna Aquatic,Week5,Walden Glen,Week4,326.0 Vienna Aquatic - 76.0 Walden Glen
Vienna Woods,Week1,Villa Aquatic,Week2,309.0 Vienna Woods - 93.0 Villa Aquatic
Vienna Aquatic,Week4,Rutherford,Week5,304.0 Vienna Aquatic - 98.0 Rutherford
Vienna Aquatic,Week2,Stratford,Week4,310.0 Vienna Aquatic - 92.0 Stratford
Vienna Woods,Week1,Vienna Woods,Week4,239.0 Vienna Woods (VW1) - 163.0 Vienna Woods (VW2)
Vienna Aquatic,Week1,Shouse Village,Week3,276.5 Vienna Aquatic - 125.5 Shouse Village
Vienna Aquatic,Week3,Shouse Village,Week4,280.0 Vienna Aquatic - 122.0 Shouse Village
Vienna Woods,Week3,Vienna Woods,Week3,201.0 Vienna Woods (VW1) - 201.0 Vienna Woods (VW2)
Vienna Woods,Week3,Lakeview,Week4,365.0 Vienna Woods - 37.0 Lakeview
Vienna Aquatic,Week5,Springfield,Week4,390.0 Vienna Aquatic - 10.0 Springfield
Vienna Aquatic,Week4,Walden Glen,Week5,297.0 Vienna Aquatic - 105.0 Walden Glen
Vienna Aquatic,Week4,Walden Glen,Week3,316.0 Vienna Aquatic - 86.0 Walden Glen
Vienna Aquatic,Week4,Walden Glen,Week1,337.0 Vienna Aquatic - 64.0 Walden Glen
Villa Aquatic,Week1,Brandywine,Week1,211.0 Brandywine - 191.0 Villa Aquatic
Vienna Woods,Week3,Lakeview,Week2,387.0 Vienna Woods - 15.0 Lakeview
Villa Aquatic,Week5,Arlington Forest,Week2,219.0 Villa Aquatic - 183.0 Arlington Forest
Vienna Woods,Week4,Lakeview,Week1,360.0 Vienna Woods - 42.0 Lakeview
Villa Aquatic,Week2,Brandywine,Week5,225.0 Brandywine - 177.0 Villa Aquatic
Vienna Woods,Week4,Lake Braddock,Week3,361.0 Vienna Woods - 41.0 Lake Braddock
Vienna Woods,Week2,Lakeview,Week2,374.0 Vienna Woods - 28.0 Lakeview
Vienna Aquatic,Week2,Stratford,Week3,311.0 Vienna Aquatic - 91.0 Stratford
Vienna Woods,Week1,Lakeview,Week2,373.5 Vienna Woods - 28.5 Lakeview
Vienna Aquatic,Week5,Walden Glen,Week2,344.0 Vienna Aquatic - 58.0 Walden Glen
Vienna Woods,Week3,Vienna Woods,Week4,247.0 Vienna Woods (VW1) - 155.0 Vienna Woods (VW2)
Vienna Woods,Week4,Lakevale Estates,Week5,214.0 Vienna Woods - 188.0 Lakevale Estates
Villa Aquatic,Week5,Arlington Forest,Week1,215.0 Villa Aquatic - 187.0 Arlington Forest
Vienna Aquatic,Week1,Waynewood,Week4,242.0 Vienna Aquatic - 160.0 Waynewood
Vienna Aquatic,Week3,Stratford,Week5,332.0 Vienna Aquatic - 70.0 Stratford
Vienna Aquatic,Week4,Rutherford,Week4,331.0 Vienna Aquatic - 71.0 Rutherford
Vienna Aquatic,Week4,Stratford,Week3,329.0 Vienna Aquatic - 73.0 Stratford
Vienna Aquatic,Week1,Walden Glen,Week2,327.0 Vienna Aquatic - 75.0 Walden Glen
Vienna Aquatic,Week1,Shouse Village,Week1,279.0 Vienna Aquatic - 123.0 Shouse Village
Vienna Woods,Week1,Vienna Woods,Week3,202.0 Vienna Woods (VW1) - 200.0 Vienna Woods (VW2)
Villa Aquatic,Week5,Arlington Forest,Week5,221.0 Arlington Forest - 181.0 Villa Aquatic
Vienna Aquatic,Week5,Rutherford,Week1,352.0 Vienna Aquatic - 50.0 Rutherford
Vienna Woods,Week3,Lakevale Estates,Week3,250.0 Vienna Woods - 152.0 Lakevale Estates
Villa Aquatic,Week4,Arlington Forest,Week2,217.0 Villa Aquatic - 185.0 Arlington Forest
Vienna Aquatic,Week4,Wakefield Chapel,Week5,235.0 Wakefield Chapel - 167.0 Vienna Aquatic
Vienna Woods,Week3,Lakevale Estates,Week1,254.0 Vienna Woods - 148.0 Lakevale Estates
Vienna Woods,Week3,Lakevale Estates,Week2,257.0 Vienna Woods - 145.0 Lakevale Estates
Vienna Woods,Week5,Vienna Woods,Week1,235.5 Vienna Woods (VW1) - 166.5 Vienna Woods (VW2)
Vienna Woods,Week4,Vienna Woods,Week3,247.0 Vienna Woods (VW2) - 155.0 Vienna Woods (VW1)
Vienna Aquatic,Week4,Stratford,Week2,333.0 Vienna Aquatic - 69.0 Stratford
Vienna Aquatic,Week1,Waynewood,Week2,251.0 Vienna Aquatic - 151.0 Waynewood
Vienna Aquatic,Week1,Sideburn Run,Week5,278.0 Vienna Aquatic - 124.0 Sideburn Run
Villa Aquatic,Week4,Brandywine,Week2,213.0 Villa Aquatic - 189.0 Brandywine
Vienna Aquatic,Week2,Walden Glen,Week3,323.0 Vienna Aquatic - 79.0 Walden Glen
Villa Aquatic,Week4,Brandywine,Week3,208.0 Brandywine - 194.0 Villa Aquatic
Vienna Aquatic,Week5,Rutherford,Week2,343.0 Vienna Aquatic - 58.0 Rutherford
Vienna Woods,Week5,Lakevale Estates,Week2,275.0 Vienna Woods - 127.0 Lakevale Estates
Vienna Aquatic,Week4,Stratford,Week4,316.5 Vienna Aquatic - 85.5 Stratford
Vienna Woods,Week1,Vienna Woods,Week1,196.0 Vienna Woods (VW1) - 196.0 Vienna Woods (VW2)
Villa Aquatic,Week1,Brandywine,Week5,244.0 Brandywine - 158.0 Villa Aquatic
Vienna Woods,Week2,Vienna Woods,Week2,200.5 Vienna Woods (VW1) - 200.5 Vienna Woods (VW2)
Vienna Aquatic,Week2,Fairfax Station,Week3,212.0 Vienna Aquatic - 190.0 Fairfax Station
Vienna Aquatic,Week1,Walden Glen,Week1,336.0 Vienna Aquatic - 66.0 Walden Glen
Vienna Aquatic,Week3,Fairfax Station,Week2,235.0 Vienna Aquatic - 167.0 Fairfax Station
Vienna Aquatic,Week5,Wakefield Chapel,Week1,216.0 Vienna Aquatic - 186.0 Wakefield Chapel
Vienna Woods,Week4,Lakevale Estates,Week1,240.0 Vienna Woods - 162.0 Lakevale Estates
Vienna Aquatic,Week1,Sully Station,Week2,215.0 Vienna Aquatic - 187.0 Sully Station
Vienna Aquatic,Week3,Sully Station,Week4,231.0 Vienna Aquatic - 171.0 Sully Station
Vienna Woods,Week2,Vienna Woods,Week4,225.5 Vienna Woods (VW1) - 176.5 Vienna Woods (VW2)
Villa Aquatic,Week2,Brandywine,Week3,216.0 Brandywine - 186.0 Villa Aquatic
Vienna Woods,Week2,Vienna Woods,Week5,269.0 Vienna Woods (VW2) - 133.0 Vienna Woods (VW1)
Vienna Aquatic,Week5,Stratford,Week1,336.0 Vienna Aquatic - 66.0 Stratford
Vienna Aquatic,Week5,Rutherford,Week5,338.0 Vienna Aquatic - 64.0 Rutherford
Villa Aquatic,Week4,Arlington Forest,Week4,222.0 Arlington Forest - 180.0 Villa Aquatic
Vienna Aquatic,Week4,Wakefield Chapel,Week3,207.0 Wakefield Chapel - 190.0 Vienna Aquatic
Villa Aquatic,Week4,Arlington Forest,Week3,235.0 Villa Aquatic - 167.0 Arlington Forest
Vienna Aquatic,Week5,Rutherford,Week3,340.0 Vienna Aquatic - 62.0 Rutherford
Vienna Woods,Week1,Lakeview,Week5,351.5 Vienna Woods - 41.5 Lakeview
Vienna Aquatic,Week3,Sully Station,Week5,214.0 Vienna Aquatic - 188.0 Sully Station
Vienna Aquatic,Week3,Walden Glen,Week2,330.0 Vienna Aquatic - 72.0 Walden Glen
Vienna Aquatic,Week4,Rutherford,Week2,327.0 Vienna Aquatic - 75.0 Rutherford
Vienna Aquatic,Week5,Wakefield Chapel,Week5,212.0 Vienna Aquatic - 190.0 Wakefield Chapel
Vienna Woods,Week1,Lakeview,Week1,363.0 Vienna Woods - 39.0 Lakeview
Vienna Aquatic,Week2,Shouse Village,Week2,288.0 Vienna Aquatic - 114.0 Shouse Village
Vienna Woods,Week5,Lakevale Estates,Week5,250.0 Vienna Woods - 152.0 Lakevale Estates
Vienna Aquatic,Week3,Sully Station,Week3,227.0 Vienna Aquatic - 175.0 Sully Station
Vienna Woods,Week3,Vienna Woods,Week2,223.0 Vienna Woods (VW1) - 179.0 Vienna Woods (VW2)
Villa Aquatic,Week2,Brandywine,Week4,222.0 Brandywine - 180.0 Villa Aquatic
Vienna Woods,Week3,Vienna Woods,Week1,202.0 Vienna Woods (VW2) - 200.0 Vienna Woods (VW1)
Vienna Aquatic,Week2,Shouse Village,Week4,269.0 Vienna Aquatic - 133.0 Shouse Village
Vienna Aquatic,Week4,Sully Station,Week3,210.0 Vienna Aquatic - 192.0 Sully Station
Vienna Aquatic,Week1,Shouse Village,Week2,301.0 Vienna Aquatic - 101.0 Shouse Village
Vienna Woods,Week2,Lakevale Estates,Week5,212.0 Vienna Woods - 190.0 Lakevale Estates
Villa Aquatic,Week2,Brandywine,Week2,208.0 Brandywine - 194.0 Villa Aquatic
Vienna Aquatic,Week1,Walden Glen,Week4,314.0 Vienna Aquatic - 88.0 Walden Glen
Vienna Aquatic,Week2,Forest Hollow,Week4,258.0 Vienna Aquatic - 144.0 Forest Hollow
Vienna Aquatic,Week4,Wakefield Chapel,Week4,207.0 Wakefield Chapel - 195.0 Vienna Aquatic
Vienna Aquatic,Week2,Forest Hollow,Week2,274.0 Vienna Aquatic - 128.0 Forest Hollow
Vienna Aquatic,Week5,Fairfax Station,Week1,272.0 Vienna Aquatic - 130.0 Fairfax Station
Vienna Aquatic,Week2,Shouse Village,Week5,251.0 Vienna Aquatic - 151.0 Shouse Village
Vienna Woods,Week5,Lakevale Estates,Week3,262.0 Vienna Woods - 140.0 Lakevale Estates
Vienna Woods,Week2,Lakeview,Week1,369.5 Vienna Woods - 32.5 Lakeview
Vienna Woods,Week4,Parklawn,Week5,313.0 Vienna Woods - 88.0 Parklawn
Vienna Aquatic,Week3,Walden Glen,Week3,335.0 Vienna Aquatic - 67.0 Walden Glen
Vienna Aquatic,Week5,Sully Station,Week1,263.0 Vienna Aquatic - 139.0 Sully Station
Vienna Woods,Week2,Vienna Woods,Week3,223.0 Vienna Woods (VW2) - 179.0 Vienna Woods (VW1)
Villa Aquatic,Week5,Arlington Forest,Week4,215.0 Arlington Forest - 187.0 Villa Aquatic
Villa Aquatic,Week1,Brandywine,Week2,214.0 Brandywine - 188.0 Villa Aquatic
Vienna Aquatic,Week3,Shouse Village,Week1,290.0 Vienna Aquatic - 112.0 Shouse Village
Vienna Aquatic,Week4,Sully Station,Week5,204.0 Sully Station - 198.0 Vienna Aquatic
Villa Aquatic,Week3,Brandywine,Week3,213.5 Villa Aquatic - 188.5 Brandywine
Vienna Aquatic,Week4,Fairfax Station,Week3,208.5 Vienna Aquatic - 193.5 Fairfax Station
Vienna Woods,Week3,Lakevale Estates,Week4,222.0 Vienna Woods - 180.0 Lakevale Estates
Vienna Woods,Week5,Vienna Woods,Week2,269.0 Vienna Woods (VW1) - 133.0 Vienna Woods (VW2)
Vienna Aquatic,Week5,Wakefield Chapel,Week3,224.0 Vienna Aquatic - 178.0 Wakefield Chapel
Vienna Woods,Week5,Vienna Aquatic,Week3,241.0 Vienna Woods - 161.0 Vienna Aquatic
Vienna Aquatic,Week2,Shouse Village,Week1,274.5 Vienna Aquatic - 127.5 Shouse Village
Vienna Aquatic,Week4,Sully Station,Week1,204.0 Vienna Aquatic - 198.0 Sully Station
Vienna Woods,Week1,Vienna Woods,Week2,225.0 Vienna Woods (VW1) - 177.0 Vienna Woods (VW2)
Vienna Woods,Week5,Lakevale Estates,Week4,259.0 Vienna Woods - 143.0 Lakevale Estates
Vienna Aquatic,Week1,Fairfax Station,Week4,243.0 Vienna Aquatic - 159.0 Fairfax Station
Vienna Aquatic,Week3,Shouse Village,Week2,303.0 Vienna Aquatic - 99.0 Shouse Village
Vienna Woods,Week4,Vienna Woods,Week4,198.5 Vienna Woods (VW1) - 198.5 Vienna Woods (VW2)
Villa Aquatic,Week1,Brandywine,Week4,233.0 Brandywine - 169.0 Villa Aquatic
Villa Aquatic,Week3,Brandywine,Week2,230.5 Villa Aquatic - 171.5 Brandywine
Vienna Aquatic,Week3,Forest Hollow,Week1,271.0 Vienna Aquatic - 131.0 Forest Hollow
Vienna Woods,Week3,Vienna Woods,Week5,238.5 Vienna Woods (VW2) - 163.5 Vienna Woods (VW1)
Vienna Woods,Week3,Lakevale Estates,Week5,219.0 Vienna Woods - 183.0 Lakevale Estates
Vienna Aquatic,Week1,Sully Station,Week1,212.0 Vienna Aquatic - 190.0 Sully Station
Vienna Aquatic,Week2,Walden Glen,Week1,337.0 Vienna Aquatic - 65.0 Walden Glen
Vienna Woods,Week1,Villa Aquatic,Week4,300.0 Vienna Woods - 102.0 Villa Aquatic
Vienna Aquatic,Week4,Shouse Village,Week5,253.0 Vienna Aquatic - 149.0 Shouse Village
Vienna Aquatic,Week3,Fairfax Station,Week4,248.0 Vienna Aquatic - 154.0 Fairfax Station
Vienna Aquatic,Week3,Fairfax Station,Week5,219.5 Vienna Aquatic - 182.5 Fairfax Station
Vienna Aquatic,Week2,Sully Station,Week1,212.0 Vienna Aquatic - 190.0 Sully Station
Vienna Woods,Week1,Parliament,Week1,292.0 Vienna Woods - 110.0 Parliament
Vienna Aquatic,Week3,Walden Glen,Week4,322.0 Vienna Aquatic - 80.0 Walden Glen
Vienna Woods,Week1,Villa Aquatic,Week1,317.0 Vienna Woods - 85.0 Villa Aquatic
Vienna Woods,Week4,Lakevale Estates,Week3,234.5 Vienna Woods - 162.5 Lakevale Estates
Vienna Woods,Week4,Vienna Woods,Week5,291.0 Vienna Woods (VW2) - 111.0 Vienna Woods (VW1)
Vienna Aquatic,Week3,Walden Glen,Week1,347.0 Vienna Aquatic - 55.0 Walden Glen
Vienna Woods,Week2,Lakevale Estates,Week4,224.0 Vienna Woods - 178.0 Lakevale Estates
Vienna Aquatic,Week4,Shouse Village,Week4,263.5 Vienna Aquatic - 138.5 Shouse Village
Vienna Aquatic,Week4,Sully Station,Week4,221.0 Vienna Aquatic - 181.0 Sully Station
Vienna Aquatic,Week5,Wakefield Chapel,Week4,241.0 Vienna Aquatic - 161.0 Wakefield Chapel
Vienna Aquatic,Week4,Fairfax Station,Week4,239.0 Vienna Aquatic - 163.0 Fairfax Station
Villa Aquatic,Week3,Brandywine,Week4,204.0 Villa Aquatic - 198.0 Brandywine
Villa Aquatic,Week3,Brandywine,Week1,240.0 Villa Aquatic - 162.0 Brandywine
Vienna Woods,Week1,Parliament,Week3,310.0 Vienna Woods - 92.0 Parliament
Vienna Aquatic,Week5,Sully Station,Week2,265.0 Vienna Aquatic - 137.0 Sully Station
Vienna Woods,Week1,Lakeview,Week3,361.0 Vienna Woods - 41.0 Lakeview
Vienna Aquatic,Week4,Shouse Village,Week1,284.0 Vienna Aquatic - 118.0 Shouse Village
Villa Aquatic,Week2,Brandywine,Week1,213.0 Brandywine - 189.0 Villa Aquatic
Vienna Woods,Week3,Lakeview,Week1,374.0 Vienna Woods - 28.0 Lakeview
Vienna Aquatic,Week2,Sully Station,Week5,208.0 Sully Station - 194.0 Vienna Aquatic
Vienna Woods,Week2,Lakeview,Week4,357.0 Vienna Woods - 45.0 Lakeview
Vienna Aquatic,Week1,Fairfax Station,Week5,203.0 Fairfax Station - 199.0 Vienna Aquatic
Vienna Aquatic,Week5,Shouse Village,Week2,316.0 Vienna Aquatic - 85.0 Shouse Village
Vienna Aquatic,Week2,Fairfax Station,Week2,223.0 Vienna Aquatic - 179.0 Fairfax Station
Vienna Aquatic,Week5,Shouse Village,Week1,293.0 Vienna Aquatic - 109.0 Shouse Village
Vienna Woods,Week2,Villa Aquatic,Week3,274.0 Vienna Woods - 128.0 Villa Aquatic
Vienna Woods,Week3,Parliament,Week4,327.5 Vienna Woods - 74.5 Parliament
Vienna Aquatic,Week5,Shouse Village,Week3,292.0 Vienna Aquatic - 110.0 Shouse Village
Vienna Woods,Week1,Lakeview,Week4,356.0 Vienna Woods - 46.0 Lakeview
Vienna Aquatic,Week3,Walden Glen,Week5,311.0 Vienna Aquatic - 91.0 Walden Glen
Vienna Aquatic,Week5,Stratford,Week5,346.0 Vienna Aquatic - 56.0 Stratford
Vienna Aquatic,Week1,Walden Glen,Week5,295.0 Vienna Aquatic - 107.0 Walden Glen
Villa Aquatic,Week1,Brandywine,Week3,227.0 Brandywine - 175.0 Villa Aquatic
Vienna Woods,Week3,Parklawn,Week2,347.0 Vienna Woods - 54.0 Parklawn
Vienna Aquatic,Week3,Fairfax Station,Week3,215.0 Vienna Aquatic - 187.0 Fairfax Station
Villa Aquatic,Week3,Brandywine,Week5,201.0 Brandywine - 201.0 Villa Aquatic
Vienna Woods,Week3,Parliament,Week2,322.0 Vienna Woods - 80.0 Parliament
Vienna Woods,Week4,Parliament,Week1,265.0 Vienna Woods - 132.0 Parliament
Vienna Woods,Week1,Village West,Week3,325.0 Vienna Woods - 77.0 Village West
Vienna Aquatic,Week5,Shouse Village,Week4,288.0 Vienna Aquatic - 114.0 Shouse Village
Vienna Woods,Week5,Villa Aquatic,Week5,311.0 Vienna Woods - 91.0 Villa Aquatic
Vienna Aquatic,Week2,Walden Glen,Week5,298.5 Vienna Aquatic - 103.5 Walden Glen
Vienna Aquatic,Week4,Sully Station,Week2,210.0 Vienna Aquatic - 192.0 Sully Station
Villa Aquatic,Week4,Brandywine,Week1,229.0 Villa Aquatic - 173.0 Brandywine
Vienna Aquatic,Week4,Walden Glen,Week2,331.0 Vienna Aquatic - 71.0 Walden Glen
Vienna Aquatic,Week5,Stratford,Week2,340.0 Vienna Aquatic - 62.0 Stratford
Vienna Aquatic,Week4,Fairfax Station,Week2,233.0 Vienna Aquatic - 164.0 Fairfax Station
Vienna Aquatic,Week5,Walden Glen,Week1,357.0 Vienna Aquatic - 44.0 Walden Glen
Vienna Woods,Week3,Lakeview,Week5,361.0 Vienna Woods - 32.0 Lakeview
Vienna Aquatic,Week5,Stratford,Week3,337.0 Vienna Aquatic - 65.0 Stratford
Vienna Aquatic,Week1,Sideburn Run,Week3,282.0 Vienna Aquatic - 120.0 Sideburn Run
Vienna Aquatic,Week5,Walden Glen,Week3,346.5 Vienna Aquatic - 54.5 Walden Glen
Vienna Aquatic,Week5,Fairfax Station,Week2,268.0 Vienna Aquatic - 134.0 Fairfax Station
Vienna Woods,Week3,Parliament,Week1,296.0 Vienna Woods - 106.0 Parliament
Villa Aquatic,Week4,Bren Mar-Edsall Park,Week1,362.0 Villa Aquatic - 40.0 Bren Mar-Edsall Park
Vienna Woods,Week3,Langley,Week3,262.5 Vienna Woods - 139.5 Langley
Vienna Woods,Week3,Lakeview,Week3,372.0 Vienna Woods - 30.0 Lakeview
Vienna Aquatic,Week1,Sideburn Run,Week1,275.0 Vienna Aquatic - 127.0 Sideburn Run
Vienna Woods,Week2,Village West,Week2,331.0 Vienna Woods - 70.0 Village West
Villa Aquatic,Week3,Bren Mar-Edsall Park,Week2,373.0 Villa Aquatic - 29.0 Bren Mar-Edsall Park
Vienna Woods,Week2,Village West,Week1,348.0 Vienna Woods - 53.0 Village West
Vienna Aquatic,Week2,Fairfax Station,Week1,229.5 Vienna Aquatic - 172.5 Fairfax Station
Villa Aquatic,Week5,Brandywine,Week4,216.0 Villa Aquatic - 186.0 Brandywine
Vienna Aquatic,Week1,Waynewood,Week1,269.5 Vienna Aquatic - 132.5 Waynewood
Vienna Woods,Week2,Parklawn,Week5,319.0 Vienna Woods - 79.0 Parklawn
Vienna Woods,Week5,Parklawn,Week1,358.0 Vienna Woods - 35.0 Parklawn
Vienna Aquatic,Week4,Fairfax Station,Week5,208.0 Fairfax Station - 194.0 Vienna Aquatic
Vienna Aquatic,Week1,Sully Station,Week3,215.0 Vienna Aquatic - 187.0 Sully Station
Vienna Woods,Week3,Langley,Week1,254.0 Vienna Woods - 148.0 Langley
Vienna Woods,Week2,Village West,Week4,326.0 Vienna Woods - 70.0 Village West
Villa Aquatic,Week5,Bren Mar-Edsall Park,Week2,373.0 Villa Aquatic - 29.0 Bren Mar-Edsall Park
Vienna Woods,Week2,Villa Aquatic,Week5,285.0 Vienna Woods - 117.0 Villa Aquatic
Vienna Aquatic,Week3,Sully Station,Week1,216.0 Vienna Aquatic - 186.0 Sully Station
Vienna Aquatic,Week4,Walden Glen,Week4,312.0 Vienna Aquatic - 85.0 Walden Glen
Vienna Aquatic,Week5,Walden Glen,Week5,323.0 Vienna Aquatic - 79.0 Walden Glen
Vienna Woods,Week4,Parklawn,Week2,330.0 Vienna Woods - 71.0 Parklawn
Villa Aquatic,Week3,Bren Mar-Edsall Park,Week4,362.0 Villa Aquatic - 40.0 Bren Mar-Edsall Park
Vienna Aquatic,Week1,Sideburn Run,Week2,290.0 Vienna Aquatic - 112.0 Sideburn Run
Vienna Aquatic,Week1,Sideburn Run,Week4,283.0 Vienna Aquatic - 119.0 Sideburn Run
Vienna Aquatic,Week5,Shouse Village,Week5,279.0 Vienna Aquatic - 123.0 Shouse Village
Vienna Aquatic,Week5,Stratford,Week4,335.0 Vienna Aquatic - 67.0 Stratford
Vienna Aquatic,Week1,Waynewood,Week3,215.0 Vienna Aquatic - 187.0 Waynewood
Vienna Woods,Week4,Villa Aquatic,Week4,294.0 Vienna Woods - 108.0 Villa Aquatic
Vienna Woods,Week4,Langley,Week5,246.0 Vienna Woods - 156.0 Langley
Vienna Woods,Week2,Parliament,Week2,315.0 Vienna Woods - 87.0 Parliament
Vienna Woods,Week4,Langley,Week3,232.0 Vienna Woods - 170.0 Langley
Vienna Woods,Week2,Lakeview,Week5,347.0 Vienna Woods - 46.0 Lakeview
Vienna Aquatic,Week4,Fairfax Station,Week1,235.0 Vienna Aquatic - 167.0 Fairfax Station
Vienna Aquatic,Week1,Sully Station,Week4,215.0 Vienna Aquatic - 187.0 Sully Station
Vienna Woods,Week4,Parliament,Week4,309.0 Vienna Woods - 88.0 Parliament
Vienna Aquatic,Week5,Fairfax Station,Week3,243.0 Vienna Aquatic - 159.0 Fairfax Station
Vienna Aquatic,Week1,Sully Station,Week5,209.0 Sully Station - 193.0 Vienna Aquatic
Vienna Woods,Week5,Parklawn,Week2,351.0 Vienna Woods - 50.0 Parklawn
Vienna Aquatic,Week2,Fairfax Station,Week4,242.0 Vienna Aquatic - 160.0 Fairfax Station
Vienna Woods,Week3,Parklawn,Week5,331.0 Vienna Woods - 70.0 Parklawn
Vienna Woods,Week1,Villa Aquatic,Week3,292.0 Vienna Woods - 110.0 Villa Aquatic
Vienna Woods,Week4,Langley,Week2,245.0 Vienna Woods - 157.0 Langley
Vienna Woods,Week5,Villa Aquatic,Week1,332.0 Vienna Woods - 70.0 Villa Aquatic
Vienna Aquatic,Week2,Waynewood,Week1,266.5 Vienna Aquatic - 135.5 Waynewood
Vienna Aquatic,Week3,Sully Station,Week2,241.0 Vienna Aquatic - 161.0 Sully Station
Vienna Aquatic,Week2,Sully Station,Week3,220.0 Vienna Aquatic - 182.0 Sully Station
Villa Aquatic,Week4,Bren Mar-Edsall Park,Week3,364.0 Villa Aquatic - 38.0 Bren Mar-Edsall Park
Vienna Aquatic,Week1,Forest Hollow,Week1,263.0 Vienna Aquatic - 139.0 Forest Hollow
Villa Aquatic,Week1,Bren Mar-Edsall Park,Week4,341.0 Villa Aquatic - 61.0 Bren Mar-Edsall Park
Vienna Aquatic,Week4,Sideburn Run,Week4,278.0 Vienna Aquatic - 124.0 Sideburn Run
Vienna Aquatic,Week4,Waynewood,Week3,214.0 Vienna Aquatic - 188.0 Waynewood
Vienna Aquatic,Week2,Sully Station,Week2,215.0 Vienna Aquatic - 187.0 Sully Station
Villa Aquatic,Week1,Bren Mar-Edsall Park,Week1,361.5 Villa Aquatic - 40.5 Bren Mar-Edsall Park
Vienna Aquatic,Week5,Sideburn Run,Week2,294.0 Vienna Aquatic - 108.0 Sideburn Run
Vienna Woods,Week2,Villa Aquatic,Week4,294.0 Vienna Woods - 108.0 Villa Aquatic
Vienna Woods,Week1,Parliament,Week4,317.0 Vienna Woods - 85.0 Parliament
Vienna Aquatic,Week2,Sideburn Run,Week4,266.0 Vienna Aquatic - 136.0 Sideburn Run
Villa Aquatic,Week4,Bren Mar-Edsall Park,Week2,368.0 Villa Aquatic - 34.0 Bren Mar-Edsall Park
Vienna Aquatic,Week4,Sideburn Run,Week1,262.0 Vienna Aquatic - 140.0 Sideburn Run
Vienna Aquatic,Week5,Fairfax Station,Week5,240.0 Vienna Aquatic - 162.0 Fairfax Station
Vienna Aquatic,Week3,Waynewood,Week5,235.0 Vienna Aquatic - 167.0 Waynewood
Vienna Woods,Week1,Village West,Week4,343.0 Vienna Woods - 54.0 Village West
Vienna Woods,Week2,Langley,Week3,250.0 Vienna Woods - 152.0 Langley
Vienna Aquatic,Week1,Sleepy Hollow B & R,Week4,269.0 Vienna Aquatic - 133.0 Sleepy Hollow B & R
Vienna Aquatic,Week5,Sideburn Run,Week5,282.0 Vienna Aquatic - 120.0 Sideburn Run
Vienna Woods,Week5,Parklawn,Week4,344.0 Vienna Woods - 57.0 Parklawn
Vienna Woods,Week3,Villa Aquatic,Week4,301.0 Vienna Woods - 101.0 Villa Aquatic
Vienna Aquatic,Week4,Waynewood,Week4,261.0 Vienna Aquatic - 141.0 Waynewood
Vienna Aquatic,Week5,Sully Station II,Week2,267.0 Vienna Aquatic - 135.0 Sully Station II
Villa Aquatic,Week4,Brandywine,Week4,217.0 Brandywine - 185.0 Villa Aquatic
Vienna Aquatic,Week3,Waynewood,Week2,269.5 Vienna Aquatic - 132.5 Waynewood
Vienna Woods,Week3,Parklawn,Week1,353.0 Vienna Woods - 40.0 Parklawn
Vienna Aquatic,Week3,Fairfax Station,Week1,246.0 Vienna Aquatic - 156.0 Fairfax Station
Villa Aquatic,Week1,Bren Mar-Edsall Park,Week3,351.0 Villa Aquatic - 51.0 Bren Mar-Edsall Park
Villa Aquatic,Week2,Bren Mar-Edsall Park,Week3,348.0 Villa Aquatic - 54.0 Bren Mar-Edsall Park
Vienna Aquatic,Week4,Waynewood,Week1,268.0 Vienna Aquatic - 134.0 Waynewood
Vienna Woods,Week3,Villa Aquatic,Week5,300.5 Vienna Woods - 101.5 Villa Aquatic
Vienna Aquatic,Week1,Forest Hollow,Week2,275.0 Vienna Aquatic - 127.0 Forest Hollow
Vienna Woods,Week5,Lakeview,Week3,369.0 Vienna Woods - 33.0 Lakeview
Vienna Aquatic,Week1,Forest Hollow,Week4,256.0 Vienna Aquatic - 146.0 Forest Hollow
Vienna Woods,Week5,Lakeview,Week5,372.0 Vienna Woods - 21.0 Lakeview
Vienna Woods,Week2,Parliament,Week3,306.0 Vienna Woods - 96.0 Parliament
Vienna Aquatic,Week2,Sully Station,Week4,220.5 Vienna Aquatic - 181.5 Sully Station
Vienna Woods,Week3,Villa Aquatic,Week3,302.0 Vienna Woods - 100.0 Villa Aquatic
Vienna Aquatic,Week1,Forest Hollow,Week3,265.5 Vienna Aquatic - 136.5 Forest Hollow
Vienna Woods,Week4,Villa Aquatic,Week3,276.0 Vienna Woods - 126.0 Villa Aquatic
Vienna Aquatic,Week1,Sleepy Hollow B & R,Week3,257.0 Vienna Aquatic - 145.0 Sleepy Hollow B & R
Vienna Woods,Week4,Lakeview,Week2,370.0 Vienna Woods - 32.0 Lakeview
Vienna Woods,Week1,Village West,Week2,333.0 Vienna Woods - 69.0 Village West
Vienna Woods,Week1,Langley,Week3,250.0 Vienna Woods - 152.0 Langley
Vienna Aquatic,Week1,Forest Hollow,Week5,243.0 Vienna Aquatic - 159.0 Forest Hollow
Vienna Aquatic,Week2,Waynewood,Week2,245.0 Vienna Aquatic - 157.0 Waynewood
Vienna Woods,Week4,Lakeview,Week4,347.0 Vienna Woods - 55.0 Lakeview
Vienna Woods,Week3,Parklawn,Week3,356.0 Vienna Woods - 45.0 Parklawn
Vienna Aquatic,Week3,Sully Station II,Week4,263.5 Vienna Aquatic - 138.5 Sully Station II
Vienna Aquatic,Week5,Waynewood,Week1,303.0 Vienna Aquatic - 99.0 Waynewood
Vienna Aquatic,Week1,Sleepy Hollow B & R,Week1,279.0 Vienna Aquatic - 123.0 Sleepy Hollow B & R
Villa Aquatic,Week4,Bren Mar-Edsall Park,Week4,355.0 Villa Aquatic - 47.0 Bren Mar-Edsall Park
Vienna Aquatic,Week4,Sully Station II,Week5,202.0 Vienna Aquatic - 200.0 Sully Station II
Vienna Aquatic,Week1,Sully Station II,Week5,222.0 Vienna Aquatic - 180.0 Sully Station II
Vienna Woods,Week4,Parklawn,Week1,334.0 Vienna Woods - 59.0 Parklawn
Vienna Woods,Week1,Langley,Week2,261.0 Vienna Woods - 141.0 Langley
Vienna Aquatic,Week2,Sideburn Run,Week3,262.0 Vienna Aquatic - 140.0 Sideburn Run
Vienna Aquatic,Week2,Forest Hollow,Week1,263.0 Vienna Aquatic - 139.0 Forest Hollow
Vienna Woods,Week3,Parklawn,Week4,330.0 Vienna Woods - 71.0 Parklawn
Villa Aquatic,Week1,Bren Mar-Edsall Park,Week2,358.0 Villa Aquatic - 44.0 Bren Mar-Edsall Park
Vienna Woods,Week5,Parklawn,Week3,358.0 Vienna Woods - 43.0 Parklawn
Vienna Aquatic,Week5,Sideburn Run,Week3,292.0 Vienna Aquatic - 110.0 Sideburn Run
Vienna Woods,Week5,Langley,Week2,283.0 Vienna Woods - 119.0 Langley
Vienna Woods,Week5,Villa Aquatic,Week4,321.0 Vienna Woods - 81.0 Villa Aquatic
Villa Aquatic,Week4,Bren Mar-Edsall Park,Week5,352.0 Villa Aquatic - 50.0 Bren Mar-Edsall Park
Vienna Woods,Week5,Villa Aquatic,Week3,317.0 Vienna Woods - 85.0 Villa Aquatic
Vienna Aquatic,Week2,Forest Hollow,Week3,257.0 Vienna Aquatic - 145.0 Forest Hollow
Vienna Aquatic,Week4,Sideburn Run,Week5,266.0 Vienna Aquatic - 136.0 Sideburn Run
Vienna Woods,Week5,Villa Aquatic,Week2,337.0 Vienna Woods - 65.0 Villa Aquatic
Vienna Aquatic,Week2,Waynewood,Week4,250.0 Vienna Aquatic - 152.0 Waynewood
Vienna Aquatic,Week1,Waynewood,Week5,232.0 Vienna Aquatic - 170.0 Waynewood
Vienna Woods,Week4,Parklawn,Week4,315.0 Vienna Woods - 86.0 Parklawn
Vienna Woods,Week4,Parklawn,Week3,336.0 Vienna Woods - 65.0 Parklawn
Vienna Aquatic,Week5,Fairfax Station,Week4,265.0 Vienna Aquatic - 137.0 Fairfax Station
Vienna Aquatic,Week1,Sully Station II,Week1,272.0 Vienna Aquatic - 130.0 Sully Station II
Vienna Woods,Week4,Lakeview,Week3,350.0 Vienna Woods - 52.0 Lakeview
Villa Aquatic,Week5,Brandywine,Week2,225.0 Villa Aquatic - 177.0 Brandywine
Vienna Aquatic,Week2,Sully Station II,Week3,223.0 Vienna Aquatic - 179.0 Sully Station II
Vienna Aquatic,Week1,Sleepy Hollow B & R,Week2,270.0 Vienna Aquatic - 132.0 Sleepy Hollow B & R
Vienna Aquatic,Week4,Waynewood,Week5,230.0 Vienna Aquatic - 172.0 Waynewood
Vienna Aquatic,Week2,Sully Station II,Week5,211.0 Vienna Aquatic - 191.0 Sully Station II
Vienna Woods,Week5,Lakeview,Week2,378.0 Vienna Woods - 24.0 Lakeview
Vienna Aquatic,Week1,Sully Station II,Week2,238.0 Vienna Aquatic - 164.0 Sully Station II
Vienna Aquatic,Week2,Fairfax Station,Week5,214.0 Vienna Aquatic - 188.0 Fairfax Station
Villa Aquatic,Week4,Brandywine,Week5,228.0 Brandywine - 174.0 Villa Aquatic
Villa Aquatic,Week5,Bren Mar-Edsall Park,Week3,371.0 Villa Aquatic - 31.0 Bren Mar-Edsall Park
Vienna Woods,Week1,Villa Aquatic,Week5,286.5 Vienna Woods - 115.5 Villa Aquatic
Vienna Aquatic,Week3,Waynewood,Week1,284.0 Vienna Aquatic - 118.0 Waynewood
Vienna Aquatic,Week3,Sideburn Run,Week3,276.5 Vienna Aquatic - 125.5 Sideburn Run
Vienna Aquatic,Week3,Forest Hollow,Week2,275.0 Vienna Aquatic - 127.0 Forest Hollow
Vienna Woods,Week4,Villa Aquatic,Week2,294.5 Vienna Woods - 107.5 Villa Aquatic
Vienna Aquatic,Week5,Sideburn Run,Week4,298.0 Vienna Aquatic - 104.0 Sideburn Run
Vienna Aquatic,Week2,Sideburn Run,Week2,274.0 Vienna Aquatic - 128.0 Sideburn Run
Vienna Aquatic,Week3,Forest Hollow,Week4,275.0 Vienna Aquatic - 127.0 Forest Hollow
Vienna Woods,Week1,Parliament,Week5,314.0 Vienna Woods - 88.0 Parliament
Vienna Aquatic,Week5,Waynewood,Week5,263.0 Vienna Aquatic - 139.0 Waynewood
Vienna Woods,Week2,Langley,Week2,254.0 Vienna Woods - 148.0 Langley
Villa Aquatic,Week5,Brandywine,Week3,210.0 Villa Aquatic - 192.0 Brandywine
Vienna Woods,Week2,Villa Aquatic,Week2,302.0 Vienna Woods - 100.0 Villa Aquatic
Vienna Woods,Week4,Villa Aquatic,Week1,307.0 Vienna Woods - 95.0 Villa Aquatic
Vienna Woods,Week1,Parliament,Week2,308.0 Vienna Woods - 94.0 Parliament
Vienna Aquatic,Week5,Waynewood,Week4,290.0 Vienna Aquatic - 112.0 Waynewood
Vienna Aquatic,Week3,Sully Station II,Week5,209.0 Vienna Aquatic - 193.0 Sully Station II
Villa Aquatic,Week5,Brandywine,Week5,209.0 Brandywine - 193.0 Villa Aquatic
Vienna Woods,Week2,Langley,Week1,245.0 Vienna Woods - 157.0 Langley
Vienna Woods,Week1,Langley,Week1,246.0 Vienna Woods - 156.0 Langley
Vienna Woods,Week5,Parklawn,Week5,345.0 Vienna Woods - 56.0 Parklawn
Vienna Aquatic,Week1,Sleepy Hollow B & R,Week5,255.0 Vienna Aquatic - 147.0 Sleepy Hollow B & R
Vienna Aquatic,Week5,Sully Station,Week4,274.0 Vienna Aquatic - 128.0 Sully Station
Vienna Aquatic,Week1,Woodley,Week1,353.0 Vienna Aquatic - 49.0 Woodley
Vienna Aquatic,Week2,Truro,Week2,321.0 Vienna Aquatic - 81.0 Truro
Vienna Woods,Week3,Villa Aquatic,Week2,325.0 Vienna Woods - 77.0 Villa Aquatic
Villa Aquatic,Week3,Bren Mar-Edsall Park,Week1,370.0 Villa Aquatic - 32.0 Bren Mar-Edsall Park
Villa Aquatic,Week5,Brandywine,Week1,241.0 Villa Aquatic - 161.0 Brandywine
Vienna Aquatic,Week4,Forest Hollow,Week2,276.0 Vienna Aquatic - 126.0 Forest Hollow
Vienna Aquatic,Week2,Forest Hollow,Week5,263.0 Vienna Aquatic - 139.0 Forest Hollow
Vienna Woods,Week2,Langley,Week5,266.0 Vienna Woods - 136.0 Langley
Vienna Aquatic,Week3,Sully Station II,Week1,275.0 Vienna Aquatic - 127.0 Sully Station II
Vienna Woods,Week3,Villa Aquatic,Week1,328.0 Vienna Woods - 74.0 Villa Aquatic
Vienna Woods,Week2,Parliament,Week1,278.0 Vienna Woods - 124.0 Parliament
Vienna Woods,Week2,Parliament,Week4,319.0 Vienna Woods - 83.0 Parliament
Vienna Aquatic,Week4,Forest Hollow,Week3,281.0 Vienna Aquatic - 121.0 Forest Hollow
Vienna Aquatic,Week5,Waynewood,Week2,288.0 Vienna Aquatic - 114.0 Waynewood
Vienna Aquatic,Week3,Sideburn Run,Week1,280.0 Vienna Aquatic - 122.0 Sideburn Run
Vienna Woods,Week1,Langley,Week5,253.0 Vienna Woods - 144.0 Langley
Villa Aquatic,Week1,Bren Mar-Edsall Park,Week5,341.0 Villa Aquatic - 61.0 Bren Mar-Edsall Park
Vienna Aquatic,Week4,Forest Hollow,Week4,263.0 Vienna Aquatic - 139.0 Forest Hollow
Vienna Aquatic,Week4,Sideburn Run,Week2,266.0 Vienna Aquatic - 136.0 Sideburn Run
Vienna Aquatic,Week5,Sully Station,Week3,260.5 Vienna Aquatic - 141.5 Sully Station
Vienna Aquatic,Week5,Sideburn Run,Week1,290.0 Vienna Aquatic - 112.0 Sideburn Run
Vienna Woods,Week3,Parliament,Week3,310.0 Vienna Woods - 92.0 Parliament
Vienna Woods,Week4,Villa Aquatic,Week5,267.0 Vienna Woods - 135.0 Villa Aquatic
Vienna Aquatic,Week1,Woodley,Week2,362.0 Vienna Aquatic - 40.0 Woodley
Villa Aquatic,Week2,Bren Mar-Edsall Park,Week5,342.0 Villa Aquatic - 60.0 Bren Mar-Edsall Park
Villa Aquatic,Week2,Bren Mar-Edsall Park,Week2,349.0 Villa Aquatic - 53.0 Bren Mar-Edsall Park
Vienna Aquatic,Week1,Sully Station II,Week3,224.0 Vienna Aquatic - 178.0 Sully Station II
Vienna Aquatic,Week4,Forest Hollow,Week1,269.0 Vienna Aquatic - 133.0 Forest Hollow
Vienna Woods,Week2,Parliament,Week5,294.0 Vienna Woods - 108.0 Parliament
Vienna Aquatic,Week1,Woodley,Week3,356.0 Vienna Aquatic - 46.0 Woodley
Vienna Woods,Week4,Lakeview,Week5,354.0 Vienna Woods - 39.0 Lakeview
Vienna Woods,Week2,Villa Aquatic,Week1,315.0 Vienna Woods - 87.0 Villa Aquatic
Vienna Woods,Week2,Langley,Week4,248.0 Vienna Woods - 154.0 Langley
Vienna Woods,Week2,Virginia Hills,Week4,382.0 Vienna Woods - 19.0 Virginia Hills
Vienna Aquatic,Week1,Woodley,Week4,361.0 Vienna Aquatic - 41.0 Woodley
Villa Aquatic,Week5,Bren Mar-Edsall Park,Week4,361.0 Villa Aquatic - 41.0 Bren Mar-Edsall Park
Vienna Aquatic,Week2,Sideburn Run,Week5,270.0 Vienna Aquatic - 132.0 Sideburn Run
Villa Aquatic,Week2,Bren Mar-Edsall Park,Week1,355.5 Villa Aquatic - 46.5 Bren Mar-Edsall Park
Villa Aquatic,Week3,Bren Mar-Edsall Park,Week3,372.0 Villa Aquatic - 30.0 Bren Mar-Edsall Park
Vienna Aquatic,Week5,Forest Hollow,Week3,300.0 Vienna Aquatic - 102.0 Forest Hollow
Vienna Woods,Week1,Langley,Week4,241.0 Vienna Woods - 161.0 Langley
Vienna Woods,Week2,Village West,Week3,328.0 Vienna Woods - 74.0 Village West
Vienna Aquatic,Week5,Forest Hollow,Week1,295.0 Vienna Aquatic - 107.0 Forest Hollow
Vienna Aquatic,Week5,Sully Station,Week5,240.0 Vienna Aquatic - 162.0 Sully Station
Vienna Aquatic,Week2,Sideburn Run,Week1,266.0 Vienna Aquatic - 136.0 Sideburn Run
Vienna Aquatic,Week1,Woodley,Week5,354.0 Vienna Aquatic - 48.0 Woodley
Vienna Woods,Week1,Village West,Week1,338.0 Vienna Woods - 64.0 Village West
Vienna Woods,Week3,Langley,Week5,266.0 Vienna Woods - 136.0 Langley
Vienna Aquatic,Week1,Fox Hunt,Week1,294.0 Vienna Aquatic - 108.0 Fox Hunt
Vienna Aquatic,Week3,Forest Hollow,Week3,266.0 Vienna Aquatic - 136.0 Forest Hollow
Vienna Woods,Week3,Parliament,Week5,307.5 Vienna Woods - 94.5 Parliament
Villa Aquatic,Week5,Bren Mar-Edsall Park,Week1,375.0 Villa Aquatic - 27.0 Bren Mar-Edsall Park
Vienna Aquatic,Week5,Waynewood,Week3,255.0 Vienna Aquatic - 147.0 Waynewood
Vienna Woods,Week5,Lakeview,Week4,369.0 Vienna Woods - 33.0 Lakeview
Vienna Aquatic,Week3,Sideburn Run,Week4,286.0 Vienna Aquatic - 116.0 Sideburn Run
Vienna Woods,Week4,Parliament,Week3,300.0 Vienna Woods - 102.0 Parliament
Vienna Aquatic,Week2,Sully Station II,Week2,242.0 Vienna Aquatic - 160.0 Sully Station II
Vienna Aquatic,Week2,Sully Station II,Week1,260.0 Vienna Aquatic - 142.0 Sully Station II
Vienna Woods,Week2,Virginia Hills,Week2,387.0 Vienna Woods - 14.0 Virginia Hills
Vienna Aquatic,Week2,Waynewood,Week5,229.0 Vienna Aquatic - 173.0 Waynewood
Vienna Woods,Week2,Pinecrest,Week5,227.0 Vienna Woods - 174.0 Pinecrest
Vienna Aquatic,Week5,Forest Hollow,Week2,304.0 Vienna Aquatic - 98.0 Forest Hollow
Villa Aquatic,Week2,Bren Mar-Edsall Park,Week4,338.0 Villa Aquatic - 64.0 Bren Mar-Edsall Park
Vienna Aquatic,Week3,Sideburn Run,Week5,275.0 Vienna Aquatic - 127.0 Sideburn Run
Vienna Aquatic,Week4,Sully Station II,Week2,233.0 Vienna Aquatic - 169.0 Sully Station II
Vienna Woods,Week1,Pinecrest,Week3,245.0 Vienna Woods - 157.0 Pinecrest
Vienna Woods,Week5,Village West,Week3,348.0 Vienna Woods - 54.0 Village West
Vienna Aquatic,Week3,Waynewood,Week3,253.0 Vienna Aquatic - 149.0 Waynewood
Vienna Aquatic,Week2,Woodley,Week1,355.5 Vienna Aquatic - 46.5 Woodley
Vienna Aquatic,Week5,Forest Hollow,Week5,295.0 Vienna Aquatic - 107.0 Forest Hollow
Vienna Woods,Week4,Parliament,Week2,310.0 Vienna Woods - 87.0 Parliament
Vienna Aquatic,Week2,Sully Station II,Week4,258.0 Vienna Aquatic - 144.0 Sully Station II
Vienna Woods,Week1,Village West,Week5,331.0 Vienna Woods - 71.0 Village West
Vienna Aquatic,Week3,Sideburn Run,Week2,295.0 Vienna Aquatic - 107.0 Sideburn Run
Vienna Woods,Week5,Lakeview,Week1,382.0 Vienna Woods - 20.0 Lakeview
Vienna Aquatic,Week4,Sully Station II,Week1,240.0 Vienna Aquatic - 162.0 Sully Station II
Vienna Woods,Week3,Langley,Week2,263.0 Vienna Woods - 139.0 Langley
Villa Aquatic,Week5,Bren Mar-Edsall Park,Week5,363.0 Villa Aquatic - 39.0 Bren Mar-Edsall Park
Vienna Woods,Week3,Langley,Week4,252.0 Vienna Woods - 150.0 Langley
Vienna Woods,Week5,Parliament,Week2,333.0 Vienna Woods - 69.0 Parliament
Vienna Aquatic,Week4,Sideburn Run,Week3,261.0 Vienna Aquatic - 141.0 Sideburn Run
Vienna Woods,Week4,Pinecrest,Week1,248.0 Vienna Woods - 154.0 Pinecrest
Villa Aquatic,Week3,Bren Mar-Edsall Park,Week5,362.0 Villa Aquatic - 40.0 Bren Mar-Edsall Park
Vienna Aquatic,Week3,Waynewood,Week4,267.0 Vienna Aquatic - 135.0 Waynewood
Vienna Aquatic,Week3,Sully Station II,Week3,232.0 Vienna Aquatic - 170.0 Sully Station II
Villa Aquatic,Week1,Brookfield ,Week1,216.0 Brookfield - 186.0 Villa Aquatic
Vienna Aquatic,Week2,Ravensworth Farm,Week2,263.0 Vienna Aquatic - 139.0 Ravensworth Farm
Vienna Woods,Week5,Langley,Week1,269.0 Vienna Woods - 133.0 Langley
Vienna Woods,Week5,Pinecrest,Week1,279.0 Vienna Woods - 123.0 Pinecrest
Vienna Aquatic,Week5,Poplar Tree,Week1,285.0 Vienna Aquatic - 117.0 Poplar Tree
Vienna Woods,Week3,Village West,Week3,333.0 Vienna Woods - 69.0 Village West
Vienna Woods,Week1,Virginia Hills,Week5,369.0 Vienna Woods - 28.0 Virginia Hills
Vienna Aquatic,Week2,Waynewood,Week3,220.0 Vienna Aquatic - 182.0 Waynewood
Vienna Aquatic,Week3,Sully Station II,Week2,251.0 Vienna Aquatic - 151.0 Sully Station II
Vienna Aquatic,Week4,Waynewood,Week2,235.0 Vienna Aquatic - 167.0 Waynewood
Vienna Aquatic,Week1,Sully Station II,Week4,264.0 Vienna Aquatic - 138.0 Sully Station II
Vienna Woods,Week3,Virginia Hills,Week4,390.0 Vienna Woods - 12.0 Virginia Hills
Vienna Aquatic,Week1,Fox Hunt,Week2,286.0 Vienna Aquatic - 116.0 Fox Hunt
Vienna Woods,Week3,Pinecrest,Week5,253.0 Vienna Woods - 149.0 Pinecrest
Vienna Aquatic,Week3,Forest Hollow,Week5,264.0 Vienna Aquatic - 138.0 Forest Hollow
Vienna Aquatic,Week1,Fox Hunt,Week3,284.0 Vienna Aquatic - 118.0 Fox Hunt
Vienna Woods,Week1,Annandale,Week4,357.0 Vienna Woods - 45.0 Annandale
Vienna Aquatic,Week1,Ravensworth Farm,Week2,267.0 Vienna Aquatic - 135.0 Ravensworth Farm
Vienna Woods,Week4,Langley,Week4,216.5 Vienna Woods - 185.5 Langley
Villa Aquatic,Week1,Brookfield ,Week2,207.0 Villa Aquatic - 195.0 Brookfield
Vienna Aquatic,Week2,Ravensworth Farm,Week3,246.0 Vienna Aquatic - 156.0 Ravensworth Farm
Vienna Woods,Week4,Langley,Week1,226.0 Vienna Woods - 176.0 Langley
Vienna Aquatic,Week4,Sully Station II,Week3,215.0 Vienna Aquatic - 187.0 Sully Station II
Vienna Woods,Week4,Virginia Hills,Week1,379.0 Vienna Woods - 23.0 Virginia Hills
Vienna Woods,Week2,Annandale,Week2,346.0 Vienna Woods - 56.0 Annandale
Villa Aquatic,Week1,Brookfield ,Week3,218.0 Villa Aquatic - 184.0 Brookfield
Vienna Woods,Week4,Pinecrest,Week4,216.0 Vienna Woods - 186.0 Pinecrest
Vienna Aquatic,Week4,Sully Station II,Week4,250.0 Vienna Aquatic - 152.0 Sully Station II
Vienna Aquatic,Week2,Ravensworth Farm,Week4,247.0 Vienna Aquatic - 155.0 Ravensworth Farm
Vienna Woods,Week1,Herndon,Week4,370.0 Vienna Woods - 32.0 Herndon
Vienna Aquatic,Week1,Fox Hunt,Week5,255.0 Vienna Aquatic - 147.0 Fox Hunt
Vienna Aquatic,Week1,Fox Hunt,Week4,287.0 Vienna Aquatic - 115.0 Fox Hunt
Villa Aquatic,Week1,Brookfield ,Week4,227.0 Brookfield - 175.0 Villa Aquatic
Vienna Woods,Week5,Hayfield Farm,Week4,323.0 Vienna Woods - 79.0 Hayfield Farm
Vienna Woods,Week3,Virginia Hills,Week5,376.0 Vienna Woods - 26.0 Virginia Hills
Vienna Woods,Week5,Pinecrest,Week3,266.0 Vienna Woods - 136.0 Pinecrest
Vienna Aquatic,Week5,Sully Station II,Week1,270.0 Vienna Aquatic - 132.0 Sully Station II
Vienna Woods,Week2,Herndon,Week2,366.0 Vienna Woods - 36.0 Herndon
Vienna Woods,Week4,Hayfield Farm,Week1,294.0 Vienna Woods - 108.0 Hayfield Farm
Vienna Woods,Week2,Annandale,Week4,354.0 Vienna Woods - 48.0 Annandale
Villa Aquatic,Week1,Brookfield ,Week5,208.5 Brookfield - 193.5 Villa Aquatic
Vienna Aquatic,Week4,Poplar Tree,Week3,238.0 Vienna Aquatic - 164.0 Poplar Tree
Vienna Aquatic,Week2,Fox Hunt,Week1,299.0 Vienna Aquatic - 103.0 Fox Hunt
Vienna Woods,Week1,Pinecrest,Week2,253.0 Vienna Woods - 149.0 Pinecrest
Vienna Aquatic,Week5,Sully Station II,Week3,250.5 Vienna Aquatic - 151.5 Sully Station II
Vienna Woods,Week3,Virginia Hills,Week1,386.0 Vienna Woods - 16.0 Virginia Hills
Vienna Woods,Week4,Pinecrest,Week2,220.0 Vienna Woods - 182.0 Pinecrest
Vienna Woods,Week3,Village West,Week2,349.0 Vienna Woods - 53.0 Village West
Vienna Aquatic,Week5,Sully Station II,Week5,236.0 Vienna Aquatic - 166.0 Sully Station II
Vienna Woods,Week3,Hayfield Farm,Week3,296.0 Vienna Woods - 106.0 Hayfield Farm
Villa Aquatic,Week1,Broyhill Crest,Week1,327.0 Villa Aquatic - 74.0 Broyhill Crest
Vienna Woods,Week1,Herndon,Week5,369.0 Vienna Woods - 33.0 Herndon
Vienna Woods,Week4,Herndon,Week1,362.0 Vienna Woods - 35.0 Herndon
Vienna Aquatic,Week2,Ravensworth Farm,Week5,251.0 Vienna Aquatic - 151.0 Ravensworth Farm
Vienna Woods,Week5,Herndon,Week1,381.0 Vienna Woods - 21.0 Herndon
Vienna Aquatic,Week2,Woodley,Week5,339.0 Vienna Aquatic - 63.0 Woodley
Vienna Aquatic,Week3,Woodley,Week5,360.0 Vienna Aquatic - 42.0 Woodley
Vienna Aquatic,Week3,Ravensworth Farm,Week2,280.0 Vienna Aquatic - 122.0 Ravensworth Farm
Vienna Aquatic,Week4,Poplar Tree,Week2,245.0 Vienna Aquatic - 152.0 Poplar Tree
Vienna Woods,Week4,Herndon,Week4,363.0 Vienna Woods - 39.0 Herndon
Vienna Aquatic,Week2,Ravensworth Farm,Week1,243.0 Vienna Aquatic - 159.0 Ravensworth Farm
Villa Aquatic,Week2,Broyhill Crest,Week2,341.0 Villa Aquatic - 60.0 Broyhill Crest
Vienna Aquatic,Week1,Ravensworth Farm,Week1,257.0 Vienna Aquatic - 145.0 Ravensworth Farm
Vienna Aquatic,Week3,Woodley,Week4,358.0 Vienna Aquatic - 44.0 Woodley
Vienna Aquatic,Week4,Forest Hollow,Week5,261.0 Vienna Aquatic - 141.0 Forest Hollow
Vienna Woods,Week5,Pinecrest,Week2,259.0 Vienna Woods - 143.0 Pinecrest
Vienna Aquatic,Week1,Truro,Week1,315.0 Vienna Aquatic - 87.0 Truro
Vienna Aquatic,Week3,Ravensworth Farm,Week1,265.0 Vienna Aquatic - 137.0 Ravensworth Farm
Vienna Woods,Week3,Hayfield Farm,Week1,323.0 Vienna Woods - 79.0 Hayfield Farm
Villa Aquatic,Week5,Brookfield ,Week1,219.0 Villa Aquatic - 183.0 Brookfield
Villa Aquatic,Week2,Broyhill Crest,Week4,322.0 Villa Aquatic - 80.0 Broyhill Crest
Vienna Aquatic,Week1,Truro,Week5,312.0 Vienna Aquatic - 90.0 Truro
Vienna Aquatic,Week5,Woodley,Week4,355.0 Vienna Aquatic - 47.0 Woodley
Vienna Woods,Week4,Annandale,Week1,338.0 Vienna Woods - 64.0 Annandale
Vienna Woods,Week3,Pinecrest,Week4,221.0 Vienna Woods - 181.0 Pinecrest
Vienna Woods,Week4,Pinecrest,Week5,225.0 Vienna Woods - 177.0 Pinecrest
Vienna Aquatic,Week5,Woodley,Week5,352.0 Vienna Aquatic - 50.0 Woodley
Vienna Woods,Week2,Pinecrest,Week2,238.0 Vienna Woods - 164.0 Pinecrest
Vienna Woods,Week2,Village West,Week5,327.0 Vienna Woods - 74.0 Village West
Vienna Aquatic,Week1,Truro,Week4,312.0 Vienna Aquatic - 90.0 Truro
Vienna Aquatic,Week1,Truro,Week3,332.0 Vienna Aquatic - 70.0 Truro
Vienna Woods,Week4,Village West,Week5,322.0 Vienna Woods - 80.0 Village West
Vienna Woods,Week4,Village West,Week3,318.0 Vienna Woods - 84.0 Village West
Vienna Aquatic,Week3,Ravensworth Farm,Week3,263.0 Vienna Aquatic - 139.0 Ravensworth Farm
Vienna Woods,Week4,Pinecrest,Week3,217.0 Vienna Woods - 185.0 Pinecrest
Vienna Woods,Week1,Annandale,Week3,338.0 Vienna Woods - 64.0 Annandale
Vienna Woods,Week5,Village West,Week4,350.0 Vienna Woods - 47.0 Village West
Vienna Aquatic,Week5,Sully Station II,Week4,276.0 Vienna Aquatic - 126.0 Sully Station II
Villa Aquatic,Week1,Broyhill Crest,Week5,316.0 Villa Aquatic - 86.0 Broyhill Crest
Villa Aquatic,Week1,Broyhill Crest,Week3,342.0 Villa Aquatic - 60.0 Broyhill Crest
Vienna Woods,Week4,Village West,Week2,331.0 Vienna Woods - 71.0 Village West
Vienna Aquatic,Week4,Woodley,Week1,352.0 Vienna Aquatic - 50.0 Woodley
Vienna Aquatic,Week4,Truro,Week2,330.0 Vienna Aquatic - 70.0 Truro
Vienna Aquatic,Week5,Poplar Tree,Week5,262.0 Vienna Aquatic - 140.0 Poplar Tree
Villa Aquatic,Week3,Broyhill Crest,Week1,367.0 Villa Aquatic - 35.0 Broyhill Crest
Vienna Woods,Week5,Village West,Week5,351.0 Vienna Woods - 51.0 Village West
Vienna Woods,Week1,Herndon,Week1,369.0 Vienna Woods - 33.0 Herndon
Vienna Aquatic,Week1,Truro,Week2,331.0 Vienna Aquatic - 71.0 Truro
Villa Aquatic,Week3,Brookfield ,Week4,234.0 Villa Aquatic - 168.0 Brookfield
Vienna Aquatic,Week5,Poplar Tree,Week3,278.0 Vienna Aquatic - 124.0 Poplar Tree
Vienna Woods,Week1,Annandale,Week5,340.0 Vienna Woods - 62.0 Annandale
Villa Aquatic,Week5,Brookfield ,Week3,249.0 Villa Aquatic - 153.0 Brookfield
Vienna Aquatic,Week4,Poplar Tree,Week1,242.0 Vienna Aquatic - 160.0 Poplar Tree
Vienna Woods,Week1,Pinecrest,Week5,245.0 Vienna Woods - 157.0 Pinecrest
Vienna Aquatic,Week3,Woodley,Week2,366.0 Vienna Aquatic - 36.0 Woodley
Vienna Woods,Week5,Hayfield Farm,Week1,329.0 Vienna Woods - 73.0 Hayfield Farm
Vienna Woods,Week1,Pinecrest,Week1,268.0 Vienna Woods - 134.0 Pinecrest
Vienna Woods,Week4,Village West,Week4,324.0 Vienna Woods - 73.0 Village West
Vienna Woods,Week5,Parliament,Week4,338.0 Vienna Woods - 64.0 Parliament
Vienna Aquatic,Week4,Truro,Week1,323.0 Vienna Aquatic - 79.0 Truro
Vienna Woods,Week1,Virginia Hills,Week2,374.0 Vienna Woods - 28.0 Virginia Hills
Vienna Aquatic,Week5,Poplar Tree,Week2,280.5 Vienna Aquatic - 121.5 Poplar Tree
Vienna Woods,Week5,Village West,Week1,361.0 Vienna Woods - 41.0 Village West
Vienna Aquatic,Week4,Woodley,Week4,346.0 Vienna Aquatic - 51.0 Woodley
Vienna Woods,Week1,Virginia Hills,Week3,377.0 Vienna Woods - 25.0 Virginia Hills
Vienna Woods,Week4,Parliament,Week5,296.0 Vienna Woods - 101.0 Parliament
Vienna Aquatic,Week2,Truro,Week1,315.0 Vienna Aquatic - 87.0 Truro
Villa Aquatic,Week5,Brookfield ,Week5,229.5 Villa Aquatic - 172.5 Brookfield
Vienna Woods,Week4,Hayfield Farm,Week5,292.0 Vienna Woods - 110.0 Hayfield Farm
Vienna Woods,Week5,Parliament,Week3,331.0 Vienna Woods - 71.0 Parliament
Vienna Aquatic,Week5,Forest Hollow,Week4,299.0 Vienna Aquatic - 103.0 Forest Hollow
Vienna Woods,Week5,Hayfield Farm,Week5,336.0 Vienna Woods - 66.0 Hayfield Farm
Vienna Woods,Week1,Virginia Hills,Week4,382.0 Vienna Woods - 20.0 Virginia Hills
Villa Aquatic,Week5,Brookfield ,Week2,235.0 Villa Aquatic - 167.0 Brookfield
Vienna Woods,Week1,Pinecrest,Week4,231.0 Vienna Woods - 171.0 Pinecrest
Vienna Woods,Week5,Parliament,Week5,325.0 Vienna Woods - 77.0 Parliament
Vienna Woods,Week3,Herndon,Week4,372.5 Vienna Woods - 29.5 Herndon
Villa Aquatic,Week4,Broyhill Crest,Week3,366.0 Villa Aquatic - 36.0 Broyhill Crest
Vienna Woods,Week2,Herndon,Week4,367.0 Vienna Woods - 35.0 Herndon
Vienna Aquatic,Week5,Poplar Tree,Week4,263.5 Vienna Aquatic - 138.5 Poplar Tree
Villa Aquatic,Week4,Broyhill Crest,Week1,354.0 Villa Aquatic - 48.0 Broyhill Crest
Vienna Aquatic,Week3,Truro,Week4,318.0 Vienna Aquatic - 84.0 Truro
Vienna Woods,Week3,Village West,Week1,352.0 Vienna Woods - 50.0 Village West
Vienna Woods,Week2,Herndon,Week5,371.0 Vienna Woods - 31.0 Herndon
Vienna Aquatic,Week1,Ravensworth Farm,Week3,263.0 Vienna Aquatic - 139.0 Ravensworth Farm
Vienna Woods,Week5,Village West,Week2,356.0 Vienna Woods - 46.0 Village West
Villa Aquatic,Week3,Brookfield ,Week3,263.5 Villa Aquatic - 138.5 Brookfield
Vienna Aquatic,Week2,Woodley,Week3,345.5 Vienna Aquatic - 56.5 Woodley
Vienna Aquatic,Week3,Truro,Week3,335.0 Vienna Aquatic - 67.0 Truro
Vienna Woods,Week2,Pinecrest,Week3,237.0 Vienna Woods - 165.0 Pinecrest
Vienna Aquatic,Week2,Truro,Week5,306.0 Vienna Aquatic - 96.0 Truro
Vienna Aquatic,Week1,Ravensworth Farm,Week4,251.0 Vienna Aquatic - 151.0 Ravensworth Farm
Vienna Aquatic,Week2,Woodley,Week2,352.0 Vienna Aquatic - 50.0 Woodley
Vienna Aquatic,Week4,Poplar Tree,Week4,247.0 Vienna Aquatic - 155.0 Poplar Tree
Vienna Aquatic,Week2,Truro,Week3,329.5 Vienna Aquatic - 72.5 Truro
Vienna Aquatic,Week5,Woodley,Week3,356.0 Vienna Aquatic - 46.0 Woodley
Villa Aquatic,Week2,Brookfield ,Week1,221.0 Brookfield - 181.0 Villa Aquatic
Vienna Woods,Week4,Hayfield Farm,Week2,291.0 Vienna Woods - 111.0 Hayfield Farm
Vienna Aquatic,Week4,Woodley,Week2,345.0 Vienna Aquatic - 57.0 Woodley
Villa Aquatic,Week2,Brookfield ,Week2,205.0 Villa Aquatic - 197.0 Brookfield
Vienna Woods,Week3,Village West,Week4,343.0 Vienna Woods - 54.0 Village West
Vienna Aquatic,Week3,Woodley,Week1,358.0 Vienna Aquatic - 44.0 Woodley
Vienna Aquatic,Week1,Ravensworth Farm,Week5,248.0 Vienna Aquatic - 154.0 Ravensworth Farm
Vienna Aquatic,Week4,Truro,Week4,330.0 Vienna Aquatic - 72.0 Truro
Vienna Woods,Week4,Herndon,Week3,362.5 Vienna Woods - 34.5 Herndon
Vienna Woods,Week2,Pinecrest,Week1,247.0 Vienna Woods - 155.0 Pinecrest
Vienna Woods,Week3,Village West,Week5,332.0 Vienna Woods - 70.0 Village West
Vienna Aquatic,Week5,Woodley,Week1,352.0 Vienna Aquatic - 50.0 Woodley
Vienna Woods,Week4,Hayfield Farm,Week4,276.5 Vienna Woods - 125.5 Hayfield Farm
Villa Aquatic,Week2,Brookfield ,Week5,206.0 Villa Aquatic - 196.0 Brookfield
Vienna Aquatic,Week3,Truro,Week5,320.0 Vienna Aquatic - 82.0 Truro
Vienna Woods,Week2,Virginia Hills,Week1,384.0 Vienna Woods - 17.0 Virginia Hills
Vienna Aquatic,Week4,Poplar Tree,Week5,224.0 Vienna Aquatic - 178.0 Poplar Tree
Vienna Aquatic,Week5,Woodley,Week2,354.5 Vienna Aquatic - 47.5 Woodley
Vienna Woods,Week3,Pinecrest,Week1,259.0 Vienna Woods - 143.0 Pinecrest
Vienna Aquatic,Week4,Woodley,Week3,347.0 Vienna Aquatic - 55.0 Woodley
Vienna Woods,Week3,Pinewood Lake,Week5,385.0 Vienna Woods - 16.0 Pinewood Lake
Vienna Aquatic,Week1,Tuckahoe,Week4,301.0 Tuckahoe - 101.0 Vienna Aquatic
Vienna Aquatic,Week2,Woodley,Week4,355.0 Vienna Aquatic - 47.0 Woodley
Vienna Woods,Week2,Virginia Hills,Week5,377.0 Vienna Woods - 25.0 Virginia Hills
Villa Aquatic,Week4,Brookfield ,Week3,244.0 Villa Aquatic - 158.0 Brookfield
Vienna Aquatic,Week4,Woodley,Week5,337.0 Vienna Aquatic - 65.0 Woodley
Vienna Woods,Week3,Hayfield Farm,Week2,316.0 Vienna Woods - 86.0 Hayfield Farm
Vienna Woods,Week4,Village West,Week1,334.0 Vienna Woods - 68.0 Village West
Vienna Woods,Week4,Hayfield Farm,Week3,263.0 Vienna Woods - 139.0 Hayfield Farm
Vienna Woods,Week2,Pinecrest,Week4,230.0 Vienna Woods - 172.0 Pinecrest
Vienna Aquatic,Week1,Tuckahoe,Week1,260.0 Tuckahoe - 142.0 Vienna Aquatic
Vienna Woods,Week5,Parliament,Week1,299.0 Vienna Woods - 103.0 Parliament
Villa Aquatic,Week4,Brookfield ,Week2,233.0 Villa Aquatic - 169.0 Brookfield
Vienna Aquatic,Week5,Truro,Week1,329.0 Vienna Aquatic - 73.0 Truro
Vienna Woods,Week1,Virginia Hills,Week1,377.0 Vienna Woods - 25.0 Virginia Hills
Villa Aquatic,Week3,Brookfield ,Week2,259.0 Villa Aquatic - 143.0 Brookfield
Vienna Woods,Week3,Hayfield Farm,Week4,315.0 Vienna Woods - 87.0 Hayfield Farm
Vienna Woods,Week2,Virginia Hills,Week3,386.0 Vienna Woods - 16.0 Virginia Hills
Villa Aquatic,Week3,Brookfield ,Week5,245.0 Villa Aquatic - 157.0 Brookfield
Vienna Woods,Week3,Pinecrest,Week3,238.0 Vienna Woods - 164.0 Pinecrest
Vienna Woods,Week1,Annandale,Week1,336.0 Vienna Woods - 66.0 Annandale
Vienna Aquatic,Week3,Woodley,Week3,360.0 Vienna Aquatic - 42.0 Woodley
Vienna Aquatic,Week4,Truro,Week5,321.0 Vienna Aquatic - 81.0 Truro
Villa Aquatic,Week4,Brookfield ,Week4,209.0 Villa Aquatic - 193.0 Brookfield
Vienna Woods,Week3,Virginia Hills,Week3,388.0 Vienna Woods - 14.0 Virginia Hills
Vienna Woods,Week5,Hayfield Farm,Week3,305.0 Vienna Woods - 97.0 Hayfield Farm
Vienna Woods,Week2,Pinewood Lake,Week2,388.0 Vienna Woods - 14.0 Pinewood Lake
Vienna Woods,Week2,Annandale,Week1,347.5 Vienna Woods - 54.5 Annandale
Villa Aquatic,Week3,Brookfield ,Week1,233.0 Villa Aquatic - 169.0 Brookfield
Vienna Woods,Week3,Virginia Hills,Week2,391.0 Vienna Woods - 11.0 Virginia Hills
Vienna Woods,Week1,Herndon,Week3,372.0 Vienna Woods - 30.0 Herndon
Vienna Woods,Week3,Virginia Run,Week4,305.0 Vienna Woods - 97.0 Virginia Run
Vienna Woods,Week4,Pinewood Lake,Week5,380.0 Vienna Woods - 22.0 Pinewood Lake
Vienna Aquatic,Week1,Tuckahoe,Week5,282.0 Tuckahoe - 120.0 Vienna Aquatic
Vienna Woods,Week5,Hayfield Farm,Week2,334.0 Vienna Woods - 68.0 Hayfield Farm
Vienna Woods,Week5,Pinewood Lake,Week3,394.0 Vienna Woods - 7.0 Pinewood Lake
Vienna Aquatic,Week2,Tuckahoe,Week2,258.0 Tuckahoe - 144.0 Vienna Aquatic
Vienna Aquatic,Week2,Tuckahoe,Week3,308.0 Tuckahoe - 94.0 Vienna Aquatic
Vienna Woods,Week2,Herndon,Week1,369.0 Vienna Woods - 32.0 Herndon
Vienna Woods,Week1,Herndon,Week2,367.0 Vienna Woods - 35.0 Herndon
Villa Aquatic,Week2,Brookfield ,Week4,221.5 Brookfield - 180.5 Villa Aquatic
Vienna Woods,Week1,Pinewood Lake,Week2,383.0 Vienna Woods - 17.0 Pinewood Lake
Vienna Woods,Week1,Annandale,Week2,341.0 Vienna Woods - 61.0 Annandale
Vienna Aquatic,Week2,Tuckahoe,Week4,301.5 Tuckahoe - 100.5 Vienna Aquatic
Vienna Woods,Week2,Annandale,Week3,339.0 Vienna Woods - 63.0 Annandale
Vienna Woods,Week3,Pinecrest,Week2,233.0 Vienna Woods - 169.0 Pinecrest
Vienna Aquatic,Week5,Truro,Week4,333.0 Vienna Aquatic - 68.0 Truro
Villa Aquatic,Week4,Brookfield ,Week5,219.0 Villa Aquatic - 183.0 Brookfield
Villa Aquatic,Week2,Brookfield ,Week3,214.0 Villa Aquatic - 188.0 Brookfield
Vienna Woods,Week5,Pinewood Lake,Week1,378.0 Vienna Woods - 23.0 Pinewood Lake
Vienna Aquatic,Week2,Tuckahoe,Week1,241.0 Tuckahoe - 161.0 Vienna Aquatic
Vienna Woods,Week4,Virginia Run,Week5,252.0 Vienna Woods - 150.0 Virginia Run
Vienna Aquatic,Week2,Dominion Hills,Week1,290.0 Vienna Aquatic - 112.0 Dominion Hills
Vienna Woods,Week2,Annandale,Week5,335.0 Vienna Woods - 67.0 Annandale
Vienna Woods,Week4,Virginia Run,Week3,285.0 Vienna Woods - 117.0 Virginia Run
Vienna Woods,Week3,Hayfield Farm,Week5,313.0 Vienna Woods - 89.0 Hayfield Farm
Vienna Woods,Week3,Herndon,Week3,375.0 Vienna Woods - 27.0 Herndon
Villa Aquatic,Week4,Brookfield ,Week1,209.0 Villa Aquatic - 193.0 Brookfield
Vienna Woods,Week1,Virginia Run,Week4,296.0 Vienna Woods - 106.0 Virginia Run
Villa Aquatic,Week1,Broyhill Crest,Week2,340.0 Villa Aquatic - 61.0 Broyhill Crest
Vienna Woods,Week2,Pleasant Valley,Week4,369.0 Vienna Woods - 29.0 Pleasant Valley
Vienna Woods,Week5,Virginia Hills,Week3,388.0 Vienna Woods - 14.0 Virginia Hills
Vienna Woods,Week2,Pleasant Valley,Week2,374.0 Vienna Woods - 24.0 Pleasant Valley
Villa Aquatic,Week1,Broyhill Crest,Week4,322.0 Villa Aquatic - 80.0 Broyhill Crest
Vienna Aquatic,Week1,Dominion Hills,Week5,256.0 Vienna Aquatic - 146.0 Dominion Hills
Vienna Woods,Week2,Herndon,Week3,372.0 Vienna Woods - 29.0 Herndon
Vienna Aquatic,Week1,Dominion Hills,Week4,272.0 Vienna Aquatic - 130.0 Dominion Hills
Vienna Woods,Week3,Annandale,Week1,347.0 Vienna Woods - 55.0 Annandale
Vienna Aquatic,Week5,Truro,Week5,326.0 Vienna Aquatic - 75.0 Truro
Vienna Woods,Week3,Herndon,Week2,374.0 Vienna Woods - 28.0 Herndon
Vienna Woods,Week5,Virginia Hills,Week5,378.0 Vienna Woods - 24.0 Virginia Hills
Vienna Aquatic,Week2,Tuckahoe,Week5,275.0 Tuckahoe - 127.0 Vienna Aquatic
Vienna Woods,Week3,Annandale,Week2,352.0 Vienna Woods - 50.0 Annandale
Vienna Woods,Week3,Annandale,Week4,358.0 Vienna Woods - 44.0 Annandale
Vienna Woods,Week4,Virginia Hills,Week2,382.0 Vienna Woods - 20.0 Virginia Hills
Vienna Woods,Week1,Pleasant Valley,Week5,358.0 Vienna Woods - 39.0 Pleasant Valley
Villa Aquatic,Week5,Brookfield ,Week4,214.0 Villa Aquatic - 188.0 Brookfield
Vienna Aquatic,Week3,Tuckahoe,Week1,231.0 Tuckahoe - 171.0 Vienna Aquatic
Vienna Woods,Week3,Herndon,Week1,375.0 Vienna Woods - 27.0 Herndon
Vienna Woods,Week1,Pleasant Valley,Week3,355.0 Vienna Woods - 47.0 Pleasant Valley
Vienna Woods,Week4,Herndon,Week2,358.0 Vienna Woods - 39.0 Herndon
Vienna Aquatic,Week4,Truro,Week3,342.0 Vienna Aquatic - 60.0 Truro
Vienna Woods,Week3,Annandale,Week3,352.0 Vienna Woods - 50.0 Annandale
Villa Aquatic,Week2,Broyhill Crest,Week1,337.0 Villa Aquatic - 64.0 Broyhill Crest
Vienna Aquatic,Week5,Truro,Week2,337.0 Vienna Aquatic - 63.0 Truro
Vienna Aquatic,Week2,Dominion Hills,Week2,279.0 Vienna Aquatic - 123.0 Dominion Hills
Vienna Woods,Week4,Pinewood Lake,Week1,372.0 Vienna Woods - 25.0 Pinewood Lake
Vienna Woods,Week1,Virginia Run,Week1,290.0 Vienna Woods - 112.0 Virginia Run
Vienna Aquatic,Week3,Dominion Hills,Week4,271.0 Vienna Aquatic - 131.0 Dominion Hills
Vienna Woods,Week3,Herndon,Week5,375.0 Vienna Woods - 27.0 Herndon
Vienna Woods,Week3,Annandale,Week5,350.0 Vienna Woods - 52.0 Annandale
Vienna Woods,Week3,Arlington Forest,Week3,340.0 Vienna Woods - 62.0 Arlington Forest
Vienna Woods,Week3,Virginia Run,Week2,309.0 Vienna Woods - 93.0 Virginia Run
Vienna Woods,Week1,Pinewood Lake,Week5,377.0 Vienna Woods - 23.0 Pinewood Lake
Vienna Aquatic,Week2,Truro,Week4,308.0 Vienna Aquatic - 94.0 Truro
Vienna Woods,Week4,Annandale,Week5,334.0 Vienna Woods - 68.0 Annandale
Villa Aquatic,Week2,Broyhill Crest,Week5,319.0 Villa Aquatic - 83.0 Broyhill Crest
Vienna Woods,Week2,Hiddenbrook,Week1,326.0 Vienna Woods - 75.0 Hiddenbrook
Vienna Woods,Week3,Pinewood Lake,Week2,392.0 Vienna Woods - 9.0 Pinewood Lake
Villa Aquatic,Week2,Broyhill Crest,Week3,341.0 Villa Aquatic - 61.0 Broyhill Crest
Vienna Woods,Week2,Virginia Run,Week1,284.0 Vienna Woods - 118.0 Virginia Run
Vienna Aquatic,Week2,Dominion Hills,Week3,287.0 Vienna Aquatic - 115.0 Dominion Hills
Vienna Aquatic,Week3,Truro,Week2,331.0 Vienna Aquatic - 71.0 Truro
Villa Aquatic,Week3,Broyhill Crest,Week4,361.0 Villa Aquatic - 41.0 Broyhill Crest
Vienna Woods,Week4,Herndon,Week5,364.0 Vienna Woods - 38.0 Herndon
Vienna Woods,Week1,Hiddenbrook,Week1,332.0 Vienna Woods - 70.0 Hiddenbrook
Vienna Woods,Week3,Arlington Forest,Week1,317.0 Vienna Woods - 85.0 Arlington Forest
Vienna Woods,Week2,Virginia Run,Week2,302.0 Vienna Woods - 100.0 Virginia Run
Vienna Woods,Week2,Pinewood Lake,Week4,396.0 Vienna Woods - 6.0 Pinewood Lake
Vienna Woods,Week2,Pinewood Lake,Week1,374.0 Vienna Woods - 28.0 Pinewood Lake
Villa Aquatic,Week3,Broyhill Crest,Week5,356.0 Villa Aquatic - 46.0 Broyhill Crest
Vienna Woods,Week4,Arlington Forest,Week4,266.0 Vienna Woods - 136.0 Arlington Forest
Villa Aquatic,Week3,Broyhill Crest,Week3,370.0 Villa Aquatic - 32.0 Broyhill Crest
Vienna Aquatic,Week1,Vienna Aquatic,Week5,268.0 Vienna Aquatic (VAC2) - 134.0 Vienna Aquatic (VAC1)
Vienna Woods,Week2,Virginia Run,Week3,298.0 Vienna Woods - 104.0 Virginia Run
Vienna Woods,Week4,Virginia Hills,Week5,362.0 Vienna Woods - 40.0 Virginia Hills
Vienna Woods,Week4,Hiddenbrook,Week1,325.5 Vienna Woods - 76.5 Hiddenbrook
Vienna Aquatic,Week1,Dominion Hills,Week2,279.0 Vienna Aquatic - 123.0 Dominion Hills
Vienna Woods,Week2,Arlington Forest,Week4,290.0 Vienna Woods - 112.0 Arlington Forest
Vienna Woods,Week2,Pinewood Lake,Week5,385.0 Vienna Woods - 17.0 Pinewood Lake
Vienna Woods,Week2,Hiddenbrook,Week4,316.0 Vienna Woods - 86.0 Hiddenbrook
Vienna Aquatic,Week2,Vienna Aquatic,Week3,235.0 Vienna Aquatic (VAC2) - 167.0 Vienna Aquatic (VAC1)
Vienna Woods,Week5,Herndon,Week3,378.0 Vienna Woods - 24.0 Herndon
Vienna Woods,Week2,Arlington Forest,Week1,304.0 Vienna Woods - 98.0 Arlington Forest
Vienna Woods,Week2,Virginia Run,Week4,295.0 Vienna Woods - 107.0 Virginia Run
Vienna Woods,Week4,Arlington Forest,Week3,312.0 Vienna Woods - 90.0 Arlington Forest
Vienna Aquatic,Week1,Tuckahoe,Week3,314.0 Tuckahoe - 88.0 Vienna Aquatic
Vienna Woods,Week5,Virginia Hills,Week4,391.0 Vienna Woods - 11.0 Virginia Hills
Villa Aquatic,Week2,Burke Station,Week5,233.0 Villa Aquatic - 169.0 Burke Station
Vienna Woods,Week4,Annandale,Week4,343.0 Vienna Woods - 59.0 Annandale
Vienna Woods,Week3,Virginia Run,Week1,307.5 Vienna Woods - 94.5 Virginia Run
Vienna Woods,Week3,Arlington Forest,Week2,322.0 Vienna Woods - 80.0 Arlington Forest
Vienna Woods,Week5,Virginia Hills,Week1,391.0 Vienna Woods - 11.0 Virginia Hills
Vienna Aquatic,Week2,Dominion Hills,Week5,254.0 Vienna Aquatic - 148.0 Dominion Hills
Vienna Woods,Week3,Hiddenbrook,Week4,342.0 Vienna Woods - 60.0 Hiddenbrook
Vienna Woods,Week5,Pinecrest,Week4,265.5 Vienna Woods - 136.5 Pinecrest
Vienna Woods,Week4,Pinewood Lake,Week4,391.0 Vienna Woods - 11.0 Pinewood Lake
Vienna Woods,Week4,Pinewood Lake,Week2,383.0 Vienna Woods - 14.0 Pinewood Lake
Vienna Woods,Week1,Pinewood Lake,Week1,369.0 Vienna Woods - 26.0 Pinewood Lake
Villa Aquatic,Week4,Broyhill Crest,Week4,349.0 Villa Aquatic - 53.0 Broyhill Crest
Vienna Aquatic,Week3,Dominion Hills,Week5,261.0 Vienna Aquatic - 141.0 Dominion Hills
Vienna Woods,Week5,Herndon,Week4,375.0 Vienna Woods - 27.0 Herndon
Vienna Aquatic,Week3,Truro,Week1,319.0 Vienna Aquatic - 83.0 Truro
Vienna Aquatic,Week2,Vienna Aquatic,Week5,270.0 Vienna Aquatic (VAC2) - 132.0 Vienna Aquatic (VAC1)
Vienna Aquatic,Week3,Dominion Hills,Week3,302.0 Vienna Aquatic - 100.0 Dominion Hills
Villa Aquatic,Week4,Broyhill Crest,Week5,337.0 Villa Aquatic - 65.0 Broyhill Crest
Vienna Woods,Week1,Pinewood Lake,Week4,388.0 Vienna Woods - 12.0 Pinewood Lake
Vienna Woods,Week2,Arlington Forest,Week5,258.0 Vienna Woods - 144.0 Arlington Forest
Vienna Aquatic,Week5,Truro,Week3,343.0 Vienna Aquatic - 59.0 Truro
Vienna Aquatic,Week2,Dominion Hills,Week4,275.0 Vienna Aquatic - 127.0 Dominion Hills
Vienna Woods,Week4,Hiddenbrook,Week2,347.0 Vienna Woods - 50.0 Hiddenbrook
Vienna Aquatic,Week3,Vienna Aquatic,Week4,232.0 Vienna Aquatic (VAC1) - 170.0 Vienna Aquatic (VAC2)
Vienna Woods,Week1,Virginia Run,Week2,295.5 Vienna Woods - 106.5 Virginia Run
Vienna Aquatic,Week1,Tuckahoe,Week2,263.5 Tuckahoe - 138.5 Vienna Aquatic
Villa Aquatic,Week3,Broyhill Crest,Week2,373.0 Villa Aquatic - 29.0 Broyhill Crest
Villa Aquatic,Week4,Broyhill Crest,Week2,358.0 Villa Aquatic - 44.0 Broyhill Crest
Vienna Woods,Week1,Pinewood Lake,Week3,388.0 Vienna Woods - 12.0 Pinewood Lake
Vienna Woods,Week4,Virginia Hills,Week4,381.0 Vienna Woods - 21.0 Virginia Hills
Villa Aquatic,Week5,Broyhill Crest,Week5,344.0 Villa Aquatic - 58.0 Broyhill Crest
Vienna Woods,Week2,Virginia Run,Week5,274.0 Vienna Woods - 128.0 Virginia Run
Vienna Aquatic,Week5,Tuckahoe,Week1,202.0 Tuckahoe - 200.0 Vienna Aquatic
Vienna Woods,Week3,Pinewood Lake,Week1,386.0 Vienna Woods - 15.0 Pinewood Lake
Vienna Woods,Week4,Virginia Hills,Week3,377.0 Vienna Woods - 25.0 Virginia Hills
Vienna Aquatic,Week4,Dominion Hills,Week2,292.0 Vienna Aquatic - 110.0 Dominion Hills
Vienna Woods,Week5,Herndon,Week5,374.0 Vienna Woods - 28.0 Herndon
Villa Aquatic,Week4,Burke Station,Week3,255.0 Villa Aquatic - 142.0 Burke Station
Vienna Woods,Week5,Annandale,Week4,372.0 Vienna Woods - 30.0 Annandale
Vienna Woods,Week5,Hiddenbrook,Week1,351.0 Vienna Woods - 51.0 Hiddenbrook
Vienna Aquatic,Week3,Vienna Aquatic,Week3,201.0 Vienna Aquatic (VAC1) - 201.0 Vienna Aquatic (VAC2)
Vienna Aquatic,Week4,Dominion Hills,Week3,294.0 Vienna Aquatic - 108.0 Dominion Hills
Vienna Woods,Week1,Virginia Run,Week3,299.0 Vienna Woods - 103.0 Virginia Run
Vienna Woods,Week3,Arlington Forest,Week5,281.0 Vienna Woods - 121.0 Arlington Forest
Vienna Woods,Week2,Pinewood Lake,Week3,393.0 Vienna Woods - 9.0 Pinewood Lake
Vienna Woods,Week4,Hiddenbrook,Week4,311.0 Vienna Woods - 91.0 Hiddenbrook
Vienna Woods,Week3,Pinewood Lake,Week3,395.0 Vienna Woods - 6.0 Pinewood Lake
Vienna Woods,Week4,Hiddenbrook,Week3,305.0 Vienna Woods - 97.0 Hiddenbrook
Vienna Woods,Week4,Arlington Forest,Week5,252.0 Vienna Woods - 145.0 Arlington Forest
Villa Aquatic,Week5,Broyhill Crest,Week2,371.0 Villa Aquatic - 31.0 Broyhill Crest
Vienna Aquatic,Week3,Vienna Aquatic,Week2,235.0 Vienna Aquatic (VAC1) - 167.0 Vienna Aquatic (VAC2)
Villa Aquatic,Week4,Burke Station,Week2,297.0 Villa Aquatic - 105.0 Burke Station
Vienna Woods,Week3,Virginia Run,Week3,312.0 Vienna Woods - 90.0 Virginia Run
Vienna Aquatic,Week3,Vienna Aquatic,Week5,232.5 Vienna Aquatic (VAC2) - 169.5 Vienna Aquatic (VAC1)
Vienna Aquatic,Week1,Dominion Hills,Week3,293.0 Vienna Aquatic - 109.0 Dominion Hills
Vienna Aquatic,Week4,Tuckahoe,Week4,306.5 Tuckahoe - 95.5 Vienna Aquatic
Vienna Woods,Week1,Arlington Forest,Week3,337.5 Vienna Woods - 64.5 Arlington Forest
Villa Aquatic,Week1,Burke Station,Week3,247.0 Villa Aquatic - 150.0 Burke Station
Vienna Woods,Week2,Arlington Forest,Week2,309.0 Vienna Woods - 93.0 Arlington Forest
Vienna Woods,Week1,Hiddenbrook,Week3,323.0 Vienna Woods - 79.0 Hiddenbrook
Vienna Woods,Week5,Pinecrest,Week5,264.0 Vienna Woods - 138.0 Pinecrest
Vienna Woods,Week2,Hiddenbrook,Week2,355.0 Vienna Woods - 47.0 Hiddenbrook
Vienna Woods,Week4,Annandale,Week3,336.0 Vienna Woods - 61.0 Annandale
Vienna Woods,Week2,Hiddenbrook,Week5,305.5 Vienna Woods - 96.5 Hiddenbrook
Villa Aquatic,Week3,Burke Station,Week4,299.0 Villa Aquatic - 103.0 Burke Station
Vienna Woods,Week3,Pinewood Lake,Week4,399.0 Vienna Woods - 2.0 Pinewood Lake
Vienna Woods,Week5,Virginia Hills,Week2,389.0 Vienna Woods - 13.0 Virginia Hills
Vienna Woods,Week3,Virginia Run,Week5,289.0 Vienna Woods - 113.0 Virginia Run
Villa Aquatic,Week1,Burke Station,Week2,278.0 Villa Aquatic - 124.0 Burke Station
Vienna Aquatic,Week1,Dominion Hills,Week1,295.0 Vienna Aquatic - 107.0 Dominion Hills
Vienna Woods,Week5,Hiddenbrook,Week2,366.0 Vienna Woods - 35.0 Hiddenbrook
Vienna Aquatic,Week4,Tuckahoe,Week3,305.0 Tuckahoe - 97.0 Vienna Aquatic
Vienna Aquatic,Week4,Dominion Hills,Week1,304.0 Vienna Aquatic - 98.0 Dominion Hills
Vienna Woods,Week4,Pinewood Lake,Week3,388.0 Vienna Woods - 13.0 Pinewood Lake
Villa Aquatic,Week4,Burke Station,Week4,290.0 Villa Aquatic - 112.0 Burke Station
Vienna Aquatic,Week1,Vienna Aquatic,Week4,204.0 Vienna Aquatic (VAC1) - 198.0 Vienna Aquatic (VAC2)
Vienna Woods,Week5,Hiddenbrook,Week3,349.0 Vienna Woods - 53.0 Hiddenbrook
Vienna Woods,Week3,Hiddenbrook,Week3,335.0 Vienna Woods - 67.0 Hiddenbrook
Vienna Woods,Week5,Annandale,Week5,354.0 Vienna Woods - 48.0 Annandale
Vienna Aquatic,Week3,Dominion Hills,Week2,284.0 Vienna Aquatic - 118.0 Dominion Hills
Vienna Woods,Week4,Arlington Forest,Week1,278.0 Vienna Woods - 124.0 Arlington Forest
Vienna Aquatic,Week5,Vienna Aquatic,Week5,200.5 Vienna Aquatic (VAC1) - 200.5 Vienna Aquatic (VAC2)
Villa Aquatic,Week3,Burke Station,Week2,302.0 Villa Aquatic - 99.0 Burke Station
Vienna Woods,Week1,Virginia Run,Week5,288.0 Vienna Woods - 114.0 Virginia Run
Vienna Woods,Week4,Virginia Run,Week1,271.5 Vienna Woods - 130.5 Virginia Run
Vienna Woods,Week5,Pinewood Lake,Week5,384.0 Vienna Woods - 17.0 Pinewood Lake
Vienna Woods,Week4,Virginia Run,Week2,274.5 Vienna Woods - 127.5 Virginia Run
Vienna Aquatic,Week2,Vienna Aquatic,Week1,213.5 Vienna Aquatic (VAC1) - 188.5 Vienna Aquatic (VAC2)
Villa Aquatic,Week1,Burke Station,Week4,271.0 Villa Aquatic - 131.0 Burke Station
Vienna Aquatic,Week3,Tuckahoe,Week5,268.0 Tuckahoe - 134.0 Vienna Aquatic
Vienna Woods,Week5,Pinewood Lake,Week4,396.0 Vienna Woods - 5.0 Pinewood Lake
Villa Aquatic,Week5,Broyhill Crest,Week1,363.0 Villa Aquatic - 39.0 Broyhill Crest
Vienna Woods,Week5,Annandale,Week3,357.0 Vienna Woods - 45.0 Annandale
Vienna Aquatic,Week1,Vienna Aquatic,Week1,201.0 Vienna Aquatic (VAC1) - 201.0 Vienna Aquatic (VAC2)
Vienna Aquatic,Week5,Tuckahoe,Week4,256.0 Tuckahoe - 146.0 Vienna Aquatic
Vienna Woods,Week5,Annandale,Week2,358.0 Vienna Woods - 44.0 Annandale
Vienna Woods,Week2,Pleasant Valley,Week1,369.0 Vienna Woods - 29.0 Pleasant Valley
Vienna Aquatic,Week3,Dominion Hills,Week1,294.0 Vienna Aquatic - 108.0 Dominion Hills
Vienna Woods,Week3,Hiddenbrook,Week2,367.0 Vienna Woods - 35.0 Hiddenbrook
Vienna Woods,Week4,Annandale,Week2,334.0 Vienna Woods - 68.0 Annandale
Vienna Woods,Week5,Pinewood Lake,Week2,389.0 Vienna Woods - 13.0 Pinewood Lake
Villa Aquatic,Week1,Burke Station,Week5,236.0 Villa Aquatic - 166.0 Burke Station
Villa Aquatic,Week2,Burke Station,Week1,226.0 Villa Aquatic - 153.0 Burke Station
Vienna Woods,Week1,Arlington Forest,Week4,284.5 Vienna Woods - 117.5 Arlington Forest
Vienna Woods,Week5,Virginia Run,Week1,329.0 Vienna Woods - 73.0 Virginia Run
Vienna Woods,Week5,Annandale,Week1,353.0 Vienna Woods - 49.0 Annandale
Vienna Aquatic,Week4,Pleasant Valley,Week3,331.0 Vienna Aquatic - 71.0 Pleasant Valley
Vienna Woods,Week1,Pleasant Valley,Week1,371.0 Vienna Woods - 26.0 Pleasant Valley
Villa Aquatic,Week2,Burke Station,Week4,259.0 Villa Aquatic - 143.0 Burke Station
Vienna Woods,Week2,Hiddenbrook,Week3,318.0 Vienna Woods - 84.0 Hiddenbrook
Vienna Aquatic,Week4,Pleasant Valley,Week1,346.0 Vienna Aquatic - 56.0 Pleasant Valley
Vienna Woods,Week1,Pleasant Valley,Week4,363.0 Vienna Woods - 39.0 Pleasant Valley
Vienna Woods,Week1,Wakefield Chapel,Week2,235.5 Vienna Woods - 166.5 Wakefield Chapel
Vienna Aquatic,Week3,Tuckahoe,Week3,291.0 Tuckahoe - 111.0 Vienna Aquatic
Vienna Woods,Week4,Hiddenbrook,Week5,302.0 Vienna Woods - 100.0 Hiddenbrook
Vienna Woods,Week2,Arlington Forest,Week3,324.0 Vienna Woods - 77.0 Arlington Forest
Vienna Woods,Week5,Virginia Run,Week5,304.0 Vienna Woods - 98.0 Virginia Run
Villa Aquatic,Week3,Burke Station,Week1,267.0 Villa Aquatic - 111.0 Burke Station
Vienna Aquatic,Week5,Tuckahoe,Week3,264.0 Tuckahoe - 138.0 Vienna Aquatic
Vienna Woods,Week5,Virginia Run,Week4,323.0 Vienna Woods - 79.0 Virginia Run
Vienna Woods,Week1,Pleasant Valley,Week2,372.0 Vienna Woods - 25.0 Pleasant Valley
Vienna Woods,Week4,Virginia Run,Week4,268.0 Vienna Woods - 134.0 Virginia Run
Vienna Woods,Week5,Hiddenbrook,Week4,345.0 Vienna Woods - 57.0 Hiddenbrook
Vienna Woods,Week1,Hiddenbrook,Week5,318.0 Vienna Woods - 84.0 Hiddenbrook
Vienna Woods,Week5,Herndon,Week2,372.0 Vienna Woods - 30.0 Herndon
Vienna Woods,Week3,Hiddenbrook,Week1,342.0 Vienna Woods - 60.0 Hiddenbrook
Vienna Aquatic,Week3,Tuckahoe,Week4,286.5 Tuckahoe - 115.5 Vienna Aquatic
Vienna Woods,Week2,Wakefield Chapel,Week2,218.0 Vienna Woods - 184.0 Wakefield Chapel
Vienna Aquatic,Week5,Pleasant Valley,Week2,353.0 Vienna Aquatic - 48.0 Pleasant Valley
Vienna Woods,Week1,Arlington Forest,Week2,316.0 Vienna Woods - 86.0 Arlington Forest
Villa Aquatic,Week5,Broyhill Crest,Week3,370.0 Villa Aquatic - 32.0 Broyhill Crest
Vienna Aquatic,Week3,Pleasant Valley,Week3,341.0 Vienna Aquatic - 61.0 Pleasant Valley
Vienna Woods,Week3,Pleasant Valley,Week1,369.0 Vienna Woods - 32.0 Pleasant Valley
Vienna Woods,Week4,Pleasant Valley,Week2,364.0 Vienna Woods - 37.0 Pleasant Valley
Vienna Woods,Week3,Arlington Forest,Week4,292.0 Vienna Woods - 110.0 Arlington Forest
Vienna Aquatic,Week4,Tuckahoe,Week2,273.0 Tuckahoe - 129.0 Vienna Aquatic
Villa Aquatic,Week1,Burke Station,Week1,233.0 Villa Aquatic - 146.0 Burke Station
Vienna Woods,Week1,Hiddenbrook,Week2,351.5 Vienna Woods - 45.5 Hiddenbrook
Vienna Woods,Week2,Wakefield Chapel,Week1,204.0 Vienna Woods - 198.0 Wakefield Chapel
Vienna Woods,Week1,Wakefield Chapel,Week4,222.5 Vienna Woods - 179.5 Wakefield Chapel
Vienna Woods,Week2,Pleasant Valley,Week3,359.5 Vienna Woods - 42.5 Pleasant Valley
Vienna Aquatic,Week1,Poplar Heights,Week1,262.0 Vienna Aquatic - 140.0 Poplar Heights
Vienna Aquatic,Week1,Vienna Aquatic,Week2,213.5 Vienna Aquatic (VAC2) - 188.5 Vienna Aquatic (VAC1)
Vienna Woods,Week1,Arlington Forest,Week1,308.0 Vienna Woods - 94.0 Arlington Forest
Vienna Woods,Week1,Arlington Forest,Week5,268.0 Vienna Woods - 134.0 Arlington Forest
Vienna Aquatic,Week1,Vienna Aquatic,Week3,243.5 Vienna Aquatic (VAC2) - 158.5 Vienna Aquatic (VAC1)
Vienna Aquatic,Week1,Poplar Heights,Week3,255.0 Vienna Aquatic - 147.0 Poplar Heights
Vienna Woods,Week4,Pleasant Valley,Week3,354.0 Vienna Woods - 48.0 Pleasant Valley
Vienna Woods,Week1,Hiddenbrook,Week4,318.5 Vienna Woods - 78.5 Hiddenbrook
Villa Aquatic,Week3,Burke Station,Week5,269.0 Villa Aquatic - 133.0 Burke Station
Vienna Woods,Week1,Wakefield Chapel,Week3,216.0 Vienna Woods - 186.0 Wakefield Chapel
Villa Aquatic,Week5,Broyhill Crest,Week4,356.0 Villa Aquatic - 46.0 Broyhill Crest
Vienna Woods,Week3,Brandywine,Week5,275.0 Vienna Woods - 127.0 Brandywine
Villa Aquatic,Week2,Burke Station,Week3,247.0 Villa Aquatic - 150.0 Burke Station
Vienna Woods,Week2,Brandywine,Week2,297.0 Vienna Woods - 105.0 Brandywine
Vienna Woods,Week5,High Point Pool,Week1,291.5 Vienna Woods - 110.5 High Point Pool
Vienna Aquatic,Week4,Tuckahoe,Week5,290.0 Tuckahoe - 112.0 Vienna Aquatic
Vienna Aquatic,Week4,Tuckahoe,Week1,257.0 Tuckahoe - 145.0 Vienna Aquatic
Vienna Woods,Week3,Pleasant Valley,Week4,374.0 Vienna Woods - 27.0 Pleasant Valley
Vienna Woods,Week3,Wakefield Chapel,Week2,249.0 Vienna Woods - 153.0 Wakefield Chapel
Vienna Woods,Week3,Hiddenbrook,Week5,329.0 Vienna Woods - 73.0 Hiddenbrook
Vienna Aquatic,Week1,Pleasant Valley,Week3,332.0 Vienna Aquatic - 70.0 Pleasant Valley
Vienna Woods,Week4,High Point Pool,Week3,251.0 Vienna Woods - 151.0 High Point Pool
Vienna Woods,Week5,Pleasant Valley,Week1,377.0 Vienna Woods - 24.0 Pleasant Valley
Vienna Woods,Week4,Arlington Forest,Week2,287.0 Vienna Woods - 110.0 Arlington Forest
Vienna Woods,Week5,Pleasant Valley,Week2,378.0 Vienna Woods - 23.0 Pleasant Valley
Vienna Aquatic,Week5,Tuckahoe,Week5,230.0 Tuckahoe - 172.0 Vienna Aquatic
Vienna Woods,Week3,Wakefield Chapel,Week1,206.0 Vienna Woods - 196.0 Wakefield Chapel
Vienna Aquatic,Week2,Poplar Heights,Week4,258.0 Vienna Aquatic - 144.0 Poplar Heights
Vienna Woods,Week1,Brandywine,Week1,307.0 Vienna Woods - 95.0 Brandywine
Vienna Woods,Week2,Wakefield Chapel,Week4,213.0 Vienna Woods - 189.0 Wakefield Chapel
Vienna Aquatic,Week5,Tuckahoe,Week2,223.5 Tuckahoe - 178.5 Vienna Aquatic
Vienna Aquatic,Week1,Pleasant Valley,Week5,333.0 Vienna Aquatic - 69.0 Pleasant Valley
Villa Aquatic,Week3,Burke Station,Week3,283.0 Villa Aquatic - 114.0 Burke Station
Villa Aquatic,Week2,Burke Station,Week2,281.5 Villa Aquatic - 120.5 Burke Station
Vienna Woods,Week3,Pleasant Valley,Week5,366.0 Vienna Woods - 36.0 Pleasant Valley
Vienna Woods,Week4,Pleasant Valley,Week1,361.0 Vienna Woods - 40.0 Pleasant Valley
Vienna Aquatic,Week2,Vienna Aquatic,Week2,201.0 Vienna Aquatic (VAC1) - 201.0 Vienna Aquatic (VAC2)
Vienna Aquatic,Week2,Vienna Aquatic,Week4,210.5 Vienna Aquatic (VAC1) - 191.5 Vienna Aquatic (VAC2)
Vienna Aquatic,Week2,Fairfax,Week4,214.0 Vienna Aquatic - 188.0 Fairfax
Vienna Aquatic,Week4,Pleasant Valley,Week4,345.0 Vienna Aquatic - 50.0 Pleasant Valley
Vienna Woods,Week5,Brandywine,Week4,318.5 Vienna Woods - 83.5 Brandywine
Vienna Woods,Week5,Virginia Run,Week2,317.5 Vienna Woods - 84.5 Virginia Run
Vienna Aquatic,Week4,Vienna Aquatic,Week2,210.5 Vienna Aquatic (VAC2) - 191.5 Vienna Aquatic (VAC1)
Vienna Woods,Week2,Wakefield Chapel,Week5,212.0 Wakefield Chapel - 190.0 Vienna Woods
Vienna Aquatic,Week2,Fairfax,Week2,203.0 Fairfax - 199.0 Vienna Aquatic
Vienna Woods,Week2,Wakefield Chapel,Week3,203.0 Wakefield Chapel - 199.0 Vienna Woods
Vienna Woods,Week1,Poplar Heights,Week2,268.0 Vienna Woods - 134.0 Poplar Heights
Vienna Woods,Week1,Wakefield Chapel,Week1,217.0 Vienna Woods - 185.0 Wakefield Chapel
Vienna Woods,Week1,Wakefield Chapel,Week5,209.0 Vienna Woods - 193.0 Wakefield Chapel
Vienna Woods,Week3,Brandywine,Week3,305.0 Vienna Woods - 97.0 Brandywine
Vienna Aquatic,Week1,Pleasant Valley,Week2,343.0 Vienna Aquatic - 59.0 Pleasant Valley
Villa Aquatic,Week4,Burke Station,Week5,252.0 Villa Aquatic - 150.0 Burke Station
Vienna Woods,Week5,High Point Pool,Week2,282.0 Vienna Woods - 120.0 High Point Pool
Vienna Woods,Week1,Bren Mar-Edsall Park,Week5,375.0 Vienna Woods - 22.0 Bren Mar-Edsall Park
Vienna Aquatic,Week4,Vienna Aquatic,Week1,204.0 Vienna Aquatic (VAC2) - 198.0 Vienna Aquatic (VAC1)
Villa Aquatic,Week4,Burke Station,Week1,249.0 Villa Aquatic - 130.0 Burke Station
Vienna Aquatic,Week3,Pleasant Valley,Week5,348.0 Vienna Aquatic - 54.0 Pleasant Valley
Vienna Aquatic,Week2,Fairfax,Week3,203.0 Vienna Aquatic - 199.0 Fairfax
Villa Aquatic,Week5,Camelot,Week1,229.0 Villa Aquatic - 173.0 Camelot
Vienna Aquatic,Week3,Pleasant Valley,Week1,346.0 Vienna Aquatic - 56.0 Pleasant Valley
Vienna Aquatic,Week3,Vienna Aquatic,Week1,243.5 Vienna Aquatic (VAC1) - 158.5 Vienna Aquatic (VAC2)
Vienna Woods,Week5,High Point Pool,Week5,303.0 Vienna Woods - 99.0 High Point Pool
Vienna Aquatic,Week5,Fairfax,Week4,254.0 Vienna Aquatic - 148.0 Fairfax
Vienna Aquatic,Week2,Fairfax,Week5,214.0 Fairfax - 188.0 Vienna Aquatic
Vienna Woods,Week5,High Point Pool,Week3,297.0 Vienna Woods - 105.0 High Point Pool
Vienna Woods,Week2,High Point Pool,Week1,255.0 Vienna Woods - 147.0 High Point Pool
Villa Aquatic,Week5,Camelot,Week3,235.0 Villa Aquatic - 167.0 Camelot
Vienna Woods,Week2,Poplar Heights,Week1,276.0 Vienna Woods - 126.0 Poplar Heights
Vienna Woods,Week5,High Point Pool,Week4,290.0 Vienna Woods - 112.0 High Point Pool
Vienna Aquatic,Week2,Pleasant Valley,Week3,322.0 Vienna Aquatic - 80.0 Pleasant Valley
Vienna Woods,Week1,Bren Mar-Edsall Park,Week3,378.0 Vienna Woods - 24.0 Bren Mar-Edsall Park
Vienna Woods,Week3,Wakefield Chapel,Week3,202.0 Vienna Woods - 200.0 Wakefield Chapel
Vienna Aquatic,Week3,Tuckahoe,Week2,244.0 Tuckahoe - 158.0 Vienna Aquatic
Villa Aquatic,Week4,Camelot,Week4,222.0 Villa Aquatic - 180.0 Camelot
Vienna Aquatic,Week2,Pleasant Valley,Week2,342.0 Vienna Aquatic - 60.0 Pleasant Valley
Vienna Woods,Week1,Poplar Heights,Week5,265.0 Vienna Woods - 137.0 Poplar Heights
Vienna Woods,Week5,Pleasant Valley,Week5,367.0 Vienna Woods - 35.0 Pleasant Valley
Vienna Woods,Week1,Poplar Heights,Week4,276.5 Vienna Woods - 125.5 Poplar Heights
Vienna Woods,Week5,Arlington Forest,Week3,357.0 Vienna Woods - 45.0 Arlington Forest
Vienna Woods,Week1,Bren Mar-Edsall Park,Week1,377.0 Vienna Woods - 25.0 Bren Mar-Edsall Park
Vienna Woods,Week2,Poplar Heights,Week4,266.0 Vienna Woods - 136.0 Poplar Heights
Vienna Aquatic,Week3,Fairfax,Week1,244.5 Vienna Aquatic - 157.5 Fairfax
Vienna Woods,Week3,High Point Pool,Week4,270.0 Vienna Woods - 132.0 High Point Pool
Vienna Aquatic,Week2,Fairfax Club Estates,Week2,334.0 Vienna Aquatic - 68.0 Fairfax Club Estates
Vienna Aquatic,Week5,Pleasant Valley,Week1,349.0 Vienna Aquatic - 52.0 Pleasant Valley
Vienna Woods,Week3,Highland Park,Week1,315.0 Vienna Woods - 87.0 Highland Park
Villa Aquatic,Week2,Camelot,Week5,207.0 Camelot - 195.0 Villa Aquatic
Vienna Aquatic,Week4,Vienna Aquatic,Week5,279.0 Vienna Aquatic (VAC2) - 123.0 Vienna Aquatic (VAC1)
Vienna Woods,Week5,Virginia Run,Week3,320.0 Vienna Woods - 82.0 Virginia Run
Vienna Aquatic,Week4,Vienna Aquatic,Week4,198.5 Vienna Aquatic (VAC1) - 198.5 Vienna Aquatic (VAC2)
Villa Aquatic,Week2,Camelot,Week4,203.0 Camelot - 199.0 Villa Aquatic
Vienna Woods,Week1,Brandywine,Week4,302.5 Vienna Woods - 99.5 Brandywine
Vienna Aquatic,Week2,Pleasant Valley,Week1,333.0 Vienna Aquatic - 69.0 Pleasant Valley
Vienna Woods,Week2,Poplar Heights,Week5,260.0 Vienna Woods - 142.0 Poplar Heights
Vienna Woods,Week3,High Point Pool,Week1,271.0 Vienna Woods - 131.0 High Point Pool
Vienna Woods,Week2,Poplar Heights,Week3,270.0 Vienna Woods - 132.0 Poplar Heights
Vienna Aquatic,Week4,Fairfax,Week1,226.0 Vienna Aquatic - 176.0 Fairfax
Vienna Aquatic,Week2,Fairfax Club Estates,Week4,303.0 Vienna Aquatic - 99.0 Fairfax Club Estates
Vienna Woods,Week2,Poplar Heights,Week2,255.0 Vienna Woods - 147.0 Poplar Heights
Vienna Aquatic,Week4,Vienna Aquatic,Week3,232.0 Vienna Aquatic (VAC2) - 170.0 Vienna Aquatic (VAC1)
Villa Aquatic,Week1,Camelot,Week1,209.0 Villa Aquatic - 193.0 Camelot
Villa Aquatic,Week3,Camelot,Week3,240.0 Villa Aquatic - 162.0 Camelot
Vienna Woods,Week2,Brandywine,Week3,284.0 Vienna Woods - 118.0 Brandywine
Vienna Aquatic,Week5,Vienna Aquatic,Week1,268.0 Vienna Aquatic (VAC1) - 134.0 Vienna Aquatic (VAC2)
Vienna Woods,Week5,Arlington Forest,Week1,332.0 Vienna Woods - 70.0 Arlington Forest
Vienna Aquatic,Week4,Pleasant Valley,Week2,351.0 Vienna Aquatic - 51.0 Pleasant Valley
Vienna Woods,Week1,High Point Pool,Week4,266.0 Vienna Woods - 136.0 High Point Pool
Vienna Aquatic,Week3,Pleasant Valley,Week2,361.0 Vienna Aquatic - 41.0 Pleasant Valley
Vienna Woods,Week1,Brandywine,Week3,291.0 Vienna Woods - 111.0 Brandywine
Villa Aquatic,Week2,Camelot,Week2,204.0 Camelot - 198.0 Villa Aquatic
Vienna Woods,Week1,High Point Pool,Week3,279.5 Vienna Woods - 122.5 High Point Pool
Vienna Aquatic,Week2,Pleasant Valley,Week5,333.0 Vienna Aquatic - 69.0 Pleasant Valley
Villa Aquatic,Week3,Camelot,Week5,243.0 Villa Aquatic - 159.0 Camelot
Vienna Aquatic,Week3,Pleasant Valley,Week4,354.0 Vienna Aquatic - 48.0 Pleasant Valley
Vienna Aquatic,Week1,Fairfax Club Estates,Week5,322.0 Vienna Aquatic - 80.0 Fairfax Club Estates
Vienna Woods,Week2,Brandywine,Week4,293.0 Vienna Woods - 109.0 Brandywine
Vienna Woods,Week3,Poplar Heights,Week1,289.0 Vienna Woods - 113.0 Poplar Heights
Villa Aquatic,Week5,Burke Station,Week4,301.0 Villa Aquatic - 101.0 Burke Station
Vienna Aquatic,Week5,Vienna Aquatic,Week2,270.0 Vienna Aquatic (VAC1) - 132.0 Vienna Aquatic (VAC2)
Vienna Woods,Week1,Highland Park,Week1,302.5 Vienna Woods - 99.5 Highland Park
Vienna Woods,Week4,High Point Pool,Week1,255.0 Vienna Woods - 147.0 High Point Pool
Vienna Aquatic,Week3,Fairfax,Week3,214.0 Vienna Aquatic - 188.0 Fairfax
Vienna Woods,Week1,Brandywine,Week2,302.0 Vienna Woods - 100.0 Brandywine
Vienna Woods,Week5,Hiddenbrook,Week5,340.5 Vienna Woods - 61.5 Hiddenbrook
Vienna Woods,Week2,High Point Pool,Week4,261.0 Vienna Woods - 141.0 High Point Pool
Vienna Woods,Week5,Arlington Forest,Week4,315.0 Vienna Woods - 87.0 Arlington Forest
Vienna Aquatic,Week5,Vienna Aquatic,Week3,232.5 Vienna Aquatic (VAC1) - 169.5 Vienna Aquatic (VAC2)
Villa Aquatic,Week4,Camelot,Week1,233.0 Villa Aquatic - 169.0 Camelot
Vienna Aquatic,Week5,Vienna Aquatic,Week4,279.0 Vienna Aquatic (VAC1) - 123.0 Vienna Aquatic (VAC2)
Vienna Aquatic,Week2,Pleasant Valley,Week4,337.5 Vienna Aquatic - 64.5 Pleasant Valley
Vienna Aquatic,Week2,Poplar Heights,Week2,274.0 Vienna Aquatic - 128.0 Poplar Heights
Vienna Woods,Week5,Pleasant Valley,Week3,371.0 Vienna Woods - 31.0 Pleasant Valley
Vienna Woods,Week4,Pleasant Valley,Week4,368.0 Vienna Woods - 33.0 Pleasant Valley
Vienna Aquatic,Week3,Fairfax Club Estates,Week1,325.0 Vienna Aquatic - 77.0 Fairfax Club Estates
Vienna Aquatic,Week5,Fairfax,Week2,237.5 Vienna Aquatic - 164.5 Fairfax
Villa Aquatic,Week1,Camelot,Week5,210.0 Camelot - 192.0 Villa Aquatic
Vienna Woods,Week5,Pleasant Valley,Week4,377.0 Vienna Woods - 24.0 Pleasant Valley
Vienna Woods,Week2,High Point Pool,Week3,266.0 Vienna Woods - 136.0 High Point Pool
Vienna Aquatic,Week1,Vienna Woods,Week3,220.0 Vienna Woods - 182.0 Vienna Aquatic
Vienna Woods,Week4,Brandywine,Week1,282.0 Vienna Woods - 120.0 Brandywine
Vienna Aquatic,Week1,Fairfax,Week2,212.0 Vienna Aquatic - 190.0 Fairfax
Villa Aquatic,Week5,Burke Station,Week2,304.0 Villa Aquatic - 98.0 Burke Station
Vienna Woods,Week1,Poplar Heights,Week1,268.0 Vienna Woods - 134.0 Poplar Heights
Vienna Woods,Week3,High Point Pool,Week2,270.0 Vienna Woods - 132.0 High Point Pool
Vienna Woods,Week4,Brandywine,Week2,291.0 Vienna Woods - 111.0 Brandywine
Vienna Aquatic,Week1,Poplar Heights,Week2,263.0 Vienna Aquatic - 139.0 Poplar Heights
Vienna Aquatic,Week1,Vienna Woods,Week1,216.0 Vienna Woods - 186.0 Vienna Aquatic
Vienna Aquatic,Week4,Pleasant Valley,Week5,332.0 Vienna Aquatic - 64.0 Pleasant Valley
Vienna Aquatic,Week3,Fairfax,Week2,216.0 Vienna Aquatic - 186.0 Fairfax
Vienna Woods,Week2,Pleasant Valley,Week5,360.0 Vienna Woods - 41.0 Pleasant Valley
Vienna Woods,Week1,Poplar Heights,Week3,284.0 Vienna Woods - 118.0 Poplar Heights
Villa Aquatic,Week5,Burke Station,Week1,263.0 Villa Aquatic - 116.0 Burke Station
Villa Aquatic,Week2,Camelot,Week3,211.0 Villa Aquatic - 191.0 Camelot
Vienna Woods,Week3,Pleasant Valley,Week3,366.0 Vienna Woods - 36.0 Pleasant Valley
Vienna Aquatic,Week2,Dunn Loring,Week5,204.0 Vienna Aquatic - 198.0 Dunn Loring
Vienna Aquatic,Week5,Pleasant Valley,Week4,356.0 Vienna Aquatic - 40.0 Pleasant Valley
Villa Aquatic,Week1,Camelot,Week4,209.0 Camelot - 193.0 Villa Aquatic
Vienna Woods,Week3,Brandywine,Week1,310.0 Vienna Woods - 92.0 Brandywine
Vienna Woods,Week5,Arlington Forest,Week5,304.0 Vienna Woods - 98.0 Arlington Forest
Vienna Woods,Week2,Brandywine,Week5,257.0 Vienna Woods - 145.0 Brandywine
Vienna Aquatic,Week1,Vienna Woods,Week5,245.0 Vienna Woods - 157.0 Vienna Aquatic
Vienna Aquatic,Week4,Dunn Loring,Week2,207.0 Dunn Loring - 195.0 Vienna Aquatic
Vienna Aquatic,Week1,Fairfax,Week3,210.0 Vienna Aquatic - 192.0 Fairfax
Vienna Woods,Week4,High Point Pool,Week2,235.0 Vienna Woods - 167.0 High Point Pool
Vienna Aquatic,Week2,Vienna Woods,Week3,231.0 Vienna Woods - 171.0 Vienna Aquatic
Vienna Aquatic,Week1,Vienna Woods,Week4,224.0 Vienna Aquatic - 178.0 Vienna Woods
Vienna Aquatic,Week5,Pleasant Valley,Week3,339.0 Vienna Aquatic - 63.0 Pleasant Valley
Vienna Aquatic,Week5,Fairfax,Week5,236.0 Vienna Aquatic - 166.0 Fairfax
Vienna Aquatic,Week1,Fairfax,Week5,207.0 Vienna Aquatic - 195.0 Fairfax
Vienna Woods,Week3,Poplar Heights,Week2,278.5 Vienna Woods - 123.5 Poplar Heights
Vienna Woods,Week5,Arlington Forest,Week2,342.0 Vienna Woods - 60.0 Arlington Forest
Villa Aquatic,Week5,Burke Station,Week5,266.0 Villa Aquatic - 136.0 Burke Station
Vienna Woods,Week3,High Point Pool,Week3,282.0 Vienna Woods - 120.0 High Point Pool
Vienna Aquatic,Week1,Pleasant Valley,Week4,347.0 Vienna Aquatic - 55.0 Pleasant Valley
Vienna Aquatic,Week2,Vienna Woods,Week2,222.0 Vienna Woods - 180.0 Vienna Aquatic
Vienna Woods,Week4,High Point Pool,Week5,246.0 Vienna Woods - 156.0 High Point Pool
Vienna Aquatic,Week1,Poplar Heights,Week5,245.0 Vienna Aquatic - 157.0 Poplar Heights
Vienna Woods,Week2,Brandywine,Week1,289.0 Vienna Woods - 113.0 Brandywine
Vienna Aquatic,Week5,Pleasant Valley,Week5,342.0 Vienna Aquatic - 59.0 Pleasant Valley
Vienna Aquatic,Week1,Fairfax Club Estates,Week3,339.0 Vienna Aquatic - 63.0 Fairfax Club Estates
Villa Aquatic,Week1,Camelot,Week2,206.0 Villa Aquatic - 196.0 Camelot
Vienna Woods,Week1,High Point Pool,Week5,278.0 Vienna Woods - 124.0 High Point Pool
Vienna Aquatic,Week2,Dunn Loring,Week4,209.0 Vienna Aquatic - 193.0 Dunn Loring
Villa Aquatic,Week1,Camelot,Week3,211.0 Villa Aquatic - 191.0 Camelot
Vienna Aquatic,Week3,Vienna Woods,Week3,203.0 Vienna Woods - 199.0 Vienna Aquatic
Vienna Aquatic,Week4,Fairfax,Week3,211.0 Fairfax - 191.0 Vienna Aquatic
Vienna Aquatic,Week2,Fairfax Club Estates,Week1,323.0 Vienna Aquatic - 79.0 Fairfax Club Estates
Vienna Woods,Week3,Pleasant Valley,Week2,375.0 Vienna Woods - 26.0 Pleasant Valley
Vienna Woods,Week2,High Point Pool,Week5,267.0 Vienna Woods - 135.0 High Point Pool
Vienna Woods,Week1,High Point Pool,Week2,262.0 Vienna Woods - 140.0 High Point Pool
Vienna Aquatic,Week2,Vienna Woods,Week5,247.0 Vienna Woods - 155.0 Vienna Aquatic
Vienna Aquatic,Week2,Poplar Heights,Week1,270.0 Vienna Aquatic - 132.0 Poplar Heights
Vienna Aquatic,Week4,Dunn Loring,Week4,211.0 Vienna Aquatic - 191.0 Dunn Loring
Vienna Woods,Week3,Brandywine,Week4,308.5 Vienna Woods - 93.5 Brandywine
Vienna Woods,Week2,Poplar Tree,Week1,249.0 Vienna Woods - 153.0 Poplar Tree
Vienna Aquatic,Week1,Dunn Loring,Week2,203.0 Vienna Aquatic - 199.0 Dunn Loring
Vienna Woods,Week2,Poplar Tree,Week4,259.0 Vienna Woods - 143.0 Poplar Tree
Vienna Aquatic,Week1,Vienna Woods,Week2,211.0 Vienna Woods - 191.0 Vienna Aquatic
Vienna Woods,Week4,Pleasant Valley,Week5,352.0 Vienna Woods - 50.0 Pleasant Valley
Vienna Aquatic,Week3,Vienna Woods,Week2,213.0 Vienna Woods - 189.0 Vienna Aquatic
Vienna Woods,Week2,High Point Pool,Week2,249.0 Vienna Woods - 153.0 High Point Pool
Vienna Aquatic,Week4,Fairfax,Week4,206.5 Vienna Aquatic - 195.5 Fairfax
Vienna Aquatic,Week1,Poplar Heights,Week4,253.0 Vienna Aquatic - 149.0 Poplar Heights
Vienna Aquatic,Week3,Dunn Loring,Week4,224.0 Vienna Aquatic - 178.0 Dunn Loring
Vienna Woods,Week1,Brandywine,Week5,281.0 Vienna Woods - 121.0 Brandywine
Vienna Aquatic,Week2,Poplar Heights,Week3,257.0 Vienna Aquatic - 145.0 Poplar Heights
Villa Aquatic,Week3,Camelot,Week1,242.0 Villa Aquatic - 160.0 Camelot
Vienna Woods,Week1,High Point Pool,Week1,264.0 Vienna Woods - 138.0 High Point Pool
Villa Aquatic,Week3,Camelot,Week2,222.0 Villa Aquatic - 180.0 Camelot
Vienna Woods,Week3,Brandywine,Week2,306.0 Vienna Woods - 96.0 Brandywine
Villa Aquatic,Week5,Burke Station,Week3,272.5 Villa Aquatic - 124.5 Burke Station
Vienna Woods,Week4,High Point Pool,Week4,242.0 Vienna Woods - 160.0 High Point Pool
Villa Aquatic,Week4,Camelot,Week2,219.0 Villa Aquatic - 183.0 Camelot
Vienna Aquatic,Week2,Poplar Tree,Week4,240.0 Vienna Aquatic - 162.0 Poplar Tree
Vienna Aquatic,Week1,Dunn Loring,Week1,224.5 Vienna Aquatic - 177.5 Dunn Loring
Vienna Aquatic,Week3,Vienna Woods,Week4,215.0 Vienna Aquatic - 187.0 Vienna Woods
Vienna Woods,Week3,Poplar Tree,Week1,261.0 Vienna Woods - 141.0 Poplar Tree
Vienna Aquatic,Week2,Fairfax,Week1,228.0 Vienna Aquatic - 174.0 Fairfax
Vienna Woods,Week3,High Point Pool,Week5,263.0 Vienna Woods - 139.0 High Point Pool
Vienna Woods,Week3,Poplar Tree,Week3,268.0 Vienna Woods - 134.0 Poplar Tree
Vienna Aquatic,Week3,Vienna Woods,Week1,211.0 Vienna Woods - 191.0 Vienna Aquatic
Villa Aquatic,Week2,Camelot,Week1,207.0 Villa Aquatic - 195.0 Camelot
Vienna Aquatic,Week4,Dunn Loring,Week5,210.0 Dunn Loring - 192.0 Vienna Aquatic
Vienna Aquatic,Week3,Poplar Tree,Week2,260.0 Vienna Aquatic - 142.0 Poplar Tree
Vienna Woods,Week4,Brandywine,Week4,289.0 Vienna Woods - 113.0 Brandywine
Vienna Aquatic,Week1,Fairfax,Week1,218.0 Vienna Aquatic - 184.0 Fairfax
Vienna Aquatic,Week5,Dunn Loring,Week1,259.0 Vienna Aquatic - 143.0 Dunn Loring
Vienna Aquatic,Week3,Fairfax,Week4,245.0 Vienna Aquatic - 157.0 Fairfax
Vienna Woods,Week4,Brandywine,Week3,283.0 Vienna Woods - 119.0 Brandywine
Vienna Aquatic,Week2,Vienna Woods,Week1,224.0 Vienna Woods - 178.0 Vienna Aquatic
Vienna Woods,Week3,Poplar Tree,Week4,274.0 Vienna Woods - 128.0 Poplar Tree
Vienna Aquatic,Week2,Vienna Woods,Week4,209.0 Vienna Aquatic - 193.0 Vienna Woods
Vienna Woods,Week5,Brandywine,Week1,322.0 Vienna Woods - 80.0 Brandywine
Villa Aquatic,Week4,Camelot,Week3,229.0 Villa Aquatic - 173.0 Camelot
Vienna Aquatic,Week5,Fairfax,Week3,237.0 Vienna Aquatic - 165.0 Fairfax
Vienna Aquatic,Week1,Fairfax,Week4,227.0 Vienna Aquatic - 175.0 Fairfax
Vienna Aquatic,Week3,Poplar Heights,Week4,270.0 Vienna Aquatic - 132.0 Poplar Heights
Vienna Woods,Week1,Highland Park,Week2,320.5 Vienna Woods - 81.5 Highland Park
Vienna Aquatic,Week1,Dunn Loring,Week5,203.0 Dunn Loring - 199.0 Vienna Aquatic
Vienna Woods,Week4,Poplar Tree,Week1,235.5 Vienna Woods - 166.5 Poplar Tree
Villa Aquatic,Week1,Canterbury Woods,Week5,212.0 Villa Aquatic - 190.0 Canterbury Woods
Vienna Aquatic,Week2,Dunn Loring,Week3,205.0 Dunn Loring - 197.0 Vienna Aquatic
Vienna Woods,Week5,Brandywine,Week3,308.5 Vienna Woods - 93.5 Brandywine
Vienna Aquatic,Week5,Poplar Heights,Week5,295.0 Vienna Aquatic - 107.0 Poplar Heights
Villa Aquatic,Week3,Camelot,Week4,240.0 Villa Aquatic - 162.0 Camelot
Vienna Woods,Week4,Poplar Heights,Week4,244.0 Vienna Woods - 158.0 Poplar Heights
Vienna Woods,Week1,Highland Park,Week3,315.0 Vienna Woods - 87.0 Highland Park
Vienna Woods,Week5,Brandywine,Week2,322.0 Vienna Woods - 80.0 Brandywine
Vienna Woods,Week4,Brandywine,Week5,251.0 Vienna Woods - 151.0 Brandywine
Vienna Aquatic,Week4,Dunn Loring,Week1,237.0 Vienna Aquatic - 165.0 Dunn Loring
Vienna Woods,Week5,Poplar Heights,Week2,309.0 Vienna Woods - 93.0 Poplar Heights
Vienna Woods,Week1,Highland Park,Week4,311.0 Vienna Woods - 91.0 Highland Park
Villa Aquatic,Week4,Camelot,Week5,220.0 Villa Aquatic - 182.0 Camelot
Vienna Woods,Week1,Bren Mar-Edsall Park,Week2,380.0 Vienna Woods - 22.0 Bren Mar-Edsall Park
Vienna Woods,Week1,Highland Park,Week5,311.0 Vienna Woods - 91.0 Highland Park
Vienna Aquatic,Week4,Dunn Loring,Week3,204.0 Dunn Loring - 198.0 Vienna Aquatic
Vienna Woods,Week2,Highland Park,Week2,311.0 Vienna Woods - 91.0 Highland Park
Vienna Aquatic,Week4,Fairfax,Week5,218.0 Fairfax - 184.0 Vienna Aquatic
Vienna Aquatic,Week5,Fairfax,Week1,250.0 Vienna Aquatic - 152.0 Fairfax
Vienna Woods,Week1,Poplar Tree,Week5,247.5 Vienna Woods - 154.5 Poplar Tree
Vienna Woods,Week4,Poplar Heights,Week5,251.5 Vienna Woods - 150.5 Poplar Heights
Villa Aquatic,Week5,Camelot,Week2,227.0 Villa Aquatic - 175.0 Camelot
Vienna Aquatic,Week4,Poplar Heights,Week5,261.0 Vienna Aquatic - 141.0 Poplar Heights
Vienna Woods,Week5,Brandywine,Week5,293.0 Vienna Woods - 109.0 Brandywine
Vienna Aquatic,Week2,Poplar Tree,Week2,254.0 Vienna Aquatic - 148.0 Poplar Tree
Vienna Aquatic,Week2,Poplar Tree,Week3,232.0 Vienna Aquatic - 170.0 Poplar Tree
Vienna Aquatic,Week3,Fairfax,Week5,201.0 Fairfax - 201.0 Vienna Aquatic
Vienna Aquatic,Week5,Dunn Loring,Week2,223.0 Vienna Aquatic - 179.0 Dunn Loring
Vienna Aquatic,Week5,Dowden Terrace,Week5,271.0 Vienna Aquatic - 131.0 Dowden Terrace
Vienna Aquatic,Week1,Poplar Tree,Week4,233.0 Vienna Aquatic - 169.0 Poplar Tree
Vienna Aquatic,Week5,Dunn Loring,Week4,244.0 Vienna Aquatic - 158.0 Dunn Loring
Vienna Woods,Week2,Highland Park,Week5,297.5 Vienna Woods - 104.5 Highland Park
Vienna Woods,Week2,Highland Park,Week4,312.0 Vienna Woods - 90.0 Highland Park
Villa Aquatic,Week4,Canterbury Woods,Week4,235.0 Villa Aquatic - 167.0 Canterbury Woods
Vienna Woods,Week1,Ravensworth Farm,Week1,293.0 Vienna Woods - 109.0 Ravensworth Farm
Vienna Aquatic,Week1,Fairfax Club Estates,Week1,323.0 Vienna Aquatic - 79.0 Fairfax Club Estates
Villa Aquatic,Week5,Canterbury Woods,Week1,263.0 Villa Aquatic - 139.0 Canterbury Woods
Vienna Aquatic,Week4,Poplar Heights,Week1,273.0 Vienna Aquatic - 129.0 Poplar Heights
Vienna Aquatic,Week2,Fairfax Club Estates,Week5,314.5 Vienna Aquatic - 87.5 Fairfax Club Estates
Vienna Aquatic,Week3,Dunn Loring,Week3,224.0 Vienna Aquatic - 178.0 Dunn Loring
Vienna Aquatic,Week1,Fairfax Club Estates,Week2,340.0 Vienna Aquatic - 62.0 Fairfax Club Estates
Vienna Woods,Week2,Poplar Tree,Week2,259.0 Vienna Woods - 143.0 Poplar Tree
Vienna Aquatic,Week3,Poplar Heights,Week2,280.0 Vienna Aquatic - 122.0 Poplar Heights
Vienna Aquatic,Week1,Fairfax Club Estates,Week4,316.0 Vienna Aquatic - 86.0 Fairfax Club Estates
Villa Aquatic,Week5,Camelot,Week4,235.0 Villa Aquatic - 167.0 Camelot
Vienna Woods,Week1,Bren Mar-Edsall Park,Week4,378.0 Vienna Woods - 24.0 Bren Mar-Edsall Park
Vienna Woods,Week2,Bren Mar-Edsall Park,Week4,385.0 Vienna Woods - 17.0 Bren Mar-Edsall Park
Vienna Aquatic,Week5,Poplar Heights,Week4,302.0 Vienna Aquatic - 100.0 Poplar Heights
Villa Aquatic,Week1,Cardinal Hill,Week2,271.0 Cardinal Hill - 131.0 Villa Aquatic
Vienna Aquatic,Week5,Dunn Loring,Week3,226.0 Vienna Aquatic - 176.0 Dunn Loring
Villa Aquatic,Week4,Canterbury Woods,Week2,253.0 Villa Aquatic - 149.0 Canterbury Woods
Vienna Woods,Week2,Highland Park,Week3,305.0 Vienna Woods - 97.0 Highland Park
Vienna Woods,Week1,Brookfield ,Week2,317.0 Vienna Woods - 85.0 Brookfield
Vienna Aquatic,Week4,Fairfax,Week2,210.0 Fairfax - 192.0 Vienna Aquatic
Vienna Aquatic,Week1,Poplar Tree,Week1,228.0 Vienna Aquatic - 174.0 Poplar Tree
Vienna Woods,Week1,Poplar Tree,Week2,270.0 Vienna Woods - 127.0 Poplar Tree
Vienna Aquatic,Week3,Dunn Loring,Week5,212.0 Vienna Aquatic - 190.0 Dunn Loring
Vienna Woods,Week4,Poplar Heights,Week1,258.0 Vienna Woods - 144.0 Poplar Heights
Vienna Aquatic,Week2,Fairfax Club Estates,Week3,325.0 Vienna Aquatic - 77.0 Fairfax Club Estates
Vienna Woods,Week2,Highland Park,Week1,295.0 Vienna Woods - 107.0 Highland Park
Vienna Woods,Week2,Highlands Swim,Week3,234.0 Highlands Swim - 168.0 Vienna Woods
Vienna Woods,Week1,Highlands Swim,Week2,239.0 Highlands Swim - 163.0 Vienna Woods
Vienna Aquatic,Week3,Poplar Tree,Week1,247.0 Vienna Aquatic - 155.0 Poplar Tree
Vienna Woods,Week2,Bren Mar-Edsall Park,Week2,387.0 Vienna Woods - 14.0 Bren Mar-Edsall Park
Vienna Woods,Week3,Poplar Tree,Week5,252.0 Vienna Woods - 150.0 Poplar Tree
Vienna Woods,Week3,Bren Mar-Edsall Park,Week4,388.0 Vienna Woods - 14.0 Bren Mar-Edsall Park
Villa Aquatic,Week5,Canterbury Woods,Week5,258.0 Villa Aquatic - 144.0 Canterbury Woods
Vienna Aquatic,Week3,Dunn Loring,Week2,218.0 Vienna Aquatic - 184.0 Dunn Loring
Vienna Woods,Week2,Bren Mar-Edsall Park,Week1,387.0 Vienna Woods - 14.0 Bren Mar-Edsall Park
Vienna Aquatic,Week3,Poplar Heights,Week5,269.0 Vienna Aquatic - 133.0 Poplar Heights
Villa Aquatic,Week1,Canterbury Woods,Week4,201.0 Canterbury Woods - 201.0 Villa Aquatic
Vienna Aquatic,Week3,Fairfax Club Estates,Week5,320.0 Vienna Aquatic - 82.0 Fairfax Club Estates
Vienna Aquatic,Week2,Dunn Loring,Week2,202.0 Vienna Aquatic - 200.0 Dunn Loring
Vienna Woods,Week5,Poplar Heights,Week5,293.0 Vienna Woods - 109.0 Poplar Heights
Vienna Woods,Week5,Highland Park,Week1,328.5 Vienna Woods - 73.5 Highland Park
Vienna Woods,Week3,Highland Park,Week5,319.0 Vienna Woods - 83.0 Highland Park
Vienna Aquatic,Week2,Dunn Loring,Week1,236.0 Vienna Aquatic - 166.0 Dunn Loring
Vienna Woods,Week3,Poplar Heights,Week4,296.0 Vienna Woods - 106.0 Poplar Heights
Villa Aquatic,Week4,Canterbury Woods,Week1,249.0 Villa Aquatic - 153.0 Canterbury Woods
Vienna Woods,Week1,Highlands Swim,Week3,229.0 Highlands Swim - 173.0 Vienna Woods
Vienna Aquatic,Week4,Poplar Heights,Week2,263.0 Vienna Aquatic - 139.0 Poplar Heights
Villa Aquatic,Week5,Canterbury Woods,Week2,267.0 Villa Aquatic - 135.0 Canterbury Woods
Vienna Aquatic,Week3,Fairfax Club Estates,Week3,331.0 Vienna Aquatic - 71.0 Fairfax Club Estates
Vienna Woods,Week1,Brookfield ,Week5,313.0 Vienna Woods - 84.0 Brookfield
Vienna Aquatic,Week3,Poplar Heights,Week1,273.0 Vienna Aquatic - 129.0 Poplar Heights
Vienna Aquatic,Week1,Dunn Loring,Week4,214.0 Vienna Aquatic - 188.0 Dunn Loring
Vienna Aquatic,Week5,Fairfax Club Estates,Week2,337.0 Vienna Aquatic - 65.0 Fairfax Club Estates
Vienna Woods,Week1,Brookfield ,Week4,298.0 Vienna Woods - 104.0 Brookfield
Vienna Woods,Week5,Poplar Heights,Week4,314.0 Vienna Woods - 88.0 Poplar Heights
Vienna Aquatic,Week5,Fairfax Club Estates,Week4,339.0 Vienna Aquatic - 63.0 Fairfax Club Estates
Villa Aquatic,Week4,Canterbury Woods,Week5,243.0 Villa Aquatic - 159.0 Canterbury Woods
Vienna Woods,Week1,Poplar Tree,Week4,269.0 Vienna Woods - 133.0 Poplar Tree
Vienna Woods,Week1,Poplar Tree,Week3,261.0 Vienna Woods - 141.0 Poplar Tree
Vienna Woods,Week2,Brookfield ,Week1,293.0 Vienna Woods - 109.0 Brookfield
Vienna Aquatic,Week4,Fairfax Club Estates,Week2,320.0 Vienna Aquatic - 82.0 Fairfax Club Estates
Vienna Woods,Week2,Highlands Swim,Week4,234.0 Highlands Swim - 168.0 Vienna Woods
Vienna Aquatic,Week4,Poplar Heights,Week3,259.0 Vienna Aquatic - 143.0 Poplar Heights
Vienna Woods,Week2,Bren Mar-Edsall Park,Week3,385.0 Vienna Woods - 17.0 Bren Mar-Edsall Park
Vienna Aquatic,Week4,Poplar Heights,Week4,266.0 Vienna Aquatic - 136.0 Poplar Heights
Vienna Woods,Week2,Brookfield ,Week3,311.5 Vienna Woods - 89.5 Brookfield
Villa Aquatic,Week2,Canterbury Woods,Week4,203.0 Villa Aquatic - 199.0 Canterbury Woods
Vienna Aquatic,Week5,Poplar Heights,Week1,305.0 Vienna Aquatic - 97.0 Poplar Heights
Vienna Woods,Week4,Highland Park,Week4,290.0 Vienna Woods - 112.0 Highland Park
Vienna Woods,Week4,Poplar Heights,Week3,259.0 Vienna Woods - 143.0 Poplar Heights
Vienna Aquatic,Week1,Dunn Loring,Week3,213.0 Dunn Loring - 189.0 Vienna Aquatic
Vienna Aquatic,Week5,Fairfax Club Estates,Week1,339.0 Vienna Aquatic - 63.0 Fairfax Club Estates
Vienna Woods,Week3,Poplar Heights,Week5,285.0 Vienna Woods - 117.0 Poplar Heights
Vienna Aquatic,Week3,Dunn Loring,Week1,245.0 Vienna Aquatic - 157.0 Dunn Loring
Vienna Woods,Week4,Bren Mar-Edsall Park,Week3,380.0 Vienna Woods - 22.0 Bren Mar-Edsall Park
Vienna Aquatic,Week5,Fairfax Club Estates,Week5,339.0 Vienna Aquatic - 62.0 Fairfax Club Estates
Vienna Woods,Week4,Highland Park,Week1,284.0 Vienna Woods - 118.0 Highland Park
Vienna Woods,Week1,Poplar Tree,Week1,259.0 Vienna Woods - 143.0 Poplar Tree
Villa Aquatic,Week5,Canterbury Woods,Week4,241.0 Villa Aquatic - 161.0 Canterbury Woods
Vienna Aquatic,Week5,Poplar Heights,Week2,304.0 Vienna Aquatic - 98.0 Poplar Heights
Vienna Woods,Week2,Brookfield ,Week2,308.0 Vienna Woods - 94.0 Brookfield
Vienna Aquatic,Week3,Poplar Heights,Week3,281.0 Vienna Aquatic - 121.0 Poplar Heights
Villa Aquatic,Week5,Canterbury Woods,Week3,242.0 Villa Aquatic - 160.0 Canterbury Woods
Vienna Woods,Week2,Highlands Swim,Week5,247.0 Highlands Swim - 155.0 Vienna Woods
Villa Aquatic,Week3,Canterbury Woods,Week3,242.0 Villa Aquatic - 160.0 Canterbury Woods
Vienna Woods,Week3,Highland Park,Week2,321.0 Vienna Woods - 81.0 Highland Park
Vienna Woods,Week3,Bren Mar-Edsall Park,Week5,385.0 Vienna Woods - 17.0 Bren Mar-Edsall Park
Vienna Aquatic,Week1,Poplar Tree,Week5,222.0 Vienna Aquatic - 180.0 Poplar Tree
Vienna Aquatic,Week1,Poplar Tree,Week3,233.0 Vienna Aquatic - 169.0 Poplar Tree
Vienna Woods,Week4,Highland Park,Week3,299.0 Vienna Woods - 103.0 Highland Park
Vienna Woods,Week3,Poplar Heights,Week3,294.0 Vienna Woods - 108.0 Poplar Heights
Vienna Woods,Week1,Brookfield ,Week3,319.0 Vienna Woods - 83.0 Brookfield
Vienna Aquatic,Week1,Poplar Tree,Week2,248.0 Vienna Aquatic - 154.0 Poplar Tree
Vienna Woods,Week5,Poplar Heights,Week3,306.0 Vienna Woods - 96.0 Poplar Heights
Vienna Woods,Week2,Poplar Tree,Week3,247.0 Vienna Woods - 155.0 Poplar Tree
Vienna Woods,Week3,Highlands Swim,Week2,221.0 Highlands Swim - 181.0 Vienna Woods
Vienna Aquatic,Week2,Poplar Tree,Week5,222.0 Vienna Aquatic - 180.0 Poplar Tree
Vienna Aquatic,Week4,Fairfax Club Estates,Week5,311.5 Vienna Aquatic - 85.5 Fairfax Club Estates
Vienna Aquatic,Week3,Fairfax Club Estates,Week4,320.5 Vienna Aquatic - 81.5 Fairfax Club Estates
Vienna Woods,Week1,Highlands Swim,Week1,224.0 Highlands Swim - 178.0 Vienna Woods
Villa Aquatic,Week1,Canterbury Woods,Week1,221.0 Villa Aquatic - 181.0 Canterbury Woods
Vienna Woods,Week3,Highlands Swim,Week1,207.0 Highlands Swim - 195.0 Vienna Woods
Vienna Woods,Week3,Bren Mar-Edsall Park,Week1,389.0 Vienna Woods - 12.0 Bren Mar-Edsall Park
Vienna Aquatic,Week5,Poplar Heights,Week3,301.0 Vienna Aquatic - 101.0 Poplar Heights
Villa Aquatic,Week1,Canterbury Woods,Week3,207.0 Canterbury Woods - 195.0 Villa Aquatic
Vienna Aquatic,Week1,Fairfax Station,Week1,230.0 Vienna Aquatic - 172.0 Fairfax Station
Villa Aquatic,Week5,Camelot,Week5,231.0 Villa Aquatic - 171.0 Camelot
Villa Aquatic,Week2,Canterbury Woods,Week2,233.0 Villa Aquatic - 169.0 Canterbury Woods
Vienna Aquatic,Week1,Newington Forest,Week2,353.0 Vienna Aquatic - 49.0 Newington Forest
Vienna Woods,Week5,Highland Park,Week2,335.0 Vienna Woods - 67.0 Highland Park
Vienna Aquatic,Week4,Fairfax Club Estates,Week1,318.0 Vienna Aquatic - 84.0 Fairfax Club Estates
Vienna Aquatic,Week5,Fairfax Club Estates,Week3,338.0 Vienna Aquatic - 64.0 Fairfax Club Estates
Vienna Woods,Week4,Bren Mar-Edsall Park,Week5,376.0 Vienna Woods - 21.0 Bren Mar-Edsall Park
Vienna Woods,Week3,Highlands Swim,Week3,220.5 Highlands Swim - 181.5 Vienna Woods
Vienna Aquatic,Week2,Poplar Heights,Week5,249.0 Vienna Aquatic - 153.0 Poplar Heights
Vienna Woods,Week2,Brookfield ,Week4,292.0 Vienna Woods - 110.0 Brookfield
Villa Aquatic,Week1,Canterbury Woods,Week2,233.0 Villa Aquatic - 169.0 Canterbury Woods
Vienna Woods,Week5,Highland Park,Week5,327.0 Vienna Woods - 75.0 Highland Park
Vienna Woods,Week4,Poplar Heights,Week2,256.0 Vienna Woods - 146.0 Poplar Heights
Vienna Aquatic,Week4,Fairfax Club Estates,Week4,318.0 Vienna Aquatic - 84.0 Fairfax Club Estates
Vienna Aquatic,Week4,Fairfax Club Estates,Week3,322.0 Vienna Aquatic - 80.0 Fairfax Club Estates
Vienna Woods,Week5,Bren Mar-Edsall Park,Week1,386.0 Vienna Woods - 16.0 Bren Mar-Edsall Park
Vienna Aquatic,Week3,Newington Forest,Week4,344.0 Vienna Aquatic - 58.0 Newington Forest
Vienna Aquatic,Week3,Fairfax Club Estates,Week2,342.0 Vienna Aquatic - 60.0 Fairfax Club Estates
Vienna Woods,Week4,Bren Mar-Edsall Park,Week1,382.0 Vienna Woods - 20.0 Bren Mar-Edsall Park
Villa Aquatic,Week2,Canterbury Woods,Week5,214.0 Villa Aquatic - 188.0 Canterbury Woods
Vienna Woods,Week3,Poplar Tree,Week2,288.0 Vienna Woods - 114.0 Poplar Tree
Vienna Woods,Week5,Poplar Heights,Week1,304.0 Vienna Woods - 98.0 Poplar Heights
Villa Aquatic,Week2,Canterbury Woods,Week1,234.0 Villa Aquatic - 168.0 Canterbury Woods
Vienna Aquatic,Week2,Poplar Tree,Week1,244.0 Vienna Aquatic - 158.0 Poplar Tree
Vienna Aquatic,Week2,Newington Forest,Week4,330.0 Vienna Aquatic - 72.0 Newington Forest
Vienna Woods,Week5,Bren Mar-Edsall Park,Week4,385.0 Vienna Woods - 17.0 Bren Mar-Edsall Park
Vienna Woods,Week5,Highland Park,Week3,338.0 Vienna Woods - 64.0 Highland Park
Vienna Woods,Week4,Poplar Tree,Week2,249.0 Vienna Woods - 153.0 Poplar Tree
Vienna Woods,Week4,Bren Mar-Edsall Park,Week4,380.0 Vienna Woods - 17.0 Bren Mar-Edsall Park
Vienna Aquatic,Week1,Fairfax Station,Week2,239.0 Vienna Aquatic - 163.0 Fairfax Station
Vienna Aquatic,Week3,Poplar Tree,Week3,243.5 Vienna Aquatic - 158.5 Poplar Tree
Vienna Aquatic,Week4,Newington Forest,Week2,347.5 Vienna Aquatic - 54.5 Newington Forest
Villa Aquatic,Week3,Canterbury Woods,Week4,256.0 Villa Aquatic - 146.0 Canterbury Woods
Vienna Aquatic,Week3,Poplar Tree,Week5,241.0 Vienna Aquatic - 161.0 Poplar Tree
Vienna Woods,Week4,Poplar Tree,Week4,251.0 Vienna Woods - 151.0 Poplar Tree
Vienna Woods,Week4,Poplar Tree,Week3,234.0 Vienna Woods - 168.0 Poplar Tree
Villa Aquatic,Week3,Canterbury Woods,Week1,263.0 Villa Aquatic - 139.0 Canterbury Woods
Villa Aquatic,Week2,Canterbury Woods,Week3,205.0 Villa Aquatic - 197.0 Canterbury Woods
Vienna Aquatic,Week1,Fairfax Station,Week3,223.0 Vienna Aquatic - 179.0 Fairfax Station
Vienna Woods,Week1,Brookfield ,Week1,299.0 Vienna Woods - 103.0 Brookfield
Vienna Aquatic,Week3,Poplar Tree,Week4,254.0 Vienna Aquatic - 148.0 Poplar Tree
Vienna Woods,Week2,Poplar Tree,Week5,237.0 Vienna Woods - 165.0 Poplar Tree
Vienna Aquatic,Week4,Newington Forest,Week3,345.0 Vienna Aquatic - 57.0 Newington Forest
Vienna Aquatic,Week5,Newington Forest,Week3,351.0 Vienna Aquatic - 51.0 Newington Forest
Vienna Woods,Week2,Highlands Swim,Week1,231.0 Highlands Swim - 171.0 Vienna Woods
Vienna Woods,Week1,Highlands Swim,Week4,214.0 Highlands Swim - 188.0 Vienna Woods
Vienna Woods,Week5,Bren Mar-Edsall Park,Week3,384.0 Vienna Woods - 18.0 Bren Mar-Edsall Park
Vienna Aquatic,Week2,Newington Forest,Week5,305.0 Vienna Aquatic - 97.0 Newington Forest
Vienna Woods,Week3,Bren Mar-Edsall Park,Week3,387.0 Vienna Woods - 15.0 Bren Mar-Edsall Park
Vienna Woods,Week4,Highland Park,Week2,304.5 Vienna Woods - 97.5 Highland Park
Vienna Woods,Week3,Bren Mar-Edsall Park,Week2,389.0 Vienna Woods - 13.0 Bren Mar-Edsall Park
Vienna Aquatic,Week5,Orange Hunt,Week4,298.0 Vienna Aquatic - 104.0 Orange Hunt
Vienna Aquatic,Week5,Newington Forest,Week5,335.0 Vienna Aquatic - 67.0 Newington Forest
Vienna Woods,Week5,Bren Mar-Edsall Park,Week5,384.0 Vienna Woods - 18.0 Bren Mar-Edsall Park
Vienna Aquatic,Week5,Orange Hunt,Week1,294.0 Vienna Aquatic - 108.0 Orange Hunt
Vienna Woods,Week5,Poplar Tree,Week3,287.0 Vienna Woods - 115.0 Poplar Tree
Vienna Woods,Week5,Poplar Tree,Week1,282.0 Vienna Woods - 120.0 Poplar Tree
Villa Aquatic,Week1,Cardinal Hill,Week1,293.0 Cardinal Hill - 109.0 Villa Aquatic
Vienna Woods,Week5,Poplar Tree,Week2,285.0 Vienna Woods - 117.0 Poplar Tree
Villa Aquatic,Week3,Canterbury Woods,Week2,279.0 Villa Aquatic - 123.0 Canterbury Woods
Vienna Aquatic,Week4,Hiddenbrook,Week4,306.0 Vienna Aquatic - 96.0 Hiddenbrook
Vienna Woods,Week5,Highland Park,Week4,338.0 Vienna Woods - 64.0 Highland Park
Vienna Woods,Week2,Highlands Swim,Week2,248.0 Highlands Swim - 154.0 Vienna Woods
Vienna Woods,Week5,Poplar Tree,Week4,283.0 Vienna Woods - 119.0 Poplar Tree
Vienna Woods,Week3,Highland Park,Week3,323.0 Vienna Woods - 79.0 Highland Park
Vienna Aquatic,Week5,Orange Hunt,Week3,299.0 Vienna Aquatic - 103.0 Orange Hunt
Villa Aquatic,Week3,Canterbury Woods,Week5,254.0 Villa Aquatic - 147.0 Canterbury Woods
Vienna Aquatic,Week1,Orange Hunt,Week5,248.0 Vienna Aquatic - 154.0 Orange Hunt
Vienna Aquatic,Week1,North Springfield,Week4,347.0 Vienna Aquatic - 45.0 North Springfield
Villa Aquatic,Week4,Canterbury Woods,Week3,222.0 Villa Aquatic - 180.0 Canterbury Woods
Vienna Aquatic,Week4,Newington Forest,Week5,317.0 Vienna Aquatic - 85.0 Newington Forest
Vienna Aquatic,Week4,Orange Hunt,Week4,272.0 Vienna Aquatic - 125.0 Orange Hunt
Vienna Aquatic,Week5,Hiddenbrook,Week3,332.0 Vienna Aquatic - 70.0 Hiddenbrook
Vienna Woods,Week3,Highland Park,Week4,315.0 Vienna Woods - 87.0 Highland Park
Vienna Aquatic,Week5,Mount Vernon Park,Week5,253.0 Vienna Aquatic - 149.0 Mount Vernon Park
Vienna Woods,Week2,Bren Mar-Edsall Park,Week5,384.0 Vienna Woods - 18.0 Bren Mar-Edsall Park
Vienna Woods,Week4,Poplar Tree,Week5,213.0 Vienna Woods - 189.0 Poplar Tree
Vienna Aquatic,Week5,Hiddenbrook,Week5,327.0 Vienna Aquatic - 75.0 Hiddenbrook
Vienna Aquatic,Week1,High Point Pool,Week1,269.0 Vienna Aquatic - 133.0 High Point Pool
Vienna Aquatic,Week5,High Point Pool,Week5,278.0 Vienna Aquatic - 124.0 High Point Pool
Vienna Woods,Week4,Highland Park,Week5,300.0 Vienna Woods - 102.0 Highland Park
Vienna Woods,Week1,Broyhill Crest,Week2,387.0 Vienna Woods - 15.0 Broyhill Crest
Vienna Woods,Week2,Broyhill Crest,Week1,391.0 Vienna Woods - 11.0 Broyhill Crest
Vienna Woods,Week4,Ravensworth Farm,Week3,266.0 Vienna Woods - 136.0 Ravensworth Farm
Vienna Aquatic,Week1,Newington Forest,Week3,337.0 Vienna Aquatic - 65.0 Newington Forest
Vienna Aquatic,Week4,Orange Hunt,Week5,243.0 Vienna Aquatic - 159.0 Orange Hunt
Villa Aquatic,Week1,Cardinal Hill,Week4,274.0 Cardinal Hill - 128.0 Villa Aquatic
Vienna Aquatic,Week5,Hiddenbrook,Week4,327.0 Vienna Aquatic - 75.0 Hiddenbrook
Villa Aquatic,Week2,Cardinal Hill,Week2,257.0 Cardinal Hill - 145.0 Villa Aquatic
Vienna Woods,Week1,Hollin Hills,Week5,364.0 Vienna Woods - 38.0 Hollin Hills
Vienna Aquatic,Week3,Overlee,Week1,232.0 Overlee - 170.0 Vienna Aquatic
Villa Aquatic,Week1,Cardinal Hill,Week5,276.5 Cardinal Hill - 125.5 Villa Aquatic
Vienna Aquatic,Week3,Newington Forest,Week1,351.0 Vienna Aquatic - 51.0 Newington Forest
Vienna Woods,Week5,Highlands Swim,Week4,223.0 Vienna Woods - 179.0 Highlands Swim
Vienna Woods,Week3,Ravensworth Farm,Week2,313.0 Vienna Woods - 89.0 Ravensworth Farm
Vienna Aquatic,Week3,High Point Pool,Week5,264.0 Vienna Aquatic - 138.0 High Point Pool
Vienna Woods,Week5,Bren Mar-Edsall Park,Week2,391.0 Vienna Woods - 11.0 Bren Mar-Edsall Park
Vienna Woods,Week1,Broyhill Crest,Week5,384.5 Vienna Woods - 17.5 Broyhill Crest
Vienna Aquatic,Week1,Orange Hunt,Week4,272.0 Vienna Aquatic - 130.0 Orange Hunt
Vienna Aquatic,Week4,Orange Hunt,Week1,263.0 Vienna Aquatic - 139.0 Orange Hunt
Vienna Aquatic,Week4,High Point Pool,Week5,240.0 Vienna Aquatic - 162.0 High Point Pool
Vienna Aquatic,Week5,Hiddenbrook,Week2,357.0 Vienna Aquatic - 45.0 Hiddenbrook
Vienna Woods,Week5,Poplar Tree,Week5,269.0 Vienna Woods - 133.0 Poplar Tree
Vienna Aquatic,Week5,Mount Vernon Park,Week4,280.0 Vienna Aquatic - 122.0 Mount Vernon Park
Vienna Aquatic,Week2,Newington Forest,Week1,341.0 Vienna Aquatic - 61.0 Newington Forest
Vienna Aquatic,Week5,Orange Hunt,Week5,277.0 Vienna Aquatic - 125.0 Orange Hunt
Vienna Woods,Week1,Highlands Swim,Week5,229.5 Highlands Swim - 167.5 Vienna Woods
Vienna Aquatic,Week3,Newington Forest,Week3,342.0 Vienna Aquatic - 60.0 Newington Forest
Vienna Woods,Week3,Ravensworth Farm,Week1,306.0 Vienna Woods - 96.0 Ravensworth Farm
Vienna Aquatic,Week5,Orange Hunt,Week2,297.0 Vienna Aquatic - 105.0 Orange Hunt
Vienna Woods,Week2,Broyhill Crest,Week2,393.5 Vienna Woods - 8.5 Broyhill Crest
Vienna Aquatic,Week3,Newington Forest,Week2,352.0 Vienna Aquatic - 50.0 Newington Forest
Villa Aquatic,Week1,Cardinal Hill,Week3,310.5 Cardinal Hill - 91.5 Villa Aquatic
Vienna Woods,Week2,Hollin Hills,Week3,364.0 Vienna Woods - 38.0 Hollin Hills
Vienna Woods,Week4,Bren Mar-Edsall Park,Week2,383.0 Vienna Woods - 14.0 Bren Mar-Edsall Park
Vienna Aquatic,Week1,Highland Park,Week2,276.0 Vienna Aquatic - 126.0 Highland Park
Villa Aquatic,Week2,Cardinal Hill,Week1,297.0 Cardinal Hill - 105.0 Villa Aquatic
Vienna Aquatic,Week5,High Point Pool,Week2,270.0 Vienna Aquatic - 132.0 High Point Pool
Villa Aquatic,Week4,Cardinal Hill,Week2,248.0 Cardinal Hill - 154.0 Villa Aquatic
Vienna Woods,Week3,Hollin Hills,Week2,365.0 Vienna Woods - 37.0 Hollin Hills
Vienna Woods,Week5,Ravensworth Farm,Week1,320.0 Vienna Woods - 82.0 Ravensworth Farm
Vienna Woods,Week2,Ravensworth Farm,Week1,287.0 Vienna Woods - 115.0 Ravensworth Farm
Villa Aquatic,Week2,Cardinal Hill,Week3,294.0 Cardinal Hill - 108.0 Villa Aquatic
Villa Aquatic,Week5,Cardinal Hill,Week5,247.0 Cardinal Hill - 155.0 Villa Aquatic
Villa Aquatic,Week2,Cardinal Hill,Week4,276.0 Cardinal Hill - 126.0 Villa Aquatic
Vienna Aquatic,Week1,Highland Park,Week4,258.0 Vienna Aquatic - 144.0 Highland Park
Vienna Aquatic,Week4,Newington Forest,Week4,331.5 Vienna Aquatic - 65.5 Newington Forest
Vienna Aquatic,Week3,Overlee,Week3,244.0 Overlee - 158.0 Vienna Aquatic
Vienna Woods,Week5,Ravensworth Farm,Week2,337.0 Vienna Woods - 65.0 Ravensworth Farm
Vienna Woods,Week2,Broyhill Crest,Week3,393.0 Vienna Woods - 8.0 Broyhill Crest
Vienna Woods,Week4,Ravensworth Farm,Week4,269.0 Vienna Woods - 133.0 Ravensworth Farm
Vienna Woods,Week5,Highlands Swim,Week1,222.0 Vienna Woods - 180.0 Highlands Swim
Vienna Aquatic,Week2,High Point Pool,Week3,258.0 Vienna Aquatic - 144.0 High Point Pool
Vienna Aquatic,Week2,Orange Hunt,Week4,267.0 Vienna Aquatic - 135.0 Orange Hunt
Vienna Aquatic,Week1,Newington Forest,Week5,320.0 Vienna Aquatic - 82.0 Newington Forest
Villa Aquatic,Week5,Cardinal Hill,Week3,282.0 Cardinal Hill - 120.0 Villa Aquatic
Vienna Woods,Week1,Ravensworth Farm,Week3,279.0 Vienna Woods - 123.0 Ravensworth Farm
Vienna Woods,Week4,Broyhill Crest,Week1,386.0 Vienna Woods - 16.0 Broyhill Crest
Vienna Aquatic,Week4,Mount Vernon Park,Week5,214.0 Vienna Aquatic - 188.0 Mount Vernon Park
Vienna Woods,Week2,Ravensworth Farm,Week5,262.0 Vienna Woods - 140.0 Ravensworth Farm
Vienna Aquatic,Week4,Orange Hunt,Week3,266.0 Vienna Aquatic - 136.0 Orange Hunt
Vienna Woods,Week3,Brookfield ,Week4,311.0 Vienna Woods - 91.0 Brookfield
Vienna Woods,Week4,Hollin Hills,Week3,358.5 Vienna Woods - 43.5 Hollin Hills
Vienna Aquatic,Week2,Highland Park,Week1,251.0 Vienna Aquatic - 151.0 Highland Park
Vienna Woods,Week2,Hollin Hills,Week4,362.0 Vienna Woods - 39.0 Hollin Hills
Vienna Aquatic,Week3,Orange Hunt,Week3,272.0 Vienna Aquatic - 130.0 Orange Hunt
Vienna Aquatic,Week5,Mount Vernon Park,Week1,270.0 Vienna Aquatic - 132.0 Mount Vernon Park
Vienna Woods,Week3,Brookfield ,Week1,301.0 Vienna Woods - 101.0 Brookfield
Vienna Woods,Week3,Brookfield ,Week2,316.0 Vienna Woods - 86.0 Brookfield
Villa Aquatic,Week2,Chesterbrook,Week4,348.0 Chesterbrook - 54.0 Villa Aquatic
Vienna Woods,Week5,Hollin Hills,Week2,369.5 Vienna Woods - 32.5 Hollin Hills
Vienna Woods,Week5,Highlands Swim,Week3,213.5 Vienna Woods - 188.5 Highlands Swim
Vienna Woods,Week3,Ravensworth Farm,Week3,299.0 Vienna Woods - 103.0 Ravensworth Farm
Vienna Aquatic,Week2,High Point Pool,Week1,260.0 Vienna Aquatic - 142.0 High Point Pool
Vienna Woods,Week4,Highlands Swim,Week1,220.5 Highlands Swim - 181.5 Vienna Woods
Vienna Aquatic,Week1,Orange Hunt,Week3,260.0 Vienna Aquatic - 142.0 Orange Hunt
Vienna Aquatic,Week4,Mount Vernon Park,Week4,252.0 Vienna Aquatic - 150.0 Mount Vernon Park
Vienna Aquatic,Week2,Orange Hunt,Week2,259.0 Vienna Aquatic - 143.0 Orange Hunt
Vienna Aquatic,Week5,Mount Vernon Park,Week2,276.0 Vienna Aquatic - 126.0 Mount Vernon Park
Vienna Woods,Week4,Ravensworth Farm,Week2,300.0 Vienna Woods - 102.0 Ravensworth Farm
Villa Aquatic,Week3,Chesterbrook,Week1,328.0 Chesterbrook - 74.0 Villa Aquatic
Vienna Woods,Week4,Brookfield ,Week4,285.0 Vienna Woods - 117.0 Brookfield
Vienna Aquatic,Week2,Highland Park,Week4,256.0 Vienna Aquatic - 146.0 Highland Park
Vienna Aquatic,Week2,High Point Pool,Week2,231.0 Vienna Aquatic - 171.0 High Point Pool
Vienna Aquatic,Week1,Orange Hunt,Week1,271.0 Vienna Aquatic - 131.0 Orange Hunt
Vienna Woods,Week5,Ravensworth Farm,Week3,310.0 Vienna Woods - 92.0 Ravensworth Farm
Vienna Aquatic,Week4,Orange Hunt,Week2,271.0 Vienna Aquatic - 131.0 Orange Hunt
Vienna Aquatic,Week1,Newington Forest,Week4,331.0 Vienna Aquatic - 71.0 Newington Forest
Vienna Woods,Week2,Broyhill Crest,Week4,389.0 Vienna Woods - 13.0 Broyhill Crest
Vienna Woods,Week4,Highlands Swim,Week4,233.0 Highlands Swim - 169.0 Vienna Woods
Vienna Aquatic,Week5,Mount Vernon Park,Week3,266.0 Vienna Aquatic - 136.0 Mount Vernon Park
Villa Aquatic,Week3,Chesterbrook,Week2,330.0 Chesterbrook - 72.0 Villa Aquatic
Vienna Woods,Week2,Ravensworth Farm,Week2,306.0 Vienna Woods - 96.0 Ravensworth Farm
Vienna Woods,Week5,Brookfield ,Week2,331.0 Vienna Woods - 71.0 Brookfield
Vienna Aquatic,Week4,High Point Pool,Week3,253.0 Vienna Aquatic - 149.0 High Point Pool
Villa Aquatic,Week3,Chesterbrook,Week5,346.0 Chesterbrook - 56.0 Villa Aquatic
Vienna Woods,Week3,Highlands Swim,Week5,233.0 Highlands Swim - 169.0 Vienna Woods
Vienna Aquatic,Week1,High Point Pool,Week2,232.0 Vienna Aquatic - 170.0 High Point Pool
Vienna Woods,Week4,Ravensworth Farm,Week1,268.0 Vienna Woods - 134.0 Ravensworth Farm
Vienna Woods,Week4,Hollin Hills,Week1,359.0 Vienna Woods - 43.0 Hollin Hills
Vienna Woods,Week3,Hollin Hills,Week5,366.0 Vienna Woods - 36.0 Hollin Hills
Vienna Woods,Week1,Hollin Hills,Week2,358.0 Vienna Woods - 43.0 Hollin Hills
Vienna Aquatic,Week2,Newington Forest,Week2,348.0 Vienna Aquatic - 54.0 Newington Forest
Vienna Woods,Week3,Ravensworth Farm,Week4,301.0 Vienna Woods - 101.0 Ravensworth Farm
Vienna Aquatic,Week2,Newington Forest,Week3,337.0 Vienna Aquatic - 65.0 Newington Forest
Vienna Aquatic,Week2,High Point Pool,Week5,251.0 Vienna Aquatic - 151.0 High Point Pool
Vienna Aquatic,Week1,Newington Forest,Week1,347.0 Vienna Aquatic - 55.0 Newington Forest
Vienna Aquatic,Week3,High Point Pool,Week1,265.0 Vienna Aquatic - 137.0 High Point Pool
Villa Aquatic,Week3,Chesterbrook,Week3,344.0 Chesterbrook - 58.0 Villa Aquatic
Vienna Woods,Week5,Ravensworth Farm,Week4,316.0 Vienna Woods - 86.0 Ravensworth Farm
Vienna Woods,Week5,Ravensworth Farm,Week5,307.0 Vienna Woods - 95.0 Ravensworth Farm
Vienna Aquatic,Week3,Orange Hunt,Week4,289.0 Vienna Aquatic - 113.0 Orange Hunt
Vienna Woods,Week5,Highlands Swim,Week5,202.0 Vienna Woods - 200.0 Highlands Swim
Vienna Aquatic,Week2,Orange Hunt,Week1,270.0 Vienna Aquatic - 132.0 Orange Hunt
Vienna Aquatic,Week2,Orange Hunt,Week5,249.0 Vienna Aquatic - 153.0 Orange Hunt
Vienna Aquatic,Week1,Orange Hunt,Week2,264.0 Vienna Aquatic - 138.0 Orange Hunt
Villa Aquatic,Week1,Chesterbrook,Week3,362.0 Chesterbrook - 40.0 Villa Aquatic
Vienna Aquatic,Week3,Newington Forest,Week5,325.0 Vienna Aquatic - 77.0 Newington Forest
Vienna Woods,Week5,Brookfield ,Week4,323.0 Vienna Woods - 79.0 Brookfield
Vienna Woods,Week4,Brookfield ,Week1,283.0 Vienna Woods - 119.0 Brookfield
Vienna Aquatic,Week5,Newington Forest,Week1,359.0 Vienna Aquatic - 42.0 Newington Forest
Vienna Woods,Week4,Brookfield ,Week2,294.0 Vienna Woods - 108.0 Brookfield
Vienna Aquatic,Week5,Hiddenbrook,Week1,328.0 Vienna Aquatic - 74.0 Hiddenbrook
Vienna Woods,Week4,Brookfield ,Week5,296.0 Vienna Woods - 106.0 Brookfield
Vienna Woods,Week3,Broyhill Crest,Week1,397.0 Vienna Woods - 5.0 Broyhill Crest
Villa Aquatic,Week4,Cardinal Hill,Week3,293.0 Cardinal Hill - 109.0 Villa Aquatic
Vienna Aquatic,Week2,Orange Hunt,Week3,244.0 Vienna Aquatic - 158.0 Orange Hunt
Vienna Woods,Week1,Broyhill Crest,Week3,386.0 Vienna Woods - 16.0 Broyhill Crest
Vienna Aquatic,Week3,High Point Pool,Week4,258.0 Vienna Aquatic - 144.0 High Point Pool
Vienna Aquatic,Week3,Orange Hunt,Week1,297.0 Vienna Aquatic - 105.0 Orange Hunt
Vienna Woods,Week4,Highlands Swim,Week5,239.0 Highlands Swim - 163.0 Vienna Woods
Villa Aquatic,Week3,Cardinal Hill,Week4,233.0 Cardinal Hill - 169.0 Villa Aquatic
Vienna Aquatic,Week4,High Point Pool,Week2,231.0 Vienna Aquatic - 171.0 High Point Pool
Vienna Woods,Week1,Hollin Hills,Week4,364.5 Vienna Woods - 36.5 Hollin Hills
Vienna Aquatic,Week4,Newington Forest,Week1,349.0 Vienna Aquatic - 53.0 Newington Forest
Villa Aquatic,Week3,Cardinal Hill,Week2,215.0 Cardinal Hill - 187.0 Villa Aquatic
Vienna Aquatic,Week2,High Point Pool,Week4,246.0 Vienna Aquatic - 156.0 High Point Pool
Vienna Woods,Week2,Ravensworth Farm,Week4,274.0 Vienna Woods - 128.0 Ravensworth Farm
Vienna Woods,Week4,Ravensworth Farm,Week5,252.0 Vienna Woods - 150.0 Ravensworth Farm
Vienna Woods,Week5,Highlands Swim,Week2,204.0 Highlands Swim - 198.0 Vienna Woods
Vienna Woods,Week1,Ravensworth Farm,Week4,277.0 Vienna Woods - 125.0 Ravensworth Farm
Vienna Woods,Week1,Ravensworth Farm,Week2,303.0 Vienna Woods - 99.0 Ravensworth Farm
Vienna Aquatic,Week3,Orange Hunt,Week2,285.0 Vienna Aquatic - 117.0 Orange Hunt
Vienna Woods,Week5,Brookfield ,Week5,328.0 Vienna Woods - 74.0 Brookfield
Vienna Aquatic,Week4,Hiddenbrook,Week5,292.0 Vienna Aquatic - 110.0 Hiddenbrook
Villa Aquatic,Week5,Chesterbrook,Week4,341.0 Chesterbrook - 61.0 Villa Aquatic
Vienna Aquatic,Week1,North Springfield,Week1,331.0 Vienna Aquatic - 19.0 North Springfield
Vienna Aquatic,Week5,Newington Forest,Week2,363.0 Vienna Aquatic - 38.0 Newington Forest
Vienna Aquatic,Week1,North Springfield,Week2,353.0 Vienna Aquatic - 35.0 North Springfield
Vienna Woods,Week5,Brookfield ,Week1,322.0 Vienna Woods - 80.0 Brookfield
Vienna Aquatic,Week1,High Point Pool,Week3,266.0 Vienna Aquatic - 136.0 High Point Pool
Vienna Aquatic,Week1,Overlee,Week1,239.0 Overlee - 163.0 Vienna Aquatic
Vienna Woods,Week1,Ravensworth Farm,Week5,267.0 Vienna Woods - 135.0 Ravensworth Farm
Vienna Woods,Week4,Highlands Swim,Week3,236.0 Highlands Swim - 166.0 Vienna Woods
Villa Aquatic,Week2,Chesterbrook,Week2,350.0 Chesterbrook - 52.0 Villa Aquatic
Vienna Woods,Week3,Highlands Swim,Week4,212.5 Highlands Swim - 189.5 Vienna Woods
Vienna Aquatic,Week3,Orange Hunt,Week5,267.0 Vienna Aquatic - 135.0 Orange Hunt
Villa Aquatic,Week4,Cardinal Hill,Week4,256.0 Cardinal Hill - 146.0 Villa Aquatic
Villa Aquatic,Week1,Chesterbrook,Week2,347.0 Chesterbrook - 55.0 Villa Aquatic
Villa Aquatic,Week1,Chesterbrook,Week1,343.0 Chesterbrook - 59.0 Villa Aquatic
Vienna Aquatic,Week5,Newington Forest,Week4,350.0 Vienna Aquatic - 52.0 Newington Forest
Vienna Woods,Week1,Riverside Gardens,Week1,270.0 Vienna Woods - 132.0 Riverside Gardens
Vienna Aquatic,Week3,High Point Pool,Week3,272.0 Vienna Aquatic - 130.0 High Point Pool
Vienna Woods,Week2,Broyhill Crest,Week5,383.0 Vienna Woods - 18.0 Broyhill Crest
Vienna Woods,Week4,Hollin Hills,Week2,360.0 Vienna Woods - 42.0 Hollin Hills
Vienna Woods,Week1,Riverside Gardens,Week5,239.0 Vienna Woods - 163.0 Riverside Gardens
Villa Aquatic,Week5,Cardinal Hill,Week1,250.0 Cardinal Hill - 152.0 Villa Aquatic
Vienna Aquatic,Week1,Overlee,Week2,267.0 Overlee - 135.0 Vienna Aquatic
Vienna Woods,Week2,Brookfield ,Week5,302.0 Vienna Woods - 100.0 Brookfield
Vienna Aquatic,Week4,High Point Pool,Week1,242.0 Vienna Aquatic - 160.0 High Point Pool
Vienna Woods,Week4,Brookfield ,Week3,311.0 Vienna Woods - 91.0 Brookfield
Vienna Aquatic,Week3,High Point Pool,Week2,246.0 Vienna Aquatic - 156.0 High Point Pool
Villa Aquatic,Week2,Cardinal Hill,Week5,254.0 Cardinal Hill - 148.0 Villa Aquatic
Vienna Aquatic,Week1,Overlee,Week3,245.0 Overlee - 157.0 Vienna Aquatic
Vienna Aquatic,Week1,North Springfield,Week3,351.0 Vienna Aquatic - 46.0 North Springfield
Vienna Aquatic,Week2,Overlee,Week1,239.0 Overlee - 163.0 Vienna Aquatic
Vienna Woods,Week3,Brookfield ,Week3,329.0 Vienna Woods - 73.0 Brookfield
Vienna Woods,Week2,Ravensworth Farm,Week3,284.0 Vienna Woods - 117.0 Ravensworth Farm
Vienna Woods,Week4,Highlands Swim,Week2,245.0 Highlands Swim - 157.0 Vienna Woods
Vienna Woods,Week5,Brookfield ,Week3,337.0 Vienna Woods - 65.0 Brookfield
Villa Aquatic,Week3,Cardinal Hill,Week1,234.0 Cardinal Hill - 168.0 Villa Aquatic
Vienna Aquatic,Week1,High Point Pool,Week4,225.0 Vienna Aquatic - 177.0 High Point Pool
Vienna Aquatic,Week1,Overlee,Week4,313.0 Overlee - 89.0 Vienna Aquatic
Villa Aquatic,Week4,Cardinal Hill,Week5,256.0 Cardinal Hill - 146.0 Villa Aquatic
Vienna Aquatic,Week4,North Springfield,Week2,344.0 Vienna Aquatic - 44.0 North Springfield
Vienna Woods,Week2,Hollin Hills,Week1,361.0 Vienna Woods - 41.0 Hollin Hills
Vienna Woods,Week3,Ravensworth Farm,Week5,283.0 Vienna Woods - 119.0 Ravensworth Farm
Villa Aquatic,Week3,Cardinal Hill,Week3,258.0 Cardinal Hill - 144.0 Villa Aquatic
Vienna Woods,Week1,Hollin Hills,Week3,361.0 Vienna Woods - 41.0 Hollin Hills
Vienna Aquatic,Week4,North Springfield,Week4,358.0 Vienna Aquatic - 34.0 North Springfield
Vienna Woods,Week2,Hollin Hills,Week2,361.0 Vienna Woods - 41.0 Hollin Hills
Vienna Aquatic,Week1,Overlee,Week5,294.0 Overlee - 108.0 Vienna Aquatic
Vienna Woods,Week4,Riverside Gardens,Week2,261.0 Vienna Woods - 141.0 Riverside Gardens
Vienna Woods,Week3,Brookfield ,Week5,322.0 Vienna Woods - 80.0 Brookfield
Vienna Aquatic,Week1,Oakton ,Week1,218.0 Vienna Aquatic - 184.0 Oakton
Vienna Aquatic,Week1,High Point Pool,Week5,237.0 Vienna Aquatic - 165.0 High Point Pool
Villa Aquatic,Week2,Chesterbrook,Week1,342.0 Chesterbrook - 60.0 Villa Aquatic
Vienna Aquatic,Week2,Overlee,Week2,260.0 Overlee - 142.0 Vienna Aquatic
Vienna Aquatic,Week4,High Point Pool,Week4,237.5 Vienna Aquatic - 164.5 High Point Pool
Villa Aquatic,Week5,Cardinal Hill,Week2,232.0 Cardinal Hill - 170.0 Villa Aquatic
Vienna Woods,Week3,Broyhill Crest,Week2,397.0 Vienna Woods - 5.0 Broyhill Crest
Vienna Woods,Week3,Hollin Hills,Week1,369.0 Vienna Woods - 33.0 Hollin Hills
Villa Aquatic,Week3,Cardinal Hill,Week5,225.0 Cardinal Hill - 177.0 Villa Aquatic
Villa Aquatic,Week4,Cardinal Hill,Week1,266.0 Cardinal Hill - 136.0 Villa Aquatic
Vienna Aquatic,Week5,High Point Pool,Week1,281.0 Vienna Aquatic - 121.0 High Point Pool
Vienna Woods,Week5,Riverside Gardens,Week1,307.0 Vienna Woods - 95.0 Riverside Gardens
Vienna Aquatic,Week3,North Springfield,Week4,360.0 Vienna Aquatic - 31.0 North Springfield
Vienna Woods,Week1,Broyhill Crest,Week4,381.0 Vienna Woods - 21.0 Broyhill Crest
Vienna Aquatic,Week2,Overlee,Week3,243.0 Overlee - 159.0 Vienna Aquatic
Vienna Aquatic,Week5,High Point Pool,Week3,284.0 Vienna Aquatic - 118.0 High Point Pool
Vienna Aquatic,Week2,Overlee,Week4,299.0 Overlee - 103.0 Vienna Aquatic
Vienna Woods,Week1,Broyhill Crest,Week1,384.0 Vienna Woods - 8.0 Broyhill Crest
Vienna Aquatic,Week1,Oakton ,Week4,214.0 Vienna Aquatic - 188.0 Oakton
Vienna Woods,Week1,Rolling Forest,Week3,303.0 Vienna Woods - 99.0 Rolling Forest
Vienna Woods,Week2,Rolling Forest,Week2,309.5 Vienna Woods - 92.5 Rolling Forest
Vienna Aquatic,Week1,Highland Park,Week1,252.5 Vienna Aquatic - 149.5 Highland Park
Vienna Aquatic,Week1,Oakton ,Week2,216.0 Vienna Aquatic - 186.0 Oakton
Vienna Aquatic,Week1,Oakton ,Week5,206.0 Vienna Aquatic - 196.0 Oakton
Vienna Woods,Week1,Hollin Hills,Week1,359.0 Vienna Woods - 37.0 Hollin Hills
Vienna Woods,Week3,Hollin Hills,Week3,367.0 Vienna Woods - 35.0 Hollin Hills
Vienna Woods,Week2,Hollin Hills,Week5,357.0 Vienna Woods - 45.0 Hollin Hills
Vienna Aquatic,Week5,High Point Pool,Week4,274.0 Vienna Aquatic - 128.0 High Point Pool
Villa Aquatic,Week1,Chesterbrook,Week4,349.0 Chesterbrook - 53.0 Villa Aquatic
Vienna Aquatic,Week3,Overlee,Week2,260.0 Overlee - 142.0 Vienna Aquatic
Vienna Woods,Week4,Hollin Hills,Week5,355.0 Vienna Woods - 42.0 Hollin Hills
Vienna Woods,Week3,Broyhill Crest,Week4,396.0 Vienna Woods - 6.0 Broyhill Crest
Vienna Woods,Week3,Riverside Gardens,Week1,270.0 Vienna Woods - 132.0 Riverside Gardens
Vienna Aquatic,Week5,North Springfield,Week3,368.0 Vienna Aquatic - 29.0 North Springfield
Vienna Woods,Week4,Hollin Hills,Week4,361.0 Vienna Woods - 41.0 Hollin Hills
Vienna Woods,Week3,Broyhill Crest,Week3,398.0 Vienna Woods - 4.0 Broyhill Crest
Vienna Woods,Week1,Riverside Gardens,Week2,276.0 Vienna Woods - 126.0 Riverside Gardens
Vienna Woods,Week1,Rolling Forest,Week5,288.0 Vienna Woods - 114.0 Rolling Forest
Vienna Aquatic,Week1,Highland Park,Week3,273.0 Vienna Aquatic - 129.0 Highland Park
Vienna Aquatic,Week2,North Springfield,Week1,324.0 Vienna Aquatic - 27.0 North Springfield
Vienna Aquatic,Week2,Overlee,Week5,292.5 Overlee - 109.5 Vienna Aquatic
Vienna Aquatic,Week4,Overlee,Week2,256.0 Overlee - 146.0 Vienna Aquatic
Villa Aquatic,Week5,Cardinal Hill,Week4,239.0 Cardinal Hill - 163.0 Villa Aquatic
Vienna Woods,Week3,Broyhill Crest,Week5,396.0 Vienna Woods - 6.0 Broyhill Crest
Vienna Aquatic,Week2,North Springfield,Week4,359.0 Vienna Aquatic - 33.0 North Springfield
Vienna Woods,Week5,Riverside Gardens,Week3,280.0 Vienna Woods - 122.0 Riverside Gardens
Vienna Aquatic,Week5,Overlee,Week2,219.0 Overlee - 183.0 Vienna Aquatic
Vienna Woods,Week4,Burke Station,Week2,360.0 Vienna Woods - 36.0 Burke Station
Villa Aquatic,Week1,Chesterbrook,Week5,357.5 Chesterbrook - 44.5 Villa Aquatic
Vienna Aquatic,Week3,Highland Park,Week3,289.0 Vienna Aquatic - 113.0 Highland Park
Vienna Aquatic,Week4,North Springfield,Week1,321.0 Vienna Aquatic - 30.0 North Springfield
Vienna Woods,Week3,Rolling Forest,Week3,314.0 Vienna Woods - 88.0 Rolling Forest
Vienna Aquatic,Week2,Highland Park,Week3,276.0 Vienna Aquatic - 126.0 Highland Park
Villa Aquatic,Week2,Chesterbrook,Week5,354.0 Chesterbrook - 48.0 Villa Aquatic
Vienna Woods,Week1,Riverside Gardens,Week4,254.0 Vienna Woods - 148.0 Riverside Gardens
Vienna Woods,Week4,Hollin Meadows,Week5,281.0 Vienna Woods - 121.0 Hollin Meadows
Vienna Woods,Week5,Hollin Hills,Week1,368.0 Vienna Woods - 34.0 Hollin Hills
Villa Aquatic,Week2,Chesterbrook,Week3,355.0 Chesterbrook - 47.0 Villa Aquatic
Vienna Woods,Week3,Burke Station,Week2,375.0 Vienna Woods - 26.0 Burke Station
Vienna Aquatic,Week2,Highland Park,Week2,274.0 Vienna Aquatic - 128.0 Highland Park
Vienna Aquatic,Week1,Parklawn,Week4,307.0 Vienna Aquatic - 95.0 Parklawn
Vienna Aquatic,Week5,Overlee,Week4,259.5 Overlee - 142.5 Vienna Aquatic
Vienna Woods,Week3,Burke Station,Week4,360.0 Vienna Woods - 42.0 Burke Station
Vienna Woods,Week2,Burke Station,Week2,369.0 Vienna Woods - 29.0 Burke Station
Vienna Aquatic,Week1,Highland Park,Week5,266.0 Vienna Aquatic - 136.0 Highland Park
Vienna Aquatic,Week3,North Springfield,Week2,352.0 Vienna Aquatic - 36.0 North Springfield
Vienna Woods,Week2,Rolling Forest,Week5,276.0 Vienna Woods - 126.0 Rolling Forest
Vienna Woods,Week3,Hollin Hills,Week4,371.5 Vienna Woods - 30.5 Hollin Hills
Vienna Aquatic,Week2,North Springfield,Week3,348.0 Vienna Aquatic - 49.0 North Springfield
Vienna Aquatic,Week5,Dowden Terrace,Week4,295.0 Vienna Aquatic - 107.0 Dowden Terrace
Vienna Woods,Week5,Hollin Meadows,Week4,315.0 Vienna Woods - 87.0 Hollin Meadows
Vienna Aquatic,Week4,North Springfield,Week5,323.0 Vienna Aquatic - 51.0 North Springfield
Villa Aquatic,Week4,Chesterbrook,Week1,336.0 Chesterbrook - 66.0 Villa Aquatic
Vienna Aquatic,Week1,Parklawn,Week5,300.0 Vienna Aquatic - 102.0 Parklawn
Vienna Aquatic,Week2,Parklawn,Week3,331.0 Vienna Aquatic - 71.0 Parklawn
Vienna Woods,Week1,Holmes Run Acres,Week1,303.0 Vienna Woods - 99.0 Holmes Run Acres
Vienna Woods,Week2,Riverside Gardens,Week1,264.0 Vienna Woods - 138.0 Riverside Gardens
Vienna Woods,Week5,Burke Station,Week2,376.0 Vienna Woods - 25.0 Burke Station
Vienna Aquatic,Week4,Highland Park,Week1,260.0 Vienna Aquatic - 142.0 Highland Park
Vienna Woods,Week2,Riverside Gardens,Week4,250.0 Vienna Woods - 152.0 Riverside Gardens
Villa Aquatic,Week3,Chesterbrook,Week4,332.0 Chesterbrook - 70.0 Villa Aquatic
Vienna Aquatic,Week4,North Springfield,Week3,343.0 Vienna Aquatic - 54.0 North Springfield
Vienna Aquatic,Week2,Parklawn,Week2,315.0 Vienna Aquatic - 87.0 Parklawn
Vienna Aquatic,Week4,Highland Park,Week4,277.0 Vienna Aquatic - 125.0 Highland Park
Vienna Aquatic,Week4,Highland Park,Week2,277.5 Vienna Aquatic - 124.5 Highland Park
Vienna Woods,Week4,Riverside Gardens,Week1,244.0 Vienna Woods - 158.0 Riverside Gardens
Vienna Woods,Week3,Burke Station,Week1,324.0 Vienna Woods - 54.0 Burke Station
Vienna Woods,Week3,Riverside Gardens,Week4,259.0 Vienna Woods - 143.0 Riverside Gardens
Vienna Woods,Week2,Hollin Meadows,Week3,300.0 Vienna Woods - 102.0 Hollin Meadows
Vienna Aquatic,Week1,Parklawn,Week2,313.0 Vienna Aquatic - 89.0 Parklawn
Vienna Aquatic,Week5,North Springfield,Week2,361.0 Vienna Aquatic - 27.0 North Springfield
Vienna Aquatic,Week3,Parklawn,Week1,338.0 Vienna Aquatic - 55.0 Parklawn
Villa Aquatic,Week4,Chesterbrook,Week3,360.0 Chesterbrook - 42.0 Villa Aquatic
Vienna Woods,Week4,Burke Station,Week5,321.0 Vienna Woods - 76.0 Burke Station
Vienna Woods,Week1,Hollin Meadows,Week3,304.5 Vienna Woods - 97.5 Hollin Meadows
Vienna Aquatic,Week2,Oakton ,Week1,221.0 Vienna Aquatic - 181.0 Oakton
Villa Aquatic,Week4,Chesterbrook,Week2,352.0 Chesterbrook - 50.0 Villa Aquatic
Villa Aquatic,Week4,Chesterbrook,Week4,350.0 Chesterbrook - 52.0 Villa Aquatic
Vienna Woods,Week4,Hollin Meadows,Week2,307.0 Vienna Woods - 95.0 Hollin Meadows
Vienna Woods,Week5,Burke Station,Week3,368.0 Vienna Woods - 29.0 Burke Station
Vienna Aquatic,Week5,Highland Park,Week2,311.0 Vienna Aquatic - 91.0 Highland Park
Vienna Aquatic,Week3,North Springfield,Week1,329.0 Vienna Aquatic - 22.0 North Springfield
Vienna Aquatic,Week5,Highland Park,Week3,298.0 Vienna Aquatic - 104.0 Highland Park
Vienna Aquatic,Week4,Highland Park,Week5,271.0 Vienna Aquatic - 131.0 Highland Park
Vienna Woods,Week2,Burke Station,Week3,344.0 Vienna Woods - 52.0 Burke Station
Villa Aquatic,Week2,Commonwealth,Week5,229.0 Villa Aquatic - 173.0 Commonwealth
Vienna Woods,Week2,Riverside Gardens,Week5,240.5 Vienna Woods - 161.5 Riverside Gardens
Vienna Aquatic,Week4,Overlee,Week3,255.0 Overlee - 147.0 Vienna Aquatic
Villa Aquatic,Week1,Commonwealth,Week2,206.5 Villa Aquatic - 195.5 Commonwealth
Vienna Aquatic,Week3,Overlee,Week4,309.0 Overlee - 93.0 Vienna Aquatic
Villa Aquatic,Week5,Chesterbrook,Week3,355.0 Chesterbrook - 47.0 Villa Aquatic
Vienna Woods,Week5,Broyhill Crest,Week5,390.0 Vienna Woods - 12.0 Broyhill Crest
Vienna Woods,Week5,Hollin Hills,Week4,376.5 Vienna Woods - 24.5 Hollin Hills
Vienna Woods,Week2,Riverside Gardens,Week2,280.0 Vienna Woods - 122.0 Riverside Gardens
Vienna Woods,Week4,Hollin Meadows,Week3,278.0 Vienna Woods - 124.0 Hollin Meadows
Vienna Aquatic,Week1,Parklawn,Week1,333.0 Vienna Aquatic - 60.0 Parklawn
Vienna Aquatic,Week3,North Springfield,Week5,326.5 Vienna Aquatic - 47.5 North Springfield
Vienna Woods,Week4,Broyhill Crest,Week5,382.0 Vienna Woods - 20.0 Broyhill Crest
Vienna Woods,Week5,Riverside Gardens,Week2,309.0 Vienna Woods - 93.0 Riverside Gardens
Vienna Aquatic,Week1,Highlands Swim,Week2,224.0 Highlands Swim - 178.0 Vienna Aquatic
Vienna Aquatic,Week4,Overlee,Week4,303.0 Overlee - 99.0 Vienna Aquatic
Villa Aquatic,Week2,Commonwealth,Week2,217.0 Villa Aquatic - 185.0 Commonwealth
Vienna Woods,Week2,Hollin Meadows,Week4,287.5 Vienna Woods - 114.5 Hollin Meadows
Vienna Woods,Week3,Riverside Gardens,Week5,237.0 Vienna Woods - 165.0 Riverside Gardens
Vienna Aquatic,Week3,North Springfield,Week3,353.0 Vienna Aquatic - 44.0 North Springfield
Vienna Aquatic,Week2,Parklawn,Week5,295.0 Vienna Aquatic - 107.0 Parklawn
Vienna Woods,Week4,Burke Station,Week4,347.0 Vienna Woods - 50.0 Burke Station
Vienna Woods,Week4,Riverside Gardens,Week3,238.0 Vienna Woods - 164.0 Riverside Gardens
Vienna Aquatic,Week2,North Springfield,Week5,328.0 Vienna Aquatic - 46.0 North Springfield
Vienna Woods,Week3,Hollin Meadows,Week2,320.0 Vienna Woods - 82.0 Hollin Meadows
Vienna Aquatic,Week2,Oakton ,Week2,204.0 Oakton - 198.0 Vienna Aquatic
Vienna Aquatic,Week5,Highland Park,Week4,298.0 Vienna Aquatic - 104.0 Highland Park
Villa Aquatic,Week5,Chesterbrook,Week2,342.0 Chesterbrook - 60.0 Villa Aquatic
Vienna Aquatic,Week3,Highland Park,Week2,294.0 Vienna Aquatic - 108.0 Highland Park
Villa Aquatic,Week5,Chesterbrook,Week1,326.5 Chesterbrook - 75.5 Villa Aquatic
Vienna Aquatic,Week5,Highland Park,Week1,281.0 Vienna Aquatic - 121.0 Highland Park
Vienna Woods,Week2,Burke Station,Week4,352.0 Vienna Woods - 50.0 Burke Station
Vienna Woods,Week1,Rolling Forest,Week1,309.0 Vienna Woods - 93.0 Rolling Forest
Vienna Woods,Week5,Hollin Meadows,Week1,305.0 Vienna Woods - 97.0 Hollin Meadows
Vienna Woods,Week2,Hollin Meadows,Week2,310.0 Vienna Woods - 92.0 Hollin Meadows
Vienna Aquatic,Week2,North Springfield,Week2,344.0 Vienna Aquatic - 44.0 North Springfield
Vienna Woods,Week5,Broyhill Crest,Week4,393.0 Vienna Woods - 9.0 Broyhill Crest
Vienna Aquatic,Week1,Highlands Swim,Week3,206.0 Highlands Swim - 196.0 Vienna Aquatic
Vienna Aquatic,Week5,Overlee,Week5,239.0 Overlee - 163.0 Vienna Aquatic
Vienna Woods,Week5,Hollin Meadows,Week3,317.0 Vienna Woods - 85.0 Hollin Meadows
Vienna Woods,Week4,Burke Station,Week1,307.0 Vienna Woods - 71.0 Burke Station
Vienna Woods,Week1,Burke Station,Week5,329.0 Vienna Woods - 73.0 Burke Station
Vienna Aquatic,Week3,Parklawn,Week4,317.0 Vienna Aquatic - 85.0 Parklawn
Vienna Aquatic,Week3,Highland Park,Week4,280.0 Vienna Aquatic - 122.0 Highland Park
Vienna Aquatic,Week5,North Springfield,Week1,325.0 Vienna Aquatic - 25.0 North Springfield
Vienna Aquatic,Week2,Parklawn,Week1,329.0 Vienna Aquatic - 64.0 Parklawn
Vienna Aquatic,Week1,Highlands Swim,Week5,225.0 Highlands Swim - 177.0 Vienna Aquatic
Vienna Woods,Week3,Riverside Gardens,Week2,290.0 Vienna Woods - 112.0 Riverside Gardens
Villa Aquatic,Week4,Chesterbrook,Week5,358.0 Chesterbrook - 44.0 Villa Aquatic
Vienna Woods,Week1,Hollin Meadows,Week5,291.0 Vienna Woods - 111.0 Hollin Meadows
Vienna Woods,Week1,Burke Station,Week3,339.0 Vienna Woods - 58.0 Burke Station
Villa Aquatic,Week3,Commonwealth,Week5,255.0 Villa Aquatic - 147.0 Commonwealth
Vienna Woods,Week4,Broyhill Crest,Week2,388.0 Vienna Woods - 14.0 Broyhill Crest
Vienna Aquatic,Week3,Parklawn,Week2,326.0 Vienna Aquatic - 76.0 Parklawn
Vienna Aquatic,Week1,North Springfield,Week5,326.0 Vienna Aquatic - 47.0 North Springfield
Vienna Woods,Week1,Riverside Gardens,Week3,258.5 Vienna Woods - 143.5 Riverside Gardens
Villa Aquatic,Week4,Commonwealth,Week1,272.0 Villa Aquatic - 130.0 Commonwealth
Vienna Woods,Week5,Hollin Hills,Week3,372.0 Vienna Woods - 30.0 Hollin Hills
Vienna Aquatic,Week1,Highlands Swim,Week1,203.0 Vienna Aquatic - 199.0 Highlands Swim
Vienna Aquatic,Week3,Parklawn,Week3,335.0 Vienna Aquatic - 67.0 Parklawn
Vienna Woods,Week5,Hollin Hills,Week5,371.0 Vienna Woods - 31.0 Hollin Hills
Vienna Woods,Week4,Riverside Gardens,Week5,218.0 Vienna Woods - 184.0 Riverside Gardens
Vienna Aquatic,Week5,North Springfield,Week4,365.0 Vienna Aquatic - 26.0 North Springfield
Vienna Aquatic,Week1,Oakton ,Week3,219.0 Vienna Aquatic - 183.0 Oakton
Vienna Woods,Week2,Riverside Gardens,Week3,254.0 Vienna Woods - 148.0 Riverside Gardens
Vienna Aquatic,Week2,Highland Park,Week5,261.0 Vienna Aquatic - 141.0 Highland Park
Vienna Woods,Week5,Riverside Gardens,Week5,269.0 Vienna Woods - 133.0 Riverside Gardens
Vienna Woods,Week1,Hollin Meadows,Week2,304.0 Vienna Woods - 98.0 Hollin Meadows
Vienna Woods,Week1,Rolling Forest,Week2,315.0 Vienna Woods - 82.0 Rolling Forest
Vienna Aquatic,Week1,Highlands Swim,Week4,208.0 Vienna Aquatic - 194.0 Highlands Swim
Villa Aquatic,Week1,Commonwealth,Week3,225.0 Villa Aquatic - 177.0 Commonwealth
Vienna Woods,Week1,Hollin Meadows,Week1,287.0 Vienna Woods - 115.0 Hollin Meadows
Villa Aquatic,Week4,Commonwealth,Week3,251.0 Villa Aquatic - 151.0 Commonwealth
Vienna Woods,Week2,Hollin Meadows,Week5,284.0 Vienna Woods - 118.0 Hollin Meadows
Vienna Woods,Week1,Burke Station,Week1,312.0 Vienna Woods - 67.0 Burke Station
Vienna Aquatic,Week3,Highland Park,Week5,279.0 Vienna Aquatic - 123.0 Highland Park
Vienna Woods,Week5,Riverside Gardens,Week4,284.0 Vienna Woods - 118.0 Riverside Gardens
Vienna Woods,Week1,Hollin Meadows,Week4,298.0 Vienna Woods - 104.0 Hollin Meadows
Vienna Aquatic,Week4,Overlee,Week1,251.0 Overlee - 151.0 Vienna Aquatic
Vienna Woods,Week5,Broyhill Crest,Week1,394.0 Vienna Woods - 8.0 Broyhill Crest
Vienna Aquatic,Week5,Overlee,Week3,222.5 Overlee - 179.5 Vienna Aquatic
Vienna Aquatic,Week2,Old Keene Mill,Week4,328.0 Vienna Aquatic - 74.0 Old Keene Mill
Vienna Aquatic,Week5,North Springfield,Week5,337.0 Vienna Aquatic - 37.0 North Springfield
Vienna Aquatic,Week5,Overlee,Week1,210.5 Overlee - 191.5 Vienna Aquatic
Vienna Aquatic,Week4,Overlee,Week5,289.0 Overlee - 113.0 Vienna Aquatic
Vienna Aquatic,Week4,Highland Park,Week3,268.0 Vienna Aquatic - 134.0 Highland Park
Villa Aquatic,Week4,Commonwealth,Week4,258.0 Villa Aquatic - 144.0 Commonwealth
Vienna Woods,Week4,Broyhill Crest,Week4,387.0 Vienna Woods - 15.0 Broyhill Crest
Vienna Woods,Week5,Broyhill Crest,Week3,394.0 Vienna Woods - 8.0 Broyhill Crest
Vienna Aquatic,Week3,Oakton ,Week5,217.0 Vienna Aquatic - 185.0 Oakton
Vienna Aquatic,Week3,Highland Park,Week1,275.0 Vienna Aquatic - 127.0 Highland Park
Vienna Woods,Week4,Riverside Gardens,Week4,223.0 Vienna Woods - 179.0 Riverside Gardens
Villa Aquatic,Week5,Chesterbrook,Week5,352.0 Chesterbrook - 50.0 Villa Aquatic
Vienna Woods,Week3,Riverside Gardens,Week3,272.0 Vienna Woods - 130.0 Riverside Gardens
Vienna Aquatic,Week2,Oakton ,Week3,216.0 Vienna Aquatic - 186.0 Oakton
Vienna Aquatic,Week2,Highlands Swim,Week1,207.0 Highlands Swim - 195.0 Vienna Aquatic
Villa Aquatic,Week4,Commonwealth,Week2,216.0 Villa Aquatic - 186.0 Commonwealth
Vienna Aquatic,Week2,Highlands Swim,Week2,224.0 Highlands Swim - 178.0 Vienna Aquatic
Vienna Aquatic,Week5,Oakton ,Week1,257.0 Vienna Aquatic - 145.0 Oakton
Vienna Aquatic,Week2,Parklawn,Week4,308.0 Vienna Aquatic - 94.0 Parklawn
Vienna Aquatic,Week2,Old Keene Mill,Week2,338.0 Vienna Aquatic - 64.0 Old Keene Mill
Villa Aquatic,Week1,Commonwealth,Week1,262.0 Villa Aquatic - 140.0 Commonwealth
Villa Aquatic,Week1,Commonwealth,Week5,226.0 Villa Aquatic - 176.0 Commonwealth
Vienna Aquatic,Week1,Hollin Hills,Week4,348.0 Vienna Aquatic - 54.0 Hollin Hills
Vienna Woods,Week3,Hollin Meadows,Week5,298.0 Vienna Woods - 104.0 Hollin Meadows
Vienna Aquatic,Week3,Overlee,Week5,290.0 Overlee - 112.0 Vienna Aquatic
Vienna Aquatic,Week1,Old Keene Mill,Week1,351.0 Vienna Aquatic - 51.0 Old Keene Mill
Vienna Aquatic,Week3,Highlands Swim,Week3,204.0 Highlands Swim - 198.0 Vienna Aquatic
Villa Aquatic,Week4,Commonwealth,Week5,235.0 Villa Aquatic - 167.0 Commonwealth
Vienna Woods,Week2,Rolling Forest,Week1,300.0 Vienna Woods - 102.0 Rolling Forest
Vienna Woods,Week4,Hollin Meadows,Week1,274.0 Vienna Woods - 128.0 Hollin Meadows
Vienna Aquatic,Week3,Oakton ,Week3,224.0 Vienna Aquatic - 178.0 Oakton
Vienna Woods,Week5,Broyhill Crest,Week2,392.0 Vienna Woods - 10.0 Broyhill Crest
Vienna Woods,Week1,Rolling Forest,Week4,317.0 Vienna Woods - 85.0 Rolling Forest
Vienna Woods,Week3,Hollin Meadows,Week1,295.0 Vienna Woods - 107.0 Hollin Meadows
Vienna Woods,Week3,Hollin Meadows,Week3,304.0 Vienna Woods - 98.0 Hollin Meadows
Vienna Aquatic,Week1,Parklawn,Week3,334.0 Vienna Aquatic - 68.0 Parklawn
Vienna Aquatic,Week4,Parklawn,Week3,337.0 Vienna Aquatic - 65.0 Parklawn
Villa Aquatic,Week5,Commonwealth,Week1,278.0 Villa Aquatic - 124.0 Commonwealth
Vienna Aquatic,Week5,Highland Park,Week5,305.0 Vienna Aquatic - 97.0 Highland Park
Vienna Woods,Week1,Burke Station,Week4,341.0 Vienna Woods - 61.0 Burke Station
Vienna Woods,Week4,Broyhill Crest,Week3,392.0 Vienna Woods - 5.0 Broyhill Crest
Vienna Woods,Week3,Rolling Forest,Week2,315.0 Vienna Woods - 87.0 Rolling Forest
Vienna Aquatic,Week1,Old Keene Mill,Week5,316.5 Vienna Aquatic - 85.5 Old Keene Mill
Vienna Aquatic,Week2,Oakton ,Week4,206.0 Vienna Aquatic - 196.0 Oakton
Vienna Woods,Week2,Rolling Forest,Week4,300.0 Vienna Woods - 102.0 Rolling Forest
Vienna Aquatic,Week2,Parliament,Week3,297.0 Vienna Aquatic - 105.0 Parliament
Vienna Woods,Week3,Rolling Forest,Week1,320.0 Vienna Woods - 82.0 Rolling Forest
Vienna Woods,Week3,Hollin Meadows,Week4,304.0 Vienna Woods - 98.0 Hollin Meadows
Villa Aquatic,Week2,Commonwealth,Week1,250.0 Villa Aquatic - 152.0 Commonwealth
Vienna Woods,Week2,Burke Station,Week5,336.5 Vienna Woods - 65.5 Burke Station
Vienna Woods,Week2,Rolling Forest,Week3,286.0 Vienna Woods - 116.0 Rolling Forest
Vienna Aquatic,Week5,Parklawn,Week3,348.0 Vienna Aquatic - 53.0 Parklawn
Vienna Woods,Week1,Burke Station,Week2,356.0 Vienna Woods - 46.0 Burke Station
Vienna Woods,Week2,Burke Station,Week1,326.0 Vienna Woods - 49.0 Burke Station
Vienna Woods,Week2,Hollin Meadows,Week1,291.0 Vienna Woods - 111.0 Hollin Meadows
Villa Aquatic,Week3,Commonwealth,Week3,270.0 Villa Aquatic - 132.0 Commonwealth
Vienna Aquatic,Week4,Old Keene Mill,Week1,337.0 Vienna Aquatic - 65.0 Old Keene Mill
Vienna Aquatic,Week5,Highlands Swim,Week4,233.0 Vienna Aquatic - 169.0 Highlands Swim
Vienna Aquatic,Week3,Parliament,Week1,286.0 Vienna Aquatic - 116.0 Parliament
Vienna Aquatic,Week4,Parklawn,Week1,337.0 Vienna Aquatic - 56.0 Parklawn
Vienna Aquatic,Week4,Oakton ,Week2,205.0 Vienna Aquatic - 197.0 Oakton
Vienna Aquatic,Week3,Parklawn,Week5,311.0 Vienna Aquatic - 91.0 Parklawn
Villa Aquatic,Week5,Commonwealth,Week2,248.0 Villa Aquatic - 154.0 Commonwealth
Vienna Woods,Week1,Rolling Hills,Week4,326.0 Vienna Woods - 71.0 Rolling Hills
Vienna Woods,Week2,Mount Vernon Park,Week5,208.0 Vienna Woods - 193.0 Mount Vernon Park
Vienna Aquatic,Week4,Highlands Swim,Week4,216.0 Highlands Swim - 186.0 Vienna Aquatic
Vienna Woods,Week3,Rolling Hills,Week1,338.0 Vienna Woods - 64.0 Rolling Hills
Vienna Woods,Week3,Mount Vernon Park,Week5,213.0 Vienna Woods - 189.0 Mount Vernon Park
Vienna Woods,Week3,Burke Station,Week5,344.0 Vienna Woods - 58.0 Burke Station
Vienna Woods,Week5,Hollin Meadows,Week2,330.0 Vienna Woods - 72.0 Hollin Meadows
Vienna Woods,Week5,Burke Station,Week1,336.0 Vienna Woods - 42.0 Burke Station
Vienna Woods,Week4,Hollin Meadows,Week4,280.0 Vienna Woods - 122.0 Hollin Meadows
Vienna Woods,Week3,Burke Station,Week3,359.0 Vienna Woods - 38.0 Burke Station
Villa Aquatic,Week3,Commonwealth,Week2,250.0 Villa Aquatic - 152.0 Commonwealth
Vienna Aquatic,Week2,Oakton ,Week5,203.0 Oakton - 199.0 Vienna Aquatic
Vienna Aquatic,Week3,Hollin Hills,Week3,352.0 Vienna Aquatic - 50.0 Hollin Hills
Vienna Woods,Week3,Mount Vernon Park,Week3,239.0 Vienna Woods - 163.0 Mount Vernon Park
Vienna Aquatic,Week2,Parliament,Week4,291.0 Vienna Aquatic - 111.0 Parliament
Vienna Aquatic,Week2,Hollin Hills,Week4,346.0 Vienna Aquatic - 56.0 Hollin Hills
Vienna Woods,Week5,Hollin Meadows,Week5,310.0 Vienna Woods - 92.0 Hollin Meadows
Villa Aquatic,Week2,Commonwealth,Week4,247.0 Villa Aquatic - 155.0 Commonwealth
Vienna Aquatic,Week5,Oakton ,Week5,246.0 Vienna Aquatic - 156.0 Oakton
Vienna Woods,Week4,Rolling Forest,Week5,281.0 Vienna Woods - 121.0 Rolling Forest
Vienna Woods,Week4,Burke Station,Week3,338.0 Vienna Woods - 54.0 Burke Station
Vienna Woods,Week1,Camelot,Week2,296.0 Vienna Woods - 106.0 Camelot
Vienna Woods,Week3,Mount Vernon Park,Week4,248.0 Vienna Woods - 154.0 Mount Vernon Park
Vienna Aquatic,Week3,Highlands Swim,Week4,218.0 Vienna Aquatic - 184.0 Highlands Swim
Villa Aquatic,Week3,Commonwealth,Week4,285.0 Villa Aquatic - 117.0 Commonwealth
Vienna Woods,Week1,Camelot,Week3,307.0 Vienna Woods - 95.0 Camelot
Villa Aquatic,Week1,Commonwealth,Week4,247.0 Villa Aquatic - 155.0 Commonwealth
Vienna Woods,Week3,Holmes Run Acres,Week3,275.0 Vienna Woods - 127.0 Holmes Run Acres
Vienna Woods,Week4,Rolling Forest,Week2,300.0 Vienna Woods - 102.0 Rolling Forest
Vienna Aquatic,Week4,Oakton ,Week3,210.0 Vienna Aquatic - 187.0 Oakton
Vienna Woods,Week4,Mount Vernon Park,Week1,228.0 Vienna Woods - 174.0 Mount Vernon Park
Vienna Woods,Week1,Holmes Run Acres,Week2,312.0 Vienna Woods - 90.0 Holmes Run Acres
Vienna Aquatic,Week3,Parliament,Week2,310.0 Vienna Aquatic - 92.0 Parliament
Vienna Aquatic,Week4,Parklawn,Week2,320.0 Vienna Aquatic - 82.0 Parklawn
Vienna Aquatic,Week3,Oakton ,Week2,215.0 Vienna Aquatic - 187.0 Oakton
Vienna Aquatic,Week2,Highlands Swim,Week5,221.0 Highlands Swim - 181.0 Vienna Aquatic
Vienna Aquatic,Week4,Highlands Swim,Week2,236.0 Highlands Swim - 166.0 Vienna Aquatic
Vienna Woods,Week5,Holmes Run Acres,Week5,274.0 Vienna Woods - 128.0 Holmes Run Acres
Vienna Woods,Week5,Mount Vernon Park,Week4,271.0 Vienna Woods - 131.0 Mount Vernon Park
Vienna Woods,Week3,Rolling Hills,Week3,336.0 Vienna Woods - 66.0 Rolling Hills
Vienna Woods,Week1,Camelot,Week4,302.0 Vienna Woods - 100.0 Camelot
Vienna Woods,Week1,Rolling Hills,Week1,325.0 Vienna Woods - 77.0 Rolling Hills
Vienna Woods,Week4,Holmes Run Acres,Week5,238.0 Vienna Woods - 164.0 Holmes Run Acres
Villa Aquatic,Week3,Commonwealth,Week1,275.0 Villa Aquatic - 127.0 Commonwealth
Vienna Aquatic,Week2,Parliament,Week5,288.0 Vienna Aquatic - 114.0 Parliament
Vienna Woods,Week5,Mosby Woods,Week2,263.0 Vienna Woods - 139.0 Mosby Woods
Vienna Aquatic,Week4,Oakton ,Week1,222.0 Vienna Aquatic - 180.0 Oakton
Vienna Aquatic,Week1,Hollin Hills,Week2,347.0 Vienna Aquatic - 55.0 Hollin Hills
Vienna Woods,Week3,Rolling Hills,Week4,330.0 Vienna Woods - 71.0 Rolling Hills
Villa Aquatic,Week2,Commonwealth,Week3,223.0 Villa Aquatic - 179.0 Commonwealth
Vienna Aquatic,Week4,Oakton ,Week4,203.0 Oakton - 199.0 Vienna Aquatic
Vienna Woods,Week2,Holmes Run Acres,Week2,307.0 Vienna Woods - 95.0 Holmes Run Acres
Vienna Woods,Week1,Camelot,Week5,299.0 Vienna Woods - 103.0 Camelot
Virginia Hills,Week5,Broyhill Crest,Week4,238.5 Virginia Hills - 162.5 Broyhill Crest
Virginia Hills,Week2,Burke Station,Week2,264.0 Burke Station - 130.0 Virginia Hills
Villa Aquatic,Week2,Country Club Hills,Week3,219.0 Villa Aquatic - 183.0 Country Club Hills
Villa Aquatic,Week5,Country Club Hills,Week1,227.0 Villa Aquatic - 175.0 Country Club Hills
Villa Aquatic,Week1,Woodley,Week5,249.0 Villa Aquatic - 153.0 Woodley
Villa Aquatic,Week4,Waynewood,Week3,260.0 Waynewood - 142.0 Villa Aquatic
Village West,Week5,Hunt Valley,Week1,320.0 Hunt Valley - 82.0 Village West
Villa Aquatic,Week5,Cottontail,Week4,247.0 Villa Aquatic - 155.0 Cottontail
Villa Aquatic,Week1,Riverside Gardens,Week4,298.0 Riverside Gardens - 104.0 Villa Aquatic
Virginia Hills,Week2,Broyhill Crest,Week5,233.0 Broyhill Crest - 166.0 Virginia Hills
Village West,Week4,McLean,Week5,311.0 McLean - 86.0 Village West
Village West,Week5,Hunt Valley,Week4,338.0 Hunt Valley - 64.0 Village West
Village West,Week4,Mosby Woods,Week4,304.0 Mosby Woods - 92.0 Village West
Virginia Hills,Week2,Broyhill Crest,Week4,206.0 Broyhill Crest - 190.0 Virginia Hills
Virginia Hills,Week2,Broyhill Crest,Week1,196.0 Virginia Hills - 195.0 Broyhill Crest
Villa Aquatic,Week5,Ravensworth Farm,Week5,241.0 Ravensworth Farm - 161.0 Villa Aquatic
Villa Aquatic,Week5,Long Branch,Week2,242.5 Villa Aquatic - 159.5 Long Branch
Virginia Hills,Week4,Broyhill Crest,Week2,231.0 Virginia Hills - 169.0 Broyhill Crest
Village West,Week4,Hunt Valley,Week2,325.0 Hunt Valley - 72.0 Village West
Village West,Week5,Pinewood Lake,Week4,319.0 Village West - 74.0 Pinewood Lake
Villa Aquatic,Week2,Woodley,Week3,251.0 Villa Aquatic - 151.0 Woodley
Village West,Week4,Mosby Woods,Week2,306.0 Mosby Woods - 91.0 Village West
Village West,Week1,Hunter Mill,Week5,314.0 Hunter Mill - 88.0 Village West
Village West,Week4,Pleasant Valley,Week3,217.0 Village West - 180.0 Pleasant Valley
Villa Aquatic,Week2,Woodley,Week1,264.0 Villa Aquatic - 138.0 Woodley
Villa Aquatic,Week5,Riverside Gardens,Week4,277.0 Riverside Gardens - 125.0 Villa Aquatic
Villa Aquatic,Week5,Waynewood,Week2,212.0 Waynewood - 190.0 Villa Aquatic
Villa Aquatic,Week4,Long Branch,Week1,248.0 Villa Aquatic - 154.0 Long Branch
Villa Aquatic,Week3,Woodley,Week5,284.0 Villa Aquatic - 118.0 Woodley
Village West,Week1,Pleasant Valley,Week2,251.0 Village West - 146.0 Pleasant Valley
Villa Aquatic,Week2,Long Branch,Week5,212.0 Villa Aquatic - 190.0 Long Branch
Villa Aquatic,Week2,Mansion House,Week1,243.0 Mansion House - 159.0 Villa Aquatic
Village West,Week5,McLean,Week5,329.0 McLean - 73.0 Village West
Villa Aquatic,Week5,Ravensworth Farm,Week2,208.0 Villa Aquatic - 194.0 Ravensworth Farm
Villa Aquatic,Week3,Long Branch,Week2,255.0 Villa Aquatic - 147.0 Long Branch
Villa Aquatic,Week2,Woodley,Week2,263.0 Villa Aquatic - 139.0 Woodley
Virginia Hills,Week3,Broyhill Crest,Week5,219.0 Broyhill Crest - 183.0 Virginia Hills
Virginia Hills,Week3,Broyhill Crest,Week1,213.0 Virginia Hills - 187.0 Broyhill Crest
Village West,Week5,Hunt Valley,Week5,344.0 Hunt Valley - 58.0 Village West
Villa Aquatic,Week3,Country Club Hills,Week1,247.0 Villa Aquatic - 155.0 Country Club Hills
Village West,Week1,Hunter Mill,Week1,283.0 Hunter Mill - 119.0 Village West
Villa Aquatic,Week2,Country Club Hills,Week1,208.0 Villa Aquatic - 194.0 Country Club Hills
Village West,Week1,Hunter Mill,Week4,292.0 Hunter Mill - 109.0 Village West
Villa Aquatic,Week1,Ravensworth Farm,Week5,260.0 Ravensworth Farm - 142.0 Villa Aquatic
Villa Aquatic,Week5,Cottontail,Week2,239.0 Villa Aquatic - 163.0 Cottontail
Village West,Week3,Pleasant Valley,Week4,267.0 Village West - 133.0 Pleasant Valley
Village West,Week5,Pleasant Valley,Week2,248.0 Village West - 149.0 Pleasant Valley
Village West,Week4,Pinewood Lake,Week5,314.0 Village West - 76.0 Pinewood Lake
Village West,Week4,McLean,Week4,289.0 McLean - 108.0 Village West
Villa Aquatic,Week4,Riverside Gardens,Week2,267.0 Riverside Gardens - 135.0 Villa Aquatic
Village West,Week2,Mosby Woods,Week4,315.0 Mosby Woods - 87.0 Village West
Villa Aquatic,Week5,Long Branch,Week1,257.0 Villa Aquatic - 145.0 Long Branch
Villa Aquatic,Week5,Waynewood,Week1,213.0 Waynewood - 189.0 Villa Aquatic
Village West,Week5,Pinewood Lake,Week2,310.0 Village West - 83.0 Pinewood Lake
Village West,Week4,Mosby Woods,Week1,309.0 Mosby Woods - 88.0 Village West
Villa Aquatic,Week3,Country Club Hills,Week4,250.0 Villa Aquatic - 152.0 Country Club Hills
Villa Aquatic,Week1,Country Club Hills,Week5,233.0 Country Club Hills - 169.0 Villa Aquatic
Village West,Week1,Pleasant Valley,Week4,253.0 Village West - 145.0 Pleasant Valley
Village West,Week2,Mosby Woods,Week2,307.0 Mosby Woods - 95.0 Village West
Village West,Week5,McLean,Week3,311.5 McLean - 90.5 Village West
Village West,Week2,Hunt Valley,Week2,333.0 Hunt Valley - 69.0 Village West
Village West,Week1,Mosby Woods,Week3,305.0 Mosby Woods - 97.0 Village West
Virginia Hills,Week4,Broyhill Crest,Week4,213.0 Virginia Hills - 188.0 Broyhill Crest
Village West,Week1,Hunter Mill,Week2,280.0 Hunter Mill - 121.0 Village West
Villa Aquatic,Week1,Long Branch,Week2,221.0 Villa Aquatic - 181.0 Long Branch
Villa Aquatic,Week4,Ravensworth Farm,Week3,253.0 Ravensworth Farm - 149.0 Villa Aquatic
Villa Aquatic,Week4,Woodley,Week3,281.0 Villa Aquatic - 121.0 Woodley
Villa Aquatic,Week2,Long Branch,Week1,238.0 Villa Aquatic - 164.0 Long Branch
Village West,Week4,Pleasant Valley,Week1,239.0 Village West - 154.0 Pleasant Valley
Virginia Hills,Week4,Broyhill Crest,Week5,207.0 Broyhill Crest - 194.0 Virginia Hills
Villa Aquatic,Week4,Riverside Gardens,Week4,298.0 Riverside Gardens - 104.0 Villa Aquatic
Virginia Hills,Week3,Broyhill Crest,Week4,210.0 Virginia Hills - 191.0 Broyhill Crest
Villa Aquatic,Week4,Waynewood,Week5,268.0 Waynewood - 134.0 Villa Aquatic
Village West,Week4,McLean,Week3,303.0 McLean - 94.0 Village West
Villa Aquatic,Week1,Ravensworth Farm,Week4,248.0 Ravensworth Farm - 154.0 Villa Aquatic
Village West,Week5,McLean,Week4,306.0 McLean - 96.0 Village West
Villa Aquatic,Week2,Woodley,Week4,270.0 Villa Aquatic - 132.0 Woodley
Villa Aquatic,Week3,Long Branch,Week4,263.0 Villa Aquatic - 139.0 Long Branch
Virginia Hills,Week2,Broyhill Crest,Week2,214.0 Virginia Hills - 182.0 Broyhill Crest
Village West,Week2,Pleasant Valley,Week5,247.0 Village West - 149.0 Pleasant Valley
Village West,Week4,Hunt Valley,Week4,323.0 Hunt Valley - 74.0 Village West
Virginia Hills,Week5,Broyhill Crest,Week2,265.0 Virginia Hills - 132.0 Broyhill Crest
Villa Aquatic,Week4,Country Club Hills,Week4,225.0 Villa Aquatic - 177.0 Country Club Hills
Villa Aquatic,Week3,Woodley,Week4,297.0 Villa Aquatic - 105.0 Woodley
Villa Aquatic,Week1,Long Branch,Week5,206.0 Long Branch - 196.0 Villa Aquatic
Village West,Week1,Pleasant Valley,Week1,242.0 Village West - 156.0 Pleasant Valley
Villa Aquatic,Week4,Country Club Hills,Week3,241.0 Villa Aquatic - 161.0 Country Club Hills
Villa Aquatic,Week1,Country Club Hills,Week2,216.0 Villa Aquatic - 186.0 Country Club Hills
Villa Aquatic,Week4,Woodley,Week4,290.0 Villa Aquatic - 112.0 Woodley
Village West,Week5,Pinewood Lake,Week5,315.0 Village West - 78.0 Pinewood Lake
Villa Aquatic,Week4,Long Branch,Week4,242.0 Villa Aquatic - 160.0 Long Branch
Villa Aquatic,Week5,Ravensworth Farm,Week3,238.0 Ravensworth Farm - 164.0 Villa Aquatic
Villa Aquatic,Week1,Riverside Gardens,Week1,282.5 Riverside Gardens - 119.5 Villa Aquatic
Villa Aquatic,Week2,Long Branch,Week3,227.5 Villa Aquatic - 174.5 Long Branch
Villa Aquatic,Week5,Poplar Tree,Week4,201.0 Poplar Tree - 201.0 Villa Aquatic
Village West,Week3,Hunt Valley,Week3,323.0 Hunt Valley - 79.0 Village West
Villa Aquatic,Week3,Country Club Hills,Week3,257.0 Villa Aquatic - 145.0 Country Club Hills
Village West,Week2,Pleasant Valley,Week1,234.0 Village West - 163.0 Pleasant Valley
Villa Aquatic,Week1,Mansion House,Week3,256.0 Mansion House - 146.0 Villa Aquatic
Village West,Week2,Hunt Valley,Week4,335.0 Hunt Valley - 67.0 Village West
Villa Aquatic,Week1,Country Club Hills,Week3,202.0 Villa Aquatic - 200.0 Country Club Hills
Villa Aquatic,Week5,Long Branch,Week4,257.0 Villa Aquatic - 145.0 Long Branch
Villa Aquatic,Week5,Ravensworth Farm,Week1,212.0 Ravensworth Farm - 190.0 Villa Aquatic
Village West,Week5,McLean,Week1,313.0 McLean - 89.0 Village West
Villa Aquatic,Week1,Riverside Gardens,Week3,292.0 Riverside Gardens - 110.0 Villa Aquatic
Village West,Week3,Hunt Valley,Week5,334.0 Hunt Valley - 68.0 Village West
Village West,Week4,McLean,Week2,303.0 McLean - 94.0 Village West
Village West,Week1,Pleasant Valley,Week3,209.0 Village West - 192.0 Pleasant Valley
Villa Aquatic,Week4,Ravensworth Farm,Week5,250.5 Ravensworth Farm - 151.5 Villa Aquatic
Village West,Week2,Hunter Mill,Week3,303.5 Hunter Mill - 98.5 Village West
Villa Aquatic,Week4,Country Club Hills,Week5,203.0 Country Club Hills - 199.0 Villa Aquatic
Village West,Week1,Hunt Valley,Week5,346.0 Hunt Valley - 56.0 Village West
Virginia Hills,Week3,Broyhill Crest,Week3,220.0 Virginia Hills - 181.0 Broyhill Crest
Villa Aquatic,Week5,Cottontail,Week5,216.0 Villa Aquatic - 186.0 Cottontail
Village West,Week4,Hunter Mill,Week1,280.5 Hunter Mill - 116.5 Village West
Villa Aquatic,Week1,Country Club Hills,Week1,205.0 Country Club Hills - 197.0 Villa Aquatic
Villa Aquatic,Week5,Long Branch,Week5,222.0 Villa Aquatic - 180.0 Long Branch
Village West,Week1,Mosby Woods,Week4,315.5 Mosby Woods - 86.5 Village West
Villa Aquatic,Week5,Woodley,Week2,295.0 Villa Aquatic - 107.0 Woodley
Virginia Hills,Week1,Broyhill Crest,Week2,227.0 Virginia Hills - 173.0 Broyhill Crest
Villa Aquatic,Week4,Woodley,Week5,276.0 Villa Aquatic - 126.0 Woodley
Village West,Week5,Pinewood Lake,Week1,330.0 Village West - 63.0 Pinewood Lake
Virginia Hills,Week1,Burke Station,Week1,258.0 Burke Station - 116.0 Virginia Hills
Villa Aquatic,Week3,Woodley,Week1,295.0 Villa Aquatic - 107.0 Woodley
Villa Aquatic,Week1,Riverside Gardens,Week5,286.5 Riverside Gardens - 115.5 Villa Aquatic
Village West,Week4,Pleasant Valley,Week2,244.0 Village West - 149.0 Pleasant Valley
Villa Aquatic,Week1,Mansion House,Week2,235.0 Mansion House - 167.0 Villa Aquatic
Village West,Week3,Pleasant Valley,Week2,255.0 Village West - 145.0 Pleasant Valley
Villa Aquatic,Week2,Riverside Gardens,Week3,300.0 Riverside Gardens - 102.0 Villa Aquatic
Villa Aquatic,Week5,Woodley,Week3,295.0 Villa Aquatic - 107.0 Woodley
Village West,Week1,Mosby Woods,Week5,306.0 Mosby Woods - 96.0 Village West
Virginia Hills,Week5,Broyhill Crest,Week1,235.0 Virginia Hills - 157.0 Broyhill Crest
Village West,Week5,Hunt Valley,Week2,330.0 Hunt Valley - 72.0 Village West
Villa Aquatic,Week1,Riverside Gardens,Week2,264.0 Riverside Gardens - 138.0 Villa Aquatic
Village West,Week5,McLean,Week2,319.0 McLean - 83.0 Village West
Virginia Hills,Week1,Burke Station,Week4,243.0 Burke Station - 158.0 Virginia Hills
Villa Aquatic,Week5,Country Club Hills,Week2,233.0 Villa Aquatic - 169.0 Country Club Hills
Villa Aquatic,Week3,Mansion House,Week1,216.0 Mansion House - 186.0 Villa Aquatic
Village West,Week2,Mosby Woods,Week1,307.0 Mosby Woods - 95.0 Village West
Villa Aquatic,Week2,Mansion House,Week3,250.0 Mansion House - 152.0 Villa Aquatic
Villa Aquatic,Week1,Mansion House,Week4,212.0 Mansion House - 190.0 Villa Aquatic
Virginia Hills,Week1,Broyhill Crest,Week5,205.0 Broyhill Crest - 196.0 Virginia Hills
Virginia Hills,Week1,Broyhill Crest,Week3,219.0 Virginia Hills - 180.0 Broyhill Crest
Village West,Week2,Mosby Woods,Week3,305.0 Mosby Woods - 97.0 Village West
Village West,Week3,Hunt Valley,Week1,305.0 Hunt Valley - 97.0 Village West
Villa Aquatic,Week4,Riverside Gardens,Week1,281.0 Riverside Gardens - 121.0 Villa Aquatic
Village West,Week2,Hunt Valley,Week1,325.0 Hunt Valley - 77.0 Village West
Villa Aquatic,Week1,Country Club Hills,Week4,203.0 Country Club Hills - 199.0 Villa Aquatic
Village West,Week4,Hunt Valley,Week1,321.0 Hunt Valley - 76.0 Village West
Village West,Week2,Pleasant Valley,Week3,227.0 Village West - 174.0 Pleasant Valley
Village West,Week3,Annandale,Week5,229.0 Village West - 173.0 Annandale
Villa Aquatic,Week5,Cottontail,Week3,240.0 Villa Aquatic - 162.0 Cottontail
Village West,Week1,Mosby Woods,Week1,314.0 Mosby Woods - 88.0 Village West
Villa Aquatic,Week4,Mansion House,Week3,240.0 Mansion House - 162.0 Villa Aquatic
Villa Aquatic,Week5,Woodley,Week1,287.0 Villa Aquatic - 115.0 Woodley
Village West,Week4,Hunt Valley,Week5,343.0 Hunt Valley - 54.0 Village West
Village West,Week2,Hunt Valley,Week5,345.0 Hunt Valley - 57.0 Village West
Village West,Week3,Pleasant Valley,Week3,232.0 Village West - 170.0 Pleasant Valley
Villa Aquatic,Week5,Woodley,Week5,279.0 Villa Aquatic - 123.0 Woodley
Villa Aquatic,Week4,Ravensworth Farm,Week4,233.5 Ravensworth Farm - 168.5 Villa Aquatic
Village West,Week5,Annandale,Week4,218.0 Village West - 183.0 Annandale
Village West,Week1,Annandale,Week1,223.0 Village West - 179.0 Annandale
Village West,Week1,Poplar Heights,Week3,303.0 Poplar Heights - 99.0 Village West
Village West,Week2,Annandale,Week4,216.0 Village West - 185.0 Annandale
Virginia Hills,Week4,Broyhill Crest,Week1,213.0 Virginia Hills - 187.0 Broyhill Crest
Villa Aquatic,Week3,Mantua,Week3,258.0 Mantua - 144.0 Villa Aquatic
Village West,Week4,Pleasant Valley,Week4,253.0 Village West - 138.0 Pleasant Valley
Village West,Week5,Annandale,Week1,226.5 Village West - 175.5 Annandale
Village West,Week3,Mosby Woods,Week3,290.0 Mosby Woods - 112.0 Village West
Virginia Hills,Week2,Broyhill Crest,Week3,203.0 Virginia Hills - 193.0 Broyhill Crest
Virginia Hills,Week1,Broyhill Crest,Week4,200.0 Broyhill Crest - 200.0 Virginia Hills
Village West,Week3,Poplar Heights,Week3,282.0 Poplar Heights - 120.0 Village West
Villa Aquatic,Week3,Mansion House,Week5,221.0 Mansion House - 181.0 Villa Aquatic
Villa Aquatic,Week3,Riverside Gardens,Week1,244.5 Riverside Gardens - 157.5 Villa Aquatic
Village West,Week1,Poplar Heights,Week5,299.0 Poplar Heights - 103.0 Village West
Village West,Week3,Mosby Woods,Week1,292.5 Mosby Woods - 109.5 Village West
Village West,Week5,Pleasant Valley,Week3,224.0 Village West - 178.0 Pleasant Valley
Village West,Week2,Hunter Mill,Week4,295.0 Hunter Mill - 107.0 Village West
Village West,Week3,Hunter Mill,Week1,270.0 Hunter Mill - 132.0 Village West
Villa Aquatic,Week3,Riverside Gardens,Week4,277.0 Riverside Gardens - 125.0 Villa Aquatic
Villa Aquatic,Week1,Mantua,Week2,264.0 Mantua - 138.0 Villa Aquatic
Village West,Week1,Arlington Forest,Week3,260.0 Arlington Forest - 141.0 Village West
Virginia Hills,Week3,Broyhill Crest,Week2,237.0 Virginia Hills - 164.0 Broyhill Crest
Villa Aquatic,Week5,Riverside Gardens,Week3,282.5 Riverside Gardens - 119.5 Villa Aquatic
Virginia Hills,Week1,Burke Station,Week2,262.0 Burke Station - 135.0 Virginia Hills
Village West,Week2,Mosby Woods,Week5,312.0 Mosby Woods - 90.0 Village West
Villa Aquatic,Week2,Mantua,Week5,292.5 Mantua - 109.5 Villa Aquatic
Villa Aquatic,Week2,Mantua,Week2,261.0 Mantua - 141.0 Villa Aquatic
Village West,Week2,Poplar Heights,Week3,293.0 Poplar Heights - 109.0 Village West
Village West,Week3,Mosby Woods,Week5,283.0 Mosby Woods - 119.0 Village West
Village West,Week2,Poplar Heights,Week1,276.0 Poplar Heights - 126.0 Village West
Villa Aquatic,Week3,Riverside Gardens,Week2,235.0 Riverside Gardens - 167.0 Villa Aquatic
Virginia Hills,Week4,Broyhill Crest,Week3,228.0 Virginia Hills - 171.0 Broyhill Crest
Village West,Week2,Hunter Mill,Week2,295.0 Hunter Mill - 107.0 Village West
Village West,Week1,Annandale,Week5,204.0 Village West - 198.0 Annandale
Villa Aquatic,Week3,Riverside Gardens,Week3,260.0 Riverside Gardens - 142.0 Villa Aquatic
Villa Aquatic,Week3,Mansion House,Week2,202.0 Mansion House - 200.0 Villa Aquatic
Villa Aquatic,Week5,Ravensworth Farm,Week4,219.0 Ravensworth Farm - 183.0 Villa Aquatic
Village West,Week3,Hunter Mill,Week3,286.0 Hunter Mill - 116.0 Village West
Village West,Week3,Mosby Woods,Week4,279.0 Mosby Woods - 123.0 Village West
Village West,Week3,Annandale,Week1,235.0 Village West - 167.0 Annandale
Village West,Week1,Poplar Heights,Week2,291.0 Poplar Heights - 111.0 Village West
Virginia Hills,Week1,Burke Station,Week5,282.0 Burke Station - 118.0 Virginia Hills
Village West,Week4,Mosby Woods,Week5,308.0 Mosby Woods - 89.0 Village West
Village West,Week3,Hunter Mill,Week2,282.0 Hunter Mill - 120.0 Village West
Villa Aquatic,Week3,Mantua,Week1,227.0 Mantua - 175.0 Villa Aquatic
Village West,Week3,Arlington Forest,Week1,256.0 Arlington Forest - 146.0 Village West
Villa Aquatic,Week3,Mansion House,Week3,219.0 Mansion House - 183.0 Villa Aquatic
Virginia Hills,Week5,Broyhill Crest,Week5,227.0 Virginia Hills - 174.0 Broyhill Crest
Villa Aquatic,Week2,Riverside Gardens,Week5,294.0 Riverside Gardens - 108.0 Villa Aquatic
Village West,Week2,Mount Vernon Park,Week5,332.0 Mount Vernon Park - 69.0 Village West
Village West,Week1,Poplar Tree,Week3,303.0 Poplar Tree - 99.0 Village West
Village West,Week2,Hunter Mill,Week5,305.0 Hunter Mill - 97.0 Village West
Villa Aquatic,Week4,Riverside Gardens,Week3,280.0 Riverside Gardens - 122.0 Villa Aquatic
Village West,Week4,Mount Vernon Park,Week2,304.0 Mount Vernon Park - 93.0 Village West
Village West,Week2,Poplar Heights,Week5,300.0 Poplar Heights - 102.0 Village West
Village West,Week2,Mount Vernon Park,Week4,319.0 Mount Vernon Park - 83.0 Village West
Villa Aquatic,Week5,Mansion House,Week3,240.0 Mansion House - 162.0 Villa Aquatic
Village West,Week3,Hunter Mill,Week5,281.0 Hunter Mill - 121.0 Village West
Village West,Week3,Hunter Mill,Week4,293.0 Hunter Mill - 109.0 Village West
Villa Aquatic,Week2,Riverside Gardens,Week2,282.0 Riverside Gardens - 120.0 Villa Aquatic
Village West,Week3,Annandale,Week4,226.0 Village West - 176.0 Annandale
Village West,Week4,Annandale,Week1,226.0 Village West - 171.0 Annandale
Virginia Hills,Week3,Burke Station,Week1,241.0 Burke Station - 137.0 Virginia Hills
Villa Aquatic,Week4,Riverside Gardens,Week5,291.5 Riverside Gardens - 110.5 Villa Aquatic
Villa Aquatic,Week2,Riverside Gardens,Week4,302.0 Riverside Gardens - 100.0 Villa Aquatic
Villa Aquatic,Week4,Mansion House,Week2,214.0 Mansion House - 188.0 Villa Aquatic
Village West,Week2,Poplar Tree,Week2,272.0 Poplar Tree - 130.0 Village West
Village West,Week1,Poplar Heights,Week4,293.0 Poplar Heights - 109.0 Village West
Virginia Hills,Week2,Burke Station,Week4,259.0 Burke Station - 140.0 Virginia Hills
Villa Aquatic,Week4,Mansion House,Week1,241.0 Mansion House - 161.0 Villa Aquatic
Village West,Week5,Hunter Mill,Week2,286.0 Hunter Mill - 116.0 Village West
Virginia Hills,Week2,Burke Station,Week5,285.0 Burke Station - 115.0 Virginia Hills
Villa Aquatic,Week5,Mansion House,Week4,203.0 Mansion House - 199.0 Villa Aquatic
Virginia Hills,Week1,Burke Station,Week3,269.0 Burke Station - 123.0 Virginia Hills
Villa Aquatic,Week2,Riverside Gardens,Week1,289.0 Riverside Gardens - 113.0 Villa Aquatic
Village West,Week4,Mount Vernon Park,Week3,321.0 Mount Vernon Park - 76.0 Village West
Village West,Week5,Hunter Mill,Week5,307.0 Hunter Mill - 95.0 Village West
Village West,Week3,Poplar Heights,Week4,273.0 Poplar Heights - 129.0 Village West
Village West,Week1,Poplar Tree,Week4,271.0 Poplar Tree - 131.0 Village West
Village West,Week1,Poplar Heights,Week1,279.0 Poplar Heights - 123.0 Village West
Village West,Week1,Annandale,Week4,227.0 Village West - 175.0 Annandale
Villa Aquatic,Week2,Mansion House,Week5,250.0 Mansion House - 152.0 Villa Aquatic
Virginia Hills,Week5,Broyhill Crest,Week3,258.0 Virginia Hills - 141.0 Broyhill Crest
Village West,Week5,Hunter Mill,Week3,296.0 Hunter Mill - 106.0 Village West
Village West,Week4,Mount Vernon Park,Week5,322.0 Mount Vernon Park - 74.0 Village West
Villa Aquatic,Week5,Mansion House,Week1,223.0 Mansion House - 179.0 Villa Aquatic
Village West,Week5,Hunter Mill,Week1,287.0 Hunter Mill - 115.0 Village West
Virginia Hills,Week2,Burke Station,Week1,259.0 Burke Station - 114.0 Virginia Hills
Village West,Week2,Arlington Forest,Week1,280.0 Arlington Forest - 122.0 Village West
Villa Aquatic,Week5,Riverside Gardens,Week1,249.0 Riverside Gardens - 153.0 Villa Aquatic
Village West,Week5,Poplar Heights,Week1,274.0 Poplar Heights - 128.0 Village West
Village West,Week1,Newington Forest,Week4,215.0 Village West - 187.0 Newington Forest
Villa Aquatic,Week3,Riverside Gardens,Week5,268.0 Riverside Gardens - 134.0 Villa Aquatic
Village West,Week5,Mosby Woods,Week4,289.0 Mosby Woods - 113.0 Village West
Village West,Week2,Annandale,Week1,225.0 Village West - 177.0 Annandale
Village West,Week3,Mount Vernon Park,Week2,304.0 Mount Vernon Park - 98.0 Village West
Village West,Week4,Hunter Mill,Week5,300.0 Hunter Mill - 97.0 Village West
Village West,Week2,Annandale,Week5,206.0 Village West - 196.0 Annandale
Virginia Hills,Week2,Burke Station,Week3,280.0 Burke Station - 111.0 Virginia Hills
Village West,Week1,Ilda Community,Week1,207.0 Village West - 191.0 Ilda Community
Virginia Hills,Week3,Burke Station,Week2,256.0 Burke Station - 145.0 Virginia Hills
Village West,Week1,Mount Vernon Park,Week4,318.0 Mount Vernon Park - 84.0 Village West
Village West,Week3,Poplar Heights,Week1,264.0 Poplar Heights - 138.0 Village West
Villa Aquatic,Week4,Rolling Forest,Week2,219.0 Villa Aquatic - 183.0 Rolling Forest
Village West,Week5,Annandale,Week3,204.0 Village West - 198.0 Annandale
Villa Aquatic,Week4,Mansion House,Week5,229.0 Mansion House - 173.0 Villa Aquatic
Village West,Week5,Mount Vernon Park,Week5,326.0 Mount Vernon Park - 75.0 Village West
Villa Aquatic,Week5,Riverside Gardens,Week2,237.5 Riverside Gardens - 164.5 Villa Aquatic
Village West,Week4,Hunter Mill,Week2,280.0 Hunter Mill - 117.0 Village West
Village West,Week2,Poplar Heights,Week2,296.0 Poplar Heights - 106.0 Village West
Village West,Week2,Poplar Heights,Week4,295.0 Poplar Heights - 107.0 Village West
Virginia Hills,Week3,Burke Station,Week5,277.0 Burke Station - 125.0 Virginia Hills
Village West,Week1,Arlington Forest,Week1,277.0 Arlington Forest - 125.0 Village West
Virginia Hills,Week3,Burke Station,Week4,250.0 Burke Station - 152.0 Virginia Hills
Village West,Week5,Mount Vernon Park,Week2,296.0 Mount Vernon Park - 106.0 Village West
Villa Aquatic,Week5,Rolling Forest,Week4,219.0 Villa Aquatic - 183.0 Rolling Forest
Villa Aquatic,Week5,Mansion House,Week5,220.0 Mansion House - 182.0 Villa Aquatic
Villa Aquatic,Week1,Mantua,Week3,299.0 Mantua - 103.0 Villa Aquatic
Village West,Week5,Hunter Mill,Week4,296.0 Hunter Mill - 106.0 Village West
Villa Aquatic,Week4,Rolling Forest,Week1,205.0 Villa Aquatic - 197.0 Rolling Forest
Virginia Hills,Week4,Burke Station,Week2,250.0 Burke Station - 148.0 Virginia Hills
Villa Aquatic,Week1,Rolling Hills,Week2,213.0 Villa Aquatic - 189.0 Rolling Hills
Village West,Week4,Hunter Mill,Week4,289.0 Hunter Mill - 108.0 Village West
Village West,Week1,Arlington Forest,Week4,296.0 Arlington Forest - 106.0 Village West
Village West,Week4,Annandale,Week3,203.0 Annandale - 194.0 Village West
Village West,Week1,Mount Vernon Park,Week3,324.0 Mount Vernon Park - 78.0 Village West
Villa Aquatic,Week2,Rolling Forest,Week1,214.0 Rolling Forest - 188.0 Villa Aquatic
Village West,Week3,Poplar Heights,Week2,277.0 Poplar Heights - 125.0 Village West
Village West,Week3,Mount Vernon Park,Week4,303.0 Mount Vernon Park - 99.0 Village West
Village West,Week4,Poplar Heights,Week1,276.0 Poplar Heights - 121.0 Village West
Villa Aquatic,Week1,Mantua,Week4,272.0 Mantua - 130.0 Villa Aquatic
Village West,Week1,Poplar Tree,Week5,312.5 Poplar Tree - 89.5 Village West
Village West,Week2,Arlington Forest,Week3,254.0 Arlington Forest - 147.0 Village West
Village West,Week1,Arlington Forest,Week5,290.0 Arlington Forest - 112.0 Village West
Villa Aquatic,Week3,Mansion House,Week4,207.0 Villa Aquatic - 195.0 Mansion House
Village West,Week3,Mount Vernon Park,Week3,300.0 Mount Vernon Park - 102.0 Village West
Virginia Hills,Week3,Burke Station,Week3,265.0 Burke Station - 131.0 Virginia Hills
Villa Aquatic,Week5,Mansion House,Week2,211.0 Mansion House - 191.0 Villa Aquatic
Village West,Week1,Ilda Community,Week2,209.0 Village West - 192.0 Ilda Community
Virginia Hills,Week4,Burke Station,Week1,249.0 Burke Station - 126.0 Virginia Hills
Villa Aquatic,Week4,Hamlet,Week3,303.0 Hamlet - 99.0 Villa Aquatic
Villa Aquatic,Week4,Rolling Forest,Week4,225.0 Villa Aquatic - 177.0 Rolling Forest
Virginia Hills,Week4,Burke Station,Week3,262.0 Burke Station - 133.0 Virginia Hills
Villa Aquatic,Week1,Mantua,Week5,300.0 Mantua - 102.0 Villa Aquatic
Village West,Week4,Poplar Heights,Week4,295.0 Poplar Heights - 102.0 Village West
Village West,Week1,Arlington Forest,Week2,273.0 Arlington Forest - 129.0 Village West
Villa Aquatic,Week3,Hamlet,Week3,280.0 Hamlet - 122.0 Villa Aquatic
Villa Aquatic,Week4,Mansion House,Week4,202.0 Mansion House - 200.0 Villa Aquatic
Village West,Week3,Annandale,Week2,224.0 Village West - 178.0 Annandale
Villa Aquatic,Week1,Rolling Forest,Week1,229.0 Rolling Forest - 173.0 Villa Aquatic
Village West,Week1,Ilda Community,Week4,202.0 Ilda Community - 199.0 Village West
Village West,Week3,Poplar Heights,Week5,283.0 Poplar Heights - 119.0 Village West
Village West,Week1,Ilda Community,Week3,217.0 Village West - 184.0 Ilda Community
Village West,Week1,Mount Vernon Park,Week5,331.5 Mount Vernon Park - 69.5 Village West
Village West,Week4,Mount Vernon Park,Week1,312.0 Mount Vernon Park - 85.0 Village West
Village West,Week4,Annandale,Week2,222.0 Village West - 175.0 Annandale
Village West,Week1,Annandale,Week3,203.0 Annandale - 199.0 Village West
Village West,Week2,Annandale,Week3,210.0 Village West - 192.0 Annandale
Villa Aquatic,Week4,Hamlet,Week5,312.0 Hamlet - 90.0 Villa Aquatic
Villa Aquatic,Week5,Hamlet,Week2,299.5 Hamlet - 102.5 Villa Aquatic
Virginia Hills,Week5,Burke Station,Week1,241.0 Burke Station - 137.0 Virginia Hills
Virginia Hills,Week5,Burke Station,Week2,241.0 Burke Station - 160.0 Virginia Hills
Villa Aquatic,Week5,Rolling Forest,Week5,209.0 Rolling Forest - 193.0 Villa Aquatic
Village West,Week5,Poplar Heights,Week3,287.0 Poplar Heights - 115.0 Village West
Village West,Week2,Mount Vernon Park,Week1,317.0 Mount Vernon Park - 85.0 Village West
Village West,Week5,Poplar Heights,Week5,288.0 Poplar Heights - 114.0 Village West
Village West,Week1,Mount Vernon Park,Week1,317.0 Mount Vernon Park - 85.0 Village West
Village West,Week4,Hunter Mill,Week3,293.0 Hunter Mill - 104.0 Village West
Villa Aquatic,Week3,Rolling Forest,Week1,229.0 Villa Aquatic - 173.0 Rolling Forest
Village West,Week2,Ilda Community,Week1,221.0 Village West - 181.0 Ilda Community
Village West,Week4,Annandale,Week5,210.0 Village West - 187.0 Annandale
Village West,Week1,Ilda Community,Week5,206.0 Ilda Community - 191.0 Village West
Villa Aquatic,Week1,Mantua,Week1,273.0 Mantua - 129.0 Villa Aquatic
Villa Aquatic,Week2,Hamlet,Week3,306.0 Hamlet - 96.0 Villa Aquatic
Villa Aquatic,Week2,Mantua,Week1,269.0 Mantua - 133.0 Villa Aquatic
Villa Aquatic,Week2,Mantua,Week3,295.0 Mantua - 107.0 Villa Aquatic
Virginia Hills,Week4,Burke Station,Week4,251.0 Burke Station - 151.0 Virginia Hills
Village West,Week2,Poplar Tree,Week1,286.0 Poplar Tree - 116.0 Village West
Village West,Week5,Mosby Woods,Week5,292.0 Mosby Woods - 110.0 Village West
Villa Aquatic,Week2,Mantua,Week4,270.0 Mantua - 132.0 Villa Aquatic
Virginia Hills,Week4,Burke Station,Week5,275.0 Burke Station - 126.0 Virginia Hills
Village West,Week4,Poplar Heights,Week5,295.0 Poplar Heights - 102.0 Village West
Village West,Week1,Mount Vernon Park,Week2,310.0 Mount Vernon Park - 92.0 Village West
Village West,Week2,Ilda Community,Week2,214.0 Village West - 188.0 Ilda Community
Village West,Week2,Annandale,Week2,212.0 Village West - 189.0 Annandale
Villa Aquatic,Week1,Rolling Forest,Week2,216.0 Rolling Forest - 186.0 Villa Aquatic
Villa Aquatic,Week5,Greenbriar,Week2,227.0 Greenbriar - 175.0 Villa Aquatic
Villa Aquatic,Week4,Greenbriar,Week4,212.0 Villa Aquatic - 190.0 Greenbriar
Village West,Week3,Mount Vernon Park,Week5,311.0 Mount Vernon Park - 91.0 Village West
Villa Aquatic,Week3,Rolling Forest,Week2,225.0 Villa Aquatic - 177.0 Rolling Forest
Villa Aquatic,Week4,Hamlet,Week1,294.0 Hamlet - 108.0 Villa Aquatic
Villa Aquatic,Week4,McLean,Week4,279.0 McLean - 123.0 Villa Aquatic
Village West,Week3,Annandale,Week3,212.0 Village West - 190.0 Annandale
Village West,Week2,Arlington Forest,Week5,280.0 Arlington Forest - 122.0 Village West
Villa Aquatic,Week3,Hamlet,Week2,286.0 Hamlet - 116.0 Villa Aquatic
Virginia Hills,Week5,Burke Station,Week3,259.0 Burke Station - 137.0 Virginia Hills
Villa Aquatic,Week3,Mantua,Week2,224.0 Mantua - 178.0 Villa Aquatic
Village West,Week4,Poplar Heights,Week3,298.0 Poplar Heights - 99.0 Village West
Villa Aquatic,Week1,Hamlet,Week3,311.0 Hamlet - 91.0 Villa Aquatic
Villa Aquatic,Week5,Mantua,Week4,235.0 Mantua - 167.0 Villa Aquatic
Village West,Week2,Poplar Tree,Week3,293.0 Poplar Tree - 109.0 Village West
Villa Aquatic,Week4,Rolling Forest,Week5,208.0 Rolling Forest - 194.0 Villa Aquatic
Villa Aquatic,Week1,Rolling Forest,Week3,238.0 Rolling Forest - 164.0 Villa Aquatic
Villa Aquatic,Week2,Rolling Forest,Week3,240.0 Rolling Forest - 162.0 Villa Aquatic
Village West,Week5,Annandale,Week2,221.0 Village West - 181.0 Annandale
Village West,Week5,Mosby Woods,Week3,295.0 Mosby Woods - 102.0 Village West
Village West,Week5,Mosby Woods,Week2,287.0 Mosby Woods - 115.0 Village West
Villa Aquatic,Week1,Hamlet,Week1,307.5 Hamlet - 94.5 Villa Aquatic
Villa Aquatic,Week2,Rolling Forest,Week5,234.0 Rolling Forest - 168.0 Villa Aquatic
Villa Aquatic,Week2,McLean,Week4,287.0 McLean - 115.0 Villa Aquatic
Villa Aquatic,Week3,Hamlet,Week5,304.0 Hamlet - 98.0 Villa Aquatic
Village West,Week5,Poplar Heights,Week2,287.0 Poplar Heights - 115.0 Village West
Village West,Week3,Mount Vernon Park,Week1,301.0 Mount Vernon Park - 101.0 Village West
Village West,Week2,Arlington Forest,Week4,295.0 Arlington Forest - 107.0 Village West
Villa Aquatic,Week5,Greenbriar,Week5,203.0 Villa Aquatic - 199.0 Greenbriar
Village West,Week4,Annandale,Week4,227.0 Village West - 170.0 Annandale
Villa Aquatic,Week2,Hamlet,Week5,303.0 Hamlet - 99.0 Villa Aquatic
Village West,Week4,Mount Vernon Park,Week4,316.0 Mount Vernon Park - 81.0 Village West
Villa Aquatic,Week2,Rolling Forest,Week2,203.0 Rolling Forest - 199.0 Villa Aquatic
Villa Aquatic,Week5,Rolling Forest,Week1,222.0 Villa Aquatic - 180.0 Rolling Forest
Village West,Week1,Poplar Tree,Week1,302.0 Poplar Tree - 100.0 Village West
Village West,Week2,Arlington Forest,Week2,261.0 Arlington Forest - 141.0 Village West
Village West,Week5,Poplar Heights,Week4,287.0 Poplar Heights - 115.0 Village West
Village West,Week4,Poplar Heights,Week2,288.0 Poplar Heights - 109.0 Village West
Villa Aquatic,Week5,Mantua,Week5,262.0 Mantua - 140.0 Villa Aquatic
Villa Aquatic,Week1,McLean,Week4,285.0 McLean - 117.0 Villa Aquatic
Villa Aquatic,Week3,McLean,Week4,259.0 McLean - 143.0 Villa Aquatic
Villa Aquatic,Week3,Rolling Forest,Week3,206.0 Villa Aquatic - 196.0 Rolling Forest
Village West,Week5,Annandale,Week5,219.0 Village West - 183.0 Annandale
Village West,Week1,Poplar Tree,Week2,284.0 Poplar Tree - 118.0 Village West
Villa Aquatic,Week4,McLean,Week2,292.5 McLean - 109.5 Villa Aquatic
Village West,Week2,Mount Vernon Park,Week3,322.0 Mount Vernon Park - 80.0 Village West
Village West,Week2,Mount Vernon Park,Week2,312.0 Mount Vernon Park - 90.0 Village West
Village West,Week5,Mount Vernon Park,Week1,308.5 Mount Vernon Park - 93.5 Village West
Villa Aquatic,Week2,Rolling Hills,Week2,211.0 Villa Aquatic - 191.0 Rolling Hills
Village West,Week1,Brandywine,Week3,257.0 Brandywine - 144.0 Village West
Village West,Week3,Arlington Forest,Week3,224.0 Arlington Forest - 178.0 Village West
Villa Aquatic,Week5,Riverside Gardens,Week5,276.0 Riverside Gardens - 126.0 Villa Aquatic
Villa Aquatic,Week2,McLean,Week2,299.0 McLean - 103.0 Villa Aquatic
Village West,Week5,Mount Vernon Park,Week3,310.0 Mount Vernon Park - 92.0 Village West
Village West,Week2,Ravensworth Farm,Week4,291.0 Ravensworth Farm - 111.0 Village West
Villa Aquatic,Week2,Rolling Forest,Week4,208.0 Rolling Forest - 194.0 Villa Aquatic
Village West,Week1,Newington Forest,Week1,229.0 Village West - 168.0 Newington Forest
Village West,Week2,Ravensworth Farm,Week2,271.0 Ravensworth Farm - 130.0 Village West
Villa Aquatic,Week4,Greenbriar,Week5,208.0 Greenbriar - 194.0 Villa Aquatic
Village West,Week1,Ravensworth Farm,Week5,302.0 Ravensworth Farm - 100.0 Village West
Villa Aquatic,Week5,Greenbriar,Week4,216.0 Villa Aquatic - 186.0 Greenbriar
Village West,Week3,Brandywine,Week1,237.0 Brandywine - 165.0 Village West
Village West,Week1,Ravensworth Farm,Week1,302.0 Ravensworth Farm - 100.0 Village West
Villa Aquatic,Week1,Rolling Forest,Week5,231.0 Rolling Forest - 171.0 Villa Aquatic
Village West,Week2,Brandywine,Week2,243.0 Brandywine - 159.0 Village West
Village West,Week5,Mount Vernon Park,Week4,307.0 Mount Vernon Park - 95.0 Village West
Villa Aquatic,Week5,McLean,Week2,289.0 McLean - 113.0 Villa Aquatic
Villa Aquatic,Week5,Greenbriar,Week3,202.0 Greenbriar - 200.0 Villa Aquatic
Villa Aquatic,Week5,Mantua,Week3,264.0 Mantua - 138.0 Villa Aquatic
Villa Aquatic,Week1,Rolling Forest,Week4,211.0 Rolling Forest - 191.0 Villa Aquatic
Villa Aquatic,Week4,Greenbriar,Week3,213.0 Greenbriar - 189.0 Villa Aquatic
Village West,Week3,Brandywine,Week3,248.0 Brandywine - 153.0 Village West
Villa Aquatic,Week2,Hamlet,Week2,305.0 Hamlet - 97.0 Villa Aquatic
Villa Aquatic,Week4,Rolling Forest,Week3,213.0 Rolling Forest - 189.0 Villa Aquatic
Village West,Week1,Newington Forest,Week2,229.0 Village West - 168.0 Newington Forest
Villa Aquatic,Week1,McLean,Week2,297.0 McLean - 105.0 Villa Aquatic
Village West,Week4,Poplar Tree,Week5,315.0 Poplar Tree - 82.0 Village West
Village West,Week1,Newington Forest,Week3,220.0 Village West - 181.0 Newington Forest
Village West,Week3,Ravensworth Farm,Week4,274.0 Ravensworth Farm - 128.0 Village West
Village West,Week3,Arlington Forest,Week4,272.0 Arlington Forest - 130.0 Village West
Villa Aquatic,Week4,Mantua,Week1,247.0 Mantua - 155.0 Villa Aquatic
Villa Aquatic,Week3,Mantua,Week5,257.5 Mantua - 144.5 Villa Aquatic
Village West,Week5,Arlington Forest,Week1,282.0 Arlington Forest - 120.0 Village West
Villa Aquatic,Week3,Rolling Forest,Week4,215.0 Villa Aquatic - 187.0 Rolling Forest
Villa Aquatic,Week3,Mantua,Week4,228.0 Mantua - 174.0 Villa Aquatic
Villa Aquatic,Week1,McLean,Week1,283.0 McLean - 119.0 Villa Aquatic
Village West,Week5,Poplar Tree,Week3,297.0 Poplar Tree - 105.0 Village West
Villa Aquatic,Week1,Hamlet,Week2,304.0 Hamlet - 98.0 Villa Aquatic
Village West,Week2,Newington Forest,Week3,223.0 Village West - 179.0 Newington Forest
Village West,Week3,Brandywine,Week2,245.0 Brandywine - 157.0 Village West
Villa Aquatic,Week1,McLean,Week3,297.0 McLean - 105.0 Villa Aquatic
Village West,Week5,Newington Forest,Week3,230.0 Village West - 172.0 Newington Forest
Villa Aquatic,Week3,Hamlet,Week1,271.0 Hamlet - 131.0 Villa Aquatic
Village West,Week2,Poplar Tree,Week4,279.0 Poplar Tree - 123.0 Village West
Village West,Week3,Poplar Tree,Week3,282.0 Poplar Tree - 120.0 Village West
Village West,Week1,Newington Forest,Week5,215.0 Newington Forest - 187.0 Village West
Villa Aquatic,Week3,Rolling Forest,Week5,206.0 Villa Aquatic - 196.0 Rolling Forest
Villa Aquatic,Week2,Hamlet,Week4,288.0 Hamlet - 114.0 Villa Aquatic
Villa Aquatic,Week4,Hamlet,Week4,281.0 Hamlet - 121.0 Villa Aquatic
Village West,Week3,Arlington Forest,Week2,245.0 Arlington Forest - 157.0 Village West
Village West,Week5,Newington Forest,Week4,214.0 Village West - 183.0 Newington Forest
Villa Aquatic,Week1,Rolling Hills,Week1,233.0 Villa Aquatic - 169.0 Rolling Hills
Village West,Week4,Newington Forest,Week4,220.0 Village West - 177.0 Newington Forest
Village West,Week1,Ravensworth Farm,Week4,289.0 Ravensworth Farm - 113.0 Village West
Villa Aquatic,Week4,Mantua,Week4,253.0 Mantua - 149.0 Villa Aquatic
Villa Aquatic,Week1,Hamlet,Week4,288.0 Hamlet - 114.0 Villa Aquatic
Village West,Week2,Ravensworth Farm,Week5,302.0 Ravensworth Farm - 100.0 Village West
Villa Aquatic,Week5,Rolling Forest,Week3,206.0 Rolling Forest - 196.0 Villa Aquatic
Village West,Week3,North Springfield,Week3,247.0 Village West - 149.0 North Springfield
Village West,Week3,Brandywine,Week5,272.0 Brandywine - 130.0 Village West
Villa Aquatic,Week2,Hamlet,Week1,294.5 Hamlet - 107.5 Villa Aquatic
Villa Aquatic,Week1,Rolling Hills,Week5,225.0 Villa Aquatic - 177.0 Rolling Hills
Villa Aquatic,Week3,Daventry,Week3,316.0 Villa Aquatic - 86.0 Daventry
Village West,Week3,Ravensworth Farm,Week1,265.0 Ravensworth Farm - 137.0 Village West
Villa Aquatic,Week2,McLean,Week3,286.0 McLean - 116.0 Villa Aquatic
Village West,Week2,Brandywine,Week3,257.0 Brandywine - 145.0 Village West
Villa Aquatic,Week1,Rolling Hills,Week4,223.0 Villa Aquatic - 179.0 Rolling Hills
Villa Aquatic,Week4,Mantua,Week3,279.0 Mantua - 123.0 Villa Aquatic
Villa Aquatic,Week2,Rolling Hills,Week1,210.0 Villa Aquatic - 192.0 Rolling Hills
Villa Aquatic,Week2,Daventry,Week1,287.0 Villa Aquatic - 115.0 Daventry
Village West,Week3,Newington Forest,Week4,231.0 Village West - 171.0 Newington Forest
Villa Aquatic,Week5,Greenbriar,Week1,207.0 Villa Aquatic - 195.0 Greenbriar
Village West,Week5,Poplar Tree,Week4,279.0 Poplar Tree - 123.0 Village West
Villa Aquatic,Week1,Rolling Hills,Week3,224.0 Villa Aquatic - 178.0 Rolling Hills
Village West,Week4,Poplar Tree,Week1,294.0 Poplar Tree - 103.0 Village West
Villa Aquatic,Week3,Rolling Hills,Week1,275.0 Villa Aquatic - 127.0 Rolling Hills
Village West,Week3,Arlington Forest,Week5,255.0 Arlington Forest - 147.0 Village West
Village West,Week2,Brandywine,Week4,283.0 Brandywine - 119.0 Village West
Village West,Week4,Arlington Forest,Week1,274.0 Arlington Forest - 123.0 Village West
Villa Aquatic,Week5,Hamlet,Week1,273.0 Hamlet - 129.0 Villa Aquatic
Villa Aquatic,Week2,McLean,Week1,285.0 McLean - 117.0 Villa Aquatic
Village West,Week3,Poplar Tree,Week5,292.0 Poplar Tree - 110.0 Village West
Village West,Week1,North Springfield,Week3,231.0 Village West - 165.0 North Springfield
Villa Aquatic,Week3,Rolling Hills,Week4,268.0 Villa Aquatic - 133.0 Rolling Hills
Villa Aquatic,Week4,Hamlet,Week2,307.0 Hamlet - 95.0 Villa Aquatic
Village West,Week3,Brandywine,Week4,268.5 Brandywine - 133.5 Village West
Village West,Week4,Brandywine,Week1,243.0 Brandywine - 154.0 Village West
Villa Aquatic,Week5,Mantua,Week1,219.0 Mantua - 183.0 Villa Aquatic
Village West,Week2,Poplar Tree,Week5,320.0 Poplar Tree - 82.0 Village West
Village West,Week3,Ravensworth Farm,Week2,238.0 Ravensworth Farm - 164.0 Village West
Villa Aquatic,Week2,McLean,Week5,300.0 McLean - 102.0 Villa Aquatic
Villa Aquatic,Week3,Daventry,Week2,318.0 Villa Aquatic - 83.0 Daventry
Village West,Week3,Newington Forest,Week2,237.5 Village West - 162.5 Newington Forest
Villa Aquatic,Week3,Hamlet,Week4,275.0 Hamlet - 127.0 Villa Aquatic
Villa Aquatic,Week5,Rolling Forest,Week2,230.0 Villa Aquatic - 172.0 Rolling Forest
Villa Aquatic,Week5,Mantua,Week2,231.0 Mantua - 171.0 Villa Aquatic
Village West,Week1,North Springfield,Week4,245.0 Village West - 146.0 North Springfield
Village West,Week4,Newington Forest,Week1,240.0 Village West - 153.0 Newington Forest
Villa Aquatic,Week1,Hamlet,Week5,320.0 Hamlet - 82.0 Villa Aquatic
Village West,Week3,North Springfield,Week2,260.5 Village West - 126.5 North Springfield
Villa Aquatic,Week4,High Point Pool,Week5,228.0 High Point Pool - 174.0 Villa Aquatic
Villa Aquatic,Week2,Highland Park,Week3,223.0 Highland Park - 179.0 Villa Aquatic
Village West,Week3,Poplar Tree,Week1,270.0 Poplar Tree - 132.0 Village West
Villa Aquatic,Week2,Hayfield Farm,Week4,222.0 Hayfield Farm - 180.0 Villa Aquatic
Village West,Week4,Arlington Forest,Week4,285.0 Arlington Forest - 112.0 Village West
Villa Aquatic,Week4,Mantua,Week5,268.0 Mantua - 134.0 Villa Aquatic
Villa Aquatic,Week5,Daventry,Week3,320.0 Villa Aquatic - 82.0 Daventry
Village West,Week5,Poplar Tree,Week1,299.0 Poplar Tree - 103.0 Village West
Villa Aquatic,Week3,Rolling Hills,Week5,267.5 Villa Aquatic - 134.5 Rolling Hills
Villa Aquatic,Week5,Hayfield Farm,Week3,209.0 Hayfield Farm - 193.0 Villa Aquatic
Villa Aquatic,Week3,McLean,Week2,270.0 McLean - 132.0 Villa Aquatic
Villa Aquatic,Week3,High Point Pool,Week4,217.0 High Point Pool - 185.0 Villa Aquatic
Villa Aquatic,Week3,McLean,Week1,263.0 McLean - 139.0 Villa Aquatic
Village West,Week2,North Springfield,Week1,261.0 Village West - 88.0 North Springfield
Villa Aquatic,Week4,Rolling Hills,Week5,252.0 Villa Aquatic - 150.0 Rolling Hills
Village West,Week5,Arlington Forest,Week3,241.5 Arlington Forest - 159.5 Village West
Villa Aquatic,Week4,Hayfield Farm,Week4,204.0 Villa Aquatic - 198.0 Hayfield Farm
Villa Aquatic,Week2,Daventry,Week4,295.0 Villa Aquatic - 107.0 Daventry
Village West,Week5,Arlington Forest,Week5,287.0 Arlington Forest - 115.0 Village West
Villa Aquatic,Week4,Rolling Hills,Week4,259.0 Villa Aquatic - 143.0 Rolling Hills
Villa Aquatic,Week3,High Point Pool,Week5,225.0 High Point Pool - 177.0 Villa Aquatic
Villa Aquatic,Week1,Herndon,Week3,299.0 Villa Aquatic - 103.0 Herndon
Village West,Week4,Arlington Forest,Week3,246.0 Arlington Forest - 150.0 Village West
Village West,Week4,Poplar Tree,Week2,282.0 Poplar Tree - 115.0 Village West
Villa Aquatic,Week5,Crosspointe,Week4,243.0 Crosspointe - 159.0 Villa Aquatic
Villa Aquatic,Week5,Daventry,Week4,324.0 Villa Aquatic - 78.0 Daventry
Village West,Week5,Poplar Tree,Week5,308.0 Poplar Tree - 94.0 Village West
Villa Aquatic,Week2,High Point Pool,Week5,247.0 High Point Pool - 155.0 Villa Aquatic
Villa Aquatic,Week5,Hayfield Farm,Week5,211.0 Villa Aquatic - 191.0 Hayfield Farm
Village West,Week2,Newington Forest,Week1,238.0 Village West - 160.0 Newington Forest
Village West,Week4,Newington Forest,Week5,201.0 Village West - 196.0 Newington Forest
Village West,Week1,Brandywine,Week5,286.0 Brandywine - 116.0 Village West
Village West,Week5,Newington Forest,Week1,237.0 Village West - 161.0 Newington Forest
Villa Aquatic,Week5,Rolling Hills,Week1,264.0 Villa Aquatic - 138.0 Rolling Hills
Village West,Week1,Ravensworth Farm,Week3,296.0 Ravensworth Farm - 105.0 Village West
Villa Aquatic,Week4,Mantua,Week2,242.0 Mantua - 160.0 Villa Aquatic
Villa Aquatic,Week3,Rolling Hills,Week2,253.0 Villa Aquatic - 149.0 Rolling Hills
Village West,Week1,Brandywine,Week4,268.0 Brandywine - 134.0 Village West
Villa Aquatic,Week1,Daventry,Week2,288.0 Villa Aquatic - 114.0 Daventry
Villa Aquatic,Week1,McLean,Week5,301.5 McLean - 100.5 Villa Aquatic
Villa Aquatic,Week5,Rolling Hills,Week2,251.0 Villa Aquatic - 151.0 Rolling Hills
Village West,Week5,Newington Forest,Week5,204.0 Newington Forest - 198.0 Village West
Village West,Week4,Poplar Tree,Week3,304.0 Poplar Tree - 93.0 Village West
Villa Aquatic,Week3,McLean,Week3,269.0 McLean - 133.0 Villa Aquatic
Villa Aquatic,Week5,Crosspointe,Week5,276.0 Crosspointe - 126.0 Villa Aquatic
Villa Aquatic,Week5,Rolling Hills,Week3,258.0 Villa Aquatic - 144.0 Rolling Hills
Villa Aquatic,Week5,Rolling Hills,Week4,254.0 Villa Aquatic - 148.0 Rolling Hills
Villa Aquatic,Week5,Hamlet,Week3,296.0 Hamlet - 106.0 Villa Aquatic
Villa Aquatic,Week5,Hamlet,Week4,287.0 Hamlet - 115.0 Villa Aquatic
Village West,Week3,North Springfield,Week1,271.0 Village West - 79.0 North Springfield
Villa Aquatic,Week4,Daventry,Week5,291.5 Villa Aquatic - 110.5 Daventry
Villa Aquatic,Week4,Daventry,Week4,315.0 Villa Aquatic - 87.0 Daventry
Village West,Week1,Brandywine,Week1,255.0 Brandywine - 147.0 Village West
Village West,Week1,North Springfield,Week1,254.0 Village West - 93.0 North Springfield
Village West,Week5,Arlington Forest,Week2,257.0 Arlington Forest - 145.0 Village West
Villa Aquatic,Week2,Hayfield Farm,Week1,218.0 Hayfield Farm - 184.0 Villa Aquatic
Village West,Week4,Poplar Tree,Week4,272.0 Poplar Tree - 125.0 Village West
Villa Aquatic,Week4,McLean,Week3,284.0 McLean - 118.0 Villa Aquatic
Village West,Week2,Newington Forest,Week4,209.0 Village West - 193.0 Newington Forest
Villa Aquatic,Week4,Highland Park,Week2,202.0 Highland Park - 200.0 Villa Aquatic
Villa Aquatic,Week1,Rolling Valley,Week1,290.0 Villa Aquatic - 112.0 Rolling Valley
Villa Aquatic,Week1,Hayfield Farm,Week4,234.5 Hayfield Farm - 167.5 Villa Aquatic
Villa Aquatic,Week4,High Point Pool,Week1,227.0 High Point Pool - 175.0 Villa Aquatic
Villa Aquatic,Week4,Hayfield Farm,Week1,204.0 Hayfield Farm - 198.0 Villa Aquatic
Villa Aquatic,Week3,McLean,Week5,286.0 McLean - 116.0 Villa Aquatic
Villa Aquatic,Week3,Daventry,Week1,321.0 Villa Aquatic - 81.0 Daventry
Village West,Week5,Poplar Tree,Week2,291.0 Poplar Tree - 106.0 Village West
Villa Aquatic,Week5,McLean,Week1,278.0 McLean - 124.0 Villa Aquatic
Villa Aquatic,Week1,Highland Park,Week3,220.0 Highland Park - 182.0 Villa Aquatic
Villa Aquatic,Week3,Hayfield Farm,Week4,220.0 Villa Aquatic - 182.0 Hayfield Farm
Village West,Week4,Arlington Forest,Week5,277.0 Arlington Forest - 120.0 Village West
Village West,Week3,Poplar Tree,Week4,261.0 Poplar Tree - 141.0 Village West
Village West,Week3,Poplar Tree,Week2,267.0 Poplar Tree - 135.0 Village West
Village West,Week5,Arlington Forest,Week4,284.0 Arlington Forest - 118.0 Village West
Villa Aquatic,Week1,Daventry,Week1,283.0 Villa Aquatic - 119.0 Daventry
Village West,Week1,Ravensworth Farm,Week2,263.0 Ravensworth Farm - 139.0 Village West
Villa Aquatic,Week4,Daventry,Week1,306.0 Villa Aquatic - 96.0 Daventry
Village West,Week1,Brandywine,Week2,261.0 Brandywine - 141.0 Village West
Villa Aquatic,Week3,Highland Park,Week3,217.0 Villa Aquatic - 185.0 Highland Park
Village West,Week3,Newington Forest,Week1,246.0 Village West - 155.0 Newington Forest
Villa Aquatic,Week1,Rolling Valley,Week3,274.0 Villa Aquatic - 128.0 Rolling Valley
Villa Aquatic,Week2,Highland Park,Week2,229.0 Highland Park - 173.0 Villa Aquatic
Villa Aquatic,Week4,High Point Pool,Week4,232.0 High Point Pool - 170.0 Villa Aquatic
Village West,Week4,Arlington Forest,Week2,261.0 Arlington Forest - 136.0 Village West
Villa Aquatic,Week4,McLean,Week5,294.0 McLean - 108.0 Villa Aquatic
Villa Aquatic,Week4,McLean,Week1,275.0 McLean - 127.0 Villa Aquatic
Villa Aquatic,Week1,Rolling Valley,Week2,266.0 Villa Aquatic - 136.0 Rolling Valley
Village West,Week2,North Springfield,Week2,246.0 Village West - 140.0 North Springfield
Villa Aquatic,Week5,Dominion Hills,Week2,214.0 Villa Aquatic - 188.0 Dominion Hills
Villa Aquatic,Week3,Mosby Woods,Week3,249.0 Mosby Woods - 153.0 Villa Aquatic
Villa Aquatic,Week1,Mount Vernon Park,Week1,263.0 Mount Vernon Park - 139.0 Villa Aquatic
Villa Aquatic,Week4,High Point Pool,Week3,225.0 High Point Pool - 177.0 Villa Aquatic
Villa Aquatic,Week2,Mosby Woods,Week2,277.5 Mosby Woods - 124.5 Villa Aquatic
Village West,Week2,Newington Forest,Week5,208.0 Newington Forest - 194.0 Village West
Villa Aquatic,Week1,Rolling Valley,Week4,271.0 Villa Aquatic - 131.0 Rolling Valley
Village West,Week2,Brandywine,Week1,252.0 Brandywine - 150.0 Village West
Villa Aquatic,Week2,Rolling Hills,Week5,219.0 Villa Aquatic - 183.0 Rolling Hills
Villa Aquatic,Week1,Highland Park,Week4,243.0 Highland Park - 159.0 Villa Aquatic
Villa Aquatic,Week5,Hayfield Farm,Week1,216.0 Villa Aquatic - 186.0 Hayfield Farm
Villa Aquatic,Week4,Hayfield Farm,Week3,212.0 Hayfield Farm - 190.0 Villa Aquatic
Village West,Week3,Newington Forest,Week5,218.0 Village West - 184.0 Newington Forest
Villa Aquatic,Week3,Rolling Hills,Week3,267.0 Villa Aquatic - 135.0 Rolling Hills
Village West,Week2,Brandywine,Week5,286.0 Brandywine - 116.0 Village West
Village West,Week2,Ravensworth Farm,Week3,298.0 Ravensworth Farm - 103.0 Village West
Villa Aquatic,Week3,Dominion Hills,Week4,215.0 Dominion Hills - 187.0 Villa Aquatic
Village West,Week4,Newington Forest,Week2,234.5 Village West - 158.5 Newington Forest
Villa Aquatic,Week1,Highland Park,Week1,235.5 Highland Park - 166.5 Villa Aquatic
Villa Aquatic,Week2,Daventry,Week2,297.0 Villa Aquatic - 105.0 Daventry
Villa Aquatic,Week4,High Point Pool,Week2,240.0 High Point Pool - 162.0 Villa Aquatic
Villa Aquatic,Week2,Dominion Hills,Week4,256.0 Dominion Hills - 146.0 Villa Aquatic
Villa Aquatic,Week3,Daventry,Week5,302.0 Villa Aquatic - 100.0 Daventry
Villa Aquatic,Week4,Mosby Woods,Week1,266.0 Mosby Woods - 136.0 Villa Aquatic
Village West,Week2,Ravensworth Farm,Week1,288.0 Ravensworth Farm - 114.0 Village West
Village West,Week3,Ravensworth Farm,Week3,278.0 Ravensworth Farm - 124.0 Village West
Villa Aquatic,Week4,Hayfield Farm,Week2,214.5 Villa Aquatic - 187.5 Hayfield Farm
Village West,Week5,Brandywine,Week3,251.0 Brandywine - 142.0 Village West
Villa Aquatic,Week5,Daventry,Week1,319.0 Villa Aquatic - 83.0 Daventry
Villa Aquatic,Week4,Rolling Hills,Week1,248.0 Villa Aquatic - 154.0 Rolling Hills
Village West,Week3,Ravensworth Farm,Week5,279.0 Ravensworth Farm - 123.0 Village West
Village West,Week2,Newington Forest,Week2,221.0 Village West - 177.0 Newington Forest
Village West,Week4,Bren Mar-Edsall Park,Week2,322.0 Village West - 73.0 Bren Mar-Edsall Park
Villa Aquatic,Week1,Herndon,Week1,306.0 Villa Aquatic - 96.0 Herndon
Villa Aquatic,Week3,High Point Pool,Week1,218.0 High Point Pool - 184.0 Villa Aquatic
Village West,Week4,Newington Forest,Week3,233.0 Village West - 164.0 Newington Forest
Villa Aquatic,Week5,McLean,Week4,280.0 McLean - 122.0 Villa Aquatic
Villa Aquatic,Week4,Dominion Hills,Week2,209.0 Villa Aquatic - 193.0 Dominion Hills
Villa Aquatic,Week2,Rolling Hills,Week3,225.0 Villa Aquatic - 177.0 Rolling Hills
Villa Aquatic,Week4,Mosby Woods,Week3,261.0 Mosby Woods - 141.0 Villa Aquatic
Villa Aquatic,Week3,High Point Pool,Week2,233.0 High Point Pool - 169.0 Villa Aquatic
Village West,Week5,Ravensworth Farm,Week2,263.0 Ravensworth Farm - 139.0 Village West
Villa Aquatic,Week1,Daventry,Week3,289.0 Villa Aquatic - 112.0 Daventry
Village West,Week1,North Springfield,Week2,245.0 Village West - 142.0 North Springfield
Village West,Week5,Ravensworth Farm,Week1,290.0 Ravensworth Farm - 112.0 Village West
Villa Aquatic,Week4,Dominion Hills,Week1,231.0 Villa Aquatic - 171.0 Dominion Hills
Villa Aquatic,Week1,Rolling Valley,Week5,268.0 Villa Aquatic - 134.0 Rolling Valley
Villa Aquatic,Week4,Daventry,Week3,305.0 Villa Aquatic - 97.0 Daventry
Village West,Week2,Bren Mar-Edsall Park,Week2,319.0 Village West - 81.0 Bren Mar-Edsall Park
Villa Aquatic,Week3,Hayfield Farm,Week3,205.0 Villa Aquatic - 197.0 Hayfield Farm
Villa Aquatic,Week1,Hayfield Farm,Week1,216.0 Hayfield Farm - 186.0 Villa Aquatic
Villa Aquatic,Week1,Daventry,Week4,285.0 Villa Aquatic - 117.0 Daventry
Villa Aquatic,Week2,Highland Park,Week1,231.0 Highland Park - 171.0 Villa Aquatic
Villa Aquatic,Week5,Dominion Hills,Week4,220.0 Dominion Hills - 182.0 Villa Aquatic
Village West,Week2,Bren Mar-Edsall Park,Week4,301.0 Village West - 100.0 Bren Mar-Edsall Park
Villa Aquatic,Week1,Daventry,Week5,270.0 Villa Aquatic - 132.0 Daventry
Villa Aquatic,Week5,Rolling Hills,Week5,256.0 Villa Aquatic - 146.0 Rolling Hills
Villa Aquatic,Week1,Highland Park,Week5,239.0 Highland Park - 163.0 Villa Aquatic
Village West,Week2,North Springfield,Week3,233.0 Village West - 162.0 North Springfield
Villa Aquatic,Week3,Daventry,Week4,328.0 Villa Aquatic - 74.0 Daventry
Villa Aquatic,Week3,Hayfield Farm,Week1,230.0 Villa Aquatic - 172.0 Hayfield Farm
Villa Aquatic,Week1,Mosby Woods,Week2,288.0 Mosby Woods - 114.0 Villa Aquatic
Villa Aquatic,Week1,Mount Vernon Park,Week2,260.0 Mount Vernon Park - 142.0 Villa Aquatic
Villa Aquatic,Week5,High Point Pool,Week4,226.0 High Point Pool - 176.0 Villa Aquatic
Village West,Week4,Ravensworth Farm,Week3,292.0 Ravensworth Farm - 104.0 Village West
Village West,Week5,Bren Mar-Edsall Park,Week2,318.5 Village West - 81.5 Bren Mar-Edsall Park
Villa Aquatic,Week3,Crosspointe,Week4,243.0 Crosspointe - 159.0 Villa Aquatic
Villa Aquatic,Week4,Rolling Hills,Week3,247.0 Villa Aquatic - 155.0 Rolling Hills
Village West,Week2,Bren Mar-Edsall Park,Week5,296.0 Village West - 105.0 Bren Mar-Edsall Park
Villa Aquatic,Week2,High Point Pool,Week2,271.0 High Point Pool - 131.0 Villa Aquatic
Villa Aquatic,Week2,Hayfield Farm,Week3,244.0 Hayfield Farm - 158.0 Villa Aquatic
Villa Aquatic,Week1,Hayfield Farm,Week3,232.0 Hayfield Farm - 170.0 Villa Aquatic
Villa Aquatic,Week2,Daventry,Week5,276.0 Villa Aquatic - 126.0 Daventry
Villa Aquatic,Week2,Rolling Hills,Week4,213.0 Villa Aquatic - 189.0 Rolling Hills
Village West,Week4,Ravensworth Farm,Week4,280.0 Ravensworth Farm - 117.0 Village West
Village West,Week3,Newington Forest,Week3,246.0 Village West - 156.0 Newington Forest
Villa Aquatic,Week5,McLean,Week3,287.0 McLean - 115.0 Villa Aquatic
Villa Aquatic,Week1,Dominion Hills,Week5,250.0 Dominion Hills - 152.0 Villa Aquatic
Villa Aquatic,Week5,Dominion Hills,Week5,224.0 Dominion Hills - 178.0 Villa Aquatic
Villa Aquatic,Week2,Crosspointe,Week3,284.0 Crosspointe - 118.0 Villa Aquatic
Villa Aquatic,Week4,Rolling Hills,Week2,244.0 Villa Aquatic - 158.0 Rolling Hills
Village West,Week2,Riverside Gardens,Week5,326.0 Riverside Gardens - 76.0 Village West
Village West,Week5,Ravensworth Farm,Week5,307.0 Ravensworth Farm - 95.0 Village West
Village West,Week1,North Springfield,Week5,218.0 Village West - 155.0 North Springfield
Villa Aquatic,Week1,Hayfield Farm,Week2,220.0 Hayfield Farm - 182.0 Villa Aquatic
Villa Aquatic,Week5,Mosby Woods,Week1,263.0 Mosby Woods - 139.0 Villa Aquatic
Villa Aquatic,Week2,High Point Pool,Week3,246.0 High Point Pool - 156.0 Villa Aquatic
Villa Aquatic,Week2,Dominion Hills,Week2,236.0 Dominion Hills - 166.0 Villa Aquatic
Village West,Week5,Bren Mar-Edsall Park,Week4,292.0 Village West - 110.0 Bren Mar-Edsall Park
Village West,Week4,Ravensworth Farm,Week5,301.0 Ravensworth Farm - 96.0 Village West
Village West,Week5,Newington Forest,Week2,222.0 Village West - 176.0 Newington Forest
Village West,Week3,Bren Mar-Edsall Park,Week2,335.0 Village West - 67.0 Bren Mar-Edsall Park
Villa Aquatic,Week4,Mosby Woods,Week4,250.0 Mosby Woods - 152.0 Villa Aquatic
Villa Aquatic,Week3,Hayfield Farm,Week2,232.0 Villa Aquatic - 170.0 Hayfield Farm
Villa Aquatic,Week4,Dominion Hills,Week3,211.0 Villa Aquatic - 191.0 Dominion Hills
Villa Aquatic,Week3,Crosspointe,Week3,247.0 Crosspointe - 155.0 Villa Aquatic
Village West,Week2,North Springfield,Week4,258.0 Village West - 132.0 North Springfield
Villa Aquatic,Week2,Crosspointe,Week5,294.0 Crosspointe - 108.0 Villa Aquatic
Villa Aquatic,Week5,Country Club Hills,Week3,244.0 Villa Aquatic - 158.0 Country Club Hills
Villa Aquatic,Week4,Daventry,Week2,311.0 Villa Aquatic - 91.0 Daventry
Villa Aquatic,Week5,Dominion Hills,Week1,230.0 Villa Aquatic - 172.0 Dominion Hills
Villa Aquatic,Week5,Country Club Hills,Week4,234.0 Villa Aquatic - 168.0 Country Club Hills
Village West,Week1,Brookfield ,Week3,259.0 Brookfield - 142.0 Village West
Village West,Week4,Brandywine,Week3,242.0 Brandywine - 155.0 Village West
Villa Aquatic,Week5,High Point Pool,Week1,214.0 High Point Pool - 188.0 Villa Aquatic
Villa Aquatic,Week1,Mosby Woods,Week4,267.0 Mosby Woods - 135.0 Villa Aquatic
Villa Aquatic,Week3,Hayfield Farm,Week5,231.0 Villa Aquatic - 171.0 Hayfield Farm
Villa Aquatic,Week5,High Point Pool,Week5,218.0 High Point Pool - 184.0 Villa Aquatic
Villa Aquatic,Week2,High Point Pool,Week4,246.0 High Point Pool - 156.0 Villa Aquatic
Villa Aquatic,Week2,Daventry,Week3,291.0 Villa Aquatic - 111.0 Daventry
Village West,Week3,Bren Mar-Edsall Park,Week4,315.0 Village West - 87.0 Bren Mar-Edsall Park
Village West,Week1,Riverside Gardens,Week2,302.0 Riverside Gardens - 100.0 Village West
Villa Aquatic,Week4,Hayfield Farm,Week5,207.0 Villa Aquatic - 195.0 Hayfield Farm
Village West,Week5,Ravensworth Farm,Week4,289.0 Ravensworth Farm - 113.0 Village West
Village West,Week2,North Springfield,Week5,226.0 Village West - 146.0 North Springfield
Villa Aquatic,Week2,Crosspointe,Week1,289.0 Crosspointe - 113.0 Villa Aquatic
Village West,Week3,North Springfield,Week5,244.0 Village West - 129.0 North Springfield
Villa Aquatic,Week5,Daventry,Week5,292.0 Villa Aquatic - 110.0 Daventry
Village West,Week3,North Springfield,Week4,263.0 Village West - 128.0 North Springfield
Village West,Week1,Riverside Gardens,Week3,318.0 Riverside Gardens - 84.0 Village West
Villa Aquatic,Week5,Hamlet,Week5,306.0 Hamlet - 96.0 Villa Aquatic
Villa Aquatic,Week2,Mosby Woods,Week1,273.0 Mosby Woods - 129.0 Villa Aquatic
Villa Aquatic,Week3,Dominion Hills,Week3,209.0 Villa Aquatic - 193.0 Dominion Hills
Villa Aquatic,Week3,Crosspointe,Week1,248.5 Crosspointe - 153.5 Villa Aquatic
Village West,Week4,Brandywine,Week5,275.0 Brandywine - 122.0 Village West
Villa Aquatic,Week3,Mosby Woods,Week1,250.0 Mosby Woods - 152.0 Villa Aquatic
Villa Aquatic,Week5,High Point Pool,Week2,233.0 High Point Pool - 169.0 Villa Aquatic
Villa Aquatic,Week5,Mosby Woods,Week3,258.0 Mosby Woods - 144.0 Villa Aquatic
Villa Aquatic,Week5,Daventry,Week2,314.0 Villa Aquatic - 88.0 Daventry
Villa Aquatic,Week3,High Point Pool,Week3,215.0 High Point Pool - 187.0 Villa Aquatic
Village West,Week5,North Springfield,Week2,254.0 Village West - 133.0 North Springfield
Villa Aquatic,Week4,Crosspointe,Week3,263.0 Crosspointe - 139.0 Villa Aquatic
Villa Aquatic,Week5,Mosby Woods,Week2,262.0 Mosby Woods - 140.0 Villa Aquatic
Village West,Week1,Bren Mar-Edsall Park,Week5,297.0 Village West - 105.0 Bren Mar-Edsall Park
Villa Aquatic,Week4,Mosby Woods,Week2,262.0 Mosby Woods - 140.0 Villa Aquatic
Village West,Week1,Bren Mar-Edsall Park,Week2,325.0 Village West - 76.0 Bren Mar-Edsall Park
Village West,Week4,North Springfield,Week1,252.0 Village West - 91.0 North Springfield
Villa Aquatic,Week1,Dominion Hills,Week3,221.0 Dominion Hills - 181.0 Villa Aquatic
Village West,Week5,Brandywine,Week2,256.0 Brandywine - 146.0 Village West
Village West,Week1,Riverside Gardens,Week5,327.0 Riverside Gardens - 75.0 Village West
Villa Aquatic,Week4,Crosspointe,Week2,255.0 Crosspointe - 147.0 Villa Aquatic
Villa Aquatic,Week2,Hayfield Farm,Week5,221.0 Hayfield Farm - 181.0 Villa Aquatic
Villa Aquatic,Week1,Dominion Hills,Week4,257.0 Dominion Hills - 145.0 Villa Aquatic
Villa Aquatic,Week5,High Point Pool,Week3,224.0 High Point Pool - 178.0 Villa Aquatic
Village West,Week5,North Springfield,Week4,252.0 Village West - 140.0 North Springfield
Villa Aquatic,Week2,Hayfield Farm,Week2,226.0 Hayfield Farm - 176.0 Villa Aquatic
Villa Aquatic,Week1,Crosspointe,Week1,285.0 Crosspointe - 117.0 Villa Aquatic
Village West,Week4,Ravensworth Farm,Week1,279.0 Ravensworth Farm - 118.0 Village West
Villa Aquatic,Week1,Dominion Hills,Week1,217.0 Dominion Hills - 185.0 Villa Aquatic
Villa Aquatic,Week3,Mosby Woods,Week4,240.5 Mosby Woods - 161.5 Villa Aquatic
Villa Aquatic,Week1,Hayfield Farm,Week5,220.0 Hayfield Farm - 182.0 Villa Aquatic
Village West,Week5,Ravensworth Farm,Week3,292.0 Ravensworth Farm - 109.0 Village West
Villa Aquatic,Week2,Dominion Hills,Week3,226.0 Dominion Hills - 176.0 Villa Aquatic
Villa Aquatic,Week5,Crosspointe,Week2,235.0 Crosspointe - 167.0 Villa Aquatic
Villa Aquatic,Week1,Highland Park,Week2,231.0 Highland Park - 171.0 Villa Aquatic
Villa Aquatic,Week1,Herndon,Week2,305.0 Villa Aquatic - 97.0 Herndon
Villa Aquatic,Week1,Crosspointe,Week4,275.0 Crosspointe - 127.0 Villa Aquatic
Villa Aquatic,Week5,Hayfield Farm,Week4,202.0 Villa Aquatic - 200.0 Hayfield Farm
Village West,Week5,Brandywine,Week4,276.0 Brandywine - 126.0 Village West
Villa Aquatic,Week2,Dominion Hills,Week5,261.0 Dominion Hills - 141.0 Villa Aquatic
Villa Aquatic,Week4,Crosspointe,Week5,278.0 Crosspointe - 124.0 Villa Aquatic
Villa Aquatic,Week3,Dominion Hills,Week2,217.0 Villa Aquatic - 185.0 Dominion Hills
Villa Aquatic,Week4,Dominion Hills,Week4,230.5 Dominion Hills - 171.5 Villa Aquatic
Village West,Week5,North Springfield,Week5,229.0 Village West - 145.0 North Springfield
Villa Aquatic,Week3,Mosby Woods,Week5,249.0 Mosby Woods - 153.0 Villa Aquatic
Villa Aquatic,Week5,Hayfield Farm,Week2,223.0 Villa Aquatic - 179.0 Hayfield Farm
Village West,Week3,Bren Mar-Edsall Park,Week1,323.0 Village West - 79.0 Bren Mar-Edsall Park
Village West,Week2,Bren Mar-Edsall Park,Week3,306.0 Village West - 96.0 Bren Mar-Edsall Park
Villa Aquatic,Week2,Highland Park,Week5,223.0 Highland Park - 179.0 Villa Aquatic
Village West,Week3,Bren Mar-Edsall Park,Week3,316.0 Village West - 86.0 Bren Mar-Edsall Park
Villa Aquatic,Week4,Mosby Woods,Week5,259.0 Mosby Woods - 143.0 Villa Aquatic
Village West,Week1,Riverside Gardens,Week1,315.0 Riverside Gardens - 87.0 Village West
Village West,Week3,Riverside Gardens,Week1,305.0 Riverside Gardens - 97.0 Village West
Village West,Week2,Riverside Gardens,Week3,316.0 Riverside Gardens - 86.0 Village West
Villa Aquatic,Week4,Crosspointe,Week4,250.0 Crosspointe - 152.0 Villa Aquatic
Village West,Week2,Bren Mar-Edsall Park,Week1,317.0 Village West - 83.0 Bren Mar-Edsall Park
Villa Aquatic,Week4,Dominion Hills,Week5,242.0 Dominion Hills - 160.0 Villa Aquatic
Village West,Week3,Bren Mar-Edsall Park,Week5,313.0 Village West - 88.0 Bren Mar-Edsall Park
Villa Aquatic,Week5,McLean,Week5,298.0 McLean - 104.0 Villa Aquatic
Villa Aquatic,Week3,Highland Park,Week2,213.0 Villa Aquatic - 189.0 Highland Park
Village West,Week5,North Springfield,Week3,236.0 Village West - 161.0 North Springfield
Villa Aquatic,Week2,Highland Park,Week4,236.0 Highland Park - 166.0 Villa Aquatic
Villa Aquatic,Week5,Crosspointe,Week1,261.0 Crosspointe - 141.0 Villa Aquatic
Village West,Week4,North Springfield,Week5,230.0 Village West - 137.0 North Springfield
Villa Aquatic,Week3,Highland Park,Week1,205.0 Villa Aquatic - 197.0 Highland Park
Village West,Week2,Riverside Gardens,Week2,298.0 Riverside Gardens - 104.0 Village West
Villa Aquatic,Week1,Herndon,Week5,305.0 Villa Aquatic - 97.0 Herndon
Villa Aquatic,Week2,Mosby Woods,Week3,271.0 Mosby Woods - 131.0 Villa Aquatic
Villa Aquatic,Week1,Herndon,Week4,312.0 Villa Aquatic - 90.0 Herndon
Villa Aquatic,Week2,Mosby Woods,Week4,253.0 Mosby Woods - 149.0 Villa Aquatic
Villa Aquatic,Week1,Dominion Hills,Week2,231.5 Dominion Hills - 170.5 Villa Aquatic
Villa Aquatic,Week5,Crosspointe,Week3,252.0 Crosspointe - 150.0 Villa Aquatic
Villa Aquatic,Week3,Highland Park,Week4,202.0 Highland Park - 200.0 Villa Aquatic
Village West,Week4,North Springfield,Week2,253.0 Village West - 130.0 North Springfield
Villa Aquatic,Week1,Mosby Woods,Week5,285.0 Mosby Woods - 117.0 Villa Aquatic
Village West,Week1,Oakton ,Week1,326.0 Oakton - 76.0 Village West
Village West,Week1,Riverside Gardens,Week4,326.0 Riverside Gardens - 76.0 Village West
Village West,Week1,Oakton ,Week2,326.0 Oakton - 76.0 Village West
Village West,Week2,Riverside Gardens,Week1,313.0 Riverside Gardens - 89.0 Village West
Villa Aquatic,Week2,Herndon,Week1,303.0 Villa Aquatic - 99.0 Herndon
Villa Aquatic,Week5,Highland Park,Week4,218.0 Highland Park - 184.0 Villa Aquatic
Villa Aquatic,Week5,Dominion Hills,Week3,226.0 Villa Aquatic - 176.0 Dominion Hills
Villa Aquatic,Week3,Dominion Hills,Week1,231.0 Villa Aquatic - 171.0 Dominion Hills
Village West,Week2,Riverside Gardens,Week4,330.0 Riverside Gardens - 72.0 Village West
Villa Aquatic,Week3,Highland Park,Week5,217.0 Villa Aquatic - 185.0 Highland Park
Villa Aquatic,Week2,Mosby Woods,Week5,267.0 Mosby Woods - 135.0 Villa Aquatic
Village West,Week4,North Springfield,Week3,240.0 Village West - 152.0 North Springfield
Village West,Week5,Brandywine,Week1,254.0 Brandywine - 148.0 Village West
Villa Aquatic,Week2,Herndon,Week2,295.0 Villa Aquatic - 107.0 Herndon
Villa Aquatic,Week4,Highland Park,Week1,224.0 Highland Park - 178.0 Villa Aquatic
Villa Aquatic,Week1,Mosby Woods,Week1,287.0 Mosby Woods - 115.0 Villa Aquatic
Villa Aquatic,Week5,Herndon,Week5,333.0 Villa Aquatic - 69.0 Herndon
Villa Aquatic,Week2,Forest Hollow,Week3,246.0 Forest Hollow - 156.0 Villa Aquatic
Village West,Week4,North Springfield,Week4,258.0 Village West - 129.0 North Springfield
Villa Aquatic,Week1,Crosspointe,Week3,285.0 Crosspointe - 117.0 Villa Aquatic
Villa Aquatic,Week1,Highlands Swim,Week5,319.0 Highlands Swim - 83.0 Villa Aquatic
Villa Aquatic,Week3,Dominion Hills,Week5,224.0 Dominion Hills - 178.0 Villa Aquatic
Villa Aquatic,Week2,Forest Hollow,Week4,249.0 Forest Hollow - 153.0 Villa Aquatic
Village West,Week5,North Springfield,Week1,251.0 Village West - 100.0 North Springfield
Village West,Week1,Bren Mar-Edsall Park,Week1,323.0 Village West - 78.0 Bren Mar-Edsall Park
Villa Aquatic,Week1,Hiddenbrook,Week4,203.0 Villa Aquatic - 199.0 Hiddenbrook
Villa Aquatic,Week1,Mosby Woods,Week3,285.0 Mosby Woods - 117.0 Villa Aquatic
Villa Aquatic,Week3,Herndon,Week4,339.0 Villa Aquatic - 63.0 Herndon
Villa Aquatic,Week2,Dominion Hills,Week1,210.0 Dominion Hills - 192.0 Villa Aquatic
Village West,Week4,Ravensworth Farm,Week2,265.0 Ravensworth Farm - 132.0 Village West
Villa Aquatic,Week1,Crosspointe,Week2,282.0 Crosspointe - 120.0 Villa Aquatic
Villa Aquatic,Week3,Crosspointe,Week2,234.0 Crosspointe - 168.0 Villa Aquatic
Villa Aquatic,Week3,Fairfax Station,Week3,273.0 Fairfax Station - 129.0 Villa Aquatic
Village West,Week5,Brandywine,Week5,279.0 Brandywine - 123.0 Village West
Village West,Week4,Brandywine,Week4,266.0 Brandywine - 131.0 Village West
Village West,Week1,Bren Mar-Edsall Park,Week4,298.0 Village West - 104.0 Bren Mar-Edsall Park
Villa Aquatic,Week1,Forest Hollow,Week5,270.5 Forest Hollow - 131.5 Villa Aquatic
Villa Aquatic,Week3,Mosby Woods,Week2,252.5 Mosby Woods - 149.5 Villa Aquatic
Villa Aquatic,Week3,Herndon,Week5,338.0 Villa Aquatic - 64.0 Herndon
Villa Aquatic,Week2,Crosspointe,Week2,266.0 Crosspointe - 136.0 Villa Aquatic
Villa Aquatic,Week2,Hiddenbrook,Week3,224.0 Villa Aquatic - 178.0 Hiddenbrook
Villa Aquatic,Week3,Highlands Swim,Week2,319.0 Highlands Swim - 83.0 Villa Aquatic
Villa Aquatic,Week2,Crosspointe,Week4,274.0 Crosspointe - 128.0 Villa Aquatic
Village West,Week1,Bren Mar-Edsall Park,Week3,308.0 Village West - 94.0 Bren Mar-Edsall Park
Villa Aquatic,Week3,Fairfax Station,Week1,249.0 Fairfax Station - 153.0 Villa Aquatic
Villa Aquatic,Week1,Crosspointe,Week5,300.0 Crosspointe - 102.0 Villa Aquatic
Villa Aquatic,Week3,Hiddenbrook,Week3,253.0 Villa Aquatic - 149.0 Hiddenbrook
Villa Aquatic,Week5,Mosby Woods,Week5,248.0 Mosby Woods - 154.0 Villa Aquatic
Villa Aquatic,Week5,Country Club Hills,Week5,223.0 Villa Aquatic - 179.0 Country Club Hills
Villa Aquatic,Week2,Highlands Swim,Week4,313.0 Highlands Swim - 89.0 Villa Aquatic
Villa Aquatic,Week2,Herndon,Week4,314.0 Villa Aquatic - 88.0 Herndon
Villa Aquatic,Week1,Forest Hollow,Week2,243.0 Forest Hollow - 159.0 Villa Aquatic
Villa Aquatic,Week4,Mount Vernon Park,Week1,259.0 Mount Vernon Park - 143.0 Villa Aquatic
Villa Aquatic,Week5,Mosby Woods,Week4,248.0 Mosby Woods - 154.0 Villa Aquatic
Villa Aquatic,Week3,Highlands Swim,Week1,308.0 Highlands Swim - 94.0 Villa Aquatic
Village West,Week4,Brandywine,Week2,238.0 Brandywine - 159.0 Village West
Villa Aquatic,Week4,Highland Park,Week5,211.0 Highland Park - 191.0 Villa Aquatic
Villa Aquatic,Week2,Mount Vernon Park,Week4,262.0 Mount Vernon Park - 140.0 Villa Aquatic
Villa Aquatic,Week3,Fairfax Station,Week5,276.0 Fairfax Station - 126.0 Villa Aquatic
Villa Aquatic,Week1,Mount Vernon Park,Week4,260.0 Mount Vernon Park - 142.0 Villa Aquatic
Village West,Week1,Brookfield ,Week1,273.0 Brookfield - 129.0 Village West
Villa Aquatic,Week5,Parklawn,Week2,279.0 Villa Aquatic - 123.0 Parklawn
Villa Aquatic,Week4,Mount Vernon Park,Week3,262.0 Mount Vernon Park - 140.0 Villa Aquatic
Villa Aquatic,Week3,Herndon,Week3,334.0 Villa Aquatic - 68.0 Herndon
Villa Aquatic,Week2,Hiddenbrook,Week5,205.0 Hiddenbrook - 197.0 Villa Aquatic
Villa Aquatic,Week3,Parklawn,Week3,287.0 Villa Aquatic - 114.0 Parklawn
Villa Aquatic,Week5,Highland Park,Week1,220.0 Highland Park - 182.0 Villa Aquatic
Village West,Week5,Bren Mar-Edsall Park,Week5,304.0 Village West - 97.0 Bren Mar-Edsall Park
Villa Aquatic,Week4,Herndon,Week2,331.0 Villa Aquatic - 71.0 Herndon
Villa Aquatic,Week4,Mount Vernon Park,Week5,266.0 Mount Vernon Park - 136.0 Villa Aquatic
Village West,Week5,Bren Mar-Edsall Park,Week3,305.0 Village West - 97.0 Bren Mar-Edsall Park
Village West,Week5,Bren Mar-Edsall Park,Week1,309.0 Village West - 92.0 Bren Mar-Edsall Park
Villa Aquatic,Week4,Highlands Swim,Week1,321.0 Highlands Swim - 81.0 Villa Aquatic
Villa Aquatic,Week3,Crosspointe,Week5,270.0 Crosspointe - 132.0 Villa Aquatic
Villa Aquatic,Week5,Mount Vernon Park,Week4,245.0 Mount Vernon Park - 157.0 Villa Aquatic
Villa Aquatic,Week4,Fairfax Station,Week4,266.5 Fairfax Station - 135.5 Villa Aquatic
Villa Aquatic,Week2,Fairfax Station,Week4,283.0 Fairfax Station - 119.0 Villa Aquatic
Villa Aquatic,Week4,Fairfax Station,Week5,297.0 Fairfax Station - 105.0 Villa Aquatic
Villa Aquatic,Week5,Mount Vernon Park,Week3,251.0 Mount Vernon Park - 151.0 Villa Aquatic
Villa Aquatic,Week3,Parklawn,Week2,286.0 Villa Aquatic - 115.0 Parklawn
Village West,Week4,Bren Mar-Edsall Park,Week5,299.5 Village West - 96.5 Bren Mar-Edsall Park
Villa Aquatic,Week4,Crosspointe,Week1,270.0 Crosspointe - 132.0 Villa Aquatic
Villa Aquatic,Week1,Hiddenbrook,Week1,225.0 Villa Aquatic - 177.0 Hiddenbrook
Villa Aquatic,Week3,Highlands Swim,Week4,294.5 Highlands Swim - 107.5 Villa Aquatic
Village West,Week4,Bren Mar-Edsall Park,Week3,307.0 Village West - 90.0 Bren Mar-Edsall Park
Villa Aquatic,Week4,Mount Vernon Park,Week2,266.0 Mount Vernon Park - 136.0 Villa Aquatic
Villa Aquatic,Week3,Parklawn,Week5,270.0 Villa Aquatic - 131.0 Parklawn
Villa Aquatic,Week5,Highland Park,Week5,216.0 Highland Park - 186.0 Villa Aquatic
Villa Aquatic,Week3,Herndon,Week1,336.0 Villa Aquatic - 66.0 Herndon
Village West,Week4,Bren Mar-Edsall Park,Week1,323.0 Village West - 72.0 Bren Mar-Edsall Park
Village West,Week4,Bren Mar-Edsall Park,Week4,293.0 Village West - 103.0 Bren Mar-Edsall Park
Villa Aquatic,Week5,Fairfax Station,Week1,249.0 Fairfax Station - 153.0 Villa Aquatic
Villa Aquatic,Week2,Hiddenbrook,Week1,241.0 Villa Aquatic - 161.0 Hiddenbrook
Villa Aquatic,Week5,Fairfax Station,Week2,258.0 Fairfax Station - 144.0 Villa Aquatic
Villa Aquatic,Week3,Highlands Swim,Week5,310.0 Highlands Swim - 92.0 Villa Aquatic
Villa Aquatic,Week1,Highlands Swim,Week1,317.0 Highlands Swim - 85.0 Villa Aquatic
Villa Aquatic,Week4,Mount Vernon Park,Week4,256.0 Mount Vernon Park - 146.0 Villa Aquatic
Villa Aquatic,Week3,Hiddenbrook,Week4,248.0 Villa Aquatic - 154.0 Hiddenbrook
Villa Aquatic,Week5,Fairfax Station,Week3,267.0 Fairfax Station - 135.0 Villa Aquatic
Villa Aquatic,Week1,Parliament,Week1,219.0 Parliament - 183.0 Villa Aquatic
Villa Aquatic,Week1,Highlands Swim,Week4,318.0 Highlands Swim - 84.0 Villa Aquatic
Villa Aquatic,Week4,Fairfax Station,Week1,258.0 Fairfax Station - 144.0 Villa Aquatic
Villa Aquatic,Week2,Herndon,Week5,304.0 Villa Aquatic - 98.0 Herndon
Villa Aquatic,Week4,Highland Park,Week4,228.5 Highland Park - 173.5 Villa Aquatic
Villa Aquatic,Week1,Parklawn,Week4,224.0 Villa Aquatic - 177.0 Parklawn
Villa Aquatic,Week1,Forest Hollow,Week3,250.0 Forest Hollow - 152.0 Villa Aquatic
Villa Aquatic,Week4,Fairfax Station,Week3,286.0 Fairfax Station - 116.0 Villa Aquatic
Villa Aquatic,Week4,Highlands Swim,Week3,317.0 Highlands Swim - 85.0 Villa Aquatic
Village West,Week2,Brookfield ,Week4,281.5 Brookfield - 120.5 Village West
Villa Aquatic,Week4,Parklawn,Week3,277.0 Villa Aquatic - 125.0 Parklawn
Villa Aquatic,Week4,Parklawn,Week1,290.0 Villa Aquatic - 103.0 Parklawn
Villa Aquatic,Week5,Herndon,Week4,334.0 Villa Aquatic - 68.0 Herndon
Village West,Week3,Brookfield ,Week2,233.0 Brookfield - 169.0 Village West
Villa Aquatic,Week2,Mount Vernon Park,Week2,264.0 Mount Vernon Park - 138.0 Villa Aquatic
Villa Aquatic,Week5,Fairfax Station,Week5,278.0 Fairfax Station - 124.0 Villa Aquatic
Villa Aquatic,Week3,Mount Vernon Park,Week1,238.0 Mount Vernon Park - 164.0 Villa Aquatic
Villa Aquatic,Week3,Highlands Swim,Week3,306.5 Highlands Swim - 95.5 Villa Aquatic
Villa Aquatic,Week2,Herndon,Week3,304.0 Villa Aquatic - 98.0 Herndon
Villa Aquatic,Week4,Parklawn,Week2,270.5 Villa Aquatic - 131.5 Parklawn
Village West,Week2,Brookfield ,Week3,247.5 Brookfield - 153.5 Village West
Villa Aquatic,Week4,Highlands Swim,Week2,328.0 Highlands Swim - 74.0 Villa Aquatic
Villa Aquatic,Week5,Mount Vernon Park,Week2,252.0 Mount Vernon Park - 150.0 Villa Aquatic
Villa Aquatic,Week1,Mount Vernon Park,Week3,267.0 Mount Vernon Park - 135.0 Villa Aquatic
Villa Aquatic,Week2,Forest Hollow,Week2,231.0 Forest Hollow - 171.0 Villa Aquatic
Villa Aquatic,Week2,Highlands Swim,Week3,316.0 Highlands Swim - 86.0 Villa Aquatic
Villa Aquatic,Week5,Parklawn,Week5,273.0 Villa Aquatic - 129.0 Parklawn
Villa Aquatic,Week4,Herndon,Week5,329.0 Villa Aquatic - 73.0 Herndon
Villa Aquatic,Week2,Hiddenbrook,Week4,221.5 Villa Aquatic - 180.5 Hiddenbrook
Villa Aquatic,Week3,Parklawn,Week4,277.0 Villa Aquatic - 124.0 Parklawn
Village West,Week5,Brookfield ,Week1,260.0 Brookfield - 142.0 Village West
Villa Aquatic,Week3,Fairfax Station,Week4,257.5 Fairfax Station - 144.5 Villa Aquatic
Village West,Week1,Brookfield ,Week2,252.0 Brookfield - 150.0 Village West
Villa Aquatic,Week2,Highlands Swim,Week1,322.0 Highlands Swim - 80.0 Villa Aquatic
Villa Aquatic,Week5,Mount Vernon Park,Week1,243.0 Mount Vernon Park - 159.0 Villa Aquatic
Villa Aquatic,Week5,Mount Vernon Park,Week5,256.0 Mount Vernon Park - 146.0 Villa Aquatic
Village West,Week5,Brookfield ,Week3,242.0 Brookfield - 159.0 Village West
Villa Aquatic,Week3,Parliament,Week1,210.0 Villa Aquatic - 192.0 Parliament
Villa Aquatic,Week4,Highlands Swim,Week4,298.0 Highlands Swim - 104.0 Villa Aquatic
Villa Aquatic,Week1,Highlands Swim,Week2,327.5 Highlands Swim - 74.5 Villa Aquatic
Villa Aquatic,Week4,Herndon,Week4,329.0 Villa Aquatic - 73.0 Herndon
Villa Aquatic,Week1,Forest Hollow,Week1,233.0 Forest Hollow - 169.0 Villa Aquatic
Villa Aquatic,Week1,Parklawn,Week2,250.0 Villa Aquatic - 152.0 Parklawn
Villa Aquatic,Week4,Highlands Swim,Week5,316.0 Highlands Swim - 86.0 Villa Aquatic
Village West,Week3,Brookfield ,Week3,234.0 Brookfield - 168.0 Village West
Village West,Week5,Brookfield ,Week2,240.0 Brookfield - 162.0 Village West
Villa Aquatic,Week3,Fairfax Station,Week2,252.0 Fairfax Station - 150.0 Villa Aquatic
Villa Aquatic,Week2,Forest Hollow,Week1,229.0 Forest Hollow - 173.0 Villa Aquatic
Villa Aquatic,Week3,Mount Vernon Park,Week3,242.0 Mount Vernon Park - 160.0 Villa Aquatic
Villa Aquatic,Week5,Fairfax Station,Week4,249.0 Fairfax Station - 153.0 Villa Aquatic
Villa Aquatic,Week4,Parliament,Week1,206.0 Parliament - 196.0 Villa Aquatic
Villa Aquatic,Week3,Parliament,Week4,240.0 Villa Aquatic - 162.0 Parliament
Villa Aquatic,Week4,Herndon,Week1,329.0 Villa Aquatic - 73.0 Herndon
Villa Aquatic,Week3,Herndon,Week2,336.0 Villa Aquatic - 66.0 Herndon
Village West,Week2,Brookfield ,Week5,258.0 Brookfield - 144.0 Village West
Villa Aquatic,Week2,Mount Vernon Park,Week1,265.0 Mount Vernon Park - 137.0 Villa Aquatic
Villa Aquatic,Week3,Mount Vernon Park,Week2,236.0 Mount Vernon Park - 166.0 Villa Aquatic
Villa Aquatic,Week4,Herndon,Week3,324.0 Villa Aquatic - 78.0 Herndon
Villa Aquatic,Week1,Parliament,Week3,211.0 Villa Aquatic - 191.0 Parliament
Villa Aquatic,Week2,Highlands Swim,Week2,333.0 Highlands Swim - 69.0 Villa Aquatic
Villa Aquatic,Week3,Mount Vernon Park,Week4,230.0 Mount Vernon Park - 172.0 Villa Aquatic
Villa Aquatic,Week5,Herndon,Week3,328.5 Villa Aquatic - 73.5 Herndon
Villa Aquatic,Week5,Highland Park,Week2,219.5 Highland Park - 182.5 Villa Aquatic
Villa Aquatic,Week4,Fairfax Station,Week2,274.0 Fairfax Station - 128.0 Villa Aquatic
Villa Aquatic,Week5,Parklawn,Week4,258.0 Villa Aquatic - 144.0 Parklawn
Villa Aquatic,Week1,Forest Hollow,Week4,247.0 Forest Hollow - 155.0 Villa Aquatic
Villa Aquatic,Week1,Highlands Swim,Week3,324.0 Highlands Swim - 78.0 Villa Aquatic
Villa Aquatic,Week2,Parklawn,Week1,262.0 Villa Aquatic - 131.0 Parklawn
Village West,Week5,Brookfield ,Week5,248.0 Brookfield - 154.0 Village West
Villa Aquatic,Week1,Hiddenbrook,Week3,214.0 Villa Aquatic - 188.0 Hiddenbrook
Village West,Week1,Broyhill Crest,Week1,290.0 Village West - 111.0 Broyhill Crest
Villa Aquatic,Week1,Hiddenbrook,Week2,259.0 Villa Aquatic - 143.0 Hiddenbrook
Villa Aquatic,Week2,Mount Vernon Park,Week5,282.0 Mount Vernon Park - 120.0 Villa Aquatic
Villa Aquatic,Week4,Highland Park,Week3,205.0 Villa Aquatic - 197.0 Highland Park
Villa Aquatic,Week5,Herndon,Week1,326.5 Villa Aquatic - 74.5 Herndon
Villa Aquatic,Week5,Herndon,Week2,339.0 Villa Aquatic - 63.0 Herndon
Village West,Week3,Brookfield ,Week4,263.0 Brookfield - 139.0 Village West
Villa Aquatic,Week2,Highlands Swim,Week5,320.0 Highlands Swim - 82.0 Villa Aquatic
Villa Aquatic,Week3,Parliament,Week2,243.0 Villa Aquatic - 159.0 Parliament
Village West,Week4,Brookfield ,Week5,256.0 Brookfield - 141.0 Village West
Villa Aquatic,Week2,Fairfax Station,Week5,304.0 Fairfax Station - 98.0 Villa Aquatic
Villa Aquatic,Week2,Parklawn,Week3,249.0 Villa Aquatic - 153.0 Parklawn
Villa Aquatic,Week3,Hiddenbrook,Week1,262.0 Villa Aquatic - 140.0 Hiddenbrook
Villa Aquatic,Week1,Hiddenbrook,Week5,209.0 Hiddenbrook - 193.0 Villa Aquatic
Villa Aquatic,Week5,Highlands Swim,Week3,314.0 Highlands Swim - 88.0 Villa Aquatic
Village West,Week1,Broyhill Crest,Week3,297.0 Village West - 104.0 Broyhill Crest
Villa Aquatic,Week5,Highland Park,Week3,203.0 Highland Park - 199.0 Villa Aquatic
Villa Aquatic,Week1,Hollin Hills,Week3,304.0 Villa Aquatic - 98.0 Hollin Hills
Villa Aquatic,Week1,Parklawn,Week3,255.0 Villa Aquatic - 147.0 Parklawn
Village West,Week1,Broyhill Crest,Week5,279.0 Village West - 122.0 Broyhill Crest
Village West,Week4,Brookfield ,Week2,234.0 Brookfield - 163.0 Village West
Villa Aquatic,Week5,Hiddenbrook,Week2,282.0 Villa Aquatic - 120.0 Hiddenbrook
Villa Aquatic,Week1,Parklawn,Week5,240.0 Villa Aquatic - 162.0 Parklawn
Villa Aquatic,Week1,Mount Vernon Park,Week5,279.0 Mount Vernon Park - 123.0 Villa Aquatic
Villa Aquatic,Week2,Mount Vernon Park,Week3,262.0 Mount Vernon Park - 140.0 Villa Aquatic
Village West,Week1,Brookfield ,Week4,275.0 Brookfield - 127.0 Village West
Villa Aquatic,Week2,Hiddenbrook,Week2,272.0 Villa Aquatic - 130.0 Hiddenbrook
Villa Aquatic,Week3,Hiddenbrook,Week2,287.0 Villa Aquatic - 115.0 Hiddenbrook
Villa Aquatic,Week4,Hollin Hills,Week3,308.0 Villa Aquatic - 94.0 Hollin Hills
Villa Aquatic,Week2,Parklawn,Week4,233.0 Villa Aquatic - 168.0 Parklawn
Villa Aquatic,Week3,Mount Vernon Park,Week5,248.0 Mount Vernon Park - 154.0 Villa Aquatic
Village West,Week1,Broyhill Crest,Week4,277.0 Village West - 125.0 Broyhill Crest
Villa Aquatic,Week2,Parklawn,Week2,246.0 Villa Aquatic - 156.0 Parklawn
Villa Aquatic,Week5,Highlands Swim,Week1,302.0 Highlands Swim - 100.0 Villa Aquatic
Villa Aquatic,Week2,Parliament,Week1,207.5 Parliament - 194.5 Villa Aquatic
Village West,Week4,Brookfield ,Week4,258.0 Brookfield - 139.0 Village West
Villa Aquatic,Week1,Hollin Hills,Week4,290.0 Villa Aquatic - 110.0 Hollin Hills
Village West,Week2,Brookfield ,Week1,279.0 Brookfield - 123.0 Village West
Village West,Week1,Broyhill Crest,Week2,298.0 Village West - 104.0 Broyhill Crest
Villa Aquatic,Week5,Hiddenbrook,Week5,238.0 Villa Aquatic - 164.0 Hiddenbrook
Villa Aquatic,Week3,Parklawn,Week1,293.0 Villa Aquatic - 100.0 Parklawn
Villa Aquatic,Week4,Parklawn,Week4,266.0 Villa Aquatic - 136.0 Parklawn
Villa Aquatic,Week4,Parklawn,Week5,263.0 Villa Aquatic - 139.0 Parklawn
Villa Aquatic,Week1,Hollin Meadows,Week2,201.0 Hollin Meadows - 201.0 Villa Aquatic
Villa Aquatic,Week5,Parklawn,Week1,299.0 Villa Aquatic - 94.0 Parklawn
Village West,Week2,Brookfield ,Week2,249.0 Brookfield - 153.0 Village West
Villa Aquatic,Week5,Hollin Hills,Week3,304.0 Villa Aquatic - 98.0 Hollin Hills
Village West,Week3,Brookfield ,Week5,235.0 Brookfield - 167.0 Village West
Villa Aquatic,Week2,Hollin Hills,Week1,304.0 Villa Aquatic - 97.0 Hollin Hills
Villa Aquatic,Week5,Highlands Swim,Week5,307.0 Highlands Swim - 95.0 Villa Aquatic
Village West,Week5,Brookfield ,Week4,260.0 Brookfield - 142.0 Village West
Villa Aquatic,Week2,Parklawn,Week5,230.5 Villa Aquatic - 171.5 Parklawn
Villa Aquatic,Week1,High Point Pool,Week4,252.5 High Point Pool - 149.5 Villa Aquatic
Villa Aquatic,Week1,High Point Pool,Week5,252.0 High Point Pool - 150.0 Villa Aquatic
Villa Aquatic,Week4,Hiddenbrook,Week3,241.0 Villa Aquatic - 161.0 Hiddenbrook
Villa Aquatic,Week3,Hollin Hills,Week1,318.0 Villa Aquatic - 84.0 Hollin Hills
Villa Aquatic,Week4,Hollin Hills,Week4,307.0 Villa Aquatic - 95.0 Hollin Hills
Villa Aquatic,Week1,High Point Pool,Week2,267.0 High Point Pool - 135.0 Villa Aquatic
Villa Aquatic,Week3,Hiddenbrook,Week5,232.0 Villa Aquatic - 170.0 Hiddenbrook
Villa Aquatic,Week5,Hiddenbrook,Week1,256.0 Villa Aquatic - 146.0 Hiddenbrook
Villa Aquatic,Week5,Parklawn,Week3,294.0 Villa Aquatic - 108.0 Parklawn
Village West,Week3,Brookfield ,Week1,250.0 Brookfield - 152.0 Village West
Village West,Week1,Brookfield ,Week5,251.0 Brookfield - 151.0 Village West
Villa Aquatic,Week4,Hollin Hills,Week5,298.0 Villa Aquatic - 104.0 Hollin Hills
Villa Aquatic,Week1,Parliament,Week4,218.0 Villa Aquatic - 184.0 Parliament
Village West,Week4,Brookfield ,Week3,232.0 Brookfield - 164.0 Village West
Villa Aquatic,Week4,Hiddenbrook,Week1,238.0 Villa Aquatic - 164.0 Hiddenbrook
Villa Aquatic,Week2,Parliament,Week3,207.0 Villa Aquatic - 195.0 Parliament
Villa Aquatic,Week5,Hiddenbrook,Week3,248.0 Villa Aquatic - 154.0 Hiddenbrook
Villa Aquatic,Week2,Parliament,Week2,202.0 Villa Aquatic - 200.0 Parliament
Villa Aquatic,Week1,Parliament,Week5,204.0 Parliament - 198.0 Villa Aquatic
Villa Aquatic,Week5,Hollin Hills,Week1,313.0 Villa Aquatic - 89.0 Hollin Hills
Village West,Week4,Brookfield ,Week1,257.0 Brookfield - 140.0 Village West
Villa Aquatic,Week2,Parliament,Week4,211.0 Villa Aquatic - 191.0 Parliament
Villa Aquatic,Week1,Hollin Hills,Week1,301.0 Villa Aquatic - 100.0 Hollin Hills
Villa Aquatic,Week4,Hiddenbrook,Week2,279.0 Villa Aquatic - 123.0 Hiddenbrook
Villa Aquatic,Week5,Highlands Swim,Week2,320.0 Highlands Swim - 82.0 Villa Aquatic
Village West,Week2,Burke Station,Week1,205.0 Village West - 170.0 Burke Station
Villa Aquatic,Week4,Hiddenbrook,Week4,244.0 Villa Aquatic - 158.0 Hiddenbrook
Village West,Week4,Broyhill Crest,Week4,289.0 Village West - 108.0 Broyhill Crest
Village West,Week2,Burke Station,Week2,217.0 Village West - 180.0 Burke Station
Villa Aquatic,Week2,Parliament,Week5,225.0 Villa Aquatic - 177.0 Parliament
Villa Aquatic,Week1,Hollin Hills,Week2,298.0 Villa Aquatic - 103.0 Hollin Hills
Village West,Week3,Broyhill Crest,Week3,309.0 Village West - 92.0 Broyhill Crest
Villa Aquatic,Week4,Hiddenbrook,Week5,221.0 Villa Aquatic - 181.0 Hiddenbrook
Villa Aquatic,Week5,Highlands Swim,Week4,300.0 Highlands Swim - 102.0 Villa Aquatic
Villa Aquatic,Week2,High Point Pool,Week1,240.0 High Point Pool - 162.0 Villa Aquatic
Villa Aquatic,Week1,Parliament,Week2,215.0 Villa Aquatic - 187.0 Parliament
Villa Aquatic,Week3,Parliament,Week5,237.0 Villa Aquatic - 165.0 Parliament
Villa Aquatic,Week5,Parliament,Week3,233.0 Villa Aquatic - 169.0 Parliament
Village West,Week4,Broyhill Crest,Week1,299.0 Village West - 97.0 Broyhill Crest
Villa Aquatic,Week1,Pinecrest,Week3,281.0 Pinecrest - 121.0 Villa Aquatic
Villa Aquatic,Week3,Parliament,Week3,231.0 Villa Aquatic - 171.0 Parliament
Villa Aquatic,Week2,Hollin Hills,Week4,295.0 Villa Aquatic - 106.0 Hollin Hills
Villa Aquatic,Week3,Hollin Hills,Week4,315.0 Villa Aquatic - 87.0 Hollin Hills
Village West,Week5,Broyhill Crest,Week1,281.0 Village West - 121.0 Broyhill Crest
Villa Aquatic,Week2,Hollin Hills,Week3,299.0 Villa Aquatic - 103.0 Hollin Hills
Villa Aquatic,Week1,Pinecrest,Week4,277.5 Pinecrest - 124.5 Villa Aquatic
Villa Aquatic,Week5,Hollin Hills,Week4,312.5 Villa Aquatic - 89.5 Hollin Hills
Villa Aquatic,Week1,Hollin Hills,Week5,289.0 Villa Aquatic - 112.0 Hollin Hills
Villa Aquatic,Week1,High Point Pool,Week3,254.0 High Point Pool - 148.0 Villa Aquatic
Village West,Week2,Broyhill Crest,Week5,270.0 Village West - 130.0 Broyhill Crest
Villa Aquatic,Week2,Hollin Hills,Week2,306.0 Villa Aquatic - 95.0 Hollin Hills
Villa Aquatic,Week1,High Point Pool,Week1,244.0 High Point Pool - 158.0 Villa Aquatic
Village West,Week2,Broyhill Crest,Week2,286.0 Village West - 112.0 Broyhill Crest
Villa Aquatic,Week2,Pinecrest,Week5,267.0 Pinecrest - 135.0 Villa Aquatic
Villa Aquatic,Week5,Parliament,Week5,227.0 Villa Aquatic - 175.0 Parliament
Villa Aquatic,Week5,Parliament,Week2,240.5 Villa Aquatic - 161.5 Parliament
Villa Aquatic,Week5,Hollin Hills,Week5,295.0 Villa Aquatic - 107.0 Hollin Hills
Villa Aquatic,Week4,Parliament,Week5,218.0 Villa Aquatic - 184.0 Parliament
Village West,Week3,Broyhill Crest,Week2,309.0 Village West - 91.0 Broyhill Crest
Villa Aquatic,Week1,Rutherford,Week4,232.0 Villa Aquatic - 170.0 Rutherford
Villa Aquatic,Week5,Hiddenbrook,Week4,244.0 Villa Aquatic - 158.0 Hiddenbrook
Villa Aquatic,Week3,Pinecrest,Week1,223.0 Pinecrest - 179.0 Villa Aquatic
Village West,Week3,Broyhill Crest,Week4,298.0 Village West - 103.0 Broyhill Crest
Villa Aquatic,Week4,Hollin Hills,Week2,310.0 Villa Aquatic - 92.0 Hollin Hills
Village West,Week1,Burke Station,Week1,196.0 Village West - 178.0 Burke Station
Villa Aquatic,Week3,Hollin Hills,Week3,322.0 Villa Aquatic - 80.0 Hollin Hills
Villa Aquatic,Week1,Shouse Village,Week4,245.0 Shouse Village - 157.0 Villa Aquatic
Village West,Week3,Broyhill Crest,Week5,282.0 Village West - 120.0 Broyhill Crest
Villa Aquatic,Week4,Hollin Hills,Week1,310.0 Villa Aquatic - 92.0 Hollin Hills
Villa Aquatic,Week3,Hollin Hills,Week2,315.0 Villa Aquatic - 87.0 Hollin Hills
Villa Aquatic,Week3,Hollin Hills,Week5,312.0 Villa Aquatic - 90.0 Hollin Hills
Villa Aquatic,Week5,Hollin Hills,Week2,316.0 Villa Aquatic - 86.0 Hollin Hills
Village West,Week2,Broyhill Crest,Week3,287.0 Village West - 110.0 Broyhill Crest
Villa Aquatic,Week4,Parliament,Week4,223.0 Villa Aquatic - 179.0 Parliament
Villa Aquatic,Week3,Rutherford,Week4,284.0 Villa Aquatic - 118.0 Rutherford
Village West,Week4,Broyhill Crest,Week2,297.0 Village West - 100.0 Broyhill Crest
Village West,Week4,Broyhill Crest,Week3,309.0 Village West - 87.0 Broyhill Crest
Villa Aquatic,Week1,Pinecrest,Week2,281.0 Pinecrest - 121.0 Villa Aquatic
Villa Aquatic,Week4,Parliament,Week3,215.0 Villa Aquatic - 187.0 Parliament
Villa Aquatic,Week4,Parliament,Week2,224.0 Villa Aquatic - 178.0 Parliament
Villa Aquatic,Week2,Hollin Hills,Week5,298.0 Villa Aquatic - 103.0 Hollin Hills
Village West,Week3,Burke Station,Week1,209.0 Village West - 169.0 Burke Station
Village West,Week1,Burke Station,Week2,226.0 Village West - 171.0 Burke Station
Villa Aquatic,Week5,Rutherford,Week3,275.0 Villa Aquatic - 127.0 Rutherford
Villa Aquatic,Week4,Rutherford,Week4,261.0 Villa Aquatic - 141.0 Rutherford
Village West,Week4,Broyhill Crest,Week5,275.0 Village West - 121.0 Broyhill Crest
Village West,Week1,Burke Station,Week3,212.0 Burke Station - 184.0 Village West
Villa Aquatic,Week1,Hollin Meadows,Week4,228.0 Hollin Meadows - 174.0 Villa Aquatic
Villa Aquatic,Week2,Hollin Meadows,Week1,235.5 Hollin Meadows - 166.5 Villa Aquatic
Villa Aquatic,Week2,Hollin Meadows,Week2,201.0 Hollin Meadows - 201.0 Villa Aquatic
Villa Aquatic,Week3,Pinecrest,Week2,250.0 Pinecrest - 152.0 Villa Aquatic
Villa Aquatic,Week5,Rutherford,Week5,277.0 Villa Aquatic - 125.0 Rutherford
Villa Aquatic,Week3,Rutherford,Week1,310.0 Villa Aquatic - 92.0 Rutherford
Village West,Week1,Burke Station,Week5,212.0 Burke Station - 190.0 Village West
Villa Aquatic,Week2,Pinecrest,Week4,281.0 Pinecrest - 121.0 Villa Aquatic
Village West,Week1,Burke Station,Week4,207.0 Village West - 195.0 Burke Station
Village West,Week5,Broyhill Crest,Week3,302.0 Village West - 99.0 Broyhill Crest
Villa Aquatic,Week1,Hollin Meadows,Week1,245.0 Hollin Meadows - 157.0 Villa Aquatic
Villa Aquatic,Week2,Pinecrest,Week2,277.0 Pinecrest - 125.0 Villa Aquatic
Villa Aquatic,Week5,Parliament,Week1,206.0 Villa Aquatic - 196.0 Parliament
Villa Aquatic,Week3,Shouse Village,Week1,220.0 Villa Aquatic - 182.0 Shouse Village
Villa Aquatic,Week1,Pinecrest,Week5,273.0 Pinecrest - 129.0 Villa Aquatic
Villa Aquatic,Week2,Hollin Meadows,Week4,226.0 Hollin Meadows - 176.0 Villa Aquatic
Villa Aquatic,Week5,Parliament,Week4,234.0 Villa Aquatic - 168.0 Parliament
Village West,Week3,Broyhill Crest,Week1,308.0 Village West - 92.0 Broyhill Crest
Village West,Week2,Broyhill Crest,Week1,287.0 Village West - 110.0 Broyhill Crest
Village West,Week5,Broyhill Crest,Week2,283.0 Village West - 118.0 Broyhill Crest
Villa Aquatic,Week2,Hollin Meadows,Week3,224.0 Hollin Meadows - 178.0 Villa Aquatic
Villa Aquatic,Week3,Rutherford,Week3,284.0 Villa Aquatic - 118.0 Rutherford
Villa Aquatic,Week2,Pinecrest,Week3,265.0 Pinecrest - 137.0 Villa Aquatic
Villa Aquatic,Week5,Rutherford,Week4,274.0 Villa Aquatic - 128.0 Rutherford
Villa Aquatic,Week1,Hollin Meadows,Week5,248.0 Hollin Meadows - 154.0 Villa Aquatic
Villa Aquatic,Week3,Rutherford,Week5,283.0 Villa Aquatic - 119.0 Rutherford
Villa Aquatic,Week4,Rutherford,Week5,267.0 Villa Aquatic - 135.0 Rutherford
Villa Aquatic,Week2,Rutherford,Week4,240.0 Villa Aquatic - 162.0 Rutherford
Villa Aquatic,Week2,Rutherford,Week5,249.0 Villa Aquatic - 153.0 Rutherford
Villa Aquatic,Week3,Hollin Meadows,Week3,220.0 Villa Aquatic - 182.0 Hollin Meadows
Villa Aquatic,Week3,Newington Forest,Week3,309.0 Villa Aquatic - 93.0 Newington Forest
Villa Aquatic,Week3,Hollin Meadows,Week2,227.5 Villa Aquatic - 174.5 Hollin Meadows
Villa Aquatic,Week3,Pinecrest,Week4,247.0 Pinecrest - 155.0 Villa Aquatic
Villa Aquatic,Week3,Pinecrest,Week5,231.0 Pinecrest - 171.0 Villa Aquatic
Village West,Week2,Broyhill Crest,Week4,277.0 Village West - 121.0 Broyhill Crest
Villa Aquatic,Week1,Pinecrest,Week1,266.0 Pinecrest - 136.0 Villa Aquatic
Villa Aquatic,Week3,Pinecrest,Week3,257.0 Pinecrest - 145.0 Villa Aquatic
Village West,Week5,Broyhill Crest,Week4,271.0 Village West - 131.0 Broyhill Crest
Village West,Week2,Burke Station,Week5,218.0 Burke Station - 184.0 Village West
Villa Aquatic,Week1,Shouse Village,Week1,218.0 Shouse Village - 184.0 Villa Aquatic
Village West,Week5,Broyhill Crest,Week5,267.0 Village West - 134.0 Broyhill Crest
Villa Aquatic,Week2,Pinecrest,Week1,247.0 Pinecrest - 155.0 Villa Aquatic
Villa Aquatic,Week3,Hollin Meadows,Week1,212.0 Villa Aquatic - 190.0 Hollin Meadows
Villa Aquatic,Week2,Hollin Meadows,Week5,236.0 Hollin Meadows - 166.0 Villa Aquatic
Village West,Week2,Burke Station,Week4,201.0 Village West - 200.0 Burke Station
Villa Aquatic,Week2,Rutherford,Week2,265.0 Villa Aquatic - 137.0 Rutherford
Villa Aquatic,Week2,Rutherford,Week1,280.0 Villa Aquatic - 122.0 Rutherford
Villa Aquatic,Week1,Hollin Meadows,Week3,247.0 Hollin Meadows - 155.0 Villa Aquatic
Village West,Week2,Burke Station,Week3,209.0 Burke Station - 187.0 Village West
Village West,Week4,Burke Station,Week1,205.0 Village West - 165.0 Burke Station
Villa Aquatic,Week5,Newington Forest,Week3,301.0 Villa Aquatic - 101.0 Newington Forest
Villa Aquatic,Week2,Fox Hunt,Week5,245.0 Fox Hunt - 157.0 Villa Aquatic
Villa Aquatic,Week1,Rutherford,Week5,252.0 Villa Aquatic - 150.0 Rutherford
Villa Aquatic,Week4,Rutherford,Week2,284.0 Villa Aquatic - 118.0 Rutherford
Village West,Week4,Burke Station,Week5,200.0 Village West - 197.0 Burke Station
Villa Aquatic,Week3,Forest Hollow,Week3,206.0 Forest Hollow - 196.0 Villa Aquatic
Village West,Week3,Burke Station,Week2,241.0 Village West - 160.0 Burke Station
Village West,Week4,Burke Station,Week3,197.0 Village West - 193.0 Burke Station
Village West,Week5,Burke Station,Week1,196.0 Village West - 179.0 Burke Station
Village West,Week5,Burke Station,Week2,218.0 Village West - 180.0 Burke Station
Villa Aquatic,Week1,Shouse Village,Week2,211.0 Villa Aquatic - 191.0 Shouse Village
Village West,Week3,Burke Station,Week5,212.0 Village West - 190.0 Burke Station
Villa Aquatic,Week3,Forest Hollow,Week4,209.0 Forest Hollow - 193.0 Villa Aquatic
Village West,Week4,Burke Station,Week4,229.0 Village West - 168.0 Burke Station
Village West,Week3,Burke Station,Week4,234.0 Village West - 168.0 Burke Station
Villa Aquatic,Week2,Newington Forest,Week5,240.0 Villa Aquatic - 162.0 Newington Forest
Village West,Week3,Burke Station,Week3,208.0 Village West - 188.0 Burke Station
Villa Aquatic,Week4,Forest Hollow,Week1,212.0 Forest Hollow - 190.0 Villa Aquatic
Villa Aquatic,Week2,Newington Forest,Week2,264.0 Villa Aquatic - 138.0 Newington Forest
Villa Aquatic,Week4,Rutherford,Week3,266.0 Villa Aquatic - 136.0 Rutherford
Villa Aquatic,Week1,Shouse Village,Week5,245.0 Shouse Village - 157.0 Villa Aquatic
Villa Aquatic,Week4,Forest Hollow,Week5,241.0 Forest Hollow - 161.0 Villa Aquatic
Villa Aquatic,Week1,North Springfield,Week5,255.0 Villa Aquatic - 118.0 North Springfield
Villa Aquatic,Week3,Newington Forest,Week1,310.0 Villa Aquatic - 91.0 Newington Forest
Villa Aquatic,Week4,Forest Hollow,Week3,227.0 Forest Hollow - 175.0 Villa Aquatic
Villa Aquatic,Week4,Rutherford,Week1,288.0 Villa Aquatic - 114.0 Rutherford
Villa Aquatic,Week5,Newington Forest,Week2,300.0 Villa Aquatic - 102.0 Newington Forest
Villa Aquatic,Week2,Fox Hunt,Week2,210.0 Fox Hunt - 192.0 Villa Aquatic
Villa Aquatic,Week3,Forest Hollow,Week5,210.0 Forest Hollow - 192.0 Villa Aquatic
Villa Aquatic,Week5,Newington Forest,Week4,287.0 Villa Aquatic - 115.0 Newington Forest
Villa Aquatic,Week4,Newington Forest,Week1,299.0 Villa Aquatic - 103.0 Newington Forest
Villa Aquatic,Week1,North Springfield,Week2,274.0 Villa Aquatic - 114.0 North Springfield
Villa Aquatic,Week2,Rutherford,Week3,238.0 Villa Aquatic - 164.0 Rutherford
Villa Aquatic,Week2,Fox Hunt,Week1,216.0 Fox Hunt - 186.0 Villa Aquatic
Villa Aquatic,Week1,Fox Hunt,Week4,219.0 Fox Hunt - 183.0 Villa Aquatic
Villa Aquatic,Week5,Rutherford,Week2,299.0 Villa Aquatic - 103.0 Rutherford
Villa Aquatic,Week4,Forest Hollow,Week2,221.0 Forest Hollow - 181.0 Villa Aquatic
Villa Aquatic,Week5,Rutherford,Week1,303.0 Villa Aquatic - 99.0 Rutherford
Villa Aquatic,Week1,Newington Forest,Week1,277.0 Villa Aquatic - 125.0 Newington Forest
Villa Aquatic,Week2,Shouse Village,Week1,215.0 Shouse Village - 187.0 Villa Aquatic
Villa Aquatic,Week4,Newington Forest,Week4,272.0 Villa Aquatic - 130.0 Newington Forest
Village West,Week4,Burke Station,Week2,227.0 Village West - 166.0 Burke Station
Villa Aquatic,Week1,Shouse Village,Week3,223.5 Shouse Village - 178.5 Villa Aquatic
Villa Aquatic,Week1,Newington Forest,Week4,243.0 Villa Aquatic - 159.0 Newington Forest
Villa Aquatic,Week3,Rutherford,Week2,303.0 Villa Aquatic - 99.0 Rutherford
Villa Aquatic,Week1,Newington Forest,Week3,273.0 Villa Aquatic - 129.0 Newington Forest
Village West,Week5,Burke Station,Week4,208.0 Village West - 194.0 Burke Station
Villa Aquatic,Week5,Forest Hollow,Week2,201.0 Forest Hollow - 201.0 Villa Aquatic
Villa Aquatic,Week2,Shouse Village,Week2,219.0 Villa Aquatic - 183.0 Shouse Village
Villa Aquatic,Week3,Newington Forest,Week2,308.0 Villa Aquatic - 93.0 Newington Forest
Villa Aquatic,Week2,Sideburn Run,Week3,227.0 Sideburn Run - 175.0 Villa Aquatic
Villa Aquatic,Week2,Forest Hollow,Week5,258.0 Forest Hollow - 144.0 Villa Aquatic
Villa Aquatic,Week5,Forest Hollow,Week3,203.0 Forest Hollow - 199.0 Villa Aquatic
Villa Aquatic,Week1,Fox Hunt,Week1,203.0 Fox Hunt - 199.0 Villa Aquatic
Villa Aquatic,Week5,Forest Hollow,Week5,225.0 Forest Hollow - 177.0 Villa Aquatic
Villa Aquatic,Week1,North Springfield,Week3,278.0 Villa Aquatic - 119.0 North Springfield
Village West,Week1,Camelot,Week5,253.0 Camelot - 149.0 Village West
Village West,Week2,Camelot,Week1,229.0 Camelot - 173.0 Village West
Villa Aquatic,Week4,Newington Forest,Week5,265.0 Villa Aquatic - 137.0 Newington Forest
Villa Aquatic,Week4,Forest Hollow,Week4,221.0 Forest Hollow - 181.0 Villa Aquatic
Villa Aquatic,Week2,Shouse Village,Week3,216.0 Shouse Village - 186.0 Villa Aquatic
Village West,Week1,Camelot,Week2,237.0 Camelot - 164.0 Village West
Villa Aquatic,Week2,Shouse Village,Week4,236.0 Shouse Village - 166.0 Villa Aquatic
Villa Aquatic,Week5,Shouse Village,Week1,226.0 Villa Aquatic - 176.0 Shouse Village
Village West,Week1,Camelot,Week4,238.5 Camelot - 163.5 Village West
Villa Aquatic,Week4,Newington Forest,Week3,289.0 Villa Aquatic - 113.0 Newington Forest
Villa Aquatic,Week3,Forest Hollow,Week1,203.0 Villa Aquatic - 199.0 Forest Hollow
Villa Aquatic,Week3,Forest Hollow,Week2,211.0 Villa Aquatic - 191.0 Forest Hollow
Village West,Week5,Burke Station,Week5,209.0 Burke Station - 188.0 Village West
Villa Aquatic,Week3,Shouse Village,Week2,238.0 Villa Aquatic - 164.0 Shouse Village
Villa Aquatic,Week2,Shouse Village,Week5,232.0 Shouse Village - 170.0 Villa Aquatic
Villa Aquatic,Week1,North Springfield,Week1,279.0 Villa Aquatic - 71.0 North Springfield
Village West,Week1,Camelot,Week1,234.0 Camelot - 168.0 Village West
Villa Aquatic,Week2,Newington Forest,Week3,263.0 Villa Aquatic - 139.0 Newington Forest
Village West,Week1,Camelot,Week3,232.0 Camelot - 169.0 Village West
Villa Aquatic,Week3,Newington Forest,Week5,281.0 Villa Aquatic - 121.0 Newington Forest
Villa Aquatic,Week1,Newington Forest,Week2,259.0 Villa Aquatic - 142.0 Newington Forest
Villa Aquatic,Week2,Sideburn Run,Week4,237.0 Sideburn Run - 165.0 Villa Aquatic
Villa Aquatic,Week5,Forest Hollow,Week4,219.0 Forest Hollow - 183.0 Villa Aquatic
Villa Aquatic,Week4,Shouse Village,Week4,211.0 Shouse Village - 191.0 Villa Aquatic
Village West,Week2,Camelot,Week3,238.0 Camelot - 162.0 Village West
Villa Aquatic,Week5,Newington Forest,Week5,279.0 Villa Aquatic - 123.0 Newington Forest
Villa Aquatic,Week4,Sideburn Run,Week2,204.0 Villa Aquatic - 198.0 Sideburn Run
Villa Aquatic,Week4,Sideburn Run,Week1,216.0 Sideburn Run - 186.0 Villa Aquatic
Village West,Week2,Camelot,Week2,226.0 Camelot - 175.0 Village West
Villa Aquatic,Week5,Forest Hollow,Week1,203.0 Villa Aquatic - 199.0 Forest Hollow
Villa Aquatic,Week1,North Springfield,Week4,290.0 Villa Aquatic - 102.0 North Springfield
Villa Aquatic,Week1,Sideburn Run,Week5,228.0 Sideburn Run - 174.0 Villa Aquatic
Villa Aquatic,Week3,Fairfax,Week3,256.0 Fairfax - 146.0 Villa Aquatic
Villa Aquatic,Week2,Newington Forest,Week1,272.0 Villa Aquatic - 130.0 Newington Forest
Villa Aquatic,Week3,Shouse Village,Week5,205.0 Shouse Village - 197.0 Villa Aquatic
Village West,Week5,Burke Station,Week3,213.0 Burke Station - 182.0 Village West
Villa Aquatic,Week2,Fox Hunt,Week3,229.0 Fox Hunt - 173.0 Villa Aquatic
Villa Aquatic,Week1,Fox Hunt,Week2,218.0 Fox Hunt - 184.0 Villa Aquatic
Villa Aquatic,Week1,Fox Hunt,Week3,243.0 Fox Hunt - 159.0 Villa Aquatic
Villa Aquatic,Week2,Newington Forest,Week4,251.0 Villa Aquatic - 151.0 Newington Forest
Villa Aquatic,Week1,Newington Forest,Week5,243.0 Villa Aquatic - 159.0 Newington Forest
Villa Aquatic,Week4,Shouse Village,Week1,222.0 Villa Aquatic - 180.0 Shouse Village
Villa Aquatic,Week1,Fox Hunt,Week5,241.0 Fox Hunt - 161.0 Villa Aquatic
Villa Aquatic,Week4,Fairfax,Week2,287.0 Fairfax - 115.0 Villa Aquatic
Villa Aquatic,Week2,Oakton ,Week1,280.0 Oakton - 122.0 Villa Aquatic
Villa Aquatic,Week3,Shouse Village,Week4,209.0 Shouse Village - 193.0 Villa Aquatic
Villa Aquatic,Week3,North Springfield,Week5,283.0 Villa Aquatic - 91.0 North Springfield
Villa Aquatic,Week5,Shouse Village,Week2,234.0 Villa Aquatic - 168.0 Shouse Village
Villa Aquatic,Week2,Fairfax Club Estates,Week2,246.0 Villa Aquatic - 156.0 Fairfax Club Estates
Villa Aquatic,Week2,Fairfax Club Estates,Week1,215.0 Villa Aquatic - 187.0 Fairfax Club Estates
Villa Aquatic,Week5,Shouse Village,Week3,209.0 Villa Aquatic - 193.0 Shouse Village
Villa Aquatic,Week5,Newington Forest,Week1,311.0 Villa Aquatic - 91.0 Newington Forest
Villa Aquatic,Week4,North Springfield,Week3,307.0 Villa Aquatic - 90.0 North Springfield
Villa Aquatic,Week4,Shouse Village,Week3,207.0 Shouse Village - 195.0 Villa Aquatic
Villa Aquatic,Week3,Fairfax,Week2,267.0 Fairfax - 135.0 Villa Aquatic
Villa Aquatic,Week2,Sideburn Run,Week1,229.0 Sideburn Run - 173.0 Villa Aquatic
Villa Aquatic,Week2,Fairfax,Week3,286.0 Fairfax - 116.0 Villa Aquatic
Villa Aquatic,Week2,North Springfield,Week4,303.0 Villa Aquatic - 88.0 North Springfield
Villa Aquatic,Week4,North Springfield,Week2,306.0 Villa Aquatic - 82.0 North Springfield
Villa Aquatic,Week1,Sideburn Run,Week2,204.0 Villa Aquatic - 198.0 Sideburn Run
Villa Aquatic,Week3,Sideburn Run,Week2,225.0 Villa Aquatic - 177.0 Sideburn Run
Villa Aquatic,Week3,Sideburn Run,Week1,207.0 Villa Aquatic - 195.0 Sideburn Run
Villa Aquatic,Week5,Fairfax,Week3,265.0 Fairfax - 137.0 Villa Aquatic
Villa Aquatic,Week2,Sideburn Run,Week5,252.0 Sideburn Run - 150.0 Villa Aquatic
Villa Aquatic,Week2,Fairfax,Week4,275.0 Fairfax - 127.0 Villa Aquatic
Villa Aquatic,Week3,North Springfield,Week3,316.0 Villa Aquatic - 81.0 North Springfield
Villa Aquatic,Week2,North Springfield,Week5,270.0 Villa Aquatic - 104.0 North Springfield
Villa Aquatic,Week4,Fairfax,Week1,267.0 Fairfax - 135.0 Villa Aquatic
Villa Aquatic,Week4,Fairfax,Week4,276.0 Fairfax - 126.0 Villa Aquatic
Villa Aquatic,Week3,Newington Forest,Week4,290.0 Villa Aquatic - 112.0 Newington Forest
Villa Aquatic,Week3,Shouse Village,Week3,207.0 Villa Aquatic - 195.0 Shouse Village
Villa Aquatic,Week2,Oakton ,Week5,311.0 Oakton - 91.0 Villa Aquatic
Villa Aquatic,Week2,Oakton ,Week3,294.0 Oakton - 108.0 Villa Aquatic
Villa Aquatic,Week1,Sideburn Run,Week1,213.0 Sideburn Run - 189.0 Villa Aquatic
Villa Aquatic,Week2,Fox Hunt,Week4,208.0 Fox Hunt - 194.0 Villa Aquatic
Villa Aquatic,Week3,North Springfield,Week2,313.0 Villa Aquatic - 75.0 North Springfield
Villa Aquatic,Week4,Shouse Village,Week5,220.5 Shouse Village - 181.5 Villa Aquatic
Villa Aquatic,Week1,Fairfax Club Estates,Week5,206.5 Villa Aquatic - 195.5 Fairfax Club Estates
Villa Aquatic,Week5,Shouse Village,Week5,206.0 Shouse Village - 196.0 Villa Aquatic
Villa Aquatic,Week2,Fairfax,Week5,304.0 Fairfax - 98.0 Villa Aquatic
Villa Aquatic,Week5,Shouse Village,Week4,205.0 Villa Aquatic - 197.0 Shouse Village
Villa Aquatic,Week3,North Springfield,Week4,320.0 Villa Aquatic - 72.0 North Springfield
Villa Aquatic,Week3,Fairfax,Week1,255.0 Fairfax - 147.0 Villa Aquatic
Villa Aquatic,Week1,Sideburn Run,Week3,213.0 Sideburn Run - 189.0 Villa Aquatic
Villa Aquatic,Week4,North Springfield,Week4,310.0 Villa Aquatic - 82.0 North Springfield
Villa Aquatic,Week5,Fairfax,Week2,270.0 Fairfax - 132.0 Villa Aquatic
Villa Aquatic,Week1,Sideburn Run,Week4,213.0 Sideburn Run - 189.0 Villa Aquatic
Villa Aquatic,Week3,Fairfax,Week5,281.0 Fairfax - 121.0 Villa Aquatic
Villa Aquatic,Week4,Newington Forest,Week2,293.0 Villa Aquatic - 109.0 Newington Forest
Villa Aquatic,Week5,North Springfield,Week3,306.0 Villa Aquatic - 91.0 North Springfield
Villa Aquatic,Week4,Fairfax,Week5,305.0 Fairfax - 97.0 Villa Aquatic
Villa Aquatic,Week3,Sideburn Run,Week3,215.0 Villa Aquatic - 187.0 Sideburn Run
Villa Aquatic,Week3,North Springfield,Week1,298.0 Villa Aquatic - 53.0 North Springfield
Villa Aquatic,Week5,North Springfield,Week5,276.0 Villa Aquatic - 98.0 North Springfield
Villa Aquatic,Week2,Sideburn Run,Week2,208.0 Sideburn Run - 194.0 Villa Aquatic
Villa Aquatic,Week1,Fairfax Club Estates,Week1,227.0 Villa Aquatic - 175.0 Fairfax Club Estates
Villa Aquatic,Week5,North Springfield,Week4,307.0 Villa Aquatic - 85.0 North Springfield
Villa Aquatic,Week2,Fairfax,Week2,285.0 Fairfax - 117.0 Villa Aquatic
Villa Aquatic,Week4,Shouse Village,Week2,233.5 Villa Aquatic - 168.5 Shouse Village
Villa Aquatic,Week3,Sideburn Run,Week5,202.0 Villa Aquatic - 200.0 Sideburn Run
Villa Aquatic,Week1,Oakton ,Week5,308.0 Oakton - 94.0 Villa Aquatic
Villa Aquatic,Week3,Fairfax,Week4,255.0 Fairfax - 147.0 Villa Aquatic
Villa Aquatic,Week3,Sideburn Run,Week4,225.0 Villa Aquatic - 177.0 Sideburn Run
Villa Aquatic,Week1,Fairfax Club Estates,Week4,214.0 Villa Aquatic - 188.0 Fairfax Club Estates
Villa Aquatic,Week1,Sleepy Hollow B & R,Week3,273.0 Sleepy Hollow B & R - 129.0 Villa Aquatic
Villa Aquatic,Week1,Fairfax Club Estates,Week2,234.0 Villa Aquatic - 168.0 Fairfax Club Estates
Villa Aquatic,Week5,Fairfax,Week4,269.0 Fairfax - 133.0 Villa Aquatic
Villa Aquatic,Week4,North Springfield,Week1,297.0 Villa Aquatic - 54.0 North Springfield
Villa Aquatic,Week1,Sleepy Hollow B & R,Week5,290.5 Sleepy Hollow B & R - 111.5 Villa Aquatic
Villa Aquatic,Week2,North Springfield,Week2,293.0 Villa Aquatic - 95.0 North Springfield
Villa Aquatic,Week5,Fairfax,Week1,249.0 Fairfax - 153.0 Villa Aquatic
Villa Aquatic,Week5,North Springfield,Week2,317.5 Villa Aquatic - 70.5 North Springfield
Villa Aquatic,Week5,North Springfield,Week1,298.0 Villa Aquatic - 53.0 North Springfield
Villa Aquatic,Week4,Fairfax,Week3,291.0 Fairfax - 111.0 Villa Aquatic
Villa Aquatic,Week2,North Springfield,Week3,284.0 Villa Aquatic - 113.0 North Springfield
Villa Aquatic,Week3,Sleepy Hollow B & R,Week3,202.0 Sleepy Hollow B & R - 200.0 Villa Aquatic
Villa Aquatic,Week1,Oakton ,Week2,309.0 Oakton - 93.0 Villa Aquatic
Villa Aquatic,Week1,Fairfax Club Estates,Week3,236.0 Villa Aquatic - 166.0 Fairfax Club Estates
Villa Aquatic,Week5,Fairfax,Week5,283.0 Fairfax - 119.0 Villa Aquatic
Villa Aquatic,Week2,Sleepy Hollow B & R,Week1,248.5 Sleepy Hollow B & R - 153.5 Villa Aquatic
Villa Aquatic,Week2,Oakton ,Week2,297.0 Oakton - 105.0 Villa Aquatic
Villa Aquatic,Week2,Oakton ,Week4,304.0 Oakton - 98.0 Villa Aquatic
Villa Aquatic,Week5,Sleepy Hollow B & R,Week1,201.0 Sleepy Hollow B & R - 201.0 Villa Aquatic
Villa Aquatic,Week1,Sleepy Hollow Rec,Week3,233.0 Villa Aquatic - 169.0 Sleepy Hollow Rec
Villa Aquatic,Week3,Oakton ,Week3,268.0 Oakton - 134.0 Villa Aquatic
Villa Aquatic,Week3,Oakton ,Week2,281.0 Oakton - 121.0 Villa Aquatic
Villa Aquatic,Week3,Sleepy Hollow B & R,Week4,229.0 Sleepy Hollow B & R - 173.0 Villa Aquatic
Villa Aquatic,Week1,Oakton ,Week4,302.0 Oakton - 100.0 Villa Aquatic
Villa Aquatic,Week5,Sleepy Hollow B & R,Week4,235.0 Sleepy Hollow B & R - 167.0 Villa Aquatic
Villa Aquatic,Week1,Sleepy Hollow B & R,Week1,243.0 Sleepy Hollow B & R - 159.0 Villa Aquatic
Villa Aquatic,Week1,Oakton ,Week1,301.0 Oakton - 101.0 Villa Aquatic
Villa Aquatic,Week3,Oakton ,Week1,247.0 Oakton - 155.0 Villa Aquatic
Villa Aquatic,Week5,Sleepy Hollow B & R,Week2,238.0 Sleepy Hollow B & R - 164.0 Villa Aquatic
Villa Aquatic,Week2,North Springfield,Week1,284.0 Villa Aquatic - 66.0 North Springfield
Villa Aquatic,Week4,North Springfield,Week5,278.0 Villa Aquatic - 96.0 North Springfield
Villa Aquatic,Week4,Sideburn Run,Week3,204.0 Sideburn Run - 198.0 Villa Aquatic
Villa Aquatic,Week3,Oakton ,Week4,277.0 Oakton - 125.0 Villa Aquatic
Villa Aquatic,Week2,Sleepy Hollow B & R,Week4,267.0 Sleepy Hollow B & R - 135.0 Villa Aquatic
Villa Aquatic,Week1,Oakton ,Week3,305.0 Oakton - 97.0 Villa Aquatic
Villa Aquatic,Week2,Sleepy Hollow B & R,Week3,266.0 Sleepy Hollow B & R - 136.0 Villa Aquatic
Villa Aquatic,Week1,Sleepy Hollow B & R,Week4,276.0 Sleepy Hollow B & R - 126.0 Villa Aquatic
Villa Aquatic,Week2,Sleepy Hollow B & R,Week5,288.0 Sleepy Hollow B & R - 114.0 Villa Aquatic
Villa Aquatic,Week5,Sideburn Run,Week3,217.0 Villa Aquatic - 185.0 Sideburn Run
Villa Aquatic,Week3,Old Keene Mill,Week4,270.0 Villa Aquatic - 132.0 Old Keene Mill
Villa Aquatic,Week3,Sleepy Hollow B & R,Week1,202.0 Villa Aquatic - 200.0 Sleepy Hollow B & R
Villa Aquatic,Week4,Sleepy Hollow B & R,Week2,239.0 Sleepy Hollow B & R - 163.0 Villa Aquatic
Villa Aquatic,Week5,Sideburn Run,Week1,215.0 Sideburn Run - 187.0 Villa Aquatic
Villa Aquatic,Week5,Sideburn Run,Week5,208.0 Sideburn Run - 194.0 Villa Aquatic
Villa Aquatic,Week1,Old Keene Mill,Week2,228.0 Villa Aquatic - 174.0 Old Keene Mill
Villa Aquatic,Week2,Sleepy Hollow B & R,Week2,259.0 Sleepy Hollow B & R - 143.0 Villa Aquatic
Villa Aquatic,Week4,Sleepy Hollow B & R,Week3,250.5 Sleepy Hollow B & R - 151.5 Villa Aquatic
Villa Aquatic,Week1,Old Keene Mill,Week1,239.0 Villa Aquatic - 163.0 Old Keene Mill
Villa Aquatic,Week4,Sleepy Hollow Rec,Week4,289.0 Villa Aquatic - 113.0 Sleepy Hollow Rec
Villa Aquatic,Week3,Sleepy Hollow B & R,Week5,257.5 Sleepy Hollow B & R - 144.5 Villa Aquatic
Villa Aquatic,Week4,Oakton ,Week1,274.0 Oakton - 128.0 Villa Aquatic
Villa Aquatic,Week4,Sleepy Hollow B & R,Week5,281.0 Sleepy Hollow B & R - 121.0 Villa Aquatic
Villa Aquatic,Week1,Sleepy Hollow B & R,Week2,271.5 Sleepy Hollow B & R - 130.5 Villa Aquatic
Villa Aquatic,Week2,Old Keene Mill,Week2,235.0 Villa Aquatic - 167.0 Old Keene Mill
Villa Aquatic,Week3,Oakton ,Week5,284.0 Oakton - 118.0 Villa Aquatic
Villa Aquatic,Week2,Sleepy Hollow Rec,Week3,216.0 Villa Aquatic - 186.0 Sleepy Hollow Rec
Villa Aquatic,Week1,Sleepy Hollow Rec,Week4,262.0 Villa Aquatic - 140.0 Sleepy Hollow Rec
Villa Aquatic,Week4,Old Keene Mill,Week5,236.0 Villa Aquatic - 166.0 Old Keene Mill
Villa Aquatic,Week1,Sleepy Hollow Rec,Week1,245.0 Villa Aquatic - 157.0 Sleepy Hollow Rec
Villa Aquatic,Week1,Sleepy Hollow Rec,Week2,253.0 Villa Aquatic - 149.0 Sleepy Hollow Rec
Villa Aquatic,Week4,Sideburn Run,Week4,203.0 Sideburn Run - 199.0 Villa Aquatic
Villa Aquatic,Week5,Sideburn Run,Week2,216.0 Villa Aquatic - 186.0 Sideburn Run
Villa Aquatic,Week4,Oakton ,Week2,290.0 Oakton - 112.0 Villa Aquatic
Villa Aquatic,Week4,Oakton ,Week3,275.0 Oakton - 127.0 Villa Aquatic
Villa Aquatic,Week4,Sideburn Run,Week5,220.0 Sideburn Run - 182.0 Villa Aquatic
Villa Aquatic,Week4,Oakton ,Week4,292.0 Oakton - 110.0 Villa Aquatic
Villa Aquatic,Week3,Sleepy Hollow B & R,Week2,210.5 Sleepy Hollow B & R - 191.5 Villa Aquatic
Villa Aquatic,Week2,Old Keene Mill,Week3,230.0 Villa Aquatic - 172.0 Old Keene Mill
Villa Aquatic,Week5,Oakton ,Week2,279.0 Oakton - 123.0 Villa Aquatic
Villa Aquatic,Week5,Sideburn Run,Week4,222.0 Villa Aquatic - 180.0 Sideburn Run
Villa Aquatic,Week1,Sleepy Hollow Rec,Week5,232.0 Villa Aquatic - 170.0 Sleepy Hollow Rec
Villa Aquatic,Week4,Sleepy Hollow B & R,Week1,211.0 Sleepy Hollow B & R - 191.0 Villa Aquatic
Villa Aquatic,Week5,Oakton ,Week1,259.0 Oakton - 143.0 Villa Aquatic
Villa Aquatic,Week5,Sleepy Hollow B & R,Week3,222.5 Sleepy Hollow B & R - 179.5 Villa Aquatic
Villa Aquatic,Week4,Old Keene Mill,Week1,262.0 Villa Aquatic - 140.0 Old Keene Mill
Villa Aquatic,Week5,Oakton ,Week3,255.0 Oakton - 147.0 Villa Aquatic
Villa Aquatic,Week5,Old Keene Mill,Week3,259.0 Villa Aquatic - 143.0 Old Keene Mill
Villa Aquatic,Week4,Sleepy Hollow B & R,Week4,249.0 Sleepy Hollow B & R - 153.0 Villa Aquatic
Villa Aquatic,Week5,Oakton ,Week4,276.0 Oakton - 126.0 Villa Aquatic
Villa Aquatic,Week4,Oakton ,Week5,299.0 Oakton - 103.0 Villa Aquatic
Villa Aquatic,Week1,Old Keene Mill,Week4,225.0 Villa Aquatic - 177.0 Old Keene Mill
Villa Aquatic,Week5,Sleepy Hollow B & R,Week5,254.0 Sleepy Hollow B & R - 148.0 Villa Aquatic
Villa Aquatic,Week3,Old Keene Mill,Week1,280.5 Villa Aquatic - 121.5 Old Keene Mill
Villa Aquatic,Week1,Old Keene Mill,Week5,212.0 Villa Aquatic - 190.0 Old Keene Mill
Villa Aquatic,Week5,Oakton ,Week5,282.0 Oakton - 120.0 Villa Aquatic
Villa Aquatic,Week1,Old Keene Mill,Week3,216.0 Villa Aquatic - 186.0 Old Keene Mill
Villa Aquatic,Week2,Old Keene Mill,Week5,202.0 Villa Aquatic - 200.0 Old Keene Mill
Villa Aquatic,Week2,Old Keene Mill,Week1,250.0 Villa Aquatic - 152.0 Old Keene Mill
Villa Aquatic,Week2,Sleepy Hollow Rec,Week5,225.0 Villa Aquatic - 177.0 Sleepy Hollow Rec
Villa Aquatic,Week4,Old Keene Mill,Week3,251.0 Villa Aquatic - 151.0 Old Keene Mill
Villa Aquatic,Week3,Old Keene Mill,Week2,258.0 Villa Aquatic - 144.0 Old Keene Mill
Villa Aquatic,Week1,Somerset-Olde Creek,Week2,314.0 Villa Aquatic - 88.0 Somerset-Olde Creek
Villa Aquatic,Week5,Sleepy Hollow Rec,Week2,294.0 Villa Aquatic - 108.0 Sleepy Hollow Rec
Villa Aquatic,Week2,Sleepy Hollow Rec,Week4,259.0 Villa Aquatic - 143.0 Sleepy Hollow Rec
Villa Aquatic,Week5,Sleepy Hollow Rec,Week5,267.0 Villa Aquatic - 135.0 Sleepy Hollow Rec
Villa Aquatic,Week1,Orange Hunt,Week4,239.0 Orange Hunt - 163.0 Villa Aquatic
Villa Aquatic,Week4,Orange Hunt,Week2,233.0 Orange Hunt - 169.0 Villa Aquatic
Villa Aquatic,Week4,Old Keene Mill,Week4,255.0 Villa Aquatic - 147.0 Old Keene Mill
Villa Aquatic,Week4,Sleepy Hollow Rec,Week1,284.5 Villa Aquatic - 117.5 Sleepy Hollow Rec
Villa Aquatic,Week2,Sleepy Hollow Rec,Week1,243.0 Villa Aquatic - 159.0 Sleepy Hollow Rec
Villa Aquatic,Week1,Somerset-Olde Creek,Week3,317.0 Villa Aquatic - 85.0 Somerset-Olde Creek
Villa Aquatic,Week2,Old Keene Mill,Week4,235.0 Villa Aquatic - 167.0 Old Keene Mill
Villa Aquatic,Week4,Old Keene Mill,Week2,244.5 Villa Aquatic - 157.5 Old Keene Mill
Villa Aquatic,Week1,Somerset-Olde Creek,Week1,305.0 Villa Aquatic - 96.0 Somerset-Olde Creek
Villa Aquatic,Week1,Somerset-Olde Creek,Week4,303.0 Villa Aquatic - 99.0 Somerset-Olde Creek
Villa Aquatic,Week5,Sleepy Hollow Rec,Week3,263.0 Villa Aquatic - 139.0 Sleepy Hollow Rec
Villa Aquatic,Week3,Old Keene Mill,Week3,266.0 Villa Aquatic - 136.0 Old Keene Mill
Villa Aquatic,Week5,Old Keene Mill,Week2,249.0 Villa Aquatic - 153.0 Old Keene Mill
Villa Aquatic,Week5,Old Keene Mill,Week1,252.0 Villa Aquatic - 150.0 Old Keene Mill
Villa Aquatic,Week3,Sleepy Hollow Rec,Week4,294.0 Villa Aquatic - 108.0 Sleepy Hollow Rec
Villa Aquatic,Week3,Old Keene Mill,Week5,240.0 Villa Aquatic - 162.0 Old Keene Mill
Villa Aquatic,Week5,Orange Hunt,Week5,249.0 Orange Hunt - 153.0 Villa Aquatic
Villa Aquatic,Week4,Orange Hunt,Week1,213.0 Orange Hunt - 189.0 Villa Aquatic
Villa Aquatic,Week4,Sleepy Hollow Rec,Week2,288.5 Villa Aquatic - 113.5 Sleepy Hollow Rec
Villa Aquatic,Week4,Sleepy Hollow Rec,Week5,261.0 Villa Aquatic - 141.0 Sleepy Hollow Rec
Villa Aquatic,Week1,Overlee,Week2,355.0 Overlee - 47.0 Villa Aquatic
Villa Aquatic,Week1,Somerset-Olde Creek,Week5,285.0 Villa Aquatic - 117.0 Somerset-Olde Creek
Villa Aquatic,Week4,Sleepy Hollow Rec,Week3,262.5 Villa Aquatic - 139.5 Sleepy Hollow Rec
Villa Aquatic,Week3,Sleepy Hollow Rec,Week1,290.0 Villa Aquatic - 112.0 Sleepy Hollow Rec
Villa Aquatic,Week1,Orange Hunt,Week2,245.0 Orange Hunt - 157.0 Villa Aquatic
Villa Aquatic,Week5,Old Keene Mill,Week4,247.0 Villa Aquatic - 155.0 Old Keene Mill
Villa Aquatic,Week1,Fairfax Station,Week2,301.0 Fairfax Station - 101.0 Villa Aquatic
Villa Aquatic,Week1,Orange Hunt,Week3,247.0 Orange Hunt - 155.0 Villa Aquatic
Villa Aquatic,Week1,Fairfax Station,Week3,303.0 Fairfax Station - 99.0 Villa Aquatic
Villa Aquatic,Week1,Overlee,Week3,339.0 Overlee - 63.0 Villa Aquatic
Villa Aquatic,Week5,Sleepy Hollow Rec,Week4,301.0 Villa Aquatic - 101.0 Sleepy Hollow Rec
Villa Aquatic,Week3,Orange Hunt,Week3,205.0 Orange Hunt - 197.0 Villa Aquatic
Villa Aquatic,Week2,Orange Hunt,Week1,222.0 Orange Hunt - 180.0 Villa Aquatic
Villa Aquatic,Week3,Sleepy Hollow Rec,Week2,281.0 Villa Aquatic - 121.0 Sleepy Hollow Rec
Villa Aquatic,Week2,Somerset-Olde Creek,Week1,307.0 Villa Aquatic - 94.0 Somerset-Olde Creek
Villa Aquatic,Week5,Orange Hunt,Week2,212.0 Orange Hunt - 190.0 Villa Aquatic
Villa Aquatic,Week1,Orange Hunt,Week1,228.0 Orange Hunt - 174.0 Villa Aquatic
Villa Aquatic,Week3,Sleepy Hollow Rec,Week3,273.0 Villa Aquatic - 129.0 Sleepy Hollow Rec
Villa Aquatic,Week4,Orange Hunt,Week4,226.0 Orange Hunt - 176.0 Villa Aquatic
Villa Aquatic,Week5,Sleepy Hollow Rec,Week1,290.0 Villa Aquatic - 112.0 Sleepy Hollow Rec
Villa Aquatic,Week3,Orange Hunt,Week2,219.0 Orange Hunt - 183.0 Villa Aquatic
Villa Aquatic,Week2,Sleepy Hollow Rec,Week2,247.0 Villa Aquatic - 155.0 Sleepy Hollow Rec
Villa Aquatic,Week3,Sleepy Hollow Rec,Week5,265.0 Villa Aquatic - 137.0 Sleepy Hollow Rec
Villa Aquatic,Week2,Fairfax Club Estates,Week3,241.0 Villa Aquatic - 161.0 Fairfax Club Estates
Villa Aquatic,Week4,Orange Hunt,Week3,223.0 Orange Hunt - 179.0 Villa Aquatic
Villa Aquatic,Week3,Somerset-Olde Creek,Week5,315.0 Villa Aquatic - 87.0 Somerset-Olde Creek
Villa Aquatic,Week2,Fairfax Station,Week2,289.0 Fairfax Station - 113.0 Villa Aquatic
Villa Aquatic,Week5,Old Keene Mill,Week5,234.0 Villa Aquatic - 168.0 Old Keene Mill
Villa Aquatic,Week3,Fairfax Club Estates,Week5,253.0 Villa Aquatic - 148.0 Fairfax Club Estates
Villa Aquatic,Week5,Somerset-Olde Creek,Week1,332.0 Villa Aquatic - 70.0 Somerset-Olde Creek
Villa Aquatic,Week2,Fairfax Station,Week3,303.0 Fairfax Station - 99.0 Villa Aquatic
Villa Aquatic,Week5,Somerset-Olde Creek,Week2,343.0 Villa Aquatic - 59.0 Somerset-Olde Creek
Villa Aquatic,Week3,Fairfax Club Estates,Week3,277.0 Villa Aquatic - 125.0 Fairfax Club Estates
Villa Aquatic,Week3,Fairfax Club Estates,Week2,267.0 Villa Aquatic - 135.0 Fairfax Club Estates
Villa Aquatic,Week1,Fairfax Station,Week5,314.0 Fairfax Station - 88.0 Villa Aquatic
Villa Aquatic,Week2,South Run,Week2,208.0 Villa Aquatic - 194.0 South Run
Villa Aquatic,Week1,Overlee,Week1,345.0 Overlee - 57.0 Villa Aquatic
Villa Aquatic,Week2,Fairfax Station,Week1,281.0 Fairfax Station - 121.0 Villa Aquatic
Villa Aquatic,Week4,Somerset-Olde Creek,Week5,299.0 Villa Aquatic - 103.0 Somerset-Olde Creek
Villa Aquatic,Week2,Somerset-Olde Creek,Week5,270.0 Villa Aquatic - 132.0 Somerset-Olde Creek
Villa Aquatic,Week2,Orange Hunt,Week2,235.0 Orange Hunt - 167.0 Villa Aquatic
Villa Aquatic,Week5,Fairfax Club Estates,Week3,264.0 Villa Aquatic - 138.0 Fairfax Club Estates
Villa Aquatic,Week3,Somerset-Olde Creek,Week3,336.0 Villa Aquatic - 66.0 Somerset-Olde Creek
Villa Aquatic,Week4,Fairfax Club Estates,Week5,231.0 Villa Aquatic - 171.0 Fairfax Club Estates
Villa Aquatic,Week5,Orange Hunt,Week3,213.0 Orange Hunt - 189.0 Villa Aquatic
Villa Aquatic,Week2,South Run,Week5,210.0 South Run - 192.0 Villa Aquatic
Villa Aquatic,Week3,Somerset-Olde Creek,Week1,331.0 Villa Aquatic - 71.0 Somerset-Olde Creek
Villa Aquatic,Week4,Fairfax Club Estates,Week2,254.0 Villa Aquatic - 148.0 Fairfax Club Estates
Villa Aquatic,Week3,Fairfax Club Estates,Week1,254.0 Villa Aquatic - 148.0 Fairfax Club Estates
Villa Aquatic,Week3,Orange Hunt,Week4,208.0 Orange Hunt - 194.0 Villa Aquatic
Villa Aquatic,Week5,Fairfax Club Estates,Week5,243.0 Villa Aquatic - 159.0 Fairfax Club Estates
Villa Aquatic,Week2,Orange Hunt,Week3,238.0 Orange Hunt - 164.0 Villa Aquatic
Villa Aquatic,Week4,Somerset-Olde Creek,Week4,321.0 Villa Aquatic - 81.0 Somerset-Olde Creek
Villa Aquatic,Week1,Orange Hunt,Week5,260.0 Orange Hunt - 142.0 Villa Aquatic
Villa Aquatic,Week4,Somerset-Olde Creek,Week1,325.5 Villa Aquatic - 76.5 Somerset-Olde Creek
Villa Aquatic,Week4,Fairfax Club Estates,Week1,240.0 Villa Aquatic - 162.0 Fairfax Club Estates
Villa Aquatic,Week2,Somerset-Olde Creek,Week3,316.5 Villa Aquatic - 85.5 Somerset-Olde Creek
Villa Aquatic,Week3,Orange Hunt,Week1,224.0 Villa Aquatic - 178.0 Orange Hunt
Villa Aquatic,Week1,Fairfax Station,Week4,288.0 Fairfax Station - 114.0 Villa Aquatic
Villa Aquatic,Week4,Somerset-Olde Creek,Week2,329.0 Villa Aquatic - 73.0 Somerset-Olde Creek
Villa Aquatic,Week4,Orange Hunt,Week5,250.0 Orange Hunt - 152.0 Villa Aquatic
Villa Aquatic,Week5,Somerset-Olde Creek,Week5,312.0 Villa Aquatic - 90.0 Somerset-Olde Creek
Villa Aquatic,Week3,Overlee,Week1,319.0 Overlee - 83.0 Villa Aquatic
Villa Aquatic,Week3,Somerset-Olde Creek,Week4,328.0 Villa Aquatic - 74.0 Somerset-Olde Creek
Villa Aquatic,Week5,Orange Hunt,Week4,209.0 Orange Hunt - 193.0 Villa Aquatic
Villa Aquatic,Week2,Fairfax Club Estates,Week5,215.0 Villa Aquatic - 187.0 Fairfax Club Estates
Villa Aquatic,Week2,Orange Hunt,Week4,226.0 Orange Hunt - 176.0 Villa Aquatic
Villa Aquatic,Week5,Fairfax Club Estates,Week4,245.0 Villa Aquatic - 157.0 Fairfax Club Estates
Villa Aquatic,Week3,Somerset-Olde Creek,Week2,337.0 Villa Aquatic - 65.0 Somerset-Olde Creek
Villa Aquatic,Week3,Orange Hunt,Week5,233.0 Orange Hunt - 169.0 Villa Aquatic
Villa Aquatic,Week5,Orange Hunt,Week1,201.0 Orange Hunt - 201.0 Villa Aquatic
Villa Aquatic,Week2,Orange Hunt,Week5,256.0 Orange Hunt - 146.0 Villa Aquatic
Villa Aquatic,Week3,Overlee,Week3,318.0 Overlee - 84.0 Villa Aquatic
Villa Aquatic,Week1,South Run,Week3,204.0 Villa Aquatic - 198.0 South Run
Villa Aquatic,Week1,Parklawn,Week1,277.0 Villa Aquatic - 116.0 Parklawn
Villa Aquatic,Week4,Fairfax Club Estates,Week4,227.0 Villa Aquatic - 175.0 Fairfax Club Estates
Villa Aquatic,Week3,South Run,Week1,214.0 Villa Aquatic - 179.0 South Run
Village West,Week2,Vienna Aquatic,Week4,322.0 Vienna Aquatic - 80.0 Village West
Villa Aquatic,Week2,South Run,Week1,203.5 South Run - 189.5 Villa Aquatic
Villa Aquatic,Week5,Overlee,Week1,318.0 Overlee - 84.0 Villa Aquatic
Villa Aquatic,Week4,Overlee,Week1,330.0 Overlee - 72.0 Villa Aquatic
Villa Aquatic,Week5,Fairfax Club Estates,Week1,238.0 Villa Aquatic - 164.0 Fairfax Club Estates
Village West,Week2,Vienna Aquatic,Week3,341.0 Vienna Aquatic - 61.0 Village West
Villa Aquatic,Week4,Fairfax Club Estates,Week3,258.0 Villa Aquatic - 144.0 Fairfax Club Estates
Villa Aquatic,Week5,Overlee,Week5,356.0 Overlee - 46.0 Villa Aquatic
Villa Aquatic,Week5,Fairfax Club Estates,Week2,248.0 Villa Aquatic - 154.0 Fairfax Club Estates
Villa Aquatic,Week5,Overlee,Week4,361.0 Overlee - 41.0 Villa Aquatic
Villa Aquatic,Week4,Overlee,Week3,333.0 Overlee - 69.0 Villa Aquatic
Village West,Week5,Tuckahoe,Week1,358.0 Tuckahoe - 44.0 Village West
Villa Aquatic,Week2,South Run,Week3,203.0 Villa Aquatic - 199.0 South Run
Village West,Week2,Vienna Aquatic,Week5,342.0 Vienna Aquatic - 60.0 Village West
Villa Aquatic,Week1,South Run,Week5,221.0 South Run - 181.0 Villa Aquatic
Villa Aquatic,Week3,Overlee,Week4,358.0 Overlee - 44.0 Villa Aquatic
Villa Aquatic,Week4,Somerset-Olde Creek,Week3,329.0 Villa Aquatic - 73.0 Somerset-Olde Creek
Village West,Week5,Tuckahoe,Week3,369.0 Tuckahoe - 33.0 Village West
Villa Aquatic,Week1,Fairfax Station,Week1,292.0 Fairfax Station - 110.0 Villa Aquatic
Villa Aquatic,Week1,South Run,Week2,207.0 South Run - 195.0 Villa Aquatic
Villa Aquatic,Week2,Somerset-Olde Creek,Week2,311.0 Villa Aquatic - 91.0 Somerset-Olde Creek
Villa Aquatic,Week2,Fairfax Club Estates,Week4,209.0 Villa Aquatic - 193.0 Fairfax Club Estates
Villa Aquatic,Week3,Fairfax Club Estates,Week4,251.0 Villa Aquatic - 151.0 Fairfax Club Estates
Villa Aquatic,Week1,South Run,Week4,202.0 Villa Aquatic - 200.0 South Run
Villa Aquatic,Week2,Springboard,Week2,273.0 Villa Aquatic - 129.0 Springboard
Villa Aquatic,Week2,Springboard,Week4,243.0 Villa Aquatic - 159.0 Springboard
Village West,Week4,Tuckahoe,Week4,367.0 Tuckahoe - 30.0 Village West
Village West,Week5,Tuckahoe,Week5,366.0 Tuckahoe - 36.0 Village West
Villa Aquatic,Week2,Overlee,Week1,332.0 Overlee - 70.0 Villa Aquatic
Village West,Week1,Vienna Woods,Week1,338.0 Vienna Woods - 64.0 Village West
Villa Aquatic,Week5,Overlee,Week2,341.0 Overlee - 61.0 Villa Aquatic
Villa Aquatic,Week5,Somerset-Olde Creek,Week4,322.0 Villa Aquatic - 80.0 Somerset-Olde Creek
Villa Aquatic,Week2,Overlee,Week5,357.0 Overlee - 45.0 Villa Aquatic
Villa Aquatic,Week2,Overlee,Week4,355.0 Overlee - 47.0 Villa Aquatic
Villa Aquatic,Week5,Somerset-Olde Creek,Week3,330.0 Villa Aquatic - 72.0 Somerset-Olde Creek
Village West,Week1,Vienna Aquatic,Week5,334.0 Vienna Aquatic - 68.0 Village West
Villa Aquatic,Week3,Overlee,Week5,355.5 Overlee - 46.5 Villa Aquatic
Villa Aquatic,Week2,Somerset-Olde Creek,Week4,297.0 Villa Aquatic - 105.0 Somerset-Olde Creek
Village West,Week1,Vienna Aquatic,Week3,338.0 Vienna Aquatic - 64.0 Village West
Villa Aquatic,Week1,South Run,Week1,210.5 South Run - 182.5 Villa Aquatic
Villa Aquatic,Week3,Overlee,Week2,323.0 Overlee - 79.0 Villa Aquatic
Villa Aquatic,Week2,South Run,Week4,222.0 Villa Aquatic - 180.0 South Run
Villa Aquatic,Week4,Overlee,Week4,362.0 Overlee - 40.0 Villa Aquatic
Village West,Week4,Tuckahoe,Week5,364.0 Tuckahoe - 33.0 Village West
Village West,Week3,Vienna Aquatic,Week2,316.0 Vienna Aquatic - 86.0 Village West
Village West,Week4,Tuckahoe,Week3,364.0 Tuckahoe - 33.0 Village West
Villa Aquatic,Week4,Overlee,Week2,348.0 Overlee - 54.0 Villa Aquatic
Village West,Week4,Vienna Aquatic,Week4,322.0 Vienna Aquatic - 75.0 Village West
Village West,Week5,Tuckahoe,Week4,370.5 Tuckahoe - 31.5 Village West
Villa Aquatic,Week2,Dowden Terrace,Week1,205.0 Dowden Terrace - 197.0 Villa Aquatic
Villa Aquatic,Week1,Overlee,Week5,366.0 Overlee - 36.0 Villa Aquatic
Villa Aquatic,Week5,South Run,Week3,219.0 Villa Aquatic - 183.0 South Run
Villa Aquatic,Week1,Overlee,Week4,370.0 Overlee - 32.0 Villa Aquatic
Villa Aquatic,Week3,Springboard,Week4,276.0 Villa Aquatic - 126.0 Springboard
Village West,Week5,Dunn Loring,Week5,324.0 Dunn Loring - 78.0 Village West
Villa Aquatic,Week4,Springboard,Week1,268.5 Villa Aquatic - 133.5 Springboard
Villa Aquatic,Week3,Springboard,Week3,282.0 Villa Aquatic - 119.0 Springboard
Villa Aquatic,Week3,South Run,Week5,213.0 Villa Aquatic - 189.0 South Run
Village West,Week5,Dunn Loring,Week1,285.0 Dunn Loring - 117.0 Village West
Village West,Week1,Vienna Aquatic,Week4,320.0 Vienna Aquatic - 82.0 Village West
Village West,Week2,Vienna Aquatic,Week2,329.0 Vienna Aquatic - 73.0 Village West
Village West,Week4,Fair Oaks ,Week2,254.0 Fair Oaks - 143.0 Village West
Village West,Week3,Fair Oaks ,Week3,264.0 Fair Oaks - 138.0 Village West
Village West,Week1,Fairfax,Week1,315.0 Fairfax - 87.0 Village West
Villa Aquatic,Week5,Donaldson Run,Week3,291.0 Donaldson Run - 111.0 Villa Aquatic
Village West,Week5,Tuckahoe,Week2,370.0 Tuckahoe - 32.0 Village West
Village West,Week5,Dunn Loring,Week3,335.0 Dunn Loring - 67.0 Village West
Villa Aquatic,Week2,Springboard,Week3,257.0 Villa Aquatic - 145.0 Springboard
Village West,Week5,Dunn Loring,Week4,321.0 Dunn Loring - 81.0 Village West
Village West,Week4,Dunn Loring,Week5,311.0 Dunn Loring - 86.0 Village West
Village West,Week5,Fair Oaks ,Week2,263.0 Fair Oaks - 139.0 Village West
Villa Aquatic,Week5,Overlee,Week3,327.0 Overlee - 75.0 Villa Aquatic
Village West,Week3,Fair Oaks ,Week5,270.0 Fair Oaks - 132.0 Village West
Villa Aquatic,Week1,Springboard,Week3,255.0 Villa Aquatic - 147.0 Springboard
Villa Aquatic,Week4,South Run,Week3,215.0 Villa Aquatic - 187.0 South Run
Village West,Week4,Vienna Aquatic,Week5,338.0 Vienna Aquatic - 59.0 Village West
Villa Aquatic,Week2,Donaldson Run,Week3,310.0 Donaldson Run - 92.0 Villa Aquatic
Villa Aquatic,Week4,South Run,Week4,209.0 Villa Aquatic - 193.0 South Run
Village West,Week5,Vienna Aquatic,Week1,323.0 Vienna Aquatic - 79.0 Village West
Village West,Week3,Vienna Aquatic,Week4,310.0 Vienna Aquatic - 92.0 Village West
Villa Aquatic,Week2,Overlee,Week3,330.0 Overlee - 72.0 Villa Aquatic
Villa Aquatic,Week4,South Run,Week5,205.0 South Run - 197.0 Villa Aquatic
Villa Aquatic,Week2,Overlee,Week2,349.0 Overlee - 53.0 Villa Aquatic
Village West,Week2,Vienna Aquatic,Week1,328.0 Vienna Aquatic - 74.0 Village West
Villa Aquatic,Week1,Springboard,Week2,291.0 Villa Aquatic - 111.0 Springboard
Villa Aquatic,Week1,Donaldson Run,Week4,313.0 Donaldson Run - 89.0 Villa Aquatic
Village West,Week4,Dunn Loring,Week3,325.0 Dunn Loring - 72.0 Village West
Village West,Week3,Vienna Aquatic,Week5,333.0 Vienna Aquatic - 69.0 Village West
Villa Aquatic,Week4,Overlee,Week5,367.0 Overlee - 35.0 Villa Aquatic
Villa Aquatic,Week1,Dowden Terrace,Week4,229.0 Dowden Terrace - 173.0 Villa Aquatic
Village West,Week1,Vienna Aquatic,Week1,325.0 Vienna Aquatic - 77.0 Village West
Village West,Week4,Vienna Aquatic,Week2,326.0 Vienna Aquatic - 71.0 Village West
Villa Aquatic,Week4,South Run,Week1,198.0 South Run - 195.0 Villa Aquatic
Village West,Week4,Vienna Aquatic,Week1,328.0 Vienna Aquatic - 69.0 Village West
Villa Aquatic,Week3,Springboard,Week1,289.0 Villa Aquatic - 112.0 Springboard
Village West,Week5,Vienna Aquatic,Week2,322.0 Vienna Aquatic - 80.0 Village West
Village West,Week2,Fair Oaks ,Week1,286.0 Fair Oaks - 116.0 Village West
Village West,Week2,Fair Oaks ,Week2,257.0 Fair Oaks - 145.0 Village West
Villa Aquatic,Week3,South Run,Week3,230.0 Villa Aquatic - 172.0 South Run
Village West,Week1,Fair Oaks ,Week1,293.0 Fair Oaks - 109.0 Village West
Villa Aquatic,Week4,South Run,Week2,222.0 Villa Aquatic - 180.0 South Run
Villa Aquatic,Week3,South Run,Week4,241.0 Villa Aquatic - 161.0 South Run
Villa Aquatic,Week1,Springboard,Week4,243.0 Villa Aquatic - 159.0 Springboard
Village West,Week5,Vienna Aquatic,Week4,323.0 Vienna Aquatic - 74.0 Village West
Village West,Week1,Fair Oaks ,Week2,257.0 Fair Oaks - 145.0 Village West
Village West,Week3,Vienna Aquatic,Week3,318.0 Vienna Aquatic - 84.0 Village West
Villa Aquatic,Week2,Donaldson Run,Week2,306.0 Donaldson Run - 96.0 Villa Aquatic
Village West,Week3,Vienna Aquatic,Week1,314.0 Vienna Aquatic - 88.0 Village West
Village West,Week5,Vienna Aquatic,Week5,336.0 Vienna Aquatic - 66.0 Village West
Villa Aquatic,Week5,South Run,Week2,223.0 Villa Aquatic - 179.0 South Run
Villa Aquatic,Week3,Donaldson Run,Week4,294.0 Donaldson Run - 108.0 Villa Aquatic
Village West,Week2,Fair Oaks ,Week4,277.0 Fair Oaks - 125.0 Village West
Villa Aquatic,Week2,Donaldson Run,Week5,328.0 Donaldson Run - 74.0 Villa Aquatic
Villa Aquatic,Week5,Donaldson Run,Week1,284.0 Donaldson Run - 118.0 Villa Aquatic
Villa Aquatic,Week1,Dowden Terrace,Week1,211.0 Dowden Terrace - 191.0 Villa Aquatic
Villa Aquatic,Week1,Donaldson Run,Week2,305.0 Donaldson Run - 97.0 Villa Aquatic
Village West,Week1,Fair Oaks ,Week5,301.5 Fair Oaks - 100.5 Village West
Village West,Week1,Fair Oaks ,Week3,289.0 Fair Oaks - 113.0 Village West
Villa Aquatic,Week2,Donaldson Run,Week1,311.0 Donaldson Run - 91.0 Villa Aquatic
Village West,Week5,Vienna Aquatic,Week3,333.0 Vienna Aquatic - 69.0 Village West
Village West,Week5,Dunn Loring,Week2,321.5 Dunn Loring - 80.5 Village West
Villa Aquatic,Week5,South Run,Week5,206.0 Villa Aquatic - 196.0 South Run
Village West,Week1,Vienna Aquatic,Week2,319.0 Vienna Aquatic - 83.0 Village West
Villa Aquatic,Week5,South Run,Week4,227.0 Villa Aquatic - 175.0 South Run
Villa Aquatic,Week1,Donaldson Run,Week5,328.0 Donaldson Run - 74.0 Villa Aquatic
Villa Aquatic,Week2,Donaldson Run,Week4,318.0 Donaldson Run - 84.0 Villa Aquatic
Village West,Week2,Fair Oaks ,Week5,291.0 Fair Oaks - 111.0 Village West
Village West,Week2,Fair Oaks ,Week3,288.0 Fair Oaks - 114.0 Village West
Villa Aquatic,Week3,Donaldson Run,Week5,307.0 Donaldson Run - 95.0 Villa Aquatic
Villa Aquatic,Week2,Springboard,Week1,260.0 Villa Aquatic - 142.0 Springboard
Village West,Week2,Vienna Woods,Week3,349.0 Vienna Woods - 53.0 Village West
Village West,Week3,Vienna Woods,Week2,328.0 Vienna Woods - 74.0 Village West
Villa Aquatic,Week4,Donaldson Run,Week5,319.0 Donaldson Run - 83.0 Villa Aquatic
Village West,Week3,Fair Oaks ,Week2,227.0 Fair Oaks - 175.0 Village West
Villa Aquatic,Week2,Springboard,Week5,244.0 Villa Aquatic - 158.0 Springboard
Villa Aquatic,Week5,South Run,Week1,203.0 Villa Aquatic - 190.0 South Run
Villa Aquatic,Week1,Springboard,Week5,244.0 Villa Aquatic - 158.0 Springboard
Village West,Week4,Vienna Aquatic,Week3,333.0 Vienna Aquatic - 64.0 Village West
Village West,Week1,Villa Aquatic,Week5,277.0 Villa Aquatic - 125.0 Village West
Villa Aquatic,Week1,Springboard,Week1,257.0 Villa Aquatic - 145.0 Springboard
Villa Aquatic,Week3,Donaldson Run,Week1,283.0 Donaldson Run - 119.0 Villa Aquatic
Village West,Week4,Vienna Woods,Week4,324.0 Vienna Woods - 73.0 Village West
Village West,Week1,Villa Aquatic,Week3,286.5 Villa Aquatic - 115.5 Village West
Villa Aquatic,Week3,South Run,Week2,239.0 Villa Aquatic - 163.0 South Run
Village West,Week3,Fair Oaks ,Week4,239.0 Fair Oaks - 163.0 Village West
Village West,Week4,Fair Oaks ,Week3,283.0 Fair Oaks - 114.0 Village West
Villa Aquatic,Week3,Donaldson Run,Week3,275.0 Donaldson Run - 127.0 Villa Aquatic
Villa Aquatic,Week5,Donaldson Run,Week5,311.0 Donaldson Run - 91.0 Villa Aquatic
Village West,Week5,Fair Oaks ,Week4,273.0 Fair Oaks - 129.0 Village West
Villa Aquatic,Week4,Donaldson Run,Week3,294.0 Donaldson Run - 108.0 Villa Aquatic
Villa Aquatic,Week1,Donaldson Run,Week3,311.5 Donaldson Run - 90.5 Villa Aquatic
Village West,Week3,Fair Oaks ,Week1,260.0 Fair Oaks - 142.0 Village West
Village West,Week3,Vienna Woods,Week5,348.0 Vienna Woods - 54.0 Village West
Villa Aquatic,Week5,Kent Gardens,Week4,212.0 Villa Aquatic - 190.0 Kent Gardens
Villa Aquatic,Week5,Rolling Valley,Week2,309.0 Villa Aquatic - 93.0 Rolling Valley
Villa Aquatic,Week5,Ilda Community,Week2,288.0 Villa Aquatic - 114.0 Ilda Community
Villa Aquatic,Week5,Ilda Community,Week5,297.0 Villa Aquatic - 105.0 Ilda Community
Villa Aquatic,Week4,Springboard,Week4,275.0 Villa Aquatic - 127.0 Springboard
Villa Aquatic,Week4,Springboard,Week3,275.0 Villa Aquatic - 127.0 Springboard
Village West,Week3,Vienna Woods,Week4,318.0 Vienna Woods - 84.0 Village West
Villa Aquatic,Week2,Kent Gardens,Week3,208.0 Villa Aquatic - 194.0 Kent Gardens
Villa Aquatic,Week1,Dowden Terrace,Week2,214.0 Dowden Terrace - 188.0 Villa Aquatic
Village West,Week2,Vienna Woods,Week2,331.0 Vienna Woods - 70.0 Village West
Villa Aquatic,Week4,Donaldson Run,Week1,299.0 Donaldson Run - 103.0 Villa Aquatic
Village West,Week4,Fair Oaks ,Week4,267.0 Fair Oaks - 130.0 Village West
Villa Aquatic,Week4,Kent Gardens,Week3,216.0 Villa Aquatic - 186.0 Kent Gardens
Village West,Week3,Vienna Woods,Week3,333.0 Vienna Woods - 69.0 Village West
Village West,Week1,Vienna Woods,Week2,348.0 Vienna Woods - 53.0 Village West
Villa Aquatic,Week4,Donaldson Run,Week4,303.0 Donaldson Run - 99.0 Villa Aquatic
Village West,Week4,Dunn Loring,Week4,312.0 Dunn Loring - 85.0 Village West
Village West,Week5,Fair Oaks ,Week3,287.0 Fair Oaks - 115.0 Village West
Villa Aquatic,Week3,Springboard,Week5,266.0 Villa Aquatic - 135.0 Springboard
Villa Aquatic,Week1,Donaldson Run,Week1,309.0 Donaldson Run - 93.0 Villa Aquatic
Villa Aquatic,Week4,Kent Gardens,Week4,209.0 Villa Aquatic - 193.0 Kent Gardens
Village West,Week4,Vienna Woods,Week1,343.0 Vienna Woods - 54.0 Village West
Village West,Week4,Fair Oaks ,Week1,272.0 Fair Oaks - 125.0 Village West
Village West,Week5,Fair Oaks ,Week5,295.0 Fair Oaks - 107.0 Village West
Village West,Week1,Vienna Woods,Week3,352.0 Vienna Woods - 50.0 Village West
Villa Aquatic,Week3,Donaldson Run,Week2,276.0 Donaldson Run - 126.0 Villa Aquatic
Village West,Week4,Fair Oaks ,Week5,275.0 Fair Oaks - 122.0 Village West
Villa Aquatic,Week3,Springboard,Week2,311.0 Villa Aquatic - 90.0 Springboard
Village West,Week4,Vienna Woods,Week3,343.0 Vienna Woods - 54.0 Village West
Village West,Week3,Vienna Woods,Week1,325.0 Vienna Woods - 77.0 Village West
Villa Aquatic,Week2,Rolling Valley,Week4,273.5 Villa Aquatic - 128.5 Rolling Valley
Villa Aquatic,Week1,Kent Gardens,Week3,210.5 Villa Aquatic - 191.5 Kent Gardens
Villa Aquatic,Week4,Kent Gardens,Week1,203.0 Villa Aquatic - 199.0 Kent Gardens
Village West,Week1,Fair Oaks ,Week4,283.0 Fair Oaks - 119.0 Village West
Villa Aquatic,Week4,Springboard,Week2,310.0 Villa Aquatic - 92.0 Springboard
Villa Aquatic,Week3,Rolling Valley,Week2,320.0 Villa Aquatic - 82.0 Rolling Valley
Villa Aquatic,Week1,Rutherford,Week2,262.0 Villa Aquatic - 140.0 Rutherford
Village West,Week4,Vienna Woods,Week2,326.0 Vienna Woods - 70.0 Village West
Villa Aquatic,Week5,Donaldson Run,Week2,287.0 Donaldson Run - 115.0 Villa Aquatic
Village West,Week5,Fair Oaks ,Week1,286.0 Fair Oaks - 116.0 Village West
Villa Aquatic,Week4,Donaldson Run,Week2,289.0 Donaldson Run - 113.0 Villa Aquatic
Villa Aquatic,Week4,Springboard,Week5,264.5 Villa Aquatic - 137.5 Springboard
Villa Aquatic,Week3,Kent Gardens,Week3,223.0 Villa Aquatic - 179.0 Kent Gardens
Villa Aquatic,Week1,Dowden Terrace,Week5,236.0 Dowden Terrace - 166.0 Villa Aquatic
Villa Aquatic,Week1,Kent Gardens,Week4,215.0 Kent Gardens - 187.0 Villa Aquatic
Village West,Week1,Vienna Woods,Week5,361.0 Vienna Woods - 41.0 Village West
Village West,Week3,Fairfax,Week3,304.0 Fairfax - 98.0 Village West
Villa Aquatic,Week1,Rutherford,Week1,267.0 Villa Aquatic - 135.0 Rutherford
Village West,Week2,Vienna Woods,Week5,356.0 Vienna Woods - 46.0 Village West
Village West,Week3,Fairfax,Week1,289.0 Fairfax - 113.0 Village West
Village West,Week5,Fairfax,Week1,309.0 Fairfax - 93.0 Village West
Villa Aquatic,Week3,Dowden Terrace,Week1,219.0 Villa Aquatic - 182.0 Dowden Terrace
Villa Aquatic,Week5,Kent Gardens,Week3,208.0 Villa Aquatic - 194.0 Kent Gardens
Villa Aquatic,Week5,Donaldson Run,Week4,290.0 Donaldson Run - 112.0 Villa Aquatic
Villa Aquatic,Week1,Rutherford,Week3,243.0 Villa Aquatic - 159.0 Rutherford
Villa Aquatic,Week3,Rolling Valley,Week4,317.5 Villa Aquatic - 84.5 Rolling Valley
Villa Aquatic,Week5,Rolling Valley,Week3,305.0 Villa Aquatic - 97.0 Rolling Valley
Village West,Week5,Vienna Woods,Week2,327.0 Vienna Woods - 74.0 Village West
Villa Aquatic,Week4,Rolling Valley,Week3,297.0 Villa Aquatic - 105.0 Rolling Valley
Village West,Week3,Fairfax,Week4,297.0 Fairfax - 105.0 Village West
Villa Aquatic,Week3,Dowden Terrace,Week2,203.0 Villa Aquatic - 199.0 Dowden Terrace
Village West,Week1,Fairfax Club Estates,Week3,221.0 Fairfax Club Estates - 179.0 Village West
Village West,Week2,Vienna Woods,Week1,333.0 Vienna Woods - 69.0 Village West
Village West,Week1,Vienna Woods,Week4,334.0 Vienna Woods - 68.0 Village West
Villa Aquatic,Week4,Rolling Valley,Week2,295.0 Villa Aquatic - 107.0 Rolling Valley
Villa Aquatic,Week5,Kent Gardens,Week1,211.0 Villa Aquatic - 191.0 Kent Gardens
Villa Aquatic,Week1,Kent Gardens,Week5,256.0 Kent Gardens - 146.0 Villa Aquatic
Villa Aquatic,Week1,Dowden Terrace,Week3,228.0 Dowden Terrace - 174.0 Villa Aquatic
Villa Aquatic,Week2,Dowden Terrace,Week4,213.0 Dowden Terrace - 189.0 Villa Aquatic
Village West,Week4,Fairfax,Week1,311.0 Fairfax - 86.0 Village West
Villa Aquatic,Week1,Kings Ridge ,Week1,276.0 Villa Aquatic - 126.0 Kings Ridge
Villa Aquatic,Week1,Kent Gardens,Week1,222.0 Kent Gardens - 180.0 Villa Aquatic
Village West,Week2,Vienna Woods,Week4,331.0 Vienna Woods - 71.0 Village West
Villa Aquatic,Week5,Kent Gardens,Week2,220.0 Villa Aquatic - 182.0 Kent Gardens
Village West,Week1,Fairfax Club Estates,Week5,221.0 Fairfax Club Estates - 177.0 Village West
Village West,Week4,Vienna Woods,Week5,350.0 Vienna Woods - 47.0 Village West
Villa Aquatic,Week4,Dowden Terrace,Week2,208.0 Dowden Terrace - 194.0 Villa Aquatic
Villa Aquatic,Week3,Kent Gardens,Week4,234.0 Villa Aquatic - 168.0 Kent Gardens
Villa Aquatic,Week5,Rolling Valley,Week1,327.0 Villa Aquatic - 75.0 Rolling Valley
Villa Aquatic,Week4,Dowden Terrace,Week3,202.0 Villa Aquatic - 200.0 Dowden Terrace
Villa Aquatic,Week2,Rolling Valley,Week1,294.5 Villa Aquatic - 107.5 Rolling Valley
Villa Aquatic,Week4,Rolling Valley,Week5,298.5 Villa Aquatic - 103.5 Rolling Valley
Villa Aquatic,Week3,Dowden Terrace,Week4,207.0 Villa Aquatic - 195.0 Dowden Terrace
Village West,Week1,Fairfax Club Estates,Week4,234.0 Fairfax Club Estates - 167.0 Village West
Villa Aquatic,Week2,Rolling Valley,Week5,273.0 Villa Aquatic - 129.0 Rolling Valley
Village West,Week5,Vienna Woods,Week5,351.0 Vienna Woods - 51.0 Village West
Villa Aquatic,Week5,Rolling Valley,Week4,303.0 Villa Aquatic - 99.0 Rolling Valley
Village West,Week2,Fairfax,Week1,304.0 Fairfax - 98.0 Village West
Village West,Week1,Villa Aquatic,Week1,252.0 Villa Aquatic - 150.0 Village West
Village West,Week4,Fairfax,Week3,322.0 Fairfax - 74.0 Village West
Villa Aquatic,Week3,Kent Gardens,Week2,228.0 Villa Aquatic - 174.0 Kent Gardens
Villa Aquatic,Week3,Dowden Terrace,Week5,209.0 Dowden Terrace - 193.0 Villa Aquatic
Village West,Week2,Fairfax Club Estates,Week1,232.0 Fairfax Club Estates - 169.0 Village West
Village West,Week5,Vienna Woods,Week3,332.0 Vienna Woods - 70.0 Village West
Village West,Week1,Villa Aquatic,Week4,270.0 Villa Aquatic - 132.0 Village West
Villa Aquatic,Week5,Dowden Terrace,Week2,204.5 Villa Aquatic - 197.5 Dowden Terrace
Village West,Week3,Fairfax,Week2,303.0 Fairfax - 99.0 Village West
Villa Aquatic,Week3,Rolling Valley,Week3,316.0 Villa Aquatic - 86.0 Rolling Valley
Villa Aquatic,Week1,Dunn Loring,Week1,253.0 Dunn Loring - 149.0 Villa Aquatic
Villa Aquatic,Week1,Dunn Loring,Week2,305.0 Dunn Loring - 97.0 Villa Aquatic
Villa Aquatic,Week2,Kent Gardens,Week4,211.0 Villa Aquatic - 191.0 Kent Gardens
Villa Aquatic,Week5,Ilda Community,Week4,267.0 Villa Aquatic - 135.0 Ilda Community
Villa Aquatic,Week2,Rolling Valley,Week2,276.0 Villa Aquatic - 126.0 Rolling Valley
Villa Aquatic,Week4,Dowden Terrace,Week5,233.0 Dowden Terrace - 169.0 Villa Aquatic
Villa Aquatic,Week3,Rolling Valley,Week5,318.0 Villa Aquatic - 84.0 Rolling Valley
Village West,Week4,Fairfax,Week2,330.0 Fairfax - 67.0 Village West
Villa Aquatic,Week5,Ilda Community,Week3,283.0 Villa Aquatic - 119.0 Ilda Community
Village West,Week5,Vienna Woods,Week1,331.0 Vienna Woods - 71.0 Village West
Village West,Week5,Fairfax,Week2,322.0 Fairfax - 80.0 Village West
Villa Aquatic,Week4,Rolling Valley,Week4,304.0 Villa Aquatic - 98.0 Rolling Valley
Villa Aquatic,Week5,Dowden Terrace,Week1,211.0 Villa Aquatic - 191.0 Dowden Terrace
Villa Aquatic,Week3,Kent Gardens,Week1,213.0 Villa Aquatic - 189.0 Kent Gardens
Village West,Week4,Villa Aquatic,Week5,261.0 Villa Aquatic - 136.0 Village West
Villa Aquatic,Week5,Dowden Terrace,Week5,229.0 Dowden Terrace - 173.0 Villa Aquatic
Village West,Week4,Fairfax,Week4,326.0 Fairfax - 70.0 Village West
Villa Aquatic,Week5,Dowden Terrace,Week3,216.0 Villa Aquatic - 186.0 Dowden Terrace
Village West,Week5,Villa Aquatic,Week4,268.0 Villa Aquatic - 134.0 Village West
Village West,Week4,Fairfax,Week5,339.0 Fairfax - 57.0 Village West
Village West,Week1,Fairfax,Week3,328.0 Fairfax - 73.0 Village West
Villa Aquatic,Week1,Kent Gardens,Week2,208.0 Kent Gardens - 194.0 Villa Aquatic
Villa Aquatic,Week2,Dowden Terrace,Week3,214.0 Dowden Terrace - 188.0 Villa Aquatic
Village West,Week3,Villa Aquatic,Week5,252.0 Villa Aquatic - 150.0 Village West
Villa Aquatic,Week4,Rolling Valley,Week1,325.0 Villa Aquatic - 77.0 Rolling Valley
Village West,Week2,Fairfax,Week4,322.0 Fairfax - 79.0 Village West
Village West,Week1,Villa Aquatic,Week2,254.0 Villa Aquatic - 148.0 Village West
Villa Aquatic,Week3,Rolling Valley,Week1,331.0 Villa Aquatic - 71.0 Rolling Valley
Villa Aquatic,Week5,Rolling Valley,Week5,301.0 Villa Aquatic - 101.0 Rolling Valley
Villa Aquatic,Week5,Ilda Community,Week1,287.0 Villa Aquatic - 115.0 Ilda Community
Villa Aquatic,Week2,Kent Gardens,Week5,257.0 Kent Gardens - 145.0 Villa Aquatic
Village West,Week3,Fairfax,Week5,323.0 Fairfax - 79.0 Village West
Village West,Week1,Fairfax,Week4,323.0 Fairfax - 78.0 Village West
Villa Aquatic,Week3,Dowden Terrace,Week3,223.0 Villa Aquatic - 179.0 Dowden Terrace
Villa Aquatic,Week2,Kent Gardens,Week1,206.0 Kent Gardens - 196.0 Villa Aquatic
Village West,Week2,Fairfax,Week5,344.0 Fairfax - 57.0 Village West
Villa Aquatic,Week2,Kent Gardens,Week2,207.0 Villa Aquatic - 195.0 Kent Gardens
Village West,Week5,Villa Aquatic,Week1,239.0 Villa Aquatic - 163.0 Village West
Village West,Week2,Villa Aquatic,Week1,240.0 Villa Aquatic - 162.0 Village West
Village West,Week5,Vienna Woods,Week4,322.0 Vienna Woods - 80.0 Village West
Villa Aquatic,Week3,Kent Gardens,Week5,214.0 Kent Gardens - 188.0 Villa Aquatic
Village West,Week2,Villa Aquatic,Week2,256.0 Villa Aquatic - 146.0 Village West
Villa Aquatic,Week5,Dowden Terrace,Week4,204.0 Dowden Terrace - 198.0 Villa Aquatic
Villa Aquatic,Week2,Rolling Valley,Week3,284.0 Villa Aquatic - 118.0 Rolling Valley
Village West,Week2,Fairfax,Week2,330.0 Fairfax - 72.0 Village West
Villa Aquatic,Week2,Dowden Terrace,Week5,243.0 Dowden Terrace - 159.0 Villa Aquatic
Village West,Week5,Fairfax,Week4,316.0 Fairfax - 85.0 Village West
Villa Aquatic,Week4,Dowden Terrace,Week1,201.0 Dowden Terrace - 201.0 Villa Aquatic
Villa Aquatic,Week4,Kent Gardens,Week5,247.0 Kent Gardens - 155.0 Villa Aquatic
Villa Aquatic,Week1,Dunn Loring,Week3,305.0 Dunn Loring - 97.0 Villa Aquatic
Village West,Week1,Fairfax,Week5,343.0 Fairfax - 58.0 Village West
Village West,Week2,Village West,Week4,202.0 Village West (V2) - 194.0 Village West (V1)
Village West,Week4,Villa Aquatic,Week2,232.0 Villa Aquatic - 165.0 Village West
Villa Aquatic,Week4,Dowden Terrace,Week4,217.0 Dowden Terrace - 185.0 Villa Aquatic
Village West,Week5,Fairfax,Week3,315.0 Fairfax - 86.0 Village West
Village West,Week4,Villa Aquatic,Week3,266.0 Villa Aquatic - 131.0 Village West
Villa Aquatic,Week5,Cottontail,Week1,226.0 Villa Aquatic - 176.0 Cottontail
Villa Aquatic,Week5,Kent Gardens,Week5,219.0 Kent Gardens - 183.0 Villa Aquatic
Village West,Week4,Villa Aquatic,Week4,266.0 Villa Aquatic - 131.0 Village West
Village West,Week2,Villa Aquatic,Week5,273.0 Villa Aquatic - 129.0 Village West
Villa Aquatic,Week1,Lake Braddock,Week1,302.0 Villa Aquatic - 100.0 Lake Braddock
Village West,Week5,Villa Aquatic,Week3,273.0 Villa Aquatic - 129.0 Village West
Villa Aquatic,Week4,Kent Gardens,Week2,222.0 Villa Aquatic - 180.0 Kent Gardens
Villa Aquatic,Week4,Kings Ridge ,Week2,302.0 Villa Aquatic - 100.0 Kings Ridge
Villa Aquatic,Week3,Kings Ridge ,Week3,292.0 Villa Aquatic - 110.0 Kings Ridge
Village West,Week1,Fairfax,Week2,326.0 Fairfax - 76.0 Village West
Village West,Week3,Villa Aquatic,Week2,239.0 Villa Aquatic - 163.0 Village West
Villa Aquatic,Week5,Kings Ridge ,Week1,297.0 Villa Aquatic - 105.0 Kings Ridge
Village West,Week5,Villa Aquatic,Week2,252.0 Villa Aquatic - 150.0 Village West
Villa Aquatic,Week5,Kings Ridge ,Week3,293.0 Villa Aquatic - 109.0 Kings Ridge
Village West,Week2,Fairfax,Week3,330.0 Fairfax - 71.0 Village West
Villa Aquatic,Week2,Dowden Terrace,Week2,220.0 Dowden Terrace - 182.0 Villa Aquatic
Village West,Week5,Fairfax,Week5,336.0 Fairfax - 65.0 Village West
Village West,Week1,Village West,Week4,224.0 Village West (V2) - 172.0 Village West (V1)
Villa Aquatic,Week2,Lake Braddock,Week2,280.0 Villa Aquatic - 122.0 Lake Braddock
Villa Aquatic,Week2,Lake Braddock,Week1,292.0 Villa Aquatic - 110.0 Lake Braddock
Village West,Week1,Village West,Week1,200.0 Village West (V1) - 200.0 Village West (V2)
Village West,Week5,Fairfax Club Estates,Week2,211.0 Village West - 190.0 Fairfax Club Estates
Village West,Week1,Village West,Week5,216.0 Village West (V2) - 185.0 Village West (V1)
Villa Aquatic,Week5,Kings Ridge ,Week5,281.0 Villa Aquatic - 121.0 Kings Ridge
Village West,Week3,Fairfax Club Estates,Week5,203.0 Fairfax Club Estates - 198.0 Village West
Village West,Week3,Villa Aquatic,Week4,254.0 Villa Aquatic - 148.0 Village West
Village West,Week3,Fairfax Club Estates,Week2,220.0 Village West - 182.0 Fairfax Club Estates
Village West,Week1,Fairfax Station,Week1,311.0 Fairfax Station - 91.0 Village West
Village West,Week3,Fairfax Club Estates,Week3,201.0 Fairfax Club Estates - 201.0 Village West
Village West,Week4,Fairfax Club Estates,Week3,199.0 Village West - 197.0 Fairfax Club Estates
Village West,Week1,Village West,Week2,209.0 Village West (V2) - 192.0 Village West (V1)
Villa Aquatic,Week1,Kings Ridge ,Week2,279.0 Villa Aquatic - 123.0 Kings Ridge
Village West,Week5,Villa Aquatic,Week5,261.0 Villa Aquatic - 141.0 Village West
Villa Aquatic,Week2,Kings Ridge ,Week4,260.0 Villa Aquatic - 142.0 Kings Ridge
Village West,Week2,Village West,Week1,209.0 Village West (V1) - 192.0 Village West (V2)
Villa Aquatic,Week1,Kings Ridge ,Week4,250.0 Villa Aquatic - 152.0 Kings Ridge
Village West,Week1,Fairfax Club Estates,Week1,222.0 Fairfax Club Estates - 179.0 Village West
Villa Aquatic,Week1,Lake Braddock,Week4,283.0 Villa Aquatic - 119.0 Lake Braddock
Villa Aquatic,Week3,Kings Ridge ,Week4,294.0 Villa Aquatic - 108.0 Kings Ridge
Village West,Week1,Fairfax Club Estates,Week2,214.0 Fairfax Club Estates - 187.0 Village West
Village West,Week2,Virginia Hills,Week3,287.0 Village West - 115.0 Virginia Hills
Village West,Week2,Village West,Week3,234.0 Village West (V2) - 168.0 Village West (V1)
Village West,Week5,Fairfax Club Estates,Week4,220.0 Fairfax Club Estates - 181.0 Village West
Village West,Week2,Villa Aquatic,Week3,289.0 Villa Aquatic - 113.0 Village West
Village West,Week4,Fairfax Station,Week3,323.0 Fairfax Station - 74.0 Village West
Villa Aquatic,Week3,Kings Ridge ,Week5,291.0 Villa Aquatic - 111.0 Kings Ridge
Village West,Week2,Fairfax Station,Week2,318.0 Fairfax Station - 84.0 Village West
Village West,Week2,Villa Aquatic,Week4,271.0 Villa Aquatic - 131.0 Village West
Village West,Week1,Fairfax Station,Week5,321.0 Fairfax Station - 81.0 Village West
Village West,Week5,Village West,Week4,213.0 Village West (V1) - 183.0 Village West (V2)
Village West,Week5,Village West,Week5,197.0 Village West (V1) - 197.0 Village West (V2)
Village West,Week4,Villa Aquatic,Week1,225.0 Villa Aquatic - 172.0 Village West
Village West,Week2,Fairfax Club Estates,Week3,220.0 Fairfax Club Estates - 180.0 Village West
Villa Aquatic,Week3,Kings Ridge ,Week1,313.5 Villa Aquatic - 88.5 Kings Ridge
Villa Aquatic,Week5,Kings Ridge ,Week2,303.0 Villa Aquatic - 99.0 Kings Ridge
Village West,Week3,Fairfax Club Estates,Week4,207.5 Village West - 194.5 Fairfax Club Estates
Village West,Week3,Fairfax Station,Week3,305.0 Fairfax Station - 97.0 Village West
Villa Aquatic,Week1,Kings Ridge ,Week3,269.0 Villa Aquatic - 132.0 Kings Ridge
Village West,Week1,Virginia Hills,Week5,267.0 Village West - 135.0 Virginia Hills
Village West,Week4,Fairfax Club Estates,Week2,201.0 Fairfax Club Estates - 194.0 Village West
Village West,Week5,Fairfax Club Estates,Week1,227.0 Fairfax Club Estates - 175.0 Village West
Village West,Week2,Fairfax Club Estates,Week2,213.0 Fairfax Club Estates - 187.0 Village West
Villa Aquatic,Week4,Kings Ridge ,Week5,280.0 Villa Aquatic - 122.0 Kings Ridge
Village West,Week3,Fairfax Station,Week2,305.0 Fairfax Station - 97.0 Village West
Villa Aquatic,Week2,Kings Ridge ,Week3,261.0 Villa Aquatic - 140.0 Kings Ridge
Village West,Week1,Virginia Hills,Week1,287.0 Village West - 114.0 Virginia Hills
Village West,Week3,Villa Aquatic,Week1,231.5 Villa Aquatic - 170.5 Village West
Village West,Week5,Fairfax Club Estates,Week3,209.5 Fairfax Club Estates - 190.5 Village West
Village West,Week2,Fairfax Station,Week4,317.0 Fairfax Station - 85.0 Village West
Villa Aquatic,Week2,Kings Ridge ,Week2,277.0 Villa Aquatic - 125.0 Kings Ridge
Village West,Week4,Village West,Week2,202.0 Village West (V1) - 194.0 Village West (V2)
Villa Aquatic,Week2,Kings Ridge ,Week5,238.0 Villa Aquatic - 164.0 Kings Ridge
Village West,Week4,Fairfax Club Estates,Week1,230.0 Fairfax Club Estates - 167.0 Village West
Village West,Week4,Fairfax Station,Week1,305.0 Fairfax Station - 92.0 Village West
Villa Aquatic,Week4,Kings Ridge ,Week1,289.0 Villa Aquatic - 113.0 Kings Ridge
Villa Aquatic,Week4,Kings Ridge ,Week4,270.0 Villa Aquatic - 132.0 Kings Ridge
Villa Aquatic,Week1,Kings Ridge ,Week5,239.0 Villa Aquatic - 163.0 Kings Ridge
Village West,Week1,Village West,Week3,241.0 Village West (V2) - 161.0 Village West (V1)
Villa Aquatic,Week3,Kings Ridge ,Week2,312.0 Villa Aquatic - 90.0 Kings Ridge
Villa Aquatic,Week2,Lake Braddock,Week4,290.0 Villa Aquatic - 112.0 Lake Braddock
Villa Aquatic,Week2,Lake Braddock,Week3,284.0 Villa Aquatic - 118.0 Lake Braddock
Villa Aquatic,Week2,Kings Ridge ,Week1,273.0 Villa Aquatic - 129.0 Kings Ridge
Village West,Week3,Villa Aquatic,Week3,275.0 Villa Aquatic - 127.0 Village West
Village West,Week2,Village West,Week5,214.0 Village West (V2) - 187.0 Village West (V1)
Villa Aquatic,Week4,Kings Ridge ,Week3,290.0 Villa Aquatic - 112.0 Kings Ridge
Village West,Week4,Fairfax Station,Week2,315.0 Fairfax Station - 82.0 Village West
Village West,Week2,Village West,Week2,199.5 Village West (V1) - 199.5 Village West (V2)
Village West,Week1,Virginia Hills,Week4,283.5 Village West - 117.5 Virginia Hills
Village West,Week2,Fairfax Club Estates,Week4,221.0 Fairfax Club Estates - 180.0 Village West
Village West,Week2,Virginia Hills,Week1,279.0 Village West - 122.0 Virginia Hills
Village West,Week3,Fairfax Club Estates,Week1,207.0 Fairfax Club Estates - 195.0 Village West
Village West,Week1,Virginia Hills,Week2,289.0 Village West - 111.0 Virginia Hills
Villa Aquatic,Week1,Lake Braddock,Week3,276.0 Villa Aquatic - 126.0 Lake Braddock
Villa Aquatic,Week1,Lake Braddock,Week2,281.0 Villa Aquatic - 121.0 Lake Braddock
Village West,Week4,Fairfax Club Estates,Week4,221.0 Fairfax Club Estates - 175.0 Village West
Villa Aquatic,Week1,Lake Braddock,Week5,276.0 Villa Aquatic - 126.0 Lake Braddock
Village West,Week2,Fairfax Club Estates,Week5,224.0 Fairfax Club Estates - 174.0 Village West
Village West,Week3,Virginia Hills,Week5,269.0 Village West - 132.0 Virginia Hills
Village West,Week5,Fairfax Club Estates,Week5,220.0 Fairfax Club Estates - 173.0 Village West
Villa Aquatic,Week3,Lakevale Estates,Week1,234.0 Lakevale Estates - 168.0 Villa Aquatic
Village West,Week4,Fairfax Club Estates,Week5,223.0 Fairfax Club Estates - 170.0 Village West
Village West,Week3,Village West,Week1,241.0 Village West (V1) - 161.0 Village West (V2)
Villa Aquatic,Week5,Kings Ridge ,Week4,287.0 Villa Aquatic - 115.0 Kings Ridge
Village West,Week1,Fairfax Station,Week2,307.0 Fairfax Station - 95.0 Village West
Village West,Week3,Village West,Week2,234.0 Village West (V1) - 168.0 Village West (V2)
Village West,Week2,Virginia Hills,Week5,251.0 Village West - 151.0 Virginia Hills
Villa Aquatic,Week5,Lake Braddock,Week5,310.0 Villa Aquatic - 92.0 Lake Braddock
Village West,Week4,Virginia Hills,Week3,286.0 Village West - 111.0 Virginia Hills
Village West,Week1,Fairfax Station,Week3,323.0 Fairfax Station - 79.0 Village West
Villa Aquatic,Week4,Dunn Loring,Week1,237.0 Dunn Loring - 165.0 Villa Aquatic
Village West,Week1,Fairfax Station,Week4,313.0 Fairfax Station - 89.0 Village West
Village West,Week3,Village West,Week5,210.0 Village West (V1) - 191.0 Village West (V2)
Villa Aquatic,Week3,Lakevale Estates,Week3,236.0 Lakevale Estates - 166.0 Villa Aquatic
Villa Aquatic,Week3,Lake Braddock,Week2,313.0 Villa Aquatic - 89.0 Lake Braddock
Villa Aquatic,Week3,Lake Braddock,Week5,310.0 Villa Aquatic - 92.0 Lake Braddock
Village West,Week5,Village West,Week1,216.0 Village West (V1) - 185.0 Village West (V2)
Village West,Week4,Village West,Week4,197.0 Village West (V1) - 197.0 Village West (V2)
Villa Aquatic,Week1,Lakevale Estates,Week2,274.0 Lakevale Estates - 128.0 Villa Aquatic
Village West,Week2,Fairfax Station,Week1,316.0 Fairfax Station - 86.0 Village West
Villa Aquatic,Week1,Lakevale Estates,Week1,269.0 Lakevale Estates - 133.0 Villa Aquatic
Village West,Week4,Village West,Week1,224.0 Village West (V1) - 172.0 Village West (V2)
Villa Aquatic,Week2,Lakevale Estates,Week2,280.0 Lakevale Estates - 122.0 Villa Aquatic
Villa Aquatic,Week4,Dunn Loring,Week2,285.0 Dunn Loring - 117.0 Villa Aquatic
Village West,Week2,Virginia Hills,Week2,290.0 Village West - 110.0 Virginia Hills
Village West,Week4,Virginia Hills,Week1,268.0 Village West - 128.0 Virginia Hills
Village West,Week3,Fairfax Station,Week1,300.5 Fairfax Station - 101.5 Village West
Villa Aquatic,Week1,Lakevale Estates,Week4,302.0 Lakevale Estates - 100.0 Villa Aquatic
Villa Aquatic,Week4,Dunn Loring,Week3,292.0 Dunn Loring - 110.0 Villa Aquatic
Villa Aquatic,Week4,Lake Braddock,Week2,309.0 Villa Aquatic - 93.0 Lake Braddock
Village West,Week2,Fairfax Station,Week5,325.0 Fairfax Station - 77.0 Village West
Villa Aquatic,Week2,Dunn Loring,Week4,271.0 Dunn Loring - 131.0 Villa Aquatic
Villa Aquatic,Week5,Dunn Loring,Week3,282.0 Dunn Loring - 120.0 Villa Aquatic
Villa Aquatic,Week5,Lake Braddock,Week1,326.0 Villa Aquatic - 76.0 Lake Braddock
Village West,Week3,Village West,Week3,200.5 Village West (V1) - 200.5 Village West (V2)
Village West,Week3,Village West,Week4,225.5 Village West (V1) - 171.5 Village West (V2)
Villa Aquatic,Week1,Dunn Loring,Week5,304.0 Dunn Loring - 98.0 Villa Aquatic
Village West,Week3,Fairfax Station,Week5,317.0 Fairfax Station - 85.0 Village West
Village West,Week2,Fairfax Station,Week3,326.0 Fairfax Station - 76.0 Village West
Village West,Week3,Fairfax Station,Week4,304.0 Fairfax Station - 98.0 Village West
Villa Aquatic,Week5,Dunn Loring,Week1,228.5 Dunn Loring - 173.5 Villa Aquatic
Villa Aquatic,Week3,Lake Braddock,Week1,324.0 Villa Aquatic - 78.0 Lake Braddock
Villa Aquatic,Week5,Lake Braddock,Week3,313.0 Villa Aquatic - 89.0 Lake Braddock
Village West,Week2,Forest Hollow,Week5,296.0 Forest Hollow - 106.0 Village West
Villa Aquatic,Week4,Lake Braddock,Week4,306.0 Villa Aquatic - 96.0 Lake Braddock
Village West,Week5,Village West,Week3,210.0 Village West (V2) - 191.0 Village West (V1)
Village West,Week2,Forest Hollow,Week4,282.0 Forest Hollow - 120.0 Village West
Village West,Week4,Village West,Week3,225.5 Village West (V2) - 171.5 Village West (V1)
Villa Aquatic,Week1,Lakevale Estates,Week3,276.0 Lakevale Estates - 126.0 Villa Aquatic
Villa Aquatic,Week1,Lakevale Estates,Week5,302.0 Lakevale Estates - 100.0 Villa Aquatic
Villa Aquatic,Week4,Dunn Loring,Week4,271.0 Dunn Loring - 131.0 Villa Aquatic
Villa Aquatic,Week5,Dunn Loring,Week2,262.0 Dunn Loring - 140.0 Villa Aquatic
Villa Aquatic,Week3,Fair Oaks ,Week3,204.0 Villa Aquatic - 198.0 Fair Oaks
Village West,Week4,Village West,Week5,213.0 Village West (V2) - 183.0 Village West (V1)
Village West,Week4,Forest Hollow,Week4,286.0 Forest Hollow - 111.0 Village West
Villa Aquatic,Week2,Dunn Loring,Week2,295.0 Dunn Loring - 107.0 Villa Aquatic
Village West,Week3,Virginia Hills,Week1,291.0 Village West - 111.0 Virginia Hills
Villa Aquatic,Week2,Lake Braddock,Week5,281.0 Villa Aquatic - 121.0 Lake Braddock
Village West,Week4,Forest Hollow,Week1,281.0 Forest Hollow - 116.0 Village West
Villa Aquatic,Week5,Lake Braddock,Week4,315.0 Villa Aquatic - 87.0 Lake Braddock
Villa Aquatic,Week1,Fair Oaks ,Week3,248.0 Fair Oaks - 154.0 Villa Aquatic
Village West,Week2,Virginia Hills,Week4,285.0 Village West - 116.0 Virginia Hills
Villa Aquatic,Week3,Dunn Loring,Week1,209.0 Dunn Loring - 193.0 Villa Aquatic
Village West,Week4,Forest Hollow,Week5,295.0 Forest Hollow - 102.0 Village West
Villa Aquatic,Week4,Fair Oaks ,Week1,220.0 Fair Oaks - 182.0 Villa Aquatic
Villa Aquatic,Week1,Fair Oaks ,Week2,230.0 Fair Oaks - 172.0 Villa Aquatic
Village West,Week5,Fairfax Station,Week4,317.0 Fairfax Station - 85.0 Village West
Villa Aquatic,Week4,Lake Braddock,Week3,307.0 Villa Aquatic - 95.0 Lake Braddock
Villa Aquatic,Week2,Fair Oaks ,Week5,248.0 Fair Oaks - 154.0 Villa Aquatic
Village West,Week3,Forest Hollow,Week3,269.0 Forest Hollow - 133.0 Village West
Villa Aquatic,Week3,Lake Braddock,Week3,316.0 Villa Aquatic - 86.0 Lake Braddock
Village West,Week5,Village West,Week2,214.0 Village West (V1) - 187.0 Village West (V2)
Village West,Week4,Virginia Hills,Week2,283.0 Village West - 113.0 Virginia Hills
Villa Aquatic,Week5,Lake Braddock,Week2,308.0 Villa Aquatic - 94.0 Lake Braddock
Village West,Week4,Virginia Hills,Week4,283.0 Village West - 113.0 Virginia Hills
Village West,Week3,Virginia Hills,Week2,298.0 Village West - 103.0 Virginia Hills
Village West,Week1,Forest Hollow,Week4,299.0 Forest Hollow - 103.0 Village West
Villa Aquatic,Week1,Dunn Loring,Week4,297.0 Dunn Loring - 105.0 Villa Aquatic
Villa Aquatic,Week2,Fair Oaks ,Week2,204.0 Fair Oaks - 198.0 Villa Aquatic
Village West,Week3,Virginia Hills,Week3,290.0 Village West - 112.0 Virginia Hills
Villa Aquatic,Week4,Lake Braddock,Week1,324.0 Villa Aquatic - 78.0 Lake Braddock
Village West,Week5,Fairfax Station,Week5,323.0 Fairfax Station - 79.0 Village West
Village West,Week1,Virginia Hills,Week3,289.0 Village West - 113.0 Virginia Hills
Villa Aquatic,Week3,Dunn Loring,Week3,272.5 Dunn Loring - 129.5 Villa Aquatic
Village West,Week3,Forest Hollow,Week1,269.0 Forest Hollow - 133.0 Village West
Village West,Week4,Virginia Hills,Week5,265.0 Village West - 132.0 Virginia Hills
Village West,Week5,Fairfax Station,Week2,314.0 Fairfax Station - 83.0 Village West
Village West,Week1,Forest Hollow,Week5,304.0 Forest Hollow - 98.0 Village West
Villa Aquatic,Week4,Lake Braddock,Week5,299.0 Villa Aquatic - 103.0 Lake Braddock
Village West,Week2,Forest Hollow,Week3,292.0 Forest Hollow - 110.0 Village West
Villa Aquatic,Week2,Dunn Loring,Week1,248.0 Dunn Loring - 154.0 Villa Aquatic
Village West,Week5,Shouse Village,Week4,285.0 Shouse Village - 117.0 Village West
Villa Aquatic,Week5,Dunn Loring,Week4,270.0 Dunn Loring - 132.0 Villa Aquatic
Village West,Week2,Forest Hollow,Week2,270.0 Forest Hollow - 132.0 Village West
Village West,Week4,Shouse Village,Week5,270.0 Shouse Village - 127.0 Village West
Villa Aquatic,Week2,Lakevale Estates,Week1,281.0 Lakevale Estates - 121.0 Villa Aquatic
Villa Aquatic,Week3,Dunn Loring,Week2,259.0 Dunn Loring - 143.0 Villa Aquatic
Villa Aquatic,Week2,Lakeview,Week1,285.0 Villa Aquatic - 117.0 Lakeview
Villa Aquatic,Week3,Lakevale Estates,Week2,249.0 Lakevale Estates - 153.0 Villa Aquatic
Villa Aquatic,Week2,Lakevale Estates,Week4,296.0 Lakevale Estates - 106.0 Villa Aquatic
Village West,Week5,Shouse Village,Week2,238.0 Shouse Village - 164.0 Village West
Village West,Week3,Sideburn Run,Week2,233.0 Sideburn Run - 169.0 Village West
Villa Aquatic,Week3,Dunn Loring,Week4,253.5 Dunn Loring - 148.5 Villa Aquatic
Village West,Week2,Sideburn Run,Week1,266.0 Sideburn Run - 136.0 Village West
Villa Aquatic,Week2,Dunn Loring,Week5,278.0 Dunn Loring - 124.0 Villa Aquatic
Villa Aquatic,Week3,Lake Braddock,Week4,322.0 Villa Aquatic - 80.0 Lake Braddock
Village West,Week1,Forest Hollow,Week1,293.0 Forest Hollow - 109.0 Village West
Villa Aquatic,Week2,Lakevale Estates,Week5,291.0 Lakevale Estates - 111.0 Villa Aquatic
Villa Aquatic,Week2,Lakevale Estates,Week3,277.0 Lakevale Estates - 125.0 Villa Aquatic
Villa Aquatic,Week1,Fair Oaks ,Week1,246.0 Fair Oaks - 156.0 Villa Aquatic
Village West,Week1,Forest Hollow,Week2,282.0 Forest Hollow - 120.0 Village West
Village West,Week3,Forest Hollow,Week4,269.0 Forest Hollow - 133.0 Village West
Village West,Week3,Virginia Hills,Week4,288.0 Village West - 114.0 Virginia Hills
Village West,Week1,Sideburn Run,Week2,268.0 Sideburn Run - 134.0 Village West
Village West,Week3,Forest Hollow,Week2,249.5 Forest Hollow - 152.5 Village West
Village West,Week4,Fairfax Station,Week4,310.0 Fairfax Station - 87.0 Village West
Village West,Week3,Sideburn Run,Week3,245.0 Sideburn Run - 157.0 Village West
Villa Aquatic,Week2,Dunn Loring,Week3,295.0 Dunn Loring - 107.0 Villa Aquatic
Village West,Week1,Sleepy Hollow B & R,Week1,297.0 Sleepy Hollow B & R - 105.0 Village West
Village West,Week2,Sideburn Run,Week2,254.0 Sideburn Run - 148.0 Village West
Village West,Week3,Shouse Village,Week5,270.0 Shouse Village - 132.0 Village West
Village West,Week5,Sideburn Run,Week4,267.0 Sideburn Run - 135.0 Village West
Village West,Week1,Forest Hollow,Week3,295.5 Forest Hollow - 106.5 Village West
Village West,Week4,Fairfax Station,Week5,316.0 Fairfax Station - 81.0 Village West
Village West,Week2,Forest Hollow,Week1,284.0 Forest Hollow - 118.0 Village West
Villa Aquatic,Week2,Fair Oaks ,Week1,228.0 Fair Oaks - 174.0 Villa Aquatic
Villa Aquatic,Week1,Lakeview,Week1,290.0 Villa Aquatic - 112.0 Lakeview
Villa Aquatic,Week2,Fair Oaks ,Week4,220.0 Fair Oaks - 182.0 Villa Aquatic
Villa Aquatic,Week5,Lakevale Estates,Week5,282.0 Lakevale Estates - 120.0 Villa Aquatic
Villa Aquatic,Week2,Fair Oaks ,Week3,240.0 Fair Oaks - 162.0 Villa Aquatic
Village West,Week5,Fairfax Station,Week3,316.0 Fairfax Station - 86.0 Village West
Villa Aquatic,Week1,Fair Oaks ,Week4,238.0 Fair Oaks - 164.0 Villa Aquatic
Villa Aquatic,Week4,Lakevale Estates,Week1,260.0 Lakevale Estates - 142.0 Villa Aquatic
Villa Aquatic,Week5,Lakeview,Week1,319.0 Villa Aquatic - 83.0 Lakeview
Village West,Week5,Fairfax Station,Week1,305.0 Fairfax Station - 97.0 Village West
Villa Aquatic,Week4,Dunn Loring,Week5,289.0 Dunn Loring - 113.0 Villa Aquatic
Villa Aquatic,Week5,Lakevale Estates,Week1,243.5 Lakevale Estates - 158.5 Villa Aquatic
Villa Aquatic,Week4,Lakeview,Week4,276.5 Villa Aquatic - 125.5 Lakeview
Villa Aquatic,Week3,Dunn Loring,Week5,263.0 Dunn Loring - 139.0 Villa Aquatic
Village West,Week4,Shouse Village,Week2,235.0 Shouse Village - 162.0 Village West
Village West,Week3,Forest Hollow,Week5,286.5 Forest Hollow - 115.5 Village West
Villa Aquatic,Week3,Fair Oaks ,Week4,214.0 Villa Aquatic - 188.0 Fair Oaks
Village West,Week2,Sideburn Run,Week3,271.0 Sideburn Run - 131.0 Village West
Village West,Week4,Shouse Village,Week1,245.0 Shouse Village - 152.0 Village West
Village West,Week2,Fox Hunt,Week5,283.0 Fox Hunt - 119.0 Village West
Village West,Week3,Fox Hunt,Week1,232.0 Fox Hunt - 170.0 Village West
Villa Aquatic,Week4,Lakevale Estates,Week2,269.0 Lakevale Estates - 133.0 Villa Aquatic
Villa Aquatic,Week1,Lakeview,Week5,254.0 Villa Aquatic - 139.0 Lakeview
Village West,Week4,Shouse Village,Week4,278.0 Shouse Village - 119.0 Village West
Village West,Week1,Sideburn Run,Week3,277.0 Sideburn Run - 125.0 Village West
Villa Aquatic,Week1,Lakeview,Week3,270.0 Villa Aquatic - 132.0 Lakeview
Villa Aquatic,Week3,Fair Oaks ,Week2,236.0 Villa Aquatic - 166.0 Fair Oaks
Village West,Week3,Sideburn Run,Week4,254.0 Sideburn Run - 148.0 Village West
Villa Aquatic,Week4,Fair Oaks ,Week4,203.0 Villa Aquatic - 199.0 Fair Oaks
Village West,Week4,Forest Hollow,Week3,296.0 Forest Hollow - 101.0 Village West
Villa Aquatic,Week1,Lakeview,Week4,237.0 Villa Aquatic - 165.0 Lakeview
Villa Aquatic,Week4,Fair Oaks ,Week3,222.0 Fair Oaks - 180.0 Villa Aquatic
Villa Aquatic,Week5,Dunn Loring,Week5,272.0 Dunn Loring - 130.0 Villa Aquatic
Village West,Week3,Sideburn Run,Week5,274.0 Sideburn Run - 128.0 Village West
Villa Aquatic,Week3,Lakeview,Week2,322.0 Villa Aquatic - 80.0 Lakeview
Village West,Week4,Fox Hunt,Week1,245.0 Fox Hunt - 152.0 Village West
Village West,Week2,Fox Hunt,Week1,250.0 Fox Hunt - 152.0 Village West
Villa Aquatic,Week5,Lakevale Estates,Week2,263.0 Lakevale Estates - 139.0 Villa Aquatic
Villa Aquatic,Week3,Fair Oaks ,Week5,210.0 Fair Oaks - 192.0 Villa Aquatic
Village West,Week1,Fox Hunt,Week1,256.0 Fox Hunt - 146.0 Village West
Village West,Week1,Sideburn Run,Week4,298.0 Sideburn Run - 104.0 Village West
Villa Aquatic,Week3,Lakeview,Week4,292.0 Villa Aquatic - 110.0 Lakeview
Villa Aquatic,Week1,Lakeview,Week2,290.0 Villa Aquatic - 112.0 Lakeview
Village West,Week4,Forest Hollow,Week2,277.0 Forest Hollow - 120.0 Village West
Village West,Week1,Fox Mill Estates,Week1,211.0 Fox Mill Estates - 191.0 Village West
Villa Aquatic,Week5,Fair Oaks ,Week1,211.0 Fair Oaks - 191.0 Villa Aquatic
Villa Aquatic,Week3,Lakeview,Week5,288.0 Villa Aquatic - 105.0 Lakeview
Village West,Week2,Sideburn Run,Week4,276.0 Sideburn Run - 126.0 Village West
Villa Aquatic,Week1,Fair Oaks ,Week5,265.0 Fair Oaks - 137.0 Villa Aquatic
Villa Aquatic,Week3,Fair Oaks ,Week1,211.0 Villa Aquatic - 191.0 Fair Oaks
Village West,Week5,Shouse Village,Week3,261.0 Shouse Village - 141.0 Village West
Village West,Week1,Fox Hunt,Week2,272.0 Fox Hunt - 130.0 Village West
Village West,Week5,Forest Hollow,Week3,292.0 Forest Hollow - 110.0 Village West
Villa Aquatic,Week3,Lakevale Estates,Week5,277.5 Lakevale Estates - 124.5 Villa Aquatic
Villa Aquatic,Week5,Fair Oaks ,Week2,233.0 Villa Aquatic - 169.0 Fair Oaks
Village West,Week1,Sideburn Run,Week1,267.0 Sideburn Run - 135.0 Village West
Villa Aquatic,Week4,Lakevale Estates,Week3,271.0 Lakevale Estates - 131.0 Villa Aquatic
Villa Aquatic,Week5,Fair Oaks ,Week3,218.0 Fair Oaks - 184.0 Villa Aquatic
Village West,Week1,Fox Mill Estates,Week3,247.0 Fox Mill Estates - 154.0 Village West
Village West,Week4,Shouse Village,Week3,258.0 Shouse Village - 139.0 Village West
Villa Aquatic,Week5,Lakevale Estates,Week3,254.0 Lakevale Estates - 148.0 Villa Aquatic
Village West,Week5,Shouse Village,Week5,275.0 Shouse Village - 127.0 Village West
Village West,Week5,Forest Hollow,Week5,292.0 Forest Hollow - 110.0 Village West
Villa Aquatic,Week4,Fair Oaks ,Week5,236.0 Fair Oaks - 166.0 Villa Aquatic
Village West,Week3,Fox Hunt,Week3,243.5 Fox Hunt - 158.5 Village West
Villa Aquatic,Week5,Fair Oaks ,Week5,232.0 Fair Oaks - 170.0 Villa Aquatic
Villa Aquatic,Week4,Lakevale Estates,Week4,289.0 Lakevale Estates - 113.0 Villa Aquatic
Village West,Week3,Fox Hunt,Week2,243.0 Fox Hunt - 159.0 Village West
Village West,Week4,Sideburn Run,Week1,261.0 Sideburn Run - 136.0 Village West
Village West,Week3,Sideburn Run,Week1,253.0 Sideburn Run - 149.0 Village West
Village West,Week2,Sideburn Run,Week5,285.0 Sideburn Run - 117.0 Village West
Villa Aquatic,Week4,Lakeview,Week1,304.5 Villa Aquatic - 97.5 Lakeview
Village West,Week3,Fox Hunt,Week5,278.0 Fox Hunt - 124.0 Village West
Village West,Week4,Sideburn Run,Week4,278.0 Sideburn Run - 119.0 Village West
Village West,Week5,Shouse Village,Week1,256.0 Shouse Village - 146.0 Village West
Village West,Week5,Forest Hollow,Week1,285.0 Forest Hollow - 117.0 Village West
Villa Aquatic,Week1,Fairfax,Week2,280.0 Fairfax - 122.0 Villa Aquatic
Villa Aquatic,Week1,Fairfax,Week1,275.0 Fairfax - 127.0 Villa Aquatic
Villa Aquatic,Week3,Lakevale Estates,Week4,271.0 Lakevale Estates - 131.0 Villa Aquatic
Village West,Week5,Forest Hollow,Week2,284.0 Forest Hollow - 118.0 Village West
Villa Aquatic,Week4,Lakeview,Week2,308.0 Villa Aquatic - 94.0 Lakeview
Villa Aquatic,Week4,Lakevale Estates,Week5,296.0 Lakevale Estates - 106.0 Villa Aquatic
Village West,Week1,Sideburn Run,Week5,289.0 Sideburn Run - 113.0 Village West
Villa Aquatic,Week4,Lakeview,Week3,288.0 Villa Aquatic - 114.0 Lakeview
Villa Aquatic,Week1,Fairfax,Week3,286.0 Fairfax - 116.0 Villa Aquatic
Village West,Week2,Fox Hunt,Week2,268.0 Fox Hunt - 133.0 Village West
Villa Aquatic,Week2,Lakeview,Week5,261.0 Villa Aquatic - 132.0 Lakeview
Villa Aquatic,Week1,Fairfax,Week4,285.0 Fairfax - 117.0 Villa Aquatic
Village West,Week4,Sideburn Run,Week2,247.0 Sideburn Run - 150.0 Village West
Village West,Week4,Sideburn Run,Week3,256.0 Sideburn Run - 141.0 Village West
Villa Aquatic,Week5,Fair Oaks ,Week4,209.0 Villa Aquatic - 193.0 Fair Oaks
Villa Aquatic,Week4,Fair Oaks ,Week2,228.0 Villa Aquatic - 174.0 Fair Oaks
Village West,Week3,Fox Hunt,Week4,238.0 Fox Hunt - 164.0 Village West
Villa Aquatic,Week2,Lakeview,Week4,242.0 Villa Aquatic - 160.0 Lakeview
Village West,Week5,Sideburn Run,Week5,275.0 Sideburn Run - 127.0 Village West
Village West,Week5,Sleepy Hollow B & R,Week4,304.0 Sleepy Hollow B & R - 98.0 Village West
Villa Aquatic,Week3,Lakeview,Week1,324.0 Villa Aquatic - 78.0 Lakeview
Village West,Week1,Fox Hunt,Week3,271.0 Fox Hunt - 131.0 Village West
Villa Aquatic,Week3,Lakeview,Week3,300.0 Villa Aquatic - 102.0 Lakeview
Village West,Week5,Sideburn Run,Week2,250.0 Sideburn Run - 152.0 Village West
Villa Aquatic,Week2,Fairfax,Week1,263.0 Fairfax - 139.0 Villa Aquatic
Villa Aquatic,Week1,Fairfax,Week5,299.0 Fairfax - 103.0 Villa Aquatic
Village West,Week5,Ilda Community,Week5,202.0 Village West - 199.0 Ilda Community
Village West,Week5,Fox Hunt,Week4,257.0 Fox Hunt - 145.0 Village West
Villa Aquatic,Week2,Lakeview,Week3,271.0 Villa Aquatic - 131.0 Lakeview
Village West,Week5,Fox Hunt,Week5,282.0 Fox Hunt - 120.0 Village West
Village West,Week1,Fox Hunt,Week4,268.0 Fox Hunt - 134.0 Village West
Village West,Week5,Sideburn Run,Week3,269.0 Sideburn Run - 133.0 Village West
Village West,Week2,Fox Hunt,Week3,257.0 Fox Hunt - 145.0 Village West
Village West,Week2,Ilda Community,Week3,209.0 Village West - 193.0 Ilda Community
Village West,Week1,Kent Gardens,Week5,294.0 Kent Gardens - 108.0 Village West
Village West,Week5,Fox Hunt,Week2,259.0 Fox Hunt - 143.0 Village West
Village West,Week4,Sideburn Run,Week5,276.0 Sideburn Run - 121.0 Village West
Villa Aquatic,Week5,Lakevale Estates,Week4,286.0 Lakevale Estates - 116.0 Villa Aquatic
Villa Aquatic,Week2,Lakeview,Week2,302.0 Villa Aquatic - 100.0 Lakeview
Village West,Week5,Sideburn Run,Week1,263.0 Sideburn Run - 139.0 Village West
Village West,Week1,Sleepy Hollow B & R,Week2,294.0 Sleepy Hollow B & R - 108.0 Village West
Village West,Week1,Sleepy Hollow B & R,Week3,304.0 Sleepy Hollow B & R - 98.0 Village West
Village West,Week5,Sleepy Hollow B & R,Week1,291.0 Sleepy Hollow B & R - 111.0 Village West
Virginia Hills,Week1,Camelot,Week3,305.0 Camelot - 96.0 Virginia Hills
Village West,Week4,Kent Gardens,Week2,239.0 Kent Gardens - 158.0 Village West
Village West,Week2,Sleepy Hollow B & R,Week4,302.0 Sleepy Hollow B & R - 100.0 Village West
Villa Aquatic,Week5,Lakeview,Week3,290.0 Villa Aquatic - 112.0 Lakeview
Villa Aquatic,Week5,Langley,Week4,264.0 Langley - 138.0 Villa Aquatic
Village West,Week4,Kent Gardens,Week5,291.0 Kent Gardens - 106.0 Village West
Virginia Hills,Week1,Camelot,Week4,313.0 Camelot - 89.0 Virginia Hills
Virginia Hills,Week2,Camelot,Week4,316.0 Camelot - 86.0 Virginia Hills
Village West,Week3,Ilda Community,Week3,225.0 Village West - 177.0 Ilda Community
Villa Aquatic,Week5,Lakeview,Week2,312.0 Villa Aquatic - 90.0 Lakeview
Village West,Week2,Kent Gardens,Week3,263.0 Kent Gardens - 139.0 Village West
Village West,Week5,Ilda Community,Week3,214.0 Village West - 188.0 Ilda Community
Villa Aquatic,Week2,Langley,Week2,263.0 Langley - 139.0 Villa Aquatic
Village West,Week4,Ilda Community,Week3,230.0 Village West - 167.0 Ilda Community
Village West,Week5,Fox Hunt,Week1,245.0 Fox Hunt - 157.0 Village West
Village West,Week4,Fox Hunt,Week2,266.0 Fox Hunt - 131.0 Village West
Village West,Week1,Fox Hunt,Week5,285.0 Fox Hunt - 117.0 Village West
Villa Aquatic,Week1,Laurel Hill,Week2,282.0 Villa Aquatic - 120.0 Laurel Hill
Village West,Week1,Sleepy Hollow B & R,Week4,299.5 Sleepy Hollow B & R - 102.5 Village West
Village West,Week2,Kent Gardens,Week4,270.0 Kent Gardens - 132.0 Village West
Village West,Week2,Sleepy Hollow B & R,Week1,286.0 Sleepy Hollow B & R - 116.0 Village West
Villa Aquatic,Week3,Langley,Week1,235.0 Langley - 167.0 Villa Aquatic
Village West,Week4,Sleepy Hollow B & R,Week1,287.0 Sleepy Hollow B & R - 110.0 Village West
Virginia Hills,Week3,Camelot,Week3,303.0 Camelot - 99.0 Virginia Hills
Village West,Week2,Ilda Community,Week4,208.0 Ilda Community - 194.0 Village West
Villa Aquatic,Week4,Langley,Week2,245.0 Langley - 157.0 Villa Aquatic
Virginia Hills,Week1,Camelot,Week1,305.0 Camelot - 96.0 Virginia Hills
Village West,Week5,Sleepy Hollow B & R,Week5,324.0 Sleepy Hollow B & R - 78.0 Village West
Village West,Week3,Ilda Community,Week2,235.0 Village West - 167.0 Ilda Community
Village West,Week5,Fox Hunt,Week3,265.0 Fox Hunt - 132.0 Village West
Village West,Week2,Fox Hunt,Week4,256.0 Fox Hunt - 146.0 Village West
Village West,Week3,Ilda Community,Week1,232.0 Village West - 169.0 Ilda Community
Villa Aquatic,Week4,Lakeview,Week5,275.0 Villa Aquatic - 118.0 Lakeview
Village West,Week1,Sleepy Hollow Rec,Week3,236.0 Sleepy Hollow Rec - 166.0 Village West
Village West,Week5,Forest Hollow,Week4,291.0 Forest Hollow - 111.0 Village West
Village West,Week4,Fox Hunt,Week4,262.0 Fox Hunt - 135.0 Village West
Village West,Week4,Fox Hunt,Week3,269.0 Fox Hunt - 128.0 Village West
Village West,Week4,Fox Hunt,Week5,289.0 Fox Hunt - 108.0 Village West
Villa Aquatic,Week5,Langley,Week2,249.0 Langley - 153.0 Villa Aquatic
Villa Aquatic,Week3,Langley,Week3,246.0 Langley - 156.0 Villa Aquatic
Village West,Week3,Kent Gardens,Week1,245.0 Kent Gardens - 157.0 Village West
Village West,Week1,Sleepy Hollow B & R,Week5,310.0 Sleepy Hollow B & R - 92.0 Village West
Virginia Hills,Week4,Camelot,Week5,312.5 Camelot - 88.5 Virginia Hills
Village West,Week1,Fox Mill Estates,Week2,243.0 Fox Mill Estates - 159.0 Village West
Village West,Week2,Fox Mill Estates,Week3,232.0 Fox Mill Estates - 169.0 Village West
Village West,Week3,Ilda Community,Week4,212.0 Village West - 190.0 Ilda Community
Village West,Week3,Kent Gardens,Week2,222.0 Kent Gardens - 180.0 Village West
Village West,Week4,Sleepy Hollow B & R,Week2,287.0 Sleepy Hollow B & R - 110.0 Village West
Village West,Week4,Fox Mill Estates,Week5,224.0 Fox Mill Estates - 173.0 Village West
Virginia Hills,Week3,Camelot,Week4,307.0 Camelot - 95.0 Virginia Hills
Village West,Week4,Ilda Community,Week1,233.0 Village West - 163.0 Ilda Community
Village West,Week3,Sleepy Hollow B & R,Week3,286.0 Sleepy Hollow B & R - 116.0 Village West
Village West,Week1,Fox Mill Woods,Week4,318.0 Fox Mill Woods - 84.0 Village West
Virginia Hills,Week4,Camelot,Week2,287.0 Camelot - 114.0 Virginia Hills
Villa Aquatic,Week2,Langley,Week3,280.0 Langley - 122.0 Villa Aquatic
Villa Aquatic,Week1,Laurel Hill,Week5,229.0 Villa Aquatic - 173.0 Laurel Hill
Village West,Week2,Fox Mill Woods,Week2,315.0 Fox Mill Woods - 87.0 Village West
Virginia Hills,Week3,Camelot,Week5,314.0 Camelot - 88.0 Virginia Hills
Virginia Hills,Week4,Camelot,Week1,294.0 Camelot - 108.0 Virginia Hills
Villa Aquatic,Week5,Lakeview,Week5,270.0 Villa Aquatic - 123.0 Lakeview
Village West,Week5,Ilda Community,Week4,203.0 Village West - 199.0 Ilda Community
Village West,Week5,Fox Mill Estates,Week1,214.0 Village West - 188.0 Fox Mill Estates
Villa Aquatic,Week2,Laurel Hill,Week4,251.0 Villa Aquatic - 151.0 Laurel Hill
Villa Aquatic,Week3,Langley,Week2,229.0 Langley - 173.0 Villa Aquatic
Village West,Week3,Sleepy Hollow B & R,Week2,278.0 Sleepy Hollow B & R - 124.0 Village West
Village West,Week3,Sleepy Hollow B & R,Week4,287.0 Sleepy Hollow B & R - 115.0 Village West
Villa Aquatic,Week2,Langley,Week1,278.0 Langley - 124.0 Villa Aquatic
Virginia Hills,Week5,Camelot,Week3,291.0 Camelot - 111.0 Virginia Hills
Village West,Week1,Sleepy Hollow Rec,Week1,208.0 Village West - 194.0 Sleepy Hollow Rec
Virginia Hills,Week2,Camelot,Week3,322.0 Camelot - 78.0 Virginia Hills
Village West,Week2,Sleepy Hollow B & R,Week5,315.5 Sleepy Hollow B & R - 86.5 Village West
Village West,Week4,Fox Mill Estates,Week2,220.0 Fox Mill Estates - 177.0 Village West
Village West,Week4,Ilda Community,Week4,205.0 Village West - 192.0 Ilda Community
Village West,Week2,Fox Mill Woods,Week3,314.0 Fox Mill Woods - 88.0 Village West
Villa Aquatic,Week1,Langley,Week3,276.0 Langley - 126.0 Villa Aquatic
Villa Aquatic,Week5,Lakeview,Week4,270.0 Villa Aquatic - 132.0 Lakeview
Village West,Week5,Fox Mill Estates,Week3,229.0 Fox Mill Estates - 172.0 Village West
Village West,Week4,Sleepy Hollow B & R,Week3,298.0 Sleepy Hollow B & R - 99.0 Village West
Virginia Hills,Week3,Camelot,Week2,300.0 Camelot - 102.0 Virginia Hills
Villa Aquatic,Week1,Langley,Week1,263.0 Langley - 139.0 Villa Aquatic
Village West,Week1,Kent Gardens,Week2,261.0 Kent Gardens - 141.0 Village West
Village West,Week2,Fox Mill Woods,Week4,323.0 Fox Mill Woods - 79.0 Village West
Virginia Hills,Week3,Camelot,Week1,309.0 Camelot - 93.0 Virginia Hills
Virginia Hills,Week4,Camelot,Week4,313.0 Camelot - 89.0 Virginia Hills
Village West,Week3,Sleepy Hollow B & R,Week5,300.0 Sleepy Hollow B & R - 102.0 Village West
Village West,Week1,Kent Gardens,Week4,255.0 Kent Gardens - 147.0 Village West
Village West,Week4,Ilda Community,Week5,213.0 Village West - 181.0 Ilda Community
Virginia Hills,Week2,Camelot,Week1,311.0 Camelot - 91.0 Virginia Hills
Village West,Week2,Fox Mill Estates,Week5,232.0 Fox Mill Estates - 170.0 Village West
Village West,Week3,Ilda Community,Week5,232.0 Village West - 169.0 Ilda Community
Village West,Week2,Fox Mill Estates,Week1,205.0 Village West - 197.0 Fox Mill Estates
Villa Aquatic,Week4,Langley,Week3,259.0 Langley - 143.0 Villa Aquatic
Virginia Hills,Week4,Camelot,Week3,302.0 Camelot - 99.0 Virginia Hills
Village West,Week2,Ilda Community,Week5,218.0 Village West - 183.0 Ilda Community
Village West,Week5,Sleepy Hollow B & R,Week3,298.0 Sleepy Hollow B & R - 104.0 Village West
Village West,Week5,Sleepy Hollow B & R,Week2,296.0 Sleepy Hollow B & R - 106.0 Village West
Villa Aquatic,Week4,Langley,Week1,260.0 Langley - 142.0 Villa Aquatic
Village West,Week5,Sleepy Hollow Rec,Week3,212.0 Sleepy Hollow Rec - 190.0 Village West
Village West,Week4,Ilda Community,Week2,225.0 Village West - 172.0 Ilda Community
Village West,Week3,Sleepy Hollow B & R,Week1,266.0 Sleepy Hollow B & R - 136.0 Village West
Virginia Hills,Week5,Camelot,Week2,280.0 Camelot - 122.0 Virginia Hills
Village West,Week3,Sleepy Hollow Rec,Week4,221.0 Village West - 181.0 Sleepy Hollow Rec
Virginia Hills,Week5,Camelot,Week1,283.0 Camelot - 119.0 Virginia Hills
Village West,Week3,Fox Mill Estates,Week2,210.0 Fox Mill Estates - 192.0 Village West
Village West,Week1,Kent Gardens,Week1,271.0 Kent Gardens - 131.0 Village West
Village West,Week1,Somerset-Olde Creek,Week4,262.0 Village West - 139.0 Somerset-Olde Creek
Village West,Week4,Fox Mill Estates,Week3,224.0 Fox Mill Estates - 172.0 Village West
Village West,Week2,Kent Gardens,Week5,299.0 Kent Gardens - 103.0 Village West
Villa Aquatic,Week5,Langley,Week5,259.0 Langley - 143.0 Villa Aquatic
Villa Aquatic,Week1,Langley,Week4,271.0 Langley - 131.0 Villa Aquatic
Villa Aquatic,Week4,Langley,Week5,256.0 Langley - 146.0 Villa Aquatic
Village West,Week2,Fox Mill Estates,Week2,231.0 Fox Mill Estates - 171.0 Village West
Villa Aquatic,Week1,Langley,Week2,262.0 Langley - 140.0 Villa Aquatic
Villa Aquatic,Week2,Langley,Week5,265.5 Langley - 136.5 Villa Aquatic
Village West,Week2,Sleepy Hollow B & R,Week3,303.0 Sleepy Hollow B & R - 99.0 Village West
Village West,Week4,Fox Mill Estates,Week1,206.0 Village West - 191.0 Fox Mill Estates
Village West,Week2,Sleepy Hollow B & R,Week2,292.5 Sleepy Hollow B & R - 109.5 Village West
Village West,Week5,Ilda Community,Week2,212.0 Village West - 190.0 Ilda Community
Virginia Hills,Week2,Camelot,Week2,309.0 Camelot - 90.0 Virginia Hills
Village West,Week3,Sleepy Hollow Rec,Week3,210.0 Sleepy Hollow Rec - 192.0 Village West
Village West,Week1,Fox Mill Woods,Week1,319.0 Fox Mill Woods - 83.0 Village West
Village West,Week2,Kent Gardens,Week2,247.0 Kent Gardens - 155.0 Village West
Village West,Week1,Kent Gardens,Week3,246.0 Kent Gardens - 156.0 Village West
Village West,Week2,Fox Mill Estates,Week4,249.0 Fox Mill Estates - 153.0 Village West
Village West,Week4,Sleepy Hollow B & R,Week5,318.0 Sleepy Hollow B & R - 79.0 Village West
Virginia Hills,Week2,Camelot,Week5,326.0 Camelot - 74.0 Virginia Hills
Virginia Hills,Week1,Camelot,Week2,304.0 Camelot - 96.0 Virginia Hills
Village West,Week2,Kent Gardens,Week1,271.0 Kent Gardens - 131.0 Village West
Villa Aquatic,Week1,Langley,Week5,260.0 Langley - 142.0 Villa Aquatic
Villa Aquatic,Week4,Langley,Week4,268.0 Langley - 134.0 Villa Aquatic
Village West,Week3,Fox Mill Estates,Week1,212.0 Village West - 190.0 Fox Mill Estates
Virginia Hills,Week5,Burke Station,Week5,264.0 Burke Station - 134.0 Virginia Hills
Virginia Hills,Week5,Camelot,Week4,283.0 Camelot - 118.0 Virginia Hills
Village West,Week5,Fox Mill Estates,Week2,228.0 Fox Mill Estates - 174.0 Village West
Virginia Hills,Week5,Burke Station,Week4,235.0 Burke Station - 166.0 Virginia Hills
Villa Aquatic,Week3,Langley,Week4,247.0 Langley - 155.0 Villa Aquatic
Village West,Week3,Kent Gardens,Week3,235.0 Kent Gardens - 167.0 Village West
Villa Aquatic,Week2,Langley,Week4,273.0 Langley - 129.0 Villa Aquatic
Village West,Week3,Kent Gardens,Week4,235.0 Kent Gardens - 167.0 Village West
Village West,Week1,Fox Mill Estates,Week5,239.0 Fox Mill Estates - 163.0 Village West
Village West,Week5,Ilda Community,Week1,220.0 Village West - 182.0 Ilda Community
Virginia Hills,Week1,Camelot,Week5,326.0 Camelot - 75.0 Virginia Hills
Village West,Week4,Sleepy Hollow B & R,Week4,301.0 Sleepy Hollow B & R - 96.0 Village West
Village West,Week1,Sleepy Hollow Rec,Week2,207.0 Sleepy Hollow Rec - 195.0 Village West
Village West,Week3,Fox Mill Estates,Week3,221.0 Fox Mill Estates - 181.0 Village West
Village West,Week3,Kent Gardens,Week5,273.0 Kent Gardens - 129.0 Village West
Villa Aquatic,Week5,Langley,Week1,265.0 Langley - 137.0 Villa Aquatic
Virginia Hills,Week5,Camelot,Week5,294.0 Camelot - 108.0 Virginia Hills
Village West,Week3,Fox Mill Estates,Week5,219.0 Fox Mill Estates - 183.0 Village West
Village West,Week3,Somerset-Olde Creek,Week1,274.0 Village West - 127.0 Somerset-Olde Creek
Village West,Week4,Kings Ridge ,Week2,228.0 Village West - 169.0 Kings Ridge
Village West,Week4,Kent Gardens,Week3,255.0 Kent Gardens - 142.0 Village West
Village West,Week4,Kent Gardens,Week1,261.0 Kent Gardens - 136.0 Village West
Villa Aquatic,Week5,Langley,Week3,264.0 Langley - 138.0 Villa Aquatic
Villa Aquatic,Week1,Laurel Hill,Week4,235.0 Villa Aquatic - 167.0 Laurel Hill
Village West,Week3,Sleepy Hollow Rec,Week2,213.0 Village West - 189.0 Sleepy Hollow Rec
Village West,Week2,Somerset-Olde Creek,Week2,283.0 Village West - 117.0 Somerset-Olde Creek
Village West,Week1,Fox Mill Woods,Week3,313.0 Fox Mill Woods - 89.0 Village West
Village West,Week1,Fox Mill Woods,Week5,317.0 Fox Mill Woods - 85.0 Village West
Village West,Week2,Somerset-Olde Creek,Week4,263.0 Village West - 138.0 Somerset-Olde Creek
Villa Aquatic,Week2,Laurel Hill,Week1,255.5 Villa Aquatic - 146.5 Laurel Hill
Villa Aquatic,Week3,Langley,Week5,238.0 Langley - 164.0 Villa Aquatic
Village West,Week4,Kent Gardens,Week4,257.0 Kent Gardens - 140.0 Village West
Village West,Week1,Fox Mill Estates,Week4,261.0 Fox Mill Estates - 141.0 Village West
Villa Aquatic,Week1,Laurel Hill,Week1,250.0 Villa Aquatic - 152.0 Laurel Hill
Village West,Week1,Kings Ridge ,Week4,217.0 Kings Ridge - 185.0 Village West
Village West,Week5,Kent Gardens,Week3,238.0 Kent Gardens - 164.0 Village West
Village West,Week3,Fox Mill Estates,Week4,225.0 Fox Mill Estates - 177.0 Village West
Village West,Week5,Fox Mill Estates,Week4,236.0 Fox Mill Estates - 166.0 Village West
Village West,Week1,Sleepy Hollow Rec,Week5,226.0 Sleepy Hollow Rec - 176.0 Village West
Village West,Week4,Sleepy Hollow Rec,Week3,221.0 Sleepy Hollow Rec - 176.0 Village West
Villa Aquatic,Week1,Laurel Hill,Week3,229.0 Villa Aquatic - 172.0 Laurel Hill
Village West,Week4,Fox Mill Estates,Week4,241.0 Fox Mill Estates - 156.0 Village West
Village West,Week5,Sleepy Hollow Rec,Week1,219.0 Village West - 183.0 Sleepy Hollow Rec
Village West,Week4,Sleepy Hollow Rec,Week1,218.0 Village West - 179.0 Sleepy Hollow Rec
Village West,Week3,Sleepy Hollow Rec,Week5,208.0 Village West - 194.0 Sleepy Hollow Rec
Villa Aquatic,Week2,Laurel Hill,Week3,243.0 Villa Aquatic - 159.0 Laurel Hill
Village West,Week1,Sleepy Hollow Rec,Week4,207.0 Village West - 195.0 Sleepy Hollow Rec
Village West,Week2,Chesterbrook,Week1,368.0 Chesterbrook - 34.0 Village West
Villa Aquatic,Week1,Lee Graham,Week5,309.0 Lee Graham - 93.0 Villa Aquatic
Village West,Week5,Kent Gardens,Week4,248.0 Kent Gardens - 154.0 Village West
Villa Aquatic,Week3,Laurel Hill,Week5,263.0 Villa Aquatic - 139.0 Laurel Hill
Village West,Week5,Kings Ridge ,Week1,218.0 Village West - 184.0 Kings Ridge
Villa Aquatic,Week2,Laurel Hill,Week2,281.0 Villa Aquatic - 121.0 Laurel Hill
Village West,Week3,Kings Ridge ,Week2,232.0 Village West - 170.0 Kings Ridge
Village West,Week1,Fox Mill Woods,Week2,314.0 Fox Mill Woods - 88.0 Village West
Village West,Week1,Kings Ridge ,Week1,213.0 Village West - 189.0 Kings Ridge
Villa Aquatic,Week4,Cottontail,Week4,237.0 Villa Aquatic - 165.0 Cottontail
Village West,Week4,Sleepy Hollow Rec,Week5,205.0 Sleepy Hollow Rec - 192.0 Village West
Village West,Week4,Sleepy Hollow Rec,Week2,211.0 Village West - 186.0 Sleepy Hollow Rec
Villa Aquatic,Week2,Lee Graham,Week4,301.0 Lee Graham - 101.0 Villa Aquatic
Village West,Week5,Sleepy Hollow Rec,Week2,203.0 Village West - 199.0 Sleepy Hollow Rec
Village West,Week5,Fox Mill Estates,Week5,229.0 Fox Mill Estates - 173.0 Village West
Village West,Week2,Fox Mill Woods,Week1,321.0 Fox Mill Woods - 81.0 Village West
Village West,Week4,Kings Ridge ,Week3,203.0 Kings Ridge - 193.0 Village West
Villa Aquatic,Week2,Laurel Hill,Week5,225.0 Villa Aquatic - 177.0 Laurel Hill
Village West,Week5,Chesterbrook,Week4,370.0 Chesterbrook - 32.0 Village West
Village West,Week3,Kings Ridge ,Week1,230.0 Village West - 172.0 Kings Ridge
Village West,Week1,Kings Ridge ,Week3,201.0 Village West - 197.0 Kings Ridge
Villa Aquatic,Week3,Laurel Hill,Week2,307.0 Villa Aquatic - 95.0 Laurel Hill
Village West,Week3,Sleepy Hollow Rec,Week1,216.0 Village West - 186.0 Sleepy Hollow Rec
Village West,Week2,Chesterbrook,Week2,375.0 Chesterbrook - 27.0 Village West
Village West,Week5,Chesterbrook,Week3,381.0 Chesterbrook - 21.0 Village West
Village West,Week5,Chesterbrook,Week2,371.0 Chesterbrook - 31.0 Village West
Village West,Week5,Sleepy Hollow Rec,Week4,211.0 Village West - 191.0 Sleepy Hollow Rec
Village West,Week1,Commonwealth,Week1,212.0 Village West - 189.0 Commonwealth
Village West,Week2,Sleepy Hollow Rec,Week2,203.0 Sleepy Hollow Rec - 199.0 Village West
Villa Aquatic,Week2,Lee Graham,Week2,304.0 Lee Graham - 98.0 Villa Aquatic
Villa Aquatic,Week4,Cottontail,Week5,210.0 Villa Aquatic - 192.0 Cottontail
Village West,Week3,Chesterbrook,Week3,376.0 Chesterbrook - 26.0 Village West
Village West,Week1,Chesterbrook,Week2,377.0 Chesterbrook - 25.0 Village West
Village West,Week5,Kent Gardens,Week5,292.0 Kent Gardens - 110.0 Village West
Village West,Week2,Sleepy Hollow Rec,Week5,214.0 Sleepy Hollow Rec - 188.0 Village West
Village West,Week2,Kings Ridge ,Week1,214.0 Village West - 188.0 Kings Ridge
Villa Aquatic,Week4,Laurel Hill,Week3,275.5 Villa Aquatic - 126.5 Laurel Hill
Village West,Week3,Kings Ridge ,Week4,210.0 Village West - 192.0 Kings Ridge
Villa Aquatic,Week2,Lee Graham,Week1,295.0 Lee Graham - 107.0 Villa Aquatic
Village West,Week2,Chesterbrook,Week4,375.0 Chesterbrook - 27.0 Village West
Village West,Week3,Kings Ridge ,Week3,217.5 Village West - 183.5 Kings Ridge
Villa Aquatic,Week5,Laurel Hill,Week3,284.5 Villa Aquatic - 117.5 Laurel Hill
Village West,Week4,Kings Ridge ,Week1,214.5 Village West - 182.5 Kings Ridge
Village West,Week1,Kings Ridge ,Week5,226.0 Kings Ridge - 176.0 Village West
Villa Aquatic,Week3,Laurel Hill,Week3,287.0 Villa Aquatic - 115.0 Laurel Hill
Village West,Week1,Somerset-Olde Creek,Week2,275.0 Village West - 126.0 Somerset-Olde Creek
Village West,Week3,Chesterbrook,Week1,354.0 Chesterbrook - 48.0 Village West
Village West,Week5,Sleepy Hollow Rec,Week5,209.0 Sleepy Hollow Rec - 193.0 Village West
Villa Aquatic,Week4,Laurel Hill,Week1,277.0 Villa Aquatic - 125.0 Laurel Hill
Village West,Week1,Kings Ridge ,Week2,216.0 Village West - 186.0 Kings Ridge
Village West,Week5,Kent Gardens,Week2,240.0 Kent Gardens - 162.0 Village West
Village West,Week2,Chesterbrook,Week3,384.0 Chesterbrook - 18.0 Village West
Village West,Week2,Chesterbrook,Week5,374.0 Chesterbrook - 28.0 Village West
Village West,Week2,Sleepy Hollow Rec,Week4,210.0 Village West - 192.0 Sleepy Hollow Rec
Villa Aquatic,Week2,Lee Graham,Week3,303.5 Lee Graham - 98.5 Villa Aquatic
Village West,Week2,Sleepy Hollow Rec,Week3,226.0 Sleepy Hollow Rec - 176.0 Village West
Villa Aquatic,Week3,Lee Graham,Week1,265.0 Lee Graham - 137.0 Villa Aquatic
Village West,Week1,Somerset-Olde Creek,Week1,258.0 Village West - 139.0 Somerset-Olde Creek
Village West,Week4,Kings Ridge ,Week4,210.0 Kings Ridge - 187.0 Village West
Village West,Week3,Kings Ridge ,Week5,209.0 Village West - 193.0 Kings Ridge
Village West,Week2,Sleepy Hollow Rec,Week1,206.0 Village West - 196.0 Sleepy Hollow Rec
Village West,Week4,Sleepy Hollow Rec,Week4,212.0 Village West - 185.0 Sleepy Hollow Rec
Villa Aquatic,Week3,Laurel Hill,Week1,284.0 Villa Aquatic - 118.0 Laurel Hill
Villa Aquatic,Week3,Laurel Hill,Week4,292.0 Villa Aquatic - 110.0 Laurel Hill
Village West,Week1,Chesterbrook,Week1,357.0 Chesterbrook - 45.0 Village West
Villa Aquatic,Week3,Lee Graham,Week2,266.0 Lee Graham - 136.0 Villa Aquatic
Village West,Week1,Chesterbrook,Week5,373.0 Chesterbrook - 29.0 Village West
Villa Aquatic,Week1,Lee Graham,Week2,303.0 Lee Graham - 99.0 Villa Aquatic
Village West,Week3,Chesterbrook,Week5,365.5 Chesterbrook - 36.5 Village West
Village West,Week1,Somerset-Olde Creek,Week3,279.0 Village West - 121.0 Somerset-Olde Creek
Village West,Week4,Kings Ridge ,Week5,213.5 Kings Ridge - 183.5 Village West
Village West,Week1,Chesterbrook,Week4,371.0 Chesterbrook - 31.0 Village West
Village West,Week2,South Run,Week1,270.0 South Run - 122.0 Village West
Village West,Week2,Kings Ridge ,Week2,218.0 Village West - 184.0 Kings Ridge
Village West,Week3,Chesterbrook,Week2,366.0 Chesterbrook - 36.0 Village West
Village West,Week2,Somerset-Olde Creek,Week3,282.0 Village West - 117.0 Somerset-Olde Creek
Villa Aquatic,Week5,Laurel Hill,Week5,248.0 Villa Aquatic - 154.0 Laurel Hill
Village West,Week5,Riverside Gardens,Week5,304.0 Riverside Gardens - 98.0 Village West
Village West,Week2,Kings Ridge ,Week3,204.0 Village West - 198.0 Kings Ridge
Village West,Week5,Kent Gardens,Week1,265.0 Kent Gardens - 137.0 Village West
Village West,Week2,Rolling Forest,Week4,258.0 Rolling Forest - 144.0 Village West
Village West,Week2,Kings Ridge ,Week4,218.0 Kings Ridge - 184.0 Village West
Village West,Week5,Somerset-Olde Creek,Week1,257.0 Village West - 144.0 Somerset-Olde Creek
Village West,Week5,Cardinal Hill,Week3,327.0 Cardinal Hill - 75.0 Village West
Village West,Week2,Somerset-Olde Creek,Week1,269.0 Village West - 130.0 Somerset-Olde Creek
Village West,Week2,Kings Ridge ,Week5,209.0 Kings Ridge - 193.0 Village West
Village West,Week2,Somerset-Olde Creek,Week5,254.0 Village West - 146.0 Somerset-Olde Creek
Village West,Week1,Rolling Forest,Week1,262.0 Rolling Forest - 140.0 Village West
Village West,Week5,Cardinal Hill,Week4,298.0 Cardinal Hill - 104.0 Village West
Village West,Week5,Cardinal Hill,Week5,295.0 Cardinal Hill - 106.0 Village West
Villa Aquatic,Week2,Lee Graham,Week5,308.0 Lee Graham - 94.0 Villa Aquatic
Villa Aquatic,Week4,Laurel Hill,Week5,256.0 Villa Aquatic - 146.0 Laurel Hill
Villa Aquatic,Week4,Laurel Hill,Week2,294.0 Villa Aquatic - 108.0 Laurel Hill
Village West,Week4,Riverside Gardens,Week3,314.0 Riverside Gardens - 83.0 Village West
Villa Aquatic,Week5,Laurel Hill,Week1,284.0 Villa Aquatic - 118.0 Laurel Hill
Village West,Week1,Somerset-Olde Creek,Week5,241.0 Village West - 159.0 Somerset-Olde Creek
Villa Aquatic,Week4,Laurel Hill,Week4,283.0 Villa Aquatic - 119.0 Laurel Hill
Village West,Week3,Fox Mill Woods,Week4,302.0 Fox Mill Woods - 100.0 Village West
Village West,Week3,Fox Mill Woods,Week1,305.0 Fox Mill Woods - 97.0 Village West
Village West,Week4,Chesterbrook,Week2,367.0 Chesterbrook - 30.0 Village West
Village West,Week2,Fox Mill Woods,Week5,312.0 Fox Mill Woods - 90.0 Village West
Village West,Week4,Rolling Forest,Week1,238.0 Rolling Forest - 159.0 Village West
Village West,Week1,Rolling Forest,Week5,270.0 Rolling Forest - 132.0 Village West
Village West,Week4,Chesterbrook,Week1,360.0 Chesterbrook - 37.0 Village West
Village West,Week3,South Run,Week4,231.0 South Run - 171.0 Village West
Villa Aquatic,Week5,Laurel Hill,Week2,314.0 Villa Aquatic - 88.0 Laurel Hill
Village West,Week5,Somerset-Olde Creek,Week3,277.0 Village West - 124.0 Somerset-Olde Creek
Village West,Week1,Chesterbrook,Week3,381.0 Chesterbrook - 21.0 Village West
Village West,Week2,Rolling Forest,Week1,252.5 Rolling Forest - 149.5 Village West
Village West,Week4,Fox Mill Woods,Week1,319.0 Fox Mill Woods - 78.0 Village West
Village West,Week3,Chesterbrook,Week4,365.0 Chesterbrook - 37.0 Village West
Village West,Week5,Fox Mill Woods,Week4,320.0 Fox Mill Woods - 82.0 Village West
Village West,Week1,Rolling Forest,Week2,239.0 Rolling Forest - 163.0 Village West
Villa Aquatic,Week5,Laurel Hill,Week4,279.0 Villa Aquatic - 123.0 Laurel Hill
Village West,Week1,South Run,Week3,265.0 South Run - 136.0 Village West
Villa Aquatic,Week1,Lee Graham,Week1,292.0 Lee Graham - 110.0 Villa Aquatic
Village West,Week3,Somerset-Olde Creek,Week3,296.0 Village West - 106.0 Somerset-Olde Creek
Village West,Week4,Chesterbrook,Week3,379.0 Chesterbrook - 18.0 Village West
Village West,Week3,Lake Braddock,Week2,226.0 Village West - 176.0 Lake Braddock
Villa Aquatic,Week2,Lincolnia Park,Week2,292.0 Villa Aquatic - 101.0 Lincolnia Park
Village West,Week5,Lake Braddock,Week2,230.0 Village West - 172.0 Lake Braddock
Village West,Week3,Fox Mill Woods,Week3,299.5 Fox Mill Woods - 102.5 Village West
Village West,Week1,Lake Braddock,Week3,229.0 Village West - 173.0 Lake Braddock
Village West,Week5,Kings Ridge ,Week4,209.0 Kings Ridge - 193.0 Village West
Villa Aquatic,Week5,Lee Graham,Week4,271.0 Lee Graham - 131.0 Villa Aquatic
Village West,Week4,Fox Mill Woods,Week2,314.0 Fox Mill Woods - 83.0 Village West
Village West,Week4,Riverside Gardens,Week1,314.0 Riverside Gardens - 83.0 Village West
Village West,Week4,South Run,Week1,252.0 South Run - 135.0 Village West
Village West,Week2,South Run,Week3,266.0 South Run - 135.0 Village West
Village West,Week4,Fox Mill Woods,Week4,324.0 Fox Mill Woods - 73.0 Village West
Village West,Week4,Chesterbrook,Week4,367.0 Chesterbrook - 30.0 Village West
Village West,Week3,Fox Mill Woods,Week2,309.0 Fox Mill Woods - 93.0 Village West
Villa Aquatic,Week2,Lincolnia Park,Week1,306.0 Villa Aquatic - 96.0 Lincolnia Park
Villa Aquatic,Week4,Lee Graham,Week3,291.0 Lee Graham - 111.0 Villa Aquatic
Village West,Week2,Great Falls,Week2,252.0 Great Falls - 131.0 Village West
Villa Aquatic,Week1,Lee Graham,Week3,297.0 Lee Graham - 105.0 Villa Aquatic
Village West,Week3,Riverside Gardens,Week3,302.0 Riverside Gardens - 100.0 Village West
Village West,Week4,Somerset-Olde Creek,Week3,270.0 Village West - 124.0 Somerset-Olde Creek
Village West,Week1,Lake Braddock,Week2,219.0 Village West - 183.0 Lake Braddock
Villa Aquatic,Week1,Lincolnia Park,Week3,275.0 Villa Aquatic - 118.0 Lincolnia Park
Village West,Week5,Lake Braddock,Week5,216.0 Village West - 186.0 Lake Braddock
Village West,Week5,Rolling Forest,Week1,244.5 Rolling Forest - 157.5 Village West
Village West,Week1,Rolling Forest,Week3,264.0 Rolling Forest - 138.0 Village West
Village West,Week1,Cottontail,Week1,257.0 Cottontail - 145.0 Village West
Village West,Week4,Chesterbrook,Week5,368.0 Chesterbrook - 29.0 Village West
Village West,Week4,Lake Braddock,Week2,228.0 Village West - 169.0 Lake Braddock
Village West,Week2,South Run,Week2,255.0 South Run - 146.0 Village West
Village West,Week5,Rolling Forest,Week4,248.5 Rolling Forest - 153.5 Village West
Villa Aquatic,Week1,Lee Graham,Week4,298.5 Lee Graham - 103.5 Villa Aquatic
Village West,Week2,Lake Braddock,Week4,212.0 Village West - 190.0 Lake Braddock
Village West,Week3,Somerset-Olde Creek,Week2,290.0 Village West - 112.0 Somerset-Olde Creek
Villa Aquatic,Week4,Lee Graham,Week2,288.0 Lee Graham - 114.0 Villa Aquatic
Village West,Week5,Somerset-Olde Creek,Week4,265.0 Village West - 131.0 Somerset-Olde Creek
Village West,Week5,Great Falls,Week3,260.0 Great Falls - 141.0 Village West
Village West,Week2,South Run,Week4,251.0 South Run - 150.0 Village West
Village West,Week5,Chesterbrook,Week1,365.0 Chesterbrook - 32.0 Village West
Village West,Week4,Somerset-Olde Creek,Week1,256.0 Village West - 138.0 Somerset-Olde Creek
Village West,Week5,Kings Ridge ,Week3,205.0 Kings Ridge - 197.0 Village West
Village West,Week5,Fox Mill Woods,Week1,318.0 Fox Mill Woods - 84.0 Village West
Village West,Week3,Riverside Gardens,Week2,290.0 Riverside Gardens - 112.0 Village West
Village West,Week5,Chesterbrook,Week5,372.0 Chesterbrook - 30.0 Village West
Village West,Week1,Rolling Hills,Week1,236.0 Rolling Hills - 165.0 Village West
Village West,Week1,Commonwealth,Week3,246.0 Commonwealth - 156.0 Village West
Village West,Week2,Commonwealth,Week2,244.0 Commonwealth - 158.0 Village West
Village West,Week2,Rolling Forest,Week2,238.0 Rolling Forest - 164.0 Village West
Village West,Week3,Great Falls,Week4,217.0 Great Falls - 183.0 Village West
Village West,Week3,Commonwealth,Week3,215.0 Commonwealth - 187.0 Village West
Village West,Week5,Riverside Gardens,Week2,297.5 Riverside Gardens - 104.5 Village West
Villa Aquatic,Week3,Lee Graham,Week3,285.0 Lee Graham - 117.0 Villa Aquatic
Village West,Week2,South Run,Week5,282.0 South Run - 120.0 Village West
Village West,Week4,Somerset-Olde Creek,Week5,240.0 Village West - 155.0 Somerset-Olde Creek
Villa Aquatic,Week5,Lee Graham,Week2,284.0 Lee Graham - 118.0 Villa Aquatic
Village West,Week4,Riverside Gardens,Week5,317.0 Riverside Gardens - 80.0 Village West
Village West,Week2,Commonwealth,Week3,226.0 Commonwealth - 175.0 Village West
Village West,Week5,Fox Mill Woods,Week5,317.0 Fox Mill Woods - 85.0 Village West
Village West,Week4,Lake Braddock,Week4,221.0 Village West - 176.0 Lake Braddock
Village West,Week5,Commonwealth,Week1,232.0 Village West - 165.0 Commonwealth
Villa Aquatic,Week5,Lee Graham,Week5,279.0 Lee Graham - 123.0 Villa Aquatic
Village West,Week2,Lake Braddock,Week2,214.0 Village West - 188.0 Lake Braddock
Village West,Week2,Rolling Forest,Week3,258.0 Rolling Forest - 144.0 Village West
Village West,Week1,South Run,Week4,250.0 South Run - 151.0 Village West
Villa Aquatic,Week1,Lincolnia Park,Week5,278.0 Villa Aquatic - 115.0 Lincolnia Park
Village West,Week3,Great Falls,Week5,241.0 Great Falls - 157.0 Village West
Village West,Week2,Cottontail,Week3,230.0 Cottontail - 172.0 Village West
Village West,Week5,Kings Ridge ,Week5,208.0 Kings Ridge - 194.0 Village West
Village West,Week3,Fox Mill Woods,Week5,297.0 Fox Mill Woods - 105.0 Village West
Village West,Week4,Lake Braddock,Week5,208.0 Village West - 189.0 Lake Braddock
Villa Aquatic,Week3,Lee Graham,Week5,280.0 Lee Graham - 122.0 Villa Aquatic
Village West,Week2,Commonwealth,Week4,211.0 Commonwealth - 190.0 Village West
Village West,Week3,Rolling Forest,Week2,206.0 Rolling Forest - 196.0 Village West
Village West,Week1,South Run,Week5,278.0 South Run - 124.0 Village West
Village West,Week5,Lake Braddock,Week1,256.0 Village West - 141.0 Lake Braddock
Village West,Week3,Riverside Gardens,Week5,310.0 Riverside Gardens - 92.0 Village West
Village West,Week5,Fox Mill Woods,Week2,317.0 Fox Mill Woods - 85.0 Village West
Village West,Week3,South Run,Week1,232.0 South Run - 161.0 Village West
Village West,Week5,Commonwealth,Week5,211.0 Commonwealth - 191.0 Village West
Village West,Week3,Cottontail,Week1,244.0 Cottontail - 158.0 Village West
Village West,Week5,Fox Mill Woods,Week3,313.0 Fox Mill Woods - 89.0 Village West
Villa Aquatic,Week2,Lincolnia Park,Week4,296.0 Villa Aquatic - 106.0 Lincolnia Park
Village West,Week4,Fox Mill Woods,Week5,308.0 Fox Mill Woods - 89.0 Village West
Villa Aquatic,Week4,Lee Graham,Week1,273.0 Lee Graham - 129.0 Villa Aquatic
Village West,Week1,Great Falls,Week2,255.0 Great Falls - 129.0 Village West
Village West,Week3,Somerset-Olde Creek,Week4,277.5 Village West - 124.5 Somerset-Olde Creek
Village West,Week4,Riverside Gardens,Week4,324.0 Riverside Gardens - 73.0 Village West
Village West,Week1,Lake Braddock,Week4,220.0 Village West - 182.0 Lake Braddock
Village West,Week5,Somerset-Olde Creek,Week5,244.0 Village West - 157.0 Somerset-Olde Creek
Village West,Week4,Lake Braddock,Week1,248.0 Village West - 149.0 Lake Braddock
Village West,Week5,Lake Braddock,Week4,234.0 Village West - 168.0 Lake Braddock
Village West,Week4,Riverside Gardens,Week2,301.0 Riverside Gardens - 96.0 Village West
Village West,Week3,Commonwealth,Week2,226.0 Commonwealth - 176.0 Village West
Village West,Week2,Lakevale Estates,Week5,335.0 Lakevale Estates - 67.0 Village West
Village West,Week5,Riverside Gardens,Week1,316.0 Riverside Gardens - 86.0 Village West
Village West,Week3,Riverside Gardens,Week4,321.0 Riverside Gardens - 81.0 Village West
Village West,Week4,Fox Mill Woods,Week3,313.5 Fox Mill Woods - 83.5 Village West
Villa Aquatic,Week2,Lincolnia Park,Week3,260.0 Villa Aquatic - 133.0 Lincolnia Park
Villa Aquatic,Week2,Lincolnia Park,Week5,283.0 Villa Aquatic - 110.0 Lincolnia Park
Village West,Week4,Somerset-Olde Creek,Week4,264.0 Village West - 132.0 Somerset-Olde Creek
Village West,Week2,Commonwealth,Week5,226.0 Commonwealth - 176.0 Village West
Village West,Week5,Somerset-Olde Creek,Week2,273.0 Village West - 128.0 Somerset-Olde Creek
Village West,Week3,Lake Braddock,Week1,263.0 Village West - 139.0 Lake Braddock
Village West,Week1,Great Falls,Week1,247.0 Great Falls - 155.0 Village West
Villa Aquatic,Week4,Lee Graham,Week4,274.0 Lee Graham - 128.0 Villa Aquatic
Village West,Week3,Rolling Forest,Week4,229.0 Rolling Forest - 173.0 Village West
Village West,Week1,Lake Braddock,Week5,209.0 Village West - 193.0 Lake Braddock
Village West,Week2,Lake Braddock,Week1,245.0 Village West - 157.0 Lake Braddock
Village West,Week5,Commonwealth,Week2,236.0 Commonwealth - 166.0 Village West
Village West,Week1,Commonwealth,Week5,224.0 Commonwealth - 178.0 Village West
Village West,Week3,Commonwealth,Week1,228.0 Village West - 174.0 Commonwealth
Villa Aquatic,Week1,Lincolnia Park,Week1,311.0 Villa Aquatic - 91.0 Lincolnia Park
Village West,Week1,Commonwealth,Week4,221.0 Commonwealth - 181.0 Village West
Village West,Week5,Riverside Gardens,Week4,318.0 Riverside Gardens - 84.0 Village West
Village West,Week3,Somerset-Olde Creek,Week5,257.0 Village West - 145.0 Somerset-Olde Creek
Village West,Week3,South Run,Week3,238.0 South Run - 164.0 Village West
Villa Aquatic,Week5,Lee Graham,Week3,286.0 Lee Graham - 116.0 Villa Aquatic
Village West,Week4,Somerset-Olde Creek,Week2,268.0 Village West - 128.0 Somerset-Olde Creek
Village West,Week2,Great Falls,Week4,237.0 Great Falls - 164.0 Village West
Village West,Week4,Commonwealth,Week4,209.0 Commonwealth - 188.0 Village West
Village West,Week1,Rolling Forest,Week4,267.0 Rolling Forest - 135.0 Village West
Village West,Week3,Rolling Forest,Week5,249.0 Rolling Forest - 153.0 Village West
Village West,Week4,Great Falls,Week1,228.0 Great Falls - 168.0 Village West
Village West,Week3,Rolling Forest,Week1,226.0 Rolling Forest - 176.0 Village West
Village West,Week3,South Run,Week2,218.5 South Run - 183.5 Village West
Village West,Week5,Kings Ridge ,Week2,219.0 Village West - 183.0 Kings Ridge
Village West,Week2,Rolling Forest,Week5,269.0 Rolling Forest - 133.0 Village West
Village West,Week5,Riverside Gardens,Week3,306.0 Riverside Gardens - 96.0 Village West
Village West,Week1,Great Falls,Week5,265.0 Great Falls - 136.0 Village West
Village West,Week1,South Run,Week1,263.0 South Run - 129.0 Village West
Village West,Week4,Great Falls,Week4,229.0 Great Falls - 167.0 Village West
Villa Aquatic,Week1,Lincolnia Park,Week4,303.0 Villa Aquatic - 99.0 Lincolnia Park
Village West,Week1,South Run,Week2,258.0 South Run - 143.0 Village West
Village West,Week3,Lake Braddock,Week4,239.0 Village West - 163.0 Lake Braddock
Village West,Week4,Great Falls,Week2,238.0 Great Falls - 141.0 Village West
Village West,Week1,Lake Braddock,Week1,262.0 Village West - 140.0 Lake Braddock
Village West,Week3,Rolling Forest,Week3,244.0 Rolling Forest - 158.0 Village West
Village West,Week3,Great Falls,Week1,222.0 Great Falls - 179.0 Village West
Villa Aquatic,Week3,Lee Graham,Week4,262.0 Lee Graham - 140.0 Villa Aquatic
Villa Aquatic,Week4,Lee Graham,Week5,294.0 Lee Graham - 108.0 Villa Aquatic
Villa Aquatic,Week5,Lee Graham,Week1,267.5 Lee Graham - 134.5 Villa Aquatic
Village West,Week2,Lake Braddock,Week3,217.0 Village West - 184.0 Lake Braddock
Village West,Week5,Commonwealth,Week3,225.5 Commonwealth - 176.5 Village West
Villa Aquatic,Week1,Lincolnia Park,Week2,288.0 Villa Aquatic - 105.0 Lincolnia Park
Village West,Week2,Lake Braddock,Week5,209.0 Lake Braddock - 193.0 Village West
Village West,Week5,Commonwealth,Week4,199.0 Village West - 198.0 Commonwealth
Village West,Week1,Cottontail,Week2,257.0 Cottontail - 145.0 Village West
Village West,Week4,South Run,Week2,244.0 South Run - 152.0 Village West
Village West,Week1,Great Falls,Week4,245.0 Great Falls - 157.0 Village West
Village West,Week3,South Run,Week5,260.0 South Run - 142.0 Village West
Village West,Week4,Rolling Forest,Week3,252.0 Rolling Forest - 145.0 Village West
Village West,Week5,Lake Braddock,Week3,223.0 Village West - 179.0 Lake Braddock
Village West,Week3,Commonwealth,Week5,201.0 Commonwealth - 201.0 Village West
Village West,Week4,Rolling Forest,Week2,216.0 Rolling Forest - 181.0 Village West
Village West,Week2,Great Falls,Week3,271.0 Great Falls - 131.0 Village West
Village West,Week2,Great Falls,Week5,258.5 Great Falls - 141.5 Village West
Village West,Week4,Springboard,Week1,197.0 Village West - 196.0 Springboard
Village West,Week1,Cottontail,Week3,243.0 Cottontail - 159.0 Village West
Villa Aquatic,Week4,Poplar Tree,Week5,269.0 Poplar Tree - 133.0 Villa Aquatic
Village West,Week4,Commonwealth,Week3,221.0 Commonwealth - 176.0 Village West
Village West,Week5,Rolling Forest,Week2,230.0 Rolling Forest - 172.0 Village West
Village West,Week4,Springboard,Week3,207.0 Springboard - 186.0 Village West
Village West,Week4,Commonwealth,Week2,240.0 Commonwealth - 157.0 Village West
Village West,Week5,Springboard,Week2,232.0 Village West - 161.0 Springboard
Village West,Week1,Commonwealth,Week2,249.0 Commonwealth - 152.0 Village West
Village West,Week3,Commonwealth,Week4,222.0 Village West - 180.0 Commonwealth
Village West,Week3,Great Falls,Week2,224.5 Great Falls - 159.5 Village West
Village West,Week4,Lake Braddock,Week3,227.0 Village West - 170.0 Lake Braddock
Village West,Week1,Lakevale Estates,Week3,310.0 Lakevale Estates - 92.0 Village West
Village West,Week4,Rolling Forest,Week5,250.0 Rolling Forest - 147.0 Village West
Village West,Week5,South Run,Week1,245.0 South Run - 147.0 Village West
Village West,Week1,Lakevale Estates,Week4,329.0 Lakevale Estates - 73.0 Village West
Village West,Week3,Great Falls,Week3,239.0 Great Falls - 163.0 Village West
Village West,Week4,Rolling Forest,Week4,259.0 Rolling Forest - 138.0 Village West
Village West,Week3,Lake Braddock,Week5,230.0 Village West - 172.0 Lake Braddock
Village West,Week3,Lake Braddock,Week3,230.0 Village West - 172.0 Lake Braddock
Village West,Week1,Springboard,Week1,211.0 Village West - 187.0 Springboard
Village West,Week1,Great Falls,Week3,275.0 Great Falls - 127.0 Village West
Village West,Week2,Great Falls,Week1,239.0 Great Falls - 161.0 Village West
Village West,Week5,South Run,Week4,248.0 South Run - 153.0 Village West
Village West,Week4,Commonwealth,Week1,220.0 Village West - 177.0 Commonwealth
Village West,Week5,Rolling Forest,Week3,251.0 Rolling Forest - 151.0 Village West
Village West,Week4,Great Falls,Week3,258.0 Great Falls - 139.0 Village West
Village West,Week4,Great Falls,Week5,246.0 Great Falls - 149.0 Village West
Village West,Week2,Rolling Hills,Week1,231.0 Rolling Hills - 170.0 Village West
Village West,Week1,Lakevale Estates,Week1,317.0 Lakevale Estates - 85.0 Village West
Village West,Week1,Lakevale Estates,Week5,330.0 Lakevale Estates - 72.0 Village West
Village West,Week2,Lakevale Estates,Week4,332.5 Lakevale Estates - 69.5 Village West
Village West,Week1,Rolling Hills,Week2,248.0 Rolling Hills - 154.0 Village West
Village West,Week4,Rolling Hills,Week1,235.0 Rolling Hills - 161.0 Village West
Village West,Week2,Commonwealth,Week1,214.0 Village West - 186.0 Commonwealth
Village West,Week3,Springboard,Week4,216.0 Village West - 186.0 Springboard
Village West,Week5,South Run,Week5,274.0 South Run - 128.0 Village West
Village West,Week4,South Run,Week4,241.0 South Run - 155.0 Village West
Village West,Week5,Rolling Forest,Week5,255.0 Rolling Forest - 147.0 Village West
Village West,Week1,Springfield,Week1,327.0 Village West - 71.0 Springfield
Village West,Week4,Commonwealth,Week5,208.0 Commonwealth - 189.0 Village West
Village West,Week1,Cottontail,Week4,247.0 Cottontail - 155.0 Village West
Village West,Week5,Great Falls,Week2,240.0 Great Falls - 144.0 Village West
Village West,Week2,Cottontail,Week1,257.0 Cottontail - 145.0 Village West
Village West,Week2,Lakevale Estates,Week1,314.0 Lakevale Estates - 88.0 Village West
Village West,Week5,Great Falls,Week1,228.0 Great Falls - 173.0 Village West
Village West,Week2,Cottontail,Week5,272.0 Cottontail - 130.0 Village West
Village West,Week4,Rolling Hills,Week2,246.0 Rolling Hills - 151.0 Village West
Village West,Week4,Country Club Hills,Week1,247.0 Country Club Hills - 150.0 Village West
Village West,Week4,Lakevale Estates,Week5,323.0 Lakevale Estates - 74.0 Village West
Village West,Week2,Greenbriar,Week3,263.0 Greenbriar - 139.0 Village West
Village West,Week3,Country Club Hills,Week1,240.0 Country Club Hills - 162.0 Village West
Village West,Week4,Greenbriar,Week3,265.0 Greenbriar - 132.0 Village West
Village West,Week4,Greenbriar,Week2,274.0 Greenbriar - 123.0 Village West
Village West,Week1,Lakevale Estates,Week2,313.0 Lakevale Estates - 89.0 Village West
Village West,Week5,Rolling Hills,Week5,246.0 Rolling Hills - 156.0 Village West
Village West,Week1,Lakeview,Week2,244.0 Village West - 158.0 Lakeview
Village West,Week2,Cottontail,Week4,242.0 Cottontail - 160.0 Village West
Village West,Week2,Rolling Hills,Week2,256.0 Rolling Hills - 146.0 Village West
Village West,Week2,Springboard,Week2,228.0 Village West - 170.0 Springboard
Village West,Week1,Springboard,Week3,203.0 Village West - 195.0 Springboard
Village West,Week3,Lakevale Estates,Week2,284.0 Lakevale Estates - 118.0 Village West
Village West,Week2,Greenbriar,Week1,265.0 Greenbriar - 137.0 Village West
Village West,Week5,Great Falls,Week5,257.0 Great Falls - 140.0 Village West
Village West,Week3,Greenbriar,Week3,258.0 Greenbriar - 144.0 Village West
Village West,Week2,Springboard,Week3,202.0 Springboard - 196.0 Village West
Village West,Week4,Lakevale Estates,Week2,302.0 Lakevale Estates - 95.0 Village West
Village West,Week1,Lakeview,Week1,255.0 Village West - 147.0 Lakeview
Village West,Week4,Lakevale Estates,Week3,296.0 Lakevale Estates - 101.0 Village West
Village West,Week2,Lakevale Estates,Week2,312.0 Lakevale Estates - 90.0 Village West
Village West,Week2,Country Club Hills,Week4,251.0 Country Club Hills - 151.0 Village West
Village West,Week2,Greenbriar,Week4,255.0 Greenbriar - 147.0 Village West
Village West,Week5,Rolling Hills,Week4,218.0 Rolling Hills - 180.0 Village West
Village West,Week1,Greenbriar,Week5,280.0 Greenbriar - 122.0 Village West
Village West,Week5,South Run,Week3,249.0 South Run - 152.0 Village West
Village West,Week3,Greenbriar,Week2,269.0 Greenbriar - 133.0 Village West
Village West,Week2,Lakevale Estates,Week3,309.0 Lakevale Estates - 93.0 Village West
Village West,Week1,Country Club Hills,Week3,259.0 Country Club Hills - 143.0 Village West
Village West,Week1,Springboard,Week2,229.0 Village West - 168.0 Springboard
Village West,Week5,Lakevale Estates,Week5,328.5 Lakevale Estates - 73.5 Village West
Village West,Week1,Cottontail,Week5,272.0 Cottontail - 130.0 Village West
Village West,Week3,Rolling Hills,Week4,211.0 Rolling Hills - 190.0 Village West
Village West,Week2,Cottontail,Week2,251.0 Cottontail - 151.0 Village West
Village West,Week3,Rolling Hills,Week2,226.0 Rolling Hills - 176.0 Village West
Village West,Week2,Springboard,Week5,199.0 Springboard - 199.0 Village West
Village West,Week5,South Run,Week2,233.0 South Run - 163.0 Village West
Village West,Week1,Springboard,Week4,201.0 Village West - 199.0 Springboard
Village West,Week4,Rolling Hills,Week3,234.0 Rolling Hills - 163.0 Village West
Village West,Week2,Rolling Hills,Week3,228.0 Rolling Hills - 174.0 Village West
Village West,Week4,Greenbriar,Week1,258.0 Greenbriar - 139.0 Village West
Village West,Week3,Rolling Hills,Week1,220.0 Rolling Hills - 182.0 Village West
Village West,Week2,Rolling Hills,Week4,237.0 Rolling Hills - 161.0 Village West
Village West,Week2,Springboard,Week1,212.0 Village West - 186.0 Springboard
Village West,Week2,Country Club Hills,Week2,245.0 Country Club Hills - 157.0 Village West
Village West,Week2,Springboard,Week4,203.0 Village West - 198.0 Springboard
Village West,Week4,Greenbriar,Week5,270.0 Greenbriar - 127.0 Village West
Village West,Week3,Rolling Hills,Week3,210.0 Rolling Hills - 192.0 Village West
Village West,Week1,Rolling Hills,Week5,229.0 Rolling Hills - 173.0 Village West
Village West,Week5,Lakevale Estates,Week2,301.0 Lakevale Estates - 101.0 Village West
Village West,Week4,Rolling Hills,Week5,233.0 Rolling Hills - 164.0 Village West
Village West,Week3,Country Club Hills,Week2,237.0 Country Club Hills - 165.0 Village West
Village West,Week5,Cottontail,Week5,262.5 Cottontail - 139.5 Village West
Village West,Week1,Lakeview,Week3,220.0 Village West - 182.0 Lakeview
Village West,Week3,Springboard,Week5,210.0 Village West - 191.0 Springboard
Village West,Week3,Springboard,Week1,216.0 Village West - 185.0 Springboard
Village West,Week5,Cottontail,Week2,252.0 Cottontail - 150.0 Village West
Village West,Week3,Lakevale Estates,Week4,309.0 Lakevale Estates - 93.0 Village West
Village West,Week2,Greenbriar,Week5,267.0 Greenbriar - 135.0 Village West
Village West,Week4,Country Club Hills,Week4,252.0 Country Club Hills - 145.0 Village West
Village West,Week4,South Run,Week3,251.0 South Run - 145.0 Village West
Village West,Week3,Springboard,Week3,217.0 Village West - 184.0 Springboard
Village West,Week4,Greenbriar,Week4,259.0 Greenbriar - 138.0 Village West
Village West,Week3,Greenbriar,Week5,252.0 Greenbriar - 150.0 Village West
Village West,Week2,Country Club Hills,Week1,245.0 Country Club Hills - 157.0 Village West
Village West,Week2,Rolling Hills,Week5,243.0 Rolling Hills - 159.0 Village West
Village West,Week1,Greenbriar,Week1,281.0 Greenbriar - 121.0 Village West
Village West,Week3,Lakevale Estates,Week3,288.0 Lakevale Estates - 114.0 Village West
Village West,Week5,Lakevale Estates,Week3,302.0 Lakevale Estates - 100.0 Village West
Village West,Week5,Great Falls,Week4,232.0 Great Falls - 168.0 Village West
Village West,Week1,Rolling Hills,Week3,232.0 Rolling Hills - 170.0 Village West
Village West,Week4,Springboard,Week4,205.0 Springboard - 191.0 Village West
Village West,Week3,Cottontail,Week2,228.0 Cottontail - 174.0 Village West
Village West,Week1,Lakeview,Week4,209.0 Village West - 193.0 Lakeview
Village West,Week2,Lakeview,Week1,245.0 Village West - 157.0 Lakeview
Village West,Week5,Rolling Hills,Week3,230.0 Rolling Hills - 172.0 Village West
Village West,Week4,Springboard,Week2,226.0 Village West - 167.0 Springboard
Village West,Week3,Country Club Hills,Week4,223.0 Country Club Hills - 179.0 Village West
Village West,Week5,Greenbriar,Week2,284.0 Greenbriar - 118.0 Village West
Village West,Week1,Greenbriar,Week2,293.0 Greenbriar - 109.0 Village West
Village West,Week5,Rolling Hills,Week1,236.0 Rolling Hills - 165.0 Village West
Village West,Week3,Cottontail,Week5,250.0 Cottontail - 152.0 Village West
Village West,Week5,Greenbriar,Week3,277.0 Greenbriar - 125.0 Village West
Village West,Week1,Springboard,Week5,201.0 Village West - 197.0 Springboard
Village West,Week3,Greenbriar,Week4,239.0 Greenbriar - 163.0 Village West
Village West,Week3,Country Club Hills,Week3,231.0 Country Club Hills - 171.0 Village West
Village West,Week4,South Run,Week5,277.0 South Run - 120.0 Village West
Village West,Week4,Springboard,Week5,215.0 Springboard - 178.0 Village West
Village West,Week4,Rolling Hills,Week4,231.0 Rolling Hills - 162.0 Village West
Village West,Week3,Springboard,Week2,252.0 Village West - 149.0 Springboard
Village West,Week1,Rolling Hills,Week4,224.5 Rolling Hills - 173.5 Village West
Village West,Week5,Rolling Hills,Week2,239.0 Rolling Hills - 158.0 Village West
Village West,Week5,Lakevale Estates,Week4,317.0 Lakevale Estates - 85.0 Village West
Village West,Week2,Lakeview,Week2,245.0 Village West - 157.0 Lakeview
Village West,Week1,Country Club Hills,Week1,255.0 Country Club Hills - 147.0 Village West
Village West,Week4,Lakevale Estates,Week1,301.5 Lakevale Estates - 95.5 Village West
Village West,Week4,Cottontail,Week2,238.0 Cottontail - 159.0 Village West
Village West,Week5,Springboard,Week4,208.0 Village West - 193.0 Springboard
Village West,Week3,Rolling Valley,Week1,267.0 Village West - 135.0 Rolling Valley
Village West,Week5,Springboard,Week1,206.0 Village West - 192.0 Springboard
Village West,Week2,Rolling Valley,Week2,214.0 Village West - 188.0 Rolling Valley
Village West,Week5,Springboard,Week5,206.0 Village West - 192.0 Springboard
Village West,Week1,Hayfield Farm,Week3,284.0 Hayfield Farm - 118.0 Village West
Village West,Week3,Rolling Valley,Week2,235.0 Village West - 167.0 Rolling Valley
Village West,Week1,Rutherford,Week5,222.0 Rutherford - 179.0 Village West
Village West,Week2,Springfield,Week4,312.0 Village West - 84.0 Springfield
Village West,Week5,Rolling Valley,Week1,261.0 Village West - 141.0 Rolling Valley
Village West,Week4,Cottontail,Week5,250.0 Cottontail - 147.0 Village West
Village West,Week3,Rolling Hills,Week5,225.0 Rolling Hills - 177.0 Village West
Village West,Week1,Lakeview,Week5,210.0 Village West - 183.0 Lakeview
Village West,Week5,Greenbriar,Week1,266.0 Greenbriar - 136.0 Village West
Village West,Week2,Lakeview,Week5,216.0 Village West - 177.0 Lakeview
Village West,Week1,Country Club Hills,Week2,250.0 Country Club Hills - 152.0 Village West
Village West,Week5,Cottontail,Week1,266.0 Cottontail - 136.0 Village West
Village West,Week1,Hamlet,Week1,335.0 Hamlet - 66.0 Village West
Village West,Week3,Greenbriar,Week1,246.0 Greenbriar - 156.0 Village West
Village West,Week1,Greenbriar,Week3,285.0 Greenbriar - 117.0 Village West
Village West,Week4,Cottontail,Week3,223.0 Cottontail - 174.0 Village West
Village West,Week5,Springboard,Week3,204.0 Village West - 194.0 Springboard
Village West,Week2,Lakeview,Week3,226.0 Village West - 176.0 Lakeview
Village West,Week2,Greenbriar,Week2,274.0 Greenbriar - 128.0 Village West
Village West,Week2,Langley,Week3,308.0 Langley - 94.0 Village West
Village West,Week3,Hamlet,Week4,315.0 Hamlet - 87.0 Village West
Village West,Week1,Country Club Hills,Week5,276.0 Country Club Hills - 126.0 Village West
Village West,Week2,Lakeview,Week4,208.0 Village West - 194.0 Lakeview
Village West,Week4,Cottontail,Week4,224.0 Cottontail - 173.0 Village West
Village West,Week2,Hamlet,Week4,323.0 Hamlet - 79.0 Village West
Village West,Week3,Springfield,Week4,317.0 Village West - 80.0 Springfield
Village West,Week5,Springfield,Week2,327.0 Village West - 67.0 Springfield
Village West,Week3,Lakevale Estates,Week5,312.0 Lakevale Estates - 90.0 Village West
Village West,Week3,Cottontail,Week3,219.0 Cottontail - 183.0 Village West
Village West,Week3,Springfield,Week2,337.0 Village West - 59.0 Springfield
Village West,Week2,Rolling Valley,Week3,216.0 Village West - 186.0 Rolling Valley
Village West,Week1,Greenbriar,Week4,274.0 Greenbriar - 128.0 Village West
Village West,Week4,Hamlet,Week5,354.0 Hamlet - 43.0 Village West
Village West,Week3,Lakevale Estates,Week1,296.0 Lakevale Estates - 106.0 Village West
Village West,Week5,Lakevale Estates,Week1,306.0 Lakevale Estates - 96.0 Village West
Village West,Week1,Rolling Valley,Week2,211.0 Village West - 191.0 Rolling Valley
Village West,Week2,Springfield,Week3,335.0 Village West - 60.0 Springfield
Village West,Week3,Lakeview,Week4,213.0 Village West - 188.0 Lakeview
Village West,Week1,Rutherford,Week2,203.0 Rutherford - 198.0 Village West
Village West,Week4,Lakevale Estates,Week4,318.0 Lakevale Estates - 79.0 Village West
Village West,Week5,Cottontail,Week3,234.0 Cottontail - 168.0 Village West
Village West,Week3,Cottontail,Week4,222.0 Cottontail - 180.0 Village West
Village West,Week1,Rolling Valley,Week3,213.0 Village West - 189.0 Rolling Valley
Village West,Week4,Cottontail,Week1,249.0 Cottontail - 148.0 Village West
Village West,Week4,Virginia Run,Week5,298.0 Virginia Run - 99.0 Village West
Village West,Week1,Springfield,Week5,337.0 Village West - 61.0 Springfield
Village West,Week3,Springfield,Week1,334.0 Village West - 59.0 Springfield
Village West,Week2,Springfield,Week2,339.0 Village West - 58.0 Springfield
Village West,Week2,Springfield,Week1,322.0 Village West - 73.0 Springfield
Village West,Week5,Virginia Run,Week3,285.0 Virginia Run - 117.0 Village West
Village West,Week1,Rolling Valley,Week4,205.0 Village West - 197.0 Rolling Valley
Village West,Week1,Country Club Hills,Week4,255.0 Country Club Hills - 147.0 Village West
Village West,Week5,Virginia Run,Week5,308.0 Virginia Run - 94.0 Village West
Village West,Week3,Hamlet,Week3,323.0 Hamlet - 79.0 Village West
Village West,Week2,Country Club Hills,Week3,260.0 Country Club Hills - 142.0 Village West
Village West,Week2,Country Club Hills,Week5,270.0 Country Club Hills - 132.0 Village West
Village West,Week4,Rolling Valley,Week3,215.0 Village West - 182.0 Rolling Valley
Village West,Week5,Greenbriar,Week5,280.0 Greenbriar - 122.0 Village West
Village West,Week2,Springfield,Week5,337.0 Village West - 58.0 Springfield
Village West,Week1,Rutherford,Week1,202.0 Village West - 198.0 Rutherford
Village West,Week2,Virginia Run,Week5,307.0 Virginia Run - 95.0 Village West
Village West,Week4,Hamlet,Week2,346.0 Hamlet - 51.0 Village West
Village West,Week3,Lakeview,Week2,252.0 Village West - 149.0 Lakeview
Village West,Week5,Lakeview,Week3,228.0 Village West - 173.0 Lakeview
Village West,Week4,Lakeview,Week1,249.0 Village West - 148.0 Lakeview
Village West,Week2,Rolling Valley,Week4,207.0 Village West - 195.0 Rolling Valley
Village West,Week1,Langley,Week4,313.0 Langley - 89.0 Village West
Village West,Week4,Lakeview,Week4,203.0 Village West - 193.0 Lakeview
Village West,Week4,Rolling Valley,Week1,253.0 Village West - 143.0 Rolling Valley
Village West,Week1,Hamlet,Week3,348.0 Hamlet - 54.0 Village West
Village West,Week5,Cottontail,Week4,232.5 Cottontail - 169.5 Village West
Village West,Week4,Hamlet,Week4,330.0 Hamlet - 67.0 Village West
Village West,Week4,Langley,Week1,316.0 Langley - 81.0 Village West
Village West,Week1,Rolling Valley,Week5,206.0 Village West - 196.0 Rolling Valley
Village West,Week4,Country Club Hills,Week2,243.0 Country Club Hills - 154.0 Village West
Village West,Week5,Greenbriar,Week4,259.0 Greenbriar - 143.0 Village West
Village West,Week3,Country Club Hills,Week5,244.0 Country Club Hills - 158.0 Village West
Village West,Week4,Springfield,Week4,304.0 Village West - 91.0 Springfield
Village West,Week5,Lakeview,Week4,207.5 Village West - 193.5 Lakeview
Village West,Week2,Langley,Week2,307.0 Langley - 95.0 Village West
Village West,Week2,Hamlet,Week3,339.0 Hamlet - 62.0 Village West
Village West,Week4,Virginia Run,Week3,284.0 Virginia Run - 113.0 Village West
Village West,Week5,Rolling Valley,Week5,222.0 Village West - 180.0 Rolling Valley
Village West,Week1,Hamlet,Week2,354.0 Hamlet - 48.0 Village West
Village West,Week3,Rolling Valley,Week3,239.0 Village West - 163.0 Rolling Valley
Village West,Week2,Langley,Week1,315.0 Langley - 87.0 Village West
Village West,Week4,Country Club Hills,Week3,243.0 Country Club Hills - 154.0 Village West
Village West,Week5,Virginia Hills,Week3,284.0 Village West - 118.0 Virginia Hills
Village West,Week1,Stratford,Week1,207.0 Village West - 193.0 Stratford
Village West,Week3,Hamlet,Week1,320.0 Hamlet - 82.0 Village West
Village West,Week3,Springfield,Week5,346.5 Village West - 44.5 Springfield
Village West,Week1,Rutherford,Week3,212.0 Rutherford - 189.0 Village West
Village West,Week1,Crosspointe,Week5,328.0 Crosspointe - 74.0 Village West
Village West,Week4,Springfield,Week2,327.0 Village West - 65.0 Springfield
Village West,Week1,Virginia Run,Week5,315.0 Virginia Run - 87.0 Village West
Village West,Week5,Springfield,Week3,329.0 Village West - 57.0 Springfield
Village West,Week4,Springfield,Week1,327.0 Village West - 63.0 Springfield
Village West,Week3,Hamlet,Week2,327.0 Hamlet - 75.0 Village West
Village West,Week5,Hamlet,Week1,334.0 Hamlet - 67.0 Village West
Village West,Week1,Virginia Run,Week2,285.0 Virginia Run - 117.0 Village West
Village West,Week3,Springfield,Week3,340.0 Village West - 55.0 Springfield
Village West,Week5,Springfield,Week1,324.0 Village West - 67.0 Springfield
Village West,Week3,Virginia Run,Week2,258.0 Virginia Run - 144.0 Village West
Village West,Week5,Virginia Hills,Week5,263.0 Village West - 139.0 Virginia Hills
Village West,Week4,Crosspointe,Week5,327.0 Crosspointe - 70.0 Village West
Village West,Week2,Virginia Run,Week4,297.0 Virginia Run - 105.0 Village West
Village West,Week5,Country Club Hills,Week5,271.0 Country Club Hills - 131.0 Village West
Village West,Week4,Rolling Valley,Week5,216.0 Village West - 181.0 Rolling Valley
Village West,Week2,Virginia Run,Week1,298.0 Virginia Run - 104.0 Village West
Village West,Week2,Hamlet,Week2,349.0 Hamlet - 53.0 Village West
Village West,Week2,Rolling Valley,Week1,252.0 Village West - 150.0 Rolling Valley
Village West,Week2,Hamlet,Week5,358.0 Hamlet - 44.0 Village West
Village West,Week5,Lakeview,Week5,219.0 Village West - 172.0 Lakeview
Village West,Week3,Rolling Valley,Week4,225.0 Village West - 177.0 Rolling Valley
Village West,Week4,Hamlet,Week1,334.0 Hamlet - 62.0 Village West
Village West,Week1,Langley,Week1,325.0 Langley - 77.0 Village West
Village West,Week1,Rolling Valley,Week1,254.0 Village West - 148.0 Rolling Valley
Village West,Week1,Springfield,Week2,330.0 Village West - 68.0 Springfield
Village West,Week2,Virginia Run,Week3,287.0 Virginia Run - 115.0 Village West
Village West,Week3,Rolling Valley,Week5,241.0 Village West - 161.0 Rolling Valley
Village West,Week3,Langley,Week2,286.0 Langley - 116.0 Village West
Village West,Week5,Lakeview,Week1,250.0 Village West - 151.0 Lakeview
Village West,Week2,Rolling Valley,Week5,208.0 Village West - 194.0 Rolling Valley
Village West,Week2,Virginia Run,Week2,290.0 Virginia Run - 112.0 Village West
Village West,Week1,Crosspointe,Week4,320.0 Crosspointe - 82.0 Village West
Village West,Week2,Crosspointe,Week2,311.0 Crosspointe - 91.0 Village West
Village West,Week2,Crosspointe,Week3,318.0 Crosspointe - 84.0 Village West
Village West,Week5,Hamlet,Week4,319.0 Hamlet - 83.0 Village West
Village West,Week4,Lakeview,Week5,224.0 Village West - 164.0 Lakeview
Village West,Week3,Crosspointe,Week1,314.0 Crosspointe - 88.0 Village West
Village West,Week4,Hamlet,Week3,341.0 Hamlet - 56.0 Village West
Village West,Week1,Laurel Hill,Week2,231.0 Village West - 171.0 Laurel Hill
Village West,Week4,Springfield,Week3,323.0 Village West - 64.0 Springfield
Village West,Week5,Crosspointe,Week4,306.0 Crosspointe - 96.0 Village West
Village West,Week4,Springfield,Week5,334.0 Village West - 57.0 Springfield
Village West,Week1,Laurel Hill,Week4,207.0 Village West - 195.0 Laurel Hill
Village West,Week4,Rolling Valley,Week2,226.0 Village West - 171.0 Rolling Valley
Village West,Week3,Virginia Run,Week1,276.0 Virginia Run - 126.0 Village West
Village West,Week4,Rolling Valley,Week4,226.0 Village West - 171.0 Rolling Valley
Village West,Week1,Crosspointe,Week2,311.0 Crosspointe - 91.0 Village West
Village West,Week1,Springfield,Week4,311.0 Village West - 89.0 Springfield
Village West,Week5,Langley,Week3,303.0 Langley - 99.0 Village West
Village West,Week1,Hamlet,Week4,326.0 Hamlet - 76.0 Village West
Village West,Week1,Rutherford,Week4,217.0 Rutherford - 185.0 Village West
Village West,Week2,Crosspointe,Week4,319.0 Crosspointe - 83.0 Village West
Village West,Week1,Stratford,Week2,226.0 Stratford - 176.0 Village West
Village West,Week4,Virginia Run,Week2,281.0 Virginia Run - 116.0 Village West
Village West,Week5,Country Club Hills,Week4,237.0 Country Club Hills - 165.0 Village West
Village West,Week1,Hamlet,Week5,354.0 Hamlet - 48.0 Village West
Village West,Week5,Rolling Valley,Week3,223.0 Village West - 179.0 Rolling Valley
Village West,Week1,Langley,Week2,307.0 Langley - 95.0 Village West
Village West,Week1,Crosspointe,Week3,316.0 Crosspointe - 86.0 Village West
Village West,Week3,Lakeview,Week1,259.0 Village West - 142.0 Lakeview
Village West,Week5,Virginia Hills,Week2,285.0 Village West - 115.0 Virginia Hills
Village West,Week1,Virginia Run,Week3,292.0 Virginia Run - 110.0 Village West
Village West,Week5,Virginia Hills,Week4,287.0 Village West - 114.0 Virginia Hills
Village West,Week1,Stratford,Week4,250.0 Stratford - 152.0 Village West
Village West,Week1,Hayfield Farm,Week1,276.0 Hayfield Farm - 126.0 Village West
Village West,Week4,Lakeview,Week2,222.0 Village West - 175.0 Lakeview
Village West,Week2,Hamlet,Week1,335.0 Hamlet - 66.0 Village West
Village West,Week5,Rolling Valley,Week4,216.0 Village West - 186.0 Rolling Valley
Village West,Week5,Springfield,Week5,340.0 Village West - 52.0 Springfield
Village West,Week3,Hamlet,Week5,351.0 Hamlet - 51.0 Village West
Village West,Week4,Lakeview,Week3,220.0 Village West - 176.0 Lakeview
Village West,Week1,Springfield,Week3,336.0 Village West - 59.0 Springfield
Village West,Week3,Crosspointe,Week2,289.5 Crosspointe - 112.5 Village West
Village West,Week5,Rolling Valley,Week2,230.0 Village West - 172.0 Rolling Valley
Village West,Week1,Stratford,Week3,239.0 Stratford - 163.0 Village West
Village West,Week2,Crosspointe,Week5,327.5 Crosspointe - 74.5 Village West
Village West,Week5,Hamlet,Week3,342.0 Hamlet - 60.0 Village West
Village West,Week5,Virginia Hills,Week1,279.0 Village West - 122.0 Virginia Hills
Village West,Week3,Lakeview,Week5,224.0 Village West - 168.0 Lakeview
Village West,Week3,Virginia Run,Week3,259.0 Virginia Run - 143.0 Village West
Village West,Week3,Canterbury Woods,Week1,203.0 Canterbury Woods - 199.0 Village West
Village West,Week1,Shouse Village,Week4,274.0 Shouse Village - 127.0 Village West
Village West,Week3,Lakeview,Week3,245.0 Village West - 156.0 Lakeview
Village West,Week3,Crosspointe,Week5,315.0 Crosspointe - 87.0 Village West
Village West,Week1,Canterbury Woods,Week1,223.0 Canterbury Woods - 179.0 Village West
Village West,Week1,Langley,Week5,299.5 Langley - 102.5 Village West
Village West,Week3,Virginia Run,Week5,289.0 Virginia Run - 113.0 Village West
Village West,Week1,Stratford,Week5,244.0 Stratford - 158.0 Village West
Village West,Week3,Virginia Run,Week4,274.0 Virginia Run - 128.0 Village West
Village West,Week5,Crosspointe,Week1,325.0 Crosspointe - 77.0 Village West
Village West,Week1,Crosspointe,Week1,322.0 Crosspointe - 80.0 Village West
Village West,Week4,Rutherford,Week3,203.0 Rutherford - 193.0 Village West
Village West,Week1,Langley,Week3,314.0 Langley - 88.0 Village West
Village West,Week5,Springfield,Week4,320.0 Village West - 76.0 Springfield
Village West,Week4,Rutherford,Week4,214.0 Rutherford - 183.0 Village West
Village West,Week2,Canterbury Woods,Week3,241.0 Canterbury Woods - 161.0 Village West
Village West,Week2,Stratford,Week1,205.0 Village West - 196.0 Stratford
Village West,Week5,Hamlet,Week2,348.0 Hamlet - 54.0 Village West
Village West,Week1,Virginia Run,Week1,313.0 Virginia Run - 89.0 Village West
Village West,Week1,Shouse Village,Week1,252.0 Shouse Village - 150.0 Village West
Village West,Week1,Hayfield Farm,Week2,277.0 Hayfield Farm - 125.0 Village West
Village West,Week5,Hamlet,Week5,356.0 Hamlet - 46.0 Village West
Villa Aquatic,Week3,Sully Station II,Week3,271.0 Sully Station II - 131.0 Villa Aquatic
Village West,Week5,Camelot,Week5,239.0 Camelot - 163.0 Village West
Village West,Week3,Stratford,Week4,222.0 Stratford - 180.0 Village West
Village West,Week3,Langley,Week3,298.0 Langley - 104.0 Village West
Village West,Week4,Camelot,Week5,234.0 Camelot - 163.0 Village West
Village West,Week3,Shouse Village,Week3,244.5 Shouse Village - 157.5 Village West
Villa Aquatic,Week5,Sully Station II,Week5,286.0 Sully Station II - 116.0 Villa Aquatic
Village West,Week2,Crosspointe,Week1,325.0 Crosspointe - 77.0 Village West
Village West,Week2,Camelot,Week5,238.0 Camelot - 163.0 Village West
Village West,Week5,Rutherford,Week1,211.0 Village West - 190.0 Rutherford
Villa Aquatic,Week3,Truro,Week2,294.0 Villa Aquatic - 108.0 Truro
Village West,Week2,Hayfield Farm,Week5,268.0 Hayfield Farm - 134.0 Village West
Village West,Week4,Crosspointe,Week3,310.0 Crosspointe - 87.0 Village West
Village West,Week2,Canterbury Woods,Week4,242.0 Canterbury Woods - 160.0 Village West
Village West,Week4,Virginia Run,Week4,290.0 Virginia Run - 107.0 Village West
Village West,Week5,Hayfield Farm,Week4,268.0 Hayfield Farm - 134.0 Village West
Village West,Week5,Crosspointe,Week3,318.0 Crosspointe - 79.0 Village West
Village West,Week1,Herndon,Week4,244.0 Village West - 158.0 Herndon
Village West,Week1,Virginia Run,Week4,308.0 Virginia Run - 94.0 Village West
Village West,Week2,Hayfield Farm,Week2,280.0 Hayfield Farm - 122.0 Village West
Village West,Week4,Virginia Run,Week1,297.0 Virginia Run - 100.0 Village West
Village West,Week3,Langley,Week1,295.0 Langley - 107.0 Village West
Village West,Week5,Stratford,Week3,233.0 Stratford - 168.0 Village West
Village West,Week2,Langley,Week4,308.0 Langley - 94.0 Village West
Village West,Week2,Rutherford,Week3,205.0 Rutherford - 196.0 Village West
Village West,Week3,Stratford,Week3,207.0 Stratford - 195.0 Village West
Village West,Week5,Lakeview,Week2,247.0 Village West - 154.0 Lakeview
Village West,Week3,Camelot,Week5,225.0 Camelot - 177.0 Village West
Villa Aquatic,Week1,Truro,Week1,227.0 Villa Aquatic - 175.0 Truro
Village West,Week2,Langley,Week5,297.0 Langley - 105.0 Village West
Village West,Week5,Country Club Hills,Week3,248.0 Country Club Hills - 154.0 Village West
Village West,Week1,Canterbury Woods,Week3,232.0 Canterbury Woods - 170.0 Village West
Village West,Week5,Virginia Run,Week2,274.0 Virginia Run - 128.0 Village West
Village West,Week2,Sully Station,Week4,314.0 Sully Station - 88.0 Village West
Village West,Week4,Country Club Hills,Week5,267.0 Country Club Hills - 130.0 Village West
Village West,Week3,Rutherford,Week3,212.0 Village West - 190.0 Rutherford
Village West,Week5,Country Club Hills,Week2,251.0 Country Club Hills - 151.0 Village West
Village West,Week5,Virginia Run,Week4,292.5 Virginia Run - 109.5 Village West
Village West,Week2,Herndon,Week3,247.0 Village West - 154.0 Herndon
Village West,Week3,Langley,Week4,298.0 Langley - 104.0 Village West
Village West,Week5,Virginia Run,Week1,300.0 Virginia Run - 102.0 Village West
Villa Aquatic,Week2,Truro,Week4,224.0 Villa Aquatic - 178.0 Truro
Village West,Week2,Sully Station,Week1,310.5 Sully Station - 91.5 Village West
Village West,Week1,Shouse Village,Week2,246.0 Shouse Village - 156.0 Village West
Village West,Week2,Herndon,Week1,248.0 Village West - 151.0 Herndon
Village West,Week4,Stratford,Week2,206.0 Stratford - 191.0 Village West
Village West,Week2,Shouse Village,Week4,278.0 Shouse Village - 124.0 Village West
Villa Aquatic,Week3,Hunt Valley,Week2,253.0 Hunt Valley - 149.0 Villa Aquatic
Village West,Week2,Shouse Village,Week1,252.0 Shouse Village - 150.0 Village West
Village West,Week3,Camelot,Week1,219.0 Camelot - 183.0 Village West
Village West,Week4,Crosspointe,Week2,295.0 Crosspointe - 102.0 Village West
Villa Aquatic,Week2,Sully Station II,Week3,299.0 Sully Station II - 103.0 Villa Aquatic
Village West,Week3,Stratford,Week5,211.5 Stratford - 190.5 Village West
Village West,Week3,Langley,Week5,292.0 Langley - 110.0 Village West
Village West,Week3,Hayfield Farm,Week5,248.0 Hayfield Farm - 154.0 Village West
Village West,Week4,Canterbury Woods,Week4,236.0 Canterbury Woods - 161.0 Village West
Village West,Week3,Crosspointe,Week4,292.0 Crosspointe - 110.0 Village West
Village West,Week4,Hayfield Farm,Week2,265.0 Hayfield Farm - 132.0 Village West
Village West,Week4,Langley,Week3,307.0 Langley - 90.0 Village West
Villa Aquatic,Week5,Sully Station II,Week2,256.0 Sully Station II - 146.0 Villa Aquatic
Village West,Week3,Camelot,Week2,220.0 Camelot - 182.0 Village West
Village West,Week5,Rutherford,Week3,202.0 Village West - 199.0 Rutherford
Village West,Week4,Stratford,Week3,235.0 Stratford - 162.0 Village West
Village West,Week5,Country Club Hills,Week1,244.0 Country Club Hills - 158.0 Village West
Village West,Week4,Wakefield Chapel,Week4,317.0 Wakefield Chapel - 80.0 Village West
Villa Aquatic,Week2,Hunter Mill,Week2,258.0 Hunter Mill - 144.0 Villa Aquatic
Village West,Week3,Sully Station,Week3,290.0 Sully Station - 112.0 Village West
Village West,Week1,Walden Glen,Week3,246.0 Walden Glen - 155.0 Village West
Villa Aquatic,Week3,Hunter Mill,Week2,236.0 Hunter Mill - 166.0 Villa Aquatic
Villa Aquatic,Week2,Hunter Mill,Week5,282.0 Hunter Mill - 120.0 Villa Aquatic
Village West,Week4,Langley,Week2,297.0 Langley - 100.0 Village West
Villa Aquatic,Week1,Hunter Mill,Week2,257.0 Hunter Mill - 145.0 Villa Aquatic
Village West,Week5,Hayfield Farm,Week2,273.0 Hayfield Farm - 129.0 Village West
Village West,Week5,Rutherford,Week2,216.0 Village West - 185.0 Rutherford
Villa Aquatic,Week1,Truro,Week3,243.0 Villa Aquatic - 159.0 Truro
Village West,Week2,Wakefield Chapel,Week4,328.0 Wakefield Chapel - 74.0 Village West
Village West,Week3,Sully Station,Week5,298.5 Sully Station - 103.5 Village West
Village West,Week4,Langley,Week5,302.0 Langley - 95.0 Village West
Village West,Week1,Herndon,Week2,246.0 Village West - 156.0 Herndon
Village West,Week1,Sully Station,Week4,312.0 Sully Station - 90.0 Village West
Village West,Week5,Langley,Week1,317.0 Langley - 85.0 Village West
Villa Aquatic,Week3,Sully Station II,Week5,284.0 Sully Station II - 118.0 Villa Aquatic
Village West,Week4,Crosspointe,Week4,310.0 Crosspointe - 87.0 Village West
Villa Aquatic,Week3,Sully Station II,Week1,242.0 Sully Station II - 160.0 Villa Aquatic
Village West,Week4,Crosspointe,Week1,325.0 Crosspointe - 72.0 Village West
Village West,Week4,Hayfield Farm,Week4,267.0 Hayfield Farm - 130.0 Village West
Villa Aquatic,Week4,Truro,Week4,249.0 Villa Aquatic - 153.0 Truro
Village West,Week4,Langley,Week4,306.0 Langley - 91.0 Village West
Village West,Week1,Canterbury Woods,Week4,247.0 Canterbury Woods - 155.0 Village West
Village West,Week1,Walden Glen,Week5,259.0 Walden Glen - 141.0 Village West
Village West,Week4,Camelot,Week4,245.5 Camelot - 151.5 Village West
Villa Aquatic,Week4,Hunt Valley,Week2,275.0 Hunt Valley - 127.0 Villa Aquatic
Villa Aquatic,Week2,Hunt Valley,Week4,303.0 Hunt Valley - 99.0 Villa Aquatic
Village West,Week5,Camelot,Week1,234.0 Camelot - 168.0 Village West
Village West,Week1,Hayfield Farm,Week5,264.0 Hayfield Farm - 138.0 Village West
Village West,Week4,Stratford,Week4,245.0 Stratford - 152.0 Village West
Village West,Week3,Rutherford,Week4,211.0 Village West - 191.0 Rutherford
Village West,Week3,Rutherford,Week2,234.0 Village West - 168.0 Rutherford
Village West,Week3,Crosspointe,Week3,301.0 Crosspointe - 101.0 Village West
Village West,Week2,Wakefield Chapel,Week1,336.0 Wakefield Chapel - 66.0 Village West
Villa Aquatic,Week4,Hunt Valley,Week4,285.5 Hunt Valley - 116.5 Villa Aquatic
Village West,Week5,Rutherford,Week5,212.0 Rutherford - 189.0 Village West
Villa Aquatic,Week5,Hunt Valley,Week1,246.0 Hunt Valley - 156.0 Villa Aquatic
Village West,Week1,Wakefield Chapel,Week2,335.5 Wakefield Chapel - 66.5 Village West
Village West,Week5,Crosspointe,Week5,329.0 Crosspointe - 73.0 Village West
Village West,Week2,Rutherford,Week4,217.0 Rutherford - 185.0 Village West
Village West,Week4,Camelot,Week2,227.0 Camelot - 169.0 Village West
Village West,Week1,Wakefield Chapel,Week5,342.0 Wakefield Chapel - 60.0 Village West
Village West,Week2,Herndon,Week2,253.0 Village West - 148.0 Herndon
Village West,Week4,Hayfield Farm,Week3,269.0 Hayfield Farm - 128.0 Village West
Village West,Week1,Wakefield Chapel,Week1,333.0 Wakefield Chapel - 69.0 Village West
Village West,Week1,Canterbury Woods,Week5,223.0 Canterbury Woods - 175.0 Village West
Villa Aquatic,Week2,Sully Station II,Week5,303.0 Sully Station II - 99.0 Villa Aquatic
Villa Aquatic,Week3,Sully Station II,Week4,226.0 Sully Station II - 176.0 Villa Aquatic
Villa Aquatic,Week2,Hunt Valley,Week2,291.0 Hunt Valley - 111.0 Villa Aquatic
Village West,Week5,Langley,Week2,295.0 Langley - 107.0 Village West
Village West,Week4,Sully Station,Week5,313.0 Sully Station - 84.0 Village West
Village West,Week3,Wakefield Chapel,Week4,310.0 Wakefield Chapel - 92.0 Village West
Village West,Week2,Sully Station,Week2,300.0 Sully Station - 102.0 Village West
Village West,Week3,Rutherford,Week5,210.0 Village West - 192.0 Rutherford
Villa Aquatic,Week5,Hunt Valley,Week4,280.0 Hunt Valley - 122.0 Villa Aquatic
Village West,Week1,Laurel Hill,Week1,224.0 Village West - 177.0 Laurel Hill
Village West,Week2,Wakefield Chapel,Week5,341.0 Wakefield Chapel - 61.0 Village West
Villa Aquatic,Week5,Sully Station II,Week1,237.0 Sully Station II - 165.0 Villa Aquatic
Village West,Week3,Rutherford,Week1,230.0 Village West - 172.0 Rutherford
Village West,Week3,Hayfield Farm,Week4,259.0 Hayfield Farm - 143.0 Village West
Village West,Week2,Rutherford,Week5,207.0 Rutherford - 194.0 Village West
Village West,Week1,Laurel Hill,Week3,210.0 Laurel Hill - 192.0 Village West
Village West,Week5,Daventry,Week4,235.0 Village West - 166.0 Daventry
Village West,Week1,Herndon,Week1,247.0 Village West - 154.0 Herndon
Villa Aquatic,Week1,Hunter Mill,Week4,277.0 Hunter Mill - 125.0 Villa Aquatic
Village West,Week5,Stratford,Week2,211.0 Stratford - 190.0 Village West
Village West,Week3,Camelot,Week4,231.0 Camelot - 171.0 Village West
Village West,Week5,Sully Station,Week2,302.0 Sully Station - 100.0 Village West
Village West,Week1,Herndon,Week3,251.0 Village West - 150.0 Herndon
Village West,Week4,Camelot,Week1,226.0 Camelot - 171.0 Village West
Village West,Week4,Wakefield Chapel,Week1,330.0 Wakefield Chapel - 67.0 Village West
Villa Aquatic,Week2,Truro,Week1,224.0 Villa Aquatic - 178.0 Truro
Village West,Week5,Camelot,Week2,228.0 Camelot - 173.0 Village West
Village West,Week5,Daventry,Week2,250.0 Village West - 148.0 Daventry
Village West,Week5,Langley,Week4,310.0 Langley - 92.0 Village West
Village West,Week5,Langley,Week5,294.0 Langley - 107.0 Village West
Village West,Week2,Stratford,Week4,246.5 Stratford - 155.5 Village West
Village West,Week1,Daventry,Week1,251.0 Village West - 151.0 Daventry
Village West,Week5,Crosspointe,Week2,303.0 Crosspointe - 99.0 Village West
Village West,Week2,Stratford,Week2,220.0 Stratford - 182.0 Village West
Villa Aquatic,Week3,Sully Station II,Week2,252.0 Sully Station II - 150.0 Villa Aquatic
Village West,Week2,Rutherford,Week2,216.0 Village West - 185.0 Rutherford
Village West,Week2,Dominion Hills,Week1,259.0 Dominion Hills - 143.0 Village West
Villa Aquatic,Week5,Sully Station II,Week3,280.0 Sully Station II - 122.0 Villa Aquatic
Village West,Week2,Laurel Hill,Week1,216.5 Village West - 185.5 Laurel Hill
Villa Aquatic,Week4,Sully Station II,Week3,286.0 Sully Station II - 116.0 Villa Aquatic
Village West,Week1,Walden Glen,Week1,203.0 Walden Glen - 199.0 Village West
Village West,Week4,Stratford,Week5,236.0 Stratford - 161.0 Village West
Village West,Week1,Dominion Hills,Week4,288.0 Dominion Hills - 113.0 Village West
Village West,Week4,Rutherford,Week2,199.0 Rutherford - 197.0 Village West
Villa Aquatic,Week1,Hunter Mill,Week3,257.0 Hunter Mill - 145.0 Villa Aquatic
Village West,Week2,Camelot,Week4,240.0 Camelot - 162.0 Village West
Villa Aquatic,Week4,Hunt Valley,Week5,301.0 Hunt Valley - 101.0 Villa Aquatic
Village West,Week5,Stratford,Week5,217.0 Stratford - 184.0 Village West
Village West,Week4,Camelot,Week3,217.0 Camelot - 179.0 Village West
Villa Aquatic,Week2,Hunter Mill,Week4,275.0 Hunter Mill - 127.0 Villa Aquatic
Village West,Week2,Rutherford,Week1,213.0 Village West - 188.0 Rutherford
Village West,Week5,Wakefield Chapel,Week4,322.0 Wakefield Chapel - 80.0 Village West
Village West,Week3,Laurel Hill,Week2,253.0 Village West - 149.0 Laurel Hill
Village West,Week3,Camelot,Week3,224.0 Camelot - 178.0 Village West
Village West,Week5,Camelot,Week3,219.0 Camelot - 182.0 Village West
Villa Aquatic,Week4,Sully Station II,Week1,250.0 Sully Station II - 152.0 Villa Aquatic
Villa Aquatic,Week4,Hunt Valley,Week1,275.0 Hunt Valley - 127.0 Villa Aquatic
Village West,Week1,Hayfield Farm,Week4,263.0 Hayfield Farm - 139.0 Village West
Village West,Week3,Laurel Hill,Week1,227.5 Village West - 172.5 Laurel Hill
Village West,Week4,Rutherford,Week1,212.0 Village West - 184.0 Rutherford
Village West,Week3,Hayfield Farm,Week2,255.0 Hayfield Farm - 147.0 Village West
Village West,Week5,Stratford,Week4,236.0 Stratford - 166.0 Village West
Village West,Week3,Daventry,Week3,252.0 Village West - 149.0 Daventry
Village West,Week2,Wakefield Chapel,Week2,333.0 Wakefield Chapel - 69.0 Village West
Village West,Week3,Hayfield Farm,Week3,261.0 Hayfield Farm - 141.0 Village West
Village West,Week2,Hayfield Farm,Week4,278.0 Hayfield Farm - 124.0 Village West
Villa Aquatic,Week2,Truro,Week3,229.5 Villa Aquatic - 172.5 Truro
Village West,Week4,Rutherford,Week5,200.0 Village West - 196.0 Rutherford
Village West,Week2,Daventry,Week3,245.0 Village West - 155.0 Daventry
Village West,Week1,Shouse Village,Week3,250.0 Shouse Village - 152.0 Village West
Village West,Week5,Hayfield Farm,Week1,273.0 Hayfield Farm - 129.0 Village West
Villa Aquatic,Week4,Sully Station II,Week2,267.0 Sully Station II - 135.0 Villa Aquatic
Village West,Week2,Daventry,Week1,252.0 Village West - 149.0 Daventry
Village West,Week3,Laurel Hill,Week4,235.0 Village West - 166.0 Laurel Hill
Village West,Week5,Daventry,Week3,248.0 Village West - 151.0 Daventry
Village West,Week3,Laurel Hill,Week5,203.0 Village West - 198.0 Laurel Hill
Village West,Week2,Laurel Hill,Week3,214.5 Laurel Hill - 187.5 Village West
Villa Aquatic,Week1,Truro,Week2,268.0 Villa Aquatic - 133.0 Truro
Village West,Week5,Wakefield Chapel,Week3,330.0 Wakefield Chapel - 67.0 Village West
Village West,Week5,Rutherford,Week4,208.0 Rutherford - 194.0 Village West
Villa Aquatic,Week3,Hunt Valley,Week4,269.0 Hunt Valley - 133.0 Villa Aquatic
Village West,Week4,Hayfield Farm,Week1,263.0 Hayfield Farm - 134.0 Village West
Villa Aquatic,Week1,Hunter Mill,Week5,277.0 Hunter Mill - 125.0 Villa Aquatic
Village West,Week2,Stratford,Week3,239.0 Stratford - 163.0 Village West
Village West,Week3,Stratford,Week1,216.0 Village West - 184.0 Stratford
Village West,Week5,Camelot,Week4,237.0 Camelot - 165.0 Village West
Village West,Week1,Walden Glen,Week2,231.0 Walden Glen - 167.0 Village West
Village West,Week1,Canterbury Woods,Week2,208.0 Canterbury Woods - 193.0 Village West
Village West,Week1,Laurel Hill,Week5,220.0 Laurel Hill - 182.0 Village West
Village West,Week1,Sully Station,Week2,308.0 Sully Station - 94.0 Village West
Village West,Week4,Hayfield Farm,Week5,259.0 Hayfield Farm - 138.0 Village West
Village West,Week3,Stratford,Week2,207.0 Village West - 195.0 Stratford
Village West,Week1,Sully Station,Week1,311.0 Sully Station - 91.0 Village West
Village West,Week1,Dominion Hills,Week3,263.0 Dominion Hills - 139.0 Village West
Villa Aquatic,Week4,Hunt Valley,Week3,304.0 Hunt Valley - 98.0 Villa Aquatic
Village West,Week2,Hayfield Farm,Week3,275.0 Hayfield Farm - 127.0 Village West
Villa Aquatic,Week4,Sully Station II,Week5,294.0 Sully Station II - 108.0 Villa Aquatic
Villa Aquatic,Week2,Truro,Week5,222.5 Villa Aquatic - 179.5 Truro
Villa Aquatic,Week3,Hunt Valley,Week1,243.0 Hunt Valley - 159.0 Villa Aquatic
Village West,Week2,Laurel Hill,Week2,228.0 Village West - 173.0 Laurel Hill
Village West,Week2,Laurel Hill,Week4,217.0 Village West - 184.0 Laurel Hill
Village West,Week4,Laurel Hill,Week1,226.0 Village West - 171.0 Laurel Hill
Village West,Week2,Daventry,Week5,220.0 Village West - 180.0 Daventry
Village West,Week4,Daventry,Week3,245.0 Village West - 151.0 Daventry
Village West,Week3,Canterbury Woods,Week2,210.0 Village West - 191.0 Canterbury Woods
Village West,Week2,Shouse Village,Week5,280.0 Shouse Village - 121.0 Village West
Village West,Week2,Stratford,Week5,235.5 Stratford - 166.5 Village West
Village West,Week5,Stratford,Week1,198.5 Village West - 197.5 Stratford
Villa Aquatic,Week5,Hunt Valley,Week3,289.0 Hunt Valley - 113.0 Villa Aquatic
Village West,Week5,Hayfield Farm,Week3,270.0 Hayfield Farm - 132.0 Village West
Village West,Week4,Stratford,Week1,199.0 Stratford - 196.0 Village West
Village West,Week1,Wakefield Chapel,Week4,327.0 Wakefield Chapel - 75.0 Village West
Village West,Week1,Wakefield Chapel,Week3,335.0 Wakefield Chapel - 67.0 Village West
Village West,Week2,Canterbury Woods,Week1,211.0 Canterbury Woods - 191.0 Village West
Village West,Week2,Daventry,Week4,249.0 Village West - 151.0 Daventry
Villa Aquatic,Week5,Hunt Valley,Week5,276.0 Hunt Valley - 126.0 Villa Aquatic
Village West,Week3,Hayfield Farm,Week1,252.0 Hayfield Farm - 150.0 Village West
Village West,Week3,Canterbury Woods,Week3,210.0 Canterbury Woods - 192.0 Village West
Villa Aquatic,Week4,Sully Station II,Week4,244.0 Sully Station II - 158.0 Villa Aquatic
Village West,Week2,Hayfield Farm,Week1,271.0 Hayfield Farm - 131.0 Village West
Village West,Week3,Wakefield Chapel,Week3,319.0 Wakefield Chapel - 83.0 Village West
Villa Aquatic,Week1,Truro,Week4,211.0 Villa Aquatic - 191.0 Truro
Village West,Week1,Shouse Village,Week5,284.0 Shouse Village - 118.0 Village West
Village West,Week2,Shouse Village,Week2,240.0 Shouse Village - 162.0 Village West
Village West,Week3,Wakefield Chapel,Week2,313.0 Wakefield Chapel - 89.0 Village West
Village West,Week2,Canterbury Woods,Week2,203.0 Canterbury Woods - 198.0 Village West
Village West,Week3,Shouse Village,Week2,218.0 Shouse Village - 184.0 Village West
Village West,Week3,Wakefield Chapel,Week1,323.0 Wakefield Chapel - 79.0 Village West
Village West,Week4,Wakefield Chapel,Week3,327.0 Wakefield Chapel - 70.0 Village West
Villa Aquatic,Week3,Hunt Valley,Week5,275.0 Hunt Valley - 127.0 Villa Aquatic
Village West,Week2,Canterbury Woods,Week5,212.0 Canterbury Woods - 186.0 Village West
Village West,Week1,Dominion Hills,Week1,265.0 Dominion Hills - 137.0 Village West
Villa Aquatic,Week1,Hunter Mill,Week1,251.0 Hunter Mill - 151.0 Villa Aquatic
Village West,Week3,Laurel Hill,Week3,201.0 Village West - 199.0 Laurel Hill
Village West,Week2,Shouse Village,Week3,269.0 Shouse Village - 133.0 Village West
Villa Aquatic,Week2,Sully Station II,Week4,257.0 Sully Station II - 145.0 Villa Aquatic
Village West,Week3,Shouse Village,Week4,272.0 Shouse Village - 130.0 Village West
Village West,Week5,Wakefield Chapel,Week1,326.0 Wakefield Chapel - 76.0 Village West
Village West,Week4,Daventry,Week2,245.0 Village West - 148.0 Daventry
Villa Aquatic,Week1,Truro,Week5,232.0 Villa Aquatic - 170.0 Truro
Village West,Week1,Sully Station,Week3,309.0 Sully Station - 93.0 Village West
Villa Aquatic,Week2,Hunt Valley,Week3,305.0 Hunt Valley - 97.0 Villa Aquatic
Villa Aquatic,Week5,Sully Station II,Week4,236.0 Sully Station II - 166.0 Villa Aquatic
Village West,Week1,Daventry,Week5,223.0 Village West - 178.0 Daventry
Village West,Week2,Wakefield Chapel,Week3,333.5 Wakefield Chapel - 68.5 Village West
Village West,Week1,Herndon,Week5,245.5 Village West - 156.5 Herndon
Village West,Week3,Canterbury Woods,Week4,216.0 Canterbury Woods - 185.0 Village West
Village West,Week3,Canterbury Woods,Week5,203.0 Canterbury Woods - 198.0 Village West
Village West,Week4,Canterbury Woods,Week1,221.0 Canterbury Woods - 176.0 Village West
Village West,Week3,Shouse Village,Week1,245.0 Shouse Village - 157.0 Village West
Village West,Week5,Hayfield Farm,Week5,259.0 Hayfield Farm - 143.0 Village West
Village West,Week4,Laurel Hill,Week2,218.0 Village West - 178.0 Laurel Hill
Village West,Week4,Laurel Hill,Week5,207.0 Laurel Hill - 190.0 Village West
Villa Aquatic,Week2,Hunt Valley,Week5,316.0 Hunt Valley - 86.0 Villa Aquatic
Village West,Week2,Sully Station,Week3,314.0 Sully Station - 88.0 Village West
Village West,Week4,Laurel Hill,Week4,210.0 Village West - 186.0 Laurel Hill
Village West,Week4,Daventry,Week4,242.0 Village West - 154.0 Daventry
Village West,Week3,Wakefield Chapel,Week5,327.0 Wakefield Chapel - 75.0 Village West
Villa Aquatic,Week3,Hunt Valley,Week3,274.0 Hunt Valley - 128.0 Villa Aquatic
Village West,Week5,Oakton ,Week2,319.0 Oakton - 83.0 Village West
Village West,Week4,Canterbury Woods,Week2,214.0 Canterbury Woods - 182.0 Village West
Village West,Week2,Herndon,Week4,252.0 Village West - 149.0 Herndon
Village West,Week1,Sully Station,Week5,317.0 Sully Station - 84.0 Village West
Villa Aquatic,Week2,Truro,Week2,260.0 Villa Aquatic - 142.0 Truro
Village West,Week1,Daventry,Week3,254.0 Village West - 147.0 Daventry
Village West,Week1,Daventry,Week4,249.0 Village West - 152.0 Daventry
Villa Aquatic,Week2,Hunter Mill,Week1,258.0 Hunter Mill - 144.0 Villa Aquatic
Village West,Week2,Oakton ,Week2,331.0 Oakton - 71.0 Village West
Village West,Week3,Sully Station,Week1,287.0 Sully Station - 115.0 Village West
Village West,Week4,Canterbury Woods,Week5,217.0 Canterbury Woods - 176.0 Village West
Village West,Week4,Wakefield Chapel,Week5,337.0 Wakefield Chapel - 60.0 Village West
Village West,Week5,Wakefield Chapel,Week2,328.0 Wakefield Chapel - 74.0 Village West
Villa Aquatic,Week3,Truro,Week4,267.0 Villa Aquatic - 135.0 Truro
Village West,Week4,Canterbury Woods,Week3,233.5 Canterbury Woods - 163.5 Village West
Village West,Week3,Herndon,Week2,263.0 Village West - 139.0 Herndon
Village West,Week5,Laurel Hill,Week2,224.0 Village West - 172.0 Laurel Hill
Village West,Week2,Sully Station,Week5,315.0 Sully Station - 87.0 Village West
Village West,Week3,Herndon,Week1,257.0 Village West - 144.0 Herndon
Village West,Week2,Herndon,Week5,251.0 Village West - 150.0 Herndon
Villa Aquatic,Week5,Hunt Valley,Week2,259.0 Hunt Valley - 143.0 Villa Aquatic
Villa Aquatic,Week3,Truro,Week3,284.5 Villa Aquatic - 117.5 Truro
Villa Aquatic,Week3,Truro,Week1,271.0 Villa Aquatic - 131.0 Truro
Village West,Week4,Wakefield Chapel,Week2,316.0 Wakefield Chapel - 81.0 Village West
Village West,Week5,Laurel Hill,Week1,210.0 Village West - 190.0 Laurel Hill
Village West,Week4,Laurel Hill,Week3,212.0 Laurel Hill - 185.0 Village West
Village West,Week3,Daventry,Week4,250.0 Village West - 152.0 Daventry
Village West,Week4,Oakton ,Week1,317.0 Oakton - 80.0 Village West
Village West,Week3,Oakton ,Week2,309.0 Oakton - 93.0 Village West
Village West,Week4,Sully Station,Week3,306.0 Sully Station - 91.0 Village West
Village West,Week4,Daventry,Week1,252.0 Village West - 145.0 Daventry
Village West,Week3,Hiddenbrook,Week2,218.0 Village West - 183.0 Hiddenbrook
Village West,Week5,Canterbury Woods,Week1,210.0 Canterbury Woods - 192.0 Village West
Village West,Week3,Cardinal Hill,Week3,316.0 Cardinal Hill - 86.0 Village West
Village West,Week5,Laurel Hill,Week3,209.0 Laurel Hill - 191.0 Village West
Villa Aquatic,Week2,Hunter Mill,Week3,266.0 Hunter Mill - 136.0 Villa Aquatic
Villa Aquatic,Week3,Truro,Week5,270.0 Villa Aquatic - 132.0 Truro
Villa Aquatic,Week4,Truro,Week1,244.0 Villa Aquatic - 158.0 Truro
Village West,Week4,Herndon,Week3,251.0 Village West - 145.0 Herndon
Village West,Week2,Old Keene Mill,Week5,232.0 Old Keene Mill - 169.0 Village West
Village West,Week4,Hiddenbrook,Week1,212.0 Hiddenbrook - 184.0 Village West
Village West,Week2,Walden Glen,Week3,243.0 Walden Glen - 159.0 Village West
Villa Aquatic,Week3,Ilda Community,Week2,308.0 Villa Aquatic - 94.0 Ilda Community
Village West,Week3,Sully Station,Week2,292.0 Sully Station - 110.0 Village West
Village West,Week5,Lee Graham,Week3,322.0 Lee Graham - 80.0 Village West
Villa Aquatic,Week3,Hunter Mill,Week1,208.0 Hunter Mill - 194.0 Villa Aquatic
Village West,Week2,Oakton ,Week3,327.0 Oakton - 75.0 Village West
Village West,Week2,Laurel Hill,Week5,219.0 Laurel Hill - 182.0 Village West
Village West,Week1,Walden Glen,Week4,242.0 Walden Glen - 158.0 Village West
Village West,Week3,Daventry,Week5,241.0 Village West - 160.0 Daventry
Villa Aquatic,Week4,Hunter Mill,Week2,243.0 Hunter Mill - 159.0 Villa Aquatic
Village West,Week5,Wakefield Chapel,Week5,332.0 Wakefield Chapel - 70.0 Village West
Village West,Week3,Daventry,Week2,255.0 Village West - 146.0 Daventry
Villa Aquatic,Week1,Ilda Community,Week4,241.0 Villa Aquatic - 161.0 Ilda Community
Village West,Week2,Old Keene Mill,Week3,220.0 Old Keene Mill - 182.0 Village West
Village West,Week4,Oakton ,Week2,322.5 Oakton - 74.5 Village West
Village West,Week5,Canterbury Woods,Week4,241.0 Canterbury Woods - 160.0 Village West
Village West,Week1,Cardinal Hill,Week4,293.0 Cardinal Hill - 109.0 Village West
Village West,Week3,Lee Graham,Week1,298.0 Lee Graham - 104.0 Village West
Village West,Week3,Sully Station,Week4,288.0 Sully Station - 114.0 Village West
Village West,Week2,Walden Glen,Week1,206.0 Village West - 196.0 Walden Glen
Village West,Week1,Cardinal Hill,Week3,317.0 Cardinal Hill - 85.0 Village West
Village West,Week2,Hiddenbrook,Week1,227.0 Hiddenbrook - 174.0 Village West
Villa Aquatic,Week4,Truro,Week3,259.0 Villa Aquatic - 143.0 Truro
Village West,Week3,Herndon,Week5,263.0 Village West - 139.0 Herndon
Village West,Week3,Daventry,Week1,266.0 Village West - 136.0 Daventry
Village West,Week5,Laurel Hill,Week4,215.0 Village West - 185.0 Laurel Hill
Village West,Week4,Sully Station,Week1,305.0 Sully Station - 92.0 Village West
Village West,Week1,Cardinal Hill,Week5,305.0 Cardinal Hill - 96.0 Village West
Villa Aquatic,Week2,Ilda Community,Week3,246.0 Villa Aquatic - 156.0 Ilda Community
Village West,Week1,Old Keene Mill,Week5,230.0 Old Keene Mill - 172.0 Village West
Village West,Week2,Daventry,Week2,246.5 Village West - 150.5 Daventry
Village West,Week2,Walden Glen,Week2,222.0 Walden Glen - 180.0 Village West
Villa Aquatic,Week4,Truro,Week5,261.0 Villa Aquatic - 141.0 Truro
Village West,Week4,Sully Station,Week2,306.0 Sully Station - 91.0 Village West
Village West,Week4,Sully Station,Week4,306.0 Sully Station - 91.0 Village West
Villa Aquatic,Week4,Truro,Week2,266.0 Villa Aquatic - 136.0 Truro
Villa Aquatic,Week5,Truro,Week3,271.0 Villa Aquatic - 131.0 Truro
Village West,Week4,Oakton ,Week3,320.0 Oakton - 77.0 Village West
Village West,Week4,Oakton ,Week4,325.0 Oakton - 72.0 Village West
Village West,Week4,Walden Glen,Week2,229.0 Walden Glen - 167.0 Village West
Village West,Week5,Walden Glen,Week4,230.0 Walden Glen - 166.0 Village West
Village West,Week4,Herndon,Week5,243.0 Village West - 154.0 Herndon
Villa Aquatic,Week4,Ilda Community,Week1,281.0 Villa Aquatic - 121.0 Ilda Community
Village West,Week2,Cardinal Hill,Week2,307.0 Cardinal Hill - 95.0 Village West
Village West,Week5,Daventry,Week1,248.0 Village West - 154.0 Daventry
Villa Aquatic,Week4,Ilda Community,Week4,261.0 Villa Aquatic - 141.0 Ilda Community
Villa Aquatic,Week1,Tuckahoe,Week5,333.5 Tuckahoe - 68.5 Villa Aquatic
Villa Aquatic,Week4,Hunter Mill,Week3,244.0 Hunter Mill - 158.0 Villa Aquatic
Village West,Week4,Herndon,Week1,251.0 Village West - 145.0 Herndon
Village West,Week4,Daventry,Week5,212.0 Village West - 184.0 Daventry
Village West,Week1,Lincolnia Park,Week3,225.0 Village West - 167.0 Lincolnia Park
Village West,Week2,Cardinal Hill,Week5,300.0 Cardinal Hill - 101.0 Village West
Village West,Week4,Cardinal Hill,Week2,291.5 Cardinal Hill - 105.5 Village West
Village West,Week5,Daventry,Week5,219.0 Village West - 180.0 Daventry
Village West,Week5,Sully Station,Week1,309.0 Sully Station - 93.0 Village West
Village West,Week4,Hiddenbrook,Week4,239.0 Hiddenbrook - 158.0 Village West
Village West,Week1,Lincolnia Park,Week1,262.0 Village West - 140.0 Lincolnia Park
Village West,Week5,Sully Station,Week4,307.0 Sully Station - 95.0 Village West
Villa Aquatic,Week5,Truro,Week5,251.0 Villa Aquatic - 151.0 Truro
Village West,Week5,Oakton ,Week1,317.0 Oakton - 85.0 Village West
Village West,Week1,Daventry,Week2,250.0 Village West - 148.0 Daventry
Villa Aquatic,Week5,Truro,Week2,262.0 Villa Aquatic - 140.0 Truro
Village West,Week2,Walden Glen,Week4,232.0 Walden Glen - 169.0 Village West
Village West,Week2,Lee Graham,Week1,317.0 Lee Graham - 85.0 Village West
Village West,Week1,Sully Station II,Week3,322.0 Sully Station II - 80.0 Village West
Village West,Week1,Dominion Hills,Week2,274.0 Dominion Hills - 128.0 Village West
Village West,Week4,Cardinal Hill,Week3,319.0 Cardinal Hill - 78.0 Village West
Village West,Week1,Waynewood,Week2,303.0 Waynewood - 99.0 Village West
Villa Aquatic,Week1,Ilda Community,Week5,236.5 Villa Aquatic - 164.5 Ilda Community
Village West,Week4,Cardinal Hill,Week5,290.0 Cardinal Hill - 106.0 Village West
Villa Aquatic,Week3,Tuckahoe,Week2,319.0 Tuckahoe - 83.0 Villa Aquatic
Village West,Week2,Lee Graham,Week5,333.0 Lee Graham - 69.0 Village West
Villa Aquatic,Week5,Hunter Mill,Week5,245.0 Hunter Mill - 157.0 Villa Aquatic
Villa Aquatic,Week3,Hunter Mill,Week4,227.0 Hunter Mill - 175.0 Villa Aquatic
Village West,Week1,Sully Station II,Week5,333.0 Sully Station II - 69.0 Village West
Villa Aquatic,Week2,Tuckahoe,Week4,344.0 Tuckahoe - 58.0 Villa Aquatic
Village West,Week2,Hiddenbrook,Week4,240.0 Hiddenbrook - 161.0 Village West
Village West,Week2,Lincolnia Park,Week3,215.0 Village West - 177.0 Lincolnia Park
Village West,Week2,Hiddenbrook,Week2,203.0 Hiddenbrook - 199.0 Village West
Village West,Week4,Walden Glen,Week1,209.0 Village West - 187.0 Walden Glen
Village West,Week2,Lincolnia Park,Week1,260.0 Village West - 141.0 Lincolnia Park
Village West,Week3,Waynewood,Week5,325.0 Waynewood - 77.0 Village West
Village West,Week1,Dominion Hills,Week5,285.0 Dominion Hills - 117.0 Village West
Village West,Week1,Sully Station II,Week4,298.0 Sully Station II - 104.0 Village West
Village West,Week1,Oakton ,Week4,326.0 Oakton - 76.0 Village West
Village West,Week1,Old Keene Mill,Week3,220.0 Old Keene Mill - 182.0 Village West
Village West,Week4,Oakton ,Week5,334.0 Oakton - 63.0 Village West
Village West,Week1,Hiddenbrook,Week1,227.0 Hiddenbrook - 174.0 Village West
Village West,Week1,Lee Graham,Week4,332.0 Lee Graham - 70.0 Village West
Village West,Week2,Dominion Hills,Week4,280.5 Dominion Hills - 121.5 Village West
Village West,Week3,Herndon,Week4,270.0 Village West - 132.0 Herndon
Village West,Week3,Sully Station II,Week2,305.0 Sully Station II - 97.0 Village West
Village West,Week5,Canterbury Woods,Week2,213.0 Canterbury Woods - 187.0 Village West
Villa Aquatic,Week3,Hunter Mill,Week3,227.0 Hunter Mill - 175.0 Villa Aquatic
Village West,Week2,Oakton ,Week4,331.0 Oakton - 71.0 Village West
Village West,Week3,Hiddenbrook,Week1,212.0 Hiddenbrook - 190.0 Village West
Village West,Week3,Cardinal Hill,Week5,290.0 Cardinal Hill - 112.0 Village West
Village West,Week2,Waynewood,Week2,302.0 Waynewood - 100.0 Village West
Village West,Week2,Hiddenbrook,Week3,240.0 Hiddenbrook - 161.0 Village West
Village West,Week3,Cardinal Hill,Week4,291.0 Cardinal Hill - 111.0 Village West
Village West,Week4,Walden Glen,Week4,226.0 Walden Glen - 170.0 Village West
Village West,Week4,Cardinal Hill,Week4,290.0 Cardinal Hill - 107.0 Village West
Village West,Week1,Oakton ,Week3,323.5 Oakton - 78.5 Village West
Villa Aquatic,Week1,Tuckahoe,Week2,325.0 Tuckahoe - 77.0 Villa Aquatic
Village West,Week5,Sully Station,Week3,311.0 Sully Station - 91.0 Village West
Village West,Week4,Lee Graham,Week2,315.0 Lee Graham - 82.0 Village West
Village West,Week3,Walden Glen,Week1,214.0 Village West - 187.0 Walden Glen
Village West,Week3,Lee Graham,Week3,318.0 Lee Graham - 84.0 Village West
Village West,Week4,Sully Station II,Week3,317.0 Sully Station II - 80.0 Village West
Villa Aquatic,Week4,Tuckahoe,Week1,328.0 Tuckahoe - 74.0 Villa Aquatic
Village West,Week1,Donaldson Run,Week3,330.0 Donaldson Run - 72.0 Village West
Village West,Week1,Sully Station II,Week1,297.0 Sully Station II - 105.0 Village West
Village West,Week1,Hiddenbrook,Week5,256.0 Hiddenbrook - 146.0 Village West
Villa Aquatic,Week4,Tuckahoe,Week2,332.0 Tuckahoe - 70.0 Villa Aquatic
Village West,Week3,Oakton ,Week4,320.0 Oakton - 82.0 Village West
Villa Aquatic,Week3,Ilda Community,Week4,288.0 Villa Aquatic - 114.0 Ilda Community
Village West,Week5,Dominion Hills,Week2,278.0 Dominion Hills - 124.0 Village West
Village West,Week3,Cardinal Hill,Week1,299.0 Cardinal Hill - 103.0 Village West
Village West,Week5,Canterbury Woods,Week5,225.0 Canterbury Woods - 173.0 Village West
Villa Aquatic,Week2,Tuckahoe,Week1,324.0 Tuckahoe - 78.0 Villa Aquatic
Village West,Week3,Sully Station II,Week3,322.0 Sully Station II - 80.0 Village West
Village West,Week1,Waynewood,Week4,308.0 Waynewood - 94.0 Village West
Villa Aquatic,Week4,Hunter Mill,Week1,238.0 Hunter Mill - 164.0 Villa Aquatic
Village West,Week2,Lee Graham,Week2,325.0 Lee Graham - 77.0 Village West
Village West,Week4,Sully Station II,Week5,329.5 Sully Station II - 67.5 Village West
Village West,Week4,Dominion Hills,Week3,252.0 Dominion Hills - 145.0 Village West
Villa Aquatic,Week3,Tuckahoe,Week4,329.0 Tuckahoe - 73.0 Villa Aquatic
Village West,Week3,Dominion Hills,Week4,269.0 Dominion Hills - 133.0 Village West
Village West,Week5,Herndon,Week1,246.0 Village West - 155.0 Herndon
Village West,Week2,Lee Graham,Week4,319.0 Lee Graham - 83.0 Village West
Village West,Week5,Walden Glen,Week5,245.0 Walden Glen - 156.0 Village West
Village West,Week1,Oakton ,Week5,336.0 Oakton - 66.0 Village West
Villa Aquatic,Week4,Hunter Mill,Week5,264.0 Hunter Mill - 138.0 Villa Aquatic
Villa Aquatic,Week2,Ilda Community,Week5,239.0 Villa Aquatic - 162.0 Ilda Community
Village West,Week3,Dominion Hills,Week2,251.0 Dominion Hills - 151.0 Village West
Village West,Week3,Dominion Hills,Week1,240.0 Dominion Hills - 162.0 Village West
Village West,Week2,Dominion Hills,Week2,274.0 Dominion Hills - 128.0 Village West
Village West,Week5,Walden Glen,Week1,211.0 Village West - 190.0 Walden Glen
Village West,Week1,Waynewood,Week5,320.0 Waynewood - 82.0 Village West
Village West,Week2,Oakton ,Week1,328.0 Oakton - 74.0 Village West
Villa Aquatic,Week4,Ilda Community,Week3,272.0 Villa Aquatic - 130.0 Ilda Community
Village West,Week2,Old Keene Mill,Week1,206.0 Old Keene Mill - 196.0 Village West
Villa Aquatic,Week3,Tuckahoe,Week3,338.0 Tuckahoe - 64.0 Villa Aquatic
Village West,Week1,Hiddenbrook,Week3,244.0 Hiddenbrook - 158.0 Village West
Villa Aquatic,Week5,Truro,Week1,240.0 Villa Aquatic - 162.0 Truro
Village West,Week4,Cardinal Hill,Week1,305.0 Cardinal Hill - 92.0 Village West
Village West,Week2,Oakton ,Week5,338.0 Oakton - 64.0 Village West
Village West,Week2,Sully Station II,Week2,310.0 Sully Station II - 92.0 Village West
Villa Aquatic,Week5,Hunter Mill,Week3,243.0 Hunter Mill - 159.0 Villa Aquatic
Village West,Week3,Lee Graham,Week2,314.0 Lee Graham - 88.0 Village West
Village West,Week2,Hiddenbrook,Week5,255.0 Hiddenbrook - 147.0 Village West
Village West,Week3,Cardinal Hill,Week2,280.5 Cardinal Hill - 121.5 Village West
Village West,Week5,Herndon,Week5,245.0 Village West - 157.0 Herndon
Villa Aquatic,Week1,Tuckahoe,Week3,349.0 Tuckahoe - 53.0 Villa Aquatic
Village West,Week4,Dominion Hills,Week4,268.0 Dominion Hills - 129.0 Village West
Village West,Week4,Herndon,Week2,249.0 Village West - 148.0 Herndon
Village West,Week3,Lee Graham,Week4,307.0 Lee Graham - 95.0 Village West
Villa Aquatic,Week1,Ilda Community,Week3,255.0 Villa Aquatic - 147.0 Ilda Community
Village West,Week3,Sully Station II,Week1,278.0 Sully Station II - 124.0 Village West
Village West,Week4,Walden Glen,Week5,240.0 Walden Glen - 156.0 Village West
Village West,Week5,Sully Station,Week5,316.0 Sully Station - 86.0 Village West
Village West,Week5,Cardinal Hill,Week1,319.0 Cardinal Hill - 83.0 Village West
Villa Aquatic,Week1,Tuckahoe,Week1,329.0 Tuckahoe - 73.0 Villa Aquatic
Village West,Week2,Lee Graham,Week3,332.0 Lee Graham - 70.0 Village West
Village West,Week3,Oakton ,Week3,302.0 Oakton - 100.0 Village West
Village West,Week4,Lee Graham,Week5,330.0 Lee Graham - 67.0 Village West
Villa Aquatic,Week5,Truro,Week4,256.0 Villa Aquatic - 146.0 Truro
Villa Aquatic,Week1,Tuckahoe,Week4,350.0 Tuckahoe - 52.0 Villa Aquatic
Village West,Week1,Cardinal Hill,Week2,299.0 Cardinal Hill - 103.0 Village West
Village West,Week1,Old Keene Mill,Week1,206.0 Old Keene Mill - 196.0 Village West
Village West,Week2,Old Keene Mill,Week2,214.0 Old Keene Mill - 188.0 Village West
Village West,Week2,Sully Station II,Week4,292.0 Sully Station II - 110.0 Village West
Villa Aquatic,Week5,Hunter Mill,Week2,240.0 Hunter Mill - 162.0 Villa Aquatic
Villa Aquatic,Week5,Hunter Mill,Week1,227.0 Hunter Mill - 175.0 Villa Aquatic
Village West,Week5,Cardinal Hill,Week2,292.0 Cardinal Hill - 110.0 Village West
Village West,Week3,Oakton ,Week1,311.0 Oakton - 91.0 Village West
Village West,Week5,Herndon,Week2,253.0 Village West - 149.0 Herndon
Village West,Week3,Donaldson Run,Week1,301.0 Donaldson Run - 101.0 Village West
Village West,Week2,Sully Station II,Week1,296.0 Sully Station II - 106.0 Village West
Village West,Week3,Hiddenbrook,Week3,215.0 Hiddenbrook - 187.0 Village West
Village West,Week4,Lee Graham,Week1,310.0 Lee Graham - 87.0 Village West
Village West,Week3,Walden Glen,Week2,214.0 Walden Glen - 187.0 Village West
Village West,Week2,Walden Glen,Week5,258.0 Walden Glen - 143.0 Village West
Village West,Week1,Donaldson Run,Week1,332.0 Donaldson Run - 70.0 Village West
Villa Aquatic,Week2,Ilda Community,Week1,255.0 Villa Aquatic - 146.0 Ilda Community
Village West,Week5,Walden Glen,Week3,227.0 Walden Glen - 175.0 Village West
Village West,Week2,Sully Station II,Week5,334.0 Sully Station II - 68.0 Village West
Village West,Week4,Lee Graham,Week3,329.0 Lee Graham - 68.0 Village West
Village West,Week3,Herndon,Week3,266.0 Village West - 136.0 Herndon
Village West,Week4,Walden Glen,Week3,233.0 Walden Glen - 164.0 Village West
Villa Aquatic,Week4,Hunter Mill,Week4,251.0 Hunter Mill - 151.0 Villa Aquatic
Village West,Week1,Lee Graham,Week3,322.0 Lee Graham - 80.0 Village West
Villa Aquatic,Week3,Tuckahoe,Week1,314.0 Tuckahoe - 88.0 Villa Aquatic
Village West,Week4,Lee Graham,Week4,325.0 Lee Graham - 72.0 Village West
Village West,Week5,Herndon,Week3,239.0 Village West - 157.0 Herndon
Villa Aquatic,Week5,Hunter Mill,Week4,238.0 Hunter Mill - 164.0 Villa Aquatic
Village West,Week2,Cardinal Hill,Week4,308.0 Cardinal Hill - 94.0 Village West
Village West,Week1,Old Keene Mill,Week2,213.0 Old Keene Mill - 189.0 Village West
Village West,Week5,Laurel Hill,Week5,210.0 Laurel Hill - 190.0 Village West
Village West,Week3,Walden Glen,Week3,222.0 Walden Glen - 180.0 Village West
Villa Aquatic,Week4,Tuckahoe,Week4,354.0 Tuckahoe - 48.0 Villa Aquatic
Village West,Week2,Waynewood,Week4,307.0 Waynewood - 95.0 Village West
Village West,Week1,Lee Graham,Week2,334.0 Lee Graham - 68.0 Village West
Village West,Week5,Herndon,Week4,255.0 Village West - 147.0 Herndon
Village West,Week1,Donaldson Run,Week5,341.0 Donaldson Run - 61.0 Village West
Village West,Week3,Dominion Hills,Week3,242.0 Dominion Hills - 160.0 Village West
Village West,Week1,Hiddenbrook,Week4,244.0 Hiddenbrook - 158.0 Village West
Villa Aquatic,Week2,Tuckahoe,Week2,333.0 Tuckahoe - 69.0 Villa Aquatic
Village West,Week3,Sully Station II,Week4,284.0 Sully Station II - 118.0 Village West
Villa Aquatic,Week2,Tuckahoe,Week3,347.0 Tuckahoe - 55.0 Villa Aquatic
Village West,Week3,Donaldson Run,Week3,313.0 Donaldson Run - 89.0 Village West
Villa Aquatic,Week3,Hunter Mill,Week5,245.5 Hunter Mill - 156.5 Villa Aquatic
Village West,Week4,Sully Station II,Week1,278.0 Sully Station II - 118.0 Village West
Village West,Week3,Walden Glen,Week5,242.0 Walden Glen - 160.0 Village West
Village West,Week2,Cardinal Hill,Week3,330.0 Cardinal Hill - 72.0 Village West
Villa Aquatic,Week4,Tuckahoe,Week3,349.5 Tuckahoe - 52.5 Villa Aquatic
Villa Aquatic,Week2,Ilda Community,Week4,236.0 Villa Aquatic - 166.0 Ilda Community
Village West,Week1,Lee Graham,Week1,328.5 Lee Graham - 73.5 Village West
Village West,Week2,Donaldson Run,Week3,331.0 Donaldson Run - 71.0 Village West
Villa Aquatic,Week1,Ilda Community,Week1,255.0 Villa Aquatic - 146.0 Ilda Community
Village West,Week1,Cardinal Hill,Week1,320.0 Cardinal Hill - 82.0 Village West
Village West,Week3,Sully Station II,Week5,327.0 Sully Station II - 75.0 Village West
Villa Aquatic,Week5,Villa Aquatic,Week4,232.0 Villa Aquatic (VA1) - 170.0 Villa Aquatic (VA2)
Village West,Week5,Oakton ,Week4,330.0 Oakton - 72.0 Village West
Village West,Week5,Oakton ,Week5,336.0 Oakton - 66.0 Village West
Village West,Week3,Oakton ,Week5,326.0 Oakton - 76.0 Village West
Village West,Week3,Donaldson Run,Week4,314.0 Donaldson Run - 88.0 Village West
Village West,Week2,Waynewood,Week1,286.0 Waynewood - 116.0 Village West
Village West,Week2,Cardinal Hill,Week1,310.0 Cardinal Hill - 92.0 Village West
Village West,Week5,Oakton ,Week3,321.0 Oakton - 76.0 Village West
Village West,Week5,Canterbury Woods,Week3,244.0 Canterbury Woods - 158.0 Village West
Village West,Week2,Sully Station II,Week3,330.0 Sully Station II - 72.0 Village West
Village West,Week4,Herndon,Week4,247.0 Village West - 150.0 Herndon
Village West,Week4,Sully Station II,Week4,287.0 Sully Station II - 110.0 Village West
Villa Aquatic,Week4,Tuckahoe,Week5,340.0 Tuckahoe - 62.0 Villa Aquatic
Village West,Week5,Walden Glen,Week2,218.0 Walden Glen - 184.0 Village West
Villa Aquatic,Week3,Tuckahoe,Week5,322.0 Tuckahoe - 80.0 Villa Aquatic
Villa Aquatic,Week3,Fox Hunt,Week3,219.0 Villa Aquatic - 183.0 Fox Hunt
Villa Aquatic,Week2,Ilda Community,Week2,252.0 Villa Aquatic - 150.0 Ilda Community
Village West,Week4,Dominion Hills,Week5,285.0 Dominion Hills - 112.0 Village West
Village West,Week1,Sully Station II,Week2,315.0 Sully Station II - 87.0 Village West
Village West,Week3,Hiddenbrook,Week4,216.0 Hiddenbrook - 186.0 Village West
Villa Aquatic,Week2,Village West,Week4,232.0 Villa Aquatic - 165.0 Village West
Village West,Week5,Lee Graham,Week1,312.0 Lee Graham - 85.0 Village West
Villa Aquatic,Week1,Village West,Week3,231.5 Villa Aquatic - 170.5 Village West
Villa Aquatic,Week4,Fox Hunt,Week4,210.0 Villa Aquatic - 192.0 Fox Hunt
Village West,Week1,Old Keene Mill,Week4,203.0 Old Keene Mill - 199.0 Village West
Village West,Week4,Dominion Hills,Week2,257.0 Dominion Hills - 140.0 Village West
Village West,Week1,Hiddenbrook,Week2,209.0 Village West - 193.0 Hiddenbrook
Village West,Week3,Walden Glen,Week4,221.0 Walden Glen - 181.0 Village West
Village West,Week2,Old Keene Mill,Week4,216.0 Old Keene Mill - 186.0 Village West
Village West,Week5,Lee Graham,Week2,320.0 Lee Graham - 82.0 Village West
Village West,Week1,Lee Graham,Week5,337.0 Lee Graham - 65.0 Village West
Villa Aquatic,Week2,Tuckahoe,Week5,331.0 Tuckahoe - 71.0 Villa Aquatic
Villa Aquatic,Week2,Fox Mill Estates,Week1,241.0 Villa Aquatic - 161.0 Fox Mill Estates
Villa Aquatic,Week3,Village West,Week3,275.0 Villa Aquatic - 127.0 Village West
Village West,Week5,Old Keene Mill,Week2,214.0 Old Keene Mill - 188.0 Village West
Village West,Week5,Dominion Hills,Week3,258.0 Dominion Hills - 144.0 Village West
Villa Aquatic,Week3,Ilda Community,Week1,304.0 Villa Aquatic - 98.0 Ilda Community
Villa Aquatic,Week1,Ilda Community,Week2,254.0 Villa Aquatic - 148.0 Ilda Community
Village West,Week1,Waynewood,Week1,285.0 Waynewood - 117.0 Village West
Village West,Week2,Truro,Week3,209.0 Truro - 193.0 Village West
Village West,Week3,Hiddenbrook,Week5,241.0 Hiddenbrook - 161.0 Village West
Village West,Week2,Dominion Hills,Week3,252.0 Dominion Hills - 150.0 Village West
Village West,Week4,Sully Station II,Week2,300.0 Sully Station II - 97.0 Village West
Village West,Week3,Lee Graham,Week5,312.0 Lee Graham - 90.0 Village West
Villa Aquatic,Week1,Fox Mill Estates,Week2,206.0 Villa Aquatic - 196.0 Fox Mill Estates
Village West,Week3,Orange Hunt,Week2,265.0 Orange Hunt - 137.0 Village West
Villa Aquatic,Week3,Fox Hunt,Week4,238.0 Villa Aquatic - 164.0 Fox Hunt
Village West,Week4,Truro,Week4,205.0 Truro - 192.0 Village West
Village West,Week4,Hiddenbrook,Week2,202.0 Hiddenbrook - 195.0 Village West
Villa Aquatic,Week3,Cottontail,Week2,252.0 Villa Aquatic - 150.0 Cottontail
Village West,Week5,Sully Station II,Week3,319.0 Sully Station II - 83.0 Village West
Villa Aquatic,Week4,Village West,Week1,270.0 Villa Aquatic - 132.0 Village West
Villa Aquatic,Week3,Ilda Community,Week5,291.0 Villa Aquatic - 111.0 Ilda Community
Village West,Week2,Donaldson Run,Week4,321.0 Donaldson Run - 81.0 Village West
Village West,Week2,Donaldson Run,Week5,339.0 Donaldson Run - 63.0 Village West
Villa Aquatic,Week5,Tuckahoe,Week2,321.0 Tuckahoe - 81.0 Villa Aquatic
Villa Aquatic,Week5,Tuckahoe,Week1,316.0 Tuckahoe - 86.0 Villa Aquatic
Villa Aquatic,Week3,Vienna Aquatic,Week1,270.0 Vienna Aquatic - 132.0 Villa Aquatic
Village West,Week5,Hiddenbrook,Week5,251.0 Hiddenbrook - 151.0 Village West
Villa Aquatic,Week3,Ilda Community,Week3,293.0 Villa Aquatic - 109.0 Ilda Community
Village West,Week5,Lee Graham,Week4,320.0 Lee Graham - 82.0 Village West
Villa Aquatic,Week4,Villa Aquatic,Week2,219.0 Villa Aquatic (VA1) - 183.0 Villa Aquatic (VA2)
Village West,Week2,Orange Hunt,Week3,273.0 Orange Hunt - 129.0 Village West
Village West,Week1,Waynewood,Week3,315.0 Waynewood - 87.0 Village West
Village West,Week4,Hiddenbrook,Week3,235.0 Hiddenbrook - 162.0 Village West
Village West,Week3,Waynewood,Week1,273.0 Waynewood - 129.0 Village West
Villa Aquatic,Week4,Ilda Community,Week2,289.0 Villa Aquatic - 113.0 Ilda Community
Village West,Week1,Lincolnia Park,Week5,238.0 Village West - 154.0 Lincolnia Park
Village West,Week2,High Point Pool,Week1,290.0 High Point Pool - 112.0 Village West
Villa Aquatic,Week3,Fox Hunt,Week5,210.5 Villa Aquatic - 191.5 Fox Hunt
Village West,Week5,Lee Graham,Week5,322.5 Lee Graham - 79.5 Village West
Villa Aquatic,Week3,Fox Mill Estates,Week5,247.0 Villa Aquatic - 155.0 Fox Mill Estates
Villa Aquatic,Week2,Vienna Aquatic,Week4,287.0 Vienna Aquatic - 115.0 Villa Aquatic
Village West,Week5,Old Keene Mill,Week4,217.0 Old Keene Mill - 185.0 Village West
Village West,Week3,Waynewood,Week2,290.0 Waynewood - 112.0 Village West
Villa Aquatic,Week5,Tuckahoe,Week5,328.0 Tuckahoe - 74.0 Villa Aquatic
Village West,Week5,Dominion Hills,Week5,283.0 Dominion Hills - 119.0 Village West
Villa Aquatic,Week1,Fox Mill Estates,Week5,204.0 Villa Aquatic - 198.0 Fox Mill Estates
Villa Aquatic,Week2,Vienna Aquatic,Week1,291.0 Vienna Aquatic - 111.0 Villa Aquatic
Village West,Week4,High Point Pool,Week4,282.0 High Point Pool - 115.0 Village West
Village West,Week1,Tuckahoe,Week2,358.0 Tuckahoe - 44.0 Village West
Village West,Week3,Dominion Hills,Week5,271.0 Dominion Hills - 131.0 Village West
Villa Aquatic,Week1,Village West,Week4,225.0 Villa Aquatic - 172.0 Village West
Villa Aquatic,Week2,Village West,Week1,254.0 Villa Aquatic - 148.0 Village West
Villa Aquatic,Week1,Vienna Aquatic,Week2,301.0 Vienna Aquatic - 101.0 Villa Aquatic
Village West,Week4,Hiddenbrook,Week5,251.0 Hiddenbrook - 146.0 Village West
Village West,Week5,Old Keene Mill,Week1,204.0 Old Keene Mill - 198.0 Village West
Village West,Week3,Orange Hunt,Week5,275.0 Orange Hunt - 127.0 Village West
Village West,Week2,Waynewood,Week3,324.0 Waynewood - 78.0 Village West
Village West,Week2,Waynewood,Week5,325.0 Waynewood - 77.0 Village West
Village West,Week2,Dominion Hills,Week5,283.0 Dominion Hills - 119.0 Village West
Villa Aquatic,Week4,Ilda Community,Week5,280.5 Villa Aquatic - 121.5 Ilda Community
Village West,Week1,Lincolnia Park,Week4,241.0 Village West - 160.0 Lincolnia Park
Villa Aquatic,Week3,Villa Aquatic,Week4,244.0 Villa Aquatic (VA1) - 158.0 Villa Aquatic (VA2)
Village West,Week1,Truro,Week5,217.0 Truro - 184.0 Village West
Village West,Week3,Waynewood,Week4,288.0 Waynewood - 114.0 Village West
Villa Aquatic,Week2,Holmes Run Acres,Week3,246.0 Holmes Run Acres - 156.0 Villa Aquatic
Villa Aquatic,Week5,Villa Aquatic,Week3,204.0 Villa Aquatic (VA2) - 198.0 Villa Aquatic (VA1)
Village West,Week3,Donaldson Run,Week2,305.0 Donaldson Run - 97.0 Village West
Villa Aquatic,Week4,Fox Mill Estates,Week2,226.0 Villa Aquatic - 176.0 Fox Mill Estates
Village West,Week5,Sully Station II,Week4,297.0 Sully Station II - 105.0 Village West
Villa Aquatic,Week3,Cottontail,Week3,249.0 Villa Aquatic - 153.0 Cottontail
Villa Aquatic,Week5,Fox Mill Estates,Week1,254.0 Villa Aquatic - 148.0 Fox Mill Estates
Villa Aquatic,Week2,Holmes Run Acres,Week5,273.0 Holmes Run Acres - 129.0 Villa Aquatic
Village West,Week5,Old Keene Mill,Week5,224.0 Old Keene Mill - 178.0 Village West
Village West,Week5,Truro,Week2,217.0 Village West - 183.0 Truro
Village West,Week4,Old Keene Mill,Week2,207.0 Old Keene Mill - 190.0 Village West
Village West,Week2,Lincolnia Park,Week2,238.0 Village West - 154.0 Lincolnia Park
Villa Aquatic,Week3,Cottontail,Week4,243.0 Villa Aquatic - 159.0 Cottontail
Village West,Week1,Lincolnia Park,Week2,251.0 Village West - 141.0 Lincolnia Park
Village West,Week5,High Point Pool,Week1,278.0 High Point Pool - 124.0 Village West
Villa Aquatic,Week2,Cottontail,Week5,216.5 Cottontail - 185.5 Villa Aquatic
Village West,Week3,Truro,Week5,205.0 Village West - 197.0 Truro
Village West,Week5,Dominion Hills,Week1,266.0 Dominion Hills - 136.0 Village West
Villa Aquatic,Week4,Fox Hunt,Week3,213.0 Fox Hunt - 189.0 Villa Aquatic
Village West,Week3,Waynewood,Week3,311.0 Waynewood - 91.0 Village West
Village West,Week4,Dominion Hills,Week1,264.0 Dominion Hills - 133.0 Village West
Villa Aquatic,Week4,Villa Aquatic,Week3,244.0 Villa Aquatic (VA2) - 158.0 Villa Aquatic (VA1)
Villa Aquatic,Week3,Holmes Run Acres,Week3,230.0 Holmes Run Acres - 172.0 Villa Aquatic
Village West,Week3,Truro,Week3,211.0 Village West - 191.0 Truro
Villa Aquatic,Week4,Holmes Run Acres,Week1,203.0 Villa Aquatic - 199.0 Holmes Run Acres
Village West,Week3,Old Keene Mill,Week1,213.0 Village West - 189.0 Old Keene Mill
Villa Aquatic,Week4,Fox Hunt,Week1,214.0 Villa Aquatic - 188.0 Fox Hunt
Village West,Week4,Old Keene Mill,Week4,201.0 Old Keene Mill - 196.0 Village West
Villa Aquatic,Week1,Vienna Aquatic,Week1,295.0 Vienna Aquatic - 107.0 Villa Aquatic
Villa Aquatic,Week4,Cottontail,Week2,232.0 Villa Aquatic - 170.0 Cottontail
Villa Aquatic,Week1,Village West,Week5,239.0 Villa Aquatic - 163.0 Village West
Village West,Week1,Truro,Week3,209.0 Truro - 193.0 Village West
Villa Aquatic,Week1,Cottontail,Week3,215.0 Villa Aquatic - 187.0 Cottontail
Village West,Week5,Waynewood,Week1,274.0 Waynewood - 128.0 Village West
Villa Aquatic,Week4,Fox Hunt,Week2,209.0 Villa Aquatic - 193.0 Fox Hunt
Village West,Week4,Lincolnia Park,Week4,234.0 Village West - 161.0 Lincolnia Park
Village West,Week5,Hiddenbrook,Week4,230.0 Hiddenbrook - 172.0 Village West
Village West,Week5,Lincolnia Park,Week2,242.0 Village West - 150.0 Lincolnia Park
Villa Aquatic,Week5,Tuckahoe,Week3,332.0 Tuckahoe - 70.0 Villa Aquatic
Village West,Week1,High Point Pool,Week3,294.0 High Point Pool - 108.0 Village West
Village West,Week4,Lincolnia Park,Week3,227.0 Village West - 159.0 Lincolnia Park
Village West,Week1,High Point Pool,Week2,311.0 High Point Pool - 91.0 Village West
Villa Aquatic,Week4,Holmes Run Acres,Week3,237.0 Holmes Run Acres - 165.0 Villa Aquatic
Villa Aquatic,Week1,Vienna Woods,Week1,317.0 Vienna Woods - 85.0 Villa Aquatic
Village West,Week3,Woodley,Week2,237.0 Village West - 165.0 Woodley
Villa Aquatic,Week2,Village West,Week3,239.0 Villa Aquatic - 163.0 Village West
Village West,Week5,Dominion Hills,Week4,291.0 Dominion Hills - 106.0 Village West
Villa Aquatic,Week4,Holmes Run Acres,Week5,258.0 Holmes Run Acres - 144.0 Villa Aquatic
Villa Aquatic,Week1,Vienna Woods,Week5,332.0 Vienna Woods - 70.0 Villa Aquatic
Village West,Week4,Old Keene Mill,Week5,222.0 Old Keene Mill - 175.0 Village West
Villa Aquatic,Week5,Villa Aquatic,Week2,253.0 Villa Aquatic (VA1) - 149.0 Villa Aquatic (VA2)
Village West,Week5,Sully Station II,Week1,284.0 Sully Station II - 118.0 Village West
Village West,Week5,Hiddenbrook,Week3,224.0 Hiddenbrook - 173.0 Village West
Village West,Week5,Lincolnia Park,Week4,247.0 Village West - 154.0 Lincolnia Park
Villa Aquatic,Week4,Hollin Meadows,Week3,217.0 Hollin Meadows - 185.0 Villa Aquatic
Village West,Week1,Orange Hunt,Week1,276.0 Orange Hunt - 126.0 Village West
Village West,Week5,Waynewood,Week3,309.0 Waynewood - 93.0 Village West
Villa Aquatic,Week2,Vienna Woods,Week3,325.0 Vienna Woods - 77.0 Villa Aquatic
Village West,Week1,Woodley,Week1,206.0 Village West - 196.0 Woodley
Village West,Week4,Old Keene Mill,Week1,206.0 Village West - 191.0 Old Keene Mill
Village West,Week2,Donaldson Run,Week1,330.0 Donaldson Run - 72.0 Village West
Villa Aquatic,Week3,Holmes Run Acres,Week1,222.0 Villa Aquatic - 180.0 Holmes Run Acres
Village West,Week2,Little Hunting Park,Week2,217.5 Village West - 182.5 Little Hunting Park
Villa Aquatic,Week5,Fox Hunt,Week5,204.5 Fox Hunt - 197.5 Villa Aquatic
Village West,Week1,Donaldson Run,Week2,325.0 Donaldson Run - 77.0 Village West
Village West,Week5,Hiddenbrook,Week2,207.0 Village West - 195.0 Hiddenbrook
Village West,Week4,Waynewood,Week4,296.0 Waynewood - 101.0 Village West
Village West,Week4,Truro,Week5,219.0 Truro - 177.0 Village West
Villa Aquatic,Week1,Fox Mill Estates,Week3,206.0 Villa Aquatic - 196.0 Fox Mill Estates
Villa Aquatic,Week3,Village West,Week1,286.5 Villa Aquatic - 115.5 Village West
Villa Aquatic,Week1,Holmes Run Acres,Week3,258.0 Holmes Run Acres - 144.0 Villa Aquatic
Villa Aquatic,Week4,Villa Aquatic,Week4,201.0 Villa Aquatic (VA1) - 201.0 Villa Aquatic (VA2)
Village West,Week1,Orange Hunt,Week5,291.0 Orange Hunt - 110.0 Village West
Villa Aquatic,Week2,Vienna Aquatic,Week3,305.0 Vienna Aquatic - 97.0 Villa Aquatic
Villa Aquatic,Week2,Fox Mill Estates,Week3,211.0 Villa Aquatic - 191.0 Fox Mill Estates
Village West,Week4,Old Keene Mill,Week3,210.0 Old Keene Mill - 187.0 Village West
Village West,Week4,Truro,Week2,201.0 Village West - 193.0 Truro
Villa Aquatic,Week1,Vienna Woods,Week2,315.0 Vienna Woods - 87.0 Villa Aquatic
Village West,Week1,High Point Pool,Week4,281.0 High Point Pool - 121.0 Village West
Villa Aquatic,Week2,Fox Mill Estates,Week2,222.0 Villa Aquatic - 180.0 Fox Mill Estates
Village West,Week2,Woodley,Week1,218.0 Village West - 184.0 Woodley
Villa Aquatic,Week2,Village West,Week2,256.0 Villa Aquatic - 146.0 Village West
Village West,Week1,High Point Pool,Week5,290.0 High Point Pool - 112.0 Village West
Villa Aquatic,Week2,Cottontail,Week4,202.0 Villa Aquatic - 200.0 Cottontail
Villa Aquatic,Week1,Village West,Week2,240.0 Villa Aquatic - 162.0 Village West
Village West,Week4,Truro,Week1,219.0 Truro - 177.0 Village West
Villa Aquatic,Week3,Vienna Aquatic,Week5,304.0 Vienna Aquatic - 98.0 Villa Aquatic
Village West,Week3,Woodley,Week1,242.0 Village West - 160.0 Woodley
Villa Aquatic,Week3,Villa Aquatic,Week5,204.0 Villa Aquatic (VA1) - 198.0 Villa Aquatic (VA2)
Village West,Week4,Lincolnia Park,Week2,246.0 Village West - 141.0 Lincolnia Park
Village West,Week1,Donaldson Run,Week4,323.0 Donaldson Run - 79.0 Village West
Villa Aquatic,Week1,Cottontail,Week2,210.0 Villa Aquatic - 192.0 Cottontail
Villa Aquatic,Week1,Holmes Run Acres,Week5,268.0 Holmes Run Acres - 134.0 Villa Aquatic
Village West,Week1,Dowden Terrace,Week5,290.0 Dowden Terrace - 112.0 Village West
Village West,Week3,Truro,Week2,214.0 Village West - 187.0 Truro
Village West,Week2,High Point Pool,Week2,306.5 High Point Pool - 95.5 Village West
Village West,Week3,Lincolnia Park,Week5,236.0 Village West - 156.0 Lincolnia Park
Villa Aquatic,Week1,Holmes Run Acres,Week2,212.0 Holmes Run Acres - 190.0 Villa Aquatic
Village West,Week4,Lincolnia Park,Week1,256.0 Village West - 139.0 Lincolnia Park
Village West,Week5,Sully Station II,Week5,330.5 Sully Station II - 71.5 Village West
Village West,Week5,Woodley,Week1,222.0 Village West - 179.0 Woodley
Villa Aquatic,Week1,Cottontail,Week4,203.0 Cottontail - 199.0 Villa Aquatic
Villa Aquatic,Week5,Villa Aquatic,Week5,201.0 Villa Aquatic (VA1) - 201.0 Villa Aquatic (VA2)
Villa Aquatic,Week1,Fox Mill Estates,Week4,219.0 Fox Mill Estates - 183.0 Villa Aquatic
Village West,Week5,Truro,Week5,219.0 Truro - 182.0 Village West
Village West,Week2,Donaldson Run,Week2,326.0 Donaldson Run - 76.0 Village West
Village West,Week2,Orange Hunt,Week1,273.5 Orange Hunt - 128.5 Village West
Villa Aquatic,Week3,Fox Mill Estates,Week2,236.0 Villa Aquatic - 166.0 Fox Mill Estates
Village West,Week1,Woodley,Week5,208.0 Village West - 193.0 Woodley
Villa Aquatic,Week3,Cottontail,Week1,241.5 Villa Aquatic - 160.5 Cottontail
Village West,Week5,Lincolnia Park,Week1,250.0 Village West - 150.0 Lincolnia Park
Villa Aquatic,Week3,Holmes Run Acres,Week5,223.0 Holmes Run Acres - 179.0 Villa Aquatic
Village West,Week1,Orange Hunt,Week4,278.0 Orange Hunt - 124.0 Village West
Villa Aquatic,Week2,Vienna Woods,Week2,302.0 Vienna Woods - 100.0 Villa Aquatic
Village West,Week4,Donaldson Run,Week3,320.0 Donaldson Run - 77.0 Village West
Village West,Week2,High Point Pool,Week5,293.0 High Point Pool - 108.0 Village West
Village West,Week5,Lincolnia Park,Week5,229.0 Village West - 162.0 Lincolnia Park
Village West,Week4,Lincolnia Park,Week5,226.0 Village West - 160.0 Lincolnia Park
Village West,Week1,Dowden Terrace,Week1,266.0 Dowden Terrace - 132.0 Village West
Village West,Week5,Hiddenbrook,Week1,204.0 Hiddenbrook - 197.0 Village West
Villa Aquatic,Week2,Fox Mill Estates,Week4,208.0 Fox Mill Estates - 194.0 Villa Aquatic
Village West,Week5,Woodley,Week2,215.0 Village West - 186.0 Woodley
Village West,Week5,Woodley,Week3,228.0 Village West - 174.0 Woodley
Villa Aquatic,Week5,Vienna Aquatic,Week1,269.0 Vienna Aquatic - 133.0 Villa Aquatic
Villa Aquatic,Week3,Fox Hunt,Week1,241.0 Villa Aquatic - 161.0 Fox Hunt
Villa Aquatic,Week2,Village West,Week5,252.0 Villa Aquatic - 150.0 Village West
Village West,Week4,High Point Pool,Week1,277.0 High Point Pool - 119.0 Village West
Villa Aquatic,Week2,Cottontail,Week1,206.0 Villa Aquatic - 196.0 Cottontail
Village West,Week1,Orange Hunt,Week2,283.0 Orange Hunt - 119.0 Village West
Village West,Week4,Dowden Terrace,Week2,266.0 Dowden Terrace - 131.0 Village West
Village West,Week2,Tuckahoe,Week1,361.0 Tuckahoe - 41.0 Village West
Villa Aquatic,Week3,Vienna Aquatic,Week2,261.5 Vienna Aquatic - 140.5 Villa Aquatic
Villa Aquatic,Week5,Hollin Meadows,Week4,208.0 Villa Aquatic - 194.0 Hollin Meadows
Villa Aquatic,Week5,Fox Hunt,Week3,202.0 Fox Hunt - 200.0 Villa Aquatic
Village West,Week2,Orange Hunt,Week4,276.0 Orange Hunt - 126.0 Village West
Village West,Week3,Dowden Terrace,Week2,248.5 Dowden Terrace - 153.5 Village West
Villa Aquatic,Week1,Vienna Woods,Week3,328.0 Vienna Woods - 74.0 Villa Aquatic
Villa Aquatic,Week3,Cottontail,Week5,234.0 Villa Aquatic - 168.0 Cottontail
Village West,Week2,Lincolnia Park,Week5,222.0 Village West - 170.0 Lincolnia Park
Village West,Week4,Waynewood,Week1,284.0 Waynewood - 113.0 Village West
Village West,Week4,High Point Pool,Week3,275.0 High Point Pool - 122.0 Village West
Villa Aquatic,Week3,Villa Aquatic,Week1,263.0 Villa Aquatic (VA1) - 139.0 Villa Aquatic (VA2)
Village West,Week1,Truro,Week1,225.0 Truro - 176.0 Village West
Village West,Week5,Old Keene Mill,Week3,222.0 Old Keene Mill - 180.0 Village West
Village West,Week1,Truro,Week2,205.0 Village West - 196.0 Truro
Villa Aquatic,Week4,Hollin Meadows,Week2,208.0 Villa Aquatic - 194.0 Hollin Meadows
Villa Aquatic,Week5,Hollin Meadows,Week2,219.5 Villa Aquatic - 182.5 Hollin Meadows
Villa Aquatic,Week4,Fox Hunt,Week5,222.0 Fox Hunt - 180.0 Villa Aquatic
Village West,Week1,Woodley,Week2,208.0 Village West - 193.0 Woodley
Village West,Week5,Sully Station II,Week2,309.0 Sully Station II - 93.0 Village West
Villa Aquatic,Week5,Villa Aquatic,Week1,251.0 Villa Aquatic (VA1) - 151.0 Villa Aquatic (VA2)
Villa Aquatic,Week3,Villa Aquatic,Week3,201.0 Villa Aquatic (VA1) - 201.0 Villa Aquatic (VA2)
Village West,Week5,Donaldson Run,Week1,324.0 Donaldson Run - 78.0 Village West
Village West,Week1,Woodley,Week3,207.0 Village West - 194.0 Woodley
Village West,Week1,Little Hunting Park,Week2,202.0 Village West - 198.0 Little Hunting Park
Village West,Week3,Old Keene Mill,Week2,210.0 Village West - 192.0 Old Keene Mill
Village West,Week1,Little Hunting Park,Week4,201.0 Village West - 200.0 Little Hunting Park
Village West,Week2,Dowden Terrace,Week4,273.0 Dowden Terrace - 129.0 Village West
Villa Aquatic,Week5,Fox Hunt,Week4,224.0 Villa Aquatic - 178.0 Fox Hunt
Villa Aquatic,Week3,Villa Aquatic,Week2,259.5 Villa Aquatic (VA1) - 142.5 Villa Aquatic (VA2)
Villa Aquatic,Week1,Vienna Aquatic,Week4,301.0 Vienna Aquatic - 101.0 Villa Aquatic
Villa Aquatic,Week4,Vienna Aquatic,Week1,279.0 Vienna Aquatic - 123.0 Villa Aquatic
Village West,Week3,Old Keene Mill,Week5,212.0 Old Keene Mill - 190.0 Village West
Village West,Week4,Donaldson Run,Week5,343.0 Donaldson Run - 54.0 Village West
Village West,Week3,High Point Pool,Week3,279.0 High Point Pool - 123.0 Village West
Villa Aquatic,Week1,Cottontail,Week5,216.0 Cottontail - 186.0 Villa Aquatic
Village West,Week2,Truro,Week2,200.5 Truro - 200.5 Village West
Village West,Week5,High Point Pool,Week2,305.0 High Point Pool - 97.0 Village West
Villa Aquatic,Week5,Hollin Meadows,Week3,204.5 Villa Aquatic - 197.5 Hollin Meadows
Villa Aquatic,Week4,Hollin Meadows,Week5,207.0 Hollin Meadows - 195.0 Villa Aquatic
Village West,Week1,Little Hunting Park,Week5,239.0 Little Hunting Park - 163.0 Village West
Village West,Week2,Truro,Week5,221.0 Truro - 180.0 Village West
Villa Aquatic,Week4,Villa Aquatic,Week5,232.0 Villa Aquatic (VA2) - 170.0 Villa Aquatic (VA1)
Village West,Week3,High Point Pool,Week5,270.0 High Point Pool - 132.0 Village West
Village West,Week1,Truro,Week4,212.0 Truro - 190.0 Village West
Village West,Week1,Little Hunting Park,Week3,201.0 Little Hunting Park - 201.0 Village West
Villa Aquatic,Week1,Village West,Week1,252.0 Villa Aquatic - 150.0 Village West
Villa Aquatic,Week1,Vienna Aquatic,Week5,317.0 Vienna Aquatic - 85.0 Villa Aquatic
Village West,Week1,Orange Hunt,Week3,282.0 Orange Hunt - 120.0 Village West
Village West,Week3,High Point Pool,Week4,280.0 High Point Pool - 122.0 Village West
Village West,Week3,Truro,Week1,214.0 Truro - 188.0 Village West
Villa Aquatic,Week1,Holmes Run Acres,Week1,220.0 Holmes Run Acres - 182.0 Villa Aquatic
Village West,Week2,Dowden Terrace,Week2,264.0 Dowden Terrace - 138.0 Village West
Village West,Week3,Woodley,Week4,235.0 Village West - 167.0 Woodley
Villa Aquatic,Week2,Vienna Aquatic,Week5,315.0 Vienna Aquatic - 87.0 Villa Aquatic
Village West,Week4,High Point Pool,Week5,278.0 High Point Pool - 119.0 Village West
Village West,Week3,High Point Pool,Week2,284.0 High Point Pool - 118.0 Village West
Village West,Week5,Donaldson Run,Week5,340.5 Donaldson Run - 61.5 Village West
Villa Aquatic,Week2,Cottontail,Week3,215.0 Villa Aquatic - 187.0 Cottontail
Village West,Week5,Lincolnia Park,Week3,230.0 Village West - 161.0 Lincolnia Park
Villa Aquatic,Week1,Holmes Run Acres,Week4,220.0 Holmes Run Acres - 182.0 Villa Aquatic
Villa Aquatic,Week3,Fox Mill Estates,Week1,267.0 Villa Aquatic - 135.0 Fox Mill Estates
Village West,Week2,Truro,Week1,221.0 Truro - 180.0 Village West
Villa Aquatic,Week5,Fox Hunt,Week1,230.0 Villa Aquatic - 172.0 Fox Hunt
Villa Aquatic,Week2,Cottontail,Week2,216.0 Villa Aquatic - 186.0 Cottontail
Villa Aquatic,Week3,Fox Hunt,Week2,238.0 Villa Aquatic - 164.0 Fox Hunt
Villa Aquatic,Week5,Tuckahoe,Week4,343.0 Tuckahoe - 59.0 Villa Aquatic
Village West,Week1,High Point Pool,Week1,286.0 High Point Pool - 116.0 Village West
Village West,Week2,Orange Hunt,Week2,269.0 Orange Hunt - 133.0 Village West
Village West,Week3,Woodley,Week3,229.0 Village West - 173.0 Woodley
Villa Aquatic,Week4,Cottontail,Week1,221.0 Villa Aquatic - 181.0 Cottontail
Village West,Week2,Woodley,Week2,209.0 Village West - 192.0 Woodley
Village West,Week2,Woodley,Week3,216.0 Village West - 186.0 Woodley
Village West,Week3,Old Keene Mill,Week3,212.0 Old Keene Mill - 190.0 Village West
Villa Aquatic,Week4,Vienna Aquatic,Week5,309.0 Vienna Aquatic - 93.0 Villa Aquatic
Villa Aquatic,Week3,Village West,Week2,289.0 Villa Aquatic - 113.0 Village West
Village West,Week2,Dowden Terrace,Week1,266.0 Dowden Terrace - 132.0 Village West
Villa Aquatic,Week5,Hollin Meadows,Week5,203.0 Hollin Meadows - 199.0 Villa Aquatic
Villa Aquatic,Week4,Villa Aquatic,Week1,232.0 Villa Aquatic (VA1) - 170.0 Villa Aquatic (VA2)
Villa Aquatic,Week1,Fox Mill Estates,Week1,227.0 Villa Aquatic - 175.0 Fox Mill Estates
Villa Aquatic,Week5,Vienna Aquatic,Week5,306.0 Vienna Aquatic - 96.0 Villa Aquatic
Village West,Week3,Lincolnia Park,Week2,273.0 Village West - 119.0 Lincolnia Park
Village West,Week3,Old Keene Mill,Week4,204.0 Village West - 198.0 Old Keene Mill
Villa Aquatic,Week3,Hollin Meadows,Week4,228.0 Villa Aquatic - 174.0 Hollin Meadows
Village West,Week5,Dowden Terrace,Week5,287.0 Dowden Terrace - 115.0 Village West
Villa Aquatic,Week5,Fox Hunt,Week2,219.0 Villa Aquatic - 183.0 Fox Hunt
Village West,Week4,Waynewood,Week3,315.0 Waynewood - 82.0 Village West
Villa Aquatic,Week2,Vienna Aquatic,Week2,285.0 Vienna Aquatic - 117.0 Villa Aquatic
Village West,Week3,Truro,Week4,213.0 Truro - 189.0 Village West
Villa Aquatic,Week3,Village West,Week5,273.0 Villa Aquatic - 129.0 Village West
Villa Aquatic,Week1,Vienna Aquatic,Week3,301.0 Vienna Aquatic - 101.0 Villa Aquatic
Village West,Week5,High Point Pool,Week3,290.0 High Point Pool - 112.0 Village West
Village West,Week2,Dowden Terrace,Week3,272.0 Dowden Terrace - 130.0 Village West
Village West,Week2,High Point Pool,Week4,295.0 High Point Pool - 107.0 Village West
Villa Aquatic,Week4,Cottontail,Week3,229.0 Villa Aquatic - 173.0 Cottontail
Villa Aquatic,Week4,Hollin Meadows,Week1,220.0 Hollin Meadows - 182.0 Villa Aquatic
Village West,Week2,Little Hunting Park,Week1,215.0 Village West - 183.0 Little Hunting Park
Village West,Week3,Donaldson Run,Week5,329.0 Donaldson Run - 73.0 Village West
Village West,Week2,Truro,Week4,212.0 Truro - 190.0 Village West
Villa Aquatic,Week1,Cottontail,Week1,206.0 Cottontail - 196.0 Villa Aquatic
Villa Aquatic,Week3,Village West,Week4,266.0 Villa Aquatic - 131.0 Village West
Village West,Week4,Woodley,Week3,229.0 Village West - 168.0 Woodley
Villa Aquatic,Week5,Village West,Week2,273.0 Villa Aquatic - 129.0 Village West
Village West,Week2,Little Hunting Park,Week4,201.0 Little Hunting Park - 199.0 Village West
Villa Aquatic,Week5,Hollin Meadows,Week1,206.0 Hollin Meadows - 196.0 Villa Aquatic
Village West,Week1,Little Hunting Park,Week1,214.0 Village West - 184.0 Little Hunting Park
Village West,Week3,Orange Hunt,Week1,252.0 Orange Hunt - 150.0 Village West
Village West,Week2,Orange Hunt,Week5,294.0 Orange Hunt - 108.0 Village West
Villa Aquatic,Week3,Vienna Aquatic,Week3,273.0 Vienna Aquatic - 129.0 Villa Aquatic
Villa Aquatic,Week3,Fox Mill Estates,Week4,239.0 Villa Aquatic - 163.0 Fox Mill Estates
Villa Aquatic,Week3,Fox Mill Estates,Week3,241.0 Villa Aquatic - 161.0 Fox Mill Estates
Village West,Week1,Dowden Terrace,Week4,269.0 Dowden Terrace - 133.0 Village West
Village West,Week2,High Point Pool,Week3,299.0 High Point Pool - 103.0 Village West
Village West,Week4,Truro,Week3,200.0 Truro - 197.0 Village West
Village West,Week3,Orange Hunt,Week3,260.0 Orange Hunt - 142.0 Village West
Village West,Week5,Waynewood,Week4,299.0 Waynewood - 103.0 Village West
Villa Aquatic,Week3,Hollin Meadows,Week5,212.0 Villa Aquatic - 190.0 Hollin Meadows
Village West,Week4,Orange Hunt,Week3,271.0 Orange Hunt - 126.0 Village West
Village West,Week3,High Point Pool,Week1,266.0 High Point Pool - 136.0 Village West
Village West,Week5,Truro,Week3,211.0 Village West - 191.0 Truro
Villa Aquatic,Week4,Virginia Hills,Week1,337.0 Villa Aquatic - 65.0 Virginia Hills
Village West,Week3,Lincolnia Park,Week4,257.0 Village West - 145.0 Lincolnia Park
Village West,Week5,Waynewood,Week2,287.0 Waynewood - 115.0 Village West
Village West,Week2,Little Hunting Park,Week5,224.0 Little Hunting Park - 174.0 Village West
Villa Aquatic,Week2,Holmes Run Acres,Week2,217.0 Holmes Run Acres - 185.0 Villa Aquatic
Village West,Week4,Orange Hunt,Week1,268.0 Orange Hunt - 129.0 Village West
Village West,Week1,Dowden Terrace,Week3,271.0 Dowden Terrace - 131.0 Village West
Village West,Week5,Truro,Week1,218.0 Truro - 183.0 Village West
Villa Aquatic,Week1,Virginia Hills,Week3,335.0 Villa Aquatic - 67.0 Virginia Hills
Villa Aquatic,Week4,Vienna Aquatic,Week2,286.0 Vienna Aquatic - 116.0 Villa Aquatic
Villa Aquatic,Week2,Holmes Run Acres,Week1,214.0 Holmes Run Acres - 188.0 Villa Aquatic
Village West,Week3,Orange Hunt,Week4,269.0 Orange Hunt - 133.0 Village West
Village West,Week3,Lincolnia Park,Week1,272.0 Village West - 128.0 Lincolnia Park
Village West,Week4,High Point Pool,Week2,292.0 High Point Pool - 105.0 Village West
Villa Aquatic,Week4,Fox Mill Estates,Week1,246.0 Villa Aquatic - 156.0 Fox Mill Estates
Village West,Week4,Waynewood,Week2,293.0 Waynewood - 104.0 Village West
Villa Aquatic,Week2,Fox Mill Estates,Week5,209.0 Villa Aquatic - 193.0 Fox Mill Estates
Villa Aquatic,Week4,Vienna Aquatic,Week4,286.0 Vienna Aquatic - 116.0 Villa Aquatic
Villa Aquatic,Week4,Fox Mill Estates,Week3,225.0 Villa Aquatic - 177.0 Fox Mill Estates
Village West,Week2,Dowden Terrace,Week5,292.0 Dowden Terrace - 110.0 Village West
Village West,Week5,Donaldson Run,Week3,324.0 Donaldson Run - 78.0 Village West
Villa Aquatic,Week4,Virginia Hills,Week3,344.0 Villa Aquatic - 58.0 Virginia Hills
Village West,Week3,Little Hunting Park,Week1,226.0 Village West - 175.0 Little Hunting Park
Village West,Week3,Overlee,Week3,361.0 Overlee - 41.0 Village West
Village West,Week5,High Point Pool,Week5,284.0 High Point Pool - 118.0 Village West
Villa Aquatic,Week2,Fox Mill Woods,Week3,264.0 Fox Mill Woods - 138.0 Villa Aquatic
Village West,Week5,Truro,Week4,213.0 Truro - 189.0 Village West
Village West,Week1,Tuckahoe,Week1,355.0 Tuckahoe - 47.0 Village West
Villa Aquatic,Week4,Holmes Run Acres,Week2,203.0 Holmes Run Acres - 199.0 Villa Aquatic
Villa Aquatic,Week4,Fox Mill Estates,Week4,219.0 Villa Aquatic - 183.0 Fox Mill Estates
Villa Aquatic,Week5,Vienna Aquatic,Week3,278.0 Vienna Aquatic - 124.0 Villa Aquatic
Village West,Week2,Lincolnia Park,Week4,234.0 Village West - 166.0 Lincolnia Park
Village West,Week5,Donaldson Run,Week2,318.0 Donaldson Run - 84.0 Village West
Villa Aquatic,Week2,Holmes Run Acres,Week4,208.0 Holmes Run Acres - 194.0 Villa Aquatic
Village West,Week5,Donaldson Run,Week4,327.0 Donaldson Run - 75.0 Village West
Villa Aquatic,Week3,Holmes Run Acres,Week2,225.0 Villa Aquatic - 177.0 Holmes Run Acres
Villa Aquatic,Week5,Village West,Week1,277.0 Villa Aquatic - 125.0 Village West
Village West,Week5,Waynewood,Week5,319.0 Waynewood - 83.0 Village West
Village West,Week3,Tuckahoe,Week1,345.0 Tuckahoe - 57.0 Village West
Villa Aquatic,Week4,Hollin Meadows,Week4,208.0 Hollin Meadows - 194.0 Villa Aquatic
Villa Aquatic,Week5,Village West,Week4,261.0 Villa Aquatic - 136.0 Village West
Village West,Week1,Highland Park,Week1,277.0 Highland Park - 125.0 Village West
Village West,Week5,High Point Pool,Week4,297.0 High Point Pool - 105.0 Village West
Villa Aquatic,Week5,Vienna Aquatic,Week4,276.0 Vienna Aquatic - 126.0 Villa Aquatic
Village West,Week1,Dowden Terrace,Week2,268.0 Dowden Terrace - 134.0 Village West
Villa Aquatic,Week4,Fox Mill Estates,Week5,233.0 Villa Aquatic - 169.0 Fox Mill Estates
Villa Aquatic,Week3,Vienna Aquatic,Week4,262.0 Vienna Aquatic - 140.0 Villa Aquatic
Village West,Week2,Woodley,Week4,222.0 Village West - 180.0 Woodley
Villa Aquatic,Week4,Vienna Aquatic,Week3,291.5 Vienna Aquatic - 110.5 Villa Aquatic
Villa Aquatic,Week5,Vienna Aquatic,Week2,262.5 Vienna Aquatic - 139.5 Villa Aquatic
Village West,Week3,Lincolnia Park,Week3,237.0 Village West - 155.0 Lincolnia Park
Villa Aquatic,Week4,Village West,Week2,271.0 Villa Aquatic - 131.0 Village West
Village West,Week4,Overlee,Week4,384.0 Overlee - 13.0 Village West
Villa Aquatic,Week5,Village West,Week5,261.0 Villa Aquatic - 141.0 Village West
Villa Aquatic,Week5,Fox Mill Estates,Week3,240.0 Villa Aquatic - 162.0 Fox Mill Estates
Village West,Week2,Tuckahoe,Week2,362.0 Tuckahoe - 40.0 Village West
Village West,Week1,Tuckahoe,Week5,363.0 Tuckahoe - 39.0 Village West
Villa Aquatic,Week3,Holmes Run Acres,Week4,223.0 Villa Aquatic - 179.0 Holmes Run Acres
Village West,Week2,Woodley,Week5,221.0 Village West - 180.0 Woodley
Village West,Week4,Highland Park,Week4,281.5 Highland Park - 115.5 Village West
Village West,Week1,Woodley,Week4,222.5 Village West - 179.5 Woodley
Village West,Week3,Dowden Terrace,Week1,252.0 Dowden Terrace - 149.0 Village West
Village West,Week2,Little Hunting Park,Week3,206.0 Little Hunting Park - 196.0 Village West
Village West,Week4,Overlee,Week1,364.0 Overlee - 33.0 Village West
Village West,Week4,Waynewood,Week5,313.0 Waynewood - 84.0 Village West
Village West,Week5,Overlee,Week2,373.0 Overlee - 29.0 Village West
Village West,Week1,Overlee,Week5,381.0 Overlee - 21.0 Village West
Village West,Week4,Donaldson Run,Week1,322.0 Donaldson Run - 75.0 Village West
Village West,Week4,Woodley,Week1,227.0 Village West - 170.0 Woodley
Village West,Week1,Highlands Swim,Week1,351.0 Highlands Swim - 51.0 Village West
Village West,Week1,Highlands Swim,Week4,349.0 Highlands Swim - 53.0 Village West
Villa Aquatic,Week5,Holmes Run Acres,Week2,210.0 Villa Aquatic - 192.0 Holmes Run Acres
Villa Aquatic,Week4,Village West,Week5,268.0 Villa Aquatic - 134.0 Village West
Village West,Week4,Donaldson Run,Week2,314.0 Donaldson Run - 83.0 Village West
Village West,Week5,Orange Hunt,Week5,275.0 Orange Hunt - 127.0 Village West
Villa Aquatic,Week1,Vienna Woods,Week4,307.0 Vienna Woods - 95.0 Villa Aquatic
Villa Aquatic,Week5,Holmes Run Acres,Week1,212.0 Villa Aquatic - 190.0 Holmes Run Acres
Village West,Week1,Little Rocky Run,Week1,317.0 Little Rocky Run - 85.0 Village West
Village West,Week5,Orange Hunt,Week3,264.0 Orange Hunt - 138.0 Village West
Villa Aquatic,Week4,Vienna Woods,Week5,321.0 Vienna Woods - 81.0 Villa Aquatic
Villa Aquatic,Week3,Fox Mill Woods,Week1,241.0 Fox Mill Woods - 161.0 Villa Aquatic
Villa Aquatic,Week4,Village West,Week4,266.0 Villa Aquatic - 131.0 Village West
Villa Aquatic,Week2,Vienna Woods,Week1,309.0 Vienna Woods - 93.0 Villa Aquatic
Village West,Week3,Little Hunting Park,Week3,224.0 Village West - 178.0 Little Hunting Park
Village West,Week3,Tuckahoe,Week2,362.0 Tuckahoe - 40.0 Village West
Village West,Week1,Tuckahoe,Week4,362.0 Tuckahoe - 40.0 Village West
Villa Aquatic,Week4,Holmes Run Acres,Week4,204.0 Holmes Run Acres - 198.0 Villa Aquatic
Village West,Week3,Woodley,Week5,229.0 Village West - 173.0 Woodley
Village West,Week3,Little Hunting Park,Week2,222.0 Village West - 180.0 Little Hunting Park
Village West,Week4,Highland Park,Week3,267.0 Highland Park - 130.0 Village West
Villa Aquatic,Week3,Fox Mill Woods,Week3,221.0 Fox Mill Woods - 181.0 Villa Aquatic
Village West,Week2,Highland Park,Week3,257.5 Highland Park - 144.5 Village West
Villa Aquatic,Week3,Fox Mill Woods,Week4,256.0 Fox Mill Woods - 146.0 Villa Aquatic
Village West,Week1,Tuckahoe,Week3,366.0 Tuckahoe - 36.0 Village West
Villa Aquatic,Week1,Virginia Hills,Week2,330.0 Villa Aquatic - 72.0 Virginia Hills
Village West,Week4,Donaldson Run,Week4,326.0 Donaldson Run - 71.0 Village West
Village West,Week4,Woodley,Week2,209.0 Village West - 187.0 Woodley
Villa Aquatic,Week1,Virginia Hills,Week4,338.0 Villa Aquatic - 64.0 Virginia Hills
Village West,Week5,Highland Park,Week1,278.0 Highland Park - 124.0 Village West
Villa Aquatic,Week4,Fox Mill Woods,Week1,256.0 Fox Mill Woods - 146.0 Villa Aquatic
Village West,Week4,Woodley,Week4,228.0 Village West - 169.0 Woodley
Villa Aquatic,Week5,Vienna Woods,Week4,267.0 Vienna Woods - 135.0 Villa Aquatic
Villa Aquatic,Week2,Villa Aquatic,Week3,259.5 Villa Aquatic (VA2) - 142.5 Villa Aquatic (VA1)
Village West,Week3,Dowden Terrace,Week4,255.0 Dowden Terrace - 147.0 Village West
Village West,Week2,Tuckahoe,Week3,377.0 Tuckahoe - 25.0 Village West
Village West,Week3,Tuckahoe,Week3,368.0 Tuckahoe - 34.0 Village West
Villa Aquatic,Week5,Fox Mill Estates,Week5,239.0 Villa Aquatic - 163.0 Fox Mill Estates
Village West,Week5,Little Hunting Park,Week3,204.0 Village West - 198.0 Little Hunting Park
Village West,Week2,Overlee,Week5,385.0 Overlee - 17.0 Village West
Village West,Week1,Highland Park,Week3,263.0 Highland Park - 139.0 Village West
Villa Aquatic,Week1,Virginia Hills,Week1,327.0 Villa Aquatic - 75.0 Virginia Hills
Villa Aquatic,Week4,Fox Mill Woods,Week2,249.0 Fox Mill Woods - 153.0 Villa Aquatic
Village West,Week4,Overlee,Week3,365.0 Overlee - 32.0 Village West
Villa Aquatic,Week5,Holmes Run Acres,Week4,207.0 Villa Aquatic - 195.0 Holmes Run Acres
Village West,Week4,Woodley,Week5,208.0 Village West - 188.0 Woodley
Village West,Week3,Dowden Terrace,Week3,254.0 Dowden Terrace - 148.0 Village West
Village West,Week3,Little Hunting Park,Week5,204.0 Little Hunting Park - 197.0 Village West
Villa Aquatic,Week5,Holmes Run Acres,Week3,228.0 Holmes Run Acres - 174.0 Villa Aquatic
Village West,Week3,Overlee,Week5,380.0 Overlee - 22.0 Village West
Village West,Week5,Little Hunting Park,Week4,203.0 Little Hunting Park - 198.0 Village West
Villa Aquatic,Week3,Vienna Woods,Week5,317.0 Vienna Woods - 85.0 Villa Aquatic
Villa Aquatic,Week4,Fox Mill Woods,Week4,268.0 Fox Mill Woods - 134.0 Villa Aquatic
Village West,Week3,Tuckahoe,Week5,364.0 Tuckahoe - 38.0 Village West
Villa Aquatic,Week4,Vienna Woods,Week4,294.0 Vienna Woods - 108.0 Villa Aquatic
Village West,Week1,Highland Park,Week5,285.0 Highland Park - 117.0 Village West
Villa Aquatic,Week4,Village West,Week3,254.0 Villa Aquatic - 148.0 Village West
Villa Aquatic,Week2,Virginia Hills,Week2,337.0 Villa Aquatic - 65.0 Virginia Hills
Villa Aquatic,Week5,Vienna Woods,Week5,311.0 Vienna Woods - 91.0 Villa Aquatic
Village West,Week3,Tuckahoe,Week4,364.5 Tuckahoe - 37.5 Village West
Village West,Week3,Little Rocky Run,Week4,308.0 Little Rocky Run - 94.0 Village West
Villa Aquatic,Week3,Virginia Hills,Week3,357.0 Villa Aquatic - 45.0 Virginia Hills
Village West,Week5,Little Hunting Park,Week5,224.0 Little Hunting Park - 178.0 Village West
Village West,Week4,Dowden Terrace,Week4,265.0 Dowden Terrace - 132.0 Village West
Villa Aquatic,Week1,Hunt Valley,Week2,302.0 Hunt Valley - 100.0 Villa Aquatic
Village West,Week2,Tuckahoe,Week5,366.0 Tuckahoe - 36.0 Village West
Village West,Week5,Orange Hunt,Week2,259.0 Orange Hunt - 143.0 Village West
Village West,Week1,Highlands Swim,Week2,354.0 Highlands Swim - 48.0 Village West
Villa Aquatic,Week1,Hunt Valley,Week4,308.0 Hunt Valley - 94.0 Villa Aquatic
Virginia Hills,Week5,Annandale,Week3,268.0 Annandale - 134.0 Virginia Hills
Villa Aquatic,Week1,Fox Mill Woods,Week3,273.0 Fox Mill Woods - 129.0 Villa Aquatic
Village West,Week1,Overlee,Week2,368.0 Overlee - 34.0 Village West
Village West,Week4,Little Rocky Run,Week5,328.0 Little Rocky Run - 69.0 Village West
Village West,Week4,Little Rocky Run,Week1,311.0 Little Rocky Run - 86.0 Village West
Villa Aquatic,Week5,Fox Mill Woods,Week1,251.0 Fox Mill Woods - 151.0 Villa Aquatic
Villa Aquatic,Week1,Hunt Valley,Week1,288.0 Hunt Valley - 114.0 Villa Aquatic
Village West,Week5,Dowden Terrace,Week1,263.0 Dowden Terrace - 130.0 Village West
Villa Aquatic,Week5,Fox Mill Estates,Week4,226.0 Villa Aquatic - 176.0 Fox Mill Estates
Virginia Hills,Week3,Annandale,Week5,311.0 Annandale - 91.0 Virginia Hills
Village West,Week3,Dowden Terrace,Week5,279.0 Dowden Terrace - 123.0 Village West
Villa Aquatic,Week1,Hunt Valley,Week3,317.0 Hunt Valley - 85.0 Villa Aquatic
Village West,Week3,Highland Park,Week3,244.0 Highland Park - 158.0 Village West
Village West,Week4,Tuckahoe,Week2,369.0 Tuckahoe - 28.0 Village West
Virginia Hills,Week1,Annandale,Week5,303.0 Annandale - 98.0 Virginia Hills
Village West,Week4,Overlee,Week5,379.0 Overlee - 18.0 Village West
Village West,Week3,Highlands Swim,Week2,343.0 Highlands Swim - 59.0 Village West
Villa Aquatic,Week1,Hunt Valley,Week5,319.0 Hunt Valley - 83.0 Villa Aquatic
Virginia Hills,Week1,Annandale,Week2,295.0 Annandale - 107.0 Virginia Hills
Village West,Week4,Tuckahoe,Week1,363.0 Tuckahoe - 34.0 Village West
Virginia Hills,Week1,Arlington Forest,Week1,360.0 Arlington Forest - 42.0 Virginia Hills
Villa Aquatic,Week4,Virginia Hills,Week4,342.0 Villa Aquatic - 60.0 Virginia Hills
Villa Aquatic,Week5,Vienna Woods,Week3,300.5 Vienna Woods - 101.5 Villa Aquatic
Villa Aquatic,Week5,Vienna Woods,Week2,285.0 Vienna Woods - 117.0 Villa Aquatic
Village West,Week1,Overlee,Week1,366.0 Overlee - 36.0 Village West
Villa Aquatic,Week3,Virginia Hills,Week5,344.0 Villa Aquatic - 58.0 Virginia Hills
Village West,Week4,Dowden Terrace,Week1,260.0 Dowden Terrace - 133.0 Village West
Village West,Week4,Dowden Terrace,Week3,266.0 Dowden Terrace - 131.0 Village West
Virginia Hills,Week4,Annandale,Week5,314.0 Annandale - 87.0 Virginia Hills
Villa Aquatic,Week1,Fox Mill Woods,Week5,276.0 Fox Mill Woods - 126.0 Villa Aquatic
Village West,Week2,Tuckahoe,Week4,373.0 Tuckahoe - 29.0 Village West
Village West,Week4,Dowden Terrace,Week5,280.0 Dowden Terrace - 117.0 Village West
Villa Aquatic,Week1,Pinewood Lake,Week3,363.0 Villa Aquatic - 35.0 Pinewood Lake
Village West,Week5,Woodley,Week4,221.0 Village West - 176.0 Woodley
Village West,Week1,Little Rocky Run,Week3,338.0 Little Rocky Run - 64.0 Village West
Village West,Week2,Overlee,Week4,393.0 Overlee - 9.0 Village West
Village West,Week3,Highland Park,Week2,259.0 Highland Park - 143.0 Village West
Virginia Hills,Week2,Annandale,Week3,302.0 Annandale - 100.0 Virginia Hills
Villa Aquatic,Week2,Virginia Hills,Week5,320.0 Villa Aquatic - 82.0 Virginia Hills
Villa Aquatic,Week4,Fox Mill Woods,Week5,257.0 Fox Mill Woods - 145.0 Villa Aquatic
Villa Aquatic,Week3,Pinewood Lake,Week1,372.0 Villa Aquatic - 29.0 Pinewood Lake
Villa Aquatic,Week1,Pinewood Lake,Week5,349.0 Villa Aquatic - 50.0 Pinewood Lake
Villa Aquatic,Week5,Holmes Run Acres,Week5,247.0 Holmes Run Acres - 155.0 Villa Aquatic
Village West,Week1,Little Rocky Run,Week2,305.0 Little Rocky Run - 97.0 Village West
Villa Aquatic,Week3,Virginia Hills,Week1,358.0 Villa Aquatic - 44.0 Virginia Hills
Villa Aquatic,Week2,Hunt Valley,Week1,279.0 Hunt Valley - 123.0 Villa Aquatic
Villa Aquatic,Week3,Fox Mill Woods,Week2,226.0 Fox Mill Woods - 176.0 Villa Aquatic
Village West,Week3,Overlee,Week1,357.5 Overlee - 44.5 Village West
Village West,Week5,Little Rocky Run,Week2,309.0 Little Rocky Run - 93.0 Village West
Village West,Week5,Highland Park,Week2,266.0 Highland Park - 136.0 Village West
Villa Aquatic,Week5,Village West,Week3,252.0 Villa Aquatic - 150.0 Village West
Village West,Week4,Orange Hunt,Week5,282.0 Orange Hunt - 115.0 Village West
Villa Aquatic,Week4,Vienna Woods,Week2,294.0 Vienna Woods - 108.0 Villa Aquatic
Villa Aquatic,Week3,Vienna Woods,Week4,276.0 Vienna Woods - 126.0 Villa Aquatic
Village West,Week5,Dowden Terrace,Week2,269.0 Dowden Terrace - 133.0 Village West
Villa Aquatic,Week2,Vienna Woods,Week4,294.5 Vienna Woods - 107.5 Villa Aquatic
Village West,Week5,Dowden Terrace,Week3,272.0 Dowden Terrace - 130.0 Village West
Village West,Week1,Highland Park,Week4,280.0 Highland Park - 122.0 Village West
Village West,Week3,Highland Park,Week4,261.0 Highland Park - 141.0 Village West
Virginia Hills,Week1,Annandale,Week1,275.0 Annandale - 127.0 Virginia Hills
Village West,Week2,Highland Park,Week4,278.0 Highland Park - 124.0 Village West
Village West,Week4,Orange Hunt,Week2,266.0 Orange Hunt - 131.0 Village West
Villa Aquatic,Week1,Villa Aquatic,Week1,201.0 Villa Aquatic (VA1) - 201.0 Villa Aquatic (VA2)
Village West,Week1,Dunn Loring,Week1,296.0 Dunn Loring - 106.0 Village West
Villa Aquatic,Week5,Fox Mill Woods,Week4,254.0 Fox Mill Woods - 148.0 Villa Aquatic
Village West,Week3,Little Rocky Run,Week1,297.0 Little Rocky Run - 105.0 Village West
Villa Aquatic,Week4,Pinecrest,Week1,249.0 Pinecrest - 153.0 Villa Aquatic
Village West,Week5,Dowden Terrace,Week4,271.0 Dowden Terrace - 131.0 Village West
Virginia Hills,Week1,Annandale,Week3,297.0 Annandale - 105.0 Virginia Hills
Villa Aquatic,Week3,Virginia Hills,Week2,365.0 Villa Aquatic - 37.0 Virginia Hills
Villa Aquatic,Week1,Pinewood Lake,Week2,358.0 Villa Aquatic - 40.0 Pinewood Lake
Village West,Week2,Little Rocky Run,Week2,311.0 Little Rocky Run - 91.0 Village West
Villa Aquatic,Week4,Vienna Woods,Week3,301.0 Vienna Woods - 101.0 Villa Aquatic
Villa Aquatic,Week5,Fox Mill Woods,Week3,243.0 Fox Mill Woods - 159.0 Villa Aquatic
Village West,Week5,Orange Hunt,Week1,250.5 Orange Hunt - 151.5 Village West
Village West,Week5,Woodley,Week5,213.0 Village West - 188.0 Woodley
Village West,Week2,Overlee,Week1,371.0 Overlee - 31.0 Village West
Village West,Week4,Little Rocky Run,Week3,328.0 Little Rocky Run - 69.0 Village West
Villa Aquatic,Week2,Fox Mill Woods,Week2,254.0 Fox Mill Woods - 148.0 Villa Aquatic
Villa Aquatic,Week2,Virginia Hills,Week4,333.0 Villa Aquatic - 69.0 Virginia Hills
Villa Aquatic,Week4,Pinewood Lake,Week1,367.0 Villa Aquatic - 35.0 Pinewood Lake
Village West,Week5,Highland Park,Week3,259.0 Highland Park - 143.0 Village West
Village West,Week2,Highland Park,Week2,278.0 Highland Park - 124.0 Village West
Villa Aquatic,Week3,Fox Mill Woods,Week5,237.0 Fox Mill Woods - 165.0 Villa Aquatic
Villa Aquatic,Week4,Virginia Hills,Week2,354.0 Villa Aquatic - 48.0 Virginia Hills
Village West,Week1,Little Rocky Run,Week4,317.0 Little Rocky Run - 85.0 Village West
Villa Aquatic,Week1,Villa Aquatic,Week3,263.0 Villa Aquatic (VA2) - 139.0 Villa Aquatic (VA1)
Villa Aquatic,Week2,Virginia Hills,Week3,338.0 Villa Aquatic - 64.0 Virginia Hills
Villa Aquatic,Week4,Virginia Hills,Week5,336.0 Villa Aquatic - 66.0 Virginia Hills
Village West,Week1,Highland Park,Week2,282.0 Highland Park - 120.0 Village West
Village West,Week3,Highland Park,Week1,268.0 Highland Park - 134.0 Village West
Village West,Week2,Highland Park,Week5,275.0 Highland Park - 127.0 Village West
Village West,Week2,Dunn Loring,Week5,321.0 Dunn Loring - 81.0 Village West
Villa Aquatic,Week1,Villa Aquatic,Week5,251.0 Villa Aquatic (VA2) - 151.0 Villa Aquatic (VA1)
Village West,Week1,Overlee,Week4,385.5 Overlee - 16.5 Village West
Villa Aquatic,Week2,Fox Mill Woods,Week1,273.0 Fox Mill Woods - 129.0 Villa Aquatic
Village West,Week4,Orange Hunt,Week4,270.0 Orange Hunt - 127.0 Village West
Village West,Week1,Dunn Loring,Week2,329.0 Dunn Loring - 73.0 Village West
Village West,Week3,Highland Park,Week5,257.0 Highland Park - 145.0 Village West
Villa Aquatic,Week4,Vienna Woods,Week1,300.0 Vienna Woods - 102.0 Villa Aquatic
Villa Aquatic,Week2,Villa Aquatic,Week5,253.0 Villa Aquatic (VA2) - 149.0 Villa Aquatic (VA1)
Village West,Week4,Little Rocky Run,Week2,311.0 Little Rocky Run - 86.0 Village West
Villa Aquatic,Week5,Pinecrest,Week5,251.0 Pinecrest - 151.0 Villa Aquatic
Villa Aquatic,Week3,Pinewood Lake,Week2,368.0 Villa Aquatic - 33.0 Pinewood Lake
Village West,Week1,Dunn Loring,Week4,331.0 Dunn Loring - 71.0 Village West
Village West,Week4,Little Hunting Park,Week4,199.0 Little Hunting Park - 197.0 Village West
Village West,Week5,Orange Hunt,Week4,272.0 Orange Hunt - 125.0 Village West
Village West,Week2,Overlee,Week2,374.0 Overlee - 28.0 Village West
Villa Aquatic,Week2,Pinewood Lake,Week5,350.0 Villa Aquatic - 49.0 Pinewood Lake
Village West,Week1,Overlee,Week3,365.0 Overlee - 37.0 Village West
Virginia Hills,Week1,Annandale,Week4,291.0 Annandale - 110.0 Virginia Hills
Villa Aquatic,Week4,Fox Mill Woods,Week3,239.0 Fox Mill Woods - 163.0 Villa Aquatic
Virginia Hills,Week3,Annandale,Week1,268.0 Annandale - 134.0 Virginia Hills
Virginia Hills,Week2,Annandale,Week4,297.0 Annandale - 103.0 Virginia Hills
Villa Aquatic,Week5,Pinewood Lake,Week1,371.0 Villa Aquatic - 31.0 Pinewood Lake
Villa Aquatic,Week1,Villa Aquatic,Week4,232.0 Villa Aquatic (VA2) - 170.0 Villa Aquatic (VA1)
Villa Aquatic,Week5,Fox Mill Woods,Week2,241.0 Fox Mill Woods - 161.0 Villa Aquatic
Villa Aquatic,Week4,Pinecrest,Week4,278.0 Pinecrest - 124.0 Villa Aquatic
Village West,Week2,Little Rocky Run,Week1,314.0 Little Rocky Run - 88.0 Village West
Village West,Week1,Dunn Loring,Week3,334.0 Dunn Loring - 68.0 Village West
Virginia Hills,Week4,Annandale,Week1,280.0 Annandale - 122.0 Virginia Hills
Village West,Week1,Dunn Loring,Week5,330.0 Dunn Loring - 72.0 Village West
Villa Aquatic,Week1,Virginia Hills,Week5,315.0 Villa Aquatic - 86.0 Virginia Hills
Village West,Week4,Little Hunting Park,Week2,202.0 Village West - 194.0 Little Hunting Park
Villa Aquatic,Week3,Virginia Hills,Week4,354.0 Villa Aquatic - 48.0 Virginia Hills
Villa Aquatic,Week2,Virginia Hills,Week1,323.0 Villa Aquatic - 79.0 Virginia Hills
Villa Aquatic,Week1,Fox Mill Woods,Week1,275.0 Fox Mill Woods - 127.0 Villa Aquatic
Virginia Hills,Week3,Annandale,Week2,301.0 Annandale - 101.0 Virginia Hills
Village West,Week2,Overlee,Week3,376.0 Overlee - 26.0 Village West
Villa Aquatic,Week2,Vienna Woods,Week5,337.0 Vienna Woods - 65.0 Villa Aquatic
Virginia Hills,Week3,Annandale,Week3,292.0 Annandale - 110.0 Virginia Hills
Villa Aquatic,Week5,Virginia Hills,Week3,358.0 Villa Aquatic - 44.0 Virginia Hills
Village West,Week4,Highland Park,Week2,277.0 Highland Park - 120.0 Village West
Villa Aquatic,Week2,Villa Aquatic,Week4,219.0 Villa Aquatic (VA2) - 183.0 Villa Aquatic (VA1)
Villa Aquatic,Week2,Fox Mill Woods,Week4,277.0 Fox Mill Woods - 125.0 Villa Aquatic
Villa Aquatic,Week2,Fox Mill Woods,Week5,261.0 Fox Mill Woods - 141.0 Villa Aquatic
Virginia Hills,Week4,Annandale,Week2,290.0 Annandale - 112.0 Virginia Hills
Village West,Week2,Dunn Loring,Week1,289.0 Dunn Loring - 113.0 Village West
Village West,Week4,Highland Park,Week1,276.0 Highland Park - 121.0 Village West
Village West,Week2,Little Rocky Run,Week3,331.0 Little Rocky Run - 71.0 Village West
Villa Aquatic,Week1,Pleasant Valley,Week3,269.0 Villa Aquatic - 133.0 Pleasant Valley
Villa Aquatic,Week5,Vienna Woods,Week1,286.5 Vienna Woods - 115.5 Villa Aquatic
Villa Aquatic,Week5,Virginia Hills,Week1,356.0 Villa Aquatic - 46.0 Virginia Hills
Villa Aquatic,Week4,Pinewood Lake,Week2,362.0 Villa Aquatic - 40.0 Pinewood Lake
Village West,Week2,Highland Park,Week1,273.0 Highland Park - 129.0 Village West
Virginia Hills,Week5,Annandale,Week1,241.0 Annandale - 160.0 Virginia Hills
Village West,Week3,Overlee,Week2,370.0 Overlee - 32.0 Village West
Village West,Week3,Dunn Loring,Week2,312.0 Dunn Loring - 90.0 Village West
Village West,Week4,Highland Park,Week5,280.5 Highland Park - 116.5 Village West
Villa Aquatic,Week3,Pinewood Lake,Week4,373.0 Villa Aquatic - 28.0 Pinewood Lake
Villa Aquatic,Week5,Virginia Hills,Week2,361.0 Villa Aquatic - 41.0 Virginia Hills
Village West,Week2,Dunn Loring,Week2,319.0 Dunn Loring - 83.0 Village West
Villa Aquatic,Week3,Vienna Woods,Week3,302.0 Vienna Woods - 100.0 Villa Aquatic
Village West,Week3,Little Hunting Park,Week4,220.0 Village West - 182.0 Little Hunting Park
Village West,Week3,Overlee,Week4,387.0 Overlee - 15.0 Village West
Villa Aquatic,Week5,Fox Mill Estates,Week2,236.0 Villa Aquatic - 166.0 Fox Mill Estates
Village West,Week3,Dunn Loring,Week1,270.0 Dunn Loring - 132.0 Village West
Villa Aquatic,Week1,Fox Mill Woods,Week2,278.0 Fox Mill Woods - 124.0 Villa Aquatic
Village West,Week2,Little Rocky Run,Week5,339.0 Little Rocky Run - 63.0 Village West
Virginia Hills,Week4,Annandale,Week3,300.0 Annandale - 102.0 Virginia Hills
Village West,Week3,Dunn Loring,Week4,314.0 Dunn Loring - 88.0 Village West
Village West,Week4,Little Hunting Park,Week3,208.0 Little Hunting Park - 189.0 Village West
Village West,Week3,Dunn Loring,Week3,318.0 Dunn Loring - 84.0 Village West
Villa Aquatic,Week3,Pinewood Lake,Week3,378.0 Villa Aquatic - 23.0 Pinewood Lake
Virginia Hills,Week3,Annandale,Week4,287.0 Annandale - 115.0 Virginia Hills
Village West,Week5,Overlee,Week3,361.0 Overlee - 41.0 Village West
Villa Aquatic,Week5,Virginia Hills,Week4,353.5 Villa Aquatic - 48.5 Virginia Hills
Villa Aquatic,Week5,Virginia Run,Week3,204.0 Virginia Run - 198.0 Villa Aquatic
Villa Aquatic,Week2,Pinewood Lake,Week4,356.0 Villa Aquatic - 42.0 Pinewood Lake
Villa Aquatic,Week1,Fox Mill Woods,Week4,267.0 Fox Mill Woods - 135.0 Villa Aquatic
Village West,Week4,Overlee,Week2,369.0 Overlee - 28.0 Village West
Village West,Week5,Highland Park,Week5,273.0 Highland Park - 129.0 Village West
Village West,Week5,Highland Park,Week4,283.0 Highland Park - 119.0 Village West
Village West,Week4,Little Hunting Park,Week5,228.0 Little Hunting Park - 169.0 Village West
Virginia Hills,Week5,Annandale,Week2,267.0 Annandale - 134.0 Virginia Hills
Villa Aquatic,Week3,Vienna Woods,Week2,274.0 Vienna Woods - 128.0 Villa Aquatic
Village West,Week4,Little Hunting Park,Week1,206.0 Village West - 187.0 Little Hunting Park
Villa Aquatic,Week4,Virginia Run,Week1,221.5 Virginia Run - 180.5 Villa Aquatic
Villa Aquatic,Week3,Vienna Woods,Week1,292.0 Vienna Woods - 110.0 Villa Aquatic
Villa Aquatic,Week5,Pinecrest,Week2,251.0 Pinecrest - 151.0 Villa Aquatic
Villa Aquatic,Week3,Great Falls,Week4,224.5 Villa Aquatic - 177.5 Great Falls
Village West,Week5,Overlee,Week1,359.0 Overlee - 43.0 Village West
Virginia Hills,Week5,Annandale,Week4,270.0 Annandale - 128.0 Virginia Hills
Village West,Week2,Parklawn,Week5,203.5 Parklawn - 194.5 Village West
Village West,Week2,Highlands Swim,Week1,354.0 Highlands Swim - 48.0 Village West
Villa Aquatic,Week5,Virginia Hills,Week5,341.0 Villa Aquatic - 61.0 Virginia Hills
Villa Aquatic,Week4,Virginia Run,Week3,206.0 Virginia Run - 196.0 Villa Aquatic
Villa Aquatic,Week3,Virginia Run,Week5,219.0 Virginia Run - 183.0 Villa Aquatic
Village West,Week1,Parklawn,Week1,231.5 Village West - 160.5 Parklawn
Village West,Week5,Little Hunting Park,Week1,212.0 Village West - 186.0 Little Hunting Park
Villa Aquatic,Week2,Great Falls,Week3,230.0 Great Falls - 172.0 Villa Aquatic
Villa Aquatic,Week4,Great Falls,Week1,208.0 Villa Aquatic - 194.0 Great Falls
Villa Aquatic,Week2,Villa Aquatic,Week1,229.0 Villa Aquatic (VA1) - 173.0 Villa Aquatic (VA2)
Village West,Week4,Dunn Loring,Week1,296.0 Dunn Loring - 101.0 Village West
Villa Aquatic,Week2,Villa Aquatic,Week2,201.0 Villa Aquatic (VA1) - 201.0 Villa Aquatic (VA2)
Villa Aquatic,Week1,Wakefield Chapel,Week1,315.0 Wakefield Chapel - 87.0 Villa Aquatic
Village West,Week5,Little Hunting Park,Week2,207.0 Village West - 194.0 Little Hunting Park
Village West,Week1,Little Rocky Run,Week5,334.0 Little Rocky Run - 68.0 Village West
Villa Aquatic,Week1,Pleasant Valley,Week2,293.0 Villa Aquatic - 109.0 Pleasant Valley
Virginia Hills,Week4,Annandale,Week4,302.0 Annandale - 99.0 Virginia Hills
Village West,Week3,Dunn Loring,Week5,315.5 Dunn Loring - 86.5 Village West
Village West,Week2,Dunn Loring,Week3,319.0 Dunn Loring - 83.0 Village West
Villa Aquatic,Week4,Great Falls,Week4,202.0 Great Falls - 200.0 Villa Aquatic
Villa Aquatic,Week5,Pinecrest,Week3,260.0 Pinecrest - 142.0 Villa Aquatic
Villa Aquatic,Week1,Villa Aquatic,Week2,229.0 Villa Aquatic (VA2) - 173.0 Villa Aquatic (VA1)
Village West,Week1,Highlands Swim,Week5,348.0 Highlands Swim - 54.0 Village West
Village West,Week2,Highlands Swim,Week2,357.0 Highlands Swim - 45.0 Village West
Villa Aquatic,Week5,Pinecrest,Week4,264.0 Pinecrest - 138.0 Villa Aquatic
Villa Aquatic,Week4,Great Falls,Week2,203.0 Villa Aquatic - 181.0 Great Falls
Virginia Hills,Week2,Annandale,Week1,271.0 Annandale - 130.0 Virginia Hills
Village West,Week1,Highlands Swim,Week3,353.0 Highlands Swim - 49.0 Village West
Villa Aquatic,Week1,Pinewood Lake,Week4,362.0 Villa Aquatic - 36.0 Pinewood Lake
Villa Aquatic,Week5,Pinecrest,Week1,229.0 Pinecrest - 173.0 Villa Aquatic
Virginia Hills,Week2,Annandale,Week5,310.0 Annandale - 91.0 Virginia Hills
Village West,Week4,Dunn Loring,Week2,313.0 Dunn Loring - 84.0 Village West
Village West,Week3,Little Rocky Run,Week3,325.0 Little Rocky Run - 77.0 Village West
Village West,Week4,Parklawn,Week5,207.0 Parklawn - 186.0 Village West
Village West,Week2,Highlands Swim,Week3,346.5 Highlands Swim - 55.5 Village West
Villa Aquatic,Week1,Springfield,Week2,358.0 Villa Aquatic - 41.0 Springfield
Villa Aquatic,Week1,Virginia Run,Week5,265.0 Virginia Run - 137.0 Villa Aquatic
Village West,Week2,Parklawn,Week1,236.0 Village West - 157.0 Parklawn
Village West,Week2,Dunn Loring,Week4,322.0 Dunn Loring - 80.0 Village West
Village West,Week3,Parklawn,Week4,212.0 Village West - 188.0 Parklawn
Villa Aquatic,Week1,Greenbriar,Week5,236.0 Greenbriar - 166.0 Villa Aquatic
Village West,Week3,Little Rocky Run,Week2,300.0 Little Rocky Run - 102.0 Village West
Villa Aquatic,Week5,Springboard,Week3,275.0 Villa Aquatic - 127.0 Springboard
Villa Aquatic,Week2,Springfield,Week1,348.0 Villa Aquatic - 54.0 Springfield
Virginia Hills,Week2,Annandale,Week2,300.0 Annandale - 101.0 Virginia Hills
Villa Aquatic,Week5,Virginia Run,Week4,207.0 Virginia Run - 195.0 Villa Aquatic
Village West,Week1,Parklawn,Week3,202.0 Village West - 196.0 Parklawn
Villa Aquatic,Week1,Greenbriar,Week3,240.0 Greenbriar - 162.0 Villa Aquatic
Village West,Week2,Little Rocky Run,Week4,317.0 Little Rocky Run - 85.0 Village West
Villa Aquatic,Week2,Pinewood Lake,Week2,355.0 Villa Aquatic - 44.0 Pinewood Lake
Village West,Week4,Little Rocky Run,Week4,309.0 Little Rocky Run - 88.0 Village West
Villa Aquatic,Week2,Greenbriar,Week3,229.0 Greenbriar - 173.0 Villa Aquatic
Villa Aquatic,Week3,Springfield,Week2,381.0 Villa Aquatic - 21.0 Springfield
Village West,Week2,Highlands Swim,Week5,353.0 Highlands Swim - 49.0 Village West
Virginia Hills,Week3,Arlington Forest,Week2,352.0 Arlington Forest - 50.0 Virginia Hills
Village West,Week5,Overlee,Week4,385.0 Overlee - 17.0 Village West
Village West,Week2,Highlands Swim,Week4,355.0 Highlands Swim - 47.0 Village West
Villa Aquatic,Week2,Virginia Run,Week5,262.0 Virginia Run - 140.0 Villa Aquatic
Virginia Hills,Week5,Annandale,Week5,269.0 Annandale - 129.0 Virginia Hills
Virginia Hills,Week5,Arlington Forest,Week2,340.0 Arlington Forest - 62.0 Virginia Hills
Villa Aquatic,Week4,Pinecrest,Week3,282.0 Pinecrest - 120.0 Villa Aquatic
Villa Aquatic,Week4,Pinecrest,Week2,261.0 Pinecrest - 141.0 Villa Aquatic
Village West,Week3,Highlands Swim,Week1,339.0 Highlands Swim - 63.0 Village West
Villa Aquatic,Week2,Wakefield Chapel,Week5,331.0 Wakefield Chapel - 71.0 Villa Aquatic
Villa Aquatic,Week4,Springfield,Week5,379.0 Villa Aquatic - 21.0 Springfield
Villa Aquatic,Week1,Great Falls,Week3,217.0 Great Falls - 185.0 Villa Aquatic
Village West,Week1,Parklawn,Week4,207.0 Parklawn - 187.0 Village West
Village West,Week3,Little Rocky Run,Week5,324.0 Little Rocky Run - 78.0 Village West
Villa Aquatic,Week1,Virginia Run,Week2,232.0 Virginia Run - 170.0 Villa Aquatic
Villa Aquatic,Week4,Great Falls,Week3,212.0 Great Falls - 190.0 Villa Aquatic
Villa Aquatic,Week5,Springboard,Week1,263.0 Villa Aquatic - 139.0 Springboard
Village West,Week3,Highlands Swim,Week3,338.0 Highlands Swim - 64.0 Village West
Virginia Hills,Week1,Brandywine,Week2,322.0 Brandywine - 79.0 Virginia Hills
Villa Aquatic,Week1,Pinewood Lake,Week1,364.0 Villa Aquatic - 35.0 Pinewood Lake
Village West,Week3,Parklawn,Week1,240.5 Village West - 152.5 Parklawn
Village West,Week2,Long Branch,Week2,230.0 Long Branch - 171.0 Village West
Village West,Week5,Highlands Swim,Week2,349.0 Highlands Swim - 53.0 Village West
Villa Aquatic,Week1,Springfield,Week3,360.0 Villa Aquatic - 40.0 Springfield
Virginia Hills,Week2,Brandywine,Week2,328.0 Brandywine - 73.0 Virginia Hills
Villa Aquatic,Week3,Springfield,Week4,372.0 Villa Aquatic - 30.0 Springfield
Village West,Week4,Highlands Swim,Week2,351.0 Highlands Swim - 46.0 Village West
Villa Aquatic,Week2,Pinewood Lake,Week1,362.0 Villa Aquatic - 37.0 Pinewood Lake
Virginia Hills,Week3,Arlington Forest,Week3,346.0 Arlington Forest - 56.0 Virginia Hills
Villa Aquatic,Week2,Pinewood Lake,Week3,365.0 Villa Aquatic - 34.0 Pinewood Lake
Villa Aquatic,Week1,Virginia Run,Week1,241.0 Virginia Run - 161.0 Villa Aquatic
Virginia Hills,Week1,Brandywine,Week5,337.0 Brandywine - 65.0 Virginia Hills
Villa Aquatic,Week5,Great Falls,Week1,217.0 Villa Aquatic - 185.0 Great Falls
Village West,Week5,Little Rocky Run,Week1,315.0 Little Rocky Run - 87.0 Village West
Village West,Week5,Parklawn,Week4,205.0 Parklawn - 193.0 Village West
Villa Aquatic,Week4,Great Falls,Week5,213.0 Great Falls - 189.0 Villa Aquatic
Villa Aquatic,Week4,Pinecrest,Week5,271.0 Pinecrest - 131.0 Villa Aquatic
Village West,Week1,Parliament,Week3,267.0 Parliament - 135.0 Village West
Villa Aquatic,Week1,Greenbriar,Week2,261.0 Greenbriar - 141.0 Villa Aquatic
Village West,Week4,Long Branch,Week1,207.0 Long Branch - 189.0 Village West
Village West,Week5,Highlands Swim,Week3,339.0 Highlands Swim - 63.0 Village West
Village West,Week3,Long Branch,Week3,204.0 Long Branch - 198.0 Village West
Villa Aquatic,Week4,Virginia Run,Week4,217.0 Virginia Run - 185.0 Villa Aquatic
Villa Aquatic,Week2,Springfield,Week5,369.0 Villa Aquatic - 31.0 Springfield
Village West,Week4,Parklawn,Week3,200.0 Village West - 193.0 Parklawn
Village West,Week5,Little Rocky Run,Week4,315.0 Little Rocky Run - 87.0 Village West
Villa Aquatic,Week2,Great Falls,Week1,205.0 Villa Aquatic - 197.0 Great Falls
Villa Aquatic,Week3,Virginia Run,Week2,207.0 Virginia Run - 195.0 Villa Aquatic
Villa Aquatic,Week2,Virginia Run,Week4,236.0 Virginia Run - 166.0 Villa Aquatic
Villa Aquatic,Week4,Pinewood Lake,Week4,359.0 Villa Aquatic - 42.0 Pinewood Lake
Virginia Hills,Week4,Arlington Forest,Week2,360.0 Arlington Forest - 42.0 Virginia Hills
Village West,Week1,Long Branch,Week2,222.0 Long Branch - 179.0 Village West
Villa Aquatic,Week5,Springboard,Week2,309.0 Villa Aquatic - 93.0 Springboard
Village West,Week1,Parliament,Week5,266.0 Parliament - 136.0 Village West
Village West,Week5,Highlands Swim,Week1,343.0 Highlands Swim - 59.0 Village West
Virginia Hills,Week4,Arlington Forest,Week5,356.0 Arlington Forest - 46.0 Virginia Hills
Villa Aquatic,Week2,Stratford,Week3,228.0 Villa Aquatic - 174.0 Stratford
Village West,Week1,Mansion House,Week1,290.0 Mansion House - 112.0 Village West
Village West,Week2,Hollin Hills,Week1,250.0 Village West - 152.0 Hollin Hills
Villa Aquatic,Week1,Great Falls,Week1,212.0 Great Falls - 190.0 Villa Aquatic
Village West,Week3,Hollin Hills,Week1,262.0 Village West - 139.0 Hollin Hills
Village West,Week5,Parklawn,Week2,203.0 Village West - 195.0 Parklawn
Villa Aquatic,Week4,Pinewood Lake,Week5,359.0 Villa Aquatic - 42.0 Pinewood Lake
Villa Aquatic,Week3,Great Falls,Week2,219.0 Villa Aquatic - 165.0 Great Falls
Village West,Week2,Long Branch,Week5,242.0 Long Branch - 159.0 Village West
Village West,Week3,Parklawn,Week2,217.0 Village West - 184.0 Parklawn
Villa Aquatic,Week5,Pinewood Lake,Week3,373.0 Villa Aquatic - 28.0 Pinewood Lake
Village West,Week1,Hollin Hills,Week3,245.0 Village West - 156.0 Hollin Hills
Villa Aquatic,Week4,Virginia Run,Week5,241.0 Virginia Run - 161.0 Villa Aquatic
Villa Aquatic,Week2,Virginia Run,Week1,239.0 Virginia Run - 163.0 Villa Aquatic
Village West,Week3,Highlands Swim,Week4,345.0 Highlands Swim - 57.0 Village West
Virginia Hills,Week1,Arlington Forest,Week4,362.0 Arlington Forest - 40.0 Virginia Hills
Villa Aquatic,Week2,Stratford,Week1,227.0 Villa Aquatic - 175.0 Stratford
Villa Aquatic,Week2,Great Falls,Week5,226.0 Great Falls - 176.0 Villa Aquatic
Villa Aquatic,Week1,Stratford,Week1,238.0 Villa Aquatic - 164.0 Stratford
Villa Aquatic,Week5,Pinewood Lake,Week2,372.0 Villa Aquatic - 30.0 Pinewood Lake
Village West,Week2,Long Branch,Week4,246.0 Long Branch - 156.0 Village West
Village West,Week3,Long Branch,Week2,213.0 Long Branch - 189.0 Village West
Villa Aquatic,Week1,Great Falls,Week2,202.0 Great Falls - 182.0 Villa Aquatic
Village West,Week1,Parklawn,Week5,207.0 Parklawn - 191.0 Village West
Villa Aquatic,Week3,Virginia Run,Week1,214.0 Virginia Run - 188.0 Villa Aquatic
Villa Aquatic,Week4,Springfield,Week3,368.0 Villa Aquatic - 33.0 Springfield
Villa Aquatic,Week4,Springfield,Week2,377.0 Villa Aquatic - 25.0 Springfield
Villa Aquatic,Week4,Pinewood Lake,Week3,368.0 Villa Aquatic - 33.0 Pinewood Lake
Virginia Hills,Week3,Arlington Forest,Week1,357.0 Arlington Forest - 45.0 Virginia Hills
Villa Aquatic,Week3,Pinewood Lake,Week5,368.0 Villa Aquatic - 33.0 Pinewood Lake
Villa Aquatic,Week5,Great Falls,Week5,206.0 Villa Aquatic - 196.0 Great Falls
Villa Aquatic,Week2,Virginia Run,Week2,244.0 Virginia Run - 158.0 Villa Aquatic
Virginia Hills,Week2,Brandywine,Week5,345.0 Brandywine - 57.0 Virginia Hills
Village West,Week5,Highlands Swim,Week5,334.0 Highlands Swim - 68.0 Village West
Village West,Week5,Parklawn,Week5,209.0 Parklawn - 189.0 Village West
Villa Aquatic,Week5,Pinewood Lake,Week4,371.0 Villa Aquatic - 31.0 Pinewood Lake
Village West,Week2,Hollin Hills,Week3,245.0 Village West - 157.0 Hollin Hills
Villa Aquatic,Week2,Virginia Run,Week3,234.0 Virginia Run - 168.0 Villa Aquatic
Village West,Week3,Long Branch,Week1,222.0 Village West - 180.0 Long Branch
Village West,Week1,Parliament,Week4,251.0 Parliament - 151.0 Village West
Villa Aquatic,Week1,Great Falls,Week4,212.0 Great Falls - 190.0 Villa Aquatic
Village West,Week2,Hollin Hills,Week2,268.0 Village West - 133.0 Hollin Hills
Virginia Hills,Week3,Arlington Forest,Week5,354.0 Arlington Forest - 48.0 Virginia Hills
Villa Aquatic,Week1,Springfield,Week4,346.0 Villa Aquatic - 55.0 Springfield
Villa Aquatic,Week1,Great Falls,Week5,227.0 Great Falls - 175.0 Villa Aquatic
Village West,Week2,Parklawn,Week4,200.0 Village West - 198.0 Parklawn
Villa Aquatic,Week1,Springfield,Week1,352.0 Villa Aquatic - 49.0 Springfield
Villa Aquatic,Week3,Virginia Run,Week4,202.0 Villa Aquatic - 200.0 Virginia Run
Villa Aquatic,Week3,Virginia Run,Week3,207.0 Villa Aquatic - 195.0 Virginia Run
Villa Aquatic,Week5,Great Falls,Week3,206.0 Great Falls - 196.0 Villa Aquatic
Village West,Week5,Little Rocky Run,Week3,332.0 Little Rocky Run - 70.0 Village West
Villa Aquatic,Week2,Great Falls,Week2,195.0 Villa Aquatic - 189.0 Great Falls
Village West,Week1,Long Branch,Week4,239.0 Long Branch - 163.0 Village West
Virginia Hills,Week1,Arlington Forest,Week2,348.0 Arlington Forest - 54.0 Virginia Hills
Village West,Week3,Hollin Hills,Week2,267.0 Village West - 132.0 Hollin Hills
Villa Aquatic,Week5,Pinewood Lake,Week5,367.0 Villa Aquatic - 35.0 Pinewood Lake
Village West,Week3,Parklawn,Week5,212.0 Village West - 189.0 Parklawn
Villa Aquatic,Week2,Springfield,Week2,357.0 Villa Aquatic - 45.0 Springfield
Village West,Week5,Overlee,Week5,383.0 Overlee - 19.0 Village West
Villa Aquatic,Week1,Virginia Run,Week4,238.0 Virginia Run - 164.0 Villa Aquatic
Village West,Week3,Hollin Hills,Week4,266.0 Village West - 135.0 Hollin Hills
Villa Aquatic,Week4,Springfield,Week4,362.0 Villa Aquatic - 40.0 Springfield
Virginia Hills,Week1,Arlington Forest,Week3,337.0 Arlington Forest - 64.0 Virginia Hills
Villa Aquatic,Week1,Pleasant Valley,Week1,300.0 Villa Aquatic - 102.0 Pleasant Valley
Virginia Hills,Week3,Arlington Forest,Week4,365.0 Arlington Forest - 37.0 Virginia Hills
Villa Aquatic,Week2,Pleasant Valley,Week5,282.0 Villa Aquatic - 119.0 Pleasant Valley
Village West,Week3,Hollin Hills,Week3,253.0 Village West - 149.0 Hollin Hills
Village West,Week4,Parklawn,Week2,209.0 Village West - 184.0 Parklawn
Village West,Week3,Long Branch,Week4,209.0 Long Branch - 193.0 Village West
Villa Aquatic,Week2,Great Falls,Week4,202.0 Great Falls - 200.0 Villa Aquatic
Villa Aquatic,Week5,Virginia Run,Week1,218.0 Virginia Run - 184.0 Villa Aquatic
Villa Aquatic,Week4,Pleasant Valley,Week5,290.0 Villa Aquatic - 112.0 Pleasant Valley
Village West,Week2,Long Branch,Week1,212.0 Long Branch - 189.0 Village West
Villa Aquatic,Week3,Great Falls,Week1,217.0 Villa Aquatic - 185.0 Great Falls
Village West,Week1,Parklawn,Week2,205.0 Parklawn - 192.0 Village West
Virginia Hills,Week4,Arlington Forest,Week1,367.0 Arlington Forest - 35.0 Virginia Hills
Villa Aquatic,Week1,Virginia Run,Week3,240.0 Virginia Run - 162.0 Villa Aquatic
Villa Aquatic,Week4,Virginia Run,Week2,223.0 Virginia Run - 179.0 Villa Aquatic
Villa Aquatic,Week5,Springfield,Week1,364.0 Villa Aquatic - 38.0 Springfield
Virginia Hills,Week5,Arlington Forest,Week1,347.0 Arlington Forest - 55.0 Virginia Hills
Villa Aquatic,Week5,Springfield,Week2,382.0 Villa Aquatic - 20.0 Springfield
Virginia Hills,Week4,Arlington Forest,Week4,364.0 Arlington Forest - 38.0 Virginia Hills
Village West,Week3,Highlands Swim,Week5,339.0 Highlands Swim - 63.0 Village West
Villa Aquatic,Week1,Stratford,Week4,227.0 Villa Aquatic - 175.0 Stratford
Villa Aquatic,Week3,Great Falls,Week3,204.0 Great Falls - 198.0 Villa Aquatic
Village West,Week1,Hollin Hills,Week4,250.0 Village West - 147.0 Hollin Hills
Village West,Week1,Parliament,Week1,267.0 Parliament - 134.0 Village West
Village West,Week3,Long Branch,Week5,224.0 Long Branch - 178.0 Village West
Villa Aquatic,Week5,Pleasant Valley,Week2,313.0 Villa Aquatic - 89.0 Pleasant Valley
Village West,Week4,Long Branch,Week4,227.0 Long Branch - 170.0 Village West
Villa Aquatic,Week1,Poplar Heights,Week1,228.0 Poplar Heights - 174.0 Villa Aquatic
Village West,Week4,Highlands Swim,Week3,346.0 Highlands Swim - 51.0 Village West
Villa Aquatic,Week3,Springfield,Week5,384.0 Villa Aquatic - 18.0 Springfield
Villa Aquatic,Week5,Pleasant Valley,Week5,295.0 Villa Aquatic - 107.0 Pleasant Valley
Villa Aquatic,Week5,Virginia Run,Week5,234.0 Virginia Run - 168.0 Villa Aquatic
Village West,Week4,Long Branch,Week3,206.0 Long Branch - 191.0 Village West
Villa Aquatic,Week5,Fox Mill Woods,Week5,248.0 Fox Mill Woods - 154.0 Villa Aquatic
Virginia Hills,Week2,Arlington Forest,Week4,368.0 Arlington Forest - 34.0 Virginia Hills
Village West,Week4,Long Branch,Week2,227.0 Long Branch - 169.0 Village West
Villa Aquatic,Week1,Springfield,Week5,366.0 Villa Aquatic - 32.0 Springfield
Villa Aquatic,Week5,Great Falls,Week2,208.0 Villa Aquatic - 176.0 Great Falls
Villa Aquatic,Week1,Pleasant Valley,Week5,285.0 Villa Aquatic - 116.0 Pleasant Valley
Villa Aquatic,Week2,Springfield,Week4,349.0 Villa Aquatic - 53.0 Springfield
Village West,Week2,Parklawn,Week2,213.0 Village West - 185.0 Parklawn
Villa Aquatic,Week1,Little Hunting Park,Week3,245.0 Villa Aquatic - 157.0 Little Hunting Park
Villa Aquatic,Week5,Virginia Run,Week2,213.0 Virginia Run - 189.0 Villa Aquatic
Virginia Hills,Week5,Arlington Forest,Week3,325.0 Arlington Forest - 77.0 Virginia Hills
Villa Aquatic,Week3,Great Falls,Week5,205.0 Great Falls - 197.0 Villa Aquatic
Virginia Hills,Week2,Arlington Forest,Week2,355.0 Arlington Forest - 47.0 Virginia Hills
Village West,Week1,Parliament,Week2,256.0 Parliament - 146.0 Village West
Village West,Week3,Parklawn,Week3,236.0 Village West - 165.0 Parklawn
Virginia Hills,Week2,Arlington Forest,Week1,368.0 Arlington Forest - 34.0 Virginia Hills
Village West,Week2,Hollin Hills,Week5,226.0 Village West - 175.0 Hollin Hills
Villa Aquatic,Week1,Wakefield Chapel,Week2,302.0 Wakefield Chapel - 100.0 Villa Aquatic
Villa Aquatic,Week1,Greenbriar,Week1,224.0 Greenbriar - 178.0 Villa Aquatic
Village West,Week5,Long Branch,Week1,212.0 Long Branch - 189.0 Village West
Villa Aquatic,Week4,Pleasant Valley,Week3,290.0 Villa Aquatic - 112.0 Pleasant Valley
Village West,Week1,Hollin Hills,Week5,228.0 Village West - 173.0 Hollin Hills
Villa Aquatic,Week5,Springboard,Week5,269.0 Villa Aquatic - 133.0 Springboard
Villa Aquatic,Week5,Springboard,Week4,277.0 Villa Aquatic - 125.0 Springboard
Villa Aquatic,Week1,Wakefield Chapel,Week3,318.0 Wakefield Chapel - 84.0 Villa Aquatic
Villa Aquatic,Week3,Pleasant Valley,Week1,320.0 Villa Aquatic - 81.0 Pleasant Valley
Village West,Week2,Hollin Hills,Week4,255.0 Village West - 145.0 Hollin Hills
Village West,Week4,Parklawn,Week1,224.0 Village West - 164.0 Parklawn
Villa Aquatic,Week3,Lincolnia Park,Week5,311.0 Villa Aquatic - 82.0 Lincolnia Park
Village West,Week2,Parklawn,Week3,219.0 Village West - 179.0 Parklawn
Villa Aquatic,Week3,Little Hunting Park,Week3,288.0 Villa Aquatic - 114.0 Little Hunting Park
Villa Aquatic,Week3,Little Hunting Park,Week5,259.0 Villa Aquatic - 143.0 Little Hunting Park
Villa Aquatic,Week5,Great Falls,Week4,206.0 Villa Aquatic - 196.0 Great Falls
Village West,Week5,Little Rocky Run,Week5,333.0 Little Rocky Run - 69.0 Village West
Virginia Hills,Week2,Arlington Forest,Week5,355.0 Arlington Forest - 47.0 Virginia Hills
Village West,Week4,Highlands Swim,Week5,347.0 Highlands Swim - 50.0 Village West
Villa Aquatic,Week1,Wakefield Chapel,Week4,302.0 Wakefield Chapel - 100.0 Villa Aquatic
Village West,Week1,Long Branch,Week5,238.0 Long Branch - 163.0 Village West
Villa Aquatic,Week5,Pleasant Valley,Week3,306.0 Villa Aquatic - 96.0 Pleasant Valley
Virginia Hills,Week5,Arlington Forest,Week4,351.0 Arlington Forest - 51.0 Virginia Hills
Villa Aquatic,Week2,Wakefield Chapel,Week1,316.0 Wakefield Chapel - 86.0 Villa Aquatic
Villa Aquatic,Week5,Lincolnia Park,Week3,297.0 Villa Aquatic - 96.0 Lincolnia Park
Village West,Week4,Long Branch,Week5,232.0 Long Branch - 164.0 Village West
Villa Aquatic,Week2,Greenbriar,Week1,215.0 Greenbriar - 187.0 Villa Aquatic
Villa Aquatic,Week3,Springfield,Week3,371.0 Villa Aquatic - 30.0 Springfield
Virginia Hills,Week2,Arlington Forest,Week3,349.0 Arlington Forest - 52.0 Virginia Hills
Virginia Hills,Week1,Arlington Forest,Week5,350.0 Arlington Forest - 52.0 Virginia Hills
Village West,Week3,Hollin Hills,Week5,235.0 Village West - 165.0 Hollin Hills
Village West,Week4,Highlands Swim,Week4,352.0 Highlands Swim - 45.0 Village West
Villa Aquatic,Week1,Wakefield Chapel,Week5,321.0 Wakefield Chapel - 81.0 Villa Aquatic
Village West,Week5,Parklawn,Week3,203.0 Village West - 195.0 Parklawn
Village West,Week2,Long Branch,Week3,220.0 Long Branch - 181.0 Village West
Villa Aquatic,Week1,Greenbriar,Week4,213.0 Greenbriar - 189.0 Villa Aquatic
Villa Aquatic,Week2,Wakefield Chapel,Week2,308.0 Wakefield Chapel - 94.0 Villa Aquatic
Virginia Hills,Week5,Arlington Forest,Week5,346.0 Arlington Forest - 56.0 Virginia Hills
Villa Aquatic,Week2,Springfield,Week3,355.0 Villa Aquatic - 46.0 Springfield
Village West,Week5,Parklawn,Week1,219.0 Village West - 174.0 Parklawn
Village West,Week5,Long Branch,Week2,214.0 Long Branch - 187.0 Village West
Villa Aquatic,Week3,Lincolnia Park,Week2,324.0 Villa Aquatic - 69.0 Lincolnia Park
Village West,Week1,Hollin Hills,Week2,260.0 Village West - 138.0 Hollin Hills
Villa Aquatic,Week2,Pleasant Valley,Week1,295.0 Villa Aquatic - 107.0 Pleasant Valley
Village West,Week5,Parliament,Week2,230.0 Parliament - 172.0 Village West
Villa Aquatic,Week2,Wakefield Chapel,Week4,306.0 Wakefield Chapel - 96.0 Villa Aquatic
Villa Aquatic,Week2,Greenbriar,Week2,241.0 Greenbriar - 161.0 Villa Aquatic
Villa Aquatic,Week3,Springfield,Week1,373.0 Villa Aquatic - 29.0 Springfield
Villa Aquatic,Week2,Little Hunting Park,Week1,252.5 Villa Aquatic - 149.5 Little Hunting Park
Villa Aquatic,Week1,Little Hunting Park,Week2,237.0 Villa Aquatic - 165.0 Little Hunting Park
Villa Aquatic,Week2,Pleasant Valley,Week2,296.0 Villa Aquatic - 106.0 Pleasant Valley
Villa Aquatic,Week3,Pleasant Valley,Week3,310.0 Villa Aquatic - 92.0 Pleasant Valley
Village West,Week4,Parklawn,Week4,217.0 Parklawn - 175.0 Village West
Village West,Week2,Parliament,Week5,264.0 Parliament - 138.0 Village West
Villa Aquatic,Week3,Lincolnia Park,Week4,320.0 Villa Aquatic - 82.0 Lincolnia Park
Village West,Week5,Highlands Swim,Week4,346.0 Highlands Swim - 56.0 Village West
Virginia Hills,Week4,Arlington Forest,Week3,349.0 Arlington Forest - 52.0 Virginia Hills
Village West,Week2,Pinecrest,Week4,309.0 Pinecrest - 93.0 Village West
Village West,Week4,Highlands Swim,Week1,349.0 Highlands Swim - 48.0 Village West
Villa Aquatic,Week4,Springfield,Week1,362.0 Villa Aquatic - 40.0 Springfield
Village West,Week5,Long Branch,Week3,222.0 Long Branch - 180.0 Village West
Village West,Week1,Long Branch,Week1,213.0 Long Branch - 187.0 Village West
Villa Aquatic,Week5,Springfield,Week3,373.0 Villa Aquatic - 29.0 Springfield
Villa Aquatic,Week3,Greenbriar,Week1,215.0 Villa Aquatic - 187.0 Greenbriar
Villa Aquatic,Week3,Wakefield Chapel,Week4,257.0 Wakefield Chapel - 145.0 Villa Aquatic
Villa Aquatic,Week5,Springfield,Week4,366.0 Villa Aquatic - 36.0 Springfield
Virginia Hills,Week1,Brandywine,Week1,313.0 Brandywine - 89.0 Virginia Hills
Villa Aquatic,Week2,Wakefield Chapel,Week3,317.0 Wakefield Chapel - 85.0 Villa Aquatic
Villa Aquatic,Week2,Pleasant Valley,Week4,291.0 Villa Aquatic - 111.0 Pleasant Valley
Village West,Week1,Long Branch,Week3,219.0 Long Branch - 183.0 Village West
Villa Aquatic,Week2,Greenbriar,Week4,211.0 Greenbriar - 191.0 Villa Aquatic
Villa Aquatic,Week1,Poplar Heights,Week2,259.0 Poplar Heights - 143.0 Villa Aquatic
Villa Aquatic,Week1,Poplar Heights,Week3,258.0 Poplar Heights - 144.0 Villa Aquatic
Village West,Week1,Hollin Hills,Week1,250.0 Village West - 148.0 Hollin Hills
Villa Aquatic,Week3,Lincolnia Park,Week1,337.0 Villa Aquatic - 65.0 Lincolnia Park
Villa Aquatic,Week3,Greenbriar,Week2,206.0 Greenbriar - 196.0 Villa Aquatic
Virginia Hills,Week1,Brandywine,Week4,332.0 Brandywine - 70.0 Virginia Hills
Villa Aquatic,Week4,Greenbriar,Week1,206.0 Greenbriar - 196.0 Villa Aquatic
Villa Aquatic,Week3,Greenbriar,Week3,208.0 Greenbriar - 194.0 Villa Aquatic
Villa Aquatic,Week3,Wakefield Chapel,Week1,281.0 Wakefield Chapel - 121.0 Villa Aquatic
Village West,Week4,Hollin Meadows,Week2,244.0 Hollin Meadows - 153.0 Village West
Villa Aquatic,Week4,Lincolnia Park,Week1,331.0 Villa Aquatic - 71.0 Lincolnia Park
Villa Aquatic,Week4,Wakefield Chapel,Week5,317.0 Wakefield Chapel - 85.0 Villa Aquatic
Village West,Week3,Parliament,Week2,221.0 Parliament - 181.0 Village West
Villa Aquatic,Week4,Wakefield Chapel,Week3,304.0 Wakefield Chapel - 98.0 Villa Aquatic
Village West,Week5,Parliament,Week3,238.0 Parliament - 164.0 Village West
Village West,Week1,Pinecrest,Week1,311.0 Pinecrest - 91.0 Village West
Village West,Week1,Mansion House,Week2,283.0 Mansion House - 118.0 Village West
Village West,Week5,Long Branch,Week5,239.0 Long Branch - 162.0 Village West
Village West,Week3,Parliament,Week3,240.0 Parliament - 162.0 Village West
Villa Aquatic,Week5,Lincolnia Park,Week4,322.0 Villa Aquatic - 80.0 Lincolnia Park
Village West,Week5,Hollin Hills,Week5,238.0 Village West - 163.0 Hollin Hills
Virginia Hills,Week1,Brandywine,Week3,313.0 Brandywine - 87.0 Virginia Hills
Villa Aquatic,Week5,Springfield,Week5,384.0 Villa Aquatic - 18.0 Springfield
Village West,Week4,Parliament,Week3,245.5 Parliament - 151.5 Village West
Village West,Week2,Hollin Meadows,Week2,253.0 Hollin Meadows - 149.0 Village West
Villa Aquatic,Week3,Lincolnia Park,Week3,306.0 Villa Aquatic - 87.0 Lincolnia Park
Villa Aquatic,Week1,Stratford,Week5,227.0 Villa Aquatic - 175.0 Stratford
Villa Aquatic,Week5,Pleasant Valley,Week4,325.0 Villa Aquatic - 77.0 Pleasant Valley
Village West,Week5,Mansion House,Week5,283.0 Mansion House - 119.0 Village West
Village West,Week4,Hollin Meadows,Week4,268.5 Hollin Meadows - 128.5 Village West
Village West,Week5,Long Branch,Week4,223.0 Long Branch - 179.0 Village West
Villa Aquatic,Week1,Walden Glen,Week3,224.0 Villa Aquatic - 178.0 Walden Glen
Villa Aquatic,Week3,Pleasant Valley,Week4,330.0 Villa Aquatic - 71.0 Pleasant Valley
Villa Aquatic,Week1,Stratford,Week3,228.0 Villa Aquatic - 174.0 Stratford
Villa Aquatic,Week4,Pleasant Valley,Week1,302.0 Villa Aquatic - 100.0 Pleasant Valley
Villa Aquatic,Week1,Poplar Heights,Week4,253.0 Poplar Heights - 149.0 Villa Aquatic
Villa Aquatic,Week4,Lincolnia Park,Week2,311.0 Villa Aquatic - 82.0 Lincolnia Park
Village West,Week4,Mansion House,Week1,281.0 Mansion House - 116.0 Village West
Villa Aquatic,Week3,Greenbriar,Week5,208.0 Villa Aquatic - 194.0 Greenbriar
Villa Aquatic,Week1,Pleasant Valley,Week4,301.0 Villa Aquatic - 101.0 Pleasant Valley
Villa Aquatic,Week1,Stratford,Week2,242.0 Villa Aquatic - 160.0 Stratford
Villa Aquatic,Week2,Greenbriar,Week5,224.0 Greenbriar - 178.0 Villa Aquatic
Villa Aquatic,Week3,Greenbriar,Week4,216.0 Villa Aquatic - 186.0 Greenbriar
Virginia Hills,Week2,Brandywine,Week4,343.0 Brandywine - 59.0 Virginia Hills
Village West,Week1,Pinecrest,Week4,315.0 Pinecrest - 87.0 Village West
Virginia Hills,Week2,Brandywine,Week3,321.0 Brandywine - 75.0 Virginia Hills
Villa Aquatic,Week5,Lincolnia Park,Week2,322.0 Villa Aquatic - 71.0 Lincolnia Park
Virginia Hills,Week2,Brandywine,Week1,325.0 Brandywine - 77.0 Virginia Hills
Villa Aquatic,Week5,Wakefield Chapel,Week2,281.0 Wakefield Chapel - 121.0 Villa Aquatic
Villa Aquatic,Week2,Stratford,Week2,248.0 Villa Aquatic - 154.0 Stratford
Village West,Week5,Hollin Hills,Week1,251.0 Village West - 151.0 Hollin Hills
Village West,Week1,Hollin Meadows,Week4,282.0 Hollin Meadows - 120.0 Village West
Virginia Hills,Week3,Brandywine,Week1,308.0 Brandywine - 94.0 Virginia Hills
Villa Aquatic,Week3,Pleasant Valley,Week5,304.0 Villa Aquatic - 98.0 Pleasant Valley
Villa Aquatic,Week1,Little Hunting Park,Week1,245.0 Villa Aquatic - 157.0 Little Hunting Park
Villa Aquatic,Week3,Stratford,Week4,265.0 Villa Aquatic - 137.0 Stratford
Villa Aquatic,Week5,Lincolnia Park,Week5,307.0 Villa Aquatic - 86.0 Lincolnia Park
Villa Aquatic,Week4,Greenbriar,Week2,224.0 Greenbriar - 178.0 Villa Aquatic
Villa Aquatic,Week5,Wakefield Chapel,Week5,312.5 Wakefield Chapel - 89.5 Villa Aquatic
Village West,Week4,Hollin Hills,Week1,243.0 Village West - 153.0 Hollin Hills
Villa Aquatic,Week2,Walden Glen,Week3,221.0 Villa Aquatic - 181.0 Walden Glen
Virginia Hills,Week3,Brandywine,Week2,304.0 Brandywine - 98.0 Virginia Hills
Villa Aquatic,Week2,Sully Station,Week3,269.0 Sully Station - 133.0 Villa Aquatic
Village West,Week2,Pinecrest,Week2,310.0 Pinecrest - 92.0 Village West
Village West,Week4,Mansion House,Week2,268.0 Mansion House - 128.0 Village West
Villa Aquatic,Week1,Little Hunting Park,Week5,212.0 Villa Aquatic - 190.0 Little Hunting Park
Villa Aquatic,Week2,Pleasant Valley,Week3,278.0 Villa Aquatic - 124.0 Pleasant Valley
Villa Aquatic,Week3,Walden Glen,Week1,297.0 Villa Aquatic - 105.0 Walden Glen
Village West,Week1,Hollin Meadows,Week1,279.0 Hollin Meadows - 122.0 Village West
Villa Aquatic,Week2,Sully Station,Week4,257.0 Sully Station - 145.0 Villa Aquatic
Village West,Week4,Mansion House,Week3,285.0 Mansion House - 112.0 Village West
Villa Aquatic,Week3,Pleasant Valley,Week2,324.0 Villa Aquatic - 77.0 Pleasant Valley
Village West,Week4,Parliament,Week2,233.0 Parliament - 163.0 Village West
Virginia Hills,Week5,Brandywine,Week5,324.0 Brandywine - 78.0 Virginia Hills
Villa Aquatic,Week2,Walden Glen,Week5,201.0 Villa Aquatic - 201.0 Walden Glen
Villa Aquatic,Week2,Stratford,Week5,230.0 Villa Aquatic - 172.0 Stratford
Village West,Week4,Hollin Meadows,Week1,264.0 Hollin Meadows - 133.0 Village West
Villa Aquatic,Week4,Pleasant Valley,Week2,309.0 Villa Aquatic - 93.0 Pleasant Valley
Virginia Hills,Week3,Bren Mar-Edsall Park,Week2,269.0 Virginia Hills - 132.0 Bren Mar-Edsall Park
Village West,Week5,Parliament,Week4,237.0 Parliament - 165.0 Village West
Village West,Week2,Mansion House,Week4,263.0 Mansion House - 139.0 Village West
Villa Aquatic,Week2,Little Hunting Park,Week2,258.0 Villa Aquatic - 144.0 Little Hunting Park
Virginia Hills,Week3,Bren Mar-Edsall Park,Week3,235.0 Virginia Hills - 167.0 Bren Mar-Edsall Park
Villa Aquatic,Week4,Stratford,Week3,236.0 Villa Aquatic - 166.0 Stratford
Village West,Week2,Mantua,Week2,297.0 Mantua - 105.0 Village West
Village West,Week1,Hollin Meadows,Week3,270.0 Hollin Meadows - 132.0 Village West
Villa Aquatic,Week5,Pleasant Valley,Week1,318.0 Villa Aquatic - 84.0 Pleasant Valley
Village West,Week1,Hollin Meadows,Week2,252.0 Hollin Meadows - 150.0 Village West
Village West,Week5,Mansion House,Week2,269.0 Mansion House - 132.0 Village West
Virginia Hills,Week4,Bren Mar-Edsall Park,Week2,271.0 Virginia Hills - 130.0 Bren Mar-Edsall Park
Village West,Week2,Parliament,Week2,236.0 Parliament - 165.0 Village West
Villa Aquatic,Week3,Walden Glen,Week3,257.0 Villa Aquatic - 145.0 Walden Glen
Village West,Week2,Parliament,Week1,267.5 Parliament - 134.5 Village West
Village West,Week4,Hollin Hills,Week5,230.0 Village West - 166.0 Hollin Hills
Villa Aquatic,Week2,Walden Glen,Week4,215.0 Villa Aquatic - 187.0 Walden Glen
Villa Aquatic,Week4,Lincolnia Park,Week3,290.0 Villa Aquatic - 103.0 Lincolnia Park
Villa Aquatic,Week2,Little Hunting Park,Week5,225.0 Villa Aquatic - 177.0 Little Hunting Park
Villa Aquatic,Week5,Lincolnia Park,Week1,337.0 Villa Aquatic - 65.0 Lincolnia Park
Villa Aquatic,Week4,Pleasant Valley,Week4,313.0 Villa Aquatic - 89.0 Pleasant Valley
Villa Aquatic,Week1,Walden Glen,Week1,248.5 Villa Aquatic - 153.5 Walden Glen
Village West,Week5,Parliament,Week1,256.0 Parliament - 145.0 Village West
Virginia Hills,Week4,Brandywine,Week5,342.0 Brandywine - 60.0 Virginia Hills
Villa Aquatic,Week2,Sully Station,Week1,274.0 Sully Station - 128.0 Villa Aquatic
Villa Aquatic,Week5,Stratford,Week1,267.0 Villa Aquatic - 135.0 Stratford
Village West,Week5,Mansion House,Week1,285.0 Mansion House - 117.0 Village West
Villa Aquatic,Week3,Walden Glen,Week2,272.0 Villa Aquatic - 130.0 Walden Glen
Village West,Week4,Mantua,Week2,294.0 Mantua - 103.0 Village West
Village West,Week3,Parliament,Week5,240.0 Parliament - 161.0 Village West
Villa Aquatic,Week2,Poplar Heights,Week2,233.0 Poplar Heights - 169.0 Villa Aquatic
Villa Aquatic,Week3,Wakefield Chapel,Week2,272.0 Wakefield Chapel - 130.0 Villa Aquatic
Virginia Hills,Week2,Bren Mar-Edsall Park,Week3,221.0 Virginia Hills - 180.0 Bren Mar-Edsall Park
Virginia Hills,Week5,Brandywine,Week1,305.0 Brandywine - 96.0 Virginia Hills
Virginia Hills,Week3,Brandywine,Week3,310.5 Brandywine - 90.5 Virginia Hills
Villa Aquatic,Week3,Stratford,Week5,270.0 Villa Aquatic - 132.0 Stratford
Village West,Week5,Parliament,Week5,238.0 Parliament - 163.0 Village West
Villa Aquatic,Week3,Wakefield Chapel,Week5,294.0 Wakefield Chapel - 108.0 Villa Aquatic
Village West,Week4,Mansion House,Week4,251.0 Mansion House - 146.0 Village West
Village West,Week3,Mantua,Week5,296.0 Mantua - 106.0 Village West
Village West,Week2,Hollin Meadows,Week4,281.0 Hollin Meadows - 121.0 Village West
Village West,Week5,Mansion House,Week3,273.0 Mansion House - 129.0 Village West
Village West,Week3,Parliament,Week4,224.0 Parliament - 178.0 Village West
Villa Aquatic,Week1,Little Hunting Park,Week4,244.0 Villa Aquatic - 158.0 Little Hunting Park
Virginia Hills,Week5,Brandywine,Week2,301.0 Brandywine - 99.0 Virginia Hills
Village West,Week5,Hollin Hills,Week4,251.0 Village West - 150.0 Hollin Hills
Village West,Week4,Parliament,Week4,244.0 Parliament - 153.0 Village West
Villa Aquatic,Week4,Lincolnia Park,Week5,295.0 Villa Aquatic - 98.0 Lincolnia Park
Village West,Week3,Mantua,Week2,286.0 Mantua - 116.0 Village West
Villa Aquatic,Week1,Walden Glen,Week5,208.0 Walden Glen - 194.0 Villa Aquatic
Villa Aquatic,Week1,Sully Station,Week5,293.0 Sully Station - 109.0 Villa Aquatic
Villa Aquatic,Week2,Poplar Tree,Week1,247.0 Poplar Tree - 155.0 Villa Aquatic
Village West,Week1,Hollin Meadows,Week5,294.0 Hollin Meadows - 108.0 Village West
Village West,Week4,Parliament,Week5,242.0 Parliament - 154.0 Village West
Village West,Week2,Hollin Meadows,Week1,268.0 Hollin Meadows - 134.0 Village West
Villa Aquatic,Week1,Walden Glen,Week2,224.0 Villa Aquatic - 177.0 Walden Glen
Villa Aquatic,Week2,Stratford,Week4,228.0 Villa Aquatic - 174.0 Stratford
Village West,Week5,Hollin Hills,Week3,248.0 Village West - 154.0 Hollin Hills
Villa Aquatic,Week2,Little Hunting Park,Week3,257.0 Villa Aquatic - 145.0 Little Hunting Park
Villa Aquatic,Week3,Little Hunting Park,Week2,286.0 Villa Aquatic - 116.0 Little Hunting Park
Villa Aquatic,Week4,Lincolnia Park,Week4,317.0 Villa Aquatic - 85.0 Lincolnia Park
Villa Aquatic,Week1,Poplar Heights,Week5,258.0 Poplar Heights - 144.0 Villa Aquatic
Villa Aquatic,Week1,Walden Glen,Week4,208.0 Villa Aquatic - 194.0 Walden Glen
Village West,Week4,Parliament,Week1,250.0 Parliament - 146.0 Village West
Villa Aquatic,Week4,Stratford,Week1,260.0 Villa Aquatic - 142.0 Stratford
Virginia Hills,Week3,Brandywine,Week5,335.0 Brandywine - 67.0 Virginia Hills
Villa Aquatic,Week4,Stratford,Week2,266.0 Villa Aquatic - 136.0 Stratford
Villa Aquatic,Week3,Little Hunting Park,Week1,285.0 Villa Aquatic - 116.0 Little Hunting Park
Villa Aquatic,Week2,Poplar Heights,Week4,242.0 Poplar Heights - 160.0 Villa Aquatic
Village West,Week1,Mansion House,Week4,250.0 Mansion House - 152.0 Village West
Virginia Hills,Week5,Brandywine,Week4,324.0 Brandywine - 78.0 Virginia Hills
Villa Aquatic,Week4,Poplar Heights,Week3,236.0 Poplar Heights - 166.0 Villa Aquatic
Villa Aquatic,Week3,Poplar Heights,Week3,202.0 Poplar Heights - 200.0 Villa Aquatic
Villa Aquatic,Week4,Stratford,Week4,231.0 Villa Aquatic - 171.0 Stratford
Village West,Week2,Parliament,Week3,261.0 Parliament - 141.0 Village West
Village West,Week2,Mansion House,Week2,274.0 Mansion House - 127.0 Village West
Village West,Week4,Hollin Hills,Week4,257.0 Village West - 136.0 Hollin Hills
Villa Aquatic,Week2,Walden Glen,Week1,254.5 Villa Aquatic - 147.5 Walden Glen
Villa Aquatic,Week2,Little Hunting Park,Week4,262.0 Villa Aquatic - 140.0 Little Hunting Park
Virginia Hills,Week1,Bren Mar-Edsall Park,Week2,256.0 Virginia Hills - 144.0 Bren Mar-Edsall Park
Villa Aquatic,Week2,Poplar Tree,Week4,212.0 Poplar Tree - 190.0 Villa Aquatic
Villa Aquatic,Week3,Stratford,Week3,264.0 Villa Aquatic - 138.0 Stratford
Village West,Week1,Mansion House,Week3,294.5 Mansion House - 107.5 Village West
Virginia Hills,Week1,Bren Mar-Edsall Park,Week1,247.0 Virginia Hills - 151.0 Bren Mar-Edsall Park
Villa Aquatic,Week5,Wakefield Chapel,Week3,292.0 Wakefield Chapel - 110.0 Villa Aquatic
Village West,Week1,Pinecrest,Week2,316.0 Pinecrest - 86.0 Village West
Village West,Week4,Hollin Hills,Week3,257.0 Village West - 140.0 Hollin Hills
Villa Aquatic,Week4,Poplar Heights,Week1,203.0 Poplar Heights - 199.0 Villa Aquatic
Village West,Week3,Mansion House,Week3,274.0 Mansion House - 128.0 Village West
Villa Aquatic,Week3,Little Hunting Park,Week4,290.0 Villa Aquatic - 112.0 Little Hunting Park
Virginia Hills,Week4,Brandywine,Week2,325.0 Brandywine - 76.0 Virginia Hills
Villa Aquatic,Week4,Wakefield Chapel,Week1,299.5 Wakefield Chapel - 102.5 Villa Aquatic
Villa Aquatic,Week4,Stratford,Week5,254.0 Villa Aquatic - 148.0 Stratford
Village West,Week4,Hollin Hills,Week2,252.0 Village West - 142.0 Hollin Hills
Village West,Week2,Parliament,Week4,249.0 Parliament - 153.0 Village West
Villa Aquatic,Week5,Poplar Heights,Week1,203.0 Villa Aquatic - 199.0 Poplar Heights
Villa Aquatic,Week4,Wakefield Chapel,Week2,291.0 Wakefield Chapel - 111.0 Villa Aquatic
Village West,Week3,Parliament,Week1,257.0 Parliament - 144.0 Village West
Virginia Hills,Week5,Brandywine,Week3,301.5 Brandywine - 99.5 Virginia Hills
Villa Aquatic,Week3,Stratford,Week2,271.0 Villa Aquatic - 131.0 Stratford
Village West,Week5,Hollin Hills,Week2,262.0 Village West - 138.0 Hollin Hills
Villa Aquatic,Week5,Little Hunting Park,Week4,283.0 Villa Aquatic - 119.0 Little Hunting Park
Villa Aquatic,Week5,Poplar Heights,Week4,218.0 Poplar Heights - 184.0 Villa Aquatic
Village West,Week3,Mansion House,Week1,272.0 Mansion House - 130.0 Village West
Villa Aquatic,Week1,Poplar Tree,Week5,271.0 Poplar Tree - 131.0 Villa Aquatic
Villa Aquatic,Week5,Wakefield Chapel,Week1,298.0 Wakefield Chapel - 104.0 Villa Aquatic
Village West,Week1,Pinecrest,Week5,323.0 Pinecrest - 78.0 Village West
Virginia Hills,Week2,Bren Mar-Edsall Park,Week4,217.0 Virginia Hills - 179.0 Bren Mar-Edsall Park
Village West,Week2,Mansion House,Week1,292.0 Mansion House - 110.0 Village West
Village West,Week3,Hollin Meadows,Week1,242.0 Hollin Meadows - 160.0 Village West
Virginia Hills,Week4,Brandywine,Week3,322.0 Brandywine - 79.0 Virginia Hills
Village West,Week5,Mansion House,Week4,243.0 Mansion House - 159.0 Village West
Villa Aquatic,Week4,Little Rocky Run,Week4,277.5 Little Rocky Run - 124.5 Villa Aquatic
Villa Aquatic,Week3,Stratford,Week1,263.0 Villa Aquatic - 139.0 Stratford
Village West,Week2,Hollin Meadows,Week3,277.0 Hollin Meadows - 124.0 Village West
Villa Aquatic,Week5,Stratford,Week4,239.0 Villa Aquatic - 163.0 Stratford
Villa Aquatic,Week3,Poplar Heights,Week5,215.0 Poplar Heights - 187.0 Villa Aquatic
Village West,Week1,Mantua,Week3,319.0 Mantua - 83.0 Village West
Village West,Week2,Pinecrest,Week1,310.0 Pinecrest - 92.0 Village West
Villa Aquatic,Week4,Little Rocky Run,Week2,264.5 Little Rocky Run - 137.5 Villa Aquatic
Virginia Hills,Week2,Bren Mar-Edsall Park,Week2,246.0 Virginia Hills - 151.0 Bren Mar-Edsall Park
Villa Aquatic,Week4,Poplar Tree,Week3,239.0 Poplar Tree - 163.0 Villa Aquatic
Villa Aquatic,Week3,Little Rocky Run,Week2,234.0 Little Rocky Run - 168.0 Villa Aquatic
Village West,Week1,Pinecrest,Week3,320.0 Pinecrest - 82.0 Village West
Village West,Week2,Hollin Meadows,Week5,283.0 Hollin Meadows - 119.0 Village West
Villa Aquatic,Week3,Wakefield Chapel,Week3,276.0 Wakefield Chapel - 126.0 Villa Aquatic
Villa Aquatic,Week5,Stratford,Week3,253.0 Villa Aquatic - 149.0 Stratford
Villa Aquatic,Week5,Stratford,Week2,267.0 Villa Aquatic - 135.0 Stratford
Village West,Week3,Mansion House,Week5,274.0 Mansion House - 128.0 Village West
Villa Aquatic,Week2,Little Rocky Run,Week2,275.0 Little Rocky Run - 127.0 Villa Aquatic
Village West,Week4,Pinecrest,Week4,305.0 Pinecrest - 92.0 Village West
Village West,Week3,Mansion House,Week4,239.0 Mansion House - 163.0 Village West
Villa Aquatic,Week4,Little Hunting Park,Week4,275.0 Villa Aquatic - 127.0 Little Hunting Park
Villa Aquatic,Week4,Waynewood,Week2,243.0 Waynewood - 159.0 Villa Aquatic
Villa Aquatic,Week3,Poplar Heights,Week2,211.0 Poplar Heights - 191.0 Villa Aquatic
Villa Aquatic,Week3,Poplar Tree,Week3,222.0 Poplar Tree - 180.0 Villa Aquatic
Village West,Week4,Hollin Meadows,Week3,258.0 Hollin Meadows - 139.0 Village West
Virginia Hills,Week1,Bren Mar-Edsall Park,Week5,223.0 Virginia Hills - 176.0 Bren Mar-Edsall Park
Villa Aquatic,Week2,Poplar Tree,Week5,271.0 Poplar Tree - 131.0 Villa Aquatic
Villa Aquatic,Week1,Sully Station,Week4,273.0 Sully Station - 129.0 Villa Aquatic
Village West,Week2,Holmes Run Acres,Week2,258.0 Holmes Run Acres - 144.0 Village West
Village West,Week3,Mansion House,Week2,255.0 Mansion House - 147.0 Village West
Villa Aquatic,Week1,Sully Station,Week3,285.0 Sully Station - 117.0 Villa Aquatic
Villa Aquatic,Week5,Little Rocky Run,Week1,269.0 Little Rocky Run - 133.0 Villa Aquatic
Villa Aquatic,Week5,Wakefield Chapel,Week4,279.0 Wakefield Chapel - 123.0 Villa Aquatic
Village West,Week2,Pinecrest,Week3,323.0 Pinecrest - 79.0 Village West
Village West,Week2,Mansion House,Week3,295.0 Mansion House - 107.0 Village West
Villa Aquatic,Week1,Sully Station,Week1,279.0 Sully Station - 123.0 Villa Aquatic
Village West,Week1,Pinewood Lake,Week4,317.0 Village West - 79.0 Pinewood Lake
Virginia Hills,Week4,Brandywine,Week1,324.0 Brandywine - 78.0 Virginia Hills
Villa Aquatic,Week2,Walden Glen,Week2,215.0 Villa Aquatic - 186.0 Walden Glen
Villa Aquatic,Week2,Little Rocky Run,Week1,277.5 Little Rocky Run - 124.5 Villa Aquatic
Virginia Hills,Week1,Bren Mar-Edsall Park,Week3,228.0 Virginia Hills - 174.0 Bren Mar-Edsall Park
Village West,Week3,Hollin Meadows,Week5,259.0 Hollin Meadows - 143.0 Village West
Villa Aquatic,Week5,Stratford,Week5,257.0 Villa Aquatic - 145.0 Stratford
Villa Aquatic,Week3,Waynewood,Week5,248.0 Waynewood - 154.0 Villa Aquatic
Villa Aquatic,Week1,Poplar Tree,Week4,237.0 Poplar Tree - 165.0 Villa Aquatic
Villa Aquatic,Week1,Sully Station,Week2,278.0 Sully Station - 124.0 Villa Aquatic
Villa Aquatic,Week5,Little Hunting Park,Week1,268.0 Villa Aquatic - 134.0 Little Hunting Park
Village West,Week3,Pinecrest,Week4,304.0 Pinecrest - 98.0 Village West
Village West,Week3,Hollin Meadows,Week2,233.0 Hollin Meadows - 169.0 Village West
Village West,Week5,Pinecrest,Week3,318.0 Pinecrest - 84.0 Village West
Villa Aquatic,Week3,Poplar Heights,Week1,209.0 Villa Aquatic - 193.0 Poplar Heights
Virginia Hills,Week2,Bren Mar-Edsall Park,Week1,244.0 Virginia Hills - 152.0 Bren Mar-Edsall Park
Village West,Week3,Hollin Meadows,Week4,260.5 Hollin Meadows - 141.5 Village West
Villa Aquatic,Week5,Walden Glen,Week2,262.0 Villa Aquatic - 140.0 Walden Glen
Villa Aquatic,Week1,Poplar Tree,Week1,258.0 Poplar Tree - 144.0 Villa Aquatic
Villa Aquatic,Week4,Wakefield Chapel,Week4,284.0 Wakefield Chapel - 118.0 Villa Aquatic
Village West,Week1,Mansion House,Week5,287.0 Mansion House - 115.0 Village West
Village West,Week3,Hollin Meadows,Week3,255.0 Hollin Meadows - 147.0 Village West
Villa Aquatic,Week1,Little Rocky Run,Week4,288.0 Little Rocky Run - 114.0 Villa Aquatic
Virginia Hills,Week3,Brandywine,Week4,337.0 Brandywine - 65.0 Virginia Hills
Village West,Week2,Mansion House,Week5,287.0 Mansion House - 115.0 Village West
Virginia Hills,Week2,Bren Mar-Edsall Park,Week5,221.0 Virginia Hills - 171.0 Bren Mar-Edsall Park
Villa Aquatic,Week5,Sully Station,Week1,255.0 Sully Station - 147.0 Villa Aquatic
Village West,Week1,Holmes Run Acres,Week1,263.0 Holmes Run Acres - 139.0 Village West
Villa Aquatic,Week4,Walden Glen,Week3,244.0 Villa Aquatic - 158.0 Walden Glen
Villa Aquatic,Week3,Sully Station,Week1,253.0 Sully Station - 149.0 Villa Aquatic
Villa Aquatic,Week4,Poplar Tree,Week1,231.0 Poplar Tree - 171.0 Villa Aquatic
Villa Aquatic,Week2,Little Rocky Run,Week4,288.0 Little Rocky Run - 114.0 Villa Aquatic
Villa Aquatic,Week5,Poplar Heights,Week2,204.0 Villa Aquatic - 198.0 Poplar Heights
Village West,Week1,Mantua,Week4,311.0 Mantua - 91.0 Village West
Villa Aquatic,Week1,Waynewood,Week4,259.0 Waynewood - 143.0 Villa Aquatic
Village West,Week4,Mansion House,Week5,285.0 Mansion House - 112.0 Village West
Village West,Week3,Pinewood Lake,Week5,329.0 Village West - 71.0 Pinewood Lake
Villa Aquatic,Week3,Little Rocky Run,Week5,285.0 Little Rocky Run - 117.0 Villa Aquatic
Village West,Week4,Pinewood Lake,Week2,309.0 Village West - 83.0 Pinewood Lake
Virginia Hills,Week1,Bren Mar-Edsall Park,Week4,212.0 Virginia Hills - 187.0 Bren Mar-Edsall Park
Village West,Week1,Mantua,Week1,301.0 Mantua - 101.0 Village West
Virginia Hills,Week4,Brandywine,Week4,340.0 Brandywine - 62.0 Virginia Hills
Villa Aquatic,Week3,Waynewood,Week4,217.0 Waynewood - 185.0 Villa Aquatic
Villa Aquatic,Week3,Sully Station,Week5,257.0 Sully Station - 145.0 Villa Aquatic
Villa Aquatic,Week2,Little Rocky Run,Week3,291.0 Little Rocky Run - 111.0 Villa Aquatic
Villa Aquatic,Week2,Sully Station,Week2,255.0 Sully Station - 147.0 Villa Aquatic
Village West,Week1,Holmes Run Acres,Week2,258.0 Holmes Run Acres - 144.0 Village West
Virginia Hills,Week3,Bren Mar-Edsall Park,Week1,271.0 Virginia Hills - 130.0 Bren Mar-Edsall Park
Village West,Week5,Pinecrest,Week4,319.0 Pinecrest - 83.0 Village West
Village West,Week5,Hollin Meadows,Week2,254.0 Hollin Meadows - 148.0 Village West
Village West,Week3,Pinewood Lake,Week2,322.0 Village West - 76.0 Pinewood Lake
Villa Aquatic,Week2,Poplar Heights,Week3,231.0 Poplar Heights - 171.0 Villa Aquatic
Villa Aquatic,Week3,Little Rocky Run,Week3,262.5 Little Rocky Run - 139.5 Villa Aquatic
Village West,Week4,Holmes Run Acres,Week5,298.0 Holmes Run Acres - 99.0 Village West
Villa Aquatic,Week2,Poplar Heights,Week5,234.0 Poplar Heights - 168.0 Villa Aquatic
Villa Aquatic,Week1,Waynewood,Week1,245.0 Waynewood - 157.0 Villa Aquatic
Villa Aquatic,Week5,Walden Glen,Week3,256.0 Villa Aquatic - 146.0 Walden Glen
Villa Aquatic,Week5,Sully Station,Week3,247.5 Sully Station - 154.5 Villa Aquatic
Villa Aquatic,Week1,Little Rocky Run,Week3,303.0 Little Rocky Run - 99.0 Villa Aquatic
Villa Aquatic,Week5,Sully Station,Week2,242.0 Sully Station - 160.0 Villa Aquatic
Village West,Week1,Hunt Valley,Week1,326.0 Hunt Valley - 76.0 Village West
Village West,Week1,Mantua,Week5,329.0 Mantua - 73.0 Village West
Villa Aquatic,Week4,Little Hunting Park,Week1,277.0 Villa Aquatic - 125.0 Little Hunting Park
Villa Aquatic,Week4,Sully Station,Week1,266.0 Sully Station - 136.0 Villa Aquatic
Village West,Week1,Pinewood Lake,Week3,324.0 Village West - 72.0 Pinewood Lake
Virginia Hills,Week4,Bren Mar-Edsall Park,Week1,262.0 Virginia Hills - 136.0 Bren Mar-Edsall Park
Village West,Week1,Mantua,Week2,293.5 Mantua - 108.5 Village West
Virginia Hills,Week3,Bren Mar-Edsall Park,Week4,237.0 Virginia Hills - 164.0 Bren Mar-Edsall Park
Villa Aquatic,Week5,Walden Glen,Week4,246.0 Villa Aquatic - 156.0 Walden Glen
Village West,Week2,Mantua,Week1,298.0 Mantua - 103.0 Village West
Village West,Week5,Pinecrest,Week5,311.0 Pinecrest - 85.0 Village West
Village West,Week3,Pinecrest,Week5,297.0 Pinecrest - 105.0 Village West
Village West,Week4,Holmes Run Acres,Week4,279.0 Holmes Run Acres - 118.0 Village West
Villa Aquatic,Week3,Little Rocky Run,Week1,253.0 Little Rocky Run - 149.0 Villa Aquatic
Villa Aquatic,Week3,Waynewood,Week3,250.5 Waynewood - 151.5 Villa Aquatic
Virginia Hills,Week3,Bren Mar-Edsall Park,Week5,237.0 Virginia Hills - 164.0 Bren Mar-Edsall Park
Village West,Week3,Holmes Run Acres,Week5,294.0 Holmes Run Acres - 108.0 Village West
Villa Aquatic,Week3,Poplar Heights,Week4,215.0 Poplar Heights - 187.0 Villa Aquatic
Villa Aquatic,Week4,Poplar Heights,Week2,224.0 Poplar Heights - 178.0 Villa Aquatic
Villa Aquatic,Week4,Walden Glen,Week2,251.0 Villa Aquatic - 151.0 Walden Glen
Villa Aquatic,Week4,Sully Station,Week2,252.5 Sully Station - 149.5 Villa Aquatic
Village West,Week2,Pinecrest,Week5,309.0 Pinecrest - 92.0 Village West
Village West,Week3,Pinecrest,Week2,290.0 Pinecrest - 112.0 Village West
Village West,Week3,Mantua,Week4,276.0 Mantua - 126.0 Village West
Villa Aquatic,Week4,Sully Station,Week3,261.0 Sully Station - 141.0 Villa Aquatic
Villa Aquatic,Week1,Little Rocky Run,Week2,272.0 Little Rocky Run - 130.0 Villa Aquatic
Villa Aquatic,Week4,Walden Glen,Week5,212.0 Villa Aquatic - 190.0 Walden Glen
Village West,Week1,Holmes Run Acres,Week4,272.0 Holmes Run Acres - 130.0 Village West
Villa Aquatic,Week5,Sully Station,Week5,269.0 Sully Station - 133.0 Villa Aquatic
Villa Aquatic,Week1,Waynewood,Week2,263.0 Waynewood - 139.0 Villa Aquatic
Villa Aquatic,Week4,Sully Station,Week5,274.0 Sully Station - 128.0 Villa Aquatic
Village West,Week2,Holmes Run Acres,Week1,267.0 Holmes Run Acres - 135.0 Village West
Village West,Week3,Pinecrest,Week1,296.0 Pinecrest - 106.0 Village West
Villa Aquatic,Week4,Little Hunting Park,Week3,270.0 Villa Aquatic - 132.0 Little Hunting Park
Village West,Week1,Pinewood Lake,Week2,308.0 Village West - 88.0 Pinewood Lake
Villa Aquatic,Week2,Poplar Heights,Week1,212.5 Poplar Heights - 189.5 Villa Aquatic
Villa Aquatic,Week4,Poplar Heights,Week4,239.0 Poplar Heights - 163.0 Villa Aquatic
Village West,Week2,Mantua,Week4,306.0 Mantua - 96.0 Village West
Virginia Hills,Week5,Bren Mar-Edsall Park,Week1,305.0 Virginia Hills - 95.0 Bren Mar-Edsall Park
Villa Aquatic,Week4,Little Hunting Park,Week2,273.0 Villa Aquatic - 129.0 Little Hunting Park
Villa Aquatic,Week1,Little Rocky Run,Week1,277.0 Little Rocky Run - 125.0 Villa Aquatic
Villa Aquatic,Week5,Walden Glen,Week5,226.0 Villa Aquatic - 176.0 Walden Glen
Villa Aquatic,Week3,Walden Glen,Week4,250.0 Villa Aquatic - 152.0 Walden Glen
Villa Aquatic,Week5,Poplar Heights,Week3,212.0 Poplar Heights - 190.0 Villa Aquatic
Virginia Hills,Week4,Brookfield ,Week4,366.0 Brookfield - 36.0 Virginia Hills
Virginia Hills,Week5,Bren Mar-Edsall Park,Week4,272.0 Virginia Hills - 126.0 Bren Mar-Edsall Park
Village West,Week2,Mantua,Week3,316.0 Mantua - 86.0 Village West
Villa Aquatic,Week1,Little Rocky Run,Week5,295.0 Little Rocky Run - 107.0 Villa Aquatic
Villa Aquatic,Week1,Poplar Tree,Week2,246.0 Poplar Tree - 156.0 Villa Aquatic
Village West,Week3,Mantua,Week3,315.0 Mantua - 87.0 Village West
Village West,Week1,Pinewood Lake,Week1,324.0 Village West - 72.0 Pinewood Lake
Virginia Hills,Week2,Brookfield ,Week4,356.0 Brookfield - 46.0 Virginia Hills
Village West,Week1,Holmes Run Acres,Week3,297.0 Holmes Run Acres - 105.0 Village West
Virginia Hills,Week5,Brookfield ,Week2,330.0 Brookfield - 72.0 Virginia Hills
Village West,Week1,Holmes Run Acres,Week5,308.0 Holmes Run Acres - 94.0 Village West
Village West,Week2,Mantua,Week5,318.0 Mantua - 84.0 Village West
Villa Aquatic,Week5,Little Hunting Park,Week3,268.0 Villa Aquatic - 134.0 Little Hunting Park
Villa Aquatic,Week4,Poplar Heights,Week5,231.0 Poplar Heights - 171.0 Villa Aquatic
Villa Aquatic,Week5,Sully Station,Week4,235.0 Sully Station - 167.0 Villa Aquatic
Village West,Week2,Pinewood Lake,Week5,333.0 Village West - 67.0 Pinewood Lake
Villa Aquatic,Week5,Walden Glen,Week1,278.0 Villa Aquatic - 124.0 Walden Glen
Villa Aquatic,Week5,Poplar Heights,Week5,225.0 Poplar Heights - 177.0 Villa Aquatic
Village West,Week1,Hunt Valley,Week4,336.0 Hunt Valley - 66.0 Village West
Virginia Hills,Week5,Bren Mar-Edsall Park,Week5,256.0 Virginia Hills - 140.0 Bren Mar-Edsall Park
Village West,Week3,Mantua,Week1,286.0 Mantua - 116.0 Village West
Village West,Week4,Pinecrest,Week5,310.0 Pinecrest - 86.0 Village West
Virginia Hills,Week4,Bren Mar-Edsall Park,Week5,232.0 Virginia Hills - 169.0 Bren Mar-Edsall Park
Villa Aquatic,Week3,Sully Station,Week3,246.0 Sully Station - 156.0 Villa Aquatic
Village West,Week4,Mantua,Week1,292.0 Mantua - 105.0 Village West
Village West,Week4,Holmes Run Acres,Week1,254.0 Holmes Run Acres - 143.0 Village West
Villa Aquatic,Week3,Sully Station,Week2,237.0 Sully Station - 165.0 Villa Aquatic
Villa Aquatic,Week5,Little Hunting Park,Week2,270.0 Villa Aquatic - 132.0 Little Hunting Park
Village West,Week5,Hollin Meadows,Week4,271.0 Hollin Meadows - 131.0 Village West
Villa Aquatic,Week1,Sully Station II,Week1,263.0 Sully Station II - 139.0 Villa Aquatic
Villa Aquatic,Week4,Walden Glen,Week1,273.0 Villa Aquatic - 129.0 Walden Glen
Villa Aquatic,Week1,Poplar Tree,Week3,256.0 Poplar Tree - 146.0 Villa Aquatic
Villa Aquatic,Week4,Sully Station,Week4,257.0 Sully Station - 145.0 Villa Aquatic
Village West,Week4,Pinecrest,Week1,302.0 Pinecrest - 95.0 Village West
Village West,Week3,Holmes Run Acres,Week3,283.0 Holmes Run Acres - 119.0 Village West
Villa Aquatic,Week4,Walden Glen,Week4,233.0 Villa Aquatic - 169.0 Walden Glen
Village West,Week2,McLean,Week2,311.0 McLean - 91.0 Village West
Virginia Hills,Week2,Brookfield ,Week1,355.0 Brookfield - 47.0 Virginia Hills
Villa Aquatic,Week1,Waynewood,Week3,274.0 Waynewood - 128.0 Villa Aquatic
Villa Aquatic,Week2,Poplar Tree,Week3,250.0 Poplar Tree - 152.0 Villa Aquatic
Village West,Week4,Mantua,Week3,321.0 Mantua - 76.0 Village West
Village West,Week5,Mantua,Week2,300.0 Mantua - 97.0 Village West
Virginia Hills,Week1,Brookfield ,Week4,352.0 Brookfield - 50.0 Virginia Hills
Village West,Week3,Pinecrest,Week3,320.0 Pinecrest - 82.0 Village West
Villa Aquatic,Week4,Little Hunting Park,Week5,238.0 Villa Aquatic - 164.0 Little Hunting Park
Village West,Week5,Pinecrest,Week1,298.0 Pinecrest - 104.0 Village West
Villa Aquatic,Week2,Little Rocky Run,Week5,298.0 Little Rocky Run - 104.0 Villa Aquatic
Virginia Hills,Week3,Brookfield ,Week4,362.0 Brookfield - 40.0 Virginia Hills
Villa Aquatic,Week2,Poplar Tree,Week2,239.0 Poplar Tree - 163.0 Villa Aquatic
Villa Aquatic,Week3,Poplar Tree,Week1,216.0 Poplar Tree - 186.0 Villa Aquatic
Village West,Week5,Hollin Meadows,Week3,270.0 Hollin Meadows - 132.0 Village West
Villa Aquatic,Week3,Walden Glen,Week5,234.5 Villa Aquatic - 167.5 Walden Glen
Village West,Week5,Holmes Run Acres,Week1,248.0 Holmes Run Acres - 154.0 Village West
Villa Aquatic,Week1,Sully Station II,Week3,300.0 Sully Station II - 102.0 Villa Aquatic
Villa Aquatic,Week4,Little Rocky Run,Week1,261.0 Little Rocky Run - 141.0 Villa Aquatic
Village West,Week4,Holmes Run Acres,Week2,261.0 Holmes Run Acres - 136.0 Village West
Village West,Week4,Pinecrest,Week2,302.0 Pinecrest - 95.0 Village West
Village West,Week3,Pinewood Lake,Week4,325.0 Village West - 73.0 Pinewood Lake
Villa Aquatic,Week3,Poplar Tree,Week4,213.0 Villa Aquatic - 189.0 Poplar Tree
Village West,Week2,McLean,Week4,310.0 McLean - 92.0 Village West
Villa Aquatic,Week3,Little Rocky Run,Week4,260.0 Little Rocky Run - 142.0 Villa Aquatic
Village West,Week2,McLean,Week3,308.0 McLean - 93.0 Village West
Virginia Hills,Week5,Bren Mar-Edsall Park,Week2,295.0 Virginia Hills - 106.0 Bren Mar-Edsall Park
Villa Aquatic,Week5,Little Hunting Park,Week5,240.0 Villa Aquatic - 162.0 Little Hunting Park
Villa Aquatic,Week3,Poplar Tree,Week5,239.0 Poplar Tree - 163.0 Villa Aquatic
Village West,Week1,McLean,Week3,309.0 McLean - 93.0 Village West
Villa Aquatic,Week1,Sully Station II,Week5,295.0 Sully Station II - 107.0 Villa Aquatic
Village West,Week4,Holmes Run Acres,Week3,293.0 Holmes Run Acres - 104.0 Village West
Villa Aquatic,Week1,Sully Station II,Week2,275.0 Sully Station II - 127.0 Villa Aquatic
Virginia Hills,Week4,Brookfield ,Week3,346.0 Brookfield - 55.0 Virginia Hills
Village West,Week3,Pinewood Lake,Week3,329.0 Village West - 68.0 Pinewood Lake
Villa Aquatic,Week2,Waynewood,Week2,256.0 Waynewood - 146.0 Villa Aquatic
Villa Aquatic,Week2,Waynewood,Week1,243.0 Waynewood - 159.0 Villa Aquatic
Villa Aquatic,Week3,Poplar Tree,Week2,202.0 Poplar Tree - 200.0 Villa Aquatic
Virginia Hills,Week4,Brookfield ,Week1,358.0 Brookfield - 44.0 Virginia Hills
Villa Aquatic,Week2,Sully Station II,Week2,282.0 Sully Station II - 120.0 Villa Aquatic
Villa Aquatic,Week5,Little Rocky Run,Week3,269.0 Little Rocky Run - 133.0 Villa Aquatic
Village West,Week3,Holmes Run Acres,Week1,249.0 Holmes Run Acres - 153.0 Village West
Villa Aquatic,Week4,Little Rocky Run,Week3,281.0 Little Rocky Run - 121.0 Villa Aquatic
Villa Aquatic,Week4,Little Rocky Run,Week5,287.0 Little Rocky Run - 115.0 Villa Aquatic
Villa Aquatic,Week3,Ravensworth Farm,Week4,202.5 Villa Aquatic - 199.5 Ravensworth Farm
Village West,Week3,Holmes Run Acres,Week2,251.0 Holmes Run Acres - 151.0 Village West
Villa Aquatic,Week2,Waynewood,Week3,277.0 Waynewood - 125.0 Villa Aquatic
Villa Aquatic,Week1,Sully Station II,Week4,245.0 Sully Station II - 157.0 Villa Aquatic
Virginia Hills,Week5,Brookfield ,Week1,327.0 Brookfield - 75.0 Virginia Hills
Villa Aquatic,Week1,Waynewood,Week5,274.0 Waynewood - 128.0 Villa Aquatic
Virginia Hills,Week4,Bren Mar-Edsall Park,Week3,239.0 Virginia Hills - 163.0 Bren Mar-Edsall Park
Villa Aquatic,Week2,Ravensworth Farm,Week4,243.0 Ravensworth Farm - 159.0 Villa Aquatic
Village West,Week1,Pinewood Lake,Week5,315.0 Village West - 83.0 Pinewood Lake
Village West,Week5,Pinecrest,Week2,313.0 Pinecrest - 89.0 Village West
Villa Aquatic,Week2,Sully Station II,Week1,261.0 Sully Station II - 141.0 Villa Aquatic
Villa Aquatic,Week2,Ravensworth Farm,Week5,263.0 Ravensworth Farm - 139.0 Villa Aquatic
Villa Aquatic,Week3,Waynewood,Week2,223.0 Waynewood - 179.0 Villa Aquatic
Villa Aquatic,Week1,Long Branch,Week3,235.0 Villa Aquatic - 167.0 Long Branch
Village West,Week4,Pinecrest,Week3,313.0 Pinecrest - 84.0 Village West
Village West,Week2,Holmes Run Acres,Week4,268.0 Holmes Run Acres - 134.0 Village West
Villa Aquatic,Week3,Sully Station,Week4,236.0 Sully Station - 166.0 Villa Aquatic
Village West,Week2,Pinewood Lake,Week2,321.0 Village West - 79.0 Pinewood Lake
Village West,Week5,Mantua,Week3,329.0 Mantua - 73.0 Village West
Village West,Week5,Mantua,Week4,309.0 Mantua - 93.0 Village West
Virginia Hills,Week4,Brookfield ,Week2,352.0 Brookfield - 50.0 Virginia Hills
Village West,Week2,Holmes Run Acres,Week3,297.0 Holmes Run Acres - 105.0 Village West
Villa Aquatic,Week5,Little Rocky Run,Week2,237.0 Little Rocky Run - 165.0 Villa Aquatic
Villa Aquatic,Week1,Ravensworth Farm,Week1,244.0 Ravensworth Farm - 158.0 Villa Aquatic
Villa Aquatic,Week2,Sully Station,Week5,285.0 Sully Station - 117.0 Villa Aquatic
Village West,Week5,Mantua,Week5,323.0 Mantua - 79.0 Village West
Villa Aquatic,Week2,Waynewood,Week5,276.0 Waynewood - 126.0 Villa Aquatic
Virginia Hills,Week3,Brookfield ,Week3,344.0 Brookfield - 58.0 Virginia Hills
Village West,Week1,McLean,Week2,318.0 McLean - 84.0 Village West
Village West,Week3,McLean,Week5,309.0 McLean - 93.0 Village West
Village West,Week2,Pinewood Lake,Week3,334.0 Village West - 66.0 Pinewood Lake
Villa Aquatic,Week2,Waynewood,Week4,263.0 Waynewood - 139.0 Villa Aquatic
Village West,Week2,Pinewood Lake,Week1,342.0 Village West - 59.0 Pinewood Lake
Virginia Hills,Week1,Brookfield ,Week1,340.0 Brookfield - 62.0 Virginia Hills
Villa Aquatic,Week5,Little Rocky Run,Week4,260.0 Little Rocky Run - 142.0 Villa Aquatic
Villa Aquatic,Week3,Waynewood,Week1,210.0 Waynewood - 192.0 Villa Aquatic
Villa Aquatic,Week2,Ravensworth Farm,Week1,236.0 Ravensworth Farm - 166.0 Villa Aquatic
Villa Aquatic,Week4,Poplar Tree,Week2,222.0 Poplar Tree - 180.0 Villa Aquatic
Village West,Week4,Hollin Meadows,Week5,267.5 Hollin Meadows - 129.5 Village West
Village West,Week5,Hollin Meadows,Week1,270.0 Hollin Meadows - 132.0 Village West
Village West,Week4,McLean,Week1,309.0 McLean - 88.0 Village West
Village West,Week1,McLean,Week1,320.0 McLean - 82.0 Village West
Village West,Week3,Holmes Run Acres,Week4,259.0 Holmes Run Acres - 143.0 Village West
Village West,Week4,Pinewood Lake,Week1,328.0 Village West - 64.0 Pinewood Lake
Virginia Hills,Week2,Brookfield ,Week3,337.0 Brookfield - 64.0 Virginia Hills
Villa Aquatic,Week5,Little Rocky Run,Week5,285.0 Little Rocky Run - 117.0 Villa Aquatic
Village West,Week3,Pinewood Lake,Week1,338.0 Village West - 60.0 Pinewood Lake
Virginia Hills,Week4,Bren Mar-Edsall Park,Week4,227.0 Virginia Hills - 173.0 Bren Mar-Edsall Park
Village West,Week3,McLean,Week1,294.0 McLean - 108.0 Village West
Villa Aquatic,Week4,Woodley,Week2,288.0 Villa Aquatic - 114.0 Woodley
Village West,Week5,Holmes Run Acres,Week2,249.0 Holmes Run Acres - 153.0 Village West
Villa Aquatic,Week4,Waynewood,Week4,238.0 Waynewood - 164.0 Villa Aquatic
Village West,Week4,Pinewood Lake,Week3,318.0 Village West - 74.0 Pinewood Lake
Village West,Week2,Holmes Run Acres,Week5,308.0 Holmes Run Acres - 94.0 Village West
Village West,Week5,Hollin Meadows,Week5,263.0 Hollin Meadows - 139.0 Village West
Villa Aquatic,Week3,Long Branch,Week1,263.0 Villa Aquatic - 139.0 Long Branch
Villa Aquatic,Week2,Long Branch,Week4,226.0 Villa Aquatic - 176.0 Long Branch
Villa Aquatic,Week5,Waynewood,Week3,248.0 Waynewood - 154.0 Villa Aquatic
Virginia Hills,Week5,Bren Mar-Edsall Park,Week3,267.0 Virginia Hills - 135.0 Bren Mar-Edsall Park
Villa Aquatic,Week5,Poplar Tree,Week5,242.0 Poplar Tree - 160.0 Villa Aquatic
Village West,Week5,Mantua,Week1,300.0 Mantua - 102.0 Village West
Virginia Hills,Week1,Brookfield ,Week3,334.0 Brookfield - 67.0 Virginia Hills
Village West,Week2,Pinewood Lake,Week4,332.0 Village West - 68.0 Pinewood Lake
Virginia Hills,Week1,Brookfield ,Week2,333.0 Brookfield - 69.0 Virginia Hills
Villa Aquatic,Week1,Ravensworth Farm,Week2,229.0 Ravensworth Farm - 173.0 Villa Aquatic
Villa Aquatic,Week3,Ravensworth Farm,Week1,210.0 Ravensworth Farm - 192.0 Villa Aquatic
Village West,Week1,McLean,Week5,328.0 McLean - 74.0 Village West
Villa Aquatic,Week4,Waynewood,Week1,228.0 Waynewood - 174.0 Villa Aquatic
Villa Aquatic,Week2,Long Branch,Week2,217.0 Villa Aquatic - 185.0 Long Branch
Villa Aquatic,Week1,Woodley,Week4,262.0 Villa Aquatic - 140.0 Woodley
Villa Aquatic,Week3,Long Branch,Week5,228.0 Villa Aquatic - 174.0 Long Branch
Villa Aquatic,Week3,Ravensworth Farm,Week5,229.0 Ravensworth Farm - 173.0 Villa Aquatic
Village West,Week5,Holmes Run Acres,Week4,273.0 Holmes Run Acres - 129.0 Village West
Virginia Hills,Week1,Brookfield ,Week5,337.0 Brookfield - 65.0 Virginia Hills
Virginia Hills,Week3,Brookfield ,Week1,353.0 Brookfield - 49.0 Virginia Hills
Village West,Week1,McLean,Week4,308.0 McLean - 94.0 Village West
Village West,Week4,Mantua,Week4,298.0 Mantua - 99.0 Village West
Village West,Week2,Pleasant Valley,Week4,255.0 Village West - 138.0 Pleasant Valley
Villa Aquatic,Week5,Poplar Tree,Week3,213.0 Poplar Tree - 189.0 Villa Aquatic
Villa Aquatic,Week3,Ravensworth Farm,Week3,215.0 Ravensworth Farm - 187.0 Villa Aquatic
Villa Aquatic,Week3,Ravensworth Farm,Week2,225.0 Villa Aquatic - 177.0 Ravensworth Farm
Villa Aquatic,Week3,Woodley,Week2,301.0 Villa Aquatic - 101.0 Woodley
Villa Aquatic,Week4,Long Branch,Week5,220.0 Villa Aquatic - 182.0 Long Branch
Village West,Week5,Holmes Run Acres,Week5,300.0 Holmes Run Acres - 102.0 Village West
Villa Aquatic,Week2,Mansion House,Week4,215.5 Mansion House - 186.5 Villa Aquatic
Village West,Week2,McLean,Week5,323.0 McLean - 79.0 Village West
Virginia Hills,Week2,Brookfield ,Week2,343.0 Brookfield - 59.0 Virginia Hills
Villa Aquatic,Week1,Mansion House,Week5,249.0 Mansion House - 153.0 Villa Aquatic
Village West,Week1,Hunt Valley,Week2,324.0 Hunt Valley - 78.0 Village West
Village West,Week4,Pinewood Lake,Week4,322.0 Village West - 68.0 Pinewood Lake
Village West,Week5,Holmes Run Acres,Week3,288.0 Holmes Run Acres - 114.0 Village West
Villa Aquatic,Week5,Waynewood,Week4,218.0 Waynewood - 184.0 Villa Aquatic
Villa Aquatic,Week4,Ravensworth Farm,Week1,231.0 Ravensworth Farm - 171.0 Villa Aquatic
Villa Aquatic,Week5,Woodley,Week4,291.5 Villa Aquatic - 110.5 Woodley
Village West,Week2,Pleasant Valley,Week2,243.0 Village West - 154.0 Pleasant Valley
Village West,Week5,Pleasant Valley,Week5,247.0 Village West - 148.0 Pleasant Valley
Villa Aquatic,Week2,Ravensworth Farm,Week3,250.0 Ravensworth Farm - 152.0 Villa Aquatic
Village West,Week1,Hunt Valley,Week3,341.0 Hunt Valley - 61.0 Village West
Village West,Week3,Pleasant Valley,Week5,260.0 Village West - 139.0 Pleasant Valley
Village West,Week3,McLean,Week3,294.0 McLean - 108.0 Village West
Villa Aquatic,Week4,Poplar Tree,Week4,210.0 Poplar Tree - 192.0 Villa Aquatic
Village West,Week4,Mantua,Week5,319.0 Mantua - 78.0 Village West
Villa Aquatic,Week5,Waynewood,Week5,245.0 Waynewood - 157.0 Villa Aquatic
Village West,Week4,Pleasant Valley,Week5,244.0 Village West - 148.0 Pleasant Valley
Villa Aquatic,Week5,Poplar Tree,Week1,218.5 Poplar Tree - 183.5 Villa Aquatic
Villa Aquatic,Week4,Woodley,Week1,278.0 Villa Aquatic - 124.0 Woodley
Village West,Week3,Pleasant Valley,Week1,245.0 Village West - 156.0 Pleasant Valley
Villa Aquatic,Week5,Poplar Tree,Week2,206.0 Poplar Tree - 196.0 Villa Aquatic
Virginia Hills,Week2,Brookfield ,Week5,346.0 Brookfield - 56.0 Virginia Hills
Virginia Hills,Week3,Brookfield ,Week2,349.0 Brookfield - 53.0 Virginia Hills
Village West,Week1,Hunter Mill,Week3,306.0 Hunter Mill - 96.0 Village West
Village West,Week3,Hunt Valley,Week2,318.0 Hunt Valley - 84.0 Village West
Village West,Week5,Hunt Valley,Week3,335.0 Hunt Valley - 67.0 Village West
Villa Aquatic,Week2,Ravensworth Farm,Week2,226.0 Ravensworth Farm - 176.0 Villa Aquatic
Village West,Week5,Pinewood Lake,Week3,319.0 Village West - 73.0 Pinewood Lake
Village West,Week4,Hunt Valley,Week3,324.0 Hunt Valley - 73.0 Village West
Villa Aquatic,Week2,Country Club Hills,Week5,202.0 Country Club Hills - 200.0 Villa Aquatic
Village West,Week3,McLean,Week4,296.0 McLean - 106.0 Village West
Village West,Week2,McLean,Week1,306.5 McLean - 95.5 Village West
Villa Aquatic,Week4,Long Branch,Week3,246.0 Villa Aquatic - 156.0 Long Branch
Villa Aquatic,Week5,Long Branch,Week3,256.0 Villa Aquatic - 146.0 Long Branch
Village West,Week1,Annandale,Week2,214.0 Village West - 188.0 Annandale
Villa Aquatic,Week2,Mansion House,Week2,235.0 Mansion House - 167.0 Villa Aquatic
Villa Aquatic,Week4,Country Club Hills,Week1,227.0 Villa Aquatic - 175.0 Country Club Hills
Virginia Hills,Week3,Brookfield ,Week5,351.0 Brookfield - 51.0 Virginia Hills
Village West,Week3,McLean,Week2,305.0 McLean - 97.0 Village West
Village West,Week1,Pleasant Valley,Week5,246.0 Village West - 154.0 Pleasant Valley
Villa Aquatic,Week2,Country Club Hills,Week2,211.0 Villa Aquatic - 191.0 Country Club Hills
Villa Aquatic,Week1,Mansion House,Week1,245.0 Mansion House - 157.0 Villa Aquatic
Villa Aquatic,Week2,Country Club Hills,Week4,204.0 Villa Aquatic - 198.0 Country Club Hills
Villa Aquatic,Week1,Woodley,Week3,253.0 Villa Aquatic - 149.0 Woodley
Village West,Week3,Mosby Woods,Week2,294.0 Mosby Woods - 108.0 Village West
Virginia Hills,Week5,Brookfield ,Week4,339.0 Brookfield - 63.0 Virginia Hills
Villa Aquatic,Week3,Country Club Hills,Week2,257.0 Villa Aquatic - 145.0 Country Club Hills
Villa Aquatic,Week4,Long Branch,Week2,238.0 Villa Aquatic - 164.0 Long Branch
Villa Aquatic,Week1,Woodley,Week1,253.0 Villa Aquatic - 149.0 Woodley
Villa Aquatic,Week1,Long Branch,Week1,228.0 Villa Aquatic - 174.0 Long Branch
Virginia Hills,Week5,Brookfield ,Week3,309.0 Brookfield - 93.0 Virginia Hills
Villa Aquatic,Week1,Woodley,Week2,253.0 Villa Aquatic - 149.0 Woodley
Village West,Week2,Hunter Mill,Week1,295.0 Hunter Mill - 107.0 Village West
Virginia Hills,Week4,Brookfield ,Week5,350.0 Brookfield - 52.0 Virginia Hills
Villa Aquatic,Week1,Ravensworth Farm,Week3,276.0 Ravensworth Farm - 126.0 Villa Aquatic
Village West,Week5,Pleasant Valley,Week4,256.0 Village West - 137.0 Pleasant Valley
Villa Aquatic,Week4,Country Club Hills,Week2,233.0 Villa Aquatic - 169.0 Country Club Hills
Village West,Week2,Hunt Valley,Week3,335.0 Hunt Valley - 67.0 Village West
Villa Aquatic,Week2,Woodley,Week5,257.0 Villa Aquatic - 145.0 Woodley
Villa Aquatic,Week4,Ravensworth Farm,Week2,221.0 Ravensworth Farm - 181.0 Villa Aquatic
Village West,Week5,Mosby Woods,Week1,291.0 Mosby Woods - 111.0 Village West
Villa Aquatic,Week1,Long Branch,Week4,219.0 Villa Aquatic - 183.0 Long Branch
Villa Aquatic,Week3,Country Club Hills,Week5,221.0 Villa Aquatic - 181.0 Country Club Hills
Villa Aquatic,Week3,Long Branch,Week3,251.0 Villa Aquatic - 151.0 Long Branch
Village West,Week5,Pleasant Valley,Week1,243.0 Village West - 155.0 Pleasant Valley
Virginia Hills,Week5,Brookfield ,Week5,326.0 Brookfield - 70.0 Virginia Hills
Virginia Hills,Week1,Broyhill Crest,Week1,215.0 Virginia Hills - 183.0 Broyhill Crest
Village West,Week1,Mosby Woods,Week2,307.0 Mosby Woods - 95.0 Village West
Village West,Week4,Mosby Woods,Week3,304.0 Mosby Woods - 93.0 Village West
Villa Aquatic,Week3,Woodley,Week3,299.0 Villa Aquatic - 103.0 Woodley
Village West,Week3,Hunt Valley,Week4,327.0 Hunt Valley - 75.0 Village West
Virginia Hills,Week4,Sideburn Run,Week1,340.0 Sideburn Run - 62.0 Virginia Hills
Virginia Hills,Week3,Sideburn Run,Week1,337.0 Sideburn Run - 65.0 Virginia Hills
Virginia Hills,Week1,Sideburn Run,Week1,334.0 Sideburn Run - 68.0 Virginia Hills
Virginia Run,Week1,Riverside Gardens,Week2,226.0 Riverside Gardens - 176.0 Virginia Run
Virginia Hills,Week3,Forest Hollow,Week4,354.0 Forest Hollow - 48.0 Virginia Hills
Virginia Run,Week1,Chesterbrook,Week4,339.0 Chesterbrook - 63.0 Virginia Run
Virginia Run,Week1,Chesterbrook,Week2,333.0 Chesterbrook - 69.0 Virginia Run
Virginia Run,Week3,Ravensworth Farm,Week4,229.0 Ravensworth Farm - 173.0 Virginia Run
Virginia Run,Week5,Cardinal Hill,Week1,223.0 Cardinal Hill - 179.0 Virginia Run
Virginia Hills,Week2,Woodley,Week2,298.0 Woodley - 103.0 Virginia Hills
Virginia Hills,Week4,Parliament,Week5,305.0 Parliament - 96.0 Virginia Hills
Virginia Run,Week4,Chesterbrook,Week4,344.0 Chesterbrook - 58.0 Virginia Run
Virginia Hills,Week3,Woodley,Week4,284.0 Woodley - 118.0 Virginia Hills
Virginia Run,Week5,Ravensworth Farm,Week4,211.0 Virginia Run - 191.0 Ravensworth Farm
Virginia Run,Week5,Cardinal Hill,Week5,218.0 Cardinal Hill - 184.0 Virginia Run
Virginia Hills,Week4,Parliament,Week3,310.0 Parliament - 92.0 Virginia Hills
Virginia Hills,Week2,Parliament,Week4,307.0 Parliament - 94.0 Virginia Hills
Virginia Run,Week1,Chesterbrook,Week3,353.0 Chesterbrook - 49.0 Virginia Run
Virginia Hills,Week4,Forest Hollow,Week3,351.0 Forest Hollow - 51.0 Virginia Hills
Virginia Hills,Week4,Sideburn Run,Week3,356.0 Sideburn Run - 46.0 Virginia Hills
Virginia Run,Week1,Riverside Gardens,Week3,235.0 Riverside Gardens - 167.0 Virginia Run
Virginia Hills,Week2,Pinecrest,Week1,371.0 Pinecrest - 31.0 Virginia Hills
Virginia Hills,Week2,Sideburn Run,Week5,353.0 Sideburn Run - 49.0 Virginia Hills
Virginia Hills,Week4,Woodley,Week4,287.0 Woodley - 115.0 Virginia Hills
Virginia Hills,Week5,Forest Hollow,Week2,302.0 Forest Hollow - 95.0 Virginia Hills
Virginia Run,Week2,Annandale,Week2,290.0 Virginia Run - 112.0 Annandale
Virginia Hills,Week1,Woodley,Week4,285.0 Woodley - 117.0 Virginia Hills
Virginia Run,Week2,Riverside Gardens,Week5,268.5 Riverside Gardens - 133.5 Virginia Run
Virginia Hills,Week3,Woodley,Week2,279.0 Woodley - 123.0 Virginia Hills
Virginia Hills,Week5,Forest Hollow,Week1,320.0 Forest Hollow - 82.0 Virginia Hills
Virginia Hills,Week5,Forest Hollow,Week3,322.0 Forest Hollow - 80.0 Virginia Hills
Virginia Hills,Week2,Sideburn Run,Week1,337.0 Sideburn Run - 65.0 Virginia Hills
Virginia Run,Week1,Commonwealth,Week1,284.0 Virginia Run - 118.0 Commonwealth
Virginia Hills,Week1,Forest Hollow,Week1,344.0 Forest Hollow - 58.0 Virginia Hills
Virginia Hills,Week1,Forest Hollow,Week2,328.0 Forest Hollow - 74.0 Virginia Hills
Virginia Run,Week4,Cardinal Hill,Week4,231.0 Cardinal Hill - 171.0 Virginia Run
Virginia Hills,Week1,Sideburn Run,Week5,355.0 Sideburn Run - 47.0 Virginia Hills
Virginia Hills,Week2,Woodley,Week4,298.0 Woodley - 104.0 Virginia Hills
Virginia Run,Week5,Cardinal Hill,Week3,239.0 Cardinal Hill - 163.0 Virginia Run
Virginia Hills,Week1,Sideburn Run,Week4,348.0 Sideburn Run - 54.0 Virginia Hills
Virginia Hills,Week2,Forest Hollow,Week5,354.0 Forest Hollow - 48.0 Virginia Hills
Virginia Run,Week5,Chesterbrook,Week5,331.0 Chesterbrook - 71.0 Virginia Run
Virginia Hills,Week2,Parliament,Week5,315.0 Parliament - 85.0 Virginia Hills
Virginia Hills,Week1,Woodley,Week5,286.0 Woodley - 115.0 Virginia Hills
Virginia Hills,Week1,Sideburn Run,Week3,350.0 Sideburn Run - 52.0 Virginia Hills
Virginia Hills,Week5,Forest Hollow,Week4,333.0 Forest Hollow - 69.0 Virginia Hills
Virginia Run,Week1,Riverside Gardens,Week4,255.0 Riverside Gardens - 147.0 Virginia Run
Virginia Hills,Week5,Parliament,Week1,305.0 Parliament - 96.0 Virginia Hills
Virginia Hills,Week2,Pinecrest,Week3,381.0 Pinecrest - 21.0 Virginia Hills
Virginia Run,Week5,Cardinal Hill,Week2,210.0 Virginia Run - 192.0 Cardinal Hill
Virginia Hills,Week5,Woodley,Week1,250.0 Woodley - 152.0 Virginia Hills
Virginia Hills,Week1,Fox Hunt,Week3,339.0 Fox Hunt - 63.0 Virginia Hills
Virginia Run,Week4,Ravensworth Farm,Week3,218.0 Ravensworth Farm - 184.0 Virginia Run
Virginia Run,Week5,Chesterbrook,Week4,331.0 Chesterbrook - 71.0 Virginia Run
Virginia Hills,Week2,Parliament,Week3,318.0 Parliament - 84.0 Virginia Hills
Virginia Run,Week4,Ravensworth Farm,Week1,207.0 Ravensworth Farm - 195.0 Virginia Run
Virginia Run,Week4,Ravensworth Farm,Week4,232.5 Ravensworth Farm - 169.5 Virginia Run
Virginia Hills,Week2,Pinecrest,Week4,376.0 Pinecrest - 26.0 Virginia Hills
Virginia Hills,Week3,Parliament,Week4,319.0 Parliament - 83.0 Virginia Hills
Virginia Hills,Week1,Pinecrest,Week1,370.0 Pinecrest - 32.0 Virginia Hills
Virginia Hills,Week4,Sideburn Run,Week5,357.0 Sideburn Run - 45.0 Virginia Hills
Virginia Hills,Week3,Woodley,Week1,304.0 Woodley - 98.0 Virginia Hills
Virginia Run,Week3,Ravensworth Farm,Week5,251.0 Ravensworth Farm - 151.0 Virginia Run
Virginia Hills,Week1,Forest Hollow,Week5,351.0 Forest Hollow - 51.0 Virginia Hills
Virginia Hills,Week4,Woodley,Week3,285.0 Woodley - 117.0 Virginia Hills
Virginia Run,Week4,Riverside Gardens,Week5,262.0 Riverside Gardens - 140.0 Virginia Run
Virginia Hills,Week1,Pinecrest,Week2,374.0 Pinecrest - 28.0 Virginia Hills
Virginia Hills,Week2,Fox Hunt,Week4,344.5 Fox Hunt - 56.5 Virginia Hills
Virginia Hills,Week4,Parliament,Week1,305.0 Parliament - 96.0 Virginia Hills
Virginia Run,Week1,Commonwealth,Week2,246.0 Virginia Run - 156.0 Commonwealth
Virginia Run,Week5,Ravensworth Farm,Week1,214.5 Virginia Run - 187.5 Ravensworth Farm
Virginia Hills,Week2,Sideburn Run,Week3,352.0 Sideburn Run - 50.0 Virginia Hills
Virginia Hills,Week1,Forest Hollow,Week3,342.0 Forest Hollow - 60.0 Virginia Hills
Virginia Hills,Week2,Forest Hollow,Week3,349.0 Forest Hollow - 53.0 Virginia Hills
Virginia Hills,Week3,Parliament,Week1,321.0 Parliament - 81.0 Virginia Hills
Virginia Hills,Week3,Woodley,Week5,284.0 Woodley - 118.0 Virginia Hills
Virginia Hills,Week1,Woodley,Week2,278.0 Woodley - 123.0 Virginia Hills
Virginia Run,Week2,Riverside Gardens,Week3,252.5 Riverside Gardens - 149.5 Virginia Run
Virginia Hills,Week3,Sideburn Run,Week2,343.0 Sideburn Run - 59.0 Virginia Hills
Virginia Hills,Week3,Parliament,Week5,319.0 Parliament - 83.0 Virginia Hills
Virginia Hills,Week1,Fox Hunt,Week1,339.0 Fox Hunt - 63.0 Virginia Hills
Virginia Run,Week5,Cardinal Hill,Week4,204.0 Virginia Run - 198.0 Cardinal Hill
Virginia Run,Week2,Chesterbrook,Week1,328.0 Chesterbrook - 74.0 Virginia Run
Virginia Hills,Week2,Woodley,Week5,297.0 Woodley - 104.0 Virginia Hills
Virginia Hills,Week4,Woodley,Week2,279.0 Woodley - 122.0 Virginia Hills
Virginia Hills,Week5,Shouse Village,Week4,327.0 Shouse Village - 75.0 Virginia Hills
Virginia Run,Week5,Ravensworth Farm,Week2,242.0 Virginia Run - 160.0 Ravensworth Farm
Virginia Hills,Week1,Woodley,Week3,285.0 Woodley - 117.0 Virginia Hills
Virginia Run,Week4,Chesterbrook,Week1,333.0 Chesterbrook - 69.0 Virginia Run
Virginia Run,Week3,Chesterbrook,Week4,350.0 Chesterbrook - 52.0 Virginia Run
Virginia Run,Week2,Riverside Gardens,Week4,260.0 Riverside Gardens - 142.0 Virginia Run
Virginia Hills,Week3,Forest Hollow,Week1,339.0 Forest Hollow - 63.0 Virginia Hills
Virginia Run,Week3,Riverside Gardens,Week2,228.0 Riverside Gardens - 174.0 Virginia Run
Virginia Hills,Week2,Forest Hollow,Week2,338.0 Forest Hollow - 64.0 Virginia Hills
Virginia Hills,Week4,Sideburn Run,Week2,348.0 Sideburn Run - 54.0 Virginia Hills
Virginia Hills,Week5,Parliament,Week4,296.0 Parliament - 106.0 Virginia Hills
Virginia Hills,Week2,Pinecrest,Week5,375.0 Pinecrest - 26.0 Virginia Hills
Virginia Hills,Week3,Woodley,Week3,290.0 Woodley - 112.0 Virginia Hills
Virginia Run,Week4,Ravensworth Farm,Week5,233.0 Ravensworth Farm - 169.0 Virginia Run
Virginia Run,Week4,Chesterbrook,Week2,340.0 Chesterbrook - 62.0 Virginia Run
Virginia Hills,Week5,Sideburn Run,Week3,335.0 Sideburn Run - 67.0 Virginia Hills
Virginia Hills,Week3,Forest Hollow,Week3,347.0 Forest Hollow - 55.0 Virginia Hills
Virginia Hills,Week5,Woodley,Week2,255.0 Woodley - 147.0 Virginia Hills
Virginia Run,Week4,Chesterbrook,Week5,350.5 Chesterbrook - 51.5 Virginia Run
Virginia Hills,Week5,Sideburn Run,Week2,316.0 Sideburn Run - 86.0 Virginia Hills
Virginia Hills,Week2,Forest Hollow,Week1,344.0 Forest Hollow - 58.0 Virginia Hills
Virginia Run,Week5,Ravensworth Farm,Week5,203.0 Ravensworth Farm - 199.0 Virginia Run
Virginia Run,Week3,Riverside Gardens,Week3,254.5 Riverside Gardens - 147.5 Virginia Run
Virginia Hills,Week1,Pinecrest,Week4,379.0 Pinecrest - 23.0 Virginia Hills
Virginia Hills,Week3,Forest Hollow,Week5,355.0 Forest Hollow - 47.0 Virginia Hills
Virginia Hills,Week5,Woodley,Week5,264.0 Woodley - 138.0 Virginia Hills
Virginia Run,Week4,Chesterbrook,Week3,359.0 Chesterbrook - 43.0 Virginia Run
Virginia Hills,Week1,Sleepy Hollow B & R,Week1,350.0 Sleepy Hollow B & R - 51.0 Virginia Hills
Virginia Hills,Week3,Pinecrest,Week1,372.0 Pinecrest - 30.0 Virginia Hills
Virginia Run,Week5,Ravensworth Farm,Week3,205.0 Virginia Run - 197.0 Ravensworth Farm
Virginia Hills,Week1,Sleepy Hollow B & R,Week5,369.0 Sleepy Hollow B & R - 32.0 Virginia Hills
Virginia Hills,Week1,Sleepy Hollow B & R,Week2,354.0 Sleepy Hollow B & R - 47.0 Virginia Hills
Virginia Run,Week4,Cardinal Hill,Week3,266.0 Cardinal Hill - 136.0 Virginia Run
Virginia Hills,Week4,Forest Hollow,Week2,334.0 Forest Hollow - 68.0 Virginia Hills
Virginia Hills,Week3,Pinecrest,Week2,374.0 Pinecrest - 28.0 Virginia Hills
Virginia Run,Week2,Chesterbrook,Week5,340.0 Chesterbrook - 62.0 Virginia Run
Virginia Hills,Week5,Woodley,Week4,266.0 Woodley - 136.0 Virginia Hills
Virginia Run,Week4,Ravensworth Farm,Week2,230.0 Virginia Run - 172.0 Ravensworth Farm
Virginia Hills,Week4,Pinecrest,Week1,380.0 Pinecrest - 22.0 Virginia Hills
Virginia Run,Week3,Riverside Gardens,Week1,240.0 Riverside Gardens - 162.0 Virginia Run
Virginia Hills,Week4,Pinecrest,Week3,384.0 Pinecrest - 18.0 Virginia Hills
Virginia Hills,Week1,Sleepy Hollow Rec,Week2,291.0 Sleepy Hollow Rec - 111.0 Virginia Hills
Virginia Hills,Week5,Shouse Village,Week5,322.0 Shouse Village - 80.0 Virginia Hills
Virginia Run,Week4,Riverside Gardens,Week1,239.0 Riverside Gardens - 163.0 Virginia Run
Virginia Run,Week4,Cardinal Hill,Week2,211.0 Cardinal Hill - 191.0 Virginia Run
Virginia Run,Week1,Annandale,Week1,303.5 Virginia Run - 98.5 Annandale
Virginia Hills,Week4,Sleepy Hollow B & R,Week2,364.0 Sleepy Hollow B & R - 37.0 Virginia Hills
Virginia Hills,Week1,Fox Hunt,Week4,343.0 Fox Hunt - 59.0 Virginia Hills
Virginia Run,Week2,Chesterbrook,Week3,346.0 Chesterbrook - 56.0 Virginia Run
Virginia Hills,Week3,Forest Hollow,Week2,329.0 Forest Hollow - 73.0 Virginia Hills
Virginia Run,Week2,Chesterbrook,Week4,341.0 Chesterbrook - 61.0 Virginia Run
Virginia Hills,Week4,Sideburn Run,Week4,352.0 Sideburn Run - 50.0 Virginia Hills
Virginia Hills,Week2,Woodley,Week1,303.0 Woodley - 99.0 Virginia Hills
Virginia Run,Week3,Riverside Gardens,Week5,270.0 Riverside Gardens - 132.0 Virginia Run
Virginia Run,Week4,Riverside Gardens,Week3,253.0 Riverside Gardens - 149.0 Virginia Run
Virginia Hills,Week2,Pinewood Lake,Week5,268.0 Virginia Hills - 110.0 Pinewood Lake
Virginia Run,Week1,Annandale,Week2,297.0 Virginia Run - 105.0 Annandale
Virginia Run,Week3,Chesterbrook,Week3,360.0 Chesterbrook - 42.0 Virginia Run
Virginia Run,Week1,Annandale,Week5,294.0 Virginia Run - 108.0 Annandale
Virginia Hills,Week3,Pinewood Lake,Week4,297.0 Virginia Hills - 99.0 Pinewood Lake
Virginia Hills,Week2,Fox Hunt,Week3,348.0 Fox Hunt - 54.0 Virginia Hills
Virginia Hills,Week5,Sideburn Run,Week4,330.0 Sideburn Run - 72.0 Virginia Hills
Virginia Run,Week1,Riverside Gardens,Week1,221.0 Riverside Gardens - 181.0 Virginia Run
Virginia Run,Week3,Chesterbrook,Week5,347.0 Chesterbrook - 55.0 Virginia Run
Virginia Run,Week4,Riverside Gardens,Week4,260.0 Riverside Gardens - 142.0 Virginia Run
Virginia Hills,Week2,Fox Hunt,Week5,370.0 Fox Hunt - 31.0 Virginia Hills
Virginia Run,Week5,Annandale,Week2,312.0 Virginia Run - 90.0 Annandale
Virginia Hills,Week3,Pinewood Lake,Week1,305.0 Virginia Hills - 89.0 Pinewood Lake
Virginia Hills,Week4,Woodley,Week1,286.0 Woodley - 116.0 Virginia Hills
Virginia Hills,Week4,Woodley,Week5,287.0 Woodley - 114.0 Virginia Hills
Virginia Hills,Week4,Forest Hollow,Week5,362.0 Forest Hollow - 40.0 Virginia Hills
Virginia Hills,Week5,Pinecrest,Week3,370.0 Pinecrest - 32.0 Virginia Hills
Virginia Run,Week2,Chesterbrook,Week2,341.0 Chesterbrook - 61.0 Virginia Run
Virginia Hills,Week5,Sideburn Run,Week5,332.0 Sideburn Run - 70.0 Virginia Hills
Virginia Run,Week3,Chesterbrook,Week1,336.0 Chesterbrook - 66.0 Virginia Run
Virginia Hills,Week1,Sleepy Hollow B & R,Week4,363.0 Sleepy Hollow B & R - 39.0 Virginia Hills
Virginia Hills,Week5,Sleepy Hollow B & R,Week3,342.0 Sleepy Hollow B & R - 59.0 Virginia Hills
Virginia Hills,Week1,Fox Hunt,Week2,342.0 Fox Hunt - 60.0 Virginia Hills
Virginia Run,Week2,Riverside Gardens,Week2,237.0 Riverside Gardens - 165.0 Virginia Run
Virginia Run,Week2,Annandale,Week3,279.0 Virginia Run - 123.0 Annandale
Virginia Run,Week4,Riverside Gardens,Week2,227.0 Riverside Gardens - 175.0 Virginia Run
Virginia Run,Week3,Riverside Gardens,Week4,266.0 Riverside Gardens - 136.0 Virginia Run
Virginia Hills,Week2,Fox Hunt,Week2,353.0 Fox Hunt - 47.0 Virginia Hills
Virginia Hills,Week1,Pinewood Lake,Week2,277.0 Virginia Hills - 108.0 Pinewood Lake
Virginia Run,Week3,Chesterbrook,Week2,339.0 Chesterbrook - 63.0 Virginia Run
Virginia Hills,Week5,Sleepy Hollow B & R,Week4,346.0 Sleepy Hollow B & R - 56.0 Virginia Hills
Virginia Hills,Week4,Pinecrest,Week5,373.0 Pinecrest - 28.0 Virginia Hills
Virginia Hills,Week1,Fox Hunt,Week5,362.0 Fox Hunt - 40.0 Virginia Hills
Virginia Run,Week1,Riverside Gardens,Week5,254.0 Riverside Gardens - 148.0 Virginia Run
Virginia Run,Week1,Annandale,Week4,325.0 Virginia Run - 77.0 Annandale
Virginia Run,Week2,Annandale,Week1,295.0 Virginia Run - 107.0 Annandale
Virginia Hills,Week2,Fox Hunt,Week1,342.0 Fox Hunt - 60.0 Virginia Hills
Virginia Hills,Week5,Sideburn Run,Week1,314.0 Sideburn Run - 88.0 Virginia Hills
Virginia Hills,Week5,Pinecrest,Week5,361.0 Pinecrest - 41.0 Virginia Hills
Virginia Run,Week5,Chesterbrook,Week1,318.0 Chesterbrook - 84.0 Virginia Run
Virginia Hills,Week4,Sleepy Hollow B & R,Week5,372.0 Sleepy Hollow B & R - 29.0 Virginia Hills
Virginia Run,Week1,Annandale,Week3,296.0 Virginia Run - 106.0 Annandale
Virginia Hills,Week1,Forest Hollow,Week4,345.0 Forest Hollow - 57.0 Virginia Hills
Virginia Hills,Week3,Parliament,Week2,306.0 Parliament - 95.0 Virginia Hills
Virginia Hills,Week1,Sideburn Run,Week2,347.0 Sideburn Run - 55.0 Virginia Hills
Virginia Run,Week2,Riverside Gardens,Week1,240.0 Riverside Gardens - 162.0 Virginia Run
Virginia Hills,Week4,Pinecrest,Week4,383.0 Pinecrest - 19.0 Virginia Hills
Virginia Run,Week5,Chesterbrook,Week2,324.0 Chesterbrook - 78.0 Virginia Run
Virginia Run,Week5,Riverside Gardens,Week2,210.0 Riverside Gardens - 192.0 Virginia Run
Virginia Hills,Week3,Pinecrest,Week4,382.0 Pinecrest - 20.0 Virginia Hills
Virginia Hills,Week1,Sleepy Hollow Rec,Week1,278.5 Sleepy Hollow Rec - 123.5 Virginia Hills
Virginia Hills,Week3,Sleepy Hollow B & R,Week1,352.0 Sleepy Hollow B & R - 50.0 Virginia Hills
Virginia Run,Week2,Annandale,Week4,295.0 Virginia Run - 107.0 Annandale
Virginia Hills,Week3,Fox Hunt,Week1,330.0 Fox Hunt - 72.0 Virginia Hills
Virginia Run,Week1,Arlington Forest,Week2,242.0 Virginia Run - 160.0 Arlington Forest
Virginia Run,Week5,Riverside Gardens,Week3,228.0 Riverside Gardens - 174.0 Virginia Run
Virginia Hills,Week2,Sleepy Hollow B & R,Week3,369.0 Sleepy Hollow B & R - 32.0 Virginia Hills
Virginia Hills,Week1,Pinewood Lake,Week1,295.0 Virginia Hills - 87.0 Pinewood Lake
Virginia Run,Week5,Chesterbrook,Week3,347.5 Chesterbrook - 54.5 Virginia Run
Virginia Hills,Week3,Fox Hunt,Week2,342.0 Fox Hunt - 60.0 Virginia Hills
Virginia Hills,Week5,Pinecrest,Week1,362.0 Pinecrest - 39.0 Virginia Hills
Virginia Hills,Week3,Sleepy Hollow B & R,Week3,365.0 Sleepy Hollow B & R - 37.0 Virginia Hills
Virginia Run,Week2,Commonwealth,Week1,271.0 Virginia Run - 131.0 Commonwealth
Virginia Run,Week5,Riverside Gardens,Week4,242.0 Riverside Gardens - 160.0 Virginia Run
Virginia Run,Week2,Arlington Forest,Week4,216.0 Arlington Forest - 186.0 Virginia Run
Virginia Hills,Week3,Fox Hunt,Week3,338.0 Fox Hunt - 64.0 Virginia Hills
Virginia Run,Week3,Arlington Forest,Week2,223.0 Virginia Run - 179.0 Arlington Forest
Virginia Hills,Week2,Pinewood Lake,Week2,265.0 Virginia Hills - 107.0 Pinewood Lake
Virginia Run,Week2,Commonwealth,Week2,232.0 Virginia Run - 170.0 Commonwealth
Virginia Hills,Week1,Sleepy Hollow B & R,Week3,356.0 Sleepy Hollow B & R - 45.0 Virginia Hills
Virginia Hills,Week1,Pinewood Lake,Week5,273.0 Virginia Hills - 111.0 Pinewood Lake
Virginia Run,Week5,Riverside Gardens,Week1,209.0 Riverside Gardens - 193.0 Virginia Run
Virginia Run,Week5,Commonwealth,Week2,253.0 Virginia Run - 149.0 Commonwealth
Virginia Run,Week4,Annandale,Week4,329.0 Virginia Run - 73.0 Annandale
Virginia Run,Week1,Rolling Forest,Week2,246.0 Virginia Run - 156.0 Rolling Forest
Virginia Run,Week1,Rolling Forest,Week3,228.0 Virginia Run - 174.0 Rolling Forest
Virginia Run,Week3,Arlington Forest,Week3,238.0 Virginia Run - 164.0 Arlington Forest
Virginia Run,Week4,Annandale,Week2,305.0 Virginia Run - 97.0 Annandale
Virginia Run,Week1,Cottontail,Week1,264.0 Virginia Run - 138.0 Cottontail
Virginia Hills,Week2,Pinewood Lake,Week4,269.0 Virginia Hills - 104.0 Pinewood Lake
Virginia Hills,Week4,Sleepy Hollow B & R,Week4,358.0 Sleepy Hollow B & R - 44.0 Virginia Hills
Virginia Run,Week1,Arlington Forest,Week5,210.0 Arlington Forest - 192.0 Virginia Run
Virginia Run,Week2,Rolling Forest,Week2,231.0 Virginia Run - 171.0 Rolling Forest
Virginia Hills,Week3,Fox Hunt,Week4,341.0 Fox Hunt - 61.0 Virginia Hills
Virginia Hills,Week4,Fox Hunt,Week1,330.0 Fox Hunt - 72.0 Virginia Hills
Virginia Hills,Week2,Sleepy Hollow B & R,Week1,352.0 Sleepy Hollow B & R - 49.0 Virginia Hills
Virginia Run,Week3,Commonwealth,Week5,242.0 Virginia Run - 160.0 Commonwealth
Virginia Run,Week1,Rolling Forest,Week4,241.0 Virginia Run - 161.0 Rolling Forest
Virginia Run,Week2,Cottontail,Week4,240.0 Virginia Run - 157.0 Cottontail
Virginia Hills,Week2,Sleepy Hollow B & R,Week2,360.0 Sleepy Hollow B & R - 41.0 Virginia Hills
Virginia Run,Week2,Commonwealth,Week4,262.0 Virginia Run - 140.0 Commonwealth
Virginia Run,Week1,Arlington Forest,Week3,256.0 Virginia Run - 146.0 Arlington Forest
Virginia Hills,Week5,Sleepy Hollow B & R,Week2,341.0 Sleepy Hollow B & R - 57.0 Virginia Hills
Virginia Run,Week5,Annandale,Week1,319.0 Virginia Run - 83.0 Annandale
Virginia Hills,Week4,Fox Hunt,Week2,340.0 Fox Hunt - 62.0 Virginia Hills
Virginia Hills,Week3,Fox Hunt,Week5,356.0 Fox Hunt - 46.0 Virginia Hills
Virginia Hills,Week1,Pinewood Lake,Week4,280.0 Virginia Hills - 97.0 Pinewood Lake
Virginia Hills,Week3,Parliament,Week3,314.0 Parliament - 88.0 Virginia Hills
Virginia Hills,Week3,Pinecrest,Week5,373.0 Pinecrest - 29.0 Virginia Hills
Virginia Run,Week4,Commonwealth,Week2,248.0 Virginia Run - 154.0 Commonwealth
Virginia Run,Week2,Commonwealth,Week3,248.0 Virginia Run - 154.0 Commonwealth
Virginia Run,Week4,Commonwealth,Week4,265.0 Virginia Run - 137.0 Commonwealth
Virginia Run,Week5,Annandale,Week3,322.5 Virginia Run - 79.5 Annandale
Virginia Run,Week1,Rolling Forest,Week5,223.0 Virginia Run - 179.0 Rolling Forest
Virginia Run,Week2,Rolling Forest,Week1,222.0 Virginia Run - 175.0 Rolling Forest
Virginia Run,Week2,Rolling Forest,Week3,211.0 Virginia Run - 191.0 Rolling Forest
Virginia Hills,Week3,Pinewood Lake,Week3,310.0 Virginia Hills - 83.0 Pinewood Lake
Virginia Hills,Week1,Pinewood Lake,Week3,283.0 Virginia Hills - 95.0 Pinewood Lake
Virginia Hills,Week4,Fox Hunt,Week3,348.0 Fox Hunt - 54.0 Virginia Hills
Virginia Hills,Week3,Sleepy Hollow B & R,Week2,363.0 Sleepy Hollow B & R - 39.0 Virginia Hills
Virginia Hills,Week5,Sleepy Hollow B & R,Week5,355.0 Sleepy Hollow B & R - 45.0 Virginia Hills
Virginia Hills,Week2,Pinewood Lake,Week3,278.0 Virginia Hills - 87.0 Pinewood Lake
Virginia Run,Week1,Arlington Forest,Week1,214.0 Virginia Run - 188.0 Arlington Forest
Virginia Hills,Week4,Sleepy Hollow B & R,Week3,365.0 Sleepy Hollow B & R - 36.0 Virginia Hills
Virginia Run,Week2,Rolling Forest,Week4,229.0 Virginia Run - 173.0 Rolling Forest
Virginia Run,Week2,Rolling Forest,Week5,207.0 Virginia Run - 195.0 Rolling Forest
Virginia Run,Week5,Riverside Gardens,Week5,244.0 Riverside Gardens - 158.0 Virginia Run
Virginia Run,Week1,Commonwealth,Week5,261.0 Virginia Run - 141.0 Commonwealth
Virginia Hills,Week2,Sleepy Hollow B & R,Week4,369.0 Sleepy Hollow B & R - 33.0 Virginia Hills
Virginia Run,Week1,Rolling Forest,Week1,233.0 Virginia Run - 169.0 Rolling Forest
Virginia Hills,Week3,Sleepy Hollow B & R,Week4,360.0 Sleepy Hollow B & R - 42.0 Virginia Hills
Virginia Hills,Week4,Sleepy Hollow Rec,Week5,331.0 Sleepy Hollow Rec - 71.0 Virginia Hills
Virginia Run,Week4,Commonwealth,Week3,260.0 Virginia Run - 142.0 Commonwealth
Virginia Run,Week5,Annandale,Week4,331.0 Virginia Run - 71.0 Annandale
Virginia Run,Week5,Annandale,Week5,318.0 Virginia Run - 84.0 Annandale
Virginia Hills,Week4,Sleepy Hollow B & R,Week1,356.0 Sleepy Hollow B & R - 45.0 Virginia Hills
Virginia Hills,Week1,Sleepy Hollow Rec,Week5,323.0 Sleepy Hollow Rec - 79.0 Virginia Hills
Virginia Hills,Week2,Pinewood Lake,Week1,276.0 Virginia Hills - 91.0 Pinewood Lake
Virginia Hills,Week3,Pinewood Lake,Week5,300.0 Virginia Hills - 97.0 Pinewood Lake
Virginia Run,Week4,Annandale,Week5,300.0 Virginia Run - 102.0 Annandale
Virginia Run,Week2,Arlington Forest,Week5,236.0 Arlington Forest - 166.0 Virginia Run
Virginia Hills,Week4,Pinewood Lake,Week1,302.0 Virginia Hills - 88.0 Pinewood Lake
Virginia Hills,Week1,Sleepy Hollow Rec,Week4,311.0 Sleepy Hollow Rec - 91.0 Virginia Hills
Virginia Hills,Week5,Pinecrest,Week2,369.0 Pinecrest - 32.0 Virginia Hills
Virginia Run,Week2,Commonwealth,Week5,247.0 Virginia Run - 155.0 Commonwealth
Virginia Run,Week3,Commonwealth,Week3,252.0 Virginia Run - 150.0 Commonwealth
Virginia Run,Week3,Annandale,Week2,284.0 Virginia Run - 118.0 Annandale
Virginia Hills,Week5,Pinecrest,Week4,373.0 Pinecrest - 29.0 Virginia Hills
Virginia Run,Week5,Commonwealth,Week4,288.0 Virginia Run - 114.0 Commonwealth
Virginia Run,Week2,Arlington Forest,Week3,250.0 Virginia Run - 152.0 Arlington Forest
Virginia Run,Week3,Commonwealth,Week2,242.0 Virginia Run - 160.0 Commonwealth
Virginia Run,Week4,Commonwealth,Week5,243.0 Virginia Run - 159.0 Commonwealth
Virginia Run,Week5,Commonwealth,Week5,266.0 Virginia Run - 136.0 Commonwealth
Virginia Hills,Week5,Sleepy Hollow B & R,Week1,330.0 Sleepy Hollow B & R - 68.0 Virginia Hills
Virginia Hills,Week4,Pinewood Lake,Week2,285.0 Virginia Hills - 108.0 Pinewood Lake
Virginia Hills,Week2,Sleepy Hollow B & R,Week5,367.0 Sleepy Hollow B & R - 34.0 Virginia Hills
Virginia Hills,Week3,Pinewood Lake,Week2,297.0 Virginia Hills - 99.0 Pinewood Lake
Virginia Run,Week1,Cottontail,Week3,278.0 Virginia Run - 124.0 Cottontail
Virginia Hills,Week3,Lake Braddock,Week2,267.0 Lake Braddock - 135.0 Virginia Hills
Virginia Hills,Week3,Sleepy Hollow B & R,Week5,362.0 Sleepy Hollow B & R - 40.0 Virginia Hills
Virginia Run,Week3,Annandale,Week1,301.0 Virginia Run - 101.0 Annandale
Virginia Hills,Week4,Pinewood Lake,Week3,299.0 Virginia Hills - 91.0 Pinewood Lake
Virginia Run,Week3,Annandale,Week3,291.0 Virginia Run - 111.0 Annandale
Virginia Run,Week2,Annandale,Week5,285.0 Virginia Run - 117.0 Annandale
Virginia Hills,Week4,Pinecrest,Week2,383.5 Pinecrest - 18.5 Virginia Hills
Virginia Run,Week1,Cottontail,Week4,275.0 Virginia Run - 127.0 Cottontail
Virginia Hills,Week4,Lake Braddock,Week2,262.0 Lake Braddock - 139.0 Virginia Hills
Virginia Hills,Week2,Sleepy Hollow Rec,Week1,292.0 Sleepy Hollow Rec - 110.0 Virginia Hills
Virginia Run,Week3,Arlington Forest,Week1,202.0 Virginia Run - 200.0 Arlington Forest
Virginia Hills,Week2,Lake Braddock,Week4,290.0 Lake Braddock - 111.0 Virginia Hills
Virginia Run,Week3,Annandale,Week4,302.0 Virginia Run - 100.0 Annandale
Virginia Hills,Week2,Sleepy Hollow Rec,Week3,329.0 Sleepy Hollow Rec - 73.0 Virginia Hills
Virginia Run,Week1,Commonwealth,Week3,263.0 Virginia Run - 139.0 Commonwealth
Virginia Hills,Week2,Sleepy Hollow Rec,Week2,296.0 Sleepy Hollow Rec - 105.0 Virginia Hills
Virginia Run,Week3,Annandale,Week5,286.0 Virginia Run - 116.0 Annandale
Virginia Hills,Week4,Pinewood Lake,Week4,286.0 Virginia Hills - 108.0 Pinewood Lake
Virginia Hills,Week3,Pleasant Valley,Week1,239.0 Pleasant Valley - 162.0 Virginia Hills
Virginia Hills,Week2,Pleasant Valley,Week2,246.0 Pleasant Valley - 149.0 Virginia Hills
Virginia Run,Week1,Commonwealth,Week4,271.0 Virginia Run - 131.0 Commonwealth
Virginia Hills,Week1,Pleasant Valley,Week1,250.0 Pleasant Valley - 148.0 Virginia Hills
Virginia Hills,Week2,Pleasant Valley,Week3,283.0 Pleasant Valley - 117.0 Virginia Hills
Virginia Hills,Week1,Lakevale Estates,Week5,366.0 Lakevale Estates - 36.0 Virginia Hills
Virginia Run,Week4,Annandale,Week1,309.0 Virginia Run - 93.0 Annandale
Virginia Hills,Week3,Sleepy Hollow Rec,Week1,300.0 Sleepy Hollow Rec - 102.0 Virginia Hills
Virginia Run,Week1,Arlington Forest,Week4,207.0 Virginia Run - 195.0 Arlington Forest
Virginia Hills,Week5,Lake Braddock,Week2,233.0 Lake Braddock - 168.0 Virginia Hills
Virginia Run,Week3,Commonwealth,Week1,287.0 Virginia Run - 115.0 Commonwealth
Virginia Run,Week2,Arlington Forest,Week1,202.0 Arlington Forest - 200.0 Virginia Run
Virginia Run,Week4,Annandale,Week3,309.0 Virginia Run - 93.0 Annandale
Virginia Hills,Week3,Sleepy Hollow Rec,Week3,318.0 Sleepy Hollow Rec - 84.0 Virginia Hills
Virginia Run,Week3,Commonwealth,Week4,260.0 Virginia Run - 142.0 Commonwealth
Virginia Hills,Week4,Lake Braddock,Week1,251.0 Lake Braddock - 150.0 Virginia Hills
Virginia Hills,Week1,Pleasant Valley,Week4,229.0 Pleasant Valley - 167.0 Virginia Hills
Virginia Hills,Week2,Sleepy Hollow Rec,Week4,318.0 Sleepy Hollow Rec - 84.0 Virginia Hills
Virginia Hills,Week3,Sleepy Hollow Rec,Week4,303.0 Sleepy Hollow Rec - 99.0 Virginia Hills
Virginia Run,Week4,Commonwealth,Week1,293.0 Virginia Run - 109.0 Commonwealth
Virginia Hills,Week3,Sleepy Hollow Rec,Week5,328.0 Sleepy Hollow Rec - 74.0 Virginia Hills
Virginia Run,Week5,Commonwealth,Week3,276.0 Virginia Run - 126.0 Commonwealth
Virginia Hills,Week5,Lake Braddock,Week1,223.0 Lake Braddock - 178.0 Virginia Hills
Virginia Hills,Week4,Pinewood Lake,Week5,292.0 Virginia Hills - 104.0 Pinewood Lake
Virginia Run,Week2,Arlington Forest,Week2,217.0 Virginia Run - 185.0 Arlington Forest
Virginia Run,Week1,Cottontail,Week2,273.0 Virginia Run - 129.0 Cottontail
Virginia Hills,Week2,Pleasant Valley,Week5,255.0 Pleasant Valley - 141.0 Virginia Hills
Virginia Hills,Week5,Lake Braddock,Week3,251.0 Lake Braddock - 150.0 Virginia Hills
Virginia Hills,Week3,Sleepy Hollow Rec,Week2,305.0 Sleepy Hollow Rec - 97.0 Virginia Hills
Virginia Hills,Week4,Sleepy Hollow Rec,Week1,297.0 Sleepy Hollow Rec - 105.0 Virginia Hills
Virginia Hills,Week1,Somerset-Olde Creek,Week4,250.0 Somerset-Olde Creek - 150.0 Virginia Hills
Virginia Run,Week1,Cottontail,Week5,260.0 Virginia Run - 142.0 Cottontail
Virginia Run,Week4,Arlington Forest,Week3,249.0 Virginia Run - 153.0 Arlington Forest
Virginia Run,Week4,Arlington Forest,Week5,224.0 Arlington Forest - 178.0 Virginia Run
Virginia Run,Week3,Cottontail,Week3,261.0 Virginia Run - 141.0 Cottontail
Virginia Run,Week1,Brandywine,Week4,208.0 Virginia Run - 194.0 Brandywine
Virginia Hills,Week5,Sleepy Hollow Rec,Week5,290.0 Sleepy Hollow Rec - 111.0 Virginia Hills
Virginia Hills,Week2,Pleasant Valley,Week4,229.0 Pleasant Valley - 156.0 Virginia Hills
Virginia Hills,Week4,Pleasant Valley,Week2,243.0 Pleasant Valley - 155.0 Virginia Hills
Virginia Hills,Week2,Lake Braddock,Week5,293.0 Lake Braddock - 107.0 Virginia Hills
Virginia Run,Week3,Brandywine,Week2,210.0 Virginia Run - 192.0 Brandywine
Virginia Hills,Week5,Lake Braddock,Week4,249.5 Lake Braddock - 152.5 Virginia Hills
Virginia Run,Week5,Arlington Forest,Week2,250.0 Virginia Run - 152.0 Arlington Forest
Virginia Hills,Week1,Sleepy Hollow Rec,Week3,315.0 Sleepy Hollow Rec - 87.0 Virginia Hills
Virginia Hills,Week1,Pleasant Valley,Week2,245.0 Pleasant Valley - 153.0 Virginia Hills
Virginia Run,Week4,Brandywine,Week1,226.0 Virginia Run - 176.0 Brandywine
Virginia Hills,Week1,Lake Braddock,Week2,284.0 Lake Braddock - 117.0 Virginia Hills
Virginia Hills,Week3,Lake Braddock,Week4,275.0 Lake Braddock - 127.0 Virginia Hills
Virginia Hills,Week2,Somerset-Olde Creek,Week2,209.0 Somerset-Olde Creek - 182.0 Virginia Hills
Virginia Hills,Week3,Pleasant Valley,Week2,242.0 Pleasant Valley - 159.0 Virginia Hills
Virginia Run,Week2,Country Club Hills,Week5,215.0 Virginia Run - 187.0 Country Club Hills
Virginia Hills,Week2,Lakevale Estates,Week3,364.0 Lakevale Estates - 38.0 Virginia Hills
Virginia Hills,Week5,Pinewood Lake,Week1,320.0 Virginia Hills - 62.0 Pinewood Lake
Virginia Hills,Week2,Lake Braddock,Week3,289.0 Lake Braddock - 111.0 Virginia Hills
Virginia Hills,Week1,Lake Braddock,Week1,261.0 Lake Braddock - 140.0 Virginia Hills
Virginia Hills,Week4,Sleepy Hollow Rec,Week4,317.0 Sleepy Hollow Rec - 85.0 Virginia Hills
Virginia Run,Week2,Cottontail,Week5,228.0 Virginia Run - 174.0 Cottontail
Virginia Hills,Week4,Lake Braddock,Week3,282.0 Lake Braddock - 120.0 Virginia Hills
Virginia Run,Week2,Cottontail,Week2,234.0 Virginia Run - 168.0 Cottontail
Virginia Run,Week2,Cottontail,Week1,227.0 Virginia Run - 175.0 Cottontail
Virginia Run,Week3,Brandywine,Week3,207.0 Brandywine - 195.0 Virginia Run
Virginia Run,Week2,Country Club Hills,Week1,247.0 Virginia Run - 155.0 Country Club Hills
Virginia Run,Week2,Cottontail,Week3,248.0 Virginia Run - 154.0 Cottontail
Virginia Hills,Week2,Sleepy Hollow Rec,Week5,336.0 Sleepy Hollow Rec - 65.0 Virginia Hills
Virginia Hills,Week2,Somerset-Olde Creek,Week3,205.0 Somerset-Olde Creek - 187.0 Virginia Hills
Virginia Run,Week5,Commonwealth,Week1,309.0 Virginia Run - 93.0 Commonwealth
Virginia Hills,Week5,Pinewood Lake,Week2,298.0 Virginia Hills - 88.0 Pinewood Lake
Virginia Hills,Week1,Lake Braddock,Week3,296.0 Lake Braddock - 106.0 Virginia Hills
Virginia Hills,Week2,Somerset-Olde Creek,Week4,259.0 Somerset-Olde Creek - 140.0 Virginia Hills
Virginia Hills,Week3,Pleasant Valley,Week5,245.0 Pleasant Valley - 156.0 Virginia Hills
Virginia Run,Week1,Brandywine,Week2,240.0 Virginia Run - 162.0 Brandywine
Virginia Hills,Week1,Lake Braddock,Week5,286.0 Lake Braddock - 115.0 Virginia Hills
Virginia Hills,Week1,Pleasant Valley,Week3,282.5 Pleasant Valley - 119.5 Virginia Hills
Virginia Run,Week5,Arlington Forest,Week3,278.0 Virginia Run - 124.0 Arlington Forest
Virginia Run,Week5,Arlington Forest,Week5,207.0 Virginia Run - 195.0 Arlington Forest
Virginia Hills,Week4,Sleepy Hollow Rec,Week2,300.0 Sleepy Hollow Rec - 102.0 Virginia Hills
Virginia Hills,Week4,Sleepy Hollow Rec,Week3,321.0 Sleepy Hollow Rec - 81.0 Virginia Hills
Virginia Hills,Week2,Pleasant Valley,Week1,249.0 Pleasant Valley - 148.0 Virginia Hills
Virginia Hills,Week1,Lake Braddock,Week4,291.0 Lake Braddock - 111.0 Virginia Hills
Virginia Hills,Week2,Highland Park,Week2,355.0 Highland Park - 47.0 Virginia Hills
Virginia Run,Week1,Country Club Hills,Week3,269.0 Virginia Run - 133.0 Country Club Hills
Virginia Run,Week4,Arlington Forest,Week1,221.0 Virginia Run - 181.0 Arlington Forest
Virginia Run,Week5,Cottontail,Week5,273.0 Virginia Run - 129.0 Cottontail
Virginia Hills,Week3,Highland Park,Week1,363.0 Highland Park - 39.0 Virginia Hills
Virginia Hills,Week1,Lakevale Estates,Week2,367.0 Lakevale Estates - 35.0 Virginia Hills
Virginia Run,Week5,Arlington Forest,Week1,244.0 Virginia Run - 158.0 Arlington Forest
Virginia Hills,Week3,Pleasant Valley,Week4,200.0 Pleasant Valley - 199.0 Virginia Hills
Virginia Hills,Week3,Pleasant Valley,Week3,264.0 Pleasant Valley - 138.0 Virginia Hills
Virginia Hills,Week2,Somerset-Olde Creek,Week5,262.0 Somerset-Olde Creek - 131.0 Virginia Hills
Virginia Run,Week2,Brandywine,Week2,207.0 Brandywine - 195.0 Virginia Run
Virginia Hills,Week2,Lake Braddock,Week2,273.0 Lake Braddock - 127.0 Virginia Hills
Virginia Run,Week2,Country Club Hills,Week2,261.5 Virginia Run - 140.5 Country Club Hills
Virginia Hills,Week4,High Point Pool,Week3,365.0 High Point Pool - 36.0 Virginia Hills
Virginia Hills,Week3,Highland Park,Week3,347.0 Highland Park - 55.0 Virginia Hills
Virginia Run,Week2,Country Club Hills,Week4,248.0 Virginia Run - 154.0 Country Club Hills
Virginia Hills,Week3,Somerset-Olde Creek,Week2,210.0 Virginia Hills - 192.0 Somerset-Olde Creek
Virginia Run,Week1,Brandywine,Week3,212.0 Virginia Run - 190.0 Brandywine
Virginia Hills,Week5,Pinewood Lake,Week3,311.0 Virginia Hills - 74.0 Pinewood Lake
Virginia Hills,Week5,Pinewood Lake,Week4,303.0 Virginia Hills - 84.0 Pinewood Lake
Virginia Hills,Week5,Pinewood Lake,Week5,300.0 Virginia Hills - 94.0 Pinewood Lake
Virginia Hills,Week3,Lake Braddock,Week1,255.0 Lake Braddock - 146.0 Virginia Hills
Virginia Run,Week3,Cottontail,Week2,250.0 Virginia Run - 152.0 Cottontail
Virginia Hills,Week5,Sleepy Hollow Rec,Week2,270.0 Sleepy Hollow Rec - 132.0 Virginia Hills
Virginia Run,Week3,Arlington Forest,Week5,230.0 Arlington Forest - 172.0 Virginia Run
Virginia Hills,Week4,High Point Pool,Week4,358.0 High Point Pool - 44.0 Virginia Hills
Virginia Hills,Week3,Lake Braddock,Week3,281.0 Lake Braddock - 121.0 Virginia Hills
Virginia Hills,Week5,Sleepy Hollow Rec,Week3,282.0 Sleepy Hollow Rec - 119.0 Virginia Hills
Virginia Hills,Week5,Kings Ridge ,Week5,278.0 Kings Ridge - 124.0 Virginia Hills
Virginia Run,Week2,Brandywine,Week5,221.5 Brandywine - 180.5 Virginia Run
Virginia Hills,Week1,Pleasant Valley,Week5,254.0 Pleasant Valley - 142.0 Virginia Hills
Virginia Hills,Week5,High Point Pool,Week2,360.0 High Point Pool - 42.0 Virginia Hills
Virginia Run,Week4,Cottontail,Week4,271.0 Virginia Run - 131.0 Cottontail
Virginia Run,Week4,Country Club Hills,Week1,274.0 Virginia Run - 128.0 Country Club Hills
Virginia Hills,Week3,Highland Park,Week2,364.0 Highland Park - 38.0 Virginia Hills
Virginia Hills,Week1,Somerset-Olde Creek,Week2,202.0 Somerset-Olde Creek - 197.0 Virginia Hills
Virginia Hills,Week5,Kings Ridge ,Week3,266.0 Kings Ridge - 130.0 Virginia Hills
Virginia Run,Week2,Brandywine,Week4,216.0 Brandywine - 186.0 Virginia Run
Virginia Hills,Week5,Kings Ridge ,Week4,273.0 Kings Ridge - 129.0 Virginia Hills
Virginia Run,Week3,Country Club Hills,Week3,243.0 Virginia Run - 159.0 Country Club Hills
Virginia Hills,Week3,High Point Pool,Week5,362.0 High Point Pool - 40.0 Virginia Hills
Virginia Hills,Week1,Somerset-Olde Creek,Week3,205.0 Somerset-Olde Creek - 192.0 Virginia Hills
Virginia Hills,Week4,Pleasant Valley,Week1,248.0 Pleasant Valley - 150.0 Virginia Hills
Virginia Run,Week5,Cottontail,Week1,266.0 Virginia Run - 136.0 Cottontail
Virginia Hills,Week1,Somerset-Olde Creek,Week5,252.0 Somerset-Olde Creek - 146.0 Virginia Hills
Virginia Hills,Week1,Highland Park,Week5,362.0 Highland Park - 40.0 Virginia Hills
Virginia Hills,Week4,Lake Braddock,Week5,286.0 Lake Braddock - 115.0 Virginia Hills
Virginia Hills,Week2,Lakevale Estates,Week1,368.0 Lakevale Estates - 34.0 Virginia Hills
Virginia Run,Week2,Brandywine,Week1,221.0 Virginia Run - 181.0 Brandywine
Virginia Hills,Week3,Lake Braddock,Week5,285.0 Lake Braddock - 117.0 Virginia Hills
Virginia Run,Week1,Country Club Hills,Week5,246.0 Virginia Run - 156.0 Country Club Hills
Virginia Hills,Week3,Somerset-Olde Creek,Week1,216.0 Somerset-Olde Creek - 184.0 Virginia Hills
Virginia Hills,Week2,Somerset-Olde Creek,Week1,227.0 Somerset-Olde Creek - 157.0 Virginia Hills
Virginia Hills,Week5,Somerset-Olde Creek,Week5,216.0 Somerset-Olde Creek - 184.0 Virginia Hills
Virginia Run,Week3,Cottontail,Week5,243.0 Virginia Run - 159.0 Cottontail
Virginia Run,Week3,Cottontail,Week1,249.0 Virginia Run - 153.0 Cottontail
Virginia Run,Week3,Brandywine,Week1,223.0 Virginia Run - 179.0 Brandywine
Virginia Run,Week3,Cottontail,Week4,262.0 Virginia Run - 140.0 Cottontail
Virginia Hills,Week3,Lakevale Estates,Week4,374.0 Lakevale Estates - 28.0 Virginia Hills
Virginia Run,Week1,Brandywine,Week5,212.0 Brandywine - 190.0 Virginia Run
Virginia Hills,Week4,South Run,Week3,317.0 South Run - 83.0 Virginia Hills
Virginia Run,Week1,Country Club Hills,Week2,292.0 Virginia Run - 110.0 Country Club Hills
Virginia Run,Week2,Brandywine,Week3,215.0 Brandywine - 182.0 Virginia Run
Virginia Hills,Week4,Lake Braddock,Week4,279.0 Lake Braddock - 123.0 Virginia Hills
Virginia Run,Week4,Cottontail,Week1,253.0 Virginia Run - 149.0 Cottontail
Virginia Hills,Week4,High Point Pool,Week1,348.5 High Point Pool - 53.5 Virginia Hills
Virginia Run,Week5,Brandywine,Week1,253.0 Virginia Run - 149.0 Brandywine
Virginia Run,Week4,Arlington Forest,Week4,204.0 Virginia Run - 198.0 Arlington Forest
Virginia Run,Week3,Arlington Forest,Week4,209.0 Arlington Forest - 193.0 Virginia Run
Virginia Hills,Week5,Sleepy Hollow Rec,Week4,265.0 Sleepy Hollow Rec - 136.0 Virginia Hills
Virginia Hills,Week1,Somerset-Olde Creek,Week1,226.0 Somerset-Olde Creek - 170.0 Virginia Hills
Virginia Hills,Week1,Highland Park,Week1,353.0 Highland Park - 49.0 Virginia Hills
Virginia Hills,Week1,Lakevale Estates,Week1,366.0 Lakevale Estates - 36.0 Virginia Hills
Virginia Run,Week4,Arlington Forest,Week2,234.0 Virginia Run - 168.0 Arlington Forest
Virginia Hills,Week3,South Run,Week5,327.0 South Run - 75.0 Virginia Hills
Virginia Run,Week5,Cottontail,Week2,275.0 Virginia Run - 127.0 Cottontail
Virginia Hills,Week2,Highland Park,Week3,340.0 Highland Park - 62.0 Virginia Hills
Virginia Run,Week1,Country Club Hills,Week1,281.0 Virginia Run - 121.0 Country Club Hills
Virginia Hills,Week1,Highlands Swim,Week1,379.0 Highlands Swim - 23.0 Virginia Hills
Virginia Hills,Week1,Lakeview,Week1,256.0 Lakeview - 146.0 Virginia Hills
Virginia Hills,Week2,Highland Park,Week4,357.0 Highland Park - 45.0 Virginia Hills
Virginia Run,Week5,Cottontail,Week4,281.0 Virginia Run - 121.0 Cottontail
Virginia Hills,Week1,Lakevale Estates,Week3,361.0 Lakevale Estates - 41.0 Virginia Hills
Virginia Hills,Week5,Lake Braddock,Week5,254.0 Lake Braddock - 148.0 Virginia Hills
Virginia Hills,Week5,Somerset-Olde Creek,Week2,228.0 Virginia Hills - 167.0 Somerset-Olde Creek
Virginia Hills,Week2,Lakevale Estates,Week2,370.0 Lakevale Estates - 32.0 Virginia Hills
Virginia Hills,Week3,Somerset-Olde Creek,Week3,216.0 Virginia Hills - 185.0 Somerset-Olde Creek
Virginia Run,Week3,Brandywine,Week5,215.0 Brandywine - 187.0 Virginia Run
Virginia Hills,Week5,High Point Pool,Week3,355.0 High Point Pool - 46.0 Virginia Hills
Virginia Hills,Week5,High Point Pool,Week5,344.0 High Point Pool - 57.0 Virginia Hills
Virginia Run,Week4,Brandywine,Week5,212.0 Brandywine - 190.0 Virginia Run
Virginia Run,Week5,Arlington Forest,Week4,222.0 Virginia Run - 180.0 Arlington Forest
Virginia Hills,Week1,Lakevale Estates,Week4,370.0 Lakevale Estates - 32.0 Virginia Hills
Virginia Run,Week2,Country Club Hills,Week3,249.0 Virginia Run - 153.0 Country Club Hills
Virginia Hills,Week4,High Point Pool,Week5,359.0 High Point Pool - 43.0 Virginia Hills
Virginia Hills,Week5,Somerset-Olde Creek,Week4,207.0 Somerset-Olde Creek - 195.0 Virginia Hills
Virginia Run,Week4,Cottontail,Week5,248.0 Virginia Run - 154.0 Cottontail
Virginia Hills,Week4,Lakevale Estates,Week1,370.0 Lakevale Estates - 32.0 Virginia Hills
Virginia Hills,Week1,Highland Park,Week3,333.0 Highland Park - 69.0 Virginia Hills
Virginia Hills,Week2,Lake Braddock,Week1,267.0 Lake Braddock - 134.0 Virginia Hills
Virginia Hills,Week3,South Run,Week4,295.0 South Run - 105.0 Virginia Hills
Virginia Hills,Week5,Sleepy Hollow Rec,Week1,269.0 Sleepy Hollow Rec - 128.0 Virginia Hills
Virginia Run,Week3,Country Club Hills,Week2,267.0 Virginia Run - 135.0 Country Club Hills
Virginia Run,Week1,Brandywine,Week1,244.0 Virginia Run - 158.0 Brandywine
Virginia Run,Week3,Brandywine,Week4,210.0 Brandywine - 192.0 Virginia Run
Virginia Hills,Week1,Highland Park,Week2,353.0 Highland Park - 49.0 Virginia Hills
Virginia Hills,Week2,Highland Park,Week5,355.0 Highland Park - 47.0 Virginia Hills
Virginia Hills,Week5,Highland Park,Week4,344.0 Highland Park - 58.0 Virginia Hills
Virginia Run,Week5,Brandywine,Week3,229.0 Virginia Run - 173.0 Brandywine
Virginia Hills,Week4,Highland Park,Week1,364.0 Highland Park - 38.0 Virginia Hills
Virginia Hills,Week3,Lakevale Estates,Week3,365.0 Lakevale Estates - 37.0 Virginia Hills
Virginia Hills,Week1,Lakeview,Week2,268.0 Lakeview - 134.0 Virginia Hills
Virginia Run,Week4,Cottontail,Week3,275.0 Virginia Run - 127.0 Cottontail
Virginia Run,Week5,Brandywine,Week5,214.0 Virginia Run - 188.0 Brandywine
Virginia Run,Week1,Bren Mar-Edsall Park,Week1,383.0 Virginia Run - 19.0 Bren Mar-Edsall Park
Virginia Hills,Week1,South Run,Week1,299.0 South Run - 93.0 Virginia Hills
Virginia Run,Week5,Cottontail,Week3,298.0 Virginia Run - 104.0 Cottontail
Virginia Hills,Week4,Somerset-Olde Creek,Week5,240.0 Somerset-Olde Creek - 159.0 Virginia Hills
Virginia Hills,Week4,Lakevale Estates,Week4,373.0 Lakevale Estates - 29.0 Virginia Hills
Virginia Hills,Week1,South Run,Week4,306.0 South Run - 90.0 Virginia Hills
Virginia Hills,Week1,Highland Park,Week4,359.0 Highland Park - 43.0 Virginia Hills
Virginia Run,Week4,Cottontail,Week2,262.0 Virginia Run - 140.0 Cottontail
Virginia Run,Week2,Bren Mar-Edsall Park,Week3,367.0 Virginia Run - 35.0 Bren Mar-Edsall Park
Virginia Hills,Week4,Highland Park,Week3,340.0 Highland Park - 62.0 Virginia Hills
Virginia Hills,Week4,Somerset-Olde Creek,Week1,226.0 Somerset-Olde Creek - 172.0 Virginia Hills
Virginia Hills,Week4,High Point Pool,Week2,368.0 High Point Pool - 34.0 Virginia Hills
Virginia Hills,Week1,Lakeview,Week5,287.0 Lakeview - 106.0 Virginia Hills
Virginia Hills,Week5,Lakevale Estates,Week2,363.5 Lakevale Estates - 38.5 Virginia Hills
Virginia Hills,Week1,Lakeview,Week4,293.0 Lakeview - 109.0 Virginia Hills
Virginia Hills,Week5,High Point Pool,Week4,354.0 High Point Pool - 47.0 Virginia Hills
Virginia Run,Week1,Country Club Hills,Week4,269.0 Virginia Run - 133.0 Country Club Hills
Virginia Run,Week2,Bren Mar-Edsall Park,Week2,371.0 Virginia Run - 31.0 Bren Mar-Edsall Park
Virginia Run,Week3,Country Club Hills,Week5,239.0 Virginia Run - 163.0 Country Club Hills
Virginia Hills,Week4,Somerset-Olde Creek,Week2,201.0 Virginia Hills - 198.0 Somerset-Olde Creek
Virginia Hills,Week2,Lakeview,Week4,293.0 Lakeview - 108.0 Virginia Hills
Virginia Hills,Week5,High Point Pool,Week1,338.0 High Point Pool - 64.0 Virginia Hills
Virginia Run,Week1,Bren Mar-Edsall Park,Week2,391.0 Virginia Run - 11.0 Bren Mar-Edsall Park
Virginia Hills,Week3,Somerset-Olde Creek,Week4,236.0 Somerset-Olde Creek - 166.0 Virginia Hills
Virginia Hills,Week5,Somerset-Olde Creek,Week1,201.0 Somerset-Olde Creek - 198.0 Virginia Hills
Virginia Hills,Week2,Highland Park,Week1,355.0 Highland Park - 47.0 Virginia Hills
Virginia Run,Week3,Country Club Hills,Week4,260.0 Virginia Run - 142.0 Country Club Hills
Virginia Run,Week3,Country Club Hills,Week1,250.0 Virginia Run - 152.0 Country Club Hills
Virginia Run,Week5,Brandywine,Week2,238.0 Virginia Run - 164.0 Brandywine
Virginia Hills,Week2,Highlands Swim,Week1,382.0 Highlands Swim - 20.0 Virginia Hills
Virginia Hills,Week4,Highland Park,Week2,360.0 Highland Park - 42.0 Virginia Hills
Virginia Run,Week4,Brandywine,Week4,207.0 Virginia Run - 195.0 Brandywine
Virginia Run,Week2,Crosspointe,Week2,252.0 Crosspointe - 150.0 Virginia Run
Virginia Hills,Week3,Lakevale Estates,Week5,367.0 Lakevale Estates - 35.0 Virginia Hills
Virginia Hills,Week2,South Run,Week1,296.0 South Run - 96.0 Virginia Hills
Virginia Run,Week1,Crosspointe,Week3,242.0 Crosspointe - 160.0 Virginia Run
Virginia Run,Week1,Bren Mar-Edsall Park,Week3,383.0 Virginia Run - 19.0 Bren Mar-Edsall Park
Virginia Hills,Week5,Highland Park,Week2,340.0 Highland Park - 62.0 Virginia Hills
Virginia Run,Week4,Crosspointe,Week4,236.0 Crosspointe - 166.0 Virginia Run
Virginia Hills,Week3,Lakeview,Week1,263.0 Lakeview - 139.0 Virginia Hills
Virginia Run,Week5,Country Club Hills,Week2,290.0 Virginia Run - 112.0 Country Club Hills
Virginia Hills,Week3,Somerset-Olde Creek,Week5,243.0 Somerset-Olde Creek - 158.0 Virginia Hills
Virginia Hills,Week4,Somerset-Olde Creek,Week3,206.0 Virginia Hills - 192.0 Somerset-Olde Creek
Virginia Run,Week3,Crosspointe,Week1,253.0 Crosspointe - 149.0 Virginia Run
Virginia Run,Week2,Crosspointe,Week1,268.0 Crosspointe - 134.0 Virginia Run
Virginia Hills,Week2,South Run,Week4,294.0 South Run - 101.0 Virginia Hills
Virginia Run,Week1,Bren Mar-Edsall Park,Week5,373.0 Virginia Run - 29.0 Bren Mar-Edsall Park
Virginia Run,Week4,Country Club Hills,Week4,259.0 Virginia Run - 143.0 Country Club Hills
Virginia Run,Week2,Bren Mar-Edsall Park,Week4,358.0 Virginia Run - 44.0 Bren Mar-Edsall Park
Virginia Hills,Week3,Lakevale Estates,Week1,364.0 Lakevale Estates - 38.0 Virginia Hills
Virginia Hills,Week3,South Run,Week1,302.0 South Run - 91.0 Virginia Hills
Virginia Run,Week4,Brandywine,Week3,204.0 Virginia Run - 198.0 Brandywine
Virginia Hills,Week2,South Run,Week5,340.0 South Run - 62.0 Virginia Hills
Virginia Run,Week1,Daventry,Week2,341.0 Virginia Run - 61.0 Daventry
Virginia Hills,Week5,Lakevale Estates,Week3,359.0 Lakevale Estates - 43.0 Virginia Hills
Virginia Hills,Week2,Lakeview,Week3,281.0 Lakeview - 120.0 Virginia Hills
Virginia Hills,Week1,South Run,Week2,294.0 South Run - 102.0 Virginia Hills
Virginia Run,Week1,Bren Mar-Edsall Park,Week4,374.0 Virginia Run - 28.0 Bren Mar-Edsall Park
Virginia Hills,Week4,Highlands Swim,Week4,373.0 Highlands Swim - 29.0 Virginia Hills
Virginia Run,Week5,Brandywine,Week4,225.0 Virginia Run - 177.0 Brandywine
Virginia Hills,Week3,South Run,Week2,294.0 South Run - 106.0 Virginia Hills
Virginia Hills,Week2,Highlands Swim,Week3,373.0 Highlands Swim - 29.0 Virginia Hills
Virginia Hills,Week5,Highlands Swim,Week2,376.0 Highlands Swim - 26.0 Virginia Hills
Virginia Hills,Week2,Lakeview,Week2,279.0 Lakeview - 122.0 Virginia Hills
Virginia Hills,Week2,South Run,Week2,302.0 South Run - 94.0 Virginia Hills
Virginia Run,Week5,Crosspointe,Week5,244.0 Crosspointe - 158.0 Virginia Run
Virginia Hills,Week2,Lakeview,Week5,280.0 Lakeview - 112.0 Virginia Hills
Virginia Hills,Week5,Highland Park,Week1,342.0 Highland Park - 60.0 Virginia Hills
Virginia Hills,Week5,Lakevale Estates,Week4,366.0 Lakevale Estates - 36.0 Virginia Hills
Virginia Hills,Week2,Highlands Swim,Week5,368.0 Highlands Swim - 34.0 Virginia Hills
Virginia Hills,Week3,Highland Park,Week5,357.0 Highland Park - 45.0 Virginia Hills
Virginia Hills,Week5,Highland Park,Week3,318.5 Highland Park - 83.5 Virginia Hills
Virginia Hills,Week1,Highlands Swim,Week3,369.0 Highlands Swim - 33.0 Virginia Hills
Virginia Hills,Week1,Lakeview,Week3,276.0 Lakeview - 126.0 Virginia Hills
Virginia Run,Week2,Crosspointe,Week5,283.0 Crosspointe - 119.0 Virginia Run
Virginia Run,Week2,Crosspointe,Week4,253.0 Crosspointe - 149.0 Virginia Run
Virginia Run,Week5,Country Club Hills,Week3,282.0 Virginia Run - 120.0 Country Club Hills
Virginia Run,Week4,Brandywine,Week2,220.0 Virginia Run - 182.0 Brandywine
Virginia Hills,Week2,South Run,Week3,320.0 South Run - 80.0 Virginia Hills
Virginia Hills,Week5,Somerset-Olde Creek,Week3,222.0 Virginia Hills - 170.0 Somerset-Olde Creek
Virginia Hills,Week4,Highland Park,Week4,369.0 Highland Park - 33.0 Virginia Hills
Virginia Run,Week2,Bren Mar-Edsall Park,Week1,370.0 Virginia Run - 32.0 Bren Mar-Edsall Park
Virginia Hills,Week4,Lakevale Estates,Week3,363.0 Lakevale Estates - 39.0 Virginia Hills
Virginia Hills,Week4,Lakevale Estates,Week2,375.0 Lakevale Estates - 27.0 Virginia Hills
Virginia Hills,Week1,South Run,Week5,321.0 South Run - 81.0 Virginia Hills
Virginia Hills,Week4,Somerset-Olde Creek,Week4,231.0 Somerset-Olde Creek - 169.0 Virginia Hills
Virginia Run,Week2,Bren Mar-Edsall Park,Week5,360.0 Virginia Run - 37.0 Bren Mar-Edsall Park
Virginia Hills,Week5,Lakevale Estates,Week1,352.0 Lakevale Estates - 50.0 Virginia Hills
Virginia Hills,Week3,Lakevale Estates,Week2,368.0 Lakevale Estates - 34.0 Virginia Hills
Virginia Hills,Week2,Lakevale Estates,Week4,373.0 Lakevale Estates - 29.0 Virginia Hills
Virginia Hills,Week2,Lakeview,Week1,250.0 Lakeview - 151.0 Virginia Hills
Virginia Run,Week5,Country Club Hills,Week1,287.0 Virginia Run - 115.0 Country Club Hills
Virginia Hills,Week4,South Run,Week2,296.0 South Run - 100.0 Virginia Hills
Virginia Hills,Week3,Highland Park,Week4,365.0 Highland Park - 37.0 Virginia Hills
Virginia Hills,Week2,Lakevale Estates,Week5,363.0 Lakevale Estates - 39.0 Virginia Hills
Virginia Run,Week4,Country Club Hills,Week2,263.0 Virginia Run - 139.0 Country Club Hills
Virginia Run,Week5,Country Club Hills,Week4,270.0 Virginia Run - 132.0 Country Club Hills
Virginia Run,Week1,Crosspointe,Week2,217.0 Crosspointe - 185.0 Virginia Run
Virginia Hills,Week5,Lakevale Estates,Week5,357.0 Lakevale Estates - 45.0 Virginia Hills
Virginia Run,Week1,Crosspointe,Week4,238.0 Crosspointe - 164.0 Virginia Run
Virginia Hills,Week3,South Run,Week3,319.0 South Run - 83.0 Virginia Hills
Virginia Hills,Week4,Highland Park,Week5,362.0 Highland Park - 40.0 Virginia Hills
Virginia Hills,Week1,Highlands Swim,Week4,366.0 Highlands Swim - 36.0 Virginia Hills
Virginia Hills,Week1,South Run,Week3,322.0 South Run - 78.0 Virginia Hills
Virginia Hills,Week5,Highland Park,Week5,336.0 Highland Park - 66.0 Virginia Hills
Virginia Run,Week3,Crosspointe,Week2,225.0 Crosspointe - 177.0 Virginia Run
Virginia Hills,Week4,South Run,Week1,303.0 South Run - 89.0 Virginia Hills
Virginia Hills,Week1,Highlands Swim,Week2,380.0 Highlands Swim - 22.0 Virginia Hills
Virginia Run,Week4,Country Club Hills,Week5,236.0 Virginia Run - 166.0 Country Club Hills
Virginia Hills,Week1,Holmes Run Acres,Week3,345.0 Holmes Run Acres - 56.0 Virginia Hills
Virginia Hills,Week3,Highlands Swim,Week3,375.0 Highlands Swim - 27.0 Virginia Hills
Virginia Hills,Week5,Hollin Meadows,Week4,332.0 Hollin Meadows - 70.0 Virginia Hills
Virginia Hills,Week3,Holmes Run Acres,Week4,330.0 Holmes Run Acres - 72.0 Virginia Hills
Virginia Hills,Week3,Springboard,Week3,292.0 Springboard - 109.0 Virginia Hills
Virginia Hills,Week4,Springboard,Week1,283.0 Springboard - 114.0 Virginia Hills
Virginia Hills,Week5,South Run,Week5,293.0 South Run - 109.0 Virginia Hills
Virginia Hills,Week2,Highlands Swim,Week4,365.0 Highlands Swim - 37.0 Virginia Hills
Virginia Run,Week2,Crosspointe,Week3,256.0 Crosspointe - 141.0 Virginia Run
Virginia Hills,Week5,Holmes Run Acres,Week5,339.0 Holmes Run Acres - 63.0 Virginia Hills
Virginia Hills,Week4,Lakevale Estates,Week5,374.0 Lakevale Estates - 28.0 Virginia Hills
Virginia Hills,Week3,Highlands Swim,Week5,377.0 Highlands Swim - 25.0 Virginia Hills
Virginia Hills,Week1,Springboard,Week3,277.0 Springboard - 121.0 Virginia Hills
Virginia Run,Week1,Crosspointe,Week1,244.0 Crosspointe - 158.0 Virginia Run
Virginia Run,Week1,Crosspointe,Week5,262.0 Crosspointe - 140.0 Virginia Run
Virginia Hills,Week3,Highlands Swim,Week2,386.0 Highlands Swim - 16.0 Virginia Hills
Virginia Hills,Week2,Daventry,Week1,236.0 Daventry - 162.0 Virginia Hills
Virginia Hills,Week3,Highlands Swim,Week1,375.0 Highlands Swim - 27.0 Virginia Hills
Virginia Hills,Week3,Holmes Run Acres,Week2,318.0 Holmes Run Acres - 84.0 Virginia Hills
Virginia Hills,Week5,Springboard,Week2,241.0 Springboard - 160.0 Virginia Hills
Virginia Run,Week3,Crosspointe,Week4,242.0 Crosspointe - 160.0 Virginia Run
Virginia Hills,Week5,Springboard,Week3,272.0 Springboard - 128.0 Virginia Hills
Virginia Run,Week5,Country Club Hills,Week5,253.0 Virginia Run - 149.0 Country Club Hills
Virginia Run,Week4,Crosspointe,Week1,248.0 Crosspointe - 154.0 Virginia Run
Virginia Run,Week3,Crosspointe,Week5,269.0 Crosspointe - 133.0 Virginia Run
Virginia Hills,Week4,Highlands Swim,Week5,370.0 Highlands Swim - 32.0 Virginia Hills
Virginia Hills,Week5,Springboard,Week4,263.0 Springboard - 139.0 Virginia Hills
Virginia Hills,Week4,Highlands Swim,Week2,384.0 Highlands Swim - 18.0 Virginia Hills
Virginia Hills,Week1,Dominion Hills,Week5,359.0 Dominion Hills - 43.0 Virginia Hills
Virginia Hills,Week1,Springboard,Week5,286.5 Springboard - 111.5 Virginia Hills
Virginia Run,Week4,Crosspointe,Week3,240.0 Crosspointe - 162.0 Virginia Run
Virginia Hills,Week3,Highlands Swim,Week4,367.0 Highlands Swim - 35.0 Virginia Hills
Virginia Hills,Week4,Holmes Run Acres,Week4,331.0 Holmes Run Acres - 69.0 Virginia Hills
Virginia Hills,Week3,Springboard,Week5,290.0 Springboard - 111.0 Virginia Hills
Virginia Hills,Week4,Daventry,Week5,257.0 Daventry - 143.0 Virginia Hills
Virginia Hills,Week4,Daventry,Week2,238.0 Daventry - 159.0 Virginia Hills
Virginia Hills,Week5,Hollin Meadows,Week3,335.0 Hollin Meadows - 67.0 Virginia Hills
Virginia Hills,Week4,Highlands Swim,Week3,371.0 Highlands Swim - 31.0 Virginia Hills
Virginia Run,Week4,Country Club Hills,Week3,259.0 Virginia Run - 143.0 Country Club Hills
Virginia Hills,Week1,Springboard,Week1,269.0 Springboard - 128.0 Virginia Hills
Virginia Hills,Week1,Highlands Swim,Week5,369.0 Highlands Swim - 33.0 Virginia Hills
Virginia Hills,Week5,South Run,Week2,273.0 South Run - 123.0 Virginia Hills
Virginia Hills,Week2,Highlands Swim,Week2,384.0 Highlands Swim - 18.0 Virginia Hills
Virginia Hills,Week2,Springboard,Week2,280.0 Springboard - 116.0 Virginia Hills
Virginia Run,Week3,Crosspointe,Week3,233.0 Crosspointe - 169.0 Virginia Run
Virginia Hills,Week1,Hunt Valley,Week3,379.0 Hunt Valley - 23.0 Virginia Hills
Virginia Hills,Week5,Daventry,Week3,216.0 Daventry - 181.0 Virginia Hills
Virginia Hills,Week3,Holmes Run Acres,Week5,349.0 Holmes Run Acres - 53.0 Virginia Hills
Virginia Hills,Week5,Highlands Swim,Week1,366.0 Highlands Swim - 36.0 Virginia Hills
Virginia Hills,Week1,Springboard,Week4,264.0 Springboard - 137.0 Virginia Hills
Virginia Hills,Week5,Daventry,Week4,225.0 Daventry - 176.0 Virginia Hills
Virginia Hills,Week1,Holmes Run Acres,Week2,315.0 Holmes Run Acres - 86.0 Virginia Hills
Virginia Hills,Week1,Holmes Run Acres,Week1,314.0 Holmes Run Acres - 85.0 Virginia Hills
Virginia Hills,Week4,Highlands Swim,Week1,371.0 Highlands Swim - 31.0 Virginia Hills
Virginia Hills,Week2,Holmes Run Acres,Week5,356.0 Holmes Run Acres - 46.0 Virginia Hills
Virginia Run,Week4,Crosspointe,Week2,241.0 Crosspointe - 161.0 Virginia Run
Virginia Hills,Week4,Daventry,Week3,241.0 Daventry - 158.0 Virginia Hills
Virginia Hills,Week1,Holmes Run Acres,Week4,333.0 Holmes Run Acres - 67.0 Virginia Hills
Virginia Hills,Week2,Holmes Run Acres,Week2,331.0 Holmes Run Acres - 70.0 Virginia Hills
Virginia Run,Week5,Crosspointe,Week1,229.3 Crosspointe - 172.7 Virginia Run
Virginia Hills,Week5,Springboard,Week5,273.0 Springboard - 128.0 Virginia Hills
Virginia Hills,Week2,Daventry,Week3,239.0 Daventry - 153.0 Virginia Hills
Virginia Hills,Week5,Highlands Swim,Week4,359.0 Highlands Swim - 43.0 Virginia Hills
Virginia Hills,Week5,Highlands Swim,Week3,363.0 Highlands Swim - 39.0 Virginia Hills
Virginia Run,Week4,Crosspointe,Week5,261.0 Crosspointe - 141.0 Virginia Run
Virginia Hills,Week3,Holmes Run Acres,Week1,317.0 Holmes Run Acres - 85.0 Virginia Hills
Virginia Hills,Week5,South Run,Week4,270.0 South Run - 131.0 Virginia Hills
Virginia Hills,Week2,Springboard,Week5,291.0 Springboard - 107.0 Virginia Hills
Virginia Hills,Week1,Dominion Hills,Week2,352.0 Dominion Hills - 50.0 Virginia Hills
Virginia Hills,Week1,Springfield,Week1,243.0 Virginia Hills - 139.0 Springfield
Virginia Hills,Week5,Hollin Meadows,Week2,328.0 Hollin Meadows - 74.0 Virginia Hills
Virginia Run,Week5,Crosspointe,Week2,211.5 Crosspointe - 190.5 Virginia Run
Virginia Hills,Week5,Hollin Meadows,Week5,351.0 Hollin Meadows - 51.0 Virginia Hills
Virginia Hills,Week4,Dominion Hills,Week1,347.0 Dominion Hills - 55.0 Virginia Hills
Virginia Hills,Week5,Highlands Swim,Week5,370.0 Highlands Swim - 32.0 Virginia Hills
Virginia Hills,Week1,Hollin Hills,Week3,239.0 Hollin Hills - 163.0 Virginia Hills
Virginia Hills,Week2,Dominion Hills,Week1,360.0 Dominion Hills - 42.0 Virginia Hills
Virginia Hills,Week4,Hollin Hills,Week4,223.0 Hollin Hills - 176.0 Virginia Hills
Virginia Hills,Week2,Springboard,Week4,288.0 Springboard - 111.0 Virginia Hills
Virginia Hills,Week1,Daventry,Week5,259.0 Daventry - 140.0 Virginia Hills
Virginia Hills,Week5,South Run,Week3,290.0 South Run - 112.0 Virginia Hills
Virginia Hills,Week1,Hollin Hills,Week2,228.0 Hollin Hills - 172.0 Virginia Hills
Virginia Hills,Week3,Holmes Run Acres,Week3,347.0 Holmes Run Acres - 55.0 Virginia Hills
Virginia Hills,Week1,Dominion Hills,Week1,351.0 Dominion Hills - 51.0 Virginia Hills
Virginia Hills,Week2,Holmes Run Acres,Week1,332.0 Holmes Run Acres - 68.0 Virginia Hills
Virginia Hills,Week1,Hollin Hills,Week1,222.0 Hollin Hills - 178.0 Virginia Hills
Virginia Run,Week1,Daventry,Week1,342.5 Virginia Run - 59.5 Daventry
Virginia Run,Week5,Daventry,Week1,349.0 Virginia Run - 53.0 Daventry
Virginia Hills,Week4,South Run,Week4,294.0 South Run - 102.0 Virginia Hills
Virginia Run,Week3,Daventry,Week2,328.0 Virginia Run - 74.0 Daventry
Virginia Hills,Week3,Hollin Hills,Week5,227.0 Hollin Hills - 174.0 Virginia Hills
Virginia Hills,Week4,Holmes Run Acres,Week1,308.0 Holmes Run Acres - 92.0 Virginia Hills
Virginia Hills,Week2,Daventry,Week4,254.0 Daventry - 143.0 Virginia Hills
Virginia Run,Week5,Crosspointe,Week4,222.0 Crosspointe - 180.0 Virginia Run
Virginia Run,Week5,Crosspointe,Week3,233.0 Crosspointe - 169.0 Virginia Run
Virginia Hills,Week4,Holmes Run Acres,Week2,314.0 Holmes Run Acres - 87.0 Virginia Hills
Virginia Run,Week1,Dominion Hills,Week1,242.0 Virginia Run - 160.0 Dominion Hills
Virginia Hills,Week4,Daventry,Week4,249.0 Daventry - 151.0 Virginia Hills
Virginia Hills,Week2,Springboard,Week1,290.0 Springboard - 106.0 Virginia Hills
Virginia Hills,Week4,Hollin Hills,Week1,211.0 Hollin Hills - 190.0 Virginia Hills
Virginia Hills,Week1,Springboard,Week2,249.0 Springboard - 148.0 Virginia Hills
Virginia Run,Week2,Daventry,Week1,321.0 Virginia Run - 81.0 Daventry
Virginia Hills,Week1,Dominion Hills,Week3,348.0 Dominion Hills - 54.0 Virginia Hills
Virginia Hills,Week2,Springboard,Week3,299.0 Springboard - 99.0 Virginia Hills
Virginia Hills,Week3,Hollin Hills,Week2,220.0 Hollin Hills - 180.0 Virginia Hills
Virginia Hills,Week3,Springboard,Week1,287.0 Springboard - 114.0 Virginia Hills
Virginia Run,Week1,Dominion Hills,Week3,260.0 Virginia Run - 142.0 Dominion Hills
Virginia Hills,Week2,Daventry,Week2,246.0 Daventry - 149.0 Virginia Hills
Virginia Hills,Week5,Holmes Run Acres,Week2,307.0 Holmes Run Acres - 93.0 Virginia Hills
Virginia Hills,Week2,Hollin Hills,Week4,236.0 Hollin Hills - 155.0 Virginia Hills
Virginia Hills,Week3,Daventry,Week4,242.0 Daventry - 160.0 Virginia Hills
Virginia Hills,Week4,Holmes Run Acres,Week5,339.0 Holmes Run Acres - 63.0 Virginia Hills
Virginia Hills,Week5,South Run,Week1,279.0 South Run - 109.0 Virginia Hills
Virginia Hills,Week5,Holmes Run Acres,Week1,309.0 Holmes Run Acres - 91.0 Virginia Hills
Virginia Run,Week1,Dominion Hills,Week2,228.0 Virginia Run - 174.0 Dominion Hills
Virginia Hills,Week4,Dominion Hills,Week5,360.0 Dominion Hills - 42.0 Virginia Hills
Virginia Hills,Week4,Hollin Hills,Week3,239.0 Hollin Hills - 163.0 Virginia Hills
Virginia Hills,Week2,Holmes Run Acres,Week3,356.0 Holmes Run Acres - 45.0 Virginia Hills
Virginia Run,Week1,Dominion Hills,Week4,218.0 Virginia Run - 184.0 Dominion Hills
Virginia Hills,Week2,Hollin Meadows,Week1,352.0 Hollin Meadows - 49.0 Virginia Hills
Virginia Hills,Week5,Holmes Run Acres,Week3,344.0 Holmes Run Acres - 57.0 Virginia Hills
Virginia Run,Week2,Daventry,Week3,315.0 Virginia Run - 87.0 Daventry
Virginia Hills,Week3,Springboard,Week4,279.0 Springboard - 123.0 Virginia Hills
Virginia Hills,Week5,Hollin Hills,Week2,203.0 Virginia Hills - 196.0 Hollin Hills
Virginia Hills,Week3,Springboard,Week2,265.0 Springboard - 136.0 Virginia Hills
Virginia Hills,Week3,Hollin Meadows,Week1,358.0 Hollin Meadows - 44.0 Virginia Hills
Virginia Run,Week4,Daventry,Week5,307.0 Virginia Run - 95.0 Daventry
Virginia Hills,Week2,Holmes Run Acres,Week4,346.0 Holmes Run Acres - 54.0 Virginia Hills
Virginia Run,Week3,Daventry,Week3,318.0 Virginia Run - 83.0 Daventry
Virginia Hills,Week1,Daventry,Week4,249.0 Daventry - 151.0 Virginia Hills
Virginia Run,Week1,Dominion Hills,Week5,205.0 Virginia Run - 197.0 Dominion Hills
Virginia Hills,Week5,Hollin Hills,Week5,206.0 Hollin Hills - 195.0 Virginia Hills
Virginia Hills,Week5,Holmes Run Acres,Week4,324.0 Holmes Run Acres - 77.0 Virginia Hills
Virginia Hills,Week4,Springboard,Week4,280.0 Springboard - 121.0 Virginia Hills
Virginia Hills,Week1,Holmes Run Acres,Week5,351.0 Holmes Run Acres - 51.0 Virginia Hills
Virginia Hills,Week5,Daventry,Week1,208.0 Daventry - 193.0 Virginia Hills
Virginia Hills,Week1,Hollin Hills,Week5,233.0 Hollin Hills - 167.0 Virginia Hills
Virginia Run,Week1,Daventry,Week4,340.0 Virginia Run - 62.0 Daventry
Virginia Hills,Week4,Springboard,Week3,284.0 Springboard - 114.0 Virginia Hills
Virginia Hills,Week4,Holmes Run Acres,Week3,346.0 Holmes Run Acres - 55.0 Virginia Hills
Virginia Hills,Week4,Springboard,Week2,257.0 Springboard - 140.0 Virginia Hills
Virginia Hills,Week2,Daventry,Week5,268.0 Daventry - 129.0 Virginia Hills
Virginia Hills,Week3,Daventry,Week1,235.0 Daventry - 167.0 Virginia Hills
Virginia Hills,Week3,Daventry,Week5,248.0 Daventry - 154.0 Virginia Hills
Virginia Hills,Week3,Daventry,Week3,237.0 Daventry - 165.0 Virginia Hills
Virginia Hills,Week4,South Run,Week5,326.0 South Run - 76.0 Virginia Hills
Virginia Hills,Week2,Dominion Hills,Week2,369.0 Dominion Hills - 33.0 Virginia Hills
Virginia Hills,Week1,Hollin Meadows,Week5,356.0 Hollin Meadows - 46.0 Virginia Hills
Virginia Hills,Week5,Springfield,Week3,281.0 Virginia Hills - 104.0 Springfield
Virginia Run,Week3,Daventry,Week1,322.0 Virginia Run - 80.0 Daventry
Virginia Hills,Week1,Springfield,Week3,252.0 Virginia Hills - 125.0 Springfield
Virginia Hills,Week2,Hollin Hills,Week5,240.0 Hollin Hills - 156.0 Virginia Hills
Virginia Hills,Week1,Hollin Hills,Week4,238.0 Hollin Hills - 158.0 Virginia Hills
Virginia Hills,Week4,Hollin Hills,Week2,211.0 Hollin Hills - 190.0 Virginia Hills
Virginia Hills,Week5,Hollin Hills,Week3,206.0 Hollin Hills - 196.0 Virginia Hills
Virginia Hills,Week1,Hunt Valley,Week4,366.0 Hunt Valley - 36.0 Virginia Hills
Virginia Run,Week5,Daventry,Week3,346.0 Virginia Run - 56.0 Daventry
Virginia Hills,Week2,Stratford,Week2,313.0 Stratford - 89.0 Virginia Hills
Virginia Hills,Week4,Springfield,Week5,281.0 Virginia Hills - 108.0 Springfield
Virginia Hills,Week1,Hunt Valley,Week2,376.0 Hunt Valley - 26.0 Virginia Hills
Virginia Hills,Week2,Hunter Mill,Week4,369.0 Hunter Mill - 32.0 Virginia Hills
Virginia Hills,Week4,Hunt Valley,Week2,380.0 Hunt Valley - 22.0 Virginia Hills
Virginia Hills,Week2,Dominion Hills,Week4,360.0 Dominion Hills - 41.0 Virginia Hills
Virginia Hills,Week1,Hollin Meadows,Week3,347.0 Hollin Meadows - 55.0 Virginia Hills
Virginia Run,Week3,Daventry,Week5,301.5 Virginia Run - 100.5 Daventry
Virginia Hills,Week4,Springboard,Week5,292.0 Springboard - 106.0 Virginia Hills
Virginia Hills,Week4,Daventry,Week1,237.0 Daventry - 164.0 Virginia Hills
Virginia Hills,Week3,Dominion Hills,Week1,341.0 Dominion Hills - 61.0 Virginia Hills
Virginia Hills,Week4,Springfield,Week1,256.0 Virginia Hills - 133.0 Springfield
Virginia Hills,Week1,Dominion Hills,Week4,354.0 Dominion Hills - 48.0 Virginia Hills
Virginia Hills,Week5,Springboard,Week1,273.0 Springboard - 126.0 Virginia Hills
Virginia Run,Week4,Daventry,Week1,338.0 Virginia Run - 64.0 Daventry
Virginia Hills,Week1,Hunt Valley,Week1,368.0 Hunt Valley - 34.0 Virginia Hills
Virginia Run,Week2,Daventry,Week5,297.0 Virginia Run - 105.0 Daventry
Virginia Hills,Week5,Springfield,Week4,266.0 Virginia Hills - 122.0 Springfield
Virginia Hills,Week3,Dominion Hills,Week2,353.0 Dominion Hills - 49.0 Virginia Hills
Virginia Run,Week2,Daventry,Week2,328.5 Virginia Run - 73.5 Daventry
Virginia Run,Week1,Daventry,Week5,323.0 Virginia Run - 79.0 Daventry
Virginia Hills,Week3,Hollin Hills,Week1,219.0 Hollin Hills - 182.0 Virginia Hills
Virginia Hills,Week2,Hollin Hills,Week1,223.0 Hollin Hills - 173.0 Virginia Hills
Virginia Run,Week1,Daventry,Week3,331.0 Virginia Run - 71.0 Daventry
Virginia Hills,Week2,Dominion Hills,Week5,366.0 Dominion Hills - 31.0 Virginia Hills
Virginia Hills,Week5,Daventry,Week2,221.0 Daventry - 179.0 Virginia Hills
Virginia Run,Week5,Daventry,Week5,330.0 Virginia Run - 72.0 Daventry
Virginia Hills,Week5,Hollin Hills,Week1,203.0 Hollin Hills - 197.0 Virginia Hills
Virginia Hills,Week3,Daventry,Week2,238.0 Daventry - 163.0 Virginia Hills
Virginia Hills,Week2,Hunter Mill,Week5,366.0 Hunter Mill - 36.0 Virginia Hills
Virginia Run,Week2,Daventry,Week4,323.0 Virginia Run - 79.0 Daventry
Virginia Hills,Week3,Hunt Valley,Week2,375.0 Hunt Valley - 27.0 Virginia Hills
Virginia Hills,Week5,Hollin Hills,Week4,211.0 Hollin Hills - 190.0 Virginia Hills
Virginia Hills,Week1,Stratford,Week3,316.0 Stratford - 86.0 Virginia Hills
Virginia Hills,Week3,Hollin Hills,Week4,230.0 Hollin Hills - 169.0 Virginia Hills
Virginia Hills,Week5,Daventry,Week5,239.0 Daventry - 162.0 Virginia Hills
Virginia Hills,Week1,Hunter Mill,Week4,359.0 Hunter Mill - 43.0 Virginia Hills
Virginia Hills,Week1,Hunter Mill,Week2,354.0 Hunter Mill - 47.0 Virginia Hills
Virginia Hills,Week1,Springfield,Week4,230.0 Virginia Hills - 156.0 Springfield
Virginia Hills,Week1,Hunt Valley,Week5,386.0 Hunt Valley - 16.0 Virginia Hills
Virginia Hills,Week3,Springfield,Week5,294.0 Virginia Hills - 104.0 Springfield
Virginia Run,Week4,Daventry,Week4,341.0 Virginia Run - 61.0 Daventry
Virginia Hills,Week3,Dominion Hills,Week3,346.0 Dominion Hills - 56.0 Virginia Hills
Virginia Hills,Week3,Dominion Hills,Week5,364.0 Dominion Hills - 38.0 Virginia Hills
Virginia Hills,Week2,Springfield,Week2,250.0 Virginia Hills - 119.0 Springfield
Virginia Hills,Week2,Hollin Hills,Week2,221.0 Hollin Hills - 166.0 Virginia Hills
Virginia Hills,Week3,Hollin Hills,Week3,241.0 Hollin Hills - 161.0 Virginia Hills
Virginia Hills,Week4,Hunt Valley,Week5,387.0 Hunt Valley - 15.0 Virginia Hills
Virginia Run,Week4,Daventry,Week2,339.0 Virginia Run - 63.0 Daventry
Virginia Run,Week3,Daventry,Week4,329.0 Virginia Run - 73.0 Daventry
Virginia Run,Week5,Daventry,Week4,351.0 Virginia Run - 51.0 Daventry
Virginia Hills,Week4,Springfield,Week2,276.0 Virginia Hills - 112.0 Springfield
Virginia Hills,Week2,Dominion Hills,Week3,354.0 Dominion Hills - 48.0 Virginia Hills
Virginia Hills,Week3,Dominion Hills,Week4,359.0 Dominion Hills - 43.0 Virginia Hills
Virginia Hills,Week3,Hunt Valley,Week5,385.0 Hunt Valley - 17.0 Virginia Hills
Virginia Hills,Week4,Hunt Valley,Week4,372.0 Hunt Valley - 30.0 Virginia Hills
Virginia Hills,Week2,Hollin Hills,Week3,245.0 Hollin Hills - 155.0 Virginia Hills
Virginia Hills,Week1,Springfield,Week5,264.0 Virginia Hills - 122.0 Springfield
Virginia Hills,Week5,Hunt Valley,Week2,353.0 Hunt Valley - 49.0 Virginia Hills
Virginia Hills,Week4,Dominion Hills,Week2,354.0 Dominion Hills - 48.0 Virginia Hills
Virginia Run,Week5,Daventry,Week2,351.0 Virginia Run - 51.0 Daventry
Virginia Hills,Week1,Hollin Meadows,Week4,346.0 Hollin Meadows - 56.0 Virginia Hills
Virginia Hills,Week4,Dominion Hills,Week3,341.0 Dominion Hills - 61.0 Virginia Hills
Virginia Hills,Week4,Stratford,Week4,343.0 Stratford - 59.0 Virginia Hills
Virginia Hills,Week1,Hollin Meadows,Week2,336.0 Hollin Meadows - 66.0 Virginia Hills
Virginia Run,Week3,Dominion Hills,Week4,202.0 Virginia Run - 200.0 Dominion Hills
Virginia Hills,Week2,Hollin Meadows,Week2,340.0 Hollin Meadows - 62.0 Virginia Hills
Virginia Hills,Week2,Springfield,Week5,257.0 Virginia Hills - 121.0 Springfield
Virginia Hills,Week2,Springfield,Week4,223.0 Virginia Hills - 157.0 Springfield
Virginia Run,Week5,Dominion Hills,Week5,216.0 Virginia Run - 186.0 Dominion Hills
Virginia Hills,Week5,Dominion Hills,Week2,334.0 Dominion Hills - 68.0 Virginia Hills
Virginia Run,Week5,Dominion Hills,Week1,268.5 Virginia Run - 133.5 Dominion Hills
Virginia Hills,Week1,Stratford,Week5,325.0 Stratford - 76.0 Virginia Hills
Virginia Hills,Week2,Hollin Meadows,Week3,358.0 Hollin Meadows - 43.0 Virginia Hills
Virginia Hills,Week3,Hunt Valley,Week3,376.0 Hunt Valley - 26.0 Virginia Hills
Virginia Hills,Week5,Springfield,Week5,301.0 Virginia Hills - 86.0 Springfield
Virginia Hills,Week5,Dominion Hills,Week3,336.0 Dominion Hills - 66.0 Virginia Hills
Virginia Run,Week4,Daventry,Week3,329.0 Virginia Run - 73.0 Daventry
Virginia Hills,Week4,Dominion Hills,Week4,361.0 Dominion Hills - 41.0 Virginia Hills
Virginia Hills,Week5,Springfield,Week1,276.0 Virginia Hills - 111.0 Springfield
Virginia Hills,Week2,Hunt Valley,Week2,374.5 Hunt Valley - 27.5 Virginia Hills
Virginia Hills,Week1,Hollin Meadows,Week1,349.0 Hollin Meadows - 53.0 Virginia Hills
Virginia Hills,Week1,Hunter Mill,Week5,362.0 Hunter Mill - 40.0 Virginia Hills
Virginia Run,Week2,Vienna Woods,Week3,309.0 Vienna Woods - 93.0 Virginia Run
Virginia Hills,Week4,Hollin Hills,Week5,218.0 Hollin Hills - 181.0 Virginia Hills
Virginia Hills,Week5,Hunt Valley,Week5,372.0 Hunt Valley - 30.0 Virginia Hills
Virginia Hills,Week4,Hunt Valley,Week3,380.0 Hunt Valley - 22.0 Virginia Hills
Virginia Run,Week5,Dominion Hills,Week2,255.0 Virginia Run - 147.0 Dominion Hills
Virginia Hills,Week2,Hunter Mill,Week1,367.0 Hunter Mill - 35.0 Virginia Hills
Virginia Hills,Week5,Dominion Hills,Week4,344.0 Dominion Hills - 58.0 Virginia Hills
Virginia Hills,Week4,Hunt Valley,Week1,374.0 Hunt Valley - 28.0 Virginia Hills
Virginia Hills,Week3,Springfield,Week1,266.0 Virginia Hills - 130.0 Springfield
Virginia Run,Week3,Vienna Woods,Week4,285.0 Vienna Woods - 117.0 Virginia Run
Virginia Hills,Week4,Hollin Meadows,Week4,355.5 Hollin Meadows - 46.5 Virginia Hills
Virginia Hills,Week4,Springfield,Week3,264.0 Virginia Hills - 120.0 Springfield
Virginia Hills,Week3,Hollin Meadows,Week2,356.0 Hollin Meadows - 46.0 Virginia Hills
Virginia Run,Week3,Vienna Woods,Week5,320.0 Vienna Woods - 82.0 Virginia Run
Virginia Hills,Week1,Donaldson Run,Week5,382.0 Donaldson Run - 20.0 Virginia Hills
Virginia Hills,Week2,Hollin Meadows,Week5,359.0 Hollin Meadows - 43.0 Virginia Hills
Virginia Hills,Week1,Donaldson Run,Week1,373.0 Donaldson Run - 29.0 Virginia Hills
Virginia Hills,Week3,Hollin Meadows,Week3,361.0 Hollin Meadows - 41.0 Virginia Hills
Virginia Run,Week4,Vienna Woods,Week2,295.0 Vienna Woods - 107.0 Virginia Run
Virginia Run,Week1,Donaldson Run,Week1,241.0 Donaldson Run - 161.0 Virginia Run
Virginia Hills,Week3,Hollin Meadows,Week4,354.0 Hollin Meadows - 48.0 Virginia Hills
Virginia Run,Week3,Dominion Hills,Week3,223.0 Virginia Run - 179.0 Dominion Hills
Virginia Hills,Week4,Hollin Meadows,Week2,349.0 Hollin Meadows - 53.0 Virginia Hills
Virginia Run,Week1,Vienna Woods,Week3,307.5 Vienna Woods - 94.5 Virginia Run
Virginia Run,Week3,Donaldson Run,Week4,278.0 Donaldson Run - 124.0 Virginia Run
Virginia Hills,Week3,Hunt Valley,Week1,364.0 Hunt Valley - 38.0 Virginia Hills
Virginia Run,Week3,Dominion Hills,Week5,214.5 Dominion Hills - 187.5 Virginia Run
Virginia Run,Week1,Donaldson Run,Week5,275.0 Donaldson Run - 127.0 Virginia Run
Virginia Hills,Week5,Hunt Valley,Week1,340.0 Hunt Valley - 62.0 Virginia Hills
Virginia Hills,Week5,Dominion Hills,Week1,322.0 Dominion Hills - 80.0 Virginia Hills
Virginia Hills,Week3,Springfield,Week3,274.0 Virginia Hills - 121.0 Springfield
Virginia Hills,Week2,Donaldson Run,Week1,379.0 Donaldson Run - 23.0 Virginia Hills
Virginia Hills,Week2,Springfield,Week3,249.0 Virginia Hills - 121.0 Springfield
Virginia Hills,Week3,Hollin Meadows,Week5,367.0 Hollin Meadows - 35.0 Virginia Hills
Virginia Hills,Week5,Hunt Valley,Week4,361.0 Hunt Valley - 41.0 Virginia Hills
Virginia Hills,Week4,Hollin Meadows,Week3,359.0 Hollin Meadows - 43.0 Virginia Hills
Virginia Hills,Week2,Hunt Valley,Week1,376.0 Hunt Valley - 26.0 Virginia Hills
Virginia Hills,Week3,Springfield,Week2,289.0 Virginia Hills - 106.0 Springfield
Virginia Hills,Week2,Springfield,Week1,238.0 Virginia Hills - 135.0 Springfield
Virginia Hills,Week2,Hunt Valley,Week3,382.0 Hunt Valley - 20.0 Virginia Hills
Virginia Hills,Week1,Donaldson Run,Week3,375.0 Donaldson Run - 27.0 Virginia Hills
Virginia Hills,Week2,Hunt Valley,Week4,371.0 Hunt Valley - 31.0 Virginia Hills
Virginia Hills,Week3,Hunt Valley,Week4,365.0 Hunt Valley - 37.0 Virginia Hills
Virginia Run,Week1,Villa Aquatic,Week2,239.0 Virginia Run - 163.0 Villa Aquatic
Virginia Run,Week5,Dominion Hills,Week3,266.0 Virginia Run - 136.0 Dominion Hills
Virginia Hills,Week2,Hollin Meadows,Week4,354.0 Hollin Meadows - 48.0 Virginia Hills
Virginia Hills,Week1,Donaldson Run,Week2,368.0 Donaldson Run - 34.0 Virginia Hills
Virginia Hills,Week3,Springfield,Week4,262.0 Virginia Hills - 134.0 Springfield
Virginia Run,Week1,Donaldson Run,Week3,252.0 Donaldson Run - 150.0 Virginia Run
Virginia Run,Week5,Vienna Woods,Week5,304.0 Vienna Woods - 98.0 Virginia Run
Virginia Hills,Week1,Donaldson Run,Week4,371.0 Donaldson Run - 31.0 Virginia Hills
Virginia Run,Week4,Dominion Hills,Week4,208.0 Virginia Run - 194.0 Dominion Hills
Virginia Run,Week2,Donaldson Run,Week3,277.0 Donaldson Run - 125.0 Virginia Run
Virginia Run,Week3,Vienna Woods,Week1,299.0 Vienna Woods - 103.0 Virginia Run
Virginia Hills,Week1,Springfield,Week2,272.0 Virginia Hills - 110.0 Springfield
Virginia Run,Week5,Vienna Aquatic,Week3,255.0 Vienna Aquatic - 147.0 Virginia Run
Virginia Hills,Week5,Dominion Hills,Week5,352.0 Dominion Hills - 50.0 Virginia Hills
Virginia Run,Week2,Donaldson Run,Week1,257.0 Donaldson Run - 145.0 Virginia Run
Virginia Hills,Week4,Hollin Meadows,Week1,360.0 Hollin Meadows - 42.0 Virginia Hills
Virginia Run,Week2,Dominion Hills,Week2,214.0 Virginia Run - 188.0 Dominion Hills
Virginia Run,Week1,Vienna Woods,Week1,290.0 Vienna Woods - 112.0 Virginia Run
Virginia Hills,Week5,Hunt Valley,Week3,360.0 Hunt Valley - 42.0 Virginia Hills
Virginia Hills,Week4,Hollin Meadows,Week5,370.0 Hollin Meadows - 32.0 Virginia Hills
Virginia Hills,Week5,Springfield,Week2,282.0 Virginia Hills - 99.0 Springfield
Virginia Hills,Week5,Hollin Meadows,Week1,338.0 Hollin Meadows - 64.0 Virginia Hills
Virginia Hills,Week1,Hunter Mill,Week1,354.5 Hunter Mill - 47.5 Virginia Hills
Virginia Hills,Week1,Hunter Mill,Week3,360.0 Hunter Mill - 41.0 Virginia Hills
Virginia Hills,Week4,Springfield,Week4,255.0 Virginia Hills - 136.0 Springfield
Virginia Run,Week2,Dominion Hills,Week3,232.0 Virginia Run - 170.0 Dominion Hills
Virginia Hills,Week1,Stratford,Week1,289.0 Stratford - 111.0 Virginia Hills
Virginia Run,Week5,Vienna Aquatic,Week4,248.0 Vienna Aquatic - 154.0 Virginia Run
Virginia Run,Week2,Donaldson Run,Week4,293.0 Donaldson Run - 109.0 Virginia Run
Virginia Run,Week5,Vienna Aquatic,Week5,278.0 Vienna Aquatic - 124.0 Virginia Run
Virginia Hills,Week1,Stratford,Week2,312.0 Stratford - 90.0 Virginia Hills
Virginia Hills,Week2,Hunt Valley,Week5,390.0 Hunt Valley - 12.0 Virginia Hills
Virginia Run,Week4,Vienna Woods,Week3,305.0 Vienna Woods - 97.0 Virginia Run
Virginia Run,Week3,Dominion Hills,Week2,222.0 Virginia Run - 180.0 Dominion Hills
Virginia Run,Week4,Vienna Woods,Week5,323.0 Vienna Woods - 79.0 Virginia Run
Virginia Hills,Week4,Hunter Mill,Week3,368.0 Hunter Mill - 34.0 Virginia Hills
Virginia Hills,Week2,Hunter Mill,Week3,368.0 Hunter Mill - 34.0 Virginia Hills
Virginia Run,Week4,Vienna Woods,Week4,268.0 Vienna Woods - 134.0 Virginia Run
Virginia Run,Week2,Dominion Hills,Week1,231.0 Virginia Run - 171.0 Dominion Hills
Virginia Hills,Week3,Stratford,Week3,323.0 Stratford - 79.0 Virginia Hills
Virginia Run,Week3,Dominion Hills,Week1,237.0 Virginia Run - 165.0 Dominion Hills
Virginia Hills,Week3,Ilda Community,Week2,289.0 Ilda Community - 113.0 Virginia Hills
Virginia Run,Week1,Vienna Woods,Week5,329.0 Vienna Woods - 73.0 Virginia Run
Virginia Hills,Week2,Stratford,Week5,321.5 Stratford - 79.5 Virginia Hills
Virginia Hills,Week3,Hunter Mill,Week5,368.0 Hunter Mill - 34.0 Virginia Hills
Virginia Hills,Week3,Stratford,Week1,297.0 Stratford - 104.0 Virginia Hills
Virginia Run,Week2,Donaldson Run,Week5,298.0 Donaldson Run - 104.0 Virginia Run
Virginia Hills,Week2,Ilda Community,Week3,283.0 Ilda Community - 117.0 Virginia Hills
Virginia Hills,Week2,Hunter Mill,Week2,356.0 Hunter Mill - 44.0 Virginia Hills
Virginia Run,Week4,Dominion Hills,Week1,254.0 Virginia Run - 148.0 Dominion Hills
Virginia Hills,Week2,Stratford,Week3,331.0 Stratford - 71.0 Virginia Hills
Virginia Run,Week2,Dominion Hills,Week5,224.0 Dominion Hills - 173.0 Virginia Run
Virginia Run,Week2,Dominion Hills,Week4,202.0 Dominion Hills - 200.0 Virginia Run
Virginia Run,Week2,Vienna Woods,Week5,317.5 Vienna Woods - 84.5 Virginia Run
Virginia Run,Week2,Vienna Woods,Week1,295.5 Vienna Woods - 106.5 Virginia Run
Virginia Hills,Week1,Stratford,Week4,329.0 Stratford - 73.0 Virginia Hills
Virginia Run,Week4,Vienna Woods,Week1,296.0 Vienna Woods - 106.0 Virginia Run
Virginia Run,Week2,Vienna Woods,Week4,274.5 Vienna Woods - 127.5 Virginia Run
Virginia Hills,Week4,Hunter Mill,Week4,373.0 Hunter Mill - 29.0 Virginia Hills
Virginia Hills,Week3,Hunter Mill,Week3,363.0 Hunter Mill - 39.0 Virginia Hills
Virginia Run,Week3,Vienna Woods,Week2,298.0 Vienna Woods - 104.0 Virginia Run
Virginia Hills,Week3,Stratford,Week2,318.0 Stratford - 84.0 Virginia Hills
Virginia Hills,Week2,Stratford,Week1,295.0 Stratford - 105.0 Virginia Hills
Virginia Run,Week4,Dominion Hills,Week5,206.0 Dominion Hills - 196.0 Virginia Run
Virginia Hills,Week4,Stratford,Week2,328.0 Stratford - 74.0 Virginia Hills
Virginia Run,Week4,Dominion Hills,Week3,251.0 Virginia Run - 151.0 Dominion Hills
Virginia Hills,Week5,Dunn Loring,Week4,375.0 Dunn Loring - 27.0 Virginia Hills
Virginia Hills,Week1,Ilda Community,Week1,276.0 Ilda Community - 125.0 Virginia Hills
Virginia Hills,Week3,Stratford,Week5,326.0 Stratford - 76.0 Virginia Hills
Virginia Run,Week5,Vienna Woods,Week3,289.0 Vienna Woods - 113.0 Virginia Run
Virginia Hills,Week5,Hunter Mill,Week1,352.0 Hunter Mill - 50.0 Virginia Hills
Virginia Hills,Week5,Hunter Mill,Week3,356.0 Hunter Mill - 46.0 Virginia Hills
Virginia Hills,Week4,Dunn Loring,Week1,365.0 Dunn Loring - 37.0 Virginia Hills
Virginia Hills,Week4,Stratford,Week5,339.0 Stratford - 62.0 Virginia Hills
Virginia Hills,Week4,Stratford,Week3,326.0 Stratford - 76.0 Virginia Hills
Virginia Hills,Week4,Hunter Mill,Week5,371.0 Hunter Mill - 31.0 Virginia Hills
Virginia Hills,Week3,Dunn Loring,Week5,386.0 Dunn Loring - 16.0 Virginia Hills
Virginia Hills,Week2,Dunn Loring,Week5,380.0 Dunn Loring - 22.0 Virginia Hills
Virginia Run,Week3,Villa Aquatic,Week2,234.0 Virginia Run - 168.0 Villa Aquatic
Virginia Run,Week3,Donaldson Run,Week3,266.0 Donaldson Run - 136.0 Virginia Run
Virginia Hills,Week1,Fair Oaks ,Week3,351.0 Fair Oaks - 51.0 Virginia Hills
Virginia Hills,Week3,Stratford,Week4,340.0 Stratford - 62.0 Virginia Hills
Virginia Run,Week1,Donaldson Run,Week2,259.0 Donaldson Run - 143.0 Virginia Run
Virginia Run,Week5,Dominion Hills,Week4,235.0 Virginia Run - 167.0 Dominion Hills
Virginia Hills,Week5,Dunn Loring,Week5,373.0 Dunn Loring - 28.0 Virginia Hills
Virginia Run,Week2,Vienna Woods,Week2,302.0 Vienna Woods - 100.0 Virginia Run
Virginia Hills,Week3,Hunter Mill,Week1,365.0 Hunter Mill - 37.0 Virginia Hills
Virginia Hills,Week4,Stratford,Week1,285.0 Stratford - 116.0 Virginia Hills
Virginia Hills,Week5,Stratford,Week2,288.0 Stratford - 114.0 Virginia Hills
Virginia Run,Week5,Vienna Woods,Week1,288.0 Vienna Woods - 114.0 Virginia Run
Virginia Hills,Week5,Ilda Community,Week4,282.0 Ilda Community - 119.0 Virginia Hills
Virginia Hills,Week5,Stratford,Week1,262.0 Stratford - 135.0 Virginia Hills
Virginia Hills,Week3,Ilda Community,Week1,273.0 Ilda Community - 128.0 Virginia Hills
Virginia Run,Week3,Donaldson Run,Week2,275.0 Donaldson Run - 127.0 Virginia Run
Virginia Run,Week3,Vienna Woods,Week3,312.0 Vienna Woods - 90.0 Virginia Run
Virginia Run,Week1,Villa Aquatic,Week1,241.0 Virginia Run - 161.0 Villa Aquatic
Virginia Run,Week5,Vienna Woods,Week4,252.0 Vienna Woods - 150.0 Virginia Run
Virginia Run,Week1,Vienna Woods,Week4,271.5 Vienna Woods - 130.5 Virginia Run
Virginia Hills,Week2,Fair Oaks ,Week2,343.0 Fair Oaks - 58.0 Virginia Hills
Virginia Run,Week5,Vienna Woods,Week2,274.0 Vienna Woods - 128.0 Virginia Run
Virginia Hills,Week2,Stratford,Week4,331.0 Stratford - 71.0 Virginia Hills
Virginia Run,Week2,Donaldson Run,Week2,280.0 Donaldson Run - 122.0 Virginia Run
Virginia Run,Week1,Donaldson Run,Week4,254.0 Donaldson Run - 148.0 Virginia Run
Virginia Hills,Week5,Stratford,Week3,300.0 Stratford - 102.0 Virginia Hills
Virginia Run,Week3,Donaldson Run,Week1,256.0 Donaldson Run - 146.0 Virginia Run
Virginia Hills,Week5,Hunter Mill,Week4,355.0 Hunter Mill - 47.0 Virginia Hills
Virginia Hills,Week1,Ilda Community,Week2,290.0 Ilda Community - 112.0 Virginia Hills
Virginia Hills,Week5,Stratford,Week4,297.0 Stratford - 105.0 Virginia Hills
Virginia Hills,Week3,Dunn Loring,Week2,381.0 Dunn Loring - 21.0 Virginia Hills
Virginia Run,Week1,Vienna Woods,Week2,284.0 Vienna Woods - 118.0 Virginia Run
Virginia Hills,Week5,Dunn Loring,Week2,374.0 Dunn Loring - 28.0 Virginia Hills
Virginia Hills,Week3,Dunn Loring,Week4,384.0 Dunn Loring - 18.0 Virginia Hills
Virginia Hills,Week2,Ilda Community,Week5,296.0 Ilda Community - 101.0 Virginia Hills
Virginia Run,Week4,Dominion Hills,Week2,241.0 Virginia Run - 161.0 Dominion Hills
Virginia Run,Week1,Village West,Week1,313.0 Virginia Run - 89.0 Village West
Virginia Run,Week1,Villa Aquatic,Week3,214.0 Virginia Run - 188.0 Villa Aquatic
Virginia Hills,Week2,Ilda Community,Week2,290.0 Ilda Community - 111.0 Virginia Hills
Virginia Hills,Week4,Dunn Loring,Week4,390.0 Dunn Loring - 12.0 Virginia Hills
Virginia Hills,Week5,Hunter Mill,Week5,355.0 Hunter Mill - 47.0 Virginia Hills
Virginia Run,Week2,Dowden Terrace,Week3,211.0 Virginia Run - 191.0 Dowden Terrace
Virginia Hills,Week1,Sully Station,Week2,353.0 Sully Station - 49.0 Virginia Hills
Virginia Run,Week4,Villa Aquatic,Week3,202.0 Villa Aquatic - 200.0 Virginia Run
Virginia Run,Week2,Dowden Terrace,Week1,206.5 Dowden Terrace - 195.5 Virginia Run
Virginia Hills,Week1,Sully Station,Week1,365.5 Sully Station - 35.5 Virginia Hills
Virginia Run,Week4,Donaldson Run,Week5,293.0 Donaldson Run - 109.0 Virginia Run
Virginia Hills,Week5,Stratford,Week5,293.0 Stratford - 108.0 Virginia Hills
Virginia Hills,Week4,Hunter Mill,Week2,357.0 Hunter Mill - 44.0 Virginia Hills
Virginia Hills,Week1,Sully Station,Week3,358.0 Sully Station - 43.0 Virginia Hills
Virginia Run,Week5,Donaldson Run,Week4,257.0 Donaldson Run - 145.0 Virginia Run
Virginia Hills,Week5,Dunn Loring,Week3,379.0 Dunn Loring - 23.0 Virginia Hills
Virginia Hills,Week5,Dunn Loring,Week1,349.0 Dunn Loring - 48.0 Virginia Hills
Virginia Hills,Week4,Hunter Mill,Week1,366.0 Hunter Mill - 36.0 Virginia Hills
Virginia Run,Week1,Village West,Week3,276.0 Virginia Run - 126.0 Village West
Virginia Run,Week4,Dowden Terrace,Week1,221.0 Virginia Run - 181.0 Dowden Terrace
Virginia Run,Week1,Village West,Week5,300.0 Virginia Run - 102.0 Village West
Virginia Hills,Week1,Ilda Community,Week4,300.0 Ilda Community - 101.0 Virginia Hills
Virginia Run,Week2,Dowden Terrace,Week5,243.0 Dowden Terrace - 159.0 Virginia Run
Virginia Run,Week1,Dowden Terrace,Week4,216.0 Virginia Run - 186.0 Dowden Terrace
Virginia Hills,Week2,Fair Oaks ,Week4,360.0 Fair Oaks - 41.0 Virginia Hills
Virginia Run,Week3,Villa Aquatic,Week1,240.0 Virginia Run - 162.0 Villa Aquatic
Virginia Hills,Week1,Ilda Community,Week5,294.0 Ilda Community - 106.0 Virginia Hills
Virginia Hills,Week3,Hunter Mill,Week4,364.0 Hunter Mill - 38.0 Virginia Hills
Virginia Run,Week4,Dowden Terrace,Week4,209.0 Virginia Run - 193.0 Dowden Terrace
Virginia Hills,Week5,Hunter Mill,Week2,332.0 Hunter Mill - 70.0 Virginia Hills
Virginia Hills,Week4,Dunn Loring,Week3,390.0 Dunn Loring - 12.0 Virginia Hills
Virginia Run,Week3,Dowden Terrace,Week1,215.0 Virginia Run - 187.0 Dowden Terrace
Virginia Run,Week4,Villa Aquatic,Week4,217.0 Virginia Run - 185.0 Villa Aquatic
Virginia Hills,Week1,Fair Oaks ,Week5,356.0 Fair Oaks - 46.0 Virginia Hills
Virginia Run,Week2,Village West,Week2,290.0 Virginia Run - 112.0 Village West
Virginia Hills,Week1,Fair Oaks ,Week2,332.0 Fair Oaks - 69.0 Virginia Hills
Virginia Hills,Week1,Ilda Community,Week3,268.0 Ilda Community - 133.0 Virginia Hills
Virginia Hills,Week4,Dunn Loring,Week5,387.0 Dunn Loring - 15.0 Virginia Hills
Virginia Run,Week1,Dowden Terrace,Week2,222.0 Virginia Run - 180.0 Dowden Terrace
Virginia Hills,Week2,Ilda Community,Week1,287.0 Ilda Community - 111.0 Virginia Hills
Virginia Hills,Week1,Sully Station,Week4,363.0 Sully Station - 39.0 Virginia Hills
Virginia Hills,Week2,Fair Oaks ,Week3,366.0 Fair Oaks - 36.0 Virginia Hills
Virginia Run,Week2,Village West,Week4,281.0 Virginia Run - 116.0 Village West
Virginia Hills,Week4,Dunn Loring,Week2,385.0 Dunn Loring - 17.0 Virginia Hills
Virginia Run,Week3,Dowden Terrace,Week5,240.0 Dowden Terrace - 162.0 Virginia Run
Virginia Run,Week3,Village West,Week1,292.0 Virginia Run - 110.0 Village West
Virginia Hills,Week2,Fair Oaks ,Week1,360.0 Fair Oaks - 42.0 Virginia Hills
Virginia Hills,Week3,Hunter Mill,Week2,349.0 Hunter Mill - 53.0 Virginia Hills
Virginia Run,Week1,Villa Aquatic,Week4,221.5 Virginia Run - 180.5 Villa Aquatic
Virginia Run,Week3,Villa Aquatic,Week5,204.0 Virginia Run - 198.0 Villa Aquatic
Virginia Hills,Week4,Ilda Community,Week2,294.0 Ilda Community - 108.0 Virginia Hills
Virginia Hills,Week3,Ilda Community,Week3,274.0 Ilda Community - 128.0 Virginia Hills
Virginia Hills,Week4,Kent Gardens,Week5,357.0 Kent Gardens - 45.0 Virginia Hills
Virginia Run,Week3,Donaldson Run,Week5,299.0 Donaldson Run - 103.0 Virginia Run
Virginia Run,Week2,Villa Aquatic,Week4,223.0 Virginia Run - 179.0 Villa Aquatic
Virginia Run,Week4,Donaldson Run,Week3,272.0 Donaldson Run - 130.0 Virginia Run
Virginia Run,Week2,Villa Aquatic,Week1,232.0 Virginia Run - 170.0 Villa Aquatic
Virginia Run,Week2,Villa Aquatic,Week3,207.0 Virginia Run - 195.0 Villa Aquatic
Virginia Run,Week4,Villa Aquatic,Week1,238.0 Virginia Run - 164.0 Villa Aquatic
Virginia Run,Week5,Donaldson Run,Week3,250.0 Donaldson Run - 152.0 Virginia Run
Virginia Hills,Week3,Dunn Loring,Week1,362.0 Dunn Loring - 40.0 Virginia Hills
Virginia Hills,Week3,Ilda Community,Week5,302.0 Ilda Community - 99.0 Virginia Hills
Virginia Run,Week4,Dowden Terrace,Week3,243.0 Virginia Run - 159.0 Dowden Terrace
Virginia Hills,Week1,Kent Gardens,Week3,330.0 Kent Gardens - 72.0 Virginia Hills
Virginia Hills,Week4,Ilda Community,Week4,303.0 Ilda Community - 98.0 Virginia Hills
Virginia Run,Week1,Dowden Terrace,Week5,216.0 Dowden Terrace - 186.0 Virginia Run
Virginia Run,Week3,Villa Aquatic,Week4,206.0 Virginia Run - 196.0 Villa Aquatic
Virginia Run,Week3,Dowden Terrace,Week4,212.0 Dowden Terrace - 190.0 Virginia Run
Virginia Hills,Week2,Fair Oaks ,Week5,371.0 Fair Oaks - 31.0 Virginia Hills
Virginia Run,Week4,Dowden Terrace,Week2,204.0 Virginia Run - 198.0 Dowden Terrace
Virginia Hills,Week5,Ilda Community,Week1,265.0 Ilda Community - 136.0 Virginia Hills
Virginia Run,Week1,Dowden Terrace,Week1,238.0 Virginia Run - 164.0 Dowden Terrace
Virginia Hills,Week5,Ilda Community,Week3,256.0 Ilda Community - 145.0 Virginia Hills
Virginia Run,Week1,Dowden Terrace,Week3,244.0 Virginia Run - 158.0 Dowden Terrace
Virginia Hills,Week3,Ilda Community,Week4,297.0 Ilda Community - 105.0 Virginia Hills
Virginia Run,Week3,Dowden Terrace,Week2,204.0 Dowden Terrace - 198.0 Virginia Run
Virginia Run,Week4,Donaldson Run,Week4,274.0 Donaldson Run - 128.0 Virginia Run
Virginia Run,Week2,Villa Aquatic,Week5,213.0 Virginia Run - 189.0 Villa Aquatic
Virginia Hills,Week2,Ilda Community,Week4,304.0 Ilda Community - 96.0 Virginia Hills
Virginia Hills,Week1,Fair Oaks ,Week1,346.0 Fair Oaks - 56.0 Virginia Hills
Virginia Run,Week4,Donaldson Run,Week2,273.0 Donaldson Run - 129.0 Virginia Run
Virginia Hills,Week4,Ilda Community,Week3,270.0 Ilda Community - 131.0 Virginia Hills
Virginia Run,Week5,Villa Aquatic,Week5,234.0 Virginia Run - 168.0 Villa Aquatic
Virginia Run,Week5,Villa Aquatic,Week4,241.0 Virginia Run - 161.0 Villa Aquatic
Virginia Hills,Week5,Ilda Community,Week2,268.0 Ilda Community - 134.0 Virginia Hills
Virginia Run,Week4,Donaldson Run,Week1,264.0 Donaldson Run - 138.0 Virginia Run
Virginia Run,Week1,Villa Aquatic,Week5,218.0 Virginia Run - 184.0 Villa Aquatic
Virginia Run,Week1,Village West,Week4,297.0 Virginia Run - 100.0 Village West
Virginia Hills,Week1,Fair Oaks ,Week4,350.0 Fair Oaks - 51.0 Virginia Hills
Virginia Run,Week2,Villa Aquatic,Week2,244.0 Virginia Run - 158.0 Villa Aquatic
Virginia Hills,Week4,Ilda Community,Week5,297.0 Ilda Community - 104.0 Virginia Hills
Virginia Hills,Week4,Ilda Community,Week1,285.0 Ilda Community - 117.0 Virginia Hills
Virginia Run,Week2,Dowden Terrace,Week4,228.0 Dowden Terrace - 174.0 Virginia Run
Virginia Run,Week5,Villa Aquatic,Week1,265.0 Virginia Run - 137.0 Villa Aquatic
Virginia Run,Week5,Villa Aquatic,Week3,219.0 Virginia Run - 183.0 Villa Aquatic
Virginia Run,Week5,Donaldson Run,Week1,233.0 Donaldson Run - 169.0 Virginia Run
Virginia Hills,Week3,Dunn Loring,Week3,380.5 Dunn Loring - 21.5 Virginia Hills
Virginia Hills,Week5,Kent Gardens,Week4,326.0 Kent Gardens - 76.0 Virginia Hills
Virginia Run,Week3,Dowden Terrace,Week3,229.0 Virginia Run - 173.0 Dowden Terrace
Virginia Run,Week4,Villa Aquatic,Week5,207.0 Virginia Run - 195.0 Villa Aquatic
Virginia Run,Week5,Villa Aquatic,Week2,262.0 Virginia Run - 140.0 Villa Aquatic
Virginia Hills,Week2,Kent Gardens,Week1,351.0 Kent Gardens - 51.0 Virginia Hills
Virginia Run,Week1,Village West,Week2,298.0 Virginia Run - 104.0 Village West
Virginia Run,Week3,Villa Aquatic,Week3,207.0 Villa Aquatic - 195.0 Virginia Run
Virginia Run,Week5,Donaldson Run,Week5,276.0 Donaldson Run - 126.0 Virginia Run
Virginia Run,Week4,Villa Aquatic,Week2,236.0 Virginia Run - 166.0 Villa Aquatic
Virginia Run,Week5,Donaldson Run,Week2,261.0 Donaldson Run - 141.0 Virginia Run
Virginia Hills,Week1,Kent Gardens,Week5,351.0 Kent Gardens - 51.0 Virginia Hills
Virginia Run,Week2,Dowden Terrace,Week2,202.0 Dowden Terrace - 195.0 Virginia Run
Virginia Hills,Week2,Kent Gardens,Week2,341.0 Kent Gardens - 61.0 Virginia Hills
Virginia Hills,Week5,Ilda Community,Week5,271.0 Ilda Community - 129.0 Virginia Hills
Virginia Hills,Week2,Kent Gardens,Week5,357.0 Kent Gardens - 45.0 Virginia Hills
Virginia Run,Week4,Dunn Loring,Week1,235.0 Dunn Loring - 167.0 Virginia Run
Virginia Run,Week1,Dunn Loring,Week1,221.0 Dunn Loring - 181.0 Virginia Run
Virginia Hills,Week2,Kent Gardens,Week4,342.0 Kent Gardens - 60.0 Virginia Hills
Virginia Run,Week2,Village West,Week1,285.0 Virginia Run - 117.0 Village West
Virginia Hills,Week1,Kent Gardens,Week4,338.0 Kent Gardens - 64.0 Virginia Hills
Virginia Run,Week5,Dunn Loring,Week3,279.0 Dunn Loring - 123.0 Virginia Run
Virginia Run,Week2,Village West,Week3,258.0 Virginia Run - 144.0 Village West
Virginia Run,Week4,Dunn Loring,Week5,287.0 Dunn Loring - 115.0 Virginia Run
Virginia Run,Week2,Village West,Week5,274.0 Virginia Run - 128.0 Village West
Virginia Run,Week3,Village West,Week2,287.0 Virginia Run - 115.0 Village West
Virginia Run,Week4,Village West,Week4,290.0 Virginia Run - 107.0 Village West
Virginia Run,Week3,Virginia Hills,Week1,359.0 Virginia Run - 43.0 Virginia Hills
Virginia Hills,Week3,Kent Gardens,Week1,354.0 Kent Gardens - 48.0 Virginia Hills
Virginia Hills,Week3,Kent Gardens,Week4,343.0 Kent Gardens - 59.0 Virginia Hills
Virginia Hills,Week3,Kent Gardens,Week5,361.0 Kent Gardens - 41.0 Virginia Hills
Virginia Hills,Week3,Kent Gardens,Week3,331.0 Kent Gardens - 71.0 Virginia Hills
Virginia Run,Week4,Village West,Week2,297.0 Virginia Run - 105.0 Village West
Virginia Run,Week2,Dunn Loring,Week2,282.0 Dunn Loring - 120.0 Virginia Run
Virginia Hills,Week1,Kent Gardens,Week2,331.0 Kent Gardens - 71.0 Virginia Hills
Virginia Run,Week5,Village West,Week4,298.0 Virginia Run - 99.0 Village West
Virginia Hills,Week4,Kent Gardens,Week1,355.0 Kent Gardens - 47.0 Virginia Hills
Virginia Run,Week5,Dowden Terrace,Week3,258.0 Virginia Run - 144.0 Dowden Terrace
Virginia Run,Week2,Virginia Hills,Week4,366.0 Virginia Run - 36.0 Virginia Hills
Virginia Run,Week4,Dunn Loring,Week4,272.0 Dunn Loring - 130.0 Virginia Run
Virginia Run,Week2,Dunn Loring,Week4,283.0 Dunn Loring - 119.0 Virginia Run
Virginia Run,Week3,Dunn Loring,Week2,283.0 Dunn Loring - 119.0 Virginia Run
Virginia Run,Week1,Dunn Loring,Week2,260.0 Dunn Loring - 142.0 Virginia Run
Virginia Run,Week2,Dunn Loring,Week3,284.0 Dunn Loring - 118.0 Virginia Run
Virginia Run,Week2,Dunn Loring,Week5,279.0 Dunn Loring - 123.0 Virginia Run
Virginia Run,Week3,Village West,Week4,284.0 Virginia Run - 113.0 Village West
Virginia Hills,Week4,Kent Gardens,Week2,334.0 Kent Gardens - 68.0 Virginia Hills
Virginia Run,Week5,Village West,Week1,315.0 Virginia Run - 87.0 Village West
Virginia Hills,Week1,Kent Gardens,Week1,344.0 Kent Gardens - 58.0 Virginia Hills
Virginia Hills,Week4,Kent Gardens,Week3,329.0 Kent Gardens - 73.0 Virginia Hills
Virginia Hills,Week2,Kent Gardens,Week3,342.0 Kent Gardens - 60.0 Virginia Hills
Virginia Run,Week1,Dunn Loring,Week5,268.0 Dunn Loring - 134.0 Virginia Run
Virginia Run,Week4,Virginia Hills,Week5,360.0 Virginia Run - 42.0 Virginia Hills
Virginia Hills,Week2,Kings Ridge ,Week5,309.0 Kings Ridge - 93.0 Virginia Hills
Virginia Run,Week4,Virginia Hills,Week3,375.5 Virginia Run - 26.5 Virginia Hills
Virginia Hills,Week2,Kings Ridge ,Week2,279.0 Kings Ridge - 121.0 Virginia Hills
Virginia Run,Week3,Dunn Loring,Week4,284.0 Dunn Loring - 118.0 Virginia Run
Virginia Hills,Week5,Kent Gardens,Week2,320.0 Kent Gardens - 82.0 Virginia Hills
Virginia Run,Week5,Dowden Terrace,Week5,209.0 Dowden Terrace - 193.0 Virginia Run
Virginia Hills,Week2,Oakton ,Week2,377.0 Oakton - 25.0 Virginia Hills
Virginia Hills,Week4,Forest Hollow,Week1,347.0 Forest Hollow - 55.0 Virginia Hills
Virginia Hills,Week5,Kent Gardens,Week1,339.0 Kent Gardens - 63.0 Virginia Hills
Virginia Run,Week2,Virginia Hills,Week3,358.0 Virginia Run - 44.0 Virginia Hills
Virginia Run,Week4,Dunn Loring,Week2,277.0 Dunn Loring - 125.0 Virginia Run
Virginia Hills,Week2,Old Keene Mill,Week1,311.0 Old Keene Mill - 89.0 Virginia Hills
Virginia Run,Week5,Dowden Terrace,Week1,236.0 Virginia Run - 166.0 Dowden Terrace
Virginia Run,Week4,Virginia Hills,Week1,371.5 Virginia Run - 30.5 Virginia Hills
Virginia Hills,Week1,Kings Ridge ,Week3,296.0 Kings Ridge - 103.0 Virginia Hills
Virginia Hills,Week3,Kings Ridge ,Week3,296.0 Kings Ridge - 105.0 Virginia Hills
Virginia Run,Week5,Dowden Terrace,Week4,212.0 Virginia Run - 190.0 Dowden Terrace
Virginia Run,Week1,Virginia Hills,Week3,371.0 Virginia Run - 31.0 Virginia Hills
Virginia Run,Week4,Village West,Week1,308.0 Virginia Run - 94.0 Village West
Virginia Run,Week4,Dowden Terrace,Week5,221.5 Dowden Terrace - 180.5 Virginia Run
Virginia Hills,Week2,Old Keene Mill,Week5,319.0 Old Keene Mill - 82.0 Virginia Hills
Virginia Hills,Week4,Kent Gardens,Week4,334.0 Kent Gardens - 68.0 Virginia Hills
Virginia Run,Week5,Village West,Week2,307.0 Virginia Run - 95.0 Village West
Virginia Run,Week5,Village West,Week5,308.0 Virginia Run - 94.0 Village West
Virginia Hills,Week3,Kent Gardens,Week2,338.0 Kent Gardens - 64.0 Virginia Hills
Virginia Run,Week3,Village West,Week5,285.0 Virginia Run - 117.0 Village West
Virginia Hills,Week5,Oakton ,Week4,366.0 Oakton - 36.0 Virginia Hills
Virginia Run,Week2,Virginia Hills,Week5,333.0 Virginia Run - 69.0 Virginia Hills
Virginia Run,Week3,Dunn Loring,Week1,238.0 Dunn Loring - 164.0 Virginia Run
Virginia Run,Week1,Virginia Hills,Week5,353.0 Virginia Run - 49.0 Virginia Hills
Virginia Hills,Week3,Kings Ridge ,Week1,295.0 Kings Ridge - 107.0 Virginia Hills
Virginia Hills,Week3,Oakton ,Week1,374.0 Oakton - 28.0 Virginia Hills
Virginia Hills,Week3,Oakton ,Week2,376.0 Oakton - 26.0 Virginia Hills
Virginia Run,Week4,Village West,Week5,292.5 Virginia Run - 109.5 Village West
Virginia Run,Week1,Dunn Loring,Week4,271.0 Dunn Loring - 131.0 Virginia Run
Virginia Hills,Week1,Kings Ridge ,Week5,311.0 Kings Ridge - 91.0 Virginia Hills
Virginia Run,Week1,Virginia Hills,Week2,373.0 Virginia Run - 29.0 Virginia Hills
Virginia Hills,Week4,Oakton ,Week4,374.0 Oakton - 28.0 Virginia Hills
Virginia Hills,Week1,Oakton ,Week5,372.0 Oakton - 30.0 Virginia Hills
Virginia Hills,Week1,Kings Ridge ,Week1,292.0 Kings Ridge - 110.0 Virginia Hills
Virginia Hills,Week4,Kings Ridge ,Week2,271.0 Kings Ridge - 130.0 Virginia Hills
Virginia Run,Week2,Dunn Loring,Week1,240.5 Dunn Loring - 161.5 Virginia Run
Virginia Run,Week5,Dowden Terrace,Week2,223.0 Virginia Run - 179.0 Dowden Terrace
Virginia Hills,Week5,Kent Gardens,Week3,312.0 Kent Gardens - 90.0 Virginia Hills
Virginia Run,Week1,Dunn Loring,Week3,275.0 Dunn Loring - 127.0 Virginia Run
Virginia Hills,Week1,Oakton ,Week3,371.0 Oakton - 31.0 Virginia Hills
Virginia Hills,Week1,Old Keene Mill,Week4,290.0 Old Keene Mill - 111.0 Virginia Hills
Virginia Run,Week4,Dunn Loring,Week3,284.0 Dunn Loring - 118.0 Virginia Run
Virginia Run,Week3,Dunn Loring,Week5,292.0 Dunn Loring - 110.0 Virginia Run
Virginia Run,Week1,Virginia Hills,Week4,383.0 Virginia Run - 19.0 Virginia Hills
Virginia Run,Week5,Virginia Hills,Week5,366.0 Virginia Run - 36.0 Virginia Hills
Virginia Run,Week2,Virginia Hills,Week2,357.0 Virginia Run - 40.0 Virginia Hills
Virginia Run,Week3,Village West,Week3,259.0 Virginia Run - 143.0 Village West
Virginia Run,Week1,Virginia Hills,Week1,365.0 Virginia Run - 37.0 Virginia Hills
Virginia Hills,Week1,Old Keene Mill,Week1,278.0 Old Keene Mill - 122.0 Virginia Hills
Virginia Hills,Week3,Kings Ridge ,Week5,306.0 Kings Ridge - 96.0 Virginia Hills
Virginia Run,Week3,Fair Oaks ,Week5,227.0 Fair Oaks - 175.0 Virginia Run
Virginia Hills,Week5,Oakton ,Week2,359.0 Oakton - 43.0 Virginia Hills
Virginia Run,Week1,Fair Oaks ,Week1,213.0 Virginia Run - 189.0 Fair Oaks
Virginia Hills,Week4,Kings Ridge ,Week3,301.0 Kings Ridge - 99.0 Virginia Hills
Virginia Hills,Week5,Kent Gardens,Week5,345.0 Kent Gardens - 57.0 Virginia Hills
Virginia Run,Week5,Village West,Week3,289.0 Virginia Run - 113.0 Village West
Virginia Hills,Week1,Kings Ridge ,Week2,278.0 Kings Ridge - 123.0 Virginia Hills
Virginia Hills,Week4,Oakton ,Week5,368.0 Oakton - 34.0 Virginia Hills
Virginia Hills,Week3,Oakton ,Week4,381.0 Oakton - 21.0 Virginia Hills
Virginia Run,Week5,Dunn Loring,Week2,258.5 Dunn Loring - 143.5 Virginia Run
Virginia Run,Week5,Dunn Loring,Week1,218.0 Dunn Loring - 184.0 Virginia Run
Virginia Hills,Week4,Kings Ridge ,Week4,298.0 Kings Ridge - 104.0 Virginia Hills
Virginia Run,Week4,Village West,Week3,274.0 Virginia Run - 128.0 Village West
Virginia Run,Week3,Dunn Loring,Week3,292.0 Dunn Loring - 110.0 Virginia Run
Virginia Hills,Week2,Oakton ,Week4,381.0 Oakton - 21.0 Virginia Hills
Virginia Run,Week4,Fair Oaks ,Week5,212.0 Fair Oaks - 190.0 Virginia Run
Virginia Hills,Week3,Kings Ridge ,Week2,273.0 Kings Ridge - 129.0 Virginia Hills
Virginia Run,Week1,Fairfax,Week5,281.5 Fairfax - 120.5 Virginia Run
Virginia Hills,Week2,Kings Ridge ,Week3,303.0 Kings Ridge - 93.0 Virginia Hills
Virginia Hills,Week1,Oakton ,Week4,373.0 Oakton - 29.0 Virginia Hills
Virginia Run,Week5,Fair Oaks ,Week3,210.0 Virginia Run - 192.0 Fair Oaks
Virginia Run,Week1,Fairfax,Week2,247.0 Fairfax - 155.0 Virginia Run
Virginia Hills,Week1,Old Keene Mill,Week2,284.0 Old Keene Mill - 118.0 Virginia Hills
Virginia Hills,Week2,Oakton ,Week1,371.0 Oakton - 31.0 Virginia Hills
Virginia Run,Week4,Virginia Hills,Week4,379.0 Virginia Run - 23.0 Virginia Hills
Virginia Hills,Week4,Kings Ridge ,Week1,286.0 Kings Ridge - 116.0 Virginia Hills
Virginia Hills,Week3,Kings Ridge ,Week4,307.0 Kings Ridge - 95.0 Virginia Hills
Virginia Run,Week3,Fair Oaks ,Week4,210.0 Virginia Run - 192.0 Fair Oaks
Virginia Run,Week3,Virginia Hills,Week5,347.0 Virginia Run - 55.0 Virginia Hills
Virginia Run,Week3,Virginia Hills,Week2,364.0 Virginia Run - 38.0 Virginia Hills
Virginia Run,Week3,Fair Oaks ,Week2,235.5 Virginia Run - 166.5 Fair Oaks
Virginia Run,Week5,Dunn Loring,Week4,263.0 Dunn Loring - 139.0 Virginia Run
Virginia Run,Week3,Virginia Hills,Week4,376.0 Virginia Run - 26.0 Virginia Hills
Virginia Hills,Week5,Oakton ,Week5,363.0 Oakton - 39.0 Virginia Hills
Virginia Hills,Week4,Kings Ridge ,Week5,303.0 Kings Ridge - 99.0 Virginia Hills
Virginia Run,Week3,Virginia Hills,Week3,372.0 Virginia Run - 30.0 Virginia Hills
Virginia Run,Week2,Virginia Hills,Week1,350.0 Virginia Run - 52.0 Virginia Hills
Virginia Run,Week4,Virginia Hills,Week2,373.0 Virginia Run - 29.0 Virginia Hills
Virginia Run,Week1,Fair Oaks ,Week2,236.0 Virginia Run - 166.0 Fair Oaks
Virginia Hills,Week2,Oakton ,Week3,371.0 Oakton - 31.0 Virginia Hills
Virginia Hills,Week2,Kings Ridge ,Week4,306.0 Kings Ridge - 96.0 Virginia Hills
Virginia Hills,Week2,Kings Ridge ,Week1,307.0 Kings Ridge - 95.0 Virginia Hills
Virginia Hills,Week2,Oakton ,Week5,381.0 Oakton - 21.0 Virginia Hills
Virginia Hills,Week3,Oakton ,Week5,379.0 Oakton - 23.0 Virginia Hills
Virginia Hills,Week4,Oakton ,Week2,368.0 Oakton - 34.0 Virginia Hills
Virginia Run,Week1,Fair Oaks ,Week4,223.0 Virginia Run - 179.0 Fair Oaks
Virginia Run,Week5,Virginia Hills,Week1,384.0 Virginia Run - 18.0 Virginia Hills
Virginia Hills,Week5,Kings Ridge ,Week2,258.0 Kings Ridge - 143.0 Virginia Hills
Virginia Run,Week5,Virginia Hills,Week3,381.0 Virginia Run - 21.0 Virginia Hills
Virginia Hills,Week2,Old Keene Mill,Week2,308.0 Old Keene Mill - 93.0 Virginia Hills
Virginia Hills,Week5,Oakton ,Week3,353.0 Oakton - 49.0 Virginia Hills
Virginia Run,Week4,Fair Oaks ,Week4,215.0 Virginia Run - 187.0 Fair Oaks
Virginia Run,Week5,Virginia Hills,Week4,386.0 Virginia Run - 16.0 Virginia Hills
Virginia Run,Week2,Fair Oaks ,Week5,224.0 Fair Oaks - 178.0 Virginia Run
Virginia Hills,Week5,Kings Ridge ,Week1,268.0 Kings Ridge - 129.0 Virginia Hills
Virginia Run,Week2,Fair Oaks ,Week1,209.0 Fair Oaks - 193.0 Virginia Run
Virginia Run,Week3,Virginia Run,Week3,201.0 Virginia Run (VR1) - 201.0 Virginia Run (VR2)
Virginia Run,Week4,Fair Oaks ,Week1,203.0 Virginia Run - 199.0 Fair Oaks
Virginia Hills,Week4,Oakton ,Week3,366.0 Oakton - 36.0 Virginia Hills
Virginia Run,Week5,Dunn Loring,Week5,275.0 Dunn Loring - 127.0 Virginia Run
Virginia Run,Week1,Virginia Run,Week1,201.0 Virginia Run (VR1) - 201.0 Virginia Run (VR2)
Virginia Run,Week2,Virginia Run,Week4,205.0 Virginia Run (VR2) - 197.0 Virginia Run (VR1)
Virginia Run,Week2,Fairfax,Week3,258.0 Fairfax - 144.0 Virginia Run
Virginia Hills,Week4,Oakton ,Week1,371.0 Oakton - 31.0 Virginia Hills
Virginia Run,Week1,Virginia Run,Week3,229.0 Virginia Run (VR1) - 173.0 Virginia Run (VR2)
Virginia Run,Week3,Virginia Run,Week2,210.0 Virginia Run (VR2) - 192.0 Virginia Run (VR1)
Virginia Run,Week4,Fair Oaks ,Week3,204.0 Fair Oaks - 198.0 Virginia Run
Virginia Hills,Week1,Kings Ridge ,Week4,313.0 Kings Ridge - 89.0 Virginia Hills
Virginia Hills,Week1,Old Keene Mill,Week3,295.0 Old Keene Mill - 107.0 Virginia Hills
Virginia Run,Week3,Virginia Run,Week4,224.0 Virginia Run (VR2) - 178.0 Virginia Run (VR1)
Virginia Hills,Week5,Oakton ,Week1,361.0 Oakton - 41.0 Virginia Hills
Virginia Hills,Week2,Old Keene Mill,Week3,306.0 Old Keene Mill - 96.0 Virginia Hills
Virginia Hills,Week3,Oakton ,Week3,361.0 Oakton - 41.0 Virginia Hills
Virginia Hills,Week1,Old Keene Mill,Week5,300.0 Old Keene Mill - 102.0 Virginia Hills
Virginia Run,Week5,Fair Oaks ,Week1,208.5 Virginia Run - 193.5 Fair Oaks
Virginia Hills,Week1,Orange Hunt,Week1,330.0 Orange Hunt - 72.0 Virginia Hills
Virginia Hills,Week2,Orange Hunt,Week3,336.0 Orange Hunt - 66.0 Virginia Hills
Virginia Run,Week1,Fairfax,Week1,240.0 Fairfax - 162.0 Virginia Run
Virginia Run,Week1,Virginia Run,Week5,224.0 Virginia Run (VR2) - 178.0 Virginia Run (VR1)
Virginia Run,Week4,Virginia Run,Week2,205.0 Virginia Run (VR1) - 197.0 Virginia Run (VR2)
Virginia Hills,Week3,Old Keene Mill,Week3,296.0 Old Keene Mill - 106.0 Virginia Hills
Virginia Hills,Week5,Old Keene Mill,Week5,281.0 Old Keene Mill - 115.0 Virginia Hills
Virginia Run,Week4,Virginia Run,Week1,202.0 Virginia Run (VR2) - 200.0 Virginia Run (VR1)
Virginia Run,Week3,Fair Oaks ,Week3,210.0 Fair Oaks - 192.0 Virginia Run
Virginia Run,Week3,Virginia Run,Week5,260.5 Virginia Run (VR2) - 141.5 Virginia Run (VR1)
Virginia Run,Week5,Virginia Hills,Week2,383.0 Virginia Run - 19.0 Virginia Hills
Virginia Run,Week2,Fair Oaks ,Week3,218.0 Fair Oaks - 184.0 Virginia Run
Virginia Run,Week4,Fair Oaks ,Week2,247.0 Virginia Run - 155.0 Fair Oaks
Virginia Run,Week1,Fair Oaks ,Week5,219.0 Fair Oaks - 183.0 Virginia Run
Virginia Run,Week1,Virginia Run,Week4,202.0 Virginia Run (VR1) - 200.0 Virginia Run (VR2)
Virginia Hills,Week4,Old Keene Mill,Week5,319.0 Old Keene Mill - 83.0 Virginia Hills
Virginia Run,Week2,Fair Oaks ,Week2,231.0 Virginia Run - 171.0 Fair Oaks
Virginia Run,Week4,Virginia Run,Week3,224.0 Virginia Run (VR1) - 178.0 Virginia Run (VR2)
Virginia Run,Week1,Fair Oaks ,Week3,201.0 Fair Oaks - 201.0 Virginia Run
Virginia Run,Week5,Fair Oaks ,Week4,232.0 Virginia Run - 170.0 Fair Oaks
Virginia Run,Week5,Virginia Run,Week3,260.5 Virginia Run (VR1) - 141.5 Virginia Run (VR2)
Virginia Run,Week5,Fair Oaks ,Week5,201.0 Fair Oaks - 201.0 Virginia Run
Virginia Run,Week5,Virginia Run,Week2,253.0 Virginia Run (VR1) - 149.0 Virginia Run (VR2)
Virginia Run,Week3,Fair Oaks ,Week1,217.0 Fair Oaks - 185.0 Virginia Run
Virginia Run,Week4,Virginia Run,Week4,201.0 Virginia Run (VR1) - 201.0 Virginia Run (VR2)
Virginia Run,Week1,Fairfax,Week3,254.0 Fairfax - 148.0 Virginia Run
Virginia Hills,Week5,Old Keene Mill,Week2,257.0 Old Keene Mill - 145.0 Virginia Hills
Virginia Run,Week5,Fair Oaks ,Week2,252.0 Virginia Run - 150.0 Fair Oaks
Virginia Run,Week5,Virginia Run,Week1,224.0 Virginia Run (VR1) - 178.0 Virginia Run (VR2)
Virginia Run,Week2,Virginia Run,Week1,229.5 Virginia Run (VR2) - 172.5 Virginia Run (VR1)
Virginia Run,Week5,Virginia Run,Week5,201.0 Virginia Run (VR1) - 201.0 Virginia Run (VR2)
Virginia Run,Week4,Virginia Run,Week5,239.0 Virginia Run (VR2) - 163.0 Virginia Run (VR1)
Virginia Hills,Week1,Orange Hunt,Week3,328.0 Orange Hunt - 74.0 Virginia Hills
Virginia Run,Week2,Fair Oaks ,Week4,201.0 Fair Oaks - 201.0 Virginia Run
Virginia Hills,Week3,Orange Hunt,Week1,324.0 Orange Hunt - 78.0 Virginia Hills
Virginia Hills,Week3,Old Keene Mill,Week2,309.0 Old Keene Mill - 93.0 Virginia Hills
Virginia Hills,Week2,Orange Hunt,Week5,342.0 Orange Hunt - 59.0 Virginia Hills
Virginia Hills,Week2,Orange Hunt,Week1,335.0 Orange Hunt - 67.0 Virginia Hills
Virginia Hills,Week2,Old Keene Mill,Week4,307.0 Old Keene Mill - 94.0 Virginia Hills
Virginia Run,Week1,Wakefield Chapel,Week3,295.0 Wakefield Chapel - 107.0 Virginia Run
Virginia Run,Week2,Virginia Run,Week3,210.0 Virginia Run (VR1) - 192.0 Virginia Run (VR2)
Virginia Hills,Week3,Old Keene Mill,Week4,293.0 Old Keene Mill - 109.0 Virginia Hills
Virginia Hills,Week2,Orange Hunt,Week2,319.0 Orange Hunt - 83.0 Virginia Hills
Virginia Hills,Week3,Orange Hunt,Week2,312.0 Orange Hunt - 90.0 Virginia Hills
Virginia Hills,Week5,Old Keene Mill,Week3,273.0 Old Keene Mill - 128.0 Virginia Hills
Virginia Run,Week2,Wakefield Chapel,Week4,273.0 Wakefield Chapel - 129.0 Virginia Run
Virginia Hills,Week3,Old Keene Mill,Week1,285.0 Old Keene Mill - 117.0 Virginia Hills
Virginia Run,Week1,Wakefield Chapel,Week4,266.5 Wakefield Chapel - 135.5 Virginia Run
Virginia Run,Week3,Fairfax,Week5,281.0 Fairfax - 121.0 Virginia Run
Virginia Hills,Week4,Old Keene Mill,Week3,309.0 Old Keene Mill - 93.0 Virginia Hills
Virginia Run,Week2,Fairfax,Week2,269.0 Fairfax - 133.0 Virginia Run
Virginia Run,Week5,Virginia Run,Week4,239.0 Virginia Run (VR1) - 163.0 Virginia Run (VR2)
Virginia Hills,Week3,Orange Hunt,Week3,328.0 Orange Hunt - 74.0 Virginia Hills
Virginia Hills,Week1,Orange Hunt,Week5,337.0 Orange Hunt - 65.0 Virginia Hills
Virginia Run,Week3,Fairfax,Week3,280.0 Fairfax - 122.0 Virginia Run
Virginia Run,Week4,Fairfax,Week3,257.0 Fairfax - 145.0 Virginia Run
Virginia Run,Week3,Virginia Run,Week1,229.0 Virginia Run (VR2) - 173.0 Virginia Run (VR1)
Virginia Hills,Week1,Orange Hunt,Week2,317.0 Orange Hunt - 85.0 Virginia Hills
Virginia Run,Week4,Fairfax,Week5,269.0 Fairfax - 133.0 Virginia Run
Virginia Run,Week2,Fairfax Club Estates,Week4,244.0 Virginia Run - 158.0 Fairfax Club Estates
Virginia Run,Week1,Virginia Run,Week2,229.5 Virginia Run (VR1) - 172.5 Virginia Run (VR2)
Virginia Run,Week2,Virginia Run,Week5,253.0 Virginia Run (VR2) - 149.0 Virginia Run (VR1)
Virginia Run,Week5,Fairfax,Week2,243.0 Fairfax - 159.0 Virginia Run
Virginia Run,Week2,Virginia Run,Week2,196.0 Virginia Run (VR1) - 196.0 Virginia Run (VR2)
Virginia Run,Week2,Fairfax,Week1,268.0 Fairfax - 134.0 Virginia Run
Virginia Run,Week5,Wakefield Chapel,Week1,286.5 Wakefield Chapel - 115.5 Virginia Run
Virginia Hills,Week4,Old Keene Mill,Week2,300.0 Old Keene Mill - 102.0 Virginia Hills
Virginia Run,Week3,Fairfax,Week1,256.0 Fairfax - 146.0 Virginia Run
Virginia Run,Week1,Fairfax,Week4,237.0 Fairfax - 165.0 Virginia Run
Virginia Hills,Week4,Orange Hunt,Week1,333.0 Orange Hunt - 69.0 Virginia Hills
Virginia Run,Week5,Fairfax,Week5,261.0 Fairfax - 141.0 Virginia Run
Virginia Hills,Week4,Old Keene Mill,Week4,303.0 Old Keene Mill - 98.0 Virginia Hills
Virginia Run,Week3,Wakefield Chapel,Week3,286.0 Wakefield Chapel - 116.0 Virginia Run
Virginia Run,Week2,Fairfax,Week4,262.0 Fairfax - 140.0 Virginia Run
Virginia Run,Week2,Walden Glen,Week4,252.0 Virginia Run - 150.0 Walden Glen
Virginia Run,Week2,Fairfax Club Estates,Week1,252.0 Virginia Run - 150.0 Fairfax Club Estates
Virginia Run,Week2,Walden Glen,Week2,258.0 Virginia Run - 144.0 Walden Glen
Virginia Hills,Week4,Cardinal Hill,Week2,358.0 Cardinal Hill - 44.0 Virginia Hills
Virginia Hills,Week5,Mantua,Week1,336.0 Mantua - 65.0 Virginia Hills
Virginia Run,Week2,Wakefield Chapel,Week5,304.0 Wakefield Chapel - 98.0 Virginia Run
Virginia Run,Week5,Fairfax,Week1,226.0 Fairfax - 176.0 Virginia Run
Virginia Run,Week2,Wakefield Chapel,Week3,297.5 Wakefield Chapel - 104.5 Virginia Run
Virginia Hills,Week5,Old Keene Mill,Week4,259.0 Old Keene Mill - 141.0 Virginia Hills
Virginia Hills,Week3,Old Keene Mill,Week5,312.0 Old Keene Mill - 90.0 Virginia Hills
Virginia Run,Week3,Walden Glen,Week1,287.0 Virginia Run - 115.0 Walden Glen
Virginia Hills,Week4,Old Keene Mill,Week1,289.0 Old Keene Mill - 111.0 Virginia Hills
Virginia Run,Week1,Wakefield Chapel,Week5,299.0 Wakefield Chapel - 103.0 Virginia Run
Virginia Run,Week1,Fairfax Club Estates,Week5,279.0 Virginia Run - 123.0 Fairfax Club Estates
Virginia Hills,Week3,Fox Mill Estates,Week3,323.0 Fox Mill Estates - 79.0 Virginia Hills
Virginia Run,Week2,Fairfax Club Estates,Week3,268.0 Virginia Run - 134.0 Fairfax Club Estates
Virginia Hills,Week1,Orange Hunt,Week4,324.0 Orange Hunt - 78.0 Virginia Hills
Virginia Run,Week3,Wakefield Chapel,Week4,279.0 Wakefield Chapel - 123.0 Virginia Run
Virginia Run,Week4,Wakefield Chapel,Week3,294.0 Wakefield Chapel - 108.0 Virginia Run
Virginia Run,Week1,Fairfax Club Estates,Week3,290.0 Virginia Run - 112.0 Fairfax Club Estates
Virginia Run,Week2,Wakefield Chapel,Week2,290.0 Wakefield Chapel - 112.0 Virginia Run
Virginia Hills,Week4,Fox Hunt,Week4,340.0 Fox Hunt - 62.0 Virginia Hills
Virginia Hills,Week5,Fox Mill Estates,Week3,297.0 Fox Mill Estates - 104.0 Virginia Hills
Virginia Hills,Week3,Orange Hunt,Week4,320.0 Orange Hunt - 82.0 Virginia Hills
Virginia Run,Week1,Fairfax Club Estates,Week2,296.0 Virginia Run - 106.0 Fairfax Club Estates
Virginia Hills,Week4,Fox Mill Estates,Week2,319.0 Fox Mill Estates - 83.0 Virginia Hills
Virginia Hills,Week3,Mantua,Week1,347.0 Mantua - 55.0 Virginia Hills
Virginia Hills,Week4,Cardinal Hill,Week4,365.0 Cardinal Hill - 37.0 Virginia Hills
Virginia Run,Week4,Fairfax,Week1,243.0 Fairfax - 159.0 Virginia Run
Virginia Run,Week5,Fairfax,Week4,215.0 Fairfax - 187.0 Virginia Run
Virginia Hills,Week3,Cardinal Hill,Week5,366.0 Cardinal Hill - 36.0 Virginia Hills
Virginia Hills,Week3,Orange Hunt,Week5,336.0 Orange Hunt - 66.0 Virginia Hills
Virginia Run,Week1,Walden Glen,Week5,243.5 Virginia Run - 158.5 Walden Glen
Virginia Hills,Week5,Canterbury Woods,Week4,295.0 Canterbury Woods - 107.0 Virginia Hills
Virginia Hills,Week4,Fox Mill Estates,Week4,341.0 Fox Mill Estates - 60.0 Virginia Hills
Virginia Run,Week1,Fairfax Club Estates,Week4,268.0 Virginia Run - 134.0 Fairfax Club Estates
Virginia Hills,Week2,Orange Hunt,Week4,330.0 Orange Hunt - 72.0 Virginia Hills
Virginia Run,Week3,Fairfax,Week4,255.0 Fairfax - 147.0 Virginia Run
Virginia Run,Week3,Wakefield Chapel,Week1,301.0 Wakefield Chapel - 101.0 Virginia Run
Virginia Run,Week2,Fairfax,Week5,294.0 Fairfax - 108.0 Virginia Run
Virginia Hills,Week1,Mantua,Week5,372.0 Mantua - 30.0 Virginia Hills
Virginia Hills,Week3,Fox Mill Estates,Week4,341.0 Fox Mill Estates - 61.0 Virginia Hills
Virginia Hills,Week4,Fox Mill Estates,Week1,307.0 Fox Mill Estates - 95.0 Virginia Hills
Virginia Hills,Week5,Old Keene Mill,Week1,255.0 Old Keene Mill - 142.0 Virginia Hills
Virginia Run,Week3,Wakefield Chapel,Week2,295.0 Wakefield Chapel - 107.0 Virginia Run
Virginia Run,Week5,Fairfax,Week3,236.5 Fairfax - 165.5 Virginia Run
Virginia Hills,Week3,Mantua,Week5,367.0 Mantua - 35.0 Virginia Hills
Virginia Run,Week5,Wakefield Chapel,Week2,283.0 Wakefield Chapel - 119.0 Virginia Run
Virginia Hills,Week2,Cardinal Hill,Week1,372.0 Cardinal Hill - 30.0 Virginia Hills
Virginia Hills,Week5,Fox Hunt,Week2,312.0 Fox Hunt - 90.0 Virginia Hills
Virginia Hills,Week3,Mantua,Week4,369.0 Mantua - 33.0 Virginia Hills
Virginia Run,Week4,Lee Graham,Week5,277.0 Lee Graham - 125.0 Virginia Run
Virginia Run,Week3,Fairfax,Week2,275.0 Fairfax - 127.0 Virginia Run
Virginia Run,Week3,Wakefield Chapel,Week5,309.0 Wakefield Chapel - 93.0 Virginia Run
Virginia Hills,Week1,Cardinal Hill,Week1,365.0 Cardinal Hill - 37.0 Virginia Hills
Virginia Run,Week1,Lincolnia Park,Week2,339.0 Virginia Run - 54.0 Lincolnia Park
Virginia Hills,Week5,Fox Hunt,Week1,311.0 Fox Hunt - 91.0 Virginia Hills
Virginia Run,Week3,Lincolnia Park,Week3,298.0 Virginia Run - 95.0 Lincolnia Park
Virginia Hills,Week4,Cardinal Hill,Week5,359.0 Cardinal Hill - 42.0 Virginia Hills
Virginia Hills,Week5,Fox Hunt,Week4,306.0 Fox Hunt - 95.0 Virginia Hills
Virginia Run,Week4,Wakefield Chapel,Week5,293.5 Wakefield Chapel - 108.5 Virginia Run
Virginia Run,Week2,Fairfax Station,Week1,248.0 Fairfax Station - 154.0 Virginia Run
Virginia Run,Week3,Lee Graham,Week5,284.0 Lee Graham - 118.0 Virginia Run
Virginia Hills,Week2,Mantua,Week2,360.0 Mantua - 42.0 Virginia Hills
Virginia Hills,Week1,Mantua,Week2,356.0 Mantua - 46.0 Virginia Hills
Virginia Hills,Week2,Mantua,Week4,375.0 Mantua - 27.0 Virginia Hills
Virginia Hills,Week4,Fox Hunt,Week5,358.5 Fox Hunt - 43.5 Virginia Hills
Virginia Hills,Week2,Cardinal Hill,Week5,363.0 Cardinal Hill - 38.0 Virginia Hills
Virginia Hills,Week4,Mantua,Week4,379.0 Mantua - 23.0 Virginia Hills
Virginia Hills,Week1,Mantua,Week3,375.0 Mantua - 27.0 Virginia Hills
Virginia Run,Week4,Lee Graham,Week1,266.0 Lee Graham - 136.0 Virginia Run
Virginia Run,Week5,Wakefield Chapel,Week3,275.0 Wakefield Chapel - 127.0 Virginia Run
Virginia Hills,Week2,Fox Mill Estates,Week3,314.0 Fox Mill Estates - 87.0 Virginia Hills
Virginia Run,Week3,Lee Graham,Week4,271.0 Lee Graham - 131.0 Virginia Run
Virginia Hills,Week1,Mantua,Week4,367.0 Mantua - 35.0 Virginia Hills
Virginia Run,Week5,Wakefield Chapel,Week5,280.0 Wakefield Chapel - 122.0 Virginia Run
Virginia Run,Week4,Fairfax,Week4,229.0 Fairfax - 173.0 Virginia Run
Virginia Hills,Week3,Cardinal Hill,Week4,368.0 Cardinal Hill - 34.0 Virginia Hills
Virginia Hills,Week1,Cardinal Hill,Week2,353.0 Cardinal Hill - 49.0 Virginia Hills
Virginia Run,Week4,Lincolnia Park,Week5,318.0 Virginia Run - 75.0 Lincolnia Park
Virginia Run,Week5,Fairfax Club Estates,Week1,282.0 Virginia Run - 120.0 Fairfax Club Estates
Virginia Run,Week4,Fairfax,Week2,258.0 Fairfax - 144.0 Virginia Run
Virginia Run,Week2,Fairfax Club Estates,Week2,276.5 Virginia Run - 125.5 Fairfax Club Estates
Virginia Run,Week5,Lee Graham,Week3,266.0 Lee Graham - 136.0 Virginia Run
Virginia Hills,Week2,Cardinal Hill,Week2,362.0 Cardinal Hill - 40.0 Virginia Hills
Virginia Run,Week3,Lincolnia Park,Week1,334.0 Virginia Run - 68.0 Lincolnia Park
Virginia Hills,Week4,Mantua,Week2,356.0 Mantua - 46.0 Virginia Hills
Virginia Hills,Week1,Fox Mill Estates,Week2,297.0 Fox Mill Estates - 105.0 Virginia Hills
Virginia Hills,Week2,Fox Mill Estates,Week2,308.5 Fox Mill Estates - 92.5 Virginia Hills
Virginia Run,Week1,Fairfax Club Estates,Week1,284.0 Virginia Run - 118.0 Fairfax Club Estates
Virginia Run,Week4,Wakefield Chapel,Week4,279.0 Wakefield Chapel - 123.0 Virginia Run
Virginia Run,Week4,Wakefield Chapel,Week2,285.0 Wakefield Chapel - 117.0 Virginia Run
Virginia Hills,Week1,Cardinal Hill,Week5,353.0 Cardinal Hill - 48.0 Virginia Hills
Virginia Hills,Week3,Fox Mill Estates,Week2,319.0 Fox Mill Estates - 83.0 Virginia Hills
Virginia Run,Week1,Wakefield Chapel,Week1,290.0 Wakefield Chapel - 112.0 Virginia Run
Virginia Hills,Week5,Canterbury Woods,Week3,294.0 Canterbury Woods - 103.0 Virginia Hills
Virginia Run,Week4,Lee Graham,Week2,273.0 Lee Graham - 129.0 Virginia Run
Virginia Hills,Week3,Mantua,Week2,353.0 Mantua - 49.0 Virginia Hills
Virginia Run,Week5,Fairfax Club Estates,Week4,291.0 Virginia Run - 111.0 Fairfax Club Estates
Virginia Run,Week4,Wakefield Chapel,Week1,296.0 Wakefield Chapel - 106.0 Virginia Run
Virginia Run,Week3,Fairfax Club Estates,Week5,254.0 Virginia Run - 148.0 Fairfax Club Estates
Virginia Run,Week5,Lee Graham,Week1,253.0 Lee Graham - 149.0 Virginia Run
Virginia Hills,Week4,Mantua,Week3,377.0 Mantua - 25.0 Virginia Hills
Virginia Run,Week2,Wakefield Chapel,Week1,303.0 Wakefield Chapel - 99.0 Virginia Run
Virginia Hills,Week1,Fox Mill Estates,Week1,284.0 Fox Mill Estates - 118.0 Virginia Hills
Virginia Hills,Week3,Cardinal Hill,Week2,360.0 Cardinal Hill - 42.0 Virginia Hills
Virginia Hills,Week3,Mantua,Week3,375.0 Mantua - 27.0 Virginia Hills
Virginia Run,Week1,Fairfax Station,Week2,250.0 Fairfax Station - 152.0 Virginia Run
Virginia Run,Week1,Walden Glen,Week3,291.0 Virginia Run - 111.0 Walden Glen
Virginia Hills,Week3,Cardinal Hill,Week3,375.0 Cardinal Hill - 27.0 Virginia Hills
Virginia Run,Week4,Lee Graham,Week4,260.0 Lee Graham - 142.0 Virginia Run
Virginia Run,Week5,Wakefield Chapel,Week4,263.0 Wakefield Chapel - 139.0 Virginia Run
Virginia Run,Week1,Wakefield Chapel,Week2,289.0 Wakefield Chapel - 113.0 Virginia Run
Virginia Run,Week1,Fairfax Station,Week3,268.0 Fairfax Station - 134.0 Virginia Run
Virginia Hills,Week3,McLean,Week3,368.0 McLean - 34.0 Virginia Hills
Virginia Run,Week1,Walden Glen,Week2,293.0 Virginia Run - 109.0 Walden Glen
Virginia Hills,Week2,Mantua,Week5,382.0 Mantua - 20.0 Virginia Hills
Virginia Run,Week4,Fairfax Club Estates,Week2,287.0 Virginia Run - 115.0 Fairfax Club Estates
Virginia Run,Week5,Fairfax Club Estates,Week3,301.0 Virginia Run - 101.0 Fairfax Club Estates
Virginia Hills,Week4,Mantua,Week1,351.0 Mantua - 51.0 Virginia Hills
Virginia Hills,Week4,Mantua,Week5,375.0 Mantua - 27.0 Virginia Hills
Virginia Hills,Week1,Fox Mill Estates,Week4,328.0 Fox Mill Estates - 73.0 Virginia Hills
Virginia Hills,Week5,Fox Hunt,Week5,336.0 Fox Hunt - 66.0 Virginia Hills
Virginia Hills,Week5,Cardinal Hill,Week2,344.0 Cardinal Hill - 57.0 Virginia Hills
Virginia Run,Week3,Lee Graham,Week3,288.0 Lee Graham - 114.0 Virginia Run
Virginia Hills,Week5,Fox Mill Estates,Week2,282.5 Fox Mill Estates - 118.5 Virginia Hills
Virginia Hills,Week1,Fox Mill Estates,Week3,308.0 Fox Mill Estates - 93.0 Virginia Hills
Virginia Run,Week4,Lee Graham,Week3,291.5 Lee Graham - 110.5 Virginia Run
Virginia Hills,Week1,Cardinal Hill,Week3,371.0 Cardinal Hill - 31.0 Virginia Hills
Virginia Hills,Week2,Mantua,Week1,352.0 Mantua - 48.0 Virginia Hills
Virginia Run,Week1,Walden Glen,Week4,276.0 Virginia Run - 126.0 Walden Glen
Virginia Run,Week3,Fairfax Club Estates,Week2,281.0 Virginia Run - 121.0 Fairfax Club Estates
Virginia Run,Week3,Fairfax Club Estates,Week1,264.0 Virginia Run - 138.0 Fairfax Club Estates
Virginia Hills,Week2,Cardinal Hill,Week4,369.0 Cardinal Hill - 33.0 Virginia Hills
Virginia Run,Week1,Lincolnia Park,Week1,338.0 Virginia Run - 64.0 Lincolnia Park
Virginia Run,Week1,Lincolnia Park,Week4,335.0 Virginia Run - 67.0 Lincolnia Park
Virginia Hills,Week5,Cardinal Hill,Week1,359.0 Cardinal Hill - 43.0 Virginia Hills
Virginia Hills,Week2,Fox Mill Estates,Week1,299.0 Fox Mill Estates - 98.0 Virginia Hills
Virginia Run,Week1,Walden Glen,Week1,312.5 Virginia Run - 89.5 Walden Glen
Virginia Run,Week5,Fairfax Club Estates,Week2,305.0 Virginia Run - 97.0 Fairfax Club Estates
Virginia Run,Week1,Lincolnia Park,Week3,312.0 Virginia Run - 81.0 Lincolnia Park
Virginia Hills,Week4,Fox Mill Estates,Week5,332.0 Fox Mill Estates - 70.0 Virginia Hills
Virginia Hills,Week5,Canterbury Woods,Week5,280.0 Canterbury Woods - 121.0 Virginia Hills
Virginia Hills,Week4,Cardinal Hill,Week3,378.0 Cardinal Hill - 24.0 Virginia Hills
Virginia Hills,Week5,Fox Hunt,Week3,322.0 Fox Hunt - 80.0 Virginia Hills
Virginia Run,Week2,Walden Glen,Week1,286.0 Virginia Run - 116.0 Walden Glen
Virginia Run,Week2,Lincolnia Park,Week1,333.0 Virginia Run - 69.0 Lincolnia Park
Virginia Hills,Week5,Canterbury Woods,Week2,273.0 Canterbury Woods - 129.0 Virginia Hills
Virginia Run,Week1,Lincolnia Park,Week5,314.0 Virginia Run - 79.0 Lincolnia Park
Virginia Hills,Week1,Fox Mill Estates,Week5,317.0 Fox Mill Estates - 85.0 Virginia Hills
Virginia Run,Week1,Fairfax Station,Week1,231.0 Fairfax Station - 171.0 Virginia Run
Virginia Run,Week1,Fairfax Station,Week4,239.0 Fairfax Station - 163.0 Virginia Run
Virginia Hills,Week3,Fox Mill Estates,Week1,305.0 Fox Mill Estates - 97.0 Virginia Hills
Virginia Run,Week5,Walden Glen,Week1,310.5 Virginia Run - 91.5 Walden Glen
Virginia Run,Week4,Fairfax Club Estates,Week1,272.0 Virginia Run - 130.0 Fairfax Club Estates
Virginia Hills,Week4,Cardinal Hill,Week1,376.0 Cardinal Hill - 26.0 Virginia Hills
Virginia Hills,Week1,Cardinal Hill,Week4,355.0 Cardinal Hill - 47.0 Virginia Hills
Virginia Run,Week2,Walden Glen,Week3,276.0 Virginia Run - 126.0 Walden Glen
Virginia Hills,Week2,Fox Mill Estates,Week4,340.0 Fox Mill Estates - 61.0 Virginia Hills
Virginia Run,Week2,Walden Glen,Week5,229.0 Virginia Run - 173.0 Walden Glen
Virginia Hills,Week4,McLean,Week5,383.0 McLean - 19.0 Virginia Hills
Virginia Hills,Week4,McLean,Week3,370.0 McLean - 32.0 Virginia Hills
Virginia Hills,Week5,Mantua,Week2,347.0 Mantua - 55.0 Virginia Hills
Virginia Run,Week2,Lincolnia Park,Week3,287.0 Virginia Run - 106.0 Lincolnia Park
Virginia Hills,Week2,Fox Mill Estates,Week5,329.0 Fox Mill Estates - 73.0 Virginia Hills
Virginia Run,Week4,Fairfax Club Estates,Week5,271.0 Virginia Run - 131.0 Fairfax Club Estates
Virginia Run,Week2,Lincolnia Park,Week4,325.0 Virginia Run - 77.0 Lincolnia Park
Virginia Hills,Week2,McLean,Week2,365.0 McLean - 37.0 Virginia Hills
Virginia Hills,Week3,Cardinal Hill,Week1,379.0 Cardinal Hill - 23.0 Virginia Hills
Virginia Run,Week3,Walden Glen,Week5,234.0 Virginia Run - 168.0 Walden Glen
Virginia Run,Week4,Fairfax Club Estates,Week3,285.0 Virginia Run - 117.0 Fairfax Club Estates
Virginia Hills,Week2,Mantua,Week3,376.0 Mantua - 26.0 Virginia Hills
Virginia Hills,Week3,Fox Mill Estates,Week5,334.0 Fox Mill Estates - 68.0 Virginia Hills
Virginia Hills,Week1,Mosby Woods,Week1,368.0 Mosby Woods - 34.0 Virginia Hills
Virginia Hills,Week4,Fox Mill Estates,Week3,326.0 Fox Mill Estates - 75.0 Virginia Hills
Virginia Run,Week2,Fairfax Club Estates,Week5,256.0 Virginia Run - 146.0 Fairfax Club Estates
Virginia Run,Week5,Lee Graham,Week5,262.0 Lee Graham - 140.0 Virginia Run
Virginia Run,Week2,Lincolnia Park,Week2,312.0 Virginia Run - 81.0 Lincolnia Park
Virginia Hills,Week3,McLean,Week2,370.0 McLean - 32.0 Virginia Hills
Virginia Run,Week3,Lincolnia Park,Week4,329.0 Virginia Run - 73.0 Lincolnia Park
Virginia Hills,Week2,McLean,Week4,359.0 McLean - 43.0 Virginia Hills
Virginia Run,Week3,Walden Glen,Week4,256.0 Virginia Run - 146.0 Walden Glen
Virginia Hills,Week4,Fox Mill Woods,Week4,378.0 Fox Mill Woods - 24.0 Virginia Hills
Virginia Run,Week5,Lee Graham,Week4,242.0 Lee Graham - 160.0 Virginia Run
Virginia Run,Week4,Walden Glen,Week2,269.0 Virginia Run - 133.0 Walden Glen
Virginia Run,Week2,Fairfax Station,Week2,255.0 Fairfax Station - 147.0 Virginia Run
Virginia Run,Week1,Waynewood,Week2,219.0 Waynewood - 183.0 Virginia Run
Virginia Run,Week1,Fairfax Station,Week5,271.0 Fairfax Station - 131.0 Virginia Run
Virginia Hills,Week3,Fox Mill Woods,Week4,375.0 Fox Mill Woods - 27.0 Virginia Hills
Virginia Hills,Week2,Cardinal Hill,Week3,377.0 Cardinal Hill - 25.0 Virginia Hills
Virginia Hills,Week5,Fox Mill Estates,Week1,271.0 Fox Mill Estates - 130.0 Virginia Hills
Virginia Run,Week5,Lee Graham,Week2,266.0 Lee Graham - 136.0 Virginia Run
Virginia Run,Week4,Walden Glen,Week4,270.0 Virginia Run - 132.0 Walden Glen
Virginia Run,Week3,Fairfax Club Estates,Week3,273.0 Virginia Run - 129.0 Fairfax Club Estates
Virginia Hills,Week4,McLean,Week4,369.0 McLean - 33.0 Virginia Hills
Virginia Run,Week3,Walden Glen,Week3,280.0 Virginia Run - 122.0 Walden Glen
Virginia Run,Week2,Fairfax Station,Week3,266.0 Fairfax Station - 136.0 Virginia Run
Virginia Hills,Week1,Great Falls,Week1,298.0 Great Falls - 103.0 Virginia Hills
Virginia Run,Week2,Lincolnia Park,Week5,293.0 Virginia Run - 100.0 Lincolnia Park
Virginia Run,Week4,Walden Glen,Week3,292.0 Virginia Run - 110.0 Walden Glen
Virginia Hills,Week5,Fox Mill Woods,Week2,362.0 Fox Mill Woods - 40.0 Virginia Hills
Virginia Run,Week5,Lincolnia Park,Week2,349.0 Virginia Run - 44.0 Lincolnia Park
Virginia Run,Week1,Little Hunting Park,Week5,256.0 Virginia Run - 146.0 Little Hunting Park
Virginia Hills,Week1,Fox Mill Woods,Week2,368.0 Fox Mill Woods - 34.0 Virginia Hills
Virginia Run,Week3,Lincolnia Park,Week5,297.0 Virginia Run - 96.0 Lincolnia Park
Virginia Run,Week3,Walden Glen,Week2,265.0 Virginia Run - 136.0 Walden Glen
Virginia Run,Week2,Little Hunting Park,Week4,282.0 Virginia Run - 120.0 Little Hunting Park
Virginia Run,Week5,Walden Glen,Week2,287.0 Virginia Run - 115.0 Walden Glen
Virginia Hills,Week2,McLean,Week3,367.0 McLean - 34.0 Virginia Hills
Virginia Run,Week4,Lincolnia Park,Week4,336.0 Virginia Run - 66.0 Lincolnia Park
Virginia Run,Week4,Lincolnia Park,Week2,338.0 Virginia Run - 55.0 Lincolnia Park
Virginia Run,Week1,Waynewood,Week3,234.0 Waynewood - 168.0 Virginia Run
Virginia Run,Week2,Waynewood,Week1,207.0 Waynewood - 195.0 Virginia Run
Virginia Hills,Week5,Mantua,Week3,363.0 Mantua - 39.0 Virginia Hills
Virginia Hills,Week1,McLean,Week5,369.5 McLean - 32.5 Virginia Hills
Virginia Hills,Week1,Fox Mill Woods,Week3,364.0 Fox Mill Woods - 38.0 Virginia Hills
Virginia Run,Week3,Fairfax Club Estates,Week4,252.0 Virginia Run - 150.0 Fairfax Club Estates
Virginia Hills,Week4,McLean,Week2,372.0 McLean - 30.0 Virginia Hills
Virginia Run,Week3,Lincolnia Park,Week2,326.0 Virginia Run - 67.0 Lincolnia Park
Virginia Run,Week3,Fairfax Station,Week1,245.0 Fairfax Station - 157.0 Virginia Run
Virginia Hills,Week1,McLean,Week1,364.0 McLean - 38.0 Virginia Hills
Virginia Hills,Week3,Fox Mill Woods,Week1,364.0 Fox Mill Woods - 38.0 Virginia Hills
Virginia Hills,Week4,Fox Mill Woods,Week2,374.0 Fox Mill Woods - 28.0 Virginia Hills
Virginia Run,Week2,Little Hunting Park,Week1,288.0 Virginia Run - 114.0 Little Hunting Park
Virginia Hills,Week3,Fox Mill Woods,Week2,364.0 Fox Mill Woods - 38.0 Virginia Hills
Virginia Run,Week4,Walden Glen,Week1,302.0 Virginia Run - 100.0 Walden Glen
Virginia Run,Week4,Fairfax Club Estates,Week4,261.0 Virginia Run - 141.0 Fairfax Club Estates
Virginia Hills,Week5,McLean,Week2,360.0 McLean - 42.0 Virginia Hills
Virginia Run,Week5,Fairfax Club Estates,Week5,295.0 Virginia Run - 107.0 Fairfax Club Estates
Virginia Hills,Week1,Great Falls,Week3,324.0 Great Falls - 78.0 Virginia Hills
Virginia Run,Week1,Waynewood,Week4,203.0 Virginia Run - 199.0 Waynewood
Virginia Hills,Week5,McLean,Week1,365.0 McLean - 37.0 Virginia Hills
Virginia Run,Week4,Walden Glen,Week5,230.0 Virginia Run - 172.0 Walden Glen
Virginia Run,Week2,Waynewood,Week5,264.5 Waynewood - 137.5 Virginia Run
Virginia Hills,Week5,Mantua,Week4,361.0 Mantua - 41.0 Virginia Hills
Virginia Run,Week2,Fairfax Station,Week5,278.0 Fairfax Station - 124.0 Virginia Run
Virginia Run,Week3,Waynewood,Week3,255.0 Waynewood - 147.0 Virginia Run
Virginia Run,Week4,Lincolnia Park,Week1,343.5 Virginia Run - 58.5 Lincolnia Park
Virginia Hills,Week4,Fox Mill Woods,Week5,370.0 Fox Mill Woods - 32.0 Virginia Hills
Virginia Run,Week4,Lincolnia Park,Week3,314.0 Virginia Run - 79.0 Lincolnia Park
Virginia Hills,Week5,Fox Mill Woods,Week5,362.5 Fox Mill Woods - 39.5 Virginia Hills
Virginia Hills,Week2,McLean,Week5,375.0 McLean - 27.0 Virginia Hills
Virginia Run,Week2,Fairfax Station,Week4,248.5 Fairfax Station - 153.5 Virginia Run
Virginia Hills,Week3,McLean,Week5,375.0 McLean - 27.0 Virginia Hills
Virginia Hills,Week5,Fox Mill Estates,Week5,301.0 Fox Mill Estates - 101.0 Virginia Hills
Virginia Hills,Week4,McLean,Week1,375.0 McLean - 27.0 Virginia Hills
Virginia Hills,Week1,McLean,Week3,362.0 McLean - 40.0 Virginia Hills
Virginia Run,Week3,Waynewood,Week1,207.0 Waynewood - 195.0 Virginia Run
Virginia Run,Week1,Waynewood,Week5,251.0 Waynewood - 151.0 Virginia Run
Virginia Run,Week1,Little Rocky Run,Week1,230.0 Little Rocky Run - 172.0 Virginia Run
Virginia Hills,Week3,McLean,Week1,376.0 McLean - 26.0 Virginia Hills
Virginia Hills,Week5,Mantua,Week5,365.0 Mantua - 37.0 Virginia Hills
Virginia Hills,Week5,Fox Mill Estates,Week4,314.0 Fox Mill Estates - 84.0 Virginia Hills
Virginia Hills,Week1,McLean,Week2,361.0 McLean - 41.0 Virginia Hills
Virginia Run,Week4,Little Hunting Park,Week5,261.0 Virginia Run - 141.0 Little Hunting Park
Virginia Run,Week1,Little Hunting Park,Week3,290.0 Virginia Run - 112.0 Little Hunting Park
Virginia Run,Week5,Little Hunting Park,Week5,281.0 Virginia Run - 121.0 Little Hunting Park
Virginia Run,Week1,Little Hunting Park,Week2,285.0 Virginia Run - 117.0 Little Hunting Park
Virginia Run,Week2,Waynewood,Week2,238.0 Waynewood - 164.0 Virginia Run
Virginia Hills,Week1,Fox Mill Woods,Week1,367.0 Fox Mill Woods - 35.0 Virginia Hills
Virginia Hills,Week3,Fox Mill Woods,Week3,360.0 Fox Mill Woods - 42.0 Virginia Hills
Virginia Run,Week3,Waynewood,Week4,230.5 Waynewood - 171.5 Virginia Run
Virginia Hills,Week2,Great Falls,Week2,310.0 Great Falls - 73.0 Virginia Hills
Virginia Hills,Week2,Fox Mill Woods,Week3,368.0 Fox Mill Woods - 34.0 Virginia Hills
Virginia Run,Week2,Waynewood,Week4,225.0 Waynewood - 177.0 Virginia Run
Virginia Run,Week5,Walden Glen,Week4,279.0 Virginia Run - 123.0 Walden Glen
Virginia Run,Week5,Lincolnia Park,Week1,353.0 Virginia Run - 49.0 Lincolnia Park
Virginia Hills,Week2,McLean,Week1,370.5 McLean - 31.5 Virginia Hills
Virginia Hills,Week1,Mosby Woods,Week5,370.0 Mosby Woods - 32.0 Virginia Hills
Virginia Hills,Week1,Fox Mill Woods,Week4,368.0 Fox Mill Woods - 34.0 Virginia Hills
Virginia Run,Week5,Waynewood,Week2,208.0 Virginia Run - 194.0 Waynewood
Virginia Run,Week5,Walden Glen,Week5,253.0 Virginia Run - 149.0 Walden Glen
Virginia Run,Week1,Waynewood,Week1,219.5 Virginia Run - 182.5 Waynewood
Virginia Hills,Week2,Fox Mill Woods,Week2,378.0 Fox Mill Woods - 24.0 Virginia Hills
Virginia Hills,Week1,McLean,Week4,355.0 McLean - 47.0 Virginia Hills
Virginia Hills,Week5,McLean,Week4,357.0 McLean - 45.0 Virginia Hills
Virginia Run,Week2,Little Hunting Park,Week3,284.0 Virginia Run - 118.0 Little Hunting Park
Virginia Hills,Week5,McLean,Week3,363.0 McLean - 39.0 Virginia Hills
Virginia Run,Week1,Little Hunting Park,Week4,295.0 Virginia Run - 107.0 Little Hunting Park
Virginia Hills,Week5,Fox Mill Woods,Week3,352.5 Fox Mill Woods - 49.5 Virginia Hills
Virginia Hills,Week2,Fox Mill Woods,Week4,374.0 Fox Mill Woods - 28.0 Virginia Hills
Virginia Run,Week2,Waynewood,Week3,250.0 Waynewood - 152.0 Virginia Run
Virginia Hills,Week3,McLean,Week4,369.0 McLean - 33.0 Virginia Hills
Virginia Hills,Week4,Fox Mill Woods,Week1,364.0 Fox Mill Woods - 38.0 Virginia Hills
Virginia Hills,Week1,Fox Mill Woods,Week5,361.0 Fox Mill Woods - 41.0 Virginia Hills
Virginia Run,Week5,Walden Glen,Week3,302.0 Virginia Run - 100.0 Walden Glen
Virginia Run,Week3,Waynewood,Week5,264.0 Waynewood - 138.0 Virginia Run
Virginia Hills,Week3,Fox Mill Woods,Week5,362.0 Fox Mill Woods - 40.0 Virginia Hills
Virginia Run,Week3,Waynewood,Week2,232.0 Waynewood - 170.0 Virginia Run
Virginia Run,Week5,Lincolnia Park,Week5,327.5 Virginia Run - 65.5 Lincolnia Park
Virginia Hills,Week1,Mosby Woods,Week3,368.0 Mosby Woods - 34.0 Virginia Hills
Virginia Hills,Week5,McLean,Week5,367.0 McLean - 34.0 Virginia Hills
Virginia Run,Week4,Little Hunting Park,Week1,297.0 Virginia Run - 105.0 Little Hunting Park
Virginia Run,Week5,Lincolnia Park,Week4,352.0 Virginia Run - 50.0 Lincolnia Park
Virginia Run,Week3,Little Hunting Park,Week2,274.0 Virginia Run - 128.0 Little Hunting Park
Virginia Run,Week2,Woodley,Week3,316.0 Virginia Run - 86.0 Woodley
Virginia Hills,Week3,Mosby Woods,Week2,373.0 Mosby Woods - 29.0 Virginia Hills
Virginia Hills,Week4,Fox Mill Woods,Week3,370.0 Fox Mill Woods - 32.0 Virginia Hills
Virginia Hills,Week5,Fox Mill Woods,Week1,358.0 Fox Mill Woods - 44.0 Virginia Hills
Virginia Hills,Week2,Mosby Woods,Week5,371.0 Mosby Woods - 31.0 Virginia Hills
Virginia Hills,Week2,Mosby Woods,Week4,360.0 Mosby Woods - 42.0 Virginia Hills
Virginia Run,Week5,Little Hunting Park,Week3,312.0 Virginia Run - 90.0 Little Hunting Park
Virginia Hills,Week3,Mosby Woods,Week4,357.5 Mosby Woods - 44.5 Virginia Hills
Virginia Hills,Week2,Greenbriar,Week3,357.0 Greenbriar - 45.0 Virginia Hills
Virginia Hills,Week2,Fox Mill Woods,Week1,375.0 Fox Mill Woods - 27.0 Virginia Hills
Virginia Run,Week2,Woodley,Week1,298.0 Virginia Run - 104.0 Woodley
Virginia Run,Week5,Waynewood,Week4,201.0 Virginia Run - 201.0 Waynewood
Virginia Hills,Week5,Fox Mill Woods,Week4,369.0 Fox Mill Woods - 33.0 Virginia Hills
Virginia Run,Week2,Little Hunting Park,Week5,242.0 Virginia Run - 160.0 Little Hunting Park
Virginia Hills,Week2,Great Falls,Week1,304.0 Great Falls - 92.0 Virginia Hills
Virginia Hills,Week2,Mosby Woods,Week1,371.0 Mosby Woods - 31.0 Virginia Hills
Virginia Hills,Week2,Mosby Woods,Week3,369.0 Mosby Woods - 33.0 Virginia Hills
Virginia Run,Week3,Little Hunting Park,Week5,238.0 Virginia Run - 163.0 Little Hunting Park
Virginia Run,Week3,Little Hunting Park,Week1,283.0 Virginia Run - 119.0 Little Hunting Park
Virginia Run,Week1,Little Hunting Park,Week1,298.0 Virginia Run - 104.0 Little Hunting Park
Virginia Hills,Week1,Mosby Woods,Week4,353.0 Mosby Woods - 49.0 Virginia Hills
Virginia Run,Week5,Lincolnia Park,Week3,322.0 Virginia Run - 71.0 Lincolnia Park
Virginia Run,Week4,Waynewood,Week3,236.0 Waynewood - 166.0 Virginia Run
Virginia Run,Week3,Little Hunting Park,Week3,279.0 Virginia Run - 123.0 Little Hunting Park
Virginia Hills,Week3,Mosby Woods,Week3,366.0 Mosby Woods - 36.0 Virginia Hills
Virginia Hills,Week1,Great Falls,Week2,307.0 Great Falls - 77.0 Virginia Hills
Virginia Hills,Week2,Fox Mill Woods,Week5,365.5 Fox Mill Woods - 36.5 Virginia Hills
Virginia Hills,Week3,Mosby Woods,Week1,373.0 Mosby Woods - 29.0 Virginia Hills
Virginia Hills,Week1,Mosby Woods,Week2,367.0 Mosby Woods - 35.0 Virginia Hills
Virginia Run,Week1,Woodley,Week4,327.0 Virginia Run - 75.0 Woodley
Virginia Run,Week5,Waynewood,Week5,236.0 Waynewood - 166.0 Virginia Run
Virginia Run,Week4,Little Hunting Park,Week2,299.0 Virginia Run - 103.0 Little Hunting Park
Virginia Run,Week2,Little Hunting Park,Week2,286.0 Virginia Run - 116.0 Little Hunting Park
Virginia Hills,Week2,Greenbriar,Week5,341.0 Greenbriar - 59.0 Virginia Hills
Virginia Run,Week5,Little Hunting Park,Week2,304.0 Virginia Run - 98.0 Little Hunting Park
Virginia Run,Week4,Waynewood,Week1,208.0 Virginia Run - 194.0 Waynewood
Virginia Hills,Week1,Great Falls,Week4,292.0 Great Falls - 110.0 Virginia Hills
Virginia Run,Week3,Woodley,Week3,313.0 Virginia Run - 89.0 Woodley
Virginia Hills,Week3,Mosby Woods,Week5,373.0 Mosby Woods - 29.0 Virginia Hills
Virginia Run,Week5,Waynewood,Week3,223.0 Waynewood - 179.0 Virginia Run
Virginia Run,Week5,Waynewood,Week1,224.0 Virginia Run - 178.0 Waynewood
Virginia Run,Week5,Little Hunting Park,Week1,315.0 Virginia Run - 87.0 Little Hunting Park
Virginia Hills,Week1,Great Falls,Week5,308.0 Great Falls - 91.0 Virginia Hills
Virginia Run,Week2,Woodley,Week5,275.0 Virginia Run - 127.0 Woodley
Virginia Hills,Week5,Great Falls,Week2,288.0 Great Falls - 96.0 Virginia Hills
Virginia Hills,Week2,Mosby Woods,Week2,371.0 Mosby Woods - 31.0 Virginia Hills
Virginia Run,Week3,Little Hunting Park,Week4,278.0 Virginia Run - 124.0 Little Hunting Park
Virginia Run,Week4,Little Hunting Park,Week3,292.0 Virginia Run - 110.0 Little Hunting Park
Virginia Hills,Week1,Greenbriar,Week2,344.5 Greenbriar - 57.5 Virginia Hills
Virginia Run,Week4,Woodley,Week2,308.0 Virginia Run - 94.0 Woodley
Virginia Run,Week4,Little Hunting Park,Week4,289.0 Virginia Run - 113.0 Little Hunting Park
Virginia Hills,Week5,Mosby Woods,Week4,343.0 Mosby Woods - 59.0 Virginia Hills
Virginia Run,Week3,Woodley,Week5,292.0 Virginia Run - 110.0 Woodley
Virginia Hills,Week3,Greenbriar,Week5,341.0 Greenbriar - 61.0 Virginia Hills
Virginia Hills,Week3,Great Falls,Week3,330.0 Great Falls - 72.0 Virginia Hills
Virginia Run,Week1,Woodley,Week3,321.0 Virginia Run - 81.0 Woodley
Virginia Hills,Week5,Mount Vernon Park,Week1,350.0 Mount Vernon Park - 52.0 Virginia Hills
Virginia Run,Week1,Woodley,Week1,321.0 Virginia Run - 81.0 Woodley
Virginia Hills,Week1,Greenbriar,Week4,342.0 Greenbriar - 60.0 Virginia Hills
Virginia Run,Week2,Little Rocky Run,Week1,252.0 Little Rocky Run - 150.0 Virginia Run
Virginia Hills,Week1,Mount Vernon Park,Week2,371.0 Mount Vernon Park - 31.0 Virginia Hills
Virginia Hills,Week3,Great Falls,Week2,308.0 Great Falls - 76.0 Virginia Hills
Virginia Run,Week3,Woodley,Week1,309.0 Virginia Run - 93.0 Woodley
Virginia Hills,Week5,Mosby Woods,Week3,360.0 Mosby Woods - 42.0 Virginia Hills
Virginia Run,Week2,Woodley,Week4,297.0 Virginia Run - 105.0 Woodley
Virginia Run,Week1,Little Rocky Run,Week3,260.0 Little Rocky Run - 142.0 Virginia Run
Virginia Run,Week5,Little Hunting Park,Week4,310.0 Virginia Run - 92.0 Little Hunting Park
Virginia Hills,Week3,Great Falls,Week1,296.0 Great Falls - 105.0 Virginia Hills
Virginia Hills,Week4,Mount Vernon Park,Week4,372.0 Mount Vernon Park - 30.0 Virginia Hills
Virginia Run,Week1,Little Rocky Run,Week2,227.0 Little Rocky Run - 175.0 Virginia Run
Virginia Hills,Week1,Mount Vernon Park,Week1,362.0 Mount Vernon Park - 40.0 Virginia Hills
Virginia Hills,Week5,Mosby Woods,Week2,362.0 Mosby Woods - 40.0 Virginia Hills
Virginia Hills,Week4,Great Falls,Week1,303.0 Great Falls - 99.0 Virginia Hills
Virginia Run,Week4,Waynewood,Week4,220.0 Waynewood - 182.0 Virginia Run
Virginia Hills,Week5,Canterbury Woods,Week1,285.0 Canterbury Woods - 117.0 Virginia Hills
Virginia Run,Week1,Little Rocky Run,Week5,277.0 Little Rocky Run - 125.0 Virginia Run
Virginia Hills,Week2,Mount Vernon Park,Week3,368.0 Mount Vernon Park - 33.0 Virginia Hills
Virginia Run,Week3,Little Rocky Run,Week1,244.5 Little Rocky Run - 157.5 Virginia Run
Virginia Hills,Week4,Mount Vernon Park,Week2,368.0 Mount Vernon Park - 34.0 Virginia Hills
Virginia Run,Week3,Little Rocky Run,Week4,269.0 Little Rocky Run - 133.0 Virginia Run
Virginia Run,Week2,Little Rocky Run,Week4,262.0 Little Rocky Run - 140.0 Virginia Run
Virginia Hills,Week5,Mosby Woods,Week1,354.0 Mosby Woods - 48.0 Virginia Hills
Virginia Run,Week1,Woodley,Week5,303.0 Virginia Run - 99.0 Woodley
Virginia Hills,Week2,Great Falls,Week3,328.0 Great Falls - 74.0 Virginia Hills
Virginia Run,Week2,Little Rocky Run,Week5,286.5 Little Rocky Run - 115.5 Virginia Run
Virginia Hills,Week4,Great Falls,Week4,299.0 Great Falls - 102.0 Virginia Hills
Virginia Run,Week2,Little Rocky Run,Week3,272.0 Little Rocky Run - 130.0 Virginia Run
Virginia Run,Week4,Waynewood,Week5,246.0 Waynewood - 156.0 Virginia Run
Virginia Hills,Week4,Mosby Woods,Week3,367.0 Mosby Woods - 35.0 Virginia Hills
Virginia Hills,Week2,Great Falls,Week4,302.0 Great Falls - 96.0 Virginia Hills
Virginia Run,Week1,Woodley,Week2,312.5 Virginia Run - 89.5 Woodley
Virginia Hills,Week3,Mount Vernon Park,Week4,376.0 Mount Vernon Park - 26.0 Virginia Hills
Virginia Hills,Week5,Great Falls,Week3,310.0 Great Falls - 92.0 Virginia Hills
Virginia Hills,Week3,Great Falls,Week5,314.0 Great Falls - 87.0 Virginia Hills
Virginia Run,Week4,Waynewood,Week2,216.0 Waynewood - 186.0 Virginia Run
Virginia Hills,Week4,Mosby Woods,Week5,371.0 Mosby Woods - 31.0 Virginia Hills
Wakefield Chapel,Week1,Annandale,Week4,356.0 Wakefield Chapel - 46.0 Annandale
Virginia Hills,Week1,Greenbriar,Week3,357.0 Greenbriar - 45.0 Virginia Hills
Virginia Hills,Week5,Great Falls,Week4,293.0 Great Falls - 108.0 Virginia Hills
Virginia Hills,Week2,Great Falls,Week5,311.0 Great Falls - 84.0 Virginia Hills
Virginia Hills,Week4,Great Falls,Week5,321.0 Great Falls - 79.0 Virginia Hills
Virginia Run,Week4,Little Rocky Run,Week1,246.0 Little Rocky Run - 156.0 Virginia Run
Virginia Hills,Week1,Mount Vernon Park,Week5,367.0 Mount Vernon Park - 34.0 Virginia Hills
Virginia Run,Week1,Long Branch,Week4,278.0 Virginia Run - 124.0 Long Branch
Virginia Hills,Week2,Greenbriar,Week2,345.0 Greenbriar - 57.0 Virginia Hills
Virginia Hills,Week1,Mount Vernon Park,Week4,374.0 Mount Vernon Park - 28.0 Virginia Hills
Wakefield Chapel,Week1,Annandale,Week3,345.0 Wakefield Chapel - 57.0 Annandale
Virginia Run,Week4,Woodley,Week1,304.0 Virginia Run - 98.0 Woodley
Virginia Hills,Week2,Greenbriar,Week4,348.0 Greenbriar - 54.0 Virginia Hills
Virginia Run,Week3,Woodley,Week2,310.0 Virginia Run - 92.0 Woodley
Wakefield Chapel,Week3,Annandale,Week4,365.0 Wakefield Chapel - 37.0 Annandale
Virginia Run,Week2,Woodley,Week2,297.0 Virginia Run - 105.0 Woodley
Virginia Hills,Week2,Mount Vernon Park,Week5,370.0 Mount Vernon Park - 31.0 Virginia Hills
Virginia Run,Week5,Little Rocky Run,Week4,257.0 Little Rocky Run - 145.0 Virginia Run
Virginia Run,Week5,Woodley,Week5,313.5 Virginia Run - 88.5 Woodley
Virginia Run,Week3,Little Rocky Run,Week2,254.0 Little Rocky Run - 148.0 Virginia Run
Virginia Hills,Week4,Mosby Woods,Week1,371.0 Mosby Woods - 31.0 Virginia Hills
Virginia Hills,Week5,Great Falls,Week1,277.0 Great Falls - 125.0 Virginia Hills
Virginia Run,Week4,Woodley,Week3,317.0 Virginia Run - 85.0 Woodley
Virginia Hills,Week2,Mount Vernon Park,Week4,371.0 Mount Vernon Park - 31.0 Virginia Hills
Virginia Hills,Week2,Greenbriar,Week1,350.0 Greenbriar - 52.0 Virginia Hills
Virginia Hills,Week4,Mount Vernon Park,Week1,366.0 Mount Vernon Park - 36.0 Virginia Hills
Virginia Run,Week4,Long Branch,Week1,268.0 Virginia Run - 134.0 Long Branch
Virginia Hills,Week5,Mosby Woods,Week5,358.0 Mosby Woods - 44.0 Virginia Hills
Virginia Run,Week3,Long Branch,Week5,251.0 Virginia Run - 151.0 Long Branch
Wakefield Chapel,Week1,Annandale,Week1,343.0 Wakefield Chapel - 59.0 Annandale
Virginia Run,Week4,Little Rocky Run,Week3,282.0 Little Rocky Run - 120.0 Virginia Run
Virginia Run,Week3,Little Rocky Run,Week5,294.0 Little Rocky Run - 108.0 Virginia Run
Virginia Hills,Week3,Mount Vernon Park,Week5,376.0 Mount Vernon Park - 26.0 Virginia Hills
Virginia Run,Week3,Little Rocky Run,Week3,271.0 Little Rocky Run - 131.0 Virginia Run
Virginia Run,Week5,Woodley,Week3,333.0 Virginia Run - 69.0 Woodley
Virginia Hills,Week5,Great Falls,Week5,299.0 Great Falls - 102.0 Virginia Hills
Virginia Run,Week5,Woodley,Week2,326.0 Virginia Run - 76.0 Woodley
Virginia Hills,Week4,Mosby Woods,Week4,363.0 Mosby Woods - 39.0 Virginia Hills
Virginia Run,Week4,Woodley,Week5,295.0 Virginia Run - 107.0 Woodley
Virginia Hills,Week4,Great Falls,Week3,326.0 Great Falls - 76.0 Virginia Hills
Virginia Hills,Week4,Great Falls,Week2,306.0 Great Falls - 78.0 Virginia Hills
Virginia Run,Week5,Woodley,Week4,329.0 Virginia Run - 73.0 Woodley
Virginia Run,Week3,Long Branch,Week3,273.0 Virginia Run - 129.0 Long Branch
Virginia Run,Week1,Little Rocky Run,Week4,254.0 Little Rocky Run - 148.0 Virginia Run
Virginia Run,Week4,Woodley,Week4,308.0 Virginia Run - 94.0 Woodley
Virginia Hills,Week3,Mount Vernon Park,Week1,367.0 Mount Vernon Park - 35.0 Virginia Hills
Virginia Run,Week3,Woodley,Week4,309.5 Virginia Run - 92.5 Woodley
Virginia Hills,Week4,Mosby Woods,Week2,376.0 Mosby Woods - 26.0 Virginia Hills
Virginia Hills,Week1,Greenbriar,Week5,339.5 Greenbriar - 60.5 Virginia Hills
Virginia Hills,Week1,Mount Vernon Park,Week3,369.0 Mount Vernon Park - 32.0 Virginia Hills
Virginia Hills,Week1,Greenbriar,Week1,344.0 Greenbriar - 58.0 Virginia Hills
Virginia Run,Week2,Long Branch,Week2,245.0 Virginia Run - 157.0 Long Branch
Virginia Hills,Week3,Great Falls,Week4,301.0 Great Falls - 101.0 Virginia Hills
Virginia Run,Week4,Little Rocky Run,Week2,247.0 Little Rocky Run - 155.0 Virginia Run
Virginia Run,Week5,Little Rocky Run,Week3,244.0 Little Rocky Run - 158.0 Virginia Run
Virginia Hills,Week2,Mount Vernon Park,Week1,373.0 Mount Vernon Park - 29.0 Virginia Hills
Wakefield Chapel,Week4,Annandale,Week1,334.0 Wakefield Chapel - 68.0 Annandale
Virginia Run,Week2,Long Branch,Week1,259.0 Virginia Run - 138.0 Long Branch
Virginia Run,Week2,Little Rocky Run,Week2,252.0 Little Rocky Run - 150.0 Virginia Run
Virginia Hills,Week3,Mount Vernon Park,Week3,374.0 Mount Vernon Park - 28.0 Virginia Hills
Virginia Hills,Week3,Greenbriar,Week4,342.0 Greenbriar - 60.0 Virginia Hills
Wakefield Chapel,Week1,Annandale,Week2,340.0 Wakefield Chapel - 62.0 Annandale
Virginia Run,Week4,Little Rocky Run,Week5,283.0 Little Rocky Run - 119.0 Virginia Run
Virginia Run,Week5,Woodley,Week1,322.0 Virginia Run - 80.0 Woodley
Virginia Hills,Week3,Greenbriar,Week1,356.0 Greenbriar - 46.0 Virginia Hills
Virginia Hills,Week4,Greenbriar,Week3,366.5 Greenbriar - 35.5 Virginia Hills
Virginia Hills,Week3,Greenbriar,Week2,352.0 Greenbriar - 50.0 Virginia Hills
Virginia Hills,Week2,Mount Vernon Park,Week2,373.0 Mount Vernon Park - 29.0 Virginia Hills
Virginia Hills,Week3,Mount Vernon Park,Week2,379.0 Mount Vernon Park - 23.0 Virginia Hills
Virginia Hills,Week4,Mount Vernon Park,Week3,373.0 Mount Vernon Park - 28.0 Virginia Hills
Virginia Hills,Week3,Greenbriar,Week3,353.0 Greenbriar - 49.0 Virginia Hills
Virginia Run,Week1,Long Branch,Week2,284.0 Virginia Run - 118.0 Long Branch
Wakefield Chapel,Week3,Annandale,Week5,339.0 Wakefield Chapel - 63.0 Annandale
Wakefield Chapel,Week3,Annandale,Week1,342.0 Wakefield Chapel - 60.0 Annandale
Wakefield Chapel,Week2,Annandale,Week3,338.0 Wakefield Chapel - 64.0 Annandale
Virginia Run,Week1,Long Branch,Week1,283.0 Virginia Run - 119.0 Long Branch
Virginia Hills,Week5,Greenbriar,Week1,333.5 Greenbriar - 68.5 Virginia Hills
Virginia Run,Week5,Little Rocky Run,Week5,265.0 Little Rocky Run - 137.0 Virginia Run
Virginia Run,Week2,Long Branch,Week3,261.0 Virginia Run - 141.0 Long Branch
Virginia Hills,Week1,Newington Forest,Week5,290.0 Newington Forest - 112.0 Virginia Hills
Virginia Hills,Week4,Newington Forest,Week2,257.0 Newington Forest - 137.0 Virginia Hills
Virginia Hills,Week5,Mount Vernon Park,Week3,362.0 Mount Vernon Park - 36.0 Virginia Hills
Virginia Run,Week4,Little Rocky Run,Week4,263.0 Little Rocky Run - 139.0 Virginia Run
Wakefield Chapel,Week1,Arlington Forest,Week1,315.0 Wakefield Chapel - 87.0 Arlington Forest
Virginia Hills,Week4,Greenbriar,Week5,341.0 Greenbriar - 59.0 Virginia Hills
Virginia Hills,Week4,Mount Vernon Park,Week5,373.0 Mount Vernon Park - 28.0 Virginia Hills
Virginia Run,Week1,Long Branch,Week3,286.0 Virginia Run - 116.0 Long Branch
Virginia Hills,Week4,Greenbriar,Week1,361.0 Greenbriar - 41.0 Virginia Hills
Virginia Hills,Week5,Greenbriar,Week3,336.0 Greenbriar - 65.0 Virginia Hills
Virginia Run,Week1,Long Branch,Week5,271.0 Virginia Run - 131.0 Long Branch
Virginia Hills,Week4,Greenbriar,Week4,337.0 Greenbriar - 65.0 Virginia Hills
Virginia Hills,Week1,Newington Forest,Week2,264.0 Newington Forest - 130.0 Virginia Hills
Wakefield Chapel,Week4,Annandale,Week3,333.0 Wakefield Chapel - 69.0 Annandale
Virginia Run,Week5,Little Rocky Run,Week2,213.0 Little Rocky Run - 189.0 Virginia Run
Virginia Hills,Week5,Greenbriar,Week2,333.0 Greenbriar - 69.0 Virginia Hills
Wakefield Chapel,Week3,Annandale,Week3,337.0 Wakefield Chapel - 65.0 Annandale
Virginia Hills,Week5,Mount Vernon Park,Week4,366.0 Mount Vernon Park - 36.0 Virginia Hills
Wakefield Chapel,Week4,Annandale,Week4,350.0 Wakefield Chapel - 52.0 Annandale
Virginia Run,Week2,Long Branch,Week4,239.0 Virginia Run - 163.0 Long Branch
Virginia Run,Week4,Truro,Week5,294.5 Virginia Run - 107.5 Truro
Virginia Run,Week2,Mansion House,Week1,223.0 Mansion House - 179.0 Virginia Run
Virginia Hills,Week2,Newington Forest,Week1,272.0 Newington Forest - 122.0 Virginia Hills
Virginia Run,Week3,Fairfax Station,Week5,277.0 Fairfax Station - 125.0 Virginia Run
Virginia Hills,Week5,Greenbriar,Week4,328.0 Greenbriar - 74.0 Virginia Hills
Virginia Run,Week3,Forest Hollow,Week5,220.0 Forest Hollow - 182.0 Virginia Run
Virginia Hills,Week1,Hamlet,Week2,380.5 Hamlet - 21.5 Virginia Hills
Virginia Hills,Week1,Hamlet,Week4,365.0 Hamlet - 37.0 Virginia Hills
Virginia Run,Week5,Fairfax Station,Week3,247.0 Fairfax Station - 155.0 Virginia Run
Virginia Hills,Week3,Newington Forest,Week2,267.5 Newington Forest - 132.5 Virginia Hills
Virginia Hills,Week1,Hamlet,Week3,372.0 Hamlet - 30.0 Virginia Hills
Virginia Hills,Week2,Hamlet,Week2,383.0 Hamlet - 19.0 Virginia Hills
Virginia Run,Week4,Long Branch,Week4,267.0 Virginia Run - 135.0 Long Branch
Wakefield Chapel,Week3,Annandale,Week2,346.0 Wakefield Chapel - 56.0 Annandale
Virginia Run,Week3,Long Branch,Week4,260.0 Virginia Run - 142.0 Long Branch
Virginia Run,Week3,Fairfax Station,Week3,270.0 Fairfax Station - 132.0 Virginia Run
Virginia Run,Week1,Mansion House,Week3,207.0 Mansion House - 195.0 Virginia Run
Wakefield Chapel,Week5,Annandale,Week1,349.0 Wakefield Chapel - 53.0 Annandale
Wakefield Chapel,Week5,Annandale,Week3,347.0 Wakefield Chapel - 55.0 Annandale
Virginia Run,Week1,Forest Hollow,Week3,221.0 Virginia Run - 181.0 Forest Hollow
Virginia Hills,Week2,Newington Forest,Week5,305.0 Newington Forest - 97.0 Virginia Hills
Wakefield Chapel,Week4,Annandale,Week5,343.0 Wakefield Chapel - 59.0 Annandale
Virginia Hills,Week5,Greenbriar,Week5,325.0 Greenbriar - 72.0 Virginia Hills
Wakefield Chapel,Week5,Annandale,Week4,365.0 Wakefield Chapel - 37.0 Annandale
Virginia Hills,Week3,Newington Forest,Week1,269.0 Newington Forest - 132.0 Virginia Hills
Virginia Hills,Week3,Newington Forest,Week3,277.0 Newington Forest - 125.0 Virginia Hills
Virginia Run,Week5,Long Branch,Week3,287.0 Virginia Run - 115.0 Long Branch
Wakefield Chapel,Week2,Annandale,Week5,346.0 Wakefield Chapel - 56.0 Annandale
Virginia Hills,Week1,Hamlet,Week5,379.0 Hamlet - 23.0 Virginia Hills
Virginia Hills,Week2,Newington Forest,Week3,296.0 Newington Forest - 105.0 Virginia Hills
Virginia Run,Week3,Long Branch,Week2,257.0 Virginia Run - 145.0 Long Branch
Wakefield Chapel,Week2,Annandale,Week1,346.0 Wakefield Chapel - 56.0 Annandale
Virginia Hills,Week1,Newington Forest,Week3,280.0 Newington Forest - 122.0 Virginia Hills
Virginia Hills,Week1,Newington Forest,Week4,286.0 Newington Forest - 115.0 Virginia Hills
Virginia Hills,Week1,Hamlet,Week1,369.0 Hamlet - 32.0 Virginia Hills
Virginia Run,Week4,Fairfax Station,Week1,244.0 Fairfax Station - 158.0 Virginia Run
Virginia Run,Week3,Forest Hollow,Week3,211.0 Forest Hollow - 191.0 Virginia Run
Virginia Run,Week5,Little Rocky Run,Week1,224.0 Little Rocky Run - 178.0 Virginia Run
Virginia Hills,Week1,North Springfield,Week4,191.0 North Springfield - 188.0 Virginia Hills
Wakefield Chapel,Week5,Annandale,Week5,354.0 Wakefield Chapel - 48.0 Annandale
Virginia Hills,Week4,Greenbriar,Week2,355.0 Greenbriar - 47.0 Virginia Hills
Virginia Run,Week5,Long Branch,Week2,287.0 Virginia Run - 115.0 Long Branch
Wakefield Chapel,Week1,Annandale,Week5,343.0 Wakefield Chapel - 59.0 Annandale
Virginia Hills,Week5,Mount Vernon Park,Week2,365.0 Mount Vernon Park - 37.0 Virginia Hills
Wakefield Chapel,Week5,Annandale,Week2,351.0 Wakefield Chapel - 51.0 Annandale
Wakefield Chapel,Week2,Annandale,Week2,342.0 Wakefield Chapel - 60.0 Annandale
Virginia Run,Week3,Long Branch,Week1,271.0 Virginia Run - 131.0 Long Branch
Wakefield Chapel,Week4,Annandale,Week2,331.0 Wakefield Chapel - 71.0 Annandale
Virginia Hills,Week1,Newington Forest,Week1,262.0 Newington Forest - 134.0 Virginia Hills
Virginia Run,Week4,Long Branch,Week2,268.0 Virginia Run - 134.0 Long Branch
Virginia Hills,Week1,North Springfield,Week3,225.0 North Springfield - 163.0 Virginia Hills
Virginia Hills,Week2,Hamlet,Week1,375.0 Hamlet - 21.0 Virginia Hills
Virginia Run,Week2,Long Branch,Week5,239.0 Virginia Run - 163.0 Long Branch
Virginia Run,Week4,Forest Hollow,Week1,208.0 Virginia Run - 194.0 Forest Hollow
Wakefield Chapel,Week2,Annandale,Week4,353.5 Wakefield Chapel - 48.5 Annandale
Wakefield Chapel,Week1,Arlington Forest,Week4,287.0 Wakefield Chapel - 115.0 Arlington Forest
Virginia Hills,Week3,Newington Forest,Week5,296.0 Newington Forest - 106.0 Virginia Hills
Wakefield Chapel,Week1,Arlington Forest,Week3,336.0 Wakefield Chapel - 66.0 Arlington Forest
Wakefield Chapel,Week1,Arlington Forest,Week2,323.5 Wakefield Chapel - 78.5 Arlington Forest
Virginia Run,Week5,Forest Hollow,Week2,239.0 Virginia Run - 163.0 Forest Hollow
Virginia Run,Week4,Forest Hollow,Week2,214.0 Virginia Run - 188.0 Forest Hollow
Virginia Run,Week2,Tuckahoe,Week4,350.0 Tuckahoe - 52.0 Virginia Run
Virginia Run,Week2,Tuckahoe,Week1,325.0 Tuckahoe - 77.0 Virginia Run
Virginia Run,Week3,Mansion House,Week3,226.0 Mansion House - 176.0 Virginia Run
Virginia Hills,Week2,Newington Forest,Week4,291.0 Newington Forest - 110.0 Virginia Hills
Virginia Run,Week4,Truro,Week2,304.0 Virginia Run - 98.0 Truro
Virginia Run,Week2,Mansion House,Week4,206.0 Virginia Run - 191.0 Mansion House
Virginia Hills,Week5,Newington Forest,Week2,234.0 Newington Forest - 158.0 Virginia Hills
Virginia Run,Week3,Mansion House,Week1,220.0 Mansion House - 182.0 Virginia Run
Virginia Run,Week2,Mansion House,Week2,216.0 Mansion House - 186.0 Virginia Run
Virginia Hills,Week4,Newington Forest,Week1,248.0 Newington Forest - 148.0 Virginia Hills
Virginia Run,Week4,Fairfax Station,Week2,258.0 Fairfax Station - 144.0 Virginia Run
Virginia Run,Week3,Forest Hollow,Week2,213.0 Virginia Run - 189.0 Forest Hollow
Wakefield Chapel,Week3,Arlington Forest,Week1,311.0 Wakefield Chapel - 91.0 Arlington Forest
Virginia Run,Week4,Truro,Week1,285.0 Virginia Run - 117.0 Truro
Wakefield Chapel,Week1,Arlington Forest,Week5,272.0 Wakefield Chapel - 130.0 Arlington Forest
Virginia Hills,Week4,Newington Forest,Week5,292.0 Newington Forest - 110.0 Virginia Hills
Virginia Run,Week2,Forest Hollow,Week1,210.0 Forest Hollow - 192.0 Virginia Run
Virginia Run,Week5,Long Branch,Week4,278.0 Virginia Run - 124.0 Long Branch
Virginia Hills,Week2,Newington Forest,Week2,281.0 Newington Forest - 112.0 Virginia Hills
Wakefield Chapel,Week2,Arlington Forest,Week4,277.0 Wakefield Chapel - 125.0 Arlington Forest
Virginia Run,Week4,Long Branch,Week3,284.0 Virginia Run - 118.0 Long Branch
Virginia Run,Week3,Truro,Week3,287.0 Virginia Run - 115.0 Truro
Virginia Hills,Week5,Mount Vernon Park,Week5,363.0 Mount Vernon Park - 39.0 Virginia Hills
Virginia Run,Week3,Tuckahoe,Week5,332.0 Tuckahoe - 70.0 Virginia Run
Virginia Run,Week3,Mansion House,Week4,208.0 Virginia Run - 194.0 Mansion House
Virginia Hills,Week1,Country Club Hills,Week2,328.0 Country Club Hills - 74.0 Virginia Hills
Virginia Run,Week1,Forest Hollow,Week1,219.0 Virginia Run - 183.0 Forest Hollow
Wakefield Chapel,Week3,Arlington Forest,Week2,329.0 Wakefield Chapel - 73.0 Arlington Forest
Virginia Hills,Week5,Newington Forest,Week5,280.0 Newington Forest - 117.0 Virginia Hills
Virginia Run,Week3,Fairfax Station,Week4,248.0 Fairfax Station - 154.0 Virginia Run
Virginia Run,Week1,Tuckahoe,Week2,315.0 Tuckahoe - 87.0 Virginia Run
Wakefield Chapel,Week4,Arlington Forest,Week4,278.0 Wakefield Chapel - 124.0 Arlington Forest
Virginia Run,Week3,Truro,Week4,272.0 Virginia Run - 130.0 Truro
Virginia Hills,Week2,Country Club Hills,Week3,331.0 Country Club Hills - 71.0 Virginia Hills
Virginia Run,Week3,Fairfax Station,Week2,248.0 Fairfax Station - 154.0 Virginia Run
Virginia Hills,Week1,Crosspointe,Week3,358.0 Crosspointe - 44.0 Virginia Hills
Virginia Run,Week1,Mansion House,Week1,213.0 Virginia Run - 189.0 Mansion House
Virginia Run,Week1,Mansion House,Week5,203.5 Mansion House - 198.5 Virginia Run
Virginia Hills,Week5,Newington Forest,Week1,247.0 Newington Forest - 149.0 Virginia Hills
Virginia Run,Week5,Fairfax Station,Week5,267.0 Fairfax Station - 135.0 Virginia Run
Virginia Hills,Week3,Country Club Hills,Week2,336.0 Country Club Hills - 66.0 Virginia Hills
Wakefield Chapel,Week2,Brandywine,Week4,283.0 Wakefield Chapel - 119.0 Brandywine
Virginia Hills,Week2,Country Club Hills,Week2,341.0 Country Club Hills - 61.0 Virginia Hills
Virginia Run,Week5,Fairfax Station,Week4,226.0 Fairfax Station - 176.0 Virginia Run
Virginia Run,Week5,Fairfax Station,Week2,234.0 Fairfax Station - 168.0 Virginia Run
Virginia Hills,Week5,Newington Forest,Week3,255.0 Newington Forest - 146.0 Virginia Hills
Wakefield Chapel,Week2,Arlington Forest,Week1,302.0 Wakefield Chapel - 100.0 Arlington Forest
Virginia Run,Week1,Forest Hollow,Week4,213.0 Virginia Run - 189.0 Forest Hollow
Wakefield Chapel,Week3,Brandywine,Week1,299.0 Wakefield Chapel - 103.0 Brandywine
Virginia Hills,Week5,Newington Forest,Week4,268.0 Newington Forest - 133.0 Virginia Hills
Virginia Hills,Week3,Newington Forest,Week4,287.0 Newington Forest - 114.0 Virginia Hills
Wakefield Chapel,Week5,Arlington Forest,Week4,310.0 Wakefield Chapel - 92.0 Arlington Forest
Virginia Run,Week2,Truro,Week5,277.0 Virginia Run - 125.0 Truro
Virginia Run,Week3,Truro,Week5,282.0 Virginia Run - 120.0 Truro
Virginia Run,Week5,Truro,Week3,323.0 Virginia Run - 79.0 Truro
Virginia Run,Week4,Fairfax Station,Week3,267.5 Fairfax Station - 134.5 Virginia Run
Virginia Hills,Week3,Country Club Hills,Week3,321.0 Country Club Hills - 81.0 Virginia Hills
Virginia Hills,Week3,Country Club Hills,Week1,327.0 Country Club Hills - 75.0 Virginia Hills
Virginia Run,Week4,Long Branch,Week5,254.0 Virginia Run - 148.0 Long Branch
Virginia Run,Week4,Fairfax Station,Week4,242.0 Fairfax Station - 160.0 Virginia Run
Virginia Hills,Week2,Country Club Hills,Week5,351.0 Country Club Hills - 51.0 Virginia Hills
Virginia Run,Week5,Long Branch,Week5,263.0 Virginia Run - 139.0 Long Branch
Wakefield Chapel,Week2,Arlington Forest,Week5,256.0 Wakefield Chapel - 146.0 Arlington Forest
Virginia Run,Week1,Mansion House,Week2,209.0 Virginia Run - 193.0 Mansion House
Virginia Hills,Week1,North Springfield,Week2,219.0 North Springfield - 164.0 Virginia Hills
Virginia Run,Week3,Truro,Week1,271.0 Virginia Run - 131.0 Truro
Wakefield Chapel,Week3,Arlington Forest,Week3,328.0 Wakefield Chapel - 74.0 Arlington Forest
Virginia Hills,Week1,North Springfield,Week1,190.0 Virginia Hills - 155.0 North Springfield
Virginia Run,Week1,Forest Hollow,Week2,223.0 Virginia Run - 179.0 Forest Hollow
Virginia Hills,Week4,Newington Forest,Week4,278.0 Newington Forest - 123.0 Virginia Hills
Virginia Run,Week2,Mansion House,Week5,211.0 Mansion House - 191.0 Virginia Run
Wakefield Chapel,Week2,Brandywine,Week3,275.0 Wakefield Chapel - 127.0 Brandywine
Virginia Run,Week5,Fairfax Station,Week1,219.0 Fairfax Station - 183.0 Virginia Run
Virginia Run,Week3,Mansion House,Week2,204.5 Mansion House - 197.5 Virginia Run
Virginia Hills,Week1,Country Club Hills,Week5,345.0 Country Club Hills - 57.0 Virginia Hills
Virginia Run,Week5,Long Branch,Week1,286.0 Virginia Run - 116.0 Long Branch
Virginia Run,Week3,Mansion House,Week5,222.0 Mansion House - 180.0 Virginia Run
Virginia Run,Week5,Truro,Week4,299.0 Virginia Run - 103.0 Truro
Virginia Hills,Week4,Newington Forest,Week3,268.0 Newington Forest - 134.0 Virginia Hills
Virginia Hills,Week3,Country Club Hills,Week4,330.0 Country Club Hills - 72.0 Virginia Hills
Virginia Run,Week2,Truro,Week4,262.0 Virginia Run - 140.0 Truro
Virginia Run,Week4,Truro,Week4,279.0 Virginia Run - 123.0 Truro
Wakefield Chapel,Week3,Brandywine,Week3,293.0 Wakefield Chapel - 104.0 Brandywine
Virginia Run,Week1,Tuckahoe,Week4,335.0 Tuckahoe - 67.0 Virginia Run
Virginia Hills,Week1,Country Club Hills,Week1,323.0 Country Club Hills - 79.0 Virginia Hills
Virginia Run,Week1,Mansion House,Week4,226.5 Virginia Run - 175.5 Mansion House
Wakefield Chapel,Week4,Brandywine,Week4,277.0 Wakefield Chapel - 125.0 Brandywine
Wakefield Chapel,Week2,Arlington Forest,Week3,335.0 Wakefield Chapel - 67.0 Arlington Forest
Virginia Run,Week3,Truro,Week2,289.0 Virginia Run - 112.0 Truro
Virginia Run,Week5,Truro,Week2,311.0 Virginia Run - 91.0 Truro
Virginia Run,Week1,Forest Hollow,Week5,201.0 Forest Hollow - 201.0 Virginia Run
Virginia Hills,Week2,Country Club Hills,Week1,336.0 Country Club Hills - 66.0 Virginia Hills
Virginia Hills,Week4,North Springfield,Week1,199.0 Virginia Hills - 149.0 North Springfield
Virginia Hills,Week2,North Springfield,Week1,184.0 Virginia Hills - 155.0 North Springfield
Virginia Run,Week1,Tuckahoe,Week1,309.0 Tuckahoe - 93.0 Virginia Run
Virginia Run,Week2,Mansion House,Week3,230.0 Mansion House - 172.0 Virginia Run
Virginia Run,Week2,Forest Hollow,Week2,205.0 Virginia Run - 197.0 Forest Hollow
Virginia Hills,Week4,Country Club Hills,Week2,338.0 Country Club Hills - 64.0 Virginia Hills
Virginia Hills,Week2,North Springfield,Week5,213.0 North Springfield - 144.0 Virginia Hills
Wakefield Chapel,Week2,Arlington Forest,Week2,299.0 Wakefield Chapel - 103.0 Arlington Forest
Virginia Hills,Week4,Country Club Hills,Week4,334.0 Country Club Hills - 68.0 Virginia Hills
Virginia Hills,Week3,North Springfield,Week5,221.0 North Springfield - 150.0 Virginia Hills
Virginia Run,Week1,Mantua,Week3,265.0 Mantua - 137.0 Virginia Run
Wakefield Chapel,Week3,Arlington Forest,Week5,278.0 Wakefield Chapel - 124.0 Arlington Forest
Virginia Run,Week4,Truro,Week3,302.0 Virginia Run - 100.0 Truro
Virginia Hills,Week4,Country Club Hills,Week5,348.0 Country Club Hills - 54.0 Virginia Hills
Virginia Run,Week5,Truro,Week1,298.0 Virginia Run - 104.0 Truro
Virginia Run,Week2,Mantua,Week4,245.0 Mantua - 157.0 Virginia Run
Virginia Hills,Week1,Country Club Hills,Week4,333.0 Country Club Hills - 69.0 Virginia Hills
Virginia Hills,Week2,North Springfield,Week3,232.0 North Springfield - 155.0 Virginia Hills
Virginia Run,Week2,Forest Hollow,Week3,209.0 Forest Hollow - 193.0 Virginia Run
Virginia Run,Week4,Fairfax Station,Week5,281.0 Fairfax Station - 121.0 Virginia Run
Wakefield Chapel,Week4,Arlington Forest,Week3,329.0 Wakefield Chapel - 73.0 Arlington Forest
Virginia Run,Week2,Forest Hollow,Week4,212.0 Forest Hollow - 190.0 Virginia Run
Virginia Run,Week5,Truro,Week5,306.0 Virginia Run - 96.0 Truro
Wakefield Chapel,Week3,Arlington Forest,Week4,293.0 Wakefield Chapel - 109.0 Arlington Forest
Virginia Run,Week4,Mantua,Week5,249.0 Mantua - 153.0 Virginia Run
Virginia Run,Week2,Forest Hollow,Week5,212.0 Forest Hollow - 190.0 Virginia Run
Virginia Run,Week3,Mantua,Week1,229.0 Mantua - 173.0 Virginia Run
Virginia Hills,Week3,Country Club Hills,Week5,340.0 Country Club Hills - 62.0 Virginia Hills
Virginia Run,Week3,Forest Hollow,Week1,202.0 Virginia Run - 200.0 Forest Hollow
Virginia Hills,Week5,Country Club Hills,Week2,323.0 Country Club Hills - 78.0 Virginia Hills
Virginia Hills,Week5,Country Club Hills,Week1,309.0 Country Club Hills - 93.0 Virginia Hills
Virginia Run,Week2,Tuckahoe,Week2,328.0 Tuckahoe - 74.0 Virginia Run
Virginia Run,Week2,Tuckahoe,Week3,347.0 Tuckahoe - 50.0 Virginia Run
Virginia Hills,Week5,North Springfield,Week5,189.0 North Springfield - 175.0 Virginia Hills
Virginia Run,Week1,Tuckahoe,Week3,340.0 Tuckahoe - 62.0 Virginia Run
Wakefield Chapel,Week4,Arlington Forest,Week5,250.0 Wakefield Chapel - 152.0 Arlington Forest
Wakefield Chapel,Week5,Arlington Forest,Week1,323.0 Wakefield Chapel - 79.0 Arlington Forest
Virginia Run,Week3,Forest Hollow,Week4,223.5 Forest Hollow - 178.5 Virginia Run
Virginia Hills,Week1,Oakton ,Week2,370.0 Oakton - 32.0 Virginia Hills
Virginia Run,Week3,Mantua,Week4,240.0 Mantua - 162.0 Virginia Run
Wakefield Chapel,Week5,Arlington Forest,Week2,335.0 Wakefield Chapel - 67.0 Arlington Forest
Virginia Hills,Week5,North Springfield,Week1,233.0 Virginia Hills - 116.0 North Springfield
Virginia Run,Week4,Forest Hollow,Week3,207.0 Virginia Run - 195.0 Forest Hollow
Virginia Hills,Week2,North Springfield,Week4,193.0 North Springfield - 185.0 Virginia Hills
Virginia Run,Week4,Mantua,Week2,220.0 Mantua - 182.0 Virginia Run
Virginia Hills,Week5,Country Club Hills,Week4,311.0 Country Club Hills - 86.0 Virginia Hills
Virginia Run,Week5,Mansion House,Week5,208.5 Virginia Run - 193.5 Mansion House
Virginia Run,Week3,Fox Hunt,Week4,217.0 Virginia Run - 185.0 Fox Hunt
Wakefield Chapel,Week5,Arlington Forest,Week3,347.0 Wakefield Chapel - 55.0 Arlington Forest
Virginia Hills,Week5,Country Club Hills,Week3,296.0 Country Club Hills - 106.0 Virginia Hills
Virginia Run,Week1,Vienna Aquatic,Week2,251.0 Vienna Aquatic - 151.0 Virginia Run
Virginia Run,Week1,Mantua,Week2,213.0 Mantua - 189.0 Virginia Run
Virginia Run,Week3,Tuckahoe,Week4,346.0 Tuckahoe - 56.0 Virginia Run
Virginia Hills,Week1,North Springfield,Week5,213.0 North Springfield - 152.0 Virginia Hills
Virginia Hills,Week3,North Springfield,Week1,214.0 Virginia Hills - 134.0 North Springfield
Wakefield Chapel,Week1,Brandywine,Week2,304.0 Wakefield Chapel - 98.0 Brandywine
Virginia Run,Week5,Fox Hunt,Week1,254.5 Virginia Run - 147.5 Fox Hunt
Virginia Run,Week3,Tuckahoe,Week1,324.0 Tuckahoe - 78.0 Virginia Run
Virginia Run,Week4,Mansion House,Week2,201.0 Mansion House - 201.0 Virginia Run
Wakefield Chapel,Week1,Brandywine,Week4,289.0 Wakefield Chapel - 113.0 Brandywine
Wakefield Chapel,Week1,Brandywine,Week1,307.0 Wakefield Chapel - 95.0 Brandywine
Wakefield Chapel,Week4,Arlington Forest,Week2,303.0 Wakefield Chapel - 99.0 Arlington Forest
Virginia Run,Week5,Mantua,Week4,205.0 Mantua - 197.0 Virginia Run
Virginia Hills,Week1,Country Club Hills,Week3,323.0 Country Club Hills - 79.0 Virginia Hills
Virginia Run,Week5,Mantua,Week2,210.0 Virginia Run - 192.0 Mantua
Wakefield Chapel,Week1,Brandywine,Week3,293.0 Wakefield Chapel - 109.0 Brandywine
Virginia Hills,Week4,Country Club Hills,Week3,328.0 Country Club Hills - 74.0 Virginia Hills
Wakefield Chapel,Week4,Arlington Forest,Week1,300.0 Wakefield Chapel - 102.0 Arlington Forest
Virginia Hills,Week4,North Springfield,Week3,226.0 North Springfield - 165.0 Virginia Hills
Virginia Run,Week4,Forest Hollow,Week5,214.0 Forest Hollow - 188.0 Virginia Run
Virginia Hills,Week1,Crosspointe,Week1,369.0 Crosspointe - 33.0 Virginia Hills
Virginia Run,Week5,Mansion House,Week2,224.0 Virginia Run - 178.0 Mansion House
Virginia Run,Week4,Tuckahoe,Week2,333.0 Tuckahoe - 69.0 Virginia Run
Virginia Hills,Week4,North Springfield,Week2,209.0 North Springfield - 176.0 Virginia Hills
Virginia Hills,Week4,North Springfield,Week4,213.0 North Springfield - 168.0 Virginia Hills
Virginia Run,Week2,Tuckahoe,Week5,334.0 Tuckahoe - 68.0 Virginia Run
Virginia Run,Week3,Tuckahoe,Week3,351.0 Tuckahoe - 51.0 Virginia Run
Virginia Hills,Week4,Country Club Hills,Week1,332.0 Country Club Hills - 70.0 Virginia Hills
Virginia Run,Week4,Fox Hunt,Week3,224.0 Virginia Run - 178.0 Fox Hunt
Virginia Hills,Week2,Country Club Hills,Week4,346.0 Country Club Hills - 56.0 Virginia Hills
Virginia Hills,Week3,North Springfield,Week3,223.0 North Springfield - 172.0 Virginia Hills
Virginia Hills,Week3,North Springfield,Week4,203.0 North Springfield - 187.0 Virginia Hills
Virginia Run,Week4,Mansion House,Week5,212.0 Mansion House - 190.0 Virginia Run
Virginia Hills,Week5,Country Club Hills,Week5,325.0 Country Club Hills - 77.0 Virginia Hills
Virginia Run,Week5,Forest Hollow,Week5,211.0 Virginia Run - 191.0 Forest Hollow
Wakefield Chapel,Week5,Arlington Forest,Week5,284.0 Wakefield Chapel - 118.0 Arlington Forest
Virginia Hills,Week2,North Springfield,Week2,220.0 North Springfield - 160.0 Virginia Hills
Virginia Run,Week5,Forest Hollow,Week1,218.0 Virginia Run - 184.0 Forest Hollow
Virginia Run,Week1,Fox Hunt,Week5,202.0 Virginia Run - 200.0 Fox Hunt
Virginia Run,Week1,Tuckahoe,Week5,320.0 Tuckahoe - 82.0 Virginia Run
Virginia Run,Week4,Forest Hollow,Week4,205.0 Virginia Run - 197.0 Forest Hollow
Virginia Run,Week3,Tuckahoe,Week2,329.0 Tuckahoe - 73.0 Virginia Run
Virginia Run,Week2,Mantua,Week5,258.0 Mantua - 144.0 Virginia Run
Virginia Hills,Week4,North Springfield,Week5,209.0 North Springfield - 157.0 Virginia Hills
Virginia Run,Week1,Mantua,Week4,225.0 Mantua - 177.0 Virginia Run
Virginia Hills,Week1,Crosspointe,Week2,361.0 Crosspointe - 41.0 Virginia Hills
Virginia Hills,Week3,North Springfield,Week2,210.0 North Springfield - 177.0 Virginia Hills
Wakefield Chapel,Week2,Brandywine,Week5,251.0 Wakefield Chapel - 151.0 Brandywine
Virginia Run,Week5,Tuckahoe,Week1,293.0 Tuckahoe - 109.0 Virginia Run
Virginia Run,Week5,Fox Hunt,Week5,224.0 Virginia Run - 178.0 Fox Hunt
Virginia Run,Week4,Tuckahoe,Week5,325.0 Tuckahoe - 77.0 Virginia Run
Virginia Run,Week4,Mantua,Week1,232.0 Mantua - 170.0 Virginia Run
Virginia Hills,Week5,Crosspointe,Week5,364.0 Crosspointe - 38.0 Virginia Hills
Virginia Run,Week5,Fox Hunt,Week3,236.0 Virginia Run - 166.0 Fox Hunt
Virginia Hills,Week1,Crosspointe,Week5,369.0 Crosspointe - 33.0 Virginia Hills
Virginia Run,Week5,Mansion House,Week1,210.0 Virginia Run - 192.0 Mansion House
Virginia Run,Week5,Tuckahoe,Week5,319.0 Tuckahoe - 83.0 Virginia Run
Virginia Run,Week4,Tuckahoe,Week1,318.0 Tuckahoe - 84.0 Virginia Run
Virginia Run,Week4,Tuckahoe,Week4,339.0 Tuckahoe - 63.0 Virginia Run
Virginia Run,Week1,Mantua,Week5,256.0 Mantua - 146.0 Virginia Run
Virginia Hills,Week4,Crosspointe,Week2,370.0 Crosspointe - 32.0 Virginia Hills
Virginia Hills,Week5,North Springfield,Week3,204.0 Virginia Hills - 187.0 North Springfield
Virginia Run,Week5,Fox Hunt,Week4,241.0 Virginia Run - 161.0 Fox Hunt
Virginia Hills,Week5,North Springfield,Week4,208.0 Virginia Hills - 175.0 North Springfield
Virginia Run,Week5,Fox Hunt,Week2,248.0 Virginia Run - 154.0 Fox Hunt
Wakefield Chapel,Week1,Brandywine,Week5,265.0 Wakefield Chapel - 137.0 Brandywine
Wakefield Chapel,Week2,Brandywine,Week1,292.0 Wakefield Chapel - 110.0 Brandywine
Wakefield Chapel,Week2,Brandywine,Week2,288.0 Wakefield Chapel - 114.0 Brandywine
Virginia Hills,Week5,North Springfield,Week2,202.5 Virginia Hills - 184.5 North Springfield
Virginia Run,Week3,Mantua,Week2,220.0 Mantua - 182.0 Virginia Run
Virginia Run,Week4,Fox Hunt,Week1,233.0 Virginia Run - 169.0 Fox Hunt
Virginia Hills,Week5,Crosspointe,Week4,366.0 Crosspointe - 36.0 Virginia Hills
Virginia Hills,Week1,Daventry,Week3,241.0 Daventry - 157.0 Virginia Hills
Virginia Run,Week1,Fox Hunt,Week2,237.0 Virginia Run - 165.0 Fox Hunt
Wakefield Chapel,Week4,Brandywine,Week1,289.0 Wakefield Chapel - 113.0 Brandywine
Virginia Run,Week1,Vienna Aquatic,Week3,263.0 Vienna Aquatic - 139.0 Virginia Run
Virginia Run,Week1,Mantua,Week1,218.0 Mantua - 184.0 Virginia Run
Virginia Run,Week2,Mantua,Week1,222.0 Mantua - 180.0 Virginia Run
Virginia Run,Week2,Vienna Aquatic,Week2,266.0 Vienna Aquatic - 136.0 Virginia Run
Wakefield Chapel,Week3,Brandywine,Week2,291.0 Wakefield Chapel - 111.0 Brandywine
Virginia Hills,Week1,Daventry,Week1,241.0 Daventry - 160.0 Virginia Hills
Virginia Hills,Week5,Crosspointe,Week2,358.0 Crosspointe - 44.0 Virginia Hills
Virginia Run,Week2,Vienna Aquatic,Week5,301.0 Vienna Aquatic - 101.0 Virginia Run
Wakefield Chapel,Week3,Brandywine,Week4,281.0 Wakefield Chapel - 121.0 Brandywine
Virginia Hills,Week4,Crosspointe,Week4,374.0 Crosspointe - 28.0 Virginia Hills
Virginia Run,Week5,Mansion House,Week3,208.0 Mansion House - 194.0 Virginia Run
Virginia Run,Week1,Fox Hunt,Week3,225.0 Virginia Run - 177.0 Fox Hunt
Wakefield Chapel,Week4,Brandywine,Week2,280.0 Wakefield Chapel - 122.0 Brandywine
Wakefield Chapel,Week3,Brandywine,Week5,261.0 Wakefield Chapel - 141.0 Brandywine
Virginia Run,Week2,Fox Hunt,Week3,206.0 Virginia Run - 196.0 Fox Hunt
Virginia Run,Week2,Mantua,Week2,218.0 Mantua - 184.0 Virginia Run
Virginia Hills,Week1,Oakton ,Week1,373.0 Oakton - 29.0 Virginia Hills
Virginia Run,Week5,Tuckahoe,Week2,314.0 Tuckahoe - 88.0 Virginia Run
Virginia Run,Week2,Fox Hunt,Week2,222.0 Virginia Run - 180.0 Fox Hunt
Virginia Hills,Week4,Crosspointe,Week5,378.0 Crosspointe - 24.0 Virginia Hills
Virginia Run,Week4,Vienna Aquatic,Week3,270.0 Vienna Aquatic - 132.0 Virginia Run
Virginia Hills,Week3,Crosspointe,Week3,354.0 Crosspointe - 48.0 Virginia Hills
Virginia Run,Week4,Mantua,Week3,259.0 Mantua - 143.0 Virginia Run
Virginia Run,Week4,Mantua,Week4,233.0 Mantua - 169.0 Virginia Run
Virginia Run,Week5,Tuckahoe,Week4,336.5 Tuckahoe - 65.5 Virginia Run
Wakefield Chapel,Week3,Bren Mar-Edsall Park,Week5,383.0 Wakefield Chapel - 19.0 Bren Mar-Edsall Park
Virginia Run,Week4,Mansion House,Week4,214.0 Virginia Run - 188.0 Mansion House
Virginia Run,Week1,Fox Hunt,Week4,240.0 Virginia Run - 162.0 Fox Hunt
Virginia Run,Week3,Fox Hunt,Week2,224.0 Virginia Run - 178.0 Fox Hunt
Virginia Run,Week3,Mantua,Week5,265.0 Mantua - 137.0 Virginia Run
Virginia Run,Week4,Vienna Aquatic,Week4,270.0 Vienna Aquatic - 132.0 Virginia Run
Virginia Run,Week2,Fox Hunt,Week4,219.0 Virginia Run - 183.0 Fox Hunt
Virginia Run,Week1,Vienna Aquatic,Week4,264.0 Vienna Aquatic - 138.0 Virginia Run
Wakefield Chapel,Week5,Brandywine,Week1,304.0 Wakefield Chapel - 98.0 Brandywine
Virginia Hills,Week1,Crosspointe,Week4,372.0 Crosspointe - 30.0 Virginia Hills
Virginia Hills,Week5,Crosspointe,Week1,367.0 Crosspointe - 35.0 Virginia Hills
Virginia Run,Week3,Vienna Aquatic,Week5,306.0 Vienna Aquatic - 96.0 Virginia Run
Wakefield Chapel,Week5,Brandywine,Week3,291.0 Wakefield Chapel - 111.0 Brandywine
Virginia Run,Week5,Vienna Aquatic,Week1,236.0 Vienna Aquatic - 166.0 Virginia Run
Virginia Hills,Week2,Crosspointe,Week3,365.0 Crosspointe - 32.0 Virginia Hills
Virginia Hills,Week2,Crosspointe,Week2,365.0 Crosspointe - 37.0 Virginia Hills
Wakefield Chapel,Week3,Bren Mar-Edsall Park,Week1,386.0 Wakefield Chapel - 16.0 Bren Mar-Edsall Park
Wakefield Chapel,Week4,Brandywine,Week3,265.0 Wakefield Chapel - 137.0 Brandywine
Virginia Run,Week5,Forest Hollow,Week4,231.0 Virginia Run - 171.0 Forest Hollow
Virginia Hills,Week3,Crosspointe,Week5,374.0 Crosspointe - 28.0 Virginia Hills
Virginia Run,Week5,Mantua,Week1,204.0 Mantua - 198.0 Virginia Run
Virginia Hills,Week3,Crosspointe,Week1,370.0 Crosspointe - 32.0 Virginia Hills
Virginia Run,Week2,Fox Hunt,Week1,238.0 Virginia Run - 164.0 Fox Hunt
Virginia Run,Week4,Vienna Aquatic,Week5,296.0 Vienna Aquatic - 106.0 Virginia Run
Virginia Run,Week4,Mansion House,Week1,205.0 Mansion House - 197.0 Virginia Run
Wakefield Chapel,Week1,Bren Mar-Edsall Park,Week2,386.0 Wakefield Chapel - 16.0 Bren Mar-Edsall Park
Virginia Run,Week1,Vienna Aquatic,Week1,254.0 Vienna Aquatic - 148.0 Virginia Run
Virginia Run,Week2,Fox Hunt,Week5,205.0 Fox Hunt - 197.0 Virginia Run
Virginia Run,Week3,Mantua,Week3,278.0 Mantua - 124.0 Virginia Run
Virginia Run,Week5,Forest Hollow,Week3,218.0 Virginia Run - 184.0 Forest Hollow
Virginia Run,Week4,Mansion House,Week3,229.0 Mansion House - 173.0 Virginia Run
Virginia Run,Week2,Mantua,Week3,279.0 Mantua - 123.0 Virginia Run
Virginia Run,Week5,Mansion House,Week4,225.0 Virginia Run - 177.0 Mansion House
Virginia Run,Week3,Fox Hunt,Week3,210.0 Virginia Run - 192.0 Fox Hunt
Wakefield Chapel,Week1,Bren Mar-Edsall Park,Week3,380.0 Wakefield Chapel - 22.0 Bren Mar-Edsall Park
Virginia Run,Week3,Fox Hunt,Week1,233.0 Virginia Run - 169.0 Fox Hunt
Virginia Run,Week1,Fox Hunt,Week1,245.0 Virginia Run - 157.0 Fox Hunt
Virginia Hills,Week2,Crosspointe,Week5,369.5 Crosspointe - 32.5 Virginia Hills
Wakefield Chapel,Week5,Brandywine,Week5,264.0 Wakefield Chapel - 138.0 Brandywine
Virginia Run,Week5,Tuckahoe,Week3,334.0 Tuckahoe - 68.0 Virginia Run
Virginia Hills,Week2,Crosspointe,Week1,371.0 Crosspointe - 31.0 Virginia Hills
Wakefield Chapel,Week5,Brandywine,Week4,292.0 Wakefield Chapel - 110.0 Brandywine
Virginia Run,Week5,Vienna Aquatic,Week2,229.0 Vienna Aquatic - 173.0 Virginia Run
Virginia Hills,Week2,Crosspointe,Week4,372.0 Crosspointe - 30.0 Virginia Hills
Virginia Run,Week1,McLean,Week2,266.5 McLean - 135.5 Virginia Run
Virginia Hills,Week1,Daventry,Week2,244.0 Daventry - 152.0 Virginia Hills
Virginia Run,Week4,Fox Hunt,Week4,223.0 Virginia Run - 179.0 Fox Hunt
Virginia Hills,Week5,Crosspointe,Week3,360.0 Crosspointe - 42.0 Virginia Hills
Virginia Run,Week5,Mantua,Week3,246.5 Mantua - 155.5 Virginia Run
Virginia Run,Week3,Vienna Aquatic,Week1,273.0 Vienna Aquatic - 129.0 Virginia Run
Wakefield Chapel,Week1,Bren Mar-Edsall Park,Week5,378.0 Wakefield Chapel - 19.0 Bren Mar-Edsall Park
Virginia Run,Week4,Tuckahoe,Week3,334.5 Tuckahoe - 67.5 Virginia Run
Virginia Run,Week3,Vienna Aquatic,Week3,285.0 Vienna Aquatic - 117.0 Virginia Run
Wakefield Chapel,Week3,Bren Mar-Edsall Park,Week3,384.0 Wakefield Chapel - 18.0 Bren Mar-Edsall Park
Wakefield Chapel,Week5,Brandywine,Week2,295.0 Wakefield Chapel - 107.0 Brandywine
Virginia Run,Week3,Fox Hunt,Week5,205.0 Fox Hunt - 197.0 Virginia Run
Wakefield Chapel,Week2,Bren Mar-Edsall Park,Week4,385.0 Wakefield Chapel - 17.0 Bren Mar-Edsall Park
Virginia Run,Week3,McLean,Week4,275.0 McLean - 127.0 Virginia Run
Virginia Run,Week2,Vienna Aquatic,Week1,277.0 Vienna Aquatic - 125.0 Virginia Run
Wakefield Chapel,Week4,Brandywine,Week5,248.0 Wakefield Chapel - 154.0 Brandywine
Wakefield Chapel,Week2,Bren Mar-Edsall Park,Week2,389.0 Wakefield Chapel - 13.0 Bren Mar-Edsall Park
Virginia Run,Week4,Fox Hunt,Week2,229.0 Virginia Run - 173.0 Fox Hunt
Virginia Run,Week2,Vienna Aquatic,Week4,281.0 Vienna Aquatic - 121.0 Virginia Run
Virginia Hills,Week3,Crosspointe,Week2,364.0 Crosspointe - 38.0 Virginia Hills
Virginia Hills,Week3,Crosspointe,Week4,368.0 Crosspointe - 34.0 Virginia Hills
Virginia Run,Week3,Vienna Aquatic,Week2,273.0 Vienna Aquatic - 129.0 Virginia Run
Virginia Run,Week4,McLean,Week4,272.0 McLean - 130.0 Virginia Run
Virginia Run,Week4,Fox Hunt,Week5,204.0 Fox Hunt - 198.0 Virginia Run
Virginia Run,Week4,McLean,Week2,280.0 McLean - 122.0 Virginia Run
Virginia Run,Week1,McLean,Week5,269.0 McLean - 133.0 Virginia Run
Virginia Run,Week1,Fox Mill Woods,Week1,220.0 Fox Mill Woods - 182.0 Virginia Run
Virginia Hills,Week4,Crosspointe,Week1,374.0 Crosspointe - 28.0 Virginia Hills
Virginia Run,Week2,Mosby Woods,Week5,254.0 Mosby Woods - 148.0 Virginia Run
Virginia Run,Week1,Vienna Aquatic,Week5,295.0 Vienna Aquatic - 107.0 Virginia Run
Virginia Run,Week5,Mantua,Week5,245.5 Mantua - 156.5 Virginia Run
Wakefield Chapel,Week1,Bren Mar-Edsall Park,Week1,382.0 Wakefield Chapel - 20.0 Bren Mar-Edsall Park
Wakefield Chapel,Week1,Bren Mar-Edsall Park,Week4,380.0 Wakefield Chapel - 22.0 Bren Mar-Edsall Park
Virginia Run,Week5,Mosby Woods,Week2,240.0 Mosby Woods - 162.0 Virginia Run
Virginia Run,Week4,Vienna Aquatic,Week1,255.0 Vienna Aquatic - 147.0 Virginia Run
Virginia Run,Week1,Fox Mill Estates,Week5,276.0 Virginia Run - 126.0 Fox Mill Estates
Virginia Run,Week1,McLean,Week3,259.0 McLean - 143.0 Virginia Run
Virginia Run,Week3,Fox Mill Estates,Week3,256.0 Virginia Run - 146.0 Fox Mill Estates
Virginia Run,Week3,Vienna Aquatic,Week4,287.0 Vienna Aquatic - 115.0 Virginia Run
Wakefield Chapel,Week2,Bren Mar-Edsall Park,Week1,386.0 Wakefield Chapel - 16.0 Bren Mar-Edsall Park
Virginia Run,Week5,McLean,Week1,261.0 McLean - 141.0 Virginia Run
Wakefield Chapel,Week4,Bren Mar-Edsall Park,Week1,387.0 Wakefield Chapel - 14.0 Bren Mar-Edsall Park
Virginia Run,Week1,Mosby Woods,Week5,231.0 Mosby Woods - 171.0 Virginia Run
Virginia Run,Week2,McLean,Week1,269.0 McLean - 133.0 Virginia Run
Virginia Run,Week1,Fox Mill Woods,Week4,225.0 Fox Mill Woods - 177.0 Virginia Run
Wakefield Chapel,Week3,Bren Mar-Edsall Park,Week4,384.0 Wakefield Chapel - 18.0 Bren Mar-Edsall Park
Virginia Hills,Week4,Crosspointe,Week3,363.0 Crosspointe - 39.0 Virginia Hills
Virginia Run,Week5,McLean,Week2,266.0 McLean - 136.0 Virginia Run
Virginia Run,Week2,Vienna Aquatic,Week3,274.0 Vienna Aquatic - 128.0 Virginia Run
Virginia Run,Week4,Fox Mill Estates,Week4,239.0 Virginia Run - 163.0 Fox Mill Estates
Virginia Run,Week2,Fox Mill Estates,Week4,225.0 Virginia Run - 177.0 Fox Mill Estates
Virginia Run,Week2,McLean,Week2,269.0 McLean - 133.0 Virginia Run
Virginia Run,Week2,Fox Mill Estates,Week5,251.0 Virginia Run - 151.0 Fox Mill Estates
Virginia Run,Week1,Fox Mill Estates,Week2,277.0 Virginia Run - 125.0 Fox Mill Estates
Virginia Run,Week4,Rolling Forest,Week4,239.0 Virginia Run - 163.0 Rolling Forest
Virginia Run,Week2,Mosby Woods,Week3,251.0 Mosby Woods - 151.0 Virginia Run
Wakefield Chapel,Week2,Bren Mar-Edsall Park,Week3,385.0 Wakefield Chapel - 17.0 Bren Mar-Edsall Park
Virginia Run,Week3,Mosby Woods,Week3,249.0 Mosby Woods - 153.0 Virginia Run
Virginia Run,Week1,Rolling Hills,Week3,269.0 Virginia Run - 133.0 Rolling Hills
Virginia Run,Week1,Fox Mill Estates,Week3,276.0 Virginia Run - 126.0 Fox Mill Estates
Virginia Hills,Week2,Donaldson Run,Week2,373.0 Donaldson Run - 29.0 Virginia Hills
Virginia Run,Week2,Fox Mill Estates,Week1,270.0 Virginia Run - 127.0 Fox Mill Estates
Virginia Run,Week3,Rolling Forest,Week1,223.0 Virginia Run - 179.0 Rolling Forest
Virginia Run,Week5,McLean,Week3,274.0 McLean - 128.0 Virginia Run
Virginia Run,Week1,Mosby Woods,Week2,233.0 Mosby Woods - 169.0 Virginia Run
Virginia Run,Week4,Fox Mill Estates,Week3,250.0 Virginia Run - 152.0 Fox Mill Estates
Virginia Run,Week3,McLean,Week2,289.0 McLean - 113.0 Virginia Run
Virginia Run,Week2,Rolling Hills,Week4,249.0 Virginia Run - 153.0 Rolling Hills
Virginia Run,Week3,Mount Vernon Park,Week4,249.0 Mount Vernon Park - 153.0 Virginia Run
Virginia Run,Week3,Rolling Forest,Week3,222.0 Virginia Run - 180.0 Rolling Forest
Wakefield Chapel,Week3,Bren Mar-Edsall Park,Week2,385.0 Wakefield Chapel - 17.0 Bren Mar-Edsall Park
Virginia Run,Week4,Vienna Aquatic,Week2,255.0 Vienna Aquatic - 147.0 Virginia Run
Virginia Run,Week1,McLean,Week1,259.0 McLean - 143.0 Virginia Run
Virginia Run,Week3,Rolling Forest,Week2,233.0 Virginia Run - 169.0 Rolling Forest
Wakefield Chapel,Week4,Bren Mar-Edsall Park,Week2,386.0 Wakefield Chapel - 16.0 Bren Mar-Edsall Park
Wakefield Chapel,Week2,Bren Mar-Edsall Park,Week5,384.0 Wakefield Chapel - 18.0 Bren Mar-Edsall Park
Virginia Run,Week3,Mount Vernon Park,Week2,247.0 Mount Vernon Park - 155.0 Virginia Run
Virginia Run,Week3,Rolling Hills,Week4,263.0 Virginia Run - 139.0 Rolling Hills
Virginia Run,Week3,Mosby Woods,Week5,258.0 Mosby Woods - 144.0 Virginia Run
Virginia Run,Week2,Mount Vernon Park,Week3,269.0 Mount Vernon Park - 133.0 Virginia Run
Virginia Hills,Week5,Donaldson Run,Week2,348.0 Donaldson Run - 54.0 Virginia Hills
Virginia Hills,Week4,Donaldson Run,Week3,381.0 Donaldson Run - 21.0 Virginia Hills
Virginia Hills,Week3,Donaldson Run,Week2,375.0 Donaldson Run - 27.0 Virginia Hills
Virginia Run,Week5,Fox Mill Estates,Week2,284.0 Virginia Run - 118.0 Fox Mill Estates
Virginia Run,Week1,Mosby Woods,Week4,226.5 Mosby Woods - 175.5 Virginia Run
Virginia Run,Week5,Rolling Forest,Week5,225.0 Virginia Run - 177.0 Rolling Forest
Virginia Run,Week4,Mosby Woods,Week4,231.0 Mosby Woods - 171.0 Virginia Run
Virginia Run,Week4,Fox Mill Estates,Week5,263.0 Virginia Run - 139.0 Fox Mill Estates
Virginia Run,Week3,Fox Mill Estates,Week1,280.0 Virginia Run - 122.0 Fox Mill Estates
Virginia Run,Week2,Mount Vernon Park,Week1,255.5 Mount Vernon Park - 146.5 Virginia Run
Virginia Run,Week1,Mosby Woods,Week1,246.0 Mosby Woods - 156.0 Virginia Run
Virginia Run,Week3,Fox Mill Estates,Week5,249.0 Virginia Run - 153.0 Fox Mill Estates
Virginia Run,Week1,Fox Mill Estates,Week1,298.0 Virginia Run - 104.0 Fox Mill Estates
Virginia Run,Week2,Mosby Woods,Week1,255.0 Mosby Woods - 147.0 Virginia Run
Virginia Run,Week1,Mosby Woods,Week3,230.0 Mosby Woods - 172.0 Virginia Run
Virginia Run,Week4,Rolling Forest,Week1,230.0 Virginia Run - 172.0 Rolling Forest
Virginia Run,Week5,McLean,Week5,271.0 McLean - 131.0 Virginia Run
Virginia Run,Week4,McLean,Week3,279.0 McLean - 123.0 Virginia Run
Virginia Run,Week3,Mosby Woods,Week4,238.0 Mosby Woods - 164.0 Virginia Run
Virginia Hills,Week3,Donaldson Run,Week5,383.0 Donaldson Run - 19.0 Virginia Hills
Virginia Run,Week1,Rolling Hills,Week2,268.0 Virginia Run - 134.0 Rolling Hills
Virginia Run,Week3,Fox Mill Estates,Week2,267.0 Virginia Run - 135.0 Fox Mill Estates
Virginia Hills,Week2,Donaldson Run,Week5,385.0 Donaldson Run - 17.0 Virginia Hills
Virginia Run,Week3,McLean,Week3,294.0 McLean - 108.0 Virginia Run
Virginia Run,Week2,McLean,Week3,285.0 McLean - 117.0 Virginia Run
Wakefield Chapel,Week5,Bren Mar-Edsall Park,Week1,389.0 Wakefield Chapel - 13.0 Bren Mar-Edsall Park
Virginia Run,Week3,Mosby Woods,Week1,256.0 Mosby Woods - 146.0 Virginia Run
Virginia Run,Week3,Mosby Woods,Week2,254.0 Mosby Woods - 148.0 Virginia Run
Virginia Run,Week5,McLean,Week4,264.0 McLean - 138.0 Virginia Run
Virginia Hills,Week4,Donaldson Run,Week5,387.5 Donaldson Run - 14.5 Virginia Hills
Virginia Run,Week4,Rolling Forest,Week5,214.0 Virginia Run - 188.0 Rolling Forest
Virginia Run,Week4,Fox Mill Estates,Week1,283.0 Virginia Run - 119.0 Fox Mill Estates
Virginia Run,Week2,Fox Mill Estates,Week2,246.0 Virginia Run - 156.0 Fox Mill Estates
Virginia Run,Week1,Rolling Hills,Week1,273.0 Virginia Run - 129.0 Rolling Hills
Virginia Run,Week5,Rolling Forest,Week3,233.0 Virginia Run - 169.0 Rolling Forest
Virginia Run,Week1,McLean,Week4,252.0 McLean - 150.0 Virginia Run
Virginia Hills,Week4,Donaldson Run,Week1,380.0 Donaldson Run - 22.0 Virginia Hills
Virginia Run,Week3,Fox Mill Estates,Week4,242.0 Virginia Run - 160.0 Fox Mill Estates
Virginia Run,Week2,Mosby Woods,Week4,243.0 Mosby Woods - 159.0 Virginia Run
Virginia Run,Week5,Mosby Woods,Week3,230.5 Mosby Woods - 171.5 Virginia Run
Virginia Hills,Week5,Donaldson Run,Week3,362.0 Donaldson Run - 40.0 Virginia Hills
Virginia Hills,Week3,Dowden Terrace,Week1,334.0 Dowden Terrace - 67.0 Virginia Hills
Virginia Run,Week4,Fox Mill Estates,Week2,259.0 Virginia Run - 143.0 Fox Mill Estates
Virginia Run,Week1,Rolling Hills,Week5,271.0 Virginia Run - 131.0 Rolling Hills
Virginia Run,Week5,Fox Mill Estates,Week3,280.0 Virginia Run - 122.0 Fox Mill Estates
Virginia Run,Week1,Rolling Hills,Week4,283.0 Virginia Run - 119.0 Rolling Hills
Virginia Run,Week4,McLean,Week5,280.0 McLean - 122.0 Virginia Run
Virginia Run,Week4,Mosby Woods,Week1,241.5 Mosby Woods - 160.5 Virginia Run
Virginia Run,Week5,Mosby Woods,Week4,211.5 Mosby Woods - 190.5 Virginia Run
Virginia Run,Week5,Mosby Woods,Week1,239.0 Mosby Woods - 163.0 Virginia Run
Wakefield Chapel,Week5,Bren Mar-Edsall Park,Week4,388.0 Wakefield Chapel - 14.0 Bren Mar-Edsall Park
Virginia Run,Week5,Fox Mill Estates,Week4,255.0 Virginia Run - 147.0 Fox Mill Estates
Virginia Run,Week1,Fox Mill Estates,Week4,254.0 Virginia Run - 148.0 Fox Mill Estates
Virginia Run,Week2,McLean,Week5,283.0 McLean - 119.0 Virginia Run
Virginia Hills,Week4,Dowden Terrace,Week4,350.0 Dowden Terrace - 52.0 Virginia Hills
Virginia Run,Week3,Rolling Forest,Week5,209.0 Virginia Run - 193.0 Rolling Forest
Virginia Run,Week3,McLean,Week1,266.0 McLean - 136.0 Virginia Run
Virginia Hills,Week4,Donaldson Run,Week4,380.0 Donaldson Run - 22.0 Virginia Hills
Virginia Run,Week4,Rolling Forest,Week3,225.0 Virginia Run - 177.0 Rolling Forest
Virginia Run,Week5,Rolling Forest,Week1,259.0 Virginia Run - 143.0 Rolling Forest
Virginia Run,Week2,Fox Mill Estates,Week3,252.0 Virginia Run - 150.0 Fox Mill Estates
Virginia Run,Week4,Rolling Forest,Week2,246.0 Virginia Run - 156.0 Rolling Forest
Virginia Run,Week3,McLean,Week5,283.5 McLean - 118.5 Virginia Run
Virginia Hills,Week4,Dowden Terrace,Week2,340.0 Dowden Terrace - 62.0 Virginia Hills
Virginia Run,Week2,McLean,Week4,270.5 McLean - 126.5 Virginia Run
Virginia Run,Week4,Mosby Woods,Week5,247.0 Mosby Woods - 155.0 Virginia Run
Virginia Run,Week4,Mosby Woods,Week3,244.0 Mosby Woods - 158.0 Virginia Run
Virginia Run,Week1,Mount Vernon Park,Week1,233.0 Mount Vernon Park - 169.0 Virginia Run
Virginia Run,Week4,McLean,Week1,269.5 McLean - 132.5 Virginia Run
Virginia Hills,Week2,Donaldson Run,Week3,375.0 Donaldson Run - 27.0 Virginia Hills
Virginia Run,Week5,Fox Mill Estates,Week1,297.5 Virginia Run - 104.5 Fox Mill Estates
Virginia Hills,Week3,Donaldson Run,Week3,378.0 Donaldson Run - 24.0 Virginia Hills
Virginia Run,Week2,Mount Vernon Park,Week2,249.0 Mount Vernon Park - 153.0 Virginia Run
Virginia Run,Week1,Mount Vernon Park,Week2,217.0 Mount Vernon Park - 185.0 Virginia Run
Virginia Run,Week5,Hunt Valley,Week5,254.0 Hunt Valley - 148.0 Virginia Run
Virginia Run,Week1,Mount Vernon Park,Week3,243.0 Mount Vernon Park - 159.0 Virginia Run
Virginia Run,Week5,Mosby Woods,Week5,216.5 Mosby Woods - 185.5 Virginia Run
Virginia Run,Week5,Fox Mill Estates,Week5,279.0 Virginia Run - 123.0 Fox Mill Estates
Virginia Hills,Week2,Dowden Terrace,Week3,349.0 Dowden Terrace - 53.0 Virginia Hills
Virginia Run,Week2,Great Falls,Week3,202.0 Virginia Run - 200.0 Great Falls
Virginia Run,Week3,Rolling Hills,Week2,251.5 Virginia Run - 150.5 Rolling Hills
Wakefield Chapel,Week5,Bren Mar-Edsall Park,Week5,388.0 Wakefield Chapel - 14.0 Bren Mar-Edsall Park
Virginia Run,Week5,Fox Mill Woods,Week1,223.0 Fox Mill Woods - 179.0 Virginia Run
Virginia Hills,Week5,Donaldson Run,Week1,350.0 Donaldson Run - 52.0 Virginia Hills
Virginia Run,Week5,Rolling Forest,Week2,255.0 Virginia Run - 147.0 Rolling Forest
Virginia Run,Week4,Mosby Woods,Week2,241.0 Mosby Woods - 161.0 Virginia Run
Virginia Run,Week2,Mount Vernon Park,Week5,272.0 Mount Vernon Park - 130.0 Virginia Run
Virginia Run,Week1,Fox Mill Woods,Week3,218.0 Fox Mill Woods - 184.0 Virginia Run
Wakefield Chapel,Week4,Bren Mar-Edsall Park,Week3,382.0 Wakefield Chapel - 20.0 Bren Mar-Edsall Park
Virginia Run,Week3,Hunter Mill,Week1,221.0 Hunter Mill - 181.0 Virginia Run
Virginia Run,Week3,Hunter Mill,Week4,244.5 Hunter Mill - 157.5 Virginia Run
Wakefield Chapel,Week5,Bren Mar-Edsall Park,Week3,389.0 Wakefield Chapel - 13.0 Bren Mar-Edsall Park
Virginia Run,Week2,Great Falls,Week1,241.0 Virginia Run - 161.0 Great Falls
Virginia Run,Week3,Hunter Mill,Week2,227.0 Hunter Mill - 175.0 Virginia Run
Virginia Run,Week1,Mount Vernon Park,Week4,228.0 Mount Vernon Park - 174.0 Virginia Run
Virginia Hills,Week2,Dowden Terrace,Week1,329.0 Dowden Terrace - 69.0 Virginia Hills
Virginia Run,Week2,Rolling Hills,Week3,246.0 Virginia Run - 156.0 Rolling Hills
Virginia Hills,Week2,Dowden Terrace,Week5,361.0 Dowden Terrace - 41.0 Virginia Hills
Virginia Run,Week3,Rolling Forest,Week4,234.0 Virginia Run - 168.0 Rolling Forest
Virginia Run,Week2,Mosby Woods,Week2,242.0 Mosby Woods - 160.0 Virginia Run
Virginia Run,Week2,Rolling Hills,Week1,252.0 Virginia Run - 150.0 Rolling Hills
Virginia Hills,Week3,Donaldson Run,Week1,380.0 Donaldson Run - 22.0 Virginia Hills
Virginia Run,Week1,Fox Mill Woods,Week2,213.0 Fox Mill Woods - 189.0 Virginia Run
Virginia Run,Week3,Rolling Hills,Week1,249.0 Virginia Run - 153.0 Rolling Hills
Virginia Run,Week1,Great Falls,Week2,231.0 Virginia Run - 153.0 Great Falls
Wakefield Chapel,Week4,Bren Mar-Edsall Park,Week5,377.0 Wakefield Chapel - 25.0 Bren Mar-Edsall Park
Virginia Run,Week1,Hunter Mill,Week4,225.0 Hunter Mill - 177.0 Virginia Run
Virginia Hills,Week3,Donaldson Run,Week4,373.0 Donaldson Run - 29.0 Virginia Hills
Virginia Run,Week1,Mount Vernon Park,Week5,253.0 Mount Vernon Park - 149.0 Virginia Run
Virginia Run,Week3,Hunter Mill,Week5,246.5 Hunter Mill - 155.5 Virginia Run
Virginia Run,Week2,Hunter Mill,Week3,236.0 Hunter Mill - 166.0 Virginia Run
Virginia Hills,Week3,Dowden Terrace,Week2,328.0 Dowden Terrace - 74.0 Virginia Hills
Virginia Run,Week1,Hunter Mill,Week5,226.0 Hunter Mill - 176.0 Virginia Run
Virginia Hills,Week4,Donaldson Run,Week2,373.0 Donaldson Run - 29.0 Virginia Hills
Virginia Run,Week2,Rolling Hills,Week5,244.0 Virginia Run - 158.0 Rolling Hills
Virginia Run,Week5,Rolling Forest,Week4,256.0 Virginia Run - 146.0 Rolling Forest
Virginia Run,Week5,Fox Mill Woods,Week4,236.0 Fox Mill Woods - 166.0 Virginia Run
Virginia Run,Week2,Great Falls,Week4,219.0 Virginia Run - 178.0 Great Falls
Virginia Run,Week2,Rolling Hills,Week2,239.0 Virginia Run - 163.0 Rolling Hills
Virginia Run,Week2,Mount Vernon Park,Week4,254.0 Mount Vernon Park - 148.0 Virginia Run
Virginia Run,Week1,Great Falls,Week3,223.0 Virginia Run - 179.0 Great Falls
Virginia Hills,Week1,Dowden Terrace,Week2,327.0 Dowden Terrace - 75.0 Virginia Hills
Virginia Hills,Week2,Dowden Terrace,Week4,349.0 Dowden Terrace - 53.0 Virginia Hills
Virginia Run,Week3,Mount Vernon Park,Week3,263.0 Mount Vernon Park - 139.0 Virginia Run
Virginia Run,Week3,Great Falls,Week2,205.0 Virginia Run - 179.0 Great Falls
Virginia Run,Week5,Hunter Mill,Week5,216.0 Hunter Mill - 186.0 Virginia Run
Virginia Run,Week4,Rolling Hills,Week2,268.0 Virginia Run - 134.0 Rolling Hills
Virginia Run,Week5,Mount Vernon Park,Week2,223.0 Mount Vernon Park - 179.0 Virginia Run
Virginia Run,Week4,Mount Vernon Park,Week3,251.0 Mount Vernon Park - 151.0 Virginia Run
Virginia Run,Week1,Hunter Mill,Week2,215.0 Hunter Mill - 187.0 Virginia Run
Virginia Run,Week4,Fox Mill Woods,Week5,255.0 Fox Mill Woods - 147.0 Virginia Run
Virginia Run,Week3,Mount Vernon Park,Week1,251.0 Mount Vernon Park - 151.0 Virginia Run
Virginia Run,Week4,Rolling Hills,Week4,260.5 Virginia Run - 141.5 Rolling Hills
Virginia Run,Week4,Hunter Mill,Week3,233.0 Hunter Mill - 169.0 Virginia Run
Virginia Run,Week2,Hunter Mill,Week1,219.0 Hunter Mill - 183.0 Virginia Run
Wakefield Chapel,Week5,Bren Mar-Edsall Park,Week2,391.0 Wakefield Chapel - 11.0 Bren Mar-Edsall Park
Virginia Run,Week3,Fox Mill Woods,Week2,245.5 Fox Mill Woods - 156.5 Virginia Run
Virginia Run,Week4,Rolling Hills,Week5,264.0 Virginia Run - 138.0 Rolling Hills
Virginia Run,Week5,Hunt Valley,Week4,240.0 Hunt Valley - 162.0 Virginia Run
Virginia Hills,Week5,Donaldson Run,Week4,365.5 Donaldson Run - 35.5 Virginia Hills
Virginia Run,Week3,Rolling Hills,Week5,268.0 Virginia Run - 134.0 Rolling Hills
Virginia Run,Week3,Rolling Hills,Week3,250.0 Virginia Run - 152.0 Rolling Hills
Wakefield Chapel,Week4,Bren Mar-Edsall Park,Week4,384.0 Wakefield Chapel - 18.0 Bren Mar-Edsall Park
Virginia Hills,Week3,Dowden Terrace,Week4,348.0 Dowden Terrace - 54.0 Virginia Hills
Virginia Run,Week2,Rolling Valley,Week3,298.0 Virginia Run - 104.0 Rolling Valley
Virginia Run,Week1,Hunter Mill,Week1,201.0 Hunter Mill - 201.0 Virginia Run
Virginia Hills,Week2,Donaldson Run,Week4,371.0 Donaldson Run - 31.0 Virginia Hills
Virginia Run,Week2,Fox Mill Woods,Week5,265.0 Fox Mill Woods - 137.0 Virginia Run
Virginia Run,Week4,Rolling Valley,Week1,356.0 Virginia Run - 46.0 Rolling Valley
Virginia Run,Week3,Fox Mill Woods,Week5,261.0 Fox Mill Woods - 141.0 Virginia Run
Virginia Run,Week2,Hunter Mill,Week2,218.0 Hunter Mill - 184.0 Virginia Run
Virginia Run,Week5,Fox Mill Woods,Week2,212.0 Fox Mill Woods - 190.0 Virginia Run
Virginia Run,Week2,Fox Mill Woods,Week2,245.0 Fox Mill Woods - 157.0 Virginia Run
Virginia Run,Week1,Newington Forest,Week4,287.0 Virginia Run - 115.0 Newington Forest
Virginia Run,Week4,Hunter Mill,Week2,217.0 Hunter Mill - 185.0 Virginia Run
Virginia Run,Week5,Rolling Valley,Week2,342.0 Virginia Run - 60.0 Rolling Valley
Virginia Hills,Week1,Dowden Terrace,Week1,324.0 Dowden Terrace - 74.0 Virginia Hills
Virginia Run,Week3,Rolling Valley,Week3,317.0 Virginia Run - 85.0 Rolling Valley
Virginia Run,Week3,Mount Vernon Park,Week5,263.5 Mount Vernon Park - 138.5 Virginia Run
Virginia Run,Week1,Fox Mill Woods,Week5,239.0 Fox Mill Woods - 163.0 Virginia Run
Virginia Run,Week4,Mount Vernon Park,Week5,259.0 Mount Vernon Park - 143.0 Virginia Run
Virginia Run,Week4,Mount Vernon Park,Week1,239.5 Mount Vernon Park - 162.5 Virginia Run
Virginia Hills,Week1,Dowden Terrace,Week4,348.0 Dowden Terrace - 54.0 Virginia Hills
Virginia Run,Week2,Hunter Mill,Week5,240.0 Hunter Mill - 162.0 Virginia Run
Virginia Run,Week4,Rolling Valley,Week5,319.0 Virginia Run - 83.0 Rolling Valley
Virginia Hills,Week4,Canterbury Woods,Week4,311.0 Canterbury Woods - 91.0 Virginia Hills
Virginia Hills,Week3,Dowden Terrace,Week3,341.0 Dowden Terrace - 61.0 Virginia Hills
Virginia Hills,Week5,Donaldson Run,Week5,366.5 Donaldson Run - 30.5 Virginia Hills
Virginia Run,Week1,Great Falls,Week1,262.0 Virginia Run - 140.0 Great Falls
Virginia Run,Week3,Hunter Mill,Week3,238.0 Hunter Mill - 164.0 Virginia Run
Virginia Hills,Week1,Dowden Terrace,Week3,342.0 Dowden Terrace - 60.0 Virginia Hills
Virginia Run,Week4,Newington Forest,Week1,326.0 Virginia Run - 76.0 Newington Forest
Virginia Run,Week3,Newington Forest,Week1,315.5 Virginia Run - 86.5 Newington Forest
Virginia Run,Week1,Rolling Valley,Week3,325.0 Virginia Run - 77.0 Rolling Valley
Virginia Run,Week3,Rolling Valley,Week2,322.0 Virginia Run - 80.0 Rolling Valley
Virginia Hills,Week4,Dowden Terrace,Week3,344.0 Dowden Terrace - 58.0 Virginia Hills
Virginia Run,Week3,Rolling Valley,Week1,354.0 Virginia Run - 48.0 Rolling Valley
Virginia Run,Week5,Mount Vernon Park,Week3,244.0 Mount Vernon Park - 158.0 Virginia Run
Virginia Run,Week2,Rolling Valley,Week2,317.0 Virginia Run - 85.0 Rolling Valley
Virginia Run,Week1,Newington Forest,Week5,279.0 Virginia Run - 123.0 Newington Forest
Virginia Hills,Week2,Dowden Terrace,Week2,338.5 Dowden Terrace - 58.5 Virginia Hills
Virginia Run,Week1,Rolling Valley,Week5,317.0 Virginia Run - 85.0 Rolling Valley
Virginia Run,Week4,Rolling Hills,Week3,260.0 Virginia Run - 142.0 Rolling Hills
Virginia Hills,Week4,Dowden Terrace,Week1,330.0 Dowden Terrace - 68.0 Virginia Hills
Virginia Hills,Week4,Canterbury Woods,Week5,293.0 Canterbury Woods - 105.0 Virginia Hills
Virginia Run,Week3,Fox Mill Woods,Week1,253.0 Fox Mill Woods - 149.0 Virginia Run
Virginia Run,Week2,Hunter Mill,Week4,234.0 Hunter Mill - 168.0 Virginia Run
Virginia Run,Week4,Fox Mill Woods,Week1,243.0 Fox Mill Woods - 159.0 Virginia Run
Virginia Hills,Week1,Dowden Terrace,Week5,354.0 Dowden Terrace - 48.0 Virginia Hills
Virginia Run,Week1,Ilda Community,Week1,291.0 Virginia Run - 111.0 Ilda Community
Virginia Hills,Week4,Dowden Terrace,Week5,362.0 Dowden Terrace - 40.0 Virginia Hills
Virginia Hills,Week3,Dowden Terrace,Week5,351.0 Dowden Terrace - 51.0 Virginia Hills
Virginia Run,Week2,Fox Mill Woods,Week3,248.0 Fox Mill Woods - 154.0 Virginia Run
Virginia Run,Week4,Hunter Mill,Week5,240.0 Hunter Mill - 162.0 Virginia Run
Virginia Run,Week5,Rolling Valley,Week4,343.0 Virginia Run - 59.0 Rolling Valley
Virginia Run,Week2,Fox Mill Woods,Week1,251.0 Fox Mill Woods - 151.0 Virginia Run
Virginia Run,Week3,Fox Mill Woods,Week3,242.0 Fox Mill Woods - 160.0 Virginia Run
Virginia Hills,Week5,Dowden Terrace,Week4,324.0 Dowden Terrace - 78.0 Virginia Hills
Virginia Run,Week2,Newington Forest,Week3,300.0 Virginia Run - 102.0 Newington Forest
Virginia Run,Week2,Ilda Community,Week3,289.0 Virginia Run - 113.0 Ilda Community
Virginia Run,Week3,Fox Mill Woods,Week4,251.0 Fox Mill Woods - 151.0 Virginia Run
Virginia Run,Week5,Hunter Mill,Week2,208.0 Virginia Run - 194.0 Hunter Mill
Virginia Hills,Week5,Dowden Terrace,Week1,317.0 Dowden Terrace - 84.0 Virginia Hills
Virginia Run,Week5,Hunter Mill,Week1,215.0 Virginia Run - 187.0 Hunter Mill
Virginia Run,Week4,Mount Vernon Park,Week4,238.0 Mount Vernon Park - 164.0 Virginia Run
Virginia Run,Week4,Mount Vernon Park,Week2,226.0 Mount Vernon Park - 176.0 Virginia Run
Virginia Run,Week4,Newington Forest,Week3,312.0 Virginia Run - 90.0 Newington Forest
Virginia Run,Week4,Fox Mill Woods,Week4,243.0 Fox Mill Woods - 159.0 Virginia Run
Virginia Run,Week4,Fox Mill Woods,Week2,239.0 Fox Mill Woods - 163.0 Virginia Run
Virginia Run,Week2,Fox Mill Woods,Week4,261.0 Fox Mill Woods - 141.0 Virginia Run
Virginia Run,Week5,Mount Vernon Park,Week1,229.0 Mount Vernon Park - 173.0 Virginia Run
Virginia Run,Week5,Hunter Mill,Week4,221.0 Hunter Mill - 181.0 Virginia Run
Virginia Hills,Week5,Dowden Terrace,Week2,314.0 Dowden Terrace - 83.0 Virginia Hills
Virginia Run,Week5,Hunter Mill,Week3,203.0 Hunter Mill - 199.0 Virginia Run
Virginia Run,Week4,Rolling Hills,Week1,258.0 Virginia Run - 144.0 Rolling Hills
Virginia Run,Week1,Hunter Mill,Week3,223.0 Hunter Mill - 179.0 Virginia Run
Virginia Run,Week4,Hunter Mill,Week4,244.0 Hunter Mill - 158.0 Virginia Run
Virginia Run,Week2,Rolling Valley,Week4,300.0 Virginia Run - 102.0 Rolling Valley
Virginia Run,Week2,Newington Forest,Week2,297.5 Virginia Run - 104.5 Newington Forest
Virginia Run,Week3,Newington Forest,Week4,289.5 Virginia Run - 112.5 Newington Forest
Virginia Run,Week2,Newington Forest,Week1,305.0 Virginia Run - 97.0 Newington Forest
Virginia Run,Week2,Rolling Valley,Week1,335.0 Virginia Run - 67.0 Rolling Valley
Virginia Run,Week2,Newington Forest,Week5,268.0 Virginia Run - 129.0 Newington Forest
Virginia Hills,Week1,Dunn Loring,Week1,367.0 Dunn Loring - 35.0 Virginia Hills
Virginia Run,Week4,Hunter Mill,Week1,231.0 Hunter Mill - 171.0 Virginia Run
Virginia Run,Week5,Rolling Hills,Week1,273.0 Virginia Run - 129.0 Rolling Hills
Virginia Run,Week1,Great Falls,Week4,248.0 Virginia Run - 154.0 Great Falls
Virginia Run,Week5,Rolling Hills,Week3,270.0 Virginia Run - 132.0 Rolling Hills
Virginia Run,Week2,Great Falls,Week2,215.0 Virginia Run - 169.0 Great Falls
Virginia Hills,Week1,Dunn Loring,Week5,380.0 Dunn Loring - 22.0 Virginia Hills
Virginia Run,Week5,Fox Mill Woods,Week5,237.5 Fox Mill Woods - 164.5 Virginia Run
Virginia Run,Week2,Rolling Valley,Week5,302.0 Virginia Run - 100.0 Rolling Valley
Virginia Run,Week4,Newington Forest,Week2,316.0 Virginia Run - 86.0 Newington Forest
Virginia Run,Week5,Fox Mill Woods,Week3,207.0 Fox Mill Woods - 195.0 Virginia Run
Virginia Hills,Week1,Dunn Loring,Week4,378.0 Dunn Loring - 24.0 Virginia Hills
Virginia Hills,Week1,Dunn Loring,Week3,379.0 Dunn Loring - 23.0 Virginia Hills
Virginia Run,Week3,Newington Forest,Week2,310.0 Virginia Run - 92.0 Newington Forest
Virginia Run,Week5,Rolling Hills,Week2,271.0 Virginia Run - 131.0 Rolling Hills
Virginia Run,Week1,Kent Gardens,Week2,258.0 Virginia Run - 144.0 Kent Gardens
Virginia Run,Week3,Ilda Community,Week3,290.0 Virginia Run - 112.0 Ilda Community
Virginia Run,Week3,Newington Forest,Week5,266.0 Virginia Run - 136.0 Newington Forest
Virginia Hills,Week5,Dowden Terrace,Week3,319.0 Dowden Terrace - 83.0 Virginia Hills
Virginia Hills,Week1,Dunn Loring,Week2,379.0 Dunn Loring - 23.0 Virginia Hills
Virginia Run,Week1,Great Falls,Week5,224.0 Virginia Run - 178.0 Great Falls
Virginia Run,Week5,Rolling Hills,Week4,272.5 Virginia Run - 129.5 Rolling Hills
Virginia Run,Week5,Ilda Community,Week2,327.0 Virginia Run - 75.0 Ilda Community
Virginia Run,Week4,Fox Mill Woods,Week3,239.0 Fox Mill Woods - 163.0 Virginia Run
Virginia Run,Week1,Ilda Community,Week2,309.0 Virginia Run - 93.0 Ilda Community
Virginia Hills,Week2,Dunn Loring,Week1,367.0 Dunn Loring - 35.0 Virginia Hills
Virginia Hills,Week5,Dowden Terrace,Week5,337.5 Dowden Terrace - 64.5 Virginia Hills
Virginia Run,Week1,Kent Gardens,Week1,207.0 Virginia Run - 195.0 Kent Gardens
Virginia Hills,Week2,Dunn Loring,Week4,383.0 Dunn Loring - 19.0 Virginia Hills
Virginia Run,Week1,Ilda Community,Week4,294.0 Virginia Run - 108.0 Ilda Community
Virginia Run,Week2,Great Falls,Week5,212.0 Virginia Run - 190.0 Great Falls
Virginia Run,Week5,Ilda Community,Week4,307.0 Virginia Run - 95.0 Ilda Community
Virginia Run,Week3,Great Falls,Week3,215.0 Virginia Run - 187.0 Great Falls
Virginia Run,Week3,Great Falls,Week4,227.0 Virginia Run - 175.0 Great Falls
Virginia Hills,Week2,Dunn Loring,Week3,384.0 Dunn Loring - 18.0 Virginia Hills
Virginia Run,Week3,Great Falls,Week1,245.0 Virginia Run - 157.0 Great Falls
Virginia Run,Week1,Newington Forest,Week1,319.0 Virginia Run - 83.0 Newington Forest
Virginia Run,Week3,Kent Gardens,Week1,209.0 Kent Gardens - 193.0 Virginia Run
Virginia Run,Week5,Rolling Hills,Week5,277.0 Virginia Run - 125.0 Rolling Hills
Virginia Run,Week1,Rolling Valley,Week1,358.0 Virginia Run - 44.0 Rolling Valley
Virginia Run,Week5,Mount Vernon Park,Week4,226.0 Mount Vernon Park - 176.0 Virginia Run
Virginia Run,Week3,Rolling Valley,Week4,323.0 Virginia Run - 79.0 Rolling Valley
Virginia Run,Week1,Rolling Valley,Week2,334.0 Virginia Run - 68.0 Rolling Valley
Virginia Hills,Week2,Dunn Loring,Week2,379.0 Dunn Loring - 23.0 Virginia Hills
Virginia Run,Week5,Mount Vernon Park,Week5,252.0 Mount Vernon Park - 150.0 Virginia Run
Virginia Run,Week1,Newington Forest,Week2,309.0 Virginia Run - 93.0 Newington Forest
Virginia Run,Week2,Kent Gardens,Week4,209.0 Virginia Run - 193.0 Kent Gardens
Virginia Run,Week4,Rolling Valley,Week4,325.0 Virginia Run - 77.0 Rolling Valley
Virginia Run,Week3,Rolling Valley,Week5,318.0 Virginia Run - 84.0 Rolling Valley
Virginia Run,Week3,Bren Mar-Edsall Park,Week3,376.0 Virginia Run - 26.0 Bren Mar-Edsall Park
Virginia Run,Week5,Great Falls,Week5,240.0 Virginia Run - 162.0 Great Falls
Virginia Run,Week2,Newington Forest,Week4,281.0 Virginia Run - 121.0 Newington Forest
Virginia Run,Week1,Greenbriar,Week4,234.0 Virginia Run - 168.0 Greenbriar
Virginia Run,Week3,Brookfield ,Week2,235.0 Virginia Run - 167.0 Brookfield
Virginia Run,Week3,Greenbriar,Week5,214.0 Virginia Run - 188.0 Greenbriar
Virginia Run,Week5,Newington Forest,Week3,317.0 Virginia Run - 85.0 Newington Forest
Virginia Run,Week3,Great Falls,Week5,210.0 Virginia Run - 192.0 Great Falls
Virginia Run,Week4,Greenbriar,Week5,214.0 Virginia Run - 188.0 Greenbriar
Virginia Run,Week4,Newington Forest,Week4,293.0 Virginia Run - 109.0 Newington Forest
Virginia Run,Week1,Rolling Valley,Week4,327.0 Virginia Run - 75.0 Rolling Valley
Virginia Run,Week4,Bren Mar-Edsall Park,Week1,388.0 Virginia Run - 14.0 Bren Mar-Edsall Park
Virginia Run,Week2,Ilda Community,Week4,268.0 Virginia Run - 134.0 Ilda Community
Virginia Run,Week5,Rolling Valley,Week1,363.0 Virginia Run - 39.0 Rolling Valley
Virginia Run,Week1,Ilda Community,Week3,307.0 Virginia Run - 95.0 Ilda Community
Virginia Run,Week4,Rolling Valley,Week2,333.0 Virginia Run - 69.0 Rolling Valley
Virginia Run,Week1,Newington Forest,Week3,301.0 Virginia Run - 101.0 Newington Forest
Virginia Run,Week3,North Springfield,Week4,325.0 Virginia Run - 67.0 North Springfield
Virginia Run,Week4,Rolling Valley,Week3,325.5 Virginia Run - 76.5 Rolling Valley
Virginia Run,Week5,Rolling Valley,Week3,326.0 Virginia Run - 76.0 Rolling Valley
Virginia Run,Week3,Bren Mar-Edsall Park,Week5,369.0 Virginia Run - 33.0 Bren Mar-Edsall Park
Virginia Run,Week2,Ilda Community,Week5,276.0 Virginia Run - 126.0 Ilda Community
Virginia Run,Week5,Newington Forest,Week4,313.0 Virginia Run - 89.0 Newington Forest
Virginia Run,Week3,Ilda Community,Week2,304.5 Virginia Run - 97.5 Ilda Community
Virginia Run,Week5,Bren Mar-Edsall Park,Week4,385.0 Virginia Run - 17.0 Bren Mar-Edsall Park
Virginia Run,Week4,Bren Mar-Edsall Park,Week3,381.0 Virginia Run - 21.0 Bren Mar-Edsall Park
Virginia Run,Week4,Great Falls,Week1,249.0 Virginia Run - 153.0 Great Falls
Virginia Run,Week3,Ilda Community,Week4,273.0 Virginia Run - 129.0 Ilda Community
Virginia Run,Week3,Ilda Community,Week5,285.0 Virginia Run - 116.0 Ilda Community
Virginia Run,Week5,Greenbriar,Week3,236.0 Virginia Run - 166.0 Greenbriar
Virginia Run,Week5,Bren Mar-Edsall Park,Week5,381.0 Virginia Run - 21.0 Bren Mar-Edsall Park
Virginia Run,Week4,North Springfield,Week3,317.5 Virginia Run - 79.5 North Springfield
Virginia Run,Week3,Newington Forest,Week3,301.0 Virginia Run - 101.0 Newington Forest
Virginia Run,Week2,North Springfield,Week4,319.0 Virginia Run - 73.0 North Springfield
Virginia Run,Week2,Ilda Community,Week2,306.0 Virginia Run - 96.0 Ilda Community
Virginia Run,Week3,Rutherford,Week5,267.0 Virginia Run - 135.0 Rutherford
Virginia Run,Week2,Rutherford,Week1,303.0 Virginia Run - 94.0 Rutherford
Virginia Run,Week3,Bren Mar-Edsall Park,Week2,385.0 Virginia Run - 17.0 Bren Mar-Edsall Park
Virginia Run,Week4,Bren Mar-Edsall Park,Week4,373.0 Virginia Run - 29.0 Bren Mar-Edsall Park
Virginia Run,Week2,North Springfield,Week2,311.0 Virginia Run - 77.0 North Springfield
Virginia Run,Week3,Greenbriar,Week3,203.0 Virginia Run - 199.0 Greenbriar
Virginia Run,Week2,Greenbriar,Week2,213.0 Greenbriar - 189.0 Virginia Run
Virginia Run,Week3,Ilda Community,Week1,287.5 Virginia Run - 113.5 Ilda Community
Virginia Run,Week3,Greenbriar,Week1,202.0 Virginia Run - 200.0 Greenbriar
Virginia Run,Week1,Rutherford,Week4,290.0 Virginia Run - 112.0 Rutherford
Virginia Run,Week2,Ilda Community,Week1,278.0 Virginia Run - 124.0 Ilda Community
Virginia Run,Week4,Bren Mar-Edsall Park,Week2,385.0 Virginia Run - 17.0 Bren Mar-Edsall Park
Virginia Run,Week1,Hamlet,Week2,289.0 Hamlet - 113.0 Virginia Run
Virginia Run,Week3,Rutherford,Week3,284.0 Virginia Run - 118.0 Rutherford
Virginia Run,Week4,Ilda Community,Week1,305.0 Virginia Run - 97.0 Ilda Community
Virginia Run,Week1,Brookfield ,Week5,251.5 Virginia Run - 150.5 Brookfield
Virginia Run,Week3,North Springfield,Week1,300.0 Virginia Run - 50.0 North Springfield
Virginia Run,Week3,Rutherford,Week1,302.0 Virginia Run - 100.0 Rutherford
Virginia Run,Week1,Brookfield ,Week1,238.0 Virginia Run - 164.0 Brookfield
Virginia Run,Week4,Ilda Community,Week3,306.0 Virginia Run - 96.0 Ilda Community
Virginia Run,Week4,Greenbriar,Week4,235.0 Virginia Run - 167.0 Greenbriar
Virginia Run,Week1,North Springfield,Week1,307.5 Virginia Run - 43.5 North Springfield
Virginia Run,Week1,Brookfield ,Week3,266.0 Virginia Run - 136.0 Brookfield
Virginia Run,Week2,Rutherford,Week3,271.5 Virginia Run - 130.5 Rutherford
Virginia Run,Week5,Bren Mar-Edsall Park,Week2,390.0 Virginia Run - 12.0 Bren Mar-Edsall Park
Virginia Run,Week1,Shouse Village,Week2,257.0 Virginia Run - 145.0 Shouse Village
Virginia Run,Week2,Brookfield ,Week1,218.0 Virginia Run - 184.0 Brookfield
Virginia Run,Week5,Greenbriar,Week1,226.0 Virginia Run - 176.0 Greenbriar
Virginia Run,Week4,Great Falls,Week2,213.0 Virginia Run - 171.0 Great Falls
Virginia Run,Week5,Rutherford,Week3,313.0 Virginia Run - 89.0 Rutherford
Virginia Run,Week4,Ilda Community,Week4,293.0 Virginia Run - 109.0 Ilda Community
Virginia Run,Week4,North Springfield,Week1,307.0 Virginia Run - 44.0 North Springfield
Virginia Run,Week2,Greenbriar,Week4,225.0 Virginia Run - 177.0 Greenbriar
Virginia Run,Week5,Greenbriar,Week4,246.0 Virginia Run - 156.0 Greenbriar
Virginia Run,Week1,North Springfield,Week5,290.0 Virginia Run - 84.0 North Springfield
Virginia Run,Week4,Ilda Community,Week2,328.0 Virginia Run - 74.0 Ilda Community
Virginia Run,Week4,Ilda Community,Week5,310.5 Virginia Run - 91.5 Ilda Community
Virginia Run,Week3,Bren Mar-Edsall Park,Week1,382.0 Virginia Run - 20.0 Bren Mar-Edsall Park
Virginia Run,Week5,Rutherford,Week4,303.0 Virginia Run - 99.0 Rutherford
Virginia Run,Week1,Ilda Community,Week5,299.0 Virginia Run - 103.0 Ilda Community
Virginia Run,Week5,Newington Forest,Week5,288.0 Virginia Run - 114.0 Newington Forest
Virginia Run,Week3,Greenbriar,Week2,218.0 Greenbriar - 184.0 Virginia Run
Virginia Run,Week1,Brookfield ,Week4,254.0 Virginia Run - 148.0 Brookfield
Virginia Run,Week5,Great Falls,Week2,245.0 Virginia Run - 139.0 Great Falls
Virginia Run,Week2,North Springfield,Week5,272.0 Virginia Run - 97.0 North Springfield
Virginia Run,Week5,Ilda Community,Week3,314.0 Virginia Run - 88.0 Ilda Community
Virginia Run,Week3,Rutherford,Week4,281.0 Virginia Run - 121.0 Rutherford
Virginia Run,Week5,Newington Forest,Week2,327.0 Virginia Run - 75.0 Newington Forest
Virginia Run,Week4,Bren Mar-Edsall Park,Week5,375.0 Virginia Run - 27.0 Bren Mar-Edsall Park
Virginia Run,Week4,Rutherford,Week3,291.0 Virginia Run - 111.0 Rutherford
Virginia Run,Week1,Greenbriar,Week3,211.0 Virginia Run - 191.0 Greenbriar
Virginia Run,Week4,Great Falls,Week3,210.0 Virginia Run - 192.0 Great Falls
Virginia Run,Week2,Rutherford,Week2,287.0 Virginia Run - 115.0 Rutherford
Virginia Run,Week1,Kent Gardens,Week5,217.0 Kent Gardens - 185.0 Virginia Run
Virginia Run,Week1,North Springfield,Week2,330.0 Virginia Run - 58.0 North Springfield
Virginia Run,Week1,Kent Gardens,Week4,236.0 Virginia Run - 166.0 Kent Gardens
Virginia Run,Week5,Bren Mar-Edsall Park,Week3,383.0 Virginia Run - 19.0 Bren Mar-Edsall Park
Virginia Run,Week2,Rutherford,Week4,278.0 Virginia Run - 124.0 Rutherford
Virginia Run,Week1,North Springfield,Week4,325.0 Virginia Run - 67.0 North Springfield
Virginia Run,Week5,Ilda Community,Week5,322.0 Virginia Run - 80.0 Ilda Community
Virginia Run,Week1,Brookfield ,Week2,262.0 Virginia Run - 140.0 Brookfield
Virginia Run,Week5,Ilda Community,Week1,307.0 Virginia Run - 95.0 Ilda Community
Virginia Run,Week1,Rutherford,Week2,306.0 Virginia Run - 96.0 Rutherford
Virginia Run,Week3,North Springfield,Week2,317.0 Virginia Run - 71.0 North Springfield
Virginia Run,Week4,Rutherford,Week1,306.0 Virginia Run - 96.0 Rutherford
Virginia Run,Week1,Oakton ,Week5,262.0 Oakton - 140.0 Virginia Run
Virginia Run,Week3,Kings Ridge ,Week1,295.0 Virginia Run - 107.0 Kings Ridge
Virginia Run,Week1,Greenbriar,Week5,219.0 Virginia Run - 183.0 Greenbriar
Virginia Run,Week2,Kent Gardens,Week1,214.0 Kent Gardens - 188.0 Virginia Run
Virginia Run,Week2,Brookfield ,Week3,244.0 Virginia Run - 158.0 Brookfield
Virginia Run,Week5,Great Falls,Week3,228.0 Virginia Run - 174.0 Great Falls
Virginia Run,Week1,Kent Gardens,Week3,242.0 Virginia Run - 160.0 Kent Gardens
Virginia Run,Week4,Rutherford,Week5,283.0 Virginia Run - 119.0 Rutherford
Virginia Run,Week2,Kent Gardens,Week5,237.0 Kent Gardens - 165.0 Virginia Run
Virginia Run,Week1,Oakton ,Week2,265.0 Oakton - 137.0 Virginia Run
Virginia Run,Week5,Rutherford,Week2,323.0 Virginia Run - 79.0 Rutherford
Virginia Run,Week5,Great Falls,Week1,269.0 Virginia Run - 133.0 Great Falls
Virginia Run,Week2,Kent Gardens,Week2,214.0 Virginia Run - 188.0 Kent Gardens
Virginia Run,Week1,Rutherford,Week3,292.0 Virginia Run - 110.0 Rutherford
Virginia Run,Week2,North Springfield,Week3,293.0 Virginia Run - 104.0 North Springfield
Virginia Run,Week2,North Springfield,Week1,294.0 Virginia Run - 57.0 North Springfield
Virginia Run,Week2,Brookfield ,Week4,228.0 Virginia Run - 174.0 Brookfield
Virginia Run,Week3,Kings Ridge ,Week5,282.0 Virginia Run - 120.0 Kings Ridge
Virginia Run,Week5,North Springfield,Week3,326.0 Virginia Run - 71.0 North Springfield
Virginia Run,Week5,Rutherford,Week1,327.0 Virginia Run - 75.0 Rutherford
Virginia Run,Week4,Newington Forest,Week5,278.0 Virginia Run - 124.0 Newington Forest
Virginia Run,Week5,Great Falls,Week4,239.0 Virginia Run - 163.0 Great Falls
Virginia Run,Week3,Brookfield ,Week1,219.0 Virginia Run - 183.0 Brookfield
Virginia Run,Week1,Kings Ridge ,Week2,311.0 Virginia Run - 91.0 Kings Ridge
Virginia Run,Week1,Broyhill Crest,Week2,383.0 Virginia Run - 19.0 Broyhill Crest
Virginia Run,Week1,Rutherford,Week1,307.0 Virginia Run - 95.0 Rutherford
Virginia Run,Week5,Newington Forest,Week1,327.5 Virginia Run - 74.5 Newington Forest
Virginia Run,Week5,Rolling Valley,Week5,328.0 Virginia Run - 74.0 Rolling Valley
Virginia Run,Week2,Brookfield ,Week5,240.0 Virginia Run - 162.0 Brookfield
Virginia Run,Week1,Greenbriar,Week2,206.0 Greenbriar - 196.0 Virginia Run
Virginia Run,Week3,Kent Gardens,Week2,221.0 Virginia Run - 181.0 Kent Gardens
Virginia Run,Week1,Greenbriar,Week1,214.0 Virginia Run - 188.0 Greenbriar
Virginia Run,Week3,Broyhill Crest,Week5,354.0 Virginia Run - 48.0 Broyhill Crest
Virginia Run,Week4,Rutherford,Week2,303.0 Virginia Run - 99.0 Rutherford
Virginia Run,Week1,Rutherford,Week5,272.5 Virginia Run - 129.5 Rutherford
Virginia Run,Week5,Bren Mar-Edsall Park,Week1,390.0 Virginia Run - 12.0 Bren Mar-Edsall Park
Virginia Run,Week4,Great Falls,Week4,223.0 Virginia Run - 179.0 Great Falls
Virginia Run,Week3,Bren Mar-Edsall Park,Week4,375.0 Virginia Run - 27.0 Bren Mar-Edsall Park
Virginia Run,Week4,North Springfield,Week2,331.0 Virginia Run - 57.0 North Springfield
Virginia Run,Week2,Greenbriar,Week5,208.0 Greenbriar - 194.0 Virginia Run
Virginia Run,Week1,North Springfield,Week3,304.0 Virginia Run - 92.0 North Springfield
Virginia Run,Week4,Great Falls,Week5,209.0 Virginia Run - 193.0 Great Falls
Virginia Run,Week2,Brookfield ,Week2,244.0 Virginia Run - 158.0 Brookfield
Virginia Run,Week2,Kent Gardens,Week3,209.0 Virginia Run - 193.0 Kent Gardens
Virginia Run,Week4,Brookfield ,Week1,228.0 Virginia Run - 174.0 Brookfield
Virginia Run,Week2,Greenbriar,Week1,202.0 Greenbriar - 200.0 Virginia Run
Virginia Run,Week5,North Springfield,Week4,342.0 Virginia Run - 50.0 North Springfield
Virginia Run,Week3,Greenbriar,Week4,222.5 Virginia Run - 179.5 Greenbriar
Virginia Run,Week3,Shouse Village,Week3,203.0 Virginia Run - 199.0 Shouse Village
Virginia Run,Week5,Kent Gardens,Week3,252.0 Virginia Run - 150.0 Kent Gardens
Virginia Run,Week4,North Springfield,Week5,290.0 Virginia Run - 84.0 North Springfield
Virginia Run,Week2,Broyhill Crest,Week2,370.0 Virginia Run - 32.0 Broyhill Crest
Virginia Run,Week3,Kent Gardens,Week3,219.0 Virginia Run - 183.0 Kent Gardens
Virginia Run,Week2,Greenbriar,Week3,208.0 Virginia Run - 194.0 Greenbriar
Virginia Run,Week3,North Springfield,Week5,290.0 Virginia Run - 84.0 North Springfield
Virginia Run,Week3,Rutherford,Week2,297.0 Virginia Run - 105.0 Rutherford
Virginia Run,Week4,Greenbriar,Week3,224.0 Virginia Run - 178.0 Greenbriar
Virginia Run,Week1,Shouse Village,Week1,237.0 Virginia Run - 165.0 Shouse Village
Virginia Run,Week2,Rutherford,Week5,264.0 Virginia Run - 133.0 Rutherford
Virginia Run,Week5,Brookfield ,Week5,263.0 Virginia Run - 139.0 Brookfield
Virginia Run,Week3,North Springfield,Week3,301.0 Virginia Run - 96.0 North Springfield
Virginia Run,Week4,Broyhill Crest,Week3,387.0 Virginia Run - 15.0 Broyhill Crest
Virginia Run,Week5,Kent Gardens,Week1,233.0 Virginia Run - 169.0 Kent Gardens
Virginia Run,Week4,Rutherford,Week4,296.0 Virginia Run - 106.0 Rutherford
Virginia Run,Week5,Rutherford,Week5,298.0 Virginia Run - 104.0 Rutherford
Virginia Run,Week1,Broyhill Crest,Week3,386.0 Virginia Run - 16.0 Broyhill Crest
Virginia Run,Week5,North Springfield,Week1,314.0 Virginia Run - 37.0 North Springfield
Virginia Run,Week4,Greenbriar,Week2,206.0 Greenbriar - 196.0 Virginia Run
Virginia Run,Week5,Greenbriar,Week2,207.0 Virginia Run - 195.0 Greenbriar
Virginia Run,Week3,Brookfield ,Week4,229.0 Virginia Run - 173.0 Brookfield
Virginia Run,Week3,Brookfield ,Week5,242.0 Virginia Run - 160.0 Brookfield
Virginia Run,Week3,Kent Gardens,Week4,209.0 Virginia Run - 193.0 Kent Gardens
Virginia Run,Week5,North Springfield,Week5,298.0 Virginia Run - 76.0 North Springfield
Virginia Run,Week4,Greenbriar,Week1,211.5 Virginia Run - 190.5 Greenbriar
Virginia Run,Week1,Kings Ridge ,Week3,305.0 Virginia Run - 97.0 Kings Ridge
Virginia Run,Week4,Kent Gardens,Week2,234.0 Virginia Run - 168.0 Kent Gardens
Virginia Run,Week4,Kent Gardens,Week3,233.0 Virginia Run - 169.0 Kent Gardens
Virginia Run,Week2,Sideburn Run,Week2,210.0 Virginia Run - 192.0 Sideburn Run
Virginia Run,Week1,Kings Ridge ,Week5,284.0 Virginia Run - 118.0 Kings Ridge
Virginia Run,Week4,Shouse Village,Week1,241.0 Virginia Run - 161.0 Shouse Village
Virginia Run,Week2,Hamlet,Week3,291.0 Hamlet - 111.0 Virginia Run
Virginia Run,Week4,Oakton ,Week1,255.0 Oakton - 147.0 Virginia Run
Virginia Run,Week1,Hamlet,Week1,276.0 Hamlet - 126.0 Virginia Run
Virginia Run,Week4,Kent Gardens,Week4,220.0 Virginia Run - 182.0 Kent Gardens
Virginia Run,Week4,Brookfield ,Week5,253.0 Virginia Run - 149.0 Brookfield
Virginia Run,Week4,Brookfield ,Week2,261.0 Virginia Run - 141.0 Brookfield
Virginia Run,Week5,Kings Ridge ,Week5,304.0 Virginia Run - 98.0 Kings Ridge
Virginia Run,Week2,Shouse Village,Week4,206.0 Shouse Village - 191.0 Virginia Run
Virginia Run,Week4,North Springfield,Week4,335.0 Virginia Run - 57.0 North Springfield
Virginia Run,Week5,Brookfield ,Week3,272.0 Virginia Run - 130.0 Brookfield
Virginia Run,Week5,Greenbriar,Week5,223.0 Virginia Run - 179.0 Greenbriar
Virginia Run,Week5,Shouse Village,Week4,240.0 Virginia Run - 162.0 Shouse Village
Virginia Run,Week4,Shouse Village,Week2,251.0 Virginia Run - 151.0 Shouse Village
Virginia Run,Week1,Oakton ,Week4,256.0 Oakton - 146.0 Virginia Run
Virginia Run,Week5,Brookfield ,Week4,246.0 Virginia Run - 156.0 Brookfield
Virginia Run,Week1,Oakton ,Week1,254.5 Oakton - 147.5 Virginia Run
Virginia Run,Week4,Hamlet,Week5,299.0 Hamlet - 103.0 Virginia Run
Virginia Run,Week2,Kings Ridge ,Week5,271.0 Virginia Run - 131.0 Kings Ridge
Virginia Run,Week1,Old Keene Mill,Week2,296.0 Virginia Run - 106.0 Old Keene Mill
Virginia Run,Week1,Hayfield Farm,Week2,235.0 Virginia Run - 167.0 Hayfield Farm
Virginia Run,Week4,Kent Gardens,Week5,226.0 Kent Gardens - 176.0 Virginia Run
Virginia Run,Week3,Oakton ,Week2,267.0 Oakton - 135.0 Virginia Run
Virginia Run,Week1,Oakton ,Week3,246.0 Oakton - 156.0 Virginia Run
Virginia Run,Week3,Kent Gardens,Week5,223.0 Kent Gardens - 179.0 Virginia Run
Virginia Run,Week3,Hamlet,Week4,281.0 Hamlet - 121.0 Virginia Run
Virginia Run,Week5,Oakton ,Week3,236.0 Oakton - 166.0 Virginia Run
Virginia Run,Week3,Broyhill Crest,Week2,370.0 Virginia Run - 31.0 Broyhill Crest
Virginia Run,Week4,Shouse Village,Week4,211.0 Virginia Run - 191.0 Shouse Village
Virginia Hills,Week1,Cottontail,Week2,333.0 Cottontail - 69.0 Virginia Hills
Virginia Run,Week1,Hayfield Farm,Week3,212.0 Virginia Run - 190.0 Hayfield Farm
Virginia Run,Week3,Brookfield ,Week3,252.0 Virginia Run - 150.0 Brookfield
Virginia Run,Week2,Broyhill Crest,Week5,353.0 Virginia Run - 44.0 Broyhill Crest
Virginia Run,Week1,Broyhill Crest,Week1,374.0 Virginia Run - 28.0 Broyhill Crest
Virginia Run,Week5,Kent Gardens,Week5,208.0 Virginia Run - 194.0 Kent Gardens
Virginia Run,Week2,Oakton ,Week3,274.0 Oakton - 128.0 Virginia Run
Virginia Run,Week2,Shouse Village,Week3,206.0 Virginia Run - 196.0 Shouse Village
Virginia Run,Week3,Hamlet,Week2,298.0 Hamlet - 104.0 Virginia Run
Virginia Run,Week3,Broyhill Crest,Week1,369.0 Virginia Run - 32.0 Broyhill Crest
Virginia Run,Week5,Oakton ,Week4,248.0 Oakton - 154.0 Virginia Run
Virginia Run,Week4,Hamlet,Week2,302.0 Hamlet - 100.0 Virginia Run
Virginia Run,Week1,Shouse Village,Week4,207.0 Virginia Run - 195.0 Shouse Village
Virginia Run,Week5,Kent Gardens,Week2,253.0 Virginia Run - 149.0 Kent Gardens
Virginia Run,Week5,North Springfield,Week2,339.0 Virginia Run - 49.0 North Springfield
Virginia Run,Week3,Kings Ridge ,Week3,293.0 Virginia Run - 108.0 Kings Ridge
Virginia Run,Week4,Brookfield ,Week4,236.0 Virginia Run - 166.0 Brookfield
Virginia Run,Week2,Broyhill Crest,Week4,356.0 Virginia Run - 46.0 Broyhill Crest
Virginia Run,Week4,Oakton ,Week5,276.0 Oakton - 126.0 Virginia Run
Virginia Run,Week2,Shouse Village,Week1,212.0 Virginia Run - 190.0 Shouse Village
Virginia Run,Week3,Oakton ,Week4,261.0 Oakton - 141.0 Virginia Run
Virginia Run,Week4,Hamlet,Week4,276.0 Hamlet - 126.0 Virginia Run
Virginia Run,Week2,Kings Ridge ,Week1,293.0 Virginia Run - 109.0 Kings Ridge
Virginia Run,Week4,Oakton ,Week2,278.0 Oakton - 124.0 Virginia Run
Virginia Run,Week2,Broyhill Crest,Week3,368.0 Virginia Run - 34.0 Broyhill Crest
Virginia Run,Week5,Shouse Village,Week3,243.0 Virginia Run - 159.0 Shouse Village
Virginia Run,Week1,Broyhill Crest,Week5,364.0 Virginia Run - 38.0 Broyhill Crest
Virginia Run,Week5,Kent Gardens,Week4,245.0 Virginia Run - 157.0 Kent Gardens
Virginia Run,Week5,Hamlet,Week3,272.0 Hamlet - 130.0 Virginia Run
Virginia Run,Week4,Shouse Village,Week3,229.0 Virginia Run - 173.0 Shouse Village
Virginia Run,Week2,Kings Ridge ,Week2,296.0 Virginia Run - 106.0 Kings Ridge
Virginia Run,Week1,Shouse Village,Week5,210.0 Virginia Run - 192.0 Shouse Village
Virginia Run,Week2,Hamlet,Week4,282.0 Hamlet - 120.0 Virginia Run
Virginia Hills,Week3,Cottontail,Week3,321.0 Cottontail - 81.0 Virginia Hills
Virginia Run,Week2,Shouse Village,Week5,213.0 Shouse Village - 189.0 Virginia Run
Virginia Run,Week1,Broyhill Crest,Week4,374.0 Virginia Run - 28.0 Broyhill Crest
Virginia Run,Week3,Shouse Village,Week1,222.0 Virginia Run - 180.0 Shouse Village
Virginia Run,Week1,Hamlet,Week5,299.0 Hamlet - 103.0 Virginia Run
Virginia Run,Week4,Hamlet,Week1,289.0 Hamlet - 113.0 Virginia Run
Virginia Run,Week4,Kent Gardens,Week1,204.0 Virginia Run - 198.0 Kent Gardens
Virginia Run,Week2,Kings Ridge ,Week4,278.0 Virginia Run - 124.0 Kings Ridge
Virginia Run,Week1,Kings Ridge ,Week4,292.0 Virginia Run - 110.0 Kings Ridge
Virginia Run,Week5,Brookfield ,Week1,252.0 Virginia Run - 150.0 Brookfield
Virginia Run,Week1,Shouse Village,Week3,226.0 Virginia Run - 176.0 Shouse Village
Virginia Hills,Week4,Cottontail,Week3,325.0 Cottontail - 77.0 Virginia Hills
Virginia Run,Week2,Oakton ,Week4,281.0 Oakton - 121.0 Virginia Run
Virginia Run,Week3,Hamlet,Week5,305.5 Hamlet - 96.5 Virginia Run
Virginia Hills,Week2,Cottontail,Week5,351.0 Cottontail - 51.0 Virginia Hills
Virginia Run,Week3,Kings Ridge ,Week2,315.0 Virginia Run - 87.0 Kings Ridge
Virginia Run,Week5,Shouse Village,Week1,252.0 Virginia Run - 150.0 Shouse Village
Virginia Run,Week2,Kings Ridge ,Week3,283.0 Virginia Run - 119.0 Kings Ridge
Virginia Run,Week5,Hamlet,Week1,263.0 Hamlet - 139.0 Virginia Run
Virginia Hills,Week5,Commonwealth,Week5,288.0 Commonwealth - 114.0 Virginia Hills
Virginia Hills,Week5,Cottontail,Week1,313.0 Cottontail - 89.0 Virginia Hills
Virginia Run,Week2,Shouse Village,Week2,232.0 Virginia Run - 170.0 Shouse Village
Virginia Run,Week5,Shouse Village,Week2,271.0 Virginia Run - 131.0 Shouse Village
Virginia Run,Week4,Hamlet,Week3,292.0 Hamlet - 110.0 Virginia Run
Virginia Run,Week4,Oakton ,Week3,261.0 Oakton - 141.0 Virginia Run
Virginia Run,Week3,Broyhill Crest,Week3,373.0 Virginia Run - 28.0 Broyhill Crest
Virginia Run,Week3,Oakton ,Week1,261.0 Oakton - 141.0 Virginia Run
Virginia Run,Week2,Hamlet,Week2,301.0 Hamlet - 101.0 Virginia Run
Virginia Run,Week3,Oakton ,Week3,257.0 Oakton - 145.0 Virginia Run
Virginia Run,Week3,Shouse Village,Week5,203.0 Shouse Village - 199.0 Virginia Run
Virginia Run,Week2,Oakton ,Week2,289.0 Oakton - 113.0 Virginia Run
Virginia Hills,Week2,Cottontail,Week3,325.0 Cottontail - 77.0 Virginia Hills
Virginia Run,Week4,Brookfield ,Week3,255.0 Virginia Run - 147.0 Brookfield
Virginia Run,Week5,Brookfield ,Week2,269.0 Virginia Run - 133.0 Brookfield
Virginia Run,Week1,Kings Ridge ,Week1,313.0 Virginia Run - 89.0 Kings Ridge
Virginia Run,Week4,Kings Ridge ,Week4,293.0 Virginia Run - 109.0 Kings Ridge
Virginia Run,Week2,Hamlet,Week1,290.0 Hamlet - 107.0 Virginia Run
Virginia Run,Week4,Kings Ridge ,Week5,295.0 Virginia Run - 107.0 Kings Ridge
Virginia Run,Week2,Hamlet,Week5,309.0 Hamlet - 93.0 Virginia Run
Virginia Run,Week3,Shouse Village,Week4,204.5 Virginia Run - 197.5 Shouse Village
Virginia Hills,Week2,Cottontail,Week4,327.0 Cottontail - 75.0 Virginia Hills
Virginia Run,Week2,Broyhill Crest,Week1,363.0 Virginia Run - 39.0 Broyhill Crest
Virginia Run,Week3,Broyhill Crest,Week4,370.0 Virginia Run - 31.0 Broyhill Crest
Virginia Run,Week1,Hamlet,Week4,256.0 Hamlet - 146.0 Virginia Run
Virginia Run,Week2,Oakton ,Week5,283.0 Oakton - 119.0 Virginia Run
Virginia Run,Week3,Kings Ridge ,Week4,289.0 Virginia Run - 113.0 Kings Ridge
Virginia Run,Week4,Oakton ,Week4,269.0 Oakton - 133.0 Virginia Run
Virginia Run,Week4,Broyhill Crest,Week2,383.0 Virginia Run - 19.0 Broyhill Crest
Virginia Run,Week4,Broyhill Crest,Week1,382.0 Virginia Run - 20.0 Broyhill Crest
Virginia Hills,Week1,Cottontail,Week5,348.0 Cottontail - 54.0 Virginia Hills
Virginia Hills,Week2,Cottontail,Week2,342.0 Cottontail - 60.0 Virginia Hills
Virginia Hills,Week5,Cottontail,Week3,302.0 Cottontail - 100.0 Virginia Hills
Virginia Run,Week1,Sideburn Run,Week1,217.0 Virginia Run - 185.0 Sideburn Run
Virginia Run,Week4,Kings Ridge ,Week3,303.0 Virginia Run - 99.0 Kings Ridge
Virginia Run,Week5,Oakton ,Week2,249.0 Oakton - 153.0 Virginia Run
Virginia Run,Week3,Hamlet,Week1,289.0 Hamlet - 113.0 Virginia Run
Virginia Run,Week1,Sideburn Run,Week2,256.0 Virginia Run - 146.0 Sideburn Run
Virginia Run,Week2,Oakton ,Week1,268.0 Oakton - 134.0 Virginia Run
Virginia Run,Week5,Kings Ridge ,Week2,320.0 Virginia Run - 82.0 Kings Ridge
Virginia Run,Week4,Broyhill Crest,Week4,372.0 Virginia Run - 30.0 Broyhill Crest
Virginia Run,Week1,Old Keene Mill,Week1,306.0 Virginia Run - 96.0 Old Keene Mill
Virginia Run,Week4,Broyhill Crest,Week5,370.0 Virginia Run - 32.0 Broyhill Crest
Virginia Run,Week5,Hamlet,Week2,277.5 Hamlet - 124.5 Virginia Run
Virginia Run,Week1,Sideburn Run,Week5,225.0 Virginia Run - 177.0 Sideburn Run
Virginia Run,Week5,Kings Ridge ,Week1,319.0 Virginia Run - 83.0 Kings Ridge
Virginia Hills,Week1,Cottontail,Week4,328.0 Cottontail - 74.0 Virginia Hills
Virginia Run,Week4,Shouse Village,Week5,206.0 Virginia Run - 196.0 Shouse Village
Virginia Run,Week1,Hamlet,Week3,282.0 Hamlet - 120.0 Virginia Run
Virginia Run,Week5,Broyhill Crest,Week3,387.0 Virginia Run - 15.0 Broyhill Crest
Virginia Hills,Week5,Cottontail,Week2,306.0 Cottontail - 96.0 Virginia Hills
Virginia Run,Week5,Oakton ,Week5,260.0 Oakton - 142.0 Virginia Run
Virginia Run,Week3,Shouse Village,Week2,242.0 Virginia Run - 160.0 Shouse Village
Virginia Hills,Week4,Cottontail,Week1,336.0 Cottontail - 66.0 Virginia Hills
Virginia Run,Week4,Kings Ridge ,Week1,322.0 Virginia Run - 80.0 Kings Ridge
Virginia Run,Week3,Hamlet,Week3,300.0 Hamlet - 102.0 Virginia Run
Virginia Run,Week5,Shouse Village,Week5,216.0 Virginia Run - 186.0 Shouse Village
Virginia Run,Week5,Hamlet,Week4,257.0 Hamlet - 145.0 Virginia Run
Virginia Run,Week5,Broyhill Crest,Week2,389.0 Virginia Run - 13.0 Broyhill Crest
Virginia Run,Week5,Broyhill Crest,Week1,381.0 Virginia Run - 21.0 Broyhill Crest
Virginia Hills,Week3,Cottontail,Week2,333.0 Cottontail - 69.0 Virginia Hills
Virginia Run,Week3,Oakton ,Week5,268.0 Oakton - 134.0 Virginia Run
Virginia Hills,Week5,Truro,Week1,285.0 Truro - 117.0 Virginia Hills
Virginia Run,Week4,Lake Braddock,Week3,330.5 Virginia Run - 71.5 Lake Braddock
Virginia Hills,Week1,Cottontail,Week3,316.0 Cottontail - 86.0 Virginia Hills
Virginia Hills,Week5,Cottontail,Week5,335.0 Cottontail - 67.0 Virginia Hills
Virginia Run,Week1,Hayfield Farm,Week4,229.5 Virginia Run - 172.5 Hayfield Farm
Virginia Run,Week2,Hayfield Farm,Week3,216.0 Hayfield Farm - 186.0 Virginia Run
Virginia Run,Week5,Oakton ,Week1,237.0 Oakton - 165.0 Virginia Run
Virginia Run,Week2,Sideburn Run,Week1,206.0 Sideburn Run - 191.0 Virginia Run
Virginia Run,Week4,Kings Ridge ,Week2,314.0 Virginia Run - 88.0 Kings Ridge
Virginia Run,Week1,Old Keene Mill,Week5,289.0 Virginia Run - 113.0 Old Keene Mill
Virginia Run,Week1,Old Keene Mill,Week3,293.0 Virginia Run - 109.0 Old Keene Mill
Virginia Run,Week2,Old Keene Mill,Week2,267.0 Virginia Run - 135.0 Old Keene Mill
Virginia Hills,Week1,Tuckahoe,Week3,392.0 Tuckahoe - 10.0 Virginia Hills
Virginia Run,Week5,Kings Ridge ,Week4,307.0 Virginia Run - 95.0 Kings Ridge
Virginia Run,Week2,Sideburn Run,Week3,206.0 Virginia Run - 196.0 Sideburn Run
Virginia Run,Week5,Broyhill Crest,Week4,378.0 Virginia Run - 24.0 Broyhill Crest
Virginia Run,Week1,Sideburn Run,Week4,234.0 Virginia Run - 168.0 Sideburn Run
Virginia Run,Week2,Old Keene Mill,Week1,281.0 Virginia Run - 121.0 Old Keene Mill
Virginia Run,Week1,Sideburn Run,Week3,239.0 Virginia Run - 163.0 Sideburn Run
Virginia Hills,Week5,Cottontail,Week4,301.5 Cottontail - 100.5 Virginia Hills
Virginia Hills,Week3,Cottontail,Week5,358.0 Cottontail - 44.0 Virginia Hills
Virginia Run,Week5,Kings Ridge ,Week3,317.0 Virginia Run - 85.0 Kings Ridge
Virginia Run,Week1,Hayfield Farm,Week1,231.0 Virginia Run - 171.0 Hayfield Farm
Virginia Run,Week5,Hamlet,Week5,282.0 Hamlet - 120.0 Virginia Run
Virginia Run,Week1,Old Keene Mill,Week4,298.0 Virginia Run - 104.0 Old Keene Mill
Virginia Hills,Week2,Cottontail,Week1,330.0 Cottontail - 72.0 Virginia Hills
Virginia Hills,Week3,Tuckahoe,Week4,395.0 Tuckahoe - 7.0 Virginia Hills
Virginia Run,Week2,Hayfield Farm,Week1,202.5 Hayfield Farm - 199.5 Virginia Run
Virginia Run,Week3,Lake Braddock,Week2,330.0 Virginia Run - 72.0 Lake Braddock
Virginia Hills,Week5,Truro,Week4,297.0 Truro - 104.0 Virginia Hills
Virginia Run,Week3,Sideburn Run,Week1,203.0 Virginia Run - 199.0 Sideburn Run
Virginia Hills,Week3,Cottontail,Week4,332.0 Cottontail - 70.0 Virginia Hills
Virginia Run,Week2,Sideburn Run,Week5,215.0 Sideburn Run - 187.0 Virginia Run
Virginia Hills,Week3,Tuckahoe,Week2,395.0 Tuckahoe - 7.0 Virginia Hills
Virginia Run,Week2,Hayfield Farm,Week4,202.0 Hayfield Farm - 200.0 Virginia Run
Virginia Run,Week2,Lake Braddock,Week1,325.0 Virginia Run - 77.0 Lake Braddock
Virginia Run,Week2,Sideburn Run,Week4,204.0 Sideburn Run - 198.0 Virginia Run
Virginia Hills,Week5,Tuckahoe,Week3,389.0 Tuckahoe - 13.0 Virginia Hills
Virginia Hills,Week4,Cottontail,Week2,332.0 Cottontail - 70.0 Virginia Hills
Virginia Run,Week4,Old Keene Mill,Week5,261.0 Virginia Run - 141.0 Old Keene Mill
Virginia Run,Week5,Lake Braddock,Week1,360.0 Virginia Run - 42.0 Lake Braddock
Virginia Run,Week1,Herndon,Week2,346.0 Virginia Run - 56.0 Herndon
Virginia Run,Week3,Sideburn Run,Week2,218.5 Virginia Run - 183.5 Sideburn Run
Virginia Run,Week2,Old Keene Mill,Week5,252.5 Virginia Run - 149.5 Old Keene Mill
Virginia Run,Week5,Hayfield Farm,Week2,252.0 Virginia Run - 150.0 Hayfield Farm
Virginia Run,Week4,Lake Braddock,Week4,345.0 Virginia Run - 57.0 Lake Braddock
Virginia Run,Week3,Sideburn Run,Week3,209.0 Virginia Run - 193.0 Sideburn Run
Virginia Hills,Week4,Tuckahoe,Week4,396.0 Tuckahoe - 6.0 Virginia Hills
Virginia Run,Week3,Old Keene Mill,Week3,276.0 Virginia Run - 126.0 Old Keene Mill
Virginia Hills,Week1,Cottontail,Week1,331.0 Cottontail - 71.0 Virginia Hills
Virginia Run,Week2,Herndon,Week4,328.0 Virginia Run - 74.0 Herndon
Virginia Run,Week1,Lake Braddock,Week2,334.0 Virginia Run - 68.0 Lake Braddock
Virginia Run,Week3,Old Keene Mill,Week2,276.0 Virginia Run - 126.0 Old Keene Mill
Virginia Hills,Week3,Cottontail,Week1,334.0 Cottontail - 68.0 Virginia Hills
Virginia Hills,Week4,Cottontail,Week5,350.0 Cottontail - 52.0 Virginia Hills
Virginia Run,Week1,Lake Braddock,Week4,336.0 Virginia Run - 66.0 Lake Braddock
Virginia Hills,Week3,Long Branch,Week2,303.0 Long Branch - 99.0 Virginia Hills
Virginia Run,Week4,Sideburn Run,Week2,234.0 Virginia Run - 168.0 Sideburn Run
Virginia Run,Week5,Hayfield Farm,Week1,251.5 Virginia Run - 150.5 Hayfield Farm
Virginia Run,Week3,Sleepy Hollow B & R,Week3,215.0 Sleepy Hollow B & R - 187.0 Virginia Run
Virginia Run,Week3,Lake Braddock,Week3,322.0 Virginia Run - 80.0 Lake Braddock
Virginia Run,Week2,Orange Hunt,Week4,204.0 Orange Hunt - 198.0 Virginia Run
Virginia Hills,Week5,Truro,Week2,274.0 Truro - 127.0 Virginia Hills
Virginia Run,Week3,Herndon,Week1,335.0 Virginia Run - 67.0 Herndon
Virginia Run,Week4,Hayfield Farm,Week4,231.0 Virginia Run - 171.0 Hayfield Farm
Virginia Hills,Week1,Tuckahoe,Week4,391.0 Tuckahoe - 11.0 Virginia Hills
Virginia Run,Week2,Orange Hunt,Week3,204.0 Orange Hunt - 198.0 Virginia Run
Virginia Hills,Week4,Cottontail,Week4,331.0 Cottontail - 71.0 Virginia Hills
Virginia Hills,Week4,Truro,Week5,312.0 Truro - 89.0 Virginia Hills
Virginia Run,Week2,Sleepy Hollow B & R,Week1,202.0 Virginia Run - 200.0 Sleepy Hollow B & R
Virginia Hills,Week1,Tuckahoe,Week5,391.0 Tuckahoe - 11.0 Virginia Hills
Virginia Hills,Week2,Long Branch,Week5,312.0 Long Branch - 89.0 Virginia Hills
Virginia Run,Week2,Sleepy Hollow B & R,Week5,256.0 Sleepy Hollow B & R - 146.0 Virginia Run
Virginia Run,Week3,Orange Hunt,Week4,202.0 Virginia Run - 200.0 Orange Hunt
Virginia Run,Week5,Lake Braddock,Week2,348.0 Virginia Run - 54.0 Lake Braddock
Virginia Run,Week2,Lake Braddock,Week3,310.0 Virginia Run - 92.0 Lake Braddock
Virginia Run,Week1,Herndon,Week5,346.0 Virginia Run - 56.0 Herndon
Virginia Hills,Week2,Tuckahoe,Week2,398.0 Tuckahoe - 4.0 Virginia Hills
Virginia Hills,Week1,Tuckahoe,Week2,397.0 Tuckahoe - 5.0 Virginia Hills
Virginia Run,Week5,Lake Braddock,Week4,347.0 Virginia Run - 55.0 Lake Braddock
Virginia Hills,Week5,Little Rocky Run,Week5,368.0 Little Rocky Run - 34.0 Virginia Hills
Virginia Run,Week5,Old Keene Mill,Week5,280.0 Virginia Run - 122.0 Old Keene Mill
Virginia Run,Week1,Lakevale Estates,Week1,232.0 Lakevale Estates - 170.0 Virginia Run
Virginia Run,Week3,Orange Hunt,Week3,201.0 Orange Hunt - 201.0 Virginia Run
Virginia Hills,Week5,Little Rocky Run,Week1,352.0 Little Rocky Run - 50.0 Virginia Hills
Virginia Run,Week4,Sleepy Hollow B & R,Week3,204.0 Sleepy Hollow B & R - 198.0 Virginia Run
Virginia Hills,Week2,Long Branch,Week1,296.0 Long Branch - 104.0 Virginia Hills
Virginia Run,Week4,Orange Hunt,Week5,225.0 Orange Hunt - 177.0 Virginia Run
Virginia Hills,Week5,Little Rocky Run,Week2,357.0 Little Rocky Run - 45.0 Virginia Hills
Virginia Hills,Week5,Fair Oaks ,Week3,338.0 Fair Oaks - 64.0 Virginia Hills
Virginia Run,Week5,Sleepy Hollow B & R,Week2,243.0 Virginia Run - 159.0 Sleepy Hollow B & R
Virginia Hills,Week2,Tuckahoe,Week5,393.0 Tuckahoe - 9.0 Virginia Hills
Virginia Run,Week5,Sideburn Run,Week2,245.0 Virginia Run - 157.0 Sideburn Run
Virginia Run,Week1,Lake Braddock,Week3,332.0 Virginia Run - 70.0 Lake Braddock
Virginia Run,Week1,Orange Hunt,Week3,213.0 Virginia Run - 189.0 Orange Hunt
Virginia Hills,Week3,Fair Oaks ,Week3,346.0 Fair Oaks - 56.0 Virginia Hills
Virginia Hills,Week4,Fair Oaks ,Week1,353.0 Fair Oaks - 49.0 Virginia Hills
Virginia Hills,Week1,Long Branch,Week4,311.0 Long Branch - 91.0 Virginia Hills
Virginia Run,Week5,Sideburn Run,Week5,220.5 Virginia Run - 181.5 Sideburn Run
Virginia Run,Week4,Hayfield Farm,Week2,231.5 Virginia Run - 170.5 Hayfield Farm
Virginia Run,Week3,Lake Braddock,Week1,339.0 Virginia Run - 63.0 Lake Braddock
Virginia Run,Week3,Old Keene Mill,Week4,293.0 Virginia Run - 109.0 Old Keene Mill
Virginia Run,Week4,Sleepy Hollow B & R,Week5,243.0 Sleepy Hollow B & R - 159.0 Virginia Run
Virginia Hills,Week4,Fair Oaks ,Week5,360.0 Fair Oaks - 42.0 Virginia Hills
Virginia Run,Week1,Hayfield Farm,Week5,238.0 Virginia Run - 164.0 Hayfield Farm
Virginia Run,Week4,Herndon,Week1,347.0 Virginia Run - 55.0 Herndon
Virginia Run,Week5,Lake Braddock,Week5,327.0 Virginia Run - 75.0 Lake Braddock
Virginia Hills,Week4,Little Rocky Run,Week3,376.0 Little Rocky Run - 26.0 Virginia Hills
Virginia Hills,Week4,Truro,Week4,318.0 Truro - 84.0 Virginia Hills
Virginia Hills,Week5,Fair Oaks ,Week2,318.0 Fair Oaks - 84.0 Virginia Hills
Virginia Hills,Week2,Tuckahoe,Week4,394.0 Tuckahoe - 8.0 Virginia Hills
Virginia Run,Week5,Hayfield Farm,Week5,257.0 Virginia Run - 145.0 Hayfield Farm
Virginia Run,Week5,Hayfield Farm,Week3,228.0 Virginia Run - 174.0 Hayfield Farm
Virginia Hills,Week3,Tuckahoe,Week5,396.0 Tuckahoe - 6.0 Virginia Hills
Virginia Run,Week5,Sleepy Hollow B & R,Week4,207.0 Virginia Run - 195.0 Sleepy Hollow B & R
Virginia Run,Week2,Sleepy Hollow B & R,Week3,211.0 Sleepy Hollow B & R - 191.0 Virginia Run
Virginia Hills,Week4,Fair Oaks ,Week4,354.0 Fair Oaks - 47.0 Virginia Hills
Virginia Run,Week3,Lake Braddock,Week5,322.0 Virginia Run - 80.0 Lake Braddock
Virginia Hills,Week2,Tuckahoe,Week1,388.0 Tuckahoe - 14.0 Virginia Hills
Virginia Run,Week1,Lake Braddock,Week5,308.0 Virginia Run - 94.0 Lake Braddock
Virginia Hills,Week4,Long Branch,Week1,289.0 Long Branch - 112.0 Virginia Hills
Virginia Run,Week2,Hayfield Farm,Week2,201.5 Virginia Run - 200.5 Hayfield Farm
Virginia Run,Week3,Old Keene Mill,Week1,280.0 Virginia Run - 122.0 Old Keene Mill
Virginia Run,Week3,Orange Hunt,Week1,212.0 Virginia Run - 190.0 Orange Hunt
Virginia Run,Week5,Old Keene Mill,Week3,292.0 Virginia Run - 110.0 Old Keene Mill
Virginia Run,Week4,Lake Braddock,Week5,314.0 Virginia Run - 88.0 Lake Braddock
Virginia Run,Week3,Hayfield Farm,Week3,204.0 Hayfield Farm - 198.0 Virginia Run
Virginia Run,Week4,Hayfield Farm,Week5,237.0 Virginia Run - 165.0 Hayfield Farm
Virginia Hills,Week4,Little Rocky Run,Week2,382.0 Little Rocky Run - 20.0 Virginia Hills
Virginia Hills,Week5,Fair Oaks ,Week4,328.0 Fair Oaks - 74.0 Virginia Hills
Virginia Hills,Week4,Little Rocky Run,Week4,377.0 Little Rocky Run - 25.0 Virginia Hills
Virginia Run,Week1,Herndon,Week1,345.0 Virginia Run - 57.0 Herndon
Virginia Hills,Week4,Little Rocky Run,Week1,370.0 Little Rocky Run - 32.0 Virginia Hills
Virginia Run,Week5,Hayfield Farm,Week4,246.0 Virginia Run - 156.0 Hayfield Farm
Virginia Run,Week5,Sideburn Run,Week4,245.0 Virginia Run - 157.0 Sideburn Run
Virginia Run,Week2,Old Keene Mill,Week3,264.0 Virginia Run - 138.0 Old Keene Mill
Virginia Hills,Week1,Fairfax,Week4,375.0 Fairfax - 26.0 Virginia Hills
Virginia Run,Week4,Sideburn Run,Week1,220.0 Virginia Run - 182.0 Sideburn Run
Virginia Hills,Week4,Tuckahoe,Week2,398.0 Tuckahoe - 4.0 Virginia Hills
Virginia Run,Week4,Sideburn Run,Week5,207.0 Virginia Run - 195.0 Sideburn Run
Virginia Hills,Week1,Fairfax,Week1,361.0 Fairfax - 41.0 Virginia Hills
Virginia Run,Week4,Old Keene Mill,Week1,296.0 Virginia Run - 106.0 Old Keene Mill
Virginia Run,Week3,Hayfield Farm,Week1,216.0 Virginia Run - 186.0 Hayfield Farm
Virginia Run,Week2,Lake Braddock,Week2,310.0 Virginia Run - 92.0 Lake Braddock
Virginia Run,Week4,Lake Braddock,Week1,346.0 Virginia Run - 56.0 Lake Braddock
Virginia Hills,Week5,Tuckahoe,Week1,387.0 Tuckahoe - 14.0 Virginia Hills
Virginia Hills,Week1,Long Branch,Week1,286.0 Long Branch - 115.0 Virginia Hills
Virginia Hills,Week3,Little Rocky Run,Week3,377.5 Little Rocky Run - 24.5 Virginia Hills
Virginia Hills,Week5,Truro,Week5,285.0 Truro - 117.0 Virginia Hills
Virginia Hills,Week4,Tuckahoe,Week1,389.0 Tuckahoe - 13.0 Virginia Hills
Virginia Run,Week2,Lake Braddock,Week4,316.0 Virginia Run - 86.0 Lake Braddock
Virginia Run,Week2,Old Keene Mill,Week4,271.0 Virginia Run - 131.0 Old Keene Mill
Virginia Hills,Week2,Fairfax,Week1,369.0 Fairfax - 33.0 Virginia Hills
Virginia Run,Week4,Sideburn Run,Week4,223.0 Virginia Run - 179.0 Sideburn Run
Virginia Run,Week2,Lake Braddock,Week5,292.0 Virginia Run - 110.0 Lake Braddock
Virginia Run,Week1,Lake Braddock,Week1,346.0 Virginia Run - 56.0 Lake Braddock
Virginia Run,Week5,Old Keene Mill,Week2,291.0 Virginia Run - 111.0 Old Keene Mill
Virginia Hills,Week5,Fair Oaks ,Week5,344.0 Fair Oaks - 58.0 Virginia Hills
Virginia Run,Week4,Lake Braddock,Week2,328.0 Virginia Run - 74.0 Lake Braddock
Virginia Hills,Week1,Long Branch,Week2,306.0 Long Branch - 95.0 Virginia Hills
Virginia Run,Week2,Hayfield Farm,Week5,216.0 Virginia Run - 186.0 Hayfield Farm
Virginia Run,Week1,Sleepy Hollow B & R,Week2,223.0 Virginia Run - 179.0 Sleepy Hollow B & R
Virginia Hills,Week2,Tuckahoe,Week3,393.0 Tuckahoe - 4.0 Virginia Hills
Virginia Hills,Week3,Fair Oaks ,Week5,360.0 Fair Oaks - 42.0 Virginia Hills
Virginia Run,Week5,Sideburn Run,Week3,236.0 Virginia Run - 166.0 Sideburn Run
Virginia Run,Week4,Sideburn Run,Week3,223.0 Virginia Run - 179.0 Sideburn Run
Virginia Hills,Week5,Truro,Week3,280.0 Truro - 118.0 Virginia Hills
Virginia Run,Week4,Old Keene Mill,Week4,297.0 Virginia Run - 105.0 Old Keene Mill
Virginia Hills,Week3,Fair Oaks ,Week4,348.0 Fair Oaks - 53.0 Virginia Hills
Virginia Hills,Week5,Little Rocky Run,Week3,361.0 Little Rocky Run - 41.0 Virginia Hills
Virginia Hills,Week1,Tuckahoe,Week1,388.0 Tuckahoe - 14.0 Virginia Hills
Virginia Hills,Week2,Long Branch,Week4,327.0 Long Branch - 75.0 Virginia Hills
Virginia Hills,Week4,Fair Oaks ,Week3,352.0 Fair Oaks - 50.0 Virginia Hills
Virginia Run,Week1,Herndon,Week3,358.0 Virginia Run - 44.0 Herndon
Virginia Hills,Week2,Sully Station,Week5,359.0 Sully Station - 42.0 Virginia Hills
Virginia Run,Week5,Old Keene Mill,Week1,311.0 Virginia Run - 91.0 Old Keene Mill
Virginia Run,Week3,Hayfield Farm,Week2,211.0 Virginia Run - 191.0 Hayfield Farm
Virginia Hills,Week1,Sully Station II,Week3,365.0 Sully Station II - 37.0 Virginia Hills
Virginia Run,Week3,Old Keene Mill,Week5,254.0 Virginia Run - 148.0 Old Keene Mill
Virginia Hills,Week5,Tuckahoe,Week2,393.0 Tuckahoe - 9.0 Virginia Hills
Virginia Run,Week2,Herndon,Week3,334.0 Virginia Run - 68.0 Herndon
Virginia Run,Week3,Sideburn Run,Week5,207.5 Sideburn Run - 194.5 Virginia Run
Virginia Hills,Week4,Sully Station,Week4,367.0 Sully Station - 35.0 Virginia Hills
Virginia Run,Week5,Lake Braddock,Week3,341.0 Virginia Run - 61.0 Lake Braddock
Virginia Run,Week1,Sleepy Hollow B & R,Week3,204.0 Virginia Run - 198.0 Sleepy Hollow B & R
Virginia Run,Week5,Old Keene Mill,Week4,311.0 Virginia Run - 91.0 Old Keene Mill
Virginia Hills,Week1,Fairfax,Week2,375.0 Fairfax - 27.0 Virginia Hills
Virginia Run,Week5,Sideburn Run,Week1,221.0 Virginia Run - 181.0 Sideburn Run
Virginia Run,Week3,Hayfield Farm,Week5,225.0 Virginia Run - 177.0 Hayfield Farm
Virginia Hills,Week2,Long Branch,Week2,298.0 Long Branch - 103.0 Virginia Hills
Virginia Hills,Week3,Tuckahoe,Week3,392.0 Tuckahoe - 10.0 Virginia Hills
Virginia Hills,Week5,Fair Oaks ,Week1,334.0 Fair Oaks - 68.0 Virginia Hills
Virginia Run,Week5,Lakevale Estates,Week2,237.0 Lakevale Estates - 165.0 Virginia Run
Virginia Hills,Week3,Tuckahoe,Week1,389.0 Tuckahoe - 13.0 Virginia Hills
Virginia Run,Week4,Hayfield Farm,Week3,202.0 Hayfield Farm - 200.0 Virginia Run
Virginia Hills,Week4,Sully Station,Week1,360.0 Sully Station - 41.0 Virginia Hills
Virginia Hills,Week1,Fairfax,Week3,376.0 Fairfax - 25.0 Virginia Hills
Virginia Hills,Week2,Vienna Aquatic,Week5,383.0 Vienna Aquatic - 18.0 Virginia Hills
Virginia Run,Week1,Herndon,Week4,354.0 Virginia Run - 48.0 Herndon
Virginia Hills,Week2,Fairfax,Week2,378.0 Fairfax - 24.0 Virginia Hills
Virginia Run,Week3,Hayfield Farm,Week4,203.0 Virginia Run - 199.0 Hayfield Farm
Virginia Hills,Week1,Long Branch,Week3,291.0 Long Branch - 111.0 Virginia Hills
Virginia Run,Week1,Sleepy Hollow B & R,Week1,227.5 Virginia Run - 174.5 Sleepy Hollow B & R
Virginia Run,Week1,Lakeview,Week2,341.0 Virginia Run - 61.0 Lakeview
Virginia Run,Week4,Hayfield Farm,Week1,237.0 Virginia Run - 165.0 Hayfield Farm
Virginia Hills,Week4,Tuckahoe,Week5,394.0 Tuckahoe - 8.0 Virginia Hills
Virginia Hills,Week2,Long Branch,Week3,305.0 Long Branch - 96.0 Virginia Hills
Virginia Run,Week1,Orange Hunt,Week4,213.0 Virginia Run - 189.0 Orange Hunt
Virginia Hills,Week3,Sully Station,Week4,356.5 Sully Station - 45.5 Virginia Hills
Virginia Run,Week1,Sleepy Hollow B & R,Week5,223.0 Sleepy Hollow B & R - 179.0 Virginia Run
Virginia Hills,Week1,Long Branch,Week5,301.0 Long Branch - 100.0 Virginia Hills
Virginia Run,Week1,Orange Hunt,Week1,222.0 Virginia Run - 180.0 Orange Hunt
Virginia Run,Week4,Old Keene Mill,Week3,287.0 Virginia Run - 115.0 Old Keene Mill
Virginia Hills,Week2,Sully Station,Week1,365.0 Sully Station - 36.0 Virginia Hills
Virginia Hills,Week4,Tuckahoe,Week3,392.0 Tuckahoe - 10.0 Virginia Hills
Virginia Hills,Week2,Fairfax,Week3,383.0 Fairfax - 18.0 Virginia Hills
Virginia Run,Week1,Orange Hunt,Week2,213.0 Virginia Run - 189.0 Orange Hunt
Virginia Run,Week3,Lake Braddock,Week4,329.0 Virginia Run - 73.0 Lake Braddock
Virginia Run,Week4,Lakevale Estates,Week3,259.0 Lakevale Estates - 143.0 Virginia Run
Virginia Hills,Week4,Sully Station,Week5,359.0 Sully Station - 43.0 Virginia Hills
Virginia Hills,Week3,Long Branch,Week3,291.0 Long Branch - 111.0 Virginia Hills
Virginia Run,Week1,Sleepy Hollow B & R,Week4,203.0 Sleepy Hollow B & R - 199.0 Virginia Run
Virginia Hills,Week3,Long Branch,Week1,292.0 Long Branch - 110.0 Virginia Hills
Virginia Run,Week3,Lakevale Estates,Week4,277.0 Lakevale Estates - 125.0 Virginia Run
Virginia Hills,Week5,Sully Station,Week1,349.0 Sully Station - 53.0 Virginia Hills
Virginia Run,Week2,Sleepy Hollow B & R,Week2,206.0 Sleepy Hollow B & R - 196.0 Virginia Run
Virginia Run,Week2,Herndon,Week5,328.0 Virginia Run - 74.0 Herndon
Virginia Hills,Week3,Fair Oaks ,Week2,326.0 Fair Oaks - 75.0 Virginia Hills
Virginia Run,Week3,Sleepy Hollow B & R,Week1,201.0 Sleepy Hollow B & R - 201.0 Virginia Run
Virginia Run,Week5,Lakevale Estates,Week1,217.0 Lakevale Estates - 185.0 Virginia Run
Virginia Hills,Week3,Sully Station II,Week4,355.0 Sully Station II - 47.0 Virginia Hills
Virginia Hills,Week2,Vienna Aquatic,Week1,387.0 Vienna Aquatic - 15.0 Virginia Hills
Virginia Run,Week1,Orange Hunt,Week5,213.0 Orange Hunt - 189.0 Virginia Run
Virginia Hills,Week1,Vienna Woods,Week4,379.0 Vienna Woods - 23.0 Virginia Hills
Virginia Run,Week2,Herndon,Week2,329.0 Virginia Run - 73.0 Herndon
Virginia Run,Week2,Sleepy Hollow B & R,Week4,232.0 Sleepy Hollow B & R - 170.0 Virginia Run
Virginia Run,Week2,Lakeview,Week5,290.0 Virginia Run - 98.0 Lakeview
Virginia Run,Week3,Sideburn Run,Week4,208.0 Virginia Run - 194.0 Sideburn Run
Virginia Hills,Week3,Little Rocky Run,Week5,378.0 Little Rocky Run - 24.0 Virginia Hills
Virginia Hills,Week5,Sully Station,Week5,342.0 Sully Station - 60.0 Virginia Hills
Virginia Hills,Week3,Sully Station II,Week2,359.0 Sully Station II - 43.0 Virginia Hills
Virginia Hills,Week2,Vienna Aquatic,Week2,382.0 Vienna Aquatic - 20.0 Virginia Hills
Virginia Hills,Week3,Little Rocky Run,Week4,375.0 Little Rocky Run - 27.0 Virginia Hills
Virginia Hills,Week5,Little Rocky Run,Week4,355.0 Little Rocky Run - 47.0 Virginia Hills
Virginia Hills,Week3,Fairfax,Week1,365.0 Fairfax - 37.0 Virginia Hills
Virginia Run,Week2,Herndon,Week1,326.0 Virginia Run - 76.0 Herndon
Virginia Run,Week1,Lakeview,Week1,335.0 Virginia Run - 67.0 Lakeview
Virginia Hills,Week4,Fair Oaks ,Week2,332.0 Fair Oaks - 69.0 Virginia Hills
Virginia Run,Week4,Old Keene Mill,Week2,283.0 Virginia Run - 119.0 Old Keene Mill
Virginia Run,Week2,Orange Hunt,Week2,203.0 Orange Hunt - 199.0 Virginia Run
Virginia Run,Week1,Lakeview,Week5,311.0 Virginia Run - 82.0 Lakeview
Virginia Hills,Week1,Fairfax,Week5,384.0 Fairfax - 17.0 Virginia Hills
Virginia Run,Week2,Orange Hunt,Week1,214.0 Virginia Run - 188.0 Orange Hunt
Virginia Hills,Week1,Vienna Woods,Week2,384.0 Vienna Woods - 17.0 Virginia Hills
Virginia Hills,Week3,Long Branch,Week4,318.0 Long Branch - 84.0 Virginia Hills
Virginia Hills,Week3,Fair Oaks ,Week1,351.0 Fair Oaks - 51.0 Virginia Hills
Virginia Run,Week3,Herndon,Week4,338.0 Virginia Run - 64.0 Herndon
Virginia Hills,Week2,Fairfax,Week4,379.0 Fairfax - 22.0 Virginia Hills
Virginia Hills,Week4,Sully Station,Week2,350.0 Sully Station - 52.0 Virginia Hills
Virginia Run,Week1,Lakevale Estates,Week3,234.0 Lakevale Estates - 168.0 Virginia Run
Virginia Run,Week1,Lakevale Estates,Week5,255.0 Lakevale Estates - 147.0 Virginia Run
Virginia Run,Week3,Herndon,Week3,338.0 Virginia Run - 64.0 Herndon
Virginia Hills,Week4,Little Rocky Run,Week5,382.0 Little Rocky Run - 20.0 Virginia Hills
Virginia Hills,Week2,Fairfax,Week5,389.0 Fairfax - 12.0 Virginia Hills
Virginia Hills,Week3,Long Branch,Week5,304.0 Long Branch - 98.0 Virginia Hills
Virginia Run,Week4,Orange Hunt,Week1,224.0 Virginia Run - 178.0 Orange Hunt
Virginia Hills,Week1,Vienna Aquatic,Week3,386.0 Vienna Aquatic - 16.0 Virginia Hills
Virginia Run,Week3,Lakevale Estates,Week3,255.0 Lakevale Estates - 147.0 Virginia Run
Virginia Hills,Week1,Vienna Aquatic,Week4,383.0 Vienna Aquatic - 19.0 Virginia Hills
Virginia Run,Week3,Orange Hunt,Week2,203.5 Virginia Run - 198.5 Orange Hunt
Virginia Run,Week2,Orange Hunt,Week5,218.0 Orange Hunt - 184.0 Virginia Run
Virginia Hills,Week3,Sully Station,Week5,357.0 Sully Station - 45.0 Virginia Hills
Virginia Run,Week3,Herndon,Week2,326.5 Virginia Run - 75.5 Herndon
Virginia Run,Week3,Sleepy Hollow B & R,Week2,205.0 Sleepy Hollow B & R - 197.0 Virginia Run
Virginia Hills,Week3,Sully Station,Week1,354.0 Sully Station - 48.0 Virginia Hills
Virginia Run,Week4,Sleepy Hollow B & R,Week1,214.0 Virginia Run - 188.0 Sleepy Hollow B & R
Virginia Run,Week3,Sleepy Hollow B & R,Week4,219.0 Sleepy Hollow B & R - 183.0 Virginia Run
Virginia Hills,Week4,Sully Station,Week3,353.0 Sully Station - 48.0 Virginia Hills
Virginia Hills,Week4,Mansion House,Week3,352.0 Mansion House - 50.0 Virginia Hills
Virginia Run,Week4,Sleepy Hollow Rec,Week5,287.0 Virginia Run - 115.0 Sleepy Hollow Rec
Virginia Hills,Week3,Vienna Aquatic,Week3,382.0 Vienna Aquatic - 20.0 Virginia Hills
Virginia Hills,Week1,Vienna Aquatic,Week1,383.0 Vienna Aquatic - 19.0 Virginia Hills
Virginia Run,Week2,Overlee,Week4,360.0 Overlee - 42.0 Virginia Run
Virginia Run,Week5,Lakevale Estates,Week3,246.0 Lakevale Estates - 156.0 Virginia Run
Virginia Run,Week4,Herndon,Week5,346.0 Virginia Run - 56.0 Herndon
Virginia Hills,Week2,Vienna Aquatic,Week4,386.0 Vienna Aquatic - 16.0 Virginia Hills
Virginia Run,Week3,Herndon,Week5,337.0 Virginia Run - 65.0 Herndon
Virginia Run,Week3,Sleepy Hollow B & R,Week5,252.0 Sleepy Hollow B & R - 150.0 Virginia Run
Virginia Hills,Week2,Sully Station,Week2,360.0 Sully Station - 42.0 Virginia Hills
Virginia Run,Week5,Herndon,Week4,360.0 Virginia Run - 42.0 Herndon
Virginia Run,Week3,Orange Hunt,Week5,224.0 Orange Hunt - 178.0 Virginia Run
Virginia Run,Week4,Herndon,Week3,347.5 Virginia Run - 54.5 Herndon
Virginia Run,Week2,Lakevale Estates,Week2,253.5 Lakevale Estates - 148.5 Virginia Run
Virginia Hills,Week5,Vienna Aquatic,Week2,371.0 Vienna Aquatic - 31.0 Virginia Hills
Virginia Run,Week4,Orange Hunt,Week3,205.0 Orange Hunt - 197.0 Virginia Run
Virginia Run,Week5,Sleepy Hollow B & R,Week3,220.0 Virginia Run - 182.0 Sleepy Hollow B & R
Virginia Run,Week3,Lakevale Estates,Week5,276.0 Lakevale Estates - 126.0 Virginia Run
Virginia Hills,Week4,Long Branch,Week3,290.0 Long Branch - 112.0 Virginia Hills
Virginia Run,Week4,Orange Hunt,Week2,216.0 Virginia Run - 186.0 Orange Hunt
Virginia Hills,Week1,Sully Station,Week5,354.0 Sully Station - 48.0 Virginia Hills
Virginia Run,Week2,Overlee,Week5,359.0 Overlee - 43.0 Virginia Run
Virginia Hills,Week5,Sully Station,Week4,348.0 Sully Station - 54.0 Virginia Hills
Virginia Run,Week5,Sleepy Hollow B & R,Week1,239.0 Virginia Run - 163.0 Sleepy Hollow B & R
Virginia Run,Week3,Overlee,Week3,308.5 Overlee - 93.5 Virginia Run
Virginia Hills,Week3,Sully Station,Week3,349.0 Sully Station - 53.0 Virginia Hills
Virginia Hills,Week3,Mansion House,Week3,354.0 Mansion House - 48.0 Virginia Hills
Virginia Run,Week1,Hiddenbrook,Week4,273.0 Virginia Run - 129.0 Hiddenbrook
Virginia Run,Week5,Herndon,Week5,354.0 Virginia Run - 48.0 Herndon
Virginia Hills,Week4,Mansion House,Week5,358.0 Mansion House - 44.0 Virginia Hills
Virginia Run,Week1,Hiddenbrook,Week1,298.0 Virginia Run - 104.0 Hiddenbrook
Virginia Hills,Week2,Mansion House,Week5,358.0 Mansion House - 44.0 Virginia Hills
Virginia Hills,Week5,Tuckahoe,Week5,394.0 Tuckahoe - 7.0 Virginia Hills
Virginia Hills,Week4,Vienna Aquatic,Week1,391.0 Vienna Aquatic - 11.0 Virginia Hills
Virginia Hills,Week1,Vienna Aquatic,Week5,387.0 Vienna Aquatic - 15.0 Virginia Hills
Virginia Run,Week4,Sleepy Hollow B & R,Week2,203.0 Virginia Run - 199.0 Sleepy Hollow B & R
Virginia Run,Week4,Lakevale Estates,Week4,267.0 Lakevale Estates - 135.0 Virginia Run
Virginia Hills,Week2,Mansion House,Week3,348.0 Mansion House - 54.0 Virginia Hills
Virginia Hills,Week5,Long Branch,Week3,271.0 Long Branch - 131.0 Virginia Hills
Virginia Run,Week2,Lakevale Estates,Week3,262.0 Lakevale Estates - 140.0 Virginia Run
Virginia Run,Week4,Orange Hunt,Week4,202.0 Orange Hunt - 200.0 Virginia Run
Virginia Run,Week4,Sleepy Hollow B & R,Week4,222.0 Sleepy Hollow B & R - 180.0 Virginia Run
Virginia Run,Week2,Lakeview,Week1,315.0 Virginia Run - 87.0 Lakeview
Virginia Hills,Week5,Sully Station,Week2,328.0 Sully Station - 74.0 Virginia Hills
Virginia Run,Week1,Lakeview,Week3,308.0 Virginia Run - 94.0 Lakeview
Virginia Hills,Week5,Long Branch,Week5,298.0 Long Branch - 104.0 Virginia Hills
Virginia Hills,Week5,Tuckahoe,Week4,391.5 Tuckahoe - 10.5 Virginia Hills
Virginia Hills,Week5,Long Branch,Week1,269.0 Long Branch - 133.0 Virginia Hills
Virginia Hills,Week4,Vienna Aquatic,Week3,388.0 Vienna Aquatic - 14.0 Virginia Hills
Virginia Run,Week5,Orange Hunt,Week5,217.0 Orange Hunt - 185.0 Virginia Run
Virginia Hills,Week1,Sully Station II,Week2,358.0 Sully Station II - 43.0 Virginia Hills
Virginia Run,Week5,Sleepy Hollow Rec,Week3,303.0 Virginia Run - 99.0 Sleepy Hollow Rec
Virginia Run,Week2,Lakevale Estates,Week4,274.0 Lakevale Estates - 128.0 Virginia Run
Virginia Run,Week1,Hiddenbrook,Week2,319.0 Virginia Run - 83.0 Hiddenbrook
Virginia Run,Week3,Sleepy Hollow Rec,Week1,299.0 Virginia Run - 103.0 Sleepy Hollow Rec
Virginia Run,Week1,Overlee,Week4,355.0 Overlee - 47.0 Virginia Run
Virginia Run,Week1,Lakevale Estates,Week4,264.0 Lakevale Estates - 138.0 Virginia Run
Virginia Run,Week2,Hiddenbrook,Week3,242.0 Virginia Run - 160.0 Hiddenbrook
Virginia Run,Week5,Herndon,Week2,348.0 Virginia Run - 54.0 Herndon
Virginia Hills,Week1,Sully Station II,Week1,336.0 Sully Station II - 64.0 Virginia Hills
Virginia Hills,Week1,Mansion House,Week1,339.0 Mansion House - 63.0 Virginia Hills
Virginia Run,Week1,Sleepy Hollow Rec,Week5,290.0 Virginia Run - 112.0 Sleepy Hollow Rec
Virginia Run,Week2,Lakevale Estates,Week5,280.0 Lakevale Estates - 122.0 Virginia Run
Virginia Hills,Week1,Mansion House,Week3,349.0 Mansion House - 53.0 Virginia Hills
Virginia Run,Week5,Orange Hunt,Week2,230.0 Virginia Run - 172.0 Orange Hunt
Virginia Hills,Week5,Vienna Aquatic,Week3,376.0 Vienna Aquatic - 26.0 Virginia Hills
Virginia Run,Week5,Sleepy Hollow Rec,Week5,310.0 Virginia Run - 92.0 Sleepy Hollow Rec
Virginia Run,Week1,Sleepy Hollow Rec,Week1,309.0 Virginia Run - 93.0 Sleepy Hollow Rec
Virginia Hills,Week1,Sully Station II,Week4,349.0 Sully Station II - 53.0 Virginia Hills
Virginia Run,Week3,Lakevale Estates,Week2,251.0 Lakevale Estates - 151.0 Virginia Run
Virginia Hills,Week3,Vienna Aquatic,Week2,385.0 Vienna Aquatic - 17.0 Virginia Hills
Virginia Hills,Week2,Sully Station,Week3,370.0 Sully Station - 31.0 Virginia Hills
Virginia Hills,Week5,Sully Station,Week3,343.5 Sully Station - 58.5 Virginia Hills
Virginia Run,Week3,Hiddenbrook,Week4,260.0 Virginia Run - 142.0 Hiddenbrook
Virginia Run,Week2,Overlee,Week3,322.0 Overlee - 80.0 Virginia Run
Virginia Hills,Week2,Vienna Aquatic,Week3,387.0 Vienna Aquatic - 15.0 Virginia Hills
Virginia Run,Week5,Herndon,Week1,354.0 Virginia Run - 48.0 Herndon
Virginia Run,Week5,Orange Hunt,Week3,227.0 Virginia Run - 175.0 Orange Hunt
Virginia Run,Week3,Sleepy Hollow Rec,Week2,302.0 Virginia Run - 100.0 Sleepy Hollow Rec
Virginia Run,Week5,Herndon,Week3,364.0 Virginia Run - 38.0 Herndon
Virginia Hills,Week1,Sully Station II,Week5,373.0 Sully Station II - 29.0 Virginia Hills
Virginia Run,Week2,Lakevale Estates,Week1,246.0 Lakevale Estates - 156.0 Virginia Run
Virginia Run,Week1,Overlee,Week1,300.0 Overlee - 102.0 Virginia Run
Virginia Hills,Week1,Vienna Aquatic,Week2,386.0 Vienna Aquatic - 16.0 Virginia Hills
Virginia Hills,Week2,Mansion House,Week4,337.0 Mansion House - 59.0 Virginia Hills
Virginia Hills,Week4,Long Branch,Week4,320.0 Long Branch - 82.0 Virginia Hills
Virginia Run,Week2,Sleepy Hollow Rec,Week2,300.0 Virginia Run - 102.0 Sleepy Hollow Rec
Virginia Hills,Week3,Vienna Aquatic,Week1,384.0 Vienna Aquatic - 18.0 Virginia Hills
Virginia Run,Week1,Lakevale Estates,Week2,227.0 Lakevale Estates - 175.0 Virginia Run
Virginia Hills,Week2,Sully Station,Week4,372.5 Sully Station - 29.5 Virginia Hills
Virginia Run,Week3,Hiddenbrook,Week3,254.0 Virginia Run - 148.0 Hiddenbrook
Virginia Run,Week3,Overlee,Week2,339.5 Overlee - 62.5 Virginia Run
Virginia Hills,Week3,Sully Station,Week2,335.0 Sully Station - 67.0 Virginia Hills
Virginia Hills,Week4,Vienna Aquatic,Week2,385.0 Vienna Aquatic - 17.0 Virginia Hills
Virginia Hills,Week1,Mansion House,Week5,354.0 Mansion House - 48.0 Virginia Hills
Virginia Run,Week1,Somerset-Olde Creek,Week1,342.0 Virginia Run - 60.0 Somerset-Olde Creek
Virginia Run,Week3,Lakevale Estates,Week1,242.0 Lakevale Estates - 160.0 Virginia Run
Virginia Run,Week3,Hiddenbrook,Week2,298.0 Virginia Run - 104.0 Hiddenbrook
Virginia Hills,Week2,Sully Station II,Week1,341.0 Sully Station II - 59.0 Virginia Hills
Virginia Run,Week4,Sleepy Hollow Rec,Week4,329.0 Virginia Run - 73.0 Sleepy Hollow Rec
Virginia Hills,Week5,Long Branch,Week4,304.0 Long Branch - 98.0 Virginia Hills
Virginia Run,Week2,Hiddenbrook,Week4,243.0 Virginia Run - 159.0 Hiddenbrook
Virginia Hills,Week3,Mansion House,Week1,339.0 Mansion House - 63.0 Virginia Hills
Virginia Run,Week4,Lakevale Estates,Week1,243.0 Lakevale Estates - 159.0 Virginia Run
Virginia Hills,Week5,Vienna Aquatic,Week5,380.0 Vienna Aquatic - 22.0 Virginia Hills
Virginia Run,Week5,Orange Hunt,Week1,236.0 Virginia Run - 166.0 Orange Hunt
Virginia Hills,Week4,Vienna Aquatic,Week4,389.0 Vienna Aquatic - 13.0 Virginia Hills
Virginia Run,Week4,Lakevale Estates,Week2,253.0 Lakevale Estates - 149.0 Virginia Run
Virginia Run,Week2,Hiddenbrook,Week5,226.0 Virginia Run - 176.0 Hiddenbrook
Virginia Run,Week4,Herndon,Week2,341.0 Virginia Run - 61.0 Herndon
Virginia Hills,Week5,Vienna Aquatic,Week4,378.0 Vienna Aquatic - 24.0 Virginia Hills
Virginia Run,Week1,Hiddenbrook,Week3,273.0 Virginia Run - 129.0 Hiddenbrook
Virginia Run,Week3,Overlee,Week1,318.0 Overlee - 84.0 Virginia Run
Virginia Run,Week2,Sleepy Hollow Rec,Week5,282.0 Virginia Run - 120.0 Sleepy Hollow Rec
Virginia Hills,Week2,Sully Station II,Week2,364.0 Sully Station II - 37.0 Virginia Hills
Virginia Run,Week2,Overlee,Week1,313.0 Overlee - 89.0 Virginia Run
Virginia Hills,Week3,Mansion House,Week5,358.0 Mansion House - 44.0 Virginia Hills
Virginia Run,Week2,Hiddenbrook,Week2,285.0 Virginia Run - 117.0 Hiddenbrook
Virginia Hills,Week2,Sully Station II,Week4,358.0 Sully Station II - 44.0 Virginia Hills
Virginia Run,Week5,Lakevale Estates,Week4,255.5 Lakevale Estates - 146.5 Virginia Run
Virginia Hills,Week3,Mansion House,Week2,336.0 Mansion House - 66.0 Virginia Hills
Virginia Run,Week1,Sleepy Hollow Rec,Week3,288.0 Virginia Run - 114.0 Sleepy Hollow Rec
Virginia Run,Week1,Somerset-Olde Creek,Week2,344.0 Virginia Run - 58.0 Somerset-Olde Creek
Virginia Run,Week1,Overlee,Week5,352.5 Overlee - 49.5 Virginia Run
Virginia Hills,Week2,Sully Station II,Week5,379.0 Sully Station II - 23.0 Virginia Hills
Virginia Run,Week3,Overlee,Week4,364.0 Overlee - 38.0 Virginia Run
Virginia Hills,Week3,Vienna Aquatic,Week4,385.0 Vienna Aquatic - 17.0 Virginia Hills
Virginia Hills,Week2,Mansion House,Week2,337.0 Mansion House - 64.0 Virginia Hills
Virginia Hills,Week2,Sully Station II,Week3,371.0 Sully Station II - 31.0 Virginia Hills
Virginia Run,Week5,Sleepy Hollow Rec,Week2,333.0 Virginia Run - 69.0 Sleepy Hollow Rec
Virginia Hills,Week3,Sully Station II,Week1,345.0 Sully Station II - 57.0 Virginia Hills
Virginia Run,Week4,Overlee,Week4,352.0 Overlee - 50.0 Virginia Run
Virginia Run,Week2,Lakeview,Week2,324.0 Virginia Run - 78.0 Lakeview
Virginia Run,Week1,Sleepy Hollow Rec,Week2,311.0 Virginia Run - 91.0 Sleepy Hollow Rec
Virginia Run,Week4,Lakevale Estates,Week5,273.0 Lakevale Estates - 129.0 Virginia Run
Virginia Hills,Week5,Vienna Aquatic,Week1,375.0 Vienna Aquatic - 27.0 Virginia Hills
Virginia Hills,Week3,Vienna Aquatic,Week5,389.0 Vienna Aquatic - 13.0 Virginia Hills
Virginia Hills,Week3,Sully Station II,Week3,368.0 Sully Station II - 34.0 Virginia Hills
Virginia Run,Week3,Sleepy Hollow Rec,Week4,301.0 Virginia Run - 101.0 Sleepy Hollow Rec
Virginia Run,Week1,Overlee,Week2,321.0 Overlee - 81.0 Virginia Run
Virginia Hills,Week1,Mansion House,Week2,335.0 Mansion House - 66.0 Virginia Hills
Virginia Run,Week3,Hiddenbrook,Week1,272.0 Virginia Run - 130.0 Hiddenbrook
Virginia Run,Week1,Lakeview,Week4,302.0 Virginia Run - 100.0 Lakeview
Virginia Hills,Week3,Mansion House,Week4,331.0 Mansion House - 71.0 Virginia Hills
Virginia Run,Week5,Lakevale Estates,Week5,257.0 Lakevale Estates - 145.0 Virginia Run
Virginia Hills,Week4,Vienna Aquatic,Week5,389.0 Vienna Aquatic - 13.0 Virginia Hills
Virginia Run,Week2,Overlee,Week2,334.0 Overlee - 68.0 Virginia Run
Virginia Run,Week2,Hiddenbrook,Week1,255.0 Virginia Run - 147.0 Hiddenbrook
Virginia Hills,Week1,Mansion House,Week4,328.0 Mansion House - 74.0 Virginia Hills
Virginia Hills,Week1,Vienna Woods,Week5,391.0 Vienna Woods - 11.0 Virginia Hills
Virginia Run,Week1,Sleepy Hollow Rec,Week4,324.0 Virginia Run - 78.0 Sleepy Hollow Rec
Virginia Hills,Week4,Sully Station II,Week3,370.0 Sully Station II - 32.0 Virginia Hills
Virginia Run,Week4,Overlee,Week1,311.0 Overlee - 91.0 Virginia Run
Virginia Hills,Week5,Long Branch,Week2,288.0 Long Branch - 114.0 Virginia Hills
Virginia Hills,Week4,Long Branch,Week2,305.0 Long Branch - 96.0 Virginia Hills
Virginia Run,Week4,Herndon,Week4,351.0 Virginia Run - 51.0 Herndon
Virginia Run,Week1,Hiddenbrook,Week5,261.0 Virginia Run - 141.0 Hiddenbrook
Virginia Hills,Week5,Sully Station II,Week4,344.0 Sully Station II - 58.0 Virginia Hills
Virginia Run,Week4,Lakeview,Week3,313.0 Virginia Run - 89.0 Lakeview
Virginia Run,Week3,Hiddenbrook,Week5,236.0 Virginia Run - 166.0 Hiddenbrook
Virginia Run,Week2,Sleepy Hollow Rec,Week3,278.0 Virginia Run - 124.0 Sleepy Hollow Rec
Virginia Run,Week2,Sleepy Hollow Rec,Week1,307.0 Virginia Run - 95.0 Sleepy Hollow Rec
Virginia Run,Week4,Hiddenbrook,Week1,281.0 Virginia Run - 121.0 Hiddenbrook
Virginia Hills,Week1,Truro,Week1,299.0 Truro - 102.0 Virginia Hills
Virginia Hills,Week2,Vienna Woods,Week1,374.0 Vienna Woods - 28.0 Virginia Hills
Virginia Run,Week3,Overlee,Week5,360.0 Overlee - 42.0 Virginia Run
Virginia Run,Week4,Lakeview,Week5,313.0 Virginia Run - 80.0 Lakeview
Virginia Hills,Week4,Long Branch,Week5,313.0 Long Branch - 88.0 Virginia Hills
Virginia Hills,Week1,Vienna Woods,Week3,386.0 Vienna Woods - 16.0 Virginia Hills
Virginia Run,Week5,Sleepy Hollow Rec,Week4,334.0 Virginia Run - 68.0 Sleepy Hollow Rec
Virginia Run,Week4,Overlee,Week2,334.0 Overlee - 68.0 Virginia Run
Virginia Run,Week2,Lakeview,Week3,289.0 Virginia Run - 113.0 Lakeview
Virginia Hills,Week1,Truro,Week3,289.0 Truro - 112.0 Virginia Hills
Virginia Hills,Week1,Vienna Woods,Week1,377.0 Vienna Woods - 25.0 Virginia Hills
Virginia Run,Week2,Lakeview,Week4,288.0 Virginia Run - 109.0 Lakeview
Virginia Hills,Week4,Mansion House,Week1,335.0 Mansion House - 67.0 Virginia Hills
Virginia Run,Week4,Hiddenbrook,Week2,311.0 Virginia Run - 91.0 Hiddenbrook
Virginia Hills,Week4,Mansion House,Week4,335.0 Mansion House - 67.0 Virginia Hills
Virginia Run,Week3,High Point Pool,Week3,231.0 High Point Pool - 171.0 Virginia Run
Virginia Run,Week2,Langley,Week1,265.0 Langley - 137.0 Virginia Run
Virginia Run,Week5,Lakeview,Week4,323.0 Virginia Run - 79.0 Lakeview
Virginia Run,Week1,Langley,Week1,240.0 Langley - 162.0 Virginia Run
Virginia Run,Week1,Overlee,Week3,309.0 Overlee - 93.0 Virginia Run
Virginia Run,Week5,Orange Hunt,Week4,221.0 Virginia Run - 181.0 Orange Hunt
Virginia Run,Week4,Sleepy Hollow Rec,Week1,306.0 Virginia Run - 96.0 Sleepy Hollow Rec
Virginia Run,Week2,High Point Pool,Week4,239.0 High Point Pool - 163.0 Virginia Run
Virginia Hills,Week2,Vienna Woods,Week5,389.0 Vienna Woods - 13.0 Virginia Hills
Virginia Hills,Week2,Mansion House,Week1,341.0 Mansion House - 61.0 Virginia Hills
Virginia Hills,Week5,Sully Station II,Week1,333.0 Sully Station II - 68.0 Virginia Hills
Virginia Hills,Week5,Vienna Woods,Week5,378.0 Vienna Woods - 24.0 Virginia Hills
Virginia Hills,Week5,Sully Station II,Week2,357.0 Sully Station II - 44.0 Virginia Hills
Virginia Run,Week3,Sleepy Hollow Rec,Week5,277.0 Virginia Run - 125.0 Sleepy Hollow Rec
Virginia Hills,Week4,Mansion House,Week2,343.0 Mansion House - 58.0 Virginia Hills
Virginia Run,Week2,Sleepy Hollow Rec,Week4,314.0 Virginia Run - 88.0 Sleepy Hollow Rec
Virginia Run,Week4,Overlee,Week3,314.0 Overlee - 88.0 Virginia Run
Virginia Hills,Week2,Vienna Woods,Week2,387.0 Vienna Woods - 14.0 Virginia Hills
Virginia Run,Week4,Overlee,Week5,354.0 Overlee - 48.0 Virginia Run
Virginia Hills,Week4,Sully Station II,Week1,345.0 Sully Station II - 55.0 Virginia Hills
Virginia Run,Week2,Parklawn,Week1,292.0 Virginia Run - 101.0 Parklawn
Virginia Run,Week4,Somerset-Olde Creek,Week4,332.0 Virginia Run - 70.0 Somerset-Olde Creek
Virginia Hills,Week5,Mansion House,Week1,328.0 Mansion House - 74.0 Virginia Hills
Virginia Run,Week2,High Point Pool,Week5,240.0 High Point Pool - 162.0 Virginia Run
Virginia Run,Week2,Langley,Week2,253.0 Langley - 149.0 Virginia Run
Virginia Hills,Week4,Vienna Woods,Week3,390.0 Vienna Woods - 12.0 Virginia Hills
Virginia Hills,Week2,Truro,Week4,319.0 Truro - 82.0 Virginia Hills
Virginia Run,Week2,Langley,Week4,269.0 Langley - 133.0 Virginia Run
Virginia Run,Week5,Sleepy Hollow B & R,Week5,225.0 Sleepy Hollow B & R - 177.0 Virginia Run
Virginia Run,Week5,Overlee,Week3,301.0 Overlee - 101.0 Virginia Run
Virginia Run,Week5,Hiddenbrook,Week2,317.5 Virginia Run - 84.5 Hiddenbrook
Virginia Hills,Week4,Vienna Woods,Week4,381.0 Vienna Woods - 21.0 Virginia Hills
Virginia Run,Week4,Sleepy Hollow Rec,Week3,279.0 Virginia Run - 123.0 Sleepy Hollow Rec
Virginia Hills,Week5,Mansion House,Week2,315.0 Mansion House - 87.0 Virginia Hills
Virginia Hills,Week3,Vienna Woods,Week3,388.0 Vienna Woods - 14.0 Virginia Hills
Virginia Run,Week5,Parklawn,Week3,318.0 Virginia Run - 84.0 Parklawn
Virginia Hills,Week1,Truro,Week4,312.0 Truro - 90.0 Virginia Hills
Virginia Run,Week5,Somerset-Olde Creek,Week3,354.0 Virginia Run - 48.0 Somerset-Olde Creek
Virginia Run,Week4,Parklawn,Week5,278.0 Virginia Run - 124.0 Parklawn
Virginia Hills,Week5,Mansion House,Week5,350.0 Mansion House - 52.0 Virginia Hills
Virginia Run,Week2,Langley,Week3,262.0 Langley - 140.0 Virginia Run
Virginia Run,Week2,High Point Pool,Week1,228.0 High Point Pool - 169.0 Virginia Run
Virginia Hills,Week3,Truro,Week1,313.0 Truro - 89.0 Virginia Hills
Virginia Hills,Week5,Mansion House,Week4,320.0 Mansion House - 82.0 Virginia Hills
Virginia Run,Week4,High Point Pool,Week1,218.0 High Point Pool - 184.0 Virginia Run
Virginia Hills,Week2,Vienna Woods,Week4,382.0 Vienna Woods - 20.0 Virginia Hills
Virginia Run,Week3,Sleepy Hollow Rec,Week3,278.0 Virginia Run - 124.0 Sleepy Hollow Rec
Virginia Run,Week5,Overlee,Week1,307.0 Overlee - 95.0 Virginia Run
Virginia Hills,Week3,Truro,Week5,311.0 Truro - 91.0 Virginia Hills
Virginia Hills,Week1,Mantua,Week1,351.0 Mantua - 51.0 Virginia Hills
Virginia Hills,Week3,Truro,Week3,301.0 Truro - 101.0 Virginia Hills
Virginia Hills,Week3,Vienna Woods,Week1,377.0 Vienna Woods - 25.0 Virginia Hills
Virginia Hills,Week3,Vienna Woods,Week2,386.0 Vienna Woods - 16.0 Virginia Hills
Virginia Run,Week4,Sleepy Hollow Rec,Week2,319.0 Virginia Run - 83.0 Sleepy Hollow Rec
Virginia Run,Week1,Langley,Week4,250.0 Langley - 152.0 Virginia Run
Virginia Run,Week1,Highland Park,Week1,208.0 Virginia Run - 194.0 Highland Park
Virginia Run,Week3,Langley,Week1,272.5 Langley - 129.5 Virginia Run
Virginia Hills,Week5,Sully Station II,Week5,371.5 Sully Station II - 30.5 Virginia Hills
Virginia Hills,Week2,Truro,Week5,313.0 Truro - 87.0 Virginia Hills
Virginia Run,Week1,High Point Pool,Week3,217.0 High Point Pool - 185.0 Virginia Run
Virginia Run,Week3,Langley,Week3,245.0 Langley - 157.0 Virginia Run
Virginia Run,Week5,Sleepy Hollow Rec,Week1,333.0 Virginia Run - 69.0 Sleepy Hollow Rec
Virginia Run,Week3,High Point Pool,Week2,239.0 High Point Pool - 163.0 Virginia Run
Virginia Hills,Week4,Vienna Woods,Week5,391.0 Vienna Woods - 11.0 Virginia Hills
Virginia Run,Week5,Overlee,Week4,352.0 Overlee - 50.0 Virginia Run
Virginia Hills,Week5,Mansion House,Week3,337.0 Mansion House - 65.0 Virginia Hills
Virginia Run,Week2,Langley,Week5,253.0 Langley - 149.0 Virginia Run
Virginia Hills,Week4,Vienna Woods,Week1,382.0 Vienna Woods - 20.0 Virginia Hills
Virginia Run,Week3,Langley,Week2,253.0 Langley - 149.0 Virginia Run
Virginia Hills,Week1,Langley,Week5,361.0 Langley - 41.0 Virginia Hills
Virginia Run,Week1,Langley,Week2,224.0 Langley - 178.0 Virginia Run
Virginia Hills,Week3,Villa Aquatic,Week4,344.0 Villa Aquatic - 58.0 Virginia Hills
Virginia Run,Week1,Parliament,Week1,225.0 Virginia Run - 176.0 Parliament
Virginia Run,Week1,High Point Pool,Week4,217.0 High Point Pool - 185.0 Virginia Run
Virginia Hills,Week1,Truro,Week2,290.0 Truro - 110.0 Virginia Hills
Virginia Run,Week5,High Point Pool,Week4,204.0 High Point Pool - 198.0 Virginia Run
Virginia Hills,Week2,Langley,Week4,367.0 Langley - 35.0 Virginia Hills
Virginia Run,Week3,Parklawn,Week1,304.0 Virginia Run - 89.0 Parklawn
Virginia Run,Week5,Overlee,Week5,344.0 Overlee - 58.0 Virginia Run
Virginia Hills,Week1,Villa Aquatic,Week5,356.0 Villa Aquatic - 46.0 Virginia Hills
Virginia Run,Week1,South Run,Week3,252.0 Virginia Run - 150.0 South Run
Virginia Run,Week5,Parklawn,Week4,295.0 Virginia Run - 107.0 Parklawn
Virginia Run,Week5,Parklawn,Week2,297.0 Virginia Run - 105.0 Parklawn
Virginia Run,Week5,Somerset-Olde Creek,Week5,338.0 Virginia Run - 64.0 Somerset-Olde Creek
Virginia Hills,Week2,Langley,Week1,378.5 Langley - 23.5 Virginia Hills
Virginia Hills,Week1,Langley,Week3,367.0 Langley - 35.0 Virginia Hills
Virginia Run,Week5,Hiddenbrook,Week4,285.0 Virginia Run - 117.0 Hiddenbrook
Virginia Run,Week4,Hiddenbrook,Week4,268.0 Virginia Run - 134.0 Hiddenbrook
Virginia Hills,Week4,Sully Station II,Week5,380.0 Sully Station II - 22.0 Virginia Hills
Virginia Run,Week3,Somerset-Olde Creek,Week3,329.0 Virginia Run - 73.0 Somerset-Olde Creek
Virginia Hills,Week3,Lakeview,Week2,282.0 Lakeview - 120.0 Virginia Hills
Virginia Run,Week3,Langley,Week5,245.0 Langley - 157.0 Virginia Run
Virginia Hills,Week4,Villa Aquatic,Week5,353.5 Villa Aquatic - 48.5 Virginia Hills
Virginia Hills,Week4,Sully Station II,Week4,357.0 Sully Station II - 45.0 Virginia Hills
Virginia Run,Week4,Somerset-Olde Creek,Week5,322.0 Virginia Run - 80.0 Somerset-Olde Creek
Virginia Hills,Week5,Sully Station II,Week3,364.0 Sully Station II - 37.0 Virginia Hills
Virginia Run,Week3,Langley,Week4,263.0 Langley - 139.0 Virginia Run
Virginia Hills,Week3,Truro,Week4,312.0 Truro - 90.0 Virginia Hills
Virginia Hills,Week4,Truro,Week1,304.0 Truro - 97.0 Virginia Hills
Virginia Hills,Week2,Langley,Week2,358.0 Langley - 44.0 Virginia Hills
Virginia Hills,Week3,Truro,Week2,294.0 Truro - 107.0 Virginia Hills
Virginia Hills,Week5,Vienna Woods,Week1,369.0 Vienna Woods - 28.0 Virginia Hills
Virginia Run,Week1,Somerset-Olde Creek,Week4,336.0 Virginia Run - 66.0 Somerset-Olde Creek
Virginia Hills,Week3,Vienna Woods,Week4,377.0 Vienna Woods - 25.0 Virginia Hills
Virginia Run,Week1,South Run,Week4,262.0 Virginia Run - 140.0 South Run
Virginia Run,Week1,Langley,Week5,219.0 Langley - 183.0 Virginia Run
Virginia Hills,Week4,Sully Station II,Week2,362.0 Sully Station II - 39.0 Virginia Hills
Virginia Run,Week2,Parliament,Week4,235.0 Virginia Run - 167.0 Parliament
Virginia Hills,Week3,Langley,Week5,359.0 Langley - 43.0 Virginia Hills
Virginia Run,Week5,Somerset-Olde Creek,Week2,357.0 Virginia Run - 45.0 Somerset-Olde Creek
Virginia Run,Week2,High Point Pool,Week3,227.0 High Point Pool - 175.0 Virginia Run
Virginia Hills,Week4,Villa Aquatic,Week3,354.0 Villa Aquatic - 48.0 Virginia Hills
Virginia Run,Week5,Overlee,Week2,322.0 Overlee - 80.0 Virginia Run
Virginia Run,Week3,Lakeview,Week1,327.0 Virginia Run - 75.0 Lakeview
Virginia Run,Week1,High Point Pool,Week5,223.5 High Point Pool - 178.5 Virginia Run
Virginia Run,Week3,Lakeview,Week5,295.5 Virginia Run - 97.5 Lakeview
Virginia Run,Week5,Lakeview,Week1,347.5 Virginia Run - 54.5 Lakeview
Virginia Hills,Week4,Langley,Week3,373.0 Langley - 29.0 Virginia Hills
Virginia Run,Week4,Hiddenbrook,Week3,265.0 Virginia Run - 137.0 Hiddenbrook
Virginia Run,Week2,Parliament,Week2,236.0 Virginia Run - 166.0 Parliament
Virginia Run,Week4,High Point Pool,Week2,234.0 High Point Pool - 168.0 Virginia Run
Virginia Run,Week2,Parklawn,Week4,260.0 Virginia Run - 142.0 Parklawn
Virginia Run,Week1,Langley,Week3,229.0 Langley - 173.0 Virginia Run
Virginia Hills,Week2,Truro,Week1,304.0 Truro - 97.0 Virginia Hills
Virginia Run,Week4,Somerset-Olde Creek,Week3,340.0 Virginia Run - 62.0 Somerset-Olde Creek
Virginia Run,Week4,South Run,Week1,225.0 Virginia Run - 168.0 South Run
Virginia Run,Week1,Parklawn,Week5,284.0 Virginia Run - 118.0 Parklawn
Virginia Run,Week3,Lakeview,Week4,291.0 Virginia Run - 111.0 Lakeview
Virginia Hills,Week4,Lakeview,Week4,302.0 Lakeview - 100.0 Virginia Hills
Virginia Run,Week2,South Run,Week2,232.0 Virginia Run - 170.0 South Run
Virginia Run,Week3,Lakeview,Week2,326.0 Virginia Run - 76.0 Lakeview
Virginia Run,Week2,Parklawn,Week2,281.0 Virginia Run - 121.0 Parklawn
Virginia Run,Week2,Somerset-Olde Creek,Week2,334.0 Virginia Run - 63.0 Somerset-Olde Creek
Virginia Hills,Week1,Villa Aquatic,Week3,358.0 Villa Aquatic - 44.0 Virginia Hills
Virginia Run,Week4,High Point Pool,Week3,205.0 High Point Pool - 197.0 Virginia Run
Virginia Run,Week5,Lakeview,Week3,326.0 Virginia Run - 76.0 Lakeview
Virginia Hills,Week4,Villa Aquatic,Week1,338.0 Villa Aquatic - 64.0 Virginia Hills
Virginia Run,Week3,Lakeview,Week3,302.0 Virginia Run - 100.0 Lakeview
Virginia Run,Week3,High Point Pool,Week5,235.0 High Point Pool - 167.0 Virginia Run
Virginia Run,Week5,Hiddenbrook,Week5,271.0 Virginia Run - 131.0 Hiddenbrook
Virginia Hills,Week2,Vienna Woods,Week3,391.0 Vienna Woods - 11.0 Virginia Hills
Virginia Run,Week3,Somerset-Olde Creek,Week4,322.0 Virginia Run - 80.0 Somerset-Olde Creek
Virginia Hills,Week2,Truro,Week3,291.0 Truro - 109.0 Virginia Hills
Virginia Run,Week3,Somerset-Olde Creek,Week2,340.0 Virginia Run - 62.0 Somerset-Olde Creek
Virginia Run,Week2,Parklawn,Week3,292.0 Virginia Run - 110.0 Parklawn
Virginia Hills,Week1,Langley,Week1,372.0 Langley - 30.0 Virginia Hills
Virginia Hills,Week5,Vienna Woods,Week4,362.0 Vienna Woods - 40.0 Virginia Hills
Virginia Hills,Week1,Langley,Week4,364.0 Langley - 38.0 Virginia Hills
Virginia Hills,Week3,Sully Station II,Week5,377.0 Sully Station II - 25.0 Virginia Hills
Virginia Hills,Week5,Lakeview,Week4,278.0 Lakeview - 123.0 Virginia Hills
Virginia Hills,Week4,Truro,Week2,286.0 Truro - 114.0 Virginia Hills
Virginia Hills,Week4,Vienna Woods,Week2,382.0 Vienna Woods - 19.0 Virginia Hills
Virginia Hills,Week4,Lakeview,Week5,274.0 Lakeview - 119.0 Virginia Hills
Virginia Run,Week5,Hiddenbrook,Week3,286.0 Virginia Run - 116.0 Hiddenbrook
Virginia Run,Week1,Parklawn,Week2,308.5 Virginia Run - 93.5 Parklawn
Virginia Run,Week3,Parklawn,Week3,308.0 Virginia Run - 94.0 Parklawn
Virginia Run,Week3,High Point Pool,Week1,226.0 High Point Pool - 176.0 Virginia Run
Virginia Hills,Week4,Truro,Week3,293.0 Truro - 108.0 Virginia Hills
Virginia Run,Week1,South Run,Week2,253.0 Virginia Run - 149.0 South Run
Virginia Run,Week4,Lakeview,Week1,334.0 Virginia Run - 68.0 Lakeview
Virginia Hills,Week4,Lakeview,Week1,254.0 Lakeview - 148.0 Virginia Hills
Virginia Run,Week1,High Point Pool,Week2,221.0 High Point Pool - 181.0 Virginia Run
Virginia Hills,Week1,Truro,Week5,299.5 Truro - 101.5 Virginia Hills
Virginia Run,Week3,Parklawn,Week2,281.0 Virginia Run - 121.0 Parklawn
Virginia Hills,Week1,Villa Aquatic,Week2,323.0 Villa Aquatic - 79.0 Virginia Hills
Virginia Hills,Week1,Langley,Week2,355.0 Langley - 47.0 Virginia Hills
Virginia Hills,Week5,Vienna Woods,Week3,376.0 Vienna Woods - 26.0 Virginia Hills
Virginia Hills,Week2,Villa Aquatic,Week1,330.0 Villa Aquatic - 72.0 Virginia Hills
Virginia Run,Week1,Somerset-Olde Creek,Week3,341.0 Virginia Run - 61.0 Somerset-Olde Creek
Virginia Run,Week5,Lakeview,Week5,329.0 Virginia Run - 64.0 Lakeview
Virginia Run,Week4,Lakeview,Week2,332.0 Virginia Run - 70.0 Lakeview
Virginia Run,Week2,Parklawn,Week5,263.0 Virginia Run - 139.0 Parklawn
Virginia Hills,Week3,Lakeview,Week5,278.0 Lakeview - 115.0 Virginia Hills
Virginia Run,Week1,High Point Pool,Week1,210.0 High Point Pool - 192.0 Virginia Run
Virginia Hills,Week4,Hamlet,Week1,372.0 Hamlet - 29.0 Virginia Hills
Virginia Hills,Week1,Hayfield Farm,Week4,354.0 Hayfield Farm - 48.0 Virginia Hills
Virginia Hills,Week3,Lakeview,Week3,288.0 Lakeview - 114.0 Virginia Hills
Virginia Run,Week5,Lakeview,Week2,350.0 Virginia Run - 52.0 Lakeview
Virginia Hills,Week2,Ravensworth Farm,Week3,357.0 Ravensworth Farm - 44.0 Virginia Hills
Virginia Run,Week4,Lakeview,Week4,305.0 Virginia Run - 97.0 Lakeview
Virginia Run,Week1,Parklawn,Week4,288.0 Virginia Run - 114.0 Parklawn
Virginia Hills,Week2,Truro,Week2,294.0 Truro - 105.0 Virginia Hills
Virginia Hills,Week1,Riverside Gardens,Week3,373.0 Riverside Gardens - 29.0 Virginia Hills
Virginia Hills,Week2,Riverside Gardens,Week2,368.0 Riverside Gardens - 34.0 Virginia Hills
Virginia Hills,Week3,Vienna Woods,Week5,388.0 Vienna Woods - 14.0 Virginia Hills
Virginia Hills,Week1,Villa Aquatic,Week1,327.0 Villa Aquatic - 75.0 Virginia Hills
Virginia Hills,Week3,Langley,Week2,360.0 Langley - 42.0 Virginia Hills
Virginia Hills,Week3,Hamlet,Week4,369.0 Hamlet - 33.0 Virginia Hills
Virginia Run,Week4,Hiddenbrook,Week5,240.0 Virginia Run - 162.0 Hiddenbrook
Virginia Run,Week5,South Run,Week1,246.0 Virginia Run - 147.0 South Run
Virginia Run,Week1,Parklawn,Week1,318.0 Virginia Run - 75.0 Parklawn
Virginia Run,Week2,Somerset-Olde Creek,Week1,317.0 Virginia Run - 80.0 Somerset-Olde Creek
Virginia Run,Week5,Hiddenbrook,Week1,300.0 Virginia Run - 102.0 Hiddenbrook
Virginia Run,Week2,Somerset-Olde Creek,Week3,325.0 Virginia Run - 72.0 Somerset-Olde Creek
Virginia Hills,Week4,Lakeview,Week2,273.0 Lakeview - 129.0 Virginia Hills
Virginia Run,Week2,High Point Pool,Week2,238.0 High Point Pool - 164.0 Virginia Run
Virginia Hills,Week5,Vienna Woods,Week2,377.0 Vienna Woods - 25.0 Virginia Hills
Virginia Hills,Week2,Canterbury Woods,Week4,338.0 Canterbury Woods - 63.0 Virginia Hills
Virginia Hills,Week2,Langley,Week3,367.0 Langley - 35.0 Virginia Hills
Virginia Hills,Week1,Villa Aquatic,Week4,337.0 Villa Aquatic - 65.0 Virginia Hills
Virginia Run,Week4,Laurel Hill,Week1,290.5 Virginia Run - 111.5 Laurel Hill
Virginia Run,Week1,Laurel Hill,Week1,311.0 Virginia Run - 91.0 Laurel Hill
Virginia Hills,Week5,Ravensworth Farm,Week4,345.0 Ravensworth Farm - 57.0 Virginia Hills
Virginia Hills,Week1,Hayfield Farm,Week2,351.0 Hayfield Farm - 51.0 Virginia Hills
Virginia Run,Week3,Parklawn,Week4,269.0 Virginia Run - 132.0 Parklawn
Virginia Hills,Week2,Villa Aquatic,Week2,337.0 Villa Aquatic - 65.0 Virginia Hills
Virginia Run,Week3,Somerset-Olde Creek,Week1,333.0 Virginia Run - 68.0 Somerset-Olde Creek
Virginia Run,Week3,High Point Pool,Week4,238.0 High Point Pool - 164.0 Virginia Run
Virginia Run,Week4,Langley,Week3,246.0 Langley - 156.0 Virginia Run
Virginia Run,Week4,Parklawn,Week1,319.0 Virginia Run - 74.0 Parklawn
Virginia Hills,Week2,Villa Aquatic,Week3,365.0 Villa Aquatic - 37.0 Virginia Hills
Virginia Hills,Week3,Hamlet,Week5,379.0 Hamlet - 23.0 Virginia Hills
Virginia Hills,Week3,Ravensworth Farm,Week2,339.0 Ravensworth Farm - 63.0 Virginia Hills
Virginia Hills,Week3,Ravensworth Farm,Week1,351.0 Ravensworth Farm - 51.0 Virginia Hills
Virginia Run,Week4,High Point Pool,Week4,224.5 High Point Pool - 177.5 Virginia Run
Virginia Hills,Week4,Lakeview,Week3,288.0 Lakeview - 114.0 Virginia Hills
Virginia Run,Week3,Parklawn,Week5,280.0 Virginia Run - 122.0 Parklawn
Virginia Hills,Week4,Hamlet,Week4,373.0 Hamlet - 29.0 Virginia Hills
Virginia Run,Week1,Somerset-Olde Creek,Week5,323.0 Virginia Run - 79.0 Somerset-Olde Creek
Virginia Run,Week2,Somerset-Olde Creek,Week4,327.0 Virginia Run - 75.0 Somerset-Olde Creek
Virginia Hills,Week3,Hamlet,Week1,372.0 Hamlet - 30.0 Virginia Hills
Virginia Run,Week4,High Point Pool,Week5,227.5 High Point Pool - 174.5 Virginia Run
Virginia Run,Week5,Parklawn,Week1,326.0 Virginia Run - 67.0 Parklawn
Virginia Hills,Week2,Riverside Gardens,Week1,380.0 Riverside Gardens - 22.0 Virginia Hills
Virginia Hills,Week3,Riverside Gardens,Week5,373.0 Riverside Gardens - 29.0 Virginia Hills
Virginia Run,Week5,High Point Pool,Week1,201.0 High Point Pool - 201.0 Virginia Run
Virginia Run,Week4,Parklawn,Week2,292.0 Virginia Run - 110.0 Parklawn
Virginia Run,Week5,Somerset-Olde Creek,Week1,346.0 Virginia Run - 56.0 Somerset-Olde Creek
Virginia Hills,Week5,Lakeview,Week2,247.0 Lakeview - 155.0 Virginia Hills
Virginia Hills,Week2,Canterbury Woods,Week2,308.0 Canterbury Woods - 92.0 Virginia Hills
Virginia Run,Week3,Laurel Hill,Week2,306.0 Virginia Run - 96.0 Laurel Hill
Virginia Run,Week5,High Point Pool,Week3,204.0 Virginia Run - 198.0 High Point Pool
Virginia Hills,Week3,Ravensworth Farm,Week5,361.0 Ravensworth Farm - 41.0 Virginia Hills
Virginia Hills,Week2,Hamlet,Week3,379.0 Hamlet - 22.0 Virginia Hills
Virginia Run,Week4,Somerset-Olde Creek,Week2,346.0 Virginia Run - 56.0 Somerset-Olde Creek
Virginia Run,Week4,Parklawn,Week3,311.0 Virginia Run - 91.0 Parklawn
Virginia Run,Week2,Laurel Hill,Week5,247.0 Virginia Run - 155.0 Laurel Hill
Virginia Hills,Week3,Canterbury Woods,Week2,295.0 Canterbury Woods - 107.0 Virginia Hills
Virginia Run,Week2,Laurel Hill,Week2,286.0 Virginia Run - 116.0 Laurel Hill
Virginia Hills,Week3,Canterbury Woods,Week3,317.0 Canterbury Woods - 85.0 Virginia Hills
Virginia Hills,Week5,Lakeview,Week3,247.0 Lakeview - 154.0 Virginia Hills
Virginia Hills,Week2,Canterbury Woods,Week1,314.0 Canterbury Woods - 88.0 Virginia Hills
Virginia Hills,Week3,Hamlet,Week3,371.0 Hamlet - 31.0 Virginia Hills
Virginia Run,Week1,Parklawn,Week3,316.5 Virginia Run - 85.5 Parklawn
Virginia Hills,Week3,Villa Aquatic,Week3,357.0 Villa Aquatic - 45.0 Virginia Hills
Virginia Run,Week4,Somerset-Olde Creek,Week1,342.0 Virginia Run - 60.0 Somerset-Olde Creek
Virginia Hills,Week2,Ravensworth Farm,Week4,362.0 Ravensworth Farm - 40.0 Virginia Hills
Virginia Hills,Week3,Ravensworth Farm,Week3,354.0 Ravensworth Farm - 48.0 Virginia Hills
Virginia Run,Week5,Parklawn,Week5,291.0 Virginia Run - 111.0 Parklawn
Virginia Run,Week4,Parklawn,Week4,286.0 Virginia Run - 116.0 Parklawn
Virginia Run,Week5,High Point Pool,Week5,210.0 High Point Pool - 192.0 Virginia Run
Virginia Run,Week5,High Point Pool,Week2,209.5 High Point Pool - 192.5 Virginia Run
Virginia Hills,Week3,Villa Aquatic,Week1,335.0 Villa Aquatic - 67.0 Virginia Hills
Virginia Hills,Week2,Langley,Week5,365.0 Langley - 37.0 Virginia Hills
Virginia Hills,Week5,Hamlet,Week1,356.0 Hamlet - 46.0 Virginia Hills
Virginia Run,Week3,Somerset-Olde Creek,Week5,312.0 Virginia Run - 90.0 Somerset-Olde Creek
Virginia Hills,Week3,Hayfield Farm,Week3,357.0 Hayfield Farm - 45.0 Virginia Hills
Virginia Hills,Week2,Villa Aquatic,Week4,354.0 Villa Aquatic - 48.0 Virginia Hills
Virginia Hills,Week3,Lakeview,Week4,307.0 Lakeview - 95.0 Virginia Hills
Virginia Run,Week2,Somerset-Olde Creek,Week5,310.0 Virginia Run - 92.0 Somerset-Olde Creek
Virginia Hills,Week5,Lakeview,Week5,249.0 Lakeview - 143.0 Virginia Hills
Virginia Run,Week4,Langley,Week2,238.0 Langley - 164.0 Virginia Run
Virginia Hills,Week5,Lakeview,Week1,213.0 Lakeview - 189.0 Virginia Hills
Virginia Run,Week4,Langley,Week4,260.0 Langley - 142.0 Virginia Run
Virginia Hills,Week3,Villa Aquatic,Week2,338.0 Villa Aquatic - 64.0 Virginia Hills
Virginia Hills,Week2,Villa Aquatic,Week5,361.0 Villa Aquatic - 41.0 Virginia Hills
Virginia Run,Week3,Highland Park,Week5,203.0 Highland Park - 199.0 Virginia Run
Virginia Run,Week1,Parliament,Week3,260.0 Virginia Run - 142.0 Parliament
Virginia Run,Week1,South Run,Week1,232.0 Virginia Run - 161.0 South Run
Virginia Run,Week5,Somerset-Olde Creek,Week4,344.0 Virginia Run - 58.0 Somerset-Olde Creek
Virginia Hills,Week1,Riverside Gardens,Week4,374.0 Riverside Gardens - 28.0 Virginia Hills
Virginia Hills,Week5,Ravensworth Farm,Week5,360.0 Ravensworth Farm - 42.0 Virginia Hills
Virginia Hills,Week3,Langley,Week4,363.0 Langley - 39.0 Virginia Hills
Virginia Hills,Week4,Ravensworth Farm,Week3,355.0 Ravensworth Farm - 46.0 Virginia Hills
Virginia Hills,Week5,Hamlet,Week2,366.0 Hamlet - 36.0 Virginia Hills
Virginia Run,Week3,Highland Park,Week1,227.0 Highland Park - 175.0 Virginia Run
Virginia Run,Week1,South Run,Week5,221.0 Virginia Run - 181.0 South Run
Virginia Hills,Week4,Villa Aquatic,Week2,333.0 Villa Aquatic - 69.0 Virginia Hills
Virginia Run,Week1,Parliament,Week5,232.0 Virginia Run - 170.0 Parliament
Virginia Hills,Week2,Hayfield Farm,Week4,363.0 Hayfield Farm - 39.0 Virginia Hills
Virginia Run,Week5,Langley,Week3,231.0 Langley - 171.0 Virginia Run
Virginia Run,Week1,Parliament,Week2,268.0 Virginia Run - 134.0 Parliament
Virginia Run,Week2,Highland Park,Week1,221.0 Highland Park - 181.0 Virginia Run
Virginia Run,Week2,South Run,Week3,227.0 Virginia Run - 175.0 South Run
Virginia Hills,Week1,Village West,Week4,268.0 Village West - 128.0 Virginia Hills
Virginia Hills,Week3,Villa Aquatic,Week5,358.0 Villa Aquatic - 44.0 Virginia Hills
Virginia Hills,Week5,Ravensworth Farm,Week3,344.0 Ravensworth Farm - 58.0 Virginia Hills
Virginia Hills,Week3,Canterbury Woods,Week4,311.0 Canterbury Woods - 91.0 Virginia Hills
Virginia Run,Week1,Laurel Hill,Week2,329.0 Virginia Run - 73.0 Laurel Hill
Virginia Run,Week1,Laurel Hill,Week5,275.0 Virginia Run - 127.0 Laurel Hill
Virginia Hills,Week3,Langley,Week3,374.0 Langley - 28.0 Virginia Hills
Virginia Run,Week2,Laurel Hill,Week4,270.0 Virginia Run - 132.0 Laurel Hill
Virginia Run,Week5,Highland Park,Week3,252.0 Virginia Run - 150.0 Highland Park
Virginia Hills,Week4,Villa Aquatic,Week4,342.0 Villa Aquatic - 60.0 Virginia Hills
Virginia Hills,Week2,Hayfield Farm,Week1,348.0 Hayfield Farm - 54.0 Virginia Hills
Virginia Hills,Week5,Hamlet,Week5,370.0 Hamlet - 32.0 Virginia Hills
Virginia Hills,Week3,Langley,Week1,377.0 Langley - 25.0 Virginia Hills
Virginia Run,Week2,Laurel Hill,Week3,266.0 Virginia Run - 136.0 Laurel Hill
Virginia Hills,Week3,Canterbury Woods,Week5,290.0 Canterbury Woods - 111.0 Virginia Hills
Virginia Hills,Week4,Langley,Week1,381.0 Langley - 21.0 Virginia Hills
Virginia Hills,Week3,Hayfield Farm,Week1,336.0 Hayfield Farm - 66.0 Virginia Hills
Virginia Run,Week2,Highland Park,Week3,219.0 Virginia Run - 178.0 Highland Park
Virginia Hills,Week4,Ravensworth Farm,Week2,345.0 Ravensworth Farm - 57.0 Virginia Hills
Virginia Run,Week2,South Run,Week5,209.0 South Run - 193.0 Virginia Run
Virginia Hills,Week2,Village West,Week3,298.0 Village West - 103.0 Virginia Hills
Virginia Hills,Week2,Canterbury Woods,Week3,336.0 Canterbury Woods - 66.0 Virginia Hills
Virginia Hills,Week4,Langley,Week4,380.0 Langley - 22.0 Virginia Hills
Virginia Run,Week2,Parliament,Week1,206.0 Virginia Run - 196.0 Parliament
Virginia Run,Week3,Laurel Hill,Week1,295.0 Virginia Run - 107.0 Laurel Hill
Virginia Hills,Week1,Hayfield Farm,Week5,344.0 Hayfield Farm - 58.0 Virginia Hills
Virginia Hills,Week5,Village West,Week1,267.0 Village West - 135.0 Virginia Hills
Virginia Run,Week2,South Run,Week4,218.0 Virginia Run - 184.0 South Run
Virginia Run,Week4,Highland Park,Week3,235.0 Virginia Run - 167.0 Highland Park
Virginia Hills,Week2,Ravensworth Farm,Week2,339.0 Ravensworth Farm - 62.0 Virginia Hills
Virginia Run,Week4,Langley,Week1,242.0 Langley - 160.0 Virginia Run
Virginia Run,Week2,Parliament,Week3,215.0 Virginia Run - 187.0 Parliament
Virginia Run,Week1,Parliament,Week4,257.0 Virginia Run - 145.0 Parliament
Virginia Run,Week3,Highland Park,Week3,210.0 Virginia Run - 192.0 Highland Park
Virginia Hills,Week2,Riverside Gardens,Week3,381.0 Riverside Gardens - 21.0 Virginia Hills
Virginia Hills,Week4,Langley,Week2,366.0 Langley - 36.0 Virginia Hills
Virginia Hills,Week4,Hamlet,Week3,376.0 Hamlet - 26.0 Virginia Hills
Virginia Hills,Week1,Village West,Week2,279.0 Village West - 122.0 Virginia Hills
Virginia Hills,Week4,Village West,Week4,283.0 Village West - 113.0 Virginia Hills
Virginia Run,Week5,Langley,Week5,228.0 Langley - 174.0 Virginia Run
Virginia Hills,Week4,Ravensworth Farm,Week4,357.0 Ravensworth Farm - 45.0 Virginia Hills
Virginia Run,Week3,South Run,Week5,216.0 Virginia Run - 186.0 South Run
Virginia Hills,Week3,Laurel Hill,Week1,265.0 Laurel Hill - 136.0 Virginia Hills
Virginia Hills,Week4,Canterbury Woods,Week1,299.0 Canterbury Woods - 103.0 Virginia Hills
Virginia Run,Week2,Pinecrest,Week1,245.0 Pinecrest - 157.0 Virginia Run
Virginia Run,Week1,Highlands Swim,Week2,287.0 Highlands Swim - 115.0 Virginia Run
Virginia Run,Week5,Highland Park,Week4,226.0 Virginia Run - 176.0 Highland Park
Virginia Run,Week5,Parliament,Week5,246.5 Virginia Run - 155.5 Parliament
Virginia Hills,Week3,Hamlet,Week2,380.0 Hamlet - 22.0 Virginia Hills
Virginia Run,Week3,South Run,Week4,246.0 Virginia Run - 156.0 South Run
Virginia Hills,Week1,Village West,Week5,279.0 Village West - 122.0 Virginia Hills
Virginia Run,Week1,Highlands Swim,Week1,277.0 Highlands Swim - 125.0 Virginia Run
Virginia Hills,Week5,Hamlet,Week4,358.0 Hamlet - 44.0 Virginia Hills
Virginia Hills,Week4,Canterbury Woods,Week2,282.0 Canterbury Woods - 119.0 Virginia Hills
Virginia Run,Week4,Highland Park,Week1,201.0 Highland Park - 201.0 Virginia Run
Virginia Run,Week4,Langley,Week5,237.0 Langley - 165.0 Virginia Run
Virginia Hills,Week4,Langley,Week5,365.0 Langley - 37.0 Virginia Hills
Virginia Hills,Week3,Ravensworth Farm,Week4,362.0 Ravensworth Farm - 40.0 Virginia Hills
Virginia Run,Week3,South Run,Week1,225.0 Virginia Run - 168.0 South Run
Virginia Hills,Week5,Laurel Hill,Week5,281.0 Laurel Hill - 116.0 Virginia Hills
Virginia Run,Week4,South Run,Week5,212.0 Virginia Run - 190.0 South Run
Virginia Hills,Week4,Canterbury Woods,Week3,327.0 Canterbury Woods - 75.0 Virginia Hills
Virginia Hills,Week5,Ravensworth Farm,Week2,311.0 Ravensworth Farm - 91.0 Virginia Hills
Virginia Run,Week2,South Run,Week1,206.0 Virginia Run - 187.0 South Run
Virginia Hills,Week3,Village West,Week3,290.0 Village West - 112.0 Virginia Hills
Virginia Hills,Week2,Hayfield Farm,Week2,362.0 Hayfield Farm - 40.0 Virginia Hills
Virginia Run,Week5,Langley,Week2,216.0 Langley - 186.0 Virginia Run
Virginia Run,Week1,Laurel Hill,Week3,294.0 Virginia Run - 108.0 Laurel Hill
Virginia Run,Week3,Parliament,Week1,204.5 Virginia Run - 197.5 Parliament
Virginia Hills,Week1,Hayfield Farm,Week1,341.0 Hayfield Farm - 61.0 Virginia Hills
Virginia Run,Week3,Parliament,Week5,218.0 Virginia Run - 184.0 Parliament
Virginia Run,Week4,Highland Park,Week4,206.0 Virginia Run - 196.0 Highland Park
Virginia Hills,Week2,Village West,Week1,289.0 Village West - 111.0 Virginia Hills
Virginia Run,Week3,South Run,Week2,256.0 Virginia Run - 146.0 South Run
Virginia Hills,Week1,Canterbury Woods,Week3,327.0 Canterbury Woods - 75.0 Virginia Hills
Virginia Hills,Week4,Laurel Hill,Week3,301.0 Laurel Hill - 97.0 Virginia Hills
Virginia Run,Week2,Pinecrest,Week2,265.5 Pinecrest - 136.5 Virginia Run
Virginia Hills,Week2,Ravensworth Farm,Week5,364.0 Ravensworth Farm - 38.0 Virginia Hills
Virginia Hills,Week4,Ravensworth Farm,Week5,373.0 Ravensworth Farm - 29.0 Virginia Hills
Virginia Hills,Week2,Village West,Week4,283.0 Village West - 113.0 Virginia Hills
Virginia Hills,Week4,Laurel Hill,Week1,264.0 Laurel Hill - 133.0 Virginia Hills
Virginia Run,Week5,Langley,Week4,250.0 Langley - 152.0 Virginia Run
Virginia Hills,Week2,Hamlet,Week5,389.0 Hamlet - 13.0 Virginia Hills
Virginia Hills,Week4,Laurel Hill,Week2,263.0 Laurel Hill - 137.0 Virginia Hills
Virginia Hills,Week5,Ravensworth Farm,Week1,329.0 Ravensworth Farm - 73.0 Virginia Hills
Virginia Run,Week5,Parliament,Week1,221.0 Virginia Run - 181.0 Parliament
Virginia Hills,Week3,Canterbury Woods,Week1,293.0 Canterbury Woods - 109.0 Virginia Hills
Virginia Hills,Week5,Hamlet,Week3,364.0 Hamlet - 38.0 Virginia Hills
Virginia Run,Week1,Laurel Hill,Week4,306.0 Virginia Run - 96.0 Laurel Hill
Virginia Hills,Week4,Ravensworth Farm,Week1,360.0 Ravensworth Farm - 42.0 Virginia Hills
Virginia Run,Week1,Highland Park,Week4,219.5 Virginia Run - 182.5 Highland Park
Virginia Run,Week4,Parliament,Week4,262.0 Virginia Run - 140.0 Parliament
Virginia Hills,Week2,Laurel Hill,Week2,266.0 Laurel Hill - 129.0 Virginia Hills
Virginia Run,Week1,Pinecrest,Week1,230.0 Pinecrest - 172.0 Virginia Run
Virginia Run,Week4,South Run,Week2,257.5 Virginia Run - 144.5 South Run
Virginia Run,Week3,Laurel Hill,Week4,286.0 Virginia Run - 116.0 Laurel Hill
Virginia Run,Week4,Highland Park,Week5,215.0 Virginia Run - 187.0 Highland Park
Virginia Hills,Week1,Canterbury Woods,Week4,332.0 Canterbury Woods - 70.0 Virginia Hills
Virginia Hills,Week1,Village West,Week3,291.0 Village West - 111.0 Virginia Hills
Virginia Hills,Week3,Laurel Hill,Week3,306.0 Laurel Hill - 95.0 Virginia Hills
Virginia Hills,Week1,Riverside Gardens,Week1,370.0 Riverside Gardens - 32.0 Virginia Hills
Virginia Run,Week1,Highlands Swim,Week3,286.0 Highlands Swim - 116.0 Virginia Run
Virginia Run,Week4,South Run,Week3,240.0 Virginia Run - 162.0 South Run
Virginia Run,Week2,Laurel Hill,Week1,285.0 Virginia Run - 117.0 Laurel Hill
Virginia Run,Week1,Highlands Swim,Week4,274.0 Highlands Swim - 128.0 Virginia Run
Virginia Hills,Week1,Laurel Hill,Week5,298.0 Laurel Hill - 102.0 Virginia Hills
Virginia Hills,Week2,Hamlet,Week4,368.0 Hamlet - 34.0 Virginia Hills
Virginia Run,Week5,Langley,Week1,233.0 Langley - 169.0 Virginia Run
Virginia Hills,Week1,Village West,Week1,287.0 Village West - 114.0 Virginia Hills
Virginia Run,Week3,South Run,Week3,245.0 Virginia Run - 157.0 South Run
Virginia Hills,Week4,Hamlet,Week5,382.0 Hamlet - 20.0 Virginia Hills
Virginia Hills,Week5,Villa Aquatic,Week5,341.0 Villa Aquatic - 61.0 Virginia Hills
Virginia Run,Week3,Parliament,Week2,253.0 Virginia Run - 149.0 Parliament
Virginia Run,Week2,Pinecrest,Week3,287.0 Pinecrest - 115.0 Virginia Run
Virginia Run,Week3,Laurel Hill,Week5,259.0 Virginia Run - 143.0 Laurel Hill
Virginia Hills,Week1,Riverside Gardens,Week5,369.0 Riverside Gardens - 33.0 Virginia Hills
Virginia Hills,Week1,Laurel Hill,Week3,296.0 Laurel Hill - 102.0 Virginia Hills
Virginia Hills,Week1,Riverside Gardens,Week2,360.0 Riverside Gardens - 42.0 Virginia Hills
Virginia Run,Week5,South Run,Week4,259.0 Virginia Run - 143.0 South Run
Virginia Run,Week3,Highland Park,Week4,206.0 Highland Park - 196.0 Virginia Run
Virginia Hills,Week5,Villa Aquatic,Week2,320.0 Villa Aquatic - 82.0 Virginia Hills
Virginia Run,Week1,Lee Graham,Week1,250.0 Lee Graham - 152.0 Virginia Run
Virginia Run,Week1,Highlands Swim,Week5,284.0 Highlands Swim - 118.0 Virginia Run
Virginia Hills,Week2,Riverside Gardens,Week4,382.0 Riverside Gardens - 20.0 Virginia Hills
Virginia Hills,Week1,Canterbury Woods,Week5,302.0 Canterbury Woods - 95.0 Virginia Hills
Virginia Hills,Week2,Laurel Hill,Week5,303.0 Laurel Hill - 94.0 Virginia Hills
Virginia Run,Week4,South Run,Week4,245.0 Virginia Run - 157.0 South Run
Virginia Hills,Week1,Canterbury Woods,Week2,304.0 Canterbury Woods - 97.0 Virginia Hills
Virginia Hills,Week5,Villa Aquatic,Week1,315.0 Villa Aquatic - 86.0 Virginia Hills
Virginia Hills,Week1,Canterbury Woods,Week1,309.0 Canterbury Woods - 93.0 Virginia Hills
Virginia Run,Week5,South Run,Week3,266.0 Virginia Run - 136.0 South Run
Virginia Run,Week4,Parliament,Week2,258.0 Virginia Run - 144.0 Parliament
Virginia Hills,Week4,Hamlet,Week2,385.0 Hamlet - 17.0 Virginia Hills
Virginia Hills,Week1,Hayfield Farm,Week3,349.0 Hayfield Farm - 53.0 Virginia Hills
Virginia Hills,Week3,Village West,Week1,289.0 Village West - 113.0 Virginia Hills
Virginia Hills,Week3,Hayfield Farm,Week2,362.0 Hayfield Farm - 40.0 Virginia Hills
Virginia Run,Week2,Highlands Swim,Week1,296.5 Highlands Swim - 105.5 Virginia Run
Virginia Run,Week3,Laurel Hill,Week3,280.0 Virginia Run - 122.0 Laurel Hill
Virginia Hills,Week3,Riverside Gardens,Week1,372.0 Riverside Gardens - 30.0 Virginia Hills
Virginia Run,Week5,Parliament,Week4,255.0 Virginia Run - 147.0 Parliament
Virginia Hills,Week3,Village West,Week5,284.0 Village West - 118.0 Virginia Hills
Virginia Hills,Week4,Village West,Week3,288.0 Village West - 114.0 Virginia Hills
Virginia Hills,Week3,Riverside Gardens,Week4,378.0 Riverside Gardens - 24.0 Virginia Hills
Virginia Run,Week4,Parliament,Week1,211.0 Virginia Run - 191.0 Parliament
Virginia Hills,Week3,Laurel Hill,Week5,295.0 Laurel Hill - 107.0 Virginia Hills
Virginia Hills,Week5,Laurel Hill,Week4,273.0 Laurel Hill - 125.0 Virginia Hills
Virginia Run,Week2,Highland Park,Week5,213.0 Highland Park - 189.0 Virginia Run
Virginia Run,Week4,Laurel Hill,Week5,258.0 Virginia Run - 144.0 Laurel Hill
Virginia Run,Week1,Springboard,Week5,316.0 Virginia Run - 86.0 Springboard
Virginia Hills,Week3,Village West,Week2,287.0 Village West - 115.0 Virginia Hills
Virginia Hills,Week3,Riverside Gardens,Week2,363.0 Riverside Gardens - 39.0 Virginia Hills
Virginia Run,Week2,Pinecrest,Week5,279.0 Pinecrest - 123.0 Virginia Run
Virginia Hills,Week1,Poplar Heights,Week4,356.0 Poplar Heights - 46.0 Virginia Hills
Virginia Run,Week4,Laurel Hill,Week4,300.5 Virginia Run - 101.5 Laurel Hill
Virginia Run,Week2,Highland Park,Week4,208.0 Highland Park - 194.0 Virginia Run
Virginia Hills,Week2,Village West,Week2,290.0 Village West - 110.0 Virginia Hills
Virginia Hills,Week5,Hayfield Farm,Week4,334.0 Hayfield Farm - 68.0 Virginia Hills
Virginia Hills,Week5,Hayfield Farm,Week1,325.0 Hayfield Farm - 77.0 Virginia Hills
Virginia Hills,Week5,Laurel Hill,Week3,273.0 Laurel Hill - 120.0 Virginia Hills
Virginia Run,Week5,South Run,Week5,232.0 Virginia Run - 170.0 South Run
Virginia Run,Week1,Pinecrest,Week3,274.0 Pinecrest - 128.0 Virginia Run
Virginia Hills,Week2,Laurel Hill,Week1,269.0 Laurel Hill - 125.0 Virginia Hills
Virginia Run,Week2,Springboard,Week1,304.0 Virginia Run - 98.0 Springboard
Virginia Run,Week5,Laurel Hill,Week4,313.0 Virginia Run - 89.0 Laurel Hill
Virginia Run,Week1,Lee Graham,Week3,260.0 Lee Graham - 142.0 Virginia Run
Virginia Run,Week2,Springboard,Week2,322.0 Virginia Run - 80.0 Springboard
Virginia Hills,Week3,Riverside Gardens,Week3,373.0 Riverside Gardens - 29.0 Virginia Hills
Virginia Run,Week1,Highland Park,Week3,240.0 Virginia Run - 162.0 Highland Park
Virginia Hills,Week2,Village West,Week5,285.0 Village West - 115.0 Virginia Hills
Virginia Run,Week2,Pinecrest,Week4,274.0 Pinecrest - 128.0 Virginia Run
Virginia Run,Week3,Parliament,Week3,230.0 Virginia Run - 172.0 Parliament
Virginia Hills,Week5,Laurel Hill,Week1,246.0 Laurel Hill - 151.0 Virginia Hills
Virginia Run,Week1,Springboard,Week3,321.0 Virginia Run - 81.0 Springboard
Virginia Hills,Week4,Hayfield Farm,Week5,354.0 Hayfield Farm - 48.0 Virginia Hills
Virginia Run,Week5,Highland Park,Week1,201.0 Highland Park - 201.0 Virginia Run
Virginia Hills,Week2,Riverside Gardens,Week5,373.0 Riverside Gardens - 29.0 Virginia Hills
Virginia Hills,Week2,Canterbury Woods,Week5,320.0 Canterbury Woods - 77.0 Virginia Hills
Virginia Hills,Week2,Hayfield Farm,Week5,361.0 Hayfield Farm - 41.0 Virginia Hills
Virginia Hills,Week2,Hayfield Farm,Week3,356.0 Hayfield Farm - 45.0 Virginia Hills
Virginia Run,Week5,Laurel Hill,Week2,329.0 Virginia Run - 73.0 Laurel Hill
Virginia Run,Week1,Highland Park,Week5,214.0 Virginia Run - 188.0 Highland Park
Virginia Hills,Week2,Laurel Hill,Week3,312.0 Laurel Hill - 85.0 Virginia Hills
Virginia Hills,Week1,Rolling Forest,Week2,325.0 Rolling Forest - 77.0 Virginia Hills
Virginia Hills,Week4,Hayfield Farm,Week3,352.0 Hayfield Farm - 50.0 Virginia Hills
Virginia Run,Week2,Springboard,Week4,286.0 Virginia Run - 116.0 Springboard
Virginia Run,Week1,Lee Graham,Week2,264.0 Lee Graham - 138.0 Virginia Run
Virginia Run,Week1,Highland Park,Week2,231.0 Virginia Run - 171.0 Highland Park
Virginia Run,Week3,Highland Park,Week2,213.0 Virginia Run - 189.0 Highland Park
Virginia Hills,Week4,Riverside Gardens,Week3,374.0 Riverside Gardens - 28.0 Virginia Hills
Virginia Hills,Week4,Village West,Week1,283.5 Village West - 117.5 Virginia Hills
Virginia Run,Week4,Parliament,Week3,246.0 Virginia Run - 156.0 Parliament
Virginia Hills,Week4,Herndon,Week3,239.0 Herndon - 158.0 Virginia Hills
Virginia Run,Week1,Lee Graham,Week5,268.0 Lee Graham - 134.0 Virginia Run
Virginia Hills,Week1,Rolling Forest,Week5,343.0 Rolling Forest - 59.0 Virginia Hills
Virginia Run,Week4,Parliament,Week5,235.5 Virginia Run - 166.5 Parliament
Virginia Hills,Week4,Poplar Heights,Week3,369.0 Poplar Heights - 33.0 Virginia Hills
Virginia Hills,Week3,Herndon,Week4,232.0 Herndon - 170.0 Virginia Hills
Virginia Run,Week3,Springboard,Week1,301.0 Virginia Run - 101.0 Springboard
Virginia Hills,Week5,Langley,Week1,371.0 Langley - 31.0 Virginia Hills
Virginia Hills,Week2,Rolling Forest,Week4,350.0 Rolling Forest - 52.0 Virginia Hills
Virginia Run,Week1,Lee Graham,Week4,251.0 Lee Graham - 151.0 Virginia Run
Virginia Hills,Week5,Langley,Week2,351.0 Langley - 50.0 Virginia Hills
Virginia Run,Week2,Springboard,Week5,290.0 Virginia Run - 112.0 Springboard
Virginia Hills,Week5,Pleasant Valley,Week3,238.0 Pleasant Valley - 164.0 Virginia Hills
Virginia Run,Week2,Highland Park,Week2,216.0 Virginia Run - 186.0 Highland Park
Virginia Hills,Week4,Village West,Week5,287.0 Village West - 114.0 Virginia Hills
Virginia Hills,Week3,Herndon,Week1,217.0 Herndon - 181.0 Virginia Hills
Virginia Hills,Week4,Village West,Week2,285.0 Village West - 116.0 Virginia Hills
Virginia Hills,Week3,Village West,Week4,286.0 Village West - 111.0 Virginia Hills
Virginia Hills,Week4,Poplar Heights,Week2,359.0 Poplar Heights - 43.0 Virginia Hills
Virginia Hills,Week5,Langley,Week4,364.0 Langley - 37.0 Virginia Hills
Virginia Run,Week2,Springboard,Week3,299.0 Virginia Run - 103.0 Springboard
Virginia Run,Week5,Parliament,Week2,267.0 Virginia Run - 135.0 Parliament
Virginia Hills,Week3,Rolling Forest,Week2,330.0 Rolling Forest - 72.0 Virginia Hills
Virginia Run,Week2,Lee Graham,Week1,277.0 Lee Graham - 125.0 Virginia Run
Virginia Run,Week1,Springboard,Week1,324.0 Virginia Run - 78.0 Springboard
Virginia Run,Week1,Pinecrest,Week5,265.0 Pinecrest - 137.0 Virginia Run
Virginia Hills,Week4,Hayfield Farm,Week4,354.0 Hayfield Farm - 48.0 Virginia Hills
Virginia Run,Week2,Lee Graham,Week2,290.0 Lee Graham - 112.0 Virginia Run
Virginia Hills,Week3,Laurel Hill,Week4,293.0 Laurel Hill - 109.0 Virginia Hills
Virginia Run,Week5,Highland Park,Week2,245.0 Virginia Run - 157.0 Highland Park
Virginia Run,Week1,Pinecrest,Week4,269.0 Pinecrest - 133.0 Virginia Run
Virginia Hills,Week4,Hayfield Farm,Week1,342.0 Hayfield Farm - 60.0 Virginia Hills
Virginia Hills,Week5,Langley,Week3,360.0 Langley - 42.0 Virginia Hills
Virginia Hills,Week5,Pleasant Valley,Week4,208.0 Virginia Hills - 192.0 Pleasant Valley
Virginia Hills,Week2,Laurel Hill,Week4,303.0 Laurel Hill - 96.0 Virginia Hills
Virginia Run,Week4,Highland Park,Week2,231.0 Virginia Run - 171.0 Highland Park
Virginia Hills,Week5,Villa Aquatic,Week4,336.0 Villa Aquatic - 66.0 Virginia Hills
Virginia Run,Week3,Springboard,Week2,318.0 Virginia Run - 84.0 Springboard
Virginia Hills,Week3,Rolling Forest,Week3,351.0 Rolling Forest - 51.0 Virginia Hills
Virginia Hills,Week2,Poplar Heights,Week4,362.0 Poplar Heights - 40.0 Virginia Hills
Virginia Run,Week5,Laurel Hill,Week3,307.0 Virginia Run - 95.0 Laurel Hill
Virginia Hills,Week5,Pleasant Valley,Week2,201.0 Pleasant Valley - 195.0 Virginia Hills
Virginia Run,Week5,Parliament,Week3,267.0 Virginia Run - 135.0 Parliament
Virginia Hills,Week5,Villa Aquatic,Week3,344.0 Villa Aquatic - 58.0 Virginia Hills
Virginia Run,Week5,Highland Park,Week5,235.0 Virginia Run - 167.0 Highland Park
Virginia Hills,Week4,Herndon,Week2,224.0 Herndon - 175.0 Virginia Hills
Virginia Run,Week3,Springboard,Week5,295.0 Virginia Run - 107.0 Springboard
Virginia Hills,Week4,Riverside Gardens,Week5,370.0 Riverside Gardens - 32.0 Virginia Hills
Virginia Hills,Week3,Laurel Hill,Week2,257.0 Laurel Hill - 143.0 Virginia Hills
Virginia Hills,Week5,Village West,Week5,263.0 Village West - 139.0 Virginia Hills
Virginia Hills,Week1,Poplar Tree,Week3,343.0 Poplar Tree - 58.0 Virginia Hills
Virginia Hills,Week5,Hayfield Farm,Week3,337.0 Hayfield Farm - 65.0 Virginia Hills
Virginia Run,Week2,Pinewood Lake,Week3,373.0 Virginia Run - 29.0 Pinewood Lake
Virginia Run,Week4,Springboard,Week1,320.0 Virginia Run - 82.0 Springboard
Virginia Hills,Week4,Pleasant Valley,Week5,250.0 Pleasant Valley - 148.0 Virginia Hills
Virginia Hills,Week3,Virginia Hills,Week4,213.0 Virginia Hills (VH1) - 188.0 Virginia Hills (VH2)
Virginia Hills,Week5,Virginia Hills,Week1,249.0 Virginia Hills (VH1) - 148.0 Virginia Hills (VH2)
Virginia Hills,Week1,Laurel Hill,Week1,266.0 Laurel Hill - 131.0 Virginia Hills
Virginia Run,Week3,Parliament,Week4,241.0 Virginia Run - 161.0 Parliament
Virginia Run,Week3,Springboard,Week3,300.0 Virginia Run - 102.0 Springboard
Virginia Hills,Week5,Poplar Heights,Week2,332.0 Poplar Heights - 70.0 Virginia Hills
Virginia Hills,Week1,Virginia Hills,Week5,249.0 Virginia Hills (VH2) - 148.0 Virginia Hills (VH1)
Virginia Hills,Week2,Rolling Forest,Week5,346.0 Rolling Forest - 56.0 Virginia Hills
Virginia Run,Week3,Hollin Hills,Week1,320.0 Virginia Run - 81.0 Hollin Hills
Virginia Run,Week2,Lee Graham,Week3,293.5 Lee Graham - 108.5 Virginia Run
Virginia Hills,Week3,Rolling Forest,Week4,344.5 Rolling Forest - 57.5 Virginia Hills
Virginia Run,Week1,Pinewood Lake,Week5,364.0 Virginia Run - 38.0 Pinewood Lake
Virginia Run,Week5,South Run,Week2,266.0 Virginia Run - 136.0 South Run
Virginia Run,Week5,Laurel Hill,Week5,285.0 Virginia Run - 117.0 Laurel Hill
Virginia Hills,Week3,Poplar Heights,Week2,357.0 Poplar Heights - 45.0 Virginia Hills
Virginia Hills,Week4,Riverside Gardens,Week1,372.0 Riverside Gardens - 30.0 Virginia Hills
Virginia Run,Week4,Highlands Swim,Week3,286.0 Highlands Swim - 116.0 Virginia Run
Virginia Hills,Week1,Laurel Hill,Week4,297.0 Laurel Hill - 104.0 Virginia Hills
Virginia Hills,Week3,Rolling Forest,Week5,341.0 Rolling Forest - 61.0 Virginia Hills
Virginia Hills,Week5,Langley,Week5,355.0 Langley - 47.0 Virginia Hills
Virginia Hills,Week1,Herndon,Week2,238.0 Herndon - 160.0 Virginia Hills
Virginia Hills,Week4,Virginia Hills,Week3,213.0 Virginia Hills (VH2) - 188.0 Virginia Hills (VH1)
Virginia Hills,Week4,Riverside Gardens,Week4,373.0 Riverside Gardens - 29.0 Virginia Hills
Virginia Run,Week4,Laurel Hill,Week3,288.0 Virginia Run - 114.0 Laurel Hill
Virginia Run,Week2,Parliament,Week5,214.0 Virginia Run - 188.0 Parliament
Virginia Hills,Week5,Poplar Heights,Week5,345.0 Poplar Heights - 57.0 Virginia Hills
Virginia Run,Week1,Pinecrest,Week2,251.0 Pinecrest - 151.0 Virginia Run
Virginia Run,Week2,Hollin Hills,Week4,312.0 Virginia Run - 90.0 Hollin Hills
Virginia Run,Week3,Springboard,Week4,300.0 Virginia Run - 102.0 Springboard
Virginia Hills,Week1,Laurel Hill,Week2,260.0 Laurel Hill - 139.0 Virginia Hills
Virginia Hills,Week3,Hayfield Farm,Week5,352.0 Hayfield Farm - 50.0 Virginia Hills
Virginia Run,Week1,Springboard,Week4,318.0 Virginia Run - 84.0 Springboard
Virginia Run,Week4,Laurel Hill,Week2,313.0 Virginia Run - 89.0 Laurel Hill
Virginia Run,Week4,Highlands Swim,Week2,294.0 Highlands Swim - 108.0 Virginia Run
Virginia Run,Week5,Laurel Hill,Week1,307.0 Virginia Run - 95.0 Laurel Hill
Virginia Hills,Week1,Herndon,Week5,249.0 Herndon - 149.0 Virginia Hills
Virginia Run,Week3,Highlands Swim,Week4,284.0 Highlands Swim - 118.0 Virginia Run
Virginia Run,Week1,Pinewood Lake,Week2,378.5 Virginia Run - 23.5 Pinewood Lake
Virginia Run,Week2,Lee Graham,Week4,273.0 Lee Graham - 129.0 Virginia Run
Virginia Hills,Week4,Virginia Hills,Week1,214.0 Virginia Hills (VH1) - 182.0 Virginia Hills (VH2)
Virginia Hills,Week3,Hayfield Farm,Week4,360.0 Hayfield Farm - 42.0 Virginia Hills
Virginia Hills,Week1,Virginia Run,Week1,365.0 Virginia Run - 37.0 Virginia Hills
Virginia Hills,Week4,Hayfield Farm,Week2,359.0 Hayfield Farm - 43.0 Virginia Hills
Virginia Hills,Week4,Laurel Hill,Week4,297.0 Laurel Hill - 104.0 Virginia Hills
Virginia Run,Week1,Hollin Hills,Week3,324.0 Virginia Run - 78.0 Hollin Hills
Virginia Hills,Week1,Virginia Run,Week3,359.0 Virginia Run - 43.0 Virginia Hills
Virginia Run,Week1,Springfield,Week4,378.0 Virginia Run - 24.0 Springfield
Virginia Hills,Week5,Laurel Hill,Week2,233.0 Laurel Hill - 160.0 Virginia Hills
Virginia Run,Week1,Hollin Hills,Week2,324.0 Virginia Run - 78.0 Hollin Hills
Virginia Run,Week3,Lee Graham,Week1,276.0 Lee Graham - 126.0 Virginia Run
Virginia Hills,Week1,Virginia Run,Week5,384.0 Virginia Run - 18.0 Virginia Hills
Virginia Hills,Week4,Rolling Forest,Week1,342.0 Rolling Forest - 60.0 Virginia Hills
Virginia Hills,Week5,Pleasant Valley,Week5,214.0 Pleasant Valley - 181.0 Virginia Hills
Virginia Hills,Week3,Herndon,Week2,229.0 Herndon - 173.0 Virginia Hills
Virginia Run,Week3,Pinewood Lake,Week5,362.0 Virginia Run - 38.0 Pinewood Lake
Virginia Hills,Week4,Rolling Forest,Week5,345.0 Rolling Forest - 57.0 Virginia Hills
Virginia Run,Week2,Springfield,Week1,371.0 Virginia Run - 21.0 Springfield
Virginia Hills,Week3,Poplar Heights,Week1,352.0 Poplar Heights - 50.0 Virginia Hills
Virginia Run,Week1,Springboard,Week2,341.0 Virginia Run - 61.0 Springboard
Virginia Run,Week2,Lee Graham,Week5,286.0 Lee Graham - 116.0 Virginia Run
Virginia Hills,Week4,Laurel Hill,Week5,298.0 Laurel Hill - 102.0 Virginia Hills
Virginia Hills,Week2,Herndon,Week2,241.0 Herndon - 155.0 Virginia Hills
Virginia Run,Week5,Highlands Swim,Week2,291.0 Highlands Swim - 111.0 Virginia Run
Virginia Hills,Week4,Pleasant Valley,Week3,276.0 Pleasant Valley - 126.0 Virginia Hills
Virginia Run,Week3,Pinewood Lake,Week2,371.0 Virginia Run - 29.0 Pinewood Lake
Virginia Hills,Week4,Rolling Forest,Week3,349.0 Rolling Forest - 53.0 Virginia Hills
Virginia Hills,Week2,Poplar Heights,Week2,360.0 Poplar Heights - 42.0 Virginia Hills
Virginia Hills,Week2,Virginia Hills,Week3,211.0 Virginia Hills (VH2) - 190.0 Virginia Hills (VH1)
Virginia Run,Week4,Springboard,Week2,338.5 Virginia Run - 63.5 Springboard
Virginia Run,Week3,Pinewood Lake,Week4,375.0 Virginia Run - 25.0 Pinewood Lake
Virginia Run,Week4,Springboard,Week3,309.5 Virginia Run - 92.5 Springboard
Virginia Hills,Week5,Hayfield Farm,Week2,346.0 Hayfield Farm - 56.0 Virginia Hills
Virginia Hills,Week1,Poplar Heights,Week3,349.0 Poplar Heights - 53.0 Virginia Hills
Virginia Run,Week4,Pinewood Lake,Week3,383.5 Virginia Run - 17.5 Pinewood Lake
Virginia Hills,Week2,Herndon,Week1,227.0 Herndon - 160.0 Virginia Hills
Virginia Hills,Week3,Rolling Forest,Week1,330.0 Rolling Forest - 72.0 Virginia Hills
Virginia Hills,Week4,Rolling Forest,Week2,329.0 Rolling Forest - 73.0 Virginia Hills
Virginia Hills,Week3,Lee Graham,Week5,382.0 Lee Graham - 20.0 Virginia Hills
Virginia Run,Week3,Springfield,Week2,377.0 Virginia Run - 23.0 Springfield
Virginia Hills,Week1,Lee Graham,Week4,372.0 Lee Graham - 30.0 Virginia Hills
Virginia Hills,Week2,Lee Graham,Week1,365.0 Lee Graham - 37.0 Virginia Hills
Virginia Run,Week1,Hollin Hills,Week4,332.0 Virginia Run - 70.0 Hollin Hills
Virginia Hills,Week2,Virginia Run,Week2,357.0 Virginia Run - 40.0 Virginia Hills
Virginia Run,Week3,Highlands Swim,Week2,319.0 Highlands Swim - 83.0 Virginia Run
Virginia Hills,Week1,Poplar Heights,Week5,358.0 Poplar Heights - 44.0 Virginia Hills
Virginia Hills,Week1,Herndon,Week1,228.0 Herndon - 165.0 Virginia Hills
Virginia Run,Week3,Lee Graham,Week2,293.0 Lee Graham - 109.0 Virginia Run
Virginia Hills,Week5,Riverside Gardens,Week5,358.0 Riverside Gardens - 44.0 Virginia Hills
Virginia Run,Week2,Pinewood Lake,Week4,359.0 Virginia Run - 43.0 Pinewood Lake
Virginia Run,Week5,Highlands Swim,Week4,265.0 Highlands Swim - 137.0 Virginia Run
Virginia Run,Week4,Pinecrest,Week3,282.0 Pinecrest - 120.0 Virginia Run
Virginia Hills,Week5,Lee Graham,Week3,357.0 Lee Graham - 44.0 Virginia Hills
Virginia Hills,Week4,Rolling Forest,Week4,338.0 Rolling Forest - 64.0 Virginia Hills
Virginia Hills,Week3,Herndon,Week3,246.0 Herndon - 155.0 Virginia Hills
Virginia Run,Week5,Highlands Swim,Week3,282.0 Highlands Swim - 120.0 Virginia Run
Virginia Hills,Week5,Lee Graham,Week4,365.0 Lee Graham - 37.0 Virginia Hills
Virginia Run,Week5,Pinecrest,Week1,223.0 Pinecrest - 179.0 Virginia Run
Virginia Run,Week3,Highlands Swim,Week3,296.0 Highlands Swim - 106.0 Virginia Run
Virginia Run,Week4,Springfield,Week5,382.0 Virginia Run - 20.0 Springfield
Virginia Hills,Week4,Pleasant Valley,Week4,210.0 Pleasant Valley - 187.0 Virginia Hills
Virginia Run,Week4,Springfield,Week4,381.0 Virginia Run - 20.0 Springfield
Virginia Hills,Week2,Poplar Heights,Week3,362.0 Poplar Heights - 40.0 Virginia Hills
Virginia Hills,Week2,Virginia Hills,Week5,272.5 Virginia Hills (VH2) - 124.5 Virginia Hills (VH1)
Virginia Hills,Week2,Rolling Forest,Week1,339.5 Rolling Forest - 62.5 Virginia Hills
Virginia Hills,Week2,Herndon,Week5,246.0 Herndon - 149.0 Virginia Hills
Virginia Run,Week4,Pinecrest,Week1,234.0 Pinecrest - 168.0 Virginia Run
Virginia Hills,Week5,Pleasant Valley,Week1,211.5 Pleasant Valley - 184.5 Virginia Hills
Virginia Run,Week5,Springboard,Week1,331.0 Virginia Run - 71.0 Springboard
Virginia Run,Week3,Pinecrest,Week1,258.0 Pinecrest - 144.0 Virginia Run
Virginia Run,Week2,Hollin Hills,Week3,314.0 Virginia Run - 88.0 Hollin Hills
Virginia Hills,Week1,Poplar Heights,Week2,357.0 Poplar Heights - 45.0 Virginia Hills
Virginia Hills,Week1,Lincolnia Park,Week2,235.0 Lincolnia Park - 152.0 Virginia Hills
Virginia Hills,Week1,Virginia Hills,Week3,220.0 Virginia Hills (VH2) - 181.0 Virginia Hills (VH1)
Virginia Hills,Week2,Poplar Heights,Week1,354.0 Poplar Heights - 48.0 Virginia Hills
Virginia Hills,Week2,Virginia Hills,Week2,192.0 Virginia Hills (VH1) - 192.0 Virginia Hills (VH2)
Virginia Hills,Week5,Riverside Gardens,Week1,359.0 Riverside Gardens - 43.0 Virginia Hills
Virginia Hills,Week4,Riverside Gardens,Week2,357.0 Riverside Gardens - 45.0 Virginia Hills
Virginia Run,Week4,Hollin Hills,Week5,321.0 Virginia Run - 81.0 Hollin Hills
Virginia Hills,Week5,Hayfield Farm,Week5,339.0 Hayfield Farm - 63.0 Virginia Hills
Virginia Hills,Week3,Lee Graham,Week1,368.5 Lee Graham - 33.5 Virginia Hills
Virginia Hills,Week2,Herndon,Week3,240.0 Herndon - 156.0 Virginia Hills
Virginia Run,Week4,Highlands Swim,Week4,288.0 Highlands Swim - 114.0 Virginia Run
Virginia Run,Week3,Springfield,Week5,375.0 Virginia Run - 26.0 Springfield
Virginia Run,Week3,Pinecrest,Week3,292.0 Pinecrest - 110.0 Virginia Run
Virginia Run,Week3,Highlands Swim,Week5,308.0 Highlands Swim - 94.0 Virginia Run
Virginia Hills,Week2,Rolling Forest,Week3,347.0 Rolling Forest - 55.0 Virginia Hills
Virginia Hills,Week1,Rolling Forest,Week1,327.0 Rolling Forest - 75.0 Virginia Hills
Virginia Hills,Week1,Virginia Hills,Week2,200.0 Virginia Hills (VH2) - 195.0 Virginia Hills (VH1)
Virginia Hills,Week2,Lee Graham,Week3,378.0 Lee Graham - 24.0 Virginia Hills
Virginia Run,Week1,Pinewood Lake,Week1,371.0 Virginia Run - 30.0 Pinewood Lake
Virginia Hills,Week5,Village West,Week4,265.0 Village West - 132.0 Virginia Hills
Virginia Run,Week4,Springfield,Week2,382.0 Virginia Run - 19.0 Springfield
Virginia Hills,Week4,Herndon,Week1,219.0 Herndon - 176.0 Virginia Hills
Virginia Hills,Week1,Virginia Hills,Week1,196.5 Virginia Hills (VH1) - 196.5 Virginia Hills (VH2)
Virginia Hills,Week2,Poplar Heights,Week5,361.0 Poplar Heights - 41.0 Virginia Hills
Virginia Run,Week4,Springboard,Week5,296.0 Virginia Run - 106.0 Springboard
Virginia Hills,Week3,Lee Graham,Week3,378.0 Lee Graham - 24.0 Virginia Hills
Virginia Hills,Week5,Village West,Week3,269.0 Village West - 132.0 Virginia Hills
Virginia Run,Week2,Highlands Swim,Week3,307.0 Highlands Swim - 95.0 Virginia Run
Virginia Hills,Week1,Herndon,Week3,240.0 Herndon - 157.0 Virginia Hills
Virginia Hills,Week3,Lee Graham,Week4,372.0 Lee Graham - 30.0 Virginia Hills
Virginia Hills,Week1,Herndon,Week4,245.0 Herndon - 154.0 Virginia Hills
Virginia Hills,Week3,Poplar Heights,Week4,362.0 Poplar Heights - 40.0 Virginia Hills
Virginia Run,Week1,Pinewood Lake,Week3,381.0 Virginia Run - 21.0 Pinewood Lake
Virginia Run,Week3,Pinecrest,Week2,273.0 Pinecrest - 129.0 Virginia Run
Virginia Hills,Week2,Virginia Hills,Week1,200.0 Virginia Hills (VH1) - 195.0 Virginia Hills (VH2)
Virginia Hills,Week1,Virginia Hills,Week4,214.0 Virginia Hills (VH2) - 182.0 Virginia Hills (VH1)
Virginia Run,Week2,Pinewood Lake,Week2,364.0 Virginia Run - 38.0 Pinewood Lake
Virginia Hills,Week1,Lee Graham,Week2,377.0 Lee Graham - 25.0 Virginia Hills
Virginia Run,Week1,Stratford,Week5,298.0 Virginia Run - 104.0 Stratford
Virginia Run,Week5,Springfield,Week5,387.0 Virginia Run - 15.0 Springfield
Virginia Hills,Week5,Riverside Gardens,Week3,357.0 Riverside Gardens - 45.0 Virginia Hills
Virginia Hills,Week1,Poplar Heights,Week1,344.0 Poplar Heights - 58.0 Virginia Hills
Virginia Hills,Week5,Riverside Gardens,Week2,346.0 Riverside Gardens - 56.0 Virginia Hills
Virginia Hills,Week2,Herndon,Week4,248.0 Herndon - 149.0 Virginia Hills
Virginia Hills,Week2,Lee Graham,Week4,379.0 Lee Graham - 23.0 Virginia Hills
Virginia Run,Week5,Highlands Swim,Week5,291.0 Highlands Swim - 111.0 Virginia Run
Virginia Hills,Week2,Lee Graham,Week2,382.0 Lee Graham - 20.0 Virginia Hills
Virginia Hills,Week5,Riverside Gardens,Week4,363.0 Riverside Gardens - 39.0 Virginia Hills
Virginia Run,Week1,Hollin Hills,Week1,325.0 Virginia Run - 77.0 Hollin Hills
Virginia Hills,Week3,Poplar Heights,Week5,366.0 Poplar Heights - 36.0 Virginia Hills
Virginia Run,Week3,Springfield,Week3,369.0 Virginia Run - 33.0 Springfield
Virginia Hills,Week3,Poplar Heights,Week3,354.0 Poplar Heights - 48.0 Virginia Hills
Virginia Hills,Week3,Herndon,Week5,237.0 Herndon - 165.0 Virginia Hills
Virginia Run,Week1,Hollin Hills,Week5,327.0 Virginia Run - 75.0 Hollin Hills
Virginia Hills,Week3,Virginia Hills,Week1,220.0 Virginia Hills (VH1) - 181.0 Virginia Hills (VH2)
Virginia Run,Week4,Pinecrest,Week5,259.0 Pinecrest - 143.0 Virginia Run
Virginia Hills,Week3,Virginia Hills,Week3,200.5 Virginia Hills (VH1) - 200.5 Virginia Hills (VH2)
Virginia Run,Week4,Pinecrest,Week2,262.0 Pinecrest - 140.0 Virginia Run
Virginia Hills,Week1,Rolling Forest,Week3,343.0 Rolling Forest - 59.0 Virginia Hills
Virginia Run,Week4,Springboard,Week4,309.0 Virginia Run - 93.0 Springboard
Virginia Hills,Week4,Poplar Heights,Week4,362.0 Poplar Heights - 40.0 Virginia Hills
Virginia Run,Week5,Pinecrest,Week2,235.0 Pinecrest - 167.0 Virginia Run
Virginia Hills,Week1,Lee Graham,Week1,361.0 Lee Graham - 41.0 Virginia Hills
Virginia Hills,Week2,Rolling Forest,Week2,339.0 Rolling Forest - 63.0 Virginia Hills
Virginia Hills,Week1,Rolling Forest,Week4,339.0 Rolling Forest - 63.0 Virginia Hills
Virginia Run,Week3,Highlands Swim,Week1,287.0 Highlands Swim - 115.0 Virginia Run
Virginia Hills,Week4,Herndon,Week4,230.0 Herndon - 169.0 Virginia Hills
Virginia Hills,Week4,Poplar Heights,Week1,342.0 Poplar Heights - 60.0 Virginia Hills
Virginia Hills,Week4,Lee Graham,Week3,373.0 Lee Graham - 29.0 Virginia Hills
Virginia Hills,Week5,Herndon,Week1,198.0 Herndon - 198.0 Virginia Hills
Virginia Hills,Week4,Lee Graham,Week5,375.0 Lee Graham - 27.0 Virginia Hills
Virginia Hills,Week2,Virginia Hills,Week4,212.0 Virginia Hills (VH2) - 184.0 Virginia Hills (VH1)
Virginia Run,Week5,Highlands Swim,Week1,270.0 Highlands Swim - 132.0 Virginia Run
Virginia Run,Week2,Highlands Swim,Week2,314.0 Highlands Swim - 88.0 Virginia Run
Virginia Run,Week1,Stratford,Week3,293.0 Virginia Run - 109.0 Stratford
Virginia Hills,Week4,Poplar Heights,Week5,364.0 Poplar Heights - 38.0 Virginia Hills
Virginia Run,Week5,Springfield,Week1,387.0 Virginia Run - 15.0 Springfield
Virginia Hills,Week4,Herndon,Week5,250.0 Herndon - 149.0 Virginia Hills
Virginia Hills,Week3,Virginia Hills,Week2,211.0 Virginia Hills (VH1) - 190.0 Virginia Hills (VH2)
Virginia Hills,Week3,Rolling Hills,Week5,318.0 Rolling Hills - 84.0 Virginia Hills
Virginia Hills,Week4,Lee Graham,Week1,363.0 Lee Graham - 39.0 Virginia Hills
Virginia Hills,Week4,Virginia Hills,Week4,198.0 Virginia Hills (VH1) - 198.0 Virginia Hills (VH2)
Virginia Hills,Week3,Hiddenbrook,Week4,311.0 Hiddenbrook - 91.0 Virginia Hills
Virginia Hills,Week5,Poplar Heights,Week4,342.0 Poplar Heights - 60.0 Virginia Hills
Virginia Run,Week4,Highlands Swim,Week1,286.0 Highlands Swim - 116.0 Virginia Run
Virginia Hills,Week5,Herndon,Week3,203.0 Herndon - 194.0 Virginia Hills
Virginia Run,Week1,Springfield,Week1,374.0 Virginia Run - 28.0 Springfield
Virginia Run,Week5,Pinecrest,Week3,260.0 Pinecrest - 142.0 Virginia Run
Virginia Hills,Week5,Poplar Heights,Week1,330.0 Poplar Heights - 72.0 Virginia Hills
Virginia Run,Week3,Pinecrest,Week5,285.0 Pinecrest - 117.0 Virginia Run
Virginia Run,Week2,Springfield,Week4,372.0 Virginia Run - 25.0 Springfield
Virginia Hills,Week1,Ravensworth Farm,Week4,359.0 Ravensworth Farm - 43.0 Virginia Hills
Virginia Run,Week3,Springfield,Week4,375.0 Virginia Run - 26.0 Springfield
Virginia Hills,Week1,Rolling Hills,Week4,314.0 Rolling Hills - 84.0 Virginia Hills
Virginia Hills,Week5,Lee Graham,Week2,364.0 Lee Graham - 38.0 Virginia Hills
Virginia Hills,Week4,Virginia Hills,Week5,245.0 Virginia Hills (VH2) - 152.0 Virginia Hills (VH1)
Virginia Run,Week5,Pinecrest,Week5,241.5 Pinecrest - 160.5 Virginia Run
Virginia Run,Week2,Hollin Hills,Week1,310.0 Virginia Run - 92.0 Hollin Hills
Virginia Run,Week1,Springfield,Week2,381.0 Virginia Run - 20.0 Springfield
Virginia Run,Week4,Highlands Swim,Week5,299.0 Highlands Swim - 103.0 Virginia Run
Virginia Run,Week5,Pinecrest,Week4,258.0 Pinecrest - 144.0 Virginia Run
Virginia Hills,Week5,Virginia Hills,Week2,272.5 Virginia Hills (VH1) - 124.5 Virginia Hills (VH2)
Virginia Hills,Week1,Rolling Hills,Week1,314.0 Rolling Hills - 86.0 Virginia Hills
Virginia Hills,Week3,Virginia Hills,Week5,249.0 Virginia Hills (VH2) - 152.0 Virginia Hills (VH1)
Virginia Hills,Week4,Virginia Hills,Week2,212.0 Virginia Hills (VH1) - 184.0 Virginia Hills (VH2)
Virginia Hills,Week1,Poplar Tree,Week2,322.0 Poplar Tree - 80.0 Virginia Hills
Virginia Run,Week4,Pinecrest,Week4,272.0 Pinecrest - 130.0 Virginia Run
Virginia Hills,Week2,Hiddenbrook,Week3,319.0 Hiddenbrook - 82.0 Virginia Hills
Virginia Hills,Week1,Lee Graham,Week3,374.0 Lee Graham - 28.0 Virginia Hills
Virginia Hills,Week5,Poplar Heights,Week3,346.0 Poplar Heights - 56.0 Virginia Hills
Virginia Hills,Week5,Rolling Forest,Week4,320.5 Rolling Forest - 81.5 Virginia Hills
Virginia Hills,Week1,Hiddenbrook,Week2,250.0 Hiddenbrook - 146.0 Virginia Hills
Virginia Run,Week3,Pinecrest,Week4,281.0 Pinecrest - 121.0 Virginia Run
Virginia Run,Week2,Highlands Swim,Week4,293.5 Highlands Swim - 108.5 Virginia Run
Virginia Hills,Week5,Village West,Week2,251.0 Village West - 151.0 Virginia Hills
Virginia Hills,Week5,Rolling Forest,Week2,298.0 Rolling Forest - 104.0 Virginia Hills
Virginia Hills,Week5,Lee Graham,Week1,349.0 Lee Graham - 53.0 Virginia Hills
Virginia Hills,Week1,Poplar Tree,Week1,343.0 Poplar Tree - 58.0 Virginia Hills
Virginia Hills,Week4,Lee Graham,Week2,374.0 Lee Graham - 28.0 Virginia Hills
Virginia Hills,Week5,Herndon,Week5,205.0 Herndon - 192.0 Virginia Hills
Virginia Run,Week5,Springboard,Week2,347.0 Virginia Run - 55.0 Springboard
Virginia Run,Week2,Highlands Swim,Week5,309.0 Highlands Swim - 93.0 Virginia Run
Virginia Hills,Week2,Rolling Hills,Week5,322.0 Rolling Hills - 80.0 Virginia Hills
Virginia Hills,Week5,Herndon,Week4,205.0 Herndon - 192.0 Virginia Hills
Virginia Run,Week2,Hollin Hills,Week2,311.0 Virginia Run - 86.0 Hollin Hills
Virginia Run,Week2,Springfield,Week2,370.0 Virginia Run - 22.0 Springfield
Virginia Hills,Week2,Hiddenbrook,Week2,270.0 Hiddenbrook - 126.0 Virginia Hills
Virginia Run,Week1,Pinewood Lake,Week4,379.0 Virginia Run - 23.0 Pinewood Lake
Virginia Hills,Week4,Lee Graham,Week4,369.0 Lee Graham - 33.0 Virginia Hills
Virginia Hills,Week1,Lincolnia Park,Week1,249.0 Lincolnia Park - 152.0 Virginia Hills
Virginia Hills,Week5,Rolling Hills,Week2,308.0 Rolling Hills - 94.0 Virginia Hills
Virginia Hills,Week2,Ravensworth Farm,Week1,356.0 Ravensworth Farm - 46.0 Virginia Hills
Virginia Run,Week2,Pinewood Lake,Week5,356.0 Virginia Run - 46.0 Pinewood Lake
Virginia Run,Week3,Hollin Hills,Week3,308.0 Virginia Run - 94.0 Hollin Hills
Virginia Hills,Week2,Poplar Tree,Week4,332.0 Poplar Tree - 68.0 Virginia Hills
Virginia Hills,Week1,Rolling Valley,Week1,250.0 Rolling Valley - 151.0 Virginia Hills
Virginia Hills,Week1,Lee Graham,Week5,380.0 Lee Graham - 22.0 Virginia Hills
Virginia Hills,Week1,Rolling Hills,Week2,321.0 Rolling Hills - 80.0 Virginia Hills
Virginia Hills,Week4,Rolling Hills,Week5,318.0 Rolling Hills - 84.0 Virginia Hills
Virginia Run,Week5,Springboard,Week4,321.0 Virginia Run - 81.0 Springboard
Virginia Hills,Week5,Poplar Tree,Week3,334.0 Poplar Tree - 67.0 Virginia Hills
Virginia Run,Week5,Springboard,Week5,321.0 Virginia Run - 81.0 Springboard
Virginia Hills,Week5,Virginia Hills,Week5,193.5 Virginia Hills (VH1) - 193.5 Virginia Hills (VH2)
Virginia Run,Week3,Pinewood Lake,Week1,363.0 Virginia Run - 37.0 Pinewood Lake
Virginia Run,Week1,Springfield,Week3,378.0 Virginia Run - 23.0 Springfield
Virginia Run,Week2,Hollin Hills,Week5,307.0 Virginia Run - 95.0 Hollin Hills
Virginia Hills,Week5,Lee Graham,Week5,363.0 Lee Graham - 39.0 Virginia Hills
Virginia Hills,Week1,High Point Pool,Week4,348.0 High Point Pool - 54.0 Virginia Hills
Virginia Hills,Week5,Virginia Hills,Week3,249.0 Virginia Hills (VH1) - 152.0 Virginia Hills (VH2)
Virginia Run,Week2,Pinewood Lake,Week1,361.0 Virginia Run - 36.0 Pinewood Lake
Virginia Run,Week5,Springboard,Week3,320.0 Virginia Run - 82.0 Springboard
Virginia Hills,Week1,Virginia Run,Week2,350.0 Virginia Run - 52.0 Virginia Hills
Virginia Hills,Week2,Hiddenbrook,Week4,314.0 Hiddenbrook - 87.0 Virginia Hills
Virginia Run,Week3,Hollin Hills,Week2,324.0 Virginia Run - 77.0 Hollin Hills
Virginia Hills,Week5,Virginia Hills,Week4,245.0 Virginia Hills (VH1) - 152.0 Virginia Hills (VH2)
Virginia Hills,Week1,Hiddenbrook,Week1,301.0 Hiddenbrook - 99.0 Virginia Hills
Virginia Hills,Week5,Rolling Hills,Week5,301.0 Rolling Hills - 101.0 Virginia Hills
Virginia Hills,Week5,Lincolnia Park,Week4,212.0 Lincolnia Park - 190.0 Virginia Hills
Virginia Run,Week2,Springfield,Week3,367.0 Virginia Run - 25.0 Springfield
Virginia Run,Week1,Springfield,Week5,385.0 Virginia Run - 16.0 Springfield
Virginia Hills,Week2,Virginia Run,Week1,373.0 Virginia Run - 29.0 Virginia Hills
Virginia Hills,Week1,Rolling Hills,Week5,319.0 Rolling Hills - 83.0 Virginia Hills
Virginia Hills,Week2,High Point Pool,Week2,366.0 High Point Pool - 36.0 Virginia Hills
Virginia Run,Week4,Pinewood Lake,Week1,369.0 Virginia Run - 33.0 Pinewood Lake
Virginia Hills,Week2,Rolling Hills,Week1,313.0 Rolling Hills - 87.0 Virginia Hills
Virginia Hills,Week4,Hiddenbrook,Week4,304.0 Hiddenbrook - 98.0 Virginia Hills
Virginia Run,Week2,Springfield,Week5,379.0 Virginia Run - 13.0 Springfield
Virginia Hills,Week2,Lee Graham,Week5,381.0 Lee Graham - 21.0 Virginia Hills
Virginia Run,Week3,Pinewood Lake,Week3,377.0 Virginia Run - 23.0 Pinewood Lake
Virginia Hills,Week3,Lee Graham,Week2,376.0 Lee Graham - 26.0 Virginia Hills
Virginia Hills,Week3,Poplar Tree,Week3,337.0 Poplar Tree - 65.0 Virginia Hills
Virginia Hills,Week1,Hiddenbrook,Week5,336.0 Hiddenbrook - 66.0 Virginia Hills
Virginia Hills,Week1,Virginia Run,Week4,371.5 Virginia Run - 30.5 Virginia Hills
Virginia Run,Week4,Hollin Hills,Week1,330.0 Virginia Run - 72.0 Hollin Hills
Virginia Run,Week4,Pinewood Lake,Week2,377.0 Virginia Run - 24.0 Pinewood Lake
Virginia Hills,Week4,Poplar Tree,Week2,325.0 Poplar Tree - 77.0 Virginia Hills
Virginia Run,Week3,Hollin Hills,Week4,326.0 Virginia Run - 74.0 Hollin Hills
Virginia Run,Week3,Hollin Hills,Week5,312.0 Virginia Run - 90.0 Hollin Hills
Virginia Hills,Week2,Poplar Tree,Week1,346.0 Poplar Tree - 54.0 Virginia Hills
Virginia Run,Week4,Springfield,Week1,379.0 Virginia Run - 22.0 Springfield
Virginia Run,Week4,Springfield,Week3,379.0 Virginia Run - 22.0 Springfield
Virginia Hills,Week2,Commonwealth,Week3,308.0 Commonwealth - 91.0 Virginia Hills
Virginia Run,Week5,Hollin Hills,Week3,333.0 Virginia Run - 69.0 Hollin Hills
Virginia Run,Week4,Hollin Hills,Week4,328.0 Virginia Run - 74.0 Hollin Hills
Virginia Run,Week3,Burke Station,Week5,284.0 Virginia Run - 118.0 Burke Station
Virginia Hills,Week3,Lincolnia Park,Week4,224.0 Lincolnia Park - 176.0 Virginia Hills
Virginia Hills,Week5,Chesterbrook,Week4,391.0 Chesterbrook - 11.0 Virginia Hills
Virginia Run,Week3,Springfield,Week1,374.0 Virginia Run - 27.0 Springfield
Virginia Hills,Week5,Lincolnia Park,Week1,222.0 Lincolnia Park - 179.0 Virginia Hills
Virginia Hills,Week2,Virginia Run,Week4,373.0 Virginia Run - 29.0 Virginia Hills
Virginia Run,Week5,Burke Station,Week3,303.0 Virginia Run - 94.0 Burke Station
Virginia Hills,Week1,Poplar Tree,Week4,331.0 Poplar Tree - 69.0 Virginia Hills
Virginia Hills,Week2,Commonwealth,Week1,275.0 Commonwealth - 120.0 Virginia Hills
Virginia Hills,Week3,Virginia Run,Week3,372.0 Virginia Run - 30.0 Virginia Hills
Virginia Run,Week1,Hollin Meadows,Week1,224.0 Virginia Run - 178.0 Hollin Meadows
Virginia Hills,Week4,Lincolnia Park,Week5,255.0 Lincolnia Park - 135.0 Virginia Hills
Virginia Run,Week2,Pleasant Valley,Week3,296.0 Virginia Run - 106.0 Pleasant Valley
Virginia Hills,Week2,Lincolnia Park,Week3,286.0 Lincolnia Park - 105.0 Virginia Hills
Virginia Hills,Week2,Poplar Tree,Week5,367.0 Poplar Tree - 34.0 Virginia Hills
Virginia Hills,Week2,Hiddenbrook,Week5,339.0 Hiddenbrook - 63.0 Virginia Hills
Virginia Run,Week5,Burke Station,Week1,284.0 Virginia Run - 95.0 Burke Station
Virginia Hills,Week3,Hiddenbrook,Week3,306.0 Hiddenbrook - 96.0 Virginia Hills
Virginia Hills,Week4,Lincolnia Park,Week2,230.0 Lincolnia Park - 157.0 Virginia Hills
Virginia Hills,Week5,Rolling Forest,Week5,319.0 Rolling Forest - 82.0 Virginia Hills
Virginia Hills,Week2,Wakefield Chapel,Week2,388.0 Wakefield Chapel - 14.0 Virginia Hills
Virginia Run,Week3,Pleasant Valley,Week4,335.0 Virginia Run - 66.0 Pleasant Valley
Virginia Hills,Week4,Virginia Run,Week4,379.0 Virginia Run - 23.0 Virginia Hills
Virginia Hills,Week3,High Point Pool,Week1,351.0 High Point Pool - 51.0 Virginia Hills
Virginia Hills,Week1,Wakefield Chapel,Week3,384.0 Wakefield Chapel - 18.0 Virginia Hills
Virginia Run,Week3,Pleasant Valley,Week2,332.0 Virginia Run - 70.0 Pleasant Valley
Virginia Hills,Week1,Poplar Tree,Week5,359.0 Poplar Tree - 42.0 Virginia Hills
Virginia Hills,Week3,Rolling Valley,Week2,285.0 Rolling Valley - 117.0 Virginia Hills
Virginia Run,Week5,Springfield,Week2,387.0 Virginia Run - 15.0 Springfield
Virginia Hills,Week1,Hiddenbrook,Week3,308.0 Hiddenbrook - 94.0 Virginia Hills
Virginia Run,Week4,Hollin Hills,Week3,332.0 Virginia Run - 70.0 Hollin Hills
Virginia Hills,Week5,Chesterbrook,Week5,391.0 Chesterbrook - 11.0 Virginia Hills
Virginia Hills,Week1,Rolling Valley,Week4,290.0 Rolling Valley - 112.0 Virginia Hills
Virginia Hills,Week4,Poplar Tree,Week4,324.0 Poplar Tree - 76.0 Virginia Hills
Virginia Hills,Week2,Rolling Valley,Week5,299.0 Rolling Valley - 103.0 Virginia Hills
Virginia Run,Week5,Springfield,Week3,386.0 Virginia Run - 16.0 Springfield
Virginia Run,Week4,Hollin Hills,Week2,327.0 Virginia Run - 75.0 Hollin Hills
Virginia Run,Week1,Pleasant Valley,Week5,322.0 Virginia Run - 80.0 Pleasant Valley
Virginia Hills,Week2,Poplar Tree,Week2,330.0 Poplar Tree - 72.0 Virginia Hills
Virginia Run,Week5,Pinewood Lake,Week1,371.0 Virginia Run - 31.0 Pinewood Lake
Virginia Hills,Week5,Rolling Hills,Week3,301.0 Rolling Hills - 97.0 Virginia Hills
Virginia Run,Week4,Burke Station,Week3,303.0 Virginia Run - 93.0 Burke Station
Virginia Hills,Week2,Commonwealth,Week2,313.0 Commonwealth - 87.0 Virginia Hills
Virginia Hills,Week3,Poplar Tree,Week5,348.0 Poplar Tree - 54.0 Virginia Hills
Virginia Hills,Week1,Wakefield Chapel,Week2,384.0 Wakefield Chapel - 18.0 Virginia Hills
Virginia Hills,Week3,Poplar Tree,Week4,321.0 Poplar Tree - 81.0 Virginia Hills
Virginia Run,Week2,Camelot,Week1,238.0 Virginia Run - 164.0 Camelot
Virginia Run,Week1,Camelot,Week3,262.0 Virginia Run - 140.0 Camelot
Virginia Run,Week3,Hollin Meadows,Week1,205.0 Virginia Run - 197.0 Hollin Meadows
Virginia Hills,Week5,Lincolnia Park,Week3,249.0 Lincolnia Park - 143.0 Virginia Hills
Virginia Run,Week5,Springfield,Week4,381.0 Virginia Run - 21.0 Springfield
Virginia Hills,Week2,High Point Pool,Week4,355.0 High Point Pool - 47.0 Virginia Hills
Virginia Run,Week5,Hollin Hills,Week2,335.0 Virginia Run - 67.0 Hollin Hills
Virginia Hills,Week5,Rolling Forest,Week1,318.0 Rolling Forest - 84.0 Virginia Hills
Virginia Hills,Week1,Wakefield Chapel,Week5,388.0 Wakefield Chapel - 14.0 Virginia Hills
Virginia Hills,Week4,Rolling Hills,Week2,320.0 Rolling Hills - 81.0 Virginia Hills
Virginia Run,Week4,Pinewood Lake,Week4,378.0 Virginia Run - 23.0 Pinewood Lake
Virginia Hills,Week2,Hiddenbrook,Week1,316.0 Hiddenbrook - 84.0 Virginia Hills
Virginia Hills,Week2,Commonwealth,Week4,298.0 Commonwealth - 102.0 Virginia Hills
Virginia Run,Week4,Pleasant Valley,Week3,311.0 Virginia Run - 91.0 Pleasant Valley
Virginia Run,Week4,Pleasant Valley,Week4,345.0 Virginia Run - 57.0 Pleasant Valley
Virginia Run,Week1,Camelot,Week5,265.0 Virginia Run - 137.0 Camelot
Virginia Hills,Week4,Commonwealth,Week4,291.0 Commonwealth - 110.0 Virginia Hills
Virginia Run,Week1,Stratford,Week1,300.0 Virginia Run - 102.0 Stratford
Virginia Hills,Week4,Virginia Run,Week5,386.0 Virginia Run - 16.0 Virginia Hills
Virginia Hills,Week3,Hiddenbrook,Week2,251.0 Hiddenbrook - 150.0 Virginia Hills
Virginia Hills,Week2,Rolling Valley,Week3,291.0 Rolling Valley - 110.0 Virginia Hills
Virginia Hills,Week5,Poplar Tree,Week4,302.0 Poplar Tree - 99.0 Virginia Hills
Virginia Hills,Week2,Little Hunting Park,Week5,297.0 Little Hunting Park - 100.0 Virginia Hills
Virginia Run,Week2,Hollin Meadows,Week2,231.0 Virginia Run - 171.0 Hollin Meadows
Virginia Hills,Week3,Little Hunting Park,Week1,300.0 Little Hunting Park - 101.0 Virginia Hills
Virginia Run,Week1,Stratford,Week2,298.0 Virginia Run - 104.0 Stratford
Virginia Hills,Week5,Commonwealth,Week1,239.5 Commonwealth - 161.5 Virginia Hills
Virginia Hills,Week5,Herndon,Week2,203.0 Herndon - 194.0 Virginia Hills
Virginia Hills,Week3,Poplar Tree,Week1,332.0 Poplar Tree - 70.0 Virginia Hills
Virginia Hills,Week3,Virginia Run,Week5,381.0 Virginia Run - 21.0 Virginia Hills
Virginia Run,Week1,Stratford,Week4,280.0 Virginia Run - 122.0 Stratford
Virginia Hills,Week5,Poplar Tree,Week2,311.0 Poplar Tree - 90.0 Virginia Hills
Virginia Run,Week3,Stratford,Week2,283.0 Virginia Run - 119.0 Stratford
Virginia Run,Week1,Hollin Meadows,Week4,248.0 Virginia Run - 154.0 Hollin Meadows
Virginia Hills,Week4,Hiddenbrook,Week2,254.0 Hiddenbrook - 143.0 Virginia Hills
Virginia Hills,Week1,Lincolnia Park,Week5,269.0 Lincolnia Park - 122.0 Virginia Hills
Virginia Run,Week5,Burke Station,Week5,303.0 Virginia Run - 99.0 Burke Station
Virginia Run,Week5,Pinewood Lake,Week2,383.0 Virginia Run - 19.0 Pinewood Lake
Virginia Hills,Week1,Commonwealth,Week4,297.0 Commonwealth - 104.0 Virginia Hills
Virginia Hills,Week2,Wakefield Chapel,Week1,381.0 Wakefield Chapel - 21.0 Virginia Hills
Virginia Hills,Week2,Rolling Hills,Week2,325.0 Rolling Hills - 76.0 Virginia Hills
Virginia Hills,Week3,Commonwealth,Week1,257.0 Commonwealth - 143.0 Virginia Hills
Virginia Run,Week2,Burke Station,Week2,303.0 Virginia Run - 99.0 Burke Station
Virginia Hills,Week3,Virginia Run,Week1,371.0 Virginia Run - 31.0 Virginia Hills
Virginia Run,Week1,Hollin Meadows,Week5,239.0 Virginia Run - 163.0 Hollin Meadows
Virginia Run,Week4,Pleasant Valley,Week2,338.0 Virginia Run - 64.0 Pleasant Valley
Virginia Hills,Week4,Hiddenbrook,Week1,303.0 Hiddenbrook - 97.0 Virginia Hills
Virginia Hills,Week2,Lincolnia Park,Week5,283.0 Lincolnia Park - 107.0 Virginia Hills
Virginia Hills,Week3,Rolling Hills,Week1,314.0 Rolling Hills - 88.0 Virginia Hills
Virginia Hills,Week1,Hiddenbrook,Week4,304.0 Hiddenbrook - 98.0 Virginia Hills
Virginia Hills,Week1,Commonwealth,Week2,311.0 Commonwealth - 90.0 Virginia Hills
Virginia Hills,Week3,Lincolnia Park,Week5,261.0 Lincolnia Park - 132.0 Virginia Hills
Virginia Run,Week3,Hollin Meadows,Week2,222.0 Virginia Run - 180.0 Hollin Meadows
Virginia Run,Week5,Stratford,Week4,287.0 Virginia Run - 115.0 Stratford
Virginia Hills,Week1,Rolling Hills,Week3,321.0 Rolling Hills - 80.0 Virginia Hills
Virginia Hills,Week2,Wakefield Chapel,Week5,392.0 Wakefield Chapel - 10.0 Virginia Hills
Virginia Hills,Week5,Rolling Forest,Week3,317.0 Rolling Forest - 85.0 Virginia Hills
Virginia Hills,Week4,Poplar Tree,Week1,337.0 Poplar Tree - 64.0 Virginia Hills
Virginia Run,Week5,Hollin Hills,Week4,352.0 Virginia Run - 50.0 Hollin Hills
Virginia Run,Week2,Burke Station,Week4,318.0 Virginia Run - 84.0 Burke Station
Virginia Hills,Week4,Rolling Hills,Week4,320.0 Rolling Hills - 78.0 Virginia Hills
Virginia Hills,Week3,Commonwealth,Week5,294.0 Commonwealth - 108.0 Virginia Hills
Virginia Run,Week5,Pinewood Lake,Week3,389.0 Virginia Run - 13.0 Pinewood Lake
Virginia Hills,Week3,Hiddenbrook,Week5,336.0 Hiddenbrook - 66.0 Virginia Hills
Virginia Hills,Week4,Lincolnia Park,Week4,230.0 Lincolnia Park - 169.0 Virginia Hills
Virginia Run,Week1,Sully Station,Week2,225.0 Sully Station - 177.0 Virginia Run
Virginia Hills,Week2,Virginia Run,Week5,383.0 Virginia Run - 19.0 Virginia Hills
Virginia Hills,Week5,Virginia Run,Week2,333.0 Virginia Run - 69.0 Virginia Hills
Virginia Run,Week5,Pleasant Valley,Week1,353.0 Virginia Run - 49.0 Pleasant Valley
Virginia Run,Week1,Camelot,Week2,264.0 Virginia Run - 138.0 Camelot
Virginia Hills,Week1,Ravensworth Farm,Week1,351.0 Ravensworth Farm - 51.0 Virginia Hills
Virginia Run,Week3,Hollin Meadows,Week3,216.0 Virginia Run - 186.0 Hollin Meadows
Virginia Hills,Week1,Lincolnia Park,Week4,241.0 Lincolnia Park - 157.0 Virginia Hills
Virginia Hills,Week4,Poplar Tree,Week5,355.0 Poplar Tree - 46.0 Virginia Hills
Virginia Run,Week5,Stratford,Week1,314.0 Virginia Run - 88.0 Stratford
Virginia Run,Week1,Burke Station,Week2,319.0 Virginia Run - 83.0 Burke Station
Virginia Run,Week3,Burke Station,Week2,314.0 Virginia Run - 88.0 Burke Station
Virginia Hills,Week5,Lincolnia Park,Week2,195.0 Virginia Hills - 193.0 Lincolnia Park
Virginia Run,Week2,Hollin Meadows,Week4,221.0 Virginia Run - 181.0 Hollin Meadows
Virginia Hills,Week4,Hiddenbrook,Week5,328.0 Hiddenbrook - 74.0 Virginia Hills
Virginia Hills,Week2,Wakefield Chapel,Week3,387.0 Wakefield Chapel - 15.0 Virginia Hills
Virginia Hills,Week1,Commonwealth,Week3,307.0 Commonwealth - 94.0 Virginia Hills
Virginia Run,Week1,Burke Station,Week4,322.0 Virginia Run - 80.0 Burke Station
Virginia Hills,Week3,Rolling Hills,Week2,315.0 Rolling Hills - 87.0 Virginia Hills
Virginia Run,Week4,Pleasant Valley,Week5,322.0 Virginia Run - 80.0 Pleasant Valley
Virginia Hills,Week4,Poplar Tree,Week3,347.0 Poplar Tree - 54.0 Virginia Hills
Virginia Run,Week5,Stratford,Week3,308.0 Virginia Run - 94.0 Stratford
Virginia Hills,Week3,Hiddenbrook,Week1,300.0 Hiddenbrook - 102.0 Virginia Hills
Virginia Hills,Week4,Lincolnia Park,Week1,238.0 Lincolnia Park - 163.0 Virginia Hills
Virginia Hills,Week5,Poplar Tree,Week1,325.0 Poplar Tree - 75.0 Virginia Hills
Virginia Run,Week3,Pleasant Valley,Week5,318.0 Virginia Run - 83.0 Pleasant Valley
Virginia Hills,Week3,Commonwealth,Week3,294.0 Commonwealth - 108.0 Virginia Hills
Virginia Run,Week3,Hollin Meadows,Week4,228.0 Virginia Run - 174.0 Hollin Meadows
Virginia Run,Week5,Pleasant Valley,Week2,354.0 Virginia Run - 48.0 Pleasant Valley
Virginia Run,Week1,Burke Station,Week3,310.0 Virginia Run - 87.0 Burke Station
Virginia Run,Week4,Burke Station,Week2,317.5 Virginia Run - 84.5 Burke Station
Virginia Hills,Week5,Hiddenbrook,Week1,281.0 Hiddenbrook - 117.0 Virginia Hills
Virginia Run,Week5,Pleasant Valley,Week3,338.0 Virginia Run - 64.0 Pleasant Valley
Virginia Run,Week4,Stratford,Week3,285.0 Virginia Run - 117.0 Stratford
Virginia Hills,Week1,Little Hunting Park,Week1,303.0 Little Hunting Park - 95.0 Virginia Hills
Virginia Run,Week2,Stratford,Week4,247.0 Virginia Run - 155.0 Stratford
Virginia Run,Week1,Sully Station,Week5,261.0 Sully Station - 141.0 Virginia Run
Virginia Hills,Week4,Commonwealth,Week1,257.0 Commonwealth - 140.0 Virginia Hills
Virginia Run,Week3,Hollin Meadows,Week5,214.0 Virginia Run - 188.0 Hollin Meadows
Virginia Hills,Week3,Poplar Tree,Week2,311.0 Poplar Tree - 91.0 Virginia Hills
Virginia Hills,Week2,Lincolnia Park,Week4,254.0 Lincolnia Park - 141.0 Virginia Hills
Virginia Run,Week1,Sully Station,Week4,241.0 Sully Station - 161.0 Virginia Run
Virginia Hills,Week2,Wakefield Chapel,Week4,387.0 Wakefield Chapel - 15.0 Virginia Hills
Virginia Run,Week5,Pleasant Valley,Week4,351.0 Virginia Run - 51.0 Pleasant Valley
Virginia Hills,Week3,Virginia Run,Week2,358.0 Virginia Run - 44.0 Virginia Hills
Virginia Hills,Week3,Rolling Hills,Week3,309.0 Rolling Hills - 93.0 Virginia Hills
Virginia Hills,Week1,Ravensworth Farm,Week2,337.0 Ravensworth Farm - 64.0 Virginia Hills
Virginia Run,Week5,Hollin Hills,Week1,331.0 Virginia Run - 71.0 Hollin Hills
Virginia Hills,Week5,Hiddenbrook,Week2,229.0 Hiddenbrook - 165.0 Virginia Hills
Virginia Hills,Week1,Lincolnia Park,Week3,274.0 Lincolnia Park - 118.0 Virginia Hills
Virginia Hills,Week2,Rolling Hills,Week4,318.0 Rolling Hills - 80.0 Virginia Hills
Virginia Hills,Week2,Poplar Tree,Week3,357.0 Poplar Tree - 44.0 Virginia Hills
Virginia Hills,Week4,Virginia Run,Week3,376.0 Virginia Run - 26.0 Virginia Hills
Virginia Hills,Week3,Commonwealth,Week4,286.0 Commonwealth - 116.0 Virginia Hills
Virginia Hills,Week2,Rolling Hills,Week3,326.0 Rolling Hills - 75.0 Virginia Hills
Virginia Run,Week2,Hollin Meadows,Week3,217.0 Virginia Run - 185.0 Hollin Meadows
Virginia Run,Week4,Burke Station,Week4,328.0 Virginia Run - 74.0 Burke Station
Virginia Hills,Week1,Commonwealth,Week1,260.0 Commonwealth - 136.0 Virginia Hills
Virginia Hills,Week4,Hiddenbrook,Week3,306.0 Hiddenbrook - 96.0 Virginia Hills
Virginia Hills,Week3,Rolling Hills,Week4,325.0 Rolling Hills - 76.0 Virginia Hills
Virginia Run,Week1,Pleasant Valley,Week3,314.0 Virginia Run - 88.0 Pleasant Valley
Virginia Run,Week1,Hollin Meadows,Week3,241.0 Virginia Run - 161.0 Hollin Meadows
Virginia Hills,Week4,Commonwealth,Week2,312.0 Commonwealth - 89.0 Virginia Hills
Virginia Hills,Week4,Rolling Hills,Week3,319.0 Rolling Hills - 82.0 Virginia Hills
Virginia Hills,Week1,Little Hunting Park,Week2,294.0 Little Hunting Park - 106.0 Virginia Hills
Virginia Run,Week3,Burke Station,Week1,267.0 Virginia Run - 112.0 Burke Station
Virginia Hills,Week3,Lincolnia Park,Week1,242.0 Lincolnia Park - 159.0 Virginia Hills
Virginia Run,Week5,Pinewood Lake,Week4,389.0 Virginia Run - 13.0 Pinewood Lake
Virginia Hills,Week5,Hiddenbrook,Week3,296.0 Hiddenbrook - 106.0 Virginia Hills
Virginia Hills,Week4,Commonwealth,Week3,303.0 Commonwealth - 98.0 Virginia Hills
Virginia Hills,Week5,Virginia Run,Week3,347.0 Virginia Run - 55.0 Virginia Hills
Virginia Hills,Week3,Virginia Run,Week4,375.5 Virginia Run - 26.5 Virginia Hills
Virginia Run,Week2,Pleasant Valley,Week4,323.0 Virginia Run - 74.0 Pleasant Valley
Virginia Hills,Week5,Commonwealth,Week2,287.0 Commonwealth - 115.0 Virginia Hills
Virginia Hills,Week5,Hiddenbrook,Week5,313.0 Hiddenbrook - 88.0 Virginia Hills
Virginia Hills,Week4,Rolling Hills,Week1,315.0 Rolling Hills - 85.0 Virginia Hills
Virginia Run,Week3,Stratford,Week3,285.0 Virginia Run - 117.0 Stratford
Virginia Run,Week3,Burke Station,Week3,287.0 Virginia Run - 110.0 Burke Station
Virginia Run,Week4,Stratford,Week1,303.0 Virginia Run - 99.0 Stratford
Virginia Hills,Week4,Virginia Run,Week1,383.0 Virginia Run - 19.0 Virginia Hills
Virginia Run,Week1,Hollin Meadows,Week2,259.0 Virginia Run - 143.0 Hollin Meadows
Virginia Hills,Week5,Hiddenbrook,Week4,290.0 Hiddenbrook - 112.0 Virginia Hills
Virginia Hills,Week5,Poplar Tree,Week5,335.0 Poplar Tree - 67.0 Virginia Hills
Virginia Hills,Week1,Ravensworth Farm,Week3,353.0 Ravensworth Farm - 48.0 Virginia Hills
Virginia Run,Week3,Pleasant Valley,Week1,323.0 Virginia Run - 79.0 Pleasant Valley
Virginia Run,Week2,Hollin Meadows,Week5,206.0 Virginia Run - 196.0 Hollin Meadows
Virginia Run,Week1,Pleasant Valley,Week4,347.0 Virginia Run - 55.0 Pleasant Valley
Virginia Hills,Week4,Commonwealth,Week5,309.0 Commonwealth - 93.0 Virginia Hills
Virginia Hills,Week2,Lincolnia Park,Week1,259.0 Lincolnia Park - 137.0 Virginia Hills
Virginia Hills,Week5,Rolling Hills,Week4,304.0 Rolling Hills - 91.0 Virginia Hills
Virginia Run,Week5,Stratford,Week2,319.0 Virginia Run - 83.0 Stratford
Virginia Hills,Week5,Rolling Hills,Week1,306.0 Rolling Hills - 95.0 Virginia Hills
Virginia Hills,Week1,High Point Pool,Week2,363.0 High Point Pool - 39.0 Virginia Hills
Virginia Run,Week3,Burke Station,Week4,310.0 Virginia Run - 92.0 Burke Station
Virginia Run,Week4,Stratford,Week5,292.0 Virginia Run - 110.0 Stratford
Virginia Hills,Week5,Orange Hunt,Week5,310.0 Orange Hunt - 92.0 Virginia Hills
Virginia Hills,Week5,Virginia Run,Week4,360.0 Virginia Run - 42.0 Virginia Hills
Virginia Hills,Week4,Virginia Run,Week2,366.0 Virginia Run - 36.0 Virginia Hills
Virginia Hills,Week2,Virginia Run,Week3,364.0 Virginia Run - 38.0 Virginia Hills
Virginia Run,Week2,Burke Station,Week3,282.0 Virginia Run - 115.0 Burke Station
Virginia Run,Week5,Hollin Hills,Week5,325.0 Virginia Run - 77.0 Hollin Hills
Virginia Hills,Week1,High Point Pool,Week1,352.0 High Point Pool - 50.0 Virginia Hills
Virginia Run,Week4,Stratford,Week4,271.0 Virginia Run - 131.0 Stratford
Virginia Hills,Week3,Lincolnia Park,Week3,267.0 Lincolnia Park - 126.0 Virginia Hills
Virginia Hills,Week1,Ravensworth Farm,Week5,361.5 Ravensworth Farm - 40.5 Virginia Hills
Virginia Run,Week2,Hollin Meadows,Week1,216.0 Virginia Run - 186.0 Hollin Meadows
Virginia Hills,Week3,Lincolnia Park,Week2,230.0 Lincolnia Park - 162.0 Virginia Hills
Virginia Hills,Week5,Commonwealth,Week4,272.0 Commonwealth - 130.0 Virginia Hills
Virginia Run,Week1,Burke Station,Week5,304.0 Virginia Run - 98.0 Burke Station
Virginia Run,Week4,Burke Station,Week1,274.0 Virginia Run - 105.0 Burke Station
Virginia Hills,Week1,Overlee,Week3,398.5 Overlee - 3.5 Virginia Hills
Virginia Hills,Week2,Lincolnia Park,Week2,235.0 Lincolnia Park - 152.0 Virginia Hills
Virginia Hills,Week3,Overlee,Week2,392.0 Overlee - 10.0 Virginia Hills
Virginia Hills,Week1,High Point Pool,Week3,358.0 High Point Pool - 43.0 Virginia Hills
Virginia Hills,Week5,Commonwealth,Week3,287.0 Commonwealth - 115.0 Virginia Hills
Virginia Hills,Week2,Commonwealth,Week5,301.0 Commonwealth - 101.0 Virginia Hills
Virginia Hills,Week4,Lincolnia Park,Week3,254.0 Lincolnia Park - 137.0 Virginia Hills
Virginia Hills,Week1,High Point Pool,Week5,355.0 High Point Pool - 47.0 Virginia Hills
Virginia Run,Week5,Stratford,Week5,304.0 Virginia Run - 98.0 Stratford
Virginia Hills,Week1,Overlee,Week4,402.0 Overlee - 0.0 Virginia Hills
Virginia Hills,Week1,Rolling Valley,Week5,291.0 Rolling Valley - 111.0 Virginia Hills
Virginia Hills,Week1,Wakefield Chapel,Week1,382.5 Wakefield Chapel - 19.5 Virginia Hills
Virginia Hills,Week2,Rolling Valley,Week2,284.0 Rolling Valley - 118.0 Virginia Hills
Virginia Run,Week4,Hollin Meadows,Week2,242.0 Virginia Run - 160.0 Hollin Meadows
Virginia Run,Week4,Pinewood Lake,Week5,365.0 Virginia Run - 36.0 Pinewood Lake
Virginia Run,Week1,Burke Station,Week1,279.0 Virginia Run - 100.0 Burke Station
Virginia Run,Week4,Hollin Meadows,Week1,216.0 Virginia Run - 186.0 Hollin Meadows
Virginia Run,Week4,Pleasant Valley,Week1,336.0 Virginia Run - 66.0 Pleasant Valley
Virginia Hills,Week5,Virginia Run,Week5,366.0 Virginia Run - 36.0 Virginia Hills
Virginia Run,Week3,Stratford,Week1,289.5 Virginia Run - 112.5 Stratford
Virginia Run,Week5,Broyhill Crest,Week5,372.0 Virginia Run - 30.0 Broyhill Crest
Virginia Hills,Week5,Virginia Run,Week1,353.0 Virginia Run - 49.0 Virginia Hills
Virginia Run,Week4,Hollin Meadows,Week3,222.0 Virginia Run - 180.0 Hollin Meadows
Virginia Hills,Week1,Little Hunting Park,Week3,297.0 Little Hunting Park - 103.0 Virginia Hills
Virginia Hills,Week3,Commonwealth,Week2,298.0 Commonwealth - 104.0 Virginia Hills
Virginia Hills,Week2,High Point Pool,Week3,364.0 High Point Pool - 37.0 Virginia Hills
Virginia Run,Week2,Burke Station,Week1,264.0 Virginia Run - 115.0 Burke Station
Virginia Hills,Week2,Overlee,Week4,402.0 Overlee - 0.0 Virginia Hills
Virginia Hills,Week5,Overlee,Week1,375.0 Overlee - 27.0 Virginia Hills
Virginia Run,Week2,Stratford,Week3,260.5 Virginia Run - 141.5 Stratford
Virginia Hills,Week2,High Point Pool,Week5,359.0 High Point Pool - 41.0 Virginia Hills
Virginia Hills,Week1,Rolling Valley,Week3,279.0 Rolling Valley - 122.0 Virginia Hills
Virginia Hills,Week2,High Point Pool,Week1,355.0 High Point Pool - 42.0 Virginia Hills
Virginia Run,Week2,Stratford,Week5,258.0 Virginia Run - 144.0 Stratford
Virginia Run,Week2,Pleasant Valley,Week1,318.0 Virginia Run - 84.0 Pleasant Valley
Virginia Run,Week1,Pleasant Valley,Week2,352.0 Virginia Run - 50.0 Pleasant Valley
Virginia Hills,Week5,Lincolnia Park,Week5,250.0 Lincolnia Park - 141.0 Virginia Hills
Virginia Run,Week5,Pinewood Lake,Week5,374.0 Virginia Run - 28.0 Pinewood Lake
Virginia Run,Week4,Hollin Meadows,Week5,210.0 Virginia Run - 192.0 Hollin Meadows
Virginia Run,Week4,Hollin Meadows,Week4,232.0 Virginia Run - 170.0 Hollin Meadows
Virginia Hills,Week1,Rolling Valley,Week2,282.0 Rolling Valley - 120.0 Virginia Hills
Virginia Hills,Week1,Commonwealth,Week5,304.0 Commonwealth - 98.0 Virginia Hills
Virginia Run,Week2,Stratford,Week1,277.0 Virginia Run - 120.0 Stratford
Virginia Run,Week2,Burke Station,Week5,275.0 Virginia Run - 127.0 Burke Station
Virginia Hills,Week2,Rolling Valley,Week1,273.0 Rolling Valley - 128.0 Virginia Hills
Virginia Hills,Week1,Wakefield Chapel,Week4,380.0 Wakefield Chapel - 22.0 Virginia Hills
Virginia Hills,Week3,High Point Pool,Week2,379.0 High Point Pool - 23.0 Virginia Hills
Virginia Hills,Week3,Overlee,Week3,397.0 Overlee - 5.0 Virginia Hills
Virginia Hills,Week2,Rolling Valley,Week4,296.0 Rolling Valley - 106.0 Virginia Hills
Virginia Run,Week1,Pleasant Valley,Week1,338.0 Virginia Run - 64.0 Pleasant Valley
Virginia Hills,Week1,Little Hunting Park,Week4,292.0 Little Hunting Park - 109.0 Virginia Hills
Virginia Run,Week5,Hollin Meadows,Week5,227.0 Virginia Run - 175.0 Hollin Meadows
Virginia Run,Week1,Holmes Run Acres,Week5,207.0 Holmes Run Acres - 195.0 Virginia Run
Virginia Run,Week5,Burke Station,Week2,319.0 Virginia Run - 83.0 Burke Station
Virginia Hills,Week5,Rolling Valley,Week2,254.0 Rolling Valley - 147.0 Virginia Hills
Virginia Run,Week4,Burke Station,Week5,293.0 Virginia Run - 109.0 Burke Station
Virginia Run,Week3,Stratford,Week4,272.0 Virginia Run - 130.0 Stratford
Virginia Hills,Week1,Walden Glen,Week2,297.0 Walden Glen - 104.0 Virginia Hills
Virginia Run,Week2,Pleasant Valley,Week2,318.0 Virginia Run - 84.0 Pleasant Valley
Virginia Hills,Week5,Overlee,Week5,396.0 Overlee - 6.0 Virginia Hills
Virginia Hills,Week1,Little Hunting Park,Week5,296.0 Little Hunting Park - 104.0 Virginia Hills
Virginia Hills,Week5,Overlee,Week3,384.0 Overlee - 18.0 Virginia Hills
Virginia Run,Week3,Stratford,Week5,281.0 Virginia Run - 121.0 Stratford
Virginia Hills,Week3,High Point Pool,Week4,362.0 High Point Pool - 40.0 Virginia Hills
Virginia Hills,Week3,Fairfax,Week5,379.0 Fairfax - 23.0 Virginia Hills
Virginia Hills,Week3,High Point Pool,Week3,371.0 High Point Pool - 31.0 Virginia Hills
Virginia Hills,Week2,Walden Glen,Week1,288.0 Walden Glen - 113.0 Virginia Hills
Virginia Hills,Week2,Little Hunting Park,Week1,308.0 Little Hunting Park - 90.0 Virginia Hills
Virginia Run,Week3,Holmes Run Acres,Week2,211.0 Virginia Run - 191.0 Holmes Run Acres
Virginia Run,Week2,Pleasant Valley,Week5,300.0 Virginia Run - 102.0 Pleasant Valley
Virginia Hills,Week5,Orange Hunt,Week3,312.5 Orange Hunt - 89.5 Virginia Hills
Virginia Hills,Week3,Rolling Valley,Week1,257.0 Rolling Valley - 145.0 Virginia Hills
Virginia Hills,Week2,Fairfax Club Estates,Week2,293.0 Fairfax Club Estates - 106.0 Virginia Hills
Virginia Hills,Week5,Wakefield Chapel,Week1,379.0 Wakefield Chapel - 23.0 Virginia Hills
Virginia Run,Week5,Hollin Meadows,Week2,253.0 Virginia Run - 149.0 Hollin Meadows
Virginia Hills,Week4,Overlee,Week4,401.0 Overlee - 1.0 Virginia Hills
Virginia Hills,Week5,Overlee,Week2,391.0 Overlee - 11.0 Virginia Hills
Virginia Hills,Week2,Fairfax Club Estates,Week4,322.0 Fairfax Club Estates - 79.0 Virginia Hills
Virginia Run,Week1,Camelot,Week1,266.0 Virginia Run - 136.0 Camelot
Virginia Hills,Week3,Rolling Valley,Week5,299.0 Rolling Valley - 103.0 Virginia Hills
Virginia Run,Week1,Poplar Tree,Week3,210.0 Poplar Tree - 192.0 Virginia Run
Virginia Hills,Week1,Rutherford,Week2,302.0 Rutherford - 99.0 Virginia Hills
Virginia Hills,Week3,Rolling Valley,Week3,280.0 Rolling Valley - 122.0 Virginia Hills
Virginia Hills,Week3,Fairfax Club Estates,Week2,285.0 Fairfax Club Estates - 117.0 Virginia Hills
Virginia Hills,Week4,Orange Hunt,Week2,327.0 Orange Hunt - 75.0 Virginia Hills
Virginia Hills,Week4,Overlee,Week2,396.0 Overlee - 6.0 Virginia Hills
Virginia Run,Week3,Pleasant Valley,Week3,309.0 Virginia Run - 93.0 Pleasant Valley
Virginia Hills,Week3,Fairfax Club Estates,Week1,291.0 Fairfax Club Estates - 111.0 Virginia Hills
Virginia Run,Week3,Sully Station,Week2,234.0 Sully Station - 168.0 Virginia Run
Virginia Hills,Week1,Rutherford,Week4,311.0 Rutherford - 91.0 Virginia Hills
Virginia Run,Week2,Poplar Heights,Week1,203.0 Poplar Heights - 199.0 Virginia Run
Virginia Run,Week5,Camelot,Week1,252.0 Virginia Run - 150.0 Camelot
Virginia Hills,Week1,Walden Glen,Week5,331.0 Walden Glen - 70.0 Virginia Hills
Virginia Run,Week5,Holmes Run Acres,Week3,203.0 Virginia Run - 199.0 Holmes Run Acres
Virginia Run,Week1,Sully Station,Week3,235.0 Sully Station - 167.0 Virginia Run
Virginia Run,Week2,Stratford,Week2,275.0 Virginia Run - 127.0 Stratford
Virginia Hills,Week3,Little Hunting Park,Week3,297.0 Little Hunting Park - 105.0 Virginia Hills
Virginia Run,Week2,Camelot,Week4,239.0 Virginia Run - 163.0 Camelot
Virginia Hills,Week3,Rolling Valley,Week4,298.0 Rolling Valley - 104.0 Virginia Hills
Virginia Hills,Week2,Little Hunting Park,Week3,300.0 Little Hunting Park - 100.0 Virginia Hills
Virginia Hills,Week3,Walden Glen,Week2,311.0 Walden Glen - 90.0 Virginia Hills
Virginia Hills,Week3,Little Hunting Park,Week2,291.0 Little Hunting Park - 111.0 Virginia Hills
Virginia Run,Week5,Burke Station,Week4,334.0 Virginia Run - 68.0 Burke Station
Virginia Hills,Week2,Little Hunting Park,Week2,304.0 Little Hunting Park - 94.0 Virginia Hills
Virginia Run,Week1,Sully Station,Week1,241.0 Sully Station - 161.0 Virginia Run
Virginia Run,Week1,Camelot,Week4,264.0 Virginia Run - 138.0 Camelot
Virginia Run,Week1,Poplar Heights,Week2,208.0 Poplar Heights - 194.0 Virginia Run
Virginia Hills,Week2,Little Hunting Park,Week4,292.0 Little Hunting Park - 108.0 Virginia Hills
Virginia Run,Week2,Holmes Run Acres,Week3,231.0 Holmes Run Acres - 171.0 Virginia Run
Virginia Hills,Week1,Walden Glen,Week3,305.0 Walden Glen - 97.0 Virginia Hills
Virginia Hills,Week4,Fairfax,Week5,381.0 Fairfax - 20.0 Virginia Hills
Virginia Hills,Week2,Overlee,Week2,398.0 Overlee - 4.0 Virginia Hills
Virginia Hills,Week3,Fairfax Club Estates,Week4,312.0 Fairfax Club Estates - 90.0 Virginia Hills
Virginia Run,Week3,Poplar Heights,Week4,208.0 Poplar Heights - 194.0 Virginia Run
Virginia Run,Week4,Stratford,Week2,303.0 Virginia Run - 99.0 Stratford
Virginia Hills,Week2,Walden Glen,Week3,315.0 Walden Glen - 85.0 Virginia Hills
Virginia Hills,Week3,Walden Glen,Week1,283.0 Walden Glen - 119.0 Virginia Hills
Virginia Run,Week5,Holmes Run Acres,Week1,250.0 Virginia Run - 152.0 Holmes Run Acres
Virginia Run,Week5,Hollin Meadows,Week4,259.0 Virginia Run - 143.0 Hollin Meadows
Virginia Hills,Week3,Little Hunting Park,Week4,294.0 Little Hunting Park - 108.0 Virginia Hills
Virginia Run,Week2,Sully Station,Week1,255.0 Sully Station - 147.0 Virginia Run
Virginia Run,Week5,Poplar Heights,Week3,229.0 Virginia Run - 173.0 Poplar Heights
Virginia Run,Week1,Poplar Heights,Week5,201.0 Poplar Heights - 201.0 Virginia Run
Virginia Hills,Week1,Rutherford,Week5,297.0 Rutherford - 104.0 Virginia Hills
Virginia Hills,Week3,Fairfax Club Estates,Week5,298.0 Fairfax Club Estates - 103.0 Virginia Hills
Virginia Hills,Week5,Fairfax,Week3,361.0 Fairfax - 41.0 Virginia Hills
Virginia Hills,Week4,Rolling Valley,Week4,296.0 Rolling Valley - 106.0 Virginia Hills
Virginia Hills,Week5,Orange Hunt,Week4,315.0 Orange Hunt - 87.0 Virginia Hills
Virginia Run,Week2,Holmes Run Acres,Week1,225.0 Virginia Run - 177.0 Holmes Run Acres
Virginia Hills,Week3,Wakefield Chapel,Week2,387.0 Wakefield Chapel - 15.0 Virginia Hills
Virginia Hills,Week2,Fairfax Club Estates,Week3,300.0 Fairfax Club Estates - 97.0 Virginia Hills
Virginia Hills,Week2,Rutherford,Week2,304.0 Rutherford - 96.0 Virginia Hills
Virginia Run,Week3,Camelot,Week2,240.0 Virginia Run - 162.0 Camelot
Virginia Run,Week2,Poplar Heights,Week2,214.0 Poplar Heights - 188.0 Virginia Run
Virginia Hills,Week1,Chesterbrook,Week2,397.0 Chesterbrook - 5.0 Virginia Hills
Virginia Hills,Week1,Overlee,Week1,394.0 Overlee - 8.0 Virginia Hills
Virginia Hills,Week5,Fairfax Club Estates,Week1,282.5 Fairfax Club Estates - 118.5 Virginia Hills
Virginia Run,Week1,Holmes Run Acres,Week1,239.0 Virginia Run - 163.0 Holmes Run Acres
Virginia Run,Week2,Sully Station,Week3,240.0 Sully Station - 162.0 Virginia Run
Virginia Hills,Week4,Wakefield Chapel,Week5,388.0 Wakefield Chapel - 14.0 Virginia Hills
Virginia Hills,Week1,Little Rocky Run,Week5,375.0 Little Rocky Run - 27.0 Virginia Hills
Virginia Hills,Week2,Walden Glen,Week5,327.0 Walden Glen - 73.0 Virginia Hills
Virginia Hills,Week4,Little Hunting Park,Week1,302.0 Little Hunting Park - 96.0 Virginia Hills
Virginia Run,Week1,Canterbury Woods,Week3,265.0 Virginia Run - 137.0 Canterbury Woods
Virginia Run,Week2,Sully Station,Week5,272.0 Sully Station - 130.0 Virginia Run
Virginia Run,Week5,Camelot,Week4,268.0 Virginia Run - 134.0 Camelot
Virginia Run,Week1,Holmes Run Acres,Week4,234.0 Virginia Run - 168.0 Holmes Run Acres
Virginia Hills,Week4,Orange Hunt,Week4,333.0 Orange Hunt - 69.0 Virginia Hills
Virginia Hills,Week2,Little Rocky Run,Week5,378.0 Little Rocky Run - 24.0 Virginia Hills
Virginia Run,Week2,Camelot,Week2,236.0 Virginia Run - 166.0 Camelot
Virginia Run,Week5,Poplar Heights,Week5,201.0 Poplar Heights - 201.0 Virginia Run
Virginia Hills,Week1,Rutherford,Week1,284.0 Rutherford - 117.0 Virginia Hills
Virginia Hills,Week2,Little Rocky Run,Week4,380.0 Little Rocky Run - 22.0 Virginia Hills
Virginia Run,Week3,Holmes Run Acres,Week3,223.0 Holmes Run Acres - 179.0 Virginia Run
Virginia Hills,Week2,Chesterbrook,Week5,396.0 Chesterbrook - 6.0 Virginia Hills
Virginia Hills,Week5,Fairfax,Week2,358.0 Fairfax - 44.0 Virginia Hills
Virginia Hills,Week5,Little Hunting Park,Week1,278.0 Little Hunting Park - 123.0 Virginia Hills
Virginia Run,Week1,Holmes Run Acres,Week3,206.0 Virginia Run - 196.0 Holmes Run Acres
Virginia Run,Week2,Canterbury Woods,Week4,229.0 Virginia Run - 173.0 Canterbury Woods
Virginia Run,Week3,Sully Station,Week3,243.0 Sully Station - 159.0 Virginia Run
Virginia Hills,Week5,Wakefield Chapel,Week2,375.0 Wakefield Chapel - 27.0 Virginia Hills
Virginia Run,Week5,Pleasant Valley,Week5,338.0 Virginia Run - 64.0 Pleasant Valley
Virginia Hills,Week1,Rutherford,Week3,303.0 Rutherford - 98.0 Virginia Hills
Virginia Run,Week2,Sully Station II,Week1,229.0 Sully Station II - 173.0 Virginia Run
Virginia Hills,Week3,Chesterbrook,Week2,398.0 Chesterbrook - 4.0 Virginia Hills
Virginia Hills,Week5,Rolling Valley,Week3,254.0 Rolling Valley - 139.0 Virginia Hills
Virginia Run,Week4,Poplar Heights,Week5,209.0 Poplar Heights - 193.0 Virginia Run
Virginia Hills,Week2,Overlee,Week5,402.0 Overlee - 0.0 Virginia Hills
Virginia Run,Week1,Canterbury Woods,Week5,256.0 Virginia Run - 146.0 Canterbury Woods
Virginia Hills,Week1,Walden Glen,Week1,294.0 Walden Glen - 108.0 Virginia Hills
Virginia Hills,Week4,Fairfax,Week3,375.0 Fairfax - 26.0 Virginia Hills
Virginia Hills,Week2,Chesterbrook,Week3,399.0 Chesterbrook - 3.0 Virginia Hills
Virginia Hills,Week2,Overlee,Week3,399.0 Overlee - 3.0 Virginia Hills
Virginia Run,Week1,Sully Station II,Week1,202.0 Virginia Run - 200.0 Sully Station II
Virginia Hills,Week5,Cardinal Hill,Week3,360.0 Cardinal Hill - 42.0 Virginia Hills
Virginia Hills,Week3,Little Rocky Run,Week1,365.0 Little Rocky Run - 37.0 Virginia Hills
Virginia Run,Week3,Holmes Run Acres,Week4,212.0 Virginia Run - 190.0 Holmes Run Acres
Virginia Run,Week2,Camelot,Week5,227.0 Virginia Run - 175.0 Camelot
Virginia Hills,Week5,Orange Hunt,Week1,312.0 Orange Hunt - 90.0 Virginia Hills
Virginia Hills,Week4,Orange Hunt,Week3,334.0 Orange Hunt - 68.0 Virginia Hills
Virginia Hills,Week5,Walden Glen,Week4,293.0 Walden Glen - 109.0 Virginia Hills
Virginia Hills,Week3,Wakefield Chapel,Week5,390.0 Wakefield Chapel - 12.0 Virginia Hills
Virginia Run,Week3,Poplar Heights,Week1,207.0 Poplar Heights - 195.0 Virginia Run
Virginia Hills,Week1,Waynewood,Week4,362.0 Waynewood - 40.0 Virginia Hills
Virginia Hills,Week3,Walden Glen,Week5,330.0 Walden Glen - 72.0 Virginia Hills
Virginia Hills,Week1,Chesterbrook,Week5,396.0 Chesterbrook - 6.0 Virginia Hills
Virginia Run,Week2,Canterbury Woods,Week3,245.0 Virginia Run - 157.0 Canterbury Woods
Virginia Hills,Week4,Fairfax,Week1,369.0 Fairfax - 33.0 Virginia Hills
Virginia Hills,Week5,Fairfax,Week5,369.0 Fairfax - 33.0 Virginia Hills
Virginia Hills,Week3,Little Rocky Run,Week2,369.0 Little Rocky Run - 33.0 Virginia Hills
Virginia Hills,Week4,Rolling Valley,Week1,251.0 Rolling Valley - 150.0 Virginia Hills
Virginia Hills,Week2,Rutherford,Week3,304.0 Rutherford - 97.0 Virginia Hills
Virginia Run,Week3,Sully Station II,Week3,280.0 Sully Station II - 122.0 Virginia Run
Virginia Run,Week3,Camelot,Week3,250.0 Virginia Run - 152.0 Camelot
Virginia Run,Week5,Hollin Meadows,Week3,247.5 Virginia Run - 154.5 Hollin Meadows
Virginia Run,Week3,Camelot,Week4,251.0 Virginia Run - 151.0 Camelot
Virginia Run,Week3,Holmes Run Acres,Week5,230.0 Holmes Run Acres - 172.0 Virginia Run
Virginia Hills,Week2,Rutherford,Week1,289.0 Rutherford - 106.0 Virginia Hills
Virginia Hills,Week4,Fairfax,Week2,375.0 Fairfax - 27.0 Virginia Hills
Virginia Run,Week1,Poplar Heights,Week3,207.0 Virginia Run - 195.0 Poplar Heights
Virginia Hills,Week3,Chesterbrook,Week4,397.0 Chesterbrook - 5.0 Virginia Hills
Virginia Run,Week3,Holmes Run Acres,Week1,226.0 Virginia Run - 176.0 Holmes Run Acres
Virginia Run,Week5,Sully Station,Week3,219.0 Sully Station - 183.0 Virginia Run
Virginia Run,Week2,Sully Station II,Week4,212.0 Sully Station II - 190.0 Virginia Run
Virginia Hills,Week2,Chesterbrook,Week1,391.0 Chesterbrook - 11.0 Virginia Hills
Virginia Hills,Week5,Fairfax,Week1,345.0 Fairfax - 57.0 Virginia Hills
Virginia Hills,Week3,Wakefield Chapel,Week4,380.0 Wakefield Chapel - 22.0 Virginia Hills
Virginia Hills,Week3,Fairfax,Week4,375.0 Fairfax - 27.0 Virginia Hills
Virginia Hills,Week2,Little Rocky Run,Week2,372.5 Little Rocky Run - 29.5 Virginia Hills
Virginia Run,Week1,Holmes Run Acres,Week2,244.0 Virginia Run - 158.0 Holmes Run Acres
Virginia Hills,Week3,Overlee,Week4,401.0 Overlee - 1.0 Virginia Hills
Virginia Hills,Week2,Rutherford,Week4,327.0 Rutherford - 75.0 Virginia Hills
Virginia Hills,Week5,Little Hunting Park,Week4,266.0 Little Hunting Park - 136.0 Virginia Hills
Virginia Run,Week3,Sully Station II,Week5,278.5 Sully Station II - 123.5 Virginia Run
Virginia Hills,Week5,Orange Hunt,Week2,308.0 Orange Hunt - 93.0 Virginia Hills
Virginia Run,Week3,Poplar Heights,Week5,218.0 Poplar Heights - 184.0 Virginia Run
Virginia Run,Week1,Poplar Heights,Week1,219.0 Virginia Run - 183.0 Poplar Heights
Virginia Hills,Week4,Overlee,Week3,396.0 Overlee - 6.0 Virginia Hills
Virginia Hills,Week5,Little Hunting Park,Week3,254.0 Little Hunting Park - 143.0 Virginia Hills
Virginia Hills,Week1,Chesterbrook,Week1,384.0 Chesterbrook - 18.0 Virginia Hills
Virginia Run,Week1,Poplar Heights,Week4,206.0 Virginia Run - 196.0 Poplar Heights
Virginia Run,Week3,Sully Station,Week1,249.0 Sully Station - 153.0 Virginia Run
Virginia Hills,Week4,Rolling Valley,Week5,283.0 Rolling Valley - 119.0 Virginia Hills
Virginia Run,Week4,Poplar Heights,Week3,212.0 Poplar Heights - 190.0 Virginia Run
Virginia Hills,Week1,Overlee,Week5,402.0 Overlee - 0.0 Virginia Hills
Virginia Run,Week4,Holmes Run Acres,Week1,237.0 Virginia Run - 165.0 Holmes Run Acres
Virginia Run,Week3,Poplar Heights,Week3,219.5 Poplar Heights - 182.5 Virginia Run
Virginia Run,Week4,Holmes Run Acres,Week4,227.0 Virginia Run - 175.0 Holmes Run Acres
Virginia Run,Week5,Sully Station,Week5,246.0 Sully Station - 156.0 Virginia Run
Virginia Hills,Week3,Chesterbrook,Week3,397.0 Chesterbrook - 5.0 Virginia Hills
Virginia Run,Week2,Sully Station,Week4,241.5 Sully Station - 160.5 Virginia Run
Virginia Run,Week3,Canterbury Woods,Week1,263.0 Virginia Run - 139.0 Canterbury Woods
Virginia Hills,Week4,Little Hunting Park,Week4,289.0 Little Hunting Park - 112.0 Virginia Hills
Virginia Hills,Week5,Rolling Valley,Week1,212.0 Rolling Valley - 188.0 Virginia Hills
Virginia Hills,Week4,Rolling Valley,Week3,285.0 Rolling Valley - 116.0 Virginia Hills
Virginia Hills,Week4,Orange Hunt,Week5,335.0 Orange Hunt - 67.0 Virginia Hills
Virginia Run,Week2,Canterbury Woods,Week1,254.0 Virginia Run - 148.0 Canterbury Woods
Virginia Hills,Week4,Wakefield Chapel,Week1,388.0 Wakefield Chapel - 14.0 Virginia Hills
Virginia Hills,Week4,Fairfax,Week4,373.0 Fairfax - 28.0 Virginia Hills
Virginia Run,Week3,Canterbury Woods,Week2,264.0 Virginia Run - 138.0 Canterbury Woods
Virginia Run,Week2,Canterbury Woods,Week5,232.0 Virginia Run - 165.0 Canterbury Woods
Virginia Hills,Week1,Fairfax Club Estates,Week1,292.0 Fairfax Club Estates - 110.0 Virginia Hills
Virginia Hills,Week3,Fairfax,Week3,372.0 Fairfax - 30.0 Virginia Hills
Virginia Hills,Week4,Little Hunting Park,Week3,290.0 Little Hunting Park - 110.0 Virginia Hills
Virginia Hills,Week4,Wakefield Chapel,Week2,385.0 Wakefield Chapel - 17.0 Virginia Hills
Virginia Hills,Week3,Wakefield Chapel,Week1,382.0 Wakefield Chapel - 20.0 Virginia Hills
Virginia Hills,Week3,Little Hunting Park,Week5,295.0 Little Hunting Park - 106.0 Virginia Hills
Virginia Hills,Week1,Overlee,Week2,395.0 Overlee - 7.0 Virginia Hills
Virginia Run,Week4,Holmes Run Acres,Week3,211.0 Holmes Run Acres - 191.0 Virginia Run
Virginia Hills,Week3,Chesterbrook,Week5,397.0 Chesterbrook - 5.0 Virginia Hills
Virginia Run,Week2,Poplar Heights,Week3,206.0 Poplar Heights - 196.0 Virginia Run
Virginia Hills,Week4,Chesterbrook,Week1,389.5 Chesterbrook - 12.5 Virginia Hills
Virginia Run,Week3,Poplar Heights,Week2,224.0 Poplar Heights - 178.0 Virginia Run
Virginia Run,Week2,Holmes Run Acres,Week4,206.0 Virginia Run - 196.0 Holmes Run Acres
Virginia Hills,Week4,Little Hunting Park,Week2,292.0 Little Hunting Park - 108.0 Virginia Hills
Virginia Run,Week1,Sully Station II,Week2,227.0 Sully Station II - 175.0 Virginia Run
Virginia Run,Week2,Hunt Valley,Week2,246.0 Hunt Valley - 156.0 Virginia Run
Virginia Run,Week2,Camelot,Week3,239.5 Virginia Run - 162.5 Camelot
Virginia Run,Week2,Poplar Heights,Week5,222.0 Poplar Heights - 180.0 Virginia Run
Virginia Hills,Week3,Wakefield Chapel,Week3,385.0 Wakefield Chapel - 17.0 Virginia Hills
Virginia Hills,Week2,Chesterbrook,Week4,397.0 Chesterbrook - 5.0 Virginia Hills
Virginia Hills,Week2,Overlee,Week1,396.0 Overlee - 6.0 Virginia Hills
Virginia Hills,Week3,Overlee,Week1,382.0 Overlee - 20.0 Virginia Hills
Virginia Hills,Week1,Fairfax Club Estates,Week3,289.0 Fairfax Club Estates - 110.0 Virginia Hills
Virginia Run,Week2,Sully Station,Week2,237.0 Sully Station - 165.0 Virginia Run
Virginia Run,Week3,Canterbury Woods,Week3,248.0 Virginia Run - 154.0 Canterbury Woods
Virginia Run,Week5,Sully Station,Week1,226.0 Sully Station - 176.0 Virginia Run
Virginia Hills,Week4,Chesterbrook,Week2,398.0 Chesterbrook - 4.0 Virginia Hills
Virginia Hills,Week5,Rolling Valley,Week4,263.0 Rolling Valley - 138.0 Virginia Hills
Virginia Hills,Week4,Rolling Valley,Week2,274.0 Rolling Valley - 128.0 Virginia Hills
Virginia Hills,Week5,Fairfax,Week4,355.0 Fairfax - 47.0 Virginia Hills
Virginia Hills,Week4,Wakefield Chapel,Week4,384.5 Wakefield Chapel - 17.5 Virginia Hills
Virginia Hills,Week1,Little Rocky Run,Week1,364.0 Little Rocky Run - 38.0 Virginia Hills
Virginia Hills,Week5,Rolling Valley,Week5,264.0 Rolling Valley - 138.0 Virginia Hills
Virginia Run,Week2,Holmes Run Acres,Week2,226.0 Virginia Run - 171.0 Holmes Run Acres
Virginia Hills,Week4,Rutherford,Week3,296.0 Rutherford - 105.0 Virginia Hills
Virginia Hills,Week3,Rutherford,Week2,296.0 Rutherford - 106.0 Virginia Hills
Virginia Run,Week2,Poplar Heights,Week4,210.0 Poplar Heights - 192.0 Virginia Run
Virginia Run,Week1,Sully Station II,Week4,203.5 Virginia Run - 198.5 Sully Station II
Virginia Hills,Week5,Rutherford,Week2,271.0 Rutherford - 131.0 Virginia Hills
Virginia Hills,Week4,Overlee,Week5,401.0 Overlee - 1.0 Virginia Hills
Virginia Run,Week3,Camelot,Week5,235.0 Virginia Run - 167.0 Camelot
Virginia Run,Week2,Holmes Run Acres,Week5,239.0 Holmes Run Acres - 163.0 Virginia Run
Virginia Run,Week1,Sully Station II,Week5,253.0 Sully Station II - 149.0 Virginia Run
Virginia Run,Week1,Sully Station II,Week3,261.0 Sully Station II - 141.0 Virginia Run
Virginia Hills,Week5,Wakefield Chapel,Week3,382.0 Wakefield Chapel - 20.0 Virginia Hills
Virginia Hills,Week4,Overlee,Week1,391.0 Overlee - 11.0 Virginia Hills
Virginia Hills,Week5,Little Hunting Park,Week5,271.0 Little Hunting Park - 128.0 Virginia Hills
Virginia Hills,Week5,Wakefield Chapel,Week4,377.0 Wakefield Chapel - 25.0 Virginia Hills
Virginia Hills,Week2,Chesterbrook,Week2,398.0 Chesterbrook - 4.0 Virginia Hills
Virginia Hills,Week1,Little Rocky Run,Week2,368.0 Little Rocky Run - 34.0 Virginia Hills
Virginia Hills,Week5,Overlee,Week4,397.0 Overlee - 5.0 Virginia Hills
Virginia Run,Week5,Poplar Heights,Week1,225.0 Virginia Run - 177.0 Poplar Heights
Virginia Run,Week4,Poplar Heights,Week2,201.0 Poplar Heights - 201.0 Virginia Run
Virginia Hills,Week1,Chesterbrook,Week3,397.0 Chesterbrook - 5.0 Virginia Hills
Virginia Hills,Week2,Parklawn,Week1,250.0 Parklawn - 139.0 Virginia Hills
Virginia Hills,Week3,Fairfax,Week2,373.0 Fairfax - 29.0 Virginia Hills
Virginia Run,Week4,Holmes Run Acres,Week5,227.0 Holmes Run Acres - 175.0 Virginia Run
Virginia Run,Week5,Hollin Meadows,Week1,238.0 Virginia Run - 164.0 Hollin Meadows
Virginia Hills,Week4,Wakefield Chapel,Week3,383.0 Wakefield Chapel - 19.0 Virginia Hills
Virginia Hills,Week1,Fairfax Club Estates,Week5,291.0 Fairfax Club Estates - 106.0 Virginia Hills
Virginia Hills,Week1,Fairfax Club Estates,Week4,306.0 Fairfax Club Estates - 95.0 Virginia Hills
Virginia Run,Week5,Camelot,Week5,262.5 Virginia Run - 139.5 Camelot
Virginia Hills,Week5,Cardinal Hill,Week5,345.0 Cardinal Hill - 57.0 Virginia Hills
Virginia Hills,Week4,Little Hunting Park,Week5,301.0 Little Hunting Park - 99.0 Virginia Hills
Virginia Hills,Week1,Chesterbrook,Week4,396.0 Chesterbrook - 6.0 Virginia Hills
Virginia Hills,Week1,Walden Glen,Week4,313.0 Walden Glen - 88.0 Virginia Hills
Virginia Hills,Week5,Wakefield Chapel,Week5,386.0 Wakefield Chapel - 16.0 Virginia Hills
Virginia Run,Week5,Sully Station,Week4,224.0 Sully Station - 178.0 Virginia Run
Virginia Run,Week4,Holmes Run Acres,Week2,232.0 Virginia Run - 170.0 Holmes Run Acres
Virginia Run,Week4,Camelot,Week4,249.0 Virginia Run - 153.0 Camelot
Virginia Hills,Week5,Little Hunting Park,Week2,265.0 Little Hunting Park - 136.0 Virginia Hills
Virginia Hills,Week4,Rutherford,Week5,319.0 Rutherford - 82.0 Virginia Hills
Virginia Hills,Week3,Overlee,Week5,401.0 Overlee - 1.0 Virginia Hills
Virginia Run,Week4,Poplar Heights,Week1,203.0 Poplar Heights - 199.0 Virginia Run
Virginia Run,Week4,Camelot,Week5,250.0 Virginia Run - 152.0 Camelot
Virginia Hills,Week1,Fairfax Club Estates,Week2,282.5 Fairfax Club Estates - 117.5 Virginia Hills
Virginia Hills,Week2,Walden Glen,Week2,315.0 Walden Glen - 82.0 Virginia Hills
Virginia Run,Week4,Camelot,Week1,247.0 Virginia Run - 155.0 Camelot
Virginia Run,Week2,Canterbury Woods,Week2,260.0 Virginia Run - 142.0 Canterbury Woods
Virginia Run,Week5,Holmes Run Acres,Week4,245.0 Virginia Run - 157.0 Holmes Run Acres
Virginia Hills,Week3,Parklawn,Week5,280.0 Parklawn - 121.0 Virginia Hills
Virginia Hills,Week3,Fairfax Club Estates,Week3,290.0 Fairfax Club Estates - 112.0 Virginia Hills
Virginia Run,Week3,Sully Station,Week4,254.0 Sully Station - 148.0 Virginia Run
Virginia Hills,Week3,Rutherford,Week5,294.0 Rutherford - 108.0 Virginia Hills
Virginia Run,Week1,Poplar Tree,Week2,204.0 Virginia Run - 198.0 Poplar Tree
Virginia Hills,Week1,Little Rocky Run,Week3,373.0 Little Rocky Run - 29.0 Virginia Hills
Virginia Run,Week4,Sully Station,Week2,228.0 Sully Station - 174.0 Virginia Run
Virginia Run,Week3,Sully Station,Week5,263.0 Sully Station - 139.0 Virginia Run
Virginia Run,Week5,Poplar Heights,Week2,215.0 Virginia Run - 187.0 Poplar Heights
Virginia Hills,Week4,Fairfax Club Estates,Week1,295.0 Fairfax Club Estates - 107.0 Virginia Hills
Virginia Run,Week5,Holmes Run Acres,Week5,204.0 Holmes Run Acres - 198.0 Virginia Run
Virginia Hills,Week2,Rutherford,Week5,307.0 Rutherford - 89.0 Virginia Hills
Virginia Run,Week3,Camelot,Week1,236.0 Virginia Run - 166.0 Camelot
Virginia Hills,Week5,Parklawn,Week1,236.0 Parklawn - 156.0 Virginia Hills
Virginia Hills,Week4,Chesterbrook,Week3,399.0 Chesterbrook - 3.0 Virginia Hills
Virginia Hills,Week3,Walden Glen,Week3,313.5 Walden Glen - 88.5 Virginia Hills
Virginia Hills,Week2,Fairfax Club Estates,Week1,305.0 Fairfax Club Estates - 95.0 Virginia Hills
Virginia Hills,Week2,Walden Glen,Week4,313.0 Walden Glen - 87.0 Virginia Hills
Virginia Run,Week5,Holmes Run Acres,Week2,256.0 Virginia Run - 146.0 Holmes Run Acres
Virginia Hills,Week2,Little Rocky Run,Week1,369.0 Little Rocky Run - 33.0 Virginia Hills
Virginia Hills,Week2,Little Rocky Run,Week3,377.0 Little Rocky Run - 25.0 Virginia Hills
Virginia Hills,Week2,Fairfax Club Estates,Week5,302.0 Fairfax Club Estates - 95.0 Virginia Hills
Virginia Hills,Week1,Parliament,Week4,304.5 Parliament - 97.5 Virginia Hills
Virginia Hills,Week5,Cardinal Hill,Week4,349.0 Cardinal Hill - 53.0 Virginia Hills
Virginia Run,Week4,Poplar Heights,Week4,214.0 Poplar Heights - 188.0 Virginia Run
Virginia Run,Week5,Poplar Heights,Week4,213.0 Virginia Run - 189.0 Poplar Heights
Virginia Run,Week1,Canterbury Woods,Week2,274.0 Virginia Run - 128.0 Canterbury Woods
Virginia Hills,Week1,Little Rocky Run,Week4,371.0 Little Rocky Run - 31.0 Virginia Hills
Virginia Hills,Week3,Chesterbrook,Week1,387.0 Chesterbrook - 15.0 Virginia Hills
Virginia Hills,Week4,Rutherford,Week1,264.0 Rutherford - 137.0 Virginia Hills
Virginia Run,Week1,Hunt Valley,Week3,253.0 Hunt Valley - 149.0 Virginia Run
Virginia Hills,Week5,Parklawn,Week5,270.0 Parklawn - 126.0 Virginia Hills
Virginia Run,Week2,Sully Station II,Week2,256.0 Sully Station II - 146.0 Virginia Run
Virginia Hills,Week4,Fairfax Club Estates,Week2,275.0 Fairfax Club Estates - 125.0 Virginia Hills
Virginia Hills,Week5,Rutherford,Week3,275.0 Rutherford - 122.0 Virginia Hills
Virginia Hills,Week4,Parklawn,Week2,287.0 Parklawn - 110.0 Virginia Hills
Virginia Run,Week4,Camelot,Week3,254.0 Virginia Run - 148.0 Camelot
Virginia Run,Week3,Sully Station II,Week2,262.0 Sully Station II - 140.0 Virginia Run
Virginia Hills,Week4,Walden Glen,Week3,313.0 Walden Glen - 89.0 Virginia Hills
Virginia Run,Week4,Sully Station,Week1,245.0 Sully Station - 157.0 Virginia Run
Virginia Hills,Week4,Chesterbrook,Week4,398.0 Chesterbrook - 4.0 Virginia Hills
Virginia Run,Week1,Poplar Tree,Week4,207.0 Virginia Run - 195.0 Poplar Tree
Virginia Run,Week1,Poplar Tree,Week1,212.0 Poplar Tree - 190.0 Virginia Run
Virginia Hills,Week5,Chesterbrook,Week1,383.0 Chesterbrook - 19.0 Virginia Hills
Virginia Hills,Week4,Chesterbrook,Week5,399.0 Chesterbrook - 3.0 Virginia Hills
Virginia Hills,Week4,Shouse Village,Week2,316.0 Shouse Village - 86.0 Virginia Hills
Virginia Hills,Week5,Parklawn,Week4,261.0 Parklawn - 134.0 Virginia Hills
Virginia Hills,Week4,Fairfax Club Estates,Week3,302.0 Fairfax Club Estates - 97.0 Virginia Hills
Virginia Run,Week4,Camelot,Week2,248.0 Virginia Run - 154.0 Camelot
Virginia Hills,Week4,Walden Glen,Week1,286.0 Walden Glen - 115.0 Virginia Hills
Virginia Hills,Week3,Shouse Village,Week4,341.0 Shouse Village - 61.0 Virginia Hills
Virginia Run,Week1,Hunt Valley,Week1,233.0 Hunt Valley - 169.0 Virginia Run
Virginia Hills,Week4,Walden Glen,Week2,306.0 Walden Glen - 96.0 Virginia Hills
Virginia Hills,Week4,Fairfax Club Estates,Week4,319.0 Fairfax Club Estates - 82.0 Virginia Hills
Virginia Hills,Week2,Parklawn,Week5,296.0 Parklawn - 101.0 Virginia Hills
Virginia Run,Week2,Poplar Tree,Week3,226.0 Poplar Tree - 176.0 Virginia Run
Virginia Run,Week4,Hunt Valley,Week1,251.0 Hunt Valley - 151.0 Virginia Run
Virginia Hills,Week3,Rutherford,Week3,297.0 Rutherford - 105.0 Virginia Hills
Virginia Hills,Week5,Walden Glen,Week2,294.0 Walden Glen - 107.0 Virginia Hills
Virginia Run,Week5,Camelot,Week2,255.0 Virginia Run - 147.0 Camelot
Virginia Hills,Week5,Chesterbrook,Week2,388.0 Chesterbrook - 14.0 Virginia Hills
Virginia Run,Week3,Poplar Tree,Week4,204.0 Virginia Run - 198.0 Poplar Tree
Virginia Run,Week4,Sully Station,Week5,265.0 Sully Station - 137.0 Virginia Run
Virginia Run,Week2,Sully Station II,Week3,275.0 Sully Station II - 127.0 Virginia Run
Virginia Hills,Week5,Walden Glen,Week3,289.0 Walden Glen - 112.0 Virginia Hills
Virginia Hills,Week1,Parklawn,Week3,273.0 Parklawn - 125.0 Virginia Hills
Virginia Hills,Week4,Shouse Village,Week4,336.0 Shouse Village - 66.0 Virginia Hills
Virginia Run,Week1,Canterbury Woods,Week1,279.0 Virginia Run - 123.0 Canterbury Woods
Virginia Hills,Week4,Walden Glen,Week4,318.0 Walden Glen - 83.0 Virginia Hills
Virginia Run,Week2,Poplar Tree,Week2,226.0 Poplar Tree - 176.0 Virginia Run
Virginia Hills,Week2,Parklawn,Week2,289.0 Parklawn - 106.0 Virginia Hills
Virginia Hills,Week3,Parklawn,Week2,288.0 Parklawn - 113.0 Virginia Hills
Virginia Hills,Week3,Parklawn,Week4,285.0 Parklawn - 115.0 Virginia Hills
Virginia Hills,Week1,Waynewood,Week3,368.0 Waynewood - 34.0 Virginia Hills
Virginia Hills,Week4,Rutherford,Week4,313.0 Rutherford - 89.0 Virginia Hills
Virginia Hills,Week2,Fairfax Station,Week3,384.0 Fairfax Station - 18.0 Virginia Hills
Virginia Run,Week3,Hunt Valley,Week5,269.0 Hunt Valley - 133.0 Virginia Run
Virginia Run,Week3,Poplar Tree,Week2,223.0 Poplar Tree - 179.0 Virginia Run
Virginia Hills,Week4,Fairfax Station,Week1,377.0 Fairfax Station - 25.0 Virginia Hills
Virginia Run,Week1,Canterbury Woods,Week4,254.0 Virginia Run - 148.0 Canterbury Woods
Virginia Hills,Week4,Shouse Village,Week5,337.0 Shouse Village - 65.0 Virginia Hills
Virginia Run,Week5,Camelot,Week3,268.0 Virginia Run - 134.0 Camelot
Virginia Run,Week4,Sully Station,Week3,242.0 Sully Station - 160.0 Virginia Run
Virginia Run,Week4,Hunt Valley,Week2,239.0 Hunt Valley - 163.0 Virginia Run
Virginia Run,Week5,Sully Station,Week2,201.0 Sully Station - 201.0 Virginia Run
Virginia Run,Week1,Hunt Valley,Week5,262.0 Hunt Valley - 140.0 Virginia Run
Virginia Hills,Week4,Fairfax Club Estates,Week5,306.0 Fairfax Club Estates - 91.0 Virginia Hills
Virginia Run,Week2,Hunt Valley,Week1,253.0 Hunt Valley - 149.0 Virginia Run
Virginia Hills,Week5,Fairfax Station,Week3,372.0 Fairfax Station - 30.0 Virginia Hills
Virginia Run,Week3,Hunt Valley,Week1,252.0 Hunt Valley - 150.0 Virginia Run
Virginia Hills,Week5,Chesterbrook,Week3,392.0 Chesterbrook - 10.0 Virginia Hills
Virginia Hills,Week3,Walden Glen,Week4,320.0 Walden Glen - 82.0 Virginia Hills
Virginia Run,Week2,Poplar Tree,Week5,241.0 Poplar Tree - 161.0 Virginia Run
Virginia Hills,Week5,Shouse Village,Week2,301.0 Shouse Village - 101.0 Virginia Hills
Virginia Run,Week4,Sully Station,Week4,243.0 Sully Station - 159.0 Virginia Run
Virginia Run,Week1,Cardinal Hill,Week5,221.0 Cardinal Hill - 181.0 Virginia Run
Virginia Hills,Week1,Waynewood,Week1,347.0 Waynewood - 55.0 Virginia Hills
Virginia Run,Week3,Ravensworth Farm,Week2,217.0 Virginia Run - 185.0 Ravensworth Farm
Virginia Run,Week4,Sully Station II,Week3,273.0 Sully Station II - 129.0 Virginia Run
Virginia Hills,Week5,Rutherford,Week1,259.0 Rutherford - 143.0 Virginia Hills
Virginia Run,Week5,Hunt Valley,Week1,228.0 Hunt Valley - 174.0 Virginia Run
Virginia Hills,Week5,Fairfax Station,Week4,355.0 Fairfax Station - 47.0 Virginia Hills
Virginia Run,Week3,Hunt Valley,Week2,238.0 Hunt Valley - 164.0 Virginia Run
Virginia Hills,Week1,Parklawn,Week5,282.0 Parklawn - 116.0 Virginia Hills
Virginia Hills,Week4,Walden Glen,Week5,339.0 Walden Glen - 62.0 Virginia Hills
Virginia Run,Week4,Hunt Valley,Week4,257.0 Hunt Valley - 145.0 Virginia Run
Virginia Run,Week4,Hunt Valley,Week5,270.0 Hunt Valley - 132.0 Virginia Run
Virginia Hills,Week2,Fairfax Station,Week4,372.0 Fairfax Station - 30.0 Virginia Hills
Virginia Run,Week3,Sully Station II,Week1,226.0 Sully Station II - 176.0 Virginia Run
Virginia Run,Week4,Cardinal Hill,Week1,249.0 Cardinal Hill - 153.0 Virginia Run
Virginia Hills,Week5,Walden Glen,Week1,252.5 Walden Glen - 148.5 Virginia Hills
Virginia Run,Week1,Ravensworth Farm,Week3,204.0 Ravensworth Farm - 198.0 Virginia Run
Virginia Run,Week2,Sully Station II,Week5,282.0 Sully Station II - 120.0 Virginia Run
Virginia Hills,Week3,Rutherford,Week4,309.0 Rutherford - 93.0 Virginia Hills
Virginia Hills,Week5,Fairfax Club Estates,Week3,287.0 Fairfax Club Estates - 110.0 Virginia Hills
Virginia Hills,Week4,Parklawn,Week4,289.0 Parklawn - 109.0 Virginia Hills
Virginia Hills,Week4,Parklawn,Week1,252.5 Parklawn - 140.5 Virginia Hills
Virginia Run,Week3,Sully Station II,Week4,223.0 Sully Station II - 179.0 Virginia Run
Virginia Run,Week4,Canterbury Woods,Week3,254.0 Virginia Run - 148.0 Canterbury Woods
Virginia Hills,Week1,Fairfax Station,Week2,366.0 Fairfax Station - 36.0 Virginia Hills
Virginia Run,Week3,Poplar Tree,Week5,235.0 Poplar Tree - 167.0 Virginia Run
Virginia Run,Week2,Ravensworth Farm,Week3,220.0 Ravensworth Farm - 182.0 Virginia Run
Virginia Hills,Week4,Rutherford,Week2,297.0 Rutherford - 104.0 Virginia Hills
Virginia Run,Week5,Canterbury Woods,Week2,282.0 Virginia Run - 120.0 Canterbury Woods
Virginia Run,Week4,Canterbury Woods,Week1,269.0 Virginia Run - 133.0 Canterbury Woods
Virginia Hills,Week5,Fairfax Station,Week1,359.0 Fairfax Station - 42.0 Virginia Hills
Virginia Hills,Week5,Walden Glen,Week5,313.0 Walden Glen - 89.0 Virginia Hills
Virginia Run,Week5,Canterbury Woods,Week1,287.0 Virginia Run - 115.0 Canterbury Woods
Virginia Hills,Week3,Parklawn,Week3,278.0 Parklawn - 123.0 Virginia Hills
Virginia Hills,Week3,Rutherford,Week1,272.0 Rutherford - 130.0 Virginia Hills
Virginia Run,Week3,Cardinal Hill,Week1,243.5 Cardinal Hill - 158.5 Virginia Run
Virginia Hills,Week5,Fairfax Club Estates,Week5,291.0 Fairfax Club Estates - 108.0 Virginia Hills
Virginia Run,Week2,Hunt Valley,Week5,270.0 Hunt Valley - 132.0 Virginia Run
Virginia Run,Week3,Ravensworth Farm,Week3,221.5 Ravensworth Farm - 180.5 Virginia Run
Virginia Run,Week3,Ravensworth Farm,Week1,207.0 Ravensworth Farm - 195.0 Virginia Run
Virginia Hills,Week1,Parklawn,Week2,285.0 Parklawn - 112.0 Virginia Hills
Virginia Run,Week5,Sully Station II,Week3,248.0 Sully Station II - 154.0 Virginia Run
Virginia Run,Week5,Sully Station II,Week1,201.0 Sully Station II - 201.0 Virginia Run
Virginia Hills,Week1,Fairfax Station,Week4,359.0 Fairfax Station - 43.0 Virginia Hills
Virginia Hills,Week4,Fairfax Station,Week3,374.0 Fairfax Station - 28.0 Virginia Hills
Virginia Run,Week5,Canterbury Woods,Week3,276.0 Virginia Run - 126.0 Canterbury Woods
Virginia Hills,Week2,Shouse Village,Week1,325.0 Shouse Village - 76.0 Virginia Hills
Virginia Hills,Week2,Shouse Village,Week3,337.0 Shouse Village - 65.0 Virginia Hills
Virginia Hills,Week2,Waynewood,Week2,371.0 Waynewood - 31.0 Virginia Hills
Virginia Hills,Week2,Waynewood,Week1,357.0 Waynewood - 45.0 Virginia Hills
Virginia Run,Week3,Hunt Valley,Week3,266.0 Hunt Valley - 136.0 Virginia Run
Virginia Run,Week1,Hunt Valley,Week4,251.0 Hunt Valley - 151.0 Virginia Run
Virginia Hills,Week1,Waynewood,Week2,361.0 Waynewood - 41.0 Virginia Hills
Virginia Hills,Week2,Parklawn,Week3,283.0 Parklawn - 115.0 Virginia Hills
Virginia Hills,Week2,Shouse Village,Week5,330.0 Shouse Village - 71.0 Virginia Hills
Virginia Run,Week5,Poplar Tree,Week5,226.0 Poplar Tree - 176.0 Virginia Run
Virginia Hills,Week1,Parklawn,Week4,283.0 Parklawn - 113.0 Virginia Hills
Virginia Run,Week5,Sully Station II,Week2,234.0 Sully Station II - 168.0 Virginia Run
Virginia Run,Week4,Hunt Valley,Week3,266.0 Hunt Valley - 136.0 Virginia Run
Virginia Hills,Week1,Shouse Village,Week2,315.0 Shouse Village - 87.0 Virginia Hills
Virginia Hills,Week4,Fairfax Station,Week2,375.0 Fairfax Station - 27.0 Virginia Hills
Virginia Run,Week5,Poplar Tree,Week3,212.0 Virginia Run - 190.0 Poplar Tree
Virginia Run,Week1,Cardinal Hill,Week2,205.5 Cardinal Hill - 196.5 Virginia Run
Virginia Hills,Week3,Waynewood,Week1,357.0 Waynewood - 45.0 Virginia Hills
Virginia Hills,Week2,Parklawn,Week4,290.0 Parklawn - 103.0 Virginia Hills
Virginia Run,Week1,Hunt Valley,Week2,229.0 Hunt Valley - 173.0 Virginia Run
Virginia Hills,Week2,Fairfax Station,Week2,378.0 Fairfax Station - 24.0 Virginia Hills
Virginia Run,Week5,Hunt Valley,Week2,218.0 Hunt Valley - 184.0 Virginia Run
Virginia Hills,Week1,Shouse Village,Week1,324.0 Shouse Village - 77.0 Virginia Hills
Virginia Hills,Week5,Rutherford,Week4,298.0 Rutherford - 99.0 Virginia Hills
Virginia Hills,Week3,Parklawn,Week1,245.0 Parklawn - 148.0 Virginia Hills
Virginia Hills,Week3,Waynewood,Week5,373.0 Waynewood - 29.0 Virginia Hills
Virginia Run,Week3,Poplar Tree,Week3,212.0 Poplar Tree - 190.0 Virginia Run
Virginia Run,Week3,Cardinal Hill,Week2,236.0 Cardinal Hill - 166.0 Virginia Run
Virginia Run,Week1,Truro,Week4,282.0 Virginia Run - 120.0 Truro
Virginia Hills,Week3,Waynewood,Week4,364.0 Waynewood - 38.0 Virginia Hills
Virginia Run,Week2,Cardinal Hill,Week1,240.0 Cardinal Hill - 162.0 Virginia Run
Virginia Run,Week4,Sully Station II,Week1,224.0 Sully Station II - 178.0 Virginia Run
Virginia Run,Week3,Poplar Tree,Week1,222.0 Poplar Tree - 180.0 Virginia Run
Virginia Run,Week2,Poplar Tree,Week1,232.5 Poplar Tree - 169.5 Virginia Run
Virginia Hills,Week5,Fairfax Club Estates,Week4,302.0 Fairfax Club Estates - 95.0 Virginia Hills
Virginia Run,Week2,Poplar Tree,Week4,216.0 Poplar Tree - 186.0 Virginia Run
Virginia Run,Week2,Cardinal Hill,Week4,227.0 Cardinal Hill - 175.0 Virginia Run
Virginia Hills,Week5,Fairfax Station,Week5,369.0 Fairfax Station - 33.0 Virginia Hills
Virginia Run,Week1,Truro,Week5,295.5 Virginia Run - 106.5 Truro
Virginia Hills,Week1,Parklawn,Week1,246.0 Parklawn - 146.0 Virginia Hills
Virginia Hills,Week5,Rutherford,Week5,283.0 Rutherford - 119.0 Virginia Hills
Virginia Run,Week2,Hunt Valley,Week4,273.0 Hunt Valley - 129.0 Virginia Run
Virginia Run,Week1,Truro,Week3,308.0 Virginia Run - 94.0 Truro
Virginia Hills,Week2,Shouse Village,Week4,335.0 Shouse Village - 66.0 Virginia Hills
Virginia Hills,Week3,Shouse Village,Week1,322.0 Shouse Village - 80.0 Virginia Hills
Virginia Run,Week1,Poplar Tree,Week5,233.0 Poplar Tree - 169.0 Virginia Run
Virginia Hills,Week3,Fairfax Station,Week1,371.0 Fairfax Station - 31.0 Virginia Hills
Virginia Run,Week3,Hunt Valley,Week4,266.0 Hunt Valley - 136.0 Virginia Run
Virginia Run,Week4,Canterbury Woods,Week4,243.0 Virginia Run - 159.0 Canterbury Woods
Virginia Hills,Week4,Parklawn,Week5,289.0 Parklawn - 109.0 Virginia Hills
Virginia Hills,Week3,Waynewood,Week3,376.0 Waynewood - 26.0 Virginia Hills
Virginia Run,Week5,Sully Station II,Week4,210.0 Virginia Run - 192.0 Sully Station II
Virginia Hills,Week2,Waynewood,Week3,370.0 Waynewood - 32.0 Virginia Hills
Virginia Run,Week4,Canterbury Woods,Week2,267.0 Virginia Run - 135.0 Canterbury Woods
Virginia Hills,Week5,Parklawn,Week2,266.0 Parklawn - 134.0 Virginia Hills
Virginia Hills,Week1,Shouse Village,Week3,332.0 Shouse Village - 70.0 Virginia Hills
Virginia Hills,Week4,Waynewood,Week5,387.0 Waynewood - 15.0 Virginia Hills
Virginia Hills,Week1,Shouse Village,Week4,331.0 Shouse Village - 71.0 Virginia Hills
Virginia Run,Week4,Sully Station II,Week2,244.0 Sully Station II - 158.0 Virginia Run
Virginia Hills,Week5,Parklawn,Week3,264.5 Parklawn - 135.5 Virginia Hills
Virginia Run,Week1,Cardinal Hill,Week1,229.0 Cardinal Hill - 173.0 Virginia Run
Virginia Hills,Week2,Waynewood,Week4,369.0 Waynewood - 33.0 Virginia Hills
Virginia Hills,Week3,Shouse Village,Week2,313.0 Shouse Village - 89.0 Virginia Hills
Virginia Run,Week1,Cardinal Hill,Week4,213.0 Cardinal Hill - 189.0 Virginia Run
Virginia Run,Week2,Truro,Week2,287.0 Virginia Run - 115.0 Truro
Virginia Run,Week1,Truro,Week1,291.0 Virginia Run - 111.0 Truro
Virginia Hills,Week3,Shouse Village,Week3,336.0 Shouse Village - 66.0 Virginia Hills
Virginia Run,Week2,Truro,Week1,268.0 Virginia Run - 134.0 Truro
Virginia Run,Week1,Ravensworth Farm,Week1,206.0 Virginia Run - 196.0 Ravensworth Farm
Virginia Hills,Week4,Waynewood,Week2,375.0 Waynewood - 27.0 Virginia Hills
Virginia Hills,Week4,Waynewood,Week1,360.0 Waynewood - 42.0 Virginia Hills
Virginia Run,Week4,Sully Station II,Week5,272.0 Sully Station II - 130.0 Virginia Run
Virginia Run,Week5,Hunt Valley,Week3,250.5 Hunt Valley - 151.5 Virginia Run
Virginia Run,Week5,Canterbury Woods,Week4,264.0 Virginia Run - 138.0 Canterbury Woods
Virginia Hills,Week1,Fairfax Station,Week1,370.0 Fairfax Station - 32.0 Virginia Hills
Virginia Run,Week4,Canterbury Woods,Week5,252.0 Virginia Run - 150.0 Canterbury Woods
Virginia Hills,Week1,Parliament,Week1,316.0 Parliament - 86.0 Virginia Hills
Virginia Hills,Week1,Parliament,Week2,303.0 Parliament - 98.0 Virginia Hills
Virginia Hills,Week4,Fairfax Station,Week4,366.0 Fairfax Station - 36.0 Virginia Hills
Virginia Hills,Week1,Parliament,Week3,319.0 Parliament - 83.0 Virginia Hills
Virginia Run,Week2,Hunt Valley,Week3,268.0 Hunt Valley - 134.0 Virginia Run
Virginia Hills,Week4,Parklawn,Week3,278.0 Parklawn - 120.0 Virginia Hills
Virginia Hills,Week4,Waynewood,Week3,387.0 Waynewood - 15.0 Virginia Hills
Virginia Hills,Week1,Fairfax Station,Week5,373.0 Fairfax Station - 29.0 Virginia Hills
Virginia Run,Week1,Ravensworth Farm,Week4,209.0 Ravensworth Farm - 193.0 Virginia Run
Virginia Hills,Week1,Fairfax Station,Week3,376.0 Fairfax Station - 26.0 Virginia Hills
Virginia Run,Week1,Ravensworth Farm,Week2,223.0 Virginia Run - 179.0 Ravensworth Farm
Virginia Run,Week1,Ravensworth Farm,Week5,215.5 Ravensworth Farm - 186.5 Virginia Run
Virginia Hills,Week3,Fairfax Station,Week2,365.0 Fairfax Station - 37.0 Virginia Hills
Virginia Run,Week1,Truro,Week2,307.0 Virginia Run - 95.0 Truro
Virginia Run,Week4,Poplar Tree,Week2,203.5 Poplar Tree - 198.5 Virginia Run
Virginia Hills,Week5,Waynewood,Week1,342.0 Waynewood - 60.0 Virginia Hills
Virginia Run,Week5,Canterbury Woods,Week5,267.0 Virginia Run - 135.0 Canterbury Woods
Virginia Hills,Week5,Parliament,Week3,301.0 Parliament - 101.0 Virginia Hills
Virginia Hills,Week2,Parliament,Week1,315.0 Parliament - 84.0 Virginia Hills
Virginia Hills,Week1,Shouse Village,Week5,325.0 Shouse Village - 77.0 Virginia Hills
Virginia Run,Week4,Poplar Tree,Week1,215.0 Poplar Tree - 187.0 Virginia Run
Virginia Hills,Week2,Fairfax Station,Week1,376.0 Fairfax Station - 26.0 Virginia Hills
Virginia Run,Week3,Canterbury Woods,Week5,262.0 Virginia Run - 140.0 Canterbury Woods
Virginia Run,Week4,Poplar Tree,Week4,202.0 Virginia Run - 200.0 Poplar Tree
Virginia Hills,Week1,Parliament,Week5,310.0 Parliament - 92.0 Virginia Hills
Virginia Hills,Week2,Shouse Village,Week2,317.0 Shouse Village - 84.0 Virginia Hills
Virginia Hills,Week3,Shouse Village,Week5,332.0 Shouse Village - 70.0 Virginia Hills
Virginia Hills,Week4,Waynewood,Week4,375.0 Waynewood - 27.0 Virginia Hills
Virginia Hills,Week5,Fairfax Club Estates,Week2,265.0 Fairfax Club Estates - 135.0 Virginia Hills
Virginia Hills,Week3,Fairfax Station,Week3,378.0 Fairfax Station - 24.0 Virginia Hills
Virginia Hills,Week5,Waynewood,Week2,352.0 Waynewood - 50.0 Virginia Hills
Virginia Run,Week4,Poplar Tree,Week3,209.0 Poplar Tree - 193.0 Virginia Run
Virginia Run,Week5,Sully Station II,Week5,253.5 Sully Station II - 148.5 Virginia Run
Virginia Run,Week2,Cardinal Hill,Week2,221.0 Cardinal Hill - 181.0 Virginia Run
Virginia Run,Week1,Cardinal Hill,Week3,251.0 Cardinal Hill - 151.0 Virginia Run
Virginia Run,Week4,Sully Station II,Week4,210.0 Sully Station II - 192.0 Virginia Run
Virginia Hills,Week4,Parliament,Week4,302.0 Parliament - 100.0 Virginia Hills
Virginia Hills,Week5,Woodley,Week3,269.0 Woodley - 133.0 Virginia Hills
Virginia Hills,Week5,Forest Hollow,Week5,339.0 Forest Hollow - 63.0 Virginia Hills
Virginia Run,Week3,Canterbury Woods,Week4,236.0 Virginia Run - 166.0 Canterbury Woods
Virginia Run,Week2,Truro,Week3,283.0 Virginia Run - 119.0 Truro
Virginia Hills,Week3,Fairfax Station,Week4,365.0 Fairfax Station - 37.0 Virginia Hills
Virginia Hills,Week4,Shouse Village,Week1,329.0 Shouse Village - 72.0 Virginia Hills
Virginia Run,Week2,Cardinal Hill,Week3,257.0 Cardinal Hill - 145.0 Virginia Run
Virginia Hills,Week4,Shouse Village,Week3,334.0 Shouse Village - 68.0 Virginia Hills
Virginia Hills,Week3,Fairfax Station,Week5,379.0 Fairfax Station - 23.0 Virginia Hills
Virginia Hills,Week1,Pinecrest,Week5,375.0 Pinecrest - 26.0 Virginia Hills
Virginia Hills,Week2,Fairfax Station,Week5,386.0 Fairfax Station - 16.0 Virginia Hills
Virginia Run,Week4,Cardinal Hill,Week5,233.0 Cardinal Hill - 169.0 Virginia Run
Virginia Run,Week2,Ravensworth Farm,Week4,241.0 Ravensworth Farm - 161.0 Virginia Run
Virginia Run,Week2,Ravensworth Farm,Week1,217.0 Ravensworth Farm - 185.0 Virginia Run
Virginia Hills,Week5,Shouse Village,Week1,302.0 Shouse Village - 100.0 Virginia Hills
Virginia Hills,Week2,Pinecrest,Week2,376.0 Pinecrest - 26.0 Virginia Hills
Virginia Hills,Week4,Parliament,Week2,294.0 Parliament - 108.0 Virginia Hills
Virginia Hills,Week5,Waynewood,Week3,369.0 Waynewood - 33.0 Virginia Hills
Virginia Run,Week5,Poplar Tree,Week4,219.0 Virginia Run - 183.0 Poplar Tree
Virginia Run,Week4,Poplar Tree,Week5,240.0 Poplar Tree - 162.0 Virginia Run
Virginia Hills,Week2,Parliament,Week2,307.0 Parliament - 91.0 Virginia Hills
Virginia Hills,Week3,Pinecrest,Week3,379.0 Pinecrest - 23.0 Virginia Hills
Virginia Run,Week3,Cardinal Hill,Week3,270.0 Cardinal Hill - 132.0 Virginia Run
Virginia Hills,Week5,Waynewood,Week4,356.0 Waynewood - 46.0 Virginia Hills
Virginia Hills,Week2,Waynewood,Week5,377.0 Waynewood - 25.0 Virginia Hills
Virginia Run,Week3,Cardinal Hill,Week4,239.0 Cardinal Hill - 163.0 Virginia Run
Virginia Hills,Week2,Sideburn Run,Week4,345.0 Sideburn Run - 57.0 Virginia Hills
Virginia Hills,Week3,Waynewood,Week2,370.0 Waynewood - 32.0 Virginia Hills
Virginia Hills,Week4,Fairfax Station,Week5,381.0 Fairfax Station - 21.0 Virginia Hills
Virginia Run,Week2,Cardinal Hill,Week5,229.0 Cardinal Hill - 173.0 Virginia Run
Virginia Hills,Week3,Sideburn Run,Week3,355.5 Sideburn Run - 46.5 Virginia Hills
Virginia Hills,Week4,Forest Hollow,Week4,357.0 Forest Hollow - 45.0 Virginia Hills
Virginia Run,Week2,Ravensworth Farm,Week2,211.0 Virginia Run - 191.0 Ravensworth Farm
Virginia Run,Week3,Cardinal Hill,Week5,248.0 Cardinal Hill - 154.0 Virginia Run
Virginia Hills,Week2,Woodley,Week3,293.0 Woodley - 108.0 Virginia Hills
Virginia Hills,Week5,Shouse Village,Week3,322.0 Shouse Village - 80.0 Virginia Hills
Virginia Hills,Week1,Pinecrest,Week3,380.0 Pinecrest - 22.0 Virginia Hills
Virginia Hills,Week2,Sideburn Run,Week2,335.0 Sideburn Run - 67.0 Virginia Hills
Virginia Hills,Week1,Waynewood,Week5,374.0 Waynewood - 28.0 Virginia Hills
Virginia Hills,Week5,Parliament,Week5,304.0 Parliament - 97.0 Virginia Hills
Virginia Hills,Week2,Forest Hollow,Week4,350.0 Forest Hollow - 52.0 Virginia Hills
Virginia Run,Week5,Poplar Tree,Week1,202.0 Poplar Tree - 200.0 Virginia Run
Virginia Hills,Week5,Fairfax Station,Week2,361.0 Fairfax Station - 41.0 Virginia Hills
Virginia Run,Week5,Poplar Tree,Week2,220.0 Virginia Run - 182.0 Poplar Tree
Virginia Hills,Week3,Sideburn Run,Week5,368.0 Sideburn Run - 34.0 Virginia Hills
Virginia Hills,Week3,Sideburn Run,Week4,355.0 Sideburn Run - 47.0 Virginia Hills
Virginia Hills,Week1,Woodley,Week1,283.0 Woodley - 119.0 Virginia Hills
Virginia Hills,Week5,Waynewood,Week5,373.0 Waynewood - 29.0 Virginia Hills
Virginia Run,Week1,Chesterbrook,Week1,327.0 Chesterbrook - 75.0 Virginia Run
Virginia Hills,Week5,Parliament,Week2,292.0 Parliament - 110.0 Virginia Hills
Virginia Run,Week1,Chesterbrook,Week5,337.0 Chesterbrook - 65.0 Virginia Run
Virginia Run,Week2,Ravensworth Farm,Week5,242.0 Ravensworth Farm - 160.0 Virginia Run
Wakefield Chapel,Week5,Hamlet,Week5,202.0 Wakefield Chapel - 200.0 Hamlet
Walden Glen,Week5,Sully Station,Week4,272.0 Sully Station - 130.0 Walden Glen
Walden Glen,Week4,Burke Station,Week3,224.0 Walden Glen - 167.0 Burke Station
Wakefield Chapel,Week4,Hayfield Farm,Week1,303.0 Wakefield Chapel - 99.0 Hayfield Farm
Walden Glen,Week1,Mantua,Week3,324.0 Mantua - 78.0 Walden Glen
Walden Glen,Week2,Burke Station,Week5,229.0 Walden Glen - 168.0 Burke Station
Walden Glen,Week3,Mantua,Week2,272.0 Mantua - 130.0 Walden Glen
Walden Glen,Week2,Mantua,Week5,298.0 Mantua - 104.0 Walden Glen
Walden Glen,Week3,Burke Station,Week2,250.0 Walden Glen - 150.0 Burke Station
Walden Glen,Week1,Mantua,Week1,288.0 Mantua - 105.0 Walden Glen
Walden Glen,Week2,Greenbriar,Week4,212.5 Greenbriar - 189.5 Walden Glen
Walden Glen,Week3,Mantua,Week1,282.0 Mantua - 119.0 Walden Glen
Wakefield Chapel,Week3,Oakton ,Week4,245.0 Wakefield Chapel - 157.0 Oakton
Wakefield Chapel,Week3,Hayfield Farm,Week1,313.0 Wakefield Chapel - 89.0 Hayfield Farm
Wakefield Chapel,Week1,Hayfield Farm,Week3,288.0 Wakefield Chapel - 114.0 Hayfield Farm
Walden Glen,Week1,Mantua,Week5,313.0 Mantua - 88.0 Walden Glen
Wakefield Chapel,Week5,Oakton ,Week3,238.0 Wakefield Chapel - 164.0 Oakton
Walden Glen,Week5,Sully Station II,Week2,278.0 Sully Station II - 124.0 Walden Glen
Walden Glen,Week2,Burke Station,Week3,224.0 Walden Glen - 166.0 Burke Station
Walden Glen,Week1,Hamlet,Week4,322.0 Hamlet - 80.0 Walden Glen
Walden Glen,Week3,Mantua,Week3,303.0 Mantua - 99.0 Walden Glen
Walden Glen,Week1,Camelot,Week1,231.0 Camelot - 167.0 Walden Glen
Walden Glen,Week3,Camelot,Week1,208.0 Camelot - 194.0 Walden Glen
Walden Glen,Week2,Mantua,Week4,282.5 Mantua - 119.5 Walden Glen
Walden Glen,Week5,Mansion House,Week5,245.0 Mansion House - 157.0 Walden Glen
Wakefield Chapel,Week4,Hayfield Farm,Week4,289.0 Wakefield Chapel - 113.0 Hayfield Farm
Wakefield Chapel,Week2,Hayfield Farm,Week1,306.0 Wakefield Chapel - 96.0 Hayfield Farm
Wakefield Chapel,Week1,Oakton ,Week3,237.0 Wakefield Chapel - 165.0 Oakton
Wakefield Chapel,Week1,Oakton ,Week5,238.0 Wakefield Chapel - 164.0 Oakton
Walden Glen,Week2,Burke Station,Week2,254.0 Walden Glen - 138.0 Burke Station
Walden Glen,Week1,Sully Station II,Week2,300.0 Sully Station II - 102.0 Walden Glen
Walden Glen,Week1,Sully Station II,Week3,321.0 Sully Station II - 81.0 Walden Glen
Wakefield Chapel,Week1,Oakton ,Week1,254.0 Wakefield Chapel - 148.0 Oakton
Wakefield Chapel,Week3,Oakton ,Week2,215.0 Wakefield Chapel - 187.0 Oakton
Walden Glen,Week4,Burke Station,Week4,240.0 Walden Glen - 157.0 Burke Station
Walden Glen,Week4,Greenbriar,Week5,234.0 Greenbriar - 168.0 Walden Glen
Walden Glen,Week2,Burke Station,Week4,243.0 Walden Glen - 153.0 Burke Station
Walden Glen,Week3,Sully Station II,Week3,316.0 Sully Station II - 86.0 Walden Glen
Wakefield Chapel,Week3,Hayfield Farm,Week3,292.0 Wakefield Chapel - 110.0 Hayfield Farm
Walden Glen,Week3,Greenbriar,Week3,272.0 Greenbriar - 130.0 Walden Glen
Wakefield Chapel,Week4,Oakton ,Week2,209.0 Oakton - 193.0 Wakefield Chapel
Walden Glen,Week4,Sully Station II,Week2,284.0 Sully Station II - 118.0 Walden Glen
Wakefield Chapel,Week5,Old Keene Mill,Week4,340.0 Wakefield Chapel - 62.0 Old Keene Mill
Walden Glen,Week3,Burke Station,Week5,217.0 Walden Glen - 185.0 Burke Station
Walden Glen,Week4,Sully Station II,Week4,244.0 Sully Station II - 158.0 Walden Glen
Walden Glen,Week4,Greenbriar,Week3,249.0 Greenbriar - 153.0 Walden Glen
Walden Glen,Week4,Sully Station II,Week1,249.0 Sully Station II - 153.0 Walden Glen
Walden Glen,Week4,Burke Station,Week5,227.0 Walden Glen - 165.0 Burke Station
Wakefield Chapel,Week4,Hamlet,Week4,222.0 Wakefield Chapel - 180.0 Hamlet
Walden Glen,Week1,Greenbriar,Week5,267.5 Greenbriar - 134.5 Walden Glen
Walden Glen,Week2,Sully Station II,Week5,292.0 Sully Station II - 110.0 Walden Glen
Walden Glen,Week5,Burke Station,Week3,247.0 Walden Glen - 149.0 Burke Station
Walden Glen,Week4,Burke Station,Week1,213.0 Walden Glen - 161.0 Burke Station
Wakefield Chapel,Week2,Hayfield Farm,Week5,300.0 Wakefield Chapel - 102.0 Hayfield Farm
Wakefield Chapel,Week4,Oakton ,Week4,214.0 Wakefield Chapel - 188.0 Oakton
Walden Glen,Week1,Truro,Week4,237.0 Truro - 164.0 Walden Glen
Wakefield Chapel,Week5,North Springfield,Week5,329.0 Wakefield Chapel - 45.0 North Springfield
Walden Glen,Week1,Truro,Week2,208.0 Walden Glen - 180.0 Truro
Walden Glen,Week5,Greenbriar,Week5,217.0 Greenbriar - 185.0 Walden Glen
Wakefield Chapel,Week4,Hayfield Farm,Week2,303.5 Wakefield Chapel - 98.5 Hayfield Farm
Walden Glen,Week4,Sully Station II,Week5,295.0 Sully Station II - 107.0 Walden Glen
Walden Glen,Week2,Hamlet,Week1,302.0 Hamlet - 100.0 Walden Glen
Walden Glen,Week5,Mansion House,Week3,248.0 Mansion House - 154.0 Walden Glen
Wakefield Chapel,Week1,Hayfield Farm,Week5,310.0 Wakefield Chapel - 92.0 Hayfield Farm
Wakefield Chapel,Week5,Hamlet,Week4,255.0 Wakefield Chapel - 147.0 Hamlet
Walden Glen,Week3,Sully Station II,Week2,292.5 Sully Station II - 109.5 Walden Glen
Wakefield Chapel,Week5,Hayfield Farm,Week2,322.0 Wakefield Chapel - 80.0 Hayfield Farm
Walden Glen,Week5,Mantua,Week3,283.0 Mantua - 119.0 Walden Glen
Walden Glen,Week4,Greenbriar,Week1,249.0 Greenbriar - 153.0 Walden Glen
Walden Glen,Week4,Greenbriar,Week4,223.0 Greenbriar - 179.0 Walden Glen
Wakefield Chapel,Week3,Hamlet,Week4,245.0 Wakefield Chapel - 157.0 Hamlet
Walden Glen,Week4,Mansion House,Week4,214.0 Mansion House - 183.0 Walden Glen
Walden Glen,Week1,Hamlet,Week3,342.0 Hamlet - 60.0 Walden Glen
Wakefield Chapel,Week3,Old Keene Mill,Week1,330.0 Wakefield Chapel - 72.0 Old Keene Mill
Walden Glen,Week5,Mansion House,Week4,204.0 Walden Glen - 198.0 Mansion House
Wakefield Chapel,Week4,Hayfield Farm,Week3,290.0 Wakefield Chapel - 112.0 Hayfield Farm
Walden Glen,Week2,Greenbriar,Week2,260.0 Greenbriar - 142.0 Walden Glen
Walden Glen,Week5,Burke Station,Week2,267.0 Walden Glen - 130.0 Burke Station
Walden Glen,Week5,Mantua,Week2,247.0 Mantua - 155.0 Walden Glen
Walden Glen,Week1,Truro,Week5,205.0 Truro - 188.0 Walden Glen
Wakefield Chapel,Week2,Oakton ,Week4,235.0 Wakefield Chapel - 167.0 Oakton
Walden Glen,Week5,Burke Station,Week5,244.0 Walden Glen - 158.0 Burke Station
Walden Glen,Week5,Sully Station II,Week5,283.0 Sully Station II - 119.0 Walden Glen
Wakefield Chapel,Week5,Oakton ,Week4,247.0 Wakefield Chapel - 155.0 Oakton
Walden Glen,Week1,Hamlet,Week2,348.0 Hamlet - 54.0 Walden Glen
Walden Glen,Week2,Greenbriar,Week5,238.0 Greenbriar - 164.0 Walden Glen
Wakefield Chapel,Week2,Old Keene Mill,Week2,331.0 Wakefield Chapel - 71.0 Old Keene Mill
Walden Glen,Week5,Burke Station,Week4,278.0 Walden Glen - 124.0 Burke Station
Walden Glen,Week1,Mantua,Week4,301.0 Mantua - 101.0 Walden Glen
Walden Glen,Week5,Greenbriar,Week1,225.0 Greenbriar - 177.0 Walden Glen
Walden Glen,Week4,Mantua,Week2,269.0 Mantua - 128.0 Walden Glen
Wakefield Chapel,Week2,Oakton ,Week1,225.0 Wakefield Chapel - 177.0 Oakton
Walden Glen,Week2,Hamlet,Week5,324.0 Hamlet - 78.0 Walden Glen
Walden Glen,Week2,Sully Station II,Week2,286.0 Sully Station II - 115.0 Walden Glen
Walden Glen,Week4,Camelot,Week1,214.0 Walden Glen - 188.0 Camelot
Walden Glen,Week5,Mansion House,Week1,244.0 Mansion House - 158.0 Walden Glen
Walden Glen,Week2,Truro,Week1,211.0 Walden Glen - 191.0 Truro
Walden Glen,Week3,Greenbriar,Week2,276.0 Greenbriar - 126.0 Walden Glen
Wakefield Chapel,Week5,Hayfield Farm,Week3,305.0 Wakefield Chapel - 97.0 Hayfield Farm
Walden Glen,Week2,Mantua,Week1,280.0 Mantua - 117.0 Walden Glen
Walden Glen,Week3,Camelot,Week5,208.0 Camelot - 194.0 Walden Glen
Wakefield Chapel,Week5,Old Keene Mill,Week3,336.0 Wakefield Chapel - 66.0 Old Keene Mill
Wakefield Chapel,Week4,Hayfield Farm,Week5,281.0 Wakefield Chapel - 121.0 Hayfield Farm
Walden Glen,Week2,Greenbriar,Week1,259.0 Greenbriar - 143.0 Walden Glen
Wakefield Chapel,Week1,Herndon,Week2,371.0 Wakefield Chapel - 31.0 Herndon
Walden Glen,Week4,Camelot,Week3,216.5 Walden Glen - 184.5 Camelot
Wakefield Chapel,Week5,Hayfield Farm,Week5,323.0 Wakefield Chapel - 79.0 Hayfield Farm
Walden Glen,Week4,Mansion House,Week3,265.0 Mansion House - 137.0 Walden Glen
Wakefield Chapel,Week5,Old Keene Mill,Week2,335.0 Wakefield Chapel - 67.0 Old Keene Mill
Walden Glen,Week2,Greenbriar,Week3,253.0 Greenbriar - 149.0 Walden Glen
Walden Glen,Week3,Mantua,Week5,301.0 Mantua - 101.0 Walden Glen
Walden Glen,Week2,Mantua,Week2,266.0 Mantua - 136.0 Walden Glen
Walden Glen,Week2,Truro,Week2,236.0 Walden Glen - 156.0 Truro
Wakefield Chapel,Week3,Orange Hunt,Week2,248.0 Wakefield Chapel - 154.0 Orange Hunt
Walden Glen,Week3,Greenbriar,Week5,243.0 Greenbriar - 159.0 Walden Glen
Walden Glen,Week1,Truro,Week3,223.0 Truro - 178.0 Walden Glen
Wakefield Chapel,Week5,Hayfield Farm,Week4,320.0 Wakefield Chapel - 82.0 Hayfield Farm
Walden Glen,Week4,Greenbriar,Week2,262.0 Greenbriar - 140.0 Walden Glen
Wakefield Chapel,Week3,Hamlet,Week3,213.5 Wakefield Chapel - 188.5 Hamlet
Walden Glen,Week1,Tuckahoe,Week1,355.0 Tuckahoe - 47.0 Walden Glen
Walden Glen,Week1,Tuckahoe,Week3,368.0 Tuckahoe - 33.0 Walden Glen
Walden Glen,Week3,Greenbriar,Week4,225.0 Greenbriar - 177.0 Walden Glen
Wakefield Chapel,Week1,Herndon,Week1,369.0 Wakefield Chapel - 33.0 Herndon
Walden Glen,Week3,Camelot,Week2,209.5 Camelot - 192.5 Walden Glen
Wakefield Chapel,Week1,Herndon,Week3,369.0 Wakefield Chapel - 33.0 Herndon
Walden Glen,Week5,Truro,Week4,217.0 Walden Glen - 185.0 Truro
Walden Glen,Week1,Camelot,Week5,237.0 Camelot - 165.0 Walden Glen
Walden Glen,Week4,Mantua,Week1,266.0 Mantua - 131.0 Walden Glen
Walden Glen,Week4,Camelot,Week2,204.0 Walden Glen - 197.0 Camelot
Wakefield Chapel,Week2,Orange Hunt,Week5,239.0 Wakefield Chapel - 163.0 Orange Hunt
Wakefield Chapel,Week2,Orange Hunt,Week3,243.0 Wakefield Chapel - 159.0 Orange Hunt
Walden Glen,Week3,Camelot,Week4,211.0 Camelot - 191.0 Walden Glen
Wakefield Chapel,Week3,Old Keene Mill,Week2,327.0 Wakefield Chapel - 75.0 Old Keene Mill
Walden Glen,Week1,Greenbriar,Week4,248.0 Greenbriar - 153.0 Walden Glen
Walden Glen,Week2,Mantua,Week3,308.0 Mantua - 93.0 Walden Glen
Walden Glen,Week3,Sully Station II,Week5,325.0 Sully Station II - 77.0 Walden Glen
Wakefield Chapel,Week3,Old Keene Mill,Week4,340.0 Wakefield Chapel - 62.0 Old Keene Mill
Wakefield Chapel,Week1,Herndon,Week5,372.0 Wakefield Chapel - 30.0 Herndon
Walden Glen,Week4,Mansion House,Week2,250.0 Mansion House - 146.0 Walden Glen
Walden Glen,Week3,Greenbriar,Week1,269.0 Greenbriar - 133.0 Walden Glen
Walden Glen,Week3,Truro,Week5,216.0 Walden Glen - 185.0 Truro
Walden Glen,Week2,Tuckahoe,Week3,360.0 Tuckahoe - 42.0 Walden Glen
Walden Glen,Week2,Camelot,Week3,209.0 Camelot - 193.0 Walden Glen
Walden Glen,Week4,Mantua,Week3,300.0 Mantua - 102.0 Walden Glen
Wakefield Chapel,Week4,Old Keene Mill,Week1,325.0 Wakefield Chapel - 77.0 Old Keene Mill
Walden Glen,Week2,Tuckahoe,Week1,354.0 Tuckahoe - 48.0 Walden Glen
Walden Glen,Week1,Tuckahoe,Week4,368.0 Tuckahoe - 34.0 Walden Glen
Walden Glen,Week4,Camelot,Week4,211.0 Walden Glen - 191.0 Camelot
Walden Glen,Week3,Tuckahoe,Week1,353.0 Tuckahoe - 49.0 Walden Glen
Wakefield Chapel,Week1,Herndon,Week4,366.0 Wakefield Chapel - 36.0 Herndon
Walden Glen,Week5,Greenbriar,Week3,229.0 Greenbriar - 173.0 Walden Glen
Walden Glen,Week3,Mantua,Week4,287.0 Mantua - 115.0 Walden Glen
Walden Glen,Week5,Camelot,Week1,225.0 Walden Glen - 177.0 Camelot
Wakefield Chapel,Week2,Old Keene Mill,Week5,307.0 Wakefield Chapel - 95.0 Old Keene Mill
Walden Glen,Week2,Hamlet,Week2,325.0 Hamlet - 77.0 Walden Glen
Walden Glen,Week1,Hamlet,Week5,346.5 Hamlet - 55.5 Walden Glen
Walden Glen,Week4,Tuckahoe,Week2,358.0 Tuckahoe - 44.0 Walden Glen
Walden Glen,Week4,Mansion House,Week5,260.5 Mansion House - 141.5 Walden Glen
Walden Glen,Week4,Camelot,Week5,205.0 Camelot - 197.0 Walden Glen
Wakefield Chapel,Week5,Hayfield Farm,Week1,320.0 Wakefield Chapel - 82.0 Hayfield Farm
Walden Glen,Week1,Mantua,Week2,294.0 Mantua - 104.0 Walden Glen
Walden Glen,Week4,Truro,Week4,206.0 Walden Glen - 196.0 Truro
Wakefield Chapel,Week5,Old Keene Mill,Week5,323.0 Wakefield Chapel - 79.0 Old Keene Mill
Walden Glen,Week1,Hamlet,Week1,337.0 Hamlet - 64.0 Walden Glen
Wakefield Chapel,Week3,Old Keene Mill,Week3,332.0 Wakefield Chapel - 70.0 Old Keene Mill
Walden Glen,Week4,Truro,Week3,238.0 Walden Glen - 164.0 Truro
Wakefield Chapel,Week4,Old Keene Mill,Week3,323.0 Wakefield Chapel - 79.0 Old Keene Mill
Walden Glen,Week5,Greenbriar,Week2,244.0 Greenbriar - 158.0 Walden Glen
Walden Glen,Week4,Mantua,Week5,301.0 Mantua - 101.0 Walden Glen
Wakefield Chapel,Week1,Orange Hunt,Week3,264.0 Wakefield Chapel - 138.0 Orange Hunt
Walden Glen,Week2,Camelot,Week5,208.0 Camelot - 194.0 Walden Glen
Walden Glen,Week5,Mansion House,Week2,222.0 Mansion House - 179.0 Walden Glen
Walden Glen,Week3,Camelot,Week3,203.0 Walden Glen - 199.0 Camelot
Walden Glen,Week2,Hamlet,Week3,321.0 Hamlet - 81.0 Walden Glen
Walden Glen,Week4,Mantua,Week4,276.0 Mantua - 126.0 Walden Glen
Walden Glen,Week1,Camelot,Week4,242.0 Camelot - 159.0 Walden Glen
Walden Glen,Week5,Mantua,Week4,257.0 Mantua - 145.0 Walden Glen
Wakefield Chapel,Week3,Oakton ,Week5,232.0 Wakefield Chapel - 170.0 Oakton
Walden Glen,Week2,Camelot,Week1,204.5 Camelot - 197.5 Walden Glen
Wakefield Chapel,Week2,Old Keene Mill,Week4,334.0 Wakefield Chapel - 68.0 Old Keene Mill
Walden Glen,Week3,Hamlet,Week2,329.0 Hamlet - 73.0 Walden Glen
Wakefield Chapel,Week4,Old Keene Mill,Week2,315.0 Wakefield Chapel - 87.0 Old Keene Mill
Walden Glen,Week5,Tuckahoe,Week1,330.0 Tuckahoe - 72.0 Walden Glen
Walden Glen,Week5,Camelot,Week2,223.0 Walden Glen - 178.0 Camelot
Walden Glen,Week1,McLean,Week2,311.0 McLean - 91.0 Walden Glen
Walden Glen,Week2,Truro,Week5,223.0 Walden Glen - 173.0 Truro
Walden Glen,Week2,Camelot,Week2,215.0 Camelot - 187.0 Walden Glen
Walden Glen,Week3,Truro,Week3,224.0 Walden Glen - 178.0 Truro
Walden Glen,Week5,Mantua,Week1,248.0 Mantua - 154.0 Walden Glen
Walden Glen,Week3,Hamlet,Week1,316.0 Hamlet - 86.0 Walden Glen
Wakefield Chapel,Week4,Old Keene Mill,Week4,323.0 Wakefield Chapel - 79.0 Old Keene Mill
Wakefield Chapel,Week2,Orange Hunt,Week1,249.0 Wakefield Chapel - 153.0 Orange Hunt
Wakefield Chapel,Week1,Orange Hunt,Week1,274.0 Wakefield Chapel - 128.0 Orange Hunt
Walden Glen,Week2,Hamlet,Week4,305.0 Hamlet - 96.0 Walden Glen
Walden Glen,Week2,Camelot,Week4,224.0 Camelot - 178.0 Walden Glen
Walden Glen,Week5,Camelot,Week3,236.0 Walden Glen - 165.0 Camelot
Wakefield Chapel,Week4,Old Keene Mill,Week5,309.0 Wakefield Chapel - 93.0 Old Keene Mill
Walden Glen,Week2,Tuckahoe,Week4,360.0 Tuckahoe - 41.0 Walden Glen
Walden Glen,Week1,Hayfield Farm,Week5,254.0 Hayfield Farm - 148.0 Walden Glen
Walden Glen,Week1,McLean,Week3,304.0 McLean - 93.0 Walden Glen
Walden Glen,Week5,Mantua,Week5,277.0 Mantua - 125.0 Walden Glen
Walden Glen,Week4,Hamlet,Week3,318.0 Hamlet - 84.0 Walden Glen
Walden Glen,Week4,Tuckahoe,Week5,357.0 Tuckahoe - 45.0 Walden Glen
Wakefield Chapel,Week2,Old Keene Mill,Week1,331.0 Wakefield Chapel - 71.0 Old Keene Mill
Walden Glen,Week1,Camelot,Week3,231.0 Camelot - 171.0 Walden Glen
Walden Glen,Week1,McLean,Week1,311.0 McLean - 91.0 Walden Glen
Walden Glen,Week3,Hamlet,Week4,312.0 Hamlet - 90.0 Walden Glen
Wakefield Chapel,Week1,Old Keene Mill,Week4,336.0 Wakefield Chapel - 66.0 Old Keene Mill
Walden Glen,Week3,Canterbury Woods,Week4,219.0 Canterbury Woods - 183.0 Walden Glen
Walden Glen,Week5,Hamlet,Week3,298.0 Hamlet - 104.0 Walden Glen
Walden Glen,Week1,Vienna Aquatic,Week1,336.0 Vienna Aquatic - 66.0 Walden Glen
Walden Glen,Week1,Vienna Aquatic,Week3,347.0 Vienna Aquatic - 55.0 Walden Glen
Wakefield Chapel,Week5,Old Keene Mill,Week1,333.0 Wakefield Chapel - 69.0 Old Keene Mill
Walden Glen,Week4,Canterbury Woods,Week1,211.0 Walden Glen - 186.0 Canterbury Woods
Walden Glen,Week5,Hamlet,Week5,310.0 Hamlet - 92.0 Walden Glen
Walden Glen,Week1,McLean,Week5,321.0 McLean - 81.0 Walden Glen
Walden Glen,Week2,McLean,Week2,307.0 McLean - 95.0 Walden Glen
Walden Glen,Week4,Truro,Week1,220.0 Walden Glen - 181.0 Truro
Wakefield Chapel,Week3,Orange Hunt,Week1,260.0 Wakefield Chapel - 142.0 Orange Hunt
Walden Glen,Week1,Hayfield Farm,Week1,255.0 Hayfield Farm - 147.0 Walden Glen
Walden Glen,Week3,McLean,Week3,309.0 McLean - 93.0 Walden Glen
Walden Glen,Week4,Hayfield Farm,Week5,219.0 Hayfield Farm - 183.0 Walden Glen
Walden Glen,Week1,Hayfield Farm,Week2,252.0 Hayfield Farm - 150.0 Walden Glen
Walden Glen,Week2,Canterbury Woods,Week3,215.0 Canterbury Woods - 187.0 Walden Glen
Walden Glen,Week3,Canterbury Woods,Week5,209.0 Canterbury Woods - 193.0 Walden Glen
Walden Glen,Week5,Canterbury Woods,Week5,219.0 Walden Glen - 179.0 Canterbury Woods
Walden Glen,Week4,Truro,Week5,224.0 Walden Glen - 172.0 Truro
Wakefield Chapel,Week1,Orange Hunt,Week4,271.0 Wakefield Chapel - 131.0 Orange Hunt
Walden Glen,Week3,Hayfield Farm,Week5,243.0 Hayfield Farm - 159.0 Walden Glen
Wakefield Chapel,Week1,Orange Hunt,Week5,257.0 Wakefield Chapel - 145.0 Orange Hunt
Walden Glen,Week1,Canterbury Woods,Week1,212.0 Canterbury Woods - 184.0 Walden Glen
Walden Glen,Week4,Truro,Week2,258.0 Walden Glen - 137.0 Truro
Walden Glen,Week2,Canterbury Woods,Week2,202.0 Walden Glen - 200.0 Canterbury Woods
Walden Glen,Week5,Hamlet,Week4,281.0 Hamlet - 121.0 Walden Glen
Walden Glen,Week1,Cardinal Hill,Week5,293.0 Cardinal Hill - 109.0 Walden Glen
Wakefield Chapel,Week2,Orange Hunt,Week2,247.5 Wakefield Chapel - 154.5 Orange Hunt
Wakefield Chapel,Week3,Overlee,Week1,260.5 Overlee - 141.5 Wakefield Chapel
Walden Glen,Week4,Hayfield Farm,Week3,235.0 Hayfield Farm - 167.0 Walden Glen
Walden Glen,Week1,McLean,Week4,302.0 McLean - 100.0 Walden Glen
Walden Glen,Week3,McLean,Week1,321.0 McLean - 81.0 Walden Glen
Walden Glen,Week3,McLean,Week2,322.0 McLean - 80.0 Walden Glen
Walden Glen,Week5,Truro,Week5,244.0 Walden Glen - 157.0 Truro
Walden Glen,Week2,McLean,Week1,303.0 McLean - 99.0 Walden Glen
Walden Glen,Week5,Truro,Week3,260.0 Walden Glen - 142.0 Truro
Wakefield Chapel,Week2,Orange Hunt,Week4,265.0 Wakefield Chapel - 137.0 Orange Hunt
Walden Glen,Week1,Canterbury Woods,Week4,238.5 Canterbury Woods - 163.5 Walden Glen
Walden Glen,Week5,Truro,Week2,276.0 Walden Glen - 125.0 Truro
Wakefield Chapel,Week1,Orange Hunt,Week2,260.5 Wakefield Chapel - 141.5 Orange Hunt
Walden Glen,Week3,Truro,Week1,210.0 Walden Glen - 192.0 Truro
Wakefield Chapel,Week1,Old Keene Mill,Week5,314.0 Wakefield Chapel - 88.0 Old Keene Mill
Walden Glen,Week2,McLean,Week4,292.0 McLean - 109.0 Walden Glen
Walden Glen,Week5,Hayfield Farm,Week2,220.0 Hayfield Farm - 182.0 Walden Glen
Walden Glen,Week2,McLean,Week3,292.0 McLean - 105.0 Walden Glen
Walden Glen,Week3,Canterbury Woods,Week3,211.0 Canterbury Woods - 191.0 Walden Glen
Walden Glen,Week4,Canterbury Woods,Week2,229.0 Walden Glen - 172.0 Canterbury Woods
Walden Glen,Week4,Hayfield Farm,Week1,227.0 Hayfield Farm - 175.0 Walden Glen
Wakefield Chapel,Week3,Overlee,Week3,258.0 Overlee - 144.0 Wakefield Chapel
Walden Glen,Week3,Truro,Week4,209.0 Truro - 192.0 Walden Glen
Walden Glen,Week5,Truro,Week1,253.0 Walden Glen - 148.0 Truro
Walden Glen,Week4,Canterbury Woods,Week5,203.0 Walden Glen - 190.0 Canterbury Woods
Wakefield Chapel,Week2,Old Keene Mill,Week3,325.0 Wakefield Chapel - 77.0 Old Keene Mill
Walden Glen,Week4,Hamlet,Week2,316.0 Hamlet - 86.0 Walden Glen
Walden Glen,Week3,Truro,Week2,236.0 Walden Glen - 165.0 Truro
Walden Glen,Week2,McLean,Week5,305.0 McLean - 97.0 Walden Glen
Walden Glen,Week1,Tuckahoe,Week5,365.0 Tuckahoe - 37.0 Walden Glen
Walden Glen,Week1,Tuckahoe,Week2,363.0 Tuckahoe - 39.0 Walden Glen
Walden Glen,Week2,Hayfield Farm,Week3,237.0 Hayfield Farm - 165.0 Walden Glen
Wakefield Chapel,Week3,Old Keene Mill,Week5,309.0 Wakefield Chapel - 93.0 Old Keene Mill
Walden Glen,Week5,Canterbury Woods,Week1,245.5 Walden Glen - 156.5 Canterbury Woods
Walden Glen,Week3,Hayfield Farm,Week2,249.0 Hayfield Farm - 153.0 Walden Glen
Walden Glen,Week3,Tuckahoe,Week3,375.0 Tuckahoe - 27.0 Walden Glen
Walden Glen,Week2,Tuckahoe,Week2,360.5 Tuckahoe - 41.5 Walden Glen
Wakefield Chapel,Week3,Orange Hunt,Week3,250.0 Wakefield Chapel - 152.0 Orange Hunt
Wakefield Chapel,Week1,Overlee,Week5,293.0 Overlee - 109.0 Wakefield Chapel
Walden Glen,Week4,Hamlet,Week1,298.0 Hamlet - 103.0 Walden Glen
Wakefield Chapel,Week3,Overlee,Week5,300.0 Overlee - 102.0 Wakefield Chapel
Walden Glen,Week2,Canterbury Woods,Week1,200.0 Walden Glen - 197.0 Canterbury Woods
Walden Glen,Week3,Hayfield Farm,Week3,254.0 Hayfield Farm - 147.0 Walden Glen
Walden Glen,Week2,Canterbury Woods,Week4,214.0 Canterbury Woods - 188.0 Walden Glen
Walden Glen,Week2,Hayfield Farm,Week5,226.5 Hayfield Farm - 175.5 Walden Glen
Walden Glen,Week3,Canterbury Woods,Week1,211.0 Walden Glen - 191.0 Canterbury Woods
Wakefield Chapel,Week2,Overlee,Week3,271.0 Overlee - 131.0 Wakefield Chapel
Walden Glen,Week2,Tuckahoe,Week5,354.0 Tuckahoe - 48.0 Walden Glen
Walden Glen,Week4,Hamlet,Week5,316.0 Hamlet - 86.0 Walden Glen
Walden Glen,Week4,Hamlet,Week4,290.0 Hamlet - 112.0 Walden Glen
Walden Glen,Week3,Tuckahoe,Week4,374.0 Tuckahoe - 28.0 Walden Glen
Wakefield Chapel,Week3,Orange Hunt,Week5,257.0 Wakefield Chapel - 145.0 Orange Hunt
Wakefield Chapel,Week2,Overlee,Week4,311.0 Overlee - 91.0 Wakefield Chapel
Walden Glen,Week3,Hamlet,Week5,337.0 Hamlet - 65.0 Walden Glen
Walden Glen,Week1,Hayfield Farm,Week4,267.0 Hayfield Farm - 135.0 Walden Glen
Walden Glen,Week4,Tuckahoe,Week1,344.0 Tuckahoe - 58.0 Walden Glen
Walden Glen,Week5,Canterbury Woods,Week4,223.0 Walden Glen - 179.0 Canterbury Woods
Walden Glen,Week1,Canterbury Woods,Week2,213.0 Canterbury Woods - 189.0 Walden Glen
Walden Glen,Week3,Tuckahoe,Week5,367.0 Tuckahoe - 35.0 Walden Glen
Wakefield Chapel,Week3,Orange Hunt,Week4,267.0 Wakefield Chapel - 130.0 Orange Hunt
Walden Glen,Week5,Canterbury Woods,Week2,247.0 Walden Glen - 154.0 Canterbury Woods
Walden Glen,Week3,Tuckahoe,Week2,362.0 Tuckahoe - 40.0 Walden Glen
Wakefield Chapel,Week1,Overlee,Week2,253.0 Overlee - 149.0 Wakefield Chapel
Walden Glen,Week1,Canterbury Woods,Week3,236.0 Canterbury Woods - 165.0 Walden Glen
Walden Glen,Week5,Camelot,Week5,210.0 Walden Glen - 192.0 Camelot
Walden Glen,Week5,Hamlet,Week2,310.0 Hamlet - 92.0 Walden Glen
Walden Glen,Week3,Hamlet,Week3,328.0 Hamlet - 74.0 Walden Glen
Walden Glen,Week1,Hayfield Farm,Week3,254.0 Hayfield Farm - 148.0 Walden Glen
Wakefield Chapel,Week4,Overlee,Week2,280.0 Overlee - 122.0 Wakefield Chapel
Walden Glen,Week5,Hamlet,Week1,281.0 Hamlet - 120.0 Walden Glen
Walden Glen,Week4,Tuckahoe,Week3,360.0 Tuckahoe - 42.0 Walden Glen
Walden Glen,Week1,Cardinal Hill,Week2,292.0 Cardinal Hill - 105.0 Walden Glen
Walden Glen,Week5,Tuckahoe,Week3,350.0 Tuckahoe - 52.0 Walden Glen
Walden Glen,Week5,Tuckahoe,Week2,338.0 Tuckahoe - 64.0 Walden Glen
Walden Glen,Week4,Tuckahoe,Week4,358.0 Tuckahoe - 44.0 Walden Glen
Walden Glen,Week4,Canterbury Woods,Week4,208.0 Walden Glen - 194.0 Canterbury Woods
Wakefield Chapel,Week5,Orange Hunt,Week3,276.0 Wakefield Chapel - 126.0 Orange Hunt
Wakefield Chapel,Week2,Overlee,Week2,280.0 Overlee - 122.0 Wakefield Chapel
Wakefield Chapel,Week5,Orange Hunt,Week1,274.0 Wakefield Chapel - 128.0 Orange Hunt
Walden Glen,Week2,Canterbury Woods,Week5,209.0 Canterbury Woods - 187.0 Walden Glen
Walden Glen,Week1,Canterbury Woods,Week5,217.0 Canterbury Woods - 179.0 Walden Glen
Wakefield Chapel,Week1,Overlee,Week4,304.0 Overlee - 98.0 Wakefield Chapel
Walden Glen,Week4,Herndon,Week3,293.0 Walden Glen - 98.0 Herndon
Wakefield Chapel,Week5,Orange Hunt,Week2,273.0 Wakefield Chapel - 129.0 Orange Hunt
Walden Glen,Week2,Hayfield Farm,Week1,233.0 Hayfield Farm - 169.0 Walden Glen
Walden Glen,Week3,Herndon,Week5,280.0 Walden Glen - 122.0 Herndon
Walden Glen,Week3,Cardinal Hill,Week1,290.0 Cardinal Hill - 112.0 Walden Glen
Wakefield Chapel,Week4,Orange Hunt,Week1,250.0 Wakefield Chapel - 152.0 Orange Hunt
Walden Glen,Week2,Cardinal Hill,Week1,290.0 Cardinal Hill - 111.0 Walden Glen
Walden Glen,Week3,Hayfield Farm,Week1,246.0 Hayfield Farm - 156.0 Walden Glen
Wakefield Chapel,Week4,Orange Hunt,Week3,240.0 Wakefield Chapel - 162.0 Orange Hunt
Walden Glen,Week5,Tuckahoe,Week4,351.0 Tuckahoe - 51.0 Walden Glen
Walden Glen,Week3,Canterbury Woods,Week2,206.0 Walden Glen - 196.0 Canterbury Woods
Walden Glen,Week3,Herndon,Week4,269.0 Walden Glen - 133.0 Herndon
Wakefield Chapel,Week2,Overlee,Week1,266.0 Overlee - 136.0 Wakefield Chapel
Walden Glen,Week2,Vienna Aquatic,Week2,326.0 Vienna Aquatic - 76.0 Walden Glen
Wakefield Chapel,Week5,Orange Hunt,Week4,278.0 Wakefield Chapel - 124.0 Orange Hunt
Wakefield Chapel,Week4,Orange Hunt,Week5,231.0 Wakefield Chapel - 171.0 Orange Hunt
Walden Glen,Week4,Canterbury Woods,Week3,207.0 Walden Glen - 195.0 Canterbury Woods
Walden Glen,Week4,Hayfield Farm,Week2,232.0 Hayfield Farm - 170.0 Walden Glen
Walden Glen,Week1,Vienna Aquatic,Week5,357.0 Vienna Aquatic - 44.0 Walden Glen
Wakefield Chapel,Week4,Orange Hunt,Week4,242.0 Wakefield Chapel - 160.0 Orange Hunt
Walden Glen,Week5,Canterbury Woods,Week3,219.0 Walden Glen - 183.0 Canterbury Woods
Walden Glen,Week1,Cardinal Hill,Week1,318.0 Cardinal Hill - 84.0 Walden Glen
Walden Glen,Week3,Vienna Aquatic,Week1,328.0 Vienna Aquatic - 74.0 Walden Glen
Walden Glen,Week5,Tuckahoe,Week5,344.0 Tuckahoe - 58.0 Walden Glen
Walden Glen,Week3,Vienna Aquatic,Week5,346.5 Vienna Aquatic - 54.5 Walden Glen
Walden Glen,Week3,Cardinal Hill,Week3,310.0 Cardinal Hill - 92.0 Walden Glen
Wakefield Chapel,Week1,Overlee,Week3,250.0 Overlee - 152.0 Wakefield Chapel
Walden Glen,Week1,Cardinal Hill,Week4,301.0 Cardinal Hill - 101.0 Walden Glen
Walden Glen,Week5,Camelot,Week4,220.0 Walden Glen - 182.0 Camelot
Walden Glen,Week3,Herndon,Week3,277.0 Walden Glen - 125.0 Herndon
Walden Glen,Week3,Vienna Aquatic,Week2,323.0 Vienna Aquatic - 79.0 Walden Glen
Walden Glen,Week3,Hayfield Farm,Week4,238.0 Hayfield Farm - 164.0 Walden Glen
Wakefield Chapel,Week4,Orange Hunt,Week2,248.0 Wakefield Chapel - 154.0 Orange Hunt
Walden Glen,Week5,Hayfield Farm,Week1,218.0 Hayfield Farm - 184.0 Walden Glen
Walden Glen,Week1,Chesterbrook,Week4,369.0 Chesterbrook - 33.0 Walden Glen
Walden Glen,Week3,Vienna Aquatic,Week3,335.0 Vienna Aquatic - 67.0 Walden Glen
Walden Glen,Week1,Vienna Aquatic,Week2,337.0 Vienna Aquatic - 65.0 Walden Glen
Wakefield Chapel,Week1,Overlee,Week1,246.0 Overlee - 156.0 Wakefield Chapel
Wakefield Chapel,Week2,Overlee,Week5,309.0 Overlee - 93.0 Wakefield Chapel
Walden Glen,Week2,Hayfield Farm,Week4,237.0 Hayfield Farm - 165.0 Walden Glen
Walden Glen,Week1,Cardinal Hill,Week3,326.0 Cardinal Hill - 76.0 Walden Glen
Walden Glen,Week2,Hayfield Farm,Week2,230.0 Hayfield Farm - 172.0 Walden Glen
Walden Glen,Week2,Vienna Aquatic,Week4,331.0 Vienna Aquatic - 71.0 Walden Glen
Walden Glen,Week4,Hayfield Farm,Week4,227.0 Hayfield Farm - 175.0 Walden Glen
Walden Glen,Week2,Vienna Aquatic,Week3,330.0 Vienna Aquatic - 72.0 Walden Glen
Walden Glen,Week2,Vienna Aquatic,Week5,344.0 Vienna Aquatic - 58.0 Walden Glen
Walden Glen,Week1,Chesterbrook,Week1,361.0 Chesterbrook - 41.0 Walden Glen
Walden Glen,Week5,Cardinal Hill,Week5,250.0 Cardinal Hill - 151.0 Walden Glen
Wakefield Chapel,Week5,Orange Hunt,Week5,259.0 Wakefield Chapel - 143.0 Orange Hunt
Walden Glen,Week3,Chesterbrook,Week2,366.5 Chesterbrook - 35.5 Walden Glen
Walden Glen,Week4,Herndon,Week4,288.0 Walden Glen - 114.0 Herndon
Walden Glen,Week4,Vienna Aquatic,Week1,314.0 Vienna Aquatic - 88.0 Walden Glen
Walden Glen,Week1,Chesterbrook,Week3,376.0 Chesterbrook - 26.0 Walden Glen
Walden Glen,Week5,Vienna Aquatic,Week3,311.0 Vienna Aquatic - 91.0 Walden Glen
Walden Glen,Week3,Cardinal Hill,Week5,287.0 Cardinal Hill - 115.0 Walden Glen
Walden Glen,Week4,Vienna Aquatic,Week4,312.0 Vienna Aquatic - 85.0 Walden Glen
Wakefield Chapel,Week3,Overlee,Week4,313.0 Overlee - 89.0 Wakefield Chapel
Walden Glen,Week5,Vienna Aquatic,Week1,295.0 Vienna Aquatic - 107.0 Walden Glen
Walden Glen,Week4,Vienna Aquatic,Week2,305.0 Vienna Aquatic - 97.0 Walden Glen
Walden Glen,Week1,Chesterbrook,Week2,374.0 Chesterbrook - 28.0 Walden Glen
Walden Glen,Week5,Herndon,Week2,305.0 Walden Glen - 97.0 Herndon
Walden Glen,Week3,Cardinal Hill,Week4,279.0 Cardinal Hill - 123.0 Walden Glen
Walden Glen,Week2,Vienna Aquatic,Week1,327.0 Vienna Aquatic - 75.0 Walden Glen
Wakefield Chapel,Week5,Overlee,Week2,239.0 Overlee - 163.0 Wakefield Chapel
Wakefield Chapel,Week1,Parklawn,Week2,344.0 Wakefield Chapel - 58.0 Parklawn
Walden Glen,Week4,Vienna Aquatic,Week3,322.0 Vienna Aquatic - 80.0 Walden Glen
Walden Glen,Week5,Cardinal Hill,Week3,280.0 Cardinal Hill - 122.0 Walden Glen
Walden Glen,Week5,Herndon,Week3,311.0 Walden Glen - 90.0 Herndon
Walden Glen,Week5,Vienna Aquatic,Week2,298.5 Vienna Aquatic - 103.5 Walden Glen
Walden Glen,Week1,Herndon,Week4,255.0 Walden Glen - 146.0 Herndon
Walden Glen,Week5,Hayfield Farm,Week4,210.0 Hayfield Farm - 192.0 Walden Glen
Wakefield Chapel,Week4,Overlee,Week1,262.0 Overlee - 140.0 Wakefield Chapel
Walden Glen,Week1,Herndon,Week5,249.0 Walden Glen - 153.0 Herndon
Walden Glen,Week3,Cardinal Hill,Week2,274.0 Cardinal Hill - 128.0 Walden Glen
Walden Glen,Week5,Cardinal Hill,Week1,271.0 Cardinal Hill - 131.0 Walden Glen
Wakefield Chapel,Week4,Overlee,Week3,259.0 Overlee - 143.0 Wakefield Chapel
Wakefield Chapel,Week3,Overlee,Week2,252.0 Overlee - 150.0 Wakefield Chapel
Walden Glen,Week4,Herndon,Week5,293.0 Walden Glen - 109.0 Herndon
Wakefield Chapel,Week2,Parklawn,Week3,348.0 Wakefield Chapel - 53.0 Parklawn
Walden Glen,Week2,Herndon,Week2,285.0 Walden Glen - 111.0 Herndon
Walden Glen,Week4,Vienna Aquatic,Week5,326.0 Vienna Aquatic - 76.0 Walden Glen
Walden Glen,Week4,Herndon,Week1,295.0 Walden Glen - 101.0 Herndon
Wakefield Chapel,Week1,Parklawn,Week4,323.0 Wakefield Chapel - 79.0 Parklawn
Wakefield Chapel,Week5,Overlee,Week1,244.0 Overlee - 158.0 Wakefield Chapel
Walden Glen,Week1,Hiddenbrook,Week1,226.0 Hiddenbrook - 176.0 Walden Glen
Walden Glen,Week3,Commonwealth,Week2,207.0 Commonwealth - 194.0 Walden Glen
Walden Glen,Week3,Vienna Woods,Week4,307.0 Vienna Woods - 95.0 Walden Glen
Walden Glen,Week1,Vienna Aquatic,Week4,337.0 Vienna Aquatic - 64.0 Walden Glen
Walden Glen,Week5,Herndon,Week4,313.0 Walden Glen - 89.0 Herndon
Wakefield Chapel,Week5,Overlee,Week5,279.0 Overlee - 123.0 Wakefield Chapel
Walden Glen,Week2,Commonwealth,Week2,209.0 Commonwealth - 189.0 Walden Glen
Walden Glen,Week4,Cardinal Hill,Week5,258.0 Cardinal Hill - 143.0 Walden Glen
Walden Glen,Week3,Vienna Aquatic,Week4,316.0 Vienna Aquatic - 86.0 Walden Glen
Walden Glen,Week1,Commonwealth,Week1,211.0 Walden Glen - 182.0 Commonwealth
Walden Glen,Week4,Cardinal Hill,Week4,262.0 Cardinal Hill - 140.0 Walden Glen
Walden Glen,Week5,Herndon,Week5,308.0 Walden Glen - 94.0 Herndon
Walden Glen,Week2,Chesterbrook,Week1,352.5 Chesterbrook - 49.5 Walden Glen
Wakefield Chapel,Week1,Parklawn,Week3,348.0 Wakefield Chapel - 54.0 Parklawn
Walden Glen,Week5,Chesterbrook,Week5,352.0 Chesterbrook - 50.0 Walden Glen
Walden Glen,Week1,Herndon,Week2,257.0 Walden Glen - 139.0 Herndon
Walden Glen,Week4,Vienna Woods,Week5,342.0 Vienna Woods - 60.0 Walden Glen
Walden Glen,Week4,Commonwealth,Week5,210.0 Walden Glen - 192.0 Commonwealth
Walden Glen,Week1,Vienna Woods,Week3,336.0 Vienna Woods - 66.0 Walden Glen
Walden Glen,Week5,Cardinal Hill,Week2,247.5 Cardinal Hill - 154.5 Walden Glen
Walden Glen,Week2,Commonwealth,Week1,231.0 Walden Glen - 162.0 Commonwealth
Walden Glen,Week1,Villa Aquatic,Week1,248.5 Villa Aquatic - 153.5 Walden Glen
Walden Glen,Week2,Herndon,Week3,287.0 Walden Glen - 109.0 Herndon
Wakefield Chapel,Week2,Parklawn,Week4,313.0 Wakefield Chapel - 87.0 Parklawn
Wakefield Chapel,Week2,Parklawn,Week2,338.0 Wakefield Chapel - 63.0 Parklawn
Walden Glen,Week2,Commonwealth,Week3,204.0 Walden Glen - 196.0 Commonwealth
Walden Glen,Week3,Herndon,Week1,280.0 Walden Glen - 121.0 Herndon
Walden Glen,Week1,Commonwealth,Week3,233.0 Commonwealth - 165.0 Walden Glen
Walden Glen,Week4,Chesterbrook,Week4,361.0 Chesterbrook - 41.0 Walden Glen
Wakefield Chapel,Week3,Parklawn,Week2,331.0 Wakefield Chapel - 71.0 Parklawn
Walden Glen,Week2,Villa Aquatic,Week1,224.0 Villa Aquatic - 177.0 Walden Glen
Walden Glen,Week2,Herndon,Week1,279.0 Walden Glen - 116.0 Herndon
Walden Glen,Week1,Herndon,Week3,259.0 Walden Glen - 138.0 Herndon
Walden Glen,Week5,Vienna Aquatic,Week5,323.0 Vienna Aquatic - 79.0 Walden Glen
Wakefield Chapel,Week2,Parklawn,Week5,327.0 Wakefield Chapel - 74.0 Parklawn
Walden Glen,Week4,Cardinal Hill,Week2,256.0 Cardinal Hill - 141.0 Walden Glen
Wakefield Chapel,Week3,Parklawn,Week3,338.0 Wakefield Chapel - 64.0 Parklawn
Walden Glen,Week5,Cardinal Hill,Week4,251.0 Cardinal Hill - 151.0 Walden Glen
Walden Glen,Week5,Hayfield Farm,Week5,209.0 Hayfield Farm - 193.0 Walden Glen
Wakefield Chapel,Week3,Parklawn,Week1,335.0 Wakefield Chapel - 58.0 Parklawn
Walden Glen,Week2,Cardinal Hill,Week4,287.0 Cardinal Hill - 115.0 Walden Glen
Wakefield Chapel,Week3,Parklawn,Week5,323.0 Wakefield Chapel - 79.0 Parklawn
Walden Glen,Week2,Commonwealth,Week5,208.0 Commonwealth - 193.0 Walden Glen
Walden Glen,Week2,Vienna Woods,Week3,330.0 Vienna Woods - 72.0 Walden Glen
Walden Glen,Week1,Herndon,Week1,274.0 Walden Glen - 119.0 Herndon
Walden Glen,Week1,Villa Aquatic,Week4,273.0 Villa Aquatic - 129.0 Walden Glen
Walden Glen,Week2,Cardinal Hill,Week3,314.0 Cardinal Hill - 88.0 Walden Glen
Walden Glen,Week4,Chesterbrook,Week1,351.0 Chesterbrook - 46.0 Walden Glen
Walden Glen,Week2,Cardinal Hill,Week5,283.0 Cardinal Hill - 118.0 Walden Glen
Walden Glen,Week5,Vienna Woods,Week2,294.0 Vienna Woods - 107.0 Walden Glen
Walden Glen,Week2,Cardinal Hill,Week2,272.0 Cardinal Hill - 124.0 Walden Glen
Walden Glen,Week5,Hayfield Farm,Week3,224.0 Hayfield Farm - 178.0 Walden Glen
Wakefield Chapel,Week5,Overlee,Week3,248.0 Overlee - 154.0 Wakefield Chapel
Walden Glen,Week3,Vienna Woods,Week5,344.0 Vienna Woods - 58.0 Walden Glen
Walden Glen,Week1,Chesterbrook,Week5,372.0 Chesterbrook - 30.0 Walden Glen
Wakefield Chapel,Week1,Pleasant Valley,Week2,377.5 Wakefield Chapel - 24.5 Pleasant Valley
Walden Glen,Week2,Herndon,Week4,280.0 Walden Glen - 121.0 Herndon
Walden Glen,Week3,Commonwealth,Week1,236.0 Walden Glen - 165.0 Commonwealth
Walden Glen,Week5,Vienna Aquatic,Week4,297.0 Vienna Aquatic - 105.0 Walden Glen
Wakefield Chapel,Week2,Parklawn,Week1,348.0 Wakefield Chapel - 45.0 Parklawn
Walden Glen,Week2,Herndon,Week5,282.0 Walden Glen - 119.0 Herndon
Walden Glen,Week4,Commonwealth,Week2,203.0 Walden Glen - 198.0 Commonwealth
Walden Glen,Week4,Commonwealth,Week3,209.0 Walden Glen - 193.0 Commonwealth
Walden Glen,Week2,Vienna Woods,Week1,319.0 Vienna Woods - 82.0 Walden Glen
Walden Glen,Week4,Chesterbrook,Week2,356.5 Chesterbrook - 45.5 Walden Glen
Wakefield Chapel,Week4,Overlee,Week5,285.0 Overlee - 117.0 Wakefield Chapel
Walden Glen,Week1,High Point Pool,Week3,282.0 High Point Pool - 120.0 Walden Glen
Walden Glen,Week2,Chesterbrook,Week5,361.0 Chesterbrook - 41.0 Walden Glen
Wakefield Chapel,Week5,Overlee,Week4,296.0 Overlee - 106.0 Wakefield Chapel
Walden Glen,Week4,Herndon,Week2,290.5 Walden Glen - 106.5 Herndon
Wakefield Chapel,Week2,Pleasant Valley,Week3,357.0 Wakefield Chapel - 45.0 Pleasant Valley
Walden Glen,Week1,Commonwealth,Week5,210.0 Commonwealth - 188.0 Walden Glen
Walden Glen,Week3,Vienna Woods,Week1,313.0 Vienna Woods - 89.0 Walden Glen
Wakefield Chapel,Week5,Pinewood Lake,Week1,391.0 Wakefield Chapel - 10.0 Pinewood Lake
Wakefield Chapel,Week2,Pinewood Lake,Week3,387.0 Wakefield Chapel - 14.0 Pinewood Lake
Walden Glen,Week2,Vienna Woods,Week4,308.0 Vienna Woods - 89.0 Walden Glen
Walden Glen,Week5,Herndon,Week1,320.0 Walden Glen - 81.0 Herndon
Wakefield Chapel,Week3,Pinewood Lake,Week3,385.0 Wakefield Chapel - 12.0 Pinewood Lake
Walden Glen,Week1,High Point Pool,Week1,269.0 High Point Pool - 133.0 Walden Glen
Walden Glen,Week1,High Point Pool,Week5,274.0 High Point Pool - 128.0 Walden Glen
Walden Glen,Week4,Vienna Woods,Week3,323.0 Vienna Woods - 79.0 Walden Glen
Walden Glen,Week3,Herndon,Week2,276.0 Walden Glen - 125.0 Herndon
Walden Glen,Week4,Chesterbrook,Week5,362.0 Chesterbrook - 40.0 Walden Glen
Walden Glen,Week2,Chesterbrook,Week3,369.0 Chesterbrook - 33.0 Walden Glen
Wakefield Chapel,Week3,Pinewood Lake,Week1,388.0 Wakefield Chapel - 9.0 Pinewood Lake
Walden Glen,Week5,Chesterbrook,Week3,370.0 Chesterbrook - 32.0 Walden Glen
Wakefield Chapel,Week3,Pleasant Valley,Week1,370.0 Wakefield Chapel - 32.0 Pleasant Valley
Wakefield Chapel,Week4,Overlee,Week4,309.0 Overlee - 93.0 Wakefield Chapel
Wakefield Chapel,Week1,Parklawn,Week1,347.0 Wakefield Chapel - 46.0 Parklawn
Walden Glen,Week1,Vienna Woods,Week4,319.0 Vienna Woods - 78.0 Walden Glen
Walden Glen,Week3,Chesterbrook,Week1,360.0 Chesterbrook - 42.0 Walden Glen
Walden Glen,Week2,Chesterbrook,Week4,363.0 Chesterbrook - 38.0 Walden Glen
Wakefield Chapel,Week1,Parklawn,Week5,330.5 Wakefield Chapel - 71.5 Parklawn
Wakefield Chapel,Week3,Parklawn,Week4,326.0 Wakefield Chapel - 76.0 Parklawn
Walden Glen,Week5,Chesterbrook,Week4,356.0 Chesterbrook - 46.0 Walden Glen
Walden Glen,Week4,Cardinal Hill,Week1,282.0 Cardinal Hill - 120.0 Walden Glen
Walden Glen,Week4,Cardinal Hill,Week3,301.0 Cardinal Hill - 101.0 Walden Glen
Walden Glen,Week3,Vienna Woods,Week3,325.0 Vienna Woods - 77.0 Walden Glen
Walden Glen,Week2,Chesterbrook,Week2,365.0 Chesterbrook - 37.0 Walden Glen
Wakefield Chapel,Week2,Pleasant Valley,Week4,369.0 Wakefield Chapel - 32.0 Pleasant Valley
Wakefield Chapel,Week2,Pleasant Valley,Week1,361.0 Wakefield Chapel - 40.0 Pleasant Valley
Walden Glen,Week2,Hiddenbrook,Week2,241.0 Walden Glen - 154.0 Hiddenbrook
Walden Glen,Week3,Vienna Woods,Week2,320.0 Vienna Woods - 82.0 Walden Glen
Wakefield Chapel,Week2,Village West,Week2,333.0 Wakefield Chapel - 69.0 Village West
Walden Glen,Week2,Hiddenbrook,Week1,204.0 Hiddenbrook - 198.0 Walden Glen
Walden Glen,Week3,Hiddenbrook,Week4,208.0 Hiddenbrook - 194.0 Walden Glen
Wakefield Chapel,Week3,Village West,Week2,333.5 Wakefield Chapel - 68.5 Village West
Walden Glen,Week1,Vienna Woods,Week2,339.0 Vienna Woods - 63.0 Walden Glen
Wakefield Chapel,Week5,Pinewood Lake,Week4,390.0 Wakefield Chapel - 11.0 Pinewood Lake
Walden Glen,Week4,Chesterbrook,Week3,366.0 Chesterbrook - 36.0 Walden Glen
Walden Glen,Week5,Vienna Woods,Week3,307.0 Vienna Woods - 95.0 Walden Glen
Walden Glen,Week5,Chesterbrook,Week1,348.0 Chesterbrook - 54.0 Walden Glen
Walden Glen,Week3,Chesterbrook,Week4,373.0 Chesterbrook - 29.0 Walden Glen
Wakefield Chapel,Week2,Village West,Week5,328.0 Wakefield Chapel - 74.0 Village West
Wakefield Chapel,Week4,Village West,Week4,317.0 Wakefield Chapel - 80.0 Village West
Walden Glen,Week4,Vienna Woods,Week2,313.5 Vienna Woods - 87.5 Walden Glen
Wakefield Chapel,Week1,Pinewood Lake,Week5,383.0 Wakefield Chapel - 19.0 Pinewood Lake
Walden Glen,Week1,Hiddenbrook,Week5,247.0 Hiddenbrook - 155.0 Walden Glen
Walden Glen,Week2,Vienna Woods,Week2,321.0 Vienna Woods - 81.0 Walden Glen
Walden Glen,Week1,Commonwealth,Week4,205.0 Commonwealth - 193.0 Walden Glen
Walden Glen,Week3,Commonwealth,Week4,213.0 Walden Glen - 189.0 Commonwealth
Walden Glen,Week1,Vienna Woods,Week1,326.0 Vienna Woods - 76.0 Walden Glen
Wakefield Chapel,Week3,Virginia Hills,Week4,383.0 Wakefield Chapel - 19.0 Virginia Hills
Walden Glen,Week2,Vienna Woods,Week5,345.0 Vienna Woods - 57.0 Walden Glen
Walden Glen,Week3,Commonwealth,Week5,208.0 Walden Glen - 194.0 Commonwealth
Walden Glen,Week3,Chesterbrook,Week3,378.0 Chesterbrook - 24.0 Walden Glen
Wakefield Chapel,Week4,Village West,Week5,322.0 Wakefield Chapel - 80.0 Village West
Wakefield Chapel,Week2,Pinewood Lake,Week1,383.0 Wakefield Chapel - 17.0 Pinewood Lake
Walden Glen,Week3,Hiddenbrook,Week2,247.0 Walden Glen - 154.0 Hiddenbrook
Wakefield Chapel,Week4,Pinewood Lake,Week4,386.0 Wakefield Chapel - 15.0 Pinewood Lake
Walden Glen,Week2,Hiddenbrook,Week5,214.0 Hiddenbrook - 188.0 Walden Glen
Wakefield Chapel,Week3,Village West,Week4,327.0 Wakefield Chapel - 70.0 Village West
Walden Glen,Week4,Hiddenbrook,Week2,262.5 Walden Glen - 134.5 Hiddenbrook
Walden Glen,Week5,Vienna Woods,Week1,302.0 Vienna Woods - 100.0 Walden Glen
Walden Glen,Week1,Vienna Woods,Week5,354.0 Vienna Woods - 48.0 Walden Glen
Walden Glen,Week4,Hiddenbrook,Week4,207.0 Walden Glen - 195.0 Hiddenbrook
Wakefield Chapel,Week2,Pinewood Lake,Week5,376.0 Wakefield Chapel - 25.0 Pinewood Lake
Wakefield Chapel,Week1,Virginia Hills,Week5,379.0 Wakefield Chapel - 23.0 Virginia Hills
Wakefield Chapel,Week2,Pinewood Lake,Week2,384.0 Wakefield Chapel - 17.0 Pinewood Lake
Wakefield Chapel,Week3,Pinewood Lake,Week2,383.0 Wakefield Chapel - 14.0 Pinewood Lake
Walden Glen,Week5,Chesterbrook,Week2,350.0 Chesterbrook - 52.0 Walden Glen
Walden Glen,Week1,Commonwealth,Week2,242.0 Commonwealth - 159.0 Walden Glen
Walden Glen,Week2,Hiddenbrook,Week3,212.0 Walden Glen - 190.0 Hiddenbrook
Walden Glen,Week2,Hiddenbrook,Week4,203.0 Hiddenbrook - 199.0 Walden Glen
Walden Glen,Week5,Hiddenbrook,Week3,233.0 Walden Glen - 169.0 Hiddenbrook
Wakefield Chapel,Week3,Pinewood Lake,Week5,381.0 Wakefield Chapel - 16.0 Pinewood Lake
Walden Glen,Week3,Chesterbrook,Week5,372.0 Chesterbrook - 30.0 Walden Glen
Wakefield Chapel,Week3,Virginia Hills,Week1,384.0 Wakefield Chapel - 18.0 Virginia Hills
Walden Glen,Week4,Vienna Woods,Week4,308.0 Vienna Woods - 89.0 Walden Glen
Wakefield Chapel,Week1,Virginia Hills,Week1,382.5 Wakefield Chapel - 19.5 Virginia Hills
Walden Glen,Week2,Commonwealth,Week4,220.0 Walden Glen - 181.0 Commonwealth
Wakefield Chapel,Week4,Pinewood Lake,Week1,388.0 Wakefield Chapel - 13.0 Pinewood Lake
Wakefield Chapel,Week5,Village West,Week3,327.0 Wakefield Chapel - 75.0 Village West
Walden Glen,Week1,Villa Aquatic,Week5,278.0 Villa Aquatic - 124.0 Walden Glen
Wakefield Chapel,Week3,Dominion Hills,Week3,312.0 Wakefield Chapel - 90.0 Dominion Hills
Walden Glen,Week4,Hiddenbrook,Week5,205.0 Walden Glen - 197.0 Hiddenbrook
Walden Glen,Week1,Villa Aquatic,Week2,254.5 Villa Aquatic - 147.5 Walden Glen
Walden Glen,Week5,Hiddenbrook,Week2,280.5 Walden Glen - 121.5 Hiddenbrook
Wakefield Chapel,Week5,Pinewood Lake,Week5,390.0 Wakefield Chapel - 11.0 Pinewood Lake
Walden Glen,Week4,Commonwealth,Week1,236.0 Walden Glen - 155.0 Commonwealth
Wakefield Chapel,Week3,Village West,Week3,319.0 Wakefield Chapel - 83.0 Village West
Wakefield Chapel,Week5,Village West,Week1,342.0 Wakefield Chapel - 60.0 Village West
Wakefield Chapel,Week4,Dominion Hills,Week1,303.0 Wakefield Chapel - 99.0 Dominion Hills
Wakefield Chapel,Week2,Pinewood Lake,Week4,388.0 Wakefield Chapel - 13.0 Pinewood Lake
Walden Glen,Week3,Commonwealth,Week3,209.0 Walden Glen - 192.0 Commonwealth
Wakefield Chapel,Week4,Pinewood Lake,Week2,385.0 Wakefield Chapel - 16.0 Pinewood Lake
Wakefield Chapel,Week2,Country Club Hills,Week4,314.0 Wakefield Chapel - 88.0 Country Club Hills
Wakefield Chapel,Week3,Dominion Hills,Week2,312.0 Wakefield Chapel - 90.0 Dominion Hills
Walden Glen,Week5,Vienna Woods,Week5,327.0 Vienna Woods - 75.0 Walden Glen
Wakefield Chapel,Week3,Pinewood Lake,Week4,382.0 Wakefield Chapel - 15.0 Pinewood Lake
Walden Glen,Week4,Hiddenbrook,Week1,218.0 Walden Glen - 183.0 Hiddenbrook
Wakefield Chapel,Week5,Pinewood Lake,Week2,391.0 Wakefield Chapel - 10.0 Pinewood Lake
Walden Glen,Week4,Cottontail,Week4,201.0 Cottontail - 201.0 Walden Glen
Wakefield Chapel,Week4,Village West,Week3,310.0 Wakefield Chapel - 92.0 Village West
Walden Glen,Week5,Vienna Woods,Week4,283.0 Vienna Woods - 119.0 Walden Glen
Wakefield Chapel,Week3,Village West,Week1,335.0 Wakefield Chapel - 67.0 Village West
Walden Glen,Week3,Hiddenbrook,Week3,209.0 Walden Glen - 193.0 Hiddenbrook
Walden Glen,Week1,Hiddenbrook,Week3,227.0 Hiddenbrook - 174.0 Walden Glen
Wakefield Chapel,Week2,Virginia Hills,Week3,387.0 Wakefield Chapel - 15.0 Virginia Hills
Wakefield Chapel,Week3,Country Club Hills,Week1,315.5 Wakefield Chapel - 86.5 Country Club Hills
Walden Glen,Week1,Cottontail,Week3,225.0 Cottontail - 177.0 Walden Glen
Wakefield Chapel,Week3,Dominion Hills,Week4,290.0 Wakefield Chapel - 107.0 Dominion Hills
Wakefield Chapel,Week4,Pinewood Lake,Week3,386.0 Wakefield Chapel - 15.0 Pinewood Lake
Walden Glen,Week1,Hiddenbrook,Week2,213.0 Walden Glen - 182.0 Hiddenbrook
Wakefield Chapel,Week4,Country Club Hills,Week3,309.0 Wakefield Chapel - 93.0 Country Club Hills
Walden Glen,Week1,Village West,Week2,206.0 Village West - 196.0 Walden Glen
Wakefield Chapel,Week3,Country Club Hills,Week3,334.0 Wakefield Chapel - 68.0 Country Club Hills
Wakefield Chapel,Week1,Donaldson Run,Week1,221.0 Wakefield Chapel - 181.0 Donaldson Run
Walden Glen,Week5,Villa Aquatic,Week4,212.0 Villa Aquatic - 190.0 Walden Glen
Wakefield Chapel,Week3,Village West,Week5,330.0 Wakefield Chapel - 67.0 Village West
Wakefield Chapel,Week1,Pleasant Valley,Week3,364.0 Wakefield Chapel - 38.0 Pleasant Valley
Walden Glen,Week4,Commonwealth,Week4,214.0 Walden Glen - 183.0 Commonwealth
Walden Glen,Week1,Villa Aquatic,Week3,297.0 Villa Aquatic - 105.0 Walden Glen
Walden Glen,Week2,Cottontail,Week5,220.0 Cottontail - 182.0 Walden Glen
Wakefield Chapel,Week5,Country Club Hills,Week1,329.0 Wakefield Chapel - 73.0 Country Club Hills
Walden Glen,Week1,Cottontail,Week1,237.0 Cottontail - 165.0 Walden Glen
Walden Glen,Week3,Hiddenbrook,Week1,211.0 Walden Glen - 191.0 Hiddenbrook
Walden Glen,Week4,Vienna Woods,Week1,314.0 Vienna Woods - 88.0 Walden Glen
Wakefield Chapel,Week2,Virginia Hills,Week1,384.0 Wakefield Chapel - 18.0 Virginia Hills
Wakefield Chapel,Week4,Village West,Week2,328.0 Wakefield Chapel - 74.0 Village West
Wakefield Chapel,Week3,Country Club Hills,Week4,321.0 Wakefield Chapel - 81.0 Country Club Hills
Walden Glen,Week1,Hiddenbrook,Week4,237.0 Hiddenbrook - 165.0 Walden Glen
Wakefield Chapel,Week5,Country Club Hills,Week2,347.0 Wakefield Chapel - 55.0 Country Club Hills
Wakefield Chapel,Week1,Pleasant Valley,Week4,366.5 Wakefield Chapel - 35.5 Pleasant Valley
Wakefield Chapel,Week4,Dominion Hills,Week5,264.0 Wakefield Chapel - 138.0 Dominion Hills
Walden Glen,Week5,Villa Aquatic,Week2,201.0 Villa Aquatic - 201.0 Walden Glen
Wakefield Chapel,Week5,Dominion Hills,Week2,322.0 Wakefield Chapel - 80.0 Dominion Hills
Walden Glen,Week2,Villa Aquatic,Week2,215.0 Villa Aquatic - 186.0 Walden Glen
Wakefield Chapel,Week2,Village West,Week4,316.0 Wakefield Chapel - 81.0 Village West
Wakefield Chapel,Week5,Village West,Week4,337.0 Wakefield Chapel - 60.0 Village West
Walden Glen,Week2,Cottontail,Week1,225.0 Cottontail - 177.0 Walden Glen
Walden Glen,Week5,Commonwealth,Week4,242.0 Walden Glen - 160.0 Commonwealth
Wakefield Chapel,Week4,Pinewood Lake,Week5,385.0 Wakefield Chapel - 16.0 Pinewood Lake
Walden Glen,Week3,Hiddenbrook,Week5,223.0 Hiddenbrook - 179.0 Walden Glen
Walden Glen,Week1,Cottontail,Week5,237.0 Cottontail - 165.0 Walden Glen
Walden Glen,Week1,High Point Pool,Week2,291.0 High Point Pool - 111.0 Walden Glen
Wakefield Chapel,Week1,Pleasant Valley,Week1,369.0 Wakefield Chapel - 33.0 Pleasant Valley
Walden Glen,Week4,Hiddenbrook,Week3,216.0 Walden Glen - 181.0 Hiddenbrook
Wakefield Chapel,Week2,Country Club Hills,Week3,323.0 Wakefield Chapel - 79.0 Country Club Hills
Wakefield Chapel,Week4,Crosspointe,Week1,224.0 Wakefield Chapel - 178.0 Crosspointe
Wakefield Chapel,Week3,Pleasant Valley,Week2,373.0 Wakefield Chapel - 29.0 Pleasant Valley
Wakefield Chapel,Week5,Dominion Hills,Week1,325.5 Wakefield Chapel - 76.5 Dominion Hills
Walden Glen,Week5,Hiddenbrook,Week4,224.0 Walden Glen - 178.0 Hiddenbrook
Wakefield Chapel,Week3,Country Club Hills,Week2,332.5 Wakefield Chapel - 69.5 Country Club Hills
Wakefield Chapel,Week3,Dominion Hills,Week1,327.0 Wakefield Chapel - 75.0 Dominion Hills
Walden Glen,Week2,Village West,Week4,229.0 Walden Glen - 167.0 Village West
Wakefield Chapel,Week1,Donaldson Run,Week3,220.0 Wakefield Chapel - 182.0 Donaldson Run
Walden Glen,Week5,Commonwealth,Week2,236.0 Walden Glen - 165.0 Commonwealth
Wakefield Chapel,Week2,Pleasant Valley,Week5,358.0 Wakefield Chapel - 44.0 Pleasant Valley
Walden Glen,Week5,Commonwealth,Week1,258.0 Walden Glen - 143.0 Commonwealth
Wakefield Chapel,Week4,Crosspointe,Week4,238.0 Wakefield Chapel - 164.0 Crosspointe
Wakefield Chapel,Week1,Virginia Hills,Week2,381.0 Wakefield Chapel - 21.0 Virginia Hills
Walden Glen,Week1,Village West,Week3,214.0 Village West - 187.0 Walden Glen
Wakefield Chapel,Week5,Dominion Hills,Week5,296.0 Wakefield Chapel - 106.0 Dominion Hills
Wakefield Chapel,Week1,Virginia Hills,Week4,388.0 Wakefield Chapel - 14.0 Virginia Hills
Wakefield Chapel,Week1,Virginia Hills,Week3,382.0 Wakefield Chapel - 20.0 Virginia Hills
Wakefield Chapel,Week5,Pinewood Lake,Week3,390.0 Wakefield Chapel - 11.0 Pinewood Lake
Walden Glen,Week1,High Point Pool,Week4,273.0 High Point Pool - 129.0 Walden Glen
Walden Glen,Week4,Villa Aquatic,Week4,233.0 Villa Aquatic - 169.0 Walden Glen
Walden Glen,Week2,Cottontail,Week2,207.0 Cottontail - 195.0 Walden Glen
Walden Glen,Week5,Hiddenbrook,Week1,228.0 Walden Glen - 173.0 Hiddenbrook
Walden Glen,Week2,Village West,Week5,218.0 Walden Glen - 184.0 Village West
Wakefield Chapel,Week4,Village West,Week1,327.0 Wakefield Chapel - 75.0 Village West
Wakefield Chapel,Week2,Pleasant Valley,Week2,373.0 Wakefield Chapel - 28.0 Pleasant Valley
Walden Glen,Week3,Village West,Week2,243.0 Walden Glen - 159.0 Village West
Wakefield Chapel,Week1,Donaldson Run,Week4,225.0 Wakefield Chapel - 177.0 Donaldson Run
Wakefield Chapel,Week1,Pleasant Valley,Week5,357.0 Wakefield Chapel - 45.0 Pleasant Valley
Walden Glen,Week3,Village West,Week1,246.0 Walden Glen - 155.0 Village West
Walden Glen,Week3,Cottontail,Week2,218.0 Cottontail - 184.0 Walden Glen
Walden Glen,Week1,Cottontail,Week4,235.0 Cottontail - 167.0 Walden Glen
Wakefield Chapel,Week4,Country Club Hills,Week1,310.0 Wakefield Chapel - 92.0 Country Club Hills
Wakefield Chapel,Week2,Virginia Hills,Week4,385.0 Wakefield Chapel - 17.0 Virginia Hills
Walden Glen,Week5,Hiddenbrook,Week5,219.0 Walden Glen - 183.0 Hiddenbrook
Wakefield Chapel,Week2,Donaldson Run,Week1,211.0 Donaldson Run - 191.0 Wakefield Chapel
Walden Glen,Week3,Villa Aquatic,Week5,256.0 Villa Aquatic - 146.0 Walden Glen
Wakefield Chapel,Week4,Dominion Hills,Week3,292.0 Wakefield Chapel - 110.0 Dominion Hills
Wakefield Chapel,Week5,Country Club Hills,Week3,338.0 Wakefield Chapel - 64.0 Country Club Hills
Wakefield Chapel,Week1,Poplar Heights,Week5,285.0 Wakefield Chapel - 117.0 Poplar Heights
Wakefield Chapel,Week2,Donaldson Run,Week2,210.0 Donaldson Run - 192.0 Wakefield Chapel
Wakefield Chapel,Week3,Pleasant Valley,Week4,368.5 Wakefield Chapel - 28.5 Pleasant Valley
Wakefield Chapel,Week2,Village West,Week3,313.0 Wakefield Chapel - 89.0 Village West
Wakefield Chapel,Week5,Country Club Hills,Week4,337.0 Wakefield Chapel - 65.0 Country Club Hills
Walden Glen,Week4,Cottontail,Week3,215.0 Walden Glen - 187.0 Cottontail
Wakefield Chapel,Week1,Crosspointe,Week2,249.0 Wakefield Chapel - 153.0 Crosspointe
Walden Glen,Week3,Villa Aquatic,Week3,257.0 Villa Aquatic - 145.0 Walden Glen
Walden Glen,Week4,Cottontail,Week5,202.0 Cottontail - 200.0 Walden Glen
Walden Glen,Week3,High Point Pool,Week4,268.0 High Point Pool - 134.0 Walden Glen
Wakefield Chapel,Week5,Village West,Week5,332.0 Wakefield Chapel - 70.0 Village West
Wakefield Chapel,Week5,Village West,Week2,341.0 Wakefield Chapel - 61.0 Village West
Wakefield Chapel,Week2,Virginia Hills,Week2,388.0 Wakefield Chapel - 14.0 Virginia Hills
Walden Glen,Week5,Villa Aquatic,Week5,226.0 Villa Aquatic - 176.0 Walden Glen
Wakefield Chapel,Week5,Pleasant Valley,Week1,374.0 Wakefield Chapel - 28.0 Pleasant Valley
Walden Glen,Week3,High Point Pool,Week3,272.0 High Point Pool - 130.0 Walden Glen
Wakefield Chapel,Week3,Virginia Hills,Week3,385.0 Wakefield Chapel - 17.0 Virginia Hills
Wakefield Chapel,Week2,Virginia Hills,Week5,375.0 Wakefield Chapel - 27.0 Virginia Hills
Wakefield Chapel,Week4,Crosspointe,Week2,239.0 Wakefield Chapel - 163.0 Crosspointe
Wakefield Chapel,Week1,Crosspointe,Week1,238.0 Wakefield Chapel - 164.0 Crosspointe
Wakefield Chapel,Week3,Poplar Heights,Week1,300.0 Wakefield Chapel - 102.0 Poplar Heights
Wakefield Chapel,Week1,Donaldson Run,Week5,206.5 Donaldson Run - 195.5 Wakefield Chapel
Walden Glen,Week4,High Point Pool,Week5,243.0 High Point Pool - 159.0 Walden Glen
Walden Glen,Week3,Cottontail,Week5,238.0 Cottontail - 164.0 Walden Glen
Walden Glen,Week5,High Point Pool,Week3,243.0 High Point Pool - 159.0 Walden Glen
Wakefield Chapel,Week3,Virginia Hills,Week2,387.0 Wakefield Chapel - 15.0 Virginia Hills
Walden Glen,Week5,Commonwealth,Week3,239.0 Walden Glen - 163.0 Commonwealth
Wakefield Chapel,Week3,Poplar Heights,Week4,298.0 Wakefield Chapel - 104.0 Poplar Heights
Walden Glen,Week3,Cottontail,Week4,226.0 Cottontail - 176.0 Walden Glen
Walden Glen,Week1,Highland Park,Week3,256.0 Highland Park - 146.0 Walden Glen
Wakefield Chapel,Week3,Poplar Heights,Week3,291.0 Wakefield Chapel - 111.0 Poplar Heights
Walden Glen,Week3,Cottontail,Week3,208.0 Cottontail - 194.0 Walden Glen
Walden Glen,Week2,Village West,Week1,231.0 Walden Glen - 167.0 Village West
Wakefield Chapel,Week3,Dominion Hills,Week5,272.5 Wakefield Chapel - 129.5 Dominion Hills
Walden Glen,Week1,Highland Park,Week5,276.0 Highland Park - 126.0 Walden Glen
Wakefield Chapel,Week3,Country Club Hills,Week5,322.0 Wakefield Chapel - 80.0 Country Club Hills
Wakefield Chapel,Week4,Country Club Hills,Week4,308.0 Wakefield Chapel - 94.0 Country Club Hills
Walden Glen,Week4,Villa Aquatic,Week1,208.0 Villa Aquatic - 194.0 Walden Glen
Wakefield Chapel,Week2,Donaldson Run,Week3,202.0 Wakefield Chapel - 200.0 Donaldson Run
Walden Glen,Week2,Village West,Week2,222.0 Walden Glen - 180.0 Village West
Walden Glen,Week3,Cottontail,Week1,234.0 Cottontail - 168.0 Walden Glen
Wakefield Chapel,Week4,Dominion Hills,Week4,272.0 Wakefield Chapel - 130.0 Dominion Hills
Wakefield Chapel,Week4,Country Club Hills,Week2,313.0 Wakefield Chapel - 89.0 Country Club Hills
Walden Glen,Week4,High Point Pool,Week3,247.0 High Point Pool - 155.0 Walden Glen
Walden Glen,Week4,High Point Pool,Week2,260.0 High Point Pool - 142.0 Walden Glen
Walden Glen,Week3,Villa Aquatic,Week1,224.0 Villa Aquatic - 178.0 Walden Glen
Walden Glen,Week5,Commonwealth,Week5,228.0 Walden Glen - 174.0 Commonwealth
Wakefield Chapel,Week1,Poplar Heights,Week3,295.0 Wakefield Chapel - 107.0 Poplar Heights
Walden Glen,Week2,Cottontail,Week4,204.0 Cottontail - 198.0 Walden Glen
Wakefield Chapel,Week4,Pleasant Valley,Week2,359.0 Wakefield Chapel - 43.0 Pleasant Valley
Wakefield Chapel,Week1,Virginia Run,Week4,296.0 Wakefield Chapel - 106.0 Virginia Run
Wakefield Chapel,Week2,Poplar Heights,Week2,279.0 Wakefield Chapel - 123.0 Poplar Heights
Wakefield Chapel,Week2,Donaldson Run,Week4,205.0 Wakefield Chapel - 197.0 Donaldson Run
Wakefield Chapel,Week3,Crosspointe,Week4,246.0 Wakefield Chapel - 156.0 Crosspointe
Walden Glen,Week2,High Point Pool,Week5,245.0 High Point Pool - 157.0 Walden Glen
Wakefield Chapel,Week4,Dominion Hills,Week2,296.0 Wakefield Chapel - 106.0 Dominion Hills
Walden Glen,Week3,Villa Aquatic,Week2,221.0 Villa Aquatic - 181.0 Walden Glen
Wakefield Chapel,Week4,Virginia Hills,Week5,377.0 Wakefield Chapel - 25.0 Virginia Hills
Wakefield Chapel,Week1,Poplar Heights,Week1,293.0 Wakefield Chapel - 109.0 Poplar Heights
Wakefield Chapel,Week1,Donaldson Run,Week2,214.0 Wakefield Chapel - 188.0 Donaldson Run
Wakefield Chapel,Week3,Virginia Run,Week2,297.5 Wakefield Chapel - 104.5 Virginia Run
Wakefield Chapel,Week3,Donaldson Run,Week1,220.0 Wakefield Chapel - 182.0 Donaldson Run
Walden Glen,Week3,High Point Pool,Week2,279.0 High Point Pool - 123.0 Walden Glen
Walden Glen,Week4,Villa Aquatic,Week5,246.0 Villa Aquatic - 156.0 Walden Glen
Walden Glen,Week4,Villa Aquatic,Week3,250.0 Villa Aquatic - 152.0 Walden Glen
Walden Glen,Week4,Cottontail,Week2,214.0 Walden Glen - 188.0 Cottontail
Wakefield Chapel,Week2,Crosspointe,Week5,208.0 Crosspointe - 194.0 Wakefield Chapel
Wakefield Chapel,Week2,Country Club Hills,Week2,331.0 Wakefield Chapel - 71.0 Country Club Hills
Wakefield Chapel,Week2,Donaldson Run,Week5,230.5 Donaldson Run - 171.5 Wakefield Chapel
Wakefield Chapel,Week2,Crosspointe,Week3,235.0 Wakefield Chapel - 167.0 Crosspointe
Walden Glen,Week4,High Point Pool,Week4,237.0 High Point Pool - 165.0 Walden Glen
Walden Glen,Week4,Cottontail,Week1,211.5 Walden Glen - 190.5 Cottontail
Walden Glen,Week1,Cottontail,Week2,217.0 Cottontail - 185.0 Walden Glen
Wakefield Chapel,Week3,Virginia Run,Week4,294.0 Wakefield Chapel - 108.0 Virginia Run
Wakefield Chapel,Week3,Poplar Heights,Week5,282.0 Wakefield Chapel - 120.0 Poplar Heights
Walden Glen,Week5,High Point Pool,Week1,232.0 High Point Pool - 170.0 Walden Glen
Wakefield Chapel,Week2,Poplar Heights,Week1,291.0 Wakefield Chapel - 111.0 Poplar Heights
Wakefield Chapel,Week5,Dominion Hills,Week4,303.0 Wakefield Chapel - 99.0 Dominion Hills
Wakefield Chapel,Week4,Virginia Hills,Week1,380.0 Wakefield Chapel - 22.0 Virginia Hills
Wakefield Chapel,Week5,Dominion Hills,Week3,329.0 Wakefield Chapel - 73.0 Dominion Hills
Wakefield Chapel,Week4,Country Club Hills,Week5,296.0 Wakefield Chapel - 106.0 Country Club Hills
Wakefield Chapel,Week1,Virginia Run,Week2,303.0 Wakefield Chapel - 99.0 Virginia Run
Wakefield Chapel,Week3,Virginia Run,Week5,275.0 Wakefield Chapel - 127.0 Virginia Run
Wakefield Chapel,Week2,Country Club Hills,Week5,309.0 Wakefield Chapel - 93.0 Country Club Hills
Wakefield Chapel,Week4,Pleasant Valley,Week3,354.0 Wakefield Chapel - 48.0 Pleasant Valley
Walden Glen,Week3,Villa Aquatic,Week4,244.0 Villa Aquatic - 158.0 Walden Glen
Walden Glen,Week2,High Point Pool,Week3,251.0 High Point Pool - 151.0 Walden Glen
Walden Glen,Week5,Villa Aquatic,Week1,208.0 Walden Glen - 194.0 Villa Aquatic
Walden Glen,Week5,Cottontail,Week4,210.5 Walden Glen - 191.5 Cottontail
Wakefield Chapel,Week5,Pleasant Valley,Week3,370.0 Wakefield Chapel - 32.0 Pleasant Valley
Walden Glen,Week2,Villa Aquatic,Week5,262.0 Villa Aquatic - 140.0 Walden Glen
Walden Glen,Week2,Villa Aquatic,Week4,251.0 Villa Aquatic - 151.0 Walden Glen
Walden Glen,Week5,Cottontail,Week2,223.0 Walden Glen - 179.0 Cottontail
Wakefield Chapel,Week2,Virginia Run,Week5,283.0 Wakefield Chapel - 119.0 Virginia Run
Walden Glen,Week5,High Point Pool,Week4,236.0 High Point Pool - 166.0 Walden Glen
Wakefield Chapel,Week2,Crosspointe,Week1,212.0 Wakefield Chapel - 190.0 Crosspointe
Walden Glen,Week5,Cottontail,Week5,215.0 Walden Glen - 187.0 Cottontail
Walden Glen,Week1,Highland Park,Week2,275.0 Highland Park - 127.0 Walden Glen
Walden Glen,Week2,Highland Park,Week1,255.0 Highland Park - 147.0 Walden Glen
Wakefield Chapel,Week3,Crosspointe,Week1,239.0 Wakefield Chapel - 163.0 Crosspointe
Wakefield Chapel,Week1,Crosspointe,Week5,203.0 Wakefield Chapel - 199.0 Crosspointe
Wakefield Chapel,Week4,Poplar Heights,Week3,271.0 Wakefield Chapel - 131.0 Poplar Heights
Wakefield Chapel,Week2,Virginia Run,Week1,289.0 Wakefield Chapel - 113.0 Virginia Run
Wakefield Chapel,Week4,Poplar Heights,Week1,283.5 Wakefield Chapel - 118.5 Poplar Heights
Wakefield Chapel,Week3,Pleasant Valley,Week5,355.0 Wakefield Chapel - 42.0 Pleasant Valley
Walden Glen,Week4,Country Club Hills,Week4,213.0 Walden Glen - 189.0 Country Club Hills
Walden Glen,Week5,Villa Aquatic,Week3,234.5 Villa Aquatic - 167.5 Walden Glen
Walden Glen,Week3,Country Club Hills,Week2,224.5 Country Club Hills - 177.5 Walden Glen
Walden Glen,Week2,Village West,Week3,214.0 Walden Glen - 187.0 Village West
Wakefield Chapel,Week5,Country Club Hills,Week5,328.0 Wakefield Chapel - 74.0 Country Club Hills
Wakefield Chapel,Week2,Crosspointe,Week2,253.0 Wakefield Chapel - 149.0 Crosspointe
Wakefield Chapel,Week3,Crosspointe,Week3,231.0 Wakefield Chapel - 166.0 Crosspointe
Walden Glen,Week1,Village West,Week5,211.0 Village West - 190.0 Walden Glen
Wakefield Chapel,Week4,Poplar Heights,Week2,276.0 Wakefield Chapel - 126.0 Poplar Heights
Wakefield Chapel,Week5,Virginia Hills,Week5,386.0 Wakefield Chapel - 16.0 Virginia Hills
Walden Glen,Week5,Cottontail,Week3,238.0 Walden Glen - 164.0 Cottontail
Wakefield Chapel,Week4,Virginia Run,Week2,273.0 Wakefield Chapel - 129.0 Virginia Run
Walden Glen,Week3,Highland Park,Week4,272.0 Highland Park - 130.0 Walden Glen
Walden Glen,Week2,Highland Park,Week2,243.0 Highland Park - 159.0 Walden Glen
Wakefield Chapel,Week4,Virginia Hills,Week2,387.0 Wakefield Chapel - 15.0 Virginia Hills
Walden Glen,Week2,High Point Pool,Week1,250.0 High Point Pool - 152.0 Walden Glen
Walden Glen,Week2,Highland Park,Week3,232.0 Highland Park - 170.0 Walden Glen
Walden Glen,Week5,Cottontail,Week1,225.5 Walden Glen - 176.5 Cottontail
Walden Glen,Week5,Country Club Hills,Week4,221.0 Walden Glen - 181.0 Country Club Hills
Walden Glen,Week1,Village West,Week4,209.0 Village West - 187.0 Walden Glen
Walden Glen,Week3,Highland Park,Week3,243.0 Highland Park - 159.0 Walden Glen
Wakefield Chapel,Week3,Pleasant Valley,Week3,362.0 Wakefield Chapel - 40.0 Pleasant Valley
Wakefield Chapel,Week4,Pleasant Valley,Week5,350.0 Wakefield Chapel - 52.0 Pleasant Valley
Wakefield Chapel,Week1,Crosspointe,Week4,243.0 Wakefield Chapel - 159.0 Crosspointe
Walden Glen,Week1,Country Club Hills,Week1,244.0 Country Club Hills - 158.0 Walden Glen
Walden Glen,Week2,Highland Park,Week5,254.0 Highland Park - 148.0 Walden Glen
Wakefield Chapel,Week5,Pleasant Valley,Week2,375.5 Wakefield Chapel - 26.5 Pleasant Valley
Wakefield Chapel,Week4,Virginia Run,Week1,266.5 Wakefield Chapel - 135.5 Virginia Run
Wakefield Chapel,Week2,Crosspointe,Week4,230.0 Wakefield Chapel - 172.0 Crosspointe
Wakefield Chapel,Week1,Virginia Run,Week5,286.5 Wakefield Chapel - 115.5 Virginia Run
Walden Glen,Week2,Cottontail,Week3,204.0 Walden Glen - 197.0 Cottontail
Wakefield Chapel,Week5,Virginia Hills,Week2,392.0 Wakefield Chapel - 10.0 Virginia Hills
Wakefield Chapel,Week5,Pleasant Valley,Week4,378.0 Wakefield Chapel - 24.0 Pleasant Valley
Walden Glen,Week2,Villa Aquatic,Week3,272.0 Villa Aquatic - 130.0 Walden Glen
Walden Glen,Week3,Village West,Week5,227.0 Walden Glen - 175.0 Village West
Walden Glen,Week4,Villa Aquatic,Week2,215.0 Villa Aquatic - 187.0 Walden Glen
Walden Glen,Week1,Village West,Week1,203.0 Walden Glen - 199.0 Village West
Walden Glen,Week1,Crosspointe,Week2,312.0 Crosspointe - 90.0 Walden Glen
Wakefield Chapel,Week4,Virginia Hills,Week4,384.5 Wakefield Chapel - 17.5 Virginia Hills
Wakefield Chapel,Week1,Poplar Heights,Week2,279.5 Wakefield Chapel - 122.5 Poplar Heights
Walden Glen,Week2,Virginia Hills,Week1,297.0 Walden Glen - 104.0 Virginia Hills
Wakefield Chapel,Week3,Crosspointe,Week5,216.0 Wakefield Chapel - 186.0 Crosspointe
Walden Glen,Week1,Crosspointe,Week5,345.0 Crosspointe - 57.0 Walden Glen
Wakefield Chapel,Week4,Pleasant Valley,Week4,360.0 Wakefield Chapel - 42.0 Pleasant Valley
Wakefield Chapel,Week4,Virginia Run,Week3,279.0 Wakefield Chapel - 123.0 Virginia Run
Walden Glen,Week5,Village West,Week4,240.0 Walden Glen - 156.0 Village West
Walden Glen,Week1,Highland Park,Week1,286.0 Highland Park - 116.0 Walden Glen
Walden Glen,Week3,High Point Pool,Week5,260.0 High Point Pool - 142.0 Walden Glen
Walden Glen,Week2,Crosspointe,Week2,288.0 Crosspointe - 113.0 Walden Glen
Wakefield Chapel,Week1,Crosspointe,Week3,248.0 Wakefield Chapel - 154.0 Crosspointe
Walden Glen,Week2,High Point Pool,Week2,269.0 High Point Pool - 132.0 Walden Glen
Wakefield Chapel,Week3,Crosspointe,Week2,259.0 Wakefield Chapel - 143.0 Crosspointe
Wakefield Chapel,Week4,Virginia Run,Week4,279.0 Wakefield Chapel - 123.0 Virginia Run
Walden Glen,Week1,Virginia Hills,Week1,294.0 Walden Glen - 108.0 Virginia Hills
Walden Glen,Week4,Village West,Week1,242.0 Walden Glen - 158.0 Village West
Wakefield Chapel,Week1,Poplar Heights,Week4,287.0 Wakefield Chapel - 115.0 Poplar Heights
Wakefield Chapel,Week2,Poplar Heights,Week4,284.0 Wakefield Chapel - 118.0 Poplar Heights
Walden Glen,Week5,High Point Pool,Week2,244.0 High Point Pool - 158.0 Walden Glen
Wakefield Chapel,Week4,Crosspointe,Week3,231.0 Wakefield Chapel - 171.0 Crosspointe
Walden Glen,Week5,Country Club Hills,Week3,213.0 Walden Glen - 189.0 Country Club Hills
Wakefield Chapel,Week2,Poplar Heights,Week3,280.0 Wakefield Chapel - 122.0 Poplar Heights
Wakefield Chapel,Week5,Crosspointe,Week1,238.0 Wakefield Chapel - 164.0 Crosspointe
Wakefield Chapel,Week1,Daventry,Week1,356.0 Wakefield Chapel - 46.0 Daventry
Walden Glen,Week2,High Point Pool,Week4,252.0 High Point Pool - 150.0 Walden Glen
Wakefield Chapel,Week5,Virginia Hills,Week3,390.0 Wakefield Chapel - 12.0 Virginia Hills
Wakefield Chapel,Week5,Pleasant Valley,Week5,373.0 Wakefield Chapel - 29.0 Pleasant Valley
Wakefield Chapel,Week5,Crosspointe,Week2,254.0 Wakefield Chapel - 148.0 Crosspointe
Wakefield Chapel,Week2,Virginia Run,Week2,290.0 Wakefield Chapel - 112.0 Virginia Run
Wakefield Chapel,Week4,Virginia Hills,Week3,380.0 Wakefield Chapel - 22.0 Virginia Hills
Walden Glen,Week2,Crosspointe,Week5,326.0 Crosspointe - 75.0 Walden Glen
Walden Glen,Week4,Country Club Hills,Week5,218.0 Country Club Hills - 184.0 Walden Glen
Walden Glen,Week4,Village West,Week4,226.0 Walden Glen - 170.0 Village West
Wakefield Chapel,Week4,Virginia Run,Week5,263.0 Wakefield Chapel - 139.0 Virginia Run
Wakefield Chapel,Week5,Crosspointe,Week3,247.0 Wakefield Chapel - 155.0 Crosspointe
Walden Glen,Week1,Virginia Hills,Week5,252.5 Walden Glen - 148.5 Virginia Hills
Walden Glen,Week3,Country Club Hills,Week1,235.0 Country Club Hills - 167.0 Walden Glen
Walden Glen,Week4,Village West,Week5,230.0 Walden Glen - 166.0 Village West
Walden Glen,Week1,Highland Park,Week4,281.0 Highland Park - 121.0 Walden Glen
Walden Glen,Week4,High Point Pool,Week1,248.0 High Point Pool - 154.0 Walden Glen
Wakefield Chapel,Week4,Pleasant Valley,Week1,360.0 Wakefield Chapel - 42.0 Pleasant Valley
Wakefield Chapel,Week1,Virginia Run,Week1,290.0 Wakefield Chapel - 112.0 Virginia Run
Wakefield Chapel,Week5,Crosspointe,Week4,250.0 Wakefield Chapel - 152.0 Crosspointe
Walden Glen,Week5,Village West,Week3,242.0 Walden Glen - 160.0 Village West
Wakefield Chapel,Week2,Poplar Heights,Week5,262.0 Wakefield Chapel - 140.0 Poplar Heights
Walden Glen,Week5,Country Club Hills,Week5,215.0 Country Club Hills - 187.0 Walden Glen
Walden Glen,Week5,High Point Pool,Week5,240.0 High Point Pool - 162.0 Walden Glen
Walden Glen,Week2,Country Club Hills,Week4,221.0 Country Club Hills - 181.0 Walden Glen
Walden Glen,Week3,High Point Pool,Week1,263.0 High Point Pool - 139.0 Walden Glen
Wakefield Chapel,Week5,Virginia Hills,Week1,388.0 Wakefield Chapel - 14.0 Virginia Hills
Wakefield Chapel,Week2,Daventry,Week1,357.0 Wakefield Chapel - 45.0 Daventry
Walden Glen,Week3,Country Club Hills,Week4,213.0 Country Club Hills - 189.0 Walden Glen
Walden Glen,Week3,Highland Park,Week5,257.0 Highland Park - 145.0 Walden Glen
Wakefield Chapel,Week2,Virginia Run,Week3,295.0 Wakefield Chapel - 107.0 Virginia Run
Walden Glen,Week2,Virginia Hills,Week5,294.0 Walden Glen - 107.0 Virginia Hills
Wakefield Chapel,Week3,Poplar Heights,Week2,285.0 Wakefield Chapel - 117.0 Poplar Heights
Walden Glen,Week1,Country Club Hills,Week2,236.0 Country Club Hills - 166.0 Walden Glen
Wakefield Chapel,Week2,Poplar Tree,Week4,269.0 Wakefield Chapel - 133.0 Poplar Tree
Walden Glen,Week5,Village West,Week1,259.0 Walden Glen - 141.0 Village West
Wakefield Chapel,Week1,Daventry,Week3,359.0 Wakefield Chapel - 43.0 Daventry
Wakefield Chapel,Week2,Poplar Tree,Week3,237.0 Wakefield Chapel - 165.0 Poplar Tree
Walden Glen,Week1,Crosspointe,Week3,318.0 Crosspointe - 84.0 Walden Glen
Wakefield Chapel,Week3,Virginia Hills,Week5,382.0 Wakefield Chapel - 20.0 Virginia Hills
Wakefield Chapel,Week2,Virginia Run,Week4,285.0 Wakefield Chapel - 117.0 Virginia Run
Wakefield Chapel,Week2,Wakefield Chapel,Week3,231.0 Wakefield Chapel (WC2) - 171.0 Wakefield Chapel (WC1)
Walden Glen,Week4,Country Club Hills,Week1,205.0 Country Club Hills - 197.0 Walden Glen
Wakefield Chapel,Week4,Crosspointe,Week5,206.0 Wakefield Chapel - 196.0 Crosspointe
Wakefield Chapel,Week5,Virginia Hills,Week4,388.0 Wakefield Chapel - 14.0 Virginia Hills
Walden Glen,Week3,Highland Park,Week2,248.0 Highland Park - 154.0 Walden Glen
Walden Glen,Week3,Highland Park,Week1,266.0 Highland Park - 136.0 Walden Glen
Walden Glen,Week3,Virginia Hills,Week4,313.0 Walden Glen - 89.0 Virginia Hills
Walden Glen,Week3,Village West,Week4,233.0 Walden Glen - 164.0 Village West
Walden Glen,Week5,Virginia Hills,Week1,331.0 Walden Glen - 70.0 Virginia Hills
Wakefield Chapel,Week5,Poplar Heights,Week1,296.0 Wakefield Chapel - 106.0 Poplar Heights
Walden Glen,Week4,Highlands Swim,Week2,311.0 Highlands Swim - 91.0 Walden Glen
Walden Glen,Week1,Country Club Hills,Week3,243.0 Country Club Hills - 158.0 Walden Glen
Walden Glen,Week5,Virginia Hills,Week3,330.0 Walden Glen - 72.0 Virginia Hills
Walden Glen,Week1,Country Club Hills,Week4,248.0 Country Club Hills - 154.0 Walden Glen
Wakefield Chapel,Week5,Crosspointe,Week5,220.0 Wakefield Chapel - 182.0 Crosspointe
Walden Glen,Week2,Highland Park,Week4,258.0 Highland Park - 144.0 Walden Glen
Wakefield Chapel,Week1,Daventry,Week4,364.0 Wakefield Chapel - 38.0 Daventry
Wakefield Chapel,Week5,Poplar Tree,Week1,270.0 Wakefield Chapel - 132.0 Poplar Tree
Wakefield Chapel,Week1,Virginia Run,Week3,301.0 Wakefield Chapel - 101.0 Virginia Run
Walden Glen,Week1,Highlands Swim,Week1,342.0 Highlands Swim - 60.0 Walden Glen
Walden Glen,Week1,Virginia Run,Week3,287.0 Virginia Run - 115.0 Walden Glen
Wakefield Chapel,Week2,Daventry,Week3,355.0 Wakefield Chapel - 47.0 Daventry
Wakefield Chapel,Week1,Daventry,Week5,351.0 Wakefield Chapel - 51.0 Daventry
Walden Glen,Week4,Highlands Swim,Week4,308.0 Highlands Swim - 94.0 Walden Glen
Walden Glen,Week3,Virginia Hills,Week2,315.0 Walden Glen - 85.0 Virginia Hills
Wakefield Chapel,Week3,Poplar Tree,Week5,248.0 Wakefield Chapel - 154.0 Poplar Tree
Walden Glen,Week1,Country Club Hills,Week5,269.0 Country Club Hills - 133.0 Walden Glen
Walden Glen,Week5,Highland Park,Week5,220.0 Highland Park - 182.0 Walden Glen
Wakefield Chapel,Week3,Virginia Run,Week3,286.0 Wakefield Chapel - 116.0 Virginia Run
Wakefield Chapel,Week4,Poplar Tree,Week3,236.0 Wakefield Chapel - 166.0 Poplar Tree
Wakefield Chapel,Week5,Poplar Tree,Week2,287.0 Wakefield Chapel - 115.0 Poplar Tree
Wakefield Chapel,Week2,Daventry,Week2,350.0 Wakefield Chapel - 51.0 Daventry
Wakefield Chapel,Week3,Virginia Run,Week1,295.0 Wakefield Chapel - 107.0 Virginia Run
Walden Glen,Week4,Country Club Hills,Week3,215.0 Walden Glen - 187.0 Country Club Hills
Walden Glen,Week2,Virginia Run,Week2,258.0 Virginia Run - 144.0 Walden Glen
Walden Glen,Week4,Country Club Hills,Week2,207.0 Walden Glen - 195.0 Country Club Hills
Wakefield Chapel,Week2,Wakefield Chapel,Week2,201.0 Wakefield Chapel (WC1) - 201.0 Wakefield Chapel (WC2)
Wakefield Chapel,Week1,Ravensworth Farm,Week1,290.0 Wakefield Chapel - 112.0 Ravensworth Farm
Wakefield Chapel,Week5,Wakefield Chapel,Week1,211.0 Wakefield Chapel (WC1) - 191.0 Wakefield Chapel (WC2)
Wakefield Chapel,Week2,Daventry,Week4,366.0 Wakefield Chapel - 36.0 Daventry
Walden Glen,Week4,Virginia Hills,Week5,293.0 Walden Glen - 109.0 Virginia Hills
Walden Glen,Week1,Virginia Hills,Week4,286.0 Walden Glen - 115.0 Virginia Hills
Walden Glen,Week1,Highlands Swim,Week4,331.0 Highlands Swim - 71.0 Walden Glen
Wakefield Chapel,Week5,Poplar Heights,Week2,285.0 Wakefield Chapel - 117.0 Poplar Heights
Wakefield Chapel,Week4,Wakefield Chapel,Week5,243.5 Wakefield Chapel (WC2) - 158.5 Wakefield Chapel (WC1)
Wakefield Chapel,Week1,Poplar Tree,Week2,265.0 Wakefield Chapel - 137.0 Poplar Tree
Walden Glen,Week1,Highlands Swim,Week3,334.0 Highlands Swim - 68.0 Walden Glen
Walden Glen,Week3,Country Club Hills,Week3,223.0 Country Club Hills - 179.0 Walden Glen
Wakefield Chapel,Week1,Daventry,Week2,359.0 Wakefield Chapel - 43.0 Daventry
Walden Glen,Week2,Country Club Hills,Week1,232.0 Country Club Hills - 170.0 Walden Glen
Walden Glen,Week5,Country Club Hills,Week2,219.0 Walden Glen - 183.0 Country Club Hills
Wakefield Chapel,Week4,Poplar Heights,Week5,260.0 Wakefield Chapel - 142.0 Poplar Heights
Walden Glen,Week5,Highland Park,Week2,210.0 Highland Park - 192.0 Walden Glen
Walden Glen,Week5,Highland Park,Week3,211.0 Highland Park - 191.0 Walden Glen
Walden Glen,Week2,Country Club Hills,Week5,249.0 Country Club Hills - 152.0 Walden Glen
Wakefield Chapel,Week5,Poplar Heights,Week3,294.0 Wakefield Chapel - 108.0 Poplar Heights
Walden Glen,Week2,Country Club Hills,Week3,217.0 Country Club Hills - 185.0 Walden Glen
Wakefield Chapel,Week1,Cottontail,Week4,329.0 Wakefield Chapel - 73.0 Cottontail
Walden Glen,Week1,Virginia Hills,Week2,288.0 Walden Glen - 113.0 Virginia Hills
Walden Glen,Week5,Virginia Hills,Week4,339.0 Walden Glen - 62.0 Virginia Hills
Wakefield Chapel,Week2,Wakefield Chapel,Week5,237.0 Wakefield Chapel (WC2) - 165.0 Wakefield Chapel (WC1)
Wakefield Chapel,Week4,Commonwealth,Week2,300.0 Wakefield Chapel - 102.0 Commonwealth
Walden Glen,Week4,Village West,Week3,221.0 Walden Glen - 181.0 Village West
Wakefield Chapel,Week2,Poplar Tree,Week2,263.0 Wakefield Chapel - 139.0 Poplar Tree
Wakefield Chapel,Week1,Wakefield Chapel,Week1,198.5 Wakefield Chapel (WC1) - 198.5 Wakefield Chapel (WC2)
Walden Glen,Week1,Virginia Hills,Week3,283.0 Walden Glen - 119.0 Virginia Hills
Walden Glen,Week4,Highland Park,Week3,214.0 Highland Park - 188.0 Walden Glen
Wakefield Chapel,Week1,Poplar Tree,Week1,255.0 Wakefield Chapel - 147.0 Poplar Tree
Walden Glen,Week2,Country Club Hills,Week2,215.0 Country Club Hills - 186.0 Walden Glen
Walden Glen,Week5,Highland Park,Week4,214.0 Highland Park - 188.0 Walden Glen
Wakefield Chapel,Week1,Commonwealth,Week5,321.0 Wakefield Chapel - 81.0 Commonwealth
Wakefield Chapel,Week2,Commonwealth,Week4,333.0 Wakefield Chapel - 69.0 Commonwealth
Wakefield Chapel,Week4,Wakefield Chapel,Week2,207.0 Wakefield Chapel (WC2) - 195.0 Wakefield Chapel (WC1)
Walden Glen,Week2,Highlands Swim,Week2,323.0 Highlands Swim - 79.0 Walden Glen
Walden Glen,Week4,Highland Park,Week5,248.0 Highland Park - 154.0 Walden Glen
Wakefield Chapel,Week2,Poplar Tree,Week5,230.0 Wakefield Chapel - 172.0 Poplar Tree
Walden Glen,Week3,Country Club Hills,Week5,251.0 Country Club Hills - 151.0 Walden Glen
Walden Glen,Week5,Country Club Hills,Week1,204.0 Walden Glen - 198.0 Country Club Hills
Walden Glen,Week4,Village West,Week2,232.0 Walden Glen - 169.0 Village West
Wakefield Chapel,Week1,Poplar Tree,Week3,254.0 Wakefield Chapel - 148.0 Poplar Tree
Wakefield Chapel,Week5,Virginia Run,Week1,299.0 Wakefield Chapel - 103.0 Virginia Run
Wakefield Chapel,Week3,Commonwealth,Week5,316.0 Wakefield Chapel - 86.0 Commonwealth
Wakefield Chapel,Week3,Wakefield Chapel,Week4,225.0 Wakefield Chapel (WC1) - 177.0 Wakefield Chapel (WC2)
Wakefield Chapel,Week5,Wakefield Chapel,Week5,201.0 Wakefield Chapel (WC1) - 201.0 Wakefield Chapel (WC2)
Wakefield Chapel,Week3,Commonwealth,Week2,318.0 Wakefield Chapel - 84.0 Commonwealth
Walden Glen,Week3,Virginia Hills,Week3,313.5 Walden Glen - 88.5 Virginia Hills
Walden Glen,Week2,Virginia Hills,Week2,315.0 Walden Glen - 82.0 Virginia Hills
Wakefield Chapel,Week2,Wakefield Chapel,Week4,207.0 Wakefield Chapel (WC1) - 195.0 Wakefield Chapel (WC2)
Walden Glen,Week4,Highland Park,Week2,228.0 Highland Park - 174.0 Walden Glen
Wakefield Chapel,Week2,Wakefield Chapel,Week1,248.5 Wakefield Chapel (WC2) - 153.5 Wakefield Chapel (WC1)
Walden Glen,Week1,Crosspointe,Week4,322.0 Crosspointe - 80.0 Walden Glen
Walden Glen,Week3,Highlands Swim,Week4,326.5 Highlands Swim - 75.5 Walden Glen
Walden Glen,Week4,Highland Park,Week1,244.0 Highland Park - 158.0 Walden Glen
Wakefield Chapel,Week5,Virginia Run,Week5,280.0 Wakefield Chapel - 122.0 Virginia Run
Walden Glen,Week2,Highlands Swim,Week4,312.0 Highlands Swim - 90.0 Walden Glen
Wakefield Chapel,Week1,Wakefield Chapel,Week3,215.0 Wakefield Chapel (WC1) - 187.0 Wakefield Chapel (WC2)
Walden Glen,Week2,Crosspointe,Week3,301.0 Crosspointe - 100.0 Walden Glen
Walden Glen,Week2,Crosspointe,Week4,302.0 Crosspointe - 100.0 Walden Glen
Wakefield Chapel,Week3,Poplar Tree,Week3,266.0 Wakefield Chapel - 136.0 Poplar Tree
Wakefield Chapel,Week1,Wakefield Chapel,Week2,248.5 Wakefield Chapel (WC1) - 153.5 Wakefield Chapel (WC2)
Walden Glen,Week3,Village West,Week3,222.0 Walden Glen - 180.0 Village West
Wakefield Chapel,Week3,Poplar Tree,Week1,264.0 Wakefield Chapel - 138.0 Poplar Tree
Wakefield Chapel,Week3,Wakefield Chapel,Week3,198.5 Wakefield Chapel (WC1) - 198.5 Wakefield Chapel (WC2)
Wakefield Chapel,Week3,Cottontail,Week5,314.0 Wakefield Chapel - 88.0 Cottontail
Wakefield Chapel,Week1,Poplar Tree,Week5,241.0 Wakefield Chapel - 161.0 Poplar Tree
Wakefield Chapel,Week2,Poplar Tree,Week1,248.0 Wakefield Chapel - 154.0 Poplar Tree
Wakefield Chapel,Week5,Commonwealth,Week3,346.0 Wakefield Chapel - 56.0 Commonwealth
Walden Glen,Week1,Highlands Swim,Week5,342.0 Highlands Swim - 60.0 Walden Glen
Wakefield Chapel,Week3,Poplar Tree,Week4,284.0 Wakefield Chapel - 118.0 Poplar Tree
Walden Glen,Week5,Highland Park,Week1,222.0 Highland Park - 180.0 Walden Glen
Wakefield Chapel,Week5,Commonwealth,Week5,324.0 Wakefield Chapel - 78.0 Commonwealth
Walden Glen,Week4,Highland Park,Week4,243.0 Highland Park - 159.0 Walden Glen
Wakefield Chapel,Week4,Poplar Tree,Week1,240.0 Wakefield Chapel - 162.0 Poplar Tree
Wakefield Chapel,Week3,Wakefield Chapel,Week2,231.0 Wakefield Chapel (WC1) - 171.0 Wakefield Chapel (WC2)
Wakefield Chapel,Week5,Virginia Run,Week2,304.0 Wakefield Chapel - 98.0 Virginia Run
Wakefield Chapel,Week2,Commonwealth,Week2,302.0 Wakefield Chapel - 100.0 Commonwealth
Wakefield Chapel,Week4,Poplar Heights,Week4,266.0 Wakefield Chapel - 136.0 Poplar Heights
Walden Glen,Week2,Virginia Hills,Week3,311.0 Walden Glen - 90.0 Virginia Hills
Walden Glen,Week5,Village West,Week2,258.0 Walden Glen - 143.0 Village West
Wakefield Chapel,Week4,Commonwealth,Week5,303.0 Wakefield Chapel - 99.0 Commonwealth
Walden Glen,Week1,Highlands Swim,Week2,347.0 Highlands Swim - 55.0 Walden Glen
Walden Glen,Week5,Village West,Week5,245.0 Walden Glen - 156.0 Village West
Walden Glen,Week4,Virginia Hills,Week1,313.0 Walden Glen - 88.0 Virginia Hills
Wakefield Chapel,Week1,Poplar Tree,Week4,269.5 Wakefield Chapel - 132.5 Poplar Tree
Wakefield Chapel,Week3,Cottontail,Week3,334.0 Wakefield Chapel - 68.0 Cottontail
Walden Glen,Week2,Crosspointe,Week1,311.0 Crosspointe - 91.0 Walden Glen
Wakefield Chapel,Week1,Cottontail,Week3,328.0 Wakefield Chapel - 74.0 Cottontail
Walden Glen,Week2,Virginia Hills,Week4,306.0 Walden Glen - 96.0 Virginia Hills
Walden Glen,Week1,Crosspointe,Week1,343.0 Crosspointe - 59.0 Walden Glen
Wakefield Chapel,Week2,Commonwealth,Week5,303.0 Wakefield Chapel - 99.0 Commonwealth
Walden Glen,Week2,Daventry,Week3,270.0 Walden Glen - 127.0 Daventry
Walden Glen,Week2,Daventry,Week5,250.0 Walden Glen - 146.0 Daventry
Walden Glen,Week3,Crosspointe,Week2,293.0 Crosspointe - 109.0 Walden Glen
Walden Glen,Week3,Virginia Hills,Week1,305.0 Walden Glen - 97.0 Virginia Hills
Walden Glen,Week2,Highlands Swim,Week3,306.0 Highlands Swim - 95.0 Walden Glen
Wakefield Chapel,Week3,Wakefield Chapel,Week5,232.5 Wakefield Chapel (WC2) - 169.5 Wakefield Chapel (WC1)
Wakefield Chapel,Week4,Poplar Tree,Week2,250.0 Wakefield Chapel - 152.0 Poplar Tree
Wakefield Chapel,Week2,Commonwealth,Week1,331.0 Wakefield Chapel - 71.0 Commonwealth
Walden Glen,Week4,Virginia Hills,Week3,320.0 Walden Glen - 82.0 Virginia Hills
Walden Glen,Week2,Highlands Swim,Week5,313.0 Highlands Swim - 89.0 Walden Glen
Wakefield Chapel,Week5,Poplar Heights,Week5,284.0 Wakefield Chapel - 118.0 Poplar Heights
Wakefield Chapel,Week3,Burke Station,Week4,346.0 Wakefield Chapel - 56.0 Burke Station
Walden Glen,Week1,Daventry,Week2,240.0 Walden Glen - 157.0 Daventry
Wakefield Chapel,Week4,Burke Station,Week2,348.0 Wakefield Chapel - 54.0 Burke Station
Wakefield Chapel,Week2,Commonwealth,Week3,316.0 Wakefield Chapel - 86.0 Commonwealth
Wakefield Chapel,Week4,Wakefield Chapel,Week3,225.0 Wakefield Chapel (WC2) - 177.0 Wakefield Chapel (WC1)
Walden Glen,Week2,Highlands Swim,Week1,309.0 Highlands Swim - 93.0 Walden Glen
Walden Glen,Week4,Virginia Hills,Week2,313.0 Walden Glen - 87.0 Virginia Hills
Walden Glen,Week3,Daventry,Week2,275.0 Walden Glen - 127.0 Daventry
Wakefield Chapel,Week5,Poplar Heights,Week4,305.0 Wakefield Chapel - 97.0 Poplar Heights
Wakefield Chapel,Week1,Burke Station,Week4,351.0 Wakefield Chapel - 51.0 Burke Station
Walden Glen,Week5,Crosspointe,Week4,286.0 Crosspointe - 116.0 Walden Glen
Walden Glen,Week1,Daventry,Week5,239.0 Walden Glen - 157.0 Daventry
Wakefield Chapel,Week1,Burke Station,Week2,359.0 Wakefield Chapel - 43.0 Burke Station
Wakefield Chapel,Week5,Commonwealth,Week1,339.0 Wakefield Chapel - 63.0 Commonwealth
Wakefield Chapel,Week3,Wakefield Chapel,Week1,215.0 Wakefield Chapel (WC2) - 187.0 Wakefield Chapel (WC1)
Wakefield Chapel,Week4,Burke Station,Week4,342.0 Wakefield Chapel - 60.0 Burke Station
Walden Glen,Week3,Crosspointe,Week1,317.0 Crosspointe - 85.0 Walden Glen
Wakefield Chapel,Week1,Wakefield Chapel,Week4,224.5 Wakefield Chapel (WC1) - 177.5 Wakefield Chapel (WC2)
Walden Glen,Week3,Highlands Swim,Week1,321.0 Highlands Swim - 81.0 Walden Glen
Wakefield Chapel,Week4,Wakefield Chapel,Week1,224.5 Wakefield Chapel (WC2) - 177.5 Wakefield Chapel (WC1)
Wakefield Chapel,Week1,Burke Station,Week3,346.0 Wakefield Chapel - 51.0 Burke Station
Walden Glen,Week5,Virginia Hills,Week2,327.0 Walden Glen - 73.0 Virginia Hills
Walden Glen,Week4,Virginia Hills,Week4,318.0 Walden Glen - 83.0 Virginia Hills
Walden Glen,Week3,Virginia Hills,Week5,289.0 Walden Glen - 112.0 Virginia Hills
Wakefield Chapel,Week5,Poplar Tree,Week4,281.0 Wakefield Chapel - 121.0 Poplar Tree
Wakefield Chapel,Week5,Poplar Tree,Week3,277.0 Wakefield Chapel - 125.0 Poplar Tree
Walden Glen,Week3,Daventry,Week4,264.0 Walden Glen - 138.0 Daventry
Wakefield Chapel,Week3,Commonwealth,Week4,346.0 Wakefield Chapel - 51.0 Commonwealth
Walden Glen,Week3,Highlands Swim,Week2,325.0 Highlands Swim - 77.0 Walden Glen
Wakefield Chapel,Week4,Poplar Tree,Week5,227.5 Wakefield Chapel - 174.5 Poplar Tree
Walden Glen,Week2,Daventry,Week1,258.0 Walden Glen - 143.0 Daventry
Walden Glen,Week4,Highlands Swim,Week1,305.0 Highlands Swim - 97.0 Walden Glen
Walden Glen,Week3,Highlands Swim,Week5,328.0 Highlands Swim - 74.0 Walden Glen
Wakefield Chapel,Week3,Commonwealth,Week3,336.0 Wakefield Chapel - 66.0 Commonwealth
Wakefield Chapel,Week5,Burke Station,Week3,355.0 Wakefield Chapel - 42.0 Burke Station
Walden Glen,Week1,Virginia Run,Week1,312.5 Virginia Run - 89.5 Walden Glen
Walden Glen,Week3,Highlands Swim,Week3,317.0 Highlands Swim - 85.0 Walden Glen
Wakefield Chapel,Week1,Wakefield Chapel,Week5,211.0 Wakefield Chapel (WC2) - 191.0 Wakefield Chapel (WC1)
Walden Glen,Week5,Virginia Hills,Week5,313.0 Walden Glen - 89.0 Virginia Hills
Wakefield Chapel,Week5,Wakefield Chapel,Week2,237.0 Wakefield Chapel (WC1) - 165.0 Wakefield Chapel (WC2)
Wakefield Chapel,Week5,Commonwealth,Week2,321.0 Wakefield Chapel - 81.0 Commonwealth
Wakefield Chapel,Week4,Poplar Tree,Week4,253.5 Wakefield Chapel - 148.5 Poplar Tree
Wakefield Chapel,Week3,Poplar Tree,Week2,268.0 Wakefield Chapel - 129.0 Poplar Tree
Wakefield Chapel,Week4,Commonwealth,Week1,327.0 Wakefield Chapel - 75.0 Commonwealth
Wakefield Chapel,Week4,Burke Station,Week5,323.0 Wakefield Chapel - 79.0 Burke Station
Walden Glen,Week1,Virginia Run,Week2,286.0 Virginia Run - 116.0 Walden Glen
Walden Glen,Week1,Virginia Run,Week4,302.0 Virginia Run - 100.0 Walden Glen
Wakefield Chapel,Week3,Burke Station,Week2,358.0 Wakefield Chapel - 44.0 Burke Station
Wakefield Chapel,Week4,Burke Station,Week3,337.0 Wakefield Chapel - 60.0 Burke Station
Wakefield Chapel,Week5,Commonwealth,Week4,349.0 Wakefield Chapel - 53.0 Commonwealth
Wakefield Chapel,Week1,Cottontail,Week2,328.0 Wakefield Chapel - 74.0 Cottontail
Walden Glen,Week1,Virginia Run,Week5,310.5 Virginia Run - 91.5 Walden Glen
Wakefield Chapel,Week2,Burke Station,Week5,331.0 Wakefield Chapel - 71.0 Burke Station
Walden Glen,Week4,Highlands Swim,Week3,308.0 Highlands Swim - 94.0 Walden Glen
Wakefield Chapel,Week4,Ravensworth Farm,Week5,254.0 Wakefield Chapel - 148.0 Ravensworth Farm
Wakefield Chapel,Week2,Walden Glen,Week1,317.0 Wakefield Chapel - 85.0 Walden Glen
Walden Glen,Week1,Hollin Hills,Week4,257.0 Walden Glen - 139.0 Hollin Hills
Walden Glen,Week2,Virginia Run,Week5,287.0 Virginia Run - 115.0 Walden Glen
Wakefield Chapel,Week5,Burke Station,Week1,325.0 Wakefield Chapel - 54.0 Burke Station
Walden Glen,Week2,Daventry,Week2,262.0 Walden Glen - 139.0 Daventry
Wakefield Chapel,Week5,Virginia Run,Week4,293.5 Wakefield Chapel - 108.5 Virginia Run
Wakefield Chapel,Week1,Cottontail,Week1,308.0 Wakefield Chapel - 94.0 Cottontail
Walden Glen,Week2,Virginia Run,Week3,265.0 Virginia Run - 136.0 Walden Glen
Walden Glen,Week3,Daventry,Week1,271.0 Walden Glen - 130.0 Daventry
Wakefield Chapel,Week5,Broyhill Crest,Week3,393.0 Wakefield Chapel - 9.0 Broyhill Crest
Wakefield Chapel,Week4,Wakefield Chapel,Week4,201.0 Wakefield Chapel (WC1) - 201.0 Wakefield Chapel (WC2)
Wakefield Chapel,Week1,Riverside Gardens,Week5,242.0 Wakefield Chapel - 160.0 Riverside Gardens
Wakefield Chapel,Week4,Walden Glen,Week4,300.0 Wakefield Chapel - 102.0 Walden Glen
Walden Glen,Week3,Virginia Run,Week1,291.0 Virginia Run - 111.0 Walden Glen
Wakefield Chapel,Week1,Commonwealth,Week4,344.0 Wakefield Chapel - 58.0 Commonwealth
Wakefield Chapel,Week5,Broyhill Crest,Week5,390.0 Wakefield Chapel - 12.0 Broyhill Crest
Wakefield Chapel,Week2,Riverside Gardens,Week2,248.0 Wakefield Chapel - 154.0 Riverside Gardens
Walden Glen,Week4,Crosspointe,Week1,295.0 Crosspointe - 107.0 Walden Glen
Walden Glen,Week5,Hollin Hills,Week2,290.0 Walden Glen - 107.0 Hollin Hills
Wakefield Chapel,Week2,Ravensworth Farm,Week3,265.0 Wakefield Chapel - 137.0 Ravensworth Farm
Walden Glen,Week4,Hollin Hills,Week1,282.0 Walden Glen - 116.0 Hollin Hills
Wakefield Chapel,Week5,Wakefield Chapel,Week4,243.5 Wakefield Chapel (WC1) - 158.5 Wakefield Chapel (WC2)
Walden Glen,Week1,Daventry,Week4,252.0 Walden Glen - 149.0 Daventry
Walden Glen,Week4,Crosspointe,Week3,295.0 Crosspointe - 102.0 Walden Glen
Walden Glen,Week2,Virginia Run,Week1,293.0 Virginia Run - 109.0 Walden Glen
Wakefield Chapel,Week1,Riverside Gardens,Week1,275.0 Wakefield Chapel - 127.0 Riverside Gardens
Walden Glen,Week4,Hollin Hills,Week5,271.0 Walden Glen - 125.0 Hollin Hills
Wakefield Chapel,Week1,Riverside Gardens,Week2,278.0 Wakefield Chapel - 124.0 Riverside Gardens
Wakefield Chapel,Week5,Wakefield Chapel,Week3,232.5 Wakefield Chapel (WC1) - 169.5 Wakefield Chapel (WC2)
Walden Glen,Week4,Crosspointe,Week5,317.0 Crosspointe - 85.0 Walden Glen
Walden Glen,Week5,Highlands Swim,Week4,300.5 Highlands Swim - 101.5 Walden Glen
Wakefield Chapel,Week4,Commonwealth,Week3,305.0 Wakefield Chapel - 97.0 Commonwealth
Walden Glen,Week5,Highlands Swim,Week3,308.0 Highlands Swim - 94.0 Walden Glen
Wakefield Chapel,Week5,Poplar Tree,Week5,258.0 Wakefield Chapel - 144.0 Poplar Tree
Wakefield Chapel,Week5,Virginia Run,Week3,309.0 Wakefield Chapel - 93.0 Virginia Run
Wakefield Chapel,Week4,Commonwealth,Week4,325.0 Wakefield Chapel - 77.0 Commonwealth
Wakefield Chapel,Week3,Commonwealth,Week1,327.0 Wakefield Chapel - 69.0 Commonwealth
Walden Glen,Week5,Crosspointe,Week1,289.0 Crosspointe - 113.0 Walden Glen
Wakefield Chapel,Week1,Waynewood,Week1,276.0 Wakefield Chapel - 126.0 Waynewood
Walden Glen,Week3,Virginia Run,Week2,276.0 Virginia Run - 126.0 Walden Glen
Walden Glen,Week2,Virginia Run,Week4,269.0 Virginia Run - 133.0 Walden Glen
Wakefield Chapel,Week1,Cottontail,Week5,316.0 Wakefield Chapel - 86.0 Cottontail
Wakefield Chapel,Week2,Ravensworth Farm,Week4,283.0 Wakefield Chapel - 119.0 Ravensworth Farm
Wakefield Chapel,Week2,Cottontail,Week3,339.0 Wakefield Chapel - 63.0 Cottontail
Wakefield Chapel,Week5,Broyhill Crest,Week4,395.0 Wakefield Chapel - 7.0 Broyhill Crest
Walden Glen,Week5,Crosspointe,Week3,280.0 Crosspointe - 122.0 Walden Glen
Wakefield Chapel,Week3,Burke Station,Week3,347.0 Wakefield Chapel - 50.0 Burke Station
Wakefield Chapel,Week5,Burke Station,Week2,362.0 Wakefield Chapel - 40.0 Burke Station
Walden Glen,Week4,Hollin Hills,Week2,281.0 Walden Glen - 116.0 Hollin Hills
Walden Glen,Week3,Virginia Run,Week3,280.0 Virginia Run - 122.0 Walden Glen
Wakefield Chapel,Week2,Ravensworth Farm,Week1,274.0 Wakefield Chapel - 128.0 Ravensworth Farm
Walden Glen,Week4,Crosspointe,Week2,285.0 Crosspointe - 117.0 Walden Glen
Walden Glen,Week1,Hollin Hills,Week1,248.0 Walden Glen - 149.0 Hollin Hills
Wakefield Chapel,Week5,Walden Glen,Week4,321.0 Wakefield Chapel - 81.0 Walden Glen
Wakefield Chapel,Week2,Burke Station,Week2,357.0 Wakefield Chapel - 44.0 Burke Station
Walden Glen,Week4,Hollin Hills,Week4,283.0 Walden Glen - 112.0 Hollin Hills
Wakefield Chapel,Week3,Cottontail,Week1,318.0 Wakefield Chapel - 84.0 Cottontail
Walden Glen,Week2,Hollin Hills,Week3,270.0 Walden Glen - 128.0 Hollin Hills
Walden Glen,Week5,Crosspointe,Week5,309.0 Crosspointe - 93.0 Walden Glen
Wakefield Chapel,Week2,Cottontail,Week5,309.0 Wakefield Chapel - 93.0 Cottontail
Walden Glen,Week3,Hollin Hills,Week5,264.0 Walden Glen - 136.0 Hollin Hills
Wakefield Chapel,Week3,Burke Station,Week5,334.0 Wakefield Chapel - 63.0 Burke Station
Wakefield Chapel,Week2,Burke Station,Week3,345.0 Wakefield Chapel - 52.0 Burke Station
Wakefield Chapel,Week3,Cottontail,Week2,324.0 Wakefield Chapel - 78.0 Cottontail
Wakefield Chapel,Week3,Ravensworth Farm,Week2,299.0 Wakefield Chapel - 103.0 Ravensworth Farm
Wakefield Chapel,Week2,Cottontail,Week2,328.0 Wakefield Chapel - 74.0 Cottontail
Walden Glen,Week1,Daventry,Week3,248.0 Walden Glen - 149.0 Daventry
Wakefield Chapel,Week3,Ravensworth Farm,Week4,293.0 Wakefield Chapel - 109.0 Ravensworth Farm
Walden Glen,Week2,Hollin Hills,Week4,275.0 Walden Glen - 113.0 Hollin Hills
Wakefield Chapel,Week2,Cottontail,Week1,317.0 Wakefield Chapel - 85.0 Cottontail
Wakefield Chapel,Week1,Ravensworth Farm,Week2,300.0 Wakefield Chapel - 102.0 Ravensworth Farm
Wakefield Chapel,Week2,Walden Glen,Week2,311.0 Wakefield Chapel - 90.0 Walden Glen
Wakefield Chapel,Week2,Waynewood,Week1,274.0 Wakefield Chapel - 128.0 Waynewood
Wakefield Chapel,Week2,Cottontail,Week4,327.0 Wakefield Chapel - 75.0 Cottontail
Walden Glen,Week3,Crosspointe,Week4,294.0 Crosspointe - 108.0 Walden Glen
Wakefield Chapel,Week2,Burke Station,Week4,348.0 Wakefield Chapel - 54.0 Burke Station
Walden Glen,Week2,Hollin Hills,Week1,279.0 Walden Glen - 113.0 Hollin Hills
Wakefield Chapel,Week1,Walden Glen,Week5,299.0 Wakefield Chapel - 103.0 Walden Glen
Walden Glen,Week4,Crosspointe,Week4,300.0 Crosspointe - 102.0 Walden Glen
Wakefield Chapel,Week2,Ravensworth Farm,Week2,290.0 Wakefield Chapel - 112.0 Ravensworth Farm
Wakefield Chapel,Week1,Walden Glen,Week1,322.0 Wakefield Chapel - 80.0 Walden Glen
Wakefield Chapel,Week3,Ravensworth Farm,Week1,279.0 Wakefield Chapel - 123.0 Ravensworth Farm
Wakefield Chapel,Week2,Waynewood,Week4,252.0 Wakefield Chapel - 150.0 Waynewood
Walden Glen,Week1,Daventry,Week1,245.0 Walden Glen - 156.0 Daventry
Walden Glen,Week3,Crosspointe,Week5,321.0 Crosspointe - 81.0 Walden Glen
Walden Glen,Week3,Virginia Run,Week4,292.0 Virginia Run - 110.0 Walden Glen
Walden Glen,Week3,Virginia Run,Week5,302.0 Virginia Run - 100.0 Walden Glen
Wakefield Chapel,Week3,Burke Station,Week1,322.0 Wakefield Chapel - 57.0 Burke Station
Walden Glen,Week4,Hollin Hills,Week3,269.0 Walden Glen - 132.0 Hollin Hills
Wakefield Chapel,Week2,Walden Glen,Week4,307.0 Wakefield Chapel - 95.0 Walden Glen
Wakefield Chapel,Week5,Walden Glen,Week1,338.0 Wakefield Chapel - 64.0 Walden Glen
Wakefield Chapel,Week4,Walden Glen,Week1,322.0 Wakefield Chapel - 80.0 Walden Glen
Wakefield Chapel,Week1,Walden Glen,Week2,310.0 Wakefield Chapel - 92.0 Walden Glen
Wakefield Chapel,Week4,Cottontail,Week1,296.0 Wakefield Chapel - 106.0 Cottontail
Walden Glen,Week3,Daventry,Week5,241.0 Walden Glen - 161.0 Daventry
Wakefield Chapel,Week3,Cottontail,Week4,328.0 Wakefield Chapel - 74.0 Cottontail
Walden Glen,Week1,Hollin Hills,Week2,251.0 Walden Glen - 140.0 Hollin Hills
Wakefield Chapel,Week1,Burke Station,Week1,321.0 Wakefield Chapel - 58.0 Burke Station
Walden Glen,Week2,Hollin Hills,Week5,263.0 Walden Glen - 128.0 Hollin Hills
Wakefield Chapel,Week2,Burke Station,Week1,308.0 Wakefield Chapel - 70.0 Burke Station
Wakefield Chapel,Week1,Ravensworth Farm,Week3,270.0 Wakefield Chapel - 132.0 Ravensworth Farm
Walden Glen,Week3,Crosspointe,Week3,305.0 Crosspointe - 97.0 Walden Glen
Walden Glen,Week5,Crosspointe,Week2,277.0 Crosspointe - 125.0 Walden Glen
Wakefield Chapel,Week3,Ravensworth Farm,Week3,276.0 Wakefield Chapel - 126.0 Ravensworth Farm
Walden Glen,Week5,Highlands Swim,Week1,295.0 Highlands Swim - 107.0 Walden Glen
Wakefield Chapel,Week1,Burke Station,Week5,341.0 Wakefield Chapel - 61.0 Burke Station
Wakefield Chapel,Week5,Cottontail,Week1,323.0 Wakefield Chapel - 79.0 Cottontail
Walden Glen,Week3,Hollin Hills,Week3,286.0 Walden Glen - 114.0 Hollin Hills
Wakefield Chapel,Week4,Cottontail,Week5,305.0 Wakefield Chapel - 97.0 Cottontail
Wakefield Chapel,Week1,Walden Glen,Week3,317.0 Wakefield Chapel - 85.0 Walden Glen
Wakefield Chapel,Week2,Dowden Terrace,Week5,265.5 Wakefield Chapel - 136.5 Dowden Terrace
Wakefield Chapel,Week5,Ravensworth Farm,Week4,294.0 Wakefield Chapel - 108.0 Ravensworth Farm
Walden Glen,Week2,Dominion Hills,Week2,227.0 Dominion Hills - 175.0 Walden Glen
Wakefield Chapel,Week4,Ravensworth Farm,Week4,262.0 Wakefield Chapel - 140.0 Ravensworth Farm
Wakefield Chapel,Week4,Cottontail,Week3,326.0 Wakefield Chapel - 76.0 Cottontail
Wakefield Chapel,Week4,Ravensworth Farm,Week2,286.0 Wakefield Chapel - 116.0 Ravensworth Farm
Wakefield Chapel,Week1,Ravensworth Farm,Week5,276.0 Wakefield Chapel - 126.0 Ravensworth Farm
Walden Glen,Week3,Daventry,Week3,274.0 Walden Glen - 128.0 Daventry
Walden Glen,Week1,Dominion Hills,Week4,267.0 Dominion Hills - 135.0 Walden Glen
Wakefield Chapel,Week3,Donaldson Run,Week5,216.5 Donaldson Run - 185.5 Wakefield Chapel
Wakefield Chapel,Week4,Cottontail,Week2,308.0 Wakefield Chapel - 94.0 Cottontail
Walden Glen,Week5,Daventry,Week4,303.0 Walden Glen - 98.0 Daventry
Wakefield Chapel,Week5,Cottontail,Week5,321.0 Wakefield Chapel - 81.0 Cottontail
Wakefield Chapel,Week2,Ravensworth Farm,Week5,259.0 Wakefield Chapel - 143.0 Ravensworth Farm
Walden Glen,Week5,Highlands Swim,Week2,308.0 Highlands Swim - 94.0 Walden Glen
Wakefield Chapel,Week1,Waynewood,Week5,247.0 Wakefield Chapel - 155.0 Waynewood
Wakefield Chapel,Week3,Dowden Terrace,Week1,298.0 Wakefield Chapel - 99.0 Dowden Terrace
Wakefield Chapel,Week2,Walden Glen,Week3,321.5 Wakefield Chapel - 80.5 Walden Glen
Wakefield Chapel,Week5,Walden Glen,Week3,329.0 Wakefield Chapel - 73.0 Walden Glen
Walden Glen,Week1,Hollin Hills,Week3,245.0 Walden Glen - 153.0 Hollin Hills
Wakefield Chapel,Week5,Cottontail,Week2,327.0 Wakefield Chapel - 75.0 Cottontail
Walden Glen,Week3,Hollin Hills,Week4,280.0 Walden Glen - 114.0 Hollin Hills
Walden Glen,Week2,Daventry,Week4,266.0 Walden Glen - 135.0 Daventry
Wakefield Chapel,Week4,Burke Station,Week1,314.0 Wakefield Chapel - 65.0 Burke Station
Wakefield Chapel,Week1,Ravensworth Farm,Week4,288.0 Wakefield Chapel - 114.0 Ravensworth Farm
Wakefield Chapel,Week4,Walden Glen,Week3,313.0 Wakefield Chapel - 89.0 Walden Glen
Wakefield Chapel,Week5,Ravensworth Farm,Week2,309.0 Wakefield Chapel - 93.0 Ravensworth Farm
Walden Glen,Week3,Hollin Hills,Week2,284.0 Walden Glen - 110.0 Hollin Hills
Walden Glen,Week5,Highlands Swim,Week5,316.0 Highlands Swim - 86.0 Walden Glen
Wakefield Chapel,Week1,Country Club Hills,Week4,327.0 Wakefield Chapel - 75.0 Country Club Hills
Wakefield Chapel,Week1,Dowden Terrace,Week3,300.0 Wakefield Chapel - 102.0 Dowden Terrace
Wakefield Chapel,Week1,Country Club Hills,Week2,331.0 Wakefield Chapel - 71.0 Country Club Hills
Walden Glen,Week3,Dominion Hills,Week5,264.0 Dominion Hills - 138.0 Walden Glen
Wakefield Chapel,Week5,Ravensworth Farm,Week1,287.0 Wakefield Chapel - 115.0 Ravensworth Farm
Walden Glen,Week4,Highlands Swim,Week5,326.0 Highlands Swim - 76.0 Walden Glen
Wakefield Chapel,Week1,Dowden Terrace,Week2,300.0 Wakefield Chapel - 102.0 Dowden Terrace
Wakefield Chapel,Week3,Ravensworth Farm,Week5,274.0 Wakefield Chapel - 128.0 Ravensworth Farm
Wakefield Chapel,Week3,Walden Glen,Week1,329.0 Wakefield Chapel - 73.0 Walden Glen
Wakefield Chapel,Week4,Dowden Terrace,Week1,303.0 Wakefield Chapel - 99.0 Dowden Terrace
Wakefield Chapel,Week2,Walden Glen,Week5,290.0 Wakefield Chapel - 112.0 Walden Glen
Walden Glen,Week4,Daventry,Week4,279.0 Walden Glen - 122.0 Daventry
Wakefield Chapel,Week5,Walden Glen,Week5,307.0 Wakefield Chapel - 95.0 Walden Glen
Wakefield Chapel,Week1,Country Club Hills,Week1,323.0 Wakefield Chapel - 79.0 Country Club Hills
Walden Glen,Week5,Daventry,Week5,272.0 Walden Glen - 129.0 Daventry
Wakefield Chapel,Week3,Walden Glen,Week2,308.0 Wakefield Chapel - 94.0 Walden Glen
Walden Glen,Week3,Hollin Hills,Week1,281.0 Walden Glen - 116.0 Hollin Hills
Wakefield Chapel,Week4,Donaldson Run,Week4,203.0 Donaldson Run - 199.0 Wakefield Chapel
Wakefield Chapel,Week1,Walden Glen,Week4,308.0 Wakefield Chapel - 94.0 Walden Glen
Wakefield Chapel,Week3,Donaldson Run,Week2,208.0 Wakefield Chapel - 194.0 Donaldson Run
Wakefield Chapel,Week4,Donaldson Run,Week2,206.0 Donaldson Run - 196.0 Wakefield Chapel
Wakefield Chapel,Week3,Walden Glen,Week4,309.0 Wakefield Chapel - 88.0 Walden Glen
Wakefield Chapel,Week5,Ravensworth Farm,Week3,284.0 Wakefield Chapel - 118.0 Ravensworth Farm
Wakefield Chapel,Week4,Ravensworth Farm,Week3,244.0 Wakefield Chapel - 158.0 Ravensworth Farm
Walden Glen,Week5,Daventry,Week2,290.0 Walden Glen - 108.0 Daventry
Walden Glen,Week2,Hollin Hills,Week2,266.0 Walden Glen - 125.0 Hollin Hills
Walden Glen,Week3,Dominion Hills,Week3,233.5 Dominion Hills - 168.5 Walden Glen
Wakefield Chapel,Week5,Cottontail,Week3,332.0 Wakefield Chapel - 70.0 Cottontail
Wakefield Chapel,Week1,Country Club Hills,Week5,320.0 Wakefield Chapel - 82.0 Country Club Hills
Walden Glen,Week2,Dominion Hills,Week4,246.0 Dominion Hills - 152.0 Walden Glen
Wakefield Chapel,Week5,Ravensworth Farm,Week5,287.0 Wakefield Chapel - 115.0 Ravensworth Farm
Wakefield Chapel,Week2,Country Club Hills,Week1,318.0 Wakefield Chapel - 84.0 Country Club Hills
Wakefield Chapel,Week1,Riverside Gardens,Week3,263.0 Wakefield Chapel - 139.0 Riverside Gardens
Wakefield Chapel,Week3,Walden Glen,Week3,321.0 Wakefield Chapel - 81.0 Walden Glen
Walden Glen,Week5,Hollin Hills,Week1,306.0 Walden Glen - 92.0 Hollin Hills
Walden Glen,Week3,Dominion Hills,Week1,225.0 Dominion Hills - 177.0 Walden Glen
Wakefield Chapel,Week1,Country Club Hills,Week3,340.0 Wakefield Chapel - 62.0 Country Club Hills
Wakefield Chapel,Week4,Ravensworth Farm,Week1,269.0 Wakefield Chapel - 133.0 Ravensworth Farm
Wakefield Chapel,Week4,Donaldson Run,Week5,227.0 Donaldson Run - 175.0 Wakefield Chapel
Wakefield Chapel,Week4,Walden Glen,Week2,310.0 Wakefield Chapel - 92.0 Walden Glen
Wakefield Chapel,Week4,Cottontail,Week4,313.0 Wakefield Chapel - 89.0 Cottontail
Wakefield Chapel,Week1,Riverside Gardens,Week4,258.0 Wakefield Chapel - 144.0 Riverside Gardens
Wakefield Chapel,Week4,Dowden Terrace,Week4,280.0 Wakefield Chapel - 122.0 Dowden Terrace
Walden Glen,Week1,Hollin Hills,Week5,251.0 Walden Glen - 137.0 Hollin Hills
Wakefield Chapel,Week5,Cottontail,Week4,334.0 Wakefield Chapel - 68.0 Cottontail
Walden Glen,Week5,Hollin Hills,Week3,302.0 Walden Glen - 99.0 Hollin Hills
Walden Glen,Week4,Daventry,Week3,282.0 Walden Glen - 119.0 Daventry
Walden Glen,Week4,Daventry,Week5,254.0 Walden Glen - 142.0 Daventry
Walden Glen,Week5,Hollin Hills,Week5,290.0 Walden Glen - 111.0 Hollin Hills
Wakefield Chapel,Week4,Walden Glen,Week5,291.0 Wakefield Chapel - 111.0 Walden Glen
Wakefield Chapel,Week1,Dowden Terrace,Week1,298.0 Wakefield Chapel - 104.0 Dowden Terrace
Wakefield Chapel,Week5,Walden Glen,Week2,324.0 Wakefield Chapel - 77.0 Walden Glen
Walden Glen,Week1,Donaldson Run,Week4,335.0 Donaldson Run - 67.0 Walden Glen
Walden Glen,Week4,Hollin Meadows,Week3,232.0 Hollin Meadows - 170.0 Walden Glen
Walden Glen,Week1,Dominion Hills,Week3,247.0 Dominion Hills - 155.0 Walden Glen
Wakefield Chapel,Week5,Donaldson Run,Week1,240.5 Wakefield Chapel - 161.5 Donaldson Run
Walden Glen,Week2,Hollin Meadows,Week5,269.0 Hollin Meadows - 133.0 Walden Glen
Walden Glen,Week1,Hollin Meadows,Week4,272.0 Hollin Meadows - 130.0 Walden Glen
Wakefield Chapel,Week4,Riverside Gardens,Week1,240.0 Wakefield Chapel - 162.0 Riverside Gardens
Walden Glen,Week3,Dominion Hills,Week2,246.0 Dominion Hills - 156.0 Walden Glen
Walden Glen,Week2,Dominion Hills,Week5,256.0 Dominion Hills - 145.0 Walden Glen
Wakefield Chapel,Week4,Riverside Gardens,Week5,205.0 Riverside Gardens - 197.0 Wakefield Chapel
Walden Glen,Week1,Hollin Meadows,Week2,255.0 Hollin Meadows - 147.0 Walden Glen
Wakefield Chapel,Week5,Donaldson Run,Week4,245.5 Wakefield Chapel - 156.5 Donaldson Run
Walden Glen,Week1,Hollin Meadows,Week1,284.0 Hollin Meadows - 118.0 Walden Glen
Wakefield Chapel,Week1,Waynewood,Week3,246.0 Wakefield Chapel - 156.0 Waynewood
Wakefield Chapel,Week2,Waynewood,Week2,256.0 Wakefield Chapel - 146.0 Waynewood
Walden Glen,Week2,Dominion Hills,Week1,211.0 Dominion Hills - 191.0 Walden Glen
Wakefield Chapel,Week3,Riverside Gardens,Week3,249.0 Wakefield Chapel - 153.0 Riverside Gardens
Wakefield Chapel,Week5,Riverside Gardens,Week3,258.0 Wakefield Chapel - 144.0 Riverside Gardens
Wakefield Chapel,Week1,Waynewood,Week4,271.0 Wakefield Chapel - 131.0 Waynewood
Walden Glen,Week2,Donaldson Run,Week1,318.0 Donaldson Run - 84.0 Walden Glen
Walden Glen,Week1,Donaldson Run,Week1,336.0 Donaldson Run - 66.0 Walden Glen
Wakefield Chapel,Week3,Walden Glen,Week5,301.0 Wakefield Chapel - 101.0 Walden Glen
Wakefield Chapel,Week5,Donaldson Run,Week3,238.0 Wakefield Chapel - 164.0 Donaldson Run
Wakefield Chapel,Week3,Riverside Gardens,Week1,254.0 Wakefield Chapel - 148.0 Riverside Gardens
Walden Glen,Week1,Hollin Meadows,Week5,278.0 Hollin Meadows - 124.0 Walden Glen
Wakefield Chapel,Week2,Waynewood,Week3,231.0 Wakefield Chapel - 171.0 Waynewood
Walden Glen,Week4,Hollin Meadows,Week2,223.0 Hollin Meadows - 179.0 Walden Glen
Walden Glen,Week1,Hollin Meadows,Week3,274.0 Hollin Meadows - 128.0 Walden Glen
Wakefield Chapel,Week3,Donaldson Run,Week3,210.0 Wakefield Chapel - 192.0 Donaldson Run
Wakefield Chapel,Week2,Woodley,Week5,344.5 Wakefield Chapel - 57.5 Woodley
Wakefield Chapel,Week2,Dowden Terrace,Week4,267.0 Wakefield Chapel - 135.0 Dowden Terrace
Wakefield Chapel,Week2,Riverside Gardens,Week1,239.0 Wakefield Chapel - 163.0 Riverside Gardens
Wakefield Chapel,Week1,Rolling Forest,Week1,310.0 Wakefield Chapel - 92.0 Rolling Forest
Wakefield Chapel,Week2,Riverside Gardens,Week3,221.0 Wakefield Chapel - 181.0 Riverside Gardens
Wakefield Chapel,Week1,Dowden Terrace,Week4,287.0 Wakefield Chapel - 115.0 Dowden Terrace
Walden Glen,Week2,Hollin Meadows,Week3,244.0 Hollin Meadows - 158.0 Walden Glen
Wakefield Chapel,Week2,Woodley,Week2,352.0 Wakefield Chapel - 50.0 Woodley
Walden Glen,Week5,Hollin Hills,Week4,298.5 Walden Glen - 97.5 Hollin Hills
Walden Glen,Week1,Dominion Hills,Week2,267.0 Dominion Hills - 135.0 Walden Glen
Wakefield Chapel,Week1,Waynewood,Week2,260.5 Wakefield Chapel - 141.5 Waynewood
Wakefield Chapel,Week2,Dowden Terrace,Week2,290.0 Wakefield Chapel - 112.0 Dowden Terrace
Wakefield Chapel,Week2,Dowden Terrace,Week1,290.0 Wakefield Chapel - 111.0 Dowden Terrace
Walden Glen,Week1,Donaldson Run,Week2,333.0 Donaldson Run - 69.0 Walden Glen
Wakefield Chapel,Week2,Riverside Gardens,Week5,202.0 Wakefield Chapel - 200.0 Riverside Gardens
Wakefield Chapel,Week3,Rolling Forest,Week1,306.0 Wakefield Chapel - 96.0 Rolling Forest
Wakefield Chapel,Week3,Donaldson Run,Week4,211.0 Wakefield Chapel - 191.0 Donaldson Run
Wakefield Chapel,Week5,Donaldson Run,Week5,205.0 Wakefield Chapel - 197.0 Donaldson Run
Wakefield Chapel,Week3,Woodley,Week5,348.0 Wakefield Chapel - 54.0 Woodley
Wakefield Chapel,Week4,Donaldson Run,Week3,202.0 Donaldson Run - 200.0 Wakefield Chapel
Walden Glen,Week5,Hollin Meadows,Week4,222.0 Hollin Meadows - 180.0 Walden Glen
Wakefield Chapel,Week1,Rolling Forest,Week3,289.0 Wakefield Chapel - 113.0 Rolling Forest
Walden Glen,Week4,Daventry,Week2,265.0 Walden Glen - 133.0 Daventry
Walden Glen,Week4,Daventry,Week1,264.0 Walden Glen - 138.0 Daventry
Wakefield Chapel,Week4,Waynewood,Week4,250.0 Wakefield Chapel - 152.0 Waynewood
Wakefield Chapel,Week4,Waynewood,Week2,249.0 Wakefield Chapel - 153.0 Waynewood
Wakefield Chapel,Week4,Donaldson Run,Week1,205.0 Donaldson Run - 197.0 Wakefield Chapel
Wakefield Chapel,Week2,Rolling Forest,Week2,300.0 Wakefield Chapel - 102.0 Rolling Forest
Wakefield Chapel,Week2,Woodley,Week4,362.0 Wakefield Chapel - 40.0 Woodley
Walden Glen,Week3,Holmes Run Acres,Week2,226.0 Holmes Run Acres - 176.0 Walden Glen
Walden Glen,Week4,Dominion Hills,Week4,234.5 Dominion Hills - 161.5 Walden Glen
Wakefield Chapel,Week2,Rolling Forest,Week1,296.0 Wakefield Chapel - 106.0 Rolling Forest
Walden Glen,Week2,Holmes Run Acres,Week4,217.0 Holmes Run Acres - 185.0 Walden Glen
Wakefield Chapel,Week1,Dowden Terrace,Week5,272.0 Wakefield Chapel - 130.0 Dowden Terrace
Walden Glen,Week2,Hollin Meadows,Week4,246.0 Hollin Meadows - 156.0 Walden Glen
Walden Glen,Week1,Dominion Hills,Week1,254.0 Dominion Hills - 148.0 Walden Glen
Wakefield Chapel,Week4,Riverside Gardens,Week4,220.0 Wakefield Chapel - 182.0 Riverside Gardens
Walden Glen,Week4,Dominion Hills,Week2,229.0 Dominion Hills - 173.0 Walden Glen
Wakefield Chapel,Week5,Donaldson Run,Week2,230.0 Wakefield Chapel - 172.0 Donaldson Run
Walden Glen,Week3,Hollin Meadows,Week3,257.0 Hollin Meadows - 145.0 Walden Glen
Wakefield Chapel,Week2,Waynewood,Week5,235.0 Wakefield Chapel - 167.0 Waynewood
Walden Glen,Week5,Hollin Meadows,Week1,224.0 Hollin Meadows - 177.0 Walden Glen
Wakefield Chapel,Week4,Waynewood,Week3,238.0 Wakefield Chapel - 164.0 Waynewood
Walden Glen,Week3,Dominion Hills,Week4,270.0 Dominion Hills - 131.0 Walden Glen
Wakefield Chapel,Week3,Riverside Gardens,Week4,243.0 Wakefield Chapel - 159.0 Riverside Gardens
Wakefield Chapel,Week3,Dowden Terrace,Week5,268.0 Wakefield Chapel - 134.0 Dowden Terrace
Walden Glen,Week5,Daventry,Week1,297.0 Walden Glen - 105.0 Daventry
Walden Glen,Week1,Dominion Hills,Week5,268.0 Dominion Hills - 133.0 Walden Glen
Walden Glen,Week4,Hollin Meadows,Week1,234.0 Hollin Meadows - 167.0 Walden Glen
Wakefield Chapel,Week2,Woodley,Week1,348.0 Wakefield Chapel - 54.0 Woodley
Walden Glen,Week4,Dominion Hills,Week3,209.5 Dominion Hills - 192.5 Walden Glen
Wakefield Chapel,Week4,Dowden Terrace,Week2,290.0 Wakefield Chapel - 112.0 Dowden Terrace
Wakefield Chapel,Week2,Dowden Terrace,Week3,306.0 Wakefield Chapel - 96.0 Dowden Terrace
Wakefield Chapel,Week2,Rolling Forest,Week5,288.0 Wakefield Chapel - 114.0 Rolling Forest
Wakefield Chapel,Week4,Riverside Gardens,Week2,257.0 Wakefield Chapel - 145.0 Riverside Gardens
Wakefield Chapel,Week5,Waynewood,Week5,250.0 Wakefield Chapel - 152.0 Waynewood
Wakefield Chapel,Week5,Riverside Gardens,Week1,272.0 Wakefield Chapel - 130.0 Riverside Gardens
Walden Glen,Week5,Daventry,Week3,306.0 Walden Glen - 95.0 Daventry
Wakefield Chapel,Week4,Riverside Gardens,Week3,234.0 Wakefield Chapel - 168.0 Riverside Gardens
Walden Glen,Week3,Hollin Meadows,Week2,237.0 Hollin Meadows - 165.0 Walden Glen
Walden Glen,Week2,Dominion Hills,Week3,219.0 Dominion Hills - 182.0 Walden Glen
Wakefield Chapel,Week3,Dowden Terrace,Week4,281.0 Wakefield Chapel - 121.0 Dowden Terrace
Wakefield Chapel,Week5,Riverside Gardens,Week5,236.0 Wakefield Chapel - 166.0 Riverside Gardens
Wakefield Chapel,Week3,Waynewood,Week3,252.0 Wakefield Chapel - 150.0 Waynewood
Wakefield Chapel,Week1,Woodley,Week2,345.0 Wakefield Chapel - 57.0 Woodley
Wakefield Chapel,Week3,Dowden Terrace,Week2,290.0 Wakefield Chapel - 112.0 Dowden Terrace
Wakefield Chapel,Week3,Dowden Terrace,Week3,301.0 Wakefield Chapel - 101.0 Dowden Terrace
Wakefield Chapel,Week4,Woodley,Week4,359.0 Wakefield Chapel - 43.0 Woodley
Walden Glen,Week1,Holmes Run Acres,Week3,294.0 Holmes Run Acres - 108.0 Walden Glen
Walden Glen,Week4,Hollin Meadows,Week4,228.0 Hollin Meadows - 174.0 Walden Glen
Walden Glen,Week4,Dominion Hills,Week1,223.0 Dominion Hills - 179.0 Walden Glen
Wakefield Chapel,Week5,Waynewood,Week3,257.0 Wakefield Chapel - 145.0 Waynewood
Wakefield Chapel,Week5,Riverside Gardens,Week4,247.0 Wakefield Chapel - 155.0 Riverside Gardens
Wakefield Chapel,Week4,Dowden Terrace,Week3,293.0 Wakefield Chapel - 109.0 Dowden Terrace
Wakefield Chapel,Week2,Dunn Loring,Week4,212.0 Wakefield Chapel - 190.0 Dunn Loring
Wakefield Chapel,Week1,Woodley,Week5,334.0 Wakefield Chapel - 68.0 Woodley
Wakefield Chapel,Week3,Riverside Gardens,Week5,215.5 Wakefield Chapel - 186.5 Riverside Gardens
Wakefield Chapel,Week1,Rolling Forest,Week2,309.5 Wakefield Chapel - 92.5 Rolling Forest
Wakefield Chapel,Week3,Waynewood,Week2,256.5 Wakefield Chapel - 145.5 Waynewood
Walden Glen,Week5,Hollin Meadows,Week2,206.0 Walden Glen - 196.0 Hollin Meadows
Walden Glen,Week3,Hollin Meadows,Week5,264.0 Hollin Meadows - 138.0 Walden Glen
Wakefield Chapel,Week3,Waynewood,Week1,271.5 Wakefield Chapel - 130.5 Waynewood
Wakefield Chapel,Week1,Dunn Loring,Week3,224.0 Wakefield Chapel - 178.0 Dunn Loring
Wakefield Chapel,Week5,Dunn Loring,Week3,222.0 Wakefield Chapel - 180.0 Dunn Loring
Walden Glen,Week2,Holmes Run Acres,Week1,219.0 Holmes Run Acres - 182.0 Walden Glen
Walden Glen,Week1,Holmes Run Acres,Week4,257.0 Holmes Run Acres - 145.0 Walden Glen
Wakefield Chapel,Week1,Woodley,Week3,349.0 Wakefield Chapel - 53.0 Woodley
Wakefield Chapel,Week2,Riverside Gardens,Week4,214.0 Wakefield Chapel - 188.0 Riverside Gardens
Walden Glen,Week4,Dominion Hills,Week5,240.0 Dominion Hills - 162.0 Walden Glen
Walden Glen,Week1,Holmes Run Acres,Week1,242.0 Holmes Run Acres - 159.0 Walden Glen
Walden Glen,Week5,Dominion Hills,Week3,211.0 Dominion Hills - 191.0 Walden Glen
Wakefield Chapel,Week3,Riverside Gardens,Week2,278.0 Wakefield Chapel - 124.0 Riverside Gardens
Wakefield Chapel,Week4,Dunn Loring,Week1,225.0 Wakefield Chapel - 177.0 Dunn Loring
Walden Glen,Week5,Dominion Hills,Week1,214.0 Dominion Hills - 188.0 Walden Glen
Wakefield Chapel,Week3,Waynewood,Week5,251.0 Wakefield Chapel - 151.0 Waynewood
Walden Glen,Week3,Hollin Meadows,Week1,259.0 Hollin Meadows - 142.0 Walden Glen
Wakefield Chapel,Week4,Dowden Terrace,Week5,265.0 Wakefield Chapel - 137.0 Dowden Terrace
Wakefield Chapel,Week4,Dunn Loring,Week4,215.0 Wakefield Chapel - 187.0 Dunn Loring
Wakefield Chapel,Week2,Rolling Forest,Week4,311.0 Wakefield Chapel - 91.0 Rolling Forest
Walden Glen,Week1,Donaldson Run,Week3,339.0 Donaldson Run - 63.0 Walden Glen
Wakefield Chapel,Week3,Dunn Loring,Week3,232.0 Wakefield Chapel - 170.0 Dunn Loring
Wakefield Chapel,Week1,Woodley,Week1,344.0 Wakefield Chapel - 58.0 Woodley
Wakefield Chapel,Week1,Rolling Forest,Week5,292.0 Wakefield Chapel - 110.0 Rolling Forest
Walden Glen,Week3,Hollin Meadows,Week4,248.0 Hollin Meadows - 154.0 Walden Glen
Walden Glen,Week5,Dominion Hills,Week4,231.0 Dominion Hills - 170.0 Walden Glen
Walden Glen,Week5,Dominion Hills,Week5,242.0 Dominion Hills - 160.0 Walden Glen
Walden Glen,Week5,Dominion Hills,Week2,218.0 Dominion Hills - 184.0 Walden Glen
Wakefield Chapel,Week5,Waynewood,Week4,279.5 Wakefield Chapel - 122.5 Waynewood
Wakefield Chapel,Week1,Dunn Loring,Week4,232.0 Wakefield Chapel - 170.0 Dunn Loring
Walden Glen,Week1,Donaldson Run,Week5,347.0 Donaldson Run - 55.0 Walden Glen
Walden Glen,Week5,Hollin Meadows,Week5,233.5 Hollin Meadows - 168.5 Walden Glen
Wakefield Chapel,Week1,Rolling Forest,Week4,310.0 Wakefield Chapel - 92.0 Rolling Forest
Walden Glen,Week1,Holmes Run Acres,Week2,253.0 Holmes Run Acres - 149.0 Walden Glen
Wakefield Chapel,Week5,Riverside Gardens,Week2,286.0 Wakefield Chapel - 116.0 Riverside Gardens
Walden Glen,Week2,Hollin Meadows,Week2,234.5 Hollin Meadows - 167.5 Walden Glen
Wakefield Chapel,Week2,Rolling Forest,Week3,277.0 Wakefield Chapel - 125.0 Rolling Forest
Wakefield Chapel,Week3,Waynewood,Week4,279.0 Wakefield Chapel - 123.0 Waynewood
Wakefield Chapel,Week2,Dunn Loring,Week1,237.0 Wakefield Chapel - 165.0 Dunn Loring
Walden Glen,Week2,Donaldson Run,Week3,320.0 Donaldson Run - 82.0 Walden Glen
Walden Glen,Week2,Hollin Meadows,Week1,249.0 Hollin Meadows - 149.0 Walden Glen
Wakefield Chapel,Week1,Rolling Hills,Week1,325.0 Wakefield Chapel - 77.0 Rolling Hills
Walden Glen,Week4,Hollin Meadows,Week5,250.0 Hollin Meadows - 152.0 Walden Glen
Walden Glen,Week2,Holmes Run Acres,Week2,228.0 Holmes Run Acres - 174.0 Walden Glen
Wakefield Chapel,Week5,Waynewood,Week1,283.0 Wakefield Chapel - 119.0 Waynewood
Wakefield Chapel,Week5,Dowden Terrace,Week2,297.0 Wakefield Chapel - 105.0 Dowden Terrace
Wakefield Chapel,Week5,Dunn Loring,Week5,236.0 Wakefield Chapel - 166.0 Dunn Loring
Wakefield Chapel,Week1,Rolling Hills,Week3,330.0 Wakefield Chapel - 72.0 Rolling Hills
Wakefield Chapel,Week1,Rolling Hills,Week5,336.0 Wakefield Chapel - 66.0 Rolling Hills
Wakefield Chapel,Week5,Waynewood,Week2,264.0 Wakefield Chapel - 138.0 Waynewood
Walden Glen,Week3,Donaldson Run,Week4,318.0 Donaldson Run - 84.0 Walden Glen
Wakefield Chapel,Week4,Waynewood,Week5,235.0 Wakefield Chapel - 167.0 Waynewood
Wakefield Chapel,Week5,Dunn Loring,Week1,261.0 Wakefield Chapel - 141.0 Dunn Loring
Wakefield Chapel,Week4,Waynewood,Week1,271.0 Wakefield Chapel - 131.0 Waynewood
Walden Glen,Week4,Donaldson Run,Week2,308.0 Donaldson Run - 94.0 Walden Glen
Wakefield Chapel,Week4,Rolling Forest,Week5,288.0 Wakefield Chapel - 114.0 Rolling Forest
Wakefield Chapel,Week3,Woodley,Week1,355.0 Wakefield Chapel - 47.0 Woodley
Wakefield Chapel,Week5,Dowden Terrace,Week3,305.0 Wakefield Chapel - 97.0 Dowden Terrace
Wakefield Chapel,Week5,Dowden Terrace,Week1,297.0 Wakefield Chapel - 105.0 Dowden Terrace
Wakefield Chapel,Week2,Rolling Hills,Week1,321.5 Wakefield Chapel - 80.5 Rolling Hills
Wakefield Chapel,Week2,Woodley,Week3,360.5 Wakefield Chapel - 41.5 Woodley
Wakefield Chapel,Week3,Dunn Loring,Week1,250.0 Wakefield Chapel - 152.0 Dunn Loring
Walden Glen,Week2,Holmes Run Acres,Week3,265.0 Holmes Run Acres - 137.0 Walden Glen
Walden Glen,Week5,Donaldson Run,Week1,286.0 Donaldson Run - 116.0 Walden Glen
Wakefield Chapel,Week3,Woodley,Week2,356.0 Wakefield Chapel - 46.0 Woodley
Walden Glen,Week5,Hollin Meadows,Week3,223.0 Hollin Meadows - 179.0 Walden Glen
Wakefield Chapel,Week5,Rolling Forest,Week1,315.0 Wakefield Chapel - 87.0 Rolling Forest
Wakefield Chapel,Week3,Rolling Hills,Week3,337.0 Wakefield Chapel - 65.0 Rolling Hills
Walden Glen,Week5,Donaldson Run,Week2,287.0 Donaldson Run - 115.0 Walden Glen
Wakefield Chapel,Week3,Woodley,Week3,362.0 Wakefield Chapel - 40.0 Woodley
Wakefield Chapel,Week2,Dunn Loring,Week2,220.0 Wakefield Chapel - 182.0 Dunn Loring
Walden Glen,Week2,Donaldson Run,Week5,341.0 Donaldson Run - 60.0 Walden Glen
Wakefield Chapel,Week4,Rolling Forest,Week2,307.0 Wakefield Chapel - 95.0 Rolling Forest
Wakefield Chapel,Week1,Dunn Loring,Week1,259.0 Wakefield Chapel - 143.0 Dunn Loring
Walden Glen,Week5,Donaldson Run,Week3,301.0 Donaldson Run - 101.0 Walden Glen
Wakefield Chapel,Week5,Dowden Terrace,Week5,279.0 Wakefield Chapel - 123.0 Dowden Terrace
Walden Glen,Week1,Dowden Terrace,Week3,246.0 Dowden Terrace - 156.0 Walden Glen
Walden Glen,Week1,Hunt Valley,Week2,333.0 Hunt Valley - 69.0 Walden Glen
Wakefield Chapel,Week2,Rolling Hills,Week3,333.0 Wakefield Chapel - 69.0 Rolling Hills
Walden Glen,Week1,Dowden Terrace,Week1,261.0 Dowden Terrace - 139.0 Walden Glen
Walden Glen,Week3,Holmes Run Acres,Week1,229.0 Holmes Run Acres - 173.0 Walden Glen
Wakefield Chapel,Week2,Dunn Loring,Week5,217.0 Wakefield Chapel - 185.0 Dunn Loring
Walden Glen,Week2,Holmes Run Acres,Week5,268.0 Holmes Run Acres - 134.0 Walden Glen
Walden Glen,Week3,Donaldson Run,Week5,330.0 Donaldson Run - 72.0 Walden Glen
Walden Glen,Week1,Holmes Run Acres,Week5,292.0 Holmes Run Acres - 110.0 Walden Glen
Wakefield Chapel,Week2,Rolling Hills,Week5,334.0 Wakefield Chapel - 68.0 Rolling Hills
Wakefield Chapel,Week4,Woodley,Week1,350.0 Wakefield Chapel - 52.0 Woodley
Wakefield Chapel,Week1,Woodley,Week4,353.0 Wakefield Chapel - 49.0 Woodley
Walden Glen,Week4,Donaldson Run,Week5,323.0 Donaldson Run - 79.0 Walden Glen
Wakefield Chapel,Week3,Woodley,Week4,365.0 Wakefield Chapel - 32.0 Woodley
Walden Glen,Week4,Holmes Run Acres,Week3,255.0 Holmes Run Acres - 147.0 Walden Glen
Wakefield Chapel,Week3,Dunn Loring,Week4,242.0 Wakefield Chapel - 160.0 Dunn Loring
Wakefield Chapel,Week5,Rolling Forest,Week3,303.0 Wakefield Chapel - 99.0 Rolling Forest
Walden Glen,Week1,Dowden Terrace,Week4,271.0 Dowden Terrace - 126.0 Walden Glen
Wakefield Chapel,Week3,Rolling Hills,Week4,333.0 Wakefield Chapel - 69.0 Rolling Hills
Wakefield Chapel,Week5,Rolling Forest,Week2,318.0 Wakefield Chapel - 84.0 Rolling Forest
Wakefield Chapel,Week4,Woodley,Week3,360.0 Wakefield Chapel - 42.0 Woodley
Wakefield Chapel,Week4,Dunn Loring,Week5,208.0 Dunn Loring - 194.0 Wakefield Chapel
Wakefield Chapel,Week4,Woodley,Week2,347.0 Wakefield Chapel - 55.0 Woodley
Walden Glen,Week2,Hunt Valley,Week3,325.5 Hunt Valley - 75.5 Walden Glen
Walden Glen,Week5,Donaldson Run,Week5,309.0 Donaldson Run - 93.0 Walden Glen
Walden Glen,Week2,Annandale,Week1,240.0 Walden Glen - 162.0 Annandale
Walden Glen,Week1,Hunt Valley,Week4,327.0 Hunt Valley - 75.0 Walden Glen
Walden Glen,Week2,Hunt Valley,Week5,339.0 Hunt Valley - 63.0 Walden Glen
Wakefield Chapel,Week4,Dunn Loring,Week2,210.0 Wakefield Chapel - 192.0 Dunn Loring
Wakefield Chapel,Week5,Woodley,Week2,359.0 Wakefield Chapel - 43.0 Woodley
Wakefield Chapel,Week4,Rolling Hills,Week3,329.0 Wakefield Chapel - 73.0 Rolling Hills
Walden Glen,Week4,Donaldson Run,Week1,302.0 Donaldson Run - 100.0 Walden Glen
Walden Glen,Week3,Annandale,Week4,245.0 Walden Glen - 157.0 Annandale
Wakefield Chapel,Week4,Rolling Hills,Week5,334.0 Wakefield Chapel - 68.0 Rolling Hills
Walden Glen,Week3,Hunt Valley,Week3,333.0 Hunt Valley - 69.0 Walden Glen
Walden Glen,Week2,Donaldson Run,Week4,318.0 Donaldson Run - 84.0 Walden Glen
Walden Glen,Week3,Holmes Run Acres,Week5,260.0 Holmes Run Acres - 142.0 Walden Glen
Wakefield Chapel,Week4,Dunn Loring,Week3,203.0 Wakefield Chapel - 199.0 Dunn Loring
Wakefield Chapel,Week1,Dunn Loring,Week5,222.0 Wakefield Chapel - 180.0 Dunn Loring
Wakefield Chapel,Week5,Dowden Terrace,Week4,293.0 Wakefield Chapel - 109.0 Dowden Terrace
Walden Glen,Week3,Annandale,Week1,241.0 Walden Glen - 160.0 Annandale
Walden Glen,Week4,Donaldson Run,Week3,310.0 Donaldson Run - 92.0 Walden Glen
Wakefield Chapel,Week3,Rolling Forest,Week2,313.0 Wakefield Chapel - 89.0 Rolling Forest
Walden Glen,Week3,Holmes Run Acres,Week4,242.0 Holmes Run Acres - 160.0 Walden Glen
Wakefield Chapel,Week2,Dunn Loring,Week3,204.0 Wakefield Chapel - 198.0 Dunn Loring
Walden Glen,Week3,Donaldson Run,Week3,324.0 Donaldson Run - 78.0 Walden Glen
Wakefield Chapel,Week3,Dunn Loring,Week2,244.0 Wakefield Chapel - 158.0 Dunn Loring
Wakefield Chapel,Week5,Rolling Hills,Week1,340.0 Wakefield Chapel - 62.0 Rolling Hills
Walden Glen,Week2,Donaldson Run,Week2,313.0 Donaldson Run - 89.0 Walden Glen
Wakefield Chapel,Week4,Rolling Hills,Week4,323.0 Wakefield Chapel - 79.0 Rolling Hills
Wakefield Chapel,Week5,Woodley,Week1,360.0 Wakefield Chapel - 42.0 Woodley
Walden Glen,Week5,Holmes Run Acres,Week5,251.0 Holmes Run Acres - 151.0 Walden Glen
Walden Glen,Week1,Dowden Terrace,Week2,265.0 Dowden Terrace - 137.0 Walden Glen
Walden Glen,Week2,Annandale,Week2,231.0 Walden Glen - 171.0 Annandale
Walden Glen,Week5,Holmes Run Acres,Week3,251.0 Holmes Run Acres - 151.0 Walden Glen
Walden Glen,Week3,Hunt Valley,Week5,343.0 Hunt Valley - 59.0 Walden Glen
Wakefield Chapel,Week3,Rolling Hills,Week1,324.0 Wakefield Chapel - 78.0 Rolling Hills
Wakefield Chapel,Week1,Dunn Loring,Week2,225.0 Wakefield Chapel - 177.0 Dunn Loring
Wakefield Chapel,Week3,Rolling Forest,Week5,295.0 Wakefield Chapel - 107.0 Rolling Forest
Walden Glen,Week1,Annandale,Week1,212.0 Walden Glen - 190.0 Annandale
Walden Glen,Week5,Donaldson Run,Week4,296.0 Donaldson Run - 106.0 Walden Glen
Walden Glen,Week3,Hunt Valley,Week2,326.0 Hunt Valley - 76.0 Walden Glen
Wakefield Chapel,Week3,Dunn Loring,Week5,227.0 Wakefield Chapel - 175.0 Dunn Loring
Walden Glen,Week4,Holmes Run Acres,Week5,265.0 Holmes Run Acres - 137.0 Walden Glen
Walden Glen,Week3,Donaldson Run,Week2,322.0 Donaldson Run - 80.0 Walden Glen
Walden Glen,Week3,Hunt Valley,Week4,329.0 Hunt Valley - 73.0 Walden Glen
Wakefield Chapel,Week5,Rolling Forest,Week4,326.0 Wakefield Chapel - 76.0 Rolling Forest
Walden Glen,Week1,Annandale,Week4,217.0 Walden Glen - 184.0 Annandale
Walden Glen,Week1,Annandale,Week2,205.0 Walden Glen - 197.0 Annandale
Wakefield Chapel,Week4,Woodley,Week5,337.0 Wakefield Chapel - 65.0 Woodley
Wakefield Chapel,Week4,Fair Oaks ,Week1,280.5 Wakefield Chapel - 121.5 Fair Oaks
Walden Glen,Week3,Donaldson Run,Week1,320.0 Donaldson Run - 82.0 Walden Glen
Walden Glen,Week1,Hunt Valley,Week3,337.0 Hunt Valley - 65.0 Walden Glen
Wakefield Chapel,Week5,Dunn Loring,Week2,251.0 Wakefield Chapel - 151.0 Dunn Loring
Wakefield Chapel,Week3,Rolling Forest,Week3,292.0 Wakefield Chapel - 110.0 Rolling Forest
Wakefield Chapel,Week5,Woodley,Week5,354.0 Wakefield Chapel - 48.0 Woodley
Wakefield Chapel,Week5,Dunn Loring,Week4,240.0 Wakefield Chapel - 162.0 Dunn Loring
Wakefield Chapel,Week4,Rolling Forest,Week1,296.0 Wakefield Chapel - 106.0 Rolling Forest
Walden Glen,Week4,Donaldson Run,Week4,302.0 Donaldson Run - 100.0 Walden Glen
Wakefield Chapel,Week5,Fair Oaks ,Week3,293.0 Wakefield Chapel - 109.0 Fair Oaks
Walden Glen,Week4,Hunt Valley,Week2,300.0 Hunt Valley - 102.0 Walden Glen
Wakefield Chapel,Week4,Rolling Forest,Week4,303.0 Wakefield Chapel - 99.0 Rolling Forest
Walden Glen,Week1,Dowden Terrace,Week5,284.0 Dowden Terrace - 118.0 Walden Glen
Walden Glen,Week5,Dowden Terrace,Week5,240.0 Dowden Terrace - 162.0 Walden Glen
Walden Glen,Week1,Dunn Loring,Week2,318.0 Dunn Loring - 84.0 Walden Glen
Walden Glen,Week3,Annandale,Week5,223.0 Walden Glen - 179.0 Annandale
Walden Glen,Week4,Holmes Run Acres,Week2,210.0 Holmes Run Acres - 192.0 Walden Glen
Wakefield Chapel,Week3,Rolling Forest,Week4,317.0 Wakefield Chapel - 85.0 Rolling Forest
Wakefield Chapel,Week4,Rolling Forest,Week3,282.0 Wakefield Chapel - 120.0 Rolling Forest
Walden Glen,Week4,Holmes Run Acres,Week4,235.0 Holmes Run Acres - 167.0 Walden Glen
Wakefield Chapel,Week4,Fair Oaks ,Week3,256.0 Wakefield Chapel - 146.0 Fair Oaks
Walden Glen,Week4,Dowden Terrace,Week2,224.0 Dowden Terrace - 178.0 Walden Glen
Wakefield Chapel,Week5,Rolling Forest,Week5,310.0 Wakefield Chapel - 92.0 Rolling Forest
Wakefield Chapel,Week3,Fair Oaks ,Week2,322.0 Wakefield Chapel - 80.0 Fair Oaks
Walden Glen,Week4,Dowden Terrace,Week3,204.0 Walden Glen - 198.0 Dowden Terrace
Walden Glen,Week4,Annandale,Week3,232.0 Walden Glen - 165.0 Annandale
Walden Glen,Week5,Dowden Terrace,Week3,208.0 Walden Glen - 194.0 Dowden Terrace
Walden Glen,Week4,Annandale,Week2,242.0 Walden Glen - 160.0 Annandale
Walden Glen,Week4,Annandale,Week1,259.0 Walden Glen - 143.0 Annandale
Walden Glen,Week5,Annandale,Week1,280.0 Walden Glen - 122.0 Annandale
Wakefield Chapel,Week1,Rolling Hills,Week2,330.0 Wakefield Chapel - 72.0 Rolling Hills
Walden Glen,Week4,Hunt Valley,Week3,322.0 Hunt Valley - 80.0 Walden Glen
Wakefield Chapel,Week2,Fair Oaks ,Week3,269.0 Wakefield Chapel - 133.0 Fair Oaks
Wakefield Chapel,Week4,Fair Oaks ,Week5,252.0 Wakefield Chapel - 150.0 Fair Oaks
Walden Glen,Week2,Annandale,Week5,228.0 Walden Glen - 174.0 Annandale
Walden Glen,Week1,Hunt Valley,Week5,352.0 Hunt Valley - 50.0 Walden Glen
Wakefield Chapel,Week1,Rolling Hills,Week4,336.0 Wakefield Chapel - 66.0 Rolling Hills
Walden Glen,Week2,Dunn Loring,Week2,299.0 Dunn Loring - 103.0 Walden Glen
Walden Glen,Week4,Hunt Valley,Week1,306.0 Hunt Valley - 96.0 Walden Glen
Walden Glen,Week2,Dowden Terrace,Week4,254.0 Dowden Terrace - 143.0 Walden Glen
Walden Glen,Week5,Holmes Run Acres,Week1,208.0 Holmes Run Acres - 194.0 Walden Glen
Walden Glen,Week4,Annandale,Week5,238.0 Walden Glen - 164.0 Annandale
Wakefield Chapel,Week2,Fairfax,Week3,212.0 Fairfax - 190.0 Wakefield Chapel
Wakefield Chapel,Week5,Fair Oaks ,Week4,309.0 Wakefield Chapel - 93.0 Fair Oaks
Wakefield Chapel,Week2,Rolling Hills,Week2,337.0 Wakefield Chapel - 65.0 Rolling Hills
Wakefield Chapel,Week5,Woodley,Week4,363.0 Wakefield Chapel - 39.0 Woodley
Wakefield Chapel,Week3,Fair Oaks ,Week1,296.0 Wakefield Chapel - 106.0 Fair Oaks
Wakefield Chapel,Week3,Rolling Hills,Week5,340.0 Wakefield Chapel - 62.0 Rolling Hills
Wakefield Chapel,Week1,Fair Oaks ,Week3,291.0 Wakefield Chapel - 111.0 Fair Oaks
Walden Glen,Week2,Hunt Valley,Week1,310.0 Hunt Valley - 92.0 Walden Glen
Wakefield Chapel,Week2,Rolling Hills,Week4,330.0 Wakefield Chapel - 71.0 Rolling Hills
Wakefield Chapel,Week5,Fair Oaks ,Week2,326.5 Wakefield Chapel - 75.5 Fair Oaks
Walden Glen,Week4,Annandale,Week4,269.0 Walden Glen - 133.0 Annandale
Walden Glen,Week4,Dowden Terrace,Week5,261.0 Dowden Terrace - 141.0 Walden Glen
Walden Glen,Week5,Holmes Run Acres,Week2,214.0 Walden Glen - 188.0 Holmes Run Acres
Walden Glen,Week2,Dowden Terrace,Week2,229.0 Dowden Terrace - 173.0 Walden Glen
Walden Glen,Week1,Hunt Valley,Week1,324.0 Hunt Valley - 78.0 Walden Glen
Walden Glen,Week4,Dowden Terrace,Week1,217.0 Dowden Terrace - 176.0 Walden Glen
Wakefield Chapel,Week2,Rolling Valley,Week5,358.0 Wakefield Chapel - 44.0 Rolling Valley
Walden Glen,Week2,Annandale,Week4,256.0 Walden Glen - 145.0 Annandale
Walden Glen,Week2,Dowden Terrace,Week5,253.0 Dowden Terrace - 149.0 Walden Glen
Wakefield Chapel,Week3,Rolling Hills,Week2,336.0 Wakefield Chapel - 61.0 Rolling Hills
Walden Glen,Week5,Holmes Run Acres,Week4,217.0 Holmes Run Acres - 185.0 Walden Glen
Walden Glen,Week5,Annandale,Week2,262.0 Walden Glen - 140.0 Annandale
Wakefield Chapel,Week2,Rolling Valley,Week2,361.0 Wakefield Chapel - 41.0 Rolling Valley
Walden Glen,Week4,Holmes Run Acres,Week1,223.0 Holmes Run Acres - 179.0 Walden Glen
Wakefield Chapel,Week4,Rolling Hills,Week2,328.0 Wakefield Chapel - 74.0 Rolling Hills
Wakefield Chapel,Week2,Fair Oaks ,Week1,285.0 Wakefield Chapel - 117.0 Fair Oaks
Walden Glen,Week4,Dowden Terrace,Week4,235.0 Dowden Terrace - 162.0 Walden Glen
Wakefield Chapel,Week4,Rolling Hills,Week1,322.0 Wakefield Chapel - 80.0 Rolling Hills
Walden Glen,Week2,Hunt Valley,Week4,310.5 Hunt Valley - 90.5 Walden Glen
Walden Glen,Week3,Dowden Terrace,Week1,225.0 Dowden Terrace - 177.0 Walden Glen
Walden Glen,Week2,Annandale,Week3,217.0 Walden Glen - 180.0 Annandale
Walden Glen,Week3,Annandale,Week3,237.0 Walden Glen - 165.0 Annandale
Wakefield Chapel,Week5,Fair Oaks ,Week5,280.0 Wakefield Chapel - 122.0 Fair Oaks
Wakefield Chapel,Week1,Fair Oaks ,Week1,286.0 Wakefield Chapel - 116.0 Fair Oaks
Walden Glen,Week1,Annandale,Week3,209.0 Annandale - 188.0 Walden Glen
Wakefield Chapel,Week1,Rolling Valley,Week4,360.0 Wakefield Chapel - 42.0 Rolling Valley
Walden Glen,Week5,Dowden Terrace,Week1,210.0 Dowden Terrace - 188.0 Walden Glen
Wakefield Chapel,Week5,Woodley,Week3,362.0 Wakefield Chapel - 40.0 Woodley
Walden Glen,Week3,Dowden Terrace,Week3,231.0 Dowden Terrace - 171.0 Walden Glen
Walden Glen,Week3,Holmes Run Acres,Week3,257.0 Holmes Run Acres - 145.0 Walden Glen
Walden Glen,Week1,Dunn Loring,Week3,321.0 Dunn Loring - 81.0 Walden Glen
Wakefield Chapel,Week1,Fairfax,Week1,239.0 Wakefield Chapel - 163.0 Fairfax
Walden Glen,Week5,Annandale,Week3,259.0 Walden Glen - 143.0 Annandale
Walden Glen,Week2,Hunt Valley,Week2,307.5 Hunt Valley - 93.5 Walden Glen
Walden Glen,Week3,Hunt Valley,Week1,314.0 Hunt Valley - 88.0 Walden Glen
Wakefield Chapel,Week4,Fairfax,Week1,210.0 Wakefield Chapel - 192.0 Fairfax
Wakefield Chapel,Week1,Fairfax,Week4,226.0 Wakefield Chapel - 176.0 Fairfax
Wakefield Chapel,Week5,Rolling Hills,Week2,339.5 Wakefield Chapel - 62.5 Rolling Hills
Wakefield Chapel,Week5,Rolling Hills,Week5,347.0 Wakefield Chapel - 55.0 Rolling Hills
Walden Glen,Week2,Hunter Mill,Week1,257.0 Hunter Mill - 139.0 Walden Glen
Wakefield Chapel,Week1,Fairfax,Week2,217.0 Wakefield Chapel - 185.0 Fairfax
Walden Glen,Week1,Hunter Mill,Week5,308.0 Hunter Mill - 94.0 Walden Glen
Walden Glen,Week5,Dowden Terrace,Week2,218.0 Dowden Terrace - 184.0 Walden Glen
Wakefield Chapel,Week3,Fair Oaks ,Week3,292.5 Wakefield Chapel - 109.5 Fair Oaks
Walden Glen,Week3,Dowden Terrace,Week4,250.0 Dowden Terrace - 152.0 Walden Glen
Wakefield Chapel,Week1,Fair Oaks ,Week2,322.0 Wakefield Chapel - 80.0 Fair Oaks
Wakefield Chapel,Week3,Fair Oaks ,Week4,302.0 Wakefield Chapel - 100.0 Fair Oaks
Walden Glen,Week3,Annandale,Week2,225.0 Walden Glen - 177.0 Annandale
Wakefield Chapel,Week5,Rolling Hills,Week4,342.5 Wakefield Chapel - 59.5 Rolling Hills
Walden Glen,Week1,Annandale,Week5,206.0 Annandale - 196.0 Walden Glen
Wakefield Chapel,Week1,Rolling Valley,Week3,359.0 Wakefield Chapel - 43.0 Rolling Valley
Walden Glen,Week4,Hunter Mill,Week4,264.5 Hunter Mill - 136.5 Walden Glen
Walden Glen,Week4,Hunter Mill,Week3,271.0 Hunter Mill - 131.0 Walden Glen
Walden Glen,Week2,Arlington Forest,Week4,272.0 Arlington Forest - 130.0 Walden Glen
Walden Glen,Week5,Dowden Terrace,Week4,217.0 Dowden Terrace - 185.0 Walden Glen
Walden Glen,Week5,Arlington Forest,Week2,207.0 Arlington Forest - 195.0 Walden Glen
Wakefield Chapel,Week1,Rolling Valley,Week2,365.0 Wakefield Chapel - 37.0 Rolling Valley
Walden Glen,Week2,Dowden Terrace,Week1,221.0 Dowden Terrace - 180.0 Walden Glen
Walden Glen,Week2,Dowden Terrace,Week3,214.5 Dowden Terrace - 187.5 Walden Glen
Walden Glen,Week2,Hunter Mill,Week3,284.0 Hunter Mill - 117.0 Walden Glen
Wakefield Chapel,Week2,Fair Oaks ,Week2,314.0 Wakefield Chapel - 88.0 Fair Oaks
Walden Glen,Week4,Hunt Valley,Week4,304.0 Hunt Valley - 98.0 Walden Glen
Walden Glen,Week5,Hunt Valley,Week4,296.0 Hunt Valley - 106.0 Walden Glen
Walden Glen,Week5,Hunt Valley,Week3,305.0 Hunt Valley - 97.0 Walden Glen
Walden Glen,Week3,Dowden Terrace,Week5,265.0 Dowden Terrace - 137.0 Walden Glen
Wakefield Chapel,Week1,Fair Oaks ,Week4,291.0 Wakefield Chapel - 111.0 Fair Oaks
Wakefield Chapel,Week1,Rolling Valley,Week5,349.0 Wakefield Chapel - 53.0 Rolling Valley
Wakefield Chapel,Week3,Rolling Valley,Week3,361.0 Wakefield Chapel - 41.0 Rolling Valley
Wakefield Chapel,Week3,Rolling Valley,Week5,356.0 Wakefield Chapel - 46.0 Rolling Valley
Wakefield Chapel,Week2,Fair Oaks ,Week5,267.0 Wakefield Chapel - 135.0 Fair Oaks
Wakefield Chapel,Week3,Rolling Valley,Week4,359.5 Wakefield Chapel - 42.5 Rolling Valley
Walden Glen,Week3,Arlington Forest,Week1,252.0 Arlington Forest - 150.0 Walden Glen
Walden Glen,Week2,Arlington Forest,Week3,225.0 Arlington Forest - 177.0 Walden Glen
Wakefield Chapel,Week3,Fair Oaks ,Week5,282.0 Wakefield Chapel - 120.0 Fair Oaks
Walden Glen,Week1,Arlington Forest,Week5,282.0 Arlington Forest - 115.0 Walden Glen
Walden Glen,Week1,Dunn Loring,Week5,327.0 Dunn Loring - 75.0 Walden Glen
Walden Glen,Week5,Arlington Forest,Week1,227.5 Arlington Forest - 174.5 Walden Glen
Walden Glen,Week1,Arlington Forest,Week1,277.0 Arlington Forest - 125.0 Walden Glen
Wakefield Chapel,Week4,Fair Oaks ,Week2,304.0 Wakefield Chapel - 98.0 Fair Oaks
Wakefield Chapel,Week2,Rolling Valley,Week3,365.0 Wakefield Chapel - 37.0 Rolling Valley
Walden Glen,Week3,Hunter Mill,Week2,267.0 Hunter Mill - 134.0 Walden Glen
Walden Glen,Week3,Arlington Forest,Week5,280.0 Arlington Forest - 122.0 Walden Glen
Wakefield Chapel,Week3,Rolling Valley,Week2,364.0 Wakefield Chapel - 38.0 Rolling Valley
Walden Glen,Week3,Arlington Forest,Week2,240.0 Arlington Forest - 162.0 Walden Glen
Walden Glen,Week1,Dunn Loring,Week1,285.0 Dunn Loring - 117.0 Walden Glen
Walden Glen,Week3,Dowden Terrace,Week2,237.0 Dowden Terrace - 165.0 Walden Glen
Wakefield Chapel,Week2,Fair Oaks ,Week4,298.0 Wakefield Chapel - 104.0 Fair Oaks
Wakefield Chapel,Week1,Fair Oaks ,Week5,273.0 Wakefield Chapel - 129.0 Fair Oaks
Wakefield Chapel,Week3,Rolling Valley,Week1,379.0 Wakefield Chapel - 23.0 Rolling Valley
Walden Glen,Week2,Dunn Loring,Week1,270.0 Dunn Loring - 132.0 Walden Glen
Walden Glen,Week5,Hunter Mill,Week3,263.0 Hunter Mill - 139.0 Walden Glen
Walden Glen,Week4,Dunn Loring,Week4,311.0 Dunn Loring - 91.0 Walden Glen
Wakefield Chapel,Week4,Rolling Valley,Week4,350.0 Wakefield Chapel - 52.0 Rolling Valley
Wakefield Chapel,Week5,Fair Oaks ,Week1,309.0 Wakefield Chapel - 93.0 Fair Oaks
Walden Glen,Week2,Dunn Loring,Week4,306.0 Dunn Loring - 95.0 Walden Glen
Walden Glen,Week2,Arlington Forest,Week1,253.0 Arlington Forest - 149.0 Walden Glen
Walden Glen,Week5,Hunt Valley,Week5,306.0 Hunt Valley - 96.0 Walden Glen
Walden Glen,Week3,Hunter Mill,Week1,275.0 Hunter Mill - 127.0 Walden Glen
Walden Glen,Week3,Dunn Loring,Week1,277.0 Dunn Loring - 125.0 Walden Glen
Walden Glen,Week5,Annandale,Week5,259.0 Walden Glen - 143.0 Annandale
Walden Glen,Week2,Hunter Mill,Week2,263.0 Hunter Mill - 135.0 Walden Glen
Wakefield Chapel,Week4,Fair Oaks ,Week4,285.5 Wakefield Chapel - 116.5 Fair Oaks
Walden Glen,Week1,Arlington Forest,Week3,255.0 Arlington Forest - 147.0 Walden Glen
Wakefield Chapel,Week4,Rolling Valley,Week2,351.0 Wakefield Chapel - 51.0 Rolling Valley
Walden Glen,Week4,Arlington Forest,Week2,216.0 Arlington Forest - 181.0 Walden Glen
Wakefield Chapel,Week2,Rolling Valley,Week1,384.0 Wakefield Chapel - 18.0 Rolling Valley
Walden Glen,Week4,Hunt Valley,Week5,330.0 Hunt Valley - 72.0 Walden Glen
Wakefield Chapel,Week2,Fairfax,Week1,214.0 Wakefield Chapel - 188.0 Fairfax
Walden Glen,Week2,Arlington Forest,Week2,232.0 Arlington Forest - 165.0 Walden Glen
Wakefield Chapel,Week1,Fairfax,Week3,208.0 Wakefield Chapel - 194.0 Fairfax
Wakefield Chapel,Week4,Rolling Valley,Week3,353.0 Wakefield Chapel - 49.0 Rolling Valley
Wakefield Chapel,Week3,Fairfax,Week1,227.0 Wakefield Chapel - 175.0 Fairfax
Walden Glen,Week1,Fair Oaks ,Week4,269.5 Fair Oaks - 132.5 Walden Glen
Wakefield Chapel,Week2,Rolling Valley,Week4,362.0 Wakefield Chapel - 40.0 Rolling Valley
Wakefield Chapel,Week2,Fairfax,Week2,202.0 Wakefield Chapel - 200.0 Fairfax
Walden Glen,Week4,Virginia Run,Week3,256.0 Virginia Run - 146.0 Walden Glen
Walden Glen,Week2,Fair Oaks ,Week2,219.5 Fair Oaks - 182.5 Walden Glen
Wakefield Chapel,Week3,Fairfax,Week2,209.0 Wakefield Chapel - 193.0 Fairfax
Walden Glen,Week5,Annandale,Week4,281.0 Walden Glen - 121.0 Annandale
Walden Glen,Week1,Hunter Mill,Week1,298.0 Hunter Mill - 99.0 Walden Glen
Wakefield Chapel,Week4,Rolling Valley,Week1,378.0 Wakefield Chapel - 24.0 Rolling Valley
Walden Glen,Week1,Arlington Forest,Week2,262.0 Arlington Forest - 135.0 Walden Glen
Walden Glen,Week1,Hunter Mill,Week4,310.0 Hunter Mill - 91.0 Walden Glen
Wakefield Chapel,Week2,Fairfax,Week5,218.0 Fairfax - 184.0 Wakefield Chapel
Wakefield Chapel,Week1,Rolling Valley,Week1,382.0 Wakefield Chapel - 20.0 Rolling Valley
Walden Glen,Week3,Arlington Forest,Week3,229.0 Arlington Forest - 173.0 Walden Glen
Walden Glen,Week5,Dunn Loring,Week2,281.0 Dunn Loring - 121.0 Walden Glen
Wakefield Chapel,Week5,Rolling Hills,Week3,347.0 Wakefield Chapel - 55.0 Rolling Hills
Wakefield Chapel,Week1,Fairfax,Week5,201.0 Fairfax - 201.0 Wakefield Chapel
Wakefield Chapel,Week2,Fairfax,Week4,213.0 Wakefield Chapel - 189.0 Fairfax
Walden Glen,Week1,Hunter Mill,Week2,285.0 Hunter Mill - 117.0 Walden Glen
Walden Glen,Week3,Wakefield Chapel,Week5,329.0 Wakefield Chapel - 73.0 Walden Glen
Walden Glen,Week3,Hunter Mill,Week3,301.0 Hunter Mill - 101.0 Walden Glen
Walden Glen,Week2,Hunter Mill,Week5,281.0 Hunter Mill - 121.0 Walden Glen
Walden Glen,Week5,Dunn Loring,Week5,297.0 Dunn Loring - 105.0 Walden Glen
Walden Glen,Week3,Fair Oaks ,Week3,259.0 Fair Oaks - 143.0 Walden Glen
Walden Glen,Week4,Arlington Forest,Week3,223.0 Arlington Forest - 178.0 Walden Glen
Walden Glen,Week2,Fair Oaks ,Week5,267.0 Fair Oaks - 135.0 Walden Glen
Walden Glen,Week4,Hunter Mill,Week1,238.0 Hunter Mill - 159.0 Walden Glen
Walden Glen,Week3,Hunter Mill,Week5,297.0 Hunter Mill - 105.0 Walden Glen
Walden Glen,Week1,Dunn Loring,Week4,321.0 Dunn Loring - 81.0 Walden Glen
Walden Glen,Week3,Dunn Loring,Week3,313.0 Dunn Loring - 89.0 Walden Glen
Wakefield Chapel,Week3,Fairfax,Week4,228.0 Wakefield Chapel - 174.0 Fairfax
Walden Glen,Week5,Virginia Run,Week4,230.0 Virginia Run - 172.0 Walden Glen
Wakefield Chapel,Week3,Fairfax,Week3,206.5 Wakefield Chapel - 195.5 Fairfax
Walden Glen,Week4,Hunter Mill,Week5,280.0 Hunter Mill - 122.0 Walden Glen
Walden Glen,Week3,Hunter Mill,Week4,292.0 Hunter Mill - 109.0 Walden Glen
Walden Glen,Week2,Wakefield Chapel,Week3,308.0 Wakefield Chapel - 94.0 Walden Glen
Wakefield Chapel,Week3,Fairfax,Week5,205.0 Fairfax - 197.0 Wakefield Chapel
Walden Glen,Week4,Dunn Loring,Week5,297.0 Dunn Loring - 105.0 Walden Glen
Walden Glen,Week3,Arlington Forest,Week4,278.0 Arlington Forest - 124.0 Walden Glen
Walden Glen,Week1,Arlington Forest,Week4,296.0 Arlington Forest - 106.0 Walden Glen
Walden Glen,Week2,Arlington Forest,Week5,270.0 Arlington Forest - 127.0 Walden Glen
Walden Glen,Week5,Virginia Run,Week5,253.0 Virginia Run - 149.0 Walden Glen
Walden Glen,Week1,Hunter Mill,Week3,311.0 Hunter Mill - 91.0 Walden Glen
Walden Glen,Week4,Arlington Forest,Week1,247.0 Arlington Forest - 155.0 Walden Glen
Walden Glen,Week3,Fair Oaks ,Week2,239.5 Fair Oaks - 162.5 Walden Glen
Wakefield Chapel,Week4,Fairfax,Week3,216.0 Fairfax - 186.0 Wakefield Chapel
Walden Glen,Week5,Hunt Valley,Week2,279.0 Hunt Valley - 123.0 Walden Glen
Walden Glen,Week4,Dunn Loring,Week2,295.0 Dunn Loring - 107.0 Walden Glen
Walden Glen,Week3,Dunn Loring,Week4,315.0 Dunn Loring - 87.0 Walden Glen
Walden Glen,Week4,Brandywine,Week4,229.0 Brandywine - 173.0 Walden Glen
Walden Glen,Week4,Virginia Run,Week1,276.0 Virginia Run - 126.0 Walden Glen
Walden Glen,Week2,Hunter Mill,Week4,282.0 Hunter Mill - 116.0 Walden Glen
Walden Glen,Week5,Wakefield Chapel,Week3,301.0 Wakefield Chapel - 101.0 Walden Glen
Walden Glen,Week1,Wakefield Chapel,Week2,317.0 Wakefield Chapel - 85.0 Walden Glen
Wakefield Chapel,Week4,Fairfax,Week2,201.0 Fairfax - 201.0 Wakefield Chapel
Walden Glen,Week5,Hunt Valley,Week1,282.0 Hunt Valley - 120.0 Walden Glen
Walden Glen,Week2,Dunn Loring,Week5,307.0 Dunn Loring - 95.0 Walden Glen
Walden Glen,Week3,Brandywine,Week2,215.0 Brandywine - 187.0 Walden Glen
Walden Glen,Week5,Arlington Forest,Week4,247.0 Arlington Forest - 155.0 Walden Glen
Walden Glen,Week5,Hunter Mill,Week1,245.0 Hunter Mill - 157.0 Walden Glen
Walden Glen,Week3,Dunn Loring,Week2,304.0 Dunn Loring - 98.0 Walden Glen
Walden Glen,Week2,Wakefield Chapel,Week5,324.0 Wakefield Chapel - 77.0 Walden Glen
Walden Glen,Week2,Wakefield Chapel,Week1,310.0 Wakefield Chapel - 92.0 Walden Glen
Walden Glen,Week1,Fair Oaks ,Week1,286.0 Fair Oaks - 116.0 Walden Glen
Walden Glen,Week1,Ilda Community,Week4,215.0 Ilda Community - 187.0 Walden Glen
Walden Glen,Week4,Hunter Mill,Week2,243.0 Hunter Mill - 158.0 Walden Glen
Walden Glen,Week2,Wakefield Chapel,Week4,310.0 Wakefield Chapel - 92.0 Walden Glen
Walden Glen,Week1,Fair Oaks ,Week2,240.0 Fair Oaks - 162.0 Walden Glen
Walden Glen,Week4,Arlington Forest,Week4,261.0 Arlington Forest - 141.0 Walden Glen
Walden Glen,Week5,Hunter Mill,Week2,248.0 Hunter Mill - 153.0 Walden Glen
Walden Glen,Week2,Brandywine,Week2,218.0 Brandywine - 184.0 Walden Glen
Walden Glen,Week3,Ilda Community,Week1,227.0 Walden Glen - 171.0 Ilda Community
Walden Glen,Week4,Arlington Forest,Week5,259.0 Arlington Forest - 138.0 Walden Glen
Walden Glen,Week4,Virginia Run,Week2,252.0 Virginia Run - 150.0 Walden Glen
Walden Glen,Week4,Wakefield Chapel,Week2,307.0 Wakefield Chapel - 95.0 Walden Glen
Walden Glen,Week2,Brandywine,Week1,216.0 Brandywine - 186.0 Walden Glen
Walden Glen,Week4,Dunn Loring,Week1,261.0 Dunn Loring - 141.0 Walden Glen
Walden Glen,Week2,Dunn Loring,Week3,302.0 Dunn Loring - 100.0 Walden Glen
Walden Glen,Week2,Brandywine,Week4,237.0 Brandywine - 164.0 Walden Glen
Wakefield Chapel,Week4,Vienna Aquatic,Week4,207.0 Wakefield Chapel - 195.0 Vienna Aquatic
Walden Glen,Week4,Dunn Loring,Week3,302.0 Dunn Loring - 100.0 Walden Glen
Walden Glen,Week2,Bren Mar-Edsall Park,Week1,330.0 Walden Glen - 71.0 Bren Mar-Edsall Park
Walden Glen,Week1,Fair Oaks ,Week3,290.0 Fair Oaks - 112.0 Walden Glen
Wakefield Chapel,Week1,Vienna Woods,Week3,206.0 Vienna Woods - 196.0 Wakefield Chapel
Walden Glen,Week3,Wakefield Chapel,Week1,317.0 Wakefield Chapel - 85.0 Walden Glen
Walden Glen,Week3,Wakefield Chapel,Week3,321.0 Wakefield Chapel - 81.0 Walden Glen
Walden Glen,Week3,Dunn Loring,Week5,311.0 Dunn Loring - 91.0 Walden Glen
Walden Glen,Week3,Brandywine,Week4,242.0 Brandywine - 160.0 Walden Glen
Walden Glen,Week1,Wakefield Chapel,Week5,338.0 Wakefield Chapel - 64.0 Walden Glen
Walden Glen,Week3,Ilda Community,Week3,259.0 Walden Glen - 142.0 Ilda Community
Wakefield Chapel,Week2,Little Hunting Park,Week3,333.0 Wakefield Chapel - 69.0 Little Hunting Park
Walden Glen,Week2,Fair Oaks ,Week3,257.0 Fair Oaks - 144.0 Walden Glen
Walden Glen,Week4,Ilda Community,Week2,252.0 Walden Glen - 149.0 Ilda Community
Walden Glen,Week3,Ilda Community,Week2,243.0 Walden Glen - 158.0 Ilda Community
Walden Glen,Week5,Virginia Run,Week2,229.0 Virginia Run - 173.0 Walden Glen
Walden Glen,Week1,Wakefield Chapel,Week3,329.0 Wakefield Chapel - 73.0 Walden Glen
Walden Glen,Week4,Brandywine,Week1,221.0 Brandywine - 181.0 Walden Glen
Walden Glen,Week5,Dunn Loring,Week3,280.0 Dunn Loring - 122.0 Walden Glen
Walden Glen,Week3,Ilda Community,Week5,228.0 Walden Glen - 170.0 Ilda Community
Walden Glen,Week4,Brandywine,Week2,207.0 Brandywine - 195.0 Walden Glen
Walden Glen,Week1,Ilda Community,Week5,203.0 Ilda Community - 197.0 Walden Glen
Walden Glen,Week5,Dunn Loring,Week1,254.0 Dunn Loring - 148.0 Walden Glen
Walden Glen,Week2,Fair Oaks ,Week1,263.0 Fair Oaks - 139.0 Walden Glen
Wakefield Chapel,Week4,Vienna Aquatic,Week5,241.0 Vienna Aquatic - 161.0 Wakefield Chapel
Wakefield Chapel,Week2,Little Hunting Park,Week4,327.0 Wakefield Chapel - 75.0 Little Hunting Park
Walden Glen,Week4,Virginia Run,Week5,279.0 Virginia Run - 123.0 Walden Glen
Walden Glen,Week2,Fair Oaks ,Week4,240.0 Fair Oaks - 162.0 Walden Glen
Walden Glen,Week1,Fair Oaks ,Week5,296.0 Fair Oaks - 106.0 Walden Glen
Walden Glen,Week5,Arlington Forest,Week3,207.0 Walden Glen - 194.0 Arlington Forest
Walden Glen,Week5,Hunter Mill,Week4,258.0 Hunter Mill - 143.0 Walden Glen
Wakefield Chapel,Week2,Vienna Woods,Week5,267.0 Vienna Woods - 135.0 Wakefield Chapel
Wakefield Chapel,Week1,Little Hunting Park,Week2,326.0 Wakefield Chapel - 76.0 Little Hunting Park
Walden Glen,Week1,Ilda Community,Week3,201.0 Walden Glen - 195.0 Ilda Community
Wakefield Chapel,Week1,Vienna Woods,Week4,218.0 Wakefield Chapel - 184.0 Vienna Woods
Wakefield Chapel,Week4,Vienna Woods,Week3,227.0 Vienna Woods - 175.0 Wakefield Chapel
Walden Glen,Week1,Brandywine,Week4,276.0 Brandywine - 126.0 Walden Glen
Wakefield Chapel,Week4,Vienna Woods,Week5,257.5 Vienna Woods - 144.5 Wakefield Chapel
Walden Glen,Week5,Virginia Run,Week3,234.0 Virginia Run - 168.0 Walden Glen
Walden Glen,Week4,Brandywine,Week3,229.0 Brandywine - 168.0 Walden Glen
Walden Glen,Week4,Ilda Community,Week1,246.0 Walden Glen - 152.0 Ilda Community
Wakefield Chapel,Week3,Vienna Woods,Week3,202.0 Vienna Woods - 200.0 Wakefield Chapel
Walden Glen,Week5,Dunn Loring,Week4,284.0 Dunn Loring - 118.0 Walden Glen
Walden Glen,Week2,Bren Mar-Edsall Park,Week4,318.0 Walden Glen - 78.0 Bren Mar-Edsall Park
Walden Glen,Week4,Ilda Community,Week3,243.0 Walden Glen - 153.0 Ilda Community
Walden Glen,Week5,Virginia Run,Week1,243.5 Virginia Run - 158.5 Walden Glen
Walden Glen,Week2,Ilda Community,Week2,239.0 Walden Glen - 159.0 Ilda Community
Walden Glen,Week1,Bren Mar-Edsall Park,Week3,303.0 Walden Glen - 98.0 Bren Mar-Edsall Park
Walden Glen,Week4,Virginia Run,Week4,270.0 Virginia Run - 132.0 Walden Glen
Walden Glen,Week1,Wakefield Chapel,Week4,322.0 Wakefield Chapel - 80.0 Walden Glen
Wakefield Chapel,Week1,Little Hunting Park,Week5,321.0 Wakefield Chapel - 81.0 Little Hunting Park
Walden Glen,Week1,Brandywine,Week5,279.0 Brandywine - 123.0 Walden Glen
Wakefield Chapel,Week3,Little Hunting Park,Week3,338.0 Wakefield Chapel - 64.0 Little Hunting Park
Walden Glen,Week3,Fair Oaks ,Week4,240.0 Fair Oaks - 162.0 Walden Glen
Walden Glen,Week1,Brandywine,Week2,249.0 Brandywine - 153.0 Walden Glen
Wakefield Chapel,Week2,Vienna Woods,Week2,218.0 Vienna Woods - 184.0 Wakefield Chapel
Wakefield Chapel,Week1,Vienna Woods,Week2,204.0 Vienna Woods - 198.0 Wakefield Chapel
Walden Glen,Week1,Wakefield Chapel,Week1,322.0 Wakefield Chapel - 80.0 Walden Glen
Walden Glen,Week1,Brandywine,Week1,243.0 Brandywine - 159.0 Walden Glen
Walden Glen,Week4,Ilda Community,Week4,218.0 Walden Glen - 183.0 Ilda Community
Walden Glen,Week3,Fair Oaks ,Week5,268.5 Fair Oaks - 133.5 Walden Glen
Wakefield Chapel,Week5,Vienna Aquatic,Week5,212.0 Vienna Aquatic - 190.0 Wakefield Chapel
Walden Glen,Week3,Fair Oaks ,Week1,268.0 Fair Oaks - 134.0 Walden Glen
Walden Glen,Week3,Wakefield Chapel,Week2,321.5 Wakefield Chapel - 80.5 Walden Glen
Walden Glen,Week5,Hunter Mill,Week5,271.0 Hunter Mill - 131.0 Walden Glen
Walden Glen,Week1,Ilda Community,Week1,214.0 Walden Glen - 187.0 Ilda Community
Walden Glen,Week4,Fair Oaks ,Week2,215.0 Fair Oaks - 187.0 Walden Glen
Wakefield Chapel,Week1,Little Hunting Park,Week1,326.0 Wakefield Chapel - 76.0 Little Hunting Park
Walden Glen,Week5,Ilda Community,Week1,269.0 Walden Glen - 129.0 Ilda Community
Walden Glen,Week1,Brandywine,Week3,247.0 Brandywine - 155.0 Walden Glen
Walden Glen,Week4,Fair Oaks ,Week4,231.0 Fair Oaks - 171.0 Walden Glen
Walden Glen,Week4,Fair Oaks ,Week3,244.0 Fair Oaks - 158.0 Walden Glen
Wakefield Chapel,Week1,Little Hunting Park,Week3,340.0 Wakefield Chapel - 62.0 Little Hunting Park
Walden Glen,Week4,Ilda Community,Week5,240.0 Walden Glen - 157.0 Ilda Community
Walden Glen,Week3,Ilda Community,Week4,207.0 Walden Glen - 194.0 Ilda Community
Walden Glen,Week4,Wakefield Chapel,Week3,309.0 Wakefield Chapel - 88.0 Walden Glen
Wakefield Chapel,Week2,Vienna Woods,Week4,209.5 Wakefield Chapel - 192.5 Vienna Woods
Walden Glen,Week2,Brandywine,Week5,259.0 Brandywine - 143.0 Walden Glen
Wakefield Chapel,Week2,Little Rocky Run,Week2,239.0 Wakefield Chapel - 163.0 Little Rocky Run
Walden Glen,Week2,Wakefield Chapel,Week2,311.0 Wakefield Chapel - 90.0 Walden Glen
Wakefield Chapel,Week2,Vienna Woods,Week3,249.0 Vienna Woods - 153.0 Wakefield Chapel
Wakefield Chapel,Week5,Lincolnia Park,Week5,370.0 Wakefield Chapel - 23.0 Lincolnia Park
Walden Glen,Week4,Fair Oaks ,Week1,253.0 Fair Oaks - 149.0 Walden Glen
Wakefield Chapel,Week5,Vienna Aquatic,Week1,227.0 Wakefield Chapel - 175.0 Vienna Aquatic
Wakefield Chapel,Week5,Vienna Aquatic,Week3,207.0 Wakefield Chapel - 195.0 Vienna Aquatic
Walden Glen,Week3,Brandywine,Week1,230.0 Brandywine - 172.0 Walden Glen
Walden Glen,Week3,Brandywine,Week3,242.0 Brandywine - 160.0 Walden Glen
Wakefield Chapel,Week3,Little Hunting Park,Week1,336.0 Wakefield Chapel - 66.0 Little Hunting Park
Wakefield Chapel,Week2,Little Hunting Park,Week5,320.0 Wakefield Chapel - 82.0 Little Hunting Park
Walden Glen,Week4,Wakefield Chapel,Week1,308.0 Wakefield Chapel - 94.0 Walden Glen
Walden Glen,Week5,Arlington Forest,Week5,252.0 Arlington Forest - 150.0 Walden Glen
Walden Glen,Week2,Ilda Community,Week3,244.0 Walden Glen - 148.0 Ilda Community
Wakefield Chapel,Week3,Vienna Woods,Week1,216.0 Vienna Woods - 186.0 Wakefield Chapel
Walden Glen,Week3,Wakefield Chapel,Week4,313.0 Wakefield Chapel - 89.0 Walden Glen
Walden Glen,Week4,Wakefield Chapel,Week5,321.0 Wakefield Chapel - 81.0 Walden Glen
Walden Glen,Week2,Fairfax,Week4,288.0 Fairfax - 114.0 Walden Glen
Walden Glen,Week4,Wakefield Chapel,Week4,300.0 Wakefield Chapel - 102.0 Walden Glen
Walden Glen,Week2,Ilda Community,Week1,236.0 Walden Glen - 157.0 Ilda Community
Walden Glen,Week2,Brandywine,Week3,237.0 Brandywine - 164.0 Walden Glen
Wakefield Chapel,Week4,Vienna Aquatic,Week3,211.0 Vienna Aquatic - 191.0 Wakefield Chapel
Walden Glen,Week5,Brandywine,Week5,218.0 Brandywine - 184.0 Walden Glen
Wakefield Chapel,Week5,Vienna Woods,Week3,202.0 Wakefield Chapel - 200.0 Vienna Woods
Wakefield Chapel,Week4,Vienna Woods,Week2,213.0 Vienna Woods - 189.0 Wakefield Chapel
Walden Glen,Week3,Fairfax,Week2,291.0 Fairfax - 111.0 Walden Glen
Walden Glen,Week2,Ilda Community,Week4,216.0 Walden Glen - 182.0 Ilda Community
Wakefield Chapel,Week3,Little Rocky Run,Week1,238.5 Wakefield Chapel - 163.5 Little Rocky Run
Wakefield Chapel,Week4,Little Hunting Park,Week5,310.0 Wakefield Chapel - 92.0 Little Hunting Park
Walden Glen,Week5,Brandywine,Week4,216.0 Brandywine - 186.0 Walden Glen
Walden Glen,Week2,Walden Glen,Week1,253.0 Walden Glen (WG1) - 142.0 Walden Glen (WG2)
Walden Glen,Week2,Walden Glen,Week4,219.0 Walden Glen (WG2) - 174.0 Walden Glen (WG1)
Walden Glen,Week1,Walden Glen,Week2,253.0 Walden Glen (WG2) - 142.0 Walden Glen (WG1)
Walden Glen,Week3,Brandywine,Week5,245.0 Brandywine - 157.0 Walden Glen
Wakefield Chapel,Week3,Vienna Woods,Week4,219.0 Wakefield Chapel - 183.0 Vienna Woods
Walden Glen,Week5,Brandywine,Week3,203.0 Brandywine - 198.0 Walden Glen
Walden Glen,Week5,Brandywine,Week1,203.5 Walden Glen - 198.5 Brandywine
Walden Glen,Week1,Ilda Community,Week2,221.0 Walden Glen - 181.0 Ilda Community
Walden Glen,Week4,Brandywine,Week5,242.0 Brandywine - 160.0 Walden Glen
Walden Glen,Week5,Fairfax,Week3,266.0 Fairfax - 135.0 Walden Glen
Walden Glen,Week5,Wakefield Chapel,Week2,290.0 Wakefield Chapel - 112.0 Walden Glen
Walden Glen,Week4,Fairfax,Week3,276.0 Fairfax - 125.0 Walden Glen
Wakefield Chapel,Week3,Little Rocky Run,Week3,240.0 Wakefield Chapel - 162.0 Little Rocky Run
Wakefield Chapel,Week2,Little Rocky Run,Week4,214.0 Wakefield Chapel - 188.0 Little Rocky Run
Walden Glen,Week5,Wakefield Chapel,Week1,299.0 Wakefield Chapel - 103.0 Walden Glen
Walden Glen,Week5,Wakefield Chapel,Week5,307.0 Wakefield Chapel - 95.0 Walden Glen
Walden Glen,Week3,Fairfax,Week4,295.0 Fairfax - 107.0 Walden Glen
Walden Glen,Week4,Walden Glen,Week4,195.0 Walden Glen (WG1) - 195.0 Walden Glen (WG2)
Wakefield Chapel,Week3,Little Rocky Run,Week4,251.0 Wakefield Chapel - 151.0 Little Rocky Run
Walden Glen,Week3,Fairfax,Week5,305.0 Fairfax - 97.0 Walden Glen
Walden Glen,Week5,Fair Oaks ,Week4,226.0 Fair Oaks - 176.0 Walden Glen
Walden Glen,Week1,Fairfax,Week1,297.0 Fairfax - 105.0 Walden Glen
Wakefield Chapel,Week1,Little Hunting Park,Week4,331.0 Wakefield Chapel - 71.0 Little Hunting Park
Wakefield Chapel,Week5,Vienna Woods,Week5,239.0 Vienna Woods - 163.0 Wakefield Chapel
Walden Glen,Week4,Fairfax,Week4,270.0 Fairfax - 131.0 Walden Glen
Walden Glen,Week1,Fairfax,Week5,336.0 Fairfax - 66.0 Walden Glen
Walden Glen,Week1,Bren Mar-Edsall Park,Week2,325.0 Walden Glen - 67.0 Bren Mar-Edsall Park
Wakefield Chapel,Week5,Little Hunting Park,Week1,336.0 Wakefield Chapel - 66.0 Little Hunting Park
Wakefield Chapel,Week3,Villa Aquatic,Week2,317.0 Wakefield Chapel - 85.0 Villa Aquatic
Wakefield Chapel,Week3,Little Hunting Park,Week4,332.0 Wakefield Chapel - 70.0 Little Hunting Park
Walden Glen,Week1,Fairfax,Week4,305.0 Fairfax - 97.0 Walden Glen
Walden Glen,Week2,Ilda Community,Week5,228.0 Walden Glen - 165.0 Ilda Community
Wakefield Chapel,Week1,Vienna Woods,Week5,240.0 Vienna Woods - 162.0 Wakefield Chapel
Wakefield Chapel,Week2,Little Hunting Park,Week1,330.0 Wakefield Chapel - 71.0 Little Hunting Park
Wakefield Chapel,Week4,Vienna Woods,Week1,222.5 Vienna Woods - 179.5 Wakefield Chapel
Wakefield Chapel,Week4,Little Hunting Park,Week3,328.0 Wakefield Chapel - 74.0 Little Hunting Park
Wakefield Chapel,Week5,Vienna Aquatic,Week2,228.0 Wakefield Chapel - 174.0 Vienna Aquatic
Walden Glen,Week1,Walden Glen,Week4,263.0 Walden Glen (WG2) - 134.0 Walden Glen (WG1)
Walden Glen,Week1,Walden Glen,Week5,281.0 Walden Glen (WG2) - 121.0 Walden Glen (WG1)
Walden Glen,Week5,Brandywine,Week2,210.0 Walden Glen - 192.0 Brandywine
Walden Glen,Week1,Bren Mar-Edsall Park,Week1,324.0 Walden Glen - 77.0 Bren Mar-Edsall Park
Wakefield Chapel,Week5,Vienna Aquatic,Week4,235.0 Wakefield Chapel - 167.0 Vienna Aquatic
Wakefield Chapel,Week3,Little Hunting Park,Week2,338.0 Wakefield Chapel - 64.0 Little Hunting Park
Wakefield Chapel,Week1,Vienna Woods,Week1,217.0 Vienna Woods - 185.0 Wakefield Chapel
Walden Glen,Week1,Fairfax Club Estates,Week4,225.0 Fairfax Club Estates - 177.0 Walden Glen
Walden Glen,Week1,Bren Mar-Edsall Park,Week4,293.0 Walden Glen - 103.0 Bren Mar-Edsall Park
Wakefield Chapel,Week5,Little Hunting Park,Week3,340.0 Wakefield Chapel - 62.0 Little Hunting Park
Wakefield Chapel,Week4,Little Hunting Park,Week4,315.0 Wakefield Chapel - 87.0 Little Hunting Park
Walden Glen,Week1,Walden Glen,Week3,253.5 Walden Glen (WG2) - 148.5 Walden Glen (WG1)
Walden Glen,Week2,Fairfax Club Estates,Week3,224.5 Walden Glen - 173.5 Fairfax Club Estates
Walden Glen,Week2,Bren Mar-Edsall Park,Week2,326.0 Walden Glen - 69.0 Bren Mar-Edsall Park
Walden Glen,Week4,Walden Glen,Week1,263.0 Walden Glen (WG1) - 134.0 Walden Glen (WG2)
Wakefield Chapel,Week3,Vienna Woods,Week2,203.0 Wakefield Chapel - 199.0 Vienna Woods
Walden Glen,Week5,Fair Oaks ,Week1,242.0 Fair Oaks - 160.0 Walden Glen
Wakefield Chapel,Week2,Vienna Woods,Week1,235.5 Vienna Woods - 166.5 Wakefield Chapel
Walden Glen,Week5,Walden Glen,Week1,281.0 Walden Glen (WG1) - 121.0 Walden Glen (WG2)
Walden Glen,Week5,Walden Glen,Week4,235.0 Walden Glen (WG1) - 165.0 Walden Glen (WG2)
Walden Glen,Week1,Bren Mar-Edsall Park,Week5,294.0 Walden Glen - 102.0 Bren Mar-Edsall Park
Walden Glen,Week2,Fairfax,Week2,288.0 Fairfax - 114.0 Walden Glen
Walden Glen,Week5,Walden Glen,Week5,200.0 Walden Glen (WG1) - 200.0 Walden Glen (WG2)
Walden Glen,Week3,Bren Mar-Edsall Park,Week5,320.0 Walden Glen - 81.0 Bren Mar-Edsall Park
Wakefield Chapel,Week5,Little Hunting Park,Week2,342.0 Wakefield Chapel - 60.0 Little Hunting Park
Walden Glen,Week1,Brookfield ,Week4,288.0 Brookfield - 113.0 Walden Glen
Wakefield Chapel,Week5,Little Hunting Park,Week4,338.0 Wakefield Chapel - 64.0 Little Hunting Park
Walden Glen,Week2,Bren Mar-Edsall Park,Week5,311.0 Walden Glen - 85.0 Bren Mar-Edsall Park
Wakefield Chapel,Week4,Little Hunting Park,Week1,324.5 Wakefield Chapel - 77.5 Little Hunting Park
Walden Glen,Week1,Waynewood,Week4,307.0 Waynewood - 95.0 Walden Glen
Walden Glen,Week3,Walden Glen,Week5,250.0 Walden Glen (WG2) - 151.0 Walden Glen (WG1)
Walden Glen,Week2,Fairfax,Week1,276.5 Fairfax - 125.5 Walden Glen
Wakefield Chapel,Week1,Villa Aquatic,Week2,316.0 Wakefield Chapel - 86.0 Villa Aquatic
Walden Glen,Week3,Bren Mar-Edsall Park,Week1,333.0 Walden Glen - 68.0 Bren Mar-Edsall Park
Wakefield Chapel,Week4,Vienna Woods,Week4,210.0 Wakefield Chapel - 192.0 Vienna Woods
Walden Glen,Week3,Walden Glen,Week2,217.0 Walden Glen (WG1) - 181.0 Walden Glen (WG2)
Walden Glen,Week2,Bren Mar-Edsall Park,Week3,314.0 Walden Glen - 88.0 Bren Mar-Edsall Park
Wakefield Chapel,Week3,Little Hunting Park,Week5,323.0 Wakefield Chapel - 79.0 Little Hunting Park
Walden Glen,Week3,Fairfax Club Estates,Week2,241.0 Walden Glen - 161.0 Fairfax Club Estates
Wakefield Chapel,Week3,Vienna Woods,Week5,241.0 Vienna Woods - 161.0 Wakefield Chapel
Walden Glen,Week4,Fairfax,Week5,295.0 Fairfax - 106.0 Walden Glen
Walden Glen,Week2,Fairfax Club Estates,Week1,211.5 Walden Glen - 186.5 Fairfax Club Estates
Wakefield Chapel,Week5,Vienna Woods,Week4,226.0 Wakefield Chapel - 176.0 Vienna Woods
Walden Glen,Week4,Fair Oaks ,Week5,259.0 Fair Oaks - 143.0 Walden Glen
Walden Glen,Week3,Bren Mar-Edsall Park,Week2,343.0 Walden Glen - 55.0 Bren Mar-Edsall Park
Wakefield Chapel,Week1,Villa Aquatic,Week1,315.0 Wakefield Chapel - 87.0 Villa Aquatic
Wakefield Chapel,Week2,Little Hunting Park,Week2,332.0 Wakefield Chapel - 70.0 Little Hunting Park
Walden Glen,Week1,Waynewood,Week3,326.0 Waynewood - 76.0 Walden Glen
Wakefield Chapel,Week2,Villa Aquatic,Week1,302.0 Wakefield Chapel - 100.0 Villa Aquatic
Walden Glen,Week5,Bren Mar-Edsall Park,Week5,337.0 Walden Glen - 65.0 Bren Mar-Edsall Park
Walden Glen,Week5,Brookfield ,Week4,217.0 Brookfield - 185.0 Walden Glen
Walden Glen,Week1,Walden Glen,Week1,194.0 Walden Glen (WG1) - 194.0 Walden Glen (WG2)
Walden Glen,Week2,Walden Glen,Week5,246.0 Walden Glen (WG2) - 152.0 Walden Glen (WG1)
Walden Glen,Week3,Brookfield ,Week5,244.0 Brookfield - 158.0 Walden Glen
Walden Glen,Week5,Walden Glen,Week2,246.0 Walden Glen (WG1) - 152.0 Walden Glen (WG2)
Walden Glen,Week4,Brookfield ,Week3,216.0 Brookfield - 185.0 Walden Glen
Walden Glen,Week4,Fairfax,Week2,271.0 Fairfax - 131.0 Walden Glen
Walden Glen,Week1,Brookfield ,Week1,285.0 Brookfield - 117.0 Walden Glen
Walden Glen,Week4,Bren Mar-Edsall Park,Week5,326.0 Walden Glen - 71.0 Bren Mar-Edsall Park
Walden Glen,Week3,Walden Glen,Week4,216.0 Walden Glen (WG2) - 185.0 Walden Glen (WG1)
Wakefield Chapel,Week4,Villa Aquatic,Week1,302.0 Wakefield Chapel - 100.0 Villa Aquatic
Wakefield Chapel,Week4,Little Rocky Run,Week1,216.0 Wakefield Chapel - 186.0 Little Rocky Run
Wakefield Chapel,Week5,Little Hunting Park,Week5,336.0 Wakefield Chapel - 66.0 Little Hunting Park
Walden Glen,Week4,Walden Glen,Week2,219.0 Walden Glen (WG1) - 174.0 Walden Glen (WG2)
Walden Glen,Week3,Walden Glen,Week3,200.0 Walden Glen (WG1) - 200.0 Walden Glen (WG2)
Walden Glen,Week3,Brookfield ,Week1,250.0 Brookfield - 152.0 Walden Glen
Walden Glen,Week3,Fairfax,Week1,273.0 Fairfax - 129.0 Walden Glen
Walden Glen,Week5,Walden Glen,Week3,250.0 Walden Glen (WG1) - 151.0 Walden Glen (WG2)
Walden Glen,Week3,Fairfax,Week3,290.0 Fairfax - 112.0 Walden Glen
Wakefield Chapel,Week2,Villa Aquatic,Week2,308.0 Wakefield Chapel - 94.0 Villa Aquatic
Wakefield Chapel,Week1,Villa Aquatic,Week3,281.0 Wakefield Chapel - 121.0 Villa Aquatic
Walden Glen,Week2,Fairfax,Week5,303.0 Fairfax - 99.0 Walden Glen
Wakefield Chapel,Week2,Little Rocky Run,Week5,215.0 Little Rocky Run - 187.0 Wakefield Chapel
Walden Glen,Week2,Walden Glen,Week3,217.0 Walden Glen (WG2) - 181.0 Walden Glen (WG1)
Wakefield Chapel,Week3,Villa Aquatic,Week1,318.0 Wakefield Chapel - 84.0 Villa Aquatic
Walden Glen,Week2,Brookfield ,Week2,226.0 Brookfield - 176.0 Walden Glen
Wakefield Chapel,Week2,Little Rocky Run,Week1,233.5 Wakefield Chapel - 168.5 Little Rocky Run
Wakefield Chapel,Week5,Vienna Woods,Week2,212.0 Wakefield Chapel - 190.0 Vienna Woods
Walden Glen,Week5,Fair Oaks ,Week5,243.0 Fair Oaks - 159.0 Walden Glen
Walden Glen,Week5,Wakefield Chapel,Week4,291.0 Wakefield Chapel - 111.0 Walden Glen
Wakefield Chapel,Week3,Little Rocky Run,Week2,254.0 Wakefield Chapel - 148.0 Little Rocky Run
Wakefield Chapel,Week1,Little Rocky Run,Week1,238.0 Wakefield Chapel - 164.0 Little Rocky Run
Wakefield Chapel,Week1,Little Rocky Run,Week2,251.0 Wakefield Chapel - 151.0 Little Rocky Run
Wakefield Chapel,Week1,Little Rocky Run,Week4,237.0 Wakefield Chapel - 165.0 Little Rocky Run
Wakefield Chapel,Week2,Little Rocky Run,Week3,218.0 Wakefield Chapel - 184.0 Little Rocky Run
Wakefield Chapel,Week1,Little Rocky Run,Week5,210.0 Wakefield Chapel - 192.0 Little Rocky Run
Wakefield Chapel,Week1,Villa Aquatic,Week4,299.5 Wakefield Chapel - 102.5 Villa Aquatic
Walden Glen,Week3,Brookfield ,Week3,256.0 Brookfield - 146.0 Walden Glen
Wakefield Chapel,Week1,Little Rocky Run,Week3,226.0 Wakefield Chapel - 176.0 Little Rocky Run
Wakefield Chapel,Week1,Villa Aquatic,Week5,298.0 Wakefield Chapel - 104.0 Villa Aquatic
Walden Glen,Week3,Walden Glen,Week1,253.5 Walden Glen (WG1) - 148.5 Walden Glen (WG2)
Walden Glen,Week4,Walden Glen,Week5,235.0 Walden Glen (WG2) - 165.0 Walden Glen (WG1)
Wakefield Chapel,Week5,Vienna Woods,Week1,209.0 Vienna Woods - 193.0 Wakefield Chapel
Walden Glen,Week2,Fairfax,Week3,277.0 Fairfax - 124.0 Walden Glen
Walden Glen,Week1,Fairfax,Week2,318.0 Fairfax - 84.0 Walden Glen
Wakefield Chapel,Week4,Little Hunting Park,Week2,318.0 Wakefield Chapel - 84.0 Little Hunting Park
Wakefield Chapel,Week2,Villa Aquatic,Week4,291.0 Wakefield Chapel - 111.0 Villa Aquatic
Walden Glen,Week5,Bren Mar-Edsall Park,Week2,357.0 Walden Glen - 43.0 Bren Mar-Edsall Park
Walden Glen,Week5,Fair Oaks ,Week2,203.0 Fair Oaks - 199.0 Walden Glen
Walden Glen,Week5,Fair Oaks ,Week3,238.0 Fair Oaks - 164.0 Walden Glen
Walden Glen,Week4,Fairfax,Week1,260.0 Fairfax - 142.0 Walden Glen
Walden Glen,Week2,Brookfield ,Week4,251.5 Brookfield - 150.5 Walden Glen
Wakefield Chapel,Week2,Villa Aquatic,Week5,281.0 Wakefield Chapel - 121.0 Villa Aquatic
Wakefield Chapel,Week2,Villa Aquatic,Week3,272.0 Wakefield Chapel - 130.0 Villa Aquatic
Walden Glen,Week1,Fairfax,Week3,308.0 Fairfax - 94.0 Walden Glen
Walden Glen,Week1,Waynewood,Week1,298.0 Waynewood - 104.0 Walden Glen
Walden Glen,Week2,Walden Glen,Week2,193.0 Walden Glen (WG1) - 193.0 Walden Glen (WG2)
Wakefield Chapel,Week4,Little Rocky Run,Week5,201.5 Wakefield Chapel - 200.5 Little Rocky Run
Walden Glen,Week4,Walden Glen,Week3,216.0 Walden Glen (WG1) - 185.0 Walden Glen (WG2)
Walden Glen,Week3,Bren Mar-Edsall Park,Week4,318.0 Walden Glen - 80.0 Bren Mar-Edsall Park
Walden Glen,Week5,Fairfax,Week2,262.0 Fairfax - 140.0 Walden Glen
Walden Glen,Week5,Fairfax,Week1,253.0 Fairfax - 149.0 Walden Glen
Wakefield Chapel,Week3,Villa Aquatic,Week5,292.0 Wakefield Chapel - 110.0 Villa Aquatic
Walden Glen,Week1,Broyhill Crest,Week3,300.0 Walden Glen - 96.0 Broyhill Crest
Walden Glen,Week5,Fairfax,Week4,261.0 Fairfax - 140.0 Walden Glen
Wakefield Chapel,Week4,Little Rocky Run,Week3,216.0 Wakefield Chapel - 186.0 Little Rocky Run
Wakefield Chapel,Week1,Village West,Week1,333.0 Wakefield Chapel - 69.0 Village West
Wakefield Chapel,Week2,Long Branch,Week1,315.0 Wakefield Chapel - 87.0 Long Branch
Walden Glen,Week1,Waynewood,Week2,309.0 Waynewood - 93.0 Walden Glen
Walden Glen,Week4,Bren Mar-Edsall Park,Week2,344.0 Walden Glen - 51.0 Bren Mar-Edsall Park
Wakefield Chapel,Week5,Villa Aquatic,Week4,317.0 Wakefield Chapel - 85.0 Villa Aquatic
Walden Glen,Week1,Fairfax Club Estates,Week2,205.0 Fairfax Club Estates - 196.0 Walden Glen
Wakefield Chapel,Week2,Long Branch,Week2,326.0 Wakefield Chapel - 76.0 Long Branch
Wakefield Chapel,Week4,Villa Aquatic,Week5,279.0 Wakefield Chapel - 123.0 Villa Aquatic
Walden Glen,Week1,Fairfax Club Estates,Week1,228.0 Fairfax Club Estates - 174.0 Walden Glen
Walden Glen,Week2,Waynewood,Week5,315.0 Waynewood - 87.0 Walden Glen
Walden Glen,Week1,Broyhill Crest,Week2,309.0 Walden Glen - 92.0 Broyhill Crest
Wakefield Chapel,Week4,Villa Aquatic,Week4,284.0 Wakefield Chapel - 118.0 Villa Aquatic
Walden Glen,Week1,Fairfax Club Estates,Week3,213.0 Fairfax Club Estates - 189.0 Walden Glen
Walden Glen,Week1,Brookfield ,Week3,255.0 Brookfield - 147.0 Walden Glen
Wakefield Chapel,Week3,Villa Aquatic,Week3,276.0 Wakefield Chapel - 126.0 Villa Aquatic
Wakefield Chapel,Week5,Villa Aquatic,Week5,312.5 Wakefield Chapel - 89.5 Villa Aquatic
Walden Glen,Week2,Waynewood,Week2,277.0 Waynewood - 125.0 Walden Glen
Wakefield Chapel,Week4,Villa Aquatic,Week3,257.0 Wakefield Chapel - 145.0 Villa Aquatic
Wakefield Chapel,Week5,Little Rocky Run,Week5,233.0 Wakefield Chapel - 169.0 Little Rocky Run
Walden Glen,Week3,Waynewood,Week2,284.0 Waynewood - 118.0 Walden Glen
Walden Glen,Week4,Bren Mar-Edsall Park,Week3,327.0 Walden Glen - 75.0 Bren Mar-Edsall Park
Walden Glen,Week4,Brookfield ,Week1,246.0 Brookfield - 156.0 Walden Glen
Wakefield Chapel,Week1,Long Branch,Week4,321.0 Wakefield Chapel - 81.0 Long Branch
Walden Glen,Week2,Fairfax Club Estates,Week2,245.0 Walden Glen - 156.0 Fairfax Club Estates
Walden Glen,Week5,Fairfax,Week5,288.0 Fairfax - 113.0 Walden Glen
Walden Glen,Week1,Fairfax Club Estates,Week5,230.0 Fairfax Club Estates - 171.0 Walden Glen
Wakefield Chapel,Week5,Little Rocky Run,Week1,257.0 Wakefield Chapel - 145.0 Little Rocky Run
Wakefield Chapel,Week3,Villa Aquatic,Week4,304.0 Wakefield Chapel - 98.0 Villa Aquatic
Walden Glen,Week4,Waynewood,Week4,276.0 Waynewood - 126.0 Walden Glen
Walden Glen,Week1,Woodley,Week2,229.0 Walden Glen - 173.0 Woodley
Wakefield Chapel,Week1,Long Branch,Week1,313.0 Wakefield Chapel - 89.0 Long Branch
Walden Glen,Week1,Brookfield ,Week2,250.5 Brookfield - 151.5 Walden Glen
Walden Glen,Week4,Bren Mar-Edsall Park,Week1,334.0 Walden Glen - 67.0 Bren Mar-Edsall Park
Walden Glen,Week1,Woodley,Week1,226.0 Walden Glen - 176.0 Woodley
Wakefield Chapel,Week5,Villa Aquatic,Week1,321.0 Wakefield Chapel - 81.0 Villa Aquatic
Walden Glen,Week3,Fairfax Club Estates,Week1,205.0 Fairfax Club Estates - 196.0 Walden Glen
Wakefield Chapel,Week3,Little Rocky Run,Week5,218.0 Wakefield Chapel - 184.0 Little Rocky Run
Walden Glen,Week2,Fairfax Club Estates,Week4,210.0 Walden Glen - 191.0 Fairfax Club Estates
Walden Glen,Week2,Fairfax Club Estates,Week5,209.5 Walden Glen - 190.5 Fairfax Club Estates
Walden Glen,Week3,Rutherford,Week5,209.0 Walden Glen - 193.0 Rutherford
Walden Glen,Week3,Woodley,Week1,250.0 Walden Glen - 152.0 Woodley
Wakefield Chapel,Week1,Village West,Week5,326.0 Wakefield Chapel - 76.0 Village West
Walden Glen,Week3,Fairfax Club Estates,Week3,207.0 Walden Glen - 194.0 Fairfax Club Estates
Walden Glen,Week1,Brookfield ,Week5,257.0 Brookfield - 145.0 Walden Glen
Walden Glen,Week4,Bren Mar-Edsall Park,Week4,318.0 Walden Glen - 78.0 Bren Mar-Edsall Park
Walden Glen,Week5,Bren Mar-Edsall Park,Week3,344.0 Walden Glen - 58.0 Bren Mar-Edsall Park
Wakefield Chapel,Week3,Long Branch,Week2,328.0 Wakefield Chapel - 74.0 Long Branch
Wakefield Chapel,Week2,Long Branch,Week3,326.0 Wakefield Chapel - 76.0 Long Branch
Walden Glen,Week1,Waynewood,Week5,329.0 Waynewood - 73.0 Walden Glen
Wakefield Chapel,Week1,Long Branch,Week2,323.0 Wakefield Chapel - 74.0 Long Branch
Walden Glen,Week4,Waynewood,Week1,257.0 Waynewood - 145.0 Walden Glen
Wakefield Chapel,Week5,Villa Aquatic,Week2,331.0 Wakefield Chapel - 71.0 Villa Aquatic
Wakefield Chapel,Week4,Little Rocky Run,Week2,239.0 Wakefield Chapel - 163.0 Little Rocky Run
Walden Glen,Week4,Rolling Valley,Week5,271.0 Walden Glen - 131.0 Rolling Valley
Wakefield Chapel,Week4,Little Rocky Run,Week4,224.0 Wakefield Chapel - 178.0 Little Rocky Run
Walden Glen,Week3,Bren Mar-Edsall Park,Week3,329.0 Walden Glen - 72.0 Bren Mar-Edsall Park
Wakefield Chapel,Week4,Rolling Valley,Week5,348.0 Wakefield Chapel - 54.0 Rolling Valley
Walden Glen,Week5,Bren Mar-Edsall Park,Week1,348.0 Walden Glen - 53.0 Bren Mar-Edsall Park
Walden Glen,Week3,Waynewood,Week5,319.0 Waynewood - 83.0 Walden Glen
Walden Glen,Week2,Woodley,Week4,260.5 Walden Glen - 141.5 Woodley
Walden Glen,Week5,Bren Mar-Edsall Park,Week4,338.0 Walden Glen - 63.0 Bren Mar-Edsall Park
Wakefield Chapel,Week1,Village West,Week3,323.0 Wakefield Chapel - 79.0 Village West
Wakefield Chapel,Week5,Little Rocky Run,Week3,247.0 Wakefield Chapel - 155.0 Little Rocky Run
Walden Glen,Week4,Fairfax Club Estates,Week4,217.0 Walden Glen - 184.0 Fairfax Club Estates
Wakefield Chapel,Week5,Brookfield ,Week1,297.0 Wakefield Chapel - 105.0 Brookfield
Walden Glen,Week5,Waynewood,Week1,236.0 Waynewood - 166.0 Walden Glen
Wakefield Chapel,Week3,Long Branch,Week1,319.0 Wakefield Chapel - 83.0 Long Branch
Wakefield Chapel,Week5,Little Rocky Run,Week4,266.0 Wakefield Chapel - 136.0 Little Rocky Run
Wakefield Chapel,Week5,Villa Aquatic,Week3,294.0 Wakefield Chapel - 108.0 Villa Aquatic
Walden Glen,Week4,Fairfax Club Estates,Week5,213.0 Walden Glen - 180.0 Fairfax Club Estates
Walden Glen,Week4,Fairfax Club Estates,Week1,217.0 Walden Glen - 184.0 Fairfax Club Estates
Walden Glen,Week2,Brookfield ,Week3,242.0 Brookfield - 160.0 Walden Glen
Wakefield Chapel,Week2,Long Branch,Week4,329.0 Wakefield Chapel - 73.0 Long Branch
Wakefield Chapel,Week5,Little Rocky Run,Week2,269.0 Wakefield Chapel - 133.0 Little Rocky Run
Walden Glen,Week5,Fairfax Club Estates,Week4,227.0 Walden Glen - 174.0 Fairfax Club Estates
Walden Glen,Week4,Fairfax Club Estates,Week3,227.0 Walden Glen - 173.0 Fairfax Club Estates
Walden Glen,Week2,Brookfield ,Week5,236.5 Brookfield - 165.5 Walden Glen
Walden Glen,Week4,Woodley,Week4,264.0 Walden Glen - 133.0 Woodley
Walden Glen,Week5,Waynewood,Week4,255.0 Waynewood - 147.0 Walden Glen
Wakefield Chapel,Week4,Villa Aquatic,Week2,306.0 Wakefield Chapel - 96.0 Villa Aquatic
Walden Glen,Week3,Brookfield ,Week2,236.0 Brookfield - 166.0 Walden Glen
Wakefield Chapel,Week2,Village West,Week1,335.5 Wakefield Chapel - 66.5 Village West
Walden Glen,Week2,Brookfield ,Week1,268.0 Brookfield - 134.0 Walden Glen
Wakefield Chapel,Week1,Village West,Week2,336.0 Wakefield Chapel - 66.0 Village West
Walden Glen,Week4,Rutherford,Week3,230.0 Walden Glen - 171.0 Rutherford
Wakefield Chapel,Week1,Village West,Week4,330.0 Wakefield Chapel - 67.0 Village West
Walden Glen,Week1,Woodley,Week5,208.0 Walden Glen - 194.0 Woodley
Walden Glen,Week4,Rolling Valley,Week4,266.0 Walden Glen - 136.0 Rolling Valley
Walden Glen,Week5,Fairfax Club Estates,Week3,246.0 Walden Glen - 154.0 Fairfax Club Estates
Wakefield Chapel,Week1,Long Branch,Week5,309.0 Wakefield Chapel - 93.0 Long Branch
Walden Glen,Week3,Brookfield ,Week4,258.5 Brookfield - 143.5 Walden Glen
Walden Glen,Week2,Waynewood,Week4,279.0 Waynewood - 123.0 Walden Glen
Walden Glen,Week1,Woodley,Week4,220.0 Walden Glen - 181.0 Woodley
Walden Glen,Week4,Waynewood,Week3,298.0 Waynewood - 104.0 Walden Glen
Walden Glen,Week5,Fairfax Club Estates,Week1,245.0 Walden Glen - 156.0 Fairfax Club Estates
Walden Glen,Week4,Rolling Valley,Week1,289.0 Walden Glen - 113.0 Rolling Valley
Walden Glen,Week4,Brookfield ,Week5,225.0 Brookfield - 177.0 Walden Glen
Walden Glen,Week5,Rolling Valley,Week2,268.0 Walden Glen - 134.0 Rolling Valley
Wakefield Chapel,Week2,Rutherford,Week3,336.0 Wakefield Chapel - 66.0 Rutherford
Wakefield Chapel,Week4,Rutherford,Week3,330.0 Wakefield Chapel - 72.0 Rutherford
Wakefield Chapel,Week3,Rutherford,Week5,340.5 Wakefield Chapel - 61.5 Rutherford
Walden Glen,Week5,Fairfax Club Estates,Week2,250.0 Walden Glen - 151.0 Fairfax Club Estates
Walden Glen,Week5,Rolling Valley,Week3,286.0 Walden Glen - 116.0 Rolling Valley
Wakefield Chapel,Week1,Long Branch,Week3,326.0 Wakefield Chapel - 76.0 Long Branch
Walden Glen,Week4,Brookfield ,Week2,204.0 Brookfield - 198.0 Walden Glen
Walden Glen,Week3,Fairfax Club Estates,Week4,207.0 Fairfax Club Estates - 195.0 Walden Glen
Walden Glen,Week4,Brookfield ,Week4,226.0 Brookfield - 176.0 Walden Glen
Wakefield Chapel,Week3,Long Branch,Week3,331.0 Wakefield Chapel - 71.0 Long Branch
Walden Glen,Week2,Rutherford,Week3,209.0 Walden Glen - 192.0 Rutherford
Wakefield Chapel,Week5,Rutherford,Week3,345.0 Wakefield Chapel - 57.0 Rutherford
Walden Glen,Week5,Fairfax Club Estates,Week5,236.0 Walden Glen - 162.0 Fairfax Club Estates
Walden Glen,Week3,Waynewood,Week1,273.0 Waynewood - 129.0 Walden Glen
Walden Glen,Week1,Fairfax Station,Week1,335.0 Fairfax Station - 67.0 Walden Glen
Wakefield Chapel,Week2,Long Branch,Week5,320.0 Wakefield Chapel - 82.0 Long Branch
Walden Glen,Week5,Waynewood,Week2,254.0 Waynewood - 148.0 Walden Glen
Walden Glen,Week1,Fairfax Station,Week3,341.0 Fairfax Station - 61.0 Walden Glen
Walden Glen,Week5,Brookfield ,Week1,212.0 Brookfield - 190.0 Walden Glen
Wakefield Chapel,Week5,Rolling Valley,Week1,388.0 Wakefield Chapel - 14.0 Rolling Valley
Wakefield Chapel,Week3,Mansion House,Week5,276.0 Wakefield Chapel - 126.0 Mansion House
Walden Glen,Week5,Brookfield ,Week2,223.0 Walden Glen - 179.0 Brookfield
Wakefield Chapel,Week2,Mansion House,Week1,277.0 Wakefield Chapel - 125.0 Mansion House
Walden Glen,Week4,Rolling Valley,Week2,260.0 Walden Glen - 142.0 Rolling Valley
Walden Glen,Week2,Waynewood,Week3,298.0 Waynewood - 104.0 Walden Glen
Walden Glen,Week1,Fairfax Station,Week2,328.0 Fairfax Station - 74.0 Walden Glen
Walden Glen,Week4,Rolling Valley,Week3,279.0 Walden Glen - 123.0 Rolling Valley
Wakefield Chapel,Week1,Shouse Village,Week2,300.0 Wakefield Chapel - 102.0 Shouse Village
Walden Glen,Week1,Rutherford,Week3,221.0 Rutherford - 181.0 Walden Glen
Walden Glen,Week5,Brookfield ,Week3,213.0 Walden Glen - 188.0 Brookfield
Walden Glen,Week3,Waynewood,Week3,303.0 Waynewood - 99.0 Walden Glen
Walden Glen,Week4,Waynewood,Week5,319.0 Waynewood - 83.0 Walden Glen
Wakefield Chapel,Week3,Mansion House,Week3,261.0 Wakefield Chapel - 141.0 Mansion House
Walden Glen,Week1,Rutherford,Week1,207.0 Walden Glen - 191.0 Rutherford
Wakefield Chapel,Week5,Rolling Valley,Week3,364.0 Wakefield Chapel - 38.0 Rolling Valley
Wakefield Chapel,Week4,Long Branch,Week2,314.5 Wakefield Chapel - 87.5 Long Branch
Walden Glen,Week5,Waynewood,Week5,291.5 Waynewood - 110.5 Walden Glen
Wakefield Chapel,Week5,Long Branch,Week2,326.0 Wakefield Chapel - 76.0 Long Branch
Walden Glen,Week2,Broyhill Crest,Week1,320.0 Walden Glen - 76.0 Broyhill Crest
Walden Glen,Week2,Waynewood,Week1,271.0 Waynewood - 131.0 Walden Glen
Walden Glen,Week5,Brookfield ,Week5,202.0 Brookfield - 200.0 Walden Glen
Walden Glen,Week2,Woodley,Week1,242.0 Walden Glen - 160.0 Woodley
Walden Glen,Week3,Waynewood,Week4,284.0 Waynewood - 118.0 Walden Glen
Walden Glen,Week2,Fairfax Station,Week1,308.0 Fairfax Station - 94.0 Walden Glen
Walden Glen,Week1,Broyhill Crest,Week1,301.0 Walden Glen - 96.0 Broyhill Crest
Wakefield Chapel,Week4,Rutherford,Week4,329.0 Wakefield Chapel - 73.0 Rutherford
Walden Glen,Week1,Broyhill Crest,Week4,294.0 Walden Glen - 104.0 Broyhill Crest
Walden Glen,Week4,Fairfax Club Estates,Week2,240.0 Walden Glen - 161.0 Fairfax Club Estates
Wakefield Chapel,Week5,Rutherford,Week1,363.0 Wakefield Chapel - 39.0 Rutherford
Walden Glen,Week2,Fairfax Station,Week2,301.0 Fairfax Station - 101.0 Walden Glen
Wakefield Chapel,Week4,Rutherford,Week1,344.5 Wakefield Chapel - 57.5 Rutherford
Walden Glen,Week2,Rutherford,Week4,222.0 Walden Glen - 179.0 Rutherford
Walden Glen,Week4,Rutherford,Week2,239.0 Walden Glen - 162.0 Rutherford
Walden Glen,Week1,Fairfax Station,Week4,328.0 Fairfax Station - 74.0 Walden Glen
Wakefield Chapel,Week5,Long Branch,Week5,320.0 Wakefield Chapel - 82.0 Long Branch
Walden Glen,Week2,Woodley,Week2,243.0 Walden Glen - 158.0 Woodley
Walden Glen,Week3,Rutherford,Week1,240.0 Walden Glen - 161.0 Rutherford
Wakefield Chapel,Week4,Mansion House,Week4,279.0 Wakefield Chapel - 123.0 Mansion House
Wakefield Chapel,Week5,Rutherford,Week4,355.0 Wakefield Chapel - 47.0 Rutherford
Walden Glen,Week2,Broyhill Crest,Week2,324.0 Walden Glen - 76.0 Broyhill Crest
Wakefield Chapel,Week4,Long Branch,Week5,305.5 Wakefield Chapel - 96.5 Long Branch
Walden Glen,Week3,Fairfax Station,Week1,297.0 Fairfax Station - 105.0 Walden Glen
Walden Glen,Week5,Waynewood,Week3,272.0 Waynewood - 130.0 Walden Glen
Walden Glen,Week1,Woodley,Week3,216.0 Walden Glen - 186.0 Woodley
Walden Glen,Week1,Fairfax Station,Week5,338.0 Fairfax Station - 64.0 Walden Glen
Wakefield Chapel,Week1,Rutherford,Week5,341.5 Wakefield Chapel - 60.5 Rutherford
Walden Glen,Week2,Broyhill Crest,Week3,321.0 Walden Glen - 74.0 Broyhill Crest
Walden Glen,Week5,Rolling Valley,Week1,300.0 Walden Glen - 102.0 Rolling Valley
Walden Glen,Week2,Woodley,Week3,243.0 Walden Glen - 155.0 Woodley
Wakefield Chapel,Week2,Rutherford,Week5,329.0 Wakefield Chapel - 73.0 Rutherford
Walden Glen,Week3,Rolling Valley,Week5,259.0 Walden Glen - 143.0 Rolling Valley
Walden Glen,Week2,Broyhill Crest,Week4,318.0 Walden Glen - 82.0 Broyhill Crest
Wakefield Chapel,Week4,Mansion House,Week2,264.5 Wakefield Chapel - 137.5 Mansion House
Walden Glen,Week1,Broyhill Crest,Week5,279.0 Walden Glen - 119.0 Broyhill Crest
Wakefield Chapel,Week2,Shouse Village,Week1,295.0 Wakefield Chapel - 107.0 Shouse Village
Wakefield Chapel,Week4,Long Branch,Week3,328.0 Wakefield Chapel - 74.0 Long Branch
Walden Glen,Week5,Rolling Valley,Week5,273.0 Walden Glen - 129.0 Rolling Valley
Walden Glen,Week4,Waynewood,Week2,275.0 Waynewood - 127.0 Walden Glen
Walden Glen,Week1,Rutherford,Week2,207.0 Walden Glen - 195.0 Rutherford
Wakefield Chapel,Week5,Rolling Valley,Week2,364.0 Wakefield Chapel - 38.0 Rolling Valley
Walden Glen,Week1,Forest Hollow,Week2,284.0 Forest Hollow - 118.0 Walden Glen
Wakefield Chapel,Week1,Mansion House,Week3,262.0 Wakefield Chapel - 140.0 Mansion House
Walden Glen,Week4,Fairfax Station,Week5,310.0 Fairfax Station - 92.0 Walden Glen
Walden Glen,Week3,Fairfax Club Estates,Week5,205.0 Fairfax Club Estates - 197.0 Walden Glen
Wakefield Chapel,Week2,Rutherford,Week2,345.0 Wakefield Chapel - 57.0 Rutherford
Walden Glen,Week2,Rutherford,Week1,238.0 Walden Glen - 160.0 Rutherford
Walden Glen,Week5,Rolling Valley,Week4,280.0 Walden Glen - 122.0 Rolling Valley
Wakefield Chapel,Week5,Long Branch,Week3,341.0 Wakefield Chapel - 61.0 Long Branch
Wakefield Chapel,Week3,Rutherford,Week2,351.0 Wakefield Chapel - 51.0 Rutherford
Walden Glen,Week4,Fairfax Station,Week3,312.0 Fairfax Station - 90.0 Walden Glen
Wakefield Chapel,Week4,Long Branch,Week4,316.0 Wakefield Chapel - 86.0 Long Branch
Walden Glen,Week3,Woodley,Week5,231.5 Walden Glen - 170.5 Woodley
Wakefield Chapel,Week3,Rutherford,Week4,340.0 Wakefield Chapel - 62.0 Rutherford
Wakefield Chapel,Week5,Long Branch,Week1,320.0 Wakefield Chapel - 82.0 Long Branch
Walden Glen,Week2,Fairfax Station,Week3,314.0 Fairfax Station - 87.0 Walden Glen
Wakefield Chapel,Week5,Rolling Valley,Week4,362.0 Wakefield Chapel - 40.0 Rolling Valley
Walden Glen,Week1,Rutherford,Week5,224.0 Rutherford - 177.0 Walden Glen
Wakefield Chapel,Week3,Long Branch,Week5,318.0 Wakefield Chapel - 84.0 Long Branch
Walden Glen,Week3,Fairfax Station,Week5,315.0 Fairfax Station - 87.0 Walden Glen
Walden Glen,Week4,Woodley,Week2,261.0 Walden Glen - 140.0 Woodley
Walden Glen,Week3,Fairfax Station,Week3,308.0 Fairfax Station - 94.0 Walden Glen
Walden Glen,Week2,Rutherford,Week2,238.0 Walden Glen - 163.0 Rutherford
Wakefield Chapel,Week3,Long Branch,Week4,328.0 Wakefield Chapel - 74.0 Long Branch
Wakefield Chapel,Week5,Rolling Valley,Week5,355.0 Wakefield Chapel - 47.0 Rolling Valley
Walden Glen,Week2,Rutherford,Week5,213.0 Walden Glen - 189.0 Rutherford
Walden Glen,Week1,Rutherford,Week4,218.0 Rutherford - 180.0 Walden Glen
Walden Glen,Week2,Woodley,Week5,242.0 Walden Glen - 159.0 Woodley
Wakefield Chapel,Week5,Long Branch,Week4,327.0 Wakefield Chapel - 75.0 Long Branch
Walden Glen,Week3,Rutherford,Week2,240.0 Walden Glen - 161.0 Rutherford
Walden Glen,Week3,Woodley,Week4,259.0 Walden Glen - 143.0 Woodley
Walden Glen,Week3,Fairfax Station,Week4,296.0 Fairfax Station - 106.0 Walden Glen
Wakefield Chapel,Week2,Mansion House,Week3,254.0 Wakefield Chapel - 148.0 Mansion House
Wakefield Chapel,Week1,Mansion House,Week5,269.0 Wakefield Chapel - 133.0 Mansion House
Walden Glen,Week3,Rutherford,Week3,208.0 Walden Glen - 194.0 Rutherford
Walden Glen,Week1,Forest Hollow,Week3,299.0 Forest Hollow - 103.0 Walden Glen
Walden Glen,Week3,Fairfax Station,Week2,298.0 Fairfax Station - 104.0 Walden Glen
Walden Glen,Week4,Woodley,Week1,263.0 Walden Glen - 139.0 Woodley
Walden Glen,Week4,Forest Hollow,Week4,258.0 Forest Hollow - 144.0 Walden Glen
Wakefield Chapel,Week1,Rutherford,Week1,358.0 Wakefield Chapel - 44.0 Rutherford
Walden Glen,Week4,Woodley,Week3,262.0 Walden Glen - 139.0 Woodley
Wakefield Chapel,Week2,Rutherford,Week4,331.0 Wakefield Chapel - 71.0 Rutherford
Wakefield Chapel,Week1,Rutherford,Week3,342.0 Wakefield Chapel - 60.0 Rutherford
Walden Glen,Week3,Rutherford,Week4,215.0 Walden Glen - 187.0 Rutherford
Wakefield Chapel,Week1,Rutherford,Week2,353.0 Wakefield Chapel - 49.0 Rutherford
Walden Glen,Week3,Woodley,Week2,256.0 Walden Glen - 146.0 Woodley
Wakefield Chapel,Week1,Mansion House,Week4,304.0 Wakefield Chapel - 98.0 Mansion House
Walden Glen,Week1,Forest Hollow,Week1,288.5 Forest Hollow - 113.5 Walden Glen
Walden Glen,Week4,Shouse Village,Week5,240.0 Shouse Village - 162.0 Walden Glen
Wakefield Chapel,Week3,Mansion House,Week2,272.0 Wakefield Chapel - 130.0 Mansion House
Walden Glen,Week4,Rutherford,Week5,213.0 Walden Glen - 188.0 Rutherford
Walden Glen,Week2,Fairfax Station,Week4,297.0 Fairfax Station - 104.0 Walden Glen
Wakefield Chapel,Week3,Mansion House,Week4,296.5 Wakefield Chapel - 105.5 Mansion House
Walden Glen,Week5,Shouse Village,Week3,219.5 Shouse Village - 182.5 Walden Glen
Wakefield Chapel,Week4,Long Branch,Week1,314.0 Wakefield Chapel - 88.0 Long Branch
Walden Glen,Week2,Forest Hollow,Week1,264.0 Forest Hollow - 137.0 Walden Glen
Wakefield Chapel,Week4,Mansion House,Week3,265.0 Wakefield Chapel - 137.0 Mansion House
Walden Glen,Week5,Woodley,Week3,262.0 Walden Glen - 139.0 Woodley
Walden Glen,Week2,Fairfax Station,Week5,319.0 Fairfax Station - 83.0 Walden Glen
Wakefield Chapel,Week5,Rutherford,Week2,362.0 Wakefield Chapel - 40.0 Rutherford
Walden Glen,Week5,Fairfax Station,Week5,310.0 Fairfax Station - 92.0 Walden Glen
Walden Glen,Week1,Forest Hollow,Week4,290.0 Forest Hollow - 112.0 Walden Glen
Walden Glen,Week4,Fairfax Station,Week4,288.0 Fairfax Station - 114.0 Walden Glen
Wakefield Chapel,Week4,Rutherford,Week5,333.0 Wakefield Chapel - 69.0 Rutherford
Wakefield Chapel,Week1,Mansion House,Week1,279.0 Wakefield Chapel - 123.0 Mansion House
Walden Glen,Week1,Shouse Village,Week1,256.0 Shouse Village - 146.0 Walden Glen
Walden Glen,Week2,Shouse Village,Week5,245.0 Shouse Village - 156.0 Walden Glen
Walden Glen,Week5,Rutherford,Week4,238.0 Walden Glen - 164.0 Rutherford
Walden Glen,Week1,Shouse Village,Week3,262.0 Shouse Village - 139.0 Walden Glen
Walden Glen,Week2,Forest Hollow,Week4,261.0 Forest Hollow - 141.0 Walden Glen
Wakefield Chapel,Week3,Rutherford,Week1,358.0 Wakefield Chapel - 44.0 Rutherford
Walden Glen,Week4,Shouse Village,Week2,217.0 Shouse Village - 185.0 Walden Glen
Walden Glen,Week4,Rutherford,Week1,253.0 Walden Glen - 147.0 Rutherford
Wakefield Chapel,Week1,Mansion House,Week2,280.0 Wakefield Chapel - 122.0 Mansion House
Wakefield Chapel,Week3,Mansion House,Week1,287.0 Wakefield Chapel - 115.0 Mansion House
Wakefield Chapel,Week2,Mansion House,Week4,285.0 Wakefield Chapel - 117.0 Mansion House
Walden Glen,Week3,Shouse Village,Week1,246.0 Shouse Village - 156.0 Walden Glen
Wakefield Chapel,Week2,Mansion House,Week2,265.0 Wakefield Chapel - 137.0 Mansion House
Wakefield Chapel,Week1,Rutherford,Week4,339.0 Wakefield Chapel - 63.0 Rutherford
Wakefield Chapel,Week1,Shouse Village,Week5,266.0 Wakefield Chapel - 136.0 Shouse Village
Walden Glen,Week5,Fairfax Station,Week3,295.0 Fairfax Station - 107.0 Walden Glen
Wakefield Chapel,Week4,Mansion House,Week1,265.0 Wakefield Chapel - 137.0 Mansion House
Wakefield Chapel,Week1,Shouse Village,Week1,299.0 Wakefield Chapel - 103.0 Shouse Village
Walden Glen,Week5,Fairfax Station,Week2,270.0 Fairfax Station - 132.0 Walden Glen
Wakefield Chapel,Week1,Shouse Village,Week3,292.0 Wakefield Chapel - 110.0 Shouse Village
Wakefield Chapel,Week5,Rutherford,Week5,352.0 Wakefield Chapel - 50.0 Rutherford
Walden Glen,Week4,Shouse Village,Week4,247.0 Shouse Village - 154.0 Walden Glen
Walden Glen,Week2,Shouse Village,Week4,241.0 Shouse Village - 157.0 Walden Glen
Walden Glen,Week3,Woodley,Week3,249.0 Walden Glen - 152.0 Woodley
Wakefield Chapel,Week2,Mansion House,Week5,266.0 Wakefield Chapel - 136.0 Mansion House
Walden Glen,Week5,Woodley,Week2,271.0 Walden Glen - 130.0 Woodley
Wakefield Chapel,Week2,Rutherford,Week1,355.0 Wakefield Chapel - 47.0 Rutherford
Walden Glen,Week5,Fairfax Station,Week1,280.0 Fairfax Station - 122.0 Walden Glen
Walden Glen,Week4,Woodley,Week5,249.0 Walden Glen - 152.0 Woodley
Wakefield Chapel,Week4,Rutherford,Week2,343.0 Wakefield Chapel - 59.0 Rutherford
Wakefield Chapel,Week1,Shouse Village,Week4,278.5 Wakefield Chapel - 123.5 Shouse Village
Wakefield Chapel,Week3,Rutherford,Week3,343.0 Wakefield Chapel - 59.0 Rutherford
Walden Glen,Week4,Fairfax Station,Week2,297.0 Fairfax Station - 100.0 Walden Glen
Walden Glen,Week5,Woodley,Week5,260.0 Walden Glen - 141.0 Woodley
Walden Glen,Week3,Shouse Village,Week2,230.0 Shouse Village - 171.0 Walden Glen
Wakefield Chapel,Week4,Mantua,Week1,248.0 Wakefield Chapel - 154.0 Mantua
Wakefield Chapel,Week1,Sideburn Run,Week4,292.0 Wakefield Chapel - 110.0 Sideburn Run
Wakefield Chapel,Week1,Sideburn Run,Week5,290.0 Wakefield Chapel - 112.0 Sideburn Run
Walden Glen,Week1,Shouse Village,Week4,270.0 Shouse Village - 132.0 Walden Glen
Wakefield Chapel,Week2,Shouse Village,Week3,299.0 Wakefield Chapel - 103.0 Shouse Village
Wakefield Chapel,Week1,Mantua,Week4,259.0 Wakefield Chapel - 143.0 Mantua
Walden Glen,Week2,Forest Hollow,Week2,263.0 Forest Hollow - 138.0 Walden Glen
Walden Glen,Week2,Forest Hollow,Week5,273.0 Forest Hollow - 129.0 Walden Glen
Walden Glen,Week3,Forest Hollow,Week1,273.5 Forest Hollow - 128.5 Walden Glen
Wakefield Chapel,Week5,Mantua,Week3,261.0 Wakefield Chapel - 141.0 Mantua
Walden Glen,Week5,Woodley,Week1,274.0 Walden Glen - 128.0 Woodley
Walden Glen,Week1,Shouse Village,Week2,243.0 Shouse Village - 158.0 Walden Glen
Walden Glen,Week5,Woodley,Week4,276.0 Walden Glen - 126.0 Woodley
Walden Glen,Week5,Rutherford,Week1,271.0 Walden Glen - 129.0 Rutherford
Walden Glen,Week2,Shouse Village,Week1,232.0 Shouse Village - 170.0 Walden Glen
Walden Glen,Week3,Forest Hollow,Week2,263.0 Forest Hollow - 139.0 Walden Glen
Walden Glen,Week4,Fairfax Station,Week1,291.0 Fairfax Station - 111.0 Walden Glen
Wakefield Chapel,Week2,Mantua,Week1,255.0 Wakefield Chapel - 147.0 Mantua
Walden Glen,Week5,Fairfax Station,Week4,275.5 Fairfax Station - 126.5 Walden Glen
Wakefield Chapel,Week1,Sideburn Run,Week1,281.0 Wakefield Chapel - 116.0 Sideburn Run
Wakefield Chapel,Week2,Sideburn Run,Week1,280.0 Wakefield Chapel - 122.0 Sideburn Run
Wakefield Chapel,Week5,Shouse Village,Week3,297.0 Wakefield Chapel - 105.0 Shouse Village
Wakefield Chapel,Week4,Mantua,Week3,216.0 Wakefield Chapel - 186.0 Mantua
Walden Glen,Week3,Shouse Village,Week3,247.0 Shouse Village - 155.0 Walden Glen
Wakefield Chapel,Week2,Sideburn Run,Week2,296.0 Wakefield Chapel - 106.0 Sideburn Run
Wakefield Chapel,Week5,Mantua,Week5,253.0 Wakefield Chapel - 149.0 Mantua
Walden Glen,Week3,Forest Hollow,Week4,271.0 Forest Hollow - 131.0 Walden Glen
Wakefield Chapel,Week5,Mantua,Week1,274.0 Wakefield Chapel - 128.0 Mantua
Wakefield Chapel,Week1,McLean,Week2,226.0 McLean - 176.0 Wakefield Chapel
Walden Glen,Week4,Forest Hollow,Week1,259.0 Forest Hollow - 143.0 Walden Glen
Wakefield Chapel,Week4,Shouse Village,Week5,258.0 Wakefield Chapel - 144.0 Shouse Village
Walden Glen,Week3,Shouse Village,Week4,255.0 Shouse Village - 146.0 Walden Glen
Wakefield Chapel,Week5,Mansion House,Week5,281.0 Wakefield Chapel - 121.0 Mansion House
Walden Glen,Week5,Rutherford,Week2,270.0 Walden Glen - 131.0 Rutherford
Walden Glen,Week3,Forest Hollow,Week3,275.0 Forest Hollow - 127.0 Walden Glen
Walden Glen,Week1,Forest Hollow,Week5,301.0 Forest Hollow - 101.0 Walden Glen
Walden Glen,Week2,Shouse Village,Week2,223.0 Shouse Village - 178.0 Walden Glen
Wakefield Chapel,Week1,Sideburn Run,Week2,302.0 Wakefield Chapel - 100.0 Sideburn Run
Walden Glen,Week5,Rutherford,Week3,256.0 Walden Glen - 145.0 Rutherford
Wakefield Chapel,Week2,Sideburn Run,Week3,293.0 Wakefield Chapel - 109.0 Sideburn Run
Walden Glen,Week3,Forest Hollow,Week5,279.0 Forest Hollow - 123.0 Walden Glen
Wakefield Chapel,Week3,Mantua,Week2,271.0 Wakefield Chapel - 126.0 Mantua
Wakefield Chapel,Week1,Mantua,Week5,236.0 Wakefield Chapel - 166.0 Mantua
Wakefield Chapel,Week2,Shouse Village,Week2,302.0 Wakefield Chapel - 100.0 Shouse Village
Wakefield Chapel,Week5,Mansion House,Week2,294.0 Wakefield Chapel - 108.0 Mansion House
Walden Glen,Week3,Shouse Village,Week5,262.0 Shouse Village - 140.0 Walden Glen
Wakefield Chapel,Week4,Shouse Village,Week1,297.0 Wakefield Chapel - 105.0 Shouse Village
Wakefield Chapel,Week5,Shouse Village,Week5,284.0 Wakefield Chapel - 118.0 Shouse Village
Wakefield Chapel,Week5,Mansion House,Week3,280.0 Wakefield Chapel - 122.0 Mansion House
Walden Glen,Week4,Shouse Village,Week3,226.0 Shouse Village - 176.0 Walden Glen
Walden Glen,Week4,Forest Hollow,Week2,245.0 Forest Hollow - 157.0 Walden Glen
Walden Glen,Week4,Forest Hollow,Week3,263.0 Forest Hollow - 139.0 Walden Glen
Wakefield Chapel,Week3,Shouse Village,Week4,282.5 Wakefield Chapel - 119.5 Shouse Village
Walden Glen,Week5,Shouse Village,Week5,243.0 Shouse Village - 159.0 Walden Glen
Wakefield Chapel,Week3,Mantua,Week4,264.0 Wakefield Chapel - 138.0 Mantua
Walden Glen,Week1,Shouse Village,Week5,260.0 Shouse Village - 142.0 Walden Glen
Walden Glen,Week4,Rutherford,Week4,227.0 Walden Glen - 175.0 Rutherford
Walden Glen,Week4,Fox Hunt,Week2,218.0 Fox Hunt - 184.0 Walden Glen
Walden Glen,Week1,Sideburn Run,Week1,263.0 Sideburn Run - 138.0 Walden Glen
Walden Glen,Week5,Shouse Village,Week1,216.0 Shouse Village - 186.0 Walden Glen
Wakefield Chapel,Week3,Shouse Village,Week5,264.0 Wakefield Chapel - 138.0 Shouse Village
Walden Glen,Week5,Rutherford,Week5,242.0 Walden Glen - 159.0 Rutherford
Wakefield Chapel,Week5,Mansion House,Week1,286.0 Wakefield Chapel - 116.0 Mansion House
Walden Glen,Week2,Fox Hunt,Week5,275.0 Fox Hunt - 127.0 Walden Glen
Wakefield Chapel,Week5,Mansion House,Week4,304.0 Wakefield Chapel - 98.0 Mansion House
Walden Glen,Week2,Shouse Village,Week3,236.0 Shouse Village - 166.0 Walden Glen
Wakefield Chapel,Week4,Mansion House,Week5,256.0 Wakefield Chapel - 146.0 Mansion House
Wakefield Chapel,Week3,Mantua,Week3,242.0 Wakefield Chapel - 160.0 Mantua
Walden Glen,Week3,Fox Hunt,Week5,271.0 Fox Hunt - 130.0 Walden Glen
Walden Glen,Week2,Forest Hollow,Week3,268.0 Forest Hollow - 134.0 Walden Glen
Wakefield Chapel,Week5,Shouse Village,Week1,308.0 Wakefield Chapel - 94.0 Shouse Village
Wakefield Chapel,Week4,Shouse Village,Week2,294.0 Wakefield Chapel - 108.0 Shouse Village
Wakefield Chapel,Week1,Sideburn Run,Week3,285.0 Wakefield Chapel - 117.0 Sideburn Run
Walden Glen,Week5,Shouse Village,Week2,202.0 Walden Glen - 200.0 Shouse Village
Wakefield Chapel,Week1,Mantua,Week1,267.0 Wakefield Chapel - 135.0 Mantua
Wakefield Chapel,Week2,Mantua,Week5,215.0 Wakefield Chapel - 187.0 Mantua
Wakefield Chapel,Week3,Mantua,Week1,263.0 Wakefield Chapel - 139.0 Mantua
Wakefield Chapel,Week4,Shouse Village,Week4,270.0 Wakefield Chapel - 132.0 Shouse Village
Walden Glen,Week5,Forest Hollow,Week1,235.0 Forest Hollow - 167.0 Walden Glen
Walden Glen,Week1,Fox Hunt,Week3,281.0 Fox Hunt - 121.0 Walden Glen
Wakefield Chapel,Week1,Mantua,Week2,275.0 Wakefield Chapel - 127.0 Mantua
Wakefield Chapel,Week3,Shouse Village,Week3,298.0 Wakefield Chapel - 104.0 Shouse Village
Walden Glen,Week3,Fox Hunt,Week2,233.0 Fox Hunt - 168.0 Walden Glen
Walden Glen,Week4,Shouse Village,Week1,226.5 Shouse Village - 175.5 Walden Glen
Walden Glen,Week4,Fox Hunt,Week1,222.5 Fox Hunt - 179.5 Walden Glen
Walden Glen,Week1,Sideburn Run,Week3,273.0 Sideburn Run - 129.0 Walden Glen
Wakefield Chapel,Week3,Shouse Village,Week2,299.0 Wakefield Chapel - 103.0 Shouse Village
Walden Glen,Week1,Fox Hunt,Week5,298.0 Fox Hunt - 104.0 Walden Glen
Walden Glen,Week4,Fox Hunt,Week4,240.0 Fox Hunt - 162.0 Walden Glen
Wakefield Chapel,Week2,Mantua,Week3,219.0 Wakefield Chapel - 183.0 Mantua
Wakefield Chapel,Week1,Sleepy Hollow B & R,Week3,279.0 Wakefield Chapel - 123.0 Sleepy Hollow B & R
Walden Glen,Week1,Fox Hunt,Week2,268.0 Fox Hunt - 133.0 Walden Glen
Walden Glen,Week1,Old Keene Mill,Week1,209.0 Old Keene Mill - 192.0 Walden Glen
Wakefield Chapel,Week4,Shouse Village,Week3,285.0 Wakefield Chapel - 117.0 Shouse Village
Walden Glen,Week4,Old Keene Mill,Week3,224.0 Walden Glen - 178.0 Old Keene Mill
Walden Glen,Week4,Fox Hunt,Week3,244.0 Fox Hunt - 153.0 Walden Glen
Wakefield Chapel,Week2,Shouse Village,Week5,268.0 Wakefield Chapel - 134.0 Shouse Village
Wakefield Chapel,Week5,Shouse Village,Week2,304.0 Wakefield Chapel - 98.0 Shouse Village
Wakefield Chapel,Week3,Sideburn Run,Week1,280.0 Wakefield Chapel - 122.0 Sideburn Run
Wakefield Chapel,Week4,Mantua,Week4,239.0 Wakefield Chapel - 163.0 Mantua
Wakefield Chapel,Week3,Shouse Village,Week1,298.0 Wakefield Chapel - 104.0 Shouse Village
Walden Glen,Week5,Forest Hollow,Week5,249.0 Forest Hollow - 153.0 Walden Glen
Wakefield Chapel,Week5,Mantua,Week2,283.0 Wakefield Chapel - 119.0 Mantua
Wakefield Chapel,Week1,Mantua,Week3,252.0 Wakefield Chapel - 150.0 Mantua
Walden Glen,Week2,Old Keene Mill,Week4,211.0 Walden Glen - 190.0 Old Keene Mill
Wakefield Chapel,Week4,Mantua,Week5,215.0 Wakefield Chapel - 187.0 Mantua
Walden Glen,Week5,Shouse Village,Week4,238.0 Shouse Village - 163.0 Walden Glen
Walden Glen,Week3,Fox Hunt,Week4,243.0 Fox Hunt - 158.0 Walden Glen
Walden Glen,Week1,Sideburn Run,Week2,258.0 Sideburn Run - 144.0 Walden Glen
Wakefield Chapel,Week2,Shouse Village,Week4,287.0 Wakefield Chapel - 115.0 Shouse Village
Wakefield Chapel,Week2,Mantua,Week4,250.0 Wakefield Chapel - 152.0 Mantua
Wakefield Chapel,Week4,Sideburn Run,Week5,273.0 Wakefield Chapel - 129.0 Sideburn Run
Walden Glen,Week4,Oakton ,Week2,294.0 Oakton - 108.0 Walden Glen
Wakefield Chapel,Week2,Mantua,Week2,264.0 Wakefield Chapel - 138.0 Mantua
Wakefield Chapel,Week3,Mantua,Week5,256.0 Wakefield Chapel - 146.0 Mantua
Walden Glen,Week4,Old Keene Mill,Week4,232.0 Walden Glen - 170.0 Old Keene Mill
Wakefield Chapel,Week2,Sideburn Run,Week5,274.0 Wakefield Chapel - 128.0 Sideburn Run
Walden Glen,Week3,Old Keene Mill,Week1,217.0 Walden Glen - 185.0 Old Keene Mill
Walden Glen,Week5,Forest Hollow,Week4,239.5 Forest Hollow - 162.5 Walden Glen
Walden Glen,Week1,Old Keene Mill,Week2,225.0 Old Keene Mill - 177.0 Walden Glen
Walden Glen,Week2,Fox Hunt,Week3,264.0 Fox Hunt - 137.0 Walden Glen
Walden Glen,Week3,Fox Hunt,Week3,262.0 Fox Hunt - 140.0 Walden Glen
Wakefield Chapel,Week5,Shouse Village,Week4,289.0 Wakefield Chapel - 113.0 Shouse Village
Wakefield Chapel,Week4,Mantua,Week2,251.5 Wakefield Chapel - 150.5 Mantua
Walden Glen,Week4,Fox Hunt,Week5,268.0 Fox Hunt - 134.0 Walden Glen
Walden Glen,Week4,Forest Hollow,Week5,262.0 Forest Hollow - 140.0 Walden Glen
Walden Glen,Week4,Oakton ,Week3,286.5 Oakton - 110.5 Walden Glen
Wakefield Chapel,Week5,Sideburn Run,Week5,286.0 Wakefield Chapel - 116.0 Sideburn Run
Walden Glen,Week5,Oakton ,Week5,304.0 Oakton - 98.0 Walden Glen
Wakefield Chapel,Week1,McLean,Week1,204.0 Wakefield Chapel - 198.0 McLean
Wakefield Chapel,Week5,Sideburn Run,Week1,297.0 Wakefield Chapel - 105.0 Sideburn Run
Walden Glen,Week4,Oakton ,Week4,285.0 Oakton - 117.0 Walden Glen
Wakefield Chapel,Week5,Mantua,Week4,282.0 Wakefield Chapel - 120.0 Mantua
Wakefield Chapel,Week4,Sideburn Run,Week3,273.0 Wakefield Chapel - 129.0 Sideburn Run
Walden Glen,Week1,Old Keene Mill,Week4,230.0 Old Keene Mill - 172.0 Walden Glen
Wakefield Chapel,Week4,McLean,Week2,232.0 McLean - 170.0 Wakefield Chapel
Wakefield Chapel,Week2,McLean,Week3,239.0 McLean - 163.0 Wakefield Chapel
Walden Glen,Week1,Old Keene Mill,Week3,222.0 Old Keene Mill - 180.0 Walden Glen
Walden Glen,Week5,Fox Hunt,Week1,207.0 Walden Glen - 195.0 Fox Hunt
Wakefield Chapel,Week2,McLean,Week4,219.5 McLean - 182.5 Wakefield Chapel
Wakefield Chapel,Week3,Sideburn Run,Week5,281.0 Wakefield Chapel - 121.0 Sideburn Run
Wakefield Chapel,Week3,Sideburn Run,Week4,295.0 Wakefield Chapel - 107.0 Sideburn Run
Walden Glen,Week1,Fox Hunt,Week4,266.0 Fox Hunt - 136.0 Walden Glen
Walden Glen,Week2,Fox Hunt,Week1,229.0 Fox Hunt - 172.0 Walden Glen
Wakefield Chapel,Week4,McLean,Week5,241.0 McLean - 161.0 Wakefield Chapel
Walden Glen,Week5,Forest Hollow,Week2,234.0 Forest Hollow - 168.0 Walden Glen
Wakefield Chapel,Week2,Lakeview,Week1,369.0 Wakefield Chapel - 33.0 Lakeview
Walden Glen,Week1,Fox Hunt,Week1,249.0 Fox Hunt - 152.0 Walden Glen
Wakefield Chapel,Week3,McLean,Week3,226.0 McLean - 176.0 Wakefield Chapel
Wakefield Chapel,Week1,Broyhill Crest,Week3,389.0 Wakefield Chapel - 13.0 Broyhill Crest
Wakefield Chapel,Week1,Mosby Woods,Week1,223.0 Wakefield Chapel - 179.0 Mosby Woods
Walden Glen,Week4,Oakton ,Week5,313.0 Oakton - 89.0 Walden Glen
Wakefield Chapel,Week2,Sideburn Run,Week4,292.0 Wakefield Chapel - 110.0 Sideburn Run
Walden Glen,Week4,Fox Mill Estates,Week1,235.0 Walden Glen - 167.0 Fox Mill Estates
Walden Glen,Week2,Old Keene Mill,Week2,207.0 Walden Glen - 194.0 Old Keene Mill
Walden Glen,Week2,Fox Hunt,Week2,241.0 Fox Hunt - 161.0 Walden Glen
Walden Glen,Week3,Fox Hunt,Week1,228.0 Fox Hunt - 174.0 Walden Glen
Wakefield Chapel,Week4,McLean,Week4,217.0 McLean - 185.0 Wakefield Chapel
Walden Glen,Week5,Oakton ,Week3,280.0 Oakton - 122.0 Walden Glen
Walden Glen,Week1,Old Keene Mill,Week5,230.0 Old Keene Mill - 172.0 Walden Glen
Wakefield Chapel,Week1,McLean,Week5,229.5 McLean - 172.5 Wakefield Chapel
Walden Glen,Week5,Oakton ,Week2,302.0 Oakton - 100.0 Walden Glen
Wakefield Chapel,Week2,Broyhill Crest,Week2,392.0 Wakefield Chapel - 10.0 Broyhill Crest
Walden Glen,Week2,Fox Mill Estates,Week1,209.0 Walden Glen - 193.0 Fox Mill Estates
Wakefield Chapel,Week2,McLean,Week2,250.0 McLean - 152.0 Wakefield Chapel
Walden Glen,Week5,Forest Hollow,Week3,243.0 Forest Hollow - 159.0 Walden Glen
Wakefield Chapel,Week4,Sleepy Hollow B & R,Week3,253.0 Wakefield Chapel - 149.0 Sleepy Hollow B & R
Wakefield Chapel,Week1,Sleepy Hollow B & R,Week5,270.0 Wakefield Chapel - 132.0 Sleepy Hollow B & R
Wakefield Chapel,Week2,Sleepy Hollow B & R,Week4,266.5 Wakefield Chapel - 135.5 Sleepy Hollow B & R
Wakefield Chapel,Week2,Sleepy Hollow B & R,Week2,263.0 Wakefield Chapel - 139.0 Sleepy Hollow B & R
Walden Glen,Week3,Old Keene Mill,Week2,203.0 Walden Glen - 199.0 Old Keene Mill
Wakefield Chapel,Week1,Lakeview,Week5,360.0 Wakefield Chapel - 33.0 Lakeview
Wakefield Chapel,Week4,Sideburn Run,Week1,267.0 Wakefield Chapel - 135.0 Sideburn Run
Wakefield Chapel,Week1,Broyhill Crest,Week5,385.0 Wakefield Chapel - 17.0 Broyhill Crest
Wakefield Chapel,Week1,Lakeview,Week2,371.0 Wakefield Chapel - 31.0 Lakeview
Wakefield Chapel,Week5,Sleepy Hollow B & R,Week1,309.0 Wakefield Chapel - 93.0 Sleepy Hollow B & R
Wakefield Chapel,Week5,Lakeview,Week2,378.0 Wakefield Chapel - 24.0 Lakeview
Wakefield Chapel,Week3,McLean,Week2,220.0 McLean - 182.0 Wakefield Chapel
Wakefield Chapel,Week3,McLean,Week4,214.0 McLean - 188.0 Wakefield Chapel
Wakefield Chapel,Week5,Lakevale Estates,Week4,202.0 Wakefield Chapel - 200.0 Lakevale Estates
Walden Glen,Week2,Old Keene Mill,Week3,203.0 Walden Glen - 198.0 Old Keene Mill
Wakefield Chapel,Week4,McLean,Week1,209.0 McLean - 193.0 Wakefield Chapel
Wakefield Chapel,Week2,Broyhill Crest,Week3,391.0 Wakefield Chapel - 11.0 Broyhill Crest
Wakefield Chapel,Week5,Sleepy Hollow B & R,Week3,289.0 Wakefield Chapel - 113.0 Sleepy Hollow B & R
Walden Glen,Week1,Fox Mill Estates,Week3,242.0 Fox Mill Estates - 160.0 Walden Glen
Wakefield Chapel,Week5,Brookfield ,Week2,308.0 Wakefield Chapel - 94.0 Brookfield
Wakefield Chapel,Week2,Broyhill Crest,Week4,393.0 Wakefield Chapel - 9.0 Broyhill Crest
Wakefield Chapel,Week3,Sleepy Hollow B & R,Week5,251.0 Wakefield Chapel - 151.0 Sleepy Hollow B & R
Walden Glen,Week1,Fox Mill Woods,Week3,307.0 Fox Mill Woods - 95.0 Walden Glen
Wakefield Chapel,Week1,Broyhill Crest,Week4,386.0 Wakefield Chapel - 16.0 Broyhill Crest
Walden Glen,Week2,Old Keene Mill,Week5,203.0 Old Keene Mill - 199.0 Walden Glen
Wakefield Chapel,Week5,McLean,Week3,219.0 McLean - 183.0 Wakefield Chapel
Walden Glen,Week5,Oakton ,Week4,286.0 Oakton - 116.0 Walden Glen
Wakefield Chapel,Week5,Sideburn Run,Week3,302.0 Wakefield Chapel - 100.0 Sideburn Run
Wakefield Chapel,Week4,Sleepy Hollow B & R,Week4,248.0 Wakefield Chapel - 154.0 Sleepy Hollow B & R
Wakefield Chapel,Week4,Mosby Woods,Week3,226.0 Wakefield Chapel - 176.0 Mosby Woods
Wakefield Chapel,Week5,Sideburn Run,Week4,306.0 Wakefield Chapel - 96.0 Sideburn Run
Wakefield Chapel,Week4,Lakeview,Week1,363.0 Wakefield Chapel - 39.0 Lakeview
Walden Glen,Week3,Fox Mill Estates,Week5,227.0 Fox Mill Estates - 175.0 Walden Glen
Walden Glen,Week3,Old Keene Mill,Week3,209.0 Old Keene Mill - 193.0 Walden Glen
Wakefield Chapel,Week1,McLean,Week3,225.0 McLean - 177.0 Wakefield Chapel
Wakefield Chapel,Week2,Lakeview,Week3,351.0 Wakefield Chapel - 51.0 Lakeview
Wakefield Chapel,Week1,Lakeview,Week1,375.0 Wakefield Chapel - 22.0 Lakeview
Walden Glen,Week5,Fox Hunt,Week4,219.0 Fox Hunt - 183.0 Walden Glen
Walden Glen,Week5,Fox Mill Estates,Week2,223.0 Walden Glen - 179.0 Fox Mill Estates
Walden Glen,Week4,Old Keene Mill,Week2,220.0 Walden Glen - 182.0 Old Keene Mill
Wakefield Chapel,Week5,Lakeview,Week1,377.0 Wakefield Chapel - 25.0 Lakeview
Wakefield Chapel,Week3,Broyhill Crest,Week1,387.0 Wakefield Chapel - 15.0 Broyhill Crest
Wakefield Chapel,Week2,Sleepy Hollow B & R,Week3,262.0 Wakefield Chapel - 140.0 Sleepy Hollow B & R
Wakefield Chapel,Week1,Mosby Woods,Week3,234.0 Wakefield Chapel - 168.0 Mosby Woods
Walden Glen,Week5,Oakton ,Week1,274.0 Oakton - 128.0 Walden Glen
Wakefield Chapel,Week3,Broyhill Crest,Week4,389.0 Wakefield Chapel - 13.0 Broyhill Crest
Wakefield Chapel,Week1,Mosby Woods,Week5,227.0 Wakefield Chapel - 175.0 Mosby Woods
Walden Glen,Week1,Fox Mill Estates,Week4,247.0 Fox Mill Estates - 154.0 Walden Glen
Walden Glen,Week3,Old Keene Mill,Week5,205.0 Old Keene Mill - 197.0 Walden Glen
Wakefield Chapel,Week5,Brookfield ,Week4,299.0 Wakefield Chapel - 103.0 Brookfield
Wakefield Chapel,Week3,Mosby Woods,Week5,222.0 Wakefield Chapel - 180.0 Mosby Woods
Wakefield Chapel,Week3,Lakeview,Week5,355.0 Wakefield Chapel - 38.0 Lakeview
Wakefield Chapel,Week4,Lakeview,Week3,347.5 Wakefield Chapel - 54.5 Lakeview
Walden Glen,Week3,Old Keene Mill,Week4,212.0 Walden Glen - 190.0 Old Keene Mill
Wakefield Chapel,Week1,Sleepy Hollow B & R,Week2,279.0 Wakefield Chapel - 123.0 Sleepy Hollow B & R
Walden Glen,Week1,Fox Mill Woods,Week2,305.0 Fox Mill Woods - 97.0 Walden Glen
Walden Glen,Week2,Old Keene Mill,Week1,224.0 Walden Glen - 177.0 Old Keene Mill
Walden Glen,Week2,Fox Hunt,Week4,236.0 Fox Hunt - 165.0 Walden Glen
Wakefield Chapel,Week2,Langley,Week4,210.0 Wakefield Chapel - 192.0 Langley
Wakefield Chapel,Week5,Brookfield ,Week5,306.0 Wakefield Chapel - 96.0 Brookfield
Wakefield Chapel,Week5,McLean,Week2,217.0 McLean - 185.0 Wakefield Chapel
Walden Glen,Week2,Fox Mill Estates,Week3,217.0 Fox Mill Estates - 185.0 Walden Glen
Wakefield Chapel,Week5,Lakevale Estates,Week2,250.0 Wakefield Chapel - 152.0 Lakevale Estates
Wakefield Chapel,Week4,Sideburn Run,Week2,292.0 Wakefield Chapel - 110.0 Sideburn Run
Wakefield Chapel,Week3,Langley,Week1,223.0 Wakefield Chapel - 179.0 Langley
Wakefield Chapel,Week2,Broyhill Crest,Week1,390.0 Wakefield Chapel - 12.0 Broyhill Crest
Walden Glen,Week4,Fox Mill Estates,Week2,201.0 Fox Mill Estates - 201.0 Walden Glen
Walden Glen,Week4,Old Keene Mill,Week1,241.0 Walden Glen - 161.0 Old Keene Mill
Walden Glen,Week2,Fox Mill Estates,Week4,232.0 Fox Mill Estates - 170.0 Walden Glen
Walden Glen,Week3,Orange Hunt,Week1,232.0 Orange Hunt - 170.0 Walden Glen
Walden Glen,Week1,Orange Hunt,Week3,294.0 Orange Hunt - 108.0 Walden Glen
Walden Glen,Week3,Fox Mill Estates,Week4,231.0 Fox Mill Estates - 171.0 Walden Glen
Wakefield Chapel,Week3,Sideburn Run,Week2,292.5 Wakefield Chapel - 109.5 Sideburn Run
Wakefield Chapel,Week2,Langley,Week1,218.5 Wakefield Chapel - 183.5 Langley
Wakefield Chapel,Week2,Mosby Woods,Week2,211.0 Wakefield Chapel - 191.0 Mosby Woods
Wakefield Chapel,Week3,Broyhill Crest,Week2,393.0 Wakefield Chapel - 9.0 Broyhill Crest
Wakefield Chapel,Week5,Mosby Woods,Week1,230.0 Wakefield Chapel - 172.0 Mosby Woods
Wakefield Chapel,Week5,Sideburn Run,Week2,309.0 Wakefield Chapel - 93.0 Sideburn Run
Wakefield Chapel,Week3,Broyhill Crest,Week5,382.0 Wakefield Chapel - 20.0 Broyhill Crest
Wakefield Chapel,Week3,Sideburn Run,Week3,295.0 Wakefield Chapel - 107.0 Sideburn Run
Wakefield Chapel,Week4,Broyhill Crest,Week2,390.0 Wakefield Chapel - 12.0 Broyhill Crest
Walden Glen,Week1,Fox Mill Estates,Week2,241.0 Fox Mill Estates - 161.0 Walden Glen
Walden Glen,Week4,Old Keene Mill,Week5,224.0 Walden Glen - 178.0 Old Keene Mill
Wakefield Chapel,Week2,Langley,Week2,228.0 Wakefield Chapel - 174.0 Langley
Wakefield Chapel,Week4,Sideburn Run,Week4,283.0 Wakefield Chapel - 119.0 Sideburn Run
Walden Glen,Week4,Orange Hunt,Week5,271.0 Orange Hunt - 130.0 Walden Glen
Wakefield Chapel,Week2,McLean,Week1,219.0 McLean - 183.0 Wakefield Chapel
Wakefield Chapel,Week3,McLean,Week1,205.0 McLean - 197.0 Wakefield Chapel
Wakefield Chapel,Week1,Broyhill Crest,Week2,387.0 Wakefield Chapel - 15.0 Broyhill Crest
Wakefield Chapel,Week5,Brookfield ,Week3,311.0 Wakefield Chapel - 91.0 Brookfield
Wakefield Chapel,Week2,Sleepy Hollow B & R,Week1,283.0 Wakefield Chapel - 119.0 Sleepy Hollow B & R
Walden Glen,Week4,Fox Mill Estates,Week3,203.0 Walden Glen - 198.0 Fox Mill Estates
Walden Glen,Week1,Orange Hunt,Week4,288.0 Orange Hunt - 113.0 Walden Glen
Wakefield Chapel,Week4,Broyhill Crest,Week1,385.0 Wakefield Chapel - 17.0 Broyhill Crest
Wakefield Chapel,Week2,Lakeview,Week2,371.0 Wakefield Chapel - 31.0 Lakeview
Walden Glen,Week4,Mosby Woods,Week4,281.5 Mosby Woods - 120.5 Walden Glen
Wakefield Chapel,Week3,Sleepy Hollow B & R,Week3,272.0 Wakefield Chapel - 130.0 Sleepy Hollow B & R
Wakefield Chapel,Week2,McLean,Week5,245.0 McLean - 157.0 Wakefield Chapel
Walden Glen,Week2,Orange Hunt,Week1,247.0 Orange Hunt - 155.0 Walden Glen
Wakefield Chapel,Week1,Sleepy Hollow B & R,Week1,299.0 Wakefield Chapel - 103.0 Sleepy Hollow B & R
Wakefield Chapel,Week3,Lakeview,Week3,349.0 Wakefield Chapel - 53.0 Lakeview
Walden Glen,Week4,Mosby Woods,Week1,292.0 Mosby Woods - 110.0 Walden Glen
Walden Glen,Week1,Mosby Woods,Week4,310.0 Mosby Woods - 91.0 Walden Glen
Walden Glen,Week2,Fox Mill Estates,Week5,225.0 Fox Mill Estates - 177.0 Walden Glen
Walden Glen,Week1,Fox Mill Estates,Week1,219.5 Fox Mill Estates - 181.5 Walden Glen
Wakefield Chapel,Week5,McLean,Week1,210.0 Wakefield Chapel - 192.0 McLean
Walden Glen,Week1,Fox Mill Estates,Week5,247.0 Fox Mill Estates - 155.0 Walden Glen
Wakefield Chapel,Week1,McLean,Week4,205.0 McLean - 197.0 Wakefield Chapel
Wakefield Chapel,Week5,Lakevale Estates,Week5,205.5 Wakefield Chapel - 196.5 Lakevale Estates
Walden Glen,Week2,Mosby Woods,Week5,307.0 Mosby Woods - 95.0 Walden Glen
Walden Glen,Week2,Orange Hunt,Week2,267.0 Orange Hunt - 134.0 Walden Glen
Walden Glen,Week4,McLean,Week3,297.0 McLean - 100.0 Walden Glen
Wakefield Chapel,Week3,Sleepy Hollow B & R,Week1,288.0 Wakefield Chapel - 114.0 Sleepy Hollow B & R
Wakefield Chapel,Week2,Broyhill Crest,Week5,389.0 Wakefield Chapel - 13.0 Broyhill Crest
Walden Glen,Week4,Orange Hunt,Week2,253.0 Orange Hunt - 149.0 Walden Glen
Wakefield Chapel,Week3,Sleepy Hollow B & R,Week2,274.5 Wakefield Chapel - 127.5 Sleepy Hollow B & R
Wakefield Chapel,Week5,Lakevale Estates,Week3,221.0 Wakefield Chapel - 181.0 Lakevale Estates
Wakefield Chapel,Week4,Mosby Woods,Week2,211.0 Wakefield Chapel - 191.0 Mosby Woods
Walden Glen,Week3,Mosby Woods,Week2,308.0 Mosby Woods - 94.0 Walden Glen
Wakefield Chapel,Week1,Sleepy Hollow B & R,Week4,268.0 Wakefield Chapel - 134.0 Sleepy Hollow B & R
Wakefield Chapel,Week3,Lakeview,Week4,354.0 Wakefield Chapel - 48.0 Lakeview
Wakefield Chapel,Week1,Lakeview,Week3,363.0 Wakefield Chapel - 39.0 Lakeview
Wakefield Chapel,Week1,Broyhill Crest,Week1,386.0 Wakefield Chapel - 16.0 Broyhill Crest
Walden Glen,Week2,Orange Hunt,Week5,276.0 Orange Hunt - 122.0 Walden Glen
Wakefield Chapel,Week2,Lakeview,Week5,351.0 Wakefield Chapel - 42.0 Lakeview
Walden Glen,Week3,Fox Mill Estates,Week2,212.0 Fox Mill Estates - 189.0 Walden Glen
Walden Glen,Week5,Old Keene Mill,Week2,239.5 Walden Glen - 162.5 Old Keene Mill
Walden Glen,Week2,Orange Hunt,Week3,264.0 Orange Hunt - 137.0 Walden Glen
Walden Glen,Week3,Fox Mill Estates,Week3,225.0 Fox Mill Estates - 177.0 Walden Glen
Walden Glen,Week3,Fox Mill Estates,Week1,212.0 Walden Glen - 190.0 Fox Mill Estates
Wakefield Chapel,Week4,Lakeview,Week4,339.0 Wakefield Chapel - 63.0 Lakeview
Wakefield Chapel,Week5,McLean,Week4,208.0 McLean - 194.0 Wakefield Chapel
Wakefield Chapel,Week3,Sleepy Hollow B & R,Week4,276.0 Wakefield Chapel - 126.0 Sleepy Hollow B & R
Walden Glen,Week5,McLean,Week3,275.0 McLean - 127.0 Walden Glen
Wakefield Chapel,Week2,Sleepy Hollow B & R,Week5,240.0 Wakefield Chapel - 162.0 Sleepy Hollow B & R
Wakefield Chapel,Week4,Sleepy Hollow B & R,Week2,253.0 Wakefield Chapel - 149.0 Sleepy Hollow B & R
Wakefield Chapel,Week4,Sleepy Hollow B & R,Week1,277.0 Wakefield Chapel - 125.0 Sleepy Hollow B & R
Walden Glen,Week1,Orange Hunt,Week1,285.0 Orange Hunt - 116.0 Walden Glen
Wakefield Chapel,Week3,Broyhill Crest,Week3,391.0 Wakefield Chapel - 11.0 Broyhill Crest
Walden Glen,Week5,Fox Mill Estates,Week1,246.0 Walden Glen - 156.0 Fox Mill Estates
Wakefield Chapel,Week4,Broyhill Crest,Week5,387.0 Wakefield Chapel - 15.0 Broyhill Crest
Wakefield Chapel,Week5,McLean,Week5,222.0 McLean - 180.0 Wakefield Chapel
Walden Glen,Week3,McLean,Week5,323.0 McLean - 79.0 Walden Glen
Walden Glen,Week3,Orange Hunt,Week3,254.0 Orange Hunt - 148.0 Walden Glen
Walden Glen,Week4,Fox Mill Estates,Week5,213.0 Fox Mill Estates - 189.0 Walden Glen
Walden Glen,Week5,Mosby Woods,Week1,281.0 Mosby Woods - 121.0 Walden Glen
Wakefield Chapel,Week5,Broyhill Crest,Week1,391.0 Wakefield Chapel - 11.0 Broyhill Crest
Wakefield Chapel,Week3,Lakeview,Week1,366.0 Wakefield Chapel - 36.0 Lakeview
Wakefield Chapel,Week4,McLean,Week3,246.0 McLean - 156.0 Wakefield Chapel
Wakefield Chapel,Week4,Broyhill Crest,Week3,393.0 Wakefield Chapel - 9.0 Broyhill Crest
Walden Glen,Week1,Mosby Woods,Week5,326.0 Mosby Woods - 76.0 Walden Glen
Wakefield Chapel,Week4,Broyhill Crest,Week4,392.0 Wakefield Chapel - 10.0 Broyhill Crest
Wakefield Chapel,Week1,Mosby Woods,Week4,237.0 Wakefield Chapel - 165.0 Mosby Woods
Walden Glen,Week3,McLean,Week4,299.0 McLean - 103.0 Walden Glen
Wakefield Chapel,Week3,McLean,Week5,228.0 McLean - 174.0 Wakefield Chapel
Walden Glen,Week5,Fox Hunt,Week3,234.0 Fox Hunt - 168.0 Walden Glen
Wakefield Chapel,Week2,Mosby Woods,Week1,203.0 Mosby Woods - 199.0 Wakefield Chapel
Wakefield Chapel,Week1,Lakeview,Week4,357.0 Wakefield Chapel - 45.0 Lakeview
Wakefield Chapel,Week3,Sleepy Hollow Rec,Week1,336.0 Wakefield Chapel - 66.0 Sleepy Hollow Rec
Walden Glen,Week5,McLean,Week4,276.0 McLean - 126.0 Walden Glen
Walden Glen,Week5,Old Keene Mill,Week3,246.0 Walden Glen - 156.0 Old Keene Mill
Wakefield Chapel,Week3,Lakeview,Week2,371.0 Wakefield Chapel - 31.0 Lakeview
Walden Glen,Week5,Fox Hunt,Week2,202.0 Fox Hunt - 200.0 Walden Glen
Wakefield Chapel,Week4,Lakeview,Week2,360.0 Wakefield Chapel - 42.0 Lakeview
Wakefield Chapel,Week5,Sleepy Hollow B & R,Week2,282.0 Wakefield Chapel - 120.0 Sleepy Hollow B & R
Wakefield Chapel,Week2,Mosby Woods,Week4,220.0 Wakefield Chapel - 182.0 Mosby Woods
Walden Glen,Week5,Fox Mill Estates,Week3,223.0 Walden Glen - 178.0 Fox Mill Estates
Wakefield Chapel,Week2,Sleepy Hollow Rec,Week4,354.5 Wakefield Chapel - 47.5 Sleepy Hollow Rec
Wakefield Chapel,Week2,Lakeview,Week4,346.0 Wakefield Chapel - 56.0 Lakeview
Walden Glen,Week2,Mosby Woods,Week3,306.0 Mosby Woods - 95.0 Walden Glen
Walden Glen,Week5,Old Keene Mill,Week1,257.0 Walden Glen - 145.0 Old Keene Mill
Wakefield Chapel,Week2,Mosby Woods,Week5,203.0 Wakefield Chapel - 199.0 Mosby Woods
Wakefield Chapel,Week3,Mosby Woods,Week1,214.0 Wakefield Chapel - 188.0 Mosby Woods
Wakefield Chapel,Week4,Sleepy Hollow B & R,Week5,225.0 Wakefield Chapel - 177.0 Sleepy Hollow B & R
Walden Glen,Week5,Fox Hunt,Week5,234.0 Fox Hunt - 168.0 Walden Glen
Walden Glen,Week1,Mosby Woods,Week1,324.0 Mosby Woods - 78.0 Walden Glen
Wakefield Chapel,Week5,Broyhill Crest,Week2,395.0 Wakefield Chapel - 7.0 Broyhill Crest
Walden Glen,Week5,Orange Hunt,Week1,231.0 Orange Hunt - 171.0 Walden Glen
Walden Glen,Week5,McLean,Week1,282.0 McLean - 120.0 Walden Glen
Walden Glen,Week1,Overlee,Week2,370.0 Overlee - 32.0 Walden Glen
Walden Glen,Week1,Overlee,Week3,360.0 Overlee - 42.0 Walden Glen
Walden Glen,Week1,Fox Mill Woods,Week1,307.0 Fox Mill Woods - 95.0 Walden Glen
Wakefield Chapel,Week4,Lakeview,Week5,350.0 Wakefield Chapel - 43.0 Lakeview
Walden Glen,Week2,Fox Mill Estates,Week2,203.0 Walden Glen - 199.0 Fox Mill Estates
Walden Glen,Week5,Fox Mill Estates,Week4,212.0 Walden Glen - 190.0 Fox Mill Estates
Wakefield Chapel,Week1,Sleepy Hollow Rec,Week4,345.0 Wakefield Chapel - 57.0 Sleepy Hollow Rec
Wakefield Chapel,Week1,Sleepy Hollow Rec,Week1,339.0 Wakefield Chapel - 63.0 Sleepy Hollow Rec
Wakefield Chapel,Week1,Mosby Woods,Week2,218.0 Wakefield Chapel - 184.0 Mosby Woods
Walden Glen,Week4,Fox Mill Estates,Week4,205.0 Fox Mill Estates - 197.0 Walden Glen
Wakefield Chapel,Week3,Mosby Woods,Week4,240.0 Wakefield Chapel - 162.0 Mosby Woods
Walden Glen,Week1,Mosby Woods,Week3,323.0 Mosby Woods - 79.0 Walden Glen
Walden Glen,Week5,Old Keene Mill,Week5,227.5 Walden Glen - 174.5 Old Keene Mill
Walden Glen,Week4,McLean,Week4,280.0 McLean - 122.0 Walden Glen
Wakefield Chapel,Week1,Langley,Week1,232.0 Wakefield Chapel - 170.0 Langley
Walden Glen,Week3,Mosby Woods,Week3,314.0 Mosby Woods - 88.0 Walden Glen
Wakefield Chapel,Week5,Sleepy Hollow B & R,Week5,271.0 Wakefield Chapel - 131.0 Sleepy Hollow B & R
Wakefield Chapel,Week5,Lakeview,Week5,369.0 Wakefield Chapel - 24.0 Lakeview
Wakefield Chapel,Week5,Lakeview,Week4,363.0 Wakefield Chapel - 39.0 Lakeview
Wakefield Chapel,Week1,Langley,Week3,249.5 Wakefield Chapel - 152.5 Langley
Wakefield Chapel,Week4,Mosby Woods,Week1,203.0 Mosby Woods - 199.0 Wakefield Chapel
Wakefield Chapel,Week2,Mosby Woods,Week3,226.0 Wakefield Chapel - 176.0 Mosby Woods
Walden Glen,Week5,Orange Hunt,Week2,232.0 Orange Hunt - 170.0 Walden Glen
Walden Glen,Week2,Fox Mill Woods,Week2,288.0 Fox Mill Woods - 113.0 Walden Glen
Wakefield Chapel,Week2,Sleepy Hollow Rec,Week1,331.0 Wakefield Chapel - 71.0 Sleepy Hollow Rec
Wakefield Chapel,Week1,Langley,Week2,234.0 Wakefield Chapel - 168.0 Langley
Walden Glen,Week4,McLean,Week5,307.0 McLean - 95.0 Walden Glen
Walden Glen,Week1,Fox Mill Woods,Week4,317.0 Fox Mill Woods - 85.0 Walden Glen
Wakefield Chapel,Week4,Mosby Woods,Week4,221.0 Wakefield Chapel - 181.0 Mosby Woods
Wakefield Chapel,Week2,Sleepy Hollow Rec,Week5,328.0 Wakefield Chapel - 74.0 Sleepy Hollow Rec
Walden Glen,Week5,Old Keene Mill,Week4,249.0 Walden Glen - 153.0 Old Keene Mill
Walden Glen,Week3,Orange Hunt,Week5,271.0 Orange Hunt - 130.0 Walden Glen
Walden Glen,Week1,Mosby Woods,Week2,332.0 Mosby Woods - 70.0 Walden Glen
Wakefield Chapel,Week2,Sleepy Hollow Rec,Week2,348.0 Wakefield Chapel - 54.0 Sleepy Hollow Rec
Wakefield Chapel,Week3,Mosby Woods,Week2,222.0 Wakefield Chapel - 180.0 Mosby Woods
Walden Glen,Week5,Fox Mill Estates,Week5,217.0 Walden Glen - 185.0 Fox Mill Estates
Walden Glen,Week4,Orange Hunt,Week1,240.5 Orange Hunt - 161.5 Walden Glen
Walden Glen,Week4,McLean,Week2,297.0 McLean - 105.0 Walden Glen
Wakefield Chapel,Week5,Lakeview,Week3,367.0 Wakefield Chapel - 35.0 Lakeview
Wakefield Chapel,Week4,Sleepy Hollow Rec,Week1,325.0 Wakefield Chapel - 77.0 Sleepy Hollow Rec
Wakefield Chapel,Week2,Mount Vernon Park,Week2,217.0 Wakefield Chapel - 185.0 Mount Vernon Park
Wakefield Chapel,Week2,Langley,Week3,221.0 Wakefield Chapel - 181.0 Langley
Walden Glen,Week2,Mosby Woods,Week4,286.0 Mosby Woods - 114.0 Walden Glen
Walden Glen,Week4,McLean,Week1,300.0 McLean - 102.0 Walden Glen
Walden Glen,Week1,Fox Mill Woods,Week5,304.0 Fox Mill Woods - 98.0 Walden Glen
Walden Glen,Week3,Orange Hunt,Week4,251.0 Orange Hunt - 151.0 Walden Glen
Walden Glen,Week2,Fox Mill Woods,Week1,290.0 Fox Mill Woods - 112.0 Walden Glen
Wakefield Chapel,Week3,Sleepy Hollow Rec,Week3,340.0 Wakefield Chapel - 62.0 Sleepy Hollow Rec
Walden Glen,Week1,Orange Hunt,Week5,296.0 Orange Hunt - 106.0 Walden Glen
Walden Glen,Week2,Fox Mill Woods,Week3,286.0 Fox Mill Woods - 116.0 Walden Glen
Walden Glen,Week1,Orange Hunt,Week2,293.0 Orange Hunt - 109.0 Walden Glen
Walden Glen,Week2,Mosby Woods,Week2,308.0 Mosby Woods - 93.0 Walden Glen
Walden Glen,Week5,McLean,Week2,293.0 McLean - 109.0 Walden Glen
Wakefield Chapel,Week4,Langley,Week2,214.0 Wakefield Chapel - 188.0 Langley
Walden Glen,Week3,Orange Hunt,Week2,241.0 Orange Hunt - 161.0 Walden Glen
Wakefield Chapel,Week5,Langley,Week2,262.0 Wakefield Chapel - 140.0 Langley
Wakefield Chapel,Week5,Mosby Woods,Week3,252.0 Wakefield Chapel - 150.0 Mosby Woods
Walden Glen,Week2,Mosby Woods,Week1,311.0 Mosby Woods - 90.0 Walden Glen
Walden Glen,Week3,Fox Mill Woods,Week4,292.0 Fox Mill Woods - 110.0 Walden Glen
Wakefield Chapel,Week1,Langley,Week5,246.0 Wakefield Chapel - 156.0 Langley
Wakefield Chapel,Week2,Langley,Week5,243.0 Wakefield Chapel - 159.0 Langley
Wakefield Chapel,Week4,Sleepy Hollow Rec,Week2,344.0 Wakefield Chapel - 58.0 Sleepy Hollow Rec
Wakefield Chapel,Week3,Sleepy Hollow Rec,Week5,341.0 Wakefield Chapel - 61.0 Sleepy Hollow Rec
Walden Glen,Week5,McLean,Week5,296.0 McLean - 106.0 Walden Glen
Wakefield Chapel,Week5,Mosby Woods,Week4,259.0 Wakefield Chapel - 143.0 Mosby Woods
Wakefield Chapel,Week2,Mount Vernon Park,Week1,237.0 Wakefield Chapel - 165.0 Mount Vernon Park
Wakefield Chapel,Week1,Mount Vernon Park,Week2,240.0 Wakefield Chapel - 162.0 Mount Vernon Park
Walden Glen,Week3,Fox Mill Woods,Week2,283.0 Fox Mill Woods - 119.0 Walden Glen
Walden Glen,Week4,Orange Hunt,Week4,247.0 Orange Hunt - 150.0 Walden Glen
Walden Glen,Week4,Fox Mill Woods,Week1,279.0 Fox Mill Woods - 123.0 Walden Glen
Walden Glen,Week3,Mosby Woods,Week1,314.0 Mosby Woods - 88.0 Walden Glen
Wakefield Chapel,Week1,Sleepy Hollow Rec,Week2,344.0 Wakefield Chapel - 58.0 Sleepy Hollow Rec
Wakefield Chapel,Week3,Sleepy Hollow Rec,Week4,362.0 Wakefield Chapel - 40.0 Sleepy Hollow Rec
Wakefield Chapel,Week1,Langley,Week4,240.0 Wakefield Chapel - 162.0 Langley
Wakefield Chapel,Week4,Sleepy Hollow Rec,Week3,342.0 Wakefield Chapel - 60.0 Sleepy Hollow Rec
Walden Glen,Week4,Orange Hunt,Week3,243.0 Orange Hunt - 159.0 Walden Glen
Wakefield Chapel,Week4,Mosby Woods,Week5,204.0 Wakefield Chapel - 198.0 Mosby Woods
Walden Glen,Week2,Orange Hunt,Week4,267.0 Orange Hunt - 134.0 Walden Glen
Wakefield Chapel,Week3,Mosby Woods,Week3,238.0 Wakefield Chapel - 159.0 Mosby Woods
Walden Glen,Week4,Fox Mill Woods,Week3,263.0 Fox Mill Woods - 139.0 Walden Glen
Wakefield Chapel,Week1,Sleepy Hollow Rec,Week5,337.0 Wakefield Chapel - 65.0 Sleepy Hollow Rec
Wakefield Chapel,Week5,Langley,Week4,257.0 Wakefield Chapel - 145.0 Langley
Walden Glen,Week5,Orange Hunt,Week4,227.0 Orange Hunt - 175.0 Walden Glen
Walden Glen,Week4,Fox Mill Woods,Week5,282.0 Fox Mill Woods - 120.0 Walden Glen
Walden Glen,Week3,Mosby Woods,Week5,315.0 Mosby Woods - 87.0 Walden Glen
Wakefield Chapel,Week2,Mount Vernon Park,Week4,220.5 Wakefield Chapel - 181.5 Mount Vernon Park
Wakefield Chapel,Week2,Mount Vernon Park,Week3,216.5 Wakefield Chapel - 185.5 Mount Vernon Park
Wakefield Chapel,Week2,Laurel Hill,Week3,325.5 Wakefield Chapel - 76.5 Laurel Hill
Walden Glen,Week5,Orange Hunt,Week3,237.0 Orange Hunt - 165.0 Walden Glen
Walden Glen,Week4,Mosby Woods,Week2,295.0 Mosby Woods - 107.0 Walden Glen
Walden Glen,Week5,Orange Hunt,Week5,256.0 Orange Hunt - 145.0 Walden Glen
Walden Glen,Week3,Fox Mill Woods,Week5,296.0 Fox Mill Woods - 106.0 Walden Glen
Wakefield Chapel,Week1,Mount Vernon Park,Week4,232.0 Wakefield Chapel - 170.0 Mount Vernon Park
Walden Glen,Week3,Mosby Woods,Week4,296.0 Mosby Woods - 106.0 Walden Glen
Walden Glen,Week1,Overlee,Week1,361.5 Overlee - 40.5 Walden Glen
Wakefield Chapel,Week1,Laurel Hill,Week1,322.0 Wakefield Chapel - 80.0 Laurel Hill
Wakefield Chapel,Week1,Sleepy Hollow Rec,Week3,336.0 Wakefield Chapel - 66.0 Sleepy Hollow Rec
Wakefield Chapel,Week1,Mount Vernon Park,Week5,215.0 Wakefield Chapel - 187.0 Mount Vernon Park
Wakefield Chapel,Week1,Laurel Hill,Week5,313.0 Wakefield Chapel - 89.0 Laurel Hill
Wakefield Chapel,Week5,Sleepy Hollow B & R,Week4,291.0 Wakefield Chapel - 111.0 Sleepy Hollow B & R
Walden Glen,Week4,Fox Mill Woods,Week4,289.0 Fox Mill Woods - 113.0 Walden Glen
Wakefield Chapel,Week5,Sleepy Hollow Rec,Week1,343.0 Wakefield Chapel - 59.0 Sleepy Hollow Rec
Walden Glen,Week4,Mount Vernon Park,Week5,297.5 Mount Vernon Park - 103.5 Walden Glen
Walden Glen,Week3,Overlee,Week5,369.0 Overlee - 33.0 Walden Glen
Wakefield Chapel,Week3,Sleepy Hollow Rec,Week2,351.0 Wakefield Chapel - 51.0 Sleepy Hollow Rec
Wakefield Chapel,Week2,Sleepy Hollow Rec,Week3,334.0 Wakefield Chapel - 68.0 Sleepy Hollow Rec
Wakefield Chapel,Week5,Sleepy Hollow Rec,Week2,358.0 Wakefield Chapel - 44.0 Sleepy Hollow Rec
Walden Glen,Week4,Mount Vernon Park,Week3,281.0 Mount Vernon Park - 121.0 Walden Glen
Walden Glen,Week5,Mosby Woods,Week2,279.0 Mosby Woods - 123.0 Walden Glen
Wakefield Chapel,Week4,Langley,Week1,219.0 Wakefield Chapel - 183.0 Langley
Walden Glen,Week4,Fox Mill Woods,Week2,271.0 Fox Mill Woods - 131.0 Walden Glen
Walden Glen,Week5,Fox Mill Woods,Week2,267.0 Fox Mill Woods - 135.0 Walden Glen
Wakefield Chapel,Week3,Mount Vernon Park,Week3,216.0 Wakefield Chapel - 186.0 Mount Vernon Park
Walden Glen,Week2,Fox Mill Woods,Week4,297.0 Fox Mill Woods - 105.0 Walden Glen
Wakefield Chapel,Week5,Langley,Week3,254.0 Wakefield Chapel - 148.0 Langley
Wakefield Chapel,Week3,Mount Vernon Park,Week1,223.0 Wakefield Chapel - 179.0 Mount Vernon Park
Walden Glen,Week2,Parklawn,Week4,204.0 Walden Glen - 188.0 Parklawn
Walden Glen,Week2,Parklawn,Week2,211.0 Walden Glen - 185.0 Parklawn
Wakefield Chapel,Week3,Mount Vernon Park,Week4,218.0 Wakefield Chapel - 184.0 Mount Vernon Park
Wakefield Chapel,Week5,Mosby Woods,Week5,232.5 Wakefield Chapel - 169.5 Mosby Woods
Walden Glen,Week3,Mount Vernon Park,Week2,301.0 Mount Vernon Park - 101.0 Walden Glen
Wakefield Chapel,Week2,Laurel Hill,Week5,307.0 Wakefield Chapel - 95.0 Laurel Hill
Walden Glen,Week5,Fox Mill Woods,Week3,257.0 Fox Mill Woods - 145.0 Walden Glen
Wakefield Chapel,Week4,Langley,Week3,218.0 Wakefield Chapel - 184.0 Langley
Walden Glen,Week4,Mosby Woods,Week5,302.0 Mosby Woods - 100.0 Walden Glen
Wakefield Chapel,Week3,Langley,Week5,239.0 Wakefield Chapel - 163.0 Langley
Walden Glen,Week5,Fox Mill Woods,Week1,272.0 Fox Mill Woods - 130.0 Walden Glen
Walden Glen,Week4,Mosby Woods,Week3,288.0 Mosby Woods - 109.0 Walden Glen
Walden Glen,Week1,Overlee,Week4,385.0 Overlee - 17.0 Walden Glen
Wakefield Chapel,Week4,Sleepy Hollow Rec,Week4,359.0 Wakefield Chapel - 43.0 Sleepy Hollow Rec
Wakefield Chapel,Week2,Mount Vernon Park,Week5,205.0 Mount Vernon Park - 197.0 Wakefield Chapel
Walden Glen,Week3,Fox Mill Woods,Week3,274.0 Fox Mill Woods - 128.0 Walden Glen
Wakefield Chapel,Week2,Laurel Hill,Week4,331.0 Wakefield Chapel - 71.0 Laurel Hill
Wakefield Chapel,Week5,Somerset-Olde Creek,Week3,381.5 Wakefield Chapel - 20.5 Somerset-Olde Creek
Walden Glen,Week3,Overlee,Week4,383.0 Overlee - 19.0 Walden Glen
Wakefield Chapel,Week3,Mount Vernon Park,Week2,230.0 Wakefield Chapel - 172.0 Mount Vernon Park
Walden Glen,Week5,Mount Vernon Park,Week4,264.0 Mount Vernon Park - 138.0 Walden Glen
Walden Glen,Week1,Overlee,Week5,378.0 Overlee - 24.0 Walden Glen
Wakefield Chapel,Week4,Sleepy Hollow Rec,Week5,328.0 Wakefield Chapel - 74.0 Sleepy Hollow Rec
Walden Glen,Week3,Mount Vernon Park,Week5,323.0 Mount Vernon Park - 79.0 Walden Glen
Wakefield Chapel,Week4,Langley,Week5,236.0 Wakefield Chapel - 166.0 Langley
Wakefield Chapel,Week3,Mount Vernon Park,Week5,213.0 Wakefield Chapel - 189.0 Mount Vernon Park
Wakefield Chapel,Week1,Mount Vernon Park,Week3,224.0 Wakefield Chapel - 173.0 Mount Vernon Park
Walden Glen,Week4,Overlee,Week3,338.0 Overlee - 64.0 Walden Glen
Wakefield Chapel,Week3,Langley,Week2,240.0 Wakefield Chapel - 162.0 Langley
Wakefield Chapel,Week1,Mount Vernon Park,Week1,244.0 Wakefield Chapel - 158.0 Mount Vernon Park
Walden Glen,Week5,Overlee,Week1,336.0 Overlee - 66.0 Walden Glen
Walden Glen,Week4,Overlee,Week2,355.0 Overlee - 47.0 Walden Glen
Walden Glen,Week4,Mount Vernon Park,Week1,287.0 Mount Vernon Park - 115.0 Walden Glen
Wakefield Chapel,Week4,Camelot,Week1,278.0 Wakefield Chapel - 124.0 Camelot
Wakefield Chapel,Week4,Camelot,Week2,259.0 Wakefield Chapel - 143.0 Camelot
Walden Glen,Week3,Overlee,Week1,353.0 Overlee - 49.0 Walden Glen
Walden Glen,Week1,Newington Forest,Week2,243.0 Walden Glen - 158.0 Newington Forest
Wakefield Chapel,Week5,Somerset-Olde Creek,Week5,365.0 Wakefield Chapel - 37.0 Somerset-Olde Creek
Wakefield Chapel,Week4,Brookfield ,Week4,291.0 Wakefield Chapel - 111.0 Brookfield
Wakefield Chapel,Week5,Somerset-Olde Creek,Week1,372.0 Wakefield Chapel - 29.0 Somerset-Olde Creek
Wakefield Chapel,Week4,Langley,Week4,217.0 Wakefield Chapel - 185.0 Langley
Wakefield Chapel,Week3,Langley,Week3,240.0 Wakefield Chapel - 162.0 Langley
Wakefield Chapel,Week1,Camelot,Week4,297.0 Wakefield Chapel - 105.0 Camelot
Wakefield Chapel,Week1,Somerset-Olde Creek,Week1,362.0 Wakefield Chapel - 35.0 Somerset-Olde Creek
Wakefield Chapel,Week5,Mosby Woods,Week2,239.0 Wakefield Chapel - 163.0 Mosby Woods
Walden Glen,Week3,Fox Mill Woods,Week1,294.0 Fox Mill Woods - 108.0 Walden Glen
Wakefield Chapel,Week2,Camelot,Week3,289.0 Wakefield Chapel - 113.0 Camelot
Wakefield Chapel,Week3,Camelot,Week5,285.0 Wakefield Chapel - 117.0 Camelot
Wakefield Chapel,Week4,Mount Vernon Park,Week1,222.0 Wakefield Chapel - 180.0 Mount Vernon Park
Walden Glen,Week2,Mount Vernon Park,Week4,295.0 Mount Vernon Park - 107.0 Walden Glen
Walden Glen,Week5,Mount Vernon Park,Week1,268.0 Mount Vernon Park - 134.0 Walden Glen
Walden Glen,Week2,Fox Mill Woods,Week5,291.5 Fox Mill Woods - 109.5 Walden Glen
Wakefield Chapel,Week5,Langley,Week1,251.0 Wakefield Chapel - 151.0 Langley
Wakefield Chapel,Week3,Somerset-Olde Creek,Week4,372.0 Wakefield Chapel - 25.0 Somerset-Olde Creek
Wakefield Chapel,Week1,Camelot,Week3,290.0 Wakefield Chapel - 112.0 Camelot
Walden Glen,Week5,Mount Vernon Park,Week5,283.0 Mount Vernon Park - 118.0 Walden Glen
Walden Glen,Week2,Overlee,Week2,365.0 Overlee - 37.0 Walden Glen
Walden Glen,Week3,Overlee,Week2,363.0 Overlee - 39.0 Walden Glen
Wakefield Chapel,Week3,Somerset-Olde Creek,Week3,372.0 Wakefield Chapel - 30.0 Somerset-Olde Creek
Wakefield Chapel,Week4,Somerset-Olde Creek,Week4,366.0 Wakefield Chapel - 36.0 Somerset-Olde Creek
Wakefield Chapel,Week3,Newington Forest,Week3,349.0 Wakefield Chapel - 53.0 Newington Forest
Wakefield Chapel,Week1,Camelot,Week1,296.0 Wakefield Chapel - 106.0 Camelot
Wakefield Chapel,Week3,Langley,Week4,231.0 Wakefield Chapel - 171.0 Langley
Walden Glen,Week1,Mount Vernon Park,Week5,329.0 Mount Vernon Park - 73.0 Walden Glen
Wakefield Chapel,Week2,Camelot,Week2,267.0 Wakefield Chapel - 135.0 Camelot
Walden Glen,Week2,Overlee,Week4,376.5 Overlee - 25.5 Walden Glen
Walden Glen,Week5,Overlee,Week3,341.0 Overlee - 61.0 Walden Glen
Wakefield Chapel,Week4,Brookfield ,Week5,293.0 Wakefield Chapel - 109.0 Brookfield
Wakefield Chapel,Week4,Mount Vernon Park,Week4,217.0 Wakefield Chapel - 185.0 Mount Vernon Park
Wakefield Chapel,Week1,Laurel Hill,Week2,348.0 Wakefield Chapel - 49.0 Laurel Hill
Wakefield Chapel,Week3,Camelot,Week1,290.0 Wakefield Chapel - 112.0 Camelot
Wakefield Chapel,Week1,Somerset-Olde Creek,Week3,371.0 Wakefield Chapel - 31.0 Somerset-Olde Creek
Walden Glen,Week3,Mount Vernon Park,Week4,293.0 Mount Vernon Park - 109.0 Walden Glen
Walden Glen,Week1,Parklawn,Week3,226.0 Walden Glen - 175.0 Parklawn
Wakefield Chapel,Week3,Camelot,Week4,301.0 Wakefield Chapel - 101.0 Camelot
Wakefield Chapel,Week1,Laurel Hill,Week4,329.0 Wakefield Chapel - 73.0 Laurel Hill
Wakefield Chapel,Week4,Mount Vernon Park,Week3,205.0 Wakefield Chapel - 197.0 Mount Vernon Park
Wakefield Chapel,Week5,Langley,Week5,255.0 Wakefield Chapel - 147.0 Langley
Walden Glen,Week3,Overlee,Week3,358.0 Overlee - 44.0 Walden Glen
Walden Glen,Week1,Mount Vernon Park,Week3,310.0 Mount Vernon Park - 92.0 Walden Glen
Wakefield Chapel,Week1,Somerset-Olde Creek,Week5,360.0 Wakefield Chapel - 42.0 Somerset-Olde Creek
Wakefield Chapel,Week1,Laurel Hill,Week3,327.0 Wakefield Chapel - 75.0 Laurel Hill
Wakefield Chapel,Week5,Mount Vernon Park,Week4,250.0 Wakefield Chapel - 152.0 Mount Vernon Park
Wakefield Chapel,Week5,Sleepy Hollow Rec,Week3,351.0 Wakefield Chapel - 51.0 Sleepy Hollow Rec
Wakefield Chapel,Week3,Newington Forest,Week4,343.0 Wakefield Chapel - 54.0 Newington Forest
Walden Glen,Week1,Mount Vernon Park,Week2,318.0 Mount Vernon Park - 84.0 Walden Glen
Walden Glen,Week4,Overlee,Week4,374.0 Overlee - 28.0 Walden Glen
Walden Glen,Week1,Mount Vernon Park,Week1,317.0 Mount Vernon Park - 85.0 Walden Glen
Wakefield Chapel,Week4,Somerset-Olde Creek,Week1,355.0 Wakefield Chapel - 47.0 Somerset-Olde Creek
Wakefield Chapel,Week3,Lee Graham,Week1,207.0 Wakefield Chapel - 190.0 Lee Graham
Wakefield Chapel,Week3,Somerset-Olde Creek,Week5,354.0 Wakefield Chapel - 48.0 Somerset-Olde Creek
Wakefield Chapel,Week2,Newington Forest,Week5,333.0 Wakefield Chapel - 69.0 Newington Forest
Wakefield Chapel,Week4,Laurel Hill,Week4,332.0 Wakefield Chapel - 70.0 Laurel Hill
Wakefield Chapel,Week1,Newington Forest,Week1,352.0 Wakefield Chapel - 50.0 Newington Forest
Wakefield Chapel,Week5,Laurel Hill,Week5,323.0 Wakefield Chapel - 79.0 Laurel Hill
Wakefield Chapel,Week3,Camelot,Week3,289.0 Wakefield Chapel - 113.0 Camelot
Wakefield Chapel,Week3,Somerset-Olde Creek,Week2,369.0 Wakefield Chapel - 33.0 Somerset-Olde Creek
Walden Glen,Week2,Mount Vernon Park,Week5,311.0 Mount Vernon Park - 91.0 Walden Glen
Wakefield Chapel,Week2,Newington Forest,Week4,345.0 Wakefield Chapel - 57.0 Newington Forest
Wakefield Chapel,Week5,Sleepy Hollow Rec,Week4,366.0 Wakefield Chapel - 36.0 Sleepy Hollow Rec
Walden Glen,Week1,Mount Vernon Park,Week4,313.0 Mount Vernon Park - 89.0 Walden Glen
Walden Glen,Week2,Overlee,Week5,374.0 Overlee - 28.0 Walden Glen
Walden Glen,Week4,Mount Vernon Park,Week2,272.0 Mount Vernon Park - 130.0 Walden Glen
Walden Glen,Week4,Overlee,Week1,342.0 Overlee - 60.0 Walden Glen
Wakefield Chapel,Week4,Camelot,Week4,290.0 Wakefield Chapel - 112.0 Camelot
Wakefield Chapel,Week2,Camelot,Week4,295.0 Wakefield Chapel - 107.0 Camelot
Wakefield Chapel,Week5,Burke Station,Week4,354.0 Wakefield Chapel - 48.0 Burke Station
Wakefield Chapel,Week2,Laurel Hill,Week2,344.0 Wakefield Chapel - 58.0 Laurel Hill
Walden Glen,Week2,Overlee,Week1,351.0 Overlee - 51.0 Walden Glen
Wakefield Chapel,Week2,Laurel Hill,Week1,326.0 Wakefield Chapel - 75.0 Laurel Hill
Wakefield Chapel,Week2,Somerset-Olde Creek,Week2,369.0 Wakefield Chapel - 33.0 Somerset-Olde Creek
Wakefield Chapel,Week2,Camelot,Week5,284.0 Wakefield Chapel - 118.0 Camelot
Wakefield Chapel,Week5,Sleepy Hollow Rec,Week5,346.0 Wakefield Chapel - 56.0 Sleepy Hollow Rec
Wakefield Chapel,Week2,Somerset-Olde Creek,Week1,360.0 Wakefield Chapel - 41.0 Somerset-Olde Creek
Walden Glen,Week2,Overlee,Week3,354.0 Overlee - 48.0 Walden Glen
Walden Glen,Week2,Mount Vernon Park,Week1,298.0 Mount Vernon Park - 104.0 Walden Glen
Walden Glen,Week2,Mount Vernon Park,Week3,298.0 Mount Vernon Park - 104.0 Walden Glen
Wakefield Chapel,Week3,Laurel Hill,Week5,313.5 Wakefield Chapel - 88.5 Laurel Hill
Wakefield Chapel,Week4,Camelot,Week3,285.0 Wakefield Chapel - 117.0 Camelot
Wakefield Chapel,Week1,Newington Forest,Week4,344.0 Wakefield Chapel - 58.0 Newington Forest
Walden Glen,Week4,Overlee,Week5,374.0 Overlee - 28.0 Walden Glen
Wakefield Chapel,Week4,Somerset-Olde Creek,Week2,366.0 Wakefield Chapel - 36.0 Somerset-Olde Creek
Walden Glen,Week5,Mosby Woods,Week5,293.0 Mosby Woods - 109.0 Walden Glen
Wakefield Chapel,Week4,Lee Graham,Week5,225.0 Lee Graham - 177.0 Wakefield Chapel
Wakefield Chapel,Week3,Somerset-Olde Creek,Week1,361.0 Wakefield Chapel - 41.0 Somerset-Olde Creek
Wakefield Chapel,Week2,Newington Forest,Week1,361.0 Wakefield Chapel - 40.0 Newington Forest
Walden Glen,Week1,Parklawn,Week4,212.0 Parklawn - 188.0 Walden Glen
Wakefield Chapel,Week5,Mount Vernon Park,Week2,246.0 Wakefield Chapel - 156.0 Mount Vernon Park
Wakefield Chapel,Week5,Camelot,Week4,318.0 Wakefield Chapel - 84.0 Camelot
Wakefield Chapel,Week1,Lee Graham,Week2,211.0 Wakefield Chapel - 191.0 Lee Graham
Wakefield Chapel,Week5,Camelot,Week3,306.0 Wakefield Chapel - 96.0 Camelot
Wakefield Chapel,Week5,Mount Vernon Park,Week3,224.0 Wakefield Chapel - 178.0 Mount Vernon Park
Walden Glen,Week1,Parklawn,Week1,223.0 Walden Glen - 169.0 Parklawn
Walden Glen,Week3,Mount Vernon Park,Week3,313.0 Mount Vernon Park - 89.0 Walden Glen
Wakefield Chapel,Week5,Camelot,Week1,303.0 Wakefield Chapel - 99.0 Camelot
Walden Glen,Week5,Overlee,Week5,360.0 Overlee - 42.0 Walden Glen
Wakefield Chapel,Week1,Lee Graham,Week5,202.0 Lee Graham - 200.0 Wakefield Chapel
Wakefield Chapel,Week4,Mount Vernon Park,Week2,206.0 Wakefield Chapel - 196.0 Mount Vernon Park
Wakefield Chapel,Week2,Lee Graham,Week4,215.0 Lee Graham - 187.0 Wakefield Chapel
Wakefield Chapel,Week2,Somerset-Olde Creek,Week5,357.0 Wakefield Chapel - 45.0 Somerset-Olde Creek
Walden Glen,Week5,Mosby Woods,Week4,279.0 Mosby Woods - 123.0 Walden Glen
Wakefield Chapel,Week4,Somerset-Olde Creek,Week3,366.0 Wakefield Chapel - 36.0 Somerset-Olde Creek
Walden Glen,Week5,Mosby Woods,Week3,284.0 Mosby Woods - 118.0 Walden Glen
Walden Glen,Week1,Parklawn,Week2,212.0 Parklawn - 189.0 Walden Glen
Wakefield Chapel,Week3,Camelot,Week2,281.0 Wakefield Chapel - 121.0 Camelot
Walden Glen,Week3,Mount Vernon Park,Week1,310.0 Mount Vernon Park - 92.0 Walden Glen
Wakefield Chapel,Week5,Camelot,Week2,295.0 Wakefield Chapel - 107.0 Camelot
Walden Glen,Week5,Overlee,Week2,353.0 Overlee - 49.0 Walden Glen
Wakefield Chapel,Week3,Newington Forest,Week1,360.0 Wakefield Chapel - 42.0 Newington Forest
Wakefield Chapel,Week3,Laurel Hill,Week2,351.0 Wakefield Chapel - 46.0 Laurel Hill
Wakefield Chapel,Week4,Somerset-Olde Creek,Week5,346.0 Wakefield Chapel - 56.0 Somerset-Olde Creek
Wakefield Chapel,Week5,Laurel Hill,Week2,367.0 Wakefield Chapel - 35.0 Laurel Hill
Walden Glen,Week5,Overlee,Week4,367.0 Overlee - 35.0 Walden Glen
Walden Glen,Week2,Mount Vernon Park,Week2,299.0 Mount Vernon Park - 103.0 Walden Glen
Wakefield Chapel,Week4,Camelot,Week5,282.0 Wakefield Chapel - 120.0 Camelot
Wakefield Chapel,Week2,Somerset-Olde Creek,Week4,364.0 Wakefield Chapel - 38.0 Somerset-Olde Creek
Wakefield Chapel,Week2,Lee Graham,Week1,215.0 Lee Graham - 187.0 Wakefield Chapel
Wakefield Chapel,Week1,Newington Forest,Week5,331.5 Wakefield Chapel - 70.5 Newington Forest
Wakefield Chapel,Week2,Newington Forest,Week2,344.0 Wakefield Chapel - 57.0 Newington Forest
Wakefield Chapel,Week2,Camelot,Week1,289.5 Wakefield Chapel - 112.5 Camelot
Walden Glen,Week1,Parklawn,Week5,208.0 Parklawn - 193.0 Walden Glen
Wakefield Chapel,Week1,Newington Forest,Week3,342.0 Wakefield Chapel - 60.0 Newington Forest
Wakefield Chapel,Week5,Mount Vernon Park,Week1,243.0 Wakefield Chapel - 159.0 Mount Vernon Park
Walden Glen,Week2,Parklawn,Week3,235.5 Walden Glen - 164.5 Parklawn
Wakefield Chapel,Week2,Newington Forest,Week3,344.0 Wakefield Chapel - 58.0 Newington Forest
Wakefield Chapel,Week1,Camelot,Week5,282.0 Wakefield Chapel - 120.0 Camelot
Wakefield Chapel,Week3,Newington Forest,Week2,349.0 Wakefield Chapel - 53.0 Newington Forest
Walden Glen,Week4,Mount Vernon Park,Week4,268.0 Mount Vernon Park - 134.0 Walden Glen
Wakefield Chapel,Week5,Burke Station,Week5,345.0 Wakefield Chapel - 57.0 Burke Station
Wakefield Chapel,Week5,Lee Graham,Week4,220.0 Wakefield Chapel - 182.0 Lee Graham
Wakefield Chapel,Week1,Somerset-Olde Creek,Week4,370.0 Wakefield Chapel - 32.0 Somerset-Olde Creek
Walden Glen,Week2,Parliament,Week5,217.0 Parliament - 178.0 Walden Glen
Walden Glen,Week2,Parklawn,Week1,243.0 Walden Glen - 145.0 Parklawn
Wakefield Chapel,Week1,Somerset-Olde Creek,Week2,373.0 Wakefield Chapel - 29.0 Somerset-Olde Creek
Walden Glen,Week1,Newington Forest,Week1,234.0 Walden Glen - 166.0 Newington Forest
Wakefield Chapel,Week5,Somerset-Olde Creek,Week2,380.0 Wakefield Chapel - 22.0 Somerset-Olde Creek
Walden Glen,Week5,Mount Vernon Park,Week3,263.0 Mount Vernon Park - 139.0 Walden Glen
Wakefield Chapel,Week1,Fairfax Club Estates,Week1,318.0 Wakefield Chapel - 84.0 Fairfax Club Estates
Wakefield Chapel,Week4,Laurel Hill,Week5,304.0 Wakefield Chapel - 98.0 Laurel Hill
Wakefield Chapel,Week1,Camelot,Week2,280.0 Wakefield Chapel - 122.0 Camelot
Wakefield Chapel,Week2,Somerset-Olde Creek,Week3,367.0 Wakefield Chapel - 35.0 Somerset-Olde Creek
Wakefield Chapel,Week5,Fairfax,Week5,220.0 Wakefield Chapel - 182.0 Fairfax
Walden Glen,Week5,Mount Vernon Park,Week2,260.5 Mount Vernon Park - 141.5 Walden Glen
Wakefield Chapel,Week4,Mount Vernon Park,Week5,203.0 Mount Vernon Park - 199.0 Wakefield Chapel
Wakefield Chapel,Week4,Laurel Hill,Week2,349.0 Wakefield Chapel - 53.0 Laurel Hill
Wakefield Chapel,Week5,Mount Vernon Park,Week5,222.0 Wakefield Chapel - 180.0 Mount Vernon Park
Walden Glen,Week3,Parklawn,Week5,205.0 Walden Glen - 196.0 Parklawn
Wakefield Chapel,Week5,Laurel Hill,Week4,351.0 Wakefield Chapel - 51.0 Laurel Hill
Wakefield Chapel,Week1,South Run,Week5,269.0 Wakefield Chapel - 133.0 South Run
Walden Glen,Week5,Parklawn,Week1,263.0 Walden Glen - 129.0 Parklawn
Wakefield Chapel,Week2,South Run,Week2,293.0 Wakefield Chapel - 109.0 South Run
Wakefield Chapel,Week5,Fairfax,Week2,223.0 Wakefield Chapel - 179.0 Fairfax
Wakefield Chapel,Week4,Laurel Hill,Week1,324.0 Wakefield Chapel - 78.0 Laurel Hill
Wakefield Chapel,Week1,Newington Forest,Week2,347.0 Wakefield Chapel - 55.0 Newington Forest
Wakefield Chapel,Week1,Lee Graham,Week1,214.0 Wakefield Chapel - 188.0 Lee Graham
Wakefield Chapel,Week3,Laurel Hill,Week3,327.0 Wakefield Chapel - 75.0 Laurel Hill
Walden Glen,Week1,Parliament,Week5,233.0 Parliament - 155.0 Walden Glen
Walden Glen,Week3,Parliament,Week2,203.0 Parliament - 195.0 Walden Glen
Walden Glen,Week4,Newington Forest,Week4,234.0 Walden Glen - 163.0 Newington Forest
Wakefield Chapel,Week5,Somerset-Olde Creek,Week4,382.0 Wakefield Chapel - 20.0 Somerset-Olde Creek
Walden Glen,Week2,Newington Forest,Week4,233.0 Walden Glen - 168.0 Newington Forest
Wakefield Chapel,Week5,South Run,Week3,303.0 Wakefield Chapel - 99.0 South Run
Walden Glen,Week1,Newington Forest,Week4,215.0 Walden Glen - 186.0 Newington Forest
Wakefield Chapel,Week2,Lee Graham,Week3,226.0 Lee Graham - 176.0 Wakefield Chapel
Walden Glen,Week3,Parklawn,Week3,238.0 Walden Glen - 164.0 Parklawn
Wakefield Chapel,Week4,Laurel Hill,Week3,329.0 Wakefield Chapel - 73.0 Laurel Hill
Wakefield Chapel,Week1,South Run,Week2,288.0 Wakefield Chapel - 109.0 South Run
Walden Glen,Week1,Parliament,Week4,230.0 Parliament - 163.0 Walden Glen
Walden Glen,Week5,Newington Forest,Week4,248.0 Walden Glen - 154.0 Newington Forest
Walden Glen,Week2,Newington Forest,Week2,258.0 Walden Glen - 139.0 Newington Forest
Wakefield Chapel,Week4,Fairfax,Week4,207.0 Wakefield Chapel - 195.0 Fairfax
Walden Glen,Week3,Parklawn,Week2,203.0 Parklawn - 198.0 Walden Glen
Walden Glen,Week2,Newington Forest,Week5,214.0 Walden Glen - 187.0 Newington Forest
Walden Glen,Week3,Newington Forest,Week4,242.0 Walden Glen - 160.0 Newington Forest
Wakefield Chapel,Week4,South Run,Week4,298.0 Wakefield Chapel - 104.0 South Run
Wakefield Chapel,Week5,Laurel Hill,Week3,347.0 Wakefield Chapel - 55.0 Laurel Hill
Wakefield Chapel,Week1,Fairfax Club Estates,Week5,320.0 Wakefield Chapel - 82.0 Fairfax Club Estates
Wakefield Chapel,Week4,South Run,Week1,267.0 Wakefield Chapel - 126.0 South Run
Wakefield Chapel,Week1,Fairfax Club Estates,Week2,320.0 Wakefield Chapel - 82.0 Fairfax Club Estates
Wakefield Chapel,Week5,Fairfax Club Estates,Week1,327.0 Wakefield Chapel - 75.0 Fairfax Club Estates
Wakefield Chapel,Week1,Lee Graham,Week3,211.0 Wakefield Chapel - 191.0 Lee Graham
Wakefield Chapel,Week1,Fairfax Club Estates,Week3,314.0 Wakefield Chapel - 88.0 Fairfax Club Estates
Wakefield Chapel,Week5,Fairfax Club Estates,Week3,326.0 Wakefield Chapel - 76.0 Fairfax Club Estates
Wakefield Chapel,Week2,Lee Graham,Week2,213.0 Lee Graham - 189.0 Wakefield Chapel
Wakefield Chapel,Week3,Fairfax Club Estates,Week1,316.0 Wakefield Chapel - 86.0 Fairfax Club Estates
Wakefield Chapel,Week4,South Run,Week3,286.0 Wakefield Chapel - 116.0 South Run
Wakefield Chapel,Week5,South Run,Week5,278.5 Wakefield Chapel - 123.5 South Run
Wakefield Chapel,Week2,Springboard,Week5,340.0 Wakefield Chapel - 61.0 Springboard
Walden Glen,Week1,Newington Forest,Week3,239.0 Walden Glen - 162.0 Newington Forest
Wakefield Chapel,Week4,Fairfax,Week5,222.0 Fairfax - 180.0 Wakefield Chapel
Wakefield Chapel,Week3,Fairfax Club Estates,Week2,325.0 Wakefield Chapel - 77.0 Fairfax Club Estates
Wakefield Chapel,Week5,South Run,Week2,297.0 Wakefield Chapel - 105.0 South Run
Walden Glen,Week5,Parklawn,Week3,255.0 Walden Glen - 143.0 Parklawn
Walden Glen,Week4,Parklawn,Week4,215.0 Walden Glen - 179.0 Parklawn
Walden Glen,Week5,Newington Forest,Week1,278.0 Walden Glen - 119.0 Newington Forest
Wakefield Chapel,Week3,Laurel Hill,Week1,332.0 Wakefield Chapel - 70.0 Laurel Hill
Wakefield Chapel,Week2,Springboard,Week2,363.0 Wakefield Chapel - 38.0 Springboard
Walden Glen,Week5,Newington Forest,Week2,269.0 Walden Glen - 128.0 Newington Forest
Walden Glen,Week5,Parklawn,Week2,226.0 Walden Glen - 171.0 Parklawn
Wakefield Chapel,Week2,Lee Graham,Week5,208.0 Lee Graham - 194.0 Wakefield Chapel
Walden Glen,Week2,Parliament,Week2,205.0 Parliament - 189.0 Walden Glen
Walden Glen,Week3,North Springfield,Week2,274.0 Walden Glen - 113.0 North Springfield
Wakefield Chapel,Week3,Fairfax Club Estates,Week4,320.0 Wakefield Chapel - 82.0 Fairfax Club Estates
Walden Glen,Week1,Newington Forest,Week5,206.0 Walden Glen - 196.0 Newington Forest
Walden Glen,Week2,Parliament,Week1,237.0 Parliament - 153.0 Walden Glen
Wakefield Chapel,Week5,Laurel Hill,Week1,341.0 Wakefield Chapel - 61.0 Laurel Hill
Wakefield Chapel,Week2,Fairfax Club Estates,Week4,318.0 Wakefield Chapel - 84.0 Fairfax Club Estates
Walden Glen,Week5,Parklawn,Week4,218.0 Walden Glen - 176.0 Parklawn
Wakefield Chapel,Week2,Fairfax Club Estates,Week1,316.0 Wakefield Chapel - 86.0 Fairfax Club Estates
Wakefield Chapel,Week3,Laurel Hill,Week4,336.0 Wakefield Chapel - 66.0 Laurel Hill
Wakefield Chapel,Week4,Lee Graham,Week1,201.0 Lee Graham - 201.0 Wakefield Chapel
Walden Glen,Week4,Parklawn,Week1,254.0 Walden Glen - 138.0 Parklawn
Wakefield Chapel,Week3,South Run,Week3,289.0 Wakefield Chapel - 113.0 South Run
Wakefield Chapel,Week2,South Run,Week4,297.0 Wakefield Chapel - 105.0 South Run
Wakefield Chapel,Week1,Lee Graham,Week4,203.0 Wakefield Chapel - 199.0 Lee Graham
Walden Glen,Week5,Newington Forest,Week3,269.0 Walden Glen - 132.0 Newington Forest
Wakefield Chapel,Week3,Fairfax Club Estates,Week5,313.0 Wakefield Chapel - 84.0 Fairfax Club Estates
Wakefield Chapel,Week2,Fairfax Club Estates,Week5,312.0 Wakefield Chapel - 89.0 Fairfax Club Estates
Walden Glen,Week4,North Springfield,Week3,249.0 Walden Glen - 147.0 North Springfield
Walden Glen,Week1,Parliament,Week1,238.0 Parliament - 150.0 Walden Glen
Wakefield Chapel,Week3,Lee Graham,Week4,206.0 Lee Graham - 196.0 Wakefield Chapel
Wakefield Chapel,Week2,South Run,Week5,270.0 Wakefield Chapel - 132.0 South Run
Walden Glen,Week4,Newington Forest,Week5,230.0 Walden Glen - 172.0 Newington Forest
Walden Glen,Week3,Newington Forest,Week2,264.0 Walden Glen - 136.0 Newington Forest
Wakefield Chapel,Week3,Fairfax Club Estates,Week3,322.0 Wakefield Chapel - 80.0 Fairfax Club Estates
Walden Glen,Week2,Parliament,Week3,222.5 Parliament - 177.5 Walden Glen
Wakefield Chapel,Week4,Lee Graham,Week2,218.0 Wakefield Chapel - 184.0 Lee Graham
Wakefield Chapel,Week2,South Run,Week3,290.0 Wakefield Chapel - 112.0 South Run
Wakefield Chapel,Week5,Fairfax,Week1,235.0 Wakefield Chapel - 167.0 Fairfax
Wakefield Chapel,Week1,South Run,Week4,313.0 Wakefield Chapel - 89.0 South Run
Wakefield Chapel,Week5,Fairfax,Week3,214.0 Wakefield Chapel - 188.0 Fairfax
Walden Glen,Week2,North Springfield,Week3,258.0 Walden Glen - 136.0 North Springfield
Walden Glen,Week4,Parklawn,Week2,217.0 Walden Glen - 180.0 Parklawn
Wakefield Chapel,Week4,Lee Graham,Week3,215.0 Lee Graham - 187.0 Wakefield Chapel
Wakefield Chapel,Week2,Fairfax Club Estates,Week2,318.0 Wakefield Chapel - 84.0 Fairfax Club Estates
Walden Glen,Week3,Newington Forest,Week3,257.0 Walden Glen - 144.0 Newington Forest
Wakefield Chapel,Week3,Lee Graham,Week2,213.0 Wakefield Chapel - 189.0 Lee Graham
Walden Glen,Week3,North Springfield,Week4,286.0 Walden Glen - 103.0 North Springfield
Walden Glen,Week2,Parklawn,Week5,215.0 Walden Glen - 185.0 Parklawn
Wakefield Chapel,Week3,Lee Graham,Week5,212.0 Lee Graham - 190.0 Wakefield Chapel
Wakefield Chapel,Week2,South Run,Week1,267.0 Wakefield Chapel - 126.0 South Run
Walden Glen,Week3,North Springfield,Week1,278.0 Walden Glen - 68.0 North Springfield
Walden Glen,Week3,Parklawn,Week1,234.0 Walden Glen - 158.0 Parklawn
Wakefield Chapel,Week1,South Run,Week1,267.0 Wakefield Chapel - 126.0 South Run
Walden Glen,Week1,Parliament,Week2,226.0 Parliament - 169.0 Walden Glen
Walden Glen,Week4,Newington Forest,Week1,265.0 Walden Glen - 132.0 Newington Forest
Wakefield Chapel,Week3,Lee Graham,Week3,210.0 Lee Graham - 192.0 Wakefield Chapel
Wakefield Chapel,Week4,Fairfax Club Estates,Week1,309.0 Wakefield Chapel - 93.0 Fairfax Club Estates
Walden Glen,Week4,Parklawn,Week3,243.0 Walden Glen - 155.0 Parklawn
Wakefield Chapel,Week3,South Run,Week4,308.0 Wakefield Chapel - 93.0 South Run
Wakefield Chapel,Week3,South Run,Week2,293.0 Wakefield Chapel - 103.0 South Run
Wakefield Chapel,Week4,Fairfax Club Estates,Week2,314.0 Wakefield Chapel - 88.0 Fairfax Club Estates
Wakefield Chapel,Week4,Lee Graham,Week4,202.0 Wakefield Chapel - 200.0 Lee Graham
Walden Glen,Week1,Parliament,Week3,248.0 Parliament - 153.0 Walden Glen
Wakefield Chapel,Week1,Fairfax Club Estates,Week4,314.0 Wakefield Chapel - 88.0 Fairfax Club Estates
Walden Glen,Week1,North Springfield,Week4,247.0 Walden Glen - 144.0 North Springfield
Wakefield Chapel,Week5,Fairfax,Week4,240.0 Wakefield Chapel - 162.0 Fairfax
Walden Glen,Week3,Newington Forest,Week5,227.0 Walden Glen - 175.0 Newington Forest
Wakefield Chapel,Week1,South Run,Week3,305.0 Wakefield Chapel - 97.0 South Run
Wakefield Chapel,Week5,Lee Graham,Week1,219.0 Wakefield Chapel - 183.0 Lee Graham
Wakefield Chapel,Week5,Lee Graham,Week2,233.5 Wakefield Chapel - 168.5 Lee Graham
Walden Glen,Week5,Parklawn,Week5,220.0 Walden Glen - 178.0 Parklawn
Walden Glen,Week3,Parklawn,Week4,199.0 Parklawn - 199.0 Walden Glen
Wakefield Chapel,Week3,South Run,Week5,260.0 Wakefield Chapel - 142.0 South Run
Walden Glen,Week1,North Springfield,Week1,261.0 Walden Glen - 88.0 North Springfield
Walden Glen,Week4,Parliament,Week1,223.0 Parliament - 173.0 Walden Glen
Walden Glen,Week4,Newington Forest,Week3,249.0 Walden Glen - 152.0 Newington Forest
Walden Glen,Week4,Newington Forest,Week2,264.0 Walden Glen - 133.0 Newington Forest
Wakefield Chapel,Week1,Springboard,Week2,361.0 Wakefield Chapel - 41.0 Springboard
Wakefield Chapel,Week4,Fairfax Club Estates,Week4,306.0 Wakefield Chapel - 96.0 Fairfax Club Estates
Wakefield Chapel,Week1,Springboard,Week1,353.0 Wakefield Chapel - 49.0 Springboard
Wakefield Chapel,Week5,Fairfax Club Estates,Week2,325.0 Wakefield Chapel - 77.0 Fairfax Club Estates
Wakefield Chapel,Week3,Fairfax Station,Week1,247.0 Wakefield Chapel - 155.0 Fairfax Station
Walden Glen,Week3,Parliament,Week1,231.0 Parliament - 169.0 Walden Glen
Walden Glen,Week4,Parklawn,Week5,219.0 Walden Glen - 179.0 Parklawn
Wakefield Chapel,Week5,South Run,Week4,310.0 Wakefield Chapel - 92.0 South Run
Walden Glen,Week5,Newington Forest,Week5,243.0 Walden Glen - 159.0 Newington Forest
Walden Glen,Week2,Parliament,Week4,218.0 Parliament - 178.0 Walden Glen
Wakefield Chapel,Week4,South Run,Week5,277.0 Wakefield Chapel - 125.0 South Run
Wakefield Chapel,Week1,Lincolnia Park,Week5,358.0 Wakefield Chapel - 35.0 Lincolnia Park
Wakefield Chapel,Week3,Lincolnia Park,Week2,371.0 Wakefield Chapel - 22.0 Lincolnia Park
Wakefield Chapel,Week4,Lincolnia Park,Week3,350.5 Wakefield Chapel - 42.5 Lincolnia Park
Walden Glen,Week3,Parliament,Week4,218.5 Parliament - 182.5 Walden Glen
Walden Glen,Week3,Parliament,Week5,223.0 Parliament - 178.0 Walden Glen
Wakefield Chapel,Week5,South Run,Week1,270.0 Wakefield Chapel - 123.0 South Run
Wakefield Chapel,Week4,Fairfax Club Estates,Week5,311.0 Wakefield Chapel - 91.0 Fairfax Club Estates
Wakefield Chapel,Week1,Lincolnia Park,Week3,357.0 Wakefield Chapel - 36.0 Lincolnia Park
Walden Glen,Week1,North Springfield,Week2,250.0 Walden Glen - 137.0 North Springfield
Walden Glen,Week2,Newington Forest,Week3,243.0 Walden Glen - 155.0 Newington Forest
Walden Glen,Week4,Parliament,Week3,202.0 Parliament - 200.0 Walden Glen
Walden Glen,Week2,Newington Forest,Week1,248.0 Walden Glen - 148.0 Newington Forest
Walden Glen,Week4,Parliament,Week2,211.0 Walden Glen - 185.0 Parliament
Wakefield Chapel,Week5,Fairfax Club Estates,Week5,328.0 Wakefield Chapel - 74.0 Fairfax Club Estates
Wakefield Chapel,Week4,Lincolnia Park,Week5,356.5 Wakefield Chapel - 36.5 Lincolnia Park
Wakefield Chapel,Week2,Lincolnia Park,Week1,377.0 Wakefield Chapel - 25.0 Lincolnia Park
Walden Glen,Week2,Pinecrest,Week1,290.0 Pinecrest - 112.0 Walden Glen
Wakefield Chapel,Week3,Lincolnia Park,Week3,360.0 Wakefield Chapel - 33.0 Lincolnia Park
Wakefield Chapel,Week2,Lincolnia Park,Week4,370.0 Wakefield Chapel - 32.0 Lincolnia Park
Walden Glen,Week4,Parliament,Week4,202.0 Parliament - 195.0 Walden Glen
Walden Glen,Week2,North Springfield,Week1,268.0 Walden Glen - 72.0 North Springfield
Walden Glen,Week1,North Springfield,Week3,233.0 Walden Glen - 159.0 North Springfield
Walden Glen,Week3,Newington Forest,Week1,253.0 Walden Glen - 148.0 Newington Forest
Wakefield Chapel,Week3,South Run,Week1,266.0 Wakefield Chapel - 127.0 South Run
Wakefield Chapel,Week4,Fairfax Station,Week5,212.5 Fairfax Station - 189.5 Wakefield Chapel
Walden Glen,Week2,North Springfield,Week2,262.0 Walden Glen - 121.0 North Springfield
Wakefield Chapel,Week4,Lincolnia Park,Week2,371.0 Wakefield Chapel - 22.0 Lincolnia Park
Wakefield Chapel,Week1,Springboard,Week5,346.0 Wakefield Chapel - 56.0 Springboard
Wakefield Chapel,Week3,Fairfax Station,Week2,240.0 Wakefield Chapel - 157.0 Fairfax Station
Wakefield Chapel,Week1,Springboard,Week4,344.0 Wakefield Chapel - 58.0 Springboard
Wakefield Chapel,Week5,Lee Graham,Week3,220.0 Wakefield Chapel - 182.0 Lee Graham
Wakefield Chapel,Week4,South Run,Week2,282.0 Wakefield Chapel - 120.0 South Run
Walden Glen,Week3,Parliament,Week3,222.0 Parliament - 180.0 Walden Glen
Wakefield Chapel,Week1,Springboard,Week3,343.0 Wakefield Chapel - 59.0 Springboard
Walden Glen,Week1,North Springfield,Week5,220.0 Walden Glen - 153.0 North Springfield
Wakefield Chapel,Week2,Fairfax Club Estates,Week3,317.0 Wakefield Chapel - 85.0 Fairfax Club Estates
Wakefield Chapel,Week1,Forest Hollow,Week2,297.0 Wakefield Chapel - 105.0 Forest Hollow
Wakefield Chapel,Week2,Springboard,Week1,351.0 Wakefield Chapel - 50.0 Springboard
Wakefield Chapel,Week4,Lincolnia Park,Week4,372.0 Wakefield Chapel - 30.0 Lincolnia Park
Wakefield Chapel,Week4,Fairfax Club Estates,Week3,319.0 Wakefield Chapel - 83.0 Fairfax Club Estates
Wakefield Chapel,Week4,Fairfax Station,Week1,214.0 Wakefield Chapel - 188.0 Fairfax Station
Wakefield Chapel,Week2,Springboard,Week3,344.0 Wakefield Chapel - 57.0 Springboard
Wakefield Chapel,Week1,Fairfax Station,Week5,210.0 Wakefield Chapel - 192.0 Fairfax Station
Walden Glen,Week3,North Springfield,Week3,256.0 Walden Glen - 139.0 North Springfield
Walden Glen,Week5,Pinecrest,Week3,269.0 Pinecrest - 133.0 Walden Glen
Walden Glen,Week3,North Springfield,Week5,237.0 Walden Glen - 135.0 North Springfield
Walden Glen,Week1,Pinewood Lake,Week1,324.0 Walden Glen - 60.0 Pinewood Lake
Wakefield Chapel,Week5,Lincolnia Park,Week3,362.0 Wakefield Chapel - 31.0 Lincolnia Park
Wakefield Chapel,Week3,Springfield,Week2,387.0 Wakefield Chapel - 15.0 Springfield
Wakefield Chapel,Week2,Forest Hollow,Week2,288.0 Wakefield Chapel - 114.0 Forest Hollow
Walden Glen,Week5,Parliament,Week2,224.0 Walden Glen - 177.0 Parliament
Wakefield Chapel,Week5,Lincolnia Park,Week4,385.0 Wakefield Chapel - 17.0 Lincolnia Park
Wakefield Chapel,Week3,Springfield,Week4,385.0 Wakefield Chapel - 17.0 Springfield
Wakefield Chapel,Week1,Forest Hollow,Week3,280.0 Wakefield Chapel - 122.0 Forest Hollow
Walden Glen,Week2,North Springfield,Week4,279.0 Walden Glen - 107.0 North Springfield
Wakefield Chapel,Week2,Springboard,Week4,339.0 Wakefield Chapel - 63.0 Springboard
Wakefield Chapel,Week2,Forest Hollow,Week1,261.0 Wakefield Chapel - 141.0 Forest Hollow
Walden Glen,Week2,Pinecrest,Week2,281.0 Pinecrest - 121.0 Walden Glen
Wakefield Chapel,Week5,Lincolnia Park,Week2,375.0 Wakefield Chapel - 18.0 Lincolnia Park
Wakefield Chapel,Week5,Lincolnia Park,Week1,382.0 Wakefield Chapel - 20.0 Lincolnia Park
Walden Glen,Week2,North Springfield,Week5,237.0 Walden Glen - 131.0 North Springfield
Walden Glen,Week5,Parliament,Week4,215.0 Walden Glen - 187.0 Parliament
Wakefield Chapel,Week3,Springboard,Week1,350.0 Wakefield Chapel - 52.0 Springboard
Wakefield Chapel,Week2,Lincolnia Park,Week5,355.0 Wakefield Chapel - 38.0 Lincolnia Park
Walden Glen,Week4,North Springfield,Week1,272.0 Walden Glen - 75.0 North Springfield
Wakefield Chapel,Week5,Fairfax Station,Week1,256.0 Wakefield Chapel - 146.0 Fairfax Station
Wakefield Chapel,Week2,Lincolnia Park,Week3,345.0 Wakefield Chapel - 48.0 Lincolnia Park
Wakefield Chapel,Week2,Springfield,Week3,389.0 Wakefield Chapel - 11.0 Springfield
Walden Glen,Week4,North Springfield,Week2,277.0 Walden Glen - 110.0 North Springfield
Wakefield Chapel,Week3,Springboard,Week3,353.0 Wakefield Chapel - 49.0 Springboard
Walden Glen,Week4,Pinecrest,Week2,284.0 Pinecrest - 118.0 Walden Glen
Wakefield Chapel,Week1,Lincolnia Park,Week1,371.0 Wakefield Chapel - 31.0 Lincolnia Park
Walden Glen,Week3,Pinecrest,Week3,306.0 Pinecrest - 96.0 Walden Glen
Wakefield Chapel,Week3,Lincolnia Park,Week1,373.0 Wakefield Chapel - 29.0 Lincolnia Park
Walden Glen,Week5,North Springfield,Week4,306.0 Walden Glen - 85.0 North Springfield
Walden Glen,Week4,Pinecrest,Week5,302.0 Pinecrest - 94.0 Walden Glen
Wakefield Chapel,Week3,Fairfax Station,Week5,209.5 Wakefield Chapel - 192.5 Fairfax Station
Wakefield Chapel,Week2,Fairfax Station,Week1,228.0 Wakefield Chapel - 174.0 Fairfax Station
Walden Glen,Week2,Pinecrest,Week5,305.0 Pinecrest - 97.0 Walden Glen
Wakefield Chapel,Week5,Springboard,Week5,344.0 Wakefield Chapel - 58.0 Springboard
Wakefield Chapel,Week3,Lincolnia Park,Week4,377.0 Wakefield Chapel - 25.0 Lincolnia Park
Wakefield Chapel,Week1,Springfield,Week1,391.0 Wakefield Chapel - 11.0 Springfield
Wakefield Chapel,Week5,Fairfax Club Estates,Week4,327.0 Wakefield Chapel - 75.0 Fairfax Club Estates
Wakefield Chapel,Week1,Fairfax Station,Week3,215.0 Wakefield Chapel - 187.0 Fairfax Station
Walden Glen,Week1,Oakton ,Week2,317.0 Oakton - 85.0 Walden Glen
Walden Glen,Week1,Oakton ,Week3,311.5 Oakton - 90.5 Walden Glen
Walden Glen,Week3,Oakton ,Week1,283.0 Oakton - 119.0 Walden Glen
Wakefield Chapel,Week4,Fairfax Station,Week4,228.0 Wakefield Chapel - 174.0 Fairfax Station
Walden Glen,Week4,North Springfield,Week5,237.0 Walden Glen - 136.0 North Springfield
Wakefield Chapel,Week2,Lincolnia Park,Week2,371.0 Wakefield Chapel - 21.0 Lincolnia Park
Walden Glen,Week1,Pinecrest,Week1,304.5 Pinecrest - 97.5 Walden Glen
Wakefield Chapel,Week4,Springboard,Week3,342.0 Wakefield Chapel - 60.0 Springboard
Walden Glen,Week1,Oakton ,Week5,323.0 Oakton - 79.0 Walden Glen
Wakefield Chapel,Week4,Lincolnia Park,Week1,376.0 Wakefield Chapel - 26.0 Lincolnia Park
Walden Glen,Week3,Oakton ,Week3,290.0 Oakton - 112.0 Walden Glen
Wakefield Chapel,Week2,Fairfax Station,Week5,211.0 Fairfax Station - 191.0 Wakefield Chapel
Wakefield Chapel,Week1,Fairfax Station,Week4,253.5 Wakefield Chapel - 148.5 Fairfax Station
Wakefield Chapel,Week1,Lincolnia Park,Week4,381.0 Wakefield Chapel - 21.0 Lincolnia Park
Walden Glen,Week2,Oakton ,Week3,292.0 Oakton - 110.0 Walden Glen
Wakefield Chapel,Week4,Springboard,Week2,362.0 Wakefield Chapel - 40.0 Springboard
Walden Glen,Week5,Parliament,Week1,209.0 Parliament - 192.0 Walden Glen
Wakefield Chapel,Week2,Springfield,Week1,393.0 Wakefield Chapel - 8.0 Springfield
Wakefield Chapel,Week3,Springboard,Week2,361.0 Wakefield Chapel - 36.0 Springboard
Walden Glen,Week2,Oakton ,Week4,313.0 Oakton - 89.0 Walden Glen
Wakefield Chapel,Week1,Springfield,Week2,382.5 Wakefield Chapel - 19.5 Springfield
Walden Glen,Week1,Pinecrest,Week2,306.0 Pinecrest - 96.0 Walden Glen
Wakefield Chapel,Week3,Kent Gardens,Week5,268.0 Wakefield Chapel - 134.0 Kent Gardens
Wakefield Chapel,Week2,Fairfax Station,Week2,222.0 Wakefield Chapel - 180.0 Fairfax Station
Wakefield Chapel,Week5,Lee Graham,Week5,217.0 Wakefield Chapel - 185.0 Lee Graham
Walden Glen,Week2,Oakton ,Week2,303.0 Oakton - 99.0 Walden Glen
Walden Glen,Week4,Pinecrest,Week3,300.0 Pinecrest - 102.0 Walden Glen
Walden Glen,Week1,Pinecrest,Week4,314.0 Pinecrest - 88.0 Walden Glen
Wakefield Chapel,Week1,Springfield,Week4,384.0 Wakefield Chapel - 13.0 Springfield
Wakefield Chapel,Week3,Lincolnia Park,Week5,360.0 Wakefield Chapel - 33.0 Lincolnia Park
Wakefield Chapel,Week3,Springboard,Week5,340.0 Wakefield Chapel - 62.0 Springboard
Wakefield Chapel,Week2,Fairfax Station,Week3,204.0 Wakefield Chapel - 198.0 Fairfax Station
Walden Glen,Week2,Oakton ,Week1,296.0 Oakton - 101.0 Walden Glen
Walden Glen,Week1,Pinecrest,Week5,312.0 Pinecrest - 90.0 Walden Glen
Wakefield Chapel,Week3,Kent Gardens,Week2,319.0 Wakefield Chapel - 83.0 Kent Gardens
Walden Glen,Week2,Pinecrest,Week3,308.0 Pinecrest - 94.0 Walden Glen
Wakefield Chapel,Week3,Fairfax Station,Week4,253.0 Wakefield Chapel - 149.0 Fairfax Station
Wakefield Chapel,Week4,Kent Gardens,Week4,293.0 Wakefield Chapel - 109.0 Kent Gardens
Wakefield Chapel,Week1,Lincolnia Park,Week2,370.0 Wakefield Chapel - 18.0 Lincolnia Park
Wakefield Chapel,Week4,Fairfax Station,Week3,205.0 Fairfax Station - 197.0 Wakefield Chapel
Wakefield Chapel,Week4,Fairfax Station,Week2,208.0 Wakefield Chapel - 194.0 Fairfax Station
Wakefield Chapel,Week4,Kent Gardens,Week3,299.0 Wakefield Chapel - 103.0 Kent Gardens
Wakefield Chapel,Week5,Springboard,Week4,354.0 Wakefield Chapel - 48.0 Springboard
Walden Glen,Week3,Pinecrest,Week5,309.0 Pinecrest - 93.0 Walden Glen
Walden Glen,Week5,Parliament,Week5,202.0 Parliament - 200.0 Walden Glen
Wakefield Chapel,Week5,Fairfax Station,Week2,247.0 Wakefield Chapel - 155.0 Fairfax Station
Walden Glen,Week5,Parliament,Week3,222.0 Walden Glen - 180.0 Parliament
Wakefield Chapel,Week1,Springfield,Week3,385.0 Wakefield Chapel - 17.0 Springfield
Wakefield Chapel,Week1,Fairfax Station,Week2,232.0 Wakefield Chapel - 170.0 Fairfax Station
Wakefield Chapel,Week4,Springboard,Week4,327.0 Wakefield Chapel - 75.0 Springboard
Walden Glen,Week5,North Springfield,Week5,255.0 Walden Glen - 118.0 North Springfield
Walden Glen,Week4,Oakton ,Week1,282.0 Oakton - 115.0 Walden Glen
Wakefield Chapel,Week2,Kent Gardens,Week5,259.0 Wakefield Chapel - 143.0 Kent Gardens
Wakefield Chapel,Week5,Springboard,Week2,378.0 Wakefield Chapel - 24.0 Springboard
Walden Glen,Week4,North Springfield,Week4,283.0 Walden Glen - 108.0 North Springfield
Walden Glen,Week5,Pinecrest,Week1,265.0 Pinecrest - 137.0 Walden Glen
Wakefield Chapel,Week1,Forest Hollow,Week1,273.0 Wakefield Chapel - 129.0 Forest Hollow
Walden Glen,Week3,Pinecrest,Week1,284.0 Pinecrest - 118.0 Walden Glen
Wakefield Chapel,Week2,Fairfax Station,Week4,229.0 Wakefield Chapel - 173.0 Fairfax Station
Wakefield Chapel,Week5,Kent Gardens,Week1,301.0 Wakefield Chapel - 101.0 Kent Gardens
Walden Glen,Week2,Oakton ,Week5,314.0 Oakton - 87.0 Walden Glen
Walden Glen,Week3,Pinecrest,Week4,312.0 Pinecrest - 90.0 Walden Glen
Wakefield Chapel,Week5,Fairfax Station,Week5,230.0 Wakefield Chapel - 172.0 Fairfax Station
Walden Glen,Week1,Oakton ,Week1,313.0 Oakton - 84.0 Walden Glen
Wakefield Chapel,Week3,Kings Ridge ,Week4,339.0 Wakefield Chapel - 63.0 Kings Ridge
Wakefield Chapel,Week5,Springboard,Week3,355.0 Wakefield Chapel - 47.0 Springboard
Wakefield Chapel,Week4,Kent Gardens,Week5,248.0 Wakefield Chapel - 154.0 Kent Gardens
Wakefield Chapel,Week2,Springfield,Week2,385.0 Wakefield Chapel - 16.0 Springfield
Walden Glen,Week3,Oakton ,Week4,296.0 Oakton - 106.0 Walden Glen
Wakefield Chapel,Week1,Kings Ridge ,Week1,352.0 Wakefield Chapel - 50.0 Kings Ridge
Wakefield Chapel,Week1,Springfield,Week5,388.0 Wakefield Chapel - 14.0 Springfield
Wakefield Chapel,Week5,Fairfax Station,Week4,246.0 Wakefield Chapel - 156.0 Fairfax Station
Walden Glen,Week1,Pinecrest,Week3,322.0 Pinecrest - 80.0 Walden Glen
Walden Glen,Week3,Oakton ,Week2,306.0 Oakton - 96.0 Walden Glen
Wakefield Chapel,Week5,Springboard,Week1,360.0 Wakefield Chapel - 42.0 Springboard
Wakefield Chapel,Week3,Fairfax Station,Week3,220.0 Wakefield Chapel - 182.0 Fairfax Station
Walden Glen,Week4,Pinecrest,Week1,277.0 Pinecrest - 125.0 Walden Glen
Wakefield Chapel,Week1,Fairfax Station,Week1,235.0 Wakefield Chapel - 167.0 Fairfax Station
Wakefield Chapel,Week2,Springfield,Week4,386.0 Wakefield Chapel - 15.0 Springfield
Wakefield Chapel,Week3,Kings Ridge ,Week2,347.0 Wakefield Chapel - 55.0 Kings Ridge
Walden Glen,Week5,Pinecrest,Week2,272.0 Pinecrest - 130.0 Walden Glen
Walden Glen,Week4,Parliament,Week5,210.0 Parliament - 187.0 Walden Glen
Walden Glen,Week4,Pinecrest,Week4,301.0 Pinecrest - 101.0 Walden Glen
Wakefield Chapel,Week1,Kings Ridge ,Week2,356.0 Wakefield Chapel - 46.0 Kings Ridge
Wakefield Chapel,Week5,Fairfax Station,Week3,220.0 Wakefield Chapel - 182.0 Fairfax Station
Walden Glen,Week5,North Springfield,Week1,283.0 Walden Glen - 64.0 North Springfield
Wakefield Chapel,Week5,Kings Ridge ,Week3,346.0 Wakefield Chapel - 55.0 Kings Ridge
Wakefield Chapel,Week3,Forest Hollow,Week5,271.0 Wakefield Chapel - 131.0 Forest Hollow
Wakefield Chapel,Week4,Springboard,Week5,323.0 Wakefield Chapel - 79.0 Springboard
Wakefield Chapel,Week3,Kent Gardens,Week3,309.0 Wakefield Chapel - 93.0 Kent Gardens
Wakefield Chapel,Week1,Forest Hollow,Week5,268.0 Wakefield Chapel - 134.0 Forest Hollow
Walden Glen,Week1,Oakton ,Week4,328.0 Oakton - 74.0 Walden Glen
Wakefield Chapel,Week1,Kings Ridge ,Week3,342.0 Wakefield Chapel - 60.0 Kings Ridge
Walden Glen,Week5,Pinecrest,Week4,281.0 Pinecrest - 121.0 Walden Glen
Wakefield Chapel,Week3,Springboard,Week4,339.0 Wakefield Chapel - 63.0 Springboard
Wakefield Chapel,Week2,Springfield,Week5,394.0 Wakefield Chapel - 7.0 Springfield
Wakefield Chapel,Week4,Springboard,Week1,344.0 Wakefield Chapel - 58.0 Springboard
Walden Glen,Week2,Pinecrest,Week4,298.0 Pinecrest - 104.0 Walden Glen
Walden Glen,Week5,North Springfield,Week3,287.0 Walden Glen - 109.0 North Springfield
Walden Glen,Week3,Oakton ,Week5,309.5 Oakton - 92.5 Walden Glen
Wakefield Chapel,Week1,Forest Hollow,Week4,279.0 Wakefield Chapel - 123.0 Forest Hollow
Wakefield Chapel,Week4,Kent Gardens,Week1,278.0 Wakefield Chapel - 124.0 Kent Gardens
Wakefield Chapel,Week5,Kent Gardens,Week3,315.0 Wakefield Chapel - 87.0 Kent Gardens
Walden Glen,Week4,Lakevale Estates,Week3,270.0 Lakevale Estates - 127.0 Walden Glen
Wakefield Chapel,Week5,Forest Hollow,Week3,297.0 Wakefield Chapel - 105.0 Forest Hollow
Wakefield Chapel,Week5,Kings Ridge ,Week5,347.0 Wakefield Chapel - 55.0 Kings Ridge
Walden Glen,Week2,Pinewood Lake,Week2,328.0 Walden Glen - 53.0 Pinewood Lake
Walden Glen,Week1,Pleasant Valley,Week4,262.0 Walden Glen - 138.0 Pleasant Valley
Walden Glen,Week1,Pleasant Valley,Week1,230.0 Walden Glen - 171.0 Pleasant Valley
Walden Glen,Week5,Pinewood Lake,Week2,351.0 Walden Glen - 46.0 Pinewood Lake
Wakefield Chapel,Week3,Forest Hollow,Week4,274.0 Wakefield Chapel - 128.0 Forest Hollow
Walden Glen,Week2,Lakevale Estates,Week1,292.0 Lakevale Estates - 110.0 Walden Glen
Walden Glen,Week5,Pinewood Lake,Week4,349.0 Walden Glen - 47.0 Pinewood Lake
Walden Glen,Week4,Lakevale Estates,Week1,285.0 Lakevale Estates - 117.0 Walden Glen
Walden Glen,Week3,Lake Braddock,Week4,268.0 Walden Glen - 133.0 Lake Braddock
Wakefield Chapel,Week5,Forest Hollow,Week5,286.0 Wakefield Chapel - 116.0 Forest Hollow
Wakefield Chapel,Week4,Forest Hollow,Week1,257.0 Wakefield Chapel - 145.0 Forest Hollow
Wakefield Chapel,Week3,Forest Hollow,Week2,294.0 Wakefield Chapel - 108.0 Forest Hollow
Wakefield Chapel,Week3,Stratford,Week2,350.0 Wakefield Chapel - 52.0 Stratford
Walden Glen,Week4,Lake Braddock,Week4,275.0 Walden Glen - 127.0 Lake Braddock
Wakefield Chapel,Week5,Forest Hollow,Week1,292.0 Wakefield Chapel - 110.0 Forest Hollow
Wakefield Chapel,Week4,Forest Hollow,Week4,269.0 Wakefield Chapel - 133.0 Forest Hollow
Wakefield Chapel,Week4,Springfield,Week4,386.0 Wakefield Chapel - 16.0 Springfield
Wakefield Chapel,Week2,Kings Ridge ,Week4,341.0 Wakefield Chapel - 61.0 Kings Ridge
Wakefield Chapel,Week3,Kent Gardens,Week4,294.0 Wakefield Chapel - 108.0 Kent Gardens
Walden Glen,Week3,Lakevale Estates,Week3,292.5 Lakevale Estates - 109.5 Walden Glen
Wakefield Chapel,Week2,Stratford,Week3,342.0 Wakefield Chapel - 60.0 Stratford
Wakefield Chapel,Week4,Springfield,Week2,386.0 Wakefield Chapel - 15.0 Springfield
Walden Glen,Week3,Pinewood Lake,Week4,338.0 Walden Glen - 55.0 Pinewood Lake
Walden Glen,Week3,Pinecrest,Week2,295.0 Pinecrest - 107.0 Walden Glen
Wakefield Chapel,Week1,Stratford,Week5,357.0 Wakefield Chapel - 45.0 Stratford
Wakefield Chapel,Week4,Stratford,Week3,332.0 Wakefield Chapel - 70.0 Stratford
Wakefield Chapel,Week3,Springfield,Week3,388.0 Wakefield Chapel - 9.0 Springfield
Wakefield Chapel,Week4,Stratford,Week2,341.0 Wakefield Chapel - 61.0 Stratford
Walden Glen,Week2,Lakevale Estates,Week3,286.0 Lakevale Estates - 111.0 Walden Glen
Walden Glen,Week4,Pinewood Lake,Week1,338.0 Walden Glen - 48.0 Pinewood Lake
Wakefield Chapel,Week1,Fox Hunt,Week1,295.0 Wakefield Chapel - 107.0 Fox Hunt
Walden Glen,Week3,Lake Braddock,Week1,279.0 Walden Glen - 123.0 Lake Braddock
Walden Glen,Week5,Pinecrest,Week5,278.0 Pinecrest - 123.0 Walden Glen
Wakefield Chapel,Week4,Forest Hollow,Week5,255.0 Wakefield Chapel - 147.0 Forest Hollow
Wakefield Chapel,Week5,Kent Gardens,Week4,315.0 Wakefield Chapel - 87.0 Kent Gardens
Wakefield Chapel,Week2,Fox Hunt,Week2,275.0 Wakefield Chapel - 127.0 Fox Hunt
Walden Glen,Week5,Lake Braddock,Week5,267.0 Walden Glen - 135.0 Lake Braddock
Wakefield Chapel,Week5,Canterbury Woods,Week1,321.0 Wakefield Chapel - 81.0 Canterbury Woods
Walden Glen,Week5,North Springfield,Week2,292.0 Walden Glen - 95.0 North Springfield
Wakefield Chapel,Week2,Kings Ridge ,Week2,345.0 Wakefield Chapel - 57.0 Kings Ridge
Wakefield Chapel,Week3,Springfield,Week1,392.0 Wakefield Chapel - 10.0 Springfield
Wakefield Chapel,Week3,Kent Gardens,Week1,298.0 Wakefield Chapel - 104.0 Kent Gardens
Wakefield Chapel,Week3,Kings Ridge ,Week1,346.0 Wakefield Chapel - 56.0 Kings Ridge
Wakefield Chapel,Week3,Canterbury Woods,Week5,296.0 Wakefield Chapel - 106.0 Canterbury Woods
Wakefield Chapel,Week5,Canterbury Woods,Week4,307.0 Wakefield Chapel - 95.0 Canterbury Woods
Walden Glen,Week2,Lakevale Estates,Week4,309.0 Lakevale Estates - 93.0 Walden Glen
Wakefield Chapel,Week5,Kent Gardens,Week2,324.0 Wakefield Chapel - 78.0 Kent Gardens
Wakefield Chapel,Week5,Forest Hollow,Week2,299.0 Wakefield Chapel - 103.0 Forest Hollow
Wakefield Chapel,Week1,Kings Ridge ,Week5,348.0 Wakefield Chapel - 54.0 Kings Ridge
Wakefield Chapel,Week1,Fox Hunt,Week4,291.0 Wakefield Chapel - 111.0 Fox Hunt
Wakefield Chapel,Week4,Canterbury Woods,Week4,278.0 Wakefield Chapel - 124.0 Canterbury Woods
Walden Glen,Week5,Lake Braddock,Week2,280.0 Walden Glen - 122.0 Lake Braddock
Wakefield Chapel,Week3,Stratford,Week5,345.0 Wakefield Chapel - 57.0 Stratford
Wakefield Chapel,Week2,Kings Ridge ,Week3,336.0 Wakefield Chapel - 65.0 Kings Ridge
Walden Glen,Week1,Pleasant Valley,Week3,218.0 Walden Glen - 184.0 Pleasant Valley
Wakefield Chapel,Week5,Springfield,Week1,396.0 Wakefield Chapel - 6.0 Springfield
Walden Glen,Week1,Lakevale Estates,Week1,310.0 Lakevale Estates - 92.0 Walden Glen
Wakefield Chapel,Week3,Canterbury Woods,Week3,307.0 Wakefield Chapel - 95.0 Canterbury Woods
Wakefield Chapel,Week5,Fox Hunt,Week1,309.5 Wakefield Chapel - 92.5 Fox Hunt
Walden Glen,Week1,Lakevale Estates,Week4,321.0 Lakevale Estates - 81.0 Walden Glen
Wakefield Chapel,Week2,Forest Hollow,Week5,266.0 Wakefield Chapel - 136.0 Forest Hollow
Wakefield Chapel,Week5,Canterbury Woods,Week5,313.5 Wakefield Chapel - 88.5 Canterbury Woods
Wakefield Chapel,Week4,Kent Gardens,Week2,305.0 Wakefield Chapel - 97.0 Kent Gardens
Walden Glen,Week1,Pinewood Lake,Week3,332.0 Walden Glen - 58.0 Pinewood Lake
Wakefield Chapel,Week5,Stratford,Week2,356.0 Wakefield Chapel - 46.0 Stratford
Wakefield Chapel,Week1,Stratford,Week3,353.0 Wakefield Chapel - 49.0 Stratford
Walden Glen,Week3,Pinewood Lake,Week2,337.0 Walden Glen - 56.0 Pinewood Lake
Wakefield Chapel,Week2,Kings Ridge ,Week1,349.0 Wakefield Chapel - 53.0 Kings Ridge
Walden Glen,Week4,Pinewood Lake,Week3,341.5 Walden Glen - 50.5 Pinewood Lake
Walden Glen,Week1,Pinewood Lake,Week4,315.0 Walden Glen - 80.0 Pinewood Lake
Wakefield Chapel,Week3,Hunter Mill,Week1,254.0 Wakefield Chapel - 148.0 Hunter Mill
Wakefield Chapel,Week5,Springfield,Week5,395.0 Wakefield Chapel - 7.0 Springfield
Wakefield Chapel,Week5,Canterbury Woods,Week2,321.0 Wakefield Chapel - 81.0 Canterbury Woods
Walden Glen,Week4,Lake Braddock,Week2,276.0 Walden Glen - 126.0 Lake Braddock
Wakefield Chapel,Week1,Stratford,Week2,354.0 Wakefield Chapel - 48.0 Stratford
Walden Glen,Week3,Lake Braddock,Week5,236.0 Walden Glen - 165.0 Lake Braddock
Wakefield Chapel,Week1,Hunter Mill,Week5,217.0 Wakefield Chapel - 185.0 Hunter Mill
Wakefield Chapel,Week5,Hunter Mill,Week2,267.0 Wakefield Chapel - 135.0 Hunter Mill
Wakefield Chapel,Week1,Kings Ridge ,Week4,343.5 Wakefield Chapel - 58.5 Kings Ridge
Wakefield Chapel,Week3,Fox Hunt,Week1,296.0 Wakefield Chapel - 106.0 Fox Hunt
Wakefield Chapel,Week3,Canterbury Woods,Week2,317.0 Wakefield Chapel - 85.0 Canterbury Woods
Walden Glen,Week1,Pleasant Valley,Week5,228.0 Walden Glen - 174.0 Pleasant Valley
Wakefield Chapel,Week2,Fox Hunt,Week4,262.0 Wakefield Chapel - 140.0 Fox Hunt
Walden Glen,Week4,Pinewood Lake,Week2,338.0 Walden Glen - 49.0 Pinewood Lake
Walden Glen,Week2,Pinewood Lake,Week4,323.0 Walden Glen - 64.0 Pinewood Lake
Walden Glen,Week5,Lake Braddock,Week4,288.0 Walden Glen - 114.0 Lake Braddock
Wakefield Chapel,Week4,Springfield,Week3,389.0 Wakefield Chapel - 12.0 Springfield
Walden Glen,Week4,Lake Braddock,Week5,249.0 Walden Glen - 153.0 Lake Braddock
Wakefield Chapel,Week5,Springfield,Week2,392.0 Wakefield Chapel - 10.0 Springfield
Wakefield Chapel,Week2,Forest Hollow,Week3,260.0 Wakefield Chapel - 142.0 Forest Hollow
Wakefield Chapel,Week1,Hunter Mill,Week1,253.0 Wakefield Chapel - 149.0 Hunter Mill
Wakefield Chapel,Week1,Canterbury Woods,Week5,297.0 Wakefield Chapel - 105.0 Canterbury Woods
Wakefield Chapel,Week2,Canterbury Woods,Week4,277.0 Wakefield Chapel - 125.0 Canterbury Woods
Wakefield Chapel,Week2,Kings Ridge ,Week5,332.0 Wakefield Chapel - 70.0 Kings Ridge
Wakefield Chapel,Week5,Kent Gardens,Week5,269.0 Wakefield Chapel - 133.0 Kent Gardens
Wakefield Chapel,Week4,Canterbury Woods,Week2,306.0 Wakefield Chapel - 96.0 Canterbury Woods
Walden Glen,Week2,Lakevale Estates,Week5,304.0 Lakevale Estates - 98.0 Walden Glen
Wakefield Chapel,Week4,Kings Ridge ,Week1,351.0 Wakefield Chapel - 51.0 Kings Ridge
Wakefield Chapel,Week2,Stratford,Week4,335.0 Wakefield Chapel - 67.0 Stratford
Wakefield Chapel,Week1,Fox Hunt,Week2,299.0 Wakefield Chapel - 103.0 Fox Hunt
Wakefield Chapel,Week3,Fox Hunt,Week3,285.0 Wakefield Chapel - 112.0 Fox Hunt
Wakefield Chapel,Week4,Canterbury Woods,Week5,281.0 Wakefield Chapel - 121.0 Canterbury Woods
Walden Glen,Week2,Pleasant Valley,Week3,241.0 Walden Glen - 157.0 Pleasant Valley
Wakefield Chapel,Week1,Canterbury Woods,Week4,295.0 Wakefield Chapel - 107.0 Canterbury Woods
Wakefield Chapel,Week4,Kings Ridge ,Week3,335.0 Wakefield Chapel - 67.0 Kings Ridge
Wakefield Chapel,Week1,Fox Mill Estates,Week5,301.0 Wakefield Chapel - 101.0 Fox Mill Estates
Walden Glen,Week1,Lakevale Estates,Week3,304.0 Lakevale Estates - 93.0 Walden Glen
Wakefield Chapel,Week2,Canterbury Woods,Week1,311.0 Wakefield Chapel - 91.0 Canterbury Woods
Walden Glen,Week2,Sideburn Run,Week3,233.0 Sideburn Run - 169.0 Walden Glen
Walden Glen,Week4,Lake Braddock,Week1,291.0 Walden Glen - 106.0 Lake Braddock
Wakefield Chapel,Week4,Hunter Mill,Week1,224.0 Wakefield Chapel - 178.0 Hunter Mill
Wakefield Chapel,Week1,Canterbury Woods,Week3,303.0 Wakefield Chapel - 99.0 Canterbury Woods
Walden Glen,Week3,Sideburn Run,Week1,246.0 Sideburn Run - 156.0 Walden Glen
Wakefield Chapel,Week3,Hunter Mill,Week3,247.0 Wakefield Chapel - 155.0 Hunter Mill
Wakefield Chapel,Week2,Forest Hollow,Week4,265.0 Wakefield Chapel - 137.0 Forest Hollow
Walden Glen,Week2,Pleasant Valley,Week1,254.0 Walden Glen - 146.0 Pleasant Valley
Wakefield Chapel,Week3,Springfield,Week5,391.0 Wakefield Chapel - 11.0 Springfield
Wakefield Chapel,Week3,Kings Ridge ,Week5,335.0 Wakefield Chapel - 67.0 Kings Ridge
Walden Glen,Week3,Lake Braddock,Week3,254.0 Walden Glen - 147.0 Lake Braddock
Walden Glen,Week2,Pinewood Lake,Week3,335.0 Walden Glen - 51.0 Pinewood Lake
Wakefield Chapel,Week4,Springfield,Week1,390.0 Wakefield Chapel - 12.0 Springfield
Walden Glen,Week5,Lake Braddock,Week3,289.0 Walden Glen - 113.0 Lake Braddock
Wakefield Chapel,Week3,Kings Ridge ,Week3,337.0 Wakefield Chapel - 65.0 Kings Ridge
Wakefield Chapel,Week5,Springfield,Week4,387.5 Wakefield Chapel - 14.5 Springfield
Walden Glen,Week2,Pinewood Lake,Week1,330.0 Walden Glen - 49.0 Pinewood Lake
Wakefield Chapel,Week5,Canterbury Woods,Week3,320.0 Wakefield Chapel - 82.0 Canterbury Woods
Wakefield Chapel,Week4,Springfield,Week5,390.0 Wakefield Chapel - 12.0 Springfield
Walden Glen,Week3,Lake Braddock,Week2,258.0 Walden Glen - 143.0 Lake Braddock
Wakefield Chapel,Week5,Hunt Valley,Week1,255.0 Wakefield Chapel - 147.0 Hunt Valley
Wakefield Chapel,Week4,Kings Ridge ,Week4,331.0 Wakefield Chapel - 71.0 Kings Ridge
Wakefield Chapel,Week4,Kings Ridge ,Week2,348.0 Wakefield Chapel - 54.0 Kings Ridge
Wakefield Chapel,Week1,Fox Hunt,Week3,283.0 Wakefield Chapel - 119.0 Fox Hunt
Wakefield Chapel,Week5,Hunt Valley,Week3,239.0 Wakefield Chapel - 163.0 Hunt Valley
Wakefield Chapel,Week1,Fox Mill Estates,Week2,299.0 Wakefield Chapel - 103.0 Fox Mill Estates
Walden Glen,Week2,Pleasant Valley,Week2,271.0 Walden Glen - 126.0 Pleasant Valley
Wakefield Chapel,Week4,Hunter Mill,Week5,210.0 Wakefield Chapel - 192.0 Hunter Mill
Wakefield Chapel,Week2,Stratford,Week1,345.0 Wakefield Chapel - 57.0 Stratford
Walden Glen,Week4,Pinewood Lake,Week4,331.0 Walden Glen - 61.0 Pinewood Lake
Wakefield Chapel,Week2,Hunter Mill,Week3,236.0 Wakefield Chapel - 166.0 Hunter Mill
Wakefield Chapel,Week3,Stratford,Week3,341.0 Wakefield Chapel - 61.0 Stratford
Wakefield Chapel,Week1,Hunter Mill,Week3,246.0 Wakefield Chapel - 156.0 Hunter Mill
Wakefield Chapel,Week2,Stratford,Week5,345.0 Wakefield Chapel - 57.0 Stratford
Wakefield Chapel,Week4,Forest Hollow,Week3,265.0 Wakefield Chapel - 137.0 Forest Hollow
Wakefield Chapel,Week3,Forest Hollow,Week3,284.0 Wakefield Chapel - 118.0 Forest Hollow
Wakefield Chapel,Week2,Canterbury Woods,Week3,298.0 Wakefield Chapel - 104.0 Canterbury Woods
Walden Glen,Week2,Pinewood Lake,Week5,327.0 Walden Glen - 60.0 Pinewood Lake
Wakefield Chapel,Week4,Forest Hollow,Week2,280.5 Wakefield Chapel - 121.5 Forest Hollow
Walden Glen,Week1,Lakevale Estates,Week5,319.0 Lakevale Estates - 83.0 Walden Glen
Walden Glen,Week5,Sideburn Run,Week1,227.0 Sideburn Run - 175.0 Walden Glen
Wakefield Chapel,Week3,Forest Hollow,Week1,289.0 Wakefield Chapel - 113.0 Forest Hollow
Walden Glen,Week3,Pinewood Lake,Week3,342.0 Walden Glen - 51.0 Pinewood Lake
Walden Glen,Week2,Lakevale Estates,Week2,289.0 Lakevale Estates - 113.0 Walden Glen
Walden Glen,Week4,Sideburn Run,Week2,217.0 Sideburn Run - 185.0 Walden Glen
Walden Glen,Week2,Sleepy Hollow B & R,Week1,261.0 Sleepy Hollow B & R - 141.0 Walden Glen
Wakefield Chapel,Week1,Canterbury Woods,Week2,312.0 Wakefield Chapel - 90.0 Canterbury Woods
Walden Glen,Week5,Lake Braddock,Week1,298.0 Walden Glen - 104.0 Lake Braddock
Walden Glen,Week3,Sideburn Run,Week4,246.0 Sideburn Run - 156.0 Walden Glen
Wakefield Chapel,Week5,Springfield,Week3,392.0 Wakefield Chapel - 10.0 Springfield
Wakefield Chapel,Week2,Hunter Mill,Week1,239.0 Wakefield Chapel - 163.0 Hunter Mill
Wakefield Chapel,Week3,Stratford,Week1,350.0 Wakefield Chapel - 52.0 Stratford
Wakefield Chapel,Week5,Kings Ridge ,Week2,358.0 Wakefield Chapel - 44.0 Kings Ridge
Wakefield Chapel,Week4,Kings Ridge ,Week5,331.0 Wakefield Chapel - 71.0 Kings Ridge
Walden Glen,Week4,Lake Braddock,Week3,272.0 Walden Glen - 130.0 Lake Braddock
Walden Glen,Week1,Pinewood Lake,Week5,320.0 Walden Glen - 75.0 Pinewood Lake
Wakefield Chapel,Week5,Kings Ridge ,Week4,352.0 Wakefield Chapel - 50.0 Kings Ridge
Wakefield Chapel,Week1,Stratford,Week4,349.0 Wakefield Chapel - 53.0 Stratford
Wakefield Chapel,Week5,Forest Hollow,Week4,291.0 Wakefield Chapel - 111.0 Forest Hollow
Wakefield Chapel,Week5,Kings Ridge ,Week1,355.0 Wakefield Chapel - 47.0 Kings Ridge
Wakefield Chapel,Week1,Canterbury Woods,Week1,307.0 Wakefield Chapel - 95.0 Canterbury Woods
Wakefield Chapel,Week4,Hunter Mill,Week2,235.0 Wakefield Chapel - 167.0 Hunter Mill
Walden Glen,Week1,Sleepy Hollow B & R,Week2,302.0 Sleepy Hollow B & R - 100.0 Walden Glen
Wakefield Chapel,Week3,Canterbury Woods,Week4,286.0 Wakefield Chapel - 116.0 Canterbury Woods
Wakefield Chapel,Week2,Ilda Community,Week4,334.0 Wakefield Chapel - 68.0 Ilda Community
Walden Glen,Week3,Pinewood Lake,Week5,336.0 Walden Glen - 58.0 Pinewood Lake
Wakefield Chapel,Week1,Lake Braddock,Week1,368.0 Wakefield Chapel - 34.0 Lake Braddock
Wakefield Chapel,Week2,Fox Hunt,Week1,289.0 Wakefield Chapel - 113.0 Fox Hunt
Walden Glen,Week3,Lakevale Estates,Week1,297.0 Lakevale Estates - 105.0 Walden Glen
Wakefield Chapel,Week1,Hunter Mill,Week4,243.0 Wakefield Chapel - 159.0 Hunter Mill
Wakefield Chapel,Week3,Stratford,Week4,337.0 Wakefield Chapel - 65.0 Stratford
Wakefield Chapel,Week1,Fox Hunt,Week5,279.0 Wakefield Chapel - 123.0 Fox Hunt
Wakefield Chapel,Week1,Lake Braddock,Week5,357.0 Wakefield Chapel - 45.0 Lake Braddock
Wakefield Chapel,Week1,Stratford,Week1,350.0 Wakefield Chapel - 52.0 Stratford
Walden Glen,Week4,Pinewood Lake,Week5,325.0 Walden Glen - 67.0 Pinewood Lake
Wakefield Chapel,Week5,Hunt Valley,Week4,251.0 Wakefield Chapel - 151.0 Hunt Valley
Walden Glen,Week3,Lakevale Estates,Week2,303.0 Lakevale Estates - 99.0 Walden Glen
Wakefield Chapel,Week2,Canterbury Woods,Week5,290.0 Wakefield Chapel - 111.0 Canterbury Woods
Walden Glen,Week1,Pinewood Lake,Week2,322.0 Walden Glen - 63.0 Pinewood Lake
Walden Glen,Week5,Sideburn Run,Week4,225.0 Sideburn Run - 177.0 Walden Glen
Wakefield Chapel,Week3,Canterbury Woods,Week1,314.0 Wakefield Chapel - 88.0 Canterbury Woods
Wakefield Chapel,Week1,Lake Braddock,Week3,361.0 Wakefield Chapel - 41.0 Lake Braddock
Wakefield Chapel,Week1,Hunter Mill,Week2,248.0 Wakefield Chapel - 154.0 Hunter Mill
Walden Glen,Week3,Pinewood Lake,Week1,347.0 Walden Glen - 45.0 Pinewood Lake
Wakefield Chapel,Week2,Canterbury Woods,Week2,312.0 Wakefield Chapel - 90.0 Canterbury Woods
Walden Glen,Week3,Sideburn Run,Week2,233.0 Sideburn Run - 169.0 Walden Glen
Walden Glen,Week1,Lakevale Estates,Week2,305.0 Lakevale Estates - 97.0 Walden Glen
Walden Glen,Week3,Lakevale Estates,Week4,323.0 Lakevale Estates - 79.0 Walden Glen
Wakefield Chapel,Week4,Stratford,Week1,342.0 Wakefield Chapel - 60.0 Stratford
Walden Glen,Week4,Lakeview,Week1,285.0 Walden Glen - 117.0 Lakeview
Wakefield Chapel,Week4,Canterbury Woods,Week1,303.0 Wakefield Chapel - 99.0 Canterbury Woods
Walden Glen,Week3,Lakeview,Week4,235.0 Walden Glen - 167.0 Lakeview
Walden Glen,Week5,Pinewood Lake,Week5,338.0 Walden Glen - 58.0 Pinewood Lake
Walden Glen,Week1,Sleepy Hollow B & R,Week4,301.0 Sleepy Hollow B & R - 101.0 Walden Glen
Walden Glen,Week1,Sideburn Run,Week4,263.0 Sideburn Run - 139.0 Walden Glen
Wakefield Chapel,Week4,Canterbury Woods,Week3,299.5 Wakefield Chapel - 102.5 Canterbury Woods
Wakefield Chapel,Week4,Stratford,Week5,337.0 Wakefield Chapel - 65.0 Stratford
Walden Glen,Week4,Lakevale Estates,Week2,288.0 Lakevale Estates - 114.0 Walden Glen
Wakefield Chapel,Week5,Camelot,Week5,301.0 Wakefield Chapel - 101.0 Camelot
Walden Glen,Week5,Pinewood Lake,Week1,350.0 Walden Glen - 46.0 Pinewood Lake
Wakefield Chapel,Week5,Stratford,Week1,356.0 Wakefield Chapel - 46.0 Stratford
Walden Glen,Week5,Pinewood Lake,Week3,357.0 Walden Glen - 40.0 Pinewood Lake
Wakefield Chapel,Week4,Fox Hunt,Week1,282.0 Wakefield Chapel - 120.0 Fox Hunt
Wakefield Chapel,Week2,Fox Hunt,Week5,250.0 Wakefield Chapel - 152.0 Fox Hunt
Wakefield Chapel,Week4,Hunter Mill,Week4,222.0 Wakefield Chapel - 180.0 Hunter Mill
Wakefield Chapel,Week2,Hunter Mill,Week4,219.0 Wakefield Chapel - 183.0 Hunter Mill
Wakefield Chapel,Week2,Lake Braddock,Week2,363.0 Wakefield Chapel - 39.0 Lake Braddock
Walden Glen,Week4,Pleasant Valley,Week5,259.0 Walden Glen - 137.0 Pleasant Valley
Wakefield Chapel,Week2,Stratford,Week2,347.0 Wakefield Chapel - 55.0 Stratford
Walden Glen,Week3,Sleepy Hollow B & R,Week5,289.0 Sleepy Hollow B & R - 113.0 Walden Glen
Wakefield Chapel,Week4,Fox Hunt,Week2,272.0 Wakefield Chapel - 130.0 Fox Hunt
Wakefield Chapel,Week2,Lake Braddock,Week3,360.0 Wakefield Chapel - 42.0 Lake Braddock
Wakefield Chapel,Week3,Fox Hunt,Week2,291.0 Wakefield Chapel - 111.0 Fox Hunt
Walden Glen,Week2,Sideburn Run,Week2,231.0 Sideburn Run - 171.0 Walden Glen
Walden Glen,Week3,Sleepy Hollow B & R,Week1,260.0 Sleepy Hollow B & R - 142.0 Walden Glen
Wakefield Chapel,Week1,Lake Braddock,Week2,353.0 Wakefield Chapel - 49.0 Lake Braddock
Wakefield Chapel,Week4,Stratford,Week4,323.5 Wakefield Chapel - 78.5 Stratford
Wakefield Chapel,Week3,Hunter Mill,Week2,248.0 Wakefield Chapel - 154.0 Hunter Mill
Wakefield Chapel,Week2,Hunter Mill,Week5,218.0 Wakefield Chapel - 184.0 Hunter Mill
Wakefield Chapel,Week3,Fox Hunt,Week5,277.0 Wakefield Chapel - 125.0 Fox Hunt
Wakefield Chapel,Week3,Lake Braddock,Week2,360.0 Wakefield Chapel - 42.0 Lake Braddock
Wakefield Chapel,Week2,Lake Braddock,Week1,364.0 Wakefield Chapel - 38.0 Lake Braddock
Walden Glen,Week3,Lakevale Estates,Week5,327.0 Lakevale Estates - 75.0 Walden Glen
Walden Glen,Week1,Pleasant Valley,Week2,237.0 Walden Glen - 163.0 Pleasant Valley
Walden Glen,Week2,Poplar Heights,Week2,273.0 Poplar Heights - 129.0 Walden Glen
Wakefield Chapel,Week5,Stratford,Week3,363.0 Wakefield Chapel - 39.0 Stratford
Walden Glen,Week4,Lakeview,Week4,255.0 Walden Glen - 147.0 Lakeview
Walden Glen,Week4,Sideburn Run,Week4,232.0 Sideburn Run - 170.0 Walden Glen
Walden Glen,Week4,Pleasant Valley,Week4,277.0 Walden Glen - 115.0 Pleasant Valley
Walden Glen,Week2,Lakeview,Week3,246.0 Walden Glen - 156.0 Lakeview
Walden Glen,Week2,Sideburn Run,Week1,240.0 Sideburn Run - 162.0 Walden Glen
Wakefield Chapel,Week5,Stratford,Week5,356.0 Wakefield Chapel - 46.0 Stratford
Wakefield Chapel,Week4,Fox Hunt,Week3,256.0 Wakefield Chapel - 146.0 Fox Hunt
Walden Glen,Week2,Sideburn Run,Week4,223.0 Sideburn Run - 179.0 Walden Glen
Wakefield Chapel,Week3,Lake Braddock,Week5,360.0 Wakefield Chapel - 42.0 Lake Braddock
Wakefield Chapel,Week3,Lake Braddock,Week4,365.0 Wakefield Chapel - 37.0 Lake Braddock
Wakefield Chapel,Week3,Hunter Mill,Week4,250.0 Wakefield Chapel - 152.0 Hunter Mill
Wakefield Chapel,Week2,Hunter Mill,Week2,232.0 Wakefield Chapel - 170.0 Hunter Mill
Wakefield Chapel,Week5,Hunt Valley,Week2,266.0 Wakefield Chapel - 136.0 Hunt Valley
Wakefield Chapel,Week5,Hunt Valley,Week5,234.5 Wakefield Chapel - 167.5 Hunt Valley
Wakefield Chapel,Week2,Fox Hunt,Week3,265.0 Wakefield Chapel - 137.0 Fox Hunt
Wakefield Chapel,Week5,Stratford,Week4,347.0 Wakefield Chapel - 55.0 Stratford
Wakefield Chapel,Week1,Lake Braddock,Week4,363.0 Wakefield Chapel - 39.0 Lake Braddock
Walden Glen,Week4,Sideburn Run,Week5,235.0 Sideburn Run - 167.0 Walden Glen
Wakefield Chapel,Week4,Sully Station,Week2,233.0 Wakefield Chapel - 169.0 Sully Station
Walden Glen,Week3,Lakeview,Week2,287.0 Walden Glen - 115.0 Lakeview
Wakefield Chapel,Week4,Hunter Mill,Week3,221.0 Wakefield Chapel - 181.0 Hunter Mill
Wakefield Chapel,Week2,Lake Braddock,Week4,370.0 Wakefield Chapel - 32.0 Lake Braddock
Wakefield Chapel,Week3,Fox Hunt,Week4,289.0 Wakefield Chapel - 113.0 Fox Hunt
Walden Glen,Week1,Poplar Heights,Week4,299.0 Poplar Heights - 102.0 Walden Glen
Walden Glen,Week3,Lakeview,Week1,272.0 Walden Glen - 130.0 Lakeview
Wakefield Chapel,Week3,Hunter Mill,Week5,231.0 Wakefield Chapel - 171.0 Hunter Mill
Wakefield Chapel,Week4,Sully Station,Week5,210.0 Wakefield Chapel - 192.0 Sully Station
Wakefield Chapel,Week2,Lake Braddock,Week5,358.0 Wakefield Chapel - 44.0 Lake Braddock
Wakefield Chapel,Week4,Fox Hunt,Week4,278.0 Wakefield Chapel - 124.0 Fox Hunt
Walden Glen,Week3,Sideburn Run,Week5,251.0 Sideburn Run - 151.0 Walden Glen
Walden Glen,Week4,Sideburn Run,Week3,230.0 Sideburn Run - 172.0 Walden Glen
Walden Glen,Week4,Lakeview,Week5,271.0 Walden Glen - 122.0 Lakeview
Wakefield Chapel,Week4,Fox Hunt,Week5,255.0 Wakefield Chapel - 147.0 Fox Hunt
Wakefield Chapel,Week5,Fox Hunt,Week2,309.0 Wakefield Chapel - 93.0 Fox Hunt
Wakefield Chapel,Week4,Lake Braddock,Week2,358.0 Wakefield Chapel - 44.0 Lake Braddock
Walden Glen,Week2,Poplar Heights,Week3,279.0 Poplar Heights - 123.0 Walden Glen
Wakefield Chapel,Week1,Sully Station,Week2,261.0 Wakefield Chapel - 141.0 Sully Station
Walden Glen,Week3,Poplar Heights,Week2,280.0 Poplar Heights - 122.0 Walden Glen
Walden Glen,Week5,Lakeview,Week4,266.0 Walden Glen - 136.0 Lakeview
Wakefield Chapel,Week5,Hunter Mill,Week1,272.0 Wakefield Chapel - 130.0 Hunter Mill
Walden Glen,Week1,Poplar Heights,Week1,281.0 Poplar Heights - 117.0 Walden Glen
Walden Glen,Week4,Lakeview,Week2,290.0 Walden Glen - 112.0 Lakeview
Walden Glen,Week5,Pleasant Valley,Week2,290.0 Walden Glen - 107.0 Pleasant Valley
Walden Glen,Week5,Sideburn Run,Week2,201.0 Sideburn Run - 201.0 Walden Glen
Wakefield Chapel,Week5,Hunter Mill,Week5,243.0 Wakefield Chapel - 159.0 Hunter Mill
Wakefield Chapel,Week5,Fox Hunt,Week3,296.5 Wakefield Chapel - 105.5 Fox Hunt
Walden Glen,Week4,Pleasant Valley,Week3,255.0 Walden Glen - 146.0 Pleasant Valley
Walden Glen,Week3,Pleasant Valley,Week3,236.0 Walden Glen - 165.0 Pleasant Valley
Walden Glen,Week1,Lakeview,Week5,216.0 Walden Glen - 173.0 Lakeview
Wakefield Chapel,Week5,Fox Hunt,Week5,291.0 Wakefield Chapel - 111.0 Fox Hunt
Wakefield Chapel,Week1,Sully Station II,Week1,254.0 Wakefield Chapel - 148.0 Sully Station II
Walden Glen,Week5,Sideburn Run,Week5,223.0 Sideburn Run - 179.0 Walden Glen
Walden Glen,Week5,Lakeview,Week1,297.0 Walden Glen - 105.0 Lakeview
Wakefield Chapel,Week5,Fox Hunt,Week4,305.0 Wakefield Chapel - 97.0 Fox Hunt
Wakefield Chapel,Week3,Sully Station,Week3,250.0 Wakefield Chapel - 152.0 Sully Station
Wakefield Chapel,Week1,Ilda Community,Week2,349.0 Wakefield Chapel - 53.0 Ilda Community
Wakefield Chapel,Week3,Lake Braddock,Week1,365.0 Wakefield Chapel - 32.0 Lake Braddock
Wakefield Chapel,Week3,Lake Braddock,Week3,360.0 Wakefield Chapel - 42.0 Lake Braddock
Walden Glen,Week1,Sideburn Run,Week5,273.0 Sideburn Run - 129.0 Walden Glen
Wakefield Chapel,Week5,Sully Station,Week2,254.0 Wakefield Chapel - 148.0 Sully Station
Wakefield Chapel,Week4,Lake Braddock,Week1,368.0 Wakefield Chapel - 34.0 Lake Braddock
Walden Glen,Week5,Lakevale Estates,Week4,275.0 Lakevale Estates - 127.0 Walden Glen
Wakefield Chapel,Week5,Lake Braddock,Week2,366.0 Wakefield Chapel - 36.0 Lake Braddock
Walden Glen,Week3,Pleasant Valley,Week4,273.0 Walden Glen - 124.0 Pleasant Valley
Wakefield Chapel,Week2,Ilda Community,Week2,353.0 Wakefield Chapel - 49.0 Ilda Community
Wakefield Chapel,Week1,Ilda Community,Week5,354.0 Wakefield Chapel - 48.0 Ilda Community
Walden Glen,Week3,Pleasant Valley,Week2,279.0 Walden Glen - 122.0 Pleasant Valley
Wakefield Chapel,Week1,Fox Mill Estates,Week1,309.0 Wakefield Chapel - 93.0 Fox Mill Estates
Wakefield Chapel,Week4,Lake Braddock,Week3,356.0 Wakefield Chapel - 46.0 Lake Braddock
Wakefield Chapel,Week2,Sully Station,Week4,237.0 Wakefield Chapel - 165.0 Sully Station
Walden Glen,Week1,Sleepy Hollow B & R,Week1,301.5 Sleepy Hollow B & R - 100.5 Walden Glen
Wakefield Chapel,Week2,Sully Station II,Week1,244.5 Wakefield Chapel - 157.5 Sully Station II
Walden Glen,Week2,Pleasant Valley,Week4,276.0 Walden Glen - 122.0 Pleasant Valley
Wakefield Chapel,Week4,Lake Braddock,Week4,363.0 Wakefield Chapel - 39.0 Lake Braddock
Walden Glen,Week1,Lakeview,Week1,239.0 Walden Glen - 163.0 Lakeview
Wakefield Chapel,Week2,Sully Station,Week2,235.0 Wakefield Chapel - 167.0 Sully Station
Walden Glen,Week4,Sideburn Run,Week1,226.0 Sideburn Run - 176.0 Walden Glen
Walden Glen,Week3,Sideburn Run,Week3,252.0 Sideburn Run - 150.0 Walden Glen
Walden Glen,Week5,Pleasant Valley,Week4,297.0 Walden Glen - 100.0 Pleasant Valley
Walden Glen,Week2,Sideburn Run,Week5,240.0 Sideburn Run - 162.0 Walden Glen
Walden Glen,Week2,Lakeview,Week5,249.0 Walden Glen - 144.0 Lakeview
Wakefield Chapel,Week1,Sully Station II,Week2,247.0 Wakefield Chapel - 155.0 Sully Station II
Walden Glen,Week1,Sleepy Hollow B & R,Week3,306.0 Sleepy Hollow B & R - 96.0 Walden Glen
Wakefield Chapel,Week4,Lake Braddock,Week5,350.0 Wakefield Chapel - 52.0 Lake Braddock
Walden Glen,Week3,Lakeview,Week3,255.0 Walden Glen - 147.0 Lakeview
Wakefield Chapel,Week5,Lake Braddock,Week3,369.0 Wakefield Chapel - 33.0 Lake Braddock
Wakefield Chapel,Week2,Ilda Community,Week1,339.0 Wakefield Chapel - 62.0 Ilda Community
Wakefield Chapel,Week5,Sully Station,Week3,256.0 Wakefield Chapel - 146.0 Sully Station
Wakefield Chapel,Week1,Fox Mill Estates,Week3,301.0 Wakefield Chapel - 101.0 Fox Mill Estates
Wakefield Chapel,Week1,Fox Mill Estates,Week4,292.0 Wakefield Chapel - 110.0 Fox Mill Estates
Wakefield Chapel,Week5,Lake Braddock,Week1,379.0 Wakefield Chapel - 23.0 Lake Braddock
Wakefield Chapel,Week3,Sully Station,Week2,252.0 Wakefield Chapel - 150.0 Sully Station
Walden Glen,Week5,Pleasant Valley,Week1,286.0 Walden Glen - 112.0 Pleasant Valley
Walden Glen,Week5,Sideburn Run,Week3,213.0 Sideburn Run - 189.0 Walden Glen
Wakefield Chapel,Week1,Ilda Community,Week3,347.0 Wakefield Chapel - 55.0 Ilda Community
Walden Glen,Week1,Lakeview,Week2,239.0 Walden Glen - 159.0 Lakeview
Wakefield Chapel,Week1,Ilda Community,Week1,342.0 Wakefield Chapel - 60.0 Ilda Community
Wakefield Chapel,Week5,Hunter Mill,Week3,268.0 Wakefield Chapel - 134.0 Hunter Mill
Wakefield Chapel,Week4,Lakevale Estates,Week3,208.0 Lakevale Estates - 194.0 Wakefield Chapel
Wakefield Chapel,Week1,Sully Station,Week1,235.0 Wakefield Chapel - 167.0 Sully Station
Wakefield Chapel,Week3,Sully Station II,Week2,235.0 Wakefield Chapel - 167.0 Sully Station II
Walden Glen,Week2,Poplar Heights,Week4,268.0 Poplar Heights - 134.0 Walden Glen
Wakefield Chapel,Week4,Lakevale Estates,Week2,212.0 Wakefield Chapel - 190.0 Lakevale Estates
Wakefield Chapel,Week1,Sully Station,Week4,262.0 Wakefield Chapel - 140.0 Sully Station
Walden Glen,Week5,Lakevale Estates,Week3,263.0 Lakevale Estates - 139.0 Walden Glen
Walden Glen,Week5,Lakevale Estates,Week5,297.0 Lakevale Estates - 105.0 Walden Glen
Walden Glen,Week4,Pleasant Valley,Week2,281.0 Walden Glen - 116.0 Pleasant Valley
Walden Glen,Week3,Sleepy Hollow B & R,Week2,293.0 Sleepy Hollow B & R - 109.0 Walden Glen
Wakefield Chapel,Week3,Sully Station II,Week4,268.0 Wakefield Chapel - 134.0 Sully Station II
Wakefield Chapel,Week3,Ilda Community,Week5,353.0 Wakefield Chapel - 49.0 Ilda Community
Wakefield Chapel,Week4,Sully Station II,Week1,224.0 Wakefield Chapel - 178.0 Sully Station II
Wakefield Chapel,Week1,Lakevale Estates,Week4,208.0 Wakefield Chapel - 194.0 Lakevale Estates
Walden Glen,Week5,Pleasant Valley,Week5,274.0 Walden Glen - 126.0 Pleasant Valley
Walden Glen,Week2,Lakeview,Week1,263.0 Walden Glen - 139.0 Lakeview
Wakefield Chapel,Week1,Ilda Community,Week4,344.0 Wakefield Chapel - 58.0 Ilda Community
Walden Glen,Week2,Sleepy Hollow B & R,Week3,274.0 Sleepy Hollow B & R - 127.0 Walden Glen
Wakefield Chapel,Week5,Lake Braddock,Week5,362.0 Wakefield Chapel - 40.0 Lake Braddock
Walden Glen,Week3,Pleasant Valley,Week5,259.0 Walden Glen - 142.0 Pleasant Valley
Walden Glen,Week1,Lakeview,Week4,204.0 Walden Glen - 198.0 Lakeview
Wakefield Chapel,Week5,Hunter Mill,Week4,259.0 Wakefield Chapel - 143.0 Hunter Mill
Wakefield Chapel,Week5,Lakevale Estates,Week1,247.0 Wakefield Chapel - 155.0 Lakevale Estates
Walden Glen,Week2,Sleepy Hollow B & R,Week2,283.0 Sleepy Hollow B & R - 119.0 Walden Glen
Walden Glen,Week1,Poplar Heights,Week2,302.0 Poplar Heights - 96.0 Walden Glen
Walden Glen,Week4,Lakevale Estates,Week5,296.0 Lakevale Estates - 106.0 Walden Glen
Wakefield Chapel,Week1,Sully Station II,Week3,222.0 Wakefield Chapel - 180.0 Sully Station II
Wakefield Chapel,Week3,Ilda Community,Week4,345.0 Wakefield Chapel - 57.0 Ilda Community
Walden Glen,Week1,Poplar Heights,Week3,305.0 Poplar Heights - 97.0 Walden Glen
Walden Glen,Week4,Pleasant Valley,Week1,272.0 Walden Glen - 126.0 Pleasant Valley
Walden Glen,Week2,Lakeview,Week2,288.0 Walden Glen - 113.0 Lakeview
Wakefield Chapel,Week2,Ilda Community,Week3,344.0 Wakefield Chapel - 58.0 Ilda Community
Wakefield Chapel,Week2,Ilda Community,Week5,341.0 Wakefield Chapel - 60.0 Ilda Community
Wakefield Chapel,Week3,Ilda Community,Week3,354.0 Wakefield Chapel - 48.0 Ilda Community
Wakefield Chapel,Week3,Lakevale Estates,Week4,207.5 Lakevale Estates - 194.5 Wakefield Chapel
Walden Glen,Week2,Sleepy Hollow B & R,Week4,290.0 Sleepy Hollow B & R - 112.0 Walden Glen
Walden Glen,Week1,Poplar Heights,Week5,302.0 Poplar Heights - 96.0 Walden Glen
Walden Glen,Week5,Lakevale Estates,Week2,271.0 Lakevale Estates - 131.0 Walden Glen
Wakefield Chapel,Week1,Lakevale Estates,Week2,244.0 Wakefield Chapel - 158.0 Lakevale Estates
Walden Glen,Week2,Sleepy Hollow B & R,Week5,289.0 Sleepy Hollow B & R - 112.0 Walden Glen
Walden Glen,Week1,Sleepy Hollow B & R,Week5,312.0 Sleepy Hollow B & R - 90.0 Walden Glen
Wakefield Chapel,Week1,Sully Station,Week3,252.0 Wakefield Chapel - 150.0 Sully Station
Walden Glen,Week3,Sleepy Hollow B & R,Week3,286.0 Sleepy Hollow B & R - 116.0 Walden Glen
Wakefield Chapel,Week4,Ilda Community,Week2,349.0 Wakefield Chapel - 53.0 Ilda Community
Walden Glen,Week4,Lakevale Estates,Week4,299.0 Lakevale Estates - 103.0 Walden Glen
Wakefield Chapel,Week2,Lakevale Estates,Week5,222.0 Lakevale Estates - 180.0 Wakefield Chapel
Wakefield Chapel,Week3,Lakevale Estates,Week2,236.0 Wakefield Chapel - 166.0 Lakevale Estates
Walden Glen,Week5,Pleasant Valley,Week3,273.0 Walden Glen - 128.0 Pleasant Valley
Walden Glen,Week3,Pleasant Valley,Week1,264.0 Walden Glen - 138.0 Pleasant Valley
Walden Glen,Week2,Poplar Heights,Week5,281.0 Poplar Heights - 121.0 Walden Glen
Walden Glen,Week2,Lakeview,Week4,239.0 Walden Glen - 163.0 Lakeview
Walden Glen,Week5,Lakevale Estates,Week1,252.0 Lakevale Estates - 150.0 Walden Glen
Wakefield Chapel,Week1,Sully Station,Week5,222.5 Wakefield Chapel - 179.5 Sully Station
Wakefield Chapel,Week3,Sully Station,Week5,222.0 Wakefield Chapel - 180.0 Sully Station
Wakefield Chapel,Week4,Ilda Community,Week1,340.0 Wakefield Chapel - 62.0 Ilda Community
Walden Glen,Week1,Sleepy Hollow Rec,Week5,218.0 Sleepy Hollow Rec - 184.0 Walden Glen
Wakefield Chapel,Week1,Lakevale Estates,Week3,217.0 Wakefield Chapel - 185.0 Lakevale Estates
Walden Glen,Week1,Lakeview,Week3,221.0 Walden Glen - 181.0 Lakeview
Wakefield Chapel,Week3,Sully Station,Week4,255.0 Wakefield Chapel - 147.0 Sully Station
Wakefield Chapel,Week5,Ilda Community,Week3,365.0 Wakefield Chapel - 37.0 Ilda Community
Wakefield Chapel,Week1,Kent Gardens,Week3,299.0 Wakefield Chapel - 103.0 Kent Gardens
Walden Glen,Week3,Sleepy Hollow B & R,Week4,287.0 Sleepy Hollow B & R - 115.0 Walden Glen
Walden Glen,Week1,Sleepy Hollow Rec,Week4,206.0 Walden Glen - 196.0 Sleepy Hollow Rec
Walden Glen,Week5,Sleepy Hollow B & R,Week2,251.0 Sleepy Hollow B & R - 151.0 Walden Glen
Wakefield Chapel,Week1,Kent Gardens,Week4,294.5 Wakefield Chapel - 107.5 Kent Gardens
Wakefield Chapel,Week2,Sully Station,Week5,206.5 Wakefield Chapel - 195.5 Sully Station
Wakefield Chapel,Week3,Lakevale Estates,Week5,207.0 Lakevale Estates - 195.0 Wakefield Chapel
Wakefield Chapel,Week3,Sully Station,Week1,234.5 Wakefield Chapel - 167.5 Sully Station
Walden Glen,Week2,Sleepy Hollow Rec,Week1,232.0 Walden Glen - 170.0 Sleepy Hollow Rec
Wakefield Chapel,Week4,Sully Station,Week1,214.0 Wakefield Chapel - 188.0 Sully Station
Walden Glen,Week1,Langley,Week5,301.0 Langley - 101.0 Walden Glen
Wakefield Chapel,Week3,Lakevale Estates,Week3,224.0 Wakefield Chapel - 178.0 Lakevale Estates
Wakefield Chapel,Week1,Kent Gardens,Week5,265.0 Wakefield Chapel - 137.0 Kent Gardens
Walden Glen,Week2,Poplar Heights,Week1,266.0 Poplar Heights - 136.0 Walden Glen
Walden Glen,Week3,Poplar Tree,Week3,266.0 Poplar Tree - 136.0 Walden Glen
Walden Glen,Week3,Lakeview,Week5,246.0 Walden Glen - 147.0 Lakeview
Wakefield Chapel,Week2,Sully Station,Week3,229.0 Wakefield Chapel - 173.0 Sully Station
Wakefield Chapel,Week2,Lakevale Estates,Week3,203.0 Lakevale Estates - 199.0 Wakefield Chapel
Wakefield Chapel,Week4,Sully Station,Week3,225.0 Wakefield Chapel - 177.0 Sully Station
Wakefield Chapel,Week4,Ilda Community,Week5,344.5 Wakefield Chapel - 57.5 Ilda Community
Wakefield Chapel,Week2,Lakevale Estates,Week4,230.0 Lakevale Estates - 172.0 Wakefield Chapel
Walden Glen,Week5,Lakeview,Week3,281.0 Walden Glen - 121.0 Lakeview
Wakefield Chapel,Week2,Kent Gardens,Week2,315.0 Wakefield Chapel - 87.0 Kent Gardens
Walden Glen,Week3,Poplar Heights,Week1,265.0 Poplar Heights - 137.0 Walden Glen
Walden Glen,Week2,Sleepy Hollow Rec,Week3,208.0 Walden Glen - 193.0 Sleepy Hollow Rec
Walden Glen,Week4,Sleepy Hollow B & R,Week3,263.0 Sleepy Hollow B & R - 139.0 Walden Glen
Walden Glen,Week4,Lakeview,Week3,268.0 Walden Glen - 134.0 Lakeview
Walden Glen,Week3,Poplar Tree,Week1,269.0 Poplar Tree - 133.0 Walden Glen
Wakefield Chapel,Week2,Sully Station,Week1,230.0 Wakefield Chapel - 172.0 Sully Station
Wakefield Chapel,Week2,Kent Gardens,Week3,297.0 Wakefield Chapel - 105.0 Kent Gardens
Walden Glen,Week2,Pleasant Valley,Week5,248.0 Walden Glen - 152.0 Pleasant Valley
Walden Glen,Week2,Sleepy Hollow Rec,Week2,229.0 Walden Glen - 172.0 Sleepy Hollow Rec
Walden Glen,Week1,Poplar Tree,Week2,284.0 Poplar Tree - 118.0 Walden Glen
Wakefield Chapel,Week1,Lakevale Estates,Week1,239.0 Wakefield Chapel - 163.0 Lakevale Estates
Walden Glen,Week5,Lakeview,Week2,305.0 Walden Glen - 97.0 Lakeview
Walden Glen,Week2,Sleepy Hollow Rec,Week4,234.0 Walden Glen - 167.0 Sleepy Hollow Rec
Wakefield Chapel,Week3,Lakevale Estates,Week1,236.0 Wakefield Chapel - 166.0 Lakevale Estates
Walden Glen,Week4,Poplar Heights,Week2,258.0 Poplar Heights - 144.0 Walden Glen
Walden Glen,Week5,Lakeview,Week5,288.0 Walden Glen - 105.0 Lakeview
Wakefield Chapel,Week2,Lakevale Estates,Week1,225.0 Wakefield Chapel - 177.0 Lakevale Estates
Walden Glen,Week3,Poplar Heights,Week3,287.0 Poplar Heights - 115.0 Walden Glen
Walden Glen,Week4,Langley,Week5,281.0 Langley - 121.0 Walden Glen
Wakefield Chapel,Week3,Ilda Community,Week1,348.0 Wakefield Chapel - 54.0 Ilda Community
Walden Glen,Week4,Poplar Tree,Week1,262.0 Poplar Tree - 140.0 Walden Glen
Wakefield Chapel,Week5,Ilda Community,Week1,351.0 Wakefield Chapel - 50.0 Ilda Community
Walden Glen,Week3,Langley,Week5,294.0 Langley - 108.0 Walden Glen
Wakefield Chapel,Week5,Sully Station,Week1,245.0 Wakefield Chapel - 157.0 Sully Station
Wakefield Chapel,Week2,Kent Gardens,Week4,290.0 Wakefield Chapel - 112.0 Kent Gardens
Wakefield Chapel,Week4,Lakevale Estates,Week1,223.0 Wakefield Chapel - 179.0 Lakevale Estates
Walden Glen,Week4,Poplar Heights,Week5,279.0 Poplar Heights - 123.0 Walden Glen
Wakefield Chapel,Week2,Lakevale Estates,Week2,226.0 Wakefield Chapel - 176.0 Lakevale Estates
Walden Glen,Week3,Sleepy Hollow Rec,Week2,227.0 Walden Glen - 174.0 Sleepy Hollow Rec
Walden Glen,Week1,Langley,Week3,313.0 Langley - 89.0 Walden Glen
Wakefield Chapel,Week5,Ilda Community,Week5,365.0 Wakefield Chapel - 36.0 Ilda Community
Wakefield Chapel,Week5,Lake Braddock,Week4,376.0 Wakefield Chapel - 26.0 Lake Braddock
Walden Glen,Week5,Sleepy Hollow B & R,Week1,238.0 Sleepy Hollow B & R - 164.0 Walden Glen
Walden Glen,Week4,Poplar Tree,Week3,255.0 Poplar Tree - 147.0 Walden Glen
Walden Glen,Week4,Poplar Heights,Week3,270.0 Poplar Heights - 132.0 Walden Glen
Walden Glen,Week2,Langley,Week5,278.0 Langley - 124.0 Walden Glen
Wakefield Chapel,Week4,Sully Station,Week4,235.5 Wakefield Chapel - 166.5 Sully Station
Wakefield Chapel,Week5,Sully Station,Week4,265.0 Wakefield Chapel - 137.0 Sully Station
Wakefield Chapel,Week5,Ilda Community,Week4,355.0 Wakefield Chapel - 47.0 Ilda Community
Walden Glen,Week4,Langley,Week4,292.5 Langley - 109.5 Walden Glen
Walden Glen,Week5,Poplar Heights,Week1,225.0 Poplar Heights - 177.0 Walden Glen
Walden Glen,Week2,Sleepy Hollow Rec,Week5,214.0 Walden Glen - 188.0 Sleepy Hollow Rec
Wakefield Chapel,Week5,Sully Station,Week5,225.0 Wakefield Chapel - 177.0 Sully Station
Wakefield Chapel,Week4,Lakevale Estates,Week5,225.0 Lakevale Estates - 177.0 Wakefield Chapel
Walden Glen,Week3,Sleepy Hollow Rec,Week1,234.0 Walden Glen - 168.0 Sleepy Hollow Rec
Walden Glen,Week3,Sleepy Hollow Rec,Week4,236.0 Walden Glen - 166.0 Sleepy Hollow Rec
Wakefield Chapel,Week1,Sully Station II,Week5,215.0 Wakefield Chapel - 187.0 Sully Station II
Wakefield Chapel,Week1,Sully Station II,Week4,278.0 Wakefield Chapel - 124.0 Sully Station II
Wakefield Chapel,Week3,Ilda Community,Week2,358.0 Wakefield Chapel - 44.0 Ilda Community
Walden Glen,Week4,Langley,Week2,282.0 Langley - 120.0 Walden Glen
Wakefield Chapel,Week2,Sully Station II,Week3,205.0 Sully Station II - 197.0 Wakefield Chapel
Wakefield Chapel,Week2,Sully Station II,Week2,212.0 Wakefield Chapel - 190.0 Sully Station II
Walden Glen,Week3,Sleepy Hollow Rec,Week5,223.0 Walden Glen - 178.0 Sleepy Hollow Rec
Wakefield Chapel,Week4,Lakevale Estates,Week4,228.0 Lakevale Estates - 174.0 Wakefield Chapel
Wakefield Chapel,Week2,Kent Gardens,Week1,274.0 Wakefield Chapel - 128.0 Kent Gardens
Wakefield Chapel,Week1,Lakevale Estates,Week5,209.0 Wakefield Chapel - 193.0 Lakevale Estates
Walden Glen,Week4,Sleepy Hollow B & R,Week1,245.0 Sleepy Hollow B & R - 157.0 Walden Glen
Walden Glen,Week3,Sleepy Hollow Rec,Week3,202.0 Sleepy Hollow Rec - 200.0 Walden Glen
Wakefield Chapel,Week4,Ilda Community,Week4,334.0 Wakefield Chapel - 68.0 Ilda Community
Walden Glen,Week2,Langley,Week1,293.0 Langley - 109.0 Walden Glen
Wakefield Chapel,Week1,Kent Gardens,Week2,313.0 Wakefield Chapel - 89.0 Kent Gardens
Wakefield Chapel,Week3,Sully Station II,Week3,228.0 Wakefield Chapel - 174.0 Sully Station II
Walden Glen,Week1,Langley,Week1,317.0 Langley - 85.0 Walden Glen
Wakefield Chapel,Week5,Ilda Community,Week2,364.0 Wakefield Chapel - 38.0 Ilda Community
Wakefield Chapel,Week1,Kent Gardens,Week1,281.0 Wakefield Chapel - 121.0 Kent Gardens
Walden Glen,Week4,Langley,Week3,291.5 Langley - 110.5 Walden Glen
Walden Glen,Week2,Laurel Hill,Week3,229.0 Walden Glen - 173.0 Laurel Hill
Walden Glen,Week3,Laurel Hill,Week3,223.0 Walden Glen - 178.0 Laurel Hill
Wakefield Chapel,Week3,Sully Station II,Week1,250.0 Wakefield Chapel - 152.0 Sully Station II
Walden Glen,Week5,Sleepy Hollow B & R,Week4,255.0 Sleepy Hollow B & R - 147.0 Walden Glen
Walden Glen,Week4,Sleepy Hollow Rec,Week2,238.5 Walden Glen - 163.5 Sleepy Hollow Rec
Walden Glen,Week4,Sleepy Hollow Rec,Week1,230.5 Walden Glen - 171.5 Sleepy Hollow Rec
Walden Glen,Week3,Poplar Heights,Week4,268.5 Poplar Heights - 133.5 Walden Glen
Wakefield Chapel,Week2,Sully Station II,Week5,222.0 Sully Station II - 180.0 Wakefield Chapel
Walden Glen,Week5,Sleepy Hollow B & R,Week3,255.0 Sleepy Hollow B & R - 147.0 Walden Glen
Walden Glen,Week5,Poplar Heights,Week4,245.0 Poplar Heights - 157.0 Walden Glen
Wakefield Chapel,Week4,Ilda Community,Week3,340.0 Wakefield Chapel - 62.0 Ilda Community
Walden Glen,Week5,Poplar Heights,Week3,249.0 Poplar Heights - 153.0 Walden Glen
Wakefield Chapel,Week2,Sully Station II,Week4,257.5 Wakefield Chapel - 144.5 Sully Station II
Walden Glen,Week5,Poplar Heights,Week2,237.0 Poplar Heights - 165.0 Walden Glen
Wakefield Chapel,Week5,Sully Station II,Week4,288.0 Wakefield Chapel - 114.0 Sully Station II
Walden Glen,Week4,Sleepy Hollow B & R,Week4,263.0 Sleepy Hollow B & R - 139.0 Walden Glen
Walden Glen,Week4,Langley,Week1,288.0 Langley - 114.0 Walden Glen
Walden Glen,Week3,Poplar Heights,Week5,290.0 Poplar Heights - 112.0 Walden Glen
Walden Glen,Week2,Langley,Week3,293.0 Langley - 109.0 Walden Glen
Wakefield Chapel,Week5,High Point Pool,Week1,286.0 Wakefield Chapel - 116.0 High Point Pool
Walden Glen,Week1,Sleepy Hollow Rec,Week1,211.0 Sleepy Hollow Rec - 191.0 Walden Glen
Wakefield Chapel,Week4,Sully Station II,Week2,213.0 Wakefield Chapel - 189.0 Sully Station II
Wakefield Chapel,Week1,Highland Park,Week3,303.0 Wakefield Chapel - 99.0 Highland Park
Wakefield Chapel,Week3,Highland Park,Week1,281.0 Wakefield Chapel - 121.0 Highland Park
Walden Glen,Week1,Poplar Tree,Week3,300.0 Poplar Tree - 101.0 Walden Glen
Walden Glen,Week1,Laurel Hill,Week4,207.0 Walden Glen - 195.0 Laurel Hill
Walden Glen,Week1,Poplar Tree,Week1,286.0 Poplar Tree - 116.0 Walden Glen
Wakefield Chapel,Week5,Highland Park,Week2,318.0 Wakefield Chapel - 84.0 Highland Park
Wakefield Chapel,Week5,Sully Station II,Week1,272.0 Wakefield Chapel - 130.0 Sully Station II
Wakefield Chapel,Week1,Highland Park,Week2,306.0 Wakefield Chapel - 96.0 Highland Park
Walden Glen,Week1,Poplar Tree,Week5,307.0 Poplar Tree - 95.0 Walden Glen
Walden Glen,Week4,Sleepy Hollow B & R,Week2,254.0 Sleepy Hollow B & R - 148.0 Walden Glen
Wakefield Chapel,Week1,Truro,Week1,350.0 Wakefield Chapel - 52.0 Truro
Walden Glen,Week1,Poplar Tree,Week4,267.0 Poplar Tree - 135.0 Walden Glen
Walden Glen,Week5,Sleepy Hollow B & R,Week5,266.0 Sleepy Hollow B & R - 136.0 Walden Glen
Walden Glen,Week3,Laurel Hill,Week1,246.0 Walden Glen - 153.0 Laurel Hill
Walden Glen,Week2,Langley,Week4,301.0 Langley - 101.0 Walden Glen
Walden Glen,Week2,Laurel Hill,Week2,257.0 Walden Glen - 141.0 Laurel Hill
Wakefield Chapel,Week5,Highland Park,Week4,319.0 Wakefield Chapel - 83.0 Highland Park
Wakefield Chapel,Week2,Highland Park,Week2,301.0 Wakefield Chapel - 101.0 Highland Park
Walden Glen,Week2,Laurel Hill,Week5,200.0 Laurel Hill - 200.0 Walden Glen
Wakefield Chapel,Week1,Truro,Week2,356.0 Wakefield Chapel - 46.0 Truro
Walden Glen,Week1,Sleepy Hollow Rec,Week2,204.0 Walden Glen - 198.0 Sleepy Hollow Rec
Wakefield Chapel,Week1,Truro,Week3,346.0 Wakefield Chapel - 56.0 Truro
Walden Glen,Week4,Sleepy Hollow B & R,Week5,277.0 Sleepy Hollow B & R - 125.0 Walden Glen
Wakefield Chapel,Week3,Sully Station II,Week5,217.0 Wakefield Chapel - 185.0 Sully Station II
Walden Glen,Week2,Poplar Tree,Week2,252.0 Poplar Tree - 150.0 Walden Glen
Walden Glen,Week4,Poplar Heights,Week4,268.0 Poplar Heights - 134.0 Walden Glen
Walden Glen,Week1,Langley,Week2,305.0 Langley - 97.0 Walden Glen
Walden Glen,Week3,Langley,Week3,304.0 Langley - 98.0 Walden Glen
Wakefield Chapel,Week5,Sully Station II,Week2,259.5 Wakefield Chapel - 142.5 Sully Station II
Walden Glen,Week2,Somerset-Olde Creek,Week3,286.0 Walden Glen - 105.0 Somerset-Olde Creek
Wakefield Chapel,Week4,Sully Station II,Week4,259.0 Wakefield Chapel - 143.0 Sully Station II
Wakefield Chapel,Week1,Great Falls,Week5,282.0 Wakefield Chapel - 120.0 Great Falls
Walden Glen,Week3,Langley,Week2,298.0 Langley - 104.0 Walden Glen
Walden Glen,Week5,Poplar Heights,Week5,251.0 Poplar Heights - 151.0 Walden Glen
Walden Glen,Week4,Poplar Heights,Week1,259.0 Poplar Heights - 143.0 Walden Glen
Wakefield Chapel,Week4,Great Falls,Week2,266.0 Wakefield Chapel - 118.0 Great Falls
Wakefield Chapel,Week1,Truro,Week4,323.0 Wakefield Chapel - 79.0 Truro
Walden Glen,Week1,Sleepy Hollow Rec,Week3,214.0 Sleepy Hollow Rec - 188.0 Walden Glen
Wakefield Chapel,Week5,High Point Pool,Week2,266.0 Wakefield Chapel - 136.0 High Point Pool
Walden Glen,Week3,Somerset-Olde Creek,Week2,296.0 Walden Glen - 105.0 Somerset-Olde Creek
Wakefield Chapel,Week1,Greenbriar,Week4,290.0 Wakefield Chapel - 112.0 Greenbriar
Walden Glen,Week2,Poplar Tree,Week4,252.0 Poplar Tree - 150.0 Walden Glen
Wakefield Chapel,Week2,Great Falls,Week4,295.0 Wakefield Chapel - 107.0 Great Falls
Walden Glen,Week5,Langley,Week5,265.0 Langley - 137.0 Walden Glen
Walden Glen,Week3,Somerset-Olde Creek,Week1,273.0 Walden Glen - 121.0 Somerset-Olde Creek
Wakefield Chapel,Week3,Brookfield ,Week2,309.0 Wakefield Chapel - 93.0 Brookfield
Wakefield Chapel,Week3,Highland Park,Week2,301.0 Wakefield Chapel - 101.0 Highland Park
Wakefield Chapel,Week1,Truro,Week5,335.5 Wakefield Chapel - 66.5 Truro
Wakefield Chapel,Week5,Fox Mill Woods,Week5,258.0 Wakefield Chapel - 144.0 Fox Mill Woods
Wakefield Chapel,Week1,Highlands Swim,Week5,251.0 Highlands Swim - 151.0 Wakefield Chapel
Wakefield Chapel,Week4,Sully Station II,Week5,210.0 Sully Station II - 192.0 Wakefield Chapel
Wakefield Chapel,Week3,Highland Park,Week3,297.0 Wakefield Chapel - 105.0 Highland Park
Walden Glen,Week1,Somerset-Olde Creek,Week5,243.0 Walden Glen - 154.0 Somerset-Olde Creek
Walden Glen,Week1,Somerset-Olde Creek,Week1,255.0 Walden Glen - 136.0 Somerset-Olde Creek
Wakefield Chapel,Week2,Truro,Week1,340.0 Wakefield Chapel - 62.0 Truro
Walden Glen,Week2,Poplar Tree,Week1,277.0 Poplar Tree - 125.0 Walden Glen
Walden Glen,Week2,Langley,Week2,280.0 Langley - 122.0 Walden Glen
Wakefield Chapel,Week2,Greenbriar,Week1,267.0 Wakefield Chapel - 135.0 Greenbriar
Walden Glen,Week2,Poplar Tree,Week3,279.0 Poplar Tree - 123.0 Walden Glen
Wakefield Chapel,Week2,Highland Park,Week3,283.0 Wakefield Chapel - 119.0 Highland Park
Walden Glen,Week2,Poplar Tree,Week5,289.0 Poplar Tree - 112.0 Walden Glen
Walden Glen,Week3,Langley,Week1,309.0 Langley - 93.0 Walden Glen
Wakefield Chapel,Week2,Great Falls,Week2,283.0 Wakefield Chapel - 101.0 Great Falls
Wakefield Chapel,Week2,Highland Park,Week1,271.0 Wakefield Chapel - 131.0 Highland Park
Walden Glen,Week5,Sleepy Hollow Rec,Week3,244.0 Walden Glen - 158.0 Sleepy Hollow Rec
Wakefield Chapel,Week3,Highland Park,Week4,303.0 Wakefield Chapel - 99.0 Highland Park
Wakefield Chapel,Week2,Truro,Week2,344.0 Wakefield Chapel - 58.0 Truro
Walden Glen,Week3,Poplar Tree,Week2,261.0 Poplar Tree - 141.0 Walden Glen
Walden Glen,Week1,Langley,Week4,313.0 Langley - 89.0 Walden Glen
Wakefield Chapel,Week1,Brookfield ,Week2,309.0 Wakefield Chapel - 93.0 Brookfield
Walden Glen,Week3,Poplar Tree,Week4,247.0 Poplar Tree - 155.0 Walden Glen
Walden Glen,Week1,Somerset-Olde Creek,Week3,279.0 Walden Glen - 116.0 Somerset-Olde Creek
Wakefield Chapel,Week4,Brookfield ,Week3,300.0 Wakefield Chapel - 102.0 Brookfield
Walden Glen,Week5,Langley,Week3,268.0 Langley - 134.0 Walden Glen
Walden Glen,Week5,Sleepy Hollow Rec,Week5,251.0 Walden Glen - 151.0 Sleepy Hollow Rec
Walden Glen,Week3,Langley,Week4,304.0 Langley - 98.0 Walden Glen
Wakefield Chapel,Week4,High Point Pool,Week5,248.0 Wakefield Chapel - 154.0 High Point Pool
Wakefield Chapel,Week2,Great Falls,Week1,310.0 Wakefield Chapel - 92.0 Great Falls
Walden Glen,Week4,Poplar Tree,Week2,250.0 Poplar Tree - 147.0 Walden Glen
Walden Glen,Week5,Sleepy Hollow Rec,Week2,271.0 Walden Glen - 131.0 Sleepy Hollow Rec
Wakefield Chapel,Week2,Truro,Week3,340.0 Wakefield Chapel - 62.0 Truro
Walden Glen,Week3,Poplar Tree,Week5,287.0 Poplar Tree - 115.0 Walden Glen
Walden Glen,Week1,Somerset-Olde Creek,Week4,256.0 Walden Glen - 142.0 Somerset-Olde Creek
Wakefield Chapel,Week5,Fox Mill Woods,Week4,268.0 Wakefield Chapel - 134.0 Fox Mill Woods
Walden Glen,Week4,Poplar Tree,Week5,278.0 Poplar Tree - 124.0 Walden Glen
Wakefield Chapel,Week2,Truro,Week5,338.0 Wakefield Chapel - 64.0 Truro
Wakefield Chapel,Week2,Truro,Week4,331.0 Wakefield Chapel - 71.0 Truro
Wakefield Chapel,Week1,Highlands Swim,Week4,229.0 Highlands Swim - 173.0 Wakefield Chapel
Wakefield Chapel,Week5,Great Falls,Week3,297.0 Wakefield Chapel - 105.0 Great Falls
Wakefield Chapel,Week2,Highland Park,Week5,288.0 Wakefield Chapel - 114.0 Highland Park
Wakefield Chapel,Week2,Brookfield ,Week1,287.0 Wakefield Chapel - 115.0 Brookfield
Walden Glen,Week5,Langley,Week4,275.0 Langley - 127.0 Walden Glen
Wakefield Chapel,Week5,High Point Pool,Week4,280.0 Wakefield Chapel - 122.0 High Point Pool
Wakefield Chapel,Week5,Sully Station II,Week3,254.0 Wakefield Chapel - 148.0 Sully Station II
Wakefield Chapel,Week3,Truro,Week2,353.0 Wakefield Chapel - 49.0 Truro
Wakefield Chapel,Week3,Truro,Week1,340.0 Wakefield Chapel - 62.0 Truro
Wakefield Chapel,Week2,Highland Park,Week4,301.0 Wakefield Chapel - 101.0 Highland Park
Walden Glen,Week5,Poplar Tree,Week1,256.0 Poplar Tree - 146.0 Walden Glen
Walden Glen,Week1,Laurel Hill,Week3,210.0 Walden Glen - 191.0 Laurel Hill
Walden Glen,Week5,Ravensworth Farm,Week2,202.0 Ravensworth Farm - 200.0 Walden Glen
Wakefield Chapel,Week3,Great Falls,Week5,286.0 Wakefield Chapel - 116.0 Great Falls
Wakefield Chapel,Week3,Truro,Week3,339.0 Wakefield Chapel - 63.0 Truro
Walden Glen,Week1,Laurel Hill,Week1,212.0 Walden Glen - 185.0 Laurel Hill
Wakefield Chapel,Week5,Sully Station II,Week5,234.0 Wakefield Chapel - 168.0 Sully Station II
Walden Glen,Week5,Poplar Tree,Week2,246.0 Poplar Tree - 156.0 Walden Glen
Wakefield Chapel,Week1,Highland Park,Week1,290.0 Wakefield Chapel - 112.0 Highland Park
Wakefield Chapel,Week1,Highland Park,Week5,310.0 Wakefield Chapel - 92.0 Highland Park
Walden Glen,Week4,Poplar Tree,Week4,241.0 Poplar Tree - 161.0 Walden Glen
Wakefield Chapel,Week4,Highland Park,Week4,279.0 Wakefield Chapel - 123.0 Highland Park
Walden Glen,Week3,Somerset-Olde Creek,Week4,281.0 Walden Glen - 120.0 Somerset-Olde Creek
Wakefield Chapel,Week1,Great Falls,Week2,292.0 Wakefield Chapel - 92.0 Great Falls
Wakefield Chapel,Week1,Great Falls,Week1,306.0 Wakefield Chapel - 91.0 Great Falls
Walden Glen,Week4,Ravensworth Farm,Week4,255.0 Ravensworth Farm - 147.0 Walden Glen
Walden Glen,Week4,Somerset-Olde Creek,Week1,286.0 Walden Glen - 105.0 Somerset-Olde Creek
Walden Glen,Week1,Laurel Hill,Week2,238.0 Walden Glen - 159.0 Laurel Hill
Walden Glen,Week2,Somerset-Olde Creek,Week1,266.0 Walden Glen - 121.0 Somerset-Olde Creek
Wakefield Chapel,Week3,Great Falls,Week1,311.0 Wakefield Chapel - 91.0 Great Falls
Wakefield Chapel,Week1,Great Falls,Week3,293.5 Wakefield Chapel - 108.5 Great Falls
Walden Glen,Week5,Langley,Week2,267.0 Langley - 135.0 Walden Glen
Wakefield Chapel,Week2,Brookfield ,Week4,286.0 Wakefield Chapel - 116.0 Brookfield
Walden Glen,Week4,Sleepy Hollow Rec,Week3,213.0 Walden Glen - 189.0 Sleepy Hollow Rec
Wakefield Chapel,Week4,Highland Park,Week3,282.0 Wakefield Chapel - 120.0 Highland Park
Walden Glen,Week5,Langley,Week1,272.0 Langley - 130.0 Walden Glen
Wakefield Chapel,Week2,Brookfield ,Week5,301.0 Wakefield Chapel - 101.0 Brookfield
Walden Glen,Week3,Somerset-Olde Creek,Week3,301.0 Walden Glen - 96.0 Somerset-Olde Creek
Walden Glen,Week1,Laurel Hill,Week5,222.5 Laurel Hill - 178.5 Walden Glen
Wakefield Chapel,Week5,High Point Pool,Week3,293.5 Wakefield Chapel - 108.5 High Point Pool
Wakefield Chapel,Week4,Sully Station II,Week3,201.0 Sully Station II - 201.0 Wakefield Chapel
Wakefield Chapel,Week2,Tuckahoe,Week3,307.0 Tuckahoe - 95.0 Wakefield Chapel
Walden Glen,Week2,Laurel Hill,Week4,230.0 Walden Glen - 172.0 Laurel Hill
Walden Glen,Week3,Laurel Hill,Week2,256.0 Walden Glen - 142.0 Laurel Hill
Wakefield Chapel,Week4,Highland Park,Week1,268.0 Wakefield Chapel - 134.0 Highland Park
Wakefield Chapel,Week1,Brookfield ,Week5,315.0 Wakefield Chapel - 87.0 Brookfield
Wakefield Chapel,Week3,Great Falls,Week2,285.0 Wakefield Chapel - 99.0 Great Falls
Walden Glen,Week5,Somerset-Olde Creek,Week2,321.0 Walden Glen - 80.0 Somerset-Olde Creek
Walden Glen,Week3,Laurel Hill,Week4,232.0 Walden Glen - 170.0 Laurel Hill
Wakefield Chapel,Week3,Brookfield ,Week1,291.0 Wakefield Chapel - 111.0 Brookfield
Walden Glen,Week1,Ravensworth Farm,Week5,301.0 Ravensworth Farm - 101.0 Walden Glen
Walden Glen,Week1,Ravensworth Farm,Week4,289.0 Ravensworth Farm - 112.0 Walden Glen
Wakefield Chapel,Week2,Brookfield ,Week2,300.0 Wakefield Chapel - 102.0 Brookfield
Wakefield Chapel,Week2,Brookfield ,Week3,306.0 Wakefield Chapel - 96.0 Brookfield
Walden Glen,Week5,Ravensworth Farm,Week1,230.0 Ravensworth Farm - 172.0 Walden Glen
Walden Glen,Week1,Lee Graham,Week4,308.0 Lee Graham - 94.0 Walden Glen
Wakefield Chapel,Week3,Great Falls,Week4,298.0 Wakefield Chapel - 104.0 Great Falls
Walden Glen,Week4,Sleepy Hollow Rec,Week5,233.0 Walden Glen - 169.0 Sleepy Hollow Rec
Walden Glen,Week2,South Run,Week3,220.0 South Run - 182.0 Walden Glen
Wakefield Chapel,Week5,Highland Park,Week1,295.0 Wakefield Chapel - 107.0 Highland Park
Walden Glen,Week2,Somerset-Olde Creek,Week2,288.0 Walden Glen - 106.0 Somerset-Olde Creek
Wakefield Chapel,Week1,Great Falls,Week4,299.0 Wakefield Chapel - 103.0 Great Falls
Wakefield Chapel,Week2,Great Falls,Week5,276.0 Wakefield Chapel - 126.0 Great Falls
Wakefield Chapel,Week3,Truro,Week4,333.0 Wakefield Chapel - 69.0 Truro
Wakefield Chapel,Week3,Brookfield ,Week3,313.0 Wakefield Chapel - 89.0 Brookfield
Wakefield Chapel,Week4,Great Falls,Week5,260.0 Wakefield Chapel - 142.0 Great Falls
Wakefield Chapel,Week2,Great Falls,Week3,281.0 Wakefield Chapel - 121.0 Great Falls
Walden Glen,Week2,Laurel Hill,Week1,238.5 Walden Glen - 158.5 Laurel Hill
Wakefield Chapel,Week5,High Point Pool,Week5,278.0 Wakefield Chapel - 124.0 High Point Pool
Walden Glen,Week1,Riverside Gardens,Week2,290.0 Riverside Gardens - 111.0 Walden Glen
Wakefield Chapel,Week4,Great Falls,Week3,279.0 Wakefield Chapel - 123.0 Great Falls
Wakefield Chapel,Week1,Highland Park,Week4,307.5 Wakefield Chapel - 94.5 Highland Park
Walden Glen,Week1,Lee Graham,Week2,320.0 Lee Graham - 82.0 Walden Glen
Wakefield Chapel,Week4,Highland Park,Week5,285.0 Wakefield Chapel - 117.0 Highland Park
Wakefield Chapel,Week3,Tuckahoe,Week5,285.0 Tuckahoe - 117.0 Wakefield Chapel
Walden Glen,Week2,Ravensworth Farm,Week1,261.5 Ravensworth Farm - 140.5 Walden Glen
Walden Glen,Week4,Sleepy Hollow Rec,Week4,234.0 Walden Glen - 168.0 Sleepy Hollow Rec
Walden Glen,Week2,Somerset-Olde Creek,Week4,276.0 Walden Glen - 125.0 Somerset-Olde Creek
Wakefield Chapel,Week3,Tuckahoe,Week1,259.0 Tuckahoe - 143.0 Wakefield Chapel
Walden Glen,Week2,Riverside Gardens,Week2,261.0 Riverside Gardens - 141.0 Walden Glen
Wakefield Chapel,Week4,Tuckahoe,Week3,302.0 Tuckahoe - 100.0 Wakefield Chapel
Walden Glen,Week2,South Run,Week5,244.0 South Run - 158.0 Walden Glen
Wakefield Chapel,Week1,Brookfield ,Week4,295.0 Wakefield Chapel - 107.0 Brookfield
Walden Glen,Week1,Riverside Gardens,Week4,324.0 Riverside Gardens - 78.0 Walden Glen
Wakefield Chapel,Week1,Tuckahoe,Week1,241.0 Tuckahoe - 161.0 Wakefield Chapel
Wakefield Chapel,Week4,Highland Park,Week2,282.0 Wakefield Chapel - 120.0 Highland Park
Wakefield Chapel,Week5,Tuckahoe,Week2,250.0 Tuckahoe - 152.0 Wakefield Chapel
Walden Glen,Week5,Laurel Hill,Week1,262.0 Walden Glen - 139.0 Laurel Hill
Wakefield Chapel,Week5,Highland Park,Week3,322.0 Wakefield Chapel - 80.0 Highland Park
Walden Glen,Week2,Somerset-Olde Creek,Week5,267.0 Walden Glen - 129.0 Somerset-Olde Creek
Wakefield Chapel,Week3,Tuckahoe,Week4,298.0 Tuckahoe - 104.0 Wakefield Chapel
Wakefield Chapel,Week3,Highland Park,Week5,297.0 Wakefield Chapel - 105.0 Highland Park
Wakefield Chapel,Week4,Truro,Week1,336.0 Wakefield Chapel - 66.0 Truro
Walden Glen,Week5,Poplar Tree,Week5,276.0 Poplar Tree - 126.0 Walden Glen
Walden Glen,Week2,Lee Graham,Week2,302.0 Lee Graham - 99.0 Walden Glen
Wakefield Chapel,Week1,Brookfield ,Week3,329.0 Wakefield Chapel - 73.0 Brookfield
Wakefield Chapel,Week1,Brookfield ,Week1,295.0 Wakefield Chapel - 107.0 Brookfield
Wakefield Chapel,Week5,Great Falls,Week4,310.0 Wakefield Chapel - 92.0 Great Falls
Wakefield Chapel,Week3,Great Falls,Week3,282.0 Wakefield Chapel - 120.0 Great Falls
Wakefield Chapel,Week1,Chesterbrook,Week2,275.0 Chesterbrook - 127.0 Wakefield Chapel
Wakefield Chapel,Week5,Great Falls,Week1,318.0 Wakefield Chapel - 84.0 Great Falls
Walden Glen,Week5,Sleepy Hollow Rec,Week1,264.0 Walden Glen - 138.0 Sleepy Hollow Rec
Walden Glen,Week2,Lee Graham,Week1,285.0 Lee Graham - 117.0 Walden Glen
Walden Glen,Week4,Ravensworth Farm,Week3,257.0 Ravensworth Farm - 144.0 Walden Glen
Walden Glen,Week1,Somerset-Olde Creek,Week2,265.0 Walden Glen - 128.0 Somerset-Olde Creek
Walden Glen,Week4,Somerset-Olde Creek,Week3,300.0 Walden Glen - 94.0 Somerset-Olde Creek
Walden Glen,Week5,Poplar Tree,Week4,237.0 Poplar Tree - 165.0 Walden Glen
Wakefield Chapel,Week3,Brookfield ,Week4,296.0 Wakefield Chapel - 106.0 Brookfield
Wakefield Chapel,Week2,Cardinal Hill,Week2,254.0 Wakefield Chapel - 148.0 Cardinal Hill
Walden Glen,Week5,Sleepy Hollow Rec,Week4,271.0 Walden Glen - 131.0 Sleepy Hollow Rec
Walden Glen,Week2,Lee Graham,Week3,312.5 Lee Graham - 89.5 Walden Glen
Walden Glen,Week4,Somerset-Olde Creek,Week2,293.0 Walden Glen - 103.0 Somerset-Olde Creek
Wakefield Chapel,Week5,Truro,Week5,352.0 Wakefield Chapel - 50.0 Truro
Wakefield Chapel,Week4,Great Falls,Week1,298.0 Wakefield Chapel - 104.0 Great Falls
Wakefield Chapel,Week5,Truro,Week3,360.0 Wakefield Chapel - 42.0 Truro
Wakefield Chapel,Week5,Great Falls,Week5,285.0 Wakefield Chapel - 117.0 Great Falls
Walden Glen,Week2,Lee Graham,Week4,300.0 Lee Graham - 102.0 Walden Glen
Wakefield Chapel,Week3,Cardinal Hill,Week1,247.0 Wakefield Chapel - 155.0 Cardinal Hill
Walden Glen,Week1,Ravensworth Farm,Week2,256.0 Ravensworth Farm - 146.0 Walden Glen
Walden Glen,Week5,Somerset-Olde Creek,Week1,318.0 Walden Glen - 78.0 Somerset-Olde Creek
Wakefield Chapel,Week2,Tuckahoe,Week4,302.0 Tuckahoe - 100.0 Wakefield Chapel
Wakefield Chapel,Week1,Highlands Swim,Week2,257.0 Highlands Swim - 145.0 Wakefield Chapel
Walden Glen,Week4,Laurel Hill,Week1,264.0 Walden Glen - 137.0 Laurel Hill
Wakefield Chapel,Week5,Highland Park,Week5,313.0 Wakefield Chapel - 89.0 Highland Park
Walden Glen,Week3,Ravensworth Farm,Week4,263.0 Ravensworth Farm - 139.0 Walden Glen
Wakefield Chapel,Week1,Greenbriar,Week1,270.0 Wakefield Chapel - 132.0 Greenbriar
Walden Glen,Week5,Poplar Tree,Week3,251.0 Poplar Tree - 151.0 Walden Glen
Wakefield Chapel,Week4,Brookfield ,Week1,288.0 Wakefield Chapel - 114.0 Brookfield
Wakefield Chapel,Week2,Cardinal Hill,Week3,210.0 Wakefield Chapel - 192.0 Cardinal Hill
Wakefield Chapel,Week1,Highlands Swim,Week3,234.0 Highlands Swim - 168.0 Wakefield Chapel
Walden Glen,Week5,Laurel Hill,Week4,261.0 Walden Glen - 141.0 Laurel Hill
Wakefield Chapel,Week4,Great Falls,Week4,288.0 Wakefield Chapel - 114.0 Great Falls
Wakefield Chapel,Week1,Cardinal Hill,Week1,254.0 Wakefield Chapel - 148.0 Cardinal Hill
Wakefield Chapel,Week3,Tuckahoe,Week2,253.0 Tuckahoe - 149.0 Wakefield Chapel
Walden Glen,Week3,Ravensworth Farm,Week2,236.0 Ravensworth Farm - 166.0 Walden Glen
Wakefield Chapel,Week3,Brookfield ,Week5,300.0 Wakefield Chapel - 102.0 Brookfield
Wakefield Chapel,Week4,Highlands Swim,Week1,238.0 Highlands Swim - 164.0 Wakefield Chapel
Walden Glen,Week1,Lee Graham,Week5,324.0 Lee Graham - 78.0 Walden Glen
Wakefield Chapel,Week1,Highlands Swim,Week1,233.0 Highlands Swim - 169.0 Wakefield Chapel
Walden Glen,Week3,Lee Graham,Week3,313.0 Lee Graham - 89.0 Walden Glen
Wakefield Chapel,Week4,Tuckahoe,Week2,258.0 Tuckahoe - 144.0 Wakefield Chapel
Wakefield Chapel,Week2,Tuckahoe,Week2,276.0 Tuckahoe - 126.0 Wakefield Chapel
Walden Glen,Week3,Ravensworth Farm,Week3,274.0 Ravensworth Farm - 128.0 Walden Glen
Walden Glen,Week2,Lee Graham,Week5,314.0 Lee Graham - 88.0 Walden Glen
Walden Glen,Week3,Lee Graham,Week2,314.0 Lee Graham - 88.0 Walden Glen
Wakefield Chapel,Week2,Highlands Swim,Week2,268.0 Highlands Swim - 134.0 Wakefield Chapel
Walden Glen,Week3,Lee Graham,Week1,299.0 Lee Graham - 103.0 Walden Glen
Walden Glen,Week3,Laurel Hill,Week5,214.0 Walden Glen - 188.0 Laurel Hill
Wakefield Chapel,Week1,Tuckahoe,Week5,271.0 Tuckahoe - 131.0 Wakefield Chapel
Wakefield Chapel,Week3,Cardinal Hill,Week2,270.0 Wakefield Chapel - 132.0 Cardinal Hill
Wakefield Chapel,Week5,Highlands Swim,Week3,212.0 Highlands Swim - 190.0 Wakefield Chapel
Walden Glen,Week5,Laurel Hill,Week2,283.0 Walden Glen - 118.0 Laurel Hill
Walden Glen,Week3,Somerset-Olde Creek,Week5,263.5 Walden Glen - 133.5 Somerset-Olde Creek
Walden Glen,Week3,Ravensworth Farm,Week5,289.0 Ravensworth Farm - 113.0 Walden Glen
Wakefield Chapel,Week1,Hamlet,Week1,231.0 Wakefield Chapel - 171.0 Hamlet
Wakefield Chapel,Week1,Greenbriar,Week3,272.0 Wakefield Chapel - 130.0 Greenbriar
Wakefield Chapel,Week1,Greenbriar,Week5,263.0 Wakefield Chapel - 139.0 Greenbriar
Wakefield Chapel,Week1,Tuckahoe,Week3,284.0 Tuckahoe - 118.0 Wakefield Chapel
Walden Glen,Week1,Ravensworth Farm,Week1,280.0 Ravensworth Farm - 122.0 Walden Glen
Wakefield Chapel,Week2,Cardinal Hill,Week5,234.0 Wakefield Chapel - 168.0 Cardinal Hill
Wakefield Chapel,Week4,Highlands Swim,Week2,262.0 Highlands Swim - 140.0 Wakefield Chapel
Walden Glen,Week1,South Run,Week1,246.0 South Run - 147.0 Walden Glen
Wakefield Chapel,Week5,Highlands Swim,Week5,225.0 Highlands Swim - 177.0 Wakefield Chapel
Wakefield Chapel,Week4,Cardinal Hill,Week1,230.0 Wakefield Chapel - 172.0 Cardinal Hill
Walden Glen,Week3,Ravensworth Farm,Week1,269.0 Ravensworth Farm - 133.0 Walden Glen
Walden Glen,Week5,Somerset-Olde Creek,Week4,314.0 Walden Glen - 87.0 Somerset-Olde Creek
Wakefield Chapel,Week1,Greenbriar,Week2,254.0 Wakefield Chapel - 148.0 Greenbriar
Wakefield Chapel,Week2,Vienna Aquatic,Week1,204.0 Wakefield Chapel - 198.0 Vienna Aquatic
Wakefield Chapel,Week1,Hollin Hills,Week3,364.0 Wakefield Chapel - 38.0 Hollin Hills
Wakefield Chapel,Week1,Hollin Hills,Week1,358.0 Wakefield Chapel - 44.0 Hollin Hills
Walden Glen,Week1,South Run,Week2,227.0 South Run - 175.0 Walden Glen
Wakefield Chapel,Week4,Truro,Week2,338.5 Wakefield Chapel - 62.5 Truro
Wakefield Chapel,Week5,Great Falls,Week2,292.0 Wakefield Chapel - 92.0 Great Falls
Walden Glen,Week4,Somerset-Olde Creek,Week4,291.0 Walden Glen - 105.0 Somerset-Olde Creek
Walden Glen,Week5,Somerset-Olde Creek,Week5,300.0 Walden Glen - 99.0 Somerset-Olde Creek
Wakefield Chapel,Week4,Cardinal Hill,Week3,203.0 Cardinal Hill - 199.0 Wakefield Chapel
Wakefield Chapel,Week4,Cardinal Hill,Week2,241.0 Wakefield Chapel - 161.0 Cardinal Hill
Wakefield Chapel,Week4,Brookfield ,Week2,302.5 Wakefield Chapel - 99.5 Brookfield
Walden Glen,Week4,Ravensworth Farm,Week2,231.0 Ravensworth Farm - 171.0 Walden Glen
Walden Glen,Week2,Ravensworth Farm,Week5,279.0 Ravensworth Farm - 123.0 Walden Glen
Wakefield Chapel,Week3,Cardinal Hill,Week4,256.0 Wakefield Chapel - 146.0 Cardinal Hill
Wakefield Chapel,Week2,Greenbriar,Week3,264.0 Wakefield Chapel - 138.0 Greenbriar
Wakefield Chapel,Week3,Truro,Week5,333.0 Wakefield Chapel - 69.0 Truro
Wakefield Chapel,Week3,Cardinal Hill,Week3,216.0 Wakefield Chapel - 186.0 Cardinal Hill
Walden Glen,Week5,Somerset-Olde Creek,Week3,327.0 Walden Glen - 72.0 Somerset-Olde Creek
Walden Glen,Week4,Somerset-Olde Creek,Week5,274.0 Walden Glen - 125.0 Somerset-Olde Creek
Walden Glen,Week1,Lee Graham,Week3,321.0 Lee Graham - 81.0 Walden Glen
Walden Glen,Week4,Laurel Hill,Week4,247.0 Walden Glen - 155.0 Laurel Hill
Wakefield Chapel,Week4,Cardinal Hill,Week4,242.0 Wakefield Chapel - 160.0 Cardinal Hill
Walden Glen,Week2,Ravensworth Farm,Week4,257.0 Ravensworth Farm - 144.0 Walden Glen
Wakefield Chapel,Week2,Greenbriar,Week5,251.5 Wakefield Chapel - 150.5 Greenbriar
Wakefield Chapel,Week3,Highlands Swim,Week3,239.0 Highlands Swim - 163.0 Wakefield Chapel
Walden Glen,Week1,Ravensworth Farm,Week3,300.0 Ravensworth Farm - 102.0 Walden Glen
Wakefield Chapel,Week4,Truro,Week3,338.0 Wakefield Chapel - 64.0 Truro
Walden Glen,Week2,Ravensworth Farm,Week3,289.5 Ravensworth Farm - 112.5 Walden Glen
Wakefield Chapel,Week5,Cardinal Hill,Week4,265.0 Wakefield Chapel - 137.0 Cardinal Hill
Wakefield Chapel,Week1,Tuckahoe,Week2,236.0 Tuckahoe - 166.0 Wakefield Chapel
Wakefield Chapel,Week2,Highlands Swim,Week3,250.0 Highlands Swim - 152.0 Wakefield Chapel
Wakefield Chapel,Week4,Greenbriar,Week2,243.0 Wakefield Chapel - 159.0 Greenbriar
Wakefield Chapel,Week4,Truro,Week4,324.0 Wakefield Chapel - 78.0 Truro
Walden Glen,Week5,Laurel Hill,Week5,233.0 Walden Glen - 169.0 Laurel Hill
Wakefield Chapel,Week5,Cardinal Hill,Week5,257.0 Wakefield Chapel - 145.0 Cardinal Hill
Wakefield Chapel,Week2,Hamlet,Week2,226.0 Hamlet - 176.0 Wakefield Chapel
Wakefield Chapel,Week3,Highlands Swim,Week5,248.0 Highlands Swim - 154.0 Wakefield Chapel
Walden Glen,Week1,South Run,Week3,257.0 South Run - 145.0 Walden Glen
Wakefield Chapel,Week1,Cardinal Hill,Week5,245.0 Wakefield Chapel - 157.0 Cardinal Hill
Wakefield Chapel,Week3,Greenbriar,Week3,272.0 Wakefield Chapel - 130.0 Greenbriar
Wakefield Chapel,Week4,Truro,Week5,327.0 Wakefield Chapel - 75.0 Truro
Walden Glen,Week2,South Run,Week1,224.5 South Run - 167.5 Walden Glen
Walden Glen,Week5,Ravensworth Farm,Week3,254.0 Ravensworth Farm - 147.0 Walden Glen
Walden Glen,Week4,Laurel Hill,Week2,273.0 Walden Glen - 123.0 Laurel Hill
Walden Glen,Week5,Ravensworth Farm,Week4,230.0 Ravensworth Farm - 172.0 Walden Glen
Wakefield Chapel,Week5,Truro,Week1,352.0 Wakefield Chapel - 50.0 Truro
Walden Glen,Week2,Ravensworth Farm,Week2,226.0 Ravensworth Farm - 175.0 Walden Glen
Wakefield Chapel,Week5,Greenbriar,Week4,301.0 Wakefield Chapel - 101.0 Greenbriar
Wakefield Chapel,Week2,Hamlet,Week3,222.0 Hamlet - 180.0 Wakefield Chapel
Walden Glen,Week4,Ravensworth Farm,Week5,268.0 Ravensworth Farm - 134.0 Walden Glen
Walden Glen,Week4,Ravensworth Farm,Week1,255.0 Ravensworth Farm - 147.0 Walden Glen
Walden Glen,Week5,Laurel Hill,Week3,255.0 Walden Glen - 147.0 Laurel Hill
Wakefield Chapel,Week3,Cardinal Hill,Week5,250.0 Wakefield Chapel - 152.0 Cardinal Hill
Wakefield Chapel,Week4,Highlands Swim,Week5,253.0 Highlands Swim - 149.0 Wakefield Chapel
Wakefield Chapel,Week2,Hamlet,Week4,202.0 Wakefield Chapel - 200.0 Hamlet
Wakefield Chapel,Week1,Cardinal Hill,Week3,221.0 Wakefield Chapel - 181.0 Cardinal Hill
Wakefield Chapel,Week5,Highlands Swim,Week2,219.0 Highlands Swim - 183.0 Wakefield Chapel
Wakefield Chapel,Week2,Cardinal Hill,Week1,241.0 Wakefield Chapel - 161.0 Cardinal Hill
Walden Glen,Week1,South Run,Week5,265.0 South Run - 137.0 Walden Glen
Wakefield Chapel,Week1,Hamlet,Week3,229.0 Wakefield Chapel - 173.0 Hamlet
Walden Glen,Week1,South Run,Week4,237.0 South Run - 165.0 Walden Glen
Wakefield Chapel,Week5,Truro,Week4,347.0 Wakefield Chapel - 55.0 Truro
Walden Glen,Week2,South Run,Week4,227.0 South Run - 175.0 Walden Glen
Walden Glen,Week1,Lee Graham,Week1,305.0 Lee Graham - 97.0 Walden Glen
Wakefield Chapel,Week5,Highlands Swim,Week1,212.0 Highlands Swim - 190.0 Wakefield Chapel
Wakefield Chapel,Week2,Highlands Swim,Week1,236.0 Highlands Swim - 166.0 Wakefield Chapel
Walden Glen,Week2,South Run,Week2,211.0 South Run - 191.0 Walden Glen
Walden Glen,Week4,Laurel Hill,Week3,248.0 Walden Glen - 154.0 Laurel Hill
Wakefield Chapel,Week5,Truro,Week2,363.0 Wakefield Chapel - 39.0 Truro
Wakefield Chapel,Week3,Highlands Swim,Week1,244.0 Highlands Swim - 158.0 Wakefield Chapel
Wakefield Chapel,Week1,Tuckahoe,Week4,287.0 Tuckahoe - 115.0 Wakefield Chapel
Walden Glen,Week4,Laurel Hill,Week5,227.0 Walden Glen - 175.0 Laurel Hill
Walden Glen,Week3,Lincolnia Park,Week5,277.0 Walden Glen - 116.0 Lincolnia Park
Wakefield Chapel,Week3,Tuckahoe,Week3,297.0 Tuckahoe - 105.0 Wakefield Chapel
Walden Glen,Week1,Riverside Gardens,Week1,319.0 Riverside Gardens - 83.0 Walden Glen
Wakefield Chapel,Week5,Cardinal Hill,Week1,254.0 Wakefield Chapel - 148.0 Cardinal Hill
Walden Glen,Week1,Springboard,Week1,207.5 Walden Glen - 189.5 Springboard
Wakefield Chapel,Week4,Tuckahoe,Week1,262.0 Tuckahoe - 140.0 Wakefield Chapel
Wakefield Chapel,Week2,Hamlet,Week5,242.0 Hamlet - 160.0 Wakefield Chapel
Wakefield Chapel,Week3,Greenbriar,Week4,294.0 Wakefield Chapel - 108.0 Greenbriar
Walden Glen,Week1,Riverside Gardens,Week5,326.0 Riverside Gardens - 76.0 Walden Glen
Wakefield Chapel,Week5,Cardinal Hill,Week2,281.0 Wakefield Chapel - 121.0 Cardinal Hill
Wakefield Chapel,Week2,Cardinal Hill,Week4,237.0 Wakefield Chapel - 165.0 Cardinal Hill
Wakefield Chapel,Week1,Hollin Hills,Week2,354.0 Wakefield Chapel - 48.0 Hollin Hills
Walden Glen,Week2,Lincolnia Park,Week1,269.0 Walden Glen - 126.0 Lincolnia Park
Wakefield Chapel,Week4,Cardinal Hill,Week5,231.0 Wakefield Chapel - 171.0 Cardinal Hill
Walden Glen,Week2,Lincolnia Park,Week3,243.0 Walden Glen - 144.0 Lincolnia Park
Walden Glen,Week3,South Run,Week3,239.0 South Run - 163.0 Walden Glen
Walden Glen,Week1,Springboard,Week3,203.0 Springboard - 194.0 Walden Glen
Wakefield Chapel,Week5,Highlands Swim,Week4,209.0 Highlands Swim - 193.0 Wakefield Chapel
Wakefield Chapel,Week1,Cardinal Hill,Week2,277.0 Wakefield Chapel - 125.0 Cardinal Hill
Wakefield Chapel,Week1,Cardinal Hill,Week4,252.0 Wakefield Chapel - 150.0 Cardinal Hill
Wakefield Chapel,Week1,Hollin Hills,Week4,362.0 Wakefield Chapel - 40.0 Hollin Hills
Walden Glen,Week4,South Run,Week2,206.0 South Run - 190.0 Walden Glen
Wakefield Chapel,Week2,Tuckahoe,Week1,270.0 Tuckahoe - 132.0 Wakefield Chapel
Wakefield Chapel,Week2,Hollin Hills,Week2,354.0 Wakefield Chapel - 47.0 Hollin Hills
Wakefield Chapel,Week3,Hamlet,Week1,220.0 Wakefield Chapel - 182.0 Hamlet
Walden Glen,Week5,Lee Graham,Week3,291.0 Lee Graham - 111.0 Walden Glen
Wakefield Chapel,Week4,Tuckahoe,Week4,287.0 Tuckahoe - 115.0 Wakefield Chapel
Wakefield Chapel,Week4,Greenbriar,Week1,264.0 Wakefield Chapel - 138.0 Greenbriar
Walden Glen,Week5,Lee Graham,Week4,290.0 Lee Graham - 112.0 Walden Glen
Wakefield Chapel,Week4,Tuckahoe,Week5,280.0 Tuckahoe - 122.0 Wakefield Chapel
Walden Glen,Week4,Lincolnia Park,Week1,299.0 Walden Glen - 97.0 Lincolnia Park
Wakefield Chapel,Week5,Cardinal Hill,Week3,240.0 Wakefield Chapel - 162.0 Cardinal Hill
Walden Glen,Week2,Riverside Gardens,Week1,278.0 Riverside Gardens - 124.0 Walden Glen
Walden Glen,Week1,Springboard,Week5,201.0 Springboard - 199.0 Walden Glen
Walden Glen,Week5,Ravensworth Farm,Week5,255.0 Ravensworth Farm - 147.0 Walden Glen
Wakefield Chapel,Week4,Greenbriar,Week4,284.0 Wakefield Chapel - 118.0 Greenbriar
Wakefield Chapel,Week1,Hamlet,Week2,215.0 Wakefield Chapel - 187.0 Hamlet
Wakefield Chapel,Week5,Greenbriar,Week2,266.0 Wakefield Chapel - 136.0 Greenbriar
Wakefield Chapel,Week1,Hollin Hills,Week5,357.0 Wakefield Chapel - 45.0 Hollin Hills
Walden Glen,Week5,South Run,Week2,213.0 Walden Glen - 188.0 South Run
Walden Glen,Week2,Rolling Forest,Week1,220.0 Rolling Forest - 182.0 Walden Glen
Walden Glen,Week5,South Run,Week4,207.0 Walden Glen - 194.0 South Run
Walden Glen,Week1,Riverside Gardens,Week3,310.0 Riverside Gardens - 92.0 Walden Glen
Walden Glen,Week2,Riverside Gardens,Week3,280.0 Riverside Gardens - 122.0 Walden Glen
Wakefield Chapel,Week2,Tuckahoe,Week5,290.0 Tuckahoe - 112.0 Wakefield Chapel
Wakefield Chapel,Week2,Highlands Swim,Week4,235.0 Highlands Swim - 167.0 Wakefield Chapel
Wakefield Chapel,Week4,Greenbriar,Week3,258.0 Wakefield Chapel - 144.0 Greenbriar
Walden Glen,Week1,Lincolnia Park,Week4,257.0 Walden Glen - 135.0 Lincolnia Park
Wakefield Chapel,Week5,Tuckahoe,Week4,283.0 Tuckahoe - 119.0 Wakefield Chapel
Walden Glen,Week2,Rolling Forest,Week3,232.0 Rolling Forest - 170.0 Walden Glen
Wakefield Chapel,Week2,Greenbriar,Week2,243.0 Wakefield Chapel - 159.0 Greenbriar
Walden Glen,Week4,South Run,Week4,208.0 South Run - 193.0 Walden Glen
Walden Glen,Week5,Lee Graham,Week2,290.0 Lee Graham - 112.0 Walden Glen
Wakefield Chapel,Week5,Tuckahoe,Week5,270.0 Tuckahoe - 132.0 Wakefield Chapel
Walden Glen,Week4,South Run,Week5,230.0 South Run - 172.0 Walden Glen
Wakefield Chapel,Week2,Greenbriar,Week4,285.0 Wakefield Chapel - 117.0 Greenbriar
Wakefield Chapel,Week5,Tuckahoe,Week1,242.0 Tuckahoe - 160.0 Wakefield Chapel
Wakefield Chapel,Week2,Highlands Swim,Week5,261.0 Highlands Swim - 141.0 Wakefield Chapel
Walden Glen,Week3,South Run,Week1,240.0 South Run - 153.0 Walden Glen
Wakefield Chapel,Week3,Chesterbrook,Week4,276.5 Chesterbrook - 125.5 Wakefield Chapel
Wakefield Chapel,Week1,Chesterbrook,Week1,278.0 Chesterbrook - 124.0 Wakefield Chapel
Wakefield Chapel,Week2,Hollin Hills,Week3,355.0 Wakefield Chapel - 47.0 Hollin Hills
Walden Glen,Week2,Riverside Gardens,Week4,297.0 Riverside Gardens - 105.0 Walden Glen
Wakefield Chapel,Week2,Chesterbrook,Week4,308.5 Chesterbrook - 93.5 Wakefield Chapel
Walden Glen,Week3,Lee Graham,Week5,316.0 Lee Graham - 86.0 Walden Glen
Wakefield Chapel,Week2,Hollin Hills,Week1,355.0 Wakefield Chapel - 46.0 Hollin Hills
Walden Glen,Week5,South Run,Week5,224.0 South Run - 178.0 Walden Glen
Walden Glen,Week1,Rolling Forest,Week5,265.0 Rolling Forest - 137.0 Walden Glen
Walden Glen,Week4,Riverside Gardens,Week3,284.0 Riverside Gardens - 118.0 Walden Glen
Wakefield Chapel,Week5,Chesterbrook,Week5,267.0 Chesterbrook - 135.0 Wakefield Chapel
Walden Glen,Week1,Rolling Forest,Week3,243.0 Rolling Forest - 159.0 Walden Glen
Walden Glen,Week2,Lincolnia Park,Week4,275.0 Walden Glen - 121.0 Lincolnia Park
Wakefield Chapel,Week3,Highlands Swim,Week2,250.0 Highlands Swim - 152.0 Wakefield Chapel
Wakefield Chapel,Week3,Greenbriar,Week1,271.0 Wakefield Chapel - 131.0 Greenbriar
Wakefield Chapel,Week4,Greenbriar,Week5,252.0 Wakefield Chapel - 150.0 Greenbriar
Walden Glen,Week4,Lee Graham,Week1,293.0 Lee Graham - 104.0 Walden Glen
Walden Glen,Week2,Springboard,Week1,241.0 Walden Glen - 159.0 Springboard
Walden Glen,Week3,South Run,Week2,219.0 South Run - 183.0 Walden Glen
Wakefield Chapel,Week4,Highlands Swim,Week4,235.0 Highlands Swim - 167.0 Wakefield Chapel
Walden Glen,Week3,South Run,Week4,234.0 South Run - 167.0 Walden Glen
Walden Glen,Week3,Riverside Gardens,Week2,275.5 Riverside Gardens - 126.5 Walden Glen
Wakefield Chapel,Week1,Vienna Aquatic,Week4,225.0 Wakefield Chapel - 177.0 Vienna Aquatic
Walden Glen,Week5,Lee Graham,Week5,294.0 Lee Graham - 108.0 Walden Glen
Wakefield Chapel,Week1,Commonwealth,Week2,319.0 Wakefield Chapel - 83.0 Commonwealth
Wakefield Chapel,Week4,Chesterbrook,Week3,310.0 Chesterbrook - 92.0 Wakefield Chapel
Walden Glen,Week4,Riverside Gardens,Week1,264.0 Riverside Gardens - 138.0 Walden Glen
Walden Glen,Week1,Lincolnia Park,Week2,252.0 Walden Glen - 131.0 Lincolnia Park
Wakefield Chapel,Week1,Vienna Aquatic,Week2,224.0 Wakefield Chapel - 178.0 Vienna Aquatic
Walden Glen,Week1,Lincolnia Park,Week1,251.0 Walden Glen - 136.0 Lincolnia Park
Wakefield Chapel,Week5,Tuckahoe,Week3,288.0 Tuckahoe - 114.0 Wakefield Chapel
Wakefield Chapel,Week1,Hollin Meadows,Week4,297.0 Wakefield Chapel - 105.0 Hollin Meadows
Wakefield Chapel,Week3,Hamlet,Week2,210.0 Wakefield Chapel - 192.0 Hamlet
Wakefield Chapel,Week1,Vienna Aquatic,Week1,225.0 Wakefield Chapel - 177.0 Vienna Aquatic
Wakefield Chapel,Week4,Chesterbrook,Week1,288.5 Chesterbrook - 113.5 Wakefield Chapel
Wakefield Chapel,Week5,Greenbriar,Week3,286.0 Wakefield Chapel - 116.0 Greenbriar
Walden Glen,Week1,Springboard,Week4,210.0 Walden Glen - 187.0 Springboard
Wakefield Chapel,Week1,Vienna Aquatic,Week3,203.0 Vienna Aquatic - 199.0 Wakefield Chapel
Wakefield Chapel,Week4,Highlands Swim,Week3,243.0 Highlands Swim - 159.0 Wakefield Chapel
Wakefield Chapel,Week1,Commonwealth,Week1,329.0 Wakefield Chapel - 68.0 Commonwealth
Wakefield Chapel,Week3,Highlands Swim,Week4,229.0 Highlands Swim - 173.0 Wakefield Chapel
Walden Glen,Week5,South Run,Week3,209.0 South Run - 192.0 Walden Glen
Wakefield Chapel,Week3,Greenbriar,Week2,253.0 Wakefield Chapel - 149.0 Greenbriar
Wakefield Chapel,Week5,Greenbriar,Week5,269.0 Wakefield Chapel - 133.0 Greenbriar
Walden Glen,Week4,South Run,Week3,223.0 South Run - 178.0 Walden Glen
Walden Glen,Week5,Riverside Gardens,Week1,251.5 Riverside Gardens - 150.5 Walden Glen
Wakefield Chapel,Week2,Vienna Aquatic,Week4,205.0 Wakefield Chapel - 197.0 Vienna Aquatic
Walden Glen,Week4,Lee Graham,Week2,303.0 Lee Graham - 99.0 Walden Glen
Wakefield Chapel,Week2,Chesterbrook,Week3,317.0 Chesterbrook - 85.0 Wakefield Chapel
Wakefield Chapel,Week1,Vienna Aquatic,Week5,216.0 Vienna Aquatic - 186.0 Wakefield Chapel
Wakefield Chapel,Week2,Vienna Aquatic,Week2,204.0 Wakefield Chapel - 198.0 Vienna Aquatic
Wakefield Chapel,Week2,Parliament,Week2,298.0 Wakefield Chapel - 104.0 Parliament
Walden Glen,Week4,South Run,Week1,221.0 South Run - 171.0 Walden Glen
Wakefield Chapel,Week2,Vienna Aquatic,Week5,246.0 Vienna Aquatic - 156.0 Wakefield Chapel
Wakefield Chapel,Week1,Commonwealth,Week3,339.0 Wakefield Chapel - 63.0 Commonwealth
Wakefield Chapel,Week1,Hollin Meadows,Week3,288.0 Wakefield Chapel - 114.0 Hollin Meadows
Wakefield Chapel,Week4,Parliament,Week2,285.0 Wakefield Chapel - 117.0 Parliament
Walden Glen,Week4,Lee Graham,Week4,305.0 Lee Graham - 97.0 Walden Glen
Walden Glen,Week5,Riverside Gardens,Week4,274.0 Riverside Gardens - 128.0 Walden Glen
Wakefield Chapel,Week5,Greenbriar,Week1,283.5 Wakefield Chapel - 118.5 Greenbriar
Wakefield Chapel,Week3,Greenbriar,Week5,262.0 Wakefield Chapel - 140.0 Greenbriar
Wakefield Chapel,Week2,Vienna Aquatic,Week3,231.0 Vienna Aquatic - 171.0 Wakefield Chapel
Wakefield Chapel,Week3,Hollin Meadows,Week1,277.0 Wakefield Chapel - 125.0 Hollin Meadows
Walden Glen,Week5,South Run,Week1,207.0 South Run - 185.0 Walden Glen
Wakefield Chapel,Week3,Hollin Hills,Week5,348.0 Wakefield Chapel - 54.0 Hollin Hills
Wakefield Chapel,Week3,Chesterbrook,Week5,293.0 Chesterbrook - 109.0 Wakefield Chapel
Wakefield Chapel,Week4,Parliament,Week3,276.0 Wakefield Chapel - 126.0 Parliament
Wakefield Chapel,Week3,Hollin Hills,Week1,356.0 Wakefield Chapel - 46.0 Hollin Hills
Walden Glen,Week3,Riverside Gardens,Week3,288.0 Riverside Gardens - 114.0 Walden Glen
Wakefield Chapel,Week1,Parliament,Week5,301.0 Wakefield Chapel - 101.0 Parliament
Wakefield Chapel,Week3,Hollin Hills,Week3,353.0 Wakefield Chapel - 49.0 Hollin Hills
Wakefield Chapel,Week4,Parklawn,Week1,338.0 Wakefield Chapel - 55.0 Parklawn
Walden Glen,Week2,Lincolnia Park,Week5,253.0 Walden Glen - 139.0 Lincolnia Park
Wakefield Chapel,Week2,Chesterbrook,Week5,294.0 Chesterbrook - 108.0 Wakefield Chapel
Walden Glen,Week1,Rolling Forest,Week4,241.0 Rolling Forest - 161.0 Walden Glen
Walden Glen,Week1,Springboard,Week2,230.0 Walden Glen - 162.0 Springboard
Wakefield Chapel,Week1,Hamlet,Week4,234.0 Wakefield Chapel - 168.0 Hamlet
Walden Glen,Week1,Lincolnia Park,Week5,232.0 Walden Glen - 152.0 Lincolnia Park
Walden Glen,Week4,Lee Graham,Week5,314.0 Lee Graham - 88.0 Walden Glen
Wakefield Chapel,Week3,Vienna Aquatic,Week1,224.0 Wakefield Chapel - 178.0 Vienna Aquatic
Wakefield Chapel,Week1,Parliament,Week4,309.5 Wakefield Chapel - 92.5 Parliament
Wakefield Chapel,Week2,Chesterbrook,Week2,304.0 Chesterbrook - 98.0 Wakefield Chapel
Walden Glen,Week5,Riverside Gardens,Week2,226.5 Riverside Gardens - 175.5 Walden Glen
Walden Glen,Week1,Lincolnia Park,Week3,220.0 Walden Glen - 159.0 Lincolnia Park
Walden Glen,Week2,Rolling Forest,Week4,215.0 Rolling Forest - 187.0 Walden Glen
Wakefield Chapel,Week5,Hollin Hills,Week5,365.0 Wakefield Chapel - 37.0 Hollin Hills
Wakefield Chapel,Week1,Hamlet,Week5,215.0 Hamlet - 187.0 Wakefield Chapel
Wakefield Chapel,Week2,Parliament,Week3,288.0 Wakefield Chapel - 114.0 Parliament
Walden Glen,Week3,Lincolnia Park,Week1,302.0 Walden Glen - 96.0 Lincolnia Park
Walden Glen,Week3,South Run,Week5,243.0 South Run - 159.0 Walden Glen
Wakefield Chapel,Week5,Hollin Hills,Week1,364.0 Wakefield Chapel - 37.0 Hollin Hills
Wakefield Chapel,Week3,Chesterbrook,Week1,284.0 Chesterbrook - 113.0 Wakefield Chapel
Wakefield Chapel,Week2,Hollin Meadows,Week1,274.0 Wakefield Chapel - 128.0 Hollin Meadows
Wakefield Chapel,Week1,Parliament,Week1,290.0 Wakefield Chapel - 112.0 Parliament
Walden Glen,Week5,Lee Graham,Week1,282.0 Lee Graham - 120.0 Walden Glen
Wakefield Chapel,Week3,Vienna Aquatic,Week3,204.0 Vienna Aquatic - 198.0 Wakefield Chapel
Walden Glen,Week5,Riverside Gardens,Week3,257.5 Riverside Gardens - 144.5 Walden Glen
Walden Glen,Week3,Springboard,Week3,245.0 Walden Glen - 157.0 Springboard
Wakefield Chapel,Week1,Chesterbrook,Week4,279.0 Chesterbrook - 123.0 Wakefield Chapel
Wakefield Chapel,Week3,Fox Mill Estates,Week4,301.0 Wakefield Chapel - 101.0 Fox Mill Estates
Wakefield Chapel,Week1,Chesterbrook,Week5,282.0 Chesterbrook - 120.0 Wakefield Chapel
Wakefield Chapel,Week5,Parklawn,Week2,347.0 Wakefield Chapel - 55.0 Parklawn
Wakefield Chapel,Week2,Hamlet,Week1,209.0 Wakefield Chapel - 193.0 Hamlet
Wakefield Chapel,Week3,Vienna Aquatic,Week2,216.0 Wakefield Chapel - 186.0 Vienna Aquatic
Walden Glen,Week1,Rolling Forest,Week1,246.0 Rolling Forest - 156.0 Walden Glen
Walden Glen,Week1,Springfield,Week3,337.0 Walden Glen - 49.0 Springfield
Wakefield Chapel,Week3,Fox Mill Estates,Week3,320.0 Wakefield Chapel - 82.0 Fox Mill Estates
Walden Glen,Week4,Lee Graham,Week3,307.0 Lee Graham - 95.0 Walden Glen
Walden Glen,Week3,Lincolnia Park,Week2,294.5 Walden Glen - 97.5 Lincolnia Park
Wakefield Chapel,Week2,Fox Mill Estates,Week5,299.5 Wakefield Chapel - 102.5 Fox Mill Estates
Wakefield Chapel,Week3,Hollin Hills,Week2,352.0 Wakefield Chapel - 50.0 Hollin Hills
Walden Glen,Week3,Lee Graham,Week4,308.0 Lee Graham - 94.0 Walden Glen
Wakefield Chapel,Week3,Hollin Hills,Week4,357.0 Wakefield Chapel - 45.0 Hollin Hills
Wakefield Chapel,Week5,Hollin Hills,Week3,372.0 Wakefield Chapel - 30.0 Hollin Hills
Wakefield Chapel,Week1,Hollin Meadows,Week1,278.0 Wakefield Chapel - 124.0 Hollin Meadows
Walden Glen,Week2,Lincolnia Park,Week2,282.0 Walden Glen - 105.0 Lincolnia Park
Wakefield Chapel,Week4,Vienna Aquatic,Week1,202.0 Wakefield Chapel - 200.0 Vienna Aquatic
Wakefield Chapel,Week2,Fox Mill Estates,Week2,302.0 Wakefield Chapel - 100.0 Fox Mill Estates
Wakefield Chapel,Week4,Chesterbrook,Week2,291.0 Chesterbrook - 111.0 Wakefield Chapel
Wakefield Chapel,Week3,Chesterbrook,Week2,288.0 Chesterbrook - 114.0 Wakefield Chapel
Walden Glen,Week5,Riverside Gardens,Week5,274.0 Riverside Gardens - 128.0 Walden Glen
Wakefield Chapel,Week3,Vienna Aquatic,Week5,224.0 Vienna Aquatic - 178.0 Wakefield Chapel
Walden Glen,Week2,Rolling Forest,Week5,220.0 Rolling Forest - 182.0 Walden Glen
Walden Glen,Week3,Springboard,Week4,228.0 Walden Glen - 172.0 Springboard
Wakefield Chapel,Week1,Parliament,Week2,310.0 Wakefield Chapel - 92.0 Parliament
Wakefield Chapel,Week3,Chesterbrook,Week3,310.0 Chesterbrook - 92.0 Wakefield Chapel
Wakefield Chapel,Week1,Fox Mill Woods,Week5,230.5 Wakefield Chapel - 171.5 Fox Mill Woods
Walden Glen,Week4,Springboard,Week3,246.0 Walden Glen - 152.0 Springboard
Walden Glen,Week3,Lincolnia Park,Week4,294.0 Walden Glen - 104.0 Lincolnia Park
Wakefield Chapel,Week3,Vienna Aquatic,Week4,207.0 Wakefield Chapel - 190.0 Vienna Aquatic
Wakefield Chapel,Week4,Vienna Aquatic,Week2,212.0 Vienna Aquatic - 190.0 Wakefield Chapel
Wakefield Chapel,Week3,Parliament,Week1,276.0 Wakefield Chapel - 126.0 Parliament
Wakefield Chapel,Week4,Fox Mill Estates,Week1,314.0 Wakefield Chapel - 88.0 Fox Mill Estates
Walden Glen,Week2,Springboard,Week3,238.0 Walden Glen - 162.0 Springboard
Walden Glen,Week4,Riverside Gardens,Week4,278.0 Riverside Gardens - 124.0 Walden Glen
Wakefield Chapel,Week2,Chesterbrook,Week1,288.0 Chesterbrook - 114.0 Wakefield Chapel
Wakefield Chapel,Week5,Parklawn,Week4,322.0 Wakefield Chapel - 79.0 Parklawn
Walden Glen,Week3,Riverside Gardens,Week5,302.0 Riverside Gardens - 100.0 Walden Glen
Wakefield Chapel,Week1,Parliament,Week3,301.0 Wakefield Chapel - 101.0 Parliament
Walden Glen,Week5,Springboard,Week3,276.0 Walden Glen - 122.0 Springboard
Walden Glen,Week4,Riverside Gardens,Week5,290.0 Riverside Gardens - 112.0 Walden Glen
Wakefield Chapel,Week5,Parklawn,Week1,346.0 Wakefield Chapel - 47.0 Parklawn
Wakefield Chapel,Week4,Hollin Hills,Week5,348.0 Wakefield Chapel - 54.0 Hollin Hills
Wakefield Chapel,Week5,Fox Mill Estates,Week4,305.0 Wakefield Chapel - 97.0 Fox Mill Estates
Walden Glen,Week3,Riverside Gardens,Week1,281.0 Riverside Gardens - 121.0 Walden Glen
Walden Glen,Week5,Lincolnia Park,Week5,292.0 Walden Glen - 100.0 Lincolnia Park
Wakefield Chapel,Week1,Hollin Meadows,Week2,300.0 Wakefield Chapel - 102.0 Hollin Meadows
Wakefield Chapel,Week3,Parliament,Week3,300.0 Wakefield Chapel - 102.0 Parliament
Wakefield Chapel,Week4,Chesterbrook,Week4,296.0 Chesterbrook - 106.0 Wakefield Chapel
Wakefield Chapel,Week2,Parliament,Week4,297.0 Wakefield Chapel - 105.0 Parliament
Wakefield Chapel,Week4,Chesterbrook,Week5,289.0 Chesterbrook - 113.0 Wakefield Chapel
Walden Glen,Week3,Rolling Forest,Week1,223.0 Rolling Forest - 179.0 Walden Glen
Walden Glen,Week3,Lincolnia Park,Week3,265.0 Walden Glen - 128.0 Lincolnia Park
Walden Glen,Week2,Riverside Gardens,Week5,290.0 Riverside Gardens - 112.0 Walden Glen
Wakefield Chapel,Week5,Fox Mill Estates,Week3,325.0 Wakefield Chapel - 77.0 Fox Mill Estates
Walden Glen,Week3,Springboard,Week1,237.0 Walden Glen - 164.0 Springboard
Wakefield Chapel,Week1,Chesterbrook,Week3,298.5 Chesterbrook - 103.5 Wakefield Chapel
Wakefield Chapel,Week2,Hollin Meadows,Week2,296.0 Wakefield Chapel - 106.0 Hollin Meadows
Wakefield Chapel,Week1,Fox Mill Woods,Week4,252.0 Wakefield Chapel - 150.0 Fox Mill Woods
Walden Glen,Week4,Little Hunting Park,Week1,243.0 Walden Glen - 155.0 Little Hunting Park
Walden Glen,Week2,Springboard,Week2,260.0 Walden Glen - 132.0 Springboard
Wakefield Chapel,Week4,Hollin Hills,Week4,360.0 Wakefield Chapel - 41.0 Hollin Hills
Walden Glen,Week4,Lincolnia Park,Week2,295.0 Walden Glen - 92.0 Lincolnia Park
Walden Glen,Week2,Little Hunting Park,Week5,203.0 Walden Glen - 198.0 Little Hunting Park
Wakefield Chapel,Week3,Fox Mill Woods,Week4,253.0 Wakefield Chapel - 149.0 Fox Mill Woods
Wakefield Chapel,Week4,Parklawn,Week4,313.5 Wakefield Chapel - 88.5 Parklawn
Walden Glen,Week1,Rolling Forest,Week2,225.0 Rolling Forest - 177.0 Walden Glen
Wakefield Chapel,Week5,Chesterbrook,Week4,277.0 Chesterbrook - 125.0 Wakefield Chapel
Walden Glen,Week3,Riverside Gardens,Week4,309.0 Riverside Gardens - 93.0 Walden Glen
Walden Glen,Week2,Springboard,Week4,235.0 Walden Glen - 158.0 Springboard
Walden Glen,Week1,Springfield,Week2,336.0 Walden Glen - 51.0 Springfield
Wakefield Chapel,Week4,Parklawn,Week5,315.0 Wakefield Chapel - 87.0 Parklawn
Wakefield Chapel,Week5,Parklawn,Week5,330.0 Wakefield Chapel - 72.0 Parklawn
Wakefield Chapel,Week5,Parklawn,Week3,348.0 Wakefield Chapel - 54.0 Parklawn
Wakefield Chapel,Week5,Chesterbrook,Week2,266.0 Chesterbrook - 136.0 Wakefield Chapel
Walden Glen,Week2,Little Hunting Park,Week1,223.0 Walden Glen - 178.0 Little Hunting Park
Wakefield Chapel,Week5,Chesterbrook,Week3,287.0 Chesterbrook - 115.0 Wakefield Chapel
Walden Glen,Week1,Springfield,Week1,332.0 Walden Glen - 59.0 Springfield
Walden Glen,Week4,Riverside Gardens,Week2,255.0 Riverside Gardens - 147.0 Walden Glen
Wakefield Chapel,Week2,Fox Mill Estates,Week4,299.0 Wakefield Chapel - 103.0 Fox Mill Estates
Walden Glen,Week5,Springboard,Week5,263.0 Walden Glen - 135.0 Springboard
Wakefield Chapel,Week4,Hollin Hills,Week3,360.0 Wakefield Chapel - 42.0 Hollin Hills
Wakefield Chapel,Week1,Fox Mill Woods,Week1,234.0 Wakefield Chapel - 168.0 Fox Mill Woods
Walden Glen,Week4,Springfield,Week1,353.0 Walden Glen - 42.0 Springfield
Wakefield Chapel,Week5,Chesterbrook,Week1,261.0 Chesterbrook - 141.0 Wakefield Chapel
Wakefield Chapel,Week5,Hollin Hills,Week2,366.0 Wakefield Chapel - 35.0 Hollin Hills
Wakefield Chapel,Week5,Hollin Hills,Week4,370.0 Wakefield Chapel - 31.0 Hollin Hills
Walden Glen,Week5,Ilda Community,Week4,245.0 Walden Glen - 156.0 Ilda Community
Wakefield Chapel,Week1,Dominion Hills,Week2,309.0 Wakefield Chapel - 93.0 Dominion Hills
Walden Glen,Week5,Springboard,Week4,266.0 Walden Glen - 134.0 Springboard
Walden Glen,Week1,Little Hunting Park,Week3,209.0 Walden Glen - 193.0 Little Hunting Park
Wakefield Chapel,Week2,Fox Mill Estates,Week1,330.0 Wakefield Chapel - 72.0 Fox Mill Estates
Walden Glen,Week1,Little Hunting Park,Week1,208.0 Walden Glen - 193.0 Little Hunting Park
Walden Glen,Week3,Little Hunting Park,Week3,228.0 Walden Glen - 174.0 Little Hunting Park
Walden Glen,Week5,Springfield,Week2,357.0 Walden Glen - 41.0 Springfield
Walden Glen,Week3,Springfield,Week5,366.0 Walden Glen - 32.0 Springfield
Walden Glen,Week1,Rolling Hills,Week5,223.0 Rolling Hills - 178.0 Walden Glen
Wakefield Chapel,Week2,Hollin Hills,Week4,362.0 Wakefield Chapel - 39.0 Hollin Hills
Wakefield Chapel,Week2,Hollin Hills,Week5,351.0 Wakefield Chapel - 51.0 Hollin Hills
Wakefield Chapel,Week4,Fox Mill Woods,Week5,220.0 Wakefield Chapel - 182.0 Fox Mill Woods
Walden Glen,Week2,Rolling Hills,Week2,207.0 Walden Glen - 195.0 Rolling Hills
Wakefield Chapel,Week4,Parklawn,Week3,338.0 Wakefield Chapel - 64.0 Parklawn
Walden Glen,Week4,Kent Gardens,Week5,259.0 Kent Gardens - 143.0 Walden Glen
Walden Glen,Week2,Rolling Forest,Week2,207.0 Rolling Forest - 194.0 Walden Glen
Wakefield Chapel,Week2,Parliament,Week1,274.0 Wakefield Chapel - 128.0 Parliament
Wakefield Chapel,Week4,Hollin Hills,Week2,358.0 Wakefield Chapel - 44.0 Hollin Hills
Wakefield Chapel,Week4,Fox Mill Woods,Week3,234.0 Wakefield Chapel - 168.0 Fox Mill Woods
Wakefield Chapel,Week5,Daventry,Week4,368.0 Wakefield Chapel - 34.0 Daventry
Walden Glen,Week2,Rolling Hills,Week3,206.0 Rolling Hills - 191.0 Walden Glen
Wakefield Chapel,Week3,Fox Mill Estates,Week5,306.0 Wakefield Chapel - 96.0 Fox Mill Estates
Walden Glen,Week4,Kent Gardens,Week2,207.0 Kent Gardens - 195.0 Walden Glen
Walden Glen,Week5,Little Hunting Park,Week5,231.5 Walden Glen - 170.5 Little Hunting Park
Walden Glen,Week5,Kent Gardens,Week2,215.0 Walden Glen - 187.0 Kent Gardens
Wakefield Chapel,Week3,Daventry,Week3,355.0 Wakefield Chapel - 47.0 Daventry
Wakefield Chapel,Week5,Daventry,Week2,368.0 Wakefield Chapel - 34.0 Daventry
Walden Glen,Week4,Springfield,Week3,349.0 Walden Glen - 36.0 Springfield
Walden Glen,Week3,Springfield,Week2,349.0 Walden Glen - 47.0 Springfield
Wakefield Chapel,Week5,Fox Mill Estates,Week1,334.0 Wakefield Chapel - 68.0 Fox Mill Estates
Wakefield Chapel,Week2,Hollin Meadows,Week3,281.0 Wakefield Chapel - 121.0 Hollin Meadows
Walden Glen,Week1,Kent Gardens,Week5,296.0 Kent Gardens - 105.0 Walden Glen
Walden Glen,Week4,Rolling Hills,Week3,202.0 Walden Glen - 195.0 Rolling Hills
Wakefield Chapel,Week2,Hollin Meadows,Week4,293.0 Wakefield Chapel - 109.0 Hollin Meadows
Wakefield Chapel,Week4,Parklawn,Week2,329.0 Wakefield Chapel - 73.0 Parklawn
Wakefield Chapel,Week3,Parliament,Week4,311.5 Wakefield Chapel - 90.5 Parliament
Walden Glen,Week4,Little Hunting Park,Week3,234.0 Walden Glen - 168.0 Little Hunting Park
Wakefield Chapel,Week3,Parliament,Week2,306.0 Wakefield Chapel - 96.0 Parliament
Wakefield Chapel,Week4,Hollin Hills,Week1,357.0 Wakefield Chapel - 45.0 Hollin Hills
Wakefield Chapel,Week2,Fox Mill Estates,Week3,304.0 Wakefield Chapel - 98.0 Fox Mill Estates
Walden Glen,Week4,Springboard,Week2,271.0 Walden Glen - 116.0 Springboard
Walden Glen,Week4,Rolling Forest,Week5,229.0 Rolling Forest - 173.0 Walden Glen
Wakefield Chapel,Week2,Parliament,Week5,293.0 Wakefield Chapel - 109.0 Parliament
Walden Glen,Week4,Springboard,Week1,259.0 Walden Glen - 139.0 Springboard
Wakefield Chapel,Week1,Hollin Meadows,Week5,279.0 Wakefield Chapel - 123.0 Hollin Meadows
Wakefield Chapel,Week4,Fox Mill Woods,Week2,219.0 Wakefield Chapel - 183.0 Fox Mill Woods
Wakefield Chapel,Week4,Fox Mill Woods,Week1,203.0 Wakefield Chapel - 199.0 Fox Mill Woods
Walden Glen,Week3,Rolling Hills,Week4,212.0 Rolling Hills - 190.0 Walden Glen
Walden Glen,Week4,Lincolnia Park,Week4,290.5 Walden Glen - 104.5 Lincolnia Park
Walden Glen,Week1,Little Rocky Run,Week1,315.0 Little Rocky Run - 87.0 Walden Glen
Wakefield Chapel,Week4,Daventry,Week2,350.0 Wakefield Chapel - 52.0 Daventry
Walden Glen,Week3,Kent Gardens,Week5,269.0 Kent Gardens - 133.0 Walden Glen
Wakefield Chapel,Week3,Parliament,Week5,299.0 Wakefield Chapel - 103.0 Parliament
Wakefield Chapel,Week5,Fox Mill Estates,Week2,308.0 Wakefield Chapel - 94.0 Fox Mill Estates
Wakefield Chapel,Week1,Pinecrest,Week2,229.0 Wakefield Chapel - 173.0 Pinecrest
Walden Glen,Week4,Springboard,Week5,245.0 Walden Glen - 153.0 Springboard
Wakefield Chapel,Week2,Daventry,Week5,343.0 Wakefield Chapel - 59.0 Daventry
Wakefield Chapel,Week1,Dominion Hills,Week1,321.0 Wakefield Chapel - 81.0 Dominion Hills
Walden Glen,Week5,Rolling Forest,Week3,201.5 Rolling Forest - 200.5 Walden Glen
Walden Glen,Week1,Kings Ridge ,Week2,210.0 Walden Glen - 191.0 Kings Ridge
Wakefield Chapel,Week4,Hollin Meadows,Week3,285.0 Wakefield Chapel - 117.0 Hollin Meadows
Walden Glen,Week1,Kent Gardens,Week3,244.0 Kent Gardens - 154.0 Walden Glen
Walden Glen,Week5,Rolling Forest,Week4,211.0 Walden Glen - 191.0 Rolling Forest
Wakefield Chapel,Week4,Parliament,Week1,253.0 Wakefield Chapel - 149.0 Parliament
Walden Glen,Week5,Lincolnia Park,Week3,281.0 Walden Glen - 111.0 Lincolnia Park
Wakefield Chapel,Week4,Parliament,Week5,277.0 Wakefield Chapel - 125.0 Parliament
Walden Glen,Week2,Springfield,Week3,342.0 Walden Glen - 45.0 Springfield
Wakefield Chapel,Week1,Dominion Hills,Week4,294.0 Wakefield Chapel - 108.0 Dominion Hills
Wakefield Chapel,Week3,Hollin Meadows,Week5,270.0 Wakefield Chapel - 132.0 Hollin Meadows
Walden Glen,Week4,Lincolnia Park,Week3,266.5 Walden Glen - 120.5 Lincolnia Park
Wakefield Chapel,Week2,Hollin Meadows,Week5,277.0 Wakefield Chapel - 125.0 Hollin Meadows
Wakefield Chapel,Week1,Fox Mill Woods,Week2,260.0 Wakefield Chapel - 142.0 Fox Mill Woods
Walden Glen,Week2,Springboard,Week5,228.0 Walden Glen - 171.0 Springboard
Walden Glen,Week4,Kent Gardens,Week1,229.0 Kent Gardens - 173.0 Walden Glen
Walden Glen,Week2,Kent Gardens,Week3,209.0 Kent Gardens - 193.0 Walden Glen
Wakefield Chapel,Week3,Hollin Meadows,Week2,298.0 Wakefield Chapel - 104.0 Hollin Meadows
Walden Glen,Week4,Springboard,Week4,249.0 Walden Glen - 146.0 Springboard
Walden Glen,Week4,Rolling Forest,Week2,215.0 Walden Glen - 187.0 Rolling Forest
Walden Glen,Week3,Springboard,Week5,232.0 Walden Glen - 170.0 Springboard
Wakefield Chapel,Week3,Pinecrest,Week5,222.0 Wakefield Chapel - 175.0 Pinecrest
Walden Glen,Week5,Springboard,Week1,277.0 Walden Glen - 121.0 Springboard
Wakefield Chapel,Week5,Daventry,Week5,358.0 Wakefield Chapel - 44.0 Daventry
Walden Glen,Week2,Little Hunting Park,Week3,233.0 Walden Glen - 169.0 Little Hunting Park
Wakefield Chapel,Week3,Fox Mill Estates,Week1,325.0 Wakefield Chapel - 77.0 Fox Mill Estates
Walden Glen,Week5,Ilda Community,Week5,276.0 Walden Glen - 121.0 Ilda Community
Wakefield Chapel,Week2,Holmes Run Acres,Week2,309.0 Wakefield Chapel - 93.0 Holmes Run Acres
Walden Glen,Week1,Rolling Hills,Week4,224.0 Rolling Hills - 173.0 Walden Glen
Wakefield Chapel,Week1,Dominion Hills,Week5,282.0 Wakefield Chapel - 120.0 Dominion Hills
Wakefield Chapel,Week1,Pinecrest,Week3,233.0 Wakefield Chapel - 169.0 Pinecrest
Walden Glen,Week2,Rolling Hills,Week1,202.0 Rolling Hills - 199.0 Walden Glen
Wakefield Chapel,Week1,Dominion Hills,Week3,315.0 Wakefield Chapel - 87.0 Dominion Hills
Walden Glen,Week3,Rolling Hills,Week1,215.0 Rolling Hills - 187.0 Walden Glen
Wakefield Chapel,Week4,Hollin Meadows,Week1,264.0 Wakefield Chapel - 138.0 Hollin Meadows
Walden Glen,Week1,Little Hunting Park,Week4,206.0 Walden Glen - 196.0 Little Hunting Park
Walden Glen,Week3,Kent Gardens,Week1,252.0 Kent Gardens - 150.0 Walden Glen
Wakefield Chapel,Week4,Fox Mill Estates,Week3,300.0 Wakefield Chapel - 102.0 Fox Mill Estates
Walden Glen,Week4,Lincolnia Park,Week5,274.0 Walden Glen - 118.0 Lincolnia Park
Wakefield Chapel,Week4,Fox Mill Estates,Week4,287.0 Wakefield Chapel - 115.0 Fox Mill Estates
Walden Glen,Week2,Little Hunting Park,Week2,225.0 Walden Glen - 173.0 Little Hunting Park
Wakefield Chapel,Week4,Fox Mill Estates,Week2,289.0 Wakefield Chapel - 113.0 Fox Mill Estates
Wakefield Chapel,Week5,Daventry,Week3,361.0 Wakefield Chapel - 41.0 Daventry
Wakefield Chapel,Week2,Pinecrest,Week3,218.0 Wakefield Chapel - 184.0 Pinecrest
Wakefield Chapel,Week1,Pinewood Lake,Week1,383.0 Wakefield Chapel - 19.0 Pinewood Lake
Walden Glen,Week2,Kings Ridge ,Week2,236.0 Walden Glen - 165.0 Kings Ridge
Wakefield Chapel,Week4,Fox Mill Estates,Week5,289.0 Wakefield Chapel - 113.0 Fox Mill Estates
Wakefield Chapel,Week2,Dominion Hills,Week2,306.0 Wakefield Chapel - 96.0 Dominion Hills
Wakefield Chapel,Week1,Holmes Run Acres,Week1,311.0 Wakefield Chapel - 91.0 Holmes Run Acres
Walden Glen,Week2,Little Hunting Park,Week4,230.0 Walden Glen - 172.0 Little Hunting Park
Wakefield Chapel,Week2,Dominion Hills,Week1,324.0 Wakefield Chapel - 78.0 Dominion Hills
Wakefield Chapel,Week5,Hollin Meadows,Week5,293.0 Wakefield Chapel - 109.0 Hollin Meadows
Walden Glen,Week5,Rolling Forest,Week2,221.0 Walden Glen - 181.0 Rolling Forest
Wakefield Chapel,Week3,Herndon,Week4,370.0 Wakefield Chapel - 32.0 Herndon
Walden Glen,Week2,Kings Ridge ,Week5,201.0 Walden Glen - 200.0 Kings Ridge
Walden Glen,Week5,Springboard,Week2,306.0 Walden Glen - 91.0 Springboard
Wakefield Chapel,Week3,Fox Mill Estates,Week2,317.0 Wakefield Chapel - 85.0 Fox Mill Estates
Walden Glen,Week5,Lincolnia Park,Week2,310.0 Walden Glen - 82.0 Lincolnia Park
Walden Glen,Week3,Rolling Forest,Week3,222.0 Rolling Forest - 180.0 Walden Glen
Walden Glen,Week3,Springboard,Week2,269.0 Walden Glen - 132.0 Springboard
Wakefield Chapel,Week5,Pinecrest,Week4,243.0 Wakefield Chapel - 159.0 Pinecrest
Walden Glen,Week4,Rolling Forest,Week4,206.0 Rolling Forest - 196.0 Walden Glen
Walden Glen,Week2,Springfield,Week4,337.0 Walden Glen - 55.0 Springfield
Wakefield Chapel,Week4,Herndon,Week1,368.0 Wakefield Chapel - 34.0 Herndon
Walden Glen,Week3,Rolling Forest,Week4,217.0 Rolling Forest - 185.0 Walden Glen
Walden Glen,Week1,Little Hunting Park,Week2,208.0 Walden Glen - 194.0 Little Hunting Park
Wakefield Chapel,Week2,Pinecrest,Week5,218.5 Wakefield Chapel - 183.5 Pinecrest
Wakefield Chapel,Week1,Fox Mill Woods,Week3,253.5 Wakefield Chapel - 148.5 Fox Mill Woods
Wakefield Chapel,Week4,Daventry,Week1,353.0 Wakefield Chapel - 49.0 Daventry
Walden Glen,Week3,Little Hunting Park,Week1,218.0 Walden Glen - 184.0 Little Hunting Park
Wakefield Chapel,Week2,Dominion Hills,Week4,284.0 Wakefield Chapel - 118.0 Dominion Hills
Walden Glen,Week2,Kent Gardens,Week5,270.0 Kent Gardens - 132.0 Walden Glen
Wakefield Chapel,Week2,Holmes Run Acres,Week1,309.0 Wakefield Chapel - 93.0 Holmes Run Acres
Walden Glen,Week2,Springfield,Week2,342.0 Walden Glen - 43.0 Springfield
Walden Glen,Week2,Kent Gardens,Week4,210.0 Kent Gardens - 192.0 Walden Glen
Wakefield Chapel,Week5,Fox Mill Estates,Week5,316.0 Wakefield Chapel - 86.0 Fox Mill Estates
Wakefield Chapel,Week3,Pinecrest,Week3,230.0 Wakefield Chapel - 172.0 Pinecrest
Walden Glen,Week3,Kent Gardens,Week3,215.0 Kent Gardens - 187.0 Walden Glen
Walden Glen,Week5,Rolling Forest,Week5,213.0 Rolling Forest - 189.0 Walden Glen
Walden Glen,Week2,Springfield,Week1,340.0 Walden Glen - 50.0 Springfield
Wakefield Chapel,Week1,Pinecrest,Week5,241.0 Wakefield Chapel - 161.0 Pinecrest
Wakefield Chapel,Week4,Holmes Run Acres,Week1,298.0 Wakefield Chapel - 104.0 Holmes Run Acres
Wakefield Chapel,Week2,Fox Mill Woods,Week1,212.0 Wakefield Chapel - 190.0 Fox Mill Woods
Walden Glen,Week1,Springfield,Week5,341.0 Walden Glen - 54.0 Springfield
Wakefield Chapel,Week3,Pinecrest,Week2,219.0 Wakefield Chapel - 183.0 Pinecrest
Walden Glen,Week5,Lincolnia Park,Week1,314.0 Walden Glen - 87.0 Lincolnia Park
Walden Glen,Week5,Ilda Community,Week3,281.0 Walden Glen - 120.0 Ilda Community
Wakefield Chapel,Week3,Herndon,Week3,370.0 Wakefield Chapel - 27.0 Herndon
Walden Glen,Week3,Little Hunting Park,Week4,214.0 Walden Glen - 188.0 Little Hunting Park
Wakefield Chapel,Week2,Dominion Hills,Week3,321.0 Wakefield Chapel - 81.0 Dominion Hills
Wakefield Chapel,Week1,Holmes Run Acres,Week3,288.0 Wakefield Chapel - 114.0 Holmes Run Acres
Wakefield Chapel,Week3,Herndon,Week2,371.0 Wakefield Chapel - 31.0 Herndon
Walden Glen,Week4,Rolling Forest,Week1,216.5 Rolling Forest - 185.5 Walden Glen
Wakefield Chapel,Week2,Hiddenbrook,Week4,330.5 Wakefield Chapel - 71.5 Hiddenbrook
Wakefield Chapel,Week4,Holmes Run Acres,Week3,260.0 Wakefield Chapel - 142.0 Holmes Run Acres
Walden Glen,Week1,Kent Gardens,Week2,249.0 Kent Gardens - 149.0 Walden Glen
Walden Glen,Week3,Rolling Hills,Week2,210.0 Rolling Hills - 192.0 Walden Glen
Walden Glen,Week2,Springfield,Week5,350.0 Walden Glen - 42.0 Springfield
Wakefield Chapel,Week2,Fox Mill Woods,Week3,233.0 Wakefield Chapel - 169.0 Fox Mill Woods
Walden Glen,Week3,Springfield,Week1,355.0 Walden Glen - 42.0 Springfield
Wakefield Chapel,Week2,Herndon,Week1,369.5 Wakefield Chapel - 32.5 Herndon
Wakefield Chapel,Week1,Hiddenbrook,Week2,354.0 Wakefield Chapel - 48.0 Hiddenbrook
Wakefield Chapel,Week2,Fox Mill Woods,Week4,236.0 Wakefield Chapel - 166.0 Fox Mill Woods
Walden Glen,Week3,Rolling Forest,Week2,209.0 Rolling Forest - 193.0 Walden Glen
Wakefield Chapel,Week5,Holmes Run Acres,Week1,315.0 Wakefield Chapel - 87.0 Holmes Run Acres
Walden Glen,Week3,Little Hunting Park,Week5,202.0 Walden Glen - 199.0 Little Hunting Park
Wakefield Chapel,Week3,Fox Mill Woods,Week2,246.0 Wakefield Chapel - 156.0 Fox Mill Woods
Wakefield Chapel,Week5,Herndon,Week1,376.0 Wakefield Chapel - 26.0 Herndon
Wakefield Chapel,Week2,Dominion Hills,Week5,270.0 Wakefield Chapel - 132.0 Dominion Hills
Walden Glen,Week5,Ilda Community,Week2,274.0 Walden Glen - 127.0 Ilda Community
Walden Glen,Week4,Rolling Forest,Week3,220.0 Rolling Forest - 182.0 Walden Glen
Wakefield Chapel,Week5,Pinecrest,Week1,251.0 Wakefield Chapel - 151.0 Pinecrest
Walden Glen,Week3,Little Hunting Park,Week2,233.0 Walden Glen - 168.0 Little Hunting Park
Wakefield Chapel,Week3,Daventry,Week5,351.0 Wakefield Chapel - 51.0 Daventry
Walden Glen,Week1,Springfield,Week4,317.0 Walden Glen - 75.0 Springfield
Wakefield Chapel,Week4,Parliament,Week4,287.0 Wakefield Chapel - 115.0 Parliament
Wakefield Chapel,Week2,Fox Mill Woods,Week2,231.0 Wakefield Chapel - 171.0 Fox Mill Woods
Wakefield Chapel,Week5,Holmes Run Acres,Week2,314.0 Wakefield Chapel - 88.0 Holmes Run Acres
Walden Glen,Week4,Little Hunting Park,Week2,242.0 Walden Glen - 158.0 Little Hunting Park
Wakefield Chapel,Week3,Pinecrest,Week4,229.0 Wakefield Chapel - 173.0 Pinecrest
Walden Glen,Week2,Kent Gardens,Week1,228.0 Kent Gardens - 174.0 Walden Glen
Wakefield Chapel,Week2,Holmes Run Acres,Week5,255.0 Wakefield Chapel - 147.0 Holmes Run Acres
Wakefield Chapel,Week4,Holmes Run Acres,Week4,296.0 Wakefield Chapel - 106.0 Holmes Run Acres
Wakefield Chapel,Week1,Hiddenbrook,Week3,333.0 Wakefield Chapel - 69.0 Hiddenbrook
Walden Glen,Week5,Lincolnia Park,Week4,319.0 Walden Glen - 81.0 Lincolnia Park
Wakefield Chapel,Week4,Daventry,Week3,348.0 Wakefield Chapel - 54.0 Daventry
Wakefield Chapel,Week2,Herndon,Week3,367.5 Wakefield Chapel - 34.5 Herndon
Wakefield Chapel,Week2,Fox Mill Woods,Week5,236.0 Wakefield Chapel - 166.0 Fox Mill Woods
Walden Glen,Week3,Kent Gardens,Week2,228.0 Kent Gardens - 174.0 Walden Glen
Wakefield Chapel,Week3,Daventry,Week4,365.0 Wakefield Chapel - 37.0 Daventry
Wakefield Chapel,Week4,Daventry,Week4,357.0 Wakefield Chapel - 45.0 Daventry
Walden Glen,Week1,Rolling Hills,Week2,230.0 Rolling Hills - 171.0 Walden Glen
Walden Glen,Week5,Rolling Forest,Week1,203.5 Walden Glen - 198.5 Rolling Forest
Wakefield Chapel,Week4,Holmes Run Acres,Week5,241.0 Wakefield Chapel - 161.0 Holmes Run Acres
Walden Glen,Week2,Kent Gardens,Week2,212.0 Kent Gardens - 190.0 Walden Glen
Wakefield Chapel,Week3,Fox Mill Woods,Week1,214.0 Wakefield Chapel - 188.0 Fox Mill Woods
Wakefield Chapel,Week4,Pinecrest,Week4,221.0 Wakefield Chapel - 181.0 Pinecrest
Wakefield Chapel,Week4,Pinecrest,Week5,211.0 Wakefield Chapel - 191.0 Pinecrest
Walden Glen,Week3,Springfield,Week3,350.0 Walden Glen - 47.0 Springfield
Walden Glen,Week1,Little Hunting Park,Week5,226.0 Little Hunting Park - 176.0 Walden Glen
Walden Glen,Week3,Springfield,Week4,346.0 Walden Glen - 52.0 Springfield
Walden Glen,Week1,Kent Gardens,Week4,251.0 Kent Gardens - 150.0 Walden Glen
Wakefield Chapel,Week2,Hiddenbrook,Week2,357.0 Wakefield Chapel - 44.0 Hiddenbrook
Wakefield Chapel,Week2,Holmes Run Acres,Week3,276.0 Wakefield Chapel - 126.0 Holmes Run Acres
Walden Glen,Week2,Rolling Hills,Week5,202.0 Walden Glen - 200.0 Rolling Hills
Wakefield Chapel,Week5,Daventry,Week1,364.0 Wakefield Chapel - 38.0 Daventry
Wakefield Chapel,Week5,Parliament,Week5,307.0 Wakefield Chapel - 95.0 Parliament
Wakefield Chapel,Week4,Daventry,Week5,345.0 Wakefield Chapel - 57.0 Daventry
Wakefield Chapel,Week4,Hollin Meadows,Week2,292.0 Wakefield Chapel - 110.0 Hollin Meadows
Walden Glen,Week4,Springfield,Week2,344.0 Walden Glen - 49.0 Springfield
Walden Glen,Week4,Kent Gardens,Week4,214.0 Kent Gardens - 188.0 Walden Glen
Walden Glen,Week4,Little Hunting Park,Week4,233.0 Walden Glen - 168.0 Little Hunting Park
Walden Glen,Week5,Little Hunting Park,Week1,261.0 Walden Glen - 137.0 Little Hunting Park
Wakefield Chapel,Week3,Daventry,Week2,360.0 Wakefield Chapel - 42.0 Daventry
Walden Glen,Week3,Kent Gardens,Week4,225.0 Kent Gardens - 177.0 Walden Glen
Wakefield Chapel,Week4,Hiddenbrook,Week3,317.0 Wakefield Chapel - 85.0 Hiddenbrook
Wakefield Chapel,Week3,Fox Mill Woods,Week3,243.0 Wakefield Chapel - 159.0 Fox Mill Woods
Walden Glen,Week1,Rolling Hills,Week1,233.0 Rolling Hills - 168.0 Walden Glen
Walden Glen,Week4,Springfield,Week4,342.0 Walden Glen - 54.0 Springfield
Wakefield Chapel,Week1,Pinecrest,Week1,251.0 Wakefield Chapel - 151.0 Pinecrest
Wakefield Chapel,Week3,Fox Mill Woods,Week5,252.0 Wakefield Chapel - 150.0 Fox Mill Woods
Walden Glen,Week5,Little Hunting Park,Week2,270.0 Walden Glen - 130.0 Little Hunting Park
Walden Glen,Week4,Springfield,Week5,357.0 Walden Glen - 38.0 Springfield
Walden Glen,Week5,Little Hunting Park,Week3,268.0 Walden Glen - 134.0 Little Hunting Park
Walden Glen,Week4,Kent Gardens,Week3,201.0 Kent Gardens - 201.0 Walden Glen
Wakefield Chapel,Week4,Fox Mill Woods,Week4,235.0 Wakefield Chapel - 167.0 Fox Mill Woods
Walden Glen,Week3,Rolling Forest,Week5,243.0 Rolling Forest - 159.0 Walden Glen
Walden Glen,Week1,Rolling Hills,Week3,227.0 Rolling Hills - 166.0 Walden Glen
Wakefield Chapel,Week3,Herndon,Week5,371.0 Wakefield Chapel - 31.0 Herndon
Wakefield Chapel,Week5,Parliament,Week3,304.0 Wakefield Chapel - 98.0 Parliament
Wakefield Chapel,Week5,Hollin Meadows,Week3,303.0 Wakefield Chapel - 99.0 Hollin Meadows
Wakefield Chapel,Week3,Daventry,Week1,357.0 Wakefield Chapel - 45.0 Daventry
Wakefield Chapel,Week4,Hollin Meadows,Week5,279.0 Wakefield Chapel - 123.0 Hollin Meadows
Walden Glen,Week1,Kent Gardens,Week1,256.0 Kent Gardens - 142.0 Walden Glen
Wakefield Chapel,Week5,Fox Mill Woods,Week3,264.0 Wakefield Chapel - 138.0 Fox Mill Woods
Walden Glen,Week5,Springfield,Week1,357.0 Walden Glen - 41.0 Springfield
Walden Glen,Week1,Stratford,Week3,233.0 Stratford - 169.0 Walden Glen
Wakefield Chapel,Week5,Fox Mill Woods,Week2,265.0 Wakefield Chapel - 137.0 Fox Mill Woods
Wakefield Chapel,Week2,Pinecrest,Week1,230.0 Wakefield Chapel - 172.0 Pinecrest
Walden Glen,Week4,Little Hunting Park,Week5,213.5 Walden Glen - 188.5 Little Hunting Park
Walden Glen,Week5,Kent Gardens,Week1,208.0 Kent Gardens - 194.0 Walden Glen
Wakefield Chapel,Week5,Parliament,Week2,309.0 Wakefield Chapel - 93.0 Parliament
Walden Glen,Week2,Stratford,Week1,230.0 Walden Glen - 172.0 Stratford
Wakefield Chapel,Week5,Hollin Meadows,Week4,299.0 Wakefield Chapel - 103.0 Hollin Meadows
Walden Glen,Week3,Rolling Hills,Week3,214.0 Rolling Hills - 188.0 Walden Glen
Walden Glen,Week2,Rolling Hills,Week4,202.0 Walden Glen - 199.0 Rolling Hills
Wakefield Chapel,Week5,Hollin Meadows,Week1,281.0 Wakefield Chapel - 121.0 Hollin Meadows
Walden Glen,Week5,Kent Gardens,Week5,250.0 Kent Gardens - 152.0 Walden Glen
Wakefield Chapel,Week2,Pinecrest,Week2,228.0 Wakefield Chapel - 174.0 Pinecrest
Wakefield Chapel,Week2,Herndon,Week2,373.0 Wakefield Chapel - 29.0 Herndon
Wakefield Chapel,Week2,Herndon,Week4,371.0 Wakefield Chapel - 31.0 Herndon
Walden Glen,Week5,Little Hunting Park,Week4,265.0 Walden Glen - 136.0 Little Hunting Park
Wakefield Chapel,Week4,Herndon,Week4,368.0 Wakefield Chapel - 34.0 Herndon
Wakefield Chapel,Week5,Fox Mill Woods,Week1,250.0 Wakefield Chapel - 152.0 Fox Mill Woods
Walden Glen,Week3,Rolling Hills,Week5,208.0 Rolling Hills - 194.0 Walden Glen
Walden Glen,Week1,Long Branch,Week3,213.0 Long Branch - 189.0 Walden Glen
Wakefield Chapel,Week1,Hiddenbrook,Week1,333.0 Wakefield Chapel - 69.0 Hiddenbrook
Walden Glen,Week1,Stratford,Week4,242.0 Stratford - 159.0 Walden Glen
Walden Glen,Week2,Stratford,Week5,203.0 Walden Glen - 199.0 Stratford
Walden Glen,Week2,Stratford,Week4,211.0 Stratford - 191.0 Walden Glen
Wakefield Chapel,Week5,Herndon,Week3,374.0 Wakefield Chapel - 28.0 Herndon
Walden Glen,Week5,Rolling Hills,Week3,217.0 Walden Glen - 185.0 Rolling Hills
Walden Glen,Week1,Kings Ridge ,Week1,201.0 Kings Ridge - 200.0 Walden Glen
Wakefield Chapel,Week1,Pinecrest,Week4,239.0 Wakefield Chapel - 163.0 Pinecrest
Wakefield Chapel,Week3,Herndon,Week1,369.0 Wakefield Chapel - 33.0 Herndon
Walden Glen,Week5,Rolling Hills,Week4,211.0 Walden Glen - 187.0 Rolling Hills
Wakefield Chapel,Week3,Hollin Meadows,Week3,282.0 Wakefield Chapel - 120.0 Hollin Meadows
Walden Glen,Week3,Stratford,Week5,205.0 Stratford - 197.0 Walden Glen
Walden Glen,Week1,Kings Ridge ,Week3,206.0 Kings Ridge - 194.0 Walden Glen
Wakefield Chapel,Week3,Pinecrest,Week1,254.0 Wakefield Chapel - 148.0 Pinecrest
Walden Glen,Week5,Rolling Hills,Week2,222.0 Walden Glen - 180.0 Rolling Hills
Walden Glen,Week5,Little Rocky Run,Week3,295.0 Little Rocky Run - 107.0 Walden Glen
Walden Glen,Week4,Little Rocky Run,Week3,318.0 Little Rocky Run - 84.0 Walden Glen
Wakefield Chapel,Week1,Holmes Run Acres,Week2,322.0 Wakefield Chapel - 80.0 Holmes Run Acres
Walden Glen,Week3,Stratford,Week2,215.0 Walden Glen - 187.0 Stratford
Wakefield Chapel,Week1,Holmes Run Acres,Week4,309.0 Wakefield Chapel - 93.0 Holmes Run Acres
Walden Glen,Week5,Kent Gardens,Week4,204.0 Walden Glen - 198.0 Kent Gardens
Wakefield Chapel,Week4,Herndon,Week5,367.0 Wakefield Chapel - 35.0 Herndon
Wakefield Chapel,Week5,Hollin Meadows,Week2,308.0 Wakefield Chapel - 94.0 Hollin Meadows
Wakefield Chapel,Week3,Hollin Meadows,Week4,285.0 Wakefield Chapel - 117.0 Hollin Meadows
Walden Glen,Week3,Stratford,Week1,231.5 Walden Glen - 170.5 Stratford
Wakefield Chapel,Week1,Holmes Run Acres,Week5,263.0 Wakefield Chapel - 139.0 Holmes Run Acres
Walden Glen,Week4,Rolling Hills,Week1,202.0 Rolling Hills - 199.0 Walden Glen
Wakefield Chapel,Week4,Hollin Meadows,Week4,279.0 Wakefield Chapel - 123.0 Hollin Meadows
Wakefield Chapel,Week2,Hiddenbrook,Week1,336.0 Wakefield Chapel - 66.0 Hiddenbrook
Walden Glen,Week1,Kings Ridge ,Week4,212.0 Kings Ridge - 189.0 Walden Glen
Walden Glen,Week5,Springfield,Week4,352.0 Walden Glen - 48.0 Springfield
Wakefield Chapel,Week2,Pinecrest,Week4,219.0 Wakefield Chapel - 183.0 Pinecrest
Walden Glen,Week1,Kings Ridge ,Week5,224.0 Kings Ridge - 178.0 Walden Glen
Walden Glen,Week4,Little Rocky Run,Week5,315.0 Little Rocky Run - 82.0 Walden Glen
Walden Glen,Week4,Rolling Hills,Week2,205.0 Walden Glen - 192.0 Rolling Hills
Walden Glen,Week4,Rolling Hills,Week4,208.0 Walden Glen - 190.0 Rolling Hills
Walden Glen,Week3,Little Rocky Run,Week1,312.0 Little Rocky Run - 90.0 Walden Glen
Wakefield Chapel,Week2,Hiddenbrook,Week3,337.0 Wakefield Chapel - 65.0 Hiddenbrook
Wakefield Chapel,Week4,Pinecrest,Week1,229.0 Wakefield Chapel - 173.0 Pinecrest
Walden Glen,Week5,Kent Gardens,Week3,218.0 Walden Glen - 184.0 Kent Gardens
Walden Glen,Week4,Little Rocky Run,Week1,300.0 Little Rocky Run - 102.0 Walden Glen
Walden Glen,Week1,Little Rocky Run,Week2,312.0 Little Rocky Run - 90.0 Walden Glen
Wakefield Chapel,Week5,Herndon,Week2,374.0 Wakefield Chapel - 28.0 Herndon
Wakefield Chapel,Week5,Parliament,Week4,328.0 Wakefield Chapel - 74.0 Parliament
Wakefield Chapel,Week5,Parliament,Week1,283.0 Wakefield Chapel - 119.0 Parliament
Walden Glen,Week2,Rolling Valley,Week2,248.0 Walden Glen - 153.0 Rolling Valley
Walden Glen,Week2,Stratford,Week2,208.0 Walden Glen - 189.0 Stratford
Walden Glen,Week2,Little Rocky Run,Week2,309.0 Little Rocky Run - 93.0 Walden Glen
Wakefield Chapel,Week5,Herndon,Week4,376.0 Wakefield Chapel - 26.0 Herndon
Walden Glen,Week2,Kings Ridge ,Week4,204.0 Walden Glen - 198.0 Kings Ridge
Wakefield Chapel,Week5,Pinecrest,Week2,232.5 Wakefield Chapel - 169.5 Pinecrest
Wakefield Chapel,Week2,Holmes Run Acres,Week4,309.0 Wakefield Chapel - 93.0 Holmes Run Acres
Wakefield Chapel,Week4,Pinecrest,Week2,203.0 Wakefield Chapel - 199.0 Pinecrest
Walden Glen,Week1,Rolling Valley,Week1,246.0 Walden Glen - 156.0 Rolling Valley
Walden Glen,Week5,Little Rocky Run,Week1,287.0 Little Rocky Run - 115.0 Walden Glen
Wakefield Chapel,Week1,Hiddenbrook,Week5,324.0 Wakefield Chapel - 78.0 Hiddenbrook
Wakefield Chapel,Week3,Holmes Run Acres,Week1,314.0 Wakefield Chapel - 88.0 Holmes Run Acres
Walden Glen,Week2,Kings Ridge ,Week1,239.0 Walden Glen - 162.0 Kings Ridge
Wakefield Chapel,Week4,Pinecrest,Week3,219.0 Wakefield Chapel - 183.0 Pinecrest
Wakefield Chapel,Week2,Herndon,Week5,371.0 Wakefield Chapel - 31.0 Herndon
Walden Glen,Week4,Stratford,Week2,215.5 Walden Glen - 181.5 Stratford
Walden Glen,Week5,Little Rocky Run,Week5,303.0 Little Rocky Run - 99.0 Walden Glen
Walden Glen,Week2,Kings Ridge ,Week3,222.0 Walden Glen - 171.0 Kings Ridge
Wakefield Chapel,Week3,Holmes Run Acres,Week2,313.0 Wakefield Chapel - 89.0 Holmes Run Acres
Walden Glen,Week5,Rolling Hills,Week5,220.0 Walden Glen - 182.0 Rolling Hills
Walden Glen,Week1,Rolling Valley,Week2,229.0 Walden Glen - 173.0 Rolling Valley
Wakefield Chapel,Week3,Holmes Run Acres,Week5,274.0 Wakefield Chapel - 128.0 Holmes Run Acres
Wakefield Chapel,Week5,Herndon,Week5,378.0 Wakefield Chapel - 24.0 Herndon
Wakefield Chapel,Week4,Holmes Run Acres,Week2,298.0 Wakefield Chapel - 104.0 Holmes Run Acres
Wakefield Chapel,Week5,Pinecrest,Week3,233.0 Wakefield Chapel - 169.0 Pinecrest
Wakefield Chapel,Week3,Holmes Run Acres,Week3,293.0 Wakefield Chapel - 109.0 Holmes Run Acres
Walden Glen,Week5,Kings Ridge ,Week1,276.0 Walden Glen - 126.0 Kings Ridge
Wakefield Chapel,Week3,Holmes Run Acres,Week4,315.0 Wakefield Chapel - 87.0 Holmes Run Acres
Walden Glen,Week3,Long Branch,Week2,202.0 Long Branch - 200.0 Walden Glen
Walden Glen,Week4,Stratford,Week3,221.0 Walden Glen - 181.0 Stratford
Walden Glen,Week1,Stratford,Week5,229.0 Stratford - 169.0 Walden Glen
Wakefield Chapel,Week5,Pinecrest,Week5,240.0 Wakefield Chapel - 162.0 Pinecrest
Walden Glen,Week1,Little Rocky Run,Week5,334.0 Little Rocky Run - 63.0 Walden Glen
Walden Glen,Week2,Little Rocky Run,Week5,319.0 Little Rocky Run - 78.0 Walden Glen
Wakefield Chapel,Week1,Hunt Valley,Week3,218.0 Wakefield Chapel - 184.0 Hunt Valley
Walden Glen,Week2,Rolling Valley,Week3,263.0 Walden Glen - 139.0 Rolling Valley
Walden Glen,Week3,Kings Ridge ,Week4,214.5 Walden Glen - 187.5 Kings Ridge
Walden Glen,Week1,Rolling Valley,Week4,214.0 Walden Glen - 187.0 Rolling Valley
Walden Glen,Week4,Kings Ridge ,Week5,224.0 Walden Glen - 178.0 Kings Ridge
Walden Glen,Week1,Long Branch,Week4,222.0 Long Branch - 180.0 Walden Glen
Wakefield Chapel,Week1,Pinewood Lake,Week2,390.0 Wakefield Chapel - 7.0 Pinewood Lake
Walden Glen,Week3,Stratford,Week4,227.0 Stratford - 175.0 Walden Glen
Wakefield Chapel,Week1,Pinewood Lake,Week4,390.0 Wakefield Chapel - 12.0 Pinewood Lake
Walden Glen,Week3,Stratford,Week3,216.0 Stratford - 186.0 Walden Glen
Walden Glen,Week2,Rolling Valley,Week4,241.0 Walden Glen - 160.0 Rolling Valley
Walden Glen,Week4,Kings Ridge ,Week2,254.0 Walden Glen - 148.0 Kings Ridge
Wakefield Chapel,Week1,Pinewood Lake,Week3,388.0 Wakefield Chapel - 14.0 Pinewood Lake
Wakefield Chapel,Week4,Herndon,Week3,365.0 Wakefield Chapel - 37.0 Herndon
Walden Glen,Week5,Kings Ridge ,Week5,256.0 Walden Glen - 146.0 Kings Ridge
Walden Glen,Week1,Long Branch,Week1,212.0 Long Branch - 185.0 Walden Glen
Walden Glen,Week2,Rolling Valley,Week1,277.0 Walden Glen - 125.0 Rolling Valley
Walden Glen,Week4,Stratford,Week1,247.0 Walden Glen - 154.0 Stratford
Wakefield Chapel,Week4,Herndon,Week2,370.0 Wakefield Chapel - 32.0 Herndon
Wakefield Chapel,Week1,Hiddenbrook,Week4,326.0 Wakefield Chapel - 76.0 Hiddenbrook
Wakefield Chapel,Week3,Hiddenbrook,Week4,335.0 Wakefield Chapel - 67.0 Hiddenbrook
Wakefield Chapel,Week3,Hiddenbrook,Week3,332.0 Wakefield Chapel - 65.0 Hiddenbrook
Walden Glen,Week1,Lake Braddock,Week2,227.0 Walden Glen - 174.0 Lake Braddock
Wakefield Chapel,Week4,Hunt Valley,Week5,201.0 Hunt Valley - 201.0 Wakefield Chapel
Wakefield Chapel,Week1,North Springfield,Week1,313.0 Wakefield Chapel - 38.0 North Springfield
Walden Glen,Week5,Springfield,Week3,360.5 Walden Glen - 33.5 Springfield
Walden Glen,Week4,Stratford,Week5,218.0 Walden Glen - 184.0 Stratford
Walden Glen,Week3,Kings Ridge ,Week3,221.0 Walden Glen - 177.0 Kings Ridge
Wakefield Chapel,Week3,Hiddenbrook,Week1,332.0 Wakefield Chapel - 70.0 Hiddenbrook
Wakefield Chapel,Week5,Newington Forest,Week4,353.0 Wakefield Chapel - 49.0 Newington Forest
Wakefield Chapel,Week3,Hiddenbrook,Week5,315.0 Wakefield Chapel - 87.0 Hiddenbrook
Wakefield Chapel,Week2,Hunt Valley,Week5,208.0 Wakefield Chapel - 194.0 Hunt Valley
Wakefield Chapel,Week4,Newington Forest,Week4,333.0 Wakefield Chapel - 69.0 Newington Forest
Walden Glen,Week2,Rolling Valley,Week5,260.0 Walden Glen - 142.0 Rolling Valley
Wakefield Chapel,Week2,Hunt Valley,Week3,202.0 Hunt Valley - 200.0 Wakefield Chapel
Walden Glen,Week3,Long Branch,Week1,206.0 Walden Glen - 195.0 Long Branch
Wakefield Chapel,Week2,Hiddenbrook,Week5,313.0 Wakefield Chapel - 89.0 Hiddenbrook
Walden Glen,Week3,Rolling Valley,Week2,253.0 Walden Glen - 149.0 Rolling Valley
Walden Glen,Week4,Stratford,Week4,208.0 Stratford - 194.0 Walden Glen
Wakefield Chapel,Week4,Hunt Valley,Week3,212.0 Wakefield Chapel - 190.0 Hunt Valley
Walden Glen,Week3,Rolling Valley,Week1,286.0 Walden Glen - 116.0 Rolling Valley
Wakefield Chapel,Week1,North Springfield,Week3,342.0 Wakefield Chapel - 55.0 North Springfield
Wakefield Chapel,Week3,Hiddenbrook,Week2,361.0 Wakefield Chapel - 41.0 Hiddenbrook
Walden Glen,Week3,Little Rocky Run,Week3,324.0 Little Rocky Run - 78.0 Walden Glen
Walden Glen,Week3,Long Branch,Week4,202.0 Walden Glen - 200.0 Long Branch
Wakefield Chapel,Week4,Hiddenbrook,Week1,327.0 Wakefield Chapel - 75.0 Hiddenbrook
Walden Glen,Week3,Kings Ridge ,Week5,212.0 Walden Glen - 190.0 Kings Ridge
Walden Glen,Week5,Kings Ridge ,Week2,277.0 Walden Glen - 125.0 Kings Ridge
Walden Glen,Week2,Long Branch,Week3,221.0 Walden Glen - 181.0 Long Branch
Walden Glen,Week3,Rolling Valley,Week3,265.0 Walden Glen - 137.0 Rolling Valley
Wakefield Chapel,Week3,North Springfield,Week1,323.0 Wakefield Chapel - 28.0 North Springfield
Walden Glen,Week3,Kings Ridge ,Week2,248.0 Walden Glen - 153.0 Kings Ridge
Walden Glen,Week5,Long Branch,Week1,240.0 Walden Glen - 160.0 Long Branch
Walden Glen,Week5,Rolling Hills,Week1,219.5 Walden Glen - 181.5 Rolling Hills
Walden Glen,Week2,Stratford,Week3,205.0 Walden Glen - 197.0 Stratford
Walden Glen,Week3,Little Rocky Run,Week2,312.0 Little Rocky Run - 90.0 Walden Glen
Wakefield Chapel,Week3,Hunt Valley,Week2,247.0 Wakefield Chapel - 155.0 Hunt Valley
Walden Glen,Week1,Lake Braddock,Week3,222.0 Walden Glen - 180.0 Lake Braddock
Walden Glen,Week1,Stratford,Week1,203.0 Walden Glen - 199.0 Stratford
Wakefield Chapel,Week4,Hunt Valley,Week4,215.0 Wakefield Chapel - 187.0 Hunt Valley
Walden Glen,Week1,Rolling Valley,Week5,216.0 Walden Glen - 186.0 Rolling Valley
Walden Glen,Week1,Stratford,Week2,222.0 Stratford - 175.0 Walden Glen
Walden Glen,Week5,Kings Ridge ,Week3,263.0 Walden Glen - 135.0 Kings Ridge
Wakefield Chapel,Week4,Newington Forest,Week2,334.0 Wakefield Chapel - 68.0 Newington Forest
Wakefield Chapel,Week3,Newington Forest,Week5,336.0 Wakefield Chapel - 66.0 Newington Forest
Walden Glen,Week5,Springfield,Week5,365.0 Walden Glen - 34.0 Springfield
Wakefield Chapel,Week1,Hunt Valley,Week2,254.0 Wakefield Chapel - 148.0 Hunt Valley
Wakefield Chapel,Week5,Hiddenbrook,Week3,343.0 Wakefield Chapel - 59.0 Hiddenbrook
Wakefield Chapel,Week1,Hunt Valley,Week4,235.0 Wakefield Chapel - 167.0 Hunt Valley
Walden Glen,Week3,Little Rocky Run,Week4,312.0 Little Rocky Run - 90.0 Walden Glen
Walden Glen,Week2,Lake Braddock,Week1,279.0 Walden Glen - 123.0 Lake Braddock
Walden Glen,Week4,Rolling Hills,Week5,208.0 Walden Glen - 194.0 Rolling Hills
Walden Glen,Week1,Rolling Valley,Week3,242.0 Walden Glen - 160.0 Rolling Valley
Walden Glen,Week5,Sully Station,Week2,265.0 Sully Station - 137.0 Walden Glen
Wakefield Chapel,Week3,High Point Pool,Week5,277.0 Wakefield Chapel - 125.0 High Point Pool
Walden Glen,Week5,Sully Station,Week3,263.0 Sully Station - 139.0 Walden Glen
Wakefield Chapel,Week4,Newington Forest,Week3,333.0 Wakefield Chapel - 69.0 Newington Forest
Wakefield Chapel,Week1,Hunt Valley,Week1,254.0 Wakefield Chapel - 148.0 Hunt Valley
Walden Glen,Week1,Little Rocky Run,Week3,335.0 Little Rocky Run - 67.0 Walden Glen
Wakefield Chapel,Week5,North Springfield,Week3,361.0 Wakefield Chapel - 36.0 North Springfield
Wakefield Chapel,Week4,Hiddenbrook,Week2,354.0 Wakefield Chapel - 48.0 Hiddenbrook
Walden Glen,Week2,Little Rocky Run,Week1,306.0 Little Rocky Run - 95.0 Walden Glen
Walden Glen,Week3,Rolling Valley,Week4,253.0 Walden Glen - 149.0 Rolling Valley
Walden Glen,Week1,Lake Braddock,Week4,232.0 Walden Glen - 170.0 Lake Braddock
Walden Glen,Week4,Sully Station,Week1,278.0 Sully Station - 124.0 Walden Glen
Wakefield Chapel,Week5,Newington Forest,Week5,347.0 Wakefield Chapel - 55.0 Newington Forest
Walden Glen,Week2,Sully Station,Week1,283.0 Sully Station - 119.0 Walden Glen
Walden Glen,Week1,Little Rocky Run,Week4,320.0 Little Rocky Run - 82.0 Walden Glen
Wakefield Chapel,Week4,High Point Pool,Week4,254.0 Wakefield Chapel - 148.0 High Point Pool
Wakefield Chapel,Week2,Hunt Valley,Week2,235.0 Wakefield Chapel - 167.0 Hunt Valley
Walden Glen,Week3,Sully Station,Week4,283.0 Sully Station - 119.0 Walden Glen
Wakefield Chapel,Week1,High Point Pool,Week5,261.0 Wakefield Chapel - 141.0 High Point Pool
Wakefield Chapel,Week1,Hunt Valley,Week5,229.0 Wakefield Chapel - 173.0 Hunt Valley
Wakefield Chapel,Week5,Newington Forest,Week1,362.0 Wakefield Chapel - 40.0 Newington Forest
Wakefield Chapel,Week5,Newington Forest,Week2,355.0 Wakefield Chapel - 47.0 Newington Forest
Wakefield Chapel,Week2,Hunt Valley,Week1,234.0 Wakefield Chapel - 168.0 Hunt Valley
Walden Glen,Week2,Lake Braddock,Week3,249.0 Walden Glen - 153.0 Lake Braddock
Walden Glen,Week4,Kings Ridge ,Week3,233.0 Walden Glen - 165.0 Kings Ridge
Walden Glen,Week1,Sully Station,Week5,305.0 Sully Station - 97.0 Walden Glen
Wakefield Chapel,Week5,Holmes Run Acres,Week4,315.0 Wakefield Chapel - 87.0 Holmes Run Acres
Walden Glen,Week2,Little Rocky Run,Week4,306.0 Little Rocky Run - 96.0 Walden Glen
Wakefield Chapel,Week2,High Point Pool,Week1,272.0 Wakefield Chapel - 130.0 High Point Pool
Walden Glen,Week5,Stratford,Week2,249.0 Walden Glen - 153.0 Stratford
Wakefield Chapel,Week4,High Point Pool,Week2,256.0 Wakefield Chapel - 146.0 High Point Pool
Wakefield Chapel,Week4,High Point Pool,Week3,257.0 Wakefield Chapel - 145.0 High Point Pool
Wakefield Chapel,Week5,Holmes Run Acres,Week3,294.0 Wakefield Chapel - 108.0 Holmes Run Acres
Wakefield Chapel,Week1,North Springfield,Week5,309.0 Wakefield Chapel - 65.0 North Springfield
Wakefield Chapel,Week4,Newington Forest,Week5,327.0 Wakefield Chapel - 75.0 Newington Forest
Walden Glen,Week2,Sully Station,Week2,269.0 Sully Station - 128.0 Walden Glen
Walden Glen,Week2,Little Rocky Run,Week3,318.0 Little Rocky Run - 84.0 Walden Glen
Wakefield Chapel,Week4,High Point Pool,Week1,263.0 Wakefield Chapel - 139.0 High Point Pool
Wakefield Chapel,Week5,Holmes Run Acres,Week5,279.0 Wakefield Chapel - 123.0 Holmes Run Acres
Walden Glen,Week2,Lake Braddock,Week4,255.5 Walden Glen - 145.5 Lake Braddock
Walden Glen,Week4,Little Rocky Run,Week2,291.0 Little Rocky Run - 111.0 Walden Glen
Walden Glen,Week2,Lake Braddock,Week2,251.0 Walden Glen - 150.0 Lake Braddock
Walden Glen,Week3,Little Rocky Run,Week5,324.0 Little Rocky Run - 78.0 Walden Glen
Walden Glen,Week4,Little Rocky Run,Week4,301.0 Little Rocky Run - 101.0 Walden Glen
Wakefield Chapel,Week2,North Springfield,Week4,349.0 Wakefield Chapel - 42.0 North Springfield
Walden Glen,Week4,Kings Ridge ,Week1,252.0 Walden Glen - 150.0 Kings Ridge
Walden Glen,Week2,Lake Braddock,Week5,246.0 Walden Glen - 156.0 Lake Braddock
Walden Glen,Week2,Sully Station,Week3,267.0 Sully Station - 135.0 Walden Glen
Walden Glen,Week4,Kings Ridge ,Week4,233.0 Walden Glen - 169.0 Kings Ridge
Wakefield Chapel,Week2,High Point Pool,Week3,269.0 Wakefield Chapel - 133.0 High Point Pool
Walden Glen,Week1,Long Branch,Week2,207.0 Long Branch - 195.0 Walden Glen
Walden Glen,Week3,Kings Ridge ,Week1,236.0 Walden Glen - 166.0 Kings Ridge
Wakefield Chapel,Week5,Newington Forest,Week3,360.0 Wakefield Chapel - 42.0 Newington Forest
Walden Glen,Week2,Great Falls,Week3,246.5 Great Falls - 149.5 Walden Glen
Wakefield Chapel,Week3,Hunt Valley,Week5,214.0 Wakefield Chapel - 188.0 Hunt Valley
Wakefield Chapel,Week4,Hiddenbrook,Week5,314.0 Wakefield Chapel - 88.0 Hiddenbrook
Wakefield Chapel,Week1,North Springfield,Week4,347.5 Wakefield Chapel - 44.5 North Springfield
Wakefield Chapel,Week5,Hiddenbrook,Week2,368.0 Wakefield Chapel - 34.0 Hiddenbrook
Wakefield Chapel,Week4,Hunt Valley,Week2,227.0 Wakefield Chapel - 175.0 Hunt Valley
Wakefield Chapel,Week5,Hiddenbrook,Week4,342.0 Wakefield Chapel - 60.0 Hiddenbrook
Walden Glen,Week5,Stratford,Week5,237.0 Walden Glen - 165.0 Stratford
Walden Glen,Week5,Stratford,Week4,211.0 Walden Glen - 191.0 Stratford
Walden Glen,Week2,Sully Station,Week5,278.0 Sully Station - 120.0 Walden Glen
Wakefield Chapel,Week3,Hunt Valley,Week3,221.5 Wakefield Chapel - 180.5 Hunt Valley
Walden Glen,Week2,Long Branch,Week4,202.5 Long Branch - 198.5 Walden Glen
Walden Glen,Week3,Sully Station,Week2,275.0 Sully Station - 127.0 Walden Glen
Wakefield Chapel,Week3,Hunt Valley,Week4,240.0 Wakefield Chapel - 162.0 Hunt Valley
Walden Glen,Week1,Sully Station,Week2,289.0 Sully Station - 108.0 Walden Glen
Wakefield Chapel,Week3,North Springfield,Week4,352.0 Wakefield Chapel - 40.0 North Springfield
Walden Glen,Week5,Great Falls,Week5,234.5 Great Falls - 167.5 Walden Glen
Wakefield Chapel,Week4,Hunt Valley,Week1,222.0 Wakefield Chapel - 180.0 Hunt Valley
Wakefield Chapel,Week3,North Springfield,Week2,349.0 Wakefield Chapel - 39.0 North Springfield
Wakefield Chapel,Week1,High Point Pool,Week3,271.0 Wakefield Chapel - 131.0 High Point Pool
Walden Glen,Week2,Long Branch,Week1,218.0 Walden Glen - 175.0 Long Branch
Walden Glen,Week5,Great Falls,Week2,202.0 Great Falls - 182.0 Walden Glen
Wakefield Chapel,Week2,North Springfield,Week3,345.0 Wakefield Chapel - 51.0 North Springfield
Wakefield Chapel,Week5,Hiddenbrook,Week5,335.0 Wakefield Chapel - 67.0 Hiddenbrook
Walden Glen,Week2,Sully Station,Week4,282.0 Sully Station - 120.0 Walden Glen
Wakefield Chapel,Week1,North Springfield,Week2,338.0 Wakefield Chapel - 50.0 North Springfield
Walden Glen,Week1,Long Branch,Week5,221.0 Long Branch - 181.0 Walden Glen
Wakefield Chapel,Week4,Newington Forest,Week1,349.0 Wakefield Chapel - 53.0 Newington Forest
Wakefield Chapel,Week2,Hunt Valley,Week4,226.0 Wakefield Chapel - 176.0 Hunt Valley
Walden Glen,Week2,Long Branch,Week5,201.5 Walden Glen - 200.5 Long Branch
Walden Glen,Week5,Little Rocky Run,Week4,282.0 Little Rocky Run - 120.0 Walden Glen
Wakefield Chapel,Week1,High Point Pool,Week4,249.0 Wakefield Chapel - 153.0 High Point Pool
Wakefield Chapel,Week2,North Springfield,Week1,319.0 Wakefield Chapel - 31.0 North Springfield
Walden Glen,Week5,Stratford,Week3,232.0 Walden Glen - 170.0 Stratford
Walden Glen,Week2,Long Branch,Week2,218.0 Walden Glen - 183.0 Long Branch
Wakefield Chapel,Week3,Hunt Valley,Week1,245.0 Wakefield Chapel - 157.0 Hunt Valley
Walden Glen,Week5,Kings Ridge ,Week4,256.0 Walden Glen - 146.0 Kings Ridge
Walden Glen,Week5,Little Rocky Run,Week2,280.0 Little Rocky Run - 122.0 Walden Glen
Walden Glen,Week1,Lake Braddock,Week5,220.0 Walden Glen - 181.0 Lake Braddock
Walden Glen,Week1,Lake Braddock,Week1,244.0 Walden Glen - 154.0 Lake Braddock
Walden Glen,Week3,Long Branch,Week5,218.0 Long Branch - 184.0 Walden Glen
Wakefield Chapel,Week3,North Springfield,Week5,318.0 Wakefield Chapel - 56.0 North Springfield
Wakefield Chapel,Week2,North Springfield,Week2,351.0 Wakefield Chapel - 37.0 North Springfield
Wakefield Chapel,Week1,High Point Pool,Week1,271.0 Wakefield Chapel - 131.0 High Point Pool
Wakefield Chapel,Week2,High Point Pool,Week2,255.0 Wakefield Chapel - 147.0 High Point Pool
Walden Glen,Week3,Sully Station,Week3,277.0 Sully Station - 125.0 Walden Glen
Walden Glen,Week1,Sully Station,Week3,307.0 Sully Station - 95.0 Walden Glen
Walden Glen,Week3,Sully Station,Week1,291.0 Sully Station - 111.0 Walden Glen
Walden Glen,Week4,Sully Station,Week2,268.0 Sully Station - 129.0 Walden Glen
Wakefield Chapel,Week4,Hiddenbrook,Week4,323.0 Wakefield Chapel - 79.0 Hiddenbrook
Wakefield Chapel,Week4,North Springfield,Week2,344.0 Wakefield Chapel - 44.0 North Springfield
Walden Glen,Week3,Long Branch,Week3,209.0 Walden Glen - 193.0 Long Branch
Walden Glen,Week4,Long Branch,Week1,223.0 Walden Glen - 172.0 Long Branch
Walden Glen,Week3,Great Falls,Week4,216.0 Great Falls - 185.0 Walden Glen
Walden Glen,Week3,Broyhill Crest,Week5,307.0 Walden Glen - 94.0 Broyhill Crest
Walden Glen,Week5,Great Falls,Week4,204.0 Great Falls - 198.0 Walden Glen
Walden Glen,Week1,Greenbriar,Week3,283.0 Greenbriar - 118.0 Walden Glen
Wakefield Chapel,Week2,High Point Pool,Week4,256.0 Wakefield Chapel - 146.0 High Point Pool
Walden Glen,Week4,Broyhill Crest,Week1,327.0 Walden Glen - 73.0 Broyhill Crest
Walden Glen,Week3,Broyhill Crest,Week2,337.0 Walden Glen - 63.0 Broyhill Crest
Wakefield Chapel,Week5,North Springfield,Week1,325.0 Wakefield Chapel - 25.0 North Springfield
Wakefield Chapel,Week4,North Springfield,Week3,352.0 Wakefield Chapel - 45.0 North Springfield
Walden Glen,Week1,Sully Station,Week1,305.0 Sully Station - 93.0 Walden Glen
Walden Glen,Week3,Burke Station,Week4,240.5 Walden Glen - 160.5 Burke Station
Walden Glen,Week1,Sully Station,Week4,311.0 Sully Station - 91.0 Walden Glen
Walden Glen,Week4,Long Branch,Week5,210.0 Walden Glen - 191.0 Long Branch
Wakefield Chapel,Week1,High Point Pool,Week2,263.0 Wakefield Chapel - 139.0 High Point Pool
Walden Glen,Week4,Broyhill Crest,Week3,335.0 Walden Glen - 61.0 Broyhill Crest
Walden Glen,Week4,Long Branch,Week3,232.0 Walden Glen - 170.0 Long Branch
Walden Glen,Week3,Sully Station,Week5,285.5 Sully Station - 115.5 Walden Glen
Walden Glen,Week3,Great Falls,Week2,232.0 Great Falls - 152.0 Walden Glen
Walden Glen,Week4,Broyhill Crest,Week5,318.0 Walden Glen - 83.0 Broyhill Crest
Wakefield Chapel,Week2,High Point Pool,Week5,261.0 Wakefield Chapel - 141.0 High Point Pool
Walden Glen,Week1,Mansion House,Week1,274.0 Mansion House - 123.0 Walden Glen
Walden Glen,Week1,Great Falls,Week2,251.0 Great Falls - 132.0 Walden Glen
Walden Glen,Week1,Burke Station,Week1,208.0 Walden Glen - 170.0 Burke Station
Walden Glen,Week4,Great Falls,Week2,226.0 Great Falls - 158.0 Walden Glen
Wakefield Chapel,Week4,North Springfield,Week5,320.0 Wakefield Chapel - 53.0 North Springfield
Walden Glen,Week4,Great Falls,Week5,239.0 Great Falls - 158.0 Walden Glen
Walden Glen,Week4,Sully Station,Week3,271.0 Sully Station - 131.0 Walden Glen
Wakefield Chapel,Week4,North Springfield,Week4,355.0 Wakefield Chapel - 37.0 North Springfield
Walden Glen,Week4,Long Branch,Week2,234.0 Walden Glen - 167.0 Long Branch
Wakefield Chapel,Week3,High Point Pool,Week1,275.0 Wakefield Chapel - 127.0 High Point Pool
Walden Glen,Week1,Greenbriar,Week1,287.0 Greenbriar - 115.0 Walden Glen
Walden Glen,Week4,Broyhill Crest,Week2,331.0 Walden Glen - 71.0 Broyhill Crest
Wakefield Chapel,Week2,North Springfield,Week5,315.0 Wakefield Chapel - 59.0 North Springfield
Walden Glen,Week4,Burke Station,Week2,255.0 Walden Glen - 137.0 Burke Station
Walden Glen,Week4,Long Branch,Week4,214.0 Walden Glen - 188.0 Long Branch
Walden Glen,Week2,Great Falls,Week4,215.0 Great Falls - 181.0 Walden Glen
Wakefield Chapel,Week3,High Point Pool,Week2,276.0 Wakefield Chapel - 126.0 High Point Pool
Wakefield Chapel,Week5,Hiddenbrook,Week1,343.0 Wakefield Chapel - 59.0 Hiddenbrook
Wakefield Chapel,Week3,North Springfield,Week3,351.0 Wakefield Chapel - 46.0 North Springfield
Walden Glen,Week4,Sully Station,Week4,287.0 Sully Station - 115.0 Walden Glen
Walden Glen,Week5,Long Branch,Week3,243.0 Walden Glen - 159.0 Long Branch
Walden Glen,Week5,Sully Station II,Week3,290.0 Sully Station II - 112.0 Walden Glen
Walden Glen,Week1,Mansion House,Week2,265.0 Mansion House - 132.0 Walden Glen
Wakefield Chapel,Week3,High Point Pool,Week4,265.0 Wakefield Chapel - 137.0 High Point Pool
Wakefield Chapel,Week4,Oakton ,Week5,201.5 Oakton - 200.5 Wakefield Chapel
Walden Glen,Week2,Great Falls,Week2,238.0 Great Falls - 145.0 Walden Glen
Wakefield Chapel,Week5,North Springfield,Week4,357.0 Wakefield Chapel - 35.0 North Springfield
Walden Glen,Week5,Stratford,Week1,255.0 Walden Glen - 145.0 Stratford
Walden Glen,Week5,Broyhill Crest,Week5,331.0 Walden Glen - 70.0 Broyhill Crest
Walden Glen,Week5,Sully Station,Week1,279.0 Sully Station - 123.0 Walden Glen
Walden Glen,Week1,Burke Station,Week2,234.0 Walden Glen - 158.0 Burke Station
Walden Glen,Week1,Sully Station II,Week5,314.0 Sully Station II - 88.0 Walden Glen
Wakefield Chapel,Week4,Hamlet,Week1,211.0 Wakefield Chapel - 191.0 Hamlet
Wakefield Chapel,Week5,North Springfield,Week2,354.0 Wakefield Chapel - 34.0 North Springfield
Walden Glen,Week2,Broyhill Crest,Week5,303.0 Walden Glen - 98.0 Broyhill Crest
Walden Glen,Week3,Mansion House,Week2,251.0 Mansion House - 151.0 Walden Glen
Walden Glen,Week5,Fox Mill Woods,Week5,265.0 Fox Mill Woods - 137.0 Walden Glen
Walden Glen,Week1,Mansion House,Week4,248.0 Mansion House - 148.0 Walden Glen
Walden Glen,Week3,Burke Station,Week3,217.5 Walden Glen - 179.5 Burke Station
Walden Glen,Week3,Great Falls,Week1,235.0 Great Falls - 163.0 Walden Glen
Walden Glen,Week4,Sully Station,Week5,282.0 Sully Station - 119.0 Walden Glen
Walden Glen,Week3,Mansion House,Week1,259.0 Mansion House - 143.0 Walden Glen
Walden Glen,Week1,Great Falls,Week5,267.0 Great Falls - 129.0 Walden Glen
Wakefield Chapel,Week3,High Point Pool,Week3,277.0 Wakefield Chapel - 125.0 High Point Pool
Wakefield Chapel,Week1,Oakton ,Week2,219.0 Wakefield Chapel - 183.0 Oakton
Walden Glen,Week1,Great Falls,Week3,265.0 Great Falls - 131.0 Walden Glen
Wakefield Chapel,Week4,Hamlet,Week5,230.0 Hamlet - 172.0 Wakefield Chapel
Wakefield Chapel,Week3,Hayfield Farm,Week4,317.0 Wakefield Chapel - 85.0 Hayfield Farm
Walden Glen,Week2,Sully Station II,Week3,298.0 Sully Station II - 104.0 Walden Glen
Wakefield Chapel,Week4,North Springfield,Week1,316.0 Wakefield Chapel - 34.0 North Springfield
Walden Glen,Week4,Great Falls,Week3,232.0 Great Falls - 165.0 Walden Glen
Walden Glen,Week1,Burke Station,Week4,223.0 Walden Glen - 170.0 Burke Station
Walden Glen,Week5,Broyhill Crest,Week1,342.0 Walden Glen - 58.0 Broyhill Crest
Walden Glen,Week2,Mansion House,Week2,240.0 Mansion House - 157.0 Walden Glen
Walden Glen,Week2,Mansion House,Week1,245.0 Mansion House - 152.0 Walden Glen
Walden Glen,Week3,Sully Station II,Week4,278.0 Sully Station II - 124.0 Walden Glen
Wakefield Chapel,Week5,Oakton ,Week5,247.0 Wakefield Chapel - 155.0 Oakton
Walden Glen,Week5,Burke Station,Week1,241.0 Walden Glen - 133.0 Burke Station
Wakefield Chapel,Week3,Oakton ,Week1,230.0 Wakefield Chapel - 172.0 Oakton
Wakefield Chapel,Week1,Hayfield Farm,Week2,326.0 Wakefield Chapel - 76.0 Hayfield Farm
Walden Glen,Week4,Great Falls,Week4,203.0 Great Falls - 194.0 Walden Glen
Walden Glen,Week5,Sully Station II,Week4,237.0 Sully Station II - 165.0 Walden Glen
Wakefield Chapel,Week2,Hayfield Farm,Week4,299.0 Wakefield Chapel - 103.0 Hayfield Farm
Wakefield Chapel,Week1,Oakton ,Week4,246.0 Wakefield Chapel - 156.0 Oakton
Walden Glen,Week2,Mansion House,Week5,262.0 Mansion House - 139.0 Walden Glen
Walden Glen,Week1,Camelot,Week2,230.0 Camelot - 172.0 Walden Glen
Wakefield Chapel,Week2,Hayfield Farm,Week2,311.0 Wakefield Chapel - 91.0 Hayfield Farm
Wakefield Chapel,Week2,Oakton ,Week2,211.0 Wakefield Chapel - 191.0 Oakton
Walden Glen,Week3,Mansion House,Week4,228.0 Mansion House - 173.0 Walden Glen
Wakefield Chapel,Week4,Oakton ,Week3,207.0 Oakton - 195.0 Wakefield Chapel
Wakefield Chapel,Week1,Old Keene Mill,Week1,329.0 Wakefield Chapel - 73.0 Old Keene Mill
Walden Glen,Week5,Sully Station II,Week1,259.0 Sully Station II - 143.0 Walden Glen
Walden Glen,Week5,Broyhill Crest,Week2,351.0 Walden Glen - 51.0 Broyhill Crest
Walden Glen,Week5,Fox Mill Woods,Week4,280.0 Fox Mill Woods - 122.0 Walden Glen
Walden Glen,Week2,Mansion House,Week4,222.0 Mansion House - 175.0 Walden Glen
Walden Glen,Week3,Sully Station II,Week1,272.0 Sully Station II - 130.0 Walden Glen
Walden Glen,Week1,Mansion House,Week5,287.0 Mansion House - 115.0 Walden Glen
Walden Glen,Week3,Broyhill Crest,Week1,328.0 Walden Glen - 68.0 Broyhill Crest
Walden Glen,Week3,Great Falls,Week5,242.0 Great Falls - 159.0 Walden Glen
Walden Glen,Week4,Sully Station II,Week3,294.5 Sully Station II - 107.5 Walden Glen
Wakefield Chapel,Week3,Hayfield Farm,Week2,320.0 Wakefield Chapel - 82.0 Hayfield Farm
Walden Glen,Week2,Great Falls,Week1,227.0 Great Falls - 173.0 Walden Glen
Walden Glen,Week3,Mansion House,Week3,279.0 Mansion House - 123.0 Walden Glen
Walden Glen,Week3,Broyhill Crest,Week3,335.0 Walden Glen - 66.0 Broyhill Crest
Wakefield Chapel,Week4,Hamlet,Week2,224.0 Hamlet - 178.0 Wakefield Chapel
Walden Glen,Week4,Great Falls,Week1,216.0 Great Falls - 185.0 Walden Glen
Wakefield Chapel,Week3,Hayfield Farm,Week5,305.0 Wakefield Chapel - 97.0 Hayfield Farm
Wakefield Chapel,Week2,Oakton ,Week3,209.0 Wakefield Chapel - 193.0 Oakton
Walden Glen,Week5,Great Falls,Week1,210.0 Great Falls - 191.0 Walden Glen
Walden Glen,Week3,Great Falls,Week3,249.0 Great Falls - 153.0 Walden Glen
Walden Glen,Week1,Burke Station,Week3,192.5 Walden Glen - 190.5 Burke Station
Wakefield Chapel,Week5,Oakton ,Week2,236.0 Wakefield Chapel - 166.0 Oakton
Walden Glen,Week3,Mansion House,Week5,272.0 Mansion House - 130.0 Walden Glen
Walden Glen,Week2,Truro,Week4,201.0 Walden Glen - 200.0 Truro
Walden Glen,Week4,Broyhill Crest,Week4,323.0 Walden Glen - 79.0 Broyhill Crest
Walden Glen,Week1,Great Falls,Week4,227.0 Great Falls - 161.0 Walden Glen
Wakefield Chapel,Week5,Hamlet,Week1,244.0 Wakefield Chapel - 158.0 Hamlet
Walden Glen,Week5,Broyhill Crest,Week3,346.0 Walden Glen - 55.0 Broyhill Crest
Walden Glen,Week5,Long Branch,Week5,224.0 Walden Glen - 177.0 Long Branch
Wakefield Chapel,Week1,Hayfield Farm,Week1,322.5 Wakefield Chapel - 79.5 Hayfield Farm
Wakefield Chapel,Week4,Hamlet,Week3,206.0 Hamlet - 196.0 Wakefield Chapel
Wakefield Chapel,Week1,Hayfield Farm,Week4,313.0 Wakefield Chapel - 89.0 Hayfield Farm
Walden Glen,Week2,Sully Station II,Week4,250.0 Sully Station II - 152.0 Walden Glen
Walden Glen,Week3,Burke Station,Week1,199.0 Walden Glen - 179.0 Burke Station
Walden Glen,Week5,Long Branch,Week2,247.0 Walden Glen - 154.0 Long Branch
Walden Glen,Week1,Sully Station II,Week4,271.0 Sully Station II - 131.0 Walden Glen
Wakefield Chapel,Week1,Old Keene Mill,Week2,324.0 Wakefield Chapel - 78.0 Old Keene Mill
Walden Glen,Week1,Sully Station II,Week1,285.0 Sully Station II - 117.0 Walden Glen
Wakefield Chapel,Week1,Old Keene Mill,Week3,324.0 Wakefield Chapel - 78.0 Old Keene Mill
Wakefield Chapel,Week4,Oakton ,Week1,205.0 Wakefield Chapel - 197.0 Oakton
Walden Glen,Week1,Mansion House,Week3,291.0 Mansion House - 111.0 Walden Glen
Wakefield Chapel,Week3,Oakton ,Week3,224.0 Wakefield Chapel - 173.0 Oakton
Walden Glen,Week1,Truro,Week1,224.0 Truro - 177.0 Walden Glen
Walden Glen,Week1,Great Falls,Week1,243.0 Great Falls - 158.0 Walden Glen
Walden Glen,Week2,Mansion House,Week3,263.0 Mansion House - 139.0 Walden Glen
Wakefield Chapel,Week5,Hamlet,Week2,231.0 Wakefield Chapel - 171.0 Hamlet
Walden Glen,Week2,Truro,Week3,214.0 Walden Glen - 187.0 Truro
Walden Glen,Week3,Broyhill Crest,Week4,325.0 Walden Glen - 75.0 Broyhill Crest
Walden Glen,Week2,Great Falls,Week5,252.0 Great Falls - 145.0 Walden Glen
Walden Glen,Week5,Broyhill Crest,Week4,342.0 Walden Glen - 60.0 Broyhill Crest
Wakefield Chapel,Week3,Hamlet,Week5,221.0 Hamlet - 181.0 Wakefield Chapel
Walden Glen,Week4,Mansion House,Week1,247.0 Mansion House - 150.0 Walden Glen
Walden Glen,Week2,Burke Station,Week1,205.0 Walden Glen - 169.0 Burke Station
Wakefield Chapel,Week2,Hayfield Farm,Week3,276.0 Wakefield Chapel - 126.0 Hayfield Farm
Walden Glen,Week5,Long Branch,Week4,231.0 Walden Glen - 171.0 Long Branch
Walden Glen,Week5,Great Falls,Week3,211.0 Great Falls - 191.0 Walden Glen
Walden Glen,Week5,Sully Station,Week5,272.0 Sully Station - 129.0 Walden Glen
Walden Glen,Week5,Greenbriar,Week4,204.0 Greenbriar - 198.0 Walden Glen
Wakefield Chapel,Week5,Hamlet,Week3,237.0 Wakefield Chapel - 165.0 Hamlet
Walden Glen,Week2,Sully Station II,Week1,258.0 Sully Station II - 144.0 Walden Glen
Wakefield Chapel,Week2,Oakton ,Week5,210.0 Wakefield Chapel - 192.0 Oakton
Wakefield Chapel,Week5,Oakton ,Week1,253.0 Wakefield Chapel - 149.0 Oakton
Walden Glen,Week1,Greenbriar,Week2,290.0 Greenbriar - 111.0 Walden Glen
Walden Glen,Week1,Burke Station,Week5,213.0 Walden Glen - 180.0 Burke Station
Waynewood,Week1,Virginia Run,Week3,207.0 Waynewood - 195.0 Virginia Run
Woodley,Week1,Stratford,Week1,222.0 Stratford - 176.0 Woodley
Woodley,Week1,Lake Braddock,Week5,201.0 Lake Braddock - 201.0 Woodley
Woodley,Week4,Virginia Hills,Week4,287.0 Woodley - 115.0 Virginia Hills
Waynewood,Week5,Hiddenbrook,Week2,341.0 Waynewood - 61.0 Hiddenbrook
Woodley,Week4,Mansion House,Week5,318.0 Mansion House - 84.0 Woodley
Woodley,Week3,Springfield,Week3,324.0 Woodley - 75.0 Springfield
Waynewood,Week2,North Springfield,Week1,308.0 Waynewood - 42.0 North Springfield
Waynewood,Week5,Virginia Run,Week1,251.0 Waynewood - 151.0 Virginia Run
Waynewood,Week1,High Point Pool,Week1,205.0 High Point Pool - 197.0 Waynewood
Woodley,Week1,Virginia Run,Week5,322.0 Virginia Run - 80.0 Woodley
Woodley,Week5,Mansion House,Week4,284.0 Mansion House - 118.0 Woodley
Woodley,Week1,Springfield,Week4,312.0 Woodley - 85.0 Springfield
Woodley,Week4,Virginia Hills,Week3,284.0 Woodley - 118.0 Virginia Hills
Waynewood,Week4,Hiddenbrook,Week1,291.0 Waynewood - 111.0 Hiddenbrook
Waynewood,Week5,Hiddenbrook,Week4,300.0 Waynewood - 102.0 Hiddenbrook
Woodley,Week2,Lake Braddock,Week5,210.0 Lake Braddock - 192.0 Woodley
Woodley,Week2,Stratford,Week1,215.0 Stratford - 186.0 Woodley
Waynewood,Week3,Hiddenbrook,Week2,333.0 Waynewood - 69.0 Hiddenbrook
Woodley,Week5,Virginia Hills,Week4,287.0 Woodley - 114.0 Virginia Hills
Woodley,Week1,Lake Braddock,Week3,208.0 Woodley - 194.0 Lake Braddock
Woodley,Week1,Mantua,Week2,308.0 Mantua - 94.0 Woodley
Woodley,Week2,Springfield,Week4,302.0 Woodley - 98.0 Springfield
Woodley,Week2,Lake Braddock,Week3,210.0 Woodley - 192.0 Lake Braddock
Waynewood,Week2,Virginia Run,Week2,238.0 Waynewood - 164.0 Virginia Run
Waynewood,Week5,Newington Forest,Week2,329.0 Waynewood - 72.0 Newington Forest
Woodley,Week5,Kings Ridge ,Week1,216.0 Woodley - 186.0 Kings Ridge
Waynewood,Week3,Virginia Run,Week5,223.0 Waynewood - 179.0 Virginia Run
Waynewood,Week1,High Point Pool,Week2,211.0 High Point Pool - 191.0 Waynewood
Waynewood,Week5,Newington Forest,Week1,333.0 Waynewood - 68.0 Newington Forest
Waynewood,Week1,Hiddenbrook,Week5,251.0 Waynewood - 151.0 Hiddenbrook
Woodley,Week5,Mansion House,Week1,303.0 Mansion House - 99.0 Woodley
Woodley,Week2,Mantua,Week1,315.0 Mantua - 87.0 Woodley
Woodley,Week4,Springfield,Week3,324.0 Woodley - 69.0 Springfield
Woodley,Week3,Virginia Run,Week4,317.0 Virginia Run - 85.0 Woodley
Waynewood,Week4,North Springfield,Week4,338.0 Waynewood - 53.0 North Springfield
Woodley,Week4,Kings Ridge ,Week4,220.0 Kings Ridge - 182.0 Woodley
Waynewood,Week3,High Point Pool,Week2,205.0 Waynewood - 197.0 High Point Pool
Woodley,Week1,Springfield,Week5,332.0 Woodley - 62.0 Springfield
Waynewood,Week3,Virginia Run,Week3,255.0 Waynewood - 147.0 Virginia Run
Woodley,Week1,Mantua,Week3,339.0 Mantua - 63.0 Woodley
Woodley,Week2,Lake Braddock,Week4,208.0 Woodley - 194.0 Lake Braddock
Woodley,Week3,Virginia Hills,Week4,285.0 Woodley - 117.0 Virginia Hills
Woodley,Week1,Virginia Run,Week1,321.0 Virginia Run - 81.0 Woodley
Woodley,Week3,Mansion House,Week5,311.0 Mansion House - 91.0 Woodley
Woodley,Week4,Lake Braddock,Week3,214.0 Woodley - 188.0 Lake Braddock
Waynewood,Week1,High Point Pool,Week3,202.0 High Point Pool - 200.0 Waynewood
Woodley,Week1,Stratford,Week5,260.0 Stratford - 141.0 Woodley
Waynewood,Week1,Hiddenbrook,Week4,263.0 Waynewood - 139.0 Hiddenbrook
Woodley,Week3,Kings Ridge ,Week4,217.0 Kings Ridge - 185.0 Woodley
Waynewood,Week3,North Springfield,Week1,314.0 Waynewood - 37.0 North Springfield
Woodley,Week1,Stratford,Week4,256.5 Stratford - 145.5 Woodley
Woodley,Week1,Lake Braddock,Week2,222.0 Woodley - 180.0 Lake Braddock
Waynewood,Week2,Virginia Run,Week1,219.0 Waynewood - 183.0 Virginia Run
Woodley,Week4,Springfield,Week5,331.0 Woodley - 68.0 Springfield
Waynewood,Week1,Virginia Run,Week4,208.0 Virginia Run - 194.0 Waynewood
Woodley,Week2,Mansion House,Week5,315.0 Mansion House - 87.0 Woodley
Waynewood,Week4,Virginia Run,Week3,230.5 Waynewood - 171.5 Virginia Run
Woodley,Week2,Lake Braddock,Week1,230.0 Woodley - 172.0 Lake Braddock
Woodley,Week1,Stratford,Week2,236.0 Stratford - 165.0 Woodley
Woodley,Week3,Mansion House,Week4,281.0 Mansion House - 121.0 Woodley
Woodley,Week3,Kings Ridge ,Week2,209.0 Woodley - 193.0 Kings Ridge
Woodley,Week3,Virginia Run,Week1,321.0 Virginia Run - 81.0 Woodley
Woodley,Week5,Kings Ridge ,Week2,227.0 Woodley - 175.0 Kings Ridge
Woodley,Week5,Springfield,Week1,329.0 Woodley - 70.0 Springfield
Woodley,Week4,Kings Ridge ,Week1,209.0 Kings Ridge - 193.0 Woodley
Woodley,Week4,Mansion House,Week4,294.0 Mansion House - 108.0 Woodley
Waynewood,Week2,Virginia Run,Week3,232.0 Waynewood - 170.0 Virginia Run
Woodley,Week1,Virginia Run,Week3,309.0 Virginia Run - 93.0 Woodley
Waynewood,Week2,Hiddenbrook,Week2,326.0 Waynewood - 76.0 Hiddenbrook
Woodley,Week4,Springfield,Week2,317.0 Woodley - 83.0 Springfield
Waynewood,Week2,High Point Pool,Week5,220.0 Waynewood - 182.0 High Point Pool
Woodley,Week3,Mansion House,Week1,308.0 Mansion House - 94.0 Woodley
Waynewood,Week4,Newington Forest,Week3,297.0 Waynewood - 105.0 Newington Forest
Waynewood,Week4,Virginia Run,Week2,225.0 Waynewood - 177.0 Virginia Run
Waynewood,Week2,Virginia Run,Week4,216.0 Waynewood - 186.0 Virginia Run
Woodley,Week4,Springfield,Week4,307.0 Woodley - 94.0 Springfield
Waynewood,Week2,High Point Pool,Week1,211.0 Waynewood - 191.0 High Point Pool
Waynewood,Week3,Virginia Run,Week1,234.0 Waynewood - 168.0 Virginia Run
Waynewood,Week2,Hiddenbrook,Week5,273.0 Waynewood - 129.0 Hiddenbrook
Waynewood,Week4,Newington Forest,Week4,291.0 Waynewood - 111.0 Newington Forest
Waynewood,Week2,North Springfield,Week5,306.0 Waynewood - 67.0 North Springfield
Woodley,Week4,Virginia Hills,Week2,298.0 Woodley - 104.0 Virginia Hills
Waynewood,Week4,North Springfield,Week5,304.5 Waynewood - 69.5 North Springfield
Woodley,Week1,Mantua,Week1,316.0 Mantua - 86.0 Woodley
Woodley,Week3,Virginia Hills,Week1,285.0 Woodley - 117.0 Virginia Hills
Woodley,Week5,Virginia Hills,Week3,284.0 Woodley - 118.0 Virginia Hills
Woodley,Week2,Virginia Run,Week2,297.0 Virginia Run - 105.0 Woodley
Woodley,Week3,Virginia Run,Week3,313.0 Virginia Run - 89.0 Woodley
Waynewood,Week4,Virginia Run,Week1,203.0 Virginia Run - 199.0 Waynewood
Waynewood,Week5,Newington Forest,Week3,316.0 Waynewood - 86.0 Newington Forest
Waynewood,Week1,Virginia Run,Week5,224.0 Virginia Run - 178.0 Waynewood
Woodley,Week2,Mantua,Week2,314.5 Mantua - 87.5 Woodley
Waynewood,Week2,North Springfield,Week2,321.0 Waynewood - 66.0 North Springfield
Woodley,Week4,Mansion House,Week3,312.0 Mansion House - 90.0 Woodley
Waynewood,Week5,North Springfield,Week1,319.0 Waynewood - 32.0 North Springfield
Woodley,Week5,Kings Ridge ,Week4,202.0 Kings Ridge - 200.0 Woodley
Waynewood,Week4,Virginia Run,Week4,220.0 Waynewood - 182.0 Virginia Run
Woodley,Week2,Mantua,Week3,331.0 Mantua - 71.0 Woodley
Woodley,Week2,Stratford,Week3,240.0 Stratford - 162.0 Woodley
Waynewood,Week1,North Springfield,Week2,310.0 Waynewood - 78.0 North Springfield
Woodley,Week3,Lake Braddock,Week2,207.0 Woodley - 195.0 Lake Braddock
Waynewood,Week3,Hiddenbrook,Week5,275.0 Waynewood - 127.0 Hiddenbrook
Woodley,Week4,Virginia Hills,Week5,266.0 Woodley - 136.0 Virginia Hills
Woodley,Week2,Stratford,Week4,254.0 Stratford - 148.0 Woodley
Waynewood,Week3,North Springfield,Week3,337.0 Waynewood - 60.0 North Springfield
Waynewood,Week2,North Springfield,Week3,328.0 Waynewood - 68.0 North Springfield
Woodley,Week5,Virginia Hills,Week5,264.0 Woodley - 138.0 Virginia Hills
Woodley,Week3,Stratford,Week2,223.0 Stratford - 179.0 Woodley
Waynewood,Week4,North Springfield,Week2,336.0 Waynewood - 52.0 North Springfield
Waynewood,Week5,Virginia Run,Week2,264.5 Waynewood - 137.5 Virginia Run
Waynewood,Week1,Virginia Run,Week1,219.5 Virginia Run - 182.5 Waynewood
Waynewood,Week5,Hiddenbrook,Week3,294.5 Waynewood - 107.5 Hiddenbrook
Woodley,Week4,Kings Ridge ,Week3,201.0 Kings Ridge - 201.0 Woodley
Woodley,Week1,Mantua,Week5,335.0 Mantua - 67.0 Woodley
Waynewood,Week4,Virginia Run,Week5,201.0 Virginia Run - 201.0 Waynewood
Waynewood,Week4,Hiddenbrook,Week5,259.0 Waynewood - 143.0 Hiddenbrook
Woodley,Week2,Stratford,Week5,255.0 Stratford - 147.0 Woodley
Woodley,Week4,Mansion House,Week1,319.0 Mansion House - 83.0 Woodley
Waynewood,Week4,Hiddenbrook,Week3,276.0 Waynewood - 126.0 Hiddenbrook
Woodley,Week3,Mansion House,Week2,299.0 Mansion House - 103.0 Woodley
Woodley,Week3,Kings Ridge ,Week3,201.0 Kings Ridge - 197.0 Woodley
Woodley,Week4,Kings Ridge ,Week2,212.0 Woodley - 190.0 Kings Ridge
Woodley,Week1,Virginia Run,Week2,298.0 Virginia Run - 104.0 Woodley
Waynewood,Week4,North Springfield,Week1,310.0 Waynewood - 41.0 North Springfield
Waynewood,Week1,North Springfield,Week4,334.0 Waynewood - 58.0 North Springfield
Waynewood,Week2,Hiddenbrook,Week4,297.0 Waynewood - 105.0 Hiddenbrook
Woodley,Week2,Virginia Run,Week4,308.0 Virginia Run - 94.0 Woodley
Woodley,Week3,Virginia Run,Week2,316.0 Virginia Run - 86.0 Woodley
Waynewood,Week1,Virginia Run,Week2,207.0 Waynewood - 195.0 Virginia Run
Woodley,Week4,McLean,Week1,328.0 McLean - 74.0 Woodley
Waynewood,Week4,Hiddenbrook,Week2,322.0 Waynewood - 79.0 Hiddenbrook
Waynewood,Week4,North Springfield,Week3,323.0 Waynewood - 73.0 North Springfield
Waynewood,Week5,Virginia Hills,Week5,373.0 Waynewood - 29.0 Virginia Hills
Woodley,Week5,Virginia Hills,Week2,297.0 Woodley - 104.0 Virginia Hills
Woodley,Week3,Sully Station,Week5,330.0 Sully Station - 71.0 Woodley
Woodley,Week3,Stratford,Week3,230.0 Stratford - 172.0 Woodley
Waynewood,Week2,Oakton ,Week3,229.0 Oakton - 173.0 Waynewood
Waynewood,Week3,North Springfield,Week5,318.0 Waynewood - 56.0 North Springfield
Woodley,Week5,Kings Ridge ,Week3,201.0 Kings Ridge - 200.0 Woodley
Woodley,Week3,Mantua,Week2,316.0 Mantua - 86.0 Woodley
Woodley,Week5,Mantua,Week1,301.0 Mantua - 101.0 Woodley
Woodley,Week4,Sully Station,Week1,321.0 Sully Station - 81.0 Woodley
Waynewood,Week4,Oakton ,Week4,248.0 Oakton - 154.0 Waynewood
Woodley,Week4,Virginia Run,Week4,308.0 Virginia Run - 94.0 Woodley
Woodley,Week3,Kings Ridge ,Week1,207.0 Woodley - 195.0 Kings Ridge
Woodley,Week1,Lake Braddock,Week1,248.0 Woodley - 154.0 Lake Braddock
Waynewood,Week2,High Point Pool,Week2,202.0 High Point Pool - 200.0 Waynewood
Waynewood,Week2,Wakefield Chapel,Week3,256.5 Wakefield Chapel - 145.5 Waynewood
Woodley,Week2,McLean,Week2,327.0 McLean - 75.0 Woodley
Woodley,Week2,Sully Station,Week1,319.0 Sully Station - 83.0 Woodley
Woodley,Week5,Stratford,Week2,226.0 Stratford - 176.0 Woodley
Waynewood,Week3,Virginia Run,Week2,250.0 Waynewood - 152.0 Virginia Run
Waynewood,Week3,Hiddenbrook,Week1,304.0 Waynewood - 98.0 Hiddenbrook
Waynewood,Week5,Virginia Run,Week4,246.0 Waynewood - 156.0 Virginia Run
Woodley,Week5,Virginia Run,Week5,313.5 Virginia Run - 88.5 Woodley
Woodley,Week3,Virginia Run,Week5,333.0 Virginia Run - 69.0 Woodley
Waynewood,Week1,Wakefield Chapel,Week1,276.0 Wakefield Chapel - 126.0 Waynewood
Woodley,Week2,Lake Braddock,Week2,205.5 Woodley - 196.5 Lake Braddock
Woodley,Week5,Kings Ridge ,Week5,217.0 Kings Ridge - 185.0 Woodley
Waynewood,Week5,Hiddenbrook,Week5,284.0 Waynewood - 118.0 Hiddenbrook
Waynewood,Week5,North Springfield,Week2,344.0 Waynewood - 44.0 North Springfield
Woodley,Week3,Mantua,Week3,344.0 Mantua - 58.0 Woodley
Waynewood,Week3,Oakton ,Week2,219.5 Oakton - 182.5 Waynewood
Waynewood,Week5,Virginia Run,Week5,236.0 Waynewood - 166.0 Virginia Run
Waynewood,Week4,Wakefield Chapel,Week5,279.5 Wakefield Chapel - 122.5 Waynewood
Waynewood,Week4,Hiddenbrook,Week4,275.0 Waynewood - 127.0 Hiddenbrook
Waynewood,Week5,Oakton ,Week5,239.0 Oakton - 163.0 Waynewood
Woodley,Week3,McLean,Week3,333.0 McLean - 69.0 Woodley
Waynewood,Week3,Oakton ,Week3,214.0 Oakton - 188.0 Waynewood
Woodley,Week1,McLean,Week1,329.0 McLean - 73.0 Woodley
Waynewood,Week2,Hiddenbrook,Week1,297.0 Waynewood - 105.0 Hiddenbrook
Woodley,Week3,Kings Ridge ,Week5,224.0 Kings Ridge - 178.0 Woodley
Woodley,Week3,Mantua,Week5,351.0 Mantua - 51.0 Woodley
Waynewood,Week5,Oakton ,Week4,232.0 Oakton - 170.0 Waynewood
Woodley,Week3,Stratford,Week5,252.0 Stratford - 150.0 Woodley
Waynewood,Week5,Hiddenbrook,Week1,307.0 Waynewood - 95.0 Hiddenbrook
Woodley,Week3,Sully Station,Week4,326.5 Sully Station - 75.5 Woodley
Woodley,Week4,Kings Ridge ,Week5,231.0 Kings Ridge - 171.0 Woodley
Waynewood,Week1,High Point Pool,Week4,215.0 High Point Pool - 187.0 Waynewood
Woodley,Week3,McLean,Week5,340.0 McLean - 62.0 Woodley
Woodley,Week4,McLean,Week4,331.0 McLean - 71.0 Woodley
Woodley,Week3,Sully Station,Week1,321.0 Sully Station - 81.0 Woodley
Waynewood,Week3,Wakefield Chapel,Week4,238.0 Wakefield Chapel - 164.0 Waynewood
Waynewood,Week1,Old Keene Mill,Week3,271.0 Waynewood - 131.0 Old Keene Mill
Waynewood,Week1,Wakefield Chapel,Week2,274.0 Wakefield Chapel - 128.0 Waynewood
Waynewood,Week5,North Springfield,Week4,347.0 Waynewood - 45.0 North Springfield
Woodley,Week5,Stratford,Week5,230.0 Stratford - 172.0 Woodley
Woodley,Week3,Lake Braddock,Week3,214.0 Woodley - 188.0 Lake Braddock
Woodley,Week5,Mantua,Week4,311.0 Mantua - 91.0 Woodley
Woodley,Week3,Lake Braddock,Week1,243.0 Woodley - 159.0 Lake Braddock
Woodley,Week3,Sully Station,Week2,317.7 Sully Station - 84.3 Woodley
Woodley,Week1,Lake Braddock,Week4,216.0 Woodley - 186.0 Lake Braddock
Waynewood,Week2,High Point Pool,Week3,205.0 Waynewood - 197.0 High Point Pool
Waynewood,Week1,High Point Pool,Week5,203.0 Waynewood - 199.0 High Point Pool
Waynewood,Week2,High Point Pool,Week4,210.0 Waynewood - 192.0 High Point Pool
Woodley,Week4,Lake Braddock,Week1,236.0 Woodley - 161.0 Lake Braddock
Waynewood,Week5,Wakefield Chapel,Week1,247.0 Wakefield Chapel - 155.0 Waynewood
Woodley,Week5,Stratford,Week3,227.0 Stratford - 175.0 Woodley
Woodley,Week4,Stratford,Week5,251.0 Stratford - 151.0 Woodley
Woodley,Week4,Stratford,Week2,228.0 Stratford - 174.0 Woodley
Waynewood,Week3,Wakefield Chapel,Week1,246.0 Wakefield Chapel - 156.0 Waynewood
Woodley,Week3,Mantua,Week4,325.0 Mantua - 77.0 Woodley
Woodley,Week4,Virginia Run,Week2,297.0 Virginia Run - 105.0 Woodley
Waynewood,Week1,Old Keene Mill,Week4,282.0 Waynewood - 120.0 Old Keene Mill
Woodley,Week3,Lake Braddock,Week4,213.0 Woodley - 189.0 Lake Braddock
Woodley,Week4,Mantua,Week2,311.0 Mantua - 86.0 Woodley
Woodley,Week5,Mantua,Week2,302.0 Mantua - 100.0 Woodley
Woodley,Week5,Virginia Run,Week1,303.0 Virginia Run - 99.0 Woodley
Woodley,Week4,Lake Braddock,Week2,204.0 Woodley - 198.0 Lake Braddock
Waynewood,Week4,High Point Pool,Week5,224.0 Waynewood - 178.0 High Point Pool
Woodley,Week4,Virginia Run,Week3,309.5 Virginia Run - 92.5 Woodley
Waynewood,Week3,High Point Pool,Week1,219.5 Waynewood - 182.5 High Point Pool
Waynewood,Week2,Wakefield Chapel,Week5,264.0 Wakefield Chapel - 138.0 Waynewood
Waynewood,Week1,Old Keene Mill,Week5,263.0 Waynewood - 139.0 Old Keene Mill
Woodley,Week3,Lake Braddock,Week5,207.0 Lake Braddock - 195.0 Woodley
Waynewood,Week2,Oakton ,Week5,253.5 Oakton - 148.5 Waynewood
Woodley,Week4,Sully Station,Week2,310.0 Sully Station - 92.0 Woodley
Waynewood,Week3,Wakefield Chapel,Week5,257.0 Wakefield Chapel - 145.0 Waynewood
Woodley,Week2,Virginia Run,Week5,326.0 Virginia Run - 76.0 Woodley
Waynewood,Week1,Wakefield Chapel,Week4,271.0 Wakefield Chapel - 131.0 Waynewood
Waynewood,Week1,Oakton ,Week2,243.0 Oakton - 159.0 Waynewood
Waynewood,Week2,Oakton ,Week2,231.0 Oakton - 171.0 Waynewood
Woodley,Week4,Stratford,Week1,210.0 Stratford - 192.0 Woodley
Woodley,Week5,Mantua,Week3,334.0 Mantua - 68.0 Woodley
Waynewood,Week1,Highland Park,Week3,224.0 Waynewood - 178.0 Highland Park
Waynewood,Week1,Highland Park,Week2,212.0 Waynewood - 190.0 Highland Park
Woodley,Week2,McLean,Week1,322.0 McLean - 80.0 Woodley
Waynewood,Week1,Oakton ,Week1,228.5 Oakton - 173.5 Waynewood
Woodley,Week3,McLean,Week2,334.0 McLean - 68.0 Woodley
Waynewood,Week5,Wakefield Chapel,Week2,235.0 Wakefield Chapel - 167.0 Waynewood
Woodley,Week5,Lake Braddock,Week2,225.0 Woodley - 177.0 Lake Braddock
Woodley,Week4,Lake Braddock,Week5,216.0 Lake Braddock - 186.0 Woodley
Woodley,Week4,Stratford,Week4,250.0 Stratford - 152.0 Woodley
Waynewood,Week3,Highland Park,Week1,246.0 Waynewood - 156.0 Highland Park
Waynewood,Week2,Wakefield Chapel,Week1,260.5 Wakefield Chapel - 141.5 Waynewood
Waynewood,Week3,Wakefield Chapel,Week3,252.0 Wakefield Chapel - 150.0 Waynewood
Woodley,Week4,Stratford,Week3,243.0 Stratford - 159.0 Woodley
Waynewood,Week3,Highland Park,Week2,257.0 Waynewood - 145.0 Highland Park
Woodley,Week5,Stratford,Week1,201.0 Stratford - 195.0 Woodley
Woodley,Week1,Sully Station,Week2,304.0 Sully Station - 98.0 Woodley
Woodley,Week2,McLean,Week4,317.0 McLean - 85.0 Woodley
Woodley,Week5,Lake Braddock,Week4,215.0 Woodley - 187.0 Lake Braddock
Woodley,Week4,Lake Braddock,Week4,202.0 Lake Braddock - 200.0 Woodley
Waynewood,Week1,Oakton ,Week3,239.0 Oakton - 163.0 Waynewood
Waynewood,Week2,Walden Glen,Week3,284.0 Waynewood - 118.0 Walden Glen
Waynewood,Week4,High Point Pool,Week4,204.5 Waynewood - 197.5 High Point Pool
Waynewood,Week1,Oakton ,Week5,262.0 Oakton - 140.0 Waynewood
Waynewood,Week1,Highland Park,Week4,206.0 Waynewood - 196.0 Highland Park
Waynewood,Week3,Wakefield Chapel,Week2,231.0 Wakefield Chapel - 171.0 Waynewood
Woodley,Week1,Lakevale Estates,Week3,335.0 Lakevale Estates - 67.0 Woodley
Woodley,Week5,Stratford,Week4,233.0 Stratford - 169.0 Woodley
Woodley,Week1,McLean,Week2,327.0 McLean - 75.0 Woodley
Woodley,Week1,Sully Station,Week1,315.0 Sully Station - 87.0 Woodley
Woodley,Week1,Lakevale Estates,Week5,340.0 Lakevale Estates - 62.0 Woodley
Waynewood,Week3,Walden Glen,Week2,298.0 Waynewood - 104.0 Walden Glen
Woodley,Week1,McLean,Week5,337.0 McLean - 65.0 Woodley
Waynewood,Week5,High Point Pool,Week1,230.0 Waynewood - 172.0 High Point Pool
Waynewood,Week3,High Point Pool,Week3,222.0 Waynewood - 180.0 High Point Pool
Woodley,Week4,Mantua,Week3,336.0 Mantua - 66.0 Woodley
Waynewood,Week4,Highland Park,Week1,236.0 Waynewood - 166.0 Highland Park
Woodley,Week2,Lakevale Estates,Week2,332.0 Lakevale Estates - 70.0 Woodley
Waynewood,Week3,Oakton ,Week1,203.0 Waynewood - 199.0 Oakton
Waynewood,Week5,Wakefield Chapel,Week4,235.0 Wakefield Chapel - 167.0 Waynewood
Waynewood,Week5,High Point Pool,Week4,220.0 Waynewood - 182.0 High Point Pool
Waynewood,Week5,High Point Pool,Week2,217.0 Waynewood - 185.0 High Point Pool
Woodley,Week2,McLean,Week3,328.0 McLean - 74.0 Woodley
Woodley,Week1,Sully Station,Week3,314.0 Sully Station - 88.0 Woodley
Woodley,Week2,McLean,Week5,332.0 McLean - 70.0 Woodley
Waynewood,Week3,Oakton ,Week5,236.0 Oakton - 166.0 Waynewood
Waynewood,Week1,Oakton ,Week4,251.0 Oakton - 151.0 Waynewood
Woodley,Week5,Virginia Run,Week2,275.0 Virginia Run - 127.0 Woodley
Waynewood,Week4,Oakton ,Week2,241.0 Oakton - 161.0 Waynewood
Waynewood,Week4,Oakton ,Week1,230.0 Oakton - 172.0 Waynewood
Waynewood,Week2,Wakefield Chapel,Week4,249.0 Wakefield Chapel - 153.0 Waynewood
Woodley,Week1,Sully Station,Week5,314.0 Sully Station - 88.0 Woodley
Woodley,Week2,Sully Station,Week4,319.0 Sully Station - 83.0 Woodley
Waynewood,Week4,Highland Park,Week2,233.0 Waynewood - 169.0 Highland Park
Woodley,Week1,Lakevale Estates,Week1,334.0 Lakevale Estates - 68.0 Woodley
Woodley,Week5,Lake Braddock,Week3,225.0 Woodley - 177.0 Lake Braddock
Woodley,Week2,Sully Station,Week2,318.0 Sully Station - 84.0 Woodley
Waynewood,Week3,Walden Glen,Week3,303.0 Waynewood - 99.0 Walden Glen
Waynewood,Week2,Wakefield Chapel,Week2,256.0 Wakefield Chapel - 146.0 Waynewood
Woodley,Week1,Lakevale Estates,Week4,349.0 Lakevale Estates - 53.0 Woodley
Woodley,Week2,Sully Station,Week5,325.0 Sully Station - 77.0 Woodley
Woodley,Week1,Sully Station,Week4,327.0 Sully Station - 75.0 Woodley
Woodley,Week3,McLean,Week4,329.0 McLean - 73.0 Woodley
Waynewood,Week1,Walden Glen,Week2,271.0 Waynewood - 131.0 Walden Glen
Woodley,Week1,Lakevale Estates,Week2,338.0 Lakevale Estates - 64.0 Woodley
Woodley,Week1,McLean,Week4,337.0 McLean - 65.0 Woodley
Waynewood,Week4,High Point Pool,Week2,208.0 High Point Pool - 194.0 Waynewood
Woodley,Week5,Virginia Run,Week4,295.0 Virginia Run - 107.0 Woodley
Waynewood,Week3,Highland Park,Week4,251.5 Waynewood - 150.5 Highland Park
Woodley,Week5,Lake Braddock,Week5,217.0 Woodley - 185.0 Lake Braddock
Woodley,Week2,Sully Station,Week3,320.0 Sully Station - 82.0 Woodley
Woodley,Week2,Lakevale Estates,Week1,333.0 Lakevale Estates - 69.0 Woodley
Woodley,Week4,Mantua,Week5,339.0 Mantua - 63.0 Woodley
Waynewood,Week2,Oakton ,Week4,235.0 Oakton - 167.0 Waynewood
Waynewood,Week5,Wakefield Chapel,Week3,251.0 Wakefield Chapel - 151.0 Waynewood
Waynewood,Week5,North Springfield,Week5,322.0 Waynewood - 52.0 North Springfield
Waynewood,Week2,Oakton ,Week1,221.0 Oakton - 181.0 Waynewood
Waynewood,Week4,Wakefield Chapel,Week1,271.0 Wakefield Chapel - 131.0 Waynewood
Woodley,Week4,Mantua,Week1,322.0 Mantua - 80.0 Woodley
Woodley,Week5,Mantua,Week5,323.0 Mantua - 79.0 Woodley
Waynewood,Week3,Oakton ,Week4,208.0 Oakton - 194.0 Waynewood
Woodley,Week5,Lake Braddock,Week1,242.0 Woodley - 160.0 Lake Braddock
Woodley,Week5,Virginia Run,Week3,292.0 Virginia Run - 110.0 Woodley
Waynewood,Week4,Wakefield Chapel,Week2,252.0 Wakefield Chapel - 150.0 Waynewood
Waynewood,Week4,Oakton ,Week3,237.0 Oakton - 165.0 Waynewood
Waynewood,Week1,Walden Glen,Week3,273.0 Waynewood - 129.0 Walden Glen
Waynewood,Week4,High Point Pool,Week1,210.0 Waynewood - 192.0 High Point Pool
Woodley,Week3,Sully Station,Week3,320.0 Sully Station - 82.0 Woodley
Woodley,Week4,Mantua,Week4,317.0 Mantua - 85.0 Woodley
Woodley,Week2,Poplar Tree,Week1,302.0 Poplar Tree - 100.0 Woodley
Waynewood,Week4,Oakton ,Week5,262.0 Oakton - 140.0 Waynewood
Woodley,Week4,Virginia Run,Week5,329.0 Virginia Run - 73.0 Woodley
Woodley,Week1,McLean,Week3,333.0 McLean - 69.0 Woodley
Woodley,Week3,McLean,Week1,333.0 McLean - 69.0 Woodley
Waynewood,Week1,Highland Park,Week1,205.0 Waynewood - 197.0 Highland Park
Woodley,Week3,Poplar Heights,Week2,307.0 Poplar Heights - 95.0 Woodley
Woodley,Week4,McLean,Week2,324.0 McLean - 78.0 Woodley
Waynewood,Week2,Highland Park,Week3,229.0 Waynewood - 173.0 Highland Park
Waynewood,Week2,Highland Park,Week2,231.0 Waynewood - 171.0 Highland Park
Waynewood,Week2,Highland Park,Week4,227.0 Waynewood - 175.0 Highland Park
Woodley,Week4,Poplar Tree,Week2,274.0 Poplar Tree - 123.0 Woodley
Woodley,Week4,McLean,Week3,331.0 McLean - 71.0 Woodley
Woodley,Week3,Mosby Woods,Week1,328.0 Mosby Woods - 74.0 Woodley
Woodley,Week3,Poplar Heights,Week3,298.0 Poplar Heights - 104.0 Woodley
Woodley,Week3,Poplar Tree,Week5,316.5 Poplar Tree - 85.5 Woodley
Waynewood,Week1,Walden Glen,Week1,298.0 Waynewood - 104.0 Walden Glen
Waynewood,Week4,Wakefield Chapel,Week4,250.0 Wakefield Chapel - 152.0 Waynewood
Waynewood,Week4,Wakefield Chapel,Week3,279.0 Wakefield Chapel - 123.0 Waynewood
Waynewood,Week1,Old Keene Mill,Week2,266.0 Waynewood - 136.0 Old Keene Mill
Waynewood,Week5,Oakton ,Week2,225.0 Oakton - 177.0 Waynewood
Woodley,Week3,Mosby Woods,Week2,332.0 Mosby Woods - 70.0 Woodley
Waynewood,Week1,Wakefield Chapel,Week5,283.0 Wakefield Chapel - 119.0 Waynewood
Waynewood,Week3,Highland Park,Week5,250.0 Waynewood - 152.0 Highland Park
Waynewood,Week1,Highland Park,Week5,213.0 Waynewood - 189.0 Highland Park
Waynewood,Week5,Oakton ,Week1,208.0 Oakton - 194.0 Waynewood
Woodley,Week1,Poplar Tree,Week5,307.0 Poplar Tree - 95.0 Woodley
Woodley,Week4,Poplar Heights,Week3,300.0 Poplar Heights - 102.0 Woodley
Waynewood,Week1,Old Keene Mill,Week1,291.0 Waynewood - 111.0 Old Keene Mill
Woodley,Week5,Mosby Woods,Week2,314.0 Mosby Woods - 88.0 Woodley
Waynewood,Week1,Walden Glen,Week4,257.0 Waynewood - 145.0 Walden Glen
Waynewood,Week5,Oakton ,Week3,215.0 Oakton - 187.0 Waynewood
Waynewood,Week3,High Point Pool,Week4,207.0 Waynewood - 195.0 High Point Pool
Waynewood,Week4,Old Keene Mill,Week1,305.0 Waynewood - 97.0 Old Keene Mill
Waynewood,Week3,High Point Pool,Week5,232.0 Waynewood - 170.0 High Point Pool
Woodley,Week5,Poplar Heights,Week3,284.0 Poplar Heights - 118.0 Woodley
Waynewood,Week2,Old Keene Mill,Week1,308.0 Waynewood - 94.0 Old Keene Mill
Waynewood,Week5,High Point Pool,Week5,237.5 Waynewood - 164.5 High Point Pool
Woodley,Week2,Poplar Tree,Week5,308.0 Poplar Tree - 94.0 Woodley
Waynewood,Week5,Wakefield Chapel,Week5,250.0 Wakefield Chapel - 152.0 Waynewood
Woodley,Week1,Poplar Tree,Week1,284.0 Poplar Tree - 118.0 Woodley
Waynewood,Week5,Old Keene Mill,Week1,327.0 Waynewood - 75.0 Old Keene Mill
Waynewood,Week4,High Point Pool,Week3,212.0 Waynewood - 190.0 High Point Pool
Woodley,Week2,Mosby Woods,Week2,318.0 Mosby Woods - 84.0 Woodley
Woodley,Week1,Mosby Woods,Week4,313.0 Mosby Woods - 89.0 Woodley
Woodley,Week5,Poplar Tree,Week3,277.0 Poplar Tree - 125.0 Woodley
Woodley,Week1,Poplar Tree,Week4,263.0 Poplar Tree - 139.0 Woodley
Waynewood,Week2,Walden Glen,Week4,275.0 Waynewood - 127.0 Walden Glen
Waynewood,Week1,Walden Glen,Week5,236.0 Waynewood - 166.0 Walden Glen
Woodley,Week4,Mosby Woods,Week1,330.0 Mosby Woods - 72.0 Woodley
Waynewood,Week4,Walden Glen,Week2,279.0 Waynewood - 123.0 Walden Glen
Waynewood,Week3,Old Keene Mill,Week4,326.0 Waynewood - 76.0 Old Keene Mill
Woodley,Week4,McLean,Week5,329.0 McLean - 73.0 Woodley
Woodley,Week3,Poplar Tree,Week4,271.0 Poplar Tree - 131.0 Woodley
Waynewood,Week3,Highland Park,Week3,255.0 Waynewood - 147.0 Highland Park
Waynewood,Week4,Old Keene Mill,Week3,299.0 Waynewood - 103.0 Old Keene Mill
Waynewood,Week3,Walden Glen,Week1,326.0 Waynewood - 76.0 Walden Glen
Waynewood,Week2,Highland Park,Week1,225.0 Waynewood - 177.0 Highland Park
Waynewood,Week5,High Point Pool,Week3,228.0 Waynewood - 174.0 High Point Pool
Waynewood,Week3,Waynewood,Week5,213.0 Waynewood (WW2) - 189.0 Waynewood (WW1)
Woodley,Week5,McLean,Week4,324.0 McLean - 78.0 Woodley
Woodley,Week3,Mosby Woods,Week3,322.0 Mosby Woods - 80.0 Woodley
Woodley,Week2,Mosby Woods,Week5,325.0 Mosby Woods - 77.0 Woodley
Woodley,Week3,Mosby Woods,Week4,319.0 Mosby Woods - 83.0 Woodley
Woodley,Week4,Mosby Woods,Week2,330.0 Mosby Woods - 72.0 Woodley
Waynewood,Week4,Highland Park,Week3,238.0 Waynewood - 164.0 Highland Park
Waynewood,Week1,Orange Hunt,Week1,226.0 Waynewood - 176.0 Orange Hunt
Waynewood,Week1,Waynewood,Week3,270.0 Waynewood (WW2) - 132.0 Waynewood (WW1)
Waynewood,Week3,Old Keene Mill,Week2,313.0 Waynewood - 89.0 Old Keene Mill
Waynewood,Week3,Waynewood,Week1,270.0 Waynewood (WW1) - 132.0 Waynewood (WW2)
Waynewood,Week5,Old Keene Mill,Week4,332.0 Waynewood - 70.0 Old Keene Mill
Waynewood,Week2,Highland Park,Week5,230.0 Waynewood - 172.0 Highland Park
Woodley,Week2,Poplar Tree,Week2,275.0 Poplar Tree - 127.0 Woodley
Waynewood,Week1,Orange Hunt,Week2,210.5 Waynewood - 191.5 Orange Hunt
Woodley,Week5,McLean,Week2,322.0 McLean - 80.0 Woodley
Waynewood,Week2,Walden Glen,Week5,254.0 Waynewood - 148.0 Walden Glen
Waynewood,Week3,Highlands Swim,Week3,237.0 Highlands Swim - 165.0 Waynewood
Woodley,Week5,Mosby Woods,Week4,311.0 Mosby Woods - 91.0 Woodley
Woodley,Week5,Poplar Heights,Week5,294.0 Poplar Heights - 108.0 Woodley
Waynewood,Week2,Walden Glen,Week1,309.0 Waynewood - 93.0 Walden Glen
Waynewood,Week2,Walden Glen,Week2,277.0 Waynewood - 125.0 Walden Glen
Waynewood,Week4,Old Keene Mill,Week4,306.0 Waynewood - 96.0 Old Keene Mill
Woodley,Week2,Poplar Tree,Week3,296.0 Poplar Tree - 106.0 Woodley
Waynewood,Week3,Waynewood,Week3,201.0 Waynewood (WW1) - 201.0 Waynewood (WW2)
Woodley,Week1,Mosby Woods,Week2,320.0 Mosby Woods - 82.0 Woodley
Woodley,Week5,Poplar Heights,Week1,276.0 Poplar Heights - 126.0 Woodley
Waynewood,Week4,Highlands Swim,Week3,268.0 Highlands Swim - 134.0 Waynewood
Waynewood,Week4,Highland Park,Week4,238.0 Waynewood - 164.0 Highland Park
Waynewood,Week1,Orange Hunt,Week3,203.0 Waynewood - 199.0 Orange Hunt
Woodley,Week1,Poplar Tree,Week2,281.0 Poplar Tree - 121.0 Woodley
Waynewood,Week4,Old Keene Mill,Week5,284.0 Waynewood - 118.0 Old Keene Mill
Woodley,Week3,Poplar Tree,Week1,299.0 Poplar Tree - 103.0 Woodley
Waynewood,Week2,Waynewood,Week2,200.5 Waynewood (WW1) - 200.5 Waynewood (WW2)
Woodley,Week4,Mosby Woods,Week5,321.0 Mosby Woods - 81.0 Woodley
Waynewood,Week2,Highlands Swim,Week5,258.0 Highlands Swim - 144.0 Waynewood
Woodley,Week4,Poplar Heights,Week1,290.5 Poplar Heights - 111.5 Woodley
Waynewood,Week2,Old Keene Mill,Week5,279.0 Waynewood - 123.0 Old Keene Mill
Waynewood,Week4,Waynewood,Week5,234.0 Waynewood (WW2) - 168.0 Waynewood (WW1)
Waynewood,Week2,Highlands Swim,Week1,253.0 Highlands Swim - 149.0 Waynewood
Woodley,Week3,Poplar Heights,Week4,310.0 Poplar Heights - 92.0 Woodley
Waynewood,Week5,Highland Park,Week3,262.0 Waynewood - 140.0 Highland Park
Woodley,Week4,Poplar Heights,Week5,304.0 Poplar Heights - 98.0 Woodley
Woodley,Week5,McLean,Week1,317.0 McLean - 80.0 Woodley
Woodley,Week5,McLean,Week5,330.0 McLean - 72.0 Woodley
Waynewood,Week5,Old Keene Mill,Week2,314.0 Waynewood - 88.0 Old Keene Mill
Waynewood,Week2,Old Keene Mill,Week2,300.0 Waynewood - 102.0 Old Keene Mill
Waynewood,Week4,Waynewood,Week3,208.0 Waynewood (WW2) - 194.0 Waynewood (WW1)
Waynewood,Week3,Highlands Swim,Week2,249.0 Highlands Swim - 153.0 Waynewood
Waynewood,Week4,Walden Glen,Week4,276.0 Waynewood - 126.0 Walden Glen
Waynewood,Week3,Highlands Swim,Week5,231.0 Highlands Swim - 171.0 Waynewood
Waynewood,Week4,Walden Glen,Week3,284.0 Waynewood - 118.0 Walden Glen
Waynewood,Week1,Highlands Swim,Week1,244.0 Highlands Swim - 158.0 Waynewood
Woodley,Week5,Poplar Heights,Week2,287.0 Poplar Heights - 115.0 Woodley
Waynewood,Week5,Waynewood,Week4,234.0 Waynewood (WW1) - 168.0 Waynewood (WW2)
Waynewood,Week4,Mantua,Week4,203.0 Mantua - 199.0 Waynewood
Woodley,Week1,Mosby Woods,Week3,316.5 Mosby Woods - 85.5 Woodley
Waynewood,Week5,Old Keene Mill,Week5,316.0 Waynewood - 86.0 Old Keene Mill
Waynewood,Week4,Old Keene Mill,Week2,297.0 Waynewood - 105.0 Old Keene Mill
Woodley,Week2,Mosby Woods,Week1,325.0 Mosby Woods - 77.0 Woodley
Woodley,Week1,Mosby Woods,Week1,326.0 Mosby Woods - 76.0 Woodley
Waynewood,Week2,Old Keene Mill,Week4,310.0 Waynewood - 92.0 Old Keene Mill
Waynewood,Week5,Old Keene Mill,Week3,321.0 Waynewood - 81.0 Old Keene Mill
Woodley,Week4,Poplar Heights,Week2,302.0 Poplar Heights - 100.0 Woodley
Woodley,Week3,Poplar Heights,Week5,312.0 Poplar Heights - 90.0 Woodley
Waynewood,Week2,Mantua,Week5,230.0 Mantua - 172.0 Waynewood
Waynewood,Week5,Waynewood,Week2,230.0 Waynewood (WW1) - 172.0 Waynewood (WW2)
Woodley,Week4,Poplar Heights,Week4,302.0 Poplar Heights - 100.0 Woodley
Waynewood,Week5,Highland Park,Week1,261.0 Waynewood - 141.0 Highland Park
Waynewood,Week5,Cottontail,Week4,296.0 Waynewood - 106.0 Cottontail
Waynewood,Week3,Walden Glen,Week4,298.0 Waynewood - 104.0 Walden Glen
Woodley,Week5,Poplar Heights,Week4,290.0 Poplar Heights - 112.0 Woodley
Waynewood,Week4,Highland Park,Week5,239.0 Waynewood - 163.0 Highland Park
Woodley,Week1,Poplar Tree,Week3,293.0 Poplar Tree - 109.0 Woodley
Waynewood,Week3,Walden Glen,Week5,272.0 Waynewood - 130.0 Walden Glen
Waynewood,Week1,Country Club Hills,Week1,242.0 Waynewood - 160.0 Country Club Hills
Woodley,Week3,Mosby Woods,Week5,325.0 Mosby Woods - 77.0 Woodley
Waynewood,Week1,Waynewood,Week2,234.0 Waynewood (WW2) - 168.0 Waynewood (WW1)
Waynewood,Week3,McLean,Week3,249.0 McLean - 153.0 Waynewood
Waynewood,Week4,Highlands Swim,Week1,261.0 Highlands Swim - 141.0 Waynewood
Woodley,Week5,Mosby Woods,Week3,316.0 Mosby Woods - 86.0 Woodley
Woodley,Week3,Poplar Tree,Week3,293.0 Poplar Tree - 109.0 Woodley
Woodley,Week2,Poplar Tree,Week4,279.0 Poplar Tree - 123.0 Woodley
Waynewood,Week4,Highlands Swim,Week2,282.0 Highlands Swim - 120.0 Waynewood
Waynewood,Week1,Country Club Hills,Week2,251.0 Waynewood - 151.0 Country Club Hills
Woodley,Week2,Mosby Woods,Week3,322.0 Mosby Woods - 80.0 Woodley
Waynewood,Week3,Cottontail,Week3,296.0 Waynewood - 106.0 Cottontail
Waynewood,Week2,Old Keene Mill,Week3,310.0 Waynewood - 92.0 Old Keene Mill
Waynewood,Week3,Old Keene Mill,Week5,302.0 Waynewood - 100.0 Old Keene Mill
Woodley,Week5,Mosby Woods,Week1,316.0 Mosby Woods - 86.0 Woodley
Woodley,Week3,Poplar Tree,Week2,284.0 Poplar Tree - 118.0 Woodley
Waynewood,Week5,Highland Park,Week5,256.0 Waynewood - 146.0 Highland Park
Waynewood,Week3,Mantua,Week5,212.0 Mantua - 190.0 Waynewood
Woodley,Week4,Poplar Tree,Week3,298.0 Poplar Tree - 104.0 Woodley
Woodley,Week1,Mosby Woods,Week5,316.0 Mosby Woods - 86.0 Woodley
Waynewood,Week2,Country Club Hills,Week2,282.0 Waynewood - 120.0 Country Club Hills
Woodley,Week4,Mosby Woods,Week4,319.0 Mosby Woods - 83.0 Woodley
Waynewood,Week4,Walden Glen,Week5,255.0 Waynewood - 147.0 Walden Glen
Waynewood,Week3,Cottontail,Week1,283.0 Waynewood - 119.0 Cottontail
Waynewood,Week2,Waynewood,Week1,234.0 Waynewood (WW1) - 168.0 Waynewood (WW2)
Waynewood,Week5,Walden Glen,Week5,291.5 Waynewood - 110.5 Walden Glen
Woodley,Week4,Mosby Woods,Week3,327.5 Mosby Woods - 69.5 Woodley
Waynewood,Week2,McLean,Week4,245.0 McLean - 157.0 Waynewood
Waynewood,Week5,Highland Park,Week2,268.0 Waynewood - 134.0 Highland Park
Waynewood,Week5,Mantua,Week2,224.0 Waynewood - 178.0 Mantua
Waynewood,Week2,Waynewood,Week3,242.0 Waynewood (WW2) - 160.0 Waynewood (WW1)
Waynewood,Week4,Mantua,Week3,246.0 Mantua - 156.0 Waynewood
Waynewood,Week4,Mantua,Week2,207.0 Mantua - 195.0 Waynewood
Waynewood,Week5,Walden Glen,Week2,315.0 Waynewood - 87.0 Walden Glen
Waynewood,Week2,Highlands Swim,Week4,238.0 Highlands Swim - 164.0 Waynewood
Woodley,Week2,Mosby Woods,Week4,315.0 Mosby Woods - 87.0 Woodley
Waynewood,Week4,Cottontail,Week1,271.0 Waynewood - 131.0 Cottontail
Woodley,Week4,Poplar Tree,Week1,297.0 Poplar Tree - 105.0 Woodley
Waynewood,Week2,Highlands Swim,Week3,259.0 Highlands Swim - 143.0 Waynewood
Waynewood,Week4,Cottontail,Week3,295.5 Waynewood - 106.5 Cottontail
Woodley,Week5,Mosby Woods,Week5,305.5 Mosby Woods - 96.5 Woodley
Waynewood,Week2,Hollin Hills,Week5,325.0 Waynewood - 77.0 Hollin Hills
Waynewood,Week5,Walden Glen,Week1,329.0 Waynewood - 73.0 Walden Glen
Woodley,Week4,Poplar Tree,Week4,263.0 Poplar Tree - 139.0 Woodley
Waynewood,Week1,Country Club Hills,Week5,232.0 Waynewood - 170.0 Country Club Hills
Waynewood,Week5,Walden Glen,Week4,319.0 Waynewood - 83.0 Walden Glen
Waynewood,Week2,Country Club Hills,Week3,276.0 Waynewood - 126.0 Country Club Hills
Woodley,Week5,Poplar Tree,Week1,286.0 Poplar Tree - 116.0 Woodley
Waynewood,Week3,Old Keene Mill,Week3,317.0 Waynewood - 85.0 Old Keene Mill
Waynewood,Week4,McLean,Week3,270.0 McLean - 132.0 Waynewood
Waynewood,Week1,McLean,Week3,268.0 McLean - 134.0 Waynewood
Waynewood,Week3,Old Keene Mill,Week1,324.0 Waynewood - 78.0 Old Keene Mill
Waynewood,Week4,Mantua,Week1,203.0 Mantua - 199.0 Waynewood
Waynewood,Week3,McLean,Week4,229.0 McLean - 173.0 Waynewood
Woodley,Week5,McLean,Week3,325.0 McLean - 77.0 Woodley
Waynewood,Week2,Country Club Hills,Week4,284.0 Waynewood - 118.0 Country Club Hills
Waynewood,Week1,Highlands Swim,Week5,256.0 Highlands Swim - 146.0 Waynewood
Waynewood,Week1,Waynewood,Week5,238.0 Waynewood (WW2) - 164.0 Waynewood (WW1)
Waynewood,Week5,Highland Park,Week4,266.0 Waynewood - 136.0 Highland Park
Woodley,Week5,Poplar Tree,Week2,268.0 Poplar Tree - 134.0 Woodley
Waynewood,Week5,McLean,Week3,251.0 McLean - 151.0 Waynewood
Waynewood,Week5,McLean,Week1,227.0 McLean - 175.0 Waynewood
Waynewood,Week1,Highlands Swim,Week3,247.0 Highlands Swim - 155.0 Waynewood
Woodley,Week4,Poplar Tree,Week5,310.0 Poplar Tree - 92.0 Woodley
Waynewood,Week1,Highlands Swim,Week2,267.0 Highlands Swim - 135.0 Waynewood
Waynewood,Week1,Waynewood,Week4,228.0 Waynewood (WW2) - 174.0 Waynewood (WW1)
Woodley,Week1,Mount Vernon Park,Week1,329.0 Mount Vernon Park - 73.0 Woodley
Waynewood,Week5,Cottontail,Week5,293.0 Waynewood - 109.0 Cottontail
Woodley,Week1,Mount Vernon Park,Week2,333.0 Mount Vernon Park - 69.0 Woodley
Waynewood,Week3,Mantua,Week2,232.0 Waynewood - 170.0 Mantua
Waynewood,Week2,Country Club Hills,Week5,263.0 Waynewood - 139.0 Country Club Hills
Woodley,Week2,Ravensworth Farm,Week3,303.0 Ravensworth Farm - 98.0 Woodley
Woodley,Week3,Mount Vernon Park,Week4,339.5 Mount Vernon Park - 62.5 Woodley
Woodley,Week5,Mount Vernon Park,Week5,328.0 Mount Vernon Park - 73.0 Woodley
Waynewood,Week1,Waynewood,Week1,201.0 Waynewood (WW1) - 201.0 Waynewood (WW2)
Woodley,Week4,Ravensworth Farm,Week5,317.0 Ravensworth Farm - 85.0 Woodley
Woodley,Week5,Ravensworth Farm,Week1,295.0 Ravensworth Farm - 107.0 Woodley
Waynewood,Week4,Cottontail,Week5,274.0 Waynewood - 128.0 Cottontail
Waynewood,Week3,Cottontail,Week2,291.0 Waynewood - 111.0 Cottontail
Waynewood,Week3,Highlands Swim,Week4,213.0 Highlands Swim - 189.0 Waynewood
Woodley,Week4,Ravensworth Farm,Week4,295.0 Ravensworth Farm - 107.0 Woodley
Waynewood,Week3,Mantua,Week4,214.0 Waynewood - 188.0 Mantua
Waynewood,Week5,Walden Glen,Week3,319.0 Waynewood - 83.0 Walden Glen
Woodley,Week1,Newington Forest,Week2,219.0 Woodley - 183.0 Newington Forest
Waynewood,Week3,Highlands Swim,Week1,224.0 Highlands Swim - 178.0 Waynewood
Waynewood,Week1,Mosby Woods,Week2,242.0 Mosby Woods - 160.0 Waynewood
Waynewood,Week1,Highlands Swim,Week4,233.0 Highlands Swim - 169.0 Waynewood
Waynewood,Week4,Walden Glen,Week1,307.0 Waynewood - 95.0 Walden Glen
Waynewood,Week2,Waynewood,Week4,212.0 Waynewood (WW2) - 190.0 Waynewood (WW1)
Woodley,Week1,Newington Forest,Week5,217.0 Newington Forest - 185.0 Woodley
Waynewood,Week1,McLean,Week1,262.0 McLean - 140.0 Waynewood
Waynewood,Week5,Cottontail,Week3,307.0 Waynewood - 95.0 Cottontail
Waynewood,Week5,Highlands Swim,Week5,251.0 Highlands Swim - 151.0 Waynewood
Waynewood,Week3,Waynewood,Week4,208.0 Waynewood (WW1) - 194.0 Waynewood (WW2)
Waynewood,Week3,Cottontail,Week5,278.0 Waynewood - 124.0 Cottontail
Woodley,Week1,Newington Forest,Week4,206.0 Woodley - 196.0 Newington Forest
Waynewood,Week4,Highlands Swim,Week4,257.5 Highlands Swim - 144.5 Waynewood
Waynewood,Week2,Waynewood,Week5,230.0 Waynewood (WW2) - 172.0 Waynewood (WW1)
Waynewood,Week2,Highlands Swim,Week2,267.5 Highlands Swim - 134.5 Waynewood
Waynewood,Week1,Country Club Hills,Week4,238.0 Waynewood - 164.0 Country Club Hills
Woodley,Week1,Ravensworth Farm,Week2,276.0 Ravensworth Farm - 126.0 Woodley
Waynewood,Week5,Mantua,Week1,227.0 Waynewood - 175.0 Mantua
Waynewood,Week3,Mantua,Week3,214.0 Mantua - 188.0 Waynewood
Waynewood,Week3,Mantua,Week1,223.0 Waynewood - 179.0 Mantua
Woodley,Week5,Poplar Tree,Week5,295.0 Poplar Tree - 107.0 Woodley
Waynewood,Week5,Cottontail,Week2,292.5 Waynewood - 109.5 Cottontail
Woodley,Week5,Ravensworth Farm,Week2,264.5 Ravensworth Farm - 137.5 Woodley
Waynewood,Week4,Waynewood,Week4,201.0 Waynewood (WW1) - 201.0 Waynewood (WW2)
Waynewood,Week5,Highlands Swim,Week4,224.0 Highlands Swim - 178.0 Waynewood
Woodley,Week5,Ravensworth Farm,Week3,285.0 Ravensworth Farm - 116.0 Woodley
Waynewood,Week3,Waynewood,Week2,242.0 Waynewood (WW1) - 160.0 Waynewood (WW2)
Waynewood,Week4,Cottontail,Week2,282.0 Waynewood - 120.0 Cottontail
Woodley,Week4,Mount Vernon Park,Week5,336.0 Mount Vernon Park - 66.0 Woodley
Woodley,Week2,Mount Vernon Park,Week1,333.0 Mount Vernon Park - 69.0 Woodley
Waynewood,Week1,Hollin Hills,Week1,329.0 Waynewood - 73.0 Hollin Hills
Waynewood,Week4,Waynewood,Week1,228.0 Waynewood (WW1) - 174.0 Waynewood (WW2)
Waynewood,Week1,McLean,Week5,274.0 McLean - 128.0 Waynewood
Woodley,Week5,Ravensworth Farm,Week4,278.0 Ravensworth Farm - 124.0 Woodley
Waynewood,Week3,Country Club Hills,Week1,286.0 Waynewood - 116.0 Country Club Hills
Waynewood,Week5,Mantua,Week3,213.0 Mantua - 189.0 Waynewood
Woodley,Week5,Ravensworth Farm,Week5,305.0 Ravensworth Farm - 97.0 Woodley
Waynewood,Week1,Country Club Hills,Week3,241.0 Waynewood - 161.0 Country Club Hills
Woodley,Week2,Mount Vernon Park,Week3,346.0 Mount Vernon Park - 56.0 Woodley
Waynewood,Week3,McLean,Week1,244.0 McLean - 158.0 Waynewood
Waynewood,Week1,Hollin Hills,Week3,317.0 Waynewood - 85.0 Hollin Hills
Waynewood,Week5,Highlands Swim,Week1,232.0 Highlands Swim - 170.0 Waynewood
Waynewood,Week2,Country Club Hills,Week1,280.0 Waynewood - 122.0 Country Club Hills
Woodley,Week1,Mount Vernon Park,Week4,339.0 Mount Vernon Park - 63.0 Woodley
Woodley,Week3,Newington Forest,Week3,209.0 Woodley - 192.0 Newington Forest
Woodley,Week3,Ravensworth Farm,Week3,315.0 Ravensworth Farm - 87.0 Woodley
Woodley,Week3,Ravensworth Farm,Week4,301.5 Ravensworth Farm - 100.5 Woodley
Woodley,Week4,Mount Vernon Park,Week4,338.0 Mount Vernon Park - 64.0 Woodley
Waynewood,Week5,Mantua,Week5,203.0 Mantua - 199.0 Waynewood
Waynewood,Week1,Hollin Hills,Week4,319.0 Waynewood - 82.0 Hollin Hills
Waynewood,Week4,Waynewood,Week2,212.0 Waynewood (WW1) - 190.0 Waynewood (WW2)
Waynewood,Week5,Waynewood,Week1,238.0 Waynewood (WW1) - 164.0 Waynewood (WW2)
Woodley,Week4,Mount Vernon Park,Week1,328.0 Mount Vernon Park - 74.0 Woodley
Waynewood,Week5,Waynewood,Week5,201.0 Waynewood (WW1) - 201.0 Waynewood (WW2)
Waynewood,Week3,Cottontail,Week4,288.0 Waynewood - 114.0 Cottontail
Waynewood,Week5,Cottontail,Week1,282.0 Waynewood - 120.0 Cottontail
Waynewood,Week5,Mantua,Week4,214.0 Waynewood - 188.0 Mantua
Woodley,Week4,Commonwealth,Week2,264.0 Commonwealth - 138.0 Woodley
Woodley,Week2,Ravensworth Farm,Week2,275.0 Ravensworth Farm - 127.0 Woodley
Waynewood,Week4,Cottontail,Week4,271.0 Waynewood - 131.0 Cottontail
Waynewood,Week1,McLean,Week4,258.0 McLean - 144.0 Waynewood
Woodley,Week4,Mount Vernon Park,Week2,332.0 Mount Vernon Park - 70.0 Woodley
Waynewood,Week2,Hollin Hills,Week3,324.0 Waynewood - 78.0 Hollin Hills
Waynewood,Week1,Woodley,Week5,291.0 Waynewood - 111.0 Woodley
Waynewood,Week2,McLean,Week1,250.0 McLean - 152.0 Waynewood
Waynewood,Week1,Woodley,Week3,303.0 Waynewood - 99.0 Woodley
Woodley,Week3,Ravensworth Farm,Week2,276.0 Ravensworth Farm - 126.0 Woodley
Waynewood,Week1,Woodley,Week2,302.5 Waynewood - 99.5 Woodley
Waynewood,Week2,McLean,Week3,254.0 McLean - 148.0 Waynewood
Woodley,Week4,Mount Vernon Park,Week3,340.0 Mount Vernon Park - 62.0 Woodley
Woodley,Week5,Poplar Tree,Week4,259.0 Poplar Tree - 143.0 Woodley
Waynewood,Week4,Hollin Hills,Week5,323.0 Waynewood - 79.0 Hollin Hills
Waynewood,Week2,Brandywine,Week4,235.0 Waynewood - 167.0 Brandywine
Waynewood,Week5,Hollin Hills,Week4,335.0 Waynewood - 67.0 Hollin Hills
Woodley,Week2,Newington Forest,Week3,202.0 Newington Forest - 200.0 Woodley
Waynewood,Week4,Mantua,Week5,248.0 Mantua - 154.0 Waynewood
Waynewood,Week5,Highlands Swim,Week2,223.0 Highlands Swim - 179.0 Waynewood
Woodley,Week3,Mount Vernon Park,Week3,337.5 Mount Vernon Park - 64.5 Woodley
Woodley,Week1,Mount Vernon Park,Week5,346.0 Mount Vernon Park - 56.0 Woodley
Woodley,Week2,Ravensworth Farm,Week5,316.0 Ravensworth Farm - 86.0 Woodley
Waynewood,Week2,Woodley,Week1,314.0 Waynewood - 88.0 Woodley
Waynewood,Week2,Hollin Hills,Week1,333.0 Waynewood - 69.0 Hollin Hills
Waynewood,Week2,Hollin Hills,Week4,328.0 Waynewood - 74.0 Hollin Hills
Waynewood,Week5,Waynewood,Week3,213.0 Waynewood (WW1) - 189.0 Waynewood (WW2)
Woodley,Week2,Ravensworth Farm,Week1,305.0 Ravensworth Farm - 97.0 Woodley
Waynewood,Week1,McLean,Week2,269.0 McLean - 133.0 Waynewood
Woodley,Week5,Commonwealth,Week4,218.0 Commonwealth - 184.0 Woodley
Woodley,Week5,Commonwealth,Week1,203.0 Commonwealth - 199.0 Woodley
Woodley,Week3,Ravensworth Farm,Week1,311.0 Ravensworth Farm - 91.0 Woodley
Waynewood,Week1,Hollin Hills,Week5,315.0 Waynewood - 87.0 Hollin Hills
Waynewood,Week5,Arlington Forest,Week3,291.0 Waynewood - 111.0 Arlington Forest
Woodley,Week3,Mount Vernon Park,Week2,338.0 Mount Vernon Park - 64.0 Woodley
Woodley,Week4,Commonwealth,Week4,229.0 Commonwealth - 168.0 Woodley
Waynewood,Week2,McLean,Week5,261.0 McLean - 141.0 Waynewood
Waynewood,Week2,Woodley,Week2,314.5 Waynewood - 87.5 Woodley
Waynewood,Week3,Brandywine,Week5,235.0 Waynewood - 167.0 Brandywine
Waynewood,Week2,Woodley,Week3,317.0 Waynewood - 85.0 Woodley
Waynewood,Week2,McLean,Week2,253.0 McLean - 149.0 Waynewood
Woodley,Week3,Cottontail,Week2,261.0 Cottontail - 141.0 Woodley
Waynewood,Week5,Highlands Swim,Week3,229.0 Highlands Swim - 173.0 Waynewood
Woodley,Week2,Mount Vernon Park,Week4,335.5 Mount Vernon Park - 66.5 Woodley
Waynewood,Week3,McLean,Week2,247.0 McLean - 155.0 Waynewood
Woodley,Week1,Ravensworth Farm,Week5,310.0 Ravensworth Farm - 92.0 Woodley
Waynewood,Week2,Woodley,Week4,315.0 Waynewood - 87.0 Woodley
Woodley,Week3,Mount Vernon Park,Week5,337.5 Mount Vernon Park - 64.5 Woodley
Woodley,Week2,Ravensworth Farm,Week4,294.0 Ravensworth Farm - 108.0 Woodley
Woodley,Week1,Ravensworth Farm,Week3,297.0 Ravensworth Farm - 105.0 Woodley
Waynewood,Week5,Hollin Hills,Week5,335.0 Waynewood - 67.0 Hollin Hills
Waynewood,Week4,Hollin Hills,Week3,336.0 Waynewood - 66.0 Hollin Hills
Waynewood,Week4,McLean,Week5,262.0 McLean - 140.0 Waynewood
Waynewood,Week4,Highlands Swim,Week5,280.0 Highlands Swim - 122.0 Waynewood
Waynewood,Week2,Brandywine,Week5,230.0 Waynewood - 172.0 Brandywine
Waynewood,Week1,Hollin Hills,Week2,310.0 Waynewood - 91.0 Hollin Hills
Waynewood,Week1,Woodley,Week4,302.0 Waynewood - 100.0 Woodley
Waynewood,Week3,McLean,Week5,253.0 McLean - 149.0 Waynewood
Waynewood,Week4,Brandywine,Week2,251.0 Waynewood - 151.0 Brandywine
Woodley,Week3,Cottontail,Week4,259.0 Cottontail - 143.0 Woodley
Woodley,Week3,Cottontail,Week1,261.0 Cottontail - 141.0 Woodley
Woodley,Week5,Mount Vernon Park,Week2,324.0 Mount Vernon Park - 78.0 Woodley
Waynewood,Week2,Hollin Hills,Week2,330.0 Waynewood - 72.0 Hollin Hills
Waynewood,Week3,Hollin Hills,Week2,335.0 Waynewood - 67.0 Hollin Hills
Waynewood,Week4,Brandywine,Week1,245.0 Waynewood - 157.0 Brandywine
Woodley,Week5,Mount Vernon Park,Week3,330.0 Mount Vernon Park - 72.0 Woodley
Woodley,Week3,Mount Vernon Park,Week1,329.0 Mount Vernon Park - 73.0 Woodley
Woodley,Week1,Cottontail,Week5,285.0 Cottontail - 117.0 Woodley
Woodley,Week4,Ravensworth Farm,Week3,305.0 Ravensworth Farm - 97.0 Woodley
Woodley,Week4,Commonwealth,Week3,252.0 Commonwealth - 150.0 Woodley
Waynewood,Week5,Hollin Hills,Week2,336.0 Waynewood - 66.0 Hollin Hills
Waynewood,Week2,Woodley,Week5,307.0 Waynewood - 95.0 Woodley
Woodley,Week4,Ravensworth Farm,Week1,303.0 Ravensworth Farm - 99.0 Woodley
Waynewood,Week4,McLean,Week1,260.0 McLean - 142.0 Waynewood
Waynewood,Week1,Brandywine,Week5,214.0 Waynewood - 188.0 Brandywine
Waynewood,Week5,McLean,Week2,245.0 McLean - 157.0 Waynewood
Waynewood,Week4,Hollin Hills,Week4,325.0 Waynewood - 77.0 Hollin Hills
Woodley,Week1,Mount Vernon Park,Week3,339.0 Mount Vernon Park - 63.0 Woodley
Woodley,Week4,Ravensworth Farm,Week2,274.5 Ravensworth Farm - 127.5 Woodley
Woodley,Week5,Mount Vernon Park,Week1,315.0 Mount Vernon Park - 87.0 Woodley
Waynewood,Week2,Brandywine,Week1,267.0 Waynewood - 135.0 Brandywine
Woodley,Week4,Commonwealth,Week5,240.0 Commonwealth - 162.0 Woodley
Woodley,Week3,Ravensworth Farm,Week5,324.0 Ravensworth Farm - 78.0 Woodley
Waynewood,Week5,McLean,Week5,243.0 McLean - 159.0 Waynewood
Waynewood,Week3,Brandywine,Week4,265.0 Waynewood - 137.0 Brandywine
Waynewood,Week1,Woodley,Week1,309.0 Waynewood - 93.0 Woodley
Waynewood,Week4,McLean,Week4,243.0 McLean - 159.0 Waynewood
Woodley,Week2,Mount Vernon Park,Week2,344.0 Mount Vernon Park - 58.0 Woodley
Waynewood,Week4,McLean,Week2,260.0 McLean - 142.0 Waynewood
Woodley,Week5,Cottontail,Week3,236.0 Cottontail - 166.0 Woodley
Woodley,Week2,Mount Vernon Park,Week5,340.0 Mount Vernon Park - 61.0 Woodley
Woodley,Week5,Cottontail,Week5,259.0 Cottontail - 143.0 Woodley
Woodley,Week1,Ravensworth Farm,Week4,298.5 Ravensworth Farm - 103.5 Woodley
Waynewood,Week1,Brandywine,Week4,238.0 Waynewood - 164.0 Brandywine
Woodley,Week1,Ravensworth Farm,Week1,287.0 Ravensworth Farm - 115.0 Woodley
Waynewood,Week5,Hollin Hills,Week3,339.0 Waynewood - 63.0 Hollin Hills
Woodley,Week1,Newington Forest,Week1,220.0 Woodley - 182.0 Newington Forest
Woodley,Week1,Cottontail,Week3,260.0 Cottontail - 142.0 Woodley
Woodley,Week3,Commonwealth,Week5,236.0 Commonwealth - 166.0 Woodley
Woodley,Week3,Cottontail,Week3,257.0 Cottontail - 145.0 Woodley
Waynewood,Week4,Brandywine,Week3,229.0 Waynewood - 173.0 Brandywine
Woodley,Week2,Newington Forest,Week1,213.0 Woodley - 185.0 Newington Forest
Waynewood,Week1,Hollin Meadows,Week2,231.0 Waynewood - 171.0 Hollin Meadows
Waynewood,Week1,Hollin Meadows,Week1,203.0 Waynewood - 199.0 Hollin Meadows
Waynewood,Week2,Brandywine,Week3,234.0 Waynewood - 168.0 Brandywine
Waynewood,Week1,Mosby Woods,Week1,244.5 Mosby Woods - 157.5 Waynewood
Waynewood,Week3,Hollin Hills,Week4,339.0 Waynewood - 63.0 Hollin Hills
Waynewood,Week1,Brandywine,Week1,247.0 Waynewood - 155.0 Brandywine
Woodley,Week1,Riverside Gardens,Week3,339.0 Riverside Gardens - 63.0 Woodley
Waynewood,Week1,Brandywine,Week3,218.0 Waynewood - 184.0 Brandywine
Waynewood,Week3,Brandywine,Week2,272.0 Waynewood - 130.0 Brandywine
Woodley,Week4,Cottontail,Week4,262.0 Cottontail - 140.0 Woodley
Waynewood,Week5,Mosby Woods,Week2,213.0 Waynewood - 189.0 Mosby Woods
Waynewood,Week2,Mosby Woods,Week4,205.0 Waynewood - 197.0 Mosby Woods
Waynewood,Week4,Hollin Hills,Week1,329.0 Waynewood - 73.0 Hollin Hills
Woodley,Week2,Newington Forest,Week2,210.5 Woodley - 187.5 Newington Forest
Waynewood,Week3,Mosby Woods,Week1,209.0 Mosby Woods - 193.0 Waynewood
Woodley,Week2,Newington Forest,Week4,210.0 Newington Forest - 192.0 Woodley
Woodley,Week2,Riverside Gardens,Week4,348.0 Riverside Gardens - 54.0 Woodley
Woodley,Week5,Mount Vernon Park,Week4,331.0 Mount Vernon Park - 71.0 Woodley
Woodley,Week1,Newington Forest,Week3,217.0 Woodley - 185.0 Newington Forest
Waynewood,Week3,Mosby Woods,Week3,223.0 Waynewood - 179.0 Mosby Woods
Woodley,Week3,Riverside Gardens,Week4,349.0 Riverside Gardens - 53.0 Woodley
Woodley,Week4,Commonwealth,Week1,208.0 Commonwealth - 188.0 Woodley
Waynewood,Week3,Brandywine,Week3,238.0 Waynewood - 164.0 Brandywine
Woodley,Week4,Riverside Gardens,Week1,340.0 Riverside Gardens - 62.0 Woodley
Woodley,Week1,Rolling Forest,Week4,281.0 Rolling Forest - 121.0 Woodley
Woodley,Week2,Country Club Hills,Week1,263.0 Country Club Hills - 139.0 Woodley
Woodley,Week4,Riverside Gardens,Week2,338.0 Riverside Gardens - 64.0 Woodley
Woodley,Week1,Riverside Gardens,Week2,321.0 Riverside Gardens - 81.0 Woodley
Waynewood,Week3,Hollin Hills,Week1,338.0 Waynewood - 64.0 Hollin Hills
Waynewood,Week5,McLean,Week4,215.0 McLean - 187.0 Waynewood
Waynewood,Week5,Brandywine,Week1,276.0 Waynewood - 126.0 Brandywine
Waynewood,Week3,Hollin Hills,Week3,337.5 Waynewood - 64.5 Hollin Hills
Woodley,Week4,Riverside Gardens,Week5,339.0 Riverside Gardens - 63.0 Woodley
Woodley,Week5,Riverside Gardens,Week2,318.0 Riverside Gardens - 84.0 Woodley
Waynewood,Week5,Brandywine,Week2,267.0 Waynewood - 135.0 Brandywine
Waynewood,Week1,Hollin Meadows,Week4,225.0 Waynewood - 177.0 Hollin Meadows
Woodley,Week3,Newington Forest,Week2,216.0 Woodley - 184.0 Newington Forest
Waynewood,Week1,Hollin Meadows,Week3,224.0 Waynewood - 178.0 Hollin Meadows
Woodley,Week5,Commonwealth,Week5,220.0 Commonwealth - 182.0 Woodley
Woodley,Week3,Newington Forest,Week1,215.0 Woodley - 185.0 Newington Forest
Woodley,Week2,Newington Forest,Week5,231.0 Newington Forest - 171.0 Woodley
Woodley,Week4,Riverside Gardens,Week4,346.0 Riverside Gardens - 56.0 Woodley
Woodley,Week2,Cottontail,Week2,268.0 Cottontail - 134.0 Woodley
Waynewood,Week4,Brandywine,Week5,213.0 Waynewood - 189.0 Brandywine
Waynewood,Week2,Mosby Woods,Week5,212.0 Mosby Woods - 190.0 Waynewood
Waynewood,Week2,Mosby Woods,Week3,207.0 Mosby Woods - 195.0 Waynewood
Woodley,Week2,Cottontail,Week5,271.0 Cottontail - 131.0 Woodley
Waynewood,Week1,Mosby Woods,Week3,235.0 Mosby Woods - 167.0 Waynewood
Woodley,Week5,Commonwealth,Week3,229.0 Commonwealth - 173.0 Woodley
Woodley,Week5,Newington Forest,Week2,221.0 Woodley - 177.0 Newington Forest
Waynewood,Week5,Brandywine,Week3,241.0 Waynewood - 161.0 Brandywine
Woodley,Week1,Riverside Gardens,Week1,336.0 Riverside Gardens - 66.0 Woodley
Woodley,Week3,Cottontail,Week5,287.0 Cottontail - 115.0 Woodley
Waynewood,Week2,Mosby Woods,Week1,227.0 Mosby Woods - 175.0 Waynewood
Waynewood,Week5,Arlington Forest,Week4,250.0 Waynewood - 152.0 Arlington Forest
Woodley,Week2,Cottontail,Week1,267.0 Cottontail - 135.0 Woodley
Waynewood,Week2,Hollin Meadows,Week1,220.0 Waynewood - 182.0 Hollin Meadows
Waynewood,Week4,Hollin Hills,Week2,334.0 Waynewood - 68.0 Hollin Hills
Waynewood,Week3,Mosby Woods,Week5,217.0 Waynewood - 185.0 Mosby Woods
Woodley,Week5,Newington Forest,Week5,205.0 Newington Forest - 197.0 Woodley
Woodley,Week4,Riverside Gardens,Week3,348.0 Riverside Gardens - 54.0 Woodley
Woodley,Week5,Newington Forest,Week3,221.0 Woodley - 181.0 Newington Forest
Woodley,Week3,Riverside Gardens,Week5,340.0 Riverside Gardens - 62.0 Woodley
Waynewood,Week1,Hollin Meadows,Week5,205.0 Waynewood - 197.0 Hollin Meadows
Waynewood,Week3,Brandywine,Week1,276.0 Waynewood - 126.0 Brandywine
Waynewood,Week1,Brandywine,Week2,250.0 Waynewood - 152.0 Brandywine
Woodley,Week3,Riverside Gardens,Week1,342.0 Riverside Gardens - 60.0 Woodley
Woodley,Week1,Cottontail,Week1,262.0 Cottontail - 140.0 Woodley
Waynewood,Week3,Mosby Woods,Week2,207.5 Waynewood - 194.5 Mosby Woods
Woodley,Week1,Riverside Gardens,Week5,343.0 Riverside Gardens - 59.0 Woodley
Woodley,Week2,North Springfield,Week3,242.0 Woodley - 155.0 North Springfield
Waynewood,Week3,Mosby Woods,Week4,230.0 Waynewood - 172.0 Mosby Woods
Waynewood,Week3,Hollin Hills,Week5,331.0 Waynewood - 71.0 Hollin Hills
Woodley,Week1,North Springfield,Week1,257.0 Woodley - 94.0 North Springfield
Woodley,Week1,Cottontail,Week4,253.0 Cottontail - 149.0 Woodley
Woodley,Week5,Commonwealth,Week2,238.0 Commonwealth - 164.0 Woodley
Waynewood,Week2,Mosby Woods,Week2,224.0 Mosby Woods - 178.0 Waynewood
Woodley,Week1,Cottontail,Week2,262.0 Cottontail - 140.0 Woodley
Waynewood,Week4,Hollin Meadows,Week5,236.0 Waynewood - 166.0 Hollin Meadows
Waynewood,Week2,Brandywine,Week2,263.0 Waynewood - 139.0 Brandywine
Woodley,Week2,Riverside Gardens,Week1,343.0 Riverside Gardens - 59.0 Woodley
Waynewood,Week4,Mosby Woods,Week2,227.0 Mosby Woods - 175.0 Waynewood
Waynewood,Week5,Arlington Forest,Week5,237.0 Waynewood - 165.0 Arlington Forest
Waynewood,Week5,Hollin Hills,Week1,340.0 Waynewood - 62.0 Hollin Hills
Woodley,Week4,North Springfield,Week1,247.0 Woodley - 103.0 North Springfield
Woodley,Week4,Newington Forest,Week5,229.0 Newington Forest - 173.0 Woodley
Woodley,Week2,Riverside Gardens,Week3,343.0 Riverside Gardens - 59.0 Woodley
Waynewood,Week4,Hollin Meadows,Week2,246.0 Waynewood - 156.0 Hollin Meadows
Waynewood,Week1,Mosby Woods,Week4,206.0 Mosby Woods - 196.0 Waynewood
Waynewood,Week4,Brandywine,Week4,244.0 Waynewood - 158.0 Brandywine
Waynewood,Week4,Mosby Woods,Week5,209.0 Mosby Woods - 193.0 Waynewood
Woodley,Week4,Cottontail,Week1,256.0 Cottontail - 146.0 Woodley
Woodley,Week3,Newington Forest,Week5,220.0 Newington Forest - 182.0 Woodley
Waynewood,Week4,Mosby Woods,Week4,203.0 Mosby Woods - 199.0 Waynewood
Woodley,Week3,North Springfield,Week4,259.0 Woodley - 131.0 North Springfield
Waynewood,Week3,Hollin Meadows,Week4,252.0 Waynewood - 150.0 Hollin Meadows
Woodley,Week3,Newington Forest,Week4,203.0 Newington Forest - 199.0 Woodley
Waynewood,Week1,Holmes Run Acres,Week1,233.0 Waynewood - 169.0 Holmes Run Acres
Waynewood,Week4,Hollin Meadows,Week3,256.0 Waynewood - 146.0 Hollin Meadows
Woodley,Week1,North Springfield,Week3,235.0 Woodley - 161.0 North Springfield
Woodley,Week5,Newington Forest,Week1,216.0 Woodley - 182.0 Newington Forest
Woodley,Week2,Cottontail,Week4,262.0 Cottontail - 140.0 Woodley
Woodley,Week5,Riverside Gardens,Week4,341.5 Riverside Gardens - 60.5 Woodley
Woodley,Week4,Cottontail,Week3,254.0 Cottontail - 148.0 Woodley
Waynewood,Week4,Mosby Woods,Week3,212.0 Mosby Woods - 190.0 Waynewood
Waynewood,Week5,Mosby Woods,Week3,215.0 Waynewood - 187.0 Mosby Woods
Waynewood,Week5,Hollin Meadows,Week2,269.0 Waynewood - 133.0 Hollin Meadows
Woodley,Week2,Cottontail,Week3,236.0 Cottontail - 166.0 Woodley
Woodley,Week2,Riverside Gardens,Week2,329.0 Riverside Gardens - 73.0 Woodley
Woodley,Week1,Riverside Gardens,Week4,342.0 Riverside Gardens - 60.0 Woodley
Waynewood,Week5,Hollin Meadows,Week4,258.0 Waynewood - 144.0 Hollin Meadows
Woodley,Week5,Cottontail,Week1,247.0 Cottontail - 155.0 Woodley
Waynewood,Week4,Hollin Meadows,Week1,243.0 Waynewood - 159.0 Hollin Meadows
Woodley,Week5,Cottontail,Week2,255.5 Cottontail - 146.5 Woodley
Woodley,Week3,Riverside Gardens,Week3,349.0 Riverside Gardens - 53.0 Woodley
Woodley,Week4,Cottontail,Week5,278.0 Cottontail - 124.0 Woodley
Waynewood,Week2,Hollin Meadows,Week3,250.0 Waynewood - 152.0 Hollin Meadows
Waynewood,Week5,Mosby Woods,Week1,210.0 Mosby Woods - 192.0 Waynewood
Woodley,Week3,Riverside Gardens,Week2,338.0 Riverside Gardens - 64.0 Woodley
Woodley,Week5,Newington Forest,Week4,214.5 Woodley - 182.5 Newington Forest
Waynewood,Week1,Mosby Woods,Week5,235.0 Mosby Woods - 167.0 Waynewood
Waynewood,Week5,Hollin Meadows,Week5,248.0 Waynewood - 154.0 Hollin Meadows
Woodley,Week3,High Point Pool,Week5,308.0 High Point Pool - 94.0 Woodley
Woodley,Week4,Newington Forest,Week2,206.0 Woodley - 195.0 Newington Forest
Woodley,Week5,Riverside Gardens,Week3,336.5 Riverside Gardens - 65.5 Woodley
Waynewood,Week2,Mount Vernon Park,Week3,214.5 Mount Vernon Park - 187.5 Waynewood
Waynewood,Week4,Mosby Woods,Week1,229.0 Mosby Woods - 173.0 Waynewood
Woodley,Week5,Riverside Gardens,Week1,328.0 Riverside Gardens - 74.0 Woodley
Woodley,Week1,North Springfield,Week5,214.0 Woodley - 160.0 North Springfield
Woodley,Week4,Cottontail,Week2,252.0 Cottontail - 150.0 Woodley
Waynewood,Week3,Mount Vernon Park,Week4,223.0 Waynewood - 179.0 Mount Vernon Park
Woodley,Week5,Cottontail,Week4,247.0 Cottontail - 150.0 Woodley
Woodley,Week2,Highland Park,Week3,277.0 Highland Park - 125.0 Woodley
Waynewood,Week4,Hollin Meadows,Week4,244.0 Waynewood - 158.0 Hollin Meadows
Woodley,Week5,High Point Pool,Week3,311.0 High Point Pool - 91.0 Woodley
Waynewood,Week4,Mount Vernon Park,Week1,210.0 Mount Vernon Park - 192.0 Waynewood
Woodley,Week1,Country Club Hills,Week1,248.0 Country Club Hills - 154.0 Woodley
Woodley,Week1,North Springfield,Week2,257.0 Woodley - 131.0 North Springfield
Woodley,Week5,High Point Pool,Week1,300.0 High Point Pool - 102.0 Woodley
Woodley,Week1,Rolling Forest,Week2,259.0 Rolling Forest - 143.0 Woodley
Woodley,Week1,North Springfield,Week4,259.0 Woodley - 132.0 North Springfield
Woodley,Week2,Riverside Gardens,Week5,350.0 Riverside Gardens - 52.0 Woodley
Waynewood,Week1,Newington Forest,Week1,282.0 Waynewood - 120.0 Newington Forest
Woodley,Week4,Newington Forest,Week4,201.0 Newington Forest - 196.0 Woodley
Woodley,Week5,Riverside Gardens,Week5,336.0 Riverside Gardens - 66.0 Woodley
Woodley,Week1,Rolling Forest,Week1,279.0 Rolling Forest - 123.0 Woodley
Waynewood,Week2,Hollin Meadows,Week5,236.0 Waynewood - 166.0 Hollin Meadows
Woodley,Week1,Country Club Hills,Week2,251.0 Country Club Hills - 151.0 Woodley
Waynewood,Week5,Hollin Meadows,Week1,252.0 Waynewood - 150.0 Hollin Meadows
Waynewood,Week2,Mount Vernon Park,Week4,211.0 Waynewood - 191.0 Mount Vernon Park
Waynewood,Week2,Newington Forest,Week4,293.0 Waynewood - 109.0 Newington Forest
Woodley,Week4,Newington Forest,Week3,210.0 Woodley - 192.0 Newington Forest
Woodley,Week1,Rolling Hills,Week4,263.0 Rolling Hills - 139.0 Woodley
Woodley,Week2,High Point Pool,Week1,308.0 High Point Pool - 94.0 Woodley
Woodley,Week1,Country Club Hills,Week3,245.0 Country Club Hills - 157.0 Woodley
Waynewood,Week4,Mount Vernon Park,Week5,241.0 Mount Vernon Park - 161.0 Waynewood
Woodley,Week1,Country Club Hills,Week4,252.0 Country Club Hills - 150.0 Woodley
Woodley,Week2,North Springfield,Week2,243.0 Woodley - 145.0 North Springfield
Woodley,Week1,Rolling Forest,Week3,290.0 Rolling Forest - 112.0 Woodley
Waynewood,Week3,Hollin Meadows,Week3,262.0 Waynewood - 140.0 Hollin Meadows
Woodley,Week2,North Springfield,Week1,239.0 Woodley - 111.0 North Springfield
Woodley,Week3,Rolling Forest,Week1,278.0 Rolling Forest - 124.0 Woodley
Woodley,Week4,High Point Pool,Week1,306.0 High Point Pool - 96.0 Woodley
Waynewood,Week1,Holmes Run Acres,Week2,231.0 Waynewood - 171.0 Holmes Run Acres
Waynewood,Week2,Mount Vernon Park,Week2,204.5 Mount Vernon Park - 197.5 Waynewood
Woodley,Week2,Rolling Hills,Week5,248.0 Rolling Hills - 154.0 Woodley
Woodley,Week5,Country Club Hills,Week2,227.0 Country Club Hills - 175.0 Woodley
Waynewood,Week2,Hollin Meadows,Week4,236.0 Waynewood - 166.0 Hollin Meadows
Woodley,Week5,High Point Pool,Week5,304.0 High Point Pool - 98.0 Woodley
Waynewood,Week5,Mount Vernon Park,Week5,214.0 Mount Vernon Park - 188.0 Waynewood
Woodley,Week3,High Point Pool,Week4,305.0 High Point Pool - 97.0 Woodley
Woodley,Week2,Rolling Hills,Week3,263.0 Rolling Hills - 139.0 Woodley
Waynewood,Week1,Holmes Run Acres,Week3,204.0 Holmes Run Acres - 198.0 Waynewood
Woodley,Week2,North Springfield,Week4,253.0 Woodley - 138.0 North Springfield
Waynewood,Week5,Hollin Meadows,Week3,266.0 Waynewood - 136.0 Hollin Meadows
Woodley,Week1,High Point Pool,Week5,300.5 High Point Pool - 101.5 Woodley
Waynewood,Week2,Cardinal Hill,Week3,238.0 Cardinal Hill - 164.0 Waynewood
Woodley,Week1,Highland Park,Week2,289.0 Highland Park - 113.0 Woodley
Woodley,Week3,Country Club Hills,Week1,267.0 Country Club Hills - 135.0 Woodley
Woodley,Week4,Newington Forest,Week1,201.0 Newington Forest - 200.0 Woodley
Waynewood,Week4,Mount Vernon Park,Week3,219.0 Mount Vernon Park - 183.0 Waynewood
Waynewood,Week1,Holmes Run Acres,Week4,231.0 Waynewood - 171.0 Holmes Run Acres
Woodley,Week5,Country Club Hills,Week1,240.0 Country Club Hills - 162.0 Woodley
Woodley,Week2,Country Club Hills,Week4,256.0 Country Club Hills - 146.0 Woodley
Woodley,Week2,Rolling Hills,Week1,245.0 Rolling Hills - 156.0 Woodley
Woodley,Week1,Country Club Hills,Week5,276.0 Country Club Hills - 126.0 Woodley
Waynewood,Week5,Mosby Woods,Week4,237.0 Waynewood - 165.0 Mosby Woods
Woodley,Week3,North Springfield,Week3,241.0 Woodley - 155.0 North Springfield
Woodley,Week2,North Springfield,Week5,231.0 Woodley - 143.0 North Springfield
Woodley,Week2,Highland Park,Week2,299.0 Highland Park - 103.0 Woodley
Woodley,Week1,Crosspointe,Week1,333.0 Crosspointe - 69.0 Woodley
Woodley,Week3,Country Club Hills,Week2,262.0 Country Club Hills - 140.0 Woodley
Waynewood,Week3,Hollin Meadows,Week2,263.0 Waynewood - 139.0 Hollin Meadows
Waynewood,Week3,Hollin Meadows,Week1,241.0 Waynewood - 161.0 Hollin Meadows
Waynewood,Week2,Hollin Meadows,Week2,250.0 Waynewood - 152.0 Hollin Meadows
Woodley,Week3,North Springfield,Week2,241.0 Woodley - 146.0 North Springfield
Woodley,Week5,Country Club Hills,Week3,243.0 Country Club Hills - 159.0 Woodley
Woodley,Week2,High Point Pool,Week3,318.0 High Point Pool - 84.0 Woodley
Woodley,Week4,Highland Park,Week2,294.0 Highland Park - 108.0 Woodley
Woodley,Week3,North Springfield,Week1,248.0 Woodley - 99.0 North Springfield
Woodley,Week2,Country Club Hills,Week3,262.0 Country Club Hills - 140.0 Woodley
Woodley,Week2,Rolling Forest,Week5,275.0 Rolling Forest - 127.0 Woodley
Waynewood,Week2,Mount Vernon Park,Week1,211.0 Mount Vernon Park - 191.0 Waynewood
Woodley,Week4,North Springfield,Week2,242.0 Woodley - 146.0 North Springfield
Woodley,Week4,Oakton ,Week2,355.0 Oakton - 47.0 Woodley
Waynewood,Week3,Newington Forest,Week1,329.0 Waynewood - 73.0 Newington Forest
Waynewood,Week3,Cardinal Hill,Week5,219.0 Waynewood - 183.0 Cardinal Hill
Woodley,Week2,Rolling Forest,Week3,273.0 Rolling Forest - 129.0 Woodley
Woodley,Week3,North Springfield,Week5,225.0 Woodley - 148.0 North Springfield
Waynewood,Week5,Cardinal Hill,Week4,219.0 Waynewood - 183.0 Cardinal Hill
Woodley,Week5,Rolling Forest,Week1,253.0 Rolling Forest - 149.0 Woodley
Woodley,Week4,Country Club Hills,Week2,265.0 Country Club Hills - 137.0 Woodley
Waynewood,Week3,Mount Vernon Park,Week2,212.0 Waynewood - 190.0 Mount Vernon Park
Woodley,Week4,High Point Pool,Week4,311.0 High Point Pool - 91.0 Woodley
Woodley,Week4,Oakton ,Week4,356.0 Oakton - 46.0 Woodley
Woodley,Week5,High Point Pool,Week4,302.0 High Point Pool - 100.0 Woodley
Waynewood,Week3,Chesterbrook,Week3,315.0 Chesterbrook - 87.0 Waynewood
Waynewood,Week1,Mount Vernon Park,Week1,216.0 Mount Vernon Park - 186.0 Waynewood
Woodley,Week4,Rolling Forest,Week1,267.0 Rolling Forest - 135.0 Woodley
Waynewood,Week3,Cardinal Hill,Week4,223.0 Waynewood - 179.0 Cardinal Hill
Woodley,Week3,Rolling Forest,Week3,286.0 Rolling Forest - 116.0 Woodley
Waynewood,Week3,Chesterbrook,Week1,296.0 Chesterbrook - 106.0 Waynewood
Woodley,Week1,Highland Park,Week1,308.0 Highland Park - 94.0 Woodley
Woodley,Week3,High Point Pool,Week3,312.0 High Point Pool - 90.0 Woodley
Woodley,Week3,Country Club Hills,Week3,274.0 Country Club Hills - 128.0 Woodley
Waynewood,Week4,Mount Vernon Park,Week4,216.0 Mount Vernon Park - 186.0 Waynewood
Waynewood,Week4,Mount Vernon Park,Week2,219.0 Mount Vernon Park - 183.0 Waynewood
Waynewood,Week3,Hollin Meadows,Week5,237.0 Waynewood - 165.0 Hollin Meadows
Waynewood,Week2,Cardinal Hill,Week2,212.0 Waynewood - 190.0 Cardinal Hill
Woodley,Week1,Rolling Hills,Week2,254.0 Rolling Hills - 148.0 Woodley
Woodley,Week3,Rolling Forest,Week5,283.0 Rolling Forest - 119.0 Woodley
Woodley,Week4,Rolling Forest,Week5,285.0 Rolling Forest - 117.0 Woodley
Waynewood,Week1,Mount Vernon Park,Week2,220.0 Mount Vernon Park - 182.0 Waynewood
Waynewood,Week3,Mount Vernon Park,Week1,213.0 Waynewood - 189.0 Mount Vernon Park
Woodley,Week4,Oakton ,Week1,344.0 Oakton - 58.0 Woodley
Waynewood,Week1,Chesterbrook,Week5,320.0 Chesterbrook - 82.0 Waynewood
Woodley,Week2,High Point Pool,Week4,313.0 High Point Pool - 89.0 Woodley
Woodley,Week3,High Point Pool,Week1,302.0 High Point Pool - 100.0 Woodley
Woodley,Week3,Country Club Hills,Week4,269.5 Country Club Hills - 132.5 Woodley
Waynewood,Week2,Cardinal Hill,Week4,210.0 Waynewood - 192.0 Cardinal Hill
Woodley,Week4,High Point Pool,Week3,312.0 High Point Pool - 90.0 Woodley
Woodley,Week1,Crosspointe,Week2,322.0 Crosspointe - 80.0 Woodley
Waynewood,Week4,Cardinal Hill,Week1,225.0 Cardinal Hill - 177.0 Waynewood
Woodley,Week3,Rolling Forest,Week2,252.0 Rolling Forest - 150.0 Woodley
Woodley,Week4,Country Club Hills,Week5,274.0 Country Club Hills - 128.0 Woodley
Woodley,Week3,Oakton ,Week5,368.0 Oakton - 34.0 Woodley
Waynewood,Week1,Mount Vernon Park,Week4,222.0 Mount Vernon Park - 180.0 Waynewood
Waynewood,Week2,Chesterbrook,Week1,309.0 Chesterbrook - 93.0 Waynewood
Woodley,Week5,North Springfield,Week2,252.0 Woodley - 136.0 North Springfield
Woodley,Week1,Crosspointe,Week3,321.5 Crosspointe - 80.5 Woodley
Woodley,Week4,Country Club Hills,Week4,257.5 Country Club Hills - 144.5 Woodley
Woodley,Week2,Rolling Forest,Week2,241.0 Rolling Forest - 161.0 Woodley
Waynewood,Week2,Chesterbrook,Week2,312.0 Chesterbrook - 90.0 Waynewood
Woodley,Week4,North Springfield,Week4,251.0 Woodley - 140.0 North Springfield
Woodley,Week5,Rolling Forest,Week3,273.0 Rolling Forest - 129.0 Woodley
Woodley,Week5,Rolling Forest,Week4,268.0 Rolling Forest - 134.0 Woodley
Woodley,Week2,Oakton ,Week3,348.0 Oakton - 54.0 Woodley
Woodley,Week4,High Point Pool,Week5,309.0 High Point Pool - 93.0 Woodley
Woodley,Week1,Oakton ,Week2,341.0 Oakton - 61.0 Woodley
Waynewood,Week2,Chesterbrook,Week5,319.0 Chesterbrook - 83.0 Waynewood
Waynewood,Week3,Cardinal Hill,Week1,208.0 Waynewood - 194.0 Cardinal Hill
Woodley,Week1,Highland Park,Week5,304.0 Highland Park - 98.0 Woodley
Woodley,Week1,Rolling Hills,Week1,245.0 Rolling Hills - 157.0 Woodley
Woodley,Week1,Highland Park,Week3,277.0 Highland Park - 125.0 Woodley
Woodley,Week4,Country Club Hills,Week1,264.0 Country Club Hills - 138.0 Woodley
Woodley,Week5,Country Club Hills,Week5,263.0 Country Club Hills - 139.0 Woodley
Waynewood,Week1,Chesterbrook,Week2,312.0 Chesterbrook - 90.0 Waynewood
Waynewood,Week1,Mount Vernon Park,Week3,228.0 Mount Vernon Park - 174.0 Waynewood
Woodley,Week4,Rolling Forest,Week2,240.0 Rolling Forest - 162.0 Woodley
Waynewood,Week4,Cardinal Hill,Week5,207.0 Cardinal Hill - 195.0 Waynewood
Waynewood,Week5,Mount Vernon Park,Week3,207.0 Waynewood - 195.0 Mount Vernon Park
Waynewood,Week5,Mosby Woods,Week5,209.0 Waynewood - 193.0 Mosby Woods
Woodley,Week2,Country Club Hills,Week5,272.0 Country Club Hills - 130.0 Woodley
Waynewood,Week5,Mount Vernon Park,Week1,204.0 Mount Vernon Park - 198.0 Waynewood
Woodley,Week3,Oakton ,Week1,348.0 Oakton - 54.0 Woodley
Woodley,Week5,North Springfield,Week1,250.0 Woodley - 99.0 North Springfield
Waynewood,Week3,Cardinal Hill,Week3,211.0 Cardinal Hill - 191.0 Waynewood
Waynewood,Week5,Mount Vernon Park,Week2,201.0 Mount Vernon Park - 201.0 Waynewood
Waynewood,Week3,Mount Vernon Park,Week3,202.0 Mount Vernon Park - 200.0 Waynewood
Woodley,Week4,Rolling Forest,Week3,272.0 Rolling Forest - 130.0 Woodley
Waynewood,Week1,Mount Vernon Park,Week5,233.0 Mount Vernon Park - 169.0 Waynewood
Woodley,Week5,Rolling Forest,Week5,260.0 Rolling Forest - 142.0 Woodley
Woodley,Week1,Highland Park,Week4,301.0 Highland Park - 101.0 Woodley
Woodley,Week2,High Point Pool,Week2,317.0 High Point Pool - 85.0 Woodley
Woodley,Week3,Country Club Hills,Week5,281.0 Country Club Hills - 121.0 Woodley
Woodley,Week1,Old Keene Mill,Week1,206.0 Woodley - 196.0 Old Keene Mill
Woodley,Week2,Country Club Hills,Week2,254.0 Country Club Hills - 148.0 Woodley
Woodley,Week3,High Point Pool,Week2,322.0 High Point Pool - 80.0 Woodley
Woodley,Week4,North Springfield,Week3,235.0 Woodley - 161.0 North Springfield
Waynewood,Week2,Chesterbrook,Week3,327.0 Chesterbrook - 75.0 Waynewood
Waynewood,Week2,Mount Vernon Park,Week5,222.0 Mount Vernon Park - 180.0 Waynewood
Woodley,Week4,Country Club Hills,Week3,265.0 Country Club Hills - 137.0 Woodley
Waynewood,Week5,Mount Vernon Park,Week4,222.0 Waynewood - 180.0 Mount Vernon Park
Woodley,Week1,Daventry,Week4,219.0 Woodley - 183.0 Daventry
Waynewood,Week3,Mount Vernon Park,Week5,220.0 Mount Vernon Park - 182.0 Waynewood
Woodley,Week5,Rolling Forest,Week2,236.0 Rolling Forest - 166.0 Woodley
Woodley,Week4,Crosspointe,Week2,324.0 Crosspointe - 78.0 Woodley
Woodley,Week2,Highland Park,Week4,302.0 Highland Park - 100.0 Woodley
Woodley,Week5,Country Club Hills,Week4,240.0 Country Club Hills - 162.0 Woodley
Woodley,Week5,High Point Pool,Week2,318.0 High Point Pool - 84.0 Woodley
Waynewood,Week5,Cardinal Hill,Week2,241.5 Waynewood - 160.5 Cardinal Hill
Woodley,Week2,Highland Park,Week1,295.0 Highland Park - 107.0 Woodley
Waynewood,Week4,Cardinal Hill,Week4,202.0 Waynewood - 200.0 Cardinal Hill
Woodley,Week3,Crosspointe,Week2,334.0 Crosspointe - 68.0 Woodley
Woodley,Week1,Rolling Forest,Week5,292.0 Rolling Forest - 110.0 Woodley
Waynewood,Week5,Cardinal Hill,Week1,222.0 Waynewood - 180.0 Cardinal Hill
Waynewood,Week2,Newington Forest,Week1,315.0 Waynewood - 87.0 Newington Forest
Woodley,Week1,Crosspointe,Week4,329.0 Crosspointe - 73.0 Woodley
Woodley,Week2,Rolling Forest,Week1,270.0 Rolling Forest - 132.0 Woodley
Waynewood,Week4,Cardinal Hill,Week2,224.0 Waynewood - 178.0 Cardinal Hill
Waynewood,Week1,Chesterbrook,Week3,338.0 Chesterbrook - 64.0 Waynewood
Woodley,Week4,High Point Pool,Week2,325.5 High Point Pool - 76.5 Woodley
Waynewood,Week1,Newington Forest,Week5,250.0 Waynewood - 152.0 Newington Forest
Woodley,Week2,High Point Pool,Week5,308.0 High Point Pool - 94.0 Woodley
Woodley,Week1,Oakton ,Week1,332.0 Oakton - 70.0 Woodley
Waynewood,Week2,Chesterbrook,Week4,309.5 Chesterbrook - 92.5 Waynewood
Woodley,Week3,Highland Park,Week1,305.0 Highland Park - 97.0 Woodley
Woodley,Week1,Oakton ,Week4,339.0 Oakton - 63.0 Woodley
Woodley,Week2,Oakton ,Week1,346.0 Oakton - 56.0 Woodley
Woodley,Week3,Highland Park,Week2,299.0 Highland Park - 103.0 Woodley
Woodley,Week4,Rolling Forest,Week4,268.0 Rolling Forest - 134.0 Woodley
Waynewood,Week1,Newington Forest,Week2,284.0 Waynewood - 118.0 Newington Forest
Woodley,Week5,North Springfield,Week4,265.0 Woodley - 126.0 North Springfield
Woodley,Week2,Rolling Forest,Week4,276.0 Rolling Forest - 126.0 Woodley
Woodley,Week1,Rolling Hills,Week3,259.0 Rolling Hills - 143.0 Woodley
Woodley,Week1,Oakton ,Week5,344.0 Oakton - 58.0 Woodley
Woodley,Week3,Rolling Forest,Week4,278.0 Rolling Forest - 124.0 Woodley
Waynewood,Week1,Newington Forest,Week4,271.0 Waynewood - 131.0 Newington Forest
Woodley,Week5,North Springfield,Week3,236.0 Woodley - 160.0 North Springfield
Woodley,Week2,Crosspointe,Week4,336.0 Crosspointe - 66.0 Woodley
Woodley,Week2,Oakton ,Week5,356.0 Oakton - 46.0 Woodley
Waynewood,Week2,Newington Forest,Week3,301.0 Waynewood - 101.0 Newington Forest
Woodley,Week1,Rolling Hills,Week5,246.0 Rolling Hills - 156.0 Woodley
Woodley,Week3,Oakton ,Week3,351.0 Oakton - 51.0 Woodley
Woodley,Week2,Rolling Hills,Week4,238.5 Rolling Hills - 159.5 Woodley
Woodley,Week2,Crosspointe,Week1,339.0 Crosspointe - 63.0 Woodley
Woodley,Week2,Oakton ,Week2,350.0 Oakton - 52.0 Woodley
Woodley,Week4,Crosspointe,Week4,334.0 Crosspointe - 68.0 Woodley
Woodley,Week3,Crosspointe,Week1,340.0 Crosspointe - 62.0 Woodley
Waynewood,Week1,Newington Forest,Week3,272.0 Waynewood - 130.0 Newington Forest
Waynewood,Week2,Cardinal Hill,Week5,206.0 Cardinal Hill - 196.0 Waynewood
Waynewood,Week3,Cardinal Hill,Week2,243.0 Waynewood - 159.0 Cardinal Hill
Waynewood,Week4,Cardinal Hill,Week3,237.0 Cardinal Hill - 165.0 Waynewood
Woodley,Week3,Highland Park,Week5,295.5 Highland Park - 106.5 Woodley
Woodley,Week3,Highland Park,Week4,310.0 Highland Park - 92.0 Woodley
Waynewood,Week2,Newington Forest,Week2,309.0 Waynewood - 93.0 Newington Forest
Woodley,Week2,Rolling Hills,Week2,246.0 Rolling Hills - 156.0 Woodley
Woodley,Week1,Oakton ,Week3,332.0 Oakton - 70.0 Woodley
Woodley,Week3,Highland Park,Week3,270.0 Highland Park - 132.0 Woodley
Waynewood,Week3,Chesterbrook,Week5,306.0 Chesterbrook - 96.0 Waynewood
Woodley,Week3,Rolling Valley,Week4,208.0 Woodley - 194.0 Rolling Valley
Woodley,Week2,Highland Park,Week5,304.0 Highland Park - 98.0 Woodley
Woodley,Week4,Oakton ,Week3,352.0 Oakton - 45.0 Woodley
Woodley,Week3,Rolling Hills,Week2,253.0 Rolling Hills - 149.0 Woodley
Waynewood,Week3,Chesterbrook,Week2,291.0 Chesterbrook - 111.0 Waynewood
Woodley,Week2,Highlands Swim,Week5,362.0 Highlands Swim - 40.0 Woodley
Woodley,Week3,Rolling Hills,Week1,254.5 Rolling Hills - 147.5 Woodley
Woodley,Week1,Highlands Swim,Week3,358.0 Highlands Swim - 44.0 Woodley
Waynewood,Week3,Newington Forest,Week2,323.0 Waynewood - 79.0 Newington Forest
Woodley,Week1,Highlands Swim,Week5,357.0 Highlands Swim - 45.0 Woodley
Waynewood,Week5,Cardinal Hill,Week5,209.0 Waynewood - 193.0 Cardinal Hill
Woodley,Week2,Crosspointe,Week5,333.5 Crosspointe - 68.5 Woodley
Woodley,Week5,North Springfield,Week5,228.0 Woodley - 145.0 North Springfield
Waynewood,Week3,Newington Forest,Week5,295.0 Waynewood - 107.0 Newington Forest
Woodley,Week3,Crosspointe,Week5,342.0 Crosspointe - 60.0 Woodley
Woodley,Week5,Crosspointe,Week2,316.5 Crosspointe - 85.5 Woodley
Woodley,Week3,Rolling Hills,Week4,246.0 Rolling Hills - 155.0 Woodley
Woodley,Week1,Rolling Valley,Week4,214.0 Rolling Valley - 188.0 Woodley
Waynewood,Week1,Chesterbrook,Week1,310.0 Chesterbrook - 92.0 Waynewood
Waynewood,Week3,Newington Forest,Week4,315.0 Waynewood - 87.0 Newington Forest
Woodley,Week3,Crosspointe,Week3,340.0 Crosspointe - 62.0 Woodley
Woodley,Week4,Highland Park,Week1,305.5 Highland Park - 96.5 Woodley
Woodley,Week3,Oakton ,Week4,356.0 Oakton - 46.0 Woodley
Woodley,Week5,Highland Park,Week4,281.0 Highland Park - 121.0 Woodley
Woodley,Week5,Crosspointe,Week1,327.0 Crosspointe - 75.0 Woodley
Waynewood,Week5,Cardinal Hill,Week3,219.0 Cardinal Hill - 183.0 Waynewood
Woodley,Week3,Rolling Hills,Week3,246.0 Rolling Hills - 156.0 Woodley
Woodley,Week4,Crosspointe,Week5,333.0 Crosspointe - 69.0 Woodley
Woodley,Week3,Oakton ,Week2,355.0 Oakton - 47.0 Woodley
Waynewood,Week4,Newington Forest,Week1,308.0 Waynewood - 93.0 Newington Forest
Woodley,Week5,Highland Park,Week3,269.0 Highland Park - 128.0 Woodley
Woodley,Week4,North Springfield,Week5,219.0 Woodley - 154.0 North Springfield
Woodley,Week2,Oakton ,Week4,351.0 Oakton - 51.0 Woodley
Woodley,Week2,Rolling Valley,Week4,208.0 Rolling Valley - 194.0 Woodley
Waynewood,Week1,Chesterbrook,Week4,317.0 Chesterbrook - 85.0 Waynewood
Waynewood,Week2,Newington Forest,Week5,278.0 Waynewood - 124.0 Newington Forest
Waynewood,Week3,Chesterbrook,Week4,299.5 Chesterbrook - 102.5 Waynewood
Waynewood,Week3,Newington Forest,Week3,317.0 Waynewood - 85.0 Newington Forest
Woodley,Week5,Crosspointe,Week3,308.0 Crosspointe - 94.0 Woodley
Woodley,Week2,Crosspointe,Week3,329.0 Crosspointe - 73.0 Woodley
Woodley,Week3,Daventry,Week1,243.0 Woodley - 159.0 Daventry
Woodley,Week1,Old Keene Mill,Week5,245.0 Old Keene Mill - 157.0 Woodley
Waynewood,Week1,Brookfield ,Week2,235.0 Waynewood - 167.0 Brookfield
Woodley,Week4,Highland Park,Week4,298.0 Highland Park - 104.0 Woodley
Woodley,Week5,Oakton ,Week1,338.5 Oakton - 63.5 Woodley
Woodley,Week5,Crosspointe,Week5,321.0 Crosspointe - 81.0 Woodley
Woodley,Week4,Crosspointe,Week1,335.0 Crosspointe - 67.0 Woodley
Woodley,Week5,Oakton ,Week4,333.0 Oakton - 69.0 Woodley
Woodley,Week3,Highlands Swim,Week2,367.0 Highlands Swim - 35.0 Woodley
Woodley,Week3,Highlands Swim,Week4,360.0 Highlands Swim - 42.0 Woodley
Woodley,Week4,Oakton ,Week5,362.0 Oakton - 40.0 Woodley
Woodley,Week4,Rolling Hills,Week2,257.0 Rolling Hills - 140.0 Woodley
Woodley,Week3,Highlands Swim,Week3,362.0 Highlands Swim - 40.0 Woodley
Waynewood,Week4,Chesterbrook,Week1,329.0 Chesterbrook - 73.0 Waynewood
Woodley,Week5,Highland Park,Week5,283.0 Highland Park - 119.0 Woodley
Waynewood,Week5,Chesterbrook,Week5,302.0 Chesterbrook - 100.0 Waynewood
Woodley,Week5,Oakton ,Week2,342.0 Oakton - 60.0 Woodley
Woodley,Week1,Old Keene Mill,Week4,207.0 Old Keene Mill - 195.0 Woodley
Woodley,Week5,Highland Park,Week2,279.5 Highland Park - 122.5 Woodley
Waynewood,Week1,Brookfield ,Week5,237.0 Waynewood - 165.0 Brookfield
Waynewood,Week4,Chesterbrook,Week4,326.0 Chesterbrook - 76.0 Waynewood
Woodley,Week4,Rolling Valley,Week4,216.0 Woodley - 186.0 Rolling Valley
Woodley,Week1,Daventry,Week5,205.0 Woodley - 196.0 Daventry
Woodley,Week4,Crosspointe,Week3,331.0 Crosspointe - 66.0 Woodley
Woodley,Week2,Rolling Valley,Week3,220.0 Woodley - 182.0 Rolling Valley
Waynewood,Week5,Chesterbrook,Week4,301.0 Chesterbrook - 101.0 Waynewood
Woodley,Week2,Rolling Valley,Week1,252.5 Woodley - 149.5 Rolling Valley
Woodley,Week1,Rolling Valley,Week1,249.0 Woodley - 153.0 Rolling Valley
Woodley,Week5,Oakton ,Week5,343.0 Oakton - 59.0 Woodley
Woodley,Week1,Rolling Valley,Week3,216.0 Rolling Valley - 186.0 Woodley
Woodley,Week5,Rolling Hills,Week2,237.0 Rolling Hills - 165.0 Woodley
Woodley,Week5,Crosspointe,Week4,316.0 Crosspointe - 86.0 Woodley
Woodley,Week5,Oakton ,Week3,331.0 Oakton - 66.0 Woodley
Waynewood,Week3,Brookfield ,Week3,277.0 Waynewood - 125.0 Brookfield
Woodley,Week2,Highlands Swim,Week2,365.5 Highlands Swim - 36.5 Woodley
Waynewood,Week4,Chesterbrook,Week5,328.0 Chesterbrook - 74.0 Waynewood
Woodley,Week2,Highlands Swim,Week3,362.0 Highlands Swim - 40.0 Woodley
Waynewood,Week4,Chesterbrook,Week3,339.5 Chesterbrook - 62.5 Waynewood
Waynewood,Week5,Chesterbrook,Week2,301.0 Chesterbrook - 101.0 Waynewood
Waynewood,Week3,Brookfield ,Week4,262.0 Waynewood - 140.0 Brookfield
Waynewood,Week4,Brookfield ,Week5,247.0 Waynewood - 155.0 Brookfield
Waynewood,Week1,Brookfield ,Week1,219.0 Waynewood - 183.0 Brookfield
Woodley,Week3,Rolling Valley,Week2,226.0 Woodley - 176.0 Rolling Valley
Waynewood,Week1,Commonwealth,Week2,262.0 Waynewood - 140.0 Commonwealth
Woodley,Week2,Highlands Swim,Week4,353.0 Highlands Swim - 49.0 Woodley
Woodley,Week1,Daventry,Week1,243.0 Woodley - 159.0 Daventry
Woodley,Week1,Old Keene Mill,Week3,225.0 Old Keene Mill - 177.0 Woodley
Woodley,Week2,Old Keene Mill,Week1,204.0 Old Keene Mill - 198.0 Woodley
Waynewood,Week5,Bren Mar-Edsall Park,Week5,378.0 Waynewood - 24.0 Bren Mar-Edsall Park
Woodley,Week5,Rolling Hills,Week1,243.0 Rolling Hills - 158.0 Woodley
Woodley,Week2,Daventry,Week2,228.0 Woodley - 170.0 Daventry
Waynewood,Week1,Commonwealth,Week3,275.0 Waynewood - 127.0 Commonwealth
Woodley,Week2,Rolling Valley,Week5,211.0 Woodley - 191.0 Rolling Valley
Waynewood,Week5,Chesterbrook,Week1,300.0 Chesterbrook - 102.0 Waynewood
Woodley,Week1,Crosspointe,Week5,332.5 Crosspointe - 69.5 Woodley
Waynewood,Week5,Chesterbrook,Week3,308.0 Chesterbrook - 94.0 Waynewood
Woodley,Week1,Highlands Swim,Week1,355.0 Highlands Swim - 47.0 Woodley
Woodley,Week2,Old Keene Mill,Week3,216.0 Old Keene Mill - 186.0 Woodley
Woodley,Week1,Highlands Swim,Week4,352.0 Highlands Swim - 50.0 Woodley
Woodley,Week2,Crosspointe,Week2,325.0 Crosspointe - 77.0 Woodley
Woodley,Week3,Old Keene Mill,Week1,202.0 Old Keene Mill - 200.0 Woodley
Woodley,Week5,Highland Park,Week1,300.0 Highland Park - 102.0 Woodley
Woodley,Week4,Highland Park,Week3,294.5 Highland Park - 107.5 Woodley
Waynewood,Week2,Commonwealth,Week1,288.0 Waynewood - 114.0 Commonwealth
Waynewood,Week2,Brookfield ,Week5,253.0 Waynewood - 149.0 Brookfield
Woodley,Week3,Old Keene Mill,Week5,234.0 Old Keene Mill - 168.0 Woodley
Waynewood,Week5,Brookfield ,Week2,296.0 Waynewood - 106.0 Brookfield
Woodley,Week5,Rolling Hills,Week5,231.0 Rolling Hills - 171.0 Woodley
Woodley,Week2,Dominion Hills,Week3,289.0 Dominion Hills - 113.0 Woodley
Woodley,Week2,Old Keene Mill,Week4,210.0 Old Keene Mill - 192.0 Woodley
Woodley,Week5,Rolling Hills,Week4,225.0 Rolling Hills - 173.0 Woodley
Waynewood,Week1,Commonwealth,Week4,272.0 Waynewood - 130.0 Commonwealth
Waynewood,Week5,Brookfield ,Week3,288.0 Waynewood - 114.0 Brookfield
Woodley,Week1,Highlands Swim,Week2,361.0 Highlands Swim - 41.0 Woodley
Woodley,Week2,Rolling Valley,Week2,218.0 Woodley - 184.0 Rolling Valley
Waynewood,Week1,Commonwealth,Week5,240.0 Waynewood - 162.0 Commonwealth
Woodley,Week1,Daventry,Week3,231.0 Woodley - 169.0 Daventry
Woodley,Week3,Highlands Swim,Week1,354.0 Highlands Swim - 48.0 Woodley
Woodley,Week3,Rolling Hills,Week5,248.0 Rolling Hills - 154.0 Woodley
Woodley,Week3,Old Keene Mill,Week3,219.0 Old Keene Mill - 183.0 Woodley
Woodley,Week2,Old Keene Mill,Week5,233.0 Old Keene Mill - 169.0 Woodley
Woodley,Week2,Highlands Swim,Week1,360.0 Highlands Swim - 42.0 Woodley
Woodley,Week2,Old Keene Mill,Week2,221.0 Old Keene Mill - 181.0 Woodley
Woodley,Week2,Daventry,Week3,223.0 Woodley - 177.0 Daventry
Waynewood,Week4,Brookfield ,Week1,236.0 Waynewood - 166.0 Brookfield
Woodley,Week4,Rolling Valley,Week1,263.0 Woodley - 139.0 Rolling Valley
Woodley,Week3,Crosspointe,Week4,339.0 Crosspointe - 63.0 Woodley
Woodley,Week2,Dominion Hills,Week5,317.0 Dominion Hills - 85.0 Woodley
Woodley,Week3,Old Keene Mill,Week2,211.0 Old Keene Mill - 191.0 Woodley
Woodley,Week3,Highlands Swim,Week5,363.0 Highlands Swim - 39.0 Woodley
Waynewood,Week5,Brookfield ,Week4,262.0 Waynewood - 140.0 Brookfield
Waynewood,Week2,Commonwealth,Week2,255.0 Waynewood - 147.0 Commonwealth
Woodley,Week4,Rolling Hills,Week1,258.0 Rolling Hills - 144.0 Woodley
Waynewood,Week1,Commonwealth,Week1,284.0 Waynewood - 118.0 Commonwealth
Waynewood,Week4,Chesterbrook,Week2,325.0 Chesterbrook - 77.0 Waynewood
Woodley,Week1,Daventry,Week2,229.0 Woodley - 173.0 Daventry
Waynewood,Week5,Brookfield ,Week1,270.0 Waynewood - 132.0 Brookfield
Woodley,Week4,Highland Park,Week5,301.0 Highland Park - 101.0 Woodley
Woodley,Week4,Rolling Valley,Week2,220.0 Woodley - 182.0 Rolling Valley
Waynewood,Week2,Brookfield ,Week4,241.0 Waynewood - 161.0 Brookfield
Woodley,Week1,Old Keene Mill,Week2,210.0 Old Keene Mill - 192.0 Woodley
Woodley,Week4,Highlands Swim,Week1,356.0 Highlands Swim - 46.0 Woodley
Woodley,Week4,Highlands Swim,Week2,361.0 Highlands Swim - 41.0 Woodley
Waynewood,Week5,Brookfield ,Week5,271.0 Waynewood - 131.0 Brookfield
Woodley,Week1,Rolling Valley,Week5,221.0 Rolling Valley - 181.0 Woodley
Woodley,Week3,Old Keene Mill,Week4,214.0 Old Keene Mill - 188.0 Woodley
Woodley,Week4,Highlands Swim,Week3,358.0 Highlands Swim - 44.0 Woodley
Woodley,Week4,Old Keene Mill,Week1,203.0 Old Keene Mill - 199.0 Woodley
Waynewood,Week3,Brookfield ,Week2,271.0 Waynewood - 131.0 Brookfield
Waynewood,Week2,Brookfield ,Week1,240.0 Waynewood - 162.0 Brookfield
Woodley,Week4,Rolling Hills,Week4,248.0 Rolling Hills - 153.0 Woodley
Waynewood,Week2,Commonwealth,Week4,274.0 Waynewood - 127.0 Commonwealth
Waynewood,Week2,Brookfield ,Week3,264.0 Waynewood - 138.0 Brookfield
Woodley,Week3,Dominion Hills,Week4,311.0 Dominion Hills - 90.0 Woodley
Waynewood,Week2,Commonwealth,Week3,278.0 Waynewood - 124.0 Commonwealth
Waynewood,Week3,Brookfield ,Week5,268.0 Waynewood - 134.0 Brookfield
Woodley,Week4,Daventry,Week3,244.0 Woodley - 158.0 Daventry
Woodley,Week3,Rolling Valley,Week3,215.5 Woodley - 186.5 Rolling Valley
Woodley,Week4,Rolling Hills,Week3,258.0 Rolling Hills - 144.0 Woodley
Woodley,Week2,Daventry,Week5,206.0 Woodley - 195.0 Daventry
Waynewood,Week1,Brookfield ,Week4,231.0 Waynewood - 171.0 Brookfield
Woodley,Week2,Daventry,Week4,236.0 Woodley - 165.0 Daventry
Woodley,Week4,Old Keene Mill,Week2,218.0 Old Keene Mill - 184.0 Woodley
Woodley,Week5,Daventry,Week2,221.0 Woodley - 177.0 Daventry
Woodley,Week1,Rolling Valley,Week2,215.0 Woodley - 187.0 Rolling Valley
Woodley,Week4,Rolling Hills,Week5,248.0 Rolling Hills - 154.0 Woodley
Woodley,Week3,Daventry,Week3,246.0 Woodley - 155.0 Daventry
Woodley,Week4,Old Keene Mill,Week4,214.0 Old Keene Mill - 188.0 Woodley
Woodley,Week3,Fair Oaks ,Week2,270.0 Fair Oaks - 132.0 Woodley
Waynewood,Week4,Brookfield ,Week4,243.0 Waynewood - 159.0 Brookfield
Woodley,Week4,Dunn Loring,Week5,342.0 Dunn Loring - 60.0 Woodley
Waynewood,Week4,Brookfield ,Week2,276.0 Waynewood - 126.0 Brookfield
Woodley,Week3,Dunn Loring,Week1,303.0 Dunn Loring - 99.0 Woodley
Woodley,Week4,Old Keene Mill,Week3,218.0 Old Keene Mill - 184.0 Woodley
Woodley,Week3,Daventry,Week2,232.0 Woodley - 169.0 Daventry
Woodley,Week3,Daventry,Week5,203.0 Woodley - 199.0 Daventry
Woodley,Week5,Rolling Hills,Week3,250.0 Rolling Hills - 152.0 Woodley
Woodley,Week3,Rolling Valley,Week5,203.0 Woodley - 199.0 Rolling Valley
Woodley,Week2,Fair Oaks ,Week1,291.0 Fair Oaks - 111.0 Woodley
Woodley,Week2,Fair Oaks ,Week3,313.0 Fair Oaks - 89.0 Woodley
Woodley,Week3,Daventry,Week4,232.0 Woodley - 170.0 Daventry
Woodley,Week2,Daventry,Week1,243.0 Woodley - 159.0 Daventry
Woodley,Week3,Rutherford,Week3,230.0 Rutherford - 172.0 Woodley
Woodley,Week5,Dunn Loring,Week5,326.0 Dunn Loring - 76.0 Woodley
Woodley,Week4,Rolling Valley,Week5,209.0 Woodley - 193.0 Rolling Valley
Woodley,Week3,Rolling Valley,Week1,271.0 Woodley - 131.0 Rolling Valley
Woodley,Week1,Rutherford,Week2,208.0 Rutherford - 194.0 Woodley
Woodley,Week1,Dominion Hills,Week1,288.0 Dominion Hills - 114.0 Woodley
Waynewood,Week4,Brookfield ,Week3,276.0 Waynewood - 126.0 Brookfield
Waynewood,Week2,Brookfield ,Week2,250.0 Waynewood - 152.0 Brookfield
Woodley,Week4,Daventry,Week4,248.0 Woodley - 154.0 Daventry
Waynewood,Week1,Brookfield ,Week3,257.0 Waynewood - 145.0 Brookfield
Woodley,Week4,Rolling Valley,Week3,223.0 Woodley - 179.0 Rolling Valley
Woodley,Week4,Dunn Loring,Week4,345.0 Dunn Loring - 57.0 Woodley
Woodley,Week4,Dunn Loring,Week2,338.0 Dunn Loring - 64.0 Woodley
Waynewood,Week3,Brookfield ,Week1,263.0 Waynewood - 139.0 Brookfield
Woodley,Week5,Daventry,Week3,232.0 Woodley - 168.0 Daventry
Woodley,Week1,Fair Oaks ,Week5,316.0 Fair Oaks - 86.0 Woodley
Woodley,Week3,Fair Oaks ,Week1,303.0 Fair Oaks - 99.0 Woodley
Woodley,Week5,Rolling Valley,Week5,220.0 Woodley - 182.0 Rolling Valley
Woodley,Week1,Dominion Hills,Week5,321.0 Dominion Hills - 81.0 Woodley
Woodley,Week4,Daventry,Week1,238.0 Woodley - 164.0 Daventry
Woodley,Week2,Dunn Loring,Week2,328.0 Dunn Loring - 74.0 Woodley
Woodley,Week4,Dunn Loring,Week1,306.0 Dunn Loring - 96.0 Woodley
Woodley,Week4,Daventry,Week5,207.0 Woodley - 195.0 Daventry
Woodley,Week5,Rolling Valley,Week1,265.0 Woodley - 137.0 Rolling Valley
Waynewood,Week2,Langley,Week4,223.0 Langley - 179.0 Waynewood
Woodley,Week2,Dunn Loring,Week3,327.0 Dunn Loring - 75.0 Woodley
Woodley,Week5,Rutherford,Week5,227.0 Rutherford - 174.0 Woodley
Woodley,Week1,Rutherford,Week3,232.0 Rutherford - 170.0 Woodley
Woodley,Week1,Rutherford,Week4,247.0 Rutherford - 155.0 Woodley
Woodley,Week5,Daventry,Week1,235.0 Woodley - 162.0 Daventry
Woodley,Week1,Shouse Village,Week1,270.0 Shouse Village - 132.0 Woodley
Woodley,Week1,Dominion Hills,Week4,307.0 Dominion Hills - 95.0 Woodley
Woodley,Week1,Dominion Hills,Week2,298.0 Dominion Hills - 104.0 Woodley
Woodley,Week5,Dunn Loring,Week2,319.0 Dunn Loring - 83.0 Woodley
Woodley,Week3,Rutherford,Week2,212.0 Rutherford - 190.0 Woodley
Woodley,Week1,Rutherford,Week1,203.0 Woodley - 199.0 Rutherford
Woodley,Week5,Dunn Loring,Week4,332.0 Dunn Loring - 70.0 Woodley
Woodley,Week5,Daventry,Week4,241.0 Woodley - 160.0 Daventry
Woodley,Week2,Dunn Loring,Week4,331.0 Dunn Loring - 71.0 Woodley
Woodley,Week5,Dunn Loring,Week1,287.0 Dunn Loring - 115.0 Woodley
Waynewood,Week4,Langley,Week4,231.0 Langley - 171.0 Waynewood
Waynewood,Week5,Langley,Week2,219.0 Waynewood - 183.0 Langley
Woodley,Week3,Rutherford,Week4,231.0 Rutherford - 171.0 Woodley
Waynewood,Week2,Langley,Week3,217.0 Langley - 185.0 Waynewood
Woodley,Week5,Rolling Valley,Week2,234.5 Woodley - 167.5 Rolling Valley
Woodley,Week4,Rutherford,Week5,241.0 Rutherford - 161.0 Woodley
Woodley,Week2,Dominion Hills,Week2,293.0 Dominion Hills - 109.0 Woodley
Woodley,Week1,Fair Oaks ,Week1,289.0 Fair Oaks - 113.0 Woodley
Woodley,Week1,Fair Oaks ,Week4,304.0 Fair Oaks - 98.0 Woodley
Woodley,Week4,Daventry,Week2,237.0 Woodley - 164.0 Daventry
Woodley,Week1,Fair Oaks ,Week2,266.0 Fair Oaks - 136.0 Woodley
Woodley,Week1,Dominion Hills,Week3,291.0 Dominion Hills - 111.0 Woodley
Woodley,Week2,Dominion Hills,Week1,288.0 Dominion Hills - 114.0 Woodley
Woodley,Week3,Dunn Loring,Week3,345.0 Dunn Loring - 57.0 Woodley
Waynewood,Week1,Langley,Week4,261.0 Langley - 141.0 Waynewood
Woodley,Week4,Rutherford,Week1,201.0 Rutherford - 201.0 Woodley
Waynewood,Week5,Lakeview,Week5,344.0 Waynewood - 49.0 Lakeview
Woodley,Week1,Fair Oaks ,Week3,304.0 Fair Oaks - 98.0 Woodley
Woodley,Week4,Dominion Hills,Week2,294.0 Dominion Hills - 108.0 Woodley
Woodley,Week5,Dunn Loring,Week3,331.0 Dunn Loring - 71.0 Woodley
Waynewood,Week5,Langley,Week1,205.0 Waynewood - 197.0 Langley
Woodley,Week3,Dominion Hills,Week1,293.0 Dominion Hills - 109.0 Woodley
Woodley,Week3,Dominion Hills,Week2,308.0 Dominion Hills - 94.0 Woodley
Woodley,Week2,Rutherford,Week1,209.0 Rutherford - 192.0 Woodley
Woodley,Week2,Fair Oaks ,Week2,266.0 Fair Oaks - 136.0 Woodley
Woodley,Week3,Dominion Hills,Week5,326.0 Dominion Hills - 76.0 Woodley
Woodley,Week3,Dominion Hills,Week3,302.0 Dominion Hills - 100.0 Woodley
Waynewood,Week3,Langley,Week3,204.0 Langley - 198.0 Waynewood
Waynewood,Week5,Lakeview,Week4,330.0 Waynewood - 72.0 Lakeview
Waynewood,Week4,Lakeview,Week5,317.0 Waynewood - 76.0 Lakeview
Woodley,Week3,Dunn Loring,Week5,343.0 Dunn Loring - 59.0 Woodley
Woodley,Week4,Dunn Loring,Week3,341.0 Dunn Loring - 61.0 Woodley
Woodley,Week2,Dunn Loring,Week5,327.0 Dunn Loring - 75.0 Woodley
Woodley,Week2,Rutherford,Week2,217.0 Rutherford - 184.0 Woodley
Waynewood,Week1,Langley,Week1,246.0 Langley - 156.0 Waynewood
Woodley,Week5,Rutherford,Week2,201.0 Woodley - 200.0 Rutherford
Woodley,Week5,Rolling Valley,Week4,224.0 Woodley - 178.0 Rolling Valley
Woodley,Week4,Dominion Hills,Week1,278.0 Dominion Hills - 124.0 Woodley
Woodley,Week3,Dunn Loring,Week2,343.0 Dunn Loring - 59.0 Woodley
Woodley,Week5,Daventry,Week5,202.0 Daventry - 199.0 Woodley
Waynewood,Week5,Lakeview,Week2,356.0 Waynewood - 46.0 Lakeview
Woodley,Week5,Rolling Valley,Week3,235.0 Woodley - 167.0 Rolling Valley
Woodley,Week3,Rutherford,Week1,205.0 Woodley - 196.0 Rutherford
Woodley,Week2,Rutherford,Week4,225.0 Rutherford - 177.0 Woodley
Woodley,Week3,Dunn Loring,Week4,352.0 Dunn Loring - 50.0 Woodley
Woodley,Week1,Donaldson Run,Week5,350.5 Donaldson Run - 51.5 Woodley
Woodley,Week4,Rutherford,Week2,223.0 Rutherford - 179.0 Woodley
Woodley,Week2,Dominion Hills,Week4,306.0 Dominion Hills - 96.0 Woodley
Waynewood,Week3,Langley,Week5,208.0 Waynewood - 194.0 Langley
Woodley,Week4,Rutherford,Week4,244.0 Rutherford - 158.0 Woodley
Woodley,Week4,Rutherford,Week3,227.0 Rutherford - 175.0 Woodley
Woodley,Week4,Fair Oaks ,Week4,295.0 Fair Oaks - 107.0 Woodley
Woodley,Week5,Fair Oaks ,Week3,299.0 Fair Oaks - 103.0 Woodley
Woodley,Week4,Dominion Hills,Week5,327.0 Dominion Hills - 75.0 Woodley
Waynewood,Week1,Langley,Week3,238.0 Langley - 164.0 Waynewood
Woodley,Week2,Rutherford,Week3,230.0 Rutherford - 171.0 Woodley
Woodley,Week5,Rutherford,Week4,228.0 Rutherford - 174.0 Woodley
Woodley,Week2,Fair Oaks ,Week5,314.0 Fair Oaks - 88.0 Woodley
Woodley,Week4,Fair Oaks ,Week3,317.0 Fair Oaks - 85.0 Woodley
Woodley,Week3,Fairfax,Week1,315.0 Fairfax - 87.0 Woodley
Woodley,Week1,Rutherford,Week5,229.0 Rutherford - 173.0 Woodley
Waynewood,Week2,Langley,Week1,229.0 Langley - 173.0 Waynewood
Woodley,Week5,Donaldson Run,Week4,327.0 Donaldson Run - 75.0 Woodley
Woodley,Week3,Fairfax,Week4,340.0 Fairfax - 62.0 Woodley
Woodley,Week5,Donaldson Run,Week2,320.0 Donaldson Run - 82.0 Woodley
Waynewood,Week3,Langley,Week1,211.0 Langley - 191.0 Waynewood
Waynewood,Week3,Langley,Week2,204.0 Waynewood - 198.0 Langley
Woodley,Week5,Dominion Hills,Week4,300.0 Dominion Hills - 102.0 Woodley
Woodley,Week2,Fair Oaks ,Week4,274.0 Fair Oaks - 128.0 Woodley
Woodley,Week1,Donaldson Run,Week1,333.0 Donaldson Run - 69.0 Woodley
Woodley,Week5,Rutherford,Week3,217.0 Rutherford - 184.0 Woodley
Woodley,Week2,Rutherford,Week5,244.0 Rutherford - 157.0 Woodley
Waynewood,Week3,Langley,Week4,226.0 Langley - 176.0 Waynewood
Woodley,Week2,Donaldson Run,Week2,328.0 Donaldson Run - 74.0 Woodley
Waynewood,Week2,Langley,Week5,203.0 Langley - 199.0 Waynewood
Woodley,Week4,Donaldson Run,Week4,332.0 Donaldson Run - 70.0 Woodley
Waynewood,Week5,Lakeview,Week3,345.0 Waynewood - 57.0 Lakeview
Waynewood,Week4,Langley,Week2,217.0 Langley - 185.0 Waynewood
Waynewood,Week5,Lakeview,Week1,350.0 Waynewood - 52.0 Lakeview
Woodley,Week1,Shouse Village,Week2,262.0 Shouse Village - 140.0 Woodley
Woodley,Week3,Rutherford,Week5,228.0 Rutherford - 174.0 Woodley
Woodley,Week3,Fair Oaks ,Week4,298.0 Fair Oaks - 104.0 Woodley
Woodley,Week1,Shouse Village,Week3,284.0 Shouse Village - 118.0 Woodley
Woodley,Week2,Fairfax,Week1,335.0 Fairfax - 67.0 Woodley
Woodley,Week5,Shouse Village,Week2,249.0 Shouse Village - 153.0 Woodley
Woodley,Week3,Fairfax,Week2,341.5 Fairfax - 60.5 Woodley
Woodley,Week1,Fairfax,Week5,345.0 Fairfax - 57.0 Woodley
Waynewood,Week4,Langley,Week1,240.0 Langley - 162.0 Waynewood
Woodley,Week5,Dominion Hills,Week1,268.0 Dominion Hills - 129.0 Woodley
Waynewood,Week4,Langley,Week3,223.0 Langley - 179.0 Waynewood
Woodley,Week5,Rutherford,Week1,213.0 Woodley - 188.0 Rutherford
Woodley,Week2,Sideburn Run,Week1,284.5 Sideburn Run - 117.5 Woodley
Woodley,Week1,Donaldson Run,Week3,336.0 Donaldson Run - 66.0 Woodley
Woodley,Week2,Donaldson Run,Week3,334.0 Donaldson Run - 68.0 Woodley
Woodley,Week1,Shouse Village,Week4,299.0 Shouse Village - 103.0 Woodley
Woodley,Week4,Fair Oaks ,Week5,313.0 Fair Oaks - 89.0 Woodley
Woodley,Week5,Dominion Hills,Week5,308.0 Dominion Hills - 94.0 Woodley
Waynewood,Week1,Langley,Week2,232.0 Langley - 170.0 Waynewood
Woodley,Week2,Donaldson Run,Week5,341.0 Donaldson Run - 61.0 Woodley
Waynewood,Week1,Langley,Week5,235.0 Langley - 167.0 Waynewood
Woodley,Week5,Shouse Village,Week1,245.0 Shouse Village - 157.0 Woodley
Woodley,Week2,Fairfax,Week5,355.0 Fairfax - 46.0 Woodley
Woodley,Week3,Donaldson Run,Week5,347.0 Donaldson Run - 55.0 Woodley
Woodley,Week4,Dominion Hills,Week3,292.0 Dominion Hills - 110.0 Woodley
Woodley,Week4,Fairfax,Week3,341.0 Fairfax - 61.0 Woodley
Woodley,Week1,Fairfax,Week1,316.0 Fairfax - 86.0 Woodley
Waynewood,Week2,Langley,Week2,207.5 Langley - 194.5 Waynewood
Waynewood,Week4,Langley,Week5,222.5 Langley - 179.5 Waynewood
Woodley,Week2,Donaldson Run,Week4,333.0 Donaldson Run - 69.0 Woodley
Woodley,Week3,Fair Oaks ,Week3,314.0 Fair Oaks - 88.0 Woodley
Woodley,Week5,Dominion Hills,Week3,287.0 Dominion Hills - 115.0 Woodley
Woodley,Week5,Fair Oaks ,Week1,277.0 Fair Oaks - 125.0 Woodley
Woodley,Week2,Sideburn Run,Week3,293.0 Sideburn Run - 109.0 Woodley
Waynewood,Week2,Laurel Hill,Week3,305.0 Waynewood - 97.0 Laurel Hill
Woodley,Week5,Shouse Village,Week3,270.0 Shouse Village - 132.0 Woodley
Woodley,Week5,Dominion Hills,Week2,272.0 Dominion Hills - 130.0 Woodley
Woodley,Week4,Shouse Village,Week2,266.0 Shouse Village - 136.0 Woodley
Woodley,Week4,Fair Oaks ,Week2,276.0 Fair Oaks - 126.0 Woodley
Waynewood,Week3,Laurel Hill,Week4,320.0 Waynewood - 82.0 Laurel Hill
Waynewood,Week1,Laurel Hill,Week5,269.0 Waynewood - 133.0 Laurel Hill
Woodley,Week1,Donaldson Run,Week2,336.0 Donaldson Run - 66.0 Woodley
Woodley,Week4,Donaldson Run,Week2,332.0 Donaldson Run - 70.0 Woodley
Woodley,Week5,Fair Oaks ,Week4,280.0 Fair Oaks - 122.0 Woodley
Woodley,Week2,Shouse Village,Week4,300.0 Shouse Village - 102.0 Woodley
Woodley,Week3,Shouse Village,Week4,298.0 Shouse Village - 103.0 Woodley
Waynewood,Week1,Laurel Hill,Week2,305.0 Waynewood - 96.0 Laurel Hill
Woodley,Week5,Fair Oaks ,Week2,255.0 Fair Oaks - 147.0 Woodley
Woodley,Week1,Fairfax,Week2,338.0 Fairfax - 64.0 Woodley
Woodley,Week1,Sideburn Run,Week5,298.0 Sideburn Run - 104.0 Woodley
Woodley,Week5,Fair Oaks ,Week5,298.0 Fair Oaks - 104.0 Woodley
Waynewood,Week2,Laurel Hill,Week4,314.0 Waynewood - 88.0 Laurel Hill
Woodley,Week4,Donaldson Run,Week1,331.0 Donaldson Run - 71.0 Woodley
Waynewood,Week5,Langley,Week5,208.0 Waynewood - 194.0 Langley
Woodley,Week3,Donaldson Run,Week4,337.0 Donaldson Run - 65.0 Woodley
Waynewood,Week5,Laurel Hill,Week3,329.0 Waynewood - 73.0 Laurel Hill
Woodley,Week4,Fair Oaks ,Week1,295.0 Fair Oaks - 107.0 Woodley
Waynewood,Week5,Laurel Hill,Week1,330.0 Waynewood - 72.0 Laurel Hill
Woodley,Week2,Fairfax,Week4,342.0 Fairfax - 59.0 Woodley
Woodley,Week3,Sideburn Run,Week4,298.0 Sideburn Run - 104.0 Woodley
Woodley,Week4,Dominion Hills,Week4,310.0 Dominion Hills - 87.0 Woodley
Woodley,Week3,Donaldson Run,Week3,337.0 Donaldson Run - 65.0 Woodley
Woodley,Week3,Shouse Village,Week2,271.0 Shouse Village - 131.0 Woodley
Woodley,Week4,Donaldson Run,Week5,348.0 Donaldson Run - 54.0 Woodley
Woodley,Week1,Sideburn Run,Week1,287.0 Sideburn Run - 115.0 Woodley
Woodley,Week4,Donaldson Run,Week3,330.0 Donaldson Run - 72.0 Woodley
Woodley,Week2,Fairfax,Week3,346.0 Fairfax - 55.0 Woodley
Woodley,Week4,Shouse Village,Week5,280.0 Shouse Village - 122.0 Woodley
Waynewood,Week2,Laurel Hill,Week2,328.0 Waynewood - 74.0 Laurel Hill
Woodley,Week5,Shouse Village,Week4,281.0 Shouse Village - 121.0 Woodley
Waynewood,Week4,Laurel Hill,Week1,315.0 Waynewood - 86.0 Laurel Hill
Woodley,Week2,Donaldson Run,Week1,329.0 Donaldson Run - 73.0 Woodley
Woodley,Week2,Fairfax,Week2,344.0 Fairfax - 58.0 Woodley
Woodley,Week1,Fairfax,Week3,340.0 Fairfax - 62.0 Woodley
Woodley,Week2,Shouse Village,Week2,267.0 Shouse Village - 135.0 Woodley
Waynewood,Week3,Laurel Hill,Week1,329.0 Waynewood - 73.0 Laurel Hill
Woodley,Week3,Fair Oaks ,Week5,318.0 Fair Oaks - 84.0 Woodley
Woodley,Week4,Shouse Village,Week3,283.0 Shouse Village - 119.0 Woodley
Woodley,Week4,Dowden Terrace,Week4,286.0 Dowden Terrace - 116.0 Woodley
Woodley,Week5,Donaldson Run,Week1,318.0 Donaldson Run - 84.0 Woodley
Waynewood,Week2,Laurel Hill,Week1,313.0 Waynewood - 89.0 Laurel Hill
Waynewood,Week5,Laurel Hill,Week4,329.0 Waynewood - 73.0 Laurel Hill
Woodley,Week3,Donaldson Run,Week1,329.0 Donaldson Run - 73.0 Woodley
Woodley,Week3,Fairfax,Week5,357.0 Fairfax - 45.0 Woodley
Woodley,Week3,Shouse Village,Week1,258.0 Shouse Village - 144.0 Woodley
Woodley,Week1,Donaldson Run,Week4,336.0 Donaldson Run - 66.0 Woodley
Waynewood,Week5,Laurel Hill,Week5,308.0 Waynewood - 94.0 Laurel Hill
Woodley,Week4,Fairfax,Week1,335.0 Fairfax - 67.0 Woodley
Woodley,Week1,Shouse Village,Week5,295.0 Shouse Village - 107.0 Woodley
Woodley,Week5,Donaldson Run,Week3,326.0 Donaldson Run - 76.0 Woodley
Woodley,Week3,Fairfax,Week3,340.0 Fairfax - 62.0 Woodley
Woodley,Week1,Fairfax,Week4,336.0 Fairfax - 66.0 Woodley
Waynewood,Week1,Lee Graham,Week1,242.5 Lee Graham - 159.5 Waynewood
Woodley,Week3,Donaldson Run,Week2,340.0 Donaldson Run - 62.0 Woodley
Waynewood,Week4,Laurel Hill,Week3,305.0 Waynewood - 97.0 Laurel Hill
Woodley,Week1,Sideburn Run,Week2,282.0 Sideburn Run - 120.0 Woodley
Waynewood,Week3,Laurel Hill,Week5,287.0 Waynewood - 115.0 Laurel Hill
Woodley,Week4,Shouse Village,Week1,258.0 Shouse Village - 144.0 Woodley
Woodley,Week4,Fairfax,Week5,358.0 Fairfax - 44.0 Woodley
Waynewood,Week4,Laurel Hill,Week4,308.0 Waynewood - 94.0 Laurel Hill
Woodley,Week5,Dowden Terrace,Week4,272.0 Dowden Terrace - 130.0 Woodley
Woodley,Week2,Dowden Terrace,Week3,283.0 Dowden Terrace - 119.0 Woodley
Woodley,Week3,Fairfax Club Estates,Week1,253.0 Fairfax Club Estates - 148.0 Woodley
Woodley,Week1,Fairfax Club Estates,Week4,259.0 Fairfax Club Estates - 143.0 Woodley
Waynewood,Week1,Laurel Hill,Week3,275.0 Waynewood - 127.0 Laurel Hill
Woodley,Week2,Shouse Village,Week5,282.0 Shouse Village - 120.0 Woodley
Woodley,Week4,Fairfax,Week2,345.0 Fairfax - 57.0 Woodley
Woodley,Week3,Shouse Village,Week5,288.0 Shouse Village - 114.0 Woodley
Woodley,Week4,Fairfax,Week4,342.0 Fairfax - 60.0 Woodley
Woodley,Week4,Fairfax Club Estates,Week2,224.0 Fairfax Club Estates - 178.0 Woodley
Waynewood,Week5,Langley,Week4,203.0 Langley - 199.0 Waynewood
Woodley,Week1,Dunn Loring,Week4,334.0 Dunn Loring - 68.0 Woodley
Woodley,Week5,Dowden Terrace,Week5,293.0 Dowden Terrace - 109.0 Woodley
Woodley,Week2,Fairfax Club Estates,Week3,245.0 Fairfax Club Estates - 156.0 Woodley
Woodley,Week1,Sideburn Run,Week4,292.0 Sideburn Run - 110.0 Woodley
Woodley,Week3,Dowden Terrace,Week2,278.0 Dowden Terrace - 124.0 Woodley
Waynewood,Week5,Langley,Week3,211.0 Waynewood - 191.0 Langley
Woodley,Week5,Fairfax,Week5,354.0 Fairfax - 47.0 Woodley
Woodley,Week2,Shouse Village,Week3,283.0 Shouse Village - 119.0 Woodley
Woodley,Week2,Shouse Village,Week1,262.5 Shouse Village - 139.5 Woodley
Woodley,Week1,Dunn Loring,Week3,332.0 Dunn Loring - 70.0 Woodley
Woodley,Week4,Shouse Village,Week4,291.0 Shouse Village - 111.0 Woodley
Woodley,Week1,Fairfax Club Estates,Week1,249.0 Fairfax Club Estates - 153.0 Woodley
Woodley,Week5,Shouse Village,Week5,269.0 Shouse Village - 133.0 Woodley
Woodley,Week1,Sideburn Run,Week3,291.0 Sideburn Run - 111.0 Woodley
Woodley,Week1,Dunn Loring,Week1,295.0 Dunn Loring - 107.0 Woodley
Waynewood,Week1,Laurel Hill,Week4,291.0 Waynewood - 111.0 Laurel Hill
Woodley,Week1,Fairfax Club Estates,Week5,249.0 Fairfax Club Estates - 153.0 Woodley
Woodley,Week2,Dunn Loring,Week1,308.0 Dunn Loring - 94.0 Woodley
Waynewood,Week1,Laurel Hill,Week1,310.0 Waynewood - 92.0 Laurel Hill
Woodley,Week3,Shouse Village,Week3,280.0 Shouse Village - 122.0 Woodley
Waynewood,Week3,Laurel Hill,Week2,332.0 Waynewood - 70.0 Laurel Hill
Woodley,Week3,Dowden Terrace,Week3,279.0 Dowden Terrace - 123.0 Woodley
Waynewood,Week4,Laurel Hill,Week2,334.0 Waynewood - 68.0 Laurel Hill
Waynewood,Week3,Laurel Hill,Week3,310.0 Waynewood - 92.0 Laurel Hill
Woodley,Week3,Dowden Terrace,Week5,304.0 Dowden Terrace - 98.0 Woodley
Woodley,Week2,Dowden Terrace,Week5,301.0 Dowden Terrace - 101.0 Woodley
Woodley,Week2,Sideburn Run,Week5,299.0 Sideburn Run - 103.0 Woodley
Woodley,Week3,Sleepy Hollow B & R,Week2,309.0 Sleepy Hollow B & R - 93.0 Woodley
Waynewood,Week2,Laurel Hill,Week5,287.5 Waynewood - 114.5 Laurel Hill
Waynewood,Week1,Lee Graham,Week5,258.5 Lee Graham - 143.5 Waynewood
Woodley,Week2,Fairfax Station,Week3,343.0 Fairfax Station - 59.0 Woodley
Waynewood,Week2,Lee Graham,Week1,233.0 Lee Graham - 169.0 Waynewood
Woodley,Week1,Dowden Terrace,Week5,308.0 Dowden Terrace - 94.0 Woodley
Waynewood,Week2,Lee Graham,Week2,236.0 Lee Graham - 166.0 Waynewood
Woodley,Week1,Dowden Terrace,Week4,282.0 Dowden Terrace - 120.0 Woodley
Woodley,Week4,Fairfax Club Estates,Week3,244.0 Fairfax Club Estates - 158.0 Woodley
Waynewood,Week1,Lee Graham,Week3,246.5 Lee Graham - 155.5 Waynewood
Woodley,Week5,Sideburn Run,Week4,279.0 Sideburn Run - 123.0 Woodley
Woodley,Week1,Fairfax Club Estates,Week2,224.0 Fairfax Club Estates - 178.0 Woodley
Waynewood,Week4,Laurel Hill,Week5,287.0 Waynewood - 115.0 Laurel Hill
Woodley,Week2,Fairfax Station,Week1,323.0 Fairfax Station - 79.0 Woodley
Woodley,Week3,Sleepy Hollow B & R,Week1,303.0 Sleepy Hollow B & R - 99.0 Woodley
Woodley,Week3,Sideburn Run,Week2,285.0 Sideburn Run - 117.0 Woodley
Woodley,Week3,Sideburn Run,Week1,283.0 Sideburn Run - 119.0 Woodley
Waynewood,Week5,Laurel Hill,Week2,338.0 Waynewood - 64.0 Laurel Hill
Woodley,Week2,Dowden Terrace,Week2,287.0 Dowden Terrace - 115.0 Woodley
Woodley,Week3,Dowden Terrace,Week1,279.0 Dowden Terrace - 122.0 Woodley
Waynewood,Week1,Lee Graham,Week4,256.0 Lee Graham - 146.0 Waynewood
Woodley,Week3,Sideburn Run,Week3,292.0 Sideburn Run - 110.0 Woodley
Woodley,Week2,Sideburn Run,Week4,294.0 Sideburn Run - 108.0 Woodley
Woodley,Week3,Fairfax Club Estates,Week3,243.0 Fairfax Club Estates - 158.0 Woodley
Woodley,Week2,Sideburn Run,Week2,284.0 Sideburn Run - 118.0 Woodley
Woodley,Week1,Fairfax Club Estates,Week3,242.0 Fairfax Club Estates - 159.0 Woodley
Woodley,Week1,Fairfax Station,Week4,324.0 Fairfax Station - 78.0 Woodley
Woodley,Week1,Dowden Terrace,Week1,272.0 Dowden Terrace - 130.0 Woodley
Woodley,Week5,Fairfax,Week1,324.0 Fairfax - 78.0 Woodley
Woodley,Week1,Dowden Terrace,Week3,271.0 Dowden Terrace - 131.0 Woodley
Woodley,Week1,Dowden Terrace,Week2,279.0 Dowden Terrace - 123.0 Woodley
Woodley,Week2,Fairfax Club Estates,Week2,227.0 Fairfax Club Estates - 174.0 Woodley
Waynewood,Week3,Lee Graham,Week3,221.0 Lee Graham - 181.0 Waynewood
Woodley,Week2,Dowden Terrace,Week1,273.0 Dowden Terrace - 125.0 Woodley
Waynewood,Week2,Lee Graham,Week3,241.0 Lee Graham - 161.0 Waynewood
Woodley,Week4,Sideburn Run,Week3,298.0 Sideburn Run - 104.0 Woodley
Woodley,Week1,Sleepy Hollow B & R,Week4,311.0 Sleepy Hollow B & R - 91.0 Woodley
Woodley,Week2,Fairfax Club Estates,Week1,257.0 Fairfax Club Estates - 145.0 Woodley
Waynewood,Week2,Lincolnia Park,Week4,330.0 Waynewood - 72.0 Lincolnia Park
Woodley,Week4,Dowden Terrace,Week2,281.0 Dowden Terrace - 121.0 Woodley
Woodley,Week4,Fairfax Club Estates,Week1,251.0 Fairfax Club Estates - 151.0 Woodley
Woodley,Week5,Fairfax,Week2,339.0 Fairfax - 63.0 Woodley
Woodley,Week3,Fairfax Club Estates,Week4,257.0 Fairfax Club Estates - 145.0 Woodley
Woodley,Week4,Dowden Terrace,Week1,273.0 Dowden Terrace - 123.0 Woodley
Woodley,Week4,Fairfax Club Estates,Week4,243.0 Fairfax Club Estates - 159.0 Woodley
Woodley,Week2,Dowden Terrace,Week4,291.0 Dowden Terrace - 111.0 Woodley
Waynewood,Week1,Lincolnia Park,Week5,295.0 Waynewood - 98.0 Lincolnia Park
Waynewood,Week4,Lee Graham,Week2,228.0 Lee Graham - 174.0 Waynewood
Woodley,Week1,Sleepy Hollow B & R,Week5,323.0 Sleepy Hollow B & R - 79.0 Woodley
Waynewood,Week2,Lincolnia Park,Week2,345.0 Waynewood - 48.0 Lincolnia Park
Woodley,Week3,Sleepy Hollow B & R,Week3,311.5 Sleepy Hollow B & R - 90.5 Woodley
Woodley,Week5,Fairfax,Week4,334.0 Fairfax - 67.0 Woodley
Woodley,Week5,Donaldson Run,Week5,337.0 Donaldson Run - 65.0 Woodley
Waynewood,Week1,Lee Graham,Week2,251.0 Lee Graham - 151.0 Waynewood
Woodley,Week3,Sleepy Hollow B & R,Week5,335.0 Sleepy Hollow B & R - 67.0 Woodley
Woodley,Week3,Sleepy Hollow B & R,Week4,323.0 Sleepy Hollow B & R - 79.0 Woodley
Woodley,Week4,Sideburn Run,Week1,279.0 Sideburn Run - 123.0 Woodley
Waynewood,Week3,Lincolnia Park,Week3,321.0 Waynewood - 72.0 Lincolnia Park
Woodley,Week4,Dowden Terrace,Week3,276.0 Dowden Terrace - 126.0 Woodley
Woodley,Week3,Dowden Terrace,Week4,275.0 Dowden Terrace - 127.0 Woodley
Waynewood,Week5,Lee Graham,Week1,216.0 Lee Graham - 186.0 Waynewood
Woodley,Week2,Fairfax Club Estates,Week4,248.0 Fairfax Club Estates - 153.0 Woodley
Woodley,Week5,Dowden Terrace,Week3,270.0 Dowden Terrace - 132.0 Woodley
Woodley,Week4,Brandywine,Week4,279.0 Brandywine - 123.0 Woodley
Woodley,Week5,Dowden Terrace,Week1,265.0 Dowden Terrace - 133.0 Woodley
Waynewood,Week5,Lee Graham,Week2,210.0 Lee Graham - 192.0 Waynewood
Woodley,Week4,Sleepy Hollow B & R,Week2,303.0 Sleepy Hollow B & R - 99.0 Woodley
Woodley,Week4,Fairfax Club Estates,Week5,236.0 Fairfax Club Estates - 160.0 Woodley
Woodley,Week4,Dowden Terrace,Week5,311.0 Dowden Terrace - 91.0 Woodley
Waynewood,Week3,Lee Graham,Week4,218.0 Lee Graham - 184.0 Waynewood
Woodley,Week5,Sideburn Run,Week3,285.0 Sideburn Run - 117.0 Woodley
Woodley,Week2,Fairfax Club Estates,Week5,241.0 Fairfax Club Estates - 157.0 Woodley
Woodley,Week3,Sideburn Run,Week5,300.0 Sideburn Run - 102.0 Woodley
Woodley,Week5,Fairfax Club Estates,Week1,231.0 Fairfax Club Estates - 171.0 Woodley
Waynewood,Week4,Lincolnia Park,Week2,339.0 Waynewood - 53.0 Lincolnia Park
Woodley,Week1,Sleepy Hollow B & R,Week1,285.0 Sleepy Hollow B & R - 117.0 Woodley
Waynewood,Week2,Lee Graham,Week5,243.0 Lee Graham - 159.0 Waynewood
Woodley,Week5,Fairfax,Week3,336.0 Fairfax - 65.0 Woodley
Woodley,Week3,Fairfax Club Estates,Week5,231.0 Fairfax Club Estates - 170.0 Woodley
Woodley,Week1,Dunn Loring,Week5,340.0 Dunn Loring - 62.0 Woodley
Woodley,Week5,Dowden Terrace,Week2,282.0 Dowden Terrace - 120.0 Woodley
Woodley,Week1,Dunn Loring,Week2,322.0 Dunn Loring - 80.0 Woodley
Woodley,Week1,Sleepy Hollow B & R,Week2,302.0 Sleepy Hollow B & R - 100.0 Woodley
Waynewood,Week5,Lee Graham,Week3,221.0 Lee Graham - 181.0 Waynewood
Waynewood,Week4,Lee Graham,Week4,230.0 Lee Graham - 172.0 Waynewood
Woodley,Week5,Brandywine,Week1,262.0 Brandywine - 140.0 Woodley
Woodley,Week4,Sleepy Hollow B & R,Week1,305.0 Sleepy Hollow B & R - 97.0 Woodley
Waynewood,Week4,Lee Graham,Week3,239.0 Lee Graham - 163.0 Waynewood
Woodley,Week3,Fairfax Club Estates,Week2,224.0 Fairfax Club Estates - 178.0 Woodley
Woodley,Week5,Brandywine,Week4,275.0 Brandywine - 127.0 Woodley
Woodley,Week5,Fairfax Club Estates,Week4,246.0 Fairfax Club Estates - 155.0 Woodley
Woodley,Week1,Sleepy Hollow B & R,Week3,299.0 Sleepy Hollow B & R - 103.0 Woodley
Woodley,Week5,Fairfax Club Estates,Week2,218.0 Fairfax Club Estates - 183.0 Woodley
Woodley,Week5,Fairfax Club Estates,Week5,238.0 Fairfax Club Estates - 160.0 Woodley
Waynewood,Week2,Lee Graham,Week4,237.0 Lee Graham - 165.0 Waynewood
Woodley,Week5,Sideburn Run,Week5,294.0 Sideburn Run - 108.0 Woodley
Woodley,Week5,Sideburn Run,Week2,256.0 Sideburn Run - 146.0 Woodley
Woodley,Week4,Sideburn Run,Week4,288.0 Sideburn Run - 114.0 Woodley
Woodley,Week5,Sideburn Run,Week1,273.0 Sideburn Run - 129.0 Woodley
Woodley,Week5,Brandywine,Week2,247.0 Brandywine - 155.0 Woodley
Waynewood,Week4,Lee Graham,Week1,243.0 Lee Graham - 159.0 Waynewood
Woodley,Week2,Sleepy Hollow B & R,Week3,315.0 Sleepy Hollow B & R - 87.0 Woodley
Woodley,Week1,Fairfax Station,Week1,334.0 Fairfax Station - 68.0 Woodley
Woodley,Week2,Sleepy Hollow B & R,Week2,301.0 Sleepy Hollow B & R - 101.0 Woodley
Woodley,Week4,Sideburn Run,Week2,269.0 Sideburn Run - 133.0 Woodley
Woodley,Week1,Fairfax Station,Week5,348.0 Fairfax Station - 54.0 Woodley
Woodley,Week1,Fairfax Station,Week3,344.0 Fairfax Station - 58.0 Woodley
Woodley,Week2,Sleepy Hollow B & R,Week5,328.0 Sleepy Hollow B & R - 74.0 Woodley
Waynewood,Week1,Lincolnia Park,Week4,329.0 Waynewood - 72.0 Lincolnia Park
Woodley,Week3,Brandywine,Week2,261.0 Brandywine - 141.0 Woodley
Woodley,Week1,Brandywine,Week5,301.0 Brandywine - 101.0 Woodley
Woodley,Week4,Sideburn Run,Week5,306.0 Sideburn Run - 96.0 Woodley
Woodley,Week1,Bren Mar-Edsall Park,Week1,328.0 Woodley - 74.0 Bren Mar-Edsall Park
Waynewood,Week3,Lee Graham,Week5,225.0 Lee Graham - 177.0 Waynewood
Waynewood,Week5,Lee Graham,Week4,213.0 Lee Graham - 189.0 Waynewood
Woodley,Week5,Fairfax Club Estates,Week3,231.0 Fairfax Club Estates - 170.0 Woodley
Woodley,Week2,Bren Mar-Edsall Park,Week1,317.0 Woodley - 84.0 Bren Mar-Edsall Park
Woodley,Week1,Fairfax Station,Week2,336.0 Fairfax Station - 66.0 Woodley
Woodley,Week3,Brandywine,Week3,270.0 Brandywine - 132.0 Woodley
Woodley,Week2,Sleepy Hollow B & R,Week1,310.0 Sleepy Hollow B & R - 92.0 Woodley
Woodley,Week2,Bren Mar-Edsall Park,Week3,302.0 Woodley - 100.0 Bren Mar-Edsall Park
Woodley,Week2,Fairfax Station,Week2,322.0 Fairfax Station - 80.0 Woodley
Woodley,Week5,Fairfax Station,Week2,323.0 Fairfax Station - 79.0 Woodley
Waynewood,Week5,Lee Graham,Week5,216.0 Lee Graham - 186.0 Waynewood
Woodley,Week3,Bren Mar-Edsall Park,Week1,330.0 Woodley - 72.0 Bren Mar-Edsall Park
Waynewood,Week1,Lincolnia Park,Week3,300.0 Waynewood - 93.0 Lincolnia Park
Waynewood,Week1,Lincolnia Park,Week1,327.0 Waynewood - 74.0 Lincolnia Park
Waynewood,Week2,Dowden Terrace,Week5,207.0 Waynewood - 195.0 Dowden Terrace
Woodley,Week2,Sleepy Hollow B & R,Week4,315.0 Sleepy Hollow B & R - 87.0 Woodley
Woodley,Week4,Fairfax Station,Week3,344.0 Fairfax Station - 58.0 Woodley
Waynewood,Week3,Lee Graham,Week1,218.5 Lee Graham - 183.5 Waynewood
Woodley,Week1,Brandywine,Week2,266.0 Brandywine - 136.0 Woodley
Woodley,Week1,Forest Hollow,Week5,309.0 Forest Hollow - 93.0 Woodley
Waynewood,Week5,Dowden Terrace,Week3,280.0 Waynewood - 122.0 Dowden Terrace
Waynewood,Week2,Lincolnia Park,Week3,316.0 Waynewood - 77.0 Lincolnia Park
Woodley,Week2,Brandywine,Week1,264.0 Brandywine - 138.0 Woodley
Woodley,Week1,Brandywine,Week4,288.0 Brandywine - 114.0 Woodley
Woodley,Week4,Sleepy Hollow B & R,Week3,310.0 Sleepy Hollow B & R - 92.0 Woodley
Woodley,Week2,Sleepy Hollow Rec,Week3,231.0 Sleepy Hollow Rec - 171.0 Woodley
Waynewood,Week2,Lincolnia Park,Week1,349.0 Waynewood - 53.0 Lincolnia Park
Waynewood,Week3,Lee Graham,Week2,212.0 Lee Graham - 190.0 Waynewood
Waynewood,Week2,Lincolnia Park,Week5,313.0 Waynewood - 80.0 Lincolnia Park
Waynewood,Week3,Dowden Terrace,Week4,246.0 Waynewood - 156.0 Dowden Terrace
Woodley,Week5,Sleepy Hollow B & R,Week5,311.0 Sleepy Hollow B & R - 91.0 Woodley
Waynewood,Week4,Dowden Terrace,Week5,207.0 Dowden Terrace - 195.0 Waynewood
Waynewood,Week4,Donaldson Run,Week4,241.0 Donaldson Run - 161.0 Waynewood
Woodley,Week2,Brandywine,Week4,287.0 Brandywine - 115.0 Woodley
Woodley,Week1,Forest Hollow,Week4,297.0 Forest Hollow - 105.0 Woodley
Woodley,Week5,Sleepy Hollow Rec,Week1,217.0 Sleepy Hollow Rec - 185.0 Woodley
Woodley,Week1,Forest Hollow,Week2,279.0 Forest Hollow - 123.0 Woodley
Woodley,Week1,Forest Hollow,Week3,293.0 Forest Hollow - 109.0 Woodley
Woodley,Week1,Sleepy Hollow Rec,Week5,244.0 Sleepy Hollow Rec - 158.0 Woodley
Waynewood,Week4,Dowden Terrace,Week1,244.0 Waynewood - 157.0 Dowden Terrace
Woodley,Week5,Fairfax Station,Week4,310.0 Fairfax Station - 92.0 Woodley
Waynewood,Week4,Lee Graham,Week5,236.5 Lee Graham - 165.5 Waynewood
Waynewood,Week1,Lincolnia Park,Week2,330.0 Waynewood - 63.0 Lincolnia Park
Woodley,Week2,Brandywine,Week5,303.0 Brandywine - 99.0 Woodley
Waynewood,Week1,Dowden Terrace,Week5,203.0 Waynewood - 199.0 Dowden Terrace
Woodley,Week5,Fairfax Station,Week5,333.0 Fairfax Station - 69.0 Woodley
Woodley,Week3,Brandywine,Week1,280.0 Brandywine - 122.0 Woodley
Woodley,Week2,Forest Hollow,Week3,285.0 Forest Hollow - 117.0 Woodley
Waynewood,Week1,Dunn Loring,Week2,253.0 Dunn Loring - 149.0 Waynewood
Woodley,Week2,Sleepy Hollow Rec,Week2,221.0 Sleepy Hollow Rec - 181.0 Woodley
Woodley,Week5,Arlington Forest,Week5,292.0 Arlington Forest - 110.0 Woodley
Woodley,Week3,Sleepy Hollow Rec,Week1,206.0 Sleepy Hollow Rec - 196.0 Woodley
Woodley,Week1,Brandywine,Week3,261.0 Brandywine - 137.0 Woodley
Woodley,Week3,Brandywine,Week5,306.0 Brandywine - 96.0 Woodley
Woodley,Week4,Sleepy Hollow B & R,Week4,313.0 Sleepy Hollow B & R - 89.0 Woodley
Woodley,Week2,Sleepy Hollow Rec,Week5,239.0 Sleepy Hollow Rec - 163.0 Woodley
Waynewood,Week5,Dowden Terrace,Week5,222.0 Waynewood - 180.0 Dowden Terrace
Waynewood,Week3,Lincolnia Park,Week2,343.0 Waynewood - 50.0 Lincolnia Park
Waynewood,Week3,Lincolnia Park,Week4,341.0 Waynewood - 61.0 Lincolnia Park
Woodley,Week2,Forest Hollow,Week1,297.5 Forest Hollow - 104.5 Woodley
Woodley,Week2,Brandywine,Week2,264.0 Brandywine - 138.0 Woodley
Waynewood,Week2,Little Hunting Park,Week1,295.0 Waynewood - 107.0 Little Hunting Park
Waynewood,Week4,Donaldson Run,Week5,264.0 Donaldson Run - 138.0 Waynewood
Waynewood,Week4,Lincolnia Park,Week1,345.0 Waynewood - 57.0 Lincolnia Park
Waynewood,Week3,Lincolnia Park,Week1,356.5 Waynewood - 45.5 Lincolnia Park
Woodley,Week5,Fairfax Station,Week3,323.0 Fairfax Station - 79.0 Woodley
Woodley,Week4,Brandywine,Week1,262.5 Brandywine - 139.5 Woodley
Waynewood,Week1,Dunn Loring,Week4,254.0 Dunn Loring - 148.0 Waynewood
Woodley,Week4,Fairfax Station,Week2,330.0 Fairfax Station - 67.0 Woodley
Waynewood,Week5,Donaldson Run,Week1,213.5 Donaldson Run - 188.5 Waynewood
Waynewood,Week3,Lincolnia Park,Week5,318.0 Waynewood - 75.0 Lincolnia Park
Woodley,Week4,Brandywine,Week2,260.5 Brandywine - 141.5 Woodley
Woodley,Week5,Sleepy Hollow B & R,Week4,295.0 Sleepy Hollow B & R - 107.0 Woodley
Woodley,Week2,Sleepy Hollow Rec,Week1,226.0 Sleepy Hollow Rec - 176.0 Woodley
Woodley,Week3,Sleepy Hollow Rec,Week3,232.0 Sleepy Hollow Rec - 170.0 Woodley
Woodley,Week2,Fairfax Station,Week4,325.0 Fairfax Station - 77.0 Woodley
Waynewood,Week3,Little Hunting Park,Week5,293.0 Waynewood - 109.0 Little Hunting Park
Waynewood,Week1,Dowden Terrace,Week4,216.0 Waynewood - 186.0 Dowden Terrace
Woodley,Week2,Sleepy Hollow Rec,Week4,228.0 Sleepy Hollow Rec - 174.0 Woodley
Woodley,Week3,Brandywine,Week4,294.0 Brandywine - 108.0 Woodley
Waynewood,Week2,Dowden Terrace,Week4,229.0 Waynewood - 173.0 Dowden Terrace
Woodley,Week1,Brandywine,Week1,273.0 Brandywine - 129.0 Woodley
Woodley,Week3,Fairfax Station,Week5,344.0 Fairfax Station - 58.0 Woodley
Woodley,Week2,Forest Hollow,Week4,302.0 Forest Hollow - 100.0 Woodley
Waynewood,Week5,Lincolnia Park,Week1,353.0 Waynewood - 49.0 Lincolnia Park
Woodley,Week2,Brandywine,Week3,268.0 Brandywine - 134.0 Woodley
Waynewood,Week5,Little Hunting Park,Week1,312.0 Waynewood - 89.0 Little Hunting Park
Woodley,Week1,Forest Hollow,Week1,288.0 Forest Hollow - 114.0 Woodley
Waynewood,Week5,Donaldson Run,Week4,218.0 Donaldson Run - 184.0 Waynewood
Woodley,Week3,Fairfax Station,Week2,341.0 Fairfax Station - 61.0 Woodley
Woodley,Week5,Brandywine,Week3,254.0 Brandywine - 143.0 Woodley
Waynewood,Week5,Donaldson Run,Week2,215.0 Donaldson Run - 187.0 Waynewood
Woodley,Week1,Sleepy Hollow Rec,Week4,229.0 Sleepy Hollow Rec - 173.0 Woodley
Waynewood,Week5,Lincolnia Park,Week2,350.0 Waynewood - 43.0 Lincolnia Park
Woodley,Week1,Bren Mar-Edsall Park,Week2,333.0 Woodley - 68.0 Bren Mar-Edsall Park
Waynewood,Week1,Dowden Terrace,Week2,222.0 Waynewood - 180.0 Dowden Terrace
Woodley,Week5,Brandywine,Week5,290.0 Brandywine - 112.0 Woodley
Woodley,Week1,Sleepy Hollow Rec,Week2,226.0 Sleepy Hollow Rec - 176.0 Woodley
Waynewood,Week1,Little Hunting Park,Week2,286.0 Waynewood - 116.0 Little Hunting Park
Waynewood,Week3,Dowden Terrace,Week2,264.0 Waynewood - 138.0 Dowden Terrace
Woodley,Week4,Brandywine,Week3,259.0 Brandywine - 138.0 Woodley
Woodley,Week1,Sleepy Hollow Rec,Week3,241.0 Sleepy Hollow Rec - 161.0 Woodley
Waynewood,Week1,Little Hunting Park,Week3,290.0 Waynewood - 112.0 Little Hunting Park
Waynewood,Week4,Dowden Terrace,Week4,214.5 Waynewood - 187.5 Dowden Terrace
Woodley,Week4,Sleepy Hollow Rec,Week3,238.0 Sleepy Hollow Rec - 164.0 Woodley
Waynewood,Week4,Dowden Terrace,Week3,256.0 Waynewood - 146.0 Dowden Terrace
Woodley,Week5,Sleepy Hollow B & R,Week1,280.0 Sleepy Hollow B & R - 122.0 Woodley
Waynewood,Week1,Little Hunting Park,Week1,276.0 Waynewood - 126.0 Little Hunting Park
Woodley,Week3,Fairfax Station,Week1,324.0 Fairfax Station - 78.0 Woodley
Woodley,Week5,Sleepy Hollow B & R,Week3,290.0 Sleepy Hollow B & R - 112.0 Woodley
Woodley,Week3,Fairfax Station,Week4,330.0 Fairfax Station - 72.0 Woodley
Waynewood,Week1,Little Hunting Park,Week5,264.0 Waynewood - 138.0 Little Hunting Park
Woodley,Week2,Fairfax Station,Week5,335.0 Fairfax Station - 67.0 Woodley
Waynewood,Week5,Donaldson Run,Week3,220.0 Donaldson Run - 182.0 Waynewood
Woodley,Week2,Forest Hollow,Week2,279.0 Forest Hollow - 123.0 Woodley
Woodley,Week5,Fairfax Station,Week1,309.0 Fairfax Station - 93.0 Woodley
Woodley,Week4,Brandywine,Week5,301.0 Brandywine - 101.0 Woodley
Woodley,Week5,Sleepy Hollow B & R,Week2,281.0 Sleepy Hollow B & R - 121.0 Woodley
Woodley,Week1,Fox Hunt,Week1,272.0 Fox Hunt - 130.0 Woodley
Woodley,Week4,Fairfax Station,Week5,346.0 Fairfax Station - 56.0 Woodley
Waynewood,Week1,Pleasant Valley,Week4,310.0 Waynewood - 91.0 Pleasant Valley
Waynewood,Week3,Little Hunting Park,Week3,313.0 Waynewood - 89.0 Little Hunting Park
Woodley,Week4,Fairfax Station,Week1,324.0 Fairfax Station - 78.0 Woodley
Waynewood,Week5,Lincolnia Park,Week5,333.0 Waynewood - 60.0 Lincolnia Park
Waynewood,Week5,Lincolnia Park,Week4,349.0 Waynewood - 53.0 Lincolnia Park
Woodley,Week2,Bren Mar-Edsall Park,Week2,318.0 Woodley - 83.0 Bren Mar-Edsall Park
Waynewood,Week1,Dowden Terrace,Week3,227.0 Waynewood - 175.0 Dowden Terrace
Woodley,Week1,Bren Mar-Edsall Park,Week4,299.0 Woodley - 103.0 Bren Mar-Edsall Park
Waynewood,Week2,Dowden Terrace,Week2,255.0 Waynewood - 147.0 Dowden Terrace
Woodley,Week4,Fairfax Station,Week4,323.0 Fairfax Station - 79.0 Woodley
Woodley,Week3,Sleepy Hollow Rec,Week4,222.0 Sleepy Hollow Rec - 180.0 Woodley
Woodley,Week3,Sleepy Hollow Rec,Week5,230.0 Sleepy Hollow Rec - 172.0 Woodley
Woodley,Week3,Fairfax Station,Week3,346.0 Fairfax Station - 56.0 Woodley
Woodley,Week1,Bren Mar-Edsall Park,Week5,302.0 Woodley - 100.0 Bren Mar-Edsall Park
Waynewood,Week2,Pleasant Valley,Week4,338.0 Waynewood - 63.0 Pleasant Valley
Waynewood,Week1,Dowden Terrace,Week1,236.5 Waynewood - 165.5 Dowden Terrace
Waynewood,Week1,Pleasant Valley,Week2,317.0 Waynewood - 85.0 Pleasant Valley
Waynewood,Week1,Pleasant Valley,Week1,297.0 Waynewood - 105.0 Pleasant Valley
Woodley,Week1,Sleepy Hollow Rec,Week1,219.0 Sleepy Hollow Rec - 183.0 Woodley
Woodley,Week4,Sleepy Hollow B & R,Week5,342.0 Sleepy Hollow B & R - 60.0 Woodley
Woodley,Week3,Sleepy Hollow Rec,Week2,221.0 Sleepy Hollow Rec - 181.0 Woodley
Woodley,Week2,Bren Mar-Edsall Park,Week4,284.0 Woodley - 118.0 Bren Mar-Edsall Park
Waynewood,Week2,Little Hunting Park,Week3,305.0 Waynewood - 97.0 Little Hunting Park
Waynewood,Week5,Donaldson Run,Week5,239.0 Donaldson Run - 163.0 Waynewood
Waynewood,Week2,Dowden Terrace,Week1,246.0 Waynewood - 156.0 Dowden Terrace
Waynewood,Week2,Little Hunting Park,Week2,292.0 Waynewood - 110.0 Little Hunting Park
Woodley,Week1,Bren Mar-Edsall Park,Week3,312.0 Woodley - 90.0 Bren Mar-Edsall Park
Waynewood,Week3,Little Hunting Park,Week2,310.0 Waynewood - 92.0 Little Hunting Park
Woodley,Week5,Sleepy Hollow Rec,Week2,220.0 Sleepy Hollow Rec - 182.0 Woodley
Waynewood,Week4,Lincolnia Park,Week5,313.0 Waynewood - 80.0 Lincolnia Park
Woodley,Week4,Bren Mar-Edsall Park,Week3,307.0 Woodley - 95.0 Bren Mar-Edsall Park
Waynewood,Week2,Dowden Terrace,Week3,259.0 Waynewood - 143.0 Dowden Terrace
Waynewood,Week2,Pinewood Lake,Week5,364.0 Waynewood - 34.0 Pinewood Lake
Woodley,Week4,Bren Mar-Edsall Park,Week5,307.0 Woodley - 95.0 Bren Mar-Edsall Park
Waynewood,Week4,Dowden Terrace,Week2,240.0 Waynewood - 162.0 Dowden Terrace
Waynewood,Week4,Pinewood Lake,Week2,372.0 Waynewood - 30.0 Pinewood Lake
Woodley,Week3,Fox Hunt,Week2,289.0 Fox Hunt - 113.0 Woodley
Woodley,Week3,Forest Hollow,Week4,298.0 Forest Hollow - 104.0 Woodley
Waynewood,Week2,Pleasant Valley,Week2,339.0 Waynewood - 63.0 Pleasant Valley
Waynewood,Week3,Dowden Terrace,Week5,216.0 Waynewood - 186.0 Dowden Terrace
Waynewood,Week3,Pleasant Valley,Week3,319.0 Waynewood - 83.0 Pleasant Valley
Woodley,Week3,Bren Mar-Edsall Park,Week5,307.0 Woodley - 95.0 Bren Mar-Edsall Park
Woodley,Week3,Forest Hollow,Week2,280.0 Forest Hollow - 122.0 Woodley
Waynewood,Week3,Dowden Terrace,Week3,271.0 Waynewood - 131.0 Dowden Terrace
Waynewood,Week3,Little Hunting Park,Week1,310.0 Waynewood - 92.0 Little Hunting Park
Woodley,Week3,Forest Hollow,Week3,295.0 Forest Hollow - 107.0 Woodley
Waynewood,Week5,Dowden Terrace,Week1,285.0 Waynewood - 116.0 Dowden Terrace
Woodley,Week4,Fox Hunt,Week2,293.5 Fox Hunt - 108.5 Woodley
Waynewood,Week5,Lincolnia Park,Week3,325.0 Waynewood - 68.0 Lincolnia Park
Waynewood,Week4,Pinewood Lake,Week3,377.0 Waynewood - 25.0 Pinewood Lake
Woodley,Week5,Sleepy Hollow Rec,Week5,227.0 Sleepy Hollow Rec - 175.0 Woodley
Waynewood,Week2,Pleasant Valley,Week1,334.0 Waynewood - 68.0 Pleasant Valley
Woodley,Week4,Forest Hollow,Week2,281.0 Forest Hollow - 121.0 Woodley
Woodley,Week4,Bren Mar-Edsall Park,Week2,323.0 Woodley - 79.0 Bren Mar-Edsall Park
Woodley,Week4,Sleepy Hollow Rec,Week2,227.0 Sleepy Hollow Rec - 175.0 Woodley
Woodley,Week4,Sleepy Hollow Rec,Week4,230.0 Sleepy Hollow Rec - 172.0 Woodley
Waynewood,Week2,Little Hunting Park,Week4,297.0 Waynewood - 105.0 Little Hunting Park
Woodley,Week4,Bren Mar-Edsall Park,Week1,334.0 Woodley - 67.0 Bren Mar-Edsall Park
Woodley,Week4,Sleepy Hollow Rec,Week5,245.0 Sleepy Hollow Rec - 157.0 Woodley
Woodley,Week3,Bren Mar-Edsall Park,Week3,310.0 Woodley - 92.0 Bren Mar-Edsall Park
Waynewood,Week2,Little Hunting Park,Week5,276.0 Waynewood - 125.0 Little Hunting Park
Woodley,Week4,Sleepy Hollow Rec,Week1,218.5 Sleepy Hollow Rec - 183.5 Woodley
Woodley,Week2,Bren Mar-Edsall Park,Week5,289.0 Woodley - 113.0 Bren Mar-Edsall Park
Waynewood,Week3,Dowden Terrace,Week1,269.0 Waynewood - 133.0 Dowden Terrace
Waynewood,Week4,Little Hunting Park,Week1,300.0 Waynewood - 101.0 Little Hunting Park
Woodley,Week1,Somerset-Olde Creek,Week5,223.0 Woodley - 179.0 Somerset-Olde Creek
Woodley,Week3,Bren Mar-Edsall Park,Week4,314.0 Woodley - 88.0 Bren Mar-Edsall Park
Woodley,Week2,Forest Hollow,Week5,302.0 Forest Hollow - 100.0 Woodley
Waynewood,Week5,Dowden Terrace,Week4,257.0 Waynewood - 145.0 Dowden Terrace
Woodley,Week5,Bren Mar-Edsall Park,Week2,318.0 Woodley - 82.0 Bren Mar-Edsall Park
Waynewood,Week4,Lincolnia Park,Week4,332.0 Waynewood - 70.0 Lincolnia Park
Woodley,Week4,Forest Hollow,Week4,300.0 Forest Hollow - 102.0 Woodley
Woodley,Week2,Somerset-Olde Creek,Week4,239.0 Woodley - 162.0 Somerset-Olde Creek
Waynewood,Week3,Little Hunting Park,Week4,309.0 Waynewood - 93.0 Little Hunting Park
Waynewood,Week5,Dowden Terrace,Week2,269.0 Waynewood - 133.0 Dowden Terrace
Woodley,Week2,Somerset-Olde Creek,Week5,220.0 Woodley - 181.0 Somerset-Olde Creek
Waynewood,Week2,Pinewood Lake,Week4,368.0 Waynewood - 30.0 Pinewood Lake
Woodley,Week1,Somerset-Olde Creek,Week2,257.0 Woodley - 145.0 Somerset-Olde Creek
Waynewood,Week4,Pleasant Valley,Week3,314.0 Waynewood - 88.0 Pleasant Valley
Woodley,Week5,Bren Mar-Edsall Park,Week5,303.0 Woodley - 94.0 Bren Mar-Edsall Park
Woodley,Week4,Forest Hollow,Week1,292.0 Forest Hollow - 110.0 Woodley
Waynewood,Week1,Dunn Loring,Week3,244.0 Dunn Loring - 158.0 Waynewood
Woodley,Week5,Forest Hollow,Week4,292.0 Forest Hollow - 110.0 Woodley
Waynewood,Week4,Lincolnia Park,Week3,318.0 Waynewood - 75.0 Lincolnia Park
Waynewood,Week1,Dunn Loring,Week1,229.0 Dunn Loring - 173.0 Waynewood
Waynewood,Week3,Pinewood Lake,Week4,380.0 Waynewood - 21.0 Pinewood Lake
Woodley,Week2,Somerset-Olde Creek,Week3,258.0 Woodley - 143.0 Somerset-Olde Creek
Woodley,Week1,Brookfield ,Week4,293.0 Brookfield - 109.0 Woodley
Waynewood,Week4,Little Hunting Park,Week2,293.0 Waynewood - 109.0 Little Hunting Park
Waynewood,Week5,Dunn Loring,Week3,220.0 Dunn Loring - 182.0 Waynewood
Waynewood,Week3,Pinewood Lake,Week5,367.0 Waynewood - 34.0 Pinewood Lake
Waynewood,Week3,Pinewood Lake,Week1,374.0 Waynewood - 27.0 Pinewood Lake
Woodley,Week5,Forest Hollow,Week5,293.0 Forest Hollow - 109.0 Woodley
Woodley,Week4,Forest Hollow,Week3,290.0 Forest Hollow - 112.0 Woodley
Waynewood,Week1,Little Hunting Park,Week4,277.0 Waynewood - 125.0 Little Hunting Park
Woodley,Week1,Brookfield ,Week2,279.0 Brookfield - 123.0 Woodley
Waynewood,Week2,Pinewood Lake,Week2,366.0 Waynewood - 32.0 Pinewood Lake
Waynewood,Week3,Dunn Loring,Week2,217.0 Dunn Loring - 185.0 Waynewood
Woodley,Week4,Forest Hollow,Week5,312.0 Forest Hollow - 90.0 Woodley
Waynewood,Week3,Pinewood Lake,Week2,374.0 Waynewood - 27.0 Pinewood Lake
Waynewood,Week5,Pinewood Lake,Week1,374.5 Waynewood - 27.5 Pinewood Lake
Woodley,Week2,Somerset-Olde Creek,Week2,257.0 Woodley - 144.0 Somerset-Olde Creek
Woodley,Week5,Forest Hollow,Week3,284.0 Forest Hollow - 118.0 Woodley
Woodley,Week2,Brookfield ,Week1,277.0 Brookfield - 125.0 Woodley
Waynewood,Week4,Pinewood Lake,Week5,369.0 Waynewood - 33.0 Pinewood Lake
Woodley,Week3,Bren Mar-Edsall Park,Week2,329.0 Woodley - 73.0 Bren Mar-Edsall Park
Waynewood,Week4,Little Hunting Park,Week5,275.0 Waynewood - 126.0 Little Hunting Park
Waynewood,Week5,Dunn Loring,Week4,211.0 Dunn Loring - 191.0 Waynewood
Waynewood,Week2,Fair Oaks ,Week1,227.0 Waynewood - 175.0 Fair Oaks
Waynewood,Week5,Little Hunting Park,Week2,318.0 Waynewood - 84.0 Little Hunting Park
Waynewood,Week1,Fair Oaks ,Week5,208.0 Fair Oaks - 194.0 Waynewood
Woodley,Week1,Brookfield ,Week1,285.0 Brookfield - 117.0 Woodley
Woodley,Week2,Brookfield ,Week3,266.0 Brookfield - 135.0 Woodley
Waynewood,Week4,Little Hunting Park,Week3,296.0 Waynewood - 106.0 Little Hunting Park
Waynewood,Week4,Little Hunting Park,Week4,294.0 Waynewood - 108.0 Little Hunting Park
Woodley,Week3,Forest Hollow,Week1,294.5 Forest Hollow - 107.5 Woodley
Waynewood,Week1,Little Rocky Run,Week3,245.0 Little Rocky Run - 157.0 Waynewood
Woodley,Week1,Brookfield ,Week5,268.0 Brookfield - 134.0 Woodley
Woodley,Week1,Somerset-Olde Creek,Week1,244.0 Woodley - 158.0 Somerset-Olde Creek
Waynewood,Week2,Pinewood Lake,Week3,374.0 Waynewood - 24.0 Pinewood Lake
Waynewood,Week1,Fair Oaks ,Week4,217.0 Waynewood - 185.0 Fair Oaks
Woodley,Week3,Somerset-Olde Creek,Week3,278.0 Woodley - 123.0 Somerset-Olde Creek
Waynewood,Week4,Pinewood Lake,Week1,369.0 Waynewood - 32.0 Pinewood Lake
Woodley,Week5,Sleepy Hollow Rec,Week4,214.0 Sleepy Hollow Rec - 188.0 Woodley
Waynewood,Week5,Dunn Loring,Week5,234.0 Dunn Loring - 168.0 Waynewood
Woodley,Week3,Somerset-Olde Creek,Week2,271.0 Woodley - 131.0 Somerset-Olde Creek
Woodley,Week5,Forest Hollow,Week1,286.0 Forest Hollow - 116.0 Woodley
Waynewood,Week5,Pinewood Lake,Week4,381.0 Waynewood - 21.0 Pinewood Lake
Woodley,Week4,Bren Mar-Edsall Park,Week4,309.0 Woodley - 93.0 Bren Mar-Edsall Park
Waynewood,Week5,Pinewood Lake,Week3,382.0 Waynewood - 20.0 Pinewood Lake
Waynewood,Week3,Little Rocky Run,Week3,212.0 Little Rocky Run - 190.0 Waynewood
Woodley,Week2,Fox Hunt,Week1,283.0 Fox Hunt - 119.0 Woodley
Woodley,Week1,Somerset-Olde Creek,Week4,240.0 Woodley - 162.0 Somerset-Olde Creek
Woodley,Week1,Somerset-Olde Creek,Week3,264.0 Woodley - 138.0 Somerset-Olde Creek
Waynewood,Week4,Pinewood Lake,Week4,375.0 Waynewood - 27.0 Pinewood Lake
Woodley,Week2,Somerset-Olde Creek,Week1,241.0 Woodley - 159.0 Somerset-Olde Creek
Woodley,Week1,Fox Hunt,Week3,291.0 Fox Hunt - 111.0 Woodley
Woodley,Week5,Sleepy Hollow Rec,Week3,229.5 Sleepy Hollow Rec - 172.5 Woodley
Waynewood,Week3,Little Rocky Run,Week1,203.0 Waynewood - 199.0 Little Rocky Run
Woodley,Week5,Bren Mar-Edsall Park,Week4,292.0 Woodley - 109.0 Bren Mar-Edsall Park
Woodley,Week1,Fox Hunt,Week5,308.0 Fox Hunt - 94.0 Woodley
Woodley,Week2,Fox Hunt,Week3,290.0 Fox Hunt - 112.0 Woodley
Waynewood,Week2,Little Rocky Run,Week3,229.0 Little Rocky Run - 173.0 Waynewood
Woodley,Week5,Bren Mar-Edsall Park,Week1,320.0 Woodley - 80.0 Bren Mar-Edsall Park
Woodley,Week3,Brookfield ,Week1,270.0 Brookfield - 132.0 Woodley
Waynewood,Week2,Dunn Loring,Week2,228.0 Dunn Loring - 174.0 Waynewood
Waynewood,Week3,Dunn Loring,Week1,203.0 Dunn Loring - 199.0 Waynewood
Waynewood,Week3,Pinewood Lake,Week3,382.0 Waynewood - 19.0 Pinewood Lake
Waynewood,Week3,Dunn Loring,Week4,225.0 Dunn Loring - 177.0 Waynewood
Waynewood,Week3,Dunn Loring,Week3,235.0 Dunn Loring - 167.0 Waynewood
Waynewood,Week4,Little Rocky Run,Week2,212.0 Little Rocky Run - 190.0 Waynewood
Waynewood,Week1,Little Rocky Run,Week2,227.0 Little Rocky Run - 175.0 Waynewood
Waynewood,Week1,Dunn Loring,Week5,258.5 Dunn Loring - 143.5 Waynewood
Woodley,Week3,Brookfield ,Week2,267.0 Brookfield - 135.0 Woodley
Waynewood,Week5,Pinewood Lake,Week2,377.0 Waynewood - 25.0 Pinewood Lake
Woodley,Week5,Forest Hollow,Week2,274.0 Forest Hollow - 128.0 Woodley
Woodley,Week2,Brookfield ,Week5,267.0 Brookfield - 135.0 Woodley
Woodley,Week1,Fox Hunt,Week2,286.0 Fox Hunt - 116.0 Woodley
Waynewood,Week2,Dunn Loring,Week5,256.0 Dunn Loring - 146.0 Waynewood
Woodley,Week3,Forest Hollow,Week5,311.0 Forest Hollow - 91.0 Woodley
Waynewood,Week1,Long Branch,Week3,269.0 Waynewood - 133.0 Long Branch
Woodley,Week3,Somerset-Olde Creek,Week1,265.0 Woodley - 133.0 Somerset-Olde Creek
Waynewood,Week5,Pinewood Lake,Week5,371.0 Waynewood - 31.0 Pinewood Lake
Waynewood,Week4,Dunn Loring,Week1,215.0 Dunn Loring - 187.0 Waynewood
Woodley,Week2,Fox Hunt,Week2,284.0 Fox Hunt - 118.0 Woodley
Waynewood,Week5,Little Hunting Park,Week5,303.0 Waynewood - 99.0 Little Hunting Park
Woodley,Week1,Fox Hunt,Week4,289.0 Fox Hunt - 113.0 Woodley
Waynewood,Week3,Pleasant Valley,Week1,342.0 Waynewood - 60.0 Pleasant Valley
Woodley,Week3,Broyhill Crest,Week4,301.5 Woodley - 100.5 Broyhill Crest
Waynewood,Week4,Dunn Loring,Week4,236.0 Dunn Loring - 166.0 Waynewood
Waynewood,Week2,Little Rocky Run,Week5,238.0 Little Rocky Run - 164.0 Waynewood
Waynewood,Week1,Pleasant Valley,Week3,278.0 Waynewood - 124.0 Pleasant Valley
Woodley,Week4,Broyhill Crest,Week1,289.0 Woodley - 112.0 Broyhill Crest
Woodley,Week3,Brookfield ,Week3,265.0 Brookfield - 137.0 Woodley
Waynewood,Week3,Pleasant Valley,Week4,337.0 Waynewood - 65.0 Pleasant Valley
Woodley,Week2,Fox Hunt,Week5,318.0 Fox Hunt - 84.0 Woodley
Waynewood,Week1,Pleasant Valley,Week5,295.0 Waynewood - 107.0 Pleasant Valley
Woodley,Week2,Brookfield ,Week4,285.0 Brookfield - 117.0 Woodley
Waynewood,Week3,Pleasant Valley,Week2,345.0 Waynewood - 57.0 Pleasant Valley
Woodley,Week2,Brookfield ,Week2,271.0 Brookfield - 131.0 Woodley
Woodley,Week5,Bren Mar-Edsall Park,Week3,305.0 Woodley - 92.0 Bren Mar-Edsall Park
Waynewood,Week4,Little Rocky Run,Week3,243.0 Little Rocky Run - 159.0 Waynewood
Waynewood,Week5,Dunn Loring,Week1,210.0 Waynewood - 192.0 Dunn Loring
Waynewood,Week2,Dunn Loring,Week4,251.0 Dunn Loring - 151.0 Waynewood
Waynewood,Week2,Dunn Loring,Week3,256.0 Dunn Loring - 146.0 Waynewood
Waynewood,Week3,Little Rocky Run,Week4,208.0 Waynewood - 194.0 Little Rocky Run
Waynewood,Week5,Little Hunting Park,Week4,319.0 Waynewood - 83.0 Little Hunting Park
Waynewood,Week2,Pleasant Valley,Week5,320.0 Waynewood - 81.0 Pleasant Valley
Waynewood,Week5,Dunn Loring,Week2,219.0 Dunn Loring - 183.0 Waynewood
Woodley,Week2,Fox Hunt,Week4,285.0 Fox Hunt - 117.0 Woodley
Woodley,Week3,Fox Hunt,Week3,295.0 Fox Hunt - 107.0 Woodley
Waynewood,Week2,Long Branch,Week1,268.0 Waynewood - 134.0 Long Branch
Woodley,Week1,Brookfield ,Week3,276.0 Brookfield - 126.0 Woodley
Waynewood,Week2,Long Branch,Week3,275.0 Waynewood - 127.0 Long Branch
Waynewood,Week2,Pleasant Valley,Week3,316.0 Waynewood - 86.0 Pleasant Valley
Woodley,Week3,Fox Hunt,Week1,284.0 Fox Hunt - 118.0 Woodley
Waynewood,Week2,Dunn Loring,Week1,208.5 Dunn Loring - 193.5 Waynewood
Woodley,Week3,Somerset-Olde Creek,Week4,253.0 Woodley - 149.0 Somerset-Olde Creek
Waynewood,Week2,Fair Oaks ,Week2,257.0 Waynewood - 145.0 Fair Oaks
Woodley,Week3,Brookfield ,Week5,257.0 Brookfield - 145.0 Woodley
Waynewood,Week1,Fair Oaks ,Week2,232.0 Waynewood - 170.0 Fair Oaks
Waynewood,Week1,Little Rocky Run,Week4,227.0 Little Rocky Run - 175.0 Waynewood
Waynewood,Week1,Fair Oaks ,Week1,203.0 Waynewood - 199.0 Fair Oaks
Waynewood,Week1,Fair Oaks ,Week3,202.0 Fair Oaks - 200.0 Waynewood
Woodley,Week4,Fox Hunt,Week5,320.0 Fox Hunt - 82.0 Woodley
Waynewood,Week3,Dunn Loring,Week5,237.0 Dunn Loring - 165.0 Waynewood
Woodley,Week1,Broyhill Crest,Week1,277.0 Woodley - 124.0 Broyhill Crest
Waynewood,Week5,Pleasant Valley,Week2,340.0 Waynewood - 61.0 Pleasant Valley
Woodley,Week2,Broyhill Crest,Week4,286.0 Woodley - 116.0 Broyhill Crest
Waynewood,Week4,Dunn Loring,Week2,248.0 Dunn Loring - 154.0 Waynewood
Woodley,Week2,Fox Mill Estates,Week2,227.0 Fox Mill Estates - 175.0 Woodley
Woodley,Week1,Broyhill Crest,Week4,277.0 Woodley - 125.0 Broyhill Crest
Woodley,Week3,Broyhill Crest,Week3,300.0 Woodley - 102.0 Broyhill Crest
Waynewood,Week4,Little Rocky Run,Week1,227.0 Little Rocky Run - 175.0 Waynewood
Waynewood,Week3,Pleasant Valley,Week5,336.0 Waynewood - 66.0 Pleasant Valley
Woodley,Week2,Broyhill Crest,Week3,303.0 Woodley - 98.0 Broyhill Crest
Waynewood,Week1,Little Rocky Run,Week5,254.0 Little Rocky Run - 148.0 Waynewood
Waynewood,Week4,Little Rocky Run,Week5,253.0 Little Rocky Run - 149.0 Waynewood
Waynewood,Week4,Pleasant Valley,Week1,335.0 Waynewood - 66.0 Pleasant Valley
Woodley,Week3,Fox Hunt,Week5,311.0 Fox Hunt - 91.0 Woodley
Waynewood,Week5,Pleasant Valley,Week5,329.0 Waynewood - 73.0 Pleasant Valley
Woodley,Week4,Fox Hunt,Week1,291.0 Fox Hunt - 111.0 Woodley
Woodley,Week5,Fox Hunt,Week4,279.0 Fox Hunt - 123.0 Woodley
Waynewood,Week3,Little Rocky Run,Week2,213.0 Waynewood - 189.0 Little Rocky Run
Waynewood,Week4,Pleasant Valley,Week2,337.0 Waynewood - 64.0 Pleasant Valley
Woodley,Week3,Fox Hunt,Week4,284.0 Fox Hunt - 118.0 Woodley
Waynewood,Week5,Little Rocky Run,Week2,203.0 Waynewood - 199.0 Little Rocky Run
Woodley,Week5,Brookfield ,Week2,258.0 Brookfield - 144.0 Woodley
Waynewood,Week2,Poplar Heights,Week1,231.0 Waynewood - 171.0 Poplar Heights
Waynewood,Week5,Pleasant Valley,Week1,342.0 Waynewood - 59.0 Pleasant Valley
Woodley,Week5,Brookfield ,Week4,284.0 Brookfield - 118.0 Woodley
Waynewood,Week2,Little Rocky Run,Week1,213.5 Little Rocky Run - 188.5 Waynewood
Woodley,Week5,Fox Mill Estates,Week3,240.0 Fox Mill Estates - 161.0 Woodley
Woodley,Week2,Fox Mill Estates,Week3,247.0 Fox Mill Estates - 154.0 Woodley
Waynewood,Week2,Poplar Heights,Week4,217.0 Waynewood - 185.0 Poplar Heights
Waynewood,Week3,Little Rocky Run,Week5,220.5 Little Rocky Run - 181.5 Waynewood
Woodley,Week4,Brookfield ,Week4,292.0 Brookfield - 110.0 Woodley
Waynewood,Week4,Little Rocky Run,Week4,229.0 Little Rocky Run - 173.0 Waynewood
Waynewood,Week3,Fair Oaks ,Week5,229.0 Waynewood - 173.0 Fair Oaks
Woodley,Week4,Fox Mill Estates,Week1,221.0 Fox Mill Estates - 181.0 Woodley
Woodley,Week5,Fox Hunt,Week2,278.0 Fox Hunt - 124.0 Woodley
Woodley,Week4,Brookfield ,Week5,268.0 Brookfield - 134.0 Woodley
Waynewood,Week2,Poplar Heights,Week5,211.0 Waynewood - 191.0 Poplar Heights
Waynewood,Week5,Little Rocky Run,Week5,230.0 Little Rocky Run - 172.0 Waynewood
Woodley,Week1,Fox Mill Estates,Week4,285.0 Fox Mill Estates - 117.0 Woodley
Waynewood,Week2,Fairfax,Week5,256.0 Fairfax - 146.0 Waynewood
Waynewood,Week4,Pleasant Valley,Week5,329.0 Waynewood - 72.0 Pleasant Valley
Waynewood,Week4,Dunn Loring,Week3,244.0 Dunn Loring - 158.0 Waynewood
Waynewood,Week3,Fair Oaks ,Week2,274.5 Waynewood - 127.5 Fair Oaks
Woodley,Week5,Brookfield ,Week3,255.0 Brookfield - 146.0 Woodley
Woodley,Week3,Brookfield ,Week4,275.0 Brookfield - 127.0 Woodley
Waynewood,Week2,Fairfax,Week1,217.0 Fairfax - 185.0 Waynewood
Waynewood,Week1,Little Rocky Run,Week1,240.5 Little Rocky Run - 161.5 Waynewood
Waynewood,Week4,Dunn Loring,Week5,250.0 Dunn Loring - 152.0 Waynewood
Waynewood,Week4,Pleasant Valley,Week4,341.0 Waynewood - 59.0 Pleasant Valley
Woodley,Week5,Fox Mill Estates,Week1,209.0 Fox Mill Estates - 193.0 Woodley
Woodley,Week4,Fox Mill Estates,Week5,252.0 Fox Mill Estates - 150.0 Woodley
Waynewood,Week5,Fair Oaks ,Week1,260.0 Waynewood - 142.0 Fair Oaks
Waynewood,Week3,Poplar Heights,Week5,229.0 Waynewood - 173.0 Poplar Heights
Waynewood,Week3,Poplar Heights,Week3,249.0 Waynewood - 153.0 Poplar Heights
Woodley,Week5,Brookfield ,Week5,260.0 Brookfield - 142.0 Woodley
Waynewood,Week5,Little Hunting Park,Week3,317.0 Waynewood - 85.0 Little Hunting Park
Waynewood,Week5,Little Rocky Run,Week3,211.0 Little Rocky Run - 191.0 Waynewood
Woodley,Week5,Fox Hunt,Week5,303.0 Fox Hunt - 99.0 Woodley
Waynewood,Week4,Poplar Heights,Week3,213.0 Waynewood - 189.0 Poplar Heights
Waynewood,Week1,Long Branch,Week2,262.0 Waynewood - 140.0 Long Branch
Waynewood,Week4,Poplar Heights,Week2,207.0 Waynewood - 195.0 Poplar Heights
Woodley,Week5,Fox Hunt,Week1,269.0 Fox Hunt - 133.0 Woodley
Woodley,Week1,Fox Mill Estates,Week2,247.0 Fox Mill Estates - 155.0 Woodley
Waynewood,Week4,Poplar Heights,Week5,212.0 Waynewood - 190.0 Poplar Heights
Waynewood,Week2,Little Rocky Run,Week2,211.0 Little Rocky Run - 191.0 Waynewood
Woodley,Week5,Fox Hunt,Week3,280.0 Fox Hunt - 117.0 Woodley
Woodley,Week2,Broyhill Crest,Week2,296.0 Woodley - 105.0 Broyhill Crest
Waynewood,Week5,Little Rocky Run,Week4,213.0 Little Rocky Run - 189.0 Waynewood
Woodley,Week3,Fox Mill Estates,Week1,226.0 Fox Mill Estates - 176.0 Woodley
Waynewood,Week2,Fairfax,Week2,219.0 Fairfax - 183.0 Waynewood
Waynewood,Week2,Fair Oaks ,Week4,237.0 Waynewood - 165.0 Fair Oaks
Waynewood,Week5,Fair Oaks ,Week5,235.0 Waynewood - 167.0 Fair Oaks
Woodley,Week4,Brookfield ,Week2,277.0 Brookfield - 125.0 Woodley
Waynewood,Week4,Poplar Heights,Week4,215.0 Waynewood - 187.0 Poplar Heights
Waynewood,Week5,Little Rocky Run,Week1,203.0 Waynewood - 199.0 Little Rocky Run
Woodley,Week3,Fox Mill Estates,Week3,240.0 Fox Mill Estates - 162.0 Woodley
Woodley,Week2,Fox Mill Estates,Week1,225.0 Fox Mill Estates - 177.0 Woodley
Waynewood,Week1,Fairfax,Week2,237.0 Fairfax - 165.0 Waynewood
Woodley,Week5,Brookfield ,Week1,259.0 Brookfield - 143.0 Woodley
Woodley,Week1,Broyhill Crest,Week3,288.0 Woodley - 114.0 Broyhill Crest
Waynewood,Week1,Poplar Heights,Week4,218.0 Poplar Heights - 184.0 Waynewood
Woodley,Week2,Broyhill Crest,Week5,257.0 Woodley - 144.0 Broyhill Crest
Woodley,Week2,Broyhill Crest,Week1,291.0 Woodley - 110.0 Broyhill Crest
Waynewood,Week1,Long Branch,Week4,247.0 Waynewood - 155.0 Long Branch
Waynewood,Week1,Long Branch,Week1,268.0 Waynewood - 134.0 Long Branch
Waynewood,Week2,Little Rocky Run,Week4,224.0 Little Rocky Run - 178.0 Waynewood
Waynewood,Week1,Poplar Heights,Week1,209.0 Waynewood - 193.0 Poplar Heights
Waynewood,Week4,Fair Oaks ,Week4,256.0 Waynewood - 146.0 Fair Oaks
Waynewood,Week5,Fair Oaks ,Week2,280.0 Waynewood - 122.0 Fair Oaks
Waynewood,Week4,Fair Oaks ,Week2,260.0 Waynewood - 142.0 Fair Oaks
Woodley,Week4,Brookfield ,Week1,288.0 Brookfield - 114.0 Woodley
Waynewood,Week5,Pleasant Valley,Week4,347.0 Waynewood - 54.0 Pleasant Valley
Woodley,Week3,Broyhill Crest,Week5,278.0 Woodley - 124.0 Broyhill Crest
Waynewood,Week5,Long Branch,Week3,298.0 Waynewood - 104.0 Long Branch
Waynewood,Week1,Long Branch,Week5,249.0 Waynewood - 153.0 Long Branch
Woodley,Week3,Broyhill Crest,Week2,305.0 Woodley - 97.0 Broyhill Crest
Waynewood,Week2,Fair Oaks ,Week5,208.0 Waynewood - 194.0 Fair Oaks
Waynewood,Week3,Poplar Heights,Week4,232.5 Waynewood - 169.5 Poplar Heights
Waynewood,Week3,Fair Oaks ,Week3,240.0 Waynewood - 162.0 Fair Oaks
Waynewood,Week2,Long Branch,Week2,281.0 Waynewood - 121.0 Long Branch
Waynewood,Week3,Long Branch,Week2,291.5 Waynewood - 110.5 Long Branch
Waynewood,Week4,Fair Oaks ,Week1,231.0 Waynewood - 171.0 Fair Oaks
Woodley,Week2,Fox Mill Estates,Week4,266.0 Fox Mill Estates - 136.0 Woodley
Woodley,Week4,Brookfield ,Week3,271.0 Brookfield - 131.0 Woodley
Woodley,Week1,Fox Mill Estates,Week5,268.0 Fox Mill Estates - 134.0 Woodley
Woodley,Week3,Broyhill Crest,Week1,292.0 Woodley - 109.0 Broyhill Crest
Waynewood,Week2,Poplar Heights,Week3,225.0 Waynewood - 177.0 Poplar Heights
Woodley,Week4,Fox Mill Estates,Week4,261.0 Fox Mill Estates - 141.0 Woodley
Waynewood,Week3,Poplar Heights,Week2,252.0 Waynewood - 150.0 Poplar Heights
Waynewood,Week3,Long Branch,Week1,286.5 Waynewood - 115.5 Long Branch
Waynewood,Week4,Fair Oaks ,Week5,225.0 Waynewood - 177.0 Fair Oaks
Woodley,Week1,Broyhill Crest,Week5,257.0 Woodley - 145.0 Broyhill Crest
Waynewood,Week5,Fairfax,Week1,213.0 Waynewood - 189.0 Fairfax
Woodley,Week1,Broyhill Crest,Week2,291.0 Woodley - 109.0 Broyhill Crest
Woodley,Week3,Fox Mill Estates,Week5,249.0 Fox Mill Estates - 153.0 Woodley
Waynewood,Week4,Poplar Heights,Week1,217.0 Waynewood - 185.0 Poplar Heights
Waynewood,Week4,Fairfax,Week4,217.0 Fairfax - 185.0 Waynewood
Waynewood,Week5,Annandale,Week1,331.0 Waynewood - 71.0 Annandale
Woodley,Week1,Fox Mill Estates,Week1,230.0 Fox Mill Estates - 172.0 Woodley
Waynewood,Week1,Poplar Heights,Week3,205.0 Poplar Heights - 197.0 Waynewood
Woodley,Week2,Fox Mill Estates,Week5,256.0 Fox Mill Estates - 146.0 Woodley
Waynewood,Week1,Fairfax,Week4,227.0 Fairfax - 175.0 Waynewood
Woodley,Week3,Burke Station,Week3,214.0 Burke Station - 183.0 Woodley
Waynewood,Week4,Long Branch,Week5,265.0 Waynewood - 137.0 Long Branch
Waynewood,Week2,Mansion House,Week3,204.0 Waynewood - 198.0 Mansion House
Waynewood,Week4,Long Branch,Week3,284.0 Waynewood - 118.0 Long Branch
Waynewood,Week1,Mansion House,Week5,209.0 Mansion House - 193.0 Waynewood
Waynewood,Week1,Mansion House,Week3,202.0 Mansion House - 200.0 Waynewood
Waynewood,Week2,Fair Oaks ,Week3,220.0 Waynewood - 182.0 Fair Oaks
Waynewood,Week5,Fair Oaks ,Week4,265.0 Waynewood - 137.0 Fair Oaks
Woodley,Week1,Burke Station,Week2,212.0 Woodley - 190.0 Burke Station
Waynewood,Week1,Poplar Heights,Week5,221.0 Poplar Heights - 181.0 Waynewood
Woodley,Week2,Burke Station,Week3,219.0 Burke Station - 176.0 Woodley
Woodley,Week4,Fox Hunt,Week3,294.0 Fox Hunt - 103.0 Woodley
Waynewood,Week3,Poplar Heights,Week1,241.0 Waynewood - 161.0 Poplar Heights
Waynewood,Week2,Poplar Heights,Week2,222.0 Waynewood - 180.0 Poplar Heights
Woodley,Week1,Burke Station,Week3,216.0 Burke Station - 181.0 Woodley
Waynewood,Week5,Pleasant Valley,Week3,328.0 Waynewood - 74.0 Pleasant Valley
Woodley,Week3,Fox Mill Estates,Week2,234.0 Fox Mill Estates - 168.0 Woodley
Waynewood,Week5,Long Branch,Week4,300.0 Waynewood - 102.0 Long Branch
Woodley,Week4,Burke Station,Week1,189.0 Burke Station - 189.0 Woodley
Waynewood,Week4,Poplar Tree,Week5,219.0 Poplar Tree - 183.0 Waynewood
Woodley,Week5,Broyhill Crest,Week1,296.0 Woodley - 105.0 Broyhill Crest
Waynewood,Week2,Mansion House,Week1,224.0 Waynewood - 178.0 Mansion House
Waynewood,Week2,Fairfax,Week4,212.0 Fairfax - 190.0 Waynewood
Waynewood,Week1,Fairfax,Week1,226.0 Fairfax - 176.0 Waynewood
Woodley,Week4,Fox Hunt,Week4,291.0 Fox Hunt - 111.0 Woodley
Waynewood,Week5,Poplar Tree,Week2,228.0 Waynewood - 174.0 Poplar Tree
Waynewood,Week3,Fair Oaks ,Week1,246.0 Waynewood - 156.0 Fair Oaks
Waynewood,Week4,Long Branch,Week4,272.0 Waynewood - 130.0 Long Branch
Woodley,Week4,Fox Mill Estates,Week2,236.0 Fox Mill Estates - 166.0 Woodley
Woodley,Week5,Broyhill Crest,Week5,274.0 Woodley - 127.0 Broyhill Crest
Waynewood,Week1,Poplar Heights,Week2,205.0 Poplar Heights - 197.0 Waynewood
Waynewood,Week1,Fairfax,Week5,240.0 Fairfax - 162.0 Waynewood
Woodley,Week1,Fox Mill Estates,Week3,251.0 Fox Mill Estates - 151.0 Woodley
Woodley,Week3,Fox Mill Estates,Week4,270.0 Fox Mill Estates - 132.0 Woodley
Woodley,Week4,Fox Mill Estates,Week3,248.0 Fox Mill Estates - 154.0 Woodley
Waynewood,Week2,Mansion House,Week4,218.0 Waynewood - 184.0 Mansion House
Waynewood,Week1,Ravensworth Farm,Week4,204.0 Waynewood - 198.0 Ravensworth Farm
Woodley,Week5,Fox Mill Estates,Week5,244.0 Fox Mill Estates - 158.0 Woodley
Woodley,Week2,Burke Station,Week1,197.0 Burke Station - 178.0 Woodley
Woodley,Week5,Fox Mill Woods,Week1,319.0 Fox Mill Woods - 83.0 Woodley
Waynewood,Week3,Fairfax,Week2,209.5 Fairfax - 192.5 Waynewood
Woodley,Week4,Broyhill Crest,Week5,272.0 Woodley - 130.0 Broyhill Crest
Woodley,Week2,Burke Station,Week2,216.0 Woodley - 182.0 Burke Station
Woodley,Week5,Fox Mill Estates,Week2,222.0 Fox Mill Estates - 180.0 Woodley
Waynewood,Week2,Poplar Tree,Week4,219.5 Waynewood - 182.5 Poplar Tree
Woodley,Week5,Fox Mill Woods,Week5,317.0 Fox Mill Woods - 85.0 Woodley
Waynewood,Week1,Mansion House,Week2,214.0 Waynewood - 188.0 Mansion House
Waynewood,Week3,Fairfax,Week3,210.0 Fairfax - 192.0 Waynewood
Woodley,Week1,Burke Station,Week5,232.0 Burke Station - 170.0 Woodley
Waynewood,Week5,Poplar Heights,Week5,254.0 Waynewood - 148.0 Poplar Heights
Waynewood,Week1,Fairfax,Week3,236.0 Fairfax - 166.0 Waynewood
Waynewood,Week1,Mansion House,Week1,218.0 Waynewood - 184.0 Mansion House
Waynewood,Week4,Long Branch,Week2,277.0 Waynewood - 125.0 Long Branch
Woodley,Week2,Fox Mill Woods,Week5,326.0 Fox Mill Woods - 76.0 Woodley
Woodley,Week1,Camelot,Week2,254.0 Camelot - 148.0 Woodley
Waynewood,Week2,Poplar Tree,Week1,212.0 Waynewood - 189.0 Poplar Tree
Woodley,Week1,Fox Mill Woods,Week1,329.0 Fox Mill Woods - 73.0 Woodley
Waynewood,Week4,Poplar Tree,Week3,203.0 Poplar Tree - 199.0 Waynewood
Waynewood,Week2,Long Branch,Week4,269.0 Waynewood - 133.0 Long Branch
Woodley,Week5,Burke Station,Week5,218.0 Burke Station - 184.0 Woodley
Waynewood,Week3,Poplar Tree,Week4,231.0 Waynewood - 171.0 Poplar Tree
Waynewood,Week5,Long Branch,Week2,301.0 Waynewood - 101.0 Long Branch
Waynewood,Week5,Fair Oaks ,Week3,253.0 Waynewood - 149.0 Fair Oaks
Woodley,Week1,Camelot,Week1,247.0 Camelot - 155.0 Woodley
Woodley,Week3,Fox Mill Woods,Week4,341.0 Fox Mill Woods - 61.0 Woodley
Waynewood,Week2,Fairfax,Week3,230.0 Fairfax - 172.0 Waynewood
Waynewood,Week3,Poplar Tree,Week3,233.0 Waynewood - 169.0 Poplar Tree
Waynewood,Week3,Long Branch,Week5,277.0 Waynewood - 125.0 Long Branch
Waynewood,Week4,Fair Oaks ,Week3,212.0 Waynewood - 190.0 Fair Oaks
Waynewood,Week3,Fair Oaks ,Week4,260.0 Waynewood - 142.0 Fair Oaks
Waynewood,Week2,Mansion House,Week2,223.0 Waynewood - 179.0 Mansion House
Waynewood,Week2,Long Branch,Week5,266.0 Waynewood - 136.0 Long Branch
Woodley,Week3,Fox Mill Woods,Week2,339.0 Fox Mill Woods - 63.0 Woodley
Woodley,Week3,Fox Mill Woods,Week5,338.0 Fox Mill Woods - 64.0 Woodley
Woodley,Week5,Broyhill Crest,Week3,301.0 Woodley - 100.0 Broyhill Crest
Waynewood,Week2,Poplar Tree,Week3,216.0 Waynewood - 186.0 Poplar Tree
Waynewood,Week3,Mansion House,Week1,240.0 Waynewood - 162.0 Mansion House
Woodley,Week2,Fox Mill Woods,Week4,334.0 Fox Mill Woods - 68.0 Woodley
Woodley,Week3,Burke Station,Week1,192.0 Burke Station - 185.0 Woodley
Waynewood,Week1,Poplar Tree,Week4,208.0 Poplar Tree - 194.0 Waynewood
Waynewood,Week1,Poplar Tree,Week5,221.0 Poplar Tree - 181.0 Waynewood
Woodley,Week4,Burke Station,Week5,228.0 Burke Station - 169.0 Woodley
Waynewood,Week3,Long Branch,Week4,290.0 Waynewood - 112.0 Long Branch
Waynewood,Week3,Fairfax,Week5,217.5 Fairfax - 184.5 Waynewood
Waynewood,Week4,Fairfax,Week5,248.0 Fairfax - 154.0 Waynewood
Woodley,Week1,Great Falls,Week1,265.0 Great Falls - 137.0 Woodley
Waynewood,Week1,Poplar Tree,Week2,205.0 Waynewood - 197.0 Poplar Tree
Waynewood,Week2,Mansion House,Week5,202.0 Waynewood - 200.0 Mansion House
Woodley,Week1,Great Falls,Week4,265.0 Great Falls - 137.0 Woodley
Waynewood,Week1,Poplar Tree,Week3,205.0 Poplar Tree - 197.0 Waynewood
Woodley,Week3,Burke Station,Week4,213.0 Woodley - 189.0 Burke Station
Woodley,Week5,Burke Station,Week1,200.0 Burke Station - 175.0 Woodley
Woodley,Week5,Broyhill Crest,Week4,279.0 Woodley - 123.0 Broyhill Crest
Waynewood,Week4,Fairfax,Week2,227.0 Fairfax - 175.0 Waynewood
Waynewood,Week5,Poplar Heights,Week4,245.0 Waynewood - 157.0 Poplar Heights
Waynewood,Week4,Fairfax,Week1,220.0 Fairfax - 182.0 Waynewood
Waynewood,Week3,Fairfax,Week1,203.0 Waynewood - 199.0 Fairfax
Waynewood,Week3,Fairfax,Week4,212.5 Waynewood - 189.5 Fairfax
Woodley,Week2,Great Falls,Week2,257.0 Great Falls - 127.0 Woodley
Waynewood,Week4,Fairfax,Week3,227.0 Fairfax - 175.0 Waynewood
Woodley,Week1,Burke Station,Week1,203.0 Burke Station - 176.0 Woodley
Woodley,Week1,Fox Mill Woods,Week5,330.0 Fox Mill Woods - 72.0 Woodley
Waynewood,Week5,Fairfax,Week5,212.0 Fairfax - 190.0 Waynewood
Woodley,Week4,Fox Mill Woods,Week2,339.0 Fox Mill Woods - 63.0 Woodley
Woodley,Week1,Burke Station,Week4,209.0 Woodley - 193.0 Burke Station
Waynewood,Week3,Poplar Tree,Week2,238.0 Waynewood - 164.0 Poplar Tree
Waynewood,Week2,Poplar Tree,Week2,219.0 Waynewood - 183.0 Poplar Tree
Woodley,Week4,Broyhill Crest,Week3,305.0 Woodley - 97.0 Broyhill Crest
Woodley,Week2,Burke Station,Week4,204.0 Woodley - 198.0 Burke Station
Woodley,Week2,Fox Mill Woods,Week2,334.5 Fox Mill Woods - 67.5 Woodley
Waynewood,Week1,Mantua,Week5,232.0 Mantua - 170.0 Waynewood
Waynewood,Week3,Poplar Tree,Week1,219.0 Waynewood - 183.0 Poplar Tree
Woodley,Week2,Fox Mill Woods,Week1,326.0 Fox Mill Woods - 76.0 Woodley
Woodley,Week5,Broyhill Crest,Week2,309.0 Woodley - 93.0 Broyhill Crest
Waynewood,Week1,Mansion House,Week4,208.0 Waynewood - 194.0 Mansion House
Woodley,Week4,Broyhill Crest,Week2,312.0 Woodley - 89.0 Broyhill Crest
Waynewood,Week5,Poplar Heights,Week2,249.0 Waynewood - 153.0 Poplar Heights
Waynewood,Week5,Fairfax,Week4,210.0 Waynewood - 192.0 Fairfax
Woodley,Week4,Broyhill Crest,Week4,280.0 Woodley - 122.0 Broyhill Crest
Waynewood,Week5,Fairfax,Week3,210.0 Fairfax - 192.0 Waynewood
Waynewood,Week5,Fairfax,Week2,207.0 Fairfax - 195.0 Waynewood
Waynewood,Week4,Long Branch,Week1,270.0 Waynewood - 132.0 Long Branch
Woodley,Week1,Fox Mill Woods,Week3,326.0 Fox Mill Woods - 76.0 Woodley
Waynewood,Week3,Long Branch,Week3,296.0 Waynewood - 106.0 Long Branch
Waynewood,Week1,Poplar Tree,Week1,211.0 Poplar Tree - 191.0 Waynewood
Woodley,Week3,Fox Mill Woods,Week3,328.0 Fox Mill Woods - 74.0 Woodley
Waynewood,Week1,Mantua,Week2,202.0 Mantua - 200.0 Waynewood
Waynewood,Week5,Poplar Heights,Week1,249.0 Waynewood - 153.0 Poplar Heights
Waynewood,Week4,Poplar Tree,Week1,203.0 Waynewood - 199.0 Poplar Tree
Waynewood,Week3,Poplar Tree,Week5,218.0 Waynewood - 184.0 Poplar Tree
Waynewood,Week5,Long Branch,Week1,295.0 Waynewood - 107.0 Long Branch
Waynewood,Week5,Long Branch,Week5,287.0 Waynewood - 115.0 Long Branch
Woodley,Week5,Fox Mill Estates,Week4,241.0 Fox Mill Estates - 161.0 Woodley
Woodley,Week1,Fox Mill Woods,Week4,341.5 Fox Mill Woods - 60.5 Woodley
Waynewood,Week4,Mansion House,Week2,219.0 Waynewood - 183.0 Mansion House
Waynewood,Week2,Poplar Tree,Week5,209.0 Poplar Tree - 193.0 Waynewood
Woodley,Week3,Burke Station,Week5,230.0 Burke Station - 172.0 Woodley
Woodley,Week4,Fox Mill Woods,Week4,338.0 Fox Mill Woods - 64.0 Woodley
Woodley,Week5,Burke Station,Week4,203.0 Burke Station - 199.0 Woodley
Woodley,Week5,Fox Mill Woods,Week2,320.0 Fox Mill Woods - 82.0 Woodley
Waynewood,Week1,Ravensworth Farm,Week3,215.0 Ravensworth Farm - 187.0 Waynewood
Woodley,Week3,Fox Mill Woods,Week1,337.0 Fox Mill Woods - 65.0 Woodley
Waynewood,Week2,Mantua,Week3,236.0 Mantua - 166.0 Waynewood
Woodley,Week4,Fox Mill Woods,Week5,330.0 Fox Mill Woods - 72.0 Woodley
Waynewood,Week5,Poplar Tree,Week5,216.0 Waynewood - 186.0 Poplar Tree
Woodley,Week2,Burke Station,Week5,221.0 Burke Station - 181.0 Woodley
Waynewood,Week4,Mansion House,Week3,218.0 Waynewood - 184.0 Mansion House
Waynewood,Week2,Mantua,Week4,204.0 Waynewood - 198.0 Mantua
Waynewood,Week4,Poplar Tree,Week4,213.0 Waynewood - 189.0 Poplar Tree
Waynewood,Week5,Poplar Heights,Week3,242.0 Waynewood - 160.0 Poplar Heights
Woodley,Week3,Burke Station,Week2,214.0 Woodley - 186.0 Burke Station
Woodley,Week4,Burke Station,Week2,203.0 Woodley - 198.0 Burke Station
Waynewood,Week2,Mantua,Week2,215.0 Waynewood - 187.0 Mantua
Waynewood,Week4,Poplar Tree,Week2,209.0 Waynewood - 193.0 Poplar Tree
Woodley,Week5,Burke Station,Week3,219.0 Burke Station - 177.0 Woodley
Waynewood,Week3,Mansion House,Week5,224.0 Waynewood - 178.0 Mansion House
Woodley,Week5,Burke Station,Week2,208.5 Woodley - 189.5 Burke Station
Woodley,Week4,Fox Mill Woods,Week3,319.0 Fox Mill Woods - 83.0 Woodley
Waynewood,Week1,Ravensworth Farm,Week1,206.5 Waynewood - 195.5 Ravensworth Farm
Woodley,Week2,Fox Mill Woods,Week3,319.0 Fox Mill Woods - 83.0 Woodley
Woodley,Week1,Fox Mill Woods,Week2,334.0 Fox Mill Woods - 68.0 Woodley
Woodley,Week4,Burke Station,Week3,215.0 Burke Station - 181.0 Woodley
Waynewood,Week3,Mansion House,Week4,239.8 Waynewood - 162.2 Mansion House
Woodley,Week4,Fox Mill Woods,Week1,331.0 Fox Mill Woods - 71.0 Woodley
Waynewood,Week3,Mansion House,Week3,235.0 Waynewood - 167.0 Mansion House
Waynewood,Week5,Poplar Tree,Week3,230.0 Waynewood - 172.0 Poplar Tree
Woodley,Week4,Burke Station,Week4,213.0 Woodley - 189.0 Burke Station
Waynewood,Week1,Mantua,Week4,211.0 Mantua - 191.0 Waynewood
Waynewood,Week5,Poplar Tree,Week1,223.5 Waynewood - 178.5 Poplar Tree
Waynewood,Week2,Mantua,Week1,203.0 Waynewood - 199.0 Mantua
Waynewood,Week1,Riverside Gardens,Week4,237.0 Riverside Gardens - 165.0 Waynewood
Woodley,Week5,Fox Mill Woods,Week3,313.0 Fox Mill Woods - 89.0 Woodley
Waynewood,Week5,Poplar Tree,Week4,225.0 Waynewood - 177.0 Poplar Tree
Woodley,Week1,Great Falls,Week2,257.0 Great Falls - 127.0 Woodley
Woodley,Week5,Camelot,Week5,267.0 Camelot - 135.0 Woodley
Woodley,Week1,Camelot,Week5,272.0 Camelot - 130.0 Woodley
Woodley,Week1,Canterbury Woods,Week5,234.0 Canterbury Woods - 168.0 Woodley
Woodley,Week5,Fox Mill Woods,Week4,328.0 Fox Mill Woods - 74.0 Woodley
Woodley,Week1,Great Falls,Week3,285.0 Great Falls - 116.0 Woodley
Waynewood,Week5,Mansion House,Week3,225.0 Waynewood - 177.0 Mansion House
Woodley,Week2,Canterbury Woods,Week2,223.0 Canterbury Woods - 178.0 Woodley
Waynewood,Week5,Mansion House,Week2,246.0 Waynewood - 156.0 Mansion House
Waynewood,Week2,Ravensworth Farm,Week5,209.0 Ravensworth Farm - 193.0 Waynewood
Woodley,Week1,Great Falls,Week5,276.0 Great Falls - 125.0 Woodley
Waynewood,Week4,Mansion House,Week1,204.0 Waynewood - 198.0 Mansion House
Waynewood,Week3,Ravensworth Farm,Week3,227.0 Waynewood - 175.0 Ravensworth Farm
Woodley,Week5,Great Falls,Week3,267.0 Great Falls - 135.0 Woodley
Woodley,Week3,Camelot,Week4,249.0 Camelot - 153.0 Woodley
Waynewood,Week5,Mansion House,Week1,243.0 Waynewood - 159.0 Mansion House
Waynewood,Week1,Ravensworth Farm,Week5,214.0 Ravensworth Farm - 188.0 Waynewood
Woodley,Week2,Canterbury Woods,Week4,256.0 Canterbury Woods - 146.0 Woodley
Waynewood,Week1,Ravensworth Farm,Week2,211.0 Waynewood - 191.0 Ravensworth Farm
Woodley,Week2,Great Falls,Week1,247.0 Great Falls - 155.0 Woodley
Waynewood,Week1,Riverside Gardens,Week2,203.0 Riverside Gardens - 199.0 Waynewood
Waynewood,Week4,Mansion House,Week5,211.0 Waynewood - 191.0 Mansion House
Waynewood,Week5,Mansion House,Week4,254.0 Waynewood - 148.0 Mansion House
Woodley,Week2,Greenbriar,Week2,301.0 Greenbriar - 101.0 Woodley
Waynewood,Week3,Mansion House,Week2,241.0 Waynewood - 161.0 Mansion House
Woodley,Week1,Canterbury Woods,Week1,240.0 Canterbury Woods - 162.0 Woodley
Waynewood,Week3,Ravensworth Farm,Week2,247.0 Waynewood - 155.0 Ravensworth Farm
Woodley,Week2,Camelot,Week3,246.0 Camelot - 155.0 Woodley
Waynewood,Week5,Mansion House,Week5,237.0 Waynewood - 165.0 Mansion House
Waynewood,Week2,Ravensworth Farm,Week2,223.0 Waynewood - 179.0 Ravensworth Farm
Waynewood,Week1,Mantua,Week1,207.0 Mantua - 195.0 Waynewood
Waynewood,Week1,Mantua,Week3,248.0 Mantua - 154.0 Waynewood
Waynewood,Week4,Mansion House,Week4,228.0 Waynewood - 174.0 Mansion House
Woodley,Week1,Camelot,Week4,251.0 Camelot - 151.0 Woodley
Woodley,Week3,Greenbriar,Week1,286.0 Greenbriar - 116.0 Woodley
Waynewood,Week1,Riverside Gardens,Week5,225.0 Riverside Gardens - 177.0 Waynewood
Woodley,Week3,Camelot,Week5,271.5 Camelot - 130.5 Woodley
Waynewood,Week4,Ravensworth Farm,Week4,228.0 Waynewood - 174.0 Ravensworth Farm
Woodley,Week5,Great Falls,Week5,264.0 Great Falls - 138.0 Woodley
Waynewood,Week3,Ravensworth Farm,Week4,234.0 Waynewood - 168.0 Ravensworth Farm
Woodley,Week5,Great Falls,Week2,230.0 Great Falls - 154.0 Woodley
Waynewood,Week4,Kent Gardens,Week5,211.0 Waynewood - 191.0 Kent Gardens
Woodley,Week2,Greenbriar,Week4,282.0 Greenbriar - 120.0 Woodley
Waynewood,Week5,Ravensworth Farm,Week3,230.0 Waynewood - 172.0 Ravensworth Farm
Waynewood,Week2,Kent Gardens,Week3,265.0 Waynewood - 137.0 Kent Gardens
Woodley,Week2,Great Falls,Week4,253.0 Great Falls - 149.0 Woodley
Waynewood,Week4,Ravensworth Farm,Week5,204.0 Ravensworth Farm - 198.0 Waynewood
Woodley,Week4,Great Falls,Week5,275.0 Great Falls - 127.0 Woodley
Woodley,Week1,Greenbriar,Week3,301.0 Greenbriar - 101.0 Woodley
Waynewood,Week3,Kent Gardens,Week2,276.0 Waynewood - 126.0 Kent Gardens
Woodley,Week4,Camelot,Week1,246.0 Camelot - 156.0 Woodley
Woodley,Week2,Camelot,Week4,254.0 Camelot - 148.0 Woodley
Woodley,Week2,Camelot,Week1,241.0 Camelot - 161.0 Woodley
Woodley,Week3,Camelot,Week2,235.0 Camelot - 167.0 Woodley
Waynewood,Week4,Ravensworth Farm,Week1,240.0 Waynewood - 162.0 Ravensworth Farm
Woodley,Week3,Camelot,Week3,242.0 Camelot - 160.0 Woodley
Woodley,Week2,Camelot,Week2,245.0 Camelot - 156.0 Woodley
Woodley,Week3,Great Falls,Week4,260.0 Great Falls - 142.0 Woodley
Woodley,Week3,Greenbriar,Week2,296.0 Greenbriar - 106.0 Woodley
Waynewood,Week3,Ravensworth Farm,Week1,242.0 Waynewood - 160.0 Ravensworth Farm
Waynewood,Week4,Kent Gardens,Week2,258.0 Waynewood - 144.0 Kent Gardens
Woodley,Week2,Great Falls,Week3,275.0 Great Falls - 127.0 Woodley
Woodley,Week3,Great Falls,Week2,254.0 Great Falls - 130.0 Woodley
Woodley,Week4,Camelot,Week2,238.0 Camelot - 164.0 Woodley
Waynewood,Week4,Ravensworth Farm,Week2,239.0 Waynewood - 163.0 Ravensworth Farm
Woodley,Week5,Camelot,Week3,241.0 Camelot - 160.0 Woodley
Waynewood,Week5,Ravensworth Farm,Week1,255.5 Waynewood - 146.5 Ravensworth Farm
Woodley,Week2,Camelot,Week5,269.0 Camelot - 133.0 Woodley
Waynewood,Week1,Kent Gardens,Week3,226.0 Waynewood - 176.0 Kent Gardens
Waynewood,Week1,Kent Gardens,Week2,224.0 Waynewood - 178.0 Kent Gardens
Waynewood,Week5,Ravensworth Farm,Week4,238.0 Waynewood - 164.0 Ravensworth Farm
Woodley,Week3,Great Falls,Week1,259.0 Great Falls - 143.0 Woodley
Woodley,Week3,Camelot,Week1,245.0 Camelot - 157.0 Woodley
Woodley,Week5,Camelot,Week1,236.0 Camelot - 166.0 Woodley
Waynewood,Week5,Ilda Community,Week1,319.0 Waynewood - 83.0 Ilda Community
Waynewood,Week3,Kent Gardens,Week4,271.0 Waynewood - 131.0 Kent Gardens
Waynewood,Week4,Ilda Community,Week3,314.0 Waynewood - 88.0 Ilda Community
Waynewood,Week2,Kent Gardens,Week2,267.0 Waynewood - 135.0 Kent Gardens
Waynewood,Week2,Riverside Gardens,Week1,204.0 Riverside Gardens - 198.0 Waynewood
Woodley,Week4,Great Falls,Week1,247.0 Great Falls - 155.0 Woodley
Woodley,Week4,Camelot,Week3,247.0 Camelot - 155.0 Woodley
Waynewood,Week2,Riverside Gardens,Week2,215.5 Waynewood - 186.5 Riverside Gardens
Woodley,Week4,Camelot,Week4,248.0 Camelot - 154.0 Woodley
Waynewood,Week3,Kent Gardens,Week1,258.0 Waynewood - 144.0 Kent Gardens
Waynewood,Week1,Riverside Gardens,Week1,214.0 Riverside Gardens - 188.0 Waynewood
Waynewood,Week2,Ravensworth Farm,Week4,217.0 Waynewood - 185.0 Ravensworth Farm
Waynewood,Week2,Riverside Gardens,Week4,241.0 Riverside Gardens - 161.0 Waynewood
Woodley,Week5,Great Falls,Week4,247.0 Great Falls - 155.0 Woodley
Waynewood,Week2,Kent Gardens,Week4,264.0 Waynewood - 138.0 Kent Gardens
Waynewood,Week1,Kent Gardens,Week5,203.0 Waynewood - 199.0 Kent Gardens
Woodley,Week1,Greenbriar,Week4,269.0 Greenbriar - 133.0 Woodley
Woodley,Week1,Greenbriar,Week2,307.0 Greenbriar - 95.0 Woodley
Woodley,Week2,Great Falls,Week5,273.0 Great Falls - 129.0 Woodley
Woodley,Week1,Camelot,Week3,250.0 Camelot - 152.0 Woodley
Woodley,Week4,Great Falls,Week4,263.0 Great Falls - 138.0 Woodley
Waynewood,Week4,Ravensworth Farm,Week3,203.0 Ravensworth Farm - 199.0 Waynewood
Woodley,Week5,Camelot,Week4,244.0 Camelot - 158.0 Woodley
Waynewood,Week1,Kent Gardens,Week1,214.0 Waynewood - 188.0 Kent Gardens
Woodley,Week1,Greenbriar,Week5,287.0 Greenbriar - 115.0 Woodley
Waynewood,Week2,Ravensworth Farm,Week1,223.0 Waynewood - 179.0 Ravensworth Farm
Waynewood,Week2,Kent Gardens,Week1,242.0 Waynewood - 160.0 Kent Gardens
Woodley,Week1,Greenbriar,Week1,290.0 Greenbriar - 112.0 Woodley
Woodley,Week5,Great Falls,Week1,235.0 Great Falls - 166.0 Woodley
Woodley,Week3,Great Falls,Week5,276.0 Great Falls - 126.0 Woodley
Woodley,Week4,Camelot,Week5,261.0 Camelot - 141.0 Woodley
Woodley,Week4,Great Falls,Week3,285.0 Great Falls - 117.0 Woodley
Waynewood,Week2,Riverside Gardens,Week3,225.0 Riverside Gardens - 177.0 Waynewood
Woodley,Week1,Canterbury Woods,Week3,256.0 Canterbury Woods - 146.0 Woodley
Waynewood,Week1,Kent Gardens,Week4,230.0 Waynewood - 172.0 Kent Gardens
Woodley,Week2,Canterbury Woods,Week3,254.0 Canterbury Woods - 148.0 Woodley
Woodley,Week1,Canterbury Woods,Week4,249.0 Canterbury Woods - 153.0 Woodley
Waynewood,Week4,Ilda Community,Week5,310.0 Waynewood - 92.0 Ilda Community
Waynewood,Week2,Ravensworth Farm,Week3,203.0 Waynewood - 199.0 Ravensworth Farm
Waynewood,Week5,Ravensworth Farm,Week5,216.0 Waynewood - 186.0 Ravensworth Farm
Waynewood,Week5,Ravensworth Farm,Week2,252.0 Waynewood - 150.0 Ravensworth Farm
Waynewood,Week3,Ravensworth Farm,Week5,224.0 Waynewood - 178.0 Ravensworth Farm
Waynewood,Week5,Ilda Community,Week2,332.0 Waynewood - 70.0 Ilda Community
Woodley,Week2,Canterbury Woods,Week1,249.0 Canterbury Woods - 153.0 Woodley
Woodley,Week3,Great Falls,Week3,293.0 Great Falls - 109.0 Woodley
Waynewood,Week1,Riverside Gardens,Week3,232.0 Riverside Gardens - 170.0 Waynewood
Waynewood,Week3,Kent Gardens,Week5,230.0 Waynewood - 172.0 Kent Gardens
Woodley,Week5,Camelot,Week2,249.0 Camelot - 152.0 Woodley
Waynewood,Week3,Kent Gardens,Week3,274.0 Waynewood - 128.0 Kent Gardens
Woodley,Week1,Canterbury Woods,Week2,222.0 Canterbury Woods - 180.0 Woodley
Woodley,Week4,Great Falls,Week2,249.0 Great Falls - 135.0 Woodley
Waynewood,Week5,Fox Mill Estates,Week2,299.0 Waynewood - 103.0 Fox Mill Estates
Waynewood,Week3,Rolling Forest,Week3,261.5 Waynewood - 140.5 Rolling Forest
Waynewood,Week3,Rolling Forest,Week1,272.0 Waynewood - 130.0 Rolling Forest
Woodley,Week4,Canterbury Woods,Week2,220.0 Canterbury Woods - 182.0 Woodley
Waynewood,Week3,Rolling Forest,Week4,287.0 Waynewood - 115.0 Rolling Forest
Waynewood,Week5,Ilda Community,Week4,317.0 Waynewood - 85.0 Ilda Community
Woodley,Week3,Canterbury Woods,Week2,215.0 Canterbury Woods - 187.0 Woodley
Woodley,Week2,Canterbury Woods,Week5,230.0 Canterbury Woods - 168.0 Woodley
Woodley,Week5,Canterbury Woods,Week1,228.0 Canterbury Woods - 174.0 Woodley
Woodley,Week1,Cardinal Hill,Week2,294.0 Cardinal Hill - 108.0 Woodley
Woodley,Week5,Greenbriar,Week2,290.0 Greenbriar - 112.0 Woodley
Waynewood,Week5,Ilda Community,Week5,328.0 Waynewood - 74.0 Ilda Community
Woodley,Week2,Greenbriar,Week1,294.0 Greenbriar - 108.0 Woodley
Woodley,Week2,Cardinal Hill,Week3,331.0 Cardinal Hill - 71.0 Woodley
Waynewood,Week1,Fox Mill Woods,Week4,235.0 Fox Mill Woods - 167.0 Waynewood
Waynewood,Week4,Riverside Gardens,Week4,226.0 Riverside Gardens - 176.0 Waynewood
Waynewood,Week2,Fox Mill Woods,Week3,205.0 Fox Mill Woods - 197.0 Waynewood
Woodley,Week2,Greenbriar,Week5,304.0 Greenbriar - 98.0 Woodley
Waynewood,Week3,Fox Mill Estates,Week2,302.0 Waynewood - 100.0 Fox Mill Estates
Waynewood,Week2,Kent Gardens,Week5,212.0 Waynewood - 190.0 Kent Gardens
Woodley,Week3,Hamlet,Week5,367.0 Hamlet - 35.0 Woodley
Waynewood,Week4,Ilda Community,Week4,294.0 Waynewood - 108.0 Ilda Community
Waynewood,Week3,Fox Mill Estates,Week1,310.0 Waynewood - 92.0 Fox Mill Estates
Waynewood,Week2,Rolling Forest,Week4,253.0 Waynewood - 149.0 Rolling Forest
Woodley,Week3,Cardinal Hill,Week3,335.0 Cardinal Hill - 67.0 Woodley
Waynewood,Week2,Fox Mill Woods,Week2,206.0 Waynewood - 196.0 Fox Mill Woods
Waynewood,Week3,Riverside Gardens,Week2,236.0 Waynewood - 166.0 Riverside Gardens
Waynewood,Week5,Ilda Community,Week3,341.0 Waynewood - 61.0 Ilda Community
Woodley,Week2,Greenbriar,Week3,303.0 Greenbriar - 99.0 Woodley
Waynewood,Week4,Ilda Community,Week2,308.5 Waynewood - 93.5 Ilda Community
Waynewood,Week5,Fox Mill Estates,Week3,303.0 Waynewood - 99.0 Fox Mill Estates
Woodley,Week2,Hamlet,Week5,368.0 Hamlet - 34.0 Woodley
Waynewood,Week4,Kent Gardens,Week1,261.0 Waynewood - 141.0 Kent Gardens
Woodley,Week5,Canterbury Woods,Week4,246.0 Canterbury Woods - 156.0 Woodley
Woodley,Week1,Cardinal Hill,Week4,317.0 Cardinal Hill - 85.0 Woodley
Waynewood,Week5,Fox Mill Estates,Week4,289.0 Waynewood - 113.0 Fox Mill Estates
Woodley,Week2,Cardinal Hill,Week2,308.0 Cardinal Hill - 94.0 Woodley
Waynewood,Week1,Rolling Forest,Week3,235.5 Waynewood - 166.5 Rolling Forest
Waynewood,Week5,Riverside Gardens,Week3,208.0 Waynewood - 194.0 Riverside Gardens
Woodley,Week3,Hamlet,Week3,349.0 Hamlet - 53.0 Woodley
Waynewood,Week4,Riverside Gardens,Week5,231.0 Riverside Gardens - 171.0 Waynewood
Woodley,Week5,Greenbriar,Week1,275.0 Greenbriar - 127.0 Woodley
Woodley,Week3,Greenbriar,Week3,297.0 Greenbriar - 105.0 Woodley
Waynewood,Week4,Fox Mill Woods,Week5,220.0 Fox Mill Woods - 182.0 Waynewood
Waynewood,Week5,Fox Mill Estates,Week5,300.0 Waynewood - 102.0 Fox Mill Estates
Waynewood,Week3,Riverside Gardens,Week3,204.0 Waynewood - 198.0 Riverside Gardens
Waynewood,Week4,Riverside Gardens,Week1,205.0 Waynewood - 197.0 Riverside Gardens
Waynewood,Week2,Fox Mill Estates,Week3,285.0 Waynewood - 117.0 Fox Mill Estates
Woodley,Week1,Hamlet,Week1,335.0 Hamlet - 67.0 Woodley
Waynewood,Week1,Rolling Forest,Week2,254.5 Waynewood - 147.5 Rolling Forest
Woodley,Week3,Canterbury Woods,Week3,255.0 Canterbury Woods - 147.0 Woodley
Waynewood,Week2,Kings Ridge ,Week3,299.0 Waynewood - 103.0 Kings Ridge
Woodley,Week3,Greenbriar,Week4,270.0 Greenbriar - 132.0 Woodley
Waynewood,Week5,Kent Gardens,Week1,265.0 Waynewood - 137.0 Kent Gardens
Waynewood,Week3,Fox Mill Estates,Week5,293.0 Waynewood - 109.0 Fox Mill Estates
Woodley,Week3,Canterbury Woods,Week1,230.0 Canterbury Woods - 172.0 Woodley
Waynewood,Week5,Kings Ridge ,Week2,330.0 Waynewood - 72.0 Kings Ridge
Waynewood,Week3,Riverside Gardens,Week5,207.0 Waynewood - 195.0 Riverside Gardens
Woodley,Week2,Hamlet,Week4,337.0 Hamlet - 65.0 Woodley
Woodley,Week4,Canterbury Woods,Week4,245.0 Canterbury Woods - 157.0 Woodley
Woodley,Week4,Greenbriar,Week2,302.0 Greenbriar - 100.0 Woodley
Waynewood,Week3,Kings Ridge ,Week3,305.0 Waynewood - 97.0 Kings Ridge
Waynewood,Week2,Fox Mill Woods,Week5,210.0 Fox Mill Woods - 192.0 Waynewood
Waynewood,Week3,Fox Mill Woods,Week4,213.0 Waynewood - 189.0 Fox Mill Woods
Woodley,Week5,Greenbriar,Week3,288.0 Greenbriar - 114.0 Woodley
Woodley,Week1,Cardinal Hill,Week1,319.0 Cardinal Hill - 83.0 Woodley
Waynewood,Week4,Kent Gardens,Week3,260.0 Waynewood - 142.0 Kent Gardens
Waynewood,Week2,Kings Ridge ,Week2,307.5 Waynewood - 94.5 Kings Ridge
Waynewood,Week4,Kent Gardens,Week4,256.0 Waynewood - 146.0 Kent Gardens
Waynewood,Week3,Riverside Gardens,Week4,207.0 Riverside Gardens - 195.0 Waynewood
Waynewood,Week3,Fox Mill Estates,Week3,290.0 Waynewood - 112.0 Fox Mill Estates
Waynewood,Week3,Fox Mill Woods,Week1,205.0 Waynewood - 197.0 Fox Mill Woods
Woodley,Week4,Canterbury Woods,Week3,237.0 Canterbury Woods - 165.0 Woodley
Waynewood,Week4,Kings Ridge ,Week3,295.0 Waynewood - 107.0 Kings Ridge
Woodley,Week5,Greenbriar,Week4,261.0 Greenbriar - 141.0 Woodley
Woodley,Week1,Hamlet,Week4,334.0 Hamlet - 68.0 Woodley
Waynewood,Week2,Fox Mill Estates,Week4,262.0 Waynewood - 140.0 Fox Mill Estates
Waynewood,Week2,Riverside Gardens,Week5,231.0 Riverside Gardens - 171.0 Waynewood
Waynewood,Week5,Riverside Gardens,Week5,203.5 Waynewood - 198.5 Riverside Gardens
Woodley,Week5,Canterbury Woods,Week2,207.0 Canterbury Woods - 194.0 Woodley
Woodley,Week2,Cardinal Hill,Week5,302.0 Cardinal Hill - 99.0 Woodley
Waynewood,Week3,Riverside Gardens,Week1,229.0 Waynewood - 173.0 Riverside Gardens
Waynewood,Week5,Kent Gardens,Week3,275.0 Waynewood - 127.0 Kent Gardens
Waynewood,Week4,Kings Ridge ,Week1,313.0 Waynewood - 89.0 Kings Ridge
Woodley,Week4,Greenbriar,Week1,289.0 Greenbriar - 113.0 Woodley
Waynewood,Week5,Riverside Gardens,Week1,239.0 Waynewood - 163.0 Riverside Gardens
Waynewood,Week4,Fox Mill Estates,Week3,285.0 Waynewood - 117.0 Fox Mill Estates
Woodley,Week4,Greenbriar,Week4,285.0 Greenbriar - 117.0 Woodley
Waynewood,Week5,Fox Mill Woods,Week4,223.5 Waynewood - 178.5 Fox Mill Woods
Woodley,Week3,Canterbury Woods,Week5,230.0 Canterbury Woods - 171.0 Woodley
Waynewood,Week5,Riverside Gardens,Week4,203.0 Waynewood - 199.0 Riverside Gardens
Waynewood,Week1,Lake Braddock,Week4,305.0 Waynewood - 97.0 Lake Braddock
Waynewood,Week5,Kent Gardens,Week2,283.0 Waynewood - 119.0 Kent Gardens
Waynewood,Week4,Fox Mill Estates,Week1,307.0 Waynewood - 95.0 Fox Mill Estates
Woodley,Week2,Hamlet,Week3,349.0 Hamlet - 53.0 Woodley
Woodley,Week5,Canterbury Woods,Week3,240.0 Canterbury Woods - 162.0 Woodley
Waynewood,Week1,Kings Ridge ,Week5,262.0 Waynewood - 140.0 Kings Ridge
Woodley,Week5,Greenbriar,Week5,287.0 Greenbriar - 115.0 Woodley
Waynewood,Week4,Fox Mill Estates,Week4,272.0 Waynewood - 130.0 Fox Mill Estates
Woodley,Week1,Cardinal Hill,Week3,328.0 Cardinal Hill - 74.0 Woodley
Waynewood,Week5,Riverside Gardens,Week2,252.0 Waynewood - 150.0 Riverside Gardens
Waynewood,Week1,Fox Mill Woods,Week1,235.0 Fox Mill Woods - 167.0 Waynewood
Waynewood,Week3,Fox Mill Estates,Week4,276.0 Waynewood - 126.0 Fox Mill Estates
Woodley,Week3,Cardinal Hill,Week1,328.0 Cardinal Hill - 74.0 Woodley
Woodley,Week1,Cardinal Hill,Week5,309.0 Cardinal Hill - 93.0 Woodley
Woodley,Week4,Canterbury Woods,Week5,234.0 Canterbury Woods - 167.0 Woodley
Woodley,Week1,Hamlet,Week2,347.0 Hamlet - 55.0 Woodley
Waynewood,Week1,Rolling Forest,Week5,225.0 Waynewood - 177.0 Rolling Forest
Woodley,Week3,Greenbriar,Week5,294.0 Greenbriar - 108.0 Woodley
Woodley,Week1,Hamlet,Week3,339.0 Hamlet - 63.0 Woodley
Waynewood,Week4,Riverside Gardens,Week3,220.0 Riverside Gardens - 182.0 Waynewood
Waynewood,Week2,Rolling Forest,Week1,252.0 Waynewood - 150.0 Rolling Forest
Waynewood,Week1,Kings Ridge ,Week4,269.0 Waynewood - 133.0 Kings Ridge
Waynewood,Week5,Kings Ridge ,Week3,324.0 Waynewood - 78.0 Kings Ridge
Woodley,Week2,Cardinal Hill,Week1,317.0 Cardinal Hill - 85.0 Woodley
Waynewood,Week5,Fox Mill Estates,Week1,311.0 Waynewood - 91.0 Fox Mill Estates
Woodley,Week3,Canterbury Woods,Week4,253.0 Canterbury Woods - 149.0 Woodley
Waynewood,Week2,Fox Mill Estates,Week5,267.0 Waynewood - 135.0 Fox Mill Estates
Waynewood,Week4,Kings Ridge ,Week2,325.0 Waynewood - 77.0 Kings Ridge
Waynewood,Week1,Rolling Forest,Week4,254.0 Waynewood - 148.0 Rolling Forest
Waynewood,Week4,Riverside Gardens,Week2,212.0 Waynewood - 190.0 Riverside Gardens
Waynewood,Week4,Fox Mill Estates,Week5,288.0 Waynewood - 114.0 Fox Mill Estates
Woodley,Week5,Canterbury Woods,Week5,230.0 Canterbury Woods - 168.0 Woodley
Waynewood,Week3,Kings Ridge ,Week5,301.0 Waynewood - 101.0 Kings Ridge
Woodley,Week4,Canterbury Woods,Week1,231.0 Canterbury Woods - 171.0 Woodley
Woodley,Week4,Greenbriar,Week5,302.0 Greenbriar - 100.0 Woodley
Waynewood,Week2,Kings Ridge ,Week5,298.0 Waynewood - 104.0 Kings Ridge
Woodley,Week3,Hamlet,Week2,363.5 Hamlet - 38.5 Woodley
Woodley,Week3,Hamlet,Week1,347.0 Hamlet - 55.0 Woodley
Waynewood,Week4,Kings Ridge ,Week4,303.0 Waynewood - 99.0 Kings Ridge
Waynewood,Week2,Rolling Forest,Week2,255.0 Waynewood - 147.0 Rolling Forest
Waynewood,Week4,Fox Mill Estates,Week2,269.0 Waynewood - 133.0 Fox Mill Estates
Waynewood,Week5,Kent Gardens,Week5,248.0 Waynewood - 154.0 Kent Gardens
Waynewood,Week1,Rolling Forest,Week1,238.0 Waynewood - 164.0 Rolling Forest
Waynewood,Week3,Rolling Hills,Week2,285.0 Waynewood - 117.0 Rolling Hills
Woodley,Week3,Cardinal Hill,Week5,309.0 Cardinal Hill - 93.0 Woodley
Woodley,Week1,Lakeview,Week5,198.0 Lakeview - 194.0 Woodley
Waynewood,Week2,Rolling Forest,Week5,244.0 Waynewood - 158.0 Rolling Forest
Waynewood,Week3,Fox Mill Woods,Week2,220.0 Waynewood - 182.0 Fox Mill Woods
Waynewood,Week3,Rolling Hills,Week5,296.0 Waynewood - 106.0 Rolling Hills
Waynewood,Week5,Kings Ridge ,Week1,329.0 Waynewood - 73.0 Kings Ridge
Woodley,Week2,Cardinal Hill,Week4,315.0 Cardinal Hill - 87.0 Woodley
Waynewood,Week5,Kent Gardens,Week4,278.0 Waynewood - 124.0 Kent Gardens
Waynewood,Week1,Kings Ridge ,Week1,287.0 Waynewood - 115.0 Kings Ridge
Woodley,Week1,Hamlet,Week5,353.0 Hamlet - 49.0 Woodley
Woodley,Week3,Lakeview,Week1,230.0 Woodley - 172.0 Lakeview
Woodley,Week3,Cardinal Hill,Week4,324.0 Cardinal Hill - 78.0 Woodley
Waynewood,Week3,Rolling Forest,Week2,287.0 Waynewood - 115.0 Rolling Forest
Woodley,Week3,Hamlet,Week4,350.0 Hamlet - 52.0 Woodley
Woodley,Week4,Cardinal Hill,Week1,324.0 Cardinal Hill - 78.0 Woodley
Woodley,Week5,Lakevale Estates,Week1,327.0 Lakevale Estates - 70.0 Woodley
Waynewood,Week2,Kings Ridge ,Week4,296.0 Waynewood - 106.0 Kings Ridge
Woodley,Week5,Lakevale Estates,Week5,334.0 Lakevale Estates - 68.0 Woodley
Waynewood,Week3,Kings Ridge ,Week1,322.0 Waynewood - 80.0 Kings Ridge
Waynewood,Week1,Fox Mill Woods,Week3,217.5 Fox Mill Woods - 184.5 Waynewood
Waynewood,Week4,Rolling Hills,Week3,278.0 Waynewood - 124.0 Rolling Hills
Waynewood,Week1,Fox Mill Woods,Week2,223.0 Fox Mill Woods - 179.0 Waynewood
Woodley,Week5,Cardinal Hill,Week5,305.5 Cardinal Hill - 95.5 Woodley
Woodley,Week3,Lakevale Estates,Week1,341.0 Lakevale Estates - 61.0 Woodley
Waynewood,Week2,Fox Mill Woods,Week4,211.0 Fox Mill Woods - 191.0 Waynewood
Woodley,Week3,Lakevale Estates,Week2,337.0 Lakevale Estates - 65.0 Woodley
Waynewood,Week1,Fox Mill Woods,Week5,220.0 Fox Mill Woods - 182.0 Waynewood
Waynewood,Week3,Fox Mill Woods,Week3,218.5 Waynewood - 183.5 Fox Mill Woods
Woodley,Week2,Hamlet,Week1,339.0 Hamlet - 62.0 Woodley
Woodley,Week3,Cardinal Hill,Week2,316.0 Cardinal Hill - 86.0 Woodley
Waynewood,Week2,Rolling Forest,Week3,245.0 Waynewood - 157.0 Rolling Forest
Waynewood,Week2,Fox Mill Woods,Week1,214.0 Fox Mill Woods - 188.0 Waynewood
Woodley,Week2,Hamlet,Week2,355.0 Hamlet - 47.0 Woodley
Waynewood,Week1,Kings Ridge ,Week2,303.5 Waynewood - 98.5 Kings Ridge
Woodley,Week4,Greenbriar,Week3,300.0 Greenbriar - 102.0 Woodley
Woodley,Week5,Hamlet,Week1,334.0 Hamlet - 67.0 Woodley
Waynewood,Week4,Fox Mill Woods,Week1,224.0 Fox Mill Woods - 178.0 Waynewood
Waynewood,Week3,Fox Mill Woods,Week5,209.0 Waynewood - 193.0 Fox Mill Woods
Woodley,Week3,Hayfield Farm,Week3,297.0 Hayfield Farm - 105.0 Woodley
Waynewood,Week1,Rolling Hills,Week3,259.3 Waynewood - 142.7 Rolling Hills
Woodley,Week1,Lakeview,Week1,231.0 Woodley - 171.0 Lakeview
Waynewood,Week4,Fox Mill Woods,Week3,211.0 Fox Mill Woods - 191.0 Waynewood
Woodley,Week4,Chesterbrook,Week4,378.0 Chesterbrook - 24.0 Woodley
Woodley,Week1,Hayfield Farm,Week1,278.0 Hayfield Farm - 124.0 Woodley
Woodley,Week2,Lakeview,Week2,217.0 Woodley - 185.0 Lakeview
Waynewood,Week2,Rolling Hills,Week4,291.0 Waynewood - 111.0 Rolling Hills
Waynewood,Week1,Kings Ridge ,Week3,295.0 Waynewood - 107.0 Kings Ridge
Waynewood,Week1,Rolling Hills,Week2,242.0 Waynewood - 160.0 Rolling Hills
Waynewood,Week2,Rolling Hills,Week2,275.0 Waynewood - 127.0 Rolling Hills
Woodley,Week4,Chesterbrook,Week2,376.0 Chesterbrook - 26.0 Woodley
Waynewood,Week5,Kings Ridge ,Week4,321.0 Waynewood - 81.0 Kings Ridge
Woodley,Week4,Hamlet,Week5,363.0 Hamlet - 39.0 Woodley
Waynewood,Week2,Kings Ridge ,Week1,317.0 Waynewood - 85.0 Kings Ridge
Woodley,Week1,Hayfield Farm,Week4,294.0 Hayfield Farm - 108.0 Woodley
Woodley,Week2,Lakeview,Week3,203.0 Woodley - 199.0 Lakeview
Woodley,Week5,Chesterbrook,Week1,362.0 Chesterbrook - 40.0 Woodley
Woodley,Week4,Hamlet,Week3,345.0 Hamlet - 57.0 Woodley
Woodley,Week3,Chesterbrook,Week2,385.0 Chesterbrook - 17.0 Woodley
Woodley,Week5,Lakevale Estates,Week3,319.0 Lakevale Estates - 78.0 Woodley
Woodley,Week5,Chesterbrook,Week3,380.0 Chesterbrook - 22.0 Woodley
Woodley,Week4,Lakeview,Week3,206.0 Lakeview - 196.0 Woodley
Waynewood,Week4,Fox Mill Woods,Week2,218.0 Fox Mill Woods - 184.0 Waynewood
Waynewood,Week4,Kings Ridge ,Week5,303.0 Waynewood - 99.0 Kings Ridge
Waynewood,Week4,Fox Mill Woods,Week4,209.0 Fox Mill Woods - 193.0 Waynewood
Waynewood,Week2,Rolling Hills,Week3,277.5 Waynewood - 124.5 Rolling Hills
Waynewood,Week3,Kings Ridge ,Week2,321.0 Waynewood - 81.0 Kings Ridge
Woodley,Week1,Hayfield Farm,Week3,291.0 Hayfield Farm - 111.0 Woodley
Waynewood,Week2,Great Falls,Week5,236.0 Waynewood - 166.0 Great Falls
Waynewood,Week5,Kings Ridge ,Week5,315.0 Waynewood - 87.0 Kings Ridge
Woodley,Week2,Hayfield Farm,Week1,273.0 Hayfield Farm - 129.0 Woodley
Waynewood,Week1,Lake Braddock,Week2,312.0 Waynewood - 90.0 Lake Braddock
Waynewood,Week1,Lake Braddock,Week3,308.0 Waynewood - 94.0 Lake Braddock
Waynewood,Week5,Fox Mill Woods,Week3,225.0 Waynewood - 177.0 Fox Mill Woods
Waynewood,Week1,Rolling Hills,Week5,256.0 Waynewood - 146.0 Rolling Hills
Waynewood,Week5,Rolling Forest,Week1,276.0 Waynewood - 126.0 Rolling Forest
Waynewood,Week1,Lake Braddock,Week1,327.0 Waynewood - 75.0 Lake Braddock
Waynewood,Week1,Great Falls,Week3,226.0 Waynewood - 176.0 Great Falls
Waynewood,Week4,Rolling Forest,Week3,241.5 Waynewood - 160.5 Rolling Forest
Woodley,Week1,Chesterbrook,Week3,385.0 Chesterbrook - 17.0 Woodley
Woodley,Week4,Cardinal Hill,Week2,307.0 Cardinal Hill - 95.0 Woodley
Woodley,Week3,Lakevale Estates,Week4,348.0 Lakevale Estates - 54.0 Woodley
Woodley,Week5,Hamlet,Week2,346.0 Hamlet - 56.0 Woodley
Woodley,Week4,Cardinal Hill,Week4,316.0 Cardinal Hill - 86.0 Woodley
Waynewood,Week5,Fox Mill Woods,Week1,211.5 Waynewood - 190.5 Fox Mill Woods
Waynewood,Week2,Bren Mar-Edsall Park,Week5,367.0 Waynewood - 35.0 Bren Mar-Edsall Park
Woodley,Week2,Lakevale Estates,Week4,347.0 Lakevale Estates - 55.0 Woodley
Waynewood,Week3,Rolling Hills,Week1,293.0 Waynewood - 109.0 Rolling Hills
Woodley,Week2,Lakevale Estates,Week3,336.0 Lakevale Estates - 66.0 Woodley
Woodley,Week2,Hayfield Farm,Week2,289.0 Hayfield Farm - 113.0 Woodley
Woodley,Week4,Cardinal Hill,Week3,335.0 Cardinal Hill - 67.0 Woodley
Waynewood,Week4,Bren Mar-Edsall Park,Week3,372.0 Waynewood - 30.0 Bren Mar-Edsall Park
Woodley,Week5,Cardinal Hill,Week1,316.0 Cardinal Hill - 86.0 Woodley
Woodley,Week3,Lakevale Estates,Week5,342.0 Lakevale Estates - 60.0 Woodley
Woodley,Week5,Hamlet,Week4,329.0 Hamlet - 73.0 Woodley
Woodley,Week2,Lakevale Estates,Week5,340.0 Lakevale Estates - 62.0 Woodley
Waynewood,Week5,Fox Mill Woods,Week2,223.0 Waynewood - 179.0 Fox Mill Woods
Waynewood,Week3,Rolling Hills,Week4,293.0 Waynewood - 109.0 Rolling Hills
Waynewood,Week3,Kings Ridge ,Week4,305.0 Waynewood - 97.0 Kings Ridge
Woodley,Week1,Hayfield Farm,Week5,274.0 Hayfield Farm - 128.0 Woodley
Woodley,Week5,Lakevale Estates,Week4,337.0 Lakevale Estates - 65.0 Woodley
Waynewood,Week3,Great Falls,Week3,259.0 Waynewood - 143.0 Great Falls
Waynewood,Week5,Bren Mar-Edsall Park,Week1,385.0 Waynewood - 17.0 Bren Mar-Edsall Park
Woodley,Week4,Lakevale Estates,Week2,340.0 Lakevale Estates - 62.0 Woodley
Woodley,Week2,Chesterbrook,Week1,366.0 Chesterbrook - 36.0 Woodley
Woodley,Week2,Hayfield Farm,Week3,293.0 Hayfield Farm - 109.0 Woodley
Waynewood,Week2,Lakevale Estates,Week5,251.0 Lakevale Estates - 151.0 Waynewood
Woodley,Week4,Lakevale Estates,Week3,331.0 Lakevale Estates - 71.0 Woodley
Waynewood,Week4,Lake Braddock,Week2,323.0 Waynewood - 79.0 Lake Braddock
Waynewood,Week3,Rolling Hills,Week3,298.0 Waynewood - 104.0 Rolling Hills
Waynewood,Week4,Rolling Forest,Week1,256.0 Waynewood - 146.0 Rolling Forest
Woodley,Week4,Hayfield Farm,Week5,286.0 Hayfield Farm - 116.0 Woodley
Woodley,Week2,Chesterbrook,Week4,376.0 Chesterbrook - 26.0 Woodley
Woodley,Week1,Chesterbrook,Week1,370.0 Chesterbrook - 32.0 Woodley
Waynewood,Week5,Fox Mill Woods,Week5,218.0 Waynewood - 184.0 Fox Mill Woods
Waynewood,Week5,Rolling Forest,Week2,285.0 Waynewood - 117.0 Rolling Forest
Woodley,Week4,Lakevale Estates,Week5,340.5 Lakevale Estates - 61.5 Woodley
Woodley,Week2,Chesterbrook,Week5,380.0 Chesterbrook - 22.0 Woodley
Waynewood,Week2,Rolling Hills,Week1,288.0 Waynewood - 114.0 Rolling Hills
Waynewood,Week1,Great Falls,Week4,250.0 Waynewood - 152.0 Great Falls
Woodley,Week2,Chesterbrook,Week3,382.0 Chesterbrook - 20.0 Woodley
Waynewood,Week1,Bren Mar-Edsall Park,Week1,375.0 Waynewood - 27.0 Bren Mar-Edsall Park
Waynewood,Week1,Lakevale Estates,Week1,221.0 Lakevale Estates - 181.0 Waynewood
Waynewood,Week3,Great Falls,Week1,288.0 Waynewood - 114.0 Great Falls
Woodley,Week4,Lakevale Estates,Week1,330.5 Lakevale Estates - 71.5 Woodley
Woodley,Week1,Chesterbrook,Week2,377.0 Chesterbrook - 25.0 Woodley
Waynewood,Week1,Bren Mar-Edsall Park,Week2,378.0 Waynewood - 23.0 Bren Mar-Edsall Park
Waynewood,Week1,Rolling Hills,Week1,268.0 Waynewood - 134.0 Rolling Hills
Woodley,Week3,Hayfield Farm,Week5,280.5 Hayfield Farm - 121.5 Woodley
Waynewood,Week3,Bren Mar-Edsall Park,Week4,379.0 Waynewood - 23.0 Bren Mar-Edsall Park
Waynewood,Week4,Great Falls,Week1,263.0 Waynewood - 139.0 Great Falls
Waynewood,Week4,Bren Mar-Edsall Park,Week1,379.0 Waynewood - 23.0 Bren Mar-Edsall Park
Woodley,Week4,Hamlet,Week4,341.0 Hamlet - 61.0 Woodley
Waynewood,Week5,Bren Mar-Edsall Park,Week3,385.0 Waynewood - 17.0 Bren Mar-Edsall Park
Waynewood,Week4,Lake Braddock,Week1,350.0 Waynewood - 52.0 Lake Braddock
Waynewood,Week1,Lake Braddock,Week5,310.0 Waynewood - 92.0 Lake Braddock
Woodley,Week3,Hayfield Farm,Week4,295.0 Hayfield Farm - 107.0 Woodley
Woodley,Week3,Lakevale Estates,Week3,334.0 Lakevale Estates - 68.0 Woodley
Woodley,Week1,Hayfield Farm,Week2,287.0 Hayfield Farm - 115.0 Woodley
Woodley,Week3,Chesterbrook,Week1,374.0 Chesterbrook - 28.0 Woodley
Waynewood,Week2,Lake Braddock,Week5,336.0 Waynewood - 66.0 Lake Braddock
Woodley,Week4,Lakevale Estates,Week4,354.0 Lakevale Estates - 48.0 Woodley
Waynewood,Week5,Rolling Forest,Week4,284.0 Waynewood - 118.0 Rolling Forest
Waynewood,Week1,Rolling Hills,Week4,258.0 Waynewood - 144.0 Rolling Hills
Woodley,Week2,Chesterbrook,Week2,375.0 Chesterbrook - 27.0 Woodley
Waynewood,Week1,Lakevale Estates,Week4,257.0 Lakevale Estates - 145.0 Waynewood
Waynewood,Week5,Brandywine,Week5,225.0 Waynewood - 177.0 Brandywine
Waynewood,Week3,Great Falls,Week5,247.0 Waynewood - 155.0 Great Falls
Woodley,Week3,Chesterbrook,Week4,379.0 Chesterbrook - 23.0 Woodley
Waynewood,Week5,Bren Mar-Edsall Park,Week2,385.0 Waynewood - 17.0 Bren Mar-Edsall Park
Waynewood,Week2,Lake Braddock,Week2,334.0 Waynewood - 68.0 Lake Braddock
Waynewood,Week4,Great Falls,Week4,268.0 Waynewood - 134.0 Great Falls
Waynewood,Week2,Lakevale Estates,Week3,244.0 Lakevale Estates - 158.0 Waynewood
Woodley,Week1,Lakeview,Week2,218.0 Woodley - 184.0 Lakeview
Woodley,Week3,Chesterbrook,Week3,387.0 Chesterbrook - 15.0 Woodley
Woodley,Week5,Lakevale Estates,Week2,317.0 Lakevale Estates - 85.0 Woodley
Waynewood,Week3,Rolling Forest,Week5,265.0 Waynewood - 137.0 Rolling Forest
Waynewood,Week4,Great Falls,Week2,244.0 Waynewood - 140.0 Great Falls
Waynewood,Week4,Bren Mar-Edsall Park,Week4,375.0 Waynewood - 27.0 Bren Mar-Edsall Park
Woodley,Week5,Hamlet,Week5,358.0 Hamlet - 44.0 Woodley
Waynewood,Week4,Great Falls,Week3,243.0 Waynewood - 159.0 Great Falls
Waynewood,Week4,Rolling Forest,Week5,247.0 Waynewood - 155.0 Rolling Forest
Waynewood,Week5,Brandywine,Week4,258.0 Waynewood - 144.0 Brandywine
Woodley,Week1,Lakeview,Week3,202.0 Lakeview - 200.0 Woodley
Woodley,Week5,Hayfield Farm,Week5,268.0 Hayfield Farm - 134.0 Woodley
Waynewood,Week5,Lake Braddock,Week3,350.0 Waynewood - 52.0 Lake Braddock
Woodley,Week2,Hayfield Farm,Week4,292.0 Hayfield Farm - 110.0 Woodley
Waynewood,Week3,Great Falls,Week4,278.0 Waynewood - 124.0 Great Falls
Woodley,Week2,Lakeview,Week5,209.0 Lakeview - 184.0 Woodley
Woodley,Week2,Hayfield Farm,Week5,288.0 Hayfield Farm - 114.0 Woodley
Waynewood,Week4,Rolling Forest,Week2,252.0 Waynewood - 150.0 Rolling Forest
Waynewood,Week2,Rolling Hills,Week5,281.0 Waynewood - 121.0 Rolling Hills
Woodley,Week5,Hayfield Farm,Week1,265.0 Hayfield Farm - 137.0 Woodley
Waynewood,Week2,Bren Mar-Edsall Park,Week2,381.0 Waynewood - 21.0 Bren Mar-Edsall Park
Waynewood,Week5,Rolling Forest,Week3,267.0 Waynewood - 135.0 Rolling Forest
Waynewood,Week2,Great Falls,Week1,272.0 Waynewood - 130.0 Great Falls
Woodley,Week4,Hamlet,Week2,359.0 Hamlet - 43.0 Woodley
Woodley,Week4,Hamlet,Week1,346.0 Hamlet - 56.0 Woodley
Waynewood,Week5,Lake Braddock,Week4,362.0 Waynewood - 40.0 Lake Braddock
Woodley,Week5,Cardinal Hill,Week4,314.0 Cardinal Hill - 88.0 Woodley
Woodley,Week1,Chesterbrook,Week4,377.0 Chesterbrook - 25.0 Woodley
Waynewood,Week1,Great Falls,Week1,267.0 Waynewood - 134.0 Great Falls
Waynewood,Week1,Great Falls,Week5,222.0 Waynewood - 180.0 Great Falls
Waynewood,Week2,Bren Mar-Edsall Park,Week1,378.0 Waynewood - 24.0 Bren Mar-Edsall Park
Waynewood,Week1,Bren Mar-Edsall Park,Week3,370.0 Waynewood - 32.0 Bren Mar-Edsall Park
Waynewood,Week5,Rolling Forest,Week5,266.0 Waynewood - 136.0 Rolling Forest
Woodley,Week4,Hayfield Farm,Week1,270.0 Hayfield Farm - 132.0 Woodley
Waynewood,Week1,Great Falls,Week2,236.0 Waynewood - 148.0 Great Falls
Woodley,Week2,Lakeview,Week1,208.0 Woodley - 194.0 Lakeview
Woodley,Week1,Lakeview,Week4,224.0 Lakeview - 178.0 Woodley
Waynewood,Week3,Lake Braddock,Week2,331.0 Waynewood - 71.0 Lake Braddock
Waynewood,Week4,Lake Braddock,Week5,322.0 Waynewood - 80.0 Lake Braddock
Waynewood,Week4,Rolling Forest,Week4,253.0 Waynewood - 149.0 Rolling Forest
Waynewood,Week5,Lake Braddock,Week5,341.0 Waynewood - 61.0 Lake Braddock
Woodley,Week2,Lakeview,Week4,223.0 Lakeview - 179.0 Woodley
Woodley,Week3,Chesterbrook,Week5,389.0 Chesterbrook - 13.0 Woodley
Woodley,Week5,Cardinal Hill,Week2,295.0 Cardinal Hill - 107.0 Woodley
Waynewood,Week1,Bren Mar-Edsall Park,Week4,368.0 Waynewood - 33.0 Bren Mar-Edsall Park
Waynewood,Week1,Bren Mar-Edsall Park,Week5,367.0 Waynewood - 35.0 Bren Mar-Edsall Park
Woodley,Week4,Cardinal Hill,Week5,306.0 Cardinal Hill - 96.0 Woodley
Waynewood,Week3,Lake Braddock,Week5,339.0 Waynewood - 63.0 Lake Braddock
Woodley,Week3,Hayfield Farm,Week2,300.0 Hayfield Farm - 102.0 Woodley
Waynewood,Week2,Bren Mar-Edsall Park,Week3,376.0 Waynewood - 26.0 Bren Mar-Edsall Park
Waynewood,Week4,Rolling Hills,Week1,273.0 Waynewood - 129.0 Rolling Hills
Woodley,Week4,Chesterbrook,Week5,385.0 Chesterbrook - 17.0 Woodley
Waynewood,Week4,Bren Mar-Edsall Park,Week2,378.0 Waynewood - 24.0 Bren Mar-Edsall Park
Woodley,Week4,Chesterbrook,Week1,364.0 Chesterbrook - 33.0 Woodley
Woodley,Week3,Lakeview,Week4,221.0 Lakeview - 181.0 Woodley
Waynewood,Week4,Rolling Hills,Week4,285.0 Waynewood - 116.0 Rolling Hills
Woodley,Week1,Chesterbrook,Week5,383.0 Chesterbrook - 19.0 Woodley
Waynewood,Week3,Bren Mar-Edsall Park,Week2,383.0 Waynewood - 19.0 Bren Mar-Edsall Park
Woodley,Week3,Lakeview,Week5,206.0 Lakeview - 187.0 Woodley
Waynewood,Week2,Lake Braddock,Week4,337.0 Waynewood - 65.0 Lake Braddock
Waynewood,Week2,Great Falls,Week2,238.0 Waynewood - 146.0 Great Falls
Woodley,Week4,Hayfield Farm,Week4,287.0 Hayfield Farm - 115.0 Woodley
Waynewood,Week2,Great Falls,Week3,243.0 Waynewood - 159.0 Great Falls
Woodley,Week5,Hamlet,Week3,339.0 Hamlet - 63.0 Woodley
Waynewood,Week5,Rolling Hills,Week1,300.0 Waynewood - 102.0 Rolling Hills
Waynewood,Week5,Great Falls,Week1,288.0 Waynewood - 114.0 Great Falls
Waynewood,Week4,Rolling Hills,Week5,281.0 Waynewood - 121.0 Rolling Hills
Woodley,Week4,Lakeview,Week1,227.0 Woodley - 175.0 Lakeview
Waynewood,Week3,Lake Braddock,Week4,349.0 Waynewood - 53.0 Lake Braddock
Woodley,Week3,Lakeview,Week3,208.0 Woodley - 194.0 Lakeview
Woodley,Week5,Cardinal Hill,Week3,329.0 Cardinal Hill - 73.0 Woodley
Waynewood,Week3,Great Falls,Week2,272.0 Waynewood - 112.0 Great Falls
Waynewood,Week1,Lakevale Estates,Week2,246.0 Lakevale Estates - 156.0 Waynewood
Woodley,Week3,Hayfield Farm,Week1,282.0 Hayfield Farm - 120.0 Woodley
Waynewood,Week2,Lakevale Estates,Week2,237.0 Lakevale Estates - 165.0 Waynewood
Woodley,Week4,Lakeview,Week2,204.0 Woodley - 198.0 Lakeview
Waynewood,Week4,Rolling Hills,Week2,265.5 Waynewood - 136.5 Rolling Hills
Woodley,Week4,Hayfield Farm,Week2,288.0 Hayfield Farm - 114.0 Woodley
Waynewood,Week2,Bren Mar-Edsall Park,Week4,377.0 Waynewood - 25.0 Bren Mar-Edsall Park
Waynewood,Week3,Lake Braddock,Week1,363.0 Waynewood - 39.0 Lake Braddock
Woodley,Week4,Chesterbrook,Week3,381.0 Chesterbrook - 21.0 Woodley
Waynewood,Week5,Bren Mar-Edsall Park,Week4,380.0 Waynewood - 22.0 Bren Mar-Edsall Park
Woodley,Week3,Lakeview,Week2,218.0 Woodley - 184.0 Lakeview
Waynewood,Week4,Great Falls,Week5,238.0 Waynewood - 164.0 Great Falls
Waynewood,Week5,Greenbriar,Week3,250.0 Waynewood - 152.0 Greenbriar
Woodley,Week5,Hayfield Farm,Week3,280.0 Hayfield Farm - 122.0 Woodley
Woodley,Week4,Hayfield Farm,Week3,293.0 Hayfield Farm - 109.0 Woodley
Waynewood,Week2,Lake Braddock,Week1,350.0 Waynewood - 52.0 Lake Braddock
Woodley,Week5,Hayfield Farm,Week4,270.0 Hayfield Farm - 132.0 Woodley
Waynewood,Week4,Lake Braddock,Week4,330.0 Waynewood - 72.0 Lake Braddock
Waynewood,Week2,Rolling Valley,Week2,332.0 Waynewood - 70.0 Rolling Valley
Waynewood,Week2,Lakevale Estates,Week1,221.0 Lakevale Estates - 181.0 Waynewood
Waynewood,Week3,Bren Mar-Edsall Park,Week3,381.0 Waynewood - 21.0 Bren Mar-Edsall Park
Waynewood,Week4,Annandale,Week4,323.0 Waynewood - 79.0 Annandale
Waynewood,Week3,Rolling Valley,Week3,341.0 Waynewood - 61.0 Rolling Valley
Waynewood,Week3,Rolling Valley,Week5,341.0 Waynewood - 61.0 Rolling Valley
Waynewood,Week3,Greenbriar,Week4,269.0 Waynewood - 133.0 Greenbriar
Woodley,Week5,Langley,Week1,317.0 Langley - 85.0 Woodley
Waynewood,Week5,Rolling Hills,Week2,290.0 Waynewood - 112.0 Rolling Hills
Waynewood,Week3,Bren Mar-Edsall Park,Week1,384.0 Waynewood - 18.0 Bren Mar-Edsall Park
Woodley,Week1,Commonwealth,Week2,244.0 Commonwealth - 158.0 Woodley
Woodley,Week5,Lakeview,Week1,232.0 Woodley - 170.0 Lakeview
Woodley,Week1,Commonwealth,Week1,205.0 Commonwealth - 196.0 Woodley
Waynewood,Week4,Bren Mar-Edsall Park,Week5,371.5 Waynewood - 30.5 Bren Mar-Edsall Park
Woodley,Week2,Langley,Week3,327.0 Langley - 75.0 Woodley
Waynewood,Week2,Great Falls,Week4,264.0 Waynewood - 138.0 Great Falls
Waynewood,Week5,Rolling Hills,Week3,294.0 Waynewood - 108.0 Rolling Hills
Waynewood,Week3,Bren Mar-Edsall Park,Week5,375.0 Waynewood - 27.0 Bren Mar-Edsall Park
Woodley,Week1,Langley,Week3,330.0 Langley - 72.0 Woodley
Woodley,Week5,Chesterbrook,Week4,376.0 Chesterbrook - 26.0 Woodley
Woodley,Week5,Hayfield Farm,Week2,278.0 Hayfield Farm - 124.0 Woodley
Woodley,Week5,Chesterbrook,Week2,369.5 Chesterbrook - 32.5 Woodley
Waynewood,Week5,Greenbriar,Week2,242.0 Waynewood - 160.0 Greenbriar
Waynewood,Week5,Lake Braddock,Week2,341.0 Waynewood - 61.0 Lake Braddock
Woodley,Week1,Herndon,Week2,250.0 Woodley - 152.0 Herndon
Waynewood,Week2,Lake Braddock,Week3,330.0 Waynewood - 72.0 Lake Braddock
Woodley,Week3,Langley,Week1,328.0 Langley - 74.0 Woodley
Waynewood,Week2,Rolling Valley,Week1,346.0 Waynewood - 56.0 Rolling Valley
Waynewood,Week5,Lake Braddock,Week1,359.0 Waynewood - 43.0 Lake Braddock
Waynewood,Week2,Greenbriar,Week5,229.0 Waynewood - 173.0 Greenbriar
Woodley,Week1,Herndon,Week1,255.0 Woodley - 147.0 Herndon
Woodley,Week2,Commonwealth,Week3,252.0 Commonwealth - 150.0 Woodley
Woodley,Week2,Commonwealth,Week5,231.0 Commonwealth - 171.0 Woodley
Waynewood,Week1,Rutherford,Week2,285.0 Waynewood - 117.0 Rutherford
Waynewood,Week1,Greenbriar,Week4,227.0 Waynewood - 175.0 Greenbriar
Waynewood,Week4,Lake Braddock,Week3,327.0 Waynewood - 75.0 Lake Braddock
Woodley,Week1,Hiddenbrook,Week5,262.0 Hiddenbrook - 140.0 Woodley
Woodley,Week2,Commonwealth,Week2,257.0 Commonwealth - 145.0 Woodley
Waynewood,Week2,Rolling Valley,Week3,324.0 Waynewood - 78.0 Rolling Valley
Woodley,Week5,Herndon,Week4,262.0 Woodley - 140.0 Herndon
Woodley,Week5,Herndon,Week1,249.0 Woodley - 152.0 Herndon
Waynewood,Week1,Greenbriar,Week5,219.0 Waynewood - 183.0 Greenbriar
Waynewood,Week5,Rolling Valley,Week4,345.0 Waynewood - 57.0 Rolling Valley
Woodley,Week5,Lakeview,Week2,232.0 Woodley - 170.0 Lakeview
Woodley,Week1,Commonwealth,Week5,231.0 Commonwealth - 171.0 Woodley
Waynewood,Week3,Greenbriar,Week1,271.0 Waynewood - 131.0 Greenbriar
Waynewood,Week3,Lake Braddock,Week3,331.0 Waynewood - 71.0 Lake Braddock
Waynewood,Week1,Lakevale Estates,Week5,255.0 Lakevale Estates - 147.0 Waynewood
Woodley,Week2,Langley,Week5,314.0 Langley - 88.0 Woodley
Waynewood,Week2,Greenbriar,Week4,250.0 Waynewood - 152.0 Greenbriar
Woodley,Week3,Langley,Week4,329.0 Langley - 73.0 Woodley
Woodley,Week1,Hiddenbrook,Week2,206.0 Woodley - 195.0 Hiddenbrook
Woodley,Week2,Commonwealth,Week4,233.0 Commonwealth - 169.0 Woodley
Waynewood,Week3,Greenbriar,Week3,256.0 Waynewood - 146.0 Greenbriar
Woodley,Week3,Langley,Week3,329.0 Langley - 73.0 Woodley
Waynewood,Week4,Rolling Valley,Week2,327.0 Waynewood - 75.0 Rolling Valley
Woodley,Week3,Commonwealth,Week2,247.0 Commonwealth - 154.0 Woodley
Waynewood,Week1,Lakevale Estates,Week3,242.0 Lakevale Estates - 160.0 Waynewood
Waynewood,Week4,Greenbriar,Week1,228.0 Waynewood - 174.0 Greenbriar
Woodley,Week2,Hiddenbrook,Week4,240.0 Hiddenbrook - 162.0 Woodley
Woodley,Week2,Herndon,Week5,248.0 Woodley - 154.0 Herndon
Waynewood,Week4,Annandale,Week5,308.0 Waynewood - 94.0 Annandale
Waynewood,Week2,Lakeview,Week1,343.0 Waynewood - 59.0 Lakeview
Waynewood,Week1,Rutherford,Week5,277.0 Waynewood - 125.0 Rutherford
Woodley,Week4,Lakeview,Week4,222.0 Lakeview - 180.0 Woodley
Woodley,Week4,Langley,Week1,326.0 Langley - 76.0 Woodley
Waynewood,Week2,Greenbriar,Week3,237.0 Waynewood - 165.0 Greenbriar
Woodley,Week3,Commonwealth,Week1,207.0 Commonwealth - 194.0 Woodley
Waynewood,Week4,Rolling Valley,Week1,339.0 Waynewood - 63.0 Rolling Valley
Woodley,Week2,Langley,Week4,319.0 Langley - 83.0 Woodley
Waynewood,Week2,Rutherford,Week3,294.0 Waynewood - 108.0 Rutherford
Woodley,Week4,Lakeview,Week5,204.0 Lakeview - 189.0 Woodley
Waynewood,Week3,Rutherford,Week1,324.0 Waynewood - 78.0 Rutherford
Waynewood,Week2,Greenbriar,Week2,217.0 Waynewood - 185.0 Greenbriar
Waynewood,Week2,Lakevale Estates,Week4,259.0 Lakevale Estates - 143.0 Waynewood
Woodley,Week5,Chesterbrook,Week5,378.0 Chesterbrook - 24.0 Woodley
Waynewood,Week3,Lakevale Estates,Week1,206.0 Waynewood - 196.0 Lakevale Estates
Woodley,Week3,Hiddenbrook,Week2,201.0 Woodley - 200.0 Hiddenbrook
Woodley,Week1,Langley,Week2,324.0 Langley - 78.0 Woodley
Waynewood,Week4,Rolling Valley,Week4,320.0 Waynewood - 82.0 Rolling Valley
Waynewood,Week5,Greenbriar,Week1,259.0 Waynewood - 143.0 Greenbriar
Woodley,Week3,Herndon,Week1,251.0 Woodley - 151.0 Herndon
Woodley,Week1,Commonwealth,Week3,240.0 Commonwealth - 162.0 Woodley
Waynewood,Week3,Lakeview,Week3,345.0 Waynewood - 57.0 Lakeview
Woodley,Week1,Commonwealth,Week4,216.0 Commonwealth - 186.0 Woodley
Waynewood,Week3,Greenbriar,Week5,248.0 Waynewood - 154.0 Greenbriar
Woodley,Week1,Herndon,Week3,255.0 Woodley - 147.0 Herndon
Waynewood,Week1,Rolling Valley,Week5,312.0 Waynewood - 90.0 Rolling Valley
Waynewood,Week3,Lakeview,Week1,348.0 Waynewood - 54.0 Lakeview
Woodley,Week5,Lakeview,Week4,222.0 Lakeview - 180.0 Woodley
Waynewood,Week5,Great Falls,Week3,262.0 Waynewood - 140.0 Great Falls
Woodley,Week2,Commonwealth,Week1,206.5 Commonwealth - 195.5 Woodley
Woodley,Week3,Commonwealth,Week3,245.0 Commonwealth - 157.0 Woodley
Woodley,Week2,Herndon,Week1,243.0 Woodley - 158.0 Herndon
Waynewood,Week1,Rolling Valley,Week3,303.0 Waynewood - 99.0 Rolling Valley
Woodley,Week2,Langley,Week2,315.0 Langley - 87.0 Woodley
Waynewood,Week4,Lakeview,Week2,343.0 Waynewood - 59.0 Lakeview
Waynewood,Week4,Rolling Valley,Week5,322.0 Waynewood - 80.0 Rolling Valley
Woodley,Week3,Herndon,Week2,239.0 Woodley - 163.0 Herndon
Waynewood,Week2,Rolling Valley,Week5,330.0 Waynewood - 72.0 Rolling Valley
Waynewood,Week4,Greenbriar,Week2,207.0 Waynewood - 195.0 Greenbriar
Woodley,Week2,Langley,Week1,334.0 Langley - 68.0 Woodley
Woodley,Week5,Lakeview,Week5,203.0 Woodley - 190.0 Lakeview
Woodley,Week4,Herndon,Week3,245.0 Woodley - 152.0 Herndon
Waynewood,Week2,Lakeview,Week5,324.0 Waynewood - 69.0 Lakeview
Waynewood,Week4,Lakeview,Week3,330.0 Waynewood - 72.0 Lakeview
Waynewood,Week2,Greenbriar,Week1,248.0 Waynewood - 154.0 Greenbriar
Woodley,Week4,Herndon,Week5,246.0 Woodley - 156.0 Herndon
Waynewood,Week3,Rolling Valley,Week1,366.0 Waynewood - 36.0 Rolling Valley
Waynewood,Week5,Lakevale Estates,Week2,202.0 Waynewood - 200.0 Lakevale Estates
Woodley,Week1,Langley,Week1,333.5 Langley - 68.5 Woodley
Waynewood,Week5,Lakevale Estates,Week3,221.0 Lakevale Estates - 181.0 Waynewood
Waynewood,Week5,Great Falls,Week4,275.0 Waynewood - 127.0 Great Falls
Waynewood,Week1,Greenbriar,Week3,204.0 Waynewood - 198.0 Greenbriar
Waynewood,Week5,Great Falls,Week2,270.0 Waynewood - 114.0 Great Falls
Woodley,Week3,Commonwealth,Week4,234.5 Commonwealth - 167.5 Woodley
Woodley,Week1,Langley,Week5,324.0 Langley - 77.0 Woodley
Woodley,Week2,Herndon,Week3,248.0 Woodley - 153.0 Herndon
Waynewood,Week4,Greenbriar,Week3,218.0 Waynewood - 184.0 Greenbriar
Waynewood,Week3,Lakevale Estates,Week2,224.0 Lakevale Estates - 178.0 Waynewood
Woodley,Week2,Herndon,Week2,236.0 Woodley - 166.0 Herndon
Woodley,Week3,Langley,Week2,323.0 Langley - 79.0 Woodley
Waynewood,Week1,Rolling Valley,Week1,332.0 Waynewood - 70.0 Rolling Valley
Waynewood,Week5,Rolling Hills,Week5,303.0 Waynewood - 99.0 Rolling Hills
Woodley,Week1,Herndon,Week5,254.0 Woodley - 148.0 Herndon
Waynewood,Week3,Rolling Valley,Week2,341.0 Waynewood - 61.0 Rolling Valley
Woodley,Week3,Herndon,Week5,255.0 Woodley - 147.0 Herndon
Woodley,Week3,Herndon,Week3,253.0 Woodley - 149.0 Herndon
Waynewood,Week4,Lakevale Estates,Week4,263.0 Lakevale Estates - 139.0 Waynewood
Waynewood,Week4,Lakevale Estates,Week3,241.0 Lakevale Estates - 161.0 Waynewood
Waynewood,Week5,Rolling Valley,Week2,343.0 Waynewood - 59.0 Rolling Valley
Waynewood,Week4,Lakevale Estates,Week5,253.0 Lakevale Estates - 149.0 Waynewood
Waynewood,Week5,Rolling Valley,Week1,369.0 Waynewood - 33.0 Rolling Valley
Woodley,Week1,Herndon,Week4,248.0 Woodley - 154.0 Herndon
Waynewood,Week1,Rolling Valley,Week4,311.0 Waynewood - 91.0 Rolling Valley
Waynewood,Week5,Rolling Hills,Week4,299.0 Waynewood - 102.0 Rolling Hills
Woodley,Week5,Lakeview,Week3,207.0 Woodley - 195.0 Lakeview
Waynewood,Week5,Lakevale Estates,Week1,207.0 Waynewood - 195.0 Lakevale Estates
Woodley,Week4,Langley,Week2,315.0 Langley - 87.0 Woodley
Waynewood,Week2,Lakeview,Week3,333.0 Waynewood - 69.0 Lakeview
Waynewood,Week1,Greenbriar,Week1,211.0 Waynewood - 191.0 Greenbriar
Waynewood,Week4,Greenbriar,Week5,227.0 Waynewood - 175.0 Greenbriar
Waynewood,Week1,Greenbriar,Week2,207.0 Greenbriar - 195.0 Waynewood
Waynewood,Week5,Great Falls,Week5,254.0 Waynewood - 148.0 Great Falls
Woodley,Week1,Langley,Week4,335.0 Langley - 67.0 Woodley
Waynewood,Week4,Greenbriar,Week4,245.0 Waynewood - 157.0 Greenbriar
Woodley,Week3,Langley,Week5,322.5 Langley - 79.5 Woodley
Woodley,Week3,Herndon,Week4,253.0 Woodley - 149.0 Herndon
Waynewood,Week3,Greenbriar,Week2,234.0 Waynewood - 168.0 Greenbriar
Waynewood,Week5,Woodley,Week2,339.0 Waynewood - 63.0 Woodley
Woodley,Week4,Langley,Week3,328.0 Langley - 74.0 Woodley
Waynewood,Week5,Lakevale Estates,Week5,237.0 Lakevale Estates - 165.0 Waynewood
Waynewood,Week3,Woodley,Week1,341.0 Waynewood - 61.0 Woodley
Waynewood,Week5,Rolling Valley,Week3,347.0 Waynewood - 55.0 Rolling Valley
Woodley,Week4,Herndon,Week2,231.0 Woodley - 171.0 Herndon
Woodley,Week4,Langley,Week4,331.0 Langley - 71.0 Woodley
Woodley,Week5,Herndon,Week5,246.0 Woodley - 156.0 Herndon
Waynewood,Week2,Rolling Valley,Week4,330.0 Waynewood - 72.0 Rolling Valley
Waynewood,Week2,Hamlet,Week2,254.5 Hamlet - 147.5 Waynewood
Waynewood,Week4,Rolling Valley,Week3,319.0 Waynewood - 83.0 Rolling Valley
Woodley,Week5,Herndon,Week2,246.0 Woodley - 156.0 Herndon
Woodley,Week2,Annandale,Week2,204.0 Annandale - 198.0 Woodley
Waynewood,Week1,Lakeview,Week2,328.0 Waynewood - 74.0 Lakeview
Woodley,Week4,Langley,Week5,318.0 Langley - 84.0 Woodley
Woodley,Week4,Herndon,Week4,252.0 Woodley - 150.0 Herndon
Woodley,Week1,Annandale,Week5,215.0 Annandale - 187.0 Woodley
Woodley,Week1,Hiddenbrook,Week1,237.0 Hiddenbrook - 165.0 Woodley
Waynewood,Week4,Lakevale Estates,Week2,229.0 Lakevale Estates - 173.0 Waynewood
Woodley,Week3,Annandale,Week5,209.0 Annandale - 193.0 Woodley
Woodley,Week1,Lee Graham,Week2,339.0 Lee Graham - 63.0 Woodley
Waynewood,Week3,Woodley,Week2,334.0 Waynewood - 68.0 Woodley
Waynewood,Week1,Hamlet,Week3,258.0 Hamlet - 144.0 Waynewood
Waynewood,Week1,Hamlet,Week4,241.0 Hamlet - 161.0 Waynewood
Waynewood,Week1,Hamlet,Week5,261.0 Hamlet - 141.0 Waynewood
Waynewood,Week1,Lakeview,Week1,327.0 Waynewood - 75.0 Lakeview
Woodley,Week1,Laurel Hill,Week5,222.0 Laurel Hill - 179.0 Woodley
Woodley,Week2,Annandale,Week4,205.0 Annandale - 197.0 Woodley
Woodley,Week5,Laurel Hill,Week5,213.0 Laurel Hill - 184.0 Woodley
Waynewood,Week4,Lakevale Estates,Week1,212.0 Lakevale Estates - 190.0 Waynewood
Waynewood,Week5,Woodley,Week3,348.0 Waynewood - 54.0 Woodley
Waynewood,Week1,Lakeview,Week4,292.0 Waynewood - 110.0 Lakeview
Woodley,Week4,Laurel Hill,Week5,221.0 Laurel Hill - 181.0 Woodley
Waynewood,Week5,Rolling Valley,Week5,346.0 Waynewood - 56.0 Rolling Valley
Woodley,Week5,Laurel Hill,Week3,206.0 Laurel Hill - 196.0 Woodley
Waynewood,Week1,Rutherford,Week1,287.0 Waynewood - 115.0 Rutherford
Woodley,Week2,Herndon,Week4,247.0 Woodley - 155.0 Herndon
Woodley,Week5,Herndon,Week3,261.0 Woodley - 140.0 Herndon
Waynewood,Week1,Rolling Valley,Week2,308.0 Waynewood - 94.0 Rolling Valley
Woodley,Week4,Herndon,Week1,248.0 Woodley - 153.0 Herndon
Waynewood,Week1,Lakeview,Week3,310.0 Waynewood - 92.0 Lakeview
Waynewood,Week2,Hamlet,Week1,243.0 Hamlet - 159.0 Waynewood
Waynewood,Week3,Rolling Valley,Week4,334.0 Waynewood - 68.0 Rolling Valley
Waynewood,Week1,Hamlet,Week1,247.0 Hamlet - 155.0 Waynewood
Woodley,Week1,Annandale,Week3,236.0 Annandale - 166.0 Woodley
Woodley,Week5,Laurel Hill,Week1,214.0 Woodley - 187.0 Laurel Hill
Woodley,Week3,Annandale,Week4,204.0 Annandale - 198.0 Woodley
Woodley,Week5,Annandale,Week4,207.0 Woodley - 195.0 Annandale
Woodley,Week2,Annandale,Week1,209.0 Woodley - 193.0 Annandale
Woodley,Week1,Hiddenbrook,Week3,249.0 Hiddenbrook - 153.0 Woodley
Waynewood,Week3,Hamlet,Week1,222.0 Hamlet - 180.0 Waynewood
Waynewood,Week2,Rutherford,Week1,311.0 Waynewood - 91.0 Rutherford
Woodley,Week1,Laurel Hill,Week4,211.0 Woodley - 190.0 Laurel Hill
Waynewood,Week3,Lakevale Estates,Week3,215.0 Lakevale Estates - 187.0 Waynewood
Woodley,Week2,Hiddenbrook,Week2,214.0 Woodley - 188.0 Hiddenbrook
Waynewood,Week3,Lakevale Estates,Week4,229.0 Lakevale Estates - 173.0 Waynewood
Waynewood,Week3,Lakevale Estates,Week5,235.0 Lakevale Estates - 167.0 Waynewood
Woodley,Week1,Hiddenbrook,Week4,253.0 Hiddenbrook - 149.0 Woodley
Waynewood,Week5,Greenbriar,Week4,264.0 Waynewood - 138.0 Greenbriar
Waynewood,Week3,Hamlet,Week2,242.0 Hamlet - 160.0 Waynewood
Waynewood,Week2,Rutherford,Week4,283.0 Waynewood - 119.0 Rutherford
Woodley,Week3,Laurel Hill,Week5,220.0 Laurel Hill - 182.0 Woodley
Waynewood,Week3,Woodley,Week3,338.5 Waynewood - 63.5 Woodley
Waynewood,Week5,Lakevale Estates,Week4,224.0 Lakevale Estates - 178.0 Waynewood
Waynewood,Week2,Rutherford,Week2,301.0 Waynewood - 101.0 Rutherford
Waynewood,Week1,Rutherford,Week4,267.0 Waynewood - 135.0 Rutherford
Woodley,Week2,Laurel Hill,Week5,223.0 Laurel Hill - 179.0 Woodley
Waynewood,Week1,Lakeview,Week5,300.0 Waynewood - 93.0 Lakeview
Waynewood,Week2,Hamlet,Week4,246.0 Hamlet - 156.0 Waynewood
Woodley,Week1,Laurel Hill,Week2,233.0 Woodley - 168.0 Laurel Hill
Waynewood,Week1,Rutherford,Week3,273.0 Waynewood - 129.0 Rutherford
Waynewood,Week5,Woodley,Week1,347.0 Waynewood - 55.0 Woodley
Woodley,Week2,Hiddenbrook,Week3,249.0 Hiddenbrook - 153.0 Woodley
Woodley,Week2,Hiddenbrook,Week1,222.0 Hiddenbrook - 179.0 Woodley
Waynewood,Week5,Greenbriar,Week5,258.0 Waynewood - 144.0 Greenbriar
Woodley,Week2,Laurel Hill,Week2,227.0 Woodley - 175.0 Laurel Hill
Waynewood,Week2,Lakeview,Week4,313.0 Waynewood - 89.0 Lakeview
Waynewood,Week3,Woodley,Week5,331.0 Waynewood - 71.0 Woodley
Waynewood,Week4,Woodley,Week3,322.0 Waynewood - 80.0 Woodley
Waynewood,Week3,Shouse Village,Week1,265.0 Waynewood - 137.0 Shouse Village
Waynewood,Week1,Shouse Village,Week4,213.0 Waynewood - 189.0 Shouse Village
Woodley,Week4,Hiddenbrook,Week3,244.0 Hiddenbrook - 153.0 Woodley
Woodley,Week4,Hiddenbrook,Week5,270.0 Hiddenbrook - 132.0 Woodley
Waynewood,Week3,Lakeview,Week4,326.0 Waynewood - 76.0 Lakeview
Waynewood,Week2,Shouse Village,Week5,227.0 Waynewood - 175.0 Shouse Village
Waynewood,Week3,Hamlet,Week3,232.0 Hamlet - 170.0 Waynewood
Waynewood,Week3,Lakeview,Week5,337.0 Waynewood - 56.0 Lakeview
Waynewood,Week2,Hamlet,Week5,254.0 Hamlet - 148.0 Waynewood
Woodley,Week5,Hiddenbrook,Week5,250.0 Hiddenbrook - 152.0 Woodley
Woodley,Week1,Annandale,Week1,211.0 Woodley - 191.0 Annandale
Waynewood,Week3,Hamlet,Week4,208.0 Hamlet - 194.0 Waynewood
Woodley,Week3,Laurel Hill,Week4,206.0 Woodley - 196.0 Laurel Hill
Waynewood,Week5,Rutherford,Week5,305.0 Waynewood - 97.0 Rutherford
Waynewood,Week2,Rutherford,Week5,286.0 Waynewood - 116.0 Rutherford
Waynewood,Week2,Lakeview,Week2,347.0 Waynewood - 55.0 Lakeview
Waynewood,Week3,Lakeview,Week2,355.0 Waynewood - 47.0 Lakeview
Woodley,Week2,Laurel Hill,Week4,203.0 Laurel Hill - 199.0 Woodley
Woodley,Week5,Langley,Week3,313.0 Langley - 89.0 Woodley
Woodley,Week3,Hiddenbrook,Week1,240.0 Hiddenbrook - 162.0 Woodley
Waynewood,Week2,Hamlet,Week3,262.0 Hamlet - 140.0 Waynewood
Woodley,Week1,Laurel Hill,Week1,209.0 Woodley - 191.0 Laurel Hill
Woodley,Week2,Laurel Hill,Week1,202.0 Woodley - 200.0 Laurel Hill
Woodley,Week2,Hiddenbrook,Week5,261.0 Hiddenbrook - 141.0 Woodley
Waynewood,Week4,Woodley,Week5,314.0 Waynewood - 88.0 Woodley
Waynewood,Week4,Lakeview,Week1,335.0 Waynewood - 67.0 Lakeview
Waynewood,Week1,Hamlet,Week2,253.0 Hamlet - 149.0 Waynewood
Woodley,Week2,Annandale,Week3,237.5 Annandale - 164.5 Woodley
Woodley,Week4,Laurel Hill,Week4,205.0 Laurel Hill - 197.0 Woodley
Waynewood,Week3,Holmes Run Acres,Week3,231.0 Waynewood - 171.0 Holmes Run Acres
Woodley,Week4,Hiddenbrook,Week2,207.0 Woodley - 194.0 Hiddenbrook
Woodley,Week4,Laurel Hill,Week2,208.0 Woodley - 189.0 Laurel Hill
Woodley,Week3,Laurel Hill,Week1,220.0 Woodley - 180.0 Laurel Hill
Waynewood,Week4,Woodley,Week4,313.0 Waynewood - 89.0 Woodley
Waynewood,Week4,Woodley,Week1,320.0 Waynewood - 82.0 Woodley
Woodley,Week1,Annandale,Week2,210.0 Annandale - 192.0 Woodley
Woodley,Week3,Annandale,Week2,205.0 Annandale - 197.0 Woodley
Waynewood,Week1,Shouse Village,Week3,206.0 Waynewood - 196.0 Shouse Village
Waynewood,Week4,Lakeview,Week4,315.0 Waynewood - 87.0 Lakeview
Woodley,Week3,Laurel Hill,Week2,221.0 Woodley - 181.0 Laurel Hill
Waynewood,Week5,Woodley,Week5,327.0 Waynewood - 75.0 Woodley
Woodley,Week4,Laurel Hill,Week3,217.0 Laurel Hill - 185.0 Woodley
Woodley,Week1,High Point Pool,Week4,309.0 High Point Pool - 93.0 Woodley
Waynewood,Week1,Hunt Valley,Week2,246.0 Hunt Valley - 156.0 Waynewood
Woodley,Week1,High Point Pool,Week3,315.0 High Point Pool - 87.0 Woodley
Waynewood,Week3,Rutherford,Week3,314.0 Waynewood - 88.0 Rutherford
Waynewood,Week3,Holmes Run Acres,Week4,276.0 Waynewood - 126.0 Holmes Run Acres
Waynewood,Week4,Rutherford,Week5,285.0 Waynewood - 117.0 Rutherford
Waynewood,Week3,Woodley,Week4,334.0 Waynewood - 68.0 Woodley
Woodley,Week3,Annandale,Week1,207.0 Woodley - 195.0 Annandale
Woodley,Week5,Hiddenbrook,Week2,223.0 Woodley - 178.0 Hiddenbrook
Woodley,Week2,Annandale,Week5,214.0 Annandale - 188.0 Woodley
Waynewood,Week1,Shouse Village,Week1,221.0 Waynewood - 181.0 Shouse Village
Woodley,Week5,Langley,Week2,307.0 Langley - 95.0 Woodley
Waynewood,Week2,Shouse Village,Week1,247.0 Waynewood - 155.0 Shouse Village
Waynewood,Week4,Holmes Run Acres,Week3,211.0 Waynewood - 191.0 Holmes Run Acres
Woodley,Week4,Hiddenbrook,Week4,245.0 Hiddenbrook - 157.0 Woodley
Waynewood,Week4,Rutherford,Week4,289.0 Waynewood - 113.0 Rutherford
Woodley,Week1,High Point Pool,Week1,296.0 High Point Pool - 106.0 Woodley
Waynewood,Week5,Rutherford,Week4,310.0 Waynewood - 92.0 Rutherford
Woodley,Week5,Langley,Week4,315.0 Langley - 87.0 Woodley
Woodley,Week3,Hiddenbrook,Week5,278.0 Hiddenbrook - 124.0 Woodley
Waynewood,Week2,Hunt Valley,Week2,230.0 Hunt Valley - 172.0 Waynewood
Waynewood,Week2,Holmes Run Acres,Week1,266.0 Waynewood - 136.0 Holmes Run Acres
Waynewood,Week3,Shouse Village,Week2,283.0 Waynewood - 119.0 Shouse Village
Woodley,Week4,Hiddenbrook,Week1,223.0 Hiddenbrook - 179.0 Woodley
Woodley,Week5,Hiddenbrook,Week1,214.0 Hiddenbrook - 187.0 Woodley
Woodley,Week4,Laurel Hill,Week1,217.0 Woodley - 184.0 Laurel Hill
Waynewood,Week5,Woodley,Week4,345.0 Waynewood - 57.0 Woodley
Waynewood,Week4,Woodley,Week2,315.0 Waynewood - 87.0 Woodley
Waynewood,Week4,Rutherford,Week3,287.0 Waynewood - 115.0 Rutherford
Waynewood,Week5,Commonwealth,Week2,270.5 Waynewood - 131.5 Commonwealth
Waynewood,Week1,Hunt Valley,Week5,263.0 Hunt Valley - 139.0 Waynewood
Waynewood,Week3,Rutherford,Week4,307.0 Waynewood - 95.0 Rutherford
Woodley,Week3,Hiddenbrook,Week3,252.0 Hiddenbrook - 150.0 Woodley
Waynewood,Week2,Holmes Run Acres,Week4,257.0 Waynewood - 145.0 Holmes Run Acres
Waynewood,Week5,Holmes Run Acres,Week1,265.0 Waynewood - 137.0 Holmes Run Acres
Woodley,Week5,Hiddenbrook,Week3,228.5 Hiddenbrook - 173.5 Woodley
Waynewood,Week1,Hunt Valley,Week1,233.0 Hunt Valley - 169.0 Waynewood
Waynewood,Week1,Shouse Village,Week5,206.0 Waynewood - 196.0 Shouse Village
Waynewood,Week5,Commonwealth,Week1,304.0 Waynewood - 98.0 Commonwealth
Waynewood,Week1,Holmes Run Acres,Week5,212.0 Holmes Run Acres - 190.0 Waynewood
Woodley,Week5,Langley,Week5,308.0 Langley - 94.0 Woodley
Waynewood,Week3,Holmes Run Acres,Week5,218.0 Waynewood - 184.0 Holmes Run Acres
Waynewood,Week4,Commonwealth,Week5,261.0 Waynewood - 141.0 Commonwealth
Woodley,Week5,Laurel Hill,Week2,230.0 Woodley - 171.0 Laurel Hill
Woodley,Week1,Laurel Hill,Week3,201.0 Laurel Hill - 200.0 Woodley
Woodley,Week4,Annandale,Week1,203.0 Woodley - 199.0 Annandale
Woodley,Week5,Hiddenbrook,Week4,232.0 Hiddenbrook - 170.0 Woodley
Waynewood,Week5,Rutherford,Week2,312.0 Waynewood - 90.0 Rutherford
Woodley,Week2,Laurel Hill,Week3,227.0 Laurel Hill - 175.0 Woodley
Woodley,Week1,Annandale,Week4,201.0 Annandale - 200.0 Woodley
Woodley,Week3,Hiddenbrook,Week4,250.0 Hiddenbrook - 152.0 Woodley
Woodley,Week3,Laurel Hill,Week3,213.0 Laurel Hill - 189.0 Woodley
Waynewood,Week5,Rutherford,Week3,311.0 Waynewood - 91.0 Rutherford
Woodley,Week3,Annandale,Week3,220.0 Annandale - 182.0 Woodley
Woodley,Week4,Annandale,Week5,218.0 Annandale - 184.0 Woodley
Woodley,Week5,Lee Graham,Week3,327.0 Lee Graham - 75.0 Woodley
Waynewood,Week4,Rutherford,Week2,309.5 Waynewood - 92.5 Rutherford
Woodley,Week5,Laurel Hill,Week4,208.0 Woodley - 194.0 Laurel Hill
Woodley,Week4,Annandale,Week2,213.0 Annandale - 189.0 Woodley
Waynewood,Week2,Holmes Run Acres,Week3,218.0 Waynewood - 184.0 Holmes Run Acres
Woodley,Week1,Lee Graham,Week1,330.0 Lee Graham - 72.0 Woodley
Waynewood,Week5,Holmes Run Acres,Week5,222.0 Waynewood - 180.0 Holmes Run Acres
Waynewood,Week2,Commonwealth,Week5,261.0 Waynewood - 141.0 Commonwealth
Woodley,Week4,Annandale,Week4,208.0 Annandale - 194.0 Woodley
Waynewood,Week2,Shouse Village,Week2,266.0 Waynewood - 136.0 Shouse Village
Waynewood,Week4,Holmes Run Acres,Week2,255.0 Waynewood - 147.0 Holmes Run Acres
Waynewood,Week3,Holmes Run Acres,Week1,277.0 Waynewood - 125.0 Holmes Run Acres
Woodley,Week1,Lee Graham,Week4,330.0 Lee Graham - 72.0 Woodley
Waynewood,Week2,Cottontail,Week4,275.0 Waynewood - 127.0 Cottontail
Waynewood,Week4,Rutherford,Week1,311.0 Waynewood - 91.0 Rutherford
Waynewood,Week3,Rutherford,Week2,312.0 Waynewood - 90.0 Rutherford
Waynewood,Week2,Cottontail,Week3,278.0 Waynewood - 124.0 Cottontail
Waynewood,Week1,Shouse Village,Week2,245.0 Waynewood - 157.0 Shouse Village
Waynewood,Week2,Cottontail,Week5,265.0 Waynewood - 137.0 Cottontail
Woodley,Week1,High Point Pool,Week2,318.0 High Point Pool - 84.0 Woodley
Woodley,Week1,Lee Graham,Week3,334.0 Lee Graham - 68.0 Woodley
Waynewood,Week4,Holmes Run Acres,Week1,248.0 Waynewood - 154.0 Holmes Run Acres
Waynewood,Week4,Holmes Run Acres,Week5,205.0 Holmes Run Acres - 197.0 Waynewood
Woodley,Week4,Annandale,Week3,238.0 Annandale - 164.0 Woodley
Waynewood,Week1,Cottontail,Week2,269.0 Waynewood - 133.0 Cottontail
Waynewood,Week5,Rutherford,Week1,324.0 Waynewood - 78.0 Rutherford
Woodley,Week1,Lincolnia Park,Week3,200.5 Lincolnia Park - 192.5 Woodley
Woodley,Week5,Annandale,Week1,225.5 Woodley - 171.5 Annandale
Waynewood,Week2,Shouse Village,Week3,240.0 Waynewood - 162.0 Shouse Village
Woodley,Week5,Annandale,Week2,214.0 Woodley - 188.0 Annandale
Waynewood,Week2,Cottontail,Week2,276.0 Waynewood - 126.0 Cottontail
Waynewood,Week3,Rutherford,Week5,302.5 Waynewood - 99.5 Rutherford
Woodley,Week3,Lee Graham,Week1,336.0 Lee Graham - 66.0 Woodley
Woodley,Week1,Arlington Forest,Week1,286.0 Arlington Forest - 116.0 Woodley
Waynewood,Week2,Holmes Run Acres,Week2,252.0 Waynewood - 150.0 Holmes Run Acres
Waynewood,Week2,Holmes Run Acres,Week5,202.0 Holmes Run Acres - 200.0 Waynewood
Woodley,Week5,Annandale,Week3,216.5 Annandale - 180.5 Woodley
Waynewood,Week1,Hunt Valley,Week3,256.0 Hunt Valley - 146.0 Waynewood
Waynewood,Week2,Cottontail,Week1,257.0 Waynewood - 145.0 Cottontail
Waynewood,Week1,Sideburn Run,Week5,212.0 Waynewood - 190.0 Sideburn Run
Waynewood,Week3,Holmes Run Acres,Week2,283.0 Waynewood - 119.0 Holmes Run Acres
Waynewood,Week1,Cottontail,Week1,249.0 Waynewood - 153.0 Cottontail
Waynewood,Week5,Commonwealth,Week3,295.0 Waynewood - 107.0 Commonwealth
Waynewood,Week4,Holmes Run Acres,Week4,239.0 Waynewood - 163.0 Holmes Run Acres
Woodley,Week5,Lee Graham,Week5,338.0 Lee Graham - 64.0 Woodley
Waynewood,Week2,Sideburn Run,Week2,254.0 Waynewood - 148.0 Sideburn Run
Waynewood,Week3,Commonwealth,Week1,309.0 Waynewood - 93.0 Commonwealth
Woodley,Week2,Arlington Forest,Week5,292.0 Arlington Forest - 110.0 Woodley
Woodley,Week1,Arlington Forest,Week5,308.0 Arlington Forest - 94.0 Woodley
Waynewood,Week1,Hunt Valley,Week4,255.0 Hunt Valley - 147.0 Waynewood
Waynewood,Week3,Shouse Village,Week3,255.0 Waynewood - 147.0 Shouse Village
Waynewood,Week1,Cottontail,Week4,253.0 Waynewood - 149.0 Cottontail
Woodley,Week4,Arlington Forest,Week4,303.0 Arlington Forest - 99.0 Woodley
Woodley,Week4,Lee Graham,Week1,338.0 Lee Graham - 59.0 Woodley
Woodley,Week1,Lee Graham,Week5,345.0 Lee Graham - 57.0 Woodley
Woodley,Week4,Lee Graham,Week5,343.0 Lee Graham - 59.0 Woodley
Woodley,Week3,Arlington Forest,Week2,291.0 Arlington Forest - 111.0 Woodley
Woodley,Week5,Lee Graham,Week2,338.0 Lee Graham - 64.0 Woodley
Woodley,Week2,Arlington Forest,Week1,298.0 Arlington Forest - 104.0 Woodley
Waynewood,Week5,Holmes Run Acres,Week2,287.0 Waynewood - 115.0 Holmes Run Acres
Waynewood,Week5,Commonwealth,Week4,292.0 Waynewood - 110.0 Commonwealth
Waynewood,Week5,Holmes Run Acres,Week3,238.0 Waynewood - 164.0 Holmes Run Acres
Waynewood,Week5,Shouse Village,Week4,246.0 Waynewood - 156.0 Shouse Village
Waynewood,Week4,Sideburn Run,Week2,260.0 Waynewood - 142.0 Sideburn Run
Waynewood,Week3,Commonwealth,Week3,292.0 Waynewood - 110.0 Commonwealth
Woodley,Week4,Arlington Forest,Week2,294.0 Arlington Forest - 108.0 Woodley
Waynewood,Week2,Shouse Village,Week4,230.0 Waynewood - 172.0 Shouse Village
Waynewood,Week1,Cottontail,Week3,268.0 Waynewood - 134.0 Cottontail
Woodley,Week2,Lee Graham,Week3,339.0 Lee Graham - 63.0 Woodley
Waynewood,Week5,Shouse Village,Week3,257.0 Waynewood - 145.0 Shouse Village
Woodley,Week3,Lee Graham,Week5,348.0 Lee Graham - 54.0 Woodley
Waynewood,Week5,Holmes Run Acres,Week4,275.0 Waynewood - 127.0 Holmes Run Acres
Waynewood,Week4,Commonwealth,Week1,291.5 Waynewood - 110.5 Commonwealth
Woodley,Week3,Arlington Forest,Week5,302.0 Arlington Forest - 100.0 Woodley
Waynewood,Week1,Hunter Mill,Week3,220.0 Hunter Mill - 182.0 Waynewood
Waynewood,Week3,Sideburn Run,Week1,252.0 Waynewood - 150.0 Sideburn Run
Waynewood,Week3,Commonwealth,Week4,291.0 Waynewood - 111.0 Commonwealth
Woodley,Week2,Lee Graham,Week5,354.0 Lee Graham - 48.0 Woodley
Woodley,Week1,Arlington Forest,Week4,311.0 Arlington Forest - 91.0 Woodley
Waynewood,Week2,Sideburn Run,Week4,226.0 Waynewood - 176.0 Sideburn Run
Woodley,Week1,Lincolnia Park,Week1,239.0 Woodley - 163.0 Lincolnia Park
Waynewood,Week1,Hunter Mill,Week5,225.0 Hunter Mill - 177.0 Waynewood
Woodley,Week2,Lee Graham,Week2,349.0 Lee Graham - 53.0 Woodley
Woodley,Week3,Arlington Forest,Week4,302.0 Arlington Forest - 100.0 Woodley
Waynewood,Week3,Shouse Village,Week5,244.0 Waynewood - 158.0 Shouse Village
Waynewood,Week3,Hunt Valley,Week3,219.0 Hunt Valley - 183.0 Waynewood
Waynewood,Week3,Commonwealth,Week2,282.0 Waynewood - 120.0 Commonwealth
Waynewood,Week5,Commonwealth,Week5,269.0 Waynewood - 133.0 Commonwealth
Woodley,Week2,Lee Graham,Week1,335.0 Lee Graham - 67.0 Woodley
Woodley,Week2,Arlington Forest,Week2,287.0 Arlington Forest - 115.0 Woodley
Waynewood,Week4,Commonwealth,Week2,258.0 Waynewood - 144.0 Commonwealth
Waynewood,Week5,Shouse Village,Week5,249.0 Waynewood - 153.0 Shouse Village
Woodley,Week4,Arlington Forest,Week5,308.0 Arlington Forest - 94.0 Woodley
Waynewood,Week3,Shouse Village,Week4,241.0 Waynewood - 161.0 Shouse Village
Waynewood,Week2,Hunt Valley,Week5,260.0 Hunt Valley - 142.0 Waynewood
Waynewood,Week1,Cottontail,Week5,255.0 Waynewood - 147.0 Cottontail
Waynewood,Week2,Hunt Valley,Week1,235.0 Hunt Valley - 167.0 Waynewood
Woodley,Week1,Lincolnia Park,Week2,235.0 Woodley - 157.0 Lincolnia Park
Woodley,Week5,Arlington Forest,Week1,289.0 Arlington Forest - 108.0 Woodley
Waynewood,Week2,Sideburn Run,Week3,235.0 Waynewood - 167.0 Sideburn Run
Woodley,Week4,Arlington Forest,Week3,266.0 Arlington Forest - 136.0 Woodley
Woodley,Week4,Lee Graham,Week3,338.0 Lee Graham - 64.0 Woodley
Waynewood,Week4,Commonwealth,Week3,275.0 Waynewood - 127.0 Commonwealth
Waynewood,Week5,Shouse Village,Week2,288.0 Waynewood - 114.0 Shouse Village
Woodley,Week1,Arlington Forest,Week2,287.0 Arlington Forest - 115.0 Woodley
Woodley,Week5,Lee Graham,Week4,326.0 Lee Graham - 76.0 Woodley
Woodley,Week4,Lee Graham,Week4,330.0 Lee Graham - 72.0 Woodley
Waynewood,Week3,Hunt Valley,Week4,211.0 Hunt Valley - 191.0 Waynewood
Waynewood,Week4,Hunt Valley,Week1,238.5 Hunt Valley - 163.5 Waynewood
Waynewood,Week4,Shouse Village,Week2,269.0 Waynewood - 133.0 Shouse Village
Woodley,Week2,Lee Graham,Week4,333.0 Lee Graham - 69.0 Woodley
Waynewood,Week1,Sideburn Run,Week3,221.0 Waynewood - 181.0 Sideburn Run
Woodley,Week5,Lee Graham,Week1,324.0 Lee Graham - 78.0 Woodley
Woodley,Week2,Arlington Forest,Week3,262.5 Arlington Forest - 138.5 Woodley
Woodley,Week3,Arlington Forest,Week1,299.0 Arlington Forest - 103.0 Woodley
Waynewood,Week4,Hunt Valley,Week4,253.0 Hunt Valley - 149.0 Waynewood
Waynewood,Week3,Hunter Mill,Week2,231.0 Waynewood - 171.0 Hunter Mill
Woodley,Week3,Arlington Forest,Week3,273.5 Arlington Forest - 128.5 Woodley
Waynewood,Week4,Commonwealth,Week4,275.0 Waynewood - 127.0 Commonwealth
Waynewood,Week4,Sideburn Run,Week1,252.0 Waynewood - 150.0 Sideburn Run
Woodley,Week3,Lee Graham,Week2,352.0 Lee Graham - 50.0 Woodley
Waynewood,Week3,Commonwealth,Week5,274.0 Waynewood - 128.0 Commonwealth
Woodley,Week1,Lincolnia Park,Week5,208.0 Woodley - 185.0 Lincolnia Park
Waynewood,Week4,Hunt Valley,Week5,269.0 Hunt Valley - 133.0 Waynewood
Waynewood,Week2,Hunter Mill,Week1,202.0 Waynewood - 200.0 Hunter Mill
Waynewood,Week1,Sleepy Hollow B & R,Week1,218.0 Waynewood - 184.0 Sleepy Hollow B & R
Waynewood,Week2,Sideburn Run,Week5,229.0 Waynewood - 173.0 Sideburn Run
Woodley,Week4,Arlington Forest,Week1,298.0 Arlington Forest - 104.0 Woodley
Woodley,Week3,Lee Graham,Week3,342.0 Lee Graham - 60.0 Woodley
Woodley,Week5,Annandale,Week5,204.0 Annandale - 198.0 Woodley
Waynewood,Week3,Hunt Valley,Week2,205.0 Waynewood - 197.0 Hunt Valley
Woodley,Week4,Lincolnia Park,Week5,213.0 Woodley - 179.0 Lincolnia Park
Waynewood,Week3,Hunt Valley,Week1,202.0 Hunt Valley - 200.0 Waynewood
Woodley,Week5,Arlington Forest,Week4,299.0 Arlington Forest - 103.0 Woodley
Waynewood,Week1,Sideburn Run,Week4,226.0 Waynewood - 176.0 Sideburn Run
Waynewood,Week4,Shouse Village,Week1,256.0 Waynewood - 146.0 Shouse Village
Woodley,Week2,Lincolnia Park,Week2,226.0 Woodley - 166.0 Lincolnia Park
Waynewood,Week1,Stratford,Week2,291.0 Waynewood - 111.0 Stratford
Waynewood,Week4,Shouse Village,Week5,217.0 Waynewood - 185.0 Shouse Village
Woodley,Week2,Lincolnia Park,Week1,226.0 Woodley - 176.0 Lincolnia Park
Waynewood,Week3,Sideburn Run,Week3,257.0 Waynewood - 145.0 Sideburn Run
Waynewood,Week1,Sideburn Run,Week2,233.0 Waynewood - 169.0 Sideburn Run
Woodley,Week2,Arlington Forest,Week4,298.0 Arlington Forest - 104.0 Woodley
Waynewood,Week4,Shouse Village,Week3,230.0 Waynewood - 172.0 Shouse Village
Woodley,Week4,Lee Graham,Week2,348.0 Lee Graham - 54.0 Woodley
Woodley,Week3,Lee Graham,Week4,336.0 Lee Graham - 66.0 Woodley
Waynewood,Week4,Hunter Mill,Week3,205.0 Hunter Mill - 197.0 Waynewood
Woodley,Week1,Arlington Forest,Week3,275.0 Arlington Forest - 127.0 Woodley
Woodley,Week1,Lincolnia Park,Week4,228.0 Woodley - 174.0 Lincolnia Park
Woodley,Week2,Lincolnia Park,Week4,217.0 Woodley - 184.0 Lincolnia Park
Woodley,Week2,Lincolnia Park,Week3,210.0 Lincolnia Park - 182.0 Woodley
Woodley,Week5,Arlington Forest,Week2,264.0 Arlington Forest - 138.0 Woodley
Waynewood,Week4,Hunter Mill,Week2,204.0 Waynewood - 198.0 Hunter Mill
Waynewood,Week5,Hunt Valley,Week1,203.0 Hunt Valley - 199.0 Waynewood
Waynewood,Week2,Hunter Mill,Week3,211.0 Waynewood - 191.0 Hunter Mill
Waynewood,Week3,Sideburn Run,Week2,269.0 Waynewood - 133.0 Sideburn Run
Waynewood,Week1,Stratford,Week3,271.0 Waynewood - 131.0 Stratford
Waynewood,Week5,Hunt Valley,Week3,226.0 Hunt Valley - 176.0 Waynewood
Waynewood,Week5,Shouse Village,Week1,278.0 Waynewood - 124.0 Shouse Village
Woodley,Week5,Arlington Forest,Week3,245.0 Arlington Forest - 156.0 Woodley
Waynewood,Week4,Shouse Village,Week4,226.0 Waynewood - 176.0 Shouse Village
Waynewood,Week5,Springfield,Week2,386.0 Waynewood - 16.0 Springfield
Waynewood,Week3,Sideburn Run,Week4,247.0 Waynewood - 155.0 Sideburn Run
Waynewood,Week2,Stratford,Week4,287.0 Waynewood - 115.0 Stratford
Waynewood,Week5,Springfield,Week1,386.0 Waynewood - 16.0 Springfield
Waynewood,Week4,Hunt Valley,Week2,238.0 Hunt Valley - 164.0 Waynewood
Woodley,Week2,Lincolnia Park,Week5,198.0 Woodley - 194.0 Lincolnia Park
Waynewood,Week3,Hunter Mill,Week3,227.0 Waynewood - 175.0 Hunter Mill
Waynewood,Week5,Hunt Valley,Week4,221.0 Hunt Valley - 181.0 Waynewood
Woodley,Week3,Lincolnia Park,Week4,231.0 Woodley - 171.0 Lincolnia Park
Woodley,Week3,Lincolnia Park,Week3,200.0 Lincolnia Park - 193.0 Woodley
Woodley,Week3,Lincolnia Park,Week5,212.5 Woodley - 180.5 Lincolnia Park
Woodley,Week4,Little Hunting Park,Week1,238.0 Little Hunting Park - 163.0 Woodley
Waynewood,Week4,Stratford,Week1,309.0 Waynewood - 93.0 Stratford
Waynewood,Week5,Hunt Valley,Week5,215.0 Hunt Valley - 187.0 Waynewood
Waynewood,Week5,Stratford,Week5,317.0 Waynewood - 85.0 Stratford
Waynewood,Week5,Hunt Valley,Week2,203.0 Waynewood - 199.0 Hunt Valley
Waynewood,Week5,Sideburn Run,Week1,262.0 Waynewood - 140.0 Sideburn Run
Waynewood,Week2,Hunt Valley,Week3,258.0 Hunt Valley - 144.0 Waynewood
Waynewood,Week3,Sideburn Run,Week5,239.0 Waynewood - 163.0 Sideburn Run
Woodley,Week3,Lincolnia Park,Week1,234.0 Woodley - 168.0 Lincolnia Park
Woodley,Week1,Little Hunting Park,Week2,225.0 Little Hunting Park - 177.0 Woodley
Waynewood,Week2,Hunt Valley,Week4,243.0 Hunt Valley - 159.0 Waynewood
Waynewood,Week5,Sideburn Run,Week2,275.5 Waynewood - 126.5 Sideburn Run
Waynewood,Week1,Sully Station,Week4,227.0 Sully Station - 175.0 Waynewood
Waynewood,Week3,Hunt Valley,Week5,231.0 Hunt Valley - 171.0 Waynewood
Waynewood,Week2,Stratford,Week5,306.0 Waynewood - 96.0 Stratford
Waynewood,Week1,Hunter Mill,Week2,208.0 Hunter Mill - 194.0 Waynewood
Waynewood,Week2,Sideburn Run,Week1,233.0 Waynewood - 169.0 Sideburn Run
Waynewood,Week4,Hunt Valley,Week3,258.0 Hunt Valley - 144.0 Waynewood
Waynewood,Week4,Sideburn Run,Week3,240.5 Waynewood - 161.5 Sideburn Run
Woodley,Week5,Lincolnia Park,Week1,234.0 Woodley - 167.0 Lincolnia Park
Waynewood,Week1,Sideburn Run,Week1,226.0 Waynewood - 176.0 Sideburn Run
Woodley,Week4,Little Hunting Park,Week4,227.0 Little Hunting Park - 175.0 Woodley
Waynewood,Week1,Stratford,Week5,264.0 Waynewood - 138.0 Stratford
Waynewood,Week4,Springfield,Week5,379.0 Waynewood - 21.0 Springfield
Waynewood,Week1,Hunter Mill,Week1,212.0 Hunter Mill - 190.0 Waynewood
Waynewood,Week4,Sideburn Run,Week5,220.0 Waynewood - 182.0 Sideburn Run
Waynewood,Week5,Stratford,Week3,314.5 Waynewood - 87.5 Stratford
Woodley,Week1,Little Hunting Park,Week4,226.0 Little Hunting Park - 176.0 Woodley
Waynewood,Week2,Hunter Mill,Week5,210.0 Hunter Mill - 192.0 Waynewood
Waynewood,Week4,Stratford,Week2,307.0 Waynewood - 95.0 Stratford
Woodley,Week2,Little Hunting Park,Week1,226.0 Little Hunting Park - 172.0 Woodley
Woodley,Week1,Little Hunting Park,Week3,224.0 Little Hunting Park - 178.0 Woodley
Woodley,Week5,Lincolnia Park,Week3,201.0 Woodley - 191.0 Lincolnia Park
Waynewood,Week4,Springfield,Week4,372.0 Waynewood - 28.0 Springfield
Waynewood,Week5,Sideburn Run,Week5,256.0 Waynewood - 146.0 Sideburn Run
Waynewood,Week1,Hunter Mill,Week4,210.0 Hunter Mill - 192.0 Waynewood
Waynewood,Week3,Hunter Mill,Week5,209.0 Waynewood - 193.0 Hunter Mill
Waynewood,Week3,Stratford,Week2,318.0 Waynewood - 84.0 Stratford
Woodley,Week3,Lincolnia Park,Week2,230.0 Woodley - 162.0 Lincolnia Park
Waynewood,Week5,Sideburn Run,Week3,269.0 Waynewood - 133.0 Sideburn Run
Woodley,Week2,Little Hunting Park,Week4,237.0 Little Hunting Park - 164.0 Woodley
Waynewood,Week3,Sleepy Hollow B & R,Week4,238.0 Waynewood - 164.0 Sleepy Hollow B & R
Waynewood,Week5,Sideburn Run,Week4,270.0 Waynewood - 132.0 Sideburn Run
Waynewood,Week2,Stratford,Week1,315.0 Waynewood - 87.0 Stratford
Waynewood,Week2,Hunter Mill,Week2,211.0 Waynewood - 191.0 Hunter Mill
Woodley,Week5,Little Hunting Park,Week2,220.5 Little Hunting Park - 180.5 Woodley
Waynewood,Week4,Hunter Mill,Week1,203.0 Hunter Mill - 199.0 Waynewood
Waynewood,Week3,Hunter Mill,Week4,219.0 Waynewood - 183.0 Hunter Mill
Waynewood,Week4,Sleepy Hollow B & R,Week4,218.0 Waynewood - 184.0 Sleepy Hollow B & R
Waynewood,Week2,Hunter Mill,Week4,211.0 Waynewood - 191.0 Hunter Mill
Waynewood,Week3,Stratford,Week3,304.0 Waynewood - 98.0 Stratford
Waynewood,Week5,Springfield,Week3,388.0 Waynewood - 13.0 Springfield
Waynewood,Week3,Stratford,Week1,322.0 Waynewood - 80.0 Stratford
Waynewood,Week3,Hunter Mill,Week1,223.0 Waynewood - 179.0 Hunter Mill
Waynewood,Week2,Stratford,Week3,290.0 Waynewood - 112.0 Stratford
Waynewood,Week2,Sleepy Hollow B & R,Week2,227.5 Waynewood - 174.5 Sleepy Hollow B & R
Waynewood,Week4,Sideburn Run,Week4,240.0 Waynewood - 162.0 Sideburn Run
Waynewood,Week2,Sleepy Hollow B & R,Week3,229.0 Waynewood - 173.0 Sleepy Hollow B & R
Woodley,Week5,Lincolnia Park,Week4,225.0 Woodley - 170.0 Lincolnia Park
Waynewood,Week4,Stratford,Week5,318.5 Waynewood - 83.5 Stratford
Waynewood,Week3,Ilda Community,Week4,304.0 Waynewood - 98.0 Ilda Community
Waynewood,Week4,Sleepy Hollow B & R,Week2,232.0 Waynewood - 170.0 Sleepy Hollow B & R
Waynewood,Week5,Sleepy Hollow B & R,Week3,246.0 Waynewood - 156.0 Sleepy Hollow B & R
Waynewood,Week5,Sleepy Hollow B & R,Week1,258.5 Waynewood - 143.5 Sleepy Hollow B & R
Woodley,Week1,Orange Hunt,Week5,289.0 Orange Hunt - 113.0 Woodley
Woodley,Week5,Old Keene Mill,Week2,204.0 Woodley - 198.0 Old Keene Mill
Waynewood,Week3,Stratford,Week4,305.0 Waynewood - 97.0 Stratford
Waynewood,Week4,Hunter Mill,Week4,216.0 Hunter Mill - 186.0 Waynewood
Waynewood,Week4,Stratford,Week4,300.0 Waynewood - 102.0 Stratford
Woodley,Week2,Little Hunting Park,Week5,243.0 Little Hunting Park - 159.0 Woodley
Woodley,Week1,Little Hunting Park,Week5,250.0 Little Hunting Park - 152.0 Woodley
Waynewood,Week4,Ilda Community,Week1,301.0 Waynewood - 101.0 Ilda Community
Woodley,Week5,Old Keene Mill,Week3,208.0 Old Keene Mill - 194.0 Woodley
Waynewood,Week2,Sleepy Hollow B & R,Week1,248.0 Waynewood - 154.0 Sleepy Hollow B & R
Waynewood,Week5,Hunter Mill,Week3,234.0 Waynewood - 168.0 Hunter Mill
Woodley,Week4,Lincolnia Park,Week4,223.0 Woodley - 179.0 Lincolnia Park
Waynewood,Week1,Sleepy Hollow B & R,Week3,205.0 Waynewood - 197.0 Sleepy Hollow B & R
Woodley,Week1,Little Hunting Park,Week1,224.0 Little Hunting Park - 178.0 Woodley
Waynewood,Week2,Stratford,Week2,315.5 Waynewood - 86.5 Stratford
Waynewood,Week2,Sleepy Hollow B & R,Week4,209.0 Waynewood - 193.0 Sleepy Hollow B & R
Woodley,Week1,Orange Hunt,Week1,272.0 Orange Hunt - 130.0 Woodley
Woodley,Week4,Lincolnia Park,Week2,231.0 Woodley - 161.0 Lincolnia Park
Waynewood,Week1,Ilda Community,Week2,301.0 Waynewood - 101.0 Ilda Community
Woodley,Week3,Little Hunting Park,Week1,219.0 Little Hunting Park - 182.0 Woodley
Waynewood,Week4,Sleepy Hollow B & R,Week1,232.0 Waynewood - 170.0 Sleepy Hollow B & R
Woodley,Week4,Lincolnia Park,Week1,239.0 Woodley - 162.0 Lincolnia Park
Waynewood,Week5,Springfield,Week4,388.0 Waynewood - 14.0 Springfield
Woodley,Week2,Orange Hunt,Week3,292.0 Orange Hunt - 110.0 Woodley
Waynewood,Week5,Sleepy Hollow B & R,Week2,255.0 Waynewood - 147.0 Sleepy Hollow B & R
Waynewood,Week1,Stratford,Week1,287.0 Waynewood - 115.0 Stratford
Waynewood,Week3,Ilda Community,Week5,329.0 Waynewood - 73.0 Ilda Community
Waynewood,Week5,Springfield,Week5,389.0 Waynewood - 13.0 Springfield
Waynewood,Week4,Hunter Mill,Week5,214.0 Hunter Mill - 188.0 Waynewood
Waynewood,Week4,Stratford,Week3,299.0 Waynewood - 103.0 Stratford
Waynewood,Week3,Ilda Community,Week3,329.0 Waynewood - 73.0 Ilda Community
Waynewood,Week3,Sleepy Hollow B & R,Week2,249.0 Waynewood - 153.0 Sleepy Hollow B & R
Woodley,Week5,Lincolnia Park,Week5,212.0 Woodley - 180.0 Lincolnia Park
Woodley,Week1,Overlee,Week2,379.0 Overlee - 23.0 Woodley
Waynewood,Week2,Crosspointe,Week2,209.0 Crosspointe - 193.0 Waynewood
Waynewood,Week2,Ilda Community,Week5,306.0 Waynewood - 96.0 Ilda Community
Waynewood,Week1,Sleepy Hollow B & R,Week2,206.0 Waynewood - 196.0 Sleepy Hollow B & R
Woodley,Week4,Lincolnia Park,Week3,197.0 Lincolnia Park - 195.0 Woodley
Woodley,Week2,Little Hunting Park,Week2,231.0 Little Hunting Park - 170.0 Woodley
Woodley,Week3,Little Hunting Park,Week2,217.0 Little Hunting Park - 184.0 Woodley
Woodley,Week1,Orange Hunt,Week2,277.0 Orange Hunt - 125.0 Woodley
Waynewood,Week1,Sleepy Hollow B & R,Week4,202.0 Waynewood - 200.0 Sleepy Hollow B & R
Waynewood,Week5,Stratford,Week1,322.0 Waynewood - 80.0 Stratford
Woodley,Week3,Little Hunting Park,Week4,229.0 Little Hunting Park - 173.0 Woodley
Waynewood,Week5,Hunter Mill,Week5,215.0 Waynewood - 187.0 Hunter Mill
Woodley,Week3,Little Hunting Park,Week3,219.0 Little Hunting Park - 183.0 Woodley
Waynewood,Week2,Sleepy Hollow B & R,Week5,208.0 Sleepy Hollow B & R - 194.0 Waynewood
Waynewood,Week1,Ilda Community,Week4,272.0 Waynewood - 130.0 Ilda Community
Waynewood,Week1,Ilda Community,Week3,308.0 Waynewood - 94.0 Ilda Community
Woodley,Week3,Orange Hunt,Week4,294.0 Orange Hunt - 108.0 Woodley
Waynewood,Week4,Sleepy Hollow B & R,Week3,227.0 Waynewood - 175.0 Sleepy Hollow B & R
Woodley,Week1,Overlee,Week4,388.0 Overlee - 14.0 Woodley
Waynewood,Week5,Stratford,Week4,306.0 Waynewood - 96.0 Stratford
Waynewood,Week3,Stratford,Week5,323.5 Waynewood - 78.5 Stratford
Waynewood,Week5,Hunter Mill,Week1,235.0 Waynewood - 167.0 Hunter Mill
Waynewood,Week3,Sleepy Hollow B & R,Week3,242.0 Waynewood - 160.0 Sleepy Hollow B & R
Waynewood,Week5,Hunter Mill,Week4,229.0 Waynewood - 173.0 Hunter Mill
Waynewood,Week5,Country Club Hills,Week4,290.5 Waynewood - 111.5 Country Club Hills
Woodley,Week5,Old Keene Mill,Week5,213.0 Old Keene Mill - 189.0 Woodley
Waynewood,Week1,Stratford,Week4,258.0 Waynewood - 144.0 Stratford
Waynewood,Week5,Stratford,Week2,326.5 Waynewood - 75.5 Stratford
Woodley,Week5,Lincolnia Park,Week2,245.0 Woodley - 146.0 Lincolnia Park
Waynewood,Week1,Sully Station,Week1,229.0 Sully Station - 173.0 Waynewood
Woodley,Week4,Little Hunting Park,Week3,235.0 Little Hunting Park - 167.0 Woodley
Waynewood,Week2,Ilda Community,Week4,290.0 Waynewood - 112.0 Ilda Community
Woodley,Week4,Little Hunting Park,Week5,248.0 Little Hunting Park - 154.0 Woodley
Waynewood,Week5,Sleepy Hollow B & R,Week4,242.0 Waynewood - 160.0 Sleepy Hollow B & R
Waynewood,Week2,Ilda Community,Week2,315.0 Waynewood - 87.0 Ilda Community
Waynewood,Week3,Sully Station,Week5,202.0 Waynewood - 200.0 Sully Station
Woodley,Week4,Little Hunting Park,Week2,221.0 Little Hunting Park - 181.0 Woodley
Woodley,Week3,Orange Hunt,Week5,301.0 Orange Hunt - 100.0 Woodley
Waynewood,Week1,Sleepy Hollow B & R,Week5,222.0 Sleepy Hollow B & R - 180.0 Waynewood
Waynewood,Week1,Sully Station,Week2,209.0 Sully Station - 193.0 Waynewood
Woodley,Week2,Little Hunting Park,Week3,235.0 Little Hunting Park - 167.0 Woodley
Woodley,Week2,Overlee,Week1,371.0 Overlee - 31.0 Woodley
Woodley,Week2,Orange Hunt,Week5,297.0 Orange Hunt - 105.0 Woodley
Waynewood,Week3,Country Club Hills,Week5,282.0 Waynewood - 120.0 Country Club Hills
Waynewood,Week4,Sully Station,Week4,206.0 Sully Station - 196.0 Waynewood
Waynewood,Week5,Country Club Hills,Week1,294.0 Waynewood - 108.0 Country Club Hills
Waynewood,Week4,Country Club Hills,Week5,266.0 Waynewood - 136.0 Country Club Hills
Waynewood,Week2,Ilda Community,Week1,309.0 Waynewood - 93.0 Ilda Community
Waynewood,Week3,Sleepy Hollow B & R,Week1,250.0 Waynewood - 152.0 Sleepy Hollow B & R
Waynewood,Week3,Sleepy Hollow B & R,Week5,217.0 Waynewood - 185.0 Sleepy Hollow B & R
Waynewood,Week3,Crosspointe,Week5,231.0 Crosspointe - 171.0 Waynewood
Waynewood,Week4,Country Club Hills,Week4,274.0 Waynewood - 128.0 Country Club Hills
Waynewood,Week2,Sully Station,Week5,227.0 Sully Station - 175.0 Waynewood
Woodley,Week5,Orange Hunt,Week1,260.0 Orange Hunt - 142.0 Woodley
Waynewood,Week5,Hunter Mill,Week2,228.0 Waynewood - 174.0 Hunter Mill
Waynewood,Week1,Ilda Community,Week5,287.5 Waynewood - 114.5 Ilda Community
Waynewood,Week3,Country Club Hills,Week4,289.0 Waynewood - 113.0 Country Club Hills
Woodley,Week3,Little Hunting Park,Week5,254.0 Little Hunting Park - 148.0 Woodley
Waynewood,Week5,Sleepy Hollow B & R,Week5,228.0 Waynewood - 174.0 Sleepy Hollow B & R
Woodley,Week5,Old Keene Mill,Week4,211.0 Woodley - 191.0 Old Keene Mill
Waynewood,Week1,Sully Station,Week3,213.0 Sully Station - 189.0 Waynewood
Waynewood,Week4,Sleepy Hollow B & R,Week5,212.0 Sleepy Hollow B & R - 190.0 Waynewood
Waynewood,Week2,Sully Station II,Week2,211.5 Sully Station II - 190.5 Waynewood
Woodley,Week4,Orange Hunt,Week3,294.0 Orange Hunt - 108.0 Woodley
Woodley,Week1,Little Rocky Run,Week3,330.0 Little Rocky Run - 72.0 Woodley
Woodley,Week3,Orange Hunt,Week3,284.0 Orange Hunt - 118.0 Woodley
Waynewood,Week5,Sleepy Hollow Rec,Week3,322.0 Waynewood - 80.0 Sleepy Hollow Rec
Woodley,Week3,Little Rocky Run,Week3,351.0 Little Rocky Run - 51.0 Woodley
Waynewood,Week2,Sully Station II,Week1,206.0 Waynewood - 196.0 Sully Station II
Waynewood,Week4,Sully Station,Week5,229.0 Sully Station - 173.0 Waynewood
Woodley,Week1,Orange Hunt,Week3,283.0 Orange Hunt - 119.0 Woodley
Waynewood,Week2,Ilda Community,Week3,317.0 Waynewood - 85.0 Ilda Community
Waynewood,Week5,Sleepy Hollow Rec,Week5,319.0 Waynewood - 83.0 Sleepy Hollow Rec
Waynewood,Week3,Ilda Community,Week1,315.0 Waynewood - 87.0 Ilda Community
Woodley,Week4,Little Rocky Run,Week4,335.0 Little Rocky Run - 67.0 Woodley
Woodley,Week3,Little Rocky Run,Week5,351.0 Little Rocky Run - 51.0 Woodley
Waynewood,Week1,Crosspointe,Week1,242.0 Crosspointe - 160.0 Waynewood
Woodley,Week5,Little Hunting Park,Week1,227.0 Little Hunting Park - 171.0 Woodley
Waynewood,Week1,Sleepy Hollow Rec,Week1,291.0 Waynewood - 111.0 Sleepy Hollow Rec
Waynewood,Week1,Sully Station II,Week5,240.5 Sully Station II - 161.5 Waynewood
Woodley,Week4,Little Rocky Run,Week5,351.0 Little Rocky Run - 51.0 Woodley
Waynewood,Week1,Ilda Community,Week1,279.0 Waynewood - 123.0 Ilda Community
Woodley,Week1,Orange Hunt,Week4,280.0 Orange Hunt - 122.0 Woodley
Woodley,Week3,Little Rocky Run,Week4,342.0 Little Rocky Run - 60.0 Woodley
Woodley,Week4,Orange Hunt,Week1,283.0 Orange Hunt - 119.0 Woodley
Waynewood,Week2,Sleepy Hollow Rec,Week3,295.0 Waynewood - 107.0 Sleepy Hollow Rec
Waynewood,Week3,Ilda Community,Week2,323.0 Waynewood - 79.0 Ilda Community
Woodley,Week3,Orange Hunt,Week1,282.0 Orange Hunt - 120.0 Woodley
Waynewood,Week4,Country Club Hills,Week2,284.0 Waynewood - 118.0 Country Club Hills
Waynewood,Week5,Country Club Hills,Week3,292.5 Waynewood - 109.5 Country Club Hills
Waynewood,Week3,Sully Station,Week3,213.0 Waynewood - 189.0 Sully Station
Waynewood,Week4,Country Club Hills,Week3,279.0 Waynewood - 123.0 Country Club Hills
Waynewood,Week3,Sleepy Hollow Rec,Week5,301.0 Waynewood - 101.0 Sleepy Hollow Rec
Waynewood,Week5,Sully Station,Week4,221.0 Waynewood - 181.0 Sully Station
Waynewood,Week1,Crosspointe,Week5,268.5 Crosspointe - 133.5 Waynewood
Waynewood,Week5,Country Club Hills,Week5,273.0 Waynewood - 129.0 Country Club Hills
Waynewood,Week5,Sully Station,Week3,212.0 Waynewood - 190.0 Sully Station
Woodley,Week5,Old Keene Mill,Week1,204.0 Woodley - 198.0 Old Keene Mill
Waynewood,Week1,Somerset-Olde Creek,Week1,327.0 Waynewood - 74.0 Somerset-Olde Creek
Waynewood,Week5,Sleepy Hollow Rec,Week1,336.0 Waynewood - 66.0 Sleepy Hollow Rec
Woodley,Week4,Orange Hunt,Week2,285.0 Orange Hunt - 117.0 Woodley
Waynewood,Week2,Somerset-Olde Creek,Week3,347.0 Waynewood - 55.0 Somerset-Olde Creek
Woodley,Week5,Little Rocky Run,Week4,321.5 Little Rocky Run - 80.5 Woodley
Waynewood,Week5,Sully Station,Week2,217.0 Waynewood - 185.0 Sully Station
Waynewood,Week3,Sully Station,Week4,221.0 Waynewood - 181.0 Sully Station
Waynewood,Week2,Sully Station,Week2,207.0 Waynewood - 195.0 Sully Station
Waynewood,Week1,Crosspointe,Week3,241.0 Crosspointe - 161.0 Waynewood
Woodley,Week2,Orange Hunt,Week2,288.0 Orange Hunt - 114.0 Woodley
Woodley,Week4,Old Keene Mill,Week5,216.0 Old Keene Mill - 186.0 Woodley
Woodley,Week1,Little Rocky Run,Week2,324.0 Little Rocky Run - 78.0 Woodley
Woodley,Week3,Orange Hunt,Week2,276.0 Orange Hunt - 126.0 Woodley
Waynewood,Week1,Sully Station II,Week4,207.0 Sully Station II - 195.0 Waynewood
Waynewood,Week1,Crosspointe,Week2,233.0 Crosspointe - 169.0 Waynewood
Waynewood,Week4,Sully Station,Week1,224.5 Sully Station - 177.5 Waynewood
Waynewood,Week2,Crosspointe,Week1,222.0 Crosspointe - 180.0 Waynewood
Waynewood,Week3,Country Club Hills,Week3,284.0 Waynewood - 118.0 Country Club Hills
Waynewood,Week3,Somerset-Olde Creek,Week3,352.0 Waynewood - 50.0 Somerset-Olde Creek
Waynewood,Week1,Crosspointe,Week4,245.0 Crosspointe - 157.0 Waynewood
Waynewood,Week2,Sleepy Hollow Rec,Week2,306.0 Waynewood - 96.0 Sleepy Hollow Rec
Woodley,Week2,Orange Hunt,Week1,282.0 Orange Hunt - 120.0 Woodley
Woodley,Week5,Orange Hunt,Week2,279.0 Orange Hunt - 123.0 Woodley
Waynewood,Week4,Country Club Hills,Week1,264.0 Waynewood - 138.0 Country Club Hills
Waynewood,Week1,Somerset-Olde Creek,Week4,326.0 Waynewood - 76.0 Somerset-Olde Creek
Waynewood,Week3,Sully Station,Week2,219.0 Waynewood - 183.0 Sully Station
Woodley,Week5,Little Rocky Run,Week2,315.0 Little Rocky Run - 87.0 Woodley
Waynewood,Week4,Sleepy Hollow Rec,Week1,306.0 Waynewood - 96.0 Sleepy Hollow Rec
Woodley,Week5,Little Rocky Run,Week3,325.0 Little Rocky Run - 77.0 Woodley
Waynewood,Week3,Somerset-Olde Creek,Week1,356.0 Waynewood - 46.0 Somerset-Olde Creek
Woodley,Week2,Little Rocky Run,Week3,334.0 Little Rocky Run - 68.0 Woodley
Woodley,Week5,Little Rocky Run,Week1,308.0 Little Rocky Run - 89.0 Woodley
Waynewood,Week3,Country Club Hills,Week2,289.5 Waynewood - 112.5 Country Club Hills
Waynewood,Week3,Crosspointe,Week2,206.0 Waynewood - 196.0 Crosspointe
Waynewood,Week2,Sleepy Hollow Rec,Week5,300.0 Waynewood - 102.0 Sleepy Hollow Rec
Waynewood,Week2,Crosspointe,Week3,230.0 Crosspointe - 172.0 Waynewood
Waynewood,Week2,Sleepy Hollow Rec,Week4,316.0 Waynewood - 86.0 Sleepy Hollow Rec
Woodley,Week3,Little Rocky Run,Week1,324.0 Little Rocky Run - 78.0 Woodley
Woodley,Week5,Orange Hunt,Week4,280.0 Orange Hunt - 122.0 Woodley
Waynewood,Week1,Sleepy Hollow Rec,Week5,276.0 Waynewood - 126.0 Sleepy Hollow Rec
Woodley,Week5,Little Hunting Park,Week5,232.0 Little Hunting Park - 170.0 Woodley
Waynewood,Week3,Sleepy Hollow Rec,Week3,309.0 Waynewood - 93.0 Sleepy Hollow Rec
Waynewood,Week3,Crosspointe,Week1,207.0 Crosspointe - 195.0 Waynewood
Waynewood,Week1,Sully Station II,Week2,224.0 Sully Station II - 178.0 Waynewood
Waynewood,Week2,Crosspointe,Week5,238.0 Crosspointe - 164.0 Waynewood
Woodley,Week4,Orange Hunt,Week4,292.0 Orange Hunt - 105.0 Woodley
Woodley,Week4,Orange Hunt,Week5,301.5 Orange Hunt - 100.5 Woodley
Woodley,Week5,Orange Hunt,Week3,274.0 Orange Hunt - 128.0 Woodley
Waynewood,Week3,Sleepy Hollow Rec,Week2,320.0 Waynewood - 82.0 Sleepy Hollow Rec
Woodley,Week5,Orange Hunt,Week5,289.0 Orange Hunt - 113.0 Woodley
Waynewood,Week5,Sully Station,Week1,213.0 Waynewood - 189.0 Sully Station
Woodley,Week2,Orange Hunt,Week4,295.0 Orange Hunt - 107.0 Woodley
Woodley,Week2,Sully Station II,Week1,304.0 Sully Station II - 98.0 Woodley
Woodley,Week3,Little Rocky Run,Week2,324.0 Little Rocky Run - 78.0 Woodley
Waynewood,Week4,Sully Station,Week3,217.0 Sully Station - 185.0 Waynewood
Waynewood,Week2,Sully Station,Week1,214.0 Sully Station - 188.0 Waynewood
Woodley,Week4,Little Rocky Run,Week2,330.0 Little Rocky Run - 72.0 Woodley
Waynewood,Week4,Sully Station,Week2,202.0 Waynewood - 200.0 Sully Station
Waynewood,Week5,Country Club Hills,Week2,304.0 Waynewood - 98.0 Country Club Hills
Woodley,Week4,Little Rocky Run,Week3,338.0 Little Rocky Run - 64.0 Woodley
Waynewood,Week2,Sully Station,Week3,210.0 Sully Station - 192.0 Waynewood
Waynewood,Week2,Crosspointe,Week4,217.0 Crosspointe - 185.0 Waynewood
Woodley,Week2,Little Rocky Run,Week1,319.0 Little Rocky Run - 83.0 Woodley
Waynewood,Week3,Sleepy Hollow Rec,Week4,330.0 Waynewood - 72.0 Sleepy Hollow Rec
Woodley,Week5,Overlee,Week4,389.0 Overlee - 13.0 Woodley
Waynewood,Week4,Crosspointe,Week4,218.0 Crosspointe - 184.0 Waynewood
Woodley,Week1,Overlee,Week1,366.0 Overlee - 36.0 Woodley
Woodley,Week5,Sully Station,Week5,310.0 Sully Station - 92.0 Woodley
Waynewood,Week5,Sully Station II,Week5,223.0 Sully Station II - 179.0 Waynewood
Waynewood,Week1,Sully Station,Week5,236.0 Sully Station - 166.0 Waynewood
Waynewood,Week1,Sleepy Hollow Rec,Week3,282.0 Waynewood - 120.0 Sleepy Hollow Rec
Woodley,Week5,Overlee,Week2,374.0 Overlee - 28.0 Woodley
Woodley,Week5,Overlee,Week1,366.0 Overlee - 36.0 Woodley
Woodley,Week3,Sully Station II,Week1,311.0 Sully Station II - 91.0 Woodley
Waynewood,Week1,Sully Station II,Week3,235.0 Sully Station II - 167.0 Waynewood
Waynewood,Week2,Daventry,Week2,330.0 Waynewood - 72.0 Daventry
Woodley,Week3,Overlee,Week5,395.0 Overlee - 7.0 Woodley
Waynewood,Week5,Crosspointe,Week5,223.0 Crosspointe - 179.0 Waynewood
Woodley,Week5,Sully Station,Week4,310.0 Sully Station - 92.0 Woodley
Woodley,Week1,Little Rocky Run,Week5,339.0 Little Rocky Run - 63.0 Woodley
Waynewood,Week1,Sully Station II,Week1,203.5 Sully Station II - 198.5 Waynewood
Woodley,Week4,Sully Station,Week5,322.0 Sully Station - 80.0 Woodley
Waynewood,Week3,Crosspointe,Week3,203.0 Crosspointe - 199.0 Waynewood
Waynewood,Week2,Sully Station,Week4,217.0 Sully Station - 185.0 Waynewood
Woodley,Week1,Overlee,Week5,388.5 Overlee - 13.5 Woodley
Woodley,Week3,Sully Station II,Week3,343.0 Sully Station II - 59.0 Woodley
Waynewood,Week4,Sleepy Hollow Rec,Week2,304.0 Waynewood - 98.0 Sleepy Hollow Rec
Waynewood,Week3,Crosspointe,Week4,208.0 Crosspointe - 194.0 Waynewood
Woodley,Week5,Sully Station II,Week1,303.0 Sully Station II - 99.0 Woodley
Waynewood,Week5,Sully Station,Week5,202.0 Waynewood - 200.0 Sully Station
Woodley,Week4,Little Rocky Run,Week1,322.0 Little Rocky Run - 80.0 Woodley
Waynewood,Week2,Sleepy Hollow Rec,Week1,306.0 Waynewood - 96.0 Sleepy Hollow Rec
Woodley,Week1,Little Rocky Run,Week4,333.0 Little Rocky Run - 69.0 Woodley
Woodley,Week5,Little Hunting Park,Week4,213.0 Little Hunting Park - 188.0 Woodley
Waynewood,Week2,Daventry,Week4,337.0 Waynewood - 65.0 Daventry
Woodley,Week2,Little Rocky Run,Week2,322.0 Little Rocky Run - 80.0 Woodley
Waynewood,Week1,Sleepy Hollow Rec,Week2,295.0 Waynewood - 107.0 Sleepy Hollow Rec
Woodley,Week2,Little Rocky Run,Week5,342.0 Little Rocky Run - 60.0 Woodley
Waynewood,Week3,Sully Station,Week1,204.0 Sully Station - 198.0 Waynewood
Waynewood,Week4,Sleepy Hollow Rec,Week3,305.0 Waynewood - 97.0 Sleepy Hollow Rec
Woodley,Week1,Overlee,Week3,371.5 Overlee - 30.5 Woodley
Waynewood,Week4,Sleepy Hollow Rec,Week4,321.0 Waynewood - 81.0 Sleepy Hollow Rec
Woodley,Week5,Hollin Hills,Week1,254.0 Woodley - 147.0 Hollin Hills
Woodley,Week4,Sully Station II,Week1,313.0 Sully Station II - 89.0 Woodley
Waynewood,Week5,Sleepy Hollow Rec,Week2,332.0 Waynewood - 70.0 Sleepy Hollow Rec
Waynewood,Week4,Crosspointe,Week2,211.0 Crosspointe - 191.0 Waynewood
Waynewood,Week1,Truro,Week1,283.0 Waynewood - 119.0 Truro
Woodley,Week1,Parklawn,Week2,207.0 Parklawn - 195.0 Woodley
Waynewood,Week1,Truro,Week5,276.0 Waynewood - 126.0 Truro
Woodley,Week1,Sully Station II,Week5,342.0 Sully Station II - 60.0 Woodley
Waynewood,Week2,Daventry,Week5,300.0 Waynewood - 102.0 Daventry
Woodley,Week1,Hollin Hills,Week1,246.0 Woodley - 156.0 Hollin Hills
Waynewood,Week4,Daventry,Week4,335.0 Waynewood - 67.0 Daventry
Woodley,Week3,Sully Station II,Week4,319.0 Sully Station II - 83.0 Woodley
Woodley,Week5,Sully Station,Week3,304.0 Sully Station - 98.0 Woodley
Woodley,Week2,Little Rocky Run,Week4,331.0 Little Rocky Run - 71.0 Woodley
Waynewood,Week4,Sleepy Hollow Rec,Week5,291.0 Waynewood - 111.0 Sleepy Hollow Rec
Waynewood,Week4,Sully Station II,Week1,214.0 Waynewood - 188.0 Sully Station II
Waynewood,Week3,Truro,Week2,319.0 Waynewood - 83.0 Truro
Woodley,Week1,Parklawn,Week1,222.0 Woodley - 171.0 Parklawn
Waynewood,Week3,Sleepy Hollow Rec,Week1,318.0 Waynewood - 84.0 Sleepy Hollow Rec
Woodley,Week4,Sully Station II,Week2,334.0 Sully Station II - 68.0 Woodley
Waynewood,Week1,Sleepy Hollow Rec,Week4,293.0 Waynewood - 109.0 Sleepy Hollow Rec
Woodley,Week1,Little Rocky Run,Week1,319.0 Little Rocky Run - 83.0 Woodley
Woodley,Week5,Little Hunting Park,Week3,205.0 Little Hunting Park - 197.0 Woodley
Woodley,Week5,Overlee,Week5,389.0 Overlee - 13.0 Woodley
Woodley,Week1,Parklawn,Week3,208.0 Parklawn - 194.0 Woodley
Woodley,Week1,Parklawn,Week5,221.0 Parklawn - 181.0 Woodley
Waynewood,Week5,Sleepy Hollow Rec,Week4,336.0 Waynewood - 66.0 Sleepy Hollow Rec
Waynewood,Week4,Daventry,Week2,325.0 Waynewood - 76.0 Daventry
Waynewood,Week3,Sully Station II,Week1,220.0 Waynewood - 182.0 Sully Station II
Waynewood,Week1,Daventry,Week4,326.0 Waynewood - 76.0 Daventry
Waynewood,Week4,Daventry,Week5,307.0 Waynewood - 95.0 Daventry
Woodley,Week2,Hollin Hills,Week4,227.0 Woodley - 173.0 Hollin Hills
Woodley,Week3,Sully Station II,Week5,353.0 Sully Station II - 49.0 Woodley
Woodley,Week2,Hollin Hills,Week3,226.0 Woodley - 176.0 Hollin Hills
Waynewood,Week1,Somerset-Olde Creek,Week3,338.0 Waynewood - 63.0 Somerset-Olde Creek
Waynewood,Week5,Sully Station II,Week2,201.0 Sully Station II - 201.0 Waynewood
Woodley,Week3,Sully Station II,Week2,340.0 Sully Station II - 62.0 Woodley
Woodley,Week1,Sully Station II,Week3,337.0 Sully Station II - 65.0 Woodley
Woodley,Week2,Parklawn,Week1,227.0 Woodley - 166.0 Parklawn
Waynewood,Week4,Sully Station II,Week5,242.0 Sully Station II - 160.0 Waynewood
Woodley,Week2,Hollin Hills,Week1,252.0 Woodley - 149.0 Hollin Hills
Woodley,Week2,Parklawn,Week3,206.0 Parklawn - 192.0 Woodley
Waynewood,Week1,Somerset-Olde Creek,Week5,322.0 Waynewood - 79.0 Somerset-Olde Creek
Woodley,Week4,Overlee,Week5,393.0 Overlee - 9.0 Woodley
Waynewood,Week2,Somerset-Olde Creek,Week1,341.0 Waynewood - 61.0 Somerset-Olde Creek
Waynewood,Week2,Sully Station II,Week5,230.0 Sully Station II - 172.0 Waynewood
Woodley,Week4,Highlands Swim,Week4,349.0 Highlands Swim - 53.0 Woodley
Woodley,Week4,Sully Station,Week4,323.0 Sully Station - 79.0 Woodley
Woodley,Week1,Sully Station II,Week2,331.0 Sully Station II - 71.0 Woodley
Waynewood,Week5,Daventry,Week5,319.5 Waynewood - 82.5 Daventry
Waynewood,Week5,Sully Station II,Week1,232.0 Waynewood - 170.0 Sully Station II
Woodley,Week3,Hollin Hills,Week2,241.0 Woodley - 157.0 Hollin Hills
Waynewood,Week3,Sully Station II,Week3,223.0 Sully Station II - 179.0 Waynewood
Waynewood,Week3,Daventry,Week4,349.0 Waynewood - 53.0 Daventry
Waynewood,Week2,Somerset-Olde Creek,Week2,343.0 Waynewood - 59.0 Somerset-Olde Creek
Waynewood,Week5,Daventry,Week4,348.0 Waynewood - 54.0 Daventry
Waynewood,Week4,Crosspointe,Week1,228.0 Crosspointe - 174.0 Waynewood
Woodley,Week2,Sully Station II,Week3,333.0 Sully Station II - 69.0 Woodley
Waynewood,Week1,Somerset-Olde Creek,Week2,336.0 Waynewood - 66.0 Somerset-Olde Creek
Woodley,Week3,Hollin Hills,Week1,250.0 Woodley - 148.0 Hollin Hills
Woodley,Week2,Parklawn,Week2,214.0 Parklawn - 184.0 Woodley
Woodley,Week3,Overlee,Week4,398.0 Overlee - 4.0 Woodley
Waynewood,Week4,Somerset-Olde Creek,Week5,325.0 Waynewood - 77.0 Somerset-Olde Creek
Waynewood,Week4,Somerset-Olde Creek,Week1,341.0 Waynewood - 61.0 Somerset-Olde Creek
Waynewood,Week5,Sully Station II,Week4,229.0 Waynewood - 173.0 Sully Station II
Woodley,Week1,Sully Station II,Week1,309.0 Sully Station II - 93.0 Woodley
Woodley,Week2,Sully Station II,Week4,309.0 Sully Station II - 93.0 Woodley
Waynewood,Week3,Somerset-Olde Creek,Week2,351.5 Waynewood - 50.5 Somerset-Olde Creek
Woodley,Week4,Hollin Hills,Week4,237.0 Woodley - 165.0 Hollin Hills
Woodley,Week4,Overlee,Week3,372.0 Overlee - 30.0 Woodley
Waynewood,Week4,Sully Station II,Week2,225.0 Sully Station II - 177.0 Waynewood
Waynewood,Week2,Somerset-Olde Creek,Week4,337.0 Waynewood - 65.0 Somerset-Olde Creek
Woodley,Week5,Overlee,Week3,368.0 Overlee - 34.0 Woodley
Woodley,Week2,Overlee,Week3,374.0 Overlee - 28.0 Woodley
Woodley,Week2,Overlee,Week2,376.0 Overlee - 26.0 Woodley
Woodley,Week3,Hollin Hills,Week4,235.0 Woodley - 163.0 Hollin Hills
Waynewood,Week1,Daventry,Week3,317.0 Waynewood - 85.0 Daventry
Waynewood,Week2,Sully Station II,Week3,240.0 Sully Station II - 162.0 Waynewood
Woodley,Week5,Sully Station,Week2,303.0 Sully Station - 99.0 Woodley
Waynewood,Week1,Truro,Week4,262.0 Waynewood - 140.0 Truro
Waynewood,Week1,Daventry,Week5,289.0 Waynewood - 113.0 Daventry
Woodley,Week5,Sully Station,Week1,312.0 Sully Station - 90.0 Woodley
Waynewood,Week2,Somerset-Olde Creek,Week5,329.0 Waynewood - 73.0 Somerset-Olde Creek
Woodley,Week5,Highlands Swim,Week5,359.0 Highlands Swim - 43.0 Woodley
Waynewood,Week5,Crosspointe,Week2,210.0 Waynewood - 192.0 Crosspointe
Woodley,Week4,Hollin Hills,Week1,243.0 Woodley - 159.0 Hollin Hills
Woodley,Week2,Hollin Hills,Week2,245.0 Woodley - 156.0 Hollin Hills
Waynewood,Week4,Somerset-Olde Creek,Week3,342.0 Waynewood - 60.0 Somerset-Olde Creek
Woodley,Week2,Hollin Hills,Week5,223.0 Woodley - 178.0 Hollin Hills
Waynewood,Week4,Sully Station II,Week4,207.0 Waynewood - 195.0 Sully Station II
Woodley,Week1,Sully Station II,Week4,315.0 Sully Station II - 87.0 Woodley
Woodley,Week3,Overlee,Week2,384.0 Overlee - 18.0 Woodley
Waynewood,Week1,Daventry,Week2,315.5 Waynewood - 86.5 Daventry
Woodley,Week2,Sully Station II,Week5,346.0 Sully Station II - 56.0 Woodley
Waynewood,Week5,Crosspointe,Week1,204.0 Waynewood - 198.0 Crosspointe
Waynewood,Week3,Sully Station II,Week4,213.0 Waynewood - 189.0 Sully Station II
Waynewood,Week3,Daventry,Week2,341.0 Waynewood - 61.0 Daventry
Waynewood,Week5,Crosspointe,Week3,206.0 Waynewood - 196.0 Crosspointe
Woodley,Week1,Parklawn,Week4,222.0 Parklawn - 180.0 Woodley
Waynewood,Week5,Somerset-Olde Creek,Week1,356.0 Waynewood - 46.0 Somerset-Olde Creek
Waynewood,Week2,Sully Station II,Week4,209.0 Waynewood - 192.0 Sully Station II
Woodley,Week5,Highlands Swim,Week4,350.0 Highlands Swim - 52.0 Woodley
Waynewood,Week5,Somerset-Olde Creek,Week3,358.0 Waynewood - 44.0 Somerset-Olde Creek
Waynewood,Week4,Somerset-Olde Creek,Week2,348.0 Waynewood - 54.0 Somerset-Olde Creek
Woodley,Week4,Overlee,Week1,369.0 Overlee - 33.0 Woodley
Woodley,Week4,Sully Station II,Week5,349.0 Sully Station II - 53.0 Woodley
Waynewood,Week4,Somerset-Olde Creek,Week4,338.0 Waynewood - 64.0 Somerset-Olde Creek
Woodley,Week4,Sully Station II,Week4,313.0 Sully Station II - 89.0 Woodley
Woodley,Week4,Sully Station,Week3,320.0 Sully Station - 82.0 Woodley
Waynewood,Week1,South Run,Week3,260.0 Waynewood - 142.0 South Run
Woodley,Week2,Overlee,Week4,397.0 Overlee - 5.0 Woodley
Woodley,Week5,Highlands Swim,Week3,356.0 Highlands Swim - 46.0 Woodley
Woodley,Week2,Sully Station II,Week2,329.5 Sully Station II - 72.5 Woodley
Woodley,Week1,Hollin Hills,Week3,243.0 Woodley - 159.0 Hollin Hills
Waynewood,Week1,Truro,Week3,295.0 Waynewood - 107.0 Truro
Waynewood,Week1,Daventry,Week1,313.0 Waynewood - 89.0 Daventry
Waynewood,Week3,Sully Station II,Week5,228.0 Sully Station II - 174.0 Waynewood
Waynewood,Week3,Daventry,Week1,338.0 Waynewood - 64.0 Daventry
Waynewood,Week2,Daventry,Week3,319.0 Waynewood - 83.0 Daventry
Woodley,Week4,Sully Station II,Week3,342.0 Sully Station II - 60.0 Woodley
Waynewood,Week5,Somerset-Olde Creek,Week5,336.0 Waynewood - 66.0 Somerset-Olde Creek
Woodley,Week1,Hollin Hills,Week4,233.0 Woodley - 169.0 Hollin Hills
Waynewood,Week4,Crosspointe,Week3,237.0 Crosspointe - 165.0 Waynewood
Waynewood,Week3,Truro,Week1,312.0 Waynewood - 90.0 Truro
Woodley,Week1,Hollin Hills,Week5,243.0 Woodley - 158.0 Hollin Hills
Woodley,Week3,Overlee,Week1,379.0 Overlee - 23.0 Woodley
Waynewood,Week2,Truro,Week4,284.0 Waynewood - 118.0 Truro
Woodley,Week4,Overlee,Week2,378.0 Overlee - 24.0 Woodley
Waynewood,Week5,Crosspointe,Week4,204.0 Waynewood - 198.0 Crosspointe
Woodley,Week2,Overlee,Week5,393.0 Overlee - 9.0 Woodley
Woodley,Week1,Hollin Hills,Week2,248.0 Woodley - 154.0 Hollin Hills
Woodley,Week5,Truro,Week3,220.0 Truro - 182.0 Woodley
Waynewood,Week2,South Run,Week2,277.0 Waynewood - 125.0 South Run
Woodley,Week4,Overlee,Week4,392.0 Overlee - 10.0 Woodley
Woodley,Week3,Overlee,Week3,380.0 Overlee - 22.0 Woodley
Woodley,Week5,Highlands Swim,Week2,362.0 Highlands Swim - 40.0 Woodley
Woodley,Week3,Parklawn,Week5,229.0 Parklawn - 172.0 Woodley
Waynewood,Week1,South Run,Week5,236.0 Waynewood - 166.0 South Run
Waynewood,Week5,Fairfax Club Estates,Week1,307.0 Waynewood - 95.0 Fairfax Club Estates
Waynewood,Week3,Daventry,Week5,308.5 Waynewood - 93.5 Daventry
Waynewood,Week2,Daventry,Week1,320.0 Waynewood - 82.0 Daventry
Woodley,Week2,Truro,Week3,226.0 Truro - 176.0 Woodley
Woodley,Week5,Highlands Swim,Week1,353.0 Highlands Swim - 49.0 Woodley
Waynewood,Week1,Truro,Week2,307.0 Waynewood - 95.0 Truro
Woodley,Week5,Parklawn,Week3,199.0 Parklawn - 199.0 Woodley
Waynewood,Week2,Truro,Week5,287.0 Waynewood - 115.0 Truro
Waynewood,Week5,Fairfax Club Estates,Week3,316.0 Waynewood - 86.0 Fairfax Club Estates
Waynewood,Week2,South Run,Week3,276.0 Waynewood - 126.0 South Run
Waynewood,Week3,Somerset-Olde Creek,Week5,337.0 Waynewood - 65.0 Somerset-Olde Creek
Woodley,Week5,Sully Station II,Week4,305.0 Sully Station II - 97.0 Woodley
Woodley,Week4,Truro,Week4,238.0 Truro - 164.0 Woodley
Woodley,Week4,Highlands Swim,Week5,361.0 Highlands Swim - 41.0 Woodley
Waynewood,Week4,Crosspointe,Week5,257.0 Crosspointe - 145.0 Waynewood
Waynewood,Week4,Sully Station II,Week3,248.0 Sully Station II - 154.0 Waynewood
Woodley,Week3,Hollin Hills,Week3,234.0 Woodley - 167.0 Hollin Hills
Waynewood,Week3,Daventry,Week3,328.0 Waynewood - 73.0 Daventry
Waynewood,Week3,Sully Station II,Week2,202.0 Sully Station II - 200.0 Waynewood
Woodley,Week1,Tuckahoe,Week2,372.0 Tuckahoe - 30.0 Woodley
Waynewood,Week5,Sully Station II,Week3,223.5 Sully Station II - 178.5 Waynewood
Woodley,Week3,Parklawn,Week2,201.0 Parklawn - 199.0 Woodley
Waynewood,Week4,Fairfax Club Estates,Week5,287.0 Waynewood - 114.0 Fairfax Club Estates
Waynewood,Week1,South Run,Week4,256.0 Waynewood - 146.0 South Run
Woodley,Week4,Parliament,Week1,281.0 Parliament - 119.0 Woodley
Waynewood,Week3,South Run,Week1,265.0 Waynewood - 128.0 South Run
Waynewood,Week2,Truro,Week1,293.0 Waynewood - 109.0 Truro
Waynewood,Week2,Tuckahoe,Week5,310.5 Tuckahoe - 91.5 Waynewood
Waynewood,Week4,Daventry,Week1,326.0 Waynewood - 76.0 Daventry
Woodley,Week3,Hollin Hills,Week5,222.0 Woodley - 179.0 Hollin Hills
Waynewood,Week2,South Run,Week4,267.0 Waynewood - 135.0 South Run
Waynewood,Week3,Fairfax Club Estates,Week1,308.0 Waynewood - 94.0 Fairfax Club Estates
Woodley,Week4,Hollin Hills,Week2,242.0 Woodley - 159.0 Hollin Hills
Waynewood,Week1,Tuckahoe,Week4,320.0 Tuckahoe - 82.0 Waynewood
Woodley,Week3,Parliament,Week2,247.0 Parliament - 155.0 Woodley
Waynewood,Week2,Fairfax Station,Week2,214.0 Fairfax Station - 188.0 Waynewood
Woodley,Week4,Hollin Hills,Week5,215.0 Woodley - 185.0 Hollin Hills
Waynewood,Week1,Burke Station,Week3,268.0 Waynewood - 129.0 Burke Station
Waynewood,Week3,Somerset-Olde Creek,Week4,348.0 Waynewood - 54.0 Somerset-Olde Creek
Waynewood,Week2,Annandale,Week4,326.0 Waynewood - 76.0 Annandale
Waynewood,Week1,Broyhill Crest,Week1,370.0 Waynewood - 31.0 Broyhill Crest
Waynewood,Week2,Truro,Week2,314.0 Waynewood - 88.0 Truro
Waynewood,Week2,Broyhill Crest,Week4,367.0 Waynewood - 34.0 Broyhill Crest
Waynewood,Week1,Fairfax Station,Week2,249.0 Fairfax Station - 153.0 Waynewood
Waynewood,Week5,Broyhill Crest,Week5,376.0 Waynewood - 26.0 Broyhill Crest
Woodley,Week2,Parliament,Week5,272.5 Parliament - 129.5 Woodley
Woodley,Week3,Truro,Week3,227.0 Truro - 175.0 Woodley
Woodley,Week3,Parliament,Week4,249.0 Parliament - 153.0 Woodley
Waynewood,Week3,Fairfax Club Estates,Week2,320.0 Waynewood - 82.0 Fairfax Club Estates
Waynewood,Week2,Truro,Week3,299.0 Waynewood - 103.0 Truro
Waynewood,Week5,Daventry,Week1,336.5 Waynewood - 65.5 Daventry
Waynewood,Week3,South Run,Week3,287.5 Waynewood - 114.5 South Run
Woodley,Week4,Hollin Hills,Week3,239.0 Woodley - 163.0 Hollin Hills
Woodley,Week2,Truro,Week2,218.0 Truro - 183.0 Woodley
Waynewood,Week5,Daventry,Week2,340.0 Waynewood - 61.0 Daventry
Waynewood,Week1,Fairfax Station,Week1,237.5 Fairfax Station - 164.5 Waynewood
Woodley,Week1,Truro,Week5,253.0 Truro - 149.0 Woodley
Woodley,Week5,Truro,Week4,240.0 Truro - 162.0 Woodley
Waynewood,Week5,Daventry,Week3,338.0 Waynewood - 64.0 Daventry
Woodley,Week2,Parliament,Week4,272.0 Parliament - 130.0 Woodley
Waynewood,Week1,Annandale,Week3,280.0 Waynewood - 122.0 Annandale
Waynewood,Week4,Daventry,Week3,316.0 Waynewood - 86.0 Daventry
Waynewood,Week4,Broyhill Crest,Week1,370.0 Waynewood - 31.0 Broyhill Crest
Woodley,Week5,Sully Station II,Week2,329.0 Sully Station II - 73.0 Woodley
Waynewood,Week5,Somerset-Olde Creek,Week4,345.0 Waynewood - 57.0 Somerset-Olde Creek
Waynewood,Week1,Camelot,Week5,254.0 Waynewood - 148.0 Camelot
Waynewood,Week3,Annandale,Week1,316.0 Waynewood - 86.0 Annandale
Waynewood,Week2,Fairfax Station,Week4,214.0 Fairfax Station - 188.0 Waynewood
Waynewood,Week3,South Run,Week4,280.0 Waynewood - 122.0 South Run
Waynewood,Week1,Fairfax Club Estates,Week1,276.0 Waynewood - 126.0 Fairfax Club Estates
Waynewood,Week3,Fairfax Station,Week2,205.0 Fairfax Station - 197.0 Waynewood
Woodley,Week5,Hollin Meadows,Week3,260.0 Hollin Meadows - 142.0 Woodley
Waynewood,Week1,Dominion Hills,Week3,224.0 Waynewood - 178.0 Dominion Hills
Woodley,Week3,Parklawn,Week3,212.0 Parklawn - 189.0 Woodley
Waynewood,Week3,Annandale,Week4,330.0 Waynewood - 72.0 Annandale
Woodley,Week5,Parklawn,Week2,205.0 Parklawn - 193.0 Woodley
Woodley,Week2,Truro,Week4,248.0 Truro - 154.0 Woodley
Woodley,Week4,Truro,Week3,232.0 Truro - 170.0 Woodley
Woodley,Week5,Hollin Meadows,Week5,286.0 Hollin Meadows - 116.0 Woodley
Waynewood,Week3,Dominion Hills,Week4,235.5 Waynewood - 166.5 Dominion Hills
Woodley,Week2,Truro,Week5,232.0 Truro - 169.0 Woodley
Waynewood,Week1,Broyhill Crest,Week2,378.0 Waynewood - 24.0 Broyhill Crest
Waynewood,Week3,Tuckahoe,Week4,313.0 Tuckahoe - 89.0 Waynewood
Waynewood,Week5,Somerset-Olde Creek,Week2,355.0 Waynewood - 47.0 Somerset-Olde Creek
Waynewood,Week3,Broyhill Crest,Week5,374.0 Waynewood - 28.0 Broyhill Crest
Woodley,Week2,Parklawn,Week5,218.0 Parklawn - 180.0 Woodley
Waynewood,Week4,Annandale,Week1,309.0 Waynewood - 93.0 Annandale
Waynewood,Week4,Truro,Week4,285.0 Waynewood - 117.0 Truro
Woodley,Week5,Hollin Meadows,Week1,267.0 Hollin Meadows - 135.0 Woodley
Waynewood,Week1,Dominion Hills,Week2,209.0 Waynewood - 193.0 Dominion Hills
Waynewood,Week2,Tuckahoe,Week3,324.0 Tuckahoe - 78.0 Waynewood
Woodley,Week1,Hollin Meadows,Week3,282.0 Hollin Meadows - 120.0 Woodley
Waynewood,Week1,Burke Station,Week2,301.0 Waynewood - 101.0 Burke Station
Waynewood,Week2,Camelot,Week2,255.0 Waynewood - 147.0 Camelot
Waynewood,Week3,South Run,Week2,281.0 Waynewood - 121.0 South Run
Waynewood,Week4,Truro,Week5,291.0 Waynewood - 111.0 Truro
Woodley,Week3,Parklawn,Week1,218.0 Woodley - 174.0 Parklawn
Waynewood,Week4,Broyhill Crest,Week5,360.5 Waynewood - 41.5 Broyhill Crest
Woodley,Week1,Holmes Run Acres,Week2,279.0 Holmes Run Acres - 123.0 Woodley
Woodley,Week1,Truro,Week4,252.0 Truro - 150.0 Woodley
Waynewood,Week2,South Run,Week5,248.0 Waynewood - 154.0 South Run
Waynewood,Week4,Dominion Hills,Week4,218.0 Waynewood - 184.0 Dominion Hills
Waynewood,Week5,Camelot,Week2,271.0 Waynewood - 131.0 Camelot
Waynewood,Week2,Fairfax Club Estates,Week4,277.0 Waynewood - 125.0 Fairfax Club Estates
Woodley,Week3,Truro,Week2,217.0 Truro - 185.0 Woodley
Waynewood,Week5,Dominion Hills,Week3,280.0 Waynewood - 122.0 Dominion Hills
Woodley,Week5,Parklawn,Week1,224.0 Woodley - 169.0 Parklawn
Woodley,Week2,Parklawn,Week4,222.0 Parklawn - 175.0 Woodley
Waynewood,Week1,Annandale,Week2,284.0 Waynewood - 118.0 Annandale
Waynewood,Week2,Fairfax Club Estates,Week3,300.0 Waynewood - 102.0 Fairfax Club Estates
Waynewood,Week2,Tuckahoe,Week4,314.0 Tuckahoe - 88.0 Waynewood
Woodley,Week2,Hollin Meadows,Week3,285.0 Hollin Meadows - 117.0 Woodley
Woodley,Week1,Truro,Week1,234.0 Truro - 168.0 Woodley
Woodley,Week1,Hollin Meadows,Week2,258.0 Hollin Meadows - 144.0 Woodley
Waynewood,Week3,Tuckahoe,Week5,294.0 Tuckahoe - 108.0 Waynewood
Waynewood,Week1,South Run,Week2,259.0 Waynewood - 143.0 South Run
Waynewood,Week3,Dominion Hills,Week5,228.0 Waynewood - 174.0 Dominion Hills
Waynewood,Week2,Fairfax Club Estates,Week2,298.0 Waynewood - 104.0 Fairfax Club Estates
Waynewood,Week1,Donaldson Run,Week5,273.0 Donaldson Run - 129.0 Waynewood
Woodley,Week5,Parklawn,Week4,209.0 Parklawn - 188.0 Woodley
Waynewood,Week2,South Run,Week1,252.0 Waynewood - 141.0 South Run
Waynewood,Week2,Camelot,Week3,264.0 Waynewood - 138.0 Camelot
Waynewood,Week1,Canterbury Woods,Week2,255.0 Waynewood - 147.0 Canterbury Woods
Waynewood,Week3,Broyhill Crest,Week2,388.0 Waynewood - 14.0 Broyhill Crest
Waynewood,Week2,Fairfax Club Estates,Week5,291.0 Waynewood - 111.0 Fairfax Club Estates
Waynewood,Week2,Canterbury Woods,Week1,279.0 Waynewood - 122.0 Canterbury Woods
Waynewood,Week2,Dominion Hills,Week5,206.0 Waynewood - 196.0 Dominion Hills
Woodley,Week3,Truro,Week5,238.0 Truro - 164.0 Woodley
Waynewood,Week3,Fairfax Club Estates,Week4,299.0 Waynewood - 103.0 Fairfax Club Estates
Woodley,Week1,Hollin Meadows,Week5,305.0 Hollin Meadows - 97.0 Woodley
Waynewood,Week4,Springboard,Week3,307.0 Waynewood - 94.0 Springboard
Waynewood,Week5,Tuckahoe,Week1,282.0 Tuckahoe - 120.0 Waynewood
Woodley,Week4,Parklawn,Week3,209.0 Parklawn - 192.0 Woodley
Waynewood,Week2,Canterbury Woods,Week5,260.5 Waynewood - 141.5 Canterbury Woods
Woodley,Week5,Hollin Hills,Week5,224.0 Woodley - 178.0 Hollin Hills
Waynewood,Week3,Dominion Hills,Week1,274.5 Waynewood - 127.5 Dominion Hills
Waynewood,Week3,Burke Station,Week2,314.0 Waynewood - 88.0 Burke Station
Woodley,Week4,Truro,Week2,217.0 Truro - 184.0 Woodley
Waynewood,Week4,Fairfax Club Estates,Week1,292.0 Waynewood - 110.0 Fairfax Club Estates
Waynewood,Week3,Fairfax Club Estates,Week5,305.0 Waynewood - 97.0 Fairfax Club Estates
Woodley,Week3,Hollin Meadows,Week3,282.0 Hollin Meadows - 120.0 Woodley
Waynewood,Week3,Donaldson Run,Week1,206.0 Donaldson Run - 196.0 Waynewood
Waynewood,Week1,South Run,Week1,238.0 Waynewood - 155.0 South Run
Woodley,Week5,Parklawn,Week5,204.0 Parklawn - 189.0 Woodley
Woodley,Week4,Truro,Week5,228.0 Truro - 174.0 Woodley
Waynewood,Week1,Annandale,Week4,293.0 Waynewood - 109.0 Annandale
Woodley,Week3,Truro,Week4,235.0 Truro - 167.0 Woodley
Waynewood,Week4,Tuckahoe,Week5,315.5 Tuckahoe - 86.5 Waynewood
Waynewood,Week1,Annandale,Week5,297.0 Waynewood - 105.0 Annandale
Woodley,Week4,Parklawn,Week2,210.0 Parklawn - 191.0 Woodley
Waynewood,Week2,Dominion Hills,Week4,219.0 Waynewood - 183.0 Dominion Hills
Waynewood,Week3,Springboard,Week5,319.0 Waynewood - 83.0 Springboard
Waynewood,Week4,Broyhill Crest,Week2,377.0 Waynewood - 24.0 Broyhill Crest
Waynewood,Week2,Tuckahoe,Week1,287.5 Tuckahoe - 114.5 Waynewood
Waynewood,Week3,Camelot,Week2,274.0 Waynewood - 128.0 Camelot
Waynewood,Week5,Broyhill Crest,Week3,386.0 Waynewood - 16.0 Broyhill Crest
Waynewood,Week3,South Run,Week5,264.0 Waynewood - 138.0 South Run
Waynewood,Week3,Camelot,Week3,281.0 Waynewood - 121.0 Camelot
Waynewood,Week4,Truro,Week2,316.0 Waynewood - 86.0 Truro
Waynewood,Week1,Broyhill Crest,Week5,364.0 Waynewood - 38.0 Broyhill Crest
Waynewood,Week1,Annandale,Week1,296.0 Waynewood - 106.0 Annandale
Woodley,Week4,Hollin Meadows,Week4,276.0 Hollin Meadows - 126.0 Woodley
Waynewood,Week4,South Run,Week3,272.0 Waynewood - 130.0 South Run
Waynewood,Week4,Broyhill Crest,Week4,361.0 Waynewood - 40.0 Broyhill Crest
Waynewood,Week4,Broyhill Crest,Week3,370.0 Waynewood - 31.0 Broyhill Crest
Waynewood,Week4,Canterbury Woods,Week1,275.0 Waynewood - 127.0 Canterbury Woods
Waynewood,Week3,Springboard,Week2,342.0 Waynewood - 60.0 Springboard
Waynewood,Week4,Fairfax Club Estates,Week3,294.0 Waynewood - 108.0 Fairfax Club Estates
Woodley,Week1,Parliament,Week2,248.0 Parliament - 154.0 Woodley
Waynewood,Week2,Burke Station,Week1,250.0 Waynewood - 129.0 Burke Station
Waynewood,Week2,Annandale,Week2,307.0 Waynewood - 95.0 Annandale
Woodley,Week4,Parklawn,Week1,214.0 Woodley - 179.0 Parklawn
Waynewood,Week3,Canterbury Woods,Week3,282.0 Waynewood - 120.0 Canterbury Woods
Waynewood,Week3,Annandale,Week5,317.0 Waynewood - 85.0 Annandale
Woodley,Week2,Hollin Meadows,Week2,263.0 Hollin Meadows - 139.0 Woodley
Waynewood,Week3,Truro,Week3,324.5 Waynewood - 77.5 Truro
Woodley,Week1,Truro,Week2,228.0 Truro - 174.0 Woodley
Woodley,Week5,Sully Station II,Week5,337.0 Sully Station II - 65.0 Woodley
Waynewood,Week3,Canterbury Woods,Week2,305.0 Waynewood - 97.0 Canterbury Woods
Woodley,Week4,Parklawn,Week5,221.0 Parklawn - 180.0 Woodley
Waynewood,Week2,Dominion Hills,Week1,256.0 Waynewood - 146.0 Dominion Hills
Waynewood,Week3,Annandale,Week3,311.0 Waynewood - 91.0 Annandale
Waynewood,Week1,Fairfax Club Estates,Week5,268.0 Waynewood - 134.0 Fairfax Club Estates
Waynewood,Week4,Truro,Week3,314.0 Waynewood - 88.0 Truro
Waynewood,Week3,Springboard,Week1,334.0 Waynewood - 68.0 Springboard
Woodley,Week1,Hollin Meadows,Week4,304.0 Hollin Meadows - 98.0 Woodley
Waynewood,Week4,Fairfax Club Estates,Week2,293.0 Waynewood - 109.0 Fairfax Club Estates
Woodley,Week5,Truro,Week1,225.0 Truro - 176.0 Woodley
Waynewood,Week3,Dominion Hills,Week3,274.0 Waynewood - 128.0 Dominion Hills
Waynewood,Week4,Truro,Week1,291.0 Waynewood - 111.0 Truro
Woodley,Week3,Hollin Meadows,Week2,254.0 Hollin Meadows - 148.0 Woodley
Waynewood,Week5,Dominion Hills,Week5,254.0 Waynewood - 148.0 Dominion Hills
Woodley,Week5,Hollin Hills,Week4,237.0 Woodley - 162.0 Hollin Hills
Waynewood,Week2,Springboard,Week2,327.0 Waynewood - 75.0 Springboard
Waynewood,Week2,Camelot,Week5,268.0 Waynewood - 134.0 Camelot
Woodley,Week3,Hollin Meadows,Week5,304.0 Hollin Meadows - 98.0 Woodley
Waynewood,Week2,Broyhill Crest,Week1,367.0 Waynewood - 34.0 Broyhill Crest
Woodley,Week5,Sully Station II,Week3,332.0 Sully Station II - 70.0 Woodley
Waynewood,Week2,Fairfax Club Estates,Week1,293.0 Waynewood - 109.0 Fairfax Club Estates
Waynewood,Week5,Truro,Week2,324.0 Waynewood - 78.0 Truro
Waynewood,Week3,Broyhill Crest,Week3,382.0 Waynewood - 20.0 Broyhill Crest
Waynewood,Week1,Springboard,Week4,295.0 Waynewood - 107.0 Springboard
Woodley,Week1,Truro,Week3,245.0 Truro - 157.0 Woodley
Waynewood,Week5,Camelot,Week4,293.0 Waynewood - 109.0 Camelot
Woodley,Week4,Parklawn,Week4,228.0 Parklawn - 173.0 Woodley
Waynewood,Week5,Truro,Week4,302.0 Waynewood - 100.0 Truro
Waynewood,Week3,Fairfax Club Estates,Week3,320.0 Waynewood - 82.0 Fairfax Club Estates
Waynewood,Week1,Dominion Hills,Week1,228.0 Waynewood - 174.0 Dominion Hills
Waynewood,Week1,Fairfax Club Estates,Week2,281.0 Waynewood - 121.0 Fairfax Club Estates
Waynewood,Week5,Truro,Week3,332.0 Waynewood - 70.0 Truro
Waynewood,Week2,Camelot,Week4,263.0 Waynewood - 139.0 Camelot
Waynewood,Week2,Annandale,Week3,301.0 Waynewood - 101.0 Annandale
Woodley,Week1,Parliament,Week3,261.0 Parliament - 141.0 Woodley
Woodley,Week1,Parliament,Week5,256.5 Parliament - 145.5 Woodley
Woodley,Week3,Truro,Week1,237.5 Truro - 164.5 Woodley
Waynewood,Week1,Broyhill Crest,Week3,373.0 Waynewood - 29.0 Broyhill Crest
Waynewood,Week4,Dominion Hills,Week3,258.0 Waynewood - 144.0 Dominion Hills
Waynewood,Week2,Dominion Hills,Week3,253.0 Waynewood - 149.0 Dominion Hills
Waynewood,Week2,Broyhill Crest,Week2,380.0 Waynewood - 20.0 Broyhill Crest
Waynewood,Week3,Truro,Week4,300.0 Waynewood - 102.0 Truro
Woodley,Week2,Hollin Meadows,Week5,289.0 Hollin Meadows - 113.0 Woodley
Waynewood,Week1,Fairfax Club Estates,Week3,282.0 Waynewood - 120.0 Fairfax Club Estates
Woodley,Week3,Parklawn,Week4,215.0 Parklawn - 182.0 Woodley
Waynewood,Week4,Springboard,Week1,309.0 Waynewood - 92.0 Springboard
Woodley,Week2,Parliament,Week2,266.0 Parliament - 136.0 Woodley
Waynewood,Week4,Camelot,Week1,259.0 Waynewood - 143.0 Camelot
Woodley,Week5,Truro,Week2,207.0 Truro - 194.0 Woodley
Waynewood,Week5,Broyhill Crest,Week2,387.0 Waynewood - 15.0 Broyhill Crest
Waynewood,Week2,Annandale,Week5,300.0 Waynewood - 102.0 Annandale
Waynewood,Week4,Fairfax Club Estates,Week4,280.0 Waynewood - 122.0 Fairfax Club Estates
Woodley,Week4,Hollin Meadows,Week3,277.0 Hollin Meadows - 125.0 Woodley
Waynewood,Week4,Camelot,Week2,253.0 Waynewood - 149.0 Camelot
Waynewood,Week1,Springboard,Week2,327.0 Waynewood - 75.0 Springboard
Waynewood,Week2,Donaldson Run,Week1,224.0 Donaldson Run - 178.0 Waynewood
Waynewood,Week3,Camelot,Week5,281.0 Waynewood - 121.0 Camelot
Woodley,Week5,Truro,Week5,221.0 Truro - 180.0 Woodley
Waynewood,Week1,Tuckahoe,Week1,309.0 Tuckahoe - 93.0 Waynewood
Woodley,Week1,Parliament,Week1,264.0 Parliament - 138.0 Woodley
Waynewood,Week4,South Run,Week2,271.0 Waynewood - 131.0 South Run
Waynewood,Week1,Fairfax Club Estates,Week4,261.5 Waynewood - 140.5 Fairfax Club Estates
Waynewood,Week5,South Run,Week3,277.0 Waynewood - 125.0 South Run
Waynewood,Week5,Truro,Week1,315.0 Waynewood - 87.0 Truro
Waynewood,Week5,South Run,Week2,284.0 Waynewood - 118.0 South Run
Waynewood,Week4,Dominion Hills,Week2,250.0 Waynewood - 152.0 Dominion Hills
Waynewood,Week1,Broyhill Crest,Week4,361.0 Waynewood - 41.0 Broyhill Crest
Waynewood,Week3,Annandale,Week2,314.0 Waynewood - 88.0 Annandale
Woodley,Week4,Hollin Meadows,Week2,253.0 Hollin Meadows - 149.0 Woodley
Woodley,Week2,Truro,Week1,238.0 Truro - 163.0 Woodley
Woodley,Week2,Parliament,Week1,291.0 Parliament - 111.0 Woodley
Waynewood,Week5,Fairfax Club Estates,Week2,323.0 Waynewood - 79.0 Fairfax Club Estates
Waynewood,Week5,Fairfax Club Estates,Week4,293.0 Waynewood - 109.0 Fairfax Club Estates
Waynewood,Week1,Donaldson Run,Week1,247.0 Donaldson Run - 155.0 Waynewood
Waynewood,Week2,Broyhill Crest,Week3,374.0 Waynewood - 27.0 Broyhill Crest
Waynewood,Week2,Annandale,Week1,315.5 Waynewood - 86.5 Annandale
Woodley,Week2,Parliament,Week3,278.0 Parliament - 124.0 Woodley
Woodley,Week4,Truro,Week1,239.0 Truro - 163.0 Woodley
Waynewood,Week5,Truro,Week5,315.0 Waynewood - 87.0 Truro
Waynewood,Week1,Donaldson Run,Week2,247.5 Donaldson Run - 154.5 Waynewood
Waynewood,Week5,Broyhill Crest,Week1,385.0 Waynewood - 17.0 Broyhill Crest
Woodley,Week4,Hollin Meadows,Week1,282.0 Hollin Meadows - 120.0 Woodley
Woodley,Week2,Hollin Meadows,Week4,286.0 Hollin Meadows - 116.0 Woodley
Waynewood,Week3,Camelot,Week1,287.0 Waynewood - 115.0 Camelot
Waynewood,Week4,Dominion Hills,Week1,248.0 Waynewood - 154.0 Dominion Hills
Waynewood,Week1,Fairfax Station,Week3,256.0 Fairfax Station - 146.0 Waynewood
Waynewood,Week2,Tuckahoe,Week2,297.0 Tuckahoe - 105.0 Waynewood
Waynewood,Week2,Broyhill Crest,Week5,362.0 Waynewood - 40.0 Broyhill Crest
Waynewood,Week1,Springboard,Week3,313.0 Waynewood - 89.0 Springboard
Waynewood,Week3,Broyhill Crest,Week4,376.0 Waynewood - 26.0 Broyhill Crest
Waynewood,Week1,Tuckahoe,Week2,312.0 Tuckahoe - 90.0 Waynewood
Woodley,Week3,Hollin Meadows,Week4,282.0 Hollin Meadows - 120.0 Woodley
Waynewood,Week5,Fairfax Club Estates,Week5,309.0 Waynewood - 92.0 Fairfax Club Estates
Waynewood,Week5,South Run,Week5,263.0 Waynewood - 139.0 South Run
Woodley,Week1,Parliament,Week4,261.0 Parliament - 141.0 Woodley
Woodley,Week5,Hollin Hills,Week3,234.0 Woodley - 168.0 Hollin Hills
Woodley,Week1,Tuckahoe,Week3,379.0 Tuckahoe - 23.0 Woodley
Waynewood,Week4,Annandale,Week2,313.0 Waynewood - 89.0 Annandale
Woodley,Week1,Tuckahoe,Week1,371.0 Tuckahoe - 31.0 Woodley
Waynewood,Week4,Camelot,Week4,256.0 Waynewood - 146.0 Camelot
Waynewood,Week1,Tuckahoe,Week3,326.0 Tuckahoe - 76.0 Waynewood
Waynewood,Week4,Annandale,Week3,306.0 Waynewood - 96.0 Annandale
Woodley,Week5,Hollin Hills,Week2,242.0 Woodley - 158.0 Hollin Hills
Waynewood,Week1,Donaldson Run,Week4,244.0 Donaldson Run - 158.0 Waynewood
Waynewood,Week4,Camelot,Week3,268.0 Waynewood - 134.0 Camelot
Waynewood,Week3,Broyhill Crest,Week1,382.0 Waynewood - 20.0 Broyhill Crest
Waynewood,Week1,Fairfax Station,Week4,235.0 Fairfax Station - 167.0 Waynewood
Waynewood,Week1,Dominion Hills,Week5,208.0 Dominion Hills - 194.0 Waynewood
Waynewood,Week1,Springboard,Week1,283.0 Waynewood - 119.0 Springboard
Waynewood,Week1,Tuckahoe,Week5,307.0 Tuckahoe - 95.0 Waynewood
Woodley,Week1,Tuckahoe,Week4,381.0 Tuckahoe - 21.0 Woodley
Waynewood,Week5,Camelot,Week1,290.0 Waynewood - 112.0 Camelot
Woodley,Week3,Parliament,Week3,263.0 Parliament - 139.0 Woodley
Woodley,Week3,Parliament,Week1,277.0 Parliament - 124.0 Woodley
Woodley,Week4,Hollin Meadows,Week5,296.0 Hollin Meadows - 106.0 Woodley
Waynewood,Week1,Overlee,Week3,279.0 Overlee - 123.0 Waynewood
Waynewood,Week3,Tuckahoe,Week2,293.0 Tuckahoe - 109.0 Waynewood
Waynewood,Week1,Canterbury Woods,Week1,256.0 Waynewood - 146.0 Canterbury Woods
Waynewood,Week4,South Run,Week5,235.0 Waynewood - 167.0 South Run
Waynewood,Week3,Tuckahoe,Week1,277.0 Tuckahoe - 125.0 Waynewood
Woodley,Week3,Hollin Meadows,Week1,275.0 Hollin Meadows - 126.0 Woodley
Waynewood,Week1,Overlee,Week5,314.0 Overlee - 88.0 Waynewood
Woodley,Week1,Hollin Meadows,Week1,291.0 Hollin Meadows - 111.0 Woodley
Woodley,Week2,Vienna Aquatic,Week1,362.0 Vienna Aquatic - 40.0 Woodley
Waynewood,Week3,Camelot,Week4,282.0 Waynewood - 120.0 Camelot
Waynewood,Week4,Dominion Hills,Week5,224.0 Waynewood - 178.0 Dominion Hills
Waynewood,Week2,Springboard,Week1,317.0 Waynewood - 85.0 Springboard
Waynewood,Week5,Broyhill Crest,Week4,377.0 Waynewood - 25.0 Broyhill Crest
Woodley,Week1,Tuckahoe,Week5,375.0 Tuckahoe - 27.0 Woodley
Waynewood,Week1,Dominion Hills,Week4,211.0 Waynewood - 191.0 Dominion Hills
Waynewood,Week1,Burke Station,Week4,298.0 Waynewood - 104.0 Burke Station
Waynewood,Week2,Fairfax Station,Week1,212.5 Fairfax Station - 189.5 Waynewood
Waynewood,Week4,South Run,Week4,268.5 Waynewood - 133.5 South Run
Woodley,Week5,Parliament,Week1,273.0 Parliament - 129.0 Woodley
Waynewood,Week2,Fairfax Station,Week3,239.0 Fairfax Station - 163.0 Waynewood
Woodley,Week5,Parliament,Week2,255.0 Parliament - 146.0 Woodley
Woodley,Week2,Tuckahoe,Week1,365.0 Tuckahoe - 37.0 Woodley
Woodley,Week1,Vienna Aquatic,Week1,353.0 Vienna Aquatic - 49.0 Woodley
Waynewood,Week5,Camelot,Week3,289.0 Waynewood - 113.0 Camelot
Woodley,Week2,Hollin Meadows,Week1,284.0 Hollin Meadows - 118.0 Woodley
Waynewood,Week1,Burke Station,Week1,249.0 Waynewood - 130.0 Burke Station
Waynewood,Week4,Camelot,Week5,265.0 Waynewood - 137.0 Camelot
Waynewood,Week2,Dominion Hills,Week2,254.0 Waynewood - 148.0 Dominion Hills
Woodley,Week3,Parliament,Week5,266.0 Parliament - 136.0 Woodley
Waynewood,Week1,Fairfax Station,Week5,262.0 Fairfax Station - 140.0 Waynewood
Waynewood,Week3,Truro,Week5,311.0 Waynewood - 91.0 Truro
Waynewood,Week1,Camelot,Week4,252.0 Waynewood - 150.0 Camelot
Waynewood,Week3,Springboard,Week3,338.0 Waynewood - 64.0 Springboard
Waynewood,Week2,Springboard,Week4,312.5 Waynewood - 89.5 Springboard
Waynewood,Week2,Burke Station,Week2,305.0 Waynewood - 96.0 Burke Station
Waynewood,Week3,Tuckahoe,Week3,318.0 Tuckahoe - 84.0 Waynewood
Woodley,Week5,Hollin Meadows,Week2,244.0 Hollin Meadows - 158.0 Woodley
Waynewood,Week5,Orange Hunt,Week4,240.5 Waynewood - 161.5 Orange Hunt
Woodley,Week3,Tuckahoe,Week1,369.0 Tuckahoe - 33.0 Woodley
Waynewood,Week2,Burke Station,Week5,274.0 Waynewood - 128.0 Burke Station
Woodley,Week1,Holmes Run Acres,Week1,278.0 Holmes Run Acres - 124.0 Woodley
Waynewood,Week4,Orange Hunt,Week5,205.0 Orange Hunt - 197.0 Waynewood
Waynewood,Week5,South Run,Week4,289.0 Waynewood - 113.0 South Run
Waynewood,Week5,Dominion Hills,Week2,276.0 Waynewood - 126.0 Dominion Hills
Waynewood,Week1,Burke Station,Week5,269.0 Waynewood - 133.0 Burke Station
Woodley,Week5,Hollin Meadows,Week4,259.5 Hollin Meadows - 142.5 Woodley
Waynewood,Week4,Orange Hunt,Week4,213.5 Waynewood - 188.5 Orange Hunt
Waynewood,Week2,Burke Station,Week3,279.0 Waynewood - 117.0 Burke Station
Woodley,Week4,Pinecrest,Week3,334.0 Pinecrest - 68.0 Woodley
Waynewood,Week3,Dominion Hills,Week2,266.0 Waynewood - 136.0 Dominion Hills
Waynewood,Week2,Camelot,Week1,259.0 Waynewood - 143.0 Camelot
Waynewood,Week4,Fairfax Station,Week1,230.0 Fairfax Station - 172.0 Waynewood
Waynewood,Week3,Fairfax Station,Week1,207.0 Fairfax Station - 195.0 Waynewood
Waynewood,Week5,Dominion Hills,Week1,287.0 Waynewood - 115.0 Dominion Hills
Woodley,Week4,Pinecrest,Week5,326.0 Pinecrest - 71.0 Woodley
Waynewood,Week1,Donaldson Run,Week3,250.0 Donaldson Run - 152.0 Waynewood
Woodley,Week2,Tuckahoe,Week2,371.0 Tuckahoe - 31.0 Woodley
Waynewood,Week4,Tuckahoe,Week1,300.0 Tuckahoe - 102.0 Waynewood
Waynewood,Week2,Fairfax Station,Week5,244.5 Fairfax Station - 157.5 Waynewood
Waynewood,Week5,Camelot,Week5,286.0 Waynewood - 116.0 Camelot
Waynewood,Week2,Springboard,Week5,306.5 Waynewood - 95.5 Springboard
Waynewood,Week3,Orange Hunt,Week2,252.0 Waynewood - 150.0 Orange Hunt
Woodley,Week1,Pinecrest,Week3,346.0 Pinecrest - 56.0 Woodley
Woodley,Week1,Holmes Run Acres,Week3,315.0 Holmes Run Acres - 87.0 Woodley
Waynewood,Week4,Tuckahoe,Week2,309.0 Tuckahoe - 93.0 Waynewood
Woodley,Week4,Tuckahoe,Week4,376.0 Tuckahoe - 26.0 Woodley
Waynewood,Week4,Tuckahoe,Week3,336.0 Tuckahoe - 66.0 Waynewood
Woodley,Week5,Pinecrest,Week1,295.0 Pinecrest - 107.0 Woodley
Waynewood,Week1,Forest Hollow,Week2,225.0 Waynewood - 177.0 Forest Hollow
Woodley,Week2,Pinecrest,Week5,329.0 Pinecrest - 72.0 Woodley
Waynewood,Week1,Canterbury Woods,Week5,236.0 Waynewood - 166.0 Canterbury Woods
Waynewood,Week4,South Run,Week1,251.0 Waynewood - 142.0 South Run
Waynewood,Week1,Springboard,Week5,293.0 Waynewood - 109.0 Springboard
Waynewood,Week1,Canterbury Woods,Week3,233.5 Waynewood - 168.5 Canterbury Woods
Waynewood,Week3,Overlee,Week2,262.0 Overlee - 140.0 Waynewood
Woodley,Week5,Parliament,Week4,255.0 Parliament - 147.0 Woodley
Waynewood,Week5,Tuckahoe,Week4,306.0 Tuckahoe - 96.0 Waynewood
Woodley,Week5,Tuckahoe,Week3,377.0 Tuckahoe - 25.0 Woodley
Waynewood,Week5,South Run,Week1,262.0 Waynewood - 131.0 South Run
Waynewood,Week2,Forest Hollow,Week1,239.0 Waynewood - 163.0 Forest Hollow
Waynewood,Week3,Burke Station,Week1,273.0 Waynewood - 106.0 Burke Station
Waynewood,Week2,Donaldson Run,Week3,233.0 Donaldson Run - 169.0 Waynewood
Waynewood,Week1,Canterbury Woods,Week4,234.0 Waynewood - 168.0 Canterbury Woods
Woodley,Week5,Tuckahoe,Week5,374.0 Tuckahoe - 28.0 Woodley
Woodley,Week1,Holmes Run Acres,Week5,313.0 Holmes Run Acres - 89.0 Woodley
Waynewood,Week2,Burke Station,Week4,301.5 Waynewood - 100.5 Burke Station
Waynewood,Week5,Fairfax Station,Week4,212.0 Waynewood - 190.0 Fairfax Station
Waynewood,Week3,Burke Station,Week3,298.0 Waynewood - 99.0 Burke Station
Woodley,Week1,Vienna Aquatic,Week3,358.0 Vienna Aquatic - 44.0 Woodley
Woodley,Week5,Pinecrest,Week2,324.0 Pinecrest - 78.0 Woodley
Waynewood,Week2,Orange Hunt,Week1,227.0 Waynewood - 175.0 Orange Hunt
Woodley,Week2,Holmes Run Acres,Week1,290.0 Holmes Run Acres - 112.0 Woodley
Waynewood,Week1,Forest Hollow,Week3,211.0 Waynewood - 191.0 Forest Hollow
Waynewood,Week5,Dominion Hills,Week4,259.5 Waynewood - 142.5 Dominion Hills
Waynewood,Week3,Orange Hunt,Week5,229.0 Waynewood - 173.0 Orange Hunt
Waynewood,Week4,Tuckahoe,Week4,326.0 Tuckahoe - 76.0 Waynewood
Woodley,Week1,Holmes Run Acres,Week4,302.0 Holmes Run Acres - 100.0 Woodley
Waynewood,Week2,Donaldson Run,Week2,225.0 Donaldson Run - 177.0 Waynewood
Waynewood,Week1,Vienna Aquatic,Week2,266.5 Vienna Aquatic - 135.5 Waynewood
Waynewood,Week2,Orange Hunt,Week3,214.5 Waynewood - 187.5 Orange Hunt
Waynewood,Week3,Fairfax Station,Week4,208.0 Waynewood - 194.0 Fairfax Station
Woodley,Week5,Holmes Run Acres,Week1,274.0 Holmes Run Acres - 128.0 Woodley
Woodley,Week3,Tuckahoe,Week4,377.0 Tuckahoe - 25.0 Woodley
Waynewood,Week2,Canterbury Woods,Week4,260.0 Waynewood - 142.0 Canterbury Woods
Waynewood,Week3,Donaldson Run,Week3,218.0 Donaldson Run - 184.0 Waynewood
Waynewood,Week2,Donaldson Run,Week5,251.0 Donaldson Run - 151.0 Waynewood
Waynewood,Week2,Canterbury Woods,Week2,277.0 Waynewood - 125.0 Canterbury Woods
Woodley,Week3,Vienna Aquatic,Week1,356.0 Vienna Aquatic - 46.0 Woodley
Waynewood,Week4,Springboard,Week2,323.0 Waynewood - 78.0 Springboard
Woodley,Week1,Hunt Valley,Week1,326.0 Hunt Valley - 76.0 Woodley
Waynewood,Week4,Burke Station,Week5,279.0 Waynewood - 123.0 Burke Station
Waynewood,Week1,Orange Hunt,Week5,207.0 Orange Hunt - 195.0 Waynewood
Waynewood,Week3,Springboard,Week4,327.0 Waynewood - 75.0 Springboard
Woodley,Week5,Parliament,Week5,252.0 Parliament - 150.0 Woodley
Waynewood,Week2,Canterbury Woods,Week3,255.5 Waynewood - 146.5 Canterbury Woods
Waynewood,Week2,Springboard,Week3,315.0 Waynewood - 87.0 Springboard
Waynewood,Week3,Vienna Aquatic,Week5,255.0 Vienna Aquatic - 147.0 Waynewood
Waynewood,Week3,Burke Station,Week5,296.0 Waynewood - 106.0 Burke Station
Waynewood,Week5,Tuckahoe,Week2,292.0 Tuckahoe - 110.0 Waynewood
Woodley,Week1,Vienna Aquatic,Week5,352.0 Vienna Aquatic - 50.0 Woodley
Waynewood,Week3,Canterbury Woods,Week1,301.0 Waynewood - 101.0 Canterbury Woods
Woodley,Week2,Holmes Run Acres,Week2,277.5 Holmes Run Acres - 124.5 Woodley
Waynewood,Week4,Vienna Aquatic,Week2,250.0 Vienna Aquatic - 152.0 Waynewood
Waynewood,Week4,Burke Station,Week1,271.0 Waynewood - 107.0 Burke Station
Woodley,Week2,Tuckahoe,Week3,380.0 Tuckahoe - 22.0 Woodley
Waynewood,Week2,Orange Hunt,Week5,204.0 Waynewood - 198.0 Orange Hunt
Woodley,Week3,Pinecrest,Week4,332.0 Pinecrest - 70.0 Woodley
Waynewood,Week3,Fairfax Station,Week5,231.0 Fairfax Station - 171.0 Waynewood
Waynewood,Week2,Forest Hollow,Week3,232.0 Waynewood - 170.0 Forest Hollow
Waynewood,Week2,Donaldson Run,Week4,225.0 Donaldson Run - 177.0 Waynewood
Woodley,Week1,Pinecrest,Week4,336.0 Pinecrest - 66.0 Woodley
Waynewood,Week1,Forest Hollow,Week5,209.0 Waynewood - 193.0 Forest Hollow
Waynewood,Week1,Vienna Woods,Week2,275.0 Vienna Woods - 127.0 Waynewood
Waynewood,Week5,Springboard,Week5,327.0 Waynewood - 74.0 Springboard
Waynewood,Week3,Orange Hunt,Week4,252.0 Waynewood - 150.0 Orange Hunt
Waynewood,Week1,Springfield,Week4,375.0 Waynewood - 27.0 Springfield
Waynewood,Week4,Burke Station,Week3,280.0 Waynewood - 117.0 Burke Station
Waynewood,Week5,Burke Station,Week5,301.5 Waynewood - 100.5 Burke Station
Waynewood,Week2,Orange Hunt,Week4,224.0 Waynewood - 178.0 Orange Hunt
Waynewood,Week3,Forest Hollow,Week2,262.5 Waynewood - 139.5 Forest Hollow
Waynewood,Week5,Springboard,Week2,345.0 Waynewood - 56.0 Springboard
Woodley,Week4,Holmes Run Acres,Week3,314.0 Holmes Run Acres - 88.0 Woodley
Waynewood,Week3,Donaldson Run,Week5,238.0 Donaldson Run - 164.0 Waynewood
Woodley,Week2,Pinecrest,Week1,307.0 Pinecrest - 95.0 Woodley
Woodley,Week3,Pinecrest,Week1,317.0 Pinecrest - 85.0 Woodley
Waynewood,Week3,Forest Hollow,Week1,249.0 Waynewood - 153.0 Forest Hollow
Waynewood,Week3,Forest Hollow,Week3,253.0 Waynewood - 149.0 Forest Hollow
Woodley,Week4,Tuckahoe,Week3,373.0 Tuckahoe - 29.0 Woodley
Woodley,Week1,Pinecrest,Week5,324.0 Pinecrest - 78.0 Woodley
Waynewood,Week4,Donaldson Run,Week1,229.0 Donaldson Run - 173.0 Waynewood
Waynewood,Week3,Orange Hunt,Week1,258.0 Waynewood - 144.0 Orange Hunt
Waynewood,Week5,Tuckahoe,Week3,309.0 Tuckahoe - 93.0 Waynewood
Woodley,Week2,Tuckahoe,Week5,372.0 Tuckahoe - 30.0 Woodley
Waynewood,Week3,Donaldson Run,Week2,209.0 Donaldson Run - 193.0 Waynewood
Waynewood,Week5,Burke Station,Week2,317.0 Waynewood - 84.0 Burke Station
Woodley,Week2,Tuckahoe,Week4,381.0 Tuckahoe - 21.0 Woodley
Waynewood,Week3,Canterbury Woods,Week4,283.0 Waynewood - 119.0 Canterbury Woods
Woodley,Week2,Hunt Valley,Week1,332.5 Hunt Valley - 69.5 Woodley
Waynewood,Week4,Orange Hunt,Week2,214.0 Waynewood - 188.0 Orange Hunt
Woodley,Week3,Hunt Valley,Week2,344.0 Hunt Valley - 58.0 Woodley
Waynewood,Week2,Vienna Aquatic,Week3,269.5 Vienna Aquatic - 132.5 Waynewood
Waynewood,Week3,Donaldson Run,Week4,214.5 Donaldson Run - 187.5 Waynewood
Waynewood,Week4,Canterbury Woods,Week2,281.0 Waynewood - 121.0 Canterbury Woods
Woodley,Week2,Pinecrest,Week2,332.0 Pinecrest - 70.0 Woodley
Waynewood,Week3,Canterbury Woods,Week5,285.0 Waynewood - 117.0 Canterbury Woods
Woodley,Week3,Holmes Run Acres,Week4,309.0 Holmes Run Acres - 93.0 Woodley
Waynewood,Week1,Vienna Woods,Week4,251.0 Vienna Woods - 151.0 Waynewood
Waynewood,Week2,Springfield,Week1,381.0 Waynewood - 19.0 Springfield
Waynewood,Week5,Burke Station,Week1,283.0 Waynewood - 95.0 Burke Station
Waynewood,Week4,Canterbury Woods,Week5,254.0 Waynewood - 147.0 Canterbury Woods
Waynewood,Week5,Orange Hunt,Week2,241.0 Waynewood - 161.0 Orange Hunt
Waynewood,Week1,Camelot,Week1,259.5 Waynewood - 142.5 Camelot
Waynewood,Week5,Springboard,Week4,335.0 Waynewood - 67.0 Springboard
Woodley,Week3,Pinecrest,Week5,328.0 Pinecrest - 74.0 Woodley
Woodley,Week3,Tuckahoe,Week2,373.0 Tuckahoe - 29.0 Woodley
Waynewood,Week5,Fairfax Station,Week2,211.0 Fairfax Station - 191.0 Waynewood
Waynewood,Week3,Forest Hollow,Week4,245.5 Waynewood - 156.5 Forest Hollow
Waynewood,Week4,Vienna Aquatic,Week1,242.0 Vienna Aquatic - 160.0 Waynewood
Waynewood,Week5,Vienna Aquatic,Week2,229.0 Vienna Aquatic - 173.0 Waynewood
Woodley,Week5,Holmes Run Acres,Week3,304.0 Holmes Run Acres - 98.0 Woodley
Waynewood,Week3,Vienna Aquatic,Week4,214.0 Vienna Aquatic - 188.0 Waynewood
Woodley,Week1,Pinecrest,Week2,325.0 Pinecrest - 77.0 Woodley
Waynewood,Week2,Springfield,Week2,379.0 Waynewood - 21.0 Springfield
Waynewood,Week5,Burke Station,Week4,322.0 Waynewood - 80.0 Burke Station
Waynewood,Week1,Springfield,Week3,381.0 Waynewood - 21.0 Springfield
Woodley,Week3,Tuckahoe,Week3,376.0 Tuckahoe - 26.0 Woodley
Woodley,Week4,Parliament,Week2,262.0 Parliament - 140.0 Woodley
Woodley,Week5,Holmes Run Acres,Week5,296.0 Holmes Run Acres - 106.0 Woodley
Woodley,Week1,Vienna Aquatic,Week4,352.0 Vienna Aquatic - 50.0 Woodley
Waynewood,Week5,Orange Hunt,Week3,240.0 Waynewood - 162.0 Orange Hunt
Waynewood,Week4,Canterbury Woods,Week3,252.0 Waynewood - 150.0 Canterbury Woods
Waynewood,Week1,Camelot,Week2,252.0 Waynewood - 150.0 Camelot
Woodley,Week5,Tuckahoe,Week2,373.0 Tuckahoe - 29.0 Woodley
Waynewood,Week5,Orange Hunt,Week1,234.5 Waynewood - 167.5 Orange Hunt
Waynewood,Week4,Canterbury Woods,Week4,248.0 Waynewood - 154.0 Canterbury Woods
Woodley,Week4,Holmes Run Acres,Week5,323.0 Holmes Run Acres - 79.0 Woodley
Waynewood,Week4,Donaldson Run,Week3,231.0 Donaldson Run - 171.0 Waynewood
Waynewood,Week4,Fairfax Station,Week4,237.0 Fairfax Station - 165.0 Waynewood
Waynewood,Week4,Donaldson Run,Week2,242.0 Donaldson Run - 160.0 Waynewood
Woodley,Week1,Hunt Valley,Week2,335.5 Hunt Valley - 66.5 Woodley
Waynewood,Week4,Springboard,Week4,304.0 Waynewood - 98.0 Springboard
Waynewood,Week5,Canterbury Woods,Week2,307.0 Waynewood - 95.0 Canterbury Woods
Woodley,Week3,Pinecrest,Week3,339.0 Pinecrest - 63.0 Woodley
Waynewood,Week1,Springfield,Week5,384.0 Waynewood - 18.0 Springfield
Waynewood,Week1,Camelot,Week3,248.5 Waynewood - 153.5 Camelot
Waynewood,Week1,Forest Hollow,Week1,217.0 Waynewood - 185.0 Forest Hollow
Waynewood,Week4,Burke Station,Week4,312.0 Waynewood - 90.0 Burke Station
Waynewood,Week1,Forest Hollow,Week4,211.0 Waynewood - 191.0 Forest Hollow
Waynewood,Week4,Burke Station,Week2,308.0 Waynewood - 93.0 Burke Station
Waynewood,Week5,Canterbury Woods,Week1,307.0 Waynewood - 95.0 Canterbury Woods
Waynewood,Week5,Orange Hunt,Week5,232.0 Waynewood - 170.0 Orange Hunt
Waynewood,Week3,Springfield,Week3,385.0 Waynewood - 17.0 Springfield
Woodley,Week2,Holmes Run Acres,Week4,290.5 Holmes Run Acres - 111.5 Woodley
Woodley,Week1,Pinecrest,Week1,313.0 Pinecrest - 89.0 Woodley
Waynewood,Week5,Canterbury Woods,Week4,289.0 Waynewood - 113.0 Canterbury Woods
Woodley,Week3,Pinecrest,Week2,342.0 Pinecrest - 60.0 Woodley
Waynewood,Week4,Orange Hunt,Week3,213.0 Waynewood - 189.0 Orange Hunt
Woodley,Week1,Hunt Valley,Week4,342.0 Hunt Valley - 60.0 Woodley
Waynewood,Week2,Vienna Woods,Week4,241.0 Vienna Woods - 161.0 Waynewood
Woodley,Week3,Tuckahoe,Week5,375.0 Tuckahoe - 27.0 Woodley
Waynewood,Week3,Springfield,Week1,387.0 Waynewood - 15.0 Springfield
Waynewood,Week3,Vienna Woods,Week1,245.5 Vienna Woods - 156.5 Waynewood
Waynewood,Week4,Fairfax Station,Week3,238.0 Fairfax Station - 164.0 Waynewood
Waynewood,Week2,Orange Hunt,Week2,227.0 Waynewood - 175.0 Orange Hunt
Waynewood,Week2,Vienna Aquatic,Week1,251.0 Vienna Aquatic - 151.0 Waynewood
Waynewood,Week5,Canterbury Woods,Week3,287.0 Waynewood - 115.0 Canterbury Woods
Woodley,Week5,Tuckahoe,Week1,368.0 Tuckahoe - 34.0 Woodley
Waynewood,Week2,Forest Hollow,Week2,244.0 Waynewood - 158.0 Forest Hollow
Waynewood,Week3,Burke Station,Week4,316.0 Waynewood - 86.0 Burke Station
Woodley,Week2,Vienna Aquatic,Week2,352.0 Vienna Aquatic - 50.0 Woodley
Woodley,Week4,Parliament,Week3,270.0 Parliament - 132.0 Woodley
Woodley,Week2,Pinecrest,Week3,339.0 Pinecrest - 63.0 Woodley
Waynewood,Week4,Vienna Aquatic,Week3,267.0 Vienna Aquatic - 135.0 Waynewood
Woodley,Week2,Hunt Valley,Week4,347.0 Hunt Valley - 55.0 Woodley
Waynewood,Week5,Burke Station,Week3,308.0 Waynewood - 89.0 Burke Station
Waynewood,Week4,Orange Hunt,Week1,225.0 Waynewood - 177.0 Orange Hunt
Waynewood,Week1,Cardinal Hill,Week2,202.5 Waynewood - 199.5 Cardinal Hill
Woodley,Week4,Tuckahoe,Week1,366.0 Tuckahoe - 36.0 Woodley
Waynewood,Week2,Springfield,Week3,379.0 Waynewood - 23.0 Springfield
Waynewood,Week2,Springfield,Week5,385.0 Waynewood - 16.0 Springfield
Waynewood,Week5,Fairfax Station,Week1,204.0 Fairfax Station - 198.0 Waynewood
Woodley,Week5,Tuckahoe,Week4,383.0 Tuckahoe - 19.0 Woodley
Waynewood,Week1,Cardinal Hill,Week1,229.0 Cardinal Hill - 173.0 Waynewood
Waynewood,Week1,Vienna Aquatic,Week1,269.5 Vienna Aquatic - 132.5 Waynewood
Woodley,Week2,Holmes Run Acres,Week3,323.0 Holmes Run Acres - 79.0 Woodley
Woodley,Week2,Hunt Valley,Week3,348.0 Hunt Valley - 54.0 Woodley
Waynewood,Week1,Cardinal Hill,Week3,246.0 Cardinal Hill - 156.0 Waynewood
Waynewood,Week5,Canterbury Woods,Week5,283.0 Waynewood - 118.0 Canterbury Woods
Waynewood,Week1,Orange Hunt,Week4,213.0 Waynewood - 189.0 Orange Hunt
Woodley,Week5,Holmes Run Acres,Week4,277.0 Holmes Run Acres - 125.0 Woodley
Woodley,Week1,Vienna Aquatic,Week2,355.5 Vienna Aquatic - 46.5 Woodley
Waynewood,Week2,Forest Hollow,Week4,235.0 Waynewood - 167.0 Forest Hollow
Waynewood,Week1,Vienna Aquatic,Week3,284.0 Vienna Aquatic - 118.0 Waynewood
Woodley,Week4,Tuckahoe,Week2,372.0 Tuckahoe - 30.0 Woodley
Waynewood,Week2,Forest Hollow,Week5,218.0 Waynewood - 184.0 Forest Hollow
Waynewood,Week2,Vienna Aquatic,Week5,288.0 Vienna Aquatic - 114.0 Waynewood
Woodley,Week4,Parliament,Week5,277.0 Parliament - 124.0 Woodley
Woodley,Week4,Parliament,Week4,270.0 Parliament - 132.0 Woodley
Waynewood,Week3,Springfield,Week5,386.0 Waynewood - 16.0 Springfield
Waynewood,Week5,Fairfax Station,Week5,232.0 Fairfax Station - 170.0 Waynewood
Waynewood,Week3,Orange Hunt,Week3,239.0 Waynewood - 163.0 Orange Hunt
Waynewood,Week3,Vienna Aquatic,Week3,253.0 Vienna Aquatic - 149.0 Waynewood
Waynewood,Week1,Overlee,Week2,293.0 Overlee - 109.0 Waynewood
Woodley,Week4,Pinecrest,Week1,311.5 Pinecrest - 90.5 Woodley
Waynewood,Week1,Overlee,Week1,275.0 Overlee - 127.0 Waynewood
Woodley,Week3,Holmes Run Acres,Week3,324.0 Holmes Run Acres - 78.0 Woodley
Waynewood,Week5,Springboard,Week3,333.0 Waynewood - 68.0 Springboard
Waynewood,Week1,Cardinal Hill,Week5,211.0 Cardinal Hill - 191.0 Waynewood
Woodley,Week4,Holmes Run Acres,Week1,276.0 Holmes Run Acres - 126.0 Woodley
Woodley,Week2,Pinecrest,Week4,337.0 Pinecrest - 65.0 Woodley
Waynewood,Week1,Vienna Aquatic,Week5,303.0 Vienna Aquatic - 99.0 Waynewood
Waynewood,Week2,Vienna Aquatic,Week4,235.0 Vienna Aquatic - 167.0 Waynewood
Waynewood,Week1,Overlee,Week4,329.0 Overlee - 73.0 Waynewood
Waynewood,Week4,Fairfax Station,Week5,263.0 Fairfax Station - 139.0 Waynewood
Waynewood,Week3,Fairfax Station,Week3,210.0 Fairfax Station - 192.0 Waynewood
Woodley,Week4,Tuckahoe,Week5,371.0 Tuckahoe - 31.0 Woodley
Waynewood,Week2,Overlee,Week2,298.0 Overlee - 104.0 Waynewood
Woodley,Week4,Holmes Run Acres,Week2,270.0 Holmes Run Acres - 132.0 Woodley
Waynewood,Week1,Cardinal Hill,Week4,214.0 Cardinal Hill - 188.0 Waynewood
Woodley,Week2,Vienna Aquatic,Week4,345.0 Vienna Aquatic - 57.0 Woodley
Waynewood,Week4,Vienna Aquatic,Week4,261.0 Vienna Aquatic - 141.0 Waynewood
Waynewood,Week4,Springfield,Week2,379.0 Waynewood - 21.0 Springfield
Waynewood,Week3,Springfield,Week2,384.0 Waynewood - 18.0 Springfield
Woodley,Week2,Vienna Aquatic,Week5,354.5 Vienna Aquatic - 47.5 Woodley
Waynewood,Week2,Cardinal Hill,Week1,213.0 Cardinal Hill - 189.0 Waynewood
Waynewood,Week2,Overlee,Week4,322.0 Overlee - 80.0 Waynewood
Waynewood,Week4,Springfield,Week1,378.0 Waynewood - 22.0 Springfield
Waynewood,Week2,Overlee,Week1,275.0 Overlee - 127.0 Waynewood
Woodley,Week1,Hunt Valley,Week5,358.0 Hunt Valley - 44.0 Woodley
Woodley,Week4,Pinecrest,Week4,331.0 Pinecrest - 71.0 Woodley
Woodley,Week5,Parliament,Week3,263.0 Parliament - 139.0 Woodley
Woodley,Week5,Vienna Aquatic,Week3,360.0 Vienna Aquatic - 42.0 Woodley
Woodley,Week2,Hunt Valley,Week2,327.0 Hunt Valley - 75.0 Woodley
Waynewood,Week5,Fairfax Station,Week3,220.0 Fairfax Station - 182.0 Waynewood
Waynewood,Week5,Vienna Aquatic,Week1,232.0 Vienna Aquatic - 170.0 Waynewood
Waynewood,Week4,Springfield,Week3,383.0 Waynewood - 17.0 Springfield
Waynewood,Week4,Fairfax Station,Week2,235.0 Fairfax Station - 167.0 Waynewood
Woodley,Week4,Pinecrest,Week2,330.0 Pinecrest - 72.0 Woodley
Woodley,Week1,Pinewood Lake,Week4,343.0 Woodley - 58.0 Pinewood Lake
Waynewood,Week2,Overlee,Week5,317.0 Overlee - 85.0 Waynewood
Woodley,Week5,Vienna Aquatic,Week4,337.0 Vienna Aquatic - 65.0 Woodley
Woodley,Week4,Vienna Aquatic,Week2,355.0 Vienna Aquatic - 47.0 Woodley
Waynewood,Week5,Forest Hollow,Week5,243.0 Waynewood - 159.0 Forest Hollow
Waynewood,Week1,Springfield,Week2,379.0 Waynewood - 23.0 Springfield
Waynewood,Week3,Overlee,Week1,254.0 Overlee - 148.0 Waynewood
Waynewood,Week3,Forest Hollow,Week5,242.0 Waynewood - 160.0 Forest Hollow
Waynewood,Week2,Overlee,Week3,290.0 Overlee - 112.0 Waynewood
Waynewood,Week3,Fox Hunt,Week5,246.0 Waynewood - 156.0 Fox Hunt
Woodley,Week2,Holmes Run Acres,Week5,319.0 Holmes Run Acres - 83.0 Woodley
Waynewood,Week2,Vienna Aquatic,Week2,245.0 Vienna Aquatic - 157.0 Waynewood
Waynewood,Week2,Springfield,Week4,377.0 Waynewood - 24.0 Springfield
Waynewood,Week5,Tuckahoe,Week5,287.0 Tuckahoe - 115.0 Waynewood
Waynewood,Week4,Fox Hunt,Week2,249.0 Waynewood - 153.0 Fox Hunt
Woodley,Week3,Vienna Aquatic,Week4,347.0 Vienna Aquatic - 55.0 Woodley
Waynewood,Week3,Vienna Aquatic,Week1,215.0 Vienna Aquatic - 187.0 Waynewood
Waynewood,Week5,Springboard,Week1,330.0 Waynewood - 71.0 Springboard
Waynewood,Week4,Springboard,Week5,300.0 Waynewood - 101.0 Springboard
Woodley,Week3,Pinewood Lake,Week4,335.0 Woodley - 62.0 Pinewood Lake
Waynewood,Week4,Overlee,Week4,328.0 Overlee - 74.0 Waynewood
Woodley,Week4,Pinewood Lake,Week2,329.0 Woodley - 66.0 Pinewood Lake
Waynewood,Week1,Vienna Aquatic,Week4,268.0 Vienna Aquatic - 134.0 Waynewood
Woodley,Week5,Pinewood Lake,Week2,318.0 Woodley - 75.0 Pinewood Lake
Woodley,Week4,Vienna Aquatic,Week3,358.0 Vienna Aquatic - 44.0 Woodley
Woodley,Week5,Holmes Run Acres,Week2,263.5 Holmes Run Acres - 138.5 Woodley
Woodley,Week3,Vienna Aquatic,Week3,360.0 Vienna Aquatic - 42.0 Woodley
Woodley,Week4,Holmes Run Acres,Week4,299.0 Holmes Run Acres - 103.0 Woodley
Waynewood,Week4,Forest Hollow,Week1,234.0 Waynewood - 168.0 Forest Hollow
Woodley,Week5,Pinewood Lake,Week4,318.0 Woodley - 74.0 Pinewood Lake
Woodley,Week3,Holmes Run Acres,Week1,282.0 Holmes Run Acres - 120.0 Woodley
Waynewood,Week3,Vienna Aquatic,Week2,220.0 Vienna Aquatic - 182.0 Waynewood
Waynewood,Week1,Springfield,Week1,384.0 Waynewood - 18.0 Springfield
Woodley,Week3,Holmes Run Acres,Week5,328.0 Holmes Run Acres - 74.0 Woodley
Waynewood,Week2,Fox Hunt,Week1,260.0 Waynewood - 142.0 Fox Hunt
Waynewood,Week5,Fox Hunt,Week5,246.0 Waynewood - 156.0 Fox Hunt
Waynewood,Week4,Overlee,Week1,297.0 Overlee - 105.0 Waynewood
Woodley,Week3,Holmes Run Acres,Week2,280.0 Holmes Run Acres - 122.0 Woodley
Waynewood,Week5,Vienna Aquatic,Week5,263.0 Vienna Aquatic - 139.0 Waynewood
Waynewood,Week5,Overlee,Week5,299.0 Overlee - 103.0 Waynewood
Woodley,Week1,Pleasant Valley,Week1,239.0 Woodley - 163.0 Pleasant Valley
Waynewood,Week2,Fox Hunt,Week2,261.0 Waynewood - 141.0 Fox Hunt
Woodley,Week4,Vienna Woods,Week3,369.0 Vienna Woods - 33.0 Woodley
Woodley,Week4,Vienna Woods,Week5,369.0 Vienna Woods - 33.0 Woodley
Woodley,Week2,Hunt Valley,Week5,350.0 Hunt Valley - 52.0 Woodley
Waynewood,Week3,Fox Hunt,Week1,271.0 Waynewood - 131.0 Fox Hunt
Waynewood,Week4,Vienna Aquatic,Week5,290.0 Vienna Aquatic - 112.0 Waynewood
Woodley,Week2,Pleasant Valley,Week2,235.0 Woodley - 163.0 Pleasant Valley
Waynewood,Week1,Fox Hunt,Week3,219.0 Waynewood - 183.0 Fox Hunt
Waynewood,Week5,Vienna Aquatic,Week4,230.0 Vienna Aquatic - 172.0 Waynewood
Waynewood,Week3,Overlee,Week3,259.0 Overlee - 143.0 Waynewood
Waynewood,Week3,Parklawn,Week1,312.0 Waynewood - 81.0 Parklawn
Woodley,Week1,Pleasant Valley,Week4,249.0 Woodley - 153.0 Pleasant Valley
Waynewood,Week2,Parklawn,Week4,275.0 Waynewood - 127.0 Parklawn
Woodley,Week1,Pleasant Valley,Week2,232.0 Woodley - 170.0 Pleasant Valley
Waynewood,Week1,Vienna Woods,Week1,278.0 Vienna Woods - 124.0 Waynewood
Woodley,Week2,Pinewood Lake,Week4,319.0 Woodley - 80.0 Pinewood Lake
Waynewood,Week4,Overlee,Week3,293.0 Overlee - 109.0 Waynewood
Waynewood,Week5,Vienna Aquatic,Week3,235.0 Vienna Aquatic - 167.0 Waynewood
Waynewood,Week4,Forest Hollow,Week2,239.0 Waynewood - 163.0 Forest Hollow
Woodley,Week1,Vienna Woods,Week5,363.0 Vienna Woods - 39.0 Woodley
Woodley,Week4,Pinewood Lake,Week3,335.0 Woodley - 59.0 Pinewood Lake
Woodley,Week4,Hunt Valley,Week3,339.0 Hunt Valley - 63.0 Woodley
Woodley,Week2,Vienna Aquatic,Week3,366.0 Vienna Aquatic - 36.0 Woodley
Woodley,Week3,Hunt Valley,Week1,335.0 Hunt Valley - 67.0 Woodley
Woodley,Week4,Vienna Woods,Week4,357.0 Vienna Woods - 45.0 Woodley
Woodley,Week4,Vienna Aquatic,Week1,361.0 Vienna Aquatic - 41.0 Woodley
Waynewood,Week3,Springfield,Week4,382.0 Waynewood - 20.0 Springfield
Woodley,Week1,Hunt Valley,Week3,343.0 Hunt Valley - 59.0 Woodley
Waynewood,Week5,Forest Hollow,Week1,253.0 Waynewood - 149.0 Forest Hollow
Waynewood,Week2,Vienna Woods,Week3,269.0 Vienna Woods - 133.0 Waynewood
Woodley,Week3,Vienna Woods,Week2,359.0 Vienna Woods - 43.0 Woodley
Waynewood,Week1,Vienna Woods,Week3,281.0 Vienna Woods - 121.0 Waynewood
Waynewood,Week1,Arlington Forest,Week2,221.0 Waynewood - 181.0 Arlington Forest
Woodley,Week1,Vienna Woods,Week1,352.0 Vienna Woods - 50.0 Woodley
Waynewood,Week3,Parklawn,Week2,306.0 Waynewood - 96.0 Parklawn
Waynewood,Week1,Fox Mill Estates,Week2,278.0 Waynewood - 124.0 Fox Mill Estates
Waynewood,Week1,Parklawn,Week1,281.0 Waynewood - 112.0 Parklawn
Woodley,Week4,Hunter Mill,Week2,313.0 Hunter Mill - 89.0 Woodley
Waynewood,Week2,Vienna Woods,Week2,254.0 Vienna Woods - 148.0 Waynewood
Waynewood,Week3,Arlington Forest,Week1,264.0 Waynewood - 138.0 Arlington Forest
Waynewood,Week4,Overlee,Week5,318.0 Overlee - 84.0 Waynewood
Waynewood,Week5,Overlee,Week2,274.0 Overlee - 128.0 Waynewood
Woodley,Week3,Hunter Mill,Week5,335.0 Hunter Mill - 67.0 Woodley
Woodley,Week5,Hunt Valley,Week5,339.0 Hunt Valley - 63.0 Woodley
Woodley,Week4,Pinewood Lake,Week4,327.0 Woodley - 69.0 Pinewood Lake
Woodley,Week5,Pinewood Lake,Week1,326.0 Woodley - 66.0 Pinewood Lake
Waynewood,Week4,Overlee,Week2,299.0 Overlee - 103.0 Waynewood
Waynewood,Week2,Vienna Woods,Week1,256.0 Vienna Woods - 146.0 Waynewood
Waynewood,Week2,Fox Hunt,Week3,246.0 Waynewood - 156.0 Fox Hunt
Woodley,Week3,Pinewood Lake,Week2,332.0 Woodley - 65.0 Pinewood Lake
Woodley,Week1,Pinewood Lake,Week1,340.0 Woodley - 59.0 Pinewood Lake
Woodley,Week2,Vienna Woods,Week1,352.0 Vienna Woods - 50.0 Woodley
Woodley,Week3,Hunt Valley,Week3,347.0 Hunt Valley - 55.0 Woodley
Woodley,Week1,Vienna Woods,Week2,353.0 Vienna Woods - 49.0 Woodley
Waynewood,Week1,Vienna Woods,Week5,303.0 Vienna Woods - 99.0 Waynewood
Woodley,Week3,Vienna Aquatic,Week5,356.0 Vienna Aquatic - 46.0 Woodley
Woodley,Week1,Pinewood Lake,Week3,335.5 Woodley - 64.5 Pinewood Lake
Waynewood,Week3,Fox Hunt,Week4,275.0 Waynewood - 127.0 Fox Hunt
Woodley,Week4,Hunt Valley,Week4,340.0 Hunt Valley - 62.0 Woodley
Waynewood,Week1,Parklawn,Week4,246.0 Waynewood - 156.0 Parklawn
Waynewood,Week4,Parklawn,Week1,300.0 Waynewood - 93.0 Parklawn
Woodley,Week1,Vienna Woods,Week4,340.0 Vienna Woods - 62.0 Woodley
Woodley,Week2,Vienna Woods,Week2,355.0 Vienna Woods - 46.0 Woodley
Waynewood,Week5,Vienna Woods,Week5,274.0 Vienna Woods - 128.0 Waynewood
Woodley,Week5,Hunter Mill,Week1,303.0 Hunter Mill - 99.0 Woodley
Waynewood,Week3,Arlington Forest,Week5,223.0 Waynewood - 179.0 Arlington Forest
Woodley,Week2,Pinewood Lake,Week2,321.0 Woodley - 78.0 Pinewood Lake
Waynewood,Week2,Arlington Forest,Week4,235.0 Waynewood - 167.0 Arlington Forest
Waynewood,Week3,Parklawn,Week5,293.0 Waynewood - 109.0 Parklawn
Waynewood,Week4,Forest Hollow,Week5,219.5 Waynewood - 182.5 Forest Hollow
Waynewood,Week1,Parklawn,Week2,270.0 Waynewood - 132.0 Parklawn
Waynewood,Week4,Vienna Woods,Week1,266.0 Vienna Woods - 136.0 Waynewood
Waynewood,Week1,Fox Hunt,Week4,234.0 Waynewood - 168.0 Fox Hunt
Waynewood,Week4,Fox Hunt,Week4,253.0 Waynewood - 149.0 Fox Hunt
Waynewood,Week2,Vienna Woods,Week5,292.0 Vienna Woods - 110.0 Waynewood
Waynewood,Week5,Forest Hollow,Week2,266.0 Waynewood - 136.0 Forest Hollow
Woodley,Week1,Hunter Mill,Week1,324.0 Hunter Mill - 78.0 Woodley
Woodley,Week4,Hunter Mill,Week4,328.0 Hunter Mill - 74.0 Woodley
Woodley,Week5,Hunt Valley,Week1,323.0 Hunt Valley - 79.0 Woodley
Woodley,Week4,Vienna Aquatic,Week4,346.0 Vienna Aquatic - 51.0 Woodley
Waynewood,Week3,Parklawn,Week3,314.0 Waynewood - 88.0 Parklawn
Woodley,Week3,Pinewood Lake,Week3,336.0 Woodley - 61.0 Pinewood Lake
Waynewood,Week5,Annandale,Week4,339.5 Waynewood - 62.5 Annandale
Woodley,Week5,Pinecrest,Week5,319.0 Pinecrest - 82.0 Woodley
Waynewood,Week1,Arlington Forest,Week5,217.0 Arlington Forest - 185.0 Waynewood
Woodley,Week2,Hunter Mill,Week2,309.0 Hunter Mill - 93.0 Woodley
Woodley,Week3,Pinewood Lake,Week1,340.0 Woodley - 56.0 Pinewood Lake
Woodley,Week4,Vienna Aquatic,Week5,355.0 Vienna Aquatic - 47.0 Woodley
Waynewood,Week2,Fox Hunt,Week4,259.0 Waynewood - 143.0 Fox Hunt
Waynewood,Week3,Vienna Woods,Week5,269.0 Vienna Woods - 133.0 Waynewood
Woodley,Week3,Vienna Aquatic,Week2,345.5 Vienna Aquatic - 56.5 Woodley
Waynewood,Week1,Villa Aquatic,Week1,245.0 Waynewood - 157.0 Villa Aquatic
Waynewood,Week2,Parklawn,Week2,290.0 Waynewood - 112.0 Parklawn
Waynewood,Week2,Villa Aquatic,Week1,263.0 Waynewood - 139.0 Villa Aquatic
Waynewood,Week5,Overlee,Week3,264.0 Overlee - 138.0 Waynewood
Waynewood,Week2,Arlington Forest,Week2,253.0 Waynewood - 149.0 Arlington Forest
Waynewood,Week4,Parklawn,Week2,287.0 Waynewood - 114.0 Parklawn
Woodley,Week2,Pinewood Lake,Week3,337.0 Woodley - 62.0 Pinewood Lake
Woodley,Week5,Pinecrest,Week3,323.5 Pinecrest - 78.5 Woodley
Woodley,Week2,Hunter Mill,Week3,322.0 Hunter Mill - 80.0 Woodley
Waynewood,Week4,Arlington Forest,Week4,230.0 Waynewood - 172.0 Arlington Forest
Woodley,Week5,Vienna Aquatic,Week1,354.0 Vienna Aquatic - 48.0 Woodley
Waynewood,Week1,Parklawn,Week5,248.5 Waynewood - 153.5 Parklawn
Waynewood,Week4,Forest Hollow,Week3,220.0 Waynewood - 182.0 Forest Hollow
Waynewood,Week4,Vienna Woods,Week5,305.0 Vienna Woods - 97.0 Waynewood
Waynewood,Week1,Villa Aquatic,Week4,228.0 Waynewood - 174.0 Villa Aquatic
Waynewood,Week5,Forest Hollow,Week3,256.0 Waynewood - 146.0 Forest Hollow
Waynewood,Week5,Arlington Forest,Week1,260.0 Waynewood - 142.0 Arlington Forest
Waynewood,Week4,Arlington Forest,Week3,266.0 Waynewood - 136.0 Arlington Forest
Woodley,Week2,Vienna Woods,Week3,358.0 Vienna Woods - 44.0 Woodley
Woodley,Week1,Pinewood Lake,Week5,332.0 Woodley - 68.0 Pinewood Lake
Woodley,Week3,Hunter Mill,Week1,321.0 Hunter Mill - 81.0 Woodley
Waynewood,Week4,Arlington Forest,Week2,258.0 Waynewood - 144.0 Arlington Forest
Woodley,Week1,Hunter Mill,Week2,311.0 Hunter Mill - 91.0 Woodley
Woodley,Week5,Pinecrest,Week4,335.0 Pinecrest - 67.0 Woodley
Woodley,Week2,Vienna Woods,Week4,341.0 Vienna Woods - 61.0 Woodley
Woodley,Week5,Vienna Aquatic,Week2,339.0 Vienna Aquatic - 63.0 Woodley
Waynewood,Week1,Villa Aquatic,Week5,213.0 Waynewood - 189.0 Villa Aquatic
Waynewood,Week4,Arlington Forest,Week1,238.0 Waynewood - 164.0 Arlington Forest
Woodley,Week5,Hunt Valley,Week2,323.0 Hunt Valley - 79.0 Woodley
Waynewood,Week2,Fox Hunt,Week5,234.0 Waynewood - 168.0 Fox Hunt
Waynewood,Week3,Fox Hunt,Week2,265.0 Waynewood - 137.0 Fox Hunt
Woodley,Week1,Vienna Woods,Week3,359.0 Vienna Woods - 43.0 Woodley
Woodley,Week1,Hunter Mill,Week4,338.0 Hunter Mill - 64.0 Woodley
Waynewood,Week2,Villa Aquatic,Week3,223.0 Waynewood - 179.0 Villa Aquatic
Waynewood,Week3,Overlee,Week5,286.0 Overlee - 116.0 Waynewood
Waynewood,Week4,Forest Hollow,Week4,229.0 Waynewood - 173.0 Forest Hollow
Woodley,Week2,Pinewood Lake,Week1,336.0 Woodley - 64.0 Pinewood Lake
Waynewood,Week5,Forest Hollow,Week4,258.0 Waynewood - 144.0 Forest Hollow
Waynewood,Week3,Overlee,Week4,306.0 Overlee - 96.0 Waynewood
Waynewood,Week2,Parklawn,Week3,307.0 Waynewood - 95.0 Parklawn
Woodley,Week4,South Run,Week1,249.0 South Run - 144.0 Woodley
Woodley,Week1,Hunter Mill,Week3,330.0 Hunter Mill - 72.0 Woodley
Woodley,Week3,Vienna Woods,Week5,371.0 Vienna Woods - 31.0 Woodley
Waynewood,Week5,Vienna Woods,Week3,252.0 Vienna Woods - 150.0 Waynewood
Woodley,Week3,Vienna Woods,Week4,351.0 Vienna Woods - 51.0 Woodley
Woodley,Week3,Pinewood Lake,Week5,325.0 Woodley - 72.0 Pinewood Lake
Woodley,Week1,South Run,Week1,242.5 South Run - 150.5 Woodley
Waynewood,Week1,Fox Hunt,Week1,239.0 Waynewood - 163.0 Fox Hunt
Waynewood,Week1,Arlington Forest,Week3,239.0 Waynewood - 163.0 Arlington Forest
Woodley,Week2,Vienna Woods,Week5,369.0 Vienna Woods - 33.0 Woodley
Waynewood,Week4,Arlington Forest,Week5,215.0 Waynewood - 187.0 Arlington Forest
Woodley,Week4,Pinewood Lake,Week1,338.5 Woodley - 54.5 Pinewood Lake
Waynewood,Week5,Overlee,Week4,303.0 Overlee - 99.0 Waynewood
Waynewood,Week2,Villa Aquatic,Week2,256.0 Waynewood - 146.0 Villa Aquatic
Woodley,Week3,Vienna Woods,Week3,369.0 Vienna Woods - 33.0 Woodley
Waynewood,Week5,Arlington Forest,Week2,284.0 Waynewood - 118.0 Arlington Forest
Woodley,Week3,South Run,Week4,251.0 South Run - 151.0 Woodley
Woodley,Week3,Hunt Valley,Week4,351.0 Hunt Valley - 51.0 Woodley
Woodley,Week5,Hunt Valley,Week4,343.0 Hunt Valley - 59.0 Woodley
Waynewood,Week1,Fox Hunt,Week2,229.0 Waynewood - 173.0 Fox Hunt
Waynewood,Week1,Fox Hunt,Week5,208.0 Waynewood - 194.0 Fox Hunt
Waynewood,Week4,Vienna Woods,Week2,260.0 Vienna Woods - 142.0 Waynewood
Waynewood,Week1,Villa Aquatic,Week3,210.0 Waynewood - 192.0 Villa Aquatic
Woodley,Week1,Pinewood Lake,Week2,325.0 Woodley - 75.0 Pinewood Lake
Waynewood,Week5,Annandale,Week5,320.0 Waynewood - 82.0 Annandale
Woodley,Week2,Pinewood Lake,Week5,324.0 Woodley - 75.0 Pinewood Lake
Waynewood,Week1,Parklawn,Week3,284.0 Waynewood - 118.0 Parklawn
Woodley,Week3,Hunter Mill,Week2,313.0 Hunter Mill - 88.0 Woodley
Woodley,Week4,Vienna Woods,Week2,358.0 Vienna Woods - 44.0 Woodley
Waynewood,Week4,Vienna Woods,Week4,248.0 Vienna Woods - 154.0 Waynewood
Waynewood,Week5,Overlee,Week1,266.0 Overlee - 136.0 Waynewood
Woodley,Week3,Hunt Valley,Week5,364.0 Hunt Valley - 38.0 Woodley
Woodley,Week5,Somerset-Olde Creek,Week5,225.0 Woodley - 175.0 Somerset-Olde Creek
Woodley,Week1,Pleasant Valley,Week5,233.0 Woodley - 168.0 Pleasant Valley
Waynewood,Week2,Parklawn,Week1,302.0 Waynewood - 91.0 Parklawn
Woodley,Week5,Pinewood Lake,Week3,331.0 Woodley - 62.0 Pinewood Lake
Woodley,Week5,Somerset-Olde Creek,Week1,260.0 Woodley - 139.0 Somerset-Olde Creek
Woodley,Week1,Pleasant Valley,Week3,217.0 Woodley - 185.0 Pleasant Valley
Waynewood,Week3,Parklawn,Week4,283.0 Waynewood - 119.0 Parklawn
Woodley,Week5,Hunt Valley,Week3,338.0 Hunt Valley - 64.0 Woodley
Waynewood,Week2,Arlington Forest,Week1,243.0 Waynewood - 159.0 Arlington Forest
Waynewood,Week2,Arlington Forest,Week5,205.0 Waynewood - 197.0 Arlington Forest
Woodley,Week3,Vienna Woods,Week1,361.0 Vienna Woods - 41.0 Woodley
Woodley,Week4,Somerset-Olde Creek,Week3,282.0 Woodley - 120.0 Somerset-Olde Creek
Waynewood,Week5,Fox Hunt,Week1,282.5 Waynewood - 119.5 Fox Hunt
Woodley,Week4,Pinewood Lake,Week5,322.0 Woodley - 74.0 Pinewood Lake
Woodley,Week4,Vienna Woods,Week1,358.0 Vienna Woods - 44.0 Woodley
Waynewood,Week5,Annandale,Week3,323.0 Waynewood - 79.0 Annandale
Waynewood,Week5,Annandale,Week2,319.0 Waynewood - 83.0 Annandale
Waynewood,Week5,Vienna Woods,Week2,240.0 Vienna Woods - 162.0 Waynewood
Woodley,Week5,Vienna Aquatic,Week5,352.0 Vienna Aquatic - 50.0 Woodley
Woodley,Week5,Pinewood Lake,Week5,308.0 Woodley - 84.0 Pinewood Lake
Waynewood,Week3,Fox Hunt,Week3,254.0 Waynewood - 148.0 Fox Hunt
Waynewood,Week4,Fox Hunt,Week3,234.0 Waynewood - 168.0 Fox Hunt
Waynewood,Week3,Vienna Woods,Week3,250.0 Vienna Woods - 152.0 Waynewood
Waynewood,Week2,Parklawn,Week5,278.0 Waynewood - 124.0 Parklawn
Woodley,Week4,Hunt Valley,Week2,332.0 Hunt Valley - 70.0 Woodley
Woodley,Week1,South Run,Week5,264.0 South Run - 138.0 Woodley
Waynewood,Week4,Vienna Woods,Week3,274.0 Vienna Woods - 128.0 Waynewood
Waynewood,Week4,Fox Hunt,Week1,250.5 Waynewood - 151.5 Fox Hunt
Woodley,Week2,Hunter Mill,Week4,316.0 Hunter Mill - 86.0 Woodley
Waynewood,Week1,Arlington Forest,Week1,207.0 Waynewood - 195.0 Arlington Forest
Waynewood,Week1,Villa Aquatic,Week2,243.0 Waynewood - 159.0 Villa Aquatic
Waynewood,Week5,Fox Hunt,Week4,270.0 Waynewood - 132.0 Fox Hunt
Woodley,Week3,Pleasant Valley,Week2,232.0 Woodley - 168.0 Pleasant Valley
Woodley,Week1,Hunter Mill,Week5,334.0 Hunter Mill - 68.0 Woodley
Waynewood,Week4,Parklawn,Week3,295.5 Waynewood - 105.5 Parklawn
Woodley,Week5,South Run,Week4,219.0 South Run - 182.0 Woodley
Woodley,Week4,Somerset-Olde Creek,Week1,261.0 Woodley - 141.0 Somerset-Olde Creek
Woodley,Week3,South Run,Week3,257.0 South Run - 145.0 Woodley
Woodley,Week3,Villa Aquatic,Week2,251.0 Villa Aquatic - 151.0 Woodley
Woodley,Week4,Hunt Valley,Week5,361.0 Hunt Valley - 41.0 Woodley
Waynewood,Week3,Arlington Forest,Week4,252.0 Waynewood - 150.0 Arlington Forest
Waynewood,Week4,Parliament,Week3,247.0 Waynewood - 155.0 Parliament
Waynewood,Week3,Arlington Forest,Week3,279.5 Waynewood - 122.5 Arlington Forest
Woodley,Week2,Pleasant Valley,Week1,231.0 Woodley - 167.0 Pleasant Valley
Woodley,Week5,Pleasant Valley,Week3,223.0 Woodley - 179.0 Pleasant Valley
Waynewood,Week5,Fox Hunt,Week2,278.0 Waynewood - 124.0 Fox Hunt
Waynewood,Week4,Fox Hunt,Week5,232.5 Waynewood - 169.5 Fox Hunt
Waynewood,Week3,Arlington Forest,Week2,269.5 Waynewood - 132.5 Arlington Forest
Waynewood,Week2,Villa Aquatic,Week5,212.0 Waynewood - 190.0 Villa Aquatic
Woodley,Week4,Villa Aquatic,Week1,262.0 Villa Aquatic - 140.0 Woodley
Woodley,Week2,Hunter Mill,Week5,324.0 Hunter Mill - 78.0 Woodley
Woodley,Week4,Hunt Valley,Week1,330.0 Hunt Valley - 72.0 Woodley
Woodley,Week3,Hunter Mill,Week3,331.0 Hunter Mill - 71.0 Woodley
Woodley,Week4,Villa Aquatic,Week3,297.0 Villa Aquatic - 105.0 Woodley
Woodley,Week4,Somerset-Olde Creek,Week2,272.0 Woodley - 130.0 Somerset-Olde Creek
Woodley,Week2,Villa Aquatic,Week1,253.0 Villa Aquatic - 149.0 Woodley
Waynewood,Week3,Parliament,Week4,283.0 Waynewood - 119.0 Parliament
Waynewood,Week5,Parklawn,Week5,300.0 Waynewood - 101.0 Parklawn
Waynewood,Week5,Parliament,Week1,245.0 Waynewood - 157.0 Parliament
Woodley,Week1,Poplar Heights,Week4,307.0 Poplar Heights - 95.0 Woodley
Waynewood,Week3,Vienna Woods,Week4,222.0 Vienna Woods - 180.0 Waynewood
Waynewood,Week5,Fox Hunt,Week3,264.0 Waynewood - 138.0 Fox Hunt
Waynewood,Week5,Vienna Woods,Week1,254.0 Vienna Woods - 148.0 Waynewood
Waynewood,Week2,Villa Aquatic,Week4,243.0 Waynewood - 159.0 Villa Aquatic
Waynewood,Week1,Fox Mill Estates,Week1,289.0 Waynewood - 113.0 Fox Mill Estates
Woodley,Week2,Hunter Mill,Week1,311.0 Hunter Mill - 91.0 Woodley
Waynewood,Week1,Parliament,Week4,250.0 Waynewood - 152.0 Parliament
Waynewood,Week1,Fox Mill Estates,Week4,242.0 Waynewood - 160.0 Fox Mill Estates
Waynewood,Week3,Villa Aquatic,Week5,248.0 Waynewood - 154.0 Villa Aquatic
Woodley,Week5,Pleasant Valley,Week4,263.0 Woodley - 129.0 Pleasant Valley
Waynewood,Week2,Fox Mill Estates,Week1,305.0 Waynewood - 97.0 Fox Mill Estates
Woodley,Week2,Poplar Heights,Week1,296.0 Poplar Heights - 106.0 Woodley
Waynewood,Week1,Arlington Forest,Week4,208.0 Arlington Forest - 194.0 Waynewood
Woodley,Week5,Villa Aquatic,Week3,284.0 Villa Aquatic - 118.0 Woodley
Woodley,Week5,Villa Aquatic,Week5,279.0 Villa Aquatic - 123.0 Woodley
Waynewood,Week1,Fox Mill Estates,Week5,257.0 Waynewood - 145.0 Fox Mill Estates
Waynewood,Week4,Parklawn,Week4,270.0 Waynewood - 131.0 Parklawn
Woodley,Week4,Hunter Mill,Week1,321.0 Hunter Mill - 81.0 Woodley
Waynewood,Week1,Fox Mill Estates,Week3,262.0 Waynewood - 140.0 Fox Mill Estates
Woodley,Week1,Poplar Heights,Week5,304.0 Poplar Heights - 98.0 Woodley
Woodley,Week1,Village West,Week2,218.0 Village West - 184.0 Woodley
Woodley,Week4,Somerset-Olde Creek,Week5,235.0 Woodley - 167.0 Somerset-Olde Creek
Waynewood,Week2,Arlington Forest,Week3,268.0 Waynewood - 134.0 Arlington Forest
Woodley,Week1,South Run,Week2,241.0 South Run - 160.0 Woodley
Woodley,Week5,Villa Aquatic,Week1,249.0 Villa Aquatic - 153.0 Woodley
Waynewood,Week5,Parliament,Week4,282.0 Waynewood - 120.0 Parliament
Waynewood,Week3,Vienna Woods,Week2,233.0 Vienna Woods - 169.0 Waynewood
Woodley,Week3,Somerset-Olde Creek,Week5,229.0 Woodley - 172.0 Somerset-Olde Creek
Woodley,Week1,South Run,Week3,259.0 South Run - 143.0 Woodley
Woodley,Week3,Hunter Mill,Week4,325.0 Hunter Mill - 76.0 Woodley
Waynewood,Week5,Vienna Woods,Week4,238.0 Vienna Woods - 164.0 Waynewood
Waynewood,Week2,Parliament,Week3,259.0 Waynewood - 143.0 Parliament
Waynewood,Week4,Villa Aquatic,Week5,218.0 Waynewood - 184.0 Villa Aquatic
Waynewood,Week1,Hayfield Farm,Week2,213.0 Waynewood - 189.0 Hayfield Farm
Woodley,Week3,Poplar Heights,Week1,292.0 Poplar Heights - 110.0 Woodley
Woodley,Week4,Hunter Mill,Week3,336.0 Hunter Mill - 66.0 Woodley
Woodley,Week3,Pleasant Valley,Week1,244.0 Woodley - 157.0 Pleasant Valley
Woodley,Week5,Somerset-Olde Creek,Week3,270.0 Woodley - 130.0 Somerset-Olde Creek
Waynewood,Week2,Fox Mill Estates,Week2,287.5 Waynewood - 114.5 Fox Mill Estates
Woodley,Week4,Hunter Mill,Week5,332.0 Hunter Mill - 70.0 Woodley
Waynewood,Week4,Hamlet,Week2,262.0 Hamlet - 140.0 Waynewood
Waynewood,Week1,Parliament,Week1,232.0 Waynewood - 170.0 Parliament
Waynewood,Week2,Village West,Week2,302.0 Waynewood - 100.0 Village West
Woodley,Week3,Ilda Community,Week1,200.0 Ilda Community - 198.0 Woodley
Woodley,Week5,Pleasant Valley,Week2,254.0 Woodley - 144.0 Pleasant Valley
Waynewood,Week4,Hamlet,Week4,234.0 Hamlet - 168.0 Waynewood
Waynewood,Week3,Villa Aquatic,Week4,260.0 Waynewood - 142.0 Villa Aquatic
Woodley,Week3,Pleasant Valley,Week3,215.0 Woodley - 186.0 Pleasant Valley
Woodley,Week1,South Run,Week4,237.0 South Run - 164.0 Woodley
Woodley,Week2,South Run,Week3,259.0 South Run - 142.0 Woodley
Woodley,Week2,South Run,Week1,252.0 South Run - 140.0 Woodley
Woodley,Week5,Ilda Community,Week3,204.0 Woodley - 198.0 Ilda Community
Waynewood,Week5,Hamlet,Week4,206.0 Hamlet - 196.0 Waynewood
Waynewood,Week2,Parliament,Week4,258.0 Waynewood - 144.0 Parliament
Woodley,Week2,Pleasant Valley,Week5,226.0 Woodley - 174.0 Pleasant Valley
Waynewood,Week4,Parklawn,Week5,281.0 Waynewood - 120.0 Parklawn
Waynewood,Week5,Villa Aquatic,Week2,276.0 Waynewood - 126.0 Villa Aquatic
Woodley,Week1,Village West,Week5,222.0 Village West - 179.0 Woodley
Woodley,Week1,Ilda Community,Week1,207.0 Woodley - 195.0 Ilda Community
Woodley,Week1,Village West,Week3,242.0 Village West - 160.0 Woodley
Waynewood,Week4,Hayfield Farm,Week1,243.0 Waynewood - 159.0 Hayfield Farm
Waynewood,Week3,Villa Aquatic,Week2,277.0 Waynewood - 125.0 Villa Aquatic
Woodley,Week3,Pleasant Valley,Week4,262.0 Woodley - 139.0 Pleasant Valley
Woodley,Week1,Villa Aquatic,Week5,287.0 Villa Aquatic - 115.0 Woodley
Waynewood,Week5,Parklawn,Week2,313.0 Waynewood - 88.0 Parklawn
Woodley,Week5,Vienna Woods,Week1,349.0 Vienna Woods - 53.0 Woodley
Woodley,Week2,South Run,Week2,238.5 South Run - 162.5 Woodley
Waynewood,Week5,Villa Aquatic,Week3,248.0 Waynewood - 154.0 Villa Aquatic
Woodley,Week5,Vienna Woods,Week2,353.0 Vienna Woods - 48.0 Woodley
Waynewood,Week1,Parliament,Week2,256.0 Waynewood - 145.0 Parliament
Woodley,Week4,Villa Aquatic,Week5,291.5 Villa Aquatic - 110.5 Woodley
Woodley,Week4,Somerset-Olde Creek,Week4,252.0 Woodley - 145.0 Somerset-Olde Creek
Woodley,Week2,Villa Aquatic,Week4,288.0 Villa Aquatic - 114.0 Woodley
Woodley,Week5,Ilda Community,Week5,201.5 Woodley - 198.5 Ilda Community
Woodley,Week2,Poplar Heights,Week5,308.0 Poplar Heights - 94.0 Woodley
Waynewood,Week5,Villa Aquatic,Week5,245.0 Waynewood - 157.0 Villa Aquatic
Waynewood,Week4,Hamlet,Week1,237.0 Hamlet - 165.0 Waynewood
Woodley,Week4,Ilda Community,Week5,216.0 Ilda Community - 186.0 Woodley
Woodley,Week5,Somerset-Olde Creek,Week4,245.0 Woodley - 156.0 Somerset-Olde Creek
Woodley,Week3,South Run,Week2,245.0 South Run - 157.0 Woodley
Woodley,Week1,Villa Aquatic,Week3,295.0 Villa Aquatic - 107.0 Woodley
Waynewood,Week1,Parliament,Week5,246.0 Waynewood - 156.0 Parliament
Waynewood,Week4,Villa Aquatic,Week3,217.0 Waynewood - 185.0 Villa Aquatic
Waynewood,Week5,Parklawn,Week1,317.0 Waynewood - 76.0 Parklawn
Waynewood,Week4,Hayfield Farm,Week2,256.3 Waynewood - 145.7 Hayfield Farm
Woodley,Week5,Ilda Community,Week1,208.0 Woodley - 193.0 Ilda Community
Waynewood,Week2,Parliament,Week1,237.0 Waynewood - 165.0 Parliament
Woodley,Week2,Poplar Heights,Week3,299.0 Poplar Heights - 103.0 Woodley
Waynewood,Week3,Villa Aquatic,Week3,250.5 Waynewood - 151.5 Villa Aquatic
Woodley,Week3,Villa Aquatic,Week4,281.0 Villa Aquatic - 121.0 Woodley
Waynewood,Week3,Hayfield Farm,Week1,253.0 Waynewood - 149.0 Hayfield Farm
Woodley,Week5,Ilda Community,Week2,207.0 Ilda Community - 195.0 Woodley
Woodley,Week5,Somerset-Olde Creek,Week2,276.0 Woodley - 125.0 Somerset-Olde Creek
Waynewood,Week1,Parliament,Week3,239.0 Waynewood - 163.0 Parliament
Woodley,Week2,Pleasant Valley,Week4,257.0 Woodley - 141.0 Pleasant Valley
Woodley,Week5,Pleasant Valley,Week1,246.0 Woodley - 152.0 Pleasant Valley
Woodley,Week1,Kent Gardens,Week1,293.0 Kent Gardens - 109.0 Woodley
Woodley,Week4,Pleasant Valley,Week1,238.0 Woodley - 163.0 Pleasant Valley
Waynewood,Week4,Villa Aquatic,Week1,259.0 Waynewood - 143.0 Villa Aquatic
Waynewood,Week2,Parliament,Week5,254.0 Waynewood - 148.0 Parliament
Woodley,Week3,Villa Aquatic,Week1,253.0 Villa Aquatic - 149.0 Woodley
Waynewood,Week5,Hayfield Farm,Week3,238.0 Waynewood - 164.0 Hayfield Farm
Waynewood,Week1,Hayfield Farm,Week3,207.0 Waynewood - 195.0 Hayfield Farm
Woodley,Week2,South Run,Week4,245.0 South Run - 156.0 Woodley
Waynewood,Week1,Village West,Week1,285.0 Waynewood - 117.0 Village West
Waynewood,Week4,Hamlet,Week3,247.0 Hamlet - 155.0 Waynewood
Woodley,Week5,Vienna Woods,Week4,345.0 Vienna Woods - 57.0 Woodley
Woodley,Week3,Ilda Community,Week5,217.0 Ilda Community - 181.0 Woodley
Waynewood,Week3,Parliament,Week3,270.0 Waynewood - 132.0 Parliament
Woodley,Week3,South Run,Week1,244.0 South Run - 149.0 Woodley
Woodley,Week2,South Run,Week5,270.0 South Run - 132.0 Woodley
Waynewood,Week4,Hamlet,Week5,273.0 Hamlet - 129.0 Waynewood
Woodley,Week4,Ilda Community,Week1,210.5 Ilda Community - 191.5 Woodley
Woodley,Week4,Pleasant Valley,Week2,229.0 Woodley - 172.0 Pleasant Valley
Woodley,Week1,Poplar Heights,Week2,300.0 Poplar Heights - 102.0 Woodley
Waynewood,Week1,Village West,Week2,286.0 Waynewood - 116.0 Village West
Woodley,Week2,Pleasant Valley,Week3,207.5 Woodley - 194.5 Pleasant Valley
Waynewood,Week2,Village West,Week3,290.0 Waynewood - 112.0 Village West
Woodley,Week4,South Run,Week2,235.0 South Run - 161.0 Woodley
Waynewood,Week1,Hayfield Farm,Week1,221.0 Waynewood - 181.0 Hayfield Farm
Woodley,Week1,Villa Aquatic,Week2,264.0 Villa Aquatic - 138.0 Woodley
Waynewood,Week5,Parklawn,Week3,324.0 Waynewood - 77.0 Parklawn
Woodley,Week5,Hunter Mill,Week5,322.0 Hunter Mill - 80.0 Woodley
Woodley,Week4,Pleasant Valley,Week4,261.0 Woodley - 135.0 Pleasant Valley
Waynewood,Week2,Hayfield Farm,Week1,234.0 Waynewood - 168.0 Hayfield Farm
Waynewood,Week5,Villa Aquatic,Week4,268.0 Waynewood - 134.0 Villa Aquatic
Woodley,Week3,South Run,Week5,271.0 South Run - 131.0 Woodley
Woodley,Week2,Ilda Community,Week1,208.0 Ilda Community - 193.0 Woodley
Woodley,Week2,Villa Aquatic,Week3,301.0 Villa Aquatic - 101.0 Woodley
Waynewood,Week3,Parliament,Week1,258.0 Waynewood - 144.0 Parliament
Waynewood,Week3,Parliament,Week2,276.0 Waynewood - 126.0 Parliament
Woodley,Week2,Ilda Community,Week4,221.0 Ilda Community - 181.0 Woodley
Waynewood,Week3,Village West,Week4,315.0 Waynewood - 82.0 Village West
Waynewood,Week5,Hamlet,Week2,237.0 Hamlet - 165.0 Waynewood
Woodley,Week5,Vienna Woods,Week3,357.0 Vienna Woods - 45.0 Woodley
Woodley,Week5,Vienna Woods,Week5,363.0 Vienna Woods - 39.0 Woodley
Woodley,Week1,Poplar Heights,Week3,295.0 Poplar Heights - 107.0 Woodley
Woodley,Week1,Villa Aquatic,Week1,253.0 Villa Aquatic - 149.0 Woodley
Woodley,Week4,South Run,Week3,272.0 South Run - 130.0 Woodley
Woodley,Week2,Poplar Heights,Week2,313.0 Poplar Heights - 89.0 Woodley
Waynewood,Week1,Virginia Hills,Week5,342.0 Waynewood - 60.0 Virginia Hills
Woodley,Week3,Pleasant Valley,Week5,237.0 Woodley - 165.0 Pleasant Valley
Woodley,Week1,Villa Aquatic,Week4,278.0 Villa Aquatic - 124.0 Woodley
Waynewood,Week2,Hayfield Farm,Week3,216.0 Waynewood - 186.0 Hayfield Farm
Woodley,Week4,Ilda Community,Week4,228.0 Ilda Community - 174.0 Woodley
Woodley,Week5,South Run,Week1,240.0 South Run - 152.0 Woodley
Woodley,Week4,Ilda Community,Week3,212.0 Ilda Community - 190.0 Woodley
Waynewood,Week4,Parliament,Week1,225.0 Waynewood - 177.0 Parliament
Woodley,Week4,South Run,Week4,243.0 South Run - 158.0 Woodley
Woodley,Week4,South Run,Week5,274.0 South Run - 128.0 Woodley
Waynewood,Week5,Hamlet,Week5,245.0 Hamlet - 157.0 Waynewood
Woodley,Week2,Villa Aquatic,Week2,263.0 Villa Aquatic - 139.0 Woodley
Woodley,Week2,Ilda Community,Week5,216.0 Ilda Community - 184.0 Woodley
Waynewood,Week2,Parliament,Week2,261.0 Waynewood - 141.0 Parliament
Woodley,Week5,South Run,Week2,218.0 South Run - 183.0 Woodley
Woodley,Week2,Villa Aquatic,Week5,295.0 Villa Aquatic - 107.0 Woodley
Waynewood,Week5,Parklawn,Week4,294.0 Waynewood - 107.0 Parklawn
Waynewood,Week4,Parliament,Week2,259.0 Waynewood - 143.0 Parliament
Waynewood,Week4,Villa Aquatic,Week4,238.0 Waynewood - 164.0 Villa Aquatic
Waynewood,Week2,Hayfield Farm,Week5,248.5 Waynewood - 153.5 Hayfield Farm
Woodley,Week1,Poplar Heights,Week1,289.0 Poplar Heights - 113.0 Woodley
Waynewood,Week1,Village West,Week3,273.0 Waynewood - 129.0 Village West
Woodley,Week5,Hunter Mill,Week3,309.0 Hunter Mill - 93.0 Woodley
Waynewood,Week1,Virginia Hills,Week2,357.0 Waynewood - 45.0 Virginia Hills
Waynewood,Week1,Hayfield Farm,Week4,209.0 Waynewood - 193.0 Hayfield Farm
Waynewood,Week3,Parliament,Week5,270.0 Waynewood - 132.0 Parliament
Waynewood,Week3,Hayfield Farm,Week3,228.0 Waynewood - 174.0 Hayfield Farm
Waynewood,Week5,Villa Aquatic,Week1,274.0 Waynewood - 128.0 Villa Aquatic
Woodley,Week2,Poplar Heights,Week4,304.0 Poplar Heights - 98.0 Woodley
Woodley,Week3,Villa Aquatic,Week5,295.0 Villa Aquatic - 107.0 Woodley
Woodley,Week4,Pleasant Valley,Week5,224.0 Woodley - 172.0 Pleasant Valley
Woodley,Week4,Springboard,Week2,207.0 Woodley - 189.0 Springboard
Waynewood,Week4,Parliament,Week4,248.0 Waynewood - 154.0 Parliament
Woodley,Week4,Villa Aquatic,Week2,270.0 Villa Aquatic - 132.0 Woodley
Woodley,Week1,Ilda Community,Week5,210.0 Ilda Community - 192.0 Woodley
Woodley,Week4,Villa Aquatic,Week4,290.0 Villa Aquatic - 112.0 Woodley
Waynewood,Week3,Villa Aquatic,Week1,274.0 Waynewood - 128.0 Villa Aquatic
Woodley,Week5,South Run,Week3,246.0 South Run - 155.0 Woodley
Waynewood,Week1,Hayfield Farm,Week5,226.0 Waynewood - 176.0 Hayfield Farm
Woodley,Week3,Villa Aquatic,Week3,299.0 Villa Aquatic - 103.0 Woodley
Waynewood,Week5,Hamlet,Week1,223.0 Hamlet - 179.0 Waynewood
Woodley,Week5,South Run,Week5,261.0 South Run - 141.0 Woodley
Woodley,Week2,Long Branch,Week5,251.0 Long Branch - 150.0 Woodley
Waynewood,Week1,Village West,Week4,284.0 Waynewood - 113.0 Village West
Woodley,Week2,Ilda Community,Week3,204.0 Ilda Community - 198.0 Woodley
Woodley,Week4,Pleasant Valley,Week3,211.0 Woodley - 191.0 Pleasant Valley
Woodley,Week5,Hunter Mill,Week2,304.0 Hunter Mill - 98.0 Woodley
Waynewood,Week5,Parliament,Week3,275.0 Waynewood - 127.0 Parliament
Woodley,Week3,Ilda Community,Week4,225.0 Ilda Community - 176.0 Woodley
Woodley,Week4,Springboard,Week3,229.0 Springboard - 172.0 Woodley
Waynewood,Week2,Village West,Week1,303.0 Waynewood - 99.0 Village West
Woodley,Week1,Springboard,Week5,246.0 Springboard - 156.0 Woodley
Woodley,Week5,Villa Aquatic,Week2,257.0 Villa Aquatic - 145.0 Woodley
Waynewood,Week5,Parliament,Week2,281.0 Waynewood - 121.0 Parliament
Waynewood,Week2,Village West,Week5,287.0 Waynewood - 115.0 Village West
Waynewood,Week2,Hayfield Farm,Week2,244.0 Waynewood - 158.0 Hayfield Farm
Waynewood,Week3,Hayfield Farm,Week2,265.0 Waynewood - 137.0 Hayfield Farm
Woodley,Week1,Ilda Community,Week3,220.0 Ilda Community - 182.0 Woodley
Woodley,Week5,Pleasant Valley,Week5,235.0 Woodley - 165.0 Pleasant Valley
Waynewood,Week3,Village West,Week1,315.0 Waynewood - 87.0 Village West
Waynewood,Week3,Hayfield Farm,Week5,257.5 Waynewood - 144.5 Hayfield Farm
Woodley,Week1,Long Branch,Week2,246.0 Long Branch - 156.0 Woodley
Waynewood,Week4,Parliament,Week5,237.0 Waynewood - 165.0 Parliament
Woodley,Week1,Ilda Community,Week4,228.5 Ilda Community - 173.5 Woodley
Waynewood,Week5,Pinecrest,Week2,227.0 Pinecrest - 175.0 Waynewood
Waynewood,Week3,Village West,Week5,309.0 Waynewood - 93.0 Village West
Woodley,Week3,Springboard,Week1,211.5 Springboard - 189.5 Woodley
Woodley,Week1,Ilda Community,Week2,220.0 Ilda Community - 182.0 Woodley
Woodley,Week2,Springboard,Week3,231.0 Springboard - 167.0 Woodley
Waynewood,Week5,Hamlet,Week3,239.0 Hamlet - 163.0 Waynewood
Waynewood,Week1,Pinewood Lake,Week3,369.0 Waynewood - 32.0 Pinewood Lake
Waynewood,Week3,Hamlet,Week5,243.0 Hamlet - 159.0 Waynewood
Woodley,Week1,Mansion House,Week1,316.0 Mansion House - 86.0 Woodley
Woodley,Week5,Long Branch,Week2,232.0 Long Branch - 169.0 Woodley
Waynewood,Week4,Villa Aquatic,Week2,263.0 Waynewood - 139.0 Villa Aquatic
Woodley,Week5,Long Branch,Week1,230.0 Long Branch - 166.0 Woodley
Waynewood,Week3,Pinecrest,Week5,240.0 Pinecrest - 162.0 Waynewood
Woodley,Week2,Springboard,Week2,204.0 Woodley - 194.0 Springboard
Woodley,Week1,Village West,Week4,227.0 Village West - 170.0 Woodley
Woodley,Week1,Mansion House,Week3,314.0 Mansion House - 88.0 Woodley
Woodley,Week5,Villa Aquatic,Week4,276.0 Villa Aquatic - 126.0 Woodley
Woodley,Week3,Springboard,Week2,213.0 Woodley - 187.0 Springboard
Waynewood,Week2,Pinecrest,Week5,247.0 Pinecrest - 155.0 Waynewood
Waynewood,Week1,Village West,Week5,274.0 Waynewood - 128.0 Village West
Woodley,Week3,Ilda Community,Week2,207.0 Ilda Community - 194.0 Woodley
Waynewood,Week2,Hayfield Farm,Week4,227.0 Waynewood - 175.0 Hayfield Farm
Woodley,Week1,Village West,Week1,206.0 Village West - 196.0 Woodley
Woodley,Week1,Mansion House,Week5,314.0 Mansion House - 88.0 Woodley
Waynewood,Week3,Hayfield Farm,Week4,261.0 Waynewood - 141.0 Hayfield Farm
Woodley,Week3,Village West,Week4,229.0 Village West - 168.0 Woodley
Woodley,Week5,Hunter Mill,Week4,305.0 Hunter Mill - 97.0 Woodley
Waynewood,Week5,Pinecrest,Week5,227.0 Pinecrest - 175.0 Waynewood
Waynewood,Week3,Village West,Week3,311.0 Waynewood - 91.0 Village West
Woodley,Week2,Ilda Community,Week2,219.0 Ilda Community - 183.0 Woodley
Woodley,Week2,Village West,Week1,208.0 Village West - 193.0 Woodley
Woodley,Week1,Springboard,Week1,237.0 Springboard - 165.0 Woodley
Waynewood,Week4,Village West,Week2,307.0 Waynewood - 95.0 Village West
Waynewood,Week4,Village West,Week1,308.0 Waynewood - 94.0 Village West
Woodley,Week2,Mansion House,Week3,314.0 Mansion House - 88.0 Woodley
Woodley,Week1,Springboard,Week3,259.0 Springboard - 143.0 Woodley
Woodley,Week5,Village West,Week5,213.0 Village West - 188.0 Woodley
Waynewood,Week2,Pinecrest,Week1,218.0 Pinecrest - 184.0 Waynewood
Woodley,Week1,Virginia Hills,Week2,303.0 Woodley - 99.0 Virginia Hills
Waynewood,Week4,Hayfield Farm,Week4,233.5 Waynewood - 168.5 Hayfield Farm
Woodley,Week3,Ilda Community,Week3,209.0 Ilda Community - 192.0 Woodley
Waynewood,Week4,Hayfield Farm,Week3,228.0 Waynewood - 174.0 Hayfield Farm
Waynewood,Week3,Village West,Week2,324.0 Waynewood - 78.0 Village West
Woodley,Week2,Virginia Hills,Week2,298.0 Woodley - 103.0 Virginia Hills
Waynewood,Week5,Hayfield Farm,Week1,268.5 Waynewood - 133.5 Hayfield Farm
Waynewood,Week4,Hayfield Farm,Week5,255.0 Waynewood - 147.0 Hayfield Farm
Waynewood,Week1,Pinecrest,Week3,267.0 Pinecrest - 135.0 Waynewood
Woodley,Week2,Springboard,Week5,239.0 Springboard - 159.0 Woodley
Waynewood,Week2,Pinewood Lake,Week1,372.0 Waynewood - 26.0 Pinewood Lake
Woodley,Week2,Long Branch,Week4,258.0 Long Branch - 144.0 Woodley
Woodley,Week2,Virginia Hills,Week1,278.0 Woodley - 123.0 Virginia Hills
Woodley,Week4,Ilda Community,Week2,213.0 Ilda Community - 189.0 Woodley
Woodley,Week4,Kent Gardens,Week5,306.0 Kent Gardens - 96.0 Woodley
Woodley,Week5,Ilda Community,Week4,202.0 Ilda Community - 200.0 Woodley
Waynewood,Week3,Pinecrest,Week2,227.0 Pinecrest - 175.0 Waynewood
Waynewood,Week4,Village West,Week3,288.0 Waynewood - 114.0 Village West
Woodley,Week4,Springboard,Week4,224.0 Springboard - 178.0 Woodley
Woodley,Week2,Long Branch,Week3,226.0 Long Branch - 176.0 Woodley
Woodley,Week2,Kent Gardens,Week4,287.0 Kent Gardens - 115.0 Woodley
Woodley,Week5,Little Rocky Run,Week5,337.0 Little Rocky Run - 65.0 Woodley
Woodley,Week5,Springboard,Week2,205.0 Woodley - 193.0 Springboard
Woodley,Week1,Virginia Hills,Week1,283.0 Woodley - 119.0 Virginia Hills
Waynewood,Week5,Hayfield Farm,Week2,271.0 Waynewood - 131.0 Hayfield Farm
Waynewood,Week4,Pinecrest,Week4,240.5 Pinecrest - 161.5 Waynewood
Waynewood,Week5,Village West,Week1,320.0 Waynewood - 82.0 Village West
Waynewood,Week3,Herndon,Week5,362.0 Waynewood - 40.0 Herndon
Waynewood,Week3,Pinecrest,Week3,229.0 Pinecrest - 173.0 Waynewood
Waynewood,Week2,Pinecrest,Week4,251.0 Pinecrest - 151.0 Waynewood
Woodley,Week3,Long Branch,Week2,227.0 Long Branch - 175.0 Woodley
Woodley,Week1,Springfield,Week2,331.0 Woodley - 66.0 Springfield
Woodley,Week2,Springboard,Week4,229.0 Springboard - 172.0 Woodley
Woodley,Week4,Springboard,Week5,226.5 Springboard - 174.5 Woodley
Woodley,Week3,Long Branch,Week1,225.0 Long Branch - 176.0 Woodley
Waynewood,Week1,Herndon,Week5,348.0 Waynewood - 54.0 Herndon
Woodley,Week4,Village West,Week1,222.5 Village West - 179.5 Woodley
Woodley,Week1,Kings Ridge ,Week3,215.0 Kings Ridge - 187.0 Woodley
Woodley,Week5,Springboard,Week3,229.0 Springboard - 169.0 Woodley
Woodley,Week2,Kings Ridge ,Week4,226.0 Kings Ridge - 176.0 Woodley
Waynewood,Week1,Pinecrest,Week1,231.0 Pinecrest - 171.0 Waynewood
Waynewood,Week5,Village West,Week3,325.0 Waynewood - 77.0 Village West
Waynewood,Week3,Herndon,Week2,350.0 Waynewood - 52.0 Herndon
Woodley,Week5,Kent Gardens,Week1,272.0 Kent Gardens - 130.0 Woodley
Woodley,Week3,Village West,Week2,216.0 Village West - 186.0 Woodley
Woodley,Week1,Long Branch,Week4,259.0 Long Branch - 143.0 Woodley
Waynewood,Week5,Village West,Week2,325.0 Waynewood - 77.0 Village West
Woodley,Week2,Virginia Hills,Week3,279.0 Woodley - 123.0 Virginia Hills
Waynewood,Week4,Village West,Week4,296.0 Waynewood - 101.0 Village West
Waynewood,Week4,Pinecrest,Week1,211.0 Pinecrest - 191.0 Waynewood
Woodley,Week1,Springboard,Week4,240.0 Springboard - 162.0 Woodley
Waynewood,Week2,Herndon,Week4,356.0 Waynewood - 46.0 Herndon
Woodley,Week2,Kings Ridge ,Week1,213.0 Kings Ridge - 189.0 Woodley
Waynewood,Week5,Village West,Week4,313.0 Waynewood - 84.0 Village West
Woodley,Week3,Village West,Week3,229.0 Village West - 173.0 Woodley
Woodley,Week1,Kings Ridge ,Week1,207.0 Woodley - 195.0 Kings Ridge
Woodley,Week1,Long Branch,Week5,249.0 Long Branch - 153.0 Woodley
Waynewood,Week4,Pinecrest,Week5,263.0 Pinecrest - 139.0 Waynewood
Waynewood,Week1,Hiddenbrook,Week2,316.5 Waynewood - 85.5 Hiddenbrook
Waynewood,Week5,Village West,Week5,319.0 Waynewood - 83.0 Village West
Woodley,Week5,Springboard,Week4,218.0 Springboard - 178.0 Woodley
Woodley,Week4,Long Branch,Week5,244.0 Long Branch - 158.0 Woodley
Woodley,Week3,Village West,Week5,228.0 Village West - 174.0 Woodley
Woodley,Week2,Village West,Week4,209.0 Village West - 187.0 Woodley
Waynewood,Week1,Hiddenbrook,Week3,270.0 Waynewood - 132.0 Hiddenbrook
Waynewood,Week4,Village West,Week5,299.0 Waynewood - 103.0 Village West
Woodley,Week2,Kent Gardens,Week2,277.0 Kent Gardens - 125.0 Woodley
Waynewood,Week1,Virginia Hills,Week3,357.0 Waynewood - 45.0 Virginia Hills
Woodley,Week2,Long Branch,Week2,241.0 Long Branch - 160.0 Woodley
Waynewood,Week2,Village West,Week4,293.0 Waynewood - 104.0 Village West
Woodley,Week4,Long Branch,Week4,250.0 Long Branch - 152.0 Woodley
Woodley,Week2,Springboard,Week1,224.0 Springboard - 174.0 Woodley
Woodley,Week3,Long Branch,Week4,249.0 Long Branch - 153.0 Woodley
Waynewood,Week1,Herndon,Week1,354.0 Waynewood - 48.0 Herndon
Woodley,Week1,Long Branch,Week3,228.0 Long Branch - 174.0 Woodley
Waynewood,Week4,Pinecrest,Week3,246.5 Pinecrest - 155.5 Waynewood
Waynewood,Week1,Virginia Hills,Week4,360.0 Waynewood - 42.0 Virginia Hills
Woodley,Week1,Kent Gardens,Week2,278.0 Kent Gardens - 124.0 Woodley
Waynewood,Week1,Pinecrest,Week5,260.0 Pinecrest - 142.0 Waynewood
Woodley,Week2,Virginia Hills,Week4,279.0 Woodley - 122.0 Virginia Hills
Waynewood,Week5,Herndon,Week3,364.0 Waynewood - 38.0 Herndon
Waynewood,Week5,Hayfield Farm,Week4,261.0 Waynewood - 141.0 Hayfield Farm
Woodley,Week2,Kent Gardens,Week5,306.0 Kent Gardens - 96.0 Woodley
Woodley,Week5,Springboard,Week1,212.0 Springboard - 186.0 Woodley
Woodley,Week5,Village West,Week4,208.0 Village West - 188.0 Woodley
Waynewood,Week5,Parliament,Week5,262.5 Waynewood - 139.5 Parliament
Woodley,Week3,Springboard,Week3,231.0 Springboard - 170.0 Woodley
Waynewood,Week2,Pinecrest,Week2,242.0 Pinecrest - 160.0 Waynewood
Woodley,Week2,Kent Gardens,Week3,276.0 Kent Gardens - 126.0 Woodley
Waynewood,Week1,Virginia Hills,Week1,347.0 Waynewood - 55.0 Virginia Hills
Woodley,Week2,Village West,Week3,237.0 Village West - 165.0 Woodley
Woodley,Week2,Long Branch,Week1,244.0 Long Branch - 157.0 Woodley
Woodley,Week3,Springboard,Week4,220.5 Springboard - 180.5 Woodley
Waynewood,Week3,Pinecrest,Week4,231.0 Pinecrest - 171.0 Waynewood
Waynewood,Week2,Virginia Hills,Week3,370.0 Waynewood - 32.0 Virginia Hills
Waynewood,Week2,Pinecrest,Week3,247.0 Pinecrest - 155.0 Waynewood
Waynewood,Week2,Virginia Hills,Week5,352.0 Waynewood - 50.0 Virginia Hills
Woodley,Week4,Kent Gardens,Week4,280.0 Kent Gardens - 122.0 Woodley
Woodley,Week4,Village West,Week3,235.0 Village West - 167.0 Woodley
Woodley,Week4,Long Branch,Week2,232.0 Long Branch - 170.0 Woodley
Waynewood,Week1,Herndon,Week3,349.0 Waynewood - 53.0 Herndon
Woodley,Week5,Springboard,Week5,230.0 Springboard - 168.0 Woodley
Woodley,Week3,Kent Gardens,Week1,300.0 Kent Gardens - 102.0 Woodley
Waynewood,Week2,Herndon,Week2,350.0 Waynewood - 52.0 Herndon
Woodley,Week5,Long Branch,Week4,240.0 Long Branch - 162.0 Woodley
Woodley,Week3,Long Branch,Week5,254.0 Long Branch - 148.0 Woodley
Woodley,Week3,Kent Gardens,Week3,282.0 Kent Gardens - 120.0 Woodley
Waynewood,Week5,Hayfield Farm,Week5,271.0 Waynewood - 131.0 Hayfield Farm
Woodley,Week3,Village West,Week1,207.0 Village West - 194.0 Woodley
Woodley,Week4,Springboard,Week1,221.0 Springboard - 180.0 Woodley
Woodley,Week1,Kent Gardens,Week3,284.0 Kent Gardens - 118.0 Woodley
Waynewood,Week2,Herndon,Week3,350.0 Waynewood - 52.0 Herndon
Waynewood,Week5,Pinecrest,Week1,207.0 Waynewood - 195.0 Pinecrest
Waynewood,Week1,Pinecrest,Week2,244.0 Pinecrest - 158.0 Waynewood
Woodley,Week1,Springboard,Week2,216.0 Springboard - 186.0 Woodley
Woodley,Week5,Village West,Week3,229.0 Village West - 173.0 Woodley
Woodley,Week1,Kent Gardens,Week4,277.0 Kent Gardens - 125.0 Woodley
Waynewood,Week3,Herndon,Week3,361.0 Waynewood - 41.0 Herndon
Waynewood,Week3,Virginia Hills,Week1,368.0 Waynewood - 34.0 Virginia Hills
Woodley,Week3,Long Branch,Week3,214.0 Long Branch - 188.0 Woodley
Woodley,Week2,Village West,Week5,215.0 Village West - 186.0 Woodley
Woodley,Week1,Springfield,Week1,326.0 Woodley - 71.0 Springfield
Waynewood,Week2,Virginia Hills,Week4,375.0 Waynewood - 27.0 Virginia Hills
Woodley,Week1,Long Branch,Week1,237.0 Long Branch - 165.0 Woodley
Woodley,Week2,Village West,Week2,209.0 Village West - 192.0 Woodley
Woodley,Week1,Springfield,Week3,328.0 Woodley - 68.0 Springfield
Waynewood,Week5,Pinecrest,Week3,232.0 Pinecrest - 170.0 Waynewood
Woodley,Week2,Springfield,Week1,319.0 Woodley - 81.0 Springfield
Woodley,Week3,Springboard,Week5,237.0 Springboard - 164.0 Woodley
Woodley,Week4,Village West,Week4,228.0 Village West - 169.0 Woodley
Waynewood,Week5,Herndon,Week4,367.0 Waynewood - 35.0 Herndon
Waynewood,Week3,Virginia Hills,Week5,369.0 Waynewood - 33.0 Virginia Hills
Woodley,Week5,Long Branch,Week5,236.5 Long Branch - 164.5 Woodley
Woodley,Week2,Kent Gardens,Week1,287.0 Kent Gardens - 115.0 Woodley
Woodley,Week4,Kent Gardens,Week3,277.0 Kent Gardens - 125.0 Woodley
Waynewood,Week4,Herndon,Week4,354.0 Waynewood - 48.0 Herndon
Waynewood,Week4,Virginia Hills,Week1,362.0 Waynewood - 40.0 Virginia Hills
Woodley,Week4,Long Branch,Week3,214.0 Long Branch - 188.0 Woodley
Waynewood,Week3,Pinecrest,Week1,209.0 Waynewood - 193.0 Pinecrest
Woodley,Week1,Virginia Hills,Week3,304.0 Woodley - 98.0 Virginia Hills
Woodley,Week1,Virginia Hills,Week4,286.0 Woodley - 116.0 Virginia Hills
Waynewood,Week5,Herndon,Week1,368.0 Waynewood - 34.0 Herndon
Waynewood,Week3,Virginia Hills,Week3,376.0 Waynewood - 26.0 Virginia Hills
Waynewood,Week4,Herndon,Week5,348.0 Waynewood - 54.0 Herndon
Woodley,Week4,Village West,Week2,222.0 Village West - 180.0 Woodley
Waynewood,Week1,Pinecrest,Week4,256.0 Pinecrest - 146.0 Waynewood
Waynewood,Week4,Virginia Hills,Week3,364.0 Waynewood - 38.0 Virginia Hills
Woodley,Week5,Village West,Week1,208.0 Village West - 193.0 Woodley
Waynewood,Week3,Virginia Hills,Week2,370.0 Waynewood - 32.0 Virginia Hills
Waynewood,Week4,Pinecrest,Week2,230.0 Pinecrest - 172.0 Waynewood
Woodley,Week1,Kent Gardens,Week5,315.0 Kent Gardens - 87.0 Woodley
Woodley,Week5,Long Branch,Week3,212.0 Long Branch - 190.0 Woodley
Waynewood,Week5,Pinecrest,Week4,216.0 Pinecrest - 186.0 Waynewood
Woodley,Week4,Long Branch,Week1,234.0 Long Branch - 168.0 Woodley
Waynewood,Week5,Herndon,Week2,359.0 Waynewood - 43.0 Herndon
Woodley,Week3,Kent Gardens,Week4,285.0 Kent Gardens - 117.0 Woodley
Woodley,Week5,Springfield,Week3,320.0 Woodley - 70.0 Springfield
Waynewood,Week4,Virginia Hills,Week2,369.0 Waynewood - 33.0 Virginia Hills
Woodley,Week4,Kent Gardens,Week1,297.0 Kent Gardens - 105.0 Woodley
Woodley,Week5,Springfield,Week5,328.0 Woodley - 65.0 Springfield
Woodley,Week1,Mansion House,Week2,306.0 Mansion House - 96.0 Woodley
Waynewood,Week1,Pinewood Lake,Week1,366.0 Waynewood - 35.0 Pinewood Lake
Woodley,Week1,Stratford,Week3,243.0 Stratford - 158.0 Woodley
Woodley,Week3,Virginia Hills,Week5,269.0 Woodley - 133.0 Virginia Hills
Woodley,Week5,Kent Gardens,Week3,259.0 Kent Gardens - 143.0 Woodley
Waynewood,Week4,Herndon,Week2,347.0 Waynewood - 55.0 Herndon
Waynewood,Week1,Pinewood Lake,Week2,360.0 Waynewood - 41.0 Pinewood Lake
Woodley,Week1,Kings Ridge ,Week4,221.0 Kings Ridge - 181.0 Woodley
Waynewood,Week5,Virginia Hills,Week1,374.0 Waynewood - 28.0 Virginia Hills
Waynewood,Week1,North Springfield,Week5,297.0 Waynewood - 77.0 North Springfield
Waynewood,Week1,Pinewood Lake,Week4,366.0 Waynewood - 35.0 Pinewood Lake
Waynewood,Week1,Hiddenbrook,Week1,270.0 Waynewood - 132.0 Hiddenbrook
Woodley,Week1,Virginia Hills,Week5,250.0 Woodley - 152.0 Virginia Hills
Woodley,Week5,Mansion House,Week3,306.0 Mansion House - 96.0 Woodley
Waynewood,Week4,Virginia Hills,Week4,375.0 Waynewood - 27.0 Virginia Hills
Waynewood,Week2,Herndon,Week5,356.0 Waynewood - 46.0 Herndon
Waynewood,Week3,Herndon,Week1,364.0 Waynewood - 38.0 Herndon
Woodley,Week2,Stratford,Week2,233.0 Stratford - 169.0 Woodley
Waynewood,Week1,Pinewood Lake,Week5,354.0 Waynewood - 47.0 Pinewood Lake
Woodley,Week2,Springfield,Week5,324.0 Woodley - 75.0 Springfield
Waynewood,Week3,North Springfield,Week4,346.5 Waynewood - 45.5 North Springfield
Woodley,Week5,Village West,Week2,221.0 Village West - 180.0 Woodley
Woodley,Week2,Mansion House,Week1,311.5 Mansion House - 90.5 Woodley
Woodley,Week5,Kent Gardens,Week4,266.0 Kent Gardens - 136.0 Woodley
Waynewood,Week2,Virginia Hills,Week1,361.0 Waynewood - 41.0 Virginia Hills
Woodley,Week3,Stratford,Week1,202.0 Stratford - 200.0 Woodley
Woodley,Week3,Springfield,Week4,312.0 Woodley - 89.0 Springfield
Woodley,Week5,Kent Gardens,Week5,303.0 Kent Gardens - 99.0 Woodley
Woodley,Week3,Kent Gardens,Week2,286.0 Kent Gardens - 116.0 Woodley
Waynewood,Week2,Herndon,Week1,355.0 Waynewood - 47.0 Herndon
Woodley,Week2,Mansion House,Week2,295.0 Mansion House - 106.0 Woodley
Woodley,Week4,Village West,Week5,221.0 Village West - 176.0 Woodley
Woodley,Week1,Mansion House,Week4,286.0 Mansion House - 116.0 Woodley
Waynewood,Week4,Virginia Hills,Week5,356.0 Waynewood - 46.0 Virginia Hills
Woodley,Week3,Springfield,Week5,330.0 Woodley - 71.0 Springfield
Woodley,Week2,Virginia Run,Week1,312.5 Virginia Run - 89.5 Woodley
Woodley,Week3,Stratford,Week4,244.0 Stratford - 158.0 Woodley
Woodley,Week2,Springfield,Week2,324.0 Woodley - 76.0 Springfield
Woodley,Week4,Mansion House,Week2,298.0 Mansion House - 104.0 Woodley
Woodley,Week5,Kent Gardens,Week2,259.0 Kent Gardens - 143.0 Woodley
Waynewood,Week5,Virginia Hills,Week3,373.0 Waynewood - 29.0 Virginia Hills
Woodley,Week4,Kent Gardens,Week2,278.0 Kent Gardens - 124.0 Woodley
Waynewood,Week5,North Springfield,Week3,343.0 Waynewood - 54.0 North Springfield
Waynewood,Week1,Herndon,Week4,355.0 Waynewood - 47.0 Herndon
Waynewood,Week2,North Springfield,Week4,342.0 Waynewood - 49.0 North Springfield
Woodley,Week1,Mantua,Week4,314.0 Mantua - 88.0 Woodley
Woodley,Week3,Mansion House,Week3,312.0 Mansion House - 90.0 Woodley
Woodley,Week4,Springfield,Week1,323.0 Woodley - 78.0 Springfield
Woodley,Week4,Virginia Hills,Week1,285.0 Woodley - 117.0 Virginia Hills
Woodley,Week2,Mantua,Week4,318.0 Mantua - 84.0 Woodley
Woodley,Week3,Kent Gardens,Week5,320.0 Kent Gardens - 82.0 Woodley
Waynewood,Week4,Newington Forest,Week5,288.5 Waynewood - 113.5 Newington Forest
Waynewood,Week3,Herndon,Week4,366.0 Waynewood - 36.0 Herndon
Woodley,Week2,Virginia Hills,Week5,255.0 Woodley - 147.0 Virginia Hills
Woodley,Week2,Mantua,Week5,335.0 Mantua - 67.0 Woodley
Waynewood,Week4,Herndon,Week1,354.5 Waynewood - 47.5 Herndon
Waynewood,Week5,Virginia Hills,Week4,387.0 Waynewood - 15.0 Virginia Hills
Waynewood,Week3,North Springfield,Week2,346.5 Waynewood - 41.5 North Springfield
Waynewood,Week1,North Springfield,Week1,310.5 Waynewood - 40.5 North Springfield
Waynewood,Week5,Virginia Hills,Week2,377.0 Waynewood - 25.0 Virginia Hills
Woodley,Week1,Kings Ridge ,Week2,212.0 Woodley - 190.0 Kings Ridge
Waynewood,Week3,Virginia Hills,Week4,387.0 Waynewood - 15.0 Virginia Hills
Woodley,Week3,Virginia Hills,Week2,293.0 Woodley - 108.0 Virginia Hills
Woodley,Week4,Virginia Run,Week1,327.0 Virginia Run - 75.0 Woodley
Waynewood,Week1,Herndon,Week2,349.0 Waynewood - 53.0 Herndon
Waynewood,Week2,Virginia Hills,Week2,371.0 Waynewood - 31.0 Virginia Hills
Woodley,Week3,Springfield,Week2,322.0 Woodley - 78.0 Springfield
Woodley,Week3,Mantua,Week1,313.0 Mantua - 89.0 Woodley
Woodley,Week5,Mansion House,Week2,291.0 Mansion House - 110.0 Woodley
Woodley,Week2,Kings Ridge ,Week2,210.0 Woodley - 192.0 Kings Ridge
Waynewood,Week2,Hiddenbrook,Week3,300.0 Waynewood - 102.0 Hiddenbrook
Waynewood,Week4,Herndon,Week3,352.0 Waynewood - 50.0 Herndon
Woodley,Week3,Springfield,Week1,324.0 Woodley - 76.0 Springfield
Woodley,Week3,Virginia Hills,Week3,290.0 Woodley - 112.0 Virginia Hills
Woodley,Week1,Kings Ridge ,Week5,227.0 Kings Ridge - 175.0 Woodley
Woodley,Week2,Virginia Run,Week3,310.0 Virginia Run - 92.0 Woodley
Waynewood,Week5,Virginia Run,Week3,264.0 Waynewood - 138.0 Virginia Run
Woodley,Week2,Springfield,Week3,330.0 Woodley - 66.0 Springfield
Waynewood,Week5,Newington Forest,Week4,301.5 Waynewood - 100.5 Newington Forest
Waynewood,Week3,Hiddenbrook,Week4,301.0 Waynewood - 101.0 Hiddenbrook
Waynewood,Week3,Virginia Run,Week4,236.0 Waynewood - 166.0 Virginia Run
Woodley,Week5,Virginia Hills,Week1,286.0 Woodley - 115.0 Virginia Hills
Woodley,Week5,Mansion House,Week5,308.0 Mansion House - 94.0 Woodley
Woodley,Week5,Springfield,Week4,302.0 Woodley - 93.0 Springfield
Woodley,Week2,Kings Ridge ,Week5,228.0 Kings Ridge - 174.0 Woodley
Waynewood,Week1,Wakefield Chapel,Week3,271.5 Wakefield Chapel - 130.5 Waynewood
Waynewood,Week3,Hiddenbrook,Week3,298.0 Waynewood - 104.0 Hiddenbrook
Woodley,Week5,Springfield,Week2,326.0 Woodley - 69.0 Springfield
Waynewood,Week5,Herndon,Week5,369.0 Waynewood - 33.0 Herndon
Waynewood,Week2,Virginia Run,Week5,208.0 Virginia Run - 194.0 Waynewood
Woodley,Week1,Virginia Run,Week4,304.0 Virginia Run - 98.0 Woodley
Woodley,Week2,Kings Ridge ,Week3,216.0 Kings Ridge - 185.0 Woodley
Waynewood,Week1,North Springfield,Week3,307.0 Waynewood - 90.0 North Springfield
Woodley,Week2,Mansion House,Week4,287.5 Mansion House - 114.5 Woodley
Waynewood,Week4,Newington Forest,Week2,305.0 Waynewood - 96.0 Newington Forest
Waynewood,Week5,Newington Forest,Week5,295.0 Waynewood - 107.0 Newington Forest
Woodley,Week5,Wakefield Chapel,Week4,337.0 Wakefield Chapel - 65.0 Woodley
Woodley,Week5,Waynewood,Week4,314.0 Waynewood - 88.0 Woodley
Woodley,Week2,Walden Glen,Week2,243.0 Walden Glen - 158.0 Woodley
Woodley,Week2,Waynewood,Week1,302.5 Waynewood - 99.5 Woodley
Woodley,Week3,Wakefield Chapel,Week5,362.0 Wakefield Chapel - 40.0 Woodley
Woodley,Week5,Walden Glen,Week4,249.0 Walden Glen - 152.0 Woodley
Woodley,Week3,Walden Glen,Week4,262.0 Walden Glen - 139.0 Woodley
Woodley,Week3,Wakefield Chapel,Week4,360.0 Wakefield Chapel - 42.0 Woodley
Woodley,Week5,Woodley,Week2,217.0 Woodley (W1) - 184.0 Woodley (W2)
Woodley,Week1,Waynewood,Week3,341.0 Waynewood - 61.0 Woodley
Woodley,Week5,Waynewood,Week5,327.0 Waynewood - 75.0 Woodley
Woodley,Week5,Wakefield Chapel,Week1,334.0 Wakefield Chapel - 68.0 Woodley
Woodley,Week5,Wakefield Chapel,Week5,354.0 Wakefield Chapel - 48.0 Woodley
Woodley,Week5,Woodley,Week5,198.0 Woodley (W1) - 198.0 Woodley (W2)
Woodley,Week2,Waynewood,Week3,334.0 Waynewood - 68.0 Woodley
Woodley,Week3,Woodley,Week4,204.0 Woodley (W2) - 198.0 Woodley (W1)
Woodley,Week2,Waynewood,Week4,315.0 Waynewood - 87.0 Woodley
Woodley,Week3,Waynewood,Week2,317.0 Waynewood - 85.0 Woodley
Woodley,Week4,Waynewood,Week3,334.0 Waynewood - 68.0 Woodley
Woodley,Week4,Walden Glen,Week1,220.0 Walden Glen - 181.0 Woodley
Woodley,Week4,Wakefield Chapel,Week5,363.0 Wakefield Chapel - 39.0 Woodley
Woodley,Week3,Woodley,Week5,205.5 Woodley (W1) - 196.5 Woodley (W2)
Woodley,Week2,Woodley,Week4,211.5 Woodley (W2) - 190.5 Woodley (W1)
Woodley,Week2,Wakefield Chapel,Week4,347.0 Wakefield Chapel - 55.0 Woodley
Woodley,Week1,Wakefield Chapel,Week3,355.0 Wakefield Chapel - 47.0 Woodley
Woodley,Week3,Woodley,Week1,226.0 Woodley (W1) - 176.0 Woodley (W2)
Woodley,Week4,Wakefield Chapel,Week1,353.0 Wakefield Chapel - 49.0 Woodley
Woodley,Week1,Woodley,Week2,238.0 Woodley (W2) - 164.0 Woodley (W1)
Woodley,Week5,Walden Glen,Week1,208.0 Walden Glen - 194.0 Woodley
Woodley,Week1,Wakefield Chapel,Week2,348.0 Wakefield Chapel - 54.0 Woodley
Woodley,Week5,Waynewood,Week1,291.0 Waynewood - 111.0 Woodley
Woodley,Week1,Walden Glen,Week2,242.0 Walden Glen - 160.0 Woodley
Woodley,Week1,Walden Glen,Week5,274.0 Walden Glen - 128.0 Woodley
Woodley,Week4,Woodley,Week1,234.0 Woodley (W1) - 168.0 Woodley (W2)
Woodley,Week2,Woodley,Week2,200.5 Woodley (W1) - 200.5 Woodley (W2)
Woodley,Week4,Waynewood,Week1,302.0 Waynewood - 100.0 Woodley
Woodley,Week4,Walden Glen,Week3,259.0 Walden Glen - 143.0 Woodley
Woodley,Week3,Waynewood,Week4,322.0 Waynewood - 80.0 Woodley
Woodley,Week4,Wakefield Chapel,Week2,362.0 Wakefield Chapel - 40.0 Woodley
Woodley,Week2,Woodley,Week3,204.0 Woodley (W2) - 198.0 Woodley (W1)
Woodley,Week3,Waynewood,Week1,303.0 Waynewood - 99.0 Woodley
Woodley,Week5,Wakefield Chapel,Week3,348.0 Wakefield Chapel - 54.0 Woodley
Woodley,Week4,Wakefield Chapel,Week3,365.0 Wakefield Chapel - 32.0 Woodley
Woodley,Week1,Waynewood,Week2,314.0 Waynewood - 88.0 Woodley
Woodley,Week3,Walden Glen,Week1,216.0 Walden Glen - 186.0 Woodley
Woodley,Week2,Walden Glen,Week5,271.0 Walden Glen - 130.0 Woodley
Woodley,Week5,Waynewood,Week2,307.0 Waynewood - 95.0 Woodley
Woodley,Week5,Woodley,Week1,242.0 Woodley (W1) - 160.0 Woodley (W2)
Woodley,Week1,Walden Glen,Week4,263.0 Walden Glen - 139.0 Woodley
Woodley,Week4,Waynewood,Week4,313.0 Waynewood - 89.0 Woodley
Woodley,Week2,Wakefield Chapel,Week1,345.0 Wakefield Chapel - 57.0 Woodley
Woodley,Week4,Woodley,Week4,198.5 Woodley (W1) - 198.5 Woodley (W2)
Woodley,Week1,Woodley,Week3,226.0 Woodley (W2) - 176.0 Woodley (W1)
Woodley,Week5,Walden Glen,Week2,242.0 Walden Glen - 159.0 Woodley
Woodley,Week2,Wakefield Chapel,Week2,352.0 Wakefield Chapel - 50.0 Woodley
Woodley,Week3,Walden Glen,Week2,243.0 Walden Glen - 155.0 Woodley
Woodley,Week2,Walden Glen,Week4,261.0 Walden Glen - 140.0 Woodley
Woodley,Week4,Wakefield Chapel,Week4,359.0 Wakefield Chapel - 43.0 Woodley
Woodley,Week2,Waynewood,Week2,314.5 Waynewood - 87.5 Woodley
Woodley,Week5,Wakefield Chapel,Week2,344.5 Wakefield Chapel - 57.5 Woodley
Woodley,Week1,Woodley,Week1,200.5 Woodley (W1) - 200.5 Woodley (W2)
Woodley,Week1,Wakefield Chapel,Week4,350.0 Wakefield Chapel - 52.0 Woodley
Woodley,Week1,Walden Glen,Week1,226.0 Walden Glen - 176.0 Woodley
Woodley,Week3,Walden Glen,Week5,262.0 Walden Glen - 139.0 Woodley
Woodley,Week3,Woodley,Week3,200.5 Woodley (W1) - 200.5 Woodley (W2)
Woodley,Week3,Waynewood,Week5,348.0 Waynewood - 54.0 Woodley
Woodley,Week1,Waynewood,Week1,309.0 Waynewood - 93.0 Woodley
Woodley,Week2,Walden Glen,Week1,229.0 Walden Glen - 173.0 Woodley
Woodley,Week1,Waynewood,Week5,347.0 Waynewood - 55.0 Woodley
Woodley,Week3,Woodley,Week2,204.0 Woodley (W1) - 198.0 Woodley (W2)
Woodley,Week4,Woodley,Week5,211.0 Woodley (W2) - 191.0 Woodley (W1)
Woodley,Week4,Walden Glen,Week4,264.0 Walden Glen - 133.0 Woodley
Woodley,Week3,Wakefield Chapel,Week2,360.5 Wakefield Chapel - 41.5 Woodley
Woodley,Week5,Woodley,Week3,205.5 Woodley (W2) - 196.5 Woodley (W1)
Woodley,Week5,Waynewood,Week3,331.0 Waynewood - 71.0 Woodley
Woodley,Week4,Walden Glen,Week5,276.0 Walden Glen - 126.0 Woodley
Woodley,Week1,Woodley,Week4,234.0 Woodley (W2) - 168.0 Woodley (W1)
Woodley,Week2,Walden Glen,Week3,256.0 Walden Glen - 146.0 Woodley
Woodley,Week4,Woodley,Week3,204.0 Woodley (W1) - 198.0 Woodley (W2)
Woodley,Week5,Woodley,Week4,211.0 Woodley (W1) - 191.0 Woodley (W2)
Woodley,Week1,Woodley,Week5,242.0 Woodley (W2) - 160.0 Woodley (W1)
Woodley,Week3,Walden Glen,Week3,249.0 Walden Glen - 152.0 Woodley
Woodley,Week2,Wakefield Chapel,Week3,356.0 Wakefield Chapel - 46.0 Woodley
Woodley,Week1,Wakefield Chapel,Week5,360.0 Wakefield Chapel - 42.0 Woodley
Woodley,Week2,Wakefield Chapel,Week5,359.0 Wakefield Chapel - 43.0 Woodley
Woodley,Week4,Woodley,Week2,211.5 Woodley (W1) - 190.5 Woodley (W2)
Woodley,Week5,Walden Glen,Week3,231.5 Walden Glen - 170.5 Woodley
Woodley,Week3,Wakefield Chapel,Week1,349.0 Wakefield Chapel - 53.0 Woodley
Woodley,Week1,Wakefield Chapel,Week1,344.0 Wakefield Chapel - 58.0 Woodley
Woodley,Week3,Waynewood,Week3,338.5 Waynewood - 63.5 Woodley
Woodley,Week4,Walden Glen,Week2,260.5 Walden Glen - 141.5 Woodley
Woodley,Week2,Waynewood,Week5,339.0 Waynewood - 63.0 Woodley
Woodley,Week2,Woodley,Week5,217.0 Woodley (W2) - 184.0 Woodley (W1)
Woodley,Week5,Walden Glen,Week5,260.0 Walden Glen - 141.0 Woodley
Woodley,Week3,Wakefield Chapel,Week3,362.0 Wakefield Chapel - 40.0 Woodley
Woodley,Week4,Waynewood,Week5,345.0 Waynewood - 57.0 Woodley
Woodley,Week2,Woodley,Week1,238.0 Woodley (W1) - 164.0 Woodley (W2)
Woodley,Week1,Waynewood,Week4,320.0 Waynewood - 82.0 Woodley
Woodley,Week1,Walden Glen,Week3,250.0 Walden Glen - 152.0 Woodley
Woodley,Week4,Waynewood,Week2,315.0 Waynewood - 87.0 Woodley
